1.000000000000000000e+00 0.000000000000000000e+00 0.000000000000000000e+00 0.000000000000000000e+00 0.000000000000000000e+00 1.000000000000000000e+00 0.000000000000000000e+00 0.000000000000000000e+00 0.000000000000000000e+00 0.000000000000000000e+00 1.000000000000000000e+00 0.000000000000000000e+00
9.999970000000000248e-01 -2.216560900000000105e-03 -1.297799999999999995e-03 5.545229999999999951e-03 2.220000900000000058e-03 9.999940000000000495e-01 2.653420499999999821e-03 -3.047890699999999953e-02 1.291910000000000064e-03 -2.656289100000000080e-03 9.999959999999999960e-01 1.528980000000000006e+00
9.999919999999999920e-01 -2.999790899999999882e-03 -2.814609999999999942e-03 5.678610100000000202e-03 3.009700900000000009e-03 9.999890000000000168e-01 3.523380500000000172e-03 -6.014310600000000173e-02 2.804010000000000009e-03 -3.531829099999999819e-03 9.999900000000000455e-01 3.052410000000000068e+00
9.999890000000000168e-01 -2.117730899999999833e-03 -4.190639999999999817e-03 3.300330099999999791e-03 2.130820900000000157e-03 9.999930000000000208e-01 3.121810500000000207e-03 -8.841570499999999722e-02 4.184000000000000219e-03 -3.130709100000000217e-03 9.999860000000000415e-01 4.566320000000000157e+00
9.999829999999999552e-01 -1.510090900000000047e-03 -5.625820000000000126e-03 -6.591299899999999989e-03 1.527910900000000035e-03 9.999940000000000495e-01 3.164540500000000145e-03 -1.107780000000000015e-01 5.621000000000000128e-03 -3.173079100000000125e-03 9.999789999999999512e-01 6.079419999999999824e+00
9.999749999999999472e-01 -1.607720900000000072e-03 -6.906429999999999861e-03 -1.834540000000000129e-02 1.632700900000000040e-03 9.999919999999999920e-01 3.612300499999999883e-03 -1.315359999999999863e-01 6.900569999999999968e-03 -3.623489100000000171e-03 9.999700000000000255e-01 7.615300000000000402e+00
9.999630000000000463e-01 -1.717900899999999943e-03 -8.495600000000000721e-03 -3.159959999999999852e-02 1.750110899999999907e-03 9.999909999999999632e-01 3.785070499999999925e-03 -1.531039999999999901e-01 8.489029999999999840e-03 -3.799789100000000065e-03 9.999569999999999848e-01 9.099119999999999209e+00
9.999409999999999688e-01 -3.510420900000000080e-03 -1.026709999999999949e-02 -4.466230000000000200e-02 3.540700899999999797e-03 9.999900000000000455e-01 2.931780499999999887e-03 -1.745690000000000019e-01 1.025670000000000054e-02 -2.967969100000000023e-03 9.999430000000000263e-01 1.059929999999999950e+01
9.999219999999999775e-01 -4.683820899999999871e-03 -1.162000000000000012e-02 -6.176159999999999983e-02 4.721500899999999876e-03 9.999839999999999840e-01 3.217230499999999913e-03 -1.892949999999999910e-01 1.160480000000000018e-02 -3.271839099999999945e-03 9.999280000000000390e-01 1.209420000000000073e+01
9.999059999999999615e-01 -4.716860899999999676e-03 -1.289339999999999931e-02 -8.174589999999999634e-02 4.760070899999999799e-03 9.999829999999999552e-01 3.322670499999999961e-03 -2.061179999999999957e-01 1.287750000000000006e-02 -3.383729099999999851e-03 9.999120000000000230e-01 1.358740000000000059e+01
9.998930000000000318e-01 -4.192060899999999930e-03 -1.406420000000000066e-02 -1.075509999999999938e-01 4.234000899999999790e-03 9.999869999999999592e-01 2.953510500000000073e-03 -2.253130000000000133e-01 1.405159999999999916e-02 -3.012749099999999930e-03 9.998970000000000358e-01 1.507590000000000074e+01
9.998909999999999743e-01 -2.582830899999999808e-03 -1.454689999999999976e-02 -1.381010000000000015e-01 2.635230899999999998e-03 9.999900000000000455e-01 3.584110499999999897e-03 -2.497330000000000105e-01 1.453750000000000007e-02 -3.622049100000000049e-03 9.998879999999999990e-01 1.656040000000000134e+01
9.998869999999999703e-01 -1.008900899999999948e-03 -1.499699999999999991e-02 -1.724999999999999867e-01 1.073480900000000010e-03 9.999900000000000455e-01 4.298610500000000188e-03 -2.728999999999999759e-01 1.499250000000000062e-02 -4.314219099999999814e-03 9.998789999999999623e-01 1.804279999999999973e+01
9.998789999999999623e-01 2.362676900000000073e-05 -1.557739999999999993e-02 -2.055899999999999950e-01 5.596593800000000294e-05 9.999869999999999592e-01 5.108940499999999919e-03 -2.964559999999999973e-01 1.557730000000000052e-02 -5.109189099999999692e-03 9.998660000000000325e-01 1.951640000000000086e+01
9.998719999999999830e-01 2.846026900000000112e-05 -1.602119999999999933e-02 -2.384370000000000100e-01 5.662163900000000014e-05 9.999860000000000415e-01 5.310040499999999983e-03 -3.140620000000000078e-01 1.602109999999999992e-02 -5.310269099999999874e-03 9.998580000000000245e-01 2.098969999999999914e+01
9.998629999999999463e-01 4.972690699999999901e-04 -1.653090000000000115e-02 -2.676450000000000218e-01 -4.079430599999999980e-04 9.999860000000000415e-01 5.406560500000000095e-03 -3.289079999999999782e-01 1.653330000000000077e-02 -5.399079099999999805e-03 9.998489999999999878e-01 2.245159999999999911e+01
9.998620000000000285e-01 1.179229099999999988e-03 -1.657789999999999958e-02 -2.976030000000000064e-01 -1.080279099999999996e-03 9.999820000000000375e-01 5.976990500000000338e-03 -3.424860000000000126e-01 1.658470000000000083e-02 -5.958259100000000072e-03 9.998449999999999838e-01 2.390869999999999962e+01
9.998609999999999998e-01 2.113719100000000049e-03 -1.655749999999999930e-02 -3.285420000000000007e-01 -1.996059100000000149e-03 9.999730000000000008e-01 7.119600499999999971e-03 -3.577299999999999924e-01 1.657209999999999933e-02 -7.085559100000000422e-03 9.998380000000000045e-01 2.536100000000000065e+01
9.998609999999999998e-01 2.444939100000000174e-03 -1.650729999999999906e-02 -3.583160000000000234e-01 -2.341399100000000118e-03 9.999770000000000048e-01 6.289160499999999973e-03 -3.714330000000000132e-01 1.652230000000000018e-02 -6.249639100000000010e-03 9.998439999999999550e-01 2.680199999999999960e+01
9.998609999999999998e-01 2.840569099999999854e-03 -1.644980000000000053e-02 -3.881620000000000070e-01 -2.781109099999999959e-03 9.999890000000000168e-01 3.636260499999999837e-03 -3.917649899999999796e-01 1.645999999999999894e-02 -3.590009099999999943e-03 9.998580000000000245e-01 2.823509999999999920e+01
9.998690000000000078e-01 1.245729099999999924e-03 -1.617009999999999975e-02 -4.157859999999999889e-01 -1.188219099999999941e-03 9.999930000000000208e-01 3.565360499999999794e-03 -4.142689900000000036e-01 1.617450000000000138e-02 -3.545679099999999966e-03 9.998629999999999463e-01 2.966059999999999874e+01
9.998730000000000118e-01 2.898920699999999731e-04 -1.591630000000000128e-02 -4.430220000000000269e-01 -1.893540600000000076e-04 9.999799999999999800e-01 6.317690499999999675e-03 -4.367249899999999796e-01 1.591779999999999931e-02 -6.313879100000000140e-03 9.998540000000000205e-01 3.108200000000000074e+01
9.998749999999999583e-01 -1.377170899999999917e-03 -1.576239999999999933e-02 -4.682220000000000271e-01 1.502060900000000030e-03 9.999679999999999680e-01 7.914370500000000169e-03 -4.557759900000000197e-01 1.575100000000000111e-02 -7.937059099999999381e-03 9.998449999999999838e-01 3.249340000000000117e+01
9.998770000000000158e-01 -2.360200900000000105e-03 -1.553279999999999939e-02 -4.942329999999999779e-01 2.471200900000000093e-03 9.999719999999999720e-01 7.131000499999999923e-03 -4.697679900000000242e-01 1.551559999999999918e-02 -7.168509099999999593e-03 9.998540000000000205e-01 3.388790000000000191e+01
9.998829999999999663e-01 -2.259620899999999818e-03 -1.513880000000000087e-02 -5.237239999999999673e-01 2.342010900000000145e-03 9.999829999999999552e-01 5.426550500000000207e-03 -4.866269899999999815e-01 1.512630000000000051e-02 -5.461379100000000181e-03 9.998709999999999543e-01 3.527199999999999847e+01
9.998939999999999495e-01 -1.462570899999999932e-03 -1.452200000000000019e-02 -5.557809999999999695e-01 1.524810900000000014e-03 9.999900000000000455e-01 4.275340499999999606e-03 -5.049759900000000412e-01 1.451560000000000003e-02 -4.297039100000000361e-03 9.998860000000000525e-01 3.663969999999999771e+01
9.999069999999999903e-01 -7.669639300000000333e-04 -1.364079999999999980e-02 -5.843080000000000496e-01 8.182139399999999651e-04 9.999930000000000208e-01 3.751600500000000071e-03 -5.261239899999999858e-01 1.363789999999999968e-02 -3.762419099999999954e-03 9.999000000000000110e-01 3.799589999999999890e+01
9.999219999999999775e-01 -2.105989299999999891e-04 -1.251820000000000016e-02 -6.124089999999999812e-01 2.660989400000000242e-04 9.999900000000000455e-01 4.431850499999999936e-03 -5.472639900000000335e-01 1.251719999999999916e-02 -4.434829099999999975e-03 9.999120000000000230e-01 3.933010000000000161e+01
9.999400000000000510e-01 4.426540699999999989e-04 -1.093380000000000046e-02 -6.368439999999999657e-01 -3.693150599999999741e-04 9.999780000000000335e-01 6.708220499999999718e-03 -5.678339900000000107e-01 1.093659999999999945e-02 -6.703779099999999588e-03 9.999179999999999735e-01 4.065390000000000015e+01
9.999569999999999848e-01 -1.582149299999999973e-04 -9.297319999999999543e-03 -6.579669999999999686e-01 2.313169400000000039e-04 9.999689999999999968e-01 7.861810500000000063e-03 -5.866809899999999578e-01 9.295799999999999896e-03 -7.863629100000000052e-03 9.999259999999999815e-01 4.195709999999999695e+01
9.999749999999999472e-01 1.851520699999999967e-04 -7.034819999999999789e-03 -6.755109999999999726e-01 -1.264270699999999923e-04 9.999649999999999928e-01 8.346390500000000143e-03 -6.042989899999999803e-01 7.036129999999999815e-03 -8.345299100000000067e-03 9.999409999999999688e-01 4.323949999999999960e+01
9.999930000000000208e-01 1.765240699999999973e-04 -3.665330000000000064e-03 -6.892230000000000301e-01 -1.464050699999999965e-04 9.999660000000000215e-01 8.215630499999999545e-03 -6.210629899999999814e-01 3.666659999999999971e-03 -8.215049099999999910e-03 9.999599999999999600e-01 4.450280000000000058e+01
1.000000000000000000e+00 -6.594639299999999682e-04 -3.892832000000000272e-06 -6.966520000000000490e-01 6.594809300000000190e-04 9.999820000000000375e-01 6.051670500000000050e-03 -6.384349900000000355e-01 -9.288609600000000618e-08 -6.051689100000000321e-03 9.999820000000000375e-01 4.574410000000000309e+01
9.999940000000000495e-01 -9.712049300000000045e-04 3.451039999999999837e-03 -6.994320000000000537e-01 9.559579299999999792e-04 9.999900000000000455e-01 4.418720499999999850e-03 -6.562529900000000360e-01 -3.455290000000000184e-03 -4.415399100000000007e-03 9.999850000000000128e-01 4.697740000000000293e+01
9.999719999999999720e-01 -5.439439300000000442e-04 7.482059999999999579e-03 -7.041140000000000176e-01 5.065069299999999620e-04 9.999869999999999592e-01 5.005310500000000398e-03 -6.682979900000000084e-01 -7.484689999999999573e-03 -5.001389099999999782e-03 9.999599999999999600e-01 4.819769999999999754e+01
9.999190000000000023e-01 -1.244139300000000003e-04 1.275049999999999968e-02 -7.019069999999999476e-01 6.009262500000000303e-05 9.999869999999999592e-01 5.045230500000000111e-03 -6.821159900000000054e-01 -1.275090000000000078e-02 -5.044059099999999643e-03 9.999059999999999615e-01 4.940729999999999933e+01
9.998129999999999518e-01 1.326809100000000009e-03 1.930849999999999927e-02 -6.952439999999999731e-01 -1.403959100000000014e-03 9.999909999999999632e-01 3.983040499999999928e-03 -6.941009799999999785e-01 -1.930300000000000071e-02 -4.009409099999999837e-03 9.998059999999999725e-01 5.060549999999999926e+01
9.996390000000000553e-01 2.872699099999999860e-03 2.671460000000000154e-02 -6.813810000000000144e-01 -2.972819099999999843e-03 9.999890000000000168e-01 3.708930500000000210e-03 -7.063489800000000152e-01 -2.670370000000000035e-02 -3.787009100000000069e-03 9.996359999999999690e-01 5.179120000000000346e+01
9.993760000000000421e-01 3.879219100000000191e-03 3.509639999999999982e-02 -6.533459999999999823e-01 -4.059539099999999630e-03 9.999789999999999512e-01 5.068160500000000110e-03 -7.170719800000000532e-01 -3.507600000000000301e-02 -5.207479099999999701e-03 9.993710000000000093e-01 5.296869999999999834e+01
9.989559999999999551e-01 6.110899099999999966e-03 4.527060000000000112e-02 -6.160229999999999873e-01 -6.366079099999999782e-03 9.999649999999999928e-01 5.494980499999999740e-03 -7.277469800000000433e-01 -4.523540000000000200e-02 -5.777439100000000133e-03 9.989599999999999591e-01 5.413289999999999935e+01
9.982710000000000194e-01 8.408179099999999601e-03 5.818159999999999998e-02 -5.672399999999999665e-01 -8.749039099999999722e-03 9.999460000000000015e-01 5.606320500000000311e-03 -7.346049799999999630e-01 -5.813139999999999974e-02 -6.105659099999999860e-03 9.982910000000000394e-01 5.528110000000000213e+01
9.972860000000000058e-01 1.047009900000000007e-02 7.287430000000000296e-02 -5.012339999999999574e-01 -1.094479899999999985e-02 9.999219999999999775e-01 6.118510500000000352e-03 -7.440909799999999574e-01 -7.280449999999999422e-02 -6.899509100000000318e-03 9.973229999999999595e-01 5.641219999999999857e+01
9.959400000000000475e-01 1.281609899999999920e-02 8.910189999999999777e-02 -4.196119999999999850e-01 -1.351089899999999983e-02 9.998829999999999663e-01 7.198770499999999906e-03 -7.521079800000000093e-01 -8.899920000000000053e-02 -8.373399099999999720e-03 9.959970000000000212e-01 5.753110000000000213e+01
9.942039999999999766e-01 1.305369900000000020e-02 1.067189999999999944e-01 -3.135830000000000006e-01 -1.405399899999999931e-02 9.998639999999999750e-01 8.626870599999999362e-03 -7.606129799999999941e-01 -1.065920000000000062e-01 -1.007669899999999973e-02 9.942520000000000246e-01 5.864030000000000342e+01
9.919860000000000344e-01 1.272709900000000040e-02 1.257040000000000102e-01 -1.872030000000000083e-01 -1.384519900000000074e-02 9.998719999999999830e-01 8.024610600000000801e-03 -7.693369799999999481e-01 -1.255860000000000032e-01 -9.700699099999999728e-03 9.920360000000000289e-01 5.973179999999999978e+01
9.892360000000000042e-01 1.185979900000000073e-02 1.458490000000000064e-01 -4.098729899999999787e-02 -1.297219900000000023e-02 9.998939999999999495e-01 6.678590600000000078e-03 -7.767519800000000085e-01 -1.457539999999999947e-01 -8.498689099999999844e-03 9.892849999999999699e-01 6.080769999999999698e+01
9.859850000000000003e-01 9.296549100000000773e-03 1.665770000000000028e-01 1.299170000000000047e-01 -1.044259900000000033e-02 9.999280000000000390e-01 6.005320599999999960e-03 -7.861959800000000165e-01 -1.665089999999999903e-01 -7.660649099999999878e-03 9.860109999999999708e-01 6.186880000000000024e+01
9.821170000000000178e-01 3.986259100000000277e-03 1.882290000000000074e-01 3.306069999999999842e-01 -5.622149199999999965e-03 9.999510000000000343e-01 8.157860600000000489e-03 -7.967769799999999680e-01 -1.881869999999999932e-01 -9.070229100000000433e-03 9.820919999999999650e-01 6.291349999999999909e+01
9.774840000000000195e-01 -1.511350899999999936e-03 2.110059999999999991e-01 5.556919999999999638e-01 -6.245451900000000044e-04 9.999500000000000055e-01 1.005540100000000027e-02 -8.055709800000000476e-01 -2.110100000000000031e-01 -9.960809100000000624e-03 9.774340000000000250e-01 6.394149999999999778e+01
9.720790000000000264e-01 -6.680060899999999691e-03 2.345609999999999917e-01 8.085809999999999942e-01 4.550230799999999999e-03 9.999440000000000550e-01 9.620090700000000217e-03 -8.092959800000000259e-01 -2.346119999999999872e-01 -8.284189100000000430e-03 9.720539999999999736e-01 6.495000000000000284e+01
9.657090000000000396e-01 -1.310990100000000019e-02 2.592990000000000017e-01 1.083690000000000042e+00 1.151870099999999925e-02 9.999050000000000438e-01 7.654840700000000234e-03 -8.124809800000000193e-01 -2.593739999999999934e-01 -4.405549100000000391e-03 9.657679999999999598e-01 6.593609999999999616e+01
9.583509999999999529e-01 -1.708070100000000022e-02 2.850820000000000021e-01 1.384770000000000056e+00 1.548390099999999957e-02 9.998489999999999878e-01 7.854370700000000080e-03 -8.119499799999999601e-01 -2.851730000000000098e-01 -3.113059100000000086e-03 9.584719999999999906e-01 6.690540000000000020e+01
9.498790000000000289e-01 -1.984540099999999863e-02 3.119870000000000143e-01 1.702700000000000102e+00 1.748290099999999861e-02 9.997939999999999605e-01 1.036800099999999995e-02 -8.172239700000000218e-01 -3.121289999999999898e-01 -4.393929100000000011e-03 9.500300000000000411e-01 6.785809999999999320e+01
9.403209999999999624e-01 -2.409130099999999899e-02 3.394360000000000155e-01 2.053170000000000162e+00 2.068820099999999981e-02 9.996930000000000538e-01 1.364140099999999918e-02 -8.191549700000000378e-01 -3.396600000000000175e-01 -5.804959099999999761e-03 9.405310000000000059e-01 6.879380000000000450e+01
9.295790000000000441e-01 -2.778490100000000074e-02 3.675760000000000138e-01 2.426489999999999814e+00 2.458320099999999897e-02 9.996089999999999698e-01 1.339050100000000083e-02 -8.208939699999999728e-01 -3.678040000000000198e-01 -3.411399099999999889e-03 9.298980000000000024e-01 6.970499999999999829e+01
9.176710000000000145e-01 -2.712890100000000040e-02 3.964159999999999906e-01 2.817009999999999792e+00 2.531750099999999920e-02 9.996319999999999650e-01 9.802350799999999878e-03 -8.219179699999999977e-01 -3.965359999999999996e-01 1.040930899999999897e-03 9.180199999999999472e-01 7.059139999999999304e+01
9.046669999999999989e-01 -2.840020099999999992e-02 4.251739999999999964e-01 3.233019999999999783e+00 2.932110099999999872e-02 9.995610000000000328e-01 4.379110799999999699e-03 -8.249089699999999636e-01 -4.251110000000000166e-01 8.504930900000000696e-03 9.051019999999999621e-01 7.145619999999999550e+01
8.906340000000000368e-01 -3.046070099999999975e-02 4.536999999999999922e-01 3.675549999999999873e+00 3.341450099999999923e-02 9.994410000000000238e-01 1.506610800000000080e-03 -8.302429700000000246e-01 -4.534920000000000062e-01 1.381830099999999985e-02 8.911550000000000304e-01 7.230410000000000537e+01
8.751419999999999755e-01 -3.178210100000000010e-02 4.828230000000000022e-01 4.143099999999999561e+00 3.374820099999999851e-02 9.994199999999999751e-01 4.616960899999999687e-03 -8.353089700000000395e-01 -4.826900000000000079e-01 1.225390099999999934e-02 8.757070000000000132e-01 7.313679999999999382e+01
8.576470000000000482e-01 -3.099970100000000103e-02 5.133050000000000113e-01 4.632679999999999687e+00 2.980460100000000001e-02 9.995000000000000551e-01 1.056360100000000059e-02 -8.416399700000000150e-01 -5.133760000000000545e-01 6.239030900000000317e-03 8.581419999999999604e-01 7.395659999999999457e+01
8.382650000000000379e-01 -3.111990099999999843e-02 5.443759999999999710e-01 5.147170000000000023e+00 2.706240099999999982e-02 9.995150000000000423e-01 1.546610099999999946e-02 -8.471549699999999516e-01 -5.445929999999999938e-01 1.767450899999999927e-03 8.387000000000000011e-01 7.474630000000000507e+01
8.173070000000000057e-01 -2.571330100000000091e-02 5.756289999999999463e-01 5.681630000000000180e+00 2.406559999999999949e-02 9.996559999999999890e-01 1.048490099999999960e-02 -8.492229700000000214e-01 -5.756999999999999895e-01 5.283470900000000053e-03 8.176449999999999552e-01 7.550799999999999557e+01
7.955259999999999554e-01 -1.893850099999999995e-02 6.056249999999999689e-01 6.240560000000000329e+00 2.134120000000000114e-02 9.997669999999999613e-01 3.230710899999999792e-03 -8.500429699999999533e-01 -6.055449999999999999e-01 1.035460099999999974e-02 7.957450000000000356e-01 7.624330000000000496e+01
7.731900000000000439e-01 -1.619460099999999944e-02 6.339690000000000047e-01 6.825109999999999566e+00 2.047670000000000046e-02 9.997909999999999853e-01 5.660049500000000500e-04 -8.536869700000000449e-01 -6.338449999999999918e-01 1.254400100000000080e-02 7.733590000000000186e-01 7.695010000000000616e+01
7.500719999999999610e-01 -1.906810100000000049e-02 6.610829999999999762e-01 7.440859999999999808e+00 2.188779999999999892e-02 9.997530000000000028e-01 4.002501000000000322e-03 -8.610239600000000326e-01 -6.609949999999999992e-01 1.146750099999999974e-02 7.503039999999999710e-01 7.763630000000000564e+01
7.258270000000000000e-01 -1.929990100000000125e-02 6.876079999999999970e-01 8.072929999999999495e+00 2.110120000000000051e-02 9.997610000000000108e-01 5.787500999999999583e-03 -8.726629599999999876e-01 -6.875550000000000272e-01 1.030860100000000057e-02 7.260609999999999564e-01 7.829420000000000357e+01
7.006280000000000285e-01 -1.802850099999999886e-02 7.133000000000000451e-01 8.719889999999999475e+00 2.264220000000000121e-02 9.997399999999999620e-01 3.028210999999999837e-03 -8.810959600000000114e-01 -7.131680000000000241e-01 1.402900099999999928e-02 7.008539999999999770e-01 7.891710000000000491e+01
6.745839999999999614e-01 -1.558360100000000074e-02 7.380349999999999966e-01 9.389060000000000628e+00 2.286049999999999888e-02 9.997390000000000443e-01 2.143439999999999929e-04 -8.873519600000000507e-01 -7.378449999999999731e-01 1.672720100000000057e-02 6.747640000000000304e-01 7.951869999999999550e+01
6.477220000000000200e-01 -1.318650099999999978e-02 7.617639999999999967e-01 1.007649999999999935e+01 2.081710000000000158e-02 9.997840000000000060e-01 -3.938809899999999912e-04 -8.958819599999999772e-01 -7.615939999999999932e-01 1.611280099999999951e-02 6.478559999999999874e-01 8.009510000000000218e+01
6.200160000000000116e-01 -1.215830099999999983e-02 7.844959999999999711e-01 1.078960000000000008e+01 2.116919999999999913e-02 9.997759999999999980e-01 -1.236059000000000073e-03 -9.080079599999999473e-01 -7.843050000000000299e-01 1.737350099999999953e-02 6.201339999999999630e-01 8.064910000000000423e+01
5.915730000000000155e-01 -6.079230899999999577e-03 8.062289999999999734e-01 1.151919999999999966e+01 2.021680000000000005e-02 9.997700000000000475e-01 -7.295539000000000190e-03 -9.223819599999999452e-01 -8.059990000000000210e-01 2.061520099999999966e-02 5.915599999999999747e-01 8.117770000000000152e+01
5.617950000000000443e-01 3.063669099999999802e-03 8.272709999999999786e-01 1.226249999999999929e+01 1.891100000000000073e-02 9.996850000000000458e-01 -1.654449900000000070e-02 -9.563569600000000337e-01 -8.270619999999999639e-01 2.493920100000000112e-02 5.615599999999999481e-01 8.169280000000000541e+01
5.312259999999999760e-01 1.149459899999999944e-02 8.471530000000000449e-01 1.302950000000000053e+01 1.835399999999999879e-02 9.995180000000000176e-01 -2.507119899999999887e-02 -1.002550000000000052e+00 -8.470330000000000359e-01 2.886710099999999918e-02 5.307579999999999520e-01 8.219729999999999848e+01
4.997240000000000015e-01 1.654439900000000130e-02 8.660280000000000200e-01 1.381869999999999976e+01 1.612950000000000148e-02 9.994669999999999943e-01 -2.840079900000000088e-02 -1.057169999999999943e+00 -8.660360000000000280e-01 2.816110100000000088e-02 4.991909999999999958e-01 8.268089999999999407e+01
4.674449999999999994e-01 1.606399899999999895e-02 8.838770000000000238e-01 1.463230000000000075e+01 1.383140000000000064e-02 9.995800000000000241e-01 -2.548169900000000002e-02 -1.104360000000000008e+00 -8.839150000000000063e-01 2.413660100000000058e-02 4.670270000000000254e-01 8.312470000000000425e+01
4.346119999999999983e-01 1.443689899999999957e-02 9.005030000000000534e-01 1.546550000000000047e+01 9.414280000000000564e-03 9.997449999999999948e-01 -2.057149900000000003e-02 -1.155259999999999954e+00 -9.005699999999999816e-01 1.741820100000000121e-02 4.343650000000000011e-01 8.354999999999999716e+01
4.005029999999999979e-01 1.533259900000000057e-02 9.161679999999999824e-01 1.631169999999999831e+01 5.408999900000000145e-03 9.998040000000000260e-01 -1.909679900000000111e-02 -1.196720000000000006e+00 -9.162810000000000121e-01 1.260390100000000069e-02 4.003419999999999757e-01 8.393139999999999645e+01
3.654490000000000238e-01 1.830049900000000132e-02 9.306529999999999525e-01 1.717790000000000106e+01 -1.274560099999999920e-03 9.998160000000000380e-01 -1.916009899999999988e-02 -1.238089999999999913e+00 -9.308319999999999927e-01 5.815860899999999827e-03 3.654049999999999798e-01 8.429349999999999454e+01
3.297720000000000096e-01 2.049199900000000032e-02 9.438389999999999835e-01 1.805959999999999965e+01 -6.683310100000000066e-03 9.997909999999999853e-01 -1.937169899999999917e-02 -1.272899999999999920e+00 -9.440380000000000438e-01 8.024693200000000671e-05 3.298389999999999933e-01 8.461799999999999500e+01
2.937389999999999723e-01 1.965409900000000126e-02 9.556839999999999780e-01 1.896109999999999829e+01 -9.575890199999999297e-03 9.998000000000000220e-01 -1.761819900000000105e-02 -1.307670000000000110e+00 -9.558389999999999942e-01 -3.976389099999999913e-03 2.938680000000000181e-01 8.490479999999999450e+01
2.576419999999999821e-01 1.930219899999999905e-02 9.660490000000000466e-01 1.987740000000000151e+01 -1.037820000000000062e-02 9.997989999999999933e-01 -1.720869900000000091e-02 -1.348909899999999995e+00 -9.661859999999999893e-01 -5.592129099999999971e-03 2.577900000000000191e-01 8.515609999999999502e+01
2.218859999999999999e-01 1.848729899999999871e-02 9.748980000000000423e-01 2.080969999999999942e+01 -9.759980200000000633e-03 9.998129999999999518e-01 -1.673839900000000103e-02 -1.404709900000000067e+00 -9.750250000000000306e-01 -5.800959100000000097e-03 2.220250000000000001e-01 8.537479999999999336e+01
1.866210000000000091e-01 1.758729900000000068e-02 9.822750000000000092e-01 2.175240000000000151e+01 -7.833600300000000127e-03 9.998350000000000293e-01 -1.641349900000000153e-02 -1.457599899999999948e+00 -9.824019999999999975e-01 -4.631649100000000303e-03 1.867280000000000051e-01 8.555349999999999966e+01
1.521309999999999885e-01 1.578909900000000088e-02 9.882349999999999746e-01 2.270560000000000045e+01 -3.459533199999999947e-04 9.998740000000000405e-01 -1.592179900000000037e-02 -1.503439900000000051e+00 -9.883610000000000451e-01 2.080310900000000018e-03 1.521170000000000022e-01 8.569389999999999930e+01
1.185950000000000060e-01 1.900269900000000137e-02 9.927620000000000333e-01 2.365960000000000107e+01 3.323939599999999918e-03 9.998040000000000260e-01 -1.953449900000000031e-02 -1.552789900000000056e+00 -9.929379999999999873e-01 5.616570900000000290e-03 1.185090000000000032e-01 8.579989999999999384e+01
8.601330000000000087e-02 2.479969900000000144e-02 9.959860000000000380e-01 2.461870000000000047e+01 3.737319600000000002e-03 9.996760000000000090e-01 -2.521429899999999905e-02 -1.595509899999999925e+00 -9.962879999999999514e-01 5.891070899999999860e-03 8.589270000000000238e-02 8.588339999999999463e+01
5.671299999999999952e-02 2.839989899999999928e-02 9.979869999999999575e-01 2.558139999999999858e+01 1.044169999999999994e-02 9.995239999999999680e-01 -2.903699900000000084e-02 -1.654379899999999903e+00 -9.983370000000000299e-01 1.206750099999999958e-02 5.638950000000000212e-02 8.593110000000000070e+01
3.109850000000000114e-02 2.797699899999999892e-02 9.991250000000000409e-01 2.655180000000000007e+01 1.331689999999999957e-02 9.995089999999999808e-01 -2.840219899999999950e-02 -1.704039899999999941e+00 -9.994279999999999831e-01 1.418850099999999920e-02 3.071070000000000050e-02 8.595310000000000628e+01
8.596140000000000378e-03 2.404889899999999858e-02 9.996749999999999803e-01 2.753280000000000172e+01 1.424010000000000033e-02 9.996070000000000233e-01 -2.416969899999999935e-02 -1.757649900000000098e+00 -9.998629999999999463e-01 1.444330100000000040e-02 8.250320000000000223e-03 8.596040000000000703e+01
-1.048130000000000069e-02 2.084129900000000063e-02 9.997289999999999788e-01 2.851569999999999894e+01 1.453109999999999992e-02 9.996810000000000418e-01 -2.068799899999999858e-02 -1.803489899999999979e+00 -9.998399999999999510e-01 1.431030099999999923e-02 -1.078080000000000011e-02 8.594689999999999941e+01
-2.694730000000000042e-02 2.372389899999999968e-02 9.993560000000000221e-01 2.949429999999999907e+01 1.646260000000000084e-02 9.995939999999999825e-01 -2.328559900000000057e-02 -1.868599899999999980e+00 -9.995020000000000016e-01 1.582450100000000123e-02 -2.732679999999999831e-02 8.591759999999999309e+01
-4.167010000000000158e-02 2.945359900000000045e-02 9.986979999999999746e-01 3.047579999999999956e+01 1.914629899999999857e-02 9.994060000000000166e-01 -2.867559899999999953e-02 -1.928579899999999903e+00 -9.989489999999999759e-01 1.792650100000000093e-02 -4.220920000000000227e-02 8.586990000000000123e+01
-5.355850000000000194e-02 3.340789899999999785e-02 9.980069999999999775e-01 3.146150000000000091e+01 2.353179899999999908e-02 9.992060000000000386e-01 -3.218519899999999767e-02 -1.987439900000000037e+00 -9.982889999999999819e-01 2.176110100000000144e-02 -5.430209999999999898e-02 8.580920000000000414e+01
-6.265210000000000223e-02 3.722429900000000236e-02 9.973419999999999508e-01 3.245120000000000005e+01 2.954229900000000103e-02 9.989360000000000461e-01 -3.542799900000000168e-02 -2.053469900000000070e+00 -9.975990000000000135e-01 2.724410099999999973e-02 -6.368509999999999449e-02 8.573569999999999425e+01
-6.835030000000000272e-02 4.226069899999999879e-02 9.967669999999999586e-01 3.344109999999999872e+01 3.312499900000000219e-02 9.986479999999999801e-01 -4.006899900000000098e-02 -2.116009899999999888e+00 -9.971119999999999983e-01 3.027910099999999924e-02 -6.965780000000000582e-02 8.565640000000000498e+01
-7.195239999999999969e-02 4.761159899999999751e-02 9.962720000000000464e-01 3.443180000000000263e+01 3.503109900000000304e-02 9.983649999999999469e-01 -4.518159900000000284e-02 -2.184989900000000151e+00 -9.967939999999999579e-01 3.164960099999999943e-02 -7.350249999999999839e-02 8.557769999999999300e+01
-7.464719999999999689e-02 5.124129899999999710e-02 9.958930000000000282e-01 3.543019999999999925e+01 3.728589899999999735e-02 9.981250000000000400e-01 -4.856129900000000221e-02 -2.250439899999999938e+00 -9.965129999999999821e-01 3.350780099999999678e-02 -7.641770000000000507e-02 8.549410000000000309e+01
-7.729239999999999722e-02 5.479559900000000039e-02 9.955019999999999980e-01 3.643059999999999832e+01 3.773779900000000243e-02 9.979339999999999877e-01 -5.199939900000000170e-02 -2.322909899999999972e+00 -9.962950000000000417e-01 3.354890099999999903e-02 -7.920059999999999600e-02 8.541079999999999472e+01
-7.960689999999999433e-02 5.736739899999999948e-02 9.951750000000000318e-01 3.743299999999999983e+01 3.862279899999999933e-02 9.977709999999999635e-01 -5.442749899999999724e-02 -2.393219900000000067e+00 -9.960790000000000477e-01 3.410360099999999728e-02 -8.164509999999999823e-02 8.532460000000000377e+01
-8.145959999999999313e-02 6.149889900000000270e-02 9.947780000000000511e-01 3.843639999999999901e+01 3.968969900000000189e-02 9.975039999999999463e-01 -5.841729899999999892e-02 -2.467689899999999881e+00 -9.958869999999999667e-01 3.472370100000000265e-02 -8.369709999999999650e-02 8.523520000000000607e+01
-8.343219999999999803e-02 6.318549900000000608e-02 9.945089999999999764e-01 3.944530000000000314e+01 4.240679900000000196e-02 9.973090000000000011e-01 -5.980579899999999977e-02 -2.553389899999999990e+00 -9.956110000000000237e-01 3.718420100000000006e-02 -8.588709999999999400e-02 8.513460000000000605e+01
-8.540860000000000118e-02 6.228769900000000193e-02 9.943980000000000041e-01 4.046260000000000190e+01 4.270849899999999699e-02 9.973560000000000203e-01 -5.880469900000000194e-02 -2.642289900000000191e+00 -9.954309999999999548e-01 3.744680100000000178e-02 -8.784290000000000154e-02 8.503409999999999513e+01
-8.785709999999999353e-02 6.101969899999999669e-02 9.942630000000000079e-01 4.148109999999999786e+01 4.155569900000000150e-02 9.974779999999999758e-01 -5.754499899999999946e-02 -2.725959899999999880e+00 -9.952670000000000128e-01 3.626150100000000154e-02 -9.017120000000000690e-02 8.493420000000000414e+01
-8.979669999999999319e-02 6.260079899999999864e-02 9.939909999999999579e-01 4.249980000000000047e+01 4.207949899999999938e-02 9.973699999999999788e-01 -5.901219900000000129e-02 -2.804939899999999930e+00 -9.950719999999999565e-01 3.652750099999999694e-02 -9.219470000000000443e-02 8.483089999999999975e+01
-9.222700000000000342e-02 6.449779899999999455e-02 9.936479999999999757e-01 4.352179999999999893e+01 4.087509899999999807e-02 9.973039999999999683e-01 -6.094129899999999739e-02 -2.885709900000000161e+00 -9.948989999999999778e-01 3.499500099999999780e-02 -9.461469999999999603e-02 8.472740000000000293e+01
-9.479909999999999726e-02 6.705249900000000152e-02 9.932360000000000078e-01 4.455060000000000286e+01 3.951679899999999829e-02 9.971959999999999713e-01 -6.354819899999999966e-02 -2.970259899999999842e+00 -9.947129999999999583e-01 3.322520100000000282e-02 -9.718290000000000262e-02 8.461719999999999686e+01
-9.731209999999999860e-02 7.042859899999999451e-02 9.927589999999999471e-01 4.558319999999999794e+01 3.733949899999999822e-02 9.970489999999999631e-01 -6.707279900000000239e-02 -3.057679900000000117e+00 -9.945540000000000491e-01 3.054220100000000146e-02 -9.965469999999999884e-02 8.450430000000000064e+01
-9.948629999999999973e-02 7.481539900000000465e-02 9.922229999999999661e-01 4.661809999999999832e+01 3.402159899999999959e-02 9.968420000000000059e-01 -7.175259900000000024e-02 -3.145649899999999999e+00 -9.944579999999999531e-01 2.661860099999999868e-02 -1.017170000000000019e-01 8.439199999999999591e+01
-1.019700000000000051e-01 7.742019899999999510e-02 9.917709999999999582e-01 4.765870000000000317e+01 3.177769899999999953e-02 9.967120000000000424e-01 -7.453869899999999993e-02 -3.236699900000000074e+00 -9.942800000000000527e-01 2.391550099999999873e-02 -1.040949999999999931e-01 8.427509999999999479e+01
-1.046190000000000037e-01 7.597169900000000364e-02 9.916070000000000162e-01 4.870309999999999917e+01 2.999439900000000145e-02 9.968660000000000299e-01 -7.321009900000000070e-02 -3.325339899999999904e+00 -9.940609999999999724e-01 2.208340099999999903e-02 -1.065699999999999981e-01 8.415720000000000312e+01
-1.076679999999999998e-01 7.153169900000000414e-02 9.916110000000000202e-01 4.975860000000000127e+01 2.661449899999999980e-02 9.972579999999999778e-01 -6.904939899999999742e-02 -3.424489900000000198e+00 -9.938310000000000199e-01 1.895680099999999882e-02 -1.092769999999999991e-01 8.403480000000000416e+01
-1.102049999999999974e-01 6.989789899999999945e-02 9.914479999999999960e-01 5.081269999999999953e+01 2.646759900000000137e-02 9.973769999999999580e-01 -6.737389900000000098e-02 -3.516609900000000177e+00 -9.935570000000000235e-01 1.881640099999999996e-02 -1.117650000000000032e-01 8.390720000000000312e+01
-1.120730000000000059e-01 7.015539899999999329e-02 9.912210000000000187e-01 5.186889999999999645e+01 2.617819899999999922e-02 9.973670000000000035e-01 -6.763059899999999958e-02 -3.607099900000000137e+00 -9.933560000000000167e-01 1.836880100000000057e-02 -1.136149999999999938e-01 8.377679999999999438e+01
-1.133580000000000004e-01 7.293629899999999611e-02 9.908740000000000325e-01 5.292519999999999669e+01 2.757359900000000072e-02 9.971489999999999521e-01 -7.024369900000000666e-02 -3.694619900000000179e+00 -9.931720000000000548e-01 1.935930099999999890e-02 -1.150459999999999955e-01 8.364350000000000307e+01
-1.139399999999999996e-01 7.571939900000000667e-02 9.905979999999999785e-01 5.398409999999999798e+01 2.810209899999999844e-02 9.969379999999999908e-01 -7.297169900000000098e-02 -3.784999899999999862e+00 -9.930909999999999460e-01 1.952350099999999866e-02 -1.157190000000000024e-01 8.350889999999999702e+01
-1.143330000000000041e-01 7.690429899999999541e-02 9.904619999999999536e-01 5.505279999999999774e+01 2.727929899999999991e-02 9.968669999999999476e-01 -7.425259900000000246e-02 -3.880209900000000101e+00 -9.930679999999999508e-01 1.852960099999999971e-02 -1.160719999999999946e-01 8.337409999999999854e+01
-1.141680000000000056e-01 7.515009899999999798e-02 9.906150000000000233e-01 5.612590000000000146e+01 2.394199899999999853e-02 9.970539999999999958e-01 -7.287929899999999461e-02 -3.974209899999999962e+00 -9.931729999999999725e-01 1.539680099999999989e-02 -1.156299999999999967e-01 8.324389999999999645e+01
-1.143639999999999934e-01 7.484009899999999327e-02 9.906160000000000521e-01 5.720069999999999766e+01 2.019659899999999911e-02 9.971280000000000143e-01 -7.300039899999999360e-02 -4.071119900000000236e+00 -9.932339999999999502e-01 1.165850099999999993e-02 -1.155469999999999969e-01 8.311450000000000671e+01
-1.144290000000000029e-01 7.571789900000000517e-02 9.905420000000000336e-01 5.827700000000000102e+01 1.649299900000000124e-02 9.970989999999999576e-01 -7.431379899999999983e-02 -4.165559899999999871e+00 -9.932950000000000390e-01 7.833350899999999215e-03 -1.153460000000000041e-01 8.298749999999999716e+01
-1.147689999999999960e-01 7.607579899999999951e-02 9.904749999999999943e-01 5.935949999999999704e+01 1.245759899999999976e-02 9.970959999999999823e-01 -7.514079899999999423e-02 -4.263999899999999954e+00 -9.933149999999999480e-01 3.715110900000000074e-03 -1.153829999999999995e-01 8.285829999999999984e+01
-1.152239999999999931e-01 7.519959900000000586e-02 9.904889999999999528e-01 6.044989999999999952e+01 8.850449399999999953e-03 9.971689999999999721e-01 -7.467709899999999679e-02 -4.361749900000000402e+00 -9.933009999999999895e-01 1.617149300000000011e-04 -1.155629999999999991e-01 8.272880000000000678e+01
-1.155800000000000022e-01 7.027819899999999953e-02 9.908090000000000508e-01 6.155570000000000164e+01 8.756099399999999963e-03 9.975279999999999703e-01 -6.973339900000000147e-02 -4.456969899999999818e+00 -9.932600000000000318e-01 6.158839299999999822e-04 -1.159089999999999981e-01 8.258889999999999532e+01
-1.158389999999999975e-01 6.185029899999999747e-02 9.913410000000000277e-01 6.265879999999999939e+01 1.176409900000000008e-02 9.980750000000000455e-01 -6.089579900000000046e-02 -4.537129900000000049e+00 -9.931990000000000540e-01 4.608090900000000323e-03 -1.163440000000000030e-01 8.244979999999999620e+01
-1.158160000000000023e-01 5.517909900000000228e-02 9.917369999999999797e-01 6.376899999999999835e+01 1.644909899999999828e-02 9.984260000000000357e-01 -5.363029899999999933e-02 -4.605209900000000189e+00 -9.931349999999999900e-01 1.010190099999999994e-02 -1.165410000000000057e-01 8.230459999999999354e+01
-1.149769999999999959e-01 5.785129900000000186e-02 9.916829999999999812e-01 6.487099999999999511e+01 2.522799900000000095e-02 9.981510000000000105e-01 -5.530369899999999783e-02 -4.667829900000000087e+00 -9.930480000000000418e-01 1.865950099999999848e-02 -1.162239999999999940e-01 8.215439999999999543e+01
-1.136960000000000054e-01 6.378299900000000688e-02 9.914659999999999584e-01 6.597539999999999338e+01 3.137789900000000076e-02 9.976709999999999745e-01 -6.058389899999999662e-02 -4.729749899999999840e+00 -9.930210000000000425e-01 2.422200099999999995e-02 -1.154320000000000068e-01 8.200579999999999359e+01
-1.127829999999999944e-01 6.944249900000000475e-02 9.911900000000000155e-01 6.708459999999999468e+01 3.475489899999999882e-02 9.972210000000000241e-01 -6.591039899999999452e-02 -4.801099899999999643e+00 -9.930120000000000058e-01 2.701510099999999970e-02 -1.148829999999999990e-01 8.186329999999999529e+01
-1.120189999999999936e-01 7.322779899999999620e-02 9.910039999999999960e-01 6.819819999999999993e+01 3.585159899999999789e-02 9.969299999999999828e-01 -6.961309899999999773e-02 -4.879919899999999977e+00 -9.930600000000000538e-01 2.773110100000000106e-02 -1.143009999999999998e-01 8.172419999999999618e+01
-1.120109999999999995e-01 7.227849899999999606e-02 9.910750000000000393e-01 6.932330000000000325e+01 3.306169899999999995e-02 9.970710000000000406e-01 -6.897909900000000205e-02 -4.960089899999999830e+00 -9.931569999999999565e-01 2.504020100000000151e-02 -1.140720000000000067e-01 8.159000000000000341e+01
-1.117400000000000060e-01 6.721199899999999450e-02 9.914619999999999544e-01 7.045589999999999975e+01 3.092539899999999925e-02 9.974629999999999885e-01 -6.413329900000000472e-02 -5.043629899999999999e+00 -9.932569999999999455e-01 2.349510100000000087e-02 -1.135349999999999970e-01 8.145539999999999736e+01
-1.115180000000000060e-01 6.424719900000000483e-02 9.916840000000000099e-01 7.159269999999999357e+01 2.936659900000000017e-02 9.976859999999999618e-01 -6.133359900000000253e-02 -5.120049899999999710e+00 -9.933290000000000175e-01 2.228260099999999910e-02 -1.131469999999999976e-01 8.132189999999999941e+01
