1.000000000000000000e+00 0.000000000000000000e+00 0.000000000000000000e+00 0.000000000000000000e+00 0.000000000000000000e+00 1.000000000000000000e+00 0.000000000000000000e+00 0.000000000000000000e+00 0.000000000000000000e+00 0.000000000000000000e+00 1.000000000000000000e+00 0.000000000000000000e+00 0.000000000000000000e+00 0.000000000000000000e+00 0.000000000000000000e+00 1.000000000000000000e+00
9.999960799999999539e-01 -1.365354600000000035e-03 2.442844400000000141e-03 1.528806499999999957e+00 1.369405499999999925e-03 9.999976900000000501e-01 -1.657363899999999895e-03 6.773685800000000048e-03 -2.440575899999999823e-03 1.660702700000000033e-03 9.999956399999999634e-01 1.568000099999999897e-02 0.000000000000000000e+00 0.000000000000000000e+00 0.000000000000000000e+00 1.000000000000000000e+00
9.999903599999999670e-01 -2.383224299999999862e-03 3.688157300000000170e-03 3.046857099999999985e+00 2.390958800000000158e-03 9.999949500000000491e-01 -2.094124599999999930e-03 1.061442699999999920e-02 -3.683147900000000204e-03 2.102922699999999930e-03 9.999910100000000135e-01 3.363947999999999938e-02 0.000000000000000000e+00 0.000000000000000000e+00 0.000000000000000000e+00 1.000000000000000000e+00
9.999848999999999544e-01 -4.003434400000000296e-03 3.764705399999999837e-03 4.574896700000000038e+00 4.008971400000000199e-03 9.999908899999999656e-01 -1.464367899999999929e-03 3.097610500000000031e-02 -3.758808599999999972e-03 1.479438299999999906e-03 9.999918399999999652e-01 4.455375000000000307e-02 0.000000000000000000e+00 0.000000000000000000e+00 0.000000000000000000e+00 1.000000000000000000e+00
9.999823500000000198e-01 -4.944824199999999642e-03 3.292828299999999916e-03 6.082981000000000193e+00 4.947247999999999576e-03 9.999875000000000291e-01 -7.283501199999999585e-04 3.464520000000000099e-02 -3.289185500000000196e-03 7.446277099999999661e-04 9.999943100000000529e-01 5.600551399999999930e-02 0.000000000000000000e+00 0.000000000000000000e+00 0.000000000000000000e+00 1.000000000000000000e+00
9.999697100000000116e-01 -6.740201099999999952e-03 3.893184699999999859e-03 7.589319899999999564e+00 6.743213199999999706e-03 9.999769699999999650e-01 -7.610969499999999501e-04 7.333963400000000077e-02 -3.887965199999999805e-03 7.873264700000000499e-04 9.999921299999999791e-01 6.738516299999999792e-02 0.000000000000000000e+00 0.000000000000000000e+00 0.000000000000000000e+00 1.000000000000000000e+00
9.999588700000000552e-01 -8.216132399999999392e-03 3.840690700000000141e-03 9.093240200000000328e+00 8.221483300000000452e-03 9.999652500000000277e-01 -1.379505600000000042e-03 8.795397100000000579e-02 -3.829223100000000123e-03 1.411024999999999996e-03 9.999916699999999992e-01 7.690576200000000251e-02 0.000000000000000000e+00 0.000000000000000000e+00 0.000000000000000000e+00 1.000000000000000000e+00
9.999508299999999572e-01 -9.319611000000000214e-03 3.387291499999999910e-03 1.059867299999999979e+01 9.328779400000000721e-03 9.999528399999999539e-01 -2.701068400000000182e-03 9.831693299999999525e-02 -3.361958799999999799e-03 2.732534899999999878e-03 9.999906200000000522e-01 9.632145599999999974e-02 0.000000000000000000e+00 0.000000000000000000e+00 0.000000000000000000e+00 1.000000000000000000e+00
9.999310200000000037e-01 -1.121652300000000081e-02 3.483673300000000167e-03 1.209971200000000024e+01 1.122987500000000027e-02 9.999295799999999845e-01 -3.837169999999999991e-03 1.278538300000000016e-01 -3.440388300000000055e-03 3.876026500000000034e-03 9.999865700000000190e-01 1.046795799999999943e-01 0.000000000000000000e+00 0.000000000000000000e+00 0.000000000000000000e+00 1.000000000000000000e+00
9.999169399999999763e-01 -1.235127199999999995e-02 3.681627800000000089e-03 1.358420899999999953e+01 1.236494299999999977e-02 9.999166499999999624e-01 -3.714165399999999877e-03 1.545294500000000126e-01 -3.635446300000000179e-03 3.759380000000000100e-03 9.999863300000000343e-01 1.219896000000000036e-01 0.000000000000000000e+00 0.000000000000000000e+00 0.000000000000000000e+00 1.000000000000000000e+00
9.999067299999999658e-01 -1.319395999999999937e-02 3.528227100000000133e-03 1.506588700000000003e+01 1.320627400000000048e-02 9.999067000000000371e-01 -3.489857900000000162e-03 1.779253399999999874e-01 -3.481852899999999997e-03 3.536127200000000088e-03 9.999876899999999846e-01 1.290448100000000098e-01 0.000000000000000000e+00 0.000000000000000000e+00 0.000000000000000000e+00 1.000000000000000000e+00
9.998918300000000370e-01 -1.416262499999999987e-02 3.969584400000000096e-03 1.655551900000000032e+01 1.417075999999999926e-02 9.998975300000000344e-01 -2.028707800000000092e-03 2.140509899999999965e-01 -3.940445899999999758e-03 2.084740399999999994e-03 9.999900600000000139e-01 1.459322999999999870e-01 0.000000000000000000e+00 0.000000000000000000e+00 0.000000000000000000e+00 1.000000000000000000e+00
9.998844799999999644e-01 -1.445584599999999963e-02 4.697247300000000417e-03 1.803199000000000041e+01 1.445844899999999995e-02 9.998953400000000213e-01 -5.206690700000000168e-04 2.490391899999999936e-01 -4.689228900000000019e-03 5.885238300000000203e-04 9.999888300000000507e-01 1.543985800000000075e-01 0.000000000000000000e+00 0.000000000000000000e+00 0.000000000000000000e+00 1.000000000000000000e+00
9.998769400000000473e-01 -1.469696700000000002e-02 5.487125500000000419e-03 1.951105099999999837e+01 1.469655500000000004e-02 9.998919899999999528e-01 1.155355399999999946e-04 2.699533800000000205e-01 -5.488230900000000065e-03 -3.487948500000000271e-05 9.999849400000000443e-01 1.621222599999999903e-01 0.000000000000000000e+00 0.000000000000000000e+00 0.000000000000000000e+00 1.000000000000000000e+00
9.998701500000000131e-01 -1.501598600000000026e-02 5.848760599999999928e-03 2.098261899999999969e+01 1.501432400000000077e-02 9.998872199999999655e-01 3.280096199999999991e-04 3.117075699999999894e-01 -5.853026400000000025e-03 -2.401518400000000029e-04 9.999828400000000395e-01 1.765064299999999919e-01 0.000000000000000000e+00 0.000000000000000000e+00 0.000000000000000000e+00 1.000000000000000000e+00
9.998648999999999454e-01 -1.536816300000000066e-02 5.830223100000000297e-03 2.245275300000000129e+01 1.536358200000000063e-02 9.998816299999999657e-01 8.298509699999999508e-04 3.297772299999999768e-01 -5.842286200000000422e-03 -7.401657500000000242e-04 9.999826600000000232e-01 1.837472500000000009e-01 0.000000000000000000e+00 0.000000000000000000e+00 0.000000000000000000e+00 1.000000000000000000e+00
9.998546200000000272e-01 -1.584168600000000066e-02 6.307665799999999899e-03 2.390022199999999941e+01 1.583157799999999893e-02 9.998733100000000151e-01 1.649232899999999915e-03 3.751268099999999772e-01 -6.332993299999999971e-03 -1.549132799999999996e-03 9.999787500000000273e-01 1.928852799999999923e-01 0.000000000000000000e+00 0.000000000000000000e+00 0.000000000000000000e+00 1.000000000000000000e+00
9.998450199999999732e-01 -1.602924299999999858e-02 7.279766200000000083e-03 2.534306099999999873e+01 1.601288500000000101e-02 9.998691400000000451e-01 2.299834399999999869e-03 4.064272999999999914e-01 -7.315678200000000006e-03 -2.182907899999999863e-03 9.999708600000000169e-01 1.976624899999999962e-01 0.000000000000000000e+00 0.000000000000000000e+00 0.000000000000000000e+00 1.000000000000000000e+00
9.998606399999999672e-01 -1.544954699999999924e-02 6.325525400000000381e-03 2.680120399999999847e+01 1.543258399999999919e-02 9.998772099999999607e-01 2.721703600000000001e-03 4.289027499999999993e-01 -6.366797700000000233e-03 -2.623705100000000082e-03 9.999762899999999899e-01 2.094849099999999964e-01 0.000000000000000000e+00 0.000000000000000000e+00 0.000000000000000000e+00 1.000000000000000000e+00
9.998725000000000529e-01 -1.536981599999999969e-02 4.330725199999999747e-03 2.822855799999999959e+01 1.535773900000000046e-02 9.998781199999999814e-01 2.808155799999999952e-03 4.627261699999999922e-01 -4.373358200000000001e-03 -2.741287700000000042e-03 9.999866800000000167e-01 2.171808000000000072e-01 0.000000000000000000e+00 0.000000000000000000e+00 0.000000000000000000e+00 1.000000000000000000e+00
9.998844199999999960e-01 -1.460160999999999924e-02 4.234834199999999889e-03 2.965427299999999988e+01 1.459487100000000058e-02 9.998921800000000193e-01 1.617731399999999993e-03 4.983484899999999773e-01 -4.257999099999999759e-03 -1.555737599999999950e-03 9.999897199999999708e-01 2.294006500000000115e-01 0.000000000000000000e+00 0.000000000000000000e+00 0.000000000000000000e+00 1.000000000000000000e+00
9.998723299999999758e-01 -1.460051100000000004e-02 6.492683899999999834e-03 3.108503200000000177e+01 1.459655900000000027e-02 9.998932499999999557e-01 6.557623900000000144e-04 5.167903900000000439e-01 -6.501565299999999617e-03 -5.609078200000000049e-04 9.999787100000000484e-01 2.433502600000000127e-01 0.000000000000000000e+00 0.000000000000000000e+00 0.000000000000000000e+00 1.000000000000000000e+00
9.998414399999999702e-01 -1.556754299999999966e-02 8.645964000000000774e-03 3.249618799999999652e+01 1.557834399999999918e-02 9.998779500000000153e-01 -1.183407399999999955e-03 5.514925499999999703e-01 -8.626485999999999182e-03 1.317909500000000091e-03 9.999619199999999486e-01 2.504165799999999997e-01 0.000000000000000000e+00 0.000000000000000000e+00 0.000000000000000000e+00 1.000000000000000000e+00
9.998818400000000217e-01 -1.336876900000000083e-02 7.588176999999999769e-03 3.389199599999999890e+01 1.338350599999999987e-02 9.999086400000000152e-01 -1.894549500000000100e-03 5.629070400000000252e-01 -7.562155899999999965e-03 1.995882000000000038e-03 9.999694099999999475e-01 2.618510700000000191e-01 0.000000000000000000e+00 0.000000000000000000e+00 0.000000000000000000e+00 1.000000000000000000e+00
9.998877699999999535e-01 -1.376257500000000085e-02 5.920036699999999853e-03 3.528201399999999666e+01 1.377296800000000002e-02 9.999036700000000222e-01 -1.718237100000000097e-03 6.061468800000000545e-01 -5.895819000000000060e-03 1.799580700000000082e-03 9.999810000000000088e-01 2.693908600000000098e-01 0.000000000000000000e+00 0.000000000000000000e+00 0.000000000000000000e+00 1.000000000000000000e+00
9.998999400000000426e-01 -1.319031300000000038e-02 5.110444700000000250e-03 3.665260500000000121e+01 1.319572999999999927e-02 9.999124000000000345e-01 -1.027797499999999952e-03 6.292572199999999505e-01 -5.096440100000000292e-03 1.095130699999999953e-03 9.999864099999999922e-01 2.793530699999999811e-01 0.000000000000000000e+00 0.000000000000000000e+00 0.000000000000000000e+00 1.000000000000000000e+00
9.999229899999999560e-01 -1.172623199999999963e-02 4.064165800000000064e-03 3.801224200000000053e+01 1.172690000000000017e-02 9.999312299999999487e-01 -1.406620200000000041e-04 6.460186900000000065e-01 -4.062236900000000192e-03 1.883112500000000107e-04 9.999917299999999676e-01 2.976730699999999841e-01 0.000000000000000000e+00 0.000000000000000000e+00 0.000000000000000000e+00 1.000000000000000000e+00
9.999211999999999545e-01 -1.148484699999999942e-02 5.068387899999999592e-03 3.934685499999999791e+01 1.148459899999999985e-02 9.999340500000000187e-01 7.788810599999999352e-05 6.880280100000000232e-01 -5.068948099999999804e-03 -1.967356399999999899e-05 9.999871500000000468e-01 3.058585300000000173e-01 0.000000000000000000e+00 0.000000000000000000e+00 0.000000000000000000e+00 1.000000000000000000e+00
9.999303999999999970e-01 -9.498653799999999536e-03 6.998034499999999936e-03 4.065802200000000255e+01 9.497455900000000006e-03 9.999548799999999904e-01 2.043872000000000072e-04 7.172314600000000429e-01 -6.999660100000000031e-03 -1.379094499999999879e-04 9.999754899999999669e-01 3.170416200000000240e-01 0.000000000000000000e+00 0.000000000000000000e+00 0.000000000000000000e+00 1.000000000000000000e+00
9.999380399999999725e-01 -7.352511200000000011e-03 8.358054800000000450e-03 4.197263999999999839e+01 7.352948300000000312e-03 9.999729699999999610e-01 -2.157597800000000127e-05 7.171749299999999883e-01 -8.357670200000000271e-03 8.303098699999999610e-05 9.999650700000000114e-01 3.340454500000000215e-01 0.000000000000000000e+00 0.000000000000000000e+00 0.000000000000000000e+00 1.000000000000000000e+00
9.999497800000000103e-01 -4.943481999999999911e-03 8.717837399999999251e-03 4.325360599999999778e+01 4.940903800000000234e-03 9.999877400000000138e-01 3.172483199999999773e-04 7.252661500000000538e-01 -8.719298800000000599e-03 -2.741583900000000001e-04 9.999619499999999883e-01 3.428124000000000171e-01 0.000000000000000000e+00 0.000000000000000000e+00 0.000000000000000000e+00 1.000000000000000000e+00
9.999639500000000458e-01 -1.172337199999999927e-03 8.409359899999999804e-03 4.451760600000000068e+01 1.172510299999999974e-03 9.999993099999999746e-01 -1.565450600000000038e-05 7.343887799999999633e-01 -8.409335699999999358e-03 2.551400300000000157e-05 9.999646399999999602e-01 3.526514000000000038e-01 0.000000000000000000e+00 0.000000000000000000e+00 0.000000000000000000e+00 1.000000000000000000e+00
9.999747700000000128e-01 1.998208400000000152e-03 6.816598800000000374e-03 4.576499299999999693e+01 -1.993396499999999880e-03 9.999977599999999578e-01 -7.126246800000000199e-04 7.437897799999999560e-01 -6.818007499999999797e-03 6.990185200000000173e-04 9.999765099999999851e-01 3.636959000000000164e-01 0.000000000000000000e+00 0.000000000000000000e+00 0.000000000000000000e+00 1.000000000000000000e+00
9.999655699999999703e-01 6.599876099999999780e-03 5.030233299999999942e-03 4.701291499999999957e+01 -6.597242799999999963e-03 9.999780900000000416e-01 -5.399101699999999705e-04 7.389044099999999560e-01 -5.033686400000000026e-03 5.067059100000000310e-04 9.999871999999999650e-01 3.753465300000000116e-01 0.000000000000000000e+00 0.000000000000000000e+00 0.000000000000000000e+00 1.000000000000000000e+00
9.999435800000000540e-01 9.033541200000000035e-03 5.588384800000000333e-03 4.820813100000000162e+01 -9.031051199999999210e-03 9.999591100000000399e-01 -4.706455800000000178e-04 7.508490100000000389e-01 -5.592407899999999633e-03 4.201500399999999968e-04 9.999842700000000084e-01 3.806214399999999776e-01 0.000000000000000000e+00 0.000000000000000000e+00 0.000000000000000000e+00 1.000000000000000000e+00
9.998717900000000380e-01 1.498622500000000059e-02 5.641473800000000420e-03 4.942780599999999680e+01 -1.498669000000000043e-02 9.998876899999999956e-01 4.001352699999999953e-05 7.408664600000000044e-01 -5.640240599999999695e-03 -1.245554100000000042e-04 9.999840899999999921e-01 3.977912599999999799e-01 0.000000000000000000e+00 0.000000000000000000e+00 0.000000000000000000e+00 1.000000000000000000e+00
9.997598500000000055e-01 2.139434900000000001e-02 4.746976499999999710e-03 5.063373800000000102e+01 -2.140050799999999864e-02 9.997702000000000533e-01 1.250461100000000055e-03 7.233262400000000092e-01 -4.719132899999999887e-03 -1.351748500000000009e-03 9.999879499999999588e-01 4.080174200000000195e-01 0.000000000000000000e+00 0.000000000000000000e+00 0.000000000000000000e+00 1.000000000000000000e+00
9.995551799999999876e-01 2.942752400000000004e-02 4.844870900000000126e-03 5.183193800000000095e+01 -2.944333600000000051e-02 9.995612499999999567e-01 3.225403500000000121e-03 6.995737499999999942e-01 -4.747829500000000022e-03 -3.366617900000000007e-03 9.999830600000000347e-01 4.146749900000000211e-01 0.000000000000000000e+00 0.000000000000000000e+00 0.000000000000000000e+00 1.000000000000000000e+00
9.992812699999999992e-01 3.742368000000000083e-02 6.033593500000000026e-03 5.301470700000000136e+01 -3.744854999999999712e-02 9.992902999999999647e-01 4.062968400000000271e-03 6.838341999999999477e-01 -5.877260300000000139e-03 -4.285997599999999928e-03 9.999735400000000496e-01 4.265360999999999736e-01 0.000000000000000000e+00 0.000000000000000000e+00 0.000000000000000000e+00 1.000000000000000000e+00
9.988264300000000429e-01 4.794712899999999806e-02 6.843104299999999696e-03 5.418492599999999726e+01 -4.799053200000000241e-02 9.988277599999999534e-01 6.325846199999999621e-03 6.252945500000000045e-01 -6.531776399999999691e-03 -6.646826699999999581e-03 9.999565799999999838e-01 4.356818199999999974e-01 0.000000000000000000e+00 0.000000000000000000e+00 0.000000000000000000e+00 1.000000000000000000e+00
9.981324099999999699e-01 6.064727899999999838e-02 7.321493299999999767e-03 5.533480600000000038e+01 -6.070848200000000111e-02 9.981197899999999512e-01 8.448243399999999514e-03 5.788830400000000154e-01 -6.795364299999999587e-03 -8.876942299999999314e-03 9.999375099999999739e-01 4.482669400000000026e-01 0.000000000000000000e+00 0.000000000000000000e+00 0.000000000000000000e+00 1.000000000000000000e+00
9.971153699999999453e-01 7.545288499999999732e-02 8.234161400000000394e-03 5.646773000000000309e+01 -7.553932800000000281e-02 9.970849099999999909e-01 1.074695300000000006e-02 5.071126099999999637e-01 -7.399269499999999722e-03 -1.133795500000000026e-02 9.999083500000000013e-01 4.553930199999999817e-01 0.000000000000000000e+00 0.000000000000000000e+00 0.000000000000000000e+00 1.000000000000000000e+00
9.956534999999999691e-01 9.263337400000000443e-02 9.651906499999999764e-03 5.761222000000000065e+01 -9.275249400000000477e-02 9.956078699999999504e-01 1.272601899999999987e-02 4.074612300000000076e-01 -8.430659999999999543e-03 -1.356594399999999992e-02 9.998724399999999735e-01 4.605768100000000032e-01 0.000000000000000000e+00 0.000000000000000000e+00 0.000000000000000000e+00 1.000000000000000000e+00
9.939077699999999682e-01 1.096596700000000008e-01 1.105022299999999964e-02 5.871091100000000296e+01 -1.097991499999999981e-01 9.938697800000000360e-01 1.292319800000000032e-02 3.130379699999999987e-01 -9.565328799999999951e-03 -1.405777199999999963e-02 9.998554299999999895e-01 4.692224300000000237e-01 0.000000000000000000e+00 0.000000000000000000e+00 0.000000000000000000e+00 1.000000000000000000e+00
9.915921699999999950e-01 1.289295599999999986e-01 1.105174599999999945e-02 5.981183800000000161e+01 -1.290657600000000016e-01 9.915553599999999967e-01 1.264927300000000081e-02 1.859596400000000094e-01 -9.327552899999999245e-03 -1.396932300000000050e-02 9.998589199999999844e-01 4.809152099999999819e-01 0.000000000000000000e+00 0.000000000000000000e+00 0.000000000000000000e+00 1.000000000000000000e+00
9.887531600000000198e-01 1.492099799999999921e-01 1.017711999999999957e-02 6.089512200000000064e+01 -1.493265400000000076e-01 9.887168600000000307e-01 1.185585699999999916e-02 3.295600099999999866e-02 -8.293277999999999414e-03 -1.324223000000000067e-02 9.998779199999999756e-01 4.829572100000000257e-01 0.000000000000000000e+00 0.000000000000000000e+00 0.000000000000000000e+00 1.000000000000000000e+00
9.854764799999999880e-01 1.695329100000000089e-01 9.731820900000000274e-03 6.195866000000000184e+01 -1.696188100000000087e-01 9.854704100000000189e-01 8.804715899999999290e-03 -1.322588299999999939e-01 -8.097732499999999584e-03 -1.032753999999999964e-02 9.999138800000000327e-01 4.846081500000000153e-01 0.000000000000000000e+00 0.000000000000000000e+00 0.000000000000000000e+00 1.000000000000000000e+00
9.812721899999999886e-01 1.923057699999999870e-01 1.110803800000000063e-02 6.302529200000000031e+01 -1.923584000000000127e-01 9.813171000000000532e-01 3.871529299999999958e-03 -3.413667400000000018e-01 -1.015599099999999963e-02 -5.935748499999999976e-03 9.999308099999999477e-01 4.964281999999999861e-01 0.000000000000000000e+00 0.000000000000000000e+00 0.000000000000000000e+00 1.000000000000000000e+00
9.765165999999999569e-01 2.151071099999999903e-01 1.201071700000000061e-02 6.403843600000000436e+01 -2.151049700000000064e-01 9.765897999999999524e-01 -1.485029400000000043e-03 -5.547091499999999842e-01 -1.204898400000000043e-02 -1.133408999999999936e-03 9.999267699999999648e-01 4.939082200000000089e-01 0.000000000000000000e+00 0.000000000000000000e+00 0.000000000000000000e+00 1.000000000000000000e+00
9.709881299999999493e-01 2.389108199999999960e-01 1.018187599999999943e-02 6.505628000000000100e+01 -2.388524200000000097e-01 9.710332600000000092e-01 -6.628259000000000060e-03 -7.967862199999999895e-01 -1.147050299999999995e-02 4.003995100000000244e-03 9.999261999999999873e-01 4.988394800000000018e-01 0.000000000000000000e+00 0.000000000000000000e+00 0.000000000000000000e+00 1.000000000000000000e+00
9.642889500000000336e-01 2.647429700000000219e-01 7.614728099999999895e-03 6.605674000000000490e+01 -2.646378200000000236e-01 9.642664199999999575e-01 -1.253350200000000018e-02 -1.085614700000000044e+00 -1.066078300000000006e-02 1.007077299999999988e-02 9.998924599999999829e-01 5.098383399999999455e-01 0.000000000000000000e+00 0.000000000000000000e+00 0.000000000000000000e+00 1.000000000000000000e+00
9.568480099999999711e-01 2.905086299999999899e-01 6.828216199999999868e-03 6.703267300000000262e+01 -2.903688799999999959e-01 9.567738000000000076e-01 -1.642564700000000155e-02 -1.354009699999999983e+00 -1.130485099999999944e-02 1.373414599999999916e-02 9.998417699999999630e-01 5.101831399999999794e-01 0.000000000000000000e+00 0.000000000000000000e+00 0.000000000000000000e+00 1.000000000000000000e+00
9.480666800000000505e-01 3.179686700000000088e-01 8.092952599999999816e-03 6.800414800000000071e+01 -3.177824300000000046e-01 9.479827699999999746e-01 -1.851998599999999870e-02 -1.675904499999999908e+00 -1.356075500000000073e-02 1.498638400000000016e-02 9.997957400000000439e-01 5.104173100000000129e-01 0.000000000000000000e+00 0.000000000000000000e+00 0.000000000000000000e+00 1.000000000000000000e+00
9.383833299999999600e-01 3.454870299999999728e-01 8.685306099999999876e-03 6.893702799999999797e+01 -3.452103999999999728e-01 9.382269100000000250e-01 -2.366531300000000032e-02 -2.013060999999999989e+00 -1.632484699999999997e-02 1.920887699999999920e-02 9.996822100000000155e-01 5.040733400000000364e-01 0.000000000000000000e+00 0.000000000000000000e+00 0.000000000000000000e+00 1.000000000000000000e+00
9.273938299999999746e-01 3.740183400000000047e-01 7.139066399999999604e-03 6.985205399999999543e+01 -3.737204900000000163e-01 9.271617699999999962e-01 -2.653392699999999882e-02 -2.371714299999999831e+00 -1.654324500000000156e-02 2.193938499999999875e-02 9.996224200000000115e-01 5.121057100000000473e-01 0.000000000000000000e+00 0.000000000000000000e+00 0.000000000000000000e+00 1.000000000000000000e+00
9.152119600000000466e-01 4.029648599999999803e-01 2.525634299999999794e-03 7.075273099999999715e+01 -4.027645599999999937e-01 9.149225500000000011e-01 -2.640901999999999833e-02 -2.762280699999999811e+00 -1.295266699999999931e-02 2.315261500000000139e-02 9.996480300000000208e-01 5.007072299999999476e-01 0.000000000000000000e+00 0.000000000000000000e+00 0.000000000000000000e+00 1.000000000000000000e+00
9.021176100000000142e-01 4.314732199999999906e-01 -3.831170499999999798e-03 7.162061400000000333e+01 -4.314110700000000076e-01 9.017464800000000169e-01 -2.716204599999999872e-02 -3.168342899999999851e+00 -8.264951099999999148e-03 2.615616999999999942e-02 9.996237000000000039e-01 5.079464399999999991e-01 0.000000000000000000e+00 0.000000000000000000e+00 0.000000000000000000e+00 1.000000000000000000e+00
8.877214199999999833e-01 4.603119999999999989e-01 -7.971129000000000409e-03 7.247123000000000559e+01 -4.603388400000000269e-01 8.872726899999999750e-01 -2.890187899999999838e-02 -3.601844600000000174e+00 -6.231316699999999570e-03 2.932623700000000153e-02 9.995504699999999687e-01 5.130775199999999536e-01 0.000000000000000000e+00 0.000000000000000000e+00 0.000000000000000000e+00 1.000000000000000000e+00
8.716564999999999452e-01 4.900768799999999925e-01 -6.292836999999999910e-03 7.332810600000000534e+01 -4.900301499999999977e-01 8.711876200000000514e-01 -3.004298199999999933e-02 -4.076583499999999916e+00 -9.241129199999999905e-03 2.927084099999999883e-02 9.995287999999999951e-01 5.169746299999999906e-01 0.000000000000000000e+00 0.000000000000000000e+00 0.000000000000000000e+00 1.000000000000000000e+00
8.538767600000000124e-01 5.204751199999999578e-01 -3.620451199999999751e-04 7.414189799999999764e+01 -5.202606300000000017e-01 8.535044800000000098e-01 -2.930830400000000030e-02 -4.548636799999999702e+00 -1.494523600000000063e-02 2.521403700000000164e-02 9.995703500000000519e-01 5.105770299999999873e-01 0.000000000000000000e+00 0.000000000000000000e+00 0.000000000000000000e+00 1.000000000000000000e+00
8.338735400000000242e-01 5.519523499999999805e-01 1.876584900000000024e-03 7.493794800000000578e+01 -5.516632299999999489e-01 8.335377400000000270e-01 -2.970724300000000123e-02 -5.068779799999999724e+00 -1.796118699999999999e-02 2.373684100000000158e-02 9.995568799999999809e-01 4.975627799999999823e-01 0.000000000000000000e+00 0.000000000000000000e+00 0.000000000000000000e+00 1.000000000000000000e+00
8.126373999999999542e-01 5.827696199999999882e-01 1.578284599999999990e-04 7.570923200000000008e+01 -5.825931800000000438e-01 8.123979799999999640e-01 -2.438673200000000124e-02 -5.589205200000000318e+00 -1.434006600000000027e-02 1.972562099999999874e-02 9.997025899999999465e-01 5.014284700000000150e-01 0.000000000000000000e+00 0.000000000000000000e+00 0.000000000000000000e+00 1.000000000000000000e+00
7.904861699999999880e-01 6.124728999999999868e-01 -2.926789400000000090e-03 7.645659700000000214e+01 -6.124279599999999935e-01 7.903478999999999921e-01 -1.679858700000000024e-02 -6.147609100000000382e+00 -7.975497200000000730e-03 1.507149799999999915e-02 9.998546099999999770e-01 5.078365999999999714e-01 0.000000000000000000e+00 0.000000000000000000e+00 0.000000000000000000e+00 1.000000000000000000e+00
7.677350699999999639e-01 6.407540699999999534e-01 -4.133409400000000351e-03 7.718082699999999363e+01 -6.407390899999999556e-01 7.676245299999999716e-01 -1.435259900000000061e-02 -6.743426600000000271e+00 -6.023579599999999597e-03 1.366742999999999951e-02 9.998884500000000397e-01 5.027921899999999722e-01 0.000000000000000000e+00 0.000000000000000000e+00 0.000000000000000000e+00 1.000000000000000000e+00
7.443500299999999958e-01 6.677818599999999494e-01 -3.228557899999999828e-03 7.786577499999999930e+01 -6.677286700000000241e-01 7.442079999999999806e-01 -1.711369999999999905e-02 -7.340404600000000279e+00 -9.025499700000000000e-03 1.489438400000000010e-02 9.998483400000000021e-01 5.072239499999999790e-01 0.000000000000000000e+00 0.000000000000000000e+00 0.000000000000000000e+00 1.000000000000000000e+00
7.195446500000000079e-01 6.944379400000000313e-01 -3.382664899999999943e-03 7.853065399999999840e+01 -6.943772700000000464e-01 7.193960900000000436e-01 -1.759179500000000035e-02 -7.961393700000000351e+00 -9.782934099999999675e-03 1.500692799999999924e-02 9.998395300000000319e-01 4.974745500000000153e-01 0.000000000000000000e+00 0.000000000000000000e+00 0.000000000000000000e+00 1.000000000000000000e+00
6.939307900000000195e-01 7.200148499999999840e-01 -6.219024899999999953e-03 7.918014100000000610e+01 -7.200037500000000534e-01 6.937796299999999805e-01 -1.626139199999999951e-02 -8.623692300000000088e+00 -7.393810699999999597e-03 1.576200100000000118e-02 9.998484300000000102e-01 5.134416099999999927e-01 0.000000000000000000e+00 0.000000000000000000e+00 0.000000000000000000e+00 1.000000000000000000e+00
6.674014000000000335e-01 7.446610299999999460e-01 -7.438184700000000267e-03 7.977961799999999926e+01 -7.446791299999999669e-01 6.672796199999999622e-01 -1.381664500000000066e-02 -9.284314800000000645e+00 -5.325368399999999731e-03 1.476030899999999924e-02 9.998768799999999679e-01 5.150998700000000152e-01 0.000000000000000000e+00 0.000000000000000000e+00 0.000000000000000000e+00 1.000000000000000000e+00
6.402801599999999871e-01 7.681090600000000101e-01 -7.056086100000000076e-03 8.037922000000000367e+01 -7.681290299999999904e-01 6.401905100000000459e-01 -1.157155399999999952e-02 -9.983410100000000398e+00 -4.370976399999999644e-03 1.282902099999999948e-02 9.999081499999999956e-01 5.115974800000000489e-01 0.000000000000000000e+00 0.000000000000000000e+00 0.000000000000000000e+00 1.000000000000000000e+00
6.122014799999999646e-01 7.906545499999999560e-01 -8.644025499999999362e-03 8.093422400000000039e+01 -7.906961700000000315e-01 6.121192500000000036e-01 -1.046869899999999971e-02 -1.067301800000000078e+01 -2.985950399999999939e-03 1.324375099999999979e-02 9.999078399999999922e-01 5.130266399999999782e-01 0.000000000000000000e+00 0.000000000000000000e+00 0.000000000000000000e+00 1.000000000000000000e+00
5.830914400000000164e-01 8.123302900000000104e-01 -1.113022299999999985e-02 8.147498699999999872e+01 -8.124017500000000336e-01 5.830802800000000063e-01 -4.558514300000000158e-03 -1.140413999999999994e+01 2.786794500000000160e-03 1.170024400000000027e-02 9.999276700000000462e-01 5.232284200000000274e-01 0.000000000000000000e+00 0.000000000000000000e+00 0.000000000000000000e+00 1.000000000000000000e+00
5.529094100000000456e-01 8.331105500000000053e-01 -1.476452699999999951e-02 8.197995899999999381e+01 -8.331563800000000297e-01 5.530192900000000522e-01 4.483790399999999787e-03 -1.217090699999999970e+01 1.190056100000000047e-02 9.822030100000000291e-03 9.998809499999999906e-01 5.322961800000000077e-01 0.000000000000000000e+00 0.000000000000000000e+00 0.000000000000000000e+00 1.000000000000000000e+00
5.220750199999999452e-01 8.527207700000000168e-01 -1.746340700000000024e-02 8.246422300000000405e+01 -8.526702099999999840e-01 5.223000199999999760e-01 1.249821700000000070e-02 -1.291923700000000075e+01 1.977862700000000001e-02 8.365519800000000353e-03 9.997693899999999800e-01 5.499513499999999500e-01 0.000000000000000000e+00 0.000000000000000000e+00 0.000000000000000000e+00 1.000000000000000000e+00
4.898960399999999771e-01 8.716327400000000170e-01 -1.606942800000000018e-02 8.293254600000000210e+01 -8.714856399999999503e-01 4.901266100000000181e-01 1.699086500000000083e-02 -1.370311099999999982e+01 2.268584900000000099e-02 5.680518100000000320e-03 9.997264999999999624e-01 5.669621500000000536e-01 0.000000000000000000e+00 0.000000000000000000e+00 0.000000000000000000e+00 1.000000000000000000e+00
4.571155100000000027e-01 8.893235999999999919e-01 -1.220469400000000031e-02 8.336998199999999315e+01 -8.891676899999999550e-01 4.572678399999999810e-01 1.693921799999999894e-02 -1.453790200000000077e+01 2.064526100000000156e-02 3.108839999999999867e-03 9.997820299999999882e-01 5.915979700000000285e-01 0.000000000000000000e+00 0.000000000000000000e+00 0.000000000000000000e+00 1.000000000000000000e+00
4.239463199999999876e-01 9.056659500000000529e-01 -6.221285400000000146e-03 8.378027199999999652e+01 -9.055366500000000540e-01 4.239910900000000149e-01 1.532761199999999914e-02 -1.535923599999999922e+01 1.651946600000000001e-02 -8.644828699999999606e-04 9.998631700000000233e-01 6.116708600000000384e-01 0.000000000000000000e+00 0.000000000000000000e+00 0.000000000000000000e+00 1.000000000000000000e+00
3.895158899999999758e-01 9.210196099999999886e-01 -4.963883400000000017e-04 8.416782899999999756e+01 -9.208998099999999853e-01 3.894738099999999759e-01 1.592760099999999956e-02 -1.621808199999999900e+01 1.486296299999999987e-02 -5.746929799999999852e-03 9.998730200000000012e-01 6.348486599999999536e-01 0.000000000000000000e+00 0.000000000000000000e+00 0.000000000000000000e+00 1.000000000000000000e+00
3.548622699999999797e-01 9.348939299999999841e-01 6.790316499999999970e-03 8.451488899999999660e+01 -9.348045000000000382e-01 3.546961399999999931e-01 1.819853800000000021e-02 -1.706993800000000050e+01 1.460520400000000010e-02 -1.280559300000000053e-02 9.998113299999999981e-01 6.594348899999999958e-01 0.000000000000000000e+00 0.000000000000000000e+00 0.000000000000000000e+00 1.000000000000000000e+00
3.190048799999999907e-01 9.476641999999999566e-01 1.297870899999999973e-02 8.483555099999999527e+01 -9.476304399999999628e-01 3.187134099999999748e-01 2.045278500000000110e-02 -1.796107399999999998e+01 1.524588399999999948e-02 -1.882355800000000065e-02 9.997065800000000113e-01 6.697796400000000094e-01 0.000000000000000000e+00 0.000000000000000000e+00 0.000000000000000000e+00 1.000000000000000000e+00
2.827637299999999909e-01 9.590414400000000228e-01 1.685805199999999837e-02 8.512112299999999721e+01 -9.590860399999999730e-01 2.824312999999999962e-01 1.966011999999999968e-02 -1.887321100000000129e+01 1.409362800000000041e-02 -2.172749200000000103e-02 9.996645899999999640e-01 6.900933900000000287e-01 0.000000000000000000e+00 0.000000000000000000e+00 0.000000000000000000e+00 1.000000000000000000e+00
2.458529399999999920e-01 9.691263100000000463e-01 1.872253499999999848e-02 8.537503200000000447e+01 -9.692109800000000552e-01 2.455106300000000075e-01 1.883095699999999886e-02 -1.976565300000000036e+01 1.365299399999999989e-02 -2.277573299999999940e-02 9.996473700000000351e-01 7.072030000000000260e-01 0.000000000000000000e+00 0.000000000000000000e+00 0.000000000000000000e+00 1.000000000000000000e+00
2.096370800000000034e-01 9.775959100000000124e-01 1.893509599999999848e-02 8.558943200000000218e+01 -9.776884300000000527e-01 2.093143299999999929e-01 1.768747000000000028e-02 -2.070169900000000140e+01 1.332781199999999965e-02 -2.222057399999999988e-02 9.996642500000000320e-01 7.320244000000000195e-01 0.000000000000000000e+00 0.000000000000000000e+00 0.000000000000000000e+00 1.000000000000000000e+00
1.741172800000000132e-01 9.845659300000000336e-01 1.769453899999999871e-02 8.576206600000000435e+01 -9.846326899999999771e-01 1.738269400000000131e-01 1.681229299999999899e-02 -2.164956700000000112e+01 1.347702400000000064e-02 -2.034993300000000060e-02 9.997020800000000484e-01 7.402985899999999786e-01 0.000000000000000000e+00 0.000000000000000000e+00 0.000000000000000000e+00 1.000000000000000000e+00
1.397046100000000068e-01 9.901329199999999719e-01 1.092770399999999989e-02 8.589574700000000007e+01 -9.901035000000000252e-01 1.395348800000000000e-01 1.500225300000000012e-02 -2.259882100000000094e+01 1.332942900000000028e-02 -1.291544199999999920e-02 9.998277399999999648e-01 7.690023499999999457e-01 0.000000000000000000e+00 0.000000000000000000e+00 0.000000000000000000e+00 1.000000000000000000e+00
1.050094500000000042e-01 9.944281499999999552e-01 9.255626700000000109e-03 8.600464700000000562e+01 -9.943310400000000548e-01 1.048338300000000028e-01 1.776675000000000129e-02 -2.356736400000000131e+01 1.669745300000000099e-02 -1.106883300000000014e-02 9.997993200000000469e-01 7.989150499999999600e-01 0.000000000000000000e+00 0.000000000000000000e+00 0.000000000000000000e+00 1.000000000000000000e+00
7.263761000000000523e-02 9.973180999999999852e-01 8.966118000000000351e-03 8.608261699999999905e+01 -9.970953000000000177e-01 7.240903499999999660e-02 2.361985600000000157e-02 -2.451597999999999900e+01 2.290728200000000103e-02 -1.065576399999999986e-02 9.996808000000000360e-01 7.963823899999999956e-01 0.000000000000000000e+00 0.000000000000000000e+00 0.000000000000000000e+00 1.000000000000000000e+00
4.335559099999999888e-02 9.990501800000000099e-01 4.361410399999999729e-03 8.612436399999999992e+01 -9.987331299999999690e-01 4.322939399999999738e-02 2.575567100000000081e-02 -2.548358999999999952e+01 2.554266700000000154e-02 -5.472537399999999677e-03 9.996587500000000404e-01 8.467969600000000430e-01 0.000000000000000000e+00 0.000000000000000000e+00 0.000000000000000000e+00 1.000000000000000000e+00
1.702932899999999930e-02 9.998528300000000257e-01 2.077953600000000210e-03 8.615110500000000116e+01 -9.995511400000000046e-01 1.697288500000000006e-02 2.468670499999999976e-02 -2.647201899999999952e+01 2.464780299999999938e-02 -2.497418899999999820e-03 9.996930800000000117e-01 8.743097399999999464e-01 0.000000000000000000e+00 0.000000000000000000e+00 0.000000000000000000e+00 1.000000000000000000e+00
-5.039383599999999915e-03 9.999865300000000401e-01 1.242004600000000099e-03 8.615947699999999543e+01 -9.997540299999999602e-01 -5.065029900000000279e-03 2.159227000000000021e-02 -2.744448099999999968e+01 2.159826999999999927e-02 -1.132887400000000093e-03 9.997660900000000517e-01 8.927880700000000447e-01 0.000000000000000000e+00 0.000000000000000000e+00 0.000000000000000000e+00 1.000000000000000000e+00
-2.384244500000000030e-02 9.997156999999999849e-01 -2.217752800000000028e-04 8.614201599999999814e+01 -9.995278100000000165e-01 -2.383366199999999852e-02 1.939361200000000104e-02 -2.843073300000000003e+01 1.938281299999999874e-02 6.840616899999999757e-04 9.998118999999999756e-01 9.164748400000000128e-01 0.000000000000000000e+00 0.000000000000000000e+00 0.000000000000000000e+00 1.000000000000000000e+00
-4.157433600000000340e-02 9.991353200000000490e-01 -4.299390900000000246e-04 8.611163999999999419e+01 -9.989086600000000038e-01 -4.155572999999999906e-02 2.132154600000000025e-02 -2.940969199999999972e+01 2.128524299999999883e-02 1.315898999999999932e-03 9.997725800000000218e-01 9.505671300000000379e-01 0.000000000000000000e+00 0.000000000000000000e+00 0.000000000000000000e+00 1.000000000000000000e+00
-5.593723200000000340e-02 9.984302800000000033e-01 -2.827347899999999893e-03 8.606705900000000042e+01 -9.980853800000000220e-01 -5.584260299999999760e-02 2.659276199999999896e-02 -3.039852000000000132e+01 2.639313199999999970e-02 4.309460099999999801e-03 9.996423500000000129e-01 9.695205999999999547e-01 0.000000000000000000e+00 0.000000000000000000e+00 0.000000000000000000e+00 1.000000000000000000e+00
-6.798774800000000063e-02 9.976720799999999612e-01 -5.299771899999999869e-03 8.600157799999999497e+01 -9.972333799999999471e-01 -6.779591399999999879e-02 3.048445899999999847e-02 -3.138437300000000008e+01 3.005419100000000093e-02 7.357679100000000250e-03 9.995211899999999483e-01 1.005396900000000038e+00 0.000000000000000000e+00 0.000000000000000000e+00 0.000000000000000000e+00 1.000000000000000000e+00
-7.832945800000000458e-02 9.968631199999999914e-01 -1.133239800000000047e-02 8.592175199999999791e+01 -9.963523300000000082e-01 -7.789311999999999625e-02 3.485236199999999784e-02 -3.237448899999999696e+01 3.386031899999999983e-02 1.402102799999999962e-02 9.993282199999999893e-01 1.035745300000000091e+00 0.000000000000000000e+00 0.000000000000000000e+00 0.000000000000000000e+00 1.000000000000000000e+00
-8.391239899999999863e-02 9.963822300000000354e-01 -1.345978800000000031e-02 8.582717999999999847e+01 -9.957372500000000182e-01 -8.332376700000000691e-02 3.955345100000000336e-02 -3.336119500000000215e+01 3.828883500000000023e-02 1.672143800000000166e-02 9.991267999999999816e-01 1.080458900000000000e+00 0.000000000000000000e+00 0.000000000000000000e+00 0.000000000000000000e+00 1.000000000000000000e+00
-8.750871699999999975e-02 9.960445399999999783e-01 -1.541075599999999941e-02 8.575167700000000082e+01 -9.952220099999999903e-01 -8.674300499999999803e-02 4.481965000000000254e-02 -3.435677499999999895e+01 4.330559199999999692e-02 1.925923300000000060e-02 9.988762199999999813e-01 1.119425499999999962e+00 0.000000000000000000e+00 0.000000000000000000e+00 0.000000000000000000e+00 1.000000000000000000e+00
-9.111718700000000226e-02 9.957067800000000135e-01 -1.629915100000000130e-02 8.565673800000000426e+01 -9.947498599999999858e-01 -9.023954200000000592e-02 4.826540499999999734e-02 -3.535610899999999646e+01 4.658736299999999969e-02 2.061138599999999890e-02 9.987015500000000490e-01 1.172075900000000059e+00 0.000000000000000000e+00 0.000000000000000000e+00 0.000000000000000000e+00 1.000000000000000000e+00
-9.299412199999999851e-02 9.955212599999999634e-01 -1.701528299999999910e-02 8.556974200000000508e+01 -9.944150099999999881e-01 -9.200703799999999932e-02 5.170577500000000243e-02 -3.636828100000000319e+01 4.990867200000000115e-02 2.172858600000000112e-02 9.985173999999999994e-01 1.220440600000000098e+00 0.000000000000000000e+00 0.000000000000000000e+00 0.000000000000000000e+00 1.000000000000000000e+00
-9.676819799999999971e-02 9.951561399999999669e-01 -1.732574400000000056e-02 8.547416400000000181e+01 -9.938892299999999569e-01 -9.568694499999999548e-02 5.502907600000000315e-02 -3.737014500000000083e+01 5.310467499999999702e-02 2.254493499999999859e-02 9.983344199999999447e-01 1.277325899999999903e+00 0.000000000000000000e+00 0.000000000000000000e+00 0.000000000000000000e+00 1.000000000000000000e+00
