0.9999999999999998 -1.1794373788008953e-19 4.513296021473011e-20 0.0 2.4107507038170413e-18 1.0 3.3933805515706776e-19 0.0 7.125608876658357e-20 -9.89939681588554e-19 1.0 5.551115123125783e-17
0.9999983869564654 -0.0015156966279648023 -0.0009627440767467138 -0.008115613842822809 0.001517992622522633 0.9999959919619537 0.002388846173829691 -0.025839179583950093 0.0009591193242572005 -0.002390303687485277 0.9999966810815811 1.5310312625183737
0.9999968166360359 -0.0018087490715462385 -0.0017570997009316283 -0.004603627048726003 0.0018148612944742773 0.9999922835562675 0.003483356275231703 -0.05667038040899378 0.0017507853416808378 -0.0034865340640953374 0.9999923898076964 3.063103104204944
0.9999933169478307 -0.0006013508839882718 -0.0036067920794770223 -0.03175767022163548 0.0006134760070798082 0.9999941582668123 0.00336162890007859 -0.0816796014557723 0.0036047489351730007 -0.0033638190536781297 0.9999878447853572 4.578319221545979
0.9999878648211613 -0.00034476000661825857 -0.004913439346685712 -0.038021909690487646 0.00036032907204545207 0.9999949177714879 0.0031681256471697192 -0.09700376746459621 0.004912321503769461 -0.0031698575448962257 0.9999829074073507 6.076754705970276
0.999979134444204 0.00010000333899082374 -0.006459839918786257 -0.06270949075962484 -7.708042236085214e-05 0.9999937025872832 0.0035486836969143313 -0.12641684448367324 0.006460153239712642 -0.003548111659215287 0.999972842968513 7.599600056649773
0.9999696688563748 -0.0007069017424204331 -0.007755834543301228 -0.08762758025704266 0.0007355667186025084 0.9999929118000719 0.0036936879094259965 -0.14374234258347218 0.007753167460398086 -0.0036992806273672884 0.9999630993435529 9.106251744950693
0.9999598923625288 -0.0018333624564231459 -0.008766635269693391 -0.09191888440702589 0.0018602460124206555 0.9999935937520907 0.0030594114845995057 -0.17244753509526067 0.008760968914516758 -0.0030755968125602572 0.9999568938853806 10.594402205251042
0.9999377504881966 -0.0032079582577254078 -0.010687018504569271 -0.11492650560410154 0.003241200589288728 0.9999899561945249 0.003094715168596599 -0.19343626812263306 0.010676981305494609 -0.003129161258416627 0.9999381033172786 12.101459061896596
0.9999267289548617 -0.002900406221485408 -0.011752372841216944 -0.1464657122815867 0.002939720860730282 0.999990137473288 0.0033293823074574415 -0.22123040798070664 0.01174259851537315 -0.003363686958238078 0.9999253935718504 13.594569809052416
0.9999146050374011 -0.0024831960866580384 -0.012830398617066061 -0.16606575758509254 0.002524509589096737 0.9999916770875571 0.0032048061781940005 -0.23734172380107757 0.012822332046359767 -0.0032369228464526815 0.9999125478750417 15.067224577987492
0.9999074340667538 -0.0013785968168532835 -0.013536219774644108 -0.2048324889999214 0.001430831897395296 0.9999915652589174 0.003850001146337956 -0.26531162857506874 0.013530795802185712 -0.0038690127047034174 0.9999009706743289 16.55806092353759
0.9999019825277267 8.821535029781655e-05 -0.01400062209628993 -0.22916705897313197 -2.4100407184566846e-05 0.9999895168253539 0.004579534616811261 -0.2843007228679882 0.014000877710950124 -0.0045787481729185 0.9998915006469192 18.029325800191423
0.9999003789314878 0.0007471162754967594 -0.014095117573582639 -0.2607962951316734 -0.0006725324218518039 0.9999857554583952 0.005295457256077096 -0.30071852029383817 0.014098871464255454 -0.005285450096143539 0.9998866356101171 19.512232677927397
0.9998872323969773 0.001144598853274461 -0.014973668209034013 -0.2924299221506706 -0.0010622032063345576 0.999984256598601 0.00550949335209624 -0.3300362061399843 0.014979736016923954 -0.0054929669149796 0.9998727110044218 20.979703779628707
0.9998904636902335 0.0016514290001614863 -0.014708479645902989 -0.31067421485197044 -0.0015703085218327676 0.9999835045320137 0.005525053539026356 -0.34747754526557817 0.014717359484321789 -0.005501351361448355 0.9998765617777526 22.450714710377547
0.9998794254416704 0.0024810500685448506 -0.015329209238215761 -0.35228135671216465 -0.0023851961891840035 0.9999775076584696 0.006268132648843004 -0.36550787023440473 0.01534441446152212 -0.006230813551427479 0.99986285689986 23.901246808802785
0.999881961487783 0.0030181926833160073 -0.015064655042023417 -0.3812361480395794 -0.0029096644954775706 0.9999697007987525 0.007220857002534469 -0.38172273057904305 0.015085989995014211 -0.007176171295187942 0.9998604477134645 25.357255389154112
0.9998840402652464 0.003653726372349668 -0.014783704750029034 -0.40810481620536404 -0.0035626990485620354 0.999974559376512 0.00617890890285591 -0.4054302732364218 0.014805902338510913 -0.0061255223368646685 0.9998716203582416 26.811102777149472
0.9998794752451174 0.0035675636069494544 -0.01511000541498993 -0.4461805949716756 -0.003505040989217372 0.9999851909563146 0.004162274081643244 -0.4222271998484707 0.015124628564970167 -0.0041088111800984825 0.999877173798568 28.234367627963824
0.9998930597481595 0.0027006855466859313 -0.014372663193694287 -0.4728325460428519 -0.0026424197689977062 0.9999882229219693 0.004071352368145296 -0.4458348372353086 0.014383486909795302 -0.004032938157070195 0.9998884173298711 29.661573658179744
0.9999061722133493 0.0009564953812312314 -0.013664874524676494 -0.4888776651055054 -0.0008718094280705252 0.9999803847036993 0.006201955144989497 -0.46626684801135987 0.01367053696441024 -0.006189459890701559 0.9998873930829514 31.079003135168666
0.999903348048856 -0.0004251304368857759 -0.013896859535762578 -0.5219273911377473 0.0005333039141342335 0.9999695830697911 0.007781254239809154 -0.48785876190259353 0.01389312694770172 -0.0077879132329588775 0.9998731588813526 32.5051833431993
0.9999118530208002 -0.001205747842832864 -0.013222304078330811 -0.5361718080919755 0.001302438874259944 0.9999724568057141 0.007306559070978512 -0.5062990968021964 0.013213129077837947 -0.007323136198751308 0.9998858901734855 33.90195352794926
0.9999121173447149 -0.0012811873533590064 -0.013195237126119608 -0.5704300269672766 0.0013548797459964226 0.9999835291462484 0.005577359375121825 -0.5260118539004777 0.013187872435299819 -0.005594747003547434 0.9998973835090367 35.29184232377244
0.9999198844671193 -0.0007162253089691683 -0.012637481692931834 -0.5998747377984163 0.0007769385972405384 0.999988175983947 0.00479997505323676 -0.5438165926286935 0.012633892652484172 -0.004809408852461796 0.9999086195489338 36.65656492378384
0.999936108332811 0.0004036233308790316 -0.011296491382109345 -0.6188737548456011 -0.00036138126421633515 0.9999929343152834 0.003741185173006958 -0.5754970929344844 0.011297920244087828 -0.0037368637733724234 0.9999291973519056 38.01598249548074
0.9999431948122162 0.0008959273096350167 -0.01062115595118863 -0.6448380268541833 -0.0008457111763193135 0.9999884530137917 0.004731473261948873 -0.5910092285590959 0.010625270982422854 -0.004722221891711343 0.999932402173992 39.35341325703036
0.9999635573885303 0.0008286319608140054 -0.008497171200326616 -0.6658925939564606 -0.000771011447779351 0.9999767076049701 0.006782163791493247 -0.6134344841555426 0.008502592003027915 -0.006775364815776912 0.9999408950064996 40.679779137333426
0.9999794453741182 0.0008157015430951776 -0.006358916925597895 -0.6729413607365774 -0.0007647745518658995 0.9999676519705081 0.008007049125352182 -0.6424008455648726 0.0063652416781615545 -0.008002021098588845 0.9999477226553736 41.98444204446434
0.9999898812441 0.0009790502418459684 -0.004390386969041227 -0.7026541123267662 -0.000941251254457714 0.9999625522373251 0.008603264129720177 -0.6561573233512326 0.0043986449103402365 -0.008599044395888454 0.9999533565185748 43.27116489370261
0.9999996045155308 0.0006674953724510382 -0.0005915618892758057 -0.700154087621838 -0.0006625912010809297 0.999965734973271 0.00825189660691274 -0.6765801162869243 0.0005970496347539955 -0.008251501194067165 0.9999657805111982 44.5427617114116
0.9999966238356578 -0.00022052940086061742 0.002590276543482354 -0.7065564571534186 0.00020361737370497334 0.9999786718398173 0.006527441289327473 -0.6980210620404751 -0.0025916605324441625 -0.006526891744663737 0.9999753443245248 45.786151932147774
0.999975525934395 -0.00014474074517069118 0.0069943334461104855 -0.7028893380969591 0.00011096709355043103 0.9999883387265526 0.0048288772264985 -0.7169623251526556 -0.006994949876258944 -0.0048279827063380945 0.9999638753390522 47.02014174012011
0.9999529555901353 5.88738862756661e-05 0.009699803276743479 -0.7081127787881842 -0.0001086708201907711 0.9999868230478751 0.005133367567467061 -0.734059945532923 -0.00969937189412118 -0.005134179947543656 0.9999397813619897 48.23313500118624
0.9998788659647019 0.00031126554675495454 0.015561581095848657 -0.6954463645184863 -0.000392683079395269 0.9999862508516271 0.005229175126203184 -0.7596295855882013 -0.015559737243769757 -0.0052346523198405735 0.999865233183671 49.45621617857493
0.9997557311208778 0.0014816326082786131 0.022051645896063073 -0.6720818829967342 -0.0015740482545606703 0.9999900473920675 0.0041741136911326035 -0.7767461504270614 -0.02204523907667937 -0.004207804419044408 0.9997481214870544 50.661841868352695
0.9995485701470902 0.003231426960438741 0.029870021943915002 -0.6365882798214159 -0.0033549605551973388 0.9999860182222313 0.0040865204363824854 -0.7975868442429709 -0.029856394879124396 -0.004184888444749843 0.9995454416306784 51.862459442437824
0.999277581907907 0.0042847934606222455 0.03776189749900595 -0.618554514882763 -0.004488309892865621 0.9999758498015434 0.0053063516367187315 -0.8176867717036425 -0.037738243388669185 -0.005472005136445936 0.9992726782905494 53.02941801618951
0.9988040583199643 0.0060971592497740725 0.04851057574807302 -0.5668509583968331 -0.006383642456979705 0.9999630717265572 0.005752858625018846 -0.8353496745620886 -0.04847370262406111 -0.006055652677815552 0.9988060999534784 54.203574204907014
0.9980906054985366 0.008611192926886889 0.061163659465335585 -0.5139165043219581 -0.00898138162642704 0.999942964981978 0.005780097303754416 -0.8558026188484886 -0.061110388740423016 -0.0063183948087737925 0.9981110195194854 55.3516850614092
0.9970404586738048 0.010868782942936911 0.07610646948012499 -0.43810299943191794 -0.011381504868931797 0.9999153434920416 0.0063064270588954925 -0.8751272773858731 -0.07603147241304603 -0.007153968938059593 0.9970797578341535 56.483569498519905
0.9956109783128093 0.012360606301496253 0.09276855788353267 -0.34755135207222193 -0.013107660445538478 0.9998863495779606 0.007447890338676983 -0.88645386336325 -0.09266594230592254 -0.008631179847011016 0.99565984210923 57.61172028048313
0.99388545600458 0.012646994633366486 0.10968936341287744 -0.23665905175000954 -0.013651481926397153 0.9998714336428581 0.008411410473574901 -0.9032222504796611 -0.10956887178586427 -0.009857400191502108 0.9939303303525621 58.71778470462819
0.9915821650306714 0.012224226963674463 0.12890066015832133 -0.09916087539491039 -0.013400647120590298 0.9998760610410994 0.008263201974108928 -0.9258023300673146 -0.1287836501100329 -0.009920995337374514 0.9916230839282292 59.811826376606184
0.988670074186665 0.011059641631281661 0.14969693788808586 0.0594919852680759 -0.012197122516655246 0.9999032784167596 0.006682560986663017 -0.9377033591555644 -0.14960853606572722 -0.008432719783292408 0.9887093473965752 60.90406141624555
0.9854082536285161 0.008585565302095807 0.16999076991736203 0.2376548875080982 -0.009832557643036895 0.9999305616777258 0.006495149526008485 -0.9490551396101676 -0.16992318116726274 -0.00807181797932068 0.985424254693758 61.95799663132995
0.981292084880086 0.0033616520006454543 0.19249556805488346 0.44565945025596393 -0.005067858051393022 0.999952112733488 0.008371925601394457 -0.9696303129772117 -0.1924581769303538 -0.009190844520005155 0.981262132386426 63.02102562725782
0.9765702622196709 -0.0024658967212261578 0.21518469163768889 0.6700373340728029 0.00035317383751215606 0.9999513632503382 0.009856080749633634 -0.977550399162942 -0.2151984954708121 -0.009549157292139027 0.9765236345299908 64.04623090835193
0.9710067453281169 -0.008073797928581511 0.23891571265672973 0.9193253955214639 0.006019710923309675 0.9999383900413328 0.009325966419007658 -0.9894714235568117 -0.23897625356197247 -0.0076173731861210086 0.9709955246305503 65.056755266849
0.9642378554779852 -0.013394390482151661 0.26469975697713827 1.211516335014007 0.01167027211748914 0.9998992170637173 0.008085091559647388 -1.0150686575143668 -0.2647813345394885 -0.004706833038124438 0.9642969874582975 66.0443354394132
0.9566588103372478 -0.01767756094515213 0.2906741162362906 1.498713846195984 0.015791962131313682 0.9998362891995527 0.008831696406764485 -1.0241437070146995 -0.2907826188640195 -0.0038586051573314627 0.9567813604631995 67.02134006462289
0.9478709792335094 -0.019921382389566148 0.318031069842878 1.820712431315206 0.01735325577686087 0.9997899329717274 0.0109063215779278 -1.0289157530876205 -0.31818148941003094 -0.004818911186053897 0.9480175677947634 67.98358789965202
0.9381261419163702 -0.025090051503111954 0.34538362478933565 2.172398846987456 0.02175185746571158 0.9996717389076117 0.013538069631909518 -1.0359844529626507 -0.34560987439755875 -0.005187681241841436 0.938363939176018 68.91861491602948
0.9270857568118684 -0.028656254324671712 0.3737523714116159 2.533014390945277 0.025400111543873085 0.9995843638709981 0.013635390927587686 -1.05318756840375 -0.37398771750225 -0.003147824704150186 0.9274282993171333 69.82725909106532
0.9148622937061537 -0.02820318982353133 0.4027798111690251 2.9388473293041906 0.026561975257901455 0.9996004764495696 0.00966128368739618 -1.0545108983018234 -0.4028913238016757 0.0018598826107515134 0.9152459298442767 70.72807394487063
0.9018116909461381 -0.02883691311896253 0.43116600007894124 3.346685463554608 0.02953279685878147 0.9995508932310879 0.005081425310075473 -1.0700206873681353 -0.43111884093515596 0.008151048889458263 0.902258325822774 71.59579699981674
0.8873729362865602 -0.03081144115620715 0.46002170199993375 3.7880288151948447 0.03327692421239401 0.9994423866824925 0.002750339595898908 -1.086520297338598 -0.4598498665849374 0.012867529650461314 0.8879034270309475 72.4409726030095
0.8711467118189012 -0.03207056455600847 0.4899744057166334 4.262895122194916 0.03356767779722413 0.9994199957850485 0.0057341534911772764 -1.1026207407500899 -0.4898740570635821 0.011452013596785618 0.8717179723960503 73.28529920655761
0.8536582910251158 -0.031605662345025855 0.5198736724726614 4.742424525659384 0.030102867526935105 0.9994825607403214 0.011333028410506745 -1.10163483481881 -0.519962781524509 0.005975154007665295 0.854167998234563 74.09462197593446
0.8337115080198674 -0.031907691242302444 0.5512776660615878 5.27719719075626 0.028824952641062215 0.9994827999040877 0.014256864668202677 -1.0962174632126858 -0.5514473695125326 0.004004440486982018 0.8342000520760449 74.89240063383872
0.8125296642269915 -0.026175750137911524 0.5823318771644176 5.80640079296563 0.024653721847723443 0.9996405442526938 0.010534300455285745 -1.1162804609828716 -0.5823982178737015 0.005797216243244701 0.8128829315203147 75.65699791683437
0.79045653348388 -0.01927860382903543 0.612214719360703 6.373693189956751 0.02119999868137744 0.9997668039758841 0.004110370767789797 -1.1310559424402986 -0.6121511136239463 0.009729881093109892 0.7906809125402359 76.39876539470015
0.7677301144298465 -0.016882729139477953 0.6405509342144754 6.98092517223555 0.020156708610583947 0.9997944330793671 0.0021924011434992278 -1.1381907469457502 -0.6404561775218713 0.011228225388180616 0.7679125924907864 77.11460058301014
0.7444057754494287 -0.01942463514552541 0.6674449705980285 7.5796872658667205 0.021610118219855378 0.9997540062955165 0.004993908455471305 -1.1528084747078167 -0.6673776936314273 0.010706069623075092 0.7446424182550547 77.78862067777328
0.7195570659169931 -0.0200415625948848 0.6941441023410875 8.209533054195695 0.02251085468482398 0.9997313017967223 0.0055295889156214825 -1.1511593460623029 -0.694068319948485 0.011646921875880714 0.7198148722862848 78.44316787133822
0.6939379505858067 -0.01861693239275318 0.7197941417058873 8.878124477429166 0.023453257553133797 0.9997196632791471 0.00324621434734125 -1.1811482756700007 -0.7196526936694148 0.014628845170108392 0.6941800361350463 79.08696860028941
0.6674063247982664 -0.016212908927270824 0.7445173024191851 9.544585656289492 0.02279176855950174 0.9997393314838916 0.0013395394874986938 -1.1946589347053 -0.7443448594724223 0.01607484846533057 0.6676018737178417 79.6782399898391
0.6403397891541741 -0.013859744262345793 0.7679667551584779 10.247437508639202 0.02133218547526594 0.9997724119142597 0.0002561840520845579 -1.1962398643464347 -0.7677954170704295 0.016218363637963435 0.640489718931566 80.26943646923532
0.6123254109570841 -0.012481393084851196 0.7905073625691048 10.95212932706524 0.021951741668579744 0.9997582879573529 -0.0012185013853071045 -1.2110810097816114 -0.7903009731212768 0.018099131706580465 0.612451391085563 80.81583348866258
0.5833900988301359 -0.006858986000745534 0.8121631817905575 11.68167867391724 0.02116881975421965 0.9997530388937439 -0.0067626673867075575 -1.2303078634275768 -0.8119161166617734 0.02113780798732677 0.5833912322761202 81.34643519110215
0.5534733129258247 0.0022940454317808183 0.8328638091377971 12.450894835676419 0.01969702819479911 0.9996804604267494 -0.01584303892889665 -1.252107828345699 -0.8326339031068619 0.02517364065563085 0.553251276647426 81.84577618845567
0.5227155255018265 0.010338352421600304 0.8524445384236405 13.208089890910701 0.018479779123139674 0.9995540983553675 -0.02345420816759262 -1.2850158054322058 -0.8523067974009096 0.028012863638961827 0.522291396142806 82.31958858616932
0.49059224749859487 0.015455214295567352 0.8712522524777253 14.000377390619636 0.01604358584869841 0.9995130145128049 -0.026764405816066962 -1.3138138751806345 -0.8712414920531956 0.027108419384327086 0.4901053879886002 82.77346221391097
0.45787461059900547 0.015394455796360503 0.8888835428789305 14.83646472486636 0.013926099606724843 0.9996031819098589 -0.02448549759302466 -1.347885833903971 -0.8889076433038734 0.02358996679764954 0.45747852749113577 83.20845959887339
0.42462689959083405 0.013636876563612269 0.9052657837282098 15.664604512156588 0.010620312993733635 0.9997427370195159 -0.02004167128229895 -1.37563921826522 -0.9053060750093057 0.018124437842113213 0.42437283338965004 83.60139623821996
0.3900978637667053 0.014812574963765824 0.9206543087117693 16.531646577890506 0.005809773004861027 0.9998110980578779 -0.018547849786834967 -1.4092498262127984 -0.9207550073464406 0.012584268141130598 0.3899381181754168 83.98035297172113
0.35506009794401877 0.017134174516186387 0.9346865066868734 17.381301505577298 -0.0007160066177422784 0.999836713562237 -0.018056483100824635 -1.4437489567294381 -0.9348431407014292 0.0057418947178403635 0.3550143884937442 84.3128867113544
0.31902404237815846 0.019584409568104567 0.9475443205932617 18.276481165896787 -0.006502235692083773 0.9998081736458364 -0.0184754245513872 -1.4637597038475079 -0.9477242584275131 -0.0002670528262051329 0.31909018397600525 84.62709387457018
0.2823628826263523 0.01871911647086514 0.9591250823427364 19.186170962198343 -0.008570855305691618 0.9998189191657135 -0.016990105164538673 -1.4919534471264269 -0.9592693188102726 -0.003423147926380996 0.2824721882079342 84.90516775553054
0.24535005234385135 0.018385263690235694 0.969260259167314 20.09239743301566 -0.009518595312633597 0.999817642801323 -0.016555432560586433 -1.5204517343072823 -0.9693877531156859 -0.005164120477165437 0.2454803148548257 85.14155411251544
0.2091860415193379 0.017482400778797397 0.9777196396121047 21.026923412563484 -0.008763149164993059 0.9998335416278945 -0.01600291319925489 -1.5564995981627485 -0.9778365341894796 -0.005220317016730685 0.20930442685276765 85.34179084185445
0.17395220678705303 0.016838501369505585 0.9846101938490585 21.979213380914633 -0.006576601238251613 0.9998513606102502 -0.015937256300572147 -1.5741084173887157 -0.9847320742895727 -0.003703067959899598 0.1740370926026967 85.50049167605992
0.13953191802494522 0.01532528578207858 0.990099036064978 22.921511723229436 0.0011051324975807544 0.9998771930868849 -0.015632380760221512 -1.6095830013247716 -0.9902168856364353 0.003275406721162977 0.1394978488881698 85.62878375805636
0.10518405727786906 0.018313965914788396 0.994284189907754 23.89216037627451 0.003980489725185925 0.999814643035806 -0.018836924859730212 -1.648930521153928 -0.9944447403696977 0.005939081057448055 0.10509165968632483 85.72122941653832
0.07304140476991736 0.024123540232387483 0.9970371791327348 24.845380790460023 0.004473673604859589 0.9996894401304977 -0.024515447571364833 -1.6594576733092286 -0.9973188058768877 0.006251060989004297 0.07291080209958496 85.7893694092512
0.043185929879186215 0.026748463816597543 0.9987089827537241 25.81170154710652 0.009601549820401767 0.9995842513777918 -0.02718709487550019 -1.7211077775149324 -0.9990208438262498 0.010763253069898046 0.04291115074302195 85.82586674997039
0.017490157019774327 0.025830469170403797 0.9995133876623522 26.797500670440286 0.012913872541325927 0.9995770148720351 -0.02605809028114845 -1.7516982414598827 -0.9997635690278663 0.013363347598141706 0.017149190108190538 85.84419756628174
-0.0042533362022207375 0.022835371501026398 0.9997302576292444 27.771847047423098 0.014399422823402539 0.9996369775711752 -0.0227719792699168 -1.779888392401319 -0.9998872121465902 0.014298680823198991 -0.00458060676895453 85.84453921872962
-0.023662767900666716 0.02093343531619954 0.9995008704133551 28.756064509765334 0.017133381836677283 0.9996424081763851 -0.020530774961900707 -1.8079866635035151 -0.999573105490923 0.01663901413493941 -0.024012965275718397 85.82710340238363
-0.04168526250761441 0.022979559832967185 0.9988665613992066 29.746720531874743 0.017442858848285184 0.9995998505945579 -0.02226849503059181 -1.8521145222316377 -0.9989784554851063 0.016494819308709864 -0.04206940908694353 85.7823263258541
-0.05595674008614575 0.0280823310069108 0.9980382540323051 30.723704932502137 0.020397468703070205 0.9994279114529421 -0.026977813558255154 -1.8776278596140004 -0.9982247461117305 0.01884786239147544 -0.05649753436679634 85.72050903214327
-0.06791289242751317 0.032328044805609905 0.9971674197252508 31.712775969447847 0.02349372952632907 0.9992495555537987 -0.030795488669461912 -1.9271175301404646 -0.9974145284201564 0.021335769752849468 -0.06862143312628544 85.66164909553122
-0.07715792136502644 0.036901843715870346 0.9963358105723933 32.70897074805661 0.03010898724813057 0.9989452728970274 -0.03466680259524803 -1.9676420861475314 -0.9965640781267648 0.027323842493812256 -0.07818761653200088 85.57396485265716
-0.08268225291278124 0.041583987902954284 0.9957080671172631 33.687358564098865 0.03347388972172251 0.9986811678278708 -0.038928528521747656 -2.01806181603315 -0.9960135548771385 0.030111522691109116 -0.0839651849150895 85.47559618563159
-0.08648814075700546 0.04680948317690448 0.9951526516073461 34.68807338560237 0.03545748435532716 0.9984073485586837 -0.04388098751357925 -2.0669186504989145 -0.9956216331536127 0.031490423223342154 -0.08801014080167831 85.40808087337506
-0.08935290667600157 0.05039771483607001 0.9947242096482805 35.68774722923866 0.036537494124329384 0.998212624356517 -0.04729241048842493 -2.130825989678872 -0.9953295579748026 0.032119014177973235 -0.09103460368051543 85.30247270897937
-0.0917378788503249 0.05365538565103889 0.9943366641369936 36.684554636870686 0.03791579414971057 0.998011377052625 -0.050355553324551564 -2.1843034401450065 -0.995061013924472 0.03308155103325604 -0.09358983120230009 85.21015643500891
-0.09469514452082523 0.05705618121831687 0.9938699920366735 37.68836069529876 0.03911426569193377 0.9977985522071553 -0.0535549381320057 -2.2517459635499697 -0.9947375429175609 0.0338031002378097 -0.0967183876863301 85.11802188835378
-0.09598008352486859 0.060810987649825995 0.9935240240401159 38.686728183939906 0.039869986760167314 0.9975659274334844 -0.05720671525888688 -2.319066067410252 -0.9945843723520504 0.03412108221608849 -0.09817099190861586 85.01412912132545
-0.09912959431486797 0.06193484970929047 0.9931452701659031 39.70768877336726 0.04192087542667542 0.9974349793470987 -0.05801808632391105 -2.3913486984348236 -0.9941910425886478 0.035882208568760746 -0.10147168703223067 84.9127326343522
-0.1009298567466422 0.061293331322116305 0.9930037365162517 40.71555742985834 0.04238797076546063 0.997459048092665 -0.057259982733113786 -2.453050485348591 -0.9939900893158905 0.03631216941277562 -0.10327150134602281 84.81278314583204
-0.10295910015043087 0.06100336712165423 0.9928132449717642 41.73036622653824 0.04356403947451076 0.9974364026256808 -0.05676965550197547 -2.528407703538463 -0.9937310798693475 0.03740600130874438 -0.10535271247524995 84.70812197338537
-0.10509657631163821 0.06192012237043511 0.9925324864493519 42.75621477088336 0.04240299790849627 0.9974309831202823 -0.0577357827023258 -2.6013585378497193 -0.9935575327322383 0.03601851829636788 -0.10745217680864408 84.5945630352537
-0.10765017212845399 0.06381469912519325 0.9921387326790274 43.77481861436528 0.040755177076006795 0.9973822534194994 -0.05972990094998576 -2.667468122585264 -0.9933530692531599 0.03400485372957886 -0.10996915129104537 84.4930326103084
-0.1098735236331123 0.0663733969531857 0.9917270358319459 44.80391281182942 0.039773175232948495 0.9972623289690337 -0.062337385439181714 -2.7415881864800076 -0.9931494161323161 0.03259490317978551 -0.1122126053359213 84.37458930894962
-0.11248854606454202 0.06982995771303466 0.9911963662731944 45.83586531215429 0.03725038723685316 0.9971227486071913 -0.06602001483088062 -2.8199860429379973 -0.9929544771472707 0.029495951570231597 -0.11476608254264925 84.26629365292557
-0.11445516789187628 0.07399555694758966 0.9906688643519018 46.86723853083145 0.03380963788961186 0.9969345789052239 -0.07055742437491472 -2.898811573069854 -0.9928528521301284 0.0254184926287114 -0.11660608101334764 84.15414745541187
-0.11748964059661049 0.07623410710000175 0.9901437693052331 47.90632065441641 0.030898575829425953 0.9968470462871598 -0.07308381515487311 -2.984748421125275 -0.9925932360953483 0.02200743988833902 -0.1194747256905494 84.02567123247671
-0.12059219170803956 0.07453106208890625 0.9899003852985727 48.95177553542009 0.028498370355044173 0.9970265218443379 -0.07159585645345956 -3.075954361903149 -0.9922929137339825 0.019576645594159683 -0.12235762013629839 83.89780794003525
-0.12285225162957127 0.07132350748092635 0.9898587813103307 50.012491566603615 0.02703409639923869 0.9972845399064298 -0.06850334107281156 -3.1481129787829483 -0.992056623267672 0.018344147032973362 -0.12444681827685858 83.77000386418757
-0.12532831174312198 0.06914637243953181 0.98970285189455 51.0649064101919 0.02700063096803808 0.9974365070367358 -0.06626754121343552 -3.241797457394149 -0.9917477792353213 0.01841740067458413 -0.12687402529361386 83.65949897301206
-0.12767111070024764 0.06943983199841917 0.9893828056128634 52.11566423025386 0.026911647504513872 0.9974213472135576 -0.06653130966000657 -3.320871388599819 -0.9914513221545249 0.01813179338603097 -0.12921063651330994 83.53012895441816
-0.12832174816018102 0.07238374871024848 0.9890875883983427 53.17598491542469 0.02759531718446917 0.9972073238152174 -0.06939782410943163 -3.406076565403442 -0.991348522294008 0.01838893472342519 -0.1299608356550363 83.37487207027809
-0.12917258466495662 0.07457935111517919 0.9888136806279005 54.23390384343665 0.027301881835201536 0.9970572218674157 -0.07163455423476861 -3.4893153836950943 -0.9912461434981779 0.0177432528902302 -0.13082860720245912 83.23282930748034
-0.12972454637372213 0.07559312459360212 0.9886644321530105 55.303949295748204 0.026468854077022853 0.9969983823100748 -0.07275730976441096 -3.5817327542150674 -0.9911966515403534 0.016730404731637952 -0.1313360259363527 83.10687406436377
-0.12938545441833352 0.07439075031738479 0.9888000605833878 56.37589680350063 0.023723785280221572 0.9971287223171369 -0.07191306471697963 -3.664827058315584 -0.9913104734960587 0.014153574526409071 -0.13077877789880338 82.96886646705694
-0.12959439880849186 0.07380092206960961 0.9888168951992343 57.45176859026424 0.020620440396452975 0.9972112796379592 -0.07172492773860181 -3.753409989857464 -0.9913525876055077 0.011094689971049444 -0.1307548008294673 82.83701019746832
-0.1295571568282694 0.07458741931586023 0.9887627605703452 58.53341104682794 0.016217240247448084 0.9971928767733054 -0.07309840933294527 -3.848749958793663 -0.9914392656802147 0.006564579976285072 -0.1304030799450359 82.6961976966836
-0.12992595928114864 0.07465135197269784 0.9887095412083124 59.6108354547197 0.011789369028097192 0.9972075313918204 -0.07374374934365649 -3.936365923222696 -0.9914535433469825 0.0020750334755108286 -0.13044324211067174 82.57183211516916
-0.1308071776222004 0.07396692833754245 0.9886447829764463 60.702053448492656 0.00847949045826083 0.9972599412710788 -0.0734895678837853 -4.033027364047124 -0.9913714969548858 -0.0012297598491556277 -0.13107596364887844 82.44619138685705
-0.13050546201449376 0.06880360532395109 0.9890573914187271 61.795318152448374 0.007911030860210859 0.9976296261061128 -0.06835607795676575 -4.116258065324755 -0.9914159638096794 -0.0010963792774986252 -0.1307404240916191 82.30127563952803
-0.1312310848860977 0.06109112826801581 0.9894677413726027 62.896471265881274 0.01195482297502705 0.9981243733114162 -0.06004005940120802 -4.196273093525192 -0.9912796583859389 0.003949788477552791 -0.13171527842531855 82.16633551094084
-0.13118124852595367 0.055782633830749044 0.989787807573546 64.01502364373685 0.018858389080148377 0.9983753991911465 -0.05376722561852202 -4.265433968564686 -0.9911789466908636 0.01161255089215452 -0.1320201006651928 82.01013559988886
-0.13007431280704435 0.05751355255146737 0.9898348301945255 65.10785678551649 0.025956187559439573 0.9981715928028286 -0.05458704869542169 -4.346592444412627 -0.9911643743611259 0.01859196428853912 -0.13132931999578423 81.86108154744475
-0.12940201838335533 0.06287674239644793 0.9895967724593892 66.21038370466165 0.030171089645316083 0.9977751587828279 -0.05945113727835789 -4.429681366921408 -0.9911330392093711 0.02216411477030138 -0.13101117039947247 81.70015221035315
-0.12798965783634864 0.06860842156149866 0.9893996514383889 67.32257063532143 0.033887142763354444 0.997324402167583 -0.06477428093283759 -4.498389088455717 -0.9911963372760847 0.025237487878333412 -0.12997214433123444 81.55088533704338
-0.12732057658197504 0.07175526628526797 0.9892627500952562 68.43401192865522 0.03401792677853522 0.9971088668838742 -0.06794618843926166 -4.611212210108376 -0.9912780247289004 0.025001718999104465 -0.12939344030189923 81.39661163980884
-0.12748011001015602 0.07094771995780229 0.9893004526098884 69.56105748223244 0.0322650500414534 0.9972070978562885 -0.06735711014802791 -4.677191032332534 -0.9913161216448386 0.023333135285990802 -0.1294131978461324 81.26806998967935
-0.12665359477736907 0.06650587728904545 0.989715089912258 70.69483693472502 0.03148104267014365 0.9975167986347001 -0.06300150801858781 -4.757027349491707 -0.9914472624678806 0.023177894287402964 -0.12843275385733113 81.11969579992873
-0.1265766473556909 0.06391923488517999 0.9898953544431075 71.83036517644184 0.029955555462547596 0.9977129178597031 -0.060593651551412844 -4.842326735439134 -0.9915043596069695 0.021983122905605876 -0.12820189050401218 80.99650604112517
-0.12690191375815119 0.0648090497984905 0.9897958447394326 72.97409664065428 0.02777869877825759 0.997704056821891 -0.061765346137433494 -4.9208457445912925 -0.9915261582155263 0.01965709859645329 -0.1284108630637398 80.84691147500007
-0.1261103827761627 0.06884050591971144 0.9896248191266244 74.10432437700338 0.027358321067797994 0.9974512041212215 -0.06589858751052752 -5.014046423836156 -0.9916388297412433 0.01876397674735254 -0.12767231134505877 80.70214539745002
-0.1260631060400487 0.07243808438337654 0.9893740196879318 75.25508392213253 0.028626880510384298 0.9971807285949292 -0.06936211043305446 -5.100685857620543 -0.9916090304474792 0.019578687711434024 -0.12778137255488045 80.56447779311344
-0.12557765481684446 0.07091931993606554 0.9895457713063444 76.39384782697816 0.026631241390070205 0.9973231991042705 -0.06809709825620233 -5.195701020135943 -0.9917262183788909 0.017801357233410434 -0.1271301742874261 80.41913412847236
-0.12486846871015655 0.06497182447622726 0.9900437668751519 77.5500331498789 0.030119341744038353 0.9976419339620397 -0.06167167965277753 -5.270906113174543 -0.9917159631265532 0.022118616535251212 -0.1265309252518832 80.26765591116188
-0.12553054892150073 0.06305263536613226 0.9900841288648627 78.72169767933637 0.02958648884522581 0.9977723523592074 -0.0597910498078399 -5.360834278143525 -0.9916484190911737 0.021787508699451993 -0.12711642343770663 80.12986661852017
-0.1249285085215225 0.06551536861409134 0.9900003742470641 79.87082959092969 0.02669666355081748 0.9976781508366673 -0.0626546016152622 -5.443608860025957 -0.9918064435347571 0.018602360060396502 -0.1263874823151448 79.98635290828739
-0.12463318909129531 0.06880156750808547 0.9898146548439868 81.03481093048048 0.02579490690736914 0.9974804302036837 -0.06608643096827116 -5.528292227070333 -0.9918674577191317 0.017295612819790786 -0.12609390111238847 79.84310662224536
-0.12494342804203133 0.06831032348862341 0.9898095687375714 82.21914060292765 0.02503086051627389 0.9975265260772392 -0.06568326176403962 -5.620529903075697 -0.9918480014222909 0.016569092446471426 -0.12634424803520788 79.70074831965906
-0.12493241783898924 0.06529786600124814 0.9900142451377786 83.39868870429429 0.02486155727142027 0.9977246548839432 -0.0626690753451675 -5.699722824225967 -0.991853648534925 0.016783895780594724 -0.12627155704495396 79.56791768379132
-0.12377055147939399 0.06383223590786215 0.9902557383059554 84.57135682992404 0.025669987352181654 0.9978008828821203 -0.06111014786222868 -5.79127045325793 -0.9919787118560626 0.017856214421009903 -0.1251369414027263 79.4180717280795
-0.12303389340353749 0.06420987603878106 0.9903231171196041 85.7722475248805 0.027086058646121267 0.9977501811248203 -0.06132636160029462 -5.879196776945675 -0.9920326979808554 0.019278727668447595 -0.12449627772128284 79.2651259373344
-0.12174098220605645 0.06433821199293095 0.9904745661934025 86.9457796857486 0.029261462809150724 0.9976958501169635 -0.061210708469155745 -5.965687715636957 -0.9921304179141776 0.02153088163738768 -0.12334310791090698 79.11620260337598
-0.12158554163838735 0.06454528290048406 0.9904801797596732 88.15607050921349 0.02931853928668498 0.9976815848532321 -0.061415596676729724 -6.047491072067215 -0.9921477963827846 0.021572182413904493 -0.1231960332148448 78.97019976711533
-0.11988462168851773 0.06424283855704428 0.9907071560237181 89.33797544978003 0.029063462649213348 0.9977035488199568 -0.06117957959483803 -6.141378327297921 -0.992362258638779 0.021458888217331915 -0.12147643713143913 78.83711514042353
-0.11872564311942983 0.06304867753099312 0.9909234130650457 90.54127381219487 0.03147739379974223 0.9977193667128837 -0.05970967467212543 -6.221868135525129 -0.9924279651034685 0.02410261550017964 -0.12043948359345395 78.6863579623492
-0.1175319986331857 0.062111447605283504 0.991124877308272 91.7716257420655 0.029340869473013138 0.997823623214091 -0.05905187269751364 -6.311293896771809 -0.9926354829869195 0.022139980287151237 -0.11909860458090533 78.55107144075951
-0.1160331106739125 0.06176881564136263 0.9913228821081936 92.97445802377858 0.031126550239114068 0.9978003187266079 -0.05852909919388411 -6.3940087554828615 -0.9927574307123938 0.02406514676563528 -0.11770051805269544 78.40417861811578
-0.11414462023216793 0.06199738442355036 0.991527839662778 94.19863876630374 0.029347827668139634 0.9978257404168547 -0.05901265536402244 -6.472947851291559 -0.9930304975933494 0.022363210268408405 -0.11571593018468676 78.27368229848825
-0.11268190977373449 0.06462143376300987 0.991527603721779 95.4439182523327 0.02844071445239275 0.9976838482441888 -0.06179052222199802 -6.571889566281378 -0.9932239302732031 0.021237078194993115 -0.11425879847045435 78.13051319818491
-0.11113069080393162 0.06398105091726776 0.9917441791424682 96.65269446401292 0.026380202134347858 0.9977637446231227 -0.06141334126243113 -6.649954548837206 -0.9934555423317514 0.019337503444973737 -0.11257000381919109 78.00721151542267
-0.111018729125074 0.06242801565546885 0.9918556935301344 97.90118185757227 0.024181139285325972 0.9978993152860411 -0.06010180385592545 -6.737576745863908 -0.9935240244934423 0.017311773544551573 -0.11229509616096713 77.86825252300484
-0.11027900535476814 0.06290282690752033 0.9919082188340979 99.13547891918411 0.02065258848338939 0.9979247995651599 -0.060988250273041146 -6.833328898757815 -0.9936860035872249 0.013759747659341792 -0.11134925421039184 77.74092555246021
-0.11131083366740568 0.06264298314459309 0.9918094023555958 100.37873113612329 0.017657931483944032 0.9979784529277319 -0.06105087286884475 -6.920465829491096 -0.9936286878403316 0.010717678151312209 -0.11219195926032616 77.61598668862455
-0.11239287910721357 0.06028538435866582 0.9918334745325907 101.63820920195717 0.01619178099950606 0.9981364750347944 -0.058833667979978875 -7.0067011015812355 -0.9935318540369696 0.009447064320595954 -0.1131595559275808 77.47600569388288
-0.1132429607485925 0.05868744813562941 0.9918326157298765 102.89544651233612 0.013921156961790006 0.9982497220545005 -0.05747769904861548 -7.092607425447723 -0.9934697294429855 0.007298511740026656 -0.11386175130590794 77.35248106408883
-0.11507829224367135 0.05777286520555217 0.9916750533822051 104.14557898653293 0.011860141259733184 0.9983160680343299 -0.056783455057944486 -7.1799634044369425 -0.9932855548596401 0.005226862154896275 -0.11556970579065855 77.20030340572366
-0.11684682459877103 0.05795136050862522 0.9914578107365319 105.39668494414978 0.011592179287029759 0.9983077011783716 -0.056985562989071224 -7.268193286630427 -0.9930822279336051 0.004834574337876157 -0.1173208665796005 77.06077249502196
-0.11894201175935383 0.056264427241197346 0.9913058248837459 106.64745350504518 0.010488268017189474 0.9984086487925835 -0.05540913308289954 -7.365196061419234 -0.9928457444360186 0.0038066069052966264 -0.11934284703322974 76.92797680735511
-0.12256397007665733 0.0527032403277413 0.9910603314686639 107.90566489602057 0.010514107064819783 0.9986019195472351 -0.05180401872338157 -7.431535314615776 -0.9924048557402364 0.004070807040384331 -0.12294674947057778 76.7672738980609
-0.12613514308678803 0.05203176458421389 0.9906476457564667 109.16574877771137 0.009618751462662964 0.9986407176641923 -0.051226870002190346 -7.512736344282637 -0.9919663639502708 0.003067283636724762 -0.12646417457740414 76.62157471479476
-0.13199415752876198 0.056944700045221244 0.9896135451295747 110.40455219083802 0.004325149009065144 0.9983721199184238 -0.05687180426806006 -7.608702020285123 -0.9912409949929202 -0.0032265201997053196 -0.13202558238966175 76.47810220710122
-0.13968117731704868 0.059662466790485764 0.9883975399279424 111.63661388129617 -0.0008038035383127139 0.998175965558259 -0.060366316716601746 -7.691493214777052 -0.990196133935012 -0.009226516234618126 -0.13937842824121033 76.31527268567852
-0.14839469222860344 0.05690587705882749 0.9872896542558072 112.87383742607022 0.005623264589647776 0.9983754494749646 -0.056699641816077714 -7.779778649594923 -0.9889121637302769 -0.0028621353470446244 -0.14847361724636113 76.13371641616165
-0.15925229738238486 0.054378098545935304 0.9857392495607613 114.09826124317826 0.008246021982419917 0.9985203241966477 -0.05375096931648406 -7.863597748586971 -0.9872034160811044 -0.0004315378665844332 -0.15946505681426282 75.9413977985435
-0.17238470465496042 0.05465631346770778 0.9835122454182943 115.32152306672519 0.0076712745746263114 0.9985036192129487 -0.05414484604549663 -7.96322236196785 -0.9849997673102172 -0.0017889516318078762 -0.1725460345579884 75.72938724004186
