1.000000000000000000e+00 0.000000000000000000e+00 0.000000000000000000e+00 0.000000000000000000e+00 0.000000000000000000e+00 1.000000000000000000e+00 0.000000000000000000e+00 0.000000000000000000e+00 0.000000000000000000e+00 0.000000000000000000e+00 1.000000000000000000e+00 0.000000000000000000e+00 0.000000000000000000e+00 0.000000000000000000e+00 0.000000000000000000e+00 1.000000000000000000e+00
9.999966900000000214e-01 -9.674481300000000068e-04 2.383206200000000195e-03 1.531298199999999943e+00 9.710759499999999534e-04 9.999983700000000253e-01 -1.521557399999999907e-03 8.281585299999999830e-03 -2.381730299999999974e-03 1.523866600000000010e-03 9.999959999999999960e-01 1.558138899999999931e-02 0.000000000000000000e+00 0.000000000000000000e+00 0.000000000000000000e+00 1.000000000000000000e+00
9.999924100000000537e-01 -1.765791899999999935e-03 3.473149799999999867e-03 3.063607399999999981e+00 1.772120299999999961e-03 9.999967699999999793e-01 -1.819843999999999932e-03 5.014527799999999799e-03 -3.469925100000000040e-03 1.825985000000000021e-03 9.999923099999999954e-01 3.566162700000000130e-02 0.000000000000000000e+00 0.000000000000000000e+00 0.000000000000000000e+00 1.000000000000000000e+00
9.999878599999999507e-01 -3.627313899999999938e-03 3.334916500000000006e-03 4.578925100000000192e+00 3.629420799999999794e-03 9.999932200000000160e-01 -6.259111900000000452e-04 3.222703100000000320e-02 -3.332623500000000006e-03 6.380074000000000335e-04 9.999942400000000342e-01 4.991533900000000301e-02 0.000000000000000000e+00 0.000000000000000000e+00 0.000000000000000000e+00 1.000000000000000000e+00
9.999829199999999974e-01 -4.935066299999999774e-03 3.130311199999999839e-03 6.077404399999999818e+00 4.936276100000000326e-03 9.999877400000000138e-01 -3.788821700000000073e-04 3.872787500000000188e-02 -3.128403000000000087e-03 3.943277800000000079e-04 9.999950300000000070e-01 5.442779600000000051e-02 0.000000000000000000e+00 0.000000000000000000e+00 0.000000000000000000e+00 1.000000000000000000e+00
9.999728399999999739e-01 -6.489018800000000316e-03 3.495892799999999849e-03 7.600417400000000434e+00 6.488866799999999657e-03 9.999789500000000331e-01 5.481946099999999918e-05 6.348821699999999957e-02 -3.496174900000000203e-03 -3.213358899999999664e-05 9.999938900000000519e-01 7.316607799999999551e-02 0.000000000000000000e+00 0.000000000000000000e+00 0.000000000000000000e+00 1.000000000000000000e+00
9.999631399999999726e-01 -7.777323299999999717e-03 3.637064399999999885e-03 9.107140199999999908e+00 7.780141699999999771e-03 9.999694399999999872e-01 -7.614149100000000212e-04 8.857482199999999750e-02 -3.631031500000000013e-03 7.896837199999999501e-04 9.999930999999999681e-01 7.988235100000000422e-02 0.000000000000000000e+00 0.000000000000000000e+00 0.000000000000000000e+00 1.000000000000000000e+00
9.999570100000000350e-01 -8.771916899999999268e-03 3.005853199999999805e-03 1.059541199999999961e+01 8.777638100000000401e-03 9.999596800000000174e-01 -1.895485199999999990e-03 9.300221399999999972e-02 -2.989104900000000113e-03 1.921788100000000046e-03 9.999936900000000461e-01 9.772117900000000523e-02 0.000000000000000000e+00 0.000000000000000000e+00 0.000000000000000000e+00 1.000000000000000000e+00
9.999383499999999758e-01 -1.067829699999999979e-02 3.044708900000000010e-03 1.210255699999999912e+01 1.068828800000000065e-02 9.999374899999999844e-01 -3.284018200000000162e-03 1.159359400000000012e-01 -3.009450800000000158e-03 3.316358399999999856e-03 9.999899700000000058e-01 1.080550599999999944e-01 0.000000000000000000e+00 0.000000000000000000e+00 0.000000000000000000e+00 1.000000000000000000e+00
9.999256399999999489e-01 -1.174792199999999918e-02 3.270559299999999808e-03 1.359581999999999979e+01 1.175769200000000014e-02 9.999264199999999825e-01 -2.984146699999999826e-03 1.476797599999999933e-01 -3.235261100000000160e-03 3.022378999999999951e-03 9.999902000000000513e-01 1.254043499999999978e-01 0.000000000000000000e+00 0.000000000000000000e+00 0.000000000000000000e+00 1.000000000000000000e+00
9.999127799999999455e-01 -1.282956099999999974e-02 3.134974999999999914e-03 1.506852800000000059e+01 1.283765299999999922e-02 9.999142800000000442e-01 -2.574885600000000052e-03 1.675723399999999863e-01 -3.101671600000000060e-03 2.614906699999999980e-03 9.999917699999999465e-01 1.310163099999999969e-01 0.000000000000000000e+00 0.000000000000000000e+00 0.000000000000000000e+00 1.000000000000000000e+00
9.999011100000000374e-01 -1.355097799999999998e-02 3.760866099999999896e-03 1.655954099999999940e+01 1.355660700000000003e-02 9.999070199999999797e-01 -1.475192800000000009e-03 2.066882100000000111e-01 -3.740526100000000128e-03 1.526031499999999912e-03 9.999918399999999652e-01 1.487276299999999996e-01 0.000000000000000000e+00 0.000000000000000000e+00 0.000000000000000000e+00 1.000000000000000000e+00
9.998915000000000441e-01 -1.403725800000000037e-02 4.466121899999999853e-03 1.803093099999999893e+01 1.403744900000000045e-02 9.999014699999999589e-01 -1.149350499999999966e-05 2.315254300000000043e-01 -4.465520500000000337e-03 7.418521800000000513e-05 9.999900299999999742e-01 1.575039299999999864e-01 0.000000000000000000e+00 0.000000000000000000e+00 0.000000000000000000e+00 1.000000000000000000e+00
9.998865700000000301e-01 -1.414563400000000068e-02 5.171697599999999610e-03 1.951394399999999862e+01 1.414247400000000036e-02 9.998997800000000158e-01 6.470272799999999625e-04 2.637479400000000140e-01 -5.180331899999999698e-03 -5.738132899999999828e-04 9.999864200000000425e-01 1.636902500000000094e-01 0.000000000000000000e+00 0.000000000000000000e+00 0.000000000000000000e+00 1.000000000000000000e+00
9.998726000000000003e-01 -1.503093399999999927e-02 5.371986399999999738e-03 2.098158000000000101e+01 1.502556700000000009e-02 9.998865700000000301e-01 1.038158300000000065e-03 2.956208799999999748e-01 -5.386981499999999624e-03 -9.573089000000000121e-04 9.999850300000000525e-01 1.827418399999999887e-01 0.000000000000000000e+00 0.000000000000000000e+00 0.000000000000000000e+00 1.000000000000000000e+00
9.998763999999999985e-01 -1.477230199999999931e-02 5.382211700000000265e-03 2.245267300000000077e+01 1.476417300000000023e-02 9.998898099999999900e-01 1.546922799999999893e-03 3.145433899999999783e-01 -5.404470199999999828e-03 -1.467267699999999985e-03 9.999843200000000376e-01 1.897274200000000077e-01 0.000000000000000000e+00 0.000000000000000000e+00 0.000000000000000000e+00 1.000000000000000000e+00
9.998626000000000458e-01 -1.541109199999999950e-02 6.106236600000000334e-03 2.390331700000000126e+01 1.539685099999999959e-02 9.998786499999999799e-01 2.372315800000000113e-03 3.565700199999999875e-01 -6.142055599999999768e-03 -2.277972999999999977e-03 9.999785399999999713e-01 1.978448299999999993e-01 0.000000000000000000e+00 0.000000000000000000e+00 0.000000000000000000e+00 1.000000000000000000e+00
9.998601400000000083e-01 -1.516410699999999959e-02 7.053352899999999585e-03 2.535944900000000146e+01 1.514388399999999982e-02 9.998810799999999777e-01 2.911838600000000131e-03 3.862045599999999745e-01 -7.096669600000000099e-03 -2.804616199999999861e-03 9.999708899999999456e-01 2.040715899999999972e-01 0.000000000000000000e+00 0.000000000000000000e+00 0.000000000000000000e+00 1.000000000000000000e+00
9.998712499999999892e-01 -1.488024400000000080e-02 6.004646899999999642e-03 2.681335899999999839e+01 1.485911099999999950e-02 9.998833000000000304e-01 3.548910299999999841e-03 4.137062100000000187e-01 -6.056754800000000404e-03 -3.459229600000000068e-03 9.999756699999999832e-01 2.172065300000000088e-01 0.000000000000000000e+00 0.000000000000000000e+00 0.000000000000000000e+00 1.000000000000000000e+00
9.998768000000000100e-01 -1.518222800000000074e-02 3.985502999999999615e-03 2.823657299999999992e+01 1.516847200000000055e-02 9.998789700000000336e-01 3.459413499999999895e-03 4.522412800000000233e-01 -4.037542199999999935e-03 -3.398533300000000125e-03 9.999860699999999492e-01 2.234649800000000075e-01 0.000000000000000000e+00 0.000000000000000000e+00 0.000000000000000000e+00 1.000000000000000000e+00
9.998881499999999756e-01 -1.443430000000000060e-02 3.915982800000000416e-03 2.966390200000000021e+01 1.442418999999999993e-02 9.998925899999999700e-01 2.597928800000000055e-03 4.795640199999999798e-01 -3.953061499999999638e-03 -2.541153300000000091e-03 9.999889600000000378e-01 2.369862100000000027e-01 0.000000000000000000e+00 0.000000000000000000e+00 0.000000000000000000e+00 1.000000000000000000e+00
9.998873099999999736e-01 -1.372607099999999941e-02 6.078993999999999891e-03 3.108156500000000122e+01 1.372109200000000070e-02 9.999054899999999524e-01 8.599792800000000473e-04 4.962398700000000273e-01 -6.090223599999999848e-03 -7.764719399999999707e-04 9.999811499999999853e-01 2.479747399999999991e-01 0.000000000000000000e+00 0.000000000000000000e+00 0.000000000000000000e+00 1.000000000000000000e+00
9.998732099999999567e-01 -1.395144899999999945e-02 7.676292700000000163e-03 3.250794100000000242e+01 1.395586899999999922e-02 9.999024800000000379e-01 -5.225354299999999865e-04 5.296607800000000532e-01 -7.668253899999999748e-03 6.295985199999999671e-04 9.999704000000000370e-01 2.600300999999999862e-01 0.000000000000000000e+00 0.000000000000000000e+00 0.000000000000000000e+00 1.000000000000000000e+00
9.998860099999999917e-01 -1.326218799999999941e-02 7.217333200000000323e-03 3.390478000000000236e+01 1.327189200000000041e-02 9.999110799999999522e-01 -1.298420399999999919e-03 5.445905199999999668e-01 -7.199471500000000426e-03 1.394060099999999951e-03 9.999731099999999984e-01 2.683901599999999887e-01 0.000000000000000000e+00 0.000000000000000000e+00 0.000000000000000000e+00 1.000000000000000000e+00
9.998975100000000449e-01 -1.322257699999999925e-02 5.489237000000000109e-03 3.529466000000000037e+01 1.323030799999999965e-02 9.999115299999999928e-01 -1.374487800000000030e-03 5.793715900000000474e-01 -5.470577100000000373e-03 1.446971200000000089e-03 9.999839900000000448e-01 2.778586000000000111e-01 0.000000000000000000e+00 0.000000000000000000e+00 0.000000000000000000e+00 1.000000000000000000e+00
9.999086900000000444e-01 -1.266644400000000066e-02 4.708079000000000430e-03 3.665942199999999929e+01 1.267037399999999987e-02 9.999194000000000138e-01 -8.058290599999999625e-04 6.095300999999999636e-01 -4.697492600000000365e-03 8.654086000000000070e-04 9.999885899999999550e-01 2.858329099999999956e-01 0.000000000000000000e+00 0.000000000000000000e+00 0.000000000000000000e+00 1.000000000000000000e+00
9.999291700000000338e-01 -1.133007999999999932e-02 3.645706700000000099e-03 3.801897400000000005e+01 1.132897599999999928e-02 9.999357700000000015e-01 3.232940000000000119e-04 6.293881999999999532e-01 -3.649135500000000136e-03 -2.819689799999999954e-04 9.999932999999999739e-01 3.075491799999999776e-01 0.000000000000000000e+00 0.000000000000000000e+00 0.000000000000000000e+00 1.000000000000000000e+00
9.999323399999999751e-01 -1.066892799999999940e-02 4.636174399999999987e-03 3.935653299999999888e+01 1.066523299999999966e-02 9.999427899999999703e-01 8.209687900000000324e-04 6.560979399999999906e-01 -4.644668000000000234e-03 -7.714673600000000438e-04 9.999889199999999478e-01 3.139162099999999733e-01 0.000000000000000000e+00 0.000000000000000000e+00 0.000000000000000000e+00 1.000000000000000000e+00
9.999408499999999922e-01 -8.562437500000000604e-03 6.706290900000000041e-03 4.068315499999999929e+01 8.557462899999999928e-03 9.999630900000000544e-01 7.701277000000000296e-04 6.782275700000000018e-01 -6.712637599999999802e-03 -7.126933099999999827e-04 9.999772200000000000e-01 3.275547899999999846e-01 0.000000000000000000e+00 0.000000000000000000e+00 0.000000000000000000e+00 1.000000000000000000e+00
9.999476899999999446e-01 -6.435087299999999594e-03 7.950070599999999391e-03 4.198808199999999857e+01 6.429140600000000060e-03 9.999790299999999910e-01 7.733425199999999786e-04 6.862974400000000363e-01 -7.954880500000000715e-03 -7.221899399999999643e-04 9.999681000000000264e-01 3.475356900000000082e-01 0.000000000000000000e+00 0.000000000000000000e+00 0.000000000000000000e+00 1.000000000000000000e+00
9.999533299999999736e-01 -4.474705699999999634e-03 8.562809200000000287e-03 4.327491299999999796e+01 4.466722099999999827e-03 9.999895699999999943e-01 9.512630699999999806e-04 7.171060999999999686e-01 -8.566976500000000189e-03 -9.129709800000000231e-04 9.999628900000000487e-01 3.524343899999999863e-01 0.000000000000000000e+00 0.000000000000000000e+00 0.000000000000000000e+00 1.000000000000000000e+00
9.999657800000000263e-01 -6.685135499999999989e-04 8.246081500000000328e-03 4.454664700000000011e+01 6.630356900000000317e-04 9.999995600000000096e-01 6.670148399999999578e-04 7.161531100000000372e-01 -8.246523699999999332e-03 -6.615245700000000305e-04 9.999657800000000263e-01 3.635809799999999981e-01 0.000000000000000000e+00 0.000000000000000000e+00 0.000000000000000000e+00 1.000000000000000000e+00
9.999753399999999903e-01 2.540200199999999905e-03 6.547751800000000365e-03 4.579009500000000088e+01 -2.538952100000000170e-03 9.999967600000000401e-01 -1.989084800000000069e-04 7.238718499999999834e-01 -6.548235799999999746e-03 1.822791399999999903e-04 9.999785399999999713e-01 3.756261699999999815e-01 0.000000000000000000e+00 0.000000000000000000e+00 0.000000000000000000e+00 1.000000000000000000e+00
9.999638699999999769e-01 6.956301500000000408e-03 4.884596899999999603e-03 4.702415100000000336e+01 -6.955933400000000218e-03 9.999757999999999702e-01 -9.233994500000000313e-05 7.219460899999999848e-01 -4.885121000000000081e-03 5.835967800000000283e-05 9.999880700000000067e-01 3.851572100000000276e-01 0.000000000000000000e+00 0.000000000000000000e+00 0.000000000000000000e+00 1.000000000000000000e+00
9.999397899999999950e-01 9.656504700000000455e-03 5.212701900000000013e-03 4.823729000000000156e+01 -9.657317299999999133e-03 9.999533600000000133e-01 1.307394600000000013e-04 7.284212100000000412e-01 -5.211196300000000073e-03 -1.810723100000000119e-04 9.999864099999999922e-01 3.936464199999999969e-01 0.000000000000000000e+00 0.000000000000000000e+00 0.000000000000000000e+00 1.000000000000000000e+00
9.998652799999999674e-01 1.551366300000000045e-02 5.360938400000000124e-03 4.946062599999999776e+01 -1.551616200000000001e-02 9.998795299999999608e-01 4.248428399999999868e-04 7.178682699999999750e-01 -5.353701599999999977e-03 -5.079668000000000508e-04 9.999855399999999506e-01 4.103353000000000139e-01 0.000000000000000000e+00 0.000000000000000000e+00 0.000000000000000000e+00 1.000000000000000000e+00
9.997483799999999921e-01 2.199856799999999959e-02 4.386835700000000192e-03 5.066640699999999953e+01 -2.200594499999999898e-02 9.997564899999999977e-01 1.640514200000000103e-03 6.969128199999999884e-01 -4.349678499999999788e-03 -1.736637899999999950e-03 9.999890299999999455e-01 4.182663099999999745e-01 0.000000000000000000e+00 0.000000000000000000e+00 0.000000000000000000e+00 1.000000000000000000e+00
9.995461799999999508e-01 2.979660699999999926e-02 4.427620799999999572e-03 5.186730899999999878e+01 -2.981196900000000066e-02 9.995495899999999878e-01 3.444992699999999825e-03 6.642123599999999461e-01 -4.322977399999999686e-03 -3.575425399999999834e-03 9.999842599999999582e-01 4.301370299999999758e-01 0.000000000000000000e+00 0.000000000000000000e+00 0.000000000000000000e+00 1.000000000000000000e+00
9.992739200000000377e-01 3.765940400000000049e-02 5.779763400000000398e-03 5.303463500000000153e+01 -3.768594399999999900e-02 9.992792600000000025e-01 4.553688999999999654e-03 6.489407699999999446e-01 -5.604108499999999743e-03 -4.768198500000000138e-03 9.999729299999999821e-01 4.420393899999999765e-01 0.000000000000000000e+00 0.000000000000000000e+00 0.000000000000000000e+00 1.000000000000000000e+00
9.988083599999999507e-01 4.837583300000000003e-02 6.452526499999999832e-03 5.420920600000000178e+01 -4.841734300000000157e-02 9.988064300000000229e-01 6.440051900000000329e-03 6.008989200000000030e-01 -6.133282000000000317e-03 -6.744791899999999854e-03 9.999584400000000040e-01 4.509522499999999989e-01 0.000000000000000000e+00 0.000000000000000000e+00 0.000000000000000000e+00 1.000000000000000000e+00
9.981150199999999639e-01 6.099090199999999962e-02 6.821007500000000195e-03 5.535782400000000081e+01 -6.105137599999999748e-02 9.980936900000000334e-01 9.039785200000000770e-03 5.521835899999999464e-01 -6.256659900000000225e-03 -9.439177199999999185e-03 9.999358799999999992e-01 4.627056900000000028e-01 0.000000000000000000e+00 0.000000000000000000e+00 0.000000000000000000e+00 1.000000000000000000e+00
9.970860499999999460e-01 7.588700900000000527e-02 7.783249499999999634e-03 5.649037500000000023e+01 -7.597283300000000350e-02 9.970447500000000352e-01 1.139718500000000065e-02 4.812412099999999748e-01 -6.895349799999999675e-03 -1.195528899999999915e-02 9.999047599999999481e-01 4.734148100000000192e-01 0.000000000000000000e+00 0.000000000000000000e+00 0.000000000000000000e+00 1.000000000000000000e+00
9.956686399999999937e-01 9.249604499999999896e-02 9.404111200000000656e-03 5.761931100000000328e+01 -9.261403999999999470e-02 9.956172399999999589e-01 1.299846300000000003e-02 3.960789800000000249e-01 -8.160588800000000143e-03 -1.381311500000000081e-02 9.998712899999999681e-01 4.762242899999999945e-01 0.000000000000000000e+00 0.000000000000000000e+00 0.000000000000000000e+00 1.000000000000000000e+00
9.939411200000000113e-01 1.093840499999999966e-01 1.077908200000000059e-02 5.872628900000000129e+01 -1.095240999999999992e-01 9.938938999999999968e-01 1.339358700000000020e-02 2.905292999999999903e-01 -9.248219599999999568e-03 -1.449300599999999925e-02 9.998521999999999688e-01 4.844323999999999852e-01 0.000000000000000000e+00 0.000000000000000000e+00 0.000000000000000000e+00 1.000000000000000000e+00
9.916355199999999925e-01 1.285988600000000093e-01 1.101480699999999972e-02 5.982142900000000196e+01 -1.287386500000000100e-01 9.915921500000000055e-01 1.309075699999999974e-02 1.589484200000000069e-01 -9.238740100000000094e-03 -1.439929099999999983e-02 9.998536399999999880e-01 4.980132500000000184e-01 0.000000000000000000e+00 0.000000000000000000e+00 0.000000000000000000e+00 1.000000000000000000e+00
9.887225899999999568e-01 1.494430599999999887e-01 9.716638600000000736e-03 6.091480399999999662e+01 -1.495550499999999949e-01 9.886799499999999741e-01 1.205177099999999932e-02 6.718034900000000205e-03 -7.805592200000000154e-03 -1.336903099999999997e-02 9.998801600000000178e-01 5.003543299999999583e-01 0.000000000000000000e+00 0.000000000000000000e+00 0.000000000000000000e+00 1.000000000000000000e+00
9.854364100000000404e-01 1.697762700000000069e-01 9.545003099999999421e-03 6.197005099999999800e+01 -1.698672400000000027e-01 9.854192400000000296e-01 9.697355100000000852e-03 -1.652610100000000137e-01 -7.759448900000000260e-03 -1.117750999999999988e-02 9.999074199999999912e-01 5.026825099999999713e-01 0.000000000000000000e+00 0.000000000000000000e+00 0.000000000000000000e+00 1.000000000000000000e+00
9.812690299999999866e-01 1.923349699999999940e-01 1.087881899999999964e-02 6.303483800000000059e+01 -1.923934599999999884e-01 9.813070699999999480e-01 4.602880999999999639e-03 -3.666686000000000112e-01 -9.790166899999999325e-03 -6.609678199999999976e-03 9.999302300000000310e-01 5.145596399999999848e-01 0.000000000000000000e+00 0.000000000000000000e+00 0.000000000000000000e+00 1.000000000000000000e+00
9.765226399999999973e-01 2.151098399999999966e-01 1.145791600000000028e-02 6.406184700000000021e+01 -2.151115399999999900e-01 9.765888700000000533e-01 -1.098947799999999914e-03 -5.843501700000000021e-01 -1.142606799999999929e-02 -1.391582599999999920e-03 9.999337499999999546e-01 5.138137699999999475e-01 0.000000000000000000e+00 0.000000000000000000e+00 0.000000000000000000e+00 1.000000000000000000e+00
9.709846899999999836e-01 2.389423499999999978e-01 9.760914900000000616e-03 6.507433000000000334e+01 -2.388861800000000035e-01 9.710252700000000514e-01 -6.581350899999999574e-03 -8.266695600000000255e-01 -1.105065799999999966e-02 4.058643300000000335e-03 9.999306999999999501e-01 5.163883900000000304e-01 0.000000000000000000e+00 0.000000000000000000e+00 0.000000000000000000e+00 1.000000000000000000e+00
9.642744500000000052e-01 2.648098099999999788e-01 7.109713299999999812e-03 6.606429799999999375e+01 -2.647174500000000208e-01 9.642541700000000215e-01 -1.177162999999999994e-02 -1.111409300000000044e+00 -9.972813999999999984e-03 9.469017300000000248e-03 9.999054400000000342e-01 5.322502500000000358e-01 0.000000000000000000e+00 0.000000000000000000e+00 0.000000000000000000e+00 1.000000000000000000e+00
9.567476999999999787e-01 2.908457199999999743e-01 6.527525400000000304e-03 6.704392599999999902e+01 -2.907155299999999998e-01 9.566769400000000312e-01 -1.592857799999999879e-02 -1.390929800000000105e+00 -1.087749200000000076e-02 1.334197699999999966e-02 9.998518199999999467e-01 5.322668600000000083e-01 0.000000000000000000e+00 0.000000000000000000e+00 0.000000000000000000e+00 1.000000000000000000e+00
9.479763100000000442e-01 3.182459699999999891e-01 7.773178900000000252e-03 6.800926300000000424e+01 -3.180707799999999974e-01 9.478952200000000383e-01 -1.804532699999999990e-02 -1.704725599999999952e+00 -1.311101200000000001e-02 1.463412199999999941e-02 9.998069499999999721e-01 5.281645400000000157e-01 0.000000000000000000e+00 0.000000000000000000e+00 0.000000000000000000e+00 1.000000000000000000e+00
9.383068300000000361e-01 3.457009400000000121e-01 8.434928499999999260e-03 6.894763899999999524e+01 -3.454382300000000128e-01 9.381572799999999823e-01 -2.309434600000000171e-02 -2.048412299999999853e+00 -1.589702700000000107e-02 1.875583600000000142e-02 9.996977099999999616e-01 5.265047800000000056e-01 0.000000000000000000e+00 0.000000000000000000e+00 0.000000000000000000e+00 1.000000000000000000e+00
9.273563400000000012e-01 3.741193099999999827e-01 6.704533199999999568e-03 6.985996000000000095e+01 -3.738308200000000081e-01 9.271169599999999900e-01 -2.654540999999999845e-02 -2.400748399999999894e+00 -1.614703699999999950e-02 2.211069300000000071e-02 9.996251200000000336e-01 5.343500899999999998e-01 0.000000000000000000e+00 0.000000000000000000e+00 0.000000000000000000e+00 1.000000000000000000e+00
9.151671999999999585e-01 4.030693900000000274e-01 2.018446699999999934e-03 7.076455799999999385e+01 -4.028861100000000195e-01 9.148811900000000108e-01 -2.598426399999999997e-02 -2.797770499999999938e+00 -1.232010000000000050e-02 2.296674199999999832e-02 9.996603099999999964e-01 5.247952999999999646e-01 0.000000000000000000e+00 0.000000000000000000e+00 0.000000000000000000e+00 1.000000000000000000e+00
9.021679900000000307e-01 4.313667999999999947e-01 -3.950582700000000030e-03 7.163632499999999936e+01 -4.313129499999999727e-01 9.018124800000000274e-01 -2.652128999999999945e-02 -3.197183100000000167e+00 -7.877719199999999242e-03 2.563059599999999855e-02 9.996404399999999635e-01 5.294863499999999945e-01 0.000000000000000000e+00 0.000000000000000000e+00 0.000000000000000000e+00 1.000000000000000000e+00
8.877966800000000047e-01 4.601604599999999934e-01 -8.330821900000000280e-03 7.248606200000000399e+01 -4.602008300000000052e-01 8.873603100000000410e-01 -2.840577000000000032e-02 -3.630075800000000186e+00 -5.678771600000000197e-03 2.905239999999999906e-02 9.995617599999999658e-01 5.357187700000000108e-01 0.000000000000000000e+00 0.000000000000000000e+00 0.000000000000000000e+00 1.000000000000000000e+00
8.716007300000000457e-01 4.901726100000000086e-01 -6.555544499999999691e-03 7.333585399999999765e+01 -4.901376599999999750e-01 8.711430100000000509e-01 -2.957924400000000106e-02 -4.096161600000000291e+00 -8.788118299999999813e-03 2.899441000000000171e-02 9.995409400000000444e-01 5.427996999999999961e-01 0.000000000000000000e+00 0.000000000000000000e+00 0.000000000000000000e+00 1.000000000000000000e+00
8.540507200000000410e-01 5.201892599999999867e-01 -7.091154400000000474e-04 7.415114599999999712e+01 -5.199876199999999837e-01 8.536800700000000131e-01 -2.903805400000000064e-02 -4.566732400000000247e+00 -1.449992599999999979e-02 2.516870200000000113e-02 9.995780600000000460e-01 5.337295499999999970e-01 0.000000000000000000e+00 0.000000000000000000e+00 0.000000000000000000e+00 1.000000000000000000e+00
8.340769099999999492e-01 5.516456800000000271e-01 1.660045800000000023e-03 7.495541400000000465e+01 -5.513694900000000176e-01 8.337474000000000274e-01 -2.927392800000000114e-02 -5.092139300000000368e+00 -1.753289499999999973e-02 2.350140800000000141e-02 9.995700499999999877e-01 5.191051599999999544e-01 0.000000000000000000e+00 0.000000000000000000e+00 0.000000000000000000e+00 1.000000000000000000e+00
8.127748599999999879e-01 5.825778499999999527e-01 2.694913599999999832e-04 7.572685300000000552e+01 -5.824119599999999508e-01 8.125542799999999621e-01 -2.349141199999999971e-02 -5.611974299999999971e+00 -1.390455300000000005e-02 1.893627399999999947e-02 9.997239999999999460e-01 5.282760600000000473e-01 0.000000000000000000e+00 0.000000000000000000e+00 0.000000000000000000e+00 1.000000000000000000e+00
7.905920100000000117e-01 6.123345700000000225e-01 -3.264895400000000000e-03 7.647556400000000565e+01 -6.122966100000000189e-01 7.904546999999999546e-01 -1.656012100000000056e-02 -6.170148799999999767e+00 -7.559582900000000327e-03 1.509138399999999935e-02 9.998575400000000446e-01 5.312306999999999446e-01 0.000000000000000000e+00 0.000000000000000000e+00 0.000000000000000000e+00 1.000000000000000000e+00
7.678279099999999469e-01 6.406412299999999505e-01 -4.371195799999999868e-03 7.719859499999999741e+01 -6.406307399999999763e-01 7.677188200000000240e-01 -1.414456099999999994e-02 -6.768926099999999835e+00 -5.705739500000000207e-03 1.366091099999999954e-02 9.998904100000000073e-01 5.277415199999999640e-01 0.000000000000000000e+00 0.000000000000000000e+00 0.000000000000000000e+00 1.000000000000000000e+00
7.445424999999999960e-01 6.675660799999999506e-01 -3.462717299999999807e-03 7.788011199999999690e+01 -6.675202099999999472e-01 7.444048199999999671e-01 -1.668046700000000090e-02 -7.360021200000000263e+00 -8.557650800000000252e-03 1.473075100000000026e-02 9.998548800000000014e-01 5.335024900000000514e-01 0.000000000000000000e+00 0.000000000000000000e+00 0.000000000000000000e+00 1.000000000000000000e+00
7.197055999999999454e-01 6.942677999999999905e-01 -4.008605400000000291e-03 7.854242100000000448e+01 -6.942193300000000233e-01 7.195554400000000461e-01 -1.730597999999999859e-02 -7.982042599999999766e+00 -9.130571100000000120e-03 1.523806200000000013e-02 9.998422000000000143e-01 5.222164500000000542e-01 0.000000000000000000e+00 0.000000000000000000e+00 0.000000000000000000e+00 1.000000000000000000e+00
6.940670799999999474e-01 7.198800800000000333e-01 -6.599448400000000083e-03 7.919433499999999526e+01 -7.198775499999999772e-01 6.939188400000000367e-01 -1.590483200000000069e-02 -8.643268000000000839e+00 -6.870089900000000104e-03 1.578981499999999871e-02 9.998517300000000496e-01 5.415057800000000476e-01 0.000000000000000000e+00 0.000000000000000000e+00 0.000000000000000000e+00 1.000000000000000000e+00
6.674936299999999489e-01 7.445761600000000424e-01 -7.655177099999999589e-03 7.979394999999999527e+01 -7.445989100000000027e-01 6.673748499999999639e-01 -1.353786099999999999e-02 -9.302485000000000781e+00 -4.971095699999999833e-03 1.473647200000000046e-02 9.998790499999999914e-01 5.448017800000000133e-01 0.000000000000000000e+00 0.000000000000000000e+00 0.000000000000000000e+00 1.000000000000000000e+00
6.403896599999999717e-01 7.680143900000000468e-01 -7.414596699999999665e-03 8.039363299999999413e+01 -7.680403799999999670e-01 6.403028600000000292e-01 -1.123472200000000080e-02 -9.998378199999999438e+00 -3.880840400000000120e-03 1.288930899999999984e-02 9.999093999999999482e-01 5.361021999999999732e-01 0.000000000000000000e+00 0.000000000000000000e+00 0.000000000000000000e+00 1.000000000000000000e+00
6.123498699999999628e-01 7.905366600000000021e-01 -8.911903500000000269e-03 8.094877900000000182e+01 -7.905832900000000496e-01 6.122741499999999615e-01 -9.921095899999999440e-03 -1.069656900000000022e+01 -2.386461900000000184e-03 1.312078399999999992e-02 9.999110700000000129e-01 5.408742199999999611e-01 0.000000000000000000e+00 0.000000000000000000e+00 0.000000000000000000e+00 1.000000000000000000e+00
5.833092899999999803e-01 8.121677400000000269e-01 -1.156889300000000023e-02 8.148838899999999796e+01 -8.122438600000000397e-01 5.833015900000000364e-01 -4.377929200000000090e-03 -1.141968999999999923e+01 3.192541000000000129e-03 1.195044900000000014e-02 9.999234900000000259e-01 5.487372700000000547e-01 0.000000000000000000e+00 0.000000000000000000e+00 0.000000000000000000e+00 1.000000000000000000e+00
5.532072399999999890e-01 8.329045299999999763e-01 -1.522463999999999935e-02 8.199701799999999707e+01 -8.329525199999999741e-01 5.533246699999999629e-01 4.681031399999999697e-03 -1.218260399999999954e+01 1.232302099999999997e-02 1.009182100000000082e-02 9.998731400000000491e-01 5.580301699999999920e-01 0.000000000000000000e+00 0.000000000000000000e+00 0.000000000000000000e+00 1.000000000000000000e+00
5.222833099999999451e-01 8.525886099999999690e-01 -1.768623299999999912e-02 8.248048900000000572e+01 -8.525374999999999481e-01 5.225137399999999488e-01 1.261741199999999972e-02 -1.293399999999999928e+01 1.999876199999999979e-02 8.488313699999999740e-03 9.997639699999999463e-01 5.791357000000000310e-01 0.000000000000000000e+00 0.000000000000000000e+00 0.000000000000000000e+00 1.000000000000000000e+00
4.901292999999999900e-01 8.714954499999999493e-01 -1.639958099999999988e-02 8.294456800000000385e+01 -8.713358700000000123e-01 4.903709399999999774e-01 1.761096599999999873e-02 -1.372087400000000024e+01 2.338975500000000166e-02 5.657892200000000371e-03 9.997104100000000493e-01 5.972309999999999564e-01 0.000000000000000000e+00 0.000000000000000000e+00 0.000000000000000000e+00 1.000000000000000000e+00
4.575130700000000217e-01 8.891149900000000494e-01 -1.250274499999999914e-02 8.339009500000000230e+01 -8.889500099999999572e-01 4.576730600000000204e-01 1.741395000000000096e-02 -1.455224199999999968e+01 2.120517400000000025e-02 3.147205900000000015e-03 9.997701900000000030e-01 6.220188199999999723e-01 0.000000000000000000e+00 0.000000000000000000e+00 0.000000000000000000e+00 1.000000000000000000e+00
4.244164799999999849e-01 9.054425600000000074e-01 -6.664664699999999636e-03 8.379374799999999368e+01 -9.053099199999999902e-01 4.244684499999999971e-01 1.550747700000000041e-02 -1.537609999999999921e+01 1.687006900000000142e-02 -5.480415900000000073e-04 9.998575400000000446e-01 6.414713899999999747e-01 0.000000000000000000e+00 0.000000000000000000e+00 0.000000000000000000e+00 1.000000000000000000e+00
3.900127199999999794e-01 9.208091600000000154e-01 -7.520493600000000478e-04 8.418385499999999411e+01 -9.206789600000000462e-01 3.899710599999999805e-01 1.651737600000000028e-02 -1.623905299999999841e+01 1.550262900000000041e-02 -5.749590700000000408e-03 9.998633000000000104e-01 6.656793399999999528e-01 0.000000000000000000e+00 0.000000000000000000e+00 0.000000000000000000e+00 1.000000000000000000e+00
3.551365899999999742e-01 9.347921399999999936e-01 6.454238099999999763e-03 8.452773399999999526e+01 -9.346916100000000061e-01 3.549695600000000173e-01 1.866032899999999981e-02 -1.708498700000000170e+01 1.515246999999999948e-02 -1.265968800000000054e-02 9.998050499999999730e-01 6.909309599999999829e-01 0.000000000000000000e+00 0.000000000000000000e+00 0.000000000000000000e+00 1.000000000000000000e+00
3.192606000000000055e-01 9.475801900000000444e-01 1.282417999999999926e-02 8.485343299999999545e+01 -9.475364299999999851e-01 3.189627999999999908e-01 2.091540799999999992e-02 -1.797668200000000027e+01 1.572859000000000063e-02 -1.882884300000000136e-02 9.996990000000000043e-01 7.011945499999999720e-01 0.000000000000000000e+00 0.000000000000000000e+00 0.000000000000000000e+00 1.000000000000000000e+00
2.826565799999999906e-01 9.590820300000000298e-01 1.633773300000000012e-02 8.514310199999999895e+01 -9.591128599999999560e-01 2.823277200000000042e-01 1.983894500000000019e-02 -1.888353499999999840e+01 1.441458099999999923e-02 -2.127733799999999981e-02 9.996696900000000552e-01 7.203820600000000463e-01 0.000000000000000000e+00 0.000000000000000000e+00 0.000000000000000000e+00 1.000000000000000000e+00
2.456760600000000017e-01 9.691768200000000499e-01 1.842714700000000136e-02 8.539109899999999698e+01 -9.692484799999999678e-01 2.453276500000000082e-01 1.928000599999999884e-02 -1.978734299999999990e+01 1.416504600000000058e-02 -2.259711999999999832e-02 9.996443000000000412e-01 7.399050099999999741e-01 0.000000000000000000e+00 0.000000000000000000e+00 0.000000000000000000e+00 1.000000000000000000e+00
2.094984799999999869e-01 9.776279799999999520e-01 1.881302400000000111e-02 8.560266500000000178e+01 -9.777115199999999451e-01 2.091671900000000028e-01 1.814580899999999886e-02 -2.072003899999999987e+01 1.380478299999999929e-02 -2.219522999999999982e-02 9.996583399999999786e-01 7.670630000000000503e-01 0.000000000000000000e+00 0.000000000000000000e+00 0.000000000000000000e+00 1.000000000000000000e+00
1.742215599999999975e-01 9.845490700000000261e-01 1.760644700000000076e-02 8.577220099999999547e+01 -9.846078499999999512e-01 1.739232000000000000e-01 1.726591099999999837e-02 -2.167080199999999834e+01 1.393696699999999976e-02 -2.034354000000000023e-02 9.996958999999999707e-01 7.758129200000000170e-01 0.000000000000000000e+00 0.000000000000000000e+00 0.000000000000000000e+00 1.000000000000000000e+00
1.396315800000000051e-01 9.901432700000000198e-01 1.092321899999999964e-02 8.591092999999999336e+01 -9.901068800000000225e-01 1.394553400000000110e-01 1.551015199999999927e-02 -2.261218099999999964e+01 1.383397100000000046e-02 -1.298086199999999926e-02 9.998200400000000210e-01 8.028638399999999953e-01 0.000000000000000000e+00 0.000000000000000000e+00 0.000000000000000000e+00 1.000000000000000000e+00
1.052310399999999979e-01 9.944111300000000320e-01 8.540284000000000417e-03 8.601402500000000373e+01 -9.942981600000000419e-01 1.050623499999999988e-01 1.825039100000000122e-02 -2.358208600000000033e+01 1.725112999999999994e-02 -1.041209599999999916e-02 9.997969700000000071e-01 8.327264599999999461e-01 0.000000000000000000e+00 0.000000000000000000e+00 0.000000000000000000e+00 1.000000000000000000e+00
7.309047300000000302e-02 9.972892599999999552e-01 8.479933599999999599e-03 8.609205500000000200e+01 -9.970568699999999840e-01 7.287089400000000550e-02 2.382070799999999947e-02 -2.453457600000000127e+01 2.313819599999999976e-02 -1.019604300000000012e-02 9.996802799999999767e-01 8.333336399999999866e-01 0.000000000000000000e+00 0.000000000000000000e+00 0.000000000000000000e+00 1.000000000000000000e+00
4.307906799999999814e-02 9.990628499999999468e-01 4.196460600000000152e-03 8.613794599999999946e+01 -9.987330399999999608e-01 4.295473400000000136e-02 2.621467099999999842e-02 -2.550106299999999848e+01 2.600984599999999966e-02 -5.320447399999999986e-03 9.996475299999999509e-01 8.861206900000000442e-01 0.000000000000000000e+00 0.000000000000000000e+00 0.000000000000000000e+00 1.000000000000000000e+00
1.729157699999999895e-02 9.998488899999999902e-01 1.788929199999999935e-03 8.616431699999999694e+01 -9.995364199999999810e-01 1.724127500000000035e-02 2.509343299999999832e-02 -2.648718999999999824e+01 2.505879800000000018e-02 -2.222004899999999953e-03 9.996835099999999974e-01 9.089224500000000484e-01 0.000000000000000000e+00 0.000000000000000000e+00 0.000000000000000000e+00 1.000000000000000000e+00
-4.467480900000000109e-03 9.999895100000000259e-01 1.013320999999999970e-03 8.617158600000000490e+01 -9.997495800000000266e-01 -4.488624499999999823e-03 2.192324199999999904e-02 -2.746209599999999895e+01 2.192755999999999872e-02 -9.151256200000000476e-04 9.997591399999999906e-01 9.301642599999999650e-01 0.000000000000000000e+00 0.000000000000000000e+00 0.000000000000000000e+00 1.000000000000000000e+00
-2.393183000000000116e-02 9.997128899999999652e-01 -1.188113100000000007e-03 8.616032699999999522e+01 -9.995169499999999596e-01 -2.390353500000000006e-02 1.986149300000000090e-02 -2.844692200000000071e+01 1.982739099999999977e-02 1.662861000000000070e-03 9.998020399999999475e-01 9.510743000000000391e-01 0.000000000000000000e+00 0.000000000000000000e+00 0.000000000000000000e+00 1.000000000000000000e+00
-4.197379200000000282e-02 9.991182899999999645e-01 -9.197994800000000408e-04 8.612156600000000140e+01 -9.988830300000000051e-01 -4.194387900000000335e-02 2.175771699999999934e-02 -2.943820799999999949e+01 2.169995300000000099e-02 1.832026000000000054e-03 9.997628499999999807e-01 9.869666299999999559e-01 0.000000000000000000e+00 0.000000000000000000e+00 0.000000000000000000e+00 1.000000000000000000e+00
-5.638424300000000056e-02 9.984040800000000271e-01 -3.178199100000000075e-03 8.606442199999999332e+01 -9.980569299999999533e-01 -5.627951999999999955e-02 2.673905299999999874e-02 -3.041552099999999825e+01 2.651751200000000003e-02 4.679684899999999800e-03 9.996374000000000093e-01 1.003645200000000015e+00 0.000000000000000000e+00 0.000000000000000000e+00 0.000000000000000000e+00 1.000000000000000000e+00
-6.849798099999999945e-02 9.976355999999999558e-01 -5.588147400000000042e-03 8.600973399999999458e+01 -9.971871500000000221e-01 -6.829420899999999461e-02 3.088173799999999886e-02 -3.140514599999999845e+01 3.042708300000000060e-02 7.687765499999999787e-03 9.995074200000000353e-01 1.044446200000000102e+00 0.000000000000000000e+00 0.000000000000000000e+00 0.000000000000000000e+00 1.000000000000000000e+00
-7.807897199999999649e-02 9.968806399999999845e-01 -1.151757800000000054e-02 8.592522400000000005e+01 -9.963545700000000505e-01 -7.762907300000000677e-02 3.537375899999999768e-02 -3.240177500000000066e+01 3.436931700000000339e-02 1.423753799999999924e-02 9.993077799999999788e-01 1.076459700000000019e+00 0.000000000000000000e+00 0.000000000000000000e+00 0.000000000000000000e+00 1.000000000000000000e+00
-8.384568300000000418e-02 9.963765399999999772e-01 -1.427174600000000008e-02 8.582916199999999662e+01 -9.957279700000000178e-01 -8.321805699999999806e-02 4.000711700000000176e-02 -3.338057200000000080e+01 3.867448600000000097e-02 1.756519999999999956e-02 9.990974700000000430e-01 1.118445499999999981e+00 0.000000000000000000e+00 0.000000000000000000e+00 0.000000000000000000e+00 1.000000000000000000e+00
-8.786476799999999587e-02 9.960097999999999452e-01 -1.562888299999999966e-02 8.576352099999999723e+01 -9.951752499999999557e-01 -8.708190500000000112e-02 4.519907799999999670e-02 -3.438159499999999724e+01 4.365773199999999771e-02 1.952488399999999930e-02 9.988557399999999920e-01 1.158250400000000013e+00 0.000000000000000000e+00 0.000000000000000000e+00 0.000000000000000000e+00 1.000000000000000000e+00
-9.086909099999999906e-02 9.957304000000000155e-01 -1.624102700000000163e-02 8.565964300000000264e+01 -9.947487600000000096e-01 -8.998416500000000484e-02 4.876214000000000243e-02 -3.538176099999999735e+01 4.709251099999999662e-02 2.058671299999999954e-02 9.986783700000000374e-01 1.213833099999999998e+00 0.000000000000000000e+00 0.000000000000000000e+00 0.000000000000000000e+00 1.000000000000000000e+00
-9.340911500000000089e-02 9.954794000000000143e-01 -1.719015200000000021e-02 8.556882600000000139e+01 -9.943627099999999830e-01 -9.240640799999999544e-02 5.199869399999999808e-02 -3.637897099999999995e+01 5.017514900000000222e-02 2.195039799999999944e-02 9.984991899999999809e-01 1.259020000000000028e+00 0.000000000000000000e+00 0.000000000000000000e+00 0.000000000000000000e+00 1.000000000000000000e+00
-9.651972899999999855e-02 9.951702000000000048e-01 -1.789478200000000144e-02 8.547847400000000562e+01 -9.938976400000000266e-01 -9.540060100000000154e-02 5.537339499999999887e-02 -3.738331399999999860e+01 5.339877999999999986e-02 2.313020699999999985e-02 9.983053499999999802e-01 1.318069200000000052e+00 0.000000000000000000e+00 0.000000000000000000e+00 0.000000000000000000e+00 1.000000000000000000e+00
