1.000000000000000000e+00 2.913379922575276979e-20 4.590313295792192093e-19 -1.734723475976807094e-18 -6.261863542354637145e-20 9.999999999999998890e-01 -6.330134287930294276e-19 0.000000000000000000e+00 4.237510047997225383e-19 -1.023580445057161425e-19 1.000000000000000222e+00 0.000000000000000000e+00
9.999983429322915063e-01 -1.537814534264545559e-03 -9.733384815942008493e-04 3.536807192979564071e-03 1.540117968812859716e-03 9.999960021864878756e-01 2.370332195749831877e-03 -1.910500633501092949e-02 9.696894058275534528e-04 -2.371827326319108416e-03 9.999967148812206608e-01 1.531147567268049903e+00
9.999967244754863760e-01 -1.842564473283661271e-03 -1.774330458332269884e-03 1.874477386223512634e-02 1.848689705496813244e-03 9.999923138656952037e-01 3.456764389783172076e-03 -4.311283071789349247e-02 1.767947460828713695e-03 -3.460033325216163840e-03 9.999924516588184487e-01 3.063270113677264650e+00
9.999932130963234966e-01 -6.424334832847029267e-04 -3.628436182034497359e-03 3.119724333315230386e-03 6.545187674004045988e-04 9.999942363318056193e-01 3.330522114649592160e-03 -6.159627205809130313e-02 3.626275384362232131e-03 -3.332874414731205100e-03 9.999878705718709959e-01 4.578742658067415761e+00
9.999877431200453470e-01 -3.901646273657891745e-04 -4.934765581121079887e-03 8.187067061682614874e-03 4.056103583066129913e-04 9.999950224587143000e-01 3.129371432286177489e-03 -7.031781129008912723e-02 4.933519921591784582e-03 -3.131334698113461511e-03 9.999829244212403712e-01 6.077235685369576146e+00
9.999789700357267774e-01 4.490641954282464839e-05 -6.485855251400154606e-03 -4.882417611928520015e-03 -2.219401001742277177e-05 9.999938703515075522e-01 3.501867925707164656e-03 -9.315319916644032583e-02 6.485972503251795709e-03 -3.501650364193219667e-03 9.999728396127657293e-01 7.600337924190728955e+00
9.999694410462214300e-01 -7.688470285858844391e-04 -7.779276944535212096e-03 -1.839179290455581622e-02 7.971148530928863973e-04 9.999930931683767010e-01 3.631289668810405279e-03 -1.039749590421627234e-01 7.776431063405440068e-03 -3.637379669839542820e-03 9.999631457854019079e-01 9.107195882297096645e+00
9.999596564212941407e-01 -1.895080147248227875e-03 -8.780411913928361928e-03 -1.133105418774272774e-02 1.921322158371781014e-03 9.999937144159869451e-01 2.981226300872942894e-03 -1.261083465966777173e-01 8.774706742048634517e-03 -2.997976085892392444e-03 9.999570091627190127e-01 1.059544807115746856e+01
9.999374376247738283e-01 -3.278576029472607574e-03 -1.069485680472080126e-02 -2.290031879463577669e-02 3.310750590493633048e-03 9.999900405947923510e-01 2.992118442429944018e-03 -1.405775430809718951e-01 1.068493923397100323e-02 -3.027339301960340397e-03 9.999383317804336757e-01 1.210271286771571653e+01
9.999263742756986373e-01 -2.977549330995567234e-03 -1.176325238387616705e-02 -4.305549732111124683e-02 3.015634049406660730e-03 9.999902657433755726e-01 3.221204510409817357e-03 -1.619757015324327920e-01 1.175354587794786437e-02 -3.256441054172561078e-03 9.999256199809256618e-01 1.359612605571001609e+01
9.999142491365747842e-01 -2.564225159512734456e-03 -1.284219068612224741e-02 -5.151052404338558183e-02 2.604133091389533323e-03 9.999918286250447652e-01 3.091819644135341411e-03 -1.716955400368247453e-01 1.283415717616933488e-02 -3.124997298412689542e-03 9.999127522383806088e-01 1.506894307153025103e+01
9.999070177269414605e-01 -1.467565987693214211e-03 -1.355760292467372147e-02 -7.890858018555634013e-02 1.518400177558296236e-03 9.999918536980973993e-01 3.739970075997428849e-03 -1.933320125601298289e-01 1.355200291410773965e-02 -3.760208194899639957e-03 9.999010985749611224e-01 1.656013706188577572e+01
9.999015209613142385e-01 -8.207105876484259202e-06 -1.403382174507930916e-02 -9.208729428022420505e-02 7.104255404116746543e-05 9.999899791829273132e-01 4.476937240650816392e-03 -2.059700599633632057e-01 1.403364415049010612e-02 -4.477493374042243283e-03 9.998914998557585365e-01 1.803161244916943673e+01
9.998998664188724073e-01 6.449556730024746118e-04 -1.413645828393594178e-02 -1.124918572629714786e-01 -5.715371614629714651e-04 9.999863349173889748e-01 5.196981156283339391e-03 -2.160382087536312501e-01 1.413961664397606413e-02 -5.188381261114166469e-03 9.998865686637388173e-01 1.951477298283339223e+01
9.998866804672698061e-01 1.036927721500520991e-03 -1.501829952944759052e-02 -1.329223170614215466e-01 -9.558094942219460925e-04 9.999849208989621818e-01 5.407461689584384078e-03 -2.390742892595397739e-01 1.502367909017201034e-02 -5.392494374673544207e-03 9.998725986337679839e-01 2.098255488146077141e+01
9.998899415438364802e-01 1.544866649652637232e-03 -1.475547794477626018e-02 -1.400242746398766835e-01 -1.464899185021400953e-03 9.999841917996629137e-01 5.428779270547853114e-03 -2.501215539687911549e-01 1.476363107082898952e-02 -5.406566536252437223e-03 9.998763966565006323e-01 2.245372375445691304e+01
9.998788425965251525e-01 2.366213448002697263e-03 -1.538527941767266378e-02 -1.706368444550923347e-01 -2.271458537344249028e-03 9.999783620668118989e-01 6.173357873511533048e-03 -2.620182278774412232e-01 1.539955395275205939e-02 -6.137662902311542650e-03 9.998625853366630567e-01 2.390459282904882699e+01
9.998813308882100737e-01 2.897460921350155597e-03 -1.513007094360159337e-02 -1.885699888352517783e-01 -2.789800604993010382e-03 9.999706807361773420e-01 7.131908929581835289e-03 -2.719833623514133492e-01 1.515029076280363478e-02 -7.088852721865514066e-03 9.998600983756125160e-01 2.536083508344535531e+01
9.998835439200215447e-01 3.542082700984205360e-03 -1.484431974759490430e-02 -2.043786676720960038e-01 -3.451891973320093693e-03 9.999754508810976272e-01 6.096984606441895570e-03 -2.894353523866600164e-01 1.486555038810361169e-02 -6.045033612037291511e-03 9.998712251988809419e-01 2.681493337147245626e+01
9.998791314120224483e-01 3.469548820767764333e-03 -1.515551222537276504e-02 -2.316732242928921659e-01 -3.408113093590020657e-03 9.999858747428821415e-01 4.077628261305824009e-03 -3.001940042854849278e-01 1.516944484485043335e-02 -4.025483755924759259e-03 9.998768338450955140e-01 2.823850427169074706e+01
9.998927186368959941e-01 2.606582360450654216e-03 -1.441370834932487015e-02 -2.474654028116687332e-01 -2.549378311132960689e-03 9.999888096459774722e-01 3.985665926544388303e-03 -3.176627091822840088e-01 1.442393494487714985e-02 -3.948492308293901319e-03 9.998881717171266281e-01 2.966596014279769022e+01
9.999055993154858379e-01 8.494950318809798683e-04 -1.371377778006415554e-02 -2.527476879048091152e-01 -7.657862871497555417e-04 9.999810493004228640e-01 6.108085164540998958e-03 -3.319222779529234502e-01 1.371870630938585613e-02 -6.097006776227861802e-03 9.998873013840913204e-01 3.108354615732021387e+01
9.999025335245946833e-01 -5.450579052725475129e-04 -1.395117261939458723e-02 -2.749596716998207180e-01 6.521814920808636281e-04 9.999703332390100785e-01 7.675069816802831610e-03 -3.474263254287668912e-01 1.394657485008273141e-02 -7.683420503086530601e-03 9.998732232363951589e-01 3.251001552110220416e+01
9.999110819548973073e-01 -1.319153252517416041e-03 -1.326970119550951489e-02 -2.786105626624549303e-01 1.414780122996512528e-03 9.999730799427304362e-01 7.199604871643779797e-03 -3.597728701620540592e-01 1.325984701243459150e-02 -7.217738525384753516e-03 9.998860381023724209e-01 3.390692075777359804e+01
9.999115287829836163e-01 -1.381551689317322799e-03 -1.322966498422440719e-02 -3.023164073892117831e-01 1.454028441269176151e-03 9.999839812406339234e-01 5.470307527127376244e-03 -3.735676018959000477e-01 1.322189512052210011e-02 -5.489059889218838445e-03 9.998975199763824318e-01 3.529710093614995969e+01
9.999194184092928817e-01 -8.082382329342857608e-04 -1.266876829662536355e-02 -3.214113519374051653e-01 8.678596947451370841e-04 9.999885695645863715e-01 4.701389461045015795e-03 -3.855310878107912620e-01 1.266482310955156614e-02 -4.712005304169097908e-03 9.999086920261208711e-01 3.666207131528201302e+01
9.999358134160155620e-01 3.255934294838766290e-04 -1.132507821271805729e-02 -3.299997097071861729e-01 -2.841480299171813260e-04 9.999932559125814802e-01 3.661029058611037137e-03 -4.113175415056551931e-01 1.132619368210728734e-02 -3.657576116446445858e-03 9.999291706714029671e-01 3.802171911977387708e+01
9.999428607593565665e-01 8.135122211483450383e-04 -1.065916921058027676e-02 -3.458354706198068507e-01 -7.638766731890501071e-04 9.999888552111269036e-01 4.659847163433507994e-03 -4.210843177418115979e-01 1.066284090822922775e-02 -4.651438617208810029e-03 9.999323340295163121e-01 3.935936247639117624e+01
9.999631768802419440e-01 7.403209298710968292e-04 -8.549938593301300432e-03 -3.567942309374058651e-01 -6.828270105331018429e-04 9.999771548029966484e-01 6.725442681736565516e-03 -4.377774110708194111e-01 8.554721795821389196e-03 -6.719356790707442344e-03 9.999408283167614542e-01 4.068593474315382963e+01
9.999791187025118822e-01 7.277183961534810326e-04 -6.420665032756410311e-03 -3.538627574846752721e-01 -6.765630062750856285e-04 9.999680443811663766e-01 7.965876314229503735e-03 -4.610059850875685150e-01 6.426256509078981209e-03 -7.961365974885155003e-03 9.999476569163219253e-01 4.199072820211480916e+01
9.999896637208617323e-01 8.953110725585208037e-04 -4.457296331283595522e-03 -3.738392698301108985e-01 -8.570529051222034985e-04 9.999628468599655040e-01 8.577782183307966837e-03 -4.692693344246783305e-01 4.464810339219429068e-03 -8.573873447377054757e-03 9.999532794191726692e-01 4.327768605950777214e+01
9.999996061241661627e-01 6.030763010045504108e-04 -6.546576400279022082e-04 -3.616694095746181836e-01 -5.976535860765703773e-04 9.999657742889530576e-01 8.252091091319576494e-03 -4.840320250305275018e-01 6.596118560616351508e-04 -8.251696657420209621e-03 9.999657395868808418e-01 4.454930544219428157e+01
9.999967346134953639e-01 -2.581194464607473459e-04 2.543616717851109564e-03 -3.586052286152818236e-01 2.414681404309829496e-04 9.999785523521826924e-01 6.544433749368624119e-03 -5.000025888489730841e-01 -2.545251398052090098e-03 -6.543798249245923355e-03 9.999753530343221675e-01 4.579279069865121699e+01
9.999757675647140687e-01 -1.504843385344218406e-04 6.959579999852078327e-03 -3.455607228210201276e-01 1.165318134259241378e-04 9.999880963603982043e-01 4.878679948585503030e-03 -5.134421680209669825e-01 -6.960231082074392304e-03 -4.877750748795593380e-03 9.999638760748877919e-01 4.702678922713658949e+01
9.999533230298867093e-01 6.252212525459498063e-05 9.661826540541826672e-03 -3.415769462603470696e-01 -1.128108235193156462e-04 9.999864552786013050e-01 5.204428543551237532e-03 -5.251958563613519093e-01 -9.661369868058031218e-03 -5.205275555187871030e-03 9.999397816915117643e-01 4.823985077799374466e+01
9.998794786856324279e-01 3.392992350446907336e-04 1.552157403080355047e-02 -3.195669795103035504e-01 -4.223046392986628097e-04 9.999856275742278200e-01 5.344779625488729410e-03 -5.452466398577842099e-01 -1.551953685544244302e-02 -5.350690358157049117e-03 9.998652437401398529e-01 4.946290246182557127e+01
9.997564668251164299e-01 1.544857440927780139e-03 2.201391956743424180e-02 -2.870518691581216419e-01 -1.640900046843462743e-03 9.999892101990263127e-01 4.345419513929730040e-03 -5.568444334984831157e-01 -2.200696818585190853e-02 -4.380483974087839155e-03 9.997482229758573036e-01 5.066838183489605996e+01
9.995496013958432568e-01 3.327538845564632312e-03 2.982492554722840361e-02 -2.424186408873284515e-01 -3.458106935341555797e-03 9.999846538471828250e-01 4.327310685143101118e-03 -5.721003921564594696e-01 -2.981006728692382063e-02 -4.428499552128577904e-03 9.995457747569737039e-01 5.186877839438405147e+01
9.992792888885216884e-01 4.403871951211086634e-03 3.770297943771431376e-02 -2.155017194483441201e-01 -4.618671918797625196e-03 9.999735877628311842e-01 5.611963236110704967e-03 -5.868916767019287661e-01 -3.767726739360243576e-02 -5.782056291821576280e-03 9.992732333486472607e-01 5.303564527165234921e+01
9.988065016218846681e-01 6.255528116849605295e-03 4.844005262091848757e-02 -1.548807255994555099e-01 -6.560965062475075660e-03 9.999595662798820284e-01 6.149035610489948268e-03 -5.989696805081422548e-01 -4.839962763731664452e-02 -6.459510374799413632e-03 9.988071620982332810e-01 5.420944563140825778e+01
9.980938326857515808e-01 8.817890889528752843e-03 6.108148895584643301e-02 -9.320356952283151419e-02 -9.218813941066484469e-03 9.999377579033982277e-01 6.285042528407404003e-03 -6.139442350948904892e-01 -6.102226344476283093e-02 -6.836161074144383662e-03 9.981129994108502990e-01 5.535720461403432324e+01
9.970449601617303870e-01 1.112715069024082168e-02 7.601009656669979742e-02 -8.778335329741072945e-03 -1.168770559362932067e-02 9.999076569893267097e-01 6.933893860863560125e-03 -6.276964484306108982e-01 -7.592591942631575497e-02 -7.801787613438648968e-03 9.970829428489428325e-01 5.648856080732616647e+01
9.956174886193234208e-01 1.267063110529895349e-02 9.265678991639701712e-02 9.029795673139312528e-02 -1.348828749590411449e-02 9.998753723731768073e-01 8.203641967042757735e-03 -6.333604561855867843e-01 -9.254129412457230697e-02 -9.417470790584471854e-03 9.956643090074996927e-01 5.761603761717046268e+01
9.938940823769945032e-01 1.300947965097899381e-02 1.095687357414960456e-01 2.095881021112575293e-01 -1.411135791063476870e-02 9.998572990745629996e-01 9.287071277679163558e-03 -6.444163950322211454e-01 -1.094322805856417502e-01 -1.077652841392103163e-02 9.939358385484425851e-01 5.872129979697489688e+01
9.915921530946955054e-01 1.265361490570927026e-02 1.287823295700135373e-01 3.554350298244049466e-01 -1.396265460519035238e-02 9.998595716120083354e-01 9.266965468288730981e-03 -6.611440174452055674e-01 -1.286469737784265432e-01 -1.098719304383864726e-02 9.916295852932961452e-01 5.981436508063825386e+01
9.886797253585966061e-01 1.156995456592758639e-02 1.495945826301642023e-01 5.223440848993412544e-01 -1.288374423414949052e-02 9.998864482060302317e-01 7.816165792232813991e-03 -6.670474259279204343e-01 -1.494871615563497791e-01 -9.655023046867510297e-03 9.887165264353733329e-01 6.090541793390401182e+01
9.854187116187729245e-01 9.163622210869989612e-03 1.698999358447392249e-01 7.084713414129762965e-01 -1.063367705870501764e-02 9.999134669904160555e-01 7.744533025673469052e-03 -6.724298901758566371e-01 -1.698142619657445895e-01 -9.438268977899618578e-03 9.854308913908113032e-01 6.195802329865163927e+01
9.813058413412650838e-01 3.999926854812673772e-03 1.924132094923170500e-01 9.245739762102240800e-01 -5.983962916975474507e-03 9.999347448304342079e-01 9.731308098940185183e-03 -6.867784462472262819e-01 -1.923617180983527297e-01 -1.070078319961509199e-02 9.812657438283007849e-01 6.301953811862381372e+01
9.765867882512045961e-01 -1.765121800490935177e-03 2.151165597613331482e-01 1.156673549836015669e+00 -6.860619649253617974e-04 9.999356952506661678e-01 1.131947931624665248e-02 -6.885213151727216374e-01 -2.151226935626019687e-01 -1.120203699764821953e-02 9.765227764981292413e-01 6.404305208400185734e+01
9.710227144661472964e-01 -7.294825485007204978e-03 2.388758497839002515e-01 1.413601192668515250e+00 4.831562682692525958e-03 9.999289631764393116e-01 1.089582698852257364e-02 -6.941492807077433991e-01 -2.389383516748813663e-01 -9.425952446907462021e-03 9.709889823574132661e-01 6.505171590006132476e+01
9.642515316641736556e-01 -1.252949475438138068e-02 2.646922775815600537e-01 1.713357305163631716e+00 1.031036531716588225e-02 9.998991059452220220e-01 9.771517364436765885e-03 -7.132433113690540560e-01 -2.647879894865265982e-01 -6.693126488553238426e-03 9.642834223906044944e-01 6.603717371358381172e+01
9.566737785559659146e-01 -1.674716151623498878e-02 2.906799327559685397e-01 2.007920594797501845e+00 1.426873336215849636e-02 9.998415372518418831e-01 1.064395490442553334e-02 -7.158989197933544046e-01 -2.908121213495998281e-01 -6.035157759142386301e-03 9.567611441921920479e-01 6.701202153257646899e+01
9.478910158090692040e-01 -1.894199201070619759e-02 3.180311770412230232e-01 2.337141187320325386e+00 1.566176995475088499e-02 9.997945363998622659e-01 1.286807600477275250e-02 -7.140645208893033891e-01 -3.182095694482127146e-01 -7.216602520351955881e-03 9.479929277910684737e-01 6.797183257681719226e+01
9.381516193793285607e-01 -2.406361723912428530e-02 3.453874447938324876e-01 2.695860920794374227e+00 1.988958047518505495e-02 9.996800940779447808e-01 1.562441434683283815e-02 -7.144319452895565581e-01 -3.456529215524525300e-01 -7.788457985610198857e-03 9.383301065427267496e-01 6.890421065673608325e+01
9.271110394677859468e-01 -2.756998120912144967e-02 3.737713468959039109e-01 3.063385656201234042e+00 2.333414499923107399e-02 9.996020045465560111e-01 1.585371449244963801e-02 -7.249856437618681371e-01 -3.740596623794172348e-01 -5.976518854629454119e-03 9.273853759856580670e-01 6.981018415699526258e+01
9.148773244580852282e-01 -2.704144898657817597e-02 4.028253198302255145e-01 3.475950894659185053e+00 2.425007227713972188e-02 9.996335438375606453e-01 1.202927737481071513e-02 -7.193666256986264163e-01 -4.030029836641456087e-01 -1.236770415231005929e-03 9.151978317043540923e-01 7.070791903690927427e+01
9.018114694158333444e-01 -2.759843206004403138e-02 4.312474874636080258e-01 3.890376896228745718e+00 2.696768651277439352e-02 9.996075823336700861e-01 7.577625106535553975e-03 -7.280658035434657283e-01 -4.312873783932816285e-01 4.796157931849210319e-03 9.022018582504967021e-01 7.157261045336318261e+01
8.873613810917587719e-01 -2.951563829065374095e-02 4.601289225215596801e-01 4.338144678995154990e+00 3.046359517265502179e-02 9.995214715734711541e-01 5.366530817230025403e-03 -7.376115756001830892e-01 -4.600671159180626524e-01 9.255128789007421516e-03 8.878358973347701966e-01 7.241450766430976671e+01
8.711424608673978831e-01 -3.077227291359287825e-02 4.900651893061209186e-01 4.819424317705957250e+00 3.052705728424684808e-02 9.994978343681143462e-01 8.495611486751746683e-03 -7.465186145291832220e-01 -4.900805133049588314e-01 7.559360192328499692e-03 8.716443847644878007e-01 7.325530208113909225e+01
8.536754195306011095e-01 -3.034539974831979708e-02 5.199206092920035660e-01 5.304980110573371377e+00 2.684480011715861120e-02 9.995378870903509627e-01 1.426108040807686286e-02 -7.384613605847542006e-01 -5.201130800003890275e-01 1.782830743881060921e-03 8.540955433790480278e-01 7.406098405635579240e+01
8.337405612286802326e-01 -3.067003724184504121e-02 5.513039458232951162e-01 5.845657395097292763e+00 2.530555762701794387e-02 9.995294391658019473e-01 1.733587111754140639e-02 -7.256229967571080630e-01 -5.515761896849774581e-01 -5.025648264069198330e-04 8.341243596055178955e-01 7.485468753499212369e+01
8.125493434339611243e-01 -2.494438765010125597e-02 5.823584375224547527e-01 6.380703284726008562e+00 2.081524817065718083e-02 9.996884078358794223e-01 1.377707958368349327e-02 -7.384517103707860519e-01 -5.825206164519401986e-01 9.273784999794353187e-04 8.128153887301594605e-01 7.561536441938955022e+01
7.904533860666043132e-01 -1.804896811175357024e-02 6.122562385604318758e-01 6.953626392695599456e+00 1.702100576467710513e-02 9.998270061924828811e-01 7.499367180043143427e-03 -7.458178879090346935e-01 -6.122856552633935134e-01 4.493316557363282067e-03 7.906238577409129276e-01 7.635290278355340376e+01
7.677185679663750539e-01 -1.568373482990107273e-02 6.405952200142071007e-01 7.566237018869465203e+00 1.567332868956815978e-02 9.998609453324006635e-01 5.696027409749566950e-03 -7.453687823631540699e-01 -6.405954450043295223e-01 5.667313171351861731e-03 7.678576267012242607e-01 7.706417603244405257e+01
7.444030770751802750e-01 -1.828142940017357318e-02 6.674802386521059283e-01 8.170119696958643374e+00 1.685998566514234145e-02 9.998210438624601792e-01 8.580827739317132760e-03 -7.526493186774390054e-01 -6.675176289664972451e-01 4.866112330622648745e-03 7.445780790623596213e-01 7.773373224816620564e+01
7.195536024457702684e-01 -1.895536190945260394e-02 6.941781695628114202e-01 8.804819947108130762e+00 1.746667343184039184e-02 9.998051535215093377e-01 9.195709422414212811e-03 -7.435243346330954184e-01 -6.942171980573456080e-01 5.508177666104412465e-03 7.197444840327203996e-01 7.838351128725432204e+01
6.939190414631175585e-01 -1.758284473062683706e-02 7.198383383314091999e-01 9.478413962658311931e+00 1.809289361893069367e-02 9.998119442966233450e-01 6.980087176699271805e-03 -7.658026795136332332e-01 -7.198256704283469976e-01 8.180342773036202927e-03 6.941066642402589082e-01 7.902239154806629529e+01
6.673763759264172979e-01 -1.525339678725949437e-02 7.445643877921580556e-01 1.014936437524740498e+01 1.711521004614050337e-02 9.998402961184494897e-01 5.142165604771943219e-03 -7.718518508474510043e-01 -7.445238971266866512e-01 9.311616189751301467e-03 6.675308579551331167e-01 7.960868827258912006e+01
6.403048059804438141e-01 -1.299412049592331940e-02 7.680110198447154257e-01 1.085661591786446323e+01 1.534715435577473780e-02 9.998737313587572340e-01 4.121844977327635863e-03 -7.657078921154637507e-01 -7.679675695925661794e-01 9.147546427923626544e-03 6.404233826607991231e-01 8.019458417543343387e+01
6.122775872659307339e-01 -1.170720641634935034e-02 7.905562101887702031e-01 1.156546858766459884e+01 1.565269066134142989e-02 9.998738855057993646e-01 2.684108164165559772e-03 -7.730090578288123515e-01 -7.904879039594310264e-01 1.073091216526866030e-02 6.123836172282698387e-01 8.073572658068616192e+01
5.833089592340638951e-01 -6.178406643803657089e-03 8.122268825797535063e-01 1.229909114217117683e+01 1.452226341761377396e-02 9.998905558661634885e-01 -2.823393509046078723e-03 -7.845854022363709657e-01 -8.121205162563054358e-01 1.344228312852760628e-02 5.833348548997727701e-01 8.126090656625991926e+01
5.533378845963093928e-01 2.877455834352908928e-03 8.329519399174433181e-01 1.307216304416836117e+01 1.267359330203212883e-02 9.998491911422262568e-01 -1.187319575386728936e-02 -7.985855009303750585e-01 -8.328604508971473308e-01 1.712638363381693493e-02 5.532179742614643514e-01 8.175454002784834984e+01
5.225315035613674608e-01 1.080502350599952914e-02 8.525515247072843472e-01 1.383310435382609604e+01 1.108937488605987731e-02 9.997489927109991514e-01 -1.946727976145417802e-02 -8.238937258343084213e-01 -8.525478426387106401e-01 1.962652953406525402e-02 5.222805237276334500e-01 8.222278492154029550e+01
4.903896605144257292e-01 1.576334445007645038e-02 8.713607341694237229e-01 1.462895692916164414e+01 8.311459622319853843e-03 9.997063433383985842e-01 -2.276275354859637334e-02 -8.449259063586628260e-01 -8.714636319177369028e-01 1.840489869116607863e-02 4.901146461471757032e-01 8.267080991191821226e+01
4.576894633232945764e-01 1.551431029200282460e-02 8.889767634592076195e-01 1.546850406873767447e+01 5.894705264667731391e-03 9.997728264956113886e-01 -2.048279656622435316e-02 -8.709975775567432299e-01 -8.890925588154676706e-01 1.461501533597176286e-02 4.574940301810940246e-01 8.309965312755844025e+01
4.244803913685934460e-01 1.354432856833239635e-02 9.053358364471764119e-01 1.629974309060293791e+01 2.307452504254142549e-03 9.998686807099278484e-01 -1.604047548171180435e-02 -8.909951903428814379e-01 -9.054341704581160277e-01 8.897886577651975548e-03 4.243933979214787877e-01 8.348646926505590216e+01
3.899794738364826818e-01 1.449379186514586360e-02 9.207094926840971860e-01 1.716982030320784958e+01 -2.811324923120969450e-03 9.998902025490350454e-01 -1.454947665113567358e-02 -9.166294375636016012e-01 -9.208192380370042729e-01 3.085583241478431684e-03 3.899774036144821876e-01 8.385903916288526716e+01
3.549741630197165154e-01 1.657008549272932785e-02 9.347292710655842329e-01 1.802217021628375448e+01 -9.650144778351793864e-03 9.998545890656619362e-01 -1.405981719893514836e-02 -9.434843381238523508e-01 -9.348262869455988833e-01 -4.029400898715482932e-03 3.550824479146214574e-01 8.418532246043936595e+01
3.189645304040581997e-01 1.876920455067830618e-02 9.475808074084764998e-01 1.891979950235203489e+01 -1.575792471135559897e-02 9.997707138209089850e-01 -1.449869106219090452e-02 -9.556022121733382946e-01 -9.476356325803484415e-01 -1.030733970107218685e-02 3.191871557750327604e-01 8.449287406542828194e+01
2.823270752143110518e-01 1.766375865600339559e-02 9.591555929627244570e-01 1.983172725678083737e+01 -1.813308138057819624e-02 9.997500984631478849e-01 -1.307387916841650302e-02 -9.759577543486294138e-01 -9.591468012919958097e-01 -1.370133710871149040e-02 2.825768163225409468e-01 8.476422050158348043e+01
2.453257560536678816e-01 1.709146213306142470e-02 9.692900394123277197e-01 2.073988196162281739e+01 -1.939162788548044053e-02 9.997310464343878156e-01 -1.272023643724972189e-02 -9.968279094970570187e-01 -9.692467163297343591e-01 -1.567551083834503589e-02 2.455912075119442428e-01 8.499390836849269704e+01
2.091647956678102938e-01 1.596144745021713454e-02 9.777501500451585281e-01 2.167611901268507069e+01 -1.893290603200849589e-02 9.997454585052389930e-01 -1.227029886930247615e-02 -1.025202309882541130e+00 -9.776970933810965603e-01 -1.594513729875910932e-02 2.094137558269506538e-01 8.518726825643592804e+01
1.739214611432056135e-01 1.510198650096253314e-02 9.846437430226978593e-01 2.262967362162741836e+01 -1.703334904372657763e-02 9.997789452060329429e-01 -1.232545577138630284e-02 -1.035193648320068549e+00 -9.846121899176606407e-01 -1.462811955675347685e-02 1.741402536507613841e-01 8.533887944903874256e+01
1.394576502408018115e-01 1.341360863622609312e-02 9.901371953900746092e-01 2.357313974679422586e+01 -9.625391667223131414e-03 9.998793689830733911e-01 -1.218988157523336405e-02 -1.063257538710406624e+00 -9.901812302843369107e-01 -7.830485927212624264e-03 1.395699407761247790e-01 8.546023645572451244e+01
1.050685597422749418e-01 1.619023941147080051e-02 9.943332015046218997e-01 2.454471447678907481e+01 -7.043069208220428638e-03 9.998545018532070117e-01 -1.553591755238604641e-02 -1.095147452676956679e+00 -9.944400237107702267e-01 -5.370821964243209165e-03 1.051672984045180226e-01 8.554555218404813388e+01
7.288103562700339044e-02 2.178036482997972034e-02 9.971028044225116460e-01 2.549846976798881570e+01 -6.838834799036872490e-03 9.997489210199950183e-01 -2.133829563614005401e-02 -1.098452383248018416e+00 -9.973171724966074514e-01 -5.263864706977331755e-03 7.301169035300147936e-02 8.560656793591685698e+01
4.297027582324111639e-02 2.422903002097356179e-02 9.987825338387937846e-01 2.646546056183911944e+01 -1.956114025376819686e-03 9.997060167454429047e-01 -2.416727457984699234e-02 -1.152923696367459394e+00 -9.990744148842118921e-01 -9.152586139512218499e-04 4.300503943131589457e-02 8.563606773154577922e+01
1.725866446805807489e-02 2.314658066770449579e-02 9.995831172563305334e-01 2.745156614319815347e+01 1.173752812763800401e-03 9.997308446930645021e-01 -2.317026715727658892e-02 -1.176275689495861032e+00 -9.998503514762916433e-01 1.573150822608503389e-03 1.722685283887727403e-02 8.564711912676919781e+01
-4.472193715289231666e-03 2.000053924811578954e-02 9.997899849854949839e-01 2.842606740705846491e+01 2.524374360319353149e-03 9.997970020342105135e-01 -1.998938701735278670e-02 -1.197390399176532005e+00 -9.999867975127958442e-01 2.434447269482109110e-03 -4.521773718921368382e-03 8.564025764090746407e+01
-2.388627709772463137e-02 1.797350769291737940e-02 9.995531137340731842e-01 2.941030543861009505e+01 5.134698494985378246e-03 9.998273937411417123e-01 -1.785573598727641098e-02 -1.218420443474577786e+00 -9.997014804809066790e-01 4.705896363917288876e-03 -2.397444164341721445e-02 8.561554473031407042e+01
-4.192518828578879753e-02 1.988451511823151677e-02 9.989228782305933363e-01 3.040089385238245256e+01 5.302526633677386719e-03 9.997922834130765768e-01 -1.967927181460969732e-02 -1.255554051847433072e+00 -9.991066647150835811e-01 4.471757437856054181e-03 -4.202191612728785330e-02 8.556351341649470044e+01
-5.625510767968910225e-02 2.489798461580742736e-02 9.981059498731370550e-01 3.137754806251528450e+01 8.121742609195962276e-03 9.996673529455499807e-01 -2.447917681804281931e-02 -1.274248652280661753e+00 -9.983833702419528944e-01 6.729280360255663652e-03 -5.643860826586091090e-02 8.549446377103149075e+01
-6.826456067776627556e-02 2.907219207964183150e-02 9.972435947689428648e-01 3.236648523219268014e+01 1.110649163303246804e-02 9.995355347073878738e-01 -2.837873186948417295e-02 -1.316817860217884162e+00 -9.976054078769428513e-01 9.138615435963771266e-03 -6.855574402962164027e-02 8.542838554247461502e+01
-7.759069522265553409e-02 3.362133547074682566e-02 9.964182514351198616e-01 3.336226455758583143e+01 1.763024905027211348e-02 9.993212093945111896e-01 -3.234642697525812183e-02 -1.350498439773089920e+00 -9.968293797690427338e-01 1.505731980425939302e-02 -7.813077917185570764e-02 8.533339124845895185e+01
-8.317393648997792321e-02 3.828276548698443527e-02 9.957994616443660574e-01 3.434023005181020949e+01 2.092664197687647484e-02 9.991085894670163059e-01 -3.666208848161283534e-02 -1.394250497827034030e+00 -9.963152743368618447e-01 1.778940871653212491e-02 -8.390092297703843904e-02 8.522789019297157154e+01
-8.703324623256152026e-02 4.348995922458584462e-02 9.952556794719376043e-01 3.534074094815762379e+01 2.284860008004799270e-02 9.988709815190396357e-01 -4.164987013597639537e-02 -1.436140766918036604e+00 -9.959433316009991266e-01 1.911527525211854234e-02 -8.792866828647825928e-02 8.515306658738494150e+01
-8.993278811567839703e-02 4.706126466618246879e-02 9.948353430292634636e-01 3.634003545586662653e+01 2.388455679493564632e-02 9.986975975767745650e-01 -4.508481481070573255e-02 -1.493257545064344161e+00 -9.956613766845033853e-01 1.970659771844094493e-02 -9.093969546109616220e-02 8.504022534619295470e+01
-9.235223463011522915e-02 5.030823854237828630e-02 9.944547200955310418e-01 3.733648714987533879e+01 2.522483471067547139e-02 9.985205183003444951e-01 -4.817136241149864301e-02 -1.539906652516583874e+00 -9.954068192361588130e-01 2.063622249970017281e-02 -9.348461667022935073e-02 8.494065134576108278e+01
-9.534383783233539578e-02 5.369209700018221648e-02 9.939953493799580375e-01 3.834004030922975659e+01 2.638043122920192066e-02 9.983298802204961797e-01 -5.139582718939381123e-02 -1.600468717381940520e+00 -9.950947677887996834e-01 2.132174958341864074e-02 -9.660102238816090092e-02 8.484126763022733542e+01
-9.666288166837880280e-02 5.743981586614626406e-02 9.936583909481101484e-01 3.933806626392119909e+01 2.710151474420591927e-02 9.981151218302317663e-01 -5.506101291626485511e-02 -1.661000009684696854e+00 -9.949481178103060097e-01 2.160729033614045350e-02 -9.803738816185297855e-02 8.473016649849793680e+01
-9.983533283839429728e-02 5.855300439221367698e-02 9.932796614395855705e-01 4.035873896350760504e+01 2.912573390698711476e-02 9.980112111269018316e-01 -5.590447422626642487e-02 -1.726318569088020505e+00 -9.945775783026813421e-01 2.334875723087321067e-02 -1.013421802885075412e-01 8.462141340683656665e+01
-1.016338463634981759e-01 5.790079438454459604e-02 9.931354854895726447e-01 4.136625412211031261e+01 2.958606380480104797e-02 9.980391540919274496e-01 -5.515895248897586395e-02 -1.781145283838188931e+00 -9.943818158608236368e-01 2.377695236466717543e-02 -1.031476177284293833e-01 8.451415934192574753e+01
-1.036690207849286921e-01 5.760350345050263554e-02 9.929423956561099773e-01 4.238077334139887853e+01 3.075218179415919670e-02 9.980298242825048627e-01 -5.468793078543647546e-02 -1.849597459034521219e+00 -9.941363056822698496e-01 2.486570053088452831e-02 -1.052362134975763364e-01 8.440220141906810625e+01
-1.058052743394741757e-01 5.849309815181611555e-02 9.926650161108732107e-01 4.340624753549316495e+01 2.956921741488391722e-02 9.980120335212557814e-01 -5.565647531692551747e-02 -1.915602671831059256e+00 -9.939471195575267926e-01 2.346357861307207804e-02 -1.073245291817816333e-01 8.428125250919285349e+01
-1.083617326032490780e-01 6.035257808171350796e-02 9.922778571175814299e-01 4.442451759988422566e+01 2.788920213023620559e-02 9.979471291410418887e-01 -5.765175435387005082e-02 -1.974766110383429307e+00 -9.937202258461552695e-01 2.142659298646124380e-02 -1.098224665377929010e-01 8.417235615768090895e+01
-1.105978086397303023e-01 6.288346922978078901e-02 9.918738987155762965e-01 4.545320922449135281e+01 2.687321913247001440e-02 9.978206683833489299e-01 -6.026401645649059891e-02 -2.041938618468133626e+00 -9.935018419211598673e-01 1.998977572357584984e-02 -1.120466597436185624e-01 8.404650378681984080e+01
-1.132216482418982179e-01 6.629637395336825112e-02 9.913554791378934583e-01 4.648486617055646519e+01 2.430579200803990869e-02 9.976575931867798230e-01 -6.394188506772097158e-02 -2.113322997326487762e+00 -9.932723898933720763e-01 1.685607399306311704e-02 -1.145678249448816577e-01 8.393079592823546875e+01
-1.151961720609238626e-01 7.041609626451736381e-02 9.908438052654060524e-01 4.751591815449509681e+01 2.081875187358951315e-02 9.974363281665941106e-01 -6.846420292342668412e-02 -2.185156321716334116e+00 -9.931245542284018457e-01 1.274131688798230133e-02 -1.163668261056703401e-01 8.381124390377183886e+01
-1.182272383996722381e-01 7.260534097757763428e-02 9.903286463235649872e-01 4.855460820876284345e+01 1.786867003285149205e-02 9.973173558301470232e-01 -7.098451920253931458e-02 -2.264117192112969690e+00 -9.928257632749903916e-01 9.303551579002327168e-03 -1.192074374304749190e-01 8.367533566425946390e+01
-1.212992047474336504e-01 7.085934132183126233e-02 9.900835773198415346e-01 4.959971368487870080e+01 1.545738582151655154e-02 9.974626324854841686e-01 -6.949370419443361147e-02 -2.348297984786400949e+00 -9.924956060201125529e-01 6.874572473687530841e-03 -1.220867177380506180e-01 8.354001549951026107e+01
-1.235236990071403723e-01 6.762429985295285995e-02 9.900347871950059275e-01 5.065994102351728401e+01 1.399929865278666703e-02 9.976948170928016113e-01 -6.640086667389265285e-02 -2.413321097284115258e+00 -9.922428496608955983e-01 5.657711546080763237e-03 -1.241856480856613210e-01 8.340455633190319418e+01
-1.259824785376856549e-01 6.542800374074544956e-02 9.898725361093884123e-01 5.171215412647354270e+01 1.396488878134031705e-02 9.978407967895717157e-01 -6.417735331028355528e-02 -2.499852807367916263e+00 -9.919341559214742698e-01 5.738236739960139894e-03 -1.266241482518861150e-01 8.328655243598802826e+01
-1.283267909917853722e-01 6.570093502730638135e-02 9.895532655397550892e-01 5.276246250111768177e+01 1.385825710520453315e-02 9.978245150074377401e-01 -6.445294123267206188e-02 -2.571870218980012446e+00 -9.916350902680305390e-01 5.442443301747090789e-03 -1.289581240156524589e-01 8.314963256720645290e+01
-1.290051606715270915e-01 6.864207503210886796e-02 9.892653711245007475e-01 5.382218410152534460e+01 1.451749131039698285e-02 9.976252084104202389e-01 -6.732898377712984161e-02 -2.650064078833176850e+00 -9.915376298535794053e-01 5.675864776437061429e-03 -1.296953077388932896e-01 8.298678176956713060e+01
-1.298709579800577663e-01 7.082641173679410374e-02 9.889980737105156239e-01 5.487958867726001699e+01 1.420256940529587668e-02 9.974760706138923183e-01 -6.956853619395457489e-02 -2.726250463852341266e+00 -9.914291617736838980e-01 5.011381063990624947e-03 -1.305490826338346066e-01 8.283715403727059368e+01
-1.304248392117859368e-01 7.182833641511349176e-02 9.888529182942329410e-01 5.594930650148474172e+01 1.335780716838519573e-02 9.974090311519872021e-01 -7.068800541724740150e-02 -2.811455671595011196e+00 -9.913681887771437218e-01 3.989434560128961478e-03 -1.310463819402013508e-01 8.270356224774616294e+01
-1.300567042367269111e-01 7.060902104410893276e-02 9.889892133135308461e-01 5.702076804977401281e+01 1.062048750070309321e-02 9.975030512713798370e-01 -6.982022289528745651e-02 -2.887377811083967849e+00 -9.914496571955935256e-01 1.422958736071205715e-03 -1.304818570346528983e-01 8.255786340639235732e+01
-1.302387226584164337e-01 6.999445659613846848e-02 9.890089446136383078e-01 5.809623974477732844e+01 7.516659337127694872e-03 9.975460479091570187e-01 -6.960880706997249479e-02 -2.968732603321758923e+00 -9.914541511655744488e-01 -1.631719415208937336e-03 -1.304452452507406657e-01 8.241831020082688042e+01
-1.301758256138557945e-01 7.074741342163988478e-02 9.889636491489395276e-01 5.917746400849448207e+01 3.103709028725249678e-03 9.974752082657570851e-01 -7.094776616359589616e-02 -3.056842031211721267e+00 -9.914860513521911445e-01 -6.166229612238062832e-03 -1.300667426519012404e-01 8.226978731767539443e+01
-1.305129932072028598e-01 7.077495930922150791e-02 9.889172385125941656e-01 6.025453727477061250e+01 -1.331301646548915764e-03 9.974353829828168649e-01 -7.156028681346864040e-02 -3.137185389522958001e+00 -9.914456890164830005e-01 -1.065609514431296000e-02 -1.300840597756140193e-01 8.213770860470033597e+01
-1.313647262558053641e-01 7.005893865434513479e-02 9.888554442772884423e-01 6.134545978714162118e+01 -4.645272782227065009e-03 9.974452036188821147e-01 -7.128461146588328801e-02 -3.226479424538648111e+00 -9.913232015129811447e-01 -1.395778772564577538e-02 -1.307036773630768922e-01 8.200429070644585750e+01
-1.310187413149775382e-01 6.489828078511733489e-02 9.892534268734893832e-01 6.243818663689052784e+01 -5.175645642576710143e-03 9.977966545128633680e-01 -6.614421697643722842e-02 -3.302413858791499734e+00 -9.913663655189961510e-01 -1.378615857996422049e-02 -1.303941731978859320e-01 8.185152427842386658e+01
-1.317141986317217350e-01 5.721672350866071483e-02 9.896351125696380979e-01 6.353885270786781803e+01 -1.077992084394175081e-03 9.983239724447180441e-01 -5.786255225843121158e-02 -3.375031218244860742e+00 -9.912871327605995431e-01 -8.688139508139658060e-03 -1.314317638129964827e-01 8.170865968411598601e+01
-1.316736129227181751e-01 5.196546202850432783e-02 9.899301396709148104e-01 6.465667875973277035e+01 5.870931737581557702e-03 9.986483893310119653e-01 -5.164220797810965130e-02 -3.436762828994272212e+00 -9.912757185370054680e-01 -9.881044156116933468e-04 -1.318007264082938224e-01 8.154435771729941962e+01
-1.306310227566402360e-01 5.375788400837894915e-02 9.899725537240914308e-01 6.574892797433608393e+01 1.297124155955617711e-02 9.985360830289280454e-01 -5.251129355570800100e-02 -3.510646604412514638e+00 -9.913461784807248156e-01 5.981568305437440572e-03 -1.311371002722878654e-01 8.138744730599769639e+01
-1.300301238948804727e-01 5.915399331915620340e-02 9.897439143485793345e-01 6.685079559799608262e+01 1.715685058582471986e-02 9.982035075699559057e-01 -5.740557228394788103e-02 -3.586443070886364826e+00 -9.913615803004823812e-01 9.516434527893963616e-03 -1.308114136750753997e-01 8.121859762530853288e+01
-1.286886014009525347e-01 6.492083374760947156e-02 9.895577660462020475e-01 6.796230515691310359e+01 2.084558994901137760e-02 9.978114695387185762e-01 -6.275142726702653828e-02 -3.647736994923015619e+00 -9.914659199331076200e-01 1.255252157222724700e-02 -1.297602681377661993e-01 8.106127431356289037e+01
-1.280449226429564991e-01 6.807155888589283554e-02 9.894295334223830451e-01 6.907335332969810793e+01 2.095853219829996172e-02 9.976046643198119845e-01 -6.592169466300643044e-02 -3.753172347675434395e+00 -9.915468742618789300e-01 1.229605233831841150e-02 -1.291648916768556032e-01 8.089914327597455213e+01
-1.281857084087195120e-01 6.724995684551229869e-02 9.894674907170941669e-01 7.019985597943413325e+01 1.920827993957599164e-02 9.976795047435852437e-01 -6.531965591517399639e-02 -3.811537666664928992e+00 -9.915641312025188503e-01 1.063292149906405575e-02 -1.291800063348657601e-01 8.076242071560410807e+01
-1.273192128840831272e-01 6.281286188145272786e-02 9.898708962272899647e-01 7.133304471636870403e+01 1.846040963605778684e-02 9.979699548297673584e-01 -6.095237548169576969e-02 -3.883799080596450182e+00 -9.916899666032082949e-01 1.051301326390429933e-02 -1.282202919456843226e-01 8.060587645006538082e+01
-1.272114096820655682e-01 6.021744449330217880e-02 9.900460344554118386e-01 7.246821055253941779e+01 1.695215721211514037e-02 9.981416044710038626e-01 -5.853165026113484048e-02 -3.961398944695899260e+00 -9.917307371368537794e-01 9.337521909849398616e-03 -1.279958147889383446e-01 8.047452644995779281e+01
