1 0 0 0 0 1 0 0 0 0 1 0
0.998996 -5.41266e-05 0.0447881 0.0165451 0.000195379 0.999995 -0.00314942 -0.0125951 -0.0447877 0.00315501 0.998992 0.998182
0.996036 -0.00476625 0.0888276 0.107836 0.00554714 0.999948 -0.00854629 -0.0270215 -0.0887823 0.00900515 0.99601 2.02642
0.991301 -0.00524635 0.131514 0.249707 0.00690097 0.999903 -0.0121288 -0.0397515 -0.131437 0.0129308 0.99124 3.1283
0.985085 -0.00491392 0.172 0.465801 0.00756744 0.999862 -0.0147752 -0.0595883 -0.171903 0.0158564 0.984986 4.13875
0.97547 -0.00754077 0.220001 0.653749 0.0112984 0.999811 -0.0158269 -0.072284 -0.21984 0.0179243 0.975371 5.16174
0.964584 -0.00896495 0.263622 0.922038 0.0139977 0.999754 -0.0172188 -0.101246 -0.263403 0.0202991 0.964472 6.12552
0.951944 -0.0128432 0.306003 1.24137 0.0198918 0.999604 -0.0199273 -0.122159 -0.305626 0.0250566 0.951822 7.14247
0.937646 -0.0149539 0.347269 1.60192 0.0240343 0.999472 -0.0218553 -0.146519 -0.346759 0.0288389 0.937511 8.10907
0.920821 -0.0148474 0.389702 1.98318 0.0257157 0.999412 -0.0226864 -0.177246 -0.389136 0.0309115 0.920661 9.02511
0.900865 -0.0148303 0.433846 2.36662 0.0270494 0.999392 -0.0220045 -0.20122 -0.433256 0.0315584 0.900718 9.9176
0.87983 -0.015304 0.475043 2.83348 0.0284475 0.999385 -0.0204916 -0.231486 -0.474437 0.0315429 0.879724 10.8604
0.854675 -0.0157205 0.518925 3.31342 0.030336 0.999346 -0.019689 -0.264023 -0.518276 0.0325698 0.854593 11.6915
0.827735 -0.0157349 0.560898 3.83715 0.0317459 0.999319 -0.0188145 -0.296127 -0.56022 0.0333797 0.827671 12.6301
0.795164 -0.0168289 0.606161 4.36591 0.0356643 0.999182 -0.0190442 -0.30882 -0.605345 0.0367615 0.795114 13.5693
0.768636 -0.0164348 0.639476 5.021 0.0368937 0.999145 -0.018667 -0.347823 -0.638622 0.0379408 0.768585 14.2928
0.734834 -0.0189048 0.677984 5.68466 0.041226 0.999008 -0.0168267 -0.379161 -0.676993 0.0403154 0.734884 15.0971
0.704187 -0.0176288 0.709796 6.37064 0.0409294 0.999037 -0.0157934 -0.40765 -0.708834 0.040173 0.70423 15.7886
0.673707 -0.0169548 0.738804 7.11956 0.0426026 0.998965 -0.0159236 -0.445173 -0.73777 0.0422028 0.673732 16.3716
0.643248 -0.0187246 0.765429 7.87881 0.0480353 0.998718 -0.0159361 -0.464918 -0.76415 0.0470185 0.643323 16.9242
0.61043 -0.0173378 0.791881 8.68535 0.0489839 0.998673 -0.0158943 -0.487005 -0.790555 0.0484918 0.610469 17.4907
0.570287 -0.016174 0.821286 9.54946 0.0525928 0.998474 -0.016856 -0.502313 -0.81976 0.0528065 0.570267 18.1644
0.53483 -0.0149507 0.844827 10.3369 0.0572844 0.998185 -0.0186 -0.53789 -0.843016 0.0583433 0.534716 18.6033
0.494223 -0.0137794 0.869226 11.1629 0.0613405 0.997935 -0.0190571 -0.540189 -0.867169 0.0627373 0.494047 19.1219
0.457153 -0.0155914 0.889252 12.0439 0.0672744 0.997588 -0.017094 -0.562809 -0.886841 0.0676385 0.457099 19.5499
0.416435 -0.0156969 0.90903 12.972 0.0715533 0.997315 -0.0155578 -0.581519 -0.906346 0.0715229 0.41644 20.0354
0.380814 -0.0131356 0.924559 13.8332 0.0730803 0.997199 -0.0159333 -0.603618 -0.92176 0.0736347 0.380707 20.4233
0.350021 -0.0138833 0.936639 14.8111 0.074065 0.99717 -0.0128975 -0.618918 -0.93381 0.0738866 0.350058 20.7613
0.325271 -0.0163557 0.94548 15.7632 0.0768998 0.996996 -0.00920881 -0.6402 -0.942489 0.0757026 0.325552 20.9997
0.303965 -0.0164644 0.952541 16.7375 0.0801986 0.996744 -0.00836371 -0.636496 -0.949302 0.0789348 0.304296 21.1645
0.269072 -0.0122532 0.963042 17.7139 0.0770271 0.99699 -0.00883609 -0.641495 -0.960035 0.0765579 0.269206 21.5
0.240981 -0.0107464 0.97047 18.6553 0.0763102 0.997053 -0.00790818 -0.665896 -0.967525 0.0759626 0.241091 21.6825
0.212023 -0.01091 0.977204 19.6804 0.0785125 0.996896 -0.00590491 -0.684775 -0.974106 0.0779747 0.212221 21.8939
0.177918 -0.01146 0.983979 20.7229 0.0791183 0.996862 -0.00269576 -0.705108 -0.98086 0.0783304 0.178266 22.1681
0.148947 -0.0117351 0.988776 21.732 0.0786393 0.996903 -1.45552e-05 -0.709267 -0.985714 0.0777589 0.149409 22.3029
0.120818 -0.0107873 0.992616 22.7783 0.0800843 0.996788 0.00108499 -0.693794 -0.989439 0.079362 0.121293 22.4397
0.0941959 -0.0105666 0.995498 23.8541 0.082707 0.99657 0.00275209 -0.692424 -0.992113 0.0820755 0.0947464 22.555
0.0684896 -0.00912195 0.99761 24.9868 0.0873178 0.996176 0.00311413 -0.675393 -0.993824 0.0868959 0.0690239 22.6635
0.0462679 -0.00800358 0.998897 26.0996 0.09193 0.995759 0.00372032 -0.664325 -0.99469 0.0916565 0.0468071 22.7266
0.0272051 -0.00785309 0.999599 27.2067 0.0980883 0.995165 0.00514867 -0.657396 -0.994806 0.097909 0.0278435 22.7447
0.0115369 -0.00882675 0.999895 28.3204 0.10226 0.994729 0.00760127 -0.661387 -0.994691 0.102161 0.0123783 22.7124
-0.00152592 -0.00923031 0.999956 29.4251 0.105379 0.994388 0.00933971 -0.662532 -0.994431 0.105388 -0.000545018 22.6616
-0.016381 -0.0100284 0.999816 30.5996 0.107242 0.994164 0.0117288 -0.660186 -0.994098 0.107414 -0.0152102 22.6757
-0.0292548 -0.0109552 0.999512 31.7941 0.107727 0.994081 0.0140487 -0.647842 -0.99375 0.108086 -0.0279018 22.6388
-0.0424013 -0.010561 0.999045 33.032 0.107349 0.994107 0.0150649 -0.638193 -0.993317 0.107886 -0.041018 22.6135
-0.0533505 -0.00821557 0.998542 34.252 0.107336 0.994125 0.013914 -0.634473 -0.992791 0.107922 -0.0521556 22.553
-0.0639143 -0.00408069 0.997947 35.5487 0.10815 0.994074 0.0109914 -0.614743 -0.992078 0.108631 -0.0630945 22.4672
-0.0709425 -0.00143888 0.99748 36.7104 0.109193 0.993978 0.00919981 -0.60344 -0.991486 0.10957 -0.0703585 22.3536
-0.0772688 -0.000206838 0.997011 37.9476 0.108859 0.99402 0.00864282 -0.58824 -0.99105 0.109201 -0.0767846 22.2482
-0.0814556 0.000583765 0.996677 39.1934 0.108704 0.99404 0.0083018 -0.57535 -0.990731 0.109019 -0.0810339 22.1271
-0.0869868 0.00221674 0.996207 40.4932 0.109418 0.993969 0.00734238 -0.563805 -0.990183 0.109641 -0.0867051 22.044
-0.0887983 0.00437742 0.99604 41.7529 0.109166 0.994009 0.00536376 -0.551871 -0.99005 0.10921 -0.0887446 21.8923
-0.0925799 0.00597582 0.995688 43.0972 0.109766 0.993948 0.00424073 -0.534129 -0.989637 0.109685 -0.0926759 21.769
-0.0950013 0.00497243 0.995465 44.384 0.108753 0.994054 0.00541336 -0.52935 -0.989519 0.108774 -0.0949775 21.6756
-0.0957599 0.0027217 0.995401 45.7018 0.109195 0.99399 0.00778694 -0.530851 -0.989397 0.109438 -0.0954819 21.5429
-0.0985014 0.000831204 0.995137 47.0901 0.108529 0.994044 0.00991219 -0.526798 -0.989201 0.108978 -0.0980052 21.4394
-0.101781 0.00116443 0.994807 48.5164 0.110941 0.993775 0.0101873 -0.520332 -0.988602 0.111401 -0.101277 21.3311
-0.102523 0.000164646 0.994731 49.877 0.110458 0.993818 0.01122 -0.524185 -0.988579 0.111026 -0.101908 21.213
-0.102445 0.000600137 0.994739 51.2812 0.111794 0.993672 0.0109138 -0.522106 -0.988437 0.112324 -0.101864 21.0854
-0.104148 1.24227e-06 0.994562 52.7294 0.110654 0.993791 0.0115862 -0.522428 -0.988387 0.111259 -0.103501 20.995
-0.103584 0.000912691 0.994621 54.227 0.110072 0.993868 0.0105513 -0.517841 -0.988511 0.110573 -0.10305 20.8557
-0.103627 0.000935461 0.994616 55.7291 0.110111 0.993863 0.0105374 -0.503944 -0.988503 0.11061 -0.103094 20.7454
-0.101662 -0.000974668 0.994819 57.2886 0.108993 0.993969 0.012112 -0.502058 -0.98883 0.10966 -0.100943 20.5775
-0.0999784 -0.00127561 0.994989 58.7557 0.109586 0.993901 0.0122857 -0.506471 -0.988936 0.110266 -0.0992292 20.463
-0.0995617 -0.000487377 0.995032 60.3643 0.109193 0.993955 0.0114126 -0.489005 -0.989022 0.109787 -0.098907 20.3212
-0.0993817 -0.000230546 0.99505 61.9828 0.10966 0.993906 0.0111827 -0.47634 -0.988988 0.110229 -0.0987511 20.1893
-0.095751 -0.00225998 0.995403 63.5512 0.108892 0.993972 0.0127314 -0.484201 -0.989431 0.10961 -0.0949281 20.0154
-0.0941673 -0.00420889 0.995548 65.1879 0.110695 0.993746 0.0146717 -0.47333 -0.989383 0.111584 -0.0931128 19.8597
-0.0942822 -0.00553907 0.99553 66.8943 0.112356 0.993536 0.0161687 -0.445395 -0.989185 0.113378 -0.0930508 19.7117
-0.0968057 -0.00415148 0.995295 68.5975 0.113547 0.993416 0.0151876 -0.428556 -0.988805 0.114483 -0.0956973 19.6188
-0.0983726 -0.00241087 0.995147 70.2385 0.11511 0.993257 0.0137851 -0.424356 -0.98847 0.115907 -0.0974321 19.5339
-0.0992305 -0.00287568 0.995061 71.9983 0.11411 0.993366 0.0142502 -0.414194 -0.9885 0.114961 -0.0982444 19.3771
-0.0981181 -0.00564408 0.995159 73.6274 0.114059 0.993331 0.0168794 -0.447118 -0.988617 0.115163 -0.0968204 19.2318
-0.0995756 -0.00637058 0.99501 75.4167 0.113448 0.993386 0.0177135 -0.420496 -0.988541 0.114646 -0.0981947 19.1091
-0.0991672 -0.00607209 0.995053 77.1971 0.114674 0.993249 0.0174895 -0.395345 -0.988441 0.115841 -0.0978018 18.9433
-0.0989013 -0.00592773 0.99508 78.9797 0.115488 0.993157 0.0173947 -0.371426 -0.988373 0.11664 -0.0975403 18.7771
-0.100541 -0.0033018 0.994928 80.8924 0.115997 0.993136 0.0150177 -0.323411 -0.988148 0.116918 -0.099468 18.6044
-0.103655 -0.00213878 0.994611 82.803 0.115024 0.993262 0.0141232 -0.296622 -0.98794 0.115868 -0.102711 18.4616
-0.106337 -0.000595788 0.99433 84.6959 0.114092 0.993388 0.0127966 -0.269315 -0.987763 0.114806 -0.105566 18.297
-0.106726 -0.000473705 0.994289 86.5371 0.113132 0.9935 0.0126168 -0.261408 -0.987831 0.113832 -0.105979 18.0966
-0.110388 -0.00155686 0.993888 88.4979 0.111065 0.993716 0.0138923 -0.239682 -0.987663 0.11192 -0.109522 17.9304
-0.110574 -0.00129888 0.993867 90.3297 0.11086 0.993743 0.0136326 -0.219733 -0.987666 0.111687 -0.109739 17.7307
-0.113108 -0.00194671 0.993581 92.212 0.107765 0.994075 0.0142155 -0.204261 -0.987721 0.108681 -0.112229 17.585
-0.11568 -0.00115598 0.993286 94.1575 0.107409 0.994121 0.013666 -0.183997 -0.987462 0.108269 -0.114876 17.3708
-0.118028 -0.00111449 0.99301 95.9927 0.10489 0.994391 0.0135832 -0.179445 -0.987455 0.10576 -0.11725 17.1974
-0.121952 -2.52638e-05 0.992536 97.9344 0.105266 0.99436 0.0129591 -0.155914 -0.986938 0.10606 -0.121261 16.9714
-0.127308 -0.00216914 0.991861 99.8195 0.102651 0.994599 0.0153506 -0.162557 -0.986537 0.10377 -0.126398 16.7822
-0.132075 -0.0010895 0.991239 101.827 0.102163 0.994659 0.0147057 -0.122954 -0.985961 0.10321 -0.131258 16.5162
-0.13753 -0.000523565 0.990497 103.758 0.10052 0.99483 0.014483 -0.111835 -0.985384 0.101556 -0.136767 16.3103
-0.144313 0.00234225 0.989529 105.824 0.100218 0.99489 0.0122609 -0.0700233 -0.984444 0.100938 -0.143811 16.0631
-0.135722 0.000965966 0.990747 107.394 0.100204 0.994885 0.0127568 -0.129628 -0.985667 0.101008 -0.135125 15.7414
-0.140534 0.002262 0.990073 109.491 0.0989845 0.995019 0.0117768 -0.0888238 -0.985115 0.099657 -0.140058 15.4314
-0.145602 0.00177007 0.989342 111.41 0.0968825 0.995218 0.0124776 -0.0812307 -0.984588 0.0976667 -0.145077 15.1956
-0.154386 0.00207129 0.988008 113.536 0.0943747 0.995456 0.0126601 -0.0479458 -0.983493 0.0951976 -0.153881 14.9439
-0.164269 0.00270422 0.986412 115.625 0.0930903 0.995576 0.0127731 -0.0230851 -0.982013 0.0939237 -0.163794 14.7042
-0.174219 0.00378731 0.9847 117.651 0.0934621 0.995542 0.0127069 -9.91542e-05 -0.980262 0.0942459 -0.173797 14.4667
-0.183698 0.00645144 0.982962 119.682 0.0940034 0.995511 0.0110338 0.0184671 -0.978478 0.0944287 -0.183481 14.1977
-0.185652 0.00821526 0.982581 121.672 0.0933035 0.995594 0.00930499 0.0403098 -0.978176 0.0934057 -0.185601 13.7755
-0.193943 0.00793076 0.980981 123.692 0.0923534 0.995674 0.0102091 0.0473889 -0.976656 0.092577 -0.193837 13.4303
-0.200287 0.00710877 0.979712 125.663 0.0913048 0.995757 0.0114406 0.0326294 -0.975474 0.0917438 -0.200087 13.0838
-0.205531 0.0082103 0.978616 127.619 0.0909423 0.995798 0.0107454 0.0380998 -0.974416 0.0912061 -0.205414 12.6974
-0.210612 0.00975022 0.977521 129.605 0.0908247 0.99582 0.00963594 0.0639054 -0.973341 0.0908125 -0.210618 12.2819
-0.216238 0.00914701 0.976298 131.755 0.0908397 0.995807 0.0107901 0.087208 -0.972106 0.0910198 -0.216163 11.8285
-0.214447 0.00688527 0.976711 133.486 0.0910335 0.995763 0.0129678 0.0778769 -0.972484 0.0916943 -0.214166 11.4167
-0.215196 0.00913166 0.976528 135.515 0.0998802 0.994918 0.0127068 0.1079 -0.97145 0.10027 -0.215015 10.9325
-0.209903 0.00754749 0.977693 137.342 0.0993691 0.994957 0.013653 0.112475 -0.97266 0.100018 -0.209595 10.4614
-0.212193 0.00817158 0.977194 139.427 0.098391 0.995062 0.0130441 0.14894 -0.972262 0.0989149 -0.211949 10.0287
-0.214862 0.00897611 0.976603 141.51 0.0968369 0.995226 0.0121578 0.169609 -0.971832 0.0971835 -0.214706 9.57007
-0.218712 0.00908604 0.975747 143.571 0.0952427 0.995381 0.0120796 0.172652 -0.97113 0.0955747 -0.218567 9.13901
-0.223203 0.00647813 0.974751 145.66 0.0930194 0.995556 0.0146836 0.158283 -0.970324 0.0939481 -0.222814 8.67814
-0.227612 0.00879772 0.973712 147.689 0.0929459 0.99559 0.0127314 0.212476 -0.969306 0.0934004 -0.227427 8.23025
-0.227942 0.00863949 0.973637 149.731 0.0914637 0.995729 0.0125774 0.236039 -0.969369 0.0919193 -0.227759 7.73652
-0.234515 0.0106017 0.972055 151.742 0.0830062 0.996507 0.00915744 0.260404 -0.968562 0.0828341 -0.234576 7.29315
-0.236889 0.0105322 0.97148 153.886 0.0827277 0.996528 0.00936886 0.276846 -0.968008 0.0825877 -0.236938 6.75688
-0.240245 0.0108111 0.970652 155.993 0.0835138 0.99646 0.0095719 0.284546 -0.967113 0.0833624 -0.240298 6.25427
-0.242506 0.0111134 0.970086 158.131 0.0838323 0.996434 0.00954146 0.287729 -0.966521 0.0836384 -0.242573 5.72285
-0.247023 0.0119765 0.968936 160.331 0.0836157 0.996457 0.00900047 0.280482 -0.965396 0.0832415 -0.247149 5.2101
-0.249979 0.0120545 0.968176 162.504 0.0818907 0.996603 0.00873547 0.274468 -0.964782 0.0814683 -0.250118 4.67849
-0.254705 0.0129386 0.966932 164.796 0.081944 0.996602 0.00824971 0.279126 -0.963541 0.0813355 -0.254901 4.1335
-0.254522 0.0124425 0.966987 166.94 0.0812777 0.996654 0.00856895 0.262908 -0.963646 0.0807754 -0.254682 3.52006
-0.256251 0.0122676 0.966533 169.161 0.0806678 0.996702 0.00873646 0.272961 -0.963239 0.0802068 -0.256396 2.94473
-0.259636 0.0127757 0.965622 171.423 0.0808762 0.996687 0.00855925 0.280098 -0.962314 0.0803181 -0.25981 2.33944
-0.262973 0.0130236 0.964715 173.584 0.0824862 0.996551 0.00903169 0.273433 -0.961271 0.0819508 -0.263141 1.77577
-0.265801 0.0135725 0.963933 175.841 0.0842939 0.996398 0.00921408 0.289303 -0.960336 0.0837027 -0.265988 1.15983
-0.270865 0.0131613 0.962528 178.08 0.0846243 0.99636 0.0101901 0.286765 -0.958891 0.0842133 -0.270993 0.598068
-0.275854 0.0134235 0.961106 180.51 0.0837233 0.996437 0.010113 0.321513 -0.957546 0.0832566 -0.275995 -0.0638932
-0.278475 0.0144813 0.960334 182.783 0.0826874 0.996535 0.00895025 0.334093 -0.956877 0.0819 -0.278708 -0.707214
-0.28089 0.0178758 0.959574 185.127 0.0826897 0.996559 0.00564042 0.354208 -0.956171 0.0809312 -0.281402 -1.40741
-0.283861 0.0209498 0.958637 187.461 0.0825242 0.996585 0.00265709 0.370537 -0.955308 0.0798649 -0.284621 -2.10144
-0.284784 0.0210929 0.95836 189.652 0.0809399 0.996716 0.00211487 0.351176 -0.955168 0.0781718 -0.285557 -2.75569
-0.283981 0.0204526 0.958612 191.827 0.0783666 0.996922 0.00194554 0.331249 -0.955622 0.0756756 -0.284711 -3.42538
-0.289649 0.0217315 0.956886 194.235 0.0789791 0.996875 0.00126732 0.344239 -0.953869 0.0759411 -0.290461 -4.06469
-0.290249 0.0224676 0.956687 196.398 0.0805388 0.996751 0.00102613 0.329477 -0.953556 0.0773483 -0.291116 -4.75638
-0.289886 0.0216462 0.956816 198.561 0.0803641 0.996764 0.0017979 0.317462 -0.953681 0.0774148 -0.290688 -5.43834
-0.291406 0.0213676 0.956361 200.821 0.0807268 0.996733 0.00232815 0.299774 -0.953187 0.0778824 -0.29218 -6.14137
-0.292585 0.0212996 0.956002 203.071 0.0794244 0.996838 0.00209848 0.282719 -0.952935 0.0765438 -0.293352 -6.84862
-0.293603 0.0219243 0.955676 205.361 0.0790897 0.996866 0.00142871 0.261814 -0.95265 0.0760036 -0.294417 -7.57646
-0.296482 0.0231868 0.954757 207.767 0.0793793 0.996844 0.000440844 0.257231 -0.951734 0.0759186 -0.297387 -8.33825
-0.301513 0.0248959 0.953137 210.246 0.0800629 0.996789 -0.000709221 0.257853 -0.950095 0.076097 -0.302538 -9.09556
-0.306414 0.025045 0.951569 212.688 0.0805489 0.99675 -0.000296666 0.252911 -0.948484 0.0765569 -0.307437 -9.82277
-0.311361 0.0254678 0.94995 215.139 0.0813773 0.996683 -4.80398e-05 0.252895 -0.946801 0.0772894 -0.312401 -10.5714
-0.313237 0.0272325 0.949284 217.475 0.0834412 0.996512 -0.00105408 0.243223 -0.946002 0.0788793 -0.314417 -11.3725
-0.3181 0.0289473 0.947615 219.953 0.0828846 0.996556 -0.00261921 0.242654 -0.944427 0.0777095 -0.319404 -12.1747
-0.320549 0.0279012 0.946821 222.219 0.0814248 0.996678 -0.00180373 0.195818 -0.943726 0.0765165 -0.321757 -12.8899
-0.319133 0.0312277 0.947195 224.45 0.0825518 0.996574 -0.00504191 0.195796 -0.944108 0.0765836 -0.320618 -13.7415
-0.318361 0.0335105 0.947377 226.664 0.0828815 0.996532 -0.00739728 0.183458 -0.944339 0.076165 -0.320035 -14.5401
-0.314722 0.0337963 0.948582 228.695 0.082899 0.996526 -0.0080001 0.109478 -0.945557 0.0761187 -0.316431 -15.2018
-0.311395 0.0350723 0.949633 230.843 0.0839752 0.996425 -0.00926404 0.076713 -0.946563 0.0768609 -0.313227 -16.0003
-0.309025 0.0357229 0.950383 233.071 0.086316 0.996224 -0.00937949 0.054044 -0.947129 0.0791347 -0.310942 -16.8183
-0.311827 0.0346735 0.949506 235.377 0.0867843 0.996196 -0.00787767 0.00243186 -0.946167 0.0799457 -0.31365 -17.568
-0.313466 0.0331471 0.949021 237.666 0.0851824 0.996343 -0.00666384 -0.0562674 -0.945771 0.0787509 -0.315143 -18.3349
-0.316766 0.033315 0.947919 239.858 0.0834332 0.996488 -0.00714113 -0.0962517 -0.944827 0.0768258 -0.318433 -19.0402
-0.320414 0.0337274 0.946677 242.156 0.084418 0.996406 -0.00692688 -0.130403 -0.943509 0.0776971 -0.32211 -19.8448
-0.322796 0.0324959 0.945911 244.39 0.0827736 0.99655 -0.00598869 -0.179249 -0.942842 0.0763633 -0.324373 -20.5922
-0.325392 0.0330962 0.945 246.678 0.0821504 0.996598 -0.00661643 -0.206054 -0.942004 0.0754791 -0.327005 -21.3893
-0.327554 0.0327963 0.944263 248.939 0.0814596 0.996656 -0.00635864 -0.23185 -0.941314 0.0748364 -0.329131 -22.2044
-0.332781 0.0320968 0.942458 251.105 0.0803494 0.996751 -0.00557458 -0.274408 -0.939575 0.0738707 -0.334279 -22.9328
-0.336741 0.0326496 0.941031 253.295 0.0788203 0.996868 -0.00638167 -0.306955 -0.938293 0.0720233 -0.33826 -23.6833
-0.343184 0.0339288 0.938655 255.603 0.07928 0.996827 -0.00704566 -0.342967 -0.935916 0.0719985 -0.344786 -24.4921
-0.348561 0.0353296 0.93662 257.877 0.0802525 0.996745 -0.00773174 -0.377257 -0.933844 0.0724711 -0.350262 -25.3
-0.352179 0.0365042 0.935221 259.983 0.0836153 0.996471 -0.00740771 -0.420864 -0.93219 0.0755899 -0.353989 -26.0943
-0.35245 0.0371804 0.935092 262.171 0.0808115 0.996687 -0.00917046 -0.440887 -0.932335 0.072334 -0.354288 -26.9211
-0.354286 0.0376146 0.93438 264.341 0.0806837 0.996694 -0.0095305 -0.47806 -0.93165 0.0720127 -0.356151 -27.7526
-0.357873 0.0363761 0.933061 266.519 0.0769839 0.996989 -0.00934137 -0.524131 -0.930591 0.0684877 -0.359597 -28.5364
-0.359139 0.0339137 0.932667 268.585 0.0723512 0.997344 -0.00840533 -0.580277 -0.930475 0.0644609 -0.36064 -29.3379
-0.36364 0.036619 0.93082 270.955 0.0746417 0.99716 -0.0100689 -0.608998 -0.928544 0.0658165 -0.365341 -30.251
-0.366592 0.0356576 0.929698 273.164 0.0737728 0.997233 -0.00915829 -0.664564 -0.927452 0.065229 -0.368209 -31.0688
-0.368732 0.0377934 0.928767 275.377 0.0740065 0.997195 -0.0111963 -0.697506 -0.926585 0.0646063 -0.370495 -31.9363
-0.372628 0.0402489 0.927107 277.694 0.0749579 0.9971 -0.01316 -0.731553 -0.924948 0.0645902 -0.374565 -32.8323
-0.37626 0.0412372 0.925596 280.1 0.0763996 0.996988 -0.0133609 -0.754994 -0.923359 0.065688 -0.378278 -33.8338
-0.379016 0.0419075 0.924441 282.336 0.0762485 0.996991 -0.0139349 -0.811172 -0.922244 0.0652056 -0.381071 -34.7193
-0.384221 0.0418588 0.922292 284.552 0.0750759 0.99708 -0.013977 -0.857617 -0.920184 0.0638715 -0.386242 -35.6078
-0.387196 0.04447 0.920924 286.798 0.0789594 0.996766 -0.0149344 -0.899997 -0.91861 0.066933 -0.389456 -36.5934
-0.391889 0.0445838 0.918932 289.058 0.0781589 0.996828 -0.0150314 -0.956785 -0.916687 0.065932 -0.394131 -37.5132
-0.394826 0.0462488 0.917591 291.432 0.0781896 0.9968 -0.0165972 -0.991487 -0.915422 0.065193 -0.39718 -38.5338
-0.397655 0.0466023 0.916351 293.802 0.0789418 0.996744 -0.0164337 -1.03414 -0.914133 0.0658034 -0.400039 -39.5241
-0.399814 0.0465173 0.915415 296.238 0.0806191 0.996625 -0.0154331 -1.09706 -0.913044 0.0676296 -0.402215 -40.5905
-0.400711 0.0463327 0.915032 298.642 0.0815898 0.996557 -0.0147308 -1.14959 -0.912564 0.0687544 -0.403112 -41.6711
-0.402097 0.044912 0.914495 301.029 0.0806544 0.996651 -0.0134836 -1.19933 -0.912038 0.0683363 -0.404373 -42.7171
-0.402009 0.0449948 0.914529 303.291 0.0812119 0.996608 -0.0133339 -1.23836 -0.912027 0.0689102 -0.4043 -43.7583
-0.403314 0.0449707 0.913956 305.651 0.0824748 0.996513 -0.0126381 -1.28321 -0.911337 0.0702812 -0.405618 -44.8054
-0.402936 0.0445296 0.914144 308.004 0.0825689 0.996511 -0.0121471 -1.32401 -0.911496 0.0705853 -0.405208 -45.8881
-0.402671 0.0442849 0.914273 310.304 0.08094 0.996639 -0.0126263 -1.37265 -0.911759 0.0689169 -0.404903 -46.9204
-0.402391 0.0453438 0.914344 312.647 0.079114 0.996758 -0.0146138 -1.42348 -0.912043 0.0664569 -0.404675 -47.9865
-0.403589 0.0454808 0.913809 315.068 0.0774751 0.996875 -0.0153977 -1.45004 -0.911654 0.0645831 -0.405852 -49.1265
-0.407455 0.0384486 0.912415 317.272 0.0719496 0.997359 -0.00989772 -1.56212 -0.910386 0.061615 -0.409146 -50.0353
-0.412836 0.0379619 0.910014 319.794 0.0701289 0.99749 -0.00979642 -1.57006 -0.908101 0.059774 -0.414462 -51.1813
-0.414311 0.0382703 0.90933 322.094 0.0697752 0.997511 -0.0101903 -1.58894 -0.907456 0.0592267 -0.415951 -52.2886
-0.415278 0.0373568 0.908927 324.42 0.0698577 0.997516 -0.00908063 -1.6355 -0.907008 0.0597246 -0.416857 -53.3777
-0.417045 0.0377388 0.908102 326.806 0.0714848 0.997404 -0.00862064 -1.66907 -0.90607 0.0613203 -0.418661 -54.4985
-0.410495 0.0413016 0.910927 328.954 0.0759722 0.99705 -0.0109707 -1.68321 -0.908692 0.0647017 -0.412422 -55.6307
-0.417154 0.0414872 0.907888 331.509 0.0758585 0.997061 -0.0107068 -1.70704 -0.905664 0.0644046 -0.419075 -56.7363
-0.420919 0.0403525 0.9062 333.896 0.0754295 0.997107 -0.00936445 -1.73782 -0.903956 0.0644125 -0.422746 -57.7798
-0.424751 0.0391747 0.904462 336.37 0.0743631 0.997197 -0.00826907 -1.7849 -0.902251 0.0637463 -0.426474 -58.9399
-0.430585 0.0393602 0.901691 338.895 0.0731338 0.997285 -0.00860935 -1.8185 -0.899582 0.062237 -0.432295 -60.0958
-0.433072 0.0392912 0.900502 341.255 0.0735309 0.99726 -0.00815027 -1.86925 -0.898355 0.062685 -0.434775 -61.2438
-0.440898 0.038103 0.896748 343.806 0.0746493 0.997194 -0.00566861 -1.94324 -0.894447 0.0644423 -0.442506 -62.4209
-0.44527 0.0365892 0.894648 346.216 0.0734588 0.997289 -0.00422626 -1.96678 -0.892378 0.063838 -0.446751 -63.5955
-0.450639 0.0325865 0.892111 348.548 0.0701034 0.997539 -0.00102555 -2.0234 -0.889949 0.0620779 -0.451815 -64.6174
-0.452635 0.0313996 0.891143 350.971 0.0701417 0.997537 0.000478483 -2.0593 -0.888933 0.0627228 -0.453724 -65.873
-0.464162 0.032043 0.88517 353.587 0.069039 0.997614 8.90049e-05 -2.0593 -0.883055 0.0611526 -0.465267 -67.0077
-0.469996 0.0314841 0.882107 356.089 0.0663792 0.997795 -0.000245707 -2.08782 -0.880169 0.058438 -0.47105 -68.2604
-0.472437 0.0311774 0.880813 358.491 0.0626583 0.998034 -0.00171884 -2.10853 -0.879134 0.0543782 -0.473462 -69.5298
-0.479049 0.0321379 0.877199 360.999 0.058641 0.998269 -0.00454895 -2.11378 -0.875827 0.0492607 -0.480105 -70.811
-0.483698 0.0317034 0.87466 363.494 0.0551642 0.998461 -0.00568423 -2.10207 -0.873495 0.0455004 -0.484703 -72.1848
-0.494451 0.0332447 0.868569 365.884 0.0539365 0.998516 -0.0075139 -2.09707 -0.86753 0.0431323 -0.495511 -73.3242
-0.505691 0.034541 0.862023 368.449 0.0515996 0.99862 -0.00974443 -2.11441 -0.86117 0.0395524 -0.506776 -74.6767
-0.512713 0.0384428 0.857699 370.64 0.0566107 0.998337 -0.0109056 -2.14658 -0.856691 0.0429635 -0.514037 -75.9335
-0.51808 0.0378795 0.854493 372.856 0.0564072 0.998357 -0.0100572 -2.18631 -0.85347 0.0429891 -0.519366 -77.2261
-0.519588 0.0341206 0.853735 375.219 0.0529257 0.998569 -0.00769811 -2.24894 -0.852776 0.0411847 -0.520651 -78.654
-0.520492 0.0340964 0.853186 377.636 0.0520315 0.998612 -0.00816594 -2.28394 -0.85228 0.0401422 -0.521544 -80.1668
-0.522748 0.0326196 0.851863 380.101 0.0478746 0.998814 -0.00886825 -2.33245 -0.851141 0.0361467 -0.523691 -81.6135
-0.526213 0.031973 0.849751 382.372 0.0480957 0.998812 -0.00779802 -2.38355 -0.848991 0.036766 -0.527127 -82.9984
-0.529373 0.031676 0.847798 384.669 0.0476112 0.998837 -0.00759035 -2.41887 -0.847052 0.0363465 -0.530266 -84.4471
-0.535266 0.0309562 0.844116 386.958 0.0442064 0.998985 -0.00860374 -2.451 -0.843525 0.03271 -0.536092 -85.8672
-0.540523 0.0303804 0.84078 389.139 0.0385565 0.999192 -0.0113171 -2.5265 -0.840445 0.0263004 -0.541259 -87.2344
-0.540493 0.029651 0.840826 391.303 0.0222611 0.999533 -0.020938 -2.56921 -0.841054 0.00740085 -0.540901 -88.5552
-0.543643 0.0458471 0.838063 393.733 0.0432553 0.998711 -0.0265762 -2.64771 -0.838201 0.0218027 -0.544926 -90.1298
-0.541233 0.0449694 0.839669 396.226 0.0474404 0.998612 -0.0229025 -2.72443 -0.839533 0.0274386 -0.542616 -91.768
-0.543931 0.036018 0.838357 398.617 0.0466892 0.99883 -0.0126201 -2.78606 -0.83783 0.0322778 -0.544977 -93.3044
-0.547926 0.0256927 0.836132 400.89 0.0411456 0.999146 -0.00373863 -2.82074 -0.835514 0.0323546 -0.548516 -94.7795
-0.555643 0.0210747 0.831154 403.075 0.0371962 0.999308 -0.000471948 -2.85548 -0.830588 0.0306535 -0.556043 -96.1434
-0.557222 0.0177205 0.830174 405.291 0.0314829 0.999504 -0.00020326 -2.87873 -0.829766 0.026023 -0.557505 -97.589
-0.558558 0.0248374 0.829093 407.536 0.0381175 0.999264 -0.00425563 -2.89875 -0.828589 0.0292259 -0.559095 -99.1341
-0.558849 0.0327049 0.828624 409.718 0.0450683 0.998943 -0.00903176 -2.93349 -0.828044 0.0322973 -0.559733 -100.668
-0.561952 0.0338639 0.826476 411.985 0.0433345 0.998995 -0.0114678 -2.9991 -0.826033 0.0293706 -0.562855 -102.138
-0.560347 0.0364657 0.827455 414.168 0.0475319 0.9988 -0.0118285 -3.05012 -0.826892 0.0327024 -0.561409 -103.728
-0.562679 0.0349455 0.825936 416.438 0.0468041 0.99885 -0.0103757 -3.10312 -0.825349 0.032819 -0.563668 -105.249
-0.56601 0.0317733 0.823786 418.715 0.0427342 0.999045 -0.00917097 -3.15835 -0.823289 0.030013 -0.566828 -106.713
-0.568825 0.0336989 0.821767 421 0.0461445 0.998894 -0.00902141 -3.2058 -0.821162 0.0327884 -0.569752 -108.319
-0.569849 0.0334041 0.82107 423.117 0.0451477 0.998937 -0.00930638 -3.24786 -0.820507 0.0317662 -0.570753 -109.778
-0.571927 0.0346823 0.819571 425.336 0.0464741 0.998871 -0.00983846 -3.29952 -0.818986 0.032462 -0.572894 -111.305
-0.571698 0.0323782 0.819825 427.431 0.0447317 0.998965 -0.00825993 -3.33976 -0.819244 0.0319499 -0.572555 -112.753
-0.569448 0.0294703 0.821498 429.591 0.0425966 0.999073 -0.0063133 -3.37583 -0.820922 0.031398 -0.570176 -114.264
-0.569336 0.0295998 0.821572 431.825 0.0456512 0.998948 -0.00435484 -3.41292 -0.820836 0.0350264 -0.570089 -115.853
-0.577163 0.0336537 0.815935 434.018 0.0492422 0.998767 -0.00636252 -3.46575 -0.815143 0.0365062 -0.578109 -117.311
-0.579183 0.0343544 0.814473 436.064 0.0462969 0.998885 -0.00921045 -3.51592 -0.813881 0.032373 -0.580129 -118.767
-0.577554 0.0299035 0.815804 438.105 0.0359263 0.999292 -0.011195 -3.55881 -0.815561 0.0228431 -0.57822 -120.164
-0.578458 0.0316453 0.815098 440.324 0.0393291 0.999167 -0.0108805 -3.60931 -0.814763 0.0257631 -0.579222 -121.791
-0.579624 0.0276898 0.814414 442.257 0.0312985 0.999442 -0.0117053 -3.66819 -0.814283 0.0187052 -0.580167 -123.081
-0.580812 0.0270698 0.813587 444.156 0.0287127 0.999506 -0.0127579 -3.71457 -0.813531 0.0159504 -0.581303 -124.429
-0.581058 0.0257112 0.813456 446.019 0.0249782 0.999593 -0.0137523 -3.7651 -0.813478 0.0123277 -0.581465 -125.737
-0.585398 0.0272357 0.810288 447.896 0.0295168 0.999489 -0.0122705 -3.82212 -0.810208 0.016734 -0.585904 -127.076
-0.583968 0.0236508 0.811432 449.832 0.0285812 0.999555 -0.00856475 -3.87244 -0.811273 0.0181902 -0.584385 -128.449
-0.585647 0.0249155 0.810183 451.961 0.0360593 0.999339 -0.00466678 -3.89849 -0.809763 0.0264815 -0.586159 -129.976
-0.571343 0.0163456 0.820548 454.13 0.0337369 0.999425 0.00358199 -3.95399 -0.820017 0.0297293 -0.571566 -131.576
-0.566578 0.0140602 0.823888 456.168 0.0297046 0.999553 0.00336952 -4.00078 -0.823472 0.0263824 -0.566743 -133.071
-0.570822 0.0186875 0.820861 458.143 0.0312738 0.999511 -0.00100687 -4.03518 -0.820478 0.0250967 -0.571128 -134.42
-0.571433 0.017465 0.820463 460.193 0.0268887 0.999635 -0.00255167 -4.07817 -0.820208 0.0206031 -0.571695 -135.793
-0.556057 0.0123318 0.831052 462.255 0.022859 0.999739 0.000460059 -4.14297 -0.830829 0.0192528 -0.556195 -137.327
-0.553894 0.014136 0.832467 464.437 0.0266597 0.999645 0.000763604 -4.16864 -0.83216 0.0226163 -0.554074 -138.794
-0.544654 0.0107409 0.838592 466.732 0.0243619 0.999699 0.00301836 -4.20065 -0.838306 0.0220737 -0.544753 -140.31
-0.540816 0.0117112 0.841059 468.987 0.0216041 0.999767 -2.91834e-05 -4.22911 -0.840863 0.0181546 -0.540944 -141.767
-0.540751 0.00887318 0.841136 471.294 0.015512 0.99988 -0.000575343 -4.24353 -0.84104 0.0127366 -0.540824 -143.198
-0.541062 0.00365274 0.840975 473.458 0.00680297 0.999977 3.35453e-05 -4.2711 -0.840955 0.00573929 -0.541075 -144.536
-0.542371 0.00216514 0.840136 475.732 0.000966141 0.999998 -0.00195337 -4.28849 -0.840138 -0.000247748 -0.542372 -145.924
-0.535239 0.00243595 0.844697 477.979 0.0060638 0.999982 0.000958586 -4.30694 -0.844679 0.00563516 -0.535244 -147.368
-0.54231 0.00548093 0.84016 480.299 0.0105939 0.999944 0.000314963 -4.3249 -0.840111 0.00907142 -0.542339 -148.736
-0.538035 0.00409375 0.842912 482.563 0.0135822 0.999901 0.00381341 -4.35584 -0.842813 0.0135003 -0.538038 -150.229
-0.534432 0.00202348 0.845209 484.844 0.0131875 0.999896 0.0059448 -4.36977 -0.845108 0.0143233 -0.534404 -151.705
-0.534603 0.00295723 0.845098 486.954 0.0124047 0.999914 0.00434818 -4.39895 -0.845012 0.0128077 -0.534594 -153.087
-0.533215 0.00410455 0.845969 489.051 0.0113967 0.999933 0.00233185 -4.41404 -0.845903 0.0108847 -0.533227 -154.398
-0.529415 0.00485472 0.848349 491.139 0.0113764 0.999935 0.00137736 -4.44619 -0.848286 0.0103804 -0.529436 -155.722
-0.522806 0.00361084 0.852444 493.22 0.0138544 0.999895 0.00426154 -4.47368 -0.852339 0.014038 -0.522802 -157.027
-0.528619 0.00545123 0.848841 495.504 0.0145084 0.999892 0.00261392 -4.4706 -0.848735 0.0136971 -0.528642 -158.317
-0.521808 0.000146775 0.853062 497.647 0.00771187 0.99996 0.00454525 -4.52257 -0.853028 0.00895047 -0.521789 -159.584
-0.514196 -0.00536531 0.857656 499.8 0.00181072 0.999972 0.00734124 -4.55894 -0.857671 0.00532783 -0.514172 -160.84
-0.517354 -0.00245279 0.855768 501.865 0.00750998 0.999945 0.00740622 -4.565 -0.855738 0.0102584 -0.517307 -162.155
-0.509537 -0.00801277 0.860412 503.809 0.00270633 0.999937 0.0109149 -4.58316 -0.860445 0.00789009 -0.509483 -163.23
-0.51142 -0.00777839 0.859295 505.856 9.80263e-05 0.999959 0.00911006 -4.57425 -0.859331 0.00474332 -0.511399 -164.308
-0.512096 -0.00382224 0.858919 507.526 0.00461702 0.999964 0.00720265 -4.61244 -0.858916 0.00765411 -0.51206 -165.503
-0.495958 -0.00863224 0.868304 509.252 0.00594639 0.999894 0.0133369 -4.63903 -0.868326 0.0117778 -0.495854 -166.588
-0.50388 -0.00783989 0.863738 511.148 0.00707286 0.999888 0.0132018 -4.62229 -0.863745 0.0127612 -0.503768 -167.568
-0.493523 -0.0126971 0.86964 512.843 0.00379809 0.999853 0.0167537 -4.65015 -0.869724 0.0115713 -0.493403 -168.62
-0.495841 -0.0124409 0.868324 514.526 0.00425814 0.999851 0.0167569 -4.6341 -0.868403 0.0120062 -0.495714 -169.54
-0.494229 -0.0130517 0.869233 516.159 0.00301397 0.999856 0.0167268 -4.63281 -0.869326 0.0108867 -0.494119 -170.453
-0.483743 -0.0155137 0.875072 517.642 0.00424016 0.99979 0.0200688 -4.64217 -0.875199 0.0134186 -0.483576 -171.369
-0.474865 -0.0206079 0.879817 519.147 0.00111649 0.999711 0.0240188 -4.63151 -0.880058 0.012388 -0.474705 -172.167
-0.482268 -0.0189895 0.875818 520.653 0.00383639 0.99971 0.0237883 -4.60985 -0.876015 0.0148323 -0.482056 -173.008
-0.484067 -0.0162234 0.874881 522.055 0.0099237 0.999662 0.0240281 -4.60641 -0.874975 0.0203133 -0.483743 -173.957
-0.478628 -0.0178361 0.877836 523.629 0.00877668 0.999647 0.0250964 -4.58548 -0.877974 0.0197164 -0.478303 -174.821
-0.466874 -0.0206923 0.884082 524.898 0.00959877 0.999549 0.0284639 -4.56932 -0.884272 0.0217752 -0.466465 -175.504
-0.473233 -0.0178431 0.880756 526.151 0.0129663 0.999546 0.0272165 -4.55174 -0.880842 0.0242999 -0.472787 -176.186
-0.477439 -0.0161063 0.878517 527.471 0.0140949 0.999563 0.0259855 -4.50791 -0.878552 0.0247892 -0.477004 -176.823
-0.467373 -0.0204867 0.883823 528.8 0.0102089 0.99954 0.0285675 -4.48211 -0.884001 0.0223745 -0.466949 -177.405
-0.471686 -0.0182871 0.881577 530.141 0.0120856 0.999557 0.0272009 -4.45445 -0.881684 0.0234847 -0.471257 -178.108
-0.471066 -0.018124 0.881912 531.39 0.0142939 0.999501 0.0281757 -4.42515 -0.881982 0.0258786 -0.470573 -178.779
-0.472735 -0.0192661 0.880994 532.816 0.013075 0.999498 0.0288736 -4.39629 -0.881107 0.0251686 -0.472247 -179.478
-0.469737 -0.0220597 0.882531 534.179 0.0101875 0.999486 0.0304056 -4.37232 -0.882748 0.0232735 -0.469271 -180.177
-0.470272 -0.0193949 0.882308 535.307 0.0131411 0.999494 0.0289751 -4.34007 -0.882424 0.0252207 -0.469779 -180.794
-0.470987 -0.0173278 0.88197 536.303 0.0171965 0.999437 0.0288189 -4.33989 -0.881973 0.0287401 -0.470424 -181.418
-0.454231 -0.0237389 0.890567 537.24 0.0193349 0.999147 0.0364949 -4.35736 -0.890674 0.0337961 -0.453385 -181.952
-0.454889 -0.0253945 0.890186 538.053 0.0195582 0.999068 0.0384949 -4.34742 -0.890334 0.0349213 -0.453968 -182.35
-0.453577 -0.0270443 0.890807 538.852 0.0163119 0.99912 0.0386382 -4.32131 -0.891068 0.0320562 -0.452737 -182.705
-0.443728 -0.0301619 0.895654 539.459 0.0122752 0.999135 0.0397282 -4.31714 -0.896078 0.0286228 -0.442975 -183.063
-0.449514 -0.0271845 0.892859 539.989 0.0190428 0.999018 0.0400039 -4.29495 -0.89307 0.0349849 -0.448555 -183.428
-0.450713 -0.0280467 0.892228 540.481 0.0195226 0.998958 0.0412637 -4.26977 -0.892456 0.0360168 -0.449696 -183.662
-0.455172 -0.0285538 0.889946 540.973 0.0182416 0.998977 0.0413819 -4.23486 -0.890217 0.03507 -0.454186 -183.796
-0.46243 -0.0225549 0.886369 541.294 0.023957 0.998994 0.0379195 -4.22271 -0.886332 0.0387699 -0.461425 -184.092
-0.448072 -0.0246968 0.893656 541.648 0.0222535 0.999001 0.0387658 -4.23583 -0.893721 0.0372568 -0.447075 -184.377
-0.440827 -0.0289566 0.897125 541.994 0.0160172 0.999067 0.0401175 -4.23107 -0.897449 0.0320544 -0.439953 -184.393
-0.438375 -0.0311135 0.898253 542.025 0.0189384 0.998859 0.0438408 -4.24913 -0.898593 0.0362302 -0.437286 -184.517
-0.439711 -0.032135 0.897564 542.267 0.017501 0.998864 0.0443355 -4.22657 -0.897969 0.0352031 -0.438649 -184.578
-0.462288 -0.0233823 0.886421 542.364 0.0229348 0.999003 0.038313 -4.18363 -0.886433 0.0380416 -0.461291 -184.537
-0.462349 -0.0233128 0.886391 542.354 0.0215566 0.999064 0.0375203 -4.18549 -0.886436 0.0364551 -0.461414 -184.49
-0.467765 -0.0199288 0.883628 542.544 0.026743 0.998969 0.0366871 -4.1862 -0.883448 0.0407918 -0.46675 -184.63
-0.46013 -0.0220459 0.887577 542.788 0.0277627 0.998846 0.0392022 -4.19231 -0.887417 0.0426797 -0.458988 -184.831
-0.44741 -0.0284076 0.893878 542.978 0.0256951 0.998675 0.0445992 -4.19642 -0.89396 0.0429224 -0.446087 -184.878
-0.457062 -0.0272679 0.889016 542.918 0.0264918 0.99867 0.0442512 -4.20177 -0.88904 0.0437772 -0.455732 -184.803
-0.445005 -0.0300764 0.895023 542.831 0.0233642 0.998706 0.0451773 -4.20525 -0.895223 0.0410156 -0.443727 -184.8
-0.445241 -0.0297156 0.894917 542.75 0.0243788 0.998677 0.04529 -4.21721 -0.895079 0.041982 -0.443928 -184.782
-0.433715 -0.0332776 0.900435 542.797 0.0229386 0.998587 0.0479539 -4.21928 -0.900758 0.0414531 -0.432339 -184.877
-0.46562 -0.0246051 0.884642 542.914 0.0248829 0.998855 0.0408785 -4.17726 -0.884635 0.0410463 -0.464475 -184.829
-0.464994 -0.0243659 0.884978 542.881 0.0259739 0.998816 0.0411477 -4.18539 -0.884933 0.0421197 -0.463811 -184.835
-0.451509 -0.0268488 0.891862 542.855 0.0208323 0.998958 0.0406193 -4.17292 -0.892024 0.0369195 -0.450479 -184.875
-0.449842 -0.0261347 0.892726 542.815 0.0180813 0.999101 0.03836 -4.16184 -0.892926 0.0333976 -0.448965 -184.812
-0.447353 -0.023971 0.894036 542.478 0.0251679 0.998908 0.0393763 -4.18446 -0.894004 0.0401161 -0.446261 -184.772
-0.444379 -0.0272778 0.895423 542.584 0.0205502 0.998963 0.0406307 -4.1809 -0.895603 0.0364566 -0.443358 -184.69
-0.443178 -0.0288977 0.895967 542.838 0.0187313 0.998964 0.0414849 -4.16789 -0.896238 0.0351679 -0.442178 -184.767
-0.460709 -0.0180334 0.887368 542.919 0.0298577 0.998913 0.035802 -4.13415 -0.887049 0.0429891 -0.45967 -184.918
-0.453403 -0.0232368 0.891002 543.069 0.0232855 0.99901 0.0379029 -4.14515 -0.891002 0.0379327 -0.452414 -184.858
-0.457732 -0.0217502 0.888824 543.312 0.0230546 0.999075 0.0363209 -4.12636 -0.888791 0.0371167 -0.456807 -184.919
-0.462117 -0.0212975 0.886563 543.605 0.0226532 0.999102 0.0358089 -4.1127 -0.88653 0.0366315 -0.46122 -185.021
-0.451819 -0.0245561 0.891771 543.824 0.0208991 0.999056 0.038099 -4.11364 -0.891865 0.0358511 -0.450879 -185.167
-0.451734 -0.0252973 0.891793 544.032 0.0208849 0.999025 0.0389183 -4.11209 -0.891908 0.0362058 -0.450765 -185.287
-0.457282 -0.0249172 0.888972 543.958 0.0194896 0.999087 0.038029 -4.11985 -0.889108 0.0347157 -0.456379 -185.214
-0.466234 -0.0210929 0.884409 543.865 0.0218844 0.999135 0.0353659 -4.12478 -0.884391 0.0358436 -0.465369 -185.17
-0.449789 -0.0268554 0.892731 543.878 0.0227681 0.998879 0.0415199 -4.15648 -0.892845 0.039001 -0.448673 -185.293
-0.449471 -0.029407 0.89281 544.168 0.0190407 0.998916 0.0424876 -4.13113 -0.893092 0.0360968 -0.448424 -185.347
-0.456284 -0.0285336 0.889376 544.448 0.0185353 0.998964 0.0415589 -4.09815 -0.889642 0.0354476 -0.455283 -185.442
-0.457323 -0.0275431 0.888873 544.741 0.0189091 0.998994 0.040684 -4.09557 -0.8891 0.0354136 -0.456342 -185.628
-0.459704 -0.0241765 0.887743 544.985 0.0207376 0.999065 0.0379468 -4.07569 -0.88783 0.0358539 -0.458773 -185.766
-0.46504 -0.0223839 0.885006 545.202 0.019774 0.999169 0.0356619 -4.07206 -0.885069 0.0340843 -0.464211 -185.801
-0.463866 -0.0221296 0.885628 545.23 0.0213173 0.99912 0.0361309 -4.07373 -0.885649 0.0356392 -0.462987 -185.849
-0.461945 -0.023065 0.886608 545.274 0.021511 0.999077 0.0371986 -4.07126 -0.886648 0.0362555 -0.461022 -185.905
-0.44316 -0.0302046 0.895933 545.423 0.0174029 0.998954 0.0422859 -4.08924 -0.896274 0.0343313 -0.442171 -186.052
-0.451126 -0.027047 0.89205 545.697 0.0217308 0.998912 0.0412768 -4.07233 -0.892196 0.0380061 -0.450047 -186.225
-0.457465 -0.0257994 0.888853 545.999 0.0229067 0.998906 0.0407831 -4.06391 -0.888933 0.0390176 -0.456374 -186.329
-0.440455 -0.0295085 0.897289 545.936 0.0194428 0.998912 0.0423945 -4.07375 -0.897564 0.0361187 -0.439403 -186.377
-0.450877 -0.0260936 0.892204 545.905 0.0226975 0.998915 0.0406848 -4.06402 -0.892298 0.0385947 -0.449796 -186.352
-0.454473 -0.0254552 0.890396 545.949 0.0229663 0.998925 0.0402803 -4.05274 -0.890465 0.0387554 -0.4534 -186.338
-0.47119 -0.0213951 0.881772 546.075 0.0227179 0.99908 0.0363812 -4.02468 -0.88174 0.0371745 -0.470271 -186.283
-0.468868 -0.0231607 0.882964 546.342 0.020399 0.999106 0.0370394 -4.02417 -0.883033 0.0353782 -0.467976 -186.409
-0.46367 -0.0229374 0.88571 546.525 0.0205455 0.999118 0.0366299 -4.01827 -0.88577 0.0351816 -0.462791 -186.565
-0.460056 -0.024688 0.887546 546.824 0.0183687 0.999135 0.0373134 -4.01143 -0.8877 0.0334694 -0.459205 -186.709
-0.45415 -0.0278751 0.890489 547.082 0.0173715 0.999044 0.0401327 -4.01573 -0.890757 0.0336954 -0.453231 -186.848
-0.461762 -0.0254043 0.886639 547.4 0.0189886 0.999078 0.0385152 -3.99696 -0.886801 0.0346209 -0.460854 -186.999
-0.46361 -0.0228036 0.885745 547.721 0.0211578 0.999099 0.0367963 -3.97841 -0.885787 0.0357996 -0.462711 -187.179
-0.456205 -0.0228631 0.88958 548.004 0.0237918 0.999 0.0378766 -3.93835 -0.889557 0.0384442 -0.455205 -187.216
-0.457735 -0.0227748 0.888796 548.215 0.0218427 0.999083 0.03685 -3.9276 -0.888821 0.0362813 -0.456818 -187.264
