1 0 0 0 0 1 0 0 0 0 1 0
0.999999 -0.000304762 -0.00144699 -0.00551932 0.000308511 0.999997 0.00259099 -0.0242907 0.00144619 -0.00259143 0.999996 1.55868
0.999999 -0.00107028 -0.00117832 -0.042752 0.00107283 0.999997 0.00216294 -0.0211155 0.001176 -0.0021642 0.999997 3.21685
0.999997 0.000652564 -0.00221238 -0.058494 -0.000648664 0.999998 0.00176338 -0.0417653 0.00221353 -0.00176194 0.999996 4.74522
0.999996 0.000338447 0.00269559 -0.188614 -0.000332514 0.999998 -0.00220149 0.00485676 -0.00269633 0.00220059 0.999994 6.36266
0.999991 0.000966664 0.00405227 -0.247684 -0.000955635 0.999996 -0.00272296 -0.00915302 -0.00405489 0.00271906 0.999988 7.89816
0.999996 0.000205876 0.00288638 -0.258005 -0.00019887 0.999997 -0.00242721 -0.0306934 -0.00288687 0.00242663 0.999993 9.40878
0.999986 -0.00207355 0.0049435 -0.31591 0.0020978 0.999986 -0.00490612 -0.0312257 -0.00493325 0.00491642 0.999976 10.9539
0.999973 -0.00374178 0.00636649 -0.367862 0.00377989 0.999975 -0.00598558 -0.0349914 -0.00634394 0.00600948 0.999962 12.528
0.999963 -0.00344435 0.00791901 -0.391048 0.00349616 0.999973 -0.00653768 -0.0626318 -0.00789628 0.00656512 0.999947 14.0272
0.999919 -0.00345682 0.0122517 -0.469363 0.00355071 0.999965 -0.00764946 -0.0766456 -0.0122248 0.00769234 0.999896 15.5369
0.999932 -0.00341993 0.0111078 -0.452531 0.00350539 0.999964 -0.00768303 -0.0966792 -0.0110811 0.00772145 0.999909 17.2097
0.999939 -0.00318657 0.0105313 -0.450611 0.00326824 0.999965 -0.00774739 -0.107169 -0.0105062 0.00778134 0.999914 18.8982
0.999933 -0.00355517 0.0110013 -0.456558 0.00364037 0.999964 -0.00773419 -0.122617 -0.0109734 0.00777372 0.999909 20.4561
0.999913 -0.00410771 0.0125247 -0.480607 0.00421261 0.999956 -0.00836087 -0.145987 -0.0124898 0.00841291 0.999886 21.9903
0.999889 -0.00395114 0.0143732 -0.525863 0.00408878 0.999946 -0.00955976 -0.154175 -0.0143347 0.00961746 0.999851 23.5575
0.999853 -0.00334724 0.0167995 -0.555975 0.00350485 0.99995 -0.00936115 -0.182984 -0.0167673 0.00941865 0.999815 25.0511
0.999819 -0.00274414 0.0188327 -0.583093 0.00290622 0.999959 -0.00858478 -0.210561 -0.0188083 0.00863795 0.999786 26.5448
0.999797 -0.00270901 0.0199734 -0.574186 0.0029168 0.999942 -0.0103821 -0.239575 -0.0199441 0.0104383 0.999746 28.0479
0.999695 -0.00158749 0.0246595 -0.624839 0.00194029 0.999896 -0.0142897 -0.240373 -0.0246342 0.0143332 0.999594 29.6726
0.999638 -0.00262444 0.0267866 -0.631009 0.0030034 0.999896 -0.0141167 -0.286663 -0.0267468 0.0141921 0.999541 31.1245
0.999588 -0.00307369 0.0285471 -0.636914 0.00339776 0.99993 -0.0113109 -0.327266 -0.0285103 0.0114032 0.999528 32.574
0.999532 -0.00427603 0.0302893 -0.625132 0.00456727 0.999944 -0.00955268 -0.374927 -0.0302468 0.00968655 0.999495 33.9888
0.999408 -0.00549907 0.0339545 -0.649906 0.00587895 0.999921 -0.0110984 -0.394046 -0.0338908 0.0112914 0.999362 35.4794
0.999457 -0.00616368 0.0323659 -0.578507 0.00655365 0.999907 -0.0119566 -0.445754 -0.0322892 0.0121623 0.999404 36.8857
0.999356 -0.00485972 0.0355476 -0.589116 0.00533442 0.999898 -0.0132714 -0.475727 -0.0354795 0.0134525 0.99928 38.3122
0.999213 -0.00374567 0.0394832 -0.599379 0.00432726 0.999883 -0.014655 -0.506629 -0.0394237 0.0148143 0.999113 39.7464
0.999057 -0.00298241 0.0433235 -0.588164 0.00357288 0.999902 -0.0135584 -0.548963 -0.0432788 0.0137004 0.998969 41.1075
0.998959 -0.00280956 0.0455223 -0.556961 0.00333591 0.999929 -0.0114906 -0.589591 -0.0454867 0.0116305 0.998897 42.4369
0.998735 -0.00215196 0.0502327 -0.562099 0.0026235 0.999953 -0.00932313 -0.645822 -0.0502103 0.00944312 0.998694 43.7345
0.998674 -0.00192498 0.0514387 -0.476036 0.00238504 0.999958 -0.00888398 -0.679212 -0.0514194 0.00899489 0.998637 45.0797
0.998356 -0.00216142 0.0572672 -0.471045 0.00273739 0.999947 -0.00998108 -0.706866 -0.0572426 0.0101214 0.998309 46.3633
0.997921 -0.0017932 0.0644294 -0.459408 0.00257854 0.999924 -0.0121081 -0.734018 -0.0644027 0.012249 0.997849 47.6857
0.997544 -0.00111133 0.0700338 -0.41997 0.00208627 0.999902 -0.0138494 -0.770114 -0.0700116 0.0139615 0.997448 48.9589
0.997031 -0.000805171 0.0769926 -0.375668 0.00187092 0.999904 -0.0137711 -0.799148 -0.0769741 0.0138743 0.996937 50.23
0.996747 -0.000919293 0.0805884 -0.257203 0.00200159 0.999909 -0.0133502 -0.845684 -0.0805688 0.0134681 0.996658 51.4428
0.995632 0.00126705 0.0933513 -0.248915 0.000141575 0.999887 -0.0150814 -0.868346 -0.0933598 0.0150288 0.995519 52.7107
0.994822 0.0023407 0.101604 -0.156396 -0.000838608 0.99989 -0.0148241 -0.909137 -0.101627 0.0146621 0.994714 53.8907
0.994134 0.0024111 0.108129 -0.00318055 -0.00085673 0.999896 -0.0144193 -0.938949 -0.108152 0.0142421 0.994032 55.088
0.992661 0.00504074 0.120822 0.0915048 -0.00328544 0.999886 -0.0147229 -0.963257 -0.120882 0.0142179 0.992565 56.3208
0.99109 0.00652181 0.133029 0.247128 -0.00465152 0.999886 -0.0143653 -1.00585 -0.133108 0.0136185 0.991008 57.4766
0.988449 0.00901733 0.151284 0.34652 -0.00699931 0.99988 -0.0138665 -1.03839 -0.151391 0.0126475 0.988393 58.6429
0.985711 0.0105967 0.168113 0.528216 -0.00864356 0.999887 -0.0123458 -1.07281 -0.168225 0.0107162 0.98569 59.8009
0.982757 0.0108898 0.184579 0.743096 -0.0090369 0.9999 -0.0108769 -1.11548 -0.184679 0.00902132 0.982758 60.9146
0.977742 0.0116061 0.209491 0.868003 -0.00918879 0.99988 -0.0125088 -1.1321 -0.209611 0.0103054 0.977731 62.0804
0.973841 0.0104482 0.22699 1.13713 -0.00777539 0.99989 -0.0126662 -1.17645 -0.227097 0.0105699 0.973815 63.0953
0.969351 0.00709637 0.245576 1.4415 -0.00415845 0.999914 -0.0124799 -1.2124 -0.245643 0.0110762 0.969297 64.1421
0.963589 0.00332844 0.267367 1.6959 -0.000641486 0.999949 -0.0101364 -1.24744 -0.267387 0.0095958 0.963542 65.141
0.957891 -0.0031512 0.287115 2.06265 0.00584195 0.999947 -0.00851544 -1.27716 -0.287073 0.00983417 0.957859 66.1677
0.949709 -0.00815921 0.313027 2.37144 0.0117346 0.999886 -0.00953979 -1.29598 -0.312914 0.0127333 0.949696 67.2121
0.942363 -0.0134734 0.33432 2.75533 0.018193 0.999774 -0.0109897 -1.32142 -0.334096 0.0164386 0.942396 68.2128
0.932761 -0.0173244 0.360079 3.13185 0.022545 0.999693 -0.0103034 -1.3452 -0.35979 0.0177286 0.932865 69.179
0.921222 -0.0194148 0.388552 3.51893 0.0244739 0.999668 -0.00807494 -1.36267 -0.388266 0.0169482 0.921392 70.1656
0.909575 -0.0234715 0.414876 3.92422 0.0279158 0.9996 -0.0046504 -1.39188 -0.414601 0.0158115 0.909866 71.0425
0.89697 -0.0274407 0.441239 4.37951 0.0336261 0.999416 -0.00620273 -1.40457 -0.440811 0.0204008 0.897368 71.9106
0.882968 -0.0308782 0.468417 4.8657 0.0402824 0.999138 -0.0100689 -1.44328 -0.467702 0.0277595 0.88345 72.7804
0.868421 -0.033295 0.494708 5.3731 0.0466941 0.998801 -0.0147462 -1.47248 -0.493624 0.0359059 0.868934 73.607
0.852566 -0.0353726 0.521421 5.88996 0.0513639 0.998548 -0.0162438 -1.50178 -0.520089 0.0406311 0.853145 74.4026
0.834596 -0.0355172 0.549717 6.43041 0.0506445 0.99864 -0.0123678 -1.52117 -0.54853 0.0381623 0.83526 75.2348
0.815089 -0.0350141 0.578277 7.02596 0.0474352 0.998854 -0.00638089 -1.53439 -0.577391 0.0326317 0.815816 76.046
0.793105 -0.0365927 0.607984 7.53021 0.0465873 0.998914 -0.000650844 -1.58566 -0.607301 0.0288406 0.793949 76.7332
0.769118 -0.0299255 0.638406 8.13075 0.0427753 0.999074 -0.00470148 -1.60114 -0.637674 0.030924 0.769686 77.4961
0.744366 -0.0224829 0.667393 8.74164 0.0400884 0.999135 -0.0110534 -1.61787 -0.666567 0.0349824 0.744624 78.2296
0.720298 -0.0196306 0.693387 9.43497 0.0394623 0.999141 -0.012707 -1.62491 -0.692542 0.0365155 0.720453 78.9259
0.694949 -0.0219105 0.718725 10.1329 0.0408302 0.999126 -0.00902088 -1.63898 -0.717899 0.0356147 0.695236 79.5929
0.668929 -0.0225984 0.742982 10.8344 0.0418779 0.999096 -0.00731567 -1.66786 -0.742146 0.0360082 0.669271 80.1972
0.640825 -0.0203738 0.767417 11.5263 0.0424676 0.999058 -0.00893866 -1.69429 -0.766512 0.0383184 0.641086 80.8051
0.613422 -0.0177346 0.789556 12.2995 0.04293 0.999019 -0.0109138 -1.7037 -0.788588 0.0405904 0.613581 81.3877
0.584403 -0.0146525 0.811331 13.0439 0.0407149 0.999107 -0.0112832 -1.72031 -0.810442 0.0396272 0.584478 81.9235
0.556378 -0.0125836 0.830834 13.8951 0.0412105 0.999073 -0.0124654 -1.72308 -0.829907 0.0411745 0.556381 82.4462
0.525416 -0.00548074 0.850828 14.6607 0.0396427 0.999051 -0.0180452 -1.745 -0.849922 0.0432103 0.525135 82.9351
0.494902 0.00371901 0.868941 15.4484 0.0389725 0.99889 -0.0264718 -1.77566 -0.868075 0.0469658 0.494208 83.3488
0.464289 0.0129518 0.885589 16.3502 0.0383649 0.998661 -0.0347191 -1.78728 -0.884853 0.0500952 0.46317 83.7903
0.430458 0.0173028 0.902445 17.1445 0.0363486 0.998673 -0.0364858 -1.83108 -0.901879 0.0485082 0.429258 84.1773
0.39813 0.016612 0.917179 18.0301 0.0343532 0.998865 -0.0330036 -1.87159 -0.916686 0.0446477 0.397107 84.5301
0.364289 0.0150837 0.931164 18.9358 0.0298743 0.999165 -0.0278726 -1.90117 -0.930807 0.0379716 0.363535 84.8827
0.329368 0.0161721 0.944063 19.8191 0.0259474 0.999321 -0.0261713 -1.9305 -0.943845 0.033116 0.328725 85.1821
0.293951 0.0187941 0.955636 20.7223 0.0191061 0.999492 -0.0255336 -1.95717 -0.95563 0.025764 0.293442 85.4523
0.258705 0.0202454 0.965744 21.6742 0.0140654 0.999596 -0.0247229 -1.99076 -0.965854 0.0199795 0.258315 85.6769
0.223747 0.0195755 0.974451 22.6111 0.0112377 0.99968 -0.0226627 -2.01556 -0.974583 0.0160213 0.223455 85.8453
0.188 0.0192009 0.981981 23.5558 0.0106964 0.99971 -0.0215954 -2.04074 -0.982111 0.0145636 0.18774 86.0031
0.151024 0.0188426 0.98835 24.5193 0.0115516 0.999717 -0.0208244 -2.06399 -0.988463 0.014562 0.150764 86.1627
0.115255 0.0169367 0.993191 25.4283 0.014344 0.999722 -0.0187126 -2.09984 -0.993233 0.016403 0.11498 86.267
0.0806669 0.0166928 0.996601 26.4217 0.0226463 0.999571 -0.0185755 -2.12449 -0.996484 0.0240677 0.080254 86.344
0.0472503 0.0203995 0.998675 27.3959 0.0244641 0.999468 -0.0215731 -2.151 -0.998584 0.025451 0.0467259 86.3727
0.0162438 0.0252456 0.999549 28.4101 0.0254687 0.999347 -0.0256544 -2.18192 -0.999544 0.0258739 0.0155899 86.3524
-0.0142705 0.0293263 0.999468 29.3645 0.032276 0.999063 -0.0288535 -2.21475 -0.999378 0.0318471 -0.0152039 86.3631
-0.0411386 0.027721 0.998769 30.3101 0.0334661 0.999093 -0.0263516 -2.24826 -0.998593 0.0323409 -0.0420293 86.3486
-0.0650018 0.0246438 0.997581 31.3297 0.0349585 0.999138 -0.0224044 -2.28078 -0.997273 0.0334176 -0.0658075 86.3095
-0.0865304 0.0231527 0.99598 32.3599 0.0349819 0.999184 -0.020188 -2.29881 -0.995635 0.0330944 -0.0872701 86.2667
-0.102785 0.0254271 0.994379 33.3334 0.0369615 0.999081 -0.0217268 -2.3412 -0.994017 0.0345206 -0.103631 86.1558
-0.117236 0.0296781 0.992661 34.3242 0.0394285 0.998905 -0.0252082 -2.37746 -0.992322 0.0361838 -0.118278 86.0249
-0.128948 0.0347039 0.991044 35.3302 0.0437681 0.998613 -0.0292741 -2.41966 -0.990685 0.0396013 -0.130288 85.8895
-0.136895 0.0378086 0.989864 36.32 0.050053 0.998259 -0.0312071 -2.46856 -0.989321 0.0452735 -0.13855 85.7229
-0.142232 0.0427957 0.988908 37.2896 0.0542611 0.9979 -0.0353807 -2.52006 -0.988345 0.048627 -0.144256 85.5528
-0.145338 0.0462154 0.988302 38.2915 0.055918 0.997696 -0.0384315 -2.59633 -0.987801 0.0496783 -0.147587 85.3891
-0.149254 0.0504538 0.987511 39.2818 0.0577821 0.997436 -0.0422277 -2.64184 -0.98711 0.0507578 -0.151787 85.2518
-0.152431 0.0526733 0.98691 40.2918 0.0578293 0.997343 -0.0442983 -2.7115 -0.986621 0.0503199 -0.155073 85.0956
-0.154492 0.0554294 0.986438 41.2654 0.059397 0.99714 -0.0467283 -2.77714 -0.986207 0.0513723 -0.157343 84.9327
-0.155221 0.0585855 0.986141 42.2811 0.0611704 0.996895 -0.0495959 -2.84907 -0.985984 0.0526243 -0.158323 84.7415
-0.159778 0.0591667 0.985378 43.2384 0.0635864 0.996746 -0.0495388 -2.92548 -0.985103 0.0547414 -0.16302 84.6262
-0.163955 0.0582571 0.984746 44.3035 0.0635773 0.996804 -0.0483851 -2.97671 -0.984417 0.0546745 -0.167135 84.4957
-0.166049 0.0583204 0.984391 45.3399 0.0630714 0.996834 -0.0484186 -3.02605 -0.984099 0.0540471 -0.169202 84.3216
-0.168576 0.0601426 0.983852 46.3418 0.0635759 0.996722 -0.0500361 -3.07551 -0.983637 0.0541144 -0.171847 84.1668
-0.170547 0.0637337 0.983286 47.4163 0.062677 0.996587 -0.0537247 -3.10788 -0.983355 0.0524668 -0.17396 83.9855
-0.174477 0.0678927 0.982318 48.5029 0.0608778 0.996456 -0.0580568 -3.14199 -0.982778 0.0496717 -0.177992 83.8246
-0.1716 0.0696661 0.9827 49.5622 0.0573618 0.996511 -0.0606286 -3.23608 -0.983496 0.0459656 -0.174997 83.5091
-0.175574 0.0732891 0.981734 50.5902 0.0531063 0.996478 -0.0648922 -3.31608 -0.983033 0.0407428 -0.178848 83.3621
-0.17654 0.0761029 0.981347 51.712 0.0506626 0.996388 -0.0681553 -3.37468 -0.982989 0.0376854 -0.179758 83.121
-0.178338 0.0742916 0.98116 52.7436 0.0485627 0.996595 -0.0666334 -3.45727 -0.98277 0.0357645 -0.181339 82.9066
-0.183251 0.0700691 0.980566 53.8144 0.0457085 0.996985 -0.0627003 -3.5376 -0.982003 0.0333303 -0.185902 82.7532
-0.187825 0.0688184 0.979788 54.8994 0.0437933 0.997137 -0.0616419 -3.60577 -0.981226 0.0313302 -0.190302 82.5923
-0.189734 0.0703473 0.979312 56.0233 0.0430339 0.997067 -0.0632853 -3.66432 -0.980892 0.0301363 -0.192205 82.3777
-0.191063 0.0738848 0.978793 57.1465 0.0438831 0.996809 -0.0666787 -3.72639 -0.980597 0.0302126 -0.193696 82.1623
-0.191252 0.0771192 0.978506 58.2382 0.0444391 0.996567 -0.0698568 -3.79658 -0.980535 0.0301237 -0.194023 81.9407
-0.192136 0.0774865 0.978304 59.2872 0.0430947 0.996583 -0.0704706 -3.8806 -0.980422 0.0286197 -0.194819 81.7451
-0.191791 0.0763808 0.978459 60.3772 0.0401058 0.996744 -0.0699469 -3.95833 -0.980616 0.0258266 -0.19423 81.5296
-0.191152 0.0751919 0.978676 61.4426 0.03601 0.996928 -0.0695608 -4.04889 -0.9809 0.0219454 -0.193273 81.2982
-0.190918 0.07654 0.978617 62.612 0.0319785 0.996911 -0.0717322 -4.1227 -0.981085 0.0175997 -0.192776 81.0683
-0.190825 0.0760575 0.978673 63.6826 0.0277415 0.997014 -0.0720738 -4.21123 -0.981232 0.0133964 -0.192365 80.8607
-0.190781 0.0747962 0.978779 64.8271 0.0247244 0.997143 -0.0713804 -4.31143 -0.981322 0.0105816 -0.192085 80.6455
-0.191326 0.0707379 0.978974 65.9391 0.024808 0.99743 -0.0672231 -4.37763 -0.981213 0.0114248 -0.192589 80.4361
-0.191642 0.0619322 0.979509 67.0069 0.0283311 0.99794 -0.0575546 -4.46631 -0.981056 0.0167207 -0.193003 80.23
-0.191946 0.0565817 0.979773 68.1197 0.0338772 0.998124 -0.0510046 -4.5456 -0.980821 0.0234018 -0.193503 80.0143
-0.192071 0.0594325 0.97958 69.1948 0.0417532 0.997756 -0.0523486 -4.61689 -0.980493 0.030846 -0.194121 79.7915
-0.190966 0.0657494 0.979392 70.329 0.0470818 0.997219 -0.0577661 -4.67995 -0.980467 0.0350801 -0.193531 79.5569
-0.190684 0.0718005 0.979022 71.4735 0.0504294 0.996721 -0.0632764 -4.75272 -0.980356 0.0373057 -0.19368 79.3464
-0.190515 0.0759285 0.978743 72.5401 0.0513045 0.996412 -0.0673127 -4.83532 -0.980343 0.0373899 -0.193727 79.1278
-0.18963 0.0726143 0.979167 73.6782 0.0483032 0.996744 -0.0645633 -4.92008 -0.980667 0.0350538 -0.19252 78.8946
-0.191787 0.0677188 0.979097 74.771 0.0475391 0.997087 -0.0596511 -5.00978 -0.980285 0.0351051 -0.194448 78.7329
-0.192378 0.0660107 0.979098 75.972 0.044499 0.997295 -0.0584942 -5.07464 -0.980312 0.0323159 -0.194796 78.5056
-0.192522 0.0661529 0.97906 77.0904 0.0428334 0.997341 -0.0589654 -5.15639 -0.980358 0.0305843 -0.194844 78.2879
-0.192193 0.072339 0.978687 78.2319 0.0433563 0.996932 -0.0651733 -5.21976 -0.980399 0.0299063 -0.19474 78.0601
-0.191691 0.0753433 0.978559 79.357 0.0425786 0.996749 -0.0684031 -5.29242 -0.980532 0.0285535 -0.194276 77.8484
-0.190291 0.0739979 0.978935 80.4818 0.0426924 0.996836 -0.0670522 -5.38069 -0.9808 0.0290337 -0.192848 77.6
-0.191677 0.0672818 0.979149 81.6371 0.0437 0.997243 -0.0599704 -5.46373 -0.980485 0.0312938 -0.194089 77.4157
-0.192233 0.0644614 0.97923 82.7688 0.0446093 0.997383 -0.0568991 -5.56584 -0.980335 0.0327448 -0.194606 77.2073
-0.19115 0.0670609 0.979267 83.9509 0.0413229 0.997329 -0.0602316 -5.63901 -0.980691 0.0289528 -0.193411 76.9668
-0.191615 0.0699904 0.978971 85.1998 0.0401238 0.997179 -0.0634387 -5.71652 -0.98065 0.0271243 -0.193883 76.7489
-0.192573 0.0697863 0.978798 86.4054 0.0390339 0.997223 -0.0634203 -5.79204 -0.980506 0.0259932 -0.194762 76.5369
-0.191645 0.0662096 0.979228 87.5546 0.0384611 0.997462 -0.0599153 -5.87677 -0.980711 0.0261797 -0.193706 76.288
-0.191344 0.065082 0.979363 88.7889 0.0394784 0.997502 -0.0585743 -5.9589 -0.980729 0.0274558 -0.193436 76.0696
-0.190315 0.0656829 0.979523 90.002 0.0415168 0.997405 -0.0588155 -6.03643 -0.980845 0.0294732 -0.192549 75.8472
-0.19084 0.067843 0.979274 91.2138 0.0437553 0.997205 -0.0605583 -6.09263 -0.980646 0.0312915 -0.193275 75.6436
-0.190927 0.066901 0.979322 92.3838 0.0438428 0.997261 -0.0595789 -6.18117 -0.980625 0.0315609 -0.193337 75.44
-0.189848 0.0674478 0.979494 93.6058 0.0454308 0.997173 -0.0598596 -6.26409 -0.980762 0.033135 -0.192376 75.213
-0.188928 0.0659384 0.979774 94.8228 0.0456783 0.997253 -0.0583066 -6.34511 -0.980928 0.0337386 -0.191421 74.9905
-0.187946 0.065051 0.980022 96.0622 0.0436084 0.997373 -0.0578395 -6.41921 -0.981211 0.0318665 -0.19029 74.7664
-0.187262 0.0644469 0.980193 97.2395 0.0451425 0.997356 -0.056951 -6.49893 -0.981272 0.0335836 -0.189677 74.5473
-0.185792 0.0657962 0.980383 98.4846 0.0432947 0.997335 -0.0587291 -6.56888 -0.981635 0.0315339 -0.188146 74.3236
-0.183187 0.0679593 0.980726 99.6666 0.0451603 0.997137 -0.0606611 -6.66737 -0.982041 0.0331775 -0.185731 74.0695
-0.182915 0.0666933 0.980864 100.899 0.0425219 0.9973 -0.0598812 -6.7418 -0.982209 0.030755 -0.185257 73.8605
-0.181873 0.0651471 0.981161 102.145 0.0390098 0.997496 -0.0590006 -6.82335 -0.982548 0.0275443 -0.183959 73.6431
-0.181035 0.0662485 0.981243 103.371 0.0359392 0.997508 -0.060716 -6.89806 -0.98282 0.0242733 -0.182965 73.4237
-0.178824 0.0656365 0.981689 104.594 0.0343789 0.99758 -0.0604365 -6.97526 -0.983281 0.0229419 -0.180648 73.1597
-0.177791 0.0636046 0.982011 105.841 0.0327306 0.997739 -0.0586975 -7.05306 -0.983524 0.0217059 -0.179471 72.8993
-0.1788 0.0629268 0.981871 107.146 0.0308769 0.99782 -0.0583263 -7.12386 -0.983401 0.0198884 -0.180353 72.6762
-0.180103 0.0628481 0.981638 108.443 0.0282883 0.997875 -0.0586976 -7.19883 -0.983241 0.0171973 -0.181499 72.4483
-0.18215 0.0635753 0.981213 109.706 0.0275736 0.997846 -0.0595343 -7.27366 -0.982885 0.0162113 -0.183511 72.2236
-0.183778 0.0627444 0.980963 110.979 0.0274565 0.997899 -0.0586838 -7.34978 -0.982585 0.016149 -0.185115 71.9849
-0.18802 0.0565757 0.980534 112.154 0.0232563 0.998316 -0.0531423 -7.45076 -0.98189 0.0128117 -0.18902 71.7655
-0.192386 0.0571652 0.979653 113.412 0.0231657 0.998288 -0.0537033 -7.51649 -0.981046 0.0123625 -0.193381 71.5425
-0.197221 0.0615151 0.978427 114.614 0.0182985 0.998087 -0.0590627 -7.61564 -0.980189 0.00625533 -0.197969 71.2988
-0.203871 0.0641975 0.976891 115.872 0.0194532 0.997917 -0.0615195 -7.70114 -0.978805 0.00646157 -0.204695 71.0446
-0.211527 0.0601655 0.975518 117.196 0.0208529 0.998154 -0.0570399 -7.78836 -0.97715 0.00827685 -0.212391 70.7416
-0.222857 0.0584735 0.973096 118.401 0.0231917 0.998235 -0.0546728 -7.87143 -0.974576 0.0103835 -0.22382 70.4821
-0.234032 0.0602517 0.97036 119.45 0.0239547 0.998133 -0.0561988 -7.94544 -0.971934 0.0100923 -0.235038 70.1446
-0.248033 0.0617099 0.966784 120.643 0.0260367 0.998034 -0.0570248 -8.01365 -0.968402 0.0110278 -0.249153 69.841
-0.261764 0.0597211 0.963282 121.839 0.0263641 0.998154 -0.0547188 -8.08927 -0.964772 0.0110727 -0.262855 69.5082
-0.275944 0.0619937 0.959172 123.072 0.0310126 0.997973 -0.0555794 -8.18074 -0.960674 0.0144096 -0.277308 69.1476
-0.290915 0.0666888 0.954422 124.199 0.0306507 0.997706 -0.0603707 -8.24992 -0.956258 0.0116909 -0.292292 68.7812
-0.305248 0.0703219 0.949673 125.363 0.0298006 0.997487 -0.0642838 -8.33228 -0.951807 0.00867828 -0.306577 68.3952
-0.320574 0.0680788 0.944774 126.588 0.0271807 0.997665 -0.0626672 -8.42597 -0.946834 0.00559013 -0.321676 67.9997
-0.335945 0.0634044 0.939745 127.817 0.0220433 0.997988 -0.0594539 -8.49615 -0.941624 0.000741769 -0.336667 67.5866
-0.348078 0.0610901 0.935473 128.963 0.0207946 0.998133 -0.0574445 -8.56717 -0.937235 -0.000542363 -0.348698 67.1204
-0.364965 0.0629383 0.928891 130.11 0.0188557 0.998008 -0.0602129 -8.64043 -0.930831 -0.00446071 -0.365425 66.7183
-0.37684 0.0658477 0.923935 131.236 0.0185987 0.997807 -0.0635267 -8.70805 -0.926092 -0.00675546 -0.377238 66.232
-0.389829 0.0685221 0.918334 132.38 0.0199529 0.997623 -0.0659683 -8.78973 -0.920672 -0.00739291 -0.390269 65.744
-0.404442 0.0682803 0.912011 133.496 0.0210493 0.99764 -0.0653566 -8.88009 -0.914322 -0.00723572 -0.404925 65.2692
-0.420194 0.0668716 0.904967 134.638 0.0200049 0.997722 -0.0644369 -8.95628 -0.907214 -0.00897218 -0.420574 64.7907
-0.435153 0.0642868 0.898058 135.718 0.0190062 0.997882 -0.0622231 -9.05952 -0.900156 -0.010008 -0.435454 64.2889
-0.45043 0.0656303 0.890396 136.851 0.017545 0.997753 -0.0646679 -9.14361 -0.89264 -0.0135064 -0.450569 63.7528
-0.465776 0.0679346 0.882291 137.919 0.018056 0.997571 -0.0672789 -9.22784 -0.884719 -0.0154063 -0.465872 63.2205
-0.478643 0.0699213 0.875221 138.937 0.0203347 0.99744 -0.0685647 -9.32437 -0.877774 -0.0150207 -0.47884 62.6563
-0.493598 0.0725536 0.866658 140.007 0.0229251 0.997254 -0.0704298 -9.41897 -0.869388 -0.0148958 -0.493906 62.0721
-0.508756 0.0768462 0.857474 141.091 0.022533 0.996856 -0.0759682 -9.49495 -0.860617 -0.0193278 -0.508888 61.4673
-0.521552 0.0792903 0.849527 142.127 0.0235432 0.996631 -0.0785662 -9.59099 -0.852895 -0.0209758 -0.521662 60.8014
-0.535001 0.0768499 0.841349 143.17 0.0219495 0.996783 -0.0770901 -9.68437 -0.844567 -0.0227761 -0.534967 60.1224
-0.548527 0.0730374 0.832937 144.141 0.0192414 0.997017 -0.0747537 -9.77547 -0.835912 -0.0249777 -0.548297 59.4226
-0.564811 0.0729876 0.821986 145.19 0.0182517 0.996943 -0.0759815 -9.87122 -0.825019 -0.0279126 -0.564417 58.7375
-0.582972 0.072818 0.809222 146.307 0.0172285 0.99686 -0.077291 -9.95485 -0.81231 -0.0311169 -0.582397 58.0361
-0.595396 0.070842 0.800303 147.232 0.0163721 0.996969 -0.0760704 -10.071 -0.803266 -0.0321894 -0.594751 57.2788
-0.611324 0.0698748 0.788289 148.231 0.0148037 0.99693 -0.0768885 -10.175 -0.791242 -0.0353342 -0.610482 56.5554
-0.626986 0.0695138 0.775923 149.257 0.0140474 0.996858 -0.077956 -10.2671 -0.778904 -0.0379777 -0.625993 55.7869
-0.642547 0.0671223 0.763301 150.244 0.0129032 0.996963 -0.0768079 -10.3568 -0.766138 -0.0395037 -0.641462 55.0183
-0.655144 0.064579 0.752738 151.2 0.0132987 0.997172 -0.0739749 -10.449 -0.755387 -0.0384538 -0.654151 54.1675
-0.667166 0.0626157 0.742273 152.073 0.0123128 0.997252 -0.073058 -10.5445 -0.744808 -0.0396024 -0.666104 53.3423
-0.679403 0.061409 0.731191 152.988 0.0106983 0.997215 -0.0738104 -10.6228 -0.733687 -0.0423246 -0.678169 52.4711
-0.690087 0.0621323 0.721054 153.878 0.0111494 0.997103 -0.0752484 -10.7506 -0.72364 -0.0438887 -0.688781 51.5438
-0.704973 0.062348 0.706488 154.808 0.00915034 0.996846 -0.0788415 -10.8357 -0.709175 -0.0491165 -0.70332 50.6566
-0.719506 0.060383 0.691856 155.726 0.0084424 0.9969 -0.0782264 -10.9323 -0.694435 -0.0504435 -0.717786 49.7163
-0.732804 0.0535082 0.678333 156.576 0.00509386 0.997307 -0.0731665 -11.0374 -0.680421 -0.0501614 -0.731103 48.7176
-0.747746 0.0512128 0.662007 157.395 0.00457683 0.997395 -0.0719888 -11.1407 -0.66397 -0.0507994 -0.746033 47.789
-0.766212 0.0492729 0.640696 158.313 0.0028081 0.997304 -0.0733396 -11.2194 -0.642582 -0.0543946 -0.764285 46.8332
-0.781465 0.045773 0.622268 159.11 0.000159988 0.997321 -0.0731602 -11.3218 -0.623949 -0.0570726 -0.779378 45.8272
-0.795712 0.0435521 0.604107 159.864 0.000991911 0.997504 -0.0706068 -11.4357 -0.605674 -0.0555835 -0.79377 44.798
-0.809205 0.0454754 0.585764 160.599 0.0029031 0.997298 -0.0734141 -11.5451 -0.587519 -0.0577065 -0.807151 43.7443
-0.823101 0.045379 0.56608 161.348 0.00630267 0.997471 -0.0707965 -11.6452 -0.567861 -0.0547049 -0.821305 42.6814
-0.836719 0.0474476 0.545574 162.07 0.0107904 0.997475 -0.0701999 -11.7441 -0.547527 -0.0528506 -0.835118 41.5934
-0.848588 0.0489832 0.526782 162.716 0.0126962 0.997304 -0.0722828 -11.8447 -0.528902 -0.0546502 -0.846922 40.4575
-0.862955 0.049662 0.502834 163.413 0.0129053 0.997 -0.0763199 -11.9387 -0.505116 -0.0593714 -0.861008 39.4199
-0.874126 0.0503223 0.483086 164.018 0.0154865 0.997001 -0.0758336 -12.0407 -0.485454 -0.0588068 -0.872283 38.261
-0.884919 0.047009 0.463368 164.62 0.0143372 0.997172 -0.0737834 -12.1253 -0.465525 -0.0586489 -0.88309 37.1278
-0.893874 0.0475906 0.445786 165.177 0.0155699 0.997046 -0.075221 -12.2344 -0.448048 -0.0602973 -0.891974 35.936
-0.902434 0.0485226 0.428089 165.718 0.0159992 0.996727 -0.079249 -12.3127 -0.430533 -0.0646679 -0.900256 34.7952
-0.910352 0.0460568 0.411264 166.24 0.0145816 0.996741 -0.0793462 -12.4454 -0.413578 -0.0662361 -0.908057 33.6399
-0.917567 0.043002 0.395248 166.752 0.0134296 0.996919 -0.0772854 -12.5811 -0.397354 -0.0656066 -0.915318 32.4369
-0.923906 0.040478 0.380474 167.28 0.0121784 0.996996 -0.0764958 -12.7207 -0.382427 -0.0660413 -0.921623 31.1828
-0.92901 0.0382131 0.368078 167.753 0.0111679 0.997097 -0.0753292 -12.8472 -0.369888 -0.0658709 -0.926739 29.9025
-0.93407 0.0355164 0.355319 168.151 0.00970433 0.997199 -0.0741654 -12.9481 -0.356958 -0.0658276 -0.931799 28.7524
-0.938794 0.0302239 0.343151 168.57 0.00653014 0.997526 -0.0699943 -13.0537 -0.344418 -0.0634694 -0.936669 27.5572
-0.943157 0.026695 0.331275 169.01 0.00494086 0.997785 -0.0663372 -13.1613 -0.332312 -0.0609296 -0.9412 26.3129
-0.946779 0.0270636 0.320746 169.41 0.00740724 0.998028 -0.0623458 -13.2665 -0.321801 -0.0566518 -0.945112 25.097
-0.94947 0.030632 0.312362 169.828 0.0111774 0.997895 -0.0638839 -13.3643 -0.313661 -0.0571644 -0.947813 23.8514
-0.95075 0.035597 0.30791 170.14 0.0164814 0.997785 -0.0644617 -13.4664 -0.309522 -0.0562122 -0.94923 22.6725
-0.951608 0.0385233 0.304893 170.525 0.01922 0.997631 -0.0660628 -13.5776 -0.306716 -0.0570058 -0.950093 21.3546
-0.953617 0.0358787 0.29888 170.953 0.0170774 0.997721 -0.0652826 -13.6656 -0.300541 -0.0571505 -0.952056 20.1156
-0.955157 0.0287566 0.294703 171.341 0.0109976 0.998032 -0.0617419 -13.7534 -0.295898 -0.0557322 -0.953593 18.8823
-0.956279 0.0228665 0.291562 171.708 0.00562488 0.998193 -0.0598371 -13.8434 -0.292403 -0.055581 -0.954679 17.6396
-0.957718 0.0161555 0.287255 172.096 -0.00148924 0.998131 -0.0611008 -13.933 -0.287706 -0.0589451 -0.955904 16.401
-0.958109 0.0136488 0.286079 172.44 -0.0048302 0.997952 -0.0637888 -14.0217 -0.286364 -0.0624985 -0.956081 15.1418
-0.95857 0.0144775 0.28449 172.791 -0.0044072 0.997835 -0.0656288 -14.12 -0.284824 -0.0641636 -0.95643 13.947
-0.958889 0.0134997 0.283461 173.17 -0.00563285 0.997766 -0.0665729 -14.2401 -0.283727 -0.0654327 -0.956671 12.6938
-0.958838 0.0166845 0.283463 173.535 -0.00310078 0.997598 -0.0692067 -14.3225 -0.283937 -0.067237 -0.956483 11.4588
-0.958589 0.0173936 0.284261 173.901 -0.00282718 0.997503 -0.0705698 -14.4274 -0.284779 -0.0684511 -0.956147 10.2549
-0.958645 0.0174359 0.284071 174.284 -0.00335443 0.997361 -0.0725365 -14.5356 -0.284586 -0.0704896 -0.956056 9.03226
-0.957753 0.0187602 0.28698 174.644 -0.00223931 0.997354 -0.0726716 -14.6301 -0.287584 -0.0702441 -0.955177 7.79085
-0.956712 0.0181685 0.290471 174.998 -0.00312013 0.997352 -0.0726595 -14.748 -0.291022 -0.0704205 -0.954122 6.53179
-0.955455 0.0172802 0.294632 175.387 -0.00464829 0.99728 -0.0735643 -14.8383 -0.295101 -0.071657 -0.952776 5.29673
-0.954142 0.0162823 0.298913 175.79 -0.00533584 0.997437 -0.0713639 -14.9374 -0.299309 -0.0696863 -0.951609 4.06525
-0.952253 0.0152239 0.304932 176.179 -0.00589046 0.997655 -0.0682033 -15.0342 -0.305255 -0.066743 -0.949929 2.85847
-0.949992 0.0127835 0.312015 176.603 -0.00811652 0.997814 -0.0655935 -15.1332 -0.312171 -0.0648458 -0.947811 1.60355
-0.947453 0.0151342 0.319539 177.036 -0.00616084 0.997832 -0.065527 -15.2322 -0.319838 -0.0640524 -0.945305 0.352048
-0.944287 0.0154933 0.32876 177.424 -0.00634456 0.997849 -0.0652481 -15.3296 -0.329064 -0.0636988 -0.942157 -0.828182
-0.941099 0.019071 0.337594 177.896 -0.00419552 0.997673 -0.0680551 -15.4153 -0.338106 -0.065463 -0.938829 -2.03991
-0.936957 0.0204393 0.348848 178.322 -0.00311626 0.99776 -0.0668294 -15.5179 -0.349432 -0.0637034 -0.934794 -3.25197
-0.932279 0.0225589 0.361037 178.768 -0.00180903 0.997751 -0.0670142 -15.6301 -0.361737 -0.0631291 -0.930141 -4.44414
-0.927432 0.0246276 0.373182 179.294 -0.00128121 0.997615 -0.0690201 -15.7205 -0.373992 -0.0644895 -0.925188 -5.66501
-0.922238 0.0268721 0.38569 179.82 -0.000206768 0.997548 -0.0699963 -15.8101 -0.386625 -0.064633 -0.91997 -6.8611
-0.916262 0.0265842 0.399696 180.307 -0.000422687 0.997731 -0.0673289 -15.9115 -0.400579 -0.0618599 -0.914172 -8.03834
-0.911741 0.0282086 0.409796 180.85 9.29544e-05 0.997654 -0.0684673 -16.0136 -0.410766 -0.0623864 -0.909604 -9.15047
-0.90498 0.0307614 0.42434 181.405 0.00297963 0.997817 -0.0659794 -16.128 -0.425444 -0.0584457 -0.903096 -10.3527
-0.897976 0.0311023 0.438945 181.904 0.00321165 0.997936 -0.0641405 -16.2379 -0.440034 -0.0561869 -0.896222 -11.4617
-0.892221 0.0316841 0.450487 182.484 0.00458177 0.99812 -0.0611261 -16.3496 -0.451577 -0.052474 -0.890688 -12.5357
-0.884131 0.0364612 0.465815 183.107 0.00979644 0.998179 -0.0595373 -16.4303 -0.467138 -0.0480755 -0.882877 -13.7291
-0.875811 0.0392144 0.48106 183.712 0.0121488 0.99817 -0.0592496 -16.519 -0.482503 -0.0460471 -0.874684 -14.844
-0.865105 0.0484332 0.499247 184.309 0.0222076 0.99805 -0.0583414 -16.5593 -0.501099 -0.0393844 -0.864494 -15.9304
-0.855354 0.0546434 0.515155 184.969 0.0279744 0.997843 -0.0593946 -16.6153 -0.51729 -0.0363923 -0.855037 -17.0001
-0.845532 0.0606077 0.530475 185.675 0.0336535 0.997611 -0.0603378 -16.6572 -0.532865 -0.0331652 -0.845551 -18.0051
-0.835034 0.0585981 0.54707 186.403 0.0293661 0.997642 -0.0620364 -16.7977 -0.549415 -0.0357372 -0.834785 -19.0958
-0.824294 0.0621039 0.562747 187.167 0.0325144 0.997518 -0.0624585 -16.8809 -0.565229 -0.0331868 -0.824267 -20.1136
-0.813159 0.065345 0.578363 187.914 0.0358267 0.997414 -0.0623192 -16.9408 -0.580939 -0.0299546 -0.813396 -21.0836
-0.799931 0.0690861 0.596102 188.672 0.0385241 0.997215 -0.0638765 -17.0003 -0.598854 -0.0281326 -0.800364 -22.0709
-0.788879 0.0749032 0.609967 189.472 0.0415538 0.996775 -0.0686604 -17.043 -0.613143 -0.0288183 -0.789447 -22.9446
-0.759662 0.079656 0.645422 190.102 0.0434453 0.99647 -0.071846 -17.1321 -0.648866 -0.0265382 -0.76044 -23.9922
-0.739979 0.0809099 0.667747 190.848 0.0441959 0.996443 -0.0717607 -17.2567 -0.671178 -0.0235897 -0.740921 -24.9054
-0.721989 0.0807049 0.687182 191.677 0.0419119 0.996452 -0.0729917 -17.3475 -0.690634 -0.0238982 -0.72281 -25.7921
-0.701025 0.0809552 0.708527 192.48 0.0399855 0.996435 -0.0742889 -17.4443 -0.712015 -0.0237476 -0.701763 -26.6249
-0.680143 0.08168 0.728515 193.331 0.0383488 0.996378 -0.0759098 -17.5484 -0.732076 -0.0236919 -0.680811 -27.4529
-0.658625 0.0803482 0.74817 194.199 0.0356854 0.9965 -0.0756027 -17.665 -0.751625 -0.0230951 -0.659186 -28.2555
-0.63715 0.0802437 0.766552 195.1 0.0346298 0.996542 -0.0755355 -17.7745 -0.769962 -0.0215819 -0.637725 -29.0314
-0.613852 0.079286 0.78543 195.994 0.0341414 0.99668 -0.0739275 -17.8861 -0.788683 -0.0185649 -0.61452 -29.7679
-0.589185 0.0798999 0.804039 196.923 0.0349042 0.996687 -0.0734668 -18.0019 -0.807245 -0.0152212 -0.590021 -30.4774
-0.56403 0.083342 0.821538 197.876 0.0362758 0.996435 -0.0761793 -18.0926 -0.824957 -0.0131655 -0.565042 -31.1502
-0.538381 0.0847172 0.838433 198.864 0.0362707 0.996342 -0.0773822 -18.1837 -0.841921 -0.0112506 -0.539484 -31.7897
-0.512408 0.081827 0.854835 199.892 0.0315469 0.996572 -0.0764844 -18.3099 -0.858163 -0.0122238 -0.513233 -32.4159
-0.483657 0.0778881 0.871785 200.929 0.0291943 0.996915 -0.0728708 -18.4219 -0.874771 -0.00979339 -0.484439 -33.0108
-0.453352 0.078363 0.887881 201.928 0.0283821 0.996893 -0.0734923 -18.5305 -0.89088 -0.00811802 -0.454167 -33.5422
-0.418646 0.0767368 0.904902 202.977 0.0301474 0.997049 -0.0706035 -18.691 -0.907649 -0.00227748 -0.419724 -34.0993
-0.386651 0.0780542 0.918917 204.05 0.0424453 0.996863 -0.0668153 -18.8533 -0.921249 0.0131695 -0.38875 -34.5679
-0.356595 0.0791884 0.930897 205.149 0.0434087 0.99673 -0.0681601 -18.9362 -0.93325 0.0161034 -0.358866 -34.9756
-0.324317 0.0794409 0.942607 206.269 0.0423574 0.996688 -0.0694251 -19.0168 -0.945 0.0174106 -0.326607 -35.3818
-0.289495 0.0786678 0.953942 207.368 0.0419276 0.996703 -0.0694703 -19.0986 -0.956261 0.0198851 -0.291838 -35.7465
-0.254836 0.0770429 0.963911 208.505 0.0423849 0.996754 -0.0684623 -19.1951 -0.966055 0.0234085 -0.257274 -36.0707
-0.219617 0.0756856 0.972646 209.633 0.0424455 0.996784 -0.0679798 -19.2879 -0.974663 0.0263548 -0.222123 -36.3549
-0.186749 0.0758134 0.979478 210.797 0.0413451 0.996742 -0.0692666 -19.3688 -0.981538 0.0275611 -0.189275 -36.5664
-0.151942 0.0753226 0.985516 211.963 0.0402389 0.996737 -0.0699764 -19.4592 -0.98757 0.0290236 -0.154477 -36.7567
-0.115693 0.0756209 0.990403 213.107 0.0405054 0.996628 -0.0713645 -19.5471 -0.992459 0.0318602 -0.118365 -36.9146
-0.0808808 0.0763742 0.993794 214.295 0.0386563 0.996551 -0.0734399 -19.6403 -0.995974 0.0324764 -0.0835539 -37.0225
-0.0471813 0.0758277 0.996004 215.481 0.0374959 0.996547 -0.0740927 -19.7371 -0.998183 0.0338502 -0.0498613 -37.0769
-0.0128999 0.0749736 0.997102 216.666 0.0352955 0.996599 -0.074479 -19.8356 -0.999294 0.0342324 -0.015502 -37.1152
0.0223822 0.0748005 0.996948 217.835 0.0333409 0.996587 -0.0755219 -19.942 -0.999194 0.0349294 0.0198122 -37.1361
0.0570487 0.0740968 0.995618 219.032 0.0341004 0.996516 -0.0761175 -20.0502 -0.997789 0.0382933 0.0543234 -37.111
0.091001 0.0714148 0.993287 220.191 0.0356419 0.996554 -0.074915 -20.1532 -0.995213 0.0422199 0.0881422 -37.037
0.121868 0.0701377 0.990065 221.377 0.036233 0.996522 -0.075055 -20.2542 -0.991885 0.0450198 0.118903 -36.9046
0.151955 0.0704973 0.98587 222.563 0.0366945 0.996364 -0.0769034 -20.3513 -0.987706 0.0478618 0.148816 -36.7361
0.184752 0.068902 0.980367 223.71 0.0381196 0.996287 -0.0772045 -20.4683 -0.982046 0.0516348 0.18144 -36.568
0.210774 0.0679978 0.975167 224.878 0.0395867 0.996166 -0.0780183 -20.578 -0.976733 0.0550478 0.207274 -36.2747
0.239742 0.0665644 0.968552 226.037 0.0414528 0.996036 -0.0787138 -20.6766 -0.969952 0.0590201 0.236032 -35.9918
0.26932 0.0662782 0.960768 227.198 0.0419502 0.995876 -0.0804593 -20.7771 -0.962137 0.0619736 0.265429 -35.6855
0.299093 0.0653964 0.951981 228.347 0.0434273 0.995683 -0.0820424 -20.8921 -0.953236 0.0658801 0.294962 -35.3497
0.3308 0.0622755 0.941644 229.491 0.0445735 0.995676 -0.0815075 -21.0206 -0.942648 0.0689349 0.326594 -35.0027
0.357356 0.0593336 0.932082 230.604 0.0449233 0.995734 -0.0806087 -21.1428 -0.932888 0.0706781 0.353166 -34.568
0.384789 0.0574657 0.921214 231.706 0.0448651 0.995717 -0.0808531 -21.2601 -0.921914 0.0724417 0.380563 -34.1125
0.415069 0.0576348 0.907963 232.812 0.045955 0.99539 -0.0841923 -21.3771 -0.908629 0.0766709 0.410507 -33.6605
0.444054 0.057877 0.894129 233.913 0.0473395 0.995003 -0.0879169 -21.492 -0.894749 0.0813674 0.439095 -33.1524
0.47238 0.0554143 0.879652 235.008 0.0485618 0.99487 -0.0887505 -21.6083 -0.880057 0.0846413 0.467266 -32.6101
0.499344 0.0524719 0.864814 236.026 0.0497623 0.994781 -0.0890902 -21.7126 -0.864974 0.0875217 0.494127 -32.0477
0.523936 0.0506157 0.850253 237.054 0.0487636 0.994814 -0.08927 -21.8233 -0.850361 0.088233 0.51875 -31.3986
0.546408 0.0523904 0.835879 238.085 0.0456006 0.994701 -0.0921535 -21.9208 -0.836277 0.0884699 0.541123 -30.7289
0.566026 0.0521661 0.822735 239.089 0.0436897 0.994696 -0.0931269 -22.042 -0.823229 0.0886572 0.560745 -29.9709
0.586797 0.0506579 0.808148 240.069 0.0418697 0.994809 -0.0927599 -22.1645 -0.808651 0.0882681 0.581629 -29.32
0.607436 0.0484325 0.792891 241.099 0.0405116 0.994953 -0.0918109 -22.2882 -0.793335 0.0878904 0.602408 -28.5967
0.62732 0.0449696 0.777462 242.138 0.0415247 0.994981 -0.0910566 -22.4059 -0.777654 0.0894054 0.622304 -27.847
0.643868 0.0427931 0.763939 243.104 0.0429743 0.994837 -0.0919469 -22.4908 -0.763929 0.0920313 0.638705 -27.0364
0.657607 0.0380942 0.752398 243.976 0.0423592 0.995272 -0.0874134 -22.7192 -0.75217 0.0893545 0.652883 -26.2223
0.673279 0.0383846 0.738392 244.914 0.0408007 0.995202 -0.0889373 -22.8256 -0.738262 0.0900064 0.668482 -25.3971
0.687548 0.0363998 0.725227 245.761 0.0448229 0.994712 -0.0924194 -22.8794 -0.724755 0.0960494 0.68228 -24.5643
0.702086 0.0340806 0.711276 246.63 0.0433782 0.994953 -0.0904905 -23.0001 -0.71077 0.0943859 0.697064 -23.7085
0.712555 0.0295791 0.700993 247.395 0.0441951 0.995236 -0.0869187 -23.158 -0.700224 0.0929146 0.707852 -22.7491
0.728804 0.0266215 0.684205 248.272 0.0439202 0.99537 -0.0855115 -23.2926 -0.683312 0.0923714 0.72426 -21.9078
0.740614 0.0234397 0.671522 248.998 0.0468566 0.995158 -0.0864138 -23.4379 -0.670295 0.0954644 0.735929 -20.9959
0.754869 0.0224894 0.65549 249.924 0.0473282 0.99494 -0.0886391 -23.5433 -0.654165 0.097934 0.749985 -20.0268
0.76831 0.0217341 0.639709 250.748 0.0461578 0.994941 -0.0892398 -23.6527 -0.638412 0.0980913 0.763419 -19.0991
0.77818 0.0191277 0.62775 251.518 0.0460028 0.995116 -0.087348 -23.7762 -0.626354 0.0968507 0.773499 -18.0995
0.786688 0.0152874 0.617162 252.243 0.0471652 0.995284 -0.0847744 -23.926 -0.615546 0.0957994 0.782257 -17.086
0.796452 0.0146599 0.604524 253.044 0.046076 0.995329 -0.0848414 -24.0591 -0.602943 0.095426 0.792057 -16.0308
0.808576 0.0122773 0.588264 253.873 0.0484361 0.995001 -0.0873419 -24.1782 -0.586394 0.0991156 0.803939 -15.0286
0.818391 0.00893465 0.574592 254.622 0.049845 0.995008 -0.0864659 -24.2992 -0.572495 0.0994034 0.81386 -14.0091
0.826377 0.00531922 0.563093 255.351 0.0521808 0.994931 -0.0859772 -24.4209 -0.560695 0.100432 0.821909 -12.9481
0.833014 0.00451801 0.553234 256.058 0.0521573 0.994873 -0.0866588 -24.5439 -0.550788 0.101043 0.828507 -11.8784
0.836281 0.00357134 0.548289 256.73 0.0530136 0.994768 -0.0873386 -24.6477 -0.545732 0.102106 0.831716 -10.7485
0.841239 0.00242949 0.540659 257.474 0.0520854 0.994976 -0.0855132 -24.7756 -0.538149 0.100097 0.836885 -9.648
0.84418 0.000519725 0.536059 258.174 0.0521584 0.995176 -0.0831032 -24.9134 -0.533516 0.098114 0.84008 -8.56595
0.846752 -0.00107817 0.531987 258.873 0.0529145 0.995211 -0.0822057 -25.0334 -0.52935 0.0977576 0.842753 -7.46815
0.848269 -0.000919717 0.529565 259.554 0.0522476 0.995266 -0.0819627 -25.1484 -0.526981 0.0971947 0.844301 -6.3649
0.849934 -0.00206124 0.526885 260.238 0.052229 0.995398 -0.0803579 -25.2592 -0.524294 0.0958175 0.84613 -5.26227
0.852126 -0.00346011 0.523326 260.937 0.0532421 0.995364 -0.0801123 -25.3734 -0.520621 0.0961286 0.848359 -4.13403
0.854784 -0.00289374 0.518977 261.707 0.0536598 0.995119 -0.0828319 -25.4598 -0.516203 0.0986514 0.850766 -2.88529
0.857749 -0.0039799 0.514054 262.423 0.0537528 0.995184 -0.0819867 -25.5883 -0.511251 0.0979557 0.853831 -1.76483
0.858928 -0.00234245 0.512092 263.118 0.0521954 0.995183 -0.0829945 -25.7043 -0.50943 0.098015 0.854912 -0.545648
0.860241 -0.00182479 0.509885 263.776 0.0518033 0.995133 -0.0838371 -25.8036 -0.50725 0.0985337 0.856148 0.60491
0.861517 0.0013856 0.507727 264.473 0.0484547 0.995209 -0.0849342 -25.9244 -0.505411 0.0977738 0.857321 1.80439
0.857498 0.00714298 0.514438 265.096 0.045757 0.994883 -0.0900844 -25.9958 -0.512448 0.100786 0.852783 3.05462
0.840287 0.00726291 0.542094 265.66 0.0468811 0.995192 -0.0860026 -26.1763 -0.540111 0.0976807 0.835906 4.44786
0.840259 0.00869032 0.542116 266.476 0.0451542 0.995277 -0.0859418 -26.3283 -0.540301 0.096692 0.835898 5.76051
0.840585 0.0110735 0.541567 267.224 0.042057 0.99544 -0.0856319 -26.4895 -0.540045 0.0947574 0.836285 6.94759
0.842271 0.0108001 0.538947 267.991 0.0433878 0.995198 -0.0877499 -26.6055 -0.537305 0.0972928 0.837757 8.17782
0.843111 0.0109719 0.537628 268.761 0.0440295 0.995027 -0.0893536 -26.7251 -0.535934 0.0990064 0.838435 9.43179
0.842855 0.0126152 0.537993 269.47 0.042126 0.995112 -0.0893313 -26.8632 -0.536489 0.0979567 0.838203 10.5532
0.842938 0.0139035 0.537831 270.202 0.0405844 0.995176 -0.0893338 -26.9872 -0.536477 0.0971303 0.838307 11.7397
