1 0 0 0 0 1 0 0 0 0 1 0
0.999999 -0.000993139 0.000484111 -0.0192572 0.000994112 0.999997 -0.00201476 0.0152719 -0.000482108 0.00201524 0.999998 0.553082
0.999999 -0.0014816 0.000540433 -0.0524983 0.00148347 0.999993 -0.00346013 0.000498239 -0.000535302 0.00346093 0.999994 1.06669
0.999997 -0.00171085 -0.00150038 -0.0540868 0.00170288 0.999985 -0.005294 -0.00229817 0.00150941 0.00529143 0.999985 1.65064
0.999988 -0.00351979 -0.00350607 -0.0607872 0.00349107 0.999961 -0.00816584 0.00490261 0.00353467 0.0081535 0.99996 2.24419
0.999974 -0.0063497 -0.00356562 -0.0937051 0.00631646 0.999937 -0.00925736 -0.0220442 0.00362417 0.00923459 0.999951 2.74103
0.999963 -0.0066674 -0.00544535 -0.0971342 0.0066033 0.99991 -0.0117063 -0.00505619 0.00552291 0.0116699 0.999917 3.39265
0.999952 -0.00677146 -0.00704333 -0.0978658 0.00669216 0.999915 -0.011223 -0.0144756 0.00711872 0.0111754 0.999912 3.92483
0.99996 -0.00751411 -0.00488558 -0.171197 0.0074612 0.999914 -0.0107589 -0.0432378 0.004966 0.010722 0.99993 4.4913
0.999966 -0.00702723 -0.00433837 -0.219495 0.00697492 0.999904 -0.0119571 -0.0908454 0.00442197 0.0119264 0.999919 5.07786
0.999976 -0.00531032 -0.00441648 -0.259502 0.00523356 0.999838 -0.0172132 -0.0830241 0.00450718 0.0171897 0.999842 5.71164
0.999981 -0.00407876 -0.00455967 -0.29865 0.0039784 0.999754 -0.0218068 -0.08306 0.00464749 0.0217882 0.999752 6.3847
0.99999 -0.00194457 -0.00414697 -0.338022 0.00185062 0.999744 -0.0225406 -0.0887993 0.00418975 0.0225327 0.999737 7.02499
0.999991 0.000824292 -0.00419043 -0.365078 -0.000891725 0.99987 -0.0161159 -0.1013 0.00417661 0.0161195 0.999861 7.66939
0.999984 0.00132088 -0.00548432 -0.34746 -0.00135214 0.999983 -0.0057004 -0.11549 0.0054767 0.00570772 0.999969 8.29128
0.999964 0.00203903 -0.00828098 -0.314981 -0.00202732 0.999997 0.0014229 -0.136892 0.00828385 -0.00140606 0.999965 8.95391
0.999937 0.00474583 -0.0101332 -0.303902 -0.0047368 0.999988 0.000914439 -0.165668 0.0101375 -0.000866385 0.999948 9.64921
0.999923 0.0077151 -0.00973007 -0.327093 -0.00774356 0.999966 -0.00289064 -0.231578 0.00970743 0.00296576 0.999949 10.3108
0.999836 0.00658515 -0.0168901 -0.24409 -0.00678355 0.999908 -0.0117164 -0.185681 0.0168114 0.011829 0.999789 11.073
0.999839 0.00523932 -0.0171613 -0.249348 -0.00540343 0.99994 -0.00953067 -0.206007 0.0171103 0.00962186 0.999807 11.7768
0.99985 0.00430861 -0.0167688 -0.273189 -0.00430607 0.999991 0.000187261 -0.221754 0.0167694 -0.000115029 0.999859 12.5264
0.999813 0.00387315 -0.0189241 -0.262862 -0.00375959 0.999975 0.00603294 -0.207428 0.018947 -0.00596067 0.999803 13.3419
0.999808 0.00294659 -0.0193532 -0.280935 -0.00280037 0.999967 0.00757801 -0.199097 0.0193749 -0.00752237 0.999784 14.13
0.999821 0.0011154 -0.0188745 -0.301984 -0.000995118 0.999979 0.00638097 -0.201581 0.0188813 -0.00636104 0.999801 14.9141
0.999786 0.000280632 -0.0206662 -0.289564 -0.000216336 0.999995 0.00311326 -0.191938 0.020667 -0.00310813 0.999781 15.7634
0.9998 0.00247568 -0.0198549 -0.327549 -0.00247213 0.999997 0.000203395 -0.204937 0.0198553 -0.000154274 0.999803 16.6152
0.999793 -0.000584379 -0.0203465 -0.317933 0.000474346 0.999985 -0.00541239 -0.213757 0.0203494 0.00540162 0.999778 17.4673
0.999773 -0.00392116 -0.020923 -0.310447 0.00367161 0.999922 -0.0119522 -0.220014 0.0209682 0.0118726 0.999709 18.3358
0.999824 -0.00387114 -0.0183578 -0.363691 0.00356237 0.999852 -0.0168226 -0.234977 0.0184202 0.0167542 0.99969 19.2451
0.999852 -0.00327917 -0.0169167 -0.402325 0.00297627 0.999835 -0.0179001 -0.252274 0.0169726 0.017847 0.999696 20.172
0.999855 -0.00339145 -0.016698 -0.432075 0.00308913 0.999831 -0.0180977 -0.265809 0.0167565 0.0180435 0.999697 21.0906
0.999887 -0.00253741 -0.0148291 -0.480172 0.00224047 0.999797 -0.0200067 -0.284829 0.0148769 0.0199712 0.99969 22.0272
0.999884 0.000771488 -0.0152 -0.500678 -0.0011118 0.999749 -0.0223934 -0.303921 0.0151789 0.0224077 0.999633 22.9487
0.999866 0.00374105 -0.015947 -0.516549 -0.00410783 0.999726 -0.0230296 -0.334986 0.0158564 0.023092 0.999607 23.9098
0.999857 0.00494877 -0.0161747 -0.535034 -0.0053236 0.999716 -0.0232132 -0.36401 0.0160552 0.023296 0.999599 24.8631
0.999857 0.00535817 -0.0160442 -0.569574 -0.00573038 0.999714 -0.0232431 -0.39841 0.0159151 0.0233317 0.999601 25.8323
0.999843 0.00547503 -0.0168722 -0.582922 -0.00585827 0.999724 -0.0227491 -0.436413 0.016743 0.0228444 0.999599 26.8219
0.99983 0.0071972 -0.0169828 -0.614668 -0.00756611 0.999735 -0.0217596 -0.470468 0.0168217 0.0218844 0.999619 27.8196
0.999804 0.00811033 -0.0180525 -0.629773 -0.00846476 0.999771 -0.0196445 -0.503714 0.017889 0.0197934 0.999644 28.8232
0.999785 0.00831895 -0.0190066 -0.648652 -0.00867378 0.999788 -0.018663 -0.535915 0.0188473 0.0188238 0.999645 29.8389
0.999777 0.00801155 -0.0195302 -0.670962 -0.00839814 0.999769 -0.0197933 -0.567924 0.0193672 0.0199529 0.999613 30.8468
0.999762 0.00862863 -0.0200291 -0.692387 -0.00903858 0.99975 -0.0204681 -0.599316 0.0198475 0.0206443 0.99959 31.8697
0.999766 0.00891309 -0.0196806 -0.737346 -0.0093065 0.999757 -0.0199895 -0.631699 0.0194977 0.020168 0.999606 32.9271
0.999729 0.00891441 -0.0214848 -0.740016 -0.0092883 0.999806 -0.0173658 -0.664922 0.0213258 0.0175607 0.999618 33.963
0.999723 0.00942829 -0.0215542 -0.774924 -0.00972811 0.999857 -0.0138481 -0.69677 0.0214205 0.014054 0.999672 35.0863
0.999728 0.00990309 -0.0211247 -0.826775 -0.0101613 0.999875 -0.0121524 -0.717538 0.0210017 0.0123637 0.999703 36.1426
0.999716 0.0097324 -0.0217463 -0.854856 -0.00998285 0.999885 -0.0114381 -0.748944 0.0216324 0.011652 0.999698 37.1737
0.999728 0.00956516 -0.0212643 -0.907376 -0.00986031 0.999856 -0.0138187 -0.766169 0.021129 0.0140246 0.999678 38.2573
0.999734 0.0106068 -0.0204604 -0.958079 -0.0109149 0.999828 -0.0150078 -0.785977 0.0202976 0.0152272 0.999678 39.3425
0.999715 0.0110109 -0.021191 -0.990679 -0.0113212 0.99983 -0.0145805 -0.813338 0.0210268 0.0148162 0.999669 40.4406
0.999683 0.0119666 -0.0221318 -1.02486 -0.0122617 0.999837 -0.0132459 -0.837626 0.0219697 0.0135131 0.999667 41.521
0.999667 0.0124279 -0.0226294 -1.05676 -0.012688 0.999855 -0.0113894 -0.863828 0.0224846 0.0116727 0.999679 42.6158
0.999646 0.0139204 -0.0226762 -1.09962 -0.0141888 0.999831 -0.0117176 -0.893995 0.0225092 0.0120352 0.999674 43.7119
0.999634 0.0152397 -0.0223416 -1.13913 -0.0155822 0.999763 -0.0152353 -0.934041 0.0221041 0.0155779 0.999634 44.8243
0.99963 0.0161531 -0.0218587 -1.17747 -0.0165624 0.999689 -0.0186725 -0.975603 0.0215503 0.0190277 0.999586 45.9231
0.999608 0.0181623 -0.0212911 -1.21784 -0.0185744 0.999641 -0.0193205 -1.01399 0.0209326 0.0197084 0.999586 46.9832
0.999589 0.0200911 -0.0204184 -1.2583 -0.0204344 0.999651 -0.0167459 -1.05744 0.0200748 0.0171563 0.999651 48.0522
0.999566 0.0216095 -0.0200296 -1.28846 -0.0219025 0.999655 -0.0145246 -1.10227 0.0197088 0.014957 0.999694 49.1311
0.999604 0.0206657 -0.019092 -1.32771 -0.0209089 0.999702 -0.0126278 -1.14712 0.0188253 0.013022 0.999738 50.2031
0.99964 0.0204912 -0.0172887 -1.3714 -0.0207121 0.999705 -0.0126964 -1.19393 0.0170234 0.0130499 0.99977 51.3005
0.99965 0.0200525 -0.017215 -1.37296 -0.0202944 0.999696 -0.013995 -1.23556 0.0169291 0.0143394 0.999754 52.3424
0.999676 0.0201707 -0.0155096 -1.43474 -0.0204198 0.999662 -0.0160729 -1.27363 0.0151801 0.0163844 0.99975 53.4721
0.999699 0.0186503 -0.0159403 -1.42727 -0.0189515 0.999641 -0.0189587 -1.30213 0.015581 0.019255 0.999693 54.4961
0.999724 0.0168125 -0.016417 -1.43906 -0.0171842 0.999593 -0.0227715 -1.33833 0.0160275 0.0230473 0.999606 55.5769
0.999718 0.0148644 -0.0185123 -1.41988 -0.0153113 0.999589 -0.0242363 -1.38078 0.0181445 0.0245129 0.999535 56.6657
0.999719 0.013108 -0.0197248 -1.41991 -0.0135377 0.999671 -0.0218124 -1.42678 0.0194324 0.0220733 0.999567 57.7839
0.999738 0.0108359 -0.0201385 -1.42613 -0.0111515 0.999816 -0.0156247 -1.46533 0.0199655 0.0158452 0.999675 58.8698
0.999745 0.0089164 -0.0207531 -1.42781 -0.00913022 0.999906 -0.0102315 -1.49042 0.0206599 0.0104184 0.999732 59.9315
0.999806 0.00763142 -0.0181616 -1.48771 -0.00778317 0.999935 -0.00829986 -1.54004 0.0180971 0.00843959 0.9998 61.0195
0.999841 0.00347848 -0.0174609 -1.51005 -0.00366384 0.999937 -0.0105949 -1.57364 0.017423 0.0106572 0.999791 62.087
0.999865 0.00220457 -0.0162782 -1.54705 -0.00242552 0.999905 -0.0135658 -1.6072 0.0162468 0.0136034 0.999775 63.1398
0.999886 0.00315972 -0.0147884 -1.58179 -0.00341703 0.999843 -0.0174068 -1.63487 0.014731 0.0174554 0.999739 64.2026
0.999892 0.00272562 -0.0144376 -1.6074 -0.00304062 0.999757 -0.0218412 -1.66153 0.0143745 0.0218827 0.999657 65.2736
0.999905 0.00525784 -0.0127231 -1.64727 -0.005576 0.99967 -0.0251013 -1.65612 0.0125869 0.0251698 0.999604 66.343
0.999898 0.00888829 -0.0112007 -1.68293 -0.00911062 0.99976 -0.0199575 -1.71406 0.0110206 0.0200575 0.999738 67.4147
0.999887 0.0102153 -0.0110564 -1.71235 -0.0104304 0.999754 -0.0195812 -1.72994 0.0108536 0.0196943 0.999747 68.5045
0.999886 0.0100457 -0.0112624 -1.72846 -0.010274 0.999739 -0.0203988 -1.74513 0.0110546 0.0205122 0.999728 69.5936
0.999921 0.007149 -0.0103154 -1.76204 -0.00735899 0.999764 -0.0204638 -1.76258 0.0101667 0.0205381 0.999737 70.6562
0.999962 0.00454729 -0.00745247 -1.81026 -0.00469598 0.999788 -0.0200578 -1.77909 0.00735969 0.020092 0.999771 71.6918
0.999964 0.00233906 -0.00814222 -1.81147 -0.00249235 0.999819 -0.0188674 -1.80266 0.00809662 0.018887 0.999789 72.7559
0.999963 -0.000431245 -0.00853889 -1.83151 0.000265681 0.999812 -0.0193818 -1.8056 0.00854565 0.0193788 0.999775 73.8484
0.999967 -0.000941663 -0.00807282 -1.86221 0.000780176 0.9998 -0.0199844 -1.85652 0.00809003 0.0199774 0.999767 74.9147
0.99996 -0.00104346 -0.00890426 -1.87576 0.000836917 0.999732 -0.0231689 -1.90591 0.00892605 0.0231605 0.999692 76.0438
0.999941 -0.000967015 -0.0108317 -1.87649 0.000682755 0.999656 -0.026217 -1.93095 0.0108533 0.0262081 0.999597 77.1201
0.999926 0.00177878 -0.0119833 -1.89627 -0.0020623 0.999718 -0.0236891 -1.98681 0.0119378 0.023712 0.999647 78.1744
0.999905 0.00292283 -0.0134545 -1.91184 -0.00318081 0.999811 -0.0191932 -2.03192 0.0133958 0.0192342 0.999725 79.2566
0.999875 0.00461975 -0.015083 -1.93055 -0.00485449 0.999867 -0.0155645 -2.06482 0.0150091 0.0156358 0.999765 80.3345
0.999863 0.00551379 -0.0155973 -1.96102 -0.00574816 0.999871 -0.0150218 -2.09802 0.0155124 0.0151094 0.999765 81.3873
0.999861 0.00542245 -0.0157547 -1.9978 -0.00569114 0.999839 -0.0170603 -2.13021 0.0156597 0.0171476 0.99973 82.4483
0.999852 0.00592897 -0.016135 -2.03128 -0.00621621 0.999822 -0.0178109 -2.16979 0.0160266 0.0179086 0.999711 83.5002
0.999842 0.00534715 -0.0169611 -2.05649 -0.00563667 0.999839 -0.0170678 -2.22288 0.0168671 0.0171607 0.99971 84.5353
0.999856 0.00401209 -0.0164815 -2.09862 -0.00430552 0.999832 -0.0178067 -2.24143 0.0164073 0.0178751 0.999705 85.5584
0.999855 0.00260451 -0.0168027 -2.12801 -0.00289034 0.999851 -0.0170094 -2.26041 0.0167559 0.0170555 0.999714 86.5336
0.999849 0.0024356 -0.0171787 -2.1545 -0.0026804 0.999895 -0.0142418 -2.29629 0.0171423 0.0142857 0.999751 87.491
0.999844 0.00102617 -0.017604 -2.18917 -0.00126382 0.999908 -0.0134941 -2.32767 0.0175886 0.0135142 0.999754 88.4758
0.99982 -8.4606e-05 -0.0189735 -2.22461 -0.000168062 0.999912 -0.0133152 -2.35767 0.0189729 0.013316 0.999731 89.4194
0.99977 -0.00131644 -0.021414 -2.26445 0.00101901 0.999903 -0.0138949 -2.39704 0.0214302 0.0138699 0.999674 90.3642
0.999725 -0.000731478 -0.0234191 -2.31189 0.000390767 0.999894 -0.0145499 -2.43336 0.0234272 0.0145368 0.99962 91.2773
0.999694 -0.00110892 -0.0246803 -2.36833 0.000756799 0.999898 -0.0142723 -2.46521 0.0246936 0.0142492 0.999593 92.1501
0.999647 0.000126135 -0.0265455 -2.41683 -0.000479729 0.999911 -0.0133146 -2.4936 0.0265414 0.0133226 0.999559 93.0201
0.999598 0.0012861 -0.0283242 -2.47081 -0.0016227 0.999928 -0.0118642 -2.53134 0.028307 0.0119054 0.999528 93.8706
0.999529 0.0015501 -0.0306484 -2.52048 -0.00186102 0.999947 -0.0101192 -2.56092 0.0306311 0.0101714 0.999479 94.6695
0.999463 0.00355532 -0.0325634 -2.56111 -0.00386589 0.999948 -0.00947954 -2.58744 0.032528 0.00960034 0.999424 95.4695
0.999384 0.00560205 -0.0346338 -2.60464 -0.00592728 0.999939 -0.00929504 -2.61134 0.0345796 0.0094946 0.999357 96.2238
0.999256 0.00688198 -0.0379406 -2.63093 -0.007268 0.999923 -0.0100459 -2.64623 0.0378685 0.0103142 0.999229 96.93
0.999151 0.00799223 -0.0403966 -2.67269 -0.00857525 0.999861 -0.0142798 -2.66711 0.0402769 0.0146141 0.999081 97.6506
0.999008 0.010757 -0.0432155 -2.70502 -0.0115462 0.999771 -0.018055 -2.69543 0.0430114 0.0185361 0.998902 98.3406
0.998873 0.0125398 -0.0457734 -2.73669 -0.0135014 0.999694 -0.0207589 -2.72328 0.0454991 0.0213535 0.998736 99.0381
0.998738 0.0150467 -0.0479033 -2.75171 -0.0160901 0.99964 -0.0214695 -2.75619 0.047563 0.0222132 0.998621 99.6535
0.998675 0.0172251 -0.0484878 -2.76233 -0.0182509 0.999617 -0.0207933 -2.78663 0.0481111 0.0216507 0.998607 100.264
0.998676 0.0205426 -0.0471632 -2.77244 -0.021459 0.999589 -0.0190066 -2.81854 0.0467533 0.0199935 0.998706 100.873
0.998806 0.0229804 -0.0430994 -2.76945 -0.0237613 0.999561 -0.0176941 -2.84153 0.0426738 0.018697 0.998914 101.449
0.998924 0.0241088 -0.0396136 -2.70812 -0.0246901 0.999594 -0.0142516 -2.88802 0.0392539 0.0152143 0.999113 101.971
0.999147 0.0240082 -0.0335883 -2.65033 -0.0243931 0.999641 -0.0110965 -2.92167 0.0333099 0.0119064 0.999374 102.471
0.999497 0.0240543 -0.0206476 -2.67855 -0.0242663 0.999655 -0.0100785 -2.93567 0.020398 0.0105745 0.999736 102.975
0.999693 0.0231532 -0.00875812 -2.64283 -0.023246 0.999673 -0.0106486 -2.94462 0.00850869 0.0108489 0.999905 103.445
0.999713 0.0230917 0.00637189 -2.63133 -0.0230163 0.999667 -0.0116555 -2.96074 -0.00663893 0.0115055 0.999911 103.887
0.999482 0.0216818 0.0237835 -2.59661 -0.0213191 0.999654 -0.015398 -2.97011 -0.0241091 0.014883 0.999598 104.317
0.998815 0.0214434 0.0436723 -2.5369 -0.0205628 0.999578 -0.0205156 -2.9821 -0.0440938 0.0195933 0.998835 104.736
0.997688 0.0191579 0.0651953 -2.44081 -0.0174397 0.999488 -0.0268233 -2.97767 -0.0656758 0.0256243 0.997512 105.146
0.995948 0.0169704 0.0883146 -2.30249 -0.0142144 0.999395 -0.0317418 -2.97134 -0.0887999 0.0303578 0.995586 105.578
0.993116 0.0141825 0.11627 -2.19912 -0.0102995 0.999371 -0.0339297 -2.97746 -0.116678 0.0324986 0.992638 105.956
0.989122 0.0113688 0.146658 -2.06438 -0.00599597 0.999296 -0.0370253 -2.98234 -0.146975 0.0357431 0.988494 106.361
0.98364 0.00893872 0.179921 -1.91982 -0.0018687 0.999221 -0.0394263 -2.99132 -0.180133 0.0384451 0.98289 106.752
0.976002 0.00510724 0.2177 -1.77094 0.00389277 0.999156 -0.0408924 -3.00208 -0.217725 0.0407585 0.975158 107.156
0.966452 0.00273694 0.256831 -1.61497 0.00858225 0.999041 -0.0429412 -3.01073 -0.256702 0.0437048 0.965501 107.53
0.955452 0.00352367 0.295124 -1.41025 0.0098064 0.998998 -0.0436754 -3.0367 -0.294982 0.0446239 0.95446 107.875
0.941327 0.00556791 0.337448 -1.21293 0.00983539 0.998987 -0.0439196 -3.05748 -0.337351 0.0446617 0.940319 108.22
0.924798 0.00611918 0.380409 -1.01092 0.0107507 0.999051 -0.0422062 -3.07443 -0.380307 0.0431218 0.923854 108.541
0.906139 0.00498689 0.422951 -0.794757 0.0132142 0.999109 -0.0400905 -3.09827 -0.422774 0.0419165 0.905265 108.844
0.883352 0.00396085 0.468693 -0.595923 0.016933 0.999042 -0.0403566 -3.11419 -0.468404 0.0435855 0.882438 109.16
0.859297 0.00405326 0.511461 -0.365929 0.0204348 0.998898 -0.0422483 -3.13358 -0.511069 0.0467554 0.858267 109.461
0.831937 0.00658906 0.554831 -0.155076 0.0220462 0.998748 -0.044918 -3.15044 -0.554432 0.0496008 0.830749 109.738
0.801968 0.0108019 0.597269 0.079115 0.0224873 0.998582 -0.0482542 -3.1704 -0.596943 0.0521293 0.800588 110.015
0.768708 0.0165349 0.639386 0.318142 0.0215433 0.998429 -0.0517207 -3.17868 -0.639237 0.0535326 0.767144 110.277
0.734152 0.0208233 0.678665 0.613143 0.0201671 0.99842 -0.0524501 -3.20788 -0.678685 0.052193 0.732572 110.498
0.696989 0.0207391 0.716782 0.917748 0.0239998 0.998347 -0.0522229 -3.22905 -0.71668 0.0536014 0.695339 110.714
0.657493 0.0171867 0.753264 1.24103 0.0302695 0.99833 -0.0491991 -3.24891 -0.752852 0.055149 0.655875 110.924
0.61477 0.0153361 0.788557 1.57325 0.031156 0.998559 -0.0437098 -3.27671 -0.788091 0.0514397 0.613406 111.125
0.570814 0.0144433 0.820952 1.92927 0.032456 0.998667 -0.0401369 -3.28717 -0.820437 0.0495555 0.569585 111.306
0.525897 0.0123191 0.850458 2.30216 0.034067 0.998788 -0.0355337 -3.30787 -0.849865 0.0476597 0.52484 111.46
0.478302 0.00816942 0.878157 2.66319 0.0374436 0.998858 -0.0296866 -3.32505 -0.877396 0.0470805 0.47745 111.561
0.426638 0.00886856 0.904378 3.08328 0.0349447 0.999044 -0.0262819 -3.35313 -0.903747 0.0428161 0.42592 111.756
0.375861 0.0127831 0.926587 3.45755 0.0338534 0.999048 -0.027515 -3.36675 -0.926057 0.0417099 0.375071 111.876
0.328663 0.0178482 0.944278 3.8648 0.0322872 0.999025 -0.0301208 -3.39262 -0.943895 0.0403877 0.327766 111.955
0.283136 0.0192756 0.958886 4.24891 0.0332988 0.998998 -0.0299143 -3.40776 -0.958501 0.0403996 0.28221 112.011
0.242427 0.0174429 0.970012 4.69408 0.0423188 0.998697 -0.0285351 -3.43247 -0.969246 0.0479674 0.241373 112.088
0.209028 0.0163373 0.977773 5.12273 0.0487898 0.998441 -0.027113 -3.46694 -0.976691 0.0533727 0.207905 112.121
0.179823 0.0176752 0.98354 5.56487 0.0552801 0.998077 -0.0280435 -3.44873 -0.982144 0.0594131 0.1785 112.149
0.15353 0.0161844 0.988011 6.07763 0.0524661 0.998322 -0.0245062 -3.4764 -0.98675 0.0555995 0.152424 112.218
0.128747 0.011769 0.991607 6.59507 0.0426871 0.998937 -0.0173983 -3.53746 -0.990758 0.0445688 0.128108 112.289
0.106572 0.00879172 0.994266 7.10329 0.0381007 0.999191 -0.0129192 -3.53877 -0.993574 0.0392591 0.106151 112.323
0.0853167 0.00703564 0.996329 7.57285 0.0415399 0.999081 -0.0106122 -3.53715 -0.995487 0.0422928 0.084946 112.316
0.0655624 0.00790567 0.997817 8.08529 0.0489205 0.998741 -0.0111274 -3.5431 -0.996648 0.0495432 0.0650932 112.323
0.0476351 0.00952467 0.998819 8.62037 0.0545372 0.998438 -0.012122 -3.56323 -0.997374 0.0550502 0.0470413 112.324
0.0338736 0.0179838 0.999264 9.2002 0.0550407 0.998287 -0.019832 -3.5252 -0.997909 0.055672 0.0328258 112.343
0.0227667 0.0237192 0.999459 9.79899 0.0527175 0.998299 -0.0248925 -3.52289 -0.99835 0.0532557 0.0214776 112.372
0.0158722 0.0223925 0.999623 10.38 0.0532345 0.998313 -0.0232084 -3.5628 -0.998456 0.0535827 0.0146534 112.381
0.0125099 0.0187017 0.999747 10.9988 0.057166 0.998177 -0.0193876 -3.58922 -0.998286 0.057394 0.011418 112.381
0.0124067 0.0167776 0.999782 11.6337 0.0583009 0.998146 -0.0174737 -3.61486 -0.998222 0.058505 0.0114056 112.39
0.0133922 0.018016 0.999748 12.3242 0.0565929 0.998222 -0.0187466 -3.60989 -0.998307 0.0568297 0.0123488 112.419
0.015064 0.0184685 0.999716 13.0801 0.0538715 0.998363 -0.0192552 -3.62751 -0.998434 0.0541463 0.0140445 112.445
0.0129765 0.0206312 0.999703 13.7391 0.0554822 0.998232 -0.0213211 -3.623 -0.998375 0.0557424 0.0118089 112.532
0.0128021 0.0223723 0.999667 14.4769 0.0554837 0.998194 -0.0230499 -3.63086 -0.998377 0.0557603 0.0115377 112.569
0.012894 0.0220318 0.999674 15.2301 0.0550088 0.998228 -0.0227095 -3.65264 -0.998402 0.0552837 0.0116593 112.603
0.0119719 0.0201977 0.999724 15.9747 0.0542635 0.99831 -0.020819 -3.68171 -0.998454 0.0544978 0.0108557 112.651
0.0127259 0.0199992 0.999719 16.7617 0.0545106 0.9983 -0.0206647 -3.68407 -0.998432 0.0547583 0.0116141 112.663
0.012063 0.0179549 0.999766 17.5239 0.0539313 0.998372 -0.0185806 -3.70796 -0.998471 0.0541428 0.011075 112.677
0.0108266 0.0170153 0.999796 18.3155 0.0503676 0.998577 -0.01754 -3.72665 -0.998672 0.0505473 0.00995425 112.69
0.00954571 0.0176085 0.999799 19.0931 0.0485445 0.998658 -0.0180519 -3.72036 -0.998775 0.0487071 0.00867814 112.703
0.00789791 0.0171417 0.999822 19.8753 0.0507215 0.99856 -0.0175207 -3.69997 -0.998681 0.0508509 0.00701712 112.719
0.00634999 0.0156754 0.999857 20.6521 0.052448 0.998496 -0.0159871 -3.72411 -0.998603 0.052542 0.00551834 112.728
0.00464047 0.0146551 0.999882 21.4955 0.0499238 0.998643 -0.0148686 -3.7522 -0.998742 0.0499869 0.00390257 112.743
0.00386987 0.0210215 0.999771 22.3162 0.0468589 0.998677 -0.0211799 -3.75339 -0.998893 0.0469301 0.00287975 112.747
0.00302747 0.0290395 0.999573 23.0856 0.047747 0.998434 -0.029151 -3.70843 -0.998854 0.0478149 0.00163622 112.76
0.00176646 0.030204 0.999542 23.912 0.0485059 0.998365 -0.0302541 -3.74646 -0.998821 0.0485372 0.000298543 112.766
-0.000708642 0.0281973 0.999602 24.7573 0.0450281 0.99859 -0.0281369 -3.78587 -0.998985 0.0449903 -0.00197727 112.787
-0.000881301 0.0249276 0.999689 25.6428 0.0408373 0.998857 -0.0248709 -3.80277 -0.999165 0.0408027 -0.00189823 112.779
-0.000218444 0.0192865 0.999814 26.4835 0.0397537 0.999024 -0.0192626 -3.83896 -0.999209 0.0397422 -0.000984899 112.773
0.000101654 0.0139044 0.999903 27.3015 0.0356812 0.999267 -0.0138992 -3.85681 -0.999363 0.0356792 -0.000394506 112.772
0.00111991 0.0134812 0.999908 28.1345 0.0328009 0.999371 -0.0135107 -3.86636 -0.999461 0.032813 0.00067705 112.769
0.00173395 0.0220094 0.999756 28.9447 0.034718 0.999154 -0.0220563 -3.87003 -0.999395 0.0347478 0.000968401 112.78
0.00148953 0.034402 0.999407 29.7641 0.036005 0.998759 -0.0344333 -3.88683 -0.99935 0.036035 0.000249075 112.805
0.00217341 0.0379014 0.999279 30.5942 0.0361638 0.998625 -0.0379552 -3.94643 -0.999343 0.0362203 0.000799801 112.8
0.00250432 0.0323619 0.999473 31.423 0.0385254 0.998731 -0.0324344 -3.9829 -0.999254 0.0385863 0.00125443 112.83
0.00381394 0.0256384 0.999664 32.2383 0.0420006 0.998785 -0.0257761 -4.00034 -0.99911 0.0420848 0.00273252 112.836
0.00410931 0.0232097 0.999722 33.0789 0.0423567 0.99883 -0.0233631 -4.03509 -0.999094 0.0424409 0.00312145 112.849
0.00352076 0.0245164 0.999693 33.9042 0.0432509 0.998761 -0.0246458 -4.06882 -0.999058 0.0433244 0.00245608 112.873
0.00222573 0.0248584 0.999688 34.7568 0.0405281 0.998868 -0.0249283 -4.12613 -0.999175 0.040571 0.00121578 112.88
0.00188827 0.0255184 0.999672 35.5791 0.0399777 0.998874 -0.0255735 -4.1539 -0.999198 0.0400129 0.000866016 112.87
-0.00053068 0.0240035 0.999711 36.3803 0.0389822 0.998953 -0.0239646 -4.2185 -0.999239 0.0389582 -0.00146579 112.874
-0.00172399 0.0234217 0.999724 37.1945 0.039184 0.99896 -0.0233363 -4.27554 -0.99923 0.039133 -0.00263992 112.864
-0.00391061 0.0230813 0.999726 38.0046 0.0371006 0.999049 -0.0229206 -4.3161 -0.999304 0.0370008 -0.00476318 112.865
-0.0054438 0.0214626 0.999754 38.8034 0.0343327 0.999184 -0.0212634 -4.35793 -0.999395 0.0342085 -0.00617619 112.857
-0.00849427 0.0211198 0.99974 39.5899 0.0344289 0.999191 -0.0208156 -4.37586 -0.999371 0.0342432 -0.00921448 112.872
-0.00949133 0.02313 0.999687 40.3585 0.0332934 0.999186 -0.0228023 -4.37045 -0.9994 0.0330666 -0.0102536 112.861
-0.0110022 0.0260663 0.999599 41.1343 0.0340228 0.999091 -0.0256786 -4.37443 -0.99936 0.0337266 -0.011879 112.865
-0.0116644 0.0279311 0.999541 41.8972 0.0351553 0.999003 -0.0275058 -4.38425 -0.999314 0.0348184 -0.0126346 112.867
-0.0121665 0.0271462 0.999557 42.6828 0.0363905 0.998981 -0.0266876 -4.41995 -0.999263 0.0360497 -0.013142 112.849
-0.0111741 0.0266377 0.999582 43.4779 0.0358704 0.999013 -0.0262215 -4.45322 -0.999294 0.0355625 -0.0121185 112.799
-0.0128769 0.0259712 0.999579 44.2512 0.0337093 0.999106 -0.0255246 -4.49288 -0.999348 0.0333665 -0.0137408 112.807
-0.0138575 0.0252249 0.999585 44.992 0.0319622 0.999182 -0.0247717 -4.52789 -0.999393 0.0316057 -0.0146524 112.799
-0.0148713 0.0229412 0.999626 45.7402 0.0301722 0.999292 -0.0224847 -4.57607 -0.999434 0.0298266 -0.0155529 112.797
-0.0146663 0.0234804 0.999616 46.4573 0.0318044 0.999229 -0.0230046 -4.60357 -0.999386 0.0314549 -0.0154018 112.782
-0.0136695 0.0271276 0.999538 47.1636 0.0321572 0.999127 -0.0266766 -4.63123 -0.999389 0.0317778 -0.0145298 112.77
-0.0128265 0.0307231 0.999445 47.8558 0.0324353 0.999015 -0.0302936 -4.65949 -0.999391 0.0320288 -0.0138103 112.763
-0.0121239 0.0332011 0.999375 48.5745 0.0308861 0.998984 -0.0328135 -4.68908 -0.999449 0.030469 -0.013137 112.751
-0.0132755 0.0369334 0.999229 49.253 0.0284977 0.998926 -0.0365436 -4.67614 -0.999505 0.0279907 -0.0143137 112.764
-0.0119358 0.0414005 0.999071 49.9484 0.0295504 0.998721 -0.041033 -4.6387 -0.999492 0.0290332 -0.0131439 112.748
-0.0104403 0.043486 0.998999 50.6509 0.0309433 0.99859 -0.0431449 -4.64945 -0.999466 0.030462 -0.0117711 112.724
-0.0119815 0.044659 0.99893 51.3312 0.0276927 0.998634 -0.0443136 -4.69169 -0.999544 0.0271321 -0.0132019 112.735
-0.0113959 0.0462697 0.998863 52.0319 0.0258788 0.998608 -0.0459626 -4.73266 -0.9996 0.0253256 -0.0125774 112.724
-0.0110647 0.0454204 0.998906 52.6919 0.0281571 0.998586 -0.045094 -4.76898 -0.999542 0.0276274 -0.0123279 112.717
-0.0108539 0.0451122 0.998922 53.3681 0.0286483 0.998586 -0.0447858 -4.81255 -0.99953 0.0281313 -0.0121309 112.704
-0.0143124 0.0464962 0.998815 54.073 0.0266365 0.998582 -0.0461036 -4.82738 -0.999542 0.0259451 -0.0155306 112.707
-0.0197109 0.0476249 0.99867 54.7452 0.0221278 0.998641 -0.0471868 -4.85322 -0.999561 0.0211684 -0.0207379 112.709
-0.02423 0.0521175 0.998346 55.372 0.0256221 0.998345 -0.0514955 -4.8724 -0.999378 0.0243321 -0.0255252 112.693
-0.0310975 0.054624 0.998022 56.0278 0.0269388 0.998189 -0.0537938 -4.92171 -0.999153 0.0252127 -0.0325126 112.677
-0.0384975 0.0566895 0.997649 56.6992 0.0225826 0.998184 -0.0558485 -4.95963 -0.999003 0.0203795 -0.0397077 112.65
-0.0449184 0.0565351 0.997389 57.3746 0.0196691 0.998254 -0.0556983 -5.00113 -0.998797 0.0171159 -0.045952 112.639
-0.0505023 0.0556652 0.997171 58.0526 0.0198898 0.998304 -0.0547211 -5.04271 -0.998525 0.01707 -0.0515238 112.623
-0.0561078 0.0582957 0.996721 58.7342 0.0194341 0.998169 -0.0572863 -5.0658 -0.998235 0.0161562 -0.0571379 112.624
-0.0590784 0.0573824 0.996602 59.4607 0.0161592 0.998271 -0.0565206 -5.12438 -0.998122 0.0127652 -0.0599035 112.559
-0.0626596 0.0531448 0.996618 60.1427 0.0137177 0.998533 -0.0523844 -5.18163 -0.99794 0.010389 -0.0632966 112.543
-0.0648533 0.0491611 0.996683 60.8563 0.0126903 0.998746 -0.0484371 -5.23177 -0.997814 0.00950694 -0.0653958 112.51
-0.0653661 0.04805 0.996703 61.5517 0.0122701 0.998803 -0.0473465 -5.2595 -0.997785 0.00913488 -0.0658774 112.465
-0.0662555 0.0508642 0.996505 62.3092 0.0124355 0.998664 -0.0501476 -5.26306 -0.997725 0.00906956 -0.0667995 112.414
-0.0657962 0.0564662 0.996234 63.0283 0.0149813 0.998341 -0.0555962 -5.28979 -0.99772 0.0112669 -0.0665329 112.364
-0.0649902 0.0621109 0.99595 63.767 0.0219704 0.997908 -0.0607993 -5.32259 -0.997644 0.0179301 -0.0662189 112.307
-0.0652578 0.0648422 0.995759 64.5021 0.0276531 0.997621 -0.0631512 -5.39328 -0.997485 0.0234148 -0.0668956 112.252
-0.0652384 0.0668818 0.995625 65.2742 0.0299013 0.997434 -0.0650441 -5.44218 -0.997421 0.0255272 -0.0670709 112.203
-0.0646778 0.0650694 0.995782 66.0219 0.0280848 0.997595 -0.0633638 -5.50196 -0.99751 0.0238681 -0.0663497 112.153
-0.0637342 0.0587217 0.996237 66.7535 0.028152 0.997976 -0.0570231 -5.57798 -0.997569 0.0244118 -0.0652583 112.113
-0.0610746 0.0557117 0.996577 67.5606 0.0301987 0.998087 -0.0539455 -5.66181 -0.997676 0.0268006 -0.0626402 111.979
-0.0611121 0.0551306 0.996607 68.3177 0.0291471 0.998146 -0.0534284 -5.71576 -0.997705 0.0257831 -0.0626057 111.919
-0.0622728 0.0548731 0.996549 69.0699 0.0270728 0.998213 -0.0532731 -5.78384 -0.997691 0.0236619 -0.0636471 111.872
-0.0623781 0.0567667 0.996436 69.8321 0.0267828 0.998117 -0.0551858 -5.82317 -0.997693 0.023245 -0.063781 111.794
-0.064066 0.0570475 0.996313 70.594 0.0288515 0.998053 -0.0552919 -5.89403 -0.997528 0.0252028 -0.0655871 111.747
-0.064042 0.0567569 0.996331 71.3606 0.0311299 0.998009 -0.0548515 -5.94922 -0.997461 0.0275029 -0.0656813 111.673
-0.0655982 0.055048 0.996326 72.0706 0.0330454 0.998049 -0.0529675 -6.01089 -0.997298 0.0294494 -0.0672893 111.637
-0.0675384 0.0553671 0.996179 72.8162 0.0262744 0.998211 -0.0536988 -6.07142 -0.99737 0.0225473 -0.0688723 111.59
-0.0668322 0.0571749 0.996124 73.6014 0.0284924 0.998059 -0.0553743 -6.1232 -0.997357 0.0246812 -0.0683315 111.509
-0.0661172 0.0585282 0.996093 74.3709 0.0292811 0.997962 -0.0566944 -6.14662 -0.997382 0.0254183 -0.0676962 111.448
-0.0676288 0.0603824 0.995881 75.1267 0.0250746 0.997954 -0.0588054 -6.17009 -0.997395 0.0209944 -0.0690045 111.409
-0.0684351 0.0588916 0.995915 75.8812 0.0264483 0.998012 -0.0571982 -6.22109 -0.997304 0.0224259 -0.0698566 111.382
-0.0698018 0.0581991 0.995861 76.6495 0.024638 0.998093 -0.0566027 -6.25779 -0.997256 0.0205851 -0.0711025 111.358
-0.0696726 0.0579084 0.995887 77.4506 0.0232097 0.998137 -0.0564155 -6.28483 -0.997299 0.0191836 -0.0708868 111.281
-0.0713172 0.0574446 0.995798 78.2457 0.0242661 0.998145 -0.0558422 -6.34828 -0.997158 0.0201817 -0.0725788 111.226
-0.0723681 0.059342 0.99561 79.0198 0.0231192 0.99806 -0.0578076 -6.38058 -0.99711 0.0188343 -0.0735996 111.168
-0.0745721 0.0615192 0.995316 79.8141 0.0195565 0.997993 -0.0602195 -6.42754 -0.997023 0.0149743 -0.0756255 111.113
-0.0760295 0.0680886 0.994777 80.668 0.0230042 0.99752 -0.0665181 -6.45121 -0.99684 0.0178267 -0.0774072 111.059
-0.0775656 0.0755004 0.994124 81.4566 0.0248082 0.996966 -0.0737806 -6.46368 -0.996678 0.0189396 -0.0792033 111.028
-0.0773569 0.080811 0.993722 82.2714 0.0258232 0.996538 -0.0790297 -6.5175 -0.996668 0.0195476 -0.0791758 110.942
-0.0775487 0.082646 0.993556 83.1178 0.0284564 0.996336 -0.0806562 -6.58634 -0.996582 0.0220183 -0.0796164 110.896
-0.0747563 0.0830327 0.993738 83.9308 0.0332121 0.996182 -0.0807384 -6.64579 -0.996648 0.0269684 -0.0772285 110.806
-0.0741803 0.0829911 0.993785 84.7799 0.0347042 0.996142 -0.0805975 -6.70402 -0.99664 0.0285098 -0.0767743 110.748
-0.072224 0.0834324 0.993892 85.5932 0.0345321 0.996107 -0.0811089 -6.7608 -0.99679 0.0284632 -0.0748239 110.69
-0.0726718 0.0824942 0.993938 86.4175 0.0338281 0.996204 -0.080209 -6.82419 -0.996781 0.0277941 -0.0751866 110.687
-0.0704783 0.0809759 0.994221 87.2776 0.0337601 0.996322 -0.0787539 -6.88806 -0.996941 0.0280146 -0.0729528 110.632
-0.0678215 0.0801672 0.994471 88.1271 0.0352369 0.996337 -0.0779146 -6.94275 -0.997074 0.0297579 -0.070398 110.58
-0.0656148 0.080861 0.994563 88.9832 0.0345911 0.996296 -0.0787198 -7.01516 -0.997244 0.0292379 -0.0681688 110.527
-0.0651275 0.0849514 0.994254 89.8173 0.0354773 0.995937 -0.0827713 -7.09629 -0.997245 0.0298828 -0.0678768 110.508
-0.0627951 0.0919333 0.993783 90.6354 0.0375024 0.995262 -0.0897005 -7.17162 -0.997321 0.0316365 -0.0659453 110.464
-0.0585868 0.0967731 0.99358 91.5584 0.0364293 0.994834 -0.0947472 -7.24992 -0.997617 0.0306446 -0.0618096 110.387
-0.0565869 0.0924911 0.994104 92.387 0.0349977 0.995271 -0.0906077 -7.36622 -0.997783 0.0296642 -0.0595563 110.338
-0.0554549 0.0900692 0.99439 93.2549 0.034222 0.995509 -0.0882622 -7.45196 -0.997874 0.0291355 -0.0582882 110.298
-0.0536447 0.0890053 0.994585 94.1253 0.0356695 0.995555 -0.0871682 -7.53623 -0.997922 0.0308003 -0.0565811 110.236
-0.0522349 0.088141 0.994737 95.0016 0.0357036 0.995625 -0.086345 -7.6356 -0.997995 0.0310055 -0.0551534 110.192
-0.0521561 0.087996 0.994754 95.863 0.0368044 0.995603 -0.0861414 -7.73413 -0.99796 0.0321186 -0.0551655 110.17
-0.0504415 0.0857772 0.995036 96.6671 0.0403634 0.995666 -0.0837854 -7.82478 -0.99791 0.0359368 -0.0536852 110.121
-0.0496841 0.0856709 0.995083 97.5035 0.0426043 0.995589 -0.0835873 -7.90252 -0.997855 0.0382419 -0.053115 110.092
-0.0495708 0.0878112 0.994902 98.3208 0.0449337 0.995315 -0.0856088 -7.97388 -0.997758 0.040461 -0.0532843 110.069
-0.0479204 0.0900221 0.994786 99.1375 0.0462548 0.995062 -0.087819 -8.0607 -0.997779 0.0418054 -0.0518477 110.024
-0.047262 0.0911905 0.994711 100.018 0.0434926 0.995067 -0.0891568 -8.16405 -0.997934 0.0390489 -0.050995 109.993
-0.0475069 0.0874783 0.995032 100.91 0.0376239 0.995607 -0.0857326 -8.25269 -0.998161 0.0333641 -0.0505895 109.966
-0.0478503 0.0865139 0.9951 101.778 0.0342941 0.995797 -0.0849254 -8.34482 -0.998265 0.0300624 -0.0506161 109.937
-0.0481287 0.0872744 0.99502 102.627 0.0307571 0.995832 -0.085858 -8.4316 -0.998366 0.0264718 -0.0506124 109.888
-0.0483256 0.0914552 0.994635 103.474 0.0278182 0.995536 -0.0901865 -8.5231 -0.998443 0.0233106 -0.050654 109.839
-0.0474393 0.0937047 0.994469 104.299 0.0275269 0.995334 -0.0924733 -8.60983 -0.998494 0.0229878 -0.0497974 109.775
-0.0438544 0.0941593 0.99459 105.164 0.0275132 0.995285 -0.0930119 -8.69149 -0.998658 0.0232854 -0.0462383 109.661
-0.0427617 0.0947229 0.994584 105.98 0.0276744 0.995226 -0.0935942 -8.76251 -0.998701 0.0235223 -0.045179 109.596
-0.0410852 0.0972133 0.994415 106.818 0.0293023 0.994945 -0.0960545 -8.83411 -0.998725 0.0251922 -0.0437261 109.523
-0.0430646 0.100042 0.99405 107.653 0.031024 0.994628 -0.0987559 -8.93821 -0.998589 0.0265865 -0.045937 109.516
-0.0442332 0.102104 0.993789 108.484 0.0319871 0.994398 -0.100742 -9.02757 -0.998508 0.0273323 -0.0472514 109.493
-0.044587 0.102509 0.993732 109.298 0.0316118 0.994368 -0.101156 -9.12045 -0.998504 0.0269034 -0.0475764 109.457
-0.0423875 0.103067 0.99377 110.074 0.033463 0.994253 -0.10169 -9.19684 -0.99854 0.0289442 -0.0455928 109.358
-0.0422733 0.105336 0.993537 110.893 0.0358816 0.993945 -0.103853 -9.28168 -0.998461 0.0312595 -0.045797 109.278
-0.0452044 0.108453 0.993073 111.708 0.0349796 0.993652 -0.106924 -9.36879 -0.998364 0.0299039 -0.0487111 109.24
-0.04882 0.109886 0.992744 112.492 0.0313802 0.993608 -0.108438 -9.46218 -0.998313 0.0258586 -0.0519562 109.208
-0.052168 0.109956 0.992566 113.271 0.0330333 0.993566 -0.108331 -9.56303 -0.998091 0.0271363 -0.0554646 109.173
-0.0548948 0.108954 0.992529 114.054 0.0343913 0.993645 -0.107174 -9.65459 -0.997899 0.0282511 -0.058293 109.132
-0.0562156 0.109427 0.992404 114.835 0.0363556 0.993541 -0.107493 -9.76082 -0.997756 0.0300367 -0.0598308 109.073
-0.0593856 0.114506 0.991646 115.63 0.0322411 0.993101 -0.112743 -9.8599 -0.997713 0.0252764 -0.0626677 109.055
-0.0602763 0.121145 0.990803 116.404 0.0300481 0.992378 -0.11951 -9.97493 -0.997728 0.0225682 -0.0634571 108.998
-0.0619792 0.123207 0.990443 117.128 0.0339267 0.992038 -0.121282 -10.0704 -0.9975 0.0260856 -0.0656657 108.946
-0.0641873 0.121289 0.990539 117.933 0.0356131 0.992232 -0.119189 -10.1778 -0.997301 0.0276258 -0.0680083 108.875
-0.0684312 0.113273 0.991204 118.712 0.0329568 0.993248 -0.111231 -10.2857 -0.99711 0.0250553 -0.0717022 108.829
-0.0685706 0.111207 0.991428 119.488 0.0308233 0.993529 -0.109311 -10.3826 -0.997169 0.0230636 -0.0715546 108.743
-0.0681963 0.114874 0.991036 120.266 0.0303476 0.993128 -0.113028 -10.4748 -0.997209 0.0223675 -0.0712138 108.661
-0.0708772 0.118067 0.990472 121.021 0.0282634 0.992809 -0.116323 -10.5762 -0.997084 0.0197495 -0.0737045 108.617
-0.0720475 0.121521 0.98997 121.766 0.0286546 0.992392 -0.119733 -10.6645 -0.996988 0.0197407 -0.0749815 108.552
-0.0719496 0.125134 0.989527 122.492 0.033011 0.991854 -0.123028 -10.7716 -0.996861 0.0238136 -0.0754943 108.471
-0.0737156 0.129402 0.988848 123.228 0.0341889 0.991291 -0.127173 -10.8797 -0.996692 0.024433 -0.0774977 108.415
-0.0769846 0.131821 0.988279 123.979 0.0326128 0.991023 -0.129647 -10.9787 -0.996498 0.0222498 -0.0805926 108.366
-0.0796559 0.129128 0.988423 124.726 0.0309368 0.991416 -0.127026 -11.0953 -0.996341 0.0204603 -0.0829671 108.307
-0.0832139 0.124694 0.988699 125.43 0.0342097 0.991913 -0.12222 -11.2156 -0.995943 0.0236528 -0.0868067 108.231
-0.0882378 0.122379 0.988553 126.157 0.0372102 0.992136 -0.119502 -11.332 -0.995403 0.0262397 -0.0920977 108.158
-0.0939584 0.120292 0.988282 126.897 0.0366537 0.992418 -0.11731 -11.4477 -0.9949 0.025202 -0.0976552 108.078
-0.104622 0.119617 0.987292 127.636 0.0342997 0.992583 -0.116624 -11.5788 -0.993919 0.0216624 -0.107949 108.026
-0.115084 0.120527 0.986016 128.36 0.0336875 0.992514 -0.11739 -11.6724 -0.992783 0.0197069 -0.118282 107.937
-0.127064 0.121895 0.984376 129.084 0.032664 0.992396 -0.118672 -11.7669 -0.991355 0.0170748 -0.130079 107.837
-0.138683 0.122985 0.98267 129.781 0.034675 0.992253 -0.119291 -11.8573 -0.989728 0.0175305 -0.141873 107.719
-0.149756 0.123233 0.981013 130.501 0.0388863 0.992168 -0.118698 -11.9499 -0.987957 0.0203723 -0.153375 107.593
-0.160312 0.127208 0.978835 131.212 0.0450315 0.991571 -0.121488 -11.9819 -0.986037 0.0246025 -0.164689 107.472
-0.169056 0.126961 0.977395 131.912 0.0495051 0.99151 -0.120232 -12.0856 -0.984361 0.0280601 -0.173906 107.331
-0.176965 0.126816 0.976013 132.623 0.0566836 0.991331 -0.118529 -12.19 -0.982582 0.0343485 -0.182619 107.185
-0.187681 0.123124 0.974482 133.304 0.0650382 0.991493 -0.112748 -12.3405 -0.980073 0.0422179 -0.194093 107.115
-0.194368 0.124004 0.973059 134.034 0.0656801 0.991396 -0.113222 -12.4284 -0.978726 0.041904 -0.20084 106.963
-0.198284 0.120889 0.97266 134.731 0.0679222 0.991674 -0.109406 -12.5334 -0.977787 0.0443718 -0.204844 106.798
-0.198268 0.117832 0.973039 135.422 0.0740386 0.991711 -0.105007 -12.6203 -0.977346 0.051223 -0.205349 106.622
-0.198648 0.1162 0.973158 136.136 0.0803106 0.991537 -0.102001 -12.7081 -0.976774 0.0578925 -0.206299 106.466
-0.198945 0.114494 0.973299 136.803 0.0822693 0.991597 -0.0998306 -12.795 -0.97655 0.0602118 -0.206693 106.315
-0.197265 0.119933 0.972986 137.523 0.0849848 0.990844 -0.104905 -12.8789 -0.976659 0.061995 -0.205651 106.162
-0.195377 0.123302 0.972946 138.196 0.0850848 0.990455 -0.108435 -12.9644 -0.977029 0.0615972 -0.204003 106.017
-0.194032 0.123144 0.973235 138.871 0.0872621 0.990323 -0.107909 -13.046 -0.977105 0.0639886 -0.2029 105.872
-0.192135 0.121908 0.973767 139.529 0.0891678 0.990318 -0.106387 -13.1242 -0.977308 0.066388 -0.201145 105.735
-0.187485 0.118121 0.975139 140.196 0.0919848 0.990492 -0.102296 -13.2221 -0.97795 0.070519 -0.196568 105.562
-0.186453 0.118394 0.975304 140.876 0.0918036 0.990468 -0.102685 -13.3113 -0.978164 0.0703905 -0.195545 105.433
-0.182006 0.120422 0.975895 141.548 0.0930682 0.990126 -0.104821 -13.3906 -0.978882 0.0717467 -0.191416 105.277
-0.178023 0.121472 0.9765 142.199 0.0937065 0.989934 -0.10606 -13.4819 -0.979553 0.0726233 -0.187614 105.166
-0.172982 0.122543 0.977272 142.836 0.0981413 0.989436 -0.106697 -13.5312 -0.980022 0.077454 -0.183181 105.057
-0.163429 0.119504 0.97929 143.509 0.0995937 0.989564 -0.104137 -13.629 -0.981514 0.0805121 -0.173625 104.902
-0.158453 0.118843 0.980188 144.143 0.100193 0.989541 -0.10378 -13.6857 -0.982269 0.0817635 -0.168703 104.8
-0.154899 0.118972 0.98074 144.797 0.102061 0.989338 -0.103896 -13.7558 -0.982643 0.0840016 -0.16539 104.709
-0.151411 0.117997 0.981403 145.445 0.102707 0.989353 -0.103108 -13.8338 -0.983119 0.085185 -0.161918 104.617
-0.14699 0.115407 0.982382 146.046 0.104798 0.989397 -0.100551 -13.9112 -0.98357 0.0881716 -0.157526 104.526
-0.143785 0.113217 0.983111 146.643 0.105694 0.989508 -0.098496 -13.9854 -0.983947 0.0897469 -0.154242 104.439
-0.140581 0.111873 0.983728 147.246 0.102616 0.989891 -0.097909 -14.0605 -0.984736 0.0871817 -0.15064 104.35
-0.135848 0.113254 0.984235 147.907 0.100608 0.989886 -0.100018 -14.1443 -0.985607 0.0854347 -0.145869 104.231
-0.130778 0.115996 0.984602 148.5 0.100746 0.989545 -0.103197 -14.219 -0.986278 0.085699 -0.141097 104.15
-0.124631 0.119445 0.984987 149.106 0.102648 0.988953 -0.106938 -14.2896 -0.986878 0.087779 -0.135515 104.063
-0.119302 0.120819 0.985479 149.691 0.100018 0.988981 -0.109141 -14.3599 -0.987806 0.0855451 -0.130071 104.015
-0.109587 0.11946 0.986772 150.277 0.0970441 0.989295 -0.108988 -14.4345 -0.989227 0.0838167 -0.120007 103.943
-0.101969 0.119104 0.987632 150.887 0.0950127 0.989434 -0.109512 -14.4931 -0.990239 0.0826707 -0.112208 103.933
-0.0936747 0.120891 0.988236 151.475 0.0942835 0.989217 -0.112074 -14.5271 -0.991127 0.0826759 -0.104063 103.953
-0.0817469 0.117429 0.989711 152.031 0.0916667 0.989711 -0.109858 -14.6336 -0.992427 0.081743 -0.0916701 103.936
-0.0673975 0.116403 0.990912 152.607 0.0883109 0.989969 -0.110285 -14.7205 -0.993809 0.0800754 -0.0770011 103.929
-0.0491062 0.118363 0.991755 153.199 0.085712 0.98979 -0.113884 -14.7627 -0.995108 0.0794129 -0.0587499 103.915
