1 0 0 0 0 1 0 0 0 0 1 0
0.999992 0.00089259 -0.00388339 -0.0639948 -0.00090498 0.999995 -0.00318982 0.0576891 0.00388052 0.00319331 0.999987 0.121337
0.999955 0.00153983 -0.00939357 -0.109473 -0.00157536 0.999992 -0.00377611 0.0694735 0.00938768 0.00379073 0.999949 0.180458
0.999887 0.00289836 -0.0147661 -0.155169 -0.0029721 0.999983 -0.00497504 0.0811777 0.0147514 0.00501836 0.999879 0.239313
0.99973 0.00364257 -0.0229585 -0.18582 -0.00379892 0.99997 -0.00677014 0.08721 0.0229332 0.00685553 0.999713 0.347655
0.999402 0.0040393 -0.0343384 -0.201144 -0.00432228 0.999957 -0.00817049 0.0896824 0.0343039 0.00831403 0.999377 0.472428
0.99885 0.00291232 -0.0478592 -0.223846 -0.0032716 0.999967 -0.00743037 0.0579642 0.047836 0.0075784 0.998826 0.573961
0.998033 0.00295601 -0.0626195 -0.273998 -0.00342878 0.999966 -0.00744378 0.0578708 0.0625954 0.00764385 0.99801 0.684508
0.996708 0.00147791 -0.0810586 -0.308297 -0.00214228 0.999965 -0.00810975 0.0651741 0.0810438 0.00825671 0.996676 0.833714
0.994959 0.000808307 -0.100279 -0.35214 -0.0016915 0.999961 -0.00872265 0.0739439 0.100268 0.0088483 0.994921 0.971479
0.992429 0.00157026 -0.122813 -0.396673 -0.00270966 0.999955 -0.00911102 0.0754635 0.122793 0.00937482 0.992388 1.15893
0.989134 0.00514808 -0.146925 -0.452996 -0.00677826 0.999921 -0.0105968 0.0719725 0.146858 0.0114776 0.989091 1.32597
0.985336 0.00940211 -0.170368 -0.55125 -0.0117125 0.999853 -0.0125614 0.0755005 0.170225 0.0143727 0.9853 1.47583
0.98048 0.0126876 -0.19621 -0.649401 -0.0155913 0.999791 -0.0132613 0.0706726 0.196001 0.0160616 0.980472 1.65375
0.974818 0.0137195 -0.22258 -0.776952 -0.0170691 0.999768 -0.0131317 0.0679903 0.222348 0.0166003 0.974826 1.82729
0.967885 0.0156843 -0.250902 -0.908114 -0.0194789 0.99973 -0.0126473 0.073313 0.250636 0.0171285 0.96793 1.98815
0.960106 0.0172814 -0.279103 -1.07155 -0.0212024 0.999714 -0.0110357 0.0699534 0.278832 0.0165131 0.960198 2.13178
0.951053 0.0199668 -0.308381 -1.2658 -0.0241091 0.999663 -0.00962776 0.0742606 0.308085 0.0165913 0.951214 2.26671
0.939502 0.0217942 -0.34185 -1.38645 -0.026791 0.999592 -0.00990163 0.0898589 0.341495 0.0184611 0.939702 2.45276
0.927104 0.0249137 -0.373974 -1.53036 -0.0306665 0.999485 -0.00943952 0.100906 0.373547 0.0202199 0.927391 2.60847
0.912588 0.0250966 -0.40811 -1.69241 -0.0315709 0.99946 -0.00913505 0.108942 0.407661 0.0212209 0.912887 2.77748
0.895464 0.0211466 -0.444631 -1.8342 -0.0280437 0.999567 -0.00893919 0.102233 0.444249 0.0204738 0.895669 2.95846
0.875842 0.0168665 -0.482303 -1.98393 -0.0239274 0.999678 -0.00849152 0.0875625 0.482005 0.0189775 0.875963 3.13407
0.852257 0.0168823 -0.522851 -2.14548 -0.0231138 0.999718 -0.00539611 0.0894453 0.522612 0.0166839 0.852407 3.32285
0.824661 0.0233224 -0.565146 -2.34238 -0.028916 0.999581 -0.000943508 0.0772744 0.564888 0.0171198 0.82499 3.50836
0.793401 0.0258252 -0.608151 -2.54243 -0.031747 0.999495 0.0010261 0.0758595 0.607871 0.0184929 0.793821 3.68637
0.759078 0.0254585 -0.650501 -2.75699 -0.0319662 0.999487 0.00181489 0.0757754 0.650214 0.0194164 0.759503 3.86094
0.721353 0.0208128 -0.692254 -2.97883 -0.0257647 0.999663 0.00320728 0.0795386 0.692088 0.0155222 0.721646 4.0185
0.68126 0.0170501 -0.731843 -3.22572 -0.0203035 0.999784 0.00439228 0.079451 0.731759 0.0118667 0.681459 4.16613
0.638537 0.0160284 -0.769424 -3.49609 -0.0172657 0.99983 0.00649953 0.0800718 0.769397 0.00913444 0.638705 4.31699
0.592201 0.0163605 -0.805624 -3.77644 -0.0146635 0.999847 0.00952579 0.0806834 0.805657 0.0061721 0.59235 4.45757
0.542722 0.0160113 -0.839759 -4.07023 -0.0123951 0.999862 0.0110531 0.0899685 0.839821 0.00441016 0.542846 4.58307
0.492102 0.0174381 -0.870363 -4.38753 -0.0137409 0.99983 0.0122629 0.107912 0.870429 0.0059249 0.492258 4.68798
0.439368 0.0195909 -0.898093 -4.71489 -0.0140232 0.99979 0.0149488 0.118877 0.898197 0.0060261 0.43955 4.79575
0.384598 0.0216464 -0.92283 -5.04676 -0.0132706 0.999751 0.0179201 0.121742 0.922989 0.00535451 0.38479 4.89522
0.33091 0.0247679 -0.943337 -5.39603 -0.0119459 0.999685 0.0220569 0.130623 0.943587 0.00397015 0.331101 4.95052
0.279512 0.0257688 -0.959796 -5.7578 -0.0091397 0.999666 0.0241775 0.152531 0.960099 0.00201435 0.279654 4.99148
0.229253 0.0269813 -0.972993 -6.15632 -0.00808452 0.999634 0.0258152 0.144432 0.973333 0.00194795 0.229388 5.04625
0.182732 0.0286648 -0.982745 -6.5977 -0.0125989 0.999561 0.0268126 0.142762 0.983082 0.00748197 0.183013 5.07373
0.140382 0.029082 -0.98967 -7.00783 -0.0138446 0.999528 0.0274079 0.152629 0.99 0.00985398 0.140719 5.09404
0.103144 0.0277867 -0.994278 -7.45206 -0.0167393 0.999516 0.0261966 0.166585 0.994525 0.0139415 0.10356 5.09219
0.0682097 0.0244246 -0.997372 -7.90597 -0.015115 0.999611 0.0234457 0.185863 0.997556 0.013476 0.0685522 5.1045
0.0363218 0.0215457 -0.999108 -8.34853 -0.014988 0.999667 0.0210129 0.195695 0.999228 0.0142114 0.0366325 5.09777
0.0101562 0.0197435 -0.999753 -8.81177 -0.01655 0.999671 0.0195738 0.206456 0.999811 0.0163471 0.0104795 5.06591
-0.0101834 0.016868 -0.999806 -9.31758 -0.0177347 0.999697 0.0170468 0.221818 0.999791 0.0179049 -0.00988129 5.03794
-0.0255416 0.0158455 -0.999548 -9.83593 -0.0181121 0.999703 0.0163108 0.237726 0.99951 0.0185205 -0.0252472 4.99601
-0.0381934 0.0163528 -0.999136 -10.3771 -0.018041 0.999692 0.0170515 0.249574 0.999107 0.0186767 -0.0378868 4.95611
-0.0474579 0.0182302 -0.998707 -10.9087 -0.0204004 0.999607 0.019216 0.246542 0.998665 0.021286 -0.0470675 4.90891
-0.0540717 0.019208 -0.998352 -11.4879 -0.0218192 0.999553 0.0204129 0.257248 0.998299 0.022887 -0.0536287 4.8681
-0.0582206 0.0201696 -0.9981 -12.0762 -0.0226173 0.999512 0.0215175 0.261398 0.998047 0.0238271 -0.0577362 4.824
-0.0600675 0.0212945 -0.997967 -12.6563 -0.0202251 0.999541 0.0225455 0.264272 0.997989 0.0215382 -0.0596095 4.78047
-0.0579214 0.0236412 -0.998041 -13.2893 -0.0192637 0.999507 0.0247939 0.27415 0.998135 0.0206621 -0.0574376 4.72352
-0.0560342 0.024753 -0.998122 -13.9415 -0.0193074 0.999479 0.0258705 0.294551 0.998242 0.0207208 -0.0555273 4.68058
-0.0555961 0.0251234 -0.998137 -14.6042 -0.0213012 0.999426 0.0263423 0.297536 0.998226 0.0227261 -0.0550292 4.64641
-0.0552574 0.0219642 -0.99823 -15.316 -0.021199 0.999507 0.0231658 0.315689 0.998247 0.0224416 -0.0547647 4.61715
-0.0551544 0.0222838 -0.998229 -15.9839 -0.0204931 0.999515 0.0234448 0.322133 0.998267 0.0217499 -0.0546711 4.58925
-0.0530356 0.024591 -0.99829 -16.6855 -0.0197079 0.999476 0.0256672 0.332074 0.998398 0.0210355 -0.0525233 4.54526
-0.0511501 0.0278085 -0.998304 -17.3986 -0.0194004 0.999396 0.0288329 0.343381 0.998502 0.0208423 -0.0505798 4.50092
-0.0498629 0.028214 -0.998357 -18.1433 -0.0191918 0.999389 0.0292017 0.361441 0.998572 0.0206163 -0.0492911 4.45999
-0.0480296 0.0303783 -0.998384 -18.8887 -0.0235085 0.999226 0.0315348 0.326409 0.998569 0.0249851 -0.0472784 4.42157
-0.0469807 0.0275422 -0.998516 -19.6263 -0.0248401 0.999278 0.028732 0.336334 0.998587 0.0261531 -0.0462629 4.38822
-0.0464448 0.0264845 -0.99857 -20.4042 -0.0259686 0.999278 0.0277112 0.359251 0.998583 0.0272185 -0.0457236 4.36167
-0.0439216 0.0303565 -0.998574 -21.187 -0.022537 0.999254 0.0313684 0.340961 0.998781 0.0238826 -0.0432049 4.3093
-0.0422941 0.0319447 -0.998594 -21.9966 -0.0210584 0.999238 0.0328572 0.361747 0.998883 0.0224184 -0.0415894 4.26795
-0.0412333 0.0332384 -0.998596 -22.8269 -0.0206959 0.999204 0.0341132 0.382177 0.998935 0.0220734 -0.0405127 4.23985
-0.0400114 0.0279945 -0.998807 -23.6407 -0.0215188 0.999351 0.0288717 0.402299 0.998967 0.0226483 -0.0393832 4.20193
-0.0401933 0.0209629 -0.998972 -24.4529 -0.0199866 0.999563 0.0217794 0.407786 0.998992 0.0208414 -0.0397569 4.17291
-0.0409518 0.015962 -0.999034 -25.2707 -0.0168377 0.999719 0.0166632 0.424719 0.999019 0.0175038 -0.0406717 4.14897
-0.0407162 0.0171202 -0.999024 -26.0901 -0.0156272 0.99972 0.017769 0.428489 0.999048 0.0163354 -0.0404374 4.1059
-0.0402631 0.0241281 -0.998898 -26.9166 -0.015802 0.999568 0.0247813 0.436306 0.999064 0.0167823 -0.0398646 4.06435
-0.0421101 0.0302226 -0.998656 -27.7651 -0.0159539 0.999394 0.0309176 0.456391 0.998985 0.0172344 -0.0416026 4.0421
-0.0457439 0.0359992 -0.998304 -28.5807 -0.016203 0.999192 0.0367737 0.456892 0.998822 0.0178577 -0.0451238 4.04774
-0.0448347 0.0364847 -0.998328 -29.4325 -0.0166227 0.999167 0.0372619 0.465665 0.998856 0.0182656 -0.0441911 3.97901
-0.0444402 0.0332316 -0.998459 -30.2873 -0.0154319 0.999304 0.0339466 0.477918 0.998893 0.0169167 -0.0438967 3.92383
-0.0446083 0.0305051 -0.998539 -31.1183 -0.0166399 0.999372 0.0312739 0.496579 0.998866 0.0180107 -0.0440729 3.882
-0.044631 0.0312097 -0.998516 -31.9476 -0.0160105 0.999361 0.0319517 0.512076 0.998875 0.0174128 -0.044103 3.83253
-0.0443439 0.0347057 -0.998413 -32.7742 -0.017631 0.999213 0.0355166 0.506091 0.998861 0.019178 -0.0436973 3.78923
-0.0443998 0.0327932 -0.998475 -33.6163 -0.0188236 0.999256 0.0336559 0.523453 0.998836 0.0202892 -0.0437496 3.74619
-0.044483 0.0279786 -0.998618 -34.4476 -0.0200158 0.999382 0.0288916 0.534615 0.998809 0.0212733 -0.0438957 3.711
-0.0433532 0.0243421 -0.998763 -35.293 -0.0216333 0.999446 0.0252978 0.542755 0.998825 0.0227033 -0.0428027 3.6446
-0.0427426 0.0252245 -0.998768 -36.1089 -0.0212746 0.999432 0.0261517 0.55179 0.998859 0.0223662 -0.0421818 3.60698
-0.0430909 0.0277652 -0.998685 -36.9357 -0.017231 0.999444 0.0285298 0.548373 0.998922 0.0184377 -0.0425888 3.57687
-0.0420936 0.0338159 -0.998541 -37.7435 -0.0176093 0.999247 0.0345821 0.536602 0.998958 0.0190393 -0.0414666 3.53163
-0.0422405 0.0404673 -0.998288 -38.6248 -0.0164674 0.999016 0.0411936 0.536115 0.998972 0.0181792 -0.0415327 3.49365
-0.0425248 0.0449534 -0.998084 -39.4595 -0.0163063 0.998823 0.0456814 0.526381 0.998962 0.0182176 -0.0417418 3.45206
-0.0423461 0.045325 -0.998074 -40.3165 -0.0156636 0.998818 0.0460233 0.536076 0.99898 0.0175823 -0.0415862 3.40405
-0.0422134 0.0418562 -0.998232 -41.0939 -0.0152007 0.99898 0.0425304 0.535219 0.998993 0.0169692 -0.0415343 3.381
-0.0416948 0.0369831 -0.998446 -41.9497 -0.0147763 0.999183 0.0376274 0.559607 0.999021 0.0163223 -0.0411144 3.32542
-0.0435049 0.0346002 -0.998454 -42.7456 -0.0201145 0.999167 0.0355014 0.569404 0.99885 0.0216279 -0.0427729 3.32687
-0.0461229 0.0331735 -0.998385 -43.6024 -0.0223622 0.999164 0.0342325 0.58468 0.998685 0.023905 -0.0453427 3.31042
-0.0486965 0.0314815 -0.998317 -44.4195 -0.0201652 0.999269 0.0324951 0.592953 0.99861 0.0217137 -0.0480262 3.29986
-0.0511008 0.0277784 -0.998307 -45.2589 -0.0162159 0.999458 0.0286405 0.609071 0.998562 0.017652 -0.0506229 3.27378
-0.0532534 0.0263375 -0.998234 -46.0983 -0.0115306 0.999569 0.0269879 0.623985 0.998514 0.0129474 -0.052927 3.24592
-0.0550184 0.0287226 -0.998072 -46.933 -0.00985052 0.999522 0.0293074 0.643821 0.998437 0.011444 -0.0547093 3.18728
-0.0550742 0.0324322 -0.997955 -47.7503 -0.00851013 0.999421 0.0329495 0.672362 0.998446 0.0103074 -0.0547664 3.11626
-0.0557791 0.0342314 -0.997856 -48.5497 -0.00629921 0.99938 0.0346358 0.693695 0.998423 0.00821767 -0.055529 3.04683
-0.0571051 0.0335574 -0.997804 -49.3717 -0.00555176 0.999409 0.0339291 0.700165 0.998353 0.0074771 -0.0568852 2.98652
-0.0581159 0.029413 -0.997876 -50.1745 -0.00858998 0.999514 0.0299616 0.706354 0.998273 0.010313 -0.0578352 2.91952
-0.0592687 0.0267746 -0.997883 -50.9775 -0.0141332 0.999518 0.0276579 0.710159 0.998142 0.0157425 -0.0588618 2.85391
-0.0626527 0.024097 -0.997744 -51.7782 -0.017868 0.999521 0.0252619 0.730908 0.997875 0.0194105 -0.0621923 2.81247
-0.06431 0.0241423 -0.997638 -52.5832 -0.017316 0.99953 0.0253043 0.746323 0.997779 0.0189024 -0.0638619 2.74836
-0.0647713 0.0257321 -0.997568 -53.3824 -0.0173162 0.999488 0.0269059 0.752643 0.99775 0.0190168 -0.0642927 2.68149
-0.0663263 0.0245117 -0.997497 -54.173 -0.0141718 0.999574 0.025505 0.758123 0.997697 0.015828 -0.0659509 2.61587
-0.0668075 0.0242031 -0.997472 -54.9544 -0.0152194 0.999565 0.0252732 0.764704 0.99765 0.0168694 -0.0664102 2.55352
-0.0696711 0.0264065 -0.997221 -55.7186 -0.0113226 0.999564 0.0272596 0.758219 0.997506 0.0131904 -0.0693419 2.53461
-0.0707771 0.0297293 -0.997049 -56.4885 -0.0104035 0.999479 0.0305403 0.760828 0.997438 0.0125344 -0.0704311 2.48357
-0.0718198 0.03349 -0.996855 -57.2678 -0.00977688 0.999365 0.0342787 0.773758 0.99737 0.012208 -0.0714469 2.43087
-0.0728822 0.0357916 -0.996698 -58.0409 -0.009632 0.999284 0.0365888 0.783717 0.997294 0.0122669 -0.0724854 2.37212
-0.0743376 0.035958 -0.996585 -58.7923 -0.00906643 0.999284 0.0367316 0.788631 0.997192 0.011766 -0.0739585 2.31819
-0.0757323 0.033722 -0.996558 -59.5245 -0.0073927 0.999382 0.0343794 0.802007 0.997101 0.00997089 -0.0754363 2.26878
-0.0761927 0.0297753 -0.996649 -60.2561 -0.00664733 0.999517 0.0303691 0.820449 0.997071 0.00893896 -0.0759581 2.20575
-0.0760474 0.0271118 -0.996736 -61.0125 -0.00642604 0.999596 0.0276799 0.818131 0.997083 0.00851005 -0.0758426 2.13959
-0.0743361 0.0243898 -0.996935 -61.7446 -0.00641586 0.999668 0.0249351 0.823024 0.997212 0.00824977 -0.0741551 2.07493
-0.073185 0.0211505 -0.997094 -62.4327 -0.00641321 0.999744 0.0216775 0.857875 0.997297 0.00798104 -0.0730308 2.02285
-0.0695266 0.0204873 -0.99737 -63.124 -0.00472932 0.999771 0.0208663 0.869345 0.997568 0.00616765 -0.069414 1.95874
-0.0647038 0.0214103 -0.997675 -63.7879 -0.00185547 0.999765 0.0215755 0.862163 0.997902 0.00324717 -0.064649 1.9259
-0.058249 0.0212951 -0.998075 -64.4168 0.00354626 0.999771 0.0211243 0.86374 0.998295 -0.00230896 -0.0583113 1.88154
-0.0506417 0.0222019 -0.99847 -65.0107 0.00570128 0.999743 0.021941 0.850009 0.9987 -0.00458142 -0.0507554 1.83687
-0.0417734 0.0216734 -0.998892 -65.5849 0.0074637 0.999744 0.0213797 0.858939 0.999099 -0.00656232 -0.0419246 1.83183
-0.0281568 0.023017 -0.999339 -66.2205 0.00509333 0.999725 0.0228824 0.863375 0.99959 -0.00444566 -0.0282665 1.82288
-0.0102306 0.0237624 -0.999665 -66.7933 0.00418338 0.99971 0.0237207 0.867834 0.999938 -0.00393929 -0.0103272 1.82947
0.0111982 0.0246231 -0.999634 -67.3545 0.00429084 0.999686 0.0246724 0.869796 0.999928 -0.00456555 0.0110888 1.84961
0.0357629 0.0254631 -0.999036 -67.8482 0.00672014 0.999646 0.0257192 0.857646 0.999337 -0.00763345 0.0355789 1.89157
0.0637156 0.023601 -0.997689 -68.3912 0.00994975 0.999655 0.0242829 0.879202 0.997918 -0.011474 0.0634586 1.96728
0.097861 0.0247175 -0.994893 -68.863 0.0123929 0.999584 0.026053 0.861971 0.995122 -0.0148792 0.0975136 2.03286
0.132618 0.0260523 -0.990825 -69.2946 0.0127056 0.999528 0.0279817 0.852922 0.991085 -0.0162999 0.132224 2.1806
0.170119 0.02541 -0.985096 -69.7939 0.0141802 0.999501 0.0282304 0.861202 0.985321 -0.0187714 0.169673 2.36126
0.215625 0.0255547 -0.976142 -70.2714 0.0158385 0.999434 0.0296632 0.878316 0.976347 -0.0218567 0.215098 2.48586
0.26222 0.0230565 -0.964733 -70.6899 0.0195731 0.999382 0.0292047 0.896312 0.964809 -0.0265409 0.261607 2.66748
0.31193 0.0181445 -0.949932 -71.1247 0.0272842 0.999234 0.0280456 0.89795 0.949713 -0.0346664 0.311196 2.85827
0.363201 0.0130846 -0.931619 -71.5375 0.0331709 0.999086 0.0269642 0.894271 0.93112 -0.040696 0.362434 3.06048
0.414193 0.00794713 -0.910155 -71.9322 0.0388092 0.998898 0.0263833 0.904139 0.909361 -0.0462502 0.413428 3.30541
0.464512 0.00694209 -0.88554 -72.3479 0.0389947 0.998839 0.028285 0.921472 0.884708 -0.04767 0.463701 3.57162
0.512215 0.00605701 -0.858836 -72.7415 0.0400857 0.998717 0.0309509 0.92851 0.857921 -0.0502805 0.511314 3.85546
0.556912 0.00223254 -0.830569 -73.0843 0.0473079 0.998288 0.0344042 0.932433 0.829223 -0.0584525 0.555853 4.14301
0.600062 -0.00254025 -0.79995 -73.3808 0.0569166 0.997596 0.0395267 0.91371 0.797926 -0.0692488 0.598764 4.4462
0.642034 -0.00701409 -0.766645 -73.7025 0.0579798 0.997539 0.0394292 0.914849 0.764481 -0.0697647 0.640859 4.77696
0.6828 -0.00909702 -0.730549 -74.0168 0.0533679 0.997872 0.0374539 0.89532 0.728654 -0.0645614 0.681832 5.11936
0.722314 -0.0162301 -0.691375 -74.2975 0.0497087 0.998357 0.0284966 0.907721 0.689776 -0.0549509 0.721934 5.48005
0.761311 -0.0160444 -0.648188 -74.5811 0.0417839 0.99883 0.0243524 0.898069 0.647039 -0.0456236 0.76109 5.86258
0.797894 -0.0134671 -0.602648 -74.8114 0.0354724 0.999067 0.024639 0.894422 0.601753 -0.0410366 0.797626 6.26526
0.831064 -0.0151196 -0.555971 -75.0102 0.0342517 0.999124 0.0240283 0.909908 0.555121 -0.039012 0.830854 6.70321
0.861478 -0.0155507 -0.507557 -75.2476 0.0314456 0.999246 0.0227574 0.924502 0.50682 -0.0355654 0.861317 7.1851
0.886758 -0.0151815 -0.461985 -75.4161 0.0301407 0.999232 0.0250173 0.935595 0.461251 -0.0361088 0.886534 7.66157
0.907797 -0.0105786 -0.419277 -75.6133 0.0238883 0.999363 0.0265073 0.953485 0.418729 -0.034079 0.907471 8.20357
0.925613 -0.00307779 -0.37846 -75.7909 0.0140865 0.999554 0.0263231 0.952193 0.37821 -0.0296962 0.925243 8.7611
0.939169 0.00104974 -0.343456 -75.9617 0.00929135 0.999552 0.028462 0.961808 0.343331 -0.0299218 0.938737 9.31959
0.949472 5.76627e-05 -0.313852 -76.1305 0.0102083 0.999465 0.0310661 0.975202 0.313686 -0.0327002 0.948963 9.89535
0.956678 -0.000689991 -0.291149 -76.2651 0.010738 0.9994 0.0329152 0.990332 0.290952 -0.0346156 0.956111 10.5114
0.963037 0.000152844 -0.269371 -76.4445 0.00978887 0.999319 0.0355635 0.99863 0.269193 -0.0368858 0.962379 11.0829
0.967809 0.00213923 -0.251679 -76.5953 0.00798301 0.9992 0.039191 1.00841 0.251562 -0.0399385 0.967016 11.7151
0.971475 0.00616399 -0.237062 -76.7465 0.00373233 0.999141 0.0412743 1.02589 0.237112 -0.0409818 0.970617 12.3633
0.974489 0.00967293 -0.224227 -76.8944 -0.000132393 0.999095 0.0425247 1.04981 0.224435 -0.0414101 0.973608 13.0309
0.977634 0.00806411 -0.210159 -77.0465 0.000875117 0.9991 0.0424079 1.06898 0.210312 -0.0416433 0.976746 13.6557
0.980538 0.00745849 -0.19619 -77.1842 0.000543518 0.999171 0.0407017 1.10757 0.196331 -0.0400162 0.97972 14.3301
0.982861 0.00750169 -0.184196 -77.2835 0.000126484 0.999144 0.0413667 1.13432 0.184349 -0.040681 0.982018 15.0489
0.985358 0.00997275 -0.17021 -77.4042 -0.00289054 0.999122 0.0418059 1.15739 0.170477 -0.0407018 0.98452 15.7575
0.987388 0.00996863 -0.158007 -77.5075 -0.00379149 0.999218 0.0393475 1.17198 0.158276 -0.0382522 0.986653 16.4761
0.989118 0.0101807 -0.146771 -77.6291 -0.00522413 0.999404 0.0341167 1.19122 0.147031 -0.0329787 0.988581 17.2447
0.990591 0.00834697 -0.1366 -77.7293 -0.00463156 0.999611 0.0274946 1.21542 0.136776 -0.0266033 0.990244 17.9694
0.991652 0.00830752 -0.128675 -77.8237 -0.00477289 0.999603 0.0277536 1.23046 0.128855 -0.0269077 0.991298 18.7186
0.992469 0.0104915 -0.122044 -77.9159 -0.00639847 0.999405 0.033881 1.24851 0.122327 -0.0328449 0.991946 19.4933
0.993012 0.0151637 -0.117039 -78.0106 -0.0102241 0.999036 0.0426902 1.25552 0.117574 -0.0411953 0.992209 20.2393
0.993362 0.0155285 -0.113983 -78.0923 -0.0101679 0.998821 0.0474617 1.26485 0.114586 -0.0459877 0.992348 21.0298
0.99368 0.0139081 -0.111387 -78.1634 -0.00875485 0.998874 0.0466206 1.28243 0.111911 -0.0453508 0.992682 21.7698
0.993961 0.0129507 -0.108974 -78.2397 -0.00796265 0.998906 0.0460844 1.30548 0.109451 -0.0449384 0.992975 22.547
0.994359 0.0119523 -0.105392 -78.3279 -0.00693603 0.998831 0.0478348 1.32963 0.10584 -0.0468339 0.993279 23.2967
0.99455 0.010455 -0.103738 -78.3949 -0.00528339 0.998735 0.0500034 1.35033 0.104129 -0.0491828 0.993346 24.0605
0.994853 0.00848483 -0.100977 -78.4644 -0.0032669 0.998656 0.0517279 1.36923 0.101281 -0.0511317 0.993542 24.829
0.994957 0.00808435 -0.0999753 -78.519 -0.00322789 0.998811 0.0486434 1.38116 0.10025 -0.0480753 0.993799 25.5888
0.995265 0.0136037 -0.0962433 -78.6258 -0.00974543 0.999134 0.0404455 1.39977 0.0967103 -0.039316 0.994535 26.3443
0.995412 0.0142563 -0.0946153 -78.7049 -0.0112971 0.999432 0.0317387 1.42836 0.0950142 -0.0305243 0.995007 27.1044
0.995522 0.0147533 -0.0933743 -78.7912 -0.0121809 0.999532 0.0280591 1.43976 0.0937447 -0.026796 0.995235 27.9118
0.995708 0.0151073 -0.0913102 -78.8623 -0.0124195 0.999475 0.0299321 1.45517 0.0917146 -0.0286696 0.995372 28.6544
0.99579 0.0166767 -0.0901411 -78.9279 -0.0136564 0.999328 0.0340205 1.46621 0.090648 -0.0326462 0.995347 29.4314
0.995795 0.0218625 -0.088961 -78.9967 -0.018519 0.999097 0.0382373 1.48117 0.0897168 -0.036429 0.9953 30.2006
0.996005 0.0199207 -0.0870479 -79.0571 -0.0165792 0.999104 0.038943 1.5061 0.0877458 -0.0373442 0.995442 30.9741
0.996139 0.0167744 -0.0861744 -79.1261 -0.0135269 0.999181 0.0381316 1.5197 0.0867436 -0.0368187 0.995549 31.6974
0.996133 0.0153802 -0.0865082 -79.1769 -0.0121269 0.999204 0.038008 1.52964 0.087024 -0.0368119 0.995525 32.4577
0.996354 0.0139956 -0.084164 -79.2881 -0.0110775 0.999325 0.0350387 1.55737 0.0845977 -0.0339787 0.995835 33.2217
0.996448 0.0118165 -0.0833847 -79.3635 -0.00907744 0.999409 0.033152 1.59077 0.0837273 -0.0322773 0.995965 33.9666
0.996543 0.0112212 -0.0823249 -79.43 -0.00858583 0.999442 0.032296 1.61918 0.0826415 -0.0314775 0.996081 34.7583
0.99652 0.0123993 -0.0824282 -79.4872 -0.0096545 0.999388 0.0336147 1.62626 0.0827947 -0.032702 0.996029 35.5547
0.996484 0.0155341 -0.0823344 -79.5563 -0.0129274 0.999401 0.0320993 1.63233 0.0827839 -0.0309221 0.996087 36.3259
0.996371 0.0163136 -0.0835372 -79.646 -0.0138202 0.999444 0.0303396 1.67167 0.0839858 -0.029075 0.996042 37.0582
0.996287 0.0187247 -0.0840325 -79.7411 -0.0162314 0.99941 0.0302566 1.68622 0.0845497 -0.0287803 0.996003 37.8169
0.995748 0.0214116 -0.0895979 -79.7651 -0.0187134 0.999349 0.0308473 1.67791 0.0902002 -0.0290395 0.995499 38.6518
0.995284 0.0255898 -0.0935637 -79.8362 -0.0228257 0.999274 0.030494 1.67947 0.0942762 -0.0282146 0.995145 39.4247
0.995121 0.0231861 -0.0959036 -79.9506 -0.0205952 0.999398 0.0279185 1.65889 0.0964933 -0.0258071 0.994998 40.2074
0.994963 0.0218057 -0.0978442 -80.0527 -0.0195282 0.999517 0.0241746 1.686 0.0983242 -0.0221421 0.994907 40.982
0.994651 0.0205857 -0.101221 -80.1212 -0.0184 0.999578 0.0224802 1.70034 0.101641 -0.0204975 0.994609 41.7881
0.994584 0.0196881 -0.102055 -80.2414 -0.0172602 0.999548 0.0246192 1.70167 0.102494 -0.0227243 0.994473 42.6497
0.994161 0.0189378 -0.106237 -80.3 -0.0164379 0.999568 0.0243576 1.71987 0.106652 -0.0224691 0.994042 43.4968
0.994314 0.0175059 -0.105038 -80.4383 -0.0149741 0.999579 0.0248445 1.74872 0.105429 -0.0231304 0.994157 44.3311
0.994213 0.0174654 -0.105999 -80.5366 -0.0143629 0.999448 0.0299624 1.74206 0.106464 -0.0282666 0.993914 45.1757
0.994043 0.016855 -0.107675 -80.6316 -0.013053 0.99927 0.0359173 1.74883 0.108202 -0.0342978 0.993536 46.0345
0.993824 0.0178303 -0.109529 -80.6903 -0.0138648 0.999224 0.0368603 1.7713 0.110101 -0.035114 0.993299 46.8853
0.994036 0.0208598 -0.107036 -80.799 -0.0170256 0.999185 0.0366109 1.79542 0.107713 -0.0345702 0.99358 47.7583
0.994344 0.0195943 -0.104386 -80.9085 -0.0159746 0.999246 0.0353998 1.82253 0.105001 -0.033532 0.993906 48.6088
0.994475 0.017881 -0.103442 -80.9869 -0.0146674 0.999389 0.0317441 1.85156 0.103946 -0.0300515 0.994128 49.4793
0.994688 0.0152908 -0.10179 -81.0767 -0.0123365 0.999486 0.0295899 1.87254 0.102191 -0.028177 0.994365 50.3513
0.994868 0.0122824 -0.10043 -81.163 -0.00928698 0.9995 0.030239 1.88738 0.100752 -0.0291512 0.994484 51.2276
0.995077 0.00886635 -0.0987047 -81.2714 -0.00559855 0.999429 0.0333348 1.90108 0.098944 -0.0326181 0.994558 52.1029
0.995214 0.00611196 -0.0975291 -81.3688 -0.00253393 0.999321 0.0367686 1.9042 0.0976877 -0.0363454 0.994553 52.9593
0.995294 0.0053557 -0.0967508 -81.4562 -0.00177231 0.999311 0.0370854 1.91856 0.0968828 -0.0367394 0.994617 53.825
0.995301 0.00621507 -0.0966319 -81.535 -0.00294935 0.999421 0.0339017 1.93515 0.0967867 -0.0334574 0.994742 54.7289
0.995494 0.00848132 -0.0944438 -81.6531 -0.0057462 0.999557 0.0291948 1.92884 0.0946497 -0.0285205 0.995101 55.5851
0.99566 0.0110195 -0.0924073 -81.7657 -0.00896094 0.999703 0.0226627 1.95127 0.0926297 -0.0217363 0.995463 56.4187
0.995739 0.0167889 -0.0906727 -81.8707 -0.0154951 0.999768 0.014954 1.97659 0.0909029 -0.0134853 0.995768 57.2956
0.995932 0.0161226 -0.0886525 -81.9742 -0.0148834 0.999783 0.0146218 1.97237 0.0888691 -0.0132429 0.995955 58.1226
0.996069 0.0129851 -0.087621 -82.0604 -0.0110842 0.999694 0.0221462 1.96163 0.0878818 -0.021088 0.995907 59.0077
0.99615 0.0133858 -0.0866383 -82.1604 -0.010695 0.999448 0.0314482 1.96621 0.0870116 -0.0304005 0.995743 59.9045
0.99606 0.0127822 -0.0877623 -82.2431 -0.00945592 0.999225 0.0382133 1.97735 0.0881829 -0.0372328 0.995408 60.7283
0.995752 0.0129215 -0.0911722 -82.3076 -0.00960177 0.999278 0.0367572 1.96611 0.0915815 -0.0357256 0.995156 61.5639
0.995794 0.0086312 -0.0912137 -82.4101 -0.00550793 0.999392 0.0344377 1.96218 0.0914556 -0.0337904 0.995235 62.4134
0.995207 0.0055671 -0.0976315 -82.4501 -0.00216968 0.99939 0.0348701 1.95042 0.0977662 -0.0344912 0.994611 63.2529
0.99507 0.00535364 -0.0990361 -82.5666 -0.0020602 0.999443 0.0333274 1.95221 0.0991594 -0.0329591 0.994525 64.0776
0.994744 0.00629063 -0.102201 -82.6614 -0.00319108 0.999531 0.0304631 1.95866 0.102345 -0.0299769 0.994296 64.9311
0.994435 0.00764863 -0.105079 -82.7678 -0.00486023 0.99963 0.0267668 1.975 0.105245 -0.0261071 0.994103 65.7567
0.993911 0.00870613 -0.109842 -82.8542 -0.00630932 0.999735 0.0221493 1.99393 0.110006 -0.0213214 0.993702 66.553
0.993331 0.0163055 -0.114141 -82.9536 -0.0138258 0.999652 0.0224835 1.98655 0.114468 -0.0207555 0.993209 67.3442
0.993289 0.0186548 -0.114143 -83.1049 -0.0161616 0.999611 0.0227294 2.01411 0.114522 -0.0207322 0.993204 68.159
0.992476 0.0204722 -0.120713 -83.183 -0.0171583 0.999449 0.0284283 2.02296 0.121229 -0.0261432 0.992279 68.9812
0.991884 0.0215696 -0.125305 -83.2999 -0.0172606 0.999225 0.0353727 2.01637 0.125971 -0.0329228 0.991487 69.7591
0.991276 0.021356 -0.130061 -83.4127 -0.0165041 0.999131 0.0382688 2.03539 0.130766 -0.0357884 0.990766 70.5685
0.990395 0.0219667 -0.136515 -83.5313 -0.0171058 0.999181 0.0366789 2.0794 0.137209 -0.0339914 0.989958 71.3563
0.98959 0.0216195 -0.14228 -83.6492 -0.0164682 0.999169 0.0372846 2.13156 0.142968 -0.0345534 0.989123 72.133
0.988681 0.0212999 -0.148512 -83.7783 -0.0160395 0.999204 0.0365293 2.15026 0.149172 -0.0337338 0.988235 72.9159
0.98768 0.02716 -0.154113 -83.9225 -0.0217724 0.999095 0.0365394 2.14536 0.154966 -0.0327338 0.987377 73.6936
0.986869 0.0267289 -0.159293 -84.07 -0.0225071 0.999348 0.0282494 2.20875 0.159944 -0.0242933 0.986826 74.4605
0.985976 0.0256363 -0.164909 -84.2145 -0.0217347 0.999441 0.0254207 2.21589 0.165468 -0.0214799 0.98598 75.2059
0.985094 0.0274096 -0.169817 -84.3636 -0.0236713 0.999432 0.0239996 2.21992 0.170379 -0.019622 0.985182 75.966
0.984186 0.0299931 -0.174582 -84.514 -0.0252594 0.999252 0.0292744 2.22956 0.17533 -0.0244016 0.984206 76.7337
0.983075 0.0327312 -0.180256 -84.668 -0.0273983 0.999113 0.0319963 2.2445 0.181144 -0.0265161 0.983098 77.4964
0.982273 0.0339065 -0.184365 -84.8519 -0.0280707 0.999022 0.0341728 2.24196 0.185344 -0.0283917 0.982263 78.2339
0.981102 0.0309029 -0.191009 -85.0163 -0.0257631 0.999238 0.0293342 2.26248 0.19177 -0.0238589 0.981149 79.0043
0.979066 0.0314434 -0.2011 -85.1398 -0.027281 0.999353 0.023437 2.26512 0.201707 -0.0174602 0.979289 79.7647
0.976812 0.0273761 -0.212341 -85.2851 -0.0233177 0.999495 0.0215935 2.27714 0.212825 -0.0161415 0.976956 80.5255
0.97495 0.0256469 -0.220941 -85.4956 -0.0211026 0.999515 0.0229043 2.29582 0.221421 -0.0176681 0.975017 81.228
0.972484 0.0264278 -0.231464 -85.6923 -0.0201735 0.999366 0.0293466 2.30475 0.232092 -0.0238697 0.9724 81.9593
0.969899 0.026647 -0.242044 -85.9031 -0.0184736 0.999182 0.0359759 2.32611 0.242804 -0.0304216 0.969597 82.6758
0.967291 0.0264924 -0.252281 -86.1236 -0.0167398 0.99903 0.0407262 2.30582 0.253116 -0.035171 0.966796 83.4113
0.964099 0.031631 -0.263651 -86.3386 -0.0228533 0.99908 0.0362946 2.30575 0.264557 -0.0289663 0.963934 84.1702
0.960575 0.0306052 -0.276331 -86.5467 -0.0237707 0.999324 0.0280494 2.31217 0.277002 -0.020375 0.960652 84.8827
0.957183 0.0290082 -0.288027 -86.7783 -0.0232501 0.999456 0.023393 2.32429 0.288549 -0.0156947 0.957336 85.5886
0.952968 0.028438 -0.301735 -86.9886 -0.0210334 0.999393 0.0277618 2.33498 0.302341 -0.0201096 0.952987 86.3032
0.949307 0.0298469 -0.312931 -87.2406 -0.0194374 0.999151 0.0363322 2.32745 0.31375 -0.0284078 0.94908 87.0311
0.944977 0.0306176 -0.325702 -87.4836 -0.0181951 0.998989 0.0411196 2.33734 0.326632 -0.0329308 0.944577 87.7489
0.941987 0.0289128 -0.334402 -87.8023 -0.0161115 0.99903 0.0409923 2.32694 0.335263 -0.0332264 0.941538 88.4376
0.937591 0.0271463 -0.346678 -88.062 -0.0156994 0.999236 0.0357851 2.34654 0.347385 -0.0281092 0.937301 89.1516
0.934479 0.0236096 -0.355236 -88.3445 -0.0142353 0.999479 0.0289801 2.35315 0.355734 -0.0220244 0.934327 89.8456
0.931611 0.0200389 -0.362904 -88.6251 -0.0123716 0.999649 0.0234397 2.35476 0.363246 -0.017347 0.931531 90.5518
0.929285 0.0186188 -0.368894 -88.9356 -0.0112159 0.999691 0.0222023 2.37196 0.369194 -0.0164948 0.929205 91.1836
0.926198 0.0204379 -0.376482 -89.2473 -0.0132191 0.999676 0.021748 2.38755 0.376804 -0.0151662 0.926168 91.8847
0.923353 0.025073 -0.383134 -89.5583 -0.0162881 0.999525 0.0261565 2.34901 0.383608 -0.0179112 0.923322 92.5665
0.919958 0.0260375 -0.391151 -89.8636 -0.014656 0.999379 0.0320553 2.37216 0.391742 -0.0237568 0.919767 93.284
0.917529 0.03105 -0.396455 -90.1899 -0.0159525 0.999019 0.0413229 2.37068 0.397349 -0.0315905 0.917123 93.9593
0.91504 0.0385445 -0.401518 -90.5359 -0.020833 0.998612 0.0483865 2.39086 0.402825 -0.0359107 0.914571 94.6431
0.912818 0.0472237 -0.405626 -90.8951 -0.030905 0.998431 0.0466908 2.40031 0.407195 -0.0300844 0.912845 95.3227
0.910306 0.0469068 -0.411269 -91.219 -0.0339937 0.998674 0.0386608 2.40384 0.412537 -0.0212126 0.910693 96.0343
0.90845 0.03822 -0.416243 -91.5296 -0.0275621 0.999121 0.0315866 2.4205 0.417085 -0.0172223 0.908704 96.7096
0.906575 0.0379993 -0.420331 -91.8695 -0.0271513 0.999127 0.0317641 2.43389 0.421171 -0.0173841 0.906814 97.4208
0.903533 0.043038 -0.426353 -92.196 -0.0304975 0.998879 0.0362008 2.4502 0.427433 -0.019706 0.903832 98.1596
0.900483 0.0467072 -0.432376 -92.5213 -0.0323207 0.998654 0.0405668 2.46552 0.433689 -0.022555 0.900779 98.8205
0.897877 0.0418103 -0.438257 -92.8553 -0.0282029 0.998898 0.0375157 2.4869 0.439343 -0.0213243 0.898066 99.5075
0.894577 0.0371877 -0.445364 -93.1874 -0.0270266 0.99921 0.0291468 2.52981 0.446096 -0.0140374 0.894874 100.228
0.89173 0.0333109 -0.451341 -93.5316 -0.0265299 0.99942 0.0213456 2.55818 0.45179 -0.00706046 0.892096 100.95
0.889055 0.0332118 -0.456594 -93.8918 -0.0277007 0.99944 0.0187602 2.58012 0.456961 -0.00403089 0.889477 101.639
0.886554 0.0327259 -0.461467 -94.2543 -0.0256237 0.999437 0.0216499 2.60288 0.461916 -0.00736933 0.886892 102.334
0.885743 0.0365582 -0.462734 -94.6706 -0.0292064 0.999308 0.0230446 2.61637 0.463257 -0.00689679 0.886197 102.967
0.883224 0.0365393 -0.467526 -95.0285 -0.0297214 0.999317 0.0219531 2.64217 0.468009 -0.005494 0.883706 103.633
0.880911 0.0359668 -0.471913 -95.3929 -0.0301007 0.999347 0.0199767 2.65331 0.472324 -0.00339273 0.881418 104.3
0.879231 0.0355022 -0.475071 -95.7789 -0.0297674 0.999365 0.0195913 2.66266 0.475465 -0.00308365 0.879729 104.965
0.877038 0.0337805 -0.479232 -96.1562 -0.0272491 0.999417 0.0205794 2.65324 0.479648 -0.00499028 0.877446 105.634
0.874599 0.0353749 -0.483555 -96.5409 -0.0287026 0.999363 0.0211953 2.65713 0.483997 -0.00465813 0.875057 106.325
0.872415 0.0352526 -0.487493 -96.9154 -0.0286181 0.999369 0.0210537 2.66552 0.487927 -0.00441645 0.872872 106.952
0.869867 0.030646 -0.492334 -97.2951 -0.0252553 0.999526 0.0175953 2.66281 0.49264 -0.00287154 0.870228 107.628
0.868044 0.0269153 -0.495757 -97.6836 -0.0238471 0.999637 0.0125167 2.65842 0.495914 0.000957266 0.86837 108.264
0.864438 0.0240274 -0.502164 -98.0272 -0.0216223 0.99971 0.0106127 2.65385 0.502274 0.00168388 0.864706 108.938
0.861859 0.0233022 -0.506613 -98.3844 -0.0180656 0.999721 0.0152497 2.63057 0.506827 -0.00399083 0.862038 109.57
0.8599 0.023826 -0.509907 -98.7655 -0.0126238 0.999597 0.0254188 2.59893 0.510307 -0.0154206 0.859853 110.213
0.858723 0.024451 -0.511856 -99.1518 -0.00654207 0.999303 0.0367607 2.57391 0.512398 -0.0282186 0.858283 110.839
0.857372 0.0210101 -0.514268 -99.5311 0.000268025 0.999148 0.0412665 2.60956 0.514697 -0.0355186 0.856635 111.421
0.854534 0.0172249 -0.51911 -99.8705 0.00489082 0.999139 0.0412041 2.61368 0.519373 -0.0377492 0.853713 112.053
0.853175 0.0151431 -0.521405 -100.249 0.0041974 0.999347 0.0358921 2.65436 0.521609 -0.0328108 0.852553 112.647
0.851468 0.0125413 -0.524256 -100.601 0.00521871 0.999462 0.0323852 2.67318 0.524381 -0.0303109 0.850944 113.204
0.84981 0.0126376 -0.526937 -100.939 0.00505098 0.999472 0.0321163 2.65917 0.527064 -0.0299543 0.849297 113.748
0.849027 0.0107557 -0.52824 -101.286 0.00591351 0.999537 0.0298566 2.6966 0.528317 -0.0284728 0.848569 114.256
0.847927 0.0104944 -0.530008 -101.628 0.00668293 0.999513 0.0304824 2.70895 0.53007 -0.0293889 0.847443 114.775
0.846177 0.00962831 -0.532815 -101.941 0.00953276 0.999403 0.0331991 2.69602 0.532817 -0.0331715 0.845579 115.272
0.844864 0.00821127 -0.534918 -102.251 0.011952 0.999343 0.0342177 2.69611 0.534848 -0.0353026 0.84421 115.75
0.844311 0.00922005 -0.535774 -102.545 0.0109562 0.999346 0.0344632 2.69847 0.535741 -0.0349677 0.843657 116.149
0.843 0.0106142 -0.537809 -102.825 0.0103698 0.999299 0.0359766 2.64526 0.537813 -0.0359053 0.842298 116.584
0.842162 0.00932627 -0.539143 -103.111 0.00882891 0.999478 0.0310804 2.68041 0.539152 -0.0309348 0.841639 116.976
0.840839 0.00942832 -0.541203 -103.373 0.00830255 0.999506 0.0303117 2.6219 0.541222 -0.0299806 0.840344 117.347
0.839246 0.0062277 -0.543716 -103.66 0.0112954 0.999519 0.0288833 2.61319 0.543635 -0.0303817 0.838771 117.733
0.837429 0.00288503 -0.546539 -103.927 0.015872 0.999436 0.0295955 2.60947 0.546316 -0.0334587 0.83691 118.073
0.833713 0.00416167 -0.552181 -104.157 0.0156791 0.99939 0.0312053 2.61087 0.551975 -0.0346739 0.833139 118.427
0.829614 0.00774369 -0.558283 -104.404 0.012763 0.99938 0.0328278 2.61608 0.558191 -0.0343598 0.829 118.796
0.82641 0.0135502 -0.562906 -104.649 0.00889322 0.999272 0.0371107 2.62239 0.562999 -0.0356747 0.825687 119.103
0.822153 0.0184428 -0.568968 -104.846 0.00762391 0.999029 0.0433995 2.63562 0.569216 -0.0400188 0.821213 119.384
0.817681 0.0204067 -0.575309 -105.054 0.00859842 0.998827 0.0476501 2.634 0.575607 -0.0439093 0.816546 119.645
0.812944 0.018255 -0.582055 -105.261 0.0125585 0.998727 0.0488632 2.6365 0.582206 -0.0470328 0.811679 119.884
0.805657 0.0164512 -0.592153 -105.442 0.016201 0.998629 0.0497863 2.63711 0.59216 -0.0497041 0.804285 120.146
0.797837 0.01378 -0.602715 -105.644 0.0196801 0.998611 0.0488828 2.66622 0.602551 -0.050862 0.796457 120.348
0.787999 0.0137521 -0.615522 -105.834 0.0204973 0.998611 0.048552 2.68019 0.615335 -0.0508755 0.786622 120.552
0.77546 0.0147785 -0.631224 -105.997 0.0191534 0.998716 0.0469124 2.69417 0.631107 -0.0484687 0.77418 120.732
0.763287 0.0141055 -0.645905 -106.188 0.0185223 0.998873 0.0437022 2.6931 0.645794 -0.045321 0.762165 120.851
0.749342 0.0118607 -0.662077 -106.367 0.0180301 0.999104 0.0383049 2.69488 0.661938 -0.0406408 0.748455 120.991
0.7345 0.00816194 -0.67856 -106.52 0.0187226 0.999304 0.032286 2.69913 0.678351 -0.0364184 0.733834 121.116
0.719556 0.00855031 -0.694382 -106.7 0.0150191 0.999499 0.027871 2.70562 0.694272 -0.0304838 0.719066 121.25
0.704649 0.0118297 -0.709458 -106.897 0.00827024 0.999657 0.0248828 2.71524 0.709508 -0.023401 0.704308 121.383
0.688725 0.0133766 -0.724899 -107.088 0.00583709 0.999696 0.0239933 2.72985 0.724999 -0.0207561 0.688437 121.5
0.670213 0.012387 -0.742065 -107.235 0.0093416 0.999641 0.0251237 2.72887 0.74211 -0.0237703 0.669856 121.605
0.650842 0.01203 -0.759118 -107.41 0.0123013 0.999577 0.0263874 2.73018 0.759114 -0.0265121 0.650417 121.719
0.629076 0.0141478 -0.777215 -107.582 0.0125123 0.999521 0.028322 2.7318 0.777242 -0.0275415 0.628597 121.821
0.607247 0.0176619 -0.794316 -107.802 0.00877385 0.999543 0.0289327 2.75931 0.794464 -0.0245385 0.606814 121.907
0.584178 0.021484 -0.811341 -107.995 0.00717716 0.999474 0.0316334 2.76543 0.811593 -0.0243027 0.583716 121.985
0.560353 0.0246023 -0.827888 -108.183 0.00572775 0.99942 0.0335766 2.76817 0.828234 -0.0235567 0.559886 122.049
0.537082 0.0305914 -0.842975 -108.372 0.003122 0.999264 0.0382521 2.72986 0.843524 -0.0231763 0.53659 122.084
0.512594 0.0331517 -0.857991 -108.597 -0.00103542 0.999278 0.0379923 2.76248 0.85863 -0.0185862 0.512257 122.144
0.486087 0.0377415 -0.873095 -108.791 -0.00294804 0.999133 0.0415484 2.74197 0.873905 -0.0176222 0.485776 122.196
0.458789 0.0364771 -0.887796 -108.99 -0.00256113 0.999207 0.0397312 2.75859 0.888541 -0.0159545 0.458518 122.239
0.428373 0.0331052 -0.902995 -109.223 -0.00145733 0.999353 0.0359464 2.7613 0.9036 -0.0140825 0.428143 122.295
0.395 0.0292355 -0.918216 -109.453 -0.000788995 0.999504 0.0314843 2.76185 0.91868 -0.0117118 0.394827 122.349
0.356652 0.026788 -0.933853 -109.691 0.00127064 0.999574 0.0291585 2.76485 0.934236 -0.0115861 0.356466 122.401
0.31473 0.0258296 -0.94883 -109.939 0.00178627 0.999612 0.0278045 2.77466 0.949179 -0.0104458 0.314561 122.467
0.269662 0.0225169 -0.962691 -110.228 0.00272113 0.999705 0.0241448 2.80503 0.962951 -0.00913057 0.269521 122.542
0.223835 0.0229373 -0.974357 -110.517 0.00491948 0.999684 0.0246637 2.77624 0.974614 -0.0103139 0.22365 122.558
0.174347 0.020629 -0.984468 -110.84 0.00441519 0.999754 0.0217313 2.79806 0.984674 -0.00813542 0.174213 122.586
0.12494 0.0190994 -0.99198 -111.16 0.00444043 0.999794 0.0198091 2.81886 0.992154 -0.00687979 0.124829 122.584
0.0727564 0.0204832 -0.997139 -111.506 0.00610972 0.999761 0.0209829 2.82351 0.99733 -0.0076189 0.0726135 122.571
0.0195113 0.0222302 -0.999562 -111.858 0.00933754 0.999705 0.0224157 2.83404 0.999765 -0.00977083 0.0192976 122.545
-0.0341741 0.0237496 -0.999134 -112.222 0.0123843 0.999651 0.0233383 2.84354 0.999338 -0.011576 -0.0344566 122.497
-0.0867297 0.024772 -0.995924 -112.58 0.0150468 0.99961 0.0235534 2.85075 0.996117 -0.0129427 -0.0870688 122.419
-0.140517 0.0261244 -0.989733 -113.002 0.018375 0.999549 0.0237747 2.85983 0.989907 -0.0148456 -0.140934 122.333
-0.190748 0.0281869 -0.981234 -113.405 0.020799 0.99948 0.0246678 2.85974 0.981418 -0.0157033 -0.191235 122.198
-0.24069 0.0294263 -0.970156 -113.791 0.0238967 0.999417 0.0243852 2.86753 0.970307 -0.0173143 -0.241253 122.073
-0.288766 0.0307838 -0.956905 -114.22 0.0287974 0.99931 0.0234578 2.8819 0.956966 -0.0207826 -0.289454 121.899
-0.335327 0.0327756 -0.941531 -114.633 0.0346715 0.999147 0.022433 2.87899 0.941463 -0.0251219 -0.336177 121.705
-0.378048 0.0340377 -0.92516 -115.054 0.0387991 0.999029 0.0209009 2.88717 0.924972 -0.0279939 -0.379001 121.455
-0.420371 0.0346394 -0.906691 -115.508 0.0415777 0.998957 0.0188877 2.892 0.906399 -0.0297583 -0.421372 121.21
-0.458831 0.0360837 -0.88779 -115.962 0.044475 0.998856 0.0176121 2.88888 0.887409 -0.0314035 -0.459911 120.936
-0.489933 0.0368849 -0.87098 -116.42 0.045784 0.998815 0.0165447 2.88649 0.870556 -0.0317711 -0.49104 120.547
-0.520115 0.0375874 -0.853269 -116.885 0.0465293 0.998795 0.0156357 2.87921 0.852827 -0.0315696 -0.521237 120.283
-0.539267 0.0359218 -0.841368 -117.317 0.0426132 0.998974 0.0153382 2.86548 0.841055 -0.027582 -0.540245 119.881
-0.555985 0.034723 -0.830467 -117.791 0.0416965 0.999035 0.0138559 2.87202 0.830145 -0.0269239 -0.556896 119.519
-0.571301 0.034304 -0.820023 -118.311 0.0412925 0.999063 0.0130257 2.89177 0.8197 -0.0264192 -0.572181 119.174
-0.581285 0.0357429 -0.812914 -118.807 0.0440435 0.998953 0.012429 2.90093 0.812506 -0.0285788 -0.58225 118.775
-0.592879 0.0374744 -0.804419 -119.352 0.042746 0.998973 0.015033 2.85113 0.804155 -0.0254729 -0.593872 118.403
-0.599888 0.04046 -0.79906 -119.877 0.0508732 0.998629 0.0123723 2.93375 0.798464 -0.0332287 -0.601124 117.977
-0.605971 0.0402351 -0.794469 -120.429 0.0492792 0.998701 0.0129912 2.93505 0.793958 -0.0312785 -0.607166 117.534
