1 0 0 0 0 1 0 0 0 0 1 0
0.999999 0.00103164 0.00069392 -0.0320646 -0.00103566 0.999983 0.00581485 -0.0829351 -0.000687909 -0.00581556 0.999983 0.693749
0.999994 0.00337125 0.000829596 -0.0463907 -0.00337672 0.999972 0.00669138 -0.11605 -0.000807015 -0.00669415 0.999977 1.4649
0.999991 0.00433333 2.62056e-05 -0.0337233 -0.0043334 0.99998 0.00460245 -0.0905036 -6.26121e-06 -0.00460252 0.999989 2.25195
0.999988 0.00366661 -0.00322938 0.00294479 -0.00366709 0.999993 -0.00014238 -0.0184097 0.00322884 0.000154221 0.999995 3.02109
0.999944 0.00840576 -0.00633718 0.210989 -0.00841762 0.999963 -0.00184819 0.022151 0.00632141 0.00190143 0.999978 3.96338
0.99994 0.00766547 -0.00775235 0.231636 -0.0076768 0.999969 -0.0014328 0.0112818 0.00774113 0.00149223 0.999969 4.70659
0.999922 0.00826366 -0.00936171 0.268582 -0.00825473 0.999965 0.000992686 0.0048689 0.00936959 -0.00091533 0.999956 5.42389
0.999908 0.0074427 -0.0112908 0.32646 -0.00738303 0.999959 0.00531735 -0.015727 0.0113299 -0.00523351 0.999922 6.10034
0.999932 0.0066338 -0.00952686 0.303454 -0.00655791 0.999947 0.00797496 -0.0158616 0.00957926 -0.00791195 0.999923 6.77588
0.999952 0.00596276 -0.00777928 0.287448 -0.00588718 0.999936 0.00970233 -0.022343 0.00783663 -0.00965607 0.999923 7.44073
0.999965 0.00637102 -0.00536044 0.258192 -0.00632215 0.999939 0.0090843 -0.0275423 0.00541799 -0.00905009 0.999944 8.08622
0.999972 0.00718413 -0.00177355 0.204498 -0.00717476 0.999961 0.00523441 -0.0176715 0.00181108 -0.00522154 0.999985 8.72757
0.999978 0.00655788 -0.000689714 0.195836 -0.006556 0.999975 0.00270046 -0.0323677 0.000707404 -0.00269588 0.999996 9.27853
0.999828 0.00665789 0.0173123 -0.0309957 -0.00661613 0.999975 -0.00246811 0.0306772 -0.0173283 0.00235314 0.999847 10.0418
0.999836 0.00374646 0.0176853 0.0127183 -0.00365723 0.99998 -0.00507534 0.0239542 -0.017704 0.00500983 0.999831 10.5282
0.999813 0.00270948 0.0191242 0.0305443 -0.00259169 0.999978 -0.00618126 0.00942791 -0.0191405 0.00613055 0.999798 10.9429
0.999748 0.00723403 0.0212377 0.0533656 -0.0070648 0.999943 -0.00803239 -0.00686472 -0.0212946 0.00788033 0.999742 11.4164
0.999568 0.01271 0.0264961 0.0212448 -0.0124526 0.999874 -0.00985378 -0.000550355 -0.026618 0.00951958 0.9996 11.8252
0.999512 0.0114852 0.0290404 0.0475667 -0.0112579 0.999905 -0.00797974 -0.0400088 -0.0291293 0.00764892 0.999546 12.1833
0.99943 0.00726594 0.0329602 0.0463761 -0.00700578 0.999943 -0.00800172 -0.0444417 -0.0330165 0.00776624 0.999425 12.5209
0.999337 0.00278356 0.0362832 0.053096 -0.00245565 0.999956 -0.00907911 -0.039231 -0.0363069 0.00898399 0.9993 12.8322
0.999271 -0.000723295 0.038156 0.0778939 0.00100064 0.999973 -0.00724997 -0.0567086 -0.0381498 0.00728287 0.999245 13.0914
0.999193 -0.00116962 0.040134 0.0897642 0.00140671 0.999982 -0.00587952 -0.0730888 -0.0401264 0.00593124 0.999177 13.3161
0.999116 0.000509254 0.0420222 0.110815 -0.000223549 0.999977 -0.00680322 -0.0791159 -0.0420247 0.00678781 0.999093 13.5518
0.999015 0.00290898 0.0442785 0.127926 -0.00252546 0.999959 -0.00871484 -0.0753224 -0.044302 0.00859443 0.998981 13.7586
0.998921 0.00493222 0.0461641 0.14544 -0.00447078 0.999939 -0.0100935 -0.0773404 -0.0462111 0.00987623 0.998883 13.939
0.998789 0.00770859 0.048583 0.146091 -0.0072145 0.99992 -0.0103371 -0.0914565 -0.0486588 0.00997411 0.998766 14.1167
0.998782 0.0083956 0.0486121 0.172219 -0.00781852 0.999897 -0.0120491 -0.0970896 -0.0487083 0.0116543 0.998745 14.2712
0.998732 0.00785353 0.0497143 0.196364 -0.00717326 0.999878 -0.0138473 -0.102344 -0.049817 0.0134731 0.998667 14.423
0.998714 0.00667625 0.0502572 0.225086 -0.00591425 0.999865 -0.0152953 -0.108018 -0.0503525 0.0149784 0.998619 14.5677
0.998661 0.00586787 0.0513857 0.23716 -0.00504202 0.999856 -0.0161864 -0.115835 -0.0514733 0.0159057 0.998548 14.7148
0.998663 0.00595533 0.0513519 0.267771 -0.00507303 0.999838 -0.0172948 -0.129652 -0.0514466 0.0170111 0.998531 14.8354
0.998471 0.00735744 0.0547845 0.253807 -0.0062338 0.999767 -0.020653 -0.11708 -0.0549238 0.0202799 0.998285 14.9932
0.998574 0.00633654 0.0529977 0.292853 -0.00513215 0.999726 -0.0228306 -0.125574 -0.0531279 0.0225261 0.998334 15.0997
0.998483 0.00562257 0.0547679 0.290082 -0.00421211 0.999657 -0.0258348 -0.122977 -0.0548944 0.0255649 0.998165 15.2469
0.998632 0.00372524 0.0521443 0.318437 -0.00234338 0.999645 -0.0265367 -0.145728 -0.0522246 0.0263782 0.998287 15.3335
0.998754 0.00268929 0.0498318 0.324573 -0.00133207 0.999628 -0.0272491 -0.160494 -0.0498865 0.0271488 0.998386 15.4572
0.998952 0.00241872 0.0457004 0.337267 -0.0011745 0.999628 -0.0272328 -0.178591 -0.0457493 0.0271506 0.998584 15.5639
0.999054 0.00540274 0.0431474 0.322233 -0.00413975 0.999562 -0.0293073 -0.172003 -0.0432868 0.0291009 0.998639 15.7016
0.99933 0.00489083 0.0362474 0.327329 -0.00382382 0.999559 -0.029448 -0.192596 -0.0363754 0.0292897 0.998909 15.7816
0.999596 0.00375256 0.0281677 0.342511 -0.00291494 0.999554 -0.0297195 -0.205298 -0.0282666 0.0296253 0.999161 15.885
0.999768 0.00320961 0.0212827 0.335254 -0.00256151 0.999534 -0.0304096 -0.213694 -0.0213704 0.030348 0.999311 16.0175
0.999887 0.00488103 0.0141588 0.326767 -0.0044238 0.999473 -0.0321464 -0.204422 -0.0143082 0.0320802 0.999383 16.1701
0.999973 0.00485668 0.00543204 0.313088 -0.00466247 0.999369 -0.0352101 -0.185253 -0.00559962 0.0351839 0.999365 16.359
0.999948 0.00174346 -0.0100122 0.344544 -0.00210281 0.99935 -0.0359939 -0.2067 0.00994295 0.0360131 0.999302 16.4862
0.999668 0.00127922 -0.0257267 0.318523 -0.00225863 0.999272 -0.038077 -0.211846 0.0256593 0.0381225 0.998944 16.6376
0.999027 0.00123107 -0.0440832 0.277611 -0.00293651 0.999249 -0.0386432 -0.23004 0.0440026 0.038735 0.99828 16.7821
0.998015 0.00175996 -0.0629366 0.187675 -0.00418161 0.999255 -0.0383666 -0.234132 0.0628222 0.0385536 0.99728 16.9556
0.99641 0.00171265 -0.084639 0.100975 -0.00477239 0.999342 -0.0359614 -0.264071 0.0845217 0.0362362 0.995762 17.1196
0.993942 0.00331938 -0.109846 0.0190372 -0.00710766 0.999393 -0.0341137 -0.276916 0.109666 0.0346878 0.993363 17.3065
0.990397 0.0041944 -0.138187 -0.090198 -0.00869254 0.999451 -0.0319638 -0.285465 0.137977 0.0328581 0.98989 17.511
0.985426 0.00413647 -0.170049 -0.21073 -0.00904175 0.999565 -0.028082 -0.296211 0.169859 0.0292103 0.985035 17.6773
0.978197 0.00494696 -0.207615 -0.284689 -0.0101565 0.999659 -0.0240337 -0.306204 0.207426 0.0256183 0.977915 17.9328
0.968809 0.0064611 -0.247723 -0.384475 -0.0114619 0.999758 -0.0187501 -0.308885 0.247542 0.0210046 0.968649 18.1733
0.958469 0.0109067 -0.284986 -0.596322 -0.0155728 0.999779 -0.0141122 -0.30903 0.28477 0.0179642 0.958427 18.3695
0.944827 0.0162957 -0.327162 -0.693029 -0.0208106 0.99973 -0.0103042 -0.296063 0.326906 0.0165441 0.944912 18.5846
0.928749 0.0180104 -0.37027 -0.850032 -0.0215473 0.999753 -0.00541806 -0.280466 0.370082 0.0130104 0.928908 18.8767
0.909447 0.0207363 -0.415301 -1.02644 -0.0224755 0.999747 0.000700183 -0.248088 0.415211 0.00869734 0.909683 19.2026
0.889197 0.0293654 -0.456581 -1.20688 -0.0274488 0.999564 0.010831 -0.305677 0.4567 0.00290169 0.889616 19.417
0.865334 0.0346126 -0.499999 -1.44418 -0.0298612 0.999401 0.0175039 -0.344313 0.500305 -0.000216196 0.865849 19.6965
0.838185 0.0379392 -0.544063 -1.6804 -0.0312563 0.999279 0.0215293 -0.344875 0.544488 -0.00104016 0.838768 19.9656
0.808358 0.0420997 -0.587183 -1.939 -0.033739 0.999113 0.0251867 -0.375384 0.587723 -0.00054883 0.809062 20.2275
0.775468 0.0434503 -0.62989 -2.2394 -0.0331783 0.999055 0.0280693 -0.360452 0.630514 -0.000868141 0.776177 20.5161
0.739468 0.0475532 -0.671509 -2.54381 -0.0349719 0.998868 0.0322241 -0.342469 0.672282 -0.000344787 0.740295 20.7721
0.700617 0.0481487 -0.711911 -2.87118 -0.0324505 0.998838 0.0356188 -0.323421 0.712799 -0.00185325 0.701365 21.0547
0.660465 0.0487275 -0.749274 -3.25163 -0.0306224 0.99881 0.0379626 -0.313403 0.750232 -0.0021284 0.661171 21.3328
0.619191 0.0460202 -0.78389 -3.63339 -0.0247986 0.998929 0.0390562 -0.269677 0.784849 -0.00474388 0.619669 21.5706
0.574856 0.0456548 -0.81698 -4.03007 -0.0196456 0.998924 0.041999 -0.262598 0.818019 -0.0080933 0.575134 21.8067
0.527564 0.0464967 -0.848242 -4.46426 -0.0167118 0.998876 0.0443599 -0.240947 0.849351 -0.00922704 0.527748 22.0557
0.478254 0.0478645 -0.876916 -4.91935 -0.0173476 0.998834 0.0450581 -0.2372 0.87805 -0.0063368 0.478527 22.2594
0.426387 0.0474208 -0.903296 -5.39725 -0.0125121 0.998838 0.0465304 -0.227194 0.904454 -0.00853781 0.426486 22.4428
0.374098 0.0459318 -0.926251 -5.90265 -0.00749537 0.99889 0.0465067 -0.199238 0.927359 -0.0104555 0.374027 22.5872
0.319755 0.0446842 -0.946445 -6.47724 -0.00563902 0.998959 0.0452583 -0.164591 0.947483 -0.00913457 0.319674 22.7556
0.266353 0.0504769 -0.962552 -7.01403 -0.00450083 0.998682 0.0511261 -0.140778 0.963865 -0.0092853 0.266229 22.8823
0.214984 0.0548347 -0.975076 -7.59538 -0.0032477 0.998457 0.0554335 -0.106765 0.976612 -0.00875057 0.21483 22.9807
0.167803 0.0547832 -0.984297 -8.26422 0.000363155 0.998451 0.0556329 -0.0576103 0.98582 -0.00969284 0.167523 23.0309
0.122961 0.0557711 -0.990843 -8.87532 0.00299131 0.998394 0.0565673 -0.0297392 0.992407 -0.0099195 0.122597 23.0979
0.0808314 0.0542259 -0.995251 -9.5356 0.00402282 0.998493 0.0547293 -0.00199797 0.996719 -0.00842757 0.0804914 23.16
0.0457184 0.0493084 -0.997736 -10.2007 0.00143209 0.998777 0.0494254 0.0470629 0.998953 -0.00368851 0.0455918 23.1545
0.0150021 0.0489747 -0.998687 -10.9055 -0.000175692 0.9988 0.0489776 0.0885192 0.999887 -0.000559309 0.0149926 23.1798
-0.00625283 0.0527529 -0.998587 -11.5966 -0.00121032 0.998606 0.0527614 0.125247 0.999979 0.00153851 -0.0061803 23.1594
-0.019163 0.0591997 -0.998062 -12.326 2.62232e-05 0.998245 0.0592101 0.149831 0.999816 0.00110846 -0.0191309 23.1314
-0.0270366 0.0607606 -0.997786 -13.0587 -0.000584979 0.99815 0.0607987 0.19612 0.999634 0.00222747 -0.0269511 23.1
-0.0293666 0.0577049 -0.997901 -13.8127 0.000607064 0.998333 0.057712 0.239101 0.999568 0.00108901 -0.0293528 23.043
-0.0283674 0.054059 -0.998134 -14.6228 0.00752903 0.99852 0.0538658 0.273277 0.999569 -0.00598696 -0.0287325 23.02
-0.024874 0.0523037 -0.998321 -15.4368 0.0194833 0.998466 0.0518259 0.315479 0.9995 -0.0181614 -0.0258549 23.0235
-0.0202168 0.0523555 -0.998423 -16.3042 0.0197676 0.998454 0.0519568 0.357709 0.9996 -0.018686 -0.0212205 23.0252
-0.0164263 0.049706 -0.998628 -17.229 0.0186292 0.998605 0.0493984 0.410748 0.999691 -0.0177923 -0.0173294 23.0454
-0.0142655 0.0429218 -0.998976 -18.0848 0.0223955 0.998841 0.0425962 0.453259 0.999647 -0.0217649 -0.0152103 23.0481
-0.013584 0.0320902 -0.999392 -18.9652 0.0203798 0.999286 0.0318097 0.486939 0.9997 -0.0199353 -0.0142284 23.0585
-0.0162524 0.0239344 -0.999581 -19.9558 0.0135347 0.999627 0.0237154 0.509724 0.999776 -0.0131436 -0.0165704 23.1138
-0.0185381 0.0209748 -0.999608 -20.9328 0.0083205 0.999749 0.0208235 0.53379 0.999793 -0.00793122 -0.018708 23.0927
-0.0201128 0.0268591 -0.999436 -21.8762 -0.00142441 0.999637 0.0268932 0.560825 0.999796 0.0019645 -0.0200673 23.0083
-0.0236443 0.0350547 -0.999105 -22.7451 -0.00665149 0.999357 0.0352209 0.581462 0.999698 0.0074783 -0.023396 22.9198
-0.0288085 0.0449515 -0.998573 -23.7566 -0.00787198 0.998947 0.0451954 0.607918 0.999553 0.00916275 -0.0284244 22.8882
-0.0316939 0.0544708 -0.998012 -24.7837 -0.00859477 0.998462 0.0547683 0.655129 0.99946 0.0103135 -0.031177 22.8701
-0.0352325 0.0609721 -0.997517 -25.7504 -0.00658462 0.998101 0.0612404 0.710996 0.999357 0.00872592 -0.0347642 22.8778
-0.0386568 0.0610631 -0.997385 -26.8308 -0.00527876 0.998105 0.0613118 0.776364 0.999238 0.00763507 -0.0382613 22.8573
-0.0398982 0.057938 -0.997522 -27.7916 -0.00575827 0.998288 0.0582127 0.834404 0.999187 0.00806658 -0.0394963 22.8085
-0.0426132 0.0532805 -0.997669 -28.942 -0.0060099 0.998545 0.0535839 0.885138 0.999073 0.00827928 -0.0422311 22.7612
-0.0475937 0.0478842 -0.997718 -29.9634 -0.00602686 0.998818 0.0482245 0.923652 0.998848 0.00830829 -0.0472489 22.7108
-0.0537944 0.0428554 -0.997631 -30.9716 -0.00508688 0.999054 0.0431908 0.96233 0.998538 0.00739825 -0.0535255 22.6571
-0.0582656 0.0406049 -0.997474 -32.0097 -0.00621184 0.999138 0.0410355 0.99996 0.998281 0.0085871 -0.0579632 22.5443
-0.0642736 0.0430732 -0.997002 -33.0693 -0.0060321 0.999033 0.0435497 1.03017 0.997913 0.00881311 -0.0639517 22.4646
-0.0697409 0.0471381 -0.99645 -34.1383 -0.00693094 0.998836 0.047736 1.07195 0.99754 0.0102355 -0.069333 22.3652
-0.0758563 0.0498296 -0.995872 -35.1609 -0.00996181 0.998663 0.050728 1.10857 0.997068 0.0137687 -0.0752585 22.2629
-0.0801274 0.0519296 -0.995431 -36.2392 -0.0130576 0.998501 0.0531408 1.15273 0.996698 0.017256 -0.0793293 22.1535
-0.0826956 0.0526438 -0.995183 -37.3155 -0.017321 0.998377 0.0542521 1.20257 0.996424 0.021724 -0.0816495 22.0412
-0.0847938 0.0535235 -0.994959 -38.3877 -0.0205584 0.99825 0.0554525 1.2483 0.996186 0.0251568 -0.083545 21.9436
-0.0858035 0.0529332 -0.994904 -39.4917 -0.0221577 0.998239 0.0550216 1.29369 0.996065 0.0267659 -0.0844796 21.8285
-0.0866607 0.0521568 -0.994871 -40.5525 -0.0219658 0.998286 0.0542491 1.33826 0.995995 0.0265544 -0.0853665 21.7008
-0.0865596 0.051438 -0.994917 -41.6739 -0.0231477 0.998293 0.0536264 1.38179 0.995977 0.0276719 -0.0852211 21.5768
-0.0869678 0.0506188 -0.994924 -42.7382 -0.0250583 0.998281 0.0529799 1.42218 0.995895 0.0295387 -0.0855499 21.4584
-0.0893343 0.0476413 -0.994861 -43.799 -0.0296301 0.998286 0.0504659 1.47135 0.99556 0.0339862 -0.0877696 21.3764
-0.0887894 0.0431257 -0.995116 -44.9416 -0.0352698 0.998299 0.0464106 1.50297 0.995425 0.0392183 -0.0871174 21.2481
-0.0887036 0.0426094 -0.995146 -46.0306 -0.0364732 0.998276 0.0459945 1.53645 0.99539 0.040376 -0.0869966 21.1503
-0.0868796 0.0472423 -0.995098 -47.1131 -0.0369538 0.998035 0.050608 1.56882 0.995533 0.0411694 -0.0849631 21.0246
-0.0849792 0.0498965 -0.995132 -48.3231 -0.0377168 0.997868 0.0532545 1.61936 0.995668 0.0420588 -0.0829162 20.9403
-0.0833217 0.0499582 -0.995269 -49.354 -0.0356408 0.997954 0.0530767 1.65153 0.995885 0.0398946 -0.0813707 20.81
-0.0810587 0.0487984 -0.995514 -50.4869 -0.0352192 0.998037 0.0517897 1.69854 0.996087 0.0392592 -0.0791809 20.718
-0.0773366 0.0494803 -0.995776 -51.5904 -0.0391298 0.997847 0.0526222 1.73717 0.996237 0.0430342 -0.075234 20.6108
-0.0725542 0.0501735 -0.996101 -52.75 -0.0431605 0.99764 0.0533947 1.7844 0.99643 0.0468662 -0.0702175 20.5333
-0.0673327 0.0491296 -0.99652 -53.9563 -0.0462796 0.997558 0.0523077 1.82442 0.996656 0.0496405 -0.0648946 20.4695
-0.0628574 0.0482506 -0.996855 -55.1007 -0.0481198 0.997522 0.0513171 1.87044 0.996861 0.0511941 -0.0603799 20.408
-0.0582918 0.0472403 -0.997181 -56.2279 -0.0476724 0.997608 0.0500473 1.91595 0.99716 0.0504553 -0.0559004 20.3457
-0.054758 0.0461994 -0.99743 -57.3695 -0.0454775 0.997777 0.0487121 1.96496 0.997463 0.048028 -0.0525353 20.2996
-0.0504973 0.0464811 -0.997642 -58.5082 -0.0445854 0.997815 0.0487459 2.00642 0.997728 0.0469418 -0.0483147 20.2482
-0.0457394 0.0470919 -0.997842 -59.6263 -0.0429032 0.997874 0.04906 2.05873 0.998031 0.0450546 -0.0436218 20.1926
-0.0405733 0.0477274 -0.998036 -60.7893 -0.0433341 0.997835 0.0494795 2.10949 0.998236 0.0452565 -0.0384172 20.1383
-0.0362506 0.0464205 -0.998264 -61.9347 -0.0421055 0.997962 0.0479355 2.15211 0.998455 0.0437701 -0.0342222 20.0991
-0.0328183 0.0417189 -0.99859 -63.1338 -0.0417099 0.998201 0.0430734 2.18978 0.99859 0.0430647 -0.0310192 20.0808
-0.0290549 0.0363143 -0.998918 -64.2965 -0.0416391 0.998428 0.0375077 2.22459 0.99871 0.0426838 -0.0274971 20.0486
-0.0241927 0.0350901 -0.999091 -65.4227 -0.0420999 0.998461 0.0360874 2.26636 0.99882 0.0429347 -0.0226782 19.9721
-0.0205488 0.0367025 -0.999115 -66.606 -0.0413012 0.998442 0.0375272 2.30428 0.998935 0.0420358 -0.0190009 19.9253
-0.0169485 0.0364799 -0.99919 -67.7582 -0.0416354 0.998442 0.0371588 2.33183 0.998989 0.0422315 -0.0154033 19.8662
-0.0144757 0.0363356 -0.999234 -68.9375 -0.043589 0.998366 0.0369355 2.35779 0.998944 0.0440903 -0.0128682 19.8082
-0.0126672 0.0376013 -0.999212 -70.1065 -0.0445722 0.998278 0.0381312 2.38009 0.998925 0.04502 -0.0109694 19.7671
-0.00896162 0.0370376 -0.999273 -71.248 -0.0455485 0.998261 0.0374086 2.41195 0.998921 0.0458507 -0.00725905 19.6914
-0.00604663 0.0349057 -0.999372 -72.4548 -0.0460286 0.998322 0.0351475 2.43818 0.998921 0.0462122 -0.00442985 19.6414
-0.00350483 0.0335326 -0.999431 -73.6684 -0.0446764 0.998434 0.0336558 2.46472 0.998995 0.0447689 -0.00200125 19.5971
-0.00274667 0.0329278 -0.999454 -74.8673 -0.0423413 0.998558 0.0330146 2.49324 0.999099 0.0424089 -0.00134853 19.5841
-0.00256997 0.0325714 -0.999466 -76.0653 -0.0409143 0.998629 0.0326493 2.52935 0.999159 0.0409763 -0.00123384 19.5807
-0.0018043 0.0339378 -0.999422 -77.2474 -0.0414709 0.998562 0.0339835 2.56295 0.999137 0.0415082 -0.000394294 19.5634
-0.000967065 0.0365394 -0.999331 -78.4365 -0.0446222 0.998335 0.0365461 2.59695 0.999003 0.0446277 0.000664988 19.558
-0.000795066 0.0353405 -0.999375 -79.6228 -0.0475284 0.998244 0.0353384 2.63248 0.998869 0.0475268 0.000885986 19.5599
-0.000741565 0.0333404 -0.999443 -80.8094 -0.0489115 0.998246 0.0333367 2.65597 0.998802 0.048909 0.000890441 19.5582
0.000415843 0.0304541 -0.999536 -81.9987 -0.0493599 0.998318 0.0303965 2.68309 0.99878 0.0493243 0.00191833 19.5421
0.00105256 0.0307066 -0.999528 -83.1839 -0.0469409 0.998428 0.0306234 2.68687 0.998896 0.0468865 0.00249228 19.5268
0.00116055 0.0324373 -0.999473 -84.398 -0.0454865 0.998441 0.032351 2.6953 0.998964 0.0454249 0.00263418 19.5285
0.000865796 0.0342374 -0.999413 -85.5983 -0.0446058 0.99842 0.0341647 2.72253 0.999004 0.0445501 0.00239159 19.5397
0.00208947 0.0366028 -0.999327 -86.7676 -0.0461802 0.998267 0.0364674 2.73731 0.99893 0.046073 0.00377615 19.5255
0.00125554 0.0362891 -0.99934 -87.9523 -0.0473083 0.998225 0.0361891 2.76774 0.998879 0.0472316 0.00297006 19.5278
0.00156075 0.0327897 -0.999461 -89.1303 -0.0475048 0.998336 0.0326786 2.80277 0.998869 0.0474282 0.0031158 19.5289
0.000883626 0.0308821 -0.999522 -90.2708 -0.0456954 0.99848 0.0308095 2.82775 0.998954 0.0456463 0.00229343 19.5426
0.000174703 0.0318195 -0.999493 -91.4497 -0.0439155 0.99853 0.0317812 2.84327 0.999034 0.0438877 0.00157179 19.5493
0.000525215 0.0342729 -0.999412 -92.6716 -0.0411749 0.998566 0.0342222 2.85983 0.999151 0.0411328 0.00193562 19.5489
0.00120123 0.0364446 -0.999335 -93.8297 -0.0402358 0.998528 0.0363668 2.88201 0.999189 0.0401654 0.00266581 19.5363
0.000757705 0.0382014 -0.999269 -95.0072 -0.0412758 0.99842 0.0381376 2.90412 0.999147 0.0412168 0.00233328 19.5313
0.00182115 0.040515 -0.999177 -96.152 -0.0438598 0.998221 0.0403963 2.9222 0.999035 0.0437502 0.00359486 19.4876
1.2472e-05 0.0410303 -0.999158 -97.3761 -0.0455822 0.99812 0.0409871 2.9313 0.99896 0.0455433 0.00188268 19.5285
-0.000702541 0.0369285 -0.999317 -98.5354 -0.0476456 0.998182 0.03692 2.95459 0.998863 0.047639 0.0010582 19.5306
0.000143283 0.0345037 -0.999404 -99.7047 -0.0495395 0.998178 0.0344543 2.98439 0.998771 0.049505 0.0018523 19.5079
-0.00039972 0.0320182 -0.999487 -100.836 -0.0488669 0.998293 0.0319995 3.01232 0.998805 0.0488547 0.00116557 19.509
-0.00223183 0.032803 -0.999459 -102.014 -0.0467975 0.998364 0.0328715 3.0239 0.998901 0.0468456 -0.000693097 19.5311
-0.0037946 0.034706 -0.99939 -103.192 -0.0460347 0.998332 0.034844 3.04645 0.998932 0.0461388 -0.00219061 19.55
-0.00452076 0.03726 -0.999295 -104.388 -0.0447524 0.998297 0.0374252 3.06235 0.998987 0.0448901 -0.00284561 19.5652
-0.00653878 0.0390857 -0.999214 -105.552 -0.0492873 0.998009 0.039361 3.03219 0.998763 0.0495059 -0.00459936 19.5594
-0.00776942 0.0400981 -0.999165 -106.745 -0.0530368 0.997773 0.0404546 3.06571 0.998562 0.0533068 -0.00562546 19.5428
-0.00768143 0.0390079 -0.999209 -107.907 -0.0565842 0.997621 0.0393809 3.09223 0.998368 0.0568419 -0.00545595 19.5145
-0.00840945 0.0342456 -0.999378 -109.102 -0.0570819 0.997768 0.0346707 3.12841 0.998333 0.057338 -0.00643589 19.4961
-0.00891065 0.0301493 -0.999505 -110.299 -0.056952 0.997908 0.0306088 3.15775 0.998336 0.0571966 -0.00717496 19.4669
-0.0102992 0.0294438 -0.999513 -111.514 -0.0529556 0.998148 0.0299492 3.17526 0.998543 0.0532383 -0.00872094 19.4623
-0.0117021 0.0283865 -0.999528 -112.743 -0.0472299 0.998466 0.0289092 3.19489 0.998815 0.0475459 -0.0103435 19.4646
-0.0124538 0.0304194 -0.999459 -113.965 -0.0473199 0.9984 0.0309768 3.21885 0.998801 0.0476801 -0.0109945 19.4381
-0.0138439 0.0341861 -0.999319 -115.19 -0.0456032 0.998354 0.0347848 3.25223 0.998863 0.0460537 -0.0122622 19.4077
-0.0135116 0.0337875 -0.999337 -116.39 -0.0443659 0.998425 0.0343565 3.28683 0.998923 0.0448007 -0.0119914 19.3512
-0.014725 0.0294316 -0.999458 -117.618 -0.0445144 0.998557 0.0300609 3.30841 0.998899 0.0449329 -0.0133937 19.3303
-0.0162607 0.0257789 -0.999535 -118.876 -0.0453344 0.998621 0.0264928 3.32568 0.998839 0.0457441 -0.0150696 19.3074
-0.016357 0.0240794 -0.999576 -120.146 -0.0453015 0.998666 0.0247987 3.34597 0.998839 0.0456879 -0.0152444 19.2569
-0.0160557 0.0243607 -0.999574 -121.404 -0.0473261 0.998564 0.0250962 3.37419 0.99875 0.0477089 -0.0148798 19.2052
-0.0174766 0.0303682 -0.999386 -122.669 -0.0517072 0.998174 0.0312356 3.37077 0.998509 0.0522213 -0.0158744 19.1704
-0.0173801 0.0336694 -0.999282 -123.942 -0.0572288 0.997761 0.0346135 3.3894 0.998209 0.0577892 -0.0154143 19.1277
-0.0179604 0.033055 -0.999292 -125.237 -0.0647076 0.99732 0.0341528 3.41716 0.997742 0.0652752 -0.0157734 19.0961
-0.0185692 0.0309421 -0.999348 -126.534 -0.0685581 0.997129 0.0321473 3.4428 0.997473 0.0691104 -0.0163945 19.0678
-0.021038 0.0298386 -0.999333 -127.776 -0.0704164 0.997028 0.0312522 3.45595 0.997295 0.0710269 -0.0188743 19.0527
-0.0232208 0.028501 -0.999324 -129.043 -0.0715155 0.996986 0.030096 3.47496 0.997168 0.072166 -0.0211125 19.0319
-0.0252596 0.0268831 -0.999319 -130.311 -0.0677879 0.997292 0.028542 3.49486 0.997379 0.0684627 -0.0233689 19.0168
-0.026443 0.0272727 -0.999278 -131.597 -0.068082 0.997258 0.0290192 3.51747 0.997328 0.0688002 -0.0245137 18.9705
-0.029071 0.0316794 -0.999075 -132.853 -0.0672347 0.997172 0.0335754 3.54227 0.997313 0.0681486 -0.0268588 18.959
-0.030857 0.0351172 -0.998906 -134.138 -0.0647651 0.997212 0.0370583 3.57009 0.997422 0.0658378 -0.0284966 18.9279
-0.0323533 0.0335579 -0.998913 -135.398 -0.0648656 0.997259 0.0356032 3.59578 0.997368 0.0659469 -0.0300879 18.8939
-0.033153 0.0318382 -0.998943 -136.654 -0.0645474 0.997338 0.0339292 3.61792 0.997363 0.065604 -0.0310097 18.8579
-0.0329881 0.0306779 -0.998985 -137.935 -0.0615042 0.997572 0.0326655 3.64451 0.997561 0.0625193 -0.0310212 18.8104
-0.0336497 0.0289149 -0.999015 -139.195 -0.059925 0.997725 0.030896 3.67201 0.997635 0.0609056 -0.0318404 18.7776
-0.0343343 0.0300864 -0.998957 -140.454 -0.0588255 0.997753 0.0320719 3.69934 0.997677 0.0598654 -0.0324873 18.7377
-0.0340502 0.0333087 -0.998865 -141.684 -0.0594385 0.997608 0.035293 3.72321 0.99765 0.0605727 -0.031989 18.6768
-0.0337534 0.0340249 -0.998851 -142.892 -0.0603833 0.997525 0.0360203 3.74438 0.997603 0.0615297 -0.0316153 18.6141
-0.0347623 0.0318606 -0.998887 -144.13 -0.0623689 0.997475 0.033986 3.75823 0.997447 0.0634809 -0.0326874 18.5779
-0.0350976 0.0282016 -0.998986 -145.37 -0.0605503 0.997706 0.0302928 3.78525 0.997547 0.0615521 -0.0333095 18.5183
-0.0350936 0.0256682 -0.999054 -146.607 -0.0573698 0.99797 0.0276555 3.81318 0.997735 0.0582861 -0.0335498 18.4597
-0.03657 0.0249435 -0.999019 -147.837 -0.0554885 0.998096 0.0269517 3.82781 0.997788 0.0564197 -0.0351163 18.4147
-0.0380948 0.0255939 -0.998946 -149.101 -0.0532388 0.9982 0.0276051 3.83962 0.997854 0.0542343 -0.0366637 18.3755
-0.0393714 0.0233114 -0.998952 -150.359 -0.05104 0.998376 0.0253095 3.85292 0.997919 0.051983 -0.0381176 18.3311
-0.0395038 0.0232982 -0.998948 -151.592 -0.0507535 0.998391 0.0252923 3.86632 0.997929 0.0516992 -0.0382578 18.2612
-0.0401267 0.0253911 -0.998872 -152.803 -0.0477611 0.998486 0.0272999 3.88556 0.998051 0.0488027 -0.0388532 18.1892
-0.0428693 0.0273373 -0.998706 -154.05 -0.0454348 0.998538 0.029283 3.89072 0.998046 0.0466313 -0.0415646 18.1734
-0.0452471 0.0263333 -0.998628 -155.303 -0.0412843 0.998749 0.0282071 3.89981 0.998121 0.042504 -0.0441033 18.1408
-0.0477979 0.0256542 -0.998527 -156.556 -0.0417173 0.998747 0.0276568 3.91956 0.997984 0.0429778 -0.0466678 18.1041
-0.049474 0.0295556 -0.998338 -157.776 -0.0414965 0.998638 0.031621 3.9446 0.997912 0.0429919 -0.0481802 18.0495
-0.0518279 0.0361337 -0.998002 -159.077 -0.0465228 0.998173 0.0385559 3.95574 0.997571 0.0484281 -0.0500521 18.0256
-0.0480331 0.0365714 -0.998176 -160.284 -0.0516233 0.997903 0.0390456 3.97788 0.99751 0.0534046 -0.0460445 17.8738
-0.0465991 0.0332872 -0.998359 -161.521 -0.0552553 0.997829 0.0358486 3.99474 0.997383 0.0568351 -0.0446586 17.7877
-0.0465462 0.0282562 -0.998516 -162.746 -0.0571328 0.997888 0.0309017 4.00719 0.99728 0.0584864 -0.0448336 17.7282
-0.0468381 0.0267488 -0.998544 -163.989 -0.0595304 0.99779 0.0295209 4.01986 0.997126 0.0608264 -0.0451422 17.6669
-0.0468815 0.0232391 -0.99863 -165.195 -0.0535572 0.998233 0.0257442 4.03554 0.997463 0.0546907 -0.045554 17.6165
-0.0477182 0.0194556 -0.998671 -166.445 -0.0502155 0.9985 0.0218516 4.04117 0.997597 0.0511915 -0.0466696 17.5656
-0.0472763 0.0170281 -0.998736 -167.642 -0.0453809 0.998786 0.0191771 4.03762 0.997849 0.0462302 -0.0464461 17.4746
-0.0481309 0.0203638 -0.998633 -168.9 -0.0429109 0.998827 0.0224359 4.03977 0.997918 0.0439321 -0.0472006 17.4007
-0.0504062 0.0271132 -0.99836 -170.198 -0.0433922 0.998628 0.0293113 4.04408 0.997785 0.0447986 -0.0491605 17.3929
-0.0490873 0.0295866 -0.998356 -171.413 -0.0457702 0.998445 0.0318397 4.07022 0.997744 0.0472579 -0.0476567 17.3051
-0.047262 0.0268057 -0.998523 -172.618 -0.0470887 0.998469 0.0290331 4.07926 0.997771 0.0483913 -0.0459273 17.2269
-0.0449882 0.0271388 -0.998619 -173.876 -0.0483313 0.998401 0.0293102 4.08883 0.997817 0.0495831 -0.0436046 17.1342
-0.045591 0.0271304 -0.998591 -175.086 -0.0455357 0.998536 0.0292079 4.10836 0.997921 0.0468032 -0.0442888 17.0885
-0.0466364 0.0250498 -0.998598 -176.293 -0.0442492 0.998653 0.0271177 4.1196 0.99793 0.0454518 -0.0454651 17.0484
-0.0452023 0.0247216 -0.998672 -177.448 -0.0441322 0.998669 0.0267191 4.109 0.998002 0.0452813 -0.044051 16.9926
-0.0426006 0.027656 -0.998709 -178.586 -0.0467701 0.998466 0.0296443 4.09882 0.997996 0.0479725 -0.0412417 16.9264
-0.0424842 0.0283701 -0.998694 -179.692 -0.0466744 0.998449 0.0303486 4.12006 0.998005 0.0479028 -0.0410941 16.8958
-0.0423052 0.0296127 -0.998666 -180.806 -0.0460044 0.998443 0.0315549 4.1228 0.998044 0.047278 -0.040877 16.8378
-0.0417103 0.0299883 -0.998679 -181.873 -0.0461056 0.998427 0.0319064 4.13935 0.998064 0.0473756 -0.040262 16.7807
-0.0429879 0.030589 -0.998607 -182.916 -0.0455347 0.998433 0.0325439 4.15051 0.998036 0.0468703 -0.0415276 16.7398
-0.0439436 0.0296513 -0.998594 -183.894 -0.0463886 0.998421 0.0316875 4.16184 0.997956 0.0477159 -0.0424987 16.7076
-0.0432885 0.0289533 -0.998643 -184.874 -0.0471111 0.998409 0.0309886 4.17346 0.99795 0.0483886 -0.0418556 16.6764
-0.043593 0.0292462 -0.998621 -185.907 -0.0470158 0.998404 0.0312922 4.18442 0.997942 0.0483151 -0.0421484 16.6803
-0.0443107 0.0279018 -0.998628 -186.871 -0.0462016 0.998483 0.0299478 4.18811 0.997948 0.0474652 -0.0429544 16.6271
-0.0489418 0.0252312 -0.998483 -187.829 -0.0440128 0.998656 0.0273929 4.18715 0.99783 0.0452867 -0.0477654 16.6025
-0.0550437 0.0218394 -0.998245 -188.755 -0.0437592 0.998748 0.0242634 4.18974 0.997524 0.045018 -0.054019 16.5667
-0.0603104 0.0185343 -0.998007 -189.682 -0.0450575 0.998758 0.0212711 4.19718 0.997161 0.0462506 -0.0594003 16.5012
-0.0649986 0.0177435 -0.997727 -190.658 -0.0461099 0.998721 0.020765 4.18094 0.996818 0.0473549 -0.0640973 16.4419
-0.0666567 0.0202109 -0.997571 -191.612 -0.048425 0.998552 0.0234665 4.15015 0.996599 0.0498716 -0.0655814 16.3314
-0.0694648 0.0227075 -0.997326 -192.547 -0.0468005 0.998566 0.0259955 4.14123 0.996485 0.0484812 -0.0683024 16.277
-0.072752 0.0245817 -0.997047 -193.472 -0.0440232 0.998643 0.0278334 4.14045 0.996377 0.0459181 -0.071571 16.2271
-0.0744677 0.0246197 -0.996919 -194.427 -0.0426426 0.998703 0.027849 4.15493 0.99631 0.0445851 -0.0733212 16.1559
-0.0751295 0.0230817 -0.996906 -195.347 -0.0429296 0.998731 0.0263592 4.1709 0.996248 0.0447771 -0.0740432 16.0726
-0.0766015 0.0217756 -0.996824 -196.255 -0.044485 0.998692 0.0252348 4.17929 0.996068 0.0462768 -0.0755325 16.0008
-0.0760002 0.0209469 -0.996887 -197.168 -0.0482564 0.998531 0.0246603 4.18729 0.995938 0.0499804 -0.0748777 15.8986
-0.0746892 0.0190813 -0.997024 -198.102 -0.0510296 0.998434 0.022931 4.19402 0.995899 0.0525905 -0.0735984 15.8014
-0.0742087 0.0172358 -0.997093 -198.977 -0.0515181 0.99845 0.0210934 4.18493 0.99591 0.0529337 -0.0732056 15.7275
-0.0733181 0.0155337 -0.997187 -199.86 -0.0513647 0.998493 0.0193306 4.17661 0.995984 0.0526375 -0.0724096 15.6442
-0.0719002 0.0157736 -0.997287 -200.798 -0.0513237 0.998492 0.0194929 4.17272 0.996089 0.052586 -0.0709821 15.5616
-0.0727183 0.0187313 -0.997176 -201.733 -0.0480879 0.998595 0.0222647 4.17605 0.996191 0.0495712 -0.0717153 15.5118
-0.0707978 0.0195833 -0.997298 -202.672 -0.0481602 0.998575 0.0230273 4.18727 0.996326 0.0496604 -0.0697537 15.4029
-0.0707092 0.0162752 -0.997364 -203.632 -0.042966 0.99889 0.0193462 4.19321 0.99657 0.0442207 -0.0699313 15.3442
-0.0685414 0.0127997 -0.997566 -204.532 -0.0413889 0.999021 0.0156621 4.20045 0.996788 0.0423617 -0.0679444 15.2459
-0.0666533 0.01365 -0.997683 -205.469 -0.0451821 0.99884 0.0166843 4.20154 0.996751 0.0461895 -0.0659591 15.1492
-0.0647102 0.0173574 -0.997753 -206.441 -0.0465668 0.998708 0.0203941 4.2066 0.996816 0.0477819 -0.0638182 15.075
-0.0633787 0.0170192 -0.997844 -207.44 -0.0436875 0.998849 0.0198111 4.20821 0.997032 0.0448489 -0.0625621 15.0126
-0.0617366 0.0177543 -0.997934 -208.432 -0.0423485 0.998895 0.0203913 4.22647 0.997192 0.0435199 -0.0609165 14.9554
-0.0605947 0.0221997 -0.997915 -209.413 -0.0426641 0.998782 0.0248096 4.23759 0.997249 0.0440785 -0.0595737 14.8953
-0.0589884 0.0258163 -0.997924 -210.408 -0.038354 0.998869 0.0281079 4.25227 0.99752 0.0399325 -0.0579315 14.8323
-0.057384 0.0261365 -0.99801 -211.391 -0.0387592 0.998846 0.0283869 4.26636 0.997598 0.0403111 -0.0563047 14.7529
-0.0569835 0.0263872 -0.998026 -212.428 -0.0417466 0.998714 0.0287889 4.28578 0.997501 0.0433047 -0.0558086 14.7183
-0.0543748 0.0280183 -0.998127 -213.455 -0.0440111 0.998568 0.0304283 4.29311 0.997549 0.0455832 -0.0530637 14.6552
-0.0492372 0.0290982 -0.998363 -214.452 -0.0448377 0.998504 0.0313136 4.29727 0.997779 0.0463061 -0.0478588 14.5633
-0.0470985 0.0260614 -0.99855 -215.502 -0.0473051 0.99848 0.0282908 4.31715 0.997768 0.048569 -0.0457941 14.524
-0.0426177 0.022285 -0.998843 -216.56 -0.0468919 0.998605 0.0242805 4.33921 0.997989 0.0478725 -0.0415132 14.4513
-0.0412636 0.020776 -0.998932 -217.597 -0.0463089 0.99867 0.0226834 4.35222 0.998073 0.0471954 -0.0402466 14.402
-0.0427699 0.0234566 -0.998809 -218.647 -0.0464088 0.998599 0.0254389 4.35456 0.998005 0.0474416 -0.0416214 14.3883
-0.0403057 0.0268651 -0.998826 -219.726 -0.0481829 0.998424 0.0287986 4.36421 0.998024 0.0492871 -0.0389477 14.3234
-0.0354125 0.0259755 -0.999035 -220.794 -0.0467047 0.998528 0.0276179 4.39077 0.99828 0.0476377 -0.0341471 14.2252
-0.0341327 0.0235874 -0.999139 -221.886 -0.0449975 0.998672 0.0251136 4.40471 0.998403 0.045816 -0.033026 14.1732
-0.029134 0.0205808 -0.999363 -222.959 -0.0430513 0.998835 0.021825 4.42004 0.998647 0.0436598 -0.028214 14.0543
-0.027884 0.019032 -0.99943 -224.048 -0.0394189 0.999021 0.0201239 4.43914 0.998832 0.0399576 -0.0271064 14.0035
-0.0264912 0.0178298 -0.99949 -225.139 -0.0396647 0.999035 0.018873 4.4532 0.998861 0.0401445 -0.0257585 13.9511
-0.0261307 0.0182077 -0.999492 -226.248 -0.0401402 0.999009 0.0192483 4.4594 0.998851 0.0406228 -0.0253739 13.9104
-0.0267679 0.0191718 -0.999457 -227.377 -0.0417081 0.998925 0.0202786 4.46699 0.99877 0.0422283 -0.0259394 13.8754
-0.0280756 0.0214486 -0.999375 -228.541 -0.0413666 0.998889 0.0226002 4.47965 0.998748 0.0419753 -0.0271571 13.8581
-0.0284346 0.0229356 -0.999332 -229.655 -0.0431944 0.998775 0.0241518 4.49418 0.998661 0.0438523 -0.027409 13.8038
-0.0296775 0.02435 -0.999262 -230.765 -0.0445719 0.998677 0.0256594 4.5133 0.998564 0.0453006 -0.0285528 13.7503
-0.0315896 0.0261217 -0.999159 -231.908 -0.0463861 0.998544 0.0275722 4.51598 0.998423 0.0472181 -0.0303319 13.7118
-0.0331822 0.0252914 -0.999129 -233.04 -0.0486388 0.998455 0.0268897 4.52271 0.998264 0.0494887 -0.0319007 13.6609
-0.0332403 0.0216774 -0.999212 -234.172 -0.0472418 0.998614 0.023236 4.52799 0.998329 0.0479769 -0.0321702 13.5825
-0.0350751 0.015861 -0.999258 -235.374 -0.0441166 0.998875 0.0174034 4.53413 0.998409 0.0446943 -0.0343359 13.5485
-0.0350203 0.0112981 -0.999322 -236.518 -0.0390655 0.999157 0.0126652 4.54687 0.998622 0.0394826 -0.0345494 13.4479
-0.0359642 0.0109874 -0.999292 -237.713 -0.0328986 0.999385 0.0121724 4.565 0.99881 0.0333131 -0.0355806 13.3733
-0.0373738 0.0140593 -0.999202 -238.865 -0.0287741 0.999472 0.0151393 4.58088 0.998886 0.029317 -0.0369495 13.2926
-0.0381129 0.0163843 -0.999139 -240.075 -0.0273913 0.999474 0.0174346 4.58675 0.998897 0.0280322 -0.037644 13.213
-0.0392473 0.0158064 -0.999104 -241.263 -0.0251966 0.999542 0.0168031 4.59384 0.99891 0.0258335 -0.038831 13.1409
-0.0394203 0.0157075 -0.999099 -242.482 -0.0255026 0.999536 0.0167206 4.61213 0.998896 0.0261388 -0.0390014 13.0416
-0.0398009 0.0164156 -0.999072 -243.714 -0.025115 0.999533 0.0174236 4.62988 0.998891 0.0257852 -0.03937 12.9536
-0.0411767 0.0151867 -0.999036 -244.938 -0.024338 0.999573 0.016198 4.64743 0.998854 0.0249815 -0.0407895 12.8704
-0.0422074 0.0124134 -0.999031 -246.202 -0.0244673 0.999611 0.0134542 4.66771 0.998808 0.0250115 -0.0418871 12.7976
-0.0439846 0.0115832 -0.998965 -247.452 -0.0243151 0.999625 0.0126614 4.67542 0.998735 0.0248469 -0.0436863 12.7292
-0.0477296 0.0130308 -0.998775 -248.703 -0.0241864 0.999607 0.0141974 4.66255 0.998566 0.0248345 -0.0473956 12.6886
-0.0511611 0.0134081 -0.9986 -249.961 -0.0239404 0.999607 0.0146482 4.65864 0.998402 0.0246563 -0.0508199 12.6357
-0.0540657 0.0146027 -0.99843 -251.23 -0.0250999 0.999558 0.0159784 4.65752 0.998221 0.0259244 -0.0536752 12.5678
-0.0566216 0.0163344 -0.998262 -252.505 -0.0266886 0.999485 0.0178682 4.66032 0.998038 0.027654 -0.0561564 12.4874
-0.0593274 0.0173915 -0.998087 -253.736 -0.0279213 0.999429 0.0190746 4.65943 0.997847 0.0289996 -0.0588079 12.4125
-0.0606849 0.0178902 -0.997996 -255.015 -0.0309471 0.999326 0.0197958 4.6587 0.997676 0.0320864 -0.0600902 12.3246
-0.0617825 0.0175065 -0.997936 -256.278 -0.0318188 0.999304 0.0195003 4.67138 0.997581 0.0329579 -0.0611824 12.2457
-0.062281 0.0156106 -0.997936 -257.549 -0.0298026 0.999403 0.0174935 4.69391 0.997612 0.0308307 -0.0617786 12.1629
-0.0637414 0.0152796 -0.997849 -258.77 -0.0272759 0.999483 0.017047 4.68451 0.997592 0.0283039 -0.0632916 12.0872
-0.0651856 0.0152759 -0.997756 -260.011 -0.0262169 0.999512 0.0170156 4.6801 0.997527 0.0272673 -0.0647532 12.0041
-0.0659307 0.0146839 -0.997716 -261.251 -0.0278442 0.999476 0.0165498 4.68827 0.997434 0.0288718 -0.0654872 11.8963
-0.066316 0.0143596 -0.997695 -262.574 -0.0278965 0.99948 0.0162395 4.68767 0.997407 0.0289091 -0.0658808 11.8191
-0.0664628 0.0147082 -0.99768 -263.821 -0.0287805 0.999448 0.0166515 4.68671 0.997372 0.0298205 -0.0660027 11.7189
-0.0663337 0.0160251 -0.997668 -265.083 -0.0255849 0.999516 0.0177559 4.68317 0.997468 0.0267031 -0.0658915 11.6169
-0.0675872 0.0188968 -0.997534 -266.362 -0.0216187 0.999559 0.0203999 4.67812 0.997478 0.0229442 -0.0671488 11.5388
-0.0679832 0.0218701 -0.997446 -267.623 -0.0186278 0.999558 0.023186 4.68577 0.997511 0.0201565 -0.0675457 11.4447
-0.0696861 0.0238382 -0.997284 -268.891 -0.0170317 0.999541 0.0250823 4.69523 0.997422 0.0187334 -0.069248 11.37
-0.0715682 0.0222234 -0.997188 -270.138 -0.0175425 0.99957 0.0235355 4.69685 0.99728 0.0191776 -0.0711474 11.2925
-0.0718666 0.0206019 -0.997201 -271.367 -0.019923 0.999558 0.0220864 4.70444 0.997214 0.0214545 -0.0714243 11.1897
-0.0728539 0.0232215 -0.997072 -272.613 -0.0257461 0.999353 0.0251558 4.71455 0.997009 0.0275035 -0.0722088 11.1052
-0.0747433 0.0290674 -0.996779 -273.847 -0.0296989 0.999068 0.0313611 4.72866 0.996759 0.0319473 -0.0738102 11.0206
-0.074513 0.0279434 -0.996828 -275.107 -0.0334057 0.998977 0.0305007 4.75083 0.996659 0.0355724 -0.0735032 10.911
-0.0747867 0.0216611 -0.996964 -276.398 -0.0323331 0.999186 0.0241348 4.75023 0.996674 0.0340399 -0.0740254 10.8215
-0.0760604 0.0162451 -0.996971 -277.619 -0.0296804 0.999388 0.0185488 4.75514 0.99666 0.0310013 -0.0755316 10.7328
-0.0775092 0.0155555 -0.99687 -278.886 -0.0236239 0.99957 0.0174344 4.76202 0.99671 0.0249013 -0.0771083 10.6513
-0.0767607 0.0165785 -0.996912 -280.116 -0.0203628 0.999628 0.0181916 4.76634 0.99684 0.0216964 -0.0763944 10.5611
-0.0759041 0.0176968 -0.996958 -281.335 -0.0191228 0.999633 0.0192002 4.79369 0.99693 0.020522 -0.0755378 10.4611
-0.0747368 0.0203492 -0.996996 -282.584 -0.0205139 0.999549 0.0219391 4.79348 0.996991 0.022092 -0.0742855 10.3529
-0.072323 0.0218443 -0.997142 -283.792 -0.0218061 0.999487 0.0234773 4.80101 0.997141 0.0234418 -0.0718095 10.2097
-0.0720603 0.0237305 -0.997118 -285.079 -0.0217176 0.999443 0.0253553 4.79204 0.997162 0.0234822 -0.0715047 10.1259
-0.0701989 0.023652 -0.997253 -286.314 -0.021453 0.999452 0.0252143 4.78964 0.997301 0.0231641 -0.069653 10.0033
-0.0676028 0.0218941 -0.997472 -287.54 -0.0226794 0.999468 0.023475 4.79817 0.997453 0.024209 -0.0670702 9.85926
-0.0659927 0.0211214 -0.997597 -288.776 -0.0219563 0.999504 0.0226142 4.80037 0.997577 0.0233959 -0.0654961 9.73711
-0.0666137 0.0217014 -0.997543 -290.021 -0.0220041 0.999489 0.0232131 4.79213 0.997535 0.0234964 -0.0661021 9.65153
-0.0656231 0.0218432 -0.997605 -291.229 -0.0229718 0.999463 0.0233949 4.79439 0.997579 0.024452 -0.065086 9.54762
-0.0635063 0.0216483 -0.997747 -292.461 -0.0242949 0.999435 0.0232313 4.81062 0.997684 0.0257155 -0.0629444 9.41821
-0.0620937 0.0225247 -0.997816 -293.639 -0.0235436 0.999435 0.0240264 4.803 0.997791 0.0249841 -0.0615282 9.31436
-0.06058 0.0205865 -0.997951 -294.902 -0.0236099 0.999479 0.0220512 4.81305 0.997883 0.0248974 -0.0600623 9.19697
-0.060874 0.0185287 -0.997973 -296.139 -0.0239157 0.999514 0.020016 4.81299 0.997857 0.0250857 -0.0604012 9.11482
-0.0614031 0.015849 -0.997987 -297.354 -0.0245054 0.999549 0.0173815 4.8095 0.997811 0.0255234 -0.060987 9.02992
-0.0614689 0.0150072 -0.997996 -298.571 -0.0258209 0.999529 0.0166206 4.80066 0.997773 0.0267908 -0.0610524 8.93861
-0.0615497 0.0152059 -0.997988 -299.8 -0.0287859 0.999442 0.0170034 4.79697 0.997687 0.0297746 -0.0610776 8.84288
-0.061544 0.0165085 -0.997968 -301.013 -0.0320056 0.999317 0.0185046 4.79375 0.99759 0.0330794 -0.0609735 8.74605
-0.0604495 0.01832 -0.998003 -302.238 -0.0351058 0.999175 0.0204679 4.78405 0.997552 0.036273 -0.0597564 8.60876
-0.0592074 0.0189069 -0.998067 -303.485 -0.0367973 0.9991 0.0211094 4.7836 0.997566 0.0379759 -0.0584583 8.48611
-0.0610933 0.0178174 -0.997973 -304.686 -0.0368671 0.999119 0.0200947 4.76586 0.997449 0.03802 -0.0603825 8.41204
-0.0623153 0.0167881 -0.997915 -306.016 -0.0347257 0.999217 0.0189784 4.74811 0.997451 0.035836 -0.0616835 8.36104
-0.0623741 0.0170189 -0.997908 -307.25 -0.0326266 0.999286 0.0190817 4.74552 0.997518 0.0337485 -0.0617743 8.23692
-0.0470465 0.0224509 -0.99864 -308.376 -0.0321892 0.999195 0.0239798 4.75968 0.998372 0.0332736 -0.0462859 7.56968
-0.0235268 0.020543 -0.999512 -309.548 -0.0313211 0.999283 0.0212755 4.82585 0.999231 0.0318064 -0.0228666 7.13492
-0.0253748 0.0214464 -0.999448 -310.828 -0.0316266 0.999253 0.0222452 4.80721 0.999176 0.0321736 -0.0246776 7.10966
-0.0244717 0.0200639 -0.999499 -312.079 -0.0330752 0.999235 0.0208684 4.81258 0.999152 0.0335694 -0.0237894 7.04285
