0.999999 -0.00161689 -0.00116469 -0.00967888 0.00161578 0.999999 -0.000850615 -0.012998 0.00116583 0.00084865 1 0.551194
0.999993 -0.00313971 -0.00210768 -0.020805 0.00313624 0.999994 -0.00161532 -0.0319768 0.00211275 0.00160873 0.999997 1.05761
0.999988 -0.00356654 -0.00362951 -0.0303577 0.00355736 0.999991 -0.00249603 -0.0517117 0.00363816 0.00248297 0.999991 1.54373
0.999969 -0.00591719 -0.00523172 -0.0444626 0.00589796 0.999977 -0.00365052 -0.0736168 0.00525305 0.00361945 0.999981 2.1214
0.999952 -0.00799546 -0.00604415 -0.0673727 0.00796414 0.999957 -0.00513972 -0.0909125 0.00608463 0.00509109 0.99997 2.58951
0.999933 -0.00975586 -0.00633728 -0.0956195 0.00972462 0.999942 -0.004909 -0.116329 0.00638461 0.00484694 0.99997 3.08767
0.999929 -0.0095406 -0.00746428 -0.109758 0.00951047 0.999949 -0.00402288 -0.134098 0.0075019 0.00395127 0.999967 3.67626
0.999926 -0.00952669 -0.00767474 -0.138872 0.00949391 0.999948 -0.00427291 -0.153776 0.00771473 0.00419948 0.999965 4.2729
0.999944 -0.00901857 -0.00596114 -0.210231 0.00898715 0.999947 -0.00522528 -0.196071 0.00600746 0.00517105 0.999971 4.826
0.999964 -0.0074247 -0.00443086 -0.281847 0.00739468 0.999953 -0.00670951 -0.239338 0.00448006 0.00667633 0.999972 5.30662
0.999977 -0.0055103 -0.00471607 -0.309383 0.00546224 0.999937 -0.0100053 -0.260431 0.00477029 0.00997878 0.999944 5.92143
0.999983 -0.00367281 -0.00498948 -0.343863 0.00362593 0.999953 -0.00935462 -0.280525 0.00502306 0.00933618 0.999948 6.56024
0.999988 -0.000724583 -0.00565798 -0.366246 0.000711063 1 -0.00227545 -0.297682 0.00565903 0.00227092 0.999987 7.22281
0.999981 0.000127528 -0.00655537 -0.371141 -7.22748e-05 0.999969 0.00842712 -0.310427 0.00655553 -0.0084267 0.999949 7.86434
0.999972 0.00146467 -0.00792194 -0.364927 -0.00134028 0.99988 0.0157553 -0.331155 0.00794331 -0.0157447 0.999851 8.50953
0.999958 0.00366279 -0.00879961 -0.389354 -0.0035308 0.999886 0.0149892 -0.341604 0.00885258 -0.0149576 0.999856 9.20517
0.999937 0.00570675 -0.0101432 -0.394709 -0.00561951 0.999952 0.00866108 -0.355728 0.0101913 -0.00860403 0.999919 9.90018
0.999925 0.00481757 -0.0115768 -0.405823 -0.0047722 0.999985 0.00395811 -0.367861 0.0115948 -0.00390278 0.999932 10.5805
0.99994 0.00298534 -0.0110468 -0.455444 -0.00292343 0.999986 0.00566284 -0.36395 0.0110625 -0.00563075 0.999932 11.3325
0.999931 0.00180472 -0.0119727 -0.450787 -0.00161393 0.999876 0.0159358 -0.380819 0.0119987 -0.0159156 0.999809 12.0716
0.99992 0.00123048 -0.0129703 -0.452436 -0.000916458 0.999712 0.0242214 -0.389862 0.0129953 -0.0242081 0.999632 12.8544
0.99991 0.000558169 -0.0136859 -0.455636 -0.000183281 0.99963 0.0273724 -0.395023 0.0136948 -0.0273676 0.999539 13.6217
0.999898 -0.00132795 -0.0145564 -0.450023 0.00171614 0.999648 0.0267146 -0.390408 0.0145146 -0.0267373 0.999546 14.4117
0.999893 -0.00186859 -0.0147677 -0.442775 0.00223596 0.999693 0.024892 -0.388132 0.0147151 -0.0249226 0.999589 15.2147
0.999904 0.000759455 -0.0142599 -0.459643 -0.000439514 0.999754 0.0224438 -0.389698 0.0142721 -0.022436 0.999656 16.0627
0.999925 -0.00192891 -0.0125143 -0.488736 0.00214326 0.999857 0.0171314 -0.383562 0.0124778 -0.0171572 0.999784 16.9166
0.999929 -0.00479384 -0.0114484 -0.50758 0.00492013 0.999934 0.0110538 -0.381007 0.0113932 -0.0111099 0.999884 17.8019
0.999946 -0.00372962 -0.0102149 -0.529296 0.00379123 0.999982 0.00600697 -0.37898 0.0101905 -0.00604565 0.999939 18.7159
0.999958 -0.00270041 -0.00952952 -0.557082 0.00275212 0.999988 0.00544411 -0.382037 0.00951323 -0.00547072 0.999951 19.6566
0.999952 -0.00279988 -0.00992346 -0.560829 0.00285939 0.999985 0.00597205 -0.3865 0.00990477 -0.00600043 0.999943 20.5667
0.999958 -0.000845806 -0.00979922 -0.573764 0.000890868 0.999996 0.00462321 -0.395591 0.00979374 -0.00463244 0.999953 21.4984
0.999952 0.00193821 -0.0101063 -0.578699 -0.00191136 1 0.00264729 -0.404787 0.0101095 -0.00262813 0.999956 22.4505
0.999925 0.0060145 -0.0112971 -0.576654 -0.00599119 0.999987 0.00212492 -0.416273 0.0113082 -0.0020578 0.999945 23.3931
0.999905 0.00795584 -0.0117762 -0.582795 -0.00792975 0.999974 0.00224837 -0.429967 0.0117919 -0.00215505 0.999939 24.3423
0.999889 0.00874788 -0.0126124 -0.59198 -0.00872199 0.999967 0.00212857 -0.442219 0.012629 -0.00201906 0.999929 25.3333
0.999872 0.00835114 -0.014151 -0.582918 -0.0083192 0.999971 0.00230552 -0.454697 0.0141679 -0.00218773 0.999908 26.328
0.999855 0.00949226 -0.0147202 -0.601334 -0.00943618 0.999956 0.00389144 -0.47354 0.0147549 -0.00375278 0.999896 27.3427
0.999825 0.0102509 -0.0160885 -0.603967 -0.0101545 0.999938 0.00605406 -0.487699 0.0161477 -0.00588988 0.999863 28.351
0.999806 0.0110376 -0.0168471 -0.621246 -0.01092 0.999924 0.00707378 -0.496088 0.0169223 -0.00688921 0.999846 29.3888
0.999787 0.0116657 -0.0174762 -0.63492 -0.0115649 0.999924 0.00584791 -0.507789 0.0175412 -0.0056448 0.999842 30.3958
0.999746 0.0133526 -0.0186292 -0.644467 -0.0132555 0.999907 0.00534968 -0.523384 0.0186972 -0.00510223 0.999826 31.444
0.999731 0.0127763 -0.0197685 -0.655995 -0.0126461 0.999906 0.00668585 -0.53731 0.0198502 -0.0064343 0.999794 32.502
0.999717 0.0119789 -0.0210165 -0.665645 -0.0117803 0.999894 0.00956643 -0.550332 0.0211272 -0.00931697 0.999748 33.5169
0.999692 0.0121673 -0.0220468 -0.683747 -0.011865 0.999843 0.013782 -0.560626 0.0222092 -0.0135163 0.999675 34.6055
0.999687 0.0131922 -0.0217225 -0.734402 -0.012851 0.999802 0.0157894 -0.56082 0.0219248 -0.0155061 0.999654 35.67
0.999679 0.0135134 -0.0218355 -0.771061 -0.0131543 0.999786 0.0164951 -0.567223 0.0220517 -0.0162027 0.999639 36.7262
0.999664 0.0126662 -0.0230859 -0.793497 -0.0123127 0.999815 0.0153984 -0.569806 0.0232748 -0.0151098 0.999631 37.8191
0.999623 0.013405 -0.0242952 -0.817961 -0.0130393 0.999809 0.0151386 -0.571726 0.0244915 -0.0148163 0.999604 38.9164
0.999619 0.0135406 -0.0244751 -0.86326 -0.0131484 0.999793 0.0161223 -0.567692 0.0246865 -0.0157951 0.999586 39.9937
0.999597 0.014021 -0.0249954 -0.904611 -0.0135805 0.99976 0.0176978 -0.5637 0.0252356 -0.0173514 0.999545 41.0725
0.999576 0.0140789 -0.0258777 -0.93216 -0.0135559 0.999712 0.0202817 -0.564101 0.026154 -0.0199231 0.999475 42.1707
0.999522 0.0157378 -0.0269228 -0.961996 -0.0152028 0.999694 0.0199525 -0.564513 0.0272266 -0.0195338 0.999452 43.2758
0.999492 0.0168364 -0.0274062 -0.997154 -0.0163914 0.99974 0.01639 -0.567478 0.0276733 -0.0159333 0.999506 44.3814
0.999461 0.018174 -0.0276496 -1.0327 -0.0178214 0.999766 0.0129356 -0.574264 0.0278764 -0.0124361 0.999548 45.482
0.999454 0.018723 -0.0275739 -1.06673 -0.0183735 0.999756 0.0128831 -0.580998 0.0278068 -0.0123702 0.999552 46.5585
0.999452 0.0190163 -0.0273985 -1.09132 -0.0185922 0.999713 0.0156402 -0.587434 0.0276861 -0.0151224 0.999516 47.6255
0.999459 0.0200178 -0.0264896 -1.14097 -0.0195505 0.999659 0.0177938 -0.589692 0.026835 -0.0172671 0.999506 48.7296
0.999501 0.0192883 -0.025369 -1.20296 -0.0188268 0.999664 0.0182958 -0.579457 0.0257114 -0.0178093 0.999526 49.8189
0.999519 0.0188789 -0.0250179 -1.23532 -0.0184366 0.99968 0.0178015 -0.586712 0.0253441 -0.0173322 0.999544 50.9482
0.999535 0.0177716 -0.0251377 -1.25244 -0.017361 0.999722 0.0164479 -0.59286 0.0254209 -0.0160041 0.999564 52.0115
0.999575 0.0170899 -0.0240737 -1.30592 -0.0167481 0.999766 0.0143416 -0.587026 0.0243111 -0.013933 0.999623 53.1135
0.999585 0.0160441 -0.0243412 -1.31062 -0.0157668 0.999817 0.0115312 -0.590882 0.0245195 -0.0111429 0.999652 54.149
0.999604 0.0143859 -0.0246341 -1.32954 -0.0141889 0.999877 0.00816553 -0.598382 0.0247463 -0.00781344 0.99968 55.238
0.999618 0.0126114 -0.0249999 -1.34466 -0.0124397 0.999906 0.0070042 -0.613266 0.0250837 -0.00669077 0.999678 56.3084
0.999629 0.0111937 -0.025278 -1.36242 -0.0109593 0.999907 0.00940214 -0.626152 0.0253785 -0.00912233 0.999653 57.4
0.999639 0.009887 -0.0253932 -1.38544 -0.00948828 0.999839 0.0157668 -0.636287 0.0255428 -0.0155203 0.999568 58.4963
0.999649 0.00894689 -0.0253333 -1.41045 -0.00838452 0.999729 0.0222286 -0.646322 0.025523 -0.0220091 0.999449 59.583
0.999656 0.0077581 -0.0254569 -1.44561 -0.00716531 0.999712 0.0232893 -0.648672 0.0256279 -0.0230991 0.99942 60.6971
0.999662 0.00389251 -0.0261429 -1.45523 -0.00335336 0.999793 0.0206464 -0.647886 0.0262154 -0.0205524 0.999463 61.7901
0.99965 0.00247559 -0.0267105 -1.48019 -0.00199526 0.999845 0.0179894 -0.652197 0.0267486 -0.01793 0.999497 62.8625
0.999637 0.00425677 -0.0270452 -1.50713 -0.00386701 0.999901 0.0144562 -0.659091 0.0271017 -0.0143471 0.999548 63.9981
0.99964 0.00476587 -0.0267787 -1.55264 -0.0044956 0.999948 0.0101392 -0.661401 0.0268233 -0.0100154 0.999607 65.1078
0.999638 0.0081104 -0.0261172 -1.58539 -0.00786423 0.999937 0.00952341 -0.669074 0.0261903 -0.00931538 0.999632 66.1608
0.999615 0.0117776 -0.025536 -1.62037 -0.0114354 0.999853 0.0134953 -0.678979 0.0256887 -0.0131984 0.9996 67.2789
0.999597 0.0133449 -0.0255516 -1.65409 -0.0129353 0.999799 0.0161416 -0.692468 0.0257593 -0.0158053 0.999562 68.3651
0.999603 0.0129324 -0.0254309 -1.69065 -0.0124928 0.999781 0.0173596 -0.699148 0.0256474 -0.0170353 0.999544 69.465
0.999624 0.0112794 -0.0255221 -1.72363 -0.0108198 0.999791 0.0180844 -0.69714 0.0257182 -0.0178022 0.999529 70.5704
0.999617 0.0101198 -0.0261649 -1.74367 -0.00960409 0.999769 0.0197558 -0.702291 0.0263564 -0.0194973 0.999481 71.6545
0.999603 0.00848232 -0.0273317 -1.76252 -0.00788655 0.999744 0.0218438 -0.698819 0.0275073 -0.0216204 0.999407 72.7676
0.999575 0.00688752 -0.0287116 -1.78275 -0.00621129 0.999714 0.0235664 -0.694898 0.0288632 -0.0233784 0.999328 73.8638
0.999539 0.00583953 -0.0302083 -1.80742 -0.00516582 0.999751 0.0223427 -0.692649 0.0303286 -0.0221771 0.999313 74.9727
0.999527 0.00662273 -0.0303949 -1.86519 -0.00606026 0.99982 0.0185563 -0.6878 0.0305098 -0.0183636 0.999384 76.097
0.999477 0.0069766 -0.031954 -1.88856 -0.00645052 0.999856 0.0165432 -0.686973 0.032062 -0.0163292 0.999371 77.1602
0.999398 0.00864208 -0.0339281 -1.9032 -0.00802264 0.99981 0.0183483 -0.690214 0.0340777 -0.0180654 0.999275 78.2195
0.99935 0.00945728 -0.0351267 -1.94391 -0.00865621 0.999714 0.0228936 -0.690961 0.0353304 -0.0225755 0.999139 79.2773
0.999296 0.011232 -0.0361322 -1.98236 -0.0102576 0.999593 0.0270369 -0.687985 0.0364187 -0.0266476 0.999 80.3675
0.999262 0.0123516 -0.0366936 -2.03094 -0.0113406 0.999567 0.027641 -0.681258 0.0370164 -0.0272053 0.998963 81.4406
0.999239 0.0118 -0.0375002 -2.08017 -0.0108363 0.999619 0.0257952 -0.675523 0.0377878 -0.0253696 0.998983 82.5127
0.99922 0.0118351 -0.038002 -2.131 -0.0108794 0.999635 0.0252619 -0.674792 0.0382844 -0.0248296 0.998976 83.5461
0.99923 0.0113624 -0.0378622 -2.19383 -0.0104142 0.99964 0.0251427 -0.669402 0.0381317 -0.0247293 0.998985 84.6106
0.999206 0.0102045 -0.0388429 -2.23416 -0.00920642 0.999638 0.0257935 -0.670896 0.0390894 -0.0254163 0.998931 85.6618
0.999186 0.00875986 -0.0396879 -2.2762 -0.00766613 0.999599 0.0276267 -0.671597 0.0399114 -0.0273003 0.99885 86.6908
0.999151 0.00858439 -0.0406114 -2.31587 -0.00733923 0.999514 0.0307167 -0.672601 0.0408528 -0.0303934 0.998722 87.6809
0.99911 0.0080139 -0.0416908 -2.3599 -0.00669413 0.999485 0.0316985 -0.668183 0.0419207 -0.0313915 0.998647 88.676
0.999028 0.00734932 -0.043777 -2.41202 -0.00595548 0.999486 0.0318922 -0.659989 0.0439862 -0.0316013 0.998552 89.6588
0.998874 0.00666934 -0.04723 -2.46722 -0.00520532 0.999514 0.0310524 -0.654406 0.0474116 -0.0307719 0.998421 90.6224
0.998721 0.00706007 -0.0503438 -2.5251 -0.00552588 0.999529 0.0305577 -0.653074 0.0505332 -0.0302413 0.998284 91.5396
0.998558 0.00645139 -0.053522 -2.58263 -0.00478378 0.999511 0.0312276 -0.656221 0.0536947 -0.0309269 0.998098 92.414
0.998395 0.00726207 -0.0564236 -2.64289 -0.005427 0.999466 0.0326168 -0.65296 0.0566276 -0.032259 0.997894 93.2933
0.998237 0.00841958 -0.0589627 -2.7143 -0.00644134 0.999423 0.0336597 -0.64468 0.0592094 -0.0332209 0.997712 94.1649
0.998045 0.00925284 -0.062042 -2.76857 -0.00705406 0.999354 0.0355748 -0.644073 0.0623284 -0.0350683 0.99746 94.9819
0.997845 0.010794 -0.0649231 -2.82637 -0.00843113 0.999307 0.0365583 -0.638238 0.0652701 -0.0359325 0.99724 95.7763
0.997615 0.0127065 -0.0680586 -2.87525 -0.0101708 0.999258 0.0374826 -0.638969 0.0684815 -0.0367017 0.996999 96.5484
0.997393 0.014691 -0.0708343 -2.93919 -0.012108 0.999263 0.0367572 -0.640595 0.0713195 -0.0358041 0.996832 97.2775
0.997184 0.0159172 -0.073482 -2.99854 -0.0134453 0.999344 0.0340187 -0.653268 0.0739724 -0.0329357 0.996738 97.9807
0.996916 0.0183605 -0.0764696 -3.05351 -0.0159997 0.999392 0.0313704 -0.663909 0.0769965 -0.0300506 0.9966 98.6538
0.996709 0.0200864 -0.0787266 -3.10636 -0.0178047 0.999417 0.0295835 -0.678424 0.0792721 -0.0280853 0.996479 99.3422
0.99657 0.0220017 -0.079948 -3.16005 -0.0197031 0.999386 0.0294278 -0.688802 0.0805436 -0.0277522 0.996387 99.9563
0.996531 0.0243361 -0.0797745 -3.19677 -0.0219889 0.999316 0.0301767 -0.704161 0.0804515 -0.0283187 0.996378 100.518
0.996587 0.0277528 -0.0779087 -3.22801 -0.0252797 0.999163 0.0325521 -0.719571 0.0787442 -0.0304721 0.996451 101.084
0.996851 0.0300404 -0.0735975 -3.25146 -0.0275455 0.999031 0.0346915 -0.728055 0.0745657 -0.0325557 0.996705 101.628
0.997285 0.0310347 -0.0669769 -3.27212 -0.0285722 0.998904 0.0374176 -0.73728 0.0680621 -0.0354029 0.997075 102.153
0.997869 0.0307063 -0.057842 -3.29447 -0.0284118 0.998805 0.0400909 -0.746523 0.0590014 -0.0383629 0.997542 102.638
0.998417 0.0304826 -0.0475721 -3.27993 -0.0284576 0.998696 0.0426803 -0.762352 0.0488087 -0.0412594 0.997979 103.127
0.998866 0.0309032 -0.0366555 -3.24137 -0.0292493 0.998578 0.0448494 -0.797978 0.037987 -0.0437271 0.998342 103.56
0.999279 0.030165 -0.0236451 -3.19694 -0.0290569 0.998537 0.0458891 -0.83323 0.0249925 -0.0451694 0.99869 103.993
0.999605 0.0275636 -0.00796052 -3.15516 -0.0271771 0.998618 0.0452612 -0.866143 0.00919486 -0.0450276 0.998965 104.396
0.999613 0.0262157 0.010765 -3.09485 -0.0266518 0.99875 0.0425902 -0.892375 -0.00963702 -0.0428611 0.999058 104.807
0.999225 0.0234432 0.0321489 -3.01924 -0.0247189 0.998913 0.0398436 -0.911873 -0.031182 -0.040608 0.99871 105.196
0.998172 0.0209627 0.0569352 -2.92959 -0.0231748 0.999005 0.038475 -0.926939 -0.0560736 -0.0397247 0.99766 105.602
0.996337 0.0181485 0.0837633 -2.82493 -0.0214122 0.999053 0.0382201 -0.937615 -0.0829922 -0.0398742 0.995774 105.983
0.993444 0.0147367 0.113494 -2.7132 -0.0190987 0.999131 0.0374424 -0.949678 -0.112844 -0.0393652 0.992857 106.344
0.989174 0.0121562 0.146361 -2.58774 -0.0177328 0.999176 0.0368521 -0.962501 -0.145794 -0.0390492 0.988566 106.708
0.982942 0.00813135 0.18382 -2.45471 -0.0152362 0.999204 0.0372718 -0.975107 -0.183371 -0.0394373 0.982278 107.099
0.974824 0.00491012 0.222998 -2.31398 -0.0135582 0.999227 0.0372627 -0.990536 -0.222644 -0.0393486 0.974129 107.457
0.964857 0.00378593 0.262807 -2.15584 -0.0141003 0.999217 0.0373722 -1.01006 -0.262459 -0.039765 0.96415 107.799
0.952135 0.00433812 0.305702 -1.98093 -0.0167066 0.999157 0.0378518 -1.03047 -0.305281 -0.0411478 0.951397 108.131
0.937282 0.0025779 0.348607 -1.79241 -0.0177884 0.999039 0.0404386 -1.04997 -0.348166 -0.0441041 0.936422 108.453
0.919359 0.000772273 0.393459 -1.61195 -0.0193628 0.998888 0.0432799 -1.07173 -0.392989 -0.0474088 0.918346 108.772
0.898776 -0.00127362 0.438442 -1.41119 -0.0194425 0.998911 0.0427573 -1.07787 -0.438016 -0.0469542 0.897768 109.08
0.87581 -0.00176951 0.482687 -1.19896 -0.020479 0.998968 0.0408177 -1.08797 -0.482262 -0.045634 0.874864 109.383
0.850185 0.000112853 0.526517 -0.986223 -0.0229055 0.999076 0.036772 -1.09237 -0.526022 -0.0433237 0.849398 109.669
0.821689 0.00411278 0.569951 -0.757446 -0.0271182 0.999135 0.0318839 -1.09807 -0.569328 -0.041655 0.821084 109.948
0.791147 0.00997264 0.611574 -0.505194 -0.0340487 0.99905 0.0277551 -1.1045 -0.610711 -0.0427822 0.79073 110.181
0.75586 0.0145072 0.654598 -0.242315 -0.0405946 0.998881 0.0247353 -1.11441 -0.653507 -0.0452699 0.755598 110.448
0.718441 0.014287 0.695469 0.0340708 -0.0430619 0.998801 0.0239658 -1.13738 -0.694286 -0.0471666 0.71819 110.685
0.678402 0.0110445 0.734631 0.324005 -0.0440336 0.998711 0.0256467 -1.16708 -0.733402 -0.0497473 0.67801 110.92
0.635528 0.00847005 0.772057 0.615244 -0.0479295 0.99846 0.0284996 -1.19514 -0.770619 -0.0551171 0.634951 111.129
0.590032 0.00590798 0.807379 0.913965 -0.0524168 0.998154 0.0310007 -1.22814 -0.805707 -0.0606116 0.58925 111.325
0.543013 0.00292923 0.839746 1.2786 -0.0551169 0.997977 0.0321591 -1.24576 -0.837947 -0.0637471 0.542071 111.53
0.493931 -0.00205171 0.869518 1.64334 -0.0555469 0.99789 0.0339067 -1.26453 -0.867754 -0.0650465 0.492772 111.683
0.444781 -0.0026097 0.89566 2.01969 -0.0609099 0.997607 0.0331538 -1.28338 -0.893597 -0.0693008 0.443554 111.806
0.396248 0.00239751 0.918159 2.42074 -0.0668114 0.99743 0.0262279 -1.27862 -0.915738 -0.0717361 0.395387 111.922
0.348415 0.00729259 0.937336 2.82879 -0.0692857 0.997449 0.0179932 -1.27803 -0.934807 -0.0712132 0.348028 112.012
0.30356 0.00885897 0.95279 3.25152 -0.0690509 0.997541 0.0127235 -1.28168 -0.950336 -0.0696532 0.303424 112.093
0.263704 0.00780426 0.964595 3.68376 -0.0632597 0.997969 0.00921935 -1.28771 -0.962557 -0.0634514 0.26366 112.159
0.229915 0.00713009 0.973203 4.11302 -0.0567635 0.998379 0.00609442 -1.29615 -0.971583 -0.0566434 0.229945 112.199
0.201106 0.00827003 0.979557 4.5713 -0.0535382 0.998577 0.00256038 -1.29576 -0.978135 -0.0529588 0.20126 112.24
0.173424 0.00672865 0.984842 5.03646 -0.0570408 0.998376 0.00322223 -1.31016 -0.983223 -0.0567347 0.173524 112.304
0.148125 0.00317106 0.988987 5.52576 -0.0646001 0.997904 0.00647512 -1.32442 -0.986887 -0.0648479 0.148017 112.378
0.124668 -0.00046946 0.992217 5.97487 -0.0708335 0.997454 0.00937072 -1.33616 -0.989697 -0.07145 0.124316 112.425
0.102386 -0.00286625 0.994764 6.47014 -0.0677851 0.997666 0.0098507 -1.34194 -0.992462 -0.068439 0.10195 112.45
0.0822982 -0.00243885 0.996623 6.95465 -0.0612627 0.998103 0.00750025 -1.3492 -0.994753 -0.0616728 0.0819911 112.46
0.0656502 -0.000451245 0.997866 7.50463 -0.0555139 0.998465 0.00410301 -1.35249 -0.996328 -0.0556649 0.0655223 112.46
0.052213 0.0054514 0.99864 8.06724 -0.0567027 0.998398 -0.00248663 -1.35609 -0.997054 -0.0564955 0.052437 112.455
0.0408063 0.00989688 0.999143 8.67203 -0.0603593 0.998165 -0.00742281 -1.36524 -0.997373 -0.0600047 0.041327 112.499
0.0350887 0.00954028 0.999358 9.26102 -0.0581532 0.998289 -0.00748948 -1.3773 -0.99772 -0.0578529 0.0355821 112.49
0.0327482 0.00629192 0.999469 9.88218 -0.052577 0.998622 -0.00456468 -1.38575 -0.998112 -0.0523995 0.0330321 112.484
0.0332954 0.00416769 0.999457 10.5495 -0.0509412 0.998709 -0.0024688 -1.40522 -0.998176 -0.0508312 0.0334634 112.501
0.0358553 0.00375276 0.999375 11.2432 -0.0516425 0.998679 -0.00189815 -1.41727 -0.998053 -0.0515421 0.036 112.524
0.0367131 0.00415582 0.999337 11.972 -0.0554514 0.99847 -0.00211646 -1.42934 -0.997817 -0.0553368 0.0368861 112.58
0.0383147 0.00593041 0.999274 12.6975 -0.0565261 0.998409 -0.0037587 -1.42947 -0.997697 -0.0563408 0.0385872 112.605
0.040753 0.00713412 0.999165 13.4064 -0.0565759 0.998397 -0.00482249 -1.4377 -0.997597 -0.0563319 0.04109 112.608
0.0413763 0.00667831 0.999148 14.1509 -0.0569988 0.99838 -0.00431362 -1.45327 -0.997548 -0.0567715 0.0416883 112.653
0.0416291 0.00521235 0.999141 14.9218 -0.057847 0.998332 -0.00279943 -1.46525 -0.997488 -0.0576805 0.0418599 112.705
0.0418473 0.00408455 0.999143 15.7078 -0.057636 0.998351 -0.00166822 -1.47275 -0.997492 -0.0575165 0.0420121 112.75
0.0400546 0.00156116 0.999217 16.4892 -0.056766 0.998397 0.000714178 -1.48623 -0.997614 -0.05675 0.0400778 112.814
0.038085 -0.00018048 0.999302 17.2771 -0.0600453 0.998209 0.00246771 -1.49655 -0.997501 -0.0600971 0.0380043 112.872
0.0368059 -0.0014264 0.999344 18.0842 -0.0608032 0.998154 0.0036626 -1.50816 -0.997502 -0.0608978 0.0366501 112.91
0.0349997 -0.00401244 0.999407 18.8908 -0.0586147 0.998278 0.00605964 -1.51195 -0.997699 -0.0587917 0.0347026 112.951
0.0338488 -0.00596818 0.999432 19.7076 -0.0570819 0.998349 0.00789348 -1.52493 -0.997827 -0.0573164 0.0334512 112.981
0.0324959 -0.00682833 0.999476 20.5676 -0.059825 0.998186 0.00876364 -1.53872 -0.997713 -0.060078 0.0320269 113.009
0.032288 -0.00235358 0.999499 21.3992 -0.0620738 0.998074 0.00435402 -1.54807 -0.997581 -0.0621829 0.0320787 113.037
0.0315786 0.00191994 0.999528 22.2143 -0.0604775 0.998186 -7.61358e-06 -1.56106 -0.997703 -0.0604484 0.0316359 113.063
0.0302118 0.00303228 0.999563 23.0452 -0.0602121 0.998196 -0.00120969 -1.57846 -0.99776 -0.0601489 0.0303389 113.095
0.0291182 0.000682135 0.999604 23.9106 -0.06365 0.997988 0.00117215 -1.59067 -0.997581 -0.0636586 0.0291016 113.126
0.0286233 -0.00343875 0.999609 24.7812 -0.0663255 0.997795 0.0053303 -1.60086 -0.997419 -0.0664518 0.0283311 113.155
0.0288722 -0.00856894 0.999574 25.6086 -0.0678926 0.997654 0.0105126 -1.61227 -0.997308 -0.0681669 0.0282213 113.177
0.0289592 -0.0140866 0.999506 26.4418 -0.0716555 0.997311 0.0161304 -1.61705 -0.997041 -0.0720868 0.027871 113.204
0.0293015 -0.0151839 0.999483 27.2747 -0.0755349 0.997009 0.0173598 -1.62093 -0.996746 -0.0760042 0.0280655 113.231
0.0296805 -0.00869551 0.999547 28.1205 -0.073424 0.997254 0.0108544 -1.63232 -0.996891 -0.0737125 0.0289596 113.271
0.0310621 0.0017882 0.999545 28.9799 -0.0714298 0.997464 0.000434367 -1.64655 -0.996996 -0.0714104 0.0311096 113.297
0.0311546 0.00650224 0.999518 29.8103 -0.0697209 0.997569 -0.00431788 -1.65967 -0.997112 -0.0695525 0.0315311 113.337
0.0330591 0.000509708 0.999482 30.6636 -0.0679474 0.997706 0.00173769 -1.67858 -0.997174 -0.0679695 0.0330164 113.36
0.0337807 -0.00780515 0.999425 31.5117 -0.0660282 0.99778 0.0100226 -1.70066 -0.997278 -0.0663284 0.0331893 113.399
0.0343035 -0.0111586 0.999379 32.3342 -0.0638141 0.997891 0.0133315 -1.72074 -0.997406 -0.0642315 0.0335176 113.438
0.0334383 -0.0110008 0.999407 33.1612 -0.0659141 0.997751 0.0131865 -1.73809 -0.997298 -0.0663154 0.0326369 113.491
0.0322646 -0.00985307 0.999461 34.0046 -0.0685194 0.997595 0.0120457 -1.7432 -0.997163 -0.0688706 0.0315104 113.531
0.0303654 -0.0096133 0.99952 34.8452 -0.0707114 0.997441 0.01174 -1.75017 -0.997068 -0.0710333 0.0296068 113.564
0.028289 -0.00906271 0.999589 35.6617 -0.0700934 0.997498 0.0110264 -1.75557 -0.997175 -0.0703759 0.0275815 113.6
0.0250424 -0.00867931 0.999677 36.4403 -0.0718668 0.997373 0.0104581 -1.76071 -0.997134 -0.0721048 0.0243517 113.656
0.0232153 -0.00825404 0.999726 37.2588 -0.0736406 0.997254 0.00994266 -1.76942 -0.997051 -0.0738506 0.0225421 113.679
0.0198003 -0.00909191 0.999791 38.0433 -0.0759854 0.997067 0.0105703 -1.77177 -0.996946 -0.0761779 0.0190502 113.74
0.0167515 -0.0101155 0.999839 38.8459 -0.0760811 0.997056 0.011361 -1.77926 -0.996997 -0.0762585 0.0159311 113.777
0.0141306 -0.00981766 0.99988 39.6472 -0.0764352 0.997029 0.0108682 -1.78722 -0.997008 -0.0765788 0.0133371 113.814
0.012052 -0.00915459 0.999916 40.4313 -0.0764325 0.997041 0.0100485 -1.79983 -0.997038 -0.0765463 0.0113152 113.838
0.0107562 -0.00927809 0.999928 41.2067 -0.0762788 0.99705 0.0100702 -1.80923 -0.997063 -0.0763808 0.0100156 113.86
0.00954813 -0.0103162 0.999932 41.9984 -0.0743278 0.99719 0.0109966 -1.8179 -0.997224 -0.074427 0.00875305 113.871
0.00849385 -0.0109134 0.999934 42.7771 -0.0739431 0.997209 0.01151 -1.82761 -0.997261 -0.0740351 0.0076621 113.874
0.0073255 -0.0115406 0.999936 43.5535 -0.0753082 0.997103 0.0120586 -1.83896 -0.997169 -0.0753909 0.00643383 113.887
0.00724943 -0.012798 0.999921 44.2844 -0.0772675 0.996935 0.0133182 -1.84811 -0.997018 -0.0773571 0.00623731 113.879
0.00671714 -0.0141712 0.999907 45.0211 -0.0787673 0.996801 0.0146552 -1.85796 -0.996906 -0.0788576 0.00557811 113.887
0.0063984 -0.0143957 0.999906 45.7444 -0.0786925 0.996801 0.0148527 -1.86252 -0.996913 -0.0787792 0.005244 113.89
0.00650616 -0.012021 0.999937 46.456 -0.0782122 0.996874 0.012492 -1.87563 -0.996951 -0.0782876 0.0055443 113.895
0.0067265 -0.0094406 0.999962 47.1692 -0.0779608 0.996919 0.0099345 -1.88241 -0.996968 -0.0780237 0.00596867 113.905
0.00701084 -0.00789598 0.999975 47.8782 -0.0799012 0.996784 0.00842985 -1.89204 -0.996814 -0.0799574 0.00635606 113.915
0.00635932 -0.00728795 0.999983 48.5467 -0.0803303 0.99675 0.00777338 -1.89862 -0.996783 -0.0803774 0.00575202 113.953
0.00704002 -0.0075821 0.999978 49.2833 -0.0787794 0.996876 0.00811192 -1.91113 -0.996903 -0.078834 0.0064191 113.945
0.00665918 -0.00830743 0.999975 49.9384 -0.0791751 0.996835 0.00880654 -1.92198 -0.996875 -0.0792308 0.00597906 113.969
0.00720119 -0.00834858 0.99997 50.6307 -0.0834893 0.996486 0.00891943 -1.93544 -0.996519 -0.0835503 0.0064772 113.975
0.0085071 -0.00812829 0.999963 51.3839 -0.0853135 0.996329 0.00882235 -1.96514 -0.996355 -0.0853843 0.00778107 113.953
0.008675 -0.0102954 0.999941 52.0462 -0.0843792 0.996389 0.0109895 -1.98992 -0.996433 -0.0844685 0.00777317 113.964
0.00780723 -0.0120992 0.999928 52.6939 -0.0855262 0.996269 0.0127205 -2.01381 -0.996343 -0.0856182 0.00674188 113.977
0.00488871 -0.0138755 0.999924 53.4194 -0.0887207 0.995971 0.014253 -2.04707 -0.996082 -0.0887826 0.00363615 113.979
0.000485817 -0.0149904 0.999919 54.1123 -0.0925715 0.995607 0.0149684 -2.06816 -0.995744 -0.09257 -0.000905393 113.972
-0.00604254 -0.0120281 0.999943 54.767 -0.08879 0.996002 0.0114427 -2.08059 -0.996071 -0.0887145 -0.0070882 113.986
-0.0121916 -0.00964292 0.999911 55.4307 -0.0871039 0.996177 0.00854259 -2.09338 -0.996163 -0.0869907 -0.0129863 113.968
-0.0195566 -0.0081276 0.999809 56.1148 -0.0879947 0.996117 0.00637493 -2.1013 -0.995968 -0.0878519 -0.0201976 113.963
-0.024246 -0.00906228 0.999697 56.8181 -0.0923782 0.995716 0.00678338 -2.10762 -0.995467 -0.0921844 -0.0249805 113.92
-0.0294257 -0.0109447 0.999543 57.4814 -0.0938029 0.995576 0.00813831 -2.12435 -0.995196 -0.093519 -0.030324 113.906
-0.0337181 -0.0104499 0.999409 58.2224 -0.0958331 0.995386 0.0071722 -2.13494 -0.994865 -0.0955331 -0.0345652 113.876
-0.0382886 -0.0119862 0.999232 58.9337 -0.0982386 0.995149 0.00817146 -2.16024 -0.994467 -0.0978486 -0.0392821 113.873
-0.0414142 -0.0158127 0.999049 59.6122 -0.0994744 0.994987 0.0116224 -2.18054 -0.994217 -0.098897 -0.0427807 113.87
-0.0431712 -0.0199317 0.998906 60.3153 -0.097762 0.995107 0.0156292 -2.19243 -0.994314 -0.0969785 -0.04491 113.85
-0.0445928 -0.0234718 0.998764 61.0114 -0.0986235 0.994959 0.0189767 -2.20345 -0.994166 -0.0976536 -0.0466841 113.834
-0.0449208 -0.024702 0.998722 61.7807 -0.0995684 0.994846 0.0201261 -2.21655 -0.994057 -0.0985353 -0.0471505 113.782
-0.0450011 -0.0216641 0.998787 62.498 -0.0975806 0.995095 0.0171851 -2.22443 -0.994251 -0.096687 -0.0468958 113.754
-0.0449776 -0.018667 0.998851 63.2576 -0.0915196 0.995717 0.0144857 -2.23108 -0.994828 -0.0907611 -0.0464952 113.71
-0.0455129 -0.0148753 0.998889 63.9662 -0.0857941 0.99627 0.0109249 -2.23911 -0.995314 -0.0851996 -0.0466207 113.681
-0.0454197 -0.0135102 0.998914 64.7503 -0.0850238 0.996352 0.00960794 -2.23806 -0.995385 -0.0844935 -0.0464047 113.632
-0.0452431 -0.015586 0.998891 65.5268 -0.0871378 0.996146 0.0115941 -2.2362 -0.995209 -0.0865146 -0.0464282 113.594
-0.0449676 -0.0209827 0.998806 66.2475 -0.0873691 0.996052 0.0169897 -2.24576 -0.995202 -0.0864992 -0.0466254 113.575
-0.0448701 -0.0228706 0.998768 67.03 -0.0853962 0.996182 0.0189727 -2.24354 -0.995377 -0.0844376 -0.0466534 113.541
-0.0455427 -0.023082 0.998733 67.785 -0.0856762 0.99616 0.0191139 -2.2399 -0.995323 -0.0846956 -0.0473474 113.511
-0.0472684 -0.0219718 0.998677 68.5227 -0.0884913 0.995935 0.0177208 -2.23563 -0.994996 -0.0875344 -0.0490222 113.485
-0.0491676 -0.021393 0.9986 69.3149 -0.0884242 0.995957 0.0169809 -2.23593 -0.99491 -0.0874636 -0.0508627 113.444
-0.0512506 -0.0212175 0.998497 70.041 -0.0880201 0.995995 0.0166442 -2.23783 -0.994842 -0.0870326 -0.0529144 113.417
-0.0532746 -0.0215885 0.998386 70.7649 -0.0879229 0.996003 0.0168436 -2.24337 -0.994743 -0.0868815 -0.0549619 113.398
-0.0554752 -0.0217476 0.99826 71.529 -0.0884912 0.995951 0.0167773 -2.24398 -0.994574 -0.0874043 -0.0571765 113.367
-0.0571002 -0.0216372 0.998174 72.2929 -0.0910653 0.995729 0.0163732 -2.24526 -0.994249 -0.0899619 -0.0588288 113.338
-0.058504 -0.0202355 0.99812 73.035 -0.0908604 0.995768 0.0148597 -2.24474 -0.994187 -0.0898179 -0.0600965 113.32
-0.0592364 -0.0204336 0.998075 73.8629 -0.0923469 0.995633 0.014901 -2.25572 -0.994006 -0.0912839 -0.0608668 113.26
-0.0608805 -0.0204807 0.997974 74.6143 -0.0935784 0.995519 0.0147193 -2.26047 -0.993793 -0.0924902 -0.0625257 113.238
-0.0625524 -0.0225402 0.997826 75.3661 -0.0932602 0.995521 0.0166399 -2.26103 -0.993718 -0.0920141 -0.0643763 113.226
-0.0639383 -0.0250407 0.99768 76.1871 -0.0951474 0.995301 0.0188808 -2.26651 -0.993452 -0.0937168 -0.0660219 113.189
-0.0662905 -0.0273214 0.997466 76.9756 -0.0988573 0.994905 0.0206794 -2.26919 -0.992934 -0.0972334 -0.0686556 113.164
-0.0695969 -0.0284672 0.99721 77.7714 -0.0985123 0.99492 0.0215239 -2.27587 -0.992744 -0.0967367 -0.0720491 113.144
-0.0728928 -0.0281359 0.996983 78.5393 -0.0983577 0.99495 0.0208854 -2.28302 -0.992521 -0.0965359 -0.0752939 113.12
-0.0748915 -0.0272121 0.996862 79.3275 -0.100283 0.994783 0.0196188 -2.2891 -0.992181 -0.0984961 -0.077231 113.066
-0.0765952 -0.0250161 0.996789 80.1859 -0.098877 0.994966 0.0173706 -2.31081 -0.992191 -0.0972263 -0.078685 113.012
-0.0770893 -0.0222862 0.996817 80.9763 -0.0972985 0.995164 0.014722 -2.32671 -0.99231 -0.0958511 -0.0788864 112.961
-0.0779462 -0.0191327 0.996815 81.7916 -0.0967625 0.995259 0.0115346 -2.33973 -0.992294 -0.0955526 -0.0794299 112.895
-0.0768986 -0.0188367 0.996903 82.6532 -0.0946453 0.995462 0.0115062 -2.35632 -0.992581 -0.0934646 -0.0783339 112.822
-0.0767303 -0.0199401 0.996893 83.455 -0.0915696 0.995735 0.0128668 -2.36282 -0.992882 -0.0902954 -0.0782307 112.765
-0.0768022 -0.0224981 0.996835 84.3067 -0.091154 0.995735 0.0154475 -2.37452 -0.992916 -0.0896766 -0.0785269 112.713
-0.0765069 -0.0246472 0.996806 85.1229 -0.0921012 0.995614 0.0175468 -2.37938 -0.99285 -0.090462 -0.0784433 112.673
-0.0751597 -0.0275054 0.996835 85.9749 -0.0931375 0.995462 0.0204423 -2.38168 -0.992857 -0.0913037 -0.0773819 112.627
-0.0734877 -0.0309842 0.996857 86.8247 -0.0922688 0.995461 0.0241367 -2.38201 -0.993062 -0.0902025 -0.076015 112.575
-0.0718206 -0.034632 0.996859 87.6756 -0.0916215 0.995419 0.0279783 -2.3797 -0.993245 -0.0893218 -0.0746662 112.521
-0.0694923 -0.0349148 0.997014 88.5597 -0.0930502 0.995277 0.0283662 -2.37961 -0.993277 -0.0907986 -0.072415 112.454
-0.0677743 -0.0312808 0.997253 89.4173 -0.0918996 0.995473 0.0249766 -2.38239 -0.993504 -0.089952 -0.0703438 112.396
-0.0647963 -0.0255267 0.997616 90.2843 -0.090987 0.99568 0.0195653 -2.38504 -0.993786 -0.0894998 -0.0668414 112.325
-0.0629924 -0.0222344 0.997811 91.2094 -0.0922641 0.995619 0.0163581 -2.38443 -0.993786 -0.0910291 -0.0647698 112.264
-0.0606055 -0.0248558 0.997896 92.0379 -0.0929148 0.995511 0.0191511 -2.38269 -0.993873 -0.091556 -0.0626454 112.211
-0.0586815 -0.027832 0.997934 92.9381 -0.0927773 0.995456 0.0223046 -2.38616 -0.994003 -0.0912738 -0.060999 112.141
-0.0583697 -0.0294658 0.997904 93.8224 -0.09166 0.995521 0.0240319 -2.38008 -0.994123 -0.0900622 -0.0608116 112.107
-0.0575841 -0.0294595 0.997952 94.7203 -0.0918281 0.995502 0.0240857 -2.37397 -0.994155 -0.09025 -0.0600325 112.061
-0.0567117 -0.029508 0.997998 95.631 -0.0918157 0.995501 0.0242145 -2.36975 -0.994205 -0.0902556 -0.0591684 112.01
-0.0560494 -0.0316432 0.997972 96.4877 -0.088588 0.995732 0.0265938 -2.36433 -0.994537 -0.0869146 -0.0586155 111.965
-0.0552572 -0.032859 0.997975 97.3817 -0.0859629 0.995924 0.0280296 -2.36271 -0.99481 -0.084237 -0.0578593 111.925
-0.054315 -0.0321134 0.998053 98.2369 -0.0834848 0.996148 0.0275058 -2.36111 -0.995075 -0.0818252 -0.0567888 111.879
-0.0526256 -0.0299268 0.99821 99.065 -0.0824602 0.996287 0.0255197 -2.35716 -0.99525 -0.0809665 -0.0549006 111.822
-0.0513889 -0.0283611 0.998322 99.9613 -0.0848898 0.996122 0.0239258 -2.34847 -0.995112 -0.0835146 -0.0535993 111.782
-0.0502854 -0.0324136 0.998253 100.863 -0.0891787 0.995647 0.0278346 -2.34163 -0.994792 -0.08762 -0.0529597 111.746
-0.0499176 -0.0339956 0.998221 101.758 -0.0931272 0.995244 0.0292342 -2.33339 -0.994449 -0.0914988 -0.0528482 111.712
-0.0506359 -0.0334688 0.9982 102.592 -0.0959438 0.994999 0.0284922 -2.33018 -0.994145 -0.0943252 -0.0535964 111.67
-0.0523855 -0.0287983 0.998259 103.461 -0.0992093 0.994809 0.0234894 -2.32059 -0.993734 -0.0978024 -0.0549726 111.653
-0.0536958 -0.0261872 0.998258 104.261 -0.100093 0.994783 0.0207097 -2.31195 -0.993575 -0.0988037 -0.0560394 111.625
-0.0541603 -0.0257038 0.99825 105.144 -0.0993825 0.994864 0.0202213 -2.30839 -0.993622 -0.0981097 -0.0564387 111.588
-0.0542046 -0.0263338 0.998228 105.941 -0.0983936 0.994948 0.0209019 -2.31139 -0.993718 -0.0970829 -0.0565244 111.535
-0.0542719 -0.0257549 0.998243 106.798 -0.0965713 0.995138 0.0204211 -2.31208 -0.993894 -0.0952896 -0.0564972 111.481
-0.053695 -0.0230808 0.998337 107.591 -0.0956845 0.995272 0.017861 -2.32125 -0.99401 -0.094563 -0.0556522 111.413
-0.0544898 -0.0219826 0.99832 108.456 -0.0968214 0.995184 0.0166255 -2.32778 -0.993858 -0.0957491 -0.0563576 111.382
-0.0558575 -0.0218943 0.998246 109.283 -0.0981697 0.995057 0.0163285 -2.33168 -0.993649 -0.0970821 -0.0577332 111.35
-0.0578149 -0.0229344 0.998113 110.082 -0.100352 0.994828 0.0170427 -2.33846 -0.993319 -0.0991731 -0.0598191 111.31
-0.060898 -0.0216968 0.997956 110.888 -0.100771 0.994811 0.0154764 -2.34806 -0.993093 -0.0996186 -0.0627707 111.268
-0.0633651 -0.0191243 0.997857 111.687 -0.100694 0.994859 0.0126692 -2.35356 -0.992947 -0.099671 -0.0649666 111.211
-0.0658141 -0.0177775 0.997721 112.484 -0.102022 0.994743 0.0109919 -2.35971 -0.992651 -0.101063 -0.0672841 111.152
-0.0684029 -0.0177328 0.99755 113.276 -0.101489 0.994801 0.0107213 -2.36742 -0.992532 -0.100502 -0.0698483 111.089
-0.0716129 -0.019573 0.997289 114.053 -0.100652 0.994868 0.0122951 -2.38046 -0.99239 -0.0994956 -0.0732176 111.043
-0.0743275 -0.0191779 0.9971 114.825 -0.0995603 0.994984 0.0117121 -2.39265 -0.992302 -0.0983968 -0.0758653 110.993
-0.0763654 -0.0149844 0.997016 115.635 -0.104546 0.994518 0.00693655 -2.40735 -0.991632 -0.103701 -0.0775153 110.954
-0.0778131 -0.00839364 0.996984 116.418 -0.106666 0.994317 4.25896e-05 -2.42554 -0.991296 -0.106336 -0.0782675 110.903
-0.0800748 -0.00568228 0.996822 117.141 -0.10227 0.994776 -0.00254751 -2.43024 -0.991578 -0.102145 -0.0802396 110.832
-0.0827318 -0.00778488 0.996594 117.931 -0.100143 0.994994 -0.000544555 -2.44476 -0.991579 -0.0998425 -0.0830985 110.762
-0.0852286 -0.0158416 0.996286 118.697 -0.102395 0.994742 0.00705474 -2.46384 -0.991135 -0.101409 -0.0864043 110.687
-0.087085 -0.0182915 0.996085 119.484 -0.103773 0.99458 0.00918758 -2.48098 -0.990833 -0.102563 -0.0885122 110.625
-0.0886637 -0.0154454 0.995992 120.209 -0.104566 0.994523 0.00611126 -2.49777 -0.990607 -0.103602 -0.0897948 110.563
-0.0912469 -0.0122111 0.995807 120.957 -0.107056 0.994272 0.00237894 -2.51208 -0.990109 -0.106385 -0.0920325 110.502
-0.0937267 -0.00995335 0.995599 121.726 -0.106902 0.994293 -0.000126382 -2.53163 -0.989892 -0.10644 -0.0942574 110.441
-0.0953116 -0.00587494 0.995483 122.45 -0.103551 0.994637 -0.0040482 -2.5452 -0.9901 -0.103464 -0.0954099 110.357
-0.0968692 -0.00161554 0.995348 123.182 -0.103361 0.994632 -0.00844764 -2.55998 -0.989966 -0.103695 -0.0965178 110.28
-0.0996569 0.000339951 0.995076 123.962 -0.104631 0.994473 -0.0108224 -2.58109 -0.989559 -0.105189 -0.0990715 110.211
-0.101852 -0.00199497 0.994849 124.728 -0.103741 0.994591 -0.0086293 -2.60059 -0.989426 -0.104082 -0.101509 110.141
-0.106756 -0.00606721 0.994321 125.445 -0.0997436 0.995024 -0.00464147 -2.62525 -0.989323 -0.0996679 -0.106831 110.07
-0.112176 -0.00795651 0.993709 126.18 -0.0979198 0.995214 -0.00308815 -2.64754 -0.988903 -0.0976466 -0.11242 109.984
-0.117956 -0.00914071 0.993031 126.913 -0.100012 0.995004 -0.00272486 -2.66911 -0.988024 -0.0996313 -0.118282 109.894
-0.126295 -0.00939567 0.992001 127.652 -0.101449 0.994859 -0.00349593 -2.69437 -0.986842 -0.101075 -0.1266 109.803
-0.136525 -0.00937582 0.990647 128.379 -0.103433 0.994646 -0.00484481 -2.71981 -0.985277 -0.103122 -0.136764 109.7
-0.148318 -0.00877008 0.988954 129.103 -0.103079 0.994675 -0.00664132 -2.74602 -0.983605 -0.102922 -0.148433 109.592
-0.159947 -0.0084044 0.987145 129.813 -0.103249 0.994643 -0.00826507 -2.77145 -0.981766 -0.103239 -0.159957 109.456
-0.171328 -0.00884944 0.985228 130.538 -0.101178 0.994855 -0.00866156 -2.7983 -0.980057 -0.101164 -0.171341 109.315
-0.180898 -0.00934388 0.983513 131.25 -0.0986518 0.995106 -0.00869517 -2.82822 -0.978597 -0.0985936 -0.180934 109.152
-0.191296 -0.00964614 0.981539 131.943 -0.095024 0.995462 -0.00873946 -2.85262 -0.976974 -0.0949379 -0.191344 109.015
-0.200097 -0.00961434 0.979786 132.654 -0.0890299 0.996017 -0.00841261 -2.87833 -0.975778 -0.0889092 -0.200154 108.856
-0.208918 -0.0103269 0.977934 133.355 -0.0847631 0.996398 -0.00758905 -2.90394 -0.974305 -0.0844748 -0.209039 108.719
-0.214782 -0.0100399 0.976668 134.08 -0.0845183 0.996411 -0.008348 -2.92555 -0.973054 -0.084335 -0.214858 108.552
-0.220922 -0.0129134 0.975262 134.785 -0.0806315 0.996757 -0.00507001 -2.94844 -0.972006 -0.0797537 -0.221245 108.409
-0.223804 -0.0166696 0.974551 135.465 -0.0753545 0.997182 -0.000252455 -2.9702 -0.971774 -0.0734893 -0.224426 108.255
-0.225354 -0.0184901 0.974159 136.176 -0.0697641 0.997587 0.00279311 -2.98692 -0.97183 -0.0673288 -0.226098 108.09
-0.226422 -0.0209817 0.973863 136.874 -0.0679054 0.9977 0.00570324 -3.0135 -0.971717 -0.0648355 -0.227323 107.929
-0.226899 -0.0159422 0.973845 137.544 -0.065132 0.997903 0.00115771 -3.03076 -0.971791 -0.0631629 -0.22746 107.785
-0.225319 -0.0125467 0.974265 138.232 -0.0664694 0.997811 -0.00252665 -3.03755 -0.972071 -0.0653243 -0.225657 107.63
-0.224345 -0.0120788 0.974492 138.899 -0.0647856 0.997923 -0.00254847 -3.04393 -0.972407 -0.0637019 -0.22466 107.466
-0.223076 -0.0152542 0.974743 139.578 -0.0634739 0.998009 0.00108771 -3.07586 -0.972789 -0.0616245 -0.223597 107.322
-0.21994 -0.018194 0.975398 140.247 -0.061115 0.998147 0.00483453 -3.09836 -0.973646 -0.0585458 -0.220642 107.149
-0.218834 -0.017411 0.975668 140.916 -0.0606181 0.99818 0.00421239 -3.10645 -0.973934 -0.0582178 -0.219488 107.009
-0.215778 -0.0154801 0.976375 141.559 -0.0604012 0.998199 0.00247442 -3.12429 -0.974623 -0.058438 -0.216322 106.855
-0.21127 -0.0136701 0.977394 142.229 -0.0589074 0.998291 0.00122482 -3.13368 -0.975709 -0.0573136 -0.211711 106.71
-0.205723 -0.014798 0.978553 142.871 -0.0575674 0.998365 0.00299195 -3.14582 -0.976966 -0.055715 -0.206236 106.575
-0.200361 -0.0168424 0.97964 143.476 -0.0546285 0.998517 0.0059897 -3.16062 -0.978256 -0.0523129 -0.200981 106.448
-0.195216 -0.0189166 0.980633 144.078 -0.0560197 0.998425 0.00810468 -3.16902 -0.97921 -0.0533505 -0.195966 106.326
-0.190584 -0.0200827 0.981529 144.707 -0.0564287 0.99839 0.00946661 -3.18663 -0.980107 -0.0535788 -0.191407 106.2
-0.187745 -0.0218809 0.982031 145.311 -0.0570811 0.998333 0.0113283 -3.19733 -0.980611 -0.0539261 -0.188679 106.099
-0.183736 -0.0238 0.982752 145.895 -0.0528381 0.998529 0.0142992 -3.19829 -0.981614 -0.0492962 -0.184721 105.987
-0.181054 -0.0254448 0.983201 146.496 -0.0501537 0.998631 0.0166054 -3.20402 -0.982247 -0.0463024 -0.182081 105.915
-0.178248 -0.0266615 0.983689 147.109 -0.0514282 0.998548 0.0177409 -3.20771 -0.982701 -0.0474237 -0.179358 105.826
-0.174315 -0.0260128 0.984403 147.77 -0.0538068 0.998437 0.0168527 -3.22126 -0.983272 -0.0500275 -0.175441 105.715
-0.16999 -0.0227236 0.98525 148.372 -0.0518139 0.998587 0.0140872 -3.2241 -0.984143 -0.0486516 -0.170925 105.629
-0.164752 -0.0188293 0.986212 148.956 -0.048327 0.998798 0.0109934 -3.22317 -0.985204 -0.0458472 -0.165463 105.549
-0.15769 -0.017165 0.987405 149.553 -0.0485118 0.998806 0.00961146 -3.22066 -0.986357 -0.0463818 -0.158333 105.457
-0.148761 -0.0198024 0.988732 150.152 -0.051697 0.998615 0.0122193 -3.24047 -0.987575 -0.0492944 -0.149578 105.382
