1 0 0 0 0 1 0 0 0 0 1 0
0.999995 -0.00287369 0.00187504 -0.0476349 0.00287385 0.999996 -0.000172156 -0.00618746 -0.00187467 0.000177484 0.999998 0.48557
0.999991 -0.00304831 0.0028111 -0.0782017 0.00305194 0.999994 -0.00131762 -0.0247681 -0.00280709 0.00132621 0.999995 0.985873
0.999993 -0.00360411 -0.000604696 -0.0524575 0.00360175 0.99999 -0.00348256 -0.0211342 0.00061634 0.00348008 0.999994 1.5791
0.999989 -0.00408774 -0.00250854 -0.0865488 0.00407056 0.999968 -0.00675545 -0.0100296 0.00253589 0.00674501 0.999975 2.23798
0.999944 -0.00758089 -0.00728419 -0.0214235 0.00750501 0.999921 -0.0103603 -0.00274148 0.0073611 0.0103047 0.99992 2.6584
0.999921 -0.00905356 -0.00897546 -0.0259839 0.00894891 0.999894 -0.0115773 -0.00545653 0.00907869 0.0114957 0.999895 3.25135
0.999917 -0.00871969 -0.00948553 -0.00997866 0.00861617 0.999907 -0.0108825 -0.0235641 0.00957818 0.0107996 0.999896 3.73631
0.999943 -0.00938271 -0.00551844 -0.126646 0.0093241 0.999904 -0.0104489 -0.0594012 0.00561537 0.0103964 0.999932 4.35897
0.999958 -0.0086162 -0.00346666 -0.207774 0.00857211 0.999889 -0.012474 -0.0975778 0.00357233 0.0124434 0.999917 4.92746
0.999967 -0.00734439 -0.00419693 -0.228724 0.00727823 0.999856 -0.0154195 -0.122252 0.004309 0.0153879 0.999875 5.47691
0.999977 -0.0056452 -0.00382167 -0.282437 0.00556309 0.999768 -0.0210535 -0.102941 0.00393821 0.0210314 0.999773 6.14908
0.999993 -0.00279134 -0.00339664 -0.329684 0.00271077 0.999726 -0.0233061 -0.0853007 0.00346015 0.0232962 0.999725 6.80291
0.999989 -0.000455968 -0.00474134 -0.339202 0.000374381 0.999859 -0.0170954 -0.0907846 0.00474704 0.017093 0.999845 7.47654
0.999984 7.45111e-06 -0.00605594 -0.319283 -5.91333e-05 0.999966 -0.00845075 -0.0870394 0.00605491 0.00845057 0.999949 8.08554
0.99997 0.00113191 -0.00754649 -0.303382 -0.00114499 1 -0.00165614 -0.108778 0.00754309 0.00166429 0.999971 8.74397
0.999949 0.00562192 -0.00871215 -0.305808 -0.00564644 0.999982 -0.00272973 -0.137872 0.00869578 0.00277838 0.999961 9.42543
0.999925 0.00847102 -0.00881266 -0.322863 -0.00854119 0.999938 -0.00789235 -0.185294 0.00874377 0.00796657 0.99993 10.0909
0.999925 0.00797418 -0.00949823 -0.331798 -0.00810863 0.999868 -0.0141375 -0.182329 0.00938327 0.0142129 0.999857 10.7905
0.999938 0.00632025 -0.00918631 -0.35329 -0.00643357 0.99991 -0.0123041 -0.199112 0.00910619 0.012362 0.999883 11.5185
0.999955 0.0069707 -0.00677014 -0.396196 -0.00699188 0.999972 -0.00301009 -0.213946 0.00674787 0.00305669 0.999974 12.276
0.999954 0.00640507 -0.00723916 -0.402546 -0.00637901 0.99998 0.00368121 -0.215211 0.00726093 -0.00363535 0.999969 13.0618
0.999958 0.00540279 -0.00761225 -0.409108 -0.00535947 0.999971 0.00575895 -0.2169 0.00764168 -0.00571852 0.999958 13.851
0.999975 0.00369169 -0.00622338 -0.424957 -0.00366073 0.999987 0.00502331 -0.227696 0.00623991 -0.00500081 0.999971 14.637
0.99998 0.00298456 -0.00579684 -0.42486 -0.00296888 0.999994 0.00277983 -0.233395 0.00580343 -0.00276319 0.999982 15.4519
0.999975 0.00588884 -0.00441776 -0.450741 -0.00589236 0.999989 -0.000716283 -0.240432 0.00441141 0.000741776 0.999993 16.3154
0.999995 0.00278902 -0.00271307 -0.461039 -0.00280696 0.999977 -0.00651504 -0.247917 0.00269289 0.00652194 0.999979 17.1606
1 -0.000248018 -0.00205698 -0.461147 0.000220089 0.999916 -0.013441 -0.255099 0.00205802 0.0134401 0.999912 18.0449
1 0.000783006 -0.000760982 -0.4708 -0.0007977 0.999818 -0.019218 -0.267359 0.000743809 0.0192179 0.999819 18.969
1 0.00198314 -0.000184483 -0.477728 -0.00198668 0.9998 -0.0201256 -0.288672 0.000142356 0.0201254 0.999801 19.8933
1 0.00207754 0.000316434 -0.490396 -0.00207063 0.999793 -0.0204051 -0.305904 -0.000360915 0.0204037 0.999796 20.8174
0.999995 0.00358062 0.00199712 -0.513543 -0.00353567 0.999754 -0.0221204 -0.334709 -0.0020782 0.0221126 0.99976 21.7567
0.999976 0.00700149 0.00268506 -0.528871 -0.00693301 0.999675 -0.0246553 -0.357697 -0.00285892 0.0246352 0.999698 22.7102
0.99995 0.0102114 0.00200504 -0.531434 -0.0101574 0.999633 -0.0253056 -0.390457 -0.00226499 0.0252833 0.999684 23.6836
0.99993 0.0119859 0.00225426 -0.540392 -0.0119249 0.999608 -0.0254954 -0.421629 -0.00256117 0.0254658 0.999678 24.6475
0.999924 0.0125034 0.00289219 -0.555461 -0.0124276 0.999618 -0.0249175 -0.464947 -0.00320489 0.0248786 0.999693 25.631
0.999918 0.0128836 0.00291557 -0.559328 -0.0128079 0.999617 -0.0247067 -0.502657 -0.003235 0.0246663 0.999698 26.6349
0.999908 0.0137559 0.00282462 -0.570011 -0.0136867 0.999645 -0.0231642 -0.54334 -0.0031445 0.0231224 0.999736 27.6345
0.999902 0.0143166 0.00189523 -0.565884 -0.0142732 0.999674 -0.0213338 -0.577457 -0.00220231 0.0213036 0.999779 28.6471
0.999901 0.0144999 0.000854298 -0.561151 -0.0144796 0.999699 -0.0201558 -0.61245 -0.00114857 0.0201405 0.999805 29.668
0.999907 0.0140601 0.000680134 -0.563034 -0.0140423 0.999674 -0.0215361 -0.644135 -0.000985232 0.0215236 0.999778 30.7
0.999891 0.0152814 -1.78804e-05 -0.561955 -0.0152778 0.999635 -0.0226093 -0.678062 -0.000329934 0.0226062 0.999754 31.7384
0.999896 0.014863 -0.000604578 -0.571563 -0.0148728 0.999657 -0.0217967 -0.711012 0.000277806 0.0218024 0.999773 32.8239
0.999903 0.0144267 -0.000903483 -0.578657 -0.0144411 0.999723 -0.0190207 -0.746664 0.000626594 0.019031 0.999829 33.8731
0.999899 0.0145906 -0.00121634 -0.588157 -0.0146072 0.999788 -0.0148661 -0.784712 0.000996615 0.0148812 0.9999 34.948
0.999881 0.0157675 -0.00236876 -0.59694 -0.0157956 0.999805 -0.0124652 -0.821565 0.00216943 0.0125003 0.999931 35.9966
0.999882 0.0156843 -0.00192839 -0.623235 -0.0157057 0.999814 -0.0116131 -0.854771 0.0017433 0.0116409 0.999942 37.0409
0.999882 0.015753 -0.00208341 -0.642112 -0.0157799 0.999789 -0.0136739 -0.874618 0.00186528 0.0137043 0.999915 38.1199
0.999874 0.0163579 -0.000256656 -0.687747 -0.01636 0.999756 -0.0151819 -0.893819 5.69376e-06 0.0151831 0.999896 39.2111
0.999879 0.0160329 -0.00110678 -0.691195 -0.0160466 0.99978 -0.0140556 -0.92479 0.00087886 0.0140708 0.999913 40.3072
0.999875 0.016093 -0.00286497 -0.684214 -0.016127 0.999801 -0.0122558 -0.955861 0.0026646 0.0122994 0.999934 41.4028
0.999818 0.018982 -0.00456302 -0.672147 -0.019032 0.999764 -0.0112542 -0.987314 0.00434602 0.0113381 0.999939 42.5121
0.99977 0.0210524 -0.00569017 -0.679393 -0.0211199 0.999709 -0.012062 -1.01714 0.00543208 0.0121783 0.999924 43.6091
0.99973 0.022792 -0.00607087 -0.688369 -0.0228844 0.999623 -0.0156831 -1.05669 0.0057088 0.0158169 0.999871 44.7186
0.999664 0.0256695 -0.00546919 -0.709654 -0.0257734 0.999476 -0.0198494 -1.10092 0.0049543 0.0199826 0.999801 45.8277
0.999656 0.0261723 -0.00461894 -0.737754 -0.0262596 0.99946 -0.0200896 -1.13938 0.00408837 0.020203 0.9998 46.9021
0.999646 0.0267633 -0.00279631 -0.775538 -0.0268078 0.999497 -0.0173051 -1.17911 0.00232938 0.0173729 0.999861 47.9818
0.999636 0.0272676 -0.00171574 -0.797997 -0.0272896 0.999528 -0.0146589 -1.2217 0.00131311 0.0146994 0.999906 49.0754
0.999709 0.0244765 -0.000589039 -0.82411 -0.024482 0.999638 -0.0116815 -1.2705 0.000300653 0.0116916 0.999948 50.1567
0.99972 0.0240918 0.000796438 -0.839907 -0.0240805 0.999649 -0.0117432 -1.31297 -0.00108129 0.0117198 0.999947 51.2531
0.999741 0.0231521 0.0015266 -0.84261 -0.0231307 0.999656 -0.0128485 -1.35248 -0.00182614 0.0128088 0.999933 52.3227
0.999735 0.0232764 0.00327189 -0.876849 -0.0232246 0.999627 -0.0149897 -1.38426 -0.003622 0.0149087 0.9999 53.431
0.999769 0.0216083 0.00392472 -0.871977 -0.0215309 0.999598 -0.0187951 -1.4043 -0.00433191 0.0187053 0.999833 54.4345
0.999795 0.0203467 0.00415007 -0.863421 -0.0202524 0.999572 -0.0215632 -1.45218 -0.0045897 0.0214736 0.999777 55.5016
0.999832 0.0185896 0.00329652 -0.846391 -0.0185089 0.99957 -0.0230308 -1.49868 -0.00372597 0.022965 0.999748 56.6087
0.999865 0.0168115 0.00317286 -0.839517 -0.0167427 0.999659 -0.0205094 -1.54361 -0.00351935 0.0204523 0.999803 57.7104
0.99989 0.0151656 0.0031348 -0.830889 -0.01512 0.999793 -0.0141328 -1.5877 -0.00335132 0.0140829 0.999914 58.816
0.999913 0.0137208 0.00320219 -0.821158 -0.013695 0.999885 -0.00785017 -1.6241 -0.00331243 0.00780432 0.999982 59.8969
0.999936 0.0117752 0.00359126 -0.828194 -0.0117507 0.999917 -0.00677541 -1.65843 -0.0036739 0.00673177 0.999991 61.0159
0.999969 0.00783491 0.00497074 -0.832699 -0.00778891 0.999938 -0.00914224 -1.69054 -0.00504491 0.00910197 0.999964 62.095
0.999963 0.00641017 0.00762837 -0.867071 -0.00631974 0.99992 -0.0118063 -1.72327 -0.0077068 0.0117567 0.999922 63.1681
0.999948 0.00858969 0.00755876 -0.862253 -0.00846721 0.999847 -0.016054 -1.75225 -0.0076983 0.0159878 0.999862 64.2843
0.999934 0.00894978 0.00888314 -0.880688 -0.00876385 0.999756 -0.0207437 -1.77809 -0.00906993 0.0206634 0.999767 65.3507
0.999879 0.0121121 0.0110577 -0.903896 -0.0118592 0.999686 -0.0226207 -1.79811 -0.0113312 0.0224854 0.999704 66.4399
0.999816 0.0160764 0.0117171 -0.912611 -0.0158391 0.999683 -0.0200613 -1.81635 -0.0120392 0.0198709 0.999752 67.5155
0.99977 0.0179755 0.0128524 -0.927797 -0.0177339 0.999681 -0.0186281 -1.84561 -0.013186 0.0183945 0.999768 68.615
0.999781 0.0177254 0.0123404 -0.912896 -0.0174851 0.999671 -0.0193151 -1.86663 -0.0126821 0.0190938 0.99976 69.7209
0.999798 0.01586 0.0135349 -0.923387 -0.0155977 0.999705 -0.0192387 -1.89394 -0.013839 0.0190222 0.999747 70.8151
0.99978 0.0149209 0.015799 -0.939182 -0.0146287 0.999734 -0.0184365 -1.92507 -0.0160736 0.0182001 0.999731 71.8968
0.999798 0.0127177 0.0165309 -0.935915 -0.0124389 0.999794 -0.0168321 -1.95488 -0.0167446 0.0166217 0.999746 72.9912
0.999776 0.0115862 0.0186761 -0.956116 -0.0112817 0.999816 -0.016307 -1.97766 -0.0188654 0.0160914 0.999719 74.0767
0.999749 0.0107719 0.0204568 -0.965987 -0.0104011 0.999795 -0.0181131 -2.01071 -0.0206508 0.0178943 0.999651 75.1401
0.999794 0.0110784 0.0179976 -0.928775 -0.0106768 0.999709 -0.0222459 -2.0468 -0.0182426 0.022048 0.999618 76.2644
0.99982 0.0114503 0.0162646 -0.903697 -0.0110537 0.999658 -0.0242299 -2.08933 -0.0165397 0.0240443 0.9996 77.3338
0.999797 0.0130741 0.0164314 -0.903018 -0.0127057 0.999684 -0.0223062 -2.13541 -0.0167216 0.0220916 0.999644 78.4017
0.999796 0.014276 0.0155304 -0.888421 -0.0140043 0.999763 -0.017433 -2.18543 -0.0157788 0.0172104 0.999755 79.4911
0.999792 0.0153472 0.014691 -0.879717 -0.01514 0.9998 -0.0140809 -2.21392 -0.0149077 0.0138544 0.999822 80.5647
0.999772 0.0163895 0.0150471 -0.887848 -0.0161795 0.999787 -0.0139627 -2.24299 -0.0152755 0.0137145 0.999819 81.6437
0.999772 0.0164935 0.0148745 -0.889632 -0.0162485 0.999748 -0.0164078 -2.27236 -0.0151447 0.0161612 0.999784 82.7155
0.999778 0.0162633 0.0147792 -0.891869 -0.0160101 0.999741 -0.0170682 -2.30943 -0.0150557 0.0168262 0.999775 83.7685
0.999796 0.0154664 0.0143585 -0.890534 -0.0152159 0.999749 -0.0173593 -2.34597 -0.0146268 0.017136 0.999776 84.8145
0.999803 0.0148705 0.0145101 -0.89527 -0.0146177 0.999759 -0.0173311 -2.38051 -0.014767 0.017114 0.999775 85.8587
0.999816 0.0135756 0.0149187 -0.905063 -0.0133402 0.999803 -0.0157269 -2.42059 -0.0151326 0.0155237 0.999796 86.8796
0.999822 0.0135284 0.0145363 -0.902391 -0.0133387 0.999843 -0.0130365 -2.45601 -0.0147129 0.0128387 0.999841 87.8637
0.999844 0.0123499 0.0140653 -0.902881 -0.0121868 0.999875 -0.0115969 -2.49746 -0.0142099 0.0114224 0.999866 88.8503
0.999875 0.0113284 0.0126933 -0.90946 -0.0111799 0.999886 -0.0116804 -2.52417 -0.0128266 0.0115354 0.999884 89.8102
0.999922 0.00995169 0.00984185 -0.912451 -0.00983324 0.999897 -0.0119735 -2.56444 -0.00996319 0.0118745 0.999911 90.7581
0.999942 0.0100244 0.00745719 -0.927089 -0.0099307 0.99989 -0.0124425 -2.60108 -0.00758365 0.0123661 0.999928 91.6824
0.999961 0.00953403 0.00538545 -0.947044 -0.00946893 0.999901 -0.0119588 -2.63396 -0.00550215 0.011906 0.999947 92.5787
0.999959 0.0104828 0.00330825 -0.9667 -0.0104462 0.999905 -0.0107968 -2.66482 -0.00342369 0.0107601 0.999969 93.4608
0.999958 0.0111375 0.00164471 -0.993132 -0.0111214 0.999911 -0.00944627 -2.69613 -0.00175307 0.00942619 0.999988 94.3122
0.999947 0.0120613 -0.000725094 -1.01212 -0.0120664 0.999915 -0.007692 -2.72545 0.00062969 0.00769866 1 95.1234
0.999926 0.0134988 -0.00303582 -1.03041 -0.0135184 0.999905 -0.00654054 -2.75215 0.00294386 0.00657957 1.00001 95.915
0.999884 0.0155559 -0.00571042 -1.04233 -0.01559 0.999879 -0.00599466 -2.77869 0.00561387 0.00608129 1 96.6745
0.999833 0.0173321 -0.00882452 -1.04646 -0.0173567 0.999864 -0.00271921 -2.86894 0.00877269 0.00287036 0.999992 97.3911
0.999779 0.0189912 -0.0112579 -1.06721 -0.0190621 0.999819 -0.00623128 -2.89232 0.0111348 0.00644277 0.999955 98.0874
0.999688 0.0217163 -0.0140924 -1.08523 -0.0218576 0.99973 -0.00994272 -2.91473 0.0138692 0.010246 0.999886 98.7897
0.999621 0.0223892 -0.0173645 -1.10185 -0.0226085 0.999686 -0.0125444 -2.94874 0.0170753 0.0129304 0.999809 99.5215
0.999482 0.0251252 -0.0212658 -1.06903 -0.0254243 0.999599 -0.0139063 -2.97191 0.0209044 0.014438 0.999712 100.148
0.999391 0.0274479 -0.0225496 -1.04144 -0.0277625 0.99954 -0.0137689 -2.99305 0.0221585 0.0143847 0.99969 100.75
0.999297 0.0318868 -0.0208587 -1.04167 -0.0321603 0.999419 -0.0129096 -3.0169 0.0204314 0.0135696 0.999734 101.372
0.999286 0.0341464 -0.0174968 -1.02678 -0.0343587 0.999358 -0.0119816 -3.03987 0.0170736 0.0125724 0.999814 101.943
0.999326 0.0350981 -0.012786 -0.977493 -0.0352157 0.999357 -0.00908012 -3.07857 0.0124557 0.00952256 0.999911 102.494
0.999404 0.0345892 -0.00651524 -0.923 -0.0346356 0.999395 -0.0071792 -3.10112 0.00626024 0.00739874 0.999993 102.972
0.999426 0.0341883 0.00510366 -0.91994 -0.0341517 0.99941 -0.00714403 -3.11221 -0.00534827 0.006964 0.999996 103.464
0.999343 0.0330295 0.0164346 -0.873305 -0.0328932 0.999443 -0.00848026 -3.12319 -0.016708 0.00793227 0.99987 103.914
0.999096 0.030798 0.03012 -0.82912 -0.030497 0.9995 -0.0104103 -3.13916 -0.0304289 0.00948063 0.999526 104.355
0.998545 0.0296451 0.0455656 -0.758841 -0.0289974 0.99949 -0.0148042 -3.13837 -0.0459833 0.0134596 0.998893 104.772
0.997539 0.0297834 0.0638665 -0.662746 -0.0285542 0.99941 -0.0200777 -3.14674 -0.0644301 0.0182029 0.997792 105.191
0.99611 0.0274346 0.0840211 -0.556029 -0.0253232 0.999359 -0.0260922 -3.15025 -0.0846849 0.0238611 0.996163 105.574
0.993909 0.0250108 0.107559 -0.425861 -0.0218699 0.999322 -0.0302849 -3.15709 -0.108246 0.0277463 0.993773 106.004
0.99087 0.0223711 0.133139 -0.283933 -0.0182274 0.999333 -0.0322609 -3.16672 -0.133773 0.0295376 0.990613 106.378
0.986491 0.0205896 0.162673 -0.14058 -0.0151106 0.999299 -0.0348501 -3.17907 -0.16328 0.0319194 0.9861 106.765
0.980724 0.018547 0.194647 0.0302595 -0.0115035 0.99926 -0.0372546 -3.19338 -0.195195 0.0342952 0.980207 107.153
0.972907 0.0158084 0.230763 0.19872 -0.00708831 0.999251 -0.0385707 -3.2102 -0.231203 0.0358882 0.97228 107.55
0.96285 0.0138522 0.269777 0.360774 -0.00313938 0.999213 -0.0401018 -3.23001 -0.270119 0.0377629 0.96213 107.931
0.951777 0.0131236 0.306591 0.585927 -0.000521898 0.999174 -0.0411505 -3.25733 -0.306879 0.0390044 0.950987 108.258
0.936623 0.0157521 0.35006 0.758678 -0.00085593 0.999112 -0.0426682 -3.2676 -0.35042 0.0396621 0.935797 108.606
0.92014 0.0147473 0.391376 0.977475 0.00169085 0.999153 -0.041625 -3.28621 -0.391659 0.0389609 0.919325 108.913
0.902059 0.0139471 0.431448 1.22679 0.00366237 0.999218 -0.0399584 -3.31051 -0.431665 0.0376226 0.901296 109.211
0.879431 0.0121464 0.475925 1.4315 0.00758403 0.999212 -0.0395161 -3.34083 -0.476031 0.0383596 0.878635 109.511
0.854167 0.0122009 0.51991 1.64489 0.0102555 0.999158 -0.0402971 -3.37467 -0.519959 0.0397499 0.853316 109.812
0.827418 0.0134023 0.561472 1.8849 0.0127103 0.999034 -0.0425777 -3.40636 -0.561501 0.0423645 0.826437 110.082
0.798377 0.0160312 0.601992 2.141 0.0140688 0.9989 -0.04526 -3.4429 -0.602049 0.0446013 0.797266 110.344
0.765756 0.0219329 0.642796 2.41744 0.0108632 0.998856 -0.0470234 -3.47834 -0.643093 0.0429898 0.764631 110.587
0.732614 0.0261497 0.680185 2.74089 0.00764589 0.998906 -0.0466389 -3.53435 -0.680652 0.0393664 0.731606 110.797
0.694213 0.0264309 0.719319 3.03396 0.0101535 0.998887 -0.0465025 -3.55779 -0.719749 0.0395846 0.693162 111.022
0.654615 0.0238536 0.755626 3.35544 0.0150851 0.998915 -0.0446029 -3.57356 -0.75586 0.0405938 0.653539 111.228
0.611934 0.0222638 0.790627 3.68396 0.0155101 0.999095 -0.040139 -3.59966 -0.790805 0.0368235 0.611026 111.417
0.567566 0.020981 0.823101 4.03138 0.0166365 0.999202 -0.0369423 -3.61496 -0.823209 0.0346578 0.56676 111.589
0.521455 0.0187552 0.853101 4.3943 0.0189769 0.999278 -0.0335686 -3.62677 -0.853114 0.0336921 0.520715 111.75
0.47233 0.0141578 0.881347 4.76838 0.0223555 0.99938 -0.0280356 -3.65415 -0.881186 0.0329421 0.471717 111.888
0.421719 0.0145467 0.906636 5.15174 0.0203824 0.999486 -0.0255174 -3.669 -0.906545 0.0292388 0.421199 112.031
0.371256 0.0192202 0.92837 5.54626 0.0171376 0.999498 -0.027547 -3.69194 -0.928419 0.0261341 0.370736 112.154
0.321971 0.0251831 0.94644 5.90817 0.0171436 0.999346 -0.0324231 -3.68703 -0.94664 0.026663 0.321323 112.256
0.275836 0.026401 0.960882 6.31815 0.0194699 0.999289 -0.0330466 -3.70833 -0.961055 0.0278208 0.275122 112.337
0.235026 0.0262289 0.971659 6.74204 0.0267235 0.999102 -0.0334338 -3.72058 -0.971669 0.0338222 0.234109 112.403
0.201318 0.0247898 0.979252 7.18101 0.0343907 0.99891 -0.0323587 -3.75182 -0.978969 0.0401886 0.200243 112.437
0.170853 0.0259643 0.984978 7.63087 0.0397317 0.998677 -0.0332175 -3.75621 -0.984542 0.0448084 0.169591 112.487
0.143504 0.0232382 0.989416 8.12688 0.0370301 0.998922 -0.0288334 -3.79677 -0.989003 0.0407728 0.142486 112.548
0.119092 0.0186954 0.992731 8.62673 0.0277944 0.999387 -0.0221556 -3.85461 -0.99254 0.0302293 0.118496 112.608
0.0953411 0.0146673 0.995376 9.13771 0.0229673 0.999617 -0.016931 -3.87176 -0.995228 0.0244725 0.0949652 112.654
0.073369 0.0122728 0.997255 9.65993 0.0273838 0.999542 -0.0143162 -3.8854 -0.996977 0.0283576 0.0729966 112.668
0.052943 0.0131233 0.998552 10.1887 0.0356723 0.999276 -0.0150256 -3.89379 -0.998009 0.0364131 0.0524343 112.675
0.034799 0.0146804 0.999315 10.7423 0.041201 0.99904 -0.0161119 -3.91505 -0.998595 0.0417318 0.0341589 112.679
0.0205295 0.0207052 0.99962 11.31 0.0404862 0.998977 -0.021525 -3.92166 -0.999019 0.0409096 0.0196687 112.682
0.0088833 0.0261637 0.999648 11.9111 0.0380712 0.998943 -0.0264844 -3.92334 -0.999288 0.0382912 0.00787642 112.703
0.0019883 0.0258393 0.999709 12.5323 0.039483 0.998911 -0.0258991 -3.94591 -0.999268 0.0395201 0.000965183 112.703
-0.000764017 0.023025 0.999768 13.1539 0.0453701 0.998726 -0.0229675 -3.96159 -0.999027 0.0453399 -0.00180886 112.685
-0.00122415 0.0215598 0.999812 13.8087 0.0471059 0.998685 -0.0214798 -3.97853 -0.998941 0.0470677 -0.00223865 112.696
-0.000178376 0.0218697 0.999795 14.4977 0.0458063 0.998732 -0.0218395 -3.99174 -0.999007 0.0457911 -0.00118106 112.715
0.000998495 0.0223769 0.999794 15.2213 0.0418461 0.998898 -0.0224006 -4.01226 -0.999174 0.041857 6.05681e-05 112.737
0.00167786 0.0247546 0.999728 15.9388 0.040451 0.998895 -0.024803 -4.02074 -0.999237 0.0404796 0.000673582 112.749
0.00268779 0.0260018 0.999701 16.6774 0.0404642 0.998864 -0.0260909 -4.04086 -0.999229 0.0405195 0.0016322 112.761
0.00398944 0.0259598 0.999693 17.4342 0.0397048 0.998893 -0.0260988 -4.06198 -0.999261 0.0397947 0.00295337 112.764
0.00456566 0.0243976 0.999734 18.1972 0.0384967 0.998981 -0.0245571 -4.09237 -0.9993 0.0385958 0.00362133 112.776
0.00454391 0.0234381 0.999754 18.981 0.0387472 0.998994 -0.0235978 -4.11334 -0.999295 0.0388429 0.00363035 112.792
0.00405631 0.0209668 0.999817 19.7631 0.0396019 0.999019 -0.0211128 -4.14694 -0.99926 0.0396779 0.00322203 112.798
0.00282644 0.0195051 0.999846 20.5612 0.0371727 0.999142 -0.0195978 -4.17072 -0.999362 0.0372206 0.00209828 112.807
0.00238251 0.0197327 0.999848 21.3604 0.036495 0.999163 -0.0198084 -4.17971 -0.999385 0.0365338 0.00166114 112.805
0.00121492 0.0192099 0.999857 22.1935 0.038748 0.999091 -0.0192438 -4.17355 -0.999306 0.038764 0.000468952 112.811
-0.00411736 0.0168748 0.999896 22.8181 0.0411668 0.999041 -0.0166931 -4.19979 -0.9992 0.0410907 -0.00480704 112.839
-0.00614101 0.0165043 0.999889 23.657 0.0384462 0.999156 -0.0162576 -4.22182 -0.9993 0.0383403 -0.00677034 112.844
-0.00650318 0.0220117 0.999782 24.4858 0.0354507 0.999161 -0.0217697 -4.23543 -0.999406 0.0352983 -0.0072769 112.839
-0.00785031 0.0372132 0.999324 25.2984 0.0353809 0.998721 -0.0369143 -4.14794 -0.999401 0.0350654 -0.00915603 112.845
-0.00822847 0.0386487 0.999267 26.1304 0.0356332 0.998657 -0.0383342 -4.19058 -0.999389 0.0352887 -0.00959307 112.828
-0.0101496 0.0364567 0.999332 26.9784 0.0322932 0.998856 -0.0361129 -4.23159 -0.999485 0.0319035 -0.0113144 112.828
-0.0110686 0.0331499 0.999438 27.8415 0.0294039 0.999057 -0.0328141 -4.26433 -0.999565 0.0290213 -0.0120313 112.825
-0.0116708 0.0281118 0.999586 28.6835 0.0274152 0.999268 -0.0277845 -4.30314 -0.999615 0.0270782 -0.0124317 112.819
-0.0111945 0.0233994 0.999716 29.5332 0.0240214 0.999475 -0.0231272 -4.32845 -0.999708 0.0237528 -0.011749 112.807
-0.0107147 0.0223712 0.999745 30.3833 0.021147 0.999563 -0.022142 -4.36407 -0.99978 0.0209023 -0.0111816 112.8
-0.00914198 0.0298457 0.999565 31.2219 0.0243078 0.999297 -0.0296179 -4.39789 -0.999723 0.0240238 -0.00985903 112.787
-0.00858598 0.0412833 0.999163 32.0634 0.0262691 0.998842 -0.0410461 -4.43471 -0.99968 0.0258925 -0.00965881 112.79
-0.00850555 0.0462666 0.998946 32.9024 0.0283646 0.99857 -0.0460102 -4.47713 -0.999622 0.0279405 -0.00980354 112.797
-0.00669622 0.0406336 0.999205 33.7501 0.0297768 0.998771 -0.0404181 -4.52618 -0.999597 0.0294802 -0.00789626 112.788
-0.00553775 0.0332297 0.999489 34.5832 0.0332968 0.998932 -0.0330296 -4.56681 -0.999491 0.0330936 -0.00663594 112.777
-0.00428566 0.0304733 0.99958 35.4086 0.0346728 0.998972 -0.0303079 -4.60926 -0.999453 0.0345259 -0.00533627 112.767
-0.00409719 0.0316903 0.999545 36.2392 0.0341968 0.998951 -0.0315341 -4.64511 -0.999468 0.0340487 -0.00517428 112.77
-0.00490599 0.0320746 0.999527 37.0663 0.031713 0.999018 -0.0319046 -4.69412 -0.999549 0.031539 -0.00591675 112.773
-0.00541026 0.0325959 0.999508 37.8924 0.0303546 0.999046 -0.0324193 -4.72651 -0.999587 0.0301609 -0.00639215 112.761
-0.00676735 0.0325265 0.999503 38.7011 0.0302862 0.999049 -0.0323089 -4.77138 -0.999582 0.03005 -0.00774453 112.751
-0.00808742 0.0326544 0.999489 39.5086 0.0294945 0.999071 -0.0324052 -4.81912 -0.999596 0.029214 -0.00904075 112.739
-0.0101074 0.0334515 0.999447 40.3179 0.0276736 0.999099 -0.0331624 -4.85301 -0.999631 0.0273204 -0.0110224 112.737
-0.0121414 0.0325122 0.999455 41.1089 0.025516 0.999188 -0.0321969 -4.8942 -0.999666 0.025108 -0.0129589 112.733
-0.0142335 0.0320566 0.999445 41.9097 0.0264271 0.999182 -0.0316745 -4.92801 -0.999616 0.0259588 -0.0150672 112.728
-0.0159564 0.0328423 0.999392 42.702 0.0262226 0.999163 -0.0324196 -4.96383 -0.999595 0.0256862 -0.0168017 112.719
-0.0169918 0.0346121 0.999317 43.4872 0.0266083 0.999096 -0.0341548 -4.99535 -0.999569 0.0260071 -0.0178953 112.702
-0.0174202 0.0345486 0.999311 44.2618 0.0270565 0.999086 -0.0340729 -5.03941 -0.99955 0.0264409 -0.0183365 112.685
-0.0183672 0.0344367 0.999298 45.0506 0.0289089 0.999039 -0.0338993 -5.07313 -0.999482 0.0282631 -0.019343 112.67
-0.019451 0.0348362 0.999264 45.8307 0.0300169 0.998995 -0.0342463 -5.10397 -0.999428 0.0293251 -0.0204745 112.654
-0.0215747 0.0352702 0.999206 46.6113 0.0291891 0.999006 -0.0346358 -5.13699 -0.999411 0.0284158 -0.0225805 112.653
-0.0225358 0.0365645 0.999137 47.3551 0.029079 0.998964 -0.0359061 -5.16889 -0.999391 0.0282412 -0.023573 112.64
-0.0236216 0.0357485 0.999143 48.0991 0.0276692 0.999034 -0.0350933 -5.20917 -0.999408 0.0268137 -0.0245856 112.633
-0.0233182 0.0359243 0.999142 48.8193 0.0283017 0.999007 -0.0352628 -5.24787 -0.999395 0.0274515 -0.0243089 112.609
-0.0223929 0.0394137 0.999037 49.5291 0.0293217 0.998852 -0.0387527 -5.28347 -0.999391 0.0284226 -0.02352 112.589
-0.0222564 0.0424585 0.99891 50.2351 0.0298189 0.998712 -0.0417896 -5.32433 -0.999375 0.0288525 -0.023491 112.576
-0.0217145 0.0443253 0.998847 50.9469 0.0282859 0.998677 -0.0437066 -5.36631 -0.999437 0.0273009 -0.0229368 112.562
-0.0208018 0.0475085 0.998715 51.6466 0.0299527 0.998482 -0.0468776 -5.38397 -0.999403 0.0289353 -0.0221904 112.543
-0.0201393 0.0490813 0.998658 52.355 0.0313027 0.998368 -0.0484396 -5.41267 -0.999381 0.0302816 -0.0216399 112.527
-0.0189188 0.049639 0.998649 53.045 0.0327377 0.998291 -0.0490053 -5.44736 -0.999354 0.0317626 -0.0205089 112.504
-0.0195213 0.0500757 0.99862 53.7304 0.0285773 0.998398 -0.0495098 -5.49268 -0.999476 0.0275678 -0.020918 112.5
-0.0181394 0.0513128 0.998579 54.3981 0.0277943 0.998351 -0.0508005 -5.53759 -0.999518 0.0268296 -0.019533 112.503
-0.0178946 0.049132 0.998698 55.0726 0.0286764 0.998438 -0.0486096 -5.59356 -0.999504 0.0277659 -0.0192724 112.489
-0.018727 0.0485802 0.998706 55.7415 0.0285414 0.998466 -0.0480378 -5.63684 -0.999487 0.0276012 -0.0200822 112.474
-0.0225273 0.0476842 0.998675 56.4301 0.024838 0.998612 -0.0471252 -5.69106 -0.999513 0.0237402 -0.0236773 112.471
-0.0283963 0.0472606 0.998542 57.1058 0.0209257 0.99872 -0.0466784 -5.74131 -0.999448 0.0195662 -0.0293461 112.466
-0.0341947 0.0510131 0.99818 57.7631 0.0241192 0.998479 -0.0502067 -5.78624 -0.999202 0.0223553 -0.0353696 112.442
-0.0407918 0.0535878 0.997796 58.4384 0.0263998 0.998301 -0.0525404 -5.83347 -0.99889 0.0241948 -0.0421341 112.413
-0.0469215 0.0562573 0.997381 59.1146 0.0260008 0.998175 -0.0550835 -5.86319 -0.998639 0.0233447 -0.0482949 112.372
-0.0533586 0.0563219 0.997053 59.8016 0.0222038 0.99826 -0.0552065 -5.90199 -0.9984 0.0191892 -0.0545129 112.343
-0.0590465 0.0550125 0.996807 60.4795 0.0219478 0.998343 -0.0538018 -5.95228 -0.998093 0.0186977 -0.060152 112.309
-0.0633127 0.0554389 0.996519 61.1922 0.0193295 0.998368 -0.0543184 -6.00428 -0.997881 0.0158198 -0.0642772 112.264
-0.0669411 0.0555498 0.996279 61.8945 0.0178008 0.998389 -0.0544762 -6.04082 -0.997677 0.0140849 -0.0678178 112.219
-0.0692002 0.0538337 0.996217 62.5999 0.018886 0.998466 -0.0526482 -6.06947 -0.997498 0.015168 -0.0701069 112.17
-0.0699513 0.0517799 0.996279 63.3132 0.0214644 0.99853 -0.0503951 -6.10465 -0.997399 0.0178564 -0.0709558 112.113
-0.0702495 0.0515098 0.996266 64.0289 0.02196 0.998534 -0.0500836 -6.12821 -0.997362 0.0183564 -0.0712739 112.055
-0.0715075 0.0517118 0.996173 64.7762 0.0212047 0.998539 -0.0503179 -6.17339 -0.997296 0.0175225 -0.0724954 112.012
-0.071277 0.0571077 0.995889 65.5008 0.0234572 0.998209 -0.0555671 -6.20739 -0.997254 0.0193967 -0.0724852 111.956
-0.0709684 0.061438 0.99566 66.2456 0.0299451 0.997812 -0.0594421 -6.25649 -0.99711 0.0255935 -0.0726489 111.898
-0.0709148 0.066146 0.995356 66.984 0.0370068 0.997317 -0.0636448 -6.3135 -0.99687 0.032318 -0.0731686 111.835
-0.0710597 0.0671875 0.995284 67.7482 0.0374793 0.997235 -0.0646491 -6.37069 -0.996849 0.0327052 -0.0733774 111.78
-0.070776 0.0646972 0.995462 68.4999 0.0352328 0.997465 -0.0623276 -6.43025 -0.996945 0.0306582 -0.0728721 111.727
-0.0696083 0.0586875 0.995926 69.2473 0.0352034 0.997822 -0.0563445 -6.49668 -0.997034 0.0311345 -0.0715189 111.669
-0.0672676 0.0559936 0.996234 70.0101 0.0366805 0.99792 -0.0536169 -6.55772 -0.997137 0.0329321 -0.0691776 111.596
-0.066706 0.0565491 0.996245 70.7663 0.0373948 0.997864 -0.0541425 -6.60517 -0.997149 0.0336394 -0.0686744 111.532
-0.0684462 0.0568941 0.996103 71.5183 0.0355903 0.997909 -0.0545569 -6.66642 -0.997097 0.0317139 -0.0703238 111.488
-0.069729 0.0579781 0.995956 72.2763 0.0356116 0.997849 -0.0556005 -6.71463 -0.997008 0.0315873 -0.07164 111.434
-0.0717799 0.0579412 0.995809 73.0163 0.036525 0.997827 -0.0554312 -6.77134 -0.996829 0.0323896 -0.073736 111.381
-0.0722429 0.0584132 0.995752 73.7673 0.0377999 0.997758 -0.055794 -6.82071 -0.99675 0.0336053 -0.0742853 111.315
-0.0746753 0.057245 0.995637 74.5118 0.0371536 0.99785 -0.054591 -6.88435 -0.996594 0.0329114 -0.0766374 111.266
-0.0759826 0.0584582 0.99547 75.2704 0.0348357 0.997859 -0.055945 -6.92813 -0.996581 0.0304239 -0.0778526 111.212
-0.076022 0.0602669 0.995357 76.0329 0.0357004 0.997727 -0.0576894 -6.98107 -0.996545 0.0311454 -0.0779966 111.147
-0.0765436 0.0605413 0.995303 76.7992 0.0344903 0.997753 -0.0580432 -7.03637 -0.99655 0.0298824 -0.0784559 111.091
-0.0780286 0.060442 0.995192 77.5671 0.0337322 0.997781 -0.0579602 -7.09391 -0.996459 0.029044 -0.07989 111.038
-0.0780564 0.059651 0.995241 78.343 0.0349753 0.997793 -0.0570664 -7.13673 -0.996415 0.0303516 -0.0799667 110.972
-0.0788009 0.0577067 0.995296 79.1307 0.0325233 0.997973 -0.055293 -7.19266 -0.99644 0.0280096 -0.0805138 110.915
-0.0802451 0.056144 0.995272 79.9182 0.0297087 0.998139 -0.053916 -7.24449 -0.996413 0.025239 -0.08176 110.852
-0.0818035 0.0567384 0.995111 80.7256 0.0311834 0.998068 -0.0543497 -7.28526 -0.996242 0.0265815 -0.0834107 110.784
-0.0821911 0.0584079 0.994985 81.5202 0.0326622 0.997937 -0.0558893 -7.3257 -0.996163 0.0279019 -0.0839257 110.705
-0.0839134 0.0615892 0.994649 82.3288 0.0325816 0.997757 -0.0590394 -7.35601 -0.996024 0.02745 -0.0857276 110.636
-0.0854268 0.0667497 0.994185 83.1612 0.0346489 0.997379 -0.0639936 -7.39763 -0.995827 0.0289777 -0.0875119 110.576
-0.0848613 0.0714612 0.993908 83.9653 0.0368236 0.997001 -0.0685463 -7.4495 -0.995796 0.0307793 -0.0872338 110.495
-0.0843227 0.0757158 0.993638 84.7885 0.0383033 0.996648 -0.0727016 -7.51303 -0.995788 0.0319262 -0.0869365 110.394
-0.084969 0.0762561 0.993544 85.6285 0.0399223 0.99656 -0.0730804 -7.59252 -0.995667 0.0334518 -0.0877168 110.348
-0.0827747 0.0757539 0.993765 86.4522 0.0436542 0.996457 -0.0723298 -7.65886 -0.995698 0.0373917 -0.0857844 110.251
-0.0823604 0.0747058 0.993881 87.3002 0.0444031 0.996504 -0.0712305 -7.72269 -0.995697 0.0382616 -0.0853853 110.182
-0.0811102 0.0725361 0.994143 88.1331 0.0432513 0.996697 -0.0692006 -7.80228 -0.995853 0.0373818 -0.0839756 110.111
-0.0796268 0.0711149 0.994369 88.9879 0.0419181 0.996842 -0.0679425 -7.86651 -0.996029 0.0362689 -0.082352 110.051
-0.0771348 0.0679884 0.994782 89.8486 0.0424098 0.997025 -0.0648604 -7.93722 -0.996207 0.0371821 -0.0797849 109.98
-0.0746921 0.0664896 0.995073 90.7078 0.0440096 0.997056 -0.0633262 -7.98432 -0.996321 0.0390597 -0.0773942 109.912
-0.0726814 0.0664837 0.995219 91.5742 0.0421752 0.99712 -0.0635378 -8.05655 -0.996552 0.0373521 -0.0752722 109.852
-0.0709002 0.0703137 0.995092 92.429 0.0427889 0.996846 -0.0673965 -8.13534 -0.996651 0.0377971 -0.0736811 109.793
-0.0677782 0.0754584 0.994928 93.2683 0.0428249 0.99647 -0.0726654 -8.21931 -0.996871 0.037679 -0.0707665 109.718
-0.0660342 0.0781097 0.994846 94.152 0.0405366 0.996356 -0.0755453 -8.30296 -0.99708 0.0353358 -0.0689558 109.669
-0.0638189 0.0749154 0.995231 95.0097 0.0381815 0.996663 -0.0725827 -8.38931 -0.997321 0.0333636 -0.0664626 109.607
-0.062181 0.0728272 0.995498 95.8931 0.0387833 0.996797 -0.0705075 -8.46451 -0.997398 0.0342209 -0.0648024 109.553
-0.0601133 0.0718107 0.995692 96.7595 0.0400006 0.996813 -0.0694845 -8.53388 -0.99748 0.0356475 -0.0627907 109.489
-0.0591115 0.0717565 0.995761 97.6294 0.0392471 0.996848 -0.0695126 -8.60706 -0.997568 0.0349683 -0.0617374 109.439
-0.0587248 0.0722899 0.995741 98.5019 0.0386763 0.996823 -0.0700955 -8.67895 -0.997615 0.0343914 -0.0613304 109.393
-0.0570456 0.0702054 0.995994 99.3501 0.0415774 0.996867 -0.0678934 -8.75161 -0.997595 0.0375344 -0.0597815 109.333
-0.0550757 0.0700254 0.996112 100.221 0.044075 0.99677 -0.0676426 -8.82088 -0.9976 0.0401742 -0.0579802 109.275
-0.054265 0.0725103 0.995987 101.083 0.0460634 0.99652 -0.0700478 -8.88114 -0.997555 0.0420739 -0.0574118 109.227
-0.0522963 0.0758408 0.995837 101.935 0.0471944 0.99622 -0.0733997 -8.94189 -0.997608 0.0431552 -0.0556738 109.166
-0.0520047 0.0777857 0.995708 102.803 0.0441883 0.996206 -0.0755248 -9.01571 -0.99776 0.0400677 -0.0552401 109.13
-0.0519815 0.0740477 0.99599 103.679 0.0394591 0.996656 -0.072046 -9.08887 -0.997961 0.035552 -0.0547255 109.098
-0.052458 0.0729852 0.996049 104.544 0.0350084 0.996887 -0.0712115 -9.15983 -0.998101 0.0311314 -0.0548453 109.066
-0.0538873 0.0740203 0.995891 105.387 0.0310709 0.996927 -0.0724242 -9.23192 -0.998158 0.0270371 -0.0560174 109.029
-0.0550834 0.0778543 0.995541 106.23 0.0289491 0.996704 -0.0763521 -9.32235 -0.998154 0.0246115 -0.0571509 108.987
-0.0552453 0.081023 0.995272 107.074 0.0282629 0.996467 -0.0795596 -9.39153 -0.998168 0.0237307 -0.0573359 108.933
-0.0549552 0.0830259 0.99513 107.923 0.028306 0.996308 -0.0815698 -9.45363 -0.998181 0.023683 -0.0570975 108.88
-0.0545818 0.0824844 0.995191 108.769 0.0293787 0.996322 -0.0809752 -9.53657 -0.998173 0.0248144 -0.0568 108.824
-0.0546271 0.0838801 0.995075 109.627 0.0309379 0.996171 -0.0822828 -9.61045 -0.998123 0.0262881 -0.0570079 108.773
-0.0582387 0.0858752 0.994697 110.44 0.0272041 0.996099 -0.0844117 -9.71229 -0.998028 0.0221406 -0.0603433 108.755
-0.0597951 0.0881431 0.994414 111.265 0.0263293 0.995928 -0.0867037 -9.78521 -0.997961 0.0209952 -0.0618672 108.72
-0.0606193 0.0890003 0.994282 112.079 0.0252552 0.995874 -0.0876119 -9.86085 -0.99794 0.0197966 -0.0626122 108.67
-0.061612 0.0884722 0.994273 112.883 0.0241463 0.995946 -0.0871344 -9.94047 -0.997906 0.0186371 -0.0634929 108.605
-0.061545 0.0905579 0.994084 113.688 0.026841 0.995705 -0.0890525 -10.0182 -0.997842 0.0211981 -0.0637065 108.516
-0.06409 0.0938737 0.99362 114.489 0.0269123 0.995409 -0.0923162 -10.0957 -0.997679 0.0208215 -0.0663163 108.46
-0.0672748 0.0956652 0.993233 115.283 0.0258019 0.995265 -0.094122 -10.1758 -0.9975 0.019292 -0.0694194 108.41
-0.0695168 0.0951723 0.993133 116.064 0.0243808 0.995347 -0.0936873 -10.2771 -0.997381 0.017698 -0.0715077 108.342
-0.0714478 0.0941909 0.993085 116.857 0.0261172 0.995405 -0.092541 -10.3607 -0.997203 0.0193214 -0.0735741 108.275
-0.0740251 0.0942501 0.992895 117.638 0.0276928 0.995377 -0.0924307 -10.4579 -0.99697 0.0206514 -0.0762868 108.22
-0.0752443 0.100685 0.992167 118.446 0.0254336 0.994799 -0.0990327 -10.5278 -0.996942 0.0177795 -0.077408 108.17
-0.0761875 0.107065 0.991433 119.215 0.0238072 0.994174 -0.105541 -10.6379 -0.996908 0.0155601 -0.0782863 108.109
-0.077251 0.109271 0.991105 119.969 0.0288044 0.993845 -0.107337 -10.7281 -0.996697 0.0202529 -0.0799171 108.026
-0.0789089 0.107347 0.991192 120.75 0.0313371 0.994007 -0.105167 -10.8172 -0.996488 0.0227598 -0.0817935 107.949
-0.0825345 0.0996064 0.991697 121.516 0.0296412 0.994836 -0.0974645 -10.9105 -0.996248 0.0213476 -0.0850547 107.894
-0.0842883 0.0979066 0.991728 122.294 0.0285413 0.995038 -0.0958173 -10.9981 -0.996132 0.0202263 -0.0866578 107.827
-0.0843398 0.101431 0.991361 123.059 0.0280592 0.994691 -0.0993946 -11.0781 -0.996144 0.0194309 -0.0867322 107.742
-0.0856957 0.105581 0.990819 123.812 0.0294776 0.99425 -0.103407 -11.1629 -0.995985 0.020343 -0.0883085 107.672
-0.0875893 0.108886 0.99029 124.577 0.0296308 0.993891 -0.106672 -11.2448 -0.995819 0.0199967 -0.0902748 107.604
-0.088667 0.113456 0.989687 125.317 0.0340408 0.993304 -0.110831 -11.3349 -0.995581 0.02386 -0.0919284 107.525
-0.0908865 0.118347 0.988909 126.067 0.0346756 0.992727 -0.115628 -11.4228 -0.995362 0.0237787 -0.0943231 107.458
-0.0946387 0.12369 0.987907 126.811 0.0341867 0.992117 -0.120952 -11.4736 -0.995027 0.0223238 -0.0981139 107.408
-0.0965258 0.121407 0.988004 127.56 0.0348326 0.992377 -0.118553 -11.5729 -0.994827 0.022968 -0.100012 107.331
-0.099626 0.117707 0.988149 128.277 0.0389699 0.992725 -0.114334 -11.6694 -0.994364 0.0271145 -0.103481 107.234
-0.104718 0.115695 0.987856 129.012 0.0416113 0.99289 -0.111885 -11.7763 -0.993737 0.029386 -0.108781 107.145
-0.109491 0.114442 0.987489 129.753 0.0405865 0.993083 -0.110601 -11.8777 -0.993261 0.0279657 -0.113371 107.044
-0.118572 0.114448 0.986435 130.498 0.0395338 0.993132 -0.110485 -11.9808 -0.992265 0.0258937 -0.122275 106.961
-0.130594 0.115274 0.984823 131.206 0.0381273 0.993113 -0.111199 -12.0813 -0.990805 0.0230237 -0.134081 106.881
-0.140565 0.116789 0.983268 131.941 0.0390507 0.992941 -0.112367 -12.1664 -0.989408 0.0225992 -0.144124 106.739
-0.153536 0.117402 0.981256 132.647 0.0402214 0.99288 -0.112512 -12.261 -0.987427 0.0221899 -0.157156 106.626
-0.165403 0.117324 0.979332 133.362 0.044062 0.992828 -0.111511 -12.3517 -0.98535 0.0247036 -0.169377 106.495
-0.17679 0.118068 0.977254 134.073 0.0479743 0.992676 -0.111264 -12.4295 -0.983184 0.0272096 -0.181148 106.364
-0.18664 0.117527 0.975484 134.776 0.0526508 0.992631 -0.109532 -12.5257 -0.981126 0.0309132 -0.191441 106.214
-0.19474 0.117404 0.973917 135.488 0.0596691 0.992434 -0.107718 -12.6221 -0.979145 0.0371322 -0.20026 106.055
-0.201898 0.116121 0.972612 136.19 0.065152 0.992382 -0.10497 -12.729 -0.977348 0.0421697 -0.207914 105.893
-0.207745 0.116815 0.971299 136.908 0.0659266 0.992302 -0.105253 -12.813 -0.976067 0.0421646 -0.213835 105.728
-0.211936 0.114164 0.97071 137.619 0.0702685 0.992409 -0.101387 -12.9058 -0.974865 0.0467178 -0.218337 105.563
-0.212574 0.111214 0.970912 138.298 0.0765863 0.992385 -0.0969184 -12.9871 -0.974248 0.0537516 -0.219461 105.382
-0.212661 0.109474 0.971092 139.004 0.0830432 0.992181 -0.0936776 -13.0702 -0.973703 0.0607153 -0.220076 105.21
-0.211522 0.107977 0.971507 139.655 0.0854639 0.992159 -0.0916775 -13.1457 -0.973738 0.0636318 -0.21908 105.04
-0.210241 0.113637 0.971141 140.35 0.0882554 0.991419 -0.0969165 -13.2231 -0.973771 0.0653266 -0.218453 104.88
-0.208197 0.11733 0.971142 141.03 0.0879855 0.991044 -0.100885 -13.298 -0.97423 0.0644373 -0.216643 104.722
-0.206535 0.116713 0.971572 141.712 0.0903177 0.990943 -0.0998528 -13.382 -0.974375 0.067121 -0.215193 104.561
-0.204187 0.11495 0.972278 142.384 0.091698 0.991007 -0.0979194 -13.4623 -0.974737 0.0691567 -0.212879 104.408
-0.200626 0.111571 0.973413 143.042 0.0937844 0.991164 -0.094289 -13.5473 -0.975281 0.0723677 -0.209304 104.242
-0.199811 0.111867 0.973547 143.724 0.0945853 0.99107 -0.0944807 -13.6314 -0.975369 0.0731993 -0.208596 104.113
-0.197415 0.114502 0.973728 144.367 0.0949122 0.990769 -0.0972761 -13.7044 -0.975831 0.0732085 -0.206447 103.977
-0.193611 0.116656 0.974237 145.022 0.096183 0.990426 -0.0994921 -13.7766 -0.97646 0.0744368 -0.202966 103.854
-0.188209 0.114795 0.975518 145.657 0.0969452 0.990515 -0.0978694 -13.8621 -0.977451 0.0761455 -0.197538 103.725
-0.181052 0.113176 0.97706 146.306 0.0984129 0.990503 -0.0965099 -13.9362 -0.978646 0.0786761 -0.190459 103.584
-0.175959 0.111108 0.978227 146.942 0.0976684 0.990726 -0.0949726 -14.0143 -0.979658 0.0788242 -0.185165 103.464
-0.171588 0.110826 0.979037 147.582 0.0979416 0.990697 -0.0949932 -14.0844 -0.980398 0.0795828 -0.180835 103.35
-0.169767 0.110115 0.979433 148.2 0.0983278 0.990721 -0.0943534 -14.1549 -0.980684 0.0802806 -0.179006 103.288
-0.165064 0.108154 0.980459 148.823 0.10142 0.990613 -0.0922119 -14.2268 -0.981166 0.0842115 -0.174472 103.169
-0.161173 0.106523 0.981283 149.443 0.10281 0.990613 -0.0906627 -14.2948 -0.981674 0.0862665 -0.170599 103.061
-0.157894 0.105274 0.981953 150.053 0.100519 0.990901 -0.0900834 -14.3674 -0.982439 0.0844751 -0.167028 102.96
-0.15479 0.106447 0.982321 150.671 0.0972408 0.991046 -0.0920831 -14.442 -0.98327 0.0812609 -0.163742 102.872
-0.149694 0.110412 0.982673 151.271 0.0984855 0.99052 -0.0963043 -14.5039 -0.983928 0.0823567 -0.159138 102.777
-0.143195 0.114256 0.983203 151.87 0.100648 0.989898 -0.100389 -14.5641 -0.984684 0.0845741 -0.153236 102.68
-0.136746 0.11585 0.983934 152.458 0.0996295 0.989763 -0.102703 -14.6275 -0.985696 0.0839783 -0.146878 102.604
-0.128167 0.113943 0.985311 153.048 0.0955904 0.990225 -0.102091 -14.7075 -0.987255 0.0810942 -0.137795 102.531
-0.119175 0.111502 0.986716 153.64 0.0943339 0.990502 -0.100549 -14.7888 -0.988493 0.081092 -0.128552 102.494
-0.109855 0.110583 0.987903 154.228 0.0943559 0.990517 -0.100397 -14.8585 -0.989579 0.0821777 -0.119238 102.478
-0.0972021 0.10812 0.989498 154.804 0.0926179 0.990801 -0.0991777 -14.9466 -0.991058 0.0819987 -0.106314 102.438
-0.0825912 0.107865 0.990855 155.383 0.0911671 0.990827 -0.100276 -15.0144 -0.992525 0.0820437 -0.0916593 102.416
