1 0 0 0 0 1 0 0 0 0 1 0
1 0.000794443 0.000951631 -0.000688657 -0.000790341 0.999993 -0.00433897 -0.00261813 -0.000954943 0.00433817 0.999995 0.985799
0.999998 -0.00192751 0.00146887 0.00715355 0.00193467 0.999986 -0.00495995 -0.00475333 -0.00145928 0.00496285 0.999987 1.94264
0.999996 -0.00357477 0.00167813 0.00659819 0.0035763 0.999996 -0.000980814 -0.00362279 -0.00167448 0.000986841 1 2.91333
0.999981 -0.00643932 -0.000168349 0.0259459 0.0064396 0.999966 0.0052891 -0.00610773 0.000134362 -0.00528994 0.999987 3.87996
0.999955 -0.00975344 -0.00160156 0.0265755 0.00976185 0.999941 0.00537923 -0.00326158 0.00154915 -0.00539457 0.999991 4.84983
0.999921 -0.0123042 -0.0034036 0.0323249 0.0123134 0.999922 0.00289686 7.0364e-05 0.00336768 -0.00293839 0.999993 5.81693
0.999908 -0.0130694 -0.00445697 0.0327659 0.0130675 0.999918 -0.000450612 0.000824499 0.0044626 0.000392294 0.999997 6.75947
0.999905 -0.012907 -0.00550163 0.0254733 0.0129023 0.999918 -0.000782129 0.00175117 0.00551123 0.000711223 0.999989 7.70194
0.999896 -0.0127628 -0.0072324 0.0213144 0.0127723 0.999921 0.00126612 0.0015676 0.00721579 -0.00135843 0.999981 8.64774
0.99988 -0.0127262 -0.00924046 0.0253925 0.0127638 0.999912 0.00408951 0.00543532 0.00918757 -0.00420682 0.999954 9.59984
0.999858 -0.0132071 -0.010833 0.0131134 0.01327 0.999898 0.00574997 0.00859905 0.0107561 -0.00589296 0.999932 10.5493
0.999828 -0.0145092 -0.0119226 0.00934683 0.0145883 0.999875 0.00664631 0.0122676 0.0118244 -0.00681909 0.999912 11.4833
0.999811 -0.0147096 -0.0130869 -0.000222554 0.0147991 0.99987 0.00677245 0.0175621 0.0129857 -0.00696487 0.9999 12.4219
0.999788 -0.0152392 -0.0141254 -0.0101796 0.0153152 0.999872 0.00533753 0.0245656 0.014042 -0.00555273 0.999891 13.3528
0.99975 -0.0158373 -0.016057 -0.0233341 0.0158891 0.999871 0.00310692 0.0344035 0.0160057 -0.00336126 0.999874 14.2961
0.99969 -0.0170172 -0.018414 -0.0277183 0.0170583 0.999855 0.00211624 0.0330146 0.0183751 -0.00242968 0.999833 15.2095
0.999659 -0.016632 -0.0203915 -0.045157 0.0166713 0.999862 0.00175362 0.029613 0.0203596 -0.00209294 0.999799 16.1408
0.999636 -0.0151484 -0.0225127 -0.0613591 0.0151697 0.999887 0.000806958 0.03278 0.0224978 -0.0011481 0.999752 17.0562
0.999597 -0.0136391 -0.0251031 -0.0782036 0.0136697 0.999907 0.00104957 0.0335875 0.0250865 -0.00139231 0.999692 17.965
0.999526 -0.0141099 -0.0275491 -0.0918094 0.0141796 0.999899 0.00236502 0.0295667 0.0275127 -0.00275451 0.999624 18.8673
0.999481 -0.0135219 -0.0294211 -0.118624 0.013642 0.999901 0.00388479 0.0298976 0.0293659 -0.00428414 0.999568 19.7941
0.999451 -0.0130679 -0.03059 -0.152432 0.0132435 0.9999 0.00557112 0.0210582 0.0305139 -0.00597319 0.999524 20.6907
0.999361 -0.0140864 -0.0330183 -0.172741 0.0142703 0.999886 0.00533912 0.0266035 0.0329394 -0.00580691 0.999448 21.5896
0.999315 -0.0141431 -0.0343567 -0.212768 0.0143289 0.999886 0.00519177 0.0279537 0.0342791 -0.00568049 0.999405 22.4888
0.999314 -0.013906 -0.0344687 -0.262943 0.0140962 0.999889 0.00528142 0.0365255 0.0343916 -0.00576368 0.9994 23.3703
0.99927 -0.0136186 -0.0358685 -0.29592 0.0138776 0.999883 0.00701323 0.0441524 0.0357684 -0.00750589 0.999344 24.2502
0.999193 -0.0146563 -0.0375524 -0.320564 0.0150213 0.999845 0.0094618 0.0530946 0.0374079 -0.0100183 0.999259 25.1225
0.999111 -0.0144577 -0.0397829 -0.340217 0.0149055 0.999833 0.0110117 0.058114 0.0396167 -0.0115949 0.99916 25.989
0.999045 -0.0137812 -0.0416161 -0.365276 0.0142048 0.999853 0.00990616 0.0641281 0.0414735 -0.0104879 0.999095 26.8468
0.998957 -0.011949 -0.044259 -0.387059 0.0122872 0.999902 0.00740036 0.0696252 0.0441658 -0.00793646 0.999005 27.6795
0.998864 -0.0114328 -0.046431 -0.412434 0.0117103 0.999918 0.00571253 0.0752417 0.0463619 -0.00624983 0.998917 28.5024
0.998817 -0.0106058 -0.0476254 -0.44937 0.0108789 0.999934 0.0055024 0.0782838 0.0475634 -0.00601414 0.998864 29.3295
0.998758 -0.0106823 -0.0488122 -0.492378 0.0109529 0.999929 0.00528515 0.0777603 0.0487524 -0.00581332 0.998807 30.128
0.998675 -0.0101056 -0.0506372 -0.534726 0.0103396 0.999945 0.00437737 0.0799149 0.0505898 -0.00489528 0.998723 30.9221
0.9986 -0.00977269 -0.0521228 -0.586413 0.0100075 0.999944 0.00424876 0.0856257 0.0520784 -0.00476455 0.998645 31.6988
0.998481 -0.00953152 -0.0544172 -0.624102 0.00982509 0.999944 0.00514822 0.0953891 0.0543651 -0.00567517 0.99852 32.484
0.998399 -0.00975917 -0.0558403 -0.676776 0.0102072 0.999921 0.00774758 0.0964589 0.0557604 -0.00830529 0.998423 33.237
0.998268 -0.00831107 -0.0583901 -0.716525 0.00884126 0.999927 0.00884389 0.105903 0.0583123 -0.00934495 0.998271 34.0001
0.998133 -0.00679914 -0.0608077 -0.756403 0.00734182 0.99994 0.00871339 0.116605 0.0607447 -0.00914374 0.998126 34.7525
0.998012 -0.00413242 -0.0630027 -0.802648 0.00463476 0.999965 0.00784403 0.123849 0.0629681 -0.00812063 0.998 35.4963
0.997891 -0.00264965 -0.0649652 -0.853777 0.00312699 0.999973 0.00725675 0.127079 0.0649442 -0.0074447 0.997876 36.2152
0.997796 -0.00197854 -0.0664621 -0.905325 0.00254204 0.999968 0.00840783 0.133878 0.0664432 -0.00855824 0.997773 36.9325
0.997762 -0.000380955 -0.0669668 -0.963958 0.00107556 0.999951 0.0103465 0.14053 0.0669595 -0.0103956 0.997717 37.6485
0.997767 0.00219295 -0.0669024 -1.01965 -0.00146666 0.999946 0.0109149 0.144821 0.0669226 -0.0107923 0.997719 38.343
0.99781 0.00528745 -0.0660318 -1.06993 -0.00471666 0.999955 0.00880882 0.150289 0.0660753 -0.00847819 0.997794 39.0225
0.997889 0.0066059 -0.0647583 -1.11092 -0.0062312 0.999969 0.00599904 0.151936 0.0647957 -0.00558275 0.997904 39.7131
0.998037 0.00693419 -0.0623461 -1.16069 -0.00665951 0.999972 0.00462581 0.153726 0.0623763 -0.00420156 0.99806 40.3711
0.998209 0.00816368 -0.0594351 -1.19619 -0.00787007 0.999962 0.0051857 0.163583 0.0594749 -0.00470855 0.998239 41.0509
0.998318 0.0128071 -0.0566707 -1.23092 -0.0123869 0.999899 0.00777292 0.168252 0.0567644 -0.00705793 0.998378 41.7236
0.998504 0.0168399 -0.0522408 -1.28226 -0.0162661 0.99981 0.0114078 0.169552 0.0524227 -0.0105409 0.998591 42.3453
0.998602 0.0217597 -0.0483328 -1.31252 -0.0211949 0.999705 0.0121818 0.178839 0.0485835 -0.0111404 0.998773 42.975
0.998798 0.0257826 -0.0419384 -1.35768 -0.0253062 0.999617 0.0118713 0.193895 0.042228 -0.0107957 0.999072 43.5718
0.998943 0.0297311 -0.0352891 -1.3978 -0.0292514 0.999478 0.0140565 0.19827 0.0356882 -0.0130094 0.999294 44.1396
0.999018 0.0342425 -0.0284646 -1.42259 -0.0338139 0.999318 0.0154346 0.203273 0.0289732 -0.014457 0.999498 44.7077
0.999075 0.0379695 -0.0206589 -1.45286 -0.037671 0.999188 0.0146858 0.212857 0.0211992 -0.013894 0.999696 45.2503
0.999071 0.0410061 -0.014054 -1.45197 -0.0407915 0.99906 0.0152786 0.209826 0.0146667 -0.0146912 0.999808 45.7769
0.998954 0.0454838 -0.00630173 -1.46712 -0.0453886 0.998867 0.0146259 0.220348 0.0069592 -0.0143246 0.999888 46.3003
0.998796 0.0493196 0.00111081 -1.47163 -0.0493298 0.998728 0.0112541 0.235073 -0.000555125 -0.0112955 0.999961 46.7942
0.998646 0.051338 0.00944177 -1.47446 -0.0514146 0.99865 0.00798899 0.24101 -0.00901972 -0.00846373 0.999939 47.2627
0.998551 0.0512974 0.0170873 -1.46052 -0.0514369 0.998654 0.00777472 0.24717 -0.0166663 -0.00864248 0.999849 47.6865
0.998399 0.0508191 0.0252509 -1.45071 -0.0510609 0.998661 0.00901612 0.250761 -0.0247601 -0.010291 0.999658 48.0872
0.998044 0.0529393 0.0337058 -1.446 -0.0532795 0.998545 0.00926629 0.262979 -0.0331674 -0.011044 0.999417 48.4809
0.997505 0.0562435 0.0429035 -1.43829 -0.0566787 0.998359 0.00901862 0.272333 -0.0423278 -0.0114277 0.99906 48.8553
0.996825 0.0610272 0.0514576 -1.41863 -0.061547 0.998076 0.00857784 0.274179 -0.0508365 -0.0117177 0.998669 49.1736
0.996076 0.0647259 0.060582 -1.40493 -0.0652784 0.997851 0.00721384 0.306784 -0.059987 -0.0111402 0.998164 49.5128
0.995362 0.0643555 0.0718054 -1.42446 -0.0650561 0.997862 0.00745484 0.312923 -0.0711739 -0.0120915 0.997428 49.8226
0.99436 0.0640614 0.0846794 -1.44207 -0.0647919 0.997891 0.00592091 0.298616 -0.084124 -0.0113744 0.996416 50.0883
0.993352 0.0638849 0.0960737 -1.3791 -0.0644879 0.997921 0.00316904 0.258878 -0.0956742 -0.0093435 0.995412 50.3342
0.991782 0.0650199 0.110308 -1.36459 -0.0653713 0.997871 -0.000417156 0.248367 -0.110103 -0.00679775 0.993926 50.6068
0.989897 0.0659048 0.1258 -1.32591 -0.0661084 0.997818 -0.00256959 0.249173 -0.125698 -0.00577288 0.992099 50.8718
0.987505 0.067739 0.142373 -1.28607 -0.0678691 0.997697 -0.00393466 0.250617 -0.142314 -0.0057777 0.989834 51.1383
0.984791 0.0681007 0.160037 -1.25463 -0.0680545 0.997675 -0.00578266 0.259631 -0.160061 -0.00519664 0.987141 51.4342
0.981699 0.0673649 0.178207 -1.19842 -0.0671297 0.997727 -0.00734662 0.265596 -0.178299 -0.00475159 0.983995 51.7009
0.978169 0.0664435 0.197065 -1.121 -0.0662091 0.997785 -0.00779019 0.261972 -0.197149 -0.00542762 0.980409 51.9257
0.973972 0.0663913 0.216802 -1.04103 -0.0660679 0.997786 -0.00874104 0.25357 -0.216905 -0.00581103 0.976207 52.1774
0.96886 0.0686479 0.238039 -0.962169 -0.0676507 0.997645 -0.01237 0.274933 -0.238329 -0.00411909 0.971229 52.4932
0.963139 0.0699708 0.259812 -0.854174 -0.0685169 0.997552 -0.0146549 0.272533 -0.260206 -0.00368773 0.96558 52.7386
0.956091 0.0708165 0.284507 -0.767601 -0.0692719 0.997491 -0.0155048 0.263278 -0.284892 -0.00488461 0.958604 52.9917
0.948034 0.0731289 0.309714 -0.658314 -0.0717301 0.997307 -0.0159144 0.249651 -0.310048 -0.00712963 0.950732 53.2258
0.940847 0.0750667 0.330528 -0.413579 -0.0729564 0.997172 -0.0188087 0.269472 -0.331006 -0.00641832 0.943667 53.4116
0.930466 0.0755304 0.358568 -0.283101 -0.0731736 0.997126 -0.0201574 0.26362 -0.359064 -0.00748334 0.933324 53.6636
0.918771 0.0740142 0.387888 -0.127765 -0.0708457 0.997248 -0.0224877 0.255703 -0.388485 -0.00681947 0.921492 53.9059
0.905035 0.0715188 0.419346 0.046802 -0.0669855 0.997439 -0.0255449 0.248984 -0.420103 -0.00497244 0.907512 54.1341
0.889029 0.0702333 0.452514 0.231868 -0.0638379 0.997543 -0.029413 0.231506 -0.453465 -0.00273892 0.891336 54.3662
0.870277 0.0723849 0.487282 0.404426 -0.0634944 0.997391 -0.0347636 0.22539 -0.488529 -0.000687161 0.872606 54.6079
0.849885 0.0741325 0.521799 0.60735 -0.0630567 0.997265 -0.0389832 0.208873 -0.52326 0.000227806 0.852241 54.8345
0.829674 0.0772268 0.552935 0.942939 -0.0649898 0.997031 -0.0417364 0.171484 -0.554519 -0.00130927 0.832226 54.9957
0.806446 0.0817213 0.585698 1.25895 -0.0684258 0.996664 -0.044852 0.160482 -0.587408 -0.00390643 0.809352 55.1744
0.780318 0.0863346 0.619446 1.57874 -0.072086 0.996259 -0.0480467 0.14548 -0.621279 -0.00716338 0.783619 55.384
0.750112 0.0881271 0.655476 1.86769 -0.072148 0.996088 -0.0513621 0.135817 -0.657435 -0.00876409 0.75354 55.6047
0.716034 0.0846833 0.692953 2.12806 -0.0679428 0.996378 -0.0515578 0.100437 -0.694808 -0.0101661 0.71919 55.8059
0.679037 0.084176 0.729321 2.43781 -0.0660522 0.996399 -0.0535076 0.0835406 -0.731194 -0.0118398 0.682156 56.028
0.638787 0.0834791 0.764878 2.73577 -0.0641861 0.996435 -0.055146 0.0573186 -0.766754 -0.0138701 0.641865 56.2348
0.594754 0.0846875 0.799492 3.15227 -0.061374 0.996336 -0.059886 0.0501667 -0.801629 -0.0134507 0.597776 56.4803
0.548334 0.0845308 0.832011 3.55893 -0.0584416 0.996341 -0.0627107 0.0365014 -0.834266 -0.0142397 0.551266 56.7077
0.502081 0.0820269 0.860975 4.0138 -0.0557921 0.996509 -0.0624082 -0.00392812 -0.863084 -0.0167016 0.504908 56.9182
0.453838 0.0798708 0.887532 4.47694 -0.0557326 0.996593 -0.0611868 -0.041682 -0.889393 -0.0216978 0.456741 57.1246
0.404351 0.0804187 0.911108 4.91884 -0.0582144 0.996392 -0.0621133 -0.0544029 -0.912808 -0.0279238 0.407576 57.3085
0.356609 0.0813838 0.930747 5.43314 -0.0553785 0.996311 -0.0659012 -0.0696008 -0.932675 -0.0280439 0.3598 57.4794
0.312559 0.0773372 0.94679 5.90038 -0.044023 0.99681 -0.0668926 -0.107581 -0.948934 -0.0207724 0.31497 57.5543
0.270609 0.0698884 0.960189 6.38861 -0.0309486 0.997501 -0.0638837 -0.156048 -0.96225 -0.0124309 0.272097 57.6198
0.230706 0.0695364 0.970579 6.92271 -0.0213791 0.997591 -0.0663916 -0.171824 -0.972844 -0.00543318 0.23164 57.6772
0.193465 0.0705944 0.978607 7.49811 -0.0179147 0.997519 -0.0684193 -0.207719 -0.981005 -0.0042965 0.194252 57.7699
0.162799 0.0699943 0.984215 8.03013 -0.00972447 0.997572 -0.0693372 -0.255643 -0.986664 0.00171703 0.163088 57.7966
0.1355 0.0675313 0.988513 8.5797 -0.00289006 0.997721 -0.0677662 -0.300073 -0.990833 0.00632359 0.13539 57.818
0.111225 0.065386 0.991685 9.18045 0.00442896 0.997818 -0.0662888 -0.33604 -0.993841 0.0117649 0.110696 57.8623
0.0913632 0.0642922 0.993781 9.76187 0.00849689 0.997853 -0.0653387 -0.366911 -0.995842 0.0144116 0.090624 57.8969
0.0756586 0.065412 0.995031 10.3635 0.0112134 0.997757 -0.0664456 -0.405797 -0.997128 0.0161844 0.0747588 57.9306
0.0637527 0.064915 0.995896 10.9604 0.0114269 0.997795 -0.0657725 -0.445208 -0.997963 0.0155709 0.062874 57.9389
0.0522741 0.0653094 0.996541 11.6018 0.0119436 0.997774 -0.0660191 -0.491466 -0.998619 0.0153529 0.0513815 57.971
0.0445505 0.0679283 0.996738 12.2336 0.0165972 0.997525 -0.0687257 -0.527157 -0.998933 0.0196025 0.0433167 57.9732
0.0374024 0.0692742 0.996945 12.8617 0.0210791 0.997347 -0.0700953 -0.565787 -0.999136 0.0236357 0.0358468 58.0009
0.0329112 0.0681864 0.997173 13.5208 0.0215071 0.997418 -0.068915 -0.611221 -0.99929 0.023712 0.0313638 58.016
0.0285537 0.065603 0.997484 14.1988 0.0190974 0.997654 -0.0661632 -0.65049 -0.999469 0.0209378 0.0272378 58.0574
0.0262554 0.0581654 0.998006 14.8719 0.0171994 0.998159 -0.0586289 -0.69494 -0.99957 0.018702 0.025211 58.073
0.0259119 0.0525631 0.99833 15.5538 0.0184562 0.998451 -0.0530509 -0.729577 -0.999553 0.0197991 0.0249056 58.075
0.0263682 0.0495132 0.998469 16.2751 0.0212107 0.998546 -0.0500794 -0.767317 -0.99949 0.0224963 0.0252841 58.0769
0.0258043 0.0513692 0.998397 16.9916 0.0243953 0.99838 -0.0520013 -0.806887 -0.999429 0.0256969 0.0245134 58.1057
0.0264238 0.0584781 0.997983 17.7287 0.0254369 0.997953 -0.0591519 -0.841799 -0.99939 0.0269462 0.0248867 58.1263
0.0292905 0.0665987 0.997401 18.4693 0.0263018 0.997412 -0.0673745 -0.87401 -0.999285 0.0282058 0.0274671 58.1384
0.0300851 0.0668552 0.997355 19.1909 0.02742 0.997359 -0.0676849 -0.917227 -0.999234 0.0293812 0.0281769 58.1854
0.0311188 0.0624692 0.997614 19.962 0.0264737 0.997675 -0.0633015 -0.958055 -0.999225 0.0283793 0.0293968 58.2274
0.0328099 0.0561071 0.997933 20.7195 0.0258441 0.998072 -0.0569669 -1.00309 -0.999191 0.027657 0.0313009 58.2689
0.0352292 0.0550206 0.997916 21.5066 0.0235053 0.998194 -0.0558683 -1.03886 -0.999162 0.0254234 0.0338764 58.309
0.0379264 0.0596627 0.997547 22.2321 0.0312117 0.997689 -0.0608602 -1.08625 -0.998858 0.0334403 0.0359811 58.3436
0.0417272 0.0656014 0.997027 22.973 0.0329967 0.99724 -0.0669992 -1.11965 -0.998644 0.0356928 0.0394515 58.361
0.0437256 0.0662245 0.996896 23.7284 0.027053 0.997388 -0.0674461 -1.16398 -0.998741 0.0299153 0.0418242 58.4165
0.0475092 0.0628912 0.996943 24.5026 0.0226617 0.997725 -0.0640232 -1.2079 -0.998674 0.0256327 0.0459799 58.4541
0.0510527 0.058843 0.997011 25.2484 0.0272726 0.99784 -0.0602908 -1.25596 -0.998388 0.0302662 0.0493418 58.5026
0.0553085 0.0599769 0.996726 25.9623 0.0321959 0.997601 -0.0618197 -1.29678 -0.998012 0.0355077 0.0532495 58.508
0.0577267 0.064455 0.996302 26.7454 0.031227 0.997342 -0.0663341 -1.34996 -0.997909 0.0349378 0.0555648 58.5676
0.0601523 0.0648043 0.996142 27.5144 0.0277674 0.997429 -0.0665681 -1.40348 -0.997865 0.0316627 0.0582026 58.6531
0.0636921 0.0638697 0.995976 28.3114 0.0268096 0.997515 -0.0656852 -1.45794 -0.997675 0.0308825 0.0618254 58.7144
0.0680652 0.0604584 0.995907 29.058 0.0309531 0.997588 -0.0626793 -1.50279 -0.997264 0.0350904 0.0660342 58.743
0.0716531 0.0603914 0.995652 29.8057 0.0354733 0.997414 -0.0630535 -1.55384 -0.996864 0.039834 0.0693292 58.7897
0.074443 0.060828 0.99543 30.6188 0.0382715 0.997263 -0.0638057 -1.60549 -0.996555 0.042844 0.0719158 58.8661
0.0785413 0.0609837 0.995095 31.3783 0.0388259 0.997217 -0.0641804 -1.64309 -0.99622 0.0436732 0.0759585 58.9
0.0830676 0.0597732 0.994813 32.1479 0.0403672 0.997215 -0.0632919 -1.68263 -0.995788 0.0454127 0.080428 58.948
0.0868058 0.0587129 0.994544 32.9235 0.0423695 0.997177 -0.0625684 -1.72892 -0.995389 0.0475666 0.0840764 59.0114
0.0903641 0.059578 0.994191 33.745 0.0409374 0.997179 -0.0634821 -1.76362 -0.995126 0.0464334 0.0876751 59.0795
0.0938999 0.0618045 0.993711 34.529 0.037812 0.997168 -0.0655941 -1.80446 -0.994928 0.0437306 0.0912997 59.1506
0.0958396 0.0612623 0.993576 35.289 0.0396105 0.997116 -0.0653054 -1.85899 -0.994667 0.0456123 0.0931412 59.2454
0.0981304 0.0606097 0.993379 36.0351 0.0376062 0.997242 -0.0645623 -1.90835 -0.994528 0.0436895 0.0955833 59.3247
0.101229 0.0607757 0.993072 36.8315 0.036189 0.997283 -0.0647266 -1.95665 -0.994263 0.0424878 0.0987593 59.4019
0.10395 0.0603607 0.992804 37.6213 0.0327892 0.997445 -0.0640781 -2.01766 -0.994107 0.0392111 0.101707 59.4933
0.108821 0.0627904 0.992143 38.3919 0.031292 0.997329 -0.0665551 -2.05799 -0.993627 0.0382863 0.10657 59.5507
0.111267 0.065915 0.991657 39.2066 0.0300614 0.997158 -0.0696557 -2.11514 -0.993401 0.0375581 0.108971 59.6731
0.115918 0.0674976 0.991029 39.9631 0.0297439 0.997043 -0.0713903 -2.1744 -0.992873 0.03775 0.113572 59.7334
0.117326 0.0702548 0.990662 40.7534 0.0236311 0.997056 -0.073509 -2.22173 -0.992878 0.0320322 0.115322 59.8616
0.120974 0.0693493 0.990299 41.5429 0.0197296 0.99723 -0.0722492 -2.27734 -0.992519 0.0282763 0.119275 59.9478
0.123947 0.0696847 0.989896 42.3092 0.0217681 0.997141 -0.0729225 -2.3335 -0.992116 0.0305839 0.122077 60.0479
0.128251 0.0707446 0.989286 43.1186 0.0212605 0.997066 -0.0740617 -2.39072 -0.991574 0.0305288 0.126375 60.1502
0.131371 0.0715102 0.988808 43.9273 0.0174205 0.997116 -0.0744276 -2.44615 -0.991246 0.0270002 0.129748 60.2784
0.135232 0.0691548 0.98847 44.7221 0.0164429 0.997307 -0.0720272 -2.5023 -0.990738 0.0259913 0.133735 60.3959
0.14081 0.0685787 0.987718 45.5205 0.0168229 0.997329 -0.0716469 -2.56341 -0.989961 0.026702 0.139281 60.4966
0.146724 0.0719485 0.986631 46.3251 0.0132412 0.99716 -0.0746902 -2.62353 -0.98915 0.0240208 0.145359 60.6097
0.151878 0.0806533 0.985164 47.1389 0.011618 0.996493 -0.0833742 -2.68289 -0.988399 0.0241055 0.150409 60.7601
0.159713 0.0859751 0.98349 47.9392 0.0098662 0.996054 -0.088681 -2.73522 -0.987177 0.0238649 0.158238 60.8887
0.165726 0.0893968 0.982175 48.7663 0.00521547 0.995833 -0.0915224 -2.80049 -0.986227 0.0202874 0.164568 61.0629
0.172974 0.0881626 0.981049 49.5989 0.00148235 0.996005 -0.089773 -2.86688 -0.984985 0.0169812 0.172155 61.2229
0.180446 0.0861491 0.979869 50.4157 0.00144163 0.996177 -0.0878508 -2.93801 -0.983653 0.0172623 0.17963 61.3826
0.187049 0.0828858 0.978922 51.2262 0.00101499 0.996462 -0.0845694 -3.00203 -0.982408 0.0168108 0.186305 61.5517
0.195721 0.0771023 0.977691 52.0599 -0.0010045 0.996965 -0.0784241 -3.07189 -0.980732 0.0143645 0.195201 61.7032
0.202784 0.0695459 0.976825 52.8954 -0.00316494 0.997562 -0.0703695 -3.13458 -0.979277 0.0111769 0.202511 61.8894
0.209508 0.0665984 0.975603 53.7402 -0.0034118 0.997767 -0.0673816 -3.2047 -0.977872 0.010786 0.209263 62.0941
0.21698 0.0677327 0.973896 54.5328 -0.00453281 0.997693 -0.0683822 -3.27505 -0.976225 0.0104218 0.216788 62.2583
0.220667 0.0740482 0.972602 55.3405 -0.00336293 0.997214 -0.0751615 -3.33013 -0.975411 0.0133124 0.220297 62.493
0.225084 0.0781509 0.971277 56.15 -0.00445379 0.996896 -0.0791849 -3.38053 -0.974391 0.0134961 0.224734 62.7069
0.229698 0.0812257 0.969934 56.9408 -0.00602654 0.996659 -0.0820389 -3.44532 -0.973312 0.0129964 0.229416 62.9057
0.237021 0.0813242 0.968172 57.7228 -0.00817059 0.996667 -0.0817222 -3.49919 -0.971533 0.0114581 0.236896 63.0728
0.245623 0.0784439 0.966257 58.4953 -0.00401911 0.996842 -0.0799081 -3.55077 -0.969427 0.0157411 0.245158 63.213
0.250301 0.071847 0.965577 59.2579 -0.00335341 0.997346 -0.0733462 -3.60768 -0.968226 0.0151189 0.249877 63.4088
0.253446 0.0657213 0.965186 60.0368 -0.00484557 0.997811 -0.0666736 -3.66596 -0.967409 0.0122186 0.253205 63.6323
0.256513 0.0621267 0.964622 60.7937 -0.00874314 0.998088 -0.0619614 -3.72556 -0.966566 0.00745852 0.256564 63.8537
0.260105 0.0619798 0.963662 61.516 -0.0101262 0.998107 -0.0614652 -3.77562 -0.965597 0.00622652 0.260236 64.0477
0.263554 0.064747 0.962549 62.2464 -0.0118469 0.997935 -0.0638877 -3.8151 -0.964636 0.00543288 0.263775 64.2397
0.264212 0.0687505 0.962086 62.9544 -0.0160017 0.99768 -0.0669031 -3.86775 -0.964403 0.00227902 0.264695 64.4578
0.267729 0.072751 0.960825 63.65 -0.0170748 0.997396 -0.0707668 -3.91681 -0.963409 0.00253853 0.268273 64.6377
0.270989 0.0779877 0.959494 64.3457 -0.0174647 0.996997 -0.0761068 -3.96642 -0.962495 0.00386418 0.271533 64.8266
0.272711 0.0799728 0.958848 65.0264 -0.0164246 0.996829 -0.0784737 -4.01421 -0.962022 0.00564976 0.273158 65.0211
0.27413 0.0805614 0.95839 65.717 -0.0191243 0.996794 -0.0783231 -4.06038 -0.961576 0.00313939 0.274787 65.2283
0.274068 0.0772585 0.958683 66.3619 -0.0189007 0.997057 -0.0749516 -4.1138 -0.961592 0.00241926 0.27472 65.4215
0.274148 0.0750493 0.958832 67.0211 -0.0191891 0.997228 -0.0725717 -4.16493 -0.961569 0.00149341 0.274824 65.6185
0.275063 0.0738807 0.958664 67.6616 -0.0177558 0.997313 -0.0717684 -4.20746 -0.961329 0.00271602 0.275634 65.786
0.273995 0.0723908 0.959082 68.3053 -0.017622 0.997423 -0.0702543 -4.25948 -0.961644 0.00234543 0.27456 65.9705
0.273483 0.0732369 0.959166 68.9346 -0.0184449 0.997363 -0.070898 -4.30582 -0.961767 0.00169465 0.274111 66.1375
0.271303 0.0760409 0.959565 69.5572 -0.0192045 0.997153 -0.0735936 -4.35265 -0.962378 0.00153525 0.271986 66.319
0.268674 0.0798716 0.959995 70.1515 -0.017546 0.996847 -0.0780308 -4.3979 -0.963139 0.0041178 0.269227 66.4871
0.266554 0.080331 0.960547 70.7548 -0.0149686 0.996795 -0.0792125 -4.4391 -0.96378 0.0067332 0.266898 66.6574
0.263358 0.0790189 0.961538 71.3415 -0.0160245 0.996911 -0.0775406 -4.48671 -0.964632 0.00500984 0.26381 66.8316
0.261104 0.0756612 0.962421 71.9242 -0.0164405 0.997177 -0.0739371 -4.53767 -0.965247 0.00347952 0.261607 66.9875
0.258375 0.0716915 0.963463 72.502 -0.0164503 0.997476 -0.0698146 -4.58827 -0.965972 0.00218623 0.258902 67.1524
0.256668 0.0703977 0.964014 73.0556 -0.0131511 0.997558 -0.0693494 -4.63611 -0.966486 0.00511858 0.256965 67.2847
0.25555 0.0713193 0.964245 73.6035 -0.00909556 0.997461 -0.0713694 -4.67653 -0.966822 0.00946477 0.255549 67.4112
0.25263 0.0725885 0.964921 74.1417 -0.00508965 0.997321 -0.0736972 -4.71932 -0.967628 0.0137032 0.252321 67.5478
0.250712 0.0743668 0.965285 74.6777 -0.00557269 0.997192 -0.0753817 -4.75623 -0.968115 0.0135163 0.250423 67.6862
0.248565 0.0766111 0.965665 75.2141 -0.00607343 0.997025 -0.0775397 -4.80336 -0.968674 0.0134052 0.24829 67.8397
0.24735 0.074752 0.966122 75.7753 -0.00481195 0.997154 -0.0759252 -4.85371 -0.968984 0.0141276 0.247006 67.9837
0.248097 0.071688 0.966164 76.3355 0.00109421 0.997292 -0.0742823 -4.91034 -0.968813 0.0194823 0.247345 68.1167
0.251351 0.0689354 0.965523 76.9049 0.0058155 0.997388 -0.0727286 -4.95555 -0.967948 0.0238913 0.250294 68.2333
0.253492 0.067414 0.965071 77.4577 0.00842444 0.997435 -0.071891 -5.00335 -0.967381 0.0263494 0.252271 68.3679
0.257045 0.06682 0.964171 78.0292 0.00625721 0.997523 -0.0708038 -5.04808 -0.96645 0.0242285 0.25599 68.5287
0.261036 0.0670716 0.963084 78.6043 0.00519366 0.997529 -0.0708819 -5.09299 -0.965399 0.0235001 0.260039 68.7247
0.267465 0.0657263 0.961409 79.1771 0.00687319 0.997568 -0.0701148 -5.12667 -0.963618 0.0253569 0.266362 68.8909
0.273951 0.0662942 0.959545 79.7778 0.00512706 0.997564 -0.0703885 -5.16205 -0.961813 0.0241982 0.27294 69.1062
0.282633 0.0636549 0.957199 80.3584 0.00598442 0.997715 -0.0681205 -5.2028 -0.959283 0.0249774 0.281603 69.2746
0.291212 0.063482 0.954637 80.9544 0.0020397 0.997812 -0.0669786 -5.25131 -0.956738 0.021448 0.29044 69.4736
0.301151 0.0624823 0.951615 81.5265 0.00112362 0.997882 -0.0658802 -5.29664 -0.953652 0.0209052 0.300439 69.6474
0.310853 0.0660178 0.948252 82.1225 -0.00403728 0.997728 -0.0681422 -5.33789 -0.950532 0.0173499 0.310406 69.8511
0.318806 0.0688777 0.945404 82.6727 -0.00728428 0.997561 -0.0702259 -5.35997 -0.947869 0.0154983 0.318525 70.0629
0.328417 0.0716822 0.9419 83.3357 -0.0101884 0.997388 -0.0723561 -5.39519 -0.944563 0.0141629 0.328281 70.3739
0.339546 0.0739726 0.937768 83.95 -0.0116842 0.997214 -0.074436 -5.42918 -0.940595 0.0143141 0.339458 70.5717
0.348872 0.0750026 0.934255 84.59 -0.0142933 0.997162 -0.0747189 -5.46753 -0.937149 0.0127103 0.348943 70.8393
0.359345 0.0750652 0.930275 85.2248 -0.0154066 0.997158 -0.074516 -5.51943 -0.933157 0.0124413 0.359474 71.0861
0.369633 0.0758079 0.926171 85.8746 -0.0192678 0.997137 -0.0739303 -5.56425 -0.929066 0.00947859 0.370022 71.362
0.379499 0.0709458 0.922563 86.5345 -0.0187087 0.997497 -0.0690176 -5.60589 -0.925083 0.00892908 0.379868 71.6528
0.391274 0.0638772 0.918146 87.2014 -0.0149095 0.997958 -0.0630797 -5.64512 -0.920244 0.0109889 0.391412 71.9068
0.401413 0.0591927 0.914081 87.8571 -0.0130023 0.998237 -0.0589376 -5.68743 -0.915887 0.0117698 0.401466 72.2034
0.411588 0.0556323 0.909765 88.5559 -0.0132809 0.998457 -0.0550512 -5.7264 -0.911366 0.0105721 0.411674 72.5305
0.420398 0.0520455 0.905947 89.2394 -0.00672632 0.998565 -0.0542504 -5.76815 -0.907398 0.0167092 0.420135 72.8463
0.428409 0.0466354 0.902477 89.9254 -4.07563e-05 0.998731 -0.0515938 -5.79103 -0.903679 0.0220617 0.427849 73.1706
0.435338 0.0363119 0.899636 90.6378 0.0101836 0.998985 -0.0452551 -5.82413 -0.900293 0.0288579 0.434515 73.4977
0.442291 0.0317141 0.896409 91.3613 0.0153528 0.999026 -0.0429236 -5.85417 -0.896835 0.0327416 0.441353 73.8392
0.448703 0.0316269 0.893226 92.0573 0.0173828 0.998935 -0.0441077 -5.88951 -0.893598 0.0353126 0.447664 74.1985
0.456684 0.03672 0.888972 92.7938 0.0193951 0.998565 -0.0512142 -5.94025 -0.889515 0.0406243 0.455295 74.5557
0.46207 0.0399958 0.886049 93.4591 0.0235636 0.998141 -0.05735 -5.98164 -0.88662 0.0473722 0.460255 74.931
0.466949 0.0424113 0.883372 94.2051 0.0217585 0.998062 -0.0594235 -6.02071 -0.884117 0.0469621 0.4651 75.344
0.471674 0.0448599 0.880741 94.8844 0.0145295 0.998239 -0.0586321 -6.05713 -0.881743 0.0404466 0.470177 75.7059
0.475503 0.0491662 0.878446 95.625 0.0080837 0.998218 -0.0602499 -6.10343 -0.879779 0.0357442 0.474236 76.1431
0.478666 0.0519443 0.87657 96.3454 0.00735574 0.998041 -0.0631657 -6.16127 -0.878057 0.0366782 0.477332 76.5869
0.482792 0.0564798 0.87403 97.0963 0.00457422 0.997815 -0.0670107 -6.21175 -0.875827 0.0363441 0.481458 77.0563
0.485887 0.0612483 0.871985 97.7876 0.00134501 0.997554 -0.0708243 -6.23746 -0.874111 0.0355808 0.484601 77.4741
0.489832 0.0605098 0.869834 98.4324 2.26939e-06 0.997661 -0.0694089 -6.27546 -0.87192 0.0339948 0.488666 77.8321
0.494131 0.0573517 0.867606 99.1151 0.00119421 0.997842 -0.0666472 -6.32994 -0.869477 0.0339639 0.49298 78.2271
0.497146 0.053486 0.866142 99.6916 0.00163326 0.998114 -0.062579 -6.37945 -0.86777 0.0325195 0.496102 78.5319
0.501231 0.0534777 0.863775 100.331 0.000781267 0.998125 -0.0622556 -6.4112 -0.865408 0.0318743 0.500233 78.9027
0.504972 0.0562021 0.861418 100.958 -0.00120982 0.997995 -0.0644083 -6.44154 -0.863246 0.0314765 0.503999 79.2715
0.507674 0.0564294 0.859815 101.552 -0.000249833 0.997927 -0.0653529 -6.48906 -0.861644 0.0329582 0.506619 79.6235
0.507077 0.0547915 0.860271 102.129 0.00183467 0.997978 -0.0646481 -6.53073 -0.862009 0.0343539 0.505923 80.0204
0.509613 0.0535802 0.858848 102.747 0.00395192 0.997967 -0.064611 -6.5735 -0.86049 0.0363154 0.508348 80.3762
0.511628 0.0534628 0.857656 103.33 0.00327397 0.998005 -0.0641694 -6.61067 -0.859312 0.0356327 0.510404 80.7277
0.514405 0.0525801 0.856046 103.902 0.00496213 0.997984 -0.0642862 -6.64951 -0.857626 0.0373116 0.513089 81.0457
0.516855 0.0547838 0.854434 104.46 0.00446288 0.997835 -0.0666827 -6.68329 -0.856173 0.0382722 0.515463 81.3817
0.519457 0.0549459 0.852843 105.005 0.00773936 0.997655 -0.0689958 -6.71533 -0.854557 0.0424351 0.517794 81.7026
0.521508 0.0540596 0.851649 105.551 0.00883095 0.997665 -0.068741 -6.77294 -0.853311 0.0433631 0.519786 82.0641
0.524306 0.0522553 0.850041 106.082 0.0115926 0.997653 -0.068486 -6.81675 -0.851548 0.0457557 0.52245 82.394
0.528886 0.0511616 0.847269 106.611 0.0128311 0.997656 -0.0682574 -6.85738 -0.848708 0.0469645 0.526962 82.6834
0.531355 0.0505417 0.845761 107.138 0.0140734 0.997623 -0.0684651 -6.90108 -0.847133 0.0482753 0.529361 83.0486
0.535135 0.050333 0.843386 107.629 0.0130423 0.997683 -0.0678221 -6.94849 -0.844782 0.0472863 0.53321 83.3221
0.53857 0.0501417 0.84121 108.138 0.0135774 0.997651 -0.0681659 -6.99846 -0.842576 0.0481267 0.536602 83.6449
0.542729 0.0513819 0.838456 108.64 0.0127529 0.997579 -0.0693933 -7.04196 -0.839925 0.0483471 0.540731 83.9705
0.547088 0.0511375 0.835635 109.144 0.0155404 0.99741 -0.0712182 -7.07625 -0.837037 0.0519414 0.544854 84.3049
0.551902 0.0542604 0.832262 109.627 0.012953 0.997274 -0.073613 -7.12798 -0.83392 0.0514 0.549666 84.6202
0.557448 0.0600612 0.828162 110.109 0.0101198 0.996884 -0.0791158 -7.16335 -0.830259 0.0524764 0.555079 84.9529
0.563481 0.0670609 0.823525 110.586 0.00505161 0.996474 -0.0846055 -7.20676 -0.826228 0.0518264 0.561125 85.2894
0.569411 0.0732642 0.818913 111.055 -6.87325e-05 0.996097 -0.0890754 -7.2517 -0.822165 0.0506568 0.567169 85.6312
0.575625 0.0774175 0.814165 111.531 -0.00377103 0.995822 -0.0920293 -7.30401 -0.817821 0.049897 0.573481 85.9858
0.58093 0.0783965 0.810301 112.017 -0.0081011 0.99593 -0.0905551 -7.34841 -0.814027 0.0460348 0.579175 86.357
0.586364 0.0780084 0.806406 112.502 -0.0139544 0.996251 -0.0862302 -7.3902 -0.810047 0.0393031 0.585218 86.729
0.592159 0.0760767 0.802358 112.992 -0.0202351 0.996697 -0.0795759 -7.44015 -0.805685 0.0308798 0.591714 87.1086
0.597444 0.0750789 0.798511 113.484 -0.0262671 0.996974 -0.0740904 -7.48207 -0.801605 0.0232849 0.597569 87.5117
0.604785 0.0735699 0.79312 113.987 -0.0290076 0.997172 -0.0703849 -7.52252 -0.795978 0.0195562 0.60518 87.8699
0.611003 0.0774023 0.787965 114.487 -0.034891 0.996943 -0.0708804 -7.5712 -0.790989 0.0158102 0.611796 88.2745
0.617214 0.0813895 0.782715 114.996 -0.0386833 0.996645 -0.0731377 -7.61274 -0.785965 0.0148588 0.618262 88.6934
0.62361 0.0845765 0.777281 115.503 -0.0414669 0.996379 -0.0751533 -7.65224 -0.780768 0.0146299 0.624819 89.0987
0.629245 0.0867673 0.772491 116.022 -0.0438377 0.996204 -0.0761932 -7.69757 -0.776093 0.0140752 0.630629 89.546
0.63604 0.0876765 0.766796 116.553 -0.0471083 0.996154 -0.0748318 -7.74533 -0.770351 0.0114689 0.637682 89.9896
0.641799 0.0898213 0.761738 117.087 -0.0526255 0.996003 -0.0731137 -7.78873 -0.765191 0.00683307 0.643932 90.4772
0.649127 0.0881184 0.755703 117.621 -0.0540876 0.996171 -0.0697051 -7.84382 -0.758896 0.00436913 0.651365 90.9167
0.656737 0.0858656 0.749359 118.178 -0.0543428 0.99637 -0.0665512 -7.89291 -0.752286 0.00298034 0.65899 91.4156
0.663779 0.0860034 0.743117 118.73 -0.0547092 0.996359 -0.0664512 -7.93162 -0.746071 0.00344947 0.666025 91.9256
0.67095 0.0882659 0.736378 119.284 -0.0597258 0.996165 -0.0649941 -7.98798 -0.739223 -0.000376847 0.673618 92.4574
0.679639 0.0888019 0.728305 119.852 -0.0600059 0.99612 -0.0654678 -8.0232 -0.731237 0.000787999 0.682286 92.9643
0.686548 0.0898089 0.721667 120.416 -0.0619295 0.996027 -0.0650444 -8.05771 -0.724576 -4.02534e-05 0.68935 93.5129
0.691134 0.0884209 0.717452 120.977 -0.0615901 0.996155 -0.0634458 -8.10414 -0.720246 -0.000341944 0.693878 94.08
0.695084 0.0872489 0.71377 121.557 -0.0601138 0.996255 -0.0632476 -8.13792 -0.71655 0.00105086 0.697692 94.6452
0.699302 0.0847506 0.709941 122.145 -0.0565917 0.996466 -0.0632189 -8.17493 -0.712732 0.0040284 0.701582 95.205
0.702368 0.0806495 0.707388 122.736 -0.0511589 0.99678 -0.0628563 -8.22128 -0.710114 0.00795429 0.704199 95.8059
0.706714 0.0735845 0.703822 123.344 -0.0435508 0.997289 -0.0605442 -8.27457 -0.706312 0.0121307 0.707955 96.3802
0.710927 0.0673964 0.700189 123.957 -0.0377774 0.99769 -0.0576843 -8.31886 -0.702393 0.0145526 0.711796 96.978
0.714662 0.0615933 0.696916 124.577 -0.032298 0.998033 -0.0550932 -8.36542 -0.698881 0.0168588 0.715198 97.5869
0.717691 0.0600499 0.693929 125.176 -0.0321094 0.998138 -0.0531749 -8.40987 -0.695766 0.0158758 0.718248 98.2156
0.72027 0.0613834 0.69114 125.779 -0.0329137 0.998054 -0.0543491 -8.45437 -0.693075 0.0163928 0.720838 98.8584
0.723275 0.0659037 0.687572 126.386 -0.0382965 0.997802 -0.0553627 -8.49796 -0.689643 0.0137054 0.724174 99.5234
0.725253 0.0694131 0.685144 126.994 -0.0444508 0.997625 -0.0540263 -8.54075 -0.687211 0.00872286 0.726564 100.224
0.728553 0.0660982 0.681956 127.599 -0.0444155 0.997868 -0.0492758 -8.58274 -0.683693 0.00560575 0.7299 100.855
0.73258 0.0640728 0.677831 128.223 -0.0475436 0.99802 -0.0429638 -8.61436 -0.679188 -0.000756078 0.734122 101.526
0.735701 0.0584861 0.674941 128.832 -0.0467599 0.998344 -0.0355489 -8.65029 -0.675837 -0.00541112 0.737182 102.199
0.739727 0.054459 0.670875 129.448 -0.0446167 0.99857 -0.031873 -8.6785 -0.671599 -0.00635867 0.741044 102.892
0.743946 0.0507931 0.666474 130.052 -0.0386549 0.99878 -0.0329788 -8.70606 -0.66727 -0.00123286 0.744966 103.563
0.748374 0.0469711 0.66179 130.65 -0.0283815 0.998919 -0.0388128 -8.73401 -0.662845 0.0102588 0.748842 104.233
0.752419 0.0477467 0.657125 131.255 -0.0224677 0.998721 -0.0468503 -8.76511 -0.658456 0.0204805 0.752492 104.96
0.758123 0.0475269 0.650559 131.886 -0.0191453 0.998609 -0.0506514 -8.79777 -0.652007 0.0259385 0.757922 105.679
0.764651 0.042848 0.643187 132.531 -0.0161519 0.998822 -0.0473461 -8.832 -0.644391 0.0258081 0.764404 106.402
0.76993 0.0374839 0.637212 133.153 -0.0113863 0.998997 -0.0450165 -8.86538 -0.638208 0.0273975 0.769528 107.169
0.775467 0.0333731 0.630682 133.746 -0.00713705 0.999076 -0.0441005 -8.92074 -0.631507 0.0296902 0.774947 107.808
0.778835 0.0341026 0.626499 134.336 -0.00505765 0.998908 -0.0480958 -8.98051 -0.627401 0.0342828 0.778098 108.607
0.783252 0.0351568 0.620895 134.936 -0.00525174 0.998814 -0.0499399 -9.01037 -0.621849 0.0358469 0.782466 109.315
0.785605 0.0322941 0.618091 135.52 -0.00335412 0.998922 -0.047938 -9.06295 -0.618921 0.0355796 0.784807 110.079
0.788085 0.0261103 0.615203 136.114 0.00105527 0.999118 -0.0437658 -9.09474 -0.615737 0.0351324 0.78732 110.795
0.789609 0.0222141 0.613416 136.72 0.00433203 0.999196 -0.0417701 -9.12163 -0.613798 0.0356317 0.788818 111.56
0.791159 0.0174105 0.611556 137.33 0.00839701 0.999268 -0.0393214 -9.14796 -0.611728 0.0362365 0.79039 112.299
0.791268 0.0168233 0.611444 137.921 0.00829275 0.999314 -0.0382358 -9.1815 -0.611614 0.0353177 0.790526 113.088
0.791178 0.0175299 0.611528 138.507 0.00684274 0.999351 -0.03751 -9.21356 -0.611724 0.0338536 0.790499 113.846
0.790758 0.0198754 0.612015 139.09 0.00478856 0.999321 -0.0386494 -9.25317 -0.612314 0.0334856 0.790066 114.609
0.789809 0.0238298 0.613082 139.67 0.000899307 0.999276 -0.0400088 -9.2829 -0.613527 0.0321429 0.789171 115.353
0.78817 0.0286284 0.615001 140.254 -0.00382319 0.999206 -0.041623 -9.32443 -0.615649 0.0304477 0.787595 116.098
0.786842 0.0311498 0.616557 140.857 -0.00732256 0.9992 -0.0411465 -9.3553 -0.617282 0.0278536 0.7864 116.882
0.785155 0.033412 0.618604 141.452 -0.0105668 0.999203 -0.0405661 -9.39669 -0.619409 0.0253075 0.784823 117.628
0.783472 0.0332254 0.620727 142.052 -0.0119518 0.999262 -0.0384115 -9.43353 -0.621485 0.0226684 0.783251 118.361
0.781397 0.0322464 0.623406 142.648 -0.0135859 0.999387 -0.0346746 -9.47441 -0.624085 0.018619 0.781299 119.115
0.780006 0.0283428 0.62532 143.263 -0.00969955 0.999475 -0.0332122 -9.50302 -0.625872 0.0198334 0.779829 119.827
0.778294 0.0321717 0.627278 143.865 -0.0105603 0.999297 -0.0381583 -9.54092 -0.628007 0.0230678 0.778031 120.53
0.775495 0.0422888 0.630127 144.457 -0.0166689 0.998852 -0.0465298 -9.58227 -0.631309 0.0255728 0.775268 121.265
0.771786 0.0485726 0.634224 145.052 -0.0192359 0.998487 -0.0530707 -9.62211 -0.635782 0.0287528 0.771498 122.052
0.76965 0.0482346 0.636834 145.638 -0.021852 0.998624 -0.0492373 -9.65859 -0.638268 0.0239722 0.769604 122.694
0.766432 0.0474086 0.640772 146.271 -0.0251104 0.998804 -0.0438724 -9.69844 -0.642024 0.0175295 0.766652 123.462
0.76339 0.0456776 0.644512 146.874 -0.0269777 0.998959 -0.0388536 -9.7396 -0.645547 0.0122666 0.763787 124.182
0.760221 0.0454895 0.648268 147.489 -0.0264386 0.998967 -0.039103 -9.77475 -0.649316 0.0125823 0.760587 124.923
0.758219 0.0438328 0.650715 148.11 -0.0247021 0.99903 -0.0385222 -9.80627 -0.651705 0.0131277 0.758526 125.6
0.756012 0.0426462 0.653371 148.728 -0.0208698 0.99902 -0.0410684 -9.83815 -0.65442 0.0174066 0.75611 126.289
0.75328 0.0412689 0.656594 149.348 -0.0172007 0.999001 -0.0430667 -9.8739 -0.657646 0.0211403 0.7532 126.973
0.749965 0.0412168 0.660392 149.969 -0.0142429 0.998914 -0.0461792 -9.91105 -0.661515 0.0252203 0.749688 127.663
0.746057 0.0414665 0.664783 150.583 -0.0145813 0.998912 -0.0459551 -9.94859 -0.665898 0.0245841 0.745813 128.361
0.741598 0.043766 0.669613 151.2 -0.0172223 0.998862 -0.0462217 -9.98297 -0.670812 0.0227392 0.741462 129.063
0.736002 0.0434024 0.675777 151.798 -0.0165833 0.998875 -0.0461033 -10.0208 -0.676949 0.0227181 0.735859 129.735
0.730042 0.0461932 0.682032 152.41 -0.0198926 0.998805 -0.0463644 -10.0691 -0.683296 0.0202744 0.730044 130.408
0.724729 0.0529552 0.687181 153.06 -0.023439 0.998438 -0.0522314 -10.1066 -0.6888 0.0217396 0.724805 131.108
0.722424 0.0583816 0.689159 153.753 -0.0259442 0.998096 -0.0573641 -10.1387 -0.691132 0.0235558 0.722519 131.758
0.71709 0.0605588 0.694529 154.408 -0.0257004 0.997916 -0.0604874 -10.1768 -0.696672 0.025518 0.71712 132.427
0.710903 0.0567627 0.701176 155.065 -0.0274836 0.9983 -0.0529591 -10.2184 -0.702925 0.0183722 0.71121 133.083
0.704949 0.0541019 0.707375 155.74 -0.0333678 0.99859 -0.0431314 -10.2542 -0.708637 0.00679576 0.705729 133.762
0.69819 0.0499438 0.714347 156.417 -0.0331525 0.998831 -0.0374391 -10.2921 -0.715315 0.00245234 0.698988 134.435
0.690961 0.0517915 0.721214 157.095 -0.0384956 0.998729 -0.0348493 -10.3239 -0.722028 -0.00368955 0.692046 135.119
0.683624 0.0529016 0.728092 157.775 -0.0372703 0.998682 -0.037576 -10.3529 -0.729053 -0.00145289 0.684652 135.756
0.677166 0.0525015 0.734132 158.443 -0.0323785 0.99869 -0.0415652 -10.3925 -0.735276 0.00437022 0.67795 136.344
0.67036 0.0598178 0.739795 159.146 -0.0316814 0.998228 -0.0520133 -10.4409 -0.741526 0.0114245 0.671027 136.985
0.663023 0.0607895 0.746302 159.879 -0.0278734 0.99809 -0.0565457 -10.4705 -0.748237 0.016682 0.663424 137.646
0.656602 0.0562618 0.752309 160.613 -0.0250319 0.998375 -0.0528242 -10.5218 -0.753989 0.015847 0.656904 138.281
0.649791 0.0503239 0.758618 161.342 -0.0212661 0.998697 -0.0480443 -10.5709 -0.759971 0.0150787 0.649988 138.896
0.642862 0.0495323 0.76455 162.071 -0.0211649 0.998759 -0.0469174 -10.6196 -0.765856 0.013974 0.643074 139.529
0.636026 0.05085 0.770164 162.779 -0.0228607 0.998709 -0.0470707 -10.6722 -0.771485 0.0123248 0.636342 140.117
0.629384 0.0494543 0.775691 163.536 -0.0189509 0.998738 -0.0483059 -10.6993 -0.777029 0.0156969 0.629492 140.776
0.623321 0.0442431 0.780886 164.242 -0.0147183 0.998965 -0.0448604 -10.7328 -0.781982 0.0164617 0.623303 141.363
0.618304 0.0405915 0.785058 164.947 -0.0136865 0.999156 -0.0408896 -10.7877 -0.78598 0.0145314 0.618304 141.926
0.613817 0.0392596 0.788642 165.684 -0.0149389 0.999241 -0.0381262 -10.8307 -0.789461 0.011614 0.613914 142.522
0.609662 0.0412457 0.791754 166.454 -0.0147255 0.999148 -0.0407184 -10.857 -0.792684 0.0131597 0.609718 143.132
0.605189 0.0438159 0.79505 167.115 -0.0140333 0.998994 -0.0443841 -10.8938 -0.796117 0.0156962 0.605173 143.641
0.601922 0.0494489 0.797189 167.82 -0.0145831 0.998682 -0.0509435 -10.9273 -0.798581 0.0190324 0.601818 144.184
0.597974 0.0522344 0.799983 168.537 -0.0166458 0.998547 -0.0527675 -10.9645 -0.801499 0.0182301 0.597953 144.773
0.595699 0.0474407 0.80197 169.237 -0.0163108 0.998847 -0.0469789 -11.0105 -0.803201 0.0148985 0.595756 145.277
