1 0 0 0 0 1 0 0 0 0 1 0
1 -0.00209448 -0.00159414 -0.00416107 0.0020991 0.999995 0.00293635 -0.0209729 0.00158853 -0.00294028 0.999997 1.58481
0.999998 -0.00222841 -0.000776394 -0.0577517 0.00223078 0.999994 0.00288212 -0.0238734 0.000770082 -0.0028839 0.999997 3.23532
1 -0.00164153 -0.00200995 -0.0721625 0.00164517 0.999998 0.00194888 -0.03294 0.00200754 -0.00195285 0.999999 4.81606
0.999999 -0.00107509 -0.00189633 -0.119039 0.00107678 1 0.000731182 -0.0312693 0.00189589 -0.000733241 1 6.39515
1 -0.00192417 -0.00269543 -0.148926 0.00192459 0.999999 0.000241972 -0.0378899 0.00269585 -0.000247828 0.999999 7.96689
0.999988 -0.00294257 -0.0044003 -0.159095 0.0029453 0.999997 0.000524183 -0.0553412 0.00439913 -0.000537288 0.999993 9.5201
0.999978 -0.00566993 -0.0050691 -0.19607 0.00566301 0.999985 -0.00130128 -0.0600606 0.00507738 0.0012718 0.99999 11.0545
0.999969 -0.0070032 -0.00433414 -0.242117 0.00699615 0.999976 -0.00174947 -0.0720575 0.0043467 0.00171899 0.999993 12.6291
0.999965 -0.00760397 -0.00520181 -0.258702 0.00759294 0.999971 -0.00206186 -0.0950782 0.00521835 0.00202152 0.999989 14.174
0.999963 -0.00763602 -0.00466918 -0.303803 0.00762826 0.999971 -0.00177532 -0.120752 0.00468316 0.00173952 0.999992 15.6622
0.999978 -0.00690091 -0.00239226 -0.35955 0.00689597 0.999977 -0.0019869 -0.132149 0.00240668 0.00196975 0.999999 17.2399
0.999983 -0.00558814 0.00235773 -0.446591 0.00559319 0.999985 -0.00192147 -0.140877 -0.00234647 0.00193434 0.999997 18.867
0.999981 -0.00528038 0.00379032 -0.482357 0.00528737 0.999986 -0.00185043 -0.150267 -0.00377982 0.00186981 0.999992 20.4368
0.999965 -0.00546524 0.00636098 -0.516538 0.00548284 0.999985 -0.00267017 -0.166494 -0.00634585 0.00270471 0.999978 21.9899
0.999956 -0.00461545 0.00833163 -0.563784 0.00464386 0.999986 -0.00338831 -0.176547 -0.00831525 0.00342626 0.999961 23.5638
0.99995 -0.0046266 0.00875633 -0.56662 0.00465276 0.999988 -0.00290717 -0.200063 -0.0087423 0.00294751 0.999958 25.1047
0.999942 -0.00375781 0.0103434 -0.581445 0.00377982 0.999993 -0.00210683 -0.219186 -0.0103349 0.00214526 0.999947 26.6582
0.999929 -0.00354678 0.011288 -0.5832 0.00359102 0.999989 -0.00385314 -0.241965 -0.0112737 0.00389316 0.99993 28.1803
0.999891 -0.00218331 0.0146704 -0.637745 0.00229065 0.999974 -0.00729732 -0.24301 -0.0146537 0.00732963 0.999868 29.7661
0.999859 -0.00384878 0.0160169 -0.641753 0.00396734 0.99997 -0.00732862 -0.276724 -0.0159877 0.00739092 0.999845 31.2327
0.999848 -0.00456273 0.0167233 -0.632806 0.00464092 0.999982 -0.00463174 -0.308172 -0.0167014 0.00470821 0.999851 32.6844
0.999834 -0.00622972 0.0168657 -0.618348 0.00628474 0.999981 -0.00316656 -0.342587 -0.0168451 0.0032718 0.999854 34.1206
0.99978 -0.00680554 0.0197777 -0.639717 0.00689546 0.999971 -0.00447498 -0.358595 -0.0197463 0.00460994 0.999797 35.6363
0.999778 -0.00728397 0.0195643 -0.606294 0.007407 0.999959 -0.00617929 -0.389819 -0.019518 0.00632248 0.999791 37.0695
0.999733 -0.00605776 0.0222261 -0.615473 0.00622455 0.999959 -0.00743716 -0.413264 -0.0221797 0.00757297 0.999729 38.5193
0.999672 -0.00504092 0.0247194 -0.621855 0.00524437 0.99996 -0.0081353 -0.446773 -0.0246768 0.00826199 0.99966 39.9291
0.999616 -0.00445081 0.0272626 -0.615373 0.00464544 0.99997 -0.00708002 -0.480993 -0.0272298 0.00720338 0.999605 41.299
0.999534 -0.00362759 0.0300325 -0.604746 0.00378413 0.999988 -0.00512697 -0.512996 -0.0300128 0.00523792 0.999537 42.6825
0.999424 -0.00367943 0.033537 -0.588733 0.00379293 0.999994 -0.00331866 -0.555367 -0.0335241 0.00344337 0.999431 44.0348
0.99934 -0.0038315 0.0359203 -0.538553 0.00395123 0.999993 -0.00323513 -0.57493 -0.035907 0.00337458 0.999351 45.4188
0.999146 -0.0042342 0.0408469 -0.520497 0.00441261 0.999988 -0.00427296 -0.595635 -0.0408279 0.00444901 0.999155 46.7555
0.998777 -0.00443713 0.0490574 -0.525405 0.00477952 0.999972 -0.00684351 -0.611891 -0.0490249 0.00706921 0.998773 48.1065
0.998423 -0.00396785 0.0557895 -0.507782 0.00446797 0.999959 -0.00884117 -0.639386 -0.0557516 0.00907607 0.998401 49.4093
0.998033 -0.00410543 0.0622277 -0.460441 0.0046535 0.999958 -0.00864896 -0.663596 -0.0621889 0.00892136 0.998014 50.7085
0.997709 -0.00415878 0.0673132 -0.370205 0.00476281 0.999957 -0.00881347 -0.695703 -0.0672732 0.00911348 0.997688 51.9709
0.997032 -0.00246296 0.0765177 -0.325091 0.00323924 0.999953 -0.0100094 -0.721199 -0.0764886 0.0102276 0.996997 53.2298
0.996556 -0.0017014 0.0826532 -0.216322 0.00250173 0.999958 -0.00957953 -0.756322 -0.082633 0.00975313 0.99652 54.4535
0.995908 -0.00193585 0.0899944 -0.0860091 0.00279621 0.999961 -0.00942407 -0.774964 -0.0899718 0.0096373 0.995879 55.6956
0.994752 -1.95558e-05 0.10222 0.0110012 0.000991889 0.999963 -0.00946088 -0.797149 -0.102215 0.00951224 0.994717 56.9368
0.993367 0.00141233 0.114674 0.146478 -0.000336996 0.999965 -0.00938828 -0.828315 -0.114683 0.00928759 0.993338 58.1298
0.991388 0.00334638 0.130821 0.263049 -0.00218041 0.999965 -0.00905499 -0.854451 -0.130847 0.00869145 0.991362 59.303
0.989027 0.00495507 0.147413 0.424266 -0.0038383 0.999972 -0.00785323 -0.878924 -0.147447 0.00720139 0.989024 60.4814
0.986399 0.00474319 0.164227 0.609029 -0.0036646 0.999979 -0.00686909 -0.907387 -0.164257 0.00617352 0.986397 61.6017
0.982614 0.004584 0.185415 0.769716 -0.00318364 0.999974 -0.00784487 -0.927964 -0.185445 0.0071184 0.98261 62.761
0.979532 0.00316667 0.201139 1.04772 -0.00158774 0.999977 -0.00800896 -0.9643 -0.20116 0.00752555 0.979514 63.8195
0.975156 -0.000122932 0.221414 1.29728 0.00198804 0.999974 -0.00819664 -0.987647 -0.221404 0.00843306 0.975148 64.8896
0.96984 -0.00396068 0.243595 1.53415 0.00548751 0.999984 -0.00558695 -1.02042 -0.243569 0.00675517 0.969847 65.9287
0.96407 -0.0100712 0.265403 1.84261 0.0115013 0.999939 -0.00382999 -1.04649 -0.265344 0.00674467 0.964144 66.9636
0.957416 -0.0151136 0.288214 2.16496 0.0171019 0.99986 -0.00437843 -1.06761 -0.288107 0.00912114 0.95754 68.0047
0.949939 -0.0211732 0.311695 2.51152 0.0241982 0.999704 -0.00583426 -1.08618 -0.311474 0.0130841 0.950188 69.027
0.940928 -0.0245982 0.337617 2.86464 0.0276589 0.999624 -0.00425395 -1.11416 -0.337386 0.013341 0.941257 69.9976
0.930844 -0.0275252 0.364359 3.2505 0.0302518 0.999556 -0.00177071 -1.12887 -0.364143 0.0126702 0.931281 70.9938
0.919524 -0.031712 0.391675 3.64166 0.0340752 0.999434 0.000921069 -1.14253 -0.391485 0.0124997 0.920086 71.9134
0.907977 -0.0345286 0.417587 4.08569 0.037755 0.999301 0.000540807 -1.15525 -0.417308 0.0152739 0.908668 72.8147
0.894651 -0.0336634 0.445427 4.54 0.0391289 0.999245 -0.00307309 -1.16746 -0.444991 0.0201791 0.895294 73.703
0.880476 -0.0347854 0.472808 5.022 0.0440698 0.999006 -0.00856537 -1.17601 -0.472034 0.0283766 0.881155 74.5699
0.864842 -0.0369957 0.500619 5.48888 0.0484393 0.998794 -0.00987067 -1.20612 -0.499654 0.0327873 0.865591 75.3681
0.847489 -0.0373802 0.529495 6.00804 0.0480126 0.998842 -0.0063291 -1.21872 -0.52864 0.0307849 0.848321 76.2015
0.828924 -0.0367215 0.5581 6.58364 0.0445504 0.999024 -0.00043639 -1.22897 -0.557544 0.025226 0.829751 77.0167
0.807361 -0.0381548 0.588817 7.10211 0.0438136 0.999046 0.00466489 -1.26541 -0.588426 0.0220309 0.808281 77.767
0.784406 -0.0312938 0.619403 7.69746 0.0396547 0.999231 0.000264756 -1.27163 -0.618939 0.0243556 0.785048 78.5453
0.760721 -0.0237487 0.648639 8.32023 0.0367398 0.999321 -0.00649815 -1.27732 -0.648038 0.0287729 0.761093 79.298
0.736774 -0.0210963 0.675759 8.97941 0.0361881 0.999328 -0.00825797 -1.28363 -0.675137 0.0305398 0.737047 80.021
0.711958 -0.0238451 0.701813 9.6423 0.0378612 0.999291 -0.00445407 -1.29998 -0.701203 0.0297415 0.71237 80.6978
0.686359 -0.0240623 0.726819 10.3554 0.0383232 0.999277 -0.00310787 -1.3187 -0.726227 0.0299883 0.68679 81.35
0.659316 -0.0223552 0.751528 11.0529 0.0394875 0.999226 -0.0049174 -1.34106 -0.750831 0.0329169 0.659701 81.9716
0.632432 -0.0198473 0.774321 11.8094 0.0397822 0.999202 -0.00688106 -1.349 -0.773575 0.0351572 0.632722 82.5691
0.602891 -0.0181748 0.797626 12.4944 0.038451 0.999259 -0.00629217 -1.37823 -0.796917 0.034461 0.603156 83.1251
0.57412 -0.016518 0.818566 13.2968 0.0388296 0.999239 -0.00707029 -1.38572 -0.817834 0.0358452 0.574329 83.6735
0.543996 -0.00995462 0.839041 14.0792 0.0373621 0.999245 -0.0123674 -1.40518 -0.838277 0.038074 0.54397 84.1835
0.51329 -0.000884888 0.858181 14.8638 0.0363715 0.999144 -0.0207234 -1.43116 -0.857435 0.0418521 0.512887 84.6329
0.482889 0.0076429 0.87566 15.728 0.0357002 0.998978 -0.0284062 -1.44576 -0.874977 0.044976 0.482134 85.0722
0.450033 0.0122934 0.892891 16.5556 0.0333207 0.998999 -0.0305473 -1.47867 -0.89238 0.043501 0.449177 85.4942
0.417635 0.0119594 0.908549 17.4361 0.0313835 0.999149 -0.0275778 -1.50326 -0.908098 0.0400289 0.416915 85.8805
0.383605 0.0103963 0.923397 18.3373 0.0268548 0.99941 -0.0224072 -1.53014 -0.923093 0.033395 0.383104 86.2638
0.348306 0.0114981 0.937329 19.2153 0.0225442 0.999555 -0.0206385 -1.56055 -0.937141 0.0283178 0.347901 86.5991
0.312726 0.0145496 0.949694 20.1379 0.0149526 0.999706 -0.0202383 -1.58035 -0.949717 0.0205304 0.312421 86.9095
0.277104 0.0161249 0.960725 21.0887 0.0097688 0.999782 -0.019598 -1.6051 -0.960824 0.0148142 0.276895 87.1717
0.241816 0.0156787 0.970159 22.0301 0.00669628 0.999842 -0.0178263 -1.62671 -0.970292 0.0108078 0.241679 87.3712
0.205812 0.0152299 0.978496 23.0054 0.00569617 0.999867 -0.0167606 -1.64961 -0.978611 0.00902164 0.205706 87.5608
0.169296 0.0149292 0.985418 23.9811 0.00615722 0.999872 -0.016205 -1.66818 -0.985543 0.00881147 0.169189 87.733
0.133635 0.0132796 0.990964 24.922 0.00861197 0.99988 -0.0145603 -1.69654 -0.99103 0.0104782 0.133513 87.8552
0.098585 0.0128602 0.995011 25.9031 0.0165465 0.999779 -0.0145602 -1.71932 -0.994989 0.0179007 0.0983575 87.9478
0.0652612 0.0160579 0.997763 26.8943 0.0182751 0.999706 -0.0172848 -1.74919 -0.997741 0.0193602 0.0649556 87.9976
0.0330504 0.0211911 0.999196 27.9086 0.0189958 0.999604 -0.0218264 -1.77283 -0.999273 0.0197034 0.032642 88.0148
0.0037275 0.0249721 0.999706 28.8831 0.0257635 0.999375 -0.0250608 -1.8065 -0.999703 0.0258469 0.00308811 88.0146
-0.0227845 0.0233234 0.999434 29.8522 0.0269899 0.9994 -0.0227059 -1.83677 -0.999376 0.026459 -0.0233928 88.0085
-0.0453502 0.0206776 0.998782 30.8797 0.028521 0.999426 -0.0193965 -1.86213 -0.998607 0.027604 -0.0459082 87.962
-0.0654845 0.0191359 0.997636 31.8995 0.0280309 0.99948 -0.01733 -1.87686 -0.99746 0.0268313 -0.0659792 87.9169
-0.082493 0.022325 0.996369 32.9 0.0294996 0.999389 -0.0199513 -1.90636 -0.996199 0.0277441 -0.0830959 87.838
-0.0972783 0.0263362 0.994873 33.9029 0.032307 0.999228 -0.0232908 -1.94089 -0.994733 0.0298776 -0.0980464 87.734
-0.109783 0.03135 0.993488 34.9067 0.0365253 0.998976 -0.0274886 -1.97739 -0.993331 0.0332668 -0.11081 87.6272
-0.119439 0.0348988 0.992194 35.9209 0.0415109 0.998701 -0.0301289 -2.01511 -0.991977 0.0375908 -0.120725 87.5036
-0.125679 0.0400337 0.991289 36.9248 0.0455231 0.998387 -0.0345509 -2.06174 -0.991074 0.040781 -0.127294 87.376
-0.129482 0.0449911 0.990529 37.9532 0.0470612 0.998141 -0.0391829 -2.10471 -0.99047 0.0415448 -0.131351 87.2361
-0.132391 0.0493447 0.989994 38.9572 0.0490953 0.997881 -0.0431749 -2.15238 -0.990028 0.0428848 -0.134529 87.103
-0.135509 0.0522846 0.989364 39.9711 0.0495818 0.997731 -0.0459335 -2.20405 -0.98954 0.0428329 -0.137787 86.9675
-0.138845 0.0558405 0.988766 40.981 0.0501757 0.997543 -0.0492934 -2.26327 -0.989088 0.0427651 -0.141302 86.8359
-0.14093 0.058873 0.988237 41.9946 0.0515164 0.997332 -0.0520658 -2.3337 -0.988686 0.0435757 -0.143579 86.6887
-0.145167 0.0604291 0.987589 43.0056 0.0537839 0.997161 -0.0531123 -2.39874 -0.987991 0.0454031 -0.148 86.5727
-0.147345 0.0593973 0.987271 44.0481 0.0536384 0.997225 -0.0519887 -2.45788 -0.987637 0.0452982 -0.150114 86.4159
-0.149024 0.0589447 0.987104 45.0968 0.0531535 0.997277 -0.0515309 -2.52227 -0.987451 0.0447855 -0.151747 86.2484
-0.151279 0.0619304 0.986521 46.1618 0.0526422 0.997143 -0.0545223 -2.55649 -0.987096 0.0436871 -0.154099 86.0896
-0.154429 0.0661094 0.985819 47.2323 0.0514587 0.996967 -0.0587996 -2.5902 -0.986711 0.0416454 -0.157358 85.9435
-0.157944 0.0694761 0.984973 48.3141 0.0497569 0.996832 -0.0623313 -2.6447 -0.986202 0.0391665 -0.160893 85.7931
-0.159588 0.0723413 0.98456 49.3538 0.0477664 0.996733 -0.0654974 -2.72925 -0.986077 0.0365731 -0.162518 85.6153
-0.161693 0.0760785 0.983873 50.387 0.0445993 0.996584 -0.0697287 -2.81423 -0.985841 0.0326071 -0.164526 85.4524
-0.164084 0.0794845 0.983269 51.5123 0.0416822 0.996441 -0.073598 -2.87547 -0.985614 0.0289057 -0.166809 85.2482
-0.166139 0.0776627 0.983011 52.5959 0.0399458 0.996622 -0.0719843 -2.9631 -0.985303 0.0273089 -0.168673 85.0543
-0.168688 0.0737218 0.982938 53.6843 0.0370486 0.996991 -0.0684218 -3.04064 -0.98502 0.0248718 -0.170908 84.8593
-0.172384 0.0726594 0.98232 54.8037 0.0366253 0.997077 -0.0673216 -3.11075 -0.984361 0.0243735 -0.174534 84.6853
-0.174325 0.0736702 0.981956 55.8859 0.0360302 0.997027 -0.0684089 -3.18182 -0.984076 0.0234522 -0.176457 84.5029
-0.175985 0.0772314 0.981334 56.9798 0.0375412 0.996737 -0.0717089 -3.25248 -0.98369 0.0242216 -0.178303 84.3156
-0.176761 0.0804534 0.980989 58.0735 0.0380261 0.996489 -0.0748775 -3.3313 -0.983566 0.0240652 -0.179196 84.1195
-0.177147 0.081149 0.980808 59.1605 0.0370281 0.996457 -0.0757535 -3.4186 -0.9835 0.0228988 -0.179517 83.9286
-0.176889 0.0800287 0.981001 60.2458 0.0341536 0.996608 -0.0751485 -3.50546 -0.983684 0.0202094 -0.179019 83.7452
-0.17644 0.0793213 0.981085 61.3312 0.0305366 0.996728 -0.0750919 -3.60015 -0.983851 0.0167102 -0.178278 83.5392
-0.176286 0.0810272 0.981027 62.477 0.0265639 0.996655 -0.0775496 -3.67945 -0.984024 0.0123871 -0.177846 83.3279
-0.176485 0.0805564 0.980978 63.5746 0.0222918 0.996738 -0.0778377 -3.77715 -0.984065 0.00813072 -0.177697 83.1327
-0.175759 0.079646 0.981235 64.6861 0.0195639 0.996829 -0.0774123 -3.87399 -0.984283 0.00558905 -0.176756 82.9233
-0.176621 0.0750857 0.981389 65.824 0.0192672 0.997181 -0.0728245 -3.9524 -0.984104 0.00604645 -0.177562 82.7299
-0.17781 0.066575 0.981836 66.9358 0.0223203 0.997749 -0.063615 -4.04095 -0.983853 0.0106012 -0.178892 82.542
-0.178205 0.0617388 0.982034 68.064 0.0274888 0.997975 -0.0577515 -4.11998 -0.983625 0.0167036 -0.179533 82.3379
-0.178526 0.0643981 0.981851 69.1644 0.0359826 0.997639 -0.0588945 -4.19871 -0.983317 0.0248125 -0.180418 82.1468
-0.17727 0.0704738 0.981617 70.2994 0.0412899 0.997113 -0.064128 -4.26818 -0.983312 0.0291634 -0.17966 81.9232
-0.176234 0.0764346 0.981403 71.4266 0.0448572 0.996591 -0.0695666 -4.3484 -0.983365 0.0317599 -0.179059 81.7122
-0.175843 0.0809503 0.981067 72.5528 0.0457884 0.996233 -0.0739928 -4.43449 -0.983369 0.0319109 -0.178879 81.5135
-0.17614 0.0781058 0.981287 73.7062 0.0427467 0.996537 -0.0716503 -4.52018 -0.983476 0.0293234 -0.178865 81.311
-0.177595 0.0733416 0.981351 74.8201 0.0418817 0.996905 -0.0669235 -4.61592 -0.983231 0.0292157 -0.18011 81.1522
-0.176451 0.0714492 0.981741 76.0035 0.0392179 0.997106 -0.0655225 -4.69379 -0.983569 0.0269369 -0.178741 80.9176
-0.176999 0.0719297 0.981564 77.1568 0.0372969 0.997127 -0.0663433 -4.77911 -0.983524 0.0248665 -0.179166 80.7229
-0.177474 0.0774676 0.9811 78.321 0.0377185 0.996726 -0.0718827 -4.85851 -0.983442 0.0242448 -0.179814 80.5193
-0.177474 0.079883 0.980864 79.4599 0.0370206 0.996566 -0.0744618 -4.94963 -0.983449 0.023097 -0.179814 80.3302
-0.176671 0.0789774 0.981124 80.642 0.0376542 0.996614 -0.073448 -5.04164 -0.983588 0.0239636 -0.179045 80.1029
-0.177597 0.0720368 0.98145 81.7939 0.0391736 0.997074 -0.0660941 -5.1385 -0.983344 0.0267087 -0.179892 79.9289
-0.177761 0.0704661 0.981577 82.9517 0.0383127 0.9972 -0.0646535 -5.22417 -0.983365 0.0261096 -0.179963 79.719
-0.178091 0.0732363 0.981274 84.1302 0.0355474 0.997086 -0.0679636 -5.31025 -0.983393 0.0227776 -0.180169 79.5197
-0.177529 0.0764154 0.981173 85.3339 0.0350458 0.996868 -0.071301 -5.39452 -0.983528 0.0217238 -0.179651 79.2986
-0.177013 0.0758585 0.98127 86.5298 0.0339713 0.996934 -0.07094 -5.48344 -0.983643 0.0207771 -0.179041 79.0782
-0.175745 0.0720993 0.981821 87.7152 0.0339451 0.997194 -0.0671559 -5.58144 -0.983887 0.0215215 -0.177699 78.8465
-0.174443 0.071175 0.982081 88.9289 0.0347938 0.997239 -0.0660921 -5.66976 -0.984074 0.0226404 -0.176431 78.6221
-0.173375 0.0718347 0.98226 90.1467 0.0362671 0.997154 -0.0665263 -5.75554 -0.984223 0.0240853 -0.175487 78.4022
-0.172553 0.0723892 0.982327 91.3647 0.0386031 0.997058 -0.0666929 -5.84109 -0.984265 0.0264122 -0.174834 78.189
-0.171391 0.0714677 0.982635 92.5705 0.038756 0.997111 -0.0657644 -5.93728 -0.984476 0.0268071 -0.173665 77.975
-0.170337 0.0719326 0.982747 93.7957 0.0401407 0.997042 -0.0660205 -6.02929 -0.98459 0.0282018 -0.172715 77.7656
-0.16971 0.0699121 0.983039 95.0169 0.0405656 0.997159 -0.0639167 -6.1208 -0.984694 0.0290256 -0.172064 77.5622
-0.168843 0.0691623 0.983205 96.2705 0.0389608 0.997257 -0.0634592 -6.20476 -0.984895 0.027591 -0.171068 77.3591
-0.167885 0.0681572 0.983475 97.4642 0.0402378 0.997279 -0.0622482 -6.29598 -0.98502 0.0291179 -0.170171 77.156
-0.165783 0.0690789 0.983734 98.7142 0.0383607 0.997274 -0.0635643 -6.37994 -0.985439 0.0271975 -0.167974 76.9456
-0.164131 0.0710256 0.983906 99.9288 0.0395257 0.997107 -0.0653882 -6.48005 -0.98568 0.0281529 -0.166463 76.7396
-0.163199 0.0702586 0.984083 101.184 0.037087 0.997226 -0.065046 -6.56016 -0.98592 0.0258798 -0.165346 76.5385
-0.164422 0.0689543 0.984003 102.435 0.0332621 0.997404 -0.0643385 -6.64901 -0.985862 0.0221469 -0.166288 76.3635
-0.164937 0.06991 0.983819 103.675 0.030541 0.997402 -0.0657545 -6.73575 -0.985855 0.0191999 -0.166637 76.1682
-0.164852 0.0690887 0.983922 104.909 0.028159 0.997497 -0.0653269 -6.82375 -0.985949 0.0169326 -0.166384 75.9522
-0.166146 0.0670514 0.983815 106.181 0.025346 0.99768 -0.0637156 -6.90308 -0.9858 0.0143481 -0.167454 75.7484
-0.167891 0.0656961 0.98364 107.454 0.0232327 0.997795 -0.0626787 -6.99187 -0.985564 0.0123253 -0.169047 75.5449
-0.168697 0.0655106 0.983484 108.729 0.0215952 0.997828 -0.0627616 -7.07445 -0.985455 0.0106492 -0.169739 75.327
-0.169891 0.0657834 0.983292 110 0.0218329 0.997807 -0.0629851 -7.16347 -0.985252 0.0107635 -0.170955 75.1077
-0.172167 0.064717 0.982937 111.282 0.0218154 0.997878 -0.0618797 -7.24881 -0.984851 0.0107878 -0.173207 74.8895
-0.175462 0.0590352 0.982741 112.519 0.0184551 0.998255 -0.0566745 -7.34689 -0.984345 0.00818838 -0.176245 74.665
-0.179028 0.0592978 0.982052 113.767 0.0181637 0.998242 -0.0569641 -7.42575 -0.9837 0.00763781 -0.179784 74.4344
-0.183788 0.0643867 0.98088 114.992 0.0129368 0.997959 -0.0630862 -7.51814 -0.982912 0.00109125 -0.184244 74.2039
-0.191021 0.0677228 0.979246 116.262 0.013839 0.997736 -0.0663019 -7.60409 -0.981514 0.000885084 -0.191519 73.9661
-0.199983 0.0636329 0.977755 117.526 0.0156367 0.998004 -0.0617547 -7.69806 -0.979706 0.00293505 -0.200577 73.7024
-0.210359 0.0613779 0.975696 118.75 0.0178092 0.998135 -0.0589501 -7.79256 -0.977488 0.0049739 -0.211052 73.4363
-0.222788 0.0619453 0.972923 119.939 0.0180033 0.998105 -0.0594288 -7.88695 -0.974733 0.00427113 -0.22348 73.1598
-0.236925 0.0624056 0.969523 121.156 0.0199145 0.998071 -0.0593769 -7.97026 -0.971351 0.00523788 -0.237703 72.8726
-0.252179 0.0599381 0.96585 122.374 0.0202338 0.998224 -0.0566671 -8.05973 -0.967503 0.00524774 -0.252942 72.5729
-0.266676 0.0635806 0.961689 123.593 0.0248429 0.997978 -0.0590913 -8.13587 -0.963495 0.00813092 -0.267707 72.2301
-0.28114 0.0664458 0.957394 124.745 0.0248472 0.997806 -0.0619574 -8.22976 -0.959381 0.00636487 -0.282172 71.8749
-0.295109 0.070177 0.952887 125.915 0.0250023 0.99756 -0.065724 -8.32026 -0.955166 0.00442667 -0.296133 71.4984
-0.310786 0.0680284 0.948073 127.141 0.0215668 0.99772 -0.0645243 -8.40957 -0.950271 0.000388831 -0.311542 71.1149
-0.326693 0.0627734 0.943048 128.384 0.0159438 0.998049 -0.0609119 -8.48851 -0.945028 -0.00486564 -0.327045 70.7218
-0.340904 0.0590901 0.93827 129.563 0.0123743 0.998254 -0.0583751 -8.57007 -0.940054 -0.00829458 -0.341037 70.2836
-0.355344 0.0607824 0.932763 130.732 0.010541 0.998116 -0.0610257 -8.64732 -0.934709 -0.0118548 -0.355302 69.8475
-0.368791 0.0631102 0.927395 131.881 0.0104601 0.997948 -0.063755 -8.7282 -0.929487 -0.0138164 -0.368692 69.3865
-0.382946 0.0660094 0.921415 133.054 0.0125198 0.997758 -0.0662754 -8.81072 -0.923719 -0.013846 -0.3829 68.9252
-0.396646 0.0659407 0.915627 134.181 0.0146308 0.997782 -0.0655223 -8.90427 -0.917887 -0.0125975 -0.396727 68.4393
-0.410955 0.0638622 0.909424 135.32 0.0140662 0.997905 -0.0637196 -8.99486 -0.911581 -0.0133957 -0.410978 67.9442
-0.424797 0.0624629 0.903159 136.423 0.014064 0.997988 -0.0624097 -9.08874 -0.905213 -0.0138139 -0.424818 67.425
-0.43876 0.0638287 0.896342 137.554 0.0125853 0.99785 -0.0648967 -9.17436 -0.89855 -0.0171952 -0.438604 66.8708
-0.453666 0.0660205 0.888753 138.635 0.0132033 0.997677 -0.0673759 -9.26023 -0.891109 -0.018836 -0.45348 66.3418
-0.467464 0.0672991 0.881456 139.703 0.0142473 0.997579 -0.0686095 -9.35567 -0.883931 -0.0195159 -0.467275 65.7748
-0.481737 0.0693336 0.8736 140.778 0.0166725 0.997446 -0.0699729 -9.45623 -0.876192 -0.0191476 -0.48166 65.1943
-0.495493 0.0728049 0.865561 141.852 0.0165388 0.997124 -0.0744034 -9.54766 -0.868487 -0.0225529 -0.495254 64.5767
-0.509225 0.075317 0.857364 142.901 0.0175104 0.9969 -0.0771792 -9.64097 -0.860492 -0.0242928 -0.508962 63.9382
-0.524007 0.0724013 0.848636 143.954 0.0161373 0.997078 -0.0751014 -9.74273 -0.851594 -0.0256609 -0.523626 63.2982
-0.538131 0.0683108 0.840121 144.997 0.013366 0.997314 -0.0725352 -9.83827 -0.842791 -0.0278084 -0.537595 62.608
-0.553551 0.0683959 0.83001 146.025 0.0127758 0.997236 -0.0736556 -9.93113 -0.832753 -0.03017 -0.552874 61.9331
-0.569583 0.0674613 0.819196 147.088 0.011282 0.997212 -0.0742813 -10.0239 -0.821893 -0.0330706 -0.568752 61.2268
-0.58395 0.0660168 0.809109 148.075 0.0106105 0.997258 -0.0737105 -10.1299 -0.811754 -0.0344601 -0.583028 60.4988
-0.59888 0.0650879 0.798225 149.09 0.0092276 0.997225 -0.0743962 -10.2366 -0.800825 -0.0371919 -0.597814 59.7519
-0.613637 0.0647784 0.786937 150.117 0.00882309 0.997164 -0.0752038 -10.3321 -0.789574 -0.0392064 -0.612446 58.9702
-0.628109 0.0620765 0.775681 151.127 0.00843042 0.997339 -0.0729931 -10.4349 -0.778117 -0.0393116 -0.626955 58.168
-0.642481 0.0594346 0.764005 152.112 0.00843532 0.997511 -0.0705065 -10.5222 -0.766291 -0.0388562 -0.64136 57.3574
-0.655293 0.0575969 0.753209 153.03 0.00899938 0.997655 -0.0684643 -10.6227 -0.755355 -0.0380894 -0.65427 56.5338
-0.66764 0.0582178 0.742219 153.987 0.00951098 0.997559 -0.0696909 -10.6991 -0.74446 -0.0394708 -0.66654 55.6575
-0.678958 0.0599799 0.731769 154.912 0.00938756 0.997327 -0.0730425 -10.7988 -0.734162 -0.042726 -0.677701 54.7491
-0.692746 0.060074 0.718691 155.84 0.00750213 0.997107 -0.0761149 -10.8874 -0.72118 -0.0473381 -0.691167 53.8561
-0.707636 0.0577582 0.704257 156.776 0.00610729 0.997158 -0.0756492 -10.9832 -0.706594 -0.0492336 -0.705973 52.9367
-0.722587 0.0509394 0.689419 157.672 0.00296875 0.997537 -0.0705942 -11.0816 -0.691312 -0.048965 -0.720932 52.0037
-0.736921 0.0487216 0.674268 158.512 0.0025274 0.997632 -0.0693319 -11.1883 -0.67602 -0.0493903 -0.735295 51.0319
-0.755139 0.0461051 0.653965 159.439 0.000523804 0.997604 -0.0697274 -11.2732 -0.655606 -0.0523127 -0.753325 50.0804
-0.769758 0.0431949 0.636923 160.25 -0.00191594 0.99759 -0.069977 -11.3702 -0.638381 -0.0550877 -0.767814 49.0463
-0.784017 0.0423981 0.619316 161.021 -0.000806203 0.997633 -0.0693188 -11.4645 -0.620782 -0.0548476 -0.782097 48.0266
-0.798106 0.044995 0.600886 161.788 0.00184289 0.997429 -0.0722484 -11.5677 -0.602562 -0.0565565 -0.796131 46.9691
-0.811577 0.0444117 0.582587 162.546 0.00483475 0.997623 -0.0693168 -11.6709 -0.584272 -0.0534402 -0.809831 45.8849
-0.825542 0.0471439 0.562422 163.304 0.00940405 0.997559 -0.0698232 -11.7597 -0.564312 -0.052355 -0.823966 44.7879
-0.83767 0.0490541 0.544005 163.992 0.0112943 0.997341 -0.0725421 -11.8558 -0.546109 -0.0546233 -0.835965 43.6654
-0.849499 0.0502745 0.525248 164.643 0.0118104 0.997056 -0.0763415 -11.9551 -0.527513 -0.0586503 -0.847586 42.6153
-0.86046 0.0508438 0.507016 165.279 0.014418 0.997081 -0.07552 -12.065 -0.509367 -0.0576726 -0.858648 41.4755
-0.871107 0.0493565 0.488671 165.911 0.0156272 0.997262 -0.0728774 -12.1672 -0.490905 -0.055849 -0.869487 40.3442
-0.880608 0.0513061 0.471108 166.521 0.0183724 0.997111 -0.0742497 -12.2785 -0.473549 -0.0567304 -0.878972 39.1633
-0.88724 0.0533354 0.458284 167.067 0.019686 0.99681 -0.0779077 -12.3706 -0.460954 -0.0601021 -0.885453 38.0216
-0.895654 0.0515636 0.441806 167.643 0.0184264 0.996746 -0.0789779 -12.4854 -0.444433 -0.0625966 -0.893655 36.8686
-0.903581 0.048372 0.425754 168.218 0.0170601 0.996924 -0.0770695 -12.6192 -0.428149 -0.0623758 -0.901622 35.6529
-0.909839 0.045036 0.412563 168.753 0.0153569 0.997107 -0.0749803 -12.7889 -0.414737 -0.061885 -0.907864 34.3983
-0.915762 0.0428981 0.399506 169.28 0.0153266 0.997333 -0.0719708 -12.9499 -0.401506 -0.0597856 -0.913972 33.1572
-0.921169 0.0391852 0.387243 169.748 0.0132998 0.997548 -0.0693064 -13.0901 -0.389 -0.0586933 -0.919396 31.9534
-0.925921 0.0337807 0.37629 170.202 0.0105692 0.997964 -0.0635947 -13.2202 -0.377651 -0.0549074 -0.924387 30.7482
-0.930844 0.0299087 0.364256 170.7 0.00886718 0.998237 -0.0593074 -13.3316 -0.365381 -0.0519764 -0.929434 29.5053
-0.93507 0.0300742 0.353277 171.16 0.011411 0.998476 -0.0548082 -13.4328 -0.354366 -0.0472193 -0.933983 28.3033
-0.938027 0.0341391 0.344947 171.625 0.0156959 0.998339 -0.0561251 -13.5234 -0.346283 -0.0472332 -0.93697 27.0408
-0.939995 0.0391391 0.339036 172.043 0.020926 0.998187 -0.0572269 -13.6125 -0.340641 -0.0466995 -0.939101 25.836
-0.941437 0.0427327 0.334548 172.486 0.0242151 0.997983 -0.0593361 -13.7058 -0.336401 -0.0477606 -0.940537 24.5297
-0.943236 0.0402971 0.329774 172.927 0.0220943 0.998071 -0.0587775 -13.7821 -0.331487 -0.0481559 -0.942297 23.2898
-0.944974 0.0330667 0.325552 173.373 0.0159335 0.99839 -0.0551616 -13.8656 -0.326844 -0.0469395 -0.943943 22.0377
-0.946428 0.0268793 0.321902 173.798 0.0103999 0.998595 -0.05282 -13.9553 -0.322851 -0.0466434 -0.945369 20.774
-0.947721 0.0205194 0.318522 174.215 0.0035445 0.998587 -0.053787 -14.0403 -0.319166 -0.0498464 -0.946419 19.5076
-0.948699 0.017866 0.31579 174.63 -4.31675e-06 0.998447 -0.0565146 -14.1221 -0.31629 -0.0536169 -0.947219 18.2543
-0.949117 0.0185359 0.314462 175.035 4.38655e-05 0.998316 -0.0587162 -14.2098 -0.315012 -0.0557149 -0.947484 17.03
-0.949067 0.019083 0.314609 175.446 0.000160056 0.998239 -0.0600808 -14.3073 -0.315181 -0.0569704 -0.947393 15.7613
-0.948737 0.0222741 0.315371 175.852 0.00280706 0.99811 -0.062053 -14.3931 -0.316148 -0.0579867 -0.946971 14.5162
-0.948796 0.0234772 0.315129 176.277 0.00346428 0.997993 -0.0639347 -14.4818 -0.315978 -0.0595693 -0.946966 13.2994
-0.948659 0.0245273 0.315441 176.701 0.00399039 0.997881 -0.0655934 -14.579 -0.316371 -0.060967 -0.946711 12.0611
-0.947935 0.0257771 0.317527 177.116 0.00494426 0.997835 -0.0662592 -14.6647 -0.318529 -0.0612398 -0.946002 10.8158
-0.947062 0.0257994 0.320105 177.535 0.00478169 0.997833 -0.0662781 -14.7624 -0.32111 -0.0612388 -0.945097 9.57126
-0.945267 0.0248442 0.325462 177.939 0.00319459 0.997803 -0.0669034 -14.8518 -0.326387 -0.0622022 -0.943258 8.33505
-0.943848 0.02378 0.329612 178.385 0.00253912 0.997944 -0.0647299 -14.9429 -0.330461 -0.0602581 -0.941932 7.1115
-0.94237 0.0218095 0.333973 178.826 0.000971223 0.998097 -0.0624526 -15.0298 -0.334676 -0.0585291 -0.940589 5.92234
-0.939904 0.0196943 0.340958 179.299 -0.000713172 0.998266 -0.0596312 -15.122 -0.341527 -0.0562904 -0.938226 4.65696
-0.937318 0.0221883 0.34788 179.776 0.00141237 0.998255 -0.0598785 -15.2084 -0.348577 -0.0556338 -0.935704 3.41265
-0.933864 0.0224312 0.357011 180.242 0.000864469 0.998216 -0.0604609 -15.2972 -0.357716 -0.0561532 -0.932184 2.17995
-0.930278 0.0260203 0.366037 180.754 0.00281895 0.998009 -0.0637938 -15.3756 -0.366943 -0.058314 -0.92849 0.948824
-0.925926 0.027445 0.376817 181.24 0.00423213 0.998096 -0.0623007 -15.4749 -0.377794 -0.0560895 -0.924245 -0.269651
-0.92109 0.0292 0.388351 181.732 0.00544324 0.998103 -0.0621487 -15.588 -0.389403 -0.0551309 -0.919491 -1.44274
-0.915291 0.0318338 0.401636 182.272 0.00670755 0.997988 -0.0638202 -15.6767 -0.40284 -0.0557184 -0.913633 -2.66341
-0.909618 0.0344207 0.41411 182.798 0.00799928 0.997879 -0.0653841 -15.7543 -0.415455 -0.0561625 -0.907956 -3.81386
-0.903679 0.0335926 0.426988 183.342 0.00725452 0.998026 -0.0631694 -15.8477 -0.428247 -0.0539855 -0.90211 -4.98226
-0.897832 0.036958 0.438857 183.929 0.0095884 0.997926 -0.0644331 -15.9309 -0.4403 -0.0536435 -0.896316 -6.13051
-0.891093 0.038764 0.452259 184.509 0.0115119 0.998006 -0.0628646 -16.0384 -0.453771 -0.0508097 -0.88974 -7.29367
-0.883764 0.0409174 0.466211 185.096 0.0145518 0.998141 -0.0600271 -16.1379 -0.467771 -0.046267 -0.88271 -8.42746
-0.876332 0.0426059 0.479911 185.72 0.0172089 0.998264 -0.0572062 -16.2353 -0.481492 -0.0418711 -0.875522 -9.56087
-0.868738 0.0448712 0.493306 186.385 0.0194311 0.998261 -0.0565915 -16.3209 -0.494953 -0.0395792 -0.868096 -10.7018
-0.859679 0.04794 0.508662 187.017 0.0232338 0.998271 -0.0548236 -16.4191 -0.510388 -0.0353108 -0.859293 -11.7965
-0.849356 0.0500681 0.52551 187.645 0.026178 0.998314 -0.0528122 -16.5239 -0.527232 -0.0311011 -0.849233 -12.8455
-0.838503 0.052856 0.542405 188.321 0.0290529 0.99825 -0.0523706 -16.6054 -0.544201 -0.0281529 -0.83856 -13.9152
-0.827499 0.0578374 0.558548 189.03 0.03415 0.998078 -0.0527631 -16.651 -0.560488 -0.0245891 -0.827881 -14.9113
-0.8172 0.0604347 0.57325 189.811 0.0360151 0.997944 -0.0538727 -16.7242 -0.575303 -0.0233779 -0.817686 -15.9311
-0.805763 0.0639607 0.588841 190.58 0.0391244 0.997783 -0.0548492 -16.7948 -0.591004 -0.0211596 -0.806477 -16.9157
-0.794413 0.0660995 0.603842 191.358 0.0420825 0.997708 -0.053857 -16.8589 -0.605994 -0.0173726 -0.795364 -17.8559
-0.782821 0.0699419 0.61837 192.187 0.045308 0.997485 -0.0554715 -16.9075 -0.620654 -0.0154095 -0.784022 -18.7917
-0.7749 0.0737238 0.627837 193.047 0.0487978 0.997234 -0.0568788 -16.9865 -0.63027 -0.0134375 -0.776346 -19.589
-0.756958 0.0762004 0.64907 193.825 0.0486332 0.997046 -0.060342 -17.0655 -0.651709 -0.0141127 -0.75843 -20.562
-0.737874 0.0775258 0.670533 194.619 0.0494829 0.996971 -0.060821 -17.1646 -0.673192 -0.0116977 -0.739467 -21.4974
-0.71916 0.0775021 0.69057 195.457 0.0487193 0.996991 -0.0611612 -17.2524 -0.693191 -0.0103432 -0.720777 -22.3918
-0.700003 0.0769973 0.710035 196.313 0.047294 0.997036 -0.0614993 -17.3422 -0.712641 -0.00946859 -0.701563 -23.2297
-0.680377 0.0773712 0.728826 197.199 0.0457745 0.997007 -0.0631157 -17.4347 -0.731487 -0.00958368 -0.68189 -24.0704
-0.659867 0.0778128 0.747398 198.114 0.0440116 0.996968 -0.0649432 -17.5178 -0.75016 -0.00995867 -0.661287 -24.8931
-0.638313 0.0777019 0.765906 199.024 0.0431209 0.99699 -0.065215 -17.611 -0.768627 -0.00860384 -0.639751 -25.6794
-0.615662 0.0774717 0.784246 199.968 0.0436038 0.997029 -0.0642658 -17.7094 -0.78687 -0.00536908 -0.617211 -26.442
-0.591753 0.0780781 0.80239 200.923 0.0439972 0.996993 -0.0645736 -17.8083 -0.804979 -0.0029117 -0.59342 -27.1612
-0.566801 0.0814884 0.819867 201.908 0.0446897 0.99672 -0.0681761 -17.8871 -0.822709 -0.00200189 -0.568588 -27.8596
-0.541136 0.0824068 0.836947 202.91 0.0439633 0.996649 -0.069713 -17.9715 -0.839847 -0.000932321 -0.542957 -28.511
-0.514026 0.080887 0.854003 203.949 0.0410234 0.996771 -0.0697228 -18.0624 -0.856861 -0.000804495 -0.515691 -29.1638
-0.486647 0.0794143 0.870041 204.991 0.0386214 0.996893 -0.0693966 -18.1471 -0.872809 -0.000172229 -0.488216 -29.7567
-0.454633 0.0809737 0.887039 206.025 0.0388759 0.996764 -0.0710702 -18.2408 -0.889898 0.00217393 -0.456318 -30.3292
-0.421925 0.082822 0.902898 207.09 0.0404863 0.996597 -0.072504 -18.3601 -0.905792 0.00596063 -0.423858 -30.8732
-0.388591 0.0836748 0.917651 208.174 0.0442169 0.996466 -0.0721422 -18.4839 -0.920417 0.0125417 -0.39093 -31.3724
-0.357488 0.0846387 0.930131 209.295 0.0459303 0.996324 -0.0730151 -18.5768 -0.932853 0.0166158 -0.36008 -31.8114
-0.324424 0.0842339 0.9422 210.441 0.0445404 0.996334 -0.0737422 -18.6765 -0.944932 0.018042 -0.327002 -32.2355
-0.29092 0.0833246 0.953168 211.565 0.0452972 0.996334 -0.0732786 -18.772 -0.955741 0.0218539 -0.293648 -32.5876
-0.256775 0.0815259 0.963071 212.726 0.0448714 0.996418 -0.0723905 -18.8731 -0.965498 0.0246258 -0.259532 -32.9146
-0.222453 0.0802939 0.971689 213.886 0.0442829 0.99646 -0.0722085 -18.9701 -0.974004 0.0269623 -0.225243 -33.1952
-0.188392 0.0804479 0.978839 215.067 0.0424796 0.996427 -0.073723 -19.0549 -0.981246 0.0276912 -0.191157 -33.4271
-0.153519 0.080539 0.984916 216.243 0.0415461 0.996372 -0.0750055 -19.1462 -0.987342 0.0294005 -0.156332 -33.6199
-0.117582 0.0802574 0.98986 217.421 0.0413308 0.996314 -0.0758766 -19.2492 -0.992276 0.0319889 -0.120489 -33.7793
-0.0825989 0.0813087 0.993315 218.624 0.0388841 0.996224 -0.0783184 -19.3465 -0.995892 0.032151 -0.0854743 -33.8945
-0.0480716 0.0811251 0.995591 219.828 0.0374214 0.996196 -0.0793734 -19.4461 -0.998219 0.0334391 -0.0509516 -33.966
-0.0142357 0.0804817 0.996709 221.023 0.0352652 0.996229 -0.0799443 -19.5491 -0.999346 0.034007 -0.0170477 -33.996
0.0198409 0.08092 0.996571 222.214 0.0329781 0.996178 -0.0815506 -19.6564 -0.999338 0.0344811 0.0170666 -33.9987
0.0536367 0.0806277 0.995358 223.426 0.033335 0.996089 -0.0824887 -19.7658 -0.99808 0.0376003 0.0507102 -33.9619
0.0866533 0.0781154 0.993222 224.6 0.0340019 0.996162 -0.0813197 -19.8766 -0.995741 0.0408158 0.0836324 -33.8794
0.118002 0.0766824 0.990106 225.79 0.0344612 0.996154 -0.0812632 -19.9898 -0.992493 0.0437046 0.114874 -33.7526
0.148844 0.0764384 0.985952 226.981 0.0350259 0.996028 -0.0825137 -20.1002 -0.988323 0.0468132 0.145541 -33.5912
0.178298 0.0755311 0.981132 228.155 0.0366633 0.995903 -0.0833366 -20.2158 -0.983373 0.0508249 0.174766 -33.3759
0.207384 0.0744827 0.975472 229.318 0.0381083 0.995779 -0.0841418 -20.3266 -0.977602 0.0546206 0.203634 -33.1234
0.238809 0.0719464 0.968458 230.517 0.0394874 0.995764 -0.0837178 -20.4507 -0.970344 0.0582288 0.234922 -32.8621
0.270026 0.0704231 0.960329 231.703 0.0408145 0.99564 -0.0844961 -20.566 -0.962076 0.0620084 0.265936 -32.5623
0.300427 0.0686036 0.951395 232.864 0.0428535 0.995493 -0.0853207 -20.6895 -0.952925 0.0663977 0.296096 -32.2236
0.328572 0.0671837 0.942142 233.988 0.0430576 0.995415 -0.0860065 -20.8062 -0.943587 0.0688218 0.324133 -31.8316
0.35598 0.0648664 0.932302 235.108 0.0429625 0.995459 -0.0856701 -20.9241 -0.933592 0.0705454 0.351538 -31.4027
0.384169 0.0647996 0.921043 236.235 0.0416545 0.995353 -0.0874095 -21.033 -0.922415 0.0719416 0.379643 -30.9425
0.414039 0.0664698 0.907895 237.36 0.0419528 0.994939 -0.0919805 -21.1462 -0.909382 0.0761663 0.409115 -30.4673
0.446079 0.0679963 0.892466 238.484 0.0412368 0.99454 -0.0963924 -21.2672 -0.894139 0.0797958 0.440797 -29.9748
0.474168 0.0659138 0.878034 239.569 0.0415194 0.994471 -0.0970828 -21.3999 -0.879549 0.0824825 0.468768 -29.4281
0.500475 0.0619945 0.863591 240.601 0.0422411 0.994546 -0.0958833 -21.538 -0.86482 0.0844604 0.495083 -28.8254
0.525663 0.0597312 0.848666 241.646 0.0405906 0.994695 -0.0951573 -21.6684 -0.849821 0.0844621 0.520409 -28.1842
0.54814 0.0600804 0.834292 242.657 0.0378011 0.994667 -0.0964741 -21.7943 -0.835636 0.0844127 0.542901 -27.514
0.568443 0.0599576 0.820611 243.672 0.035534 0.994681 -0.0972974 -21.9295 -0.822056 0.0844611 0.563247 -26.7877
0.588715 0.0583619 0.8063 244.697 0.0342758 0.994741 -0.0970371 -22.0587 -0.80772 0.0847581 0.583573 -26.0638
0.608969 0.0555343 0.791327 245.715 0.0335138 0.994914 -0.0956196 -22.1834 -0.79259 0.0847434 0.603969 -25.3349
0.62824 0.0519794 0.776355 246.743 0.0344279 0.994982 -0.0944859 -22.3075 -0.77737 0.0860822 0.623251 -24.56
0.645627 0.0494257 0.762135 247.729 0.0347085 0.995035 -0.0939394 -22.4301 -0.762973 0.087096 0.640662 -23.7639
0.659476 0.0461241 0.750387 248.611 0.0365828 0.995017 -0.0933208 -22.5641 -0.750951 0.0889878 0.654454 -22.9458
0.676033 0.045929 0.735525 249.568 0.035514 0.994927 -0.0947763 -22.6821 -0.736129 0.0901866 0.670929 -22.1189
0.690274 0.0444515 0.722263 250.434 0.0358745 0.994834 -0.0955218 -22.8022 -0.722779 0.0918406 0.685064 -21.2607
0.704514 0.0420753 0.708531 251.31 0.0347919 0.995054 -0.0936932 -22.9236 -0.708953 0.0906527 0.699523 -20.3741
0.717863 0.0395191 0.695151 252.16 0.033924 0.995271 -0.0916234 -23.056 -0.695485 0.0893488 0.713078 -19.4548
0.731474 0.036929 0.680961 253.016 0.034179 0.995353 -0.0907016 -23.1871 -0.681132 0.0896139 0.726769 -18.5267
0.744188 0.0357433 0.667108 253.799 0.0349412 0.995174 -0.0923097 -23.3207 -0.66719 0.0919985 0.739297 -17.6003
0.757281 0.0341444 0.652292 254.66 0.0347906 0.995166 -0.0924917 -23.4624 -0.652286 0.0927291 0.752391 -16.6259
0.769197 0.0328504 0.638266 255.467 0.0333326 0.995313 -0.091408 -23.6052 -0.63828 0.091579 0.764445 -15.6627
0.778919 0.0298348 0.626511 256.236 0.0333059 0.995551 -0.0888261 -23.7381 -0.626364 0.0900486 0.774418 -14.6432
0.78842 0.0265338 0.61467 256.988 0.0344678 0.995651 -0.087202 -23.8776 -0.614314 0.0899313 0.784025 -13.6214
0.798216 0.0274776 0.601852 257.793 0.0331784 0.995497 -0.089463 -23.9883 -0.601593 0.0913722 0.793668 -12.5543
0.808376 0.0246422 0.58826 258.601 0.0365161 0.995158 -0.0918784 -24.1144 -0.587681 0.0957463 0.803509 -11.5079
0.817058 0.021335 0.576275 259.338 0.0377151 0.995258 -0.0903304 -24.2477 -0.575464 0.0955321 0.812337 -10.4625
0.825271 0.0165432 0.564607 260.091 0.0407564 0.995275 -0.0887469 -24.3856 -0.563416 0.0962447 0.820646 -9.39144
0.832269 0.0141401 0.55431 260.811 0.0420135 0.995252 -0.0884802 -24.5171 -0.552925 0.0969206 0.827682 -8.31068
0.837063 0.0113745 0.547106 261.517 0.0432644 0.995332 -0.0869 -24.6533 -0.54555 0.0964041 0.832613 -7.17971
0.840912 0.00954556 0.541212 262.24 0.0431481 0.995538 -0.0846116 -24.7881 -0.539602 0.0944957 0.836709 -6.03073
0.843639 0.00863329 0.536962 262.937 0.0426709 0.995685 -0.0830638 -24.9129 -0.535372 0.0929818 0.839579 -4.92546
0.846255 0.00692944 0.532859 263.639 0.043967 0.995656 -0.0827847 -25.0258 -0.531117 0.0934779 0.842233 -3.8184
0.848472 0.00601583 0.529327 264.341 0.0440555 0.995717 -0.0819482 -25.1533 -0.527564 0.0928439 0.844522 -2.69287
0.850564 0.00276306 0.525996 265.041 0.0461599 0.995792 -0.0798862 -25.2676 -0.524 0.0922204 0.846822 -1.56928
0.853054 0.00116142 0.521943 265.746 0.0474706 0.995734 -0.0798151 -25.3771 -0.51982 0.0928573 0.849308 -0.448299
0.855269 0.00159722 0.518319 266.472 0.0480826 0.995494 -0.0824208 -25.4631 -0.516112 0.0954056 0.851305 0.747219
0.857718 0.00126733 0.514252 267.184 0.048112 0.995467 -0.0827134 -25.5778 -0.512038 0.0956795 0.853715 1.91732
0.859309 0.00222713 0.511591 267.875 0.0471178 0.995451 -0.0834895 -25.6891 -0.509447 0.0958398 0.855262 3.11225
0.860594 0.00405857 0.50941 268.539 0.0459958 0.995319 -0.0856501 -25.7782 -0.507384 0.0971334 0.856327 4.29047
0.863496 0.00710436 0.50445 269.273 0.0429758 0.995284 -0.0875933 -25.8906 -0.502694 0.0973061 0.859083 5.47796
0.86331 0.0121898 0.504666 269.925 0.0396435 0.995041 -0.0918656 -25.9755 -0.503291 0.0993069 0.858495 6.67523
0.859429 0.0194161 0.511032 270.61 0.0326253 0.995217 -0.0926914 -26.0979 -0.510387 0.0963245 0.854648 7.94709
0.855324 0.0141663 0.518039 271.361 0.0408651 0.99473 -0.0946882 -26.2315 -0.516655 0.10215 0.850186 9.33143
0.85581 0.017095 0.517152 272.099 0.0383013 0.994675 -0.0962741 -26.3764 -0.516045 0.10219 0.850559 10.5849
0.857318 0.0177002 0.514623 272.822 0.0388321 0.9944 -0.0989078 -26.4992 -0.513497 0.104771 0.85178 11.7323
0.859094 0.019062 0.51161 273.578 0.038979 0.994028 -0.102501 -26.6162 -0.51051 0.107989 0.853179 12.9515
0.858922 0.0212598 0.511807 274.262 0.0367165 0.994076 -0.102925 -26.7699 -0.510968 0.107188 0.852999 14.1072
0.859225 0.0219063 0.511277 274.962 0.0355722 0.994167 -0.102388 -26.9186 -0.510539 0.106151 0.853393 15.2624
