1 0 0 0 0 1 0 0 0 0 1 0
0.99993 -0.00184547 -0.01186 0.137561 0.00185396 1 0.000727977 -0.00945321 0.0118604 -0.000750436 0.999933 1.13602
0.999868 -0.00270401 -0.0158814 0.141997 0.00272526 0.999997 0.00132479 -0.0335688 0.0158788 -0.00136793 0.999873 2.43261
0.999825 -0.0041067 -0.0184502 0.134855 0.00411416 0.999998 0.000374197 -0.0518877 0.0184513 -0.000450632 0.999835 3.71391
0.999787 -0.00415333 -0.0200536 0.122251 0.00416194 0.999993 0.000398868 -0.0707427 0.020053 -0.000482221 0.999799 5.05213
0.999758 -0.00489288 -0.0216102 0.107224 0.00493017 0.999992 0.00168046 -0.0964571 0.0216046 -0.0017872 0.999771 6.37181
0.999689 -0.00751214 -0.0237301 0.122769 0.00758561 0.999969 0.00301527 -0.117558 0.0237079 -0.00319434 0.999715 7.71882
0.999645 -0.00724459 -0.0257206 0.119956 0.00733251 0.999973 0.00333385 -0.130287 0.0256984 -0.00352184 0.999668 9.09693
0.999634 -0.00653694 -0.0262071 0.0810499 0.00657891 0.99998 0.00152374 -0.149225 0.0261979 -0.00169563 0.999656 10.4801
0.999633 -0.00428388 -0.026837 0.0533109 0.00426564 0.999996 -0.000727521 -0.16843 0.0268427 0.000612255 0.999645 11.8894
0.999677 -0.000469677 -0.0254722 -0.0148673 0.00041746 1 -0.00205597 -0.18573 0.0254745 0.00204459 0.999676 13.2469
0.999703 0.00196119 -0.0243838 -0.0810223 -0.00201283 1 -0.00208214 -0.207425 0.0243825 0.00213008 0.999706 14.6241
0.999726 0.00326567 -0.0232422 -0.142651 -0.00329716 0.999998 -0.0013153 -0.228365 0.0232392 0.00139154 0.999731 15.9857
0.999764 0.00104373 -0.0218069 -0.194712 -0.00101621 1 0.00128259 -0.247399 0.0218111 -0.00126062 0.999769 17.368
0.999789 -0.00293021 -0.0203698 -0.253592 0.00298669 0.999996 0.00274644 -0.26268 0.020363 -0.0028068 0.999791 18.7286
0.999802 -0.00538944 -0.019219 -0.302482 0.00540468 0.999991 0.000750235 -0.286793 0.0192175 -0.000854492 0.999823 20.1069
0.999834 -0.00618587 -0.0173075 -0.370804 0.00616167 0.999985 -0.0014406 -0.301999 0.0173176 0.00133373 0.999853 21.4562
0.999866 -0.00391343 -0.0160384 -0.406661 0.00387216 0.999995 -0.00259903 -0.334174 0.0160513 0.00253599 0.999877 22.8522
0.999906 -0.00132961 -0.0139643 -0.461989 0.00132213 1 -0.000528054 -0.356253 0.0139664 0.000509582 0.999908 24.2419
0.99992 -0.000799223 -0.012775 -0.496481 0.000848982 0.999999 0.00388864 -0.387261 0.0127747 -0.0038998 0.999921 25.6645
0.999939 -0.00276563 -0.0111062 -0.535738 0.00282885 0.999985 0.00570397 -0.39984 0.0110918 -0.00573492 0.999927 27.0536
0.999915 -0.00717168 -0.0110865 -0.560214 0.0072231 0.999971 0.00459891 -0.42715 0.0110561 -0.00467932 0.999936 28.4551
0.999932 -0.0076164 -0.00948628 -0.603013 0.00764416 0.999973 0.00291982 -0.451207 0.00946533 -0.00299202 0.999959 29.8483
0.999937 -0.00822104 -0.00800969 -0.644186 0.00822834 0.999974 0.000911645 -0.474998 0.00800501 -0.000978084 0.999978 31.2215
0.999979 -0.00449393 -0.0061088 -0.686184 0.00449332 1 -4.50856e-05 -0.493959 0.00611073 1.76884e-05 0.999992 32.6161
0.999982 -0.00365406 -0.00538642 -0.710703 0.00364353 1 -0.00190461 -0.517926 0.00539637 0.00188436 0.999994 34.0151
1 -0.00226132 -0.00366451 -0.745519 0.00225366 1.00001 -0.00202832 -0.535608 0.00367084 0.00202011 1 35.4257
0.999997 -0.0018868 -0.00280615 -0.774164 0.00188303 1.00001 -0.00121688 -0.553827 0.00281149 0.00121106 1.00001 36.8396
1 -0.00121448 -0.00302351 -0.792494 0.00121408 1.00001 -5.14874e-05 -0.572566 0.00302535 4.78245e-05 1.00001 38.2572
0.999998 0.0007435 -0.00334625 -0.799896 -0.000742864 1.00001 0.000330702 -0.59718 0.00334951 -0.000328798 1.00001 39.6963
1 0.00301216 -0.00323329 -0.810981 -0.00301188 1.00001 0.000190058 -0.621245 0.00323562 -0.000180346 1.00001 41.1462
0.999986 0.00490746 -0.00360504 -0.818937 -0.00490591 0.999998 0.000567338 -0.644212 0.00361088 -0.000550266 1 42.6277
0.999986 0.00524616 -0.00391813 -0.835169 -0.00524509 0.999998 0.000348645 -0.662676 0.00392173 -0.000328173 1.00001 44.0622
0.999984 0.00343802 -0.00513709 -0.834117 -0.00343686 1 0.000366527 -0.687188 0.00514157 -0.000349437 0.999998 45.5005
0.999986 0.00326723 -0.00604384 -0.841941 -0.00326465 1.00001 0.000519598 -0.716133 0.00604769 -0.000499968 0.999993 46.9494
0.999979 0.00295989 -0.00639497 -0.863725 -0.0029543 1.00001 0.00098393 -0.741331 0.0064012 -0.000965728 0.999991 48.3821
0.999976 0.0024742 -0.00790227 -0.869451 -0.00245883 1.00001 0.00205015 -0.760812 0.00790951 -0.00203074 0.99998 49.841
0.999964 0.00277129 -0.00831311 -0.890582 -0.00276236 1.00001 0.00115973 -0.776826 0.00831965 -0.00113738 0.999976 51.3149
0.999964 0.00329902 -0.00884505 -0.919924 -0.00328858 1.00001 0.0012866 -0.794601 0.00885148 -0.00125762 0.999972 52.7729
0.999947 0.00354417 -0.0098197 -0.937936 -0.00352105 1 0.0024392 -0.820302 0.00983169 -0.00240517 0.999961 54.229
0.999968 0.0022197 -0.00879616 -0.981277 -0.00219639 1.00001 0.0027494 -0.834438 0.00880456 -0.00273013 0.99997 55.6996
0.999971 0.000578454 -0.0079472 -1.01304 -0.000555378 1.00001 0.00299115 -0.858079 0.00795235 -0.00298733 0.999975 57.1593
0.999979 -0.00217365 -0.00742703 -1.0383 0.00219272 1.00001 0.00267864 -0.883957 0.00742358 -0.00269497 0.999981 58.6126
0.999977 -0.00325919 -0.0063508 -1.07439 0.00327958 1 0.00330362 -0.908145 0.00634352 -0.00332501 0.999985 60.0546
0.99999 -0.00494498 -0.00402601 -1.1082 0.00496376 0.999989 0.00488291 -0.935984 0.00400416 -0.00490286 0.999993 61.5078
0.999972 -0.00654134 -0.00414479 -1.11048 0.00656624 0.999971 0.00615744 -0.961172 0.00410786 -0.00618516 0.999984 62.9772
0.999967 -0.0083608 -0.00417728 -1.1025 0.00838523 0.99996 0.00600362 -0.985158 0.00412917 -0.00603838 0.999985 64.4287
0.999927 -0.0113289 -0.00462887 -1.09009 0.0113552 0.999931 0.0057718 -1.01181 0.00456651 -0.00582466 0.999985 65.8316
0.999941 -0.0112805 -0.00358386 -1.10951 0.0112992 0.999935 0.00540059 -1.03117 0.00352487 -0.00544072 0.999991 67.268
0.999941 -0.0106708 -0.00303171 -1.12745 0.0106856 0.999943 0.00498192 -1.04843 0.00298159 -0.00501468 0.999996 68.6864
0.999991 -0.00621949 -0.00112793 -1.16128 0.00622515 0.999976 0.00569017 -1.06678 0.00109432 -0.00569708 0.999996 70.1108
1 -0.00270128 0.000181611 -1.18448 0.00269959 0.999985 0.00707122 -1.08876 -0.00019768 -0.00707134 0.99999 71.5515
1.00001 0.00074597 0.00152972 -1.2151 -0.000759085 0.999978 0.00832309 -1.12085 -0.00152207 -0.00832423 0.99998 72.9068
0.999985 0.00592648 0.00364471 -1.25668 -0.00595047 0.999973 0.00657016 -1.11682 -0.00360302 -0.00659226 0.999985 74.3386
0.999959 0.00891373 0.004498 -1.27077 -0.0089409 0.999954 0.00597137 -1.13553 -0.00444306 -0.00601125 0.999987 75.774
0.999944 0.0101833 0.00532568 -1.2665 -0.0102194 0.999938 0.00678665 -1.17147 -0.00525356 -0.00684123 0.999978 77.1911
0.999928 0.010836 0.0066441 -1.29316 -0.010875 0.999937 0.00586778 -1.17041 -0.00657912 -0.00593944 0.999977 78.6876
0.999945 0.00932912 0.00659053 -1.28602 -0.00936031 0.99996 0.00471224 -1.18175 -0.00654371 -0.00477419 0.999984 80.0774
0.999954 0.00796429 0.00673571 -1.28239 -0.00798485 0.999977 0.00306175 -1.1985 -0.00671048 -0.00311527 0.999991 81.4552
0.999948 0.0081949 0.00745164 -1.29573 -0.00821316 0.999975 0.00245949 -1.21541 -0.00742927 -0.00252093 0.999988 82.8416
0.999976 0.0062107 0.00535351 -1.2547 -0.00623211 0.999985 0.00400872 -1.2613 -0.00532844 -0.0040419 0.999996 84.1856
0.99999 0.00446688 0.00456214 -1.24596 -0.00448507 0.999993 0.00409735 -1.28382 -0.00454239 -0.0041181 1 85.6195
0.999983 0.00463345 0.00550651 -1.30199 -0.00465248 0.999996 0.00352406 -1.28442 -0.00549073 -0.00354944 0.999999 87.0845
0.999962 0.00430939 0.00879472 -1.38372 -0.00433395 0.999999 0.00284016 -1.27887 -0.00878138 -0.00287848 0.999977 88.4968
0.999965 0.00216557 0.00925206 -1.39016 -0.00220032 1 0.00379405 -1.30694 -0.00924473 -0.00381407 0.999971 89.848
0.99994 0.000537579 0.0119177 -1.45152 -0.000562434 1.00001 0.00213682 -1.29732 -0.0119162 -0.00214364 0.999947 91.2986
0.999941 -0.0016913 0.0117374 -1.45003 0.0016697 1.00001 0.00187228 -1.31832 -0.0117417 -0.00185244 0.999951 92.644
0.999939 -0.00357732 0.0115446 -1.44616 0.00355582 1.00001 0.00194197 -1.35167 -0.0115512 -0.00190106 0.999952 94.0077
0.999915 -0.00458493 0.0129241 -1.46281 0.00458011 1.00001 0.000425004 -1.3569 -0.0129273 -0.00036549 0.999939 95.4633
0.999944 -0.00460997 0.0106277 -1.41198 0.00460467 1.00001 0.000596409 -1.39622 -0.01063 -0.000547739 0.999965 96.8498
0.999934 -0.00497071 0.0113063 -1.42536 0.00496825 1 0.000304129 -1.42201 -0.011309 -0.000247723 0.999959 98.2137
0.999922 -0.00425988 0.0127144 -1.43923 0.00426326 1.00001 -0.00017776 -1.45177 -0.0127133 0.000231665 0.999941 99.5825
0.999923 -0.00342715 0.0127619 -1.4368 0.00342766 1.00001 5.66055e-05 -1.47407 -0.0127636 -1.25412e-05 0.999942 100.948
0.999934 -0.00399482 0.0118412 -1.40835 0.00398165 1.00001 0.00120843 -1.49719 -0.0118458 -0.00116142 0.999952 102.316
0.999951 -0.00303021 0.0104413 -1.38849 0.00299417 1.00001 0.00355219 -1.53588 -0.0104535 -0.00352052 0.999963 103.654
0.999949 -0.00397938 0.010499 -1.38007 0.00396559 1.00001 0.00141944 -1.55061 -0.0105045 -0.00137784 0.999969 105.032
0.99997 -0.00437783 0.00802791 -1.34033 0.0043873 1.00001 -0.00102059 -1.5755 -0.00802503 0.00105597 0.999993 106.379
0.999957 -0.00475299 0.00956161 -1.36549 0.00478217 1 -0.00291433 -1.59465 -0.00954758 0.00295983 0.999979 107.722
0.999944 -0.00853855 0.00804084 -1.33713 0.00854661 0.999983 -0.00083042 -1.63705 -0.00803519 0.00089941 0.999996 109.008
0.999906 -0.0101156 0.0106384 -1.366 0.0101064 0.99997 0.00104382 -1.65796 -0.0106486 -0.000936307 0.999975 110.396
0.999873 -0.0116311 0.0120833 -1.35741 0.0116272 0.999953 0.000475667 -1.66722 -0.0120899 -0.000334843 0.999957 111.795
0.999848 -0.0125922 0.0130888 -1.34327 0.0126061 0.999942 -0.000876755 -1.69435 -0.0130771 0.00104151 0.999946 113.149
0.999859 -0.010962 0.0136116 -1.31728 0.0109919 0.99996 -0.00204462 -1.74115 -0.0135902 0.00219424 0.999935 114.513
0.999832 -0.00829086 0.0171044 -1.35198 0.00837318 0.999977 -0.00466694 -1.75368 -0.0170655 0.00480931 0.999874 115.83
0.999821 -0.00584988 0.0186263 -1.3355 0.00592605 0.999996 -0.00397648 -1.79254 -0.0186044 0.00408652 0.999849 117.175
0.999789 -0.00419254 0.0207418 -1.32446 0.00422495 1.00001 -0.0014566 -1.82864 -0.0207361 0.00154389 0.999816 118.512
0.999763 -0.00530795 0.0216614 -1.30066 0.00526957 1.00001 0.00187838 -1.86677 -0.021673 -0.00176335 0.999794 119.858
0.999705 -0.00485984 0.0242852 -1.3047 0.00481555 1.00001 0.00193872 -1.88245 -0.0242952 -0.00182112 0.999734 121.212
0.99965 -0.0039541 0.0266285 -1.29669 0.00394433 1.00002 0.000453803 -1.89214 -0.0266322 -0.000348127 0.999677 122.569
0.999587 -0.00189336 0.0291051 -1.28237 0.00191367 1.00002 -0.000624149 -1.90786 -0.0291051 0.00067969 0.999608 123.937
0.999467 0.000542864 0.0330146 -1.30427 -0.000468485 1.00002 -0.00223375 -1.91441 -0.0330182 0.00221758 0.999485 125.319
0.999409 0.00150004 0.0347401 -1.27372 -0.00138122 1.00002 -0.00340582 -1.9408 -0.0347469 0.00335603 0.999421 126.694
0.999357 0.00234641 0.0361336 -1.22628 -0.00221788 1.00001 -0.00357299 -1.97951 -0.0361444 0.003491 0.999372 128.039
0.999336 0.000226841 0.0368195 -1.16341 -0.000128336 1.00002 -0.0026403 -2.02471 -0.0368223 0.0026341 0.999348 129.361
0.99923 -0.000462691 0.0395537 -1.14481 0.000524801 1.00002 -0.0015325 -2.053 -0.0395562 0.00155272 0.999249 130.699
0.99914 -0.0012153 0.0417666 -1.11302 0.00126684 1.00002 -0.00117447 -2.07643 -0.0417679 0.00122662 0.999156 132.044
0.999133 -0.00244693 0.0418645 -1.0565 0.00246959 1.00002 -0.000466022 -2.10831 -0.0418671 0.000569678 0.999156 133.428
0.999121 -0.00476186 0.0419806 -1.00127 0.00476843 1.00001 -2.19056e-05 -2.13568 -0.041983 0.000222313 0.999148 134.793
0.999092 -0.00634504 0.0424303 -0.95857 0.00632718 1.00001 0.000581472 -2.15513 -0.0424371 -0.000311759 0.999132 136.192
0.999065 -0.00758378 0.0428875 -0.928368 0.00759731 0.999997 -0.000118134 -2.17179 -0.0428884 0.000444228 0.99911 137.603
0.999057 -0.008781 0.0428086 -0.895979 0.00878394 0.999987 0.000143164 -2.20308 -0.0428123 0.000233638 0.999115 138.941
0.999041 -0.0100793 0.0429191 -0.867085 0.0100199 0.999975 0.00163633 -2.23323 -0.0429363 -0.00120426 0.999109 140.318
0.999006 -0.0116878 0.0433144 -0.835964 0.0116496 0.999957 0.0011592 -2.24729 -0.0433292 -0.000652848 0.999092 141.72
0.998999 -0.0115372 0.0435108 -0.798961 0.011522 0.999959 0.000641217 -2.26705 -0.0435183 -0.000138801 0.999084 143.115
0.998997 -0.0116363 0.0435083 -0.76244 0.0116555 0.999956 -0.000163101 -2.28676 -0.0435076 0.000670625 0.999084 144.516
0.998924 -0.0116312 0.0452012 -0.754824 0.0116599 0.999956 -0.00033234 -2.31177 -0.0451972 0.000859446 0.99901 145.885
0.998877 -0.0136337 0.0456475 -0.717657 0.0137932 0.999923 -0.00315568 -2.33288 -0.0456041 0.00378232 0.998984 147.267
0.998811 -0.0190573 0.0451892 -0.667227 0.0192744 0.999829 -0.00432834 -2.34642 -0.045101 0.00519465 0.999001 148.658
0.998708 -0.0267498 0.0435103 -0.593871 0.0268606 0.999662 -0.00194462 -2.38052 -0.0434464 0.00311134 0.999084 149.996
0.99853 -0.0330014 0.0433751 -0.553004 0.0330941 0.999477 -0.00137225 -2.39758 -0.0433088 0.00280613 0.999091 151.371
0.998438 -0.036331 0.0427625 -0.498204 0.0365372 0.99935 -0.00402633 -2.43253 -0.0425911 0.00558295 0.999111 152.727
0.998409 -0.0353693 0.0442943 -0.465848 0.0357338 0.999362 -0.00741984 -2.46215 -0.044005 0.00899122 0.999027 154.063
0.998454 -0.0322399 0.0455648 -0.41693 0.0326837 0.999451 -0.00900373 -2.50432 -0.0452522 0.0104795 0.998955 155.434
0.998376 -0.0326303 0.0470691 -0.371761 0.0331087 0.999436 -0.00937848 -2.53554 -0.0467379 0.010922 0.998884 156.819
0.998178 -0.036239 0.0485322 -0.334072 0.03658 0.999338 -0.00612905 -2.56772 -0.0482805 0.00789368 0.998837 158.145
0.997915 -0.0419523 0.0493881 -0.261843 0.0421873 0.999132 -0.0036814 -2.59648 -0.0491921 0.00575756 0.99881 159.543
0.997743 -0.0455297 0.0496398 -0.204666 0.0456942 0.99898 -0.00215666 -2.62851 -0.0494936 0.00442061 0.998799 160.888
0.997579 -0.0473513 0.0512733 -0.170058 0.0475445 0.998895 -0.00251062 -2.65041 -0.0510989 0.0049426 0.998721 162.243
0.997586 -0.045266 0.0529305 -0.126897 0.0454492 0.99899 -0.00223757 -2.67338 -0.0527783 0.00463833 0.99863 163.592
0.99762 -0.0413649 0.0555335 -0.0837382 0.0415949 0.999163 -0.00295131 -2.70237 -0.055366 0.00525447 0.998493 164.964
0.997655 -0.038078 0.0571571 -0.0231001 0.0384273 0.999276 -0.00500324 -2.73432 -0.0569276 0.0071883 0.998389 166.338
0.997666 -0.0352579 0.0588205 0.0206275 0.0356378 0.999383 -0.00538655 -2.76251 -0.0585953 0.00747049 0.998295 167.688
0.997461 -0.0341856 0.0627479 0.0420807 0.0345005 0.999425 -0.00392078 -2.79175 -0.0625804 0.00607608 0.998059 169.048
0.997355 -0.0323136 0.0654258 0.0802471 0.0327047 0.999486 -0.00488455 -2.81137 -0.0652352 0.00701158 0.997886 170.43
0.997339 -0.0306085 0.0664447 0.146651 0.0311373 0.99952 -0.00691548 -2.84725 -0.0662037 0.00896639 0.997804 171.819
0.997429 -0.0272562 0.0665827 0.220276 0.0279237 0.999601 -0.00908465 -2.88793 -0.0663095 0.0109207 0.997781 173.198
0.99746 -0.021844 0.0680709 0.290837 0.0226169 0.999717 -0.0105801 -2.92443 -0.0678234 0.0120932 0.997664 174.633
0.997436 -0.016409 0.0699543 0.346015 0.0171321 0.999839 -0.00972 -2.95613 -0.0697845 0.0108937 0.997544 176.016
0.997482 -0.013934 0.0698264 0.448682 0.0144658 0.999902 -0.0070921 -3.0034 -0.0697236 0.0080848 0.997575 177.441
0.997256 -0.0124588 0.0732741 0.489472 0.0127871 0.999945 -0.00398626 -3.04365 -0.0732213 0.00491257 0.997347 178.808
0.996979 -0.0158203 0.0763185 0.552443 0.0161342 0.999895 -0.00347342 -3.06754 -0.0762581 0.0046947 0.997121 180.236
0.996947 -0.0188718 0.0760563 0.637301 0.019048 0.999851 -0.00156562 -3.11573 -0.0760163 0.00300971 0.997147 181.643
0.996944 -0.019857 0.0758311 0.721415 0.0202727 0.999816 -0.00469161 -3.1568 -0.0757263 0.00621506 0.997155 183.052
0.996937 -0.0177717 0.0764721 0.791661 0.018506 0.999824 -0.00888004 -3.1888 -0.0763017 0.0102681 0.997078 184.447
0.996944 -0.0127865 0.0773507 0.87144 0.0135644 0.999896 -0.00951495 -3.22121 -0.0772235 0.0105353 0.997005 185.868
0.996917 -0.0104497 0.0780734 0.961208 0.011124 0.99994 -0.0081833 -3.25996 -0.0779842 0.0090267 0.99696 187.262
0.996916 -0.00817971 0.0783331 1.04997 0.00855293 0.999988 -0.00440688 -3.29747 -0.0782986 0.00506357 0.996964 188.622
0.996923 -0.00777383 0.0783025 1.14901 0.0079835 1 -0.00234182 -3.32751 -0.0782853 0.00295994 0.996975 190.021
0.996853 -0.00914727 0.0790326 1.24739 0.00920771 0.999992 -0.000377404 -3.36492 -0.0790309 0.00110429 0.996919 191.422
0.99682 -0.0113971 0.0791781 1.35438 0.0113436 0.999973 0.00114886 -3.39929 -0.0791898 -0.000246747 0.996908 192.844
0.996702 -0.0144304 0.0801399 1.45882 0.0142838 0.99993 0.00242589 -3.4331 -0.0801716 -0.00127283 0.996829 194.3
0.996579 -0.0175575 0.0810695 1.5641 0.0173479 0.999881 0.00331439 -3.46359 -0.0811189 -0.00189636 0.996751 195.756
0.996497 -0.0204254 0.0813786 1.69066 0.0201539 0.999823 0.00418051 -3.47756 -0.0814518 -0.00252542 0.996723 197.235
0.996234 -0.0247313 0.0834071 1.78148 0.0243731 0.999729 0.0053327 -3.49149 -0.0835168 -0.00327939 0.996549 198.664
0.996111 -0.0270794 0.0841121 1.8914 0.0267803 0.999666 0.00470692 -3.50301 -0.0842135 -0.00243568 0.996494 200.112
0.996092 -0.0246682 0.0851045 1.9965 0.0247559 0.999735 4.60607e-05 -3.51835 -0.0850832 0.00206119 0.99642 201.562
0.996172 -0.0168931 0.0860372 2.07937 0.0173799 0.999873 -0.00489104 -3.54048 -0.0859456 0.00636781 0.996329 202.986
0.996115 -0.00824617 0.0879749 2.17301 0.00865462 0.999996 -0.00424388 -3.57671 -0.0879392 0.00498899 0.996164 204.43
0.99593 -0.0010897 0.0903861 2.26497 0.00111745 1.00004 -0.000242415 -3.60697 -0.0903908 0.000342574 0.995958 205.881
0.995798 -0.000572936 0.0918635 2.36801 0.000378343 1.00004 0.002152 -3.63027 -0.091868 -0.00210793 0.995819 207.328
0.995796 -0.0022301 0.0918335 2.49507 0.00198393 1.00003 0.0027842 -3.65094 -0.0918442 -0.0025901 0.99582 208.816
0.995697 -0.0056496 0.0927905 2.57823 0.00541822 1.00002 0.00276185 -3.67114 -0.0928078 -0.00224694 0.995732 210.26
0.995651 -0.00798294 0.0930693 2.6923 0.00776658 1 0.00269722 -3.69862 -0.0930926 -0.00196238 0.995706 211.74
0.995553 -0.00749749 0.094188 2.79636 0.00725944 1.00001 0.00288695 -3.73022 -0.09421 -0.00219014 0.995601 213.208
0.995285 -0.00613057 0.0970298 2.87344 0.00584791 1.00002 0.00320517 -3.75353 -0.0970517 -0.00262245 0.995327 214.672
0.995326 -0.00590381 0.0966719 3.0131 0.00547829 1.00002 0.00468287 -3.78334 -0.0967002 -0.00413114 0.995357 216.157
0.995374 -0.00654527 0.0960905 3.16308 0.00610171 1.00001 0.00491855 -3.81384 -0.0961242 -0.00430931 0.995411 217.661
0.995481 -0.00733364 0.0949597 3.32838 0.00698294 1.00001 0.00404073 -3.83325 -0.0949893 -0.0033591 0.995524 219.212
0.995602 -0.00822212 0.0935813 3.47008 0.00782873 0.999996 0.00458005 -3.86228 -0.093619 -0.00382702 0.995653 220.683
0.995747 -0.00827377 0.0920348 3.61228 0.00783756 0.999996 0.00511734 -3.88741 -0.0920755 -0.00437401 0.995795 222.162
0.995717 -0.00878654 0.0922962 3.73787 0.00826226 0.999986 0.00607127 -3.92327 -0.0923481 -0.00528242 0.995766 223.669
0.995674 -0.0090542 0.0927394 3.84644 0.00854182 0.999984 0.00593565 -3.93858 -0.0927902 -0.00511767 0.995726 225.143
0.995738 -0.00838033 0.0920996 3.98797 0.00784813 0.999988 0.00614874 -3.9639 -0.0921498 -0.00539954 0.995784 226.654
0.9958 -0.00875276 0.0913943 4.14106 0.00821763 0.999985 0.00624475 -3.9845 -0.091446 -0.00546738 0.995848 228.21
0.99583 -0.00912481 0.0910254 4.26718 0.00862865 0.999983 0.00585077 -3.99697 -0.0910769 -0.00504071 0.995884 229.705
0.995871 -0.00972995 0.0905193 4.41149 0.00926113 0.999978 0.00561159 -4.01199 -0.0905705 -0.00475003 0.995932 231.244
0.995842 -0.0109624 0.0906925 4.53863 0.0105458 0.999969 0.00507929 -4.02113 -0.0907449 -0.00410148 0.995918 232.765
0.99581 -0.0120026 0.0909203 4.65999 0.01158 0.999955 0.00518856 -4.03168 -0.0909773 -0.0041139 0.995896 234.286
0.99567 -0.0131632 0.0922809 4.76225 0.0126998 0.999941 0.00561579 -4.04036 -0.0923489 -0.0044193 0.99577 235.8
0.995642 -0.0131013 0.092589 4.88994 0.0126046 0.999939 0.00595898 -4.05746 -0.0926601 -0.00476582 0.995738 237.329
0.995655 -0.0124747 0.0925432 5.03901 0.012041 0.999951 0.00524781 -4.07324 -0.0926036 -0.00411054 0.995749 238.881
0.99543 -0.0108018 0.0951484 5.12784 0.0103956 0.999972 0.00477589 -4.09656 -0.095196 -0.00376472 0.995506 240.363
0.995141 -0.00989339 0.0982097 5.2367 0.00938424 0.999978 0.00564881 -4.11536 -0.0982629 -0.00469954 0.995204 241.817
0.994805 -0.0104575 0.101534 5.35964 0.00967432 0.999957 0.00821618 -4.13583 -0.101614 -0.00719088 0.994854 243.248
0.994417 -0.012583 0.105047 5.48888 0.011545 0.999919 0.0104867 -4.16589 -0.10517 -0.00921508 0.994471 244.622
0.994317 -0.0122331 0.105998 5.63101 0.0114176 0.999938 0.00830801 -4.16704 -0.106091 -0.00705021 0.994391 246.15
0.994239 -0.011768 0.106813 5.78687 0.0111045 0.999955 0.00680719 -4.1771 -0.106888 -0.00558157 0.994317 247.694
0.994261 -0.0111733 0.106642 5.954 0.0104571 0.999957 0.00728357 -4.19386 -0.106717 -0.00612621 0.994331 249.265
0.994345 -0.0118241 0.105825 6.13169 0.0109703 0.999942 0.00865003 -4.21164 -0.10592 -0.00743992 0.994409 250.813
0.994309 -0.0116782 0.106143 6.2772 0.0107795 0.999939 0.00904646 -4.22464 -0.10624 -0.00785044 0.994369 252.381
0.994355 -0.0116588 0.105733 6.43938 0.0107143 0.999936 0.00949825 -4.24466 -0.105837 -0.00831174 0.99441 253.927
0.994387 -0.0100999 0.105586 6.60634 0.00915613 0.999953 0.00942897 -4.24904 -0.105675 -0.00840899 0.994425 255.5
0.994338 -0.00929307 0.106127 6.75268 0.00832007 0.999957 0.00960778 -4.25992 -0.106211 -0.00867036 0.994367 257.026
0.994373 -0.00976876 0.105737 6.9109 0.00870059 0.999946 0.0105673 -4.28362 -0.105832 -0.00958761 0.994398 258.558
0.994398 -0.011308 0.105379 7.07494 0.0102221 0.999928 0.010838 -4.29602 -0.105494 -0.00970018 0.994434 260.111
0.994446 -0.0132289 0.104685 7.25434 0.0120893 0.999901 0.0115221 -4.3052 -0.104825 -0.0101923 0.9945 261.698
0.994325 -0.0154446 0.105536 7.40245 0.0142844 0.999867 0.0117411 -4.30455 -0.105704 -0.0101671 0.994405 263.242
0.99436 -0.0164102 0.105055 7.575 0.0153728 0.999865 0.0106859 -4.30746 -0.105214 -0.00901044 0.994469 264.813
0.994326 -0.0175065 0.105207 7.72682 0.016623 0.999858 0.00926997 -4.31265 -0.105355 -0.00746874 0.994466 266.363
0.993912 -0.0204729 0.108502 7.83013 0.0192566 0.999782 0.0122539 -4.33719 -0.108727 -0.0100897 0.994082 267.893
0.993832 -0.022785 0.108796 7.99554 0.0213184 0.999704 0.0146241 -4.35869 -0.109098 -0.0122149 0.994016 269.469
0.994073 -0.0237452 0.106328 8.20359 0.0224155 0.999696 0.0136923 -4.36437 -0.106619 -0.0112275 0.9943 271.076
0.994128 -0.0245177 0.10566 8.38242 0.0232291 0.999679 0.0134086 -4.38285 -0.105955 -0.0108759 0.994373 272.659
0.993946 -0.0249588 0.107249 8.53541 0.0235558 0.99966 0.0143369 -4.40115 -0.107569 -0.0117235 0.994192 274.219
0.99405 -0.023478 0.106636 8.72754 0.0219941 0.999684 0.0150704 -4.41723 -0.106956 -0.0126358 0.994246 275.803
0.993967 -0.0224976 0.107614 8.88396 0.0210109 0.999709 0.0149372 -4.42692 -0.107917 -0.0125859 0.994145 277.355
0.993827 -0.0224504 0.108901 9.04302 0.0208715 0.999699 0.0156172 -4.43864 -0.109219 -0.0132483 0.993992 278.905
0.993715 -0.0180504 0.11076 9.2008 0.0167675 0.999821 0.0125105 -4.41931 -0.110965 -0.0105746 0.993833 280.453
0.993387 -0.0169594 0.113823 9.34669 0.0158706 0.999859 0.0104643 -4.41183 -0.113985 -0.00858921 0.993509 281.981
0.993246 -0.0187714 0.114779 9.49744 0.0177478 0.999834 0.0099428 -4.41212 -0.114946 -0.00783854 0.993405 283.631
0.99305 -0.0196689 0.116301 9.68655 0.0186254 0.999817 0.0100513 -4.42152 -0.116478 -0.00781584 0.993227 285.142
0.992939 -0.0212379 0.116987 9.88255 0.0200721 0.999778 0.0111438 -4.43104 -0.117197 -0.00871693 0.993135 286.684
0.992921 -0.021487 0.117084 10.0656 0.0203803 0.999776 0.0106384 -4.43278 -0.117288 -0.00817751 0.993129 288.288
0.992907 -0.0215692 0.117187 10.246 0.0208043 0.999795 0.00775531 -4.43741 -0.11733 -0.00526232 0.993145 289.87
0.992902 -0.0226151 0.117024 10.4296 0.0221644 0.999781 0.00514874 -4.44471 -0.117116 -0.00251911 0.99318 291.451
0.992942 -0.022418 0.116726 10.6035 0.0219788 0.999787 0.00505797 -4.45623 -0.116814 -0.00245681 0.993216 293.027
0.992984 -0.0210544 0.116623 10.7691 0.0208803 0.999819 0.00271178 -4.44541 -0.11666 -0.000258312 0.993237 294.59
0.992922 -0.019002 0.117485 10.9203 0.0191342 0.999854 8.70165e-06 -4.44512 -0.117467 0.00223906 0.99314 296.161
0.992782 -0.0187039 0.118726 11.0763 0.0189843 0.99986 -0.00123494 -4.4489 -0.118687 0.00347931 0.992991 297.738
0.992797 -0.0180664 0.11868 11.2558 0.0183796 0.999868 -0.00153974 -4.46575 -0.118636 0.00370963 0.992997 299.349
0.992825 -0.01817 0.11844 11.4301 0.0185427 0.999867 -0.00204832 -4.4844 -0.118388 0.00422917 0.993024 300.942
0.992953 -0.0185233 0.117302 11.6205 0.0188472 0.99986 -0.00164695 -4.49894 -0.117255 0.00384582 0.993161 302.514
0.992997 -0.0167196 0.117203 11.7936 0.0170012 0.999896 -0.00140574 -4.51207 -0.117169 0.00338786 0.993172 304.13
0.992769 -0.0157529 0.119261 11.9548 0.0161274 0.999906 -0.00217065 -4.53143 -0.119215 0.00407791 0.992927 305.723
0.992687 -0.0153206 0.120003 12.1409 0.0158032 0.999912 -0.00307417 -4.54979 -0.119946 0.00494745 0.992835 307.351
0.992666 -0.0164268 0.120026 12.3377 0.0169886 0.999888 -0.00365523 -4.57469 -0.119953 0.00566695 0.992831 308.953
0.992658 -0.0177039 0.119914 12.5371 0.0184451 0.999859 -0.00507715 -4.59431 -0.119808 0.007251 0.992838 310.57
0.992527 -0.0197532 0.120683 12.7241 0.0207509 0.999798 -0.00701238 -4.62705 -0.12052 0.00946375 0.992733 312.179
0.992593 -0.0203384 0.120037 12.9197 0.0214664 0.999777 -0.00811549 -4.66431 -0.119846 0.0106314 0.992803 313.801
0.992863 -0.020272 0.117805 13.106 0.0214415 0.999771 -0.00866521 -4.71374 -0.117603 0.0111288 0.993067 315.392
0.993109 -0.0193137 0.115872 13.2844 0.0203128 0.999806 -0.00745185 -4.76161 -0.115707 0.00975339 0.993303 317.047
0.993281 -0.0184797 0.114527 13.4849 0.0190394 0.99985 -0.00379174 -4.80708 -0.11444 0.00594634 0.99348 318.692
0.993276 -0.0205014 0.114238 13.6867 0.0207074 0.999827 -0.000620707 -4.84169 -0.114207 0.00298132 0.99352 320.366
0.993375 -0.0211559 0.113254 13.8568 0.0211941 0.999814 0.000871749 -4.87534 -0.113251 0.00153377 0.993633 321.969
0.993522 -0.022056 0.111794 14.0483 0.0221453 0.999796 0.000440432 -4.90939 -0.111782 0.00203726 0.993799 323.562
0.993871 -0.0238226 0.108278 14.2597 0.0238976 0.999754 0.00060944 -4.93751 -0.108266 0.00198127 0.99419 325.099
0.994267 -0.024367 0.104434 14.4822 0.0243786 0.999743 0.00116405 -4.96969 -0.104437 0.0013876 0.994597 326.683
0.994155 -0.0240202 0.105571 14.6369 0.0241499 0.999749 5.33054e-05 -4.98202 -0.105545 0.00249595 0.994479 328.356
0.994007 -0.021474 0.107504 14.777 0.0217088 0.999805 -0.00101579 -5.00864 -0.107462 0.00334253 0.994271 330.054
0.99394 -0.0202254 0.108353 14.9433 0.020527 0.99983 -0.00166616 -5.03797 -0.1083 0.00387976 0.994179 331.717
0.993985 -0.0215466 0.107697 15.1401 0.0216573 0.999808 0.000141057 -5.07586 -0.10768 0.0021911 0.994252 333.373
0.994153 -0.0228004 0.105864 15.3208 0.0227847 0.999783 0.00136145 -5.10929 -0.105871 0.00105814 0.994447 334.973
0.994401 -0.023489 0.10337 15.5131 0.023518 0.999766 0.000937981 -5.14605 -0.103368 0.0014972 0.994711 336.605
0.994666 -0.0219198 0.101144 15.6953 0.0218841 0.999803 0.00146719 -5.17775 -0.101156 0.000753644 0.99494 338.235
0.994718 -0.0210179 0.100815 15.856 0.0211275 0.99982 -1.76435e-05 -5.21117 -0.100797 0.00214634 0.994974 339.876
0.99493 -0.0190185 0.0991386 16.0224 0.0194854 0.999844 -0.00373831 -5.2313 -0.0990513 0.00565059 0.995138 341.503
0.994948 -0.0173339 0.0992312 16.1645 0.0177979 0.999878 -0.00379094 -5.25858 -0.0991541 0.0055367 0.995125 343.173
0.995229 -0.0178998 0.0963054 16.3439 0.0180057 0.99988 -0.000222716 -5.29567 -0.0962894 0.00195533 0.995423 344.787
0.995641 -0.0172694 0.0920482 16.5091 0.0170798 0.999895 0.00284779 -5.32215 -0.0920883 -0.00126435 0.995822 346.38
0.995945 -0.0167764 0.0888266 16.666 0.0167789 0.999902 0.000728076 -5.33234 -0.0888297 0.000764923 0.99612 348.005
0.996184 -0.0176211 0.0859108 16.811 0.0177992 0.999886 -0.00130195 -5.35101 -0.0858787 0.00282511 0.996377 349.618
0.996219 -0.0201067 0.0849761 16.9446 0.020264 0.999838 -0.000977445 -5.37258 -0.0849424 0.00269536 0.996457 351.149
0.996196 -0.0213997 0.0849133 17.0607 0.0215777 0.999812 -0.00117295 -5.39865 -0.084873 0.00299983 0.996463 352.768
0.996174 -0.0220533 0.0850354 17.1877 0.0223168 0.999793 -0.00213667 -5.42801 -0.0849704 0.00402583 0.99645 354.384
0.996141 -0.0221943 0.085352 17.3086 0.0225447 0.999789 -0.0031381 -5.45951 -0.0852652 0.00504935 0.996421 356.04
0.996114 -0.0221587 0.0857073 17.4283 0.0225214 0.999786 -0.00325335 -5.49229 -0.0856167 0.00517055 0.99639 357.652
0.996076 -0.0237682 0.0856917 17.5654 0.0241659 0.99975 -0.00360017 -5.52246 -0.0855857 0.00565598 0.99639 359.283
0.996042 -0.0238603 0.0860909 17.6909 0.0243958 0.999736 -0.0051611 -5.54283 -0.0859447 0.00724054 0.99635 360.913
0.996025 -0.0245965 0.0860538 17.8257 0.0251901 0.999714 -0.00581183 -5.58289 -0.0858874 0.00795552 0.996349 362.552
0.995959 -0.025782 0.086486 17.9622 0.0263424 0.999686 -0.0053319 -5.62672 -0.086321 0.00758819 0.996315 364.146
0.996013 -0.0257803 0.0858495 18.1054 0.0263984 0.999681 -0.00606519 -5.66425 -0.085667 0.0083063 0.996365 365.78
0.995994 -0.0273532 0.0856058 18.2419 0.0280756 0.999627 -0.00723428 -5.70323 -0.0853759 0.0096083 0.996379 367.381
0.995903 -0.0287163 0.0861845 18.3648 0.0292942 0.999603 -0.00544064 -5.74212 -0.0859953 0.00794207 0.99634 368.998
0.995719 -0.0300448 0.0878888 18.4698 0.0305828 0.999568 -0.00476819 -5.77484 -0.0877076 0.00743524 0.996195 370.626
0.995552 -0.0299057 0.0897621 18.5739 0.0305696 0.999563 -0.00602337 -5.8083 -0.0895437 0.00873957 0.996023 372.222
0.995537 -0.0290331 0.0902543 18.7197 0.0296626 0.999591 -0.00563023 -5.85859 -0.0900541 0.00828177 0.99598 373.786
0.99551 -0.027407 0.0910322 18.8504 0.0279611 0.999646 -0.00481052 -5.89636 -0.0908693 0.00733328 0.995915 375.419
0.99553 -0.0265592 0.0910873 18.996 0.0270357 0.999674 -0.0039907 -5.93345 -0.0909515 0.00643492 0.995912 377.033
0.99548 -0.0263873 0.0916601 19.1376 0.0268812 0.999678 -0.00415186 -5.96702 -0.0915223 0.00659604 0.99586 378.651
0.995439 -0.0267327 0.0920195 19.2773 0.0272599 0.999666 -0.00446695 -6.0148 -0.0918693 0.00695444 0.995825 380.27
0.995309 -0.026544 0.0934671 19.3963 0.0270741 0.999672 -0.00440278 -6.05317 -0.0933207 0.00691169 0.995692 381.875
0.995214 -0.0257171 0.0947129 19.5395 0.026307 0.99969 -0.00497436 -6.0821 -0.0945555 0.00744147 0.995571 383.515
0.99526 -0.0240592 0.0946682 19.6921 0.0246178 0.999735 -0.00473152 -6.11703 -0.0945304 0.00703858 0.995577 385.152
0.995155 -0.0226966 0.0961064 19.8276 0.0231025 0.999777 -0.00310285 -6.16537 -0.0960146 0.00530742 0.995446 386.768
0.995088 -0.0218846 0.0969751 19.9765 0.0222927 0.999796 -0.00312072 -6.20428 -0.0968882 0.00526615 0.995363 388.369
0.995128 -0.0206776 0.0968371 20.1325 0.0211817 0.999816 -0.00417063 -6.23064 -0.0967333 0.00620074 0.995371 390.019
0.995142 -0.0201263 0.0968055 20.2918 0.020614 0.999828 -0.00403605 -6.26344 -0.0967094 0.00601086 0.995375 391.637
0.995399 -0.0210481 0.093935 20.4841 0.0213768 0.999819 -0.00249194 -6.30023 -0.0938661 0.00448771 0.995658 393.276
0.995519 -0.021263 0.0925885 20.6531 0.0215242 0.999816 -0.00181919 -6.33363 -0.0925347 0.00380286 0.995782 394.952
0.995539 -0.0200506 0.0926589 20.8029 0.0204025 0.999839 -0.00285045 -6.3589 -0.0925877 0.00472743 0.995776 396.595
0.995602 -0.0191122 0.0921546 20.961 0.0195471 0.999853 -0.00381644 -6.37565 -0.0920698 0.00559999 0.995819 398.253
