1.000000e+00 0.000000e+00 0.000000e+00 0.000000e+00 0.000000e+00 1.000000e+00 0.000000e+00 0.000000e+00 0.000000e+00 0.000000e+00 1.000000e+00 0.000000e+00
9.999965e-01 2.141634e-03 1.544581e-03 -3.026002e-02 -2.143168e-03 9.999972e-01 9.926233e-04 8.240753e-04 -1.542451e-03 -9.959302e-04 9.999983e-01 -1.632468e-01
9.999999e-01 -4.125720e-04 2.567106e-05 -1.026763e-02 4.125702e-04 9.999999e-01 6.940015e-05 -1.320358e-03 -2.569970e-05 -6.938956e-05 1.000000e+00 5.608851e-02
9.999933e-01 3.155753e-03 -1.860794e-03 3.968938e-02 -3.158705e-03 9.999937e-01 -1.585920e-03 -2.372323e-03 1.855778e-03 1.591787e-03 9.999970e-01 2.904850e-01
9.999910e-01 1.007012e-03 -4.115760e-03 6.242716e-02 -1.017239e-03 9.999964e-01 -2.483384e-03 -1.821284e-02 4.113244e-03 2.487548e-03 9.999884e-01 4.469983e-01
9.999676e-01 4.148112e-03 -6.891677e-03 1.157511e-01 -4.183456e-03 9.999781e-01 -5.122067e-03 -1.194000e-02 6.870279e-03 5.150733e-03 9.999631e-01 6.383892e-01
9.999575e-01 3.732262e-03 -8.433344e-03 1.586995e-01 -3.786552e-03 9.999722e-01 -6.430794e-03 -2.073204e-02 8.409107e-03 6.462454e-03 9.999437e-01 7.571473e-01
9.999416e-01 8.616357e-04 -1.076872e-02 2.092100e-01 -9.239331e-04 9.999828e-01 -5.781404e-03 -4.002321e-02 1.076356e-02 5.791016e-03 9.999253e-01 8.260022e-01
9.999211e-01 3.374348e-04 -1.255443e-02 2.566536e-01 -3.899953e-04 9.999912e-01 -4.184395e-03 -5.166038e-02 1.255291e-02 4.188961e-03 9.999124e-01 8.998127e-01
9.998992e-01 3.771075e-04 -1.419339e-02 3.025103e-01 -4.361226e-04 9.999913e-01 -4.155059e-03 -6.049466e-02 1.419170e-02 4.160830e-03 9.998906e-01 9.722855e-01
9.998712e-01 -2.004465e-03 -1.592456e-02 3.333952e-01 1.892208e-03 9.999733e-01 -7.061207e-03 -6.780680e-02 1.593829e-02 7.030165e-03 9.998482e-01 1.062990e+00
9.998395e-01 7.999616e-04 -1.789553e-02 3.836564e-01 -9.501966e-04 9.999644e-01 -8.388189e-03 -9.757444e-02 1.788818e-02 8.403847e-03 9.998047e-01 1.185249e+00
9.997936e-01 4.914390e-03 -1.971457e-02 4.223464e-01 -5.142311e-03 9.999204e-01 -1.152701e-02 -1.029571e-01 1.965635e-02 1.162601e-02 9.997392e-01 1.367122e+00
9.997576e-01 7.685204e-03 -2.063224e-02 4.119410e-01 -7.917383e-03 9.999060e-01 -1.119518e-02 -1.097728e-01 2.054426e-02 1.135582e-02 9.997244e-01 1.779606e+00
9.996840e-01 1.183010e-02 -2.218165e-02 4.087394e-01 -1.195001e-02 9.999146e-01 -5.280914e-03 -1.118513e-01 2.211729e-02 5.544316e-03 9.997400e-01 2.106061e+00
9.996325e-01 1.455482e-02 -2.287017e-02 4.035559e-01 -1.445969e-02 9.998861e-01 4.319301e-03 -1.146310e-01 2.293043e-02 -3.987018e-03 9.997291e-01 2.540655e+00
9.996085e-01 1.461933e-02 -2.385781e-02 4.293088e-01 -1.429585e-02 9.998043e-01 1.367347e-02 -1.457253e-01 2.405304e-02 -1.332705e-02 9.996219e-01 2.703318e+00
9.995355e-01 1.671026e-02 -2.548619e-02 4.454747e-01 -1.642211e-02 9.997993e-01 1.147381e-02 -1.314358e-01 2.567280e-02 -1.104995e-02 9.996094e-01 2.839709e+00
9.994547e-01 1.930934e-02 -2.678563e-02 4.766024e-01 -1.922546e-02 9.998094e-01 3.385579e-03 -1.160675e-01 2.684590e-02 -2.868766e-03 9.996355e-01 2.974276e+00
9.994121e-01 1.883036e-02 -2.865211e-02 5.064097e-01 -1.889392e-02 9.998196e-01 -1.949323e-03 -1.050716e-01 2.861024e-02 2.489528e-03 9.995875e-01 3.159600e+00
9.993629e-01 1.935740e-02 -2.998505e-02 5.331673e-01 -1.939014e-02 9.998116e-01 -8.013630e-04 -9.790906e-02 2.996389e-02 1.382267e-03 9.995500e-01 3.305911e+00
9.993469e-01 1.951407e-02 -3.041472e-02 5.582545e-01 -1.923326e-02 9.997699e-01 9.498253e-03 -1.112572e-01 3.059307e-02 -8.907076e-03 9.994922e-01 3.375856e+00
9.993734e-01 1.843177e-02 -3.021808e-02 5.565076e-01 -1.793938e-02 9.997032e-01 1.648571e-02 -1.015369e-01 3.051297e-02 -1.593328e-02 9.994074e-01 3.465144e+00
9.993734e-01 1.585753e-02 -3.164340e-02 5.609300e-01 -1.527707e-02 9.997121e-01 1.850194e-02 -8.994001e-02 3.192768e-02 -1.800692e-02 9.993280e-01 3.506789e+00
9.993721e-01 1.613517e-02 -3.154605e-02 5.627437e-01 -1.557385e-02 9.997174e-01 1.795904e-02 -7.979242e-02 3.182691e-02 -1.745647e-02 9.993410e-01 3.553013e+00
9.993599e-01 1.886291e-02 -3.039773e-02 5.627991e-01 -1.827327e-02 9.996417e-01 1.955977e-02 -1.020776e-01 3.075579e-02 -1.899178e-02 9.993465e-01 3.674756e+00
9.993461e-01 1.973155e-02 -3.029853e-02 5.690154e-01 -1.929551e-02 9.997070e-01 1.461703e-02 -8.322491e-02 3.057807e-02 -1.402285e-02 9.994340e-01 3.812146e+00
9.994116e-01 1.653397e-02 -3.005095e-02 5.718973e-01 -1.623304e-02 9.998159e-01 1.023028e-02 -7.938121e-02 3.021456e-02 -9.736445e-03 9.994960e-01 3.960939e+00
9.994439e-01 1.624674e-02 -2.912024e-02 5.836509e-01 -1.614887e-02 9.998631e-01 3.592825e-03 -6.586156e-02 2.917462e-02 -3.120568e-03 9.995695e-01 4.034703e+00
9.994303e-01 1.826613e-02 -2.837918e-02 6.074123e-01 -1.829961e-02 9.998322e-01 -9.203597e-04 -5.867454e-02 2.835760e-02 1.439163e-03 9.995968e-01 4.107148e+00
9.993918e-01 2.082498e-02 -2.797038e-02 6.071890e-01 -2.088302e-02 9.997804e-01 -1.784576e-03 -5.983295e-02 2.792707e-02 2.367597e-03 9.996071e-01 4.180055e+00
9.993738e-01 2.109389e-02 -2.840926e-02 6.175039e-01 -2.113099e-02 9.997762e-01 -1.006601e-03 -6.357403e-02 2.838167e-02 1.606287e-03 9.995959e-01 4.317314e+00
9.992651e-01 2.558165e-02 -2.854369e-02 6.278031e-01 -2.567645e-02 9.996659e-01 -2.959471e-03 -6.154829e-02 2.845844e-02 3.690197e-03 9.995882e-01 4.400069e+00
9.992910e-01 2.486061e-02 -2.827405e-02 6.203027e-01 -2.497232e-02 9.996817e-01 -3.604499e-03 -7.003409e-02 2.817544e-02 4.308012e-03 9.995937e-01 4.465357e+00
9.992719e-01 2.468828e-02 -2.908916e-02 6.200853e-01 -2.478709e-02 9.996881e-01 -3.041091e-03 -8.250953e-02 2.900501e-02 3.759913e-03 9.995722e-01 4.545799e+00
9.993378e-01 2.182877e-02 -2.911059e-02 6.101255e-01 -2.191484e-02 9.997563e-01 -2.640842e-03 -8.971105e-02 2.904586e-02 3.277048e-03 9.995727e-01 4.604937e+00
9.992512e-01 2.571900e-02 -2.890554e-02 6.030778e-01 -2.580956e-02 9.996631e-01 -2.763909e-03 -9.256440e-02 2.882471e-02 3.507878e-03 9.995783e-01 4.663381e+00
9.992376e-01 2.674805e-02 -2.843960e-02 5.789776e-01 -2.682059e-02 9.996379e-01 -2.172258e-03 -9.858767e-02 2.837120e-02 2.933368e-03 9.995931e-01 4.781635e+00
9.991746e-01 2.952386e-02 -2.790015e-02 5.365373e-01 -2.957771e-02 9.995613e-01 -1.519140e-03 -1.025475e-01 2.784306e-02 2.343109e-03 9.996096e-01 4.831584e+00
9.990067e-01 3.452748e-02 -2.816982e-02 5.237017e-01 -3.454637e-02 9.994031e-01 -1.842402e-04 -9.943318e-02 2.814664e-02 1.157222e-03 9.996032e-01 4.908594e+00
9.987589e-01 4.091201e-02 -2.840770e-02 5.233454e-01 -4.083840e-02 9.991608e-01 3.166612e-03 -1.161758e-01 2.851341e-02 -2.002557e-03 9.995914e-01 4.981380e+00
9.987944e-01 4.004158e-02 -2.839770e-02 5.397806e-01 -4.002272e-02 9.991980e-01 1.232530e-03 -1.179870e-01 2.842428e-02 -9.449079e-05 9.995959e-01 5.057199e+00
9.985492e-01 4.562626e-02 -2.859450e-02 5.646250e-01 -4.558186e-02 9.989582e-01 2.202990e-03 -1.366658e-01 2.866522e-02 -8.964034e-04 9.995887e-01 5.149014e+00
9.986736e-01 4.226086e-02 -2.941234e-02 5.744368e-01 -4.223036e-02 9.991065e-01 1.657308e-03 -1.345459e-01 2.945610e-02 -4.130161e-04 9.995660e-01 5.218170e+00
9.987119e-01 4.101970e-02 -2.986346e-02 5.824364e-01 -4.085756e-02 9.991468e-01 6.020011e-03 -1.500036e-01 3.008492e-02 -4.792109e-03 9.995359e-01 5.317485e+00
9.988022e-01 3.777328e-02 -3.110018e-02 5.595248e-01 -3.749847e-02 9.992527e-01 9.372739e-03 -1.557393e-01 3.143098e-02 -8.195304e-03 9.994723e-01 6.151900e+00
9.986504e-01 4.164225e-02 -3.103816e-02 5.221863e-01 -4.132598e-02 9.990878e-01 1.076274e-02 -1.575904e-01 3.145803e-02 -9.465531e-03 9.994603e-01 6.917750e+00
9.987857e-01 3.722290e-02 -3.227310e-02 4.908757e-01 -3.688870e-02 9.992601e-01 1.089000e-02 -1.588038e-01 3.265458e-02 -9.686265e-03 9.994197e-01 7.644575e+00
9.987999e-01 3.613414e-02 -3.306263e-02 4.574823e-01 -3.583820e-02 9.993125e-01 9.500389e-03 -1.607783e-01 3.338319e-02 -8.304082e-03 9.994081e-01 8.339393e+00
9.988243e-01 3.529136e-02 -3.323465e-02 4.164460e-01 -3.504315e-02 9.993536e-01 8.021784e-03 -1.624658e-01 3.349626e-02 -6.847706e-03 9.994154e-01 9.090312e+00
9.987271e-01 3.742729e-02 -3.381299e-02 3.753089e-01 -3.713940e-02 9.992687e-01 9.102727e-03 -1.638225e-01 3.412895e-02 -7.835346e-03 9.993867e-01 9.966899e+00
9.986973e-01 3.771775e-02 -3.436503e-02 3.390390e-01 -3.731770e-02 9.992288e-01 1.220925e-02 -1.792057e-01 3.479904e-02 -1.091092e-02 9.993348e-01 1.080781e+01
9.987059e-01 3.669110e-02 -3.521623e-02 3.135561e-01 -3.617800e-02 9.992313e-01 1.509837e-02 -1.860839e-01 3.574314e-02 -1.380478e-02 9.992657e-01 1.159816e+01
9.986966e-01 3.610844e-02 -3.607211e-02 2.899340e-01 -3.559742e-02 9.992579e-01 1.471012e-02 -1.940888e-01 3.657650e-02 -1.340688e-02 9.992409e-01 1.238812e+01
9.986796e-01 3.609686e-02 -3.655061e-02 2.459818e-01 -3.574718e-02 9.993091e-01 1.017595e-02 -1.945446e-01 3.689267e-02 -8.855937e-03 9.992800e-01 1.316538e+01
9.988167e-01 3.088306e-02 -3.757028e-02 2.058261e-01 -3.064193e-02 9.995061e-01 6.977155e-03 -2.050963e-01 3.776719e-02 -5.817673e-03 9.992696e-01 1.396475e+01
9.987483e-01 3.246957e-02 -3.804608e-02 2.453480e-01 -3.222051e-02 9.994553e-01 7.141172e-03 -2.091739e-01 3.825723e-02 -5.906369e-03 9.992505e-01 1.404898e+01
9.987491e-01 3.207488e-02 -3.835876e-02 2.639946e-01 -3.167456e-02 9.994377e-01 1.099894e-02 -2.200032e-01 3.868998e-02 -9.770188e-03 9.992035e-01 1.410180e+01
9.987540e-01 3.159260e-02 -3.863027e-02 2.633454e-01 -3.106843e-02 9.994179e-01 1.409496e-02 -2.234546e-01 3.905308e-02 -1.287722e-02 9.991542e-01 1.416453e+01
9.988200e-01 2.967597e-02 -3.844364e-02 2.417541e-01 -2.909888e-02 9.994566e-01 1.548508e-02 -2.157289e-01 3.888229e-02 -1.434814e-02 9.991408e-01 1.421582e+01
9.988339e-01 2.876728e-02 -3.877243e-02 2.338442e-01 -2.818332e-02 9.994822e-01 1.552464e-02 -2.218489e-01 3.919896e-02 -1.441380e-02 9.991274e-01 1.427127e+01
9.989843e-01 2.318980e-02 -3.863338e-02 1.783896e-01 -2.270775e-02 9.996593e-01 1.287008e-02 -2.157744e-01 3.891868e-02 -1.197973e-02 9.991705e-01 1.430808e+01
9.990146e-01 2.260094e-02 -3.819899e-02 1.295862e-01 -2.216760e-02 9.996855e-01 1.173014e-02 -2.182410e-01 3.845208e-02 -1.087180e-02 9.992013e-01 1.441906e+01
9.989908e-01 2.271909e-02 -3.874468e-02 8.595528e-02 -2.241190e-02 9.997140e-01 8.344723e-03 -2.172006e-01 3.892318e-02 -7.467960e-03 9.992143e-01 1.519856e+01
9.990452e-01 1.910517e-02 -3.928927e-02 7.197998e-02 -1.892779e-02 9.998089e-01 4.881727e-03 -2.222702e-01 3.937503e-02 -4.133406e-03 9.992160e-01 1.581065e+01
9.991540e-01 1.324954e-02 -3.893166e-02 5.143286e-02 -1.308132e-02 9.999040e-01 4.572412e-03 -2.293289e-01 3.898850e-02 -4.059266e-03 9.992314e-01 1.585564e+01
9.992138e-01 8.967463e-03 -3.861740e-02 4.238902e-02 -8.667088e-03 9.999309e-01 7.938610e-03 -2.396645e-01 3.868593e-02 -7.597669e-03 9.992225e-01 1.586787e+01
9.992266e-01 8.406232e-03 -3.841229e-02 2.693173e-02 -7.912253e-03 9.998842e-01 1.299390e-02 -2.457685e-01 3.851707e-02 -1.267993e-02 9.991775e-01 1.587713e+01
9.992422e-01 6.844226e-04 -3.891841e-02 9.223850e-03 3.640840e-05 9.998285e-01 1.851787e-02 -2.466489e-01 3.892441e-02 -1.850526e-02 9.990708e-01 1.587410e+01
9.992534e-01 3.450833e-03 -3.848075e-02 9.751390e-03 -2.627023e-03 9.997667e-01 2.143841e-02 -2.559045e-01 3.854575e-02 -2.132132e-02 9.990293e-01 1.593061e+01
9.992661e-01 1.261259e-03 -3.828404e-02 -4.058925e-03 -6.025259e-04 9.998516e-01 1.721312e-02 -2.462966e-01 3.830007e-02 -1.717743e-02 9.991186e-01 1.599043e+01
9.992306e-01 8.059417e-04 -3.921126e-02 -1.930495e-02 -2.300525e-04 9.998921e-01 1.468913e-02 -2.458016e-01 3.921887e-02 -1.466881e-02 9.991230e-01 1.617201e+01
9.991835e-01 -4.889453e-03 -4.010453e-02 -3.089032e-02 5.363490e-03 9.999169e-01 1.172097e-02 -2.508640e-01 4.004388e-02 -1.192650e-02 9.991267e-01 1.629794e+01
9.991605e-01 -7.454275e-03 -4.028286e-02 -6.290535e-02 7.782219e-03 9.999378e-01 7.990353e-03 -2.538182e-01 4.022079e-02 -8.297135e-03 9.991564e-01 1.635893e+01
9.991940e-01 2.539997e-03 -4.006053e-02 -8.490483e-02 -2.261114e-03 9.999729e-01 7.005331e-03 -2.562995e-01 4.007724e-02 -6.909103e-03 9.991727e-01 1.639872e+01
9.991668e-01 1.160120e-02 -3.912790e-02 -9.470522e-02 -1.110841e-02 9.998565e-01 1.278842e-02 -2.699473e-01 3.927065e-02 -1.234312e-02 9.991524e-01 1.645322e+01
9.991298e-01 1.212532e-02 -3.990667e-02 -1.001059e-01 -1.154862e-02 9.998260e-01 1.465008e-02 -2.729585e-01 4.007737e-02 -1.417647e-02 9.990960e-01 1.650253e+01
9.991100e-01 1.562210e-02 -3.917953e-02 -1.253037e-01 -1.505698e-02 9.997789e-01 1.467753e-02 -2.662110e-01 3.940016e-02 -1.407454e-02 9.991244e-01 1.663307e+01
9.991081e-01 1.514600e-02 -3.941666e-02 -1.428096e-01 -1.450833e-02 9.997600e-01 1.641368e-02 -2.735907e-01 3.965580e-02 -1.582718e-02 9.990880e-01 1.674805e+01
9.990240e-01 2.077873e-02 -3.897742e-02 -1.643533e-01 -2.011445e-02 9.996470e-01 1.735822e-02 -2.668193e-01 3.932434e-02 -1.655727e-02 9.990893e-01 1.681843e+01
9.989318e-01 2.445841e-02 -3.920664e-02 -1.745291e-01 -2.370635e-02 9.995281e-01 1.953356e-02 -2.695493e-01 3.966590e-02 -1.858325e-02 9.990402e-01 1.686173e+01
9.989542e-01 2.180046e-02 -4.019142e-02 -1.999346e-01 -2.091576e-02 9.995325e-01 2.230293e-02 -2.753139e-01 4.065884e-02 -2.143897e-02 9.989430e-01 1.700864e+01
9.988913e-01 2.439768e-02 -4.026092e-02 -2.348095e-01 -2.355594e-02 9.994966e-01 2.125088e-02 -2.826504e-01 4.075912e-02 -2.027894e-02 9.989632e-01 1.762992e+01
9.988313e-01 2.554652e-02 -4.102859e-02 -2.709800e-01 -2.491147e-02 9.995630e-01 1.591564e-02 -2.736768e-01 4.141725e-02 -1.487495e-02 9.990312e-01 1.841104e+01
9.987624e-01 2.662899e-02 -4.200670e-02 -3.045653e-01 -2.604150e-02 9.995561e-01 1.447146e-02 -2.770302e-01 4.237341e-02 -1.335963e-02 9.990125e-01 1.917344e+01
9.986634e-01 2.853864e-02 -4.309139e-02 -3.444628e-01 -2.787429e-02 9.994843e-01 1.594047e-02 -2.795080e-01 4.352408e-02 -1.471802e-02 9.989440e-01 1.995968e+01
9.984699e-01 3.518518e-02 -4.265833e-02 -3.975118e-01 -3.440763e-02 9.992306e-01 1.882691e-02 -2.726109e-01 4.328793e-02 -1.733033e-02 9.989123e-01 2.079274e+01
9.984128e-01 3.650627e-02 -4.288625e-02 -4.514368e-01 -3.557340e-02 9.991179e-01 2.231797e-02 -2.696670e-01 4.366316e-02 -2.075693e-02 9.988307e-01 2.162568e+01
9.984664e-01 3.465809e-02 -4.317093e-02 -4.946416e-01 -3.366880e-02 9.991583e-01 2.343567e-02 -2.731443e-01 4.394682e-02 -2.194621e-02 9.987928e-01 2.241742e+01
9.984664e-01 3.467933e-02 -4.315289e-02 -5.470116e-01 -3.379270e-02 9.992059e-01 2.110923e-02 -2.672755e-01 4.385067e-02 -1.961860e-02 9.988455e-01 2.319481e+01
9.984035e-01 3.482309e-02 -4.447252e-02 -5.825487e-01 -3.396279e-02 9.992238e-01 1.995598e-02 -2.637580e-01 4.513293e-02 -1.841371e-02 9.988112e-01 2.390542e+01
9.983987e-01 3.440766e-02 -4.490264e-02 -6.184676e-01 -3.354979e-02 9.992425e-01 1.972105e-02 -2.600045e-01 4.554718e-02 -1.818299e-02 9.987967e-01 2.455101e+01
9.984369e-01 3.241622e-02 -4.553092e-02 -6.172181e-01 -3.150516e-02 9.992915e-01 2.058692e-02 -2.610235e-01 4.616601e-02 -1.912028e-02 9.987508e-01 2.462818e+01
9.983737e-01 3.362001e-02 -4.603876e-02 -6.136141e-01 -3.261743e-02 9.992178e-01 2.235787e-02 -2.566422e-01 4.675442e-02 -2.081985e-02 9.986894e-01 2.472062e+01
9.984504e-01 3.033113e-02 -4.665694e-02 -6.364735e-01 -2.920860e-02 9.992717e-01 2.455590e-02 -2.504124e-01 4.736777e-02 -2.315507e-02 9.986091e-01 2.476537e+01
9.983941e-01 3.045161e-02 -4.776967e-02 -6.357068e-01 -2.923362e-02 9.992346e-01 2.599205e-02 -2.541113e-01 4.852460e-02 -2.455383e-02 9.985201e-01 2.480752e+01
9.983271e-01 2.843105e-02 -5.034450e-02 -6.387330e-01 -2.708534e-02 9.992626e-01 2.721356e-02 -2.583626e-01 5.108108e-02 -2.580444e-02 9.983611e-01 2.486218e+01
9.981584e-01 2.912152e-02 -5.321398e-02 -6.408294e-01 -2.776120e-02 9.992731e-01 2.612620e-02 -2.507298e-01 5.393614e-02 -2.460080e-02 9.982413e-01 2.493062e+01
9.979202e-01 3.141885e-02 -5.628581e-02 -6.480085e-01 -3.010511e-02 9.992576e-01 2.403850e-02 -2.368346e-01 5.699928e-02 -2.229401e-02 9.981253e-01 2.499648e+01
9.977701e-01 3.114897e-02 -5.902996e-02 -6.635299e-01 -2.970608e-02 9.992418e-01 2.516548e-02 -2.350520e-01 5.976908e-02 -2.335581e-02 9.979389e-01 2.507070e+01
9.975352e-01 3.286274e-02 -6.199726e-02 -6.670908e-01 -3.131163e-02 9.991759e-01 2.582703e-02 -2.292067e-01 6.279491e-02 -2.382213e-02 9.977421e-01 2.514362e+01
9.972679e-01 3.428157e-02 -6.543338e-02 -6.539257e-01 -3.258111e-02 9.991075e-01 2.688047e-02 -2.285027e-01 6.629649e-02 -2.467514e-02 9.974948e-01 2.520653e+01
9.969853e-01 3.718625e-02 -6.809890e-02 -6.547400e-01 -3.537962e-02 9.989942e-01 2.754657e-02 -2.195134e-01 6.905475e-02 -2.505421e-02 9.972982e-01 2.526616e+01
9.967362e-01 3.883770e-02 -7.077093e-02 -6.562864e-01 -3.684370e-02 9.988924e-01 2.926682e-02 -2.167044e-01 7.182920e-02 -2.656383e-02 9.970632e-01 2.532520e+01
9.964263e-01 4.226111e-02 -7.313418e-02 -6.612533e-01 -4.017431e-02 9.987490e-01 2.977401e-02 -2.124138e-01 7.430097e-02 -2.672949e-02 9.968776e-01 2.542304e+01
9.962065e-01 4.288072e-02 -7.572287e-02 -6.797344e-01 -4.079748e-02 9.987509e-01 2.884786e-02 -2.155559e-01 7.686529e-02 -2.564912e-02 9.967115e-01 2.549597e+01
9.959199e-01 4.326617e-02 -7.919391e-02 -6.882232e-01 -4.127370e-02 9.987930e-01 2.662639e-02 -2.261991e-01 8.025035e-02 -2.324913e-02 9.965036e-01 2.556799e+01
9.956104e-01 4.573698e-02 -8.165841e-02 -7.325191e-01 -4.398618e-02 9.987648e-01 2.311318e-02 -2.229644e-01 8.261467e-02 -1.941988e-02 9.963923e-01 2.566244e+01
9.953688e-01 4.811028e-02 -8.322436e-02 -7.980016e-01 -4.662108e-02 9.987174e-01 1.974670e-02 -2.133459e-01 8.406764e-02 -1.577524e-02 9.963351e-01 2.580289e+01
9.951842e-01 5.148366e-02 -8.341387e-02 -9.047976e-01 -5.009851e-02 9.985707e-01 1.861609e-02 -2.080453e-01 8.425307e-02 -1.434752e-02 9.963411e-01 2.591292e+01
9.952044e-01 5.295506e-02 -8.224365e-02 -9.830135e-01 -5.150684e-02 9.984797e-01 1.963322e-02 -2.073438e-01 8.315828e-02 -1.530296e-02 9.964188e-01 2.609751e+01
9.952899e-01 5.544627e-02 -7.952178e-02 -1.034093e+00 -5.388160e-02 9.983117e-01 2.169026e-02 -2.135461e-01 8.059017e-02 -1.730334e-02 9.965971e-01 2.644431e+01
9.955534e-01 5.787966e-02 -7.431858e-02 -1.057629e+00 -5.631442e-02 9.981484e-01 2.298851e-02 -2.148594e-01 7.551154e-02 -1.870108e-02 9.969695e-01 2.676392e+01
9.960387e-01 5.844553e-02 -6.701551e-02 -1.073754e+00 -5.692723e-02 9.980814e-01 2.434768e-02 -2.103661e-01 6.830994e-02 -2.043622e-02 9.974548e-01 2.703216e+01
9.966202e-01 5.919594e-02 -5.695553e-02 -1.107525e+00 -5.785189e-02 9.980130e-01 2.496597e-02 -2.007664e-01 5.832024e-02 -2.158660e-02 9.980645e-01 2.714646e+01
9.973059e-01 5.783250e-02 -4.512590e-02 -1.148460e+00 -5.666670e-02 9.980360e-01 2.670060e-02 -2.007683e-01 4.658144e-02 -2.407153e-02 9.986244e-01 2.726307e+01
9.978528e-01 5.678350e-02 -3.264042e-02 -1.132441e+00 -5.591568e-02 9.980727e-01 2.691285e-02 -2.030888e-01 3.410571e-02 -2.502995e-02 9.991047e-01 2.732308e+01
9.982134e-01 5.691680e-02 -1.817741e-02 -1.113388e+00 -5.644155e-02 9.980759e-01 2.566799e-02 -2.044196e-01 1.960337e-02 -2.459617e-02 9.995052e-01 2.737185e+01
9.983828e-01 5.683940e-02 -1.053141e-03 -1.104130e+00 -5.680435e-02 9.981601e-01 2.120709e-02 -2.007994e-01 2.256602e-03 -2.111297e-02 9.997746e-01 2.738348e+01
9.982257e-01 5.635201e-02 1.922923e-02 -1.079778e+00 -5.665918e-02 9.982682e-01 1.582127e-02 -1.974170e-01 -1.830437e-02 -1.688271e-02 9.996899e-01 2.737019e+01
9.977867e-01 5.194448e-02 4.151534e-02 -9.948157e-01 -5.246822e-02 9.985549e-01 1.162643e-02 -2.039270e-01 -4.085141e-02 -1.377893e-02 9.990702e-01 2.726739e+01
9.965473e-01 4.950342e-02 6.665500e-02 -9.280190e-01 -5.013882e-02 9.987110e-01 7.892669e-03 -2.005391e-01 -6.617837e-02 -1.120742e-02 9.977449e-01 2.713373e+01
9.944196e-01 4.695813e-02 9.446999e-02 -7.762265e-01 -4.772497e-02 9.988433e-01 5.873144e-03 -2.038381e-01 -9.408492e-02 -1.034895e-02 9.955104e-01 2.684489e+01
9.911638e-01 4.450801e-02 1.249532e-01 -6.696254e-01 -4.553750e-02 9.989481e-01 5.393463e-03 -2.266052e-01 -1.245817e-01 -1.103586e-02 9.921480e-01 2.659052e+01
9.863305e-01 4.316225e-02 1.590256e-01 -5.602731e-01 -4.394744e-02 9.990329e-01 1.422397e-03 -2.319149e-01 -1.588104e-01 -8.391723e-03 9.872735e-01 2.660144e+01
9.796714e-01 3.727550e-02 1.971153e-01 -4.921272e-01 -3.830826e-02 9.992650e-01 1.427608e-03 -2.486312e-01 -1.969172e-01 -8.949730e-03 9.803793e-01 2.678954e+01
9.710346e-01 3.654891e-02 2.361269e-01 -3.917324e-01 -3.684928e-02 9.993159e-01 -3.142297e-03 -2.422444e-01 -2.360802e-01 -5.649828e-03 9.717171e-01 2.705136e+01
9.601712e-01 3.731059e-02 2.769101e-01 -2.864677e-01 -3.749234e-02 9.992861e-01 -4.640092e-03 -2.578418e-01 -2.768856e-01 -5.926727e-03 9.608846e-01 2.735477e+01
9.458397e-01 4.315079e-02 3.217534e-01 -1.900818e-01 -4.203616e-02 9.990618e-01 -1.041428e-02 -2.465060e-01 -3.219009e-01 -3.675044e-03 9.467663e-01 2.760959e+01
9.293302e-01 4.306397e-02 3.667299e-01 -7.541902e-02 -4.140957e-02 9.990655e-01 -1.238121e-02 -2.498976e-01 -3.669203e-01 -3.679896e-03 9.302451e-01 2.785475e+01
9.103778e-01 3.758912e-02 4.120671e-01 3.689631e-02 -3.608480e-02 9.992833e-01 -1.143353e-02 -2.665854e-01 -4.122016e-01 -4.460524e-03 9.110817e-01 2.810705e+01
8.887122e-01 3.449017e-02 4.571664e-01 1.717083e-01 -3.231733e-02 9.993985e-01 -1.257446e-02 -2.791561e-01 -4.573252e-01 -3.599324e-03 8.892922e-01 2.836273e+01
8.652123e-01 2.641957e-02 5.007092e-01 3.182919e-01 -2.392787e-02 9.996487e-01 -1.139904e-02 -3.175367e-01 -5.008345e-01 -2.118316e-03 8.655405e-01 2.860641e+01
8.394186e-01 2.636788e-02 5.428454e-01 4.783508e-01 -2.130132e-02 9.996511e-01 -1.561762e-02 -3.247482e-01 -5.430678e-01 1.546398e-03 8.396874e-01 2.883277e+01
8.114210e-01 2.868224e-02 5.837579e-01 6.610612e-01 -2.139730e-02 9.995834e-01 -1.937117e-02 -3.497160e-01 -5.840703e-01 3.227331e-03 8.116966e-01 2.904463e+01
7.861398e-01 3.253651e-02 6.171917e-01 9.392255e-01 -2.613113e-02 9.994702e-01 -1.940493e-02 -3.951403e-01 -6.174960e-01 -8.729291e-04 7.865735e-01 2.916278e+01
7.581310e-01 3.535889e-02 6.511430e-01 1.198677e+00 -2.232454e-02 9.993508e-01 -2.827492e-02 -3.713247e-01 -6.517200e-01 6.899626e-03 7.584283e-01 2.928443e+01
7.265385e-01 3.351993e-02 6.863077e-01 1.457702e+00 -2.082608e-02 9.994248e-01 -2.676599e-02 -4.050134e-01 -6.868101e-01 5.153432e-03 7.268187e-01 2.940317e+01
6.945803e-01 2.881548e-02 7.188379e-01 1.743255e+00 -1.288977e-02 9.995356e-01 -2.761279e-02 -4.044994e-01 -7.192997e-01 9.913654e-03 6.946292e-01 2.949881e+01
6.580608e-01 2.427062e-02 7.525735e-01 2.000816e+00 -1.097065e-02 9.996833e-01 -2.264707e-02 -4.380475e-01 -7.528849e-01 6.646928e-03 6.581187e-01 2.959973e+01
6.188320e-01 2.027253e-02 7.852618e-01 2.318135e+00 -4.778957e-03 9.997456e-01 -2.204360e-02 -4.498804e-01 -7.855089e-01 9.888552e-03 6.187714e-01 2.973385e+01
5.796984e-01 1.540900e-02 8.146854e-01 2.658403e+00 7.815882e-03 9.996700e-01 -2.446928e-02 -4.171060e-01 -8.147936e-01 2.055229e-02 5.793867e-01 2.982786e+01
5.334116e-01 9.616745e-03 8.458012e-01 2.918835e+00 1.575177e-02 9.996490e-01 -2.129998e-02 -4.344985e-01 -8.457091e-01 2.468452e-02 5.330729e-01 2.997238e+01
4.854276e-01 9.884920e-03 8.742210e-01 3.159861e+00 1.664390e-02 9.996504e-01 -2.054500e-02 -4.361380e-01 -8.741184e-01 2.452356e-02 4.850933e-01 3.009662e+01
4.360129e-01 1.458939e-02 8.998221e-01 3.410526e+00 1.122363e-02 9.997027e-01 -2.164728e-02 -4.541040e-01 -8.998704e-01 1.953776e-02 4.357195e-01 3.022032e+01
3.874790e-01 1.905897e-02 9.216815e-01 3.689001e+00 8.833321e-03 9.996636e-01 -2.438509e-02 -4.472425e-01 -9.218362e-01 1.759022e-02 3.871803e-01 3.033209e+01
3.427311e-01 2.098434e-02 9.391991e-01 3.993981e+00 1.297545e-02 9.995494e-01 -2.706771e-02 -4.520572e-01 -9.393439e-01 2.146348e-02 3.423043e-01 3.045721e+01
3.034943e-01 1.903276e-02 9.526432e-01 4.337883e+00 1.674318e-02 9.995396e-01 -2.530376e-02 -4.962018e-01 -9.526861e-01 2.362982e-02 3.030359e-01 3.052753e+01
2.693723e-01 1.808462e-02 9.628662e-01 4.614803e+00 1.997007e-02 9.995038e-01 -2.435960e-02 -5.223125e-01 -9.628290e-01 2.579031e-02 2.688776e-01 3.059446e+01
2.408696e-01 1.890128e-02 9.703735e-01 4.869524e+00 3.195728e-02 9.991137e-01 -2.739365e-02 -5.099658e-01 -9.700313e-01 3.760879e-02 2.400521e-01 3.064696e+01
2.146930e-01 1.735394e-02 9.765274e-01 5.208864e+00 3.695700e-02 9.989817e-01 -2.587810e-02 -5.298683e-01 -9.759821e-01 4.164537e-02 2.138330e-01 3.070943e+01
1.912737e-01 1.508021e-02 9.814209e-01 5.577959e+00 3.700608e-02 9.990603e-01 -2.256354e-02 -5.305578e-01 -9.808389e-01 4.063436e-02 1.905359e-01 3.077094e+01
1.684073e-01 1.272440e-02 9.856355e-01 5.947397e+00 3.352178e-02 9.992644e-01 -1.862793e-02 -5.240839e-01 -9.851475e-01 3.617733e-02 1.678569e-01 3.081809e+01
1.467023e-01 9.391931e-03 9.891361e-01 6.334422e+00 3.949658e-02 9.991019e-01 -1.534443e-02 -5.267987e-01 -9.883918e-01 4.131855e-02 1.461996e-01 3.087660e+01
1.270810e-01 8.255001e-03 9.918581e-01 6.681427e+00 5.134169e-02 9.985701e-01 -1.488899e-02 -5.330848e-01 -9.905628e-01 5.281577e-02 1.264755e-01 3.091495e+01
1.101623e-01 1.013667e-02 9.938620e-01 6.966522e+00 5.235915e-02 9.985003e-01 -1.598761e-02 -5.539300e-01 -9.925336e-01 5.379900e-02 1.094664e-01 3.092915e+01
9.612739e-02 1.519722e-02 9.952530e-01 7.142636e+00 5.283335e-02 9.983960e-01 -2.034817e-02 -5.426059e-01 -9.939659e-01 5.453857e-02 9.517026e-02 3.095568e+01
8.568794e-02 2.020656e-02 9.961171e-01 7.209980e+00 4.670147e-02 9.986139e-01 -2.427456e-02 -5.499797e-01 -9.952269e-01 4.860017e-02 8.462548e-02 3.096779e+01
7.921380e-02 1.947164e-02 9.966675e-01 7.344072e+00 4.704195e-02 9.986224e-01 -2.324866e-02 -5.472180e-01 -9.957471e-01 4.872679e-02 7.818866e-02 3.098164e+01
7.660359e-02 1.524273e-02 9.969451e-01 7.755380e+00 5.315629e-02 9.983987e-01 -1.934940e-02 -5.599363e-01 -9.956437e-01 5.447613e-02 7.567072e-02 3.101230e+01
7.686824e-02 1.330922e-02 9.969524e-01 8.151182e+00 5.468185e-02 9.983497e-01 -1.754402e-02 -5.742968e-01 -9.955406e-01 5.586378e-02 7.601362e-02 3.104780e+01
7.838970e-02 1.289223e-02 9.968395e-01 8.209815e+00 5.061359e-02 9.985754e-01 -1.689485e-02 -5.854672e-01 -9.956372e-01 5.177800e-02 7.762551e-02 3.106284e+01
8.024108e-02 1.295399e-02 9.966914e-01 8.267063e+00 4.543356e-02 9.988288e-01 -1.663952e-02 -5.959723e-01 -9.957396e-01 4.661841e-02 7.955861e-02 3.107528e+01
8.059931e-02 1.393795e-02 9.966492e-01 8.380062e+00 4.226944e-02 9.989549e-01 -1.738854e-02 -6.127842e-01 -9.958500e-01 4.352930e-02 7.992595e-02 3.111832e+01
8.151120e-02 1.442295e-02 9.965682e-01 8.640471e+00 4.245604e-02 9.989374e-01 -1.792981e-02 -6.069722e-01 -9.957679e-01 4.377181e-02 8.081222e-02 3.115280e+01
8.242011e-02 1.393336e-02 9.965003e-01 9.083571e+00 4.336046e-02 9.989053e-01 -1.755331e-02 -6.181102e-01 -9.956540e-01 4.465545e-02 8.172572e-02 3.119573e+01
8.298475e-02 1.289850e-02 9.964674e-01 9.529578e+00 4.233795e-02 9.989678e-01 -1.645673e-02 -6.316373e-01 -9.956511e-01 4.355404e-02 8.235300e-02 3.124569e+01
8.374858e-02 1.227827e-02 9.964112e-01 9.975806e+00 4.373687e-02 9.989152e-01 -1.598521e-02 -6.420502e-01 -9.955266e-01 4.491865e-02 8.312070e-02 3.128681e+01
8.274913e-02 1.023991e-02 9.965178e-01 1.050511e+01 4.260183e-02 9.989968e-01 -1.380297e-02 -6.591194e-01 -9.956595e-01 4.359567e-02 8.222991e-02 3.134315e+01
8.169568e-02 8.954518e-03 9.966171e-01 1.102434e+01 4.090777e-02 9.990869e-01 -1.233004e-02 -6.689263e-01 -9.958174e-01 4.177669e-02 8.125472e-02 3.139051e+01
8.100533e-02 7.605612e-03 9.966848e-01 1.166598e+01 4.070483e-02 9.991114e-01 -1.093241e-02 -6.847028e-01 -9.958823e-01 4.145547e-02 8.062375e-02 3.144947e+01
8.026880e-02 5.262603e-03 9.967594e-01 1.207730e+01 4.405136e-02 9.989903e-01 -8.821826e-03 -6.898509e-01 -9.957994e-01 4.461672e-02 7.995594e-02 3.149192e+01
7.863289e-02 4.207892e-03 9.968948e-01 1.242261e+01 4.190676e-02 9.990932e-01 -7.522687e-03 -6.951772e-01 -9.960225e-01 4.236816e-02 7.838523e-02 3.152996e+01
7.744044e-02 2.698271e-03 9.969934e-01 1.304724e+01 3.848785e-02 9.992428e-01 -5.693864e-03 -7.155775e-01 -9.962538e-01 3.881307e-02 7.727796e-02 3.157493e+01
7.632655e-02 7.563564e-03 9.970542e-01 1.344589e+01 3.433965e-02 9.993581e-01 -1.020981e-02 -7.174796e-01 -9.964914e-01 3.501777e-02 7.601780e-02 3.161989e+01
7.560337e-02 1.224165e-02 9.970629e-01 1.388472e+01 3.506772e-02 9.992734e-01 -1.492784e-02 -7.228550e-01 -9.965212e-01 3.609332e-02 7.511914e-02 3.166158e+01
7.451564e-02 1.492784e-02 9.971082e-01 1.432213e+01 3.510256e-02 9.992290e-01 -1.758287e-02 -7.238321e-01 -9.966019e-01 3.631125e-02 7.393420e-02 3.170113e+01
7.273567e-02 1.270058e-02 9.972704e-01 1.482108e+01 3.016278e-02 9.994335e-01 -1.492805e-02 -7.397646e-01 -9.968951e-01 3.116625e-02 7.231140e-02 3.175167e+01
7.149082e-02 9.469391e-03 9.973963e-01 1.531501e+01 2.589021e-02 9.996004e-01 -1.134606e-02 -7.500843e-01 -9.971052e-01 2.663394e-02 7.121712e-02 3.179626e+01
7.109070e-02 4.428132e-03 9.974601e-01 1.583737e+01 2.406908e-02 9.996914e-01 -6.153483e-03 -7.641799e-01 -9.971794e-01 2.444540e-02 7.096219e-02 3.184499e+01
7.064259e-02 3.923402e-05 9.975017e-01 1.599239e+01 1.970891e-02 9.998047e-01 -1.435101e-03 -7.608992e-01 -9.973070e-01 1.976105e-02 7.062805e-02 3.187715e+01
7.110965e-02 -9.399041e-04 9.974681e-01 1.625491e+01 1.653464e-02 9.998633e-01 -2.365964e-04 -7.653247e-01 -9.973314e-01 1.650960e-02 7.111549e-02 3.191104e+01
7.159287e-02 5.433096e-03 9.974192e-01 1.675920e+01 1.724367e-02 9.998290e-01 -6.683941e-03 -7.804152e-01 -9.972849e-01 1.767769e-02 7.148695e-02 3.195174e+01
7.265007e-02 1.497478e-02 9.972451e-01 1.726262e+01 1.704812e-02 9.997225e-01 -1.625395e-02 -7.966140e-01 -9.972118e-01 1.818201e-02 7.237464e-02 3.198850e+01
7.279187e-02 2.004604e-02 9.971457e-01 1.784484e+01 1.801520e-02 9.996085e-01 -2.141066e-02 -8.068881e-01 -9.971845e-01 1.952230e-02 7.240224e-02 3.203764e+01
7.434285e-02 1.488916e-02 9.971217e-01 1.820372e+01 1.957849e-02 9.996740e-01 -1.638700e-02 -8.176476e-01 -9.970406e-01 2.074040e-02 7.402712e-02 3.207464e+01
7.563615e-02 5.953390e-03 9.971177e-01 1.886227e+01 2.651313e-02 9.996166e-01 -7.979458e-03 -8.425913e-01 -9.967830e-01 2.704024e-02 7.544935e-02 3.212699e+01
7.611245e-02 3.662939e-03 9.970925e-01 1.944468e+01 2.419306e-02 9.996921e-01 -5.519251e-03 -8.619265e-01 -9.968057e-01 2.454280e-02 7.600039e-02 3.217721e+01
7.654083e-02 3.124718e-03 9.970616e-01 2.002188e+01 2.520925e-02 9.996694e-01 -5.068114e-03 -8.834440e-01 -9.967477e-01 2.552309e-02 7.643676e-02 3.223206e+01
7.568413e-02 4.926499e-03 9.971197e-01 2.050955e+01 2.099377e-02 9.997582e-01 -6.533022e-03 -8.943529e-01 -9.969108e-01 2.142775e-02 7.556242e-02 3.228199e+01
7.426858e-02 5.469417e-03 9.972233e-01 2.099922e+01 1.937699e-02 9.997883e-01 -6.926593e-03 -9.048865e-01 -9.970500e-01 1.983761e-02 7.414687e-02 3.233101e+01
7.247210e-02 4.961915e-03 9.973581e-01 2.149300e+01 1.858172e-02 9.998074e-01 -6.324324e-03 -9.181731e-01 -9.971974e-01 1.899096e-02 7.236594e-02 3.237814e+01
7.103926e-02 5.755664e-03 9.974570e-01 2.164380e+01 1.853610e-02 9.998031e-01 -7.089352e-03 -9.241171e-01 -9.973013e-01 1.899259e-02 7.091862e-02 3.241263e+01
6.946373e-02 5.719174e-03 9.975681e-01 2.185053e+01 1.777093e-02 9.998178e-01 -6.969518e-03 -9.311454e-01 -9.974262e-01 1.821185e-02 6.934947e-02 3.246891e+01
6.744677e-02 4.795485e-03 9.977115e-01 2.240916e+01 1.513314e-02 9.998685e-01 -5.828878e-03 -9.456967e-01 -9.976082e-01 1.549164e-02 6.736535e-02 3.252379e+01
6.525123e-02 3.807690e-03 9.978616e-01 2.294097e+01 1.347737e-02 9.998981e-01 -4.696760e-03 -9.587677e-01 -9.977778e-01 1.375502e-02 6.519324e-02 3.256276e+01
6.395954e-02 3.491210e-03 9.979464e-01 2.342906e+01 1.575882e-02 9.998657e-01 -4.507924e-03 -9.738420e-01 -9.978281e-01 1.601478e-02 6.389588e-02 3.259315e+01
6.250441e-02 4.252413e-03 9.980357e-01 2.394186e+01 1.759391e-02 9.998308e-01 -5.361923e-03 -9.878632e-01 -9.978896e-01 1.789449e-02 6.241906e-02 3.263331e+01
6.142324e-02 4.417749e-03 9.981021e-01 2.412617e+01 1.704186e-02 9.998398e-01 -5.474198e-03 -9.915090e-01 -9.979663e-01 1.734575e-02 6.133813e-02 3.269120e+01
6.003100e-02 3.739529e-03 9.981894e-01 2.432831e+01 1.877299e-02 9.998119e-01 -4.874611e-03 -9.877331e-01 -9.980199e-01 1.903163e-02 5.994946e-02 3.273426e+01
5.813253e-02 2.709364e-03 9.983052e-01 2.473708e+01 1.769197e-02 9.998365e-01 -3.743745e-03 -1.000890e+00 -9.981521e-01 1.787962e-02 5.807507e-02 3.278822e+01
5.714232e-02 2.636899e-03 9.983627e-01 2.524144e+01 1.602430e-02 9.998653e-01 -3.558037e-03 -1.005415e+00 -9.982376e-01 1.620137e-02 5.709237e-02 3.282341e+01
5.637431e-02 2.462809e-03 9.984066e-01 2.574195e+01 1.259766e-02 9.999156e-01 -3.177848e-03 -1.017572e+00 -9.983302e-01 1.275673e-02 5.633855e-02 3.285869e+01
5.655456e-02 1.513010e-03 9.983984e-01 2.622453e+01 1.320448e-02 9.999102e-01 -2.263273e-03 -1.026649e+00 -9.983122e-01 1.331133e-02 5.652952e-02 3.289298e+01
5.602449e-02 4.218822e-04 9.984294e-01 2.671235e+01 1.268606e-02 9.999189e-01 -1.134361e-03 -1.042508e+00 -9.983488e-01 1.272969e-02 5.601460e-02 3.292587e+01
5.489516e-02 3.100835e-03 9.984873e-01 2.694491e+01 1.046028e-02 9.999385e-01 -3.680429e-03 -1.047958e+00 -9.984373e-01 1.064649e-02 5.485934e-02 3.298122e+01
5.436379e-02 6.355351e-03 9.985009e-01 2.710826e+01 7.733158e-03 9.999471e-01 -6.785590e-03 -1.050272e+00 -9.984912e-01 8.090456e-03 5.431181e-02 3.303175e+01
5.426669e-02 7.847590e-03 9.984957e-01 2.718918e+01 7.926592e-04 9.999685e-01 -7.902245e-03 -1.052655e+00 -9.985262e-01 1.220296e-03 5.425876e-02 3.306665e+01
5.399066e-02 8.706885e-03 9.985035e-01 2.732785e+01 6.211387e-04 9.999615e-01 -8.753186e-03 -1.056331e+00 -9.985413e-01 1.092799e-03 5.398315e-02 3.310833e+01
5.361944e-02 8.182950e-03 9.985279e-01 2.741890e+01 -1.900998e-03 9.999654e-01 -8.092650e-03 -1.055826e+00 -9.985597e-01 -1.464276e-03 5.363315e-02 3.313839e+01
5.312544e-02 6.903863e-03 9.985639e-01 2.749309e+01 -5.389065e-03 9.999635e-01 -6.626831e-03 -1.062617e+00 -9.985733e-01 -5.029274e-03 5.316073e-02 3.318221e+01
5.311406e-02 7.466232e-03 9.985606e-01 2.752504e+01 -1.269254e-02 9.998963e-01 -6.801095e-03 -1.067629e+00 -9.985079e-01 -1.231304e-02 5.320334e-02 3.321959e+01
5.311120e-02 7.948905e-03 9.985571e-01 2.755975e+01 -1.948944e-02 9.997861e-01 -6.922083e-03 -1.075013e+00 -9.983985e-01 -1.909368e-02 5.325478e-02 3.325336e+01
5.267811e-02 6.090444e-03 9.985930e-01 2.760174e+01 -2.246563e-02 9.997355e-01 -4.912297e-03 -1.080551e+00 -9.983588e-01 -2.217525e-02 5.280101e-02 3.331356e+01
5.187547e-02 4.908836e-03 9.986416e-01 2.765828e+01 -2.311013e-02 9.997261e-01 -3.713686e-03 -1.084859e+00 -9.983862e-01 -2.288608e-02 5.197471e-02 3.335442e+01
4.894048e-02 4.006607e-03 9.987937e-01 2.773877e+01 -2.845637e-02 9.995916e-01 -2.615456e-03 -1.095005e+00 -9.983962e-01 -2.829404e-02 4.903454e-02 3.339611e+01
4.418588e-02 4.876686e-03 9.990115e-01 2.785477e+01 -2.944486e-02 9.995600e-01 -3.577028e-03 -1.096543e+00 -9.985894e-01 -2.925770e-02 4.431003e-02 3.344573e+01
3.858984e-02 8.074928e-03 9.992225e-01 2.798197e+01 -2.777790e-02 9.995896e-01 -7.005115e-03 -1.098776e+00 -9.988690e-01 -2.748598e-02 3.879833e-02 3.348587e+01
3.218555e-02 1.005930e-02 9.994314e-01 2.815953e+01 -2.660560e-02 9.996036e-01 -9.204229e-03 -1.100859e+00 -9.991279e-01 -2.629423e-02 3.244042e-02 3.351260e+01
2.566832e-02 1.036962e-02 9.996167e-01 2.861150e+01 -2.832984e-02 9.995521e-01 -9.641493e-03 -1.118449e+00 -9.992690e-01 -2.807150e-02 2.595061e-02 3.352363e+01
1.762873e-02 1.051730e-02 9.997893e-01 2.894715e+01 -4.261847e-02 9.990438e-01 -9.757984e-03 -1.119273e+00 -9.989359e-01 -4.243747e-02 1.806009e-02 3.356793e+01
1.334351e-02 1.043707e-02 9.998565e-01 2.927633e+01 -3.284518e-02 9.994105e-01 -9.994077e-03 -1.126662e+00 -9.993714e-01 -3.270711e-02 1.367843e-02 3.358913e+01
9.443700e-03 1.113389e-02 9.998934e-01 2.976815e+01 -3.431433e-02 9.993527e-01 -1.080378e-02 -1.134588e+00 -9.993665e-01 -3.420865e-02 9.819686e-03 3.360236e+01
5.058527e-03 1.135205e-02 9.999228e-01 3.019639e+01 -3.534557e-02 9.993128e-01 -1.116631e-02 -1.140084e+00 -9.993624e-01 -3.528635e-02 5.456328e-03 3.361607e+01
3.313720e-03 7.404731e-03 9.999671e-01 3.072654e+01 -3.550711e-02 9.993429e-01 -7.282444e-03 -1.150159e+00 -9.993639e-01 -3.548181e-02 3.574491e-03 3.361594e+01
2.321064e-03 3.887187e-03 9.999897e-01 3.116805e+01 -3.101248e-02 9.995117e-01 -3.813348e-03 -1.160241e+00 -9.995163e-01 -3.100331e-02 2.440512e-03 3.362210e+01
-1.240730e-03 2.029945e-03 9.999971e-01 3.158988e+01 -4.231757e-02 9.991021e-01 -2.080637e-03 -1.165998e+00 -9.991034e-01 -4.232003e-02 -1.153708e-03 3.365405e+01
-2.250075e-03 8.067990e-04 9.999971e-01 3.213680e+01 -4.561851e-02 9.989585e-01 -9.086106e-04 -1.177360e+00 -9.989564e-01 -4.562043e-02 -2.210975e-03 3.365606e+01
-2.951145e-03 5.464325e-03 9.999807e-01 3.254007e+01 -3.914515e-02 9.992180e-01 -5.575681e-03 -1.180650e+00 -9.992293e-01 -3.916085e-02 -2.734900e-03 3.367707e+01
-2.799749e-03 9.162189e-03 9.999542e-01 3.307162e+01 -2.912991e-02 9.995329e-01 -9.239888e-03 -1.189803e+00 -9.995718e-01 -2.915445e-02 -2.531528e-03 3.367590e+01
-3.092527e-03 1.265548e-02 9.999152e-01 3.360275e+01 -2.091998e-02 9.997002e-01 -1.271746e-02 -1.204430e+00 -9.997764e-01 -2.095753e-02 -2.826810e-03 3.367165e+01
-3.046274e-03 1.441324e-02 9.998915e-01 3.414580e+01 -1.865854e-02 9.997212e-01 -1.446763e-02 -1.213951e+00 -9.998213e-01 -1.870059e-02 -2.776504e-03 3.367471e+01
-3.233075e-03 1.366236e-02 9.999015e-01 3.458720e+01 -1.770368e-02 9.997492e-01 -1.371752e-02 -1.219036e+00 -9.998382e-01 -1.774628e-02 -2.990365e-03 3.369506e+01
-2.851129e-03 7.820394e-03 9.999653e-01 3.508894e+01 -1.694242e-02 9.998255e-01 -7.867607e-03 -1.233304e+00 -9.998524e-01 -1.696427e-02 -2.718091e-03 3.369756e+01
-2.805114e-03 6.864483e-03 9.999725e-01 3.511714e+01 -1.099582e-02 9.999158e-01 -6.894939e-03 -1.231212e+00 -9.999356e-01 -1.101485e-02 -2.729416e-03 3.372324e+01
-2.699494e-03 6.330899e-03 9.999765e-01 3.518204e+01 -6.467054e-03 9.999589e-01 -6.348247e-03 -1.225665e+00 -9.999756e-01 -6.484038e-03 -2.658486e-03 3.372352e+01
-3.133774e-03 7.370132e-03 9.999680e-01 3.525218e+01 -3.785460e-03 9.999656e-01 -7.381978e-03 -1.218445e+00 -9.999880e-01 -3.808471e-03 -3.105760e-03 3.372709e+01
-4.226804e-03 8.662513e-03 9.999536e-01 3.540355e+01 1.018101e-03 9.999620e-01 -8.658282e-03 -1.215053e+00 -9.999906e-01 9.814565e-04 -4.235506e-03 3.372468e+01
-6.146789e-03 8.798169e-03 9.999425e-01 3.574470e+01 1.910903e-04 9.999613e-01 -8.797161e-03 -1.222806e+00 -9.999812e-01 1.370056e-04 -6.148219e-03 3.372915e+01
-7.630706e-03 9.429024e-03 9.999264e-01 3.619899e+01 1.951859e-03 9.999538e-01 -9.414386e-03 -1.231352e+00 -9.999689e-01 1.879876e-03 -7.648826e-03 3.372891e+01
-9.957194e-03 9.574422e-03 9.999046e-01 3.646232e+01 1.719676e-03 9.999529e-01 -9.557759e-03 -1.232756e+00 -9.999489e-01 1.624344e-03 -9.973168e-03 3.374665e+01
-1.122046e-02 9.706218e-03 9.998900e-01 3.709620e+01 -1.892390e-03 9.999509e-01 -9.728046e-03 -1.253200e+00 -9.999353e-01 -2.001335e-03 -1.120162e-02 3.374010e+01
-1.282024e-02 1.142154e-02 9.998526e-01 3.770770e+01 -6.093424e-03 9.999153e-01 -1.150038e-02 -1.271685e+00 -9.998992e-01 -6.239964e-03 -1.274955e-02 3.375488e+01
-1.332676e-02 1.206536e-02 9.998385e-01 3.853885e+01 -6.921691e-03 9.999021e-01 -1.215838e-02 -1.280466e+00 -9.998873e-01 -7.082605e-03 -1.324201e-02 3.374850e+01
-1.476204e-02 1.298065e-02 9.998069e-01 3.905669e+01 -7.864164e-03 9.998833e-01 -1.309775e-02 -1.290280e+00 -9.998602e-01 -8.055991e-03 -1.465821e-02 3.375152e+01
-1.525390e-02 1.101852e-02 9.998230e-01 3.966319e+01 -7.736690e-03 9.999080e-01 -1.113750e-02 -1.302422e+00 -9.998537e-01 -7.905211e-03 -1.516724e-02 3.374328e+01
-1.590550e-02 9.615241e-03 9.998273e-01 4.026352e+01 -1.025101e-02 9.998996e-01 -9.779013e-03 -1.318677e+00 -9.998210e-01 -1.040478e-02 -1.580536e-02 3.373972e+01
-1.805496e-02 9.067091e-03 9.997959e-01 4.078152e+01 -1.357313e-02 9.998645e-01 -9.312824e-03 -1.330537e+00 -9.997449e-01 -1.373850e-02 -1.792943e-02 3.374778e+01
-1.922226e-02 7.628602e-03 9.997861e-01 4.133329e+01 -1.061679e-02 9.999130e-01 -7.833690e-03 -1.335213e+00 -9.997589e-01 -1.076510e-02 -1.913953e-02 3.373190e+01
