1.000000e+00 0.000000e+00 0.000000e+00 0.000000e+00 0.000000e+00 1.000000e+00 0.000000e+00 0.000000e+00 0.000000e+00 0.000000e+00 1.000000e+00 0.000000e+00
9.999928e-01 1.821183e-03 3.308835e-03 -7.204286e-02 -1.823763e-03 9.999980e-01 7.766808e-04 4.875125e-03 -3.307414e-03 -7.827098e-04 9.999942e-01 -1.619217e-01
9.999999e-01 -3.512585e-04 6.658756e-05 -1.093688e-02 3.513006e-04 9.999998e-01 -6.339272e-04 6.649957e-03 -6.636486e-05 6.339505e-04 9.999998e-01 5.374685e-02
9.999918e-01 8.656477e-04 -3.964799e-03 7.917016e-02 -8.738859e-04 9.999974e-01 -2.076578e-03 2.588652e-03 3.962991e-03 2.080026e-03 9.999900e-01 2.788311e-01
9.999583e-01 -3.383855e-03 -8.481692e-03 1.478414e-01 3.351209e-03 9.999869e-01 -3.860237e-03 -5.125321e-03 8.494643e-03 3.831652e-03 9.999566e-01 4.567635e-01
9.998995e-01 -1.882283e-03 -1.405197e-02 2.568805e-01 1.792738e-03 9.999780e-01 -6.382287e-03 -9.186823e-04 1.406367e-02 6.356454e-03 9.998809e-01 7.011431e-01
9.997726e-01 -2.297119e-03 -2.120171e-02 3.552890e-01 2.114094e-03 9.999604e-01 -8.650953e-03 -6.162175e-03 2.122074e-02 8.604163e-03 9.997378e-01 1.113205e+00
9.997097e-01 -3.194098e-03 -2.388208e-02 3.737313e-01 2.922809e-03 9.999309e-01 -1.138579e-02 -6.874742e-03 2.391680e-02 1.131268e-02 9.996499e-01 1.471936e+00
9.996279e-01 -2.889154e-03 -2.712322e-02 4.810030e-01 2.609898e-03 9.999433e-01 -1.032556e-02 -1.662174e-02 2.715151e-02 1.025093e-02 9.995788e-01 1.597658e+00
9.995345e-01 -3.021915e-03 -3.035895e-02 5.790581e-01 2.691157e-03 9.999366e-01 -1.092986e-02 -2.160968e-02 3.039005e-02 1.084307e-02 9.994793e-01 1.709237e+00
9.995191e-01 -4.373271e-03 -3.070104e-02 5.383695e-01 4.002845e-03 9.999186e-01 -1.211669e-02 -2.487095e-02 3.075153e-02 1.198797e-02 9.994552e-01 2.126006e+00
9.995469e-01 -4.272970e-03 -2.979327e-02 4.791141e-01 3.791409e-03 9.998615e-01 -1.620121e-02 -2.933802e-02 2.985837e-02 1.608091e-02 9.994248e-01 2.576046e+00
9.994342e-01 -3.510198e-03 -3.345082e-02 4.974313e-01 2.863847e-03 9.998087e-01 -1.935081e-02 -4.483823e-02 3.351234e-02 1.924406e-02 9.992530e-01 2.973171e+00
9.993500e-01 -6.992366e-04 -3.604478e-02 5.232826e-01 -1.678393e-06 9.998110e-01 -1.944198e-02 -5.025449e-02 3.605156e-02 1.942940e-02 9.991611e-01 3.335898e+00
9.992000e-01 3.262852e-03 -3.985729e-02 5.703419e-01 -3.790422e-03 9.999061e-01 -1.316810e-02 -5.581767e-02 3.981059e-02 1.330864e-02 9.991186e-01 3.622339e+00
9.990966e-01 5.884973e-03 -4.208827e-02 5.831239e-01 -6.024364e-03 9.999768e-01 -3.185804e-03 -6.393720e-02 4.206854e-02 3.436481e-03 9.991088e-01 4.022171e+00
9.990133e-01 6.132843e-03 -4.398619e-02 6.235333e-01 -5.927114e-03 9.999709e-01 4.806024e-03 -8.419599e-02 4.401438e-02 -4.540570e-03 9.990206e-01 4.275545e+00
9.988782e-01 9.067173e-03 -4.647753e-02 6.682364e-01 -8.974977e-03 9.999573e-01 2.191972e-03 -7.557715e-02 4.649543e-02 -1.772378e-03 9.989169e-01 4.494959e+00
9.987261e-01 1.134553e-02 -4.916701e-02 6.542057e-01 -1.134661e-02 9.999356e-01 2.571248e-04 -8.048371e-02 4.916676e-02 3.010818e-04 9.987906e-01 4.952089e+00
9.985589e-01 1.381010e-02 -5.185945e-02 6.398437e-01 -1.430830e-02 9.998549e-01 -9.247754e-03 -6.746926e-02 5.172422e-02 9.976448e-03 9.986116e-01 5.429266e+00
9.984310e-01 1.320188e-02 -5.441744e-02 6.684479e-01 -1.367544e-02 9.998717e-01 -8.339231e-03 -6.089340e-02 5.430036e-02 9.070328e-03 9.984835e-01 5.675766e+00
9.983771e-01 8.458338e-03 -5.631783e-02 6.945704e-01 -8.428463e-03 9.999642e-01 7.679771e-04 -6.165112e-02 5.632231e-02 -2.920580e-04 9.984126e-01 5.859540e+00
9.983906e-01 6.263252e-03 -5.636498e-02 6.830056e-01 -5.850618e-03 9.999549e-01 7.482794e-03 -5.513673e-02 5.640930e-02 -7.140981e-03 9.983822e-01 6.048664e+00
9.983708e-01 6.041962e-03 -5.673918e-02 6.495190e-01 -5.225261e-03 9.998808e-01 1.453130e-02 -5.753722e-02 5.682021e-02 -1.421115e-02 9.982833e-01 6.658786e+00
9.984143e-01 6.936397e-03 -5.586287e-02 6.460693e-01 -6.209734e-03 9.998940e-01 1.317107e-02 -4.204217e-02 5.594831e-02 -1.280329e-02 9.983516e-01 6.759294e+00
9.984497e-01 1.047677e-02 -5.466638e-02 6.361434e-01 -9.841925e-03 9.998811e-01 1.186947e-02 -3.976114e-02 5.478423e-02 -1.131305e-02 9.984341e-01 6.941930e+00
9.984384e-01 1.016047e-02 -5.493191e-02 6.107315e-01 -9.636070e-03 9.999055e-01 9.802899e-03 -4.176409e-02 5.502633e-02 -9.258264e-03 9.984420e-01 7.560481e+00
9.984726e-01 9.778945e-03 -5.437776e-02 5.716750e-01 -9.582942e-03 9.999466e-01 3.864041e-03 -2.741904e-02 5.441264e-02 -3.337039e-03 9.985130e-01 8.151384e+00
9.985477e-01 8.666914e-03 -5.317228e-02 5.789761e-01 -8.827305e-03 9.999571e-01 -2.782332e-03 -1.792314e-02 5.314589e-02 3.247660e-03 9.985815e-01 8.310775e+00
9.986418e-01 5.415202e-03 -5.181898e-02 5.507165e-01 -5.931193e-03 9.999343e-01 -9.808990e-03 -1.877747e-02 5.176246e-02 1.010302e-02 9.986083e-01 8.851722e+00
9.986561e-01 8.040461e-03 -5.119922e-02 5.214882e-01 -8.792984e-03 9.998564e-01 -1.448971e-02 -3.122161e-02 5.107536e-02 1.492043e-02 9.985833e-01 9.521968e+00
9.985656e-01 8.355408e-03 -5.288571e-02 4.902496e-01 -9.364878e-03 9.997781e-01 -1.886883e-02 -2.410646e-02 5.271632e-02 1.933703e-02 9.984223e-01 1.021520e+01
9.985470e-01 1.012427e-02 -5.292786e-02 4.968155e-01 -1.123909e-02 9.997203e-01 -2.080794e-02 -2.326902e-02 5.270239e-02 2.137256e-02 9.983816e-01 1.034973e+01
9.984775e-01 1.377146e-02 -5.341433e-02 4.682415e-01 -1.499722e-02 9.996318e-01 -2.261562e-02 -4.446770e-02 5.308321e-02 2.338226e-02 9.983163e-01 1.101363e+01
9.984797e-01 1.682252e-02 -5.249162e-02 4.160225e-01 -1.811962e-02 9.995397e-01 -2.433342e-02 -6.708439e-02 5.205810e-02 2.524755e-02 9.983249e-01 1.169774e+01
9.985071e-01 1.435170e-02 -5.270195e-02 3.949850e-01 -1.566973e-02 9.995725e-01 -2.468174e-02 -6.972082e-02 5.232520e-02 2.547072e-02 9.983052e-01 1.181328e+01
9.984242e-01 1.867761e-02 -5.291743e-02 3.644119e-01 -2.002512e-02 9.994856e-01 -2.504964e-02 -8.034804e-02 5.242234e-02 2.606985e-02 9.982846e-01 1.209239e+01
9.983782e-01 1.974444e-02 -5.339593e-02 3.308030e-01 -2.113910e-02 9.994466e-01 -2.568167e-02 -1.035874e-01 5.285931e-02 2.676877e-02 9.982431e-01 1.278482e+01
9.983890e-01 2.116012e-02 -5.264660e-02 2.823403e-01 -2.256103e-02 9.994032e-01 -2.615918e-02 -1.260402e-01 5.206164e-02 2.730480e-02 9.982705e-01 1.353822e+01
9.981829e-01 2.442677e-02 -5.508412e-02 2.579221e-01 -2.586981e-02 9.993365e-01 -2.563776e-02 -1.444592e-01 5.442132e-02 2.701619e-02 9.981525e-01 1.416920e+01
9.979026e-01 3.086027e-02 -5.690350e-02 2.607836e-01 -3.218416e-02 9.992287e-01 -2.249756e-02 -1.691771e-01 5.616533e-02 2.428177e-02 9.981261e-01 1.436475e+01
9.977524e-01 2.963645e-02 -6.009886e-02 2.645415e-01 -3.122780e-02 9.991814e-01 -2.571465e-02 -1.719308e-01 5.928758e-02 2.753361e-02 9.978611e-01 1.485974e+01
9.977447e-01 2.933063e-02 -6.037562e-02 2.005855e-01 -3.121188e-02 9.990487e-01 -3.045532e-02 -1.772919e-01 5.942491e-02 3.227108e-02 9.977110e-01 1.566242e+01
9.976201e-01 3.086939e-02 -6.165433e-02 1.486185e-01 -3.283872e-02 9.989740e-01 -3.118764e-02 -2.092925e-01 6.062832e-02 3.313807e-02 9.976102e-01 1.638965e+01
9.975925e-01 2.943908e-02 -6.278966e-02 8.765324e-02 -3.153759e-02 9.989676e-01 -3.269613e-02 -2.278723e-01 6.176229e-02 3.459765e-02 9.974911e-01 1.712985e+01
9.976015e-01 2.791737e-02 -6.333942e-02 2.350892e-02 -2.984540e-02 9.991132e-01 -2.970038e-02 -2.628138e-01 6.245409e-02 3.151953e-02 9.975500e-01 1.788193e+01
9.974151e-01 2.901702e-02 -6.573493e-02 -1.544681e-02 -3.095569e-02 9.991096e-01 -2.866799e-02 -2.864574e-01 6.484454e-02 3.062876e-02 9.974252e-01 1.854895e+01
9.974195e-01 2.525831e-02 -6.720439e-02 -6.590519e-02 -2.728752e-02 9.991937e-01 -2.944985e-02 -3.059939e-01 6.640635e-02 3.120769e-02 9.973045e-01 1.924384e+01
9.972303e-01 2.600076e-02 -6.968309e-02 -1.171192e-01 -2.815696e-02 9.991490e-01 -3.014129e-02 -3.305787e-01 6.884009e-02 3.201987e-02 9.971137e-01 2.000317e+01
9.971952e-01 2.622350e-02 -7.010099e-02 -1.844149e-01 -2.858457e-02 9.990500e-01 -3.289259e-02 -3.472268e-01 6.917183e-02 3.480414e-02 9.969975e-01 2.072733e+01
9.970968e-01 2.747304e-02 -7.101467e-02 -2.548469e-01 -3.008543e-02 9.988995e-01 -3.598239e-02 -3.675710e-01 6.994797e-02 3.801443e-02 9.968261e-01 2.150140e+01
9.970130e-01 2.824519e-02 -7.188330e-02 -3.197240e-01 -3.071705e-02 9.989660e-01 -3.351702e-02 -4.124183e-01 7.086228e-02 3.562495e-02 9.968497e-01 2.229440e+01
9.969422e-01 2.925105e-02 -7.246197e-02 -3.885455e-01 -3.169008e-02 9.989613e-01 -3.274145e-02 -4.454822e-01 7.142898e-02 3.493765e-02 9.968336e-01 2.311948e+01
9.966953e-01 3.164225e-02 -7.481518e-02 -4.205237e-01 -3.408667e-02 9.989184e-01 -3.162460e-02 -4.800432e-01 7.373358e-02 3.407029e-02 9.966958e-01 2.397628e+01
9.964486e-01 3.552612e-02 -7.634220e-02 -4.635412e-01 -3.826294e-02 9.986654e-01 -3.469054e-02 -5.062158e-01 7.500789e-02 3.748841e-02 9.964780e-01 2.480742e+01
9.963558e-01 3.346916e-02 -7.845325e-02 -4.399458e-01 -3.665052e-02 9.985484e-01 -3.946774e-02 -5.155578e-01 7.701842e-02 4.219927e-02 9.961362e-01 2.518917e+01
9.962302e-01 3.396052e-02 -7.982439e-02 -3.849896e-01 -3.724897e-02 9.985021e-01 -4.007421e-02 -5.242658e-01 7.834388e-02 4.289651e-02 9.960031e-01 2.538550e+01
9.962032e-01 3.162215e-02 -8.111268e-02 -3.379765e-01 -3.479418e-02 9.986719e-01 -3.799549e-02 -5.273567e-01 7.980346e-02 4.067348e-02 9.959804e-01 2.553732e+01
9.960573e-01 3.207855e-02 -8.270895e-02 -2.874931e-01 -3.516820e-02 9.987265e-01 -3.617312e-02 -5.351958e-01 8.144324e-02 3.893922e-02 9.959170e-01 2.567143e+01
9.960573e-01 3.002109e-02 -8.347858e-02 -2.873075e-01 -3.304613e-02 9.988375e-01 -3.509456e-02 -5.350028e-01 8.232795e-02 3.771484e-02 9.958914e-01 2.578594e+01
9.959554e-01 3.224497e-02 -8.386374e-02 -3.073769e-01 -3.534708e-02 9.987347e-01 -3.577165e-02 -5.408846e-01 8.260416e-02 3.859131e-02 9.958349e-01 2.590777e+01
9.961052e-01 2.811572e-02 -8.356994e-02 -3.672978e-01 -3.145386e-02 9.987479e-01 -3.889951e-02 -5.344205e-01 8.237162e-02 4.137661e-02 9.957424e-01 2.595396e+01
9.961519e-01 2.948220e-02 -8.253557e-02 -4.455056e-01 -3.290705e-02 9.986396e-01 -4.044723e-02 -5.421466e-01 8.123083e-02 4.300759e-02 9.957670e-01 2.613908e+01
9.961082e-01 2.979936e-02 -8.294787e-02 -5.330469e-01 -3.347977e-02 9.984993e-01 -4.333844e-02 -5.795435e-01 8.153193e-02 4.594686e-02 9.956111e-01 2.686844e+01
9.961545e-01 2.701776e-02 -8.334363e-02 -5.347883e-01 -3.098008e-02 9.984322e-01 -4.662079e-02 -5.893152e-01 8.195336e-02 4.902350e-02 9.954298e-01 2.697667e+01
9.961683e-01 2.453028e-02 -8.394642e-02 -5.869526e-01 -2.900942e-02 9.981963e-01 -5.256000e-02 -6.224756e-01 8.250570e-02 5.479384e-02 9.950832e-01 2.776550e+01
9.962055e-01 2.247758e-02 -8.407905e-02 -6.562055e-01 -2.722945e-02 9.980704e-01 -5.580375e-02 -6.695148e-01 8.266248e-02 5.788143e-02 9.948953e-01 2.863336e+01
9.961584e-01 2.329326e-02 -8.441561e-02 -6.761784e-01 -2.767663e-02 9.983082e-01 -5.113334e-02 -6.660730e-01 8.308174e-02 5.327324e-02 9.951178e-01 2.867389e+01
9.961922e-01 1.821958e-02 -8.525953e-02 -6.993865e-01 -2.225985e-02 9.986619e-01 -4.667976e-02 -6.558384e-01 8.429495e-02 4.839988e-02 9.952647e-01 2.869270e+01
9.961379e-01 2.205883e-02 -8.498640e-02 -7.118223e-01 -2.599004e-02 9.986293e-01 -4.543153e-02 -6.588897e-01 8.386774e-02 4.746487e-02 9.953458e-01 2.880436e+01
9.962042e-01 2.291671e-02 -8.397608e-02 -7.882977e-01 -2.677845e-02 9.986212e-01 -4.515207e-02 -7.047856e-01 8.282556e-02 4.722943e-02 9.954443e-01 2.956025e+01
9.961918e-01 2.108968e-02 -8.459999e-02 -8.594583e-01 -2.527728e-02 9.984918e-01 -4.873696e-02 -7.559910e-01 8.344454e-02 5.068982e-02 9.952224e-01 3.046729e+01
9.962267e-01 2.086715e-02 -8.424349e-02 -9.361254e-01 -2.533067e-02 9.983118e-01 -5.226711e-02 -8.061933e-01 8.301061e-02 5.420383e-02 9.950734e-01 3.123171e+01
9.961643e-01 2.133168e-02 -8.486223e-02 -1.007642e+00 -2.608932e-02 9.981259e-01 -5.535493e-02 -8.689914e-01 8.352237e-02 5.735661e-02 9.948539e-01 3.204332e+01
9.959534e-01 2.812202e-02 -8.535800e-02 -1.019543e+00 -3.304842e-02 9.978350e-01 -5.686117e-02 -8.708392e-01 8.357415e-02 5.945202e-02 9.947265e-01 3.210077e+01
9.956530e-01 3.792302e-02 -8.507042e-02 -1.027744e+00 -4.245231e-02 9.977402e-01 -5.207975e-02 -8.847042e-01 8.290316e-02 5.546480e-02 9.950129e-01 3.223905e+01
9.954028e-01 4.097407e-02 -8.657032e-02 -1.034817e+00 -4.553413e-02 9.976410e-01 -5.137317e-02 -8.839128e-01 8.426113e-02 5.507890e-02 9.949203e-01 3.234212e+01
9.951259e-01 4.360297e-02 -8.844900e-02 -1.094585e+00 -4.816835e-02 9.975792e-01 -5.015500e-02 -9.306331e-01 8.604798e-02 5.417098e-02 9.948172e-01 3.304905e+01
9.949629e-01 4.222020e-02 -9.091871e-02 -1.142034e+00 -4.694252e-02 9.976231e-01 -5.044311e-02 -9.638528e-01 8.857289e-02 5.445698e-02 9.945800e-01 3.367224e+01
9.946082e-01 4.556863e-02 -9.315564e-02 -1.168867e+00 -5.044546e-02 9.974399e-01 -5.068404e-02 -9.786431e-01 9.060755e-02 5.511004e-02 9.943607e-01 3.411168e+01
9.944715e-01 4.740450e-02 -9.369716e-02 -1.239161e+00 -5.238335e-02 9.973028e-01 -5.141152e-02 -1.019202e+00 9.100730e-02 5.603547e-02 9.942725e-01 3.489959e+01
9.944124e-01 4.666594e-02 -9.469087e-02 -1.313888e+00 -5.165556e-02 9.973647e-01 -5.094435e-02 -1.066230e+00 9.206396e-02 5.555100e-02 9.942024e-01 3.573087e+01
9.940920e-01 4.684999e-02 -9.790875e-02 -1.370151e+00 -5.196352e-02 9.973791e-01 -5.034601e-02 -1.117711e+00 9.529343e-02 5.513626e-02 9.939211e-01 3.652310e+01
9.938214e-01 4.705865e-02 -1.005213e-01 -1.416213e+00 -5.296415e-02 9.969735e-01 -5.691009e-02 -1.147355e+00 9.753895e-02 6.188248e-02 9.933059e-01 3.723314e+01
9.932457e-01 4.749140e-02 -1.058657e-01 -1.426372e+00 -5.397551e-02 9.967830e-01 -5.924795e-02 -1.186075e+00 1.027114e-01 6.456193e-02 9.926138e-01 3.782824e+01
9.929085e-01 4.845596e-02 -1.085579e-01 -1.464222e+00 -5.501672e-02 9.967833e-01 -5.827748e-02 -1.220515e+00 1.053848e-01 6.383670e-02 9.923804e-01 3.834409e+01
9.928351e-01 4.886625e-02 -1.090440e-01 -1.594961e+00 -5.533371e-02 9.968343e-01 -5.709343e-02 -1.274500e+00 1.059089e-01 6.271817e-02 9.923959e-01 3.912366e+01
9.928052e-01 5.191213e-02 -1.079022e-01 -1.725496e+00 -5.811535e-02 9.967847e-01 -5.516113e-02 -1.320030e+00 1.046918e-01 6.103503e-02 9.926300e-01 3.994577e+01
9.924432e-01 5.460647e-02 -1.098847e-01 -1.805017e+00 -6.070741e-02 9.967496e-01 -5.296172e-02 -1.371094e+00 1.066355e-01 5.923232e-02 9.925323e-01 4.076582e+01
9.924831e-01 5.445107e-02 -1.096004e-01 -1.898449e+00 -6.051433e-02 9.967712e-01 -5.277534e-02 -1.425833e+00 1.063729e-01 5.901103e-02 9.925737e-01 4.151625e+01
9.922721e-01 5.534397e-02 -1.110550e-01 -1.976327e+00 -6.189124e-02 9.964882e-01 -5.639854e-02 -1.472055e+00 1.075436e-01 6.283603e-02 9.922127e-01 4.229689e+01
9.920667e-01 5.594638e-02 -1.125770e-01 -2.059451e+00 -6.285733e-02 9.962887e-01 -5.880352e-02 -1.518981e+00 1.088694e-01 6.541331e-02 9.919015e-01 4.306074e+01
9.919209e-01 5.447592e-02 -1.145657e-01 -2.056731e+00 -6.148668e-02 9.963876e-01 -5.857589e-02 -1.528548e+00 1.109609e-01 6.514691e-02 9.916872e-01 4.323294e+01
9.916149e-01 5.468579e-02 -1.170869e-01 -2.062429e+00 -6.169383e-02 9.964612e-01 -5.708797e-02 -1.536964e+00 1.135507e-01 6.383282e-02 9.914795e-01 4.342097e+01
9.916734e-01 5.349975e-02 -1.171397e-01 -2.164366e+00 -6.046795e-02 9.965550e-01 -5.676134e-02 -1.585652e+00 1.136995e-01 6.337190e-02 9.914920e-01 4.421465e+01
9.917352e-01 5.176416e-02 -1.173957e-01 -2.261303e+00 -5.853647e-02 9.967695e-01 -5.499127e-02 -1.636798e+00 1.141699e-01 6.140871e-02 9.915615e-01 4.494280e+01
9.914709e-01 4.792644e-02 -1.211962e-01 -2.282220e+00 -5.486270e-02 9.970024e-01 -5.455618e-02 -1.641552e+00 1.182182e-01 6.074002e-02 9.911282e-01 4.507721e+01
9.911060e-01 4.592020e-02 -1.249013e-01 -2.298027e+00 -5.322026e-02 9.970253e-01 -5.575052e-02 -1.640356e+00 1.219696e-01 6.190195e-02 9.906016e-01 4.520779e+01
9.905147e-01 4.565087e-02 -1.296018e-01 -2.317249e+00 -5.357959e-02 9.968565e-01 -5.836346e-02 -1.629796e+00 1.265300e-01 6.475388e-02 9.898470e-01 4.534426e+01
9.899918e-01 4.329532e-02 -1.343196e-01 -2.339513e+00 -5.148600e-02 9.969813e-01 -5.811577e-02 -1.634630e+00 1.313980e-01 6.444972e-02 9.892324e-01 4.555677e+01
9.892848e-01 4.370816e-02 -1.393028e-01 -2.354909e+00 -5.229056e-02 9.969137e-01 -5.855581e-02 -1.631155e+00 1.363135e-01 6.521259e-02 9.885170e-01 4.573277e+01
9.888758e-01 4.441272e-02 -1.419581e-01 -2.453136e+00 -5.310600e-02 9.969004e-01 -5.804650e-02 -1.677354e+00 1.389401e-01 6.493962e-02 9.881693e-01 4.633710e+01
9.882420e-01 4.708366e-02 -1.454677e-01 -2.480595e+00 -5.603781e-02 9.967379e-01 -5.808055e-02 -1.669553e+00 1.422586e-01 6.554933e-02 9.876567e-01 4.646757e+01
9.876452e-01 4.986934e-02 -1.485596e-01 -2.494075e+00 -5.895246e-02 9.966105e-01 -5.737640e-02 -1.667974e+00 1.451947e-01 6.542549e-02 9.872376e-01 4.657533e+01
9.871892e-01 5.259700e-02 -1.506353e-01 -2.535148e+00 -6.188363e-02 9.964178e-01 -5.763764e-02 -1.673900e+00 1.470642e-01 6.622112e-02 9.869077e-01 4.677982e+01
9.866615e-01 5.386313e-02 -1.536158e-01 -2.556320e+00 -6.359272e-02 9.962221e-01 -5.914005e-02 -1.679179e+00 1.498500e-01 6.812005e-02 9.863593e-01 4.686688e+01
9.861544e-01 5.456291e-02 -1.565962e-01 -2.581242e+00 -6.501278e-02 9.959314e-01 -6.240069e-02 -1.686832e+00 1.525543e-01 7.171747e-02 9.856895e-01 4.693162e+01
9.857515e-01 5.485238e-02 -1.590132e-01 -2.667140e+00 -6.598245e-02 9.956635e-01 -6.557808e-02 -1.730386e+00 1.547265e-01 7.513577e-02 9.850961e-01 4.737658e+01
9.851413e-01 5.637604e-02 -1.622295e-01 -2.763400e+00 -6.843607e-02 9.952154e-01 -6.973395e-02 -1.772192e+00 1.575219e-01 7.980014e-02 9.842860e-01 4.788494e+01
9.848801e-01 5.920798e-02 -1.628052e-01 -2.853523e+00 -7.158308e-02 9.948885e-01 -7.122268e-02 -1.772533e+00 1.577561e-01 8.179989e-02 9.840842e-01 4.797986e+01
9.847943e-01 6.110960e-02 -1.626216e-01 -2.904941e+00 -7.336857e-02 9.948118e-01 -7.047279e-02 -1.787850e+00 1.574713e-01 8.133252e-02 9.841686e-01 4.813895e+01
9.849408e-01 6.437796e-02 -1.604591e-01 -2.959991e+00 -7.630206e-02 9.946744e-01 -6.928809e-02 -1.804964e+00 1.551439e-01 8.048802e-02 9.846076e-01 4.834830e+01
9.855413e-01 6.673647e-02 -1.557387e-01 -2.978324e+00 -7.819209e-02 9.945738e-01 -6.862253e-02 -1.818548e+00 1.503140e-01 7.980788e-02 9.854118e-01 4.853660e+01
9.867375e-01 6.745266e-02 -1.476458e-01 -3.029182e+00 -7.809087e-02 9.946601e-01 -6.747716e-02 -1.838708e+00 1.423059e-01 7.811203e-02 9.867358e-01 4.880326e+01
9.883493e-01 6.780883e-02 -1.362630e-01 -3.104416e+00 -7.752405e-02 9.947165e-01 -6.729839e-02 -1.836700e+00 1.309796e-01 7.707798e-02 9.883842e-01 4.894918e+01
9.898750e-01 6.739425e-02 -1.249216e-01 -3.125941e+00 -7.608688e-02 9.949033e-01 -6.616738e-02 -1.849570e+00 1.198257e-01 7.500234e-02 9.899578e-01 4.907571e+01
9.910741e-01 6.684445e-02 -1.153427e-01 -3.128142e+00 -7.474238e-02 9.950454e-01 -6.556097e-02 -1.881382e+00 1.103888e-01 7.359677e-02 9.911599e-01 4.939994e+01
9.923586e-01 6.785534e-02 -1.030538e-01 -3.079847e+00 -7.510448e-02 9.948428e-01 -6.817012e-02 -1.883813e+00 9.789659e-02 7.538901e-02 9.923370e-01 4.948883e+01
9.936470e-01 6.677938e-02 -9.058728e-02 -3.005195e+00 -7.354023e-02 9.945823e-01 -7.346994e-02 -1.883367e+00 8.519023e-02 7.966501e-02 9.931748e-01 4.955680e+01
9.948049e-01 6.666896e-02 -7.693146e-02 -2.885225e+00 -7.275843e-02 9.941942e-01 -7.927246e-02 -1.890405e+00 7.119980e-02 8.445805e-02 9.938800e-01 4.963535e+01
9.958062e-01 6.397463e-02 -6.540097e-02 -2.649640e+00 -6.941984e-02 9.939862e-01 -8.469000e-02 -1.901146e+00 5.958965e-02 8.887494e-02 9.942587e-01 4.966305e+01
9.971372e-01 6.161623e-02 -4.382792e-02 -2.621850e+00 -6.536773e-02 9.937890e-01 -9.005819e-02 -1.933918e+00 3.800666e-02 9.266531e-02 9.949717e-01 4.993885e+01
9.978207e-01 5.972704e-02 -2.804299e-02 -2.403897e+00 -6.211540e-02 9.936441e-01 -9.387775e-02 -1.946206e+00 2.225771e-02 9.541507e-02 9.951887e-01 5.004655e+01
9.980328e-01 5.750355e-02 -2.497672e-02 -1.944217e+00 -5.963230e-02 9.936821e-01 -9.507850e-02 -1.983080e+00 1.935157e-02 9.638088e-02 9.951564e-01 5.011008e+01
9.982743e-01 5.509911e-02 -2.031321e-02 -1.479187e+00 -5.687359e-02 9.932865e-01 -1.007339e-01 -1.992348e+00 1.462648e-02 1.017153e-01 9.947060e-01 5.015795e+01
9.986473e-01 5.009049e-02 -1.395007e-02 -9.902797e-01 -5.122386e-02 9.938216e-01 -9.846251e-02 -2.050939e+00 8.931844e-03 9.904389e-02 9.950430e-01 5.023071e+01
9.985070e-01 4.861650e-02 2.490542e-02 -9.506301e-01 -4.578686e-02 9.935474e-01 -1.037647e-01 -2.066346e+00 -2.978940e-02 1.024694e-01 9.942900e-01 5.049371e+01
9.965237e-01 4.971903e-02 6.684656e-02 -9.150568e-01 -4.246178e-02 9.934681e-01 -1.059156e-01 -2.110931e+00 -7.167595e-02 1.027090e-01 9.921257e-01 5.080798e+01
9.923943e-01 5.285512e-02 1.111755e-01 -8.546087e-01 -4.050206e-02 9.930421e-01 -1.105761e-01 -2.130169e+00 -1.162465e-01 1.052322e-01 9.876300e-01 5.106019e+01
9.859728e-01 5.289741e-02 1.583020e-01 -8.012494e-01 -3.522717e-02 9.930363e-01 -1.124182e-01 -2.156866e+00 -1.631462e-01 1.052648e-01 9.809703e-01 5.132170e+01
9.766264e-01 5.041318e-02 2.089484e-01 -7.729710e-01 -2.713848e-02 9.932474e-01 -1.127963e-01 -2.191491e+00 -2.132239e-01 1.044893e-01 9.713998e-01 5.159995e+01
9.651863e-01 5.031670e-02 2.566781e-01 -6.844756e-01 -2.099156e-02 9.930583e-01 -1.157350e-01 -2.220180e+00 -2.607197e-01 1.063178e-01 9.595425e-01 5.186886e+01
9.516791e-01 4.899755e-02 3.031601e-01 -5.742114e-01 -1.361612e-02 9.929512e-01 -1.177398e-01 -2.265143e+00 -3.067921e-01 1.079226e-01 9.456381e-01 5.211448e+01
9.355252e-01 4.964394e-02 3.497544e-01 -4.643412e-01 -6.906832e-03 9.924575e-01 -1.223944e-01 -2.295762e+00 -3.531925e-01 1.120874e-01 9.288118e-01 5.235779e+01
9.169577e-01 5.330317e-02 3.954077e-01 -3.284925e-01 -2.553033e-03 9.917993e-01 -1.277796e-01 -2.331015e+00 -3.989762e-01 1.161590e-01 9.095742e-01 5.259188e+01
8.976219e-01 5.867810e-02 4.368431e-01 -1.449523e-01 -1.365292e-03 9.914643e-01 -1.303711e-01 -2.375742e+00 -4.407642e-01 1.164275e-01 8.900402e-01 5.278503e+01
8.757582e-01 6.323477e-02 4.785906e-01 4.495043e-02 4.889750e-03 9.901711e-01 -1.397760e-01 -2.365914e+00 -4.827253e-01 1.247502e-01 8.668412e-01 5.299077e+01
8.504734e-01 6.267832e-02 5.222704e-01 2.303624e-01 1.093939e-02 9.905533e-01 -1.366914e-01 -2.424480e+00 -5.259043e-01 1.219657e-01 8.417535e-01 5.317692e+01
8.228452e-01 5.756262e-02 5.653427e-01 4.256268e-01 2.196350e-02 9.908916e-01 -1.328590e-01 -2.468015e+00 -5.678410e-01 1.217393e-01 8.140861e-01 5.336783e+01
7.926857e-01 5.424973e-02 6.072119e-01 6.325145e-01 2.800287e-02 9.917412e-01 -1.251608e-01 -2.525247e+00 -6.089871e-01 1.162169e-01 7.846199e-01 5.353662e+01
7.600907e-01 5.200566e-02 6.477327e-01 8.772977e-01 3.530888e-02 9.920144e-01 -1.210813e-01 -2.565938e+00 -6.488571e-01 1.149035e-01 7.521846e-01 5.373269e+01
7.272478e-01 4.315984e-02 6.850166e-01 1.138865e+00 6.024668e-02 9.901550e-01 -1.263461e-01 -2.514209e+00 -6.837258e-01 1.331549e-01 7.174879e-01 5.393173e+01
6.881533e-01 3.818898e-02 7.245597e-01 1.355362e+00 7.109524e-02 9.902593e-01 -1.197160e-01 -2.552164e+00 -7.220738e-01 1.338957e-01 6.787351e-01 5.411744e+01
6.474677e-01 3.798621e-02 7.611456e-01 1.578175e+00 7.852118e-02 9.901163e-01 -1.162073e-01 -2.578022e+00 -7.580370e-01 1.350065e-01 6.380856e-01 5.427356e+01
6.056234e-01 4.269743e-02 7.946051e-01 1.818383e+00 8.097005e-02 9.900701e-01 -1.149134e-01 -2.612693e+00 -7.916212e-01 1.339335e-01 5.961524e-01 5.443117e+01
5.642993e-01 4.580327e-02 8.242986e-01 2.068408e+00 9.076761e-02 9.889646e-01 -1.170909e-01 -2.608570e+00 -8.205653e-01 1.408940e-01 5.539147e-01 5.457177e+01
5.248798e-01 4.679443e-02 8.498891e-01 2.342151e+00 9.739994e-02 9.886270e-01 -1.145861e-01 -2.654737e+00 -8.455852e-01 1.429231e-01 5.143526e-01 5.473824e+01
4.900950e-01 4.512758e-02 8.705001e-01 2.668068e+00 1.035355e-01 9.885755e-01 -1.095396e-01 -2.717843e+00 -8.654983e-01 1.438125e-01 4.798236e-01 5.486435e+01
4.619275e-01 4.322388e-02 8.858638e-01 2.964395e+00 1.123038e-01 9.879218e-01 -1.067636e-01 -2.763486e+00 -8.797789e-01 1.488029e-01 4.514940e-01 5.497257e+01
4.360771e-01 4.270634e-02 8.988954e-01 3.267440e+00 1.269814e-01 9.859592e-01 -1.084447e-01 -2.757567e+00 -8.909054e-01 1.614332e-01 4.245313e-01 5.509675e+01
4.127759e-01 4.156210e-02 9.098839e-01 3.603174e+00 1.323530e-01 9.856187e-01 -1.050645e-01 -2.790894e+00 -9.011652e-01 1.637940e-01 4.013388e-01 5.522363e+01
3.912926e-01 4.045149e-02 9.193769e-01 3.928908e+00 1.321941e-01 9.862016e-01 -9.965437e-02 -2.811956e+00 -9.107221e-01 1.605303e-01 3.805460e-01 5.535168e+01
3.687043e-01 3.930148e-02 9.287155e-01 4.228348e+00 1.303998e-01 9.870392e-01 -9.353893e-02 -2.825894e+00 -9.203548e-01 1.555925e-01 3.588007e-01 5.546720e+01
3.486825e-01 3.489377e-02 9.365911e-01 4.597124e+00 1.392455e-01 9.862877e-01 -8.858486e-02 -2.853311e+00 -9.268394e-01 1.613041e-01 3.390424e-01 5.560033e+01
3.302803e-01 3.150664e-02 9.433569e-01 4.921280e+00 1.531842e-01 9.844038e-01 -8.650912e-02 -2.879901e+00 -9.313697e-01 1.730796e-01 3.203028e-01 5.570512e+01
3.138000e-01 3.426455e-02 9.488707e-01 5.170847e+00 1.529353e-01 9.844759e-01 -8.612738e-02 -2.917829e+00 -9.370914e-01 1.721426e-01 3.036883e-01 5.576535e+01
3.006633e-01 3.929697e-02 9.529204e-01 5.338699e+00 1.568778e-01 9.835036e-01 -9.005590e-02 -2.908898e+00 -9.407396e-01 1.765686e-01 2.895386e-01 5.583075e+01
2.905539e-01 4.599613e-02 9.557525e-01 5.420051e+00 1.501451e-01 9.842789e-01 -9.301390e-02 -2.927528e+00 -9.450052e-01 1.705271e-01 2.790799e-01 5.586264e+01
2.842350e-01 4.579000e-02 9.576606e-01 5.586314e+00 1.535355e-01 9.837939e-01 -9.260912e-02 -2.922069e+00 -9.463812e-01 1.733577e-01 2.725983e-01 5.591614e+01
2.809739e-01 4.205034e-02 9.587937e-01 5.938440e+00 1.581081e-01 9.833608e-01 -8.946127e-02 -2.950672e+00 -9.466020e-01 1.767293e-01 2.696503e-01 5.602202e+01
2.803410e-01 4.103922e-02 9.590228e-01 6.253302e+00 1.597389e-01 9.831601e-01 -8.876692e-02 -2.975286e+00 -9.465160e-01 1.780783e-01 2.690645e-01 5.612183e+01
2.800327e-01 4.309460e-02 9.590227e-01 6.434049e+00 1.524318e-01 9.843219e-01 -8.874122e-02 -3.003618e+00 -9.478113e-01 1.710360e-01 2.690733e-01 5.619019e+01
2.799083e-01 4.599863e-02 9.589241e-01 6.681752e+00 1.471358e-01 9.849951e-01 -9.019790e-02 -3.025800e+00 -9.486845e-01 1.663392e-01 2.689402e-01 5.628438e+01
2.796482e-01 4.897763e-02 9.588525e-01 6.875237e+00 1.437288e-01 9.853083e-01 -9.224731e-02 -3.054231e+00 -9.492834e-01 1.636115e-01 2.685002e-01 5.638122e+01
2.803936e-01 5.118674e-02 9.585193e-01 7.239464e+00 1.458469e-01 9.847112e-01 -9.524971e-02 -3.057624e+00 -9.487402e-01 1.665045e-01 2.686413e-01 5.650280e+01
2.795758e-01 5.229760e-02 9.586983e-01 7.501873e+00 1.457757e-01 9.846271e-01 -9.622318e-02 -3.078268e+00 -9.489926e-01 1.666566e-01 2.676541e-01 5.661169e+01
2.787370e-01 5.244545e-02 9.589344e-01 7.825002e+00 1.433685e-01 9.850463e-01 -9.554699e-02 -3.117163e+00 -9.496058e-01 1.641134e-01 2.670498e-01 5.673845e+01
2.771056e-01 5.290870e-02 9.593816e-01 8.173988e+00 1.442076e-01 9.848830e-01 -9.596766e-02 -3.147943e+00 -9.499561e-01 1.649433e-01 2.652867e-01 5.687220e+01
2.734309e-01 5.306537e-02 9.604269e-01 8.603645e+00 1.420178e-01 9.853072e-01 -9.487217e-02 -3.191436e+00 -9.513499e-01 1.623387e-01 2.618772e-01 5.703719e+01
2.702606e-01 5.375708e-02 9.612854e-01 9.048225e+00 1.401294e-01 9.856119e-01 -9.451419e-02 -3.230358e+00 -9.525351e-01 1.602478e-01 2.588392e-01 5.719007e+01
2.678666e-01 5.534539e-02 9.618651e-01 9.723389e+00 1.393983e-01 9.856174e-01 -9.553268e-02 -3.283739e+00 -9.533183e-01 1.596723e-01 2.562989e-01 5.738768e+01
2.671223e-01 5.376383e-02 9.621617e-01 9.949260e+00 1.436106e-01 9.850722e-01 -9.491424e-02 -3.293318e+00 -9.529018e-01 1.635303e-01 2.554137e-01 5.746692e+01
2.633801e-01 5.529808e-02 9.631061e-01 1.021217e+01 1.417248e-01 9.853052e-01 -9.533010e-02 -3.306334e+00 -9.542249e-01 1.616040e-01 2.516726e-01 5.757222e+01
2.590896e-01 5.692625e-02 9.641743e-01 1.071384e+01 1.376042e-01 9.859030e-01 -9.518569e-02 -3.355795e+00 -9.560009e-01 1.573360e-01 2.476040e-01 5.773004e+01
2.552688e-01 6.603238e-02 9.646128e-01 1.107489e+01 1.323771e-01 9.858834e-01 -1.025199e-01 -3.368733e+00 -9.577653e-01 1.538627e-01 2.429241e-01 5.786692e+01
2.521517e-01 7.386043e-02 9.648649e-01 1.146065e+01 1.326097e-01 9.850388e-01 -1.100601e-01 -3.385540e+00 -9.585584e-01 1.557023e-01 2.385846e-01 5.799691e+01
2.483436e-01 7.985891e-02 9.653745e-01 1.184993e+01 1.319490e-01 9.845179e-01 -1.153865e-01 -3.398874e+00 -9.596431e-01 1.560357e-01 2.339614e-01 5.811931e+01
2.428347e-01 8.210556e-02 9.665869e-01 1.226788e+01 1.253507e-01 9.854020e-01 -1.151955e-01 -3.436015e+00 -9.619349e-01 1.491358e-01 2.289978e-01 5.826586e+01
2.393222e-01 8.153959e-02 9.675103e-01 1.257167e+01 1.219223e-01 9.860562e-01 -1.132612e-01 -3.457403e+00 -9.632548e-01 1.450670e-01 2.260436e-01 5.836857e+01
2.361627e-01 7.892920e-02 9.685026e-01 1.298442e+01 1.196001e-01 9.867563e-01 -1.095805e-01 -3.500589e+00 -9.643251e-01 1.417119e-01 2.235951e-01 5.849714e+01
2.328949e-01 7.706679e-02 9.694435e-01 1.317855e+01 1.124571e-01 9.880335e-01 -1.055608e-01 -3.519906e+00 -9.659779e-01 1.336054e-01 2.214413e-01 5.858269e+01
2.301745e-01 7.877152e-02 9.699560e-01 1.354402e+01 1.090360e-01 9.883549e-01 -1.061404e-01 -3.556678e+00 -9.670216e-01 1.301909e-01 2.189052e-01 5.870133e+01
2.269633e-01 8.804286e-02 9.699156e-01 1.399520e+01 1.079553e-01 9.874936e-01 -1.149004e-01 -3.603460e+00 -9.679016e-01 1.307857e-01 2.146201e-01 5.883731e+01
2.281231e-01 1.006420e-01 9.684169e-01 1.451492e+01 1.079922e-01 9.858905e-01 -1.278969e-01 -3.652111e+00 -9.676248e-01 1.337577e-01 2.140359e-01 5.894972e+01
2.258176e-01 1.079064e-01 9.681749e-01 1.499859e+01 1.074898e-01 9.850179e-01 -1.348545e-01 -3.700183e+00 -9.682213e-01 1.345214e-01 2.108356e-01 5.908267e+01
2.242295e-01 1.047607e-01 9.688894e-01 1.538491e+01 1.077236e-01 9.854482e-01 -1.314815e-01 -3.746278e+00 -9.685644e-01 1.338543e-01 2.096813e-01 5.919967e+01
2.270242e-01 9.436624e-02 9.693065e-01 1.599281e+01 1.153072e-01 9.856892e-01 -1.229676e-01 -3.843320e+00 -9.670389e-01 1.396846e-01 2.128942e-01 5.932639e+01
2.259719e-01 9.332829e-02 9.696529e-01 1.647484e+01 1.113622e-01 9.863992e-01 -1.208924e-01 -3.916146e+00 -9.677476e-01 1.353010e-01 2.125052e-01 5.944982e+01
2.261286e-01 9.502315e-02 9.694516e-01 1.698956e+01 1.126331e-01 9.860046e-01 -1.229178e-01 -3.981401e+00 -9.675637e-01 1.369875e-01 2.122611e-01 5.957675e+01
2.233390e-01 9.952175e-02 9.696469e-01 1.738351e+01 1.072715e-01 9.862222e-01 -1.259309e-01 -4.026349e+00 -9.688202e-01 1.321408e-01 2.095860e-01 5.968959e+01
2.205051e-01 1.017676e-01 9.700623e-01 1.783461e+01 1.073050e-01 9.859744e-01 -1.278284e-01 -4.083180e+00 -9.694654e-01 1.322794e-01 2.064922e-01 5.981429e+01
2.177051e-01 1.023931e-01 9.706288e-01 1.832103e+01 1.075542e-01 9.859083e-01 -1.281286e-01 -4.151074e+00 -9.700704e-01 1.322895e-01 2.036244e-01 5.993747e+01
2.148980e-01 1.052180e-01 9.709522e-01 1.862724e+01 1.065677e-01 9.857170e-01 -1.304043e-01 -4.185071e+00 -9.708049e-01 1.314957e-01 2.006158e-01 6.002182e+01
2.127803e-01 1.061047e-01 9.713219e-01 1.907822e+01 1.075158e-01 9.855075e-01 -1.312070e-01 -4.252651e+00 -9.711667e-01 1.323508e-01 1.982887e-01 6.013674e+01
2.092954e-01 1.069281e-01 9.719886e-01 1.958922e+01 1.048362e-01 9.858205e-01 -1.310238e-01 -4.324262e+00 -9.722164e-01 1.293223e-01 1.951178e-01 6.026595e+01
2.064215e-01 1.067969e-01 9.726175e-01 2.009445e+01 1.046674e-01 9.859118e-01 -1.304706e-01 -4.398385e+00 -9.728490e-01 1.287333e-01 1.923352e-01 6.037857e+01
2.042544e-01 1.069568e-01 9.730573e-01 2.057667e+01 1.075445e-01 9.855447e-01 -1.309041e-01 -4.468616e+00 -9.729925e-01 1.313847e-01 1.897992e-01 6.047809e+01
2.011642e-01 1.087200e-01 9.735055e-01 2.108603e+01 1.072311e-01 9.854049e-01 -1.322070e-01 -4.546119e+00 -9.736706e-01 1.309854e-01 1.865701e-01 6.059681e+01
1.977178e-01 1.116344e-01 9.738817e-01 2.147509e+01 1.064014e-01 9.851803e-01 -1.345312e-01 -4.594227e+00 -9.744673e-01 1.302216e-01 1.829096e-01 6.071723e+01
1.945292e-01 1.139628e-01 9.742541e-01 2.187092e+01 1.116391e-01 9.842018e-01 -1.374174e-01 -4.625371e+00 -9.745231e-01 1.354965e-01 1.787332e-01 6.082425e+01
1.902584e-01 1.158943e-01 9.748694e-01 2.229991e+01 1.110148e-01 9.840985e-01 -1.386574e-01 -4.681438e+00 -9.754370e-01 1.346057e-01 1.743671e-01 6.094713e+01
1.873019e-01 1.172393e-01 9.752809e-01 2.281336e+01 1.108882e-01 9.839821e-01 -1.395813e-01 -4.750676e+00 -9.760234e-01 1.342910e-01 1.713012e-01 6.106360e+01
1.815575e-01 1.212726e-01 9.758739e-01 2.324882e+01 1.066922e-01 9.840795e-01 -1.421420e-01 -4.802550e+00 -9.775754e-01 1.299251e-01 1.657282e-01 6.119129e+01
1.788729e-01 1.231272e-01 9.761373e-01 2.371292e+01 1.086098e-01 9.836037e-01 -1.439712e-01 -4.860158e+00 -9.778591e-01 1.317706e-01 1.625672e-01 6.130295e+01
1.769591e-01 1.231370e-01 9.764850e-01 2.420771e+01 1.083099e-01 9.836804e-01 -1.436724e-01 -4.944821e+00 -9.782406e-01 1.311872e-01 1.607342e-01 6.139976e+01
1.730265e-01 1.292525e-01 9.763993e-01 2.458179e+01 1.092032e-01 9.827217e-01 -1.494412e-01 -4.987791e+00 -9.788445e-01 1.324832e-01 1.559221e-01 6.150861e+01
1.732532e-01 1.377463e-01 9.751970e-01 2.496325e+01 1.157601e-01 9.804596e-01 -1.590555e-01 -5.000383e+00 -9.780505e-01 1.404457e-01 1.539223e-01 6.159496e+01
1.701244e-01 1.449560e-01 9.747027e-01 2.531815e+01 1.132564e-01 9.796908e-01 -1.654656e-01 -5.023336e+00 -9.788926e-01 1.385411e-01 1.502521e-01 6.167915e+01
1.664338e-01 1.508523e-01 9.744453e-01 2.570002e+01 1.173980e-01 9.781678e-01 -1.714800e-01 -5.053820e+00 -9.790392e-01 1.429380e-01 1.450903e-01 6.178093e+01
1.617669e-01 1.550476e-01 9.745726e-01 2.610188e+01 1.210940e-01 9.769976e-01 -1.755335e-01 -5.088452e+00 -9.793711e-01 1.464103e-01 1.392705e-01 6.187837e+01
1.573323e-01 1.571805e-01 9.749568e-01 2.642079e+01 1.221387e-01 9.765754e-01 -1.771514e-01 -5.131526e+00 -9.799636e-01 1.469516e-01 1.344490e-01 6.197212e+01
1.514757e-01 1.598976e-01 9.754424e-01 2.650257e+01 1.085673e-01 9.781677e-01 -1.772037e-01 -5.155256e+00 -9.824807e-01 1.327432e-01 1.308089e-01 6.204147e+01
1.466802e-01 1.636966e-01 9.755452e-01 2.663281e+01 1.019794e-01 9.784546e-01 -1.795181e-01 -5.170627e+00 -9.839132e-01 1.258173e-01 1.268262e-01 6.210273e+01
1.427280e-01 1.632972e-01 9.761983e-01 2.676152e+01 1.029942e-01 9.784909e-01 -1.787393e-01 -5.198637e+00 -9.843887e-01 1.260539e-01 1.228395e-01 6.221317e+01
1.363823e-01 1.637102e-01 9.770357e-01 2.693213e+01 9.950825e-02 9.789991e-01 -1.779294e-01 -5.235984e+00 -9.856459e-01 1.214895e-01 1.172277e-01 6.230103e+01
1.261368e-01 1.649164e-01 9.782087e-01 2.709483e+01 8.491191e-02 9.806708e-01 -1.762806e-01 -5.284526e+00 -9.883721e-01 1.052970e-01 1.096953e-01 6.238874e+01
1.179444e-01 1.675713e-01 9.787794e-01 2.728145e+01 8.241510e-02 9.806067e-01 -1.778153e-01 -5.314229e+00 -9.895944e-01 1.016385e-01 1.018466e-01 6.245682e+01
1.102664e-01 1.718992e-01 9.789239e-01 2.747120e+01 8.362252e-02 9.798331e-01 -1.814781e-01 -5.346531e+00 -9.903780e-01 1.018710e-01 9.366804e-02 6.251287e+01
9.985852e-02 1.762853e-01 9.792608e-01 2.786788e+01 8.745109e-02 9.788165e-01 -1.851230e-01 -5.407895e+00 -9.911511e-01 1.041235e-01 8.232683e-02 6.258393e+01
9.146255e-02 1.778502e-01 9.797980e-01 2.833855e+01 8.831427e-02 9.785963e-01 -1.858760e-01 -5.501193e+00 -9.918848e-01 1.035309e-01 7.379818e-02 6.263298e+01
8.272946e-02 1.792908e-01 9.803115e-01 2.865988e+01 8.773737e-02 9.785535e-01 -1.863735e-01 -5.557288e+00 -9.927023e-01 1.014285e-01 6.522471e-02 6.269057e+01
7.570910e-02 1.796159e-01 9.808193e-01 2.897288e+01 9.767005e-02 9.775764e-01 -1.865611e-01 -5.614585e+00 -9.923351e-01 1.099211e-01 5.646837e-02 6.274498e+01
7.187712e-02 1.817772e-01 9.807094e-01 2.943826e+01 1.001613e-01 9.769667e-01 -1.884245e-01 -5.693465e+00 -9.923717e-01 1.117725e-01 5.201453e-02 6.277982e+01
6.564212e-02 1.839928e-01 9.807333e-01 2.983552e+01 1.006404e-01 9.766206e-01 -1.899572e-01 -5.755320e+00 -9.927551e-01 1.111706e-01 4.559034e-02 6.282320e+01
6.244761e-02 1.804264e-01 9.816041e-01 3.034878e+01 1.010243e-01 9.773295e-01 -1.860677e-01 -5.857687e+00 -9.929222e-01 1.107854e-01 4.280442e-02 6.285348e+01
6.201899e-02 1.780921e-01 9.820575e-01 3.082412e+01 1.046708e-01 9.773652e-01 -1.838514e-01 -5.944702e+00 -9.925712e-01 1.141950e-01 4.197413e-02 6.287893e+01
5.786365e-02 1.790532e-01 9.821363e-01 3.122796e+01 9.671737e-02 9.781516e-01 -1.840250e-01 -6.012698e+00 -9.936285e-01 1.056380e-01 3.928185e-02 6.291707e+01
5.614924e-02 1.791530e-01 9.822176e-01 3.175619e+01 9.617861e-02 9.782240e-01 -1.839227e-01 -6.114663e+00 -9.937791e-01 1.047954e-01 3.769583e-02 6.294720e+01
5.668032e-02 1.862513e-01 9.808658e-01 3.218109e+01 1.005651e-01 9.763836e-01 -1.912114e-01 -6.177721e+00 -9.933146e-01 1.094788e-01 3.661132e-02 6.297572e+01
5.913430e-02 1.903800e-01 9.799278e-01 3.268358e+01 1.102615e-01 9.743935e-01 -1.959586e-01 -6.272408e+00 -9.921419e-01 1.196362e-01 3.662848e-02 6.299176e+01
6.062543e-02 1.954461e-01 9.788388e-01 3.319255e+01 1.196864e-01 9.721440e-01 -2.015222e-01 -6.367979e+00 -9.909590e-01 1.293711e-01 3.554440e-02 6.300801e+01
6.129038e-02 1.995373e-01 9.779716e-01 3.370254e+01 1.229635e-01 9.708404e-01 -2.057885e-01 -6.457761e+00 -9.905168e-01 1.328676e-01 3.496736e-02 6.303338e+01
6.112766e-02 2.027193e-01 9.773271e-01 3.411004e+01 1.248533e-01 9.699147e-01 -2.089908e-01 -6.514501e+00 -9.902904e-01 1.347977e-01 3.397846e-02 6.307200e+01
5.968100e-02 1.999444e-01 9.779879e-01 3.458912e+01 1.268049e-01 9.702786e-01 -2.061065e-01 -6.605780e+00 -9.901307e-01 1.363143e-01 3.255326e-02 6.311280e+01
6.336111e-02 2.011504e-01 9.775090e-01 3.467664e+01 1.321278e-01 9.691642e-01 -2.079976e-01 -6.602730e+00 -9.892055e-01 1.423351e-01 3.482974e-02 6.311440e+01
6.387508e-02 2.032117e-01 9.770493e-01 3.493094e+01 1.391705e-01 9.676677e-01 -2.103588e-01 -6.630793e+00 -9.882064e-01 1.494131e-01 3.352880e-02 6.313342e+01
6.451637e-02 2.081208e-01 9.759731e-01 3.518024e+01 1.440394e-01 9.658269e-01 -2.154789e-01 -6.644741e+00 -9.874666e-01 1.544805e-01 3.233403e-02 6.315257e+01
6.416637e-02 2.141659e-01 9.746875e-01 3.549240e+01 1.559188e-01 9.625539e-01 -2.217644e-01 -6.666973e+00 -9.856836e-01 1.662020e-01 2.837110e-02 6.317859e+01
6.153893e-02 2.172351e-01 9.741775e-01 3.588928e+01 1.592646e-01 9.613845e-01 -2.244431e-01 -6.736898e+00 -9.853161e-01 1.689640e-01 2.456468e-02 6.320577e+01
6.327307e-02 2.227518e-01 9.728197e-01 3.627056e+01 1.753281e-01 9.571315e-01 -2.305631e-01 -6.766737e+00 -9.824747e-01 1.851511e-01 2.150595e-02 6.322658e+01
5.892640e-02 2.253218e-01 9.725009e-01 3.651521e+01 1.731343e-01 9.571231e-01 -2.322496e-01 -6.806000e+00 -9.831339e-01 1.820589e-01 1.738888e-02 6.326375e+01
5.572242e-02 2.276197e-01 9.721546e-01 3.704580e+01 1.715629e-01 9.570028e-01 -2.339059e-01 -6.927051e+00 -9.835961e-01 1.798195e-01 1.427537e-02 6.328596e+01
5.501074e-02 2.317819e-01 9.712111e-01 3.749641e+01 1.720859e-01 9.559282e-01 -2.378818e-01 -7.021197e+00 -9.835448e-01 1.802178e-01 1.269990e-02 6.331156e+01
5.272120e-02 2.330497e-01 9.710346e-01 3.808893e+01 1.712857e-01 9.558657e-01 -2.387089e-01 -7.158458e+00 -9.838098e-01 1.789094e-01 1.047629e-02 6.333839e+01
5.227292e-02 2.360164e-01 9.703421e-01 3.858238e+01 1.742447e-01 9.546096e-01 -2.415765e-01 -7.260586e+00 -9.833140e-01 1.817049e-01 8.775592e-03 6.335481e+01
5.034226e-02 2.353210e-01 9.706130e-01 3.910104e+01 1.721608e-01 9.552527e-01 -2.405263e-01 -7.384560e+00 -9.837816e-01 1.792102e-01 7.576466e-03 6.337025e+01
4.995382e-02 2.372090e-01 9.701735e-01 3.938663e+01 1.709473e-01 9.550208e-01 -2.423061e-01 -7.428829e+00 -9.840130e-01 1.779527e-01 7.156670e-03 6.337745e+01
4.796362e-02 2.403364e-01 9.695039e-01 3.965345e+01 1.706712e-01 9.543751e-01 -2.450295e-01 -7.469788e+00 -9.841600e-01 1.772189e-01 4.756808e-03 6.339861e+01
4.715663e-02 2.423567e-01 9.690405e-01 4.013384e+01 1.740960e-01 9.532773e-01 -2.468864e-01 -7.557711e+00 -9.835989e-01 1.803484e-01 2.759993e-03 6.340719e+01
4.200238e-02 2.482507e-01 9.677848e-01 4.029685e+01 1.711080e-01 9.525416e-01 -2.517668e-01 -7.564020e+00 -9.843566e-01 1.761705e-01 -2.468586e-03 6.343653e+01
