9.999685e-01 1.495293e-03 7.790783e-03 -1.477646e-01 -1.501499e-03 9.999986e-01 7.906991e-04 6.024285e-03 -7.789590e-03 -8.023721e-04 9.999694e-01 -2.864752e-01
9.999964e-01 4.877299e-04 2.641577e-03 -7.789717e-02 -4.859337e-04 9.999996e-01 -6.805595e-04 3.379320e-03 -2.641908e-03 6.792734e-04 9.999963e-01 6.976590e-02
9.999970e-01 1.726095e-03 -1.740787e-03 -7.806196e-03 -1.730247e-03 9.999956e-01 -2.386447e-03 -2.384468e-03 1.736661e-03 2.389451e-03 9.999956e-01 4.135130e-01
9.999905e-01 3.477727e-04 -4.333902e-03 -5.944931e-03 -3.664492e-04 9.999906e-01 -4.309332e-03 -7.424077e-03 4.332363e-03 4.310879e-03 9.999813e-01 7.885059e-01
9.999340e-01 -4.520604e-05 -1.148960e-02 9.645761e-02 -3.019897e-05 9.999785e-01 -6.562635e-03 -1.204127e-02 1.148965e-02 6.562549e-03 9.999124e-01 1.199601e+00
9.998991e-01 -9.158434e-04 -1.417663e-02 1.183888e-01 7.841566e-04 9.999565e-01 -9.291778e-03 -1.206151e-02 1.418452e-02 9.279723e-03 9.998564e-01 1.558136e+00
9.998181e-01 -1.127633e-03 -1.904129e-02 1.842613e-01 9.216008e-04 9.999410e-01 -1.082561e-02 -1.497667e-02 1.905237e-02 1.080609e-02 9.997601e-01 1.876758e+00
9.997682e-01 -2.560760e-03 -2.137681e-02 1.941769e-01 2.359818e-03 9.999529e-01 -9.419939e-03 -3.172471e-02 2.139993e-02 9.367310e-03 9.997271e-01 2.297842e+00
9.997565e-01 -3.901777e-03 -2.171954e-02 1.572354e-01 3.672053e-03 9.999370e-01 -1.060668e-02 -3.434581e-02 2.175955e-02 1.052434e-02 9.997078e-01 2.714964e+00
9.997763e-01 -3.764705e-03 -2.081356e-02 1.020264e-01 3.459266e-03 9.998861e-01 -1.469158e-02 -3.811581e-02 2.086650e-02 1.461629e-02 9.996755e-01 3.165524e+00
9.996961e-01 -2.973550e-03 -2.447365e-02 1.239073e-01 2.537227e-03 9.998376e-01 -1.784005e-02 -5.302752e-02 2.452273e-02 1.777253e-02 9.995413e-01 3.562491e+00
9.996175e-01 -1.895090e-03 -2.759282e-02 1.319548e-01 1.320774e-03 9.997824e-01 -2.081733e-02 -6.803733e-02 2.762627e-02 2.077292e-02 9.994025e-01 3.983891e+00
9.996312e-01 7.605275e-04 -2.714556e-02 9.206364e-02 -1.323218e-03 9.997845e-01 -2.071668e-02 -7.632061e-02 2.712396e-02 2.074496e-02 9.994168e-01 4.464852e+00
9.995227e-01 4.126134e-03 -3.061432e-02 9.117851e-02 -4.609918e-03 9.998654e-01 -1.574880e-02 -7.554405e-02 3.054522e-02 1.588241e-02 9.994072e-01 4.896667e+00
9.995021e-01 6.297650e-03 -3.091768e-02 6.791402e-02 -6.514938e-03 9.999548e-01 -6.932233e-03 -7.507885e-02 3.087263e-02 7.130208e-03 9.994979e-01 5.369128e+00
9.993144e-01 1.789585e-02 -3.241187e-02 6.719699e-02 -1.804626e-02 9.998277e-01 -4.354083e-03 -3.745082e-02 3.232836e-02 4.936011e-03 9.994651e-01 5.798588e+00
9.991789e-01 2.020285e-02 -3.511988e-02 5.954981e-02 -2.043502e-02 9.997715e-01 -6.264374e-03 -4.541605e-02 3.498529e-02 6.976906e-03 9.993635e-01 6.255826e+00
9.990214e-01 2.280235e-02 -3.789864e-02 5.201177e-02 -2.341285e-02 9.996019e-01 -1.574383e-02 -3.559803e-02 3.752455e-02 1.661574e-02 9.991575e-01 6.733236e+00
9.989713e-01 2.129873e-02 -4.003373e-02 4.764905e-02 -2.218747e-02 9.995142e-01 -2.188813e-02 -3.672146e-02 3.954810e-02 2.275386e-02 9.989586e-01 7.232228e+00
9.989167e-01 2.055909e-02 -4.174479e-02 3.715705e-02 -2.148193e-02 9.995320e-01 -2.177995e-02 -3.302833e-02 4.127748e-02 2.265311e-02 9.988909e-01 7.695827e+00
9.989257e-01 2.087405e-02 -4.137352e-02 1.654058e-02 -2.145636e-02 9.996762e-01 -1.368063e-02 -4.172505e-02 4.107455e-02 1.455366e-02 9.990501e-01 8.223866e+00
9.989212e-01 2.054642e-02 -4.164536e-02 -7.887421e-03 -2.083997e-02 9.997609e-01 -6.626993e-03 -5.707011e-02 4.149924e-02 7.487732e-03 9.991105e-01 8.834229e+00
9.989265e-01 1.836696e-02 -4.252693e-02 -2.765939e-02 -1.861677e-02 9.998116e-01 -5.485518e-03 -5.837283e-02 4.241817e-02 6.271344e-03 9.990802e-01 9.310821e+00
9.989681e-01 1.820124e-02 -4.161064e-02 -5.958181e-02 -1.851984e-02 9.998019e-01 -7.284168e-03 -6.146263e-02 4.146982e-02 8.047274e-03 9.991074e-01 9.873136e+00
9.989616e-01 1.791183e-02 -4.189231e-02 -7.698006e-02 -1.831869e-02 9.997885e-01 -9.348419e-03 -7.539399e-02 4.171601e-02 1.010612e-02 9.990784e-01 1.049181e+01
9.989882e-01 1.760750e-02 -4.138406e-02 -1.082514e-01 -1.825381e-02 9.997165e-01 -1.529158e-02 -7.233521e-02 4.110308e-02 1.603152e-02 9.990263e-01 1.108334e+01
9.990621e-01 1.436202e-02 -4.084861e-02 -1.301143e-01 -1.519949e-02 9.996791e-01 -2.026569e-02 -9.046518e-02 4.054445e-02 2.086756e-02 9.989598e-01 1.164590e+01
9.991555e-01 1.119515e-02 -3.953484e-02 -1.516943e-01 -1.227977e-02 9.995519e-01 -2.729897e-02 -1.007936e-01 3.921151e-02 2.776139e-02 9.988452e-01 1.218706e+01
9.991451e-01 1.387923e-02 -3.894193e-02 -1.727114e-01 -1.512891e-02 9.993740e-01 -3.198180e-02 -1.250058e-01 3.847366e-02 3.254361e-02 9.987295e-01 1.285729e+01
9.990717e-01 1.424826e-02 -4.065502e-02 -1.953441e-01 -1.572942e-02 9.992154e-01 -3.634813e-02 -1.300602e-01 4.010523e-02 3.695387e-02 9.985119e-01 1.355087e+01
9.990584e-01 1.440295e-02 -4.092643e-02 -2.250682e-01 -1.585338e-02 9.992496e-01 -3.533924e-02 -1.656237e-01 4.038673e-02 3.595478e-02 9.985370e-01 1.420593e+01
9.989783e-01 1.807380e-02 -4.142092e-02 -2.456918e-01 -1.961643e-02 9.991174e-01 -3.714388e-02 -1.965099e-01 4.071303e-02 3.791846e-02 9.984511e-01 1.486974e+01
9.989555e-01 2.114682e-02 -4.050509e-02 -2.897194e-01 -2.272335e-02 9.989861e-01 -3.886515e-02 -2.290215e-01 3.964215e-02 3.974497e-02 9.984232e-01 1.555403e+01
9.988850e-01 2.359108e-02 -4.089209e-02 -3.297612e-01 -2.526486e-02 9.988434e-01 -4.091021e-02 -2.540572e-01 3.987967e-02 4.189773e-02 9.983257e-01 1.621117e+01
9.988695e-01 2.443215e-02 -4.077762e-02 -3.764755e-01 -2.624063e-02 9.986683e-01 -4.442022e-02 -2.680969e-01 3.963804e-02 4.544003e-02 9.981803e-01 1.691508e+01
9.988228e-01 2.550726e-02 -4.126002e-02 -4.016961e-01 -2.736273e-02 9.986100e-01 -4.504881e-02 -3.047868e-01 4.005360e-02 4.612477e-02 9.981323e-01 1.760728e+01
9.988161e-01 2.692917e-02 -4.051302e-02 -4.410155e-01 -2.876873e-02 9.985486e-01 -4.553066e-02 -3.418136e-01 3.922812e-02 4.664226e-02 9.981411e-01 1.836064e+01
9.987136e-01 2.838626e-02 -4.201711e-02 -4.760854e-01 -3.032995e-02 9.984638e-01 -4.636872e-02 -3.722353e-01 4.063633e-02 4.758345e-02 9.980403e-01 1.907350e+01
9.986224e-01 2.976575e-02 -4.321376e-02 -5.093783e-01 -3.167344e-02 9.985226e-01 -4.415318e-02 -4.155820e-01 4.183566e-02 4.546108e-02 9.980897e-01 1.979615e+01
9.984254e-01 3.124928e-02 -4.658500e-02 -5.024124e-01 -3.318382e-02 9.985936e-01 -4.134894e-02 -4.693741e-01 4.522736e-02 4.282970e-02 9.980581e-01 2.049745e+01
9.984196e-01 3.100760e-02 -4.686967e-02 -5.554773e-01 -3.317005e-02 9.983866e-01 -4.608638e-02 -4.872974e-01 4.536502e-02 4.756821e-02 9.978373e-01 2.130074e+01
9.983093e-01 3.255789e-02 -4.815054e-02 -5.976113e-01 -3.481550e-02 9.982966e-01 -4.681571e-02 -5.306820e-01 4.654430e-02 4.841295e-02 9.977424e-01 2.202802e+01
9.982988e-01 3.114751e-02 -4.928925e-02 -6.485500e-01 -3.353234e-02 9.982688e-01 -4.832096e-02 -5.608422e-01 4.769884e-02 4.989154e-02 9.976150e-01 2.276859e+01
9.983192e-01 2.958436e-02 -4.983444e-02 -7.025266e-01 -3.185125e-02 9.984643e-01 -4.532594e-02 -6.075459e-01 4.841697e-02 4.683705e-02 9.977285e-01 2.352083e+01
9.982614e-01 2.864780e-02 -5.151235e-02 -7.518601e-01 -3.089179e-02 9.985841e-01 -4.330703e-02 -6.433752e-01 5.019876e-02 4.482305e-02 9.977329e-01 2.432730e+01
9.982136e-01 2.835008e-02 -5.259213e-02 -8.035539e-01 -3.056673e-02 9.986569e-01 -4.183362e-02 -6.848754e-01 5.133551e-02 4.336646e-02 9.977394e-01 2.506488e+01
9.980580e-01 2.910429e-02 -5.507519e-02 -8.436481e-01 -3.146626e-02 9.986001e-01 -4.251653e-02 -7.188886e-01 5.376069e-02 4.416697e-02 9.975766e-01 2.582451e+01
9.980131e-01 2.773560e-02 -5.657452e-02 -8.938739e-01 -3.034659e-02 9.984884e-01 -4.582662e-02 -7.466531e-01 5.521797e-02 4.745241e-02 9.973461e-01 2.654790e+01
9.979237e-01 2.902851e-02 -5.749368e-02 -9.537970e-01 -3.185736e-02 9.982948e-01 -4.891314e-02 -7.770260e-01 5.597577e-02 5.064318e-02 9.971469e-01 2.732253e+01
9.977845e-01 3.105597e-02 -5.883563e-02 -1.020209e+00 -3.394622e-02 9.982326e-01 -4.877868e-02 -8.236000e-01 5.721677e-02 5.066786e-02 9.970752e-01 2.812904e+01
9.977188e-01 3.205269e-02 -5.941265e-02 -1.078243e+00 -3.492775e-02 9.982364e-01 -4.800172e-02 -8.692752e-01 5.776929e-02 4.996736e-02 9.970787e-01 2.895435e+01
9.974966e-01 3.443216e-02 -6.176484e-02 -1.099023e+00 -3.735917e-02 9.982018e-01 -4.687783e-02 -9.170167e-01 6.003967e-02 4.906797e-02 9.969893e-01 2.981085e+01
9.972569e-01 3.836009e-02 -6.330179e-02 -1.131159e+00 -4.155412e-02 9.978876e-01 -4.993676e-02 -9.559506e-01 6.125250e-02 5.243023e-02 9.967443e-01 3.064198e+01
9.971491e-01 4.057441e-02 -6.361907e-02 -1.184453e+00 -4.416099e-02 9.974524e-01 -5.602164e-02 -9.985194e-01 6.118396e-02 5.867141e-02 9.964006e-01 3.140933e+01
9.971149e-01 4.210708e-02 -6.315713e-02 -1.255786e+00 -4.598746e-02 9.970594e-01 -6.129973e-02 -1.045884e+00 6.039026e-02 6.402731e-02 9.961192e-01 3.221519e+01
9.970877e-01 4.433537e-02 -6.205242e-02 -1.337052e+00 -4.823608e-02 9.968570e-01 -6.284323e-02 -1.097453e+00 5.907122e-02 6.565338e-02 9.960925e-01 3.298630e+01
9.969466e-01 4.743586e-02 -6.202638e-02 -1.396908e+00 -5.125260e-02 9.967926e-01 -6.146402e-02 -1.151561e+00 5.891183e-02 6.445535e-02 9.961802e-01 3.374903e+01
9.968246e-01 4.926794e-02 -6.255741e-02 -1.432009e+00 -5.304876e-02 9.967703e-01 -6.028846e-02 -1.209348e+00 5.938508e-02 6.341561e-02 9.962188e-01 3.447803e+01
9.968434e-01 4.897832e-02 -6.248486e-02 -1.482759e+00 -5.278985e-02 9.967480e-01 -6.088141e-02 -1.260150e+00 5.929980e-02 6.398779e-02 9.961873e-01 3.522627e+01
9.966220e-01 5.159691e-02 -6.389380e-02 -1.518497e+00 -5.565712e-02 9.964294e-01 -6.348693e-02 -1.315869e+00 6.038994e-02 6.682862e-02 9.959353e-01 3.604528e+01
9.967911e-01 4.821595e-02 -6.389554e-02 -1.574887e+00 -5.255356e-02 9.962974e-01 -6.804071e-02 -1.361491e+00 6.037831e-02 7.118031e-02 9.956344e-01 3.676762e+01
9.966742e-01 4.934943e-02 -6.484637e-02 -1.618193e+00 -5.403159e-02 9.958999e-01 -7.255314e-02 -1.413633e+00 6.100005e-02 7.581560e-02 9.952542e-01 3.762300e+01
9.965949e-01 5.062871e-02 -6.507905e-02 -1.697729e+00 -5.584788e-02 9.951439e-01 -8.105317e-02 -1.453864e+00 6.065940e-02 8.441170e-02 9.945829e-01 3.854372e+01
9.966641e-01 4.824878e-02 -6.582318e-02 -1.735340e+00 -5.389945e-02 9.947525e-01 -8.696109e-02 -1.514619e+00 6.128201e-02 9.021883e-02 9.940348e-01 3.933173e+01
9.967448e-01 4.625395e-02 -6.603304e-02 -1.788815e+00 -5.212764e-02 9.945592e-01 -9.019214e-02 -1.591748e+00 6.150203e-02 9.334069e-02 9.937329e-01 4.019856e+01
9.967102e-01 4.527217e-02 -6.722448e-02 -1.831553e+00 -5.116673e-02 9.947413e-01 -8.872218e-02 -1.672579e+00 6.285433e-02 9.186996e-02 9.937853e-01 4.101050e+01
9.965940e-01 4.583204e-02 -6.855547e-02 -1.869319e+00 -5.164477e-02 9.949927e-01 -8.557043e-02 -1.743161e+00 6.429032e-02 8.881951e-02 9.939708e-01 4.182085e+01
9.966137e-01 4.536559e-02 -6.857815e-02 -1.921179e+00 -5.092957e-02 9.953556e-01 -8.169101e-02 -1.812707e+00 6.455369e-02 8.490705e-02 9.942955e-01 4.257973e+01
9.966441e-01 4.621882e-02 -6.756023e-02 -1.985445e+00 -5.167871e-02 9.953377e-01 -8.143765e-02 -1.885867e+00 6.348130e-02 8.465578e-02 9.943860e-01 4.333461e+01
9.966763e-01 4.445010e-02 -6.826849e-02 -2.041876e+00 -5.020246e-02 9.951157e-01 -8.499693e-02 -1.970243e+00 6.415693e-02 8.814166e-02 9.940397e-01 4.424021e+01
9.967024e-01 4.428502e-02 -6.799422e-02 -2.106282e+00 -5.023992e-02 9.948061e-01 -8.852571e-02 -2.048029e+00 6.372070e-02 9.164982e-02 9.937505e-01 4.500345e+01
9.966319e-01 4.480028e-02 -6.868608e-02 -2.164999e+00 -5.101609e-02 9.944893e-01 -9.158860e-02 -2.140319e+00 6.420438e-02 9.478422e-02 9.934253e-01 4.581327e+01
9.966198e-01 4.378987e-02 -6.950773e-02 -2.227911e+00 -5.038640e-02 9.940881e-01 -9.617776e-02 -2.217496e+00 6.488519e-02 9.935491e-02 9.929343e-01 4.654992e+01
9.963564e-01 4.790165e-02 -7.056395e-02 -2.259510e+00 -5.472067e-02 9.936702e-01 -9.810753e-02 -2.293615e+00 6.541779e-02 1.016114e-01 9.926710e-01 4.728810e+01
9.960355e-01 5.432907e-02 -7.043829e-02 -2.316894e+00 -6.083971e-02 9.937261e-01 -9.384515e-02 -2.389593e+00 6.489785e-02 9.775855e-02 9.930919e-01 4.811988e+01
9.957560e-01 5.694134e-02 -7.230312e-02 -2.365328e+00 -6.354618e-02 9.936734e-01 -9.260172e-02 -2.466501e+00 6.657282e-02 9.680330e-02 9.930746e-01 4.882503e+01
9.954761e-01 6.142657e-02 -7.248476e-02 -2.421443e+00 -6.821045e-02 9.931221e-01 -9.516189e-02 -2.533109e+00 6.614076e-02 9.967562e-02 9.928193e-01 4.963264e+01
9.954895e-01 6.044322e-02 -7.312445e-02 -2.481681e+00 -6.716612e-02 9.933724e-01 -9.327304e-02 -2.632276e+00 6.700210e-02 9.776382e-02 9.929516e-01 5.044052e+01
9.953345e-01 6.229588e-02 -7.367765e-02 -2.536108e+00 -6.911782e-02 9.931711e-01 -9.398891e-02 -2.706627e+00 6.731939e-02 9.864285e-02 9.928432e-01 5.122722e+01
9.953074e-01 6.154834e-02 -7.466609e-02 -2.594155e+00 -6.843664e-02 9.932638e-01 -9.350639e-02 -2.789294e+00 6.840796e-02 9.817749e-02 9.928150e-01 5.205706e+01
9.950501e-01 6.172388e-02 -7.788058e-02 -2.634617e+00 -6.888252e-02 9.932941e-01 -9.285492e-02 -2.874925e+00 7.162695e-02 9.775991e-02 9.926291e-01 5.284729e+01
9.950448e-01 6.178979e-02 -7.789619e-02 -2.722285e+00 -6.912088e-02 9.930529e-01 -9.522729e-02 -2.954320e+00 7.147097e-02 1.001397e-01 9.924031e-01 5.362370e+01
9.950529e-01 6.210804e-02 -7.753867e-02 -2.818881e+00 -6.977236e-02 9.924974e-01 -1.004030e-01 -3.036739e+00 7.072109e-02 1.053164e-01 9.919208e-01 5.443679e+01
9.950587e-01 6.287932e-02 -7.684016e-02 -2.933436e+00 -7.056842e-02 9.922954e-01 -1.018330e-01 -3.122377e+00 6.984495e-02 1.067523e-01 9.918295e-01 5.517241e+01
9.949985e-01 6.325350e-02 -7.731086e-02 -3.039333e+00 -7.090794e-02 9.923923e-01 -1.006456e-01 -3.210073e+00 7.035651e-02 1.056242e-01 9.919140e-01 5.595269e+01
9.948944e-01 6.624200e-02 -7.613812e-02 -3.143533e+00 -7.363129e-02 9.923856e-01 -9.873846e-02 -3.291245e+00 6.901773e-02 1.038405e-01 9.921964e-01 5.677581e+01
9.945639e-01 6.887545e-02 -7.809529e-02 -3.196887e+00 -7.630436e-02 9.924024e-01 -9.651536e-02 -3.378408e+00 7.085441e-02 1.019497e-01 9.922630e-01 5.759493e+01
9.945977e-01 6.871320e-02 -7.780754e-02 -3.266460e+00 -7.610007e-02 9.924356e-01 -9.633414e-02 -3.465949e+00 7.059955e-02 1.017349e-01 9.923033e-01 5.834485e+01
9.944078e-01 6.972683e-02 -7.931792e-02 -3.319397e+00 -7.752605e-02 9.919705e-01 -9.992125e-02 -3.546514e+00 7.171385e-02 1.055117e-01 9.918288e-01 5.912478e+01
9.942338e-01 7.041046e-02 -8.087904e-02 -3.378133e+00 -7.854869e-02 9.916483e-01 -1.022929e-01 -3.626968e+00 7.300106e-02 1.080560e-01 9.914609e-01 5.988810e+01
9.943044e-01 6.952803e-02 -8.077532e-02 -3.447768e+00 -7.768296e-02 9.916804e-01 -1.026418e-01 -3.715954e+00 7.296682e-02 1.083321e-01 9.914333e-01 6.063263e+01
9.943610e-01 6.761955e-02 -8.169253e-02 -3.518462e+00 -7.592911e-02 9.917471e-01 -1.033075e-01 -3.798581e+00 7.403273e-02 1.089278e-01 9.912890e-01 6.137205e+01
9.944380e-01 6.641866e-02 -8.174134e-02 -3.592091e+00 -7.471229e-02 9.918734e-01 -1.029813e-01 -3.884191e+00 7.423718e-02 1.085156e-01 9.913189e-01 6.216574e+01
9.945375e-01 6.461549e-02 -8.197572e-02 -3.663125e+00 -7.280612e-02 9.921970e-01 -1.012144e-01 -3.969172e+00 7.479605e-02 1.066298e-01 9.914815e-01 6.289371e+01
9.945427e-01 6.309447e-02 -8.308975e-02 -3.730770e+00 -7.134990e-02 9.923799e-01 -1.004556e-01 -4.049166e+00 7.611839e-02 1.058359e-01 9.914660e-01 6.354966e+01
9.945251e-01 6.050046e-02 -8.520321e-02 -3.800928e+00 -6.897802e-02 9.925582e-01 -1.003500e-01 -4.131324e+00 7.849793e-02 1.056777e-01 9.912973e-01 6.422449e+01
9.944808e-01 5.845533e-02 -8.712592e-02 -3.887288e+00 -6.725234e-02 9.925377e-01 -1.017152e-01 -4.212674e+00 8.052996e-02 1.070133e-01 9.909909e-01 6.492503e+01
9.941884e-01 5.885162e-02 -9.014376e-02 -3.957903e+00 -6.813528e-02 9.922788e-01 -1.036355e-01 -4.280517e+00 8.334862e-02 1.091752e-01 9.905220e-01 6.554216e+01
9.940824e-01 5.790933e-02 -9.190623e-02 -4.049444e+00 -6.736948e-02 9.923544e-01 -1.034122e-01 -4.361557e+00 8.521502e-02 1.089919e-01 9.903833e-01 6.622063e+01
9.937921e-01 5.859967e-02 -9.456950e-02 -4.118794e+00 -6.830303e-02 9.923476e-01 -1.028637e-01 -4.435051e+00 8.781804e-02 1.086845e-01 9.901897e-01 6.682626e+01
9.935353e-01 5.909215e-02 -9.693198e-02 -4.188608e+00 -6.901668e-02 9.923407e-01 -1.024529e-01 -4.504436e+00 9.013539e-02 1.084805e-01 9.900038e-01 6.739137e+01
9.932868e-01 5.993854e-02 -9.893788e-02 -4.273920e+00 -7.001634e-02 9.923432e-01 -1.017477e-01 -4.571235e+00 9.208173e-02 1.079919e-01 9.898781e-01 6.797653e+01
9.929543e-01 6.151330e-02 -1.012812e-01 -4.345463e+00 -7.168777e-02 9.923924e-01 -1.000910e-01 -4.652552e+00 9.435381e-02 1.066464e-01 9.898100e-01 6.859229e+01
9.925323e-01 6.325711e-02 -1.042981e-01 -4.426736e+00 -7.378341e-02 9.922110e-01 -1.003664e-01 -4.722350e+00 9.713683e-02 1.073124e-01 9.894688e-01 6.920959e+01
9.922523e-01 6.425396e-02 -1.063333e-01 -4.502212e+00 -7.518794e-02 9.919147e-01 -1.022347e-01 -4.780905e+00 9.890459e-02 1.094376e-01 9.890608e-01 6.969568e+01
9.919552e-01 6.471631e-02 -1.087968e-01 -4.565495e+00 -7.624444e-02 9.915053e-01 -1.053753e-01 -4.842366e+00 1.010532e-01 1.128227e-01 9.884631e-01 7.014231e+01
9.914738e-01 6.647387e-02 -1.120758e-01 -4.635870e+00 -7.880843e-02 9.908597e-01 -1.094814e-01 -4.904646e+00 1.037737e-01 1.173804e-01 9.876502e-01 7.065282e+01
9.910108e-01 6.827570e-02 -1.150477e-01 -4.704517e+00 -8.133265e-02 9.902708e-01 -1.129106e-01 -4.964678e+00 1.062193e-01 1.212528e-01 9.869221e-01 7.118439e+01
9.906461e-01 7.106591e-02 -1.164903e-01 -4.787878e+00 -8.449540e-02 9.897975e-01 -1.147235e-01 -5.020001e+00 1.071489e-01 1.234933e-01 9.865437e-01 7.165638e+01
9.904321e-01 7.339042e-02 -1.168676e-01 -4.823205e+00 -8.681725e-02 9.896475e-01 -1.142827e-01 -5.073494e+00 1.072705e-01 1.233354e-01 9.865503e-01 7.204057e+01
9.905862e-01 7.642888e-02 -1.135679e-01 -4.902008e+00 -8.935028e-02 9.895210e-01 -1.134226e-01 -5.131276e+00 1.037091e-01 1.225022e-01 9.870348e-01 7.246893e+01
9.908916e-01 7.871070e-02 -1.092629e-01 -4.933558e+00 -9.101024e-02 9.894672e-01 -1.125692e-01 -5.179727e+00 9.925164e-02 1.214880e-01 9.876183e-01 7.282216e+01
9.915900e-01 7.922611e-02 -1.023353e-01 -4.952898e+00 -9.059258e-02 9.896072e-01 -1.116718e-01 -5.226429e+00 9.242442e-02 1.200035e-01 9.884619e-01 7.317677e+01
9.924052e-01 7.892887e-02 -9.435152e-02 -4.974942e+00 -8.937082e-02 9.896676e-01 -1.121203e-01 -5.258924e+00 8.452711e-02 1.197010e-01 9.892052e-01 7.351802e+01
9.933195e-01 7.833650e-02 -8.473428e-02 -4.967245e+00 -8.758915e-02 9.898804e-01 -1.116460e-01 -5.306074e+00 7.513085e-02 1.183219e-01 9.901289e-01 7.384028e+01
9.942667e-01 7.740676e-02 -7.376854e-02 -4.956560e+00 -8.540946e-02 9.899915e-01 -1.123479e-01 -5.352430e+00 6.433374e-02 1.180044e-01 9.909269e-01 7.416350e+01
9.951745e-01 7.697066e-02 -6.085487e-02 -4.948696e+00 -8.353944e-02 9.899604e-01 -1.140158e-01 -5.395721e+00 5.146803e-02 1.185494e-01 9.916134e-01 7.445433e+01
9.960479e-01 7.577821e-02 -4.632701e-02 -4.917897e+00 -8.083002e-02 9.895740e-01 -1.192055e-01 -5.431448e+00 3.681082e-02 1.224790e-01 9.917882e-01 7.473236e+01
9.968040e-01 7.522943e-02 -2.687602e-02 -4.896088e+00 -7.802277e-02 9.890428e-01 -1.253266e-01 -5.472738e+00 1.715328e-02 1.270230e-01 9.917514e-01 7.503543e+01
9.973162e-01 7.302058e-02 -5.334463e-03 -4.857722e+00 -7.308993e-02 9.887037e-01 -1.308540e-01 -5.517060e+00 -4.280828e-03 1.308926e-01 9.913873e-01 7.530833e+01
9.973261e-01 7.042715e-02 1.950834e-02 -4.816486e+00 -6.715737e-02 9.885176e-01 -1.353614e-01 -5.554265e+00 -2.881746e-02 1.336894e-01 9.906042e-01 7.555367e+01
9.966147e-01 6.774935e-02 4.657503e-02 -4.747252e+00 -6.072563e-02 9.885002e-01 -1.384905e-01 -5.595964e+00 -5.542208e-02 1.351934e-01 9.892680e-01 7.583015e+01
9.949404e-01 6.530356e-02 7.634852e-02 -4.686146e+00 -5.403952e-02 9.884944e-01 -1.412746e-01 -5.641438e+00 -8.469582e-02 1.364340e-01 9.870220e-01 7.609527e+01
9.919725e-01 6.379823e-02 1.091801e-01 -4.598360e+00 -4.759873e-02 9.882821e-01 -1.450266e-01 -5.680258e+00 -1.171532e-01 1.386656e-01 9.833854e-01 7.634008e+01
9.877146e-01 6.027018e-02 1.441778e-01 -4.491935e+00 -3.891068e-02 9.884266e-01 -1.466245e-01 -5.727750e+00 -1.513463e-01 1.392132e-01 9.786286e-01 7.658876e+01
9.815639e-01 5.805141e-02 1.821053e-01 -4.397073e+00 -3.068282e-02 9.882622e-01 -1.496544e-01 -5.767375e+00 -1.886555e-01 1.413079e-01 9.718236e-01 7.682392e+01
9.735508e-01 5.968699e-02 2.205364e-01 -4.266056e+00 -2.620093e-02 9.880711e-01 -1.517530e-01 -5.818999e+00 -2.269633e-01 1.419610e-01 9.635013e-01 7.708799e+01
9.626186e-01 6.107070e-02 2.638858e-01 -4.162343e+00 -2.036151e-02 9.878093e-01 -1.543313e-01 -5.855784e+00 -2.700939e-01 1.431891e-01 9.521272e-01 7.730183e+01
9.494514e-01 6.138965e-02 3.078526e-01 -4.052915e+00 -1.331480e-02 9.876843e-01 -1.558923e-01 -5.890365e+00 -3.136313e-01 1.439132e-01 9.385757e-01 7.754817e+01
9.342715e-01 6.107070e-02 3.512937e-01 -3.931693e+00 -5.487415e-03 9.875690e-01 -1.570902e-01 -5.926138e+00 -3.565204e-01 1.448372e-01 9.229926e-01 7.779641e+01
9.172438e-01 6.071154e-02 3.936723e-01 -3.753101e+00 2.133598e-03 9.875533e-01 -1.572702e-01 -5.979743e+00 -3.983205e-01 1.450950e-01 9.056976e-01 7.803363e+01
8.976306e-01 6.049330e-02 4.365774e-01 -3.603555e+00 1.077393e-02 9.872287e-01 -1.589448e-01 -6.028101e+00 -4.406168e-01 1.473774e-01 8.855149e-01 7.824969e+01
8.771969e-01 6.227289e-02 4.760753e-01 -3.416712e+00 1.780677e-02 9.866517e-01 -1.618687e-01 -6.072182e+00 -4.798005e-01 1.504681e-01 8.643789e-01 7.844123e+01
8.538961e-01 6.608760e-02 5.162303e-01 -3.203532e+00 2.410020e-02 9.858197e-01 -1.660684e-01 -6.114269e+00 -5.198851e-01 1.542464e-01 8.401949e-01 7.862833e+01
8.272028e-01 7.250976e-02 5.572054e-01 -3.023991e+00 2.688411e-02 9.853961e-01 -1.681417e-01 -6.159442e+00 -5.612600e-01 1.540672e-01 8.131731e-01 7.881292e+01
7.985888e-01 7.525233e-02 5.971541e-01 -2.810749e+00 3.242550e-02 9.853330e-01 -1.675334e-01 -6.208117e+00 -6.010029e-01 1.531533e-01 7.844359e-01 7.899459e+01
7.665041e-01 7.275140e-02 6.381056e-01 -2.583681e+00 4.145331e-02 9.858873e-01 -1.621970e-01 -6.278105e+00 -6.409002e-01 1.507763e-01 7.526709e-01 7.916265e+01
7.328224e-01 6.778023e-02 6.770356e-01 -2.361554e+00 5.260598e-02 9.864038e-01 -1.556927e-01 -6.333301e+00 -6.783834e-01 1.497112e-01 7.192931e-01 7.932785e+01
6.958655e-01 6.681355e-02 7.150575e-01 -2.171195e+00 5.924355e-02 9.869291e-01 -1.498702e-01 -6.363310e+00 -7.157245e-01 1.466520e-01 6.828116e-01 7.947591e+01
6.577174e-01 6.448950e-02 7.504991e-01 -1.904258e+00 6.669566e-02 9.874296e-01 -1.432990e-01 -6.411695e+00 -7.503062e-01 1.443053e-01 6.451484e-01 7.962973e+01
6.166866e-01 6.074513e-02 7.848616e-01 -1.622274e+00 7.646126e-02 9.876821e-01 -1.365203e-01 -6.446073e+00 -7.834866e-01 1.442017e-01 6.044457e-01 7.978188e+01
5.731841e-01 5.710325e-02 8.174345e-01 -1.345934e+00 8.910345e-02 9.873103e-01 -1.314494e-01 -6.467203e+00 -8.145677e-01 1.481810e-01 5.608225e-01 7.992270e+01
5.282860e-01 5.711118e-02 8.471437e-01 -1.091819e+00 9.363692e-02 9.877306e-01 -1.249818e-01 -6.502262e+00 -8.438876e-01 1.453501e-01 5.164565e-01 8.004825e+01
4.830164e-01 6.200768e-02 8.734131e-01 -8.070657e-01 1.000987e-01 9.870396e-01 -1.254314e-01 -6.527240e+00 -8.698710e-01 1.480129e-01 4.705494e-01 8.016737e+01
4.378309e-01 6.597079e-02 8.966337e-01 -5.285611e-01 1.068504e-01 9.864177e-01 -1.247524e-01 -6.556237e+00 -8.926854e-01 1.504261e-01 4.248351e-01 8.026833e+01
3.957850e-01 6.780054e-02 9.158369e-01 -2.204849e-01 1.131837e-01 9.860663e-01 -1.219128e-01 -6.589059e+00 -9.113417e-01 1.519091e-01 3.825964e-01 8.037192e+01
3.555296e-01 6.837615e-02 9.321606e-01 8.387543e-02 1.096572e-01 9.873815e-01 -1.142504e-01 -6.660817e+00 -9.282101e-01 1.428375e-01 3.435454e-01 8.045686e+01
3.214691e-01 6.740537e-02 9.445180e-01 3.553068e-01 1.122973e-01 9.877104e-01 -1.087085e-01 -6.716247e+00 -9.402378e-01 1.410133e-01 3.099489e-01 8.054184e+01
2.968648e-01 6.747144e-02 9.525329e-01 7.391860e-01 1.270082e-01 9.858485e-01 -1.094145e-01 -6.722303e+00 -9.464355e-01 1.534608e-01 2.840943e-01 8.060465e+01
2.715072e-01 6.750464e-02 9.600663e-01 1.106127e+00 1.273491e-01 9.862462e-01 -1.053598e-01 -6.754937e+00 -9.539739e-01 1.508696e-01 2.591763e-01 8.068025e+01
2.489974e-01 6.780054e-02 9.661280e-01 1.477243e+00 1.242618e-01 9.870654e-01 -1.012955e-01 -6.762999e+00 -9.604995e-01 1.452751e-01 2.373518e-01 8.075512e+01
2.279560e-01 6.639379e-02 9.714051e-01 1.812663e+00 1.294012e-01 9.867567e-01 -9.780913e-02 -6.759655e+00 -9.650344e-01 1.479972e-01 2.163457e-01 8.081929e+01
2.083210e-01 6.447107e-02 9.759334e-01 2.220089e+00 1.389366e-01 9.857555e-01 -9.477710e-02 -6.776084e+00 -9.681421e-01 1.553369e-01 1.963962e-01 8.090233e+01
1.890944e-01 6.285077e-02 9.799455e-01 2.641655e+00 1.521195e-01 9.840273e-01 -9.246620e-02 -6.812088e+00 -9.701047e-01 1.665537e-01 1.765131e-01 8.097178e+01
1.724808e-01 6.543654e-02 9.828369e-01 3.022046e+00 1.497680e-01 9.844477e-01 -9.182699e-02 -6.859240e+00 -9.735605e-01 1.630359e-01 1.599981e-01 8.099914e+01
1.602817e-01 7.102615e-02 9.845126e-01 3.416369e+00 1.558717e-01 9.830720e-01 -9.629862e-02 -6.863363e+00 -9.746866e-01 1.688925e-01 1.464974e-01 8.105772e+01
1.497948e-01 7.698661e-02 9.857153e-01 3.779162e+00 1.517852e-01 9.833552e-01 -9.986842e-02 -6.898343e+00 -9.769968e-01 1.645768e-01 1.356161e-01 8.111165e+01
1.453875e-01 7.545187e-02 9.864935e-01 4.166303e+00 1.579378e-01 9.825315e-01 -9.842541e-02 -6.925581e+00 -9.766873e-01 1.701145e-01 1.309311e-01 8.115273e+01
1.443452e-01 7.256850e-02 9.868628e-01 4.621682e+00 1.661467e-01 9.813712e-01 -9.646641e-02 -6.950498e+00 -9.754792e-01 1.778885e-01 1.295992e-01 8.120499e+01
1.453856e-01 7.150062e-02 9.867881e-01 5.064252e+00 1.683786e-01 9.810471e-01 -9.589221e-02 -6.990007e+00 -9.749419e-01 1.800953e-01 1.305909e-01 8.126490e+01
1.466063e-01 7.178984e-02 9.865864e-01 5.492733e+00 1.670899e-01 9.812343e-01 -9.622986e-02 -7.032563e+00 -9.749808e-01 1.789565e-01 1.318598e-01 8.133233e+01
1.477572e-01 7.358124e-02 9.862827e-01 5.926421e+00 1.632255e-01 9.817398e-01 -9.769550e-02 -7.075018e+00 -9.754615e-01 1.754217e-01 1.330488e-01 8.139478e+01
1.490221e-01 7.538282e-02 9.859563e-01 6.408177e+00 1.610091e-01 9.819336e-01 -9.941093e-02 -7.127645e+00 -9.756374e-01 1.735624e-01 1.341925e-01 8.146748e+01
1.503347e-01 7.631323e-02 9.856855e-01 6.935585e+00 1.625633e-01 9.815373e-01 -1.007859e-01 -7.167449e+00 -9.751783e-01 1.753879e-01 1.351534e-01 8.155535e+01
1.505568e-01 7.670648e-02 9.856210e-01 7.398071e+00 1.617154e-01 9.816450e-01 -1.010996e-01 -7.211982e+00 -9.752850e-01 1.746113e-01 1.353887e-01 8.162631e+01
1.510994e-01 7.670538e-02 9.855381e-01 7.912383e+00 1.599672e-01 9.819467e-01 -1.009515e-01 -7.261422e+00 -9.754894e-01 1.729075e-01 1.361012e-01 8.170959e+01
1.513622e-01 7.586271e-02 9.855629e-01 8.396720e+00 1.598245e-01 9.820532e-01 -1.001383e-01 -7.315618e+00 -9.754720e-01 1.726742e-01 1.365210e-01 8.177268e+01
1.494865e-01 7.474442e-02 9.859346e-01 8.958756e+00 1.590780e-01 9.823310e-01 -9.859049e-02 -7.376244e+00 -9.758831e-01 1.715784e-01 1.349550e-01 8.187473e+01
1.489679e-01 7.414168e-02 9.860587e-01 9.520046e+00 1.584494e-01 9.825103e-01 -9.781252e-02 -7.429304e+00 -9.760649e-01 1.708114e-01 1.346148e-01 8.195347e+01
1.485515e-01 7.332792e-02 9.861823e-01 1.013245e+01 1.577003e-01 9.827285e-01 -9.682595e-02 -7.493536e+00 -9.762495e-01 1.699049e-01 1.344219e-01 8.204296e+01
1.492234e-01 7.069632e-02 9.862730e-01 1.066847e+01 1.617290e-01 9.822636e-01 -9.487857e-02 -7.546576e+00 -9.754876e-01 1.736671e-01 1.351430e-01 8.210263e+01
1.485619e-01 7.121846e-02 9.863353e-01 1.120230e+01 1.626977e-01 9.820517e-01 -9.541471e-02 -7.589788e+00 -9.754275e-01 1.746495e-01 1.343083e-01 8.217873e+01
1.470914e-01 7.056358e-02 9.866027e-01 1.184535e+01 1.604043e-01 9.825472e-01 -9.418801e-02 -7.661481e+00 -9.760300e-01 1.721095e-01 1.332056e-01 8.226570e+01
1.454924e-01 7.513995e-02 9.865019e-01 1.243957e+01 1.572509e-01 9.826801e-01 -9.804070e-02 -7.728151e+00 -9.767826e-01 1.693925e-01 1.311566e-01 8.235880e+01
1.455263e-01 8.047648e-02 9.860759e-01 1.301951e+01 1.592157e-01 9.817904e-01 -1.036240e-01 -7.783213e+00 -9.764591e-01 1.720788e-01 1.300632e-01 8.243245e+01
1.446307e-01 8.227874e-02 9.860590e-01 1.361135e+01 1.602384e-01 9.814354e-01 -1.053960e-01 -7.850496e+00 -9.764249e-01 1.732480e-01 1.287615e-01 8.251133e+01
1.419457e-01 8.072779e-02 9.865772e-01 1.421315e+01 1.559794e-01 9.823935e-01 -1.028273e-01 -7.922609e+00 -9.775079e-01 1.684816e-01 1.268547e-01 8.260514e+01
1.421762e-01 7.781734e-02 9.867779e-01 1.481724e+01 1.541493e-01 9.830015e-01 -9.972961e-02 -7.986084e+00 -9.777649e-01 1.662903e-01 1.277640e-01 8.267545e+01
1.420490e-01 7.444904e-02 9.870560e-01 1.544946e+01 1.521723e-01 9.836715e-01 -9.609317e-02 -8.047155e+00 -9.780928e-01 1.638526e-01 1.284005e-01 8.275259e+01
1.421496e-01 7.090237e-02 9.873026e-01 1.601807e+01 1.486041e-01 9.845982e-01 -9.210385e-02 -8.104955e+00 -9.786268e-01 1.598098e-01 1.294239e-01 8.282785e+01
1.425958e-01 7.113113e-02 9.872218e-01 1.666599e+01 1.456181e-01 9.850532e-01 -9.200819e-02 -8.173820e+00 -9.790106e-01 1.568773e-01 1.301065e-01 8.291240e+01
1.419929e-01 7.829520e-02 9.867665e-01 1.729969e+01 1.472918e-01 9.840980e-01 -9.927839e-02 -8.245458e+00 -9.788480e-01 1.594395e-01 1.282027e-01 8.300626e+01
1.428086e-01 8.973312e-02 9.856743e-01 1.789189e+01 1.486404e-01 9.826427e-01 -1.109928e-01 -8.306489e+00 -9.785253e-01 1.623618e-01 1.269919e-01 8.309190e+01
1.445542e-01 9.580684e-02 9.848478e-01 1.848433e+01 1.483358e-01 9.819561e-01 -1.172980e-01 -8.364475e+00 -9.783152e-01 1.630441e-01 1.277343e-01 8.316052e+01
1.442257e-01 9.172283e-02 9.852848e-01 1.905239e+01 1.487567e-01 9.823702e-01 -1.132265e-01 -8.430257e+00 -9.782999e-01 1.628979e-01 1.280386e-01 8.324940e+01
1.450479e-01 8.552297e-02 9.857216e-01 1.973375e+01 1.525605e-01 9.824100e-01 -1.076848e-01 -8.499463e+00 -9.775922e-01 1.660017e-01 1.294491e-01 8.333649e+01
1.436663e-01 8.480938e-02 9.859855e-01 2.027963e+01 1.461862e-01 9.835722e-01 -1.059023e-01 -8.565328e+00 -9.787694e-01 1.593520e-01 1.289082e-01 8.342245e+01
1.436918e-01 8.546977e-02 9.859248e-01 2.087381e+01 1.467033e-01 9.834163e-01 -1.066333e-01 -8.639354e+00 -9.786884e-01 1.599607e-01 1.287701e-01 8.350788e+01
1.426160e-01 8.816958e-02 9.858432e-01 2.145294e+01 1.401633e-01 9.841878e-01 -1.082981e-01 -8.706584e+00 -9.798035e-01 1.536241e-01 1.280028e-01 8.358057e+01
1.413899e-01 8.904006e-02 9.859416e-01 2.207028e+01 1.417799e-01 9.838584e-01 -1.091840e-01 -8.781847e+00 -9.797487e-01 1.552242e-01 1.264836e-01 8.365167e+01
1.387686e-01 8.912981e-02 9.863058e-01 2.267895e+01 1.415135e-01 9.839364e-01 -1.088260e-01 -8.857692e+00 -9.801618e-01 1.546772e-01 1.239263e-01 8.372594e+01
1.372871e-01 9.129212e-02 9.863155e-01 2.324352e+01 1.421525e-01 9.836206e-01 -1.108292e-01 -8.922364e+00 -9.802781e-01 1.554226e-01 1.220610e-01 8.378751e+01
1.351944e-01 9.067014e-02 9.866619e-01 2.381340e+01 1.401431e-01 9.840430e-01 -1.096322e-01 -9.003883e+00 -9.808581e-01 1.530955e-01 1.203303e-01 8.386365e+01
1.337153e-01 9.093992e-02 9.868385e-01 2.442630e+01 1.389569e-01 9.842229e-01 -1.095274e-01 -9.071737e+00 -9.812294e-01 1.517735e-01 1.189689e-01 8.393749e+01
1.317092e-01 9.091621e-02 9.871106e-01 2.496519e+01 1.394960e-01 9.841765e-01 -1.092588e-01 -9.136078e+00 -9.814244e-01 1.520884e-01 1.169426e-01 8.400303e+01
1.296767e-01 9.209546e-02 9.872702e-01 2.553056e+01 1.401335e-01 9.839815e-01 -1.101950e-01 -9.203404e+00 -9.816041e-01 1.526394e-01 1.146938e-01 8.406754e+01
1.282264e-01 9.301490e-02 9.873735e-01 2.611867e+01 1.409539e-01 9.837760e-01 -1.109812e-01 -9.279130e+00 -9.816773e-01 1.534048e-01 1.130352e-01 8.412708e+01
1.269585e-01 9.430673e-02 9.874147e-01 2.668607e+01 1.459477e-01 9.828592e-01 -1.126371e-01 -9.349419e+00 -9.811121e-01 1.584111e-01 1.110185e-01 8.421854e+01
1.253572e-01 9.448100e-02 9.876027e-01 2.727513e+01 1.526033e-01 9.817723e-01 -1.132933e-01 -9.414051e+00 -9.803050e-01 1.649136e-01 1.086541e-01 8.428436e+01
1.246679e-01 9.378406e-02 9.877564e-01 2.782711e+01 1.522692e-01 9.819213e-01 -1.124485e-01 -9.493144e+00 -9.804449e-01 1.644236e-01 1.081336e-01 8.435290e+01
1.233142e-01 9.398723e-02 9.879070e-01 2.841395e+01 1.551438e-01 9.814380e-01 -1.127374e-01 -9.567010e+00 -9.801654e-01 1.671698e-01 1.064437e-01 8.442670e+01
1.262912e-01 9.419252e-02 9.875112e-01 2.895797e+01 1.563119e-01 9.811559e-01 -1.135768e-01 -9.633318e+00 -9.796005e-01 1.687035e-01 1.091879e-01 8.447422e+01
1.285144e-01 9.395139e-02 9.872473e-01 2.950054e+01 1.599076e-01 9.805125e-01 -1.141264e-01 -9.696292e+00 -9.787306e-01 1.725352e-01 1.109865e-01 8.452317e+01
1.283777e-01 9.338198e-02 9.873191e-01 3.003617e+01 1.592401e-01 9.806983e-01 -1.134612e-01 -9.768469e+00 -9.788574e-01 1.717867e-01 1.110296e-01 8.456959e+01
1.259359e-01 9.550487e-02 9.874305e-01 3.049788e+01 1.543451e-01 9.813481e-01 -1.146016e-01 -9.846272e+00 -9.799580e-01 1.668375e-01 1.088462e-01 8.464132e+01
1.278796e-01 1.001504e-01 9.867201e-01 3.101094e+01 1.566082e-01 9.803680e-01 -1.198022e-01 -9.900773e+00 -9.793471e-01 1.698487e-01 1.096847e-01 8.469667e+01
1.272939e-01 1.032268e-01 9.864789e-01 3.149776e+01 1.544133e-01 9.803810e-01 -1.225140e-01 -9.954427e+00 -9.797718e-01 1.679207e-01 1.088570e-01 8.475790e+01
1.279820e-01 1.055070e-01 9.861485e-01 3.202945e+01 1.549724e-01 9.799840e-01 -1.249597e-01 -1.002022e+01 -9.795939e-01 1.688184e-01 1.090696e-01 8.481002e+01
1.267269e-01 1.068491e-01 9.861661e-01 3.251991e+01 1.523624e-01 9.802868e-01 -1.257914e-01 -1.007753e+01 -9.801663e-01 1.661958e-01 1.079489e-01 8.487712e+01
1.292826e-01 1.077776e-01 9.857333e-01 3.303426e+01 1.588393e-01 9.789886e-01 -1.278726e-01 -1.013491e+01 -9.788035e-01 1.731049e-01 1.094468e-01 8.493712e+01
1.286330e-01 1.100965e-01 9.855619e-01 3.346291e+01 1.543801e-01 9.794791e-01 -1.295663e-01 -1.018928e+01 -9.796021e-01 1.688177e-01 1.089967e-01 8.499913e+01
1.268002e-01 1.125332e-01 9.855243e-01 3.392117e+01 1.477919e-01 9.803106e-01 -1.309533e-01 -1.025652e+01 -9.808565e-01 1.622574e-01 1.076722e-01 8.506580e+01
1.253605e-01 1.115924e-01 9.858153e-01 3.440174e+01 1.471070e-01 9.805793e-01 -1.297065e-01 -1.033399e+01 -9.811444e-01 1.612804e-01 1.065099e-01 8.517740e+01
1.225913e-01 1.110348e-01 9.862266e-01 3.490356e+01 1.462273e-01 9.808557e-01 -1.286066e-01 -1.041176e+01 -9.816257e-01 1.599793e-01 1.040081e-01 8.525670e+01
1.176775e-01 1.112765e-01 9.867976e-01 3.541760e+01 1.413775e-01 9.817028e-01 -1.275616e-01 -1.049457e+01 -9.829366e-01 1.545221e-01 9.979236e-02 8.533585e+01
1.132261e-01 1.122222e-01 9.872112e-01 3.585950e+01 1.396691e-01 9.819369e-01 -1.276417e-01 -1.056369e+01 -9.837034e-01 1.523353e-01 9.550697e-02 8.539778e+01
1.071857e-01 1.163603e-01 9.874064e-01 3.633433e+01 1.441643e-01 9.808133e-01 -1.312327e-01 -1.062408e+01 -9.837316e-01 1.564150e-01 8.835411e-02 8.545786e+01
9.907073e-02 1.195115e-01 9.878775e-01 3.683188e+01 1.449180e-01 9.804443e-01 -1.331456e-01 -1.068699e+01 -9.844713e-01 1.563521e-01 7.981396e-02 8.551083e+01
9.100240e-02 1.210469e-01 9.884666e-01 3.737525e+01 1.478367e-01 9.799447e-01 -1.336138e-01 -1.076136e+01 -9.848162e-01 1.582908e-01 7.128215e-02 8.556224e+01
8.484471e-02 1.224501e-01 9.888414e-01 3.785200e+01 1.455637e-01 9.802492e-01 -1.338758e-01 -1.081992e+01 -9.857041e-01 1.552981e-01 6.534469e-02 8.560284e+01
8.085865e-02 1.223014e-01 9.891937e-01 3.832776e+01 1.494426e-01 9.797373e-01 -1.333480e-01 -1.088621e+01 -9.854587e-01 1.586100e-01 6.094319e-02 8.562683e+01
7.689577e-02 1.240191e-01 9.892958e-01 3.885089e+01 1.491185e-01 9.796430e-01 -1.343996e-01 -1.094930e+01 -9.858249e-01 1.578571e-01 5.683690e-02 8.565754e+01
7.277107e-02 1.255222e-01 9.894183e-01 3.933411e+01 1.491521e-01 9.795226e-01 -1.352368e-01 -1.100804e+01 -9.861329e-01 1.574152e-01 5.255902e-02 8.568796e+01
6.982458e-02 1.225724e-01 9.900002e-01 3.990472e+01 1.495606e-01 9.799190e-01 -1.318727e-01 -1.108238e+01 -9.862840e-01 1.572729e-01 5.009043e-02 8.571897e+01
6.768823e-02 1.201112e-01 9.904503e-01 4.042052e+01 1.534072e-01 9.796688e-01 -1.292878e-01 -1.114822e+01 -9.858421e-01 1.606934e-01 4.788613e-02 8.574809e+01
6.767797e-02 1.195593e-01 9.905177e-01 4.092290e+01 1.532238e-01 9.797708e-01 -1.287312e-01 -1.121398e+01 -9.858713e-01 1.604832e-01 4.798961e-02 8.577820e+01
6.676793e-02 1.200283e-01 9.905227e-01 4.147376e+01 1.555825e-01 9.793424e-01 -1.291609e-01 -1.128406e+01 -9.855639e-01 1.627318e-01 4.671437e-02 8.580409e+01
6.812119e-02 1.248274e-01 9.898373e-01 4.196276e+01 1.596006e-01 9.780011e-01 -1.343186e-01 -1.135155e+01 -9.848286e-01 1.671286e-01 4.670006e-02 8.583149e+01
6.970495e-02 1.278545e-01 9.893404e-01 4.248936e+01 1.688843e-01 9.759246e-01 -1.380196e-01 -1.143018e+01 -9.831679e-01 1.767047e-01 4.643416e-02 8.585061e+01
7.138300e-02 1.309111e-01 9.888209e-01 4.302217e+01 1.776163e-01 9.738375e-01 -1.417495e-01 -1.151158e+01 -9.815075e-01 1.857492e-01 4.626352e-02 8.586623e+01
7.160693e-02 1.327731e-01 9.885564e-01 4.356963e+01 1.786353e-01 9.733691e-01 -1.436730e-01 -1.158987e+01 -9.813063e-01 1.868791e-01 4.598200e-02 8.589912e+01
7.306033e-02 1.313442e-01 9.886410e-01 4.408859e+01 1.781165e-01 9.736347e-01 -1.425134e-01 -1.167383e+01 -9.812935e-01 1.865053e-01 4.773951e-02 8.593103e+01
7.085985e-02 1.253013e-01 9.895850e-01 4.467670e+01 1.796196e-01 9.742588e-01 -1.362225e-01 -1.177567e+01 -9.811808e-01 1.874015e-01 4.652929e-02 8.598486e+01
7.566816e-02 1.247670e-01 9.892966e-01 4.518019e+01 1.816615e-01 9.738120e-01 -1.367089e-01 -1.184485e+01 -9.804456e-01 1.900616e-01 5.102116e-02 8.598728e+01
7.344979e-02 1.228769e-01 9.897001e-01 4.574637e+01 1.843579e-01 9.736044e-01 -1.345605e-01 -1.194463e+01 -9.801108e-01 1.923425e-01 4.885775e-02 8.602618e+01
7.159030e-02 1.244158e-01 9.896442e-01 4.630084e+01 1.829113e-01 9.737266e-01 -1.356464e-01 -1.202602e+01 -9.805194e-01 1.907280e-01 4.695237e-02 8.606312e+01
6.977117e-02 1.259091e-01 9.895852e-01 4.682835e+01 1.847709e-01 9.732066e-01 -1.368526e-01 -1.210707e+01 -9.803019e-01 1.923949e-01 4.463744e-02 8.610520e+01
6.597322e-02 1.269476e-01 9.897131e-01 4.739815e+01 1.805873e-01 9.739755e-01 -1.369668e-01 -1.219981e+01 -9.813439e-01 1.877657e-01 4.133117e-02 8.616167e+01
6.419945e-02 1.288000e-01 9.895905e-01 4.795108e+01 1.813995e-01 9.736094e-01 -1.384882e-01 -1.227710e+01 -9.813119e-01 1.884020e-01 3.914088e-02 8.619066e+01
6.009996e-02 1.296636e-01 9.897349e-01 4.846580e+01 1.724200e-01 9.752750e-01 -1.382391e-01 -1.235795e+01 -9.831883e-01 1.789583e-01 3.625745e-02 8.623150e+01
6.006640e-02 1.315670e-01 9.894859e-01 4.902989e+01 1.723951e-01 9.750127e-01 -1.401078e-01 -1.243184e+01 -9.831949e-01 1.789983e-01 3.588396e-02 8.625421e+01
5.918562e-02 1.361550e-01 9.889181e-01 4.954796e+01 1.724485e-01 9.743661e-01 -1.444724e-01 -1.248540e+01 -9.832389e-01 1.790881e-01 3.418875e-02 8.627596e+01
5.679780e-02 1.365123e-01 9.890088e-01 5.012283e+01 1.655898e-01 9.755996e-01 -1.441711e-01 -1.257859e+01 -9.845578e-01 1.719584e-01 3.280687e-02 8.630309e+01
5.368650e-02 1.377715e-01 9.890079e-01 5.069401e+01 1.608924e-01 9.763019e-01 -1.447352e-01 -1.267208e+01 -9.855107e-01 1.668942e-01 3.024787e-02 8.633753e+01
5.240715e-02 1.360865e-01 9.893098e-01 5.133465e+01 1.602133e-01 9.766929e-01 -1.428380e-01 -1.276914e+01 -9.856902e-01 1.659863e-01 2.938282e-02 8.636733e+01
5.205756e-02 1.363751e-01 9.892886e-01 5.189783e+01 1.583159e-01 9.769772e-01 -1.430088e-01 -1.284919e+01 -9.860153e-01 1.640648e-01 2.926868e-02 8.638330e+01
4.965293e-02 1.383424e-01 9.891391e-01 5.246516e+01 1.554217e-01 9.772258e-01 -1.444781e-01 -1.291935e+01 -9.865997e-01 1.609074e-01 2.702069e-02 8.641032e+01
4.808480e-02 1.365473e-01 9.894659e-01 5.309658e+01 1.580345e-01 9.770942e-01 -1.425199e-01 -1.301480e+01 -9.862621e-01 1.632228e-01 2.540421e-02 8.641689e+01
4.621273e-02 1.399935e-01 9.890735e-01 5.362796e+01 1.612773e-01 9.760960e-01 -1.456921e-01 -1.308010e+01 -9.858267e-01 1.662479e-01 2.253026e-02 8.645058e+01
