1.000000000000000000e+00 9.313229999949177718e-10 -3.637980000000000216e-12 0.000000000000000000e+00 -9.313229999966118377e-10 1.000000000000000000e+00 -4.656610000000000322e-10 7.450580000000000135e-09 3.637979566319200692e-12 4.656610000033881639e-10 1.000000000000000000e+00 0.000000000000000000e+00
9.999967012835608848e-01 -2.216560032540297511e-03 -1.297799529587639888e-03 5.545229999999999951e-03 2.219997696594797499e-03 9.999940154709101581e-01 2.653419038217317942e-03 -3.047889999999999974e-02 1.291910300278908356e-03 -2.656291397306643175e-03 9.999956375323788560e-01 1.528980000000000006e+00
9.999915395783360861e-01 -2.999790819627529050e-03 -2.814609526672676425e-03 5.678609999999999734e-03 3.009701013532524536e-03 9.999892636910459043e-01 3.523379407480246688e-03 -6.014309999999999795e-02 2.804009906954588790e-03 -3.531820731349902265e-03 9.999898318336859493e-01 3.052410000000000068e+00
9.999889768117932176e-01 -2.117729711138800243e-03 -4.190641451308886253e-03 3.300330000000000191e-03 2.130820463390095676e-03 9.999928569243514698e-01 3.121811081150038455e-03 -8.841569999999999985e-02 4.184000365160870510e-03 -3.130706173398124445e-03 9.999863463166885902e-01 4.566320000000000157e+00
9.999830347399666364e-01 -1.510089718930652256e-03 -5.625820943435951016e-03 -6.591299999999999590e-03 1.527909454760820835e-03 9.999938255689020394e-01 3.164540530685448251e-03 -1.107780000000000015e-01 5.621007467071639091e-03 -3.173082588442725782e-03 9.999791676939785434e-01 6.079419999999999824e+00
9.999748579318730179e-01 -1.607720274996098358e-03 -6.906427415661497114e-03 -1.834540000000000129e-02 1.632696770558138017e-03 9.999921427689973941e-01 3.612298648302238614e-03 -1.315359999999999863e-01 6.900565584489673672e-03 -3.623483929381172541e-03 9.999696258181184350e-01 7.615300000000000402e+00
9.999624361119304750e-01 -1.717900490973408049e-03 -8.495597859860343215e-03 -3.159959999999999852e-02 1.750107719427379310e-03 9.999913051498416916e-01 3.785069046497198299e-03 -1.531039999999999901e-01 8.489021619936601426e-03 -3.799795075982892196e-03 9.999567480992949120e-01 9.099119999999999209e+00
9.999411300789767809e-01 -3.510418098436544898e-03 -1.026709993878047525e-02 -4.466230000000000200e-02 3.540690325714536922e-03 9.999894340332559084e-01 2.931779982518707261e-03 -1.745690000000000019e-01 1.025669968343269692e-02 -2.967960010289063828e-03 9.999429940376507453e-01 1.059929999999999950e+01
9.999215157354526262e-01 -4.683818492312982230e-03 -1.161999198132010989e-02 -6.176159999999999983e-02 4.721496768749017074e-03 9.999836783236389914e-01 3.217227779867685208e-03 -1.892949999999999910e-01 1.160473341260234541e-02 -3.271839032704193431e-03 9.999273099739632853e-01 1.209420000000000073e+01
9.999057513962240629e-01 -4.716860740984725638e-03 -1.289339169895673681e-02 -8.174589999999999634e-02 4.760070353204690248e-03 9.999831506623095834e-01 3.322667860794870347e-03 -2.061179999999999957e-01 1.287750189225811068e-02 -3.383728155566638907e-03 9.999113562355336216e-01 1.358740000000000059e+01
9.998923067148197674e-01 -4.192058779383748754e-03 -1.406419623394657321e-02 -1.075509999999999938e-01 4.233997626137466289e-03 9.999866749349480832e-01 2.953509209121283220e-03 -2.253130000000000133e-01 1.405162754340676633e-02 -3.012738909479804449e-03 9.998967322517083867e-01 1.507590000000000074e+01
9.998908524373728568e-01 -2.582830241668145066e-03 -1.454689657647483501e-02 -1.381010000000000015e-01 2.635229978228198315e-03 9.999901048133007508e-01 3.584109156501330811e-03 -2.497330000000000105e-01 1.453749548669846549e-02 -3.622052377671220857e-03 9.998877646823906007e-01 1.656040000000000134e+01
9.998870298323102590e-01 -1.008900193788950456e-03 -1.499698948188062098e-02 -1.724999999999999867e-01 1.073477725897205607e-03 9.999901847636101238e-01 4.298606985177493359e-03 -2.728999999999999759e-01 1.499250541746335180e-02 -4.314220304989858576e-03 9.998782987366349184e-01 1.804279999999999973e+01
9.998786647583475240e-01 2.362770121216662886e-05 -1.557739396676212015e-02 -2.055899999999999950e-01 5.596333781731576654e-05 9.999869477250188377e-01 5.108938021271179630e-03 -2.964559999999999973e-01 1.557731135879365444e-02 -5.109189890002656734e-03 9.998656127447823616e-01 1.951640000000000086e+01
9.998716520485974035e-01 2.846109678478455358e-05 -1.602119282620618340e-02 -2.384370000000000100e-01 5.661970820062548415e-05 9.999859000479247584e-01 5.310037622329655781e-03 -3.140620000000000078e-01 1.602111805764984409e-02 -5.310263205141804548e-03 9.998575522947631411e-01 2.098969999999999914e+01
9.998632317529150271e-01 4.972696401020762144e-04 -1.653089566603908531e-02 -2.676450000000000218e-01 -4.079428686483694395e-04 9.999853012454280599e-01 5.406558582544221739e-03 -3.289079999999999782e-01 1.653334119990136977e-02 -5.399075476004794316e-03 9.998487378662694880e-01 2.245159999999999911e+01
9.998618818655123919e-01 1.179229420942543797e-03 -1.657789523217422303e-02 -2.976030000000000064e-01 -1.080270988532102024e-03 9.999815541427151677e-01 5.976988281009840316e-03 -3.424860000000000126e-01 1.658463767911428147e-02 -5.958254131268369939e-03 9.998447124432672251e-01 2.390869999999999962e+01
9.998606811061372390e-01 2.113719250118677954e-03 -1.655749283264033520e-02 -3.285420000000000007e-01 -1.996056881238976715e-03 9.999726631746743699e-01 7.119596918089454024e-03 -3.577299999999999924e-01 1.657208903240979178e-02 -7.085555326217419722e-03 9.998375671932020481e-01 2.536100000000000065e+01
9.998607559699653757e-01 2.444941028506075059e-03 -1.650729943196076188e-02 -3.583160000000000234e-01 -2.341394954664767492e-03 9.999774819159094053e-01 6.289159783581225842e-03 -3.714330000000000132e-01 1.652230434399375170e-02 -6.249633948022294445e-03 9.998439655939721504e-01 2.680199999999999960e+01
9.998606578871717110e-01 2.840571365599235416e-03 -1.644980132856145930e-02 -3.881620000000000070e-01 -2.781113367346580659e-03 9.999895214548574218e-01 3.636260293681070881e-03 -3.917649999999999744e-01 1.645995801544374373e-02 -3.590004847123897443e-03 9.998580807531274317e-01 2.823509999999999920e+01
9.998684793891945422e-01 1.245729878006320750e-03 -1.617009836120153130e-02 -4.157859999999999889e-01 -1.188225140883556125e-03 9.999929381408958484e-01 3.565359638659840440e-03 -4.142689999999999984e-01 1.617442564527292112e-02 -3.545677002979083243e-03 9.998628986664301888e-01 2.966059999999999874e+01
9.998732858099667054e-01 2.898928712125975428e-04 -1.591628994784245049e-02 -4.430220000000000269e-01 -1.893569525664486606e-04 9.999800252942174783e-01 6.317686009976235424e-03 -4.367249999999999743e-01 1.591780347677044377e-02 -6.313871609349908619e-03 9.998533685284934913e-01 3.108200000000000074e+01
9.998748173783541526e-01 -1.377169470900292203e-03 -1.576239121616360497e-02 -4.682220000000000271e-01 1.502062144317076924e-03 9.999675527869036351e-01 7.914365589597315009e-03 -4.557760000000000145e-01 1.575098034782536696e-02 -7.937050939713859860e-03 9.998444428212135415e-01 3.249340000000000117e+01
9.998765731924801337e-01 -2.360198908069645503e-03 -1.553279890996381307e-02 -4.942329999999999779e-01 2.471201084735702956e-03 9.999715206001298373e-01 7.130999499572000799e-03 -4.697680000000000189e-01 1.551552596794021979e-02 -7.168504012584626939e-03 9.998539298338331438e-01 3.388790000000000191e+01
9.998828486400145321e-01 -2.259619094396250402e-03 -1.513879509994113005e-02 -5.237239999999999673e-01 2.342005398152127021e-03 9.999825336399008613e-01 5.426548243558638324e-03 -4.866269999999999762e-01 1.512626874826663963e-02 -5.461367655897459567e-03 9.998706763662400521e-01 3.527199999999999847e+01
9.998934806540974440e-01 -1.462569753787259326e-03 -1.452199143193960880e-02 -5.557809999999999695e-01 1.524803521946189967e-03 9.999896981787725903e-01 4.275337477525733079e-03 -5.049759999999999804e-01 1.451558884969814979e-02 -4.297025255055209048e-03 9.998854100617250440e-01 3.663969999999999771e+01
9.999066658305663102e-01 -7.669628241969250575e-04 -1.364079893651425068e-02 -5.843080000000000496e-01 8.182083542370803802e-04 9.999926279901885096e-01 3.751599707511792201e-03 -5.261240000000000361e-01 1.363782103890372535e-02 -3.762410570717368650e-03 9.998999220442054137e-01 3.799589999999999890e+01
9.999216221148400363e-01 -2.105980020870406829e-04 -1.251819778196543512e-02 -6.124089999999999812e-01 2.660955474292398437e-04 9.999901439042773177e-01 4.431849214743615109e-03 -5.472639999999999727e-01 1.251714106281964431e-02 -4.434832892466435486e-03 9.999118228308080392e-01 3.933010000000000161e+01
9.999401262778947475e-01 4.426547726892783997e-04 -1.093379696629813783e-02 -6.368439999999999657e-01 -3.693206000778803655e-04 9.999774314511791218e-01 6.708218138731319134e-03 -5.678339999999999499e-01 1.093651963114285544e-02 -6.703778416285935925e-03 9.999177225618630649e-01 4.065390000000000015e+01
9.999567664809522194e-01 -1.582141116588586457e-04 -9.297318820673959941e-03 -6.579669999999999686e-01 2.313129631776884420e-04 9.999690687483874241e-01 7.861809002762383189e-03 -5.866810000000000080e-01 9.295787393838792975e-03 -7.863619699459130016e-03 9.999258731635813913e-01 4.195709999999999695e+01
9.999752382349699209e-01 1.851529433572283035e-04 -7.034815939507296431e-03 -6.755109999999999726e-01 -1.264343399078222149e-04 9.999651603274704037e-01 8.346385182470097627e-03 -6.042990000000000306e-01 7.036116206606584517e-03 -8.345289068931673396e-03 9.999404228348222068e-01 4.323949999999999960e+01
9.999932670810616209e-01 1.765249773560339196e-04 -3.665328290454071634e-03 -6.892230000000000301e-01 -1.464070366820853844e-04 9.999662404559689355e-01 8.215626168149437261e-03 -6.210630000000000317e-01 3.666654813865560542e-03 -8.215034223150946904e-03 9.999595336088297204e-01 4.450280000000000058e+01
9.999997825469051360e-01 -6.594626511570460172e-04 -3.892828787288758348e-06 -6.966520000000000490e-01 6.594741335070844652e-04 9.999814710317866950e-01 6.051668114757583275e-03 -6.384349999999999747e-01 -9.809244169269969369e-08 -6.051669366023514421e-03 9.999816884812815498e-01 4.574410000000000309e+01
9.999935735309891660e-01 -9.712037535758364076e-04 3.451037523901274474e-03 -6.994320000000000537e-01 9.559508141585865842e-04 9.999897804975913518e-01 4.418716829597177896e-03 -6.562529999999999752e-01 -3.455293730385880155e-03 -4.415389410719739068e-03 9.999842825172746696e-01 4.697740000000000293e+01
9.999718610851403566e-01 -5.439430767345517295e-04 7.482056124482832846e-03 -7.041140000000000176e-01 5.065004546188115690e-04 9.999873450974502420e-01 5.005307407376467267e-03 -6.682979999999999476e-01 -7.484684042102876869e-03 -5.001376898628951718e-03 9.999594820461015221e-01 4.819769999999999754e+01
9.999187013339733143e-01 -1.244129345778692097e-04 1.275049975498638265e-02 -7.019069999999999476e-01 6.008703327128147762e-05 9.999872709413724081e-01 5.045229903050858083e-03 -6.821159999999999446e-01 -1.275096514498533055e-02 -5.044053592886938928e-03 9.999059807858053928e-01 4.940729999999999933e+01
9.998126932934947586e-01 1.326810288661881389e-03 1.930849304492863669e-02 -6.952439999999999731e-01 -1.403967901338334370e-03 9.999910820991952942e-01 3.983038565278117227e-03 -6.941009999999999680e-01 -1.930303611715442416e-02 -4.009401019900866656e-03 9.998056398621291141e-01 5.060549999999999926e+01
9.996389735456907566e-01 2.872699128020836812e-03 2.671460589710424396e-02 -6.813810000000000144e-01 -2.972822567895529611e-03 9.999887030152699863e-01 3.708930818726345439e-03 -7.063490000000000046e-01 -2.670364946028050759e-02 -3.787009579886929309e-03 9.996362206642696036e-01 5.179120000000000346e+01
9.993764026444116322e-01 3.879219826638441015e-03 3.509640282210631929e-02 -6.533459999999999823e-01 -4.059543759885877838e-03 9.999789167050199268e-01 5.068160407531438656e-03 -7.170720000000000427e-01 -3.507600236595540683e-02 -5.207475299174527637e-03 9.993710803595590164e-01 5.296869999999999834e+01
9.989560706788108702e-01 6.110897775877826947e-03 4.527058407314221017e-02 -6.160229999999999873e-01 -6.366088297803798764e-03 9.999646384426952306e-01 5.494978066785838333e-03 -7.277470000000000327e-01 -4.523540398554246750e-02 -5.777438233565402453e-03 9.989596485512927115e-01 5.413289999999999935e+01
9.982706090189624737e-01 8.408180482022143895e-03 5.818155781595672066e-02 -5.672399999999999665e-01 -8.749041234535454362e-03 9.999460102921113869e-01 5.606315935188349239e-03 -7.346049999999999525e-01 -5.813127769442342357e-02 -6.105653271394501438e-03 9.982902761981323758e-01 5.528110000000000213e+01
9.972861777118710025e-01 1.047009398944467005e-02 7.287425386718279774e-02 -5.012339999999999574e-01 -1.094485483152365067e-02 9.999213839275038485e-01 6.118506126698941387e-03 -7.440909999999999469e-01 -7.280446344533614278e-02 -6.899499717934169489e-03 9.973223686482114436e-01 5.641219999999999857e+01
9.959400619136564714e-01 1.281609887294884662e-02 8.910185567708935050e-02 -4.196119999999999850e-01 -1.351087371366517520e-02 9.998828101600394369e-01 7.198766419038883126e-03 -7.521079999999999988e-01 -8.899915374269269652e-02 -8.373383792785911439e-03 9.959965045505647652e-01 5.753110000000000213e+01
9.942035307594809801e-01 1.305370076559926942e-02 1.067189782639611229e-01 -3.135830000000000006e-01 -1.405404011614803245e-02 9.998640213052637504e-01 8.626868242918490221e-03 -7.606129999999999836e-01 -1.065918542000058866e-01 -1.007669566818244350e-02 9.942517974952901350e-01 5.864030000000000342e+01
9.919861622351862085e-01 1.272710105380015985e-02 1.257039173322505310e-01 -1.872030000000000083e-01 -1.384514837769129994e-02 9.998719505943969299e-01 8.024604722710104721e-03 -7.693370000000000486e-01 -1.255856910651314273e-01 -9.700686229457595317e-03 9.920353475992531589e-01 5.973179999999999978e+01
9.892357874017652097e-01 1.185979535559838170e-02 1.458489018735928400e-01 -4.098729999999999735e-02 -1.297223315570912756e-02 9.998935531658277309e-01 6.678585506681281037e-03 -7.767519999999999980e-01 -1.457541700623467551e-01 -8.498681753040261341e-03 9.892843344144781614e-01 6.080769999999999698e+01
9.859846465191589582e-01 9.296545832733784515e-03 1.665768623310846241e-01 1.299170000000000047e-01 -1.044257419673203652e-02 9.999274417853797337e-01 6.005315036854481058e-03 -7.861960000000000059e-01 -1.665089471248767106e-01 -7.660639668200324402e-03 9.860101851031961573e-01 6.186880000000000024e+01
9.821171024915766878e-01 3.986261620667033018e-03 1.882288679024593792e-01 3.306069999999999842e-01 -5.622149978340009596e-03 9.999509192171638361e-01 8.157854274881961784e-03 -7.967769999999999575e-01 -1.881871101408673919e-01 -9.070219128596372291e-03 9.820913107760338434e-01 6.291349999999999909e+01
9.774836402521563938e-01 -1.511340201455075184e-03 2.110058029775211952e-01 5.556919999999999638e-01 -6.245447460163410305e-04 9.999492482438900876e-01 1.005539061097867649e-02 -8.055710000000000370e-01 -2.110102911785424196e-01 -9.960762384205361711e-03 9.774330873412625520e-01 6.394149999999999778e+01
9.720784615967132947e-01 -6.680053393994238309e-03 2.345609545223170112e-01 8.085809999999999942e-01 4.550227417118097445e-03 9.999433730640604479e-01 9.620088134816091180e-03 -8.092960000000000154e-01 -2.346119347565668867e-01 -8.284174788263983652e-03 9.720538115340414675e-01 6.495000000000000284e+01
9.657081964190273871e-01 -1.310988886922535672e-02 2.592986891269328242e-01 1.083690000000000042e+00 1.151874596945882435e-02 9.999043564543400597e-01 7.654830822627202089e-03 -8.124810000000000088e-01 -2.593742428623170837e-01 -4.405537137345280282e-03 9.657668421426215399e-01 6.593609999999999616e+01
9.583510141633050372e-01 -1.708070543878632483e-02 2.850817131172712071e-01 1.384770000000000056e+00 1.548388388547928575e-02 9.998492678078458873e-01 7.854362096017641903e-03 -8.119499999999999496e-01 -2.851729001710816003e-01 -3.113063736542984704e-03 9.584710354737834281e-01 6.690540000000000020e+01
9.498791027922024455e-01 -1.984538572650412086e-02 3.119869400216085942e-01 1.702700000000000102e+00 1.748286256887757878e-02 9.997934057262675145e-01 1.036799800678886614e-02 -8.172239999999999505e-01 -3.121282422259771816e-01 -4.393919848757515262e-03 9.500298173601101626e-01 6.785809999999999320e+01
9.403206782168777034e-01 -2.409130212880375432e-02 3.394357542738977163e-01 2.053170000000000162e+00 2.068818521277433070e-02 9.996929085814647564e-01 1.364139012465368124e-02 -8.191549999999999665e-01 -3.396601553175661037e-01 -5.804971461579216604e-03 9.405303191263836293e-01 6.879380000000000450e+01
9.295784621378107015e-01 -2.778485595600552888e-02 3.675756854159518694e-01 2.426489999999999814e+00 2.458313111805338763e-02 9.996081054498777707e-01 1.339048853995446903e-02 -8.208940000000000126e-01 -3.678036873033431187e-01 -3.411348473856161585e-03 9.298972041616506701e-01 6.970499999999999829e+01
9.176702913888707958e-01 -2.712888665705621635e-02 3.964155140897154816e-01 2.817009999999999792e+00 2.531746790967180985e-02 9.996314020621184238e-01 9.802337984686094324e-03 -8.219180000000000375e-01 -3.965353226648384299e-01 1.040922702163341040e-03 9.180188747291748719e-01 7.059139999999999304e+01
9.046661337434417360e-01 -2.840018019551747430e-02 4.251736306764040685e-01 3.233019999999999783e+00 2.932111136261788403e-02 9.995604513271740821e-01 4.379106196125229569e-03 -8.249090000000000034e-01 -4.251111135763849247e-01 8.504934301810851069e-03 9.051012137912354261e-01 7.145619999999999550e+01
8.906341080138855393e-01 -3.046068095271489695e-02 4.536992754658172866e-01 3.675549999999999873e+00 3.341449587645570207e-02 9.994404442481202855e-01 1.506607594025910143e-03 -8.302429999999999533e-01 -4.534912977198492512e-01 1.381829645857127718e-02 8.911535768740145302e-01 7.230410000000000537e+01
8.751413275510526724e-01 -3.178208053009642237e-02 4.828224892953513758e-01 4.143099999999999561e+00 3.374822644445951009e-02 9.994197020958244249e-01 4.616955116423755896e-03 -8.353089999999999682e-01 -4.826890448560384184e-01 1.225391447138643800e-02 8.757060737234230174e-01 7.313679999999999382e+01
8.576463955593615074e-01 -3.099969288360649930e-02 5.133046651114301362e-01 4.632679999999999687e+00 2.980464806838987665e-02 9.994999216879234538e-01 1.056359310813473860e-02 -8.416400000000000547e-01 -5.133754407230197714e-01 6.239037342161425290e-03 8.581414401341356246e-01 7.395659999999999457e+01
8.382642490492272502e-01 -3.111988961134837944e-02 5.443754230643707004e-01 5.147170000000000023e+00 2.706236435552362291e-02 9.995140962954413011e-01 1.546608360885833033e-02 -8.471549999999999914e-01 -5.445922118442605431e-01 1.767421083048117784e-03 8.386991111365811324e-01 7.474630000000000507e+01
8.173070127046312416e-01 -2.571327000653052600e-02 5.756284172358094864e-01 5.681630000000000180e+00 2.406563084128747129e-02 9.996553968777402988e-01 1.048488938513476333e-02 -8.492229999999999501e-01 -5.756996546777171098e-01 5.283487369048595408e-03 8.176441722199079276e-01 7.550799999999999557e+01
7.955252946734796549e-01 -1.893846991005342442e-02 6.056243389198781024e-01 6.240560000000000329e+00 2.134119866504039301e-02 9.997670307502751763e-01 3.230706473464338337e-03 -8.500429999999999930e-01 -6.055444317093607864e-01 1.035464061396663797e-02 7.957441313912047010e-01 7.624330000000000496e+01
7.731891790209227677e-01 -1.619460343788989634e-02 6.339686335020375818e-01 6.825109999999999566e+00 2.047671795708306750e-02 9.997901698164212148e-01 5.660036727926564745e-04 -8.536869999999999736e-01 -6.338447739523118685e-01 1.254396898676920363e-02 7.733585529205722064e-01 7.695010000000000616e+01
7.500712752330933597e-01 -1.906810599204764034e-02 6.610820595085584728e-01 7.440859999999999808e+00 2.188779720398800754e-02 9.997524215388972069e-01 4.002494305833012231e-03 -8.610240000000000116e-01 -6.609947098152588740e-01 1.146747404562869881e-02 7.503029325780716796e-01 7.763630000000000564e+01
7.258264882927781825e-01 -1.929990838763096656e-02 6.876070261630568003e-01 8.072929999999999495e+00 2.110114208659833596e-02 9.997605947131880111e-01 5.787491803351169084e-03 -8.726629999999999665e-01 -6.875541074673431341e-01 1.030857870716038460e-02 7.260599717033182632e-01 7.829420000000000357e+01
7.006277900344722864e-01 -1.802846453388070105e-02 7.132991478320733769e-01 8.719889999999999475e+00 2.264218339651443909e-02 9.997390467002602588e-01 3.028206382246687728e-03 -8.810959999999999903e-01 -7.131676039771086550e-01 1.402900457642948517e-02 7.008531627011072018e-01 7.891710000000000491e+01
6.745833302448197566e-01 -1.558356284212561969e-02 7.380342018666574688e-01 9.389060000000000628e+00 2.286047841710513173e-02 9.997386421378933186e-01 2.143427682030039916e-04 -8.873520000000000296e-01 -7.378446510494940380e-01 1.672722288446986186e-02 6.747632702898280765e-01 7.951869999999999550e+01
6.477212773199294560e-01 -1.318647166989339245e-02 7.617632597283344742e-01 1.007649999999999935e+01 2.081706773145708747e-02 9.997832237782025011e-01 -3.938816172309490826e-04 -8.958819999999999562e-01 -7.615929336581995779e-01 1.611280287732594699e-02 6.478553704225453735e-01 8.009510000000000218e+01
6.200155128925207704e-01 -1.215827170791065545e-02 7.844953410962368645e-01 1.078960000000000008e+01 2.116918055729468187e-02 9.997751436962091232e-01 -1.236058961824427344e-03 -9.080080000000000373e-01 -7.843039140327919823e-01 1.737349925320368429e-02 6.201334791450481276e-01 8.064910000000000423e+01
5.915732590115769796e-01 -6.079235349908128187e-03 8.062283312560917237e-01 1.151919999999999966e+01 2.021676442989175579e-02 9.997690021301879337e-01 -7.295533948558123420e-03 -9.223820000000000352e-01 -8.059977429611128175e-01 2.061517104388726693e-02 5.915595093178904751e-01 8.117770000000000152e+01
5.617951223554339402e-01 3.063623096168614432e-03 8.272707263714627057e-01 1.226249999999999929e+01 1.891102244198659965e-02 9.996842766248854595e-01 -1.654449452773355464e-02 -9.563570000000000126e-01 -8.270602237611488494e-01 2.493915159952616797e-02 5.615598142581555985e-01 8.169280000000000541e+01
5.312252454001354929e-01 1.149457901814746920e-02 8.471526505316274713e-01 1.302950000000000053e+01 1.835397658440825891e-02 9.995171669324601771e-01 -2.507118965760439522e-02 -1.002550000000000052e+00 -8.470317999892950089e-01 2.886706878961111528e-02 5.307577810511976413e-01 8.219729999999999848e+01
4.997237781118437638e-01 1.654437492175452051e-02 8.660268063103320202e-01 1.381869999999999976e+01 1.612945483993076523e-02 9.994664764110371413e-01 -2.840076085375816892e-02 -1.057169999999999943e+00 -8.660346334161188597e-01 2.816107577764295419e-02 4.991903119401001065e-01 8.268089999999999407e+01
4.674452146036796596e-01 1.606395259253658517e-02 8.838760777231301491e-01 1.463230000000000075e+01 1.383144387789881150e-02 9.995795993718633587e-01 -2.548167341125234103e-02 -1.104360000000000008e+00 -8.839138320585172570e-01 2.413656866022852870e-02 4.670265126830999147e-01 8.312470000000000425e+01
4.346117566872318427e-01 1.443681982954922796e-02 9.005021927693724892e-01 1.546550000000000047e+01 9.414239984402206912e-03 9.997440603634378808e-01 -2.057148155925648397e-02 -1.155259999999999954e+00 -9.005687053383294449e-01 1.741815148733874552e-02 4.343646106256927597e-01 8.354999999999999716e+01
4.005033872114045490e-01 1.533253807064680410e-02 9.161669881132500359e-01 1.631169999999999831e+01 5.408994762547744001e-03 9.998030085026734515e-01 -1.909677890801808609e-02 -1.196720000000000006e+00 -9.162793130960943389e-01 1.260386707781226134e-02 4.003415578313527234e-01 8.393139999999999645e+01
3.654485225448856345e-01 1.830050693951818658e-02 9.306516366587000988e-01 1.717790000000000106e+01 -1.274544290403707009e-03 9.998156165915894622e-01 -1.916007193179880899e-02 -1.238089999999999913e+00 -9.308306789672395887e-01 5.815863249471399377e-03 3.654044647073314556e-01 8.429349999999999454e+01
3.297711138006214071e-01 2.049201213483729106e-02 9.438384872113256829e-01 1.805959999999999965e+01 -6.683311262192822080e-03 9.997900134515466108e-01 -1.937168947533597987e-02 -1.272899999999999920e+00 -9.440372587208996080e-01 8.025722321083894606e-05 3.298388207981405307e-01 8.461799999999999500e+01
2.937387516378831553e-01 1.965417576184098208e-02 9.556836606123079170e-01 1.896109999999999829e+01 -9.575869735132414018e-03 9.997989307696013572e-01 -1.761819374332913857e-02 -1.307670000000000110e+00 -9.558377731106016961e-01 -3.976356005738088291e-03 2.938678956399998210e-01 8.490479999999999450e+01
2.576413865460814856e-01 1.930214820262859607e-02 9.660477954083724894e-01 1.987740000000000151e+01 -1.037816299848310850e-02 9.997980571673532602e-01 -1.720867854202432629e-02 -1.348910000000000053e+00 -9.661848734436851993e-01 -5.592133684880398921e-03 2.577896785549430581e-01 8.515609999999999502e+01
2.218860661897575914e-01 1.848728280692302911e-02 9.748973248528542968e-01 2.080969999999999942e+01 -9.759973169636098483e-03 9.998122670167766124e-01 -1.673838840813809958e-02 -1.404709999999999903e+00 -9.750237517899564832e-01 -5.800956575475858280e-03 2.220248462407911072e-01 8.537479999999999336e+01
1.866210080674622351e-01 1.758737692305455125e-02 9.822745458988799694e-01 2.175240000000000151e+01 -7.833588632547079655e-03 9.998346023998035959e-01 -1.641349241211602361e-02 -1.457600000000000007e+00 -9.824007503239298167e-01 -4.631632216937074317e-03 1.867279136765224168e-01 8.555349999999999966e+01
1.521307167021365148e-01 1.578908913265535813e-02 9.882342585136661972e-01 2.270560000000000045e+01 -3.459548287227595664e-04 9.998731804486161723e-01 -1.592178805365413244e-02 -1.503440000000000110e+00 -9.883603216190698371e-01 2.080308614139863427e-03 1.521168858645192135e-01 8.569389999999999930e+01
1.185953079507568730e-01 1.900259289374863630e-02 9.927608243657584097e-01 2.365960000000000107e+01 3.323921214257759618e-03 9.998036586056727737e-01 -1.953447686713724249e-02 -1.552789999999999893e+00 -9.929371100325674604e-01 5.616556064508448042e-03 1.185088596609876754e-01 8.579989999999999384e+01
8.601326960491653684e-02 2.479965399693853309e-02 9.959852883519435540e-01 2.461870000000000047e+01 3.737303953857202404e-03 9.996750834862240254e-01 -2.521428198397608622e-02 -1.595509999999999984e+00 -9.962869817532640226e-01 5.891062590323448839e-03 8.589263862828100393e-02 8.588339999999999463e+01
5.671302344365174164e-02 2.839986140432549516e-02 9.979865133578186276e-01 2.558139999999999858e+01 1.044174475298927790e-02 9.995237983258780101e-01 -2.903698584086864681e-02 -1.654379999999999962e+00 -9.983359168828865871e-01 1.206749569813423718e-02 5.638947250313908199e-02 8.593110000000000070e+01
3.109856111501856785e-02 2.797696391781775635e-02 9.991247014194558629e-01 2.655180000000000007e+01 1.331687273333915719e-02 9.995078671115633639e-01 -2.840219151222886720e-02 -1.704039999999999999e+00 -9.994276063813626321e-01 1.418848378208189057e-02 3.071069082235200476e-02 8.595310000000000628e+01
8.596152977647897667e-03 2.404884198552196400e-02 9.996738264819883257e-01 2.753280000000000172e+01 1.424017016596123425e-02 9.996064448206993802e-01 -2.416967162720055212e-02 -1.757649999999999935e+00 -9.998616522837694420e-01 1.444329159428805326e-02 8.250310314953379631e-03 8.596040000000000703e+01
-1.048129089350551685e-02 2.084131200914796436e-02 9.997278540957750259e-01 2.851569999999999894e+01 1.453108208541588169e-02 9.996803765657156227e-01 -2.068797628710719941e-02 -1.803490000000000038e+00 -9.998394822143366056e-01 1.431029081347926293e-02 -1.078078764288714630e-02 8.594689999999999941e+01
-2.694718473762099456e-02 2.372384056916400363e-02 9.993553064968264676e-01 2.949429999999999907e+01 1.646258431923827703e-02 9.995932997488117255e-01 -2.328558384095607420e-02 -1.868600000000000039e+00 -9.995012919212505897e-01 1.582449006859661805e-02 -2.732678103656538404e-02 8.591759999999999309e+01
-4.167001565799764023e-02 2.945356046594240634e-02 9.986972001417355749e-01 3.047579999999999956e+01 1.914634551148974156e-02 9.994053875857084046e-01 -2.867557703368220356e-02 -1.928579999999999961e+00 -9.989479602304702777e-01 1.792648991127544084e-02 -4.220916619460812758e-02 8.586990000000000123e+01
-5.355846914117470825e-02 3.340786251103520371e-02 9.980057139644530340e-01 3.146150000000000091e+01 2.353179229671572767e-02 9.992048690443610104e-01 -3.218515852603109212e-02 -1.987440000000000095e+00 -9.982874060783087922e-01 2.176107535222674208e-02 -5.430203002611078134e-02 8.580920000000000414e+01
-6.265204042093140691e-02 3.722427104283846516e-02 9.973410026046374277e-01 3.245120000000000005e+01 2.954227381616979925e-02 9.989354901014328991e-01 -3.542796457010443517e-02 -2.053469999999999906e+00 -9.975981033907714846e-01 2.724408671876201588e-02 -6.368503631149269317e-02 8.573569999999999425e+01
-6.835027354496350793e-02 4.226061819968118111e-02 9.967659104602794029e-01 3.344109999999999872e+01 3.312494860513125888e-02 9.986476938985134888e-01 -4.006895620163281047e-02 -2.116010000000000169e+00 -9.971113166975070774e-01 3.027909543830085634e-02 -6.965772385889590357e-02 8.565640000000000498e+01
-7.195223133601112708e-02 4.761151964680843118e-02 9.962710572944949439e-01 3.443180000000000263e+01 3.503112714328027177e-02 9.983643858911165347e-01 -4.518155724767629333e-02 -2.184989999999999988e+00 -9.967927048974830617e-01 3.164958421804768551e-02 -7.350243044950444116e-02 8.557769999999999300e+01
-7.464713403577516448e-02 5.124123445933946586e-02 9.958926354137418446e-01 3.543019999999999925e+01 3.728587558283681658e-02 9.981240230306835937e-01 -4.856128222220391921e-02 -2.250440000000000218e+00 -9.965127038137879811e-01 3.350776835491028893e-02 -7.641767202426053007e-02 8.549410000000000309e+01
-7.729240021596343879e-02 5.479552343835351891e-02 9.955015497124913848e-01 3.643059999999999832e+01 3.773781768031254924e-02 9.979338264446536710e-01 -5.199937647952462827e-02 -2.322909999999999808e+00 -9.962940037888327049e-01 3.354889936568261621e-02 -7.920056417582188590e-02 8.541079999999999472e+01
-7.960683596220108349e-02 5.736734087722258901e-02 9.951742258864847424e-01 3.743299999999999983e+01 3.862276706312833818e-02 9.977704814819722268e-01 -5.442745766265897484e-02 -2.393219999999999903e+00 -9.960778250380212251e-01 3.410358461965182914e-02 -8.164503649099386084e-02 8.532460000000000377e+01
-8.145959955737794300e-02 6.149884664998116202e-02 9.947774753685740823e-01 3.843639999999999901e+01 3.968959021172427382e-02 9.975029619449886642e-01 -5.841726919156697145e-02 -2.467690000000000161e+00 -9.958860728360334758e-01 3.472366299365175352e-02 -8.369705585936859649e-02 8.523520000000000607e+01
-8.343207221531924456e-02 6.318544760304013741e-02 9.945082646901740597e-01 3.944530000000000314e+01 4.240680291068747720e-02 9.973088461666773652e-01 -5.980575578140328447e-02 -2.553389999999999826e+00 -9.956107434096680420e-01 3.718419783852024846e-02 -8.588703649768059112e-02 8.513460000000000605e+01
-8.540847761049732978e-02 6.228756069326135680e-02 9.943971297902768347e-01 4.046260000000000190e+01 4.270849626188048809e-02 9.973555021441546931e-01 -5.880464853929542879e-02 -2.642290000000000028e+00 -9.954302468276249316e-01 3.744679059231115215e-02 -8.784282312761515499e-02 8.503409999999999513e+01
-8.785703911712536285e-02 6.101966443020526154e-02 9.942624106494208913e-01 4.148109999999999786e+01 4.155564898799911366e-02 9.974776713981570175e-01 -5.754496589013262386e-02 -2.725960000000000161e+00 -9.952659286415659334e-01 3.626148941970615269e-02 -9.017114655091407194e-02 8.493420000000000414e+01
-8.979663978536907287e-02 6.260080687178891379e-02 9.939907959645590818e-01 4.249980000000000047e+01 4.207945884759597271e-02 9.973699819143978518e-01 -5.901218788663051967e-02 -2.804940000000000211e+00 -9.950707927712230116e-01 3.652749861507754298e-02 -9.219468107529504852e-02 8.483089999999999975e+01
-9.222688500827803948e-02 6.449773784857307235e-02 9.936469410681476599e-01 4.352179999999999893e+01 4.087511055451945735e-02 9.973040615615447191e-01 -6.094123505478429154e-02 -2.885709999999999997e+00 -9.948987018882002875e-01 3.499500829066058000e-02 -9.461459916900205602e-02 8.472740000000000293e+01
-9.479897590050755107e-02 6.705248164668453636e-02 9.932356814337855999e-01 4.455060000000000286e+01 3.951681214833487055e-02 9.971960942687720930e-01 -6.354817961782546765e-02 -2.970260000000000122e+00 -9.947118053616578193e-01 3.322520549413091745e-02 -9.718286882997728693e-02 8.461719999999999686e+01
-9.731206937842010185e-02 7.042852583722949977e-02 9.927588750052472877e-01 4.558319999999999794e+01 3.733958542163876709e-02 9.970491442218613054e-01 -6.707279155510245672e-02 -3.057679999999999954e+00 -9.945532245756530942e-01 3.054221267113399474e-02 -9.965468745283145857e-02 8.450430000000000064e+01
-9.948576763021144131e-02 7.481541370151940928e-02 9.922223722088201470e-01 4.661809999999999832e+01 3.402156592775645860e-02 9.968420657055022671e-01 -7.175255460128476814e-02 -3.145649999999999835e+00 -9.944571962084900463e-01 2.661860087715981621e-02 -1.017169356424562077e-01 8.439199999999999591e+01
-1.019699956039400168e-01 7.742016648187732830e-02 9.917702545541741133e-01 4.765870000000000317e+01 3.177772086529914719e-02 9.967116769713618707e-01 -7.453864397440258804e-02 -3.236699999999999910e+00 -9.942797878128369904e-01 2.391549311333575345e-02 -1.040949217589715037e-01 8.427509999999999479e+01
-1.046191496785740943e-01 7.597167231582019342e-02 9.916063425200898340e-01 4.870309999999999917e+01 2.999432024291546345e-02 9.968654017060782913e-01 -7.321005145842054973e-02 -3.325340000000000185e+00 -9.940599450102078904e-01 2.208338486094908043e-02 -1.065699293393106428e-01 8.415720000000000312e+01
-1.076683357053592333e-01 7.153170036443751156e-02 9.916101781090240763e-01 4.975860000000000127e+01 2.661452341180423758e-02 9.972581688844458503e-01 -6.904934276880878019e-02 -3.424490000000000034e+00 -9.938305673654843631e-01 1.895680448319946032e-02 -1.092769094263978946e-01 8.403480000000000416e+01
-1.102040814787655365e-01 6.989793669575763979e-02 9.914481019554668428e-01 5.081269999999999953e+01 2.646761501470169115e-02 9.973766700803855523e-01 -6.737390692838901574e-02 -3.516610000000000014e+00 -9.935565035672886403e-01 1.881638714093506956e-02 -1.117650114933439465e-01 8.390720000000000312e+01
-1.120734767706587642e-01 7.015538974304612319e-02 9.912203373087832281e-01 5.186889999999999645e+01 2.617822692939046278e-02 9.973669377387274215e-01 -6.763055478485162364e-02 -3.607099999999999973e+00 -9.933550403754792812e-01 1.836879951642945985e-02 -1.136149240414976447e-01 8.377679999999999438e+01
-1.133580410223550272e-01 7.293623984885375111e-02 9.908734830705103747e-01 5.292519999999999669e+01 2.757363374032864925e-02 9.971486962739756210e-01 -7.024366335453346988e-02 -3.694620000000000015e+00 -9.931715104945009198e-01 1.935929843308629647e-02 -1.150459399816021744e-01 8.364350000000000307e+01
-1.139399983728556498e-01 7.571941533439280336e-02 9.905979239389769431e-01 5.398409999999999798e+01 2.810211155929026247e-02 9.969380136912913137e-01 -7.297169439701861604e-02 -3.785000000000000142e+00 -9.930901006941427189e-01 1.952349862807363501e-02 -1.157189911147550321e-01 8.350889999999999702e+01
-1.143323288525071868e-01 7.690419294254932647e-02 9.904614397779539781e-01 5.505279999999999774e+01 2.727926560789326396e-02 9.968662895785630473e-01 -7.425255800147456675e-02 -3.880209999999999937e+00 -9.930679534891136973e-01 1.852959281051474658e-02 -1.160719343477154553e-01 8.337409999999999854e+01
-1.141671863391903463e-01 7.515016417479003508e-02 9.906151151622381024e-01 5.612590000000000146e+01 2.394189458070149559e-02 9.970533546809132730e-01 -7.287930847245729926e-02 -3.974209999999999798e+00 -9.931730157667789660e-01 1.539677706661739254e-02 -1.156300134423658976e-01 8.324389999999999645e+01
-1.143639917027050174e-01 7.484010134526433711e-02 9.906158875328291424e-01 5.720069999999999766e+01 2.019663116306422493e-02 9.971273935157665136e-01 -7.300039171207765853e-02 -4.071119999999999628e+00 -9.932335946248934677e-01 1.165848751271781128e-02 -1.155469868816536572e-01 8.311450000000000671e+01
-1.144291595914826848e-01 7.571786413346190403e-02 9.905416561085426119e-01 5.827700000000000102e+01 1.649300528173882827e-02 9.970985125557617623e-01 -7.431377420010359947e-02 -4.165560000000000151e+00 -9.932944921884768741e-01 7.833346038191489613e-03 -1.153459599547483894e-01 8.298749999999999716e+01
-1.147686644235439424e-01 7.607580590168819268e-02 9.904749494171194435e-01 5.935949999999999704e+01 1.245756599357736999e-02 9.970951157244551943e-01 -7.514079616261074013e-02 -4.264000000000000234e+00 -9.933141309354016624e-01 3.715098228044409756e-03 -1.153829941074695498e-01 8.285829999999999984e+01
-1.152237097428924911e-01 7.519956230146618292e-02 9.904890320153743044e-01 6.044989999999999952e+01 8.850463082837545237e-03 9.971684911178763100e-01 -7.467710241377270575e-02 -4.361749999999999794e+00 -9.933001389390341274e-01 1.617138388427460938e-04 -1.155630037353189143e-01 8.272880000000000678e+01
-1.155794309468380771e-01 7.027827788453364088e-02 9.908089416227479074e-01 6.155570000000000164e+01 8.756091152361859808e-03 9.975272348989704385e-01 -6.973339589139351813e-02 -4.456970000000000098e+00 -9.932596468244025978e-01 6.158671923061215248e-04 -1.159089931707838472e-01 8.258889999999999532e+01
-1.158393316391631428e-01 6.185024893213800223e-02 9.913404036719296597e-01 6.265879999999999939e+01 1.176409042413021147e-02 9.980748028981631936e-01 -6.089576336893672004e-02 -4.537130000000000329e+00 -9.931982961231281548e-01 4.608093621576062060e-03 -1.163439300148053634e-01 8.244979999999999620e+01
-1.158157067891167069e-01 5.517908147051943379e-02 9.917368557379560023e-01 6.376899999999999835e+01 1.644904274650814055e-02 9.984253706469018441e-01 -5.363029219872134101e-02 -4.605209999999999582e+00 -9.931345080368827460e-01 1.010189173701944720e-02 -1.165409830474783970e-01 8.230459999999999354e+01
-1.149770440907845609e-01 5.785126399783387802e-02 9.916821620791607117e-01 6.487099999999999511e+01 2.522799246314300775e-02 9.981508174274740242e-01 -5.530365327123412666e-02 -4.667830000000000368e+00 -9.930477469529979118e-01 1.865949953021827853e-02 -1.162239017967320320e-01 8.215439999999999543e+01
-1.136955714149438523e-01 6.378304055568072284e-02 9.914661067218090151e-01 6.597539999999999338e+01 3.137785442249339807e-02 9.976697953343391934e-01 -6.058390652127598752e-02 -4.729750000000000121e+00 -9.930200135407493134e-01 2.422195729106721082e-02 -1.154320124251478896e-01 8.200579999999999359e+01
-1.127830682364698439e-01 6.944253581004933285e-02 9.911900492536421803e-01 6.708459999999999468e+01 3.475483015677965221e-02 9.972200963282259467e-01 -6.591040327518160602e-02 -4.801099999999999923e+00 -9.930116219359877983e-01 2.701506430482233587e-02 -1.148830057086996925e-01 8.186329999999999529e+01
-1.120196268195957356e-01 7.322780975314945040e-02 9.910041831828740877e-01 6.819819999999999993e+01 3.585163498382493152e-02 9.969296237878867428e-01 -6.961311286768541440e-02 -4.879920000000000258e+00 -9.930590432981240001e-01 2.773108531772746840e-02 -1.143010211280539590e-01 8.172419999999999618e+01
-1.120105225870296900e-01 7.227846719503269735e-02 9.910749043385759238e-01 6.932330000000000325e+01 3.306163677956986541e-02 9.970701143125191290e-01 -6.897909334193785824e-02 -4.960090000000000110e+00 -9.931568712963912970e-01 2.504017421577900068e-02 -1.140719889894409311e-01 8.159000000000000341e+01
-1.117400270379633465e-01 6.721190218727673971e-02 9.914619138231801632e-01 7.045589999999999975e+01 3.092538104936168319e-02 9.974620500816413493e-01 -6.413329442560197768e-02 -5.043630000000000280e+00 -9.932561538518183131e-01 2.349508142776082081e-02 -1.135349901316589083e-01 8.145539999999999736e+01
-1.115183506713497003e-01 6.424711292955792574e-02 9.916834000545531325e-01 7.159269999999999357e+01 2.936663499485098888e-02 9.976852182987032691e-01 -6.133356289461756872e-02 -5.120049999999999990e+00 -9.933283738082898662e-01 2.228258666504963001e-02 -1.131469315487321214e-01 8.132189999999999941e+01
