1.000000000000000000e+00 5.251120000000000386e-26 -5.072820000000001100e-19 0.000000000000000000e+00 -5.251120000000000386e-26 1.000000000000000000e+00 -4.135900000000000412e-25 0.000000000000000000e+00 5.072820000000001100e-19 4.135900000000000412e-25 1.000000000000000000e+00 0.000000000000000000e+00
9.999986794587886196e-01 -1.415208853149535874e-03 -7.989146267789315600e-04 6.987710000000000275e-03 1.417120039619801158e-03 9.999961236657152197e-01 2.396752873544147865e-03 -1.740790000000000046e-02 7.955196240333218269e-04 -2.397881866460758321e-03 9.999968086504487097e-01 1.525300000000000100e+00
9.999973001861798272e-01 -1.707041412560334273e-03 -1.576588077790666998e-03 2.237070000000000031e-02 1.712526423895439822e-03 9.999924635420242014e-01 3.484266407853010665e-03 -4.112860000000000127e-02 1.570628408850275812e-03 -3.486956949725224936e-03 9.999926871020767827e-01 3.056410000000000071e+00
9.999939992435712410e-01 -5.033995455448707487e-04 -3.427545148668443165e-03 7.403560000000000002e-03 5.149055838191792705e-04 9.999942331039497478e-01 3.356878175226048287e-03 -5.997450000000000003e-02 3.425835531424004533e-03 -3.358622893553599078e-03 9.999884915853635148e-01 4.572230000000000238e+00
9.999888145226323299e-01 -2.418388759112720322e-04 -4.723594349482421531e-03 1.290600000000000080e-02 2.567550867803219190e-04 9.999949822542036904e-01 3.157458351281769438e-03 -6.868879999999999431e-02 4.722807051508320919e-03 -3.158635840479958115e-03 9.999838589263235766e-01 6.070969999999999978e+00
9.999805007562199144e-01 2.176543060308622050e-04 -6.241052310525722728e-03 1.281540000000000066e-03 -1.956148560725444105e-04 9.999937441813551153e-01 3.531760606627705641e-03 -9.132339999999999902e-02 6.241781970538218434e-03 -3.530470897417199543e-03 9.999742876359745125e-01 7.592999999999999972e+00
9.999714587755786921e-01 -5.950406818445646640e-04 -7.531770099252464885e-03 -1.213939999999999984e-02 6.226248158660675292e-04 9.999931063106115570e-01 3.660555913048054930e-03 -1.017910000000000065e-01 7.529539997882425152e-03 -3.665140903271426297e-03 9.999649357700396424e-01 9.099930000000000518e+00
9.999621348345835159e-01 -1.717218338002109114e-03 -8.531122917995374519e-03 -5.092369999999999709e-03 1.742950338573703633e-03 9.999939518018576834e-01 3.009731519787666766e-03 -1.235160000000000008e-01 8.525902953915346152e-03 -3.024486879384144337e-03 9.999590798917408208e-01 1.058859999999999957e+01
9.999406337766481023e-01 -3.100457461309759095e-03 -1.044586453510840118e-02 -1.684249999999999983e-02 3.132162886776018468e-03 9.999905338624806017e-01 3.020222025224944019e-03 -1.374450000000000116e-01 1.043640158320528408e-02 -3.052760875266779042e-03 9.999408793388899763e-01 1.209629999999999939e+01
9.999297773065480843e-01 -2.798536212569759443e-03 -1.151558295285506905e-02 -3.656829999999999803e-02 2.836117986731930517e-03 9.999907017233690132e-01 3.248522982745465949e-03 -1.588799999999999935e-01 1.150638476857462900e-02 -3.280954414652172829e-03 9.999284166617560254e-01 1.358999999999999986e+01
9.999182712483161151e-01 -2.338611998470293413e-03 -1.256907783807682463e-02 -4.276370000000000171e-02 2.377887503889303082e-03 9.999923344550522009e-01 3.110736593468695858e-03 -1.681439999999999879e-01 1.256170668332413920e-02 -3.140370209976669266e-03 9.999161672861113237e-01 1.506099999999999994e+01
9.999109820525303727e-01 -1.237958857514421173e-03 -1.328515820799313144e-02 -6.937190000000000023e-02 1.287972382946950050e-03 9.999921140554557386e-01 3.756721182249213309e-03 -1.900489999999999957e-01 1.328040277570946559e-02 -3.773497683515330062e-03 9.999046912667964859e-01 1.655219999999999914e+01
9.999052599267191921e-01 2.230811257598422110e-04 -1.376304492804917949e-02 -8.174910000000000510e-02 -1.612691222184710110e-04 9.999898974461505219e-01 4.492103951120765375e-03 -2.030859999999999888e-01 1.376390798975310643e-02 -4.489458814688650733e-03 9.998951943060837566e-01 1.802349999999999852e+01
9.999034780989347615e-01 8.773610845784608845e-04 -1.386595554515969442e-02 -1.014570000000000055e-01 -8.051734267287989546e-04 9.999860993609448467e-01 5.210833007824061495e-03 -2.132880000000000054e-01 1.387033458161580912e-02 -5.199165549374847213e-03 9.998902852294265786e-01 1.950639999999999930e+01
9.998904260987583337e-01 1.273402938160511167e-03 -1.474836401098620665e-02 -1.213250000000000023e-01 -1.193584319692663756e-03 9.999846016884402777e-01 5.419570322748575551e-03 -2.363879999999999870e-01 1.475503820785472632e-02 -5.401373063260626016e-03 9.998765493882313393e-01 2.097439999999999927e+01
9.998933239727291200e-01 1.827544132978380217e-03 -1.449140287235834747e-02 -1.262330000000000119e-01 -1.749194266784418481e-03 9.999837954972434773e-01 5.417477489020396629e-03 -2.470160000000000133e-01 1.450106872558115829e-02 -5.391551295222045230e-03 9.998803179283243248e-01 2.244369999999999976e+01
9.998821306453224977e-01 2.652316021441401220e-03 -1.512250098008504143e-02 -1.562409999999999910e-01 -2.559424907198946855e-03 9.999777600970151115e-01 6.158624481245418211e-03 -2.591049999999999742e-01 1.513849927551200181e-02 -6.119193662484543120e-03 9.998666817674276563e-01 2.389450000000000074e+01
9.998843555678104122e-01 3.186595825074307452e-03 -1.487014114902634326e-02 -1.734870000000000023e-01 -3.081062319231443660e-03 9.999699448194642182e-01 7.114528286735300605e-03 -2.691649999999999876e-01 1.489236535038539894e-02 -7.067889699575367196e-03 9.998641219633122024e-01 2.535020000000000095e+01
9.998862644254370435e-01 3.831056807625233835e-03 -1.458702221433819460e-02 -1.886569999999999914e-01 -3.742733101347756833e-03 9.999745279902565454e-01 6.077443508224923165e-03 -2.869209999999999816e-01 1.460993368489136787e-02 -6.022156955803942800e-03 9.998751339358943335e-01 2.680430000000000135e+01
9.998818820097309379e-01 3.761486003703944786e-03 -1.490212238986522719e-02 -2.155350000000000044e-01 -3.701441785015390125e-03 9.999849289553404130e-01 4.054773840191002073e-03 -2.977899999999999991e-01 1.491714977436122899e-02 -3.999135559954742312e-03 9.998807356667006596e-01 2.822860000000000014e+01
9.998949576379858595e-01 2.941418242349065192e-03 -1.419231301986569049e-02 -2.290220000000000034e-01 -2.886016671673689252e-03 9.999881422427521205e-01 3.922535106291287835e-03 -3.143799999999999928e-01 1.420368254718101450e-02 -3.881163821953695619e-03 9.998915901083906821e-01 2.965409999999999968e+01
9.999082445756249937e-01 1.186955624804113133e-03 -1.349420490569581098e-02 -2.343780000000000030e-01 -1.105528238085827031e-03 9.999811472769399856e-01 6.040107450187578476e-03 -3.279179999999999873e-01 1.350111984270022970e-02 -6.024635012991452938e-03 9.998907057953650979e-01 3.107049999999999912e+01
9.999056298039543655e-01 -2.066568737536937682e-04 -1.373640343371588558e-02 -2.565580000000000083e-01 3.111072603831059472e-04 9.999710543967196275e-01 7.602208954334165568e-03 -3.428899999999999726e-01 1.373443477649547058e-02 -7.605765027224546844e-03 9.998767512247300759e-01 3.249649999999999750e+01
9.999142639458984405e-01 -9.786102067555679448e-04 -1.305783594611027200e-02 -2.600819999999999799e-01 1.071721229598397024e-03 9.999740384850778208e-01 7.125571517438806027e-03 -3.550719999999999987e-01 1.305052378789157454e-02 -7.138954959049741839e-03 9.998893534541480888e-01 3.389330000000000354e+01
9.999146976807228304e-01 -1.036637672536879027e-03 -1.302009003058676034e-02 -2.833640000000000048e-01 1.106952852012055982e-03 9.999848370647339557e-01 5.394469019376485486e-03 -3.689990000000000214e-01 1.301430049799564767e-02 -5.408421484450675817e-03 9.999006835479183897e-01 3.528390000000000271e+01
9.999225220515888246e-01 -2.323727289670849143e-04 -1.244571801483643561e-02 -2.899100000000000010e-01 2.930353549182041764e-04 9.999880860020891049e-01 4.872574695081800453e-03 -3.744419999999999971e-01 1.244443748309901482e-02 -4.875844213386633721e-03 9.999106770701751135e-01 3.663680000000000092e+01
9.999372949955983580e-01 6.811793397802505578e-04 -1.117774895015361501e-02 -3.106689999999999729e-01 -6.427577479000292195e-04 9.999938746835703718e-01 3.440560683562546903e-03 -4.084880000000000178e-01 1.118002412175922618e-02 -3.433160358447947310e-03 9.999316078965551080e-01 3.800990000000000180e+01
9.999440017108333079e-01 1.162171760577790456e-03 -1.051868809899109483e-02 -3.265120000000000244e-01 -1.115717804152507615e-03 9.999896043940579293e-01 4.421117234031193312e-03 -4.187350000000000239e-01 1.052371684845418431e-02 -4.409133771441511342e-03 9.999349033427521460e-01 3.934850000000000136e+01
9.999640568674392771e-01 1.084380232451049751e-03 -8.408869883877125376e-03 -3.377149999999999874e-01 -1.029817134757725740e-03 9.999784070378316958e-01 6.490372466152674949e-03 -4.356530000000000125e-01 8.415726343071387380e-03 -6.481479583544391687e-03 9.999435813947337159e-01 4.067419999999999902e+01
9.999797130703255155e-01 1.067745531337060223e-03 -6.279599292140228099e-03 -3.348400000000000265e-01 -1.019269377596412418e-03 9.999696981310908228e-01 7.717765839353987918e-03 -4.591480000000000006e-01 6.287649618532551755e-03 -7.711208666319105572e-03 9.999505001364713541e-01 4.197890000000000299e+01
9.999898540328135965e-01 1.144472394392354172e-03 -4.356835361891307594e-03 -3.646869999999999834e-01 -1.109027753757117979e-03 9.999663429131202541e-01 8.129151148885831873e-03 -4.724689999999999723e-01 4.365992312584754918e-03 -8.124236819450132707e-03 9.999574665390662531e-01 4.327620000000000289e+01
9.999994870205018982e-01 8.484285407979997272e-04 -5.532881203319437152e-04 -3.526739999999999875e-01 -8.440827706263900800e-04 9.999691613466877849e-01 7.807936979640842969e-03 -4.877659999999999774e-01 5.598955342496984410e-04 -7.807465953359686746e-03 9.999693645269227549e-01 4.454710000000000036e+01
9.999964899344566671e-01 -1.596775010746734555e-05 2.649502556525406248e-03 -3.497480000000000033e-01 -1.907498338233248793e-07 9.999814034903000692e-01 6.098579632441107970e-03 -5.042440000000000255e-01 -2.649550665620995470e-03 -6.098558731419049042e-03 9.999778934869858471e-01 4.578999999999999915e+01
9.999750006098030441e-01 8.520355935263229077e-05 7.070424016835238565e-03 -3.363369999999999971e-01 -1.165303445096121194e-04 9.999901790013224767e-01 4.430386166216449158e-03 -5.185330000000000217e-01 -7.069977093539651578e-03 -4.431099328210467460e-03 9.999651897854446858e-01 4.702349999999999852e+01
9.999521586803767903e-01 2.890721944542364312e-04 9.777360979365842461e-03 -3.326069999999999860e-01 -3.356226920698133424e-04 9.999886160341312502e-01 4.759743643433166430e-03 -5.310599999999999765e-01 -9.775873764682122338e-03 -4.762797435229429791e-03 9.999408722783201808e-01 4.823610000000000042e+01
9.998769086487457880e-01 4.462618698153364991e-04 1.568337978151537401e-02 -3.231870000000000021e-01 -5.215898855251639753e-04 9.999883473348344376e-01 4.799285211142804118e-03 -5.584050000000000402e-01 -1.568105529035001069e-02 -4.806874752905998006e-03 9.998654901836000475e-01 4.946959999999999980e+01
9.997523144082649527e-01 1.645810142388886210e-03 2.219461971499134961e-02 -2.901869999999999727e-01 -1.730699419863657986e-03 9.999912590940454038e-01 3.806102340174920360e-03 -5.712770000000000348e-01 -2.218816159207329108e-02 -3.843571838929419910e-03 9.997464240699653892e-01 5.067419999999999902e+01
9.995431428032750532e-01 3.421162839182090732e-03 3.003000698933418200e-02 -2.446919999999999928e-01 -3.536708951617017777e-03 9.999865431617157574e-01 3.795416350492750081e-03 -5.879790000000000294e-01 -3.001661814300891906e-02 -3.899889781754759584e-03 9.995417917700825106e-01 5.187369999999999948e+01
9.992706205976263911e-01 4.493354303350991646e-03 3.792145273508068515e-02 -2.177459999999999951e-01 -4.689582680496198752e-03 9.999760636265898617e-01 5.087237772416089952e-03 -6.038529999999999731e-01 -3.789768627129090628e-02 -5.261363033935603263e-03 9.992677736394324217e-01 5.303810000000000002e+01
9.987945986152978461e-01 6.340314416462143957e-03 4.867391693716886791e-02 -1.562000000000000055e-01 -6.622128549754465604e-03 9.999622202406940330e-01 5.630764137497645122e-03 -6.173009999999999886e-01 -4.863637723326583173e-02 -5.946301741587377634e-03 9.987988507728777776e-01 5.420920000000000272e+01
9.980688206753097758e-01 8.759132153878829152e-03 6.149720969041690133e-02 -1.066850000000000021e-01 -9.135225880550820049e-03 9.999412361034525354e-01 5.837121551821743484e-03 -6.408700000000000507e-01 -6.144246775567803465e-02 -6.387639924910719705e-03 9.980901869131276749e-01 5.536670000000000158e+01
9.970136289122137896e-01 1.105531399354791125e-02 7.643038529147061499e-02 -2.151669999999999972e-02 -1.158618846373159206e-02 9.999117127335470645e-01 6.505918470696368458e-03 -6.561900000000000510e-01 -7.635171249016931005e-02 -7.372026232218583178e-03 9.970536942557557403e-01 5.649380000000000024e+01
9.955774767540241932e-01 1.259350601086383151e-02 9.309614055611975525e-02 7.817179999999999962e-02 -1.337614148409137574e-02 9.998802095356735808e-01 7.787516799025565734e-03 -6.630059999999999842e-01 -9.298691638659731251e-02 -8.998343472654962705e-03 9.956266685839929576e-01 5.761580000000000013e+01
9.938440993445942784e-01 1.292691410736330516e-02 1.100309097008343451e-01 1.978749999999999953e-01 -1.398913769771090686e-02 9.998626500733021061e-01 8.887351397798743530e-03 -6.748899999999999899e-01 -1.099009109352911406e-01 -1.037187929231358011e-02 9.938884313118545588e-01 5.871459999999999724e+01
9.915315032252691729e-01 1.256223093985122351e-02 1.292573729643766989e-01 3.439360000000000195e-01 -1.382635833304722735e-02 9.998649156384370462e-01 8.887198129187021123e-03 -6.922439999999999705e-01 -1.291282692793654097e-01 -1.059909567628741084e-02 9.915712527316232761e-01 5.980129999999999768e+01
9.885287942229085134e-01 1.130626131736701782e-02 1.506087362911790184e-01 4.890900000000000247e-01 -1.260073692017550824e-02 9.998913942855398584e-01 7.643367241438254675e-03 -7.053270000000000373e-01 -1.505059614143939017e-01 -9.453469666867072782e-03 9.885639015713584277e-01 6.090720000000000312e+01
9.852370282286548875e-01 8.885490842927779020e-03 1.709650439699557933e-01 6.750310000000000477e-01 -1.033915424090077126e-02 9.999175596486434836e-01 7.614183861999407679e-03 -7.105310000000000237e-01 -1.708832937906790417e-01 -9.269409839990633629e-03 9.852476734022094229e-01 6.195349999999999824e+01
9.810847434580818316e-01 3.711894037680198676e-03 1.935431424681401669e-01 8.876880000000000326e-01 -5.682084237257248142e-03 9.999375301574143782e-01 9.625471490313503367e-03 -7.235340000000000105e-01 -1.934953231282618702e-01 -1.054313166678475834e-02 9.810445465431966161e-01 6.300769999999999982e+01
9.763343300501763355e-01 -2.059564044691462609e-03 2.162568707843039451e-01 1.120440000000000103e+00 -3.812453097972318128e-04 9.999367082107892823e-01 1.124429742511664707e-02 -7.235589999999999522e-01 -2.162663418507074775e-01 -1.106064051113412813e-02 9.762717509044274156e-01 6.402419999999999334e+01
9.707346689961362518e-01 -7.597722544663838666e-03 2.400343246727355828e-01 1.375520000000000076e+00 5.145676155346255894e-03 9.999280003239309211e-01 1.084048823112322701e-02 -7.277329999999999632e-01 -2.400994053009424534e-01 -9.288098853862777199e-03 9.707038718341524097e-01 6.502570000000000050e+01
9.634644543418255935e-01 -1.358763843979235962e-02 2.674913480870692029e-01 1.617629999999999901e+00 1.090699698281759854e-02 9.998743309215661901e-01 1.150477209540074798e-02 -7.512440000000000229e-01 -2.676140553794306154e-01 -8.166911642706867550e-03 9.634915769832111954e-01 6.601160000000000139e+01
9.561795522309308737e-01 -1.715452497611654956e-02 2.922779262419594182e-01 1.949489999999999945e+00 1.468388846818493784e-02 9.998355212269548487e-01 1.064490076408530599e-02 -7.547589999999999577e-01 -2.924124609432888211e-01 -5.886659975496465538e-03 9.562741761228431558e-01 6.699639999999999418e+01
9.473899092861064464e-01 -1.933420411012674867e-02 3.194973369752725501e-01 2.280940000000000190e+00 1.607489604515744547e-02 9.997884010140306588e-01 1.283553329414637532e-02 -7.522170000000000245e-01 -3.196778964833200676e-01 -7.024368244597989017e-03 9.475002378631701694e-01 6.794759999999999422e+01
9.376019708992564539e-01 -2.445992061166051695e-02 3.468490398566803079e-01 2.638009999999999966e+00 2.030735230235101302e-02 9.996720341560766387e-01 1.560242188636614541e-02 -7.510259999999999714e-01 -3.471169192192998243e-01 -7.585275863356800811e-03 9.377911857027548814e-01 6.887340000000000373e+01
9.265191737985779552e-01 -2.794440089985590972e-02 3.752083834910256432e-01 3.002460000000000129e+00 2.375679847178243861e-02 9.995931734204800412e-01 1.578297112539743183e-02 -7.606600000000000028e-01 -3.754967844202817262e-01 -5.709475415670485325e-03 9.268061106728344711e-01 6.977039999999999509e+01
9.143315617244249793e-01 -2.730807062433808149e-02 4.040446318333535958e-01 3.412659999999999805e+00 2.483256736486138053e-02 9.996270004419620658e-01 1.136677550914194992e-02 -7.657650000000000290e-01 -4.042043280726267396e-01 -3.595360646323408557e-04 9.146686459593849072e-01 7.070680000000000121e+01
9.012348585521234856e-01 -2.784279062489879511e-02 4.324355544364409387e-01 3.825340000000000185e+00 2.758106028527797585e-02 9.995959037339851028e-01 6.878542852768478738e-03 -7.747190000000000465e-01 -4.324523266720551873e-01 5.727848501449559621e-03 9.016386065977158859e-01 7.156319999999999482e+01
8.867545921393010788e-01 -2.976213728654576382e-02 4.612813767149053779e-01 4.270780000000000243e+00 3.110068566399295034e-02 9.995051989992146391e-01 4.701544934350506896e-03 -7.838140000000000107e-01 -4.611930622538581992e-01 1.017705053917960720e-02 8.872414479560970513e-01 7.239790000000000703e+01
8.704931193071269169e-01 -3.102338818065586076e-02 4.912018715607062158e-01 4.750440000000000218e+00 3.119711389920905645e-02 9.994825123100672393e-01 7.838856467374595571e-03 -7.930679999999999952e-01 -4.911908685259814278e-01 8.500410116498251928e-03 8.710104900083255330e-01 7.322660000000000480e+01
8.530002753158658635e-01 -3.059202580230225427e-02 5.210131075782722387e-01 5.233060000000000045e+00 2.753486705075831875e-02 9.995282050492303449e-01 1.360876216122282323e-02 -7.864200000000000079e-01 -5.211836158280056530e-01 2.737748778638961385e-03 8.534401814562464494e-01 7.402110000000000412e+01
8.331881479030881499e-01 -3.079774843777004917e-02 5.521313330041917045e-01 5.770620000000000083e+00 2.634339413357130594e-02 9.995248996045420498e-01 1.600002050166138973e-02 -7.876499999999999613e-01 -5.523617797959459175e-01 1.213985870632835681e-03 8.336036171100512648e-01 7.485049999999999670e+01
8.119495157808496177e-01 -2.507444800562424678e-02 5.831888681040277023e-01 6.302719999999999878e+00 2.191629942036641895e-02 9.996820544091126193e-01 1.246859703787284168e-02 -8.036259999999999515e-01 -5.833160889628886681e-01 2.657470524625059859e-03 8.122408991225756880e-01 7.559759999999999991e+01
7.898371263214656324e-01 -1.817710571467470379e-02 6.130472304089519264e-01 6.873269999999999769e+00 1.819616808478225281e-02 9.998152041147871927e-01 6.201377906316786481e-03 -8.142110000000000181e-01 -6.130466649051110606e-01 6.257031943672846167e-03 7.900219213414121366e-01 7.632880000000000109e+01
7.670737147285747737e-01 -1.581014500167474135e-02 6.413641364213709117e-01 7.478959999999999830e+00 1.690473736909204466e-02 9.998472955977241172e-01 4.428920906868034912e-03 -8.157200000000000006e-01 -6.413362191760161313e-01 7.444783471887487375e-03 7.672238455444861938e-01 7.703119999999999834e+01
7.437409219371728941e-01 -1.840979166572639589e-02 6.682144271166768901e-01 8.078450000000000131e+00 1.814934308786111603e-02 9.998083097820084086e-01 7.344728471676611851e-03 -8.233979999999999633e-01 -6.682215518684827549e-01 6.665077769096167982e-03 7.439324797028347147e-01 7.769240000000000634e+01
7.189079808390496096e-01 -1.907806248666382015e-02 6.948433943110315925e-01 8.717449999999999477e+00 1.924914591898359284e-02 9.997863245058270509e-01 7.534965993211672000e-03 -8.286120000000000152e-01 -6.948386758574326416e-01 7.958194700064195881e-03 7.191216042296362243e-01 7.838179999999999836e+01
6.932492234532173780e-01 -1.771459552051005484e-02 7.204801921545488375e-01 9.379129999999999967e+00 1.994852988271440461e-02 9.997864932794839898e-01 5.387393751218529092e-03 -8.524500000000000410e-01 -7.204218002927377240e-01 1.063771410862987543e-02 6.934545902231188386e-01 7.901049999999999329e+01
6.666670040684913312e-01 -1.539386445476771149e-02 7.451967086773065851e-01 1.004190000000000005e+01 1.904468639482733913e-02 9.998120951769540188e-01 3.615834342465746795e-03 -8.607129999999999503e-01 -7.451123442853868628e-01 1.178148017091721310e-02 6.668349054440065871e-01 7.959279999999999688e+01
6.395682356785309386e-01 -1.314731660904492824e-02 7.686218966286560983e-01 1.075029999999999930e+01 1.733365434538607086e-02 9.998461715080205758e-01 2.679131909524809160e-03 -8.564880000000000271e-01 -7.685388840768473395e-01 1.160953860993135453e-02 6.396977429029890860e-01 8.016710000000000491e+01
6.114450997456771786e-01 -1.186645906227801542e-02 7.911978748368339032e-01 1.144139999999999979e+01 1.770825947587569005e-02 9.998423374821627796e-01 1.310619906719475390e-03 -8.654779999999999696e-01 -7.910886850052490926e-01 1.320936514477931076e-02 6.115588321078666567e-01 8.071490000000000009e+01
5.822030788949610347e-01 -6.480627648769619713e-03 8.130175744659555725e-01 1.218979999999999997e+01 1.714046998979975450e-02 9.998438256698736204e-01 -4.304481195230138238e-03 -8.953360000000000207e-01 -8.128627062510349610e-01 1.644158554122195082e-02 5.822232347228459837e-01 8.130150000000000432e+01
5.521673101022621655e-01 2.578825104654653734e-03 8.337293393635083483e-01 1.295850000000000080e+01 1.532433171597718038e-02 9.997948917141805669e-01 -1.324157693360302097e-02 -9.119329999999999936e-01 -8.335924822788958188e-01 2.008791087468865186e-02 5.520145372404603457e-01 8.179059999999999775e+01
5.213589128487035040e-01 1.046983134111422083e-02 8.532732660905921751e-01 1.371340000000000003e+01 1.381616727383313918e-02 9.996900935980588265e-01 -2.070821778342208513e-02 -9.399420000000000552e-01 -8.532256427903930351e-01 2.258538008519668516e-02 5.210526874427650057e-01 8.225029999999999575e+01
4.890754602535732909e-01 1.539837016151309433e-02 8.721055465791536232e-01 1.449890000000000079e+01 1.110807257856353918e-02 9.996531225432710999e-01 -2.387980973703689516e-02 -9.635930000000000328e-01 -8.721707429748746243e-01 2.136644064547814706e-02 4.887347647884263679e-01 8.269180000000000064e+01
4.563461642522581019e-01 1.511216427439880834e-02 8.896739857179115640e-01 1.532779999999999987e+01 8.753922618260927616e-03 9.997311287373712441e-01 -2.147182042340924427e-02 -9.914770000000000527e-01 -8.897592636275525324e-01 1.758672011619047751e-02 4.560911751662273250e-01 8.311119999999999663e+01
4.214804300015452809e-01 1.184302645528751904e-02 9.067601611507267734e-01 1.614519999999999911e+01 6.219829084445342715e-03 9.998534448305075317e-01 -1.595000271872565323e-02 -1.034429999999999961e+00 -9.068161670657801654e-01 1.236250722735594137e-02 4.213449982652941461e-01 8.354770000000000607e+01
3.883972747506680423e-01 1.383696402361949546e-02 9.213881350402028936e-01 1.701930000000000121e+01 5.302985071784253532e-04 9.998837343096460550e-01 -1.523931253339253292e-02 -1.054980000000000029e+00 -9.214918750318676910e-01 6.407518209587091673e-03 3.883447797520219735e-01 8.388920000000000243e+01
3.534603703020044452e-01 1.590778564939921563e-02 9.353142300754879734e-01 1.786360000000000170e+01 -6.294153082881039085e-03 9.998732061861524967e-01 -1.462720711527081864e-02 -1.084729999999999972e+00 -9.354283244925498675e-01 -7.168729012443971621e-04 3.535156797516968430e-01 8.420499999999999829e+01
3.173984541552575811e-01 1.809216793287865208e-02 9.481196626794221594e-01 1.875100000000000122e+01 -1.237634399158149892e-02 9.998118625025084194e-01 -1.493538444993291678e-02 -1.099359999999999893e+00 -9.482114993023733618e-01 -6.993787153879567516e-03 3.175626544982759203e-01 8.450419999999999732e+01
2.807440079394916133e-01 1.699887450725773297e-02 9.596321379943240082e-01 1.965159999999999840e+01 -1.474024039531270612e-02 9.998015881488792056e-01 -1.339812106480758880e-02 -1.120700000000000029e+00 -9.596694885840433287e-01 -1.038376619851161947e-02 2.809388724978719720e-01 8.476670000000000016e+01
2.439762825181724659e-01 1.654054899343000706e-02 9.696401310834905640e-01 2.055590000000000117e+01 -1.581227481146030289e-02 9.997894698000974190e-01 -1.307623960192336350e-02 -1.151890000000000081e+00 -9.696522807346454886e-01 -1.214192389351837799e-02 2.441864618488589489e-01 8.500879999999999370e+01
2.078653631646952271e-01 1.540777598190500725e-02 9.780360889229500199e-01 2.148079999999999856e+01 -1.534202776240260746e-02 9.998042917171491295e-01 -1.249001393543949096e-02 -1.180360000000000076e+00 -9.780371224961488252e-01 -1.240881554626533170e-02 2.080610687182773422e-01 8.519689999999999941e+01
1.726267358800717133e-01 1.454273663433372152e-02 9.848799515019974748e-01 2.242320000000000135e+01 -1.342941388907035669e-02 9.998328115638304148e-01 -1.240966409545265180e-02 -1.189880000000000049e+00 -9.848957614397517712e-01 -1.108412069360174314e-02 1.727931751154010431e-01 8.534499999999999886e+01
1.381975936598380805e-01 1.286096054020165191e-02 9.903211705303555101e-01 2.335650000000000048e+01 -6.006850200891571817e-03 9.999081772043610927e-01 -1.214721822130650219e-02 -1.215689999999999937e+00 -9.903864613661145233e-01 -4.269994594301947978e-03 1.382621578338422141e-01 8.546269999999999811e+01
1.038060292272894453e-01 1.563636297685126395e-02 9.944746414308007765e-01 2.431879999999999953e+01 -3.416353025504217239e-03 9.998761198466438183e-01 -1.536468328423913621e-02 -1.247100000000000097e+00 -9.945916935245682211e-01 -1.802529687967561155e-03 1.038465890564332916e-01 8.554449999999999932e+01
7.226056491080588839e-02 2.131238424894101730e-02 9.971580582016056349e-01 2.528340000000000032e+01 -2.989911216552475215e-03 9.997718095149136230e-01 -2.115157985098024482e-02 -1.260699999999999932e+00 -9.973813068178530861e-01 -1.452988954104811326e-03 7.230779787416363735e-02 8.563169999999999504e+01
4.236762800362673526e-02 2.375737173835302390e-02 9.988195890076605465e-01 2.624170000000000158e+01 1.905264020410921480e-03 9.997135072468590344e-01 -2.385945089889401211e-02 -1.313839999999999897e+00 -9.991002722781927581e-01 2.913883365873056602e-03 4.231022591964328505e-02 8.566089999999999804e+01
1.667321474918687790e-02 2.267245977081911237e-02 9.996039032926332668e-01 2.721959999999999980e+01 5.033444852882928977e-03 9.997283038426718615e-01 -2.275923831694202579e-02 -1.335779999999999967e+00 -9.998483226684137248e-01 5.410920789936286140e-03 1.655456412487354978e-02 8.567239999999999611e+01
-5.048925511044475949e-03 1.952345343197998961e-02 9.997966508832049071e-01 2.818789999999999907e+01 6.381035416919213742e-03 9.997896677177044999e-01 -1.949109314353409880e-02 -1.355949999999999989e+00 -9.999668948211194452e-01 6.281328761592412484e-03 -5.172443406828652890e-03 8.566209999999999525e+01
-2.436251957931710732e-02 1.749391980446850930e-02 9.995501140061073819e-01 2.916769999999999996e+01 8.992553894397615349e-03 9.998102620039479582e-01 -1.727929298475960190e-02 -1.375629999999999908e+00 -9.996627439362757439e-01 8.567541156693239679e-03 -2.451521210033935638e-02 8.563519999999999754e+01
-4.216423592055239256e-02 1.936188513353838403e-02 9.989230674147593358e-01 3.016839999999999833e+01 9.405857950528357520e-03 9.997755931356291370e-01 -1.898139105849006719e-02 -1.422090000000000076e+00 -9.990664177348023145e-01 8.595392624918851351e-03 -4.233688911780142394e-02 8.561299999999999955e+01
-5.650084738721466299e-02 2.436689765988231046e-02 9.981051590603865487e-01 3.114450000000000074e+01 1.222518960289115456e-02 9.996440695374597674e-01 -2.371242243550304024e-02 -1.439869999999999983e+00 -9.983277012002121920e-01 1.086225285192753826e-02 -5.677862695839652751e-02 8.554600000000000648e+01
-6.852131037621303489e-02 2.853245610558243633e-02 9.972415599908126538e-01 3.213199999999999790e+01 1.520023929111644079e-02 9.995047756610393463e-01 -2.755278853887965090e-02 -1.481139999999999901e+00 -9.975338504280539809e-01 1.327035716770386814e-02 -6.892107711594541719e-02 8.548120000000000118e+01
-7.786319127402675788e-02 3.307438964503573581e-02 9.964152789847375846e-01 3.312830000000000297e+01 2.172114801566343498e-02 9.992685932303317919e-01 -3.147173831162417695e-02 -1.512410000000000032e+00 -9.967274026400125830e-01 1.919279378001195052e-02 -7.852465532182850705e-02 8.538779999999999859e+01
-8.347364913704174993e-02 3.772677803823613202e-02 9.957955814918036941e-01 3.410600000000000165e+01 2.502093918578238846e-02 9.990473994766774224e-01 -3.575256915452924150e-02 -1.554650000000000087e+00 -9.961958153405420235e-01 2.193134327262423813e-02 -8.433809151416038485e-02 8.528249999999999886e+01
-8.737203865806558722e-02 4.272570976153200473e-02 9.952590821419854406e-01 3.513130000000000308e+01 2.718098666999539670e-02 9.988100887789718163e-01 -4.049198089730760702e-02 -1.606810000000000072e+00 -9.958048608158024395e-01 2.351425692459194888e-02 -8.842940063635651438e-02 8.524590000000000600e+01
-9.029641983741368283e-02 4.628438905105421858e-02 9.948388371463571245e-01 3.613139999999999930e+01 2.821298198441287569e-02 9.986374643019572117e-01 -4.390037061465764529e-02 -1.662930000000000019e+00 -9.955152355499602423e-01 2.410332389376524526e-02 -9.147920837643674918e-02 8.513410000000000366e+01
-9.272609106029497394e-02 4.950646475570424920e-02 9.944601460008691829e-01 3.712899999999999778e+01 2.955845675875883038e-02 9.984598364098942191e-01 -4.694946975598294353e-02 -1.708609999999999962e+00 -9.952528169619608844e-01 2.504126641604984688e-02 -9.404661240875156203e-02 8.503650000000000375e+01
-9.573925862878995829e-02 5.288411242185137029e-02 9.940006363230169395e-01 3.813389999999999702e+01 3.071784572331127949e-02 9.982690696140343878e-01 -5.015255333528988863e-02 -1.767989999999999950e+00 -9.949323636867626330e-01 2.573198992078217645e-02 -9.719802664348820009e-02 8.493689999999999429e+01
-9.706914770588422059e-02 5.661749949209567145e-02 9.936659596237136238e-01 3.913230000000000075e+01 3.144180656004540164e-02 9.980568029082906856e-01 -5.379619845976073289e-02 -1.827630000000000088e+00 -9.947808770598145500e-01 2.602070175348511483e-02 -9.866067968731140336e-02 8.482640000000000668e+01
-1.012969754152528712e-01 5.662626824281345034e-02 9.932433682218142490e-01 4.017810000000000059e+01 3.386018529794455195e-02 9.979966070693639946e-01 -5.344399058478391251e-02 -1.904109999999999969e+00 -9.942798452263379438e-01 2.821768989358534874e-02 -1.030114137062438928e-01 8.474559999999999604e+01
-1.021963485387523685e-01 5.693138719830678068e-02 9.931337893239873260e-01 4.117840000000000344e+01 3.413474008038486912e-02 9.979737120285289143e-01 -5.369627193431038281e-02 -1.954879999999999951e+00 -9.941784175212164953e-01 2.841280084179159671e-02 -1.039326074114099718e-01 8.464000000000000057e+01
-1.042206157634053276e-01 5.662186321874425332e-02 9.929410998924028675e-01 4.219440000000000168e+01 3.530005982222121641e-02 9.979595974216419751e-01 -5.320289175018421551e-02 -2.021780000000000133e+00 -9.939275471715454113e-01 2.950604208754595975e-02 -1.060067189091509210e-01 8.453279999999999461e+01
-1.063495967549829141e-01 5.753427070045472047e-02 9.926628687349093871e-01 4.322010000000000218e+01 3.411649649583683996e-02 9.979478928460969733e-01 -5.418549465387001440e-02 -2.086969999999999992e+00 -9.937433410780184273e-01 2.810357377633353193e-02 -1.080942237314098664e-01 8.441540000000000532e+01
-1.089188095675270446e-01 5.938331137620955769e-02 9.922753223034365133e-01 4.423910000000000053e+01 3.244104246162241023e-02 9.978946757494632225e-01 -5.615865805801219246e-02 -2.145620000000000083e+00 -9.935211480821110053e-01 2.607371168187735608e-02 -1.106159566822723095e-01 8.430710000000000548e+01
-1.112176719748766418e-01 6.208455148725174066e-02 9.918548976070620249e-01 4.528459999999999752e+01 3.158699019335087232e-02 9.977632880751892142e-01 -5.891250308645942790e-02 -2.222100000000000186e+00 -9.932939602610164620e-01 2.477759948045253971e-02 -1.129299742007071616e-01 8.422520000000000095e+01
-1.138402689738711449e-01 6.548205985530203277e-02 9.913387377667958189e-01 4.631710000000000349e+01 2.902195156072752066e-02 9.976188914063247593e-01 -6.256415776482991686e-02 -2.293369999999999909e+00 -9.930750825026092299e-01 2.164826427966877812e-02 -1.154696201003283518e-01 8.410980000000000700e+01
-1.158321125297396559e-01 6.959581229486458409e-02 9.908276059022156357e-01 4.734980000000000189e+01 2.553846615482455867e-02 9.974211487108555207e-01 -6.707338407130039593e-02 -2.365629999999999900e+00 -9.929404355012223515e-01 1.753496550710227989e-02 -1.173107690338279774e-01 8.398980000000000246e+01
-1.188890640563274592e-01 7.177123810096996959e-02 9.903101937419733769e-01 4.838920000000000243e+01 2.259117135150805894e-02 9.973214314177182294e-01 -6.956724381402717983e-02 -2.444570000000000132e+00 -9.926505071901075006e-01 1.410148277194204353e-02 -1.201920078826181904e-01 8.385339999999999350e+01
-1.219927050265825347e-01 7.003829679483360160e-02 9.900567745853648960e-01 4.943319999999999936e+01 2.019333223608471214e-02 9.974758292964066575e-01 -6.807495356332500525e-02 -2.528329999999999966e+00 -9.923255560820251064e-01 1.168789765203968878e-02 -1.230990812109299393e-01 8.371939999999999316e+01
-1.244371983699393974e-01 6.695505785637706486e-02 9.899658599614884480e-01 5.050589999999999691e+01 1.888040062455730722e-02 9.976997960875938487e-01 -6.510489504660874061e-02 -2.602829999999999977e+00 -9.920478386318354325e-01 1.058948130093836232e-02 -1.254151057555688009e-01 8.361979999999999791e+01
-1.268987939747614480e-01 6.474794668503078277e-02 9.898001815961765537e-01 5.155680000000000263e+01 1.885425123708244638e-02 9.978444388093175021e-01 -6.285692601143647029e-02 -2.688060000000000116e+00 -9.917364636323706684e-01 1.068547319451204972e-02 -1.278460299132098132e-01 8.350020000000000664e+01
-1.292723411444148540e-01 6.501511071759580318e-02 9.894754656854410912e-01 5.260699999999999932e+01 1.875048383216612602e-02 9.978301438372959575e-01 -6.311436766458937420e-02 -2.758950000000000014e+00 -9.914318338499633620e-01 1.039420165380908201e-02 -1.302109035406722182e-01 8.336329999999999529e+01
-1.300145923842795648e-01 6.794504064064754711e-02 9.891813166550864622e-01 5.366790000000000305e+01 1.941395397398107750e-02 9.976324733744936779e-01 -6.597383162880809948e-02 -2.835799999999999876e+00 -9.913219982216907589e-01 1.062635972621527730e-02 -1.310258612668632194e-01 8.320029999999999859e+01
-1.309128501694401259e-01 7.012062172681510219e-02 9.889109788394293554e-01 5.472619999999999862e+01 1.910660444555080037e-02 9.974887300003871804e-01 -6.819949551701966206e-02 -2.911140000000000061e+00 -9.912097473930906455e-01 9.966540566296422377e-03 -1.319238596390561735e-01 8.304789999999999850e+01
-1.319087691412241803e-01 7.108357753811650470e-02 9.887098672654327514e-01 5.580839999999999890e+01 1.844960388984123040e-02 9.974287904157164153e-01 -6.924897231113835705e-02 -3.006790000000000074e+00 -9.910901516713578330e-01 9.106758711167763087e-03 -1.328810678984082561e-01 8.293869999999999720e+01
-1.315635818655604417e-01 6.984223139822764992e-02 9.888443187074597018e-01 5.687980000000000302e+01 1.572502028709347327e-02 9.975365104197829735e-01 -6.836398259677881062e-02 -3.082269999999999843e+00 -9.911830041236956435e-01 6.555386551424860486e-03 -1.323377468581315997e-01 8.279059999999999775e+01
-1.317823312807658576e-01 6.921076998276910752e-02 9.888595888601162676e-01 5.795559999999999690e+01 1.262553778590384812e-02 9.975959013177112533e-01 -6.813966150282751988e-02 -3.163469999999999782e+00 -9.911982712645449611e-01 3.505280658581862163e-03 -1.323393367433938206e-01 8.264969999999999573e+01
-1.317336096163404802e-01 6.993515945791223265e-02 9.888151139465082284e-01 5.903710000000000235e+01 8.225385690130239402e-03 9.975510213900847800e-01 -6.945720087828952116e-02 -3.252149999999999874e+00 -9.912510273022159257e-01 -1.016462097104230133e-03 -1.319862404840252967e-01 8.249720000000000653e+01
-1.321151901357906222e-01 6.993460209339397160e-02 9.887642428634959568e-01 6.011449999999999960e+01 3.802356420641139767e-03 9.975364456406129454e-01 -7.004699639772414554e-02 -3.333060000000000134e+00 -9.912270772234959004e-01 -5.494638180173982978e-03 -1.320556334664851894e-01 8.236320000000000618e+01
-1.335128670740098056e-01 6.897599247934479982e-02 9.886438321191141076e-01 6.121679999999999922e+01 6.634615329196152933e-04 9.975810391772494956e-01 -6.950992801631508677e-02 -3.432799999999999851e+00 -9.910468576936571905e-01 -8.624542627197005068e-03 -1.332356675969297299e-01 8.224800000000000466e+01
-1.332289808858981850e-01 6.379974293966260424e-02 9.890296413419252808e-01 6.230799999999999983e+01 1.409443330303988828e-04 9.979270773835114960e-01 -6.435470736082926635e-02 -3.506709999999999994e+00 -9.910852732165882362e-01 -8.434513953747276721e-03 -1.329617997304642918e-01 8.209399999999999409e+01
-1.339887999282056430e-01 5.611540258813281501e-02 9.893927749312557696e-01 6.340639999999999787e+01 4.247106908657469204e-03 9.984188082694317457e-01 -5.605216656610252646e-02 -3.575689999999999813e+00 -9.909737451500443273e-01 -3.308305641781663503e-03 -1.340152660597845324e-01 8.195040000000000191e+01
-1.339288733276535748e-01 5.083345212291728865e-02 9.896863225459127111e-01 6.452309999999999945e+01 1.120670399910477996e-02 9.986973449484605192e-01 -4.977974465957121786e-02 -3.633049999999999891e+00 -9.909275789252520728e-01 4.424176551939929675e-03 -1.343240856554605012e-01 8.178539999999999566e+01
-1.329500064647980151e-01 5.258693002310307896e-02 9.897266847831046599e-01 6.561639999999999873e+01 1.832038426530420774e-02 9.985512141523641416e-01 -5.059482419389245422e-02 -3.703030000000000044e+00 -9.909534092485788870e-01 1.140559097918875803e-02 -1.337208031423446908e-01 8.162949999999999307e+01
-1.339733481468786680e-01 5.649253110029499314e-02 9.893734057049430319e-01 6.673609999999999332e+01 2.291670733806051505e-02 9.982834372833557790e-01 -5.389808318029550016e-02 -3.793029999999999902e+00 -9.907199233441796871e-01 1.545227412423723357e-02 -1.350379972944374396e-01 8.147520000000000095e+01
-1.313659362713020251e-01 6.354472091661873823e-02 9.892952336037977856e-01 6.784409999999999741e+01 2.630528151859400435e-02 9.978155113968626422e-01 -6.059898827575469632e-02 -3.844860000000000166e+00 -9.909848752386644088e-01 1.806304679301295318e-02 -1.327505306534090268e-01 8.131350000000000477e+01
-1.307002287856668388e-01 6.669782552671196796e-02 9.891758439556550542e-01 6.895610000000000639e+01 2.641839531067033744e-02 9.976144902181974805e-01 -6.377614989864874295e-02 -3.948209999999999997e+00 -9.910698858226816288e-01 1.779688109456407583e-02 -1.321504916325416668e-01 8.114809999999999945e+01
-1.308741878150216087e-01 6.587856747086799636e-02 9.892077442639360951e-01 7.008230000000000359e+01 2.467093359813088416e-02 9.976971694905094612e-01 -6.317992581526472862e-02 -4.004679999999999573e+00 -9.910919694958461035e-01 1.613605709620631948e-02 -1.321980925060300960e-01 8.100719999999999743e+01
-1.299304663277841554e-01 6.146818570836797002e-02 9.896159538253036514e-01 7.121389999999999532e+01 2.391856818559823239e-02 9.979804053090195470e-01 -5.884736795470039972e-02 -4.074569999999999581e+00 -9.912345716407368057e-01 1.602413070860941521e-02 -1.311382904389025716e-01 8.084839999999999804e+01
-1.295405183088854939e-01 5.921516569838733424e-02 9.898044343543715984e-01 7.235609999999999786e+01 2.235515201053242876e-02 9.981359550276401871e-01 -5.678787246980293579e-02 -4.158540000000000347e+00 -9.913220976528521744e-01 1.477089815729387343e-02 -1.306228129875313115e-01 8.072820000000000107e+01
