1.000000000000000000e+00 5.421020000000000718e-20 -3.032380000000000365e-19 5.551119999999999471e-17 -5.421020000000000718e-20 1.000000000000000000e+00 -2.168400000000000197e-19 -5.551119999999999471e-17 3.032380000000000365e-19 2.168400000000000197e-19 1.000000000000000000e+00 0.000000000000000000e+00
9.999983438674651115e-01 -1.537814330762141395e-03 -9.733393092613730610e-04 2.998869999999999834e-03 1.540117872381377342e-03 9.999960047794974605e-01 2.370329509258342106e-03 -1.840740000000000084e-02 9.696902938682428310e-04 -2.371824640944607959e-03 9.999967170689144647e-01 1.530759999999999899e+00
9.999967283477738667e-01 -1.842564493152570090e-03 -1.774330813899581806e-03 1.805769999999999945e-02 1.848689813727941080e-03 9.999923165607899067e-01 3.456756479374153285e-03 -4.223400000000000071e-02 1.767947884186264534e-03 -3.460025357370962069e-03 9.999924512639108976e-01 3.062829999999999941e+00
9.999932108690086086e-01 -6.424333079332064742e-04 -3.628428769501231780e-03 2.669930000000000046e-03 6.545185811951659792e-04 9.999942396266738864e-01 3.330513308361677128e-03 -6.114030000000000159e-02 3.626268235715126003e-03 -3.332865571120739636e-03 9.999878710193277342e-01 4.578979999999999606e+00
9.999877478813767873e-01 -3.901653352077527658e-04 -4.934760191063310847e-03 7.722080000000000090e-03 4.056110234106864243e-04 9.999950212677762851e-01 3.129364050000461601e-03 -6.996189999999999354e-02 4.933514652840175971e-03 -3.131327301792289231e-03 9.999829274655139821e-01 6.077989999999999782e+00
9.999789655898503327e-01 4.490638638360394495e-05 -6.485858560695643288e-03 -5.324810000000000133e-03 -2.219397190067182900e-05 9.999938682030433679e-01 3.501865751565282504e-03 -9.292050000000000309e-02 6.485976046864362285e-03 -3.501648144922127250e-03 9.999728349185235121e-01 7.601519999999999833e+00
9.999694454628391682e-01 -7.688466268945603555e-04 -7.779268320755509600e-03 -1.917570000000000038e-02 7.971143718445572327e-04 9.999930891825959955e-01 3.631280177414898495e-03 -1.034489999999999993e-01 7.776422662136893774e-03 -3.637370191910685273e-03 9.999631477152880477e-01 9.108779999999999433e+00
9.999596557032721655e-01 -1.895079216986035944e-03 -8.780412322590873744e-03 -1.253190000000000033e-02 1.921321249754111195e-03 9.999937103732928767e-01 2.981231039341079424e-03 -1.252369999999999872e-01 8.774707428091341535e-03 -2.997980756448410337e-03 9.999570073862852349e-01 1.059759999999999991e+01
9.999374334765920302e-01 -3.278578076430433905e-03 -1.069486129143311891e-02 -2.466420000000000071e-02 3.310752879948429366e-03 9.999900430177384170e-01 2.992119775299706061e-03 -1.392239999999999867e-01 1.068494490459159611e-02 -3.027340611589005893e-03 9.999383316791128351e-01 1.210549999999999926e+01
9.999263771654550714e-01 -2.977559338998471503e-03 -1.176326439178018712e-02 -4.480510000000000048e-02 3.015644184463131452e-03 9.999902648370886382e-01 3.221198721295602443e-03 -1.607089999999999907e-01 1.175355856414959932e-02 -3.256435387368482575e-03 9.999256219787785449e-01 1.359919999999999973e+01
9.999142477635367676e-01 -2.564228329168183156e-03 -1.284219033328711651e-02 -5.321270000000000167e-02 2.604136453552806374e-03 9.999918295220736608e-01 3.091821862172477314e-03 -1.705800000000000094e-01 1.283415726924674871e-02 -3.124999547523426603e-03 9.999127555867143302e-01 1.507240000000000002e+01
9.999070145362966011e-01 -1.467565553359992695e-03 -1.355760054201776872e-02 -8.032759999999999900e-02 1.518399767811428507e-03 9.999918535206995251e-01 3.739967163082879090e-03 -1.925479999999999969e-01 1.355200144832635102e-02 -3.760205258017064282e-03 9.999010971656957514e-01 1.656370000000000076e+01
9.999015209776093149e-01 -8.207164610248329003e-06 -1.403382625323317846e-02 -9.309510000000000007e-02 7.104267562303649545e-05 9.999899759306772884e-01 4.476939926077326028e-03 -2.056389999999999885e-01 1.403364883420303057e-02 -4.477496041976363438e-03 9.998914984785061133e-01 1.803509999999999991e+01
9.998998673455932185e-01 6.449556341639819685e-04 -1.413645339167368155e-02 -1.133080000000000059e-01 -5.715373195216374470e-04 9.999863323287272454e-01 5.196970351341375673e-03 -2.158809999999999896e-01 1.413961199458444069e-02 -5.188370454226203833e-03 9.998865696591150432e-01 1.951810000000000045e+01
9.998866814576703455e-01 1.036927310012037079e-03 -1.501828969360355023e-02 -1.336839999999999973e-01 -9.558090185812828437e-04 9.999849227287642695e-01 5.407471152708498256e-03 -2.390369999999999995e-01 1.502367041329268765e-02 -5.392503769226971062e-03 9.998725969994435303e-01 2.098610000000000042e+01
9.998899385383657190e-01 1.544866489009991562e-03 -1.475548024547072845e-02 -1.406110000000000138e-01 -1.464899091837909215e-03 9.999841911035634023e-01 5.428776436980566923e-03 -2.502590000000000092e-01 1.476363371240547312e-02 -5.406563648299804979e-03 9.998763944553961114e-01 2.245720000000000027e+01
9.998788397028511854e-01 2.366216084472422525e-03 -1.538528309526678364e-02 -1.710200000000000053e-01 -2.271461337914742421e-03 9.999783648618387755e-01 6.173351734142389774e-03 -2.623860000000000081e-01 1.539955771670980383e-02 -6.137656693288105758e-03 9.998625819543628390e-01 2.390810000000000102e+01
9.998813358672214990e-01 2.897467806306431269e-03 -1.513006492689203050e-02 -1.887729999999999964e-01 -2.789807594209982484e-03 9.999706759700289771e-01 7.131912340352919259e-03 -2.724679999999999880e-01 1.515028573881822480e-02 -7.088856068126065703e-03 9.998600986946510893e-01 2.536390000000000100e+01
9.998835430323105289e-01 3.542078388316942123e-03 -1.484432732880477078e-02 -2.043639999999999901e-01 -3.451887693782419806e-03 9.999754552760170556e-01 6.096992444794414705e-03 -2.902199999999999780e-01 1.486555900406021265e-02 -6.045041456713488338e-03 9.998712280235307892e-01 2.681820000000000093e+01
9.998791292331841163e-01 3.469545809628689272e-03 -1.515549985201108604e-02 -2.317039999999999933e-01 -3.408110381059758619e-03 9.999858787980590025e-01 4.077620397248769152e-03 -3.010999999999999788e-01 1.516943332889969173e-02 -4.025475915768780832e-03 9.998768343331750907e-01 2.824249999999999972e+01
9.998927195167134352e-01 2.606588346624247928e-03 -1.441371411754713283e-02 -2.477030000000000065e-01 -2.549384313426226404e-03 9.999888074606495536e-01 3.985673475143487396e-03 -3.182760000000000034e-01 1.442394180151844452e-02 -3.948499793497366184e-03 9.998881733735464072e-01 2.966979999999999862e+01
9.999056010555645857e-01 8.494952968526815664e-04 -1.371376445221104967e-02 -2.534699999999999731e-01 -7.657866484279459568e-04 9.999810522534160473e-01 6.108085212218706227e-03 -3.317709999999999826e-01 1.371869339693805243e-02 -6.097006797704962282e-03 9.998873056297842288e-01 3.108640000000000114e+01
9.999025290013662248e-01 -5.450573649818444937e-04 -1.395117948923494181e-02 -2.761259999999999826e-01 6.521809446288599765e-04 9.999703335943137539e-01 7.675062950382578915e-03 -3.466779999999999862e-01 1.394658225829660883e-02 -7.683413547750203750e-03 9.998732209633213186e-01 3.251250000000000284e+01
9.999110833635808104e-01 -1.319153607569306273e-03 -1.326970988491154788e-02 -2.799630000000000174e-01 1.414780606677612474e-03 9.999730816570958636e-01 7.199608117527272338e-03 -3.587919999999999998e-01 1.325985529728930523e-02 -7.217741680791336240e-03 9.998860337271064935e-01 3.390930000000000177e+01
9.999115297368441624e-01 -1.381551113267428165e-03 -1.322966423782246867e-02 -3.036849999999999827e-01 1.454027888799388568e-03 9.999839806669821307e-01 5.470302762670796112e-03 -3.726889999999999925e-01 1.322189480455365079e-02 -5.489055104307086902e-03 9.998975206349094424e-01 3.529999999999999716e+01
9.999194213493182160e-01 -8.082381571069826654e-04 -1.266876314112394368e-02 -3.225629999999999886e-01 8.678595794856565218e-04 9.999885718359319275e-01 4.701384613443735337e-03 -3.849079999999999724e-01 1.266481852198440665e-02 -4.712000489667507973e-03 9.999086955433433843e-01 3.666499999999999915e+01
9.999358161635135689e-01 3.255933575107268583e-04 -1.132508465193804957e-02 -3.307060000000000000e-01 -2.841480084369905987e-04 9.999932580637317381e-01 3.661022670262051477e-03 -4.111650000000000027e-01 1.132620030360222650e-02 -3.657569691532381977e-03 9.999291671766727951e-01 3.802450000000000330e+01
9.999428585897734978e-01 8.135123346341192017e-04 -1.065916286551546986e-02 -3.463439999999999852e-01 -7.638768651844916793e-04 9.999888511053738327e-01 4.659845178680977265e-03 -4.210309999999999886e-01 1.066283486916222260e-02 -4.651436620640828773e-03 9.999323317554628110e-01 3.936160000000000281e+01
9.999631745274355499e-01 7.403204963990703269e-04 -8.549942372676522934e-03 -3.571719999999999895e-01 -6.828265674308827554e-04 9.999771508143759924e-01 6.725444003287316293e-03 -4.375560000000000005e-01 8.554725997499193491e-03 -6.719358207831622500e-03 9.999408316937470342e-01 4.068679999999999808e+01
9.999791225657629345e-01 7.277182950137241983e-04 -6.420658742676510662e-03 -3.540920000000000178e-01 -6.765630360895961894e-04 9.999680430839680279e-01 7.965869273197300274e-03 -4.606990000000000252e-01 6.426250467029995077e-03 -7.961358985912768069e-03 9.999476586642084275e-01 4.199049999999999727e+01
9.999896654325757250e-01 8.953109033370541033e-04 -4.457291378386099741e-03 -3.738779999999999881e-01 -8.570528495629710451e-04 9.999628429252953588e-01 8.577775304487196897e-03 -4.689849999999999852e-01 4.464805534233854713e-03 -8.573866522612784077e-03 9.999532760706342227e-01 4.327660000000000196e+01
9.999996038611335125e-01 6.030764124443320755e-04 -6.546574805417604672e-04 -3.615309999999999913e-01 -5.976537152303212225e-04 9.999657723293768896e-01 8.252089417201530913e-03 -4.836790000000000256e-01 6.596117136220411769e-04 -8.251694889752733686e-03 9.999657366349278265e-01 4.454699999999999704e+01
9.999967317146358781e-01 -2.581200245211238216e-04 2.543606514291244913e-03 -3.585090000000000221e-01 2.414688077235730031e-04 9.999785557932321378e-01 6.544436300904287428e-03 -4.994720000000000271e-01 -2.545241218725683135e-03 -6.543800710186584678e-03 9.999753499058883222e-01 4.578990000000000293e+01
9.999757705676003416e-01 -1.504842359979647324e-04 6.959571267586699660e-03 -3.451339999999999963e-01 1.165317437065235021e-04 9.999880923780969377e-01 4.878680392023180233e-03 -5.130679999999999685e-01 -6.960222560134908358e-03 -4.877751173391161287e-03 9.999638807704025467e-01 4.702289999999999992e+01
9.999533215525066021e-01 6.252208946387755853e-05 9.661822141682652187e-03 -3.409050000000000136e-01 -1.128108608119746922e-04 9.999864504584982106e-01 5.204437829689003391e-03 -5.248789999999999845e-01 -9.661365836094962245e-03 -5.205284853083853684e-03 9.999397796966471574e-01 4.823490000000000322e+01
9.998794754574723553e-01 3.392985042613808370e-04 1.552157966880392780e-02 -3.184310000000000196e-01 -4.223040471015500645e-04 9.999856273577553134e-01 5.344785983403286221e-03 -5.450279999999999569e-01 -1.551954310480250891e-02 -5.350696631429272855e-03 9.998652478346152783e-01 4.945589999999999975e+01
9.997564716662308282e-01 1.544857664160611448e-03 2.201387690268494235e-02 -2.851409999999999778e-01 -1.640899939482563059e-03 9.999892123686674461e-01 4.345410645822343591e-03 -5.571169999999999733e-01 -2.200692638415659153e-02 -4.380474984485615945e-03 9.997482216188396942e-01 5.065939999999999799e+01
9.995495970118115636e-01 3.327545622151076646e-03 2.982499880398308337e-02 -2.394940000000000124e-01 -3.458113887595658936e-03 9.999846578358481120e-01 4.327301845525479036e-03 -5.730070000000000441e-01 -2.981014192964379431e-02 -4.428491058405038296e-03 9.995457687895438204e-01 5.185699999999999932e+01
9.992792889373652843e-01 4.403867658946977390e-03 3.770289976216854161e-02 -2.117970000000000130e-01 -4.618667317961972635e-03 9.999735865462927586e-01 5.611962397416502338e-03 -5.881150000000000544e-01 -3.767718955866582869e-02 -5.782054944957518497e-03 9.992732345197552490e-01 5.302069999999999794e+01
9.988065003651882545e-01 6.255534151704033111e-03 4.844009827324907008e-02 -1.500309999999999977e-01 -6.560971218047733158e-03 9.999595707465832595e-01 6.149026669727444654e-03 -6.008350000000000080e-01 -4.839967442990823071e-02 -6.459501899212867666e-03 9.988071617435935190e-01 5.419060000000000343e+01
9.980938269003504226e-01 8.817888442641790697e-03 6.108156470512554614e-02 -8.694369999999999876e-02 -9.218812056744688649e-03 9.999377539752694055e-01 6.285036130049618565e-03 -6.167300000000000004e-01 -6.102234187308556990e-02 -6.836155228396634080e-03 9.981129899836077568e-01 5.533379999999999654e+01
9.970449520787846298e-01 1.112714901431235102e-02 7.601019727001961934e-02 -1.143890000000000054e-03 -1.168770589727216765e-02 9.999076550552475906e-01 6.933894488301332003e-03 -6.313039999999999763e-01 -7.592602363533124121e-02 -7.801789328693380619e-03 9.970829308629236554e-01 5.645960000000000178e+01
9.956174807493288759e-01 1.267063007286803496e-02 9.265682468073505040e-02 9.906040000000000678e-02 -1.348828790479757352e-02 9.998753753367405350e-01 8.203650687938247865e-03 -6.375150000000000539e-01 -9.254133193204661101e-02 -9.417479958510683452e-03 9.956643073624131812e-01 5.758070000000000022e+01
9.938940884101687967e-01 1.300947778735294519e-02 1.095686748620242623e-01 2.190259999999999985e-01 -1.411135633283134780e-02 9.998572997649830540e-01 9.287073227057121225e-03 -6.487180000000000168e-01 -1.094322194135140258e-01 -1.077652979289858530e-02 9.939358408669320966e-01 5.867960000000000065e+01
9.915921458030475533e-01 1.265360471575904290e-02 1.287823849344504612e-01 3.652940000000000076e-01 -1.396264493680207143e-02 9.998595741380931212e-01 9.266960168243994558e-03 -6.653949999999999587e-01 -1.286470401061619862e-01 -1.098718763325473406e-02 9.916295784111298639e-01 5.976579999999999870e+01
9.886797079874113381e-01 1.156995970239694561e-02 1.495946892319778010e-01 5.323010000000000241e-01 -1.288374987520092378e-02 9.998864518650695254e-01 7.816160555885805217e-03 -6.710159999999999458e-01 -1.494872703713609197e-01 -9.655019894699114202e-03 9.887165097173975514e-01 6.084980000000000189e+01
9.854187370678149094e-01 9.163614148858054836e-03 1.698997963842320824e-01 7.179649999999999643e-01 -1.063366920377034272e-02 9.999134698510927510e-01 7.744539341526709628e-03 -6.756130000000000191e-01 -1.698141269592652325e-01 -9.438272409637118651e-03 9.854309114793304847e-01 6.189520000000000266e+01
9.813058184686498375e-01 3.999921049263251496e-03 1.924133344422184477e-01 9.326189999999999758e-01 -5.983958344439845728e-03 9.999347448303137487e-01 9.731306370030648814e-03 -6.882030000000000092e-01 -1.923618540202432226e-01 -1.070078094042911827e-02 9.812657185518913749e-01 6.294819999999999993e+01
9.765866570344959863e-01 -1.765125070438827715e-03 2.151171439836290777e-01 1.162889999999999979e+00 -6.860664542353956492e-04 9.999356972382033026e-01 1.131948327304144533e-02 -6.879960000000000520e-01 -2.151232916608707413e-01 -1.120204098519553271e-02 9.765226488222165102e-01 6.396329999999999671e+01
9.710227269192075461e-01 -7.294823010836943948e-03 2.388758032192180025e-01 1.417839999999999989e+00 4.831561731133666472e-03 9.999289659981691614e-01 1.089582346912456624e-02 -6.917389999999999928e-01 -2.389383180187394096e-01 -9.425949027691846518e-03 9.709889966767404346e-01 6.496380000000000621e+01
9.642517199856031063e-01 -1.252948887497922631e-02 2.646915797930448622e-01 1.715430000000000010e+00 1.031036789600494469e-02 9.998991019264656943e-01 9.771503492119099771e-03 -7.090170000000000083e-01 -2.647873048668592522e-01 -6.693121482480128559e-03 9.642836124845043377e-01 6.594070000000000675e+01
9.566737722857827642e-01 -1.674715967731942382e-02 2.906799374969532557e-01 2.007870000000000044e+00 1.426873124079309357e-02 9.998415421800619374e-01 1.064395789983855860e-02 -7.102559999999999985e-01 -2.908121330503050106e-01 -6.035161450855050166e-03 9.567611405659166568e-01 6.690619999999999834e+01
9.478909459706916785e-01 -1.894199505217521173e-02 3.180313748205207403e-01 2.335259999999999891e+00 1.566176926689345772e-02 9.997945396124200412e-01 1.286808239869246737e-02 -7.077980000000000382e-01 -3.182097791241145779e-01 -7.216604785653505522e-03 9.479928570855108427e-01 6.785550000000000637e+01
9.381517565515774537e-01 -2.406370132710303200e-02 3.453870581791243510e-01 2.690929999999999822e+00 1.988967467190489585e-02 9.996800881175929021e-01 1.562441239366904426e-02 -7.065409999999999746e-01 -3.456525459484359186e-01 -7.788433709137778868e-03 9.383302498479534348e-01 6.877750000000000341e+01
9.271107879453427403e-01 -2.757002950279291778e-02 3.737719630317138386e-01 3.055509999999999948e+00 2.333418780618955538e-02 9.996020082706509324e-01 1.585372955196509906e-02 -7.159069999999999601e-01 -3.740602926732416456e-01 -5.976498514724575689e-03 9.273851297657905723e-01 6.967340000000000089e+01
9.148775847870251887e-01 -2.704151280758276821e-02 4.028247279392575542e-01 3.466000000000000192e+00 2.425013722353350915e-02 9.996335463423222656e-01 1.202929223653744113e-02 -7.102249999999999952e-01 -4.030024016043816659e-01 -1.236774898501137587e-03 9.151980849460683576e-01 7.056170000000000186e+01
9.018116949181925746e-01 -2.759852200350977267e-02 4.312470156325706183e-01 3.877679999999999794e+00 2.696777818723656087e-02 9.996075821694379027e-01 7.577638749280095690e-03 -7.182960000000000456e-01 -4.312869182440163263e-01 4.796170617520845864e-03 9.022020787489833937e-01 7.141750000000000398e+01
8.873617609965736008e-01 -2.951567377694649594e-02 4.601281670606056085e-01 4.321850000000000414e+00 3.046363049364020012e-02 9.995214693232116199e-01 5.366523932205650126e-03 -7.268069999999999808e-01 -4.600663781871118796e-01 9.255126334137971436e-03 8.878362857522396068e-01 7.224979999999999336e+01
8.711426487177136302e-01 -3.077223403272055444e-02 4.900648479514948530e-01 4.799179999999999779e+00 3.052701968153650677e-02 9.994978368819000814e-01 8.495595197859149086e-03 -7.354829999999999979e-01 -4.900801839030520801e-01 7.559343955547968494e-03 8.716445776028853842e-01 7.307850000000000534e+01
8.536757875130071005e-01 -3.034534795314972749e-02 5.199200031463007132e-01 5.280870000000000175e+00 2.684475212909990388e-02 9.995378839605736365e-01 1.426105924347627688e-02 -7.282929999999999682e-01 -5.201124965785519638e-01 1.782802630979025103e-03 8.540959035832009771e-01 7.387080000000000268e+01
8.337401151540425603e-01 -3.067003713828495362e-02 5.513046065514600746e-01 5.816690000000000360e+00 2.530554905497055598e-02 9.995294374143838256e-01 1.733588558775934346e-02 -7.157790000000000541e-01 -5.515768754851407829e-01 -5.025574809165694184e-04 8.341239103790443199e-01 7.465149999999999864e+01
8.125494659124851138e-01 -2.494441306558301680e-02 5.823582588940837690e-01 6.348279999999999923e+00 2.081527964983708595e-02 9.996884095569770201e-01 1.377707989890469831e-02 -7.303650000000000420e-01 -5.825204627980326011e-01 9.273911015839310032e-04 8.128155081980845686e-01 7.540040000000000475e+01
7.904538877546856135e-01 -1.804897286049423483e-02 6.122555723814884221e-01 6.917709999999999582e+00 1.702101203769446069e-02 9.998270074058687173e-01 7.499360708605986442e-03 -7.394410000000000149e-01 -6.122850124596515009e-01 4.493310639858492939e-03 7.906243568704282021e-01 7.612720000000000198e+01
7.677188700971987467e-01 -1.568373338683621415e-02 6.405948462200825588e-01 7.525109999999999744e+00 1.567332776764019525e-02 9.998609413909853583e-01 5.696022947705554895e-03 -7.395739999999999537e-01 -6.405951008971022542e-01 5.667308689608196309e-03 7.678579284730008281e-01 7.682739999999999725e+01
7.444035779402758957e-01 -1.828143210654510284e-02 6.674796644017325642e-01 8.121959999999999624e+00 1.685999021289269831e-02 9.998210391084682014e-01 8.580820828114819193e-03 -7.462550000000000017e-01 -6.675170813392995450e-01 4.866106883005000099e-03 7.445785835787022133e-01 7.748569999999999425e+01
7.195537465947359212e-01 -1.895535770559423489e-02 6.941780032352879992e-01 8.749670000000000059e+00 1.746666931405690959e-02 9.998051582423425065e-01 9.195706339253238021e-03 -7.368820000000000370e-01 -6.942170562760265895e-01 5.508172678608473649e-03 7.197446344427936848e-01 7.812470000000000425e+01
6.939188212123038602e-01 -1.758283773516943274e-02 7.198385328561575092e-01 9.416560000000000485e+00 1.809288783443494322e-02 9.998119452132584462e-01 6.980087298237667472e-03 -7.590940000000000465e-01 -7.198258935167151096e-01 8.180343883918618497e-03 6.941064507673182504e-01 7.875369999999999493e+01
6.673768348394688577e-01 -1.525339629987875270e-02 7.445639624780205912e-01 1.008070000000000022e+01 1.711521022191251837e-02 9.998403011433001364e-01 5.142157984217228181e-03 -7.656009999999999760e-01 -7.445234918380426725e-01 9.311611621720105106e-03 6.675313206062276628e-01 7.932999999999999829e+01
6.403054132416123867e-01 -1.299412648460271727e-02 7.680105015235079158e-01 1.078090000000000082e+01 1.534715441846379660e-02 9.998737296535701313e-01 4.121844237120446050e-03 -7.601310000000000011e-01 -7.679670843367858435e-01 9.147536584316133187e-03 6.404239845209537263e-01 7.990579999999999927e+01
6.122776528472257951e-01 -1.170719046664466141e-02 7.905561444421703721e-01 1.148189999999999955e+01 1.565267756746745870e-02 9.998738867019284493e-01 2.684096970693500804e-03 -7.674260000000000526e-01 -7.904878680339507691e-01 1.073090783470295739e-02 6.123836853706849936e-01 8.043770000000000664e+01
5.833086515962524476e-01 -6.178403536837840521e-03 8.122270891214461441e-01 1.220870000000000033e+01 1.452226927345264332e-02 9.998905600792491466e-01 -2.823395040482399795e-03 -7.797709999999999919e-01 -8.121207549792771596e-01 1.344229125340159516e-02 5.833345387834905083e-01 8.095409999999999684e+01
5.533379950003690650e-01 2.877446024459812297e-03 8.329518495047285587e-01 1.297560000000000002e+01 1.267359417503934396e-02 9.998491923462115016e-01 -1.187318724332149349e-02 -7.950519999999999810e-01 -8.328603984460170029e-01 1.712637933145484681e-02 5.532180798124164411e-01 8.143959999999999866e+01
5.225324667274066082e-01 1.080499201154488768e-02 8.525509212729773800e-01 1.372959999999999958e+01 1.108934324863178854e-02 9.997489948232146650e-01 -1.946724983878732676e-02 -8.214660000000000295e-01 -8.525472700572596096e-01 1.962649988159355721e-02 5.222814881080048988e-01 8.189969999999999573e+01
4.903888966405903771e-01 1.576337865618206505e-02 8.713611455332204159e-01 1.451709999999999923e+01 8.311509335680533628e-03 9.997063437038041789e-01 -2.276280235239902527e-02 -8.437040000000000095e-01 -8.714640835193308011e-01 1.840495182588943596e-02 4.901138733846446272e-01 8.233849999999999625e+01
4.576894564795418452e-01 1.551431466217640352e-02 8.889767530526457850e-01 1.534639999999999915e+01 5.894701360328007470e-03 9.997728278994986173e-01 -2.048279985040978024e-02 -8.704370000000000163e-01 -8.890925789383996580e-01 1.461501400623270268e-02 4.574940299525923626e-01 8.275780000000000314e+01
4.244807125466759090e-01 1.354433131575783107e-02 9.053356702157907554e-01 1.616669999999999874e+01 2.307453786085622918e-03 9.998686806430484575e-01 -1.604048397508060775e-02 -8.913440000000000252e-01 -9.054340397471761781e-01 8.897896287253542758e-03 4.243937170938913983e-01 8.313490000000000180e+01
3.899797473248397539e-01 1.449378438071430991e-02 9.207093607055266693e-01 1.702609999999999957e+01 -2.811320924486972184e-03 9.998901986468566871e-01 -1.454947162645510439e-02 -9.186459999999999626e-01 -9.208191424764765598e-01 3.085589777472416868e-03 3.899776737001895421e-01 8.349800000000000466e+01
3.549743036938982077e-01 1.657009451190612215e-02 9.347291991185996407e-01 1.786789999999999878e+01 -9.650156782812934278e-03 9.998545873497063363e-01 -1.405982324979672751e-02 -9.478529999999999456e-01 -9.348262502685188435e-01 -4.029407352811781133e-03 3.550825899495578808e-01 8.381480000000000530e+01
3.189646570535645820e-01 1.876925544642908672e-02 9.475807419954715982e-01 1.875459999999999994e+01 -1.575797015986996757e-02 9.997707103312857280e-01 -1.449872891383454515e-02 -9.621480000000000032e-01 -9.476356018676916904e-01 -1.030736696071824984e-02 3.191872871202650064e-01 8.411350000000000193e+01
2.823277461046815873e-01 1.766383100131584463e-02 9.591553747197619773e-01 1.965429999999999922e+01 -1.813315589611307413e-02 9.997500993687378212e-01 -1.307392326143978073e-02 -9.832359999999999989e-01 -9.591466167571552903e-01 -1.370138265124034443e-02 2.825774932239766279e-01 8.437730000000000530e+01
2.453252902887205489e-01 1.709145270442760309e-02 9.692901444816238721e-01 2.055010000000000048e+01 -1.939162242335319350e-02 9.997310441053077756e-01 -1.272023710082121825e-02 -1.004520000000000080e+00 -9.692468555143963771e-01 -1.567551264116479395e-02 2.455907396032911416e-01 8.460030000000000427e+01
2.091651612576687080e-01 1.596151882024141044e-02 9.777500525354139160e-01 2.147400000000000020e+01 -1.893298617309400328e-02 9.997454578834255035e-01 -1.227034946647389754e-02 -1.032699999999999951e+00 -9.776970273815006607e-01 -1.594519860055196650e-02 2.094141191299337956e-01 8.478820000000000334e+01
1.739207729526949520e-01 1.510196726724303239e-02 9.846438418637453172e-01 2.241550000000000153e+01 -1.703333082998312320e-02 9.997789500240984450e-01 -1.232545048051223238e-02 -1.042030000000000012e+00 -9.846123249159404178e-01 -1.462811243360991054e-02 1.741395645746715015e-01 8.493529999999999802e+01
1.394573660089661049e-01 1.341361112159914631e-02 9.901372218548900594e-01 2.334690000000000154e+01 -9.625383080450300444e-03 9.998793720319377742e-01 -1.218988866119728384e-02 -1.067479999999999984e+00 -9.901812940398317942e-01 -7.830480297932988082e-03 1.395696546958107298e-01 8.505440000000000111e+01
1.050692601289209827e-01 1.619023913469456316e-02 9.943331065255358592e-01 2.430770000000000053e+01 -7.043080034548952414e-03 9.998545046359019750e-01 -1.553591268390626910e-02 -1.098710000000000075e+00 -9.944399658096954031e-01 -5.370820799135487059e-03 1.051680021886671756e-01 8.513660000000000139e+01
7.288034328754487701e-02 2.178036517433915714e-02 9.971028388562346301e-01 2.525219999999999843e+01 -6.838825639997029963e-03 9.997489221640368795e-01 -2.133830114400642880e-02 -1.102379999999999916e+00 -9.973172444243383339e-01 -5.263869747535643642e-03 7.301099676847078168e-02 8.519450000000000500e+01
4.297011630246184988e-02 2.422903776861211333e-02 9.987825202884560438e-01 2.620959999999999823e+01 -1.956109138527747579e-03 9.997060148034129234e-01 -2.416728373062290713e-02 -1.155370000000000008e+00 -9.990744430431554024e-01 -9.152566227185639225e-04 4.300487836657018725e-02 8.522259999999999991e+01
1.725902314782130909e-02 2.314657808172852771e-02 9.995830941162869854e-01 2.718649999999999878e+01 1.173736134522592595e-03 9.997308443498100772e-01 -2.317026540854644906e-02 -1.177550000000000097e+00 -9.998503630361245120e-01 1.573142944049454525e-03 1.722720980913927669e-02 8.523239999999999839e+01
-4.472169734535825190e-03 2.000053130157256054e-02 9.997899671658646570e-01 2.815249999999999986e+01 2.524371963091286489e-03 9.997970055071215834e-01 -1.998938031017081021e-02 -1.197959999999999914e+00 -9.999868135350874487e-01 2.434445860458198108e-03 -4.521750689173154036e-03 8.522419999999999618e+01
-2.388591147521542182e-02 1.797350397502151670e-02 9.995531083378501602e-01 2.912940000000000040e+01 5.134703043549826949e-03 9.998273888955310218e-01 -1.785573406497466264e-02 -1.217929999999999957e+00 -9.997015044790382721e-01 4.705907904371075048e-03 -2.397407710721821683e-02 8.519889999999999475e+01
-4.192538785344664121e-02 1.988452026745634454e-02 9.989228537314939205e-01 3.011430000000000007e+01 5.302540580389548605e-03 9.997922830006125139e-01 -1.967927630316752136e-02 -1.255139999999999922e+00 -9.991066734421963913e-01 4.471767676904343097e-03 -4.202211771332331480e-02 8.514579999999999416e+01
-5.625454158647883590e-02 2.489797388292044888e-02 9.981059650394947802e-01 3.108739999999999881e+01 8.121729846013609269e-03 9.996673484988053415e-01 -2.447917175225786807e-02 -1.273220000000000018e+00 -9.983834253708361306e-01 6.729282420405539866e-03 -5.643804304636124147e-02 8.507670000000000243e+01
-6.826415281310189986e-02 2.907217813769959538e-02 9.972436081013700271e-01 3.207339999999999947e+01 1.110648796566728394e-02 9.995355391370703835e-01 -2.837872313960478760e-02 -1.315069999999999961e+00 -9.976054587690352804e-01 9.138624639173786521e-03 -6.855533658240131611e-02 8.501080000000000325e+01
-7.759061511246728715e-02 3.362136881419855450e-02 9.964182354842414657e-01 3.306730000000000302e+01 1.763026549738634305e-02 9.993212097144521522e-01 -3.234646121812378289e-02 -1.346819999999999906e+00 -9.968294087681006665e-01 1.505733621539861143e-02 -7.813070101525909639e-02 8.491719999999999402e+01
-8.317423602575887975e-02 3.828280951760680562e-02 9.957994140171856357e-01 3.404469999999999885e+01 2.092667632805602501e-02 9.991085840670900220e-01 -3.666212570644454549e-02 -1.389790000000000081e+00 -9.963152717284787796e-01 1.778942772809164949e-02 -8.390122515026154915e-02 8.481229999999999336e+01
-8.703282501875628241e-02 4.348993061126861515e-02 9.952557024728273527e-01 3.504540000000000077e+01 2.284857671216641850e-02 9.988709788128812272e-01 -4.164985267230486565e-02 -1.431429999999999980e+00 -9.959433869008228468e-01 1.911527192648578011e-02 -8.792824613111371868e-02 8.473779999999999291e+01
-8.993190336402881457e-02 4.706132899946662701e-02 9.948354055169765786e-01 3.604469999999999885e+01 2.388459861622087982e-02 9.986975910208040208e-01 -4.508489368053242297e-02 -1.488480000000000025e+00 -9.956614779664147985e-01 1.970667404832317227e-02 -9.093881619906951652e-02 8.462500000000000000e+01
-9.235236451660847057e-02 5.030821221360499973e-02 9.944546870280527306e-01 3.704129999999999967e+01 2.522482384201506223e-02 9.985205209310324959e-01 -4.817133527066522897e-02 -1.534929999999999906e+00 -9.954068258909675171e-01 2.063620758498061619e-02 -9.348474691723140939e-02 8.452559999999999718e+01
-9.534422563202533951e-02 5.369215843903930169e-02 9.939952870918387084e-01 3.804480000000000217e+01 2.638037082461192756e-02 9.983298747412231444e-01 -5.139588732894424805e-02 -1.595369999999999955e+00 -9.950947465813422266e-01 2.132166319335029869e-02 -9.660140788251447841e-02 8.442629999999999768e+01
-9.666363199686273111e-02 5.743978690610177656e-02 9.936582979723751485e-01 3.904350000000000165e+01 2.710151275988097880e-02 9.981151224376327846e-01 -5.506096954681394956e-02 -1.655969999999999942e+00 -9.949480640994794456e-01 2.160724974379626268e-02 -9.803813800357552566e-02 8.431529999999999347e+01
-9.983539776609730299e-02 5.855300434186842123e-02 9.932796378842297935e-01 4.006340000000000146e+01 2.912560856693193617e-02 9.980112160129420706e-01 -5.590448674278770957e-02 -1.720679999999999987e+00 -9.945775949007152894e-01 2.334862725964426469e-02 -1.013422386105576889e-01 8.420690000000000452e+01
-1.016334933728076928e-01 5.790075621234114928e-02 9.931355070960250497e-01 4.107009999999999650e+01 2.958600884134172243e-02 9.980391577757863342e-01 -5.515893061906720907e-02 -1.775290000000000035e+00 -9.943818688540533302e-01 2.377692108406927185e-02 -1.031472584128266812e-01 8.409980000000000189e+01
-1.036689636348376020e-01 5.760359326573491479e-02 9.929423810180300070e-01 4.208379999999999654e+01 3.075218320078258738e-02 9.980298208189745113e-01 -5.468802414085967983e-02 -1.843299999999999939e+00 -9.941363333101072008e-01 2.486569522296782492e-02 -1.052361534540969812e-01 8.398810000000000286e+01
-1.058053220712701081e-01 5.849305089320351592e-02 9.926649972768254448e-01 4.310880000000000223e+01 2.956928015624554762e-02 9.980120342043323767e-01 -5.565642150167333241e-02 -1.909790000000000099e+00 -9.939471271111136597e-01 2.346364380345827144e-02 -1.073245821190474958e-01 8.386660000000000537e+01
-1.083616513856865693e-01 6.035253730751889006e-02 9.922778460438947956e-01 4.412669999999999959e+01 2.788910163485012333e-02 9.979471310065617384e-01 -5.765172786459522858e-02 -1.969700000000000006e+00 -9.937202576776664742e-01 2.142650126168259631e-02 -1.098223771583696218e-01 8.375700000000000500e+01
-1.105970058657490401e-01 6.288338737139552437e-02 9.918739748003423395e-01 4.515540000000000020e+01 2.687321546747382939e-02 9.978206683956233336e-01 -6.026395284869853763e-02 -2.037440000000000140e+00 -9.935019539910175945e-01 1.998983029468857572e-02 -1.120458571336725440e-01 8.363060000000000116e+01
-1.132220798439441678e-01 6.629638960640611700e-02 9.913554102142012603e-01 4.618710000000000093e+01 2.430587127596405342e-02 9.976575864596716192e-01 -6.394188612309778530e-02 -2.110020000000000007e+00 -9.932723620726229274e-01 1.685612365339515112e-02 -1.145682584228879808e-01 8.351390000000000668e+01
-1.151963503611876938e-01 7.041602195637240713e-02 9.908437741214818351e-01 4.721869999999999834e+01 2.081867410958207487e-02 9.974363362059986970e-01 -6.846413677446723522e-02 -2.183450000000000113e+00 -9.931245559705900172e-01 1.274123493989568270e-02 -1.163669938617685196e-01 8.339300000000000068e+01
-1.182265504973226133e-01 7.260526615236537196e-02 9.903287121377668534e-01 4.825699999999999790e+01 1.786868862960411600e-02 9.973173606327012664e-01 -7.098445003858848412e-02 -2.263640000000000096e+00 -9.928258622357508667e-01 9.303628731134754720e-03 -1.192067521924446982e-01 8.325589999999999691e+01
-1.212986440449974473e-01 7.085925925608552167e-02 9.900836350180340917e-01 4.930049999999999955e+01 1.545734591294889437e-02 9.974626336370737700e-01 -6.949363247895601337e-02 -2.348510000000000097e+00 -9.924956974265289888e-01 6.874581839764838664e-03 -1.220861610271857245e-01 8.311979999999999791e+01
-1.235242981887473140e-01 6.762425363850629867e-02 9.900347004407533680e-01 5.035889999999999844e+01 1.399936047664301214e-02 9.976948182221266892e-01 -6.640081022820870649e-02 -2.413759999999999906e+00 -9.922427957225098405e-01 5.657739173251713494e-03 -1.241862485310873954e-01 8.298390000000000555e+01
-1.259823841318281346e-01 6.542805326481287986e-02 9.898725214563930397e-01 5.140959999999999752e+01 1.396488677779708643e-02 9.978407901585080175e-01 -6.417740593953288886e-02 -2.500100000000000211e+00 -9.919341817004512230e-01 5.738235078932542310e-03 -1.266240570840908575e-01 8.286589999999999634e+01
-1.283260180253229799e-01 6.570100163218962896e-02 9.895533393821132062e-01 5.245920000000000272e+01 1.385823332312201631e-02 9.978245126229414730e-01 -6.445301682583506886e-02 -2.572179999999999911e+00 -9.916352063470350586e-01 5.442462063853327481e-03 -1.289573462031423645e-01 8.272880000000000678e+01
-1.290064713554696374e-01 6.864210291927250185e-02 9.892651778240404425e-01 5.351950000000000074e+01 1.451759488354289335e-02 9.976252032434778094e-01 -6.732899295405304907e-02 -2.650409999999999933e+00 -9.915374777522065752e-01 5.675875283125769721e-03 -1.296966254478607583e-01 8.256600000000000250e+01
-1.298712890113771501e-01 7.082643390436468844e-02 9.889980103877429318e-01 5.457730000000000103e+01 1.420258407182471011e-02 9.974760660985128036e-01 -6.956855731088577854e-02 -2.726900000000000102e+00 -9.914291376070234474e-01 5.011369176772695333e-03 -1.305494208442458115e-01 8.241610000000000014e+01
-1.304253281359007144e-01 7.182827871438395018e-02 9.888528364511938173e-01 5.564710000000000178e+01 1.335782056642305371e-02 9.974090349016744295e-01 -7.068794611690025487e-02 -2.812500000000000000e+00 -9.913681467600005126e-01 3.989420188363942965e-03 -1.310468699214246691e-01 8.228220000000000312e+01
-1.300562282592572505e-01 7.060900299982127148e-02 9.889892548386697291e-01 5.671829999999999927e+01 1.062034162155977776e-02 9.975030547311736218e-01 -6.982022734006707032e-02 -2.889279999999999848e+00 -9.914497394395832552e-01 1.422848322385518449e-03 -1.304813767088397469e-01 8.213580000000000325e+01
-1.302386475667510479e-01 6.999443017237719222e-02 9.890089354625813955e-01 5.779359999999999786e+01 7.516679536535605943e-03 9.975460477252697800e-01 -6.960877959308472973e-02 -2.971690000000000165e+00 -9.914541815982870210e-01 -1.631690086332952816e-03 -1.304451738422450768e-01 8.199530000000000030e+01
-1.301749890617099892e-01 7.074737178978596219e-02 9.889637413007725808e-01 5.887500000000000000e+01 3.103626439385616387e-03 9.974752061038769657e-01 -7.094773224672407119e-02 -3.061449999999999783e+00 -9.914861772741505597e-01 -6.166246254075642697e-03 -1.300658974575029658e-01 8.184539999999999793e+01
-1.305133074293655937e-01 7.077499380044183219e-02 9.889171739010276241e-01 5.995199999999999818e+01 -1.331291309392253208e-03 9.974353851449669905e-01 -7.156032507025669731e-02 -3.143380000000000063e+00 -9.914456637896489344e-01 -1.065611154496294219e-02 -1.300843689281839799e-01 8.171189999999999998e+01
-1.313640868373585624e-01 7.005897459980435504e-02 9.888555085387406018e-01 6.104240000000000066e+01 -4.645362061311164581e-03 9.974451959459980088e-01 -7.128465259485279593e-02 -3.233810000000000073e+00 -9.913233061422023207e-01 -1.395783515712560249e-02 -1.307030280330959693e-01 8.157750000000000057e+01
-1.310176339144952518e-01 6.489824923298344317e-02 9.892535553890827726e-01 6.213369999999999749e+01 -5.175726814228120976e-03 9.977966521432546365e-01 -6.614418208472531979e-02 -3.309460000000000068e+00 -9.913665273022848057e-01 -1.378616038664802132e-02 -1.303930608828622884e-01 8.142480000000000473e+01
-1.317135727155236691e-01 5.721668716573927171e-02 9.896351779682706074e-01 6.323179999999999978e+01 -1.077955284629544125e-03 9.983239796398173382e-01 -5.786250675974796698e-02 -3.379919999999999813e+00 -9.912872302087407661e-01 -8.688059961548741383e-03 -1.314311410556407989e-01 8.128350000000000364e+01
-1.316739913694555675e-01 5.196554001202865342e-02 9.899300695746617862e-01 6.434810000000000230e+01 5.870940629697701807e-03 9.986483897045563829e-01 -5.164228690345788048e-02 -3.438709999999999933e+00 -9.912756892272498455e-01 -9.881253739995043972e-04 -1.318011060472792373e-01 8.112149999999999750e+01
-1.306311819186788958e-01 5.375792163206645491e-02 9.899725148570183153e-01 6.544119999999999493e+01 1.297129894366881933e-02 9.985360815552009051e-01 -5.251132483664092826e-02 -3.510219999999999896e+00 -9.913461755180391632e-01 5.981613008699912526e-03 -1.311372585940820956e-01 8.096670000000000300e+01
-1.300303291968488151e-01 5.915409634610144241e-02 9.897438589728330127e-01 6.654489999999999839e+01 1.715684196674774342e-02 9.982035018063863951e-01 -5.740567702932909688e-02 -3.585010000000000030e+00 -9.913615668678542603e-01 9.516399894064317411e-03 -1.308116274280275437e-01 8.079900000000000659e+01
-1.286897564338612132e-01 6.492076662484493055e-02 9.895575984498506950e-01 6.765869999999999607e+01 2.084565181512575138e-02 9.978114693343324015e-01 -6.275133835435969809e-02 -3.645509999999999806e+00 -9.914657862928987209e-01 1.255251869957625319e-02 -1.297614306521809313e-01 8.064260000000000161e+01
-1.280451317889674534e-01 6.807154188678742057e-02 9.894294868308209923e-01 6.877089999999999748e+01 2.095857227728850983e-02 9.976046669857085991e-01 -6.592167061316907273e-02 -3.751189999999999802e+00 -9.915468634780929547e-01 1.229608041161210988e-02 -1.291651033881346944e-01 8.048040000000000305e+01
-1.281848328266960435e-01 6.725001701577656976e-02 9.894675759440375584e-01 6.989709999999999468e+01 1.920833270494637715e-02 9.976794946241116513e-01 -6.531972107467542976e-02 -3.810099999999999820e+00 -9.915642634685298829e-01 1.063302487324618850e-02 -1.291791399342666624e-01 8.034319999999999595e+01
-1.273192770682306241e-01 6.281282405619460774e-02 9.898708758322516399e-01 7.102920000000000300e+01 1.846045576864918311e-02 9.979699517979747636e-01 -6.095233286070071699e-02 -3.882229999999999848e+00 -9.916899784003250229e-01 1.051306056452873741e-02 -1.282203661589284005e-01 8.018659999999999854e+01
-1.272117984737199670e-01 6.021754335976090000e-02 9.900459614587580059e-01 7.216370000000000573e+01 1.695214053545388358e-02 9.981416027514918854e-01 -5.853175025530247405e-02 -3.960129999999999928e+00 -9.917307009770079951e-01 9.337469057415760665e-03 -1.279962046751931259e-01 8.005490000000000350e+01
