1 0 0 0 0 1 0 0 0 0 1 0
0.999981 -0.003105 -0.00523682 0.0364596 0.0030832 0.999987 -0.00416628 0.0303095 0.00524968 0.00415006 0.999978 0.666402
0.999951 -0.00158927 -0.00971706 0.0294842 0.00152296 0.999976 -0.00682771 0.0423228 0.00972767 0.00681258 0.999929 1.35544
0.999906 -0.00131594 -0.0136664 0.0159805 0.00120409 0.999966 -0.00818922 0.0342291 0.0136767 0.00817199 0.999873 2.05521
0.999826 0.000724905 -0.01864 0.00206443 -0.000915344 0.999947 -0.0102102 0.0449578 0.0186316 0.0102255 0.999774 2.83008
0.999754 0.000153412 -0.0221924 -0.0305059 -0.000381911 0.999947 -0.0102924 0.0294969 0.0221896 0.0102984 0.999701 3.54447
0.999637 0.00129593 -0.0269039 -0.0606364 -0.00159978 0.999935 -0.0112756 0.0167927 0.0268875 0.0113146 0.999574 4.34952
0.99946 0.00158348 -0.0328253 -0.0697115 -0.0019681 0.99993 -0.0116882 0.0111025 0.0328045 0.0117465 0.999393 5.14057
0.999316 0.00134832 -0.036959 -0.105776 -0.0017523 0.999939 -0.0109004 0.0131792 0.036942 0.0109577 0.999257 5.93986
0.999182 0.00114951 -0.0404158 -0.159058 -0.00146699 0.999968 -0.0078266 -0.00717932 0.0404055 0.00787949 0.999152 6.76197
0.999072 0.00119974 -0.0430424 -0.208847 -0.00144274 0.999983 -0.00561493 -0.01494 0.0430349 0.00567182 0.999057 7.58796
0.999003 0.00289372 -0.044555 -0.266145 -0.00317471 0.999976 -0.0062371 -0.0267158 0.0445358 0.00637233 0.998987 8.41714
0.998908 0.00169836 -0.0466896 -0.307844 -0.00197696 0.999981 -0.00592149 -0.0418444 0.0466786 0.00600732 0.998892 9.24154
0.998885 -0.000877244 -0.047197 -0.368699 0.000531572 0.999973 -0.00733609 -0.040812 0.0472021 0.00730282 0.998859 10.0838
0.998746 1.90698e-05 -0.0500685 -0.393921 -0.000372149 0.999975 -0.00704263 -0.0534074 0.0500671 0.00705243 0.998721 10.948
0.998526 -0.00241149 -0.0542173 -0.399811 0.00203353 0.999973 -0.00702525 -0.0720095 0.0542328 0.00690465 0.998504 11.8087
0.998394 0.00237577 -0.0565914 -0.442214 -0.00299232 0.999937 -0.0108125 -0.0807634 0.0565622 0.0109645 0.998339 12.6698
0.99848 0.00498441 -0.0548875 -0.541369 -0.00589361 0.999848 -0.0164154 -0.0684834 0.0547974 0.0167139 0.998358 13.5918
0.99828 0.00749416 -0.0581424 -0.577422 -0.00855547 0.999801 -0.0180262 -0.0816544 0.0579958 0.0184927 0.998145 14.4842
0.998217 0.0112723 -0.0586198 -0.644325 -0.0124203 0.999737 -0.0192569 -0.0973868 0.0583874 0.0199507 0.998095 15.388
0.998151 0.0117994 -0.0596299 -0.711486 -0.0129628 0.999732 -0.0191604 -0.113443 0.0593879 0.0198979 0.998037 16.2684
0.998043 0.0133431 -0.0610921 -0.766047 -0.0145556 0.999705 -0.0194449 -0.12228 0.0608146 0.020296 0.997943 17.1961
0.997995 0.0146212 -0.0615797 -0.827452 -0.0158388 0.999688 -0.0193305 -0.159323 0.0612778 0.0202671 0.997915 18.1188
0.997918 0.0140107 -0.0629533 -0.892782 -0.015254 0.999697 -0.0193124 -0.192963 0.0626636 0.0202325 0.99783 19.013
0.997888 0.0135211 -0.0635273 -0.95235 -0.0148444 0.999682 -0.0204043 -0.224354 0.0632312 0.0213043 0.997771 19.9869
0.997975 0.0144173 -0.0619549 -1.0572 -0.0156909 0.999675 -0.0201205 -0.232024 0.0616447 0.0210519 0.997876 20.9082
0.997849 0.0179581 -0.0630511 -1.09378 -0.0190392 0.999681 -0.0165877 -0.273046 0.0627331 0.0177524 0.997872 21.8866
0.997904 0.0181438 -0.0621139 -1.15694 -0.0189691 0.999739 -0.012723 -0.296491 0.0618668 0.0138745 0.997988 22.8496
0.998035 0.0185677 -0.0598447 -1.22258 -0.0192313 0.99976 -0.0105314 -0.317226 0.0596348 0.0116616 0.998152 23.8012
0.998071 0.0200963 -0.0587303 -1.27528 -0.0207127 0.999737 -0.00990605 -0.34843 0.0585158 0.0111034 0.998225 24.7534
0.998117 0.0211387 -0.0575833 -1.32933 -0.0218796 0.999686 -0.0122662 -0.382334 0.0573059 0.013503 0.998265 25.7159
0.99821 0.0220354 -0.0555885 -1.39857 -0.0229686 0.999605 -0.0162059 -0.423119 0.0552094 0.0174537 0.998322 26.6785
0.998323 0.0211573 -0.0538735 -1.46692 -0.0222261 0.999566 -0.0193183 -0.444729 0.0534414 0.0204834 0.998361 27.6229
0.998393 0.0169683 -0.0540713 -1.5047 -0.0179087 0.999696 -0.0169562 -0.483376 0.0537672 0.0178973 0.998393 28.6232
0.998332 0.0159031 -0.0555054 -1.54508 -0.0165661 0.999797 -0.0115061 -0.517473 0.0553111 0.0124064 0.998392 29.6236
0.998451 0.0150355 -0.0535724 -1.63806 -0.0155403 0.999839 -0.00901884 -0.538306 0.0534282 0.00983741 0.998523 30.6145
0.998551 0.00866017 -0.0531078 -1.69659 -0.00912159 0.999923 -0.00845231 -0.580251 0.0530305 0.0089245 0.998553 31.5826
0.998369 0.00501878 -0.0568645 -1.71072 -0.00574541 0.999904 -0.0126222 -0.594154 0.0567957 0.0129283 0.998302 32.5791
0.998264 0.00589292 -0.0585923 -1.77371 -0.00690052 0.999832 -0.0170095 -0.610781 0.0584822 0.0173843 0.998137 33.5836
0.998206 0.00757877 -0.0593802 -1.84138 -0.0086533 0.999803 -0.0178597 -0.635646 0.0592331 0.0183415 0.998075 34.5934
0.998081 0.00746726 -0.0614689 -1.88488 -0.00850059 0.999827 -0.0165663 -0.656647 0.0613345 0.017057 0.997971 35.6739
0.99794 0.010046 -0.0633639 -1.93203 -0.0109428 0.999845 -0.0138223 -0.678801 0.0632152 0.0144872 0.997895 36.711
0.997801 0.00950873 -0.0655942 -1.99348 -0.0104219 0.999853 -0.013593 -0.685952 0.0654553 0.0142467 0.997754 37.7319
0.99779 0.0106493 -0.0655877 -2.07156 -0.0113386 0.999884 -0.0101476 -0.723547 0.0654721 0.0108689 0.997795 38.7382
0.998171 0.00982601 -0.0596516 -2.25795 -0.0104224 0.999899 -0.00969578 -0.694442 0.0595503 0.0102998 0.998172 39.6897
0.997969 0.0155935 -0.0617545 -2.29834 -0.0160617 0.999846 -0.00709165 -0.728912 0.0616344 0.00806914 0.998066 40.7316
0.998029 0.0158757 -0.0607173 -2.38819 -0.0164927 0.999817 -0.00967435 -0.720417 0.0605526 0.0106567 0.998108 41.7324
0.997986 0.0163739 -0.0612838 -2.44409 -0.0171386 0.999781 -0.0119731 -0.732514 0.0610743 0.0129993 0.998048 42.7998
0.997962 0.0185509 -0.0610531 -2.52025 -0.0195096 0.999695 -0.0151438 -0.742172 0.0607535 0.016304 0.998019 43.8223
0.997795 0.017258 -0.0640885 -2.5476 -0.0182444 0.999723 -0.0148387 -0.772356 0.0638147 0.0159752 0.997834 44.8663
0.997816 0.0156748 -0.0641709 -2.63008 -0.0165272 0.999782 -0.0127736 -0.813584 0.0639566 0.0138063 0.997857 45.8379
0.997753 0.0170022 -0.0647995 -2.71232 -0.0177771 0.999777 -0.0114005 -0.85095 0.0645912 0.0125268 0.997833 46.8193
0.997657 0.0190257 -0.0657124 -2.77576 -0.0200991 0.999674 -0.0157122 -0.867777 0.065392 0.0169962 0.997715 47.8896
0.997709 0.0202586 -0.0645466 -2.88043 -0.0215698 0.999574 -0.0196816 -0.898826 0.0641204 0.0210287 0.99772 48.8324
0.997506 0.0216144 -0.0671848 -2.92008 -0.0232648 0.999444 -0.0238802 -0.891182 0.0666313 0.0253837 0.997455 49.8567
0.997454 0.0197443 -0.0685223 -2.97468 -0.0211414 0.999582 -0.0197244 -0.935163 0.0681042 0.0211229 0.997454 50.8364
0.997382 0.0185821 -0.0698839 -3.02672 -0.0198037 0.999662 -0.0168279 -0.972062 0.0695476 0.0181678 0.997413 51.8234
0.99737 0.0162483 -0.0706382 -3.08138 -0.017416 0.999721 -0.0159466 -1.00743 0.0703594 0.0171349 0.997374 52.8428
0.997405 0.0126575 -0.0708677 -3.1286 -0.0139225 0.999752 -0.0173839 -1.03589 0.0706301 0.0183254 0.997334 53.8617
0.997345 0.00947595 -0.0721951 -3.18973 -0.0108745 0.99976 -0.019004 -1.0622 0.0719977 0.0197387 0.997209 54.8381
0.997236 0.00772868 -0.0738912 -3.25997 -0.00910825 0.99979 -0.0183517 -1.08331 0.0737338 0.018974 0.997097 55.7909
0.997055 0.00550649 -0.0764947 -3.31363 -0.00677581 0.999843 -0.016344 -1.08646 0.0763927 0.0168142 0.996936 56.7277
0.996921 0.00561798 -0.0782093 -3.37054 -0.00675896 0.999874 -0.0143318 -1.08232 0.078119 0.0148163 0.996834 57.702
0.996822 0.00860342 -0.0791891 -3.44086 -0.00977953 0.999847 -0.0144762 -1.08913 0.0790525 0.0152047 0.996754 58.6793
0.996786 0.0104585 -0.079427 -3.55302 -0.012126 0.999715 -0.0205418 -1.09284 0.0791896 0.0214389 0.996629 59.5734
0.996493 0.0131764 -0.0826257 -3.59842 -0.0156267 0.999455 -0.0290797 -1.12828 0.0821975 0.0302689 0.996156 60.5778
0.996672 0.0146293 -0.0801896 -3.74678 -0.0176546 0.999154 -0.0371486 -1.12028 0.0795783 0.0384407 0.996087 61.4676
0.996381 0.0195961 -0.082708 -3.81303 -0.0227863 0.999025 -0.0378062 -1.14668 0.0818865 0.039554 0.995856 62.3864
0.996448 0.0223374 -0.0811963 -3.92611 -0.0252435 0.99907 -0.0349413 -1.20093 0.0803403 0.0368669 0.996085 63.2955
0.996545 0.026126 -0.0788431 -4.07531 -0.029035 0.998931 -0.035978 -1.20925 0.0778188 0.0381429 0.996237 64.1243
0.996406 0.0268518 -0.0803323 -4.14575 -0.0298438 0.998896 -0.036279 -1.25393 0.0792695 0.0385461 0.996107 65.0457
0.996067 0.0262327 -0.0846348 -4.18091 -0.0293887 0.99891 -0.0362621 -1.28112 0.0835913 0.0386067 0.995752 65.8983
0.995993 0.0257698 -0.0856427 -4.26782 -0.0289562 0.998926 -0.0361745 -1.30941 0.0846185 0.0385094 0.995669 66.7421
0.995803 0.0242391 -0.0882569 -4.32626 -0.0274784 0.998985 -0.0356754 -1.34888 0.0873027 0.0379508 0.995458 67.593
0.995746 0.0241566 -0.0889189 -4.41645 -0.0272934 0.999041 -0.0342313 -1.39385 0.0880068 0.0365125 0.99545 68.4157
0.995445 0.0276735 -0.0912309 -4.48386 -0.0306403 0.999041 -0.0312808 -1.43996 0.0902777 0.0339337 0.995338 69.2225
0.995344 0.0303893 -0.0914672 -4.58345 -0.0330639 0.999064 -0.0278688 -1.47043 0.0905348 0.0307633 0.995418 70.0365
0.995171 0.0339234 -0.092113 -4.67897 -0.0365725 0.99896 -0.0272244 -1.49084 0.0910936 0.0304617 0.995376 70.824
0.994957 0.0366066 -0.0933871 -4.74816 -0.039602 0.998752 -0.0304246 -1.539 0.0921569 0.0339694 0.995165 71.5572
0.994832 0.0365316 -0.0947356 -4.83336 -0.0402724 0.99847 -0.0378801 -1.57602 0.0932069 0.0414996 0.994781 72.3021
0.994818 0.0364509 -0.0949157 -4.92119 -0.040705 0.998233 -0.0432758 -1.61842 0.0931707 0.0469151 0.994544 72.9785
0.994746 0.037274 -0.0953442 -4.99234 -0.0417106 0.998117 -0.0449705 -1.64617 0.0934885 0.0487111 0.994428 73.6797
0.994507 0.0396547 -0.0968688 -5.04396 -0.0437832 0.998204 -0.040872 -1.69359 0.0950742 0.0448887 0.994457 74.2961
0.994396 0.0392504 -0.0981639 -5.11749 -0.0432337 0.998312 -0.0387847 -1.72938 0.0964759 0.0428113 0.994414 74.9671
0.99426 0.0360629 -0.100734 -5.14292 -0.0403848 0.998334 -0.0411992 -1.78183 0.09908 0.0450308 0.99406 75.5469
0.994508 0.027993 -0.100847 -5.19482 -0.0327887 0.998393 -0.0462143 -1.82547 0.0993916 0.0492671 0.993828 76.2004
0.994633 0.0237884 -0.100699 -5.23022 -0.0291487 0.998216 -0.0520985 -1.84348 0.0992806 0.0547541 0.993552 76.8203
0.994888 0.0262568 -0.0975084 -5.29833 -0.0314838 0.998127 -0.0524594 -1.88114 0.0959483 0.0552611 0.993851 77.427
0.994814 0.0309457 -0.0968952 -5.27316 -0.0360617 0.998021 -0.0515015 -1.89161 0.0951098 0.0547286 0.993961 78.1296
0.995205 0.0297832 -0.0931674 -5.29606 -0.0344837 0.998191 -0.0492557 -1.91696 0.0915319 0.0522323 0.994431 78.705
0.995691 0.025875 -0.0890495 -5.2972 -0.030001 0.998522 -0.0453117 -1.95394 0.0877455 0.047788 0.994996 79.3033
0.996439 0.022007 -0.0813946 -5.32277 -0.0255607 0.998753 -0.042879 -1.98766 0.0803496 0.0448068 0.995759 79.856
0.997145 0.0254965 -0.0710713 -5.34316 -0.0286453 0.998636 -0.043644 -2.01402 0.0698617 0.0455553 0.996516 80.3991
0.997837 0.030492 -0.0582369 -5.32353 -0.0330242 0.998528 -0.0430239 -2.06618 0.0568393 0.0448541 0.997375 80.9337
0.998591 0.0355727 -0.0393876 -5.35784 -0.0372098 0.998439 -0.0416407 -2.10987 0.037845 0.0430476 0.998356 81.4214
0.999264 0.0341247 -0.0175157 -5.35178 -0.0348271 0.998531 -0.0414955 -2.14067 0.016074 0.042075 0.998985 81.8942
0.999512 0.0299952 0.0087574 -5.32729 -0.0296145 0.998729 -0.0407727 -2.17235 -0.00996916 0.0404934 0.99913 82.3836
0.998825 0.0300011 0.0380693 -5.28573 -0.0284865 0.998804 -0.0397217 -2.20283 -0.0392154 0.0385905 0.998485 82.8393
0.997288 0.0292327 0.0675466 -5.16158 -0.0266574 0.998894 -0.038719 -2.2364 -0.0686037 0.0368134 0.996964 83.325
0.994026 0.0297967 0.105003 -5.08535 -0.0257835 0.998892 -0.0393723 -2.25903 -0.10606 0.0364297 0.993692 83.7834
0.98911 0.0290761 0.144277 -4.93897 -0.0236453 0.998951 -0.0392145 -2.29087 -0.145266 0.035376 0.98876 84.2578
0.981711 0.0288496 0.188178 -4.80012 -0.0217218 0.99897 -0.0398313 -2.32223 -0.189133 0.0350153 0.981327 84.7025
0.971331 0.0310448 0.235694 -4.64089 -0.021628 0.998865 -0.0424348 -2.35536 -0.236744 0.0361206 0.9709 85.1325
0.957452 0.0307076 0.286956 -4.4506 -0.0190511 0.998879 -0.0433261 -2.41927 -0.287965 0.0360158 0.956963 85.5442
0.93958 0.0299075 0.341022 -4.23921 -0.0156183 0.998884 -0.0445706 -2.45787 -0.341974 0.0365514 0.938998 85.9096
0.917495 0.0304605 0.39658 -4.00079 -0.0133988 0.998864 -0.0457224 -2.48509 -0.397522 0.0366363 0.916861 86.2691
0.891126 0.0310912 0.452691 -3.76881 -0.0112104 0.998853 -0.0465346 -2.5064 -0.453618 0.0363933 0.890452 86.5602
0.860278 0.0279969 0.509056 -3.5038 -0.00537557 0.998933 -0.0458545 -2.55722 -0.509797 0.0367112 0.859511 86.8694
0.825154 0.02655 0.564284 -3.23976 -0.00194213 0.999022 -0.0441648 -2.61064 -0.564905 0.0353469 0.824398 87.1702
0.786079 0.025565 0.617597 -2.97935 -0.00178753 0.999234 -0.0390875 -2.66095 -0.618123 0.0296219 0.785523 87.4462
0.74693 0.0241552 0.664464 -2.64911 0.000946606 0.9993 -0.0373915 -2.6833 -0.664903 0.0285578 0.746384 87.6939
0.704623 0.0260606 0.709103 -2.32299 0.00159927 0.999264 -0.0383136 -2.67003 -0.70958 0.0281307 0.704063 87.9198
0.661531 0.0249916 0.749502 -1.98986 0.00741525 0.999177 -0.0398618 -2.68155 -0.749881 0.0319275 0.660801 88.1126
0.615335 0.0231256 0.787927 -1.66738 0.013855 0.999098 -0.0401437 -2.69619 -0.788144 0.0356185 0.614459 88.3232
0.569458 0.025549 0.821623 -1.3357 0.0131133 0.999107 -0.0401568 -2.72045 -0.821915 0.0336418 0.568615 88.516
0.524662 0.0266721 0.850893 -0.982602 0.0113567 0.999201 -0.0383235 -2.76259 -0.851234 0.0297703 0.52394 88.6794
0.480849 0.0285872 0.876337 -0.65099 0.012016 0.999159 -0.039187 -2.78543 -0.876721 0.0293731 0.480101 88.816
0.440929 0.0231622 0.897243 -0.301537 0.0206553 0.99914 -0.0359433 -2.82989 -0.897304 0.0343812 0.440071 88.9209
0.402509 0.0139858 0.915309 0.0544849 0.0367268 0.998831 -0.0314127 -2.85603 -0.914679 0.0462603 0.401525 89.0135
0.369932 0.00851818 0.92902 0.419089 0.0424697 0.998757 -0.0260689 -2.88242 -0.928087 0.0490989 0.36911 89.0981
0.336881 0.0139757 0.941444 0.791871 0.0391618 0.998816 -0.0288409 -2.89162 -0.940732 0.0465845 0.335935 89.21
0.305532 0.0224459 0.951917 1.17303 0.0283932 0.999063 -0.0326708 -2.91257 -0.951758 0.0370099 0.304608 89.3359
0.278617 0.0262489 0.960044 1.54502 0.0240461 0.999122 -0.0342958 -2.94264 -0.960101 0.0326407 0.277741 89.4204
0.253165 0.0273126 0.967038 1.94564 0.0257074 0.999058 -0.034947 -2.97535 -0.967081 0.0337074 0.252224 89.5035
0.230294 0.0298179 0.972664 2.32496 0.0333296 0.998702 -0.0385075 -2.97862 -0.97255 0.0412865 0.229001 89.5638
0.209655 0.0359088 0.977116 2.72615 0.0411588 0.998115 -0.0455118 -2.98569 -0.976908 0.0497587 0.207782 89.6352
0.191468 0.0427388 0.980568 3.15887 0.0446155 0.99764 -0.0521946 -2.9914 -0.980484 0.0537421 0.189109 89.693
0.173645 0.0449391 0.983783 3.59523 0.0412185 0.997751 -0.0528526 -3.00842 -0.983945 0.0497276 0.171402 89.7648
0.159105 0.0406003 0.986426 4.04052 0.0431691 0.997912 -0.048036 -3.03057 -0.986317 0.050226 0.15702 89.8195
0.143663 0.0373054 0.988923 4.50019 0.0448356 0.998018 -0.0441618 -3.06084 -0.98861 0.0506834 0.141706 89.8978
0.131226 0.0354142 0.99072 4.99641 0.0469357 0.998019 -0.041892 -3.08241 -0.99024 0.0519974 0.129303 89.9413
0.11899 0.0339758 0.992314 5.46267 0.0506592 0.997905 -0.0402418 -3.11837 -0.991602 0.0550582 0.117019 90.0008
0.109718 0.0346386 0.993359 5.99522 0.0539275 0.997713 -0.0407468 -3.14392 -0.992498 0.05804 0.107598 90.0361
0.102464 0.0347844 0.994128 6.53883 0.0562473 0.997587 -0.0407027 -3.17497 -0.993145 0.0600876 0.10026 90.077
0.0973715 0.0348671 0.994637 7.09421 0.0580278 0.997487 -0.0406477 -3.20364 -0.993555 0.0616745 0.0951034 90.1199
0.091383 0.0353727 0.995187 7.65936 0.0606741 0.997314 -0.0410197 -3.23181 -0.993965 0.0641306 0.0889911 90.1776
0.0845877 0.0351978 0.995794 8.22355 0.0643129 0.997099 -0.040707 -3.25551 -0.994338 0.0674857 0.0820784 90.2382
0.0799441 0.0340527 0.996217 8.83091 0.0676329 0.996928 -0.0395043 -3.29236 -0.994502 0.0705352 0.0773953 90.2935
0.076087 0.0329374 0.996557 9.45424 0.0705285 0.996773 -0.0383294 -3.32261 -0.994603 0.0732021 0.0735182 90.3595
0.0737744 0.0327405 0.996737 10.0827 0.0705704 0.996784 -0.0379653 -3.34764 -0.994774 0.073141 0.0712265 90.4029
0.0709007 0.0319606 0.996971 10.7546 0.0745195 0.996524 -0.0372458 -3.37759 -0.994695 0.0769346 0.0682724 90.4593
0.0682576 0.0320925 0.997151 11.3719 0.0783065 0.996227 -0.037423 -3.40889 -0.994589 0.0806378 0.0654868 90.5435
0.0693981 0.0313429 0.997096 12.0273 0.0846448 0.995717 -0.0371908 -3.42999 -0.993991 0.08698 0.0664477 90.5956
0.0707337 0.0317809 0.996989 12.7289 0.0857824 0.995596 -0.0378225 -3.44989 -0.993799 0.0881994 0.0676958 90.6704
0.0732099 0.0322588 0.996795 13.4274 0.0885328 0.995321 -0.0387134 -3.47058 -0.993379 0.0910832 0.0700112 90.7421
0.0783166 0.0323524 0.996403 14.1636 0.0887818 0.995276 -0.0392939 -3.48436 -0.992967 0.0915399 0.0750741 90.783
0.0797815 0.0309188 0.996333 14.9511 0.0910765 0.995112 -0.0381739 -3.51405 -0.992642 0.0937881 0.0765754 90.8954
0.0835294 0.029107 0.99608 15.7172 0.092153 0.995065 -0.0368051 -3.54847 -0.992235 0.0948661 0.0804347 90.9728
0.0861655 0.0278933 0.99589 16.5461 0.089617 0.995339 -0.0356316 -3.57537 -0.992242 0.0923189 0.083264 91.0732
0.0888267 0.0254287 0.995722 17.3356 0.0900215 0.995378 -0.0334505 -3.62962 -0.99197 0.0926077 0.0861268 91.1677
0.0923659 0.0243855 0.995426 18.1476 0.0888747 0.995508 -0.0326342 -3.68842 -0.99175 0.0914825 0.0897835 91.263
0.0957964 0.0269719 0.995035 18.9344 0.0890711 0.995391 -0.0355568 -3.74531 -0.991407 0.0920351 0.0929522 91.336
0.0968302 0.031928 0.994789 19.7697 0.082319 0.995804 -0.0399733 -3.7925 -0.99189 0.0857606 0.0937954 91.4303
0.0954917 0.0364806 0.994762 20.5974 0.0782059 0.995965 -0.044032 -3.81351 -0.992353 0.0820009 0.0922531 91.5403
0.0942218 0.0366163 0.994878 21.4421 0.0744141 0.996269 -0.043715 -3.86262 -0.992766 0.0781519 0.0911453 91.6533
0.0925477 0.0329188 0.995164 22.3023 0.0706477 0.996718 -0.0395402 -3.95737 -0.993198 0.0739654 0.089918 91.7633
0.0915345 0.0316793 0.995298 23.1178 0.0730906 0.996584 -0.0384421 -3.99565 -0.993115 0.0762657 0.0889062 91.8615
0.0896838 0.0311524 0.995483 23.9141 0.0729482 0.996621 -0.03776 -4.02815 -0.993295 0.0760052 0.0871081 91.9821
0.0882617 0.0301929 0.99564 24.7734 0.0724515 0.996699 -0.0366477 -4.08423 -0.993458 0.0753702 0.0857826 92.0928
0.0880131 0.0316277 0.995617 25.6157 0.0696966 0.996851 -0.0378281 -4.11645 -0.993677 0.0727205 0.0855315 92.1808
0.0835912 0.0322397 0.995979 26.3994 0.0678513 0.996973 -0.0379666 -4.16667 -0.994187 0.0707521 0.0811505 92.305
0.082707 0.0326675 0.996038 27.2321 0.0661924 0.997076 -0.0381979 -4.19095 -0.994373 0.0690894 0.0803026 92.3461
0.0808199 0.0324567 0.9962 28.0585 0.0635292 0.99727 -0.0376455 -4.21485 -0.994701 0.0663303 0.0785372 92.3892
0.0757122 0.0305648 0.996661 28.8698 0.0619345 0.997456 -0.0352941 -4.25357 -0.995204 0.0644 0.0736265 92.4597
0.0703887 0.0283455 0.997117 29.6936 0.0599226 0.997671 -0.0325914 -4.29576 -0.995718 0.0620439 0.068526 92.5133
0.0617088 0.0275672 0.997713 30.4978 0.0604772 0.997679 -0.0313068 -4.34674 -0.99626 0.0622709 0.0598983 92.5893
0.0536473 0.0286522 0.998149 31.2957 0.0618001 0.997577 -0.0319574 -4.37679 -0.996645 0.0634002 0.0517465 92.6243
0.0444291 0.0293453 0.998581 32.0948 0.0618572 0.99757 -0.0320677 -4.40287 -0.997095 0.0631942 0.0425058 92.6438
0.0356554 0.0282746 0.998964 32.9037 0.0623082 0.997592 -0.0304597 -4.44152 -0.997419 0.0633298 0.0338077 92.6479
0.0235957 0.0269071 0.999359 33.6955 0.0609687 0.997738 -0.0283029 -4.48229 -0.99786 0.0615975 0.0219017 92.6826
0.0144608 0.0267195 0.999538 34.49 0.0630169 0.997631 -0.0275802 -4.51171 -0.997907 0.0633867 0.0127426 92.662
0.00386303 0.0258203 0.999659 35.3042 0.0628465 0.997684 -0.0260122 -4.56285 -0.998015 0.0629256 0.00223127 92.6549
-0.00612615 0.0274282 0.999605 36.0714 0.0650819 0.997515 -0.026972 -4.59251 -0.997861 0.064891 -0.00789609 92.631
-0.016275 0.0285465 0.99946 36.8423 0.0667167 0.997396 -0.0274011 -4.6329 -0.997639 0.0662347 -0.0181372 92.6168
-0.0269664 0.0291086 0.999212 37.6096 0.0678261 0.997326 -0.0272231 -4.67478 -0.997332 0.0670386 -0.0288687 92.6027
-0.0352683 0.0281921 0.99898 38.3385 0.0694259 0.997256 -0.0256925 -4.73295 -0.996963 0.068449 -0.0371289 92.5538
-0.0466368 0.0258119 0.998578 39.0703 0.0704435 0.997262 -0.022488 -4.81027 -0.996424 0.0692946 -0.0483275 92.5395
-0.0543234 0.0254267 0.9982 39.8247 0.0714953 0.997209 -0.0215106 -4.85089 -0.99596 0.0701981 -0.0559897 92.4688
-0.0616984 0.0251621 0.997778 40.5785 0.0741091 0.997038 -0.0205608 -4.88283 -0.995339 0.0726759 -0.0633805 92.4002
-0.0703306 0.0225578 0.997269 41.2897 0.076728 0.996905 -0.0171385 -4.93476 -0.994568 0.0753131 -0.0718437 92.3551
-0.0755377 0.0206516 0.996929 42.0495 0.0792013 0.996751 -0.0146468 -4.96539 -0.993992 0.0778517 -0.0769279 92.2906
-0.0811952 0.0188166 0.996521 42.7342 0.0818524 0.99657 -0.0121484 -4.98907 -0.993331 0.0805812 -0.082457 92.2773
-0.0879724 0.0180774 0.995959 43.4354 0.0833977 0.996459 -0.01072 -5.00911 -0.992625 0.0821177 -0.0891686 92.2944
-0.0901234 0.0175773 0.995775 44.1516 0.0832449 0.996478 -0.0100556 -5.02495 -0.992445 0.081987 -0.0912692 92.231
-0.0875234 0.0176109 0.996007 44.8394 0.083308 0.996471 -0.0102985 -5.04651 -0.992672 0.082074 -0.0886817 92.0916
-0.0898558 0.0218271 0.995716 45.5615 0.0832615 0.996425 -0.0143289 -5.02649 -0.992468 0.0816172 -0.0913519 92.0915
-0.0871782 0.0253718 0.99587 46.253 0.0841601 0.996289 -0.0180151 -5.01989 -0.992631 0.0822419 -0.08899 92.0434
-0.0827026 0.0256158 0.996245 46.8649 0.08398 0.996293 -0.0186455 -5.04452 -0.993029 0.0821226 -0.0845472 92.0028
-0.0766922 0.0270967 0.996687 47.4808 0.0821399 0.996404 -0.0207686 -5.06455 -0.993665 0.080275 -0.0786422 91.9912
-0.0667098 0.0279231 0.997382 48.0532 0.0805644 0.996495 -0.0225098 -5.08157 -0.994514 0.0788518 -0.0687257 91.9825
-0.0549739 0.0291822 0.998061 48.6398 0.0794744 0.996529 -0.0247599 -5.09794 -0.995319 0.0779592 -0.0571024 91.983
-0.0386777 0.0318144 0.998745 49.2093 0.0780776 0.996534 -0.0287203 -5.11585 -0.996196 0.0768688 -0.0410277 91.994
-0.0183681 0.0352451 0.99921 49.7475 0.0759435 0.996541 -0.0337549 -5.13298 -0.996942 0.0752636 -0.0209813 92.0171
0.00881701 0.0306113 0.999493 50.2743 0.0821585 0.99613 -0.0312331 -5.2291 -0.996579 0.0823922 0.00626778 91.9955
0.0391122 0.0302608 0.998777 50.7941 0.0810362 0.996153 -0.0333547 -5.27959 -0.995942 0.0822417 0.0365093 91.9991
0.0729984 0.0296861 0.99689 51.2861 0.078806 0.99626 -0.0354379 -5.30539 -0.994213 0.0811478 0.0703857 92.0537
0.110428 0.0304397 0.993418 51.7992 0.0773517 0.996236 -0.0391244 -5.28954 -0.990869 0.0811631 0.107658 92.1388
0.155202 0.0258151 0.987545 52.3198 0.0735072 0.996586 -0.0376038 -5.33052 -0.985143 0.0784279 0.152775 92.203
0.197739 0.0188943 0.980073 52.8069 0.0680679 0.997136 -0.0329566 -5.39991 -0.977888 0.0732283 0.195886 92.3568
0.246009 0.0151084 0.96915 53.3164 0.0625009 0.99755 -0.0314164 -5.44212 -0.967249 0.0683015 0.244462 92.5164
0.297723 0.0117834 0.95458 53.7931 0.0587381 0.997803 -0.0306368 -5.48842 -0.952843 0.0651916 0.296376 92.6903
0.350557 0.0111974 0.936475 54.2465 0.0561823 0.997876 -0.0329627 -5.51859 -0.934854 0.0641686 0.349183 92.9111
0.407792 0.0103696 0.913016 54.6784 0.0566163 0.997724 -0.036619 -5.56019 -0.911317 0.0666246 0.406277 93.1321
0.464738 0.0165682 0.885293 55.0716 0.0552398 0.997335 -0.0476635 -5.56019 -0.883722 0.0710545 0.462584 93.4136
0.520981 0.0234562 0.853246 55.4354 0.0523988 0.996858 -0.0593982 -5.56559 -0.851958 0.0756544 0.518115 93.7191
0.575829 0.0276615 0.817102 55.7753 0.0453699 0.996806 -0.0657181 -5.60382 -0.81631 0.0749143 0.572734 94.0504
0.631294 0.0304032 0.774947 56.1522 0.040071 0.996618 -0.0717429 -5.62748 -0.774507 0.0763439 0.62794 94.3935
0.682172 0.0287995 0.730624 56.4479 0.0394344 0.996321 -0.0760919 -5.6586 -0.730127 0.0807196 0.678526 94.7496
0.732142 0.0255449 0.680673 56.7706 0.036729 0.996362 -0.0768988 -5.71377 -0.68016 0.0813013 0.72854 95.1123
0.776539 0.0210564 0.629718 57.0531 0.0328621 0.996728 -0.0738524 -5.75458 -0.629212 0.0780431 0.773305 95.5156
0.818007 0.0158687 0.57499 57.2938 0.0293732 0.997163 -0.0693075 -5.79291 -0.574458 0.0735833 0.815219 95.8992
0.854185 0.0158459 0.519728 57.5113 0.0228902 0.997421 -0.0680308 -5.80263 -0.519465 0.0700076 0.851618 96.3342
0.884323 0.0149651 0.466636 57.6712 0.017603 0.997707 -0.0653563 -5.815 -0.466544 0.0660103 0.88203 96.7492
0.908554 0.0162517 0.417452 57.8053 0.0111882 0.997938 -0.0632009 -5.83254 -0.417618 0.062092 0.906498 97.2343
0.928085 0.0182058 0.371923 57.9341 0.00443884 0.998192 -0.0599385 -5.88398 -0.372342 0.057279 0.926325 97.685
0.942482 0.0244455 0.333364 58.029 -0.00487373 0.998221 -0.0594203 -5.90602 -0.334223 0.0543779 0.940923 98.1935
0.953263 0.0314554 0.3005 58.1021 -0.0132684 0.997965 -0.0623731 -5.92873 -0.30185 0.0554709 0.951739 98.6552
0.961936 0.0382187 0.270591 58.1912 -0.0210239 0.997588 -0.0661616 -5.92549 -0.272467 0.0579544 0.960417 99.1764
0.968267 0.0337405 0.247629 58.32 -0.0177236 0.997621 -0.0666279 -5.95666 -0.249288 0.0601248 0.96656 99.6389
0.972155 0.030676 0.232323 58.4249 -0.0158296 0.997727 -0.0655017 -6.00119 -0.233804 0.0600003 0.97043 100.109
0.974329 0.0338901 0.222564 58.4766 -0.019956 0.997714 -0.0645608 -6.06149 -0.224243 0.058462 0.972777 100.634
0.976616 0.0381547 0.211581 58.5823 -0.0252904 0.997682 -0.0631779 -6.10791 -0.213501 0.0563496 0.975315 101.144
0.977614 0.0457788 0.205366 58.6754 -0.0330407 0.997336 -0.0650341 -6.13594 -0.207796 0.0567929 0.976521 101.677
0.976878 0.0531418 0.207091 58.7055 -0.0400428 0.996953 -0.0669415 -6.20175 -0.210017 0.0571012 0.976028 102.235
0.97697 0.0551461 0.206128 58.8167 -0.0419887 0.996824 -0.0676727 -6.26741 -0.209205 0.0574592 0.976181 102.752
0.976621 0.0530375 0.208324 58.9346 -0.039088 0.996744 -0.0705187 -6.31607 -0.211386 0.0607271 0.975513 103.272
0.976279 0.0508183 0.210468 59.0826 -0.0349454 0.996304 -0.0784632 -6.33784 -0.213678 0.0692471 0.974446 103.814
0.976042 0.0495494 0.211864 59.2484 -0.0319907 0.995823 -0.0855177 -6.34863 -0.215216 0.0766912 0.973549 104.365
0.974529 0.0549712 0.217422 59.3481 -0.0373831 0.995748 -0.0841981 -6.41509 -0.221126 0.0739256 0.972438 104.941
0.973011 0.0588515 0.223127 59.4808 -0.0421547 0.995993 -0.0788733 -6.4815 -0.226874 0.0673388 0.971592 105.558
0.972386 0.0558601 0.226596 59.6388 -0.0397207 0.996379 -0.0751733 -6.52424 -0.229975 0.064097 0.971082 106.139
0.972127 0.0506695 0.228914 59.8208 -0.0353836 0.996892 -0.0703955 -6.56758 -0.23177 0.0603337 0.970897 106.768
0.970888 0.0488966 0.23449 59.9391 -0.0343559 0.997248 -0.0657012 -6.62043 -0.237057 0.0557325 0.969895 107.402
0.97073 0.044114 0.236086 60.1091 -0.0298692 0.99753 -0.0635791 -6.68002 -0.238307 0.0546665 0.969649 108.005
0.971221 0.0400984 0.234781 60.2943 -0.0252029 0.997495 -0.0661054 -6.74202 -0.236843 0.0582859 0.969797 108.636
0.97168 0.0386915 0.233112 60.4576 -0.0222706 0.997108 -0.0726671 -6.80364 -0.23525 0.0654177 0.96973 109.264
0.971345 0.0432704 0.233701 60.5889 -0.025469 0.996576 -0.0786607 -6.85615 -0.236304 0.0704547 0.96912 109.945
0.971577 0.0461826 0.232177 60.7573 -0.0277405 0.99624 -0.0820791 -6.91608 -0.235095 0.0733054 0.969203 110.672
0.972023 0.0456745 0.230401 60.8947 -0.0284089 0.996572 -0.077707 -6.97886 -0.233161 0.0689876 0.969987 111.365
0.972406 0.0427199 0.229353 61.0756 -0.0270192 0.997099 -0.0711672 -7.02032 -0.231727 0.0630065 0.970737 112.1
0.973457 0.0428657 0.224821 61.2844 -0.0288187 0.997443 -0.0653955 -7.08319 -0.227049 0.0571807 0.972202 112.828
0.973732 0.0477629 0.22263 61.4451 -0.0339623 0.99728 -0.0654123 -7.14926 -0.225149 0.0561331 0.972705 113.543
0.973607 0.0541646 0.221713 61.5707 -0.0393604 0.996724 -0.0706572 -7.19211 -0.224813 0.0600656 0.972548 114.271
0.974624 0.0546739 0.217068 61.7543 -0.0389096 0.99633 -0.0762478 -7.24244 -0.22044 0.065867 0.973173 115.039
0.975901 0.0525714 0.211785 61.9266 -0.0364476 0.996182 -0.0793325 -7.3018 -0.215146 0.0697017 0.97409 115.762
0.977202 0.0491617 0.206544 62.0978 -0.0337173 0.996411 -0.0776429 -7.36779 -0.20962 0.0689087 0.975351 116.516
0.978026 0.0450978 0.203546 62.245 -0.0302379 0.996685 -0.075535 -7.43916 -0.206278 0.0677204 0.976146 117.311
0.978509 0.0437846 0.201505 62.4263 -0.0294884 0.996866 -0.0734107 -7.51603 -0.204087 0.065891 0.976731 118.177
0.978853 0.0405616 0.200503 62.5803 -0.0266555 0.997079 -0.0715768 -7.56755 -0.20282 0.0647188 0.977074 118.97
0.979042 0.0355634 0.200528 62.7473 -0.0217938 0.997276 -0.0704611 -7.63686 -0.202488 0.0646141 0.97715 119.817
0.979282 0.0359968 0.199276 62.9091 -0.0225496 0.997338 -0.0693439 -7.701 -0.201241 0.0634137 0.977486 120.621
0.978923 0.0418354 0.199898 63.0463 -0.0279393 0.997025 -0.0718391 -7.75832 -0.202308 0.06474 0.977178 121.423
0.978622 0.0482327 0.199933 63.218 -0.0337407 0.996592 -0.07527 -7.82816 -0.202882 0.066915 0.976913 122.276
0.977703 0.057259 0.202035 63.3441 -0.0423075 0.996089 -0.0775652 -7.88981 -0.205686 0.0672882 0.976301 123.124
0.976291 0.0632411 0.207019 63.4903 -0.0481438 0.995855 -0.0771743 -7.96732 -0.211042 0.0653779 0.975287 124.006
0.975933 0.0661042 0.207809 63.7251 -0.0514378 0.99584 -0.0752104 -8.04909 -0.211916 0.0627111 0.975273 124.875
0.974875 0.0678918 0.212156 63.8022 -0.0530004 0.995766 -0.0751124 -8.11726 -0.216357 0.0619809 0.974344 125.606
0.974097 0.0653244 0.216488 63.9492 -0.0491831 0.99565 -0.0791322 -8.18365 -0.220715 0.0664349 0.973072 126.519
0.974771 0.058033 0.215532 64.1613 -0.0423905 0.996168 -0.0765067 -8.28093 -0.219145 0.06544 0.973494 127.317
0.974697 0.0520825 0.217378 64.3563 -0.0356858 0.996261 -0.0786876 -8.35931 -0.220663 0.0689393 0.972909 128.228
0.975209 0.0513745 0.215242 64.6117 -0.0349172 0.996217 -0.0795782 -8.4296 -0.218515 0.0700898 0.973312 129.08
0.975104 0.0530809 0.215301 64.7971 -0.0374526 0.996402 -0.0760315 -8.51119 -0.218562 0.066075 0.973582 129.888
0.975127 0.0535168 0.215089 64.987 -0.0394713 0.99683 -0.0690768 -8.60365 -0.218104 0.0588689 0.974147 130.736
0.975262 0.0538252 0.2144 65.1916 -0.0406174 0.997023 -0.0655424 -8.68054 -0.21729 0.0552127 0.974543 131.533
0.975837 0.046748 0.213438 65.3797 -0.0320797 0.996912 -0.0716789 -8.7781 -0.21613 0.0631 0.974322 132.366
0.976676 0.0413755 0.210694 65.5785 -0.0235681 0.995987 -0.0863385 -8.84488 -0.213421 0.0793591 0.973731 133.139
0.977311 0.0383591 0.208307 65.7795 -0.0188799 0.995326 -0.0947074 -8.93095 -0.210966 0.0886257 0.973466 133.978
0.977777 0.0354682 0.206628 65.9554 -0.0179502 0.99613 -0.0860462 -8.99196 -0.20888 0.0804249 0.974627 134.767
0.978036 0.030631 0.206174 66.1247 -0.017466 0.997708 -0.0653741 -9.06973 -0.207704 0.0603372 0.976328 135.647
0.979601 0.025538 0.199323 66.3783 -0.015408 0.998518 -0.052209 -9.13139 -0.200361 0.0480729 0.978541 136.458
0.979895 0.0294661 0.197326 66.5491 -0.0183125 0.998142 -0.0581124 -9.19463 -0.198672 0.0533306 0.978613 137.286
0.979916 0.0373966 0.195875 66.6914 -0.0228 0.996828 -0.0762522 -9.24054 -0.198105 0.0702549 0.977659 138.094
0.980196 0.0361011 0.194713 66.8368 -0.019963 0.996248 -0.084216 -9.29914 -0.197022 0.0786612 0.977237 138.927
0.980859 0.032069 0.192062 67.0125 -0.0161396 0.996341 -0.0839364 -9.39633 -0.194051 0.07923 0.977785 139.764
0.981064 0.0313601 0.191128 67.1451 -0.0158811 0.996507 -0.0819879 -9.49095 -0.193031 0.0774001 0.978134 140.627
0.98181 0.0303086 0.187434 67.2937 -0.0148435 0.996408 -0.0833689 -9.56981 -0.189288 0.0790702 0.978732 141.463
0.982626 0.0323979 0.182746 67.4427 -0.017072 0.99625 -0.0848227 -9.6488 -0.184808 0.0802292 0.979493 142.251
0.983069 0.0374508 0.17937 67.5853 -0.0224962 0.996153 -0.0846934 -9.72974 -0.181852 0.0792243 0.980128 143.086
0.983266 0.0435583 0.176892 67.7151 -0.0288194 0.99596 -0.0850526 -9.80429 -0.179882 0.0785314 0.980547 143.887
0.983579 0.0464533 0.174402 67.8659 -0.0323723 0.996046 -0.0827333 -9.88537 -0.177556 0.0757289 0.981192 144.635
0.983954 0.0438825 0.172942 68.0039 -0.0308131 0.996513 -0.0775448 -9.96829 -0.175741 0.0709717 0.981874 145.429
0.984217 0.0416768 0.171988 68.1293 -0.0286708 0.996586 -0.0774253 -10.0508 -0.174628 0.0712723 0.98205 146.24
0.984963 0.0359497 0.168987 68.2656 -0.0222785 0.996374 -0.0821121 -10.1158 -0.171326 0.0771126 0.982191 147.061
0.985922 0.0318182 0.164154 68.401 -0.0176766 0.99606 -0.0869007 -10.1742 -0.166272 0.0827756 0.982598 147.856
0.987256 0.0279902 0.156664 68.5324 -0.0141928 0.995975 -0.0885058 -10.2347 -0.158511 0.0851544 0.983677 148.643
0.988441 0.0261711 0.14933 68.6565 -0.0137843 0.996422 -0.0833892 -10.3092 -0.150978 0.080367 0.985264 149.428
0.989633 0.0235624 0.141679 68.7989 -0.0129358 0.997065 -0.0754636 -10.3729 -0.143041 0.0728486 0.987031 150.237
0.990181 0.0216168 0.138115 68.9078 -0.0123288 0.997626 -0.0677532 -10.4129 -0.139252 0.0653851 0.988095 151.062
0.990468 0.0290759 0.134642 68.9881 -0.020278 0.997597 -0.0662594 -10.4649 -0.136245 0.0628977 0.988675 151.885
0.990966 0.031818 0.130283 69.0944 -0.0224926 0.99712 -0.0724339 -10.515 -0.132213 0.0688492 0.988826 152.748
0.991274 0.0329581 0.127632 69.0973 -0.0225619 0.996372 -0.0820607 -10.5848 -0.129873 0.078465 0.98842 153.535
0.991716 0.029912 0.124924 69.1164 -0.018997 0.995969 -0.087667 -10.652 -0.127043 0.0845676 0.988284 154.331
0.992954 0.0281369 0.115112 69.2646 -0.0181631 0.996061 -0.0867933 -10.7306 -0.117101 0.084091 0.989552 155.134
0.993938 0.0346217 0.104349 69.3816 -0.0258483 0.996106 -0.0842872 -10.8014 -0.106861 0.081079 0.990961 155.923
0.99478 0.0395764 0.0940614 69.4856 -0.0314808 0.995794 -0.086044 -10.8805 -0.0970712 0.0826337 0.99184 156.753
0.995574 0.0422603 0.0839525 69.539 -0.034556 0.995234 -0.0911917 -10.9645 -0.0874062 0.087887 0.992287 157.575
0.996316 0.0403943 0.0756466 69.5965 -0.033266 0.995089 -0.0932297 -11.0524 -0.0790412 0.0903698 0.992766 158.429
0.996904 0.0402369 0.0675525 69.642 -0.0340472 0.995323 -0.0904025 -11.133 -0.0708743 0.0878227 0.993611 159.252
0.997282 0.0424955 0.0601951 69.6647 -0.0373591 0.995763 -0.084025 -11.2092 -0.0635109 0.0815478 0.994643 160.054
0.99761 0.0454216 0.0520717 69.6979 -0.0412338 0.996033 -0.0788565 -11.2886 -0.0554471 0.076521 0.995524 160.901
0.998066 0.0438614 0.0440676 69.7313 -0.0404371 0.996303 -0.0758002 -11.3634 -0.0472296 0.0738716 0.996148 161.709
0.998256 0.0456164 0.0374777 69.7637 -0.0427654 0.996368 -0.0736396 -11.4358 -0.0407009 0.0719085 0.996579 162.546
0.998457 0.0447865 0.0328471 69.7874 -0.0422057 0.996256 -0.0754494 -11.5063 -0.0361034 0.0739466 0.996607 163.347
0.998453 0.0482011 0.0277397 69.8071 -0.0458079 0.99564 -0.081252 -11.5723 -0.0315354 0.0798556 0.996306 164.194
0.998262 0.053546 0.0246184 69.8119 -0.051169 0.994741 -0.0887278 -11.6442 -0.0292402 0.0873139 0.995751 164.994
0.998307 0.0543183 0.0208172 69.8312 -0.0522349 0.994559 -0.0901312 -11.7289 -0.0255999 0.0888912 0.995711 165.828
0.998315 0.0552501 0.0177385 69.8318 -0.0535865 0.995066 -0.0835035 -11.811 -0.0222647 0.0824123 0.996349 166.641
0.998281 0.0565972 0.0152626 69.8424 -0.0553489 0.995828 -0.0725495 -11.8964 -0.0193052 0.0715801 0.997247 167.494
0.998358 0.0564891 0.00956761 69.8594 -0.0557498 0.99632 -0.0651096 -11.9654 -0.0132106 0.0644693 0.997831 168.295
0.998715 0.0505878 0.00322263 69.8624 -0.0502423 0.996318 -0.0694696 -12.0245 -0.00672532 0.0692184 0.997578 169.102
0.999394 0.0337381 -0.0085721 69.9506 -0.0343361 0.995928 -0.0833547 -12.0563 0.0057247 0.0835986 0.996482 169.829
0.999446 0.0294485 -0.0155116 69.9241 -0.0307402 0.995381 -0.090947 -12.1025 0.0127615 0.0913734 0.995734 170.668
0.999214 0.0326715 -0.0224793 69.8837 -0.0345585 0.995393 -0.0894321 -12.1817 0.0194536 0.0901386 0.995738 171.473
0.999081 0.0317069 -0.0288325 69.833 -0.0339859 0.996025 -0.0823332 -12.2717 0.0261071 0.0832375 0.996187 172.291
0.998917 0.0262332 -0.0384358 69.8352 -0.0291954 0.996475 -0.0786509 -12.3602 0.0362367 0.0796879 0.99616 173.111
0.998927 0.0182604 -0.0425698 69.7671 -0.021357 0.99707 -0.0734603 -12.4408 0.0411034 0.0742906 0.996388 173.894
0.998621 0.0125942 -0.0509747 69.7533 -0.0163642 0.997107 -0.0742307 -12.5178 0.049892 0.0749625 0.995936 174.821
0.998236 0.00822167 -0.0588011 69.7212 -0.0130488 0.996532 -0.0821869 -12.5854 0.0579212 0.0828092 0.99488 175.652
0.997785 -0.000831805 -0.0665167 69.6731 -0.0052521 0.995815 -0.0912375 -12.6752 0.0663139 0.0913848 0.993604 176.477
0.996918 -0.0134309 -0.0773013 69.6995 0.00602676 0.995437 -0.09523 -12.756 0.0782273 0.0944706 0.992448 177.267
0.996719 -0.00990136 -0.0803329 69.5535 0.00286578 0.996184 -0.0872274 -12.8532 0.0808896 0.086711 0.992943 178.158
0.996238 0.000691917 -0.0866566 69.4485 -0.00713001 0.997232 -0.0740072 -12.9421 0.0863652 0.0743467 0.993484 179.077
0.995699 0.00696008 -0.0923864 69.3754 -0.0132012 0.997658 -0.0671166 -13.0075 0.0917025 0.0680476 0.993457 179.897
0.995469 0.00620076 -0.0948868 69.2799 -0.0128869 0.997463 -0.0700152 -13.0811 0.0942115 0.0709208 0.993022 180.727
0.995177 0.0062284 -0.0979009 69.2043 -0.0142013 0.996617 -0.0809543 -13.1528 0.097065 0.0819542 0.991897 181.563
0.994734 0.0152902 -0.101345 69.0995 -0.0244364 0.995675 -0.089631 -13.2425 0.0995359 0.0916355 0.990804 182.422
0.99447 0.0133053 -0.104171 69.0187 -0.0230538 0.995404 -0.0929454 -13.3298 0.102455 0.094833 0.990206 183.26
0.994218 0.00707588 -0.107143 68.9456 -0.0165358 0.996013 -0.0876639 -13.4224 0.106095 0.0889288 0.99037 184.078
0.994029 0.00817079 -0.108807 68.8688 -0.0167666 0.996787 -0.0783217 -13.5192 0.107817 0.0796784 0.990971 184.963
0.994107 0.0118031 -0.107763 68.7509 -0.0195582 0.997271 -0.0711946 -13.6224 0.106628 0.0728827 0.991623 185.778
0.993823 0.0110026 -0.11043 68.6602 -0.0191689 0.997136 -0.0731628 -13.6871 0.109309 0.0748278 0.991186 186.638
0.993644 0.00888414 -0.112213 68.5585 -0.0180785 0.996535 -0.0811866 -13.7806 0.111103 0.0826993 0.990361 187.465
0.992996 -0.00373634 -0.11809 68.5215 -0.00762325 0.995391 -0.0955969 -13.8163 0.117902 0.0958276 0.98839 188.312
0.992495 -0.0157542 -0.121269 68.4483 0.00349938 0.99492 -0.100612 -13.8862 0.122237 0.0994322 0.987507 189.157
0.992442 -0.0129996 -0.122026 68.3139 0.00131474 0.995443 -0.0953533 -13.9923 0.122709 0.0944722 0.987935 190.07
0.992242 -0.00829558 -0.124044 68.2001 -0.00230798 0.99637 -0.0850952 -14.0814 0.124299 0.0847214 0.98862 190.917
0.991971 -0.00758838 -0.126237 68.0959 -0.00267421 0.996716 -0.0809291 -14.1743 0.126436 0.080617 0.988692 191.748
0.991847 -0.00938068 -0.12709 67.984 -0.00155048 0.996325 -0.0856407 -14.2456 0.127426 0.0851396 0.988186 192.583
0.991581 -0.0101445 -0.129092 67.8953 -0.00176592 0.995775 -0.0918163 -14.3261 0.129477 0.0912713 0.987372 193.415
0.991776 -0.003291 -0.127938 67.753 -0.00862445 0.995678 -0.0924692 -14.4087 0.127689 0.0928123 0.987461 194.263
0.991675 -0.000440662 -0.128761 67.6396 -0.011228 0.995889 -0.0898827 -14.4904 0.128271 0.0905802 0.987593 195.088
0.991747 0.00338517 -0.128163 67.5 -0.0144927 0.996204 -0.0858347 -14.5873 0.127385 0.0869839 0.988031 195.921
0.991771 0.00676647 -0.127842 67.3837 -0.0177028 0.996258 -0.0846044 -14.6554 0.12679 0.0861714 0.988178 196.74
0.991379 0.00970361 -0.130664 67.2836 -0.0210183 0.996117 -0.0854958 -14.7274 0.129327 0.0875052 0.987733 197.536
0.991244 0.00692759 -0.131858 67.1818 -0.0189109 0.995776 -0.0898469 -14.8051 0.130678 0.0915539 0.987188 198.309
0.99094 0.00962528 -0.133961 67.0787 -0.0225424 0.995199 -0.095245 -14.8848 0.132401 0.0974019 0.986398 199.116
0.990729 0.0107906 -0.135425 66.9642 -0.0238941 0.995142 -0.0955102 -14.9651 0.133736 0.0978606 0.986172 199.902
0.990693 0.0117762 -0.1356 66.8238 -0.0236908 0.995963 -0.0865905 -15.0366 0.134032 0.0889971 0.986972 200.685
0.990521 0.0137453 -0.136672 66.7106 -0.0245163 0.996696 -0.0774407 -15.122 0.135156 0.0800574 0.987584 201.52
0.990592 0.00865245 -0.136572 66.6047 -0.0191885 0.996922 -0.0760198 -15.1942 0.135493 0.0779253 0.987708 202.279
0.99046 0.00468717 -0.137717 66.5026 -0.0161643 0.996474 -0.0823395 -15.2732 0.136845 0.0837802 0.987042 203.019
0.990491 0.00865962 -0.137306 66.3996 -0.0208763 0.995921 -0.0877859 -15.33 0.135985 0.0898176 0.98663 203.756
