1 0 0 0 0 1 0 0 0 0 1 0
0.999979 0.00646173 0.000486852 0.0243735 -0.00646077 0.999977 -0.00194403 -0.0790016 -0.000499403 0.00194084 0.999998 0.943153
0.999987 0.00488467 0.00162747 0.0309008 -0.00487984 0.999984 -0.00295883 -0.0692474 -0.00164189 0.00295085 0.999994 1.8728
0.999992 0.0035599 0.00186497 0.0312664 -0.00356156 0.999993 0.000884335 -0.0633019 -0.00186181 -0.00089097 0.999998 2.81999
1 0.000494289 -0.000804447 0.0668474 -0.000488994 0.999978 0.00657022 -0.0573495 0.000807678 -0.00656983 0.999978 3.75517
0.999995 -0.002594 -0.00191694 0.0687137 0.00260709 0.999973 0.00685739 -0.0539045 0.0018991 -0.00686235 0.999975 4.71443
0.99997 -0.00551406 -0.00547572 0.120962 0.00553853 0.999975 0.00446381 -0.0561146 0.00545096 -0.004494 0.999975 5.6605
0.999966 -0.00482385 -0.00669745 0.122129 0.00483396 0.999987 0.00149437 -0.0540309 0.00669016 -0.0015267 0.999976 6.58097
0.999966 -0.00399877 -0.00721396 0.110027 0.00400684 0.999991 0.00110523 -0.0519707 0.00720947 -0.00113409 0.999973 7.51844
0.999956 -0.00335519 -0.008785 0.106198 0.00338897 0.999987 0.00383338 -0.0584755 0.00877202 -0.00386299 0.999954 8.45914
0.999941 -0.00280189 -0.0105127 0.106858 0.00287667 0.999971 0.0071046 -0.0612168 0.0104924 -0.00713442 0.999919 9.39471
0.999929 -0.00350227 -0.0114198 0.0873884 0.00360806 0.999951 0.00925597 -0.0589628 0.0113868 -0.00929651 0.999892 10.3368
0.999919 -0.00456022 -0.0118619 0.0690403 0.00468241 0.999936 0.0102941 -0.0530642 0.0118142 -0.0103488 0.999877 11.2439
0.999902 -0.00479202 -0.013119 0.0577754 0.00492987 0.999933 0.0104957 -0.0432903 0.0130679 -0.0105593 0.999859 12.1778
0.999889 -0.00445142 -0.0142051 0.0493448 0.00457526 0.999952 0.0086978 -0.0298185 0.0141657 -0.00876183 0.999861 13.0917
0.999846 -0.00506611 -0.0167829 0.0482488 0.00517642 0.999965 0.006536 -0.0177806 0.0167492 -0.00662187 0.999838 14.034
0.999786 -0.00609872 -0.0197836 0.0432249 0.00620217 0.999967 0.00517194 -0.00804334 0.0197514 -0.00529353 0.999791 14.9534
0.999749 -0.00565187 -0.0216727 0.0219363 0.00576147 0.999971 0.00499776 -0.00814598 0.0216438 -0.00512137 0.999753 15.8703
0.999711 -0.00399087 -0.0236981 -0.00130748 0.00408491 0.999984 0.00392092 -0.00072434 0.0236821 -0.00401659 0.999712 16.7609
0.999668 -0.00155326 -0.0257217 -0.0271841 0.00165231 0.999991 0.00383001 0.00660056 0.0257156 -0.00387123 0.999662 17.6559
0.999586 -0.00178021 -0.0287247 -0.035364 0.00193668 0.999983 0.00542045 0.00281944 0.0287146 -0.00547383 0.999573 18.5415
0.999505 -0.00171596 -0.0314148 -0.0505811 0.00194656 0.999971 0.00731118 0.00342322 0.0314014 -0.00736871 0.99948 19.4431
0.999462 -0.0014779 -0.0327742 -0.0798509 0.00175249 0.999964 0.00835096 0.00410986 0.0327607 -0.0084039 0.999428 20.3251
0.999409 -0.00244845 -0.034301 -0.113055 0.0027244 0.999964 0.00800078 0.0106148 0.0342802 -0.00808949 0.99938 21.2126
0.999343 -0.00258814 -0.0361447 -0.149053 0.0028672 0.999967 0.00767087 0.0176137 0.0361237 -0.00776946 0.999317 22.1045
0.999357 -0.00135031 -0.0358429 -0.214217 0.00166323 0.999961 0.00870182 0.0137663 0.0358297 -0.00875584 0.99932 22.9612
0.99933 -0.00125666 -0.0365822 -0.250304 0.00168122 0.999932 0.0115771 0.0112876 0.0365652 -0.0116309 0.999264 23.8089
0.999233 -0.00192725 -0.0391207 -0.261125 0.00249719 0.999891 0.014525 0.0151725 0.0390885 -0.0146116 0.999129 24.6693
0.999168 -0.000830563 -0.0407783 -0.28763 0.00149667 0.999866 0.0163069 0.0159428 0.0407592 -0.0163544 0.999035 25.5183
0.999116 0.000712722 -0.042023 -0.320704 -9.97654e-05 0.999894 0.0145865 0.0321255 0.0420289 -0.0145694 0.99901 26.3474
0.99902 0.000840498 -0.0442455 -0.346707 -0.000325545 0.999932 0.0116445 0.0494163 0.0442523 -0.0116186 0.998953 27.1769
0.998932 -0.000271941 -0.0461995 -0.373057 0.000736868 0.999949 0.0100467 0.0609319 0.0461944 -0.01007 0.998882 28.0013
0.998881 0.00030351 -0.0473052 -0.413816 0.000167797 0.99995 0.0099588 0.0631743 0.0473059 -0.00995558 0.998831 28.8152
0.998838 0.00112194 -0.0481855 -0.458128 -0.000646368 0.999951 0.00988405 0.0625459 0.0481942 -0.00984141 0.998789 29.6087
0.998757 0.000891793 -0.0498337 -0.500793 -0.000404324 0.999952 0.00979114 0.0584134 0.04984 -0.00975882 0.998709 30.3883
0.998647 0.00125207 -0.0519961 -0.54308 -0.000776258 0.999958 0.00917014 0.0741933 0.0520053 -0.00911736 0.998605 31.1719
0.998521 0.00219817 -0.0543315 -0.577142 -0.00168311 0.999953 0.00952374 0.0935882 0.0543499 -0.00941821 0.998477 31.9528
0.99843 0.00256598 -0.0559566 -0.628287 -0.0019229 0.999932 0.0115432 0.104531 0.0559824 -0.0114175 0.998366 32.6921
0.998281 0.00392748 -0.0584715 -0.671089 -0.00316467 0.999909 0.0131328 0.112772 0.0585178 -0.0129252 0.998203 33.4518
0.998114 0.0056047 -0.0611316 -0.701384 -0.00480092 0.9999 0.0132875 0.124689 0.0611999 -0.0129689 0.998041 34.1871
0.997941 0.00808935 -0.063624 -0.748195 -0.00729287 0.999892 0.0127407 0.134211 0.0637202 -0.0122505 0.997893 34.8993
0.997794 0.00980535 -0.0656623 -0.796706 -0.00903631 0.999887 0.0119988 0.144641 0.0657726 -0.011379 0.99777 35.6084
0.997695 0.0101221 -0.067095 -0.848376 -0.00931242 0.99988 0.0123702 0.166105 0.0672121 -0.0117169 0.99767 36.3084
0.997633 0.0117031 -0.0677634 -0.911698 -0.0107486 0.999838 0.0144332 0.175194 0.0679213 -0.0136707 0.997597 37.0265
0.997508 0.0144213 -0.0690633 -0.946509 -0.0134199 0.999798 0.0149406 0.183035 0.0692649 -0.0139765 0.9975 37.7085
0.997553 0.017193 -0.0677663 -1.00603 -0.0163885 0.999789 0.0124097 0.198634 0.0679653 -0.0112687 0.997624 38.382
0.997604 0.0190042 -0.0665172 -1.0565 -0.0184233 0.999787 0.00933562 0.207419 0.0666804 -0.00808778 0.997742 39.0597
0.997749 0.0195316 -0.0641559 -1.11406 -0.0190735 0.999788 0.00774507 0.214778 0.0642935 -0.00650396 0.99791 39.7192
0.99788 0.020962 -0.0616155 -1.15084 -0.0204947 0.999756 0.00820611 0.231224 0.0617725 -0.00692591 0.998066 40.4029
0.997931 0.0257364 -0.0589152 -1.18519 -0.0251273 0.999623 0.0110564 0.23385 0.0591776 -0.00955317 0.998202 41.0446
0.998057 0.0297339 -0.0547573 -1.22856 -0.0289435 0.999466 0.0151703 0.225827 0.0551791 -0.0135559 0.998385 41.6287
0.998172 0.0348437 -0.049376 -1.28666 -0.0341272 0.999301 0.0152811 0.247637 0.0498739 -0.0135681 0.998663 42.2738
0.998354 0.0389289 -0.0421238 -1.34763 -0.0383548 0.999161 0.0143532 0.273374 0.0426472 -0.0127139 0.999009 42.885
0.998431 0.0429864 -0.0358818 -1.37729 -0.0424272 0.998968 0.0162054 0.279132 0.0365414 -0.0146576 0.999225 43.432
0.998459 0.047682 -0.0284008 -1.4117 -0.047218 0.998744 0.0167899 0.293586 0.0291657 -0.015423 0.999456 43.9994
0.998435 0.0521788 -0.0201033 -1.45029 -0.0518687 0.998531 0.0156519 0.308071 0.0208904 -0.0145847 0.999675 44.5566
0.998386 0.0550029 -0.0141372 -1.43889 -0.0547833 0.998378 0.0154793 0.314189 0.0149657 -0.0146799 0.99978 45.0648
0.99821 0.0594783 -0.00617138 -1.45335 -0.0593811 0.998124 0.0148864 0.320218 0.00704521 -0.0144933 0.99987 45.5621
0.998 0.0632062 0.00127608 -1.45456 -0.0632169 0.99793 0.011778 0.33022 -0.000529012 -0.0118351 0.99993 46.0346
0.997818 0.0654362 0.00884568 -1.44609 -0.0655083 0.997819 0.00812914 0.342015 -0.00829447 -0.00869086 0.999928 46.4973
0.997704 0.0658944 0.015622 -1.42523 -0.0660177 0.99779 0.00751262 0.356268 -0.0150924 -0.0085267 0.99985 46.9585
0.997727 0.0638906 0.0214053 -1.36902 -0.0641026 0.997899 0.00937082 0.349027 -0.0207616 -0.0107217 0.999727 47.3264
0.997351 0.0658917 0.0308174 -1.39628 -0.066212 0.997761 0.00948863 0.36179 -0.0301232 -0.011504 0.99948 47.7078
0.996887 0.0688177 0.0384826 -1.35637 -0.0692413 0.997552 0.00978516 0.361917 -0.037715 -0.0124193 0.999211 48.0581
0.99614 0.0737062 0.0476665 -1.34503 -0.0742483 0.997193 0.00970267 0.354574 -0.0468176 -0.0132044 0.998816 48.3609
0.995347 0.0772465 0.0576007 -1.35546 -0.0778772 0.996924 0.00878245 0.373115 -0.0567451 -0.0132274 0.998301 48.6925
0.994943 0.0766025 0.064969 -1.2734 -0.0773487 0.996963 0.00904554 0.375539 -0.0640788 -0.0140251 0.997846 48.9607
0.994262 0.0753393 0.0759414 -1.25145 -0.0760496 0.997083 0.00650061 0.389913 -0.0752301 -0.0122386 0.997091 49.2548
0.993744 0.0738708 0.0837669 -1.09912 -0.0742758 0.997236 0.00172347 0.389913 -0.0834081 -0.00793453 0.996484 49.4597
0.992222 0.0750691 0.0992967 -1.11871 -0.0752885 0.997161 -0.00154055 0.369936 -0.0991304 -0.00594733 0.995057 49.714
0.990626 0.0756769 0.113721 -1.05408 -0.0756581 0.997124 -0.00448772 0.383024 -0.113734 -0.00415825 0.993503 49.9695
0.988593 0.0774412 0.12918 -0.986931 -0.0772615 0.99699 -0.00640889 0.392013 -0.129288 -0.00364488 0.991601 50.2199
0.986296 0.0777268 0.145532 -0.928942 -0.0773507 0.99697 -0.00824988 0.401721 -0.145732 -0.00312015 0.989319 50.4841
0.983575 0.0767055 0.16339 -0.872405 -0.0761521 0.997049 -0.00965662 0.401138 -0.163648 -0.00294446 0.986515 50.6991
0.980383 0.0751245 0.182223 -0.805195 -0.07449 0.997168 -0.0103338 0.398235 -0.182483 -0.00344274 0.983203 50.9222
0.976741 0.0744717 0.201074 -0.719604 -0.0737797 0.997214 -0.0109444 0.37985 -0.201329 -0.00414531 0.979515 51.1188
0.972105 0.076522 0.22171 -0.624466 -0.0751706 0.997065 -0.0145399 0.397456 -0.222171 -0.00253169 0.975004 51.4188
0.966759 0.0779508 0.243517 -0.502647 -0.075887 0.996956 -0.0178597 0.407693 -0.244168 -0.00121377 0.969732 51.6947
0.960624 0.0784107 0.266556 -0.391909 -0.0761748 0.996918 -0.0187342 0.391473 -0.267204 -0.00230836 0.963637 51.9102
0.953281 0.0806091 0.291132 -0.265981 -0.0784584 0.996735 -0.019074 0.368889 -0.291719 -0.00465879 0.956493 52.1641
0.944947 0.0822744 0.31671 -0.12233 -0.0800281 0.99659 -0.0201175 0.356444 -0.317285 -0.0063357 0.948309 52.3897
0.935262 0.0825224 0.344201 0.0277019 -0.0795947 0.99657 -0.0226537 0.360358 -0.34489 -0.00620947 0.938623 52.6591
0.924349 0.0805276 0.372953 0.199235 -0.0767534 0.996737 -0.024984 0.346807 -0.373748 -0.00553144 0.927514 52.9152
0.911788 0.0784507 0.403099 0.418079 -0.0732334 0.996911 -0.028368 0.341508 -0.404079 -0.00365467 0.914717 53.1233
0.896163 0.0772598 0.436947 0.581453 -0.0700502 0.99701 -0.0326181 0.324396 -0.438161 -0.00137709 0.898896 53.3532
0.878871 0.0785161 0.470553 0.795012 -0.0688892 0.996913 -0.0376767 0.305129 -0.472058 0.000696943 0.881567 53.6038
0.85964 0.0800214 0.504593 1.01699 -0.0681216 0.996792 -0.042023 0.28495 -0.506337 0.00175093 0.862334 53.8358
0.838803 0.0820499 0.538216 1.27361 -0.069399 0.996628 -0.0437763 0.234329 -0.539993 -0.000631979 0.841669 54.0119
0.813192 0.08624 0.57557 1.4966 -0.0722562 0.996269 -0.0471882 0.220229 -0.577493 -0.00321543 0.81639 54.278
0.786201 0.0902134 0.61135 1.76268 -0.0758777 0.995894 -0.049379 0.181979 -0.613295 -0.00756607 0.789818 54.5072
0.756739 0.0912121 0.647323 2.06238 -0.0752987 0.995789 -0.052287 0.160748 -0.649367 -0.009175 0.760421 54.7217
0.724571 0.0887753 0.683458 2.36145 -0.0719455 0.995994 -0.0530977 0.135377 -0.685434 -0.0106987 0.728056 54.8916
0.687557 0.0872387 0.720871 2.65432 -0.0688378 0.996117 -0.054892 0.113018 -0.722861 -0.0118818 0.690892 55.128
0.647976 0.0866376 0.756717 2.96537 -0.0660991 0.996158 -0.0574508 0.0987292 -0.758788 -0.0127916 0.651213 55.3443
0.604193 0.086466 0.792133 3.33016 -0.0624778 0.996175 -0.061084 0.0781446 -0.794385 -0.0125842 0.607284 55.5705
0.55725 0.0853234 0.825949 3.70709 -0.0588911 0.996263 -0.0631848 0.0530507 -0.828254 -0.0134313 0.560193 55.8133
0.509798 0.0830955 0.856271 4.11583 -0.0562613 0.996414 -0.0631991 0.0239204 -0.858453 -0.0159561 0.512645 56.0414
0.461207 0.0807235 0.883613 4.55474 -0.0557208 0.996523 -0.0619547 -0.0131195 -0.885542 -0.0206617 0.464101 56.248
0.412745 0.0810198 0.907236 4.99561 -0.0581573 0.996348 -0.0625193 -0.030207 -0.908988 -0.0269579 0.41595 56.4199
0.364746 0.081425 0.92754 5.50285 -0.0553534 0.996303 -0.0656943 -0.0530822 -0.929461 -0.0273808 0.367905 56.5942
0.320662 0.076648 0.944087 5.9667 -0.0436134 0.996858 -0.0661189 -0.0996814 -0.946189 -0.0199731 0.322997 56.6753
0.27861 0.0697226 0.95787 6.43979 -0.0311788 0.997492 -0.0635379 -0.144211 -0.959898 -0.0121629 0.280086 56.7389
0.238006 0.0678209 0.968893 6.95668 -0.0228095 0.997674 -0.0642324 -0.188321 -0.970996 -0.00681226 0.239 56.808
0.200072 0.067995 0.977419 7.51864 -0.020411 0.997662 -0.0652252 -0.239869 -0.979569 -0.00690036 0.200992 56.9084
0.169017 0.067558 0.983295 8.02232 -0.0123108 0.997715 -0.0664327 -0.28636 -0.985537 -0.000876905 0.169462 56.9563
0.142189 0.0655864 0.987664 8.56969 -0.00570935 0.99784 -0.0654402 -0.328231 -0.989823 0.00366601 0.142257 56.9755
0.118144 0.0625384 0.991025 9.17227 0.0011896 0.998005 -0.0631207 -0.375786 -0.992996 0.00863629 0.117834 57.0029
0.0979562 0.0608683 0.993327 9.73663 0.00578882 0.998076 -0.0617301 -0.410948 -0.995174 0.0117971 0.0974154 57.0566
0.0830473 0.0616166 0.994639 10.3295 0.00799115 0.998014 -0.0624929 -0.458785 -0.996514 0.0131382 0.0823899 57.0769
0.0707829 0.060473 0.995657 10.8925 0.00906665 0.998081 -0.0612648 -0.501752 -0.997451 0.0133638 0.0700988 57.1107
0.0595851 0.0615203 0.996326 11.5497 0.00971816 0.998016 -0.0622058 -0.535955 -0.998176 0.013389 0.058869 57.1442
0.0514346 0.0646083 0.996584 12.2073 0.0145174 0.997752 -0.0654332 -0.570464 -0.998571 0.0178334 0.050381 57.1459
0.0457417 0.0662037 0.996757 12.8441 0.019183 0.99756 -0.0671373 -0.607508 -0.998769 0.0221918 0.0443601 57.1471
0.0423528 0.0650145 0.996985 13.4917 0.0190603 0.997647 -0.0658674 -0.651357 -0.998921 0.0217925 0.0410139 57.1652
0.036771 0.0630419 0.997333 14.1623 0.0162033 0.99784 -0.0636713 -0.676889 -0.999193 0.0185014 0.0356701 57.2317
0.0347922 0.0560921 0.997819 14.8462 0.0139244 0.9983 -0.0566046 -0.716135 -0.999298 0.0158634 0.033952 57.2499
0.0333105 0.0498414 0.998201 15.4994 0.01562 0.998608 -0.0503829 -0.757384 -0.999323 0.0172702 0.0324856 57.2766
0.0335599 0.0468012 0.99834 16.2125 0.0180148 0.998713 -0.0474242 -0.792689 -0.999274 0.0195764 0.0326735 57.2799
0.0337448 0.0487327 0.998241 16.9097 0.0216543 0.998541 -0.0494793 -0.82592 -0.999196 0.0232859 0.0326402 57.3078
0.0340635 0.0555723 0.997873 17.658 0.0226915 0.998153 -0.0563624 -0.863977 -0.999162 0.0245632 0.0327395 57.3447
0.0371571 0.0635481 0.997287 18.3937 0.0233418 0.997649 -0.0644408 -0.89219 -0.999037 0.025673 0.0355863 57.355
0.0388685 0.0641483 0.997183 19.0818 0.02394 0.997591 -0.0651077 -0.926183 -0.998958 0.0264032 0.0372391 57.3879
0.0399533 0.0600423 0.997396 19.8424 0.0232384 0.997868 -0.0610015 -0.963659 -0.998931 0.0256152 0.0384728 57.4398
0.0411179 0.0537724 0.997706 20.586 0.0225827 0.998246 -0.0547322 -1.00504 -0.998899 0.0247814 0.0398314 57.495
0.0434206 0.0526712 0.997667 21.4084 0.0203444 0.998356 -0.053593 -1.04297 -0.99885 0.022624 0.0422776 57.5592
0.0460027 0.0577414 0.997271 22.0725 0.0280379 0.99786 -0.0590688 -1.08115 -0.998548 0.0306788 0.0442853 57.5857
0.0495465 0.0631089 0.996776 22.8021 0.0298157 0.997464 -0.0646344 -1.12137 -0.998327 0.032922 0.0475392 57.6134
0.0504709 0.0637266 0.99669 23.5537 0.0233283 0.997615 -0.064967 -1.1676 -0.998453 0.0265301 0.0488638 57.696
0.0547869 0.0603371 0.996673 24.3449 0.0188186 0.997933 -0.0614478 -1.2148 -0.998321 0.0221226 0.0535381 57.736
0.0582169 0.0558227 0.996742 25.0684 0.0237422 0.998076 -0.0572841 -1.26142 -0.998022 0.0269998 0.0567795 57.8001
0.0618247 0.0566581 0.996477 25.7197 0.0285212 0.99788 -0.0585074 -1.29927 -0.99768 0.0320379 0.0600776 57.8419
0.0639218 0.0610575 0.996085 26.5199 0.028292 0.997615 -0.0629668 -1.34448 -0.997554 0.0322063 0.0620418 57.912
0.0656494 0.0620218 0.995913 27.2618 0.0261539 0.997617 -0.0638519 -1.37607 -0.9975 0.0302389 0.0638708 58.0214
0.0702885 0.0613766 0.995636 28.0516 0.0266228 0.997635 -0.0633792 -1.41084 -0.997172 0.0309615 0.0684882 58.0611
0.0733666 0.0577508 0.995631 28.7138 0.0314291 0.997693 -0.0601863 -1.45232 -0.99681 0.0357075 0.0713823 58.1231
0.0763842 0.0575323 0.995417 29.4347 0.0360223 0.997523 -0.0604182 -1.50218 -0.996428 0.0404723 0.0741226 58.1918
0.0806355 0.0576744 0.995073 30.2643 0.0389155 0.997382 -0.0609617 -1.5537 -0.995984 0.0436395 0.0781799 58.2412
0.0836502 0.0579626 0.994808 30.9965 0.0396559 0.997323 -0.0614437 -1.58553 -0.995706 0.0445898 0.0811276 58.3017
0.0865637 0.0564111 0.994648 31.7322 0.0409463 0.997351 -0.0601279 -1.62791 -0.995405 0.0459321 0.0840245 58.3852
0.0897207 0.0549293 0.994451 32.4828 0.0431129 0.997328 -0.0589779 -1.67586 -0.995034 0.0481652 0.0871128 58.4692
0.094187 0.0560359 0.993976 33.3039 0.041331 0.997334 -0.0601416 -1.70054 -0.994696 0.0467466 0.0916199 58.5112
0.0968484 0.0573285 0.993646 34.0578 0.0384128 0.997381 -0.0612879 -1.75242 -0.994558 0.0441044 0.0943926 58.6055
0.0986693 0.0565906 0.99351 34.8156 0.0401738 0.997342 -0.0607987 -1.80505 -0.994309 0.0459121 0.0961335 58.7096
0.101794 0.0561784 0.993218 35.5236 0.0387215 0.997424 -0.0603848 -1.84129 -0.994052 0.0446057 0.0993563 58.7888
0.103995 0.0570565 0.99294 36.2933 0.0376082 0.997414 -0.0612524 -1.87356 -0.993867 0.0437126 0.10158 58.8795
0.10628 0.0570219 0.9927 37.0569 0.0343479 0.997548 -0.0609777 -1.92427 -0.993743 0.0405779 0.104061 58.9811
0.110753 0.0594305 0.992069 37.8321 0.0331485 0.997435 -0.0634526 -1.96185 -0.993295 0.0399132 0.108499 59.0485
0.114094 0.0630952 0.991464 38.6587 0.0323282 0.997217 -0.0671814 -2.01134 -0.992944 0.0397172 0.111737 59.1554
0.118618 0.064187 0.990863 39.3918 0.0313359 0.99717 -0.0683469 -2.07786 -0.992446 0.0391568 0.116271 59.2256
0.122271 0.0659024 0.990306 40.1923 0.0244645 0.99729 -0.0693877 -2.14348 -0.992195 0.0327114 0.120327 59.3166
0.126843 0.0652052 0.989777 40.9854 0.0205459 0.997451 -0.0683437 -2.1935 -0.99171 0.0290048 0.125179 59.3966
0.130488 0.0653506 0.989294 41.7445 0.0221102 0.997386 -0.0688014 -2.24828 -0.991204 0.0308513 0.128701 59.4996
0.135702 0.0665919 0.988509 42.5619 0.0217578 0.997298 -0.0701708 -2.2983 -0.990511 0.0310302 0.133887 59.5954
0.138292 0.0672484 0.988105 43.3448 0.0174513 0.997372 -0.0703215 -2.35304 -0.990238 0.0269687 0.136755 59.7349
0.143273 0.0651298 0.987537 44.1342 0.0162247 0.997544 -0.0681436 -2.40128 -0.98955 0.0257857 0.141865 59.8501
0.148219 0.065107 0.986809 44.9048 0.0165587 0.997528 -0.0683013 -2.45024 -0.988816 0.0264638 0.146774 59.9645
0.153807 0.0685722 0.985718 45.6999 0.0130994 0.99736 -0.071426 -2.50622 -0.988014 0.0238982 0.152503 60.0921
0.1593 0.0770176 0.984221 46.5129 0.0113619 0.996744 -0.0798364 -2.56834 -0.987165 0.0239005 0.157906 60.2357
0.164368 0.0814855 0.983027 47.2522 0.0100762 0.996392 -0.084278 -2.61977 -0.986348 0.0237579 0.162954 60.4332
0.171602 0.0845589 0.98153 48.1183 0.00531171 0.996216 -0.0867527 -2.68989 -0.985152 0.0201006 0.170503 60.5837
0.174195 0.0830336 0.981204 48.8937 0.00222087 0.996403 -0.0847141 -2.74998 -0.984709 0.0169359 0.173384 60.836
0.181333 0.0816121 0.980029 49.689 0.00221251 0.996515 -0.0833943 -2.80999 -0.983419 0.0172905 0.18052 60.9977
0.1872 0.0783861 0.979189 50.471 0.00161242 0.996786 -0.080103 -2.86803 -0.982321 0.0165742 0.186472 61.1798
0.196063 0.0728207 0.977883 51.3013 -0.000191226 0.997242 -0.0742239 -2.93194 -0.980592 0.0143656 0.195536 61.3319
0.201811 0.0663245 0.977176 52.1006 -0.00254338 0.997737 -0.0671947 -2.97928 -0.979421 0.0110753 0.201523 61.5307
0.208742 0.0630644 0.975935 52.9328 -0.00275375 0.997953 -0.0638982 -3.05073 -0.977967 0.0106508 0.208488 61.7255
0.214326 0.0642048 0.974649 53.679 -0.00311163 0.997878 -0.0650506 -3.11082 -0.976758 0.0109093 0.214071 61.9152
0.219373 0.070049 0.973123 54.4923 -0.00310269 0.997465 -0.0711017 -3.17811 -0.975636 0.0125785 0.219034 62.1244
0.224246 0.073583 0.97175 55.2944 -0.00472315 0.997216 -0.0744214 -3.23685 -0.974521 0.012099 0.223969 62.3306
0.229432 0.076801 0.97029 56.0733 -0.00584509 0.996973 -0.0775309 -3.29449 -0.973307 0.0121167 0.229187 62.5236
0.236831 0.0767978 0.96851 56.8398 -0.00815045 0.996993 -0.0770633 -3.34433 -0.971517 0.0103572 0.236745 62.692
0.243236 0.0742161 0.967124 57.583 -0.00388153 0.997136 -0.075543 -3.38862 -0.96996 0.0146208 0.242827 62.8582
0.248007 0.067873 0.966377 58.3284 -0.00255441 0.997586 -0.0694093 -3.43524 -0.968755 0.0147455 0.247581 63.0546
0.251029 0.0621545 0.965982 59.0947 -0.00387832 0.997993 -0.0632064 -3.48577 -0.967972 0.0121203 0.250766 63.2739
0.255357 0.0589391 0.965048 59.8462 -0.00726434 0.99823 -0.0590434 -3.53842 -0.96682 0.00806671 0.255333 63.4797
0.260067 0.0587177 0.963803 60.5544 -0.00816106 0.998248 -0.058614 -3.58529 -0.965556 0.00737795 0.260091 63.6626
0.26508 0.0611625 0.962285 61.282 -0.00923895 0.998102 -0.060894 -3.62407 -0.964183 0.00725128 0.265141 63.8411
0.26747 0.0650574 0.961367 61.9913 -0.0128966 0.997871 -0.0639396 -3.67682 -0.96348 0.00470364 0.26774 64.0452
0.271576 0.0695368 0.959901 62.6747 -0.0141201 0.997567 -0.0682705 -3.72367 -0.962314 0.0049868 0.271897 64.221
0.275638 0.0738316 0.958422 63.3537 -0.0131552 0.997243 -0.0730388 -3.77629 -0.961172 0.00752406 0.275849 64.4014
0.278134 0.0757146 0.957553 64.0297 -0.011207 0.997077 -0.0755845 -3.81953 -0.960477 0.0102913 0.278169 64.5938
0.280491 0.0753777 0.956892 64.7178 -0.0129287 0.997119 -0.0747567 -3.86913 -0.95977 0.00859723 0.280657 64.7933
0.280709 0.0733103 0.956989 65.3421 -0.013775 0.997284 -0.0723566 -3.9129 -0.959695 0.00712864 0.280956 64.9828
0.280922 0.0719009 0.957033 65.9838 -0.0147296 0.997396 -0.0706096 -3.95791 -0.959618 0.00573909 0.281249 65.1803
0.281797 0.0708627 0.956853 66.603 -0.0134766 0.997463 -0.0699013 -3.99729 -0.95938 0.00680287 0.282037 65.3461
0.280677 0.0704829 0.95721 67.2377 -0.0135409 0.997492 -0.0694784 -4.03812 -0.959707 0.00653957 0.280927 65.5332
0.280898 0.0720668 0.957028 67.8536 -0.014816 0.997384 -0.0707571 -4.07836 -0.959624 0.00569616 0.281231 65.6929
0.278413 0.0753957 0.957497 68.4641 -0.0155561 0.997138 -0.0739938 -4.11886 -0.960336 0.00570594 0.278789 65.8788
0.276668 0.0794297 0.957677 69.0507 -0.0127136 0.996794 -0.0790011 -4.1524 -0.960882 0.00968157 0.27679 66.0445
0.274855 0.0803854 0.958119 69.6437 -0.0104506 0.996691 -0.0806235 -4.18907 -0.961429 0.0121468 0.274785 66.21
0.27178 0.0787983 0.959128 70.2187 -0.0116414 0.996839 -0.0785978 -4.24194 -0.962289 0.0101958 0.271838 66.387
0.268699 0.0759495 0.960225 70.7902 -0.0123997 0.997077 -0.0753945 -4.28943 -0.963145 0.00835188 0.268855 66.5571
0.264326 0.0711127 0.961808 71.3225 -0.0125844 0.997448 -0.0702893 -4.34861 -0.964352 0.00647554 0.264546 66.7385
0.263365 0.0698524 0.962164 71.8704 -0.00846097 0.997505 -0.0701021 -4.39337 -0.96466 0.0103216 0.263298 66.8691
0.261565 0.0709683 0.962573 72.391 -0.0050244 0.99738 -0.0721692 -4.43087 -0.965173 0.0140406 0.261236 67.0049
0.257698 0.0720018 0.963539 72.9058 -0.00156173 0.99725 -0.0741032 -4.48062 -0.966225 0.0175915 0.257102 67.1603
0.254202 0.0731588 0.96438 73.4044 -0.00280789 0.997187 -0.0749074 -4.53506 -0.967148 0.0163337 0.253692 67.3293
0.251048 0.0744556 0.965106 73.919 -0.0035983 0.997103 -0.075988 -4.59705 -0.967968 0.0156039 0.250589 67.4976
0.249506 0.0721479 0.965681 74.4564 -0.00223549 0.997261 -0.0739297 -4.65063 -0.968371 0.0162872 0.248984 67.6369
0.250522 0.0692197 0.965633 75.0287 0.00341905 0.997372 -0.0723818 -4.70559 -0.968105 0.0214348 0.249627 67.7746
0.252864 0.0668393 0.96519 75.5665 0.00798458 0.997433 -0.0711639 -4.74826 -0.967469 0.0257014 0.251681 67.8944
0.255474 0.0660102 0.964559 76.1177 0.0101391 0.997429 -0.0709451 -4.78842 -0.966763 0.0279044 0.254148 68.0239
0.259116 0.0655686 0.963618 76.6872 0.00783136 0.997518 -0.0699812 -4.82908 -0.965815 0.0256797 0.257959 68.1851
0.26263 0.0662543 0.962619 77.2421 0.0060377 0.997508 -0.0703029 -4.87321 -0.964878 0.0242756 0.261575 68.381
0.269118 0.0648228 0.960923 77.7943 0.00820979 0.997542 -0.0695923 -4.89935 -0.963073 0.0266175 0.267924 68.5378
0.276591 0.0649223 0.958792 78.3631 0.00653699 0.997566 -0.0694335 -4.93439 -0.960966 0.0254723 0.275494 68.7113
0.284644 0.0633183 0.956539 78.9094 0.00636703 0.99767 -0.0679355 -4.96129 -0.958613 0.0254278 0.283578 68.8685
0.293567 0.0636256 0.953818 79.4853 0.00195522 0.997741 -0.0671573 -5.00749 -0.955937 0.0215801 0.29278 69.0512
0.302973 0.0631954 0.950901 80.0444 0.000627458 0.997786 -0.0665112 -5.04613 -0.952999 0.0207478 0.302262 69.2337
0.312467 0.0673603 0.947537 80.6342 -0.00500811 0.997586 -0.0692667 -5.08726 -0.949916 0.0168982 0.31205 69.4432
0.321357 0.0692728 0.944421 81.1882 -0.00798763 0.997484 -0.070447 -5.12505 -0.946925 0.0150949 0.321101 69.6486
0.33079 0.0731512 0.940865 81.8662 -0.0119806 0.997237 -0.0733219 -5.15606 -0.943629 0.012982 0.330752 69.9573
0.342447 0.0752285 0.93652 82.4663 -0.0131992 0.997077 -0.0752664 -5.18772 -0.939445 0.0134134 0.342438 70.1357
0.352706 0.0768304 0.932574 83.1226 -0.016274 0.996977 -0.0759812 -5.21953 -0.935593 0.0116223 0.35289 70.3825
0.36318 0.0775352 0.928487 83.7455 -0.0175422 0.996924 -0.0763885 -5.26015 -0.931554 0.0114551 0.363423 70.6231
0.373284 0.0788721 0.924358 84.3775 -0.0217286 0.99685 -0.0762829 -5.30529 -0.927463 0.00839023 0.373822 70.8925
0.383042 0.073093 0.920834 85.0076 -0.0199843 0.997288 -0.0708486 -5.34589 -0.923515 0.00873573 0.383463 71.1712
0.393822 0.0658529 0.916825 85.6529 -0.0162955 0.997774 -0.0646675 -5.38756 -0.919043 0.0105273 0.394018 71.4323
0.404249 0.0611699 0.912601 86.3011 -0.0141752 0.998061 -0.060619 -5.42976 -0.91454 0.0115688 0.404332 71.7278
0.414803 0.0584356 0.908032 87.0196 -0.0153786 0.998244 -0.0572158 -5.47451 -0.909782 0.009769 0.414973 72.0552
0.424295 0.0549091 0.903857 87.6904 -0.00913702 0.998369 -0.0563615 -5.5207 -0.905479 0.0156553 0.424104 72.3623
0.432589 0.0491216 0.900252 88.3684 -0.00240881 0.998575 -0.0533289 -5.54371 -0.901589 0.020901 0.43209 72.6866
0.439176 0.0380493 0.897594 89.0655 0.00844116 0.998885 -0.046473 -5.58098 -0.898362 0.0279866 0.438365 73.0189
0.445757 0.0323015 0.89457 89.771 0.0149231 0.998942 -0.0435061 -5.61599 -0.89503 0.0327429 0.444804 73.3594
0.452085 0.0298959 0.891473 90.4524 0.0199055 0.998852 -0.0435913 -5.64767 -0.891753 0.0374522 0.45097 73.7149
0.460846 0.035843 0.886756 91.1906 0.0213989 0.998445 -0.0514784 -5.68358 -0.887223 0.0426992 0.459362 74.04
0.466286 0.0398234 0.883737 91.8406 0.0247723 0.998007 -0.0580432 -5.72164 -0.884288 0.048957 0.46437 74.4106
0.47092 0.0423278 0.881159 92.5535 0.0226332 0.99794 -0.0600334 -5.76137 -0.881886 0.0482144 0.468992 74.8094
0.475091 0.0453445 0.878767 93.2344 0.014935 0.998113 -0.0595771 -5.79693 -0.87981 0.0414289 0.473517 75.193
0.476775 0.0499275 0.877606 94.0106 0.00829768 0.998086 -0.0612895 -5.85894 -0.878987 0.0365034 0.475448 75.7569
0.479263 0.0538785 0.876016 94.698 0.00641943 0.997873 -0.0648851 -5.91198 -0.877649 0.0367206 0.477897 76.1889
0.482135 0.0571231 0.874232 95.4197 0.00432746 0.997705 -0.0675775 -5.97995 -0.876087 0.0363647 0.480782 76.662
0.485047 0.0608359 0.872369 96.0917 0.000986716 0.997539 -0.0701134 -6.02663 -0.874488 0.0348691 0.483794 77.0655
0.488764 0.0597473 0.870367 96.7209 -0.000433602 0.997669 -0.0682426 -6.07182 -0.872416 0.0329772 0.487651 77.4157
0.492633 0.0570069 0.868368 97.3835 0.000158104 0.997847 -0.0655967 -6.12425 -0.870238 0.0324524 0.491563 77.7985
0.497147 0.054522 0.865951 97.9997 -0.000696251 0.998049 -0.0624393 -6.17445 -0.867666 0.0304386 0.496215 78.1189
0.5043 0.0546413 0.861797 98.6918 -0.00161046 0.998054 -0.0623381 -6.2017 -0.863527 0.0300492 0.503407 78.4527
0.507465 0.0575184 0.85975 99.3172 -0.00266884 0.99787 -0.0651834 -6.21751 -0.861669 0.0307838 0.506538 78.838
0.51062 0.0589351 0.857784 99.9077 -0.00227671 0.997738 -0.0671955 -6.25079 -0.859804 0.0323584 0.509599 79.1835
0.508003 0.0601196 0.859254 100.459 -0.00193988 0.997639 -0.0686551 -6.27069 -0.861353 0.0332102 0.506921 79.5989
0.51107 0.0606219 0.857398 101.082 0.000104422 0.997506 -0.0705904 -6.29046 -0.85954 0.0361662 0.509789 79.9472
0.514822 0.0601554 0.855184 101.683 0.00147368 0.997472 -0.0710513 -6.30882 -0.857297 0.037839 0.513432 80.2837
0.517818 0.0602114 0.853369 102.242 0.000574846 0.997496 -0.0707294 -6.37156 -0.855491 0.0371155 0.516486 80.593
0.52137 0.0630042 0.851002 102.802 -0.00204364 0.997361 -0.0725879 -6.42979 -0.853329 0.036106 0.520122 80.9182
0.525266 0.0634265 0.848571 103.361 0.000345485 0.997203 -0.0747498 -6.47215 -0.850939 0.0395567 0.523774 81.2326
0.527981 0.0622428 0.846972 103.906 0.00303408 0.997167 -0.0751717 -6.51544 -0.849251 0.0422591 0.526296 81.593
0.53184 0.058831 0.844799 104.434 0.0081887 0.997181 -0.0745978 -6.55534 -0.846806 0.0465919 0.529858 81.9113
0.536296 0.0575394 0.842066 104.951 0.0103346 0.997152 -0.0747185 -6.59229 -0.843967 0.0487737 0.534174 82.2077
0.538612 0.0569947 0.840624 105.463 0.0116438 0.997111 -0.0750651 -6.63809 -0.842474 0.050219 0.536392 82.5694
0.542914 0.0564929 0.837886 105.955 0.0125333 0.997079 -0.0753472 -6.66864 -0.839696 0.0514085 0.54062 82.8518
0.546827 0.05622 0.835355 106.457 0.0138646 0.996999 -0.0761744 -6.70956 -0.837131 0.0532361 0.544406 83.1747
0.550594 0.0576117 0.832783 106.947 0.0130148 0.996903 -0.0775701 -6.75786 -0.834673 0.0535481 0.548138 83.5057
0.55463 0.0575456 0.830104 107.436 0.0151496 0.996743 -0.0792195 -6.80127 -0.83196 0.0565133 0.551952 83.846
0.559921 0.0608963 0.826305 107.907 0.0122521 0.996578 -0.0817473 -6.85471 -0.828456 0.0558961 0.557259 84.1502
0.565672 0.0668672 0.821914 108.39 0.00780325 0.996229 -0.0864191 -6.91342 -0.824594 0.0552985 0.563017 84.4837
0.571355 0.0734273 0.817412 108.841 0.00117768 0.995916 -0.0902852 -6.98725 -0.820703 0.0525476 0.568935 84.8087
0.577962 0.0801113 0.812122 109.322 -0.00329208 0.995391 -0.0958469 -7.01759 -0.816058 0.0527223 0.575562 85.1528
0.583933 0.084401 0.807402 109.785 -0.00607547 0.995008 -0.0996182 -7.06208 -0.81178 0.053265 0.58153 85.5187
0.589305 0.0852643 0.803398 110.254 -0.0104487 0.995137 -0.0979491 -7.11099 -0.807844 0.0493274 0.58733 85.881
0.59418 0.0851615 0.799811 110.718 -0.0168658 0.99548 -0.0934661 -7.1593 -0.804156 0.0420462 0.59293 86.2634
0.599777 0.0837074 0.795776 111.197 -0.0232234 0.995916 -0.0872565 -7.21112 -0.799831 0.0338538 0.599271 86.6494
0.605307 0.0823094 0.791725 111.684 -0.0294052 0.996273 -0.0810931 -7.2661 -0.795449 0.0258055 0.605471 87.0571
0.612145 0.0805522 0.786631 112.172 -0.0315234 0.996494 -0.0775113 -7.30304 -0.790117 0.0226509 0.612538 87.4163
0.618617 0.0844284 0.781143 112.661 -0.0362691 0.996219 -0.0789515 -7.34475 -0.784856 0.0205094 0.61934 87.813
0.624792 0.0884409 0.775765 113.158 -0.0399298 0.995884 -0.0813764 -7.39089 -0.77977 0.0198671 0.625752 88.2362
0.630151 0.0915614 0.771055 113.634 -0.0438997 0.995637 -0.0823526 -7.46312 -0.775232 0.0180455 0.63142 88.656
0.636289 0.0932538 0.765794 114.132 -0.0461974 0.995492 -0.0828403 -7.51862 -0.770067 0.0173327 0.637728 89.0877
0.643152 0.094152 0.759928 114.655 -0.0496277 0.995452 -0.0813308 -7.57343 -0.76413 0.0145945 0.644899 89.526
0.650067 0.096438 0.753732 115.192 -0.0554644 0.995291 -0.0795086 -7.62557 -0.75785 0.00988068 0.652355 90.0051
0.65748 0.0943874 0.747536 115.701 -0.0581651 0.995521 -0.0745412 -7.7073 -0.751224 0.00552884 0.660025 90.431
0.664482 0.0923308 0.741578 116.235 -0.0593698 0.995725 -0.0707758 -7.77147 -0.744943 0.00300191 0.667123 90.9391
0.673576 0.0924969 0.733307 116.81 -0.0600797 0.995708 -0.0704092 -7.82056 -0.736673 0.00336901 0.676242 91.4361
0.681636 0.0950302 0.725493 117.384 -0.0647215 0.995475 -0.0695852 -7.87194 -0.728824 0.000476738 0.684702 91.9681
0.689843 0.0956664 0.71761 117.925 -0.0659069 0.995414 -0.0693444 -7.91725 -0.720953 0.000541375 0.692985 92.4676
0.695938 0.0966223 0.711572 118.454 -0.067992 0.995322 -0.0686537 -7.9622 -0.714877 -0.000602499 0.699251 93.0262
0.700139 0.0953077 0.707617 118.99 -0.0678567 0.995448 -0.0669355 -8.0127 -0.710776 -0.00115236 0.703419 93.5984
0.704235 0.0935499 0.703776 119.567 -0.0664407 0.995615 -0.0658587 -8.05927 -0.706852 -0.00037935 0.707363 94.1722
0.708516 0.0907364 0.699836 120.135 -0.0629898 0.995873 -0.0653476 -8.10439 -0.702878 0.00221734 0.711308 94.7349
0.712128 0.0863627 0.696717 120.725 -0.0575212 0.996247 -0.0646977 -8.1528 -0.69969 0.00599702 0.714423 95.3496
0.715228 0.0795116 0.694353 121.282 -0.0498446 0.996782 -0.0628 -8.2064 -0.697112 0.0103066 0.71689 95.9379
0.71917 0.0730105 0.690988 121.889 -0.0437874 0.997251 -0.0597972 -8.25599 -0.693454 0.0127478 0.720389 96.552
0.722444 0.0677478 0.688102 122.474 -0.0386661 0.99759 -0.0576228 -8.29637 -0.690348 0.0150231 0.723322 97.1473
0.72547 0.0669199 0.684992 123.052 -0.0386763 0.997654 -0.0565034 -8.33381 -0.687167 0.0144985 0.726356 97.7657
0.727701 0.0682117 0.682494 123.632 -0.0391237 0.997551 -0.0579847 -8.37522 -0.684778 0.0154939 0.728588 98.4035
0.730851 0.0729271 0.678629 124.227 -0.0446043 0.997254 -0.0591305 -8.42172 -0.681079 0.0129458 0.732097 99.0666
0.73299 0.0766031 0.675912 124.826 -0.0503268 0.997024 -0.0584188 -8.46313 -0.678375 0.00880394 0.734664 99.7677
0.735019 0.07254 0.674155 125.37 -0.0503775 0.997356 -0.0523911 -8.52644 -0.676173 0.00454618 0.73673 100.395
0.738769 0.0704086 0.67027 125.985 -0.0532315 0.997518 -0.0461127 -8.55933 -0.671854 -0.00161286 0.740683 101.067
0.74189 0.0651831 0.667345 126.571 -0.0526392 0.997855 -0.0389464 -8.59567 -0.668453 -0.00623456 0.74373 101.731
0.745096 0.0614016 0.664125 127.162 -0.0509331 0.998085 -0.0351348 -8.6333 -0.665011 -0.00764715 0.746796 102.442
0.749292 0.0567433 0.659804 127.742 -0.0446275 0.998385 -0.035181 -8.67572 -0.660735 -0.00308458 0.750614 103.101
0.753986 0.0530063 0.654748 128.318 -0.0346272 0.998561 -0.0409646 -8.70415 -0.655978 0.0082147 0.754736 103.757
0.758476 0.0538291 0.649474 128.946 -0.0291089 0.998387 -0.048753 -8.74231 -0.651051 0.0180725 0.758819 104.505
0.763761 0.053832 0.643249 129.571 -0.0262362 0.998283 -0.0523922 -8.77931 -0.644966 0.0231388 0.763862 105.232
0.77014 0.0495873 0.635944 130.19 -0.0235038 0.998504 -0.049394 -8.8097 -0.637442 0.0230933 0.770153 105.94
0.775213 0.044535 0.630128 130.82 -0.019058 0.998707 -0.0471386 -8.84264 -0.631413 0.0245335 0.775059 106.731
0.781087 0.04095 0.623078 131.386 -0.0144391 0.998766 -0.0475401 -8.8824 -0.624256 0.0281363 0.780714 107.372
0.783451 0.040326 0.620143 131.946 -0.0119538 0.998687 -0.0498397 -8.96477 -0.621339 0.0316339 0.782904 108.178
0.786619 0.042147 0.615998 132.506 -0.0125154 0.998552 -0.0523396 -8.99021 -0.617312 0.0334619 0.786007 108.911
0.789177 0.039788 0.612875 133.079 -0.0109532 0.998653 -0.0507287 -9.04292 -0.614069 0.033321 0.78855 109.663
0.795797 0.0347944 0.604562 133.764 -0.00636347 0.998774 -0.049106 -9.04799 -0.60553 0.0352313 0.795043 110.386
0.797507 0.0305705 0.602534 134.362 -0.00282496 0.998895 -0.0469413 -9.08076 -0.603303 0.035734 0.796712 111.155
0.799691 0.0259218 0.599851 134.98 0.00138681 0.998986 -0.0450185 -9.10591 -0.600411 0.0368328 0.798844 111.907
0.799387 0.0254199 0.600278 135.533 0.000732567 0.999063 -0.0432827 -9.15316 -0.600816 0.0350394 0.79862 112.681
0.799441 0.0258716 0.600187 136.103 -0.000581882 0.999106 -0.0422923 -9.19356 -0.600744 0.033461 0.798742 113.441
0.799309 0.027431 0.600293 136.684 -0.00153184 0.999048 -0.0436127 -9.23193 -0.600918 0.0339405 0.798591 114.217
0.798723 0.0305308 0.600923 137.252 -0.00453146 0.99899 -0.0447321 -9.26641 -0.601682 0.0330055 0.798054 114.965
0.797865 0.0331304 0.601925 137.833 -0.00749747 0.998958 -0.0450453 -9.32054 -0.60279 0.0314272 0.797282 115.704
0.797097 0.0347135 0.602852 138.425 -0.00993468 0.998966 -0.0443868 -9.35204 -0.60377 0.0293915 0.796618 116.477
0.795507 0.0386607 0.60471 139.005 -0.015006 0.998914 -0.0441224 -9.40236 -0.605759 0.0260255 0.795223 117.227
0.793314 0.040362 0.607473 139.557 -0.0184581 0.998937 -0.0422668 -9.45327 -0.608533 0.0223181 0.793216 117.954
0.791329 0.0392295 0.61013 140.14 -0.0196927 0.999058 -0.0386952 -9.49654 -0.611074 0.0186055 0.791356 118.717
0.789577 0.0358987 0.612599 140.711 -0.016482 0.999169 -0.0373082 -9.52928 -0.61343 0.0193609 0.789513 119.415
0.787869 0.0399818 0.614543 141.289 -0.0175357 0.998943 -0.0425091 -9.56945 -0.615594 0.0227152 0.787737 120.122
0.785597 0.0502566 0.616694 141.878 -0.0238469 0.998415 -0.0509862 -9.61557 -0.618279 0.0253484 0.785551 120.861
0.78314 0.0548629 0.61942 142.498 -0.0251442 0.99808 -0.0566113 -9.6705 -0.621337 0.0287598 0.783017 121.657
0.780866 0.0539378 0.622365 143.008 -0.0273358 0.998262 -0.0522176 -9.71529 -0.624101 0.0237621 0.780984 122.279
0.776903 0.0534307 0.627349 143.636 -0.0305163 0.998418 -0.0472431 -9.75289 -0.628881 0.017559 0.777305 123.103
0.773587 0.0515815 0.631587 144.206 -0.0323642 0.998598 -0.0419145 -9.80673 -0.632863 0.0119838 0.774172 123.836
0.771859 0.0510674 0.633739 144.837 -0.0313251 0.998614 -0.0423171 -9.83902 -0.635022 0.0128109 0.772389 124.569
0.770288 0.0492534 0.635791 145.434 -0.0294198 0.998697 -0.0417236 -9.87222 -0.637017 0.0134344 0.770734 125.218
0.769615 0.0480549 0.636697 146.064 -0.0255996 0.998685 -0.0444323 -9.90394 -0.637995 0.0178966 0.769833 125.895
0.769073 0.0472026 0.637415 146.712 -0.0221576 0.99864 -0.0472181 -9.93439 -0.638777 0.0221906 0.769073 126.559
0.767333 0.0468349 0.639536 147.34 -0.0190276 0.998554 -0.0502969 -9.97299 -0.640967 0.0264257 0.767115 127.247
0.764403 0.047514 0.642985 147.948 -0.019144 0.998515 -0.0510271 -10.0009 -0.644455 0.026696 0.764178 127.949
0.760324 0.049614 0.647646 148.559 -0.0216151 0.99846 -0.0511128 -10.0426 -0.649185 0.0248634 0.760225 128.677
0.755817 0.048863 0.652957 149.125 -0.020696 0.998497 -0.0507646 -10.0844 -0.654457 0.0248552 0.755692 129.325
0.750094 0.0523992 0.659252 149.705 -0.0247983 0.998384 -0.0511389 -10.1392 -0.660867 0.0220106 0.750182 129.997
0.743661 0.0593973 0.665912 150.303 -0.0295149 0.997992 -0.0560566 -10.1977 -0.667905 0.0220328 0.743921 130.714
0.740026 0.0644278 0.669485 150.949 -0.0314159 0.997627 -0.0612803 -10.2335 -0.671845 0.0243166 0.740294 131.389
0.734546 0.0672335 0.67522 151.572 -0.0318412 0.997399 -0.0646748 -10.2761 -0.677812 0.0260068 0.734776 132.063
0.729386 0.0624601 0.681245 152.211 -0.0327857 0.997871 -0.0563874 -10.3285 -0.683317 0.0187932 0.729881 132.723
0.724046 0.0587764 0.687243 152.86 -0.0372373 0.998241 -0.0461431 -10.3672 -0.688747 0.00781869 0.724961 133.407
0.717049 0.0542636 0.694907 153.468 -0.0368637 0.998523 -0.0399338 -10.4125 -0.696048 0.0030176 0.71799 134.076
0.709397 0.0568308 0.702513 154.101 -0.0428525 0.998379 -0.0374927 -10.4435 -0.703505 -0.00350723 0.710683 134.754
0.702648 0.0582939 0.709145 154.777 -0.0417528 0.9983 -0.0406929 -10.4649 -0.710312 -0.00101604 0.703887 135.424
0.697352 0.0571733 0.714445 155.42 -0.0365723 0.998354 -0.0441957 -10.5126 -0.715796 0.00469112 0.698295 136.033
0.69088 0.0644026 0.720095 156.112 -0.0360109 0.997854 -0.0546943 -10.5708 -0.722072 0.011856 0.691718 136.686
0.68323 0.0665866 0.727161 156.86 -0.0330805 0.997634 -0.0602721 -10.5927 -0.729454 0.0171249 0.683817 137.392
0.677621 0.0620798 0.732786 157.537 -0.0302265 0.997941 -0.0565919 -10.6455 -0.734791 0.0161983 0.678102 138
0.670922 0.056908 0.739341 158.236 -0.0269154 0.998263 -0.0524128 -10.6908 -0.74104 0.0152653 0.671289 138.615
0.66467 0.056186 0.745021 158.941 -0.0264642 0.998314 -0.051678 -10.7333 -0.746669 0.0146325 0.665037 139.267
0.65808 0.0580133 0.75071 159.601 -0.0285183 0.998233 -0.0521419 -10.7839 -0.752409 0.0129046 0.658572 139.854
0.651207 0.0552342 0.756887 160.332 -0.0236607 0.998342 -0.0524972 -10.8302 -0.758532 0.0162781 0.651435 140.533
0.645325 0.0497518 0.762286 161.018 -0.0193029 0.998621 -0.0488353 -10.8717 -0.763665 0.0168003 0.645396 141.147
0.640347 0.0462224 0.766693 161.694 -0.0195442 0.998846 -0.0438949 -10.9559 -0.767838 0.0131235 0.640512 141.732
0.636204 0.0448078 0.770218 162.415 -0.0218367 0.998959 -0.0400777 -11.0334 -0.771212 0.0086786 0.63652 142.333
0.631408 0.0498874 0.773844 163.159 -0.0244924 0.998714 -0.0443999 -11.0525 -0.775065 0.00908116 0.631818 142.967
0.628776 0.0532448 0.775761 163.795 -0.0239361 0.998506 -0.0491321 -11.0742 -0.777218 0.0123244 0.629112 143.422
0.626086 0.0590394 0.777515 164.494 -0.0246011 0.998129 -0.0559816 -11.1102 -0.779366 0.0159216 0.626368 143.981
0.622988 0.0626446 0.779719 165.216 -0.0275654 0.997928 -0.0581515 -11.1541 -0.781746 0.0147344 0.623424 144.585
0.620753 0.0585599 0.781816 165.876 -0.0277381 0.998223 -0.0527455 -11.202 -0.783516 0.0110559 0.621275 145.094
