1 0 0 0 0 1 0 0 0 0 1 0
0.99995 0.00207974 -0.00980612 0.125425 -0.00212085 0.999989 -0.00418458 0.0629951 0.00979731 0.00420517 0.999943 1.09995
0.999943 0.0011085 -0.0106287 0.10557 -0.00114387 0.999994 -0.00332212 0.0238171 0.010625 0.00333409 0.999938 2.48656
0.999944 -9.01018e-05 -0.0105461 0.0806193 3.96336e-05 0.999988 -0.00478557 0.00372658 0.0105465 0.00478489 0.999933 3.82439
0.999957 -9.68887e-05 -0.00928165 0.0312724 6.25862e-05 0.999993 -0.00369596 -0.0334542 0.00928194 0.00369522 0.99995 5.16764
0.999939 -0.00131572 -0.0109551 0.0583862 0.00129024 0.999996 -0.00233239 -0.0710005 0.0109582 0.00231812 0.999937 6.52849
0.999908 -0.00384113 -0.0130446 0.103612 0.00382675 0.999992 -0.00112766 -0.0970595 0.0130488 0.00107764 0.999914 7.85927
0.999905 -0.0030684 -0.0134384 0.0737681 0.00305235 0.999995 -0.0012147 -0.111219 0.013442 0.00117357 0.999909 9.23168
0.999903 -0.0020804 -0.0137522 0.0404656 0.00203554 0.999993 -0.00327513 -0.129607 0.0137589 0.00324682 0.9999 10.5991
0.999888 0.00056943 -0.0149714 0.0438708 -0.000656207 0.999983 -0.00579189 -0.15419 0.0149678 0.00580106 0.999871 12.004
0.999878 0.00388882 -0.0151054 0.0148674 -0.00399045 0.99997 -0.00670402 -0.179532 0.0150789 0.00676348 0.999863 13.3342
0.999859 0.00630744 -0.0155685 -0.0121723 -0.00640913 0.999958 -0.00649048 -0.216659 0.0155269 0.00658934 0.999858 14.7146
0.999871 0.00717701 -0.01435 -0.0587894 -0.00725176 0.99996 -0.00516368 -0.254271 0.0143123 0.00526708 0.999884 16.0727
0.999908 0.0042244 -0.0128584 -0.104489 -0.00424851 0.999989 -0.00184861 -0.287156 0.0128505 0.00190307 0.999916 17.4501
0.999941 -0.000147966 -0.0108489 -0.150476 0.000152424 1 0.000410172 -0.314062 0.0108489 -0.000411801 0.999941 18.8075
0.99995 -0.00241237 -0.0096981 -0.183719 0.00239584 0.999996 -0.00171601 -0.343599 0.0097022 0.00169269 0.999951 20.1875
0.999962 -0.00391962 -0.00783737 -0.236662 0.00389674 0.999988 -0.00293196 -0.370477 0.00784877 0.00290131 0.999965 21.5198
0.999983 -0.00128192 -0.00574723 -0.273715 0.00125539 0.999989 -0.00461744 -0.400577 0.00575308 0.00461015 0.999973 22.9202
0.999993 0.0019211 -0.00318964 -0.314614 -0.00192902 0.999995 -0.0024824 -0.429371 0.00318485 0.00248853 0.999992 24.3058
0.999994 0.00307182 -0.00152212 -0.339848 -0.00306998 0.999995 0.00120983 -0.462486 0.00152582 -0.00120515 0.999998 25.7341
0.999999 0.000114265 0.00159829 -0.381113 -0.000118046 0.999997 0.00236533 -0.469996 -0.00159802 -0.00236551 0.999996 27.1091
0.99999 -0.00457499 0.000130048 -0.372833 0.0045747 0.999987 0.00215444 -0.512939 -0.000139904 -0.00215382 0.999998 28.5002
0.99999 -0.00454255 0.000377077 -0.385654 0.0045423 0.999989 0.000656849 -0.546082 -0.000380058 -0.000655129 1 29.8896
0.999984 -0.00464663 0.0032151 -0.415516 0.00465299 0.999987 -0.001973 -0.570466 -0.00320589 0.00198793 0.999993 31.2568
0.999987 -0.000813412 0.00497105 -0.433829 0.000827384 0.999996 -0.00280938 -0.597936 -0.00496875 0.00281346 0.999984 32.6362
0.999978 0.000367125 0.00662098 -0.461081 -0.000333934 0.999987 -0.00501338 -0.623717 -0.00662274 0.00501106 0.999966 34.034
0.999979 0.000706403 0.00638338 -0.43735 -0.000677623 0.999989 -0.00450962 -0.654361 -0.0063865 0.0045052 0.99997 35.4333
0.999974 0.00135078 0.00707391 -0.452533 -0.00132374 0.999992 -0.0038256 -0.673706 -0.00707902 0.00381614 0.999968 36.8737
0.999972 0.00195967 0.00717022 -0.446445 -0.00193941 0.999994 -0.00283169 -0.695799 -0.00717573 0.00281771 0.99997 38.2911
0.999961 0.00443009 0.00766253 -0.444463 -0.00441211 0.999987 -0.00236223 -0.7228 -0.0076729 0.00232833 0.999968 39.7388
0.999949 0.00608097 0.00812262 -0.450648 -0.00605828 0.999978 -0.00281438 -0.747979 -0.00813955 0.00276503 0.999963 41.1942
0.999936 0.00856118 0.00737659 -0.452621 -0.00854388 0.999961 -0.00237336 -0.775045 -0.00739662 0.00231018 0.99997 42.6588
0.999932 0.00909891 0.00735611 -0.4547 -0.00907945 0.999955 -0.00267396 -0.795748 -0.00738011 0.00260699 0.999969 44.1089
0.99995 0.00733223 0.0068385 -0.442947 -0.00731097 0.999968 -0.00312964 -0.818091 -0.00686123 0.00307948 0.999972 45.5732
0.999954 0.00760094 0.00593417 -0.434107 -0.00757744 0.999963 -0.00397281 -0.842007 -0.00596415 0.00392766 0.999975 47.0381
0.999953 0.00776765 0.00583728 -0.443212 -0.00774726 0.999964 -0.00350675 -0.878541 -0.00586432 0.00346136 0.999977 48.4286
0.999963 0.00802781 0.00303803 -0.40313 -0.00801986 0.999964 -0.00262079 -0.907577 -0.00305896 0.00259633 0.999992 49.9135
0.999964 0.00845518 0.00093201 -0.378987 -0.00845239 0.99996 -0.00296004 -0.94028 -0.000957002 0.00295205 0.999995 51.3771
0.999959 0.00904633 -0.000553905 -0.393499 -0.00904755 0.999957 -0.00222809 -0.968789 0.000533723 0.00223301 0.999997 52.8191
0.999963 0.00826206 -0.00254395 -0.378447 -0.00826254 0.999966 -0.000177945 -1.01433 0.0025424 0.000198959 0.999997 54.2284
0.999977 0.00669986 -0.000571158 -0.436852 -0.00669973 0.999978 0.000230568 -1.02889 0.000572688 -0.000226735 1 55.7135
0.999987 0.00507454 1.84489e-05 -0.452772 -0.00507455 0.999987 0.000548602 -1.05724 -1.56666e-05 -0.000548688 1 57.1726
0.999998 0.00195808 0.000128256 -0.474942 -0.00195811 0.999998 0.000245154 -1.08305 -0.000127777 -0.000245403 1 58.6089
0.999996 0.00165994 0.00212281 -0.506406 -0.00166067 0.999999 0.000338318 -1.10886 -0.00212225 -0.000341841 0.999998 60.0489
0.999992 -0.000362264 0.00394457 -0.537315 0.000356318 0.999999 0.00150802 -1.13653 -0.00394511 -0.0015066 0.999991 61.4972
0.99998 -0.00128058 0.00623945 -0.571371 0.00126729 0.999997 0.00213246 -1.15872 -0.00624216 -0.00212451 0.999978 62.9703
0.999969 -0.00433171 0.00662135 -0.552045 0.00432057 0.999989 0.00169528 -1.18149 -0.00662862 -0.00166662 0.999977 64.4133
0.999945 -0.0087315 0.00581755 -0.525375 0.00872325 0.999961 0.00144267 -1.20973 -0.00582992 -0.00139184 0.999982 65.836
0.999947 -0.00824442 0.00623803 -0.525849 0.00823363 0.999965 0.00175379 -1.24348 -0.00625227 -0.00170234 0.999979 67.2726
0.999938 -0.00905759 0.00646147 -0.519751 0.00904151 0.999956 0.00251338 -1.27805 -0.00648395 -0.00245481 0.999976 68.6967
0.999954 -0.00534144 0.00801434 -0.532887 0.00531051 0.999978 0.00387572 -1.30742 -0.00803487 -0.00383298 0.99996 70.1061
0.99997 -0.00175785 0.00758144 -0.518742 0.00172409 0.999989 0.00445741 -1.31832 -0.00758919 -0.0044442 0.999961 71.6033
0.999943 0.00227727 0.0104398 -0.543602 -0.00232794 0.999986 0.0048444 -1.34877 -0.0104286 -0.00486842 0.999934 72.9494
0.99991 0.00744803 0.0111754 -0.535864 -0.00748665 0.999966 0.00341844 -1.35554 -0.0111495 -0.00350179 0.999932 74.38
0.999897 0.0099841 0.0102812 -0.521156 -0.0100217 0.999943 0.00360851 -1.3872 -0.0102446 -0.00371117 0.999941 75.8067
0.999888 0.0113643 0.00975362 -0.487391 -0.0114087 0.999925 0.00450951 -1.42747 -0.00970164 -0.00462028 0.999942 77.2132
0.999872 0.0119207 0.0107101 -0.498094 -0.0119666 0.99992 0.00423523 -1.4371 -0.0106588 -0.00436285 0.999934 78.6902
0.999863 0.0113801 0.0119909 -0.498044 -0.0114281 0.999927 0.00393563 -1.46584 -0.0119452 -0.00407213 0.99992 80.0789
0.999892 0.009351 0.0113676 -0.46898 -0.00938976 0.99995 0.00336089 -1.49709 -0.0113356 -0.00346727 0.99993 81.4534
0.999889 0.00930817 0.0115931 -0.46551 -0.00934465 0.999952 0.0030969 -1.52028 -0.0115637 -0.00320489 0.999928 82.8386
0.999976 0.00552081 0.00409845 -0.286444 -0.00554953 0.99996 0.00702806 -1.61942 -0.00405948 -0.00705064 0.999967 83.9812
0.999995 0.00312464 0.000412474 -0.241323 -0.0031274 0.999972 0.00684833 -1.62886 -0.000391066 -0.00684958 0.999976 85.5226
0.999995 0.00292955 0.00102753 -0.296665 -0.00293577 0.999977 0.00610596 -1.62036 -0.00100962 -0.00610894 0.999981 87.0184
0.999991 0.00337316 0.00247755 -0.369928 -0.00338677 0.999979 0.00550792 -1.61151 -0.00245892 -0.00551626 0.999982 88.4938
1 0.000954429 0.000210393 -0.33616 -0.000955759 0.999979 0.0064101 -1.63446 -0.000204273 -0.0064103 0.999979 89.9228
0.999996 -0.00164589 0.00250373 -0.401491 0.00163393 0.999987 0.0047685 -1.61741 -0.00251155 -0.00476439 0.999985 91.4082
0.999993 -0.00361414 0.00111548 -0.395107 0.00360799 0.999979 0.00547418 -1.64829 -0.00113524 -0.00547011 0.999984 92.7852
0.999986 -0.00499774 0.00163021 -0.410986 0.00498862 0.999972 0.00554938 -1.6815 -0.00165791 -0.00554118 0.999983 94.1375
0.999975 -0.00610259 0.00355084 -0.468424 0.00608814 0.999973 0.00406731 -1.67798 -0.00357556 -0.00404559 0.999985 95.6023
0.999983 -0.00569364 -0.000858436 -0.396565 0.00569799 0.99997 0.00515262 -1.72965 0.000829071 -0.00515743 0.999986 96.9442
0.999983 -0.00555539 0.00154368 -0.447926 0.00554817 0.999974 0.00464203 -1.74589 -0.00156943 -0.00463339 0.999988 98.3336
0.999983 -0.00440142 0.00390903 -0.491647 0.00438536 0.999982 0.00410705 -1.76809 -0.00392703 -0.00408984 0.999984 99.6973
0.999977 -0.00349804 0.00579215 -0.52549 0.00347515 0.999986 0.00395597 -1.77933 -0.00580591 -0.00393575 0.999975 101.03
0.99998 -0.00343002 0.00534865 -0.517242 0.0033997 0.999978 0.00566788 -1.80452 -0.00536798 -0.00564958 0.999969 102.374
0.999982 -0.00254217 0.00548625 -0.521574 0.00250158 0.999969 0.00739382 -1.83319 -0.00550488 -0.00737996 0.999958 103.673
0.999962 -0.00414205 0.00772266 -0.555967 0.00410618 0.999981 0.0046553 -1.82913 -0.00774179 -0.00462341 0.999959 105.098
0.999967 -0.00416804 0.00699009 -0.534987 0.00415178 0.999988 0.00233816 -1.85292 -0.00699976 -0.00230906 0.999973 106.421
0.99996 -0.00474716 0.00759992 -0.55411 0.00474124 0.999988 0.000796924 -1.86952 -0.00760362 -0.000760859 0.999971 107.787
0.999952 -0.00923267 0.00331641 -0.467183 0.00922302 0.999953 0.00291539 -1.91166 -0.00334318 -0.00288466 0.99999 109.121
0.999925 -0.0105184 0.00627692 -0.520898 0.0104923 0.999936 0.00418121 -1.91663 -0.0063205 -0.00411503 0.999971 110.518
0.999898 -0.0124915 0.00685835 -0.502801 0.0124652 0.999915 0.00385952 -1.92515 -0.00690598 -0.00377364 0.999969 111.925
0.999878 -0.0135459 0.00774919 -0.500506 0.0135314 0.999906 0.00191446 -1.94227 -0.0077744 -0.00180937 0.999968 113.25
0.9999 -0.0131026 0.00530257 -0.416999 0.0130939 0.999913 0.00168384 -2.00589 -0.00532417 -0.00161424 0.999984 114.569
0.999881 -0.00985196 0.0118355 -0.498468 0.0098784 0.999949 -0.00217783 -2.00255 -0.0118135 0.00229449 0.999927 115.929
0.999902 -0.00721425 0.0120041 -0.468438 0.00722792 0.999973 -0.0010955 -2.0444 -0.0119959 0.00118216 0.999927 117.258
0.999885 -0.00579071 0.014022 -0.446783 0.00577429 0.999982 0.00121068 -2.08216 -0.0140288 -0.00112957 0.999901 118.581
0.999877 -0.0070861 0.0140198 -0.426529 0.00702247 0.999965 0.00458234 -2.11593 -0.0140518 -0.00448332 0.999891 119.946
0.999835 -0.007855 0.0163858 -0.458207 0.00778075 0.999959 0.00458998 -2.12076 -0.0164212 -0.00446173 0.999855 121.301
0.999785 -0.00757234 0.0193119 -0.48404 0.00750978 0.999966 0.00330966 -2.12414 -0.0193363 -0.00316392 0.999808 122.635
0.999763 -0.0043621 0.0213415 -0.479766 0.00432413 0.999989 0.00182508 -2.13432 -0.0213493 -0.00173236 0.99977 123.988
0.999682 -0.00364608 0.0249476 -0.523905 0.00361092 0.999992 0.00145448 -2.14324 -0.0249527 -0.00136393 0.999688 125.372
0.999684 -0.00325581 0.0249083 -0.47096 0.00323618 0.999994 0.000828578 -2.16654 -0.0249108 -0.000747709 0.999689 126.782
0.999694 -0.00210595 0.0246285 -0.397913 0.00207685 0.999997 0.00120679 -2.21333 -0.024631 -0.00115527 0.999696 128.137
0.999688 -0.0037521 0.0247095 -0.303525 0.00367432 0.999988 0.00319244 -2.27912 -0.0247211 -0.00310065 0.999689 129.42
0.999621 -0.00467301 0.0271182 -0.30106 0.00454873 0.999979 0.00464274 -2.30277 -0.0271393 -0.00451763 0.999621 130.739
0.999594 -0.00640138 0.0277601 -0.260209 0.00625248 0.999965 0.00544719 -2.31652 -0.0277941 -0.00527141 0.9996 132.127
0.999581 -0.00719052 0.0280312 -0.196233 0.00699656 0.999951 0.0070113 -2.36226 -0.0280802 -0.00681224 0.999582 133.436
0.999538 -0.0094519 0.0288862 -0.176386 0.00925222 0.999932 0.00703822 -2.37279 -0.0289507 -0.00676771 0.999558 134.818
0.999531 -0.0112402 0.0284767 -0.142255 0.0110304 0.999911 0.00751228 -2.38004 -0.0285586 -0.00719465 0.999566 136.214
0.999501 -0.0123512 0.0290537 -0.132769 0.0121673 0.999905 0.00649681 -2.38456 -0.0291312 -0.00614007 0.999557 137.629
0.999482 -0.0128494 0.0294981 -0.121648 0.0126824 0.999902 0.00584132 -2.39933 -0.0295703 -0.00546419 0.999548 138.973
0.999443 -0.0143076 0.0301564 -0.116377 0.0141046 0.999876 0.00693096 -2.4159 -0.0302519 -0.00650175 0.999521 140.352
0.999435 -0.0157301 0.0297054 -0.0876657 0.0155434 0.999858 0.00650624 -2.42401 -0.0298035 -0.00604084 0.999538 141.746
0.999397 -0.0155321 0.0310396 -0.0938427 0.0153539 0.999864 0.00597178 -2.43563 -0.0311282 -0.0054916 0.9995 143.1
0.999373 -0.0158137 0.0316595 -0.0839486 0.0156756 0.999866 0.00460577 -2.43961 -0.0317281 -0.0041066 0.999488 144.506
0.99926 -0.0152265 0.0353286 -0.116152 0.0151043 0.999879 0.00372356 -2.45258 -0.035381 -0.00318719 0.999369 145.88
0.999186 -0.0169863 0.0365923 -0.106944 0.0169921 0.999855 0.000152582 -2.45796 -0.0365896 0.000469325 0.99933 147.268
0.999044 -0.0220238 0.0377658 -0.104285 0.0220927 0.999755 -0.00140838 -2.45981 -0.0377256 0.00224139 0.999286 148.681
0.99894 -0.0299342 0.0349626 -0.0195099 0.0299362 0.999551 0.000467577 -2.48771 -0.0349609 0.000579567 0.999389 149.972
0.998711 -0.0354582 0.0363251 -0.00997194 0.0354832 0.99937 -4.2961e-05 -2.48549 -0.0363007 0.00133184 0.99934 151.363
0.998567 -0.0388123 0.0368259 0.0208042 0.0389973 0.99923 -0.00431969 -2.49758 -0.0366299 0.00574962 0.999312 152.742
0.998522 -0.0377563 0.0390953 0.038152 0.0381188 0.999236 -0.0085672 -2.51176 -0.038742 0.0100448 0.999199 154.107
0.998594 -0.0339993 0.0406672 0.0725899 0.03446 0.999349 -0.0106806 -2.547 -0.0402776 0.012067 0.999116 155.485
0.998468 -0.0335163 0.0440255 0.0918866 0.0340453 0.999356 -0.0113215 -2.58107 -0.0436177 0.012803 0.998966 156.886
0.998225 -0.0363685 0.0471576 0.0986279 0.03683 0.999281 -0.00895373 -2.60595 -0.0467981 0.0106747 0.998847 158.21
0.997822 -0.0424998 0.050439 0.138602 0.0428923 0.999057 -0.00672429 -2.63343 -0.0501057 0.0088731 0.998704 159.625
0.997563 -0.0456049 0.0528022 0.190652 0.0459534 0.998929 -0.00540478 -2.66966 -0.0524992 0.00781805 0.99859 161.009
0.997292 -0.0481527 0.055585 0.207195 0.0485584 0.998802 -0.00597069 -2.68707 -0.055231 0.00865364 0.998436 162.393
0.997145 -0.0472594 0.0588889 0.236361 0.0476931 0.998844 -0.00598072 -2.70478 -0.0585382 0.00877224 0.998247 163.761
0.997183 -0.0439637 0.0607678 0.314877 0.0444453 0.99899 -0.00659563 -2.74162 -0.0604165 0.0092779 0.99813 165.19
0.997171 -0.0407524 0.0631543 0.379129 0.0413909 0.999104 -0.00883506 -2.77695 -0.0627377 0.0114241 0.997965 166.565
0.997218 -0.0384987 0.0638188 0.436845 0.0391422 0.999194 -0.00886296 -2.81264 -0.0634262 0.0113363 0.997922 167.923
0.997103 -0.0373077 0.0662848 0.475737 0.0379148 0.999249 -0.00792545 -2.8431 -0.0659394 0.0104157 0.997769 169.284
0.997095 -0.038143 0.065926 0.536082 0.0387815 0.999212 -0.00843318 -2.86364 -0.0655524 0.0109654 0.997789 170.657
0.997264 -0.0353166 0.0649353 0.616453 0.0360437 0.999299 -0.0100592 -2.91533 -0.0645346 0.0123722 0.997839 172.037
0.997406 -0.0341078 0.0633792 0.701704 0.034911 0.999323 -0.0116084 -2.9617 -0.0629404 0.0137909 0.997922 173.392
0.997483 -0.029473 0.0644835 0.773297 0.0303715 0.999454 -0.0129987 -2.99935 -0.0640652 0.0149245 0.997834 174.813
0.997427 -0.0250021 0.0671825 0.778446 0.0259327 0.999579 -0.0130158 -3.01303 -0.0668288 0.0147246 0.997656 176.218
0.99755 -0.0225169 0.0662258 0.903147 0.0233191 0.999663 -0.0113659 -3.0533 -0.0659476 0.0128824 0.99774 177.679
0.997436 -0.0214058 0.0682829 0.960064 0.0220935 0.999712 -0.00933086 -3.08932 -0.0680636 0.0108155 0.997622 179.049
0.99737 -0.0248529 0.0680831 1.04723 0.0255143 0.999635 -0.00886219 -3.12072 -0.0678381 0.010576 0.99764 180.459
0.997369 -0.0276638 0.0670002 1.1386 0.0282629 0.999568 -0.00800993 -3.16718 -0.0667497 0.00988248 0.997721 181.873
0.997491 -0.0288841 0.0646294 1.22749 0.029656 0.999499 -0.0110152 -3.21787 -0.0642788 0.0129042 0.997849 183.266
0.997573 -0.0248451 0.0650389 1.2877 0.0260201 0.999512 -0.0172817 -3.23771 -0.0645778 0.0189321 0.997733 184.661
0.997715 -0.0184884 0.0649844 1.34954 0.0197327 0.999633 -0.0185586 -3.27694 -0.0646174 0.0197985 0.997714 186.072
0.99775 -0.0163806 0.0650015 1.438 0.0175142 0.999703 -0.0169095 -3.33193 -0.0647053 0.0180099 0.997742 187.479
0.997718 -0.0143832 0.0659654 1.51118 0.0153047 0.999792 -0.0134861 -3.37576 -0.0657577 0.0144649 0.997731 188.873
0.997619 -0.0146456 0.0673885 1.57808 0.0153979 0.999824 -0.0106582 -3.42486 -0.0672206 0.0116705 0.99767 190.255
0.997556 -0.0150183 0.0682367 1.6568 0.0157063 0.999831 -0.00955717 -3.46651 -0.0680817 0.0106056 0.997623 191.653
0.997512 -0.0168103 0.0684502 1.74412 0.017466 0.999807 -0.00899317 -3.50186 -0.0682858 0.0101664 0.997614 193.078
0.997439 -0.0198969 0.0686864 1.84784 0.0205096 0.999755 -0.0082265 -3.54652 -0.0685059 0.00961417 0.997604 194.492
0.997324 -0.0228505 0.069435 1.94731 0.0234596 0.999693 -0.00797022 -3.58455 -0.0692315 0.00957781 0.997555 195.966
0.997181 -0.0255377 0.0705437 2.04191 0.0261279 0.999631 -0.00745543 -3.60839 -0.0703273 0.00927757 0.997481 197.469
0.996864 -0.0301512 0.0731525 2.0918 0.0306929 0.999509 -0.0062914 -3.63903 -0.0729269 0.00851694 0.997301 198.868
0.996663 -0.0337888 0.0742925 2.17518 0.0343432 0.999391 -0.00619741 -3.67486 -0.0740378 0.00872818 0.997217 200.294
0.996631 -0.0308561 0.0759847 2.26242 0.0317613 0.999438 -0.0107338 -3.70686 -0.0756107 0.013111 0.997051 201.744
0.996746 -0.0226871 0.0773378 2.33948 0.0240077 0.99958 -0.0161894 -3.74055 -0.076938 0.0179935 0.996874 203.181
0.996742 -0.0139241 0.0794436 2.41989 0.0152398 0.999756 -0.015979 -3.79147 -0.0792018 0.0171377 0.996711 204.631
0.996728 -0.00676676 0.0805385 2.50884 0.00780739 0.99989 -0.0126131 -3.82778 -0.0804443 0.0132006 0.996672 206.082
0.996598 -0.0056762 0.0822165 2.60541 0.00657166 0.999922 -0.0106251 -3.86453 -0.0821498 0.0111293 0.996558 207.534
0.996569 -0.00752396 0.0824182 2.71738 0.00839388 0.999912 -0.0102137 -3.90222 -0.0823341 0.0108704 0.996545 209.032
0.996487 -0.0104417 0.0830929 2.80207 0.0113494 0.99988 -0.010459 -3.93811 -0.0829738 0.0113653 0.996487 210.46
0.996458 -0.0121006 0.0832101 2.89502 0.0130796 0.999851 -0.0112301 -3.97362 -0.0830618 0.0122787 0.996469 211.928
0.996321 -0.0120254 0.0848506 2.97222 0.013005 0.999855 -0.0110018 -4.0207 -0.0847059 0.0120648 0.996333 213.393
0.996187 -0.0109825 0.0865424 3.05319 0.0119409 0.999873 -0.0105648 -4.06167 -0.0864153 0.0115579 0.996192 214.842
0.996199 -0.0102785 0.0864939 3.18594 0.0111009 0.999897 -0.00903326 -4.11518 -0.0863922 0.00995909 0.996211 216.298
0.996388 -0.0112372 0.0841632 3.34226 0.0119911 0.999892 -0.00845789 -4.17461 -0.084059 0.00943656 0.996416 217.765
0.996566 -0.0112439 0.0820222 3.49416 0.0121055 0.999876 -0.0100152 -4.20154 -0.0818994 0.0109737 0.99658 219.268
0.996604 -0.0119533 0.0814675 3.62928 0.0127939 0.99987 -0.00980287 -4.25266 -0.0813397 0.0108119 0.996628 220.763
0.996701 -0.0114179 0.080344 3.76311 0.0121788 0.999885 -0.00898615 -4.30835 -0.0802322 0.009935 0.996727 222.253
0.996768 -0.0107652 0.0795962 3.86677 0.01148 0.999897 -0.00852862 -4.35496 -0.0794962 0.00941483 0.996791 223.729
0.996734 -0.0105165 0.0800611 3.94944 0.0111769 0.999907 -0.00780605 -4.40437 -0.0799716 0.00867539 0.99676 225.189
0.996893 -0.00975694 0.0781512 4.10163 0.0103208 0.999923 -0.00681425 -4.46725 -0.0780787 0.00759966 0.996918 226.68
0.996906 -0.0100685 0.0779483 4.22217 0.0106523 0.999918 -0.00707764 -4.50631 -0.0778707 0.00788608 0.996932 228.27
0.996854 -0.0097946 0.0786389 4.31639 0.0104107 0.999918 -0.00742779 -4.53631 -0.0785597 0.00822311 0.996876 229.764
0.996825 -0.0106732 0.0788912 4.41839 0.0113164 0.999906 -0.00770987 -4.56739 -0.0788014 0.00857816 0.996854 231.295
0.996721 -0.011727 0.0800471 4.51313 0.0124407 0.999887 -0.00842311 -4.59845 -0.0799392 0.00939135 0.996756 232.809
0.996642 -0.0123871 0.0809299 4.60201 0.013115 0.999878 -0.00846834 -4.6306 -0.0808151 0.0095013 0.996684 234.334
0.996432 -0.014542 0.0831261 4.69022 0.0152346 0.999854 -0.00770462 -4.66268 -0.0830019 0.00894353 0.996509 235.846
0.996403 -0.0144099 0.083499 4.80608 0.01507 0.999859 -0.0072811 -4.70339 -0.0833824 0.00851325 0.996481 237.384
0.996364 -0.0159381 0.0836813 4.92992 0.0166163 0.999834 -0.00741458 -4.73004 -0.0835492 0.0087781 0.996465 238.887
0.996203 -0.0172343 0.0853244 5.02691 0.0179839 0.999805 -0.00802426 -4.74905 -0.0851695 0.00952826 0.996321 240.381
0.996076 -0.0162409 0.0869904 5.14268 0.0169566 0.999828 -0.00749388 -4.78235 -0.0868537 0.00893954 0.996181 241.83
0.995898 -0.0160765 0.089037 5.28301 0.0166187 0.999847 -0.00535155 -4.82107 -0.0889373 0.00680928 0.996014 243.254
0.995727 -0.0156051 0.0910099 5.43125 0.0160949 0.999859 -0.00465047 -4.86352 -0.0909245 0.00609539 0.995839 244.677
0.995585 -0.0150758 0.0926383 5.50757 0.0157815 0.999851 -0.0068902 -4.88274 -0.0925206 0.00832176 0.995676 246.29
0.995463 -0.0145618 0.0940242 5.66101 0.0153317 0.999854 -0.00747094 -4.93457 -0.0939017 0.0088786 0.995542 247.739
0.995482 -0.0133108 0.0940084 5.80543 0.014046 0.999875 -0.00716296 -4.9765 -0.0939014 0.00845104 0.995546 249.331
0.995507 -0.0140604 0.0936333 5.96005 0.0146406 0.999877 -0.00551253 -5.02588 -0.0935444 0.00685861 0.995592 250.854
0.995533 -0.0142197 0.0933305 6.08872 0.0147433 0.999879 -0.0049226 -5.0628 -0.0932492 0.00627661 0.995623 252.441
0.995596 -0.0139215 0.0926976 6.24731 0.0143845 0.999887 -0.00432827 -5.11034 -0.0926269 0.00564262 0.995685 253.958
0.995589 -0.0125612 0.0929632 6.37772 0.0129649 0.999908 -0.00373985 -5.15152 -0.0929077 0.00492861 0.995663 255.541
0.995547 -0.010658 0.09365 6.50729 0.0110655 0.999931 -0.00383386 -5.18566 -0.0936027 0.00485307 0.995598 257.076
0.995576 -0.00999782 0.093414 6.65651 0.0103318 0.999941 -0.00309254 -5.23003 -0.0933776 0.00404399 0.995623 258.625
0.995603 -0.0111232 0.0930073 6.81147 0.0115241 0.999926 -0.00377365 -5.2459 -0.0929584 0.00482887 0.995658 260.154
0.995671 -0.0123145 0.0921164 6.9711 0.0127277 0.999911 -0.00389982 -5.27169 -0.0920602 0.00505537 0.995741 261.764
0.995463 -0.0144263 0.0940385 7.07846 0.0147359 0.999887 -0.00259939 -5.31632 -0.0939905 0.00397334 0.995565 263.266
0.995558 -0.0153903 0.0928766 7.24578 0.0158432 0.999865 -0.00414062 -5.33522 -0.0928004 0.00559368 0.995669 264.843
0.995485 -0.0158951 0.0935749 7.36734 0.0165171 0.999846 -0.00587598 -5.3618 -0.0934671 0.00739504 0.995595 266.395
0.995157 -0.0181684 0.0966026 7.45727 0.0187482 0.999811 -0.00509669 -5.38164 -0.0964917 0.00688312 0.99531 267.915
0.995087 -0.0200452 0.0969512 7.60658 0.0205668 0.999778 -0.00438297 -5.40523 -0.0968419 0.00635541 0.99528 269.487
0.995132 -0.0209145 0.0963022 7.77051 0.0215724 0.99975 -0.00579513 -5.43085 -0.0961569 0.00784438 0.995335 271.093
0.995446 -0.021842 0.0927823 7.99112 0.022565 0.999722 -0.00674987 -5.47301 -0.0926091 0.00881277 0.995664 272.738
0.995077 -0.0233918 0.0962947 8.07176 0.0238409 0.999709 -0.00351567 -5.56363 -0.0961845 0.00579411 0.995347 274.202
0.995251 -0.0205374 0.095144 8.25393 0.0210993 0.999765 -0.00490313 -5.57808 -0.095021 0.00688731 0.995452 275.826
0.995189 -0.0187351 0.0961544 8.39808 0.0191593 0.99981 -0.00349013 -5.64971 -0.0960707 0.00531559 0.995361 277.363
0.994995 -0.0185422 0.0981866 8.52886 0.0185572 0.999827 0.000761191 -5.76197 -0.0981838 0.00106468 0.995168 278.897
0.994817 -0.0179965 0.10007 8.66631 0.018058 0.999836 0.000291401 -5.78263 -0.100059 0.00151716 0.994981 280.439
0.994754 -0.016903 0.10088 8.87963 0.0171462 0.999851 -0.00154424 -5.78745 -0.100839 0.00326583 0.994898 281.891
0.994651 -0.0189892 0.101527 9.02697 0.0192816 0.999812 -0.00189871 -5.80818 -0.101472 0.00384614 0.994831 283.513
0.99451 -0.0192195 0.102858 9.21029 0.0194722 0.999809 -0.00145273 -5.84141 -0.10281 0.00344761 0.994695 285.004
0.994428 -0.0212789 0.103242 9.37688 0.0214269 0.99977 -0.000325493 -5.86703 -0.103211 0.00253583 0.994656 286.608
0.994401 -0.0227814 0.103178 9.54231 0.0229366 0.999736 -0.000317307 -5.88877 -0.103143 0.00268207 0.994663 288.148
0.994408 -0.0235263 0.102948 9.70531 0.0239288 0.999709 -0.00267601 -5.91776 -0.102856 0.00512447 0.994683 289.693
0.994547 -0.0241793 0.101437 9.89116 0.0248964 0.999673 -0.00580949 -5.93257 -0.101263 0.00830321 0.994825 291.306
0.994623 -0.0237622 0.100793 10.0498 0.0245405 0.999677 -0.0064887 -5.95487 -0.100606 0.00892731 0.994886 292.873
0.994548 -0.0256687 0.101069 10.1836 0.0264111 0.999632 -0.00601387 -5.99006 -0.100877 0.00865041 0.994861 294.406
0.994612 -0.0240493 0.100829 10.3345 0.0249379 0.99966 -0.00756201 -6.02018 -0.100612 0.0100357 0.994875 295.967
0.994597 -0.0231918 0.101183 10.4704 0.0242039 0.999668 -0.00878657 -6.04358 -0.100945 0.0111881 0.994829 297.571
0.994582 -0.0231091 0.101353 10.6086 0.0241701 0.999664 -0.00925205 -6.0685 -0.101105 0.0116516 0.994808 299.175
0.994606 -0.0228433 0.101172 10.7546 0.0239914 0.99966 -0.0101459 -6.09349 -0.100906 0.0125185 0.994817 300.753
0.994633 -0.0231 0.100846 10.9101 0.0241997 0.999659 -0.00969473 -6.11812 -0.100588 0.0120831 0.994855 302.299
0.994676 -0.0211532 0.100855 11.0588 0.0221787 0.999712 -0.00905726 -6.1496 -0.100635 0.0112459 0.99486 303.907
0.994547 -0.0202156 0.102307 11.2151 0.0211545 0.999743 -0.00810086 -6.21288 -0.102117 0.0102209 0.99472 305.484
0.994488 -0.0190672 0.103099 11.3748 0.0201715 0.999749 -0.00967873 -6.22993 -0.102889 0.0117051 0.994624 307.138
0.994435 -0.0204536 0.103347 11.5617 0.0215856 0.999718 -0.00984662 -6.27027 -0.103117 0.0120226 0.994597 308.717
0.994396 -0.0225199 0.103288 11.7405 0.0237849 0.999656 -0.0110315 -6.30551 -0.103004 0.0134263 0.99459 310.336
0.994214 -0.0249918 0.104463 11.8908 0.0264187 0.999575 -0.0122974 -6.35521 -0.104111 0.014986 0.994453 311.932
0.993809 -0.0270805 0.107743 12.0228 0.0284329 0.999534 -0.0110354 -6.41721 -0.107394 0.0140305 0.994117 313.421
0.994027 -0.0260404 0.105981 12.1782 0.0273781 0.999562 -0.0111869 -6.48089 -0.105643 0.0140216 0.994305 315.066
0.994164 -0.0251971 0.10489 12.3082 0.0263538 0.999605 -0.00965603 -6.53813 -0.104606 0.0123639 0.994437 316.724
0.994507 -0.0247187 0.101704 12.5618 0.0253941 0.999663 -0.00535124 -6.60472 -0.101537 0.00790452 0.9948 318.396
0.994503 -0.0263421 0.101331 12.7358 0.0266665 0.999642 -0.00184743 -6.64425 -0.101247 0.00453942 0.994851 320.049
0.994458 -0.026847 0.101647 12.8661 0.027052 0.999633 -0.000638608 -6.67453 -0.101593 0.00338483 0.99482 321.668
0.994599 -0.0274647 0.100088 13.0325 0.0276867 0.999616 -0.000829292 -6.71405 -0.100027 0.00359592 0.994978 323.236
0.994637 -0.0291496 0.099233 13.2276 0.0294543 0.999564 -0.0016071 -6.7377 -0.099143 0.00452132 0.995063 324.913
0.994696 -0.0295806 0.0985059 13.4107 0.0298913 0.999551 -0.00167971 -6.76716 -0.098412 0.00461527 0.995135 326.585
0.994521 -0.0296519 0.100238 13.5523 0.0300466 0.999545 -0.00242967 -6.78637 -0.100121 0.00542818 0.99496 328.291
0.994231 -0.027027 0.103794 13.6516 0.0275263 0.999615 -0.00338087 -6.81625 -0.103663 0.00621842 0.994593 329.999
0.994233 -0.0264135 0.103937 13.8112 0.0269393 0.99963 -0.00365855 -6.85134 -0.103802 0.00643744 0.994577 331.629
0.994419 -0.0280011 0.10172 14.0098 0.0283426 0.999596 -0.00191264 -6.88726 -0.101625 0.00478496 0.994811 333.236
0.994486 -0.0299005 0.100511 14.1743 0.0302421 0.99954 -0.00187627 -6.90404 -0.100409 0.00490559 0.994934 334.832
0.994471 -0.0316799 0.100112 14.3376 0.0322436 0.999471 -0.00401802 -6.91846 -0.0999318 0.00722378 0.994968 336.468
0.994635 -0.0311208 0.0986513 14.5106 0.0315713 0.999496 -0.00300891 -6.96574 -0.098508 0.00610732 0.995117 338.096
0.994828 -0.0300353 0.0970282 14.6664 0.0306824 0.999515 -0.0051842 -6.9935 -0.0968255 0.00813445 0.995268 339.715
0.994895 -0.0304081 0.0962226 14.8221 0.0314726 0.999458 -0.00956335 -6.99869 -0.0958797 0.0125429 0.995314 341.346
0.994946 -0.0285305 0.0962676 14.9438 0.0295383 0.999522 -0.00905895 -7.04269 -0.0959632 0.0118568 0.995314 342.987
0.995162 -0.0279437 0.0941789 15.1256 0.0285979 0.999575 -0.00560293 -7.09453 -0.0939823 0.00826914 0.995539 344.45
0.995342 -0.0263701 0.0927243 15.2521 0.0266685 0.999642 -0.00198001 -7.14132 -0.0926389 0.0044436 0.99569 346.085
0.99549 -0.0263293 0.0911275 15.3861 0.0267999 0.999632 -0.00394416 -7.1593 -0.0909902 0.00636858 0.995831 347.714
0.995676 -0.0271748 0.088829 15.5141 0.0278609 0.99959 -0.00649258 -7.17675 -0.0886162 0.00893936 0.996026 349.322
0.995768 -0.02923 0.0871266 15.6653 0.0298186 0.99954 -0.00546148 -7.21633 -0.0869268 0.00803636 0.996182 350.832
0.995467 -0.0305723 0.0900541 15.7507 0.0312306 0.999494 -0.00591078 -7.24941 -0.0898279 0.00869644 0.995919 352.456
0.995383 -0.0300293 0.091152 15.8572 0.0308036 0.9995 -0.00709897 -7.28467 -0.0908933 0.00987401 0.995812 354.085
0.995315 -0.0312485 0.0914914 15.9824 0.0321587 0.999446 -0.00849054 -7.31234 -0.0911754 0.011393 0.99577 355.721
0.995155 -0.0314373 0.0931518 16.082 0.032395 0.999436 -0.00878692 -7.34763 -0.0928231 0.011762 0.995613 357.309
0.995159 -0.0329125 0.0925997 16.2409 0.0338737 0.999386 -0.00882727 -7.39029 -0.0922524 0.0119212 0.995664 358.892
0.99507 -0.0329447 0.0935415 16.358 0.0339615 0.999379 -0.00929851 -7.43316 -0.0931771 0.0124295 0.995572 360.51
0.995076 -0.0332747 0.0933503 16.5117 0.0343115 0.999365 -0.00952311 -7.48851 -0.0929742 0.0126792 0.995588 362.121
0.995025 -0.034354 0.0935085 16.6695 0.0353417 0.999335 -0.00892661 -7.54105 -0.0931396 0.012187 0.995578 363.737
0.995041 -0.0344113 0.0933131 16.8194 0.0354835 0.999321 -0.00985512 -7.58013 -0.0929107 0.0131173 0.995588 365.36
0.99498 -0.0363288 0.0932374 16.961 0.0375067 0.999236 -0.010912 -7.62215 -0.0927697 0.0143542 0.995584 366.957
0.994917 -0.0380468 0.0932284 17.1112 0.0390715 0.999193 -0.00919006 -7.66754 -0.0928036 0.0127859 0.995602 368.569
0.994742 -0.039367 0.094539 17.2297 0.0403443 0.999149 -0.00844775 -7.7083 -0.094126 0.0122174 0.995485 370.174
0.994326 -0.0397883 0.0986476 17.2864 0.0409556 0.999112 -0.00983545 -7.73544 -0.0981687 0.0138198 0.995074 371.695
0.994329 -0.0385931 0.0990926 17.453 0.0397176 0.999166 -0.0094002 -7.79756 -0.0986472 0.0132826 0.995034 373.274
0.994316 -0.0378069 0.099523 17.6006 0.0388709 0.999205 -0.00877276 -7.83246 -0.0991122 0.0125915 0.994997 374.919
0.9944 -0.0358819 0.0993913 17.7752 0.0368866 0.999284 -0.00828909 -7.87243 -0.0990228 0.0119089 0.995014 376.531
0.994411 -0.0358126 0.0993132 17.9431 0.0368353 0.999285 -0.0084829 -7.91433 -0.0989384 0.0120937 0.99502 378.139
0.994479 -0.0364799 0.0983824 18.1192 0.0374238 0.999269 -0.00776529 -7.9845 -0.0980272 0.0114043 0.995118 379.733
0.994539 -0.0369764 0.0975877 18.2879 0.0378233 0.99926 -0.00684277 -8.04047 -0.0972625 0.0104965 0.995203 381.319
0.994488 -0.0353807 0.0986878 18.4621 0.0362119 0.999321 -0.00664358 -8.09693 -0.0983858 0.0101806 0.995096 382.904
0.994448 -0.0344838 0.0994097 18.5988 0.035277 0.999357 -0.00623218 -8.13477 -0.099131 0.00970447 0.995027 384.538
0.994374 -0.0329338 0.100665 18.7417 0.0333791 0.999438 -0.00274289 -8.21937 -0.100518 0.00608757 0.994917 386.125
0.994593 -0.0306764 0.0992101 18.9422 0.0312105 0.999505 -0.00383658 -8.24859 -0.0990434 0.00691224 0.995059 387.764
0.994692 -0.0291691 0.0986691 19.1118 0.0298737 0.999537 -0.00567089 -8.26563 -0.0984581 0.00858841 0.995104 389.401
0.994662 -0.0285557 0.0991488 19.2616 0.0293018 0.999551 -0.00607752 -8.29267 -0.0989308 0.00895033 0.995054 390.982
0.994789 -0.0279966 0.098028 19.4506 0.0288238 0.999559 -0.00703262 -8.3063 -0.0977879 0.00982152 0.995159 392.618
0.994894 -0.027805 0.0970082 19.6334 0.0286585 0.999561 -0.00741567 -8.33797 -0.0967595 0.0101579 0.995256 394.278
0.994888 -0.0269351 0.0973215 19.783 0.0278682 0.999577 -0.00824149 -8.37374 -0.0970584 0.0109115 0.995219 395.919
0.994866 -0.0272963 0.0974438 19.9319 0.0282579 0.999564 -0.00850171 -8.40925 -0.0971693 0.0112116 0.995205 397.562
