1 0 0 0 0 1 0 0 0 0 1 0
0.999997 -0.00243304 -3.12442e-05 0.0360993 0.00243284 0.999984 -0.00517744 0.0457743 4.38406e-05 0.00517735 0.999987 1.29727
0.999995 -0.00303761 0.00116847 0.04318 0.00304505 0.999975 -0.00642178 0.0415456 -0.00114893 0.0064253 0.999979 2.52938
0.999991 -0.00421794 0.000982095 0.0492781 0.00422344 0.999975 -0.00567227 0.0096317 -0.000958145 0.00567637 0.999983 3.74842
0.999983 -0.00474253 0.0034124 0.0333122 0.00476701 0.999963 -0.00720138 -0.00055992 -0.00337812 0.00721752 0.999968 5.00334
0.999973 -0.00522671 0.00518775 0.00796125 0.00526492 0.999959 -0.0073787 -0.0351566 -0.00514897 0.00740582 0.999959 6.20305
0.999962 -0.0049186 0.0072388 -0.0110906 0.00498416 0.999946 -0.00906686 -0.0560742 -0.00719381 0.00910259 0.999933 7.4009
0.999953 -0.00656127 0.00717837 -5.92731e-05 0.00662982 0.999932 -0.00956737 -0.0941032 -0.00711511 0.00961451 0.999928 8.59756
0.999936 -0.00865087 0.00725683 0.00875012 0.00871381 0.999924 -0.00868703 -0.134846 -0.00718113 0.00874971 0.999936 9.77058
0.999945 -0.00816356 0.0066454 0.00716511 0.00820863 0.999943 -0.00678432 -0.177862 -0.00658963 0.00683849 0.999955 10.9985
0.99995 -0.00960363 0.00272356 0.0204029 0.00963103 0.999901 -0.0102345 -0.160851 -0.002625 0.0102602 0.999944 12.2107
0.999949 -0.0101144 -0.000434996 0.0203562 0.0101077 0.999861 -0.013272 -0.152711 0.000569172 0.0132669 0.999912 13.4668
0.999959 -0.00888232 -0.00189694 0.0125593 0.00885164 0.999839 -0.0156094 -0.15373 0.00203528 0.015592 0.999876 14.6548
0.999976 -0.00633602 -0.00276648 0.00220701 0.00628256 0.999801 -0.0189222 -0.139505 0.00288582 0.0189044 0.999817 15.8828
0.999974 -0.00630291 -0.00342326 -0.0146197 0.00623457 0.999788 -0.0196199 -0.171519 0.0035462 0.019598 0.999802 17.0958
0.999974 -0.00660228 -0.0030671 -0.0337491 0.00653938 0.999777 -0.0200854 -0.207389 0.00319902 0.0200648 0.999794 18.3388
0.999967 -0.00706799 -0.00404785 -0.033923 0.0069805 0.99975 -0.0212346 -0.237048 0.00419693 0.0212057 0.999766 19.6104
0.999974 -0.0063092 -0.0033821 -0.0684665 0.00622973 0.999716 -0.0230156 -0.276514 0.00352635 0.0229939 0.999729 20.8363
0.999973 -0.00664658 -0.00310063 -0.0944515 0.00657094 0.999695 -0.0237976 -0.323588 0.00325785 0.0237766 0.999712 22.0252
0.999977 -0.005794 -0.00346437 -0.118696 0.00571231 0.999716 -0.023144 -0.382971 0.00359748 0.0231237 0.999726 23.2308
0.999968 -0.00534702 -0.00598493 -0.0923414 0.00519641 0.999676 -0.0249022 -0.404107 0.00611615 0.0248703 0.999672 24.4614
0.999984 -0.00324526 -0.00454761 -0.158285 0.00313172 0.999689 -0.024756 -0.466101 0.00462653 0.0247413 0.999683 25.6928
0.999988 -0.00112252 -0.00473673 -0.191044 0.00101232 0.99973 -0.0232044 -0.524491 0.0047615 0.0231993 0.999719 26.9356
0.999984 -0.00130134 -0.00551516 -0.195069 0.00118506 0.999778 -0.0210341 -0.572529 0.00554131 0.0210273 0.999763 28.1903
0.999974 -0.00209127 -0.00697831 -0.204349 0.00194216 0.999771 -0.0213055 -0.618004 0.00702127 0.0212914 0.999749 29.3955
0.99995 -0.001618 -0.00984096 -0.188566 0.00141118 0.999779 -0.0209866 -0.672081 0.00987274 0.0209717 0.999731 30.5895
0.999937 -0.00202268 -0.0110565 -0.201038 0.00177468 0.999747 -0.0223936 -0.714858 0.011099 0.0223725 0.999688 31.8207
0.999937 -0.000239754 -0.0112376 -0.240144 2.91166e-06 0.999778 -0.0210711 -0.780249 0.0112402 0.0210698 0.999715 33.0078
0.999926 -0.00126974 -0.0121122 -0.269881 0.00101233 0.999774 -0.0212348 -0.819598 0.0121365 0.021221 0.999701 34.22
0.999921 -0.00201421 -0.0123829 -0.298929 0.00174415 0.999761 -0.021781 -0.856227 0.0124238 0.0217577 0.999686 35.4516
0.999893 -0.0030401 -0.0143052 -0.30437 0.00273679 0.999772 -0.0211753 -0.928522 0.0143663 0.0211339 0.999673 36.6788
0.999868 -0.00408047 -0.0157132 -0.331992 0.00376117 0.999787 -0.020297 -1 0.0157927 0.0202352 0.99967 37.86
0.999836 -0.00521009 -0.017332 -0.334801 0.00489567 0.999823 -0.0181342 -1.08107 0.0174234 0.0180463 0.999685 39.0862
0.999837 -0.00568398 -0.017117 -0.367411 0.0053935 0.999841 -0.0169686 -1.12375 0.0172107 0.0168735 0.999709 40.3166
0.999809 -0.00630776 -0.0184886 -0.379667 0.00600918 0.999851 -0.0161605 -1.17991 0.0185878 0.0160463 0.999698 41.5802
0.999795 -0.00531125 -0.0195518 -0.401866 0.00499996 0.99986 -0.0159359 -1.23942 0.0196337 0.0158348 0.999682 42.792
0.999794 -0.00435183 -0.0198372 -0.440962 0.00404386 0.999871 -0.0155385 -1.29196 0.0199023 0.0154551 0.999682 43.9969
0.999794 -0.00278245 -0.0201228 -0.467173 0.00253682 0.999922 -0.012222 -1.36452 0.0201552 0.0121684 0.999723 45.2184
0.999858 -0.00175524 -0.016761 -0.549778 0.00159841 0.999955 -0.00936574 -1.39736 0.0167767 0.00933761 0.999816 46.4386
0.999909 -0.00144341 -0.0134116 -0.610259 0.00135292 0.999976 -0.00675425 -1.42576 0.013421 0.00673549 0.999887 47.6741
0.999916 -0.00159721 -0.0128471 -0.624002 0.00156373 0.999995 -0.0026155 -1.4712 0.0128512 0.00259518 0.999914 48.9064
0.999933 -0.00346126 -0.0110581 -0.700928 0.00345829 0.999994 -0.000287451 -1.51127 0.0110591 0.000249179 0.999939 50.0685
0.999934 -0.00710064 -0.00898904 -0.744567 0.00708989 0.999974 -0.00122661 -1.55315 0.00899751 0.00116279 0.999959 51.2741
0.999966 -0.00440979 -0.00691782 -0.791108 0.00440036 0.999989 -0.00137806 -1.59366 0.00692382 0.00134756 0.999975 52.4684
0.999981 -0.00318316 -0.00529453 -0.833617 0.00317758 0.999994 -0.00106072 -1.61788 0.00529787 0.00104386 0.999985 53.6496
0.999987 -0.00382976 -0.00351167 -0.878858 0.00382283 0.99999 -0.00197651 -1.642 0.00351921 0.00196305 0.999992 54.9035
0.999979 -0.00455686 -0.00457711 -0.873327 0.00453944 0.999982 -0.0038083 -1.66437 0.00459438 0.00378743 0.999982 56.115
0.999974 -0.00491853 -0.00528019 -0.900091 0.00490352 0.999984 -0.00285163 -1.69993 0.00529413 0.00282566 0.999982 57.3479
0.999968 -0.00455243 -0.00653168 -0.91881 0.00453585 0.999986 -0.00255088 -1.71283 0.0065432 0.00252116 0.999975 58.5764
0.999972 -0.0050826 -0.00558041 -0.981255 0.00506744 0.999983 -0.0027283 -1.7316 0.00559418 0.00269993 0.999981 59.7697
0.999976 -0.00416217 -0.00564662 -0.989217 0.00412818 0.999973 -0.00601826 -1.72561 0.00567151 0.00599479 0.999966 61.089
0.999979 -0.00377653 -0.00531316 -1.02459 0.00374748 0.999978 -0.00546724 -1.76905 0.00533369 0.0054472 0.999971 62.2852
0.999972 -0.0040044 -0.00630198 -1.02308 0.00396259 0.99997 -0.00663399 -1.78649 0.00632836 0.00660882 0.999958 63.5056
0.999956 -0.00602536 -0.00726621 -1.03308 0.00597099 0.999954 -0.00748066 -1.82419 0.00731094 0.00743694 0.999945 64.7279
0.999925 -0.00783264 -0.00939193 -1.03744 0.00778001 0.999954 -0.00562768 -1.86482 0.00943558 0.00555418 0.99994 65.9155
0.999904 -0.010186 -0.00941469 -1.07396 0.01015 0.999941 -0.00386215 -1.91248 0.00945347 0.00376621 0.999948 67.1268
0.999942 -0.00790136 -0.00735343 -1.11778 0.00786768 0.999958 -0.0045986 -1.95966 0.00738946 0.00454047 0.999962 68.3541
0.999935 -0.00894138 -0.00716383 -1.14747 0.00890684 0.999948 -0.00483913 -2.01574 0.00720673 0.004775 0.999962 69.5758
0.999957 -0.00602916 -0.00702794 -1.17173 0.006007 0.999976 -0.0031708 -2.06351 0.00704689 0.00312843 0.99997 70.7767
0.999949 -0.00590358 -0.0082085 -1.1818 0.00590003 0.999982 -0.000457688 -2.13784 0.00821106 0.000409223 0.999966 71.9743
0.999949 -0.00587886 -0.00824303 -1.2031 0.00606934 0.99971 0.0232761 -2.43029 0.00810381 -0.0233249 0.999695 73.1615
0.999979 -0.0031535 -0.00570762 -1.25103 0.00328462 0.999727 0.0231093 -2.40527 0.00563319 -0.0231275 0.999716 74.3799
0.999993 0.000835432 -0.00379188 -1.25492 -0.000738793 0.999676 0.0254143 -2.42191 0.00381189 -0.0254113 0.99967 75.5679
1 0.000255902 -0.000137719 -1.27533 -0.000253015 0.999789 0.020526 -2.38227 0.000142944 -0.020526 0.999789 76.8078
0.999992 -0.00269238 0.00289125 -1.28328 0.0026477 0.999878 0.0153486 -2.38628 -0.00293222 -0.0153408 0.999878 78.0132
0.999984 -0.00388601 0.00408384 -1.28296 0.00381724 0.999853 0.0167148 -2.41322 -0.00414819 -0.016699 0.999852 79.1828
0.999947 -0.00806383 0.00641671 -1.28013 0.00793516 0.999771 0.0198302 -2.42392 -0.00657515 -0.0197782 0.999783 80.3356
0.99992 -0.0046071 0.0117703 -1.29529 0.00438107 0.999806 0.0191577 -2.40278 -0.0118563 -0.0191046 0.999747 81.5085
0.999847 -0.00516548 0.016756 -1.28712 0.00486474 0.999827 0.0179396 -2.40579 -0.0168458 -0.0178553 0.999698 82.6931
0.99977 -0.0064863 0.0204336 -1.27208 0.00618142 0.999869 0.0149485 -2.40833 -0.0205279 -0.0148188 0.999679 83.8551
0.99967 -0.0103796 0.023508 -1.2489 0.0100545 0.999852 0.013905 -2.43157 -0.0236488 -0.0136641 0.999627 85.0247
0.999582 -0.00950556 0.0273002 -1.2208 0.00915711 0.999875 0.0128602 -2.43931 -0.0274191 -0.0126048 0.999544 86.2053
0.999537 -0.0108473 0.0284454 -1.16206 0.0104493 0.999845 0.0141047 -2.43573 -0.028594 -0.0138009 0.999496 87.3816
0.999382 -0.00711571 0.0344236 -1.16277 0.00651529 0.999825 0.0175227 -2.48531 -0.0345423 -0.0172876 0.999253 88.5165
0.999286 -0.00599097 0.0373059 -1.10565 0.00572549 0.999957 0.00721928 -2.39968 -0.0373475 -0.00700054 0.999278 89.7606
0.999049 -0.00541581 0.0432562 -1.10062 0.00465255 0.999831 0.0177262 -2.53598 -0.0433449 -0.0175081 0.998907 90.8738
0.99879 -0.0029481 0.0490986 -1.11188 0.00205999 0.999833 0.0181291 -2.52093 -0.0491438 -0.018006 0.998629 92.0157
0.99868 -0.00718015 0.0508648 -1.05893 0.00630636 0.99983 0.0173184 -2.51508 -0.0509804 -0.0169748 0.998555 93.1693
0.998692 -0.00933265 0.0502788 -0.946631 0.00847353 0.999814 0.0172733 -2.49561 -0.0504307 -0.0168247 0.998586 94.3356
0.998557 -0.0112925 0.0524946 -0.897833 0.0102744 0.999754 0.019624 -2.52501 -0.0527033 -0.0190563 0.998428 95.5338
0.998456 -0.0124998 0.054116 -0.829059 0.0114277 0.999733 0.020076 -2.49885 -0.0543525 -0.0194266 0.998333 96.6999
0.998422 -0.01341 0.0545362 -0.745928 0.0123875 0.999741 0.0190446 -2.52559 -0.0547775 -0.018339 0.99833 97.8372
0.998357 -0.017448 0.0545835 -0.669 0.0168895 0.9998 0.0106768 -2.44179 -0.0547588 -0.00973735 0.998452 99.0204
0.998343 -0.0143025 0.0557327 -0.602199 0.0136445 0.999832 0.0121691 -2.51258 -0.0558974 -0.0113885 0.998371 100.193
0.998372 -0.0135702 0.0554033 -0.518708 0.0127659 0.999808 0.014846 -2.5828 -0.0555941 -0.0141146 0.998353 101.381
0.998435 -0.0152479 0.0538001 -0.460323 0.0143335 0.999747 0.0173401 -2.64423 -0.0540508 -0.0165419 0.998401 102.539
0.998543 -0.0148852 0.0518634 -0.372936 0.0138125 0.999684 0.0209809 -2.68079 -0.0521594 -0.020234 0.998434 103.797
0.998675 -0.0159548 0.0489322 -0.269013 0.0148722 0.999638 0.0224109 -2.67588 -0.0492721 -0.0216535 0.99855 105.052
0.998805 -0.0142083 0.046768 -0.183468 0.0131382 0.999646 0.0231097 -2.6506 -0.0470798 -0.0224676 0.998638 106.333
0.998979 -0.0136281 0.0430802 -0.119796 0.0126067 0.999635 0.0238919 -2.6376 -0.0433901 -0.0233244 0.998786 107.547
0.999127 -0.0128958 0.0397394 -0.0767296 0.0119406 0.999636 0.0241795 -2.63525 -0.0400368 -0.0236839 0.998917 108.803
0.999285 -0.0108181 0.0362244 -0.0393603 0.00995104 0.999661 0.0240305 -2.63338 -0.0364721 -0.0236528 0.999055 110.05
0.999444 -0.00971719 0.031892 -0.00228683 0.00895466 0.999672 0.0239657 -2.59616 -0.0321144 -0.0236669 0.999204 111.293
0.999588 -0.00957023 0.0270556 0.0367257 0.00893507 0.999684 0.0235002 -2.55114 -0.027272 -0.0232488 0.999358 112.545
0.999693 -0.0104271 0.0224841 0.0340446 0.00981057 0.999577 0.0273602 -2.62674 -0.0227598 -0.0271312 0.999373 113.748
0.999793 -0.009803 0.0178235 0.0559945 0.00933447 0.999613 0.0261831 -2.56626 -0.0180732 -0.0260113 0.999498 115.005
0.999884 -0.0089352 0.012311 0.0470638 0.00862496 0.999649 0.0250274 -2.50899 -0.0125303 -0.0249184 0.999611 116.243
0.999944 -0.00878006 0.00599533 -0.0668009 0.00862801 0.999652 0.0249331 -2.48379 -0.00621215 -0.02488 0.999671 117.362
0.999957 -0.00888549 0.00270901 -0.124495 0.00881469 0.999645 0.0251154 -2.48157 -0.0029312 -0.0250905 0.999681 118.75
0.999962 -0.00872201 -0.000352815 -0.222204 0.0087281 0.99965 0.0249692 -2.49493 0.000134922 -0.0249713 0.999688 120.05
0.999971 -0.00678237 -0.00333365 -0.25492 0.006866 0.999645 0.0257512 -2.49661 0.00315783 -0.0257733 0.999663 121.305
0.99996 -0.00503843 -0.0073944 -0.236393 0.00522834 0.999651 0.0258924 -2.48458 0.00726137 -0.0259301 0.999637 122.603
0.999954 -0.00430854 -0.00851905 -0.247391 0.00452448 0.999664 0.025494 -2.46899 0.00840637 -0.0255314 0.999639 123.882
0.999949 -0.00257277 -0.00979173 -0.263932 0.00282414 0.999664 0.0257452 -2.45685 0.00972222 -0.0257716 0.99962 125.17
0.999928 -0.00180923 -0.0118166 -0.276776 0.0021376 0.99961 0.0278354 -2.47744 0.0117616 -0.0278587 0.999543 126.451
0.99992 -0.00201299 -0.0124839 -0.30794 0.00235464 0.999621 0.0274135 -2.45179 0.012424 -0.0274407 0.999546 127.749
0.999904 0.0017964 -0.0137413 -0.332758 -0.00139006 0.999563 0.0295238 -2.44426 0.0137883 -0.0295019 0.99947 129.016
0.999869 0.00160144 -0.0160916 -0.334277 -0.00107234 0.99946 0.0328359 -2.44857 0.0161355 -0.0328144 0.999331 130.233
0.999881 -1.06991e-05 -0.0154454 -0.410615 0.00047571 0.999547 0.0301035 -2.36446 0.0154381 -0.0301073 0.999427 131.593
0.999863 -0.00102873 -0.0165298 -0.440118 0.00148104 0.999624 0.0273746 -2.325 0.0164955 -0.0273954 0.999489 132.906
0.999821 -0.00485142 -0.0182826 -0.468267 0.00535066 0.999611 0.0273579 -2.29224 0.0181428 -0.0274508 0.999458 134.189
0.999751 -0.00745069 -0.0210162 -0.47505 0.00805023 0.999559 0.0285886 -2.26644 0.0207939 -0.0287507 0.99937 135.461
0.999693 -0.0108029 -0.0223079 -0.496541 0.0114951 0.999449 0.0311379 -2.26549 0.0219592 -0.0313848 0.999266 136.75
0.999654 -0.0119482 -0.0234388 -0.52827 0.0127454 0.999335 0.0341617 -2.28344 0.0230151 -0.0344486 0.999141 138.032
0.999576 -0.0160572 -0.0242732 -0.550901 0.0168683 0.999293 0.0335869 -2.28283 0.0237167 -0.0339822 0.999141 139.326
0.999485 -0.0189635 -0.025867 -0.570122 0.019794 0.999284 0.0322341 -2.25513 0.0252372 -0.0327296 0.999145 140.647
0.999429 -0.0205786 -0.0267859 -0.598829 0.021402 0.999295 0.0308263 -2.21891 0.0261327 -0.031382 0.999166 141.962
0.999437 -0.0201326 -0.0268483 -0.640366 0.0209581 0.999305 0.0308278 -2.19484 0.026209 -0.0313731 0.999164 143.239
0.999354 -0.0218574 -0.0285241 -0.665348 0.0227846 0.999209 0.0325927 -2.1757 0.0277891 -0.0332216 0.999061 144.522
0.999364 -0.0197773 -0.0296765 -0.688987 0.0207761 0.999215 0.0337372 -2.14774 0.028986 -0.0343323 0.99899 145.806
0.999391 -0.0199774 -0.0286157 -0.750876 0.0208835 0.999278 0.0317251 -2.12599 0.0279613 -0.0323034 0.999087 147.123
0.999422 -0.0193998 -0.0279002 -0.808142 0.0202291 0.999352 0.0297547 -2.1055 0.0273049 -0.0303019 0.999168 148.498
0.999406 -0.0199424 -0.0280889 -0.839854 0.0206739 0.999448 0.0259976 -2.07121 0.027555 -0.0265629 0.999267 149.823
0.999346 -0.0213015 -0.0292117 -0.854773 0.0219406 0.999523 0.0217347 -2.06604 0.0287348 -0.0223614 0.999337 151.078
0.999335 -0.0211875 -0.0296629 -0.882789 0.0216944 0.999622 0.0168738 -2.03433 0.0292942 -0.0175061 0.999417 152.428
0.999316 -0.0207668 -0.0305876 -0.918007 0.0213125 0.999617 0.0176229 -2.0621 0.03021 -0.0182627 0.999377 153.707
0.99924 -0.0216782 -0.032386 -0.941946 0.0222189 0.999618 0.016431 -2.03963 0.0320174 -0.0171381 0.99934 155.075
0.999192 -0.0214054 -0.0340039 -0.977186 0.0219751 0.999623 0.0164706 -2.03205 0.0336385 -0.0172046 0.999286 156.406
0.999162 -0.0202318 -0.0355701 -1.01734 0.0209054 0.999607 0.0186691 -2.0464 0.0351784 -0.0193971 0.999193 157.67
0.999099 -0.0201694 -0.0373477 -1.06024 0.0209261 0.999581 0.0199828 -2.05529 0.036929 -0.0207464 0.999102 158.976
0.999017 -0.0209272 -0.0390634 -1.11387 0.021743 0.999552 0.0205788 -2.09937 0.0386152 -0.0214079 0.999025 160.249
0.99885 -0.0205705 -0.0433118 -1.12063 0.0215199 0.999536 0.0215692 -2.11256 0.042848 -0.0224765 0.998829 161.466
0.998702 -0.0212712 -0.0462887 -1.1629 0.0224004 0.99946 0.0240153 -2.12912 0.0457529 -0.025021 0.998639 162.744
0.998722 -0.0196582 -0.0465565 -1.2498 0.0207807 0.999502 0.0237513 -2.1073 0.0460664 -0.0246884 0.998633 164.084
0.998532 -0.0223666 -0.0493195 -1.29276 0.0236235 0.999407 0.0250499 -2.14758 0.04873 -0.0261783 0.998469 165.34
0.99849 -0.0275018 -0.0475505 -1.39184 0.0289478 0.999131 0.0299914 -2.23794 0.0466844 -0.0313226 0.998418 166.624
0.998454 -0.0288574 -0.0474996 -1.46331 0.0295741 0.999458 0.0144564 -2.01908 0.0470567 -0.0158388 0.998767 167.887
0.998314 -0.0300758 -0.0496449 -1.51444 0.0306931 0.99946 0.0117192 -1.99781 0.0492656 -0.0132232 0.998698 169.232
0.998177 -0.0305957 -0.0520178 -1.57382 0.0311142 0.999473 0.00918581 -1.9815 0.0517094 -0.0107876 0.998604 170.561
0.998042 -0.0310314 -0.0542962 -1.63525 0.0315568 0.999463 0.00884602 -1.98455 0.0539925 -0.0105421 0.998486 171.843
0.997972 -0.0312449 -0.0554549 -1.71089 0.0318316 0.999446 0.00972808 -1.99463 0.0551203 -0.0114736 0.998414 173.116
0.997881 -0.0314272 -0.056978 -1.78445 0.0320409 0.999437 0.0098901 -2.00244 0.0566352 -0.0116948 0.998326 174.394
0.997767 -0.0319199 -0.0586712 -1.86781 0.0326141 0.999408 0.0109137 -2.02792 0.0582881 -0.0128029 0.998218 175.666
0.997706 -0.0311043 -0.0601189 -1.94238 0.0318352 0.99943 0.0112372 -2.03824 0.0597351 -0.0131253 0.998128 176.978
0.997732 -0.0301894 -0.0601612 -2.03869 0.030885 0.999466 0.0106656 -2.05281 0.0598071 -0.0124995 0.998132 178.277
0.997565 -0.0297233 -0.0630813 -2.08208 0.0303968 0.99949 0.00974334 -2.05495 0.0627595 -0.0116371 0.997961 179.576
0.997433 -0.0292759 -0.0653499 -2.15507 0.0300146 0.999496 0.0103501 -2.06447 0.0650139 -0.012285 0.997809 180.868
0.997267 -0.0294139 -0.0677719 -2.21827 0.0301399 0.999498 0.00971355 -2.08274 0.0674522 -0.0117296 0.997653 182.169
0.997137 -0.0302276 -0.0693075 -2.29684 0.0309077 0.999484 0.0087615 -2.09785 0.0690069 -0.0108786 0.997557 183.462
0.996864 -0.0337838 -0.0715565 -2.3647 0.0345003 0.999366 0.00879966 -2.11272 0.0712139 -0.0112408 0.997398 184.733
0.99678 -0.0334093 -0.0728951 -2.45032 0.0344386 0.999323 0.0129083 -2.1282 0.0724145 -0.0153771 0.997256 186.052
0.996813 -0.032949 -0.0726502 -2.54735 0.0341555 0.999297 0.015428 -2.11549 0.0720908 -0.0178603 0.997238 187.357
0.996711 -0.0325225 -0.074224 -2.63087 0.0337105 0.999322 0.0148088 -2.12467 0.073692 -0.0172622 0.997132 188.601
0.996865 -0.0298152 -0.0732792 -2.73602 0.0308121 0.999447 0.0125114 -2.12586 0.0728657 -0.0147301 0.997233 189.869
0.996802 -0.0337166 -0.0724516 -2.84612 0.0345841 0.999344 0.0107521 -2.15747 0.0720415 -0.0132234 0.997314 191.086
0.996824 -0.0342717 -0.0718765 -2.95264 0.035132 0.999325 0.0107397 -2.16921 0.0714599 -0.0132307 0.997356 192.329
0.996943 -0.0343002 -0.070191 -3.05997 0.035216 0.999309 0.011851 -2.17724 0.0697361 -0.0142866 0.997463 193.586
0.996846 -0.0384464 -0.0694171 -3.16173 0.03975 0.999056 0.0174964 -2.25345 0.0686789 -0.0202005 0.997434 194.833
0.99692 -0.0390857 -0.0679857 -3.27003 0.0404754 0.998996 0.0191845 -2.26869 0.0671676 -0.0218772 0.997502 196.111
0.996808 -0.0403764 -0.0688662 -3.3377 0.0418192 0.998932 0.0196392 -2.28977 0.0679998 -0.0224564 0.997432 197.362
0.996931 -0.0401757 -0.0671848 -3.4309 0.0414808 0.998974 0.0181431 -2.28278 0.066387 -0.0208743 0.997575 198.598
0.997096 -0.0394439 -0.0651466 -3.52063 0.0406351 0.999028 0.0170607 -2.29128 0.0644103 -0.0196584 0.99773 199.825
0.997058 -0.0398569 -0.0654708 -3.58414 0.0410288 0.999019 0.0166521 -2.29284 0.0647429 -0.0192893 0.997715 201.08
0.997025 -0.0400567 -0.0658523 -3.65018 0.0412503 0.999006 0.0168658 -2.28984 0.0651113 -0.0195321 0.997687 202.334
0.997301 -0.0400279 -0.0615428 -3.76605 0.0412799 0.998963 0.0192065 -2.29785 0.0607102 -0.0216951 0.997919 203.527
0.997327 -0.0396095 -0.061396 -3.83516 0.040898 0.998965 0.0198742 -2.29875 0.0605453 -0.0223321 0.997915 204.747
0.997393 -0.0400403 -0.0600328 -3.92525 0.0413204 0.998941 0.020236 -2.30493 0.0591589 -0.0226639 0.997991 205.927
0.997403 -0.0388353 -0.0606511 -3.9742 0.0401564 0.998978 0.0207165 -2.31263 0.0597846 -0.0230982 0.997944 207.161
0.997404 -0.0405631 -0.0594951 -4.07291 0.0418719 0.998904 0.0209184 -2.32069 0.0585814 -0.0233553 0.998009 208.353
0.997392 -0.0407502 -0.0595717 -4.13143 0.0420489 0.998901 0.0207109 -2.32079 0.0586623 -0.0231618 0.998009 209.572
0.997513 -0.0401658 -0.0579154 -4.22063 0.0414261 0.998926 0.0207263 -2.31739 0.0570208 -0.023074 0.998106 210.776
0.99739 -0.0422924 -0.0585188 -4.27787 0.0435289 0.998851 0.0200176 -2.311 0.0576051 -0.0225127 0.998085 211.986
0.997367 -0.0422118 -0.0589588 -4.33457 0.0434822 0.998845 0.0204324 -2.30638 0.0580282 -0.0229423 0.998051 213.144
0.997325 -0.0424661 -0.0594857 -4.40854 0.0438079 0.99881 0.0214365 -2.31071 0.0585046 -0.0239851 0.997999 214.287
0.997249 -0.0425832 -0.0606607 -4.4816 0.0439478 0.998806 0.0213405 -2.31399 0.0596795 -0.0239477 0.99793 215.431
0.997219 -0.0422127 -0.0614199 -4.55696 0.0435616 0.998834 0.0207903 -2.3188 0.0604707 -0.023408 0.997895 216.564
0.997103 -0.042568 -0.0630299 -4.6217 0.0438432 0.998858 0.0189868 -2.30497 0.0621497 -0.0216953 0.997831 217.714
0.997073 -0.042312 -0.0636792 -4.70222 0.0436666 0.998845 0.020032 -2.32393 0.0627581 -0.022754 0.997769 218.779
0.99692 -0.0428557 -0.0656804 -4.77172 0.0442231 0.998831 0.0195081 -2.31869 0.0647676 -0.0223526 0.99765 219.853
0.996702 -0.0436167 -0.0684186 -4.84537 0.0450613 0.998789 0.0197141 -2.31431 0.0674759 -0.0227321 0.997462 220.908
0.996374 -0.0458939 -0.071642 -4.91898 0.047568 0.998629 0.0218372 -2.35304 0.0705416 -0.0251658 0.997191 221.956
0.996241 -0.044494 -0.0743229 -4.99742 0.0463016 0.998668 0.0227755 -2.32682 0.0732105 -0.0261312 0.996974 223.058
0.995913 -0.0436298 -0.0790766 -5.03958 0.0457163 0.998647 0.024769 -2.36296 0.0778889 -0.0282828 0.996561 223.998
0.995605 -0.0439316 -0.0827024 -5.11982 0.0458243 0.998726 0.0211276 -2.30919 0.0816689 -0.0248246 0.99635 225.109
0.995273 -0.044381 -0.0863809 -5.19994 0.0466131 0.998625 0.0239954 -2.36238 0.0851972 -0.0279085 0.995973 226.091
0.995036 -0.0440941 -0.0892087 -5.29349 0.0464935 0.998605 0.0249985 -2.37823 0.087982 -0.029022 0.995699 227.033
0.99473 -0.0431186 -0.0930189 -5.37899 0.0456197 0.998647 0.0249299 -2.38099 0.0918182 -0.029042 0.995352 227.971
0.994289 -0.0448656 -0.096825 -5.46129 0.0475722 0.998534 0.0258272 -2.40573 0.0955243 -0.0302859 0.994966 228.878
0.993964 -0.0454365 -0.0998475 -5.5499 0.0481977 0.998514 0.0254164 -2.41075 0.0985444 -0.0300754 0.994678 229.752
0.993777 -0.0440543 -0.102299 -5.64729 0.0468475 0.998587 0.0250628 -2.40839 0.10105 -0.0296993 0.994438 230.642
0.993664 -0.0429896 -0.103837 -5.759 0.045595 0.998698 0.0228478 -2.39231 0.102719 -0.0274375 0.994332 231.503
0.993582 -0.0412314 -0.105325 -5.86317 0.0438668 0.998776 0.0228271 -2.39496 0.104255 -0.0273009 0.994175 232.32
0.99375 -0.0397433 -0.104309 -5.97157 0.0421593 0.998889 0.0210596 -2.36965 0.103356 -0.0253256 0.994322 233.132
0.993714 -0.0392454 -0.104838 -6.0514 0.0418058 0.998876 0.0223371 -2.37335 0.103843 -0.0265795 0.994238 233.927
0.993772 -0.0393016 -0.104269 -6.13884 0.0419419 0.998849 0.0232501 -2.37639 0.103236 -0.0274786 0.994277 234.683
0.993857 -0.0392773 -0.103458 -6.22502 0.041868 0.998858 0.0229891 -2.37852 0.102437 -0.0271794 0.994368 235.432
0.993858 -0.0408751 -0.102831 -6.31093 0.043498 0.998779 0.0233946 -2.40673 0.101749 -0.0277238 0.994423 236.168
0.993911 -0.0404263 -0.102492 -6.38387 0.0428206 0.998856 0.0212685 -2.40511 0.101515 -0.0255278 0.994506 236.898
0.99405 -0.0416387 -0.100641 -6.4745 0.0439617 0.998813 0.0209746 -2.42157 0.0996485 -0.0252742 0.994701 237.621
0.994235 -0.0415013 -0.0988571 -6.56142 0.0436775 0.998846 0.0199502 -2.41619 0.0979152 -0.024153 0.994901 238.362
0.994449 -0.0414754 -0.096697 -6.64881 0.0436137 0.998846 0.0201049 -2.41913 0.0957516 -0.0242106 0.995111 239.07
0.994575 -0.0417956 -0.0952441 -6.72855 0.0437467 0.998871 0.0184898 -2.39597 0.0943639 -0.0225561 0.995282 239.789
0.994793 -0.0416178 -0.0930237 -6.80675 0.0435132 0.998882 0.0184399 -2.39261 0.0921523 -0.0223917 0.995493 240.496
0.994646 -0.0419818 -0.0944232 -6.81759 0.0440561 0.998829 0.0199913 -2.42164 0.0934734 -0.0240442 0.995331 241.156
0.994952 -0.0412932 -0.0914599 -6.89818 0.0432978 0.998861 0.0200416 -2.41588 0.0905282 -0.0239005 0.995607 241.873
0.995219 -0.0404685 -0.0888809 -6.9546 0.0424375 0.998891 0.0203762 -2.41251 0.0879578 -0.0240506 0.995834 242.605
0.995363 -0.0415483 -0.0867429 -7.00875 0.0436613 0.99879 0.0226043 -2.4353 0.0856989 -0.0262868 0.995974 243.337
0.995582 -0.0413434 -0.0842964 -7.06415 0.0435318 0.998756 0.0242884 -2.45595 0.0831875 -0.0278507 0.996144 244.023
0.995834 -0.0419328 -0.0809655 -7.13012 0.0440313 0.998734 0.0243085 -2.45403 0.0798438 -0.0277722 0.99642 244.711
0.996131 -0.041389 -0.077515 -7.19346 0.0431703 0.998837 0.0214466 -2.42098 0.0765373 -0.0247099 0.99676 245.444
0.996287 -0.0413969 -0.0754747 -7.24105 0.0430623 0.99886 0.0205729 -2.42322 0.0745371 -0.0237467 0.996935 246.131
0.996563 -0.0417632 -0.0715281 -7.30938 0.0432225 0.998885 0.0189753 -2.40612 0.0706559 -0.0220017 0.997258 246.86
0.9966 -0.0411923 -0.071341 -7.33769 0.0426718 0.998902 0.0193384 -2.40306 0.0704661 -0.0223169 0.997264 247.559
0.996757 -0.0407196 -0.0694044 -7.38022 0.0421244 0.998933 0.0188968 -2.39024 0.068561 -0.0217591 0.997409 248.282
0.997012 -0.0394427 -0.06641 -7.43795 0.0407297 0.999005 0.0181383 -2.38603 0.0656285 -0.020789 0.997627 249
0.997115 -0.0400133 -0.0644931 -7.48268 0.0411593 0.999015 0.0165387 -2.387 0.0637678 -0.0191455 0.997781 249.714
0.997204 -0.0388792 -0.06381 -7.51992 0.0398249 0.999114 0.0136159 -2.37596 0.0632241 -0.0161191 0.997869 250.445
0.997024 -0.0441837 -0.0631572 -7.56377 0.0450981 0.998896 0.0131253 -2.39136 0.0625076 -0.0159345 0.997917 251.173
0.996825 -0.0472296 -0.064097 -7.60255 0.0482257 0.998737 0.0140823 -2.40014 0.063351 -0.0171287 0.997844 251.91
0.996155 -0.0569961 -0.0665232 -7.62701 0.0580547 0.998214 0.0140879 -2.42461 0.0656015 -0.0178958 0.997685 252.643
0.996274 -0.0544907 -0.0668317 -7.67761 0.0555886 0.998345 0.0146775 -2.43411 0.0659214 -0.0183379 0.997656 253.4
0.995409 -0.0677537 -0.0675896 -7.71669 0.0689414 0.997502 0.0153935 -2.46608 0.0663778 -0.0199826 0.997594 254.129
0.995559 -0.0667876 -0.0663355 -7.77931 0.0677513 0.997625 0.0123825 -2.44923 0.0653511 -0.0168219 0.99772 254.895
0.995466 -0.0694219 -0.0650121 -7.82974 0.0702666 0.997469 0.0107941 -2.46355 0.0640984 -0.0153133 0.997826 255.638
0.995499 -0.0701177 -0.0637525 -7.88809 0.07068 0.997477 0.00660454 -2.40582 0.0631286 -0.0110808 0.997944 256.43
0.995255 -0.0727889 -0.0645654 -7.93756 0.074599 0.996872 0.0260785 -2.59953 0.0624654 -0.0307713 0.997572 257.189
0.995666 -0.0671896 -0.0642925 -8.00022 0.0691413 0.997196 0.0286259 -2.53789 0.0621889 -0.0329471 0.99752 258.002
0.995516 -0.0688386 -0.0648642 -8.0402 0.0711981 0.996855 0.0347922 -2.56705 0.0622652 -0.0392544 0.997287 258.801
0.995505 -0.0702713 -0.0634888 -8.07834 0.072512 0.996798 0.0337016 -2.56648 0.0609173 -0.0381538 0.997413 259.57
0.995989 -0.0684523 -0.0576015 -8.1444 0.0700814 0.997182 0.0267505 -2.53698 0.0556081 -0.03068 0.997981 260.388
0.99645 -0.0653107 -0.05311 -8.20157 0.066566 0.997534 0.0222165 -2.51394 0.0515281 -0.025673 0.998341 261.218
0.996733 -0.0641738 -0.0490224 -8.25907 0.0652207 0.997669 0.0200614 -2.47786 0.0476208 -0.0231932 0.998596 262.079
0.996816 -0.0663742 -0.0441658 -8.32849 0.0674143 0.997471 0.0224885 -2.47067 0.0425615 -0.0253943 0.998771 262.914
0.996782 -0.0679074 -0.0425847 -8.34801 0.0689922 0.997315 0.0245419 -2.45458 0.0408038 -0.027401 0.998791 263.755
0.996826 -0.0696128 -0.0386189 -8.39352 0.0706122 0.997186 0.0251443 -2.43803 0.0367599 -0.0277914 0.998937 264.594
0.996957 -0.0696132 -0.035049 -8.43225 0.0705328 0.997177 0.0257194 -2.42822 0.0331597 -0.0281132 0.999054 265.448
0.997199 -0.0677016 -0.0317757 -8.4879 0.0685097 0.997335 0.0250667 -2.43918 0.029994 -0.0271735 0.99918 266.287
0.997277 -0.0676714 -0.0292749 -8.51349 0.0683569 0.997393 0.0230847 -2.43624 0.0276365 -0.025023 0.999304 267.129
0.997407 -0.0676066 -0.0246439 -8.57259 0.0682185 0.997359 0.0248915 -2.45035 0.022896 -0.0265082 0.999386 267.971
0.997536 -0.0669689 -0.0208872 -8.60793 0.0675449 0.997317 0.0282076 -2.46431 0.0189422 -0.0295489 0.999383 268.816
0.997786 -0.0643666 -0.0166863 -8.64497 0.0648635 0.997406 0.0311736 -2.47875 0.0146366 -0.032187 0.999374 269.664
0.99791 -0.0630751 -0.0139924 -8.66849 0.0634759 0.997522 0.0303295 -2.46041 0.0120447 -0.0311543 0.999442 270.474
0.998024 -0.0622396 -0.0084815 -8.70111 0.0624616 0.997624 0.0290574 -2.43872 0.00665287 -0.0295298 0.999541 271.333
0.998106 -0.0613095 -0.00488987 -8.71544 0.0614216 0.99773 0.0275755 -2.41674 0.00318817 -0.0278237 0.999607 272.208
0.997972 -0.0635742 -0.00277008 -8.7237 0.0636243 0.997648 0.0254656 -2.37671 0.00114465 -0.0255902 0.999671 273.049
0.997884 -0.0649847 -0.00180146 -8.73081 0.0650093 0.997596 0.0239585 -2.35279 0.000240231 -0.0240249 0.999711 273.914
0.997792 -0.0663836 0.00163003 -8.76844 0.0663344 0.997572 0.0211798 -2.30962 -0.00303202 -0.0210249 0.999774 274.814
0.997784 -0.0664122 0.0039361 -8.78598 0.0663398 0.997663 0.016336 -2.25153 -0.00501178 -0.0160387 0.999858 275.691
0.997785 -0.0663518 0.00464505 -8.79734 0.0662486 0.997609 0.0196686 -2.28479 -0.00593896 -0.0193173 0.999795 276.564
0.99782 -0.0654611 0.00828627 -8.84086 0.0653384 0.99776 0.0143066 -2.22955 -0.00920421 -0.013734 0.999863 277.458
0.997851 -0.0648208 0.0094355 -8.86544 0.0647532 0.997874 0.00730219 -2.18194 -0.00988874 -0.00667552 0.999928 278.35
0.997763 -0.0660469 0.0102323 -8.89062 0.0660309 0.997815 0.00189713 -2.15506 -0.0103352 -0.00121723 0.999945 279.233
0.997847 -0.0651994 0.00697049 -8.87272 0.0651968 0.997872 0.00061746 -2.15974 -0.00699588 -0.000161669 0.999975 280.09
0.997838 -0.0653579 0.00672691 -8.88598 0.065331 0.997854 0.00415424 -2.20902 -0.00698396 -0.00370578 0.999968 280.949
0.998041 -0.0620324 0.00799428 -8.93534 0.0620257 0.998073 0.00109137 -2.18548 -0.00804655 -0.000593368 0.999967 281.774
0.997995 -0.0632379 0.00236447 -8.89542 0.0632269 0.997988 0.00451522 -2.23998 -0.00264522 -0.00435666 0.999987 282.614
0.997964 -0.0637612 -0.000858091 -8.89791 0.0637621 0.997964 0.000917905 -2.18419 0.000797853 -0.000970742 0.999999 283.496
0.997842 -0.0654761 -0.00480956 -8.91665 0.0654894 0.997849 0.0026442 -2.19019 0.00462612 -0.00295346 0.999985 284.357
0.997549 -0.0691366 -0.0107265 -8.91773 0.0691911 0.997591 0.00479549 -2.21938 0.0103692 -0.00552591 0.999931 285.158
0.997446 -0.0697257 -0.0154219 -8.9407 0.0698134 0.997546 0.00521658 -2.22841 0.0150204 -0.00627991 0.999867 285.985
0.997466 -0.0681491 -0.0203848 -8.95512 0.0682603 0.997656 0.00480683 -2.23324 0.0200095 -0.00618612 0.99978 286.839
0.997226 -0.070079 -0.0250619 -8.98229 0.0702258 0.997518 0.00502492 -2.25489 0.0246476 -0.00677097 0.999673 287.671
0.997031 -0.0717447 -0.027941 -9.03526 0.0719159 0.997397 0.00516735 -2.26941 0.0274976 -0.0071614 0.999596 288.417
0.996932 -0.0719696 -0.0307544 -9.07879 0.072133 0.997386 0.00423322 -2.28276 0.0303694 -0.00643863 0.999518 289.21
0.9969 -0.0708838 -0.0341406 -9.12168 0.0710207 0.99747 0.00280807 -2.27796 0.0338553 -0.00522405 0.999413 289.973
0.996813 -0.0708098 -0.0367352 -9.17633 0.0709266 0.997479 0.00188161 -2.27364 0.0365094 -0.00448111 0.999323 290.7
0.996568 -0.0721893 -0.0404822 -9.20937 0.0723654 0.997374 0.00289726 -2.30994 0.0401668 -0.00581682 0.999176 291.424
0.996314 -0.0736196 -0.0440144 -9.25722 0.0737928 0.99727 0.00231989 -2.33982 0.0437236 -0.00555929 0.999028 292.145
0.996288 -0.0709796 -0.0486976 -9.28821 0.0710148 0.997474 -0.001011 -2.32128 0.0486465 -0.002451 0.998813 292.836
0.99624 -0.0679003 -0.0537906 -9.34606 0.0677839 0.997692 -0.00398949 -2.32591 0.0539374 0.000328367 0.998544 293.518
0.995798 -0.067703 -0.0616513 -9.40844 0.0674977 0.997704 -0.00541012 -2.36054 0.0618761 0.00122607 0.998083 294.145
0.995037 -0.0671377 -0.0734387 -9.42233 0.066647 0.997734 -0.00911614 -2.32997 0.0738844 0.00417644 0.997258 294.829
0.994039 -0.0668964 -0.0860862 -9.49764 0.0661174 0.997741 -0.0118725 -2.31216 0.086686 0.0061099 0.996217 295.443
0.992704 -0.0645498 -0.101838 -9.59025 0.0634396 0.997885 -0.0141072 -2.29987 0.102534 0.00754374 0.994701 296.033
0.990687 -0.0627224 -0.120848 -9.71485 0.0612518 0.997996 -0.01585 -2.29485 0.1216 0.00830027 0.992544 296.653
0.98839 -0.0620026 -0.138704 -9.96713 0.0600935 0.998031 -0.0179144 -2.32152 0.139542 0.0093712 0.990171 297.278
0.98515 -0.0616594 -0.16024 -10.1882 0.0592472 0.998047 -0.0197932 -2.33748 0.161147 0.0100055 0.986879 297.803
0.980976 -0.0611795 -0.184236 -10.422 0.058214 0.998073 -0.0214678 -2.35804 0.185195 0.0103343 0.982647 298.347
0.974903 -0.0596079 -0.2145 -10.5655 0.0559927 0.998168 -0.0228967 -2.36852 0.215472 0.0103117 0.976455 298.893
0.967032 -0.0598575 -0.247518 -10.7292 0.0557193 0.998165 -0.0236969 -2.38372 0.248482 0.00912411 0.968593 299.366
0.956946 -0.0593327 -0.284135 -10.8744 0.0547002 0.998209 -0.0242184 -2.40726 0.285063 0.00763352 0.958478 299.853
0.945107 -0.0577025 -0.321622 -11.0436 0.0526212 0.998314 -0.0244777 -2.42518 0.322493 0.00620987 0.946551 300.312
0.930873 -0.057152 -0.360844 -11.2553 0.0517251 0.998356 -0.0246882 -2.4488 0.361662 0.00431686 0.932299 300.838
0.914781 -0.0560987 -0.400035 -11.4762 0.0500876 0.998419 -0.025475 -2.46492 0.400832 0.0032673 0.916145 301.283
0.894925 -0.0563916 -0.442638 -11.6544 0.0497052 0.998406 -0.0267021 -2.47844 0.443438 0.00189501 0.896302 301.763
0.873212 -0.0568407 -0.484012 -11.8945 0.0493185 0.998382 -0.0282707 -2.49828 0.484837 0.000815565 0.874604 302.182
0.849524 -0.0582528 -0.524322 -12.4301 0.0497189 0.998301 -0.0303563 -2.53575 0.5252 -0.000280293 0.850978 302.666
0.823699 -0.0582935 -0.564022 -12.9533 0.0491349 0.998297 -0.0314207 -2.57473 0.564893 -0.00183189 0.825161 303.104
0.794932 -0.05882 -0.603839 -13.3289 0.048491 0.998264 -0.0334045 -2.57198 0.604756 -0.00272643 0.796405 303.405
0.76325 -0.0587703 -0.643424 -13.7648 0.0459235 0.99827 -0.0367061 -2.57837 0.644469 -0.00153242 0.764628 303.736
0.727643 -0.0586659 -0.683442 -14.1197 0.0446529 0.998273 -0.0381501 -2.62078 0.6845 -0.00275797 0.729007 304.017
0.688419 -0.0586849 -0.722934 -14.507 0.0453764 0.998253 -0.0378244 -2.6626 0.723892 -0.00676508 0.68988 304.276
0.646688 -0.0603777 -0.76036 -15.0115 0.0478474 0.99811 -0.0385625 -2.66114 0.761251 -0.0114433 0.648355 304.491
0.599173 -0.0600401 -0.798364 -15.3937 0.0480527 0.998083 -0.0389963 -2.66677 0.799176 -0.014998 0.600909 304.671
0.5496 -0.0575091 -0.833445 -15.7943 0.04388 0.998237 -0.0399443 -2.67459 0.834274 -0.0146182 0.551155 304.797
0.499954 -0.0518075 -0.8645 -16.2933 0.0356707 0.998593 -0.0392145 -2.68825 0.865316 -0.0112319 0.501099 304.882
0.448962 -0.0489072 -0.89221 -16.7362 0.028878 0.998773 -0.0402171 -2.69666 0.893083 -0.00770924 0.449824 304.904
0.396948 -0.0467664 -0.916648 -17.1829 0.0240212 0.998888 -0.04056 -2.70688 0.917526 -0.00591872 0.39763 304.9
0.343831 -0.0454545 -0.93793 -17.6107 0.0221202 0.998942 -0.0403024 -2.71808 0.93877 -0.00689003 0.344473 304.868
0.290959 -0.0432994 -0.955754 -18.037 0.0197517 0.999034 -0.0392472 -2.72947 0.956531 -0.00745844 0.291533 304.813
0.234762 -0.0396658 -0.971242 -18.501 0.0177363 0.999175 -0.0365195 -2.7499 0.97189 -0.00865284 0.235272 304.795
0.175608 -0.0372482 -0.983755 -18.9213 0.0148746 0.99927 -0.0351805 -2.7666 0.984347 -0.00845502 0.176034 304.755
0.113912 -0.0335982 -0.992922 -19.42 0.00983697 0.999417 -0.0326895 -2.78484 0.993441 -0.0060436 0.114176 304.692
0.0475526 -0.027494 -0.998489 -19.8651 0.00773647 0.999601 -0.0271562 -2.80686 0.998838 -0.00643343 0.0477464 304.69
-0.0159415 -0.0210649 -0.99965 -20.2945 0.00468265 0.999765 -0.021142 -2.81673 0.999861 -0.00501803 -0.0158391 304.559
-0.082989 -0.0149824 -0.996437 -20.7678 0.00179014 0.999883 -0.0151834 -2.81795 0.996548 -0.0030438 -0.0829524 304.472
-0.148811 -0.00949715 -0.988819 -21.1967 -0.00192012 0.999954 -0.0093152 -2.82266 0.988863 0.000512473 -0.148822 304.333
-0.212846 -0.00326347 -0.97708 -21.6601 -0.00216013 0.999993 -0.00286951 -2.83919 0.977083 0.00149987 -0.212851 304.145
-0.277617 -0.00105755 -0.96069 -22.0903 -0.00394243 0.999992 3.83888e-05 -2.82428 0.960683 0.00379813 -0.277619 303.979
-0.340048 0.00149483 -0.940406 -22.5515 -0.00533946 0.999979 0.00352018 -2.83518 0.940392 0.00621831 -0.340033 303.758
-0.398607 0.0021084 -0.917119 -23.0106 -0.0061654 0.999968 0.00497846 -2.84136 0.9171 0.00763887 -0.398581 303.491
-0.454255 0.0012101 -0.89087 -23.4783 -0.00877221 0.999944 0.00583114 -2.83057 0.890828 0.0104637 -0.454219 303.199
-0.505261 0.00107875 -0.862965 -23.9294 -0.00998765 0.999924 0.0070976 -2.81956 0.862908 0.0122052 -0.505212 302.868
-0.553026 0.000212756 -0.833163 -24.4051 -0.0117316 0.999898 0.00804232 -2.80004 0.833081 0.014222 -0.552968 302.532
-0.594748 0.000792977 -0.803911 -24.8908 -0.0131402 0.999856 0.0107075 -2.78994 0.803804 0.0169319 -0.594652 302.151
-0.632147 0.00571744 -0.774826 -25.3249 -0.0104587 0.999818 0.0159104 -2.79955 0.774777 0.0181614 -0.631973 301.743
-0.670237 0.0137623 -0.742018 -25.7508 -0.00347034 0.999759 0.0216772 -2.79914 0.742138 0.017104 -0.670028 301.343
-0.708349 0.0175861 -0.705642 -26.2392 -0.000179806 0.999685 0.0250946 -2.76936 0.705861 0.0179026 -0.708123 300.899
-0.743381 0.0187492 -0.668604 -26.7219 0.000194273 0.999613 0.0278154 -2.75791 0.668867 0.0205476 -0.743098 300.393
-0.775285 0.0161114 -0.631404 -27.1757 -0.00143552 0.999627 0.0272698 -2.75005 0.631609 0.0220483 -0.774973 299.833
-0.80305 0.0156835 -0.595703 -27.5771 0.000508546 0.999671 0.0256333 -2.75548 0.59591 0.0202819 -0.802795 299.233
-0.820246 0.0102685 -0.571918 -27.7834 -0.00304713 0.999746 0.02232 -2.72648 0.572002 0.0200506 -0.820006 298.439
-0.842493 0.00737536 -0.538656 -28.1863 -0.00321658 0.999819 0.0187205 -2.68959 0.538697 0.0175046 -0.842317 297.72
-0.862665 0.00681365 -0.505728 -28.516 -0.00331416 0.999811 0.0191235 -2.66406 0.505763 0.0181733 -0.86248 297.016
-0.88252 0.00415952 -0.470256 -28.8975 -0.00629613 0.999766 0.0206589 -2.6634 0.470232 0.0211927 -0.882288 296.22
-0.899935 0.00560762 -0.435986 -29.1881 -0.0041512 0.999761 0.0214273 -2.64188 0.436003 0.0210931 -0.899697 295.426
-0.915452 0.00879996 -0.402329 -29.4839 -0.00102239 0.999706 0.0241923 -2.63723 0.402425 0.0225582 -0.915175 294.559
-0.92996 0.0136695 -0.367405 -29.7194 0.00421504 0.999639 0.026523 -2.62786 0.367635 0.0231167 -0.929682 293.719
-0.942929 0.0155579 -0.332628 -29.9975 0.00557271 0.999505 0.0309518 -2.61578 0.332945 0.0273317 -0.942549 292.76
-0.954572 0.0194137 -0.297345 -30.2552 0.00980868 0.999381 0.0337605 -2.59797 0.297817 0.0293103 -0.954172 291.824
-0.964691 0.0197442 -0.262641 -30.4179 0.0108577 0.999319 0.0352436 -2.5848 0.263159 0.0311475 -0.964249 290.958
-0.973535 0.0172582 -0.227883 -30.7039 0.00976267 0.999375 0.0339784 -2.58557 0.228327 0.0308544 -0.973095 289.906
-0.980557 0.0160919 -0.195572 -30.8889 0.00996528 0.999429 0.0322702 -2.55776 0.19598 0.0296939 -0.980158 288.879
-0.986091 0.0159844 -0.165433 -31.0331 0.0106669 0.999399 0.0329814 -2.53144 0.165861 0.030758 -0.985669 287.838
-0.989572 0.0189758 -0.142782 -30.9465 0.0143868 0.999348 0.0331038 -2.49134 0.143318 0.0307044 -0.9892 286.788
-0.992908 0.0177328 -0.117546 -31.0262 0.0142503 0.999436 0.0304006 -2.42516 0.118019 0.0285099 -0.992601 285.624
-0.995773 0.0169356 -0.0902646 -31.1441 0.0142541 0.99944 0.0302684 -2.39064 0.090727 0.0288538 -0.995457 284.467
-0.997668 0.0134447 -0.0669005 -31.1747 0.0114003 0.999459 0.0308455 -2.3455 0.0672794 0.0300109 -0.997282 283.338
-0.998956 0.0125741 -0.0439013 -31.2101 0.0112062 0.999448 0.031266 -2.29551 0.0442706 0.0307414 -0.998546 282.157
-0.999695 0.0103233 -0.0224184 -31.2618 0.00963556 0.999486 0.0305711 -2.26689 0.0227228 0.0303457 -0.999281 280.911
-0.999964 0.00527211 -0.00656603 -31.237 0.00508226 0.999578 0.0285948 -2.23415 0.00671434 0.0285604 -0.999569 279.698
-0.999985 0.000454924 0.00532208 -31.2175 0.00060271 0.999613 0.0278103 -2.20642 -0.00530704 0.0278131 -0.999599 278.456
-0.999881 -0.00374613 0.0149126 -31.2108 -0.00330214 0.999553 0.0296904 -2.17888 -0.0150169 0.0296376 -0.999447 277.24
-0.999766 -0.00815151 0.0200227 -31.1916 -0.00753852 0.999506 0.0305045 -2.13938 -0.0202612 0.0303465 -0.999334 275.962
