1 0 0 0 0 1 0 0 0 0 1 0
0.999907 -0.00481562 0.0127972 -0.0481212 0.00486403 0.999981 -0.00375481 0.0711272 -0.0127789 0.00381671 0.999911 0.368505
0.999794 -0.00760502 0.0187964 -0.0204025 0.00769207 0.99996 -0.00456308 0.0779548 -0.0187609 0.00470673 0.999813 0.667956
0.999782 -0.0112865 0.0175918 0.040373 0.011406 0.999912 -0.00670654 0.0813173 -0.0175146 0.00690573 0.999823 0.95024
0.999805 -0.0131989 0.0147002 0.0620728 0.0133315 0.999871 -0.00896078 0.0844264 -0.01458 0.009155 0.999852 1.29102
0.999857 -0.015276 0.00726706 0.0802771 0.01535 0.99983 -0.0102453 0.0800218 -0.00710932 0.0103554 0.999921 1.58541
0.999842 -0.0174337 -0.0036074 0.0331565 0.0173783 0.999738 -0.0148706 0.112916 0.0038657 0.0148055 0.999883 1.94617
0.999646 -0.0161527 -0.0211568 0.0487625 0.0158789 0.999789 -0.013047 0.065255 0.0213631 0.0127065 0.999691 2.21942
0.999061 -0.0119013 -0.0416676 0.0307041 0.0113356 0.999841 -0.0137855 0.0688204 0.0418251 0.0133002 0.999036 2.58575
0.998166 -0.00810959 -0.0599941 -0.0517006 0.00713246 0.999839 -0.0164833 0.0800289 0.0601181 0.0160252 0.998063 2.95973
0.996833 -0.00784959 -0.079135 -0.1151 0.00644773 0.999818 -0.0179547 0.0852902 0.0792616 0.0173876 0.996702 3.33236
0.995142 -0.0088796 -0.0980485 -0.20096 0.00709007 0.999802 -0.0185848 0.0913292 0.0981941 0.0177994 0.995008 3.72102
0.992898 -0.0107691 -0.118484 -0.229961 0.00861345 0.999788 -0.0186906 0.0949631 0.118661 0.0175373 0.99278 4.08771
0.990932 -0.0093268 -0.134043 -0.322924 0.00712282 0.999831 -0.0169124 0.0690556 0.134179 0.0158043 0.990831 4.43532
0.988354 -0.00864429 -0.151927 -0.367225 0.00630939 0.999854 -0.015844 0.0573102 0.152041 0.0147009 0.988265 4.86822
0.985938 -0.00718266 -0.166957 -0.425517 0.00442966 0.999848 -0.0168558 0.0511494 0.167052 0.0158792 0.98582 5.27177
0.983474 -0.00932047 -0.180811 -0.490826 0.00613359 0.999816 -0.0181766 0.0423157 0.180947 0.0167672 0.98335 5.73075
0.982318 -0.0121413 -0.186829 -0.638594 0.00854593 0.999762 -0.0200376 0.0230456 0.187028 0.0180866 0.982188 6.16527
0.980965 -0.0100622 -0.193926 -0.728698 0.00620818 0.999771 -0.020471 -0.00673437 0.194088 0.0188774 0.980803 6.58005
0.979426 -0.0109449 -0.201507 -0.824037 0.00667694 0.999739 -0.0218477 -0.0144115 0.201693 0.0200527 0.979244 7.03728
0.97805 -0.0102341 -0.208118 -0.948529 0.00507154 0.999666 -0.0253245 -0.0314111 0.208308 0.0237132 0.977776 7.54248
0.976631 -0.0159479 -0.214331 -1.05617 0.0103144 0.999572 -0.0273769 -0.0209923 0.214676 0.0245264 0.976378 7.93183
0.974792 -0.0210616 -0.222122 -1.16377 0.0147532 0.99944 -0.0300221 -0.0353146 0.22263 0.0259883 0.974557 8.43382
0.972446 -0.0218957 -0.2321 -1.28719 0.0151054 0.999405 -0.030993 -0.0730509 0.23264 0.026633 0.972198 8.99598
0.970081 -0.0179402 -0.242117 -1.41704 0.0100161 0.999374 -0.0339199 -0.102667 0.242574 0.0304799 0.969654 9.54025
0.967449 -0.0174021 -0.252467 -1.5535 0.00877919 0.99934 -0.035241 -0.131192 0.252914 0.0318774 0.966964 10.0892
0.965609 -0.0232937 -0.258953 -1.74699 0.013268 0.999095 -0.0403971 -0.104654 0.25966 0.0355721 0.965045 10.6115
0.963976 -0.0275135 -0.264564 -1.93824 0.0164167 0.998894 -0.0440642 -0.103166 0.265483 0.0381335 0.963361 11.138
0.960171 -0.028539 -0.27795 -2.07078 0.0164098 0.998813 -0.0458675 -0.143371 0.278929 0.0394795 0.9595 11.7874
0.958704 -0.0247654 -0.283325 -2.27217 0.0106095 0.998622 -0.0513895 -0.163418 0.284208 0.0462614 0.957646 12.3207
0.956441 -0.00490757 -0.291884 -2.44862 -0.0128544 0.998181 -0.058904 -0.344258 0.291642 0.0600902 0.954638 12.9832
0.954267 -0.00639288 -0.298888 -2.62687 -0.0139928 0.99772 -0.0660153 -0.38974 0.298629 0.0671785 0.952002 13.5806
0.953315 -0.00643753 -0.30191 -2.85666 -0.0169868 0.997046 -0.0748974 -0.426923 0.3015 0.0765293 0.95039 14.2043
0.95116 -0.0060706 -0.308639 -3.04189 -0.0204171 0.99638 -0.0825188 -0.500461 0.308023 0.0847901 0.947593 14.8542
0.949225 -0.00758271 -0.314506 -3.24127 -0.0226606 0.995465 -0.0923934 -0.52962 0.31378 0.0948291 0.944748 15.4862
0.94785 -0.00633108 -0.318653 -3.47251 -0.0262505 0.994855 -0.0978497 -0.626129 0.317633 0.101112 0.942807 16.1415
0.945549 -0.00391406 -0.325456 -3.69764 -0.0314898 0.994137 -0.103443 -0.70946 0.323953 0.108059 0.939882 16.8132
0.943802 -0.00252935 -0.330501 -3.94139 -0.0353504 0.993462 -0.108552 -0.795384 0.328615 0.114135 0.937542 17.4734
0.941905 -0.00486227 -0.335844 -4.19418 -0.0372341 0.992221 -0.118791 -0.799982 0.333809 0.124395 0.934397 18.1626
0.940627 -0.00328682 -0.339427 -4.48136 -0.0414562 0.991355 -0.124484 -0.846625 0.336902 0.131164 0.932359 18.8562
0.937965 -3.8688e-05 -0.346731 -4.70497 -0.0454953 0.99134 -0.123183 -0.982492 0.343733 0.131316 0.929841 19.5573
0.936764 0.000670098 -0.349961 -5.03737 -0.0462963 0.991446 -0.122026 -1.08408 0.346886 0.130511 0.928782 20.2633
0.935023 0.000651296 -0.354587 -5.3763 -0.0467454 0.991497 -0.121443 -1.16807 0.351493 0.130128 0.927103 21.0287
0.93237 0.00033945 -0.361506 -5.6614 -0.0467893 0.991701 -0.119744 -1.26542 0.358465 0.128561 0.924648 21.7484
0.929703 0.0017023 -0.368305 -5.99689 -0.0480803 0.991993 -0.116783 -1.35926 0.365157 0.126282 0.922341 22.4946
0.92682 0.00328151 -0.375493 -6.34005 -0.0485479 0.992616 -0.111155 -1.45426 0.372356 0.12125 0.920136 23.2404
0.923992 0.00735666 -0.38234 -6.68109 -0.0517085 0.993036 -0.105856 -1.55162 0.378899 0.11758 0.917938 23.9701
0.920831 0.0123738 -0.389767 -7.01821 -0.0560242 0.993325 -0.100823 -1.65759 0.385918 0.114677 0.915378 24.7033
0.917711 0.0139981 -0.397003 -7.39164 -0.058318 0.993298 -0.0997846 -1.73607 0.392946 0.114726 0.912377 25.4923
0.913842 0.0140791 -0.405826 -7.78832 -0.0601017 0.993081 -0.100885 -1.80538 0.401598 0.116584 0.908365 26.2985
0.910231 0.014416 -0.413851 -8.1364 -0.060568 0.993281 -0.0986145 -1.90346 0.409648 0.114828 0.904988 27.0363
0.905769 0.0162857 -0.423458 -8.5065 -0.0624923 0.993469 -0.0954624 -2.01812 0.419138 0.11293 0.900872 27.8451
0.901416 0.0144918 -0.432712 -8.89211 -0.0610709 0.993703 -0.0939417 -2.09129 0.428626 0.111107 0.896624 28.7015
0.896776 0.015005 -0.44223 -9.26773 -0.0616313 0.993918 -0.0912551 -2.15923 0.438171 0.109091 0.892247 29.5094
0.894094 0.015534 -0.447611 -9.72665 -0.0612119 0.994259 -0.0877644 -2.21108 0.443678 0.105869 0.889911 30.3183
0.890272 0.015401 -0.455169 -10.1805 -0.0602648 0.994623 -0.084219 -2.29026 0.451424 0.102408 0.886413 31.1632
0.88521 0.0156733 -0.464929 -10.5562 -0.0608317 0.99475 -0.0822875 -2.37933 0.461198 0.101124 0.881516 31.9728
0.881799 0.0131857 -0.471441 -10.9818 -0.0576444 0.995127 -0.0799875 -2.45804 0.468089 0.0977088 0.878263 32.7824
0.874006 0.0164217 -0.485637 -11.404 -0.0607259 0.995285 -0.0756338 -2.58113 0.482105 0.0955951 0.870882 33.7571
0.867854 0.0164084 -0.496549 -11.8331 -0.0596111 0.995673 -0.0712845 -2.69757 0.493231 0.0914643 0.865076 34.6789
0.863582 0.0123608 -0.504056 -12.3049 -0.0573697 0.995616 -0.0738743 -2.73578 0.500933 0.0927141 0.860505 35.5607
0.858557 0.00763829 -0.512661 -12.8235 -0.0533425 0.995793 -0.0744964 -2.79872 0.509935 0.0913061 0.855353 36.5265
0.856488 0.00306043 -0.516158 -13.3619 -0.0493571 0.995885 -0.075996 -2.84012 0.513802 0.0905657 0.853115 37.4323
0.85475 0.00325355 -0.51903 -13.8759 -0.0503036 0.995792 -0.0765989 -2.9145 0.516597 0.0915819 0.851317 38.3091
0.853937 0.00281647 -0.520369 -14.4054 -0.0498754 0.995824 -0.0764568 -2.97801 0.517981 0.0912428 0.850512 39.1991
0.85341 0.00635299 -0.521202 -14.9482 -0.0522051 0.995939 -0.0733404 -3.12047 0.51862 0.0897989 0.850276 40.0807
0.852385 0.00847583 -0.522846 -15.4955 -0.0537256 0.995997 -0.0714416 -3.25073 0.520148 0.0889859 0.849428 40.9818
0.8521 0.00657196 -0.523338 -16.0652 -0.0514911 0.996123 -0.0713289 -3.33197 0.52084 0.0877266 0.849135 41.8746
0.851828 0.00872008 -0.52375 -16.6625 -0.0524156 0.996262 -0.0686618 -3.4347 0.521193 0.0859407 0.8491 42.7636
0.849644 0.00917413 -0.527277 -17.2512 -0.0506231 0.99665 -0.0642322 -3.52824 0.524922 0.0812669 0.847262 43.6937
0.847858 0.00816405 -0.530161 -17.894 -0.0469996 0.997102 -0.0598094 -3.61437 0.528136 0.0756272 0.845785 44.6366
0.843226 0.00770958 -0.537505 -18.4594 -0.0456204 0.997316 -0.0572634 -3.69713 0.535621 0.0728071 0.841314 45.5403
0.836997 0.00435935 -0.547191 -19.0357 -0.0436733 0.99731 -0.0588584 -3.77848 0.545462 0.0731619 0.834936 46.4375
0.830773 0.00100338 -0.556612 -19.654 -0.042418 0.997204 -0.0615135 -3.85941 0.554994 0.074714 0.828492 47.3444
0.824339 0.00175913 -0.566094 -20.2425 -0.0428154 0.997324 -0.0592482 -3.95604 0.564474 0.0730781 0.822209 48.1674
0.817271 0.00395991 -0.57624 -20.8599 -0.0434565 0.997552 -0.0547785 -4.01616 0.574612 0.0698103 0.815443 49.1176
0.811485 0.00744378 -0.584327 -21.5428 -0.0460346 0.997625 -0.0512218 -4.07535 0.582558 0.0684649 0.8099 50.0637
0.807634 0.00804681 -0.58963 -22.1594 -0.0486305 0.997409 -0.0529989 -4.14347 0.587676 0.0714777 0.805933 50.8626
0.803442 0.00602492 -0.595352 -22.7653 -0.0490448 0.99722 -0.0560953 -4.22917 0.593359 0.0742682 0.801504 51.6934
0.798536 0.00462654 -0.60193 -23.4221 -0.0523765 0.996712 -0.0618231 -4.31433 0.599664 0.0808949 0.796152 52.6205
0.795573 0.00329914 -0.605849 -24.0445 -0.0525621 0.99659 -0.0635953 -4.39001 0.603573 0.0824394 0.793034 53.4176
0.791752 0.00467123 -0.610826 -24.698 -0.0520237 0.996853 -0.0598097 -4.464 0.608624 0.0791318 0.789503 54.2589
0.789738 0.00704658 -0.613404 -25.3985 -0.0514184 0.997175 -0.0547444 -4.5364 0.611285 0.074774 0.78787 55.094
0.789565 0.00994572 -0.613586 -26.1754 -0.0527952 0.997262 -0.0517723 -4.60882 0.611391 0.073272 0.787929 55.9825
0.784665 0.0101607 -0.619837 -26.821 -0.0547072 0.997099 -0.0529101 -4.66752 0.617501 0.0754262 0.782945 56.829
0.78041 0.00935439 -0.625198 -27.4761 -0.0553289 0.996998 -0.0541475 -4.74498 0.622815 0.0768487 0.778586 57.6658
0.775573 0.00657308 -0.631224 -28.13 -0.0537357 0.997003 -0.055642 -4.81729 0.628967 0.0770736 0.773602 58.4876
0.771464 0.00702627 -0.636234 -28.8341 -0.0546092 0.99698 -0.0552061 -4.90297 0.633925 0.0773337 0.769518 59.3141
0.76524 0.00724097 -0.643704 -29.528 -0.054526 0.997072 -0.053605 -4.98399 0.641431 0.0761193 0.763395 60.1721
0.758837 0.00813037 -0.65123 -30.2276 -0.055648 0.997074 -0.052395 -5.06314 0.648898 0.0759989 0.75707 61.0195
0.756139 0.00724633 -0.654371 -31.0014 -0.0564131 0.996938 -0.0541466 -5.12473 0.651975 0.0778574 0.754233 61.8231
0.750205 0.00459276 -0.66119 -31.734 -0.0561408 0.996807 -0.0567749 -5.17063 0.658817 0.0797125 0.748068 62.6602
0.744574 0.00372745 -0.66753 -32.4775 -0.0558554 0.996825 -0.0567358 -5.25218 0.665199 0.0795292 0.742418 63.4718
0.737359 0.0144576 -0.675346 -33.2141 -0.0681751 0.996259 -0.0531076 -5.40494 0.672052 0.0852011 0.735586 64.251
0.730671 0.0131626 -0.682604 -33.9829 -0.0675496 0.996302 -0.0530947 -5.48415 0.67938 0.0849043 0.728858 65.0845
0.724422 0.0117145 -0.689257 -34.7987 -0.0669481 0.996324 -0.0534304 -5.54725 0.686098 0.0848506 0.722544 65.9201
0.717905 0.0119686 -0.696038 -35.5984 -0.0668262 0.996419 -0.0517919 -5.61083 0.692926 0.0836952 0.716135 66.7379
0.710783 0.0107676 -0.703329 -36.3996 -0.0654525 0.996557 -0.0508894 -5.67892 0.70036 0.082206 0.70904 67.547
0.704847 0.00899221 -0.709302 -37.2477 -0.0643878 0.996603 -0.0513489 -5.74711 0.706431 0.0818635 0.703032 68.3467
0.69728 0.00706909 -0.716764 -38.0198 -0.0644582 0.996518 -0.0528778 -5.81479 0.713894 0.0830719 0.695308 69.1377
0.690934 0.00614688 -0.722892 -38.8692 -0.0639779 0.99656 -0.0526756 -5.86494 0.720081 0.0826444 0.688951 69.9233
0.683585 0.0058727 -0.729848 -39.5734 -0.0638117 0.996619 -0.0517476 -5.91318 0.727076 0.0819466 0.681649 70.7083
0.678277 0.00527872 -0.734787 -40.4145 -0.0642577 0.996569 -0.0521564 -5.97088 0.731991 0.0825922 0.676289 71.4786
0.673296 0.00323859 -0.739366 -41.2913 -0.0638328 0.996511 -0.0537637 -6.03209 0.736612 0.0833946 0.671154 72.2567
0.670124 0.00361898 -0.742241 -42.2047 -0.0674036 0.996153 -0.0559976 -6.12439 0.739182 0.0875551 0.66779 72.99
0.665467 0.00157667 -0.746426 -43.0816 -0.0667692 0.996114 -0.0574232 -6.21284 0.743435 0.0880515 0.662986 73.7444
0.661659 0.000912801 -0.749805 -43.9336 -0.067653 0.995993 -0.0584872 -6.28075 0.746747 0.0894251 0.659069 74.4522
0.657047 0.00132414 -0.753849 -44.8423 -0.0660537 0.996253 -0.0558218 -6.36674 0.75095 0.0864721 0.654673 75.2263
0.650691 -0.000755183 -0.759342 -45.7622 -0.0639341 0.996394 -0.0557769 -6.42687 0.756646 0.0848414 0.648297 76.035
0.644513 -0.000674305 -0.764593 -46.6026 -0.0643781 0.9964 -0.0551462 -6.52289 0.761878 0.0847655 0.64215 76.7713
0.639375 -0.00103203 -0.768894 -47.4998 -0.0642618 0.996428 -0.0547744 -6.60606 0.766204 0.0844319 0.637025 77.5144
0.634473 -0.0033107 -0.772938 -48.4341 -0.0613249 0.996622 -0.0546079 -6.67128 0.770508 0.0820476 0.632127 78.2817
0.627601 -0.00167795 -0.778533 -49.3645 -0.0623566 0.996676 -0.0524158 -6.78347 0.776033 0.0814429 0.625411 79.0903
0.622468 -0.00608312 -0.782622 -50.3216 -0.0577872 0.996883 -0.0537102 -6.84824 0.780509 0.0786584 0.620176 79.8783
0.61946 -0.0125581 -0.784928 -51.2705 -0.0528425 0.996937 -0.057653 -6.90451 0.783248 0.0771913 0.616899 80.5896
0.613564 -0.0145207 -0.789512 -52.2224 -0.051109 0.997004 -0.0580558 -7.00562 0.787989 0.0759721 0.610983 81.3467
0.607052 -0.0173797 -0.794472 -53.1657 -0.0461352 0.997303 -0.0570684 -7.09751 0.793321 0.0712966 0.604613 82.0496
0.598069 -0.0240084 -0.801085 -54.1518 -0.0392893 0.997471 -0.0592264 -7.12841 0.80048 0.0668955 0.595613 82.8049
0.59019 -0.0237865 -0.806914 -55.1492 -0.0375842 0.997672 -0.0568994 -7.22306 0.806389 0.0639087 0.587922 83.4854
0.581027 -0.022593 -0.813571 -56.2249 -0.0373328 0.997822 -0.0543716 -7.29401 0.813027 0.0619642 0.578919 84.2313
0.571192 -0.0227324 -0.820502 -57.2268 -0.0378351 0.997824 -0.0539841 -7.36919 0.819944 0.061879 0.569089 84.9388
0.561103 -0.0241515 -0.827394 -58.2734 -0.0382589 0.997749 -0.0550696 -7.44675 0.826861 0.0625549 0.558916 85.6429
0.550532 -0.0264299 -0.834396 -59.3052 -0.0375568 0.997702 -0.0563825 -7.52785 0.833968 0.0623776 0.548275 86.3237
0.539848 -0.0278776 -0.841301 -60.3642 -0.0371926 0.997685 -0.0569254 -7.61271 0.84094 0.0620212 0.537561 87.0029
0.530091 -0.0289078 -0.847448 -61.4438 -0.034522 0.997854 -0.0556323 -7.68864 0.847237 0.0587458 0.527955 87.6587
0.520036 -0.029527 -0.853634 -62.5069 -0.0331809 0.997949 -0.0547327 -7.7532 0.853499 0.0567873 0.51799 88.2997
0.512808 -0.0304905 -0.857962 -63.5993 -0.0325904 0.997957 -0.054945 -7.82578 0.857884 0.0561375 0.510767 88.852
0.504202 -0.0325792 -0.862971 -64.7113 -0.0350366 0.997693 -0.0581359 -7.87665 0.862874 0.0595477 0.501898 89.4515
0.495296 -0.0350418 -0.868018 -65.8228 -0.0347647 0.997586 -0.0601093 -7.93071 0.868028 0.0599482 0.492882 90.0403
0.486739 -0.0370012 -0.872764 -66.914 -0.0350122 0.997473 -0.0618146 -8.00561 0.872845 0.060645 0.484214 90.6064
0.476162 -0.0375097 -0.878558 -68.0194 -0.0361229 0.997412 -0.062162 -8.08276 0.878615 0.0613352 0.473574 91.217
0.466531 -0.0365284 -0.88375 -69.208 -0.0362592 0.997517 -0.0603719 -8.16125 0.883761 0.0602094 0.464048 91.8389
0.459051 -0.0352731 -0.88771 -70.3499 -0.0362462 0.997636 -0.0583845 -8.23927 0.88767 0.0589775 0.456687 92.4037
0.451631 -0.0367961 -0.891446 -71.5594 -0.0358874 0.997591 -0.0593589 -8.31143 0.891482 0.0587999 0.449223 92.9976
0.442972 -0.0402178 -0.895633 -72.69 -0.0328189 0.997596 -0.0610283 -8.40205 0.895934 0.0564275 0.440587 93.5689
0.433864 -0.0432628 -0.899939 -73.8214 -0.0294028 0.997634 -0.0621345 -8.51257 0.900498 0.0534187 0.431566 94.1438
0.426937 -0.0456838 -0.903127 -74.9803 -0.028189 0.997565 -0.0637867 -8.61513 0.903842 0.0526911 0.42461 94.6986
0.421347 -0.0488999 -0.905581 -76.1416 -0.0260507 0.99748 -0.0659831 -8.72256 0.906525 0.0513927 0.419012 95.2232
0.418376 -0.0507837 -0.906853 -77.3261 -0.0239959 0.997469 -0.0669286 -8.79586 0.907956 0.0497621 0.416099 95.7287
0.415726 -0.0503309 -0.908096 -78.5448 -0.0227696 0.997578 -0.0657143 -8.85997 0.909204 0.0479962 0.413574 96.2467
0.412713 -0.0490284 -0.909541 -79.6901 -0.0199267 0.997825 -0.0628292 -8.94654 0.910643 0.0440546 0.410838 96.7475
0.41174 -0.0502758 -0.909914 -80.8754 -0.0180059 0.997833 -0.0632813 -9.01528 0.911123 0.0424393 0.409943 97.229
0.411009 -0.049312 -0.910297 -81.9628 -0.01874 0.997867 -0.0625171 -9.12139 0.911438 0.0427541 0.409208 97.7079
0.411824 -0.0476967 -0.910014 -83.0827 -0.0185881 0.997981 -0.0607193 -9.22553 0.911073 0.0419211 0.410106 98.1652
0.406109 -0.048659 -0.912529 -84.2595 -0.0150822 0.998088 -0.0599333 -9.30039 0.9137 0.0381024 0.404598 98.7166
0.404323 -0.048807 -0.913313 -85.3389 -0.0131859 0.99816 -0.0591785 -9.40508 0.914521 0.03597 0.402935 99.1984
0.402364 -0.0486248 -0.914188 -86.4951 -0.01183 0.998228 -0.0583016 -9.50164 0.915403 0.0342733 0.401076 99.6911
0.398869 -0.0458006 -0.915863 -87.5309 -0.00991767 0.998478 -0.0542512 -9.61772 0.916954 0.0307223 0.397808 100.189
0.397125 -0.0456993 -0.916626 -88.734 -0.00799907 0.998549 -0.0532491 -9.68997 0.917729 0.0284787 0.396183 100.67
0.397055 -0.0473314 -0.916574 -89.7896 -0.00600869 0.998513 -0.0541656 -9.77257 0.917775 0.0270141 0.39618 101.094
0.396611 -0.0470545 -0.91678 -90.8726 -0.0076426 0.998481 -0.0545541 -9.86584 0.917955 0.0286433 0.395649 101.555
0.396078 -0.0481014 -0.916957 -91.9514 -0.00810634 0.998404 -0.0558754 -9.96088 0.918181 0.0295642 0.395056 102.014
0.395 -0.0490998 -0.917368 -93.0437 -0.00801607 0.998348 -0.0568856 -10.0444 0.918646 0.0298235 0.393954 102.496
0.394818 -0.0498077 -0.917409 -94.1278 -0.0068139 0.998343 -0.0571342 -10.1289 0.918734 0.0288087 0.393825 102.979
0.396812 -0.0507587 -0.916496 -95.175 -0.00695238 0.998275 -0.058298 -10.2119 0.917873 0.0295051 0.395774 103.464
0.399711 -0.0523039 -0.915148 -96.2263 -0.0076559 0.998145 -0.0603913 -10.2831 0.916609 0.0311453 0.398569 103.948
0.403421 -0.0538735 -0.913427 -97.256 -0.00623223 0.99808 -0.0616188 -10.3586 0.914993 0.030551 0.402311 104.434
0.410436 -0.0523476 -0.910386 -98.3093 -0.00755258 0.998121 -0.0607974 -10.4484 0.911858 0.0318292 0.40927 104.888
0.415861 -0.0495687 -0.908076 -99.3231 -0.0104791 0.998186 -0.0592864 -10.5554 0.909367 0.0341707 0.414587 105.386
0.417829 -0.0508242 -0.907103 -100.305 -0.00899358 0.998153 -0.0600683 -10.6209 0.908481 0.0332564 0.4166 105.931
0.425755 -0.0505856 -0.903423 -101.274 -0.00923707 0.998141 -0.0602422 -10.7077 0.904791 0.0339934 0.424497 106.42
0.435292 -0.0543968 -0.898645 -102.264 -0.00783509 0.997906 -0.0642004 -10.7416 0.900255 0.0349869 0.433955 106.887
0.445565 -0.0572167 -0.893419 -103.239 -0.00798185 0.997662 -0.0678733 -10.8075 0.895213 0.0373731 0.444067 107.345
0.458291 -0.0586962 -0.886862 -104.197 -0.0101561 0.997406 -0.0712606 -10.8765 0.888744 0.0416651 0.456506 107.802
0.47144 -0.0570018 -0.880054 -105.126 -0.0119404 0.997405 -0.0709991 -10.9665 0.881817 0.0439801 0.469536 108.27
0.486013 -0.0547187 -0.872237 -106.055 -0.0134396 0.997452 -0.0700623 -11.0437 0.873848 0.0457737 0.484039 108.737
0.499297 -0.0534575 -0.86478 -107.089 -0.0144942 0.997439 -0.0700265 -11.1207 0.866309 0.0474983 0.497244 109.303
0.511896 -0.0542093 -0.857336 -108.001 -0.0130003 0.997403 -0.0708279 -11.1975 0.858949 0.0474021 0.509862 109.84
0.522626 -0.0533935 -0.850889 -108.968 -0.0150675 0.997302 -0.0718356 -11.301 0.852429 0.0503639 0.520412 110.424
0.533819 -0.056368 -0.843718 -109.867 -0.0134921 0.997081 -0.0751504 -11.3677 0.845491 0.0515002 0.5315 110.978
0.54505 -0.0565866 -0.836492 -110.697 -0.0113833 0.997128 -0.0748705 -11.478 0.838326 0.0503302 0.54284 111.512
0.556089 -0.0561351 -0.829225 -111.589 -0.0115329 0.997099 -0.0752335 -11.5745 0.831042 0.0513999 0.553829 112.084
0.566581 -0.0541869 -0.822223 -112.435 -0.0115802 0.997213 -0.0736989 -11.6646 0.823924 0.0512779 0.564375 112.67
0.579826 -0.0516945 -0.813099 -113.275 -0.0134935 0.997239 -0.0730238 -11.7226 0.814628 0.0533127 0.577527 113.178
0.590372 -0.0514273 -0.805492 -114.175 -0.00897218 0.997488 -0.0702614 -11.8163 0.807081 0.0487073 0.588427 113.79
0.602753 -0.0533942 -0.79614 -115.004 -0.00897006 0.997242 -0.0736725 -11.8843 0.797877 0.0515477 0.600611 114.349
0.608248 -0.0541632 -0.791898 -115.799 -0.00888302 0.997142 -0.0750241 -11.9741 0.793697 0.0526677 0.606028 115.016
0.622274 -0.0531269 -0.780995 -116.618 -0.00991679 0.997079 -0.0757274 -12.0593 0.782737 0.0548681 0.619929 115.561
0.632187 -0.0501263 -0.773193 -117.36 -0.0119834 0.997153 -0.0744435 -12.1605 0.774723 0.0563277 0.629786 116.169
0.631522 -0.051647 -0.773636 -118.108 -0.00969242 0.997175 -0.0744821 -12.2236 0.775297 0.0545355 0.629238 116.954
0.641516 -0.0499755 -0.765481 -118.821 -0.00830773 0.997364 -0.0720767 -12.3331 0.767065 0.0525977 0.63941 117.521
0.650557 -0.0490204 -0.757875 -119.583 -0.00922378 0.997331 -0.0724264 -12.4206 0.759402 0.0541079 0.648368 118.133
0.65772 -0.0478635 -0.75174 -120.306 -0.009376 0.997381 -0.0717069 -12.5139 0.753204 0.0542114 0.655549 118.776
0.664943 -0.0460847 -0.745471 -121.009 -0.00731314 0.997645 -0.0681971 -12.6028 0.746858 0.0507989 0.66304 119.399
0.673337 -0.0427714 -0.738098 -121.705 -0.00838198 0.997819 -0.0654682 -12.6823 0.739288 0.0502688 0.67151 120.006
0.678969 -0.0418071 -0.732976 -122.343 -0.0073717 0.997938 -0.0637484 -12.7662 0.73413 0.0486865 0.677261 120.65
0.686718 -0.0410483 -0.725765 -123.012 -0.00641633 0.998023 -0.062518 -12.8504 0.726896 0.0475889 0.685097 121.273
0.69552 -0.038265 -0.717488 -123.678 -0.00927775 0.998019 -0.0622198 -12.9164 0.718447 0.0499318 0.693787 121.887
0.705694 -0.0347561 -0.707665 -124.336 -0.0118507 0.998077 -0.060837 -12.9793 0.708418 0.0513185 0.703925 122.523
0.716704 -0.0309626 -0.69669 -124.96 -0.0132413 0.998229 -0.0579854 -13.0432 0.697252 0.0507834 0.715025 123.113
0.72789 -0.0288073 -0.685089 -125.556 -0.0153119 0.998185 -0.0582411 -13.103 0.685523 0.0528831 0.726127 123.734
0.738923 -0.027724 -0.67322 -126.127 -0.0167018 0.998092 -0.0594343 -13.1738 0.673583 0.0551613 0.73705 124.342
0.749569 -0.0291512 -0.661284 -126.712 -0.0159386 0.997945 -0.0620585 -13.2294 0.661734 0.0570571 0.747564 124.982
0.761433 -0.0279309 -0.647643 -127.282 -0.0166759 0.997896 -0.062642 -13.2821 0.64803 0.0584977 0.759365 125.605
0.771858 -0.0260234 -0.635262 -127.783 -0.0169814 0.997961 -0.0615141 -13.3351 0.635568 0.0582678 0.769843 126.256
0.782104 -0.0236382 -0.6227 -128.288 -0.0176044 0.998043 -0.0599973 -13.3798 0.622899 0.0578864 0.780157 126.931
0.791965 -0.0233692 -0.610119 -128.901 -0.015699 0.998157 -0.0586101 -13.4392 0.610364 0.0559954 0.790139 127.698
0.800462 -0.0224868 -0.598963 -129.375 -0.0147014 0.998258 -0.0571246 -13.482 0.599204 0.0545316 0.798737 128.448
0.807466 -0.0215124 -0.589522 -129.863 -0.0143287 0.998324 -0.0560561 -13.5251 0.58974 0.0537105 0.805805 129.22
0.813677 -0.0224741 -0.580883 -130.3 -0.0113732 0.998445 -0.0545604 -13.5931 0.581206 0.051001 0.812157 129.924
0.819752 -0.0209843 -0.572334 -130.782 -0.0123377 0.998449 -0.0542789 -13.6561 0.572585 0.0515565 0.818222 130.695
0.825699 -0.0204668 -0.563741 -131.221 -0.0125544 0.998427 -0.0546364 -13.7037 0.563972 0.0521906 0.824143 131.424
0.833234 -0.0206701 -0.552534 -131.677 -0.0100853 0.998566 -0.0525649 -13.7624 0.552828 0.0493713 0.831831 132.08
0.836217 -0.0218876 -0.547962 -132.073 -0.0094062 0.998483 -0.0542373 -13.7815 0.548318 0.0505083 0.834743 132.889
0.842918 -0.0252464 -0.53745 -132.549 -0.00446782 0.998535 -0.0539128 -13.8316 0.538024 0.0478452 0.84157 133.608
0.847361 -0.0271474 -0.530323 -132.978 -0.00396026 0.998341 -0.0574331 -13.8437 0.531002 0.0507668 0.845848 134.374
0.851955 -0.0256675 -0.522986 -133.437 -0.00645472 0.998207 -0.0595056 -13.8952 0.523575 0.0540718 0.850262 135.152
0.855905 -0.0274899 -0.516403 -133.893 -0.00473441 0.998127 -0.0609808 -13.8931 0.517112 0.0546386 0.854172 135.901
0.859442 -0.0259364 -0.510576 -134.337 -0.00459042 0.99828 -0.0584379 -13.94 0.511213 0.0525677 0.857845 136.658
0.863242 -0.0224941 -0.50429 -134.806 -0.00435816 0.998637 -0.052005 -14.0385 0.504772 0.0470906 0.861967 137.424
0.867258 -0.0184977 -0.497516 -135.24 -0.00842439 0.998621 -0.0518141 -14.0663 0.497788 0.0491274 0.865906 138.199
0.871083 -0.0161861 -0.49087 -135.71 -0.00960824 0.998704 -0.049982 -14.119 0.491042 0.0482548 0.869798 139
0.875329 -0.0138643 -0.48333 -136.191 -0.0101593 0.998841 -0.0470505 -14.1899 0.483422 0.046095 0.874173 139.81
0.879457 -0.0124105 -0.475817 -136.693 -0.00972012 0.998983 -0.0440218 -14.2491 0.475879 0.0433403 0.878442 140.661
0.883661 -0.0131704 -0.467942 -137.14 -0.00713372 0.999109 -0.0415916 -14.3018 0.468073 0.0400911 0.88278 141.472
0.88806 -0.013076 -0.459542 -137.621 -0.00625444 0.999159 -0.040517 -14.3588 0.459685 0.0388557 0.887231 142.345
0.892764 -0.0134315 -0.450326 -138.093 -0.00540712 0.999164 -0.0405208 -14.416 0.450493 0.0386105 0.891945 143.222
0.897501 -0.0150716 -0.440756 -138.511 -0.00364898 0.999127 -0.0415954 -14.467 0.440998 0.0389401 0.896663 144.086
0.905716 -0.0266091 -0.423049 -139.135 0.00704611 0.998834 -0.0477399 -14.4032 0.423826 0.0402579 0.904848 144.937
0.911667 -0.0292703 -0.409888 -139.635 0.00923482 0.998667 -0.0507754 -14.4474 0.410827 0.0425049 0.910722 145.88
0.918143 -0.0256205 -0.395421 -140.044 0.00548665 0.998633 -0.0519649 -14.5129 0.396212 0.0455416 0.917029 146.805
0.924835 -0.0229077 -0.379679 -140.447 0.00369964 0.998679 -0.051243 -14.5621 0.380351 0.0459866 0.923698 147.771
0.932103 -0.0220058 -0.361525 -140.824 0.00501432 0.998841 -0.0478705 -14.6069 0.362159 0.0428074 0.931133 148.738
0.938875 -0.0153686 -0.343915 -141.161 -0.000220974 0.998976 -0.0452447 -14.6946 0.344258 0.0425551 0.93791 149.747
0.945505 -0.00880952 -0.32549 -141.447 -0.00543962 0.999067 -0.0428415 -14.7875 0.325563 0.0422774 0.944575 150.748
0.952331 -0.00388443 -0.305042 -141.737 -0.00904452 0.999119 -0.0409594 -14.8635 0.304933 0.0417659 0.951458 151.747
0.958202 -0.00372024 -0.286068 -142.003 -0.00780858 0.999202 -0.0391496 -14.9047 0.285986 0.039747 0.957409 152.8
0.964709 -6.27414e-05 -0.263318 -142.355 -0.00981378 0.999296 -0.0361925 -14.95 0.263135 0.0374993 0.96403 153.906
0.971078 0.00409421 -0.238729 -142.698 -0.0121588 0.999403 -0.0323187 -14.9908 0.238454 0.0342866 0.970548 154.997
0.977321 0.00605541 -0.211679 -143.048 -0.012805 0.999451 -0.0305296 -15.0161 0.211378 0.0325477 0.976862 156.141
0.980563 0.00796712 -0.196047 -143.182 -0.0142293 0.999431 -0.0305543 -15.0662 0.195691 0.03275 0.980118 157.271
0.984351 0.00805811 -0.176036 -143.343 -0.0142244 0.999327 -0.0337947 -15.1137 0.175645 0.0357698 0.983803 158.409
0.987726 0.00850065 -0.155968 -143.565 -0.0140246 0.999311 -0.0343513 -15.1519 0.155568 0.036117 0.987165 159.585
0.990377 0.00744285 -0.1382 -143.722 -0.0120395 0.9994 -0.0324549 -15.1992 0.137875 0.0338064 0.989872 160.748
0.993108 -0.000235765 -0.117207 -143.849 -0.00291812 0.999638 -0.0267361 -15.3004 0.117171 0.0268938 0.992747 161.905
0.994884 0.00567434 -0.100866 -143.897 -0.00802368 0.999705 -0.0229012 -15.4014 0.100706 0.0235933 0.994636 163.066
0.99682 0.00753454 -0.0793339 -143.994 -0.00928809 0.99972 -0.0217574 -15.4528 0.0791475 0.022425 0.996611 164.258
0.998305 0.00969247 -0.0573821 -144.123 -0.0109007 0.999724 -0.0207805 -15.494 0.0571646 0.0213707 0.998136 165.541
0.999167 0.0115219 -0.0391628 -144.177 -0.012342 0.999708 -0.0207631 -15.5334 0.0389118 0.0212291 0.999017 166.84
0.999721 0.0119784 -0.0203554 -144.191 -0.012421 0.999686 -0.0217548 -15.5759 0.0200881 0.0220016 0.999556 168.084
0.999942 0.0107584 0.00121397 -144.24 -0.0107243 0.999623 -0.0252589 -15.596 -0.00148556 0.0252443 0.99968 169.44
0.999622 0.0135788 0.0239204 -144.281 -0.0129138 0.999531 -0.0277395 -15.6386 -0.0242862 0.02742 0.999329 170.729
0.998897 0.0130718 0.0451084 -144.266 -0.0117226 0.999479 -0.0300465 -15.6758 -0.045478 0.0294845 0.99853 172.022
0.997895 0.0124701 0.0636404 -144.209 -0.0103619 0.999389 -0.0333499 -15.7155 -0.0640178 0.0326202 0.997415 173.393
0.99641 0.0129622 0.0836617 -144.132 -0.0097848 0.999219 -0.0382783 -15.7754 -0.0840928 0.0373222 0.995759 174.677
0.994074 0.0144477 0.107746 -144.052 -0.00954992 0.998903 -0.0458351 -15.8387 -0.10829 0.0445344 0.993121 175.985
0.992549 0.00352341 0.121796 -144.083 0.00308406 0.998534 -0.0540195 -15.7542 -0.121808 0.0539926 0.991084 177.237
0.996539 -0.00898274 0.0826442 -143.848 0.0123945 0.999087 -0.0408626 -15.7881 -0.0822021 0.0417454 0.995741 177.958
0.998846 -0.0209945 0.0432036 -143.642 0.0222196 0.999358 -0.0280763 -15.8109 -0.0425867 0.0290038 0.998672 178.689
0.997754 -0.0311878 0.0592938 -143.55 0.0328198 0.999103 -0.0267532 -15.8691 -0.0584065 0.028639 0.997882 179.774
0.996296 -0.0344615 0.0787828 -143.502 0.0366917 0.99896 -0.0270386 -15.9157 -0.0777694 0.0298291 0.996525 181.313
0.994825 -0.0405683 0.0931607 -143.339 0.0438506 0.998477 -0.0334602 -15.9372 -0.0916617 0.0373721 0.995089 182.69
0.993305 -0.0408239 0.10807 -143.153 0.0449239 0.998349 -0.0357797 -16.0156 -0.106431 0.040395 0.993499 184.079
0.992007 -0.041306 0.119229 -142.912 0.0461384 0.998209 -0.0380582 -16.0329 -0.117444 0.043255 0.992137 185.436
0.990933 -0.0406048 0.128077 -142.656 0.0457957 0.998233 -0.0378477 -16.0862 -0.126314 0.0433699 0.991042 186.889
0.988131 -0.0368885 0.149124 -142.454 0.0432744 0.998269 -0.0398072 -16.1618 -0.147398 0.0457879 0.988017 188.439
0.985564 -0.0403303 0.16443 -142.181 0.0478851 0.997959 -0.0422422 -16.2507 -0.162391 0.0495062 0.985484 189.645
0.982004 -0.0384636 0.184906 -142.096 0.0473709 0.997907 -0.043997 -16.2956 -0.182827 0.0519643 0.981771 190.888
0.97802 -0.0391156 0.20481 -141.857 0.0499115 0.997608 -0.0478125 -16.3816 -0.202451 0.0569839 0.977633 192.17
0.973393 -0.039528 0.225707 -141.594 0.0525887 0.997253 -0.0521477 -16.472 -0.223026 0.0626299 0.972798 193.385
0.969777 -0.0342244 0.241581 -141.285 0.0484044 0.99742 -0.0530069 -16.555 -0.239144 0.0630984 0.968932 194.67
0.963967 -0.0348179 0.263735 -140.86 0.0505103 0.997318 -0.0529539 -16.6415 -0.261184 0.0643671 0.96314 196.081
0.951047 -0.0361363 0.306929 -140.518 0.0555546 0.996952 -0.0547646 -16.745 -0.304015 0.0691349 0.950155 197.634
0.944407 -0.0300795 0.327401 -140.031 0.0507604 0.997205 -0.0548045 -16.8532 -0.324838 0.0683767 0.943294 199.002
0.9351 -0.0264768 0.353393 -139.534 0.0492216 0.997243 -0.0555284 -16.9524 -0.350949 0.0693192 0.933825 200.415
0.925673 -0.0253596 0.377474 -138.934 0.0498527 0.997226 -0.0552571 -17.0554 -0.375026 0.0699681 0.92437 201.949
0.9124 -0.0232231 0.408641 -138.451 0.0515704 0.996955 -0.0584876 -17.1095 -0.406039 0.0744378 0.910819 203.376
0.899726 -0.023454 0.435824 -137.823 0.055765 0.996548 -0.0614931 -17.2082 -0.432878 0.0796307 0.897928 204.774
0.886505 -0.0209184 0.462247 -137.15 0.0576658 0.996184 -0.0655112 -17.3057 -0.459113 0.0847318 0.884328 206.269
0.873331 -0.0172334 0.486822 -136.464 0.0570993 0.996106 -0.0671711 -17.4132 -0.483769 0.0864598 0.870914 207.676
0.86268 -0.0159874 0.505497 -135.715 0.0581393 0.996008 -0.0677197 -17.5286 -0.502397 0.0878097 0.860166 209.012
0.852548 -0.0313911 0.521705 -134.918 0.080132 0.994243 -0.0711247 -17.5216 -0.516469 0.102443 0.850156 210.308
0.841217 -0.0308066 0.539819 -134.137 0.0820538 0.994085 -0.0711362 -17.6325 -0.534435 0.104135 0.83877 211.57
0.828292 -0.0308473 0.559448 -133.287 0.0858976 0.99367 -0.072386 -17.7429 -0.553674 0.108012 0.825699 212.954
0.817033 -0.0302922 0.575795 -132.415 0.0889185 0.993292 -0.0739161 -17.8607 -0.569693 0.111591 0.814246 214.241
0.804197 -0.0279651 0.593704 -131.518 0.0910417 0.9929 -0.0765515 -17.9819 -0.587349 0.115614 0.801033 215.596
0.792199 -0.0264352 0.60969 -130.588 0.0934734 0.992528 -0.0784201 -18.0969 -0.603062 0.119114 0.788751 216.815
0.784966 -0.0244126 0.619058 -129.648 0.0919574 0.992746 -0.0774531 -18.2229 -0.612677 0.117725 0.781516 217.997
0.771744 -0.0228682 0.635522 -128.79 0.0917686 0.992898 -0.075711 -18.3408 -0.629277 0.11675 0.768361 219.138
0.761668 -0.0221824 0.647588 -128.013 0.090665 0.99323 -0.0726146 -18.4378 -0.641594 0.114022 0.758522 220.117
0.745969 -0.0201591 0.665676 -127.074 0.0882384 0.993721 -0.0687883 -18.5646 -0.66011 0.110052 0.743064 221.284
0.729882 -0.0162568 0.68338 -126.105 0.0845134 0.994193 -0.0666137 -18.6854 -0.678328 0.106375 0.727018 222.432
0.715488 -0.01308 0.698503 -125.068 0.084708 0.994072 -0.0681531 -18.791 -0.693471 0.107932 0.712354 223.558
0.702413 -0.00931332 0.711709 -124.034 0.0833067 0.994117 -0.0692097 -18.9007 -0.706878 0.107904 0.699056 224.583
0.687553 -0.00815772 0.726089 -122.975 0.0846272 0.994023 -0.0689678 -18.9901 -0.721186 0.108866 0.684133 225.594
0.674776 -0.00897442 0.737968 -121.831 0.0838015 0.99439 -0.0645328 -19.1083 -0.73325 0.105388 0.671742 226.549
0.659516 -0.00984803 0.751626 -120.718 0.084064 0.994608 -0.0607306 -19.2118 -0.746975 0.103238 0.656788 227.493
0.643839 -0.0105922 0.765088 -119.601 0.0830469 0.994964 -0.0561111 -19.3208 -0.760642 0.0996647 0.641476 228.406
0.628888 -0.0111291 0.777417 -118.466 0.084385 0.994967 -0.0540195 -19.4072 -0.772903 0.0995745 0.626662 229.29
0.61152 -0.0107315 0.791157 -117.355 0.0843635 0.995092 -0.0517106 -19.5057 -0.786719 0.0983668 0.609424 230.164
0.598009 -0.012463 0.801393 -116.229 0.0865927 0.995031 -0.0491421 -19.5988 -0.796798 0.0987822 0.596116 230.934
0.582447 -0.012852 0.812767 -115.078 0.086563 0.99517 -0.0462968 -19.7142 -0.808246 0.097321 0.580746 231.724
0.568042 -0.0142186 0.822877 -113.915 0.0898706 0.994943 -0.0448471 -19.7963 -0.818078 0.0994274 0.566447 232.48
0.550735 -0.0153867 0.834539 -112.76 0.0912758 0.994944 -0.0418913 -19.8616 -0.829675 0.0992442 0.549354 233.224
0.535786 -0.015592 0.84421 -111.602 0.0924931 0.994896 -0.0403266 -19.9273 -0.839273 0.09969 0.534493 233.93
0.515453 -0.00989593 0.856861 -110.521 0.0903469 0.994987 -0.0428579 -20.0075 -0.852142 0.099506 0.513762 234.661
0.496042 -0.00132898 0.868298 -109.362 0.0859491 0.995162 -0.0475779 -20.1234 -0.864034 0.09823 0.493756 235.436
0.475316 0.00703642 0.879787 -108.305 0.0809731 0.995374 -0.0517076 -20.2254 -0.876081 0.0958165 0.472547 236.093
0.454925 0.0142688 0.890416 -107.43 0.0800556 0.995168 -0.0568489 -20.2537 -0.886924 0.0971448 0.451584 236.612
0.434949 0.0161485 0.90031 -106.362 0.0781712 0.995387 -0.0556192 -20.3383 -0.897056 0.0945698 0.43168 237.204
0.415243 0.0194885 0.909502 -105.208 0.073305 0.995802 -0.0548059 -20.4084 -0.906752 0.0894288 0.412071 237.796
0.395854 0.0211656 0.918069 -104.073 0.0706048 0.996073 -0.0534075 -20.4933 -0.915595 0.0859617 0.392805 238.358
0.377972 0.0209151 0.925581 -102.874 0.0703102 0.996209 -0.0512231 -20.5662 -0.923144 0.0844387 0.375068 238.882
0.361141 0.0216458 0.93226 -101.703 0.0704096 0.996243 -0.0504068 -20.6427 -0.92985 0.083844 0.35826 239.338
0.345364 0.0224019 0.938201 -100.468 0.0712394 0.996204 -0.0500111 -20.7159 -0.935761 0.0841089 0.342457 239.789
0.327098 0.0271686 0.9446 -99.2269 0.0666838 0.996431 -0.0517508 -20.7939 -0.942635 0.0799171 0.324118 240.241
0.306967 0.0302614 0.951239 -98.126 0.0651983 0.996477 -0.0527402 -20.8673 -0.949485 0.0782086 0.303912 240.65
0.289516 0.0296515 0.956714 -96.9955 0.06412 0.996674 -0.0502936 -20.928 -0.955023 0.0759053 0.286651 241.039
0.277569 0.0237283 0.960413 -95.9154 0.0679881 0.996703 -0.0442742 -21.0131 -0.958297 0.0775858 0.27504 241.31
0.264966 0.0201557 0.964047 -94.7988 0.0686282 0.996852 -0.0397039 -21.076 -0.961813 0.076681 0.262748 241.621
0.251698 0.0172171 0.967653 -93.6714 0.0696394 0.996927 -0.035852 -21.1406 -0.965297 0.0764106 0.249725 241.936
0.239989 0.0190016 0.97059 -92.5222 0.0689245 0.996951 -0.0365601 -21.1982 -0.968326 0.0756714 0.237947 242.229
0.22966 0.0213192 0.973037 -91.5631 0.0676985 0.996988 -0.0378225 -21.2504 -0.970914 0.0745595 0.227525 242.568
0.222753 0.0235316 0.974591 -90.4401 0.0650287 0.997123 -0.0389386 -21.3125 -0.972704 0.0720501 0.220581 242.832
0.216165 0.0286029 0.975938 -89.3157 0.0635911 0.997036 -0.0433064 -21.38 -0.974284 0.0714223 0.213705 243.087
0.210484 0.0368221 0.976904 -88.2065 0.0640799 0.996621 -0.051372 -21.4539 -0.975495 0.0734129 0.207413 243.344
0.205836 0.0389021 0.977813 -87.0971 0.0618915 0.996691 -0.0526818 -21.5406 -0.976628 0.0713621 0.202747 243.57
0.201581 0.0298777 0.979016 -86.0552 0.063191 0.997055 -0.0434394 -21.6157 -0.977432 0.0706215 0.199098 243.819
0.196748 0.0197731 0.980255 -85.0267 0.0646672 0.997357 -0.0330976 -21.6875 -0.978319 0.0699022 0.194948 244.082
0.193646 0.0157231 0.980946 -84.0068 0.0647838 0.997484 -0.0287771 -21.7532 -0.97893 0.069122 0.19214 244.342
0.191361 0.018698 0.981342 -83.0172 0.0628943 0.99753 -0.0312708 -21.7995 -0.979503 0.0677047 0.189712 244.602
0.189424 0.0220823 0.981647 -82.0324 0.0625729 0.997443 -0.034512 -21.851 -0.9799 0.0679619 0.187557 244.859
0.190798 0.0240712 0.981334 -81.0051 0.0601751 0.997532 -0.0361682 -21.922 -0.979783 0.0659527 0.188878 245.075
0.191901 0.0260374 0.981069 -80.0285 0.0567962 0.997678 -0.0375878 -21.9651 -0.97977 0.0629341 0.189976 245.311
0.193135 0.0280177 0.980772 -79.0328 0.0564086 0.997621 -0.0396071 -22.0169 -0.97955 0.0629735 0.191095 245.565
0.195763 0.0303037 0.980183 -78.031 0.0544863 0.997642 -0.0417255 -22.0638 -0.979137 0.0615747 0.193649 245.795
0.200003 0.0323532 0.979261 -77.0749 0.0535508 0.997599 -0.0438963 -22.1096 -0.978331 0.0612195 0.19779 246.028
0.205241 0.0328785 0.978159 -76.0335 0.0538592 0.997541 -0.044831 -22.1637 -0.977229 0.061884 0.202965 246.241
0.211398 0.031499 0.976893 -75.0995 0.0540807 0.997572 -0.0438688 -22.2117 -0.975903 0.0621048 0.20918 246.478
0.217543 0.0285102 0.975635 -74.1585 0.0559715 0.997564 -0.0416313 -22.2984 -0.974445 0.0636643 0.215416 246.72
0.224875 0.0284575 0.973972 -73.1833 0.0586277 0.997367 -0.0426773 -22.3678 -0.972623 0.0666988 0.222614 246.943
0.230335 0.0261074 0.972761 -72.2059 0.0600769 0.997351 -0.0409927 -22.4585 -0.971255 0.0678825 0.228156 247.204
0.238563 0.0239935 0.970831 -71.245 0.060443 0.997389 -0.0395026 -22.5233 -0.969245 0.0681038 0.236489 247.424
0.244622 0.0224069 0.96936 -70.258 0.0598732 0.997476 -0.0381661 -22.5728 -0.967768 0.0673749 0.242662 247.687
0.251456 0.0206427 0.967649 -69.2962 0.0618827 0.997384 -0.0373581 -22.6261 -0.965889 0.0692746 0.24952 247.927
0.258099 0.0211417 0.965887 -68.3431 0.0619931 0.997338 -0.0383956 -22.6773 -0.964128 0.0697882 0.256101 248.179
0.263893 0.0228588 0.964281 -67.4048 0.0628637 0.997186 -0.0408427 -22.7378 -0.962502 0.0713964 0.261713 248.463
0.269825 0.0239973 0.962611 -66.462 0.0645998 0.996986 -0.042962 -22.7857 -0.96074 0.0737766 0.267461 248.733
0.278069 0.0258567 0.960213 -65.4838 0.0630746 0.996988 -0.0451128 -22.8394 -0.958488 0.0731095 0.2756 248.983
0.283033 0.026013 0.958758 -64.5627 0.0614674 0.997085 -0.0451986 -22.9089 -0.957139 0.071725 0.280609 249.289
0.290349 0.0259705 0.956569 -63.6386 0.0619144 0.997027 -0.045862 -22.9596 -0.954916 0.0725413 0.287877 249.563
0.297305 0.0242667 0.954474 -62.6859 0.0614931 0.997115 -0.0445051 -23.0067 -0.952801 0.0719251 0.294955 249.84
0.304017 0.0224654 0.952402 -61.7507 0.0614734 0.997176 -0.0431446 -23.0706 -0.950682 0.071664 0.301777 250.135
0.310194 0.022428 0.950409 -60.8611 0.0621126 0.997107 -0.0438023 -23.1157 -0.948642 0.0726196 0.307903 250.439
0.317582 0.0234255 0.947942 -59.9562 0.062659 0.996991 -0.0456299 -23.1731 -0.946159 0.0738883 0.315158 250.737
0.325258 0.0222402 0.945364 -59.0525 0.0653241 0.996806 -0.0459257 -23.2416 -0.943367 0.0766927 0.322766 251.04
0.331817 0.0246126 0.943023 -58.1743 0.0669433 0.996525 -0.049564 -23.2814 -0.940966 0.0795752 0.329015 251.374
0.338432 0.0276586 0.940585 -57.3025 0.0669606 0.996326 -0.0533909 -23.3345 -0.938606 0.0810513 0.335336 251.73
0.345296 0.0284042 0.938064 -56.4192 0.067538 0.996198 -0.0550249 -23.3963 -0.936061 0.0823548 0.342064 252.11
0.353408 0.0272776 0.935072 -55.5264 0.0664931 0.996314 -0.0541951 -23.4615 -0.933104 0.0813288 0.350291 252.435
0.357347 0.0261787 0.933605 -54.644 0.0651051 0.996477 -0.0528613 -23.5245 -0.9317 0.0796723 0.354383 252.802
0.360313 0.0283781 0.9324 -53.7663 0.0624492 0.996561 -0.0544635 -23.5775 -0.930739 0.0778515 0.357301 253.162
