1 0 0 0 0 1 0 0 0 0 1 0
0.999895 0.00171675 0.0144017 0.0492911 -0.00163927 0.999984 -0.00538975 0.107349 -0.0144108 0.00536557 0.999882 0.11594
0.999338 0.00493363 0.036051 0.062797 -0.00477806 0.999979 -0.00440011 0.0875145 -0.0360719 0.00422495 0.99934 0.294581
0.997996 0.00647897 0.0629445 0.10407 -0.0064032 0.999979 -0.00140538 0.0393084 -0.0629523 0.000999517 0.998016 0.454685
0.995251 0.00625596 0.0971366 0.147521 -0.00675368 0.999966 0.00479598 -0.074123 -0.0971033 -0.00542924 0.99526 0.672783
0.990819 0.00315053 0.135157 0.224831 -0.0043145 0.999956 0.00831995 -0.110072 -0.135125 -0.0088267 0.990789 0.833251
0.98462 0.000202975 0.17471 0.312937 -0.0019142 0.999952 0.00962619 -0.134951 -0.1747 -0.00981256 0.984573 1.05248
0.976351 0.00058405 0.216191 0.462135 -0.00248688 0.999961 0.00852968 -0.076574 -0.216177 -0.0088656 0.976314 1.24554
0.964526 0.00166304 0.263984 0.567591 -0.0055304 0.999888 0.0139075 -0.12375 -0.263931 -0.0148741 0.964427 1.49336
0.950787 -0.00156919 0.309842 0.725353 -0.00437468 0.99982 0.0184878 -0.0722381 -0.309815 -0.0189334 0.950608 1.69183
0.934108 -0.0114295 0.356807 0.880112 0.00229228 0.999659 0.0260207 -0.0757398 -0.356983 -0.0234883 0.933815 1.93351
0.913428 -0.0167695 0.406654 1.14408 0.00530176 0.999556 0.0293105 -0.0600218 -0.406965 -0.0246171 0.913112 2.25796
0.888516 -0.0178588 0.458499 1.3736 0.00357305 0.999481 0.0320062 -0.0319507 -0.458833 -0.0267997 0.888118 2.56302
0.860371 -0.0179788 0.509351 1.59136 1.68461e-05 0.999379 0.0352471 0.0134862 -0.509668 -0.030317 0.859837 2.82909
0.829139 -0.0233611 0.558554 1.83849 0.00159177 0.999221 0.0394288 0.0147642 -0.55904 -0.0318029 0.82853 3.05703
0.794355 -0.0299614 0.606714 2.1022 0.00544403 0.999094 0.0422106 0.0208777 -0.607429 -0.0302273 0.793799 3.2734
0.757845 -0.0342004 0.651538 2.39821 0.0063713 0.998965 0.0450267 0.0261042 -0.652403 -0.0299721 0.757279 3.48272
0.718982 -0.0365628 0.694066 2.71891 0.00792223 0.998982 0.0444188 0.0659131 -0.694983 -0.0264378 0.71854 3.70594
0.678617 -0.0377784 0.73352 3.05156 0.00788562 0.998993 0.0441556 0.108922 -0.73445 -0.0241805 0.678232 3.91726
0.636112 -0.0372955 0.770695 3.39542 0.00372158 0.998968 0.0452704 0.148051 -0.771588 -0.0259289 0.635594 4.17418
0.594248 -0.0382812 0.803371 3.70484 0.000782328 0.998894 0.0470193 0.150629 -0.804282 -0.0273126 0.59362 4.38194
0.553976 -0.0387819 0.831629 4.08688 -0.00155309 0.998865 0.0476153 0.177742 -0.832531 -0.0276693 0.553287 4.61056
0.515521 -0.0407457 0.855908 4.51458 -0.00280446 0.998783 0.0492365 0.198683 -0.856872 -0.0277828 0.514779 4.84268
0.478823 -0.0408692 0.87696 4.96 -0.00497228 0.998774 0.049261 0.212121 -0.877897 -0.0279478 0.478033 5.04295
0.443095 -0.0402093 0.895573 5.46491 -0.00579906 0.998844 0.0477152 0.233026 -0.896456 -0.0263358 0.442349 5.26002
0.40994 -0.0389855 0.911279 5.94306 -0.00469695 0.998983 0.0448505 0.246849 -0.9121 -0.0226663 0.40934 5.43789
0.380585 -0.0361278 0.92404 6.48961 -0.00248305 0.999193 0.0400887 0.290918 -0.924743 -0.0175516 0.380188 5.63812
0.355772 -0.034251 0.933945 7.01955 -0.00136936 0.999308 0.0371697 0.310415 -0.934572 -0.0145028 0.355479 5.81531
0.336225 -0.0331479 0.941198 7.62697 3.22798e-05 0.999381 0.0351855 0.340009 -0.941782 -0.0117999 0.336017 6.00561
0.322193 -0.0331568 0.946093 8.24454 0.000702314 0.999395 0.0347857 0.369768 -0.946674 -0.0105432 0.322021 6.19873
0.311479 -0.034091 0.949641 8.86038 0.00188497 0.999376 0.0352581 0.402087 -0.950251 -0.00919213 0.311349 6.38569
0.300034 -0.0380022 0.953171 9.4881 0.00166214 0.999225 0.0393151 0.382838 -0.953927 -0.0102116 0.299865 6.5942
0.289609 -0.0390735 0.956347 10.1888 -1.4912e-05 0.999166 0.0408274 0.420035 -0.957145 -0.0118382 0.289367 6.79911
0.282063 -0.0407105 0.958532 10.9346 -0.000361894 0.999095 0.0425397 0.446803 -0.959396 -0.0123458 0.281793 6.96139
0.273581 -0.0423206 0.960918 11.6573 -0.00116312 0.999016 0.0443297 0.472037 -0.961848 -0.0132454 0.273262 7.12713
0.264526 -0.0440443 0.963372 12.3831 -0.000223264 0.998954 0.0457324 0.49799 -0.964378 -0.0123125 0.26424 7.28912
0.255386 -0.0450747 0.965788 13.1309 -0.000726006 0.998903 0.0468122 0.527236 -0.966839 -0.0126564 0.255074 7.45732
0.246284 -0.0476635 0.968025 13.8878 -0.00163212 0.998768 0.0495925 0.55751 -0.969196 -0.0137938 0.245903 7.62149
0.235874 -0.0514193 0.970422 14.6941 -0.0031493 0.998553 0.0536754 0.584773 -0.971778 -0.0157168 0.235371 7.80442
0.224208 -0.0550686 0.972984 15.4806 -0.00367453 0.998347 0.0573508 0.616012 -0.974534 -0.0164338 0.223635 7.97914
0.212582 -0.0573599 0.975458 16.2853 -0.00429354 0.998211 0.0596336 0.646807 -0.977134 -0.0168652 0.211955 8.13413
0.198962 -0.057859 0.978298 17.0994 -0.00457613 0.99819 0.0599662 0.682096 -0.979996 -0.0164078 0.198337 8.29636
0.184883 -0.0573842 0.981084 17.8992 -0.00467154 0.998231 0.0592675 0.707455 -0.982749 -0.0155407 0.184288 8.44377
0.168519 -0.0557737 0.984119 18.7405 -0.00576164 0.998325 0.0575654 0.749874 -0.985681 -0.015371 0.167915 8.58982
0.14899 -0.0542899 0.987347 19.5703 -0.00796476 0.998393 0.0560992 0.778328 -0.988806 -0.0162222 0.148318 8.69611
0.125206 -0.0529431 0.990717 20.4343 -0.012151 0.998418 0.0548903 0.80911 -0.992056 -0.0189108 0.124365 8.76957
0.0950936 -0.0521002 0.994104 21.2879 -0.0158483 0.998424 0.0538426 0.842974 -0.995342 -0.020875 0.0941179 8.84371
0.0620916 -0.0517002 0.996731 22.1513 -0.0188109 0.998419 0.0529597 0.875456 -0.997893 -0.0220377 0.0610209 8.88477
0.028839 -0.051542 0.998255 22.9888 -0.0200888 0.998438 0.0521319 0.892294 -0.999382 -0.0215571 0.0277585 8.89155
-0.00290656 -0.051634 0.998662 23.8487 -0.02036 0.998462 0.0515644 0.902181 -0.999788 -0.0201829 -0.00395338 8.84436
-0.0348141 -0.0498269 0.998151 24.7028 -0.0231864 0.998528 0.049037 0.925481 -0.999125 -0.0214363 -0.0359181 8.79225
-0.0657307 -0.0454793 0.996801 25.5539 -0.0253529 0.998714 0.0438948 0.968815 -0.997515 -0.0223865 -0.0667992 8.71324
-0.0984153 -0.0408408 0.994307 26.4045 -0.0227956 0.998988 0.0387768 0.988224 -0.994884 -0.0188496 -0.0992467 8.62019
-0.128453 -0.0367652 0.991034 27.2488 -0.017194 0.999245 0.0348413 0.981994 -0.991566 -0.0125643 -0.128989 8.4769
-0.159362 -0.0304004 0.986752 28.0916 -0.0102737 0.999523 0.0291347 0.997931 -0.987167 -0.00549459 -0.159598 8.33237
-0.188437 -0.024823 0.981772 28.9474 -0.00438036 0.999692 0.0244354 1.00812 -0.982075 0.000304027 -0.188488 8.15553
-0.215807 -0.0178187 0.976274 29.7434 0.00410113 0.999808 0.0191548 1.02393 -0.976427 0.00813757 -0.215692 7.95512
-0.239308 -0.00860861 0.970906 30.5444 0.0104886 0.999879 0.0114507 0.998301 -0.970887 0.0129237 -0.239189 7.69323
-0.263403 0.00789716 0.964654 31.3426 0.0154132 0.999873 -0.00397684 0.999372 -0.964563 0.0138209 -0.263491 7.42638
-0.288433 0.0274099 0.957108 32.1505 0.015796 0.99959 -0.0238663 1.00674 -0.95737 0.00823465 -0.288747 7.17439
-0.311837 0.0425242 0.949184 32.9536 0.0158766 0.999092 -0.0395442 0.970565 -0.950003 0.00273847 -0.312229 6.87103
-0.336273 0.0520895 0.940323 33.7427 0.0192104 0.998641 -0.0484501 0.918566 -0.941568 0.00177156 -0.336816 6.56827
-0.359351 0.0562734 0.931505 34.5202 0.0225145 0.998412 -0.0516298 0.86789 -0.932931 0.00241917 -0.360047 6.2462
-0.381675 0.0561563 0.922589 35.2879 0.025727 0.998411 -0.0501282 0.817728 -0.923938 0.00460281 -0.382513 5.91196
-0.40249 0.0516039 0.913969 36.0564 0.0281765 0.998635 -0.0439761 0.769274 -0.914991 0.0080525 -0.403394 5.56676
-0.420526 0.0499589 0.905904 36.7955 0.0358339 0.998618 -0.0384376 0.716365 -0.906572 0.0162981 -0.421735 5.21139
-0.434974 0.0500993 0.899048 37.5396 0.0377208 0.998588 -0.0373961 0.663278 -0.899652 0.0176465 -0.43625 4.84503
-0.446417 0.0542678 0.893178 38.2478 0.041697 0.998337 -0.0398166 0.61881 -0.893853 0.0194681 -0.447937 4.48204
-0.456387 0.0556289 0.888041 38.9259 0.0399524 0.998318 -0.0420044 0.577705 -0.888884 0.0163091 -0.457842 4.11849
-0.466309 0.0556686 0.882869 39.6044 0.0342302 0.998406 -0.0448742 0.539534 -0.883959 0.00929552 -0.467471 3.73944
-0.477431 0.0546446 0.876969 40.3005 0.0337393 0.998468 -0.0438473 0.498515 -0.878021 0.00865425 -0.478543 3.36394
-0.48594 0.0565733 0.87216 41.0046 0.0357301 0.998354 -0.0448514 0.467011 -0.873261 0.00936729 -0.487161 2.95102
-0.49233 0.0601876 0.868326 41.6906 0.0389065 0.998131 -0.0471255 0.427362 -0.869539 0.0105823 -0.493751 2.53721
-0.49504 0.0637482 0.866529 42.3685 0.0405055 0.997914 -0.0502735 0.390418 -0.867925 0.0102118 -0.496589 2.14996
-0.493205 0.0672422 0.867311 43.1143 0.0402878 0.997704 -0.0544414 0.361721 -0.868979 0.00809126 -0.494781 1.67609
-0.491979 0.0674585 0.86799 43.8938 0.0417105 0.997675 -0.0538958 0.316927 -0.869607 0.0096887 -0.493648 1.29206
-0.488672 0.0665487 0.869926 44.6901 0.0397561 0.99775 -0.0539945 0.267068 -0.871561 0.00819925 -0.490218 0.933016
-0.484314 0.0651129 0.872468 45.5159 0.0374568 0.997855 -0.0536781 0.208796 -0.874092 0.00668284 -0.485715 0.546654
-0.478688 0.0643583 0.875624 46.324 0.0352166 0.997915 -0.0540944 0.149852 -0.877278 0.00494217 -0.479956 0.167464
-0.471671 0.0626906 0.879543 47.1566 0.032418 0.998028 -0.053751 0.0855484 -0.881178 0.00316029 -0.472773 -0.277395
-0.467946 0.0595832 0.881747 48.0108 0.0278501 0.998223 -0.0526739 0.0131304 -0.883318 -9.18329e-05 -0.468774 -0.703659
-0.468451 0.0586073 0.881544 48.8764 0.0224144 0.998265 -0.0544563 -0.0115106 -0.883205 -0.00575081 -0.468952 -1.10605
-0.46911 0.0581267 0.881225 49.7452 0.017062 0.998242 -0.0567626 -0.0240562 -0.882975 -0.0115924 -0.469277 -1.55088
-0.46945 0.058699 0.881006 50.6111 0.0131623 0.998142 -0.0594898 -0.0452095 -0.882861 -0.0163314 -0.46935 -2.00859
-0.467632 0.0597058 0.881905 51.4691 0.0136071 0.998084 -0.0603561 -0.0962253 -0.883818 -0.0162242 -0.467549 -2.48781
-0.466327 0.0589809 0.882644 52.3208 0.0135698 0.998134 -0.059529 -0.168748 -0.884508 -0.0157826 -0.466257 -2.97163
-0.465223 0.0570509 0.883353 53.1937 0.0147075 0.998281 -0.0567277 -0.25516 -0.885071 -0.0133991 -0.465263 -3.44907
-0.464268 0.0567896 0.883873 54.0954 0.0135215 0.998281 -0.057038 -0.324563 -0.885591 -0.0145297 -0.464238 -3.93461
-0.465398 0.0544125 0.883428 55.0175 0.0106662 0.998381 -0.0558737 -0.41476 -0.885037 -0.0165807 -0.465224 -4.40609
-0.465924 0.053172 0.883226 55.9439 0.00672828 0.998377 -0.056555 -0.476596 -0.884799 -0.0204077 -0.465525 -4.88545
-0.464334 0.0510808 0.884186 56.8237 0.00396108 0.998445 -0.0556015 -0.567437 -0.885651 -0.0223153 -0.463814 -5.3732
-0.464259 0.046547 0.884476 57.6768 0.000137991 0.998622 -0.0524818 -0.682447 -0.885699 -0.0242431 -0.463626 -5.81519
-0.463183 0.044557 0.885142 58.5907 0.00121565 0.998767 -0.0496406 -0.757435 -0.886262 -0.0219166 -0.462665 -6.26832
-0.460201 0.0449902 0.886675 59.4558 0.0046381 0.998823 -0.0482735 -0.799844 -0.887802 -0.018103 -0.459868 -6.7352
-0.457909 0.0445807 0.887881 60.353 0.00375642 0.99883 -0.0482142 -0.866862 -0.888991 -0.0187424 -0.45754 -7.19125
-0.455581 0.0451849 0.889047 61.2812 0.00465326 0.998818 -0.0483795 -0.92852 -0.890182 -0.0179038 -0.455253 -7.66667
-0.455356 0.0443889 0.889202 62.1522 0.00395203 0.998847 -0.0478386 -1.01592 -0.8903 -0.0182694 -0.455007 -8.10522
-0.455467 0.0451854 0.889106 63.0592 0.00372628 0.998799 -0.0488513 -1.09783 -0.890245 -0.018937 -0.455088 -8.58011
-0.457802 0.0471407 0.887804 63.9577 0.00216252 0.998649 -0.0519113 -1.16402 -0.889051 -0.0218451 -0.457286 -9.05082
-0.463207 0.0481942 0.884939 64.8751 0.000977071 0.998548 -0.0538699 -1.23009 -0.886249 -0.0240882 -0.462581 -9.50627
-0.469808 0.0467578 0.88153 65.7401 0.0019371 0.998649 -0.0519376 -1.29044 -0.882766 -0.0226931 -0.469264 -9.95484
-0.476548 0.04324 0.878085 66.6374 0.00181462 0.998836 -0.0482014 -1.36882 -0.879146 -0.0213769 -0.476072 -10.4238
-0.482304 0.0437262 0.874912 67.4994 0.00216393 0.99881 -0.0487255 -1.3988 -0.876001 -0.0216072 -0.481825 -10.8903
-0.487943 0.0472274 0.871597 68.378 0.00531827 0.998678 -0.051136 -1.46625 -0.872859 -0.020316 -0.487549 -11.3691
-0.492715 0.0502243 0.86874 69.2488 0.00674926 0.998524 -0.0538995 -1.52055 -0.870164 -0.0206937 -0.492327 -11.8674
-0.499272 0.0512758 0.864927 70.0612 0.00520015 0.998407 -0.0561872 -1.58396 -0.866429 -0.023555 -0.498744 -12.3167
-0.504318 0.0516692 0.861971 70.9488 0.00348615 0.998322 -0.0578029 -1.64404 -0.86351 -0.0261461 -0.503652 -12.7943
-0.50732 0.0515793 0.860213 71.7894 0.00458447 0.998355 -0.0571587 -1.7022 -0.861745 -0.0250541 -0.506721 -13.3003
-0.509816 0.0454536 0.859082 72.6436 0.00607554 0.998769 -0.0492389 -1.74983 -0.860262 -0.0198834 -0.509464 -13.7974
-0.512794 0.0362991 0.857745 73.4746 0.00452379 0.999206 -0.0395812 -1.81001 -0.858499 -0.0164167 -0.512551 -14.2783
-0.514778 0.0344354 0.856632 74.319 0.00419958 0.999282 -0.0376461 -1.87271 -0.857313 -0.0157819 -0.514553 -14.7856
-0.516275 0.0371027 0.855619 75.1622 0.000706742 0.999079 -0.0428972 -1.9413 -0.856422 -0.021542 -0.515826 -15.2939
-0.518044 0.0441079 0.854216 76.0044 0.00359748 0.998773 -0.0493905 -1.99522 -0.855346 -0.0225134 -0.517568 -15.7835
-0.518062 0.0469672 0.854053 76.7936 0.00882091 0.998732 -0.0495729 -2.07019 -0.855297 -0.0181483 -0.51782 -16.2802
-0.517326 0.0479799 0.854443 77.5567 0.0128524 0.99875 -0.0483018 -2.14069 -0.855691 -0.0140061 -0.517296 -16.7487
-0.516986 0.0441256 0.854856 78.4388 0.0120961 0.998947 -0.044248 -2.22828 -0.855908 -0.0125351 -0.516976 -17.2667
-0.516549 0.0389697 0.855371 79.2289 0.0113127 0.999187 -0.0386901 -2.2923 -0.856182 -0.0103087 -0.51657 -17.7262
-0.515144 0.031461 0.856526 80.0772 0.00764374 0.999455 -0.0321138 -2.35811 -0.857069 -0.00999612 -0.515104 -18.2626
-0.514695 0.0261739 0.856974 80.9089 0.00192141 0.999567 -0.029375 -2.43233 -0.85737 -0.0134726 -0.514523 -18.742
-0.513425 0.0210986 0.857875 81.7493 -0.00300915 0.999647 -0.0263863 -2.49996 -0.858129 -0.0161288 -0.513181 -19.2273
-0.513417 0.0215923 0.857868 82.5734 -0.00348635 0.999623 -0.0272468 -2.50755 -0.858131 -0.0169798 -0.513149 -19.6686
-0.509252 0.0254385 0.860242 83.3714 0.00203701 0.999596 -0.0283535 -2.55836 -0.860614 -0.0126867 -0.509099 -20.1541
-0.503376 0.0272922 0.863636 84.1986 0.00109327 0.99952 -0.0309492 -2.60713 -0.864066 -0.0146349 -0.503165 -20.6587
-0.495204 0.0284432 0.868311 85.0029 0.00318342 0.999517 -0.0309256 -2.64693 -0.86877 -0.0125503 -0.495056 -21.1325
-0.486653 0.0310284 0.873045 85.8265 0.00944929 0.999498 -0.0302555 -2.6989 -0.873544 -0.00647423 -0.486702 -21.6074
-0.478216 0.0292864 0.877754 86.6729 0.0013294 0.999467 -0.0326231 -2.71371 -0.878241 -0.014434 -0.478001 -22.0493
-0.466905 0.0273013 0.883886 87.5009 -0.00142661 0.999499 -0.0316259 -2.74841 -0.884306 -0.0160273 -0.466633 -22.4835
-0.453894 0.0236639 0.890742 88.3117 -0.00233222 0.999612 -0.0277447 -2.79071 -0.891052 -0.0146705 -0.453663 -22.9137
-0.442612 0.0228603 0.896422 89.1415 -0.00265445 0.999637 -0.0268031 -2.83775 -0.896709 -0.0142428 -0.442391 -23.3134
-0.431347 0.0212681 0.901936 89.9766 -0.00373123 0.999671 -0.0253572 -2.88327 -0.902178 -0.0143031 -0.431127 -23.7009
-0.418516 0.0209673 0.907967 90.8266 -0.0023651 0.999705 -0.024176 -2.9524 -0.908206 -0.0122654 -0.418344 -24.0961
-0.405321 0.0276903 0.913755 91.6521 -0.00118119 0.999524 -0.0308134 -2.96239 -0.914173 -0.0135686 -0.405096 -24.4668
-0.391959 0.0403524 0.919098 92.4983 0.00286554 0.999086 -0.0426423 -2.96686 -0.919978 -0.0140803 -0.391717 -24.8415
-0.378949 0.0466797 0.92424 93.3507 0.001756 0.998761 -0.0497235 -2.99077 -0.925416 -0.0172197 -0.378562 -25.1901
-0.365726 0.0439766 0.929683 94.1835 0.000741741 0.998896 -0.0469588 -3.04075 -0.930722 -0.0164845 -0.365356 -25.546
-0.353708 0.0396289 0.934516 95.0431 -0.0028692 0.999051 -0.0434515 -3.09654 -0.935351 -0.0180504 -0.353259 -25.8708
-0.344987 0.0399468 0.937757 95.8917 -0.0074268 0.998946 -0.0452856 -3.15831 -0.938578 -0.0225875 -0.344327 -26.165
-0.337146 0.0458877 0.940334 96.7431 -0.0116347 0.998532 -0.0528992 -3.19775 -0.94138 -0.0287752 -0.336117 -26.4684
-0.330596 0.0520568 0.942336 97.5969 -0.0168892 0.997991 -0.0610565 -3.25405 -0.943621 -0.0361004 -0.329054 -26.7705
-0.327429 0.0537535 0.943346 98.4694 -0.0236081 0.997603 -0.0650395 -3.30704 -0.944581 -0.0435664 -0.325375 -27.0726
-0.323206 0.0533516 0.944824 99.3281 -0.0238414 0.997633 -0.0644893 -3.39457 -0.946028 -0.0433693 -0.32117 -27.3615
-0.320106 0.0524343 0.94593 100.19 -0.0244008 0.99768 -0.0635602 -3.47669 -0.947067 -0.0434275 -0.318085 -27.6205
-0.314327 0.0463919 0.948181 101.058 -0.0260144 0.998009 -0.0574538 -3.57554 -0.948958 -0.0427256 -0.312495 -27.8922
-0.307113 0.0442316 0.950645 101.911 -0.0282038 0.998057 -0.0555492 -3.62174 -0.951255 -0.0438717 -0.30527 -28.191
-0.301288 0.0407144 0.952664 102.783 -0.0302971 0.998175 -0.0522412 -3.69772 -0.953051 -0.0446026 -0.299505 -28.4598
-0.294645 0.0398023 0.954778 103.641 -0.0388986 0.997804 -0.0536001 -3.75676 -0.954814 -0.0529325 -0.29245 -28.72
-0.287757 0.0393095 0.956897 104.511 -0.0456109 0.997461 -0.054692 -3.82668 -0.956616 -0.059383 -0.285235 -28.9673
-0.282849 0.0430404 0.958199 105.369 -0.042088 0.997473 -0.0572285 -3.90526 -0.95824 -0.0565157 -0.280323 -29.1866
-0.278303 0.047616 0.959313 106.199 -0.0364109 0.997529 -0.060076 -3.96298 -0.959803 -0.0516488 -0.275882 -29.3835
-0.271051 0.0458495 0.961473 107.08 -0.037723 0.997591 -0.0582065 -4.03003 -0.961825 -0.0520466 -0.26867 -29.6328
-0.263098 0.0410658 0.963895 107.967 -0.0411546 0.997706 -0.0537396 -4.09356 -0.963891 -0.0538075 -0.260805 -29.8869
-0.254927 0.0375624 0.966231 108.829 -0.0425244 0.997843 -0.0500109 -4.1687 -0.966024 -0.0538375 -0.252781 -30.1156
-0.249402 0.0408459 0.967539 109.702 -0.0407396 0.997783 -0.0526241 -4.2376 -0.967542 -0.0525417 -0.247186 -30.3169
-0.241083 0.0429704 0.969553 110.555 -0.0371346 0.997879 -0.0534595 -4.30866 -0.969794 -0.0488921 -0.238976 -30.5387
-0.233935 0.0447961 0.97122 111.421 -0.0378024 0.997763 -0.0551258 -4.35157 -0.971517 -0.0496103 -0.231719 -30.752
-0.224297 0.0350873 0.973889 112.26 -0.0402977 0.998163 -0.0452429 -4.48982 -0.973687 -0.0493934 -0.222472 -30.9523
-0.216469 0.0372602 0.975578 113.115 -0.0346254 0.99835 -0.0458129 -4.51807 -0.975675 -0.0436969 -0.214823 -31.1422
-0.207792 0.0402881 0.977343 113.981 -0.029028 0.998457 -0.0473301 -4.54774 -0.977742 -0.0382051 -0.206303 -31.3378
-0.202375 0.0418663 0.978413 114.865 -0.0264668 0.998487 -0.0481997 -4.59778 -0.97895 -0.0356498 -0.200961 -31.5003
-0.195024 0.0388146 0.98003 115.719 -0.0302773 0.998502 -0.0455713 -4.70096 -0.980331 -0.0385602 -0.193558 -31.6439
-0.189904 0.0399399 0.98099 116.636 -0.0368319 0.998179 -0.0477698 -4.71695 -0.981111 -0.0452034 -0.188088 -31.8278
-0.186287 0.0402606 0.98167 117.474 -0.0358476 0.998216 -0.0477418 -4.75318 -0.981841 -0.0440842 -0.184512 -31.9524
-0.182739 0.0398729 0.982353 118.344 -0.034868 0.998286 -0.0470058 -4.82764 -0.982543 -0.0428425 -0.181036 -32.1001
-0.178494 0.0404679 0.983109 119.221 -0.0313926 0.998411 -0.0467974 -4.88188 -0.98344 -0.0392154 -0.176941 -32.2275
-0.172853 0.0388036 0.984183 120.111 -0.0239321 0.998763 -0.0435817 -4.95058 -0.984657 -0.0310868 -0.171711 -32.3855
-0.169191 0.0378863 0.984855 120.97 -0.0176523 0.998984 -0.0414625 -4.98902 -0.985425 -0.0244 -0.168351 -32.5163
-0.167444 0.0370682 0.985185 121.782 -0.0165193 0.999047 -0.0403975 -5.03187 -0.985743 -0.0230389 -0.166673 -32.6104
-0.162339 0.0387698 0.985973 122.674 -0.0185592 0.998931 -0.0423351 -5.08742 -0.986561 -0.0251715 -0.161447 -32.7602
-0.157937 0.0411565 0.986591 123.573 -0.0182139 0.99884 -0.0445833 -5.14679 -0.987281 -0.025011 -0.157005 -32.9143
-0.158681 0.0416473 0.986451 124.439 -0.020104 0.998767 -0.0454013 -5.18268 -0.987125 -0.0270359 -0.157649 -32.998
-0.158872 0.0402301 0.98648 125.35 -0.0178514 0.998889 -0.0436112 -5.26908 -0.987138 -0.0245387 -0.157978 -33.1274
-0.155858 0.0371798 0.98708 126.217 -0.00999515 0.999181 -0.0392138 -5.32714 -0.987729 -0.0159778 -0.155359 -33.2756
-0.159378 0.0341275 0.986628 127.113 -0.00562316 0.999355 -0.0354762 -5.38526 -0.987202 -0.0112021 -0.159084 -33.3604
-0.157945 0.0321676 0.986924 127.976 0.00615203 0.999482 -0.0315924 -5.50714 -0.987429 0.00108174 -0.158062 -33.4804
-0.156899 0.0347937 0.987002 128.849 0.00925802 0.999387 -0.0337587 -5.60318 -0.987571 0.00384099 -0.157126 -33.6072
-0.15664 0.0396517 0.98686 129.696 0.00541569 0.999213 -0.0392885 -5.60996 -0.987641 -0.000809645 -0.156733 -33.7317
-0.158519 0.0396555 0.98656 130.576 -0.00149206 0.999182 -0.0404026 -5.62761 -0.987355 -0.00787658 -0.158331 -33.8408
-0.158449 0.0390018 0.986597 131.437 -0.00438503 0.999182 -0.0402036 -5.67142 -0.987358 -0.0106964 -0.158148 -33.9557
-0.158231 0.0462996 0.986316 132.324 -0.00910874 0.998789 -0.0483465 -5.59815 -0.98736 -0.016634 -0.157618 -34.1121
-0.157305 0.0516481 0.986199 133.185 -0.0144694 0.998404 -0.0545953 -5.60116 -0.987444 -0.0228578 -0.156307 -34.2487
-0.161018 0.0558446 0.985371 134.057 -0.0252082 0.99784 -0.0606706 -5.62993 -0.98663 -0.0346085 -0.159263 -34.342
-0.161132 0.0589847 0.985169 134.913 -0.0278811 0.997542 -0.0642858 -5.70621 -0.986539 -0.0378261 -0.159092 -34.466
-0.161036 0.0638762 0.98488 135.756 -0.0223732 0.997411 -0.0683471 -5.78372 -0.986695 -0.0330412 -0.15919 -34.6081
-0.156698 0.0644642 0.985541 136.58 -0.0190148 0.997486 -0.0682688 -5.87284 -0.987464 -0.0294375 -0.155079 -34.7741
-0.154087 0.0699976 0.985575 137.404 0.0113836 0.997547 -0.0690682 -5.99639 -0.987992 0.000576835 -0.154507 -34.8965
-0.150086 0.0701481 0.986181 138.212 0.0179958 0.997508 -0.0682151 -6.04993 -0.988509 0.007509 -0.150975 -35.0505
-0.145668 0.0662012 0.987116 139.036 0.0256708 0.997676 -0.0631212 -6.1312 -0.989001 0.0161453 -0.147029 -35.1934
-0.143822 0.0608865 0.987729 139.881 0.0293013 0.99793 -0.0572489 -6.19412 -0.98917 0.0207081 -0.145309 -35.3245
-0.139209 0.0651969 0.988115 140.632 0.0314333 0.997619 -0.0613956 -6.211 -0.989764 0.0225129 -0.140927 -35.4327
-0.133728 0.0709357 0.988476 141.474 0.0318446 0.997228 -0.0672556 -6.27769 -0.990507 0.0224837 -0.135617 -35.5581
-0.127167 0.073242 0.989174 142.255 0.0345817 0.996991 -0.0693751 -6.36083 -0.991278 0.025385 -0.129318 -35.6547
-0.119643 0.0748574 0.989991 143.079 0.0306758 0.996956 -0.0716768 -6.40154 -0.992343 0.0217932 -0.121576 -35.7484
-0.110221 0.0729306 0.991228 143.87 0.0291212 0.997113 -0.0701254 -6.43952 -0.993481 0.0211364 -0.112027 -35.8363
-0.0970839 0.0723791 0.992641 144.667 0.0345013 0.996998 -0.0693225 -6.50445 -0.994678 0.0275173 -0.0992903 -35.9284
-0.0820805 0.0771631 0.993634 145.445 0.0397285 0.996459 -0.0741007 -6.54905 -0.995834 0.0333933 -0.0848561 -36.0046
-0.0691744 0.078284 0.994528 146.259 0.0328507 0.996555 -0.0761586 -6.61187 -0.997064 0.0274027 -0.0715084 -36.058
-0.0538079 0.0791425 0.99541 147.022 0.0369856 0.996328 -0.0772162 -6.67188 -0.997866 0.032661 -0.0565381 -36.1085
-0.0394508 0.0801972 0.995998 147.796 0.0387871 0.996146 -0.0786728 -6.75903 -0.998469 0.0355281 -0.0424101 -36.1446
-0.0238333 0.0869623 0.995927 148.534 0.0399394 0.995497 -0.085969 -6.82799 -0.998918 0.0377278 -0.0271999 -36.1742
-0.0112648 0.0960105 0.995317 149.293 0.0334495 0.994859 -0.0955878 -6.91574 -0.999377 0.032216 -0.0144191 -36.1749
0.00289521 0.104399 0.994531 150.057 0.0294576 0.994095 -0.104439 -6.99733 -0.999562 0.0295989 -0.000197894 -36.1697
0.0158596 0.107496 0.994079 150.795 0.0287043 0.993745 -0.107918 -7.05273 -0.999462 0.0302459 0.0126742 -36.1573
0.0278227 0.104314 0.994155 151.549 0.0242953 0.994176 -0.104996 -7.13131 -0.999318 0.0270745 0.0251257 -36.1295
0.039223 0.103441 0.993862 152.304 0.023747 0.99425 -0.104418 -7.20967 -0.998949 0.0276968 0.0365404 -36.0948
0.0475964 0.109463 0.992851 153.017 0.0193712 0.993689 -0.110484 -7.31808 -0.998679 0.0244913 0.045175 -36.0474
0.0548197 0.117956 0.991505 153.752 0.0173773 0.992735 -0.119063 -7.39878 -0.998345 0.0237566 0.052371 -36.0028
0.0578294 0.122903 0.990732 154.509 0.0138845 0.992198 -0.123895 -7.46609 -0.99823 0.0209206 0.0556711 -35.9562
0.0581949 0.118631 0.991232 155.245 0.0118731 0.992762 -0.119511 -7.56886 -0.998235 0.0187239 0.0563645 -35.908
0.0561515 0.116253 0.991631 156.007 0.0092909 0.993094 -0.116951 -7.65076 -0.998379 0.0157801 0.054683 -35.8639
0.0530814 0.11415 0.992044 156.801 0.0134705 0.993273 -0.115012 -7.74978 -0.9985 0.0194683 0.051186 -35.8144
0.053767 0.116458 0.991739 157.577 0.0151593 0.992966 -0.117424 -7.82016 -0.998439 0.0213475 0.0516228 -35.8243
0.0503757 0.115642 0.992013 158.337 0.0178244 0.993012 -0.116664 -7.93309 -0.998572 0.0235591 0.0479618 -35.7939
0.0458495 0.113583 0.99247 159.081 0.0177873 0.993265 -0.114496 -8.03605 -0.99879 0.0229028 0.0435197 -35.7631
0.0406787 0.114183 0.992627 159.814 0.0165073 0.993237 -0.11493 -8.12243 -0.999036 0.0210607 0.038518 -35.7401
0.0343377 0.112854 0.993018 160.546 0.0153553 0.993427 -0.113432 -8.21056 -0.999293 0.0191431 0.0323785 -35.7124
0.028213 0.111317 0.993384 161.246 0.017784 0.993567 -0.111842 -8.29695 -0.999444 0.0208217 0.0260512 -35.6933
0.0223136 0.112462 0.993405 161.949 0.0165328 0.993476 -0.112841 -8.37173 -0.999615 0.0189416 0.0203081 -35.678
0.0159531 0.115834 0.99314 162.669 0.0137842 0.993147 -0.116057 -8.44303 -0.999778 0.0155411 0.0142465 -35.6594
0.0113493 0.120749 0.992618 163.392 0.0133842 0.992575 -0.120897 -8.51979 -0.999846 0.0146575 0.00964824 -35.6492
0.0079369 0.124553 0.992181 164.104 0.0121722 0.992127 -0.124643 -8.59872 -0.999895 0.0130663 0.00635767 -35.642
0.0061687 0.127782 0.991783 164.794 0.0145171 0.991686 -0.12786 -8.67457 -0.999876 0.0151865 0.00426172 -35.6384
0.00692572 0.130635 0.991406 165.452 0.0156393 0.991295 -0.13073 -8.7148 -0.999854 0.0164103 0.00482172 -35.6433
0.00946873 0.127151 0.991838 166.142 0.0121398 0.991795 -0.127261 -8.7978 -0.999882 0.0132456 0.00784679 -35.635
0.0161511 0.130769 0.991281 166.827 0.0110702 0.991327 -0.130955 -8.85972 -0.999809 0.0130887 0.0145627 -35.6222
0.0270401 0.133632 0.990662 167.511 0.012637 0.9909 -0.134009 -8.94588 -0.999555 0.0161426 0.0251046 -35.6037
0.0412822 0.135618 0.989901 168.181 0.0141881 0.990566 -0.136301 -9.0189 -0.999047 0.0196716 0.0389679 -35.5792
0.0557802 0.136293 0.989097 168.827 0.0114482 0.990487 -0.137131 -9.08366 -0.998378 0.0189725 0.0536886 -35.5402
0.0704587 0.135935 0.988209 169.501 0.00308426 0.990637 -0.136489 -9.15764 -0.99751 0.0126647 0.0693791 -35.4772
0.0853689 0.132754 0.987466 170.16 -0.000172915 0.991086 -0.133226 -9.23509 -0.99635 0.0112025 0.0846302 -35.4062
0.101946 0.127656 0.986565 170.815 -0.00045242 0.991738 -0.128279 -9.31452 -0.99479 0.0126311 0.101161 -35.3339
0.119072 0.118532 0.985785 171.456 -0.0022935 0.992879 -0.119108 -9.41954 -0.992883 0.0119214 0.118495 -35.25
0.135905 0.114992 0.984026 172.115 -0.00289906 0.993283 -0.115674 -9.48391 -0.990718 0.0128679 0.135325 -35.1491
0.153752 0.112666 0.981665 172.756 -0.00553227 0.993561 -0.113165 -9.588 -0.988094 0.0119684 0.153384 -35.035
0.170706 0.110833 0.979069 173.375 -0.00636568 0.993757 -0.111386 -9.68431 -0.985302 0.0127818 0.170345 -34.9174
0.188091 0.110663 0.975897 174.006 -0.00982855 0.993794 -0.110798 -9.76374 -0.982103 0.0112484 0.188011 -34.7842
0.204069 0.110229 0.972731 174.633 -0.0143118 0.99387 -0.109622 -9.83164 -0.978852 0.00844899 0.204395 -34.6419
0.218499 0.107399 0.969909 175.244 -0.0161532 0.994187 -0.106448 -9.89487 -0.975704 0.00759157 0.218963 -34.492
0.230834 0.102567 0.967572 175.84 -0.0165843 0.994699 -0.101486 -9.99231 -0.972852 0.00737992 0.231311 -34.3404
0.240544 0.102696 0.96519 176.451 -0.0113311 0.994617 -0.103003 -10.033 -0.970573 0.0138401 0.240412 -34.1579
0.251687 0.106284 0.961955 177.039 -0.0183953 0.994298 -0.105044 -10.1226 -0.967634 0.00874275 0.252206 -34.0227
0.260859 0.113462 0.958686 177.642 -0.0238339 0.993524 -0.1111 -10.2006 -0.965083 0.00613203 0.261873 -33.8447
0.26873 0.123317 0.955289 178.223 -0.0256224 0.992335 -0.120891 -10.2765 -0.962875 0.00801019 0.26983 -33.6475
0.278608 0.128375 0.951786 178.81 -0.020424 0.991594 -0.127765 -10.3604 -0.960188 0.0161572 0.278888 -33.5165
0.285471 0.127577 0.949858 179.4 -0.01979 0.991674 -0.127245 -10.4184 -0.958183 0.0175272 0.285619 -33.3335
0.289892 0.119835 0.949527 179.994 -0.0232443 0.992719 -0.11819 -10.5034 -0.956778 0.0121911 0.290566 -33.1146
0.294746 0.110954 0.949112 180.624 -0.0291391 0.993818 -0.107131 -10.5769 -0.955132 0.0039201 0.296156 -32.9318
0.296594 0.103815 0.949344 181.2 -0.030372 0.994597 -0.0992751 -10.6517 -0.954521 0.000610924 0.298144 -32.7358
0.296959 0.103891 0.949222 181.835 -0.0287613 0.994586 -0.0998582 -10.7209 -0.954457 0.00235297 0.298339 -32.535
0.298563 0.106171 0.948466 182.445 -0.0246568 0.99432 -0.103543 -10.7844 -0.954072 0.00752792 0.299485 -32.3434
0.299945 0.105161 0.948142 182.994 -0.0214879 0.994398 -0.103493 -10.8555 -0.953715 0.0106687 0.300524 -32.1428
0.3024 0.10467 0.947417 183.622 -0.0247341 0.99448 -0.101974 -10.9066 -0.952861 0.00740353 0.303319 -31.9584
0.304785 0.102954 0.94684 184.219 -0.0265706 0.994673 -0.0996018 -10.9548 -0.952051 0.00519902 0.305896 -31.752
0.307986 0.0995587 0.946167 184.848 -0.0280467 0.995028 -0.0955705 -11.0226 -0.950978 0.00289751 0.309247 -31.5525
0.312785 0.0972983 0.944827 185.467 -0.0277118 0.995251 -0.0933169 -11.0903 -0.94942 0.00300523 0.313995 -31.3534
0.317729 0.0946976 0.943441 186.033 -0.0266935 0.995499 -0.0909332 -11.1633 -0.947806 0.00370829 0.318826 -31.1351
0.325204 0.0916274 0.941194 186.633 -0.0270767 0.995789 -0.0875867 -11.2435 -0.945256 0.00299913 0.326315 -30.9233
0.334475 0.0895546 0.93814 187.237 -0.0258504 0.995972 -0.0858588 -11.3235 -0.94205 0.00446633 0.335442 -30.6961
0.344675 0.0913834 0.934263 187.828 -0.0285517 0.995811 -0.08687 -11.3974 -0.938288 0.00326708 0.34584 -30.452
0.355206 0.0949776 0.92995 188.412 -0.0308038 0.995474 -0.0899038 -11.4687 -0.93428 0.00328842 0.356524 -30.1953
0.366733 0.0978514 0.925166 189.054 -0.032872 0.995196 -0.0922278 -11.5374 -0.929745 0.00341097 0.368187 -29.9215
0.378794 0.0983927 0.920236 189.688 -0.0332687 0.995138 -0.092707 -11.6151 -0.924883 0.00450173 0.380225 -29.6552
0.390453 0.0944199 0.915768 190.308 -0.0330393 0.995524 -0.0885561 -11.6839 -0.92003 0.00432066 0.391824 -29.3793
0.401642 0.0930551 0.911057 190.901 -0.0357099 0.995659 -0.0859535 -11.7591 -0.9151 0.00198881 0.403221 -29.1189
0.411875 0.092521 0.906531 191.529 -0.0388163 0.995711 -0.0839869 -11.832 -0.910414 -0.000596135 0.413699 -28.7944
0.421107 0.0920698 0.902326 192.165 -0.0447646 0.995732 -0.0807093 -11.9046 -0.905906 -0.00640502 0.423431 -28.4876
0.427997 0.0932508 0.898957 192.802 -0.0496459 0.995587 -0.0796378 -11.9825 -0.902416 -0.0105448 0.430737 -28.187
0.432353 0.0899057 0.897211 193.442 -0.0508649 0.995865 -0.0752803 -12.063 -0.900269 -0.0130889 0.435138 -27.8794
0.435879 0.0853464 0.895949 194.076 -0.0478737 0.996283 -0.0716135 -12.1397 -0.898731 -0.0116775 0.438345 -27.5816
0.434887 0.0858106 0.896387 194.705 -0.0440544 0.996285 -0.0740006 -12.2036 -0.899407 -0.00730786 0.437051 -27.2529
0.434818 0.0844066 0.896554 195.349 -0.0412903 0.99642 -0.0737832 -12.2895 -0.899572 -0.00493672 0.436745 -26.95
0.43314 0.0873669 0.897082 196.014 -0.0387337 0.996176 -0.0783159 -12.3248 -0.900494 -0.000825577 0.434867 -26.6066
0.434786 0.0871163 0.89631 196.689 -0.0369316 0.996198 -0.0789099 -12.3743 -0.899777 0.00120672 0.436349 -26.3113
0.435108 0.0781835 0.896977 197.334 -0.0305108 0.996931 -0.0720956 -12.4646 -0.899862 0.00400183 0.436157 -25.9979
0.432097 0.0768701 0.898545 197.997 -0.0311976 0.997039 -0.0702937 -12.5284 -0.901287 0.00234122 0.433215 -25.6398
0.431869 0.0752165 0.898795 198.679 -0.0315367 0.997167 -0.0682956 -12.5926 -0.901385 0.00114967 0.433017 -25.3467
0.429545 0.073606 0.900041 199.357 -0.0305516 0.997287 -0.0669781 -12.665 -0.902529 0.00127246 0.430628 -25.0032
0.427255 0.0691155 0.901485 200.031 -0.0287693 0.997609 -0.06285 -12.7701 -0.903673 0.000917883 0.428221 -24.6654
0.428353 0.0693143 0.900949 200.743 -0.0266909 0.997589 -0.0640593 -12.8291 -0.903217 0.00339285 0.42917 -24.36
0.426495 0.068471 0.901895 201.402 -0.0229888 0.997629 -0.064868 -12.9379 -0.904198 0.00693238 0.427057 -24.0326
0.427288 0.0721207 0.901235 202.075 -0.0217189 0.997345 -0.0695146 -13.0187 -0.903855 0.0101289 0.427719 -23.7388
0.419008 0.0712275 0.905185 202.691 -0.0200885 0.997402 -0.069185 -13.0935 -0.907761 0.0108052 0.41935 -23.33
0.418853 0.0679302 0.90551 203.374 -0.0192963 0.997639 -0.0659159 -13.1508 -0.907849 0.0101361 0.419175 -23.0285
0.416195 0.0636602 0.907044 204.046 -0.019462 0.997942 -0.0611098 -13.2273 -0.909067 0.00778076 0.416577 -22.6829
0.413911 0.0625469 0.908166 204.753 -0.0210591 0.998028 -0.0591378 -13.3064 -0.910074 0.00535256 0.414411 -22.353
0.410775 0.0610395 0.909691 205.448 -0.024222 0.998135 -0.0560365 -13.3869 -0.911415 0.000983853 0.411487 -22.058
0.402825 0.0611397 0.913233 206.118 -0.0234282 0.998129 -0.0564892 -13.4267 -0.914977 0.00135988 0.403504 -21.7465
0.393032 0.0612712 0.917481 206.808 -0.0209999 0.998116 -0.0576601 -13.4725 -0.919285 0.00339532 0.393578 -21.4335
0.381951 0.0625948 0.92206 207.498 -0.0175072 0.998015 -0.0604989 -13.5299 -0.924017 0.00696489 0.382288 -21.1387
0.371801 0.0648158 0.926047 208.192 -0.0169263 0.997867 -0.0630469 -13.6005 -0.928158 0.00776634 0.372105 -20.8629
0.362532 0.0625632 0.929869 208.876 -0.0207261 0.998039 -0.0590692 -13.6815 -0.931741 0.00214195 0.363117 -20.6262
0.352617 0.053969 0.93421 209.588 -0.0134957 0.998525 -0.0525905 -13.7401 -0.935671 0.00593646 0.352825 -20.3594
0.341843 0.0433289 0.938758 210.258 -0.00664202 0.999023 -0.0436919 -13.8175 -0.939734 0.00870054 0.341797 -20.0704
0.336565 0.0372002 0.940925 211.007 -0.00519864 0.999278 -0.0376476 -13.8761 -0.941646 0.00777934 0.336515 -19.8408
0.331793 0.0363447 0.942652 211.684 -0.011702 0.999339 -0.0344115 -13.9163 -0.94328 0.000386626 0.331999 -19.5826
0.332521 0.0332504 0.94251 212.442 -0.0101096 0.999447 -0.0316924 -13.9812 -0.943042 0.00101002 0.332673 -19.3776
0.331989 0.032284 0.942731 213.084 -0.0105612 0.999479 -0.0305081 -14.0262 -0.943224 0.00017201 0.332157 -19.1824
0.333825 0.0332474 0.942049 213.852 -0.0102244 0.999447 -0.03165 -14.079 -0.94258 0.0009337 0.33398 -18.9461
0.335507 0.035943 0.941352 214.614 -0.0186817 0.999329 -0.0314984 -14.1444 -0.941853 -0.00701813 0.335953 -18.6944
0.339426 0.0350453 0.93998 215.308 -0.0221754 0.999326 -0.0292504 -14.1958 -0.940372 -0.0109161 0.339974 -18.5064
0.341668 0.0337996 0.939213 216.018 -0.0244923 0.999334 -0.0270534 -14.2463 -0.939502 -0.0137602 0.342268 -18.2526
0.34293 0.0330595 0.938779 216.774 -0.0227165 0.99938 -0.0268954 -14.2703 -0.939086 -0.0121024 0.343469 -17.963
0.34531 0.0312359 0.937969 217.488 -0.019873 0.999466 -0.0259677 -14.3099 -0.938279 -0.00967333 0.345746 -17.711
0.350284 0.0302725 0.936154 218.212 -0.0186495 0.999505 -0.025343 -14.3391 -0.936458 -0.00858155 0.350675 -17.4635
0.352536 0.029011 0.935348 218.946 -0.0207195 0.999517 -0.023192 -14.3749 -0.935569 -0.0112039 0.352967 -17.1553
0.357162 0.0262415 0.933674 219.666 -0.0217593 0.999568 -0.0197698 -14.3864 -0.933789 -0.013255 0.357579 -16.8683
0.362142 0.0201627 0.931905 220.375 -0.0225074 0.999664 -0.0128822 -14.4486 -0.931851 -0.0163096 0.362474 -16.5798
0.364897 0.0195855 0.930842 221.108 -0.0243708 0.999637 -0.0114795 -14.479 -0.930729 -0.0184965 0.365242 -16.2656
0.369917 0.0249363 0.92873 221.831 -0.031825 0.999393 -0.0141575 -14.5042 -0.92852 -0.0243197 0.370486 -15.9764
0.3731 0.0322799 0.92723 222.529 -0.0392897 0.999048 -0.0189707 -14.5064 -0.926959 -0.0293526 0.374012 -15.6653
0.377933 0.0348446 0.925177 223.278 -0.0433242 0.998863 -0.019922 -14.5418 -0.924819 -0.0325534 0.379012 -15.3592
0.381616 0.0352889 0.923647 224.007 -0.0461495 0.998752 -0.0190912 -14.5651 -0.923168 -0.0353403 0.382768 -15.0396
0.386464 0.0373862 0.921547 224.73 -0.0447231 0.998763 -0.0217635 -14.5974 -0.92122 -0.0328036 0.387657 -14.7346
0.389986 0.0392486 0.919984 225.464 -0.0462706 0.998665 -0.0229909 -14.6536 -0.919658 -0.0336021 0.391281 -14.4117
0.394194 0.0379042 0.918245 226.198 -0.0440991 0.998779 -0.0222972 -14.7087 -0.917969 -0.0317044 0.395384 -14.0853
0.399897 0.0363938 0.915837 226.943 -0.0425449 0.998872 -0.0211164 -14.7499 -0.915572 -0.0305198 0.400994 -13.7708
0.40364 0.0348934 0.914252 227.663 -0.0395321 0.999005 -0.0206748 -14.7946 -0.914064 -0.0277971 0.404617 -13.4377
0.408475 0.0334632 0.912156 228.395 -0.034768 0.999173 -0.021086 -14.84 -0.912107 -0.0231007 0.409301 -13.1134
0.412245 0.0333866 0.910461 229.107 -0.0357367 0.999152 -0.0204578 -14.886 -0.910372 -0.0241032 0.413089 -12.783
0.418284 0.0303863 0.907808 229.824 -0.0350595 0.999236 -0.0172925 -14.9493 -0.90764 -0.0245941 0.419029 -12.4572
0.425056 0.030095 0.904667 230.508 -0.0372443 0.999183 -0.01574 -14.9728 -0.904401 -0.0270033 0.425829 -12.134
0.430253 0.0302436 0.902202 231.245 -0.0329545 0.999299 -0.0177827 -15.0284 -0.902107 -0.0220805 0.430948 -11.8041
0.43465 0.0362931 0.899868 231.944 -0.0355236 0.999101 -0.0231369 -15.0728 -0.899899 -0.0219101 0.435548 -11.4541
0.434949 0.0432158 0.899418 232.646 -0.040412 0.998778 -0.0284472 -15.0835 -0.899548 -0.0239742 0.436163 -11.0649
0.43504 0.0434452 0.899363 233.295 -0.0478739 0.998539 -0.0250785 -15.0866 -0.899138 -0.0321458 0.436484 -10.6563
0.431964 0.0356552 0.901186 234.01 -0.0471929 0.998743 -0.0168942 -15.0874 -0.900655 -0.0352319 0.433104 -10.2264
0.433605 0.0221915 0.90083 234.753 -0.0392001 0.999215 -0.00574664 -15.1182 -0.90025 -0.0328208 0.434134 -9.86445
0.43592 0.0145189 0.899868 235.455 -0.0431596 0.999057 0.00478839 -15.1292 -0.89895 -0.0409253 0.436136 -9.49974
0.43534 0.00928148 0.900218 236.188 -0.0407132 0.999127 0.0093874 -15.1913 -0.899345 -0.0407375 0.435337 -9.10362
0.436649 0.0158361 0.899493 236.857 -0.044424 0.999005 0.00397706 -15.1672 -0.898535 -0.0416957 0.436917 -8.71634
0.439481 0.0257001 0.897884 237.594 -0.0460779 0.99892 -0.00603863 -15.1119 -0.897069 -0.0387187 0.44019 -8.35074
0.443992 0.0278894 0.895597 238.328 -0.0444811 0.99897 -0.009057 -15.1552 -0.894926 -0.0358159 0.444774 -7.98899
0.447676 0.0293153 0.893715 238.998 -0.046557 0.998871 -0.00944346 -15.2017 -0.892983 -0.037381 0.448536 -7.6192
0.452006 0.0296906 0.891521 239.751 -0.0455572 0.99891 -0.0101692 -15.2515 -0.890851 -0.0360186 0.452866 -7.23278
0.458095 0.0273023 0.888484 240.539 -0.0454193 0.998942 -0.00727872 -15.2939 -0.887743 -0.03702 0.45885 -6.882
0.458343 0.0226366 0.888487 241.189 -0.0427597 0.99908 -0.00339592 -15.2969 -0.887747 -0.0364349 0.458889 -6.48364
0.462032 0.0158027 0.886723 241.91 -0.0397581 0.999205 0.00290892 -15.3239 -0.885972 -0.0365984 0.462293 -6.14358
0.465303 0.00889983 0.885107 242.655 -0.0375728 0.999247 0.0097046 -15.3622 -0.884354 -0.0377714 0.465287 -5.76033
0.468236 0.00172739 0.883602 243.408 -0.0337357 0.999304 0.0159235 -15.3934 -0.882959 -0.0372648 0.467968 -5.39035
0.470266 -0.00552681 0.882507 244.117 -0.0308366 0.999267 0.0226901 -15.3964 -0.881986 -0.0378838 0.469751 -5.01491
0.472398 -0.00774587 0.881351 244.821 -0.0284301 0.999308 0.0240209 -15.3958 -0.880927 -0.0364043 0.47185 -4.63543
0.474425 0.00465036 0.880284 245.506 -0.0391665 0.999108 0.0158306 -15.4021 -0.879424 -0.041988 0.474184 -4.24368
0.474137 0.0123542 0.880364 246.173 -0.0376753 0.999271 0.00626787 -15.4595 -0.879645 -0.0361397 0.474256 -3.84528
0.474642 0.0182225 0.87999 246.893 -0.0367481 0.999325 -0.000872761 -15.4791 -0.879412 -0.0319237 0.47499 -3.4438
0.472903 0.0121011 0.881032 247.582 -0.0342971 0.999401 0.00468239 -15.5307 -0.880447 -0.0324311 0.473034 -3.04082
0.470041 0.00593624 0.882625 248.273 -0.0346559 0.999331 0.0117348 -15.5475 -0.881964 -0.036104 0.469931 -2.61088
0.470779 0.00128277 0.88225 248.972 -0.0319932 0.999366 0.0156189 -15.5895 -0.881671 -0.0355791 0.470522 -2.22383
0.472168 0.000929869 0.881508 249.73 -0.0292041 0.999467 0.0145885 -15.5973 -0.881025 -0.0326318 0.471943 -1.83762
0.472062 -0.00160615 0.881564 250.416 -0.0239425 0.999606 0.014642 -15.5907 -0.881241 -0.0280187 0.471837 -1.44727
0.477017 -0.00656332 0.87887 251.165 -0.022814 0.999543 0.0198471 -15.6064 -0.878598 -0.0295179 0.476649 -1.12294
