1.000000e+00 0.000000e+00 0.000000e+00 0.000000e+00 0.000000e+00 1.000000e+00 0.000000e+00 0.000000e+00 0.000000e+00 0.000000e+00 1.000000e+00 0.000000e+00
9.999886e-01 -2.136825e-03 4.276805e-03 -5.156144e-02 2.128452e-03 9.999958e-01 1.961360e-03 1.334673e-02 -4.280978e-03 -1.952235e-03 9.999889e-01 -4.001683e-01
9.999990e-01 1.384495e-03 1.000713e-04 -5.955545e-02 -1.384418e-03 9.999987e-01 -7.610935e-04 6.848436e-03 -1.011249e-04 7.609543e-04 9.999997e-01 2.431625e-01
9.999891e-01 2.023033e-03 -4.207821e-03 -6.723297e-02 -2.032861e-03 9.999952e-01 -2.332557e-03 6.135033e-03 4.203082e-03 2.341086e-03 9.999884e-01 9.366235e-01
9.999620e-01 -4.357936e-05 -8.712556e-03 -6.974285e-02 8.598437e-06 9.999920e-01 -4.014997e-03 1.017941e-02 8.712661e-03 4.014770e-03 9.999540e-01 1.612167e+00
9.998879e-01 3.571167e-03 -1.454204e-02 -7.003341e-02 -3.637056e-03 9.999833e-01 -4.507019e-03 1.257086e-03 1.452570e-02 4.559404e-03 9.998841e-01 2.377150e+00
9.998121e-01 1.208388e-03 -1.934502e-02 -9.077814e-02 -1.294893e-03 9.999892e-01 -4.459747e-03 -9.057550e-03 1.933942e-02 4.483959e-03 9.998029e-01 3.098364e+00
9.996979e-01 4.838978e-03 -2.409641e-02 -1.121176e-01 -4.975556e-03 9.999719e-01 -5.611268e-03 -1.722834e-02 2.406858e-02 5.729466e-03 9.996939e-01 3.888840e+00
9.995444e-01 6.499439e-03 -2.947605e-02 -1.361609e-01 -6.687173e-03 9.999580e-01 -6.274926e-03 -2.014158e-02 2.943403e-02 6.469178e-03 9.995458e-01 4.701364e+00
9.993786e-01 5.853205e-03 -3.475855e-02 -1.582661e-01 -6.029106e-03 9.999695e-01 -4.958001e-03 -2.577456e-02 3.472847e-02 5.164484e-03 9.993834e-01 5.436148e+00
9.992040e-01 6.448098e-03 -3.936744e-02 -1.929152e-01 -6.528595e-03 9.999769e-01 -1.916563e-03 -3.584151e-02 3.935418e-02 2.172051e-03 9.992229e-01 6.236862e+00
9.990637e-01 7.565127e-03 -4.259659e-02 -2.228803e-01 -7.549862e-03 9.999714e-01 5.192318e-04 -4.395340e-02 4.259930e-02 -1.971472e-04 9.990922e-01 7.000258e+00
9.989372e-01 9.011681e-03 -4.520291e-02 -2.672918e-01 -9.025606e-03 9.999593e-01 -1.039583e-04 -4.712523e-02 4.520013e-02 5.118314e-04 9.989778e-01 7.825706e+00
9.987904e-01 8.509521e-03 -4.842748e-02 -3.026882e-01 -8.533484e-03 9.999635e-01 -2.880842e-04 -5.434691e-02 4.842327e-02 7.009909e-04 9.988267e-01 8.644217e+00
9.987115e-01 5.444631e-03 -5.045478e-02 -3.461711e-01 -5.465743e-03 9.999850e-01 -2.804530e-04 -6.414455e-02 5.045250e-02 5.558645e-04 9.987263e-01 9.480828e+00
9.986026e-01 6.178746e-03 -5.248542e-02 -3.942609e-01 -6.185994e-03 9.999809e-01 2.435111e-05 -6.277625e-02 5.248456e-02 3.003574e-04 9.986217e-01 1.032685e+01
9.985481e-01 5.582234e-03 -5.357736e-02 -4.975716e-01 -5.619604e-03 9.999841e-01 -5.468596e-04 -6.627319e-02 5.357346e-02 8.471492e-04 9.985635e-01 1.100361e+01
9.984071e-01 5.554069e-03 -5.614598e-02 -5.410452e-01 -5.707565e-03 9.999804e-01 -2.573886e-03 -7.582105e-02 5.613058e-02 2.890243e-03 9.984192e-01 1.185748e+01
9.983197e-01 7.223018e-03 -5.749460e-02 -5.906426e-01 -7.562607e-03 9.999552e-01 -5.691051e-03 -7.524624e-02 5.745092e-02 6.116297e-03 9.983296e-01 1.277557e+01
9.981494e-01 1.130653e-02 -5.974888e-02 -6.518552e-01 -1.177007e-02 9.999033e-01 -7.411966e-03 -8.335201e-02 5.965930e-02 8.101499e-03 9.981859e-01 1.365879e+01
9.980500e-01 1.161731e-02 -6.132933e-02 -7.082261e-01 -1.208865e-02 9.999002e-01 -7.319872e-03 -9.335253e-02 6.123817e-02 8.046987e-03 9.980907e-01 1.457290e+01
9.979956e-01 1.265586e-02 -6.200592e-02 -7.795193e-01 -1.305244e-02 9.998968e-01 -5.995015e-03 -1.121308e-01 6.192365e-02 6.792326e-03 9.980578e-01 1.546589e+01
9.979239e-01 1.206506e-02 -6.326463e-02 -8.472245e-01 -1.237283e-02 9.999135e-01 -4.475352e-03 -1.205945e-01 6.320516e-02 5.248824e-03 9.979867e-01 1.637722e+01
9.977956e-01 1.166913e-02 -6.532787e-02 -9.002793e-01 -1.193184e-02 9.999222e-01 -3.632651e-03 -1.361259e-01 6.528039e-02 4.404125e-03 9.978572e-01 1.730348e+01
9.976512e-01 1.109464e-02 -6.759453e-02 -9.701880e-01 -1.151731e-02 9.999164e-01 -5.866549e-03 -1.387332e-01 6.752379e-02 6.631277e-03 9.976956e-01 1.818661e+01
9.974801e-01 1.080395e-02 -7.011954e-02 -9.873527e-01 -1.124395e-02 9.999195e-01 -5.883411e-03 -1.552539e-01 7.005033e-02 6.657006e-03 9.975212e-01 1.911212e+01
9.973683e-01 1.110915e-02 -7.164542e-02 -1.067546e+00 -1.140132e-02 9.999283e-01 -3.670373e-03 -1.682076e-01 7.159950e-02 4.477566e-03 9.974234e-01 2.004925e+01
9.972993e-01 1.334989e-02 -7.222102e-02 -1.123478e+00 -1.344259e-02 9.999093e-01 -7.975424e-04 -1.755901e-01 7.220382e-02 1.766226e-03 9.973884e-01 2.090364e+01
9.973449e-01 1.278082e-02 -7.169288e-02 -1.200116e+00 -1.273728e-02 9.999183e-01 1.064531e-03 -1.656223e-01 7.170063e-02 -1.485322e-04 9.974262e-01 2.179998e+01
9.974395e-01 1.080632e-02 -7.069438e-02 -1.275185e+00 -1.052505e-02 9.999352e-01 4.350013e-03 -1.741170e-01 7.073680e-02 -3.594813e-03 9.974886e-01 2.278645e+01
9.974930e-01 1.159132e-02 -6.981018e-02 -1.269779e+00 -1.131248e-02 9.999264e-01 4.388253e-03 -1.745204e-01 6.985591e-02 -3.587526e-03 9.975507e-01 2.312072e+01
9.975260e-01 1.116673e-02 -6.940577e-02 -1.317597e+00 -1.109006e-02 9.999374e-01 1.489897e-03 -1.769360e-01 6.941807e-02 -7.164964e-04 9.975874e-01 2.387629e+01
9.976311e-01 1.135230e-02 -6.784710e-02 -1.383506e+00 -1.169232e-02 9.999210e-01 -4.616553e-03 -1.673446e-01 6.778932e-02 5.398907e-03 9.976851e-01 2.482641e+01
9.976653e-01 1.224950e-02 -6.718558e-02 -1.502059e+00 -1.267212e-02 9.999025e-01 -5.867766e-03 -1.933191e-01 6.710715e-02 6.705450e-03 9.977232e-01 2.577682e+01
9.976730e-01 6.824565e-03 -6.783796e-02 -1.500584e+00 -7.118484e-03 9.999663e-01 -4.091877e-03 -2.001759e-01 6.780775e-02 4.565259e-03 9.976879e-01 2.668792e+01
9.976296e-01 6.692795e-03 -6.848583e-02 -1.540660e+00 -6.682090e-03 9.999776e-01 3.853886e-04 -2.117259e-01 6.848687e-02 7.315337e-05 9.976520e-01 2.762412e+01
9.975086e-01 1.097033e-03 -7.053656e-02 -1.601276e+00 -7.919799e-04 9.999902e-01 4.352580e-03 -2.221012e-01 7.054065e-02 -4.285872e-03 9.974997e-01 2.862774e+01
9.969903e-01 -2.399155e-02 -7.372071e-02 -1.630083e+00 2.404477e-02 9.997109e-01 -1.656762e-04 -2.069916e-01 7.370336e-02 -1.607419e-03 9.972789e-01 2.954017e+01
9.968572e-01 -2.542004e-02 -7.503013e-02 -1.715534e+00 2.522153e-02 9.996755e-01 -3.592239e-03 -2.198960e-01 7.509708e-02 1.688575e-03 9.971748e-01 3.052530e+01
9.966136e-01 -2.802205e-02 -7.730463e-02 -1.797424e+00 2.744829e-02 9.995873e-01 -8.474867e-03 -2.246340e-01 7.751021e-02 6.324288e-03 9.969715e-01 3.147090e+01
9.966542e-01 -2.166580e-02 -7.880939e-02 -1.875681e+00 2.106484e-02 9.997424e-01 -8.449030e-03 -2.506425e-01 7.897215e-02 6.760655e-03 9.968539e-01 3.247206e+01
9.964030e-01 -2.388308e-02 -8.130548e-02 -1.923262e+00 2.323524e-02 9.996904e-01 -8.904915e-03 -2.530289e-01 8.149298e-02 6.983732e-03 9.966494e-01 3.338782e+01
9.964546e-01 -2.105852e-02 -8.145394e-02 -2.038649e+00 2.058186e-02 9.997658e-01 -6.687115e-03 -2.742857e-01 8.157569e-02 4.986933e-03 9.966547e-01 3.436227e+01
9.963478e-01 -1.916583e-02 -8.320809e-02 -2.152473e+00 1.870294e-02 9.998050e-01 -6.339058e-03 -2.920680e-01 8.331336e-02 4.759672e-03 9.965121e-01 3.533730e+01
9.962927e-01 -1.564957e-02 -8.459367e-02 -2.238939e+00 1.543144e-02 9.998757e-01 -3.231779e-03 -3.116412e-01 8.463373e-02 1.914395e-03 9.964103e-01 3.634187e+01
9.959903e-01 -2.370301e-02 -8.626450e-02 -2.313503e+00 2.333761e-02 9.997139e-01 -5.241990e-03 -2.790162e-01 8.636408e-02 3.207764e-03 9.962585e-01 3.685937e+01
9.960018e-01 -1.749094e-02 -8.760422e-02 -2.391584e+00 1.728028e-02 9.998457e-01 -3.162450e-03 -2.911866e-01 8.764601e-02 1.635980e-03 9.961503e-01 3.786094e+01
9.960906e-01 -1.741200e-02 -8.660456e-02 -2.528253e+00 1.721490e-02 9.998472e-01 -3.022261e-03 -3.114569e-01 8.664395e-02 1.519557e-03 9.962382e-01 3.876077e+01
9.960703e-01 -1.782979e-02 -8.675250e-02 -2.614215e+00 1.739386e-02 9.998320e-01 -5.778424e-03 -3.116223e-01 8.684095e-02 4.246756e-03 9.962131e-01 3.976949e+01
9.960801e-01 -1.370149e-02 -8.738802e-02 -2.694481e+00 1.309175e-02 9.998858e-01 -7.546721e-03 -3.361208e-01 8.748144e-02 6.373077e-03 9.961458e-01 4.069751e+01
9.959875e-01 -1.461368e-02 -8.829172e-02 -2.791322e+00 1.393450e-02 9.998685e-01 -8.303913e-03 -3.470323e-01 8.840146e-02 7.040292e-03 9.960601e-01 4.166310e+01
9.958896e-01 -1.657719e-02 -8.904515e-02 -2.896287e+00 1.600508e-02 9.998465e-01 -7.135130e-03 -3.669419e-01 8.914976e-02 5.680626e-03 9.960020e-01 4.268330e+01
9.957911e-01 -1.886004e-02 -8.969054e-02 -3.006187e+00 1.835825e-02 9.998109e-01 -6.416406e-03 -3.852963e-01 8.979459e-02 4.742838e-03 9.959490e-01 4.363889e+01
9.958261e-01 -1.607253e-02 -8.984432e-02 -3.110977e+00 1.524490e-02 9.998349e-01 -9.890503e-03 -4.072288e-01 8.998845e-02 8.479554e-03 9.959067e-01 4.468513e+01
9.958767e-01 -1.543527e-02 -8.939440e-02 -3.246415e+00 1.419833e-02 9.997947e-01 -1.445622e-02 -4.262763e-01 8.959918e-02 1.312737e-02 9.958914e-01 4.570028e+01
9.957920e-01 -1.552032e-02 -9.031902e-02 -3.341680e+00 1.414019e-02 9.997736e-01 -1.590052e-02 -4.464985e-01 9.054535e-02 1.455648e-02 9.957860e-01 4.667165e+01
9.957080e-01 -1.748131e-02 -9.088363e-02 -3.417147e+00 1.638782e-02 9.997842e-01 -1.276418e-02 -4.716786e-01 9.108716e-02 1.122001e-02 9.957797e-01 4.766486e+01
9.955899e-01 -1.922689e-02 -9.182131e-02 -3.469402e+00 1.840420e-02 9.997826e-01 -9.798056e-03 -4.935635e-01 9.198974e-02 8.064947e-03 9.957273e-01 4.859809e+01
9.956102e-01 -2.064672e-02 -9.129042e-02 -3.573841e+00 1.994174e-02 9.997639e-01 -8.627979e-03 -5.241589e-01 9.144700e-02 6.769615e-03 9.957869e-01 4.957424e+01
9.954350e-01 -2.482856e-02 -9.215572e-02 -3.634937e+00 2.395944e-02 9.996575e-01 -1.052551e-02 -5.375208e-01 9.238549e-02 8.269466e-03 9.956890e-01 5.058442e+01
9.953545e-01 -2.837188e-02 -9.200218e-02 -3.725678e+00 2.731148e-02 9.995455e-01 -1.276463e-02 -5.505005e-01 9.232251e-02 1.019261e-02 9.956770e-01 5.158960e+01
9.951940e-01 -2.866733e-02 -9.363332e-02 -3.807261e+00 2.776183e-02 9.995545e-01 -1.095933e-02 -5.795850e-01 9.390578e-02 8.307222e-03 9.955465e-01 5.247699e+01
9.949913e-01 -3.142392e-02 -9.489381e-02 -3.888038e+00 3.095173e-02 9.995001e-01 -6.444053e-03 -6.047001e-01 9.504887e-02 3.474649e-03 9.954665e-01 5.332012e+01
9.950059e-01 -3.039479e-02 -9.507580e-02 -4.002416e+00 3.032591e-02 9.995377e-01 -2.169603e-03 -6.182481e-01 9.509780e-02 -7.244927e-04 9.954677e-01 5.423322e+01
9.949712e-01 -3.057388e-02 -9.538137e-02 -4.117541e+00 3.067702e-02 9.995293e-01 -3.851803e-04 -6.247624e-01 9.534825e-02 -2.542773e-03 9.954407e-01 5.517934e+01
9.948514e-01 -3.112155e-02 -9.644831e-02 -4.214969e+00 3.072780e-02 9.995123e-01 -5.565397e-03 -6.296232e-01 9.657448e-02 2.573098e-03 9.953224e-01 5.593205e+01
9.947890e-01 -3.010507e-02 -9.740880e-02 -4.285645e+00 2.900694e-02 9.994989e-01 -1.267038e-02 -6.441482e-01 9.774143e-02 9.778824e-03 9.951638e-01 5.685814e+01
9.948180e-01 -2.695188e-02 -9.803469e-02 -4.390260e+00 2.530459e-02 9.995176e-01 -1.800817e-02 -6.644130e-01 9.847274e-02 1.543412e-02 9.950200e-01 5.771663e+01
9.948583e-01 -2.246612e-02 -9.875369e-02 -4.510550e+00 2.078833e-02 9.996221e-01 -1.798603e-02 -6.867188e-01 9.912045e-02 1.584063e-02 9.949493e-01 5.864237e+01
9.948610e-01 -1.839065e-02 -9.956569e-02 -4.618729e+00 1.697036e-02 9.997421e-01 -1.509306e-02 -7.229392e-01 9.981758e-02 1.332584e-02 9.949165e-01 5.956091e+01
9.946933e-01 -1.821193e-02 -1.012599e-01 -4.713075e+00 1.694558e-02 9.997672e-01 -1.335209e-02 -7.531586e-01 1.014795e-01 1.156532e-02 9.947704e-01 6.041237e+01
9.945189e-01 -1.879047e-02 -1.028544e-01 -4.798382e+00 1.751019e-02 9.997578e-01 -1.333637e-02 -7.715533e-01 1.030800e-01 1.146228e-02 9.946070e-01 6.126331e+01
9.943501e-01 -1.659605e-02 -1.048453e-01 -4.886991e+00 1.529264e-02 9.997956e-01 -1.322350e-02 -7.912167e-01 1.050433e-01 1.154543e-02 9.944006e-01 6.207944e+01
9.942808e-01 -1.192954e-02 -1.061289e-01 -4.989107e+00 1.052540e-02 9.998496e-01 -1.378083e-02 -8.092560e-01 1.062773e-01 1.258496e-02 9.942569e-01 6.292099e+01
9.941967e-01 -1.164312e-02 -1.069459e-01 -5.124508e+00 1.021543e-02 9.998514e-01 -1.388774e-02 -8.280982e-01 1.070917e-01 1.271465e-02 9.941679e-01 6.371108e+01
9.939561e-01 -9.742158e-03 -1.093452e-01 -5.160016e+00 8.405575e-03 9.998843e-01 -1.267782e-02 -8.468030e-01 1.094560e-01 1.168209e-02 9.939230e-01 6.445749e+01
9.938421e-01 -7.442291e-03 -1.105551e-01 -5.265511e+00 6.348465e-03 9.999274e-01 -1.024267e-02 -8.579063e-01 1.106233e-01 9.477742e-03 9.938172e-01 6.516662e+01
9.937502e-01 -6.852721e-03 -1.114163e-01 -5.384506e+00 6.102196e-03 9.999564e-01 -7.075840e-03 -8.664821e-01 1.114599e-01 6.351734e-03 9.937487e-01 6.587021e+01
9.935655e-01 -2.233520e-03 -1.132368e-01 -5.492948e+00 1.722331e-03 9.999879e-01 -4.611958e-03 -8.946154e-01 1.132457e-01 4.387251e-03 9.935573e-01 6.665918e+01
9.933792e-01 2.105138e-03 -1.148623e-01 -5.570270e+00 -3.111615e-03 9.999583e-01 -8.583864e-03 -9.166308e-01 1.148395e-01 8.884439e-03 9.933443e-01 6.735306e+01
9.931474e-01 -1.017747e-03 -1.168639e-01 -5.656421e+00 -8.507980e-04 9.998726e-01 -1.593807e-02 -9.282392e-01 1.168652e-01 1.592828e-02 9.930201e-01 6.812935e+01
9.929985e-01 9.911673e-04 -1.181224e-01 -5.725543e+00 -3.520143e-03 9.997690e-01 -2.120309e-02 -9.516579e-01 1.180741e-01 2.147044e-02 9.927726e-01 6.847656e+01
9.929656e-01 1.790132e-03 -1.183891e-01 -5.821119e+00 -4.501935e-03 9.997335e-01 -2.264238e-02 -9.651271e-01 1.183171e-01 2.301608e-02 9.927091e-01 6.914207e+01
9.927670e-01 4.923823e-03 -1.199556e-01 -5.906147e+00 -7.248617e-03 9.997941e-01 -1.895183e-02 -9.967356e-01 1.198376e-01 1.968427e-02 9.925984e-01 6.990553e+01
9.926070e-01 5.471550e-03 -1.212495e-01 -5.989722e+00 -7.560343e-03 9.998307e-01 -1.677388e-02 -1.024729e+00 1.211372e-01 1.756656e-02 9.924803e-01 7.051890e+01
9.924973e-01 2.899660e-03 -1.222321e-01 -6.099387e+00 -5.384032e-03 9.997855e-01 -1.999966e-02 -1.056915e+00 1.221478e-01 2.050771e-02 9.923000e-01 7.123387e+01
9.923686e-01 -5.646330e-03 -1.231771e-01 -6.102735e+00 2.554362e-03 9.996780e-01 -2.524531e-02 -1.068391e+00 1.232800e-01 2.473802e-02 9.920635e-01 7.149883e+01
9.925836e-01 -9.150834e-03 -1.212188e-01 -6.209654e+00 5.549511e-03 9.995341e-01 -3.001362e-02 -1.093917e+00 1.214370e-01 2.911833e-02 9.921719e-01 7.225558e+01
9.928558e-01 -7.128867e-03 -1.191068e-01 -6.251448e+00 3.482457e-03 9.995196e-01 -3.079476e-02 -1.097870e+00 1.192691e-01 3.015998e-02 9.924038e-01 7.256980e+01
9.934549e-01 -1.396152e-03 -1.142161e-01 -6.345219e+00 -1.723296e-03 9.996283e-01 -2.720850e-02 -1.129137e+00 1.142117e-01 2.722724e-02 9.930832e-01 7.323823e+01
9.940081e-01 -3.811702e-03 -1.092397e-01 -6.422946e+00 1.157418e-03 9.997028e-01 -2.435091e-02 -1.144765e+00 1.093001e-01 2.407856e-02 9.937171e-01 7.378136e+01
9.943810e-01 -7.755819e-03 -1.055757e-01 -6.422506e+00 5.704778e-03 9.997894e-01 -1.971535e-02 -1.175007e+00 1.057064e-01 1.900228e-02 9.942158e-01 7.439468e+01
9.951758e-01 -1.219693e-02 -9.734598e-02 -6.468231e+00 1.066778e-02 9.998116e-01 -1.621351e-02 -1.201805e+00 9.752540e-02 1.509683e-02 9.951185e-01 7.498405e+01
9.961661e-01 -9.411118e-03 -8.697511e-02 -6.528606e+00 8.027906e-03 9.998359e-01 -1.623967e-02 -1.217994e+00 8.711367e-02 1.547918e-02 9.960781e-01 7.560984e+01
9.974111e-01 -4.968546e-03 -7.173809e-02 -6.561335e+00 3.803710e-03 9.998589e-01 -1.636483e-02 -1.236344e+00 7.180927e-02 1.604959e-02 9.972892e-01 7.612533e+01
9.985719e-01 -7.658987e-04 -5.341941e-02 -6.606990e+00 -7.996322e-05 9.998747e-01 -1.583042e-02 -1.244802e+00 5.342484e-02 1.581208e-02 9.984467e-01 7.661003e+01
9.994923e-01 -2.254429e-03 -3.177961e-02 -6.595062e+00 1.774478e-03 9.998841e-01 -1.512261e-02 -1.255944e+00 3.181002e-02 1.505854e-02 9.993805e-01 7.707331e+01
9.999675e-01 -6.340119e-03 -4.993665e-03 -6.582030e+00 6.267539e-03 9.998764e-01 -1.441844e-02 -1.260290e+00 5.084462e-03 1.438667e-02 9.998836e-01 7.746893e+01
9.997033e-01 -6.931216e-03 2.334839e-02 -6.534791e+00 7.228093e-03 9.998938e-01 -1.265476e-02 -1.271583e+00 -2.325820e-02 1.281977e-02 9.996473e-01 7.788536e+01
9.984139e-01 -7.614807e-03 5.578304e-02 -6.497860e+00 8.185946e-03 9.999163e-01 -1.001725e-02 -1.292088e+00 -5.570210e-02 1.045800e-02 9.983926e-01 7.833022e+01
9.956220e-01 -7.616873e-03 9.315963e-02 -6.420500e+00 8.513721e-03 9.999211e-01 -9.233354e-03 -1.298269e+00 -9.308195e-02 9.986065e-03 9.956084e-01 7.883748e+01
9.907786e-01 -7.747109e-03 1.352690e-01 -6.334891e+00 8.896345e-03 9.999292e-01 -7.893511e-03 -1.313710e+00 -1.351983e-01 9.024122e-03 9.907775e-01 7.929707e+01
9.835660e-01 -8.966043e-03 1.803259e-01 -6.226477e+00 1.031847e-02 9.999252e-01 -6.563240e-03 -1.329391e+00 -1.802536e-01 8.316067e-03 9.835850e-01 7.973345e+01
9.731451e-01 -8.029260e-03 2.300527e-01 -6.110345e+00 9.962159e-03 9.999242e-01 -7.241711e-03 -1.344581e+00 -2.299771e-01 9.339058e-03 9.731512e-01 8.021320e+01
9.587655e-01 -8.878845e-03 2.840597e-01 -5.955045e+00 1.136299e-02 9.999102e-01 -7.098489e-03 -1.374145e+00 -2.839712e-01 1.003355e-02 9.587803e-01 8.066573e+01
9.400604e-01 -9.488056e-03 3.408758e-01 -5.783377e+00 1.304079e-02 9.998819e-01 -8.132574e-03 -1.381885e+00 -3.407584e-01 1.209040e-02 9.400731e-01 8.108056e+01
9.168912e-01 -8.986204e-03 3.990360e-01 -5.583412e+00 1.370216e-02 9.998659e-01 -8.967580e-03 -1.386798e+00 -3.989018e-01 1.368995e-02 9.168915e-01 8.147655e+01
8.895003e-01 -8.852550e-03 4.568488e-01 -5.366961e+00 1.504806e-02 9.998375e-01 -9.924819e-03 -1.388946e+00 -4.566867e-01 1.570282e-02 8.894890e-01 8.181299e+01
8.574768e-01 -1.030828e-02 5.144194e-01 -5.133371e+00 1.812494e-02 9.997839e-01 -1.017781e-02 -1.400940e+00 -5.142033e-01 1.805105e-02 8.574783e-01 8.213641e+01
8.233727e-01 -1.370036e-02 5.673357e-01 -4.833837e+00 2.150777e-02 9.997437e-01 -7.071761e-03 -1.429154e+00 -5.670934e-01 1.802482e-02 8.234562e-01 8.245034e+01
7.895653e-01 -1.410787e-02 6.135044e-01 -4.484124e+00 2.399778e-02 9.996808e-01 -7.896353e-03 -1.408199e+00 -6.131972e-01 2.095743e-02 7.896518e-01 8.268035e+01
7.514291e-01 -1.687834e-02 6.595979e-01 -4.142179e+00 2.402250e-02 9.997098e-01 -1.785576e-03 -1.430628e+00 -6.593764e-01 1.718692e-02 7.516165e-01 8.292114e+01
7.103826e-01 -1.926183e-02 7.035521e-01 -3.797706e+00 2.604221e-02 9.996603e-01 1.073630e-03 -1.436195e+00 -7.033337e-01 1.755936e-02 7.106429e-01 8.314443e+01
6.706820e-01 -2.115013e-02 7.414434e-01 -3.410752e+00 3.526225e-02 9.993724e-01 -3.389206e-03 -1.395582e+00 -7.409064e-01 2.841805e-02 6.710069e-01 8.334177e+01
6.286541e-01 -2.513680e-02 7.772788e-01 -3.055686e+00 4.222950e-02 9.991062e-01 -1.844145e-03 -1.399027e+00 -7.765377e-01 3.398342e-02 6.291537e-01 8.350220e+01
5.897371e-01 -2.297965e-02 8.072684e-01 -2.628577e+00 2.935975e-02 9.995444e-01 7.004667e-03 -1.468513e+00 -8.070615e-01 1.957029e-02 5.901430e-01 8.365276e+01
5.469584e-01 -2.164907e-02 8.368798e-01 -2.234425e+00 1.838482e-02 9.997351e-01 1.384619e-02 -1.528121e+00 -8.369579e-01 7.812593e-03 5.472115e-01 8.384048e+01
5.091895e-01 -2.058922e-02 8.604081e-01 -1.795812e+00 1.183229e-02 9.997868e-01 1.692215e-02 -1.564391e+00 -8.605731e-01 1.564011e-03 5.093246e-01 8.394920e+01
4.720050e-01 -2.529787e-02 8.812329e-01 -1.353139e+00 1.755385e-02 9.996597e-01 1.929542e-02 -1.578842e+00 -8.814211e-01 6.361493e-03 4.722884e-01 8.408311e+01
4.381655e-01 -3.362167e-02 8.982654e-01 -8.623814e-01 3.763929e-02 9.991100e-01 1.903614e-02 -1.540455e+00 -8.981060e-01 2.546909e-02 4.390410e-01 8.420087e+01
4.065818e-01 -3.868600e-02 9.127951e-01 -4.511146e-01 3.961462e-02 9.989100e-01 2.469037e-02 -1.549677e+00 -9.127553e-01 2.612136e-02 4.076711e-01 8.430656e+01
3.759623e-01 -3.517297e-02 9.259672e-01 -8.321282e-02 3.709633e-02 9.990495e-01 2.288712e-02 -1.546955e+00 -9.258921e-01 2.574529e-02 3.769097e-01 8.443115e+01
3.477445e-01 -2.761226e-02 9.371827e-01 3.083797e-01 2.320303e-02 9.995136e-01 2.083916e-02 -1.560162e+00 -9.373022e-01 1.449878e-02 3.482161e-01 8.456602e+01
3.215489e-01 -2.348740e-02 9.466016e-01 6.990281e-01 1.940379e-02 9.996458e-01 1.821232e-02 -1.564436e+00 -9.466941e-01 1.251150e-02 3.218908e-01 8.466222e+01
2.961771e-01 -2.226572e-02 9.548734e-01 1.078678e+00 1.955419e-02 9.996601e-01 1.724485e-02 -1.569155e+00 -9.549329e-01 1.356425e-02 2.965118e-01 8.476146e+01
2.730051e-01 -2.041463e-02 9.617960e-01 1.443488e+00 2.723876e-02 9.995380e-01 1.348402e-02 -1.547190e+00 -9.616270e-01 2.251692e-02 2.734351e-01 8.482955e+01
2.522086e-01 -1.505467e-02 9.675559e-01 1.815913e+00 3.207175e-02 9.994597e-01 7.191073e-03 -1.549242e+00 -9.671413e-01 2.921756e-02 2.525552e-01 8.491478e+01
2.325951e-01 -6.941760e-03 9.725489e-01 2.184974e+00 3.544320e-02 9.993708e-01 -1.343399e-03 -1.501475e+00 -9.719276e-01 3.478272e-02 2.326947e-01 8.496993e+01
2.141006e-01 -5.361957e-03 9.767969e-01 2.499961e+00 3.303618e-02 9.994526e-01 -1.754760e-03 -1.490238e+00 -9.762528e-01 3.264533e-02 2.141606e-01 8.506856e+01
1.977700e-01 -7.723932e-03 9.802181e-01 2.681087e+00 2.998258e-02 9.995487e-01 1.826932e-03 -1.478903e+00 -9.797899e-01 2.902815e-02 1.979123e-01 8.510529e+01
1.815819e-01 -9.627040e-03 9.833288e-01 2.839752e+00 2.542704e-02 9.996637e-01 5.091595e-03 -1.479782e+00 -9.830471e-01 2.407860e-02 1.817656e-01 8.516737e+01
1.653005e-01 -8.224978e-03 9.862090e-01 3.056638e+00 1.682413e-02 9.998432e-01 5.518761e-03 -1.462307e+00 -9.860998e-01 1.567985e-02 1.654129e-01 8.520354e+01
1.492591e-01 -7.439975e-03 9.887702e-01 3.194575e+00 2.259870e-02 9.997362e-01 4.111115e-03 -1.446453e+00 -9.885400e-01 2.173130e-02 1.493878e-01 8.540653e+01
1.386579e-01 -3.550320e-03 9.903340e-01 3.413803e+00 2.544668e-02 9.996762e-01 2.098818e-05 -1.416987e+00 -9.900134e-01 2.519780e-02 1.387034e-01 8.543459e+01
1.329073e-01 5.224696e-05 9.911285e-01 3.621457e+00 2.700174e-02 9.996287e-01 -3.673544e-03 -1.382046e+00 -9.907606e-01 2.725043e-02 1.328565e-01 8.540097e+01
1.294839e-01 5.133417e-03 9.915683e-01 3.882401e+00 3.151253e-02 9.994602e-01 -9.289341e-03 -1.326465e+00 -9.910808e-01 3.244964e-02 1.292522e-01 8.539465e+01
1.274152e-01 1.003084e-02 9.917988e-01 4.189308e+00 2.936535e-02 9.994724e-01 -1.388099e-02 -1.280954e+00 -9.914148e-01 3.089316e-02 1.270534e-01 8.531382e+01
1.228966e-01 1.455901e-02 9.923127e-01 4.461645e+00 3.228100e-02 9.993047e-01 -1.865956e-02 -1.256661e+00 -9.918944e-01 3.432604e-02 1.223412e-01 8.533183e+01
1.188024e-01 1.413775e-02 9.928173e-01 4.997127e+00 3.761857e-02 9.991167e-01 -1.872897e-02 -1.268368e+00 -9.922051e-01 3.957342e-02 1.181656e-01 8.539874e+01
1.160317e-01 1.451727e-02 9.931394e-01 5.575221e+00 3.936188e-02 9.990405e-01 -1.920231e-02 -1.270967e+00 -9.924653e-01 4.131991e-02 1.153489e-01 8.545982e+01
1.136764e-01 1.467543e-02 9.934095e-01 6.180309e+00 4.146748e-02 9.989495e-01 -1.950242e-02 -1.275858e+00 -9.926521e-01 4.341115e-02 1.129485e-01 8.552994e+01
1.105552e-01 1.417948e-02 9.937688e-01 6.810048e+00 4.195886e-02 9.989402e-01 -1.892112e-02 -1.284578e+00 -9.929839e-01 4.378924e-02 1.098431e-01 8.559936e+01
1.094878e-01 1.449860e-02 9.938825e-01 7.376598e+00 4.510182e-02 9.987913e-01 -1.953871e-02 -1.284155e+00 -9.929645e-01 4.696516e-02 1.087016e-01 8.567130e+01
1.099871e-01 1.581326e-02 9.938073e-01 7.531128e+00 4.470523e-02 9.987828e-01 -2.084007e-02 -1.265293e+00 -9.929272e-01 4.672052e-02 1.091462e-01 8.568177e+01
1.120066e-01 1.585864e-02 9.935809e-01 8.137305e+00 4.720891e-02 9.986587e-01 -2.126156e-02 -1.273362e+00 -9.925855e-01 4.928730e-02 1.111077e-01 8.575608e+01
1.155427e-01 1.597770e-02 9.931741e-01 8.495172e+00 4.787185e-02 9.986191e-01 -2.163456e-02 -1.265170e+00 -9.921483e-01 5.004479e-02 1.146183e-01 8.573782e+01
1.192541e-01 1.646439e-02 9.927273e-01 8.623642e+00 4.657975e-02 9.986688e-01 -2.215846e-02 -1.254593e+00 -9.917706e-01 4.888347e-02 1.183284e-01 8.574157e+01
1.269701e-01 1.706335e-02 9.917598e-01 8.923100e+00 4.785977e-02 9.985821e-01 -2.330798e-02 -1.228030e+00 -9.907513e-01 5.042481e-02 1.259735e-01 8.569312e+01
1.347359e-01 1.625009e-02 9.907483e-01 9.215927e+00 4.796318e-02 9.985865e-01 -2.290135e-02 -1.217293e+00 -9.897200e-01 5.060507e-02 1.337660e-01 8.561909e+01
1.406302e-01 1.531356e-02 9.899437e-01 9.722950e+00 4.418508e-02 9.987870e-01 -2.172724e-02 -1.217123e+00 -9.890757e-01 4.679625e-02 1.397830e-01 8.559045e+01
1.418108e-01 1.460058e-02 9.897861e-01 1.040114e+01 4.382530e-02 9.988182e-01 -2.101285e-02 -1.229990e+00 -9.889232e-01 4.635752e-02 1.410034e-01 8.576480e+01
1.446266e-01 1.545618e-02 9.893656e-01 1.120646e+01 4.210297e-02 9.988763e-01 -2.175942e-02 -1.252934e+00 -9.885902e-01 4.480221e-02 1.438134e-01 8.592484e+01
1.472887e-01 2.044650e-02 9.888822e-01 1.195289e+01 4.111682e-02 9.987955e-01 -2.677561e-02 -1.269928e+00 -9.882386e-01 4.460343e-02 1.462706e-01 8.604020e+01
1.382744e-01 2.716253e-02 9.900215e-01 1.242908e+01 3.561038e-02 9.988411e-01 -3.237815e-02 -1.274408e+00 -9.897536e-01 3.973211e-02 1.371468e-01 8.638783e+01
1.335089e-01 3.373538e-02 9.904733e-01 1.299881e+01 3.395546e-02 9.986780e-01 -3.859179e-02 -1.259472e+00 -9.904658e-01 3.878432e-02 1.321868e-01 8.658036e+01
1.292321e-01 3.421894e-02 9.910238e-01 1.368017e+01 3.181330e-02 9.987469e-01 -3.863415e-02 -1.278980e+00 -9.911039e-01 3.652051e-02 1.279816e-01 8.676602e+01
1.273958e-01 3.349663e-02 9.912862e-01 1.452715e+01 2.814267e-02 9.989051e-01 -3.737086e-02 -1.321589e+00 -9.914526e-01 3.265833e-02 1.263136e-01 8.693251e+01
1.229500e-01 3.356990e-02 9.918451e-01 1.524987e+01 2.904536e-02 9.988779e-01 -3.740843e-02 -1.335601e+00 -9.919879e-01 3.340787e-02 1.218370e-01 8.712666e+01
1.142765e-01 3.430983e-02 9.928564e-01 1.586540e+01 2.732421e-02 9.989168e-01 -3.766424e-02 -1.355531e+00 -9.930732e-01 3.143316e-02 1.132152e-01 8.738725e+01
1.129977e-01 3.561168e-02 9.929570e-01 1.665157e+01 2.434608e-02 9.989582e-01 -3.859748e-02 -1.391037e+00 -9.932970e-01 2.853603e-02 1.120130e-01 8.751800e+01
1.115435e-01 3.686106e-02 9.930757e-01 1.744554e+01 2.192949e-02 9.989772e-01 -3.954326e-02 -1.429732e+00 -9.935176e-01 2.618844e-02 1.106211e-01 8.763979e+01
1.081777e-01 3.885325e-02 9.933721e-01 1.824259e+01 1.906685e-02 9.989711e-01 -4.114862e-02 -1.469447e+00 -9.939488e-01 2.339184e-02 1.073256e-01 8.777020e+01
1.049407e-01 3.964377e-02 9.936880e-01 1.899888e+01 1.679225e-02 9.989920e-01 -4.162876e-02 -1.488313e+00 -9.943367e-01 2.105481e-02 1.041692e-01 8.785847e+01
1.018384e-01 3.914924e-02 9.940303e-01 1.984016e+01 1.985893e-02 9.989462e-01 -4.137740e-02 -1.506051e+00 -9.946027e-01 2.395419e-02 1.009536e-01 8.794322e+01
9.692872e-02 3.742968e-02 9.945872e-01 2.066294e+01 1.871777e-02 9.990473e-01 -3.942169e-02 -1.542821e+00 -9.951153e-01 2.243755e-02 9.613580e-02 8.802644e+01
9.059131e-02 3.576272e-02 9.952458e-01 2.147198e+01 1.815205e-02 9.991297e-01 -3.755456e-02 -1.576560e+00 -9.957227e-01 2.146786e-02 8.986330e-02 8.810456e+01
8.286703e-02 3.621569e-02 9.959025e-01 2.225411e+01 1.800900e-02 9.991218e-01 -3.783126e-02 -1.613528e+00 -9.963980e-01 2.107018e-02 8.214206e-02 8.818628e+01
7.222426e-02 3.922324e-02 9.966169e-01 2.300553e+01 1.821937e-02 9.990078e-01 -4.063768e-02 -1.630726e+00 -9.972221e-01 2.109276e-02 7.143795e-02 8.825278e+01
6.061238e-02 3.963240e-02 9.973743e-01 2.380460e+01 1.957837e-02 9.989720e-01 -4.088571e-02 -1.668540e+00 -9.979694e-01 2.200515e-02 5.977416e-02 8.832903e+01
4.793483e-02 3.909508e-02 9.980853e-01 2.457971e+01 2.062037e-02 9.989821e-01 -4.012055e-02 -1.701216e+00 -9.986377e-01 2.250406e-02 4.707986e-02 8.840413e+01
3.520370e-02 3.901540e-02 9.986185e-01 2.530478e+01 2.252902e-02 9.989527e-01 -3.982268e-02 -1.726238e+00 -9.991264e-01 2.389981e-02 3.428781e-02 8.845855e+01
1.880366e-02 4.067612e-02 9.989956e-01 2.603652e+01 1.868600e-02 9.989833e-01 -4.102735e-02 -1.746237e+00 -9.996487e-01 1.943870e-02 1.802450e-02 8.852248e+01
3.543139e-03 4.277945e-02 9.990784e-01 2.674670e+01 2.037404e-02 9.988741e-01 -4.284296e-02 -1.750031e+00 -9.997863e-01 2.050707e-02 2.667546e-03 8.856162e+01
-1.341045e-02 4.573005e-02 9.988639e-01 2.737755e+01 1.884031e-02 9.987879e-01 -4.547363e-02 -1.754227e+00 -9.997327e-01 1.820910e-02 -1.425576e-02 8.860462e+01
-3.151071e-02 4.876447e-02 9.983131e-01 2.788641e+01 1.498298e-02 9.987199e-01 -4.831142e-02 -1.752956e+00 -9.993911e-01 1.343538e-02 -3.220093e-02 8.869996e+01
-4.651690e-02 5.077906e-02 9.976260e-01 2.824931e+01 1.434584e-02 9.986381e-01 -5.016166e-02 -1.758264e+00 -9.988145e-01 1.197842e-02 -4.718196e-02 8.874697e+01
-6.704509e-02 5.438542e-02 9.962667e-01 2.893633e+01 1.163639e-02 9.984881e-01 -5.372360e-02 -1.759944e+00 -9.976822e-01 7.991047e-03 -6.757665e-02 8.888045e+01
-8.855224e-02 5.773103e-02 9.943971e-01 2.954378e+01 1.039227e-02 9.983182e-01 -5.703323e-02 -1.763036e+00 -9.960173e-01 5.283627e-03 -8.900332e-02 8.903011e+01
-1.052634e-01 6.041043e-02 9.926078e-01 3.019648e+01 1.061061e-02 9.981645e-01 -5.962339e-02 -1.781730e+00 -9.943877e-01 4.256014e-03 -1.057112e-01 8.907060e+01
-1.169875e-01 6.191384e-02 9.912016e-01 3.086485e+01 1.119614e-02 9.980736e-01 -6.102165e-02 -1.804727e+00 -9.930703e-01 3.958867e-03 -1.174554e-01 8.903630e+01
-1.272686e-01 6.406947e-02 9.897969e-01 3.144461e+01 1.433224e-02 9.979262e-01 -6.275284e-02 -1.822892e+00 -9.917648e-01 6.199553e-03 -1.279229e-01 8.900394e+01
-1.340868e-01 6.271213e-02 9.889835e-01 3.206441e+01 1.740499e-02 9.979907e-01 -6.092351e-02 -1.868265e+00 -9.908170e-01 9.044217e-03 -1.349089e-01 8.894051e+01
-1.391379e-01 6.238313e-02 9.883062e-01 3.271290e+01 2.076512e-02 9.979782e-01 -6.007024e-02 -1.905516e+00 -9.900553e-01 1.216426e-02 -1.401520e-01 8.886686e+01
-1.421274e-01 6.190275e-02 9.879110e-01 3.343761e+01 2.301884e-02 9.979794e-01 -5.922201e-02 -1.956125e+00 -9.895808e-01 1.432351e-02 -1.432651e-01 8.877368e+01
-1.440349e-01 6.257335e-02 9.875923e-01 3.403711e+01 1.935767e-02 9.979860e-01 -6.040869e-02 -1.974586e+00 -9.893832e-01 1.041654e-02 -1.449560e-01 8.868995e+01
-1.445181e-01 6.307086e-02 9.874900e-01 3.468395e+01 2.307193e-02 9.979100e-01 -6.035983e-02 -2.034935e+00 -9.892331e-01 1.406021e-02 -1.456712e-01 8.860471e+01
-1.449088e-01 6.443017e-02 9.873452e-01 3.536290e+01 2.405618e-02 9.978120e-01 -6.158257e-02 -2.082140e+00 -9.891527e-01 1.482791e-02 -1.461416e-01 8.852013e+01
-1.427420e-01 6.803396e-02 9.874189e-01 3.597148e+01 2.515655e-02 9.975619e-01 -6.509616e-02 -2.116655e+00 -9.894402e-01 1.554810e-02 -1.441054e-01 8.844607e+01
-1.413714e-01 7.023145e-02 9.874623e-01 3.649167e+01 2.313887e-02 9.974422e-01 -6.762855e-02 -2.137423e+00 -9.896863e-01 1.328803e-02 -1.426349e-01 8.843080e+01
-1.351563e-01 7.374744e-02 9.880760e-01 3.707067e+01 2.182944e-02 9.972058e-01 -7.144287e-02 -2.159487e+00 -9.905838e-01 1.191319e-02 -1.363885e-01 8.833797e+01
-1.318473e-01 7.691091e-02 9.882820e-01 3.748415e+01 1.782247e-02 9.970083e-01 -7.521232e-02 -2.155679e+00 -9.911100e-01 7.697096e-03 -1.328236e-01 8.839698e+01
-1.248406e-01 7.892738e-02 9.890325e-01 3.782701e+01 1.354654e-02 9.968736e-01 -7.784320e-02 -2.155996e+00 -9.920843e-01 3.679987e-03 -1.255195e-01 8.845526e+01
-1.122760e-01 8.439251e-02 9.900869e-01 3.834473e+01 8.311555e-03 9.964319e-01 -8.399081e-02 -2.152284e+00 -9.936423e-01 -1.200984e-03 -1.125768e-01 8.846085e+01
-9.729505e-02 9.124587e-02 9.910641e-01 3.881392e+01 7.212150e-03 9.958270e-01 -9.097635e-02 -2.150074e+00 -9.952295e-01 -1.703833e-03 -9.754705e-02 8.853744e+01
-7.275116e-02 9.708310e-02 9.926138e-01 3.930883e+01 6.216343e-03 9.952759e-01 -9.688785e-02 -2.167038e+00 -9.973307e-01 -8.782710e-04 -7.301092e-02 8.852964e+01
-4.299498e-02 9.776585e-02 9.942805e-01 3.977433e+01 3.616191e-05 9.952007e-01 -9.785479e-02 -2.229913e+00 -9.990755e-01 -4.171290e-03 -4.279220e-02 8.849277e+01
-1.027560e-02 9.839184e-02 9.950948e-01 4.029894e+01 -3.828358e-03 9.951361e-01 -9.843546e-02 -2.273580e+00 -9.999399e-01 -4.821066e-03 -9.848952e-03 8.850880e+01
2.723038e-02 9.568351e-02 9.950393e-01 4.087311e+01 -1.034179e-02 9.953821e-01 -9.543346e-02 -2.335649e+00 -9.995757e-01 -7.691792e-03 2.809417e-02 8.853328e+01
7.134819e-02 9.510092e-02 9.929076e-01 4.137138e+01 -1.024196e-02 9.954618e-01 -9.460960e-02 -2.363922e+00 -9.973990e-01 -3.419080e-03 7.199842e-02 8.857657e+01
1.153235e-01 9.116390e-02 9.891358e-01 4.188984e+01 -1.515804e-02 9.958252e-01 -9.001315e-02 -2.418599e+00 -9.932123e-01 -4.612718e-03 1.162240e-01 8.866795e+01
1.621194e-01 8.728454e-02 9.829032e-01 4.240475e+01 -2.340492e-02 9.961401e-01 -8.459962e-02 -2.478419e+00 -9.864936e-01 -9.289535e-03 1.635365e-01 8.879709e+01
2.088956e-01 8.513109e-02 9.742256e-01 4.297029e+01 -3.267787e-02 9.962551e-01 -8.004925e-02 -2.538482e+00 -9.773920e-01 -1.511366e-02 2.108952e-01 8.898862e+01
2.605211e-01 8.773848e-02 9.614732e-01 4.345328e+01 -3.575266e-02 9.960558e-01 -8.120674e-02 -2.555398e+00 -9.648060e-01 -1.321916e-02 2.626304e-01 8.919424e+01
3.116054e-01 8.976867e-02 9.459617e-01 4.392691e+01 -3.682777e-02 9.959204e-01 -8.237830e-02 -2.592045e+00 -9.494976e-01 -9.168139e-03 3.136402e-01 8.947770e+01
3.714794e-01 9.529686e-02 9.235376e-01 4.436076e+01 -3.926654e-02 9.954410e-01 -8.692196e-02 -2.621806e+00 -9.276105e-01 -3.974400e-03 3.735278e-01 8.971270e+01
4.259183e-01 9.991461e-02 8.992279e-01 4.473774e+01 -4.179530e-02 9.949954e-01 -9.075920e-02 -2.651562e+00 -9.037958e-01 1.072524e-03 4.279628e-01 9.003868e+01
4.812252e-01 1.037978e-01 8.704300e-01 4.511313e+01 -4.845230e-02 9.945964e-01 -9.181722e-02 -2.690757e+00 -8.752570e-01 2.010438e-03 4.836541e-01 9.036020e+01
5.373578e-01 1.049529e-01 8.367984e-01 4.549188e+01 -5.323154e-02 9.944687e-01 -9.054507e-02 -2.743533e+00 -8.416728e-01 4.111035e-03 5.399723e-01 9.069426e+01
5.842634e-01 1.253453e-01 8.018259e-01 4.583062e+01 -7.439429e-02 9.921129e-01 -1.008833e-01 -2.658696e+00 -8.081471e-01 -7.088320e-04 5.889802e-01 9.110870e+01
6.342983e-01 1.343919e-01 7.613177e-01 4.620871e+01 -8.954226e-02 9.909179e-01 -1.003193e-01 -2.642225e+00 -7.678854e-01 -4.537742e-03 6.405712e-01 9.147286e+01
6.846476e-01 1.290277e-01 7.173629e-01 4.655007e+01 -9.685446e-02 9.915837e-01 -8.591266e-02 -2.712820e+00 -7.224104e-01 -1.065990e-02 6.913823e-01 9.185189e+01
7.305588e-01 1.249174e-01 6.713267e-01 4.684059e+01 -1.023752e-01 9.920498e-01 -7.318813e-02 -2.749809e+00 -6.751320e-01 -1.525897e-02 7.375391e-01 9.225381e+01
7.706975e-01 1.215234e-01 6.255058e-01 4.711731e+01 -1.067555e-01 9.923959e-01 -6.126743e-02 -2.782017e+00 -6.281948e-01 -1.955752e-02 7.778102e-01 9.274805e+01
8.037406e-01 1.198244e-01 5.827892e-01 4.732929e+01 -1.128390e-01 9.924324e-01 -4.842967e-02 -2.795108e+00 -5.841819e-01 -2.683647e-02 8.111790e-01 9.328696e+01
8.327706e-01 1.196574e-01 5.405323e-01 4.754213e+01 -1.187359e-01 9.922466e-01 -3.672284e-02 -2.816973e+00 -5.407355e-01 -3.359890e-02 8.405215e-01 9.385768e+01
8.575718e-01 1.203293e-01 5.000915e-01 4.772954e+01 -1.233529e-01 9.919912e-01 -2.715823e-02 -2.842874e+00 -4.993543e-01 -3.839758e-02 8.655466e-01 9.434808e+01
8.765679e-01 1.247546e-01 4.648280e-01 4.790139e+01 -1.305503e-01 9.912430e-01 -1.984795e-02 -2.844645e+00 -4.632336e-01 -4.328536e-02 8.851785e-01 9.485338e+01
8.927027e-01 1.288929e-01 4.318200e-01 4.804473e+01 -1.346119e-01 9.907449e-01 -1.744139e-02 -2.844516e+00 -4.300716e-01 -4.255815e-02 9.017912e-01 9.523689e+01
9.060901e-01 1.303593e-01 4.025013e-01 4.819841e+01 -1.361094e-01 9.905888e-01 -1.442262e-02 -2.836769e+00 -4.005934e-01 -4.171601e-02 9.153059e-01 9.563454e+01
9.161343e-01 1.252755e-01 3.807939e-01 4.833948e+01 -1.296397e-01 9.914583e-01 -1.428103e-02 -2.816608e+00 -3.793304e-01 -3.628265e-02 9.245496e-01 9.591344e+01
9.236383e-01 1.201192e-01 3.639556e-01 4.846826e+01 -1.233802e-01 9.922554e-01 -1.437043e-02 -2.796308e+00 -3.628630e-01 -3.163183e-02 9.313055e-01 9.614081e+01
9.286824e-01 1.205655e-01 3.507319e-01 4.856406e+01 -1.225597e-01 9.923224e-01 -1.659612e-02 -2.744107e+00 -3.500400e-01 -2.757309e-02 9.363288e-01 9.638267e+01
9.320326e-01 1.217635e-01 3.413047e-01 4.863243e+01 -1.222443e-01 9.922947e-01 -2.018614e-02 -2.684875e+00 -3.411328e-01 -2.290839e-02 9.397359e-01 9.655811e+01
9.335415e-01 1.241387e-01 3.362883e-01 4.870333e+01 -1.211798e-01 9.921814e-01 -2.986055e-02 -2.579036e+00 -3.373658e-01 -1.287527e-02 9.412856e-01 9.680891e+01
9.342399e-01 1.240126e-01 3.343900e-01 4.877127e+01 -1.164298e-01 9.922802e-01 -4.271004e-02 -2.468947e+00 -3.371052e-01 9.684516e-04 9.414665e-01 9.709705e+01
9.343848e-01 1.249692e-01 3.336280e-01 4.879407e+01 -1.157752e-01 9.921445e-01 -4.738491e-02 -2.449151e+00 -3.369289e-01 5.649898e-03 9.415132e-01 9.720232e+01
9.343101e-01 1.230186e-01 3.345610e-01 4.883661e+01 -1.119247e-01 9.923385e-01 -5.231866e-02 -2.437104e+00 -3.384339e-01 1.143622e-02 9.409207e-01 9.727440e+01
9.325153e-01 1.264800e-01 3.382573e-01 4.885834e+01 -1.132991e-01 9.918361e-01 -5.851833e-02 -2.454702e+00 -3.428972e-01 1.624499e-02 9.392325e-01 9.739530e+01
9.318286e-01 1.229905e-01 3.414218e-01 4.889563e+01 -1.073992e-01 9.921360e-01 -6.427738e-02 -2.443697e+00 -3.466424e-01 2.322708e-02 9.377097e-01 9.753230e+01
9.296257e-01 1.281425e-01 3.455077e-01 4.888922e+01 -1.126702e-01 9.915310e-01 -6.458945e-02 -2.440686e+00 -3.508582e-01 2.111559e-02 9.361905e-01 9.762705e+01
9.251058e-01 1.323976e-01 3.558795e-01 4.893232e+01 -1.174366e-01 9.910529e-01 -6.342532e-02 -2.433472e+00 -3.610927e-01 1.688186e-02 9.323771e-01 9.802504e+01
9.236082e-01 1.281590e-01 3.612800e-01 4.900846e+01 -1.131170e-01 9.916091e-01 -6.257707e-02 -2.416590e+00 -3.662683e-01 1.692979e-02 9.303553e-01 9.828176e+01
9.227161e-01 1.227023e-01 3.654300e-01 4.921238e+01 -1.088979e-01 9.923456e-01 -5.823627e-02 -2.450426e+00 -3.697786e-01 1.394099e-02 9.290153e-01 9.878333e+01
9.204419e-01 1.216601e-01 3.714642e-01 4.935315e+01 -1.082506e-01 9.924982e-01 -5.682674e-02 -2.448575e+00 -3.755911e-01 1.209450e-02 9.267066e-01 9.927109e+01
9.200153e-01 1.171644e-01 3.739575e-01 4.955060e+01 -1.026589e-01 9.929919e-01 -5.855087e-02 -2.462514e+00 -3.781969e-01 1.547762e-02 9.255958e-01 9.972567e+01
9.202363e-01 1.130016e-01 3.746942e-01 4.974860e+01 -9.653196e-02 9.933655e-01 -6.250340e-02 -2.501547e+00 -3.792713e-01 2.134793e-02 9.250392e-01 1.002449e+02
9.208205e-01 1.140308e-01 3.729430e-01 4.991962e+01 -9.312694e-02 9.929258e-01 -7.365987e-02 -2.468888e+00 -3.787043e-01 3.309647e-02 9.249258e-01 1.006674e+02
9.197894e-01 1.216335e-01 3.730855e-01 5.006107e+01 -9.677974e-02 9.916940e-01 -8.471581e-02 -2.433440e+00 -3.802909e-01 4.181358e-02 9.239212e-01 1.010967e+02
9.199714e-01 1.228607e-01 3.722336e-01 5.016280e+01 -9.599923e-02 9.913102e-01 -8.993407e-02 -2.432245e+00 -3.800483e-01 4.700264e-02 9.237716e-01 1.014173e+02
9.209631e-01 1.211673e-01 3.703315e-01 5.021029e+01 -9.656680e-02 9.917470e-01 -8.433755e-02 -2.425313e+00 -3.774941e-01 4.191004e-02 9.250631e-01 1.014676e+02
9.219226e-01 1.177431e-01 3.690466e-01 5.026409e+01 -9.427804e-02 9.922409e-01 -8.105347e-02 -2.391453e+00 -3.757266e-01 3.993203e-02 9.258698e-01 1.015556e+02
9.221750e-01 1.185319e-01 3.681624e-01 5.029097e+01 -9.658984e-02 9.922995e-01 -7.753755e-02 -2.361364e+00 -3.745180e-01 3.594245e-02 9.265227e-01 1.016786e+02
9.198573e-01 1.294024e-01 3.702941e-01 5.030666e+01 -1.060081e-01 9.909002e-01 -8.294091e-02 -2.307662e+00 -3.776572e-01 3.703964e-02 9.252043e-01 1.020092e+02
9.183713e-01 1.402869e-01 3.700186e-01 5.033556e+01 -1.144472e-01 9.892521e-01 -9.100655e-02 -2.273792e+00 -3.788087e-01 4.123021e-02 9.245561e-01 1.022861e+02
9.190442e-01 1.415578e-01 3.678575e-01 5.035986e+01 -1.133568e-01 9.887793e-01 -9.729166e-02 -2.266919e+00 -3.775023e-01 4.771617e-02 9.247785e-01 1.025551e+02
9.211220e-01 1.386673e-01 3.637386e-01 5.038221e+01 -1.084732e-01 9.888245e-01 -1.022728e-01 -2.218217e+00 -3.738555e-01 5.474985e-02 9.258696e-01 1.026940e+02
9.230218e-01 1.328186e-01 3.610955e-01 5.036485e+01 -1.012339e-01 9.892942e-01 -1.051122e-01 -2.157345e+00 -3.711906e-01 6.046575e-02 9.265859e-01 1.028609e+02
9.193996e-01 1.291375e-01 3.715209e-01 5.030438e+01 -9.018745e-02 9.886144e-01 -1.204479e-01 -1.979400e+00 -3.828453e-01 7.723328e-02 9.205784e-01 1.035762e+02
9.186172e-01 1.312742e-01 3.727056e-01 5.057771e+01 -9.286239e-02 9.885071e-01 -1.192911e-01 -2.059289e+00 -3.840819e-01 7.497250e-02 9.202501e-01 1.043013e+02
