1.000000e+00 0.000000e+00 0.000000e+00 0.000000e+00 0.000000e+00 1.000000e+00 0.000000e+00 0.000000e+00 0.000000e+00 0.000000e+00 1.000000e+00 0.000000e+00
9.999894e-01 -3.302902e-03 -3.193959e-03 -3.372858e-03 3.297853e-03 9.999933e-01 -1.584689e-03 -1.052644e-02 3.199172e-03 1.574139e-03 9.999936e-01 6.698118e-01
9.999707e-01 -1.949803e-03 -7.409513e-03 -1.128379e-02 1.929534e-03 9.999944e-01 -2.741702e-03 -1.664128e-02 7.414816e-03 2.727325e-03 9.999688e-01 1.362288e+00
9.999340e-01 -1.021637e-03 -1.144545e-02 -2.366019e-02 9.776171e-04 9.999921e-01 -3.851020e-03 -2.157078e-02 1.144929e-02 3.839577e-03 9.999271e-01 2.076642e+00
9.998656e-01 1.132815e-03 -1.635697e-02 -3.900106e-02 -1.205054e-03 9.999896e-01 -4.407177e-03 -2.773108e-02 1.635181e-02 4.426295e-03 9.998565e-01 2.805340e+00
9.997813e-01 2.397736e-04 -2.091236e-02 -5.463453e-02 -3.248970e-04 9.999917e-01 -4.067181e-03 -4.039596e-02 2.091121e-02 4.073086e-03 9.997730e-01 3.543699e+00
9.996740e-01 1.797799e-03 -2.547022e-02 -8.031815e-02 -1.916773e-03 9.999874e-01 -4.647459e-03 -5.301708e-02 2.546154e-02 4.694765e-03 9.996648e-01 4.300127e+00
9.995275e-01 5.202115e-03 -3.029427e-02 -1.106281e-01 -5.356333e-03 9.999731e-01 -5.011776e-03 -6.406049e-02 3.026738e-02 5.171674e-03 9.995285e-01 5.071011e+00
9.993714e-01 6.691508e-03 -3.481419e-02 -1.437797e-01 -6.829398e-03 9.999693e-01 -3.843317e-03 -6.994466e-02 3.478741e-02 4.078661e-03 9.993864e-01 5.848060e+00
9.992144e-01 6.586968e-03 -3.908113e-02 -1.818534e-01 -6.636801e-03 9.999773e-01 -1.145502e-03 -7.918723e-02 3.907270e-02 1.403976e-03 9.992354e-01 6.639628e+00
9.990754e-01 5.453408e-03 -4.264435e-02 -2.159546e-01 -5.402424e-03 9.999846e-01 1.310717e-03 -9.061508e-02 4.265084e-02 -1.079123e-03 9.990895e-01 7.439804e+00
9.989514e-01 6.432233e-03 -4.532770e-02 -2.610676e-01 -6.365437e-03 9.999784e-01 1.617821e-03 -1.019140e-01 4.533713e-02 -1.327594e-03 9.989709e-01 8.250933e+00
9.988521e-01 6.196822e-03 -4.749716e-02 -3.054612e-01 -6.145675e-03 9.999804e-01 1.222780e-03 -1.067758e-01 4.750380e-02 -9.294744e-04 9.988706e-01 9.072105e+00
9.987683e-01 4.528873e-03 -4.940917e-02 -3.424743e-01 -4.464508e-03 9.999890e-01 1.412993e-03 -1.212576e-01 4.941503e-02 -1.190665e-03 9.987776e-01 9.900907e+00
9.986677e-01 4.545583e-03 -5.140134e-02 -3.896299e-01 -4.427020e-03 9.999872e-01 2.420231e-03 -1.292583e-01 5.141168e-02 -2.189452e-03 9.986752e-01 1.073954e+01
9.986022e-01 2.172461e-03 -5.281039e-02 -4.394549e-01 -2.035580e-03 9.999945e-01 2.645596e-03 -1.418759e-01 5.281584e-02 -2.534399e-03 9.986011e-01 1.159198e+01
9.984981e-01 4.393633e-03 -5.460995e-02 -4.905808e-01 -4.367588e-03 9.999903e-01 5.962717e-04 -1.499837e-01 5.461204e-02 -3.568624e-04 9.985076e-01 1.244188e+01
9.984117e-01 5.355834e-03 -5.608445e-02 -5.437378e-01 -5.475556e-03 9.999831e-01 -1.981218e-03 -1.607440e-01 5.607288e-02 2.285165e-03 9.984241e-01 1.330496e+01
9.982507e-01 9.105194e-03 -5.841772e-02 -6.025459e-01 -9.313142e-03 9.999512e-01 -3.288375e-03 -1.698978e-01 5.838493e-02 3.826675e-03 9.982868e-01 1.417795e+01
9.981624e-01 1.041688e-02 -5.969334e-02 -6.629411e-01 -1.060512e-02 9.999397e-01 -2.837527e-03 -1.817491e-01 5.966019e-02 3.465368e-03 9.982128e-01 1.506273e+01
9.980929e-01 9.585596e-03 -6.098036e-02 -7.199388e-01 -9.672835e-03 9.999526e-01 -1.135562e-03 -1.950020e-01 6.096659e-02 1.723250e-03 9.981383e-01 1.595382e+01
9.980292e-01 9.585319e-03 -6.201439e-02 -7.814354e-01 -9.569980e-03 9.999540e-01 5.443565e-04 -2.065927e-01 6.201676e-02 5.019287e-05 9.980751e-01 1.684997e+01
9.979457e-01 9.533800e-03 -6.335246e-02 -8.436486e-01 -9.462163e-03 9.999542e-01 1.430718e-03 -2.223809e-01 6.336320e-02 -8.283281e-04 9.979902e-01 1.775334e+01
9.978814e-01 9.208004e-03 -6.440455e-02 -9.079992e-01 -9.188415e-03 9.999576e-01 6.003694e-04 -2.278007e-01 6.440735e-02 -7.321767e-06 9.979237e-01 1.865225e+01
9.977978e-01 8.324067e-03 -6.580418e-02 -9.700646e-01 -8.311764e-03 9.999654e-01 4.607365e-04 -2.409917e-01 6.580573e-02 8.722689e-05 9.978325e-01 1.956824e+01
9.977565e-01 8.202307e-03 -6.644241e-02 -1.033139e+00 -8.073311e-03 9.999650e-01 2.209748e-03 -2.510592e-01 6.645820e-02 -1.668381e-03 9.977878e-01 2.048594e+01
9.977835e-01 8.999594e-03 -6.593204e-02 -1.100020e+00 -8.677814e-03 9.999490e-01 5.165231e-03 -2.550874e-01 6.597517e-02 -4.581636e-03 9.978107e-01 2.140648e+01
9.978015e-01 9.580568e-03 -6.557726e-02 -1.165176e+00 -9.031630e-03 9.999217e-01 8.662214e-03 -2.636031e-01 6.565512e-02 -8.050901e-03 9.978099e-01 2.234177e+01
9.979013e-01 8.901771e-03 -6.413799e-02 -1.225050e+00 -8.188291e-03 9.999017e-01 1.137844e-02 -2.680557e-01 6.423297e-02 -1.082938e-02 9.978762e-01 2.327815e+01
9.980404e-01 8.384841e-03 -6.200844e-02 -1.287018e+00 -7.620840e-03 9.998922e-01 1.254719e-02 -2.705861e-01 6.210697e-02 -1.205005e-02 9.979967e-01 2.421619e+01
9.981003e-01 8.797605e-03 -6.097762e-02 -1.348513e+00 -8.200387e-03 9.999160e-01 1.003740e-02 -2.748320e-01 6.106080e-02 -9.518295e-03 9.980887e-01 2.515807e+01
9.981706e-01 1.026259e-02 -5.958274e-02 -1.409986e+00 -9.943446e-03 9.999346e-01 5.650394e-03 -2.777228e-01 5.963683e-02 -5.047599e-03 9.982074e-01 2.610335e+01
9.982371e-01 9.986757e-03 -5.850505e-02 -1.467978e+00 -9.840979e-03 9.999477e-01 2.779312e-03 -2.831022e-01 5.852975e-02 -2.198666e-03 9.982833e-01 2.705140e+01
9.983024e-01 8.052000e-03 -5.768421e-02 -1.524394e+00 -7.837172e-03 9.999615e-01 3.949485e-03 -2.913400e-01 5.771379e-02 -3.490700e-03 9.983271e-01 2.801421e+01
9.983349e-01 5.888663e-03 -5.738131e-02 -1.581015e+00 -5.396985e-03 9.999474e-01 8.719810e-03 -2.978266e-01 5.742964e-02 -8.395606e-03 9.983143e-01 2.898265e+01
9.983014e-01 2.588446e-03 -5.820214e-02 -1.636594e+00 -1.874363e-03 9.999223e-01 1.232026e-02 -3.012276e-01 5.822951e-02 -1.219024e-02 9.982288e-01 2.995298e+01
9.982376e-01 -4.757543e-03 -5.915339e-02 -1.686464e+00 5.479422e-03 9.999124e-01 1.204731e-02 -3.104210e-01 5.909089e-02 -1.235021e-02 9.981762e-01 3.092538e+01
9.981648e-01 -5.885688e-03 -6.027022e-02 -1.743210e+00 6.409431e-03 9.999433e-01 8.500276e-03 -3.148531e-01 6.021677e-02 -8.870974e-03 9.981459e-01 3.189883e+01
9.980732e-01 -5.336589e-03 -6.181787e-02 -1.804165e+00 5.633008e-03 9.999735e-01 4.621760e-03 -3.189164e-01 6.179156e-02 -4.961075e-03 9.980767e-01 3.286987e+01
9.979674e-01 -4.947292e-03 -6.353422e-02 -1.872576e+00 5.209098e-03 9.999786e-01 3.955728e-03 -3.207654e-01 6.351328e-02 -4.278644e-03 9.979718e-01 3.385147e+01
9.979177e-01 -6.687541e-03 -6.415225e-02 -1.940278e+00 7.081963e-03 9.999574e-01 5.922782e-03 -3.327101e-01 6.410990e-02 -6.364773e-03 9.979225e-01 3.485745e+01
9.978455e-01 -3.894775e-03 -6.549250e-02 -2.012976e+00 4.456610e-03 9.999545e-01 8.434707e-03 -3.342771e-01 6.545667e-02 -8.708408e-03 9.978174e-01 3.584800e+01
9.977936e-01 -2.779941e-03 -6.633348e-02 -2.084569e+00 3.452783e-03 9.999437e-01 1.003084e-02 -3.427636e-01 6.630186e-02 -1.023775e-02 9.977471e-01 3.685071e+01
9.977259e-01 -2.148592e-03 -6.736751e-02 -2.155961e+00 2.991130e-03 9.999185e-01 1.240822e-02 -3.452024e-01 6.733537e-02 -1.258151e-02 9.976510e-01 3.784504e+01
9.977387e-01 -1.835676e-03 -6.718816e-02 -2.230787e+00 2.903092e-03 9.998711e-01 1.579277e-02 -3.568920e-01 6.715050e-02 -1.595211e-02 9.976153e-01 3.884615e+01
9.977301e-01 3.429129e-03 -6.725163e-02 -2.308136e+00 -2.244181e-03 9.998410e-01 1.768726e-02 -3.479938e-01 6.730159e-02 -1.749618e-02 9.975793e-01 3.984665e+01
9.977232e-01 4.282751e-03 -6.730619e-02 -2.381331e+00 -3.089633e-03 9.998364e-01 1.782082e-02 -3.515498e-01 6.737150e-02 -1.757230e-02 9.975732e-01 4.083353e+01
9.977259e-01 4.200926e-03 -6.727049e-02 -2.451664e+00 -3.089980e-03 9.998572e-01 1.661015e-02 -3.561614e-01 6.733067e-02 -1.636452e-02 9.975965e-01 4.181947e+01
9.977324e-01 7.421589e-03 -6.689539e-02 -2.526522e+00 -6.474809e-03 9.998760e-01 1.435885e-02 -3.581403e-01 6.699366e-02 -1.389316e-02 9.976566e-01 4.281653e+01
9.976680e-01 7.393697e-03 -6.785262e-02 -2.595531e+00 -6.398330e-03 9.998689e-01 1.487516e-02 -3.617286e-01 6.795371e-02 -1.440633e-02 9.975845e-01 4.379240e+01
9.976139e-01 5.455771e-03 -6.882425e-02 -2.664443e+00 -4.328521e-03 9.998542e-01 1.651718e-02 -3.656416e-01 6.890433e-02 -1.617987e-02 9.974921e-01 4.477076e+01
9.975765e-01 5.682170e-03 -6.934643e-02 -2.735788e+00 -4.446550e-03 9.998288e-01 1.795945e-02 -3.647810e-01 6.943661e-02 -1.760757e-02 9.974310e-01 4.575612e+01
9.975389e-01 7.391082e-03 -6.972405e-02 -2.811506e+00 -6.340394e-03 9.998631e-01 1.527853e-02 -3.744471e-01 6.982743e-02 -1.479885e-02 9.974493e-01 4.672268e+01
9.974993e-01 9.207490e-03 -7.007306e-02 -2.887257e+00 -8.479870e-03 9.999071e-01 1.067412e-02 -3.705365e-01 7.016484e-02 -1.005322e-02 9.974847e-01 4.770037e+01
9.974566e-01 9.571461e-03 -7.063055e-02 -2.962709e+00 -8.900708e-03 9.999123e-01 9.805276e-03 -3.761506e-01 7.071821e-02 -9.151676e-03 9.974543e-01 4.866182e+01
9.974459e-01 8.624563e-03 -7.090335e-02 -3.032025e+00 -7.724215e-03 9.998862e-01 1.296264e-02 -3.769171e-01 7.100708e-02 -1.238186e-02 9.973990e-01 4.963177e+01
9.974884e-01 5.456578e-03 -7.062022e-02 -3.102423e+00 -4.301851e-03 9.998547e-01 1.649301e-02 -3.878615e-01 7.069995e-02 -1.614778e-02 9.973669e-01 5.061040e+01
9.974594e-01 4.746210e-03 -7.107913e-02 -3.172678e+00 -3.531051e-03 9.998456e-01 1.721177e-02 -3.852349e-01 7.114985e-02 -1.691706e-02 9.973221e-01 5.156164e+01
9.974659e-01 1.317114e-03 -7.113415e-02 -3.240876e+00 -1.346702e-04 9.998618e-01 1.662497e-02 -3.895943e-01 7.114622e-02 -1.657326e-02 9.973282e-01 5.251978e+01
9.974609e-01 -1.746889e-03 -7.119493e-02 -3.308183e+00 2.875509e-03 9.998718e-01 1.575312e-02 -3.966238e-01 7.115829e-02 -1.591785e-02 9.973380e-01 5.348150e+01
9.973646e-01 -2.000492e-03 -7.252530e-02 -3.378652e+00 3.248872e-03 9.998485e-01 1.709916e-02 -3.939054e-01 7.248010e-02 -1.728972e-02 9.972200e-01 5.442556e+01
9.973152e-01 -4.602612e-03 -7.308418e-02 -3.445967e+00 6.160800e-03 9.997582e-01 2.110935e-02 -3.932349e-01 7.296935e-02 -2.150293e-02 9.971024e-01 5.538334e+01
9.972299e-01 -6.913587e-03 -7.405867e-02 -3.515646e+00 8.895023e-03 9.996103e-01 2.645861e-02 -3.959221e-01 7.384690e-02 -2.704407e-02 9.969028e-01 5.633672e+01
9.971929e-01 -5.134021e-03 -7.469872e-02 -3.591751e+00 7.283386e-03 9.995664e-01 2.852990e-02 -3.827269e-01 7.451986e-02 -2.899387e-02 9.967979e-01 5.728377e+01
9.971408e-01 -4.095864e-03 -7.545531e-02 -3.669234e+00 6.015996e-03 9.996634e-01 2.523758e-02 -3.808333e-01 7.532653e-02 -2.561936e-02 9.968297e-01 5.822260e+01
9.970207e-01 -1.689743e-03 -7.711603e-02 -3.742990e+00 3.076096e-03 9.998357e-01 1.786226e-02 -3.793187e-01 7.707317e-02 -1.804626e-02 9.968621e-01 5.914042e+01
9.969485e-01 -4.278263e-08 -7.806124e-02 -3.820438e+00 1.019189e-03 9.999148e-01 1.301589e-02 -3.842936e-01 7.805458e-02 -1.305574e-02 9.968636e-01 6.005842e+01
9.968862e-01 4.679544e-03 -7.871485e-02 -3.902314e+00 -3.615464e-03 9.999002e-01 1.365525e-02 -3.779483e-01 7.877089e-02 -1.332814e-02 9.968036e-01 6.096386e+01
9.967941e-01 7.032213e-03 -7.969972e-02 -3.978341e+00 -5.757106e-03 9.998519e-01 1.621739e-02 -3.844533e-01 7.980195e-02 -1.570656e-02 9.966870e-01 6.185220e+01
9.966854e-01 8.834134e-03 -8.087103e-02 -4.056839e+00 -7.397384e-03 9.998097e-01 1.804834e-02 -3.885238e-01 8.101508e-02 -1.739028e-02 9.965612e-01 6.273226e+01
9.966062e-01 1.016320e-02 -8.168783e-02 -4.133574e+00 -8.697106e-03 9.997950e-01 1.828334e-02 -3.902532e-01 8.185690e-02 -1.751084e-02 9.964902e-01 6.360443e+01
9.964551e-01 1.182451e-02 -8.329130e-02 -4.207705e+00 -1.024474e-02 9.997599e-01 1.936870e-02 -3.900803e-01 8.350033e-02 -1.844675e-02 9.963370e-01 6.444730e+01
9.963405e-01 1.286400e-02 -8.450003e-02 -4.284636e+00 -1.118213e-02 9.997305e-01 2.034694e-02 -3.906207e-01 8.473900e-02 -1.932759e-02 9.962157e-01 6.528980e+01
9.962031e-01 1.300860e-02 -8.608251e-02 -4.358542e+00 -1.122578e-02 9.997130e-01 2.116230e-02 -3.925599e-01 8.633310e-02 -2.011560e-02 9.960632e-01 6.610815e+01
9.960870e-01 1.335075e-02 -8.736403e-02 -4.432057e+00 -1.142728e-02 9.996820e-01 2.247996e-02 -3.910597e-01 8.763637e-02 -2.139366e-02 9.959228e-01 6.691946e+01
9.959724e-01 1.530522e-02 -8.834461e-02 -4.510698e+00 -1.314380e-02 9.996011e-01 2.499587e-02 -3.868423e-01 8.869194e-02 -2.373401e-02 9.957763e-01 6.772667e+01
9.956656e-01 1.598164e-02 -9.162250e-02 -4.595725e+00 -1.338325e-02 9.994926e-01 2.890435e-02 -3.795026e-01 9.203795e-02 -2.755286e-02 9.953742e-01 6.852044e+01
9.954938e-01 1.774415e-02 -9.315158e-02 -4.675722e+00 -1.491752e-02 9.994095e-01 3.095353e-02 -3.750869e-01 9.364583e-02 -2.942446e-02 9.951707e-01 6.928772e+01
9.953205e-01 2.078383e-02 -9.436713e-02 -4.756346e+00 -1.826786e-02 9.994563e-01 2.744765e-02 -3.760204e-01 9.488629e-02 -2.559533e-02 9.951590e-01 7.003814e+01
9.951632e-01 2.138986e-02 -9.587874e-02 -4.833895e+00 -1.957444e-02 9.996116e-01 1.983540e-02 -3.731196e-01 9.626579e-02 -1.786269e-02 9.951954e-01 7.076538e+01
9.950675e-01 2.046633e-02 -9.706552e-02 -4.906294e+00 -1.918328e-02 9.997161e-01 1.413338e-02 -3.767117e-01 9.732721e-02 -1.220163e-02 9.951776e-01 7.147671e+01
9.949787e-01 2.181475e-02 -9.768055e-02 -4.980271e+00 -2.065144e-02 9.997035e-01 1.290468e-02 -3.736090e-01 9.793309e-02 -1.082264e-02 9.951342e-01 7.216482e+01
9.948762e-01 2.349885e-02 -9.833188e-02 -5.056126e+00 -2.199242e-02 9.996240e-01 1.637598e-02 -3.760599e-01 9.867972e-02 -1.412952e-02 9.950190e-01 7.283723e+01
9.947848e-01 2.293607e-02 -9.938375e-02 -5.126256e+00 -2.117216e-02 9.995997e-01 1.876709e-02 -3.822958e-01 9.977441e-02 -1.656505e-02 9.948722e-01 7.348858e+01
9.947225e-01 2.072351e-02 -1.004872e-01 -5.188196e+00 -1.923747e-02 9.996911e-01 1.573496e-02 -3.896844e-01 1.007822e-01 -1.371880e-02 9.948139e-01 7.411018e+01
9.948463e-01 1.380824e-02 -1.004492e-01 -5.245496e+00 -1.276764e-02 9.998580e-01 1.099499e-02 -4.002865e-01 1.005867e-01 -9.655826e-03 9.948815e-01 7.471600e+01
9.950055e-01 1.003038e-02 -9.931425e-02 -5.301840e+00 -9.442666e-03 9.999350e-01 6.386039e-03 -4.071860e-01 9.937186e-02 -5.416353e-03 9.950356e-01 7.530814e+01
9.952798e-01 1.204723e-02 -9.629609e-02 -5.360306e+00 -1.152392e-02 9.999157e-01 5.988662e-03 -4.124410e-01 9.636012e-02 -4.850686e-03 9.953347e-01 7.588581e+01
9.956041e-01 1.678980e-02 -9.214415e-02 -5.420981e+00 -1.607641e-02 9.998348e-01 8.478899e-03 -4.094472e-01 9.227128e-02 -6.960279e-03 9.957096e-01 7.644772e+01
9.960683e-01 1.571837e-02 -8.718301e-02 -5.468843e+00 -1.476305e-02 9.998238e-01 1.159163e-02 -4.170424e-01 8.734986e-02 -1.025897e-02 9.961249e-01 7.700266e+01
9.965775e-01 1.211521e-02 -8.177108e-02 -5.504780e+00 -1.084027e-02 9.998130e-01 1.601755e-02 -4.242966e-01 8.194984e-02 -1.507631e-02 9.965224e-01 7.753937e+01
9.972526e-01 7.365444e-03 -7.370883e-02 -5.534642e+00 -5.930021e-03 9.997889e-01 1.967416e-02 -4.360434e-01 7.383817e-02 -1.918302e-02 9.970858e-01 7.807230e+01
9.979472e-01 1.052312e-02 -6.317142e-02 -5.562418e+00 -9.275337e-03 9.997567e-01 2.001329e-02 -4.397094e-01 6.336665e-02 -1.938627e-02 9.978020e-01 7.857467e+01
9.986937e-01 1.588937e-02 -4.856387e-02 -5.588699e+00 -1.493630e-02 9.996899e-01 1.992557e-02 -4.385870e-01 4.886542e-02 -1.917418e-02 9.986213e-01 7.907229e+01
9.993066e-01 2.114894e-02 -3.064388e-02 -5.601367e+00 -2.052918e-02 9.995811e-01 2.039987e-02 -4.340948e-01 3.106248e-02 -1.975663e-02 9.993222e-01 7.956496e+01
9.997616e-01 1.994775e-02 -8.883765e-03 -5.592135e+00 -1.975675e-02 9.995823e-01 2.109240e-02 -4.348190e-01 9.300800e-03 -2.091185e-02 9.997380e-01 8.002821e+01
9.997289e-01 1.587575e-02 1.703087e-02 -5.565405e+00 -1.625194e-02 9.996219e-01 2.218206e-02 -4.395417e-01 -1.667228e-02 -2.245283e-02 9.996089e-01 8.049126e+01
9.988170e-01 1.494212e-02 4.627387e-02 -5.523645e+00 -1.604153e-02 9.995956e-01 2.347925e-02 -4.395882e-01 -4.590433e-02 -2.419378e-02 9.986528e-01 8.092716e+01
9.967683e-01 1.455067e-02 7.900190e-02 -5.465141e+00 -1.655563e-02 9.995558e-01 2.478314e-02 -4.379371e-01 -7.860620e-02 -2.601098e-02 9.965664e-01 8.136143e+01
9.931201e-01 1.431599e-02 1.162222e-01 -5.390199e+00 -1.736891e-02 9.995291e-01 2.529778e-02 -4.372981e-01 -1.158053e-01 -2.714239e-02 9.929010e-01 8.179624e+01
9.874150e-01 1.427549e-02 1.575048e-01 -5.294235e+00 -1.851708e-02 9.995034e-01 2.549540e-02 -4.359711e-01 -1.570626e-01 -2.809107e-02 9.871891e-01 8.220682e+01
9.792798e-01 1.390307e-02 2.020342e-01 -5.178606e+00 -1.941084e-02 9.994913e-01 2.530585e-02 -4.359441e-01 -2.015796e-01 -2.870316e-02 9.790515e-01 8.261242e+01
9.678827e-01 1.533790e-02 2.509340e-01 -5.040759e+00 -2.189954e-02 9.994868e-01 2.337729e-02 -4.380544e-01 -2.504467e-01 -2.812181e-02 9.677219e-01 8.302293e+01
9.526954e-01 1.572021e-02 3.035198e-01 -4.886326e+00 -2.310069e-02 9.995180e-01 2.074093e-02 -4.438008e-01 -3.030474e-01 -2.677131e-02 9.525993e-01 8.339815e+01
9.331883e-01 1.557246e-02 3.590503e-01 -4.698457e+00 -2.380245e-02 9.995453e-01 1.851216e-02 -4.452313e-01 -3.585987e-01 -2.582161e-02 9.331346e-01 8.377382e+01
9.092586e-01 1.562509e-02 4.159383e-01 -4.499579e+00 -2.474859e-02 9.995567e-01 1.655224e-02 -4.456552e-01 -4.154952e-01 -2.534415e-02 9.092422e-01 8.410448e+01
8.811070e-01 1.565853e-02 4.726577e-01 -4.280815e+00 -2.538222e-02 9.995769e-01 1.420171e-02 -4.394157e-01 -4.722353e-01 -2.451032e-02 8.811317e-01 8.442538e+01
8.482374e-01 1.377331e-02 5.294371e-01 -4.022485e+00 -2.360496e-02 9.996516e-01 1.181272e-02 -4.492402e-01 -5.290900e-01 -2.251733e-02 8.482670e-01 8.474421e+01
8.119317e-01 1.303796e-02 5.836068e-01 -3.772049e+00 -2.342508e-02 9.996730e-01 1.025669e-02 -4.528428e-01 -5.832822e-01 -2.199876e-02 8.119717e-01 8.500575e+01
7.722042e-01 1.124949e-02 6.352749e-01 -3.481207e+00 -2.295863e-02 9.996843e-01 1.020474e-02 -4.603349e-01 -6.349596e-01 -2.246519e-02 7.722186e-01 8.527585e+01
7.298951e-01 1.027749e-02 6.834820e-01 -3.207897e+00 -2.398127e-02 9.996564e-01 1.057797e-02 -4.600356e-01 -6.831384e-01 -2.411157e-02 7.298908e-01 8.551111e+01
6.850128e-01 8.868067e-03 7.284771e-01 -2.906383e+00 -2.387151e-02 9.996622e-01 1.027790e-02 -4.630328e-01 -7.281399e-01 -2.443034e-02 6.849930e-01 8.573271e+01
6.383927e-01 7.382198e-03 7.696754e-01 -2.573790e+00 -2.110577e-02 9.997459e-01 7.916905e-03 -4.677131e-01 -7.694214e-01 -2.129869e-02 6.383862e-01 8.594501e+01
5.921306e-01 4.552438e-03 8.058292e-01 -2.258524e+00 -1.597966e-02 9.998537e-01 6.093447e-03 -4.808468e-01 -8.056837e-01 -1.648500e-02 5.921167e-01 8.611407e+01
5.449936e-01 5.637152e-03 8.384213e-01 -1.920523e+00 -1.698213e-02 9.998465e-01 4.316284e-03 -4.842964e-01 -8.382682e-01 -1.659052e-02 5.450057e-01 8.629031e+01
4.981930e-01 8.650042e-03 8.670230e-01 -1.599521e+00 -2.077962e-02 9.997821e-01 1.965464e-03 -4.852067e-01 -8.668171e-01 -1.899559e-02 4.982643e-01 8.643821e+01
4.526443e-01 1.036484e-02 8.916309e-01 -1.258502e+00 -2.178087e-02 9.997626e-01 -5.645789e-04 -4.938389e-01 -8.914252e-01 -1.916494e-02 4.527626e-01 8.657493e+01
4.099330e-01 8.204694e-03 9.120787e-01 -8.992159e-01 -1.445355e-02 9.998924e-01 -2.498496e-03 -4.951975e-01 -9.120011e-01 -1.215856e-02 4.100075e-01 8.669028e+01
3.709287e-01 -1.715865e-04 9.286613e-01 -5.457961e-01 -5.129985e-04 9.999998e-01 3.896709e-04 -5.105996e-01 -9.286612e-01 -6.209420e-04 3.709285e-01 8.676552e+01
3.354192e-01 -4.551708e-03 9.420579e-01 -1.871499e-01 4.821825e-03 9.999835e-01 3.114776e-03 -5.129815e-01 -9.420566e-01 3.497683e-03 3.354357e-01 8.684879e+01
3.017601e-01 -1.243936e-03 9.533831e-01 1.814670e-01 2.211075e-03 9.999974e-01 6.049174e-04 -5.236721e-01 -9.533813e-01 1.925462e-03 3.017620e-01 8.694593e+01
2.708524e-01 6.568274e-03 9.625985e-01 5.357327e-01 -8.409199e-03 9.999547e-01 -4.457024e-03 -5.275721e-01 -9.625842e-01 -6.887487e-03 2.708954e-01 8.704401e+01
2.423278e-01 1.129513e-02 9.701288e-01 9.133265e-01 -1.374288e-02 9.998719e-01 -8.208598e-03 -5.389678e-01 -9.700972e-01 -1.134319e-02 2.424520e-01 8.712772e+01
2.161257e-01 1.276497e-02 9.762822e-01 1.310039e+00 -1.175553e-02 9.998761e-01 -1.047106e-02 -5.534296e-01 -9.762948e-01 -9.213641e-03 2.162490e-01 8.719750e+01
1.930004e-01 1.327621e-02 9.811090e-01 1.705637e+00 -3.958815e-03 9.999108e-01 -1.275187e-02 -5.607076e-01 -9.811907e-01 -1.422911e-03 1.930357e-01 8.725103e+01
1.711991e-01 1.839337e-02 9.850648e-01 2.099020e+00 2.696683e-03 9.998132e-01 -1.913743e-02 -5.672628e-01 -9.852328e-01 5.932717e-03 1.711175e-01 8.729515e+01
1.511951e-01 2.521191e-02 9.881824e-01 2.517768e+00 3.047141e-03 9.996580e-01 -2.597091e-02 -5.630471e-01 -9.884992e-01 6.937806e-03 1.510665e-01 8.734305e+01
1.335741e-01 2.600496e-02 9.906976e-01 2.947869e+00 1.132225e-03 9.996510e-01 -2.639263e-02 -5.713407e-01 -9.910381e-01 4.647063e-03 1.334980e-01 8.739696e+01
1.177956e-01 2.148660e-02 9.928054e-01 3.390328e+00 1.586411e-03 9.997606e-01 -2.182535e-02 -5.851084e-01 -9.930367e-01 4.145928e-03 1.177333e-01 8.744828e+01
1.027687e-01 1.787420e-02 9.945447e-01 3.856114e+00 2.119339e-03 9.998323e-01 -1.818823e-02 -6.062484e-01 -9.947031e-01 3.976957e-03 1.027135e-01 8.748780e+01
8.955300e-02 1.551713e-02 9.958612e-01 4.330792e+00 3.944015e-03 9.998653e-01 -1.593419e-02 -6.214824e-01 -9.959743e-01 5.354646e-03 8.947974e-02 8.752278e+01
7.710153e-02 1.431926e-02 9.969205e-01 4.822860e+00 8.242745e-03 9.998536e-01 -1.499888e-02 -6.344279e-01 -9.969893e-01 9.373799e-03 7.697225e-02 8.754961e+01
6.716353e-02 1.453924e-02 9.976361e-01 5.328359e+00 1.146263e-02 9.998166e-01 -1.534271e-02 -6.478544e-01 -9.976761e-01 1.246601e-02 6.698453e-02 8.757433e+01
5.920678e-02 1.486320e-02 9.981351e-01 5.859929e+00 1.374383e-02 9.997823e-01 -1.570298e-02 -6.608920e-01 -9.981512e-01 1.464792e-02 5.898964e-02 8.759957e+01
5.302113e-02 1.500876e-02 9.984806e-01 6.409300e+00 1.569449e-02 9.997510e-01 -1.586127e-02 -6.723680e-01 -9.984701e-01 1.651162e-02 5.277240e-02 8.762547e+01
4.756540e-02 1.583700e-02 9.987425e-01 6.967609e+00 1.668805e-02 9.997221e-01 -1.664731e-02 -6.864915e-01 -9.987287e-01 1.745890e-02 4.728788e-02 8.765055e+01
4.176813e-02 1.646084e-02 9.989918e-01 7.555430e+00 1.667427e-02 9.997135e-01 -1.716989e-02 -6.978791e-01 -9.989882e-01 1.737461e-02 4.148167e-02 8.767270e+01
3.673375e-02 1.616781e-02 9.991942e-01 8.157969e+00 1.895220e-02 9.996780e-01 -1.687238e-02 -7.140431e-01 -9.991453e-01 1.955671e-02 3.641546e-02 8.769083e+01
3.365296e-02 1.569261e-02 9.993104e-01 8.766915e+00 2.012442e-02 9.996634e-01 -1.637587e-02 -7.310203e-01 -9.992310e-01 2.066164e-02 3.332585e-02 8.770593e+01
3.058708e-02 1.488756e-02 9.994212e-01 9.398095e+00 2.094598e-02 9.996600e-01 -1.553216e-02 -7.482780e-01 -9.993126e-01 2.140894e-02 3.026479e-02 8.772277e+01
2.781266e-02 1.407880e-02 9.995140e-01 1.005154e+01 2.298152e-02 9.996275e-01 -1.471989e-02 -7.616876e-01 -9.993489e-01 2.337975e-02 2.747875e-02 8.773922e+01
2.716702e-02 1.323932e-02 9.995434e-01 1.071743e+01 2.702891e-02 9.995370e-01 -1.397387e-02 -7.798046e-01 -9.992656e-01 2.739620e-02 2.679664e-02 8.775301e+01
2.784550e-02 1.245053e-02 9.995348e-01 1.140478e+01 3.051018e-02 9.994460e-01 -1.329940e-02 -7.964554e-01 -9.991467e-01 3.086631e-02 2.745026e-02 8.776922e+01
3.045934e-02 1.208423e-02 9.994629e-01 1.210744e+01 3.266159e-02 9.993809e-01 -1.307863e-02 -8.140839e-01 -9.990022e-01 3.304242e-02 3.004575e-02 8.778895e+01
3.512567e-02 1.206902e-02 9.993100e-01 1.282196e+01 3.432588e-02 9.993225e-01 -1.327572e-02 -8.284869e-01 -9.987932e-01 3.476851e-02 3.468758e-02 8.781330e+01
3.896004e-02 1.140859e-02 9.991757e-01 1.356216e+01 3.512713e-02 9.993011e-01 -1.277971e-02 -8.446804e-01 -9.986231e-01 3.559607e-02 3.853202e-02 8.784543e+01
4.334527e-02 9.717871e-03 9.990129e-01 1.430954e+01 3.638947e-02 9.992738e-01 -1.129928e-02 -8.603071e-01 -9.983972e-01 3.684331e-02 4.296017e-02 8.787560e+01
4.730988e-02 8.052517e-03 9.988480e-01 1.507875e+01 3.619015e-02 9.992971e-01 -9.770270e-03 -8.746195e-01 -9.982246e-01 3.661069e-02 4.698521e-02 8.791514e+01
5.080539e-02 6.027622e-03 9.986904e-01 1.586681e+01 3.346626e-02 9.994099e-01 -7.734460e-03 -8.881558e-01 -9.981477e-01 3.381539e-02 5.057365e-02 8.796350e+01
5.514121e-02 4.585969e-03 9.984680e-01 1.666185e+01 3.209457e-02 9.994646e-01 -6.362994e-03 -9.031179e-01 -9.979626e-01 3.239627e-02 5.496448e-02 8.801281e+01
5.889171e-02 4.941458e-03 9.982522e-01 1.746252e+01 3.026852e-02 9.995191e-01 -6.733418e-03 -9.186156e-01 -9.978054e-01 3.061216e-02 5.871385e-02 8.806521e+01
6.242073e-02 8.296213e-03 9.980154e-01 1.826337e+01 2.805373e-02 9.995558e-01 -1.006363e-02 -9.399880e-01 -9.976555e-01 2.862624e-02 6.216025e-02 8.812154e+01
6.398612e-02 1.333312e-02 9.978617e-01 1.906985e+01 2.342037e-02 9.996153e-01 -1.485834e-02 -9.551548e-01 -9.976760e-01 2.432102e-02 6.364924e-02 8.818526e+01
6.384164e-02 1.638816e-02 9.978255e-01 1.988167e+01 2.017041e-02 9.996397e-01 -1.770848e-02 -9.791378e-01 -9.977562e-01 2.125708e-02 6.348807e-02 8.824528e+01
6.434667e-02 1.585201e-02 9.978018e-01 2.070269e+01 1.805566e-02 9.996917e-01 -1.704642e-02 -9.997588e-01 -9.977643e-01 1.911284e-02 6.404060e-02 8.830290e+01
6.552011e-02 1.415317e-02 9.977509e-01 2.151977e+01 1.619894e-02 9.997526e-01 -1.524531e-02 -1.025653e+00 -9.977198e-01 1.716138e-02 6.527460e-02 8.835989e+01
6.506848e-02 1.256299e-02 9.978018e-01 2.233579e+01 1.626490e-02 9.997746e-01 -1.364850e-02 -1.053197e+00 -9.977483e-01 1.711723e-02 6.484950e-02 8.841932e+01
6.554979e-02 1.166279e-02 9.977811e-01 2.315322e+01 1.463184e-02 9.998130e-01 -1.264779e-02 -1.076554e+00 -9.977420e-01 1.542843e-02 6.536692e-02 8.847811e+01
6.567341e-02 1.149896e-02 9.977750e-01 2.396863e+01 1.302171e-02 9.998386e-01 -1.237983e-02 -1.101603e+00 -9.977562e-01 1.380576e-02 6.551307e-02 8.853653e+01
6.555384e-02 1.190728e-02 9.977781e-01 2.477790e+01 1.073335e-02 9.998626e-01 -1.263734e-02 -1.125176e+00 -9.977914e-01 1.153793e-02 6.541699e-02 8.859653e+01
6.477785e-02 1.277479e-02 9.978180e-01 2.558990e+01 7.472888e-03 9.998838e-01 -1.328637e-02 -1.148571e+00 -9.978718e-01 8.317245e-03 6.467485e-02 8.865794e+01
6.150150e-02 1.220442e-02 9.980323e-01 2.639736e+01 4.678434e-03 9.999107e-01 -1.251568e-02 -1.171855e+00 -9.980960e-01 5.438962e-03 6.143892e-02 8.871777e+01
5.803883e-02 1.080348e-02 9.982558e-01 2.720731e+01 2.468506e-03 9.999368e-01 -1.096519e-02 -1.193662e+00 -9.983112e-01 3.100606e-03 5.800849e-02 8.877193e+01
5.322474e-02 8.508163e-03 9.985462e-01 2.802078e+01 7.240232e-04 9.999631e-01 -8.558827e-03 -1.215218e+00 -9.985822e-01 1.178512e-03 5.321658e-02 8.882101e+01
4.718262e-02 6.647686e-03 9.988642e-01 2.883262e+01 -7.947378e-04 9.999778e-01 -6.617556e-03 -1.235425e+00 -9.988860e-01 -4.816013e-04 4.718685e-02 8.886280e+01
3.989619e-02 6.171057e-03 9.991848e-01 2.963852e+01 -1.714434e-03 9.999799e-01 -6.107513e-03 -1.258764e+00 -9.992024e-01 -1.469370e-03 3.990597e-02 8.889900e+01
3.109282e-02 6.800879e-03 9.994934e-01 3.043773e+01 -1.879393e-03 9.999755e-01 -6.745694e-03 -1.277047e+00 -9.995148e-01 -1.668698e-03 3.110486e-02 8.892515e+01
2.102816e-02 6.723707e-03 9.997562e-01 3.123293e+01 -1.697949e-03 9.999762e-01 -6.689472e-03 -1.296774e+00 -9.997774e-01 -1.556868e-03 2.103907e-02 8.894174e+01
1.072866e-02 5.668266e-03 9.999263e-01 3.202641e+01 -7.173975e-04 9.999837e-01 -5.660893e-03 -1.313470e+00 -9.999422e-01 -6.566113e-04 1.073253e-02 8.895057e+01
-9.417534e-05 4.440990e-03 9.999901e-01 3.281796e+01 -9.534487e-04 9.999897e-01 -4.441078e-03 -1.330000e+00 -9.999995e-01 -9.538580e-04 -9.000301e-05 8.895365e+01
-1.094532e-02 3.315448e-03 9.999347e-01 3.360283e+01 2.480048e-04 9.999945e-01 -3.312932e-03 -1.347998e+00 -9.999402e-01 2.117280e-04 -1.094604e-02 8.894413e+01
-2.211916e-02 3.262931e-03 9.997501e-01 3.438699e+01 6.018708e-04 9.999945e-01 -3.250413e-03 -1.367514e+00 -9.997552e-01 5.298239e-04 -2.212107e-02 8.892724e+01
-3.345168e-02 3.564587e-03 9.994341e-01 3.517005e+01 4.581513e-04 9.999936e-01 -3.551248e-03 -1.387313e+00 -9.994403e-01 3.390970e-04 -3.345311e-02 8.890156e+01
-4.394293e-02 4.503859e-03 9.990239e-01 3.593629e+01 4.907418e-05 9.999899e-01 -4.506055e-03 -1.409083e+00 -9.990340e-01 -1.489825e-04 -4.394269e-02 8.886632e+01
-5.443239e-02 5.235318e-03 9.985038e-01 3.669759e+01 2.061771e-04 9.999863e-01 -5.231852e-03 -1.428654e+00 -9.985175e-01 -7.891329e-05 -5.443275e-02 8.882520e+01
-6.447864e-02 5.719883e-03 9.979027e-01 3.745704e+01 9.748454e-04 9.999834e-01 -5.668822e-03 -1.447117e+00 -9.979187e-01 6.072826e-04 -6.448317e-02 8.877457e+01
-7.394505e-02 6.121231e-03 9.972436e-01 3.820146e+01 1.703118e-03 9.999804e-01 -6.011746e-03 -1.467165e+00 -9.972609e-01 1.253885e-03 -7.395411e-02 8.871888e+01
-8.353031e-02 6.372110e-03 9.964849e-01 3.894978e+01 2.119889e-03 9.999784e-01 -6.216750e-03 -1.484714e+00 -9.965031e-01 1.593150e-03 -8.354211e-02 8.865547e+01
-9.204638e-02 5.924943e-03 9.957370e-01 3.968882e+01 3.015596e-03 9.999794e-01 -5.671422e-03 -1.503966e+00 -9.957501e-01 2.480707e-03 -9.206235e-02 8.858508e+01
-9.959519e-02 4.651369e-03 9.950172e-01 4.042270e+01 4.161000e-03 9.999823e-01 -4.258088e-03 -1.521780e+00 -9.950194e-01 3.716182e-03 -9.961271e-02 8.850903e+01
-1.054997e-01 2.901248e-03 9.944150e-01 4.114813e+01 6.557597e-03 9.999760e-01 -2.221761e-03 -1.540726e+00 -9.943976e-01 6.286577e-03 -1.055163e-01 8.842904e+01
-1.093478e-01 1.017413e-03 9.940031e-01 4.185860e+01 9.236908e-03 9.999573e-01 -7.378403e-06 -1.559376e+00 -9.939606e-01 9.180708e-03 -1.093526e-01 8.834798e+01
-1.121908e-01 -4.698443e-04 9.936866e-01 4.255339e+01 1.062516e-02 9.999421e-01 1.672421e-03 -1.575535e+00 -9.936299e-01 1.074571e-02 -1.121793e-01 8.826814e+01
-1.143799e-01 -1.406312e-03 9.934362e-01 4.323989e+01 1.132487e-02 9.999322e-01 2.719402e-03 -1.591082e+00 -9.933726e-01 1.156158e-02 -1.143562e-01 8.818854e+01
-1.150299e-01 -1.233105e-03 9.933613e-01 4.391016e+01 1.157751e-02 9.999297e-01 2.581920e-03 -1.602482e+00 -9.932945e-01 1.179765e-02 -1.150075e-01 8.811232e+01
-1.143991e-01 -4.033111e-04 9.934348e-01 4.456378e+01 1.234370e-02 9.999222e-01 1.827384e-03 -1.617106e+00 -9.933581e-01 1.247171e-02 -1.143851e-01 8.803746e+01
-1.119751e-01 8.215848e-04 9.937107e-01 4.520318e+01 1.264862e-02 9.999198e-01 5.985769e-04 -1.630275e+00 -9.936306e-01 1.263610e-02 -1.119765e-01 8.796827e+01
-1.067592e-01 1.447287e-03 9.942839e-01 4.582372e+01 1.294320e-02 9.999163e-01 -6.573461e-05 -1.641681e+00 -9.942006e-01 1.286220e-02 -1.067690e-01 8.790337e+01
-9.920609e-02 1.843286e-03 9.950652e-01 4.642666e+01 1.235288e-02 9.999235e-01 -6.207279e-04 -1.653545e+00 -9.949902e-01 1.223034e-02 -9.922135e-02 8.785226e+01
-8.807075e-02 1.849886e-03 9.961126e-01 4.700716e+01 1.157094e-02 9.999327e-01 -8.339440e-04 -1.664331e+00 -9.960471e-01 1.145251e-02 -8.808625e-02 8.780952e+01
-7.467127e-02 1.610769e-03 9.972069e-01 4.757283e+01 1.140381e-02 9.999347e-01 -7.612519e-04 -1.680524e+00 -9.971430e-01 1.131512e-02 -7.468486e-02 8.777967e+01
-5.776489e-02 2.946592e-03 9.983261e-01 4.811559e+01 1.075608e-02 9.999394e-01 -2.328991e-03 -1.690518e+00 -9.982724e-01 1.060353e-02 -5.779302e-02 8.776048e+01
-3.701723e-02 5.542359e-03 9.992992e-01 4.865299e+01 9.603007e-03 9.999404e-01 -5.190189e-03 -1.704394e+00 -9.992685e-01 9.404151e-03 -3.706825e-02 8.775602e+01
-1.259470e-02 8.552405e-03 9.998841e-01 4.917683e+01 7.627378e-03 9.999352e-01 -8.456767e-03 -1.716695e+00 -9.998916e-01 7.519984e-03 -1.265907e-02 8.776833e+01
1.404363e-02 1.051953e-02 9.998460e-01 4.969494e+01 6.829061e-03 9.999203e-01 -1.061623e-02 -1.727122e+00 -9.998781e-01 6.977099e-03 1.397067e-02 8.779576e+01
4.700887e-02 9.937748e-03 9.988450e-01 5.022407e+01 5.605776e-03 9.999321e-01 -1.021239e-02 -1.741340e+00 -9.988787e-01 6.079375e-03 4.694998e-02 8.784443e+01
8.468676e-02 7.478347e-03 9.963796e-01 5.073598e+01 4.610559e-03 9.999582e-01 -7.897078e-03 -1.752366e+00 -9.963970e-01 5.262645e-03 8.464873e-02 8.791368e+01
1.270548e-01 4.050912e-03 9.918874e-01 5.123135e+01 3.172548e-03 9.999849e-01 -4.490367e-03 -1.763757e+00 -9.918906e-01 3.717333e-03 1.270400e-01 8.800901e+01
1.724061e-01 -4.544947e-05 9.850259e-01 5.173743e+01 9.261465e-04 9.999996e-01 -1.159602e-04 -1.773999e+00 -9.850255e-01 9.322706e-04 1.724061e-01 8.813029e+01
2.202255e-01 -3.262182e-03 9.754435e-01 5.222393e+01 -2.708921e-03 9.999885e-01 3.955859e-03 -1.781997e+00 -9.754452e-01 -3.513580e-03 2.202141e-01 8.827905e+01
2.710404e-01 -4.768437e-03 9.625561e-01 5.268525e+01 -5.054870e-03 9.999669e-01 6.377138e-03 -1.789367e+00 -9.625547e-01 -6.594059e-03 2.710074e-01 8.845100e+01
3.246786e-01 -5.329309e-03 9.458094e-01 5.313899e+01 -5.321697e-03 9.999580e-01 7.461256e-03 -1.791922e+00 -9.458094e-01 -7.455822e-03 3.246366e-01 8.865351e+01
3.819782e-01 -5.366822e-03 9.241558e-01 5.356781e+01 -1.960199e-03 9.999762e-01 6.617334e-03 -1.804361e+00 -9.241693e-01 -4.339206e-03 3.819585e-01 8.887688e+01
4.415538e-01 -2.078878e-03 8.972324e-01 5.396962e+01 -1.254977e-04 9.999971e-01 2.378744e-03 -1.810175e+00 -8.972347e-01 -1.162944e-03 4.415523e-01 8.911473e+01
5.006638e-01 1.121666e-03 8.656411e-01 5.435849e+01 2.140244e-03 9.999945e-01 -2.533616e-03 -1.819854e+00 -8.656392e-01 3.121173e-03 5.006586e-01 8.939669e+01
5.587077e-01 5.834056e-03 8.293442e-01 5.471315e+01 -5.769324e-04 9.999778e-01 -6.645720e-03 -1.825806e+00 -8.293645e-01 3.234539e-03 5.586986e-01 8.969156e+01
6.142681e-01 8.652678e-03 7.890499e-01 5.505469e+01 -2.950405e-03 9.999581e-01 -8.668621e-03 -1.828130e+00 -7.890919e-01 2.996841e-03 6.142679e-01 9.002953e+01
6.673394e-01 1.004315e-02 7.446860e-01 5.537033e+01 -3.262458e-03 9.999389e-01 -1.056199e-02 -1.836580e+00 -7.447466e-01 4.618927e-03 6.673314e-01 9.037518e+01
7.168132e-01 8.487576e-03 6.972136e-01 5.565588e+01 -2.754956e-03 9.999526e-01 -9.340587e-03 -1.845609e+00 -6.972598e-01 4.774663e-03 7.168026e-01 9.072289e+01
7.623924e-01 4.633831e-03 6.470985e-01 5.592857e+01 -3.013335e-03 9.999889e-01 -3.610636e-03 -1.858021e+00 -6.471080e-01 8.027970e-04 7.623979e-01 9.111721e+01
8.043845e-01 3.133442e-04 5.941090e-01 5.617299e+01 -2.932481e-03 9.999897e-01 3.442972e-03 -1.862544e+00 -5.941018e-01 -4.511687e-03 8.043772e-01 9.151282e+01
8.415849e-01 -2.878253e-03 5.401173e-01 5.637732e+01 -3.109134e-03 9.999434e-01 1.017314e-02 -1.867390e+00 -5.401160e-01 -1.024086e-02 8.415283e-01 9.191423e+01
8.736197e-01 -5.018348e-03 4.865834e-01 5.657456e+01 -3.597832e-03 9.998529e-01 1.677152e-02 -1.864399e+00 -4.865960e-01 -1.640258e-02 8.734731e-01 9.235671e+01
8.999603e-01 -5.184797e-03 4.359409e-01 5.673716e+01 -5.209046e-03 9.997301e-01 2.264374e-02 -1.867939e+00 -4.359406e-01 -2.264930e-02 8.996904e-01 9.279662e+01
9.208156e-01 -3.222187e-03 3.899850e-01 5.687694e+01 -7.613734e-03 9.996268e-01 2.623647e-02 -1.873663e+00 -3.899240e-01 -2.712819e-02 9.204473e-01 9.322858e+01
9.368530e-01 2.219744e-03 3.497164e-01 5.700776e+01 -1.278981e-02 9.995284e-01 2.791827e-02 -1.863563e+00 -3.494895e-01 -3.062812e-02 9.364395e-01 9.369656e+01
9.491918e-01 7.826760e-03 3.146007e-01 5.712153e+01 -1.727166e-02 9.994795e-01 2.724543e-02 -1.860831e+00 -3.142237e-01 -3.129482e-02 9.488330e-01 9.415424e+01
9.589345e-01 9.411942e-03 2.834713e-01 5.723402e+01 -1.760714e-02 9.994970e-01 2.637617e-02 -1.841845e+00 -2.830805e-01 -3.028413e-02 9.586179e-01 9.462719e+01
9.653736e-01 4.997394e-03 2.608235e-01 5.735352e+01 -1.256318e-02 9.995470e-01 2.734811e-02 -1.844383e+00 -2.605687e-01 -2.967792e-02 9.649991e-01 9.509995e+01
9.694883e-01 1.700092e-03 2.451318e-01 5.746473e+01 -8.832757e-03 9.995689e-01 2.800084e-02 -1.839099e+00 -2.449785e-01 -2.931167e-02 9.690853e-01 9.558027e+01
9.726738e-01 5.431574e-03 2.321122e-01 5.756740e+01 -1.214600e-02 9.995478e-01 2.750816e-02 -1.831870e+00 -2.318578e-01 -2.957571e-02 9.723000e-01 9.608009e+01
9.749183e-01 1.080584e-02 2.223005e-01 5.766235e+01 -1.737844e-02 9.994671e-01 2.763145e-02 -1.817804e+00 -2.218834e-01 -3.080164e-02 9.745866e-01 9.657945e+01
9.762913e-01 1.687654e-02 2.158020e-01 5.775900e+01 -2.317764e-02 9.993747e-01 2.670105e-02 -1.810205e+00 -2.152165e-01 -3.106979e-02 9.760720e-01 9.709600e+01
9.768318e-01 2.353781e-02 2.127103e-01 5.785407e+01 -2.913695e-02 9.993055e-01 2.322615e-02 -1.803306e+00 -2.120159e-01 -2.888577e-02 9.768392e-01 9.761088e+01
9.770506e-01 2.451340e-02 2.115921e-01 5.796278e+01 -2.955897e-02 9.993483e-01 2.071527e-02 -1.802864e+00 -2.109464e-01 -2.649431e-02 9.771385e-01 9.813988e+01
9.765995e-01 2.288187e-02 2.138455e-01 5.808165e+01 -2.720474e-02 9.994803e-01 1.729357e-02 -1.798160e+00 -2.133387e-01 -2.270650e-02 9.767144e-01 9.867319e+01
9.757115e-01 2.191470e-02 2.179609e-01 5.820728e+01 -2.505259e-02 9.996184e-01 1.164322e-02 -1.795312e+00 -2.176225e-01 -1.682091e-02 9.758881e-01 9.922042e+01
9.748042e-01 2.303374e-02 2.218700e-01 5.833455e+01 -2.531191e-02 9.996520e-01 7.429686e-03 -1.792886e+00 -2.216216e-01 -1.285844e-02 9.750479e-01 9.977407e+01
9.737108e-01 2.655382e-02 2.262349e-01 5.845901e+01 -2.907290e-02 9.995468e-01 7.809672e-03 -1.789314e+00 -2.259250e-01 -1.418167e-02 9.740415e-01 1.003469e+02
9.723344e-01 2.799120e-02 2.319101e-01 5.858953e+01 -3.159523e-02 9.994306e-01 1.184023e-02 -1.784199e+00 -2.314467e-01 -1.883991e-02 9.726651e-01 1.009387e+02
9.712970e-01 2.562238e-02 2.364862e-01 5.873682e+01 -3.050695e-02 9.993896e-01 1.701821e-02 -1.786015e+00 -2.359058e-01 -2.374420e-02 9.714858e-01 1.015336e+02
9.704223e-01 2.139456e-02 2.404636e-01 5.889011e+01 -2.772205e-02 9.993519e-01 2.296152e-02 -1.780736e+00 -2.398165e-01 -2.894851e-02 9.703866e-01 1.021345e+02
9.696402e-01 1.887869e-02 2.438063e-01 5.904654e+01 -2.648450e-02 9.992583e-01 2.795557e-02 -1.774767e+00 -2.430977e-01 -3.356393e-02 9.694210e-01 1.027544e+02
9.689759e-01 1.487332e-02 2.467074e-01 5.920759e+01 -2.280256e-02 9.993101e-01 2.931439e-02 -1.766253e+00 -2.461012e-01 -3.403049e-02 9.686465e-01 1.033772e+02
9.687824e-01 1.212673e-02 2.476157e-01 5.937244e+01 -1.933646e-02 9.994563e-01 2.670546e-02 -1.758679e+00 -2.471572e-01 -3.065979e-02 9.684902e-01 1.040030e+02
9.689664e-01 1.081102e-02 2.469558e-01 5.953632e+01 -1.636251e-02 9.996572e-01 2.043853e-02 -1.756383e+00 -2.466502e-01 -2.384506e-02 9.688112e-01 1.046417e+02
9.691810e-01 1.429961e-02 2.459343e-01 5.969767e+01 -1.845530e-02 9.997231e-01 1.460095e-02 -1.749230e+00 -2.456574e-01 -1.868976e-02 9.691765e-01 1.052922e+02
9.697563e-01 1.692745e-02 2.434876e-01 5.985593e+01 -2.023245e-02 9.997339e-01 1.107900e-02 -1.741102e+00 -2.432352e-01 -1.567028e-02 9.698408e-01 1.059548e+02
9.704790e-01 1.553460e-02 2.406850e-01 6.002380e+01 -1.972781e-02 9.996925e-01 1.502213e-02 -1.732232e+00 -2.403776e-01 -1.932685e-02 9.704871e-01 1.066427e+02
9.708998e-01 1.135401e-02 2.392167e-01 6.019447e+01 -1.728701e-02 9.995924e-01 2.271818e-02 -1.728708e+00 -2.388613e-01 -2.619242e-02 9.707004e-01 1.073363e+02
9.716561e-01 1.023902e-02 2.361770e-01 6.036546e+01 -1.751486e-02 9.994338e-01 2.872929e-02 -1.722370e+00 -2.357491e-01 -3.205160e-02 9.712852e-01 1.080517e+02
9.725581e-01 1.264781e-02 2.323160e-01 6.052950e+01 -1.990839e-02 9.993830e-01 2.893496e-02 -1.716110e+00 -2.318067e-01 -3.276597e-02 9.722099e-01 1.087672e+02
9.729316e-01 1.765966e-02 2.304177e-01 6.068638e+01 -2.404138e-02 9.994004e-01 2.491800e-02 -1.702399e+00 -2.298395e-01 -2.978307e-02 9.727727e-01 1.094902e+02
9.738662e-01 1.972015e-02 2.262650e-01 6.085385e+01 -2.490220e-02 9.994884e-01 2.007089e-02 -1.692485e+00 -2.257535e-01 -2.518085e-02 9.738590e-01 1.102313e+02
9.748299e-01 1.925492e-02 2.221171e-01 6.102091e+01 -2.362770e-02 9.995755e-01 1.704616e-02 -1.679226e+00 -2.216946e-01 -2.186522e-02 9.748710e-01 1.109788e+02
9.756706e-01 1.683325e-02 2.185944e-01 6.118914e+01 -2.138289e-02 9.996008e-01 1.846402e-02 -1.671427e+00 -2.181963e-01 -2.268898e-02 9.756411e-01 1.117390e+02
9.765736e-01 1.420880e-02 2.147141e-01 6.136139e+01 -1.915946e-02 9.995960e-01 2.099334e-02 -1.666871e+00 -2.143290e-01 -2.461535e-02 9.764513e-01 1.125208e+02
9.770739e-01 1.205241e-02 2.125589e-01 6.152958e+01 -1.747166e-02 9.995680e-01 2.363535e-02 -1.657074e+00 -2.121822e-01 -2.680724e-02 9.768624e-01 1.133094e+02
9.773362e-01 9.008490e-03 2.115011e-01 6.170099e+01 -1.487848e-02 9.995465e-01 2.617892e-02 -1.644626e+00 -2.111694e-01 -2.873242e-02 9.770271e-01 1.140952e+02
