1.000000e+00 0.000000e+00 0.000000e+00 0.000000e+00 0.000000e+00 1.000000e+00 0.000000e+00 0.000000e+00 0.000000e+00 0.000000e+00 1.000000e+00 0.000000e+00
9.991037e-01 -1.045390e-03 4.231690e-02 3.966826e-02 1.142983e-03 9.999967e-01 -2.282108e-03 -2.098481e-02 -4.231438e-02 2.328430e-03 9.991016e-01 9.298934e-01
9.961784e-01 -5.014671e-03 8.719803e-02 1.414149e-01 5.590159e-03 9.999642e-01 -6.356851e-03 -4.504922e-02 -8.716303e-02 6.820008e-03 9.961707e-01 1.938294e+00
9.912630e-01 -5.112539e-03 1.318014e-01 2.617549e-01 6.534153e-03 9.999250e-01 -1.035580e-02 -8.160869e-02 -1.317386e-01 1.112653e-02 9.912220e-01 2.938830e+00
9.844573e-01 -3.531197e-03 1.755889e-01 4.281601e-01 5.936376e-03 9.998956e-01 -1.317441e-02 -9.771987e-02 -1.755241e-01 1.401201e-02 9.843754e-01 3.935299e+00
9.752451e-01 -5.327241e-03 2.210624e-01 6.515415e-01 8.313179e-03 9.998863e-01 -1.257904e-02 -1.303353e-01 -2.209703e-01 1.410538e-02 9.751785e-01 4.824643e+00
9.638669e-01 -6.420477e-03 2.663069e-01 9.167646e-01 1.028819e-02 9.998609e-01 -1.313094e-02 -1.559556e-01 -2.661856e-01 1.539629e-02 9.637988e-01 5.701687e+00
9.503149e-01 -9.530501e-03 3.111442e-01 1.239085e+00 1.509075e-02 9.997665e-01 -1.546772e-02 -1.859612e-01 -3.109241e-01 1.939461e-02 9.502369e-01 6.650226e+00
9.357461e-01 -1.112204e-02 3.524989e-01 1.568001e+00 1.810896e-02 9.996994e-01 -1.652968e-02 -2.398153e-01 -3.522091e-01 2.185097e-02 9.356662e-01 7.544483e+00
9.180871e-01 -1.152492e-02 3.962111e-01 1.960089e+00 1.978823e-02 9.996635e-01 -1.677459e-02 -2.543955e-01 -3.958844e-01 2.324085e-02 9.180062e-01 8.417753e+00
8.984247e-01 -1.228518e-02 4.389557e-01 2.400106e+00 2.116593e-02 9.996582e-01 -1.534324e-02 -2.878654e-01 -4.386172e-01 2.307565e-02 8.983777e-01 9.284926e+00
8.769343e-01 -1.241695e-02 4.804499e-01 2.860090e+00 2.174517e-02 9.996675e-01 -1.385424e-02 -3.235261e-01 -4.801181e-01 2.259672e-02 8.769128e-01 1.011076e+01
8.524880e-01 -1.290514e-02 5.225874e-01 3.374440e+00 2.300778e-02 9.996527e-01 -1.284607e-02 -3.486120e-01 -5.222402e-01 2.297470e-02 8.524889e-01 1.093502e+01
8.263252e-01 -1.355856e-02 5.630300e-01 3.915941e+00 2.436554e-02 9.996348e-01 -1.168723e-02 -3.766166e-01 -5.626659e-01 2.337598e-02 8.263538e-01 1.169712e+01
7.989413e-01 -1.521846e-02 6.012164e-01 4.481895e+00 2.718024e-02 9.995720e-01 -1.081718e-02 -4.166725e-01 -6.007945e-01 2.498350e-02 7.990130e-01 1.245697e+01
7.689786e-01 -1.518890e-02 6.390941e-01 5.107190e+00 2.868819e-02 9.995304e-01 -1.076342e-02 -4.308541e-01 -6.386305e-01 2.661129e-02 7.690532e-01 1.319159e+01
7.390991e-01 -1.774410e-02 6.733630e-01 5.739574e+00 3.302782e-02 9.994053e-01 -9.916322e-03 -4.679885e-01 -6.727865e-01 2.956886e-02 7.392455e-01 1.389448e+01
7.070384e-01 -1.727840e-02 7.069640e-01 6.417979e+00 3.339409e-02 9.994020e-01 -8.971947e-03 -4.917374e-01 -7.063862e-01 2.995193e-02 7.071927e-01 1.454742e+01
6.719323e-01 -1.667771e-02 7.404248e-01 7.124616e+00 3.514665e-02 9.993381e-01 -9.385836e-03 -5.052291e-01 -7.397782e-01 3.233010e-02 6.720737e-01 1.518819e+01
6.370713e-01 -1.753391e-02 7.706054e-01 7.837701e+00 3.927033e-02 9.991813e-01 -9.730588e-03 -5.420118e-01 -7.698038e-01 3.646101e-02 6.372383e-01 1.578987e+01
5.997977e-01 -1.640594e-02 7.999834e-01 8.595713e+00 3.999583e-02 9.991547e-01 -9.496870e-03 -5.608435e-01 -7.991514e-01 3.769220e-02 5.999469e-01 1.634866e+01
5.626495e-01 -1.550821e-02 8.265501e-01 9.360065e+00 4.287319e-02 9.990259e-01 -1.044036e-02 -5.921357e-01 -8.255831e-01 4.131110e-02 5.627664e-01 1.686700e+01
5.239335e-01 -1.429749e-02 8.516392e-01 1.014758e+01 4.708597e-02 9.988164e-01 -1.219924e-02 -6.212280e-01 -8.504568e-01 4.649185e-02 5.239866e-01 1.735104e+01
4.841439e-01 -1.346293e-02 8.748848e-01 1.095699e+01 4.937176e-02 9.987090e-01 -1.195299e-02 -6.345231e-01 -8.735944e-01 4.898156e-02 4.841835e-01 1.780672e+01
4.460274e-01 -1.531258e-02 8.948883e-01 1.178367e+01 5.443612e-02 9.984667e-01 -1.004694e-02 -6.569070e-01 -8.933623e-01 5.319545e-02 4.461771e-01 1.820941e+01
4.090295e-01 -1.599767e-02 9.123811e-01 1.263190e+01 5.858359e-02 9.982440e-01 -8.760421e-03 -6.876062e-01 -9.106388e-01 5.703381e-02 4.092485e-01 1.859748e+01
3.716578e-01 -1.425202e-02 9.282604e-01 1.353231e+01 5.937193e-02 9.982002e-01 -8.445544e-03 -7.069550e-01 -9.264694e-01 5.825146e-02 3.718351e-01 1.894412e+01
3.377691e-01 -1.487771e-02 9.411114e-01 1.442212e+01 6.010837e-02 9.981750e-01 -5.793352e-03 -7.191905e-01 -9.393077e-01 5.852549e-02 3.380470e-01 1.925611e+01
3.035381e-01 -1.652819e-02 9.526759e-01 1.531923e+01 6.184940e-02 9.980826e-01 -2.390269e-03 -7.307733e-01 -9.508098e-01 5.964797e-02 3.039783e-01 1.954084e+01
2.705158e-01 -1.691168e-02 9.625670e-01 1.622416e+01 6.235184e-02 9.980542e-01 1.206808e-05 -7.471497e-01 -9.606942e-01 6.001456e-02 2.710439e-01 1.979355e+01
2.384494e-01 -1.428311e-02 9.710499e-01 1.714960e+01 5.968753e-02 9.982171e-01 2.593175e-05 -7.643229e-01 -9.693190e-01 5.795339e-02 2.388768e-01 2.003595e+01
2.065811e-01 -1.240619e-02 9.783509e-01 1.810706e+01 5.941788e-02 9.982332e-01 1.120791e-04 -7.650205e-01 -9.766237e-01 5.810838e-02 2.069533e-01 2.024328e+01
1.760130e-01 -1.261902e-02 9.843071e-01 1.906654e+01 6.053359e-02 9.981642e-01 1.972096e-03 -7.738868e-01 -9.825250e-01 5.923652e-02 1.764538e-01 2.040196e+01
1.452771e-01 -1.334434e-02 9.893010e-01 2.003790e+01 6.147616e-02 9.980987e-01 4.435340e-03 -7.807657e-01 -9.874793e-01 6.017408e-02 1.458212e-01 2.053180e+01
1.141357e-01 -1.396987e-02 9.933670e-01 2.104406e+01 6.074335e-02 9.981285e-01 7.057549e-03 -7.862260e-01 -9.916065e-01 5.953491e-02 1.147707e-01 2.066434e+01
8.463150e-02 -1.450631e-02 9.963067e-01 2.204713e+01 6.088872e-02 9.981007e-01 9.360224e-03 -7.861509e-01 -9.945502e-01 5.987167e-02 8.535403e-02 2.075273e+01
5.651486e-02 -1.440336e-02 9.982978e-01 2.308265e+01 6.301517e-02 9.979538e-01 1.083103e-02 -7.813140e-01 -9.964111e-01 6.229579e-02 5.730683e-02 2.080102e+01
3.120744e-02 -1.401356e-02 9.994147e-01 2.411296e+01 6.715612e-02 9.976716e-01 1.189212e-02 -7.827476e-01 -9.972543e-01 6.674568e-02 3.207588e-02 2.084358e+01
7.326365e-03 -1.340432e-02 9.998833e-01 2.514770e+01 7.179655e-02 9.973366e-01 1.284411e-02 -7.776428e-01 -9.973924e-01 7.169407e-02 8.269250e-03 2.086229e+01
-1.406860e-02 -1.410319e-02 9.998016e-01 2.620148e+01 7.736178e-02 9.968880e-01 1.515067e-02 -7.811629e-01 -9.969038e-01 7.755957e-02 -1.293373e-02 2.086068e+01
-3.285038e-02 -1.468336e-02 9.993525e-01 2.726063e+01 8.218535e-02 9.964662e-01 1.734252e-02 -7.747609e-01 -9.960755e-01 8.270183e-02 -3.152764e-02 2.083735e+01
-4.901981e-02 -1.494567e-02 9.986860e-01 2.834102e+01 8.440910e-02 9.962490e-01 1.905236e-02 -7.636712e-01 -9.952247e-01 8.523212e-02 -4.757440e-02 2.077129e+01
-6.355047e-02 -1.573044e-02 9.978547e-01 2.942731e+01 8.597101e-02 9.960725e-01 2.117759e-02 -7.529473e-01 -9.942687e-01 8.713242e-02 -6.194854e-02 2.068125e+01
-7.702744e-02 -1.668028e-02 9.968895e-01 3.051459e+01 8.612685e-02 9.960112e-01 2.332041e-02 -7.384654e-01 -9.933021e-01 8.765526e-02 -7.528353e-02 2.060067e+01
-8.961809e-02 -1.690233e-02 9.958328e-01 3.161776e+01 8.593893e-02 9.959957e-01 2.463900e-02 -7.288317e-01 -9.922616e-01 8.778889e-02 -8.780670e-02 2.050619e+01
-1.018121e-01 -1.420616e-02 9.947023e-01 3.274498e+01 8.613753e-02 9.960168e-01 2.304148e-02 -7.178761e-01 -9.910675e-01 8.802709e-02 -1.001829e-01 2.041951e+01
-1.124800e-01 -1.070070e-02 9.935964e-01 3.387884e+01 8.663569e-02 9.960284e-01 2.053448e-02 -7.070029e-01 -9.898699e-01 8.839063e-02 -1.111063e-01 2.031457e+01
-1.227719e-01 -8.310068e-03 9.924002e-01 3.506494e+01 8.707862e-02 9.960181e-01 1.911305e-02 -6.938559e-01 -9.886073e-01 8.876337e-02 -1.215594e-01 2.018118e+01
-1.311058e-01 -7.561564e-03 9.913395e-01 3.625420e+01 8.705182e-02 9.960205e-01 1.910996e-02 -6.809390e-01 -9.875390e-01 8.880334e-02 -1.299257e-01 2.003833e+01
-1.375480e-01 -7.233988e-03 9.904687e-01 3.744745e+01 8.708785e-02 9.960123e-01 1.936851e-02 -6.635222e-01 -9.866592e-01 8.892190e-02 -1.363696e-01 1.988110e+01
-1.440636e-01 -6.556824e-03 9.895467e-01 3.866367e+01 8.746985e-02 9.959795e-01 1.933378e-02 -6.513441e-01 -9.856951e-01 8.934081e-02 -1.429108e-01 1.971654e+01
-1.482008e-01 -5.248778e-03 9.889434e-01 3.991306e+01 8.689050e-02 9.960496e-01 1.830770e-02 -6.349214e-01 -9.851328e-01 8.864300e-02 -1.471593e-01 1.953309e+01
-1.529763e-01 -5.207710e-03 9.882161e-01 4.118269e+01 8.683486e-02 9.960474e-01 1.869106e-02 -6.213134e-01 -9.844074e-01 8.867090e-02 -1.519195e-01 1.934905e+01
-1.572847e-01 -6.089553e-03 9.875346e-01 4.245758e+01 8.695636e-02 9.960115e-01 1.999137e-02 -6.061373e-01 -9.837175e-01 8.901675e-02 -1.561279e-01 1.915928e+01
-1.603888e-01 -8.041121e-03 9.870214e-01 4.373291e+01 8.733653e-02 9.959291e-01 2.230567e-02 -5.856459e-01 -9.831827e-01 8.978058e-02 -1.590335e-01 1.896306e+01
-1.625489e-01 -9.039152e-03 9.866593e-01 4.506528e+01 8.767051e-02 9.958707e-01 2.356696e-02 -5.631594e-01 -9.827981e-01 9.033169e-02 -1.610851e-01 1.874615e+01
-1.658829e-01 -9.670861e-03 9.860980e-01 4.643121e+01 8.851619e-02 9.957696e-01 2.465604e-02 -5.430288e-01 -9.821648e-01 9.137566e-02 -1.643251e-01 1.852522e+01
-1.663309e-01 -9.504460e-03 9.860241e-01 4.781518e+01 8.948632e-02 9.956819e-01 2.469287e-02 -5.100736e-01 -9.820011e-01 9.234286e-02 -1.647623e-01 1.829186e+01
-1.676227e-01 -9.380847e-03 9.858066e-01 4.926517e+01 8.996873e-02 9.956365e-01 2.477231e-02 -4.914171e-01 -9.817374e-01 9.284417e-02 -1.660472e-01 1.805317e+01
-1.670682e-01 -8.976322e-03 9.859044e-01 5.072071e+01 9.022285e-02 9.956238e-01 2.435369e-02 -4.573288e-01 -9.818085e-01 9.301984e-02 -1.655272e-01 1.780914e+01
-1.669099e-01 -8.588340e-03 9.859347e-01 5.219128e+01 8.941217e-02 9.957101e-01 2.381017e-02 -4.387238e-01 -9.819096e-01 9.212872e-02 -1.654260e-01 1.756760e+01
-1.666168e-01 -9.019624e-03 9.859806e-01 5.366576e+01 8.952366e-02 9.956897e-01 2.423667e-02 -4.134757e-01 -9.819494e-01 9.230681e-02 -1.650913e-01 1.732666e+01
-1.645406e-01 -9.737123e-03 9.863224e-01 5.517714e+01 8.998321e-02 9.956335e-01 2.484024e-02 -3.855706e-01 -9.822575e-01 9.283967e-02 -1.629460e-01 1.708228e+01
-1.635147e-01 -1.009010e-02 9.864894e-01 5.669500e+01 9.007759e-02 9.956180e-01 2.511419e-02 -3.629317e-01 -9.824201e-01 9.296712e-02 -1.618893e-01 1.684016e+01
-1.628687e-01 -9.674743e-03 9.866003e-01 5.822496e+01 8.991814e-02 9.956451e-01 2.460720e-02 -3.326294e-01 -9.825419e-01 9.272102e-02 -1.612896e-01 1.659424e+01
-1.619890e-01 -9.647056e-03 9.867456e-01 5.979141e+01 9.045410e-02 9.955972e-01 2.458297e-02 -3.061385e-01 -9.826382e-01 9.323734e-02 -1.604031e-01 1.634434e+01
-1.615503e-01 -1.010516e-02 9.868127e-01 6.136316e+01 9.019761e-02 9.956110e-01 2.496142e-02 -2.769706e-01 -9.827338e-01 9.304067e-02 -1.599298e-01 1.609738e+01
-1.606185e-01 -1.174752e-02 9.869468e-01 6.297766e+01 9.143312e-02 9.954525e-01 2.672885e-02 -2.471147e-01 -9.827726e-01 9.453275e-02 -1.588140e-01 1.584260e+01
-1.597512e-01 -1.323055e-02 9.870687e-01 6.459983e+01 9.361792e-02 9.952005e-01 2.849105e-02 -2.132383e-01 -9.827082e-01 9.695879e-02 -1.577458e-01 1.558457e+01
-1.597085e-01 -1.266249e-02 9.870830e-01 6.620564e+01 9.532902e-02 9.950466e-01 2.818872e-02 -1.831999e-01 -9.825506e-01 9.859963e-02 -1.577103e-01 1.533003e+01
-1.594485e-01 -1.229877e-02 9.871298e-01 6.782860e+01 9.504819e-02 9.950858e-01 2.775077e-02 -1.582447e-01 -9.826201e-01 9.824970e-02 -1.574960e-01 1.507061e+01
-1.590525e-01 -1.240304e-02 9.871922e-01 6.947900e+01 9.529918e-02 9.950588e-01 2.785610e-02 -1.231813e-01 -9.826599e-01 9.850919e-02 -1.570846e-01 1.481627e+01
-1.596704e-01 -1.344712e-02 9.870790e-01 7.113429e+01 9.526732e-02 9.950302e-01 2.896592e-02 -9.566028e-02 -9.825628e-01 9.866135e-02 -1.575958e-01 1.455984e+01
-1.591406e-01 -1.426210e-02 9.871531e-01 7.282182e+01 9.564258e-02 9.949698e-01 2.979372e-02 -5.443838e-02 -9.826124e-01 9.915524e-02 -1.569760e-01 1.430212e+01
-1.598593e-01 -1.513384e-02 9.870238e-01 7.449819e+01 9.635387e-02 9.948686e-01 3.085969e-02 -2.326137e-02 -9.824260e-01 1.000368e-01 -1.575809e-01 1.403916e+01
-1.598202e-01 -1.559687e-02 9.870230e-01 7.618683e+01 9.720796e-02 9.947668e-01 3.145929e-02 1.888516e-02 -9.823483e-01 1.009743e-01 -1.574677e-01 1.377645e+01
-1.602620e-01 -1.552285e-02 9.869525e-01 7.791231e+01 9.695523e-02 9.947937e-01 3.138984e-02 5.507479e-02 -9.823013e-01 1.007208e-01 -1.579226e-01 1.350645e+01
-1.613613e-01 -1.512150e-02 9.867796e-01 7.964516e+01 9.613279e-02 9.948868e-01 3.096568e-02 9.468455e-02 -9.822022e-01 9.985852e-02 -1.590827e-01 1.323186e+01
-1.621703e-01 -1.496694e-02 9.866493e-01 8.139867e+01 9.520744e-02 9.949827e-01 3.074209e-02 1.329910e-01 -9.821591e-01 9.892180e-02 -1.599317e-01 1.295511e+01
-1.634570e-01 -1.499587e-02 9.864365e-01 8.316759e+01 9.410681e-02 9.950880e-01 3.072131e-02 1.678886e-01 -9.820519e-01 9.785199e-02 -1.612430e-01 1.267251e+01
-1.651059e-01 -1.581908e-02 9.861490e-01 8.493534e+01 9.331483e-02 9.951355e-01 3.158647e-02 2.101913e-01 -9.818515e-01 9.723744e-02 -1.628267e-01 1.239011e+01
-1.661159e-01 -1.687528e-02 9.859619e-01 8.672321e+01 9.271382e-02 9.951572e-01 3.265318e-02 2.474042e-01 -9.817382e-01 9.683649e-02 -1.637470e-01 1.209940e+01
-1.667738e-01 -1.789640e-02 9.858328e-01 8.853324e+01 9.054366e-02 9.953327e-01 3.338617e-02 2.957825e-01 -9.818291e-01 9.482884e-02 -1.643751e-01 1.180671e+01
-1.690149e-01 -1.756653e-02 9.854569e-01 9.035177e+01 9.003848e-02 9.953852e-01 3.318594e-02 3.382058e-01 -9.814923e-01 9.433797e-02 -1.666533e-01 1.150626e+01
-1.715491e-01 -1.711905e-02 9.850268e-01 9.218811e+01 8.847663e-02 9.955410e-01 3.271058e-02 3.888939e-01 -9.811946e-01 9.276332e-02 -1.692694e-01 1.119247e+01
-1.763892e-01 -1.680864e-02 9.841771e-01 9.404403e+01 8.860981e-02 9.955235e-01 3.288351e-02 4.332182e-01 -9.803241e-01 9.300804e-02 -1.741102e-01 1.087239e+01
-1.812495e-01 -1.769779e-02 9.832779e-01 9.590533e+01 8.685900e-02 9.956426e-01 3.393123e-02 4.815650e-01 -9.795939e-01 9.155656e-02 -1.789225e-01 1.054520e+01
-1.861756e-01 -1.868223e-02 9.823388e-01 9.776790e+01 8.541115e-02 9.957265e-01 3.512419e-02 5.318430e-01 -9.787970e-01 9.044195e-02 -1.837844e-01 1.020573e+01
-1.913854e-01 -1.835418e-02 9.813433e-01 9.963033e+01 8.420676e-02 9.958318e-01 3.504750e-02 5.763994e-01 -9.778961e-01 8.934332e-02 -1.890421e-01 9.855931e+00
-1.957165e-01 -1.701365e-02 9.805129e-01 1.015311e+02 8.437434e-02 9.958497e-01 3.412143e-02 6.215825e-01 -9.770240e-01 8.940826e-02 -1.934688e-01 9.489084e+00
-2.003878e-01 -1.537982e-02 9.795959e-01 1.034283e+02 8.406727e-02 9.959190e-01 3.283304e-02 6.651571e-01 -9.761032e-01 8.893129e-02 -1.982771e-01 9.115350e+00
-2.037407e-01 -1.547416e-02 9.789025e-01 1.053591e+02 8.257601e-02 9.960405e-01 3.293177e-02 7.122509e-01 -9.755362e-01 8.754341e-02 -2.016562e-01 8.725515e+00
-2.079839e-01 -1.613613e-02 9.779993e-01 1.072835e+02 8.085233e-02 9.961586e-01 3.363000e-02 7.570243e-01 -9.747851e-01 8.606800e-02 -2.058803e-01 8.328620e+00
-2.136930e-01 -1.718749e-02 9.767498e-01 1.092034e+02 7.854239e-02 9.963062e-01 3.471510e-02 8.063322e-01 -9.737384e-01 8.413462e-02 -2.115537e-01 7.926608e+00
-2.191821e-01 -1.807626e-02 9.755167e-01 1.111253e+02 7.782844e-02 9.963185e-01 3.594845e-02 8.530431e-01 -9.725751e-01 8.380219e-02 -2.169683e-01 7.509681e+00
-2.249640e-01 -1.861480e-02 9.741894e-01 1.130488e+02 7.763489e-02 9.962963e-01 3.696499e-02 9.065580e-01 -9.712695e-01 8.394686e-02 -2.226857e-01 7.081812e+00
-2.310513e-01 -1.733440e-02 9.727871e-01 1.149818e+02 7.826699e-02 9.962698e-01 3.634240e-02 9.525496e-01 -9.697884e-01 8.453408e-02 -2.288327e-01 6.634727e+00
-2.365015e-01 -1.658048e-02 9.714896e-01 1.169285e+02 7.743500e-02 9.963524e-01 3.585575e-02 1.004555e+00 -9.685405e-01 8.370724e-02 -2.343550e-01 6.176714e+00
-2.425621e-01 -1.681766e-02 9.699903e-01 1.188740e+02 7.788081e-02 9.962851e-01 3.674893e-02 1.052071e+00 -9.670050e-01 8.445751e-02 -2.403512e-01 5.704226e+00
-2.486856e-01 -1.710622e-02 9.684333e-01 1.208222e+02 7.706618e-02 9.963247e-01 3.738884e-02 1.105065e+00 -9.655136e-01 8.393151e-02 -2.464533e-01 5.222374e+00
-2.539282e-01 -1.658799e-02 9.670810e-01 1.227864e+02 7.631102e-02 9.963925e-01 3.712787e-02 1.157330e+00 -9.642082e-01 8.322673e-02 -2.517463e-01 4.722373e+00
-2.594657e-01 -1.665267e-02 9.656090e-01 1.247536e+02 7.502883e-02 9.964818e-01 3.734583e-02 1.210100e+00 -9.628336e-01 8.213846e-02 -2.573034e-01 4.213023e+00
-2.644414e-01 -1.736899e-02 9.642454e-01 1.267187e+02 7.614920e-02 9.963400e-01 3.883080e-02 1.265036e+00 -9.613907e-01 8.369498e-02 -2.621509e-01 3.691190e+00
-2.702348e-01 -1.792184e-02 9.626278e-01 1.286867e+02 7.777379e-02 9.961530e-01 4.037913e-02 1.321849e+00 -9.596482e-01 8.577904e-02 -2.678014e-01 3.159978e+00
-2.750604e-01 -1.747683e-02 9.612682e-01 1.306662e+02 7.901958e-02 9.960411e-01 4.071995e-02 1.378232e+00 -9.581742e-01 8.715945e-02 -2.725904e-01 2.616125e+00
-2.785103e-01 -1.718387e-02 9.602795e-01 1.326569e+02 7.924905e-02 9.960192e-01 4.080807e-02 1.439943e+00 -9.571581e-01 8.746670e-02 -2.760398e-01 2.053690e+00
-2.821192e-01 -1.771984e-02 9.592156e-01 1.346470e+02 7.828499e-02 9.960700e-01 4.142541e-02 1.503040e+00 -9.561800e-01 8.677910e-02 -2.796233e-01 1.485239e+00
-2.864878e-01 -1.753882e-02 9.579234e-01 1.366411e+02 7.697286e-02 9.961791e-01 4.125965e-02 1.563685e+00 -9.549869e-01 8.555448e-02 -2.840431e-01 9.114946e-01
-2.911046e-01 -1.742113e-02 9.565327e-01 1.386331e+02 7.530458e-02 9.963147e-01 4.106333e-02 1.626093e+00 -9.537230e-01 8.398500e-02 -2.887199e-01 3.278249e-01
-2.960811e-01 -1.783667e-02 9.549963e-01 1.406340e+02 7.446969e-02 9.963511e-01 4.169717e-02 1.694511e+00 -9.522555e-01 8.346401e-02 -2.936724e-01 -2.707460e-01
-3.010902e-01 -1.781056e-02 9.534294e-01 1.426339e+02 7.454597e-02 9.963263e-01 4.215328e-02 1.753944e+00 -9.506776e-01 8.376625e-02 -2.986565e-01 -8.784556e-01
-3.062158e-01 -1.763803e-02 9.517987e-01 1.446444e+02 7.375528e-02 9.963834e-01 4.219304e-02 1.822057e+00 -9.491006e-01 8.312036e-02 -3.038075e-01 -1.505584e+00
-3.122118e-01 -1.806229e-02 9.498410e-01 1.466721e+02 7.308189e-02 9.963998e-01 4.296959e-02 1.885667e+00 -9.471975e-01 8.283177e-02 -3.097677e-01 -2.150764e+00
-3.169776e-01 -1.898636e-02 9.482431e-01 1.486815e+02 7.284027e-02 9.963593e-01 4.429872e-02 1.955873e+00 -9.456320e-01 8.311197e-02 -3.144406e-01 -2.799280e+00
-3.218340e-01 -1.920254e-02 9.466015e-01 1.507167e+02 7.358472e-02 9.962628e-01 4.522796e-02 2.026209e+00 -9.439324e-01 8.421129e-02 -3.192182e-01 -3.474430e+00
-3.268223e-01 -1.902704e-02 9.448943e-01 1.527751e+02 7.439064e-02 9.961773e-01 4.579014e-02 2.097174e+00 -9.421535e-01 8.525653e-02 -3.241576e-01 -4.167825e+00
-3.305093e-01 -1.832330e-02 9.436249e-01 1.547935e+02 7.427354e-02 9.962058e-01 4.535900e-02 2.172509e+00 -9.408756e-01 8.507793e-02 -3.278943e-01 -4.862759e+00
-3.348351e-01 -1.694877e-02 9.421243e-01 1.568273e+02 7.452539e-02 9.962298e-01 4.440877e-02 2.240059e+00 -9.393250e-01 8.508179e-02 -3.323096e-01 -5.569882e+00
-3.391662e-01 -1.619786e-02 9.405871e-01 1.588782e+02 7.500598e-02 9.962029e-01 4.420202e-02 2.312637e+00 -9.377316e-01 8.554148e-02 -3.366635e-01 -6.297235e+00
-3.422930e-01 -1.585869e-02 9.394595e-01 1.609117e+02 7.459262e-02 9.962431e-01 4.399512e-02 2.380352e+00 -9.366278e-01 8.513596e-02 -3.398241e-01 -7.016778e+00
-3.465754e-01 -1.628036e-02 9.378809e-01 1.629743e+02 7.432310e-02 9.962293e-01 4.475785e-02 2.456828e+00 -9.350730e-01 8.521818e-02 -3.440585e-01 -7.767622e+00
-3.508310e-01 -1.633440e-02 9.362963e-01 1.650296e+02 7.340163e-02 9.962919e-01 4.488473e-02 2.530003e+00 -9.335576e-01 8.447263e-02 -3.483312e-01 -8.527772e+00
-3.550900e-01 -1.645976e-02 9.346871e-01 1.671017e+02 7.448924e-02 9.961677e-01 4.584109e-02 2.604940e+00 -9.318596e-01 8.590185e-02 -3.525032e-01 -9.301756e+00
-3.595473e-01 -1.630332e-02 9.329844e-01 1.691733e+02 7.665648e-02 9.959518e-01 4.694500e-02 2.679917e+00 -9.299728e-01 8.839824e-02 -3.568420e-01 -1.009154e+01
-3.617903e-01 -1.687362e-02 9.321069e-01 1.712415e+02 7.752360e-02 9.958287e-01 4.811735e-02 2.760652e+00 -9.290307e-01 8.966866e-02 -3.589730e-01 -1.088664e+01
-3.645294e-01 -1.786702e-02 9.310205e-01 1.733264e+02 7.691710e-02 9.958215e-01 4.922652e-02 2.840750e+00 -9.280097e-01 8.955590e-02 -3.616319e-01 -1.169361e+01
-3.678954e-01 -1.787629e-02 9.296953e-01 1.754079e+02 7.575028e-02 9.959159e-01 4.912520e-02 2.926298e+00 -9.267766e-01 8.849762e-02 -3.650388e-01 -1.250502e+01
-3.706144e-01 -1.632638e-02 9.286432e-01 1.774732e+02 7.483181e-02 9.960701e-01 4.737661e-02 3.009465e+00 -9.257673e-01 8.705052e-02 -3.679363e-01 -1.331477e+01
-3.741267e-01 -1.530088e-02 9.272514e-01 1.795410e+02 7.389107e-02 9.961932e-01 4.625202e-02 3.083425e+00 -9.244292e-01 8.581971e-02 -3.715718e-01 -1.413594e+01
-3.776642e-01 -1.436479e-02 9.258314e-01 1.816582e+02 7.292245e-02 9.963126e-01 4.520479e-02 3.168669e+00 -9.230669e-01 8.458610e-02 -3.752240e-01 -1.498153e+01
-3.809457e-01 -1.390912e-02 9.244927e-01 1.837529e+02 7.148655e-02 9.964507e-01 4.444842e-02 3.242789e+00 -9.218297e-01 8.302122e-02 -3.785993e-01 -1.583074e+01
-3.843578e-01 -1.458779e-02 9.230689e-01 1.858441e+02 7.153121e-02 9.963986e-01 4.553163e-02 3.316991e+00 -9.204088e-01 8.352867e-02 -3.819301e-01 -1.669411e+01
-3.878824e-01 -1.587196e-02 9.215721e-01 1.879295e+02 7.090016e-02 9.963754e-01 4.700159e-02 3.398750e+00 -9.189779e-01 8.357071e-02 -3.853512e-01 -1.756345e+01
-3.918014e-01 -1.699806e-02 9.198928e-01 1.900310e+02 7.046850e-02 9.963379e-01 4.842462e-02 3.478482e+00 -9.173473e-01 8.379630e-02 -3.891687e-01 -1.844751e+01
-3.966961e-01 -1.765867e-02 9.177803e-01 1.921232e+02 7.031871e-02 9.962925e-01 4.956344e-02 3.560125e+00 -9.152529e-01 8.419874e-02 -3.939836e-01 -1.934082e+01
-4.005365e-01 -1.796165e-02 9.161046e-01 1.942105e+02 6.910510e-02 9.963682e-01 4.974926e-02 3.647853e+00 -9.136711e-01 8.323391e-02 -3.978406e-01 -2.023706e+01
-4.038494e-01 -1.780645e-02 9.146521e-01 1.962992e+02 6.831180e-02 9.964322e-01 4.956049e-02 3.733419e+00 -9.122714e-01 8.249651e-02 -4.011922e-01 -2.114045e+01
-4.080231e-01 -1.796110e-02 9.127948e-01 1.984032e+02 6.811430e-02 9.964211e-01 5.005399e-02 3.817210e+00 -9.104271e-01 8.259756e-02 -4.053395e-01 -2.206680e+01
-4.114363e-01 -1.779668e-02 9.112647e-01 2.005024e+02 6.887670e-02 9.963434e-01 5.055609e-02 3.897743e+00 -9.088323e-01 8.356551e-02 -4.087061e-01 -2.300114e+01
-4.140906e-01 -1.831189e-02 9.100515e-01 2.026038e+02 6.975360e-02 9.962192e-01 5.178495e-02 3.985847e+00 -9.075590e-01 8.492303e-02 -4.112477e-01 -2.394704e+01
-4.168011e-01 -1.906246e-02 9.087978e-01 2.046951e+02 7.085809e-02 9.960565e-01 5.339034e-02 4.079485e+00 -9.062317e-01 8.664882e-02 -4.138068e-01 -2.489630e+01
-4.200357e-01 -1.920803e-02 9.073042e-01 2.067992e+02 7.155379e-02 9.959625e-01 5.421073e-02 4.173574e+00 -9.046822e-01 8.769150e-02 -4.169655e-01 -2.585971e+01
-4.232268e-01 -1.889455e-02 9.058266e-01 2.089166e+02 7.140765e-02 9.959769e-01 5.413858e-02 4.265887e+00 -9.032053e-01 8.759585e-02 -4.201750e-01 -2.684126e+01
-4.258611e-01 -1.877357e-02 9.045937e-01 2.110291e+02 7.114060e-02 9.959947e-01 5.416178e-02 4.363909e+00 -9.019874e-01 8.741875e-02 -4.228199e-01 -2.782440e+01
-4.289186e-01 -1.806478e-02 9.031625e-01 2.131548e+02 7.066265e-02 9.960656e-01 5.348121e-02 4.456766e+00 -9.005752e-01 8.675894e-02 -4.259545e-01 -2.882160e+01
-4.325644e-01 -1.748361e-02 9.014336e-01 2.152817e+02 7.018997e-02 9.961246e-01 5.300172e-02 4.545461e+00 -8.988668e-01 8.619824e-02 -4.296608e-01 -2.982977e+01
-4.347798e-01 -1.751111e-02 9.003666e-01 2.174072e+02 6.839250e-02 9.962813e-01 5.240272e-02 4.640379e+00 -8.979360e-01 8.436196e-02 -4.319654e-01 -3.083332e+01
-4.379672e-01 -1.711491e-02 8.988280e-01 2.195306e+02 6.898987e-02 9.962305e-01 5.258591e-02 4.728412e+00 -8.963399e-01 8.504094e-02 -4.351355e-01 -3.185427e+01
-4.416431e-01 -1.764239e-02 8.970174e-01 2.216658e+02 7.053327e-02 9.960295e-01 5.431654e-02 4.819542e+00 -8.944141e-01 8.725809e-02 -4.386451e-01 -3.289849e+01
-4.438605e-01 -1.894165e-02 8.958959e-01 2.237793e+02 7.061689e-02 9.959279e-01 5.604285e-02 4.920018e+00 -8.933093e-01 8.814058e-02 -4.407154e-01 -3.393575e+01
-4.477844e-01 -1.985047e-02 8.939212e-01 2.259069e+02 6.976992e-02 9.959296e-01 5.706494e-02 5.023019e+00 -8.914153e-01 8.792160e-02 -4.445769e-01 -3.499186e+01
-4.509273e-01 -2.023146e-02 8.923315e-01 2.280278e+02 6.835963e-02 9.960238e-01 5.712701e-02 5.122025e+00 -8.899392e-01 8.675957e-02 -4.477513e-01 -3.603813e+01
-4.542589e-01 -2.120683e-02 8.906173e-01 2.301453e+02 6.663774e-02 9.961070e-01 5.770723e-02 5.229667e+00 -8.883740e-01 8.556274e-02 -4.510773e-01 -3.710732e+01
-4.581753e-01 -2.236982e-02 8.885805e-01 2.322575e+02 6.554620e-02 9.961112e-01 5.887420e-02 5.335415e+00 -8.864420e-01 8.521776e-02 -4.549273e-01 -3.818138e+01
-4.608861e-01 -2.275969e-02 8.871675e-01 2.343695e+02 6.492339e-02 9.961277e-01 5.928288e-02 5.440108e+00 -8.850814e-01 8.492057e-02 -4.576238e-01 -3.926704e+01
-4.635440e-01 -2.350306e-02 8.857622e-01 2.365063e+02 6.432997e-02 9.961175e-01 6.009692e-02 5.551918e+00 -8.837357e-01 8.483862e-02 -4.602323e-01 -4.037339e+01
-4.680693e-01 -2.461717e-02 8.833488e-01 2.386355e+02 6.319109e-02 9.961205e-01 6.124362e-02 5.659487e+00 -8.814296e-01 8.448604e-02 -4.646978e-01 -4.148723e+01
-4.711647e-01 -2.493266e-02 8.816928e-01 2.407404e+02 6.247932e-02 9.961461e-01 6.155729e-02 5.775058e+00 -8.798297e-01 8.409119e-02 -4.677912e-01 -4.259829e+01
-4.751841e-01 -2.463121e-02 8.795417e-01 2.428370e+02 6.255302e-02 9.961331e-01 6.169140e-02 5.884539e+00 -8.776602e-01 8.433275e-02 -4.718058e-01 -4.371248e+01
-4.802715e-01 -2.462696e-02 8.767741e-01 2.449230e+02 6.299163e-02 9.960562e-01 6.248236e-02 5.991988e+00 -8.748550e-01 8.523792e-02 -4.768261e-01 -4.484091e+01
-4.850671e-01 -2.524777e-02 8.741123e-01 2.469760e+02 6.247316e-02 9.960285e-01 6.343713e-02 6.106977e+00 -8.722424e-01 8.537982e-02 -4.815634e-01 -4.596812e+01
-4.908210e-01 -2.554962e-02 8.708858e-01 2.490497e+02 6.106430e-02 9.961030e-01 6.363830e-02 6.221877e+00 -8.691180e-01 8.441503e-02 -4.873482e-01 -4.712315e+01
-4.943999e-01 -2.544845e-02 8.688620e-01 2.511033e+02 6.135298e-02 9.960567e-01 6.408498e-02 6.344460e+00 -8.670667e-01 8.499088e-02 -4.908891e-01 -4.826904e+01
-4.985777e-01 -2.527950e-02 8.664765e-01 2.531503e+02 6.184157e-02 9.959905e-01 6.464221e-02 6.467924e+00 -8.646365e-01 8.581341e-02 -4.950153e-01 -4.942673e+01
-5.036368e-01 -2.462058e-02 8.635646e-01 2.552242e+02 6.264932e-02 9.959211e-01 6.493164e-02 6.586879e+00 -8.616409e-01 8.680370e-02 -5.000401e-01 -5.061110e+01
-5.067559e-01 -2.346888e-02 8.617700e-01 2.572579e+02 6.389561e-02 9.958575e-01 6.469376e-02 6.707591e+00 -8.597184e-01 8.784728e-02 -5.031571e-01 -5.179291e+01
-5.100131e-01 -2.304936e-02 8.598579e-01 2.592888e+02 6.473490e-02 9.957775e-01 6.508945e-02 6.835525e+00 -8.577274e-01 8.885927e-02 -5.063674e-01 -5.298552e+01
-5.138533e-01 -2.155169e-02 8.576074e-01 2.613308e+02 6.589469e-02 9.957394e-01 6.450512e-02 6.960153e+00 -8.553437e-01 8.965794e-02 -5.102439e-01 -5.419435e+01
-5.180894e-01 -1.975938e-02 8.550981e-01 2.633445e+02 6.726520e-02 9.956956e-01 6.376311e-02 7.080924e+00 -8.526773e-01 9.055334e-02 -5.145303e-01 -5.539075e+01
-5.222126e-01 -1.929897e-02 8.525969e-01 2.654174e+02 6.808828e-02 9.956090e-01 6.423996e-02 7.212282e+00 -8.500929e-01 9.159877e-02 -5.186055e-01 -5.664184e+01
-5.258701e-01 -1.888760e-02 8.503552e-01 2.674613e+02 6.791037e-02 9.956294e-01 6.411096e-02 7.339317e+00 -8.478495e-01 9.146196e-02 -5.222892e-01 -5.786612e+01
-5.294964e-01 -1.879937e-02 8.481039e-01 2.695197e+02 6.734768e-02 9.956672e-01 6.411745e-02 7.476259e+00 -8.456346e-01 9.106778e-02 -5.259361e-01 -5.910498e+01
-5.343649e-01 -1.814940e-02 8.450590e-01 2.715865e+02 6.737615e-02 9.956736e-01 6.398883e-02 7.610475e+00 -8.425643e-01 9.113020e-02 -5.308303e-01 -6.040186e+01
-5.373133e-01 -1.793631e-02 8.431920e-01 2.736483e+02 6.677548e-02 9.957305e-01 6.373292e-02 7.741146e+00 -8.407351e-01 9.054910e-02 -5.338216e-01 -6.168145e+01
-5.411830e-01 -1.805783e-02 8.407109e-01 2.757098e+02 6.563069e-02 9.958127e-01 6.363714e-02 7.875040e+00 -8.383397e-01 8.961578e-02 -5.377318e-01 -6.296216e+01
-5.460026e-01 -1.852804e-02 8.375787e-01 2.777716e+02 6.613776e-02 9.956820e-01 6.513948e-02 8.008798e+00 -8.351688e-01 9.096190e-02 -5.424197e-01 -6.430663e+01
-5.480719e-01 -1.898653e-02 8.362157e-01 2.798029e+02 6.715403e-02 9.955162e-01 6.661753e-02 8.145130e+00 -8.337312e-01 9.266644e-02 -5.443393e-01 -6.564856e+01
-5.471209e-01 -1.949369e-02 8.368266e-01 2.819038e+02 6.804419e-02 9.953844e-01 6.767484e-02 8.288315e+00 -8.342834e-01 9.396750e-02 -5.432692e-01 -6.702973e+01
-5.494921e-01 -1.998285e-02 8.352599e-01 2.840298e+02 6.779088e-02 9.953514e-01 6.841046e-02 8.437282e+00 -8.327441e-01 9.421401e-02 -5.455831e-01 -6.840372e+01
-5.511075e-01 -2.069263e-02 8.341778e-01 2.861329e+02 6.738038e-02 9.953243e-01 6.920552e-02 8.591432e+00 -8.317094e-01 9.434688e-02 -5.471364e-01 -6.977805e+01
-5.538800e-01 -2.147765e-02 8.323197e-01 2.882383e+02 6.779141e-02 9.951847e-01 7.079314e-02 8.744250e+00 -8.298323e-01 9.563500e-02 -5.497569e-01 -7.116373e+01
-5.559102e-01 -2.194096e-02 8.309528e-01 2.903382e+02 6.799668e-02 9.951011e-01 7.176524e-02 8.897783e+00 -8.284566e-01 9.639705e-02 -5.516949e-01 -7.255656e+01
-5.583894e-01 -2.142351e-02 8.293025e-01 2.924546e+02 6.736438e-02 9.951942e-01 7.106707e-02 9.056078e+00 -8.268395e-01 9.554853e-02 -5.542626e-01 -7.396552e+01
-5.611559e-01 -2.056917e-02 8.274545e-01 2.945694e+02 6.589251e-02 9.954082e-01 6.943063e-02 9.207316e+00 -8.250832e-01 9.348446e-02 -5.572239e-01 -7.537813e+01
-5.630889e-01 -2.123483e-02 8.261235e-01 2.967042e+02 6.439792e-02 9.955024e-01 6.948244e-02 9.362899e+00 -8.238835e-01 9.232543e-02 -5.591888e-01 -7.679424e+01
-5.669547e-01 -2.352707e-02 8.234129e-01 2.988853e+02 6.236099e-02 9.954977e-01 7.138217e-02 9.523136e+00 -8.213850e-01 9.181931e-02 -5.629350e-01 -7.822999e+01
-5.719693e-01 -2.604694e-02 8.198615e-01 3.010630e+02 5.992213e-02 9.954985e-01 7.343107e-02 9.686396e+00 -8.180835e-01 9.112815e-02 -5.678338e-01 -7.967922e+01
-5.770718e-01 -2.779901e-02 8.162203e-01 3.031268e+02 5.834405e-02 9.954637e-01 7.515326e-02 9.850729e+00 -8.146068e-01 9.099041e-02 -5.728321e-01 -8.112313e+01
-5.817429e-01 -2.846128e-02 8.128747e-01 3.052346e+02 5.792300e-02 9.954006e-01 7.630534e-02 1.002081e+01 -8.113077e-01 9.147423e-02 -5.774187e-01 -8.260826e+01
-5.873772e-01 -2.812026e-02 8.088247e-01 3.074278e+02 5.931512e-02 9.952127e-01 7.767566e-02 1.019952e+01 -8.071368e-01 9.360044e-02 -5.828972e-01 -8.414472e+01
-5.910957e-01 -2.756258e-02 8.061303e-01 3.095182e+02 5.983690e-02 9.951638e-01 7.790133e-02 1.037512e+01 -8.043789e-01 9.428349e-02 -5.865878e-01 -8.566421e+01
-5.956396e-01 -2.838579e-02 8.027502e-01 3.116358e+02 5.987872e-02 9.950256e-01 7.961471e-02 1.055147e+01 -8.010170e-01 9.548932e-02 -5.909770e-01 -8.719843e+01
-5.989077e-01 -2.972482e-02 8.002663e-01 3.137419e+02 6.003509e-02 9.948323e-01 8.188111e-02 1.073408e+01 -7.985647e-01 9.708328e-02 -5.940282e-01 -8.874591e+01
-6.028209e-01 -3.169665e-02 7.972467e-01 3.158334e+02 5.845957e-02 9.947703e-01 8.375268e-02 1.091353e+01 -7.957320e-01 9.709457e-02 -5.978153e-01 -9.028791e+01
-6.074744e-01 -3.276522e-02 7.936632e-01 3.179203e+02 5.696808e-02 9.947791e-01 8.467168e-02 1.109060e+01 -7.922938e-01 9.664936e-02 -6.024363e-01 -9.184264e+01
-6.115440e-01 -3.324223e-02 7.905117e-01 3.197930e+02 5.630951e-02 9.947549e-01 8.539231e-02 1.126293e+01 -7.892041e-01 9.673449e-02 -6.064646e-01 -9.327209e+01
-6.141217e-01 -3.689789e-02 7.883485e-01 3.215809e+02 5.334541e-02 9.946812e-01 8.811105e-02 1.142383e+01 -7.874065e-01 9.616566e-02 -6.088870e-01 -9.467583e+01
-6.166905e-01 -3.831549e-02 7.862727e-01 3.235261e+02 5.293072e-02 9.945362e-01 8.997898e-02 1.160312e+01 -7.854242e-01 9.710716e-02 -6.112930e-01 -9.617134e+01
-6.205053e-01 -4.001010e-02 7.831808e-01 3.255134e+02 5.085807e-02 9.945421e-01 9.110212e-02 1.179925e+01 -7.825513e-01 9.636042e-02 -6.150838e-01 -9.771114e+01
-6.238050e-01 -4.111119e-02 7.804982e-01 3.274867e+02 5.037852e-02 9.944240e-01 9.264382e-02 1.199987e+01 -7.799549e-01 9.711201e-02 -6.182556e-01 -9.925766e+01
-6.276277e-01 -4.219645e-02 7.773695e-01 3.294550e+02 5.026901e-02 9.942497e-01 9.455482e-02 1.219924e+01 -7.768892e-01 9.842280e-02 -6.218975e-01 -1.008174e+02
-6.299653e-01 -4.369294e-02 7.753934e-01 3.314147e+02 4.786262e-02 9.943340e-01 9.491592e-02 1.239924e+01 -7.751472e-01 9.690607e-02 -6.243047e-01 -1.023851e+02
-6.332318e-01 -4.474088e-02 7.726683e-01 3.333898e+02 4.418944e-02 9.946092e-01 9.380721e-02 1.260902e+01 -7.727000e-01 9.354545e-02 -6.278410e-01 -1.039658e+02
-6.365261e-01 -4.653488e-02 7.698500e-01 3.353603e+02 3.989570e-02 9.948550e-01 9.312218e-02 1.281290e+01 -7.702227e-01 8.998840e-02 -6.313947e-01 -1.055548e+02
-6.398528e-01 -4.868272e-02 7.669541e-01 3.373231e+02 3.776824e-02 9.947935e-01 9.465411e-02 1.301907e+01 -7.675690e-01 8.953120e-02 -6.346828e-01 -1.071500e+02
-6.438977e-01 -4.929291e-02 7.635221e-01 3.392899e+02 3.856061e-02 9.945636e-01 9.672807e-02 1.323149e+01 -7.641393e-01 9.172486e-02 -6.384964e-01 -1.087688e+02
-6.472039e-01 -4.926215e-02 7.607235e-01 3.412467e+02 3.799391e-02 9.945852e-01 9.673056e-02 1.344059e+01 -7.613695e-01 9.150726e-02 -6.418277e-01 -1.103960e+02
-6.506835e-01 -5.117128e-02 7.576230e-01 3.432041e+02 3.520910e-02 9.946206e-01 9.741783e-02 1.365036e+01 -7.585324e-01 9.006339e-02 -6.453816e-01 -1.120349e+02
-6.547350e-01 -5.399536e-02 7.539277e-01 3.451622e+02 3.351516e-02 9.943903e-01 1.003226e-01 1.387546e+01 -7.551154e-01 9.095272e-02 -6.492524e-01 -1.136910e+02
-6.580449e-01 -5.666019e-02 7.508438e-01 3.471007e+02 3.133602e-02 9.942403e-01 1.024905e-01 1.410011e+01 -7.523263e-01 9.097181e-02 -6.524793e-01 -1.153497e+02
-6.618801e-01 -5.755088e-02 7.473972e-01 3.488832e+02 3.005422e-02 9.942095e-01 1.031713e-01 1.431907e+01 -7.490070e-01 9.074946e-02 -6.563178e-01 -1.168991e+02
-6.655726e-01 -5.718008e-02 7.441395e-01 3.506553e+02 3.029457e-02 9.941692e-01 1.034886e-01 1.453549e+01 -7.457181e-01 9.142254e-02 -6.599596e-01 -1.184506e+02
-6.684656e-01 -5.721598e-02 7.415390e-01 3.513007e+02 3.102450e-02 9.940236e-01 1.046645e-01 1.461709e+01 -7.430958e-01 9.297052e-02 -6.626954e-01 -1.190438e+02
-6.691794e-01 -5.776277e-02 7.408527e-01 3.518771e+02 3.117542e-02 9.939142e-01 1.056528e-01 1.469326e+01 -7.424469e-01 9.379708e-02 -6.633061e-01 -1.195894e+02
-6.676583e-01 -5.901528e-02 7.421252e-01 3.526172e+02 2.962910e-02 9.939568e-01 1.056975e-01 1.478827e+01 -7.438781e-01 9.255829e-02 -6.618750e-01 -1.202601e+02
-6.634024e-01 -6.274258e-02 7.456276e-01 3.534270e+02 2.128091e-02 9.944932e-01 1.026181e-01 1.488513e+01 -7.479600e-01 8.394472e-02 -6.584140e-01 -1.209758e+02
-6.601835e-01 -6.144879e-02 7.485864e-01 3.543485e+02 1.316041e-02 9.955485e-01 9.332729e-02 1.500094e+01 -7.509889e-01 7.146486e-02 -6.564361e-01 -1.217821e+02
-6.565185e-01 -5.140569e-02 7.525563e-01 3.553479e+02 2.329188e-02 9.958178e-01 8.834190e-02 1.507936e+01 -7.539503e-01 7.552654e-02 -6.525755e-01 -1.226940e+02
-6.521822e-01 -4.941960e-02 7.564498e-01 3.563581e+02 3.179951e-02 9.952109e-01 9.243442e-02 1.516236e+01 -7.573951e-01 8.433881e-02 -6.474873e-01 -1.236199e+02
-6.517535e-01 -5.751387e-02 7.562471e-01 3.580032e+02 3.213562e-02 9.941309e-01 1.033007e-01 1.534965e+01 -7.577499e-01 9.162903e-02 -6.460801e-01 -1.250373e+02
-6.514281e-01 -6.747014e-02 7.557045e-01 3.596525e+02 2.699634e-02 9.933462e-01 1.119583e-01 1.556287e+01 -7.582300e-01 9.333403e-02 -6.452721e-01 -1.264351e+02
-6.524013e-01 -7.382531e-02 7.542695e-01 3.613918e+02 2.098711e-02 9.931027e-01 1.153542e-01 1.579869e+01 -7.575832e-01 9.108714e-02 -6.463521e-01 -1.279019e+02
-6.542761e-01 -7.446802e-02 7.525803e-01 3.632755e+02 1.974365e-02 9.931189e-01 1.154341e-01 1.604970e+01 -7.559979e-01 9.038445e-02 -6.483037e-01 -1.294970e+02
-6.558517e-01 -6.970732e-02 7.516646e-01 3.651424e+02 2.490587e-02 9.931872e-01 1.138367e-01 1.628635e+01 -7.544789e-01 9.338081e-02 -6.496475e-01 -1.310908e+02
-6.584601e-01 -6.308868e-02 7.499669e-01 3.669645e+02 3.004828e-02 9.934822e-01 1.099556e-01 1.651096e+01 -7.520158e-01 9.493658e-02 -6.522727e-01 -1.326583e+02
-6.594487e-01 -5.988274e-02 7.493607e-01 3.687968e+02 3.176123e-02 9.937128e-01 1.073597e-01 1.673733e+01 -7.510782e-01 9.459884e-02 -6.534007e-01 -1.342443e+02
-6.606361e-01 -5.967258e-02 7.483309e-01 3.706735e+02 3.212464e-02 9.936755e-01 1.075966e-01 1.696941e+01 -7.500187e-01 9.512207e-02 -6.545409e-01 -1.358734e+02
-6.622649e-01 -6.015120e-02 7.468514e-01 3.725456e+02 3.300861e-02 9.934624e-01 1.092833e-01 1.720424e+01 -7.485424e-01 9.702705e-02 -6.559498e-01 -1.374992e+02
-6.633977e-01 -6.100291e-02 7.457761e-01 3.744204e+02 3.374215e-02 9.932185e-01 1.112582e-01 1.744279e+01 -7.475057e-01 9.897250e-02 -6.568406e-01 -1.391327e+02
-6.660599e-01 -6.070482e-02 7.434241e-01 3.763893e+02 3.461222e-02 9.930937e-01 1.121021e-01 1.769058e+01 -7.450950e-01 1.003982e-01 -6.593587e-01 -1.408445e+02
-6.678088e-01 -6.059914e-02 7.418621e-01 3.783136e+02 3.489052e-02 9.930363e-01 1.125241e-01 1.793894e+01 -7.435148e-01 1.010285e-01 -6.610440e-01 -1.425386e+02
-6.685616e-01 -6.045622e-02 7.411954e-01 3.802399e+02 3.561350e-02 9.929436e-01 1.131138e-01 1.818610e+01 -7.428036e-01 1.020201e-01 -6.616908e-01 -1.442409e+02
-6.694698e-01 -6.099365e-02 7.403309e-01 3.821598e+02 3.693019e-02 9.926582e-01 1.151775e-01 1.843805e+01 -7.419207e-01 1.044485e-01 -6.623023e-01 -1.459455e+02
-6.694149e-01 -6.175506e-02 7.403176e-01 3.840355e+02 3.897351e-02 9.922472e-01 1.180111e-01 1.869200e+01 -7.418658e-01 1.078512e-01 -6.618181e-01 -1.476142e+02
-6.699692e-01 -6.250058e-02 7.397532e-01 3.859456e+02 4.046614e-02 9.918940e-01 1.204524e-01 1.895508e+01 -7.412851e-01 1.106343e-01 -6.620094e-01 -1.493190e+02
-6.709791e-01 -6.257250e-02 7.388315e-01 3.878575e+02 3.956535e-02 9.919919e-01 1.199447e-01 1.922161e+01 -7.404201e-01 1.097125e-01 -6.631300e-01 -1.510227e+02
-6.709545e-01 -6.305097e-02 7.388129e-01 3.897385e+02 3.568996e-02 9.924774e-01 1.171108e-01 1.948147e+01 -7.406391e-01 1.049443e-01 -6.636568e-01 -1.526913e+02
-6.713004e-01 -6.359540e-02 7.384521e-01 3.916263e+02 3.289791e-02 9.927737e-01 1.154038e-01 1.973895e+01 -7.404551e-01 1.017642e-01 -6.643572e-01 -1.543657e+02
-6.691267e-01 -6.519753e-02 7.402828e-01 3.935132e+02 3.214978e-02 9.926720e-01 1.164853e-01 1.999401e+01 -7.424526e-01 1.017433e-01 -6.621273e-01 -1.560520e+02
-6.687888e-01 -6.687831e-02 7.404383e-01 3.954148e+02 3.032088e-02 9.926634e-01 1.170468e-01 2.024647e+01 -7.428339e-01 1.007303e-01 -6.618544e-01 -1.577267e+02
-6.694810e-01 -6.764692e-02 7.397426e-01 3.973116e+02 2.786277e-02 9.928572e-01 1.160097e-01 2.050531e+01 -7.423065e-01 9.827758e-02 -6.628141e-01 -1.594002e+02
-6.701801e-01 -6.850352e-02 7.390304e-01 3.991995e+02 2.689047e-02 9.928365e-01 1.164150e-01 2.076127e+01 -7.417113e-01 9.789191e-02 -6.635371e-01 -1.610779e+02
-6.699766e-01 -7.012767e-02 7.390629e-01 4.011012e+02 2.716973e-02 9.925452e-01 1.188099e-01 2.102155e+01 -7.418852e-01 9.967995e-02 -6.630766e-01 -1.627707e+02
-6.697639e-01 -7.183339e-02 7.390915e-01 4.028883e+02 2.900621e-02 9.920197e-01 1.227013e-01 2.127831e+01 -7.420073e-01 1.036191e-01 -6.623354e-01 -1.643730e+02
-6.689988e-01 -7.304553e-02 7.396655e-01 4.047171e+02 3.380233e-02 9.911394e-01 1.284527e-01 2.155003e+01 -7.424945e-01 1.109371e-01 -6.606020e-01 -1.660107e+02
-6.675336e-01 -7.458238e-02 7.408349e-01 4.065439e+02 3.716496e-02 9.903929e-01 1.331940e-01 2.183198e+01 -7.436516e-01 1.164445e-01 -6.583488e-01 -1.676452e+02
-6.660091e-01 -7.723285e-02 7.419346e-01 4.083997e+02 3.208384e-02 9.907393e-01 1.319331e-01 2.212738e+01 -7.452533e-01 1.116728e-01 -6.573634e-01 -1.692891e+02
-6.638843e-01 -7.811312e-02 7.437447e-01 4.102665e+02 2.527382e-02 9.916182e-01 1.267065e-01 2.241455e+01 -7.474082e-01 1.029157e-01 -6.563455e-01 -1.709092e+02
