1.000000e+00 0.000000e+00 0.000000e+00 0.000000e+00 0.000000e+00 1.000000e+00 0.000000e+00 0.000000e+00 0.000000e+00 0.000000e+00 1.000000e+00 0.000000e+00
9.992056e-01 2.975607e-03 -3.974031e-02 3.226460e-01 -2.911114e-03 9.999943e-01 1.680626e-03 -2.912112e-02 3.974508e-02 -1.563602e-03 9.992086e-01 3.501785e-01
9.995569e-01 1.021891e-03 -2.974853e-02 9.826626e-01 -1.071859e-03 9.999980e-01 -1.663791e-03 1.128615e-02 2.974677e-02 1.694940e-03 9.995560e-01 4.314937e-01
9.996278e-01 -5.704489e-04 -2.727693e-02 1.051123e+00 4.343937e-04 9.999874e-01 -4.993585e-03 1.518840e-02 2.727943e-02 4.979878e-03 9.996154e-01 5.291724e-01
9.996624e-01 2.898538e-03 -2.581991e-02 1.377337e-01 -3.097508e-03 9.999658e-01 -7.669393e-03 5.284622e-03 2.579679e-02 7.746781e-03 9.996372e-01 6.582524e-01
9.998580e-01 3.626163e-03 -1.645483e-02 1.460747e+00 -3.799736e-03 9.999374e-01 -1.052947e-02 4.466917e-02 1.641562e-02 1.059050e-02 9.998091e-01 7.662506e-01
9.999861e-01 -1.249028e-03 -5.120349e-03 3.232585e+00 1.184750e-03 9.999207e-01 -1.253740e-02 1.082774e-01 5.135602e-03 1.253115e-02 9.999083e-01 9.150770e-01
9.999840e-01 -1.079041e-03 5.556995e-03 4.621308e+00 1.153509e-03 9.999093e-01 -1.341505e-02 1.414749e-01 -5.542016e-03 1.342125e-02 9.998946e-01 9.816343e-01
9.988674e-01 -6.056934e-03 4.719401e-02 4.708653e+00 6.792134e-03 9.998578e-01 -1.543348e-02 1.234777e-01 -4.709382e-02 1.573654e-02 9.987665e-01 1.708954e+00
9.956510e-01 -9.875942e-03 9.263656e-02 4.597430e+00 1.141236e-02 9.998057e-01 -1.607039e-02 9.035958e-02 -9.245985e-02 1.705770e-02 9.955703e-01 2.499931e+00
9.907061e-01 -1.464520e-02 1.352290e-01 4.765275e+00 1.689901e-02 9.997365e-01 -1.553375e-02 7.839917e-02 -1.349659e-01 1.767462e-02 9.906926e-01 2.805970e+00
9.833867e-01 -1.956395e-02 1.804658e-01 4.721322e+00 2.205049e-02 9.996874e-01 -1.178243e-02 4.026879e-02 -1.801789e-01 1.556604e-02 9.835107e-01 3.426467e+00
9.741111e-01 -2.382305e-02 2.248110e-01 5.042238e+00 2.634913e-02 9.996188e-01 -8.242498e-03 -2.057076e-02 -2.245289e-01 1.395268e-02 9.743676e-01 4.580548e+00
9.616594e-01 -2.879288e-02 2.727309e-01 4.781564e+00 3.141940e-02 9.994924e-01 -5.267091e-03 -4.213667e-02 -2.724409e-01 1.363419e-02 9.620759e-01 4.608814e+00
9.477367e-01 -3.288435e-02 3.173542e-01 5.086144e+00 3.581863e-02 9.993525e-01 -3.414415e-03 -7.592525e-02 -3.170365e-01 1.460316e-02 9.483009e-01 5.488353e+00
9.323881e-01 -3.760203e-02 3.594976e-01 5.540190e+00 4.099626e-02 9.991577e-01 -1.819379e-03 -9.288500e-02 -3.591264e-01 1.643442e-02 9.331443e-01 6.433678e+00
9.153575e-01 -3.927827e-02 4.007217e-01 6.151697e+00 4.330659e-02 9.990613e-01 -9.972276e-04 -1.250106e-01 -4.003063e-01 1.826671e-02 9.161993e-01 7.519554e+00
8.980094e-01 -4.274796e-02 4.378946e-01 6.738492e+00 4.684984e-02 9.989009e-01 1.437271e-03 -1.102484e-01 -4.374747e-01 1.922461e-02 8.990252e-01 7.998892e+00
8.858709e-01 -4.212410e-02 4.620156e-01 7.704051e+00 4.627741e-02 9.989259e-01 2.344185e-03 -5.169590e-02 -4.616180e-01 1.930424e-02 8.868687e-01 7.897070e+00
8.655977e-01 -4.077733e-02 4.990771e-01 8.352458e+00 4.561819e-02 9.989558e-01 2.500114e-03 -6.652041e-02 -4.986579e-01 2.060290e-02 8.665540e-01 8.764049e+00
8.430092e-01 -4.131794e-02 5.363099e-01 8.951922e+00 4.711581e-02 9.988852e-01 2.895377e-03 -7.957007e-02 -5.358316e-01 2.282784e-02 8.440162e-01 9.503184e+00
8.196446e-01 -3.935330e-02 5.715190e-01 9.765655e+00 4.397272e-02 9.990163e-01 5.726113e-03 -1.032531e-01 -5.711822e-01 2.043787e-02 8.205689e-01 1.038917e+01
7.940307e-01 -3.838307e-02 6.066648e-01 1.056000e+01 4.354568e-02 9.990321e-01 6.213177e-03 -1.117613e-01 -6.063160e-01 2.148418e-02 7.949336e-01 1.127003e+01
7.681749e-01 -3.886141e-02 6.390595e-01 1.124105e+01 4.587870e-02 9.989313e-01 5.597311e-03 -1.309740e-01 -6.385941e-01 2.501951e-02 7.691369e-01 1.198075e+01
7.415464e-01 -3.935189e-02 6.697465e-01 1.204524e+01 4.784997e-02 9.988382e-01 5.708422e-03 -1.205170e-01 -6.691931e-01 2.781430e-02 7.425678e-01 1.262480e+01
7.191299e-01 -4.332770e-02 6.935235e-01 1.260254e+01 5.102676e-02 9.986523e-01 9.479769e-03 -1.271627e-01 -6.929996e-01 2.857107e-02 7.203716e-01 1.281198e+01
7.051392e-01 -4.546850e-02 7.076097e-01 1.367954e+01 5.234881e-02 9.985568e-01 1.199770e-02 -6.524227e-02 -7.071339e-01 2.858247e-02 7.065017e-01 1.218004e+01
6.930323e-01 -4.558502e-02 7.194639e-01 1.494195e+01 5.441606e-02 9.984595e-01 1.084517e-02 1.951065e-02 -7.188498e-01 3.163433e-02 6.944453e-01 1.170844e+01
6.885291e-01 -4.547875e-02 7.237813e-01 1.613967e+01 5.615105e-02 9.983788e-01 9.316886e-03 1.583356e-01 -7.230316e-01 3.422613e-02 6.899666e-01 1.092446e+01
6.838428e-01 -4.721303e-02 7.281004e-01 1.736037e+01 5.930574e-02 9.981990e-01 9.026504e-03 2.972645e-01 -7.272152e-01 3.700781e-02 6.854112e-01 9.941953e+00
6.581801e-01 -4.959491e-02 7.512252e-01 1.814546e+01 6.188822e-02 9.980149e-01 1.166476e-02 3.018662e-01 -7.503125e-01 3.881447e-02 6.599429e-01 1.058441e+01
6.322514e-01 -5.038585e-02 7.731231e-01 1.900285e+01 6.317326e-02 9.979129e-01 1.337343e-02 3.103724e-01 -7.721834e-01 4.038534e-02 6.341150e-01 1.126146e+01
6.054064e-01 -4.901535e-02 7.944058e-01 1.987958e+01 6.117789e-02 9.980148e-01 1.495527e-02 3.086627e-01 -7.935618e-01 3.954605e-02 6.072032e-01 1.192094e+01
5.804589e-01 -4.681223e-02 8.129429e-01 2.066149e+01 6.127528e-02 9.980266e-01 1.371815e-02 3.260401e-01 -8.119808e-01 4.185048e-02 5.821818e-01 1.247222e+01
5.586121e-01 -4.678471e-02 8.281085e-01 2.158736e+01 6.193764e-02 9.979732e-01 1.460047e-02 3.542385e-01 -8.271132e-01 4.313508e-02 5.603776e-01 1.301661e+01
5.380343e-01 -4.700062e-02 8.416116e-01 2.246111e+01 6.108402e-02 9.979932e-01 1.668347e-02 3.850310e-01 -8.407068e-01 4.243274e-02 5.398256e-01 1.329832e+01
5.207739e-01 -4.780254e-02 8.523552e-01 2.302871e+01 6.312726e-02 9.978539e-01 1.739289e-02 4.189975e-01 -8.513575e-01 4.474909e-02 5.226739e-01 1.341418e+01
5.038729e-01 -4.959914e-02 8.623526e-01 2.363956e+01 6.755028e-02 9.975552e-01 1.790582e-02 4.583962e-01 -8.611324e-01 4.922991e-02 5.059915e-01 1.346976e+01
4.855723e-01 -5.110666e-02 8.727014e-01 2.418236e+01 6.966186e-02 9.973772e-01 1.964790e-02 4.834831e-01 -8.714166e-01 5.125353e-02 4.878588e-01 1.360578e+01
4.743146e-01 -5.336090e-02 8.787367e-01 2.452466e+01 7.320944e-02 9.970948e-01 2.103197e-02 5.188152e-01 -8.773061e-01 5.435605e-02 4.768432e-01 1.333228e+01
4.568369e-01 -5.636969e-02 8.877627e-01 2.477440e+01 7.897963e-02 9.966191e-01 2.263927e-02 5.200808e-01 -8.860374e-01 5.977271e-02 4.597444e-01 1.354862e+01
4.472395e-01 -5.928335e-02 8.924474e-01 2.496491e+01 8.615919e-02 9.960162e-01 2.298553e-02 5.509388e-01 -8.902547e-01 6.661250e-02 4.505656e-01 1.343062e+01
4.309579e-01 -6.134798e-02 9.002842e-01 2.569172e+01 9.085534e-02 9.955664e-01 2.434915e-02 5.673951e-01 -8.977865e-01 7.130217e-02 4.346210e-01 1.383887e+01
4.181072e-01 -6.296938e-02 9.062127e-01 2.661758e+01 9.467401e-02 9.951825e-01 2.547099e-02 5.880387e-01 -9.034508e-01 7.514517e-02 4.220545e-01 1.422774e+01
4.058125e-01 -6.451849e-02 9.116763e-01 2.756103e+01 9.686845e-02 9.949230e-01 2.729093e-02 6.160012e-01 -9.088085e-01 7.723766e-02 4.100020e-01 1.461412e+01
3.937209e-01 -6.558062e-02 9.168877e-01 2.874265e+01 9.637580e-02 9.948996e-01 2.977569e-02 6.469836e-01 -9.141639e-01 7.664247e-02 3.980331e-01 1.507271e+01
3.768420e-01 -6.127457e-02 9.242486e-01 2.960148e+01 9.459675e-02 9.951384e-01 2.740458e-02 6.724160e-01 -9.214345e-01 7.710372e-02 3.808063e-01 1.566336e+01
3.664187e-01 -5.862153e-02 9.286016e-01 3.082847e+01 9.353127e-02 9.952788e-01 2.592410e-02 7.002875e-01 -9.257371e-01 7.735422e-02 3.701717e-01 1.611266e+01
3.573371e-01 -5.605597e-02 9.322918e-01 3.214602e+01 9.244976e-02 9.954180e-01 2.441659e-02 7.334264e-01 -9.293887e-01 7.746519e-02 3.608821e-01 1.654933e+01
3.420769e-01 -5.059001e-02 9.383092e-01 3.275967e+01 9.226966e-02 9.955325e-01 2.003676e-02 7.869489e-01 -9.351309e-01 7.972335e-02 3.452166e-01 1.709877e+01
3.149047e-01 -4.977016e-02 9.478176e-01 3.295688e+01 9.241369e-02 9.954870e-01 2.156959e-02 7.193400e-01 -9.446136e-01 8.079894e-02 3.180830e-01 1.819758e+01
3.093062e-01 -4.909911e-02 9.496941e-01 3.418898e+01 9.207452e-02 9.955204e-01 2.148054e-02 7.454703e-01 -9.464945e-01 8.079857e-02 3.124414e-01 1.859399e+01
2.979121e-01 -4.379841e-02 9.535881e-01 3.501158e+01 9.055047e-02 9.957390e-01 1.744537e-02 7.877535e-01 -9.502890e-01 8.115064e-02 3.006087e-01 1.909852e+01
2.819529e-01 -4.222941e-02 9.584984e-01 3.571003e+01 8.892796e-02 9.958805e-01 1.771724e-02 7.846601e-01 -9.552981e-01 8.024188e-02 2.845468e-01 1.970582e+01
2.812538e-01 -4.358676e-02 9.586431e-01 3.579126e+01 9.398217e-02 9.954168e-01 1.768557e-02 8.091741e-01 -9.550203e-01 8.512123e-02 2.840611e-01 1.971063e+01
2.763956e-01 -4.298479e-02 9.600822e-01 3.705413e+01 9.302142e-02 9.955052e-01 1.779106e-02 8.345239e-01 -9.565315e-01 8.439083e-02 2.791518e-01 2.014939e+01
2.739502e-01 -4.345525e-02 9.607617e-01 3.834444e+01 9.349000e-02 9.954508e-01 1.836664e-02 8.674468e-01 -9.571891e-01 8.479007e-02 2.767665e-01 2.055094e+01
2.699702e-01 -4.382567e-02 9.618707e-01 3.961305e+01 9.418915e-02 9.953746e-01 1.891595e-02 8.846307e-01 -9.582507e-01 8.549105e-02 2.728494e-01 2.096495e+01
2.680408e-01 -4.522439e-02 9.623455e-01 4.099091e+01 9.520270e-02 9.952518e-01 2.025410e-02 8.954638e-01 -9.586922e-01 8.618896e-02 2.710736e-01 2.133994e+01
2.657784e-01 -4.315225e-02 9.630679e-01 4.233353e+01 9.416541e-02 9.953825e-01 1.861329e-02 9.276619e-01 -9.594241e-01 8.574068e-02 2.686146e-01 2.176924e+01
2.649727e-01 -4.146795e-02 9.633638e-01 4.374254e+01 9.525561e-02 9.953137e-01 1.664323e-02 9.602420e-01 -9.595394e-01 8.735580e-02 2.676810e-01 2.219468e+01
2.637467e-01 -4.040180e-02 9.637455e-01 4.517813e+01 9.488625e-02 9.953634e-01 1.575989e-02 9.849224e-01 -9.599137e-01 8.728957e-02 2.663574e-01 2.264910e+01
2.638440e-01 -4.072838e-02 9.637051e-01 4.522055e+01 9.350527e-02 9.954825e-01 1.647141e-02 9.819623e-01 -9.600224e-01 8.576562e-02 2.664604e-01 2.266176e+01
2.643225e-01 -4.216885e-02 9.635121e-01 4.522304e+01 9.176317e-02 9.956108e-01 1.840007e-02 9.713969e-01 -9.600590e-01 8.355136e-02 2.670319e-01 2.270981e+01
2.654012e-01 -4.303620e-02 9.631771e-01 4.681523e+01 8.943468e-02 9.957949e-01 1.985009e-02 9.935310e-01 -9.599811e-01 8.087319e-02 2.681341e-01 2.315426e+01
2.658014e-01 -4.173462e-02 9.631240e-01 4.693072e+01 8.725021e-02 9.960037e-01 1.908021e-02 1.008861e+00 -9.600714e-01 7.896122e-02 2.683806e-01 2.323075e+01
2.661772e-01 -4.202072e-02 9.630079e-01 4.697979e+01 8.660991e-02 9.960510e-01 1.952341e-02 9.919026e-01 -9.600253e-01 7.820933e-02 2.687654e-01 2.339912e+01
2.655538e-01 -4.278357e-02 9.631463e-01 4.699454e+01 8.682009e-02 9.960170e-01 2.030612e-02 9.726489e-01 -9.601789e-01 7.822807e-02 2.682106e-01 2.354613e+01
2.657581e-01 -4.505379e-02 9.629865e-01 4.700979e+01 8.826841e-02 9.958486e-01 2.223157e-02 9.755573e-01 -9.599904e-01 7.909305e-02 2.686317e-01 2.360059e+01
2.730471e-01 -4.808111e-02 9.607984e-01 4.818970e+01 9.040131e-02 9.956130e-01 2.413239e-02 1.014546e+00 -9.577436e-01 8.026816e-02 2.761959e-01 2.376000e+01
2.748989e-01 -4.781532e-02 9.602834e-01 4.823492e+01 9.216677e-02 9.954737e-01 2.318310e-02 1.020242e+00 -9.570454e-01 8.213322e-02 2.780616e-01 2.371507e+01
2.778999e-01 -4.617970e-02 9.594995e-01 4.834914e+01 9.275440e-02 9.954666e-01 2.104630e-02 1.046820e+00 -9.561216e-01 8.314902e-02 2.809234e-01 2.357678e+01
2.824031e-01 -4.748872e-02 9.581197e-01 4.852756e+01 9.204619e-02 9.955070e-01 2.221145e-02 1.064679e+00 -9.548696e-01 8.191869e-02 2.855054e-01 2.342107e+01
2.820094e-01 -4.677790e-02 9.582706e-01 4.850476e+01 9.505387e-02 9.952587e-01 2.061007e-02 1.068186e+00 -9.546913e-01 8.527510e-02 2.851188e-01 2.352470e+01
2.837729e-01 -4.670704e-02 9.577534e-01 4.851711e+01 9.664427e-02 9.951202e-01 1.989457e-02 1.083958e+00 -9.540089e-01 8.691584e-02 2.869021e-01 2.361458e+01
2.864313e-01 -4.715386e-02 9.569398e-01 5.016256e+01 9.543938e-02 9.952247e-01 2.047346e-02 1.114833e+00 -9.533355e-01 8.546550e-02 2.895638e-01 2.412767e+01
2.862250e-01 -4.876060e-02 9.569210e-01 5.016218e+01 9.875995e-02 9.948864e-01 2.115503e-02 1.112579e+00 -9.530592e-01 8.845036e-02 2.895769e-01 2.424710e+01
2.853558e-01 -4.850123e-02 9.571937e-01 5.202117e+01 9.734868e-02 9.950203e-01 2.139661e-02 1.162823e+00 -9.534650e-01 8.707590e-02 2.886564e-01 2.482641e+01
2.853469e-01 -4.609915e-02 9.573150e-01 5.385562e+01 9.607237e-02 9.951875e-01 1.928658e-02 1.210343e+00 -9.535970e-01 8.646815e-02 2.884026e-01 2.539705e+01
2.848239e-01 -4.569682e-02 9.574901e-01 5.575993e+01 9.555874e-02 9.952410e-01 1.907271e-02 1.244025e+00 -9.538050e-01 8.606417e-02 2.878351e-01 2.590779e+01
2.834638e-01 -4.271540e-02 9.580312e-01 5.742867e+01 9.300127e-02 9.955231e-01 1.686967e-02 1.289127e+00 -9.544628e-01 8.431617e-02 2.861673e-01 2.645908e+01
2.811444e-01 -4.092355e-02 9.587924e-01 5.905518e+01 9.224275e-02 9.956167e-01 1.544718e-02 1.313241e+00 -9.552220e-01 8.409876e-02 2.836870e-01 2.701863e+01
2.802144e-01 -4.100534e-02 9.590614e-01 6.094286e+01 8.856200e-02 9.959306e-01 1.670603e-02 1.349399e+00 -9.558436e-01 8.025511e-02 2.827056e-01 2.754716e+01
2.777290e-01 -4.029219e-02 9.598141e-01 6.266657e+01 8.963584e-02 9.958482e-01 1.586809e-02 1.376524e+00 -9.564685e-01 8.162671e-02 2.801876e-01 2.813943e+01
2.683390e-01 -3.919192e-02 9.625270e-01 6.419344e+01 8.881221e-02 9.959232e-01 1.579214e-02 1.382390e+00 -9.592219e-01 8.124650e-02 2.707257e-01 2.884774e+01
2.675502e-01 -3.846464e-02 9.627759e-01 6.619751e+01 8.881080e-02 9.959339e-01 1.510932e-02 1.420092e+00 -9.594424e-01 8.146239e-02 2.698783e-01 2.933245e+01
2.678664e-01 -3.355525e-02 9.628717e-01 6.785339e+01 8.445300e-02 9.963642e-01 1.122799e-02 1.466853e+00 -9.597476e-01 7.830979e-02 2.697263e-01 2.985387e+01
2.652832e-01 -3.364265e-02 9.635834e-01 6.986675e+01 8.410989e-02 9.963886e-01 1.163180e-02 1.488082e+00 -9.604949e-01 7.796118e-02 2.671548e-01 3.033912e+01
2.614865e-01 -3.295844e-02 9.646444e-01 7.188998e+01 8.058804e-02 9.966727e-01 1.220771e-02 1.518588e+00 -9.618371e-01 7.454663e-02 2.632725e-01 3.084674e+01
2.584714e-01 -3.052702e-02 9.655365e-01 7.351694e+01 7.790777e-02 9.969035e-01 1.066305e-02 1.545459e+00 -9.628722e-01 7.246669e-02 2.600493e-01 3.135068e+01
2.541589e-01 -2.793564e-02 9.667590e-01 7.553275e+01 7.607213e-02 9.970634e-01 8.812107e-03 1.568447e+00 -9.641662e-01 7.130374e-02 2.555377e-01 3.187220e+01
2.351673e-01 -2.427872e-02 9.716517e-01 7.709039e+01 7.521371e-02 9.971449e-01 6.711866e-03 1.561441e+00 -9.690404e-01 7.150312e-02 2.363220e-01 3.271506e+01
2.093815e-01 -2.363662e-02 9.775483e-01 7.880423e+01 7.698473e-02 9.970032e-01 7.617633e-03 1.517001e+00 -9.747989e-01 7.366131e-02 2.105736e-01 3.373427e+01
2.046651e-01 -2.200285e-02 9.785847e-01 8.086792e+01 7.520919e-02 9.971454e-01 6.690621e-03 1.528061e+00 -9.759384e-01 7.222923e-02 2.057357e-01 3.416994e+01
1.954896e-01 -1.862170e-02 9.805290e-01 8.273959e+01 7.057730e-02 9.974944e-01 4.872783e-03 1.542748e+00 -9.781629e-01 6.825051e-02 1.963141e-01 3.472372e+01
1.908032e-01 -1.875096e-02 9.814492e-01 8.479215e+01 6.744969e-02 9.977049e-01 5.948658e-03 1.543260e+00 -9.793082e-01 6.506342e-02 1.916301e-01 3.513239e+01
1.845974e-01 -1.697552e-02 9.826676e-01 8.690228e+01 6.555530e-02 9.978368e-01 4.922785e-03 1.560072e+00 -9.806255e-01 6.351034e-02 1.853110e-01 3.555720e+01
1.783384e-01 -1.598869e-02 9.838394e-01 8.888349e+01 6.387173e-02 9.979473e-01 4.640066e-03 1.568287e+00 -9.818941e-01 6.201202e-02 1.789936e-01 3.600955e+01
1.718220e-01 -1.374060e-02 9.850322e-01 9.090632e+01 6.442428e-02 9.979190e-01 2.682648e-03 1.563752e+00 -9.830192e-01 6.299905e-02 1.723497e-01 3.642772e+01
1.644507e-01 -9.769496e-03 9.863369e-01 9.297932e+01 6.334419e-02 9.979915e-01 -6.763684e-04 1.572735e+00 -9.843493e-01 6.258994e-02 1.647393e-01 3.683582e+01
1.583624e-01 -9.935823e-03 9.873310e-01 9.499709e+01 6.467453e-02 9.979063e-01 -3.311917e-04 1.559140e+00 -9.852607e-01 6.390762e-02 1.586735e-01 3.722001e+01
1.341249e-01 -1.045518e-02 9.909093e-01 9.598064e+01 5.819391e-02 9.983017e-01 2.656321e-03 1.474902e+00 -9.892543e-01 5.730860e-02 1.345055e-01 3.820165e+01
9.756023e-02 -1.487697e-02 9.951184e-01 9.737334e+01 5.134021e-02 9.986322e-01 9.896168e-03 1.364937e+00 -9.939045e-01 5.012412e-02 9.819061e-02 3.892282e+01
9.187603e-02 -1.458909e-02 9.956636e-01 9.974547e+01 5.298301e-02 9.985479e-01 9.742281e-03 1.378978e+00 -9.943599e-01 5.185817e-02 9.251559e-02 3.917168e+01
8.793789e-02 -1.708903e-02 9.959793e-01 1.017459e+02 5.637676e-02 9.983356e-01 1.215179e-02 1.398103e+00 -9.945293e-01 5.508149e-02 8.875495e-02 3.934364e+01
8.561778e-02 -1.426010e-02 9.962261e-01 1.037190e+02 5.639198e-02 9.983640e-01 9.444248e-03 1.447278e+00 -9.947311e-01 5.537056e-02 8.628184e-02 3.951317e+01
8.153445e-02 -1.320240e-02 9.965832e-01 1.057368e+02 5.731616e-02 9.983196e-01 8.536140e-03 1.464880e+00 -9.950212e-01 5.642432e-02 8.215415e-02 3.969057e+01
7.820356e-02 -1.119897e-02 9.968746e-01 1.078553e+02 5.647913e-02 9.983807e-01 6.785165e-03 1.488354e+00 -9.953364e-01 5.577197e-02 7.870942e-02 3.986938e+01
7.364631e-02 -1.149610e-02 9.972181e-01 1.100524e+02 5.450507e-02 9.984854e-01 7.485409e-03 1.499077e+00 -9.957939e-01 5.380217e-02 7.416135e-02 4.005597e+01
6.881571e-02 -1.159624e-02 9.975619e-01 1.121869e+02 5.179758e-02 9.986253e-01 8.035398e-03 1.490197e+00 -9.962838e-01 5.111834e-02 6.932175e-02 4.024162e+01
6.829768e-02 -7.526889e-03 9.976367e-01 1.140592e+02 4.848677e-02 9.988149e-01 4.216394e-03 1.515520e+00 -9.964862e-01 4.808420e-02 6.858170e-02 4.033933e+01
6.378865e-02 -6.486245e-03 9.979423e-01 1.161369e+02 4.768427e-02 9.988565e-01 3.444199e-03 1.521360e+00 -9.968235e-01 4.736646e-02 6.402498e-02 4.050310e+01
5.815864e-02 -6.115660e-03 9.982887e-01 1.182998e+02 4.904754e-02 9.987911e-01 3.261309e-03 1.499949e+00 -9.971018e-01 4.877393e-02 5.838829e-02 4.069268e+01
4.034501e-02 -3.297340e-04 9.991859e-01 1.200891e+02 4.787387e-02 9.988521e-01 -1.603430e-03 1.551499e+00 -9.980384e-01 4.789958e-02 4.031450e-02 4.111456e+01
3.961885e-02 3.951203e-03 9.992072e-01 1.220657e+02 4.708618e-02 9.988739e-01 -5.816875e-03 1.566044e+00 -9.981049e-01 4.727929e-02 3.938824e-02 4.116926e+01
3.567785e-02 4.495909e-03 9.993532e-01 1.241811e+02 4.613380e-02 9.989164e-01 -6.140964e-03 1.545674e+00 -9.982979e-01 4.632306e-02 3.543180e-02 4.128675e+01
1.641446e-02 5.890468e-03 9.998481e-01 1.260516e+02 4.611196e-02 9.989142e-01 -6.641991e-03 1.495803e+00 -9.988016e-01 4.621397e-02 1.612502e-02 4.174186e+01
1.049966e-02 6.767547e-03 9.999222e-01 1.283138e+02 4.739295e-02 9.988499e-01 -7.257947e-03 1.467809e+00 -9.988213e-01 4.746546e-02 1.016682e-02 4.180833e+01
-1.414502e-02 8.651765e-03 9.998626e-01 1.293855e+02 4.922255e-02 9.987562e-01 -7.945845e-03 1.410354e+00 -9.986877e-01 4.910338e-02 -1.455331e-02 4.276233e+01
-1.677859e-02 8.669019e-03 9.998217e-01 1.294197e+02 4.856350e-02 9.987893e-01 -7.845095e-03 1.409802e+00 -9.986792e-01 4.842320e-02 -1.717925e-02 4.271358e+01
-2.099335e-02 1.029339e-02 9.997268e-01 1.317761e+02 4.813783e-02 9.987977e-01 -9.272981e-03 1.383391e+00 -9.986202e-01 4.793000e-02 -2.146351e-02 4.267166e+01
-2.386189e-02 1.275804e-02 9.996339e-01 1.341288e+02 4.681999e-02 9.988356e-01 -1.163023e-02 1.360945e+00 -9.986183e-01 4.652533e-02 -2.443147e-02 4.261744e+01
-5.381179e-02 1.329837e-02 9.984626e-01 1.356148e+02 4.956410e-02 9.987144e-01 -1.063048e-02 1.293663e+00 -9.973203e-01 4.891585e-02 -5.440176e-02 4.341867e+01
-6.130505e-02 1.260919e-02 9.980395e-01 1.383253e+02 4.853245e-02 9.987751e-01 -9.637357e-03 1.255450e+00 -9.969385e-01 4.784648e-02 -6.184185e-02 4.323153e+01
-6.677365e-02 1.097777e-02 9.977079e-01 1.384751e+02 4.953445e-02 9.987429e-01 -7.673971e-03 1.253596e+00 -9.965379e-01 4.890849e-02 -6.723344e-02 4.323548e+01
-7.118130e-02 9.480800e-03 9.974183e-01 1.408147e+02 5.084979e-02 9.986891e-01 -5.863956e-03 1.217770e+00 -9.961664e-01 5.030111e-02 -7.157004e-02 4.307085e+01
-6.610143e-02 1.215666e-02 9.977388e-01 1.427941e+02 5.214684e-02 9.986014e-01 -8.712377e-03 1.210371e+00 -9.964494e-01 5.145303e-02 -6.664288e-02 4.289410e+01
-6.725359e-02 1.400984e-02 9.976375e-01 1.427852e+02 5.357076e-02 9.985098e-01 -1.041073e-02 1.220065e+00 -9.962967e-01 5.274405e-02 -6.790388e-02 4.290541e+01
-9.168470e-02 1.562350e-02 9.956656e-01 1.438163e+02 5.237310e-02 9.985687e-01 -1.084634e-02 1.166390e+00 -9.944099e-01 5.115165e-02 -9.237170e-02 4.356758e+01
-9.606063e-02 1.778120e-02 9.952167e-01 1.462150e+02 5.092367e-02 9.986189e-01 -1.292672e-02 1.128856e+00 -9.940721e-01 4.943834e-02 -9.683347e-02 4.335067e+01
-9.710169e-02 2.157652e-02 9.950405e-01 1.483904e+02 4.922103e-02 9.986457e-01 -1.685143e-02 1.112979e+00 -9.940566e-01 4.734062e-02 -9.803224e-02 4.314346e+01
-9.872103e-02 2.412564e-02 9.948227e-01 1.505818e+02 4.791998e-02 9.986615e-01 -1.946341e-02 1.068198e+00 -9.939607e-01 4.575044e-02 -9.974504e-02 4.293529e+01
-1.052817e-01 2.363312e-02 9.941617e-01 1.534476e+02 4.451819e-02 9.988273e-01 -1.902957e-02 1.000515e+00 -9.934456e-01 4.225481e-02 -1.062104e-01 4.257454e+01
-1.100614e-01 2.546587e-02 9.935986e-01 1.533981e+02 4.575742e-02 9.987416e-01 -2.052912e-02 1.018001e+00 -9.928711e-01 4.320504e-02 -1.110882e-01 4.259759e+01
-1.050705e-01 2.817309e-02 9.940657e-01 1.553210e+02 4.703087e-02 9.986209e-01 -2.333115e-02 9.812694e-01 -9.933521e-01 4.430037e-02 -1.062505e-01 4.234192e+01
-1.080964e-01 2.761866e-02 9.937568e-01 1.553663e+02 4.436687e-02 9.987521e-01 -2.293146e-02 9.964316e-01 -9.931499e-01 4.161106e-02 -1.091869e-01 4.225696e+01
-1.118951e-01 2.743736e-02 9.933413e-01 1.577091e+02 4.400579e-02 9.987749e-01 -2.263041e-02 9.266672e-01 -9.927453e-01 4.118054e-02 -1.129655e-01 4.200970e+01
-1.145877e-01 2.998172e-02 9.929606e-01 1.600658e+02 4.306489e-02 9.987547e-01 -2.518698e-02 8.726557e-01 -9.924793e-01 3.987562e-02 -1.157361e-01 4.176517e+01
-1.187111e-01 3.060855e-02 9.924570e-01 1.625644e+02 3.992931e-02 9.988634e-01 -2.603006e-02 8.026879e-01 -9.921257e-01 3.653806e-02 -1.197984e-01 4.143884e+01
-1.230934e-01 3.054696e-02 9.919248e-01 1.650949e+02 3.901938e-02 9.989022e-01 -2.591970e-02 7.203804e-01 -9.916277e-01 3.551375e-02 -1.241502e-01 4.111609e+01
-1.426076e-01 2.645895e-02 9.894257e-01 1.658139e+02 3.666303e-02 9.990978e-01 -2.143330e-02 6.515034e-01 -9.891002e-01 3.321880e-02 -1.434489e-01 4.162644e+01
-1.433513e-01 2.538801e-02 9.893461e-01 1.658163e+02 3.848267e-02 9.990579e-01 -2.006128e-02 6.531647e-01 -9.889234e-01 3.519687e-02 -1.441933e-01 4.160835e+01
-1.458508e-01 2.743009e-02 9.889262e-01 1.659735e+02 3.663980e-02 9.990795e-01 -2.230793e-02 6.954603e-01 -9.886279e-01 3.298043e-02 -1.467216e-01 4.163607e+01
-1.740407e-01 2.477285e-02 9.844269e-01 1.670584e+02 3.972511e-02 9.990464e-01 -1.811759e-02 6.070193e-01 -9.839369e-01 3.595326e-02 -1.748588e-01 4.199299e+01
-1.769155e-01 2.577868e-02 9.838884e-01 1.670342e+02 3.995423e-02 9.990211e-01 -1.899090e-02 6.123978e-01 -9.834148e-01 3.595072e-02 -1.777723e-01 4.200368e+01
-1.808221e-01 1.982851e-02 9.833159e-01 1.670887e+02 3.707630e-02 9.992235e-01 -1.333131e-02 5.484256e-01 -9.828168e-01 3.404712e-02 -1.814169e-01 4.192965e+01
-2.069410e-01 1.726605e-02 9.782012e-01 1.681875e+02 3.139706e-02 9.994465e-01 -1.099892e-02 4.948432e-01 -9.778497e-01 2.843651e-02 -2.073686e-01 4.208176e+01
-2.086844e-01 1.655074e-02 9.778431e-01 1.681393e+02 2.795296e-02 9.995492e-01 -1.095261e-02 4.933553e-01 -9.775836e-01 2.504797e-02 -2.090530e-01 4.194238e+01
-2.090169e-01 1.671491e-02 9.777692e-01 1.682027e+02 2.929971e-02 9.995121e-01 -1.082323e-02 4.862944e-01 -9.774730e-01 2.638612e-02 -2.094047e-01 4.184277e+01
-2.112881e-01 1.544949e-02 9.773019e-01 1.683473e+02 3.025292e-02 9.994994e-01 -9.259863e-03 4.906139e-01 -9.769557e-01 2.760974e-02 -2.116497e-01 4.175224e+01
-2.128783e-01 1.423408e-02 9.769751e-01 1.706803e+02 3.128289e-02 9.994805e-01 -7.745576e-03 4.521660e-01 -9.765779e-01 2.891374e-02 -2.132131e-01 4.122296e+01
-2.277861e-01 1.511543e-02 9.735940e-01 1.724964e+02 3.153003e-02 9.994696e-01 -8.140272e-03 3.748038e-01 -9.732007e-01 2.884320e-02 -2.281419e-01 4.118821e+01
-2.279403e-01 9.220730e-03 9.736314e-01 1.725022e+02 2.358419e-02 9.997141e-01 -3.946366e-03 3.486105e-01 -9.733894e-01 2.206277e-02 -2.280926e-01 4.108475e+01
-2.306821e-01 4.389569e-03 9.730193e-01 1.726574e+02 1.771086e-02 9.998431e-01 -3.117120e-04 3.336625e-01 -9.728680e-01 1.716110e-02 -2.307236e-01 4.103212e+01
-2.328817e-01 3.695679e-03 9.724980e-01 1.727174e+02 1.768493e-02 9.998435e-01 4.353700e-04 3.304961e-01 -9.723442e-01 1.729995e-02 -2.329106e-01 4.100777e+01
-2.415525e-01 -2.426809e-03 9.703847e-01 1.730975e+02 1.061972e-02 9.999304e-01 5.144206e-03 2.982313e-01 -9.703296e-01 1.154781e-02 -2.415098e-01 4.098126e+01
-2.500529e-01 -6.489425e-03 9.682106e-01 1.734117e+02 5.880211e-03 9.999489e-01 8.220791e-03 2.992612e-01 -9.682145e-01 7.748913e-03 -2.500020e-01 4.091764e+01
-2.510644e-01 -2.599279e-03 9.679669e-01 1.734956e+02 1.272539e-02 9.999011e-01 5.985655e-03 3.066285e-01 -9.678867e-01 1.382054e-02 -2.510065e-01 4.091636e+01
-2.519872e-01 -3.060448e-03 9.677258e-01 1.734673e+02 1.312126e-02 9.998923e-01 6.578836e-03 2.896310e-01 -9.676417e-01 1.435557e-02 -2.519200e-01 4.079048e+01
-2.514489e-01 -2.662594e-03 9.678671e-01 1.735787e+02 1.570343e-02 9.998534e-01 6.830290e-03 2.804019e-01 -9.677433e-01 1.691630e-02 -2.513702e-01 4.069870e+01
-2.525479e-01 -2.037792e-03 9.675823e-01 1.735675e+02 1.668968e-02 9.998398e-01 6.461889e-03 2.791986e-01 -9.674405e-01 1.778058e-02 -2.524734e-01 4.054861e+01
-2.569516e-01 -3.281500e-03 9.664189e-01 1.737012e+02 1.375704e-02 9.998805e-01 7.052842e-03 2.902643e-01 -9.663265e-01 1.510730e-02 -2.568758e-01 4.043316e+01
-2.570876e-01 -4.841470e-03 9.663760e-01 1.738360e+02 1.195454e-02 9.998950e-01 8.189695e-03 2.804277e-01 -9.663142e-01 1.365804e-02 -2.570027e-01 4.039778e+01
-2.584697e-01 -3.569859e-03 9.660128e-01 1.738402e+02 1.403316e-02 9.998738e-01 7.449752e-03 2.982053e-01 -9.659175e-01 1.548175e-02 -2.583870e-01 4.026547e+01
-2.620430e-01 -2.590433e-03 9.650529e-01 1.740046e+02 1.505671e-02 9.998637e-01 6.772255e-03 3.199107e-01 -9.649389e-01 1.630514e-02 -2.619683e-01 4.017070e+01
-2.804822e-01 -1.031765e-04 9.598593e-01 1.749881e+02 2.015055e-02 9.997790e-01 5.995692e-03 3.109178e-01 -9.596478e-01 2.102338e-02 -2.804180e-01 4.045034e+01
-2.839752e-01 -2.247702e-04 9.588318e-01 1.752761e+02 2.151808e-02 9.997466e-01 6.607322e-03 3.032832e-01 -9.585904e-01 2.250853e-02 -2.838985e-01 4.044345e+01
-3.060110e-01 -2.615049e-03 9.520246e-01 1.761752e+02 2.172717e-02 9.997166e-01 9.729850e-03 2.639978e-01 -9.517803e-01 2.366224e-02 -3.058674e-01 4.060696e+01
-3.094075e-01 8.989926e-04 9.509290e-01 1.763178e+02 2.425243e-02 9.996817e-01 6.946027e-03 2.723523e-01 -9.506202e-01 2.521149e-02 -3.093308e-01 4.071054e+01
-3.135835e-01 -2.205938e-03 9.495582e-01 1.787239e+02 2.066215e-02 9.997447e-01 9.146024e-03 2.544348e-01 -9.493359e-01 2.248795e-02 -3.134578e-01 3.997274e+01
-3.115373e-01 -1.807706e-03 9.502324e-01 1.826167e+02 2.248262e-02 9.997042e-01 9.272830e-03 2.843348e-01 -9.499681e-01 2.425255e-02 -3.114046e-01 3.863630e+01
-3.131298e-01 -1.528362e-03 9.497094e-01 1.826622e+02 1.897024e-02 9.997891e-01 7.863651e-03 2.999927e-01 -9.495211e-01 2.047855e-02 -3.130348e-01 3.851056e+01
-3.160135e-01 -8.701694e-04 9.487544e-01 1.842147e+02 1.761625e-02 9.998218e-01 6.784670e-03 3.176778e-01 -9.485912e-01 1.885754e-02 -3.159418e-01 3.800567e+01
-3.216518e-01 6.877574e-05 9.468582e-01 1.843567e+02 1.819387e-02 9.998158e-01 6.107911e-03 3.123462e-01 -9.466834e-01 1.919163e-02 -3.215938e-01 3.795396e+01
-3.248771e-01 -2.194842e-03 9.457537e-01 1.847862e+02 1.286740e-02 9.998945e-01 6.740585e-03 3.159997e-01 -9.456687e-01 1.435925e-02 -3.248146e-01 3.780705e+01
-3.258945e-01 -1.803785e-03 9.454046e-01 1.848307e+02 9.149732e-03 9.999453e-01 5.061889e-03 3.310923e-01 -9.453621e-01 1.029984e-02 -3.258601e-01 3.773102e+01
-3.273697e-01 -3.491801e-03 9.448899e-01 1.850311e+02 1.142409e-02 9.999055e-01 7.653136e-03 3.038162e-01 -9.448273e-01 1.329991e-02 -3.272988e-01 3.767272e+01
-3.326628e-01 -4.099756e-03 9.430370e-01 1.877950e+02 1.201377e-02 9.998910e-01 8.584864e-03 3.173465e-01 -9.429693e-01 1.418529e-02 -3.325773e-01 3.671629e+01
-3.384562e-01 -2.222000e-03 9.409795e-01 1.896116e+02 1.200097e-02 9.999057e-01 6.677715e-03 3.395670e-01 -9.409056e-01 1.355278e-02 -3.383976e-01 3.613913e+01
-3.397589e-01 -1.684423e-03 9.405112e-01 1.921167e+02 1.427767e-02 9.998739e-01 6.948535e-03 3.546316e-01 -9.404043e-01 1.578913e-02 -3.396920e-01 3.521260e+01
-3.372552e-01 -6.290997e-03 9.413923e-01 1.921322e+02 1.043148e-02 9.998913e-01 1.041902e-02 3.371379e-01 -9.413555e-01 1.333398e-02 -3.371530e-01 3.495935e+01
-3.369180e-01 -7.802492e-03 9.415018e-01 1.922178e+02 8.656291e-03 9.998977e-01 1.138410e-02 3.417389e-01 -9.414943e-01 1.198542e-02 -3.368160e-01 3.478915e+01
-3.377746e-01 -1.469496e-04 9.412272e-01 1.942680e+02 2.196759e-02 9.997264e-01 8.039504e-03 3.708050e-01 -9.409708e-01 2.339203e-02 -3.376790e-01 3.410038e+01
-3.396447e-01 -4.657862e-04 9.405537e-01 1.965278e+02 1.942098e-02 9.997832e-01 7.508256e-03 3.687395e-01 -9.403533e-01 2.081661e-02 -3.395621e-01 3.329401e+01
-3.413131e-01 2.882020e-03 9.399453e-01 1.989553e+02 1.713710e-02 9.998482e-01 3.157134e-03 4.028209e-01 -9.397935e-01 1.718551e-02 -3.413107e-01 3.238346e+01
-3.424529e-01 1.244974e-03 9.395341e-01 2.009642e+02 1.352462e-02 9.999021e-01 3.604652e-03 3.969044e-01 -9.394376e-01 1.394127e-02 -3.424362e-01 3.161543e+01
-3.508911e-01 -7.355692e-04 9.364160e-01 2.033958e+02 1.177021e-02 9.999172e-01 5.195950e-03 3.819455e-01 -9.363423e-01 1.284502e-02 -3.508534e-01 3.077991e+01
-3.486682e-01 -2.502546e-03 9.372430e-01 2.056220e+02 7.262494e-03 9.999592e-01 5.371760e-03 4.186877e-01 -9.372182e-01 8.679682e-03 -3.486358e-01 2.975932e+01
-3.515503e-01 -6.416485e-04 9.361688e-01 2.057565e+02 1.640758e-02 9.998419e-01 6.846668e-03 3.854855e-01 -9.360252e-01 1.776721e-02 -3.514843e-01 2.969703e+01
-3.422797e-01 1.516699e-03 9.395970e-01 2.063357e+02 1.768075e-02 9.998320e-01 4.826874e-03 4.215200e-01 -9.394318e-01 1.826492e-02 -3.422490e-01 2.887862e+01
-3.477575e-01 -4.127134e-04 9.375844e-01 2.091014e+02 1.524659e-02 9.998652e-01 6.095208e-03 4.267467e-01 -9.374605e-01 1.641461e-02 -3.477043e-01 2.783386e+01
-3.541466e-01 -4.332868e-03 9.351800e-01 2.111233e+02 3.147698e-04 9.999887e-01 4.752341e-03 4.666318e-01 -9.351900e-01 1.977392e-03 -3.541412e-01 2.708982e+01
-3.496665e-01 5.430085e-03 9.368585e-01 2.132545e+02 2.489086e-02 9.996840e-01 3.495861e-03 4.591258e-01 -9.365436e-01 2.454160e-02 -3.496912e-01 2.612359e+01
-3.548126e-01 5.822397e-03 9.349195e-01 2.157639e+02 2.729654e-02 9.996188e-01 4.134018e-03 4.541414e-01 -9.345391e-01 2.698687e-02 -3.548363e-01 2.523253e+01
-3.587596e-01 5.784362e-03 9.334120e-01 2.182333e+02 2.886494e-02 9.995713e-01 4.899972e-03 4.479057e-01 -9.329835e-01 2.870079e-02 -3.587728e-01 2.430126e+01
-3.624438e-01 5.766490e-03 9.319880e-01 2.208096e+02 2.976713e-02 9.995423e-01 5.391758e-03 4.446475e-01 -9.315304e-01 2.969681e-02 -3.624496e-01 2.328090e+01
-3.691490e-01 8.376330e-03 9.293324e-01 2.231805e+02 3.565600e-02 9.993508e-01 5.155838e-03 4.156610e-01 -9.286859e-01 3.503955e-02 -3.692080e-01 2.245474e+01
-3.714913e-01 8.720399e-03 9.283955e-01 2.257772e+02 3.091662e-02 9.995175e-01 2.982629e-03 4.658903e-01 -9.279215e-01 2.981087e-02 -3.715817e-01 2.132419e+01
-3.833815e-01 6.904269e-03 9.235643e-01 2.283537e+02 3.359465e-02 9.994146e-01 6.474198e-03 4.204060e-01 -9.229789e-01 3.350890e-02 -3.833890e-01 2.047515e+01
-3.903342e-01 6.148279e-03 9.206528e-01 2.307999e+02 3.191352e-02 9.994671e-01 6.855932e-03 4.055940e-01 -9.201201e-01 3.205737e-02 -3.903224e-01 1.956998e+01
-3.967807e-01 8.308584e-03 9.178758e-01 2.328164e+02 3.282925e-02 9.994478e-01 5.144508e-03 4.327318e-01 -9.173262e-01 3.217442e-02 -3.968344e-01 1.874829e+01
-3.994945e-01 1.058154e-02 9.166747e-01 2.352925e+02 3.651356e-02 9.993235e-01 4.377324e-03 4.286005e-01 -9.160084e-01 3.521977e-02 -3.996106e-01 1.771142e+01
-4.081109e-01 1.132477e-02 9.128622e-01 2.373571e+02 3.739361e-02 9.992913e-01 4.320465e-03 4.135172e-01 -9.121663e-01 3.589844e-02 -4.082451e-01 1.690851e+01
-4.134402e-01 9.268619e-03 9.104843e-01 2.399526e+02 3.164976e-02 9.994902e-01 4.197093e-03 3.906432e-01 -9.099812e-01 3.055186e-02 -4.135228e-01 1.580937e+01
-4.192597e-01 2.001140e-02 9.076458e-01 2.409774e+02 4.620428e-02 9.989318e-01 -6.813572e-04 4.105133e-01 -9.066898e-01 4.165145e-02 -4.197364e-01 1.531720e+01
-4.103773e-01 1.162860e-02 9.118418e-01 2.432257e+02 3.534871e-02 9.993700e-01 3.163962e-03 3.911530e-01 -9.112306e-01 3.353085e-02 -4.105297e-01 1.421087e+01
-4.154940e-01 1.906720e-02 9.093962e-01 2.456253e+02 5.207950e-02 9.986389e-01 2.856252e-03 3.713036e-01 -9.081039e-01 4.854765e-02 -4.159214e-01 1.316285e+01
-4.197174e-01 1.604840e-02 9.075130e-01 2.480369e+02 4.893454e-02 9.987896e-01 4.969288e-03 3.549830e-01 -9.063349e-01 4.649443e-02 -4.199947e-01 1.211693e+01
-4.228146e-01 2.376832e-02 9.059045e-01 2.490617e+02 5.960749e-02 9.982206e-01 1.630293e-03 3.508686e-01 -9.042537e-01 5.468800e-02 -4.234790e-01 1.157872e+01
-4.325417e-01 2.308795e-02 9.013182e-01 2.508971e+02 6.078789e-02 9.981442e-01 3.603828e-03 3.302161e-01 -8.995623e-01 5.634804e-02 -4.331425e-01 1.075640e+01
-4.442683e-01 2.239778e-02 8.956137e-01 2.533270e+02 5.954037e-02 9.982154e-01 4.571268e-03 3.087274e-01 -8.939130e-01 5.535604e-02 -4.448091e-01 9.730416e+00
-4.533385e-01 1.976360e-02 8.911193e-01 2.557858e+02 5.578178e-02 9.984235e-01 6.234385e-03 2.951223e-01 -8.895913e-01 5.253451e-02 -4.537263e-01 8.553689e+00
-4.607263e-01 1.934758e-02 8.873314e-01 2.582466e+02 5.280762e-02 9.985887e-01 5.645677e-03 2.877558e-01 -8.859699e-01 4.945897e-02 -4.610977e-01 7.404505e+00
-4.683768e-01 1.681435e-02 8.833688e-01 2.607351e+02 5.160651e-02 9.986326e-01 8.354300e-03 2.646236e-01 -8.820204e-01 4.950054e-02 -4.686041e-01 6.214700e+00
-4.740753e-01 1.551077e-02 8.803477e-01 2.632028e+02 5.082983e-02 9.986595e-01 9.777036e-03 2.606937e-01 -8.790159e-01 4.938297e-02 -4.742283e-01 4.962693e+00
-4.788138e-01 1.527831e-02 8.777838e-01 2.656711e+02 5.085576e-02 9.986523e-01 1.035872e-02 2.619973e-01 -8.764426e-01 4.960025e-02 -4.789455e-01 3.673620e+00
-4.911271e-01 1.356769e-02 8.709823e-01 2.680121e+02 4.235834e-02 9.990678e-01 8.321959e-03 2.370021e-01 -8.700575e-01 4.098050e-02 -4.912440e-01 2.474196e+00
-4.986978e-01 1.721357e-02 8.666049e-01 2.703354e+02 3.862534e-02 9.992509e-01 2.379056e-03 1.867636e-01 -8.659148e-01 3.465934e-02 -4.989891e-01 1.302086e+00
-5.065354e-01 2.599440e-02 8.618273e-01 2.728461e+02 4.218884e-02 9.990954e-01 -5.338360e-03 1.967484e-01 -8.611864e-01 3.365543e-02 -5.071739e-01 -2.794141e-02
-5.096964e-01 2.852579e-02 8.598813e-01 2.754861e+02 4.921345e-02 9.987804e-01 -3.962274e-03 1.991427e-01 -8.589456e-01 4.029817e-02 -5.104786e-01 -1.561832e+00
-5.152479e-01 2.900510e-02 8.565502e-01 2.780456e+02 5.562780e-02 9.984515e-01 -3.479940e-04 1.802621e-01 -8.552339e-01 4.746870e-02 -5.160636e-01 -2.967508e+00
-5.238845e-01 2.274384e-02 8.514856e-01 2.803030e+02 5.167714e-02 9.986507e-01 5.120110e-03 2.054390e-01 -8.502202e-01 4.668468e-02 -5.243530e-01 -4.368420e+00
-5.307909e-01 1.677918e-02 8.473366e-01 2.827444e+02 4.596651e-02 9.989023e-01 9.013935e-03 1.810275e-01 -8.462553e-01 4.373362e-02 -5.309795e-01 -5.856155e+00
-5.408746e-01 1.345408e-02 8.409956e-01 2.852098e+02 4.074015e-02 9.991176e-01 1.021778e-02 1.923916e-01 -8.401160e-01 3.978883e-02 -5.409454e-01 -7.301597e+00
-5.468961e-01 1.867443e-02 8.369921e-01 2.880190e+02 4.234093e-02 9.990888e-01 5.374822e-03 2.270971e-01 -8.361291e-01 3.837850e-02 -5.471884e-01 -8.970340e+00
-5.541630e-01 2.387310e-02 8.320659e-01 2.908774e+02 4.541871e-02 9.989668e-01 1.587532e-03 2.094248e-01 -8.311682e-01 3.867111e-02 -5.546747e-01 -1.078697e+01
-5.659055e-01 3.060080e-02 8.239020e-01 2.928945e+02 5.034621e-02 9.987287e-01 -2.513294e-03 1.766103e-01 -8.229315e-01 4.005805e-02 -5.667267e-01 -1.177526e+01
-5.651349e-01 3.062411e-02 8.244301e-01 2.948935e+02 5.012097e-02 9.987394e-01 -2.741782e-03 1.427267e-01 -8.234748e-01 3.977176e-02 -5.659573e-01 -1.324851e+01
-5.746238e-01 2.798310e-02 8.179391e-01 2.971655e+02 5.036929e-02 9.987299e-01 1.217492e-03 8.295523e-02 -8.168662e-01 4.189862e-02 -5.753036e-01 -1.460755e+01
-5.789909e-01 2.737307e-02 8.148744e-01 2.995656e+02 4.995143e-02 9.987497e-01 1.942105e-03 7.453761e-02 -8.138024e-01 4.182860e-02 -5.796344e-01 -1.623514e+01
-5.823811e-01 2.684450e-02 8.124726e-01 3.018655e+02 5.011192e-02 9.987394e-01 2.921424e-03 5.069179e-02 -8.113700e-01 4.241595e-02 -5.829922e-01 -1.774446e+01
-5.848271e-01 2.681834e-02 8.107148e-01 3.040902e+02 5.026308e-02 9.987308e-01 3.220482e-03 4.066935e-02 -8.095995e-01 4.263244e-02 -5.854328e-01 -1.940447e+01
-5.931470e-01 3.051363e-02 8.045160e-01 3.063645e+02 5.202065e-02 9.986459e-01 4.767685e-04 4.879833e-02 -8.034120e-01 4.213423e-02 -5.939312e-01 -2.092135e+01
-6.011866e-01 3.051125e-02 7.985261e-01 3.082457e+02 5.609908e-02 9.984168e-01 4.086365e-03 1.099936e-02 -7.971373e-01 4.725325e-02 -6.019465e-01 -2.208212e+01
-6.025220e-01 3.012212e-02 7.975336e-01 3.116068e+02 5.597256e-02 9.984218e-01 4.576761e-03 9.464284e-03 -7.961371e-01 4.739760e-02 -6.032572e-01 -2.451317e+01
-6.025488e-01 2.815715e-02 7.975852e-01 3.150889e+02 5.516969e-02 9.984563e-01 6.430339e-03 4.071346e-04 -7.961729e-01 4.787712e-02 -6.031721e-01 -2.704400e+01
-6.045384e-01 2.908957e-02 7.960447e-01 3.185409e+02 5.632079e-02 9.983929e-01 6.287660e-03 -5.409835e-02 -7.945825e-01 4.863500e-02 -6.052052e-01 -2.963695e+01
-6.136447e-01 3.148644e-02 7.889545e-01 3.216261e+02 5.533857e-02 9.984626e-01 3.194327e-03 -9.612314e-02 -7.876409e-01 4.561979e-02 -6.144437e-01 -3.174863e+01
-6.157277e-01 3.163556e-02 7.873240e-01 3.249077e+02 5.098490e-02 9.986994e-01 -2.560711e-04 -1.348092e-01 -7.863081e-01 3.998396e-02 -6.165397e-01 -3.427008e+01
-6.158572e-01 3.158015e-02 7.872248e-01 3.283142e+02 5.195564e-02 9.986492e-01 5.840251e-04 -1.584250e-01 -7.861431e-01 4.126044e-02 -6.166661e-01 -3.682488e+01
-6.153309e-01 3.279268e-02 7.875868e-01 3.325392e+02 4.994607e-02 9.987486e-01 -2.562629e-03 -1.815312e-01 -7.866853e-01 3.775999e-02 -6.161988e-01 -3.981659e+01
-6.201500e-01 3.244193e-02 7.838122e-01 3.359393e+02 4.739296e-02 9.988689e-01 -3.845937e-03 -2.359429e-01 -7.830504e-01 3.476213e-02 -6.209861e-01 -4.220022e+01
-6.223083e-01 3.054216e-02 7.821763e-01 3.392511e+02 4.462760e-02 9.989976e-01 -3.502310e-03 -2.838743e-01 -7.814991e-01 3.272713e-02 -6.230475e-01 -4.475765e+01
-6.148410e-01 3.420223e-02 7.879092e-01 3.422617e+02 5.244780e-02 9.986207e-01 -2.421592e-03 -3.188732e-01 -7.869053e-01 3.983521e-02 -6.157868e-01 -4.731641e+01
-6.168799e-01 3.534471e-02 7.862635e-01 3.443612e+02 5.519708e-02 9.984742e-01 -1.578125e-03 -3.515682e-01 -7.851196e-01 4.242593e-02 -6.178896e-01 -4.893752e+01
-6.214225e-01 3.532565e-02 7.826789e-01 3.457646e+02 6.246035e-02 9.980371e-01 4.545869e-03 -3.729563e-01 -7.809820e-01 5.171131e-02 -6.224091e-01 -4.996422e+01
-6.213131e-01 3.455904e-02 7.827999e-01 3.479012e+02 6.842862e-02 9.976032e-01 1.027004e-02 -3.817872e-01 -7.805687e-01 5.994682e-02 -6.221888e-01 -5.170035e+01
-6.174028e-01 2.886798e-02 7.861174e-01 3.500944e+02 6.773735e-02 9.975656e-01 1.656689e-02 -3.754048e-01 -7.837255e-01 6.347795e-02 -6.178552e-01 -5.345070e+01
-6.164457e-01 2.758800e-02 7.869142e-01 3.522238e+02 6.223921e-02 9.979663e-01 1.376920e-02 -3.531063e-01 -7.849340e-01 5.746488e-02 -6.169090e-01 -5.511017e+01
-6.149698e-01 3.141471e-02 7.879246e-01 3.542766e+02 6.144369e-02 9.980772e-01 8.162848e-03 -3.607324e-01 -7.861532e-01 5.343290e-02 -6.157175e-01 -5.681088e+01
-6.064324e-01 2.394187e-02 7.947747e-01 3.565243e+02 5.774877e-02 9.982331e-01 1.399285e-02 -3.795364e-01 -7.930353e-01 5.438297e-02 -6.067436e-01 -5.861229e+01
