1.000000e+00 0.000000e+00 0.000000e+00 0.000000e+00 0.000000e+00 1.000000e+00 0.000000e+00 0.000000e+00 0.000000e+00 0.000000e+00 1.000000e+00 0.000000e+00
9.999939e-01 -1.825552e-03 -2.971046e-03 1.052739e-03 1.833615e-03 9.999946e-01 2.713284e-03 -2.570516e-02 2.966077e-03 -2.718715e-03 9.999919e-01 1.479499e+00
9.999888e-01 -2.206985e-03 -4.182706e-03 -6.787009e-04 2.224542e-03 9.999887e-01 4.197382e-03 -5.205223e-02 4.173396e-03 -4.206639e-03 9.999824e-01 2.955911e+00
9.999827e-01 -1.032474e-03 -5.803669e-03 -1.715969e-02 1.057593e-03 9.999901e-01 4.326744e-03 -6.988078e-02 5.799145e-03 -4.332807e-03 9.999738e-01 4.432971e+00
9.999775e-01 -5.385225e-04 -6.690104e-03 -2.376549e-02 5.675941e-04 9.999904e-01 4.344323e-03 -8.906739e-02 6.687701e-03 -4.348022e-03 9.999682e-01 5.902062e+00
9.999633e-01 -2.753533e-04 -8.566543e-03 -4.597573e-02 3.187004e-04 9.999871e-01 5.059095e-03 -1.097660e-01 8.565040e-03 -5.061639e-03 9.999505e-01 7.374098e+00
9.999474e-01 -7.804031e-04 -1.022686e-02 -6.608678e-02 8.378747e-04 9.999838e-01 5.616593e-03 -1.275687e-01 1.022231e-02 -5.624866e-03 9.999319e-01 8.844097e+00
9.999357e-01 -1.880552e-03 -1.118186e-02 -7.538943e-02 1.941364e-03 9.999834e-01 5.430059e-03 -1.498590e-01 1.117146e-02 -5.451418e-03 9.999228e-01 1.030498e+01
9.999143e-01 -2.759853e-03 -1.279586e-02 -9.212810e-02 2.833898e-03 9.999793e-01 5.772137e-03 -1.651775e-01 1.277967e-02 -5.807905e-03 9.999015e-01 1.176412e+01
9.998956e-01 -2.560202e-03 -1.421826e-02 -1.136259e-01 2.648636e-03 9.999772e-01 6.204468e-03 -1.862298e-01 1.420205e-02 -6.241479e-03 9.998797e-01 1.321798e+01
9.998885e-01 -1.845905e-03 -1.481496e-02 -1.351293e-01 1.942290e-03 9.999771e-01 6.494154e-03 -2.005242e-01 1.480264e-02 -6.522205e-03 9.998692e-01 1.468640e+01
9.998787e-01 -6.309553e-04 -1.556256e-02 -1.643281e-01 7.456145e-04 9.999726e-01 7.362935e-03 -2.187176e-01 1.555749e-02 -7.373645e-03 9.998518e-01 1.615307e+01
9.998722e-01 9.899768e-04 -1.595764e-02 -1.961716e-01 -8.532303e-04 9.999629e-01 8.573873e-03 -2.305083e-01 1.596553e-02 -8.559162e-03 9.998359e-01 1.762063e+01
9.998698e-01 1.623461e-03 -1.605621e-02 -2.265282e-01 -1.468035e-03 9.999520e-01 9.687186e-03 -2.429874e-01 1.607117e-02 -9.662353e-03 9.998242e-01 1.908184e+01
9.998708e-01 2.124508e-03 -1.593583e-02 -2.576336e-01 -1.960217e-03 9.999449e-01 1.031807e-02 -2.561580e-01 1.595687e-02 -1.028550e-02 9.998198e-01 2.053638e+01
9.998708e-01 2.637421e-03 -1.585832e-02 -2.886156e-01 -2.469097e-03 9.999405e-01 1.062449e-02 -2.664141e-01 1.588540e-02 -1.058396e-02 9.998178e-01 2.198328e+01
9.998666e-01 3.477011e-03 -1.596015e-02 -3.246263e-01 -3.293492e-03 9.999284e-01 1.151054e-02 -2.760573e-01 1.599902e-02 -1.145643e-02 9.998063e-01 2.342562e+01
9.998679e-01 3.935021e-03 -1.577430e-02 -3.539183e-01 -3.732885e-03 9.999108e-01 1.282331e-02 -2.845899e-01 1.582336e-02 -1.276273e-02 9.997934e-01 2.485299e+01
9.998769e-01 4.138164e-03 -1.513299e-02 -3.788968e-01 -3.954583e-03 9.999185e-01 1.214105e-02 -2.962955e-01 1.518200e-02 -1.207972e-02 9.998118e-01 2.626825e+01
9.998726e-01 4.294393e-03 -1.537050e-02 -4.085453e-01 -4.138635e-03 9.999399e-01 1.015108e-02 -3.064721e-01 1.541317e-02 -1.008618e-02 9.998304e-01 2.766529e+01
9.998831e-01 3.086131e-03 -1.497692e-02 -4.333784e-01 -2.933506e-03 9.999437e-01 1.020191e-02 -3.188151e-01 1.500756e-02 -1.015679e-02 9.998358e-01 2.905766e+01
9.998935e-01 1.861534e-03 -1.447533e-02 -4.551725e-01 -1.678376e-03 9.999185e-01 1.265502e-02 -3.295814e-01 1.449771e-02 -1.262938e-02 9.998152e-01 3.045123e+01
9.998934e-01 4.360238e-04 -1.459450e-02 -4.820286e-01 -2.262752e-04 9.998967e-01 1.437032e-02 -3.393066e-01 1.459926e-02 -1.436549e-02 9.997903e-01 3.182720e+01
9.999030e-01 -3.450149e-04 -1.392376e-02 -5.008177e-01 5.411560e-04 9.999006e-01 1.408548e-02 -3.491341e-01 1.391751e-02 -1.409165e-02 9.998038e-01 3.318718e+01
9.999080e-01 -2.329949e-04 -1.356359e-02 -5.243114e-01 4.037410e-04 9.999207e-01 1.258719e-02 -3.568174e-01 1.355958e-02 -1.259151e-02 9.998288e-01 3.454408e+01
9.999171e-01 3.266670e-04 -1.287317e-02 -5.499995e-01 -1.737547e-04 9.999294e-01 1.187771e-02 -3.639390e-01 1.287614e-02 -1.187449e-02 9.998466e-01 3.589904e+01
9.999316e-01 9.657434e-04 -1.165377e-02 -5.724851e-01 -8.345964e-04 9.999363e-01 1.125323e-02 -3.801661e-01 1.166389e-02 -1.124274e-02 9.998688e-01 3.723901e+01
9.999429e-01 1.531310e-03 -1.057652e-02 -5.939755e-01 -1.400467e-03 9.999225e-01 1.236746e-02 -3.903003e-01 1.059464e-02 -1.235194e-02 9.998676e-01 3.855955e+01
9.999574e-01 1.559422e-03 -9.092352e-03 -6.191826e-01 -1.428683e-03 9.998958e-01 1.436773e-02 -4.013636e-01 9.113810e-03 -1.435413e-02 9.998555e-01 3.987939e+01
9.999763e-01 1.126849e-03 -6.792557e-03 -6.367693e-01 -1.018572e-03 9.998727e-01 1.592291e-02 -4.159889e-01 6.809635e-03 -1.591561e-02 9.998502e-01 4.116361e+01
9.999886e-01 1.291129e-03 -4.603893e-03 -6.556855e-01 -1.213863e-03 9.998590e-01 1.674633e-02 -4.224298e-01 4.624865e-03 -1.674055e-02 9.998492e-01 4.242902e+01
9.999987e-01 9.867193e-04 -1.236310e-03 -6.658620e-01 -9.661398e-04 9.998628e-01 1.653734e-02 -4.303608e-01 1.252458e-03 -1.653613e-02 9.998625e-01 4.368729e+01
9.999976e-01 3.935246e-04 2.135555e-03 -6.721486e-01 -4.253361e-04 9.998887e-01 1.491618e-02 -4.397405e-01 -2.129447e-03 -1.491705e-02 9.998865e-01 4.491069e+01
9.999801e-01 3.828815e-04 6.296960e-03 -6.662472e-01 -4.669157e-04 9.999108e-01 1.334916e-02 -4.484982e-01 -6.291287e-03 -1.335184e-02 9.998910e-01 4.613242e+01
9.999540e-01 4.651798e-04 9.578845e-03 -6.649937e-01 -5.988275e-04 9.999024e-01 1.395425e-02 -4.538108e-01 -9.571419e-03 -1.395934e-02 9.998568e-01 4.733552e+01
9.998858e-01 6.937479e-04 1.509635e-02 -6.507989e-01 -9.097785e-04 9.998972e-01 1.430795e-02 -4.657701e-01 -1.508488e-02 -1.432005e-02 9.997837e-01 4.852521e+01
9.997651e-01 2.082250e-03 2.157438e-02 -6.315396e-01 -2.375161e-03 9.999052e-01 1.356008e-02 -4.726931e-01 -2.154410e-02 -1.360814e-02 9.996753e-01 4.970911e+01
9.995689e-01 3.454035e-03 2.915660e-02 -6.031090e-01 -3.859261e-03 9.998966e-01 1.385345e-02 -4.783511e-01 -2.910574e-02 -1.396000e-02 9.994789e-01 5.088485e+01
9.993030e-01 4.281676e-03 3.708177e-02 -5.702745e-01 -4.842596e-03 9.998750e-01 1.504999e-02 -4.853320e-01 -3.701269e-02 -1.521907e-02 9.991989e-01 5.203642e+01
9.988635e-01 5.997659e-03 4.728419e-02 -5.216694e-01 -6.751828e-03 9.998523e-01 1.580616e-02 -4.911208e-01 -4.718241e-02 -1.610745e-02 9.987564e-01 5.318270e+01
9.981837e-01 7.955137e-03 5.971690e-02 -4.707368e-01 -8.928698e-03 9.998313e-01 1.605384e-02 -4.971139e-01 -5.957911e-02 -1.655788e-02 9.980863e-01 5.430781e+01
9.971966e-01 9.612990e-03 7.420649e-02 -4.033988e-01 -1.088309e-02 9.998008e-01 1.673047e-02 -5.033153e-01 -7.403088e-02 -1.749116e-02 9.971026e-01 5.542369e+01
9.957845e-01 1.119746e-02 9.103804e-02 -3.065910e-01 -1.287877e-02 9.997568e-01 1.790179e-02 -5.042210e-01 -9.081545e-02 -1.899879e-02 9.956865e-01 5.652689e+01
9.940384e-01 1.121696e-02 1.084519e-01 -1.992051e-01 -1.336478e-02 9.997283e-01 1.909783e-02 -5.078940e-01 -1.082082e-01 -2.043341e-02 9.939182e-01 5.761130e+01
9.918053e-01 1.061303e-02 1.273170e-01 -6.911906e-02 -1.311601e-02 9.997365e-01 1.883713e-02 -5.151107e-01 -1.270836e-01 -2.035266e-02 9.916832e-01 5.868808e+01
9.889531e-01 9.800849e-03 1.479047e-01 8.721847e-02 -1.263147e-02 9.997544e-01 1.821099e-02 -5.140450e-01 -1.476899e-01 -1.987807e-02 9.888340e-01 5.975658e+01
9.856727e-01 7.509298e-03 1.685021e-01 2.651883e-01 -1.071232e-02 9.997786e-01 1.810784e-02 -5.121059e-01 -1.683288e-01 -1.965345e-02 9.855350e-01 6.078839e+01
9.821358e-01 1.958179e-03 1.881635e-01 4.584535e-01 -5.889889e-03 9.997758e-01 2.033833e-02 -5.186026e-01 -1.880815e-01 -2.108326e-02 9.819271e-01 6.182238e+01
9.775441e-01 -3.907536e-03 2.106945e-01 6.813599e-01 -7.246125e-04 9.997599e-01 2.190346e-02 -5.145488e-01 -2.107295e-01 -2.156427e-02 9.773065e-01 6.283034e+01
9.719755e-01 -9.422412e-03 2.348932e-01 9.284652e-01 4.533179e-03 9.997619e-01 2.134600e-02 -5.159637e-01 -2.350384e-01 -1.968297e-02 9.717868e-01 6.381728e+01
9.654256e-01 -1.529443e-02 2.602298e-01 1.201669e+00 1.043563e-02 9.997447e-01 2.004267e-02 -5.217631e-01 -2.604699e-01 -1.663405e-02 9.653387e-01 6.479620e+01
9.579867e-01 -1.940041e-02 2.861557e-01 1.481086e+00 1.404445e-02 9.996859e-01 2.075765e-02 -5.187640e-01 -2.864685e-01 -1.586665e-02 9.579583e-01 6.572904e+01
9.495514e-01 -2.169032e-02 3.128605e-01 1.794669e+00 1.530626e-02 9.996218e-01 2.284735e-02 -5.130180e-01 -3.132377e-01 -1.690602e-02 9.495243e-01 6.665501e+01
9.399469e-01 -2.648432e-02 3.402915e-01 2.130680e+00 1.885151e-02 9.994915e-01 2.571745e-02 -5.092516e-01 -3.407996e-01 -1.775803e-02 9.399682e-01 6.756511e+01
9.289421e-01 -3.023094e-02 3.689887e-01 2.485553e+00 2.233989e-02 9.994216e-01 2.564033e-02 -5.118166e-01 -3.695504e-01 -1.557521e-02 9.290801e-01 6.845670e+01
9.169220e-01 -2.956858e-02 3.979695e-01 2.887372e+00 2.279322e-02 9.995037e-01 2.174613e-02 -5.027889e-01 -3.984150e-01 -1.086850e-02 9.171408e-01 6.933918e+01
9.037530e-01 -3.052211e-02 4.269648e-01 3.298655e+00 2.566357e-02 9.995239e-01 1.713033e-02 -5.062750e-01 -4.272844e-01 -4.524149e-03 9.041060e-01 7.018945e+01
8.896208e-01 -3.238816e-02 4.555500e-01 3.735569e+00 2.880747e-02 9.994754e-01 1.480285e-02 -5.051070e-01 -4.557904e-01 -4.568463e-05 8.900871e-01 7.101510e+01
8.739641e-01 -3.317007e-02 4.848572e-01 4.198227e+00 2.813554e-02 9.994481e-01 1.765945e-02 -5.054531e-01 -4.851754e-01 -1.792005e-03 8.744150e-01 7.182875e+01
8.565072e-01 -3.219746e-02 5.151298e-01 4.675517e+00 2.371087e-02 9.994532e-01 2.304530e-02 -4.990065e-01 -5.155902e-01 -7.524287e-03 8.568023e-01 7.263649e+01
8.370863e-01 -3.268726e-02 5.460936e-01 5.179733e+00 2.205207e-02 9.994182e-01 2.601892e-02 -4.908236e-01 -5.466263e-01 -9.737588e-03 8.373200e-01 7.342469e+01
8.177240e-01 -2.751307e-02 5.749526e-01 5.689895e+00 1.782550e-02 9.995884e-01 2.248081e-02 -4.927742e-01 -5.753344e-01 -8.134280e-03 8.178778e-01 7.418013e+01
7.963398e-01 -2.119270e-02 6.044781e-01 6.236977e+00 1.450336e-02 9.997677e-01 1.594462e-02 -4.929554e-01 -6.046757e-01 -3.930368e-03 7.964621e-01 7.491121e+01
7.741556e-01 -1.875027e-02 6.327175e-01 6.816579e+00 1.279923e-02 9.998205e-01 1.396881e-02 -4.860469e-01 -6.328658e-01 -2.715739e-03 7.742567e-01 7.561697e+01
7.502860e-01 -2.089377e-02 6.607831e-01 7.421377e+00 1.342759e-02 9.997759e-01 1.636628e-02 -4.892574e-01 -6.609769e-01 -3.406666e-03 7.503985e-01 7.628540e+01
7.263576e-01 -2.139718e-02 6.869838e-01 8.026021e+00 1.335997e-02 9.997660e-01 1.701358e-02 -4.837624e-01 -6.871871e-01 -3.179861e-03 7.264735e-01 7.692847e+01
7.003379e-01 -2.046612e-02 7.135181e-01 8.670050e+00 1.446540e-02 9.997905e-01 1.447919e-02 -4.966915e-01 -7.136649e-01 1.809928e-04 7.004872e-01 7.755543e+01
6.743866e-01 -1.821540e-02 7.381538e-01 9.319718e+00 1.351554e-02 9.998327e-01 1.232488e-02 -4.964190e-01 -7.382547e-01 1.664810e-03 6.745200e-01 7.815413e+01
6.480597e-01 -1.644675e-02 7.614120e-01 1.001149e+01 1.198383e-02 9.998632e-01 1.139760e-02 -4.911754e-01 -7.614953e-01 1.738302e-03 6.481681e-01 7.874518e+01
6.199439e-01 -1.550313e-02 7.844929e-01 1.071005e+01 1.223503e-02 9.998742e-01 1.009077e-02 -4.936747e-01 -7.845507e-01 3.342584e-03 6.200556e-01 7.930902e+01
5.907269e-01 -9.944271e-03 8.068103e-01 1.142750e+01 1.072600e-02 9.999325e-01 4.471264e-03 -5.026397e-01 -8.068003e-01 6.012552e-03 5.907936e-01 7.984106e+01
5.609782e-01 -8.932636e-04 8.278302e-01 1.216495e+01 8.839397e-03 9.999489e-01 -4.911021e-03 -5.109158e-01 -8.277835e-01 1.007249e-02 5.609574e-01 8.034435e+01
5.304228e-01 6.976804e-03 8.477046e-01 1.292182e+01 7.502609e-03 9.998884e-01 -1.292382e-02 -5.307927e-01 -8.477001e-01 1.321508e-02 5.303112e-01 8.082002e+01
4.984682e-01 1.188630e-02 8.668265e-01 1.367766e+01 4.749468e-03 9.998536e-01 -1.644160e-02 -5.476103e-01 -8.668950e-01 1.231258e-02 4.983388e-01 8.126443e+01
4.652256e-01 1.193541e-02 8.851117e-01 1.450326e+01 1.685797e-03 9.998953e-01 -1.436930e-02 -5.697535e-01 -8.851906e-01 8.177085e-03 4.651569e-01 8.169710e+01
4.308983e-01 1.078661e-02 9.023360e-01 1.533745e+01 -2.698629e-03 9.999395e-01 -1.066468e-02 -5.921730e-01 -9.023964e-01 2.160323e-03 4.309013e-01 8.209502e+01
3.937499e-01 1.171595e-02 9.191430e-01 1.617684e+01 -7.644494e-03 9.999259e-01 -9.470844e-03 -6.126136e-01 -9.191859e-01 -3.297238e-03 3.938103e-01 8.247618e+01
3.547597e-01 1.406224e-02 9.348518e-01 1.702606e+01 -1.435908e-02 9.998509e-01 -9.590947e-03 -6.350324e-01 -9.348472e-01 -1.002113e-02 3.549087e-01 8.282822e+01
3.153422e-01 1.586464e-02 9.488454e-01 1.790279e+01 -1.952570e-02 9.997571e-01 -1.022665e-02 -6.469803e-01 -9.487771e-01 -1.530197e-02 3.155754e-01 8.314337e+01
2.752078e-01 1.513224e-02 9.612656e-01 1.879026e+01 -2.239736e-02 9.997057e-01 -9.325057e-03 -6.663004e-01 -9.611238e-01 -1.896348e-02 2.754657e-01 8.341987e+01
2.380932e-01 1.416977e-02 9.711390e-01 1.966335e+01 -2.282783e-02 9.996990e-01 -8.989805e-03 -6.856495e-01 -9.709740e-01 -2.002859e-02 2.383450e-01 8.365464e+01
2.017170e-01 1.305298e-02 9.793569e-01 2.054973e+01 -2.216533e-02 9.997159e-01 -8.758957e-03 -7.085280e-01 -9.791930e-01 -1.994094e-02 2.019491e-01 8.385170e+01
1.674861e-01 1.192697e-02 9.858022e-01 2.143166e+01 -2.024347e-02 9.997576e-01 -8.656483e-03 -7.206892e-01 -9.856666e-01 -1.850622e-02 1.676869e-01 8.400878e+01
1.312605e-01 1.051818e-02 9.912921e-01 2.234167e+01 -1.271522e-02 9.998793e-01 -8.925630e-03 -7.460433e-01 -9.912664e-01 -1.143291e-02 1.313784e-01 8.412584e+01
1.013991e-01 1.375018e-02 9.947509e-01 2.327106e+01 -1.062636e-02 9.998624e-01 -1.273765e-02 -7.756748e-01 -9.947891e-01 -9.278992e-03 1.015313e-01 8.421194e+01
6.756961e-02 1.952543e-02 9.975235e-01 2.417402e+01 -1.068669e-02 9.997653e-01 -1.884543e-02 -7.836848e-01 -9.976574e-01 -9.386843e-03 6.776243e-02 8.426772e+01
3.342360e-02 2.196039e-02 9.992000e-01 2.505609e+01 -7.036223e-03 9.997390e-01 -2.173688e-02 -8.291566e-01 -9.994165e-01 -6.304069e-03 3.356940e-02 8.428841e+01
5.712986e-03 2.102862e-02 9.997626e-01 2.603328e+01 -4.307876e-03 9.997701e-01 -2.100416e-02 -8.568428e-01 -9.999744e-01 -4.186856e-03 5.802214e-03 8.429633e+01
-2.344525e-02 2.060385e-02 9.995129e-01 2.696974e+01 6.454280e-04 9.997877e-01 -2.059438e-02 -8.742353e-01 -9.997249e-01 1.622755e-04 -2.345347e-02 8.426805e+01
-4.477406e-02 1.857642e-02 9.988246e-01 2.792172e+01 2.077088e-03 9.998267e-01 -1.850195e-02 -9.034496e-01 -9.989952e-01 1.246243e-03 -4.480481e-02 8.422361e+01
-6.684673e-02 2.082933e-02 9.975460e-01 2.893912e+01 2.628194e-03 9.997823e-01 -2.069991e-02 -9.453080e-01 -9.977599e-01 1.238028e-03 -6.688690e-02 8.414386e+01
-8.197701e-02 2.617348e-02 9.962905e-01 2.995082e+01 5.276114e-03 9.996525e-01 -2.582767e-02 -9.757180e-01 -9.966202e-01 3.139268e-03 -8.208656e-02 8.404971e+01
-9.585690e-02 3.045622e-02 9.949292e-01 3.097813e+01 8.153348e-03 9.995223e-01 -2.981129e-02 -1.019978e+00 -9.953618e-01 5.254388e-03 -9.605944e-02 8.394577e+01
-1.102626e-01 3.472980e-02 9.932956e-01 3.199000e+01 1.428127e-02 9.993415e-01 -3.335587e-02 -1.063012e+00 -9.937999e-01 1.050761e-02 -1.106861e-01 8.381613e+01
-1.228074e-01 3.928919e-02 9.916525e-01 3.300569e+01 1.735692e-02 9.991482e-01 -3.743667e-02 -1.114052e+00 -9.922787e-01 1.261453e-02 -1.233847e-01 8.367168e+01
-1.297492e-01 4.474413e-02 9.905369e-01 3.402690e+01 1.934490e-02 9.989054e-01 -4.258819e-02 -1.160380e+00 -9.913582e-01 1.363605e-02 -1.304728e-01 8.352904e+01
-1.334336e-01 4.834468e-02 9.898779e-01 3.499416e+01 2.067172e-02 9.987280e-01 -4.599041e-02 -1.217134e+00 -9.908422e-01 1.432582e-02 -1.342632e-01 8.338759e+01
-1.359793e-01 5.163801e-02 9.893651e-01 3.599106e+01 2.167347e-02 9.985568e-01 -4.913893e-02 -1.272808e+00 -9.904747e-01 1.476109e-02 -1.369022e-01 8.324548e+01
-1.383780e-01 5.506322e-02 9.888476e-01 3.699152e+01 2.243737e-02 9.983712e-01 -5.245368e-02 -1.333913e+00 -9.901253e-01 1.492871e-02 -1.393881e-01 8.310713e+01
-1.378251e-01 5.901977e-02 9.886965e-01 3.803033e+01 2.386338e-02 9.981312e-01 -5.625638e-02 -1.399415e+00 -9.901690e-01 1.584010e-02 -1.389760e-01 8.296251e+01
-1.352805e-01 6.182532e-02 9.888765e-01 3.897986e+01 2.831302e-02 9.978849e-01 -5.851525e-02 -1.465861e+00 -9.904028e-01 2.008211e-02 -1.367449e-01 8.281194e+01
-1.375278e-01 6.102642e-02 9.886161e-01 3.995224e+01 2.924178e-02 9.979153e-01 -5.753258e-02 -1.525795e+00 -9.900662e-01 2.099657e-02 -1.390256e-01 8.268146e+01
-1.399797e-01 6.053133e-02 9.883025e-01 4.094907e+01 2.950811e-02 9.979413e-01 -5.694227e-02 -1.594869e+00 -9.897146e-01 2.119217e-02 -1.414777e-01 8.255489e+01
-1.416630e-01 6.107230e-02 9.880294e-01 4.193285e+01 2.898217e-02 9.979231e-01 -5.752842e-02 -1.664620e+00 -9.894907e-01 2.048559e-02 -1.431388e-01 8.240752e+01
-1.446091e-01 6.283085e-02 9.874920e-01 4.291812e+01 2.770282e-02 9.978478e-01 -5.943293e-02 -1.730093e+00 -9.891010e-01 1.876178e-02 -1.460384e-01 8.225831e+01
-1.480441e-01 6.500638e-02 9.868420e-01 4.395668e+01 2.642943e-02 9.977411e-01 -6.175945e-02 -1.803585e+00 -9.886276e-01 1.693855e-02 -1.494278e-01 8.210973e+01
-1.512541e-01 6.869879e-02 9.861048e-01 4.499277e+01 2.417663e-02 9.975408e-01 -6.578715e-02 -1.878645e+00 -9.881992e-01 1.389012e-02 -1.525429e-01 8.196049e+01
-1.540056e-01 7.252482e-02 9.854047e-01 4.604354e+01 2.052964e-02 9.973221e-01 -7.019342e-02 -1.957584e+00 -9.878567e-01 9.419821e-03 -1.550821e-01 8.180901e+01
-1.569972e-01 7.480575e-02 9.847620e-01 4.707692e+01 1.809512e-02 9.971777e-01 -7.286405e-02 -2.041602e+00 -9.874333e-01 6.379932e-03 -1.579078e-01 8.164374e+01
-1.612476e-01 7.320126e-02 9.841955e-01 4.809442e+01 1.635483e-02 9.973067e-01 -7.149690e-02 -2.127878e+00 -9.867784e-01 4.567649e-03 -1.620104e-01 8.148663e+01
-1.646237e-01 7.156767e-02 9.837566e-01 4.913391e+01 1.501134e-02 9.974305e-01 -7.005040e-02 -2.200188e+00 -9.862422e-01 3.235549e-03 -1.652751e-01 8.133287e+01
-1.733066e-01 6.970290e-02 9.823983e-01 5.020786e+01 1.519848e-02 9.975629e-01 -6.809767e-02 -2.288226e+00 -9.847506e-01 3.129184e-03 -1.739436e-01 8.118514e+01
-1.780430e-01 6.992187e-02 9.815353e-01 5.121222e+01 1.546557e-02 9.975479e-01 -6.825722e-02 -2.365371e+00 -9.839011e-01 3.027283e-03 -1.786878e-01 8.103080e+01
-1.801797e-01 7.276799e-02 9.809385e-01 5.223822e+01 1.685585e-02 9.973418e-01 -7.088873e-02 -2.449606e+00 -9.834895e-01 3.761858e-03 -1.809273e-01 8.083269e+01
-1.812193e-01 7.495393e-02 9.805822e-01 5.328480e+01 1.679538e-02 9.971818e-01 -7.311885e-02 -2.535509e+00 -9.832993e-01 3.218696e-03 -1.819675e-01 8.063503e+01
-1.798425e-01 7.761156e-02 9.806289e-01 5.429978e+01 1.618134e-02 9.969812e-01 -7.593818e-02 -2.624606e+00 -9.835623e-01 2.210975e-03 -1.805555e-01 8.043378e+01
-1.793669e-01 7.601111e-02 9.808415e-01 5.533399e+01 1.318872e-02 9.971069e-01 -7.485978e-02 -2.709196e+00 -9.836940e-01 -4.913136e-04 -1.798505e-01 8.024725e+01
-1.778278e-01 7.503751e-02 9.811965e-01 5.638139e+01 9.887923e-03 9.971744e-01 -7.446739e-02 -2.798518e+00 -9.840119e-01 -3.540378e-03 -1.780673e-01 8.006302e+01
-1.773385e-01 7.509848e-02 9.812805e-01 5.744854e+01 5.690366e-03 9.971459e-01 -7.528430e-02 -2.892024e+00 -9.841335e-01 -7.766951e-03 -1.772597e-01 7.987699e+01
-1.787053e-01 7.488790e-02 9.810486e-01 5.849775e+01 1.578309e-03 9.971197e-01 -7.582718e-02 -2.982153e+00 -9.839014e-01 -1.200232e-02 -1.783088e-01 7.969752e+01
-1.801423e-01 7.387758e-02 9.808624e-01 5.955552e+01 -1.500003e-03 9.971538e-01 -7.538012e-02 -3.071202e+00 -9.836395e-01 -1.505045e-02 -1.795188e-01 7.952884e+01
-1.801740e-01 6.907441e-02 9.812065e-01 6.063356e+01 -1.836769e-03 9.975059e-01 -7.055912e-02 -3.159498e+00 -9.836331e-01 -1.451516e-02 -1.795977e-01 7.932613e+01
-1.811756e-01 6.122568e-02 9.815431e-01 6.169483e+01 1.252029e-03 9.980738e-01 -6.202571e-02 -3.239621e+00 -9.834499e-01 -1.000863e-02 -1.809033e-01 7.912058e+01
-1.819363e-01 5.633819e-02 9.816951e-01 6.276818e+01 7.691909e-03 9.984083e-01 -5.587182e-02 -3.311273e+00 -9.832802e-01 -2.613999e-03 -1.820800e-01 7.893142e+01
-1.806823e-01 5.826965e-02 9.818139e-01 6.386074e+01 1.528112e-02 9.982893e-01 -5.643528e-02 -3.392405e+00 -9.834228e-01 4.806358e-03 -1.812636e-01 7.870933e+01
-1.798254e-01 6.315576e-02 9.816691e-01 6.495438e+01 2.030538e-02 9.979626e-01 -6.048439e-02 -3.470460e+00 -9.834890e-01 9.056533e-03 -1.807415e-01 7.849234e+01
-1.791495e-01 6.895833e-02 9.814022e-01 6.602391e+01 2.366764e-02 9.975539e-01 -6.577283e-02 -3.539063e+00 -9.835371e-01 1.144430e-02 -1.803434e-01 7.829092e+01
-1.789980e-01 7.185541e-02 9.812220e-01 6.711627e+01 2.419836e-02 9.973492e-01 -6.862207e-02 -3.640181e+00 -9.835518e-01 1.146075e-02 -1.802623e-01 7.808309e+01
-1.789004e-01 7.069465e-02 9.813240e-01 6.821283e+01 2.249960e-02 9.974483e-01 -6.775445e-02 -3.708455e+00 -9.836099e-01 9.958101e-03 -1.800344e-01 7.790102e+01
-1.785483e-01 6.603148e-02 9.817129e-01 6.932315e+01 2.160463e-02 9.977682e-01 -6.318204e-02 -3.790989e+00 -9.836940e-01 9.928498e-03 -1.795764e-01 7.771304e+01
-1.786259e-01 6.351878e-02 9.818646e-01 7.042157e+01 1.991764e-02 9.979430e-01 -6.093540e-02 -3.869948e+00 -9.837154e-01 8.671792e-03 -1.795236e-01 7.753132e+01
-1.791611e-01 6.381418e-02 9.817480e-01 7.154023e+01 1.839693e-02 9.979370e-01 -6.150918e-02 -3.946001e+00 -9.836478e-01 7.041104e-03 -1.799655e-01 7.734132e+01
-1.788425e-01 6.795914e-02 9.815279e-01 7.264314e+01 1.835665e-02 9.976684e-01 -6.573196e-02 -4.029310e+00 -9.837065e-01 6.261908e-03 -1.796731e-01 7.714185e+01
-1.787897e-01 7.118170e-02 9.813091e-01 7.380168e+01 1.922712e-02 9.974418e-01 -6.884884e-02 -4.117605e+00 -9.836995e-01 6.558286e-03 -1.797010e-01 7.694581e+01
-1.780357e-01 6.928857e-02 9.815816e-01 7.495149e+01 1.811805e-02 9.975796e-01 -6.713167e-02 -4.202224e+00 -9.838573e-01 5.832510e-03 -1.788602e-01 7.674490e+01
-1.773256e-01 6.344137e-02 9.821053e-01 7.610582e+01 2.075437e-02 9.979392e-01 -6.071686e-02 -4.286910e+00 -9.839334e-01 9.616328e-03 -1.782768e-01 7.654261e+01
-1.785223e-01 6.116835e-02 9.820327e-01 7.724325e+01 2.028036e-02 9.980825e-01 -5.848131e-02 -4.370958e+00 -9.837268e-01 9.475758e-03 -1.794206e-01 7.633968e+01
-1.784322e-01 6.360035e-02 9.818946e-01 7.838158e+01 1.788443e-02 9.979536e-01 -6.139055e-02 -4.450626e+00 -9.837897e-01 6.606581e-03 -1.792046e-01 7.613659e+01
-1.784281e-01 6.636649e-02 9.817123e-01 7.952316e+01 1.698268e-02 9.977818e-01 -6.436621e-02 -4.532057e+00 -9.838064e-01 5.187366e-03 -1.791594e-01 7.593544e+01
-1.790360e-01 6.588057e-02 9.816343e-01 8.066389e+01 1.672665e-02 9.978151e-01 -6.391582e-02 -4.615876e+00 -9.837003e-01 4.976224e-03 -1.797467e-01 7.573629e+01
-1.785781e-01 6.277757e-02 9.819212e-01 8.180716e+01 1.639686e-02 9.980138e-01 -6.082440e-02 -4.694333e+00 -9.837893e-01 5.238524e-03 -1.792527e-01 7.553718e+01
-1.781428e-01 6.146716e-02 9.820830e-01 8.294748e+01 1.738921e-02 9.980879e-01 -5.931460e-02 -4.779177e+00 -9.838510e-01 6.511187e-03 -1.788709e-01 7.533208e+01
-1.779165e-01 6.162295e-02 9.821143e-01 8.410828e+01 1.885513e-02 9.980676e-01 -5.920822e-02 -4.861476e+00 -9.838650e-01 7.983768e-03 -1.787347e-01 7.511911e+01
-1.772884e-01 6.158044e-02 9.822306e-01 8.527396e+01 2.066990e-02 9.980533e-01 -5.884162e-02 -4.944281e+00 -9.839420e-01 9.870680e-03 -1.782161e-01 7.490870e+01
-1.766412e-01 6.142141e-02 9.823571e-01 8.643962e+01 2.103303e-02 9.980587e-01 -5.862112e-02 -5.020799e+00 -9.840506e-01 1.030705e-02 -1.775903e-01 7.470010e+01
-1.758364e-01 6.112816e-02 9.825197e-01 8.760361e+01 2.127849e-02 9.980730e-01 -5.828772e-02 -5.103803e+00 -9.841895e-01 1.065743e-02 -1.767983e-01 7.449174e+01
-1.742901e-01 5.963053e-02 9.828871e-01 8.877440e+01 2.293225e-02 9.981398e-01 -5.648944e-02 -5.183896e+00 -9.844273e-01 1.269427e-02 -1.753333e-01 7.428631e+01
-1.739423e-01 5.853701e-02 9.830145e-01 8.995045e+01 2.138752e-02 9.982208e-01 -5.565805e-02 -5.261091e+00 -9.845235e-01 1.134296e-02 -1.748849e-01 7.408156e+01
-1.727188e-01 5.784255e-02 9.832714e-01 9.112888e+01 2.246456e-02 9.982458e-01 -5.477739e-02 -5.338613e+00 -9.847150e-01 1.262768e-02 -1.737152e-01 7.387320e+01
-1.711192e-01 5.821643e-02 9.835289e-01 9.232839e+01 2.077508e-02 9.982440e-01 -5.547290e-02 -5.414474e+00 -9.850313e-01 1.094042e-02 -1.720282e-01 7.367236e+01
-1.709924e-01 6.038268e-02 9.834203e-01 9.353410e+01 2.054233e-02 9.981218e-01 -5.771355e-02 -5.496821e+00 -9.850581e-01 1.033316e-02 -1.719116e-01 7.346131e+01
-1.710554e-01 5.949251e-02 9.834636e-01 9.473553e+01 1.842215e-02 9.981939e-01 -5.717939e-02 -5.573418e+00 -9.850891e-01 8.336665e-03 -1.718425e-01 7.326207e+01
-1.695820e-01 5.786388e-02 9.838158e-01 9.593432e+01 1.567972e-02 9.983069e-01 -5.601344e-02 -5.651792e+00 -9.853913e-01 5.927086e-03 -1.702023e-01 7.306519e+01
-1.703370e-01 5.794725e-02 9.836805e-01 9.715813e+01 1.238384e-02 9.983165e-01 -5.666501e-02 -5.735793e+00 -9.853080e-01 2.529593e-03 -1.707678e-01 7.285883e+01
-1.714019e-01 5.707112e-02 9.835467e-01 9.838538e+01 9.226654e-03 9.983699e-01 -5.632332e-02 -5.814562e+00 -9.851580e-01 -5.790778e-04 -1.716491e-01 7.265099e+01
-1.723070e-01 5.443013e-02 9.835383e-01 9.960522e+01 7.088557e-03 9.985148e-01 -5.401710e-02 -5.892828e+00 -9.850178e-01 -2.335658e-03 -1.724370e-01 7.244669e+01
-1.732870e-01 5.238386e-02 9.834774e-01 1.008240e+02 4.779210e-03 9.986175e-01 -5.234820e-02 -5.972007e+00 -9.848598e-01 -4.371015e-03 -1.732978e-01 7.224254e+01
-1.741544e-01 5.126576e-02 9.833830e-01 1.020508e+02 3.116742e-03 9.986676e-01 -5.151062e-02 -6.049270e+00 -9.847135e-01 -5.905846e-03 -1.740820e-01 7.203539e+01
-1.761928e-01 5.115433e-02 9.830257e-01 1.032854e+02 3.000434e-03 9.986721e-01 -5.143075e-02 -6.127370e+00 -9.843512e-01 -6.112222e-03 -1.761123e-01 7.182317e+01
-1.785120e-01 4.902137e-02 9.827158e-01 1.045226e+02 1.972217e-03 9.987739e-01 -4.946415e-02 -6.211993e+00 -9.839358e-01 -6.891813e-03 -1.783898e-01 7.160310e+01
-1.816202e-01 4.544025e-02 9.823183e-01 1.057396e+02 9.593815e-04 9.989395e-01 -4.603174e-02 -6.274857e+00 -9.833683e-01 -7.417874e-03 -1.814712e-01 7.139575e+01
-1.853012e-01 4.429688e-02 9.816830e-01 1.069513e+02 -3.411006e-04 9.989805e-01 -4.514179e-02 -6.348651e+00 -9.826819e-01 -8.699670e-03 -1.850971e-01 7.118533e+01
-1.889379e-01 4.853639e-02 9.807889e-01 1.081584e+02 -5.520362e-03 9.987095e-01 -5.048667e-02 -6.422858e+00 -9.819736e-01 -1.495316e-02 -1.884261e-01 7.097360e+01
-1.981610e-01 5.156751e-02 9.788121e-01 1.093679e+02 -7.181495e-03 9.985119e-01 -5.405927e-02 -6.497857e+00 -9.801432e-01 -1.774177e-02 -1.974957e-01 7.072491e+01
-2.054558e-01 4.831092e-02 9.774732e-01 1.105719e+02 -3.956569e-03 9.987317e-01 -5.019324e-02 -6.578697e+00 -9.786584e-01 -1.417993e-02 -2.050041e-01 7.050268e+01
-2.157538e-01 4.593508e-02 9.753668e-01 1.117603e+02 -2.304716e-03 9.988661e-01 -4.755160e-02 -6.649285e+00 -9.764451e-01 -1.250738e-02 -2.154033e-01 7.024662e+01
-2.294178e-01 4.639971e-02 9.722215e-01 1.129591e+02 -1.556335e-03 9.988443e-01 -4.803755e-02 -6.734363e+00 -9.733268e-01 -1.253377e-02 -2.290804e-01 6.996923e+01
-2.426904e-01 4.619162e-02 9.690034e-01 1.141429e+02 -7.732958e-04 9.988562e-01 -4.780835e-02 -6.806551e+00 -9.701034e-01 -1.235196e-02 -2.423772e-01 6.967967e+01
-2.565175e-01 4.526951e-02 9.654789e-01 1.153106e+02 9.196270e-04 9.989135e-01 -4.659287e-02 -6.867498e+00 -9.665391e-01 -1.106401e-02 -2.562805e-01 6.938161e+01
-2.713923e-01 4.640917e-02 9.613492e-01 1.164721e+02 3.975237e-03 9.988823e-01 -4.709885e-02 -6.953632e+00 -9.624606e-01 -8.960681e-03 -2.712735e-01 6.905676e+01
-2.845892e-01 5.022349e-02 9.573330e-01 1.176233e+02 4.435195e-03 9.986850e-01 -5.107443e-02 -7.023524e+00 -9.586393e-01 -1.028927e-02 -2.844377e-01 6.871883e+01
-2.991090e-01 5.290662e-02 9.527512e-01 1.187774e+02 3.172688e-03 9.985114e-01 -5.445167e-02 -7.108148e+00 -9.542137e-01 -1.326420e-02 -2.988316e-01 6.836034e+01
-3.143648e-01 5.068916e-02 9.479480e-01 1.199161e+02 -4.430711e-04 9.985654e-01 -5.354273e-02 -7.186179e+00 -9.493023e-01 -1.725195e-02 -3.138913e-01 6.800058e+01
-3.295630e-01 4.511283e-02 9.430552e-01 1.210504e+02 -6.010758e-03 9.987373e-01 -4.987702e-02 -7.258518e+00 -9.441145e-01 -2.210609e-02 -3.288757e-01 6.762827e+01
-3.445513e-01 4.142167e-02 9.378532e-01 1.221761e+02 -9.418665e-03 9.988233e-01 -4.757476e-02 -7.328095e+00 -9.387202e-01 -2.522527e-02 -3.437558e-01 6.724168e+01
-3.595288e-01 4.157226e-02 9.322076e-01 1.232864e+02 -1.231908e-02 9.987086e-01 -4.928906e-02 -7.406328e+00 -9.330528e-01 -2.920476e-02 -3.585523e-01 6.683147e+01
-3.740931e-01 4.337532e-02 9.263763e-01 1.243902e+02 -1.281156e-02 9.985686e-01 -5.192917e-02 -7.478128e+00 -9.273027e-01 -3.129466e-02 -3.730018e-01 6.639999e+01
-3.900917e-01 4.516765e-02 9.196675e-01 1.254926e+02 -1.177369e-02 9.984698e-01 -5.403187e-02 -7.558869e+00 -9.207007e-01 -3.190526e-02 -3.889630e-01 6.593755e+01
-4.044465e-01 4.519573e-02 9.134443e-01 1.265854e+02 -9.948414e-03 9.985017e-01 -5.380910e-02 -7.638964e+00 -9.145077e-01 -3.085021e-02 -4.033909e-01 6.545747e+01
-4.185736e-01 4.335992e-02 9.071473e-01 1.276702e+02 -1.022250e-02 9.985714e-01 -5.244666e-02 -7.715575e+00 -9.081254e-01 -3.122610e-02 -4.175324e-01 6.496674e+01
-4.323899e-01 4.173966e-02 9.007201e-01 1.287352e+02 -1.052975e-02 9.986262e-01 -5.133146e-02 -7.794569e+00 -9.016252e-01 -3.167956e-02 -4.313563e-01 6.446883e+01
-4.465919e-01 4.272899e-02 8.937169e-01 1.297901e+02 -1.230083e-02 9.984714e-01 -5.388410e-02 -7.868026e+00 -8.946532e-01 -3.505766e-02 -4.453837e-01 6.395385e+01
-4.613022e-01 4.450275e-02 8.861265e-01 1.308351e+02 -1.195076e-02 9.983390e-01 -5.635961e-02 -7.948643e+00 -8.871628e-01 -3.658868e-02 -4.600041e-01 6.341973e+01
-4.756818e-01 4.597031e-02 8.784153e-01 1.318772e+02 -1.122339e-02 9.982349e-01 -5.831858e-02 -8.027878e+00 -8.795457e-01 -3.759989e-02 -4.743263e-01 6.286420e+01
-4.897094e-01 4.853870e-02 8.705336e-01 1.329107e+02 -8.543534e-03 9.981341e-01 -6.045945e-02 -8.111064e+00 -8.718439e-01 -3.704499e-02 -4.883809e-01 6.228860e+01
-5.041232e-01 5.163597e-02 8.620868e-01 1.339371e+02 -8.580500e-03 9.978623e-01 -6.478607e-02 -8.198997e+00 -8.635892e-01 -4.005729e-02 -5.026025e-01 6.169777e+01
-5.186769e-01 5.285796e-02 8.533349e-01 1.349546e+02 -9.047672e-03 9.976918e-01 -6.729922e-02 -8.286146e+00 -8.549225e-01 -4.262723e-02 -5.170014e-01 6.108683e+01
-5.334136e-01 5.084126e-02 8.443252e-01 1.359682e+02 -9.459214e-03 9.977710e-01 -6.605702e-02 -8.376420e+00 -8.458017e-01 -4.322237e-02 -5.317438e-01 6.046134e+01
-5.480669e-01 4.672435e-02 8.351285e-01 1.369872e+02 -1.227700e-02 9.978816e-01 -6.388716e-02 -8.457956e+00 -8.363444e-01 -4.526731e-02 -5.463322e-01 5.981596e+01
-5.638088e-01 4.575521e-02 8.246371e-01 1.379917e+02 -1.334746e-02 9.978291e-01 -6.449053e-02 -8.552025e+00 -8.257976e-01 -4.736713e-02 -5.619740e-01 5.914508e+01
-5.785242e-01 4.437960e-02 8.144571e-01 1.389833e+02 -1.523271e-02 9.977568e-01 -6.518764e-02 -8.637691e+00 -8.155230e-01 -5.011901e-02 -5.765504e-01 5.845456e+01
-5.934392e-01 4.335729e-02 8.037102e-01 1.399705e+02 -1.574296e-02 9.977317e-01 -6.544826e-02 -8.727885e+00 -8.047249e-01 -5.149234e-02 -5.914106e-01 5.774510e+01
-6.084336e-01 4.222572e-02 7.924807e-01 1.409458e+02 -1.748573e-02 9.976278e-01 -6.658138e-02 -8.818382e+00 -7.934122e-01 -5.436745e-02 -6.062518e-01 5.701549e+01
-6.228900e-01 4.131900e-02 7.812175e-01 1.419208e+02 -1.812855e-02 9.975737e-01 -6.721668e-02 -8.915488e+00 -7.820994e-01 -5.603094e-02 -6.206297e-01 5.624412e+01
-6.371793e-01 3.833941e-02 7.697615e-01 1.428780e+02 -1.914109e-02 9.976667e-01 -6.553492e-02 -9.006921e+00 -7.704780e-01 -5.649156e-02 -6.349586e-01 5.547347e+01
-6.514299e-01 3.539514e-02 7.578828e-01 1.438240e+02 -1.892582e-02 9.978423e-01 -6.286936e-02 -9.095623e+00 -7.584727e-01 -5.529854e-02 -6.493545e-01 5.468071e+01
-6.654701e-01 3.317861e-02 7.456868e-01 1.447522e+02 -1.860659e-02 9.979638e-01 -6.100843e-02 -9.186255e+00 -7.461926e-01 -5.447398e-02 -6.634978e-01 5.387313e+01
-6.792430e-01 3.192234e-02 7.332191e-01 1.456697e+02 -1.886968e-02 9.979637e-01 -6.092917e-02 -9.272762e+00 -7.336710e-01 -5.522131e-02 -6.772574e-01 5.304465e+01
-6.934825e-01 3.171866e-02 7.197750e-01 1.465712e+02 -2.106570e-02 9.977106e-01 -6.426276e-02 -9.363967e+00 -7.201655e-01 -5.972766e-02 -6.912267e-01 5.220278e+01
-7.077214e-01 3.120796e-02 7.058021e-01 1.474609e+02 -2.326349e-02 9.974527e-01 -6.743043e-02 -9.455634e+00 -7.061086e-01 -6.414137e-02 -7.051927e-01 5.133631e+01
-7.220094e-01 2.712508e-02 6.913514e-01 1.483380e+02 -2.603357e-02 9.974585e-01 -6.632318e-02 -9.549267e+00 -6.913934e-01 -6.588430e-02 -7.194682e-01 5.044862e+01
-7.368050e-01 2.125422e-02 6.757714e-01 1.492084e+02 -2.846265e-02 9.976446e-01 -6.241102e-02 -9.633742e+00 -6.755061e-01 -6.521899e-02 -7.344645e-01 4.953465e+01
-7.508482e-01 1.743226e-02 6.602449e-01 1.500567e+02 -3.073145e-02 9.976468e-01 -6.128920e-02 -9.728046e+00 -6.597596e-01 -6.630916e-02 -7.485455e-01 4.860044e+01
-7.666926e-01 1.508322e-02 6.418372e-01 1.508874e+02 -3.209105e-02 9.975740e-01 -6.177673e-02 -9.818891e+00 -6.412119e-01 -6.796099e-02 -7.643486e-01 4.764642e+01
-7.827851e-01 1.027331e-02 6.222075e-01 1.516969e+02 -3.617390e-02 9.974217e-01 -6.197805e-02 -9.905168e+00 -6.212400e-01 -7.102316e-02 -7.803952e-01 4.667113e+01
-7.981517e-01 9.578906e-03 6.023806e-01 1.524792e+02 -3.507881e-02 9.974383e-01 -6.234028e-02 -9.990245e+00 -6.014347e-01 -7.088778e-02 -7.957710e-01 4.567439e+01
-8.134377e-01 9.187138e-03 5.815798e-01 1.532234e+02 -3.487223e-02 9.973063e-01 -6.452902e-02 -1.009644e+01 -5.806061e-01 -7.277131e-02 -8.109262e-01 4.465863e+01
-8.275260e-01 1.076072e-02 5.613243e-01 1.539429e+02 -3.055062e-02 9.974718e-01 -6.416067e-02 -1.017717e+01 -5.605956e-01 -7.024343e-02 -8.251051e-01 4.362344e+01
-8.408499e-01 1.134354e-02 5.411497e-01 1.546342e+02 -2.710764e-02 9.976432e-01 -6.303295e-02 -1.027945e+01 -5.405893e-01 -6.767053e-02 -8.385606e-01 4.256010e+01
-8.541592e-01 1.286554e-02 5.198523e-01 1.553012e+02 -2.517032e-02 9.974992e-01 -6.604343e-02 -1.037335e+01 -5.194019e-01 -6.949646e-02 -8.516994e-01 4.149097e+01
-8.667474e-01 1.370613e-02 4.985594e-01 1.559426e+02 -2.459084e-02 9.972321e-01 -7.016664e-02 -1.047473e+01 -4.981411e-01 -7.307673e-02 -8.640113e-01 4.041172e+01
-8.786055e-01 1.400911e-02 4.773432e-01 1.565645e+02 -2.242739e-02 9.972562e-01 -7.054778e-02 -1.057296e+01 -4.770218e-01 -7.268921e-02 -8.758806e-01 3.930525e+01
-8.893336e-01 1.357079e-02 4.570575e-01 1.571538e+02 -1.990343e-02 9.974632e-01 -6.834403e-02 -1.067762e+01 -4.568255e-01 -6.987766e-02 -8.868076e-01 3.818361e+01
-8.986700e-01 1.432429e-02 4.383917e-01 1.577178e+02 -1.826617e-02 9.973774e-01 -7.003321e-02 -1.077254e+01 -4.382451e-01 -7.094448e-02 -8.960514e-01 3.706202e+01
-9.074430e-01 1.726499e-02 4.198204e-01 1.582525e+02 -1.484950e-02 9.972135e-01 -7.310735e-02 -1.088693e+01 -4.199128e-01 -7.257487e-02 -9.046581e-01 3.593284e+01
-9.152200e-01 1.466799e-02 4.026875e-01 1.587710e+02 -1.693505e-02 9.970542e-01 -7.480758e-02 -1.098847e+01 -4.025986e-01 -7.528492e-02 -9.122756e-01 3.479407e+01
-9.224147e-01 1.236487e-02 3.860032e-01 1.592782e+02 -1.796788e-02 9.970310e-01 -7.487503e-02 -1.108964e+01 -3.857830e-01 -7.600148e-02 -9.194539e-01 3.363075e+01
-9.288710e-01 9.976521e-03 3.702690e-01 1.597606e+02 -1.893653e-02 9.970509e-01 -7.436942e-02 -1.120209e+01 -3.699190e-01 -7.609121e-02 -9.259428e-01 3.246434e+01
-9.345887e-01 8.669518e-03 3.556245e-01 1.602205e+02 -1.898477e-02 9.970627e-01 -7.419906e-02 -1.131120e+01 -3.552232e-01 -7.609705e-02 -9.316790e-01 3.129409e+01
-9.398839e-01 5.681741e-03 3.414466e-01 1.606674e+02 -2.063165e-02 9.970903e-01 -7.338355e-02 -1.141763e+01 -3.408701e-01 -7.601663e-02 -9.370320e-01 3.011418e+01
-9.448370e-01 1.820930e-03 3.275360e-01 1.611015e+02 -2.244053e-02 9.972750e-01 -7.027811e-02 -1.151902e+01 -3.267714e-01 -7.375143e-02 -9.422214e-01 2.892138e+01
-9.491403e-01 -2.040561e-03 3.148471e-01 1.615156e+02 -2.428184e-02 9.974752e-01 -6.673544e-02 -1.161982e+01 -3.139160e-01 -7.098635e-02 -9.467934e-01 2.772100e+01
-9.530118e-01 -1.161415e-03 3.029310e-01 1.619055e+02 -2.162045e-02 9.977033e-01 -6.419217e-02 -1.171329e+01 -3.021607e-01 -6.772540e-02 -9.508481e-01 2.651458e+01
-9.560940e-01 2.423454e-03 2.930508e-01 1.622779e+02 -1.726128e-02 9.977641e-01 -6.456713e-02 -1.181823e+01 -2.925520e-01 -6.679066e-02 -9.539144e-01 2.529519e+01
-9.579163e-01 8.473380e-03 2.869227e-01 1.626328e+02 -1.130013e-02 9.976762e-01 -6.718977e-02 -1.191433e+01 -2.868253e-01 -6.760444e-02 -9.555945e-01 2.408572e+01
-9.595774e-01 1.070091e-02 2.812411e-01 1.629948e+02 -8.885830e-03 9.976268e-01 -6.827649e-02 -1.201747e+01 -2.813043e-01 -6.801564e-02 -9.572052e-01 2.287427e+01
-9.612632e-01 8.734385e-03 2.754934e-01 1.633469e+02 -1.027490e-02 9.976676e-01 -6.748217e-02 -1.211858e+01 -2.754402e-01 -6.769881e-02 -9.589314e-01 2.166141e+01
-9.625506e-01 1.481639e-03 2.710983e-01 1.637140e+02 -1.645740e-02 9.978215e-01 -6.388639e-02 -1.221026e+01 -2.706024e-01 -6.595545e-02 -9.604293e-01 2.043390e+01
-9.640241e-01 -4.472697e-03 2.657777e-01 1.640647e+02 -2.166510e-02 9.978540e-01 -6.179066e-02 -1.230666e+01 -2.649309e-01 -6.532577e-02 -9.620521e-01 1.920520e+01
-9.651043e-01 -1.122259e-02 2.616256e-01 1.644247e+02 -2.871133e-02 9.975929e-01 -6.312017e-02 -1.239430e+01 -2.602875e-01 -6.842916e-02 -9.631034e-01 1.799044e+01
-9.659890e-01 -1.404928e-02 2.582012e-01 1.647646e+02 -3.210898e-02 9.973121e-01 -6.586111e-02 -1.249104e+01 -2.565818e-01 -7.191168e-02 -9.638436e-01 1.676551e+01
-9.668183e-01 -1.408834e-02 2.550760e-01 1.651032e+02 -3.242796e-02 9.971693e-01 -6.783661e-02 -1.258924e+01 -2.533982e-01 -7.385727e-02 -9.645385e-01 1.554646e+01
-9.670117e-01 -1.302282e-02 2.543997e-01 1.654364e+02 -3.172954e-02 9.970725e-01 -6.956822e-02 -1.268917e+01 -2.527490e-01 -7.534526e-02 -9.645939e-01 1.432408e+01
-9.670198e-01 -1.068759e-02 2.544767e-01 1.657658e+02 -2.967707e-02 9.970419e-01 -7.089979e-02 -1.279791e+01 -2.529662e-01 -7.611363e-02 -9.644765e-01 1.310087e+01
-9.669306e-01 -9.583305e-03 2.548601e-01 1.660987e+02 -2.897971e-02 9.969501e-01 -7.246052e-02 -1.289715e+01 -2.533884e-01 -7.745006e-02 -9.642594e-01 1.189127e+01
-9.664161e-01 -8.649210e-03 2.568367e-01 1.664352e+02 -2.848402e-02 9.968804e-01 -7.360782e-02 -1.300595e+01 -2.553988e-01 -7.845151e-02 -9.636477e-01 1.066486e+01
-9.660711e-01 -6.993013e-03 2.581816e-01 1.667716e+02 -2.679863e-02 9.969518e-01 -7.327277e-02 -1.311354e+01 -2.568822e-01 -7.770561e-02 -9.633138e-01 9.444171e+00
-9.653095e-01 -7.333890e-03 2.610059e-01 1.671061e+02 -2.726688e-02 9.969715e-01 -7.283093e-02 -1.322454e+01 -2.596813e-01 -7.742119e-02 -9.625860e-01 8.222644e+00
-9.643278e-01 -9.181737e-03 2.645518e-01 1.674498e+02 -2.941667e-02 9.969252e-01 -7.262777e-02 -1.333121e+01 -2.630716e-01 -7.781921e-02 -9.616328e-01 7.015847e+00
-9.631526e-01 -9.797564e-03 2.687767e-01 1.677943e+02 -2.968739e-02 9.971026e-01 -7.003700e-02 -1.343301e+01 -2.673117e-01 -7.543560e-02 -9.606528e-01 5.826063e+00
-9.615253e-01 -1.173976e-02 2.744651e-01 1.681442e+02 -3.122578e-02 9.972820e-01 -6.673536e-02 -1.353280e+01 -2.729357e-01 -7.273813e-02 -9.592785e-01 4.630537e+00
-9.594498e-01 -1.374534e-02 2.815444e-01 1.684959e+02 -3.304601e-02 9.974077e-01 -6.391985e-02 -1.362627e+01 -2.799360e-01 -7.063181e-02 -9.574169e-01 3.452922e+00
-9.573504e-01 -1.264208e-02 2.886527e-01 1.688448e+02 -3.197940e-02 9.975404e-01 -6.237432e-02 -1.373063e+01 -2.871541e-01 -6.894502e-02 -9.554000e-01 2.272036e+00
-9.547923e-01 -1.208510e-02 2.970282e-01 1.692140e+02 -3.212305e-02 9.975170e-01 -6.267333e-02 -1.381874e+01 -2.955332e-01 -6.938146e-02 -9.528097e-01 1.107250e+00
-9.517516e-01 -1.006695e-02 3.067043e-01 1.696023e+02 -3.103853e-02 9.974942e-01 -6.357669e-02 -1.391525e+01 -3.052958e-01 -7.002886e-02 -9.496791e-01 -6.716239e-02
-9.484074e-01 -7.896510e-03 3.169562e-01 1.699915e+02 -2.946026e-02 9.975597e-01 -6.329924e-02 -1.400489e+01 -3.156828e-01 -6.937107e-02 -9.463257e-01 -1.221641e+00
-9.443126e-01 -6.039122e-03 3.289945e-01 1.704132e+02 -2.856132e-02 9.975623e-01 -6.366797e-02 -1.409681e+01 -3.278080e-01 -6.951898e-02 -9.421831e-01 -2.389471e+00
