1.000000e+00 0.000000e+00 0.000000e+00 0.000000e+00 0.000000e+00 1.000000e+00 0.000000e+00 0.000000e+00 0.000000e+00 0.000000e+00 1.000000e+00 0.000000e+00
9.999968e-01 2.341140e-03 -9.552428e-04 9.756408e-02 -2.343948e-03 9.999929e-01 -2.950090e-03 1.553656e-02 9.483295e-04 2.952320e-03 9.999952e-01 -3.461444e-02
9.999989e-01 1.087633e-03 9.995608e-04 -1.483944e-01 -1.087576e-03 9.999994e-01 -5.687924e-05 7.613987e-03 -9.996220e-04 5.579208e-05 9.999995e-01 6.547869e-02
9.999995e-01 -8.712734e-04 -5.502029e-04 -1.723195e-01 8.721664e-04 9.999983e-01 1.624945e-03 -2.876492e-03 5.487862e-04 -1.625424e-03 9.999985e-01 1.707860e+00
9.999955e-01 -5.362899e-04 -2.951174e-03 -1.179380e-01 5.457561e-04 9.999947e-01 3.207757e-03 -2.804720e-02 2.949438e-03 -3.209353e-03 9.999905e-01 3.366269e+00
9.999846e-01 -9.795038e-04 -5.460041e-03 -1.179186e-01 9.883618e-04 9.999982e-01 1.619863e-03 -3.141401e-02 5.458444e-03 -1.625234e-03 9.999838e-01 4.991470e+00
9.999842e-01 -9.296287e-05 -5.619980e-03 -1.710957e-01 1.059963e-04 9.999973e-01 2.318866e-03 -4.491961e-02 5.619750e-03 -2.319425e-03 9.999815e-01 5.396954e+00
9.999774e-01 1.031734e-04 -6.721258e-03 -1.792735e-01 -8.120193e-05 9.999946e-01 3.269140e-03 -6.934202e-02 6.721559e-03 -3.268521e-03 9.999720e-01 7.007755e+00
9.999628e-01 -8.110984e-04 -8.584487e-03 -2.071839e-01 8.277713e-04 9.999978e-01 1.938830e-03 -6.981549e-02 8.582896e-03 -1.945863e-03 9.999613e-01 8.598674e+00
9.999415e-01 -1.796294e-03 -1.066948e-02 -1.575860e-01 1.816612e-03 9.999965e-01 1.894927e-03 -7.043336e-02 1.066604e-02 -1.914199e-03 9.999413e-01 8.831696e+00
9.999537e-01 -3.127375e-03 -9.102368e-03 -2.339488e-01 3.128704e-03 9.999951e-01 1.317148e-04 -6.954751e-02 9.101911e-03 -1.601873e-04 9.999586e-01 1.040092e+01
9.999478e-01 -4.053707e-03 -9.382680e-03 -2.824570e-01 4.028224e-03 9.999881e-01 -2.733250e-03 -6.673948e-02 9.393648e-03 2.695312e-03 9.999523e-01 1.193324e+01
9.999552e-01 -4.349690e-03 -8.412133e-03 -3.591489e-01 4.326018e-03 9.999866e-01 -2.830291e-03 -8.910637e-02 8.424331e-03 2.793773e-03 9.999606e-01 1.349530e+01
9.999591e-01 -2.900575e-03 -8.574910e-03 -3.949667e-01 2.888800e-03 9.999949e-01 -1.385269e-03 -1.198080e-01 8.578884e-03 1.360441e-03 9.999623e-01 1.509875e+01
9.999985e-01 -9.170049e-05 -1.718496e-03 -5.063100e-01 8.807885e-05 9.999978e-01 -2.107406e-03 -1.296098e-01 1.718685e-03 2.107251e-03 9.999963e-01 1.640643e+01
9.999982e-01 1.209415e-03 -1.505759e-03 -4.979557e-01 -1.211200e-03 9.999986e-01 -1.185034e-03 -1.549478e-01 1.504324e-03 1.186855e-03 9.999982e-01 1.825899e+01
9.999993e-01 1.821105e-04 -1.132814e-03 -5.031490e-01 -1.844331e-04 9.999979e-01 -2.050555e-03 -1.744141e-01 1.132438e-03 2.050763e-03 9.999973e-01 2.008411e+01
9.999802e-01 1.757676e-03 -6.046469e-03 -4.054061e-01 -1.771265e-03 9.999959e-01 -2.242797e-03 -2.163758e-01 6.042503e-03 2.253463e-03 9.999792e-01 2.118156e+01
9.999779e-01 2.388306e-03 -6.205911e-03 -4.632075e-01 -2.402457e-03 9.999945e-01 -2.273744e-03 -2.369716e-01 6.200446e-03 2.288603e-03 9.999782e-01 2.277376e+01
9.999785e-01 2.434734e-03 -6.081016e-03 -4.974440e-01 -2.439023e-03 9.999968e-01 -6.979048e-04 -2.631822e-01 6.079297e-03 7.127216e-04 9.999813e-01 2.437016e+01
9.999777e-01 8.117869e-04 -6.623958e-03 -5.114845e-01 -8.267824e-04 9.999971e-01 -2.261412e-03 -2.810882e-01 6.622103e-03 2.266838e-03 9.999755e-01 2.593949e+01
9.999814e-01 1.608762e-03 -5.882024e-03 -6.003466e-01 -1.631201e-03 9.999914e-01 -3.812128e-03 -3.066930e-01 5.875840e-03 3.821652e-03 9.999754e-01 2.752538e+01
9.999861e-01 -5.403452e-04 -5.242611e-03 -6.351257e-01 5.161262e-04 9.999892e-01 -4.619907e-03 -3.255535e-01 5.245050e-03 4.617137e-03 9.999756e-01 2.905904e+01
9.999846e-01 -1.926639e-03 -5.205969e-03 -6.271439e-01 1.913502e-03 9.999950e-01 -2.527255e-03 -3.328300e-01 5.210812e-03 2.517255e-03 9.999833e-01 2.912360e+01
9.999824e-01 -3.763839e-03 -4.584630e-03 -6.287833e-01 3.758118e-03 9.999921e-01 -1.255859e-03 -3.601544e-01 4.589322e-03 1.238608e-03 9.999887e-01 3.065107e+01
9.999837e-01 -4.320798e-03 -3.720304e-03 -6.257107e-01 4.307706e-03 9.999845e-01 -3.519702e-03 -3.530642e-01 3.735455e-03 3.503619e-03 9.999869e-01 3.080618e+01
9.999850e-01 -4.122111e-03 -3.596809e-03 -6.267611e-01 4.097220e-03 9.999678e-01 -6.900385e-03 -3.663985e-01 3.625137e-03 6.885545e-03 9.999697e-01 3.222044e+01
9.999927e-01 -1.507962e-03 -3.508909e-03 -6.275658e-01 1.479537e-03 9.999662e-01 -8.089435e-03 -3.701037e-01 3.520989e-03 8.084184e-03 9.999611e-01 3.233910e+01
9.999942e-01 4.169684e-05 -3.393166e-03 -6.228560e-01 -7.447722e-05 9.999533e-01 -9.661153e-03 -3.963772e-01 3.392605e-03 9.661350e-03 9.999475e-01 3.372588e+01
9.999914e-01 -8.355323e-04 -4.053883e-03 -6.040551e-01 7.996310e-04 9.999605e-01 -8.849585e-03 -4.254154e-01 4.061117e-03 8.846268e-03 9.999526e-01 3.507005e+01
9.999883e-01 1.137224e-04 -4.849166e-03 -5.568600e-01 -1.551695e-04 9.999635e-01 -8.547763e-03 -4.429007e-01 4.848017e-03 8.548415e-03 9.999517e-01 3.641623e+01
9.999957e-01 -1.116632e-03 -2.714988e-03 -5.776175e-01 1.093905e-03 9.999645e-01 -8.357913e-03 -4.705608e-01 2.724224e-03 8.354907e-03 9.999614e-01 3.774033e+01
9.999971e-01 -1.053119e-03 -2.153421e-03 -5.599524e-01 1.035662e-03 9.999667e-01 -8.091557e-03 -5.008423e-01 2.161871e-03 8.089303e-03 9.999650e-01 3.908177e+01
9.999990e-01 -1.408078e-03 -2.384973e-04 -5.348870e-01 1.405924e-03 9.999602e-01 -8.802491e-03 -5.315062e-01 2.508824e-04 8.802148e-03 9.999613e-01 4.040600e+01
9.999961e-01 -2.773031e-03 2.447383e-04 -5.451595e-01 2.775329e-03 9.999467e-01 -9.950012e-03 -5.399480e-01 -2.171335e-04 9.950653e-03 9.999505e-01 4.045179e+01
9.999947e-01 -1.701036e-03 2.786895e-03 -5.510237e-01 1.734182e-03 9.999273e-01 -1.193427e-02 -5.708888e-01 -2.766392e-03 1.193904e-02 9.999249e-01 4.169548e+01
9.999930e-01 -8.610281e-04 3.627591e-03 -5.190660e-01 9.032430e-04 9.999317e-01 -1.165166e-02 -6.008741e-01 -3.617311e-03 1.165486e-02 9.999256e-01 4.285616e+01
9.999744e-01 -8.079585e-05 7.153602e-03 -4.814290e-01 1.636441e-04 9.999329e-01 -1.158150e-02 -6.365390e-01 -7.152187e-03 1.158238e-02 9.999073e-01 4.408465e+01
9.999219e-01 2.166876e-03 1.230844e-02 -4.731556e-01 -2.010573e-03 9.999174e-01 -1.269701e-02 -6.666259e-01 -1.233493e-02 1.267127e-02 9.998437e-01 4.530824e+01
9.999135e-01 1.464069e-03 1.307429e-02 -3.917398e-01 -1.306147e-03 9.999262e-01 -1.207923e-02 -6.688287e-01 -1.309101e-02 1.206111e-02 9.998416e-01 4.537309e+01
9.996826e-01 5.482682e-03 2.458998e-02 -5.047061e-01 -5.224932e-03 9.999309e-01 -1.053396e-02 -7.067902e-01 -2.464603e-02 1.040214e-02 9.996421e-01 4.597913e+01
9.994488e-01 7.720429e-03 3.228745e-02 -4.710136e-01 -7.401510e-03 9.999228e-01 -9.985358e-03 -7.350169e-01 -3.236205e-02 9.740879e-03 9.994287e-01 4.712408e+01
9.990383e-01 9.899075e-03 4.271416e-02 -4.215915e-01 -9.472718e-03 9.999034e-01 -1.017251e-02 -7.645050e-01 -4.281073e-02 9.758109e-03 9.990355e-01 4.826090e+01
9.983754e-01 1.212451e-02 5.567376e-02 -3.733865e-01 -1.157529e-02 9.998812e-01 -1.017684e-02 -7.893217e-01 -5.579054e-02 9.515871e-03 9.983972e-01 4.936107e+01
9.974677e-01 1.450370e-02 6.962626e-02 -2.019149e-01 -1.395783e-02 9.998680e-01 -8.320169e-03 -8.238938e-01 -6.973774e-02 7.327268e-03 9.975384e-01 5.064428e+01
9.961792e-01 1.469470e-02 8.608760e-02 -9.650690e-02 -1.407352e-02 9.998704e-01 -7.818181e-03 -8.512375e-01 -8.619133e-02 6.576754e-03 9.962569e-01 5.176006e+01
9.945590e-01 1.529645e-02 1.030460e-01 7.161471e-02 -1.462005e-02 9.998664e-01 -7.316173e-03 -8.880690e-01 -1.031441e-01 5.769827e-03 9.946497e-01 5.300785e+01
9.924373e-01 1.408892e-02 1.219416e-01 1.917406e-01 -1.306743e-02 9.998726e-01 -9.172585e-03 -9.070433e-01 -1.220553e-01 7.509753e-03 9.924949e-01 5.394738e+01
9.895833e-01 1.057955e-02 1.435726e-01 2.575882e-01 -9.295015e-03 9.999106e-01 -9.614752e-03 -9.287911e-01 -1.436615e-01 8.180087e-03 9.895931e-01 5.491917e+01
9.857852e-01 2.457470e-03 1.679926e-01 1.078397e-01 -1.369332e-03 9.999774e-01 -6.592835e-03 -9.608028e-01 -1.680050e-01 6.269082e-03 9.857662e-01 5.530644e+01
9.806671e-01 -3.327182e-03 1.956552e-01 -2.509009e-02 4.588581e-03 9.999715e-01 -5.994131e-03 -9.827397e-01 -1.956297e-01 6.776027e-03 9.806544e-01 5.580930e+01
9.752728e-01 -1.040923e-02 2.207590e-01 1.016035e-01 1.207826e-02 9.999077e-01 -6.211887e-03 -1.012987e+00 -2.206740e-01 8.724670e-03 9.753086e-01 5.662913e+01
9.683164e-01 -1.513857e-02 2.492671e-01 6.237351e-02 1.706428e-02 9.998389e-01 -5.566284e-03 -1.019941e+00 -2.491427e-01 9.643488e-03 9.684188e-01 5.710469e+01
9.609378e-01 -1.978617e-02 2.760562e-01 2.912401e-01 2.217799e-02 9.997386e-01 -5.544787e-03 -1.034793e+00 -2.758743e-01 1.145057e-02 9.611255e-01 5.807069e+01
9.517943e-01 -2.486058e-02 3.057281e-01 2.585729e-01 2.701625e-02 9.996310e-01 -2.821149e-03 -1.043608e+00 -3.055452e-01 1.094478e-02 9.521147e-01 5.842401e+01
9.410763e-01 -3.050663e-02 3.368155e-01 2.147345e-01 3.323217e-02 9.994450e-01 -2.328614e-03 -1.063925e+00 -3.365575e-01 1.338451e-02 9.415678e-01 5.891580e+01
9.299296e-01 -3.139579e-02 3.663949e-01 5.406271e-01 3.591902e-02 9.993394e-01 -5.532599e-03 -1.087270e+00 -3.659792e-01 1.830547e-02 9.304430e-01 5.980905e+01
9.180537e-01 -3.339023e-02 3.950475e-01 8.632152e-01 4.087919e-02 9.991084e-01 -1.055274e-02 -1.099872e+00 -3.943429e-01 2.583720e-02 9.186001e-01 6.058620e+01
9.058063e-01 -3.505463e-02 4.222393e-01 1.317171e+00 4.555980e-02 9.988518e-01 -1.481146e-02 -1.126319e+00 -4.212353e-01 3.265345e-02 9.063634e-01 6.146632e+01
8.894024e-01 -3.606865e-02 4.556998e-01 1.466788e+00 4.639144e-02 9.988573e-01 -1.148395e-02 -1.136934e+00 -4.547649e-01 3.135442e-02 8.900595e-01 6.216132e+01
8.710195e-01 -3.502748e-02 4.899980e-01 1.677286e+00 4.322961e-02 9.990504e-01 -5.427809e-03 -1.148867e+00 -4.893426e-01 2.591015e-02 8.717067e-01 6.289442e+01
8.501071e-01 -3.545435e-02 5.254151e-01 1.608911e+00 4.243809e-02 9.990983e-01 -1.245765e-03 -1.159325e+00 -5.248972e-01 2.335665e-02 8.508452e-01 6.334289e+01
8.294432e-01 -3.107041e-02 5.577264e-01 2.112124e+00 3.965220e-02 9.992081e-01 -3.305272e-03 -1.195428e+00 -5.571820e-01 2.485661e-02 8.300183e-01 6.413239e+01
8.085966e-01 -2.439292e-02 5.878576e-01 2.687966e+00 3.725207e-02 9.992581e-01 -9.776307e-03 -1.206589e+00 -5.871830e-01 2.980400e-02 8.089054e-01 6.490416e+01
7.865369e-01 -2.303244e-02 6.171136e-01 3.044932e+00 3.803003e-02 9.992141e-01 -1.117732e-02 -1.214689e+00 -6.163712e-01 3.226022e-02 7.867947e-01 6.548627e+01
7.649826e-01 -2.482097e-02 6.435724e-01 3.603449e+00 4.010187e-02 9.991539e-01 -9.132256e-03 -1.214018e+00 -6.428012e-01 3.279448e-02 7.653307e-01 6.610497e+01
7.420394e-01 -2.647562e-02 6.698332e-01 4.195621e+00 4.261544e-02 9.990617e-01 -7.720661e-03 -1.235819e+00 -6.690003e-01 3.427427e-02 7.424715e-01 6.674213e+01
7.212910e-01 -2.443579e-02 6.922010e-01 4.854159e+00 4.334705e-02 9.990110e-01 -9.902060e-03 -1.242356e+00 -6.912745e-01 3.714714e-02 7.216369e-01 6.725107e+01
6.955450e-01 -2.230783e-02 7.181361e-01 5.540430e+00 4.478833e-02 9.989201e-01 -1.234941e-02 -1.251441e+00 -7.170852e-01 4.075369e-02 6.957930e-01 6.793728e+01
6.696048e-01 -2.015652e-02 7.424440e-01 6.068330e+00 4.548606e-02 9.988682e-01 -1.390541e-02 -1.254236e+00 -7.413234e-01 4.308198e-02 6.697638e-01 6.844786e+01
6.430757e-01 -1.901561e-02 7.655665e-01 6.756801e+00 4.669653e-02 9.988051e-01 -1.441615e-02 -1.271018e+00 -7.643775e-01 4.501997e-02 6.431953e-01 6.901854e+01
6.178555e-01 -1.318308e-02 7.861812e-01 7.587818e+00 4.569595e-02 9.987715e-01 -1.916430e-02 -1.300371e+00 -7.849627e-01 4.776606e-02 6.176989e-01 6.954276e+01
5.904799e-01 -4.297937e-03 8.070409e-01 8.378182e+00 4.362800e-02 9.986936e-01 -2.660229e-02 -1.336638e+00 -8.058723e-01 5.091770e-02 5.898960e-01 7.005844e+01
5.633056e-01 3.833957e-03 8.262398e-01 9.222491e+00 4.331145e-02 9.984774e-01 -3.416164e-02 -1.360317e+00 -8.251127e-01 5.502909e-02 5.622818e-01 7.053610e+01
5.347260e-01 8.944428e-03 8.449782e-01 1.002785e+01 4.230383e-02 9.984068e-01 -3.733959e-02 -1.384763e+00 -8.439659e-01 5.571226e-02 5.334957e-01 7.098418e+01
5.050572e-01 8.467302e-03 8.630443e-01 1.088106e+01 4.125033e-02 9.985723e-01 -3.393682e-02 -1.420519e+00 -8.620995e-01 5.274090e-02 5.039868e-01 7.144910e+01
4.757754e-01 7.070352e-03 8.795385e-01 1.178907e+01 3.706754e-02 9.989181e-01 -2.808124e-02 -1.456780e+00 -8.787856e-01 4.596269e-02 4.749985e-01 7.186287e+01
4.439460e-01 8.942137e-03 8.960089e-01 1.263089e+01 3.255347e-02 9.991291e-01 -2.610056e-02 -1.488027e+00 -8.954620e-01 4.075544e-02 4.432683e-01 7.224104e+01
4.129974e-01 1.199898e-02 9.106532e-01 1.351468e+01 2.575935e-02 9.993593e-01 -2.485012e-02 -1.522216e+00 -9.103678e-01 3.372087e-02 4.124237e-01 7.255660e+01
3.797145e-01 1.334833e-02 9.250074e-01 1.448111e+01 2.145790e-02 9.994998e-01 -2.323173e-02 -1.552931e+00 -9.248548e-01 2.867014e-02 3.792382e-01 7.293756e+01
3.457596e-01 1.354517e-02 9.382254e-01 1.537496e+01 1.862103e-02 9.995998e-01 -2.129355e-02 -1.578284e+00 -9.381384e-01 2.483317e-02 3.453690e-01 7.323502e+01
3.120326e-01 1.250464e-02 9.499891e-01 1.628000e+01 1.795737e-02 9.996572e-01 -1.905667e-02 -1.607585e+00 -9.499016e-01 2.300561e-02 3.117011e-01 7.348627e+01
2.772638e-01 1.193666e-02 9.607196e-01 1.719127e+01 1.821411e-02 9.996778e-01 -1.767730e-02 -1.631534e+00 -9.606212e-01 2.239993e-02 2.769570e-01 7.372119e+01
2.421364e-01 1.048022e-02 9.701857e-01 1.807541e+01 2.112085e-02 9.996478e-01 -1.606977e-02 -1.653668e+00 -9.700124e-01 2.438222e-02 2.418298e-01 7.394077e+01
2.069451e-01 9.079647e-03 9.783104e-01 1.894732e+01 2.863949e-02 9.994722e-01 -1.533425e-02 -1.676950e+00 -9.779333e-01 3.119166e-02 2.065759e-01 7.411865e+01
1.735803e-01 1.250886e-02 9.847403e-01 1.990700e+01 3.104827e-02 9.993528e-01 -1.816737e-02 -1.699745e+00 -9.843302e-01 3.372798e-02 1.730796e-01 7.427106e+01
1.408844e-01 1.746398e-02 9.898720e-01 2.085242e+01 3.220310e-02 9.992345e-01 -2.221250e-02 -1.715673e+00 -9.895022e-01 3.500635e-02 1.402141e-01 7.442336e+01
1.098801e-01 2.102362e-02 9.937225e-01 2.143852e+01 3.700350e-02 9.989967e-01 -2.522684e-02 -1.730890e+00 -9.932558e-01 3.954313e-02 1.089919e-01 7.449048e+01
8.231264e-02 1.987471e-02 9.964084e-01 2.219592e+01 3.947399e-02 9.989516e-01 -2.318635e-02 -1.743976e+00 -9.958245e-01 4.124074e-02 8.144182e-02 7.460531e+01
5.974936e-02 1.653484e-02 9.980764e-01 2.320818e+01 4.155244e-02 9.989550e-01 -1.903691e-02 -1.770799e+00 -9.973481e-01 4.260996e-02 5.899984e-02 7.468255e+01
3.975534e-02 1.437029e-02 9.991062e-01 2.420180e+01 4.176775e-02 9.989988e-01 -1.603073e-02 -1.791183e+00 -9.983362e-01 4.236772e-02 3.911531e-02 7.474490e+01
2.298480e-02 1.723712e-02 9.995872e-01 2.519980e+01 4.325948e-02 9.988977e-01 -1.821995e-02 -1.819117e+00 -9.987994e-01 4.366041e-02 2.221382e-02 7.475952e+01
8.803010e-03 2.200017e-02 9.997192e-01 2.617587e+01 4.677322e-02 9.986546e-01 -2.238861e-02 -1.838647e+00 -9.988667e-01 4.695717e-02 7.762194e-03 7.476839e+01
-3.828406e-03 2.680507e-02 9.996334e-01 2.714484e+01 5.153832e-02 9.983174e-01 -2.657240e-02 -1.866541e+00 -9.986637e-01 5.141769e-02 -5.203485e-03 7.477771e+01
-1.313162e-02 2.944178e-02 9.994802e-01 2.813950e+01 5.710275e-02 9.979572e-01 -2.864667e-02 -1.896091e+00 -9.982820e-01 5.669690e-02 -1.478601e-02 7.475495e+01
-1.837873e-02 3.555695e-02 9.991987e-01 2.861685e+01 6.128688e-02 9.975283e-01 -3.437024e-02 -1.897102e+00 -9.979510e-01 6.060608e-02 -2.051246e-02 7.474612e+01
-2.221429e-02 4.026487e-02 9.989421e-01 2.966500e+01 6.421030e-02 9.971831e-01 -3.876607e-02 -1.937537e+00 -9.976891e-01 6.328122e-02 -2.473712e-02 7.475588e+01
-2.517736e-02 4.410443e-02 9.987096e-01 3.063481e+01 6.711138e-02 9.968472e-01 -4.233031e-02 -1.981313e+00 -9.974277e-01 6.595901e-02 -2.805793e-02 7.475974e+01
-2.902305e-02 4.716332e-02 9.984655e-01 3.161764e+01 6.755002e-02 9.966953e-01 -4.511618e-02 -2.026052e+00 -9.972937e-01 6.613696e-02 -3.211296e-02 7.475319e+01
-3.241897e-02 5.119772e-02 9.981623e-01 3.245855e+01 6.871557e-02 9.964383e-01 -4.887752e-02 -2.066784e+00 -9.971095e-01 6.700474e-02 -3.582156e-02 7.474567e+01
-3.629577e-02 5.460809e-02 9.978480e-01 3.343421e+01 6.966653e-02 9.962149e-01 -5.198466e-02 -2.117525e+00 -9.969098e-01 6.762978e-02 -3.996277e-02 7.475726e+01
-4.011858e-02 5.651836e-02 9.975952e-01 3.431897e+01 7.218026e-02 9.959545e-01 -5.352266e-02 -2.165469e+00 -9.965844e-01 6.985942e-02 -4.403579e-02 7.478096e+01
-4.231095e-02 5.557689e-02 9.975575e-01 3.539319e+01 7.187055e-02 9.960343e-01 -5.244367e-02 -2.223511e+00 -9.965161e-01 6.947607e-02 -4.613745e-02 7.471953e+01
-4.471326e-02 5.539821e-02 9.974628e-01 3.641751e+01 7.094361e-02 9.961165e-01 -5.214328e-02 -2.277515e+00 -9.964778e-01 6.843212e-02 -4.846978e-02 7.468035e+01
-5.256867e-02 5.770359e-02 9.969488e-01 3.723113e+01 6.761249e-02 9.962440e-01 -5.409762e-02 -2.294258e+00 -9.963258e-01 6.456235e-02 -5.627275e-02 7.479446e+01
-5.921781e-02 6.082105e-02 9.963905e-01 3.816399e+01 6.508867e-02 9.962534e-01 -5.694431e-02 -2.325853e+00 -9.961208e-01 6.148162e-02 -6.295466e-02 7.486081e+01
-6.415641e-02 6.392340e-02 9.958906e-01 3.870883e+01 6.535544e-02 9.960731e-01 -5.972487e-02 -2.350961e+00 -9.957976e-01 6.125513e-02 -6.808221e-02 7.488673e+01
-6.868863e-02 6.833981e-02 9.952947e-01 3.956570e+01 6.471156e-02 9.958552e-01 -6.391234e-02 -2.403399e+00 -9.955372e-01 6.001702e-02 -7.282627e-02 7.488297e+01
-7.187259e-02 7.279707e-02 9.947537e-01 4.061559e+01 6.211269e-02 9.957239e-01 -6.838033e-02 -2.477183e+00 -9.954780e-01 5.687216e-02 -7.608688e-02 7.488043e+01
-7.665443e-02 7.554868e-02 9.941913e-01 4.149297e+01 6.129673e-02 9.955962e-01 -7.092931e-02 -2.533327e+00 -9.951717e-01 5.550363e-02 -8.094764e-02 7.496658e+01
-8.071017e-02 7.407507e-02 9.939814e-01 4.242501e+01 5.949664e-02 9.958145e-01 -6.938064e-02 -2.594827e+00 -9.949604e-01 5.353883e-02 -8.477962e-02 7.490305e+01
-8.510768e-02 7.010335e-02 9.939025e-01 4.353550e+01 5.667515e-02 9.962473e-01 -6.541565e-02 -2.673083e+00 -9.947585e-01 5.076219e-02 -8.876145e-02 7.487573e+01
-9.322596e-02 6.911453e-02 9.932432e-01 4.428317e+01 5.931927e-02 9.962012e-01 -6.375264e-02 -2.717147e+00 -9.938763e-01 5.297507e-02 -9.697163e-02 7.504826e+01
-9.773934e-02 7.015380e-02 9.927365e-01 4.530042e+01 6.086154e-02 9.960667e-01 -6.439706e-02 -2.782926e+00 -9.933495e-01 5.412535e-02 -1.016245e-01 7.508836e+01
-1.003871e-01 7.324307e-02 9.922490e-01 4.620216e+01 6.225970e-02 9.957947e-01 -6.720592e-02 -2.834882e+00 -9.929987e-01 5.503051e-02 -1.045250e-01 7.503369e+01
-1.011869e-01 7.630454e-02 9.919370e-01 4.727884e+01 6.359099e-02 9.955115e-01 -7.009264e-02 -2.910404e+00 -9.928331e-01 5.598580e-02 -1.055850e-01 7.493531e+01
-1.028144e-01 7.737724e-02 9.916864e-01 4.842636e+01 6.136660e-02 9.955642e-01 -7.131753e-02 -2.987306e+00 -9.928058e-01 5.352395e-02 -1.071068e-01 7.485573e+01
-1.031066e-01 7.660603e-02 9.917160e-01 4.940321e+01 5.816227e-02 9.957882e-01 -7.087358e-02 -3.055587e+00 -9.929684e-01 5.037291e-02 -1.071279e-01 7.478157e+01
-1.032594e-01 7.598784e-02 9.917476e-01 5.047430e+01 5.479994e-02 9.959977e-01 -7.060778e-02 -3.138274e+00 -9.931437e-01 4.705679e-02 -1.070104e-01 7.470530e+01
-1.039108e-01 7.726198e-02 9.915812e-01 5.155138e+01 5.003318e-02 9.961219e-01 -7.237267e-02 -3.204218e+00 -9.933274e-01 4.209166e-02 -1.073735e-01 7.461983e+01
-1.057119e-01 7.810315e-02 9.913248e-01 5.221673e+01 4.570304e-02 9.962388e-01 -7.361667e-02 -3.244801e+00 -9.933460e-01 3.752440e-02 -1.088840e-01 7.462970e+01
-1.046910e-01 7.747432e-02 9.914825e-01 5.314605e+01 4.019906e-02 9.964759e-01 -7.361987e-02 -3.320956e+00 -9.936920e-01 3.214933e-02 -1.074365e-01 7.440790e+01
-1.062936e-01 7.241242e-02 9.916946e-01 5.428158e+01 4.005060e-02 9.968472e-01 -6.849588e-02 -3.399978e+00 -9.935278e-01 3.243729e-02 -1.088586e-01 7.433141e+01
-1.068058e-01 6.359258e-02 9.922442e-01 5.518837e+01 4.194103e-02 9.973525e-01 -5.940541e-02 -3.469253e+00 -9.933950e-01 3.527091e-02 -1.091901e-01 7.418890e+01
-1.066480e-01 5.789842e-02 9.926097e-01 5.628951e+01 4.796091e-02 9.974406e-01 -5.302719e-02 -3.543987e+00 -9.931394e-01 4.195122e-02 -1.091520e-01 7.402138e+01
-1.080674e-01 6.060382e-02 9.922947e-01 5.731243e+01 5.592503e-02 9.969302e-01 -5.479633e-02 -3.602881e+00 -9.925694e-01 4.957242e-02 -1.111249e-01 7.396362e+01
-1.068145e-01 6.607626e-02 9.920809e-01 5.848812e+01 6.074097e-02 9.963593e-01 -5.982142e-02 -3.669916e+00 -9.924219e-01 5.387017e-02 -1.104392e-01 7.382623e+01
-1.058943e-01 7.159764e-02 9.917965e-01 5.963128e+01 6.402379e-02 9.958258e-01 -6.505269e-02 -3.742056e+00 -9.923142e-01 5.660985e-02 -1.100363e-01 7.369913e+01
-1.052657e-01 7.593511e-02 9.915407e-01 6.076668e+01 6.474036e-02 9.954885e-01 -6.936435e-02 -3.824386e+00 -9.923345e-01 5.689101e-02 -1.097069e-01 7.356702e+01
-1.058466e-01 7.298905e-02 9.917002e-01 6.178197e+01 6.119548e-02 9.958903e-01 -6.676591e-02 -3.890591e+00 -9.924977e-01 5.362063e-02 -1.098782e-01 7.347078e+01
-1.083643e-01 7.001837e-02 9.916424e-01 6.207346e+01 5.987025e-02 9.961655e-01 -6.379526e-02 -3.900856e+00 -9.923068e-01 5.245675e-02 -1.121409e-01 7.359220e+01
-1.087555e-01 6.800647e-02 9.917396e-01 6.325075e+01 5.670344e-02 9.964572e-01 -6.211179e-02 -3.962546e+00 -9.924501e-01 4.948005e-02 -1.122264e-01 7.347760e+01
-1.101273e-01 6.971850e-02 9.914694e-01 6.428041e+01 5.105482e-02 9.966167e-01 -6.440956e-02 -4.002048e+00 -9.926055e-01 4.352605e-02 -1.133142e-01 7.336629e+01
-1.127224e-01 7.534546e-02 9.907659e-01 6.541322e+01 5.009415e-02 9.962838e-01 -7.006575e-02 -4.065782e+00 -9.923631e-01 4.173360e-02 -1.160779e-01 7.326914e+01
-1.134501e-01 7.869229e-02 9.904224e-01 6.649654e+01 4.862166e-02 9.961038e-01 -7.357422e-02 -4.132452e+00 -9.923533e-01 3.980898e-02 -1.168342e-01 7.316793e+01
-1.123544e-01 7.739472e-02 9.906496e-01 6.776973e+01 5.017659e-02 9.961321e-01 -7.213228e-02 -4.229725e+00 -9.924005e-01 4.160305e-02 -1.158031e-01 7.300006e+01
-1.135079e-01 7.034913e-02 9.910434e-01 6.823806e+01 4.976658e-02 9.966405e-01 -6.504650e-02 -4.273650e+00 -9.922900e-01 4.193756e-02 -1.166276e-01 7.291772e+01
-1.147871e-01 6.925274e-02 9.909733e-01 6.938154e+01 4.938069e-02 9.967316e-01 -6.393526e-02 -4.356943e+00 -9.921620e-01 4.159600e-02 -1.178317e-01 7.278656e+01
-1.160016e-01 7.206981e-02 9.906309e-01 7.060641e+01 4.581501e-02 9.966908e-01 -6.714579e-02 -4.440867e+00 -9.921918e-01 3.759674e-02 -1.189196e-01 7.268639e+01
-1.160939e-01 7.469788e-02 9.904253e-01 7.185323e+01 4.497512e-02 9.965405e-01 -6.988728e-02 -4.529603e+00 -9.922194e-01 3.643102e-02 -1.190518e-01 7.254520e+01
-1.163361e-01 7.411032e-02 9.904411e-01 7.322762e+01 4.437168e-02 9.966044e-01 -6.935965e-02 -4.628514e+00 -9.922183e-01 3.587850e-02 -1.192296e-01 7.242388e+01
-1.164244e-01 7.052980e-02 9.906921e-01 7.446848e+01 4.392160e-02 9.968652e-01 -6.580769e-02 -4.720857e+00 -9.922279e-01 3.585116e-02 -1.191573e-01 7.226965e+01
-1.162066e-01 6.907722e-02 9.908201e-01 7.564039e+01 4.441948e-02 9.969419e-01 -6.429436e-02 -4.810308e+00 -9.922313e-01 3.654028e-02 -1.189197e-01 7.212852e+01
-1.160936e-01 6.938682e-02 9.908118e-01 7.684907e+01 4.552613e-02 9.968802e-01 -6.447750e-02 -4.893655e+00 -9.921945e-01 3.762240e-02 -1.188904e-01 7.199190e+01
-1.145399e-01 6.989540e-02 9.909567e-01 7.783738e+01 4.719734e-02 9.967782e-01 -6.485070e-02 -4.958052e+00 -9.922968e-01 3.934253e-02 -1.174698e-01 7.183481e+01
-1.109767e-01 6.883170e-02 9.914366e-01 7.866227e+01 4.600849e-02 9.968849e-01 -6.405999e-02 -5.023593e+00 -9.927576e-01 3.850533e-02 -1.137978e-01 7.157889e+01
-1.104017e-01 6.956464e-02 9.914497e-01 7.969415e+01 4.774161e-02 9.967672e-01 -6.462155e-02 -5.093145e+00 -9.927399e-01 4.019908e-02 -1.133659e-01 7.148145e+01
-1.108809e-01 6.828095e-02 9.914855e-01 8.090102e+01 4.893747e-02 9.968020e-01 -6.317427e-02 -5.172195e+00 -9.926283e-01 4.151598e-02 -1.138678e-01 7.139667e+01
-1.092517e-01 6.716640e-02 9.917423e-01 8.218503e+01 4.725123e-02 9.969375e-01 -6.231298e-02 -5.256425e+00 -9.928904e-01 4.005324e-02 -1.120908e-01 7.125191e+01
-1.086849e-01 6.680062e-02 9.918293e-01 8.337444e+01 4.873319e-02 9.968980e-01 -6.180182e-02 -5.341162e+00 -9.928810e-01 4.161809e-02 -1.116031e-01 7.113123e+01
-1.079792e-01 6.712804e-02 9.918842e-01 8.461326e+01 4.675801e-02 9.969565e-01 -6.238112e-02 -5.427417e+00 -9.930529e-01 3.964268e-02 -1.107893e-01 7.101291e+01
-1.096271e-01 7.052665e-02 9.914675e-01 8.577341e+01 4.712775e-02 9.967266e-01 -6.568980e-02 -5.500743e+00 -9.928549e-01 3.952425e-02 -1.125921e-01 7.094028e+01
-1.096286e-01 6.941062e-02 9.915462e-01 8.698018e+01 4.498863e-02 9.968830e-01 -6.481012e-02 -5.581875e+00 -9.929540e-01 3.750326e-02 -1.124096e-01 7.082473e+01
-1.204205e-01 6.880622e-02 9.903356e-01 8.771883e+01 4.187487e-02 9.970593e-01 -6.418156e-02 -5.606592e+00 -9.918394e-01 3.374141e-02 -1.229476e-01 7.096043e+01
-1.280280e-01 7.086295e-02 9.892356e-01 8.861069e+01 3.918452e-02 9.970267e-01 -6.634974e-02 -5.647060e+00 -9.909961e-01 3.026810e-02 -1.304241e-01 7.099317e+01
-1.345562e-01 7.066853e-02 9.883828e-01 8.957215e+01 3.539754e-02 9.971599e-01 -6.647713e-02 -5.695045e+00 -9.902735e-01 2.604141e-02 -1.366756e-01 7.098817e+01
-1.368124e-01 6.771219e-02 9.882800e-01 9.071880e+01 3.250894e-02 9.974306e-01 -6.383877e-02 -5.782722e+00 -9.900634e-01 2.339400e-02 -1.386621e-01 7.083334e+01
-1.493089e-01 6.707141e-02 9.865133e-01 9.171782e+01 3.141524e-02 9.975149e-01 -6.306469e-02 -5.832134e+00 -9.882915e-01 2.157544e-02 -1.510450e-01 7.094639e+01
-1.552508e-01 6.609743e-02 9.856614e-01 9.288696e+01 2.939424e-02 9.976264e-01 -6.226993e-02 -5.909174e+00 -9.874377e-01 1.930531e-02 -1.568252e-01 7.085883e+01
-1.615465e-01 6.613164e-02 9.846469e-01 9.401537e+01 2.881130e-02 9.976429e-01 -6.227756e-02 -5.982863e+00 -9.864445e-01 1.830824e-02 -1.630710e-01 7.076866e+01
-1.690869e-01 6.438275e-02 9.834961e-01 9.521669e+01 2.833067e-02 9.977693e-01 -6.044639e-02 -6.059569e+00 -9.851938e-01 1.764242e-02 -1.705338e-01 7.066630e+01
-1.745665e-01 5.898838e-02 9.828769e-01 9.639290e+01 2.492338e-02 9.981488e-01 -5.547836e-02 -6.145101e+00 -9.843299e-01 1.481195e-02 -1.757135e-01 7.049722e+01
-1.894891e-01 5.869161e-02 9.801271e-01 9.718443e+01 2.393273e-02 9.981914e-01 -5.514638e-02 -6.193151e+00 -9.815911e-01 1.300747e-02 -1.905510e-01 7.055779e+01
-1.955149e-01 6.391677e-02 9.786156e-01 9.839681e+01 1.849823e-02 9.979367e-01 -6.148298e-02 -6.276853e+00 -9.805263e-01 6.081821e-03 -1.962938e-01 7.033616e+01
-2.077543e-01 6.761618e-02 9.758413e-01 9.933645e+01 1.926168e-02 9.976974e-01 -6.502983e-02 -6.326254e+00 -9.779915e-01 5.286125e-03 -2.085782e-01 7.027997e+01
-2.162626e-01 6.310587e-02 9.742938e-01 1.007341e+02 2.083135e-02 9.979800e-01 -6.001616e-02 -6.417493e+00 -9.761131e-01 7.316610e-03 -2.171403e-01 6.997091e+01
-2.267808e-01 6.112999e-02 9.720255e-01 1.019048e+02 2.299614e-02 9.980862e-01 -5.740375e-02 -6.509706e+00 -9.736743e-01 9.334766e-03 -2.277526e-01 6.969034e+01
-2.453252e-01 6.344506e-02 9.673625e-01 1.029904e+02 2.357644e-02 9.979515e-01 -5.947223e-02 -6.576802e+00 -9.691541e-01 8.216933e-03 -2.463185e-01 6.952427e+01
-2.649666e-01 6.422933e-02 9.621162e-01 1.041306e+02 2.536252e-02 9.978981e-01 -5.963325e-02 -6.643707e+00 -9.639241e-01 8.600868e-03 -2.660388e-01 6.933259e+01
-2.860721e-01 6.202266e-02 9.561987e-01 1.051723e+02 2.582800e-02 9.980395e-01 -5.700949e-02 -6.710311e+00 -9.578599e-01 8.387868e-03 -2.871133e-01 6.917526e+01
-3.026710e-01 6.400754e-02 9.509434e-01 1.063541e+02 2.935287e-02 9.978951e-01 -5.782526e-02 -6.787824e+00 -9.526430e-01 1.041090e-02 -3.039128e-01 6.883109e+01
-3.165634e-01 6.765458e-02 9.461557e-01 1.075522e+02 2.885550e-02 9.976785e-01 -6.168428e-02 -6.864672e+00 -9.481325e-01 7.774815e-03 -3.177807e-01 6.841108e+01
-3.314811e-01 7.179306e-02 9.407265e-01 1.087003e+02 2.825413e-02 9.974087e-01 -6.616304e-02 -6.939640e+00 -9.430389e-01 4.647610e-03 -3.326507e-01 6.801813e+01
-3.467438e-01 6.902055e-02 9.354171e-01 1.098888e+02 2.425559e-02 9.976152e-01 -6.461875e-02 -7.030430e+00 -9.376463e-01 2.829501e-04 -3.475910e-01 6.755825e+01
-3.599894e-01 6.257574e-02 9.308557e-01 1.110421e+02 1.861375e-02 9.980313e-01 -5.989306e-02 -7.124581e+00 -9.327709e-01 -4.234139e-03 -3.604454e-01 6.707588e+01
-3.738645e-01 5.764383e-02 9.256904e-01 1.120365e+02 1.381647e-02 9.983022e-01 -5.658532e-02 -7.203150e+00 -9.273805e-01 -8.365464e-03 -3.740262e-01 6.660736e+01
-3.909290e-01 5.794265e-02 9.185953e-01 1.129213e+02 1.126668e-02 9.982430e-01 -5.817185e-02 -7.265440e+00 -9.203519e-01 -1.239154e-02 -3.908950e-01 6.629086e+01
-4.042398e-01 5.954267e-02 9.127130e-01 1.133748e+02 1.075916e-02 9.981194e-01 -6.034911e-02 -7.293619e+00 -9.145899e-01 -1.457548e-02 -4.041201e-01 6.615610e+01
-4.173610e-01 6.075590e-02 9.067075e-01 1.137424e+02 1.135240e-02 9.980333e-01 -6.164983e-02 -7.324644e+00 -9.086698e-01 -1.543693e-02 -4.172299e-01 6.604235e+01
-4.301670e-01 6.009973e-02 9.007466e-01 1.141065e+02 1.282293e-02 9.980876e-01 -6.047072e-02 -7.354714e+00 -9.026582e-01 -1.446230e-02 -4.301150e-01 6.592233e+01
-4.449710e-01 5.837753e-02 8.936402e-01 1.145306e+02 1.386683e-02 9.982026e-01 -5.830340e-02 -7.380506e+00 -8.954376e-01 -1.355136e-02 -4.449807e-01 6.596368e+01
-4.594797e-01 5.574045e-02 8.864375e-01 1.149969e+02 1.205054e-02 9.983281e-01 -5.652996e-02 -7.418609e+00 -8.881065e-01 -1.529232e-02 -4.593832e-01 6.575681e+01
-4.720806e-01 5.501244e-02 8.798375e-01 1.153816e+02 8.860487e-03 9.982967e-01 -5.766506e-02 -7.448794e+00 -8.815111e-01 -1.942675e-02 -4.717638e-01 6.548574e+01
-4.809806e-01 5.543296e-02 8.749773e-01 1.154682e+02 7.361372e-03 9.982194e-01 -5.919421e-02 -7.464962e+00 -8.767006e-01 -2.203022e-02 -4.805323e-01 6.525536e+01
-4.907955e-01 5.467601e-02 8.695576e-01 1.155340e+02 5.098758e-03 9.981922e-01 -5.988646e-02 -7.481968e+00 -8.712599e-01 -2.495834e-02 -4.901869e-01 6.508636e+01
-5.018756e-01 5.731924e-02 8.630385e-01 1.162120e+02 6.988626e-03 9.980379e-01 -6.222128e-02 -7.532853e+00 -8.649116e-01 -2.519589e-02 -5.012915e-01 6.457254e+01
-5.107003e-01 5.968740e-02 8.576844e-01 1.162987e+02 5.961100e-03 9.978091e-01 -6.588938e-02 -7.542780e+00 -8.597382e-01 -2.853699e-02 -5.099373e-01 6.442217e+01
-5.177646e-01 6.071100e-02 8.533664e-01 1.164409e+02 4.427844e-03 9.976557e-01 -6.828966e-02 -7.552442e+00 -8.555117e-01 -3.157939e-02 -5.168196e-01 6.417626e+01
-5.239791e-01 5.671536e-02 8.498409e-01 1.164627e+02 3.084368e-04 9.977931e-01 -6.639900e-02 -7.566131e+00 -8.517312e-01 -3.452956e-02 -5.228403e-01 6.395310e+01
-5.303333e-01 4.990345e-02 8.463193e-01 1.164015e+02 -7.068703e-03 9.979711e-01 -6.327514e-02 -7.583132e+00 -8.477598e-01 -3.953929e-02 -5.289044e-01 6.365155e+01
-5.419369e-01 4.782350e-02 8.390575e-01 1.166851e+02 -1.047282e-02 9.979178e-01 -6.364228e-02 -7.614741e+00 -8.403540e-01 -4.327739e-02 -5.403076e-01 6.336877e+01
-5.600075e-01 4.577762e-02 8.272220e-01 1.177198e+02 -1.199379e-02 9.979197e-01 -6.334333e-02 -7.698060e+00 -8.284009e-01 -4.539426e-02 -5.582935e-01 6.276320e+01
-5.759310e-01 4.471087e-02 8.162749e-01 1.185825e+02 -1.310132e-02 9.978702e-01 -6.390139e-02 -7.770485e+00 -8.173935e-01 -4.749706e-02 -5.741185e-01 6.217785e+01
-5.893507e-01 4.396950e-02 8.066801e-01 1.190026e+02 -1.464027e-02 9.977726e-01 -6.508133e-02 -7.809405e+00 -8.077449e-01 -5.016573e-02 -5.873942e-01 6.193055e+01
-6.054498e-01 4.329519e-02 7.947050e-01 1.199467e+02 -1.538781e-02 9.976959e-01 -6.607732e-02 -7.883715e+00 -7.957347e-01 -5.223527e-02 -6.033885e-01 6.129792e+01
-6.176075e-01 3.995698e-02 7.854709e-01 1.203558e+02 -1.634333e-02 9.978409e-01 -6.361086e-02 -7.925253e+00 -7.863167e-01 -5.212375e-02 -6.156210e-01 6.097373e+01
-6.265254e-01 3.571784e-02 7.785822e-01 1.205542e+02 -1.757998e-02 9.980476e-01 -5.993254e-02 -7.947445e+00 -7.792028e-01 -5.123672e-02 -6.246743e-01 6.074228e+01
-6.370808e-01 3.360596e-02 7.700641e-01 1.206717e+02 -2.005358e-02 9.979883e-01 -6.014318e-02 -7.941500e+00 -7.705361e-01 -5.375860e-02 -6.351253e-01 6.054705e+01
-6.498753e-01 3.138646e-02 7.593925e-01 1.215897e+02 -2.167886e-02 9.979749e-01 -5.979972e-02 -8.020704e+00 -7.597316e-01 -5.532512e-02 -6.478789e-01 5.976653e+01
-6.638281e-01 3.140614e-02 7.472256e-01 1.225749e+02 -2.327285e-02 9.977666e-01 -6.261185e-02 -8.119076e+00 -7.475231e-01 -5.895356e-02 -6.616145e-01 5.887401e+01
-6.784179e-01 3.072253e-02 7.340335e-01 1.234155e+02 -2.568829e-02 9.975224e-01 -6.549265e-02 -8.193571e+00 -7.342269e-01 -6.328746e-02 -6.759479e-01 5.812390e+01
-6.952268e-01 2.837772e-02 7.182301e-01 1.242840e+02 -2.536647e-02 9.976293e-01 -6.397100e-02 -8.275826e+00 -7.183428e-01 -6.269331e-02 -6.928588e-01 5.748300e+01
-7.088757e-01 1.922847e-02 7.050713e-01 1.245476e+02 -3.113296e-02 9.978011e-01 -5.851263e-02 -8.326844e+00 -7.046460e-01 -6.342913e-02 -7.067182e-01 5.702964e+01
-7.280473e-01 1.885408e-02 6.852678e-01 1.253175e+02 -3.011360e-02 9.977772e-01 -5.944581e-02 -8.369545e+00 -6.848654e-01 -6.391523e-02 -7.258612e-01 5.657939e+01
-7.474947e-01 1.705093e-02 6.640491e-01 1.260911e+02 -3.043533e-02 9.977415e-01 -5.987911e-02 -8.420527e+00 -6.635704e-01 -6.496986e-02 -7.452875e-01 5.601538e+01
-7.659758e-01 1.416258e-02 6.427137e-01 1.269518e+02 -3.249233e-02 9.976266e-01 -6.070713e-02 -8.491229e+00 -6.420481e-01 -6.738345e-02 -7.636977e-01 5.522073e+01
-7.852864e-01 1.328063e-02 6.189902e-01 1.277361e+02 -3.098430e-02 9.976742e-01 -6.071387e-02 -8.545377e+00 -6.183569e-01 -6.685676e-02 -7.830485e-01 5.457345e+01
-8.032637e-01 1.498123e-02 5.954352e-01 1.283979e+02 -2.928487e-02 9.974812e-01 -6.460311e-02 -8.606634e+00 -5.949033e-01 -6.933057e-02 -8.008016e-01 5.395521e+01
-8.205615e-01 1.526373e-02 5.713543e-01 1.292449e+02 -2.506670e-02 9.977205e-01 -6.265413e-02 -8.676471e+00 -5.710082e-01 -6.573354e-02 -8.183085e-01 5.316558e+01
-8.363864e-01 1.802212e-02 5.478438e-01 1.301175e+02 -1.958307e-02 9.978389e-01 -6.272259e-02 -8.767018e+00 -5.477902e-01 -6.318879e-02 -8.342260e-01 5.216438e+01
-8.500422e-01 1.882200e-02 5.263783e-01 1.307346e+02 -1.872309e-02 9.976500e-01 -6.590924e-02 -8.836399e+00 -5.263818e-01 -6.588107e-02 -8.476921e-01 5.125470e+01
-8.628877e-01 2.055968e-02 5.049773e-01 1.313854e+02 -1.794451e-02 9.972959e-01 -7.126692e-02 -8.919743e+00 -5.050770e-01 -7.055692e-02 -8.601855e-01 5.023663e+01
-8.750757e-01 2.107067e-02 4.835272e-01 1.320329e+02 -1.538762e-02 9.973356e-01 -7.130903e-02 -9.014961e+00 -4.837415e-01 -6.984113e-02 -8.724198e-01 4.913808e+01
-8.865024e-01 2.189269e-02 4.622061e-01 1.328835e+02 -1.175104e-02 9.974928e-01 -6.978516e-02 -9.104224e+00 -4.625750e-01 -6.729610e-02 -8.840225e-01 4.806505e+01
-8.960041e-01 2.477554e-02 4.433542e-01 1.335075e+02 -7.527593e-03 9.974513e-01 -7.095264e-02 -9.208413e+00 -4.439822e-01 -6.691124e-02 -8.935338e-01 4.692314e+01
-9.050419e-01 2.753237e-02 4.244303e-01 1.341041e+02 -4.374459e-03 9.972473e-01 -7.401839e-02 -9.302378e+00 -4.252998e-01 -6.884640e-02 -9.024302e-01 4.579372e+01
-9.133443e-01 2.439625e-02 4.064567e-01 1.346521e+02 -7.337723e-03 9.970554e-01 -7.633355e-02 -9.393939e+00 -4.071221e-01 -7.270128e-02 -9.104757e-01 4.467850e+01
-9.216176e-01 2.171323e-02 3.874916e-01 1.352054e+02 -8.396986e-03 9.970844e-01 -7.584354e-02 -9.489098e+00 -3.880086e-01 -7.315249e-02 -9.187483e-01 4.355726e+01
-9.341754e-01 2.080731e-02 3.562069e-01 1.364462e+02 -7.760593e-03 9.968773e-01 -7.858380e-02 -9.557821e+00 -3.567297e-01 -7.617543e-02 -9.310968e-01 4.246473e+01
-9.415513e-01 1.821562e-02 3.363765e-01 1.368112e+02 -9.236258e-03 9.967657e-01 -7.983053e-02 -9.620933e+00 -3.367427e-01 -7.827141e-02 -9.383378e-01 4.152188e+01
-9.473418e-01 1.472160e-02 3.198858e-01 1.372753e+02 -1.172894e-02 9.966772e-01 -8.060376e-02 -9.706740e+00 -3.200096e-01 -8.011123e-02 -9.440213e-01 4.038869e+01
-9.482831e-01 1.277798e-02 3.171684e-01 1.371959e+02 -1.229251e-02 9.969617e-01 -7.691795e-02 -9.800556e+00 -3.171875e-01 -7.683879e-02 -9.452448e-01 3.931339e+01
-9.546583e-01 7.229113e-03 2.976158e-01 1.376034e+02 -1.555191e-02 9.971291e-01 -7.410602e-02 -9.877935e+00 -2.972971e-01 -7.537442e-02 -9.518051e-01 3.839830e+01
-9.565618e-01 7.933598e-03 2.914218e-01 1.377309e+02 -1.351133e-02 9.973490e-01 -7.150115e-02 -9.968098e+00 -2.912165e-01 -7.233277e-02 -9.539187e-01 3.722461e+01
-9.590120e-01 1.194725e-02 2.831138e-01 1.380328e+02 -9.225729e-03 9.972647e-01 -7.333501e-02 -1.006536e+01 -2.832156e-01 -7.294108e-02 -9.562787e-01 3.602142e+01
-9.612093e-01 1.798308e-02 2.752331e-01 1.383813e+02 -2.904991e-03 9.971569e-01 -7.529712e-02 -1.016215e+01 -2.758046e-01 -7.317585e-02 -9.584242e-01 3.484940e+01
-9.625634e-01 2.144869e-02 2.702066e-01 1.387341e+02 7.540904e-04 9.970723e-01 -7.646014e-02 -1.027820e+01 -2.710555e-01 -7.339397e-02 -9.597616e-01 3.354158e+01
-9.619805e-01 1.872643e-02 2.724754e-01 1.389500e+02 -2.406479e-03 9.970267e-01 -7.701884e-02 -1.036264e+01 -2.731075e-01 -7.474633e-02 -9.590752e-01 3.233597e+01
-9.629886e-01 1.144806e-02 2.692989e-01 1.392836e+02 -8.834677e-03 9.972203e-01 -7.398448e-02 -1.045787e+01 -2.693972e-01 -7.362538e-02 -9.602106e-01 3.111742e+01
-9.619335e-01 5.082398e-03 2.732362e-01 1.394458e+02 -1.616326e-02 9.970187e-01 -7.544837e-02 -1.052187e+01 -2.728050e-01 -7.699271e-02 -9.589835e-01 2.992472e+01
-9.633486e-01 -1.265971e-03 2.682495e-01 1.398148e+02 -2.256230e-02 9.968279e-01 -7.632227e-02 -1.063056e+01 -2.673019e-01 -7.957728e-02 -9.603213e-01 2.867332e+01
-9.642113e-01 -3.776093e-03 2.651086e-01 1.401538e+02 -2.566852e-02 9.965311e-01 -7.916334e-02 -1.073500e+01 -2.638901e-01 -8.313513e-02 -9.609635e-01 2.745816e+01
-9.642805e-01 -5.340895e-03 2.648298e-01 1.404117e+02 -2.950058e-02 9.957421e-01 -8.733414e-02 -1.078157e+01 -2.632357e-01 -9.202723e-02 -9.603323e-01 2.636476e+01
-9.650913e-01 -5.621014e-03 2.618533e-01 1.407757e+02 -3.004294e-02 9.955465e-01 -8.935612e-02 -1.090036e+01 -2.601849e-01 -9.410366e-02 -9.609622e-01 2.511600e+01
-9.650460e-01 -2.563193e-03 2.620679e-01 1.411149e+02 -2.727902e-02 9.955031e-01 -9.071637e-02 -1.102569e+01 -2.606569e-01 -9.469443e-02 -9.607763e-01 2.387559e+01
-9.648025e-01 -6.123540e-04 2.629749e-01 1.414761e+02 -2.606952e-02 9.952942e-01 -9.332625e-02 -1.114762e+01 -2.616802e-01 -9.689703e-02 -9.602784e-01 2.264575e+01
-9.639322e-01 3.615657e-06 2.661482e-01 1.418036e+02 -2.647618e-02 9.950383e-01 -9.590460e-02 -1.127160e+01 -2.648280e-01 -9.949212e-02 -9.591494e-01 2.142081e+01
-9.630799e-01 8.812309e-04 2.692147e-01 1.421402e+02 -2.598611e-02 9.950209e-01 -9.621891e-02 -1.139516e+01 -2.679590e-01 -9.966233e-02 -9.582617e-01 2.019858e+01
-9.624437e-01 2.028045e-03 2.714743e-01 1.424964e+02 -2.473818e-02 9.951567e-01 -9.513728e-02 -1.154313e+01 -2.703524e-01 -9.828003e-02 -9.577321e-01 1.894708e+01
-9.616708e-01 1.664420e-03 2.742018e-01 1.428849e+02 -2.544535e-02 9.951251e-01 -9.528147e-02 -1.167153e+01 -2.730237e-01 -9.860656e-02 -9.569404e-01 1.770559e+01
-9.603666e-01 1.961855e-04 2.787406e-01 1.432434e+02 -2.684330e-02 9.952868e-01 -9.318580e-02 -1.180110e+01 -2.774451e-01 -9.697483e-02 -9.558349e-01 1.646579e+01
-9.591669e-01 -1.656735e-03 2.828361e-01 1.436438e+02 -2.829434e-02 9.955288e-01 -9.012169e-02 -1.192725e+01 -2.814222e-01 -9.444439e-02 -9.549251e-01 1.526696e+01
-9.573057e-01 -3.834000e-03 2.890528e-01 1.438648e+02 -3.058858e-02 9.956419e-01 -8.809920e-02 -1.199542e+01 -2.874553e-01 -9.317956e-02 -9.532509e-01 1.448029e+01
-9.552466e-01 -9.559059e-04 2.958097e-01 1.442537e+02 -2.804980e-02 9.957816e-01 -8.736223e-02 -1.212078e+01 -2.944784e-01 -9.174986e-02 -9.512438e-01 1.324281e+01
-9.522126e-01 9.405000e-04 3.054352e-01 1.446479e+02 -2.694397e-02 9.958381e-01 -8.706585e-02 -1.224261e+01 -3.042459e-01 -9.113482e-02 -9.482243e-01 1.203191e+01
-9.491900e-01 2.131823e-03 3.146966e-01 1.450427e+02 -2.753722e-02 9.955789e-01 -8.980221e-02 -1.235998e+01 -3.134967e-01 -9.390523e-02 -9.449348e-01 1.081202e+01
-9.468050e-01 2.359596e-03 3.217994e-01 1.455049e+02 -2.808310e-02 9.955524e-01 -8.992656e-02 -1.247432e+01 -3.205804e-01 -9.418004e-02 -9.425277e-01 9.597342e+00
-9.433252e-01 4.781689e-03 3.318358e-01 1.459589e+02 -2.678409e-02 9.955375e-01 -9.048589e-02 -1.259955e+01 -3.307877e-01 -9.424552e-02 -9.389875e-01 8.400415e+00
