1.000000e+00 0.000000e+00 0.000000e+00 0.000000e+00 0.000000e+00 1.000000e+00 0.000000e+00 0.000000e+00 0.000000e+00 0.000000e+00 1.000000e+00 0.000000e+00
9.999959e-01 -5.206113e-04 -2.795371e-03 -5.185058e-03 5.309440e-04 9.999930e-01 3.696882e-03 6.798487e-03 2.793427e-03 -3.698352e-03 9.999893e-01 -4.101880e-02
9.999987e-01 1.132802e-03 -1.128089e-03 -1.892460e-02 -1.133594e-03 9.999991e-01 -7.021465e-04 1.314672e-02 1.127293e-03 7.034244e-04 9.999991e-01 9.312991e-01
9.999986e-01 -4.302613e-04 -1.637796e-03 -1.207190e-02 4.271414e-04 9.999981e-01 -1.904787e-03 1.981585e-02 1.638612e-03 1.904085e-03 9.999968e-01 1.837718e+00
9.999970e-01 -2.076518e-03 -1.276366e-03 -1.140592e-02 2.078827e-03 9.999962e-01 1.810579e-03 2.622771e-02 1.272602e-03 -1.813227e-03 9.999976e-01 2.821863e+00
9.999760e-01 -5.663129e-03 -4.002308e-03 1.413183e-02 5.693002e-03 9.999557e-01 7.492550e-03 3.006946e-02 3.959700e-03 -7.515155e-03 9.999639e-01 3.748513e+00
9.998901e-01 -1.288060e-02 -7.331184e-03 2.774885e-02 1.293517e-02 9.998886e-01 7.445514e-03 4.724795e-02 7.234465e-03 -7.539526e-03 9.999454e-01 4.576033e+00
9.998782e-01 -1.357484e-02 -7.705671e-03 1.730677e-02 1.361361e-02 9.998948e-01 5.001230e-03 5.548935e-02 7.636969e-03 -5.105523e-03 9.999578e-01 5.574152e+00
9.998477e-01 -1.464772e-02 -9.484967e-03 1.933403e-02 1.465748e-02 9.998921e-01 9.605880e-04 6.346347e-02 9.469873e-03 -1.099468e-03 9.999546e-01 6.433467e+00
9.998454e-01 -1.479787e-02 -9.492539e-03 5.269156e-03 1.480134e-02 9.998904e-01 2.947933e-04 7.065228e-02 9.487136e-03 -4.352500e-04 9.999549e-01 7.356281e+00
9.998756e-01 -1.281229e-02 -9.195733e-03 -3.528463e-02 1.283447e-02 9.999149e-01 2.356263e-03 6.954470e-02 9.164761e-03 -2.473993e-03 9.999549e-01 8.294460e+00
9.998690e-01 -1.351065e-02 -8.915430e-03 -6.042275e-02 1.355950e-02 9.998932e-01 5.440982e-03 7.324900e-02 8.840967e-03 -5.561157e-03 9.999455e-01 9.196114e+00
9.999214e-01 -1.120995e-02 -5.609083e-03 -1.271351e-01 1.124932e-02 9.999120e-01 7.037316e-03 7.753255e-02 5.529701e-03 -7.099861e-03 9.999595e-01 1.005592e+01
9.999376e-01 -1.070384e-02 -3.195826e-03 -1.639564e-01 1.072602e-02 9.999179e-01 7.005255e-03 9.154020e-02 3.120581e-03 -7.039096e-03 9.999704e-01 1.090905e+01
9.999374e-01 -1.036235e-02 4.221815e-03 -2.716495e-01 1.033605e-02 9.999273e-01 6.204199e-03 1.085824e-01 -4.285798e-03 -6.160174e-03 9.999719e-01 1.167858e+01
9.998615e-01 -9.399898e-03 1.373458e-02 -3.920863e-01 9.357226e-03 9.999512e-01 3.167858e-03 1.302967e-01 -1.376369e-02 -3.038901e-03 9.999006e-01 1.219323e+01
9.996963e-01 -9.209790e-03 2.285851e-02 -5.334680e-01 9.219136e-03 9.999574e-01 -3.034807e-04 1.550277e-01 -2.285474e-02 5.141242e-04 9.997387e-01 1.289422e+01
9.994375e-01 -9.970022e-03 3.202084e-02 -6.683822e-01 1.007517e-02 9.999444e-01 -3.124170e-03 1.744260e-01 -3.198791e-02 3.445028e-03 9.994823e-01 1.348526e+01
9.991675e-01 -9.188596e-03 3.974697e-02 -7.795433e-01 9.394580e-03 9.999434e-01 -4.998713e-03 1.896225e-01 -3.969879e-02 5.367958e-03 9.991972e-01 1.423265e+01
9.988658e-01 -7.938624e-03 4.694665e-02 -8.755211e-01 8.282245e-03 9.999403e-01 -7.129399e-03 2.013747e-01 -4.688725e-02 7.510137e-03 9.988720e-01 1.501967e+01
9.987162e-01 -5.459395e-03 5.035922e-02 -9.052691e-01 5.876069e-03 9.999497e-01 -8.129698e-03 2.089027e-01 -5.031230e-02 8.415176e-03 9.986981e-01 1.580147e+01
9.986411e-01 -7.028802e-03 5.163814e-02 -9.034883e-01 7.403872e-03 9.999475e-01 -7.075713e-03 2.018262e-01 -5.158570e-02 7.448421e-03 9.986408e-01 1.662203e+01
9.986504e-01 -6.256710e-03 5.155721e-02 -8.820312e-01 6.558066e-03 9.999624e-01 -5.677981e-03 1.986633e-01 -5.151974e-02 6.008434e-03 9.986539e-01 1.751564e+01
9.987310e-01 -5.713291e-03 5.003656e-02 -8.381044e-01 5.978096e-03 9.999689e-01 -5.144155e-03 1.956795e-01 -5.000562e-02 5.436751e-03 9.987341e-01 1.841840e+01
9.988884e-01 -6.815194e-03 4.664188e-02 -7.796080e-01 7.090919e-03 9.999583e-01 -5.748621e-03 1.971355e-01 -4.660076e-02 6.072965e-03 9.988951e-01 1.928262e+01
9.989456e-01 -6.812986e-03 4.540120e-02 -7.505751e-01 7.090443e-03 9.999571e-01 -5.952981e-03 1.916318e-01 -4.535869e-02 6.268619e-03 9.989511e-01 2.017160e+01
9.990554e-01 -6.916522e-03 4.289921e-02 -7.049332e-01 7.149132e-03 9.999605e-01 -5.271201e-03 1.857393e-01 -4.286106e-02 5.572915e-03 9.990655e-01 2.097699e+01
9.990981e-01 -6.948810e-03 4.189054e-02 -6.762285e-01 7.119962e-03 9.999669e-01 -3.937904e-03 1.929165e-01 -4.186179e-02 4.232611e-03 9.991145e-01 2.177851e+01
9.990833e-01 -7.850575e-03 4.208110e-02 -6.543867e-01 7.898506e-03 9.999683e-01 -9.728561e-04 1.856435e-01 -4.207212e-02 1.304342e-03 9.991137e-01 2.260771e+01
9.990830e-01 -8.611285e-03 4.194040e-02 -6.380956e-01 8.596928e-03 9.999629e-01 5.226733e-04 1.852476e-01 -4.194335e-02 -1.616354e-04 9.991200e-01 2.339698e+01
9.990866e-01 -7.770204e-03 4.201838e-02 -6.129595e-01 7.792752e-03 9.999695e-01 -3.728358e-04 1.769768e-01 -4.201420e-02 6.999340e-04 9.991168e-01 2.419901e+01
9.990590e-01 -5.445488e-03 4.302855e-02 -5.941409e-01 5.576355e-03 9.999802e-01 -2.921961e-03 1.750901e-01 -4.301178e-02 3.159154e-03 9.990696e-01 2.499958e+01
9.988048e-01 -2.409603e-03 4.881751e-02 -6.819378e-01 2.673832e-03 9.999821e-01 -5.348017e-03 1.741620e-01 -4.880375e-02 5.472155e-03 9.987934e-01 2.557891e+01
9.984735e-01 -2.418898e-04 5.523220e-02 -7.446024e-01 6.062055e-04 9.999782e-01 -6.579416e-03 1.806490e-01 -5.522940e-02 6.602855e-03 9.984519e-01 2.627597e+01
9.981749e-01 1.292943e-03 6.037556e-02 -7.856123e-01 -8.300038e-04 9.999701e-01 -7.692107e-03 1.807830e-01 -6.038370e-02 7.627957e-03 9.981461e-01 2.689580e+01
9.976149e-01 6.697706e-03 6.870053e-02 -8.732468e-01 -6.065269e-03 9.999374e-01 -9.410174e-03 1.854329e-01 -6.875926e-02 8.971042e-03 9.975929e-01 2.761870e+01
9.974158e-01 6.988849e-03 7.150430e-02 -8.861924e-01 -6.298757e-03 9.999315e-01 -9.871990e-03 1.845174e-01 -7.156840e-02 9.396091e-03 9.973915e-01 2.835732e+01
9.975243e-01 7.232569e-03 6.994979e-02 -8.460066e-01 -6.629282e-03 9.999388e-01 -8.852878e-03 1.809339e-01 -7.000954e-02 8.367244e-03 9.975112e-01 2.914083e+01
9.977574e-01 6.184310e-03 6.664821e-02 -8.119330e-01 -5.769522e-03 9.999628e-01 -6.414235e-03 1.738363e-01 -6.668539e-02 6.015322e-03 9.977559e-01 2.968880e+01
9.979166e-01 6.095964e-03 6.422876e-02 -7.603359e-01 -5.808217e-03 9.999722e-01 -4.665789e-03 1.693278e-01 -6.425542e-02 4.283013e-03 9.979243e-01 3.043661e+01
9.980120e-01 7.199442e-03 6.261131e-02 -7.264798e-01 -6.930255e-03 9.999658e-01 -4.515445e-03 1.654180e-01 -6.264168e-02 4.072556e-03 9.980278e-01 3.112659e+01
9.980531e-01 1.041864e-02 6.149388e-02 -6.937547e-01 -1.011315e-02 9.999349e-01 -5.277046e-03 1.659779e-01 -6.154486e-02 4.644875e-03 9.980935e-01 3.181896e+01
9.979990e-01 1.128809e-02 6.221492e-02 -7.011126e-01 -1.089638e-02 9.999186e-01 -6.631869e-03 1.859903e-01 -6.228472e-02 5.940681e-03 9.980407e-01 3.201199e+01
9.979392e-01 1.030089e-02 6.333347e-02 -7.044261e-01 -9.957762e-03 9.999340e-01 -5.731108e-03 1.918501e-01 -6.338833e-02 5.088638e-03 9.979759e-01 3.227730e+01
9.978182e-01 1.026418e-02 6.521897e-02 -7.395324e-01 -1.009940e-02 9.999449e-01 -2.855779e-03 1.782839e-01 -6.524470e-02 2.190876e-03 9.978669e-01 3.240816e+01
9.976327e-01 1.344533e-02 6.744114e-02 -7.472217e-01 -1.333606e-02 9.999089e-01 -2.070283e-03 1.726871e-01 -6.746284e-02 1.165982e-03 9.977211e-01 3.256526e+01
9.971462e-01 1.571218e-02 7.384086e-02 -8.814364e-01 -1.542573e-02 9.998711e-01 -4.448009e-03 1.789994e-01 -7.390124e-02 3.296266e-03 9.972601e-01 3.287716e+01
9.966561e-01 1.825846e-02 7.964432e-02 -1.008935e+00 -1.772206e-02 9.998153e-01 -7.436628e-03 1.878144e-01 -7.976539e-02 6.000299e-03 9.967956e-01 3.323695e+01
9.962085e-01 1.893260e-02 8.491223e-02 -1.074310e+00 -1.817208e-02 9.997876e-01 -9.720561e-03 1.996673e-01 -8.507823e-02 8.140674e-03 9.963410e-01 3.355727e+01
9.957744e-01 2.106627e-02 8.938396e-02 -1.060432e+00 -2.034887e-02 9.997531e-01 -8.929896e-03 2.040611e-01 -8.955001e-02 7.073300e-03 9.959572e-01 3.417466e+01
9.954097e-01 2.454790e-02 9.250338e-02 -1.010313e+00 -2.409848e-02 9.996917e-01 -5.972438e-03 1.957950e-01 -9.262148e-02 3.715832e-03 9.956945e-01 3.482493e+01
9.948739e-01 2.823313e-02 9.710200e-02 -1.008775e+00 -2.810018e-02 9.996014e-01 -2.736685e-03 1.914525e-01 -9.714056e-02 -5.926820e-06 9.952707e-01 3.527566e+01
9.942769e-01 3.311030e-02 1.015731e-01 -9.484136e-01 -3.310920e-02 9.994503e-01 -1.697139e-03 1.925520e-01 -1.015734e-01 -1.675577e-03 9.948266e-01 3.589753e+01
9.937376e-01 3.622145e-02 1.057052e-01 -8.898181e-01 -3.627015e-02 9.993410e-01 -1.462328e-03 1.926438e-01 -1.056885e-01 -2.380774e-03 9.943964e-01 3.641200e+01
9.927885e-01 4.147365e-02 1.124765e-01 -8.674461e-01 -4.177897e-02 9.991268e-01 3.577831e-04 1.973181e-01 -1.123634e-01 -5.054355e-03 9.936543e-01 3.692803e+01
9.917203e-01 4.607027e-02 1.198686e-01 -8.531583e-01 -4.661205e-02 9.989116e-01 1.718415e-03 1.986296e-01 -1.196589e-01 -7.291507e-03 9.927883e-01 3.740549e+01
9.901382e-01 4.930187e-02 1.311319e-01 -9.392627e-01 -4.989481e-02 9.987537e-01 1.237921e-03 2.083115e-01 -1.309075e-01 -7.768516e-03 9.913641e-01 3.782420e+01
9.888842e-01 5.264025e-02 1.390577e-01 -9.254562e-01 -5.335579e-02 9.985746e-01 1.420191e-03 2.041337e-01 -1.387847e-01 -8.823935e-03 9.902833e-01 3.805269e+01
9.864758e-01 5.769109e-02 1.534186e-01 -1.181762e+00 -5.851523e-02 9.982861e-01 8.580099e-04 2.259931e-01 -1.531062e-01 -9.823733e-03 9.881609e-01 3.846018e+01
9.852746e-01 6.415942e-02 1.584850e-01 -1.153519e+00 -6.471840e-02 9.979022e-01 -1.636971e-03 2.271670e-01 -1.582575e-01 -8.644024e-03 9.873601e-01 3.857545e+01
9.835633e-01 6.603590e-02 1.680551e-01 -1.193311e+00 -6.616245e-02 9.977971e-01 -4.852404e-03 2.394101e-01 -1.680053e-01 -6.346292e-03 9.857656e-01 3.885743e+01
9.828029e-01 6.697647e-02 1.720835e-01 -1.085039e+00 -6.707510e-02 9.977341e-01 -5.248063e-03 2.399654e-01 -1.720450e-01 -6.384704e-03 9.850684e-01 3.894994e+01
9.819165e-01 6.562794e-02 1.775751e-01 -1.017937e+00 -6.593636e-02 9.978151e-01 -4.170308e-03 2.444246e-01 -1.774608e-01 -7.613759e-03 9.840984e-01 3.904940e+01
9.807844e-01 6.608372e-02 1.835616e-01 -9.778879e-01 -6.642785e-02 9.977821e-01 -4.280609e-03 2.505847e-01 -1.834374e-01 -7.995249e-03 9.829989e-01 3.919145e+01
9.793009e-01 6.775013e-02 1.907348e-01 -9.651360e-01 -6.814487e-02 9.976653e-01 -4.496365e-03 2.581162e-01 -1.905941e-01 -8.594303e-03 9.816313e-01 3.934741e+01
9.778225e-01 7.033356e-02 1.972722e-01 -9.409346e-01 -7.060773e-02 9.974881e-01 -5.652385e-03 2.598490e-01 -1.971743e-01 -8.401914e-03 9.803324e-01 3.946845e+01
9.758775e-01 7.248826e-02 2.059333e-01 -9.313637e-01 -7.286929e-02 9.973249e-01 -5.743806e-03 2.595309e-01 -2.057988e-01 -9.400963e-03 9.785492e-01 3.967480e+01
9.747077e-01 6.970978e-02 2.123331e-01 -8.496928e-01 -7.022157e-02 9.975182e-01 -5.139413e-03 2.583341e-01 -2.121644e-01 -9.900938e-03 9.771838e-01 3.978890e+01
9.730436e-01 6.832410e-02 2.202680e-01 -7.926785e-01 -6.827942e-02 9.976355e-01 -7.825447e-03 2.652868e-01 -2.202819e-01 -7.425269e-03 9.754080e-01 3.993279e+01
9.716906e-01 6.428789e-02 2.273421e-01 -6.969141e-01 -6.262326e-02 9.979314e-01 -1.453522e-02 3.022739e-01 -2.278062e-01 -1.131607e-04 9.737065e-01 4.005596e+01
9.694319e-01 6.209338e-02 2.373737e-01 -6.035973e-01 -5.927657e-02 9.980609e-01 -1.899274e-02 3.199567e-01 -2.380927e-01 4.341473e-03 9.712327e-01 4.023583e+01
9.674544e-01 6.253779e-02 2.451960e-01 -4.335378e-01 -5.897057e-02 9.980201e-01 -2.187084e-02 3.250406e-01 -2.460783e-01 6.699691e-03 9.692268e-01 4.029663e+01
9.648802e-01 6.316573e-02 2.549831e-01 -2.644447e-01 -5.916920e-02 9.979755e-01 -2.332183e-02 3.223496e-01 -2.559400e-01 7.415627e-03 9.666642e-01 4.040754e+01
9.619766e-01 6.289240e-02 2.657921e-01 -7.749912e-02 -5.861129e-02 9.979919e-01 -2.401657e-02 3.120869e-01 -2.667688e-01 7.524962e-03 9.637312e-01 4.048650e+01
9.604115e-01 6.080258e-02 2.718691e-01 2.873504e-01 -5.603543e-02 9.981089e-01 -2.527143e-02 3.060311e-01 -2.728915e-01 9.036671e-03 9.620024e-01 4.046257e+01
9.583452e-01 5.924213e-02 2.794011e-01 6.487023e-01 -5.431248e-02 9.982019e-01 -2.535965e-02 2.947168e-01 -2.804010e-01 9.128334e-03 9.598395e-01 4.043884e+01
9.567230e-01 5.905513e-02 2.849449e-01 1.102398e+00 -5.389966e-02 9.982102e-01 -2.590811e-02 2.730669e-01 -2.859649e-01 9.428455e-03 9.581937e-01 4.032376e+01
9.530920e-01 6.085808e-02 2.964994e-01 1.353166e+00 -5.519742e-02 9.980985e-01 -2.743393e-02 2.610749e-01 -2.976052e-01 9.781062e-03 9.546390e-01 4.032375e+01
9.490110e-01 6.325175e-02 3.088321e-01 1.713245e+00 -5.690944e-02 9.979431e-01 -2.951105e-02 2.446737e-01 -3.100635e-01 1.043085e-02 9.506586e-01 4.031258e+01
9.446830e-01 6.455061e-02 3.215700e-01 2.113453e+00 -5.797970e-02 9.978675e-01 -2.997954e-02 2.275555e-01 -3.228194e-01 9.676629e-03 9.464111e-01 4.026528e+01
9.413286e-01 6.818847e-02 3.305312e-01 2.691177e+00 -6.175450e-02 9.976422e-01 -2.994098e-02 1.976204e-01 -3.317934e-01 7.772514e-03 9.433200e-01 4.010733e+01
9.392276e-01 7.046576e-02 3.359854e-01 3.390610e+00 -6.388622e-02 9.974876e-01 -3.061151e-02 1.771141e-01 -3.372983e-01 7.286340e-03 9.413697e-01 3.988223e+01
9.365404e-01 7.138895e-02 3.432139e-01 4.119473e+00 -6.458957e-02 9.974235e-01 -3.121751e-02 1.532684e-01 -3.445581e-01 7.068421e-03 9.387383e-01 3.964744e+01
9.332643e-01 6.953853e-02 3.523948e-01 4.826925e+00 -6.189756e-02 9.975395e-01 -3.291945e-02 1.385670e-01 -3.538169e-01 8.910172e-03 9.352723e-01 3.944331e+01
9.240569e-01 6.580014e-02 3.765491e-01 5.145937e+00 -5.673743e-02 9.977712e-01 -3.512123e-02 1.342236e-01 -3.780209e-01 1.108958e-02 9.257306e-01 3.935745e+01
9.122236e-01 6.493248e-02 4.045143e-01 5.396666e+00 -5.396062e-02 9.978014e-01 -3.847964e-02 1.324208e-01 -4.061235e-01 1.327420e-02 9.137218e-01 3.931477e+01
8.970722e-01 6.638317e-02 4.368692e-01 5.577452e+00 -5.261141e-02 9.976644e-01 -4.356426e-02 1.342448e-01 -4.387408e-01 1.609598e-02 8.984695e-01 3.940754e+01
8.810623e-01 6.846022e-02 4.680198e-01 5.811869e+00 -5.191253e-02 9.974886e-01 -4.818199e-02 1.399850e-01 -4.701430e-01 1.815525e-02 8.824036e-01 3.942067e+01
8.645003e-01 7.037123e-02 4.976818e-01 6.100588e+00 -5.187196e-02 9.973547e-01 -5.091959e-02 1.380436e-01 -4.999486e-01 1.820427e-02 8.658637e-01 3.934465e+01
8.473892e-01 7.453072e-02 5.257154e-01 6.428587e+00 -5.468314e-02 9.970847e-01 -5.321424e-02 1.397406e-01 -5.281489e-01 1.634541e-02 8.489945e-01 3.921980e+01
8.334655e-01 7.977482e-02 5.467827e-01 6.881699e+00 -5.928029e-02 9.967218e-01 -5.505885e-02 1.461366e-01 -5.493826e-01 1.347621e-02 8.354623e-01 3.888902e+01
8.098097e-01 8.149230e-02 5.810053e-01 7.056534e+00 -5.884480e-02 9.965944e-01 -5.776485e-02 1.551354e-01 -5.837341e-01 1.258940e-02 8.118473e-01 3.876488e+01
7.832206e-01 7.983940e-02 6.165964e-01 7.280905e+00 -5.624664e-02 9.967530e-01 -5.761733e-02 1.365977e-01 -6.191944e-01 1.044560e-02 7.851682e-01 3.870668e+01
7.519721e-01 7.771213e-02 6.545982e-01 7.544493e+00 -5.196405e-02 9.969248e-01 -5.865833e-02 1.215272e-01 -6.571437e-01 1.009385e-02 7.536978e-01 3.884842e+01
7.428315e-01 7.543224e-02 6.652153e-01 9.169277e+00 -4.904766e-02 9.970938e-01 -5.829522e-02 6.254094e-02 -6.676794e-01 1.067628e-02 7.443724e-01 3.801046e+01
7.199812e-01 7.274097e-02 6.901709e-01 1.056797e+01 -4.356012e-02 9.972675e-01 -5.966600e-02 -8.199907e-03 -6.926252e-01 1.289446e-02 7.211824e-01 3.791231e+01
6.883590e-01 7.037152e-02 7.219486e-01 1.158369e+01 -3.879028e-02 9.974300e-01 -6.023840e-02 -5.960324e-02 -7.243323e-01 1.346106e-02 6.893196e-01 3.806470e+01
6.595008e-01 7.230861e-02 7.482179e-01 1.365168e+01 -3.716085e-02 9.972818e-01 -6.362379e-02 -1.014910e-01 -7.507848e-01 1.415553e-02 6.603953e-01 3.845408e+01
6.184385e-01 7.268206e-02 7.824649e-01 1.414870e+01 -3.755935e-02 9.973095e-01 -6.295281e-02 -1.184603e-01 -7.849352e-01 9.543569e-03 6.195045e-01 3.873294e+01
5.908566e-01 7.664435e-02 8.031277e-01 1.524292e+01 -4.345967e-02 9.970555e-01 -6.317831e-02 -1.480317e-01 -8.056052e-01 2.425650e-03 5.924478e-01 3.832578e+01
5.530998e-01 7.542934e-02 8.296934e-01 1.639531e+01 -3.855119e-02 9.971434e-01 -6.495317e-02 -2.068407e-01 -8.322226e-01 3.939917e-03 5.544276e-01 3.864938e+01
5.110794e-01 7.451521e-02 8.562975e-01 1.699272e+01 -3.507032e-02 9.972133e-01 -6.584609e-02 -2.455671e-01 -8.588178e-01 3.621956e-03 5.122684e-01 3.886702e+01
4.731874e-01 6.457940e-02 8.785916e-01 1.765912e+01 -1.928118e-02 9.978298e-01 -6.295944e-02 -3.007593e-01 -8.807508e-01 1.285134e-02 4.734057e-01 3.912408e+01
4.360421e-01 6.165301e-02 8.978119e-01 1.828979e+01 -9.044193e-03 9.979004e-01 -6.413361e-02 -3.398833e-01 -8.998809e-01 1.984497e-02 4.356841e-01 3.934554e+01
4.007260e-01 6.365287e-02 9.139842e-01 1.887906e+01 -4.916630e-03 9.977188e-01 -6.732878e-02 -3.462564e-01 -9.161848e-01 2.248667e-02 4.001247e-01 3.957546e+01
3.663458e-01 6.328691e-02 9.283240e-01 1.953819e+01 -2.487213e-04 9.976909e-01 -6.791772e-02 -3.852259e-01 -9.304788e-01 2.465048e-02 3.655156e-01 3.973162e+01
3.355585e-01 6.277536e-02 9.399254e-01 2.000536e+01 8.105788e-03 9.975478e-01 -6.951763e-02 -4.187980e-01 -9.419845e-01 3.094606e-02 3.342267e-01 3.988315e+01
3.171505e-01 5.797845e-02 9.466013e-01 2.042643e+01 1.326986e-02 9.977605e-01 -6.555786e-02 -4.663622e-01 -9.482824e-01 3.335297e-02 3.156708e-01 3.984492e+01
3.073217e-01 5.305137e-02 9.501258e-01 2.084842e+01 2.068976e-02 9.978363e-01 -6.240752e-02 -4.989791e-01 -9.513807e-01 3.883707e-02 3.055592e-01 3.976927e+01
2.995923e-01 5.208828e-02 9.526443e-01 2.125337e+01 2.602587e-02 9.976907e-01 -6.273605e-02 -5.245956e-01 -9.537123e-01 4.358863e-02 2.975448e-01 3.970163e+01
2.910594e-01 5.054930e-02 9.553687e-01 2.149934e+01 2.713068e-02 9.977654e-01 -6.105810e-02 -5.527193e-01 -9.563203e-01 4.369134e-02 2.890376e-01 3.969094e+01
2.836162e-01 4.967540e-02 9.576504e-01 2.202946e+01 2.935308e-02 9.977397e-01 -6.044808e-02 -5.831860e-01 -9.584885e-01 4.525404e-02 2.815170e-01 3.975592e+01
2.781634e-01 5.035546e-02 9.592131e-01 2.239462e+01 3.437098e-02 9.974635e-01 -6.233078e-02 -6.022276e-01 -9.599187e-01 5.030724e-02 2.757270e-01 3.976212e+01
2.758870e-01 4.967723e-02 9.599056e-01 2.252149e+01 4.033235e-02 9.971856e-01 -6.319851e-02 -6.086738e-01 -9.603436e-01 5.615090e-02 2.731070e-01 3.969325e+01
2.738815e-01 4.820979e-02 9.605544e-01 2.261482e+01 4.179824e-02 9.972026e-01 -6.196702e-02 -6.086985e-01 -9.608548e-01 5.712110e-02 2.711003e-01 3.966508e+01
2.725008e-01 4.547203e-02 9.610804e-01 2.267200e+01 4.022636e-02 9.974708e-01 -5.859940e-02 -6.060566e-01 -9.613143e-01 5.462915e-02 2.699825e-01 3.963856e+01
2.714615e-01 3.850814e-02 9.616786e-01 2.275366e+01 4.189955e-02 9.977791e-01 -5.178106e-02 -5.942476e-01 -9.615368e-01 5.435047e-02 2.692452e-01 3.960269e+01
2.707834e-01 3.353099e-02 9.620562e-01 2.276978e+01 4.302849e-02 9.979727e-01 -4.689374e-02 -5.775090e-01 -9.616781e-01 5.409387e-02 2.687917e-01 3.956604e+01
2.711034e-01 3.014715e-02 9.620780e-01 2.287647e+01 4.717624e-02 9.978920e-01 -4.456316e-02 -5.615751e-01 -9.613935e-01 5.746844e-02 2.691097e-01 3.952364e+01
2.716738e-01 3.033315e-02 9.619113e-01 2.300362e+01 5.011468e-02 9.977012e-01 -4.561571e-02 -5.711970e-01 -9.610837e-01 6.059847e-02 2.695292e-01 3.951048e+01
2.716143e-01 3.134638e-02 9.618956e-01 2.366045e+01 5.295266e-02 9.974687e-01 -4.745809e-02 -6.050081e-01 -9.609483e-01 6.382522e-02 2.692669e-01 3.969986e+01
2.717001e-01 3.723938e-02 9.616612e-01 2.437919e+01 5.478997e-02 9.970318e-01 -5.408899e-02 -6.397289e-01 -9.608211e-01 6.738538e-02 2.688533e-01 3.993179e+01
2.733636e-01 3.627720e-02 9.612264e-01 2.438870e+01 5.866206e-02 9.967999e-01 -5.430270e-02 -6.368517e-01 -9.601203e-01 7.123191e-02 2.703608e-01 3.993789e+01
2.728958e-01 3.179598e-02 9.615180e-01 2.448754e+01 5.872321e-02 9.970395e-01 -4.963731e-02 -6.346165e-01 -9.602497e-01 7.000924e-02 2.702207e-01 4.000022e+01
2.757137e-01 3.064875e-02 9.607511e-01 2.456842e+01 6.351021e-02 9.967268e-01 -5.002240e-02 -5.536569e-01 -9.591395e-01 7.480936e-02 2.728647e-01 4.004963e+01
2.817566e-01 2.672947e-02 9.591135e-01 2.477273e+01 5.955945e-02 9.971969e-01 -4.528746e-02 -5.867605e-01 -9.576356e-01 6.988432e-02 2.793748e-01 3.999357e+01
2.856870e-01 2.872357e-02 9.578924e-01 2.483709e+01 6.764523e-02 9.964530e-01 -5.005473e-02 -5.943621e-01 -9.559326e-01 7.909684e-02 2.827306e-01 3.996371e+01
2.882385e-01 2.672534e-02 9.571857e-01 2.491464e+01 6.985776e-02 9.963599e-01 -4.885548e-02 -6.688942e-01 -9.550071e-01 8.094888e-02 2.853224e-01 3.995893e+01
2.918493e-01 3.520996e-02 9.558160e-01 2.507918e+01 6.606121e-02 9.961937e-01 -5.686854e-02 -5.805925e-01 -9.541802e-01 7.973940e-02 2.884125e-01 4.000185e+01
2.983051e-01 3.359287e-02 9.538792e-01 2.526804e+01 6.198541e-02 9.965889e-01 -5.448158e-02 -5.704394e-01 -9.524558e-01 7.537872e-02 2.952053e-01 3.999267e+01
3.049684e-01 2.935364e-02 9.519100e-01 2.540275e+01 6.660534e-02 9.964201e-01 -5.206489e-02 -5.665570e-01 -9.500306e-01 7.928044e-02 3.019215e-01 3.997689e+01
3.107951e-01 2.662937e-02 9.501038e-01 2.543723e+01 6.847761e-02 9.963825e-01 -5.032665e-02 -6.158892e-01 -9.480069e-01 8.070211e-02 3.078473e-01 3.996960e+01
3.148059e-01 3.462086e-02 9.485245e-01 2.566492e+01 6.718918e-02 9.960147e-01 -5.865366e-02 -5.767280e-01 -9.467751e-01 8.219510e-02 3.112251e-01 4.006032e+01
3.211488e-01 3.569404e-02 9.463558e-01 2.584390e+01 6.308303e-02 9.962637e-01 -5.898385e-02 -5.883861e-01 -9.449254e-01 7.864159e-02 3.176972e-01 4.012928e+01
3.261092e-01 3.547512e-02 9.446663e-01 2.628006e+01 6.417556e-02 9.961595e-01 -5.956297e-02 -5.895966e-01 -9.431512e-01 8.004852e-02 3.225802e-01 4.023866e+01
3.318661e-01 3.137543e-02 9.428046e-01 2.637351e+01 6.515148e-02 9.962978e-01 -5.608886e-02 -6.111940e-01 -9.410740e-01 8.003910e-02 3.285934e-01 4.022374e+01
3.427093e-01 2.209203e-02 9.391817e-01 2.657827e+01 7.392449e-02 9.959893e-01 -5.040349e-02 -6.906886e-01 -9.365284e-01 8.670227e-02 3.397017e-01 4.016748e+01
3.471590e-01 2.104348e-02 9.375702e-01 2.733052e+01 7.853071e-02 9.955845e-01 -5.142357e-02 -7.134376e-01 -9.345125e-01 9.148020e-02 3.439736e-01 4.041365e+01
3.488141e-01 1.955828e-02 9.369879e-01 2.746958e+01 7.907338e-02 9.956031e-01 -5.021859e-02 -7.349376e-01 -9.338502e-01 9.160775e-02 3.457339e-01 4.046085e+01
3.534622e-01 1.421838e-02 9.353408e-01 2.792391e+01 8.210795e-02 9.955538e-01 -4.616203e-02 -7.816136e-01 -9.318384e-01 9.311545e-02 3.507232e-01 4.060665e+01
3.569859e-01 1.826419e-02 9.339313e-01 2.852421e+01 8.445300e-02 9.950832e-01 -5.174142e-02 -7.420922e-01 -9.302843e-01 9.734426e-02 3.536882e-01 4.083662e+01
3.600348e-01 1.901943e-02 9.327450e-01 2.916910e+01 8.271236e-02 9.952044e-01 -5.221959e-02 -7.701873e-01 -9.292651e-01 9.595041e-02 3.567351e-01 4.107079e+01
3.627993e-01 2.032773e-02 9.316456e-01 2.972870e+01 8.076891e-02 9.953137e-01 -5.316977e-02 -8.049470e-01 -9.283604e-01 9.453796e-02 3.594573e-01 4.129070e+01
3.639377e-01 2.051866e-02 9.311973e-01 3.042386e+01 8.178474e-02 9.951919e-01 -5.389252e-02 -8.300042e-01 -9.278257e-01 9.577125e-02 3.605098e-01 4.159349e+01
3.630705e-01 2.977113e-02 9.312859e-01 3.078367e+01 7.568175e-02 9.952447e-01 -6.132098e-02 -7.672158e-01 -9.286830e-01 9.274519e-02 3.590909e-01 4.186366e+01
3.691317e-01 2.144186e-02 9.291298e-01 3.153716e+01 7.990996e-02 9.952992e-01 -5.471612e-02 -8.819131e-01 -9.259354e-01 9.444417e-02 3.656831e-01 4.207154e+01
3.737500e-01 2.304386e-02 9.272432e-01 3.220965e+01 7.700582e-02 9.954692e-01 -5.577864e-02 -9.048676e-01 -9.243274e-01 9.225038e-02 3.702821e-01 4.230316e+01
3.799879e-01 2.313519e-02 9.247021e-01 3.278764e+01 7.780461e-02 9.953450e-01 -5.687486e-02 -9.357935e-01 -9.217134e-01 9.355784e-02 3.764190e-01 4.244654e+01
3.841064e-01 2.933154e-02 9.228229e-01 3.345697e+01 7.524606e-02 9.951760e-01 -6.295092e-02 -9.413763e-01 -9.202176e-01 9.361864e-02 3.800464e-01 4.272626e+01
3.936878e-01 2.811203e-02 9.188143e-01 3.380659e+01 7.751233e-02 9.949573e-01 -6.365370e-02 -9.749864e-01 -9.159704e-01 9.627912e-02 3.895235e-01 4.277659e+01
4.017484e-01 3.215457e-02 9.151855e-01 3.429221e+01 7.191781e-02 9.951888e-01 -6.653595e-02 -9.832398e-01 -9.129218e-01 9.254884e-02 3.975030e-01 4.291871e+01
4.111846e-01 3.442845e-02 9.109017e-01 3.466886e+01 6.805498e-02 9.953382e-01 -6.834011e-02 -9.659370e-01 -9.090081e-01 9.009179e-02 4.069247e-01 4.299613e+01
4.204865e-01 3.995370e-02 9.064187e-01 3.497280e+01 6.496589e-02 9.951398e-01 -7.400201e-02 -9.324631e-01 -9.049699e-01 9.000314e-02 4.158471e-01 4.307018e+01
4.263220e-01 3.926243e-02 9.037190e-01 3.527318e+01 6.561306e-02 9.950837e-01 -7.418422e-02 -9.576209e-01 -9.021887e-01 9.092213e-02 4.216500e-01 4.320416e+01
4.307068e-01 4.258190e-02 9.014868e-01 3.550595e+01 6.048135e-02 9.952788e-01 -7.590859e-02 -9.560858e-01 -9.004630e-01 8.721749e-02 4.260979e-01 4.338279e+01
4.367715e-01 4.221556e-02 8.985814e-01 3.571248e+01 5.869398e-02 9.954324e-01 -7.529489e-02 -9.524468e-01 -8.976557e-01 8.562798e-02 4.322987e-01 4.349932e+01
4.425098e-01 4.299391e-02 8.957326e-01 3.599173e+01 5.878537e-02 9.953109e-01 -7.681469e-02 -9.592800e-01 -8.948349e-01 8.664721e-02 4.379073e-01 4.366754e+01
4.514753e-01 4.621597e-02 8.910859e-01 3.649571e+01 5.678558e-02 9.951451e-01 -8.038381e-02 -9.944463e-01 -8.904748e-01 8.689214e-02 4.466590e-01 4.388740e+01
4.559135e-01 5.728218e-02 8.881789e-01 3.723886e+01 5.288087e-02 9.944203e-01 -9.127855e-02 -1.033973e+00 -8.884518e-01 8.858280e-02 4.503406e-01 4.429337e+01
4.651185e-01 6.196481e-02 8.830772e-01 3.783998e+01 5.331106e-02 9.937760e-01 -9.781152e-02 -1.072183e+00 -8.836418e-01 9.257172e-02 4.589202e-01 4.460123e+01
4.701882e-01 6.894713e-02 8.798689e-01 3.863459e+01 4.648835e-02 9.936250e-01 -1.027038e-01 -1.130018e+00 -8.813409e-01 8.919375e-02 4.639855e-01 4.504918e+01
4.774755e-01 6.909784e-02 8.759239e-01 3.936698e+01 4.313409e-02 9.938576e-01 -1.019140e-01 -1.196938e+00 -8.775856e-01 8.644361e-02 4.715622e-01 4.544653e+01
4.849806e-01 6.821604e-02 8.718604e-01 4.007573e+01 4.251941e-02 9.939348e-01 -1.014192e-01 -1.262735e+00 -8.734908e-01 8.625734e-02 4.791386e-01 4.582719e+01
4.927098e-01 6.693023e-02 8.676159e-01 4.070869e+01 4.236146e-02 9.940108e-01 -1.007373e-01 -1.303845e+00 -8.691620e-01 8.638772e-02 4.869236e-01 4.617908e+01
5.003368e-01 6.636205e-02 8.632840e-01 4.136864e+01 3.687207e-02 9.945208e-01 -9.782052e-02 -1.350806e+00 -8.650454e-01 8.077427e-02 4.951484e-01 4.653035e+01
5.092795e-01 6.012967e-02 8.584980e-01 4.187421e+01 3.636895e-02 9.951612e-01 -9.127649e-02 -1.396769e+00 -8.598323e-01 7.770792e-02 5.046284e-01 4.681496e+01
5.173711e-01 5.800236e-02 8.537932e-01 4.223705e+01 3.785390e-02 9.951727e-01 -9.054521e-02 -1.416606e+00 -8.549235e-01 7.916488e-02 5.126780e-01 4.704457e+01
5.257726e-01 6.183864e-02 8.483744e-01 4.251472e+01 3.875498e-02 9.945769e-01 -9.651351e-02 -1.412543e+00 -8.497419e-01 8.362290e-02 5.205247e-01 4.720792e+01
5.306076e-01 6.854700e-02 8.448414e-01 4.298591e+01 3.959899e-02 9.936317e-01 -1.054896e-01 -1.438597e+00 -8.466921e-01 8.942845e-02 5.245141e-01 4.755659e+01
5.367650e-01 7.404944e-02 8.404761e-01 4.360675e+01 3.790436e-02 9.930192e-01 -1.116965e-01 -1.478160e+00 -8.428800e-01 9.181249e-02 5.302112e-01 4.792749e+01
5.435881e-01 7.846363e-02 8.356767e-01 4.410959e+01 3.574863e-02 9.925534e-01 -1.164468e-01 -1.526735e+00 -8.385905e-01 9.317341e-02 5.367352e-01 4.823601e+01
5.512688e-01 7.982508e-02 8.305003e-01 4.466280e+01 3.280293e-02 9.925692e-01 -1.171765e-01 -1.580392e+00 -8.336827e-01 9.183861e-02 5.445539e-01 4.852206e+01
5.608484e-01 7.806429e-02 8.242300e-01 4.516116e+01 3.705296e-02 9.921806e-01 -1.191839e-01 -1.602264e+00 -8.270890e-01 9.738428e-02 5.535703e-01 4.875085e+01
5.714000e-01 6.904914e-02 8.177617e-01 4.570462e+01 4.247649e-02 9.926302e-01 -1.134943e-01 -1.650079e+00 -8.195717e-01 9.958632e-02 5.642560e-01 4.899407e+01
5.784504e-01 6.611089e-02 8.130341e-01 4.627809e+01 4.048296e-02 9.931555e-01 -1.095597e-01 -1.700340e+00 -8.147123e-01 9.628888e-02 5.718148e-01 4.932801e+01
5.866131e-01 6.216715e-02 8.074778e-01 4.683559e+01 4.177298e-02 9.933996e-01 -1.068282e-01 -1.742250e+00 -8.087893e-01 9.639757e-02 5.801443e-01 4.963530e+01
5.901515e-01 6.400499e-02 8.047513e-01 4.700164e+01 4.084232e-02 9.932084e-01 -1.089448e-01 -1.746912e+00 -8.062587e-01 9.716184e-02 5.835294e-01 4.987431e+01
5.946931e-01 6.838322e-02 8.010393e-01 4.728989e+01 3.868437e-02 9.927878e-01 -1.134718e-01 -1.754337e+00 -8.030216e-01 9.846859e-02 5.877587e-01 5.006484e+01
5.985565e-01 7.571214e-02 7.974947e-01 4.769161e+01 3.456520e-02 9.921556e-01 -1.201355e-01 -1.766485e+00 -8.003346e-01 9.947346e-02 5.912442e-01 5.033073e+01
6.044419e-01 8.148552e-02 7.924709e-01 4.804574e+01 3.421559e-02 9.911819e-01 -1.280152e-01 -1.765713e+00 -7.959141e-01 1.044926e-01 5.963237e-01 5.050875e+01
6.102370e-01 8.730865e-02 7.873931e-01 4.847580e+01 3.544974e-02 9.899036e-01 -1.372375e-01 -1.773770e+00 -7.914253e-01 1.116603e-01 6.009808e-01 5.077482e+01
6.162123e-01 8.921163e-02 7.825111e-01 4.894569e+01 3.823778e-02 9.890033e-01 -1.428647e-01 -1.796455e+00 -7.866513e-01 1.179565e-01 6.060247e-01 5.105252e+01
6.213775e-01 9.021116e-02 7.783007e-01 4.948003e+01 3.851711e-02 9.886315e-01 -1.453413e-01 -1.831328e+00 -7.825640e-01 1.202897e-01 6.108387e-01 5.140273e+01
6.271755e-01 8.693472e-02 7.740112e-01 4.989660e+01 4.163526e-02 9.885886e-01 -1.447722e-01 -1.855953e+00 -7.777644e-01 1.230237e-01 6.163990e-01 5.163791e+01
6.309948e-01 8.507571e-02 7.711081e-01 5.027473e+01 4.364961e-02 9.885008e-01 -1.447788e-01 -1.881943e+00 -7.745581e-01 1.250132e-01 6.200253e-01 5.188506e+01
6.317526e-01 8.689398e-02 7.702844e-01 5.048827e+01 4.304032e-02 9.882324e-01 -1.467799e-01 -1.877967e+00 -7.739742e-01 1.258819e-01 6.205785e-01 5.200285e+01
6.323481e-01 8.460254e-02 7.700509e-01 5.075063e+01 4.504389e-02 9.883217e-01 -1.455721e-01 -1.911826e+00 -7.733738e-01 1.267383e-01 6.211525e-01 5.216136e+01
6.317114e-01 8.644047e-02 7.703693e-01 5.087936e+01 4.421167e-02 9.881288e-01 -1.471286e-01 -1.922360e+00 -7.739419e-01 1.270021e-01 6.203905e-01 5.224160e+01
6.330699e-01 8.883776e-02 7.689800e-01 5.135050e+01 4.381830e-02 9.876875e-01 -1.501781e-01 -1.996303e+00 -7.728534e-01 1.287687e-01 6.213825e-01 5.256440e+01
6.314552e-01 9.351478e-02 7.697528e-01 5.153927e+01 4.347298e-02 9.868703e-01 -1.555541e-01 -2.018220e+00 -7.741928e-01 1.316889e-01 6.190990e-01 5.266725e+01
6.311449e-01 9.397706e-02 7.699509e-01 5.170848e+01 4.380821e-02 9.867302e-01 -1.563468e-01 -2.044938e+00 -7.744269e-01 1.324076e-01 6.186528e-01 5.274899e+01
6.311824e-01 9.451638e-02 7.698541e-01 5.187907e+01 4.214616e-02 9.869020e-01 -1.557182e-01 -2.068370e+00 -7.744885e-01 1.307330e-01 6.189318e-01 5.289120e+01
6.319773e-01 9.641965e-02 7.689655e-01 5.215678e+01 3.911383e-02 9.869974e-01 -1.559043e-01 -2.089490e+00 -7.739992e-01 1.286052e-01 6.199887e-01 5.309223e+01
6.345446e-01 9.098399e-02 7.675123e-01 5.251699e+01 3.941254e-02 9.879457e-01 -1.496996e-01 -2.173117e+00 -7.718808e-01 1.252407e-01 6.233096e-01 5.325749e+01
6.357590e-01 8.863001e-02 7.667824e-01 5.271731e+01 4.291178e-02 9.877915e-01 -1.497550e-01 -2.189273e+00 -7.706939e-01 1.281121e-01 6.241940e-01 5.324633e+01
6.362468e-01 9.160902e-02 7.660273e-01 5.299052e+01 4.199811e-02 9.873398e-01 -1.529585e-01 -2.236229e+00 -7.703416e-01 1.294910e-01 6.243443e-01 5.346781e+01
6.373215e-01 9.100851e-02 7.652051e-01 5.321501e+01 4.574885e-02 9.867815e-01 -1.554645e-01 -2.251631e+00 -7.692389e-01 1.340881e-01 6.247336e-01 5.343774e+01
6.394216e-01 9.259210e-02 7.632605e-01 5.352005e+01 4.434361e-02 9.866284e-01 -1.568380e-01 -2.282166e+00 -7.675765e-01 1.341313e-01 6.267656e-01 5.346215e+01
6.425375e-01 9.700795e-02 7.600889e-01 5.383779e+01 4.292736e-02 9.858388e-01 -1.621082e-01 -2.285323e+00 -7.650509e-01 1.367892e-01 6.292741e-01 5.345578e+01
6.456993e-01 9.342001e-02 7.578557e-01 5.417546e+01 4.454448e-02 9.861894e-01 -1.595187e-01 -2.327605e+00 -7.622914e-01 1.367594e-01 6.326205e-01 5.343144e+01
6.517931e-01 9.013899e-02 7.530211e-01 5.464450e+01 4.829528e-02 9.859631e-01 -1.598259e-01 -2.379613e+00 -7.568575e-01 1.405408e-01 6.382906e-01 5.355463e+01
6.587887e-01 8.815181e-02 7.471457e-01 5.505900e+01 5.141634e-02 9.855141e-01 -1.616116e-01 -2.397660e+00 -7.505690e-01 1.448834e-01 6.447132e-01 5.360699e+01
6.650819e-01 8.658365e-02 7.417340e-01 5.546077e+01 5.318831e-02 9.852409e-01 -1.627003e-01 -2.436747e+00 -7.448739e-01 1.476606e-01 6.506606e-01 5.370630e+01
6.717702e-01 8.844730e-02 7.354603e-01 5.588109e+01 4.977902e-02 9.852117e-01 -1.639509e-01 -2.474802e+00 -7.390851e-01 1.467478e-01 6.574330e-01 5.386385e+01
6.788161e-01 8.830328e-02 7.289795e-01 5.626027e+01 4.847036e-02 9.851899e-01 -1.644737e-01 -2.529502e+00 -7.327068e-01 1.469813e-01 6.644827e-01 5.400558e+01
6.871697e-01 8.764831e-02 7.211904e-01 5.663584e+01 4.793406e-02 9.850626e-01 -1.653903e-01 -2.569637e+00 -7.249139e-01 1.482208e-01 6.727039e-01 5.413380e+01
6.964872e-01 8.949384e-02 7.119666e-01 5.708529e+01 4.502318e-02 9.847870e-01 -1.678315e-01 -2.620318e+00 -7.161554e-01 1.489475e-01 6.818622e-01 5.440380e+01
7.048407e-01 8.697236e-02 7.040138e-01 5.741996e+01 4.403932e-02 9.851760e-01 -1.657976e-01 -2.674677e+00 -7.079973e-01 1.478652e-01 6.905619e-01 5.454222e+01
7.156314e-01 9.035616e-02 6.926093e-01 5.786432e+01 3.847126e-02 9.849933e-01 -1.682499e-01 -2.718196e+00 -6.974179e-01 1.470505e-01 7.014160e-01 5.479942e+01
7.262633e-01 9.197900e-02 6.812353e-01 5.827869e+01 3.678338e-02 9.843882e-01 -1.721248e-01 -2.746765e+00 -6.864318e-01 1.500660e-01 7.115417e-01 5.505683e+01
7.351303e-01 9.284089e-02 6.715385e-01 5.864626e+01 3.568380e-02 9.839057e-01 -1.750889e-01 -2.820109e+00 -6.769860e-01 1.526762e-01 7.199861e-01 5.535263e+01
7.439519e-01 9.659258e-02 6.612152e-01 5.902206e+01 3.091762e-02 9.834624e-01 -1.784538e-01 -2.875786e+00 -6.675176e-01 1.532043e-01 7.286623e-01 5.565652e+01
7.538012e-01 1.037012e-01 6.488681e-01 5.950663e+01 2.218831e-02 9.828885e-01 -1.828605e-01 -2.948681e+00 -6.567279e-01 1.522377e-01 7.386016e-01 5.609675e+01
7.635739e-01 1.069003e-01 6.368102e-01 5.983781e+01 1.722046e-02 9.824791e-01 -1.855756e-01 -2.993015e+00 -6.454908e-01 1.526668e-01 7.483544e-01 5.627250e+01
7.722778e-01 1.109722e-01 6.255175e-01 6.014892e+01 1.064718e-02 9.822259e-01 -1.874006e-01 -3.024707e+00 -6.351957e-01 1.513853e-01 7.573698e-01 5.645820e+01
7.812157e-01 1.122471e-01 6.140869e-01 6.043637e+01 7.651726e-03 9.819061e-01 -1.892139e-01 -3.056249e+00 -6.242143e-01 1.525157e-01 7.662215e-01 5.662594e+01
7.885243e-01 1.165270e-01 6.038633e-01 6.069518e+01 3.315830e-04 9.818051e-01 -1.898911e-01 -3.089554e+00 -6.150035e-01 1.499340e-01 7.741386e-01 5.682239e+01
7.968048e-01 1.161181e-01 5.929745e-01 6.096455e+01 -4.350800e-03 9.824381e-01 -1.865378e-01 -3.121694e+00 -6.042212e-01 1.460543e-01 7.833167e-01 5.703659e+01
8.056407e-01 1.127246e-01 5.815809e-01 6.120442e+01 -4.578959e-03 9.828848e-01 -1.841642e-01 -3.125778e+00 -5.923868e-01 1.457071e-01 7.923682e-01 5.723495e+01
8.138224e-01 1.105920e-01 5.704932e-01 6.149131e+01 -5.995947e-03 9.832698e-01 -1.820568e-01 -3.166197e+00 -5.810827e-01 1.447412e-01 8.008701e-01 5.753016e+01
8.208478e-01 1.079970e-01 5.608436e-01 6.187164e+01 -8.434778e-03 9.841453e-01 -1.771636e-01 -3.287734e+00 -5.710847e-01 1.406937e-01 8.087444e-01 5.804913e+01
8.286722e-01 1.041001e-01 5.499687e-01 6.210796e+01 -4.559286e-03 9.837760e-01 -1.793430e-01 -3.292552e+00 -5.597157e-01 1.461091e-01 8.157024e-01 5.822461e+01
8.356133e-01 1.018920e-01 5.397856e-01 6.238144e+01 -4.151725e-03 9.837899e-01 -1.792770e-01 -3.296482e+00 -5.493025e-01 1.475652e-01 8.224909e-01 5.845268e+01
8.411983e-01 9.204737e-02 5.328345e-01 6.262400e+01 3.954375e-03 9.843310e-01 -1.762864e-01 -3.338214e+00 -5.407122e-01 1.503989e-01 8.276536e-01 5.892423e+01
8.461274e-01 9.404267e-02 5.246184e-01 6.299051e+01 2.352317e-03 9.836417e-01 -1.801208e-01 -3.375878e+00 -5.329756e-01 1.536392e-01 8.320650e-01 5.949283e+01
8.505144e-01 9.831005e-02 5.166821e-01 6.328392e+01 -5.920490e-04 9.825538e-01 -1.859777e-01 -3.422076e+00 -5.259514e-01 1.578708e-01 8.357343e-01 6.002901e+01
8.548713e-01 9.571859e-02 5.099344e-01 6.368586e+01 1.905069e-03 9.822495e-01 -1.875695e-01 -3.562326e+00 -5.188366e-01 1.613193e-01 8.395146e-01 6.067991e+01
8.592669e-01 9.663685e-02 5.023164e-01 6.417188e+01 3.756256e-03 9.807743e-01 -1.951093e-01 -3.740804e+00 -5.115137e-01 1.695378e-01 8.423839e-01 6.155344e+01
8.617010e-01 1.016767e-01 4.971250e-01 6.444522e+01 -5.491149e-04 9.799043e-01 -1.994674e-01 -3.810512e+00 -5.074161e-01 1.716082e-01 8.444403e-01 6.202273e+01
8.636751e-01 1.026955e-01 4.934765e-01 6.458520e+01 -2.443455e-03 9.798663e-01 -1.996396e-01 -3.814339e+00 -5.040431e-01 1.712180e-01 8.465370e-01 6.217526e+01
8.650998e-01 1.121358e-01 4.889048e-01 6.495183e+01 -1.262304e-02 9.792493e-01 -2.022658e-01 -3.949517e+00 -5.014409e-01 1.688087e-01 8.485639e-01 6.281801e+01
8.675469e-01 1.148624e-01 4.839101e-01 6.529488e+01 -1.452126e-02 9.784015e-01 -2.062029e-01 -4.067904e+00 -4.971433e-01 1.718637e-01 8.504772e-01 6.338626e+01
8.682863e-01 1.202080e-01 4.812785e-01 6.551139e+01 -1.904736e-02 9.775590e-01 -2.097991e-01 -4.144732e+00 -4.956976e-01 1.729986e-01 8.510907e-01 6.376265e+01
8.700386e-01 1.240775e-01 4.771138e-01 6.591882e+01 -2.233929e-02 9.767374e-01 -2.132722e-01 -4.317428e+00 -4.924772e-01 1.748967e-01 8.525710e-01 6.453008e+01
8.734058e-01 1.225279e-01 4.713271e-01 6.631476e+01 -2.199498e-02 9.767684e-01 -2.131658e-01 -4.436368e+00 -4.864962e-01 1.758134e-01 8.558102e-01 6.514635e+01
8.758412e-01 1.179265e-01 4.679696e-01 6.665671e+01 -1.885929e-02 9.773082e-01 -2.109813e-01 -4.574124e+00 -4.822308e-01 1.759605e-01 8.581908e-01 6.576092e+01
8.764451e-01 1.208821e-01 4.660810e-01 6.696861e+01 -2.348615e-02 9.775539e-01 -2.093723e-01 -4.726222e+00 -4.809287e-01 1.725569e-01 8.596114e-01 6.643201e+01
8.780542e-01 1.207455e-01 4.630781e-01 6.729111e+01 -2.472265e-02 9.777994e-01 -2.080795e-01 -4.851445e+00 -4.779222e-01 1.712565e-01 8.615460e-01 6.703416e+01
8.802279e-01 1.244403e-01 4.579448e-01 6.764644e+01 -2.993137e-02 9.776433e-01 -2.081293e-01 -5.004403e+00 -4.736063e-01 1.694943e-01 8.642735e-01 6.759621e+01
8.814409e-01 1.278170e-01 4.546700e-01 6.797492e+01 -3.380677e-02 9.772890e-01 -2.091968e-01 -5.158388e+00 -4.710829e-01 1.690236e-01 8.657436e-01 6.824194e+01
8.829288e-01 1.241841e-01 4.527859e-01 6.818206e+01 -3.156247e-02 9.779036e-01 -2.066600e-01 -5.242986e+00 -4.684448e-01 1.681750e-01 8.673388e-01 6.855141e+01
8.820894e-01 1.346751e-01 4.514211e-01 6.835688e+01 -4.368628e-02 9.775204e-01 -2.062652e-01 -5.355309e+00 -4.690521e-01 1.622235e-01 8.681438e-01 6.888702e+01
8.832164e-01 1.356591e-01 4.489159e-01 6.853054e+01 -4.598122e-02 9.776847e-01 -2.049837e-01 -5.420710e+00 -4.667061e-01 1.604033e-01 8.697449e-01 6.913731e+01
8.837053e-01 1.365425e-01 4.476842e-01 6.882613e+01 -4.711344e-02 9.775931e-01 -2.051638e-01 -5.549008e+00 -4.656666e-01 1.602124e-01 8.703371e-01 6.973688e+01
8.854027e-01 1.352714e-01 4.447064e-01 6.912852e+01 -4.596701e-02 9.775095e-01 -2.058208e-01 -5.669513e+00 -4.625464e-01 1.617924e-01 8.717076e-01 7.026608e+01
8.866925e-01 1.363809e-01 4.417881e-01 6.940852e+01 -4.671517e-02 9.770434e-01 -2.078556e-01 -5.794557e+00 -4.599937e-01 1.636658e-01 8.727081e-01 7.081825e+01
8.889124e-01 1.335626e-01 4.381733e-01 6.967905e+01 -4.501306e-02 9.773880e-01 -2.066073e-01 -5.931160e+00 -4.558603e-01 1.639322e-01 8.748243e-01 7.137652e+01
8.903968e-01 1.292320e-01 4.364547e-01 6.972282e+01 -4.110028e-02 9.777596e-01 -2.056623e-01 -5.966516e+00 -4.533259e-01 1.651827e-01 8.759055e-01 7.156643e+01
8.912280e-01 1.280301e-01 4.351104e-01 6.967216e+01 -4.050355e-02 9.779652e-01 -2.048012e-01 -5.984013e+00 -4.517435e-01 1.649010e-01 8.767756e-01 7.169854e+01
8.929024e-01 1.276555e-01 4.317748e-01 6.990901e+01 -4.112181e-02 9.780791e-01 -2.041329e-01 -6.104119e+00 -4.483686e-01 1.645154e-01 8.785785e-01 7.220809e+01
