1.000000e+00 0.000000e+00 0.000000e+00 0.000000e+00 0.000000e+00 1.000000e+00 0.000000e+00 0.000000e+00 0.000000e+00 0.000000e+00 1.000000e+00 0.000000e+00
9.999982e-01 1.227369e-03 1.494590e-03 -5.887105e-03 -1.220297e-03 9.999881e-01 -4.723307e-03 -1.872891e-02 -1.500370e-03 4.721474e-03 9.999877e-01 9.510084e-01
9.999973e-01 -3.769800e-04 2.288537e-03 -5.641242e-03 3.896456e-04 9.999846e-01 -5.536470e-03 -3.763838e-02 -2.286415e-03 5.537346e-03 9.999821e-01 1.899353e+00
9.999927e-01 -2.285085e-03 3.069378e-03 -4.046786e-03 2.291746e-03 9.999950e-01 -2.168478e-03 -5.265405e-02 -3.064407e-03 2.175497e-03 9.999930e-01 2.852443e+00
9.999812e-01 -5.827351e-03 1.883146e-03 -4.923299e-04 5.820818e-03 9.999771e-01 3.456379e-03 -6.855818e-02 -1.903245e-03 -3.445352e-03 9.999923e-01 3.800323e+00
9.999645e-01 -8.416209e-03 4.237785e-04 3.014894e-03 8.414257e-03 9.999549e-01 4.413683e-03 -8.620948e-02 -4.609058e-04 -4.409961e-03 9.999902e-01 4.732495e+00
9.999371e-01 -1.121945e-02 1.307457e-04 4.454306e-03 1.121921e-02 9.999356e-01 1.736493e-03 -1.040063e-01 -1.502198e-04 -1.734917e-03 9.999985e-01 5.664456e+00
9.999435e-01 -1.054426e-02 -1.333016e-03 2.029126e-03 1.054233e-02 9.999434e-01 -1.444779e-03 -1.205348e-01 1.348174e-03 1.430644e-03 9.999981e-01 6.584363e+00
9.999402e-01 -1.072272e-02 -2.127858e-03 -4.304469e-03 1.071827e-02 9.999404e-01 -2.090465e-03 -1.363693e-01 2.150146e-03 2.067533e-03 9.999955e-01 7.506310e+00
9.999427e-01 -1.044066e-02 -2.381468e-03 -1.089334e-02 1.043983e-02 9.999455e-01 -3.604430e-04 -1.518208e-01 2.385102e-03 3.355602e-04 9.999971e-01 8.431227e+00
9.999350e-01 -1.086183e-02 -3.476594e-03 -1.780584e-02 1.086967e-02 9.999384e-01 2.245685e-03 -1.680340e-01 3.451988e-03 -2.283328e-03 9.999914e-01 9.343376e+00
9.999313e-01 -1.089483e-02 -4.324413e-03 -2.493300e-02 1.091217e-02 9.999325e-01 4.005370e-03 -1.847908e-01 4.280483e-03 -4.052284e-03 9.999827e-01 1.025446e+01
9.999180e-01 -1.199179e-02 -4.493799e-03 -3.192113e-02 1.201564e-02 9.999136e-01 5.320159e-03 -2.020904e-01 4.429613e-03 -5.373719e-03 9.999757e-01 1.116801e+01
9.999083e-01 -1.234639e-02 -5.562258e-03 -3.831014e-02 1.237892e-02 9.999062e-01 5.852687e-03 -2.178425e-01 5.489477e-03 -5.921005e-03 9.999674e-01 1.206189e+01
9.998999e-01 -1.273115e-02 -6.166080e-03 -4.722637e-02 1.276143e-02 9.999066e-01 4.896380e-03 -2.312850e-01 6.103167e-03 -4.974579e-03 9.999690e-01 1.295312e+01
9.998828e-01 -1.372018e-02 -6.800150e-03 -5.489846e-02 1.374054e-02 9.999012e-01 2.956443e-03 -2.448038e-01 6.758916e-03 -3.049535e-03 9.999725e-01 1.384685e+01
9.998621e-01 -1.423786e-02 -8.545816e-03 -6.427309e-02 1.425365e-02 9.998968e-01 1.789913e-03 -2.573771e-01 8.519450e-03 -1.911475e-03 9.999619e-01 1.473354e+01
9.998556e-01 -1.370957e-02 -1.003629e-02 -7.624966e-02 1.372467e-02 9.999048e-01 1.437720e-03 -2.708061e-01 1.001563e-02 -1.575258e-03 9.999486e-01 1.561818e+01
9.998596e-01 -1.255291e-02 -1.109545e-02 -9.068268e-02 1.256547e-02 9.999205e-01 1.063079e-03 -2.873110e-01 1.108123e-02 -1.202349e-03 9.999379e-01 1.650498e+01
9.998589e-01 -1.093345e-02 -1.275390e-02 -1.076427e-01 1.095153e-02 9.999391e-01 1.348995e-03 -3.006828e-01 1.273837e-02 -1.488480e-03 9.999177e-01 1.737678e+01
9.998382e-01 -1.097517e-02 -1.425364e-02 -1.243346e-01 1.101060e-02 9.999365e-01 2.409628e-03 -3.157819e-01 1.422629e-02 -2.566179e-03 9.998955e-01 1.825411e+01
9.998292e-01 -1.057349e-02 -1.516170e-02 -1.412702e-01 1.063292e-02 9.999361e-01 3.844904e-03 -3.314454e-01 1.512008e-02 -4.005461e-03 9.998777e-01 1.913553e+01
9.998112e-01 -9.795013e-03 -1.678292e-02 -1.609230e-01 9.877817e-03 9.999394e-01 4.858020e-03 -3.454879e-01 1.673432e-02 -5.022882e-03 9.998474e-01 2.000409e+01
9.997809e-01 -1.033502e-02 -1.820388e-02 -1.790113e-01 1.043083e-02 9.999322e-01 5.176574e-03 -3.603618e-01 1.814914e-02 -5.365321e-03 9.998209e-01 2.086965e+01
9.997571e-01 -1.041969e-02 -1.942368e-02 -1.965139e-01 1.052064e-02 9.999316e-01 5.102522e-03 -3.723300e-01 1.936919e-02 -5.305632e-03 9.997983e-01 2.173289e+01
9.997320e-01 -1.047653e-02 -2.064346e-02 -2.180938e-01 1.059369e-02 9.999284e-01 5.573812e-03 -3.833233e-01 2.058359e-02 -5.791009e-03 9.997714e-01 2.258018e+01
9.997196e-01 -1.029082e-02 -2.132683e-02 -2.387859e-01 1.045190e-02 9.999176e-01 7.455466e-03 -3.911180e-01 2.124834e-02 -7.676282e-03 9.997448e-01 2.342872e+01
9.996920e-01 -1.102142e-02 -2.223664e-02 -2.593473e-01 1.124350e-02 9.998879e-01 9.886967e-03 -4.004835e-01 2.212518e-02 -1.013394e-02 9.997038e-01 2.426801e+01
9.996808e-01 -1.079671e-02 -2.283970e-02 -2.805715e-01 1.105996e-02 9.998735e-01 1.143148e-02 -4.102379e-01 2.271339e-02 -1.168044e-02 9.996738e-01 2.509872e+01
9.996828e-01 -1.003003e-02 -2.310340e-02 -3.025703e-01 1.028397e-02 9.998877e-01 1.089887e-02 -4.206235e-01 2.299149e-02 -1.113301e-02 9.996737e-01 2.592288e+01
9.996801e-01 -8.699721e-03 -2.374895e-02 -3.267862e-01 8.899460e-03 9.999258e-01 8.317699e-03 -4.295921e-01 2.367483e-02 -8.526391e-03 9.996834e-01 2.671512e+01
9.996693e-01 -8.289246e-03 -2.434558e-02 -3.493026e-01 8.457089e-03 9.999411e-01 6.799305e-03 -4.378600e-01 2.428779e-02 -7.002949e-03 9.996805e-01 2.750444e+01
9.996596e-01 -7.605300e-03 -2.495579e-02 -3.727950e-01 7.774994e-03 9.999472e-01 6.709829e-03 -4.460276e-01 2.490344e-02 -6.901576e-03 9.996660e-01 2.829559e+01
9.996234e-01 -8.009499e-03 -2.624789e-02 -3.976353e-01 8.184569e-03 9.999449e-01 6.569240e-03 -4.610685e-01 2.619383e-02 -6.781593e-03 9.996339e-01 2.906829e+01
9.995808e-01 -7.341399e-03 -2.800676e-02 -4.233038e-01 7.517724e-03 9.999526e-01 6.195729e-03 -4.740031e-01 2.795994e-02 -6.403679e-03 9.995885e-01 2.983760e+01
9.995408e-01 -6.983622e-03 -2.948659e-02 -4.488716e-01 7.170494e-03 9.999548e-01 6.236537e-03 -4.867885e-01 2.944170e-02 -6.445107e-03 9.995457e-01 3.060532e+01
9.994742e-01 -6.664695e-03 -3.173281e-02 -4.787950e-01 6.903632e-03 9.999486e-01 7.426071e-03 -4.942800e-01 3.168168e-02 -7.641238e-03 9.994688e-01 3.135450e+01
9.994145e-01 -6.492645e-03 -3.359354e-02 -5.060607e-01 6.813077e-03 9.999323e-01 9.432831e-03 -5.049591e-01 3.353002e-02 -9.656182e-03 9.993911e-01 3.209967e+01
9.993687e-01 -5.445867e-03 -3.510853e-02 -5.356273e-01 5.836724e-03 9.999220e-01 1.103997e-02 -5.141056e-01 3.504567e-02 -1.123792e-02 9.993225e-01 3.284048e+01
9.993029e-01 -4.420644e-03 -3.706878e-02 -5.690527e-01 4.854519e-03 9.999207e-01 1.162278e-02 -5.237477e-01 3.701445e-02 -1.179463e-02 9.992451e-01 3.355271e+01
9.992582e-01 -2.222348e-03 -3.844648e-02 -6.032960e-01 2.664032e-03 9.999310e-01 1.144087e-02 -5.299383e-01 3.841840e-02 -1.153480e-02 9.991952e-01 3.426636e+01
9.991884e-01 -9.159667e-04 -4.027198e-02 -6.404448e-01 1.360958e-03 9.999383e-01 1.102363e-02 -5.356357e-01 4.025939e-02 -1.106949e-02 9.991279e-01 3.495866e+01
9.991277e-01 1.324123e-04 -4.175999e-02 -6.744603e-01 3.792049e-04 9.999250e-01 1.224321e-02 -5.405590e-01 4.175848e-02 -1.224837e-02 9.990526e-01 3.565097e+01
9.990982e-01 1.421230e-03 -4.243546e-02 -7.066225e-01 -8.279071e-04 9.999017e-01 1.399608e-02 -5.459735e-01 4.245118e-02 -1.394833e-02 9.990011e-01 3.633949e+01
9.990798e-01 3.970387e-03 -4.270642e-02 -7.442234e-01 -3.334986e-03 9.998828e-01 1.493930e-02 -5.496387e-01 4.276074e-02 -1.478313e-02 9.989760e-01 3.700537e+01
9.991071e-01 7.412128e-03 -4.159456e-02 -7.810103e-01 -6.872893e-03 9.998907e-01 1.309214e-02 -5.589176e-01 4.168705e-02 -1.279458e-02 9.990488e-01 3.766600e+01
9.991699e-01 9.682206e-03 -3.956926e-02 -8.108519e-01 -9.306218e-03 9.999099e-01 9.675206e-03 -5.637572e-01 3.965937e-02 -9.298935e-03 9.991700e-01 3.831571e+01
9.992462e-01 9.949168e-03 -3.752377e-02 -8.385671e-01 -9.650741e-03 9.999204e-01 8.125792e-03 -5.667635e-01 3.760163e-02 -7.757535e-03 9.992627e-01 3.895041e+01
9.993467e-01 1.094307e-02 -3.444577e-02 -8.639280e-01 -1.063788e-02 9.999026e-01 9.031042e-03 -5.702634e-01 3.454124e-02 -8.658712e-03 9.993657e-01 3.958316e+01
9.994157e-01 1.483037e-02 -3.079585e-02 -8.897003e-01 -1.448093e-02 9.998286e-01 1.153928e-02 -5.754868e-01 3.096170e-02 -1.108658e-02 9.994591e-01 4.021543e+01
9.994348e-01 1.968478e-02 -2.725165e-02 -9.180529e-01 -1.928842e-02 9.997054e-01 1.473204e-02 -5.773499e-01 2.753362e-02 -1.419807e-02 9.995201e-01 4.082517e+01
9.994367e-01 2.467041e-02 -2.275273e-02 -9.416413e-01 -2.430731e-02 9.995749e-01 1.609943e-02 -5.841950e-01 2.314024e-02 -1.553730e-02 9.996115e-01 4.141930e+01
9.994380e-01 2.889745e-02 -1.698829e-02 -9.552882e-01 -2.861124e-02 9.994485e-01 1.685559e-02 -5.866796e-01 1.746600e-02 -1.636006e-02 9.997136e-01 4.200274e+01
9.994137e-01 3.230383e-02 -1.134040e-02 -9.730117e-01 -3.208882e-02 9.993109e-01 1.865564e-02 -5.864348e-01 1.193523e-02 -1.828080e-02 9.997616e-01 4.256199e+01
9.992853e-01 3.751109e-02 -4.671618e-03 -9.815333e-01 -3.740935e-02 9.990951e-01 2.023549e-02 -5.885361e-01 5.426447e-03 -2.004627e-02 9.997844e-01 4.310497e+01
9.991597e-01 4.088181e-02 2.939043e-03 -9.844872e-01 -4.093345e-02 9.989530e-01 2.043122e-02 -5.922041e-01 -2.100701e-03 -2.053435e-02 9.997869e-01 4.362871e+01
9.990060e-01 4.341127e-02 1.012696e-02 -9.881435e-01 -4.361415e-02 9.988328e-01 2.075588e-02 -5.964658e-01 -9.214099e-03 -2.117693e-02 9.997333e-01 4.412726e+01
9.986807e-01 4.817834e-02 1.776760e-02 -9.879225e-01 -4.854040e-02 9.986100e-01 2.054240e-02 -5.981790e-01 -1.675320e-02 -2.137775e-02 9.996311e-01 4.461165e+01
9.982723e-01 5.281720e-02 2.574509e-02 -9.770496e-01 -5.327792e-02 9.984255e-01 1.755023e-02 -5.966405e-01 -2.477760e-02 -1.889155e-02 9.995145e-01 4.508162e+01
9.979660e-01 5.432684e-02 3.335454e-02 -9.683541e-01 -5.482629e-02 9.983943e-01 1.424617e-02 -6.049258e-01 -3.252703e-02 -1.604590e-02 9.993420e-01 4.552860e+01
9.976358e-01 5.472272e-02 4.157264e-02 -9.512736e-01 -5.534599e-02 9.983692e-01 1.399148e-02 -6.020184e-01 -4.073919e-02 -1.625928e-02 9.990375e-01 4.594659e+01
9.973228e-01 5.415785e-02 4.913375e-02 -9.306738e-01 -5.496092e-02 9.983737e-01 1.514240e-02 -6.072913e-01 -4.823376e-02 -1.780229e-02 9.986774e-01 4.633912e+01
9.968424e-01 5.515436e-02 5.712501e-02 -9.123230e-01 -5.615302e-02 9.982936e-01 1.602561e-02 -6.082765e-01 -5.614365e-02 -1.918275e-02 9.982384e-01 4.670812e+01
9.961457e-01 5.740136e-02 6.632382e-02 -8.931552e-01 -5.860769e-02 9.981466e-01 1.638660e-02 -6.131313e-01 -6.526028e-02 -2.021053e-02 9.976636e-01 4.705991e+01
9.952096e-01 6.271305e-02 7.499906e-02 -8.720109e-01 -6.408822e-02 9.978148e-01 1.606952e-02 -6.160922e-01 -7.382742e-02 -2.079910e-02 9.970541e-01 4.737584e+01
9.942180e-01 6.677450e-02 8.409388e-02 -8.490206e-01 -6.837901e-02 9.975255e-01 1.634327e-02 -6.161902e-01 -8.279448e-02 -2.199902e-02 9.963238e-01 4.767376e+01
9.934198e-01 6.615911e-02 9.348878e-02 -8.164025e-01 -6.801464e-02 9.975429e-01 1.679924e-02 -6.222241e-01 -9.214765e-02 -2.304730e-02 9.954786e-01 4.795150e+01
9.924549e-01 6.513685e-02 1.038769e-01 -7.824424e-01 -6.708777e-02 9.976283e-01 1.539543e-02 -6.243545e-01 -1.026277e-01 -2.224814e-02 9.944710e-01 4.820599e+01
9.912655e-01 6.368289e-02 1.154865e-01 -7.454942e-01 -6.541305e-02 9.977949e-01 1.125018e-02 -6.276327e-01 -1.145153e-01 -1.870624e-02 9.932454e-01 4.846384e+01
9.896517e-01 6.398910e-02 1.284326e-01 -7.018180e-01 -6.541944e-02 9.978337e-01 6.945148e-03 -6.309394e-01 -1.277100e-01 -1.527527e-02 9.916939e-01 4.872460e+01
9.874729e-01 6.483123e-02 1.438547e-01 -6.604373e-01 -6.626690e-02 9.977884e-01 5.206133e-03 -6.293780e-01 -1.431990e-01 -1.467372e-02 9.895851e-01 4.896674e+01
9.849027e-01 6.546194e-02 1.602545e-01 -6.156436e-01 -6.702284e-02 9.977419e-01 4.348386e-03 -6.325666e-01 -1.596080e-01 -1.502345e-02 9.870661e-01 4.921014e+01
9.820200e-01 6.546268e-02 1.770632e-01 -5.662401e-01 -6.714022e-02 9.977374e-01 3.492956e-03 -6.364375e-01 -1.764339e-01 -1.531821e-02 9.841933e-01 4.943883e+01
9.786783e-01 6.484555e-02 1.948946e-01 -5.045846e-01 -6.664795e-02 9.977729e-01 2.697693e-03 -6.409177e-01 -1.942856e-01 -1.562950e-02 9.808205e-01 4.966943e+01
9.747385e-01 6.414825e-02 2.139387e-01 -4.315328e-01 -6.616283e-02 9.978063e-01 2.261992e-03 -6.467929e-01 -2.133243e-01 -1.635964e-02 9.768444e-01 4.990299e+01
9.701132e-01 6.403609e-02 2.340510e-01 -3.654293e-01 -6.619222e-02 9.978060e-01 1.360129e-03 -6.501005e-01 -2.334504e-01 -1.681183e-02 9.722233e-01 5.012141e+01
9.646957e-01 6.473321e-02 2.552877e-01 -2.976256e-01 -6.692215e-02 9.977582e-01 -1.119934e-04 -6.522466e-01 -2.547227e-01 -1.697636e-02 9.668651e-01 5.034248e+01
9.583967e-01 6.501766e-02 2.779359e-01 -2.193989e-01 -6.721091e-02 9.977375e-01 -1.640036e-03 -6.567596e-01 -2.774137e-01 -1.710852e-02 9.605982e-01 5.056741e+01
9.511156e-01 6.520310e-02 3.018736e-01 -1.393241e-01 -6.757666e-02 9.977107e-01 -2.585878e-03 -6.627727e-01 -3.013511e-01 -1.794014e-02 9.533445e-01 5.078725e+01
9.426342e-01 6.630278e-02 3.271767e-01 -5.619733e-02 -6.898625e-02 9.976118e-01 -3.409838e-03 -6.692756e-01 -3.266214e-01 -1.935647e-02 9.449570e-01 5.101923e+01
9.328349e-01 6.700937e-02 3.540182e-01 3.544692e-02 -7.004363e-02 9.975349e-01 -4.251292e-03 -6.776918e-01 -3.534304e-01 -2.083097e-02 9.352289e-01 5.125568e+01
9.216516e-01 6.682198e-02 3.822214e-01 1.323914e-01 -7.006548e-02 9.975275e-01 -5.443999e-03 -6.854509e-01 -3.816401e-01 -2.176305e-02 9.240547e-01 5.147190e+01
9.087749e-01 6.540287e-02 4.121293e-01 2.617087e-01 -6.853602e-02 9.976227e-01 -7.190900e-03 -6.961151e-01 -4.116199e-01 -2.171079e-02 9.110970e-01 5.168696e+01
8.937319e-01 6.276373e-02 4.441892e-01 4.141614e-01 -6.526887e-02 9.978209e-01 -9.667273e-03 -7.058363e-01 -4.438280e-01 -2.035177e-02 8.958808e-01 5.190699e+01
8.762890e-01 6.160461e-02 4.778310e-01 5.614551e-01 -6.280115e-02 9.979349e-01 -1.348893e-02 -7.117745e-01 -4.776752e-01 -1.818814e-02 8.783482e-01 5.210551e+01
8.565735e-01 6.236119e-02 5.122430e-01 7.314623e-01 -6.191126e-02 9.979200e-01 -1.796010e-02 -7.190875e-01 -5.122976e-01 -1.632946e-02 8.586528e-01 5.233190e+01
8.344725e-01 6.302702e-02 5.474334e-01 8.980775e-01 -6.120614e-02 9.978916e-01 -2.159038e-02 -7.262314e-01 -5.476400e-01 -1.548970e-02 8.365707e-01 5.253922e+01
8.098421e-01 6.452306e-02 5.830888e-01 1.086970e+00 -6.175034e-02 9.977872e-01 -2.464849e-02 -7.374061e-01 -5.833890e-01 -1.604455e-02 8.120344e-01 5.275558e+01
7.824811e-01 6.784784e-02 6.189669e-01 1.303397e+00 -6.464542e-02 9.975260e-01 -2.762048e-02 -7.516539e-01 -6.193095e-01 -1.840087e-02 7.849312e-01 5.299053e+01
7.525082e-01 7.185577e-02 6.546512e-01 1.525741e+00 -6.859381e-02 9.971752e-01 -3.060466e-02 -7.626953e-01 -6.550010e-01 -2.187477e-02 7.553113e-01 5.321374e+01
7.198287e-01 7.224883e-02 6.903816e-01 1.764526e+00 -6.843540e-02 9.971098e-01 -3.299372e-02 -7.781845e-01 -6.907700e-01 -2.349671e-02 7.226926e-01 5.343143e+01
6.835349e-01 6.979697e-02 7.265731e-01 2.053257e+00 -6.543673e-02 9.972691e-01 -3.424029e-02 -7.985064e-01 -7.269787e-01 -2.414013e-02 6.862355e-01 5.365944e+01
6.444919e-01 6.832032e-02 7.615528e-01 2.340214e+00 -6.319213e-02 9.973520e-01 -3.599566e-02 -8.186221e-01 -7.619954e-01 -2.492522e-02 6.471026e-01 5.386012e+01
6.025960e-01 6.731870e-02 7.952020e-01 2.663699e+00 -6.113005e-02 9.974019e-01 -3.811242e-02 -8.344250e-01 -7.957017e-01 -2.564435e-02 6.051456e-01 5.407325e+01
5.567231e-01 6.635832e-02 8.280435e-01 2.991067e+00 -5.822488e-02 9.974698e-01 -4.078927e-02 -8.567638e-01 -8.286551e-01 -2.550440e-02 5.591782e-01 5.425377e+01
5.088954e-01 6.474321e-02 8.583902e-01 3.361208e+00 -5.507481e-02 9.975735e-01 -4.258994e-02 -8.807245e-01 -8.590647e-01 -2.560185e-02 5.112263e-01 5.443242e+01
4.602236e-01 6.232983e-02 8.856123e-01 3.766311e+00 -5.302903e-02 9.976813e-01 -4.265985e-02 -9.052935e-01 -8.862179e-01 -2.733009e-02 4.624618e-01 5.461963e+01
4.106013e-01 5.931792e-02 9.098836e-01 4.160856e+00 -5.280539e-02 9.977539e-01 -4.121706e-02 -9.299846e-01 -9.102847e-01 -3.112297e-02 4.128113e-01 5.477301e+01
3.605832e-01 5.847202e-02 9.308925e-01 4.591767e+00 -5.553886e-02 9.976082e-01 -4.114953e-02 -9.438273e-01 -9.310721e-01 -3.686288e-02 3.629682e-01 5.491528e+01
3.110678e-01 5.889679e-02 9.485610e-01 5.058471e+00 -5.418515e-02 9.975535e-01 -4.416948e-02 -9.579108e-01 -9.488418e-01 -3.765822e-02 3.134981e-01 5.504427e+01
2.641636e-01 5.502624e-02 9.629068e-01 5.518578e+00 -4.375696e-02 9.980269e-01 -4.502894e-02 -9.951832e-01 -9.634848e-01 -3.023887e-02 2.660501e-01 5.512873e+01
2.199838e-01 4.905628e-02 9.742693e-01 6.003860e+00 -3.047595e-02 9.985929e-01 -4.339974e-02 -1.021145e+00 -9.750273e-01 -2.014454e-02 2.211693e-01 5.518882e+01
1.776779e-01 4.684866e-02 9.829729e-01 6.523239e+00 -2.122158e-02 9.988163e-01 -4.376784e-02 -1.056203e+00 -9.838598e-01 -1.308366e-02 1.784617e-01 5.524522e+01
1.392191e-01 4.880911e-02 9.890580e-01 7.034732e+00 -1.824638e-02 9.987414e-01 -4.671863e-02 -1.066266e+00 -9.900935e-01 -1.154260e-02 1.399345e-01 5.528217e+01
1.060769e-01 4.880643e-02 9.931595e-01 7.561930e+00 -1.017259e-02 9.987957e-01 -4.799690e-02 -1.102721e+00 -9.943059e-01 -5.011637e-03 1.064457e-01 5.531173e+01
7.666934e-02 4.722660e-02 9.959376e-01 8.109942e+00 -1.948591e-03 9.988828e-01 -4.721626e-02 -1.137386e+00 -9.970548e-01 1.679368e-03 7.667571e-02 5.532715e+01
5.151653e-02 4.539315e-02 9.976400e-01 8.658845e+00 4.458778e-03 9.989461e-01 -4.568282e-02 -1.164368e+00 -9.986622e-01 6.801674e-03 5.125982e-02 5.533865e+01
3.124386e-02 4.428940e-02 9.985300e-01 9.225368e+00 1.069322e-02 9.989458e-01 -4.464243e-02 -1.191936e+00 -9.994546e-01 1.207230e-02 3.073734e-02 5.534410e+01
1.473331e-02 4.522262e-02 9.988682e-01 9.806905e+00 1.210470e-02 9.988955e-01 -4.540239e-02 -1.220955e+00 -9.998181e-01 1.275992e-02 1.416963e-02 5.533620e+01
2.304494e-03 4.545708e-02 9.989637e-01 1.037550e+01 1.292649e-02 9.988815e-01 -4.548316e-02 -1.248364e+00 -9.999139e-01 1.301791e-02 1.714289e-03 5.531274e+01
-9.605885e-03 4.605655e-02 9.988927e-01 1.097349e+01 1.382445e-02 9.988494e-01 -4.592162e-02 -1.272071e+00 -9.998583e-01 1.336803e-02 -1.023149e-02 5.530498e+01
-1.875329e-02 4.879244e-02 9.986328e-01 1.157819e+01 1.863289e-02 9.986521e-01 -4.844347e-02 -1.311280e+00 -9.996505e-01 1.769894e-02 -1.963723e-02 5.528497e+01
-2.582598e-02 5.041431e-02 9.983944e-01 1.220203e+01 2.322645e-02 9.984882e-01 -4.981823e-02 -1.350217e+00 -9.993966e-01 2.190255e-02 -2.695799e-02 5.526723e+01
-3.024316e-02 4.980928e-02 9.983009e-01 1.282548e+01 2.313110e-02 9.985250e-01 -4.911973e-02 -1.379706e+00 -9.992750e-01 2.160626e-02 -3.135073e-02 5.523792e+01
-3.419852e-02 4.712429e-02 9.983034e-01 1.347895e+01 2.179768e-02 9.986853e-01 -4.639560e-02 -1.415899e+00 -9.991773e-01 2.017403e-02 -3.518081e-02 5.522911e+01
-3.685153e-02 4.015849e-02 9.985136e-01 1.412796e+01 2.022473e-02 9.990175e-01 -3.943234e-02 -1.445339e+00 -9.991162e-01 1.874153e-02 -3.762746e-02 5.521558e+01
-3.806388e-02 3.417327e-02 9.986909e-01 1.479498e+01 2.115836e-02 9.992186e-01 -3.338490e-02 -1.477636e+00 -9.990514e-01 1.985990e-02 -3.875709e-02 5.519093e+01
-3.846884e-02 3.192808e-02 9.987497e-01 1.546441e+01 2.320844e-02 9.992483e-01 -3.105011e-02 -1.506161e+00 -9.989904e-01 2.198497e-02 -3.918087e-02 5.515342e+01
-3.864408e-02 3.372905e-02 9.986836e-01 1.614704e+01 2.762968e-02 9.990841e-01 -3.267344e-02 -1.545863e+00 -9.988710e-01 2.633067e-02 -3.954065e-02 5.512518e+01
-3.821993e-02 4.087991e-02 9.984328e-01 1.682621e+01 2.830377e-02 9.988062e-01 -3.981174e-02 -1.575953e+00 -9.988684e-01 2.673781e-02 -3.933144e-02 5.509565e+01
-3.645611e-02 4.832443e-02 9.981662e-01 1.751155e+01 2.782185e-02 9.984921e-01 -4.732407e-02 -1.613164e+00 -9.989480e-01 2.604558e-02 -3.774559e-02 5.507063e+01
-3.459692e-02 4.949119e-02 9.981753e-01 1.821683e+01 2.841761e-02 9.984180e-01 -4.851827e-02 -1.644404e+00 -9.989973e-01 2.668717e-02 -3.594863e-02 5.505032e+01
-3.238070e-02 4.494669e-02 9.984645e-01 1.894040e+01 2.822993e-02 9.986309e-01 -4.403867e-02 -1.683235e+00 -9.990769e-01 2.676058e-02 -3.360522e-02 5.502556e+01
-2.992487e-02 3.860381e-02 9.988065e-01 1.966626e+01 2.829294e-02 9.988862e-01 -3.775922e-02 -1.722620e+00 -9.991517e-01 2.712923e-02 -3.098381e-02 5.500744e+01
-2.823687e-02 3.652556e-02 9.989337e-01 2.037558e+01 2.666979e-02 9.990039e-01 -3.577426e-02 -1.759688e+00 -9.992455e-01 2.563120e-02 -2.918279e-02 5.499882e+01
-2.502179e-02 4.156968e-02 9.988223e-01 2.108019e+01 3.374289e-02 9.986008e-01 -4.071517e-02 -1.803040e+00 -9.991173e-01 3.268439e-02 -2.638948e-02 5.497350e+01
-2.192402e-02 4.662110e-02 9.986720e-01 2.178370e+01 3.624098e-02 9.982927e-01 -4.580778e-02 -1.844012e+00 -9.991026e-01 3.518856e-02 -2.357626e-02 5.495317e+01
-1.985776e-02 4.752176e-02 9.986728e-01 2.250114e+01 3.010107e-02 9.984454e-01 -4.691240e-02 -1.877548e+00 -9.993495e-01 2.912954e-02 -2.125740e-02 5.494844e+01
-1.671112e-02 4.448304e-02 9.988703e-01 2.321656e+01 2.464417e-02 9.987247e-01 -4.406425e-02 -1.911413e+00 -9.995566e-01 2.387997e-02 -1.778615e-02 5.494749e+01
-1.218820e-02 4.038500e-02 9.991099e-01 2.393830e+01 2.852351e-02 9.987915e-01 -4.002418e-02 -1.955524e+00 -9.995189e-01 2.801030e-02 -1.332545e-02 5.493061e+01
-8.755565e-03 4.098594e-02 9.991214e-01 2.466168e+01 3.370905e-02 9.986039e-01 -4.066931e-02 -2.001641e+00 -9.993933e-01 3.332335e-02 -1.012492e-02 5.491932e+01
-5.569220e-03 4.495065e-02 9.989737e-01 2.538238e+01 3.401773e-02 9.984195e-01 -4.473606e-02 -2.046178e+00 -9.994057e-01 3.373367e-02 -7.089615e-03 5.491391e+01
-2.190590e-03 4.616276e-02 9.989315e-01 2.610962e+01 2.980094e-02 9.984933e-01 -4.607715e-02 -2.078097e+00 -9.995534e-01 2.966817e-02 -3.563046e-03 5.492009e+01
1.044571e-03 4.488413e-02 9.989917e-01 2.684100e+01 2.868584e-02 9.985797e-01 -4.489562e-02 -2.123433e+00 -9.995880e-01 2.870381e-02 -2.444983e-04 5.492955e+01
5.021751e-03 4.272168e-02 9.990744e-01 2.756844e+01 3.298479e-02 9.985362e-01 -4.286447e-02 -2.162051e+00 -9.994432e-01 3.316952e-02 3.605247e-03 5.493084e+01
8.564651e-03 4.233010e-02 9.990671e-01 2.830159e+01 3.804097e-02 9.983666e-01 -4.262654e-02 -2.209712e+00 -9.992396e-01 3.837056e-02 6.940424e-03 5.493217e+01
1.185673e-02 4.327623e-02 9.989928e-01 2.903963e+01 4.111000e-02 9.981972e-01 -4.372969e-02 -2.254703e+00 -9.990842e-01 4.158708e-02 1.005626e-02 5.494011e+01
1.486915e-02 4.291128e-02 9.989682e-01 2.976598e+01 4.117819e-02 9.982048e-01 -4.349141e-02 -2.295154e+00 -9.990412e-01 4.178239e-02 1.307541e-02 5.494627e+01
1.803982e-02 4.149877e-02 9.989758e-01 3.049356e+01 4.198577e-02 9.982255e-01 -4.222580e-02 -2.332370e+00 -9.989554e-01 4.270452e-02 1.626545e-02 5.495692e+01
2.133268e-02 4.025242e-02 9.989617e-01 3.123447e+01 4.529132e-02 9.981245e-01 -4.118587e-02 -2.379627e+00 -9.987460e-01 4.612290e-02 1.946956e-02 5.497261e+01
2.439654e-02 4.043008e-02 9.988845e-01 3.195844e+01 4.384103e-02 9.981773e-01 -4.147222e-02 -2.417375e+00 -9.987406e-01 4.480391e-02 2.257961e-02 5.499401e+01
2.731913e-02 4.183580e-02 9.987510e-01 3.270367e+01 3.987157e-02 9.982831e-01 -4.290683e-02 -2.456469e+00 -9.988314e-01 4.099395e-02 2.560419e-02 5.501316e+01
2.985322e-02 4.177840e-02 9.986808e-01 3.343825e+01 4.155510e-02 9.982104e-01 -4.300092e-02 -2.500468e+00 -9.986901e-01 4.278399e-02 2.806365e-02 5.503462e+01
3.272450e-02 4.094007e-02 9.986256e-01 3.416987e+01 4.015940e-02 9.983000e-01 -4.224272e-02 -2.539880e+00 -9.986573e-01 4.148658e-02 3.102469e-02 5.506453e+01
3.450769e-02 4.094590e-02 9.985653e-01 3.490787e+01 3.905825e-02 9.983418e-01 -4.228648e-02 -2.579743e+00 -9.986409e-01 4.046142e-02 3.285116e-02 5.509857e+01
3.646582e-02 4.081769e-02 9.985010e-01 3.564143e+01 3.761152e-02 9.984015e-01 -4.218722e-02 -2.621507e+00 -9.986269e-01 3.909354e-02 3.487235e-02 5.514265e+01
3.899723e-02 4.273305e-02 9.983252e-01 3.638886e+01 3.489878e-02 9.984174e-01 -4.410024e-02 -2.660686e+00 -9.986297e-01 3.656012e-02 3.744417e-02 5.517418e+01
4.180402e-02 4.615710e-02 9.980591e-01 3.713502e+01 3.486202e-02 9.982567e-01 -4.762645e-02 -2.705560e+00 -9.985175e-01 3.678533e-02 4.012197e-02 5.521131e+01
4.521686e-02 4.833858e-02 9.978070e-01 3.789502e+01 3.470148e-02 9.981498e-01 -4.992773e-02 -2.750785e+00 -9.983743e-01 3.688296e-02 4.345578e-02 5.525037e+01
4.808253e-02 5.044483e-02 9.975687e-01 3.865754e+01 2.892743e-02 9.982346e-01 -5.187279e-02 -2.796586e+00 -9.984244e-01 3.135128e-02 4.653841e-02 5.529481e+01
5.052823e-02 5.027643e-02 9.974564e-01 3.941668e+01 2.439168e-02 9.983721e-01 -5.155820e-02 -2.833343e+00 -9.984247e-01 2.693478e-02 4.921967e-02 5.534282e+01
5.400735e-02 5.014679e-02 9.972806e-01 4.018932e+01 2.660807e-02 9.983113e-01 -5.163957e-02 -2.891339e+00 -9.981860e-01 2.932463e-02 5.258185e-02 5.538764e+01
5.779684e-02 5.099033e-02 9.970254e-01 4.095620e+01 2.683343e-02 9.982546e-01 -5.260872e-02 -2.946895e+00 -9.979677e-01 2.979423e-02 5.632770e-02 5.543662e+01
6.099385e-02 5.197427e-02 9.967841e-01 4.173101e+01 2.212728e-02 9.983276e-01 -5.340873e-02 -2.992798e+00 -9.978929e-01 2.531372e-02 5.974180e-02 5.549414e+01
6.507832e-02 5.066003e-02 9.965934e-01 4.250003e+01 2.093060e-02 9.984215e-01 -5.211974e-02 -3.032137e+00 -9.976606e-01 2.425116e-02 6.391525e-02 5.555346e+01
6.955969e-02 4.945105e-02 9.963514e-01 4.329459e+01 2.189437e-02 9.984543e-01 -5.108396e-02 -3.098054e+00 -9.973375e-01 2.536787e-02 6.836951e-02 5.561086e+01
7.381088e-02 5.498778e-02 9.957552e-01 4.407648e+01 1.724619e-02 9.982591e-01 -5.640443e-02 -3.141475e+00 -9.971231e-01 2.133625e-02 7.273406e-02 5.567697e+01
7.994926e-02 6.286091e-02 9.948150e-01 4.485867e+01 1.487067e-02 9.978233e-01 -6.424610e-02 -3.205603e+00 -9.966881e-01 1.993000e-02 7.884043e-02 5.574928e+01
8.737540e-02 6.767540e-02 9.938740e-01 4.563218e+01 1.407428e-02 9.975063e-01 -6.916006e-02 -3.259405e+00 -9.960760e-01 2.003095e-02 8.620501e-02 5.582583e+01
9.423262e-02 7.073942e-02 9.930338e-01 4.642139e+01 9.444879e-03 9.973639e-01 -7.194413e-02 -3.320695e+00 -9.955054e-01 1.615857e-02 9.331608e-02 5.591553e+01
1.018564e-01 6.901849e-02 9.924021e-01 4.721579e+01 7.310770e-03 9.975115e-01 -7.012419e-02 -3.384065e+00 -9.947723e-01 1.439782e-02 1.010983e-01 5.601318e+01
1.092383e-01 6.724302e-02 9.917387e-01 4.802060e+01 7.021688e-03 9.976321e-01 -6.841605e-02 -3.451888e+00 -9.939910e-01 1.443734e-02 1.085075e-01 5.610873e+01
1.162806e-01 6.458183e-02 9.911145e-01 4.882323e+01 6.492451e-03 9.978130e-01 -6.578003e-02 -3.516047e+00 -9.931952e-01 1.408370e-02 1.156070e-01 5.620488e+01
1.240649e-01 5.802485e-02 9.905761e-01 4.962862e+01 5.123988e-03 9.982380e-01 -5.911542e-02 -3.579518e+00 -9.922609e-01 1.240985e-02 1.235489e-01 5.631749e+01
1.314073e-01 5.116009e-02 9.900076e-01 5.043474e+01 3.117174e-03 9.986412e-01 -5.202000e-02 -3.631090e+00 -9.913237e-01 9.921839e-03 1.310692e-01 5.643672e+01
1.385052e-01 4.726982e-02 9.892330e-01 5.123125e+01 3.744319e-03 9.988282e-01 -4.825258e-02 -3.692762e+00 -9.903547e-01 1.038723e-02 1.381659e-01 5.655433e+01
1.458019e-01 4.913711e-02 9.880927e-01 5.201796e+01 3.637895e-03 9.987324e-01 -5.020301e-02 -3.745615e+00 -9.893071e-01 1.091427e-02 1.454383e-01 5.667891e+01
1.524741e-01 5.531072e-02 9.867585e-01 5.279910e+01 3.065445e-03 9.984015e-01 -5.643701e-02 -3.802175e+00 -9.883028e-01 1.163004e-02 1.520609e-01 5.680318e+01
1.573719e-01 5.968121e-02 9.857343e-01 5.355970e+01 1.717543e-03 9.981541e-01 -6.070737e-02 -3.854983e+00 -9.875379e-01 1.124668e-02 1.569789e-01 5.692976e+01
1.626491e-01 6.222858e-02 9.847197e-01 5.433241e+01 6.410182e-04 9.980024e-01 -6.317384e-02 -3.918637e+00 -9.866838e-01 1.090638e-02 1.622843e-01 5.706792e+01
1.676737e-01 6.223996e-02 9.838759e-01 5.508382e+01 -1.434933e-03 9.980194e-01 -6.289013e-02 -3.973567e+00 -9.858415e-01 9.133227e-03 1.674309e-01 5.720806e+01
1.733515e-01 6.050337e-02 9.829998e-01 5.583362e+01 3.947504e-04 9.981068e-01 -6.150281e-02 -4.037798e+00 -9.848599e-01 1.104965e-02 1.729994e-01 5.733754e+01
1.782397e-01 5.440743e-02 9.824818e-01 5.658801e+01 1.254838e-03 9.984568e-01 -5.551974e-02 -4.089329e+00 -9.839863e-01 1.112868e-02 1.778964e-01 5.747766e+01
1.819466e-01 4.712059e-02 9.821787e-01 5.732890e+01 1.279116e-04 9.988500e-01 -4.794411e-02 -4.148104e+00 -9.833084e-01 8.848896e-03 1.817313e-01 5.761973e+01
1.846676e-01 4.380086e-02 9.818245e-01 5.804877e+01 -3.613487e-03 9.990299e-01 -4.388878e-02 -4.191416e+00 -9.827944e-01 4.557028e-03 1.846468e-01 5.776842e+01
1.880783e-01 4.356160e-02 9.811875e-01 5.877660e+01 -4.657716e-03 9.990442e-01 -4.346157e-02 -4.243963e+00 -9.821430e-01 3.604088e-03 1.881015e-01 5.791652e+01
1.899166e-01 4.526187e-02 9.807563e-01 5.948169e+01 -6.632073e-03 9.989731e-01 -4.481833e-02 -4.288106e+00 -9.817778e-01 2.007293e-03 1.900217e-01 5.806005e+01
1.920475e-01 4.909231e-02 9.801570e-01 6.018755e+01 -1.033561e-02 9.987938e-01 -4.800065e-02 -4.335809e+00 -9.813312e-01 -9.121113e-04 1.923233e-01 5.820887e+01
1.939614e-01 5.371812e-02 9.795373e-01 6.086998e+01 -1.180740e-02 9.985552e-01 -5.242305e-02 -4.381763e+00 -9.809381e-01 -1.397738e-03 1.943155e-01 5.835216e+01
1.952378e-01 5.901323e-02 9.789789e-01 6.152989e+01 -1.349203e-02 9.982553e-01 -5.748450e-02 -4.428610e+00 -9.806632e-01 -1.985263e-03 1.956934e-01 5.848935e+01
1.971046e-01 6.105551e-02 9.784794e-01 6.220831e+01 -1.237554e-02 9.981343e-01 -5.978902e-02 -4.481643e+00 -9.803044e-01 -3.245212e-04 1.974924e-01 5.863220e+01
1.984662e-01 6.067062e-02 9.782282e-01 6.287476e+01 -1.405773e-02 9.981558e-01 -5.905448e-02 -4.525282e+00 -9.800070e-01 -2.031347e-03 1.989531e-01 5.877584e+01
1.990095e-01 5.798277e-02 9.782807e-01 6.352912e+01 -1.350247e-02 9.983156e-01 -5.642346e-02 -4.579186e+00 -9.799045e-01 -1.980400e-03 1.994572e-01 5.891243e+01
1.996760e-01 5.583868e-02 9.782696e-01 6.417875e+01 -1.349649e-02 9.984370e-01 -5.423502e-02 -4.624215e+00 -9.797691e-01 -2.373775e-03 2.001175e-01 5.905048e+01
1.993479e-01 5.480789e-02 9.783949e-01 6.481490e+01 -1.316165e-02 9.984943e-01 -5.325215e-02 -4.670653e+00 -9.798404e-01 -2.261588e-03 1.997691e-01 5.918303e+01
1.980250e-01 5.379737e-02 9.787195e-01 6.544244e+01 -1.292943e-02 9.985492e-01 -5.227133e-02 -4.717123e+00 -9.801117e-01 -2.303259e-03 1.984333e-01 5.931238e+01
1.963434e-01 5.409524e-02 9.790419e-01 6.606726e+01 -1.378390e-02 9.985306e-01 -5.240775e-02 -4.763226e+00 -9.804384e-01 -3.205102e-03 1.968005e-01 5.944403e+01
1.938539e-01 5.708844e-02 9.793679e-01 6.666868e+01 -1.467567e-02 9.983624e-01 -5.529078e-02 -4.805196e+00 -9.809206e-01 -3.654551e-03 1.943743e-01 5.956626e+01
1.916345e-01 6.089232e-02 9.795756e-01 6.726433e+01 -1.369840e-02 9.981422e-01 -5.936664e-02 -4.853495e+00 -9.813708e-01 -2.041927e-03 1.921126e-01 5.968499e+01
1.895076e-01 6.168485e-02 9.799398e-01 6.785294e+01 -1.155233e-02 9.980957e-01 -6.059365e-02 -4.895845e+00 -9.818113e-01 1.623761e-04 1.898593e-01 5.979864e+01
1.872327e-01 6.041431e-02 9.804561e-01 6.843741e+01 -1.141928e-02 9.981734e-01 -5.932535e-02 -4.935250e+00 -9.822493e-01 -8.845702e-05 1.875806e-01 5.991196e+01
1.849726e-01 5.779935e-02 9.810426e-01 6.901782e+01 -1.174190e-02 9.983277e-01 -5.660383e-02 -4.975150e+00 -9.826736e-01 -1.049131e-03 1.853420e-01 6.002741e+01
1.829768e-01 5.386112e-02 9.816408e-01 6.958775e+01 -1.091904e-02 9.985479e-01 -5.275350e-02 -5.018745e+00 -9.830567e-01 -1.065902e-03 1.832992e-01 6.013549e+01
1.809199e-01 5.252001e-02 9.820946e-01 7.014402e+01 -7.474145e-03 9.986177e-01 -5.202675e-02 -5.064137e+00 -9.834695e-01 2.072360e-03 1.810623e-01 6.023370e+01
1.788881e-01 5.409881e-02 9.823809e-01 7.069523e+01 -3.824811e-03 9.985178e-01 -5.429097e-02 -5.104263e+00 -9.838620e-01 5.954590e-03 1.788299e-01 6.033228e+01
1.766904e-01 5.585786e-02 9.826803e-01 7.124114e+01 5.414113e-04 9.983827e-01 -5.684778e-02 -5.145871e+00 -9.842663e-01 1.057649e-02 1.763744e-01 6.042646e+01
1.746858e-01 5.801052e-02 9.829139e-01 7.177276e+01 4.941598e-06 9.982629e-01 -5.891728e-02 -5.178649e+00 -9.846243e-01 1.029688e-02 1.743821e-01 6.051899e+01
1.732789e-01 5.974409e-02 9.830590e-01 7.230971e+01 -6.240159e-04 9.981648e-01 -6.055214e-02 -5.222296e+00 -9.848725e-01 9.878963e-03 1.729982e-01 6.062107e+01
1.722782e-01 5.855219e-02 9.833066e-01 7.285388e+01 9.034276e-04 9.982220e-01 -5.959862e-02 -5.259221e+00 -9.850479e-01 1.115589e-02 1.719190e-01 6.071507e+01
1.727085e-01 5.670495e-02 9.833394e-01 7.339008e+01 6.702112e-03 9.982507e-01 -5.874195e-02 -5.299872e+00 -9.849502e-01 1.673569e-02 1.720263e-01 6.080123e+01
1.745638e-01 5.504013e-02 9.831063e-01 7.393357e+01 1.184160e-02 9.982469e-01 -5.799042e-02 -5.335053e+00 -9.845746e-01 2.176457e-02 1.736060e-01 6.089180e+01
1.767378e-01 5.389040e-02 9.827816e-01 7.447861e+01 1.476162e-02 9.982426e-01 -5.739284e-02 -5.374547e+00 -9.841473e-01 2.465093e-02 1.756316e-01 6.098491e+01
1.797347e-01 5.357196e-02 9.822553e-01 7.502242e+01 1.310859e-02 9.982969e-01 -5.684550e-02 -5.415632e+00 -9.836278e-01 2.309310e-02 1.787264e-01 6.108651e+01
1.851261e-01 5.372659e-02 9.812451e-01 7.557980e+01 1.145707e-02 9.983186e-01 -5.682297e-02 -5.455060e+00 -9.826481e-01 2.176161e-02 1.841992e-01 6.119916e+01
1.915256e-01 5.256967e-02 9.800787e-01 7.613775e+01 1.301451e-02 9.983407e-01 -5.609249e-02 -5.492690e+00 -9.814013e-01 2.349839e-02 1.905236e-01 6.131125e+01
1.987532e-01 5.222617e-02 9.786571e-01 7.669524e+01 1.150107e-02 9.983861e-01 -5.561474e-02 -5.530947e+00 -9.799821e-01 2.230921e-02 1.978317e-01 6.142821e+01
2.070126e-01 5.081309e-02 9.770179e-01 7.726512e+01 1.182464e-02 9.984474e-01 -5.443304e-02 -5.563500e+00 -9.782668e-01 2.282121e-02 2.060903e-01 6.155878e+01
2.160517e-01 5.003344e-02 9.750992e-01 7.784180e+01 9.335781e-03 9.985347e-01 -5.330446e-02 -5.607637e+00 -9.763373e-01 2.061983e-02 2.152680e-01 6.169537e+01
2.252247e-01 4.990554e-02 9.730279e-01 7.841371e+01 7.572839e-03 9.985675e-01 -5.296831e-02 -5.645110e+00 -9.742775e-01 1.929836e-02 2.245241e-01 6.183742e+01
2.353682e-01 5.272316e-02 9.704753e-01 7.899752e+01 3.233114e-03 9.984795e-01 -5.502868e-02 -5.684707e+00 -9.719010e-01 1.608966e-02 2.348399e-01 6.199459e+01
2.447395e-01 5.566754e-02 9.679896e-01 7.957874e+01 -6.941482e-04 9.983603e-01 -5.723861e-02 -5.718910e+00 -9.695887e-01 1.333663e-02 2.443769e-01 6.215276e+01
2.557867e-01 5.793959e-02 9.649954e-01 8.018041e+01 -4.029099e-03 9.982576e-01 -5.886873e-02 -5.756951e+00 -9.667248e-01 1.116978e-02 2.555745e-01 6.232750e+01
2.664453e-01 5.937096e-02 9.620199e-01 8.078517e+01 -5.682843e-03 9.981804e-01 -6.002868e-02 -5.802646e+00 -9.638334e-01 1.052736e-02 2.662979e-01 6.250735e+01
2.765969e-01 6.003802e-02 9.591087e-01 8.139989e+01 -8.631025e-03 9.981614e-01 -5.999353e-02 -5.845159e+00 -9.609473e-01 8.315934e-03 2.766066e-01 6.269524e+01
2.865933e-01 6.008972e-02 9.561661e-01 8.201358e+01 -9.518530e-03 9.981604e-01 -5.987583e-02 -5.887202e+00 -9.580051e-01 8.058729e-03 2.866381e-01 6.288683e+01
2.965889e-01 6.024631e-02 9.531031e-01 8.263765e+01 -1.212737e-02 9.981653e-01 -5.932091e-02 -5.928674e+00 -9.549283e-01 6.035293e-03 2.967754e-01 6.309527e+01
3.054776e-01 5.707851e-02 9.504871e-01 8.334407e+01 -1.420147e-02 9.983639e-01 -5.538939e-02 -5.967926e+00 -9.520934e-01 3.421910e-03 3.057884e-01 6.331308e+01
3.151439e-01 4.942405e-02 9.477561e-01 8.397475e+01 -1.042247e-02 9.987630e-01 -4.861835e-02 -6.011476e+00 -9.489867e-01 5.443821e-03 3.152692e-01 6.352433e+01
3.264237e-01 4.489691e-02 9.441567e-01 8.465248e+01 -8.770874e-03 9.989722e-01 -4.447116e-02 -6.056106e+00 -9.451829e-01 6.235361e-03 3.264820e-01 6.375443e+01
3.368919e-01 4.201484e-02 9.406054e-01 8.532542e+01 -8.064326e-03 9.990960e-01 -4.173913e-02 -6.088864e+00 -9.415088e-01 6.476229e-03 3.369262e-01 6.399332e+01
3.460271e-01 3.981247e-02 9.373794e-01 8.599770e+01 -4.388519e-03 9.991570e-01 -4.081630e-02 -6.129457e+00 -9.382142e-01 1.000984e-02 3.459101e-01 6.423499e+01
3.546549e-01 3.576001e-02 9.343132e-01 8.668751e+01 2.077578e-03 9.992357e-01 -3.903349e-02 -6.156202e+00 -9.349949e-01 1.578453e-02 3.543096e-01 6.448396e+01
3.625206e-01 2.589177e-02 9.316161e-01 8.741898e+01 1.155934e-02 9.994122e-01 -3.227408e-02 -6.190003e+00 -9.319041e-01 2.246888e-02 3.620082e-01 6.475112e+01
3.691361e-01 2.043433e-02 9.291506e-01 8.811198e+01 1.802014e-02 9.994130e-01 -2.913867e-02 -6.228620e+00 -9.292006e-01 2.749956e-02 3.685512e-01 6.501938e+01
3.767254e-01 1.993826e-02 9.261104e-01 8.882425e+01 2.177374e-02 9.993015e-01 -3.037116e-02 -6.257902e+00 -9.260690e-01 3.160647e-02 3.760281e-01 6.530558e+01
3.839107e-01 2.607346e-02 9.230020e-01 8.953017e+01 2.351168e-02 9.990011e-01 -3.799970e-02 -6.298366e+00 -9.230708e-01 3.628982e-02 3.829141e-01 6.559624e+01
3.913426e-01 3.110688e-02 9.197192e-01 9.024366e+01 2.645144e-02 9.986354e-01 -4.503114e-02 -6.335744e+00 -9.198649e-01 4.195051e-02 3.899857e-01 6.589384e+01
3.971644e-01 3.301941e-02 9.171532e-01 9.094988e+01 2.537106e-02 9.985756e-01 -4.693747e-02 -6.379938e+00 -9.173967e-01 4.191104e-02 3.957610e-01 6.620106e+01
4.014773e-01 3.473121e-02 9.152101e-01 9.164083e+01 1.850413e-02 9.987692e-01 -4.601943e-02 -6.423018e+00 -9.156820e-01 3.541093e-02 4.003405e-01 6.651976e+01
4.057252e-01 3.749666e-02 9.132257e-01 9.232995e+01 1.303787e-02 9.988191e-01 -4.680353e-02 -6.467058e+00 -9.139022e-01 3.089590e-02 4.047572e-01 6.684357e+01
4.096172e-01 4.059881e-02 9.113536e-01 9.301406e+01 1.147059e-02 9.987010e-01 -4.964552e-02 -6.523760e+00 -9.121854e-01 3.078943e-02 4.086195e-01 6.715916e+01
4.133366e-01 4.480337e-02 9.094754e-01 9.367931e+01 9.007335e-03 9.985387e-01 -5.328453e-02 -6.569825e+00 -9.105338e-01 3.021640e-02 4.123290e-01 6.746960e+01
4.169809e-01 4.794246e-02 9.076499e-01 9.434927e+01 5.407425e-03 9.984594e-01 -5.522327e-02 -6.624019e+00 -9.088991e-01 2.793510e-02 4.160793e-01 6.778632e+01
4.210047e-01 4.661543e-02 9.058599e-01 9.500661e+01 4.712308e-03 9.985527e-01 -5.357547e-02 -6.669680e+00 -9.070463e-01 2.682422e-02 4.201757e-01 6.809670e+01
4.246597e-01 4.339543e-02 9.043124e-01 9.564924e+01 5.523471e-03 9.987078e-01 -5.051899e-02 -6.723519e+00 -9.053362e-01 2.644833e-02 4.238713e-01 6.840006e+01
4.283180e-01 4.099790e-02 9.026975e-01 9.629002e+01 5.349495e-03 9.988377e-01 -4.790257e-02 -6.769586e+00 -9.036122e-01 2.534651e-02 4.276009e-01 6.870732e+01
4.314817e-01 3.991731e-02 9.012381e-01 9.690826e+01 4.395122e-03 9.989157e-01 -4.634784e-02 -6.818374e+00 -9.021110e-01 2.395929e-02 4.308384e-01 6.900956e+01
4.350208e-01 4.134319e-02 8.994709e-01 9.752750e+01 2.285236e-03 9.988914e-01 -4.701819e-02 -6.861019e+00 -9.004176e-01 2.250940e-02 4.344441e-01 6.931651e+01
4.378544e-01 4.153449e-02 8.980860e-01 9.813512e+01 3.154688e-03 9.988552e-01 -4.773288e-02 -6.907936e+00 -8.990403e-01 2.373324e-02 4.372221e-01 6.961509e+01
4.401588e-01 3.957842e-02 8.970472e-01 9.873345e+01 5.457865e-03 9.988917e-01 -4.674991e-02 -6.947352e+00 -8.979034e-01 2.547335e-02 4.394550e-01 6.990683e+01
4.416509e-01 3.810481e-02 8.963774e-01 9.931480e+01 7.374679e-03 9.989098e-01 -4.609698e-02 -6.991136e+00 -8.971567e-01 2.696927e-02 4.408883e-01 7.019138e+01
4.436396e-01 3.787941e-02 8.954043e-01 9.989674e+01 6.240696e-03 9.989516e-01 -4.535193e-02 -7.030603e+00 -8.961835e-01 2.570786e-02 4.429381e-01 7.048395e+01
4.455698e-01 3.687279e-02 8.944877e-01 1.004682e+02 7.833987e-03 9.989526e-01 -4.508141e-02 -7.071149e+00 -8.952131e-01 2.709432e-02 4.448142e-01 7.076752e+01
4.477191e-01 3.853003e-02 8.933437e-01 1.010218e+02 7.615685e-03 9.988707e-01 -4.689819e-02 -7.108690e+00 -8.941419e-01 2.780064e-02 4.469200e-01 7.104412e+01
4.504850e-01 3.865048e-02 8.919470e-01 1.015793e+02 9.668958e-03 9.987926e-01 -4.816377e-02 -7.150248e+00 -8.927317e-01 3.032126e-02 4.495674e-01 7.132459e+01
4.534788e-01 3.754451e-02 8.904761e-01 1.021314e+02 1.228303e-02 9.987542e-01 -4.836495e-02 -7.193232e+00 -8.911825e-01 3.287022e-02 4.524527e-01 7.160445e+01
4.564392e-01 3.578414e-02 8.890347e-01 1.026612e+02 1.483104e-02 9.987461e-01 -4.781449e-02 -7.229041e+00 -8.896310e-01 3.500971e-02 4.553362e-01 7.187334e+01
4.597281e-01 3.446101e-02 8.873909e-01 1.031885e+02 1.660755e-02 9.987385e-01 -4.738891e-02 -7.267216e+00 -8.879044e-01 3.652340e-02 4.585758e-01 7.214787e+01
4.629581e-01 3.385353e-02 8.857335e-01 1.037075e+02 1.727083e-02 9.987361e-01 -4.719978e-02 -7.305101e+00 -8.862119e-01 3.714887e-02 4.617883e-01 7.242039e+01
