1.000000e+00 0.000000e+00 0.000000e+00 0.000000e+00 0.000000e+00 1.000000e+00 0.000000e+00 0.000000e+00 0.000000e+00 0.000000e+00 1.000000e+00 0.000000e+00
1.000000e+00 0.000000e+00 0.000000e+00 0.000000e+00 0.000000e+00 1.000000e+00 0.000000e+00 0.000000e+00 0.000000e+00 0.000000e+00 1.000000e+00 0.000000e+00
9.999797e-01 1.660292e-03 -6.141618e-03 6.402022e-02 -1.676896e-03 9.999949e-01 -2.699323e-03 1.240007e-02 6.137106e-03 2.709567e-03 9.999775e-01 -1.119117e-01
9.996668e-01 1.947302e-03 -2.574139e-02 7.696524e-01 -2.037489e-03 9.999919e-01 -3.477810e-03 2.334694e-03 2.573441e-02 3.529099e-03 9.996626e-01 4.946776e-01
9.991383e-01 2.442665e-03 -4.143327e-02 1.371264e+00 -2.650359e-03 9.999842e-01 -4.958562e-03 -1.235660e-02 4.142050e-02 5.064102e-03 9.991290e-01 1.086865e+00
9.992263e-01 1.050213e-03 -3.931480e-02 1.233983e+00 -1.306384e-03 9.999781e-01 -6.490769e-03 -3.545607e-02 3.930712e-02 6.537108e-03 9.992058e-01 2.385138e+00
9.990755e-01 8.005929e-04 -4.298323e-02 1.273784e+00 -1.152330e-03 9.999660e-01 -8.158982e-03 -4.216450e-02 4.297524e-02 8.200970e-03 9.990425e-01 3.574045e+00
9.990603e-01 -1.491078e-03 -4.331581e-02 1.233277e+00 1.189084e-03 9.999748e-01 -6.996839e-03 -4.048843e-02 4.332515e-02 6.938758e-03 9.990369e-01 3.701801e+00
9.991106e-01 -3.956195e-03 -4.198095e-02 1.129444e+00 3.691103e-03 9.999728e-01 -6.390238e-03 -6.345820e-02 4.200509e-02 6.229598e-03 9.990980e-01 5.039135e+00
9.990937e-01 -3.184300e-03 -4.244660e-02 1.097163e+00 2.929568e-03 9.999774e-01 -6.062078e-03 -9.204137e-02 4.246494e-02 5.932233e-03 9.990804e-01 6.451093e+00
9.991431e-01 -2.286666e-03 -4.132479e-02 9.951797e-01 1.934542e-03 9.999615e-01 -8.558873e-03 -1.164048e-01 4.134277e-02 8.471595e-03 9.991091e-01 7.809105e+00
9.991458e-01 2.533933e-03 -4.124581e-02 1.111043e+00 -3.081141e-03 9.999080e-01 -1.320882e-02 -8.358559e-02 4.120855e-02 1.332462e-02 9.990617e-01 8.252742e+00
9.990792e-01 2.768773e-03 -4.281339e-02 1.328770e+00 -3.317445e-03 9.999132e-01 -1.274968e-02 -9.170949e-02 4.277438e-02 1.287998e-02 9.990017e-01 8.414288e+00
9.988133e-01 2.805360e-03 -4.862270e-02 1.655796e+00 -3.421940e-03 9.999147e-01 -1.260231e-02 -9.413744e-02 4.858320e-02 1.275374e-02 9.987377e-01 8.637293e+00
9.988316e-01 3.269417e-03 -4.821638e-02 1.570363e+00 -3.822351e-03 9.999279e-01 -1.138003e-02 -1.359211e-01 4.817570e-02 1.155104e-02 9.987721e-01 1.000853e+01
9.985502e-01 -2.322248e-03 -5.377775e-02 1.931560e+00 1.638704e-03 9.999173e-01 -1.275114e-02 -1.092164e-01 5.380291e-02 1.264453e-02 9.984715e-01 1.023580e+01
9.978826e-01 -4.370148e-03 -6.489348e-02 2.214368e+00 3.127916e-03 9.998102e-01 -1.923189e-02 -7.405568e-02 6.496520e-02 1.898819e-02 9.977068e-01 1.087546e+01
9.974119e-01 -6.035228e-03 -7.164580e-02 2.403623e+00 4.470874e-03 9.997485e-01 -2.197488e-02 -7.564875e-02 7.176041e-02 2.159768e-02 9.971880e-01 1.117981e+01
9.975545e-01 -7.712797e-03 -6.946569e-02 2.274250e+00 6.020138e-03 9.996806e-01 -2.454332e-02 -1.210155e-01 6.963280e-02 2.406511e-02 9.972824e-01 1.248364e+01
9.975829e-01 -6.218501e-03 -6.920756e-02 2.196478e+00 4.458217e-03 9.996634e-01 -2.556030e-02 -1.790425e-01 6.934322e-02 2.518998e-02 9.972748e-01 1.388601e+01
9.972303e-01 -5.262807e-03 -7.418901e-02 2.314811e+00 3.547327e-03 9.997237e-01 -2.323594e-02 -1.739850e-01 7.429080e-02 2.290841e-02 9.969735e-01 1.421162e+01
9.970649e-01 -1.002376e-02 -7.590196e-02 2.455306e+00 8.468293e-03 9.997481e-01 -2.078728e-02 -1.766756e-01 7.609120e-02 2.008350e-02 9.968986e-01 1.440998e+01
9.967757e-01 -1.190530e-02 -7.934950e-02 2.417693e+00 1.010264e-02 9.996825e-01 -2.308085e-02 -2.044878e-01 7.959909e-02 2.220479e-02 9.965796e-01 1.551726e+01
9.968743e-01 -1.196511e-02 -7.809280e-02 2.378015e+00 9.864914e-03 9.995807e-01 -2.722418e-02 -1.864266e-01 7.838579e-02 2.636871e-02 9.965743e-01 1.565559e+01
9.966975e-01 -1.925430e-02 -7.888861e-02 2.473462e+00 1.702797e-02 9.994402e-01 -2.879743e-02 -2.003280e-01 7.939892e-02 2.735901e-02 9.964674e-01 1.577382e+01
9.968584e-01 -1.519138e-02 -7.773355e-02 2.539686e+00 1.282282e-02 9.994408e-01 -3.087913e-02 -1.927489e-01 7.815918e-02 2.978536e-02 9.964958e-01 1.593385e+01
9.970350e-01 -1.493499e-02 -7.548553e-02 2.477959e+00 1.247429e-02 9.993786e-01 -3.296532e-02 -1.950546e-01 7.593096e-02 3.192595e-02 9.966018e-01 1.604254e+01
9.970993e-01 -1.535704e-02 -7.454675e-02 2.560068e+00 1.297587e-02 9.993933e-01 -3.232180e-02 -1.975658e-01 7.499789e-02 3.126073e-02 9.966936e-01 1.616977e+01
9.975824e-01 -1.353583e-02 -6.816280e-02 2.266656e+00 1.131915e-02 9.993978e-01 -3.280226e-02 -1.809432e-01 6.856576e-02 3.195141e-02 9.971348e-01 1.623251e+01
9.976071e-01 -1.526712e-02 -6.743103e-02 2.325609e+00 1.326403e-02 9.994603e-01 -3.005429e-02 -1.935468e-01 6.785348e-02 2.908796e-02 9.972712e-01 1.631799e+01
9.974726e-01 -1.351578e-02 -6.975394e-02 2.536952e+00 1.133531e-02 9.994376e-01 -3.156110e-02 -1.766161e-01 7.014128e-02 3.069066e-02 9.970648e-01 1.643066e+01
9.976653e-01 -1.004215e-02 -6.755091e-02 2.533998e+00 7.897279e-03 9.994584e-01 -3.194441e-02 -1.785634e-01 6.783511e-02 3.133636e-02 9.972043e-01 1.648632e+01
9.978082e-01 -1.071196e-02 -6.530042e-02 2.582839e+00 8.632410e-03 9.994491e-01 -3.204533e-02 -1.701913e-01 6.560772e-02 3.141139e-02 9.973510e-01 1.653350e+01
9.978243e-01 -1.049926e-02 -6.508838e-02 2.481057e+00 8.384826e-03 9.994309e-01 -3.267410e-02 -2.299489e-01 6.539439e-02 3.205726e-02 9.973444e-01 1.801703e+01
9.975620e-01 -1.350643e-02 -6.846620e-02 2.644418e+00 1.119433e-02 9.993577e-01 -3.404183e-02 -2.179025e-01 6.888201e-02 3.319240e-02 9.970725e-01 1.826327e+01
9.975981e-01 -1.442307e-02 -6.774976e-02 2.523276e+00 1.204915e-02 9.993035e-01 -3.531846e-02 -2.765241e-01 6.821197e-02 3.441730e-02 9.970770e-01 1.967503e+01
9.975429e-01 -1.532532e-02 -6.836206e-02 2.465899e+00 1.284232e-02 9.992470e-01 -3.661410e-02 -3.401170e-01 6.887171e-02 3.564620e-02 9.969885e-01 2.110620e+01
9.975043e-01 -1.747577e-02 -6.840931e-02 2.364912e+00 1.506682e-02 9.992535e-01 -3.557276e-02 -3.287856e-01 6.897990e-02 3.445327e-02 9.970229e-01 2.119783e+01
9.971337e-01 -1.786133e-02 -7.352135e-02 2.779642e+00 1.521377e-02 9.992210e-01 -3.641462e-02 -3.327127e-01 7.411449e-02 3.519171e-02 9.966286e-01 2.139434e+01
9.970187e-01 -2.024134e-02 -7.445817e-02 2.784227e+00 1.762602e-02 9.992101e-01 -3.561573e-02 -3.360971e-01 7.512026e-02 3.419715e-02 9.965879e-01 2.160441e+01
9.965910e-01 -2.328978e-02 -7.914562e-02 2.977982e+00 2.068360e-02 9.992216e-01 -3.359077e-02 -3.672830e-01 7.986633e-02 3.183925e-02 9.962969e-01 2.197487e+01
9.960666e-01 -2.436109e-02 -8.519337e-02 3.041634e+00 2.149618e-02 9.991775e-01 -3.438561e-02 -3.808535e-01 8.596096e-02 3.241902e-02 9.957709e-01 2.261282e+01
9.958752e-01 -2.481965e-02 -8.727233e-02 2.965090e+00 2.165828e-02 9.990810e-01 -3.698640e-02 -4.313417e-01 8.811012e-02 3.494367e-02 9.954976e-01 2.401868e+01
9.958643e-01 -2.666143e-02 -8.685252e-02 2.850412e+00 2.337131e-02 9.989783e-01 -3.868087e-02 -4.932423e-01 8.779506e-02 3.649104e-02 9.954699e-01 2.545508e+01
9.958506e-01 -3.025209e-02 -8.582829e-02 2.707932e+00 2.710760e-02 9.989263e-01 -3.756916e-02 -5.865530e-01 8.687268e-02 3.508667e-02 9.956014e-01 2.687876e+01
9.957313e-01 -3.030780e-02 -8.718162e-02 2.655236e+00 2.693827e-02 9.988536e-01 -3.957006e-02 -6.498985e-01 8.828096e-02 3.705262e-02 9.954062e-01 2.833179e+01
9.956396e-01 -3.163476e-02 -8.775552e-02 2.550287e+00 2.830163e-02 9.988395e-01 -3.896995e-02 -7.309567e-01 8.888648e-02 3.631640e-02 9.953795e-01 2.980839e+01
9.954948e-01 -3.473917e-02 -8.822227e-02 2.571341e+00 3.108089e-02 9.986126e-01 -4.250750e-02 -6.990674e-01 8.957655e-02 3.957397e-02 9.951934e-01 3.001134e+01
9.960281e-01 -3.334691e-02 -8.255976e-02 2.322864e+00 2.993825e-02 9.986611e-01 -4.218670e-02 -7.166949e-01 8.385602e-02 3.954744e-02 9.956928e-01 3.005987e+01
9.961531e-01 -3.263625e-02 -8.132599e-02 2.228408e+00 2.907467e-02 9.985818e-01 -4.459998e-02 -7.930984e-01 8.266623e-02 4.206388e-02 9.956892e-01 3.143707e+01
9.962506e-01 -3.187125e-02 -8.042949e-02 2.085600e+00 2.835330e-02 9.986066e-01 -4.450910e-02 -8.883031e-01 8.173598e-02 4.206178e-02 9.957660e-01 3.295304e+01
9.961258e-01 -3.049039e-02 -8.248452e-02 2.069712e+00 2.677272e-02 9.985914e-01 -4.580792e-02 -9.731262e-01 8.376504e-02 4.342211e-02 9.955390e-01 3.440515e+01
9.965209e-01 -2.820126e-02 -7.842708e-02 1.869001e+00 2.490149e-02 9.987759e-01 -4.273875e-02 -1.035870e+00 7.953637e-02 4.063711e-02 9.960033e-01 3.511450e+01
9.964218e-01 -2.817867e-02 -7.968460e-02 2.039478e+00 2.485002e-02 9.987891e-01 -4.246045e-02 -1.026169e+00 8.078459e-02 4.032835e-02 9.959154e-01 3.526316e+01
9.967228e-01 -2.463866e-02 -7.704897e-02 1.821288e+00 2.127365e-02 9.987965e-01 -4.419366e-02 -1.035578e+00 7.804511e-02 4.240971e-02 9.960474e-01 3.531952e+01
9.967908e-01 -1.759473e-02 -7.809257e-02 1.757954e+00 1.406659e-02 9.988652e-01 -4.550136e-02 -1.126470e+00 7.880454e-02 4.425684e-02 9.959072e-01 3.681986e+01
9.972754e-01 -8.683556e-03 -7.325641e-02 1.536310e+00 5.029987e-03 9.987410e-01 -4.991155e-02 -1.139996e+00 7.359759e-02 4.940708e-02 9.960634e-01 3.795491e+01
9.971269e-01 -2.470154e-02 -7.160792e-02 1.332489e+00 2.115445e-02 9.985313e-01 -4.987699e-02 -1.120035e+00 7.273479e-02 4.821886e-02 9.961850e-01 3.796926e+01
9.973615e-01 -1.663795e-02 -7.066286e-02 1.384278e+00 1.297558e-02 9.985641e-01 -5.197512e-02 -1.107005e+00 7.142615e-02 5.092109e-02 9.961452e-01 3.807412e+01
9.970006e-01 -2.153338e-02 -7.433767e-02 1.410368e+00 1.743523e-02 9.983151e-01 -5.534421e-02 -1.094054e+00 7.540417e-02 5.388211e-02 9.956962e-01 3.833698e+01
9.972705e-01 3.040336e-03 -7.377217e-02 1.217093e+00 -7.589690e-03 9.980803e-01 -6.146593e-02 -1.120490e+00 7.344367e-02 6.185806e-02 9.953791e-01 3.863160e+01
9.971751e-01 6.606733e-04 -7.510920e-02 1.256461e+00 -5.237801e-03 9.981387e-01 -6.075903e-02 -1.225986e+00 7.492926e-02 6.098079e-02 9.953225e-01 3.974611e+01
9.973971e-01 1.008839e-03 -7.209674e-02 7.651951e-01 -5.474449e-03 9.980755e-01 -6.176845e-02 -1.215634e+00 7.189567e-02 6.200236e-02 9.954832e-01 3.984021e+01
9.973764e-01 3.952071e-03 -7.228168e-02 8.379969e-01 -8.479689e-03 9.980127e-01 -6.243941e-02 -1.212469e+00 7.189127e-02 6.288853e-02 9.954279e-01 3.985653e+01
9.972004e-01 7.763091e-03 -7.437215e-02 8.490643e-01 -1.232358e-02 9.980581e-01 -6.105861e-02 -1.233090e+00 7.375372e-02 6.180419e-02 9.953595e-01 4.003471e+01
9.972718e-01 2.345515e-03 -7.377981e-02 7.334276e-01 -6.716736e-03 9.982321e-01 -5.905469e-02 -1.235598e+00 7.351086e-02 5.938913e-02 9.955245e-01 4.005348e+01
9.971071e-01 2.697363e-03 -7.596117e-02 9.591689e-01 -7.229600e-03 9.982049e-01 -5.945359e-02 -1.227434e+00 7.566445e-02 5.983077e-02 9.953367e-01 4.011445e+01
9.972398e-01 -4.038088e-03 -7.413836e-02 6.607741e-01 -2.805807e-04 9.983079e-01 -5.814886e-02 -1.228994e+00 7.424772e-02 5.800916e-02 9.955512e-01 4.011301e+01
9.971635e-01 -5.523623e-03 -7.506228e-02 5.674098e-01 1.058759e-03 9.982342e-01 -5.939220e-02 -1.332304e+00 7.525779e-02 5.914426e-02 9.954086e-01 4.153990e+01
9.972236e-01 -4.487735e-03 -7.433043e-02 4.375633e-01 -5.380186e-05 9.981387e-01 -6.098491e-02 -1.429027e+00 7.446576e-02 6.081959e-02 9.953672e-01 4.295512e+01
9.973007e-01 -3.974857e-03 -7.331824e-02 2.817084e-01 -5.660243e-04 9.980878e-01 -6.180935e-02 -1.418661e+00 7.342372e-02 6.168401e-02 9.953914e-01 4.308049e+01
9.972455e-01 -2.638487e-03 -7.412505e-02 1.848423e-01 -1.993058e-03 9.980530e-01 -6.233949e-02 -1.530956e+00 7.414521e-02 6.231551e-02 9.952986e-01 4.449741e+01
9.973546e-01 7.125285e-04 -7.268661e-02 1.210135e-01 -5.412424e-03 9.979041e-01 -6.448328e-02 -1.513315e+00 7.248832e-02 6.470610e-02 9.952681e-01 4.460761e+01
9.973659e-01 1.107497e-03 -7.252657e-02 8.359282e-03 -5.858131e-03 9.978470e-01 -6.532208e-02 -1.511295e+00 7.229809e-02 6.557488e-02 9.952251e-01 4.478242e+01
9.974985e-01 4.879029e-03 -7.051989e-02 -1.235832e-02 -9.589666e-03 9.977326e-01 -6.661539e-02 -1.493879e+00 7.003497e-02 6.712501e-02 9.952835e-01 4.493282e+01
9.975102e-01 3.915466e-03 -7.041394e-02 -5.592273e-02 -8.626723e-03 9.977338e-01 -6.672897e-02 -1.484331e+00 6.999309e-02 6.717027e-02 9.952834e-01 4.499405e+01
9.972534e-01 2.636133e-03 -7.401835e-02 1.943501e-01 -7.704631e-03 9.976368e-01 -6.827451e-02 -1.504919e+00 7.366345e-02 6.865727e-02 9.949170e-01 4.531186e+01
9.973298e-01 6.111918e-04 -7.302714e-02 9.899683e-02 -5.700864e-03 9.975652e-01 -6.950755e-02 -1.623086e+00 7.280685e-02 6.973827e-02 9.949049e-01 4.667466e+01
9.974033e-01 -1.013756e-04 -7.201838e-02 6.165291e-03 -5.148448e-03 9.973401e-01 -7.270622e-02 -1.731725e+00 7.183419e-02 7.288821e-02 9.947498e-01 4.799314e+01
9.959500e-01 -2.471619e-03 -8.987439e-02 2.072310e-01 -4.794325e-03 9.967399e-01 -8.053984e-02 -1.719368e+00 8.978045e-02 8.064455e-02 9.926913e-01 4.886934e+01
9.960789e-01 -3.571393e-03 -8.839684e-02 1.952351e-01 -3.307757e-03 9.969828e-01 -7.755260e-02 -1.740577e+00 8.840710e-02 7.754091e-02 9.930617e-01 4.893177e+01
9.960989e-01 -5.216061e-03 -8.808924e-02 3.078899e-01 -1.441064e-03 9.971569e-01 -7.534034e-02 -1.753923e+00 8.823177e-02 7.517337e-02 9.932594e-01 4.903270e+01
9.960107e-01 -7.886584e-03 -8.888521e-02 2.293064e-01 1.264285e-03 9.972340e-01 -7.431526e-02 -1.881847e+00 8.922545e-02 7.390641e-02 9.932656e-01 5.040878e+01
9.961763e-01 -9.818993e-03 -8.681224e-02 1.332883e-01 3.039399e-03 9.969577e-01 -7.788468e-02 -1.992086e+00 8.731288e-02 7.732302e-02 9.931755e-01 5.175657e+01
9.963704e-01 -7.404373e-03 -8.480024e-02 -1.589357e-02 4.658622e-04 9.966691e-01 -8.155093e-02 -2.113361e+00 8.512160e-02 8.121543e-02 9.930550e-01 5.313002e+01
9.966549e-01 -6.321025e-03 -8.148115e-02 -1.538536e-01 -5.677697e-04 9.964449e-01 -8.424554e-02 -2.237750e+00 8.172400e-02 8.400998e-02 9.931080e-01 5.447980e+01
9.964830e-01 -1.579905e-02 -8.229278e-02 5.793352e-02 9.275753e-03 9.968269e-01 -7.905660e-02 -2.255683e+00 8.328068e-02 7.801523e-02 9.934676e-01 5.455817e+01
9.966350e-01 -1.348031e-02 -8.085093e-02 -1.493989e-02 7.206771e-03 9.969749e-01 -7.738950e-02 -2.263373e+00 8.164958e-02 7.654641e-02 9.937173e-01 5.479955e+01
9.965580e-01 -2.375390e-02 -7.942230e-02 -2.004961e-01 1.729975e-02 9.965651e-01 -8.098605e-02 -2.229471e+00 8.107322e-02 7.933331e-02 9.935458e-01 5.492136e+01
9.967288e-01 -2.589421e-02 -7.655833e-02 -3.872333e-01 1.954214e-02 9.963924e-01 -8.258513e-02 -2.340516e+00 7.842061e-02 8.081885e-02 9.936391e-01 5.625480e+01
9.969600e-01 -1.922982e-02 -7.550462e-02 -4.955789e-01 1.280920e-02 9.963312e-01 -8.461740e-02 -2.418344e+00 7.685478e-02 8.339301e-02 9.935487e-01 5.732358e+01
9.971352e-01 -1.712278e-02 -7.367576e-02 -6.199377e-01 1.081441e-02 9.963064e-01 -8.518545e-02 -2.552552e+00 7.486225e-02 8.414464e-02 9.936374e-01 5.864761e+01
9.970089e-01 -1.862842e-02 -7.500792e-02 -6.197353e-01 1.202399e-02 9.960869e-01 -8.755742e-02 -2.645412e+00 7.634547e-02 8.639364e-02 9.933315e-01 5.970308e+01
9.973835e-01 -9.673460e-03 -7.164194e-02 -8.058203e-01 3.545610e-03 9.963599e-01 -8.517239e-02 -2.697975e+00 7.220507e-02 8.469553e-02 9.937872e-01 5.979823e+01
9.973867e-01 -1.981695e-02 -6.947715e-02 -9.736186e-01 1.439110e-02 9.968695e-01 -7.774376e-02 -2.791739e+00 7.080030e-02 7.654074e-02 9.945496e-01 6.015514e+01
9.974355e-01 -2.468897e-02 -6.717822e-02 -1.150058e+00 1.954705e-02 9.969047e-01 -7.615007e-02 -2.940092e+00 6.885035e-02 7.464164e-02 9.948308e-01 6.160388e+01
9.974395e-01 -2.547145e-02 -6.682528e-02 -1.224372e+00 2.034443e-02 9.968764e-01 -7.631160e-02 -3.050678e+00 6.856031e-02 7.475667e-02 9.948422e-01 6.298781e+01
9.969700e-01 -3.422239e-02 -6.985456e-02 -1.071720e+00 2.869612e-02 9.964903e-01 -7.863634e-02 -3.011591e+00 7.230051e-02 7.639351e-02 9.944530e-01 6.315448e+01
9.952366e-01 -6.355984e-02 -7.392070e-02 -1.181113e+00 5.797585e-02 9.954681e-01 -7.537938e-02 -3.015110e+00 7.837680e-02 7.073470e-02 9.944112e-01 6.362904e+01
9.950457e-01 -6.059473e-02 -7.881790e-02 -9.104513e-01 5.436309e-02 9.953959e-01 -7.894121e-02 -3.009547e+00 8.323843e-02 7.426533e-02 9.937586e-01 6.399494e+01
9.951518e-01 -5.445604e-02 -8.189838e-02 -6.147847e-01 4.833045e-02 9.960113e-01 -7.500391e-02 -3.069776e+00 8.565614e-02 7.068209e-02 9.938144e-01 6.418893e+01
9.953000e-01 -4.854004e-02 -8.379618e-02 -4.413812e-01 4.252094e-02 9.964849e-01 -7.217900e-02 -3.103948e+00 8.700520e-02 6.827667e-02 9.938654e-01 6.428014e+01
9.951155e-01 -4.745890e-02 -8.656047e-02 -4.136437e-01 4.115031e-02 9.964633e-01 -7.326375e-02 -3.106780e+00 8.973135e-02 6.934391e-02 9.935490e-01 6.458574e+01
9.949225e-01 -4.808050e-02 -8.841704e-02 -3.016355e-01 4.159890e-02 9.964093e-01 -7.374346e-02 -3.081084e+00 9.164518e-02 6.969097e-02 9.933500e-01 6.472951e+01
9.948072e-01 -4.810288e-02 -8.969222e-02 -2.108314e-01 4.156290e-02 9.964353e-01 -7.341033e-02 -3.080881e+00 9.290375e-02 6.930126e-02 9.932604e-01 6.478990e+01
9.946314e-01 -4.537745e-02 -9.300202e-02 -5.650547e-02 3.823651e-02 9.962839e-01 -7.717668e-02 -3.068336e+00 9.615850e-02 7.320628e-02 9.926704e-01 6.501276e+01
9.943748e-01 -4.514404e-02 -9.581614e-02 1.550853e-01 3.784391e-02 9.963369e-01 -7.668486e-02 -3.070378e+00 9.892702e-02 7.262744e-02 9.924408e-01 6.511975e+01
9.933583e-01 -5.177338e-02 -1.027557e-01 4.297875e-01 4.365855e-02 9.958616e-01 -7.970892e-02 -3.063898e+00 1.064573e-01 7.469335e-02 9.915078e-01 6.538197e+01
9.931473e-01 -5.501774e-02 -1.031090e-01 2.800512e-01 4.660539e-02 9.955178e-01 -8.229285e-02 -3.200066e+00 1.071744e-01 7.692349e-02 9.912600e-01 6.673975e+01
9.929030e-01 -5.942531e-02 -1.030158e-01 1.128905e-01 5.076523e-02 9.951089e-01 -8.474146e-02 -3.315646e+00 1.075478e-01 7.891043e-02 9.910634e-01 6.810652e+01
9.920578e-01 -6.570362e-02 -1.072586e-01 1.704526e-01 5.693154e-02 9.949308e-01 -8.289475e-02 -3.336134e+00 1.121614e-01 7.612998e-02 9.907694e-01 6.838327e+01
9.920995e-01 -6.298579e-02 -1.084956e-01 1.485309e-01 5.341828e-02 9.946035e-01 -8.894026e-02 -3.370272e+00 1.135121e-01 8.244193e-02 9.901103e-01 6.906829e+01
9.920820e-01 -6.504733e-02 -1.074342e-01 1.947282e-01 5.524739e-02 9.942433e-01 -9.180433e-02 -3.380490e+00 1.127874e-01 8.514196e-02 9.899645e-01 6.912032e+01
9.916965e-01 -6.136644e-02 -1.130137e-01 2.638165e-01 5.058507e-02 9.941035e-01 -9.591363e-02 -3.433960e+00 1.182332e-01 8.940041e-02 9.889532e-01 6.983770e+01
9.917517e-01 -5.503836e-02 -1.157558e-01 3.388281e-01 4.357503e-02 9.941000e-01 -9.932999e-02 -3.424552e+00 1.205398e-01 9.346662e-02 9.882986e-01 7.015342e+01
9.913691e-01 -5.738637e-02 -1.178735e-01 3.756381e-01 4.632138e-02 9.944412e-01 -9.455718e-02 -3.454406e+00 1.226446e-01 8.828101e-02 9.885164e-01 7.028643e+01
9.915330e-01 -6.013804e-02 -1.150899e-01 1.779824e-01 4.969617e-02 9.945604e-01 -9.154166e-02 -3.595758e+00 1.199690e-01 8.504706e-02 9.891281e-01 7.155434e+01
9.909950e-01 -6.038053e-02 -1.195118e-01 1.211443e-01 4.886383e-02 9.940788e-01 -9.705482e-02 -3.645824e+00 1.246643e-01 9.034104e-02 9.880776e-01 7.271629e+01
9.909792e-01 -6.444746e-02 -1.175024e-01 1.036102e-01 5.340730e-02 9.940627e-01 -9.480046e-02 -3.659833e+00 1.229144e-01 8.766980e-02 9.885373e-01 7.269550e+01
9.912828e-01 -6.404725e-02 -1.151368e-01 5.903710e-02 5.318129e-02 9.940472e-01 -9.508952e-02 -3.645491e+00 1.205416e-01 8.813748e-02 9.887879e-01 7.272288e+01
9.917388e-01 -6.200721e-02 -1.122907e-01 7.212227e-02 5.136465e-02 9.941216e-01 -9.530959e-02 -3.638092e+00 1.175405e-01 8.875445e-02 9.890940e-01 7.275750e+01
9.920719e-01 -6.068772e-02 -1.100473e-01 4.980375e-02 5.000591e-02 9.939926e-01 -9.735532e-02 -3.644632e+00 1.152945e-01 9.108046e-02 9.891469e-01 7.290306e+01
9.924818e-01 -5.904805e-02 -1.072063e-01 5.026792e-02 4.872637e-02 9.941425e-01 -9.646948e-02 -3.644052e+00 1.122747e-01 9.052043e-02 9.895456e-01 7.288748e+01
9.931224e-01 -5.527639e-02 -1.032103e-01 -1.366182e-01 4.528670e-02 9.942786e-01 -9.674326e-02 -3.794298e+00 1.079674e-01 9.140384e-02 9.899436e-01 7.424493e+01
9.934385e-01 -5.376172e-02 -1.009436e-01 -3.042613e-01 4.408213e-02 9.944252e-01 -9.578744e-02 -3.945567e+00 1.055305e-01 9.070913e-02 9.902703e-01 7.556651e+01
9.937512e-01 -5.096055e-02 -9.930544e-02 -4.591817e-01 4.130799e-02 9.944324e-01 -9.694288e-02 -4.091941e+00 1.036928e-01 9.223500e-02 9.903234e-01 7.692223e+01
9.939029e-01 -5.049152e-02 -9.801889e-02 -6.095402e-01 4.063573e-02 9.941508e-01 -1.000645e-01 -4.239139e+00 1.024980e-01 9.547132e-02 9.901411e-01 7.830296e+01
9.943728e-01 -4.143032e-02 -9.749984e-02 -5.793210e-01 3.171658e-02 9.945669e-01 -9.915019e-02 -4.270669e+00 1.010779e-01 9.549989e-02 9.902843e-01 7.841376e+01
9.943153e-01 -4.105810e-02 -9.824139e-02 -4.073347e-01 3.135728e-02 9.946600e-01 -9.832738e-02 -4.272245e+00 1.017539e-01 9.468783e-02 9.902931e-01 7.853629e+01
9.939170e-01 -3.410486e-02 -1.047176e-01 -2.574414e-01 2.393650e-02 9.950094e-01 -9.686783e-02 -4.322303e+00 1.074986e-01 9.377202e-02 9.897732e-01 7.900839e+01
9.939554e-01 -3.191728e-02 -1.050427e-01 -3.075670e-01 2.208729e-02 9.953791e-01 -9.344777e-02 -4.356283e+00 1.075399e-01 9.056281e-02 9.900674e-01 7.927619e+01
9.942845e-01 -2.067678e-02 -1.047418e-01 -4.002866e-01 1.057449e-02 9.953154e-01 -9.610169e-02 -4.345703e+00 1.062382e-01 9.444483e-02 9.898453e-01 7.959054e+01
9.941485e-01 -2.139661e-02 -1.058818e-01 -3.611257e-01 1.141728e-02 9.955093e-01 -9.397327e-02 -4.386766e+00 1.074170e-01 9.221450e-02 9.899283e-01 7.977001e+01
9.939891e-01 -1.774042e-02 -1.080319e-01 -2.402079e-01 7.281669e-03 9.953115e-01 -9.644692e-02 -4.431156e+00 1.092364e-01 9.508053e-02 9.894580e-01 7.995430e+01
9.938624e-01 -2.097473e-02 -1.086166e-01 -4.610934e-01 1.001652e-02 9.948899e-01 -1.004680e-01 -4.604835e+00 1.101689e-01 9.876344e-02 9.889937e-01 8.140883e+01
9.939270e-01 -1.538949e-02 -1.089597e-01 -6.282684e-01 3.708821e-03 9.942948e-01 -1.066026e-01 -4.753411e+00 1.099787e-01 1.055511e-01 9.883136e-01 8.282845e+01
9.936808e-01 -1.227682e-02 -1.115690e-01 -5.585429e-01 3.409994e-04 9.943259e-01 -1.063764e-01 -4.762455e+00 1.122419e-01 1.056662e-01 9.880468e-01 8.301904e+01
9.938493e-01 -9.700987e-03 -1.103155e-01 -6.664519e-01 -1.878380e-03 9.945356e-01 -1.043807e-01 -4.764016e+00 1.107253e-01 1.039459e-01 9.884003e-01 8.302489e+01
9.941751e-01 -9.038985e-03 -1.073970e-01 -8.910699e-01 -2.045167e-03 9.947153e-01 -1.026516e-01 -4.741247e+00 1.077573e-01 1.022733e-01 9.889027e-01 8.301659e+01
9.942448e-01 -6.992080e-03 -1.069033e-01 -9.008662e-01 -4.006069e-03 9.947435e-01 -1.023199e-01 -4.745036e+00 1.070568e-01 1.021593e-01 9.889905e-01 8.306436e+01
9.942297e-01 -7.181954e-03 -1.070312e-01 -8.310435e-01 -3.751411e-03 9.948182e-01 -1.016013e-01 -4.752843e+00 1.072063e-01 1.014165e-01 9.890508e-01 8.312865e+01
9.942731e-01 -1.785747e-02 -1.053662e-01 -1.112053e+00 6.978082e-03 9.946846e-01 -1.027315e-01 -4.692500e+00 1.066407e-01 1.014080e-01 9.891129e-01 8.322981e+01
9.942905e-01 -1.817496e-02 -1.051480e-01 -1.081298e+00 7.459258e-03 9.948158e-01 -1.014195e-01 -4.710108e+00 1.064462e-01 1.000561e-01 9.892715e-01 8.333712e+01
9.940566e-01 -2.636136e-02 -1.056242e-01 -1.217341e+00 1.571821e-02 9.948273e-01 -1.003578e-01 -4.857019e+00 1.077234e-01 9.810108e-02 9.893290e-01 8.463205e+01
9.938052e-01 -3.570514e-02 -1.052443e-01 -1.210338e+00 2.526624e-02 9.947763e-01 -9.890231e-02 -4.865003e+00 1.082258e-01 9.563050e-02 9.895160e-01 8.479491e+01
9.934027e-01 -4.066720e-02 -1.072249e-01 -1.074000e+00 2.995954e-02 9.945718e-01 -9.964623e-02 -4.868473e+00 1.106952e-01 9.577643e-02 9.892287e-01 8.502273e+01
9.938759e-01 -4.037669e-02 -1.028609e-01 -1.350414e+00 2.968502e-02 9.941936e-01 -1.034311e-01 -4.990660e+00 1.064398e-01 9.974430e-02 9.893036e-01 8.600066e+01
9.944102e-01 -3.197451e-02 -1.006280e-01 -1.522529e+00 2.084145e-02 9.937349e-01 -1.098028e-01 -4.971423e+00 1.035085e-01 1.070917e-01 9.888465e-01 8.617723e+01
9.947062e-01 -2.577068e-02 -9.947581e-02 -1.622359e+00 1.469083e-02 9.937622e-01 -1.105482e-01 -4.970054e+00 1.017042e-01 1.085016e-01 9.888800e-01 8.634784e+01
9.949043e-01 -1.781732e-02 -9.923736e-02 -1.691399e+00 7.045083e-03 9.941411e-01 -1.078601e-01 -4.969525e+00 1.005777e-01 1.066113e-01 9.892008e-01 8.649161e+01
9.952767e-01 -1.493341e-02 -9.592363e-02 -1.926830e+00 4.693768e-03 9.943445e-01 -1.060986e-01 -4.962195e+00 9.696555e-02 1.051472e-01 9.897180e-01 8.651526e+01
9.953961e-01 -1.713046e-02 -9.430289e-02 -2.100782e+00 7.061088e-03 9.943312e-01 -1.060919e-01 -4.970731e+00 9.558571e-02 1.049376e-01 9.898745e-01 8.664309e+01
9.948947e-01 -2.147823e-02 -9.860610e-02 -1.918771e+00 1.096439e-02 9.943107e-01 -1.059531e-01 -4.987989e+00 1.003208e-01 1.043310e-01 9.894699e-01 8.679726e+01
9.942368e-01 -2.350831e-02 -1.045973e-01 -1.589368e+00 1.215453e-02 9.940887e-01 -1.078886e-01 -5.002739e+00 1.065153e-01 1.059955e-01 9.886453e-01 8.713676e+01
9.935368e-01 -2.234044e-02 -1.112907e-01 -1.224976e+00 1.015371e-02 9.940020e-01 -1.088892e-01 -5.028195e+00 1.130558e-01 1.070554e-01 9.878044e-01 8.747447e+01
9.935353e-01 -2.208168e-02 -1.113556e-01 -1.409204e+00 9.872556e-03 9.939903e-01 -1.090223e-01 -5.218697e+00 1.130937e-01 1.072181e-01 9.877824e-01 8.896194e+01
9.935738e-01 -2.096562e-02 -1.112271e-01 -1.576675e+00 8.666539e-03 9.939018e-01 -1.099276e-01 -5.390962e+00 1.128535e-01 1.082573e-01 9.876965e-01 9.037060e+01
9.936246e-01 -2.094396e-02 -1.107767e-01 -1.775051e+00 8.726193e-03 9.939323e-01 -1.096468e-01 -5.578379e+00 1.124010e-01 1.079811e-01 9.877784e-01 9.186672e+01
9.937113e-01 -2.074669e-02 -1.100339e-01 -1.979671e+00 8.494126e-03 9.938205e-01 -1.106730e-01 -5.766437e+00 1.116500e-01 1.090424e-01 9.877470e-01 9.336334e+01
9.934696e-01 -1.639844e-02 -1.129128e-01 -1.820111e+00 3.605868e-03 9.936361e-01 -1.125804e-01 -5.770176e+00 1.140404e-01 1.114380e-01 9.872063e-01 9.355853e+01
9.926870e-01 -2.157913e-02 -1.187726e-01 -1.714690e+00 8.094672e-03 9.935775e-01 -1.128633e-01 -5.799299e+00 1.204453e-01 1.110765e-01 9.864862e-01 9.382730e+01
9.922340e-01 -2.311603e-02 -1.222184e-01 -1.621855e+00 9.153787e-03 9.934856e-01 -1.135896e-01 -5.808222e+00 1.240479e-01 1.115887e-01 9.859818e-01 9.403477e+01
9.924327e-01 -1.786502e-02 -1.214838e-01 -1.641909e+00 3.700241e-03 9.932613e-01 -1.158376e-01 -5.816173e+00 1.227346e-01 1.145115e-01 9.858110e-01 9.417877e+01
9.922138e-01 -1.779165e-02 -1.232691e-01 -1.617319e+00 3.438539e-03 9.932801e-01 -1.156845e-01 -5.836934e+00 1.244990e-01 1.143599e-01 9.856073e-01 9.434931e+01
9.921643e-01 -1.543615e-02 -1.239830e-01 -1.755793e+00 7.776699e-04 9.930823e-01 -1.174176e-01 -5.849365e+00 1.249378e-01 1.164012e-01 9.853128e-01 9.453533e+01
9.920712e-01 -1.529626e-02 -1.247433e-01 -1.720600e+00 4.285767e-04 9.929717e-01 -1.183517e-01 -5.865013e+00 1.256769e-01 1.173598e-01 9.851050e-01 9.468756e+01
9.921818e-01 -1.529131e-02 -1.238605e-01 -1.966631e+00 3.706724e-04 9.928221e-01 -1.196005e-01 -6.055908e+00 1.248003e-01 1.186196e-01 9.850656e-01 9.615211e+01
9.914817e-01 -1.683179e-02 -1.291536e-01 -1.816050e+00 9.199730e-04 9.924948e-01 -1.222833e-01 -6.071919e+00 1.302425e-01 1.211229e-01 9.840559e-01 9.652719e+01
9.904960e-01 -2.015572e-02 -1.360568e-01 -1.457207e+00 3.377787e-03 9.924706e-01 -1.224362e-01 -6.119915e+00 1.375002e-01 1.208130e-01 9.831063e-01 9.691527e+01
9.867948e-01 -2.213974e-02 -1.604554e-01 -1.174735e+00 2.591613e-03 9.926457e-01 -1.210276e-01 -6.290636e+00 1.619549e-01 1.190136e-01 9.795950e-01 9.810677e+01
9.854310e-01 -2.018288e-02 -1.688739e-01 -1.279348e+00 -1.475231e-03 9.918820e-01 -1.271527e-01 -6.401784e+00 1.700693e-01 1.255494e-01 9.774016e-01 9.950179e+01
9.849681e-01 -1.937826e-02 -1.716460e-01 -9.840881e-01 -2.788407e-03 9.917743e-01 -1.279689e-01 -6.435169e+00 1.727139e-01 1.265239e-01 9.768119e-01 9.973192e+01
9.846286e-01 -1.842031e-02 -1.736870e-01 -8.650791e-01 -4.326720e-03 9.915457e-01 -1.296862e-01 -6.455052e+00 1.746074e-01 1.284442e-01 9.762245e-01 9.994439e+01
9.847214e-01 -1.606045e-02 -1.733948e-01 -8.783046e-01 -6.534357e-03 9.916286e-01 -1.289573e-01 -6.482590e+00 1.740144e-01 1.281200e-01 9.763730e-01 1.001140e+02
9.867931e-01 -1.622507e-02 -1.611712e-01 -1.752752e+00 -4.638752e-03 9.917325e-01 -1.282389e-01 -6.601024e+00 1.619194e-01 1.272929e-01 9.785595e-01 1.010272e+02
9.871783e-01 -1.367331e-02 -1.590348e-01 -1.864861e+00 -6.981830e-03 9.916721e-01 -1.285992e-01 -6.616166e+00 1.594687e-01 1.280607e-01 9.788617e-01 1.011249e+02
9.868940e-01 -1.487257e-02 -1.606833e-01 -1.734965e+00 -6.375870e-03 9.913725e-01 -1.309194e-01 -6.664768e+00 1.612441e-01 1.302280e-01 9.782847e-01 1.015672e+02
9.868045e-01 -1.562744e-02 -1.611599e-01 -1.847367e+00 -6.449554e-03 9.907477e-01 -1.355628e-01 -6.775693e+00 1.617874e-01 1.348134e-01 9.775736e-01 1.026020e+02
9.858308e-01 -1.753906e-02 -1.668229e-01 -1.911443e+00 -5.079716e-03 9.909410e-01 -1.342017e-01 -6.972526e+00 1.676654e-01 1.331476e-01 9.768112e-01 1.038673e+02
9.848655e-01 -1.800930e-02 -1.723821e-01 -1.994548e+00 -5.771246e-03 9.906278e-01 -1.364667e-01 -7.133812e+00 1.732241e-01 1.353963e-01 9.755313e-01 1.052054e+02
9.847732e-01 -1.908263e-02 -1.727939e-01 -2.219462e+00 -4.654892e-03 9.907064e-01 -1.359382e-01 -7.370174e+00 1.737821e-01 1.346727e-01 9.755322e-01 1.067630e+02
9.851943e-01 -3.091876e-03 -1.714140e-01 -2.474359e+00 -2.180393e-02 9.894587e-01 -1.431644e-01 -7.514256e+00 1.700497e-01 1.447823e-01 9.747416e-01 1.081590e+02
9.843334e-01 -6.641412e-03 -1.761921e-01 -2.541424e+00 -1.907859e-02 9.894110e-01 -1.438815e-01 -7.701605e+00 1.752820e-01 1.449888e-01 9.737836e-01 1.094484e+02
9.833992e-01 6.846570e-03 -1.813262e-01 -2.522978e+00 -3.427355e-02 9.883091e-01 -1.485613e-01 -7.784733e+00 1.781892e-01 1.523097e-01 9.721370e-01 1.104801e+02
9.835005e-01 1.103972e-02 -1.805683e-01 -2.816998e+00 -3.862306e-02 9.879363e-01 -1.499669e-01 -8.029465e+00 1.767344e-01 1.544666e-01 9.720623e-01 1.120414e+02
9.831672e-01 1.042384e-02 -1.824106e-01 -3.015573e+00 -3.917544e-02 9.871786e-01 -1.547378e-01 -8.200058e+00 1.784589e-01 1.592791e-01 9.709699e-01 1.133581e+02
9.830465e-01 1.415239e-02 -1.828097e-01 -3.072160e+00 -4.345576e-02 9.865940e-01 -1.573022e-01 -8.248993e+00 1.781327e-01 1.625796e-01 9.704827e-01 1.138709e+02
9.832374e-01 1.441621e-02 -1.817591e-01 -3.392918e+00 -4.345839e-02 9.866685e-01 -1.568334e-01 -8.518511e+00 1.770750e-01 1.621035e-01 9.707559e-01 1.154269e+02
9.835277e-01 1.187831e-02 -1.803665e-01 -3.711174e+00 -4.062280e-02 9.868384e-01 -1.565239e-01 -8.792454e+00 1.761334e-01 1.612726e-01 9.710655e-01 1.169472e+02
9.834300e-01 1.021344e-02 -1.810005e-01 -3.986868e+00 -3.926263e-02 9.867146e-01 -1.576476e-01 -9.066146e+00 1.769857e-01 1.621419e-01 9.707657e-01 1.184519e+02
9.831812e-01 9.697861e-03 -1.823751e-01 -4.262335e+00 -3.919518e-02 9.865258e-01 -1.588417e-01 -9.345298e+00 1.783774e-01 1.633184e-01 9.703137e-01 1.200187e+02
9.826031e-01 1.291938e-02 -1.852683e-01 -4.422378e+00 -4.492335e-02 9.844873e-01 -1.696073e-01 -9.362548e+00 1.802031e-01 1.749795e-01 9.679406e-01 1.210825e+02
9.824479e-01 1.353471e-02 -1.860455e-01 -4.383822e+00 -4.600308e-02 9.841387e-01 -1.713322e-01 -9.370689e+00 1.807757e-01 1.768836e-01 9.674876e-01 1.212237e+02
9.828043e-01 1.921202e-02 -1.836479e-01 -4.632660e+00 -5.203914e-02 9.830766e-01 -1.756480e-01 -9.323681e+00 1.771654e-01 1.821845e-01 9.671717e-01 1.213057e+02
9.827009e-01 2.948342e-02 -1.828374e-01 -4.654910e+00 -6.291294e-02 9.816822e-01 -1.798387e-01 -9.295768e+00 1.741860e-01 1.882305e-01 9.665549e-01 1.213759e+02
9.832416e-01 3.313213e-02 -1.792713e-01 -4.969764e+00 -6.731897e-02 9.798337e-01 -1.881329e-01 -9.422903e+00 1.694228e-01 1.970485e-01 9.656437e-01 1.225550e+02
9.803579e-01 6.522882e-02 -1.861276e-01 -5.104318e+00 -1.063858e-01 9.695529e-01 -2.205656e-01 -9.302137e+00 1.660733e-01 2.360346e-01 9.574484e-01 1.239022e+02
9.774359e-01 8.619698e-02 -1.928451e-01 -5.352160e+00 -1.349111e-01 9.572329e-01 -2.559379e-01 -9.214300e+00 1.625366e-01 2.761798e-01 9.472627e-01 1.253029e+02
9.777136e-01 8.344107e-02 -1.926491e-01 -5.663953e+00 -1.321610e-01 9.576088e-01 -2.559667e-01 -9.659678e+00 1.631243e-01 2.757228e-01 9.472948e-01 1.268279e+02
9.778170e-01 8.342636e-02 -1.921300e-01 -5.966732e+00 -1.321086e-01 9.574446e-01 -2.566069e-01 -1.008665e+01 1.625460e-01 2.762966e-01 9.472270e-01 1.283174e+02
9.765910e-01 9.255955e-02 -1.941720e-01 -5.865730e+00 -1.423229e-01 9.548907e-01 -2.606297e-01 -1.025153e+01 1.612892e-01 2.821638e-01 9.457111e-01 1.289254e+02
9.770261e-01 9.367014e-02 -1.914312e-01 -6.733903e+00 -1.474653e-01 9.456195e-01 -2.899272e-01 -1.026162e+01 1.538636e-01 3.114959e-01 9.377080e-01 1.301655e+02
9.776447e-01 9.567882e-02 -1.872334e-01 -7.072541e+00 -1.483333e-01 9.449565e-01 -2.916408e-01 -1.037310e+01 1.490236e-01 3.128940e-01 9.380242e-01 1.308585e+02
9.784465e-01 8.587019e-02 -1.877996e-01 -7.012043e+00 -1.386282e-01 9.471886e-01 -2.891645e-01 -1.043141e+01 1.530510e-01 3.089663e-01 9.386774e-01 1.308934e+02
9.785743e-01 8.703629e-02 -1.865932e-01 -7.157716e+00 -1.401727e-01 9.454308e-01 -2.941298e-01 -1.054863e+01 1.508109e-01 3.139831e-01 9.373744e-01 1.314993e+02
9.786088e-01 8.262797e-02 -1.884077e-01 -7.361425e+00 -1.369229e-01 9.451012e-01 -2.967084e-01 -1.095441e+01 1.535479e-01 3.161588e-01 9.361980e-01 1.327570e+02
9.783256e-01 8.355739e-02 -1.894656e-01 -7.640243e+00 -1.383856e-01 9.444681e-01 -2.980428e-01 -1.138539e+01 1.540406e-01 3.178022e-01 9.355604e-01 1.341701e+02
9.781694e-01 8.219980e-02 -1.908605e-01 -7.906882e+00 -1.375726e-01 9.445106e-01 -2.982842e-01 -1.187263e+01 1.557509e-01 3.180297e-01 9.351999e-01 1.356143e+02
9.776866e-01 8.653788e-02 -1.914157e-01 -7.861343e+00 -1.423975e-01 9.429236e-01 -3.010282e-01 -1.191447e+01 1.544401e-01 3.215684e-01 9.342066e-01 1.357881e+02
9.770789e-01 9.103159e-02 -1.924318e-01 -7.705232e+00 -1.470124e-01 9.423246e-01 -3.006852e-01 -1.199593e+01 1.539614e-01 3.220831e-01 9.341084e-01 1.359730e+02
9.771723e-01 8.682423e-02 -1.938967e-01 -7.639952e+00 -1.430482e-01 9.436765e-01 -2.983485e-01 -1.207324e+01 1.570719e-01 3.192745e-01 9.345546e-01 1.360589e+02
9.776385e-01 7.603348e-02 -1.960656e-01 -7.678122e+00 -1.333111e-01 9.451473e-01 -2.982025e-01 -1.211579e+01 1.626375e-01 3.176720e-01 9.341486e-01 1.361794e+02
9.773914e-01 7.694212e-02 -1.969416e-01 -7.972694e+00 -1.348325e-01 9.442878e-01 -3.002344e-01 -1.257618e+01 1.628689e-01 3.200007e-01 9.333131e-01 1.376560e+02
9.769861e-01 7.625587e-02 -1.992066e-01 -8.267403e+00 -1.348233e-01 9.444630e-01 -2.996872e-01 -1.308497e+01 1.652903e-01 3.196479e-01 9.330082e-01 1.392125e+02
9.764060e-01 7.706909e-02 -2.017218e-01 -8.525486e+00 -1.361927e-01 9.447089e-01 -2.982897e-01 -1.361271e+01 1.675795e-01 3.187248e-01 9.329156e-01 1.407465e+02
9.765110e-01 7.679392e-02 -2.013181e-01 -8.854607e+00 -1.360157e-01 9.443414e-01 -2.995315e-01 -1.410436e+01 1.671109e-01 3.198782e-01 9.326049e-01 1.422486e+02
9.763686e-01 7.772368e-02 -2.016517e-01 -9.156664e+00 -1.371221e-01 9.440101e-01 -3.000709e-01 -1.461721e+01 1.670386e-01 3.206307e-01 9.323594e-01 1.437709e+02
9.752213e-01 7.627749e-02 -2.076660e-01 -9.265052e+00 -1.390180e-01 9.414936e-01 -3.070242e-01 -1.491873e+01 1.720972e-01 3.282859e-01 9.287685e-01 1.449088e+02
9.742426e-01 7.514349e-02 -2.126141e-01 -9.363044e+00 -1.411111e-01 9.385828e-01 -3.148807e-01 -1.519620e+01 1.758947e-01 3.367724e-01 9.250110e-01 1.459188e+02
9.734424e-01 7.451935e-02 -2.164645e-01 -9.356034e+00 -1.421901e-01 9.378521e-01 -3.165681e-01 -1.533154e+01 1.794212e-01 3.389399e-01 9.235409e-01 1.463343e+02
9.726540e-01 7.649923e-02 -2.192991e-01 -9.505533e+00 -1.450894e-01 9.374295e-01 -3.165044e-01 -1.542902e+01 1.813651e-01 3.396673e-01 9.228938e-01 1.465870e+02
9.718815e-01 7.738540e-02 -2.223912e-01 -9.844366e+00 -1.472580e-01 9.367250e-01 -3.175867e-01 -1.595132e+01 1.837429e-01 3.414055e-01 9.217814e-01 1.480586e+02
9.698513e-01 7.751222e-02 -2.310418e-01 -9.783471e+00 -1.494994e-01 9.379514e-01 -3.128850e-01 -1.641548e+01 1.924536e-01 3.379926e-01 9.212614e-01 1.491926e+02
9.696620e-01 7.323388e-02 -2.332220e-01 -9.721654e+00 -1.452458e-01 9.399987e-01 -3.087169e-01 -1.654769e+01 1.966198e-01 3.332256e-01 9.221179e-01 1.495116e+02
9.699785e-01 7.237727e-02 -2.321706e-01 -1.012640e+01 -1.434972e-01 9.411131e-01 -3.061287e-01 -1.709465e+01 1.963420e-01 3.302541e-01 9.232454e-01 1.510780e+02
9.698076e-01 7.136273e-02 -2.331966e-01 -1.005884e+01 -1.430834e-01 9.408497e-01 -3.071302e-01 -1.715502e+01 1.974853e-01 3.312238e-01 9.226540e-01 1.512496e+02
9.702318e-01 6.883109e-02 -2.321909e-01 -9.984295e+00 -1.402406e-01 9.413338e-01 -3.069580e-01 -1.717336e+01 1.974409e-01 3.303830e-01 9.229649e-01 1.512697e+02
9.708580e-01 6.664580e-02 -2.302022e-01 -1.042087e+01 -1.377469e-01 9.412162e-01 -3.084444e-01 -1.766328e+01 1.961135e-01 3.311653e-01 9.229675e-01 1.527040e+02
9.712746e-01 6.578132e-02 -2.286886e-01 -1.084478e+01 -1.363361e-01 9.414940e-01 -3.082230e-01 -1.820221e+01 1.950336e-01 3.305477e-01 9.234176e-01 1.542349e+02
9.717330e-01 6.561069e-02 -2.267824e-01 -1.128208e+01 -1.355748e-01 9.415025e-01 -3.085330e-01 -1.874833e+01 1.932731e-01 3.305577e-01 9.237841e-01 1.557967e+02
9.706838e-01 6.775115e-02 -2.306139e-01 -1.115381e+01 -1.392136e-01 9.406111e-01 -3.096295e-01 -1.892075e+01 1.959403e-01 3.326569e-01 9.224678e-01 1.562463e+02
9.709349e-01 6.789237e-02 -2.295125e-01 -1.096523e+01 -1.387167e-01 9.410716e-01 -3.084509e-01 -1.896900e+01 1.950462e-01 3.313230e-01 9.231371e-01 1.563150e+02
9.714203e-01 6.622837e-02 -2.279394e-01 -1.139799e+01 -1.364397e-01 9.415877e-01 -3.078908e-01 -1.949623e+01 1.942339e-01 3.301913e-01 9.237136e-01 1.578348e+02
9.717044e-01 6.594159e-02 -2.268089e-01 -1.182155e+01 -1.356937e-01 9.418151e-01 -3.075248e-01 -2.003041e+01 1.933334e-01 3.295997e-01 9.241138e-01 1.593671e+02
9.707014e-01 6.935900e-02 -2.300611e-01 -1.160989e+01 -1.400440e-01 9.413162e-01 -3.071016e-01 -2.015504e+01 1.952600e-01 3.303227e-01 9.234503e-01 1.596478e+02
9.646089e-01 6.838729e-02 -2.546621e-01 -1.133719e+01 -1.481884e-01 9.394361e-01 -3.090306e-01 -2.063263e+01 2.181050e-01 3.358316e-01 9.163227e-01 1.610100e+02
9.602729e-01 7.052121e-02 -2.700050e-01 -1.135014e+01 -1.564953e-01 9.371710e-01 -3.118008e-01 -2.115198e+01 2.310523e-01 3.416684e-01 9.109762e-01 1.624597e+02
9.582266e-01 7.325596e-02 -2.764695e-01 -1.108533e+01 -1.608085e-01 9.373761e-01 -3.089767e-01 -2.166228e+01 2.365215e-01 3.405283e-01 9.099990e-01 1.636633e+02
9.577130e-01 7.532287e-02 -2.776909e-01 -1.145704e+01 -1.625972e-01 9.379253e-01 -3.063629e-01 -2.215848e+01 2.373772e-01 3.385595e-01 9.105106e-01 1.650302e+02
9.550541e-01 8.005272e-02 -2.854176e-01 -1.167321e+01 -1.696958e-01 9.371143e-01 -3.049921e-01 -2.263608e+01 2.430535e-01 3.397181e-01 9.085795e-01 1.664119e+02
9.523783e-01 8.328781e-02 -2.933235e-01 -1.208213e+01 -1.768518e-01 9.345210e-01 -3.088592e-01 -2.311472e+01 2.483928e-01 3.460256e-01 9.047471e-01 1.678713e+02
9.515278e-01 8.167189e-02 -2.965207e-01 -1.255591e+01 -1.761980e-01 9.349627e-01 -3.078945e-01 -2.365471e+01 2.520894e-01 3.452165e-01 9.040334e-01 1.693127e+02
9.524357e-01 7.893688e-02 -2.943387e-01 -1.315062e+01 -1.729209e-01 9.353048e-01 -3.087124e-01 -2.369044e+01 2.509276e-01 3.449260e-01 9.044675e-01 1.696143e+02
9.503020e-01 7.437593e-02 -3.023149e-01 -1.324730e+01 -1.711382e-01 9.359691e-01 -3.076905e-01 -2.407901e+01 2.600726e-01 3.441366e-01 9.021819e-01 1.706709e+02
9.487600e-01 7.374646e-02 -3.072718e-01 -1.296788e+01 -1.720701e-01 9.361498e-01 -3.066194e-01 -2.423855e+01 2.650403e-01 3.437805e-01 9.008710e-01 1.710011e+02
9.485633e-01 7.363039e-02 -3.079063e-01 -1.349570e+01 -1.722244e-01 9.360883e-01 -3.067205e-01 -2.479124e+01 2.656436e-01 3.439727e-01 9.006199e-01 1.725182e+02
9.473932e-01 6.691287e-02 -3.129998e-01 -1.336616e+01 -1.665963e-01 9.380852e-01 -3.037134e-01 -2.493044e+01 2.732981e-01 3.398806e-01 8.998829e-01 1.728103e+02
9.444752e-01 7.119066e-02 -3.207781e-01 -1.339245e+01 -1.743440e-01 9.360679e-01 -3.055829e-01 -2.505101e+01 2.785154e-01 3.445412e-01 8.965046e-01 1.732112e+02
