1.000000e+00 0.000000e+00 0.000000e+00 0.000000e+00 0.000000e+00 1.000000e+00 0.000000e+00 0.000000e+00 0.000000e+00 0.000000e+00 1.000000e+00 0.000000e+00
1.000000e+00 0.000000e+00 0.000000e+00 0.000000e+00 0.000000e+00 1.000000e+00 0.000000e+00 0.000000e+00 0.000000e+00 0.000000e+00 1.000000e+00 0.000000e+00
9.999839e-01 1.259958e-03 5.535254e-03 -1.254874e-01 -1.263539e-03 9.999990e-01 6.434868e-04 1.033447e-02 -5.534438e-03 -6.504704e-04 9.999845e-01 -4.389942e-01
9.999940e-01 1.223158e-03 3.240525e-03 -8.632937e-02 -1.219465e-03 9.999986e-01 -1.141461e-03 4.307441e-03 -3.241917e-03 1.137503e-03 9.999941e-01 2.745292e-02
9.999990e-01 1.067481e-03 9.724088e-04 -6.526231e-02 -1.064451e-03 9.999946e-01 -3.111255e-03 -6.104330e-03 -9.757248e-04 3.110217e-03 9.999947e-01 6.227758e-01
9.999948e-01 -6.892772e-04 -3.157101e-03 3.666283e-02 6.748824e-04 9.999894e-01 -4.558282e-03 -1.561874e-02 3.160209e-03 4.556128e-03 9.999846e-01 9.555917e-01
9.999874e-01 -2.216650e-03 -4.493216e-03 2.167666e-02 2.189039e-03 9.999787e-01 -6.140796e-03 -2.754875e-02 4.506732e-03 6.130883e-03 9.999710e-01 1.507101e+00
9.999489e-01 -5.378355e-03 -8.560054e-03 1.354734e-01 5.315577e-03 9.999589e-01 -7.339844e-03 -2.676528e-02 8.599179e-03 7.293967e-03 9.999364e-01 1.723367e+00
9.999372e-01 -7.361143e-03 -8.450599e-03 9.389322e-02 7.290761e-03 9.999387e-01 -8.329521e-03 -3.436767e-02 8.511397e-03 8.267387e-03 9.999296e-01 2.308574e+00
9.998982e-01 -8.460494e-03 -1.148824e-02 2.152257e-01 8.358621e-03 9.999256e-01 -8.886794e-03 -4.804929e-02 1.156257e-02 8.789863e-03 9.998945e-01 2.492990e+00
9.998726e-01 -8.123272e-03 -1.373810e-02 2.833577e-01 7.981069e-03 9.999143e-01 -1.037430e-02 -7.373536e-02 1.382120e-02 1.026333e-02 9.998518e-01 2.757951e+00
9.998752e-01 -8.132230e-03 -1.354163e-02 2.488542e-01 7.957062e-03 9.998846e-01 -1.293950e-02 -9.256522e-02 1.364530e-02 1.283013e-02 9.998246e-01 3.362676e+00
9.998756e-01 -6.103999e-03 -1.454328e-02 2.370553e-01 5.849250e-03 9.998298e-01 -1.749519e-02 -1.044248e-01 1.464760e-02 1.740794e-02 9.997412e-01 3.946863e+00
9.998903e-01 -4.784532e-03 -1.401462e-02 1.968946e-01 4.496032e-03 9.997788e-01 -2.054526e-02 -1.262399e-01 1.410982e-02 2.048000e-02 9.996907e-01 4.583889e+00
9.998680e-01 -1.003848e-03 -1.621589e-02 2.105259e-01 7.364105e-04 9.998637e-01 -1.648987e-02 -1.069936e-01 1.623023e-02 1.647575e-02 9.997326e-01 5.143071e+00
9.998218e-01 -1.583641e-03 -1.880911e-02 2.423271e-01 1.462541e-03 9.999781e-01 -6.450405e-03 -1.134136e-01 1.881891e-02 6.421747e-03 9.998023e-01 5.609593e+00
9.997920e-01 -6.535320e-04 -2.038693e-02 2.419488e-01 7.156546e-04 9.999951e-01 3.040031e-03 -1.153793e-01 2.038484e-02 -3.053989e-03 9.997876e-01 6.206341e+00
9.997812e-01 1.805627e-04 -2.091716e-02 2.232988e-01 7.394614e-06 9.999596e-01 8.985369e-03 -1.216127e-01 2.091794e-02 -8.983557e-03 9.997408e-01 6.852608e+00
9.997668e-01 2.684162e-03 -2.142756e-02 2.544922e-01 -2.677812e-03 9.999964e-01 3.250249e-04 -9.962456e-02 2.142836e-02 -2.675702e-04 9.997703e-01 7.254830e+00
9.997461e-01 4.781203e-03 -2.201802e-02 2.331702e-01 -4.956884e-03 9.999563e-01 -7.931329e-03 -9.690703e-02 2.197914e-02 8.038457e-03 9.997261e-01 7.916114e+00
9.997211e-01 3.593289e-03 -2.334282e-02 2.213508e-01 -3.930811e-03 9.998882e-01 -1.442961e-02 -9.506728e-02 2.328835e-02 1.451734e-02 9.996234e-01 8.594700e+00
9.996648e-01 7.807537e-03 -2.468303e-02 2.859365e-01 -8.037869e-03 9.999250e-01 -9.246184e-03 -6.802623e-02 2.460898e-02 9.441485e-03 9.996526e-01 8.851654e+00
9.996547e-01 7.131624e-03 -2.529121e-02 2.694007e-01 -7.168572e-03 9.999734e-01 -1.370567e-03 -6.593254e-02 2.528076e-02 1.551396e-03 9.996792e-01 9.087790e+00
9.996956e-01 5.596219e-03 -2.402842e-02 2.215949e-01 -5.430684e-03 9.999611e-01 6.948885e-03 -8.105426e-02 2.406638e-02 -6.816279e-03 9.996871e-01 9.886273e+00
9.997054e-01 4.239981e-03 -2.389753e-02 2.410460e-01 -4.100490e-03 9.999743e-01 5.883027e-03 -5.976503e-02 2.392186e-02 -5.783302e-03 9.996971e-01 1.000996e+01
9.997501e-01 1.539537e-03 -2.229888e-02 2.045589e-01 -1.429677e-03 9.999868e-01 4.941781e-03 -6.548359e-02 2.230620e-02 -4.908666e-03 9.997391e-01 1.082181e+01
9.997650e-01 4.187478e-03 -2.127209e-02 1.933094e-01 -4.157688e-03 9.999903e-01 1.444465e-03 -5.685883e-02 2.127793e-02 -1.355683e-03 9.997727e-01 1.131316e+01
9.997572e-01 6.237545e-03 -2.113596e-02 1.779313e-01 -6.252490e-03 9.999803e-01 -6.411227e-04 -7.577138e-02 2.113155e-02 7.731194e-04 9.997764e-01 1.215560e+01
9.997847e-01 1.282673e-03 -2.070950e-02 1.676366e-01 -1.389222e-03 9.999859e-01 -5.131397e-03 -9.905604e-02 2.070263e-02 5.159062e-03 9.997724e-01 1.299088e+01
9.998195e-01 -2.654003e-04 -1.899613e-02 1.785869e-01 4.464716e-05 9.999325e-01 -1.162043e-02 -8.009934e-02 1.899793e-02 1.161749e-02 9.997520e-01 1.335431e+01
9.998208e-01 5.393042e-04 -1.892061e-02 1.815796e-01 -7.819576e-04 9.999175e-01 -1.281977e-02 -7.642614e-02 1.891214e-02 1.283226e-02 9.997388e-01 1.394133e+01
9.998222e-01 2.164427e-03 -1.873310e-02 1.755822e-01 -2.413949e-03 9.999086e-01 -1.330747e-02 -9.362338e-02 1.870259e-02 1.335033e-02 9.997360e-01 1.488832e+01
9.998110e-01 2.375589e-03 -1.929553e-02 1.663898e-01 -2.626985e-03 9.999118e-01 -1.301383e-02 -1.157004e-01 1.926291e-02 1.306206e-02 9.997291e-01 1.578899e+01
9.998147e-01 3.761046e-03 -1.887608e-02 1.417606e-01 -4.025610e-03 9.998939e-01 -1.399745e-02 -1.417746e-01 1.882143e-02 1.407085e-02 9.997239e-01 1.672409e+01
9.998190e-01 6.261019e-03 -1.796475e-02 1.117935e-01 -6.543925e-03 9.998548e-01 -1.573255e-02 -1.674840e-01 1.786364e-02 1.584726e-02 9.997149e-01 1.766442e+01
9.997852e-01 8.714408e-03 -1.880624e-02 1.048985e-01 -9.063238e-03 9.997870e-01 -1.854383e-02 -1.723961e-01 1.864063e-02 1.871029e-02 9.996512e-01 1.865478e+01
9.997956e-01 6.687523e-03 -1.908122e-02 5.960471e-02 -7.041563e-03 9.998032e-01 -1.854790e-02 -1.861199e-01 1.895343e-02 1.867847e-02 9.996459e-01 1.889262e+01
9.997996e-01 1.967245e-03 -1.992209e-02 2.080512e-02 -2.344460e-03 9.998181e-01 -1.892885e-02 -1.951096e-01 1.988123e-02 1.897176e-02 9.996223e-01 1.905158e+01
9.998091e-01 1.828237e-03 -1.945010e-02 -1.334763e-02 -2.187336e-03 9.998273e-01 -1.845732e-02 -2.279121e-01 1.941299e-02 1.849634e-02 9.996405e-01 2.008044e+01
9.997974e-01 5.473539e-04 -2.012153e-02 -5.345558e-02 -9.892519e-04 9.997584e-01 -2.195807e-02 -2.217305e-01 2.010464e-02 2.197352e-02 9.995564e-01 2.115730e+01
9.998051e-01 7.650103e-04 -1.972786e-02 -9.523965e-02 -1.157623e-03 9.998013e-01 -1.989772e-02 -2.588818e-01 1.970872e-02 1.991667e-02 9.996074e-01 2.214514e+01
9.997906e-01 1.429673e-03 -2.041293e-02 -1.145575e-01 -1.827121e-03 9.998088e-01 -1.946507e-02 -2.836460e-01 2.038120e-02 1.949829e-02 9.996021e-01 2.321946e+01
9.997849e-01 8.845128e-04 -2.072219e-02 -1.338958e-01 -1.304577e-03 9.997938e-01 -2.026648e-02 -3.198608e-01 2.069999e-02 2.028915e-02 9.995798e-01 2.420342e+01
9.997547e-01 6.697081e-04 -2.214077e-02 -1.473495e-01 -1.137172e-03 9.997765e-01 -2.110743e-02 -3.553993e-01 2.212168e-02 2.112743e-02 9.995320e-01 2.527129e+01
9.997416e-01 4.488762e-05 -2.273281e-02 -1.755926e-01 -4.806339e-04 9.998162e-01 -1.916307e-02 -3.969015e-01 2.272777e-02 1.916904e-02 9.995579e-01 2.634638e+01
9.997118e-01 -2.102645e-03 -2.391440e-02 -2.065799e-01 1.675276e-03 9.998388e-01 -1.787677e-02 -4.221787e-01 2.394814e-02 1.783155e-02 9.995542e-01 2.738392e+01
9.996879e-01 -2.384910e-03 -2.486891e-02 -2.396360e-01 2.056772e-03 9.999106e-01 -1.321196e-02 -4.600371e-01 2.489820e-02 1.315669e-02 9.996034e-01 2.849359e+01
9.996844e-01 -3.001245e-03 -2.494316e-02 -2.898752e-01 2.727507e-03 9.999357e-01 -1.100126e-02 -4.900801e-01 2.497457e-02 1.092976e-02 9.996284e-01 2.957222e+01
9.996682e-01 -5.085272e-03 -2.525247e-02 -3.361283e-01 4.806912e-03 9.999272e-01 -1.107157e-02 -5.138010e-01 2.530693e-02 1.094651e-02 9.996198e-01 3.059236e+01
9.996581e-01 -5.877609e-03 -2.547861e-02 -3.786507e-01 5.524037e-03 9.998878e-01 -1.392546e-02 -5.128505e-01 2.555760e-02 1.377995e-02 9.995784e-01 3.158382e+01
9.996454e-01 -6.897477e-03 -2.571976e-02 -4.231027e-01 6.485574e-03 9.998499e-01 -1.606424e-02 -5.279706e-01 2.582670e-02 1.589173e-02 9.995401e-01 3.268042e+01
9.995818e-01 -9.280227e-03 -2.739070e-02 -4.565919e-01 8.865472e-03 9.998448e-01 -1.522498e-02 -5.513611e-01 2.752774e-02 1.497578e-02 9.995089e-01 3.367142e+01
9.995700e-01 -9.439509e-03 -2.776103e-02 -5.127699e-01 9.046655e-03 9.998577e-01 -1.424303e-02 -5.785395e-01 2.789153e-02 1.398576e-02 9.995131e-01 3.477493e+01
9.995342e-01 -1.095088e-02 -2.848448e-02 -5.483522e-01 1.058372e-02 9.998594e-01 -1.300875e-02 -6.022183e-01 2.862293e-02 1.270122e-02 9.995096e-01 3.587334e+01
9.995484e-01 -1.025772e-02 -2.824312e-02 -5.983620e-01 9.863614e-03 9.998525e-01 -1.405815e-02 -6.310081e-01 2.838316e-02 1.377322e-02 9.995022e-01 3.698883e+01
9.995676e-01 -9.699878e-03 -2.775913e-02 -6.417159e-01 9.192459e-03 9.997894e-01 -1.834896e-02 -6.618435e-01 2.793127e-02 1.808585e-02 9.994462e-01 3.810437e+01
9.995921e-01 -8.630620e-03 -2.722317e-02 -6.758773e-01 7.982540e-03 9.996843e-01 -2.382571e-02 -6.866382e-01 2.742020e-02 2.359868e-02 9.993454e-01 3.921666e+01
9.995886e-01 -8.525649e-03 -2.738494e-02 -7.041961e-01 7.870193e-03 9.996821e-01 -2.395419e-02 -7.324324e-01 2.758046e-02 2.372881e-02 9.993379e-01 4.025827e+01
9.995878e-01 -8.696875e-03 -2.735988e-02 -7.391274e-01 8.114340e-03 9.997395e-01 -2.133104e-02 -7.751256e-01 2.753827e-02 2.110024e-02 9.993981e-01 4.130700e+01
9.996116e-01 -7.986668e-03 -2.670167e-02 -7.810747e-01 7.479989e-03 9.997911e-01 -1.902185e-02 -8.204901e-01 2.684801e-02 1.881473e-02 9.994624e-01 4.240801e+01
9.996846e-01 -3.271475e-03 -2.489833e-02 -8.315738e-01 2.763662e-03 9.997880e-01 -2.040261e-02 -8.396762e-01 2.495980e-02 2.032736e-02 9.994818e-01 4.303648e+01
9.997027e-01 -3.672392e-03 -2.410549e-02 -8.782596e-01 3.061991e-03 9.996750e-01 -2.531032e-02 -8.575131e-01 2.419061e-02 2.522898e-02 9.993890e-01 4.405158e+01
9.997051e-01 -4.119735e-03 -2.393135e-02 -9.172503e-01 3.429254e-03 9.995787e-01 -2.882233e-02 -8.877781e-01 2.404000e-02 2.873176e-02 9.992980e-01 4.508132e+01
9.997302e-01 -4.684084e-03 -2.274857e-02 -9.536153e-01 4.028800e-03 9.995781e-01 -2.876638e-02 -9.479196e-01 2.287372e-02 2.866697e-02 9.993273e-01 4.617085e+01
9.997512e-01 -5.660561e-03 -2.157843e-02 -9.845594e-01 4.967880e-03 9.994749e-01 -3.202015e-02 -9.919393e-01 2.174835e-02 3.190498e-02 9.992543e-01 4.717179e+01
9.997192e-01 -7.426818e-03 -2.250369e-02 -9.793611e-01 6.623095e-03 9.993448e-01 -3.558156e-02 -1.044047e+00 2.275320e-02 3.542252e-02 9.991134e-01 4.824453e+01
9.996845e-01 -9.869567e-03 -2.309979e-02 -9.958219e-01 8.940897e-03 9.991610e-01 -3.996621e-02 -1.075714e+00 2.347486e-02 3.974707e-02 9.989340e-01 4.936008e+01
9.996441e-01 -1.201301e-02 -2.381938e-02 -1.003394e+00 1.110436e-02 9.992191e-01 -3.791957e-02 -1.131680e+00 2.425631e-02 3.764157e-02 9.989969e-01 5.044186e+01
9.995868e-01 -1.339054e-02 -2.543711e-02 -1.000683e+00 1.256993e-02 9.994040e-01 -3.215074e-02 -1.186048e+00 2.585246e-02 3.181771e-02 9.991593e-01 5.154997e+01
9.995816e-01 -1.527915e-02 -2.455801e-02 -1.040269e+00 1.461419e-02 9.995278e-01 -2.703248e-02 -1.229227e+00 2.495944e-02 2.666228e-02 9.993328e-01 5.258796e+01
9.995438e-01 -1.808797e-02 -2.418619e-02 -1.071553e+00 1.742845e-02 9.994779e-01 -2.720637e-02 -1.266863e+00 2.466567e-02 2.677243e-02 9.993372e-01 5.368389e+01
9.994389e-01 -2.297165e-02 -2.437706e-02 -1.097546e+00 2.225859e-02 9.993278e-01 -2.913039e-02 -1.325992e+00 2.502985e-02 2.857144e-02 9.992783e-01 5.477442e+01
9.994277e-01 -2.414851e-02 -2.368705e-02 -1.140374e+00 2.333868e-02 9.991531e-01 -3.388881e-02 -1.362265e+00 2.448535e-02 3.331659e-02 9.991449e-01 5.584431e+01
9.994293e-01 -2.394327e-02 -2.382828e-02 -1.169540e+00 2.306578e-02 9.990695e-01 -3.644294e-02 -1.432059e+00 2.467868e-02 3.587252e-02 9.990516e-01 5.705800e+01
9.994636e-01 -2.268155e-02 -2.362132e-02 -1.207095e+00 2.167336e-02 9.988785e-01 -4.209622e-02 -1.476397e+00 2.454964e-02 4.156169e-02 9.988343e-01 5.816125e+01
9.995543e-01 -1.998307e-02 -2.217627e-02 -1.247655e+00 1.899951e-02 9.988636e-01 -4.371005e-02 -1.527911e+00 2.302453e-02 4.326923e-02 9.987981e-01 5.922355e+01
9.996376e-01 -1.604711e-02 -2.161253e-02 -1.285582e+00 1.516167e-02 9.990634e-01 -4.052790e-02 -1.586236e+00 2.224264e-02 4.018553e-02 9.989446e-01 6.031197e+01
9.996169e-01 -1.633868e-02 -2.234323e-02 -1.306553e+00 1.544211e-02 9.990912e-01 -3.972728e-02 -1.615223e+00 2.297201e-02 3.936703e-02 9.989607e-01 6.089158e+01
9.995856e-01 -1.756734e-02 -2.280302e-02 -1.332898e+00 1.667788e-02 9.991145e-01 -3.862724e-02 -1.676157e+00 2.346141e-02 3.823093e-02 9.989935e-01 6.198890e+01
9.995714e-01 -1.585123e-02 -2.460935e-02 -1.343822e+00 1.489506e-02 9.991452e-01 -3.856289e-02 -1.680046e+00 2.519958e-02 3.817981e-02 9.989531e-01 6.228919e+01
9.995530e-01 -1.694042e-02 -2.463281e-02 -1.386182e+00 1.599811e-02 9.991512e-01 -3.796097e-02 -1.731424e+00 2.525497e-02 3.754992e-02 9.989756e-01 6.333037e+01
9.994754e-01 -2.018872e-02 -2.532542e-02 -1.420080e+00 1.928523e-02 9.991862e-01 -3.542598e-02 -1.794983e+00 2.602002e-02 3.491899e-02 9.990513e-01 6.441321e+01
9.993991e-01 -2.185590e-02 -2.690122e-02 -1.452886e+00 2.093510e-02 9.992009e-01 -3.404747e-02 -1.852229e+00 2.762386e-02 3.346384e-02 9.990581e-01 6.553770e+01
9.993579e-01 -2.316162e-02 -2.733662e-02 -1.471836e+00 2.220296e-02 9.991453e-01 -3.486582e-02 -1.914178e+00 2.812081e-02 3.423648e-02 9.990181e-01 6.659354e+01
9.992574e-01 -2.532436e-02 -2.904014e-02 -1.480411e+00 2.416158e-02 9.989189e-01 -3.971547e-02 -1.933476e+00 3.001451e-02 3.898432e-02 9.987890e-01 6.745474e+01
9.992679e-01 -2.513616e-02 -2.884338e-02 -1.524976e+00 2.389885e-02 9.988119e-01 -4.246869e-02 -1.988077e+00 2.987661e-02 4.174827e-02 9.986814e-01 6.849145e+01
9.992388e-01 -2.397488e-02 -3.077142e-02 -1.549973e+00 2.272317e-02 9.989251e-01 -4.040230e-02 -2.054160e+00 3.170699e-02 3.967233e-02 9.987096e-01 6.956557e+01
9.992408e-01 -2.319918e-02 -3.129749e-02 -1.593146e+00 2.206159e-02 9.991004e-01 -3.621602e-02 -2.114298e+00 3.210951e-02 3.549805e-02 9.988538e-01 7.065306e+01
9.992709e-01 -2.118714e-02 -3.176215e-02 -1.637767e+00 2.000571e-02 9.991127e-01 -3.706334e-02 -2.154772e+00 3.251923e-02 3.640089e-02 9.988080e-01 7.170377e+01
9.993002e-01 -2.012522e-02 -3.152993e-02 -1.682902e+00 1.898948e-02 9.991744e-01 -3.591536e-02 -2.220012e+00 3.222670e-02 3.529149e-02 9.988573e-01 7.279710e+01
9.992609e-01 -2.090856e-02 -3.225671e-02 -1.722924e+00 1.968305e-02 9.990894e-01 -3.785332e-02 -2.279314e+00 3.301880e-02 3.719043e-02 9.987625e-01 7.386272e+01
9.992336e-01 -2.176980e-02 -3.253123e-02 -1.775687e+00 2.048207e-02 9.990133e-01 -3.940665e-02 -2.329599e+00 3.335701e-02 3.871014e-02 9.986936e-01 7.488996e+01
9.992350e-01 -2.214812e-02 -3.223241e-02 -1.826580e+00 2.084947e-02 9.989788e-01 -4.008307e-02 -2.384885e+00 3.308726e-02 3.938038e-02 9.986764e-01 7.591644e+01
9.992107e-01 -2.326769e-02 -3.219687e-02 -1.878214e+00 2.194780e-02 9.989280e-01 -4.075761e-02 -2.437975e+00 3.311069e-02 4.001879e-02 9.986502e-01 7.694028e+01
9.991766e-01 -2.448273e-02 -3.235359e-02 -1.918592e+00 2.318474e-02 9.989346e-01 -3.990276e-02 -2.490340e+00 3.329604e-02 3.911979e-02 9.986796e-01 7.791725e+01
9.991021e-01 -2.483204e-02 -3.432792e-02 -1.945185e+00 2.351436e-02 9.989907e-01 -3.826995e-02 -2.543233e+00 3.524360e-02 3.742839e-02 9.986776e-01 7.885887e+01
9.990467e-01 -2.694336e-02 -3.434692e-02 -1.996934e+00 2.566517e-02 9.989809e-01 -3.712701e-02 -2.604113e+00 3.531225e-02 3.621010e-02 9.987201e-01 7.982185e+01
9.989428e-01 -2.847120e-02 -3.609223e-02 -2.042647e+00 2.713834e-02 9.989505e-01 -3.689636e-02 -2.658687e+00 3.710483e-02 3.587787e-02 9.986671e-01 8.076361e+01
9.987124e-01 -3.054903e-02 -4.050049e-02 -2.056379e+00 2.898685e-02 9.988337e-01 -3.861395e-02 -2.648551e+00 4.163287e-02 3.739025e-02 9.984331e-01 8.097044e+01
9.984677e-01 -3.246093e-02 -4.481703e-02 -2.049537e+00 3.064786e-02 9.987067e-01 -4.056614e-02 -2.627619e+00 4.607588e-02 3.913043e-02 9.981712e-01 8.116569e+01
9.983485e-01 -3.327784e-02 -4.682675e-02 -2.116244e+00 3.136228e-02 9.986642e-01 -4.106404e-02 -2.678120e+00 4.813072e-02 3.952764e-02 9.980586e-01 8.202833e+01
9.982432e-01 -3.214414e-02 -4.977335e-02 -2.167077e+00 3.018700e-02 9.987601e-01 -3.958564e-02 -2.738079e+00 5.098408e-02 3.801358e-02 9.979758e-01 8.291627e+01
9.981722e-01 -3.129986e-02 -5.169727e-02 -2.230677e+00 2.931194e-02 9.988180e-01 -3.877383e-02 -2.789138e+00 5.284977e-02 3.718762e-02 9.979098e-01 8.378194e+01
9.980349e-01 -3.078197e-02 -5.457894e-02 -2.280917e+00 2.874187e-02 9.988728e-01 -3.777790e-02 -2.837034e+00 5.568029e-02 3.613497e-02 9.977946e-01 8.457362e+01
9.979686e-01 -2.890342e-02 -5.677504e-02 -2.309485e+00 2.680912e-02 9.989441e-01 -3.730936e-02 -2.838364e+00 5.779346e-02 3.571147e-02 9.976896e-01 8.469401e+01
9.978449e-01 -2.792644e-02 -5.937821e-02 -2.364771e+00 2.573008e-02 9.989676e-01 -3.743765e-02 -2.882336e+00 6.036241e-02 3.582916e-02 9.975333e-01 8.549426e+01
9.977037e-01 -2.648265e-02 -6.233703e-02 -2.419531e+00 2.410010e-02 9.989615e-01 -3.866702e-02 -2.937657e+00 6.329630e-02 3.707590e-02 9.973059e-01 8.630865e+01
9.976233e-01 -2.440856e-02 -6.443637e-02 -2.466359e+00 2.169383e-02 9.988610e-01 -4.249923e-02 -2.940938e+00 6.540032e-02 4.100034e-02 9.970164e-01 8.644431e+01
9.974521e-01 -2.327377e-02 -6.743528e-02 -2.524520e+00 2.014028e-02 9.987022e-01 -4.677977e-02 -2.985224e+00 6.843650e-02 4.530241e-02 9.966264e-01 8.717080e+01
9.973446e-01 -2.207804e-02 -6.940056e-02 -2.592985e+00 1.866354e-02 9.986013e-01 -4.946902e-02 -3.030415e+00 7.039566e-02 4.804239e-02 9.963616e-01 8.787792e+01
9.975255e-01 -2.006634e-02 -6.738107e-02 -2.709261e+00 1.671454e-02 9.986121e-01 -4.994438e-02 -3.037683e+00 6.828976e-02 4.869455e-02 9.964765e-01 8.805993e+01
9.975583e-01 -1.786057e-02 -6.751663e-02 -2.742473e+00 1.446683e-02 9.986231e-01 -5.042426e-02 -3.076441e+00 6.832428e-02 4.932439e-02 9.964432e-01 8.868546e+01
9.980938e-01 -1.530027e-02 -5.978869e-02 -2.851706e+00 1.228951e-02 9.986533e-01 -5.040394e-02 -3.076344e+00 6.047937e-02 4.957309e-02 9.969377e-01 8.894207e+01
9.983096e-01 -1.308950e-02 -5.662793e-02 -2.854515e+00 1.027529e-02 9.987110e-01 -4.970543e-02 -3.109894e+00 5.720556e-02 4.903954e-02 9.971573e-01 8.950918e+01
9.988841e-01 -1.295411e-02 -4.541689e-02 -2.924746e+00 1.080819e-02 9.988279e-01 -4.718071e-02 -3.119988e+00 4.597484e-02 4.663718e-02 9.978533e-01 8.970839e+01
9.993764e-01 -1.340004e-02 -3.266997e-02 -2.985671e+00 1.186839e-02 9.988415e-01 -4.663384e-02 -3.133114e+00 3.325701e-02 4.621702e-02 9.983777e-01 9.007645e+01
9.996717e-01 -1.452828e-02 -2.110481e-02 -3.011698e+00 1.357076e-02 9.989027e-01 -4.482531e-02 -3.169247e+00 2.173288e-02 4.452419e-02 9.987719e-01 9.056472e+01
9.998410e-01 -1.560765e-02 -8.630391e-03 -2.985272e+00 1.520098e-02 9.988563e-01 -4.533285e-02 -3.193191e+00 9.328060e-03 4.519445e-02 9.989347e-01 9.101038e+01
9.998224e-01 -1.745461e-02 7.100417e-03 -2.948081e+00 1.777573e-02 9.986889e-01 -4.800395e-02 -3.194285e+00 -6.253218e-03 4.812165e-02 9.988219e-01 9.111674e+01
9.995437e-01 -1.898230e-02 2.349497e-02 -2.898242e+00 2.015836e-02 9.985015e-01 -5.087512e-02 -3.219076e+00 -2.249404e-02 5.132552e-02 9.984286e-01 9.152411e+01
9.988921e-01 -2.011419e-02 4.254533e-02 -2.814219e+00 2.243359e-02 9.982475e-01 -5.476028e-02 -3.248821e+00 -4.136931e-02 5.565405e-02 9.975927e-01 9.195524e+01
9.976060e-01 -2.272462e-02 6.531335e-02 -2.747644e+00 2.654046e-02 9.979542e-01 -5.816262e-02 -3.281610e+00 -6.385801e-02 5.975683e-02 9.961683e-01 9.237468e+01
9.955348e-01 -2.484992e-02 9.106562e-02 -2.639164e+00 3.045151e-02 9.976946e-01 -6.064758e-02 -3.300642e+00 -8.934859e-02 6.314987e-02 9.939964e-01 9.278168e+01
9.950089e-01 -2.887603e-02 9.551666e-02 -2.028137e+00 3.477295e-02 9.975526e-01 -6.065990e-02 -3.298266e+00 -9.353128e-02 6.367853e-02 9.935778e-01 9.277097e+01
9.939389e-01 -2.790478e-02 1.063334e-01 -1.390502e+00 3.506299e-02 9.971998e-01 -6.605476e-02 -3.242672e+00 -1.041924e-01 6.938276e-02 9.921340e-01 9.276420e+01
9.893731e-01 -3.067632e-02 1.421258e-01 -1.292336e+00 4.061163e-02 9.968897e-01 -6.753976e-02 -3.262226e+00 -1.396119e-01 7.259399e-02 9.875417e-01 9.314381e+01
9.831470e-01 -3.464910e-02 1.795033e-01 -1.162883e+00 4.703621e-02 9.967620e-01 -6.521665e-02 -3.302988e+00 -1.766624e-01 7.256071e-02 9.815933e-01 9.357163e+01
9.751664e-01 -3.840283e-02 2.181184e-01 -1.019726e+00 5.343332e-02 9.965547e-01 -6.343278e-02 -3.342459e+00 -2.149309e-01 7.351231e-02 9.738587e-01 9.394474e+01
9.652814e-01 -3.896301e-02 2.582898e-01 -8.497316e-01 5.689382e-02 9.964338e-01 -6.231175e-02 -3.372505e+00 -2.549409e-01 7.484347e-02 9.640558e-01 9.430795e+01
9.532335e-01 -3.853631e-02 2.997679e-01 -6.454359e-01 5.865574e-02 9.965681e-01 -5.840703e-02 -3.418126e+00 -2.964884e-01 7.325865e-02 9.522226e-01 9.464058e+01
9.373161e-01 -3.704549e-02 3.465058e-01 -5.003452e-01 5.987946e-02 9.966659e-01 -5.542192e-02 -3.432325e+00 -3.432973e-01 7.269643e-02 9.364092e-01 9.498831e+01
9.184987e-01 -3.846884e-02 3.935483e-01 -3.351914e-01 6.514520e-02 9.963784e-01 -5.464708e-02 -3.443604e+00 -3.900208e-01 7.583106e-02 9.176782e-01 9.532010e+01
8.970174e-01 -3.855195e-02 4.403107e-01 -1.587960e-01 6.938867e-02 9.961193e-01 -5.414474e-02 -3.466733e+00 -4.365146e-01 7.912134e-02 8.962114e-01 9.567587e+01
8.744984e-01 -3.574468e-02 4.837095e-01 5.768056e-02 7.158562e-02 9.958708e-01 -5.582777e-02 -3.480559e+00 -4.797167e-01 8.344793e-02 8.734462e-01 9.598025e+01
8.490774e-01 -3.231373e-02 5.272793e-01 2.861080e-01 7.277491e-02 9.957657e-01 -5.616499e-02 -3.505693e+00 -5.232317e-01 8.606112e-02 8.478338e-01 9.626405e+01
8.215556e-01 -2.997092e-02 5.693402e-01 5.463459e-01 7.326189e-02 9.958879e-01 -5.329157e-02 -3.546452e+00 -5.654017e-01 8.549292e-02 8.203729e-01 9.652203e+01
7.918580e-01 -2.621689e-02 6.101424e-01 8.239709e-01 6.959599e-02 9.964434e-01 -4.750775e-02 -3.597372e+00 -6.067268e-01 8.008285e-02 7.908662e-01 9.674730e+01
7.607577e-01 -2.851698e-02 6.484093e-01 1.155069e+00 7.535388e-02 9.961590e-01 -4.459930e-02 -3.610029e+00 -6.446469e-01 8.278941e-02 7.599844e-01 9.697691e+01
7.271039e-01 -3.111461e-02 6.858220e-01 1.481633e+00 8.275744e-02 9.956602e-01 -4.256743e-02 -3.588947e+00 -6.815211e-01 8.770782e-02 7.265235e-01 9.719714e+01
6.906437e-01 -3.387526e-02 7.224014e-01 1.826210e+00 8.757389e-02 9.954690e-01 -3.704392e-02 -3.576129e+00 -7.178733e-01 8.884764e-02 6.904810e-01 9.740301e+01
6.498426e-01 -3.637063e-02 7.591982e-01 2.154083e+00 8.897959e-02 9.956266e-01 -2.846577e-02 -3.597947e+00 -7.548426e-01 8.605140e-02 6.502368e-01 9.761402e+01
6.085556e-01 -4.050242e-02 7.924770e-01 2.521413e+00 9.352060e-02 9.953970e-01 -2.094256e-02 -3.609415e+00 -7.879810e-01 8.685763e-02 6.095423e-01 9.780502e+01
5.636464e-01 -4.483558e-02 8.247985e-01 2.937356e+00 9.420986e-02 9.954994e-01 -1.026584e-02 -3.650273e+00 -8.206261e-01 8.349045e-02 5.653336e-01 9.799530e+01
5.211275e-01 -4.564046e-02 8.522577e-01 3.423247e+00 1.008047e-01 9.948711e-01 -8.360974e-03 -3.614268e+00 -8.475050e-01 9.026868e-02 5.230554e-01 9.814220e+01
4.747316e-01 -4.015490e-02 8.792141e-01 3.868342e+00 9.668095e-02 9.952925e-01 -6.746524e-03 -3.602443e+00 -8.748044e-01 8.820604e-02 4.763791e-01 9.831068e+01
4.305358e-01 -3.810990e-02 9.017686e-01 4.378106e+00 8.706551e-02 9.962025e-01 5.326828e-04 -3.679117e+00 -8.983644e-01 7.828361e-02 4.322188e-01 9.843279e+01
3.872522e-01 -3.557440e-02 9.212873e-01 4.780545e+00 8.850048e-02 9.960753e-01 1.262129e-03 -3.668172e+00 -9.177164e-01 8.104560e-02 3.888807e-01 9.858478e+01
3.504807e-01 -3.704644e-02 9.358370e-01 5.298103e+00 9.718817e-02 9.952615e-01 3.000865e-03 -3.671939e+00 -9.315137e-01 8.990054e-02 3.524204e-01 9.867612e+01
3.159804e-01 -3.772181e-02 9.480156e-01 5.671407e+00 1.009592e-01 9.948729e-01 5.935845e-03 -3.700000e+00 -9.433789e-01 9.383530e-02 3.181686e-01 9.875900e+01
2.870550e-01 -3.666304e-02 9.572122e-01 6.053162e+00 1.049135e-01 9.944593e-01 6.627540e-03 -3.687526e+00 -9.521515e-01 9.852201e-02 2.893109e-01 9.885602e+01
2.634788e-01 -3.855616e-02 9.638945e-01 6.484393e+00 1.050218e-01 9.944083e-01 1.106920e-02 -3.707711e+00 -9.589315e-01 9.831344e-02 2.660547e-01 9.892200e+01
2.421088e-01 -4.149329e-02 9.693614e-01 6.932533e+00 1.053350e-01 9.943040e-01 1.625235e-02 -3.704709e+00 -9.645143e-01 9.817289e-02 2.451004e-01 9.899129e+01
2.199135e-01 -4.376749e-02 9.745371e-01 7.309976e+00 1.007606e-01 9.946689e-01 2.193405e-02 -3.728053e+00 -9.703017e-01 9.337130e-02 2.231511e-01 9.908936e+01
1.983181e-01 -5.015885e-02 9.788535e-01 7.798468e+00 1.045977e-01 9.940696e-01 2.974681e-02 -3.741328e+00 -9.745407e-01 9.648652e-02 2.023885e-01 9.915843e+01
1.783218e-01 -5.044739e-02 9.826782e-01 8.265571e+00 1.214173e-01 9.921807e-01 2.890222e-02 -3.681222e+00 -9.764524e-01 1.141602e-01 1.830527e-01 9.923482e+01
1.606595e-01 -4.886983e-02 9.857993e-01 8.748430e+00 1.209206e-01 9.922243e-01 2.948146e-02 -3.695136e+00 -9.795748e-01 1.144669e-01 1.653196e-01 9.929259e+01
1.467647e-01 -4.366169e-02 9.882073e-01 9.108689e+00 1.190318e-01 9.925454e-01 2.617522e-02 -3.674826e+00 -9.819835e-01 1.137865e-01 1.508678e-01 9.934394e+01
1.361040e-01 -3.891757e-02 9.899299e-01 9.406519e+00 1.167856e-01 9.928913e-01 2.297730e-02 -3.660761e+00 -9.837870e-01 1.124822e-01 1.396815e-01 9.940048e+01
1.290843e-01 -3.907181e-02 9.908636e-01 9.564467e+00 1.110746e-01 9.935049e-01 2.470578e-02 -3.663327e+00 -9.853932e-01 1.068706e-01 1.325858e-01 9.943793e+01
1.267152e-01 -4.087844e-02 9.910966e-01 9.617495e+00 1.258537e-01 9.917384e-01 2.481406e-02 -3.640495e+00 -9.839230e-01 1.215888e-01 1.308130e-01 9.945144e+01
1.269535e-01 -4.297993e-02 9.909771e-01 9.656713e+00 1.282667e-01 9.913839e-01 2.656541e-02 -3.653745e+00 -9.835805e-01 1.237367e-01 1.313725e-01 9.946570e+01
1.281785e-01 -4.230995e-02 9.908482e-01 9.862913e+00 1.271012e-01 9.915516e-01 2.589788e-02 -3.637704e+00 -9.835728e-01 1.226184e-01 1.324733e-01 9.952370e+01
1.301387e-01 -4.153467e-02 9.906254e-01 1.047272e+01 1.239552e-01 9.919651e-01 2.530682e-02 -3.621165e+00 -9.837170e-01 1.194998e-01 1.342415e-01 9.961388e+01
1.293123e-01 -3.947924e-02 9.908178e-01 1.107818e+01 1.172498e-01 9.928062e-01 2.425611e-02 -3.636373e+00 -9.846476e-01 1.130366e-01 1.330110e-01 9.973969e+01
1.289095e-01 -3.762401e-02 9.909424e-01 1.125416e+01 1.144394e-01 9.931681e-01 2.282136e-02 -3.620116e+00 -9.850309e-01 1.104609e-01 1.323345e-01 9.980132e+01
1.282479e-01 -3.636505e-02 9.910752e-01 1.165838e+01 1.105202e-01 9.936269e-01 2.215706e-02 -3.596347e+00 -9.855646e-01 1.066922e-01 1.314496e-01 9.989262e+01
1.274756e-01 -3.758803e-02 9.911292e-01 1.211924e+01 1.074019e-01 9.939288e-01 2.388055e-02 -3.595701e+00 -9.860095e-01 1.034050e-01 1.307387e-01 9.998795e+01
1.268777e-01 -3.762397e-02 9.912047e-01 1.239936e+01 1.084250e-01 9.938186e-01 2.384441e-02 -3.568552e+00 -9.859748e-01 1.044460e-01 1.301727e-01 1.000493e+02
1.251769e-01 -3.907775e-02 9.913646e-01 1.296448e+01 1.084005e-01 9.937806e-01 2.548554e-02 -3.557366e+00 -9.861947e-01 1.042743e-01 1.286344e-01 1.001502e+02
1.236306e-01 -3.940372e-02 9.915457e-01 1.371734e+01 1.043125e-01 9.941914e-01 2.650268e-02 -3.540155e+00 -9.868305e-01 1.001540e-01 1.270227e-01 1.002634e+02
1.220837e-01 -3.928400e-02 9.917420e-01 1.433197e+01 1.010962e-01 9.945116e-01 2.694875e-02 -3.521956e+00 -9.873576e-01 9.697131e-02 1.253851e-01 1.003536e+02
1.196268e-01 -4.132644e-02 9.919586e-01 1.493870e+01 1.027253e-01 9.942859e-01 2.903508e-02 -3.502202e+00 -9.874904e-01 9.842588e-02 1.231886e-01 1.004568e+02
1.164894e-01 -4.148934e-02 9.923251e-01 1.559882e+01 1.030498e-01 9.942394e-01 2.947233e-02 -3.477468e+00 -9.878316e-01 9.882563e-02 1.200938e-01 1.005754e+02
1.134963e-01 -4.187439e-02 9.926556e-01 1.631586e+01 1.004772e-01 9.944729e-01 3.046289e-02 -3.463698e+00 -9.884447e-01 9.628183e-02 1.170764e-01 1.006943e+02
1.115366e-01 -3.547369e-02 9.931270e-01 1.695657e+01 9.516501e-02 9.951511e-01 2.485815e-02 -3.438658e+00 -9.891932e-01 9.173834e-02 1.143716e-01 1.008019e+02
1.079265e-01 -2.712002e-02 9.937889e-01 1.755733e+01 9.205855e-02 9.956055e-01 1.717195e-02 -3.393951e+00 -9.898874e-01 8.963346e-02 1.099488e-01 1.009113e+02
1.043571e-01 -2.298650e-02 9.942742e-01 1.817318e+01 9.036087e-02 9.958171e-01 1.353806e-02 -3.364408e+00 -9.904264e-01 8.843069e-02 1.059977e-01 1.010179e+02
1.008945e-01 -2.349398e-02 9.946197e-01 1.895641e+01 8.577958e-02 9.962038e-01 1.482989e-02 -3.349193e+00 -9.911923e-01 8.382181e-02 1.025268e-01 1.011341e+02
9.796882e-02 -2.551255e-02 9.948624e-01 1.969869e+01 8.365435e-02 9.963444e-01 1.731271e-02 -3.326622e+00 -9.916673e-01 8.152846e-02 9.974492e-02 1.012422e+02
9.566343e-02 -2.881267e-02 9.949966e-01 1.997042e+01 7.761127e-02 9.967540e-01 2.140167e-02 -3.310327e+00 -9.923835e-01 7.517560e-02 9.758908e-02 1.013160e+02
9.391779e-02 -3.247770e-02 9.950501e-01 2.027595e+01 7.649218e-02 9.967488e-01 2.531343e-02 -3.284159e+00 -9.926371e-01 7.373618e-02 9.609669e-02 1.013749e+02
9.196150e-02 -3.061992e-02 9.952917e-01 2.093105e+01 6.841561e-02 9.973594e-01 2.436216e-02 -3.267398e+00 -9.934095e-01 6.585310e-02 9.381354e-02 1.014766e+02
8.984059e-02 -2.213777e-02 9.957102e-01 2.147700e+01 6.955715e-02 9.974512e-01 1.590049e-02 -3.241369e+00 -9.935244e-01 6.783024e-02 9.115148e-02 1.015636e+02
9.015644e-02 -9.402624e-03 9.958832e-01 2.223629e+01 7.074147e-02 9.974901e-01 3.013634e-03 -3.218334e+00 -9.934120e-01 7.017855e-02 9.059530e-02 1.016418e+02
8.842862e-02 -2.831508e-03 9.960786e-01 2.295712e+01 6.915534e-02 9.976004e-01 -3.303557e-03 -3.203332e+00 -9.936790e-01 6.917627e-02 8.841228e-02 1.017265e+02
8.737683e-02 -7.461932e-03 9.961476e-01 2.350788e+01 6.379326e-02 9.979613e-01 1.879899e-03 -3.214481e+00 -9.941308e-01 6.338322e-02 8.767474e-02 1.018071e+02
8.602732e-02 -1.360805e-02 9.961999e-01 2.409930e+01 6.112493e-02 9.980952e-01 8.355460e-03 -3.208498e+00 -9.944160e-01 6.017385e-02 8.669525e-02 1.018940e+02
8.330417e-02 -1.379582e-02 9.964288e-01 2.477360e+01 6.199154e-02 9.980393e-01 8.635451e-03 -3.192266e+00 -9.945943e-01 6.105078e-02 8.399606e-02 1.019914e+02
8.084857e-02 -1.040471e-02 9.966722e-01 2.541876e+01 6.105919e-02 9.981192e-01 5.466781e-03 -3.170950e+00 -9.948545e-01 6.041401e-02 8.133179e-02 1.020857e+02
7.818872e-02 -7.179346e-03 9.969127e-01 2.602837e+01 5.958843e-02 9.982198e-01 2.515189e-03 -3.150731e+00 -9.951562e-01 5.920780e-02 7.847732e-02 1.021792e+02
7.531732e-02 -4.650086e-03 9.971489e-01 2.671165e+01 5.942607e-02 9.982327e-01 1.665206e-04 -3.137999e+00 -9.953874e-01 5.924409e-02 7.546055e-02 1.022624e+02
7.284635e-02 -3.224996e-03 9.973379e-01 2.715464e+01 6.040924e-02 9.981730e-01 -1.184642e-03 -3.131212e+00 -9.955120e-01 6.033472e-02 7.290810e-02 1.023332e+02
6.919479e-02 -6.961758e-04 9.976030e-01 2.750945e+01 5.492092e-02 9.984859e-01 -3.112581e-03 -3.105672e+00 -9.960903e-01 5.500465e-02 6.912822e-02 1.024286e+02
6.753695e-02 1.163573e-03 9.977162e-01 2.822778e+01 5.707608e-02 9.983572e-01 -5.027894e-03 -3.121557e+00 -9.960830e-01 5.728529e-02 6.735957e-02 1.024738e+02
6.441051e-02 2.101731e-03 9.979213e-01 2.892621e+01 5.378762e-02 9.985368e-01 -5.574736e-03 -3.112193e+00 -9.964729e-01 5.403489e-02 6.420320e-02 1.025561e+02
6.150967e-02 2.332294e-03 9.981038e-01 2.957204e+01 5.144916e-02 9.986604e-01 -5.504229e-03 -3.106638e+00 -9.967796e-01 5.169016e-02 6.130725e-02 1.026189e+02
5.850202e-02 3.397751e-03 9.982815e-01 3.026964e+01 5.683281e-02 9.983611e-01 -6.728576e-03 -3.113088e+00 -9.966682e-01 5.712878e-02 5.821300e-02 1.026784e+02
5.312818e-02 1.013453e-02 9.985363e-01 3.081807e+01 4.491847e-02 9.989121e-01 -1.252828e-02 -3.037554e+00 -9.975770e-01 4.551833e-02 5.261511e-02 1.027794e+02
5.083042e-02 1.199460e-02 9.986353e-01 3.143033e+01 4.896105e-02 9.986956e-01 -1.448743e-02 -3.057091e+00 -9.975064e-01 4.963063e-02 5.017680e-02 1.028353e+02
4.544628e-02 1.150547e-02 9.989007e-01 3.214685e+01 3.591647e-02 9.992684e-01 -1.314378e-02 -3.074352e+00 -9.983211e-01 3.647432e-02 4.499978e-02 1.029363e+02
4.366952e-02 1.299096e-02 9.989616e-01 3.282644e+01 4.031890e-02 9.990779e-01 -1.475501e-02 -3.073954e+00 -9.982321e-01 4.092138e-02 4.310542e-02 1.029744e+02
4.038024e-02 1.764443e-02 9.990287e-01 3.342564e+01 4.102805e-02 9.989715e-01 -1.930176e-02 -3.047235e+00 -9.983418e-01 4.176760e-02 3.961480e-02 1.030411e+02
3.731370e-02 2.111185e-02 9.990807e-01 3.406997e+01 3.928333e-02 9.989730e-01 -2.257674e-02 -3.032133e+00 -9.985313e-01 4.008964e-02 3.644603e-02 1.031039e+02
3.309870e-02 2.265026e-02 9.991955e-01 3.474047e+01 4.005241e-02 9.989100e-01 -2.397054e-02 -3.033549e+00 -9.986494e-01 4.081358e-02 3.215545e-02 1.031686e+02
2.895701e-02 2.556703e-02 9.992537e-01 3.538498e+01 3.897064e-02 9.988839e-01 -2.668688e-02 -3.026186e+00 -9.988207e-01 3.971433e-02 2.792829e-02 1.032302e+02
2.722126e-02 3.276233e-02 9.990924e-01 3.600367e+01 4.445880e-02 9.984341e-01 -3.395206e-02 -3.006447e+00 -9.986403e-01 4.534267e-02 2.572203e-02 1.032793e+02
2.547032e-02 3.958477e-02 9.988915e-01 3.661121e+01 4.775349e-02 9.980268e-01 -4.076815e-02 -3.000387e+00 -9.985343e-01 4.873894e-02 2.352971e-02 1.033168e+02
2.350259e-02 4.543835e-02 9.986906e-01 3.726428e+01 4.585126e-02 9.978664e-01 -4.647988e-02 -2.993680e+00 -9.986717e-01 4.688362e-02 2.136904e-02 1.033621e+02
2.151316e-02 5.104866e-02 9.984645e-01 3.788929e+01 5.115729e-02 9.973311e-01 -5.209296e-02 -2.977083e+00 -9.984589e-01 5.219942e-02 1.884425e-02 1.034006e+02
1.875234e-02 5.468789e-02 9.983275e-01 3.848882e+01 5.198490e-02 9.970990e-01 -5.559708e-02 -2.974475e+00 -9.984719e-01 5.294053e-02 1.585495e-02 1.034335e+02
1.520902e-02 6.162748e-02 9.979834e-01 3.877028e+01 5.488876e-02 9.965423e-01 -6.237499e-02 -2.893967e+00 -9.983767e-01 5.572673e-02 1.177377e-02 1.035114e+02
1.236123e-02 6.471434e-02 9.978273e-01 3.895840e+01 4.864384e-02 9.966831e-01 -6.524274e-02 -2.863136e+00 -9.987397e-01 4.934464e-02 9.172261e-03 1.035692e+02
1.017612e-02 6.631840e-02 9.977468e-01 3.919254e+01 4.258213e-02 9.968644e-01 -6.669407e-02 -2.853959e+00 -9.990413e-01 4.316487e-02 7.320225e-03 1.036432e+02
6.640673e-03 6.594154e-02 9.978015e-01 3.932143e+01 3.830064e-02 9.970744e-01 -6.614842e-02 -2.852433e+00 -9.992443e-01 3.865572e-02 4.095614e-03 1.037371e+02
4.028857e-03 6.538161e-02 9.978522e-01 3.941068e+01 3.230146e-02 9.973311e-01 -6.547788e-02 -2.861993e+00 -9.994701e-01 3.249589e-02 1.906157e-03 1.038001e+02
-5.926847e-03 6.894358e-02 9.976029e-01 3.992507e+01 2.683439e-02 9.972722e-01 -6.876129e-02 -2.852107e+00 -9.996223e-01 2.636252e-02 -7.760763e-03 1.038569e+02
-1.499557e-02 6.950097e-02 9.974692e-01 4.026655e+01 2.060270e-02 9.973910e-01 -6.918579e-02 -2.874371e+00 -9.996753e-01 1.951308e-02 -1.638842e-02 1.039112e+02
-2.474618e-02 7.423147e-02 9.969340e-01 4.068491e+01 2.085787e-02 9.970606e-01 -7.372316e-02 -2.894870e+00 -9.994762e-01 1.896956e-02 -2.622175e-02 1.039448e+02
-3.389549e-02 7.880513e-02 9.963136e-01 4.108014e+01 2.343331e-02 9.966751e-01 -7.803650e-02 -2.897091e+00 -9.991506e-01 2.070184e-02 -3.562951e-02 1.039695e+02
-4.279363e-02 8.066634e-02 9.958221e-01 4.143735e+01 2.787991e-02 9.964435e-01 -7.951858e-02 -2.951716e+00 -9.986948e-01 2.436054e-02 -4.489040e-02 1.039701e+02
-5.343413e-02 8.087432e-02 9.952911e-01 4.200516e+01 2.382190e-02 9.965345e-01 -7.969644e-02 -2.993005e+00 -9.982873e-01 1.945122e-02 -5.517554e-02 1.040008e+02
-6.057882e-02 8.095989e-02 9.948747e-01 4.258586e+01 2.273418e-02 9.965586e-01 -7.971261e-02 -3.032197e+00 -9.979045e-01 1.778876e-02 -6.221092e-02 1.039898e+02
-6.609380e-02 8.147036e-02 9.944820e-01 4.328250e+01 2.184398e-02 9.965404e-01 -8.018724e-02 -3.094209e+00 -9.975744e-01 1.642357e-02 -6.764483e-02 1.039556e+02
-7.045102e-02 8.087911e-02 9.942310e-01 4.391629e+01 2.127886e-02 9.966026e-01 -7.956422e-02 -3.155534e+00 -9.972883e-01 1.555072e-02 -7.193267e-02 1.039218e+02
-7.277894e-02 7.854921e-02 9.942501e-01 4.456840e+01 2.202036e-02 9.967773e-01 -7.713698e-02 -3.205516e+00 -9.971050e-01 1.627980e-02 -7.427406e-02 1.038799e+02
-7.464027e-02 7.532705e-02 9.943615e-01 4.523239e+01 2.470405e-02 9.969766e-01 -7.367079e-02 -3.264923e+00 -9.969046e-01 1.906596e-02 -7.627547e-02 1.038336e+02
-7.570314e-02 7.382055e-02 9.943941e-01 4.585032e+01 2.319687e-02 9.971163e-01 -7.225667e-02 -3.307545e+00 -9.968606e-01 1.759677e-02 -7.719731e-02 1.037903e+02
-7.657254e-02 7.379483e-02 9.943295e-01 4.656751e+01 2.340773e-02 9.971156e-01 -7.219899e-02 -3.364912e+00 -9.967893e-01 1.774655e-02 -7.807899e-02 1.037538e+02
-7.615197e-02 7.905581e-02 9.939574e-01 4.724191e+01 2.740530e-02 9.966413e-01 -7.716963e-02 -3.412280e+00 -9.967197e-01 2.136309e-02 -7.806277e-02 1.036989e+02
-7.512450e-02 8.439162e-02 9.935969e-01 4.796845e+01 3.547764e-02 9.960077e-01 -8.191399e-02 -3.464651e+00 -9.965430e-01 2.909674e-02 -7.781863e-02 1.036329e+02
-7.425237e-02 9.059479e-02 9.931158e-01 4.867909e+01 4.373993e-02 9.952025e-01 -8.751483e-02 -3.521943e+00 -9.962798e-01 3.694063e-02 -7.785881e-02 1.035688e+02
-7.453620e-02 9.191512e-02 9.929733e-01 4.942855e+01 4.568996e-02 9.950122e-01 -8.867420e-02 -3.592479e+00 -9.961711e-01 3.875947e-02 -7.836401e-02 1.035107e+02
-7.389343e-02 9.045253e-02 9.931556e-01 5.011995e+01 4.572655e-02 9.951381e-01 -8.723091e-02 -3.657000e+00 -9.962173e-01 3.896778e-02 -7.767022e-02 1.034593e+02
-7.317066e-02 8.754987e-02 9.934694e-01 5.069738e+01 4.769620e-02 9.953068e-01 -8.419891e-02 -3.705361e+00 -9.961784e-01 4.122383e-02 -7.700300e-02 1.034212e+02
-7.052684e-02 8.783496e-02 9.936352e-01 5.127537e+01 5.408153e-02 9.949873e-01 -8.411586e-02 -3.733234e+00 -9.960428e-01 4.780490e-02 -7.492352e-02 1.033623e+02
-7.109106e-02 9.152406e-02 9.932620e-01 5.165480e+01 5.747246e-02 9.945030e-01 -8.752491e-02 -3.719150e+00 -9.958127e-01 5.086297e-02 -7.596040e-02 1.033335e+02
-7.069016e-02 1.006585e-01 9.924067e-01 5.205465e+01 6.825150e-02 9.930519e-01 -9.586237e-02 -3.679687e+00 -9.951608e-01 6.095672e-02 -7.706904e-02 1.033122e+02
-7.339978e-02 1.066936e-01 9.915790e-01 5.257438e+01 7.014596e-02 9.923508e-01 -1.015842e-01 -3.679666e+00 -9.948326e-01 6.209901e-02 -8.032250e-02 1.032996e+02
-7.793462e-02 1.135351e-01 9.904726e-01 5.297109e+01 7.408366e-02 9.914070e-01 -1.078130e-01 -3.648468e+00 -9.942021e-01 6.497548e-02 -8.567595e-02 1.033104e+02
-8.028805e-02 1.207705e-01 9.894285e-01 5.342003e+01 8.387372e-02 9.899309e-01 -1.140259e-01 -3.626865e+00 -9.932368e-01 7.383213e-02 -8.960915e-02 1.032985e+02
-8.033025e-02 1.282689e-01 9.884807e-01 5.385006e+01 1.012486e-01 9.876063e-01 -1.199273e-01 -3.593357e+00 -9.916128e-01 9.044851e-02 -9.232175e-02 1.032562e+02
-8.410621e-02 1.315057e-01 9.877412e-01 5.429986e+01 9.889735e-02 9.874607e-01 -1.230473e-01 -3.617636e+00 -9.915370e-01 8.733595e-02 -9.605706e-02 1.032583e+02
-8.266687e-02 1.362938e-01 9.872134e-01 5.468206e+01 1.083357e-01 9.859624e-01 -1.270493e-01 -3.616321e+00 -9.906713e-01 9.644769e-02 -9.627199e-02 1.032210e+02
-8.377039e-02 1.389410e-01 9.867513e-01 5.548296e+01 1.104486e-01 9.854251e-01 -1.293778e-01 -3.682753e+00 -9.903453e-01 9.814725e-02 -9.789526e-02 1.031483e+02
-8.946574e-02 1.381454e-01 9.863629e-01 5.602605e+01 9.654079e-02 9.868738e-01 -1.294605e-01 -3.798934e+00 -9.913001e-01 8.364200e-02 -1.016281e-01 1.031169e+02
-9.025657e-02 1.386530e-01 9.862196e-01 5.662209e+01 9.836988e-02 9.866601e-01 -1.297124e-01 -3.856544e+00 -9.910485e-01 8.530692e-02 -1.026919e-01 1.030597e+02
-9.117389e-02 1.369985e-01 9.863666e-01 5.729859e+01 9.587167e-02 9.870986e-01 -1.282384e-01 -3.944709e+00 -9.912094e-01 8.287262e-02 -1.031319e-01 1.029892e+02
-9.258854e-02 1.357758e-01 9.864038e-01 5.811881e+01 9.622083e-02 9.872428e-01 -1.268595e-01 -4.049329e+00 -9.910444e-01 8.316686e-02 -1.044718e-01 1.029048e+02
-9.554768e-02 1.394516e-01 9.856084e-01 5.878135e+01 9.784991e-02 9.866588e-01 -1.301143e-01 -4.094748e+00 -9.906039e-01 8.400957e-02 -1.079183e-01 1.028597e+02
