1.000000e+00 0.000000e+00 0.000000e+00 0.000000e+00 0.000000e+00 1.000000e+00 0.000000e+00 0.000000e+00 0.000000e+00 0.000000e+00 1.000000e+00 0.000000e+00
9.999969e-01 -1.818948e-03 -1.716063e-03 -1.570225e-04 1.818099e-03 9.999982e-01 -4.965220e-04 -1.460748e-02 1.716963e-03 4.934004e-04 9.999984e-01 5.575586e-01
9.999940e-01 -1.948782e-03 -2.849329e-03 -1.197089e-03 1.944128e-03 9.999968e-01 -1.634879e-03 -2.918696e-02 2.852506e-03 1.629329e-03 9.999946e-01 1.117885e+00
9.999872e-01 -2.030442e-03 -4.636707e-03 -5.717797e-03 2.017532e-03 9.999941e-01 -2.787142e-03 -4.060101e-02 4.642338e-03 2.777752e-03 9.999853e-01 1.672030e+00
9.999711e-01 -3.648469e-03 -6.666769e-03 -9.948172e-03 3.619175e-03 9.999838e-01 -4.400904e-03 -5.373006e-02 6.682717e-03 4.376648e-03 9.999681e-01 2.224900e+00
9.999505e-01 -5.885154e-03 -8.026312e-03 -1.313418e-02 5.836083e-03 9.999642e-01 -6.123489e-03 -6.818302e-02 8.062062e-03 6.076343e-03 9.999490e-01 2.784417e+00
9.999293e-01 -6.847322e-03 -9.718760e-03 -1.912239e-02 6.781469e-03 9.999539e-01 -6.792717e-03 -7.910755e-02 9.764825e-03 6.726330e-03 9.999297e-01 3.345797e+00
9.999135e-01 -6.882502e-03 -1.121101e-02 -2.431048e-02 6.815916e-03 9.999590e-01 -5.966709e-03 -9.230428e-02 1.125162e-02 5.889779e-03 9.999194e-01 3.924575e+00
9.998953e-01 -7.036008e-03 -1.264765e-02 -3.314530e-02 6.963180e-03 9.999590e-01 -5.793054e-03 -1.068296e-01 1.268789e-02 5.704379e-03 9.999033e-01 4.499992e+00
9.998923e-01 -6.458435e-03 -1.317774e-02 -4.075461e-02 6.346666e-03 9.999437e-01 -8.505882e-03 -1.244333e-01 1.323193e-02 8.421331e-03 9.998770e-01 5.088937e+00
9.998707e-01 -5.198537e-03 -1.522147e-02 -5.332595e-02 5.014310e-03 9.999141e-01 -1.211640e-02 -1.408301e-01 1.528315e-02 1.203851e-02 9.998108e-01 5.680390e+00
9.998559e-01 -3.851259e-03 -1.653029e-02 -6.856157e-02 3.589205e-03 9.998679e-01 -1.585343e-02 -1.540420e-01 1.658916e-02 1.579182e-02 9.997377e-01 6.278466e+00
9.998464e-01 -2.502665e-03 -1.734811e-02 -8.698787e-02 2.231649e-03 9.998754e-01 -1.562404e-02 -1.677377e-01 1.738505e-02 1.558292e-02 9.997274e-01 6.898609e+00
9.998221e-01 -1.074184e-03 -1.883307e-02 -1.169787e-01 9.072534e-04 9.999602e-01 -8.870008e-03 -1.757171e-01 1.884186e-02 8.851343e-03 9.997833e-01 7.531707e+00
9.998404e-01 -7.551917e-04 -1.785072e-02 -1.347606e-01 7.876792e-04 9.999980e-01 1.812996e-03 -1.875081e-01 1.784932e-02 -1.826767e-03 9.998390e-01 8.177804e+00
9.998196e-01 2.039464e-05 -1.899196e-02 -1.556365e-01 1.496528e-04 9.999599e-01 8.952194e-03 -2.000712e-01 1.899138e-02 -8.953421e-03 9.997796e-01 8.842676e+00
9.997957e-01 1.515488e-03 -2.015836e-02 -1.757913e-01 -1.334576e-03 9.999588e-01 8.984974e-03 -2.155809e-01 2.017114e-02 -8.956235e-03 9.997565e-01 9.513264e+00
9.997810e-01 4.185688e-03 -2.050607e-02 -2.035760e-01 -4.148957e-03 9.999897e-01 1.833424e-03 -2.184466e-01 2.051353e-02 -1.747944e-03 9.997880e-01 1.019360e+01
9.997505e-01 4.238173e-03 -2.193161e-02 -2.249508e-01 -4.327329e-03 9.999825e-01 -4.019330e-03 -2.199561e-01 2.191419e-02 4.113233e-03 9.997514e-01 1.089771e+01
9.997345e-01 3.045427e-03 -2.283949e-02 -2.353920e-01 -3.108667e-03 9.999914e-01 -2.733894e-03 -2.259408e-01 2.283097e-02 2.804169e-03 9.997354e-01 1.161592e+01
9.997164e-01 1.706123e-03 -2.375245e-02 -2.492632e-01 -1.544097e-03 9.999754e-01 6.838108e-03 -2.311662e-01 2.376353e-02 -6.799493e-03 9.996945e-01 1.236923e+01
9.997178e-01 1.082875e-03 -2.373178e-02 -2.626194e-01 -7.342214e-04 9.998918e-01 1.469521e-02 -2.346704e-01 2.374513e-02 -1.467364e-02 9.996104e-01 1.312611e+01
9.996938e-01 1.018122e-03 -2.472566e-02 -2.779699e-01 -5.933713e-04 9.998522e-01 1.717982e-02 -2.379189e-01 2.473950e-02 -1.715988e-02 9.995466e-01 1.391274e+01
9.996873e-01 -4.997308e-04 -2.500217e-02 -2.943054e-01 9.203700e-04 9.998582e-01 1.681544e-02 -2.394949e-01 2.499022e-02 -1.683319e-02 9.995460e-01 1.470561e+01
9.997126e-01 -7.168135e-04 -2.396097e-02 -3.159782e-01 1.061165e-03 9.998963e-01 1.436172e-02 -2.396320e-01 2.394819e-02 -1.438302e-02 9.996097e-01 1.551951e+01
9.997113e-01 1.877812e-03 -2.395166e-02 -3.377695e-01 -1.619776e-03 9.999405e-01 1.078807e-02 -2.312763e-01 2.397049e-02 -1.074616e-02 9.996549e-01 1.634534e+01
9.997502e-01 -8.050506e-04 -2.233671e-02 -3.574953e-01 9.353671e-04 9.999826e-01 5.824350e-03 -2.374400e-01 2.233163e-02 -5.843788e-03 9.997336e-01 1.718254e+01
9.997473e-01 -3.727135e-03 -2.216979e-02 -3.732987e-01 3.722513e-03 9.999930e-01 -2.497466e-04 -2.477352e-01 2.217056e-02 1.671562e-04 9.997542e-01 1.803675e+01
9.997892e-01 -2.675320e-03 -2.035893e-02 -3.954862e-01 2.570493e-03 9.999833e-01 -5.173342e-03 -2.595405e-01 2.037243e-02 5.119918e-03 9.997793e-01 1.891195e+01
9.997874e-01 -8.619492e-04 -2.059804e-02 -4.183787e-01 7.342139e-04 9.999804e-01 -6.208089e-03 -2.658029e-01 2.060299e-02 6.191646e-03 9.997686e-01 1.980601e+01
9.997844e-01 -1.547502e-03 -2.070884e-02 -4.436960e-01 1.440351e-03 9.999855e-01 -5.188073e-03 -2.822525e-01 2.071657e-02 5.157126e-03 9.997721e-01 2.071707e+01
9.997985e-01 -8.567594e-04 -2.005817e-02 -4.674831e-01 7.415031e-04 9.999832e-01 -5.752835e-03 -3.001545e-01 2.006276e-02 5.736803e-03 9.997823e-01 2.164661e+01
9.997948e-01 2.465490e-03 -2.010801e-02 -4.939075e-01 -2.623733e-03 9.999658e-01 -7.847053e-03 -3.189574e-01 2.008797e-02 7.898201e-03 9.997670e-01 2.257763e+01
9.997852e-01 6.738503e-03 -1.959865e-02 -5.253019e-01 -6.906558e-03 9.999399e-01 -8.519857e-03 -3.350353e-01 1.954005e-02 8.653386e-03 9.997717e-01 2.352447e+01
9.997696e-01 8.342431e-03 -1.977658e-02 -5.518090e-01 -8.505738e-03 9.999303e-01 -8.187917e-03 -3.563032e-01 1.970689e-02 8.354246e-03 9.997709e-01 2.447347e+01
9.997712e-01 8.889129e-03 -1.945391e-02 -5.778629e-01 -9.043269e-03 9.999283e-01 -7.849733e-03 -3.776937e-01 1.938274e-02 8.023865e-03 9.997799e-01 2.544485e+01
9.997680e-01 8.857861e-03 -1.963534e-02 -6.023724e-01 -9.006573e-03 9.999313e-01 -7.498211e-03 -3.993647e-01 1.956758e-02 7.673318e-03 9.997791e-01 2.641140e+01
9.997599e-01 9.371205e-03 -1.980911e-02 -6.291495e-01 -9.494589e-03 9.999360e-01 -6.143739e-03 -4.207392e-01 1.975027e-02 6.330342e-03 9.997849e-01 2.739359e+01
9.997619e-01 9.716814e-03 -1.954026e-02 -6.539771e-01 -9.798734e-03 9.999436e-01 -4.100917e-03 -4.415609e-01 1.949931e-02 4.291410e-03 9.998007e-01 2.839564e+01
9.997433e-01 1.015360e-02 -2.025648e-02 -6.804762e-01 -1.020948e-02 9.999443e-01 -2.657011e-03 -4.600097e-01 2.022838e-02 2.863137e-03 9.997913e-01 2.939067e+01
9.997505e-01 1.003194e-02 -1.995778e-02 -7.062001e-01 -1.009711e-02 9.999440e-01 -3.167514e-03 -4.843892e-01 1.992489e-02 3.368240e-03 9.997958e-01 3.040906e+01
9.997237e-01 1.148510e-02 -2.050896e-02 -7.320145e-01 -1.156641e-02 9.999257e-01 -3.850539e-03 -5.022159e-01 2.046322e-02 4.086690e-03 9.997823e-01 3.142106e+01
9.997204e-01 1.114009e-02 -2.085855e-02 -7.590983e-01 -1.120229e-02 9.999331e-01 -2.867406e-03 -5.195563e-01 2.082521e-02 3.100267e-03 9.997783e-01 3.245066e+01
9.997271e-01 1.041139e-02 -2.091192e-02 -7.825667e-01 -1.041175e-02 9.999458e-01 9.138879e-05 -5.400864e-01 2.091174e-02 1.263659e-04 9.997813e-01 3.349359e+01
9.997132e-01 1.045314e-02 -2.154474e-02 -8.089120e-01 -1.038315e-02 9.999405e-01 3.357911e-03 -5.556837e-01 2.157856e-02 -3.133246e-03 9.997622e-01 3.452959e+01
9.996989e-01 1.115425e-02 -2.185500e-02 -8.363213e-01 -1.102144e-02 9.999201e-01 6.188150e-03 -5.716919e-01 2.192228e-02 -5.945414e-03 9.997420e-01 3.558707e+01
9.996911e-01 1.057656e-02 -2.249182e-02 -8.653033e-01 -1.042375e-02 9.999219e-01 6.900426e-03 -5.845197e-01 2.256305e-02 -6.663845e-03 9.997232e-01 3.662774e+01
9.996977e-01 1.033622e-02 -2.230882e-02 -8.952790e-01 -1.020945e-02 9.999311e-01 5.788963e-03 -5.971490e-01 2.236712e-02 -5.559452e-03 9.997343e-01 3.769867e+01
9.996735e-01 1.099432e-02 -2.306708e-02 -9.265717e-01 -1.087249e-02 9.999263e-01 5.400136e-03 -6.077895e-01 2.312475e-02 -5.147576e-03 9.997193e-01 3.876325e+01
9.996626e-01 1.048301e-02 -2.376684e-02 -9.564494e-01 -1.032758e-02 9.999245e-01 6.653185e-03 -6.187389e-01 2.383479e-02 -6.405486e-03 9.996954e-01 3.982945e+01
9.996610e-01 1.003888e-02 -2.402508e-02 -9.860969e-01 -9.826019e-03 9.999115e-01 8.961501e-03 -6.320575e-01 2.411292e-02 -8.722391e-03 9.996712e-01 4.090210e+01
9.996397e-01 9.882213e-03 -2.495558e-02 -1.018057e+00 -9.602566e-03 9.998900e-01 1.130083e-02 -6.419792e-01 2.506451e-02 -1.105712e-02 9.996247e-01 4.195865e+01
9.996303e-01 1.086207e-02 -2.492303e-02 -1.048296e+00 -1.057285e-02 9.998755e-01 1.170698e-02 -6.535519e-01 2.504709e-02 -1.143914e-02 9.996208e-01 4.303325e+01
9.995866e-01 1.251816e-02 -2.588223e-02 -1.084316e+00 -1.231241e-02 9.998915e-01 8.093602e-03 -6.677933e-01 2.598073e-02 -7.771584e-03 9.996322e-01 4.408970e+01
9.995738e-01 1.436581e-02 -2.541517e-02 -1.117790e+00 -1.426692e-02 9.998900e-01 4.068028e-03 -6.818553e-01 2.547082e-02 -3.703698e-03 9.996687e-01 4.515768e+01
9.995573e-01 1.529634e-02 -2.552032e-02 -1.155106e+00 -1.520839e-02 9.998778e-01 3.636884e-03 -6.934944e-01 2.557283e-02 -3.247151e-03 9.996677e-01 4.622297e+01
9.995740e-01 1.440696e-02 -2.538235e-02 -1.189841e+00 -1.425244e-02 9.998788e-01 6.257934e-03 -7.085287e-01 2.546943e-02 -5.893507e-03 9.996582e-01 4.729561e+01
9.995798e-01 1.498218e-02 -2.481291e-02 -1.223464e+00 -1.478405e-02 9.998575e-01 8.149307e-03 -7.192376e-01 2.493147e-02 -7.779048e-03 9.996589e-01 4.837088e+01
9.996043e-01 1.310268e-02 -2.488891e-02 -1.256777e+00 -1.286643e-02 9.998708e-01 9.628929e-03 -7.325117e-01 2.501186e-02 -9.304889e-03 9.996439e-01 4.944232e+01
9.995924e-01 1.371066e-02 -2.503966e-02 -1.288954e+00 -1.347551e-02 9.998637e-01 9.535893e-03 -7.437118e-01 2.516699e-02 -9.194584e-03 9.996410e-01 5.051332e+01
9.996058e-01 1.286356e-02 -2.495463e-02 -1.321370e+00 -1.266384e-02 9.998866e-01 8.144927e-03 -7.610003e-01 2.505657e-02 -7.825696e-03 9.996554e-01 5.158168e+01
9.996015e-01 1.363572e-02 -2.471381e-02 -1.354416e+00 -1.350183e-02 9.998933e-01 5.576396e-03 -7.713266e-01 2.478721e-02 -5.240492e-03 9.996790e-01 5.265199e+01
9.996302e-01 1.246961e-02 -2.416587e-02 -1.384139e+00 -1.239345e-02 9.999177e-01 3.299018e-03 -7.904249e-01 2.420502e-02 -2.998299e-03 9.997025e-01 5.372599e+01
9.996402e-01 1.111293e-02 -2.441159e-02 -1.414121e+00 -1.111546e-02 9.999382e-01 3.200333e-05 -8.118523e-01 2.441044e-02 2.393543e-04 9.997020e-01 5.479520e+01
9.996691e-01 9.643484e-03 -2.384696e-02 -1.441817e+00 -9.686129e-03 9.999517e-01 -1.673450e-03 -8.340598e-01 2.382967e-02 1.903881e-03 9.997142e-01 5.586559e+01
9.996808e-01 8.031291e-03 -2.395353e-02 -1.470674e+00 -8.022576e-03 9.999677e-01 4.599024e-04 -8.536935e-01 2.395646e-02 -2.675866e-04 9.997129e-01 5.693383e+01
9.997065e-01 6.462100e-03 -2.334808e-02 -1.497952e+00 -6.312937e-03 9.999592e-01 6.456751e-03 -8.701916e-01 2.338885e-02 -6.307461e-03 9.997066e-01 5.800962e+01
9.997137e-01 5.011567e-03 -2.339793e-02 -1.525345e+00 -4.719533e-03 9.999105e-01 1.251979e-02 -8.814228e-01 2.345857e-02 -1.240578e-02 9.996479e-01 5.908466e+01
9.997213e-01 3.384913e-03 -2.336236e-02 -1.550707e+00 -3.058358e-03 9.998973e-01 1.399945e-02 -8.925259e-01 2.340735e-02 -1.392409e-02 9.996290e-01 6.015758e+01
9.997426e-01 1.132628e-03 -2.265778e-02 -1.574619e+00 -8.793629e-04 9.999371e-01 1.118469e-02 -9.035152e-01 2.266902e-02 -1.116189e-02 9.996807e-01 6.122871e+01
9.997412e-01 -6.012287e-04 -2.274212e-02 -1.599456e+00 7.808827e-04 9.999685e-01 7.891561e-03 -9.136211e-01 2.273666e-02 -7.907278e-03 9.997102e-01 6.229726e+01
9.997445e-01 1.376004e-03 -2.256078e-02 -1.628442e+00 -1.284445e-03 9.999909e-01 4.072319e-03 -9.260594e-01 2.256618e-02 -4.042300e-03 9.997372e-01 6.337086e+01
9.997419e-01 1.693115e-03 -2.265747e-02 -1.656937e+00 -1.693625e-03 9.999986e-01 -3.326273e-06 -9.461703e-01 2.265743e-02 4.169867e-05 9.997433e-01 6.444151e+01
9.997457e-01 4.835938e-03 -2.202873e-02 -1.690672e+00 -4.848782e-03 9.999881e-01 -5.296583e-04 -9.631543e-01 2.202590e-02 6.363360e-04 9.997572e-01 6.552247e+01
9.997441e-01 8.448143e-03 -2.098427e-02 -1.724542e+00 -8.392968e-03 9.999611e-01 2.716079e-03 -9.769894e-01 2.100640e-02 -2.539264e-03 9.997761e-01 6.661053e+01
9.997351e-01 9.360799e-03 -2.102648e-02 -1.755783e+00 -9.258416e-03 9.999448e-01 4.961322e-03 -9.954984e-01 2.107176e-02 -4.765335e-03 9.997666e-01 6.768555e+01
9.997419e-01 9.211391e-03 -2.077013e-02 -1.783502e+00 -9.090083e-03 9.999411e-01 5.927390e-03 -1.010478e+00 2.082351e-02 -5.737057e-03 9.997667e-01 6.876705e+01
9.997493e-01 7.859446e-03 -2.096693e-02 -1.808196e+00 -7.716079e-03 9.999464e-01 6.909942e-03 -1.026289e+00 2.102011e-02 -6.746427e-03 9.997563e-01 6.984430e+01
9.997579e-01 6.881412e-03 -2.089592e-02 -1.833678e+00 -6.706552e-03 9.999420e-01 8.426744e-03 -1.040249e+00 2.095269e-02 -8.284564e-03 9.997461e-01 7.092370e+01
9.997565e-01 5.334553e-03 -2.141342e-02 -1.858684e+00 -5.111277e-03 9.999322e-01 1.046814e-02 -1.053156e+00 2.146781e-02 -1.035614e-02 9.997159e-01 7.199741e+01
9.997481e-01 4.224466e-03 -2.204297e-02 -1.884083e+00 -3.950784e-03 9.999148e-01 1.244461e-02 -1.064648e+00 2.209366e-02 -1.235439e-02 9.996796e-01 7.307121e+01
9.997416e-01 3.596968e-03 -2.244408e-02 -1.909086e+00 -3.331311e-03 9.999241e-01 1.186257e-02 -1.078544e+00 2.248505e-02 -1.178473e-02 9.996777e-01 7.414674e+01
9.997212e-01 4.179025e-03 -2.324158e-02 -1.936966e+00 -3.986600e-03 9.999574e-01 8.319491e-03 -1.092663e+00 2.327536e-02 -8.224516e-03 9.996952e-01 7.521468e+01
9.997054e-01 5.267025e-03 -2.369115e-02 -1.966821e+00 -5.121721e-03 9.999678e-01 6.189771e-03 -1.106823e+00 2.372299e-02 -6.066608e-03 9.997002e-01 7.628069e+01
9.996774e-01 6.396515e-03 -2.458279e-02 -1.999596e+00 -6.206699e-03 9.999504e-01 7.790077e-03 -1.117853e+00 2.463140e-02 -7.634986e-03 9.996675e-01 7.734251e+01
9.996597e-01 7.163440e-03 -2.508382e-02 -2.032842e+00 -6.867297e-03 9.999059e-01 1.187244e-02 -1.130658e+00 2.516651e-02 -1.169614e-02 9.996148e-01 7.840548e+01
9.996446e-01 8.278785e-03 -2.533930e-02 -2.065719e+00 -7.873464e-03 9.998401e-01 1.605393e-02 -1.138615e+00 2.546816e-02 -1.584871e-02 9.995500e-01 7.946635e+01
9.996206e-01 9.456917e-03 -2.587148e-02 -2.099726e+00 -9.011407e-03 9.998100e-01 1.728283e-02 -1.147442e+00 2.603000e-02 -1.704314e-02 9.995159e-01 8.052116e+01
9.996108e-01 1.012488e-02 -2.599360e-02 -2.131409e+00 -9.727739e-03 9.998347e-01 1.535962e-02 -1.155296e+00 2.614482e-02 -1.510078e-02 9.995441e-01 8.157075e+01
9.995856e-01 9.866329e-03 -2.704140e-02 -2.163440e+00 -9.470211e-03 9.998465e-01 1.473770e-02 -1.162864e+00 2.718266e-02 -1.447551e-02 9.995257e-01 8.260780e+01
9.995781e-01 9.724284e-03 -2.736925e-02 -2.193820e+00 -9.318639e-03 9.998454e-01 1.490992e-02 -1.169950e+00 2.751000e-02 -1.464859e-02 9.995142e-01 8.364446e+01
9.995601e-01 8.407599e-03 -2.844241e-02 -2.226419e+00 -7.969483e-03 9.998484e-01 1.548206e-02 -1.182072e+00 2.856827e-02 -1.524858e-02 9.994755e-01 8.466538e+01
9.995475e-01 7.578909e-03 -2.910921e-02 -2.257055e+00 -7.072294e-03 9.998224e-01 1.746764e-02 -1.190936e+00 2.923642e-02 -1.725387e-02 9.994236e-01 8.566338e+01
9.995434e-01 6.981405e-03 -2.940002e-02 -2.289467e+00 -6.393992e-03 9.997790e-01 2.002686e-02 -1.197160e+00 2.953334e-02 -1.982974e-02 9.993671e-01 8.664362e+01
9.995152e-01 6.122032e-03 -3.052573e-02 -2.322622e+00 -5.467476e-03 9.997543e-01 2.148030e-02 -1.205329e+00 3.064974e-02 -2.130298e-02 9.993032e-01 8.761644e+01
9.994097e-01 4.149821e-03 -3.410444e-02 -2.358640e+00 -3.397319e-03 9.997501e-01 2.209303e-02 -1.208769e+00 3.418761e-02 -2.196412e-02 9.991741e-01 8.855846e+01
9.992886e-01 3.360247e-03 -3.756330e-02 -2.399096e+00 -2.546150e-03 9.997613e-01 2.169953e-02 -1.216986e+00 3.762725e-02 -2.158846e-02 9.990586e-01 8.947858e+01
9.991560e-01 3.443254e-03 -4.093230e-02 -2.440766e+00 -2.579646e-03 9.997734e-01 2.113256e-02 -1.220636e+00 4.099579e-02 -2.100913e-02 9.989384e-01 9.037433e+01
9.990318e-01 3.167420e-03 -4.388048e-02 -2.483503e+00 -2.225206e-03 9.997663e-01 2.150453e-02 -1.226090e+00 4.393835e-02 -2.138606e-02 9.988053e-01 9.126223e+01
9.988725e-01 4.028118e-03 -4.730149e-02 -2.530982e+00 -2.943913e-03 9.997318e-01 2.296849e-02 -1.228948e+00 4.738132e-02 -2.280334e-02 9.986166e-01 9.211843e+01
9.987389e-01 5.168532e-03 -4.993826e-02 -2.578872e+00 -3.971215e-03 9.997030e-01 2.404549e-02 -1.232608e+00 5.004771e-02 -2.381685e-02 9.984628e-01 9.295689e+01
9.985681e-01 5.813694e-03 -5.317816e-02 -2.628217e+00 -4.451171e-03 9.996597e-01 2.570450e-02 -1.234707e+00 5.330950e-02 -2.543099e-02 9.982542e-01 9.376425e+01
9.984230e-01 7.500733e-03 -5.563567e-02 -2.677598e+00 -6.025616e-03 9.996271e-01 2.663440e-02 -1.235035e+00 5.581470e-02 -2.625716e-02 9.980958e-01 9.455058e+01
9.982458e-01 9.356584e-03 -5.846195e-02 -2.730386e+00 -7.776629e-03 9.995999e-01 2.719467e-02 -1.236976e+00 5.869301e-02 -2.669233e-02 9.979191e-01 9.530677e+01
9.980751e-01 1.085093e-02 -6.106103e-02 -2.782840e+00 -9.249010e-03 9.996072e-01 2.645650e-02 -1.239690e+00 6.132413e-02 -2.584082e-02 9.977834e-01 9.603236e+01
9.979265e-01 1.221458e-02 -6.319507e-02 -2.832846e+00 -1.079016e-02 9.996811e-01 2.283243e-02 -1.243960e+00 6.345380e-02 -2.210320e-02 9.977400e-01 9.671326e+01
9.977314e-01 1.437009e-02 -6.576782e-02 -2.887673e+00 -1.313455e-02 9.997298e-01 1.918045e-02 -1.248877e+00 6.602567e-02 -1.827310e-02 9.976506e-01 9.736511e+01
9.975786e-01 1.630309e-02 -6.761102e-02 -2.938491e+00 -1.523607e-02 9.997516e-01 1.626747e-02 -1.252099e+00 6.785943e-02 -1.519795e-02 9.975792e-01 9.799590e+01
9.974766e-01 1.818509e-02 -6.862681e-02 -2.988437e+00 -1.714921e-02 9.997304e-01 1.565350e-02 -1.258071e+00 6.889297e-02 -1.443710e-02 9.975196e-01 9.860254e+01
9.973443e-01 2.101911e-02 -6.973156e-02 -3.038643e+00 -1.992857e-02 9.996685e-01 1.629809e-02 -1.265525e+00 7.005103e-02 -1.486516e-02 9.974326e-01 9.920200e+01
9.974802e-01 2.426117e-02 -6.666782e-02 -3.081957e+00 -2.312005e-02 9.995736e-01 1.783519e-02 -1.271083e+00 6.707209e-02 -1.624889e-02 9.976158e-01 9.975964e+01
9.977462e-01 2.689377e-02 -6.147593e-02 -3.121745e+00 -2.575816e-02 9.994840e-01 1.919108e-02 -1.276117e+00 6.196033e-02 -1.756432e-02 9.979240e-01 1.002924e+02
9.981653e-01 2.753590e-02 -5.392413e-02 -3.149644e+00 -2.643646e-02 9.994299e-01 2.099698e-02 -1.280274e+00 5.447156e-02 -1.953289e-02 9.983243e-01 1.008015e+02
9.986327e-01 2.732634e-02 -4.456327e-02 -3.170212e+00 -2.630607e-02 9.993818e-01 2.332304e-02 -1.282022e+00 4.517306e-02 -2.211886e-02 9.987343e-01 1.012839e+02
9.991100e-01 2.667645e-02 -3.267359e-02 -3.177604e+00 -2.587817e-02 9.993620e-01 2.461604e-02 -1.286136e+00 3.330942e-02 -2.374860e-02 9.991629e-01 1.017481e+02
9.994666e-01 2.620541e-02 -1.948873e-02 -3.180375e+00 -2.571321e-02 9.993544e-01 2.509162e-02 -1.289850e+00 2.013369e-02 -2.457712e-02 9.994951e-01 1.021860e+02
9.996585e-01 2.580638e-02 -4.122217e-03 -3.173082e+00 -2.569695e-02 9.993647e-01 2.469733e-02 -1.293933e+00 4.756947e-03 -2.458297e-02 9.996865e-01 1.026117e+02
9.996146e-01 2.436628e-02 1.330265e-02 -3.158509e+00 -2.465340e-02 9.994569e-01 2.186457e-02 -1.300543e+00 -1.276266e-02 -2.218410e-02 9.996724e-01 1.030315e+02
9.991346e-01 2.346842e-02 3.434097e-02 -3.130275e+00 -2.406334e-02 9.995657e-01 1.701439e-02 -1.302156e+00 -3.392676e-02 -1.782602e-02 9.992653e-01 1.034393e+02
9.980577e-01 2.162389e-02 5.842361e-02 -3.089109e+00 -2.236398e-02 9.996774e-01 1.204370e-02 -1.306016e+00 -5.814432e-02 -1.332689e-02 9.982193e-01 1.038442e+02
9.961850e-01 1.851897e-02 8.527888e-02 -3.038008e+00 -1.937530e-02 9.997697e-01 9.224794e-03 -1.310195e+00 -8.508841e-02 -1.084191e-02 9.963144e-01 1.042356e+02
9.932493e-01 1.546458e-02 1.149640e-01 -2.971355e+00 -1.651639e-02 9.998299e-01 8.202029e-03 -1.314237e+00 -1.148176e-01 -1.004545e-02 9.933358e-01 1.046213e+02
9.890670e-01 1.243309e-02 1.469417e-01 -2.895730e+00 -1.356725e-02 9.998854e-01 6.718700e-03 -1.319668e+00 -1.468413e-01 -8.638839e-03 9.891223e-01 1.049892e+02
9.831302e-01 9.964801e-03 1.826353e-01 -2.798329e+00 -1.115575e-02 9.999227e-01 5.494682e-03 -1.326670e+00 -1.825665e-01 -7.439421e-03 9.831654e-01 1.053600e+02
9.753581e-01 5.608083e-03 2.205564e-01 -2.688345e+00 -6.979711e-03 9.999608e-01 5.440124e-03 -1.335013e+00 -2.205173e-01 -6.845489e-03 9.753590e-01 1.057042e+02
9.655023e-01 2.887488e-03 2.603786e-01 -2.561442e+00 -4.418381e-03 9.999762e-01 5.294358e-03 -1.345522e+00 -2.603571e-01 -6.262166e-03 9.654921e-01 1.060487e+02
9.534629e-01 3.528082e-03 3.014898e-01 -2.426081e+00 -5.222705e-03 9.999748e-01 4.814961e-03 -1.356690e+00 -3.014652e-01 -6.165479e-03 9.534572e-01 1.063579e+02
9.384274e-01 5.392211e-03 3.454342e-01 -2.279266e+00 -7.306876e-03 9.999643e-01 4.240905e-03 -1.358930e+00 -3.453991e-01 -6.503827e-03 9.384333e-01 1.066710e+02
9.205898e-01 4.485642e-03 3.905052e-01 -2.109589e+00 -7.094147e-03 9.999611e-01 5.237658e-03 -1.364767e+00 -3.904665e-01 -7.592035e-03 9.205858e-01 1.069848e+02
9.007281e-01 3.482495e-03 4.343694e-01 -1.935059e+00 -6.860848e-03 9.999572e-01 6.209951e-03 -1.366272e+00 -4.343292e-01 -8.573620e-03 9.007134e-01 1.072636e+02
8.777190e-01 2.203676e-03 4.791707e-01 -1.729118e+00 -5.874517e-03 9.999638e-01 6.161850e-03 -1.374177e+00 -4.791398e-01 -8.223269e-03 8.777001e-01 1.075472e+02
8.530077e-01 2.279067e-03 5.218934e-01 -1.520833e+00 -5.467431e-03 9.999746e-01 4.569423e-03 -1.384250e+00 -5.218697e-01 -6.751169e-03 8.529985e-01 1.078084e+02
8.254214e-01 3.888037e-03 5.645037e-01 -1.295699e+00 -5.515969e-03 9.999841e-01 1.178069e-03 -1.392444e+00 -5.644901e-01 -4.086189e-03 8.254297e-01 1.080821e+02
7.954261e-01 8.464934e-03 6.059915e-01 -1.065953e+00 -8.207818e-03 9.999612e-01 -3.194586e-03 -1.399802e+00 -6.059951e-01 -2.432811e-03 7.954647e-01 1.083220e+02
7.618859e-01 1.401618e-02 6.475595e-01 -8.144008e-01 -1.218446e-02 9.998991e-01 -7.306817e-03 -1.407401e+00 -6.475966e-01 -2.323200e-03 7.619798e-01 1.085652e+02
7.250382e-01 1.898545e-02 6.884469e-01 -5.597032e-01 -1.575429e-02 9.998156e-01 -1.098050e-02 -1.408172e+00 -6.885285e-01 -2.884705e-03 7.252036e-01 1.087860e+02
6.860842e-01 1.857480e-02 7.272850e-01 -2.811006e-01 -1.453650e-02 9.998245e-01 -1.182243e-02 -1.416454e+00 -7.273769e-01 -2.460999e-03 6.862338e-01 1.089900e+02
6.452329e-01 1.597725e-02 7.638189e-01 2.950293e-02 -1.211146e-02 9.998696e-01 -1.068376e-02 -1.432134e+00 -7.638899e-01 -2.357443e-03 6.453422e-01 1.091797e+02
6.017861e-01 1.427878e-02 7.985296e-01 3.361847e-01 -1.099488e-02 9.998935e-01 -9.593505e-03 -1.433367e+00 -7.985816e-01 -3.006496e-03 6.018791e-01 1.093632e+02
5.554213e-01 1.238926e-02 8.314768e-01 6.746122e-01 -1.036111e-02 9.999145e-01 -7.977883e-03 -1.444201e+00 -8.315046e-01 -4.183935e-03 5.555022e-01 1.095496e+02
5.080376e-01 1.027033e-02 8.612736e-01 9.980007e-01 -9.308953e-03 9.999360e-01 -6.432771e-03 -1.448782e+00 -8.612846e-01 -4.749466e-03 5.081007e-01 1.096988e+02
4.574047e-01 4.824826e-03 8.892456e-01 1.367213e+00 -6.898622e-03 9.999744e-01 -1.877143e-03 -1.469059e+00 -8.892319e-01 -5.275954e-03 4.574264e-01 1.098379e+02
4.063210e-01 4.932439e-03 9.137171e-01 1.717560e+00 -9.437123e-03 9.999548e-01 -1.201372e-03 -1.473325e+00 -9.136817e-01 -8.134717e-03 4.063492e-01 1.099628e+02
3.554497e-01 9.404532e-03 9.346482e-01 2.085962e+00 -1.369388e-02 9.998944e-01 -4.853218e-03 -1.482729e+00 -9.345951e-01 -1.107389e-02 3.555410e-01 1.100685e+02
3.046843e-01 1.465858e-02 9.523406e-01 2.478494e+00 -1.638959e-02 9.998142e-01 -1.014575e-02 -1.490522e+00 -9.523124e-01 -1.251723e-02 3.048679e-01 1.101626e+02
2.575858e-01 1.713788e-02 9.661034e-01 2.875189e+00 -1.481477e-02 9.997952e-01 -1.378558e-02 -1.495710e+00 -9.661418e-01 -1.076163e-02 2.577870e-01 1.102374e+02
2.153985e-01 1.629170e-02 9.763904e-01 3.294107e+00 -7.760072e-03 9.998578e-01 -1.497135e-02 -1.510676e+00 -9.764954e-01 -4.352055e-03 2.154943e-01 1.102990e+02
1.803503e-01 1.558850e-02 9.834790e-01 3.713558e+00 9.368174e-06 9.998744e-01 -1.585010e-02 -1.522491e+00 -9.836025e-01 2.867785e-03 1.803275e-01 1.103344e+02
1.489462e-01 1.606944e-02 9.887147e-01 4.157844e+00 3.656097e-03 9.998522e-01 -1.680123e-02 -1.534572e+00 -9.888386e-01 6.117316e-03 1.488654e-01 1.103819e+02
1.213397e-01 1.429466e-02 9.925081e-01 4.610427e+00 1.958482e-03 9.998909e-01 -1.464043e-02 -1.547951e+00 -9.926091e-01 3.720273e-03 1.212985e-01 1.104230e+02
9.572029e-02 1.141881e-02 9.953428e-01 5.089302e+00 -3.899706e-03 9.999308e-01 -1.109642e-02 -1.550569e+00 -9.954006e-01 -2.819392e-03 9.575820e-02 1.104666e+02
7.117087e-02 7.832306e-03 9.974335e-01 5.588366e+00 -9.102242e-03 9.999326e-01 -7.202449e-03 -1.556503e+00 -9.974228e-01 -8.566274e-03 7.123739e-02 1.105003e+02
4.909134e-02 5.217636e-03 9.987807e-01 6.102152e+00 -5.412532e-03 9.999731e-01 -4.957832e-03 -1.571698e+00 -9.987797e-01 -5.162545e-03 4.911828e-02 1.105068e+02
2.816164e-02 5.175808e-03 9.995900e-01 6.633265e+00 1.444505e-03 9.999853e-01 -5.218551e-03 -1.588950e+00 -9.996024e-01 1.590876e-03 2.815378e-02 1.105009e+02
9.843767e-03 6.990842e-03 9.999272e-01 7.188347e+00 6.986408e-03 9.999506e-01 -7.059785e-03 -1.606583e+00 -9.999272e-01 7.055395e-03 9.794414e-03 1.104910e+02
-4.110336e-03 1.214154e-02 9.999178e-01 7.748688e+00 6.966449e-03 9.999024e-01 -1.211272e-02 -1.613065e+00 -9.999673e-01 6.916088e-03 -4.194617e-03 1.104800e+02
-1.585734e-02 1.683475e-02 9.997326e-01 8.338874e+00 3.278155e-03 9.998537e-01 -1.678480e-02 -1.616969e+00 -9.998689e-01 3.011118e-03 -1.591015e-02 1.104773e+02
-2.214336e-02 1.698576e-02 9.996105e-01 8.948711e+00 5.007871e-03 9.998450e-01 -1.687880e-02 -1.626901e+00 -9.997423e-01 4.632167e-03 -2.222490e-02 1.104590e+02
-2.492428e-02 1.343572e-02 9.995991e-01 9.579978e+00 1.189880e-02 9.998428e-01 -1.314231e-02 -1.649997e+00 -9.996185e-01 1.156646e-02 -2.508020e-02 1.104336e+02
-2.496278e-02 1.157425e-02 9.996215e-01 1.022676e+01 1.280679e-02 9.998546e-01 -1.125714e-02 -1.664806e+00 -9.996065e-01 1.252093e-02 -2.510738e-02 1.104171e+02
-2.284801e-02 1.082124e-02 9.996805e-01 1.089405e+01 1.207761e-02 9.998714e-01 -1.054727e-02 -1.684832e+00 -9.996660e-01 1.183277e-02 -2.297580e-02 1.104065e+02
-2.163088e-02 1.131478e-02 9.997022e-01 1.157349e+01 8.006088e-03 9.999058e-01 -1.114386e-02 -1.694440e+00 -9.997341e-01 7.762652e-03 -2.171946e-02 1.104040e+02
-2.035129e-02 1.203299e-02 9.997206e-01 1.227359e+01 7.163177e-03 9.999037e-01 -1.188938e-02 -1.713198e+00 -9.997674e-01 6.919213e-03 -2.043545e-02 1.103959e+02
-1.936126e-02 1.264885e-02 9.997326e-01 1.298744e+01 6.845977e-03 9.998982e-01 -1.251836e-02 -1.729288e+00 -9.997892e-01 6.601776e-03 -1.944590e-02 1.103863e+02
-1.882648e-02 1.186264e-02 9.997524e-01 1.372218e+01 7.111378e-03 9.999059e-01 -1.173054e-02 -1.748732e+00 -9.997975e-01 6.888771e-03 -1.890910e-02 1.103781e+02
-1.797867e-02 1.043795e-02 9.997839e-01 1.447233e+01 6.347580e-03 9.999266e-01 -1.032529e-02 -1.765233e+00 -9.998183e-01 6.160574e-03 -1.804352e-02 1.103719e+02
-1.775634e-02 8.839365e-03 9.998034e-01 1.522991e+01 7.166427e-03 9.999363e-01 -8.713267e-03 -1.784892e+00 -9.998167e-01 7.010301e-03 -1.781857e-02 1.103632e+02
-1.814044e-02 6.425452e-03 9.998147e-01 1.599325e+01 7.502452e-03 9.999521e-01 -6.290210e-03 -1.803782e+00 -9.998072e-01 7.386955e-03 -1.818788e-02 1.103521e+02
-1.914430e-02 4.886796e-03 9.998048e-01 1.677282e+01 5.969820e-03 9.999708e-01 -4.773297e-03 -1.820016e+00 -9.997990e-01 5.877274e-03 -1.917291e-02 1.103423e+02
-2.056170e-02 3.712830e-03 9.997817e-01 1.755588e+01 3.723497e-03 9.999865e-01 -3.637012e-03 -1.832248e+00 -9.997817e-01 3.647901e-03 -2.057528e-02 1.103324e+02
-2.168977e-02 1.014070e-03 9.997644e-01 1.834150e+01 5.125045e-03 9.999865e-01 -9.031086e-04 -1.847388e+00 -9.997517e-01 5.104249e-03 -2.169466e-02 1.103165e+02
-2.312553e-02 -1.162050e-03 9.997319e-01 1.913325e+01 5.790528e-03 9.999824e-01 1.296286e-03 -1.864320e+00 -9.997158e-01 5.818953e-03 -2.311838e-02 1.102994e+02
-2.452004e-02 -2.144310e-03 9.996970e-01 1.993209e+01 4.104539e-03 9.999890e-01 2.245610e-03 -1.875872e+00 -9.996909e-01 4.158358e-03 -2.451098e-02 1.102852e+02
-2.572072e-02 1.511602e-03 9.996682e-01 2.073717e+01 1.328252e-03 9.999980e-01 -1.477927e-03 -1.891846e+00 -9.996684e-01 1.289798e-03 -2.572262e-02 1.102731e+02
-2.676868e-02 6.051154e-03 9.996234e-01 2.155550e+01 1.399847e-03 9.999809e-01 -6.015833e-03 -1.906085e+00 -9.996406e-01 1.238284e-03 -2.677655e-02 1.102562e+02
-2.777326e-02 7.656103e-03 9.995850e-01 2.237960e+01 2.243900e-03 9.999686e-01 -7.596696e-03 -1.927635e+00 -9.996118e-01 2.031984e-03 -2.778959e-02 1.102363e+02
-2.928519e-02 5.420784e-03 9.995564e-01 2.320606e+01 -1.332074e-03 9.999842e-01 -5.462131e-03 -1.943223e+00 -9.995702e-01 -1.491442e-03 -2.927744e-02 1.102216e+02
-3.025353e-02 1.394062e-03 9.995413e-01 2.404139e+01 -3.930130e-03 9.999911e-01 -1.513644e-03 -1.960109e+00 -9.995345e-01 -3.974120e-03 -3.024781e-02 1.102063e+02
-3.082943e-02 -3.957070e-03 9.995169e-01 2.487925e+01 -5.182494e-03 9.999794e-01 3.799051e-03 -1.978410e+00 -9.995113e-01 -5.062868e-03 -3.084934e-02 1.101877e+02
-3.109086e-02 -9.513956e-03 9.994714e-01 2.571781e+01 -8.325052e-03 9.999225e-01 9.259283e-03 -1.988154e+00 -9.994820e-01 -8.032772e-03 -3.116763e-02 1.101701e+02
-3.098118e-02 -1.123517e-02 9.994569e-01 2.655050e+01 -1.085778e-02 9.998816e-01 1.090338e-02 -1.998067e+00 -9.994611e-01 -1.051408e-02 -3.109956e-02 1.101547e+02
-3.026128e-02 -4.940373e-03 9.995300e-01 2.738213e+01 -8.153216e-03 9.999557e-01 4.695636e-03 -2.022138e+00 -9.995089e-01 -8.007287e-03 -3.030026e-02 1.101342e+02
-2.866077e-02 5.575884e-03 9.995738e-01 2.820089e+01 -6.189688e-03 9.999643e-01 -5.755538e-03 -2.041014e+00 -9.995702e-01 -6.352006e-03 -2.862525e-02 1.101136e+02
-2.851224e-02 1.057843e-02 9.995375e-01 2.902672e+01 -5.255220e-03 9.999286e-01 -1.073248e-02 -2.060682e+00 -9.995797e-01 -5.558797e-03 -2.845466e-02 1.100934e+02
-2.694404e-02 5.331396e-03 9.996227e-01 2.985487e+01 -4.408513e-03 9.999754e-01 -5.452105e-03 -2.075017e+00 -9.996272e-01 -4.553752e-03 -2.691996e-02 1.100721e+02
-2.597344e-02 -2.638007e-03 9.996591e-01 3.068372e+01 -1.251910e-03 9.999958e-01 2.606367e-03 -2.097497e+00 -9.996619e-01 -1.183786e-03 -2.597666e-02 1.100502e+02
-2.608514e-02 -6.385843e-03 9.996393e-01 3.150675e+01 -2.685774e-04 9.999796e-01 6.381009e-03 -2.118390e+00 -9.996597e-01 -1.020317e-04 -2.608633e-02 1.100306e+02
-2.582955e-02 -6.913221e-03 9.996426e-01 3.232472e+01 -1.629953e-03 9.999750e-01 6.873406e-03 -2.136403e+00 -9.996651e-01 -1.451833e-03 -2.584016e-02 1.100163e+02
-2.727354e-02 -6.594523e-03 9.996063e-01 3.313732e+01 -4.369107e-03 9.999695e-01 6.477712e-03 -2.150175e+00 -9.996185e-01 -4.190717e-03 -2.730143e-02 1.100044e+02
-2.889633e-02 -6.735318e-03 9.995599e-01 3.394865e+01 -6.728428e-03 9.999560e-01 6.543477e-03 -2.163018e+00 -9.995599e-01 -6.536385e-03 -2.894032e-02 1.099897e+02
-3.158963e-02 -7.199351e-03 9.994751e-01 3.475806e+01 -7.352257e-03 9.999487e-01 6.970386e-03 -2.177208e+00 -9.994740e-01 -7.128206e-03 -3.164089e-02 1.099694e+02
-3.333330e-02 -7.459644e-03 9.994165e-01 3.556127e+01 -8.819530e-03 9.999354e-01 7.169362e-03 -2.194720e+00 -9.994054e-01 -8.575406e-03 -3.339696e-02 1.099490e+02
-3.544605e-02 -7.657213e-03 9.993422e-01 3.636045e+01 -1.085495e-02 9.999146e-01 7.276580e-03 -2.206818e+00 -9.993126e-01 -1.058989e-02 -3.552616e-02 1.099271e+02
-3.803098e-02 -8.836366e-03 9.992375e-01 3.715990e+01 -1.245511e-02 9.998874e-01 8.368074e-03 -2.218325e+00 -9.991990e-01 -1.212737e-02 -3.813672e-02 1.099043e+02
-3.974438e-02 -1.003757e-02 9.991595e-01 3.794778e+01 -1.194775e-02 9.998828e-01 9.569580e-03 -2.232220e+00 -9.991385e-01 -1.155737e-02 -3.985965e-02 1.098794e+02
-4.214001e-02 -1.041930e-02 9.990575e-01 3.873250e+01 -1.161990e-02 9.998831e-01 9.937786e-03 -2.244152e+00 -9.990443e-01 -1.119017e-02 -4.225612e-02 1.098532e+02
-4.367840e-02 -1.007917e-02 9.989949e-01 3.950926e+01 -1.149479e-02 9.998880e-01 9.585600e-03 -2.257409e+00 -9.989796e-01 -1.106455e-02 -4.378939e-02 1.098245e+02
-4.518807e-02 -1.020249e-02 9.989264e-01 4.028275e+01 -1.119754e-02 9.998902e-01 9.705796e-03 -2.266872e+00 -9.989158e-01 -1.074693e-02 -4.529738e-02 1.097932e+02
-4.617763e-02 -1.145474e-02 9.988676e-01 4.105394e+01 -9.999776e-03 9.998894e-01 1.100417e-02 -2.278207e+00 -9.988832e-01 -9.480306e-03 -4.628706e-02 1.097590e+02
-4.762781e-02 -1.227667e-02 9.987897e-01 4.182153e+01 -9.453468e-03 9.998852e-01 1.183934e-02 -2.287893e+00 -9.988204e-01 -8.878144e-03 -4.773831e-02 1.097257e+02
-4.940677e-02 -1.288827e-02 9.986956e-01 4.258229e+01 -9.755488e-03 9.998752e-01 1.242088e-02 -2.297596e+00 -9.987311e-01 -9.129089e-03 -4.952633e-02 1.096941e+02
-5.035782e-02 -1.396209e-02 9.986336e-01 4.332822e+01 -1.056865e-02 9.998537e-01 1.344620e-02 -2.305296e+00 -9.986753e-01 -9.877084e-03 -5.049801e-02 1.096640e+02
-5.158794e-02 -1.506562e-02 9.985549e-01 4.406514e+01 -1.112756e-02 9.998328e-01 1.451003e-02 -2.311829e+00 -9.986066e-01 -1.036294e-02 -5.174696e-02 1.096322e+02
-5.203688e-02 -1.549371e-02 9.985250e-01 4.477855e+01 -1.136473e-02 9.998241e-01 1.492161e-02 -2.319578e+00 -9.985806e-01 -1.057150e-02 -5.220377e-02 1.095994e+02
-5.266738e-02 -1.361430e-02 9.985193e-01 4.548451e+01 -1.109553e-02 9.998533e-01 1.304724e-02 -2.330057e+00 -9.985504e-01 -1.039194e-02 -5.281067e-02 1.095661e+02
-5.252612e-02 -1.141398e-02 9.985545e-01 4.617851e+01 -1.085296e-02 9.998822e-01 1.085827e-02 -2.345026e+00 -9.985607e-01 -1.026693e-02 -5.264378e-02 1.095341e+02
-5.261350e-02 -9.660191e-03 9.985682e-01 4.687293e+01 -1.227054e-02 9.998839e-01 9.026397e-03 -2.350752e+00 -9.985396e-01 -1.177807e-02 -5.272591e-02 1.095034e+02
-5.309415e-02 -9.091765e-03 9.985482e-01 4.756721e+01 -1.216723e-02 9.998902e-01 8.457037e-03 -2.360895e+00 -9.985154e-01 -1.170054e-02 -5.319893e-02 1.094698e+02
-5.292606e-02 -9.182233e-03 9.985563e-01 4.825429e+01 -1.082908e-02 9.999042e-01 8.620661e-03 -2.368471e+00 -9.985399e-01 -1.035718e-02 -5.302048e-02 1.094347e+02
-5.349708e-02 -9.983046e-03 9.985182e-01 4.894210e+01 -1.048425e-02 9.999005e-01 9.435158e-03 -2.379669e+00 -9.985130e-01 -9.963965e-03 -5.359638e-02 1.094008e+02
-5.366611e-02 -1.003080e-02 9.985086e-01 4.962379e+01 -1.359639e-02 9.998642e-01 9.313662e-03 -2.383134e+00 -9.984664e-01 -1.307628e-02 -5.379522e-02 1.093745e+02
-5.374491e-02 -1.012162e-02 9.985034e-01 5.030038e+01 -1.571032e-02 9.998334e-01 9.289483e-03 -2.390273e+00 -9.984311e-01 -1.518754e-02 -5.389500e-02 1.093468e+02
-5.368865e-02 -1.145040e-02 9.984920e-01 5.097562e+01 -1.453138e-02 9.998373e-01 1.068447e-02 -2.398468e+00 -9.984519e-01 -1.393583e-02 -5.384636e-02 1.093147e+02
-5.491042e-02 -1.242600e-02 9.984141e-01 5.164804e+01 -1.434823e-02 9.998291e-01 1.165450e-02 -2.405960e+00 -9.983884e-01 -1.368552e-02 -5.507934e-02 1.092816e+02
-5.831599e-02 -1.321226e-02 9.982107e-01 5.231632e+01 -1.648332e-02 9.997888e-01 1.227018e-02 -2.413330e+00 -9.981621e-01 -1.573828e-02 -5.852139e-02 1.092499e+02
-6.305063e-02 -1.313659e-02 9.979239e-01 5.298470e+01 -1.764259e-02 9.997718e-01 1.204622e-02 -2.417680e+00 -9.978544e-01 -1.684644e-02 -6.326807e-02 1.092169e+02
-6.917369e-02 -1.035737e-02 9.975510e-01 5.364082e+01 -1.628228e-02 9.998246e-01 9.251915e-03 -2.432319e+00 -9.974719e-01 -1.560241e-02 -6.933022e-02 1.091689e+02
-7.583857e-02 -7.748310e-03 9.970900e-01 5.429609e+01 -1.470580e-02 9.998698e-01 6.651390e-03 -2.441244e+00 -9.970117e-01 -1.415857e-02 -7.594264e-02 1.091162e+02
-8.287919e-02 -6.576729e-03 9.965380e-01 5.495601e+01 -1.525976e-02 9.998693e-01 5.329606e-03 -2.453329e+00 -9.964429e-01 -1.476522e-02 -8.296871e-02 1.090607e+02
-8.900011e-02 -7.163790e-03 9.960060e-01 5.562193e+01 -1.732746e-02 9.998339e-01 5.642996e-03 -2.462466e+00 -9.958810e-01 -1.675602e-02 -8.910942e-02 1.090061e+02
-9.448838e-02 -8.447418e-03 9.954901e-01 5.629367e+01 -1.769586e-02 9.998202e-01 6.804533e-03 -2.472947e+00 -9.953687e-01 -1.697311e-02 -9.462094e-02 1.089451e+02
-9.936547e-02 -8.771657e-03 9.950123e-01 5.696530e+01 -1.903516e-02 9.997949e-01 6.912899e-03 -2.485771e+00 -9.948689e-01 -1.825332e-02 -9.951210e-02 1.088813e+02
-1.032305e-01 -9.373009e-03 9.946133e-01 5.765253e+01 -2.074770e-02 9.997583e-01 7.268102e-03 -2.489166e+00 -9.944411e-01 -1.988565e-02 -1.034000e-01 1.088162e+02
-1.060815e-01 -1.212307e-02 9.942836e-01 5.834314e+01 -2.023867e-02 9.997448e-01 1.003037e-02 -2.491928e+00 -9.941515e-01 -1.905895e-02 -1.062998e-01 1.087453e+02
-1.079208e-01 -1.520620e-02 9.940433e-01 5.904826e+01 -1.836246e-02 9.997429e-01 1.329982e-02 -2.498592e+00 -9.939900e-01 -1.681776e-02 -1.081723e-01 1.086706e+02
-1.097579e-01 -1.768749e-02 9.938009e-01 5.975519e+01 -1.769005e-02 9.997181e-01 1.583907e-02 -2.503578e+00 -9.938009e-01 -1.584193e-02 -1.100398e-01 1.085963e+02
-1.107898e-01 -1.821256e-02 9.936770e-01 6.047514e+01 -1.812409e-02 9.997028e-01 1.630227e-02 -2.503942e+00 -9.936786e-01 -1.620337e-02 -1.110870e-01 1.085226e+02
-1.114392e-01 -1.527970e-02 9.936538e-01 6.119571e+01 -1.722655e-02 9.997613e-01 1.344164e-02 -2.507816e+00 -9.936219e-01 -1.561930e-02 -1.116759e-01 1.084451e+02
-1.121218e-01 -1.138540e-02 9.936292e-01 6.191653e+01 -1.248006e-02 9.998716e-01 1.004867e-02 -2.508963e+00 -9.936161e-01 -1.127388e-02 -1.122495e-01 1.083604e+02
-1.128087e-01 -7.184668e-03 9.935908e-01 6.264866e+01 -6.308501e-03 9.999589e-01 6.514472e-03 -2.522676e+00 -9.935967e-01 -5.533180e-03 -1.128494e-01 1.082703e+02
-1.137818e-01 -6.075910e-03 9.934873e-01 6.338301e+01 -5.002546e-03 9.999721e-01 5.542641e-03 -2.526188e+00 -9.934933e-01 -4.339315e-03 -1.138090e-01 1.081879e+02
-1.138664e-01 -7.956587e-03 9.934642e-01 6.412636e+01 -6.618080e-03 9.999518e-01 7.250011e-03 -2.530690e+00 -9.934740e-01 -5.749293e-03 -1.139137e-01 1.081099e+02
-1.138139e-01 -1.206754e-02 9.934288e-01 6.486729e+01 -6.342260e-03 9.999147e-01 1.141971e-02 -2.529592e+00 -9.934819e-01 -5.000864e-03 -1.138806e-01 1.080288e+02
-1.142855e-01 -1.411074e-02 9.933479e-01 6.560667e+01 -2.539946e-03 9.999000e-01 1.391159e-02 -2.540524e+00 -9.934448e-01 -9.331591e-04 -1.143099e-01 1.079419e+02
-1.150157e-01 -1.435060e-02 9.932601e-01 6.634539e+01 -6.148876e-04 9.998965e-01 1.437529e-02 -2.547258e+00 -9.933636e-01 1.042638e-03 -1.150126e-01 1.078576e+02
-1.168083e-01 -1.445382e-02 9.930493e-01 6.708249e+01 -3.047678e-03 9.998946e-01 1.419497e-02 -2.553527e+00 -9.931498e-01 -1.368405e-03 -1.168400e-01 1.077768e+02
-1.186134e-01 -1.431132e-02 9.928374e-01 6.781754e+01 -3.633781e-03 9.998957e-01 1.397894e-02 -2.561642e+00 -9.929339e-01 -1.949665e-03 -1.186531e-01 1.076928e+02
-1.200505e-01 -1.434841e-02 9.926642e-01 6.854958e+01 -2.858491e-03 9.998964e-01 1.410725e-02 -2.565969e+00 -9.927638e-01 -1.143940e-03 -1.200790e-01 1.076089e+02
-1.217487e-01 -1.450411e-02 9.924550e-01 6.928451e+01 -2.006362e-03 9.998948e-01 1.436670e-02 -2.572746e+00 -9.925590e-01 -2.420959e-04 -1.217650e-01 1.075225e+02
-1.236850e-01 -1.513697e-02 9.922062e-01 7.002425e+01 -2.249800e-03 9.998854e-01 1.497367e-02 -2.576658e+00 -9.923190e-01 -3.802460e-04 -1.237049e-01 1.074342e+02
-1.254081e-01 -1.489637e-02 9.919934e-01 7.076436e+01 -2.230829e-03 9.998890e-01 1.473291e-02 -2.578847e+00 -9.921027e-01 -3.653420e-04 -1.254274e-01 1.073464e+02
-1.263813e-01 -1.426258e-02 9.918792e-01 7.151178e+01 -2.791536e-03 9.998978e-01 1.402219e-02 -2.587660e+00 -9.919778e-01 -9.967228e-04 -1.264082e-01 1.072578e+02
-1.275793e-01 -1.400409e-02 9.917294e-01 7.225668e+01 -2.252992e-03 9.999018e-01 1.382966e-02 -2.587853e+00 -9.918258e-01 -4.699808e-04 -1.275984e-01 1.071690e+02
-1.284772e-01 -1.449749e-02 9.916066e-01 7.302093e+01 -2.598554e-03 9.998946e-01 1.428198e-02 -2.593656e+00 -9.917091e-01 -7.418352e-04 -1.285013e-01 1.070768e+02
-1.296591e-01 -1.593042e-02 9.914306e-01 7.378036e+01 -2.419910e-03 9.998730e-01 1.574960e-02 -2.594775e+00 -9.915557e-01 -3.570942e-04 -1.296811e-01 1.069808e+02
-1.305475e-01 -1.793207e-02 9.912798e-01 7.455877e+01 -3.090255e-03 9.998389e-01 1.767993e-02 -2.596682e+00 -9.914372e-01 -7.552346e-04 -1.305820e-01 1.068884e+02
-1.320076e-01 -1.997013e-02 9.910475e-01 7.533770e+01 -5.006321e-03 9.997977e-01 1.947961e-02 -2.596169e+00 -9.912361e-01 -2.390045e-03 -1.320809e-01 1.067928e+02
