1.000000e+00 0.000000e+00 0.000000e+00 0.000000e+00 0.000000e+00 1.000000e+00 0.000000e+00 0.000000e+00 0.000000e+00 0.000000e+00 1.000000e+00 0.000000e+00
9.999869e-01 -1.560852e-03 -4.861486e-03 5.285254e-02 1.570568e-03 9.999968e-01 1.995291e-03 -1.260970e-02 4.858356e-03 -2.002900e-03 9.999862e-01 -2.745598e-01
9.999979e-01 1.050859e-03 -1.743253e-03 1.804396e-02 -1.053880e-03 9.999979e-01 -1.732909e-03 5.923950e-03 1.741428e-03 1.734743e-03 9.999970e-01 7.994164e-01
9.999927e-01 1.980765e-03 3.265070e-03 -2.490944e-02 -1.973743e-03 9.999957e-01 -2.152397e-03 1.208712e-03 -3.269319e-03 2.145937e-03 9.999924e-01 1.786428e+00
9.999796e-01 1.131669e-03 6.293176e-03 -4.702724e-02 -1.118135e-03 9.999971e-01 -2.153787e-03 -1.657514e-02 -6.295595e-03 2.146706e-03 9.999779e-01 3.004197e+00
9.999653e-01 4.313597e-04 8.316888e-03 -6.923310e-02 -4.180991e-04 9.999986e-01 -1.596089e-03 -4.203487e-02 -8.317565e-03 1.592557e-03 9.999641e-01 4.252128e+00
9.999469e-01 1.848573e-03 1.013587e-02 -8.389840e-02 -1.811007e-03 9.999915e-01 -3.714179e-03 -3.831585e-02 -1.014265e-02 3.695626e-03 9.999417e-01 5.444424e+00
9.999267e-01 2.051815e-03 1.192953e-02 -9.727363e-02 -2.010641e-03 9.999920e-01 -3.462403e-03 -6.935491e-02 -1.193654e-02 3.438163e-03 9.999229e-01 6.672334e+00
9.999154e-01 8.764773e-04 1.297505e-02 -1.035874e-01 -8.224538e-04 9.999910e-01 -4.168398e-03 -9.903710e-02 -1.297858e-02 4.157375e-03 9.999071e-01 7.901185e+00
9.999208e-01 3.226898e-03 1.216435e-02 -5.528476e-02 -3.167330e-03 9.999829e-01 -4.912979e-03 -1.175362e-01 -1.217999e-02 4.874062e-03 9.999139e-01 9.104796e+00
9.999342e-01 3.128636e-03 1.103931e-02 -5.611138e-02 -3.077241e-03 9.999844e-01 -4.669564e-03 -1.370046e-01 -1.105375e-02 4.635286e-03 9.999282e-01 1.021611e+01
9.999240e-01 1.776111e-03 1.219788e-02 -1.257953e-01 -1.713013e-03 9.999851e-01 -5.181357e-03 -1.661727e-01 -1.220690e-02 5.160068e-03 9.999122e-01 1.125911e+01
9.999135e-01 5.092810e-03 1.212343e-02 -1.789919e-01 -4.992547e-03 9.999532e-01 -8.286159e-03 -1.624135e-01 -1.216507e-02 8.224916e-03 9.998922e-01 1.228833e+01
9.999055e-01 6.696647e-03 1.200830e-02 -2.079653e-01 -6.583897e-03 9.999341e-01 -9.404374e-03 -1.749288e-01 -1.207049e-02 9.324424e-03 9.998837e-01 1.338518e+01
9.999047e-01 8.251201e-03 1.107101e-02 -2.149431e-01 -8.142281e-03 9.999183e-01 -9.847550e-03 -1.997907e-01 -1.115136e-02 9.756468e-03 9.998902e-01 1.458680e+01
9.999015e-01 1.000552e-02 9.843371e-03 -2.171049e-01 -9.897106e-03 9.998905e-01 -1.100117e-02 -2.205907e-01 -9.952365e-03 1.090266e-02 9.998910e-01 1.580206e+01
9.999013e-01 9.313480e-03 1.052047e-02 -2.573507e-01 -9.198673e-03 9.998982e-01 -1.090892e-02 -2.555104e-01 -1.062100e-02 1.081107e-02 9.998851e-01 1.698803e+01
9.999098e-01 8.041826e-03 1.076379e-02 -2.710155e-01 -7.934091e-03 9.999184e-01 -1.001457e-02 -2.938018e-01 -1.084345e-02 9.928263e-03 9.998919e-01 1.821558e+01
9.999289e-01 6.592007e-03 9.935264e-03 -2.804910e-01 -6.480081e-03 9.999157e-01 -1.125600e-02 -3.288354e-01 -1.000863e-02 1.119082e-02 9.998873e-01 1.939506e+01
9.999357e-01 7.021081e-03 8.903882e-03 -2.860264e-01 -6.908286e-03 9.998963e-01 -1.263619e-02 -3.569756e-01 -8.991678e-03 1.257387e-02 9.998805e-01 2.056168e+01
9.999145e-01 9.081395e-03 9.411402e-03 -3.104672e-01 -8.963604e-03 9.998819e-01 -1.248334e-02 -3.891711e-01 -9.523656e-03 1.239791e-02 9.998778e-01 2.173209e+01
9.998732e-01 1.138909e-02 1.112669e-02 -3.472831e-01 -1.124681e-02 9.998552e-01 -1.276727e-02 -4.141051e-01 -1.127049e-02 1.264051e-02 9.998566e-01 2.293896e+01
9.998568e-01 1.105613e-02 1.280930e-02 -3.807412e-01 -1.086858e-02 9.998341e-01 -1.461998e-02 -4.356032e-01 -1.296882e-02 1.447866e-02 9.998111e-01 2.410074e+01
9.998505e-01 1.133709e-02 1.305749e-02 -3.938605e-01 -1.116225e-02 9.998481e-01 -1.338632e-02 -4.750304e-01 -1.320727e-02 1.323857e-02 9.998251e-01 2.529897e+01
9.998855e-01 9.074480e-03 1.211091e-02 -3.831753e-01 -8.922818e-03 9.998818e-01 -1.251857e-02 -5.020848e-01 -1.222308e-02 1.240908e-02 9.998483e-01 2.654639e+01
9.998839e-01 9.957990e-03 1.153581e-02 -3.906520e-01 -9.810920e-03 9.998708e-01 -1.273618e-02 -5.345921e-01 -1.166114e-02 1.262152e-02 9.998524e-01 2.771376e+01
9.998823e-01 1.038958e-02 1.128573e-02 -3.789699e-01 -1.022415e-02 9.998409e-01 -1.461828e-02 -5.589207e-01 -1.143582e-02 1.450117e-02 9.998295e-01 2.892270e+01
9.999112e-01 9.310217e-03 9.538107e-03 -3.625573e-01 -9.160916e-03 9.998367e-01 -1.557902e-02 -5.938681e-01 -9.681594e-03 1.549026e-02 9.998332e-01 3.013259e+01
9.999068e-01 7.462804e-03 1.142702e-02 -4.065574e-01 -7.278873e-03 9.998446e-01 -1.605401e-02 -6.331909e-01 -1.154506e-02 1.596934e-02 9.998058e-01 3.137545e+01
9.999116e-01 5.612755e-03 1.205113e-02 -4.204319e-01 -5.406971e-03 9.998401e-01 -1.704112e-02 -6.595393e-01 -1.214486e-02 1.697445e-02 9.997821e-01 3.260455e+01
9.999251e-01 5.065677e-03 1.114149e-02 -4.103122e-01 -4.887281e-03 9.998603e-01 -1.598123e-02 -7.082435e-01 -1.122089e-02 1.592559e-02 9.998102e-01 3.383665e+01
9.999321e-01 3.926347e-03 1.097772e-02 -4.208673e-01 -3.755689e-03 9.998724e-01 -1.552350e-02 -7.532544e-01 -1.103727e-02 1.548122e-02 9.998192e-01 3.509958e+01
9.999379e-01 4.767615e-03 1.007621e-02 -4.195536e-01 -4.590542e-03 9.998359e-01 -1.752404e-02 -7.712668e-01 -1.015810e-02 1.747669e-02 9.997957e-01 3.630305e+01
9.999195e-01 6.454713e-03 1.092816e-02 -4.217327e-01 -6.264475e-03 9.998298e-01 -1.735368e-02 -7.999334e-01 -1.103832e-02 1.728382e-02 9.997897e-01 3.762210e+01
9.999354e-01 4.513239e-03 1.042834e-02 -4.114027e-01 -4.331649e-03 9.998397e-01 -1.737064e-02 -8.410735e-01 -1.050507e-02 1.732434e-02 9.997947e-01 3.881842e+01
9.999200e-01 3.667008e-03 1.211070e-02 -4.484525e-01 -3.472726e-03 9.998656e-01 -1.602443e-02 -8.926482e-01 -1.216784e-02 1.598109e-02 9.997982e-01 4.004052e+01
9.999053e-01 5.594337e-03 1.256905e-02 -4.684273e-01 -5.375784e-03 9.998350e-01 -1.735523e-02 -9.152691e-01 -1.266407e-02 1.728602e-02 9.997704e-01 4.123951e+01
9.998853e-01 5.849439e-03 1.397420e-02 -4.977103e-01 -5.606417e-03 9.998335e-01 -1.736706e-02 -9.552148e-01 -1.407346e-02 1.728672e-02 9.997515e-01 4.244774e+01
9.998742e-01 6.624079e-03 1.441411e-02 -4.991834e-01 -6.367632e-03 9.998219e-01 -1.776518e-02 -9.903151e-01 -1.452922e-02 1.767115e-02 9.997383e-01 4.365978e+01
9.998291e-01 6.718489e-03 1.722681e-02 -5.333224e-01 -6.463618e-03 9.998695e-01 -1.480825e-02 -1.032658e+00 -1.732405e-02 1.469437e-02 9.997420e-01 4.486031e+01
9.997404e-01 7.716001e-03 2.143864e-02 -5.746714e-01 -7.425026e-03 9.998797e-01 -1.361909e-02 -1.059388e+00 -2.154115e-02 1.345637e-02 9.996774e-01 4.605793e+01
9.996571e-01 5.362575e-03 2.562980e-02 -6.162639e-01 -5.113406e-03 9.999391e-01 -9.777557e-03 -1.105556e+00 -2.568067e-02 9.643149e-03 9.996237e-01 4.724859e+01
9.996823e-01 4.223414e-03 2.484919e-02 -5.565628e-01 -4.009100e-03 9.999544e-01 -8.668108e-03 -1.132591e+00 -2.488467e-02 8.565731e-03 9.996536e-01 4.833061e+01
9.997343e-01 2.108955e-03 2.295365e-02 -4.810718e-01 -1.898105e-03 9.999558e-01 -9.203818e-03 -1.165298e+00 -2.297205e-02 9.157804e-03 9.996942e-01 4.945955e+01
9.996986e-01 5.358584e-03 2.395662e-02 -4.577557e-01 -5.051902e-03 9.999048e-01 -1.284383e-02 -1.170557e+00 -2.402316e-02 1.271894e-02 9.996305e-01 5.064420e+01
9.996794e-01 5.799480e-03 2.464543e-02 -4.541648e-01 -5.452003e-03 9.998851e-01 -1.414291e-02 -1.199145e+00 -2.472463e-02 1.400401e-02 9.995962e-01 5.183307e+01
9.996167e-01 7.074276e-03 2.676495e-02 -4.664190e-01 -6.626103e-03 9.998370e-01 -1.679659e-02 -1.210197e+00 -2.687941e-02 1.661280e-02 9.995006e-01 5.302956e+01
9.995379e-01 7.421032e-03 2.947637e-02 -5.082678e-01 -6.883770e-03 9.998091e-01 -1.828673e-02 -1.244705e+00 -2.960645e-02 1.807537e-02 9.993982e-01 5.418607e+01
9.995231e-01 6.833079e-03 3.011453e-02 -4.991233e-01 -6.244725e-03 9.997886e-01 -1.958815e-02 -1.290549e+00 -3.024201e-02 1.939075e-02 9.993545e-01 5.540256e+01
9.995198e-01 6.624082e-03 3.027138e-02 -4.872133e-01 -6.039500e-03 9.997943e-01 -1.936218e-02 -1.332888e+00 -3.039341e-02 1.917006e-02 9.993542e-01 5.666513e+01
9.995019e-01 1.189317e-03 3.153739e-02 -5.112240e-01 -6.173218e-04 9.998353e-01 -1.814059e-02 -1.373631e+00 -3.155378e-02 1.811208e-02 9.993379e-01 5.754910e+01
9.994937e-01 -2.285161e-04 3.181574e-02 -4.815168e-01 8.243013e-04 9.998245e-01 -1.871425e-02 -1.418810e+00 -3.180588e-02 1.873100e-02 9.993185e-01 5.876107e+01
9.995258e-01 -1.110782e-03 3.077083e-02 -4.422434e-01 1.693258e-03 9.998198e-01 -1.890990e-02 -1.458877e+00 -3.074428e-02 1.895303e-02 9.993476e-01 5.995656e+01
9.995078e-01 -1.171537e-03 3.135080e-02 -4.346856e-01 1.807852e-03 9.997928e-01 -2.027599e-02 -1.493885e+00 -3.132055e-02 2.032268e-02 9.993027e-01 6.112867e+01
9.996131e-01 -5.627410e-04 2.780933e-02 -3.562331e-01 1.210817e-03 9.997280e-01 -2.329293e-02 -1.514710e+00 -2.778865e-02 2.331759e-02 9.993418e-01 6.227959e+01
9.996371e-01 -1.256167e-03 2.690855e-02 -3.367051e-01 1.854836e-03 9.997510e-01 -2.223490e-02 -1.552530e+00 -2.687392e-02 2.227674e-02 9.993906e-01 6.328752e+01
9.995409e-01 -1.259639e-03 3.027223e-02 -3.967949e-01 1.906550e-03 9.997702e-01 -2.135044e-02 -1.589098e+00 -3.023838e-02 2.139835e-02 9.993137e-01 6.438002e+01
9.994325e-01 6.631773e-03 3.302637e-02 -4.058960e-01 -5.813569e-03 9.996753e-01 -2.480897e-02 -1.610567e+00 -3.318017e-02 2.460289e-02 9.991465e-01 6.556806e+01
9.993562e-01 3.854749e-03 3.567147e-02 -4.306076e-01 -2.911000e-03 9.996454e-01 -2.647091e-02 -1.664474e+00 -3.576086e-02 2.635003e-02 9.990129e-01 6.671538e+01
9.993670e-01 1.730822e-03 3.553304e-02 -3.969601e-01 -7.664325e-04 9.996315e-01 -2.713635e-02 -1.726398e+00 -3.556691e-02 2.709194e-02 9.990000e-01 6.796960e+01
9.993774e-01 -5.708104e-04 3.527729e-02 -3.688428e-01 1.512472e-03 9.996431e-01 -2.667224e-02 -1.782090e+00 -3.524947e-02 2.670899e-02 9.990216e-01 6.916995e+01
9.993712e-01 1.973588e-03 3.540313e-02 -3.487394e-01 -1.002587e-03 9.996234e-01 -2.742380e-02 -1.822638e+00 -3.544392e-02 2.737106e-02 9.989968e-01 7.038552e+01
9.993249e-01 5.597064e-03 3.630929e-02 -3.441844e-01 -4.584060e-03 9.995996e-01 -2.792282e-02 -1.867758e+00 -3.645103e-02 2.773753e-02 9.989504e-01 7.150863e+01
9.987595e-01 5.668190e-03 4.946985e-02 -4.981281e-01 -4.280805e-03 9.995958e-01 -2.810610e-02 -1.908430e+00 -4.960917e-02 2.785947e-02 9.983801e-01 7.266196e+01
9.987059e-01 4.328882e-03 5.067270e-02 -4.513309e-01 -2.724360e-03 9.994940e-01 -3.169077e-02 -1.958753e+00 -5.078425e-02 3.151171e-02 9.982124e-01 7.384348e+01
9.985082e-01 3.261534e-03 5.450486e-02 -4.071473e-01 -1.377183e-03 9.994012e-01 -3.457404e-02 -2.016512e+00 -5.458498e-02 3.444740e-02 9.979147e-01 7.506266e+01
9.977457e-01 6.600687e-03 6.678308e-02 -4.512244e-01 -4.032867e-03 9.992500e-01 -3.851218e-02 -2.040651e+00 -6.698719e-02 3.815603e-02 9.970240e-01 7.622085e+01
9.973456e-01 6.168065e-03 7.255229e-02 -3.978479e-01 -3.593564e-03 9.993610e-01 -3.556191e-02 -2.094959e+00 -7.272528e-02 3.520679e-02 9.967304e-01 7.738804e+01
9.966184e-01 1.039915e-02 8.150781e-02 -3.531997e-01 -7.450313e-03 9.993095e-01 -3.639963e-02 -2.135123e+00 -8.183006e-02 3.566928e-02 9.960078e-01 7.850736e+01
9.959411e-01 1.159230e-02 8.925764e-02 -3.001158e-01 -8.140729e-03 9.992085e-01 -3.893719e-02 -2.181456e+00 -8.963836e-02 3.805253e-02 9.952472e-01 7.959579e+01
9.952569e-01 1.603087e-02 9.595175e-02 -2.460637e-01 -1.170591e-02 9.988972e-01 -4.546876e-02 -2.196351e+00 -9.657484e-02 4.412989e-02 9.943470e-01 8.043941e+01
9.944805e-01 1.673866e-02 1.035776e-01 -2.359843e-01 -1.157239e-02 9.986681e-01 -5.027978e-02 -2.207708e+00 -1.042813e-01 4.880362e-02 9.933497e-01 8.090549e+01
9.937620e-01 1.632467e-02 1.103203e-01 -2.360225e-01 -1.066277e-02 9.986048e-01 -5.171886e-02 -2.225298e+00 -1.110107e-01 5.021992e-02 9.925495e-01 8.123225e+01
9.927341e-01 1.422579e-02 1.194847e-01 -3.377124e-01 -8.034306e-03 9.986074e-01 -5.214100e-02 -2.220400e+00 -1.200601e-01 5.080217e-02 9.914659e-01 8.157034e+01
9.911430e-01 1.655511e-02 1.317631e-01 -7.941030e-01 -9.751568e-03 9.985936e-01 -5.211348e-02 -2.242705e+00 -1.324405e-01 5.036701e-02 9.899104e-01 8.195951e+01
9.907144e-01 1.623462e-02 1.349870e-01 -6.514571e-01 -9.226821e-03 9.985846e-01 -5.237909e-02 -2.322991e+00 -1.356463e-01 5.064721e-02 9.894620e-01 8.316895e+01
9.898407e-01 1.734693e-02 1.411182e-01 -6.716538e-01 -9.640289e-03 9.984336e-01 -5.511274e-02 -2.330091e+00 -1.418531e-01 5.319242e-02 9.884575e-01 8.347104e+01
9.889587e-01 1.893234e-02 1.469773e-01 -6.885454e-01 -1.086745e-02 9.984006e-01 -5.548202e-02 -2.337813e+00 -1.477927e-01 5.327215e-02 9.875826e-01 8.372146e+01
9.882685e-01 1.871086e-02 1.515760e-01 -6.421692e-01 -1.043054e-02 9.984186e-01 -5.524027e-02 -2.343657e+00 -1.523699e-01 5.301120e-02 9.869008e-01 8.391017e+01
9.876925e-01 1.668474e-02 1.555154e-01 -5.015070e-01 -8.280016e-03 9.984775e-01 -5.453623e-02 -2.421363e+00 -1.561885e-01 5.257736e-02 9.863269e-01 8.506073e+01
9.862605e-01 1.387874e-02 1.646133e-01 -7.849550e-01 -4.885675e-03 9.984793e-01 -5.491105e-02 -2.430439e+00 -1.651251e-01 5.335236e-02 9.848285e-01 8.552740e+01
9.859703e-01 1.174948e-02 1.665066e-01 -5.891491e-01 -2.682745e-03 9.985062e-01 -5.457331e-02 -2.507522e+00 -1.668991e-01 5.336097e-02 9.845290e-01 8.671844e+01
9.856108e-01 9.030452e-03 1.687891e-01 -4.187811e-01 2.523789e-04 9.984921e-01 -5.489442e-02 -2.582945e+00 -1.690304e-01 5.414714e-02 9.841223e-01 8.787357e+01
9.846607e-01 9.847770e-03 1.742019e-01 -4.807510e-01 2.737808e-04 9.983175e-01 -5.798321e-02 -2.604622e+00 -1.744798e-01 5.714148e-02 9.830014e-01 8.825037e+01
9.831069e-01 7.645905e-03 1.828726e-01 -7.229269e-01 3.780322e-03 9.980658e-01 -6.205182e-02 -2.629206e+00 -1.829933e-01 6.169489e-02 9.811764e-01 8.874213e+01
9.829057e-01 7.950084e-03 1.839381e-01 -5.246716e-01 4.380055e-03 9.977747e-01 -6.653093e-02 -2.704585e+00 -1.840577e-01 6.619929e-02 9.806836e-01 8.988737e+01
9.835103e-01 6.836753e-03 1.807230e-01 -7.011181e-02 5.325324e-03 9.977571e-01 -6.672604e-02 -2.722073e+00 -1.807739e-01 6.658815e-02 9.812680e-01 8.987918e+01
9.834034e-01 5.406023e-03 1.813517e-01 -7.611220e-02 6.400052e-03 9.979002e-01 -6.445214e-02 -2.735831e+00 -1.813193e-01 6.454312e-02 9.813040e-01 8.997412e+01
9.833746e-01 4.632290e-03 1.815295e-01 -9.211733e-02 6.946465e-03 9.979832e-01 -6.309676e-02 -2.738682e+00 -1.814557e-01 6.330875e-02 9.813592e-01 9.004630e+01
9.834086e-01 6.152548e-03 1.813002e-01 -5.041929e-02 5.454892e-03 9.979698e-01 -6.345523e-02 -2.727071e+00 -1.813225e-01 6.339139e-02 9.813784e-01 9.016790e+01
9.831811e-01 5.458750e-03 1.825521e-01 -1.530350e-01 6.020509e-03 9.980413e-01 -6.226885e-02 -2.739563e+00 -1.825344e-01 6.232061e-02 9.812224e-01 9.032743e+01
9.836617e-01 6.329280e-03 1.799158e-01 6.529001e-02 4.875887e-03 9.980785e-01 -6.176969e-02 -2.832398e+00 -1.799610e-01 6.163773e-02 9.817407e-01 9.153464e+01
9.842300e-01 7.703959e-03 1.767255e-01 2.469342e-01 3.642865e-03 9.979566e-01 -6.379179e-02 -2.909850e+00 -1.768558e-01 6.342958e-02 9.821908e-01 9.276185e+01
9.849154e-01 1.010668e-02 1.727409e-01 4.482094e-01 1.057121e-03 9.979227e-01 -6.441360e-02 -3.001810e+00 -1.730331e-01 6.362455e-02 9.828588e-01 9.396416e+01
9.850601e-01 5.178492e-03 1.721332e-01 3.009330e-01 5.836036e-03 9.979698e-01 -6.342079e-02 -3.004096e+00 -1.721122e-01 6.347787e-02 9.830300e-01 9.418887e+01
9.855050e-01 5.827093e-03 1.695459e-01 3.143775e-01 5.057209e-03 9.979566e-01 -6.369422e-02 -2.999713e+00 -1.695706e-01 6.362841e-02 9.834619e-01 9.430775e+01
9.862420e-01 6.796126e-03 1.651681e-01 4.909565e-01 3.678857e-03 9.980047e-01 -6.303161e-02 -3.095799e+00 -1.652669e-01 6.277206e-02 9.842492e-01 9.548977e+01
9.869834e-01 7.613243e-03 1.606422e-01 6.916398e-01 2.538555e-03 9.980169e-01 -6.289539e-02 -3.184739e+00 -1.608025e-01 6.248451e-02 9.850067e-01 9.664483e+01
9.877567e-01 8.406311e-03 1.557759e-01 8.448395e-01 1.446910e-03 9.980105e-01 -6.303144e-02 -3.274622e+00 -1.559959e-01 6.248511e-02 9.857793e-01 9.783147e+01
9.883403e-01 9.431837e-03 1.519688e-01 9.667147e-01 2.307667e-04 9.979856e-01 -6.344009e-02 -3.367286e+00 -1.522610e-01 6.273547e-02 9.863472e-01 9.904439e+01
9.889938e-01 9.759918e-03 1.476349e-01 1.132964e+00 -1.798000e-04 9.979005e-01 -6.476520e-02 -3.465842e+00 -1.479571e-01 6.402583e-02 9.869192e-01 1.004408e+02
9.891217e-01 1.286936e-02 1.465355e-01 1.098428e+00 -3.224537e-03 9.978232e-01 -6.586724e-02 -3.468106e+00 -1.470642e-01 6.467821e-02 9.870101e-01 1.005915e+02
9.897233e-01 1.429293e-02 1.422798e-01 1.263045e+00 -4.653752e-03 9.976846e-01 -6.785157e-02 -3.558753e+00 -1.429202e-01 6.649215e-02 9.874982e-01 1.018974e+02
9.899445e-01 1.652610e-02 1.404874e-01 1.409563e+00 -6.952765e-03 9.976363e-01 -6.836330e-02 -3.653726e+00 -1.412852e-01 6.669910e-02 9.877195e-01 1.030852e+02
9.901409e-01 1.630228e-02 1.391232e-01 1.548216e+00 -6.936242e-03 9.976922e-01 -6.754307e-02 -3.680511e+00 -1.399032e-01 6.591216e-02 9.879690e-01 1.032647e+02
9.901891e-01 1.767129e-02 1.386116e-01 1.689623e+00 -8.261668e-03 9.976396e-01 -6.816865e-02 -3.778326e+00 -1.394890e-01 6.635470e-02 9.879979e-01 1.045708e+02
9.902740e-01 1.886703e-02 1.378457e-01 1.851445e+00 -9.546614e-03 9.976420e-01 -6.796572e-02 -3.882151e+00 -1.388030e-01 6.598873e-02 9.881190e-01 1.058631e+02
9.895635e-01 2.547760e-02 1.418276e-01 1.752454e+00 -1.592287e-02 9.975514e-01 -6.810047e-02 -3.889686e+00 -1.432154e-01 6.513144e-02 9.875461e-01 1.062109e+02
9.888110e-01 2.891658e-02 1.463441e-01 1.593745e+00 -1.912537e-02 9.975104e-01 -6.787571e-02 -3.894379e+00 -1.479425e-01 6.431737e-02 9.869024e-01 1.067104e+02
9.880803e-01 2.929338e-02 1.511267e-01 1.402266e+00 -1.928643e-02 9.975489e-01 -6.726167e-02 -3.916545e+00 -1.527266e-01 6.354524e-02 9.862234e-01 1.070235e+02
9.874794e-01 2.956860e-02 1.549517e-01 1.313012e+00 -1.904536e-02 9.974374e-01 -6.896291e-02 -3.941947e+00 -1.565938e-01 6.514835e-02 9.855121e-01 1.074517e+02
9.866907e-01 2.737584e-02 1.602875e-01 1.197544e+00 -1.621056e-02 9.973761e-01 -7.055573e-02 -3.930606e+00 -1.617984e-01 6.701834e-02 9.845455e-01 1.080072e+02
9.868653e-01 2.476662e-02 1.596358e-01 1.379586e+00 -1.354865e-02 9.973856e-01 -7.098147e-02 -4.022728e+00 -1.609764e-01 6.788629e-02 9.846207e-01 1.092822e+02
9.872591e-01 2.307563e-02 1.574387e-01 1.586444e+00 -1.221629e-02 9.975004e-01 -6.959732e-02 -4.126042e+00 -1.586511e-01 6.678727e-02 9.850732e-01 1.105257e+02
9.872136e-01 2.026737e-02 1.581093e-01 1.747484e+00 -9.630240e-03 9.976555e-01 -6.775533e-02 -4.235789e+00 -1.591118e-01 6.536636e-02 9.850942e-01 1.117145e+02
9.867646e-01 1.596624e-02 1.613714e-01 1.651849e+00 -4.270936e-03 9.973547e-01 -7.256301e-02 -4.230724e+00 -1.621031e-01 7.091340e-02 9.842225e-01 1.122591e+02
9.864119e-01 1.426070e-02 1.636708e-01 1.814280e+00 -2.094296e-03 9.972361e-01 -7.426768e-02 -4.331491e+00 -1.642775e-01 7.291575e-02 9.837155e-01 1.135236e+02
9.863545e-01 1.244772e-02 1.641638e-01 1.996004e+00 -3.955884e-05 9.971555e-01 -7.537165e-02 -4.429478e+00 -1.646350e-01 7.433668e-02 9.835494e-01 1.147261e+02
9.862049e-01 1.253645e-02 1.650537e-01 2.175455e+00 2.681793e-04 9.970056e-01 -7.732876e-02 -4.510058e+00 -1.655289e-01 7.630627e-02 9.832485e-01 1.159401e+02
9.862972e-01 1.168496e-02 1.645636e-01 2.331825e+00 9.986558e-04 9.970474e-01 -7.678144e-02 -4.601840e+00 -1.649749e-01 7.589367e-02 9.833735e-01 1.170259e+02
9.862276e-01 1.369722e-02 1.648258e-01 2.533495e+00 -1.277052e-03 9.971658e-01 -7.522450e-02 -4.710734e+00 -1.653890e-01 7.397798e-02 9.834499e-01 1.182168e+02
9.860761e-01 1.517068e-02 1.656013e-01 2.723055e+00 -2.982861e-03 9.972835e-01 -7.359927e-02 -4.826341e+00 -1.662680e-01 7.208052e-02 9.834426e-01 1.194875e+02
9.857681e-01 1.502406e-02 1.674381e-01 2.901646e+00 -2.420413e-03 9.971637e-01 -7.522469e-02 -4.948811e+00 -1.680933e-01 7.374883e-02 9.830085e-01 1.208049e+02
9.852630e-01 1.619617e-02 1.702778e-01 2.987946e+00 -2.842519e-03 9.969198e-01 -7.837576e-02 -5.017419e+00 -1.710227e-01 7.673673e-02 9.822742e-01 1.216981e+02
9.844202e-01 1.509636e-02 1.751828e-01 2.997769e+00 -4.818406e-04 9.965354e-01 -8.316867e-02 -5.065685e+00 -1.758314e-01 8.178851e-02 9.810168e-01 1.222874e+02
9.840996e-01 1.582778e-02 1.769110e-01 3.110494e+00 -2.211577e-04 9.961300e-01 -8.789101e-02 -5.149561e+00 -1.776174e-01 8.645438e-02 9.802947e-01 1.232542e+02
9.836065e-01 1.551092e-02 1.796599e-01 3.230233e+00 6.466433e-04 9.959841e-01 -8.952845e-02 -5.232150e+00 -1.803271e-01 8.817694e-02 9.796463e-01 1.241300e+02
9.834174e-01 1.493576e-02 1.807407e-01 3.438501e+00 1.566753e-03 9.958661e-01 -9.081954e-02 -5.368962e+00 -1.813500e-01 8.959669e-02 9.793286e-01 1.254411e+02
9.836819e-01 1.496487e-02 1.792930e-01 3.707046e+00 1.551217e-03 9.957923e-01 -9.162548e-02 -5.500263e+00 -1.799098e-01 9.040844e-02 9.795197e-01 1.266710e+02
9.833114e-01 1.630169e-02 1.811986e-01 3.851443e+00 8.662434e-04 9.955466e-01 -9.426606e-02 -5.579330e+00 -1.819284e-01 9.284985e-02 9.789183e-01 1.277700e+02
9.829676e-01 1.731400e-02 1.829616e-01 4.037176e+00 -4.627503e-04 9.957823e-01 -9.174661e-02 -5.735752e+00 -1.837784e-01 9.009928e-02 9.788297e-01 1.289525e+02
9.827460e-01 1.685131e-02 1.841910e-01 4.094039e+00 5.256419e-04 9.955826e-01 -9.388866e-02 -5.781535e+00 -1.849595e-01 9.236553e-02 9.783959e-01 1.295632e+02
9.832848e-01 1.645533e-02 1.813292e-01 4.327391e+00 1.050456e-03 9.953784e-01 -9.602522e-02 -5.901558e+00 -1.820713e-01 9.461062e-02 9.787231e-01 1.307648e+02
9.838654e-01 2.055215e-02 1.777260e-01 4.611850e+00 -3.571363e-03 9.954382e-01 -9.534147e-02 -6.016285e+00 -1.788747e-01 9.316845e-02 9.794506e-01 1.319729e+02
9.839882e-01 1.602639e-02 1.775118e-01 4.802625e+00 7.697729e-04 9.955578e-01 -9.414949e-02 -6.168789e+00 -1.782321e-01 9.277863e-02 9.796047e-01 1.331826e+02
9.840414e-01 1.756043e-02 1.770709e-01 5.029492e+00 -6.196101e-04 9.954506e-01 -9.527718e-02 -6.305081e+00 -1.779385e-01 9.364697e-02 9.795755e-01 1.344378e+02
9.842630e-01 1.734226e-02 1.758567e-01 5.261498e+00 -6.858223e-06 9.951764e-01 -9.810179e-02 -6.434166e+00 -1.767097e-01 9.655675e-02 9.795154e-01 1.356828e+02
9.844013e-01 1.966203e-02 1.748354e-01 5.453628e+00 -2.322020e-03 9.951011e-01 -9.883525e-02 -6.567595e+00 -1.759222e-01 9.688758e-02 9.796245e-01 1.369131e+02
9.845447e-01 1.544520e-02 1.744512e-01 5.672852e+00 1.530180e-03 9.953069e-01 -9.675626e-02 -6.757478e+00 -1.751269e-01 9.552780e-02 9.799005e-01 1.382043e+02
9.848843e-01 1.525842e-02 1.725402e-01 5.880731e+00 1.577809e-03 9.952809e-01 -9.702305e-02 -6.895083e+00 -1.732064e-01 9.582872e-02 9.802125e-01 1.393369e+02
9.848193e-01 1.490415e-02 1.729418e-01 6.073598e+00 2.072880e-03 9.952263e-01 -9.757275e-02 -7.028706e+00 -1.735705e-01 9.645002e-02 9.800871e-01 1.405670e+02
9.846706e-01 1.447713e-02 1.738221e-01 6.242918e+00 2.426964e-03 9.953159e-01 -9.664527e-02 -7.166225e+00 -1.744070e-01 9.558563e-02 9.800233e-01 1.417905e+02
9.844000e-01 1.408196e-02 1.753804e-01 6.332878e+00 3.469808e-03 9.950444e-01 -9.937172e-02 -7.255075e+00 -1.759107e-01 9.843006e-02 9.794728e-01 1.427600e+02
9.839380e-01 1.501657e-02 1.778776e-01 6.432700e+00 2.817512e-03 9.950250e-01 -9.958602e-02 -7.346950e+00 -1.784881e-01 9.848765e-02 9.790006e-01 1.436605e+02
9.834072e-01 1.410166e-02 1.808629e-01 6.420681e+00 4.163942e-03 9.949570e-01 -1.002162e-01 -7.384968e+00 -1.813640e-01 9.930646e-02 9.783891e-01 1.440643e+02
9.829333e-01 2.182600e-02 1.826630e-01 6.465572e+00 -2.759840e-03 9.945747e-01 -1.039885e-01 -7.420552e+00 -1.839416e-01 1.017096e-01 9.776608e-01 1.446148e+02
9.831085e-01 2.294374e-02 1.815802e-01 6.678287e+00 -3.849813e-03 9.944842e-01 -1.048154e-01 -7.562710e+00 -1.829835e-01 1.023458e-01 9.777742e-01 1.457832e+02
9.832865e-01 1.949909e-02 1.810177e-01 6.908163e+00 -7.905304e-04 9.946962e-01 -1.028537e-01 -7.735388e+00 -1.820632e-01 1.009916e-01 9.780868e-01 1.470415e+02
9.833341e-01 1.839027e-02 1.808749e-01 7.136652e+00 4.210898e-04 9.946379e-01 -1.034180e-01 -7.902456e+00 -1.818070e-01 1.017707e-01 9.780537e-01 1.483473e+02
9.828892e-01 1.847728e-02 1.832686e-01 7.290568e+00 1.351492e-03 9.942058e-01 -1.074848e-01 -8.020499e+00 -1.841927e-01 1.058933e-01 9.771692e-01 1.494965e+02
9.829106e-01 8.945354e-03 1.838662e-01 7.466716e+00 1.052101e-02 9.944561e-01 -1.046249e-01 -8.188691e+00 -1.837828e-01 1.047713e-01 9.773673e-01 1.505747e+02
9.829982e-01 1.054142e-02 1.833125e-01 7.703940e+00 8.449324e-03 9.946962e-01 -1.025090e-01 -8.325837e+00 -1.834209e-01 1.023150e-01 9.776955e-01 1.518439e+02
9.832504e-01 9.857247e-03 1.819930e-01 7.944578e+00 8.512462e-03 9.949630e-01 -9.988008e-02 -8.465259e+00 -1.820609e-01 9.975634e-02 9.782140e-01 1.530885e+02
9.834173e-01 1.063063e-02 1.810452e-01 8.176279e+00 7.918842e-03 9.948114e-01 -1.014277e-01 -8.598361e+00 -1.811841e-01 1.011794e-01 9.782306e-01 1.542718e+02
9.833115e-01 1.167809e-02 1.815547e-01 8.390229e+00 7.418777e-03 9.945338e-01 -1.041517e-01 -8.758904e+00 -1.817786e-01 1.037605e-01 9.778498e-01 1.555060e+02
9.832878e-01 1.683478e-02 1.812782e-01 8.600410e+00 3.240542e-03 9.939394e-01 -1.098816e-01 -8.879557e+00 -1.820294e-01 1.086327e-01 9.772739e-01 1.567118e+02
9.831492e-01 1.032982e-02 1.825130e-01 8.801454e+00 9.375460e-03 9.942390e-01 -1.067748e-01 -9.068494e+00 -1.825645e-01 1.066867e-01 9.773884e-01 1.579146e+02
9.832293e-01 5.629148e-03 1.822867e-01 9.027778e+00 1.364638e-02 9.944506e-01 -1.043161e-01 -9.237943e+00 -1.818623e-01 1.050542e-01 9.776961e-01 1.591601e+02
9.832760e-01 3.179114e-03 1.820938e-01 9.236893e+00 1.567753e-02 9.946586e-01 -1.020214e-01 -9.398890e+00 -1.814456e-01 1.031700e-01 9.779742e-01 1.604400e+02
9.830090e-01 6.258750e-03 1.834503e-01 9.433463e+00 1.284018e-02 9.946257e-01 -1.027369e-01 -9.532240e+00 -1.831074e-01 1.033469e-01 9.776457e-01 1.616524e+02
9.826818e-01 8.742905e-03 1.850945e-01 9.644863e+00 1.107560e-02 9.943292e-01 -1.057682e-01 -9.656832e+00 -1.849696e-01 1.059865e-01 9.770123e-01 1.628468e+02
9.824804e-01 8.436912e-03 1.861750e-01 9.875059e+00 1.191200e-02 9.940892e-01 -1.079111e-01 -9.802512e+00 -1.859850e-01 1.082383e-01 9.765726e-01 1.640660e+02
9.822121e-01 1.024341e-02 1.874955e-01 1.011053e+01 1.055558e-02 9.939200e-01 -1.095971e-01 -9.958212e+00 -1.874782e-01 1.096267e-01 9.761322e-01 1.652787e+02
9.819462e-01 8.226180e-03 1.889813e-01 1.034962e+01 1.257733e-02 9.940038e-01 -1.086199e-01 -1.014125e+01 -1.887416e-01 1.090358e-01 9.759548e-01 1.665269e+02
9.818665e-01 8.450851e-03 1.893850e-01 1.058619e+01 1.242705e-02 9.939879e-01 -1.087823e-01 -1.028987e+01 -1.891657e-01 1.091632e-01 9.758584e-01 1.677314e+02
9.815396e-01 7.703865e-03 1.911038e-01 1.079389e+01 1.303832e-02 9.941688e-01 -1.070443e-01 -1.045341e+01 -1.908141e-01 1.075599e-01 9.757156e-01 1.689450e+02
9.813174e-01 7.882556e-03 1.922344e-01 1.101473e+01 1.283289e-02 9.942536e-01 -1.062786e-01 -1.061596e+01 -1.919675e-01 1.067599e-01 9.755772e-01 1.701661e+02
9.811721e-01 5.253116e-03 1.930641e-01 1.120688e+01 1.559161e-02 9.942129e-01 -1.062899e-01 -1.076964e+01 -1.925052e-01 1.072989e-01 9.754121e-01 1.712764e+02
9.811315e-01 8.587091e-03 1.931509e-01 1.144830e+01 1.233026e-02 9.942005e-01 -1.068330e-01 -1.090359e+01 -1.929481e-01 1.071988e-01 9.753355e-01 1.724114e+02
9.809894e-01 8.805927e-03 1.938615e-01 1.170054e+01 1.199954e-02 9.943059e-01 -1.058859e-01 -1.107570e+01 -1.936901e-01 1.061992e-01 9.752979e-01 1.736679e+02
9.807849e-01 1.054783e-02 1.948069e-01 1.194417e+01 1.032336e-02 9.943325e-01 -1.058127e-01 -1.123025e+01 -1.948189e-01 1.057906e-01 9.751174e-01 1.748929e+02
9.804738e-01 8.636128e-03 1.964601e-01 1.216444e+01 1.240694e-02 9.943283e-01 -1.056287e-01 -1.139297e+01 -1.962581e-01 1.060036e-01 9.748056e-01 1.760941e+02
9.802110e-01 9.300217e-03 1.977371e-01 1.238745e+01 1.189649e-02 9.943228e-01 -1.057388e-01 -1.153342e+01 -1.975979e-01 1.059987e-01 9.745355e-01 1.772438e+02
9.803163e-01 5.465817e-03 1.973580e-01 1.262898e+01 1.551032e-02 9.943953e-01 -1.045825e-01 -1.170192e+01 -1.968235e-01 1.055851e-01 9.747370e-01 1.784433e+02
9.805859e-01 2.455504e-03 1.960746e-01 1.288173e+01 1.837030e-02 9.943737e-01 -1.043243e-01 -1.185042e+01 -1.952276e-01 1.059009e-01 9.750237e-01 1.796170e+02
9.806638e-01 1.501053e-03 1.956943e-01 1.311537e+01 1.919338e-02 9.944120e-01 -1.038095e-01 -1.200055e+01 -1.947565e-01 1.055582e-01 9.751551e-01 1.807371e+02
9.809347e-01 1.217820e-03 1.943339e-01 1.334358e+01 1.945360e-02 9.943423e-01 -1.044266e-01 -1.214906e+01 -1.933616e-01 1.062162e-01 9.753612e-01 1.818691e+02
9.815110e-01 1.158529e-03 1.914023e-01 1.356986e+01 1.938654e-02 9.942375e-01 -1.054322e-01 -1.227515e+01 -1.904215e-01 1.071935e-01 9.758326e-01 1.828721e+02
9.822997e-01 2.985697e-04 1.873156e-01 1.379743e+01 1.997854e-02 9.941276e-01 -1.063538e-01 -1.239250e+01 -1.862474e-01 1.082136e-01 9.765253e-01 1.838014e+02
9.829177e-01 -7.679509e-04 1.840441e-01 1.400413e+01 2.084114e-02 9.940236e-01 -1.071578e-01 -1.251219e+01 -1.828619e-01 1.091630e-01 9.770594e-01 1.847946e+02
9.835089e-01 -3.353320e-03 1.808285e-01 1.420615e+01 2.290799e-02 9.940852e-01 -1.061598e-01 -1.264911e+01 -1.794030e-01 1.085516e-01 9.777684e-01 1.858143e+02
9.834679e-01 -8.422059e-04 1.810805e-01 1.434403e+01 2.035109e-02 9.941680e-01 -1.059051e-01 -1.275059e+01 -1.799353e-01 1.078394e-01 9.777494e-01 1.867736e+02
9.831961e-01 3.261520e-04 1.825523e-01 1.445892e+01 1.909974e-02 9.943263e-01 -1.046444e-01 -1.286774e+01 -1.815507e-01 1.063727e-01 9.776115e-01 1.877224e+02
9.834920e-01 7.523538e-04 1.809500e-01 1.460265e+01 1.861134e-02 9.942674e-01 -1.052896e-01 -1.298359e+01 -1.799919e-01 1.069192e-01 9.778401e-01 1.886503e+02
9.844931e-01 3.340577e-04 1.754232e-01 1.488835e+01 1.844746e-02 9.942564e-01 -1.054224e-01 -1.312630e+01 -1.744508e-01 1.070238e-01 9.788324e-01 1.897301e+02
9.849667e-01 -7.687123e-04 1.727426e-01 1.505134e+01 1.925885e-02 9.942446e-01 -1.053882e-01 -1.324720e+01 -1.716674e-01 1.071307e-01 9.793127e-01 1.906411e+02
9.858037e-01 -2.323282e-03 1.678861e-01 1.523247e+01 2.037809e-02 9.941680e-01 -1.058995e-01 -1.335845e+01 -1.666610e-01 1.078173e-01 9.801018e-01 1.915531e+02
9.863867e-01 -6.685972e-04 1.644414e-01 1.538101e+01 1.871366e-02 9.939518e-01 -1.082109e-01 -1.345171e+01 -1.633745e-01 1.098151e-01 9.804333e-01 1.924382e+02
9.868912e-01 1.031389e-03 1.613835e-01 1.551438e+01 1.710174e-02 9.936810e-01 -1.109309e-01 -1.353298e+01 -1.604782e-01 1.122367e-01 9.806374e-01 1.932739e+02
9.870388e-01 2.870094e-03 1.604562e-01 1.557913e+01 1.556715e-02 9.934126e-01 -1.135299e-01 -1.360161e+01 -1.597250e-01 1.145562e-01 9.804921e-01 1.939713e+02
9.871122e-01 5.487270e-03 1.599355e-01 1.567574e+01 1.308769e-02 9.932960e-01 -1.148557e-01 -1.370075e+01 -1.594936e-01 1.154687e-01 9.804228e-01 1.947817e+02
9.879051e-01 6.440148e-03 1.549259e-01 1.582541e+01 1.189635e-02 9.930443e-01 -1.171387e-01 -1.379767e+01 -1.546026e-01 1.175650e-01 9.809569e-01 1.955943e+02
9.884474e-01 6.771884e-03 1.514130e-01 1.595825e+01 1.125937e-02 9.929602e-01 -1.179127e-01 -1.391771e+01 -1.511455e-01 1.182553e-01 9.814126e-01 1.964513e+02
9.886263e-01 7.905737e-03 1.501849e-01 1.606266e+01 9.865066e-03 9.930577e-01 -1.172136e-01 -1.404590e+01 -1.500689e-01 1.173621e-01 9.816850e-01 1.972860e+02
9.882793e-01 8.286603e-03 1.524314e-01 1.614910e+01 9.678761e-03 9.931153e-01 -1.167402e-01 -1.413928e+01 -1.523494e-01 1.168472e-01 9.813951e-01 1.980137e+02
9.879472e-01 1.123072e-02 1.543832e-01 1.621984e+01 7.043611e-03 9.930696e-01 -1.173159e-01 -1.421610e+01 -1.546308e-01 1.169893e-01 9.810213e-01 1.986973e+02
9.874514e-01 1.475523e-02 1.572322e-01 1.630264e+01 4.289100e-03 9.927526e-01 -1.200999e-01 -1.428911e+01 -1.578647e-01 1.192672e-01 9.802316e-01 1.993894e+02
9.871766e-01 1.947436e-02 1.584397e-01 1.636635e+01 2.851510e-04 9.923140e-01 -1.237454e-01 -1.435267e+01 -1.596317e-01 1.222038e-01 9.795836e-01 1.999831e+02
9.872261e-01 2.140432e-02 1.578809e-01 1.648286e+01 -1.418824e-03 9.920766e-01 -1.256265e-01 -1.445961e+01 -1.593189e-01 1.237978e-01 9.794343e-01 2.007070e+02
9.867678e-01 2.428997e-02 1.603098e-01 1.655550e+01 -3.441209e-03 9.916297e-01 -1.290687e-01 -1.452437e+01 -1.621030e-01 1.268092e-01 9.785919e-01 2.013067e+02
9.858013e-01 2.829568e-02 1.655148e-01 1.659955e+01 -6.617466e-03 9.914806e-01 -1.300857e-01 -1.461208e+01 -1.677856e-01 1.271434e-01 9.775902e-01 2.019706e+02
9.851292e-01 3.079849e-02 1.690323e-01 1.666862e+01 -8.396502e-03 9.912572e-01 -1.316765e-01 -1.468400e+01 -1.716099e-01 1.282991e-01 9.767750e-01 2.025869e+02
9.842578e-01 3.315790e-02 1.736005e-01 1.672574e+01 -9.847281e-03 9.910063e-01 -1.334525e-01 -1.475417e+01 -1.764642e-01 1.296422e-01 9.757321e-01 2.031926e+02
9.838865e-01 3.230072e-02 1.758520e-01 1.684084e+01 -8.588634e-03 9.909488e-01 -1.339655e-01 -1.486418e+01 -1.785876e-01 1.302966e-01 9.752586e-01 2.039090e+02
9.832776e-01 3.291322e-02 1.791145e-01 1.692608e+01 -8.601811e-03 9.908288e-01 -1.348489e-01 -1.496382e+01 -1.819101e-01 1.310532e-01 9.745429e-01 2.046104e+02
9.818031e-01 3.591776e-02 1.864742e-01 1.695840e+01 -1.034281e-02 9.906067e-01 -1.363501e-01 -1.502673e+01 -1.896200e-01 1.319402e-01 9.729522e-01 2.051593e+02
9.804798e-01 3.335870e-02 1.937693e-01 1.701726e+01 -6.648801e-03 9.905640e-01 -1.368892e-01 -1.510073e+01 -1.965074e-01 1.329287e-01 9.714499e-01 2.057520e+02
9.792290e-01 3.314200e-02 2.000304e-01 1.711904e+01 -5.734250e-03 9.906827e-01 -1.360696e-01 -1.518165e+01 -2.026763e-01 1.320963e-01 9.702953e-01 2.062867e+02
9.785565e-01 3.114541e-02 2.036104e-01 1.726493e+01 -3.421577e-03 9.908236e-01 -1.351179e-01 -1.529808e+01 -2.059503e-01 1.315238e-01 9.696835e-01 2.069826e+02
9.774406e-01 3.010971e-02 2.090534e-01 1.737522e+01 -1.093765e-03 9.904948e-01 -1.375459e-01 -1.534018e+01 -2.112077e-01 1.342143e-01 9.681827e-01 2.075251e+02
9.761635e-01 3.187933e-02 2.146824e-01 1.748940e+01 -1.594779e-03 9.901805e-01 -1.397857e-01 -1.542071e+01 -2.170306e-01 1.361113e-01 9.666289e-01 2.081746e+02
9.744467e-01 3.209778e-02 2.223139e-01 1.758680e+01 -3.688823e-04 9.899647e-01 -1.413147e-01 -1.551319e+01 -2.246188e-01 1.376216e-01 9.646796e-01 2.088021e+02
9.730024e-01 3.622736e-02 2.279341e-01 1.768492e+01 -2.797238e-03 9.893823e-01 -1.453095e-01 -1.558486e+01 -2.307781e-01 1.407489e-01 9.627727e-01 2.094265e+02
9.713095e-01 3.627802e-02 2.350356e-01 1.777591e+01 -1.659532e-03 9.893064e-01 -1.458424e-01 -1.566432e+01 -2.378131e-01 1.412680e-01 9.609830e-01 2.100394e+02
9.684069e-01 4.672389e-02 2.449593e-01 1.784804e+01 -9.905090e-03 9.887224e-01 -1.494322e-01 -1.573410e+01 -2.491788e-01 1.422848e-01 9.579483e-01 2.106744e+02
9.668530e-01 4.985555e-02 2.504192e-01 1.798151e+01 -1.145457e-02 9.882339e-01 -1.525205e-01 -1.582042e+01 -2.550767e-01 1.445965e-01 9.560480e-01 2.113465e+02
9.640912e-01 5.747990e-02 2.592764e-01 1.809401e+01 -1.637008e-02 9.873021e-01 -1.580081e-01 -1.589630e+01 -2.650665e-01 1.480898e-01 9.527902e-01 2.120168e+02
9.630618e-01 5.897393e-02 2.627434e-01 1.825707e+01 -1.699311e-02 9.870888e-01 -1.592698e-01 -1.602252e+01 -2.687438e-01 1.489219e-01 9.516297e-01 2.126969e+02
9.626319e-01 5.805201e-02 2.645179e-01 1.844114e+01 -1.512290e-02 9.867533e-01 -1.615211e-01 -1.614532e+01 -2.703906e-01 1.514851e-01 9.507582e-01 2.133998e+02
9.622502e-01 5.950580e-02 2.655814e-01 1.863219e+01 -1.618003e-02 9.865874e-01 -1.624301e-01 -1.628663e+01 -2.716848e-01 1.520013e-01 9.503068e-01 2.141168e+02
9.612454e-01 5.939676e-02 2.692197e-01 1.880291e+01 -1.542908e-02 9.865756e-01 -1.625745e-01 -1.641331e+01 -2.752620e-01 1.521202e-01 9.492577e-01 2.147997e+02
9.600670e-01 6.237249e-02 2.727288e-01 1.896664e+01 -1.752139e-02 9.863229e-01 -1.638907e-01 -1.652155e+01 -2.792209e-01 1.525674e-01 9.480289e-01 2.154154e+02
9.592903e-01 6.615376e-02 2.745647e-01 1.902946e+01 -2.081179e-02 9.860946e-01 -1.648767e-01 -1.657693e+01 -2.816540e-01 1.524504e-01 9.473278e-01 2.156997e+02
9.586543e-01 7.094274e-02 2.755885e-01 1.907818e+01 -2.493560e-02 9.856437e-01 -1.669869e-01 -1.661860e+01 -2.834786e-01 1.532107e-01 9.466606e-01 2.159400e+02
9.579837e-01 7.473394e-02 2.769151e-01 1.911004e+01 -2.815596e-02 9.852982e-01 -1.685075e-01 -1.666745e+01 -2.854371e-01 1.536306e-01 9.460039e-01 2.161155e+02
9.573302e-01 7.312007e-02 2.795931e-01 1.922450e+01 -2.578084e-02 9.852132e-01 -1.693821e-01 -1.672593e+01 -2.878441e-01 1.549465e-01 9.450595e-01 2.164388e+02
9.570894e-01 7.091597e-02 2.809820e-01 1.945094e+01 -2.324915e-02 9.852604e-01 -1.694741e-01 -1.687166e+01 -2.888589e-01 1.556693e-01 9.446309e-01 2.171877e+02
9.567554e-01 7.806946e-02 2.802219e-01 1.966686e+01 -3.205616e-02 9.857427e-01 -1.651781e-01 -1.698418e+01 -2.891220e-01 1.490522e-01 9.456172e-01 2.179180e+02
9.561999e-01 8.341027e-02 2.805790e-01 1.989052e+01 -3.872974e-02 9.861652e-01 -1.611772e-01 -1.710355e+01 -2.901411e-01 1.432509e-01 9.462016e-01 2.186948e+02
9.559798e-01 8.008051e-02 2.822936e-01 2.008966e+01 -3.598905e-02 9.867750e-01 -1.580505e-01 -1.724174e+01 -2.912171e-01 1.409336e-01 9.462190e-01 2.194400e+02
9.556409e-01 8.032600e-02 2.833695e-01 2.031567e+01 -3.475692e-02 9.861259e-01 -1.623196e-01 -1.736312e+01 -2.924765e-01 1.452702e-01 9.451741e-01 2.201852e+02
9.544294e-01 8.500475e-02 2.860747e-01 2.054526e+01 -3.778220e-02 9.852809e-01 -1.667156e-01 -1.749414e+01 -2.960355e-01 1.483097e-01 9.435927e-01 2.209478e+02
9.531649e-01 8.600313e-02 2.899656e-01 2.078016e+01 -3.806211e-02 9.852061e-01 -1.670934e-01 -1.763901e+01 -3.000464e-01 1.482309e-01 9.423374e-01 2.217514e+02
9.526043e-01 8.063243e-02 2.933317e-01 2.100085e+01 -3.288027e-02 9.858752e-01 -1.642224e-01 -1.779165e+01 -3.024300e-01 1.467941e-01 9.418002e-01 2.225376e+02
9.519752e-01 8.047129e-02 2.954108e-01 2.123800e+01 -3.244657e-02 9.859249e-01 -1.640100e-01 -1.790958e+01 -3.044509e-01 1.465484e-01 9.411871e-01 2.233052e+02
9.516184e-01 7.179248e-02 2.987778e-01 2.149447e+01 -2.431956e-02 9.868702e-01 -1.596736e-01 -1.808582e+01 -3.063183e-01 1.446822e-01 9.408699e-01 2.240759e+02
9.507439e-01 6.993655e-02 3.019851e-01 2.173514e+01 -2.213194e-02 9.870448e-01 -1.589109e-01 -1.823578e+01 -3.091865e-01 1.444000e-01 9.399747e-01 2.248324e+02
9.497078e-01 7.417940e-02 3.042245e-01 2.194463e+01 -2.546895e-02 9.866159e-01 -1.610604e-01 -1.836405e+01 -3.121001e-01 1.452120e-01 9.388860e-01 2.255149e+02
9.488204e-01 7.544947e-02 3.066714e-01 2.216688e+01 -2.593721e-02 9.863794e-01 -1.624281e-01 -1.851147e+01 -3.147495e-01 1.461609e-01 9.378538e-01 2.263029e+02
9.484487e-01 7.730491e-02 3.073583e-01 2.244404e+01 -2.628724e-02 9.856427e-01 -1.667856e-01 -1.864675e+01 -3.158388e-01 1.501079e-01 9.368637e-01 2.271101e+02
9.471487e-01 7.949246e-02 3.107899e-01 2.269055e+01 -2.810665e-02 9.856495e-01 -1.664486e-01 -1.878081e+01 -3.195613e-01 1.489163e-01 9.357908e-01 2.279034e+02
9.457645e-01 7.528652e-02 3.160085e-01 2.289101e+01 -2.367245e-02 9.861602e-01 -1.640968e-01 -1.891822e+01 -3.239893e-01 1.477163e-01 9.344575e-01 2.285279e+02
9.443038e-01 7.827815e-02 3.196293e-01 2.301161e+01 -2.567589e-02 9.858614e-01 -1.655842e-01 -1.898973e+01 -3.280717e-01 1.481550e-01 9.329625e-01 2.289731e+02
9.443547e-01 7.153593e-02 3.210557e-01 2.327394e+01 -1.853632e-02 9.860873e-01 -1.651919e-01 -1.912777e+01 -3.284061e-01 1.500486e-01 9.325421e-01 2.296586e+02
9.437388e-01 7.082286e-02 3.230188e-01 2.338432e+01 -1.686662e-02 9.858347e-01 -1.668694e-01 -1.913793e+01 -3.302613e-01 1.520329e-01 9.315650e-01 2.297196e+02
9.448884e-01 6.329186e-02 3.212164e-01 2.362858e+01 -9.679247e-03 9.861072e-01 -1.658282e-01 -1.922448e+01 -3.272494e-01 1.535800e-01 9.323739e-01 2.301345e+02
9.450947e-01 6.006511e-02 3.212292e-01 2.385055e+01 -6.600767e-03 9.862718e-01 -1.649980e-01 -1.935019e+01 -3.267299e-01 1.538184e-01 9.325168e-01 2.307410e+02
9.455742e-01 6.014268e-02 3.198003e-01 2.408847e+01 -6.151250e-03 9.858998e-01 -1.672237e-01 -1.942220e+01 -3.253483e-01 1.561553e-01 9.326114e-01 2.312067e+02
9.459101e-01 5.352963e-02 3.199823e-01 2.417124e+01 1.043390e-03 9.857871e-01 -1.679961e-01 -1.945702e+01 -3.244271e-01 1.592431e-01 9.324101e-01 2.312977e+02
