1.000000e+00 0.000000e+00 0.000000e+00 0.000000e+00 0.000000e+00 1.000000e+00 0.000000e+00 0.000000e+00 0.000000e+00 0.000000e+00 1.000000e+00 0.000000e+00
9.999973e-01 5.041233e-04 2.285857e-03 -3.587323e-03 -5.029031e-04 9.999997e-01 -5.343727e-04 -2.701330e-02 -2.286125e-03 5.332217e-04 9.999973e-01 1.184248e+00
9.999918e-01 9.639775e-04 3.929361e-03 -3.449583e-03 -9.643142e-04 9.999995e-01 8.378066e-05 -4.916257e-02 -3.929278e-03 -8.756910e-05 9.999923e-01 2.370706e+00
9.999864e-01 5.938290e-04 5.181447e-03 1.713069e-03 -5.985075e-04 9.999994e-01 9.014243e-04 -7.421347e-02 -5.180909e-03 -9.045132e-04 9.999862e-01 3.550816e+00
9.999809e-01 4.445395e-04 6.166466e-03 6.927019e-03 -4.536647e-04 9.999988e-01 1.478491e-03 -1.005890e-01 -6.165801e-03 -1.481261e-03 9.999799e-01 4.732253e+00
9.999739e-01 4.064333e-04 7.210985e-03 1.315924e-02 -4.190718e-04 9.999984e-01 1.751250e-03 -1.210538e-01 -7.210262e-03 -1.754227e-03 9.999725e-01 5.911375e+00
9.999664e-01 4.083633e-04 8.191897e-03 1.802979e-02 -4.201281e-04 9.999989e-01 1.434474e-03 -1.495244e-01 -8.191302e-03 -1.437868e-03 9.999654e-01 7.095129e+00
9.999658e-01 1.562795e-04 8.261608e-03 2.400449e-02 -1.690383e-04 9.999988e-01 1.543675e-03 -1.704758e-01 -8.261357e-03 -1.545018e-03 9.999647e-01 8.278890e+00
9.999631e-01 4.366669e-05 8.592526e-03 2.973780e-02 -7.045634e-05 9.999951e-01 3.117507e-03 -1.945861e-01 -8.592348e-03 -3.117997e-03 9.999582e-01 9.474727e+00
9.999695e-01 -6.814260e-04 7.784809e-03 3.465372e-02 6.482913e-04 9.999907e-01 4.258067e-03 -2.150523e-01 -7.787639e-03 -4.252890e-03 9.999607e-01 1.066697e+01
9.999819e-01 -1.847958e-03 5.720794e-03 3.868049e-02 1.823676e-03 9.999893e-01 4.246821e-03 -2.384903e-01 -5.728581e-03 -4.236311e-03 9.999746e-01 1.185760e+01
9.999892e-01 -2.225847e-03 4.086163e-03 4.033606e-02 2.208519e-03 9.999886e-01 4.240176e-03 -2.595264e-01 -4.095555e-03 -4.231106e-03 9.999827e-01 1.303166e+01
9.999936e-01 -2.184045e-03 2.843705e-03 3.876522e-02 2.170720e-03 9.999867e-01 4.680368e-03 -2.834233e-01 -2.853889e-03 -4.674165e-03 9.999850e-01 1.420954e+01
9.999983e-01 -4.194919e-04 1.824448e-03 3.581517e-02 4.106936e-04 9.999883e-01 4.820173e-03 -3.045298e-01 -1.826449e-03 -4.819415e-03 9.999867e-01 1.539034e+01
9.999981e-01 -6.639895e-04 1.848791e-03 3.405190e-02 6.541132e-04 9.999855e-01 5.337521e-03 -3.269024e-01 -1.852309e-03 -5.336300e-03 9.999840e-01 1.657064e+01
9.999983e-01 -4.217295e-04 1.771942e-03 3.215487e-02 4.103864e-04 9.999794e-01 6.396960e-03 -3.501040e-01 -1.774603e-03 -6.396222e-03 9.999779e-01 1.774556e+01
9.999992e-01 -7.255193e-04 9.913200e-04 2.964513e-02 7.183354e-04 9.999736e-01 7.227968e-03 -3.687262e-01 -9.965380e-04 -7.227251e-03 9.999734e-01 1.892379e+01
9.999992e-01 -9.247672e-04 8.199746e-04 2.476420e-02 9.193762e-04 9.999781e-01 6.550938e-03 -3.899457e-01 -8.260148e-04 -6.550179e-03 9.999782e-01 2.010216e+01
9.999995e-01 -9.871755e-04 -1.036252e-04 1.947395e-02 9.877543e-04 9.999830e-01 5.743463e-03 -4.080889e-01 9.795363e-05 -5.743563e-03 9.999835e-01 2.129565e+01
9.999994e-01 -7.928100e-04 -7.537204e-04 1.334163e-02 7.978976e-04 9.999768e-01 6.773716e-03 -4.268099e-01 7.483326e-04 -6.774313e-03 9.999768e-01 2.247526e+01
9.999992e-01 -8.545491e-04 -9.086585e-04 6.833030e-03 8.609418e-04 9.999747e-01 7.058402e-03 -4.445869e-01 9.026037e-04 -7.059178e-03 9.999747e-01 2.365439e+01
9.999976e-01 -9.416803e-04 -2.004778e-03 -1.757057e-04 9.552942e-04 9.999764e-01 6.800628e-03 -4.647511e-01 1.998327e-03 -6.802526e-03 9.999748e-01 2.483776e+01
9.999971e-01 -8.183199e-04 -2.275402e-03 -8.393809e-03 8.360543e-04 9.999692e-01 7.803984e-03 -4.817589e-01 2.268945e-03 -7.805864e-03 9.999670e-01 2.602126e+01
9.999924e-01 -2.118961e-03 -3.284742e-03 -1.519076e-02 2.150880e-03 9.999502e-01 9.744374e-03 -4.951062e-01 3.263930e-03 -9.751365e-03 9.999471e-01 2.720466e+01
9.999880e-01 -2.827959e-03 -4.012050e-03 -2.415957e-02 2.869743e-03 9.999413e-01 1.044748e-02 -5.125910e-01 3.982269e-03 -1.045887e-02 9.999374e-01 2.838926e+01
9.999835e-01 -3.632411e-03 -4.435829e-03 -3.392301e-02 3.675376e-03 9.999461e-01 9.716537e-03 -5.271899e-01 4.400295e-03 -9.732680e-03 9.999430e-01 2.957952e+01
9.999739e-01 -4.467394e-03 -5.675149e-03 -4.440383e-02 4.518799e-03 9.999486e-01 9.077732e-03 -5.437429e-01 5.634303e-03 -9.103141e-03 9.999427e-01 3.077077e+01
9.999742e-01 -4.183079e-03 -5.840076e-03 -5.424146e-02 4.237641e-03 9.999472e-01 9.361875e-03 -5.579941e-01 5.800606e-03 -9.386382e-03 9.999391e-01 3.195820e+01
9.999668e-01 -4.602260e-03 -6.720497e-03 -6.583329e-02 4.670663e-03 9.999371e-01 1.019821e-02 -5.732238e-01 6.673140e-03 -1.022926e-02 9.999254e-01 3.314204e+01
9.999616e-01 -4.876350e-03 -7.291229e-03 -7.673612e-02 4.955514e-03 9.999285e-01 1.087914e-02 -5.863948e-01 7.237657e-03 -1.091485e-02 9.999142e-01 3.432596e+01
9.999592e-01 -5.622428e-03 -7.070145e-03 -8.756425e-02 5.701420e-03 9.999210e-01 1.120259e-02 -6.037978e-01 7.006600e-03 -1.124244e-02 9.999123e-01 3.551058e+01
9.999563e-01 -5.144852e-03 -7.807509e-03 -9.941556e-02 5.234777e-03 9.999197e-01 1.154145e-02 -6.147516e-01 7.747503e-03 -1.158181e-02 9.999029e-01 3.669276e+01
9.999549e-01 -6.004543e-03 -7.359537e-03 -1.093164e-01 6.096737e-03 9.999024e-01 1.256950e-02 -6.302914e-01 7.283344e-03 -1.261381e-02 9.998939e-01 3.788033e+01
9.999565e-01 -5.571908e-03 -7.484679e-03 -1.224840e-01 5.675791e-03 9.998869e-01 1.393064e-02 -6.401684e-01 7.406212e-03 -1.397251e-02 9.998749e-01 3.906990e+01
9.999594e-01 -5.147170e-03 -7.394040e-03 -1.350997e-01 5.258487e-03 9.998719e-01 1.511510e-02 -6.518915e-01 7.315293e-03 -1.515337e-02 9.998584e-01 4.026073e+01
9.999658e-01 -4.762727e-03 -6.753067e-03 -1.470263e-01 4.869132e-03 9.998628e-01 1.582861e-02 -6.633961e-01 6.676753e-03 -1.586095e-02 9.998519e-01 4.144432e+01
9.999716e-01 -3.745321e-03 -6.537745e-03 -1.601211e-01 3.850962e-03 9.998610e-01 1.622141e-02 -6.731140e-01 6.476082e-03 -1.624613e-02 9.998471e-01 4.262271e+01
9.999837e-01 -1.299346e-03 -5.558454e-03 -1.749399e-01 1.398558e-03 9.998391e-01 1.788241e-02 -6.743436e-01 5.534324e-03 -1.788990e-02 9.998246e-01 4.380859e+01
9.999890e-01 -1.389941e-03 -4.466097e-03 -1.879256e-01 1.483532e-03 9.997779e-01 2.102123e-02 -6.795132e-01 4.435887e-03 -2.102762e-02 9.997690e-01 4.500842e+01
9.999955e-01 -1.205853e-03 -2.737250e-03 -1.997873e-01 1.270545e-03 9.997169e-01 2.375659e-02 -6.773237e-01 2.707828e-03 -2.375996e-02 9.997140e-01 4.620198e+01
9.999985e-01 -1.402255e-03 -1.029396e-03 -2.066090e-01 1.429560e-03 9.996338e-01 2.702186e-02 -6.709748e-01 9.911273e-04 -2.702329e-02 9.996343e-01 4.740151e+01
9.999977e-01 -2.167151e-03 3.086130e-06 -2.136826e-01 2.166168e-03 9.995850e-01 2.872524e-02 -6.653703e-01 -6.533678e-05 -2.872516e-02 9.995874e-01 4.859544e+01
9.999936e-01 -3.298650e-03 1.349289e-03 -2.158802e-01 3.260272e-03 9.996160e-01 2.751948e-02 -6.570076e-01 -1.439548e-03 -2.751491e-02 9.996204e-01 4.980170e+01
9.999902e-01 -2.824931e-03 3.408824e-03 -2.151078e-01 2.735258e-03 9.996574e-01 2.603013e-02 -6.537362e-01 -3.481189e-03 -2.602055e-02 9.996554e-01 5.099114e+01
9.999901e-01 -2.572456e-03 3.625954e-03 -2.166667e-01 2.479148e-03 9.996716e-01 2.550706e-02 -6.384987e-01 -3.690378e-03 -2.549782e-02 9.996681e-01 5.218505e+01
9.999856e-01 -3.116679e-03 4.360032e-03 -2.132813e-01 3.003345e-03 9.996635e-01 2.576333e-02 -6.400842e-01 -4.438861e-03 -2.574986e-02 9.996586e-01 5.337907e+01
9.999884e-01 -3.568032e-03 3.229464e-03 -2.142676e-01 3.486538e-03 9.996839e-01 2.489787e-02 -6.369426e-01 -3.317280e-03 -2.488633e-02 9.996848e-01 5.458417e+01
9.999930e-01 -3.298739e-03 1.764331e-03 -2.165226e-01 3.252981e-03 9.996737e-01 2.533790e-02 -6.283177e-01 -1.847338e-03 -2.533198e-02 9.996774e-01 5.577213e+01
9.999927e-01 -3.768791e-03 6.656398e-04 -2.181085e-01 3.749526e-03 9.996312e-01 2.689540e-02 -6.250615e-01 -7.667574e-04 -2.689271e-02 9.996380e-01 5.695958e+01
9.999933e-01 -3.596378e-03 -6.574142e-04 -2.224475e-01 3.613270e-03 9.996067e-01 2.780944e-02 -6.197953e-01 5.571424e-04 -2.781163e-02 9.996130e-01 5.815521e+01
9.999958e-01 -2.820327e-03 -6.981738e-04 -2.254672e-01 2.838762e-03 9.996043e-01 2.798453e-02 -6.123870e-01 6.189721e-04 -2.798639e-02 9.996081e-01 5.934550e+01
9.999962e-01 -2.234427e-03 -1.569154e-03 -2.325273e-01 2.277827e-03 9.995990e-01 2.822348e-02 -6.054332e-01 1.505462e-03 -2.822695e-02 9.996004e-01 6.054282e+01
9.999912e-01 -3.942136e-03 -1.452321e-03 -2.361586e-01 3.982530e-03 9.995730e-01 2.894865e-02 -5.931088e-01 1.337581e-03 -2.895418e-02 9.995798e-01 6.173348e+01
9.999849e-01 -5.348362e-03 -1.264982e-03 -2.376378e-01 5.382377e-03 9.995759e-01 2.861791e-02 -5.920764e-01 1.111386e-03 -2.862428e-02 9.995896e-01 6.291804e+01
9.999833e-01 -5.458974e-03 -1.916733e-03 -2.438701e-01 5.513912e-03 9.995367e-01 2.993372e-02 -5.824587e-01 1.752438e-03 -2.994379e-02 9.995500e-01 6.411199e+01
9.999791e-01 -6.113796e-03 -2.095073e-03 -2.490387e-01 6.176916e-03 9.994822e-01 3.157718e-02 -5.711610e-01 1.900932e-03 -3.158946e-02 9.994991e-01 6.530659e+01
9.999806e-01 -5.791439e-03 -2.298353e-03 -2.570803e-01 5.859596e-03 9.995069e-01 3.084779e-02 -5.660650e-01 2.118566e-03 -3.086066e-02 9.995214e-01 6.649798e+01
9.999896e-01 -3.179774e-03 -3.287445e-03 -2.687214e-01 3.283670e-03 9.994794e-01 3.209707e-02 -5.546223e-01 3.183672e-03 -3.210753e-02 9.994794e-01 6.768514e+01
9.999954e-01 -9.213818e-04 -2.908661e-03 -2.794960e-01 1.015879e-03 9.994661e-01 3.265565e-02 -5.418074e-01 2.877020e-03 -3.265845e-02 9.994624e-01 6.886583e+01
9.999951e-01 6.611475e-04 -3.058894e-03 -2.917367e-01 -5.585137e-04 9.994408e-01 3.343258e-02 -5.306098e-01 3.079287e-03 -3.343071e-02 9.994363e-01 7.004716e+01
9.999927e-01 2.558374e-03 -2.840247e-03 -3.030695e-01 -2.460284e-03 9.994182e-01 3.401811e-02 -5.141915e-01 2.925625e-03 -3.401088e-02 9.994172e-01 7.122797e+01
9.999928e-01 3.153428e-03 -2.084014e-03 -3.110087e-01 -3.077750e-03 9.993696e-01 3.537011e-02 -5.045404e-01 2.194238e-03 -3.536344e-02 9.993721e-01 7.240735e+01
9.999877e-01 4.950724e-03 -1.979107e-04 -3.196220e-01 -4.940268e-03 9.993278e-01 3.632408e-02 -4.861102e-01 3.776082e-04 -3.632266e-02 9.993401e-01 7.358087e+01
9.999900e-01 3.578587e-03 2.693664e-03 -3.211069e-01 -3.669752e-03 9.993932e-01 3.463668e-02 -4.739484e-01 -2.568079e-03 -3.464622e-02 9.993963e-01 7.475888e+01
9.999871e-01 1.037163e-03 4.969867e-03 -3.150466e-01 -1.186828e-03 9.995430e-01 3.020687e-02 -4.716665e-01 -4.936266e-03 -3.021238e-02 9.995313e-01 7.592865e+01
9.999673e-01 1.875919e-03 7.863382e-03 -3.094552e-01 -2.105420e-03 9.995690e-01 2.928020e-02 -4.546127e-01 -7.805066e-03 -2.929580e-02 9.995403e-01 7.709056e+01
9.999461e-01 1.327850e-03 1.029272e-02 -3.017535e-01 -1.663806e-03 9.994638e-01 3.270068e-02 -4.402584e-01 -1.024377e-02 -3.271604e-02 9.994122e-01 7.826919e+01
9.999062e-01 1.024424e-03 1.366076e-02 -2.871093e-01 -1.495872e-03 9.994020e-01 3.454570e-02 -4.319984e-01 -1.361720e-02 -3.456289e-02 9.993098e-01 7.942574e+01
9.998515e-01 2.659972e-03 1.702851e-02 -2.745668e-01 -3.215937e-03 9.994599e-01 3.270541e-02 -4.155270e-01 -1.693232e-02 -3.275532e-02 9.993200e-01 8.058044e+01
9.997764e-01 1.100853e-03 2.111573e-02 -2.535714e-01 -1.712972e-03 9.995782e-01 2.899260e-02 -4.075708e-01 -2.107490e-02 -2.902229e-02 9.993566e-01 8.173127e+01
9.996226e-01 -1.718029e-04 2.747096e-02 -2.276869e-01 -5.221018e-04 9.996810e-01 2.525040e-02 -4.013231e-01 -2.746654e-02 -2.525521e-02 9.993036e-01 8.286385e+01
9.995113e-01 -1.606417e-03 3.121829e-02 -1.979235e-01 8.499742e-04 9.997061e-01 2.422893e-02 -3.988721e-01 -3.124804e-02 -2.419055e-02 9.992189e-01 8.399837e+01
9.993815e-01 -1.510560e-03 3.513435e-02 -1.599646e-01 5.976473e-04 9.996623e-01 2.597949e-02 -3.962379e-01 -3.516173e-02 -2.594243e-02 9.990449e-01 8.513264e+01
9.992281e-01 -9.910940e-05 3.928393e-02 -1.227222e-01 -9.629176e-04 9.996346e-01 2.701480e-02 -3.961242e-01 -3.927225e-02 -2.703177e-02 9.988629e-01 8.626717e+01
9.991182e-01 -2.298034e-04 4.198491e-02 -1.014601e-01 -8.214465e-04 9.996866e-01 2.501979e-02 -3.970861e-01 -4.197750e-02 -2.503222e-02 9.988049e-01 8.745093e+01
9.989442e-01 -4.021501e-04 4.593879e-02 -5.336550e-02 -6.295847e-04 9.997479e-01 2.244222e-02 -3.981048e-01 -4.593624e-02 -2.244745e-02 9.986922e-01 8.859018e+01
9.988111e-01 1.092929e-04 4.874711e-02 -2.022875e-03 -1.218714e-03 9.997409e-01 2.272956e-02 -3.997737e-01 -4.873199e-02 -2.276194e-02 9.985525e-01 8.974049e+01
9.986618e-01 -1.061365e-03 5.170609e-02 5.641209e-02 -1.947038e-04 9.997051e-01 2.428139e-02 -4.002463e-01 -5.171661e-02 -2.425896e-02 9.983671e-01 9.087719e+01
9.984748e-01 -1.347844e-03 5.519294e-02 1.178069e-01 -9.060063e-05 9.996606e-01 2.605131e-02 -3.958211e-01 -5.520932e-02 -2.601658e-02 9.981358e-01 9.200056e+01
9.983459e-01 -1.925940e-03 5.746175e-02 1.803314e-01 3.111671e-04 9.996051e-01 2.809742e-02 -3.876820e-01 -5.749318e-02 -2.803306e-02 9.979522e-01 9.314069e+01
9.981611e-01 -3.255277e-03 6.053004e-02 2.501641e-01 1.480557e-03 9.995683e-01 2.934141e-02 -3.778015e-01 -6.059943e-02 -2.919784e-02 9.977350e-01 9.426157e+01
9.980506e-01 -4.330669e-03 6.225999e-02 3.180051e-01 2.622838e-03 9.996188e-01 2.748624e-02 -3.729945e-01 -6.235529e-02 -2.726936e-02 9.976814e-01 9.542581e+01
9.978982e-01 -5.855673e-03 6.453598e-02 3.899114e-01 4.313477e-03 9.997024e-01 2.401017e-02 -3.677580e-01 -6.465736e-02 -2.368134e-02 9.976265e-01 9.656953e+01
9.977185e-01 -5.379334e-03 6.729754e-02 4.636357e-01 3.980980e-03 9.997737e-01 2.089556e-02 -3.602567e-01 -6.739471e-02 -2.057998e-02 9.975141e-01 9.771779e+01
9.976236e-01 -5.152489e-03 6.870741e-02 5.408593e-01 3.773135e-03 9.997891e-01 2.019045e-02 -3.583834e-01 -6.879696e-02 -1.988323e-02 9.974325e-01 9.889449e+01
9.976034e-01 -4.723056e-03 6.903005e-02 6.160733e-01 3.260130e-03 9.997680e-01 2.128991e-02 -3.563977e-01 -6.911458e-02 -2.101384e-02 9.973874e-01 1.000369e+02
9.975645e-01 -4.648851e-03 6.959509e-02 6.915001e-01 3.033209e-03 9.997239e-01 2.330259e-02 -3.521989e-01 -6.968420e-02 -2.303474e-02 9.973031e-01 1.011733e+02
9.976581e-01 -5.257468e-03 6.819665e-02 7.679256e-01 3.546277e-03 9.996764e-01 2.518884e-02 -3.488569e-01 -6.830701e-02 -2.488801e-02 9.973539e-01 1.023403e+02
9.977776e-01 -4.941592e-03 6.644813e-02 8.413497e-01 3.191528e-03 9.996459e-01 2.641770e-02 -3.397048e-01 -6.655515e-02 -2.614692e-02 9.974401e-01 1.035059e+02
9.979631e-01 -4.662190e-03 6.362352e-02 9.101667e-01 2.916189e-03 9.996173e-01 2.750802e-02 -3.333881e-01 -6.372742e-02 -2.726645e-02 9.975948e-01 1.047014e+02
9.981242e-01 -3.828594e-03 6.110113e-02 9.799792e-01 2.122934e-03 9.996069e-01 2.795590e-02 -3.237326e-01 -6.118414e-02 -2.777375e-02 9.977400e-01 1.058768e+02
9.982588e-01 -2.983866e-03 5.891003e-02 1.044861e+00 1.328715e-03 9.996038e-01 2.811545e-02 -3.119270e-01 -5.897059e-02 -2.798822e-02 9.978673e-01 1.070752e+02
9.984688e-01 -2.729350e-03 5.525124e-02 1.108199e+00 1.134501e-03 9.995824e-01 2.887621e-02 -3.029858e-01 -5.530698e-02 -2.876930e-02 9.980549e-01 1.082731e+02
9.986565e-01 -2.060145e-03 5.177720e-02 1.169356e+00 4.928733e-04 9.995418e-01 3.026409e-02 -2.894308e-01 -5.181582e-02 -3.019791e-02 9.982000e-01 1.094641e+02
9.988989e-01 -1.683014e-03 4.688416e-02 1.226607e+00 1.952128e-04 9.994968e-01 3.172007e-02 -2.780645e-01 -4.691396e-02 -3.167599e-02 9.983966e-01 1.106779e+02
9.990727e-01 -1.437896e-03 4.303079e-02 1.281627e+00 2.963189e-05 9.994649e-01 3.270967e-02 -2.643293e-01 -4.305479e-02 -3.267806e-02 9.985381e-01 1.118705e+02
9.992821e-01 -8.530088e-04 3.787431e-02 1.323138e+00 -4.122522e-04 9.994425e-01 3.338647e-02 -2.496707e-01 -3.788167e-02 -3.337812e-02 9.987246e-01 1.130842e+02
9.994550e-01 4.985929e-05 3.301150e-02 1.359228e+00 -1.163732e-03 9.994305e-01 3.372362e-02 -2.326742e-01 -3.299102e-02 -3.374365e-02 9.988859e-01 1.142926e+02
9.995883e-01 7.355703e-04 2.868434e-02 1.392745e+00 -1.704974e-03 9.994276e-01 3.378579e-02 -2.168900e-01 -2.864307e-02 -3.382079e-02 9.990174e-01 1.154934e+02
9.997211e-01 1.800605e-03 2.354614e-02 1.414545e+00 -2.593632e-03 9.994289e-01 3.369264e-02 -2.019430e-01 -2.347203e-02 -3.374432e-02 9.991548e-01 1.167203e+02
9.997815e-01 3.675397e-03 2.057820e-02 1.434941e+00 -4.369683e-03 9.994192e-01 3.379625e-02 -1.852241e-01 -2.044204e-02 -3.387878e-02 9.992169e-01 1.179307e+02
9.998200e-01 6.013384e-03 1.799441e-02 1.449172e+00 -6.625139e-03 9.993954e-01 3.413276e-02 -1.646637e-01 -1.777828e-02 -3.424583e-02 9.992553e-01 1.191596e+02
9.998532e-01 7.095634e-03 1.559452e-02 1.459918e+00 -7.631718e-03 9.993724e-01 3.459012e-02 -1.506258e-01 -1.533930e-02 -3.470406e-02 9.992799e-01 1.204042e+02
9.998683e-01 9.151442e-03 1.340233e-02 1.468486e+00 -9.618808e-03 9.993328e-01 3.523298e-02 -1.320661e-01 -1.307095e-02 -3.535726e-02 9.992893e-01 1.216430e+02
9.998909e-01 1.042222e-02 1.046800e-02 1.470434e+00 -1.079875e-02 9.992723e-01 3.658216e-02 -1.097726e-01 -1.007912e-02 -3.669121e-02 9.992758e-01 1.229032e+02
9.998826e-01 1.083700e-02 1.083420e-02 1.482458e+00 -1.123954e-02 9.992217e-01 3.781141e-02 -9.407573e-02 -1.041600e-02 -3.792874e-02 9.992262e-01 1.241075e+02
9.998623e-01 1.356729e-02 9.551242e-03 1.474157e+00 -1.393742e-02 9.991099e-01 3.981531e-02 -6.844562e-02 -9.002553e-03 -3.994295e-02 9.991614e-01 1.253546e+02
9.998673e-01 1.467641e-02 7.064939e-03 1.473928e+00 -1.496263e-02 9.989918e-01 4.232685e-02 -3.456140e-02 -6.436611e-03 -4.242694e-02 9.990788e-01 1.266215e+02
9.998872e-01 1.321105e-02 7.146807e-03 1.483359e+00 -1.350414e-02 9.989989e-01 4.264711e-02 -1.258585e-02 -6.576240e-03 -4.273881e-02 9.990646e-01 1.278480e+02
9.998896e-01 1.348822e-02 6.245568e-03 1.485562e+00 -1.373462e-02 9.990544e-01 4.125082e-02 1.515460e-02 -5.683263e-03 -4.133204e-02 9.991293e-01 1.291034e+02
9.999198e-01 1.095255e-02 6.354540e-03 1.496868e+00 -1.121058e-02 9.990505e-01 4.209972e-02 4.581240e-02 -5.887407e-03 -4.216758e-02 9.990932e-01 1.303382e+02
9.999582e-01 7.778060e-03 4.800103e-03 1.497999e+00 -7.982640e-03 9.989915e-01 4.418452e-02 7.004166e-02 -4.451592e-03 -4.422099e-02 9.990119e-01 1.316024e+02
9.999759e-01 5.279621e-03 4.506331e-03 1.508419e+00 -5.481157e-03 9.989288e-01 4.594856e-02 1.037557e-01 -4.258913e-03 -4.597216e-02 9.989336e-01 1.328592e+02
9.999821e-01 3.285011e-03 4.993378e-03 1.517715e+00 -3.516899e-03 9.988810e-01 4.716258e-02 1.361550e-01 -4.832861e-03 -4.717930e-02 9.988747e-01 1.340952e+02
9.999902e-01 -5.303757e-04 4.404895e-03 1.529297e+00 3.283040e-04 9.989529e-01 4.574901e-02 1.648715e-01 -4.424547e-03 -4.574711e-02 9.989433e-01 1.353609e+02
9.999828e-01 -2.797373e-03 5.158789e-03 1.536882e+00 2.564046e-03 9.989974e-01 4.469386e-02 2.010014e-01 -5.278643e-03 -4.467986e-02 9.989874e-01 1.366104e+02
9.999796e-01 -4.639062e-03 4.400481e-03 1.539168e+00 4.436955e-03 9.989827e-01 4.487655e-02 2.282687e-01 -4.604190e-03 -4.485610e-02 9.989828e-01 1.378839e+02
9.999781e-01 -4.693928e-03 4.654832e-03 1.543672e+00 4.477469e-03 9.989557e-01 4.546989e-02 2.619531e-01 -4.863404e-03 -4.544805e-02 9.989549e-01 1.391476e+02
9.999734e-01 -4.307154e-03 5.898317e-03 1.549828e+00 4.022421e-03 9.988649e-01 4.746296e-02 2.917394e-01 -6.096052e-03 -4.743797e-02 9.988556e-01 1.404073e+02
9.999848e-01 -2.528971e-03 4.896175e-03 1.547062e+00 2.284226e-03 9.987783e-01 4.936291e-02 3.289489e-01 -5.015031e-03 -4.935098e-02 9.987689e-01 1.416746e+02
9.999801e-01 -2.804196e-03 5.655262e-03 1.551730e+00 2.527922e-03 9.988306e-01 4.828159e-02 3.567371e-01 -5.784039e-03 -4.826633e-02 9.988177e-01 1.429464e+02
9.999748e-01 -1.632708e-03 6.898811e-03 1.561732e+00 1.313024e-03 9.989364e-01 4.609217e-02 3.935356e-01 -6.966727e-03 -4.608196e-02 9.989133e-01 1.442127e+02
9.999619e-01 -2.814068e-03 8.258021e-03 1.566381e+00 2.469056e-03 9.991356e-01 4.149587e-02 4.237776e-01 -8.367654e-03 -4.147390e-02 9.991046e-01 1.454907e+02
9.999481e-01 -3.739691e-03 9.476257e-03 1.581466e+00 3.381549e-03 9.992897e-01 3.753176e-02 4.430549e-01 -9.609883e-03 -3.749777e-02 9.992505e-01 1.467579e+02
9.999508e-01 -3.296105e-03 9.356582e-03 1.595163e+00 2.977451e-03 9.994218e-01 3.386864e-02 4.646903e-01 -9.462806e-03 -3.383912e-02 9.993825e-01 1.480229e+02
9.999470e-01 -3.821778e-03 9.557338e-03 1.604675e+00 3.506021e-03 9.994545e-01 3.283949e-02 4.793539e-01 -9.677630e-03 -3.280424e-02 9.994149e-01 1.492913e+02
9.999238e-01 -4.602037e-03 1.145336e-02 1.614484e+00 4.220517e-03 9.994426e-01 3.311485e-02 4.925759e-01 -1.159938e-02 -3.306398e-02 9.993860e-01 1.505079e+02
9.998828e-01 -4.227195e-03 1.471618e-02 1.625620e+00 3.722519e-03 9.994097e-01 3.415404e-02 5.074759e-01 -1.485187e-02 -3.409525e-02 9.993082e-01 1.517182e+02
9.998789e-01 -3.840460e-03 1.508253e-02 1.639735e+00 3.299683e-03 9.993565e-01 3.571718e-02 5.212231e-01 -1.521000e-02 -3.566309e-02 9.992481e-01 1.529415e+02
9.998942e-01 -3.484237e-03 1.412330e-02 1.652720e+00 2.963660e-03 9.993214e-01 3.671422e-02 5.385447e-01 -1.424163e-02 -3.666848e-02 9.992260e-01 1.541946e+02
9.999010e-01 -3.415567e-03 1.365083e-02 1.665947e+00 2.908604e-03 9.993115e-01 3.698669e-02 5.547399e-01 -1.376776e-02 -3.694332e-02 9.992225e-01 1.554432e+02
9.999040e-01 -3.309017e-03 1.345433e-02 1.679436e+00 2.799338e-03 9.992842e-01 3.772607e-02 5.727308e-01 -1.356953e-02 -3.768479e-02 9.991975e-01 1.566738e+02
9.999263e-01 -3.791407e-03 1.153613e-02 1.691937e+00 3.337354e-03 9.992287e-01 3.912705e-02 5.922074e-01 -1.167558e-02 -3.908566e-02 9.991676e-01 1.579188e+02
9.999277e-01 -3.242247e-03 1.158019e-02 1.703096e+00 2.777543e-03 9.991989e-01 3.992222e-02 6.140186e-01 -1.170035e-02 -3.988717e-02 9.991357e-01 1.591616e+02
9.999435e-01 -2.986381e-03 1.020182e-02 1.709522e+00 2.580626e-03 9.992140e-01 3.955703e-02 6.331660e-01 -1.031194e-02 -3.952846e-02 9.991652e-01 1.604266e+02
9.999524e-01 -2.265052e-03 9.488516e-03 1.719901e+00 1.897208e-03 9.992530e-01 3.859852e-02 6.554737e-01 -9.568855e-03 -3.857868e-02 9.992098e-01 1.616801e+02
9.999731e-01 -1.316235e-03 7.224146e-03 1.724468e+00 1.039517e-03 9.992705e-01 3.817552e-02 6.784911e-01 -7.269124e-03 -3.816698e-02 9.992449e-01 1.629323e+02
9.999814e-01 -1.852894e-03 5.813253e-03 1.727301e+00 1.631186e-03 9.992797e-01 3.791395e-02 6.963837e-01 -5.879316e-03 -3.790377e-02 9.992641e-01 1.641928e+02
9.999812e-01 -1.697257e-03 5.898774e-03 1.727356e+00 1.476633e-03 9.993065e-01 3.720668e-02 7.144941e-01 -5.957833e-03 -3.719727e-02 9.992902e-01 1.654393e+02
9.999923e-01 -1.760531e-03 3.526197e-03 1.724816e+00 1.626142e-03 9.992856e-01 3.775840e-02 7.357076e-01 -3.590153e-03 -3.775237e-02 9.992807e-01 1.667159e+02
9.999945e-01 -1.749735e-03 2.839553e-03 1.726247e+00 1.636695e-03 9.992248e-01 3.933465e-02 7.556437e-01 -2.906177e-03 -3.932979e-02 9.992220e-01 1.679660e+02
9.999946e-01 -1.595264e-03 2.868714e-03 1.728109e+00 1.478694e-03 9.991910e-01 4.018774e-02 7.766477e-01 -2.930504e-03 -4.018329e-02 9.991880e-01 1.692017e+02
9.999983e-01 -1.199861e-03 1.422779e-03 1.727948e+00 1.140418e-03 9.991556e-01 4.106935e-02 7.995879e-01 -1.470855e-03 -4.106766e-02 9.991553e-01 1.704612e+02
9.999984e-01 -1.175392e-03 1.375570e-03 1.726486e+00 1.117192e-03 9.991349e-01 4.157206e-02 8.221989e-01 -1.423243e-03 -4.157045e-02 9.991345e-01 1.716867e+02
9.999997e-01 -7.404613e-04 2.104599e-04 1.720180e+00 7.311542e-04 9.991494e-01 4.123131e-02 8.462313e-01 -2.408111e-04 -4.123114e-02 9.991496e-01 1.729462e+02
9.999964e-01 -4.790931e-04 -2.651910e-03 1.710094e+00 5.875613e-04 9.991568e-01 4.105346e-02 8.697534e-01 2.630006e-03 -4.105486e-02 9.991534e-01 1.741976e+02
9.999923e-01 -5.054827e-05 -3.937996e-03 1.705784e+00 2.201059e-04 9.990721e-01 4.306832e-02 8.949863e-01 3.932165e-03 -4.306886e-02 9.990644e-01 1.754208e+02
9.999886e-01 -4.726058e-04 -4.753652e-03 1.695737e+00 6.731674e-04 9.991056e-01 4.227835e-02 9.205344e-01 4.729419e-03 -4.228107e-02 9.990945e-01 1.766846e+02
9.999893e-01 -1.489640e-03 -4.369035e-03 1.688101e+00 1.667846e-03 9.991547e-01 4.107265e-02 9.450265e-01 4.304159e-03 -4.107950e-02 9.991466e-01 1.779405e+02
9.999802e-01 -4.569608e-03 -4.335234e-03 1.682429e+00 4.745245e-03 9.991311e-01 4.140784e-02 9.643419e-01 4.142249e-03 -4.142759e-02 9.991329e-01 1.791973e+02
9.999799e-01 -4.189133e-03 -4.756101e-03 1.675298e+00 4.397131e-03 9.989953e-01 4.459925e-02 9.959540e-01 4.564491e-03 -4.461927e-02 9.989936e-01 1.804529e+02
9.999750e-01 -5.443993e-03 -4.502068e-03 1.670602e+00 5.656936e-03 9.987963e-01 4.872315e-02 1.027207e+00 4.231401e-03 -4.874740e-02 9.988022e-01 1.817017e+02
9.999769e-01 -4.510111e-03 -5.075532e-03 1.663524e+00 4.753348e-03 9.987885e-01 4.897834e-02 1.056099e+00 4.848486e-03 -4.900134e-02 9.987869e-01 1.829488e+02
9.999890e-01 -2.559623e-03 -3.918469e-03 1.654786e+00 2.736222e-03 9.989493e-01 4.574719e-02 1.088495e+00 3.797256e-03 -4.575742e-02 9.989454e-01 1.841816e+02
9.999884e-01 -1.694584e-03 -4.497608e-03 1.645223e+00 1.890311e-03 9.990352e-01 4.387658e-02 1.115074e+00 4.418916e-03 -4.388458e-02 9.990268e-01 1.854206e+02
9.999886e-01 -2.260920e-03 -4.211760e-03 1.634788e+00 2.444552e-03 9.990234e-01 4.411743e-02 1.140854e+00 4.107901e-03 -4.412722e-02 9.990175e-01 1.866628e+02
9.999908e-01 -2.474635e-03 -3.496583e-03 1.627629e+00 2.631004e-03 9.989633e-01 4.544723e-02 1.168018e+00 3.380493e-03 -4.545602e-02 9.989606e-01 1.878985e+02
9.999897e-01 -2.526723e-03 -3.777741e-03 1.616753e+00 2.703150e-03 9.988700e-01 4.745005e-02 1.197626e+00 3.653579e-03 -4.745978e-02 9.988664e-01 1.891357e+02
9.999921e-01 -3.168412e-03 -2.397793e-03 1.611773e+00 3.281309e-03 9.988108e-01 4.864426e-02 1.223914e+00 2.240816e-03 -4.865174e-02 9.988133e-01 1.903587e+02
9.999945e-01 -3.059291e-03 -1.302517e-03 1.607918e+00 3.119003e-03 9.988125e-01 4.861956e-02 1.254814e+00 1.152229e-03 -4.862335e-02 9.988165e-01 1.915765e+02
9.999860e-01 -5.101049e-03 1.400818e-03 1.603796e+00 5.028007e-03 9.988368e-01 4.795645e-02 1.281177e+00 -1.643817e-03 -4.794874e-02 9.988484e-01 1.927995e+02
9.999833e-01 -4.800574e-03 3.229566e-03 1.602180e+00 4.644132e-03 9.988926e-01 4.681852e-02 1.311893e+00 -3.450745e-03 -4.680274e-02 9.988982e-01 1.940215e+02
9.999751e-01 -5.630874e-03 4.255871e-03 1.605308e+00 5.426527e-03 9.988993e-01 4.659071e-02 1.335366e+00 -4.513533e-03 -4.656646e-02 9.989050e-01 1.952329e+02
9.999695e-01 -4.894366e-03 6.089028e-03 1.609190e+00 4.597608e-03 9.988449e-01 4.783100e-02 1.361843e+00 -6.316097e-03 -4.780154e-02 9.988369e-01 1.964280e+02
9.999623e-01 -5.001195e-03 7.090534e-03 1.616017e+00 4.642373e-03 9.987509e-01 4.974934e-02 1.389919e+00 -7.330484e-03 -4.971455e-02 9.987366e-01 1.976394e+02
9.999561e-01 -4.275599e-03 8.338964e-03 1.621562e+00 3.847797e-03 9.987085e-01 5.065957e-02 1.417440e+00 -8.544795e-03 -5.062526e-02 9.986812e-01 1.988314e+02
9.999423e-01 -4.185800e-03 9.893039e-03 1.629030e+00 3.676667e-03 9.986953e-01 5.093310e-02 1.447834e+00 -1.009333e-02 -5.089379e-02 9.986531e-01 2.000236e+02
9.999352e-01 -3.554787e-03 1.081559e-02 1.636800e+00 2.992898e-03 9.986669e-01 5.153158e-02 1.477527e+00 -1.098435e-02 -5.149586e-02 9.986128e-01 2.012079e+02
9.999186e-01 -3.735830e-03 1.219474e-02 1.647199e+00 3.096219e-03 9.986395e-01 5.205364e-02 1.508371e+00 -1.237261e-02 -5.201165e-02 9.985698e-01 2.023942e+02
9.998873e-01 -3.691609e-03 1.455062e-02 1.657323e+00 2.904420e-03 9.985499e-01 5.375459e-02 1.539783e+00 -1.472797e-02 -5.370628e-02 9.984481e-01 2.035490e+02
9.998683e-01 -3.726099e-03 1.579193e-02 1.670671e+00 2.864011e-03 9.985224e-01 5.426563e-02 1.573419e+00 -1.597080e-02 -5.421326e-02 9.984016e-01 2.047010e+02
9.998453e-01 -4.937322e-03 1.688214e-02 1.688051e+00 4.007285e-03 9.984955e-01 5.468678e-02 1.603069e+00 -1.712674e-02 -5.461066e-02 9.983608e-01 2.058590e+02
9.998477e-01 -4.924900e-03 1.674230e-02 1.704845e+00 3.987177e-03 9.984458e-01 5.558828e-02 1.639012e+00 -1.699005e-02 -5.551306e-02 9.983134e-01 2.069982e+02
9.998440e-01 -5.337501e-03 1.684042e-02 1.720432e+00 4.371400e-03 9.983708e-01 5.689215e-02 1.670356e+00 -1.711665e-02 -5.680966e-02 9.982383e-01 2.081042e+02
9.998624e-01 -4.826697e-03 1.586934e-02 1.736897e+00 3.911626e-03 9.983553e-01 5.719651e-02 1.704966e+00 -1.611931e-02 -5.712656e-02 9.982368e-01 2.092063e+02
9.998693e-01 -4.541780e-03 1.551287e-02 1.751158e+00 3.655155e-03 9.983839e-01 5.671181e-02 1.735476e+00 -1.574538e-02 -5.664770e-02 9.982700e-01 2.103035e+02
9.998718e-01 -4.145202e-03 1.546516e-02 1.765978e+00 3.269346e-03 9.984122e-01 5.623563e-02 1.768948e+00 -1.567371e-02 -5.617785e-02 9.982978e-01 2.113799e+02
9.998895e-01 -4.306373e-03 1.423053e-02 1.778124e+00 3.496044e-03 9.983973e-01 5.648515e-02 1.801596e+00 -1.445097e-02 -5.642916e-02 9.983020e-01 2.124486e+02
9.998963e-01 -4.902708e-03 1.353868e-02 1.790490e+00 4.126775e-03 9.983795e-01 5.675707e-02 1.831824e+00 -1.379501e-02 -5.669532e-02 9.982962e-01 2.134950e+02
9.999191e-01 -4.969661e-03 1.170593e-02 1.802022e+00 4.287013e-03 9.983284e-01 5.763639e-02 1.865631e+00 -1.197279e-02 -5.758154e-02 9.982690e-01 2.145347e+02
9.999335e-01 -5.931074e-03 9.890352e-03 1.811826e+00 5.334448e-03 9.982262e-01 5.929616e-02 1.896670e+00 -1.022450e-02 -5.923945e-02 9.981914e-01 2.155565e+02
9.999507e-01 -5.601542e-03 8.198084e-03 1.817743e+00 5.089396e-03 9.981118e-01 6.121183e-02 1.931100e+00 -8.525485e-03 -6.116709e-02 9.980911e-01 2.165688e+02
9.999702e-01 -5.255984e-03 5.658708e-03 1.821406e+00 4.897145e-03 9.980851e-01 6.166090e-02 1.961936e+00 -5.971961e-03 -6.163136e-02 9.980811e-01 2.175605e+02
9.999838e-01 -4.762664e-03 3.127108e-03 1.816930e+00 4.560875e-03 9.980880e-01 6.164052e-02 1.996709e+00 -3.414702e-03 -6.162525e-02 9.980935e-01 2.185314e+02
9.999893e-01 -4.620600e-03 9.731093e-05 1.811881e+00 4.605636e-03 9.980587e-01 6.210911e-02 2.030127e+00 -3.841034e-04 -6.210800e-02 9.980693e-01 2.194934e+02
9.999876e-01 -4.176218e-03 -2.709664e-03 1.803950e+00 4.338666e-03 9.980035e-01 6.300884e-02 2.061876e+00 2.441116e-03 -6.301982e-02 9.980093e-01 2.204236e+02
9.999803e-01 -3.676205e-03 -5.083675e-03 1.796207e+00 3.990785e-03 9.979852e-01 6.332199e-02 2.091633e+00 4.840647e-03 -6.334103e-02 9.979802e-01 2.213268e+02
9.999573e-01 -3.604624e-03 -8.504238e-03 1.784508e+00 4.134294e-03 9.979979e-01 6.311091e-02 2.123644e+00 8.259721e-03 -6.314338e-02 9.979703e-01 2.222231e+02
9.999295e-01 -3.671750e-03 -1.129220e-02 1.772979e+00 4.375764e-03 9.980060e-01 6.296613e-02 2.151660e+00 1.103849e-02 -6.301110e-02 9.979518e-01 2.230847e+02
9.998872e-01 -2.599234e-03 -1.478998e-02 1.751710e+00 3.526628e-03 9.980055e-01 6.302784e-02 2.184269e+00 1.459666e-02 -6.307288e-02 9.979022e-01 2.239324e+02
9.998336e-01 -2.231493e-03 -1.810562e-02 1.729620e+00 3.364048e-03 9.980226e-01 6.276545e-02 2.209938e+00 1.792976e-02 -6.281592e-02 9.978641e-01 2.247588e+02
9.997978e-01 -6.477450e-04 -2.010044e-02 1.702381e+00 1.913316e-03 9.980112e-01 6.300718e-02 2.240715e+00 2.001966e-02 -6.303290e-02 9.978107e-01 2.255533e+02
9.997730e-01 6.275356e-05 -2.130415e-02 1.678305e+00 1.294033e-03 9.979704e-01 6.366674e-02 2.270541e+00 2.126490e-02 -6.367985e-02 9.977438e-01 2.263477e+02
9.997872e-01 -2.648158e-06 -2.062813e-02 1.659997e+00 1.339191e-03 9.978988e-01 6.477870e-02 2.298361e+00 2.058461e-02 -6.479254e-02 9.976864e-01 2.271133e+02
9.997900e-01 1.783099e-04 -2.049477e-02 1.643051e+00 1.169475e-03 9.978366e-01 6.573158e-02 2.327647e+00 2.046215e-02 -6.574174e-02 9.976268e-01 2.278742e+02
9.998001e-01 2.323219e-05 -1.999330e-02 1.626901e+00 1.290935e-03 9.978376e-01 6.571495e-02 2.354208e+00 1.995159e-02 -6.572763e-02 9.976381e-01 2.286091e+02
9.998187e-01 5.320332e-04 -1.903192e-02 1.609229e+00 6.898132e-04 9.979410e-01 6.413572e-02 2.381162e+00 1.902685e-02 -6.413723e-02 9.977597e-01 2.293355e+02
9.998323e-01 6.606390e-04 -1.829942e-02 1.593357e+00 4.796504e-04 9.980612e-01 6.223848e-02 2.407688e+00 1.830506e-02 -6.223682e-02 9.978935e-01 2.300677e+02
9.998614e-01 6.819267e-04 -1.663794e-02 1.580651e+00 3.369573e-04 9.981280e-01 6.115907e-02 2.433473e+00 1.664850e-02 -6.115619e-02 9.979894e-01 2.307945e+02
9.998813e-01 1.310904e-03 -1.535006e-02 1.566992e+00 -3.711195e-04 9.981336e-01 6.106701e-02 2.462161e+00 1.540146e-02 -6.105407e-02 9.980156e-01 2.315138e+02
9.999115e-01 7.902647e-04 -1.328010e-02 1.557792e+00 2.229892e-05 9.981332e-01 6.107532e-02 2.487892e+00 1.330357e-02 -6.107021e-02 9.980448e-01 2.322177e+02
9.999393e-01 6.084037e-04 -1.099876e-02 1.549572e+00 6.856301e-05 9.981105e-01 6.144445e-02 2.513595e+00 1.101536e-02 -6.144147e-02 9.980499e-01 2.329212e+02
9.999577e-01 6.698571e-04 -9.169814e-03 1.540963e+00 -1.039835e-04 9.981026e-01 6.157236e-02 2.540093e+00 9.193660e-03 -6.156880e-02 9.980605e-01 2.336257e+02
9.999772e-01 5.279636e-04 -6.740090e-03 1.531528e+00 -1.114113e-04 9.980976e-01 6.165355e-02 2.564157e+00 6.759818e-03 -6.165139e-02 9.980748e-01 2.343175e+02
9.999905e-01 9.178189e-04 -4.262588e-03 1.526541e+00 -6.492523e-04 9.980394e-01 6.258482e-02 2.590992e+00 4.311672e-03 -6.258145e-02 9.980305e-01 2.350063e+02
9.999993e-01 9.575908e-05 -1.133732e-03 1.528100e+00 -2.377135e-05 9.979929e-01 6.332675e-02 2.619644e+00 1.137520e-03 -6.332668e-02 9.979922e-01 2.356987e+02
9.999974e-01 -8.968796e-04 2.112570e-03 1.530728e+00 7.598242e-04 9.979492e-01 6.400645e-02 2.645564e+00 -2.165644e-03 -6.400467e-02 9.979473e-01 2.363852e+02
9.999874e-01 -1.141344e-03 4.896663e-03 1.535560e+00 8.240815e-04 9.979296e-01 6.431115e-02 2.672996e+00 -4.959926e-03 -6.430631e-02 9.979179e-01 2.370690e+02
9.999654e-01 -1.394339e-03 8.200692e-03 1.539576e+00 8.639491e-04 9.979284e-01 6.432763e-02 2.699903e+00 -8.273399e-03 -6.431831e-02 9.978951e-01 2.377508e+02
9.999392e-01 -1.421442e-03 1.093437e-02 1.545653e+00 7.139120e-04 9.979213e-01 6.444073e-02 2.728784e+00 -1.100324e-02 -6.442900e-02 9.978616e-01 2.384334e+02
9.999119e-01 -1.791047e-04 1.327311e-02 1.551491e+00 -6.778371e-04 9.979156e-01 6.452965e-02 2.756935e+00 -1.325700e-02 -6.453296e-02 9.978275e-01 2.391054e+02
9.998645e-01 5.719281e-05 1.646524e-02 1.558984e+00 -1.117557e-03 9.979237e-01 6.439816e-02 2.785071e+00 -1.642737e-02 -6.440783e-02 9.977884e-01 2.397804e+02
9.998198e-01 9.057886e-05 1.898562e-02 1.572125e+00 -1.334294e-03 9.978513e-01 6.550584e-02 2.814921e+00 -1.893890e-02 -6.551937e-02 9.976715e-01 2.404718e+02
9.997629e-01 5.725236e-04 2.176697e-02 1.584002e+00 -2.014103e-03 9.978001e-01 6.626374e-02 2.846961e+00 -2.168115e-02 -6.629187e-02 9.975647e-01 2.411603e+02
9.997005e-01 8.975226e-05 2.446938e-02 1.598979e+00 -1.727508e-03 9.977570e-01 6.691793e-02 2.877156e+00 -2.440849e-02 -6.694017e-02 9.974584e-01 2.418513e+02
9.996386e-01 7.531769e-05 2.688476e-02 1.617581e+00 -1.850097e-03 9.978182e-01 6.599556e-02 2.905913e+00 -2.682113e-02 -6.602144e-02 9.974577e-01 2.425437e+02
9.995947e-01 7.473487e-04 2.845727e-02 1.635725e+00 -2.558419e-03 9.979684e-01 6.365866e-02 2.936636e+00 -2.835188e-02 -6.370568e-02 9.975659e-01 2.432509e+02
9.995640e-01 1.270568e-05 2.952750e-02 1.656027e+00 -1.853995e-03 9.980537e-01 6.233192e-02 2.967615e+00 -2.946924e-02 -6.235949e-02 9.976186e-01 2.439566e+02
9.995298e-01 -6.503193e-06 3.066194e-02 1.674312e+00 -1.896399e-03 9.980724e-01 6.203125e-02 2.998166e+00 -3.060324e-02 -6.206023e-02 9.976031e-01 2.446685e+02
9.994738e-01 -1.280576e-03 3.241327e-02 1.691727e+00 -7.282674e-04 9.980828e-01 6.188838e-02 3.027395e+00 -3.243038e-02 -6.187942e-02 9.975566e-01 2.453795e+02
9.994602e-01 -6.279157e-04 3.284625e-02 1.708957e+00 -1.408682e-03 9.980786e-01 6.194409e-02 3.057061e+00 -3.282203e-02 -6.195693e-02 9.975390e-01 2.460952e+02
9.994516e-01 5.988148e-05 3.311246e-02 1.728608e+00 -2.104701e-03 9.980912e-01 6.172237e-02 3.091136e+00 -3.304555e-02 -6.175822e-02 9.975439e-01 2.468277e+02
9.994334e-01 -4.856989e-04 3.365544e-02 1.749939e+00 -1.580323e-03 9.981161e-01 6.133367e-02 3.122818e+00 -3.362182e-02 -6.135210e-02 9.975498e-01 2.475461e+02
9.994174e-01 -4.677100e-03 3.380772e-02 1.782489e+00 2.667202e-03 9.982394e-01 5.925327e-02 3.151030e+00 -3.402533e-02 -5.912858e-02 9.976704e-01 2.482938e+02
9.993947e-01 -6.791689e-03 3.412067e-02 1.814875e+00 4.786470e-03 9.982753e-01 5.851010e-02 3.180249e+00 -3.445921e-02 -5.831136e-02 9.977036e-01 2.490464e+02
9.993737e-01 -6.222248e-03 3.483341e-02 1.838927e+00 4.049475e-03 9.980615e-01 6.210265e-02 3.217594e+00 -3.515230e-02 -6.192270e-02 9.974617e-01 2.498126e+02
9.993787e-01 -1.533076e-03 3.521018e-02 1.859873e+00 -8.723342e-04 9.976714e-01 6.819899e-02 3.260590e+00 -3.523274e-02 -6.818734e-02 9.970502e-01 2.505770e+02
9.993413e-01 -3.104085e-03 3.615633e-02 1.885658e+00 4.967733e-04 9.974118e-01 7.189902e-02 3.296465e+00 -3.628593e-02 -7.183369e-02 9.967564e-01 2.513593e+02
9.992549e-01 -4.927935e-03 3.828124e-02 1.917128e+00 2.212343e-03 9.974981e-01 7.065891e-02 3.332865e+00 -3.853367e-02 -7.052157e-02 9.967657e-01 2.521425e+02
9.991125e-01 -2.459032e-03 4.204925e-02 1.947400e+00 -2.496585e-04 9.979312e-01 6.429084e-02 3.371775e+00 -4.212035e-02 -6.424428e-02 9.970449e-01 2.529353e+02
9.989267e-01 4.323461e-04 4.631735e-02 1.977814e+00 -3.226687e-03 9.981768e-01 6.027257e-02 3.412673e+00 -4.620684e-02 -6.035733e-02 9.971068e-01 2.537289e+02
9.987872e-01 1.775526e-03 4.920267e-02 2.014938e+00 -4.758306e-03 9.981525e-01 6.057171e-02 3.448734e+00 -4.900422e-02 -6.073238e-02 9.969504e-01 2.545367e+02
9.986275e-01 6.814072e-04 5.237079e-02 2.058857e+00 -3.987716e-03 9.980021e-01 6.305417e-02 3.483614e+00 -5.222320e-02 -6.317646e-02 9.966351e-01 2.553576e+02
9.984573e-01 -2.819933e-03 5.545370e-02 2.107538e+00 -8.662904e-04 9.977968e-01 6.633776e-02 3.519254e+00 -5.551859e-02 -6.628346e-02 9.962551e-01 2.561812e+02
9.982983e-01 -5.044084e-03 5.809595e-02 2.159779e+00 1.066034e-03 9.976641e-01 6.830221e-02 3.556314e+00 -5.830477e-02 -6.812405e-02 9.959717e-01 2.570098e+02
9.980890e-01 -5.152585e-03 6.157837e-02 2.208816e+00 8.846465e-04 9.976068e-01 6.913626e-02 3.594473e+00 -6.178723e-02 -6.894967e-02 9.957049e-01 2.578185e+02
9.979836e-01 -2.532508e-03 6.342221e-02 2.256563e+00 -1.736258e-03 9.977406e-01 6.716169e-02 3.635783e+00 -6.344900e-02 -6.713638e-02 9.957243e-01 2.586587e+02
9.978471e-01 -1.585376e-03 6.556349e-02 2.308989e+00 -2.682280e-03 9.978848e-01 6.495274e-02 3.675355e+00 -6.552778e-02 -6.498877e-02 9.957322e-01 2.595022e+02
9.976590e-01 -1.170222e-03 6.837479e-02 2.362146e+00 -3.284633e-03 9.978796e-01 6.500472e-02 3.716048e+00 -6.830587e-02 -6.507713e-02 9.955397e-01 2.603295e+02
9.974679e-01 -7.662383e-04 7.111428e-02 2.417737e+00 -4.009835e-03 9.977453e-01 6.699347e-02 3.756056e+00 -7.100528e-02 -6.710899e-02 9.952159e-01 2.611602e+02
9.972136e-01 -3.083565e-04 7.459876e-02 2.473983e+00 -4.836942e-03 9.976199e-01 6.878247e-02 3.795474e+00 -7.444242e-02 -6.895164e-02 9.948387e-01 2.619891e+02
9.969991e-01 4.969959e-04 7.741077e-02 2.532505e+00 -5.862788e-03 9.975922e-01 6.910402e-02 3.833570e+00 -7.719004e-02 -6.935050e-02 9.946015e-01 2.628007e+02
9.967433e-01 5.883318e-04 8.063755e-02 2.593560e+00 -6.189892e-03 9.975813e-01 6.923356e-02 3.871743e+00 -8.040179e-02 -6.950722e-02 9.943361e-01 2.636031e+02
9.966428e-01 7.091630e-04 8.186948e-02 2.662698e+00 -6.449799e-03 9.975348e-01 6.987623e-02 3.906822e+00 -8.161810e-02 -7.016968e-02 9.941905e-01 2.644247e+02
9.964855e-01 -2.045263e-03 8.373994e-02 2.734403e+00 -3.897035e-03 9.974874e-01 7.073642e-02 3.947006e+00 -8.367421e-02 -7.081416e-02 9.939739e-01 2.652488e+02
9.963709e-01 -3.483534e-03 8.504646e-02 2.804812e+00 -2.609086e-03 9.974427e-01 7.142264e-02 3.986354e+00 -8.507778e-02 -7.138533e-02 9.938138e-01 2.660694e+02
9.963189e-01 -3.900746e-03 8.563603e-02 2.875308e+00 -2.272710e-03 9.974111e-01 7.187386e-02 4.027936e+00 -8.569469e-02 -7.180391e-02 9.937307e-01 2.668882e+02
9.962649e-01 -3.925453e-03 8.626021e-02 2.944271e+00 -2.351810e-03 9.973621e-01 7.254936e-02 4.071394e+00 -8.631745e-02 -7.248124e-02 9.936276e-01 2.677027e+02
9.962441e-01 -3.839490e-03 8.650434e-02 3.012382e+00 -2.535638e-03 9.972944e-01 7.346704e-02 4.115669e+00 -8.655237e-02 -7.341044e-02 9.935389e-01 2.685237e+02
9.962817e-01 -3.525342e-03 8.608264e-02 3.080893e+00 -2.902559e-03 9.972218e-01 7.443215e-02 4.159585e+00 -8.610588e-02 -7.440525e-02 9.935037e-01 2.693447e+02
