1.000000e+00 0.000000e+00 0.000000e+00 0.000000e+00 0.000000e+00 1.000000e+00 0.000000e+00 0.000000e+00 0.000000e+00 0.000000e+00 1.000000e+00 0.000000e+00
9.999782e-01 1.866227e-03 6.335501e-03 1.265220e-02 -1.861623e-03 9.999980e-01 -7.326436e-04 1.581476e-02 -6.336856e-03 7.208333e-04 9.999797e-01 -5.968026e-02
9.999998e-01 -3.671330e-04 -4.447779e-04 8.444811e-03 3.669552e-04 9.999999e-01 -3.996381e-04 8.691385e-03 4.449245e-04 3.994748e-04 9.999998e-01 1.289987e-02
9.999757e-01 -1.501034e-03 -6.812882e-03 1.632925e-03 1.492223e-03 9.999980e-01 -1.298251e-03 1.413749e-02 6.814817e-03 1.288054e-03 9.999759e-01 9.945820e-02
9.999080e-01 2.981087e-04 -1.356224e-02 -2.341373e-02 -3.319885e-04 9.999968e-01 -2.495911e-03 4.602481e-03 1.356145e-02 2.500184e-03 9.999049e-01 1.910731e-01
9.997567e-01 1.132988e-03 -2.202754e-02 -5.457754e-02 -1.178714e-03 9.999972e-01 -2.062980e-03 3.639602e-03 2.202514e-02 2.088442e-03 9.997553e-01 2.863251e-01
9.994549e-01 1.282446e-03 -3.298973e-02 -8.049986e-02 -1.382435e-03 9.999945e-01 -3.008285e-03 -2.464438e-02 3.298569e-02 3.052251e-03 9.994512e-01 3.952024e-01
9.989343e-01 1.065758e-03 -4.614282e-02 -1.033385e-01 -1.277157e-03 9.999888e-01 -4.552152e-03 3.544070e-03 4.613745e-02 4.606232e-03 9.989245e-01 5.284293e-01
9.980444e-01 1.157633e-03 -6.249888e-02 -1.258759e-01 -1.404697e-03 9.999914e-01 -3.909299e-03 -4.921466e-03 6.249382e-02 3.989446e-03 9.980374e-01 6.562644e-01
9.967148e-01 -1.340765e-03 -8.097978e-02 -1.637069e-01 9.253870e-04 9.999862e-01 -5.166716e-03 1.629633e-02 8.098559e-02 5.074806e-03 9.967024e-01 8.022715e-01
9.948921e-01 -2.175316e-03 -1.009204e-01 -1.966556e-01 1.660325e-03 9.999852e-01 -5.186658e-03 6.473532e-03 1.009302e-01 4.992604e-03 9.948810e-01 9.690955e-01
9.923274e-01 -2.168278e-03 -1.236189e-01 -2.290801e-01 1.416527e-03 9.999800e-01 -6.168763e-03 1.412040e-02 1.236298e-01 5.946323e-03 9.923106e-01 1.124563e+00
9.889743e-01 3.707553e-03 -1.480410e-01 -2.752178e-01 -4.933370e-03 9.999565e-01 -7.913918e-03 2.180187e-02 1.480052e-01 8.557002e-03 9.889495e-01 1.305557e+00
9.848335e-01 8.958942e-03 -1.732705e-01 -3.365903e-01 -1.087831e-02 9.998895e-01 -1.013082e-02 2.405035e-02 1.731606e-01 1.186206e-02 9.848222e-01 1.464605e+00
9.795589e-01 1.179803e-02 -2.008114e-01 -3.846068e-01 -1.502353e-02 9.997813e-01 -1.454592e-02 5.743091e-02 2.005959e-01 1.726548e-02 9.795219e-01 1.622193e+00
9.729566e-01 1.141503e-02 -2.307058e-01 -4.516771e-01 -1.560572e-02 9.997446e-01 -1.634795e-02 6.935766e-02 2.304602e-01 1.950618e-02 9.728862e-01 1.773768e+00
9.647449e-01 1.383588e-02 -2.628230e-01 -5.060002e-01 -1.925110e-02 9.996519e-01 -1.804001e-02 1.088469e-01 2.624820e-01 2.246364e-02 9.646754e-01 1.953225e+00
9.548137e-01 1.585671e-02 -2.967816e-01 -5.455872e-01 -2.306842e-02 9.995172e-01 -2.081325e-02 1.615051e-01 2.963082e-01 2.671906e-02 9.547185e-01 2.149199e+00
9.431883e-01 1.274909e-02 -3.320139e-01 -6.287504e-01 -2.187348e-02 9.994784e-01 -2.375915e-02 1.990439e-01 3.315378e-01 2.967165e-02 9.429752e-01 2.341177e+00
9.303308e-01 1.918086e-02 -3.662195e-01 -7.116441e-01 -2.969981e-02 9.992917e-01 -2.311013e-02 1.890232e-01 3.655168e-01 3.237672e-02 9.302415e-01 2.581769e+00
9.172064e-01 2.501073e-02 -3.976265e-01 -8.587822e-01 -3.712265e-02 9.990508e-01 -2.279058e-02 1.939443e-01 3.966791e-01 3.566462e-02 9.172643e-01 2.773890e+00
9.025777e-01 2.807354e-02 -4.296107e-01 -1.009566e+00 -4.111431e-02 9.989316e-01 -2.110125e-02 1.950495e-01 4.285593e-01 3.670866e-02 9.027677e-01 2.959958e+00
8.858708e-01 2.829546e-02 -4.630683e-01 -1.190071e+00 -4.300807e-02 9.988489e-01 -2.124245e-02 1.974048e-01 4.619342e-01 3.873374e-02 8.860680e-01 3.141664e+00
8.674808e-01 2.578166e-02 -4.968022e-01 -1.381445e+00 -4.089838e-02 9.989716e-01 -1.957199e-02 1.774490e-01 4.957867e-01 3.729673e-02 8.676431e-01 3.323876e+00
8.456244e-01 2.660148e-02 -5.331150e-01 -1.543894e+00 -4.362117e-02 9.988607e-01 -1.935034e-02 1.790772e-01 5.319929e-01 3.961822e-02 8.458215e-01 3.499235e+00
8.194834e-01 2.602437e-02 -5.725118e-01 -1.734383e+00 -4.215335e-02 9.989997e-01 -1.492656e-02 1.847925e-01 5.715506e-01 3.636536e-02 8.197606e-01 3.689277e+00
7.900972e-01 3.504569e-02 -6.119788e-01 -1.948268e+00 -5.116386e-02 9.986509e-01 -8.866338e-03 1.622871e-01 6.108425e-01 3.831647e-02 7.908244e-01 3.854213e+00
7.570894e-01 3.317921e-02 -6.524682e-01 -2.178707e+00 -5.037948e-02 9.987007e-01 -7.671894e-03 1.664067e-01 6.513659e-01 3.867931e-02 7.577773e-01 4.014850e+00
7.208560e-01 2.865804e-02 -6.924922e-01 -2.421937e+00 -4.717046e-02 9.988567e-01 -7.765912e-03 1.869436e-01 6.914779e-01 3.826328e-02 7.213836e-01 4.161556e+00
6.811106e-01 2.570385e-02 -7.317292e-01 -2.676314e+00 -4.396240e-02 9.990162e-01 -5.828254e-03 1.833909e-01 7.308595e-01 3.613826e-02 6.815705e-01 4.309793e+00
6.397724e-01 2.646536e-02 -7.681087e-01 -2.964285e+00 -4.427420e-02 9.990164e-01 -2.455482e-03 1.886874e-01 7.672881e-01 3.557834e-02 6.403148e-01 4.450037e+00
5.957282e-01 2.766225e-02 -8.027096e-01 -3.258618e+00 -4.610719e-02 9.989365e-01 2.061538e-04 2.052458e-01 8.018616e-01 3.688787e-02 5.963700e-01 4.576826e+00
5.483115e-01 3.048536e-02 -8.357184e-01 -3.564005e+00 -5.109403e-02 9.986896e-01 2.907636e-03 2.327412e-01 8.347119e-01 4.110593e-02 5.491506e-01 4.698293e+00
4.975253e-01 3.085813e-02 -8.669004e-01 -3.887176e+00 -5.394796e-02 9.985332e-01 4.582294e-03 2.625927e-01 8.657703e-01 4.448770e-02 4.984602e-01 4.816029e+00
4.447769e-01 3.396066e-02 -8.949974e-01 -4.223659e+00 -5.534820e-02 9.984131e-01 1.037898e-02 2.763263e-01 8.939297e-01 4.492015e-02 4.459507e-01 4.924109e+00
3.906271e-01 3.743513e-02 -9.197875e-01 -4.596854e+00 -5.562307e-02 9.983070e-01 1.700813e-02 2.717579e-01 9.188670e-01 4.451757e-02 3.920480e-01 5.016195e+00
3.364020e-01 3.887659e-02 -9.409157e-01 -4.975425e+00 -5.434400e-02 9.982839e-01 2.181751e-02 2.985021e-01 9.401492e-01 4.379367e-02 3.379374e-01 5.098949e+00
2.837702e-01 4.294202e-02 -9.579303e-01 -5.354798e+00 -4.946286e-02 9.983223e-01 3.010020e-02 2.816398e-01 9.576157e-01 3.884044e-02 2.854182e-01 5.160898e+00
2.324660e-01 4.126925e-02 -9.717286e-01 -5.748048e+00 -4.198389e-02 9.985939e-01 3.236644e-02 3.056392e-01 9.716980e-01 3.327284e-02 2.338718e-01 5.227067e+00
1.860003e-01 4.643680e-02 -9.814518e-01 -6.194710e+00 -4.486042e-02 9.982423e-01 3.872948e-02 2.865078e-01 9.815251e-01 3.682464e-02 1.877565e-01 5.254322e+00
1.436245e-01 4.413582e-02 -9.886476e-01 -6.617213e+00 -4.717603e-02 9.981746e-01 3.770769e-02 3.323573e-01 9.885072e-01 4.122471e-02 1.454446e-01 5.274312e+00
1.061200e-01 4.279024e-02 -9.934322e-01 -7.010207e+00 -4.788107e-02 9.981346e-01 3.787805e-02 3.504207e-01 9.931999e-01 4.354697e-02 1.079709e-01 5.282909e+00
7.012784e-02 4.095640e-02 -9.966969e-01 -7.349364e+00 -4.006111e-02 9.984664e-01 3.821040e-02 3.559411e-01 9.967333e-01 3.724917e-02 7.166106e-02 5.311644e+00
3.671610e-02 3.750849e-02 -9.986215e-01 -7.680418e+00 -3.201564e-02 9.988266e-01 3.633907e-02 3.800264e-01 9.988127e-01 3.063728e-02 3.787386e-02 5.340229e+00
9.616375e-03 3.495068e-02 -9.993429e-01 -8.075025e+00 -3.236368e-02 9.988763e-01 3.462293e-02 3.985626e-01 9.994300e-01 3.200946e-02 1.073670e-02 5.322299e+00
-1.188135e-02 3.176205e-02 -9.994249e-01 -8.534952e+00 -3.375690e-02 9.989129e-01 3.214709e-02 4.362197e-01 9.993595e-01 3.411944e-02 -1.079619e-02 5.303401e+00
-2.943730e-02 2.760990e-02 -9.991854e-01 -8.938738e+00 -2.446305e-02 9.992991e-01 2.833376e-02 5.155312e-01 9.992674e-01 2.527718e-02 -2.874124e-02 5.297959e+00
-4.283273e-02 2.665027e-02 -9.987268e-01 -9.016816e+00 -1.832176e-02 9.994551e-01 2.745548e-02 5.461135e-01 9.989143e-01 1.947443e-02 -4.232121e-02 5.302055e+00
-5.276942e-02 2.646062e-02 -9.982562e-01 -9.040859e+00 -1.985823e-02 9.994234e-01 2.754130e-02 5.619361e-01 9.984094e-01 2.127693e-02 -5.221355e-02 5.299216e+00
-5.698752e-02 2.963413e-02 -9.979352e-01 -9.064894e+00 -3.806906e-02 9.987680e-01 3.183280e-02 5.040455e-01 9.976490e-01 3.980451e-02 -5.578911e-02 5.226184e+00
-6.026053e-02 2.871563e-02 -9.977696e-01 -9.152444e+00 -5.131432e-02 9.981753e-01 3.182645e-02 5.040973e-01 9.968629e-01 5.311774e-02 -5.867708e-02 5.191001e+00
-6.154978e-02 2.662199e-02 -9.977489e-01 -9.213460e+00 -3.320476e-02 9.990363e-01 2.870470e-02 5.729938e-01 9.975515e-01 3.489678e-02 -6.060648e-02 5.170708e+00
-5.920184e-02 2.759637e-02 -9.978645e-01 -9.377710e+00 -3.667093e-02 9.988829e-01 2.980016e-02 5.786604e-01 9.975722e-01 3.835685e-02 -5.812371e-02 5.144771e+00
-5.643570e-02 2.946745e-02 -9.979714e-01 -9.702176e+00 -3.442300e-02 9.989126e-01 3.144187e-02 6.054041e-01 9.978128e-01 3.612760e-02 -5.535996e-02 5.096742e+00
-5.271399e-02 2.352431e-02 -9.983326e-01 -1.009430e+01 -3.631725e-02 9.990160e-01 2.545804e-02 6.762239e-01 9.979491e-01 3.759868e-02 -5.180776e-02 5.036833e+00
-4.938900e-02 2.035957e-02 -9.985721e-01 -1.060067e+01 -3.999787e-02 9.989499e-01 2.234555e-02 6.948923e-01 9.979784e-01 4.104438e-02 -4.852271e-02 4.973491e+00
-4.623234e-02 1.803380e-02 -9.987680e-01 -1.099270e+01 -3.480587e-02 9.992008e-01 1.965276e-02 7.465662e-01 9.983242e-01 3.567158e-02 -4.556763e-02 4.925503e+00
-4.411244e-02 1.412145e-02 -9.989268e-01 -1.143650e+01 -3.404768e-02 9.992980e-01 1.563023e-02 8.349169e-01 9.984462e-01 3.470062e-02 -4.360068e-02 4.905823e+00
-4.108691e-02 1.319921e-02 -9.990686e-01 -1.201685e+01 -3.303849e-02 9.993480e-01 1.456161e-02 8.951876e-01 9.986094e-01 3.360601e-02 -4.062402e-02 4.863721e+00
-3.708792e-02 1.154178e-02 -9.992454e-01 -1.256311e+01 -3.320381e-02 9.993669e-01 1.277558e-02 9.482973e-01 9.987603e-01 3.365258e-02 -3.668118e-02 4.813948e+00
-3.171134e-02 8.234981e-03 -9.994632e-01 -1.321187e+01 -3.818195e-02 9.992262e-01 9.444481e-03 1.001044e+00 9.987676e-01 3.846095e-02 -3.137243e-02 4.721544e+00
-2.759671e-02 4.724656e-05 -9.996192e-01 -1.378885e+01 -3.968638e-02 9.992115e-01 1.142857e-03 1.071910e+00 9.988311e-01 3.970281e-02 -2.757311e-02 4.659707e+00
-2.479875e-02 -5.668054e-03 -9.996764e-01 -1.442419e+01 -4.190359e-02 9.991109e-01 -4.625355e-03 1.127983e+00 9.988139e-01 4.177533e-02 -2.501428e-02 4.622657e+00
-2.118504e-02 -6.782805e-03 -9.997527e-01 -1.493993e+01 -4.166638e-02 9.991142e-01 -5.895557e-03 1.164267e+00 9.989071e-01 4.153118e-02 -2.144885e-02 4.576737e+00
-1.859951e-02 -5.422242e-03 -9.998123e-01 -1.544483e+01 -4.221018e-02 9.990980e-01 -4.633134e-03 1.172099e+00 9.989356e-01 4.211608e-02 -1.881158e-02 4.554186e+00
-1.563358e-02 -1.043786e-02 -9.998233e-01 -1.612130e+01 -4.274533e-02 9.990383e-01 -9.761282e-03 1.247184e+00 9.989637e-01 4.258517e-02 -1.606476e-02 4.498824e+00
-1.356494e-02 -2.419159e-02 -9.996153e-01 -1.680058e+01 -4.418508e-02 9.987453e-01 -2.357093e-02 1.333505e+00 9.989312e-01 4.384835e-02 -1.461685e-02 4.458933e+00
-1.243758e-02 -3.442043e-02 -9.993302e-01 -1.737855e+01 -4.345543e-02 9.984818e-01 -3.385038e-02 1.354880e+00 9.989781e-01 4.300531e-02 -1.391447e-02 4.431197e+00
-1.446545e-02 -4.144980e-02 -9.990359e-01 -1.784927e+01 -3.581089e-02 9.985209e-01 -4.090991e-02 1.362946e+00 9.992539e-01 3.518459e-02 -1.592839e-02 4.450148e+00
-1.473594e-02 -4.419735e-02 -9.989142e-01 -1.832914e+01 -3.032037e-02 9.985830e-01 -4.373541e-02 1.386752e+00 9.994316e-01 2.964297e-02 -1.605523e-02 4.416446e+00
-1.564372e-02 -3.803170e-02 -9.991543e-01 -1.846384e+01 -2.848068e-02 9.988878e-01 -3.757565e-02 1.391604e+00 9.994721e-01 2.786877e-02 -1.670945e-02 4.411535e+00
-1.677811e-02 -3.199506e-02 -9.993473e-01 -1.863115e+01 -3.028427e-02 9.990456e-01 -3.147696e-02 1.391454e+00 9.994006e-01 2.973638e-02 -1.773107e-02 4.425843e+00
-1.809120e-02 -2.805072e-02 -9.994428e-01 -1.888737e+01 -2.723626e-02 9.992492e-01 -2.755228e-02 1.396868e+00 9.994653e-01 2.672263e-02 -1.884162e-02 4.423557e+00
-1.838040e-02 -3.039432e-02 -9.993691e-01 -1.954188e+01 -2.620220e-02 9.992092e-01 -2.990755e-02 1.402983e+00 9.994878e-01 2.563596e-02 -1.916218e-02 4.377122e+00
-1.938689e-02 -3.293158e-02 -9.992697e-01 -2.024004e+01 -2.764660e-02 9.990929e-01 -3.238938e-02 1.358135e+00 9.994299e-01 2.699848e-02 -2.027977e-02 4.379062e+00
-1.620865e-02 -3.774991e-02 -9.991558e-01 -2.093010e+01 -3.860410e-02 9.985656e-01 -3.710137e-02 1.333393e+00 9.991232e-01 3.797014e-02 -1.764262e-02 4.325948e+00
-1.536155e-02 -3.713088e-02 -9.991922e-01 -2.169807e+01 -4.169378e-02 9.984649e-01 -3.646284e-02 1.301941e+00 9.990123e-01 4.109998e-02 -1.688612e-02 4.301189e+00
-1.458156e-02 -3.384181e-02 -9.993208e-01 -2.242797e+01 -4.434140e-02 9.984658e-01 -3.316584e-02 1.240569e+00 9.989100e-01 4.382767e-02 -1.605976e-02 4.280632e+00
-1.608121e-02 -3.630202e-02 -9.992115e-01 -2.324706e+01 -4.641255e-02 9.982906e-01 -3.552160e-02 1.204530e+00 9.987929e-01 4.580472e-02 -1.773858e-02 4.306474e+00
-1.430631e-02 -4.515778e-02 -9.988774e-01 -2.403352e+01 -5.173256e-02 9.976752e-01 -4.436249e-02 1.207123e+00 9.985585e-01 5.103982e-02 -1.660919e-02 4.271556e+00
-1.402044e-02 -4.692816e-02 -9.987999e-01 -2.488134e+01 -5.478136e-02 9.974338e-01 -4.609500e-02 1.130973e+00 9.983999e-01 5.406934e-02 -1.655519e-02 4.246868e+00
-1.123464e-02 -4.694467e-02 -9.988343e-01 -2.534935e+01 -6.080687e-02 9.970808e-01 -4.617832e-02 1.106006e+00 9.980863e-01 6.021720e-02 -1.405632e-02 4.167939e+00
-1.212156e-02 -4.278444e-02 -9.990108e-01 -2.609563e+01 -5.503621e-02 9.975983e-01 -4.205616e-02 1.034657e+00 9.984108e-01 5.447198e-02 -1.444721e-02 4.148536e+00
-1.368368e-02 -3.726783e-02 -9.992117e-01 -2.641791e+01 -5.145791e-02 9.980072e-01 -3.651822e-02 1.008022e+00 9.985815e-01 5.091764e-02 -1.557410e-02 4.186293e+00
-1.401448e-02 -3.260382e-02 -9.993701e-01 -2.722163e+01 -4.908039e-02 9.982859e-01 -3.188018e-02 9.771910e-01 9.986965e-01 4.860269e-02 -1.559067e-02 4.188545e+00
-1.458180e-02 -3.101077e-02 -9.994127e-01 -2.741101e+01 -4.941588e-02 9.983199e-01 -3.025587e-02 9.874424e-01 9.986718e-01 4.894567e-02 -1.608968e-02 4.190436e+00
-1.530778e-02 -3.193750e-02 -9.993727e-01 -2.768736e+01 -4.973374e-02 9.982769e-01 -3.114069e-02 9.889637e-01 9.986452e-01 4.922585e-02 -1.686978e-02 4.188610e+00
-1.636934e-02 -3.873960e-02 -9.991153e-01 -2.783329e+01 -4.459303e-02 9.982831e-01 -3.797673e-02 1.014634e+00 9.988711e-01 4.393192e-02 -1.806879e-02 4.213000e+00
-1.617825e-02 -4.407866e-02 -9.988971e-01 -2.802640e+01 -3.985522e-02 9.982623e-01 -4.340515e-02 1.035907e+00 9.990745e-01 3.910905e-02 -1.790690e-02 4.174563e+00
-1.442730e-02 -5.150877e-02 -9.985684e-01 -2.855082e+01 -4.043821e-02 9.978853e-01 -5.088928e-02 1.063639e+00 9.990779e-01 3.964612e-02 -1.647973e-02 4.073327e+00
-1.426041e-02 -5.142139e-02 -9.985752e-01 -2.866338e+01 -4.438318e-02 9.977250e-01 -5.074378e-02 1.044884e+00 9.989128e-01 4.359632e-02 -1.651013e-02 4.044412e+00
-1.596618e-02 -5.895309e-02 -9.981332e-01 -2.889503e+01 -3.709804e-02 9.976079e-01 -5.832865e-02 1.100478e+00 9.991843e-01 3.609751e-02 -1.811504e-02 4.046313e+00
-1.745021e-02 -6.698301e-02 -9.976014e-01 -2.932206e+01 -2.980122e-02 9.973450e-01 -6.644449e-02 1.118623e+00 9.994035e-01 2.857027e-02 -1.940000e-02 4.011701e+00
-1.788986e-02 -6.817961e-02 -9.975126e-01 -2.958752e+01 -2.090957e-02 9.974796e-01 -6.780235e-02 1.101209e+00 9.996213e-01 1.964458e-02 -1.927030e-02 3.942620e+00
-1.672173e-02 -7.239225e-02 -9.972361e-01 -3.018054e+01 -2.300872e-02 9.971393e-01 -7.199942e-02 1.135380e+00 9.995954e-01 2.174117e-02 -1.833951e-02 3.865322e+00
-1.650846e-02 -7.043013e-02 -9.973801e-01 -3.071629e+01 -1.832840e-02 9.973698e-01 -7.012603e-02 1.136640e+00 9.996957e-01 1.712271e-02 -1.775587e-02 3.806454e+00
-1.717997e-02 -6.827645e-02 -9.975185e-01 -3.121815e+01 -1.510988e-02 9.975696e-01 -6.801970e-02 1.111852e+00 9.997382e-01 1.390380e-02 -1.816988e-02 3.743802e+00
-1.643276e-02 -7.210016e-02 -9.972621e-01 -3.184194e+01 -1.623713e-02 9.972844e-01 -7.183423e-02 1.095003e+00 9.997332e-01 1.501224e-02 -1.755881e-02 3.689322e+00
-1.735532e-02 -7.717022e-02 -9.968669e-01 -3.244384e+01 -1.726091e-02 9.968916e-01 -7.687162e-02 1.051149e+00 9.997004e-01 1.587270e-02 -1.863337e-02 3.680871e+00
-1.777637e-02 -8.322985e-02 -9.963719e-01 -3.316097e+01 -2.225469e-02 9.963153e-01 -8.282810e-02 1.015646e+00 9.995944e-01 2.070157e-02 -1.956320e-02 3.649514e+00
-1.954818e-02 -8.386072e-02 -9.962858e-01 -3.389892e+01 -2.563222e-02 9.961907e-01 -8.334979e-02 9.432955e-01 9.994804e-01 2.390768e-02 -2.162325e-02 3.623565e+00
-2.130687e-02 -8.450249e-02 -9.961955e-01 -3.466751e+01 -2.424752e-02 9.961722e-01 -8.398191e-02 8.898389e-01 9.994789e-01 2.236588e-02 -2.327430e-02 3.602605e+00
-2.227509e-02 -8.500805e-02 -9.961312e-01 -3.542766e+01 -2.502032e-02 9.961138e-01 -8.444706e-02 8.388289e-01 9.994387e-01 2.304245e-02 -2.431548e-02 3.577094e+00
-2.416921e-02 -8.807012e-02 -9.958211e-01 -3.611740e+01 -2.498687e-02 9.958540e-01 -8.746660e-02 8.067003e-01 9.993956e-01 2.276845e-02 -2.626956e-02 3.550649e+00
-2.691686e-02 -9.266610e-02 -9.953334e-01 -3.667946e+01 -1.450111e-02 9.956256e-01 -9.230115e-02 8.127918e-01 9.995325e-01 1.194898e-02 -2.814281e-02 3.521291e+00
-2.844989e-02 -9.315455e-02 -9.952452e-01 -3.721836e+01 -1.006727e-02 9.956244e-01 -9.290226e-02 7.857310e-01 9.995446e-01 7.376362e-03 -2.926314e-02 3.505670e+00
-3.168213e-02 -9.099186e-02 -9.953476e-01 -3.735930e+01 2.068867e-03 9.958394e-01 -9.110267e-02 7.816150e-01 9.994959e-01 -4.945579e-03 -3.136218e-02 3.465144e+00
-3.140974e-02 -8.721471e-02 -9.956942e-01 -3.811367e+01 9.139548e-04 9.961829e-01 -8.728634e-02 7.026190e-01 9.995062e-01 -3.651659e-03 -3.121006e-02 3.432421e+00
-3.270805e-02 -8.643209e-02 -9.957207e-01 -3.878891e+01 3.278256e-03 9.962391e-01 -8.658478e-02 6.472635e-01 9.994596e-01 -6.096243e-03 -3.230166e-02 3.412117e+00
-3.341007e-02 -8.829343e-02 -9.955341e-01 -3.940707e+01 2.904514e-03 9.960774e-01 -8.843909e-02 5.993355e-01 9.994376e-01 -5.846287e-03 -3.302252e-02 3.391659e+00
-3.317356e-02 -9.359238e-02 -9.950578e-01 -3.993202e+01 6.794081e-03 9.955617e-01 -9.386628e-02 5.995440e-01 9.994265e-01 -9.874389e-03 -3.239048e-02 3.326713e+00
-3.546023e-02 -9.815972e-02 -9.945387e-01 -4.006718e+01 8.182393e-03 9.951027e-01 -9.850713e-02 6.043308e-01 9.993376e-01 -1.163078e-02 -3.448343e-02 3.330761e+00
-3.649902e-02 -1.037006e-01 -9.939387e-01 -4.025146e+01 1.054133e-02 9.945061e-01 -1.041469e-01 6.363355e-01 9.992781e-01 -1.427869e-02 -3.520536e-02 3.288322e+00
-3.705049e-02 -1.091867e-01 -9.933305e-01 -4.086648e+01 1.406418e-02 9.938576e-01 -1.097692e-01 6.191659e-01 9.992144e-01 -1.803737e-02 -3.528726e-02 3.262121e+00
-3.472900e-02 -1.103793e-01 -9.932827e-01 -4.114402e+01 1.143780e-02 9.937732e-01 -1.108337e-01 5.705813e-01 9.993315e-01 -1.521009e-02 -3.325021e-02 3.259763e+00
-3.050983e-02 -1.100197e-01 -9.934611e-01 -4.179437e+01 1.318332e-02 9.937930e-01 -1.104613e-01 4.905564e-01 9.994475e-01 -1.646728e-02 -2.886999e-02 3.220739e+00
-2.285016e-02 -1.097808e-01 -9.936933e-01 -4.230762e+01 1.479579e-02 9.938067e-01 -1.101336e-01 4.395688e-01 9.996296e-01 -1.721903e-02 -2.108431e-02 3.169557e+00
-1.469398e-02 -1.101334e-01 -9.938082e-01 -4.292408e+01 1.596446e-02 9.937630e-01 -1.103644e-01 3.811268e-01 9.997646e-01 -1.748730e-02 -1.284409e-02 3.144095e+00
-3.765345e-03 -1.106196e-01 -9.938557e-01 -4.350362e+01 1.241614e-02 9.937810e-01 -1.106584e-01 3.234774e-01 9.999159e-01 -1.275651e-02 -2.368450e-03 3.119928e+00
8.590758e-03 -1.085035e-01 -9.940590e-01 -4.412709e+01 1.008474e-02 9.940545e-01 -1.084158e-01 2.420769e-01 9.999123e-01 -9.093454e-03 9.633899e-03 3.118230e+00
2.382618e-02 -1.066342e-01 -9.940128e-01 -4.471121e+01 9.814422e-03 9.942721e-01 -1.064268e-01 1.600764e-01 9.996679e-01 -7.219914e-03 2.473623e-02 3.124815e+00
4.206246e-02 -1.067491e-01 -9.933958e-01 -4.510672e+01 1.249365e-02 9.942543e-01 -1.063124e-01 1.300481e-01 9.990368e-01 -7.939385e-03 4.315448e-02 3.152848e+00
6.508070e-02 -1.059381e-01 -9.922408e-01 -4.556742e+01 1.225553e-02 9.943586e-01 -1.053604e-01 6.208335e-02 9.978048e-01 -5.303502e-03 6.601191e-02 3.186810e+00
9.046048e-02 -1.079952e-01 -9.900272e-01 -4.592791e+01 2.133256e-02 9.940851e-01 -1.064887e-01 5.413016e-02 9.956716e-01 -1.148679e-02 9.222925e-02 3.222624e+00
1.158608e-01 -1.087929e-01 -9.872894e-01 -4.643398e+01 2.900670e-02 9.939301e-01 -1.061207e-01 -8.176254e-04 9.928418e-01 -1.634279e-02 1.183133e-01 3.357382e+00
1.464338e-01 -1.087928e-01 -9.832199e-01 -4.687152e+01 3.405105e-02 9.938993e-01 -1.049032e-01 -5.808143e-02 9.886343e-01 -1.811828e-02 1.492449e-01 3.516654e+00
1.782883e-01 -1.092442e-01 -9.778952e-01 -4.721405e+01 4.042685e-02 9.937919e-01 -1.036495e-01 -9.330206e-02 9.831475e-01 -2.105371e-02 1.815979e-01 3.735163e+00
2.154095e-01 -1.101267e-01 -9.702942e-01 -4.768198e+01 4.688803e-02 9.936410e-01 -1.023672e-01 -1.429729e-01 9.753975e-01 -2.344431e-02 2.192034e-01 3.923020e+00
2.556832e-01 -1.111542e-01 -9.603493e-01 -4.806550e+01 5.168287e-02 9.935194e-01 -1.012333e-01 -1.654475e-01 9.653782e-01 -2.374994e-02 2.597710e-01 4.165355e+00
3.012009e-01 -1.125083e-01 -9.469002e-01 -4.851413e+01 6.373101e-02 9.931699e-01 -9.773368e-02 -2.373765e-01 9.514287e-01 -3.090944e-02 3.063139e-01 4.368187e+00
3.481920e-01 -1.191171e-01 -9.298245e-01 -4.894344e+01 7.920963e-02 9.920852e-01 -9.743141e-02 -2.697181e-01 9.340708e-01 -3.972620e-02 3.548714e-01 4.583425e+00
3.945906e-01 -1.238677e-01 -9.104698e-01 -4.936789e+01 9.185065e-02 9.912263e-01 -9.504709e-02 -3.353666e-01 9.142548e-01 -4.612254e-02 4.025059e-01 4.864035e+00
4.428146e-01 -1.292554e-01 -8.872477e-01 -4.975393e+01 1.045584e-01 9.902471e-01 -9.207662e-02 -3.781777e-01 8.904959e-01 -5.199631e-02 4.520106e-01 5.145264e+00
4.880797e-01 -1.289058e-01 -8.632275e-01 -5.015626e+01 1.127656e-01 9.900573e-01 -8.408619e-02 -4.423370e-01 8.654839e-01 -5.630155e-02 4.977630e-01 5.496390e+00
5.306560e-01 -1.315439e-01 -8.373174e-01 -5.053377e+01 1.227839e-01 9.893934e-01 -7.762008e-02 -4.703724e-01 8.386468e-01 -6.161952e-02 5.411789e-01 5.852286e+00
5.705288e-01 -1.326599e-01 -8.104926e-01 -5.087135e+01 1.347210e-01 9.886171e-01 -6.698105e-02 -5.496244e-01 8.101525e-01 -7.097577e-02 5.819066e-01 6.215434e+00
6.092160e-01 -1.379597e-01 -7.809117e-01 -5.116227e+01 1.497699e-01 9.870454e-01 -5.753564e-02 -6.022484e-01 7.787329e-01 -8.190542e-02 6.219860e-01 6.573791e+00
6.469650e-01 -1.389421e-01 -7.497542e-01 -5.144722e+01 1.546368e-01 9.867345e-01 -4.942200e-02 -6.695867e-01 7.466751e-01 -8.396525e-02 6.598683e-01 6.967197e+00
6.839203e-01 -1.496495e-01 -7.140434e-01 -5.175151e+01 1.620949e-01 9.854422e-01 -5.127274e-02 -6.397070e-01 7.113215e-01 -8.067633e-02 6.982214e-01 7.347602e+00
7.188328e-01 -1.717861e-01 -6.736237e-01 -5.204058e+01 1.766237e-01 9.823218e-01 -6.203208e-02 -5.158116e-01 6.723715e-01 -7.438723e-02 7.364666e-01 7.748612e+00
7.535715e-01 -1.873374e-01 -6.301069e-01 -5.229956e+01 1.888400e-01 9.798231e-01 -6.546991e-02 -4.467958e-01 6.296582e-01 -6.965310e-02 7.737435e-01 8.170088e+00
7.938496e-01 -1.655046e-01 -5.851590e-01 -5.251915e+01 1.732946e-01 9.839225e-01 -4.319132e-02 -7.706853e-01 5.828995e-01 -6.711750e-02 8.097675e-01 8.510067e+00
8.262502e-01 -1.677436e-01 -5.377478e-01 -5.273796e+01 1.772963e-01 9.835564e-01 -3.439188e-02 -8.029333e-01 5.346743e-01 -6.692441e-02 8.424040e-01 8.955014e+00
8.543261e-01 -1.664303e-01 -4.923696e-01 -5.296096e+01 1.763824e-01 9.839635e-01 -2.655170e-02 -8.026979e-01 4.888927e-01 -6.416153e-02 8.699812e-01 9.603579e+00
8.798570e-01 -1.611129e-01 -4.470953e-01 -5.313204e+01 1.726652e-01 9.848647e-01 -1.510561e-02 -8.381251e-01 4.427621e-01 -6.390705e-02 8.943588e-01 1.012495e+01
8.986167e-01 -1.545047e-01 -4.106292e-01 -5.328813e+01 1.677448e-01 9.858230e-01 -3.837916e-03 -8.758238e-01 4.054007e-01 -6.543211e-02 9.117944e-01 1.163839e+01
9.153737e-01 -1.465510e-01 -3.749850e-01 -5.341261e+01 1.605630e-01 9.870061e-01 6.209426e-03 -8.950667e-01 3.692025e-01 -6.589265e-02 9.270101e-01 1.254630e+01
9.280999e-01 -1.453981e-01 -3.427680e-01 -5.358296e+01 1.586293e-01 9.872800e-01 1.072217e-02 -8.196703e-01 3.368490e-01 -6.432429e-02 9.393589e-01 1.341017e+01
9.375722e-01 -1.474259e-01 -3.149982e-01 -5.374749e+01 1.609499e-01 9.868126e-01 1.720770e-02 -7.570783e-01 3.083073e-01 -6.683238e-02 9.489363e-01 1.407216e+01
9.468580e-01 -1.402138e-01 -2.894823e-01 -5.395274e+01 1.542659e-01 9.876822e-01 2.618910e-02 -8.477809e-01 2.822444e-01 -6.945461e-02 9.568250e-01 1.465590e+01
9.525107e-01 -1.409524e-01 -2.699180e-01 -5.407345e+01 1.549131e-01 9.874408e-01 3.102518e-02 -8.217331e-01 2.621550e-01 -7.136565e-02 9.623833e-01 1.507332e+01
9.582518e-01 -1.377984e-01 -2.505294e-01 -5.424870e+01 1.513607e-01 9.878373e-01 3.560173e-02 -7.710146e-01 2.425765e-01 -7.203573e-02 9.674541e-01 1.546952e+01
9.619194e-01 -1.418200e-01 -2.336625e-01 -5.442170e+01 1.541767e-01 9.874090e-01 3.539801e-02 -6.674587e-01 2.257003e-01 -7.007534e-02 9.716732e-01 1.593234e+01
9.675039e-01 -1.313683e-01 -2.160521e-01 -5.465731e+01 1.434502e-01 9.888015e-01 4.115426e-02 -7.259104e-01 2.082262e-01 -7.080963e-02 9.755141e-01 1.644852e+01
9.705576e-01 -1.310360e-01 -2.021075e-01 -5.476278e+01 1.422860e-01 9.889293e-01 4.211318e-02 -7.087029e-01 1.943517e-01 -6.963035e-02 9.784575e-01 1.676258e+01
9.746074e-01 -1.259768e-01 -1.851223e-01 -5.491378e+01 1.360867e-01 9.897673e-01 4.290906e-02 -6.818666e-01 1.778224e-01 -6.701215e-02 9.817783e-01 1.722683e+01
9.769864e-01 -1.297822e-01 -1.692752e-01 -5.503437e+01 1.388307e-01 9.893947e-01 4.271103e-02 -6.138559e-01 1.619368e-01 -6.522869e-02 9.846429e-01 1.775241e+01
9.801287e-01 -1.262395e-01 -1.530075e-01 -5.514860e+01 1.342748e-01 9.899963e-01 4.333115e-02 -5.666547e-01 1.460068e-01 -6.301516e-02 9.872746e-01 1.828981e+01
9.823853e-01 -1.264611e-01 -1.375747e-01 -5.525968e+01 1.330755e-01 9.903002e-01 3.995623e-02 -5.140375e-01 1.311874e-01 -5.756024e-02 9.896852e-01 1.879915e+01
9.834957e-01 -1.309547e-01 -1.248483e-01 -5.534836e+01 1.362276e-01 9.900718e-01 3.463919e-02 -4.490419e-01 1.190726e-01 -5.107528e-02 9.915710e-01 1.918783e+01
9.846115e-01 -1.337178e-01 -1.125162e-01 -5.545506e+01 1.374444e-01 9.901680e-01 2.600757e-02 -3.787266e-01 1.079323e-01 -4.107207e-02 9.933095e-01 1.970908e+01
9.858985e-01 -1.326907e-01 -1.019675e-01 -5.556507e+01 1.358168e-01 9.904354e-01 2.432162e-02 -3.377308e-01 9.776496e-02 -3.782755e-02 9.944904e-01 2.024566e+01
9.876198e-01 -1.266207e-01 -9.259832e-02 -5.567789e+01 1.297558e-01 9.911324e-01 2.863554e-02 -3.077109e-01 8.815134e-02 -4.029619e-02 9.952917e-01 2.084569e+01
9.880324e-01 -1.264636e-01 -8.831155e-02 -5.571682e+01 1.296967e-01 9.910417e-01 3.186204e-02 -2.204862e-01 8.349104e-02 -4.293444e-02 9.955832e-01 2.133900e+01
9.892153e-01 -1.214276e-01 -8.190455e-02 -5.580307e+01 1.244358e-01 9.916899e-01 3.266396e-02 -1.828345e-01 7.725761e-02 -4.250355e-02 9.961048e-01 2.181098e+01
9.893965e-01 -1.223816e-01 -7.821384e-02 -5.582155e+01 1.250880e-01 9.916713e-01 3.067583e-02 -1.528237e-01 7.380827e-02 -4.013417e-02 9.964646e-01 2.202946e+01
9.903321e-01 -1.181082e-01 -7.275227e-02 -5.587026e+01 1.204374e-01 9.923120e-01 2.849199e-02 -1.267266e-01 6.882781e-02 -3.697863e-02 9.969430e-01 2.241818e+01
9.905423e-01 -1.180361e-01 -6.995346e-02 -5.589581e+01 1.201502e-01 9.923936e-01 2.681246e-02 -5.117762e-02 6.625653e-02 -3.496381e-02 9.971899e-01 2.275462e+01
9.905406e-01 -1.188098e-01 -6.865536e-02 -5.590781e+01 1.207787e-01 9.923580e-01 2.526229e-02 4.412975e-03 6.512929e-02 -3.331544e-02 9.973205e-01 2.325175e+01
9.906235e-01 -1.187420e-01 -6.756770e-02 -5.591233e+01 1.204600e-01 9.924759e-01 2.193166e-02 5.239901e-02 6.445510e-02 -2.986522e-02 9.974736e-01 2.383294e+01
9.905040e-01 -1.206168e-01 -6.598011e-02 -5.593436e+01 1.217804e-01 9.924598e-01 1.389262e-02 1.067760e-01 6.380692e-02 -2.179578e-02 9.977242e-01 2.442911e+01
9.917603e-01 -1.125843e-01 -6.112552e-02 -5.598309e+01 1.130649e-01 9.935777e-01 4.450448e-03 1.300416e-01 6.023189e-02 -1.132493e-02 9.981202e-01 2.489981e+01
9.921433e-01 -1.110662e-01 -5.758405e-02 -5.603262e+01 1.108259e-01 9.938126e-01 -7.359740e-03 1.827571e-01 5.804517e-02 9.201119e-04 9.983135e-01 2.547280e+01
9.923972e-01 -1.097280e-01 -5.574497e-02 -5.607341e+01 1.090813e-01 9.939267e-01 -1.452393e-02 2.162781e-01 5.700010e-02 8.332774e-03 9.983394e-01 2.608326e+01
9.919431e-01 -1.143362e-01 -5.455409e-02 -5.610146e+01 1.136546e-01 9.934002e-01 -1.544661e-02 2.391690e-01 5.596015e-02 9.121838e-03 9.983913e-01 2.625151e+01
9.914416e-01 -1.180437e-01 -5.576002e-02 -5.612367e+01 1.176946e-01 9.930043e-01 -9.515077e-03 2.071046e-01 5.649313e-02 2.870989e-03 9.983988e-01 2.684634e+01
9.914974e-01 -1.170368e-01 -5.687946e-02 -5.612910e+01 1.168260e-01 9.931275e-01 -7.028395e-03 2.189574e-01 5.731114e-02 3.236374e-04 9.983563e-01 2.743113e+01
9.910634e-01 -1.212955e-01 -5.550408e-02 -5.614983e+01 1.210663e-01 9.926162e-01 -7.487346e-03 2.342118e-01 5.600243e-02 7.007631e-04 9.984304e-01 2.809547e+01
9.910709e-01 -1.215755e-01 -5.475307e-02 -5.617998e+01 1.209990e-01 9.925576e-01 -1.373730e-02 2.741519e-01 5.601570e-02 6.989571e-03 9.984054e-01 2.877828e+01
9.913973e-01 -1.192920e-01 -5.385943e-02 -5.621347e+01 1.185647e-01 9.928090e-01 -1.651442e-02 2.802340e-01 5.544216e-02 9.986527e-03 9.984120e-01 2.949493e+01
9.909859e-01 -1.229234e-01 -5.326044e-02 -5.623904e+01 1.219171e-01 9.923017e-01 -2.175989e-02 2.915561e-01 5.552523e-02 1.507038e-02 9.983435e-01 3.024365e+01
9.907153e-01 -1.250386e-01 -5.337181e-02 -5.626471e+01 1.237120e-01 9.919374e-01 -2.748810e-02 3.169282e-01 5.637857e-02 2.063015e-02 9.981963e-01 3.092098e+01
9.906823e-01 -1.256582e-01 -5.252275e-02 -5.630931e+01 1.243352e-01 9.918521e-01 -2.775220e-02 2.915037e-01 5.558209e-02 2.096318e-02 9.982340e-01 3.165401e+01
9.925405e-01 -1.117217e-01 -4.880198e-02 -5.636672e+01 1.103281e-01 9.934308e-01 -3.038018e-02 3.131275e-01 5.187552e-02 2.476933e-02 9.983463e-01 3.221934e+01
9.907334e-01 -1.259658e-01 -5.079284e-02 -5.637833e+01 1.243591e-01 9.916664e-01 -3.365264e-02 3.487381e-01 5.460864e-02 2.702425e-02 9.981421e-01 3.264769e+01
9.897420e-01 -1.319128e-01 -5.486153e-02 -5.637952e+01 1.299696e-01 9.908043e-01 -3.761277e-02 3.932283e-01 5.931865e-02 3.009661e-02 9.977853e-01 3.296367e+01
9.892957e-01 -1.344235e-01 -5.678402e-02 -5.641157e+01 1.321547e-01 9.903390e-01 -4.199611e-02 4.449943e-01 6.188069e-02 3.404230e-02 9.975028e-01 3.336794e+01
9.897779e-01 -1.291746e-01 -6.044526e-02 -5.644842e+01 1.267956e-01 9.910528e-01 -4.167914e-02 3.850405e-01 6.528833e-02 3.358890e-02 9.973010e-01 3.411862e+01
9.896648e-01 -1.275081e-01 -6.561461e-02 -5.649395e+01 1.246033e-01 9.911107e-01 -4.662215e-02 3.830503e-01 7.097604e-02 3.796450e-02 9.967553e-01 3.478287e+01
9.894207e-01 -1.272132e-01 -6.973960e-02 -5.648972e+01 1.234500e-01 9.907771e-01 -5.586457e-02 3.841796e-01 7.620311e-02 4.666420e-02 9.959998e-01 3.551027e+01
9.886749e-01 -1.298296e-01 -7.527493e-02 -5.648228e+01 1.251633e-01 9.900876e-01 -6.372456e-02 3.979257e-01 8.280210e-02 5.358121e-02 9.951246e-01 3.615287e+01
9.877689e-01 -1.318908e-01 -8.317123e-02 -5.644264e+01 1.262681e-01 9.895513e-01 -6.960312e-02 3.918198e-01 9.148221e-02 5.824991e-02 9.941016e-01 3.685837e+01
9.874368e-01 -1.327097e-01 -8.577180e-02 -5.652596e+01 1.271364e-01 9.895866e-01 -6.748828e-02 3.108156e-01 9.383497e-02 5.573569e-02 9.940264e-01 3.768740e+01
9.868515e-01 -1.342911e-01 -8.994427e-02 -5.657553e+01 1.281618e-01 9.892235e-01 -7.079060e-02 2.899230e-01 9.848153e-02 5.833239e-02 9.934278e-01 3.851765e+01
9.866960e-01 -1.346828e-01 -9.105765e-02 -5.666086e+01 1.284973e-01 9.891859e-01 -7.070862e-02 2.487837e-01 9.959618e-02 5.806725e-02 9.933321e-01 3.929506e+01
9.869363e-01 -1.323076e-01 -9.193211e-02 -5.674426e+01 1.263985e-01 9.896874e-01 -6.739706e-02 1.736265e-01 9.990119e-02 5.489652e-02 9.934818e-01 4.006808e+01
9.867781e-01 -1.319945e-01 -9.405563e-02 -5.680019e+01 1.261445e-01 9.898361e-01 -6.566584e-02 1.449206e-01 1.017672e-01 5.293301e-02 9.933990e-01 4.074443e+01
9.867813e-01 -1.313230e-01 -9.495750e-02 -5.684644e+01 1.253792e-01 9.899054e-01 -6.608637e-02 1.149145e-01 1.026776e-01 5.330709e-02 9.932853e-01 4.147293e+01
9.879007e-01 -1.259824e-01 -9.044719e-02 -5.695052e+01 1.198957e-01 9.903256e-01 -6.985846e-02 9.705031e-02 9.837310e-02 5.816899e-02 9.934481e-01 4.227320e+01
9.876065e-01 -1.296652e-01 -8.843253e-02 -5.699743e+01 1.232578e-01 9.895782e-01 -7.444805e-02 1.027779e-01 9.716422e-02 6.262538e-02 9.932961e-01 4.281962e+01
9.872106e-01 -1.337909e-01 -8.668989e-02 -5.704838e+01 1.267631e-01 9.885321e-01 -8.207009e-02 1.105261e-01 9.667596e-02 7.003139e-02 9.928491e-01 4.350079e+01
9.874291e-01 -1.340280e-01 -8.378763e-02 -5.712016e+01 1.268300e-01 9.881861e-01 -8.603781e-02 6.751431e-02 9.432923e-02 7.432944e-02 9.927624e-01 4.430863e+01
9.876252e-01 -1.341740e-01 -8.120270e-02 -5.719418e+01 1.271347e-01 9.881133e-01 -8.642227e-02 -1.937744e-02 9.183309e-02 7.502913e-02 9.929438e-01 4.516090e+01
9.881161e-01 -1.314678e-01 -7.964168e-02 -5.728363e+01 1.244723e-01 9.883812e-01 -8.723087e-02 -5.854892e-02 9.018440e-02 7.628103e-02 9.929995e-01 4.598649e+01
9.878248e-01 -1.333077e-01 -8.019518e-02 -5.733366e+01 1.261588e-01 9.880592e-01 -8.844813e-02 -1.105269e-01 9.102840e-02 7.725392e-02 9.928473e-01 4.680165e+01
9.875320e-01 -1.355221e-01 -8.008970e-02 -5.739307e+01 1.283416e-01 9.877385e-01 -8.888760e-02 -1.807526e-01 9.115391e-02 7.750051e-02 9.928165e-01 4.768262e+01
9.884361e-01 -1.306675e-01 -7.694230e-02 -5.748726e+01 1.227887e-01 9.874314e-01 -9.950934e-02 -1.358411e-01 8.897789e-02 8.891098e-02 9.920573e-01 4.859522e+01
9.888033e-01 -1.281885e-01 -7.639259e-02 -5.754557e+01 1.197564e-01 9.870980e-01 -1.062822e-01 -2.572172e-01 8.903113e-02 9.594365e-02 9.913971e-01 4.946270e+01
9.889774e-01 -1.281223e-01 -7.421757e-02 -5.761547e+01 1.191409e-01 9.862068e-01 -1.148982e-01 -3.477990e-01 8.791490e-02 1.047894e-01 9.906009e-01 5.026616e+01
9.900975e-01 -1.208034e-01 -7.150912e-02 -5.770104e+01 1.114457e-01 9.861436e-01 -1.228843e-01 -4.349791e-01 8.536311e-02 1.136980e-01 9.898413e-01 5.108962e+01
9.903716e-01 -1.171609e-01 -7.373917e-02 -5.769815e+01 1.068604e-01 9.856313e-01 -1.308115e-01 -4.731989e-01 8.800563e-02 1.216722e-01 9.886612e-01 5.185302e+01
9.903879e-01 -1.168208e-01 -7.405908e-02 -5.775880e+01 1.068083e-01 9.861151e-01 -1.271572e-01 -5.506099e-01 8.788539e-02 1.180248e-01 9.891139e-01 5.272792e+01
9.897509e-01 -1.198549e-01 -7.764007e-02 -5.779818e+01 1.101251e-01 9.867244e-01 -1.193629e-01 -6.459426e-01 9.091557e-02 1.095894e-01 9.898103e-01 5.360075e+01
9.886836e-01 -1.236863e-01 -8.489127e-02 -5.778336e+01 1.131417e-01 9.863735e-01 -1.194416e-01 -6.535599e-01 9.850779e-02 1.084852e-01 9.892053e-01 5.422006e+01
9.879782e-01 -1.264131e-01 -8.898755e-02 -5.780896e+01 1.147948e-01 9.854437e-01 -1.253914e-01 -7.213433e-01 1.035433e-01 1.136687e-01 9.881084e-01 5.495020e+01
9.903390e-01 -1.056958e-01 -8.976147e-02 -5.789655e+01 9.287909e-02 9.862618e-01 -1.366060e-01 -8.244725e-01 1.029670e-01 1.269493e-01 9.865504e-01 5.566736e+01
9.888297e-01 -1.107554e-01 -9.974499e-02 -5.787255e+01 9.555048e-02 9.846461e-01 -1.460899e-01 -8.350791e-01 1.143938e-01 1.349273e-01 9.842300e-01 5.644753e+01
9.879367e-01 -1.092756e-01 -1.097265e-01 -5.784195e+01 9.166450e-02 9.837482e-01 -1.543925e-01 -9.063075e-01 1.248146e-01 1.424720e-01 9.818977e-01 5.713362e+01
9.875917e-01 -1.050807e-01 -1.167072e-01 -5.789912e+01 8.471844e-02 9.822288e-01 -1.674795e-01 -9.479963e-01 1.322320e-01 1.555141e-01 9.789433e-01 5.795573e+01
9.862926e-01 -1.041403e-01 -1.279911e-01 -5.790789e+01 8.025467e-02 9.805058e-01 -1.793530e-01 -1.006293e+00 1.441739e-01 1.666227e-01 9.754234e-01 5.872788e+01
9.847554e-01 -1.053975e-01 -1.383770e-01 -5.792603e+01 7.820744e-02 9.788569e-01 -1.890047e-01 -1.117795e+00 1.553719e-01 1.753013e-01 9.721775e-01 5.948577e+01
9.834841e-01 -1.027379e-01 -1.490096e-01 -5.796444e+01 7.158906e-02 9.769545e-01 -2.010846e-01 -1.104314e+00 1.662346e-01 1.870961e-01 9.681741e-01 6.021463e+01
9.814368e-01 -1.043461e-01 -1.609148e-01 -5.801156e+01 6.893250e-02 9.748907e-01 -2.117462e-01 -1.117337e+00 1.789692e-01 1.967233e-01 9.639865e-01 6.096582e+01
9.802614e-01 -1.025276e-01 -1.690433e-01 -5.809768e+01 6.528450e-02 9.749270e-01 -2.127329e-01 -1.190878e+00 1.866158e-01 1.974980e-01 9.623768e-01 6.170534e+01
9.775237e-01 -1.065529e-01 -1.819169e-01 -5.813638e+01 6.591389e-02 9.740863e-01 -2.163590e-01 -1.255914e+00 2.002564e-01 1.995052e-01 9.592158e-01 6.236723e+01
9.764000e-01 -1.020901e-01 -1.903170e-01 -5.824754e+01 5.875552e-02 9.735491e-01 -2.207936e-01 -1.362636e+00 2.078238e-01 2.044007e-01 9.565718e-01 6.311066e+01
9.728663e-01 -1.096536e-01 -2.037332e-01 -5.831767e+01 6.280693e-02 9.726577e-01 -2.235897e-01 -1.494598e+00 2.226801e-01 2.047271e-01 9.531529e-01 6.383920e+01
9.708099e-01 -1.100783e-01 -2.130981e-01 -5.843412e+01 5.971243e-02 9.714131e-01 -2.297630e-01 -1.558011e+00 2.322982e-01 2.103316e-01 9.496305e-01 6.455892e+01
9.685770e-01 -1.127809e-01 -2.216732e-01 -5.855828e+01 6.000343e-02 9.709126e-01 -2.317937e-01 -1.709614e+00 2.413672e-01 2.112089e-01 9.471709e-01 6.524186e+01
9.674309e-01 -1.085747e-01 -2.286680e-01 -5.872035e+01 5.380479e-02 9.708999e-01 -2.333633e-01 -1.915251e+00 2.473511e-01 2.134595e-01 9.451203e-01 6.594870e+01
9.659449e-01 -1.084363e-01 -2.349296e-01 -5.890557e+01 5.110477e-02 9.700164e-01 -2.376057e-01 -2.115731e+00 2.536506e-01 2.175080e-01 9.425241e-01 6.668008e+01
9.639953e-01 -1.107961e-01 -2.417379e-01 -5.904982e+01 5.000892e-02 9.683803e-01 -2.444152e-01 -2.235887e+00 2.611745e-01 2.235260e-01 9.390548e-01 6.733780e+01
9.626152e-01 -1.109088e-01 -2.471260e-01 -5.924839e+01 4.806674e-02 9.677947e-01 -2.471095e-01 -2.417164e+00 2.665738e-01 2.259928e-01 9.369448e-01 6.806673e+01
9.612199e-01 -1.100182e-01 -2.528880e-01 -5.946529e+01 4.727735e-02 9.691430e-01 -2.419231e-01 -2.646072e+00 2.717006e-01 2.205854e-01 9.367608e-01 6.883105e+01
9.597512e-01 -1.075919e-01 -2.594256e-01 -5.967457e+01 4.444399e-02 9.702544e-01 -2.379731e-01 -2.853653e+00 2.773128e-01 2.168651e-01 9.359846e-01 6.956005e+01
9.578185e-01 -1.095386e-01 -2.656783e-01 -5.988021e+01 4.508864e-02 9.703369e-01 -2.375151e-01 -3.033279e+00 2.838145e-01 2.155173e-01 9.343455e-01 7.025521e+01
9.538811e-01 -1.176366e-01 -2.761748e-01 -6.000600e+01 4.897189e-02 9.686733e-01 -2.434619e-01 -3.178154e+00 2.961631e-01 2.187089e-01 9.297601e-01 7.088960e+01
9.489231e-01 -1.248522e-01 -2.897534e-01 -6.009746e+01 4.993565e-02 9.662282e-01 -2.528033e-01 -3.327803e+00 3.115309e-01 2.254218e-01 9.231108e-01 7.150009e+01
9.426570e-01 -1.312666e-01 -3.068661e-01 -6.016507e+01 4.889164e-02 9.638036e-01 -2.620920e-01 -3.400951e+00 3.301626e-01 2.320596e-01 9.149541e-01 7.211521e+01
9.340929e-01 -1.385512e-01 -3.290501e-01 -6.023947e+01 4.901413e-02 9.626691e-01 -2.662063e-01 -3.502010e+00 3.536495e-01 2.325333e-01 9.060134e-01 7.272246e+01
9.213820e-01 -1.543047e-01 -3.567145e-01 -6.029676e+01 5.815382e-02 9.622127e-01 -2.660167e-01 -3.652563e+00 3.842828e-01 2.243587e-01 8.955389e-01 7.337804e+01
9.118472e-01 -1.565661e-01 -3.795018e-01 -6.043330e+01 5.428031e-02 9.622844e-01 -2.665751e-01 -3.768634e+00 4.069254e-01 2.224763e-01 8.859549e-01 7.400943e+01
9.021002e-01 -1.597686e-01 -4.008606e-01 -6.055661e+01 5.101540e-02 9.619067e-01 -2.685758e-01 -3.896241e+00 4.285005e-01 2.218322e-01 8.758869e-01 7.461635e+01
8.957684e-01 -1.551072e-01 -4.165821e-01 -6.073183e+01 3.576317e-02 9.592571e-01 -2.802620e-01 -3.989844e+00 4.430800e-01 2.361516e-01 8.648193e-01 7.521536e+01
8.885416e-01 -1.558555e-01 -4.315123e-01 -6.092415e+01 2.259170e-02 9.542541e-01 -2.981423e-01 -4.067083e+00 4.582395e-01 2.551632e-01 8.514155e-01 7.581175e+01
8.816472e-01 -1.525994e-01 -4.465553e-01 -6.114291e+01 3.983794e-03 9.486470e-01 -3.163116e-01 -4.091467e+00 4.718923e-01 2.770963e-01 8.369799e-01 7.643663e+01
8.701028e-01 -1.544742e-01 -4.680373e-01 -6.126110e+01 -5.462763e-03 9.465345e-01 -3.225563e-01 -4.158350e+00 4.928401e-01 2.832139e-01 8.227385e-01 7.699866e+01
8.574750e-01 -1.589517e-01 -4.893577e-01 -6.133492e+01 -1.016813e-02 9.456645e-01 -3.249851e-01 -4.240421e+00 5.144252e-01 2.836424e-01 8.092674e-01 7.747575e+01
