1.000000e+00 0.000000e+00 0.000000e+00 0.000000e+00 0.000000e+00 1.000000e+00 0.000000e+00 0.000000e+00 0.000000e+00 0.000000e+00 1.000000e+00 0.000000e+00
9.999800e-01 4.159302e-04 -6.304346e-03 -7.831536e-03 -4.121219e-04 9.999998e-01 6.053554e-04 -1.311606e-03 6.304596e-03 -6.027451e-04 9.999800e-01 8.135964e-02
9.999135e-01 9.220195e-04 -1.312382e-02 -1.548963e-02 -9.069658e-04 9.999989e-01 1.152961e-03 -3.263820e-03 1.312487e-02 -1.140958e-03 9.999132e-01 1.592619e-01
9.997876e-01 1.298903e-03 -2.056703e-02 -2.412648e-02 -1.268336e-03 9.999981e-01 1.499177e-03 -5.233935e-03 2.056894e-02 -1.472772e-03 9.997873e-01 2.352504e-01
9.995645e-01 1.956239e-03 -2.944653e-02 -3.470764e-02 -1.911091e-03 9.999970e-01 1.561283e-03 -6.140576e-03 2.944950e-02 -1.504328e-03 9.995651e-01 3.101842e-01
9.991823e-01 2.361800e-03 -4.036273e-02 -4.666128e-02 -2.300402e-03 9.999961e-01 1.567532e-03 -7.038568e-03 4.036627e-02 -1.473400e-03 9.991839e-01 3.893364e-01
9.985449e-01 2.562264e-03 -5.386535e-02 -6.450087e-02 -2.462578e-03 9.999951e-01 1.916940e-03 -7.772937e-03 5.387000e-02 -1.781503e-03 9.985464e-01 4.871644e-01
9.975499e-01 2.723194e-03 -6.990533e-02 -8.761083e-02 -2.542061e-03 9.999932e-01 2.679953e-03 -8.033365e-03 6.991216e-02 -2.495684e-03 9.975500e-01 6.014902e-01
9.961217e-01 2.078766e-03 -8.796151e-02 -1.115757e-01 -1.778620e-03 9.999923e-01 3.490483e-03 -8.919274e-03 8.796810e-02 -3.320496e-03 9.961178e-01 7.245243e-01
9.941784e-01 1.437773e-03 -1.077373e-01 -1.402647e-01 -9.873136e-04 9.999905e-01 4.234314e-03 -1.320893e-02 1.077423e-01 -4.103293e-03 9.941704e-01 8.615995e-01
9.915655e-01 1.497600e-03 -1.295978e-01 -1.785621e-01 -8.828524e-04 9.999881e-01 4.800824e-03 -1.576691e-02 1.296034e-01 -4.645916e-03 9.915550e-01 1.000138e+00
9.881220e-01 5.393146e-03 -1.535766e-01 -2.344558e-01 -4.765478e-03 9.999787e-01 4.454828e-03 -2.185149e-02 1.535973e-01 -3.670048e-03 9.881267e-01 1.160861e+00
9.838200e-01 9.632898e-03 -1.789008e-01 -2.973187e-01 -9.256260e-03 9.999529e-01 2.939898e-03 -2.586339e-02 1.789207e-01 -1.236378e-03 9.838627e-01 1.334352e+00
9.785357e-01 1.280458e-02 -2.056792e-01 -3.676277e-01 -1.248610e-02 9.999180e-01 2.846346e-03 -3.099920e-02 2.056988e-01 -2.171184e-04 9.786153e-01 1.506875e+00
9.718872e-01 1.410087e-02 -2.350243e-01 -4.429323e-01 -1.359530e-02 9.999005e-01 3.771432e-03 -3.609451e-02 2.350541e-01 -4.701810e-04 9.719822e-01 1.686194e+00
9.639497e-01 1.581547e-02 -2.656142e-01 -5.258927e-01 -1.501390e-02 9.998745e-01 5.048085e-03 -3.833360e-02 2.656607e-01 -8.781950e-04 9.640662e-01 1.858134e+00
9.546034e-01 1.756396e-02 -2.973616e-01 -6.214066e-01 -1.631828e-02 9.998446e-01 6.671166e-03 -3.818368e-02 2.974326e-01 -1.515888e-03 9.547416e-01 2.047954e+00
9.435255e-01 1.971285e-02 -3.307129e-01 -7.257333e-01 -1.791871e-02 9.998035e-01 8.473266e-03 -4.075120e-02 3.308149e-01 -2.068794e-03 9.436934e-01 2.228402e+00
9.310735e-01 2.184992e-02 -3.641767e-01 -8.351194e-01 -1.977474e-02 9.997600e-01 9.426571e-03 -3.836771e-02 3.642952e-01 -1.575333e-03 9.312822e-01 2.400191e+00
9.173844e-01 2.441987e-02 -3.972524e-01 -9.616345e-01 -2.195860e-02 9.997011e-01 1.074405e-02 -3.645114e-02 3.973961e-01 -1.133322e-03 9.176465e-01 2.592563e+00
9.016532e-01 2.557586e-02 -4.317028e-01 -1.088433e+00 -2.265117e-02 9.996724e-01 1.191555e-02 -3.131988e-02 4.318661e-01 -9.651184e-04 9.019372e-01 2.776160e+00
8.835758e-01 2.171238e-02 -4.677846e-01 -1.221521e+00 -1.839270e-02 9.997628e-01 1.166325e-02 -2.894985e-02 4.679268e-01 -1.701547e-03 8.837656e-01 2.947718e+00
8.626858e-01 1.739256e-02 -5.054411e-01 -1.372448e+00 -1.341626e-02 9.998438e-01 1.150643e-02 -3.333516e-02 5.055622e-01 -3.145305e-03 8.627844e-01 3.138209e+00
8.381375e-01 1.857049e-02 -5.451428e-01 -1.532020e+00 -1.299553e-02 9.998164e-01 1.407895e-02 -3.471385e-02 5.453042e-01 -4.715677e-03 8.382250e-01 3.304322e+00
8.096555e-01 2.416251e-02 -5.864079e-01 -1.728342e+00 -1.686054e-02 9.996974e-01 1.791240e-02 -3.214059e-02 5.866632e-01 -4.615727e-03 8.098179e-01 3.478036e+00
7.777876e-01 2.736978e-02 -6.279310e-01 -1.931628e+00 -1.903603e-02 9.996189e-01 1.999162e-02 -3.549888e-02 6.282389e-01 -3.595922e-03 7.780122e-01 3.640610e+00
7.425182e-01 2.696065e-02 -6.692830e-01 -2.130798e+00 -1.770764e-02 9.996305e-01 2.062274e-02 -2.804410e-02 6.695918e-01 -3.461340e-03 7.427213e-01 3.787009e+00
7.034621e-01 2.335734e-02 -7.103489e-01 -2.365404e+00 -1.182402e-02 9.997061e-01 2.116245e-02 -3.140637e-02 7.106344e-01 -6.487801e-03 7.035315e-01 3.964043e+00
6.614166e-01 1.958606e-02 -7.497628e-01 -2.600713e+00 -6.328842e-03 9.997692e-01 2.053387e-02 -2.987147e-02 7.499920e-01 -8.836314e-03 6.613879e-01 4.122592e+00
6.173146e-01 1.964578e-02 -7.864710e-01 -2.847410e+00 -3.952424e-03 9.997530e-01 2.187117e-02 -2.682489e-02 7.867064e-01 -1.039292e-02 6.172398e-01 4.262616e+00
5.699264e-01 2.079240e-02 -8.214327e-01 -3.133495e+00 -1.959033e-03 9.997113e-01 2.394583e-02 -2.121408e-02 8.216935e-01 -1.203815e-02 5.698025e-01 4.414307e+00
5.195344e-01 2.236148e-02 -8.541569e-01 -3.422695e+00 -5.743168e-04 9.996664e-01 2.582153e-02 -1.859574e-02 8.544493e-01 -1.292462e-02 5.193740e-01 4.535199e+00
4.674763e-01 2.399411e-02 -8.836799e-01 -3.717334e+00 7.315623e-04 9.996207e-01 2.752920e-02 -1.194880e-02 8.840054e-01 -1.351572e-02 4.672815e-01 4.633082e+00
4.132203e-01 2.626199e-02 -9.102524e-01 -4.061361e+00 2.156633e-03 9.995530e-01 2.981746e-02 -7.483555e-03 9.106286e-01 -1.428426e-02 4.129790e-01 4.740479e+00
3.585393e-01 2.848248e-02 -9.330801e-01 -4.389309e+00 3.246216e-03 9.994903e-01 3.175704e-02 -1.049508e-03 9.335090e-01 -1.441513e-02 3.582641e-01 4.814353e+00
3.035362e-01 3.119408e-02 -9.523092e-01 -4.767618e+00 5.499882e-03 9.993899e-01 3.448929e-02 3.120679e-03 9.528040e-01 -1.570634e-02 3.031795e-01 4.894270e+00
2.497589e-01 3.328783e-02 -9.677357e-01 -5.145421e+00 1.007022e-02 9.992656e-01 3.697136e-02 6.107687e-03 9.682557e-01 -1.897924e-02 2.492403e-01 4.956696e+00
1.986728e-01 3.474803e-02 -9.794497e-01 -5.525201e+00 1.221787e-02 9.992058e-01 3.792721e-02 7.584166e-03 9.799898e-01 -1.950189e-02 1.980905e-01 5.003045e+00
1.511557e-01 3.600810e-02 -9.878539e-01 -5.947345e+00 1.098108e-02 9.992135e-01 3.810243e-02 1.589809e-02 9.884490e-01 -1.660710e-02 1.506413e-01 5.020019e+00
1.086478e-01 3.636874e-02 -9.934148e-01 -6.364470e+00 8.502207e-03 9.992600e-01 3.751260e-02 3.214043e-02 9.940440e-01 -1.252188e-02 1.082582e-01 5.029888e+00
7.043165e-02 3.526362e-02 -9.968931e-01 -6.820104e+00 7.134955e-03 9.993316e-01 3.585397e-02 4.539189e-02 9.974911e-01 -9.638042e-03 7.013297e-02 5.027917e+00
3.545612e-02 3.269718e-02 -9.988362e-01 -7.277066e+00 8.221465e-03 9.994212e-01 3.300817e-02 5.429545e-02 9.993374e-01 -9.382239e-03 3.516680e-02 5.014828e+00
3.828108e-03 3.010183e-02 -9.995395e-01 -7.736288e+00 9.062352e-03 9.995047e-01 3.013549e-02 6.000238e-02 9.999516e-01 -9.173540e-03 3.553391e-03 4.991045e+00
-2.319396e-02 2.812876e-02 -9.993352e-01 -8.227674e+00 9.184628e-03 9.995679e-01 2.792214e-02 6.984555e-02 9.996888e-01 -8.530898e-03 -2.344227e-02 4.953978e+00
-4.415107e-02 2.594424e-02 -9.986881e-01 -8.730036e+00 8.528813e-03 9.996361e-01 2.559183e-02 8.239503e-02 9.989886e-01 -7.387721e-03 -4.435623e-02 4.910766e+00
-6.093729e-02 2.529300e-02 -9.978212e-01 -9.257730e+00 8.838593e-03 9.996533e-01 2.479967e-02 9.938484e-02 9.981025e-01 -7.308112e-03 -6.113970e-02 4.862522e+00
-7.411802e-02 2.608731e-02 -9.969083e-01 -9.796427e+00 9.938802e-03 9.996275e-01 2.541954e-02 1.083615e-01 9.972000e-01 -8.024027e-03 -7.434964e-02 4.810683e+00
-8.365059e-02 2.733591e-02 -9.961202e-01 -1.035085e+01 8.816170e-03 9.996048e-01 2.669119e-02 1.144707e-01 9.964563e-01 -6.549234e-03 -8.385861e-02 4.752970e+00
-9.090686e-02 2.864510e-02 -9.954474e-01 -1.091994e+01 7.368634e-03 9.995782e-01 2.809105e-02 1.222845e-01 9.958322e-01 -4.781421e-03 -9.107959e-02 4.688957e+00
-9.525514e-02 2.965965e-02 -9.950110e-01 -1.150487e+01 7.387316e-03 9.995496e-01 2.908773e-02 1.341446e-01 9.954255e-01 -4.579707e-03 -9.543133e-02 4.626176e+00
-9.712279e-02 3.060485e-02 -9.948018e-01 -1.210722e+01 8.452578e-03 9.995164e-01 2.992466e-02 1.473076e-01 9.952365e-01 -5.502270e-03 -9.733450e-02 4.566278e+00
-9.634781e-02 3.268552e-02 -9.948109e-01 -1.271779e+01 1.001763e-02 9.994419e-01 3.186746e-02 1.608170e-01 9.952973e-01 -6.895290e-03 -9.662151e-02 4.508649e+00
-9.514284e-02 3.495444e-02 -9.948497e-01 -1.334560e+01 9.576936e-03 9.993692e-01 3.419734e-02 1.726461e-01 9.954175e-01 -6.273977e-03 -9.541762e-02 4.443605e+00
-9.373116e-02 3.550951e-02 -9.949641e-01 -1.398224e+01 8.643937e-03 9.993551e-01 3.485192e-02 1.854215e-01 9.955601e-01 -5.333696e-03 -9.397769e-02 4.378694e+00
-9.223139e-02 3.364631e-02 -9.951690e-01 -1.462519e+01 5.528201e-03 9.994308e-01 3.327805e-02 1.934929e-01 9.957222e-01 -2.432214e-03 -9.236491e-02 4.317139e+00
-9.106660e-02 3.372113e-02 -9.952737e-01 -1.531030e+01 5.154194e-03 9.994291e-01 3.339031e-02 2.092678e-01 9.958315e-01 -2.089096e-03 -9.118831e-02 4.253860e+00
-8.927917e-02 3.629606e-02 -9.953451e-01 -1.599766e+01 5.003724e-03 9.993395e-01 3.599291e-02 2.259046e-01 9.959941e-01 -1.767015e-03 -8.940184e-02 4.191132e+00
-8.777332e-02 3.973137e-02 -9.953478e-01 -1.670247e+01 4.330186e-03 9.992101e-01 3.950369e-02 2.415412e-01 9.961310e-01 -8.426737e-04 -8.787596e-02 4.126936e+00
-8.583224e-02 4.172912e-02 -9.954354e-01 -1.742311e+01 4.190415e-03 9.991288e-01 4.152263e-02 2.562777e-01 9.963008e-01 -6.073061e-04 -8.593237e-02 4.060026e+00
-8.437836e-02 4.188539e-02 -9.955531e-01 -1.815320e+01 2.528399e-03 9.991219e-01 4.182125e-02 2.724328e-01 9.964306e-01 1.011649e-03 -8.441007e-02 3.993392e+00
-8.290470e-02 3.942673e-02 -9.957772e-01 -1.889803e+01 -2.060421e-04 9.992164e-01 3.958005e-02 2.891100e-01 9.965575e-01 3.486546e-03 -8.283162e-02 3.924034e+00
-8.121681e-02 3.915578e-02 -9.959271e-01 -1.965901e+01 -1.128392e-03 9.992238e-01 3.937742e-02 3.115477e-01 9.966959e-01 4.321907e-03 -8.110964e-02 3.856127e+00
-7.991493e-02 4.137968e-02 -9.959424e-01 -2.043221e+01 1.186876e-03 9.991412e-01 4.141735e-02 3.309539e-01 9.968010e-01 2.127806e-03 -7.989538e-02 3.794618e+00
-7.850647e-02 4.363762e-02 -9.959581e-01 -2.121286e+01 2.439646e-03 9.990469e-01 4.358065e-02 3.485847e-01 9.969106e-01 9.915754e-04 -7.853806e-02 3.733041e+00
-7.757688e-02 4.524221e-02 -9.959595e-01 -2.200279e+01 3.585819e-03 9.989761e-01 4.509994e-02 3.687767e-01 9.969800e-01 -7.262453e-05 -7.765961e-02 3.669911e+00
-7.695484e-02 4.180118e-02 -9.961579e-01 -2.279425e+01 3.576208e-03 9.991259e-01 4.164945e-02 3.855056e-01 9.970282e-01 -3.573410e-04 -7.703710e-02 3.605650e+00
-7.655954e-02 3.521259e-02 -9.964431e-01 -2.359013e+01 4.122219e-03 9.993788e-01 3.499962e-02 4.000559e-01 9.970565e-01 -1.428004e-03 -7.665718e-02 3.544323e+00
-7.691467e-02 3.127303e-02 -9.965471e-01 -2.439500e+01 5.138152e-03 9.995071e-01 3.096935e-02 4.173929e-01 9.970244e-01 -2.738414e-03 -7.703745e-02 3.485193e+00
-7.718229e-02 3.229448e-02 -9.964939e-01 -2.521743e+01 5.389754e-03 9.994742e-01 3.197361e-02 4.341340e-01 9.970024e-01 -2.903060e-03 -7.731569e-02 3.420387e+00
-7.734978e-02 3.945608e-02 -9.962230e-01 -2.605118e+01 5.736409e-03 9.992177e-01 3.912930e-02 4.505216e-01 9.969875e-01 -2.688099e-03 -7.751560e-02 3.351107e+00
-7.756031e-02 4.688224e-02 -9.958848e-01 -2.688838e+01 4.779646e-03 9.988998e-01 4.665194e-02 4.698691e-01 9.969763e-01 -1.141643e-03 -7.769907e-02 3.279564e+00
-7.759655e-02 5.241273e-02 -9.956062e-01 -2.772595e+01 3.282616e-03 9.986252e-01 5.231582e-02 4.940765e-01 9.969795e-01 7.913336e-04 -7.766199e-02 3.207494e+00
-7.781374e-02 5.363639e-02 -9.955240e-01 -2.856904e+01 1.829714e-03 9.985577e-01 5.365682e-02 5.182268e-01 9.969662e-01 2.353717e-03 -7.779968e-02 3.135136e+00
-7.791352e-02 5.088786e-02 -9.956605e-01 -2.940486e+01 1.440201e-03 9.987012e-01 5.093057e-02 5.403449e-01 9.969590e-01 2.534229e-03 -7.788563e-02 3.066414e+00
-7.877600e-02 4.867304e-02 -9.957034e-01 -3.023215e+01 1.007704e-03 9.988107e-01 4.874521e-02 5.627915e-01 9.968918e-01 2.836585e-03 -7.873142e-02 2.996516e+00
-7.903838e-02 4.978063e-02 -9.956279e-01 -3.106379e+01 6.907992e-05 9.987527e-01 4.993138e-02 5.893101e-01 9.968716e-01 3.877714e-03 -7.894325e-02 2.923706e+00
-7.848871e-02 5.182821e-02 -9.955670e-01 -3.190081e+01 9.119511e-05 9.986480e-01 5.198143e-02 6.147231e-01 9.969151e-01 3.989154e-03 -7.838726e-02 2.851564e+00
-7.877135e-02 5.080249e-02 -9.955974e-01 -3.272469e+01 -7.288549e-04 9.986975e-01 5.101835e-02 6.352713e-01 9.968925e-01 4.744433e-03 -7.863176e-02 2.779772e+00
-7.823503e-02 4.657120e-02 -9.958467e-01 -3.355259e+01 -2.279049e-03 9.988973e-01 4.689291e-02 6.554160e-01 9.969324e-01 5.938247e-03 -7.804263e-02 2.708478e+00
-7.835650e-02 4.301387e-02 -9.959970e-01 -3.436815e+01 -3.839996e-03 9.990483e-01 4.344775e-02 6.768482e-01 9.969180e-01 7.229038e-03 -7.811677e-02 2.636953e+00
-7.786393e-02 4.354552e-02 -9.960126e-01 -3.519312e+01 -3.488380e-03 9.990276e-01 4.395005e-02 7.010407e-01 9.969580e-01 6.896593e-03 -7.763636e-02 2.567563e+00
-7.683635e-02 4.603427e-02 -9.959804e-01 -3.602661e+01 -2.152888e-03 9.989236e-01 4.633638e-02 7.182723e-01 9.970414e-01 5.704558e-03 -7.665455e-02 2.501073e+00
-7.680202e-02 5.123352e-02 -9.957293e-01 -3.684819e+01 -2.750149e-03 9.986642e-01 5.159666e-02 7.430693e-01 9.970427e-01 6.701121e-03 -7.655847e-02 2.433788e+00
-7.598698e-02 5.689234e-02 -9.954844e-01 -3.767662e+01 -1.438241e-03 9.983636e-01 5.716667e-02 7.731207e-01 9.971078e-01 5.775673e-03 -7.578087e-02 2.368130e+00
-7.635343e-02 6.020947e-02 -9.952614e-01 -3.850237e+01 -2.634808e-03 9.981595e-01 6.058693e-02 8.014740e-01 9.970775e-01 7.248338e-03 -7.605422e-02 2.301991e+00
-7.630360e-02 6.070609e-02 -9.952350e-01 -3.932430e+01 -2.543544e-03 9.981298e-01 6.107767e-02 8.309743e-01 9.970815e-01 7.191863e-03 -7.600653e-02 2.237036e+00
-7.589591e-02 5.722208e-02 -9.954724e-01 -4.014370e+01 -3.327068e-03 9.983319e-01 5.764010e-02 8.583207e-01 9.971101e-01 7.686656e-03 -7.557893e-02 2.171121e+00
-7.591128e-02 5.329304e-02 -9.956894e-01 -4.095934e+01 -4.765030e-03 9.985399e-01 5.380889e-02 8.845040e-01 9.971032e-01 8.829189e-03 -7.554650e-02 2.103510e+00
-7.573879e-02 5.063874e-02 -9.958410e-01 -4.177064e+01 -7.431194e-03 9.986532e-01 5.134693e-02 9.096706e-01 9.970999e-01 1.128925e-02 -7.526052e-02 2.032834e+00
-7.640612e-02 4.920956e-02 -9.958617e-01 -4.258400e+01 -1.043740e-02 9.986871e-01 5.014998e-02 9.366798e-01 9.970222e-01 1.422598e-02 -7.579219e-02 1.959179e+00
-7.709110e-02 4.742084e-02 -9.958957e-01 -4.339811e+01 -8.681450e-03 9.987985e-01 4.823108e-02 9.584141e-01 9.969862e-01 1.236400e-02 -7.658672e-02 1.891213e+00
-7.808375e-02 4.444522e-02 -9.959556e-01 -4.421075e+01 -5.663501e-03 9.989699e-01 4.502376e-02 9.773676e-01 9.969307e-01 9.156216e-03 -7.775164e-02 1.828529e+00
-7.909286e-02 4.312146e-02 -9.959342e-01 -4.502706e+01 -2.523351e-03 9.990521e-01 4.345685e-02 1.001150e+00 9.968642e-01 5.950211e-03 -7.890904e-02 1.764954e+00
-8.059871e-02 4.607403e-02 -9.956812e-01 -4.584420e+01 -1.562096e-03 9.989240e-01 4.635054e-02 1.024235e+00 9.967454e-01 5.291143e-03 -8.043993e-02 1.696293e+00
-8.266234e-02 5.215142e-02 -9.952121e-01 -4.665589e+01 5.128440e-04 9.986319e-01 5.228803e-02 1.050367e+00 9.965774e-01 3.811866e-03 -8.257604e-02 1.628373e+00
-8.450127e-02 5.609487e-02 -9.948431e-01 -4.746518e+01 2.235914e-03 9.984223e-01 5.610676e-02 1.074250e+00 9.964209e-01 2.516706e-03 -8.449328e-02 1.558564e+00
-8.595371e-02 5.598150e-02 -9.947250e-01 -4.826319e+01 1.953999e-03 9.984277e-01 5.602103e-02 1.096896e+00 9.962972e-01 2.871525e-03 -8.592796e-02 1.488325e+00
-8.738780e-02 5.243617e-02 -9.947934e-01 -4.905831e+01 -9.220783e-04 9.986090e-01 5.271829e-02 1.121523e+00 9.961739e-01 5.524214e-03 -8.721793e-02 1.409338e+00
-8.874977e-02 4.919920e-02 -9.948381e-01 -4.984826e+01 -5.585469e-03 9.987391e-01 4.989040e-02 1.143932e+00 9.960383e-01 9.984398e-03 -8.836305e-02 1.327275e+00
-8.999193e-02 4.779745e-02 -9.947949e-01 -5.063468e+01 -9.594385e-03 9.987597e-01 4.885589e-02 1.169642e+00 9.958963e-01 1.394108e-02 -8.942163e-02 1.244603e+00
-9.124732e-02 4.884407e-02 -9.946297e-01 -5.142697e+01 -1.120322e-02 9.986829e-01 5.007089e-02 1.191591e+00 9.957653e-01 1.571189e-02 -9.057987e-02 1.163995e+00
-9.207177e-02 5.055583e-02 -9.944682e-01 -5.220909e+01 -1.094643e-02 9.985986e-01 5.177928e-02 1.211341e+00 9.956922e-01 1.565329e-02 -9.138942e-02 1.088494e+00
-9.333003e-02 5.067930e-02 -9.943446e-01 -5.298947e+01 -1.257677e-02 9.985640e-01 5.207482e-02 1.232628e+00 9.955558e-01 1.736578e-02 -9.255862e-02 1.008951e+00
-9.401608e-02 5.077676e-02 -9.942750e-01 -5.376568e+01 -1.352583e-02 9.985412e-01 5.227360e-02 1.256742e+00 9.954787e-01 1.836296e-02 -9.319210e-02 9.288415e-01
-9.416819e-02 5.241369e-02 -9.941757e-01 -5.453911e+01 -1.205174e-02 9.984800e-01 5.378216e-02 1.282171e+00 9.954834e-01 1.704611e-02 -9.339345e-02 8.529288e-01
-9.489369e-02 5.512744e-02 -9.939598e-01 -5.531211e+01 -1.162561e-02 9.983360e-01 5.648006e-02 1.305610e+00 9.954196e-01 1.691499e-02 -9.409487e-02 7.759888e-01
-9.483802e-02 5.884722e-02 -9.937519e-01 -5.607612e+01 -1.114463e-02 9.981259e-01 6.016982e-02 1.334824e+00 9.954304e-01 1.678138e-02 -9.400439e-02 6.984366e-01
-9.563386e-02 6.115975e-02 -9.935359e-01 -5.683926e+01 -1.117518e-02 9.979818e-01 6.250910e-02 1.362806e+00 9.953539e-01 1.708093e-02 -9.475744e-02 6.175308e-01
-9.637189e-02 6.154294e-02 -9.934411e-01 -5.759029e+01 -1.125681e-02 9.979554e-01 6.291460e-02 1.390852e+00 9.952819e-01 1.724616e-02 -9.548199e-02 5.426269e-01
-9.646320e-02 5.999030e-02 -9.935271e-01 -5.832395e+01 -1.061928e-02 9.980632e-01 6.129524e-02 1.415678e+00 9.952800e-01 1.646327e-02 -9.563935e-02 4.689798e-01
-9.696126e-02 5.694901e-02 -9.936575e-01 -5.905222e+01 -1.080744e-02 9.982426e-01 5.826638e-02 1.439306e+00 9.952294e-01 1.638848e-02 -9.617543e-02 3.936664e-01
-9.669375e-02 5.433400e-02 -9.938301e-01 -5.975445e+01 -1.093090e-02 9.983907e-01 5.564684e-02 1.460844e+00 9.952542e-01 1.624415e-02 -9.594417e-02 3.214358e-01
-9.578931e-02 5.225766e-02 -9.940289e-01 -6.045563e+01 -1.174293e-02 9.984922e-01 5.362390e-02 1.481074e+00 9.953323e-01 1.680941e-02 -9.503126e-02 2.474126e-01
-9.359431e-02 5.158794e-02 -9.942731e-01 -6.114753e+01 -1.325554e-02 9.985036e-01 5.305523e-02 1.501387e+00 9.955223e-01 1.814529e-02 -9.277046e-02 1.753056e-01
-8.951843e-02 5.239604e-02 -9.946061e-01 -6.181758e+01 -1.381428e-02 9.984539e-01 5.384208e-02 1.523542e+00 9.958895e-01 1.855962e-02 -8.865619e-02 1.105338e-01
-8.410251e-02 5.393598e-02 -9.949963e-01 -6.248212e+01 -1.407727e-02 9.983701e-01 5.530875e-02 1.545058e+00 9.963577e-01 1.865843e-02 -8.320618e-02 5.242225e-02
-7.693315e-02 5.553211e-02 -9.954886e-01 -6.312219e+01 -1.340909e-02 9.982998e-01 5.672521e-02 1.563316e+00 9.969462e-01 1.771264e-02 -7.605767e-02 3.757599e-03
-6.839442e-02 5.703118e-02 -9.960269e-01 -6.375684e+01 -1.514798e-02 9.981903e-01 5.819523e-02 1.581463e+00 9.975433e-01 1.906803e-02 -6.740677e-02 -4.035753e-02
-5.676723e-02 5.862070e-02 -9.966649e-01 -6.437508e+01 -1.743171e-02 9.980644e-01 5.969588e-02 1.599058e+00 9.982352e-01 2.076235e-02 -5.563557e-02 -7.596485e-02
-4.210567e-02 6.017962e-02 -9.972991e-01 -6.497244e+01 -2.059124e-02 9.979200e-01 6.108645e-02 1.616805e+00 9.989009e-01 2.310771e-02 -4.077888e-02 -9.992827e-02
-2.390289e-02 6.154485e-02 -9.978182e-01 -6.555619e+01 -2.297274e-02 9.978058e-01 6.209442e-02 1.635166e+00 9.994504e-01 2.440684e-02 -2.243662e-02 -1.104817e-01
-2.089143e-03 6.247603e-02 -9.980443e-01 -6.611288e+01 -2.415214e-02 9.977522e-01 6.250831e-02 1.652385e+00 9.997061e-01 2.423550e-02 -5.754232e-04 -1.008089e-01
2.334368e-02 6.306858e-02 -9.977362e-01 -6.664986e+01 -2.480881e-02 9.977373e-01 6.248821e-02 1.669959e+00 9.994197e-01 2.329394e-02 2.485549e-02 -7.487649e-02
5.239999e-02 6.343053e-02 -9.966096e-01 -6.716140e+01 -2.440112e-02 9.977641e-01 6.222103e-02 1.682662e+00 9.983280e-01 2.105801e-02 5.383056e-02 -2.747550e-02
8.637750e-02 6.369512e-02 -9.942243e-01 -6.765078e+01 -2.415249e-02 9.977947e-01 6.182551e-02 1.699768e+00 9.959697e-01 1.867266e-02 8.772540e-02 3.588953e-02
1.235710e-01 6.418759e-02 -9.902576e-01 -6.811903e+01 -2.470183e-02 9.977956e-01 6.159373e-02 1.717418e+00 9.920282e-01 1.684998e-02 1.248842e-01 1.198951e-01
1.636167e-01 6.464466e-02 -9.844037e-01 -6.856788e+01 -2.545302e-02 9.977952e-01 6.129354e-02 1.729021e+00 9.861956e-01 1.502740e-02 1.649014e-01 2.252030e-01
2.086300e-01 6.554195e-02 -9.757960e-01 -6.900347e+01 -2.612482e-02 9.977693e-01 6.143223e-02 1.746779e+00 9.776456e-01 1.267588e-02 2.098769e-01 3.483366e-01
2.557182e-01 6.384864e-02 -9.646406e-01 -6.942870e+01 -2.396038e-02 9.979287e-01 5.970024e-02 1.763036e+00 9.664544e-01 7.846726e-03 2.567183e-01 5.064563e-01
3.060659e-01 5.960995e-02 -9.501423e-01 -6.983558e+01 -1.786133e-02 9.982216e-01 5.687275e-02 1.769264e+00 9.518428e-01 -4.360061e-04 3.065863e-01 6.838057e-01
3.564836e-01 5.471053e-02 -9.326983e-01 -7.022622e+01 -1.390965e-02 9.984842e-01 5.325306e-02 1.778934e+00 9.341980e-01 -6.010337e-03 3.567042e-01 8.910699e-01
4.085764e-01 5.000828e-02 -9.113531e-01 -7.060087e+01 -1.018055e-02 9.986855e-01 5.023630e-02 1.792808e+00 9.126674e-01 -1.124729e-02 4.085484e-01 1.108758e+00
4.587343e-01 4.941469e-02 -8.871984e-01 -7.096507e+01 -1.133097e-02 9.986966e-01 4.976607e-02 1.809899e+00 8.885013e-01 -1.277659e-02 4.586964e-01 1.357063e+00
5.070235e-01 4.786731e-02 -8.606020e-01 -7.131670e+01 -1.107317e-02 9.987361e-01 4.902667e-02 1.828956e+00 8.618611e-01 -1.532808e-02 5.069127e-01 1.604653e+00
5.522759e-01 4.393863e-02 -8.325027e-01 -7.164601e+01 -4.985141e-03 9.987663e-01 4.940674e-02 1.843877e+00 8.336465e-01 -2.313601e-02 5.518136e-01 1.882860e+00
5.961201e-01 3.727713e-02 -8.020295e-01 -7.195749e+01 4.714681e-03 9.987419e-01 4.992428e-02 1.842229e+00 8.028815e-01 -3.354218e-02 5.951943e-01 2.191959e+00
6.385262e-01 3.232361e-02 -7.689210e-01 -7.224939e+01 5.833690e-03 9.988856e-01 4.683518e-02 1.849871e+00 7.695779e-01 -3.439114e-02 6.376261e-01 2.488197e+00
6.796536e-01 2.726622e-02 -7.330263e-01 -7.253248e+01 2.246123e-03 9.992269e-01 3.925060e-02 1.863711e+00 7.335298e-01 -2.832328e-02 6.790669e-01 2.810330e+00
7.200089e-01 2.167278e-02 -6.936263e-01 -7.279614e+01 -2.608330e-03 9.995897e-01 2.852525e-02 1.868111e+00 6.939599e-01 -1.872923e-02 7.197700e-01 3.129276e+00
7.592083e-01 1.835862e-02 -6.505888e-01 -7.305962e+01 -7.910112e-03 9.997885e-01 1.898175e-02 1.878816e+00 6.507996e-01 -9.264875e-03 7.591929e-01 3.500845e+00
7.962562e-01 1.677177e-02 -6.047270e-01 -7.330592e+01 -1.033118e-02 9.998468e-01 1.412692e-02 1.885570e+00 6.048713e-01 -5.001105e-03 7.963076e-01 3.882365e+00
8.305833e-01 1.520397e-02 -5.566869e-01 -7.354077e+01 -1.064033e-02 9.998780e-01 1.143269e-02 1.888155e+00 5.567929e-01 -3.572467e-03 8.306437e-01 4.300863e+00
8.614501e-01 1.599945e-02 -5.075902e-01 -7.376871e+01 -1.400803e-02 9.998719e-01 7.742834e-03 1.892872e+00 5.076491e-01 4.402720e-04 8.615639e-01 4.761353e+00
8.877526e-01 1.725954e-02 -4.599972e-01 -7.397615e+01 -1.509318e-02 9.998509e-01 8.386919e-03 1.883227e+00 4.600734e-01 -5.026888e-04 8.878807e-01 5.219727e+00
9.094839e-01 2.179791e-02 -4.151675e-01 -7.418224e+01 -2.028683e-02 9.997618e-01 8.050167e-03 1.885162e+00 4.152440e-01 1.100936e-03 9.097094e-01 5.723685e+00
9.270548e-01 2.710289e-02 -3.739450e-01 -7.436769e+01 -2.684190e-02 9.996222e-01 5.906577e-03 1.884727e+00 3.739638e-01 4.561675e-03 9.274321e-01 6.226014e+00
9.408481e-01 3.150785e-02 -3.373607e-01 -7.454438e+01 -3.121344e-02 9.994929e-01 6.298207e-03 1.885894e+00 3.373880e-01 4.604532e-03 9.413544e-01 6.765300e+00
9.514188e-01 3.164728e-02 -3.062692e-01 -7.471272e+01 -3.087248e-02 9.994961e-01 7.374842e-03 1.882049e+00 3.063483e-01 2.438725e-03 9.519164e-01 7.330262e+00
9.589202e-01 3.051631e-02 -2.820299e-01 -7.486252e+01 -2.932841e-02 9.995342e-01 8.433474e-03 1.874453e+00 2.821559e-01 1.844605e-04 9.593685e-01 7.891558e+00
9.650946e-01 3.045443e-02 -2.601247e-01 -7.501430e+01 -2.884443e-02 9.995338e-01 1.000531e-02 1.871005e+00 2.603082e-01 -2.152925e-03 9.655232e-01 8.489270e+00
9.697720e-01 3.182933e-02 -2.419280e-01 -7.515824e+01 -2.981803e-02 9.994836e-01 1.197136e-02 1.870316e+00 2.421841e-01 -4.395670e-03 9.702203e-01 9.089881e+00
9.733547e-01 3.646689e-02 -2.263863e-01 -7.530180e+01 -3.434075e-02 9.993213e-01 1.332415e-02 1.870357e+00 2.267186e-01 -5.194844e-03 9.739465e-01 9.714018e+00
9.764560e-01 3.850492e-02 -2.122525e-01 -7.544411e+01 -3.636795e-02 9.992409e-01 1.396449e-02 1.876383e+00 2.126291e-01 -5.916521e-03 9.771151e-01 1.035995e+01
9.791239e-01 3.826573e-02 -1.996299e-01 -7.557150e+01 -3.618164e-02 9.992461e-01 1.407887e-02 1.871542e+00 2.000181e-01 -6.562021e-03 9.797702e-01 1.100733e+01
9.818404e-01 3.800816e-02 -1.858626e-01 -7.569537e+01 -3.610867e-02 9.992554e-01 1.359561e-02 1.871775e+00 1.862409e-01 -6.637466e-03 9.824817e-01 1.167834e+01
9.846139e-01 3.795256e-02 -1.705730e-01 -7.581637e+01 -3.611057e-02 9.992512e-01 1.388949e-02 1.874506e+00 1.709724e-01 -7.516297e-03 9.852471e-01 1.237488e+01
9.868994e-01 3.828620e-02 -1.567282e-01 -7.592743e+01 -3.653160e-02 9.992335e-01 1.406151e-02 1.876663e+00 1.571465e-01 -8.151767e-03 9.875417e-01 1.307442e+01
9.889194e-01 3.849016e-02 -1.433769e-01 -7.603147e+01 -3.719493e-02 9.992395e-01 1.170415e-02 1.867884e+00 1.437183e-01 -6.241569e-03 9.895989e-01 1.379257e+01
9.904210e-01 3.847464e-02 -1.326122e-01 -7.612541e+01 -3.790727e-02 9.992581e-01 6.801358e-03 1.862957e+00 1.327755e-01 -1.709240e-03 9.911447e-01 1.451044e+01
9.916778e-01 3.790715e-02 -1.230378e-01 -7.621569e+01 -3.805568e-02 9.992750e-01 1.143513e-03 1.853524e+00 1.229919e-01 3.548291e-03 9.924013e-01 1.524624e+01
9.926810e-01 3.876139e-02 -1.143770e-01 -7.630175e+01 -3.890184e-02 9.992425e-01 1.004659e-03 1.849841e+00 1.143293e-01 3.452170e-03 9.934369e-01 1.599385e+01
9.934098e-01 3.928070e-02 -1.076760e-01 -7.638548e+01 -3.872299e-02 9.992236e-01 7.266311e-03 1.841716e+00 1.078779e-01 -3.048887e-03 9.941595e-01 1.674636e+01
9.938795e-01 4.214771e-02 -1.021131e-01 -7.647049e+01 -4.083949e-02 9.990551e-01 1.486930e-02 1.841160e+00 1.026433e-01 -1.060804e-02 9.946617e-01 1.749975e+01
9.944030e-01 4.164191e-02 -9.710080e-02 -7.655203e+01 -4.000188e-02 9.990231e-01 1.877668e-02 1.835198e+00 9.778785e-02 -1.478737e-02 9.950974e-01 1.825947e+01
9.947180e-01 4.204906e-02 -9.363719e-02 -7.662793e+01 -4.046125e-02 9.990044e-01 1.879233e-02 1.828277e+00 9.433416e-02 -1.490439e-02 9.954290e-01 1.901879e+01
9.950666e-01 4.178865e-02 -8.997893e-02 -7.670057e+01 -4.031680e-02 9.990227e-01 1.811436e-02 1.825903e+00 9.064797e-02 -1.439733e-02 9.957789e-01 1.977963e+01
9.953271e-01 4.125121e-02 -8.730602e-02 -7.676833e+01 -3.964667e-02 9.990129e-01 2.003395e-02 1.826017e+00 8.804627e-02 -1.647894e-02 9.959801e-01 2.054087e+01
9.956198e-01 3.961052e-02 -8.468916e-02 -7.683479e+01 -3.782954e-02 9.990301e-01 2.253265e-02 1.823126e+00 8.549956e-02 -1.923019e-02 9.961526e-01 2.130322e+01
9.960052e-01 3.677921e-02 -8.136902e-02 -7.689812e+01 -3.492339e-02 9.990990e-01 2.411474e-02 1.821851e+00 8.218262e-02 -2.117672e-02 9.963923e-01 2.206537e+01
9.962182e-01 3.602747e-02 -7.906516e-02 -7.696193e+01 -3.446754e-02 9.991850e-01 2.100692e-02 1.817957e+00 7.975754e-02 -1.820230e-02 9.966481e-01 2.281367e+01
9.962487e-01 3.878564e-02 -7.735730e-02 -7.702896e+01 -3.781144e-02 9.991866e-01 1.401911e-02 1.817133e+00 7.783812e-02 -1.104153e-02 9.969049e-01 2.356536e+01
9.963306e-01 3.994829e-02 -7.569340e-02 -7.709295e+01 -3.954842e-02 9.991947e-01 6.774933e-03 1.808805e+00 7.590309e-02 -3.756518e-03 9.971081e-01 2.431404e+01
9.963614e-01 4.138485e-02 -7.450644e-02 -7.715363e+01 -4.127545e-02 9.991433e-01 3.008128e-03 1.800147e+00 7.456710e-02 7.810420e-05 9.972160e-01 2.505963e+01
9.964941e-01 4.227943e-02 -7.219389e-02 -7.721457e+01 -4.207589e-02 9.991050e-01 4.338485e-03 1.792793e+00 7.231271e-02 -1.285652e-03 9.973812e-01 2.581246e+01
9.965543e-01 4.468416e-02 -6.987722e-02 -7.727599e+01 -4.423195e-02 9.989892e-01 8.006150e-03 1.782410e+00 7.016434e-02 -4.887757e-03 9.975235e-01 2.656551e+01
9.966154e-01 4.710253e-02 -6.737230e-02 -7.733619e+01 -4.635578e-02 9.988455e-01 1.260566e-02 1.777462e+00 6.788827e-02 -9.439898e-03 9.976483e-01 2.731603e+01
9.968681e-01 4.545874e-02 -6.471120e-02 -7.738680e+01 -4.457587e-02 9.988930e-01 1.502298e-02 1.768186e+00 6.532249e-02 -1.209137e-02 9.977909e-01 2.806364e+01
9.970459e-01 4.328582e-02 -6.344838e-02 -7.743676e+01 -4.238276e-02 9.989811e-01 1.551110e-02 1.758328e+00 6.405514e-02 -1.277617e-02 9.978645e-01 2.881213e+01
9.972020e-01 4.184310e-02 -6.194589e-02 -7.748548e+01 -4.094540e-02 9.990382e-01 1.569150e-02 1.751783e+00 6.254289e-02 -1.311119e-02 9.979562e-01 2.955963e+01
9.972485e-01 4.160927e-02 -6.135232e-02 -7.753621e+01 -4.079796e-02 9.990634e-01 1.441831e-02 1.748812e+00 6.189479e-02 -1.187558e-02 9.980120e-01 3.030820e+01
9.973390e-01 4.055036e-02 -6.058598e-02 -7.758331e+01 -3.981389e-02 9.991184e-01 1.331444e-02 1.744647e+00 6.107247e-02 -1.086684e-02 9.980742e-01 3.106133e+01
9.974430e-01 3.964633e-02 -5.946206e-02 -7.762992e+01 -3.890114e-02 9.991500e-01 1.363841e-02 1.739221e+00 5.995223e-02 -1.129040e-02 9.981374e-01 3.182144e+01
9.974181e-01 4.084565e-02 -5.906574e-02 -7.768225e+01 -4.005842e-02 9.990928e-01 1.445178e-02 1.737298e+00 5.960245e-02 -1.204839e-02 9.981495e-01 3.258763e+01
9.974003e-01 4.143373e-02 -5.895665e-02 -7.773419e+01 -4.065418e-02 9.990700e-01 1.436142e-02 1.732678e+00 5.949687e-02 -1.192725e-02 9.981573e-01 3.335566e+01
9.973823e-01 4.034875e-02 -6.000387e-02 -7.778578e+01 -3.954850e-02 9.991130e-01 1.446547e-02 1.731232e+00 6.053431e-02 -1.205454e-02 9.980933e-01 3.412725e+01
9.972884e-01 3.926704e-02 -6.224107e-02 -7.783834e+01 -3.838952e-02 9.991468e-01 1.523298e-02 1.728190e+00 6.278611e-02 -1.280227e-02 9.979449e-01 3.490760e+01
9.970762e-01 4.047479e-02 -6.481370e-02 -7.789691e+01 -3.953714e-02 9.990950e-01 1.568525e-02 1.726812e+00 6.538990e-02 -1.307684e-02 9.977741e-01 3.569151e+01
9.967668e-01 4.282489e-02 -6.798546e-02 -7.796339e+01 -4.186547e-02 9.990034e-01 1.547542e-02 1.725424e+00 6.858043e-02 -1.257914e-02 9.975663e-01 3.648733e+01
9.965203e-01 4.421681e-02 -7.065441e-02 -7.803111e+01 -4.349947e-02 9.989854e-01 1.166006e-02 1.722983e+00 7.109830e-02 -8.546057e-03 9.974327e-01 3.728101e+01
9.962993e-01 4.548653e-02 -7.292891e-02 -7.809791e+01 -4.500134e-02 9.989526e-01 8.283103e-03 1.721106e+00 7.322928e-02 -4.970551e-03 9.973028e-01 3.807391e+01
9.961361e-01 4.565598e-02 -7.502306e-02 -7.816417e+01 -4.524177e-02 9.989500e-01 7.212227e-03 1.716778e+00 7.527357e-02 -3.790184e-03 9.971557e-01 3.889352e+01
9.960354e-01 4.469303e-02 -7.691548e-02 -7.823252e+01 -4.417319e-02 9.989882e-01 8.447496e-03 1.713349e+00 7.721520e-02 -5.016403e-03 9.970018e-01 3.970868e+01
9.959227e-01 4.343052e-02 -7.906757e-02 -7.829811e+01 -4.278645e-02 9.990360e-01 9.822574e-03 1.702535e+00 7.941794e-02 -6.399503e-03 9.968209e-01 4.054739e+01
9.958298e-01 4.263253e-02 -8.065634e-02 -7.836714e+01 -4.181690e-02 9.990559e-01 1.177547e-02 1.693938e+00 8.108222e-02 -8.353568e-03 9.966724e-01 4.138668e+01
9.958036e-01 4.181771e-02 -8.140317e-02 -7.843906e+01 -4.073104e-02 9.990581e-01 1.496506e-02 1.694959e+00 8.195229e-02 -1.158662e-02 9.965689e-01 4.222478e+01
9.957355e-01 4.118288e-02 -8.255228e-02 -7.851211e+01 -3.970564e-02 9.990219e-01 1.945772e-02 1.694706e+00 8.327287e-02 -1.609695e-02 9.963968e-01 4.306916e+01
9.958038e-01 4.083874e-02 -8.189640e-02 -7.858633e+01 -3.916311e-02 9.989914e-01 2.196410e-02 1.693036e+00 8.271080e-02 -1.866462e-02 9.963988e-01 4.391615e+01
9.958863e-01 4.296615e-02 -7.977773e-02 -7.866105e+01 -4.128370e-02 9.988914e-01 2.262087e-02 1.698294e+00 8.066122e-02 -1.923430e-02 9.965560e-01 4.476908e+01
9.959968e-01 4.340065e-02 -7.814601e-02 -7.873306e+01 -4.181146e-02 9.988863e-01 2.185948e-02 1.700788e+00 7.900770e-02 -1.850458e-02 9.967023e-01 4.562321e+01
9.962267e-01 4.170237e-02 -7.611292e-02 -7.880144e+01 -4.029252e-02 9.989884e-01 1.996637e-02 1.704754e+00 7.686857e-02 -1.682425e-02 9.968992e-01 4.648292e+01
9.965051e-01 3.761911e-02 -7.458103e-02 -7.886594e+01 -3.633342e-02 9.991680e-01 1.852178e-02 1.702807e+00 7.521576e-02 -1.574727e-02 9.970430e-01 4.734440e+01
9.966982e-01 3.610364e-02 -7.272725e-02 -7.893055e+01 -3.483027e-02 9.992182e-01 1.870206e-02 1.705713e+00 7.334560e-02 -1.610720e-02 9.971765e-01 4.820830e+01
9.968907e-01 3.367760e-02 -7.123679e-02 -7.899503e+01 -3.226234e-02 9.992604e-01 2.092545e-02 1.709450e+00 7.188882e-02 -1.856212e-02 9.972399e-01 4.907825e+01
9.970543e-01 3.062440e-02 -7.031921e-02 -7.905753e+01 -2.904447e-02 9.993046e-01 2.338171e-02 1.709174e+00 7.098636e-02 -2.127045e-02 9.972505e-01 4.994312e+01
9.971651e-01 2.979622e-02 -6.909412e-02 -7.911980e+01 -2.818318e-02 9.993097e-01 2.420420e-02 1.708602e+00 6.976762e-02 -2.218829e-02 9.973165e-01 5.080859e+01
9.971964e-01 3.083595e-02 -6.817897e-02 -7.918581e+01 -2.943954e-02 9.993376e-01 2.139242e-02 1.708232e+00 6.879347e-02 -1.932528e-02 9.974437e-01 5.166758e+01
9.971489e-01 3.384221e-02 -6.744494e-02 -7.925125e+01 -3.281091e-02 9.993280e-01 1.634083e-02 1.704662e+00 6.795262e-02 -1.408131e-02 9.975892e-01 5.252551e+01
9.971601e-01 3.566203e-02 -6.633148e-02 -7.931831e+01 -3.499632e-02 9.993250e-01 1.117150e-02 1.699953e+00 6.668510e-02 -8.818417e-03 9.977351e-01 5.338111e+01
9.970173e-01 4.034688e-02 -6.579224e-02 -7.938782e+01 -4.006980e-02 9.991816e-01 5.526023e-03 1.692505e+00 6.596135e-02 -2.873258e-03 9.978181e-01 5.422292e+01
9.970421e-01 4.139747e-02 -6.475527e-02 -7.945087e+01 -4.121147e-02 9.991416e-01 4.205939e-03 1.682949e+00 6.487379e-02 -1.524839e-03 9.978923e-01 5.506843e+01
9.971388e-01 3.977855e-02 -6.427975e-02 -7.950802e+01 -3.922582e-02 9.991819e-01 9.838508e-03 1.673859e+00 6.461853e-02 -7.288933e-03 9.978834e-01 5.591167e+01
9.971833e-01 3.836423e-02 -6.444927e-02 -7.956656e+01 -3.717976e-02 9.991187e-01 1.947856e-02 1.662060e+00 6.513976e-02 -1.702749e-02 9.977309e-01 5.676506e+01
9.972381e-01 3.552556e-02 -6.522328e-02 -7.962361e+01 -3.386624e-02 9.990783e-01 2.637269e-02 1.666275e+00 6.610008e-02 -2.409098e-02 9.975221e-01 5.760724e+01
9.970827e-01 3.571342e-02 -6.745789e-02 -7.968131e+01 -3.404037e-02 9.990876e-01 2.579050e-02 1.658708e+00 6.831741e-02 -2.341897e-02 9.973887e-01 5.842913e+01
9.970886e-01 3.187622e-02 -6.926873e-02 -7.973838e+01 -3.032563e-02 9.992679e-01 2.332277e-02 1.650741e+00 6.996145e-02 -2.115425e-02 9.973254e-01 5.925578e+01
9.969501e-01 3.043482e-02 -7.186262e-02 -7.980013e+01 -2.891131e-02 9.993366e-01 2.214640e-02 1.655230e+00 7.248897e-02 -2.000122e-02 9.971687e-01 6.007577e+01
9.967135e-01 3.155394e-02 -7.460896e-02 -7.986976e+01 -3.011474e-02 9.993395e-01 2.033712e-02 1.652678e+00 7.520140e-02 -1.802346e-02 9.970055e-01 6.089693e+01
9.964381e-01 3.283089e-02 -7.767397e-02 -7.994270e+01 -3.155396e-02 9.993469e-01 1.761059e-02 1.650972e+00 7.820141e-02 -1.509695e-02 9.968233e-01 6.171379e+01
9.960989e-01 3.352061e-02 -8.162886e-02 -8.001868e+01 -3.242153e-02 9.993654e-01 1.475310e-02 1.651948e+00 8.207159e-02 -1.204901e-02 9.965536e-01 6.252439e+01
9.957860e-01 3.574947e-02 -8.445311e-02 -8.009702e+01 -3.486146e-02 9.993205e-01 1.196678e-02 1.640531e+00 8.482353e-02 -8.972188e-03 9.963556e-01 6.332539e+01
9.953035e-01 4.029275e-02 -8.802024e-02 -8.018233e+01 -3.940246e-02 9.991534e-01 1.182950e-02 1.637057e+00 8.842237e-02 -8.305732e-03 9.960485e-01 6.413085e+01
9.948276e-01 4.428327e-02 -9.141720e-02 -8.026997e+01 -4.319398e-02 9.989706e-01 1.386087e-02 1.629960e+00 9.193689e-02 -9.840499e-03 9.957162e-01 6.493353e+01
9.943962e-01 4.711048e-02 -9.464003e-02 -8.035625e+01 -4.549821e-02 9.987814e-01 1.912318e-02 1.630532e+00 9.542561e-02 -1.471007e-02 9.953279e-01 6.572572e+01
9.939564e-01 4.757712e-02 -9.892956e-02 -8.044418e+01 -4.529136e-02 9.986553e-01 2.522513e-02 1.627577e+00 9.999666e-02 -2.059203e-02 9.947746e-01 6.652679e+01
9.935596e-01 4.675853e-02 -1.032134e-01 -8.053149e+01 -4.402676e-02 9.986212e-01 2.858977e-02 1.627293e+00 1.044079e-01 -2.386149e-02 9.942483e-01 6.731494e+01
9.928246e-01 4.760970e-02 -1.096939e-01 -8.062560e+01 -4.455775e-02 9.985530e-01 3.010907e-02 1.633279e+00 1.109687e-01 -2.500531e-02 9.935093e-01 6.810041e+01
9.922997e-01 4.450854e-02 -1.155865e-01 -8.072020e+01 -4.092078e-02 9.986097e-01 3.323037e-02 1.638283e+00 1.169048e-01 -2.824460e-02 9.927414e-01 6.888609e+01
9.915440e-01 4.591950e-02 -1.213749e-01 -8.082207e+01 -4.209876e-02 9.985396e-01 3.385924e-02 1.642242e+00 1.227525e-01 -2.846319e-02 9.920291e-01 6.965884e+01
9.905694e-01 4.985474e-02 -1.276200e-01 -8.093274e+01 -4.592222e-02 9.983806e-01 3.357518e-02 1.652417e+00 1.290872e-01 -2.739795e-02 9.912547e-01 7.042975e+01
9.896228e-01 5.277193e-02 -1.336482e-01 -8.104542e+01 -4.906332e-02 9.983178e-01 3.089434e-02 1.660595e+00 1.350537e-01 -2.401652e-02 9.905472e-01 7.119433e+01
9.888745e-01 5.238119e-02 -1.392242e-01 -8.115612e+01 -4.886895e-02 9.983976e-01 2.852948e-02 1.668190e+00 1.404956e-01 -2.140833e-02 9.898498e-01 7.194563e+01
9.880226e-01 5.357967e-02 -1.447083e-01 -8.127586e+01 -5.002556e-02 9.983528e-01 2.809122e-02 1.671358e+00 1.459750e-01 -2.051564e-02 9.890755e-01 7.270295e+01
9.873256e-01 5.445880e-02 -1.490716e-01 -8.139868e+01 -5.008116e-02 9.982009e-01 3.296686e-02 1.686012e+00 1.505987e-01 -2.508335e-02 9.882767e-01 7.346123e+01
9.863666e-01 5.569026e-02 -1.548529e-01 -8.152675e+01 -5.039193e-02 9.980088e-01 3.793570e-02 1.691838e+00 1.566572e-01 -2.961517e-02 9.872089e-01 7.422287e+01
9.854710e-01 5.419363e-02 -1.609658e-01 -8.165643e+01 -4.823845e-02 9.980071e-01 4.067967e-02 1.695823e+00 1.628496e-01 -3.232389e-02 9.861213e-01 7.497891e+01
9.844073e-01 5.274580e-02 -1.678098e-01 -8.178577e+01 -4.707018e-02 9.981828e-01 3.762428e-02 1.707349e+00 1.694893e-01 -2.913878e-02 9.851012e-01 7.571884e+01
9.829212e-01 5.248459e-02 -1.763839e-01 -8.192229e+01 -4.765753e-02 9.983671e-01 3.149549e-02 1.712062e+00 1.777489e-01 -2.255157e-02 9.838175e-01 7.645649e+01
9.813287e-01 5.100891e-02 -1.854510e-01 -8.206456e+01 -4.635474e-02 9.984938e-01 2.934922e-02 1.720599e+00 1.866688e-01 -2.020469e-02 9.822151e-01 7.719021e+01
9.793499e-01 5.025639e-02 -1.958270e-01 -8.221851e+01 -4.474957e-02 9.984711e-01 3.244743e-02 1.728723e+00 1.971583e-01 -2.301421e-02 9.801015e-01 7.792458e+01
9.770868e-01 5.112127e-02 -2.066106e-01 -8.238281e+01 -4.397122e-02 9.982691e-01 3.905458e-02 1.741087e+00 2.082495e-01 -2.907480e-02 9.776435e-01 7.865777e+01
9.746284e-01 5.240034e-02 -2.176089e-01 -8.255727e+01 -4.310252e-02 9.979523e-01 4.725954e-02 1.758589e+00 2.196397e-01 -3.668100e-02 9.748912e-01 7.938743e+01
9.720616e-01 5.184437e-02 -2.289288e-01 -8.273816e+01 -4.105330e-02 9.978209e-01 5.165385e-02 1.765487e+00 2.311079e-01 -4.081245e-02 9.720718e-01 8.011449e+01
9.690855e-01 5.535448e-02 -2.404353e-01 -8.292999e+01 -4.507199e-02 9.978270e-01 4.806106e-02 1.780800e+00 2.425733e-01 -3.573837e-02 9.694746e-01 8.082388e+01
9.659051e-01 5.577259e-02 -2.528177e-01 -8.312904e+01 -4.740290e-02 9.981110e-01 3.908165e-02 1.792093e+00 2.545199e-01 -2.576487e-02 9.667243e-01 8.152507e+01
9.626474e-01 5.427832e-02 -2.652617e-01 -8.333195e+01 -4.674897e-02 9.983065e-01 3.462100e-02 1.807666e+00 2.666917e-01 -2.092711e-02 9.635547e-01 8.222219e+01
9.594474e-01 5.345562e-02 -2.767726e-01 -8.354264e+01 -4.426960e-02 9.982449e-01 3.933717e-02 1.830578e+00 2.783897e-01 -2.548933e-02 9.601299e-01 8.292114e+01
9.560506e-01 5.436112e-02 -2.881182e-01 -8.376699e+01 -4.236719e-02 9.979625e-01 4.770676e-02 1.843228e+00 2.901246e-01 -3.340332e-02 9.564058e-01 8.363358e+01
9.524609e-01 5.468519e-02 -2.997128e-01 -8.399781e+01 -4.020130e-02 9.977158e-01 5.428567e-02 1.863209e+00 3.019968e-01 -3.965614e-02 9.524838e-01 8.433978e+01
9.485618e-01 5.277912e-02 -3.121615e-01 -8.423300e+01 -3.794280e-02 9.978512e-01 5.341664e-02 1.880591e+00 3.143100e-01 -3.882471e-02 9.485261e-01 8.503381e+01
