1.000000e+00 0.000000e+00 0.000000e+00 0.000000e+00 0.000000e+00 1.000000e+00 0.000000e+00 0.000000e+00 0.000000e+00 0.000000e+00 1.000000e+00 0.000000e+00
9.999961e-01 2.795275e-03 -2.186324e-05 -4.333002e-03 -2.795233e-03 9.999946e-01 1.724999e-03 -2.093441e-02 2.668497e-05 -1.724931e-03 9.999985e-01 7.659330e-01
9.999863e-01 5.233280e-03 2.651846e-04 -6.538369e-03 -5.233932e-03 9.999831e-01 2.518861e-03 -3.927194e-02 -2.519983e-04 -2.520214e-03 9.999968e-01 1.526334e+00
9.999810e-01 6.104590e-03 7.904373e-04 -7.630389e-03 -6.106648e-03 9.999779e-01 2.626497e-03 -6.011263e-02 -7.743862e-04 -2.631274e-03 9.999962e-01 2.272683e+00
9.999685e-01 7.887447e-03 9.527850e-04 -1.084748e-02 -7.889867e-03 9.999656e-01 2.562875e-03 -7.462483e-02 -9.325377e-04 -2.570312e-03 9.999962e-01 3.004926e+00
9.999682e-01 7.888931e-03 1.155306e-03 -1.563405e-02 -7.892150e-03 9.999649e-01 2.808515e-03 -9.260595e-02 -1.133110e-03 -2.817543e-03 9.999954e-01 3.720681e+00
9.999686e-01 7.718127e-03 1.785007e-03 -2.419960e-02 -7.725430e-03 9.999617e-01 4.120890e-03 -1.073325e-01 -1.753133e-03 -4.134550e-03 9.999899e-01 4.405320e+00
9.999638e-01 8.265873e-03 2.039534e-03 -3.342012e-02 -8.279404e-03 9.999431e-01 6.717214e-03 -1.188376e-01 -1.983894e-03 -6.733857e-03 9.999754e-01 5.075449e+00
9.999645e-01 7.657458e-03 3.514319e-03 -3.131513e-02 -7.694080e-03 9.999150e-01 1.052811e-02 -1.291157e-01 -3.433402e-03 -1.055478e-02 9.999384e-01 5.719098e+00
9.999648e-01 7.248936e-03 4.216509e-03 -2.381452e-02 -7.307133e-03 9.998759e-01 1.395446e-02 -1.428753e-01 -4.114831e-03 -1.398478e-02 9.998937e-01 6.346130e+00
9.999646e-01 6.639038e-03 5.166284e-03 -1.632741e-02 -6.721567e-03 9.998474e-01 1.612467e-02 -1.540953e-01 -5.058443e-03 -1.615882e-02 9.998567e-01 6.942932e+00
9.999572e-01 6.607037e-03 6.473910e-03 -1.365018e-02 -6.713108e-03 9.998413e-01 1.650207e-02 -1.647039e-01 -6.363853e-03 -1.654482e-02 9.998429e-01 7.513516e+00
9.999425e-01 7.850045e-03 7.297975e-03 -1.208087e-02 -7.954208e-03 9.998653e-01 1.435503e-02 -1.751612e-01 -7.184304e-03 -1.441226e-02 9.998703e-01 8.067668e+00
9.999382e-01 7.467071e-03 8.231482e-03 -4.349933e-03 -7.559838e-03 9.999076e-01 1.129687e-02 -1.806918e-01 -8.146366e-03 -1.135840e-02 9.999023e-01 8.589334e+00
9.999356e-01 6.131367e-03 9.546421e-03 4.707616e-03 -6.225208e-03 9.999323e-01 9.831444e-03 -1.859154e-01 -9.485493e-03 -9.890241e-03 9.999061e-01 9.092595e+00
9.999312e-01 2.173551e-03 1.152337e-02 1.396378e-02 -2.259094e-03 9.999700e-01 7.415628e-03 -1.976972e-01 -1.150691e-02 -7.441151e-03 9.999061e-01 9.558964e+00
9.999075e-01 -1.997255e-05 1.360379e-02 2.388708e-02 -6.650350e-05 9.999798e-01 6.356281e-03 -2.159488e-01 -1.360364e-02 -6.356597e-03 9.998873e-01 1.000094e+01
9.998687e-01 3.904547e-03 1.572659e-02 2.537485e-02 -3.975305e-03 9.999821e-01 4.470552e-03 -2.224187e-01 -1.570885e-02 -4.532483e-03 9.998663e-01 1.041023e+01
9.997950e-01 8.215880e-03 1.850503e-02 3.057893e-02 -8.282339e-03 9.999595e-01 3.517611e-03 -2.320090e-01 -1.847539e-02 -3.670156e-03 9.998226e-01 1.078754e+01
9.997270e-01 8.698710e-03 2.168713e-02 4.123494e-02 -8.803206e-03 9.999501e-01 4.727534e-03 -2.372232e-01 -2.164493e-02 -4.917160e-03 9.997537e-01 1.111649e+01
9.996780e-01 4.438458e-03 2.498354e-02 4.914923e-02 -4.578725e-03 9.999741e-01 5.559935e-03 -2.456696e-01 -2.495822e-02 -5.672537e-03 9.996724e-01 1.143148e+01
9.996166e-01 -1.298293e-03 2.765886e-02 6.171664e-02 1.141264e-03 9.999831e-01 5.692367e-03 -2.545758e-01 -2.766578e-02 -5.658619e-03 9.996012e-01 1.171452e+01
9.995437e-01 -4.417284e-03 2.988091e-02 8.422925e-02 4.201084e-03 9.999646e-01 7.294314e-03 -2.648470e-01 -2.991207e-02 -7.165453e-03 9.995269e-01 1.195997e+01
9.994767e-01 -5.375050e-03 3.189558e-02 9.690476e-02 5.108862e-03 9.999515e-01 8.421248e-03 -2.660363e-01 -3.193930e-02 -8.253891e-03 9.994557e-01 1.216587e+01
9.994109e-01 -4.552622e-03 3.401677e-02 9.818747e-02 4.268213e-03 9.999554e-01 8.428792e-03 -2.682515e-01 -3.405363e-02 -8.278634e-03 9.993857e-01 1.233249e+01
9.993348e-01 -4.029491e-03 3.624626e-02 9.774517e-02 3.731589e-03 9.999588e-01 8.282752e-03 -2.730833e-01 -3.627814e-02 -8.141986e-03 9.993086e-01 1.248103e+01
9.992461e-01 -3.125183e-03 3.869613e-02 9.368965e-02 2.808245e-03 9.999621e-01 8.242095e-03 -2.760478e-01 -3.872042e-02 -8.127213e-03 9.992170e-01 1.262094e+01
9.991801e-01 -1.157641e-03 4.046863e-02 8.574173e-02 8.275404e-04 9.999663e-01 8.172755e-03 -2.829965e-01 -4.047672e-02 -8.132565e-03 9.991474e-01 1.275386e+01
9.991315e-01 -1.063079e-03 4.165467e-02 8.169312e-02 7.243792e-04 9.999666e-01 8.145394e-03 -2.871944e-01 -4.166194e-02 -8.108146e-03 9.990988e-01 1.286736e+01
9.990599e-01 -9.635021e-04 4.334039e-02 9.925166e-02 6.180253e-04 9.999679e-01 7.983936e-03 -2.932967e-01 -4.334670e-02 -7.949645e-03 9.990284e-01 1.297207e+01
9.990104e-01 -1.526281e-03 4.445162e-02 1.226935e-01 1.172428e-03 9.999675e-01 7.985399e-03 -2.965185e-01 -4.446236e-02 -7.925381e-03 9.989796e-01 1.306192e+01
9.989612e-01 -1.983610e-03 4.552701e-02 1.390819e-01 1.614481e-03 9.999655e-01 8.143262e-03 -2.977036e-01 -4.554160e-02 -8.061300e-03 9.989299e-01 1.314831e+01
9.989004e-01 -1.635014e-03 4.685546e-02 1.392049e-01 1.259545e-03 9.999669e-01 8.041753e-03 -2.970392e-01 -4.686705e-02 -7.973894e-03 9.988693e-01 1.323118e+01
9.988402e-01 -1.389031e-03 4.812899e-02 1.369498e-01 1.025028e-03 9.999707e-01 7.586932e-03 -2.970656e-01 -4.813812e-02 -7.528799e-03 9.988123e-01 1.330853e+01
9.988074e-01 -1.103467e-03 4.881245e-02 1.425740e-01 7.602556e-04 9.999748e-01 7.049229e-03 -2.989335e-01 -4.881900e-02 -7.003712e-03 9.987831e-01 1.338094e+01
9.987791e-01 -1.404796e-03 4.938017e-02 1.565644e-01 1.097935e-03 9.999799e-01 6.240836e-03 -3.014063e-01 -4.938795e-02 -6.179000e-03 9.987606e-01 1.345615e+01
9.988108e-01 -2.069118e-03 4.871070e-02 1.731438e-01 1.783004e-03 9.999809e-01 5.916463e-03 -3.034358e-01 -4.872201e-02 -5.822576e-03 9.987954e-01 1.352917e+01
9.989104e-01 -2.047423e-03 4.662385e-02 1.830575e-01 1.772132e-03 9.999807e-01 5.945074e-03 -3.035107e-01 -4.663512e-02 -5.855973e-03 9.988948e-01 1.360585e+01
9.990431e-01 -2.347156e-03 4.367312e-02 1.849578e-01 2.084337e-03 9.999794e-01 6.062426e-03 -3.021800e-01 -4.368645e-02 -5.965595e-03 9.990275e-01 1.368761e+01
9.992103e-01 -1.826774e-03 3.969180e-02 1.795568e-01 1.586198e-03 9.999802e-01 6.091744e-03 -3.019752e-01 -3.970214e-02 -6.023975e-03 9.991934e-01 1.377861e+01
9.994121e-01 -1.674726e-03 3.424328e-02 1.725413e-01 1.462686e-03 9.999796e-01 6.216277e-03 -3.020059e-01 -3.425300e-02 -6.162535e-03 9.993942e-01 1.386814e+01
9.996137e-01 -1.935983e-03 2.772436e-02 1.668621e-01 1.755748e-03 9.999772e-01 6.523848e-03 -3.015350e-01 -2.773636e-02 -6.472651e-03 9.995943e-01 1.395808e+01
9.997887e-01 -1.650230e-03 2.048929e-02 1.559181e-01 1.513176e-03 9.999764e-01 6.702736e-03 -2.998706e-01 -2.049987e-02 -6.670316e-03 9.997676e-01 1.407442e+01
9.999185e-01 -1.871939e-03 1.262738e-02 1.402991e-01 1.785886e-03 9.999751e-01 6.822571e-03 -2.958844e-01 -1.263984e-02 -6.799464e-03 9.998970e-01 1.419322e+01
9.999938e-01 -1.994000e-03 2.903394e-03 1.291911e-01 1.974549e-03 9.999757e-01 6.686988e-03 -2.929585e-01 -2.916657e-03 -6.681214e-03 9.999734e-01 1.431779e+01
9.999490e-01 -2.761680e-03 -9.718054e-03 1.086869e-01 2.820229e-03 9.999779e-01 6.016238e-03 -2.883251e-01 9.701225e-03 -6.043338e-03 9.999347e-01 1.445868e+01
9.996781e-01 -3.186914e-03 -2.517018e-02 8.447574e-02 3.318882e-03 9.999810e-01 5.203016e-03 -2.877874e-01 2.515312e-02 -5.284878e-03 9.996696e-01 1.460140e+01
9.990064e-01 -2.799300e-03 -4.447906e-02 5.492117e-02 3.032969e-03 9.999819e-01 5.186857e-03 -2.858041e-01 4.446374e-02 -5.316607e-03 9.989969e-01 1.476341e+01
9.978254e-01 -2.354166e-03 -6.587116e-02 1.840528e-02 2.751718e-03 9.999785e-01 5.945213e-03 -2.855556e-01 6.585576e-02 -6.113543e-03 9.978104e-01 1.493161e+01
9.959813e-01 -2.219100e-03 -8.953422e-02 -1.808071e-02 2.874686e-03 9.999700e-01 7.193896e-03 -2.849728e-01 8.951557e-02 -7.422369e-03 9.959578e-01 1.512114e+01
9.932377e-01 -1.348616e-03 -1.160908e-01 -6.689648e-02 2.345490e-03 9.999616e-01 8.450844e-03 -2.847341e-01 1.160749e-01 -8.665987e-03 9.932027e-01 1.533305e+01
9.892802e-01 -9.058737e-04 -1.460269e-01 -1.290602e-01 2.385706e-03 9.999475e-01 9.959161e-03 -2.827732e-01 1.460102e-01 -1.020078e-02 9.892305e-01 1.554823e+01
9.838159e-01 -2.243621e-04 -1.791820e-01 -1.917082e-01 2.478111e-03 9.999206e-01 1.235426e-02 -2.831312e-01 1.791650e-01 -1.259835e-02 9.837384e-01 1.579715e+01
9.764639e-01 5.958299e-04 -2.156802e-01 -2.770041e-01 2.733598e-03 9.998817e-01 1.513825e-02 -2.786961e-01 2.156637e-01 -1.537153e-02 9.763467e-01 1.605836e+01
9.669150e-01 2.028079e-03 -2.550907e-01 -3.740025e-01 3.379536e-03 9.997788e-01 2.075871e-02 -2.800545e-01 2.550764e-01 -2.093399e-02 9.666942e-01 1.630530e+01
9.550718e-01 6.290996e-03 -2.963078e-01 -5.169171e-01 1.200983e-03 9.996843e-01 2.509564e-02 -2.671342e-01 2.963721e-01 -2.432400e-02 9.547628e-01 1.657843e+01
9.410458e-01 9.685883e-03 -3.381406e-01 -6.698906e-01 6.169453e-05 9.995851e-01 2.880436e-02 -2.629811e-01 3.382793e-01 -2.712708e-02 9.406547e-01 1.684931e+01
9.246866e-01 1.201704e-02 -3.805396e-01 -8.271486e-01 9.092740e-04 9.994292e-01 3.377039e-02 -2.561773e-01 3.807282e-01 -3.157305e-02 9.241478e-01 1.711370e+01
9.054691e-01 1.558922e-02 -4.241259e-01 -1.000767e+00 1.965069e-03 9.991605e-01 4.092048e-02 -2.513217e-01 4.244078e-01 -3.788567e-02 9.046782e-01 1.739898e+01
8.837767e-01 2.029158e-02 -4.674688e-01 -1.194556e+00 2.081166e-03 9.988789e-01 4.729323e-02 -2.438530e-01 4.679044e-01 -4.276953e-02 8.827436e-01 1.767408e+01
8.592712e-01 2.518878e-02 -5.108998e-01 -1.414383e+00 9.436263e-04 9.987071e-01 5.082611e-02 -2.346245e-01 5.115194e-01 -4.415551e-02 8.581365e-01 1.793180e+01
8.315498e-01 2.848824e-02 -5.547192e-01 -1.661833e+00 1.239979e-03 9.985862e-01 5.314232e-02 -2.253998e-01 5.554489e-01 -4.487833e-02 8.303388e-01 1.819801e+01
8.012443e-01 3.191806e-02 -5.974854e-01 -1.915495e+00 3.184751e-04 9.985533e-01 5.377046e-02 -2.055138e-01 5.983373e-01 -4.327356e-02 8.000749e-01 1.845489e+01
7.676138e-01 3.448025e-02 -6.399844e-01 -2.205616e+00 1.432588e-03 9.984570e-01 5.551186e-02 -1.918198e-01 6.409110e-01 -4.352851e-02 7.663800e-01 1.871512e+01
7.308983e-01 3.793214e-02 -6.814315e-01 -2.511880e+00 2.011074e-03 9.983302e-01 5.772948e-02 -1.673129e-01 6.824835e-01 -4.356478e-02 7.296016e-01 1.895558e+01
6.925108e-01 3.934008e-02 -7.203341e-01 -2.822853e+00 5.189240e-03 9.982145e-01 5.950495e-02 -1.484606e-01 7.213888e-01 -4.494581e-02 6.910702e-01 1.919194e+01
6.517156e-01 4.025920e-02 -7.573942e-01 -3.180292e+00 8.278368e-03 9.981532e-01 6.018002e-02 -1.315408e-01 7.584182e-01 -4.549025e-02 6.501788e-01 1.944196e+01
6.092254e-01 3.968473e-02 -7.920035e-01 -3.556420e+00 1.368711e-02 9.980720e-01 6.053856e-02 -1.109170e-01 7.928790e-01 -4.772186e-02 6.075076e-01 1.968480e+01
5.650501e-01 4.005874e-02 -8.240835e-01 -3.944291e+00 1.876854e-02 9.979380e-01 6.137887e-02 -9.870910e-02 8.248431e-01 -5.014898e-02 5.631332e-01 1.991152e+01
5.181497e-01 4.169558e-02 -8.542731e-01 -4.381876e+00 2.137375e-02 9.978678e-01 6.166821e-02 -6.904413e-02 8.550229e-01 -5.021239e-02 5.161537e-01 2.012356e+01
4.689187e-01 4.152259e-02 -8.822648e-01 -4.820073e+00 2.388995e-02 9.979326e-01 5.966371e-02 -3.759045e-02 8.829182e-01 -4.905469e-02 4.669573e-01 2.031035e+01
4.167088e-01 4.113550e-02 -9.081088e-01 -5.309125e+00 2.868209e-02 9.978833e-01 5.836361e-02 -1.749503e-02 9.085875e-01 -5.036709e-02 4.146469e-01 2.049848e+01
3.633742e-01 4.025390e-02 -9.307733e-01 -5.811212e+00 3.422097e-02 9.978152e-01 5.651319e-02 2.082939e-03 9.310145e-01 -5.238739e-02 3.612027e-01 2.066216e+01
3.099374e-01 4.017241e-02 -9.499078e-01 -6.319404e+00 3.743251e-02 9.978167e-01 5.441205e-02 1.837710e-02 9.500198e-01 -5.242177e-02 3.077570e-01 2.079181e+01
2.559425e-01 4.513738e-02 -9.656377e-01 -6.882037e+00 3.850537e-02 9.976406e-01 5.683916e-02 6.086301e-02 9.659249e-01 -5.172978e-02 2.536005e-01 2.089984e+01
2.042326e-01 5.061992e-02 -9.776127e-01 -7.447721e+00 4.150712e-02 9.973162e-01 6.031138e-02 8.892150e-02 9.780420e-01 -5.289543e-02 2.015834e-01 2.099244e+01
1.566706e-01 5.262527e-02 -9.862479e-01 -8.019333e+00 4.628095e-02 9.970913e-01 6.055583e-02 1.003182e-01 9.865659e-01 -5.513180e-02 1.537793e-01 2.107092e+01
1.110532e-01 5.407137e-02 -9.923425e-01 -8.649228e+00 4.888048e-02 9.970131e-01 5.979609e-02 1.252912e-01 9.926117e-01 -5.514673e-02 1.080784e-01 2.111657e+01
7.116014e-02 5.288429e-02 -9.960620e-01 -9.260266e+00 4.947660e-02 9.971772e-01 5.647818e-02 1.479852e-01 9.962371e-01 -5.330075e-02 6.834275e-02 2.113506e+01
3.444344e-02 4.925463e-02 -9.981922e-01 -9.922599e+00 4.641109e-02 9.976285e-01 5.082826e-02 1.789891e-01 9.983284e-01 -4.807789e-02 3.207582e-02 2.113226e+01
5.940259e-03 4.892391e-02 -9.987848e-01 -1.057388e+01 4.442073e-02 9.978036e-01 4.914004e-02 2.175173e-01 9.989952e-01 -4.465865e-02 3.754020e-03 2.111081e+01
-1.581049e-02 5.279205e-02 -9.984804e-01 -1.128905e+01 4.378699e-02 9.976837e-01 5.205659e-02 2.470592e-01 9.989159e-01 -4.289741e-02 -1.808548e-02 2.107914e+01
-2.944112e-02 5.880242e-02 -9.978354e-01 -1.200179e+01 4.481295e-02 9.973421e-01 5.745114e-02 2.801167e-01 9.985615e-01 -4.302453e-02 -3.199792e-02 2.104728e+01
-3.750408e-02 6.150426e-02 -9.974020e-01 -1.273770e+01 4.561393e-02 9.971692e-01 5.977475e-02 3.084857e-01 9.982549e-01 -4.325363e-02 -4.020333e-02 2.101272e+01
-4.198372e-02 5.914248e-02 -9.973662e-01 -1.349675e+01 4.637763e-02 9.972858e-01 5.718546e-02 3.388235e-01 9.980413e-01 -4.385463e-02 -4.461265e-02 2.097238e+01
-4.137349e-02 5.496467e-02 -9.976308e-01 -1.425920e+01 5.341577e-02 9.971794e-01 5.272457e-02 3.855131e-01 9.977149e-01 -5.110782e-02 -4.419279e-02 2.094547e+01
-3.762305e-02 5.440037e-02 -9.978102e-01 -1.506419e+01 6.476450e-02 9.965506e-01 5.188972e-02 4.007465e-01 9.971911e-01 -6.267043e-02 -4.101646e-02 2.093365e+01
-3.216469e-02 5.416504e-02 -9.980139e-01 -1.587910e+01 6.672121e-02 9.964195e-01 5.192817e-02 4.414636e-01 9.972531e-01 -6.491844e-02 -3.566349e-02 2.091036e+01
-2.732885e-02 5.217542e-02 -9.982640e-01 -1.673996e+01 6.487882e-02 9.966239e-01 5.031356e-02 4.909146e-01 9.975189e-01 -6.339118e-02 -3.062165e-02 2.088057e+01
-2.351654e-02 4.722604e-02 -9.986076e-01 -1.759517e+01 6.927592e-02 9.965595e-01 4.549780e-02 5.067923e-01 9.973205e-01 -6.810950e-02 -2.670717e-02 2.086926e+01
-2.191055e-02 3.670224e-02 -9.990862e-01 -1.846371e+01 6.681306e-02 9.971456e-01 3.516571e-02 5.305473e-01 9.975250e-01 -6.598150e-02 -2.430022e-02 2.084554e+01
-2.126908e-02 2.806351e-02 -9.993799e-01 -1.936670e+01 6.040096e-02 9.978161e-01 2.673413e-02 5.649033e-01 9.979476e-01 -5.979490e-02 -2.291775e-02 2.080932e+01
-2.195418e-02 2.524009e-02 -9.994404e-01 -2.026892e+01 5.430780e-02 9.982353e-01 2.401672e-02 5.806122e-01 9.982830e-01 -5.375015e-02 -2.328610e-02 2.077466e+01
-2.578068e-02 3.088924e-02 -9.991902e-01 -2.122924e+01 4.505325e-02 9.985428e-01 2.970678e-02 6.002370e-01 9.986519e-01 -4.425091e-02 -2.713478e-02 2.072752e+01
-2.982748e-02 3.891665e-02 -9.987971e-01 -2.219007e+01 4.004580e-02 9.984860e-01 3.770862e-02 6.306993e-01 9.987525e-01 -3.887288e-02 -3.134072e-02 2.068255e+01
-3.435850e-02 4.856437e-02 -9.982290e-01 -2.318122e+01 3.831551e-02 9.981484e-01 4.724166e-02 6.523083e-01 9.986749e-01 -3.662451e-02 -3.615558e-02 2.064019e+01
-3.660154e-02 5.847031e-02 -9.976180e-01 -2.418545e+01 3.767199e-02 9.976580e-01 5.709051e-02 7.005398e-01 9.986197e-01 -3.549265e-02 -3.871846e-02 2.059328e+01
-3.753924e-02 6.643914e-02 -9.970841e-01 -2.518344e+01 4.003455e-02 9.970863e-01 6.493203e-02 7.402167e-01 9.984929e-01 -3.748032e-02 -4.008973e-02 2.056069e+01
-3.947592e-02 6.870212e-02 -9.968559e-01 -2.621011e+01 4.107735e-02 9.969018e-01 6.707859e-02 7.798890e-01 9.983758e-01 -3.830021e-02 -4.217577e-02 2.052051e+01
-4.079580e-02 6.526401e-02 -9.970338e-01 -2.721088e+01 3.987731e-02 9.971758e-01 6.364164e-02 8.351181e-01 9.983714e-01 -3.716271e-02 -4.328310e-02 2.048147e+01
-4.420161e-02 6.045161e-02 -9.971920e-01 -2.823276e+01 3.471445e-02 9.976577e-01 5.894109e-02 8.738667e-01 9.984193e-01 -3.201168e-02 -4.619658e-02 2.040901e+01
-4.847062e-02 5.521385e-02 -9.972974e-01 -2.925083e+01 3.351173e-02 9.979987e-01 5.362395e-02 9.042454e-01 9.982623e-01 -3.082198e-02 -5.022395e-02 2.034683e+01
-5.387616e-02 5.099339e-02 -9.972448e-01 -3.027473e+01 3.481913e-02 9.981838e-01 4.916030e-02 9.417917e-01 9.979405e-01 -3.207463e-02 -5.555379e-02 2.029140e+01
-6.111848e-02 4.858906e-02 -9.969472e-01 -3.131810e+01 3.242375e-02 9.983839e-01 4.667133e-02 9.775009e-01 9.976038e-01 -2.947230e-02 -6.259513e-02 2.021663e+01
-6.711709e-02 5.129887e-02 -9.964255e-01 -3.235542e+01 3.421404e-02 9.982083e-01 4.908608e-02 1.013018e+00 9.971583e-01 -3.079722e-02 -6.875205e-02 2.014229e+01
-7.420516e-02 5.600353e-02 -9.956691e-01 -3.341953e+01 3.196979e-02 9.980423e-01 5.375437e-02 1.043978e+00 9.967303e-01 -2.784248e-02 -7.585037e-02 2.005471e+01
-7.891512e-02 5.971375e-02 -9.950913e-01 -3.448783e+01 3.016002e-02 9.978904e-01 5.748990e-02 1.086063e+00 9.964250e-01 -2.547516e-02 -8.054960e-02 1.995556e+01
-8.278310e-02 6.174500e-02 -9.946530e-01 -3.552259e+01 2.678167e-02 9.978561e-01 5.971486e-02 1.126532e+00 9.962077e-01 -2.169509e-02 -8.425915e-02 1.985134e+01
-8.675611e-02 6.376155e-02 -9.941871e-01 -3.659168e+01 2.273641e-02 9.978165e-01 6.201027e-02 1.169060e+00 9.959701e-01 -1.722447e-02 -8.801639e-02 1.975301e+01
-8.821905e-02 6.452718e-02 -9.940090e-01 -3.763437e+01 1.835152e-02 9.978355e-01 6.314688e-02 1.219910e+00 9.959322e-01 -1.267083e-02 -8.921218e-02 1.964732e+01
-9.037781e-02 6.486763e-02 -9.937928e-01 -3.871886e+01 1.788379e-02 9.978213e-01 6.350419e-02 1.263394e+00 9.957470e-01 -1.203341e-02 -9.134102e-02 1.954075e+01
-9.188116e-02 6.467512e-02 -9.936675e-01 -3.979004e+01 1.753322e-02 9.978389e-01 6.332540e-02 1.308800e+00 9.956156e-01 -1.160378e-02 -9.281659e-02 1.943646e+01
-9.228289e-02 6.447296e-02 -9.936433e-01 -4.084661e+01 1.642835e-02 9.978643e-01 6.322108e-02 1.354110e+00 9.955973e-01 -1.048970e-02 -9.314501e-02 1.932700e+01
-9.395421e-02 6.405847e-02 -9.935136e-01 -4.193940e+01 1.517165e-02 9.979041e-01 6.290682e-02 1.403133e+00 9.954610e-01 -9.162895e-03 -9.472907e-02 1.921741e+01
-9.471452e-02 6.160256e-02 -9.935966e-01 -4.302456e+01 1.080027e-02 9.980884e-01 6.085151e-02 1.446004e+00 9.954459e-01 -4.967593e-03 -9.519875e-02 1.909924e+01
-9.449887e-02 5.688802e-02 -9.938983e-01 -4.408666e+01 5.623633e-03 9.983805e-01 5.660988e-02 1.489606e+00 9.955091e-01 -2.397578e-04 -9.466565e-02 1.898175e+01
-9.432840e-02 5.579392e-02 -9.939764e-01 -4.519596e+01 3.397129e-03 9.984406e-01 5.572211e-02 1.536886e+00 9.955353e-01 1.879511e-03 -9.437084e-02 1.886825e+01
-9.205341e-02 5.968518e-02 -9.939637e-01 -4.628502e+01 3.612483e-03 9.982154e-01 5.960592e-02 1.581445e+00 9.957475e-01 1.896251e-03 -9.210467e-02 1.875617e+01
-9.117794e-02 6.309221e-02 -9.938340e-01 -4.740428e+01 3.985504e-03 9.980061e-01 6.299143e-02 1.631786e+00 9.958267e-01 1.782497e-03 -9.124756e-02 1.865235e+01
-8.873546e-02 6.304344e-02 -9.940583e-01 -4.848785e+01 5.556352e-03 9.980108e-01 6.279813e-02 1.675257e+00 9.960399e-01 4.907325e-05 -8.890915e-02 1.854901e+01
-8.692420e-02 6.246763e-02 -9.942546e-01 -4.959717e+01 5.510831e-03 9.980470e-01 6.222412e-02 1.723086e+00 9.961998e-01 -7.040054e-05 -8.709860e-02 1.845016e+01
-8.347833e-02 6.317708e-02 -9.945049e-01 -5.070279e+01 2.750229e-03 9.979991e-01 6.316820e-02 1.771760e+00 9.965058e-01 2.538064e-03 -8.348513e-02 1.834818e+01
-7.809103e-02 6.398579e-02 -9.948907e-01 -5.180246e+01 -2.859073e-03 9.979197e-01 6.440502e-02 1.823986e+00 9.969421e-01 7.873917e-03 -7.774568e-02 1.825550e+01
-7.320797e-02 6.423125e-02 -9.952462e-01 -5.293526e+01 -5.551362e-03 9.978822e-01 6.480972e-02 1.873493e+00 9.973013e-01 1.026955e-02 -7.269633e-02 1.815741e+01
-6.668389e-02 6.357612e-02 -9.957467e-01 -5.403775e+01 -7.059012e-03 9.979129e-01 6.418715e-02 1.924181e+00 9.977493e-01 1.130923e-02 -6.609595e-02 1.807558e+01
-6.163383e-02 6.325945e-02 -9.960921e-01 -5.516781e+01 -6.584384e-03 9.979420e-01 6.378435e-02 1.972279e+00 9.980771e-01 1.048993e-02 -6.109047e-02 1.799343e+01
-5.613399e-02 6.348637e-02 -9.964027e-01 -5.629340e+01 -5.328670e-03 9.979430e-01 6.388471e-02 2.020396e+00 9.984090e-01 8.895602e-03 -5.568016e-02 1.792368e+01
-5.016470e-02 6.430686e-02 -9.966686e-01 -5.741283e+01 -5.161343e-03 9.978949e-01 6.464577e-02 2.070968e+00 9.987277e-01 8.387087e-03 -4.972720e-02 1.786561e+01
-4.524565e-02 6.602679e-02 -9.967916e-01 -5.856222e+01 -4.026614e-03 9.977932e-01 6.627592e-02 2.117692e+00 9.989679e-01 7.012382e-03 -4.487991e-02 1.780638e+01
-3.976583e-02 6.689301e-02 -9.969674e-01 -5.969674e+01 -5.555412e-03 9.977264e-01 6.716552e-02 2.177339e+00 9.991937e-01 8.209458e-03 -3.930378e-02 1.775346e+01
-3.394091e-02 6.685956e-02 -9.971849e-01 -6.083098e+01 -5.286740e-03 9.977338e-01 6.707630e-02 2.228732e+00 9.994099e-01 7.548491e-03 -3.351057e-02 1.770887e+01
-2.924144e-02 6.326155e-02 -9.975687e-01 -6.196198e+01 -5.516268e-03 9.979699e-01 6.344869e-02 2.277809e+00 9.995573e-01 7.358171e-03 -2.883303e-02 1.766821e+01
-2.426779e-02 5.826245e-02 -9.980063e-01 -6.308605e+01 -5.375141e-03 9.982783e-01 5.840902e-02 2.321282e+00 9.996911e-01 6.781882e-03 -2.391291e-02 1.763351e+01
-2.065122e-02 5.721628e-02 -9.981483e-01 -6.423484e+01 -6.131735e-03 9.983351e-01 5.735386e-02 2.370040e+00 9.997680e-01 7.304804e-03 -2.026594e-02 1.760126e+01
-1.723516e-02 5.909586e-02 -9.981036e-01 -6.538498e+01 -5.659731e-03 9.982300e-01 5.920108e-02 2.419868e+00 9.998354e-01 6.669329e-03 -1.687014e-02 1.758169e+01
-1.432073e-02 5.940756e-02 -9.981311e-01 -6.652544e+01 -5.865691e-03 9.982113e-01 5.949649e-02 2.461313e+00 9.998803e-01 6.706759e-03 -1.394665e-02 1.756447e+01
-1.344728e-02 5.948775e-02 -9.981384e-01 -6.768434e+01 -7.544141e-03 9.981943e-01 5.959272e-02 2.510205e+00 9.998811e-01 8.331457e-03 -1.297426e-02 1.753411e+01
-1.225603e-02 6.056091e-02 -9.980893e-01 -6.883803e+01 -8.426446e-03 9.981225e-01 6.066640e-02 2.556377e+00 9.998895e-01 9.153869e-03 -1.172268e-02 1.751084e+01
-1.130223e-02 6.074023e-02 -9.980897e-01 -6.999911e+01 -8.810006e-03 9.981086e-01 6.084115e-02 2.599584e+00 9.998974e-01 9.480814e-03 -1.074576e-02 1.748759e+01
-1.003540e-02 5.934408e-02 -9.981872e-01 -7.116075e+01 -9.283572e-03 9.981889e-01 5.943751e-02 2.644981e+00 9.999065e-01 9.863222e-03 -9.466290e-03 1.746608e+01
-8.634329e-03 5.831790e-02 -9.982607e-01 -7.232133e+01 -8.119006e-03 9.982609e-01 5.838814e-02 2.691298e+00 9.999298e-01 8.609029e-03 -8.145809e-03 1.745157e+01
-8.406997e-03 5.841823e-02 -9.982570e-01 -7.350138e+01 -4.203400e-03 9.982812e-01 5.845506e-02 2.736635e+00 9.999560e-01 4.687494e-03 -8.147001e-03 1.743542e+01
-8.134604e-03 5.905601e-02 -9.982216e-01 -7.467388e+01 -1.717726e-03 9.982523e-01 5.907183e-02 2.781948e+00 9.999655e-01 2.195183e-03 -8.018851e-03 1.742267e+01
-7.668138e-03 6.158204e-02 -9.980726e-01 -7.584016e+01 -1.416279e-03 9.981002e-01 6.159463e-02 2.828211e+00 9.999696e-01 1.885863e-03 -7.566333e-03 1.740873e+01
-7.901073e-03 6.484126e-02 -9.978643e-01 -7.702415e+01 -3.122127e-03 9.978890e-01 6.486758e-02 2.882219e+00 9.999639e-01 3.627984e-03 -7.681966e-03 1.739045e+01
-7.012248e-03 6.533250e-02 -9.978389e-01 -7.818456e+01 -4.747387e-03 9.978500e-01 6.536660e-02 2.930694e+00 9.999642e-01 5.195493e-03 -6.687045e-03 1.737581e+01
-6.960273e-03 6.364233e-02 -9.979485e-01 -7.936453e+01 -5.501665e-03 9.979551e-01 6.368113e-02 2.980412e+00 9.999606e-01 5.933620e-03 -6.595969e-03 1.735648e+01
-6.559610e-03 6.160447e-02 -9.980791e-01 -8.053112e+01 -5.354386e-03 9.980841e-01 6.163997e-02 3.028778e+00 9.999642e-01 5.748434e-03 -6.217241e-03 1.734260e+01
-6.054640e-03 6.117922e-02 -9.981084e-01 -8.168871e+01 -3.911298e-03 9.981176e-01 6.120351e-02 3.073207e+00 9.999741e-01 4.274465e-03 -5.803943e-03 1.733167e+01
-6.206989e-03 6.247648e-02 -9.980271e-01 -8.285558e+01 -2.661332e-03 9.980418e-01 6.249395e-02 3.119540e+00 9.999772e-01 3.043981e-03 -6.028533e-03 1.732128e+01
-5.984306e-03 6.483980e-02 -9.978777e-01 -8.401981e+01 -2.751047e-03 9.978908e-01 6.485715e-02 3.168425e+00 9.999783e-01 3.133329e-03 -5.793333e-03 1.731184e+01
-5.389094e-03 6.735142e-02 -9.977148e-01 -8.517564e+01 -3.220718e-03 9.977229e-01 6.736936e-02 3.215924e+00 9.999803e-01 3.576420e-03 -5.159974e-03 1.730214e+01
-5.253315e-03 6.801622e-02 -9.976704e-01 -8.633670e+01 -4.371975e-03 9.976730e-01 6.803942e-02 3.268128e+00 9.999766e-01 4.719224e-03 -4.943728e-03 1.728941e+01
-4.519582e-03 6.636533e-02 -9.977852e-01 -8.748038e+01 -3.886370e-03 9.977866e-01 6.638303e-02 3.314959e+00 9.999822e-01 4.177785e-03 -4.251719e-03 1.727833e+01
-4.389048e-03 6.527863e-02 -9.978575e-01 -8.863961e+01 -2.817027e-03 9.978623e-01 6.529133e-02 3.363330e+00 9.999864e-01 3.097560e-03 -4.195809e-03 1.726599e+01
-4.279017e-03 6.625462e-02 -9.977936e-01 -8.979982e+01 -1.910526e-03 9.978004e-01 6.626326e-02 3.411152e+00 9.999891e-01 2.189856e-03 -4.143119e-03 1.725887e+01
-3.770113e-03 6.926908e-02 -9.975909e-01 -9.093944e+01 1.338087e-04 9.975980e-01 6.926907e-02 3.463648e+00 9.999928e-01 1.276657e-04 -3.770351e-03 1.725459e+01
-3.725886e-03 7.176100e-02 -9.974149e-01 -9.209618e+01 1.193106e-03 9.974214e-01 7.175701e-02 3.515464e+00 9.999924e-01 -9.226650e-04 -3.801942e-03 1.724642e+01
-3.408194e-03 7.350615e-02 -9.972891e-01 -9.325011e+01 2.928190e-04 9.972948e-01 7.350557e-02 3.571438e+00 9.999943e-01 -4.151464e-05 -3.420472e-03 1.723905e+01
-2.907515e-03 7.526891e-02 -9.971591e-01 -9.438884e+01 -1.626868e-03 9.971616e-01 7.527384e-02 3.632260e+00 9.999945e-01 1.841109e-03 -2.776861e-03 1.722755e+01
-2.799749e-03 7.489794e-02 -9.971873e-01 -9.554058e+01 -3.293868e-03 9.971851e-01 7.490703e-02 3.691806e+00 9.999906e-01 3.494333e-03 -2.545238e-03 1.721050e+01
-2.561212e-03 7.161833e-02 -9.974288e-01 -9.666702e+01 -6.077260e-03 9.974126e-01 7.163277e-02 3.744349e+00 9.999782e-01 6.245099e-03 -2.119303e-03 1.719653e+01
-2.439499e-03 6.979734e-02 -9.975583e-01 -9.780563e+01 -7.595874e-03 9.975311e-01 6.981403e-02 3.801326e+00 9.999682e-01 7.747637e-03 -1.903296e-03 1.718389e+01
-2.326488e-03 6.874054e-02 -9.976318e-01 -9.894277e+01 -7.532453e-03 9.976050e-01 6.875626e-02 3.852456e+00 9.999689e-01 7.674580e-03 -1.803160e-03 1.717274e+01
-2.001762e-03 6.899378e-02 -9.976151e-01 -1.000761e+02 -6.113160e-03 9.975976e-01 6.900483e-02 3.905137e+00 9.999794e-01 6.236706e-03 -1.575112e-03 1.716776e+01
-2.500534e-03 7.132510e-02 -9.974499e-01 -1.012287e+02 -6.287046e-03 9.974323e-01 7.133959e-02 3.964896e+00 9.999771e-01 6.449398e-03 -2.045631e-03 1.715823e+01
-2.256393e-03 7.348989e-02 -9.972934e-01 -1.023599e+02 -4.866954e-03 9.972833e-01 7.350016e-02 4.019069e+00 9.999856e-01 5.019635e-03 -1.892686e-03 1.715375e+01
-2.904296e-03 7.302459e-02 -9.973260e-01 -1.035215e+02 -8.714885e-03 9.972904e-01 7.304736e-02 4.080637e+00 9.999579e-01 8.903727e-03 -2.260089e-03 1.713682e+01
-3.359199e-03 7.382737e-02 -9.972654e-01 -1.046814e+02 -1.276507e-02 9.971866e-01 7.386453e-02 4.148278e+00 9.999129e-01 1.297828e-02 -2.407312e-03 1.712023e+01
-3.396034e-03 7.345834e-02 -9.972925e-01 -1.058360e+02 -1.591025e-02 9.971681e-01 7.350335e-02 4.212753e+00 9.998677e-01 1.611679e-02 -2.217770e-03 1.710372e+01
-4.009962e-03 7.020307e-02 -9.975247e-01 -1.070087e+02 -1.647198e-02 9.973927e-01 7.026000e-02 4.270682e+00 9.998563e-01 1.671295e-02 -2.843142e-03 1.709077e+01
-4.763007e-03 6.608996e-02 -9.978024e-01 -1.081778e+02 -1.772141e-02 9.976513e-01 6.616455e-02 4.330741e+00 9.998317e-01 1.799760e-02 -3.580689e-03 1.708043e+01
-5.253196e-03 6.505527e-02 -9.978679e-01 -1.093451e+02 -1.403318e-02 9.977785e-01 6.512332e-02 4.387360e+00 9.998878e-01 1.434535e-02 -4.328489e-03 1.707104e+01
-5.806923e-03 6.478971e-02 -9.978821e-01 -1.105439e+02 -9.358395e-03 9.978517e-01 6.484219e-02 4.436749e+00 9.999394e-01 9.715106e-03 -5.188107e-03 1.706429e+01
-6.160736e-03 6.656057e-02 -9.977633e-01 -1.117244e+02 -9.083629e-03 9.977374e-01 6.661493e-02 4.495421e+00 9.999397e-01 9.473713e-03 -5.542278e-03 1.705301e+01
-7.299423e-03 7.056881e-02 -9.974802e-01 -1.129331e+02 -8.279050e-03 9.974684e-01 7.062855e-02 4.557353e+00 9.999391e-01 8.773735e-03 -6.696701e-03 1.703996e+01
-7.964492e-03 7.153480e-02 -9.974064e-01 -1.141379e+02 -6.810892e-03 9.974110e-01 7.158951e-02 4.619588e+00 9.999452e-01 7.363394e-03 -7.456660e-03 1.702774e+01
-8.333445e-03 6.748385e-02 -9.976857e-01 -1.153311e+02 -6.982544e-03 9.976919e-01 6.754261e-02 4.678419e+00 9.999410e-01 7.529236e-03 -7.843018e-03 1.701108e+01
-9.561062e-03 6.375502e-02 -9.979199e-01 -1.165545e+02 -7.756516e-03 9.979306e-01 6.383003e-02 4.740716e+00 9.999242e-01 8.350659e-03 -9.046674e-03 1.699548e+01
-9.999752e-03 6.228144e-02 -9.980085e-01 -1.177740e+02 -6.704381e-03 9.980318e-01 6.235007e-02 4.795671e+00 9.999276e-01 7.314516e-03 -9.562492e-03 1.697827e+01
-1.094377e-02 6.370869e-02 -9.979085e-01 -1.190171e+02 -7.942650e-03 9.979313e-01 6.379725e-02 4.851204e+00 9.999086e-01 8.624222e-03 -1.041520e-02 1.695490e+01
-1.175463e-02 6.807671e-02 -9.976109e-01 -1.202561e+02 -1.236020e-02 9.975936e-01 6.822118e-02 4.915189e+00 9.998545e-01 1.313258e-02 -1.088488e-02 1.692828e+01
-1.201200e-02 7.184640e-02 -9.973434e-01 -1.214923e+02 -1.784506e-02 9.972411e-01 7.205395e-02 4.979126e+00 9.997686e-01 1.866316e-02 -1.069677e-02 1.690135e+01
-1.257014e-02 7.200175e-02 -9.973253e-01 -1.227450e+02 -2.483812e-02 9.970738e-01 7.229665e-02 5.045774e+00 9.996125e-01 2.568047e-02 -1.074505e-02 1.686823e+01
-1.260448e-02 7.001865e-02 -9.974661e-01 -1.239909e+02 -2.881407e-02 9.971056e-01 7.035746e-02 5.110693e+00 9.995054e-01 2.962788e-02 -1.055050e-02 1.683843e+01
-1.270139e-02 6.896393e-02 -9.975384e-01 -1.252323e+02 -3.089400e-02 9.971154e-01 6.932806e-02 5.172776e+00 9.994420e-01 3.169851e-02 -1.053417e-02 1.681086e+01
-1.353908e-02 6.865178e-02 -9.975488e-01 -1.264900e+02 -3.102016e-02 9.971312e-01 6.904405e-02 5.234296e+00 9.994271e-01 3.187891e-02 -1.137054e-02 1.678618e+01
-1.347911e-02 6.828471e-02 -9.975749e-01 -1.277296e+02 -2.901222e-02 9.972187e-01 6.865235e-02 5.288606e+00 9.994882e-01 2.986723e-02 -1.146054e-02 1.676312e+01
-1.429570e-02 6.904859e-02 -9.975109e-01 -1.289834e+02 -2.928066e-02 9.971561e-01 6.944367e-02 5.348264e+00 9.994690e-01 3.020052e-02 -1.223326e-02 1.674328e+01
-1.516640e-02 7.402199e-02 -9.971413e-01 -1.302258e+02 -2.943939e-02 9.967906e-01 7.444373e-02 5.414725e+00 9.994516e-01 3.048426e-02 -1.293850e-02 1.672158e+01
-1.540029e-02 7.850977e-02 -9.967944e-01 -1.314539e+02 -2.747167e-02 9.965031e-01 7.891126e-02 5.482168e+00 9.995039e-01 2.859887e-02 -1.318967e-02 1.670151e+01
-1.579368e-02 7.771104e-02 -9.968508e-01 -1.327018e+02 -2.829272e-02 9.965412e-01 7.813516e-02 5.549230e+00 9.994749e-01 2.943766e-02 -1.354039e-02 1.667393e+01
-1.515019e-02 7.642159e-02 -9.969605e-01 -1.339356e+02 -2.884955e-02 9.966264e-01 7.683440e-02 5.620574e+00 9.994689e-01 2.992591e-02 -1.289427e-02 1.664998e+01
-1.395118e-02 7.632550e-02 -9.969854e-01 -1.351620e+02 -2.810992e-02 9.966584e-01 7.669382e-02 5.684307e+00 9.995075e-01 2.909515e-02 -1.175904e-02 1.662844e+01
-1.326191e-02 7.597427e-02 -9.970216e-01 -1.364079e+02 -2.866332e-02 9.966706e-01 7.632879e-02 5.750122e+00 9.995012e-01 2.959021e-02 -1.104009e-02 1.660451e+01
-1.219738e-02 7.804301e-02 -9.968756e-01 -1.376380e+02 -2.862503e-02 9.965137e-01 7.836494e-02 5.816683e+00 9.995160e-01 2.949142e-02 -9.920835e-03 1.658261e+01
-1.156056e-02 8.162408e-02 -9.965962e-01 -1.388844e+02 -2.941788e-02 9.962035e-01 8.193318e-02 5.891011e+00 9.995003e-01 3.026494e-02 -9.115458e-03 1.655903e+01
-1.039863e-02 8.310796e-02 -9.964862e-01 -1.401250e+02 -3.068703e-02 9.960443e-01 8.339132e-02 5.964322e+00 9.994749e-01 3.144636e-02 -7.807136e-03 1.653773e+01
-9.281754e-03 8.047727e-02 -9.967133e-01 -1.413432e+02 -3.295158e-02 9.961902e-01 8.074190e-02 6.039443e+00 9.994138e-01 3.359270e-02 -6.594539e-03 1.651645e+01
-9.355545e-03 7.730933e-02 -9.969633e-01 -1.425792e+02 -3.180414e-02 9.964795e-01 7.757026e-02 6.113023e+00 9.994504e-01 3.243326e-02 -6.863832e-03 1.649693e+01
-9.224653e-03 7.590144e-02 -9.970726e-01 -1.438097e+02 -2.915805e-02 9.966707e-01 7.614060e-02 6.179440e+00 9.995323e-01 2.977506e-02 -6.980777e-03 1.648091e+01
-9.056211e-03 7.560928e-02 -9.970964e-01 -1.450249e+02 -2.791516e-02 9.967296e-01 7.583501e-02 6.245363e+00 9.995693e-01 2.852088e-02 -6.915927e-03 1.646333e+01
-9.500027e-03 7.603649e-02 -9.970598e-01 -1.462555e+02 -2.585364e-02 9.967528e-01 7.625942e-02 6.315452e+00 9.996206e-01 2.650210e-02 -7.503390e-03 1.645029e+01
-9.245992e-03 7.530108e-02 -9.971181e-01 -1.474648e+02 -2.357677e-02 9.968670e-01 7.550074e-02 6.372745e+00 9.996794e-01 2.420689e-02 -7.441640e-03 1.643268e+01
-9.693623e-03 7.544877e-02 -9.971026e-01 -1.486950e+02 -2.333044e-02 9.968609e-01 7.565729e-02 6.444880e+00 9.996808e-01 2.399623e-02 -7.902980e-03 1.641822e+01
-9.827495e-03 7.771131e-02 -9.969274e-01 -1.499198e+02 -2.154396e-02 9.967278e-01 7.790811e-02 6.514095e+00 9.997196e-01 2.224341e-02 -8.121133e-03 1.640375e+01
-9.642839e-03 7.955571e-02 -9.967838e-01 -1.511252e+02 -1.879285e-02 9.966397e-01 7.972601e-02 6.583378e+00 9.997769e-01 1.950119e-02 -8.115411e-03 1.639281e+01
-1.016569e-02 7.840228e-02 -9.968699e-01 -1.523437e+02 -1.699043e-02 9.967640e-01 7.856721e-02 6.649809e+00 9.998039e-01 1.773594e-02 -8.800745e-03 1.637583e+01
-1.060688e-02 7.868222e-02 -9.968434e-01 -1.535582e+02 -1.781245e-02 9.967263e-01 7.886252e-02 6.722465e+00 9.997851e-01 1.859271e-02 -9.170651e-03 1.635710e+01
-1.017737e-02 8.357005e-02 -9.964499e-01 -1.547574e+02 -1.833766e-02 9.963183e-01 8.374630e-02 6.790367e+00 9.997801e-01 1.912488e-02 -8.607388e-03 1.633858e+01
-1.035249e-02 8.990371e-02 -9.958966e-01 -1.559805e+02 -2.224896e-02 9.956828e-01 9.011568e-02 6.875729e+00 9.996988e-01 2.309059e-02 -8.307576e-03 1.631545e+01
-9.081125e-03 9.068261e-02 -9.958385e-01 -1.571777e+02 -2.772980e-02 9.954737e-01 9.090226e-02 6.955633e+00 9.995742e-01 2.843990e-02 -6.525397e-03 1.629568e+01
-8.177280e-03 8.693929e-02 -9.961801e-01 -1.583955e+02 -3.100965e-02 9.957122e-01 8.715301e-02 7.038938e+00 9.994856e-01 3.160387e-02 -5.446315e-03 1.626944e+01
-6.890535e-03 8.211710e-02 -9.965989e-01 -1.596019e+02 -3.381452e-02 9.960334e-01 8.230430e-02 7.112376e+00 9.994044e-01 3.426664e-02 -4.086494e-03 1.625006e+01
-5.870461e-03 8.025129e-02 -9.967575e-01 -1.607876e+02 -3.582318e-02 9.961179e-01 8.041078e-02 7.192190e+00 9.993410e-01 3.617907e-02 -2.972841e-03 1.623844e+01
-5.090237e-03 7.735930e-02 -9.969903e-01 -1.619946e+02 -3.082884e-02 9.965171e-01 7.748000e-02 7.257886e+00 9.995117e-01 3.113045e-02 -2.687693e-03 1.622944e+01
-4.649043e-03 7.332818e-02 -9.972970e-01 -1.631944e+02 -2.679690e-02 9.969406e-01 7.342689e-02 7.325224e+00 9.996301e-01 2.706583e-02 -2.669811e-03 1.622110e+01
-4.375577e-03 7.058278e-02 -9.974964e-01 -1.643889e+02 -2.142429e-02 9.972703e-01 7.066077e-02 7.383983e+00 9.997610e-01 2.167982e-02 -2.851486e-03 1.621547e+01
-5.391121e-03 7.287613e-02 -9.973266e-01 -1.655963e+02 -1.788484e-02 9.971744e-01 7.296170e-02 7.448875e+00 9.998257e-01 1.823036e-02 -4.072547e-03 1.620216e+01
-5.042315e-03 7.963295e-02 -9.968116e-01 -1.667851e+02 -1.785489e-02 9.966581e-01 7.971101e-02 7.518906e+00 9.998279e-01 1.819989e-02 -3.603697e-03 1.619434e+01
-4.143596e-03 8.267873e-02 -9.965676e-01 -1.679862e+02 -1.856028e-02 9.963982e-01 8.274184e-02 7.592374e+00 9.998192e-01 1.883942e-02 -2.594113e-03 1.617881e+01
-2.611756e-03 8.056461e-02 -9.967460e-01 -1.691656e+02 -2.041683e-02 9.965373e-01 8.060125e-02 7.656946e+00 9.997882e-01 2.056089e-02 -9.578466e-04 1.616441e+01
-1.476765e-03 8.026102e-02 -9.967728e-01 -1.703280e+02 -2.194339e-02 9.965312e-01 8.027408e-02 7.731870e+00 9.997582e-01 2.199112e-02 2.894998e-04 1.615651e+01
-1.133323e-03 8.148697e-02 -9.966739e-01 -1.715297e+02 -2.084602e-02 9.964559e-01 8.149286e-02 7.805595e+00 9.997821e-01 2.086903e-02 5.694032e-04 1.615136e+01
-1.289845e-04 8.028510e-02 -9.967720e-01 -1.727142e+02 -2.059201e-02 9.965604e-01 8.027073e-02 7.870014e+00 9.997880e-01 2.053589e-02 1.524627e-03 1.614435e+01
1.576006e-03 7.922433e-02 -9.968556e-01 -1.738654e+02 -2.147700e-02 9.966295e-01 7.917242e-02 7.932080e+00 9.997681e-01 2.128469e-02 3.272176e-03 1.613909e+01
2.787292e-03 8.064301e-02 -9.967392e-01 -1.750206e+02 -2.233782e-02 9.964994e-01 8.056115e-02 7.998943e+00 9.997466e-01 2.204042e-02 4.578948e-03 1.613199e+01
4.321992e-03 8.272700e-02 -9.965628e-01 -1.761216e+02 -2.246221e-02 9.963288e-01 8.261015e-02 8.056252e+00 9.997383e-01 2.202797e-02 6.164312e-03 1.613273e+01
4.699051e-03 8.437504e-02 -9.964230e-01 -1.772217e+02 -2.311423e-02 9.961770e-01 8.424520e-02 8.113136e+00 9.997218e-01 2.263567e-02 6.631374e-03 1.612797e+01
4.778385e-03 8.569485e-02 -9.963099e-01 -1.782840e+02 -2.363214e-02 9.960527e-01 8.555938e-02 8.175006e+00 9.997093e-01 2.313611e-02 6.784678e-03 1.612492e+01
4.928589e-03 8.681756e-02 -9.962121e-01 -1.792956e+02 -2.269990e-02 9.959772e-01 8.668478e-02 8.228583e+00 9.997302e-01 2.218668e-02 6.879508e-03 1.612652e+01
5.170643e-03 8.651871e-02 -9.962369e-01 -1.803044e+02 -2.314698e-02 9.959936e-01 8.637745e-02 8.284066e+00 9.997187e-01 2.261324e-02 7.152557e-03 1.611983e+01
6.614447e-03 8.680205e-02 -9.962036e-01 -1.812601e+02 -2.410216e-02 9.959499e-01 8.661991e-02 8.337151e+00 9.996876e-01 2.343772e-02 8.679748e-03 1.612310e+01
7.449090e-03 8.746362e-02 -9.961400e-01 -1.822105e+02 -2.467566e-02 9.958802e-01 8.725630e-02 8.396296e+00 9.996679e-01 2.393042e-02 9.576619e-03 1.612292e+01
6.698132e-03 8.625822e-02 -9.962503e-01 -1.831388e+02 -2.377494e-02 9.960048e-01 8.607711e-02 8.447165e+00 9.996948e-01 2.310924e-02 8.722126e-03 1.612755e+01
4.153252e-03 8.347063e-02 -9.965016e-01 -1.840427e+02 -2.098312e-02 9.962981e-01 8.336613e-02 8.492519e+00 9.997712e-01 2.056346e-02 5.889356e-03 1.612889e+01
-2.828836e-04 8.013932e-02 -9.967837e-01 -1.849472e+02 -2.054959e-02 9.965727e-01 8.012819e-02 8.542617e+00 9.997888e-01 2.050616e-02 1.364887e-03 1.612372e+01
-5.069494e-03 7.706143e-02 -9.970134e-01 -1.858507e+02 -2.201081e-02 9.967761e-01 7.715499e-02 8.595600e+00 9.997449e-01 2.233621e-02 -3.356934e-03 1.611004e+01
-8.945823e-03 7.636591e-02 -9.970397e-01 -1.867450e+02 -2.342993e-02 9.967899e-01 7.655700e-02 8.646933e+00 9.996854e-01 2.404544e-02 -7.127881e-03 1.609245e+01
-1.222241e-02 7.711630e-02 -9.969473e-01 -1.876599e+02 -2.462102e-02 9.966962e-01 7.739873e-02 8.700722e+00 9.996222e-01 2.549185e-02 -1.028335e-02 1.606894e+01
-1.409996e-02 7.878162e-02 -9.967922e-01 -1.885565e+02 -2.365854e-02 9.965859e-01 7.909997e-02 8.752498e+00 9.996207e-01 2.469795e-02 -1.218796e-02 1.605600e+01
-1.588678e-02 8.061869e-02 -9.966184e-01 -1.894728e+02 -2.092538e-02 9.964991e-01 8.094261e-02 8.802268e+00 9.996548e-01 2.214054e-02 -1.414418e-02 1.603991e+01
-1.728404e-02 8.144218e-02 -9.965282e-01 -1.903704e+02 -1.975440e-02 9.964547e-01 8.177879e-02 8.855378e+00 9.996554e-01 2.109929e-02 -1.561391e-02 1.602290e+01
-1.794934e-02 8.085010e-02 -9.965647e-01 -1.912567e+02 -1.996012e-02 9.964976e-01 8.120417e-02 8.903456e+00 9.996397e-01 2.134911e-02 -1.627278e-02 1.600950e+01
-1.861858e-02 7.993656e-02 -9.966260e-01 -1.921565e+02 -2.154188e-02 9.965354e-01 8.033172e-02 8.957638e+00 9.995946e-01 2.296487e-02 -1.683211e-02 1.598039e+01
-1.852429e-02 7.924098e-02 -9.966834e-01 -1.930375e+02 -2.515882e-02 9.965018e-01 7.969414e-02 9.015049e+00 9.995118e-01 2.655166e-02 -1.646590e-02 1.596140e+01
-1.804292e-02 7.785918e-02 -9.968011e-01 -1.939381e+02 -2.728313e-02 9.965538e-01 7.833371e-02 9.064509e+00 9.994649e-01 2.860922e-02 -1.585650e-02 1.593584e+01
-1.726329e-02 7.549490e-02 -9.969968e-01 -1.948342e+02 -2.755420e-02 9.967307e-01 7.595187e-02 9.117901e+00 9.994713e-01 2.878262e-02 -1.512671e-02 1.591242e+01
-1.639426e-02 7.297200e-02 -9.971993e-01 -1.957207e+02 -2.728169e-02 9.969293e-01 7.340077e-02 9.169702e+00 9.994934e-01 2.840863e-02 -1.435304e-02 1.588979e+01
