1.000000e+00 0.000000e+00 0.000000e+00 0.000000e+00 0.000000e+00 1.000000e+00 0.000000e+00 0.000000e+00 0.000000e+00 0.000000e+00 1.000000e+00 0.000000e+00
9.999939e-01 -3.440446e-03 -5.271405e-04 -3.192538e-02 3.440175e-03 9.999940e-01 -5.144958e-04 -3.976307e-02 5.289075e-04 5.126792e-04 9.999997e-01 -5.674880e-01
9.999970e-01 2.393867e-03 5.891554e-04 -4.252709e-02 -2.393335e-03 9.999967e-01 -9.021100e-04 7.412683e-03 -5.913129e-04 9.006971e-04 9.999994e-01 1.411912e-01
9.999807e-01 6.166385e-03 6.582396e-04 -5.278715e-02 -6.166193e-03 9.999809e-01 -2.927593e-04 -1.256121e-02 -6.600324e-04 2.886949e-04 9.999998e-01 9.016575e-01
9.999756e-01 6.574852e-03 2.380520e-03 -1.104610e-01 -6.571683e-03 9.999775e-01 -1.336791e-03 -2.307787e-02 -2.389255e-03 1.321114e-03 9.999962e-01 1.619958e+00
9.999616e-01 8.657580e-03 1.401250e-03 -6.414083e-02 -8.654886e-03 9.999607e-01 -1.917860e-03 -2.213995e-02 -1.417798e-03 1.905659e-03 9.999972e-01 2.260397e+00
9.999650e-01 8.071559e-03 2.209662e-03 -9.696192e-02 -8.066248e-03 9.999646e-01 -2.401509e-03 -3.748760e-02 -2.228968e-03 2.383601e-03 9.999947e-01 3.005474e+00
9.999469e-01 9.508027e-03 3.973884e-03 -1.613585e-01 -9.500935e-03 9.999533e-01 -1.799769e-03 -3.175126e-02 -3.990810e-03 1.761918e-03 9.999905e-01 3.402230e+00
9.999452e-01 9.073704e-03 5.225712e-03 -1.780897e-01 -9.078201e-03 9.999585e-01 8.374967e-04 -4.842355e-02 -5.217896e-03 -8.848908e-04 9.999860e-01 4.107544e+00
9.999333e-01 9.146716e-03 7.053112e-03 -2.154876e-01 -9.184009e-03 9.999439e-01 5.273268e-03 -6.993124e-02 -7.004484e-03 -5.337691e-03 9.999612e-01 4.619918e+00
9.999120e-01 9.791513e-03 8.945618e-03 -2.056164e-01 -9.860202e-03 9.999220e-01 7.666974e-03 -5.598490e-02 -8.869849e-03 -7.754506e-03 9.999306e-01 5.322627e+00
9.999137e-01 8.280255e-03 1.020195e-02 -2.323826e-01 -8.381291e-03 9.999158e-01 9.900946e-03 -7.130334e-02 -1.011911e-02 -9.985597e-03 9.998990e-01 5.904891e+00
9.999035e-01 7.486214e-03 1.170207e-02 -2.524731e-01 -7.601956e-03 9.999223e-01 9.877715e-03 -9.234979e-02 -1.162721e-02 -9.965722e-03 9.998828e-01 6.472402e+00
9.998366e-01 1.019239e-02 1.493170e-02 -3.349845e-01 -1.028867e-02 9.999267e-01 6.384988e-03 -7.014073e-02 -1.486552e-02 -6.537572e-03 9.998682e-01 6.880104e+00
9.997962e-01 1.037982e-02 1.731427e-02 -4.471023e-01 -1.042507e-02 9.999425e-01 2.525600e-03 -4.940806e-02 -1.728706e-02 -2.705588e-03 9.998469e-01 7.092460e+00
9.996966e-01 1.037370e-02 2.234342e-02 -5.953446e-01 -1.037828e-02 9.999461e-01 8.898842e-05 -2.973917e-02 -2.234130e-02 -3.208476e-04 9.997504e-01 7.332205e+00
9.996373e-01 6.546579e-03 2.612367e-02 -6.804040e-01 -6.467834e-03 9.999743e-01 -3.097673e-03 -5.383175e-03 -2.614327e-02 2.927586e-03 9.996539e-01 7.522347e+00
9.995845e-01 3.734695e-03 2.858045e-02 -7.413159e-01 -3.610672e-03 9.999838e-01 -4.389792e-03 -2.219122e-02 -2.859638e-02 4.284773e-03 9.995819e-01 7.663831e+00
9.994352e-01 9.743663e-03 3.216043e-02 -8.069525e-01 -9.501917e-03 9.999255e-01 -7.661186e-03 8.052333e-03 -3.223268e-02 7.351273e-03 9.994534e-01 7.839782e+00
9.992380e-01 1.497381e-02 3.604643e-02 -8.564717e-01 -1.465005e-02 9.998501e-01 -9.229078e-03 2.548006e-02 -3.617922e-02 8.693963e-03 9.993075e-01 7.987530e+00
9.990487e-01 1.469445e-02 4.105722e-02 -9.573468e-01 -1.434018e-02 9.998575e-01 -8.910020e-03 4.249604e-02 -4.118229e-02 8.312777e-03 9.991171e-01 8.134259e+00
9.988878e-01 1.198787e-02 4.560032e-02 -1.033254e+00 -1.157012e-02 9.998887e-01 -9.414051e-03 6.016273e-02 -4.570810e-02 8.875980e-03 9.989154e-01 8.262536e+00
9.987592e-01 9.074056e-03 4.896670e-02 -1.056164e+00 -8.564802e-03 9.999071e-01 -1.059984e-02 7.377945e-02 -4.905834e-02 1.016729e-02 9.987442e-01 8.370477e+00
9.986410e-01 6.681295e-03 5.168687e-02 -1.062620e+00 -6.136547e-03 9.999240e-01 -1.069091e-02 9.218214e-02 -5.175437e-02 1.035921e-02 9.986061e-01 8.521771e+00
9.984547e-01 7.518421e-03 5.505998e-02 -1.081134e+00 -6.892445e-03 9.999095e-01 -1.155006e-02 1.346623e-01 -5.514184e-02 1.115271e-02 9.984162e-01 8.671782e+00
9.983006e-01 8.207574e-03 5.769417e-02 -1.061046e+00 -7.562276e-03 9.999065e-01 -1.139424e-02 1.395274e-01 -5.778229e-02 1.093858e-02 9.982693e-01 8.921458e+00
9.981942e-01 8.219856e-03 5.950439e-02 -1.026133e+00 -7.533716e-03 9.999026e-01 -1.174609e-02 1.240459e-01 -5.959515e-02 1.127659e-02 9.981589e-01 9.168857e+00
9.980081e-01 1.161675e-02 6.200755e-02 -1.010050e+00 -1.083708e-02 9.998581e-01 -1.289541e-02 1.215338e-01 -6.214856e-02 1.219774e-02 9.979924e-01 9.309904e+00
9.978444e-01 1.547052e-02 6.377448e-02 -1.014750e+00 -1.458308e-02 9.997905e-01 -1.435751e-02 1.333020e-01 -6.398325e-02 1.339653e-02 9.978610e-01 9.409961e+00
9.976877e-01 1.752136e-02 6.566753e-02 -1.034528e+00 -1.644843e-02 9.997228e-01 -1.684407e-02 1.598907e-01 -6.594446e-02 1.572499e-02 9.976994e-01 9.523920e+00
9.975395e-01 1.731361e-02 6.793484e-02 -1.042727e+00 -1.604562e-02 9.996876e-01 -1.916631e-02 1.648709e-01 -6.824546e-02 1.802910e-02 9.975057e-01 9.638053e+00
9.974231e-01 1.681375e-02 6.974616e-02 -1.046707e+00 -1.537536e-02 9.996589e-01 -2.110894e-02 1.745459e-01 -7.007729e-02 1.998217e-02 9.973414e-01 9.724209e+00
9.972668e-01 1.763108e-02 7.175039e-02 -1.061876e+00 -1.601806e-02 9.996073e-01 -2.299466e-02 1.848529e-01 -7.212763e-02 2.178251e-02 9.971575e-01 9.797753e+00
9.971185e-01 1.827845e-02 7.362429e-02 -1.063503e+00 -1.650735e-02 9.995613e-01 -2.459299e-02 1.971268e-01 -7.404151e-02 2.330679e-02 9.969828e-01 9.898762e+00
9.970064e-01 2.044831e-02 7.456601e-02 -1.026911e+00 -1.844055e-02 9.994513e-01 -2.751576e-02 2.066304e-01 -7.508775e-02 2.605835e-02 9.968364e-01 1.001153e+01
9.968306e-01 2.349680e-02 7.600413e-02 -1.035895e+00 -2.120305e-02 9.992992e-01 -3.084687e-02 2.306809e-01 -7.667566e-02 2.913758e-02 9.966303e-01 1.010536e+01
9.967321e-01 2.316868e-02 7.738496e-02 -1.055127e+00 -2.059886e-02 9.992148e-01 -3.384310e-02 2.303689e-01 -7.810830e-02 3.213846e-02 9.964267e-01 1.021315e+01
9.966236e-01 2.496335e-02 7.821867e-02 -1.075378e+00 -2.213575e-02 9.990771e-01 -3.681080e-02 2.580889e-01 -7.906540e-02 3.495508e-02 9.962564e-01 1.030446e+01
9.966627e-01 2.735830e-02 7.690886e-02 -1.070971e+00 -2.435076e-02 9.989119e-01 -3.977480e-02 2.721118e-01 -7.791335e-02 3.776927e-02 9.962444e-01 1.045198e+01
9.967455e-01 2.978251e-02 7.490966e-02 -1.087050e+00 -2.671626e-02 9.987768e-01 -4.160711e-02 2.805998e-01 -7.605720e-02 3.947039e-02 9.963219e-01 1.055406e+01
9.968206e-01 3.342549e-02 7.232881e-02 -1.129397e+00 -3.026886e-02 9.985593e-01 -4.430757e-02 3.129062e-01 -7.370561e-02 4.197738e-02 9.963962e-01 1.065055e+01
9.971348e-01 3.373162e-02 6.770816e-02 -1.162439e+00 -3.063595e-02 9.984600e-01 -4.624987e-02 3.255402e-01 -6.916397e-02 4.404305e-02 9.966326e-01 1.070949e+01
9.973993e-01 3.700499e-02 6.184786e-02 -1.188271e+00 -3.405117e-02 9.982595e-01 -4.814997e-02 3.537192e-01 -6.352200e-02 4.591876e-02 9.969235e-01 1.080069e+01
9.976843e-01 3.871968e-02 5.591807e-02 -1.220944e+00 -3.588430e-02 9.980614e-01 -5.084975e-02 4.014745e-01 -5.777856e-02 4.872542e-02 9.971396e-01 1.086669e+01
9.981203e-01 3.718068e-02 4.871804e-02 -1.234709e+00 -3.464952e-02 9.980558e-01 -5.180835e-02 3.884029e-01 -5.054959e-02 5.002291e-02 9.974680e-01 1.093167e+01
9.985369e-01 3.722594e-02 3.922177e-02 -1.261437e+00 -3.509624e-02 9.979426e-01 -5.365536e-02 4.026595e-01 -4.113844e-02 5.220032e-02 9.977889e-01 1.100035e+01
9.989722e-01 3.664316e-02 2.668168e-02 -1.281116e+00 -3.512355e-02 9.978489e-01 -5.535236e-02 4.087158e-01 -2.865257e-02 5.435831e-02 9.981103e-01 1.106019e+01
9.992382e-01 3.718093e-02 1.185644e-02 -1.337791e+00 -3.644244e-02 9.976873e-01 -5.737540e-02 4.235108e-01 -1.396229e-02 5.689962e-02 9.982823e-01 1.113163e+01
9.992350e-01 3.817496e-02 -8.492460e-03 -1.327105e+00 -3.860252e-02 9.975863e-01 -5.771974e-02 4.010126e-01 6.268513e-03 5.800341e-02 9.982967e-01 1.154157e+01
9.987798e-01 4.029509e-02 -2.855002e-02 -1.399282e+00 -4.187667e-02 9.974867e-01 -5.715452e-02 4.171163e-01 2.617521e-02 5.828036e-02 9.979571e-01 1.151714e+01
9.978797e-01 4.249922e-02 -4.929407e-02 -1.514103e+00 -4.522172e-02 9.974343e-01 -5.549674e-02 4.531619e-01 4.680902e-02 5.760824e-02 9.972413e-01 1.137854e+01
9.963326e-01 4.194439e-02 -7.457802e-02 -1.580674e+00 -4.604546e-02 9.974707e-01 -5.414857e-02 4.881720e-01 7.211816e-02 5.738397e-02 9.957440e-01 1.137698e+01
9.935667e-01 4.424164e-02 -1.042493e-01 -1.646750e+00 -4.978878e-02 9.974455e-01 -5.122185e-02 4.829998e-01 1.017169e-01 5.608277e-02 9.932313e-01 1.155324e+01
9.899426e-01 4.638584e-02 -1.336490e-01 -1.727602e+00 -5.321780e-02 9.974283e-01 -4.800650e-02 4.711877e-01 1.310785e-01 5.463618e-02 9.898653e-01 1.182988e+01
9.845513e-01 4.943924e-02 -1.679718e-01 -1.850175e+00 -5.733258e-02 9.974514e-01 -4.246919e-02 4.688977e-01 1.654441e-01 5.144335e-02 9.848766e-01 1.208334e+01
9.776292e-01 5.107986e-02 -2.040389e-01 -1.962722e+00 -5.976372e-02 9.975405e-01 -3.662309e-02 4.607927e-01 2.016664e-01 4.799793e-02 9.782775e-01 1.238050e+01
9.676901e-01 5.508261e-02 -2.460523e-01 -2.115800e+00 -6.435523e-02 9.974821e-01 -2.979857e-02 4.573998e-01 2.437914e-01 4.467053e-02 9.687984e-01 1.273276e+01
9.555320e-01 5.985422e-02 -2.887490e-01 -2.220770e+00 -6.930379e-02 9.973395e-01 -2.260447e-02 4.469183e-01 2.866278e-01 4.161069e-02 9.571379e-01 1.300228e+01
9.405956e-01 6.518634e-02 -3.332127e-01 -2.338003e+00 -7.415441e-02 9.971449e-01 -1.425240e-02 4.201780e-01 3.313323e-01 3.811493e-02 9.427440e-01 1.329353e+01
9.233417e-01 6.700114e-02 -3.780886e-01 -2.494426e+00 -7.440978e-02 9.972152e-01 -5.001748e-03 4.438310e-01 3.767006e-01 3.275181e-02 9.257559e-01 1.362512e+01
9.030013e-01 7.274576e-02 -4.234344e-01 -2.682567e+00 -7.829029e-02 9.969213e-01 4.311296e-03 4.417439e-01 4.224444e-01 2.925770e-02 9.059165e-01 1.405048e+01
8.795666e-01 7.843091e-02 -4.692667e-01 -2.871610e+00 -8.268899e-02 9.965083e-01 1.156394e-02 4.403978e-01 4.685351e-01 2.863193e-02 8.829808e-01 1.442202e+01
8.530787e-01 8.434594e-02 -5.149199e-01 -3.060046e+00 -8.732271e-02 9.960086e-01 1.848081e-02 4.375095e-01 5.144234e-01 2.919861e-02 8.570391e-01 1.475748e+01
8.253108e-01 8.800557e-02 -5.577788e-01 -3.362197e+00 -9.086854e-02 9.956057e-01 2.263273e-02 4.707180e-01 5.573195e-01 3.200550e-02 8.296810e-01 1.507208e+01
7.948020e-01 9.162010e-02 -5.999129e-01 -3.680607e+00 -9.300753e-02 9.952495e-01 2.877464e-02 4.913818e-01 5.996994e-01 3.292628e-02 7.995477e-01 1.537116e+01
7.619462e-01 9.616900e-02 -6.404604e-01 -4.024859e+00 -9.546858e-02 9.947886e-01 3.579598e-02 5.235175e-01 6.405652e-01 3.386923e-02 7.671565e-01 1.562978e+01
7.273623e-01 9.800399e-02 -6.792197e-01 -4.414734e+00 -9.530759e-02 9.945847e-01 4.144481e-02 5.632749e-01 6.796033e-01 3.458939e-02 7.327639e-01 1.591994e+01
6.911454e-01 9.897133e-02 -7.159069e-01 -4.812809e+00 -9.394724e-02 9.944773e-01 4.678476e-02 5.902291e-01 7.165835e-01 3.492240e-02 6.966265e-01 1.618112e+01
6.528249e-01 9.832998e-02 -7.510998e-01 -5.185318e+00 -8.824119e-02 9.946603e-01 5.352003e-02 6.040260e-01 7.523518e-01 3.133873e-02 6.580157e-01 1.642718e+01
6.115244e-01 9.787218e-02 -7.851490e-01 -5.597479e+00 -8.434665e-02 9.947293e-01 5.830267e-02 6.464865e-01 7.867169e-01 3.057119e-02 6.165565e-01 1.666979e+01
5.669508e-01 9.888913e-02 -8.177944e-01 -6.043931e+00 -8.237223e-02 9.945981e-01 6.316250e-02 6.917351e-01 8.196229e-01 3.155352e-02 5.720339e-01 1.693562e+01
5.208857e-01 1.001768e-01 -8.477280e-01 -6.522076e+00 -8.218395e-02 9.943621e-01 6.700686e-02 7.269201e-01 8.496611e-01 3.476671e-02 5.261819e-01 1.715357e+01
4.723032e-01 9.894449e-02 -8.758651e-01 -7.035761e+00 -7.604899e-02 9.945485e-01 7.134307e-02 7.679943e-01 8.781493e-01 3.291310e-02 4.772531e-01 1.736468e+01
4.236004e-01 9.938364e-02 -9.003808e-01 -7.681759e+00 -7.076761e-02 9.945562e-01 7.648478e-02 8.097713e-01 9.030807e-01 3.131881e-02 4.283276e-01 1.753655e+01
3.749925e-01 9.838989e-02 -9.217918e-01 -8.495875e+00 -6.809068e-02 9.945892e-01 7.846026e-02 8.907430e-01 9.245238e-01 3.334342e-02 3.796629e-01 1.769513e+01
3.268310e-01 1.035954e-01 -9.393879e-01 -9.113462e+00 -6.646653e-02 9.940324e-01 8.649664e-02 9.510143e-01 9.427428e-01 3.416805e-02 3.317662e-01 1.781227e+01
2.786201e-01 1.081843e-01 -9.542887e-01 -9.705491e+00 -6.479561e-02 9.934888e-01 9.371018e-02 1.015281e+00 9.582130e-01 3.572419e-02 2.838159e-01 1.793999e+01
2.337413e-01 1.087372e-01 -9.661994e-01 -1.026620e+01 -5.988985e-02 9.934500e-01 9.731553e-02 1.076456e+00 9.704526e-01 3.511888e-02 2.387225e-01 1.803155e+01
2.057602e-01 1.075520e-01 -9.726744e-01 -1.083614e+01 -6.478340e-02 9.932590e-01 9.612381e-02 1.179405e+00 9.764559e-01 4.323469e-02 2.113407e-01 1.790526e+01
1.798837e-01 1.049672e-01 -9.780715e-01 -1.137941e+01 -6.808054e-02 9.932348e-01 9.407341e-02 1.268244e+00 9.813291e-01 4.966536e-02 1.858129e-01 1.772216e+01
1.586063e-01 9.962881e-02 -9.823026e-01 -1.187368e+01 -7.731356e-02 9.930943e-01 8.824001e-02 1.370131e+00 9.843104e-01 6.194986e-02 1.652137e-01 1.757312e+01
1.423558e-01 9.955532e-02 -9.847963e-01 -1.230541e+01 -8.450351e-02 9.925190e-01 8.812074e-02 1.436639e+00 9.862019e-01 7.067423e-02 1.497036e-01 1.746860e+01
1.295272e-01 1.037380e-01 -9.861345e-01 -1.243092e+01 -8.891163e-02 9.917213e-01 9.264737e-02 1.466168e+00 9.875817e-01 7.567846e-02 1.376784e-01 1.737167e+01
1.242642e-01 1.086545e-01 -9.862823e-01 -1.250983e+01 -8.877387e-02 9.912177e-01 9.801342e-02 1.507251e+00 9.882702e-01 7.537651e-02 1.328186e-01 1.720766e+01
1.206457e-01 1.108484e-01 -9.864873e-01 -1.256983e+01 -9.221031e-02 9.907009e-01 1.000448e-01 1.550561e+00 9.884037e-01 7.889434e-02 1.297452e-01 1.704733e+01
1.194599e-01 1.073836e-01 -9.870148e-01 -1.278081e+01 -8.849724e-02 9.913282e-01 9.714196e-02 1.588447e+00 9.888871e-01 7.574352e-02 1.279271e-01 1.696760e+01
1.209123e-01 1.028524e-01 -9.873204e-01 -1.290938e+01 -8.270830e-02 9.922032e-01 9.323222e-02 1.621710e+00 9.892116e-01 7.038667e-02 1.284763e-01 1.688701e+01
1.225453e-01 1.002747e-01 -9.873843e-01 -1.295795e+01 -6.996566e-02 9.932804e-01 9.218998e-02 1.622367e+00 9.899937e-01 5.778554e-02 1.287376e-01 1.699596e+01
1.256909e-01 9.951362e-02 -9.870658e-01 -1.304402e+01 -6.892766e-02 9.934279e-01 9.137794e-02 1.638197e+00 9.896721e-01 5.655075e-02 1.317241e-01 1.708344e+01
1.266174e-01 9.662633e-02 -9.872344e-01 -1.374310e+01 -6.877490e-02 9.937045e-01 8.843890e-02 1.703597e+00 9.895647e-01 5.669902e-02 1.324658e-01 1.724488e+01
1.293419e-01 8.908562e-02 -9.875903e-01 -1.394235e+01 -6.421012e-02 9.946184e-01 8.131017e-02 1.730209e+00 9.895191e-01 5.289647e-02 1.343660e-01 1.727699e+01
1.325905e-01 7.866552e-02 -9.880443e-01 -1.435998e+01 -6.663352e-02 9.952978e-01 7.030115e-02 1.773306e+00 9.889286e-01 5.651560e-02 1.372088e-01 1.727675e+01
1.315787e-01 7.076576e-02 -9.887767e-01 -1.504450e+01 -7.131805e-02 9.955398e-01 6.175934e-02 1.828454e+00 9.887370e-01 6.239140e-02 1.360387e-01 1.737903e+01
1.262726e-01 6.880236e-02 -9.896067e-01 -1.533373e+01 -7.880983e-02 9.951345e-01 5.913064e-02 1.842167e+00 9.888601e-01 7.052416e-02 1.310806e-01 1.750762e+01
1.175766e-01 7.707619e-02 -9.900682e-01 -1.583440e+01 -8.550230e-02 9.940669e-01 6.723357e-02 1.839070e+00 9.893761e-01 7.674802e-02 1.234692e-01 1.770274e+01
1.129300e-01 8.577655e-02 -9.898935e-01 -1.601175e+01 -8.853947e-02 9.931721e-01 7.595980e-02 1.848576e+00 9.896502e-01 7.906651e-02 1.197535e-01 1.762682e+01
1.051278e-01 9.511227e-02 -9.899001e-01 -1.678876e+01 -8.955170e-02 9.922770e-01 8.583023e-02 1.909180e+00 9.904186e-01 7.962407e-02 1.128334e-01 1.776760e+01
9.582710e-02 1.057153e-01 -9.897685e-01 -1.748149e+01 -8.752257e-02 9.913880e-01 9.741452e-02 1.941385e+00 9.915429e-01 7.729211e-02 1.042543e-01 1.806322e+01
9.378874e-02 1.151137e-01 -9.889148e-01 -1.848438e+01 -8.714756e-02 9.904297e-01 1.070250e-01 2.043595e+00 9.917706e-01 7.614378e-02 1.029230e-01 1.816057e+01
9.246951e-02 1.160962e-01 -9.889243e-01 -1.945569e+01 -8.799318e-02 9.902465e-01 1.080237e-01 2.143667e+00 9.918199e-01 7.702968e-02 1.017833e-01 1.821854e+01
8.577698e-02 1.128760e-01 -9.898996e-01 -2.001463e+01 -8.674777e-02 9.906344e-01 1.054429e-01 2.196731e+00 9.925306e-01 7.682702e-02 9.476537e-02 1.834521e+01
8.477533e-02 1.085512e-01 -9.904695e-01 -2.117526e+01 -8.779365e-02 9.909955e-01 1.010945e-01 2.307634e+00 9.925247e-01 7.838660e-02 9.354210e-02 1.844837e+01
7.822883e-02 1.022901e-01 -9.916739e-01 -2.181593e+01 -8.646286e-02 9.916703e-01 9.546907e-02 2.374703e+00 9.931791e-01 7.827451e-02 8.642149e-02 1.854462e+01
7.366562e-02 9.674421e-02 -9.925795e-01 -2.280308e+01 -8.556090e-02 9.922270e-01 9.035984e-02 2.458812e+00 9.936059e-01 7.826957e-02 8.137053e-02 1.861057e+01
6.852496e-02 9.467569e-02 -9.931470e-01 -2.376332e+01 -8.690903e-02 9.922689e-01 8.859546e-02 2.547697e+00 9.938567e-01 8.024243e-02 7.622337e-02 1.864033e+01
6.446004e-02 9.702800e-02 -9.931921e-01 -2.400423e+01 -8.701673e-02 9.920174e-01 9.126571e-02 2.574462e+00 9.941192e-01 8.054134e-02 7.238853e-02 1.853397e+01
6.091887e-02 1.022293e-01 -9.928938e-01 -2.418640e+01 -8.900134e-02 9.913353e-01 9.660812e-02 2.591767e+00 9.941669e-01 8.248362e-02 6.948954e-02 1.844237e+01
5.859786e-02 1.053186e-01 -9.927106e-01 -2.430078e+01 -9.220784e-02 9.907393e-01 9.966657e-02 2.616316e+00 9.940141e-01 8.569545e-02 6.776643e-02 1.822383e+01
5.596244e-02 1.100870e-01 -9.923453e-01 -2.450992e+01 -1.063957e-01 9.889010e-01 1.037048e-01 2.651266e+00 9.927478e-01 9.977767e-02 6.705409e-02 1.806283e+01
5.512810e-02 1.113707e-01 -9.922488e-01 -2.466820e+01 -1.120485e-01 9.881728e-01 1.046879e-01 2.695672e+00 9.921725e-01 1.054087e-01 6.695503e-02 1.791305e+01
5.348516e-02 1.133678e-01 -9.921125e-01 -2.490724e+01 -1.171254e-01 9.873887e-01 1.065137e-01 2.732095e+00 9.916759e-01 1.105047e-01 6.608891e-02 1.783124e+01
5.162781e-02 1.135339e-01 -9.921918e-01 -2.557022e+01 -1.192346e-01 9.871109e-01 1.067483e-01 2.795446e+00 9.915229e-01 1.127924e-01 6.449956e-02 1.784408e+01
4.969978e-02 1.135190e-01 -9.922920e-01 -2.666194e+01 -1.202540e-01 9.869722e-01 1.068874e-01 2.894980e+00 9.914983e-01 1.140148e-01 6.270343e-02 1.789648e+01
4.750383e-02 1.119935e-01 -9.925728e-01 -2.768563e+01 -1.201323e-01 9.871225e-01 1.056291e-01 2.995048e+00 9.916207e-01 1.142222e-01 6.034613e-02 1.792410e+01
4.699689e-02 1.116061e-01 -9.926406e-01 -2.836849e+01 -1.238947e-01 9.867165e-01 1.050742e-01 3.069233e+00 9.911819e-01 1.180447e-01 6.020004e-02 1.787752e+01
4.866731e-02 1.087969e-01 -9.928719e-01 -2.902744e+01 -1.260896e-01 9.867665e-01 1.019474e-01 3.145218e+00 9.908243e-01 1.202293e-01 6.174141e-02 1.782006e+01
4.911351e-02 1.043976e-01 -9.933222e-01 -3.012266e+01 -1.302691e-01 9.866967e-01 9.726030e-02 3.249076e+00 9.902615e-01 1.246224e-01 6.205994e-02 1.786686e+01
5.201477e-02 1.035303e-01 -9.932653e-01 -3.035182e+01 -1.308918e-01 9.867381e-01 9.599551e-02 3.284864e+00 9.900312e-01 1.250172e-01 6.487620e-02 1.776577e+01
5.453193e-02 1.082829e-01 -9.926234e-01 -3.042963e+01 -1.317409e-01 9.861924e-01 1.003438e-01 3.295032e+00 9.897832e-01 1.252971e-01 6.804425e-02 1.768750e+01
5.760902e-02 1.112280e-01 -9.921238e-01 -3.181361e+01 -1.310131e-01 9.860221e-01 1.029365e-01 3.420595e+00 9.897054e-01 1.240512e-01 7.137609e-02 1.780056e+01
6.233418e-02 1.109639e-01 -9.918676e-01 -3.226338e+01 -1.304718e-01 9.861780e-01 1.021278e-01 3.472302e+00 9.894905e-01 1.230448e-01 7.595021e-02 1.767521e+01
6.652105e-02 1.098928e-01 -9.917150e-01 -3.338493e+01 -1.309184e-01 9.862850e-01 1.005095e-01 3.580842e+00 9.891589e-01 1.231477e-01 7.999569e-02 1.772168e+01
7.069129e-02 1.113720e-01 -9.912614e-01 -3.446790e+01 -1.359347e-01 9.855523e-01 1.010365e-01 3.672132e+00 9.881926e-01 1.276044e-01 8.480924e-02 1.778383e+01
7.627505e-02 1.126649e-01 -9.907011e-01 -3.563145e+01 -1.407835e-01 9.848586e-01 1.011615e-01 3.778621e+00 9.870978e-01 1.317583e-01 9.098148e-02 1.787163e+01
7.982349e-02 1.124011e-01 -9.904515e-01 -3.709185e+01 -1.426642e-01 9.846812e-01 1.002485e-01 3.904244e+00 9.865471e-01 1.332998e-01 9.463632e-02 1.807744e+01
8.967584e-02 1.105685e-01 -9.898146e-01 -3.795326e+01 -1.481617e-01 9.842415e-01 9.652269e-02 4.007897e+00 9.848890e-01 1.379969e-01 1.046447e-01 1.806160e+01
9.741402e-02 1.089107e-01 -9.892669e-01 -3.900321e+01 -1.473843e-01 9.846134e-01 9.388532e-02 4.103413e+00 9.842705e-01 1.366567e-01 1.119668e-01 1.813480e+01
1.043192e-01 1.086916e-01 -9.885867e-01 -4.016873e+01 -1.463567e-01 9.848658e-01 9.283841e-02 4.199606e+00 9.837160e-01 1.350015e-01 1.186481e-01 1.824932e+01
1.119119e-01 1.089107e-01 -9.877319e-01 -4.128932e+01 -1.465840e-01 9.849115e-01 9.199145e-02 4.292099e+00 9.828475e-01 1.344907e-01 1.261879e-01 1.836417e+01
1.192734e-01 1.104925e-01 -9.866941e-01 -4.236649e+01 -1.465342e-01 9.848643e-01 9.257427e-02 4.376649e+00 9.819886e-01 1.335428e-01 1.336590e-01 1.847069e+01
1.259101e-01 1.119516e-01 -9.857046e-01 -4.342792e+01 -1.481858e-01 9.845868e-01 9.289601e-02 4.464950e+00 9.809117e-01 1.343709e-01 1.405591e-01 1.858565e+01
1.331018e-01 1.104475e-01 -9.849291e-01 -4.427904e+01 -1.488591e-01 9.847261e-01 9.030817e-02 4.542896e+00 9.798597e-01 1.345955e-01 1.475099e-01 1.865824e+01
1.375833e-01 1.055123e-01 -9.848543e-01 -4.546252e+01 -1.501673e-01 9.850383e-01 8.455376e-02 4.640720e+00 9.790407e-01 1.362597e-01 1.513693e-01 1.884055e+01
1.412179e-01 9.915021e-02 -9.850010e-01 -4.658876e+01 -1.492795e-01 9.857279e-01 7.782142e-02 4.733800e+00 9.786590e-01 1.360506e-01 1.540036e-01 1.902228e+01
1.368753e-01 9.875616e-02 -9.856532e-01 -4.747126e+01 -1.467401e-01 9.860617e-01 7.841965e-02 4.773076e+00 9.796593e-01 1.339012e-01 1.494589e-01 1.926034e+01
1.359401e-01 1.015780e-01 -9.854959e-01 -4.848774e+01 -1.462100e-01 9.858947e-01 8.145072e-02 4.824286e+00 9.798688e-01 1.330169e-01 1.488744e-01 1.946797e+01
1.370876e-01 1.014110e-01 -9.853542e-01 -4.953678e+01 -1.468559e-01 9.858335e-01 8.102894e-02 4.891150e+00 9.796124e-01 1.335970e-01 1.500384e-01 1.959769e+01
1.382120e-01 1.008690e-01 -9.852527e-01 -5.058584e+01 -1.485378e-01 9.856595e-01 8.007369e-02 4.980035e+00 9.792007e-01 1.352801e-01 1.512128e-01 1.973001e+01
1.368505e-01 1.017826e-01 -9.853488e-01 -5.168993e+01 -1.484187e-01 9.855858e-01 8.119386e-02 5.054050e+00 9.794100e-01 1.351328e-01 1.499844e-01 1.990399e+01
1.387761e-01 1.028669e-01 -9.849669e-01 -5.288829e+01 -1.486983e-01 9.854795e-01 8.196972e-02 5.136193e+00 9.790967e-01 1.350875e-01 1.520571e-01 2.004353e+01
1.404200e-01 1.023097e-01 -9.847919e-01 -5.399557e+01 -1.482465e-01 9.856066e-01 8.125608e-02 5.212004e+00 9.789307e-01 1.345820e-01 1.535659e-01 2.017029e+01
1.436718e-01 1.005602e-01 -9.845029e-01 -5.517034e+01 -1.461704e-01 9.860688e-01 7.938896e-02 5.305215e+00 9.787710e-01 1.324993e-01 1.563692e-01 2.029633e+01
1.451790e-01 9.963311e-02 -9.843761e-01 -5.629096e+01 -1.420423e-01 9.867095e-01 7.892042e-02 5.383362e+00 9.791563e-01 1.283654e-01 1.574017e-01 2.044948e+01
1.458130e-01 9.981048e-02 -9.842644e-01 -5.744430e+01 -1.394845e-01 9.870336e-01 7.942749e-02 5.463112e+00 9.794298e-01 1.257081e-01 1.578443e-01 2.062856e+01
1.451679e-01 1.022597e-01 -9.841084e-01 -5.854192e+01 -1.380701e-01 9.870060e-01 8.219381e-02 5.530895e+00 9.797260e-01 1.239440e-01 1.574006e-01 2.079617e+01
1.415065e-01 1.060771e-01 -9.842377e-01 -5.950130e+01 -1.359890e-01 9.868995e-01 8.681252e-02 5.591709e+00 9.805524e-01 1.215609e-01 1.540780e-01 2.097633e+01
1.415254e-01 1.057787e-01 -9.842671e-01 -6.047668e+01 -1.406555e-01 9.863359e-01 8.577652e-02 5.670564e+00 9.798912e-01 1.263030e-01 1.544699e-01 2.111077e+01
1.413895e-01 1.041829e-01 -9.844567e-01 -6.163230e+01 -1.416859e-01 9.863385e-01 8.403282e-02 5.749221e+00 9.797623e-01 1.276022e-01 1.542192e-01 2.128930e+01
1.412677e-01 1.015912e-01 -9.847450e-01 -6.281047e+01 -1.407407e-01 9.866779e-01 8.160051e-02 5.830908e+00 9.799160e-01 1.270662e-01 1.536838e-01 2.147411e+01
1.406637e-01 1.006800e-01 -9.849250e-01 -6.395885e+01 -1.396036e-01 9.868936e-01 8.094354e-02 5.908965e+00 9.801655e-01 1.261133e-01 1.528754e-01 2.165352e+01
1.409712e-01 1.018760e-01 -9.847581e-01 -6.509740e+01 -1.370785e-01 9.871189e-01 8.249699e-02 5.976486e+00 9.804778e-01 1.233594e-01 1.531204e-01 2.184053e+01
1.414094e-01 1.047510e-01 -9.843935e-01 -6.626399e+01 -1.354959e-01 9.870756e-01 8.557227e-02 6.050568e+00 9.806346e-01 1.212806e-01 1.537751e-01 2.201519e+01
1.429329e-01 1.068699e-01 -9.839456e-01 -6.740046e+01 -1.362506e-01 9.868125e-01 8.738888e-02 6.134598e+00 9.803091e-01 1.215725e-01 1.556091e-01 2.216821e+01
1.481867e-01 1.077463e-01 -9.830725e-01 -6.821019e+01 -1.446210e-01 9.857221e-01 8.623680e-02 6.188465e+00 9.783279e-01 1.293938e-01 1.616533e-01 2.216101e+01
1.493536e-01 1.058095e-01 -9.831063e-01 -6.932394e+01 -1.466929e-01 9.856265e-01 8.379511e-02 6.275507e+00 9.778419e-01 1.316996e-01 1.627283e-01 2.229643e+01
1.518236e-01 1.029744e-01 -9.830290e-01 -6.978944e+01 -1.444207e-01 9.861954e-01 8.100105e-02 6.320080e+00 9.777998e-01 1.296718e-01 1.645994e-01 2.235103e+01
1.534686e-01 1.030363e-01 -9.827669e-01 -7.071072e+01 -1.429617e-01 9.864005e-01 8.109239e-02 6.395892e+00 9.777573e-01 1.280529e-01 1.661118e-01 2.250202e+01
1.559336e-01 1.042667e-01 -9.822490e-01 -7.144156e+01 -1.371221e-01 9.870698e-01 8.301011e-02 6.474547e+00 9.782035e-01 1.217440e-01 1.682147e-01 2.260193e+01
1.569949e-01 1.064101e-01 -9.818500e-01 -7.241917e+01 -1.367907e-01 9.869388e-01 8.508918e-02 6.541802e+00 9.780802e-01 1.209494e-01 1.695003e-01 2.276439e+01
1.662275e-01 1.078117e-01 -9.801762e-01 -7.311108e+01 -1.388747e-01 9.866577e-01 8.497291e-02 6.632106e+00 9.762595e-01 1.219968e-01 1.789820e-01 2.256034e+01
1.685923e-01 1.102233e-01 -9.795037e-01 -7.339176e+01 -1.413710e-01 9.861581e-01 8.663927e-02 6.660295e+00 9.754952e-01 1.238667e-01 1.818411e-01 2.249656e+01
1.705459e-01 1.102746e-01 -9.791597e-01 -7.409222e+01 -1.472014e-01 9.854181e-01 8.534049e-02 6.717973e+00 9.742925e-01 1.295792e-01 1.842915e-01 2.260626e+01
1.771424e-01 1.052480e-01 -9.785415e-01 -7.491791e+01 -1.488931e-01 9.856875e-01 7.906289e-02 6.818444e+00 9.728573e-01 1.316927e-01 1.902778e-01 2.258157e+01
1.799259e-01 1.024502e-01 -9.783306e-01 -7.544698e+01 -1.489881e-01 9.859260e-01 7.584503e-02 6.891300e+00 9.723319e-01 1.321131e-01 1.926575e-01 2.257544e+01
1.838238e-01 9.900828e-02 -9.779602e-01 -7.635262e+01 -1.485344e-01 9.862877e-01 7.193185e-02 6.974607e+00 9.716719e-01 1.320380e-01 1.960093e-01 2.269317e+01
1.827251e-01 9.915166e-02 -9.781516e-01 -7.746329e+01 -1.460783e-01 9.865967e-01 7.271933e-02 7.032964e+00 9.722514e-01 1.295991e-01 1.947598e-01 2.294434e+01
1.802145e-01 1.012644e-01 -9.784009e-01 -7.815047e+01 -1.446692e-01 9.865981e-01 7.546574e-02 7.052852e+00 9.729304e-01 1.279445e-01 1.924492e-01 2.313101e+01
1.799530e-01 1.032267e-01 -9.782439e-01 -7.937457e+01 -1.453018e-01 9.863588e-01 7.735403e-02 7.138265e+00 9.728845e-01 1.282206e-01 1.924972e-01 2.339353e+01
1.778395e-01 1.031738e-01 -9.786360e-01 -8.046317e+01 -1.484111e-01 9.859256e-01 7.697281e-02 7.200864e+00 9.728040e-01 1.315517e-01 1.906487e-01 2.362541e+01
1.773342e-01 1.055225e-01 -9.784772e-01 -8.165845e+01 -1.551076e-01 9.848061e-01 7.809412e-02 7.282171e+00 9.718509e-01 1.379205e-01 1.910072e-01 2.383009e+01
1.768401e-01 1.046770e-01 -9.786575e-01 -8.272031e+01 -1.574595e-01 9.845304e-01 7.685279e-02 7.354171e+00 9.715628e-01 1.405082e-01 1.905868e-01 2.401960e+01
1.769197e-01 1.013717e-01 -9.789909e-01 -8.387254e+01 -1.597620e-01 9.844478e-01 7.306516e-02 7.431794e+00 9.711722e-01 1.434789e-01 1.903636e-01 2.421833e+01
1.769812e-01 9.674404e-02 -9.794479e-01 -8.500489e+01 -1.594421e-01 9.848303e-01 6.846532e-02 7.510804e+00 9.712136e-01 1.440482e-01 1.897215e-01 2.443194e+01
1.786295e-01 9.494887e-02 -9.793244e-01 -8.609499e+01 -1.556824e-01 9.855219e-01 6.715314e-02 7.582581e+00 9.715217e-01 1.404681e-01 1.908252e-01 2.459007e+01
1.781458e-01 9.341741e-02 -9.795597e-01 -8.725662e+01 -1.509080e-01 9.863007e-01 6.661566e-02 7.644183e+00 9.723635e-01 1.359561e-01 1.898028e-01 2.481745e+01
1.777909e-01 9.503479e-02 -9.794686e-01 -8.848706e+01 -1.498568e-01 9.863320e-01 6.849906e-02 7.712734e+00 9.725910e-01 1.346015e-01 1.896024e-01 2.505841e+01
1.767209e-01 9.894349e-02 -9.792752e-01 -8.964108e+01 -1.486382e-01 9.862068e-01 7.282045e-02 7.772286e+00 9.729729e-01 1.326888e-01 1.889902e-01 2.527459e+01
1.782677e-01 9.830279e-02 -9.790593e-01 -9.076151e+01 -1.470578e-01 9.864841e-01 7.227191e-02 7.855972e+00 9.729310e-01 1.310946e-01 1.903144e-01 2.544307e+01
1.767908e-01 9.426953e-02 -9.797236e-01 -9.190091e+01 -1.475194e-01 9.866967e-01 6.832066e-02 7.924480e+00 9.731306e-01 1.324498e-01 1.883454e-01 2.565812e+01
1.779084e-01 9.074590e-02 -9.798540e-01 -9.316502e+01 -1.481996e-01 9.868528e-01 6.448603e-02 7.995040e+00 9.728234e-01 1.337414e-01 1.890178e-01 2.587372e+01
1.767107e-01 8.973459e-02 -9.801638e-01 -9.439124e+01 -1.486223e-01 9.868498e-01 6.355205e-02 8.057971e+00 9.729772e-01 1.344438e-01 1.877235e-01 2.610653e+01
1.709678e-01 9.157737e-02 -9.810115e-01 -9.544624e+01 -1.490963e-01 9.866099e-01 6.611592e-02 8.097320e+00 9.739303e-01 1.349614e-01 1.823324e-01 2.637851e+01
1.635434e-01 9.777897e-02 -9.816787e-01 -9.636570e+01 -1.529343e-01 9.855596e-01 7.268733e-02 8.113796e+00 9.746101e-01 1.382447e-01 1.761355e-01 2.668326e+01
1.609848e-01 1.019162e-01 -9.816807e-01 -9.747682e+01 -1.566378e-01 9.846858e-01 7.654133e-02 8.175132e+00 9.744478e-01 1.414463e-01 1.744834e-01 2.687659e+01
1.617061e-01 1.029847e-01 -9.814506e-01 -9.869985e+01 -1.642156e-01 9.834815e-01 7.614127e-02 8.264781e+00 9.730799e-01 1.488570e-01 1.759467e-01 2.704090e+01
1.615527e-01 1.018322e-01 -9.815961e-01 -9.983842e+01 -1.675100e-01 9.830579e-01 7.441478e-02 8.334580e+00 9.725437e-01 1.524053e-01 1.758736e-01 2.722121e+01
1.600081e-01 1.006861e-01 -9.819673e-01 -1.009925e+02 -1.708043e-01 9.826030e-01 7.291930e-02 8.405540e+00 9.722260e-01 1.560566e-01 1.744221e-01 2.740929e+01
1.581582e-01 1.000368e-01 -9.823334e-01 -1.022156e+02 -1.695361e-01 9.828321e-01 7.279185e-02 8.474163e+00 9.727506e-01 1.550283e-01 1.724028e-01 2.764322e+01
1.567346e-01 9.878438e-02 -9.826881e-01 -1.034283e+02 -1.677807e-01 9.831861e-01 7.207413e-02 8.537571e+00 9.732851e-01 1.535796e-01 1.706734e-01 2.786593e+01
1.559504e-01 9.904283e-02 -9.827870e-01 -1.046421e+02 -1.674746e-01 9.832063e-01 7.250991e-02 8.621757e+00 9.734639e-01 1.532839e-01 1.699185e-01 2.806396e+01
1.591313e-01 1.035655e-01 -9.818102e-01 -1.056956e+02 -1.663620e-01 9.830745e-01 7.673499e-02 8.706315e+00 9.731397e-01 1.511250e-01 1.736673e-01 2.811106e+01
1.643873e-01 1.076346e-01 -9.805059e-01 -1.068146e+02 -1.666248e-01 9.827739e-01 7.994797e-02 8.792258e+00 9.722208e-01 1.502342e-01 1.794901e-01 2.813706e+01
1.669838e-01 1.064084e-01 -9.802008e-01 -1.079337e+02 -1.684567e-01 9.826202e-01 7.797334e-02 8.869933e+00 9.714622e-01 1.521012e-01 1.820068e-01 2.830391e+01
1.673433e-01 1.048383e-01 -9.803088e-01 -1.090687e+02 -1.687932e-01 9.826954e-01 7.627973e-02 8.941233e+00 9.713420e-01 1.527046e-01 1.821434e-01 2.849302e+01
1.682131e-01 1.039686e-01 -9.802524e-01 -1.102972e+02 -1.675664e-01 9.829654e-01 7.550161e-02 9.012859e+00 9.714041e-01 1.515570e-01 1.827694e-01 2.870986e+01
1.691808e-01 1.038043e-01 -9.801034e-01 -1.115256e+02 -1.683647e-01 9.828648e-01 7.503445e-02 9.082716e+00 9.710981e-01 1.523204e-01 1.837588e-01 2.890656e+01
1.723768e-01 1.059761e-01 -9.793137e-01 -1.126667e+02 -1.681731e-01 9.827653e-01 7.674814e-02 9.155587e+00 9.705690e-01 1.514646e-01 1.872283e-01 2.905816e+01
1.732613e-01 1.107308e-01 -9.786314e-01 -1.131069e+02 -1.712287e-01 9.819135e-01 8.078708e-02 9.180666e+00 9.698771e-01 1.535725e-01 1.890879e-01 2.908474e+01
1.755417e-01 1.123477e-01 -9.780406e-01 -1.133181e+02 -1.732065e-01 9.814946e-01 8.165681e-02 9.211438e+00 9.691155e-01 1.550688e-01 1.917526e-01 2.895038e+01
1.759572e-01 1.102808e-01 -9.782011e-01 -1.145325e+02 -1.752064e-01 9.813474e-01 7.911968e-02 9.292622e+00 9.686806e-01 1.574654e-01 1.919971e-01 2.917103e+01
1.772983e-01 1.072538e-01 -9.782954e-01 -1.156271e+02 -1.743756e-01 9.817396e-01 7.602897e-02 9.370157e+00 9.685858e-01 1.571110e-01 1.927632e-01 2.931660e+01
1.773745e-01 1.048494e-01 -9.785423e-01 -1.168290e+02 -1.711310e-01 9.824467e-01 7.424781e-02 9.437327e+00 9.691504e-01 1.542893e-01 1.922039e-01 2.958582e+01
1.775545e-01 1.040819e-01 -9.785916e-01 -1.180340e+02 -1.714800e-01 9.824511e-01 7.337929e-02 9.525050e+00 9.690558e-01 1.547800e-01 1.922866e-01 2.978139e+01
1.787077e-01 1.032323e-01 -9.784716e-01 -1.190471e+02 -1.677917e-01 9.831102e-01 7.307628e-02 9.596972e+00 9.694893e-01 1.511201e-01 1.930109e-01 2.993158e+01
1.794612e-01 1.010965e-01 -9.785567e-01 -1.202004e+02 -1.642965e-01 9.838156e-01 7.150881e-02 9.665238e+00 9.699486e-01 1.479404e-01 1.931666e-01 3.010872e+01
1.780096e-01 1.017969e-01 -9.787492e-01 -1.206653e+02 -1.649688e-01 9.836451e-01 7.230246e-02 9.673170e+00 9.701020e-01 1.485926e-01 1.918916e-01 3.018489e+01
1.779919e-01 1.044584e-01 -9.784720e-01 -1.212773e+02 -1.644987e-01 9.835162e-01 7.507323e-02 9.714668e+00 9.701851e-01 1.475950e-01 1.922413e-01 3.024816e+01
1.774665e-01 1.051628e-01 -9.784920e-01 -1.224848e+02 -1.601326e-01 9.841093e-01 7.672367e-02 9.785645e+00 9.710115e-01 1.430726e-01 1.914864e-01 3.046409e+01
1.760184e-01 1.039593e-01 -9.788820e-01 -1.237005e+02 -1.587126e-01 9.843950e-01 7.600576e-02 9.852608e+00 9.715080e-01 1.419825e-01 1.897712e-01 3.070479e+01
1.746239e-01 1.049366e-01 -9.790275e-01 -1.249595e+02 -1.615980e-01 9.838768e-01 7.663301e-02 9.924620e+00 9.712840e-01 1.448269e-01 1.887659e-01 3.093706e+01
1.721517e-01 1.102069e-01 -9.788863e-01 -1.261239e+02 -1.620621e-01 9.833502e-01 8.220840e-02 9.983694e+00 9.716480e-01 1.444880e-01 1.871458e-01 3.116483e+01
1.738040e-01 1.175228e-01 -9.777426e-01 -1.274439e+02 -1.665542e-01 9.820585e-01 8.843481e-02 1.008741e+01 9.705936e-01 1.474769e-01 1.902597e-01 3.137131e+01
1.783339e-01 1.189985e-01 -9.767479e-01 -1.285181e+02 -1.737550e-01 9.808692e-01 8.777658e-02 1.017249e+01 9.685072e-01 1.540613e-01 1.955988e-01 3.143797e+01
1.804785e-01 1.162009e-01 -9.766908e-01 -1.296517e+02 -1.781229e-01 9.804392e-01 8.373231e-02 1.026518e+01 9.673157e-01 1.588591e-01 1.976463e-01 3.158663e+01
1.835234e-01 1.107753e-01 -9.767538e-01 -1.308742e+02 -1.771595e-01 9.810880e-01 7.798015e-02 1.034566e+01 9.669197e-01 1.587301e-01 1.996775e-01 3.177967e+01
1.847402e-01 1.088041e-01 -9.767461e-01 -1.320681e+02 -1.759866e-01 9.814511e-01 7.604240e-02 1.042542e+01 9.669023e-01 1.578462e-01 2.004616e-01 3.197763e+01
1.855438e-01 1.034877e-01 -9.771713e-01 -1.331770e+02 -1.690624e-01 9.829719e-01 7.200068e-02 1.050286e+01 9.679832e-01 1.518436e-01 1.998802e-01 3.219995e+01
1.853586e-01 9.708929e-02 -9.778629e-01 -1.343679e+02 -1.632074e-01 9.843281e-01 6.679445e-02 1.060460e+01 9.690230e-01 1.472136e-01 1.982994e-01 3.247253e+01
1.879829e-01 9.282023e-02 -9.777764e-01 -1.354607e+02 -1.590246e-01 9.852652e-01 6.295779e-02 1.067063e+01 9.692128e-01 1.436555e-01 1.999737e-01 3.256296e+01
1.859918e-01 9.534717e-02 -9.779141e-01 -1.366369e+02 -1.563190e-01 9.854753e-01 6.635371e-02 1.072727e+01 9.700368e-01 1.405253e-01 1.981949e-01 3.281888e+01
1.856200e-01 1.022010e-01 -9.772923e-01 -1.379062e+02 -1.555699e-01 9.850890e-01 7.346848e-02 1.078382e+01 9.702284e-01 1.384000e-01 1.987516e-01 3.310068e+01
1.876572e-01 1.058464e-01 -9.765149e-01 -1.389958e+02 -1.579103e-01 9.844961e-01 7.636578e-02 1.085314e+01 9.694581e-01 1.398712e-01 2.014620e-01 3.325819e+01
1.908923e-01 1.011860e-01 -9.763820e-01 -1.399910e+02 -1.542512e-01 9.854074e-01 7.196367e-02 1.091239e+01 9.694157e-01 1.368707e-01 2.037148e-01 3.337256e+01
1.915194e-01 1.019294e-01 -9.761817e-01 -1.411956e+02 -1.578923e-01 9.848384e-01 7.185605e-02 1.098830e+01 9.687055e-01 1.403697e-01 2.047095e-01 3.360677e+01
1.932276e-01 1.025517e-01 -9.757798e-01 -1.424135e+02 -1.578969e-01 9.848101e-01 7.223339e-02 1.106463e+01 9.683655e-01 1.401151e-01 2.064852e-01 3.384898e+01
1.957037e-01 1.011707e-01 -9.754305e-01 -1.436302e+02 -1.603333e-01 9.845811e-01 6.995161e-02 1.114339e+01 9.674676e-01 1.427041e-01 2.089072e-01 3.408773e+01
1.975358e-01 9.930042e-02 -9.752533e-01 -1.446772e+02 -1.606256e-01 9.846891e-01 6.772673e-02 1.120468e+01 9.670466e-01 1.432722e-01 2.104615e-01 3.430930e+01
2.018458e-01 1.018344e-01 -9.741089e-01 -1.458699e+02 -1.639154e-01 9.840646e-01 6.891014e-02 1.126719e+01 9.656035e-01 1.457622e-01 2.153215e-01 3.452624e+01
2.043766e-01 1.036680e-01 -9.733875e-01 -1.462685e+02 -1.644896e-01 9.838742e-01 7.024797e-02 1.128597e+01 9.649733e-01 1.457550e-01 2.181332e-01 3.458347e+01
2.049842e-01 1.057331e-01 -9.730374e-01 -1.474706e+02 -1.653931e-01 9.835933e-01 7.203766e-02 1.134326e+01 9.646899e-01 1.461671e-01 2.191086e-01 3.484404e+01
2.062536e-01 1.074501e-01 -9.725811e-01 -1.485022e+02 -1.667346e-01 9.832755e-01 7.327253e-02 1.139332e+01 9.641883e-01 1.470502e-01 2.207198e-01 3.502858e+01
2.096730e-01 1.078507e-01 -9.718053e-01 -1.493452e+02 -1.669225e-01 9.832559e-01 7.310698e-02 1.145115e+01 9.634179e-01 1.468876e-01 2.241649e-01 3.514011e+01
2.131048e-01 1.056767e-01 -9.712975e-01 -1.502017e+02 -1.654565e-01 9.836780e-01 7.072216e-02 1.151380e+01 9.629177e-01 1.456363e-01 2.271114e-01 3.527284e+01
2.158346e-01 1.051201e-01 -9.707550e-01 -1.510687e+02 -1.659712e-01 9.836702e-01 6.961711e-02 1.157092e+01 9.622208e-01 1.460916e-01 2.297570e-01 3.544638e+01
2.190817e-01 1.060194e-01 -9.699294e-01 -1.523871e+02 -1.656704e-01 9.836864e-01 7.010251e-02 1.163733e+01 9.615386e-01 1.453304e-01 2.330720e-01 3.574699e+01
2.202787e-01 1.038709e-01 -9.698908e-01 -1.531248e+02 -1.631721e-01 9.842274e-01 6.834712e-02 1.168182e+01 9.616924e-01 1.432037e-01 2.337532e-01 3.585999e+01
2.160443e-01 1.006225e-01 -9.711848e-01 -1.539008e+02 -1.601683e-01 9.848533e-01 6.640848e-02 1.171209e+01 9.631568e-01 1.412059e-01 2.288885e-01 3.607192e+01
2.113821e-01 9.693991e-02 -9.725843e-01 -1.548221e+02 -1.595206e-01 9.851488e-01 6.352195e-02 1.175844e+01 9.642981e-01 1.417198e-01 2.237067e-01 3.627521e+01
2.064415e-01 9.427272e-02 -9.739070e-01 -1.556995e+02 -1.600677e-01 9.851924e-01 6.143517e-02 1.179864e+01 9.652774e-01 1.432082e-01 2.184746e-01 3.645560e+01
2.023548e-01 9.398126e-02 -9.747924e-01 -1.566491e+02 -1.613552e-01 9.849803e-01 6.146813e-02 1.184563e+01 9.659281e-01 1.448494e-01 2.144799e-01 3.666845e+01
1.979489e-01 9.498176e-02 -9.755998e-01 -1.574157e+02 -1.622467e-01 9.847401e-01 6.295183e-02 1.187695e+01 9.666915e-01 1.458265e-01 2.103387e-01 3.685041e+01
1.951129e-01 9.611926e-02 -9.760596e-01 -1.583160e+02 -1.604377e-01 9.849088e-01 6.491941e-02 1.191956e+01 9.675696e-01 1.439301e-01 2.075896e-01 3.705291e+01
1.943825e-01 9.710717e-02 -9.761075e-01 -1.591358e+02 -1.576359e-01 9.852472e-01 6.662472e-02 1.196531e+01 9.681769e-01 1.409188e-01 2.068225e-01 3.719064e+01
1.936007e-01 9.693563e-02 -9.762799e-01 -1.600034e+02 -1.543379e-01 9.857256e-01 6.726758e-02 1.201542e+01 9.688647e-01 1.376539e-01 2.057980e-01 3.736010e+01
1.925660e-01 9.591226e-02 -9.765856e-01 -1.608328e+02 -1.546497e-01 9.857411e-01 6.631715e-02 1.205790e+01 9.690211e-01 1.382582e-01 2.046530e-01 3.751435e+01
1.941264e-01 9.480052e-02 -9.763851e-01 -1.616842e+02 -1.560612e-01 9.856281e-01 6.466962e-02 1.211184e+01 9.684833e-01 1.398218e-01 2.061312e-01 3.762911e+01
1.977990e-01 9.430932e-02 -9.756953e-01 -1.624672e+02 -1.593846e-01 9.852096e-01 6.291751e-02 1.217052e+01 9.671981e-01 1.430658e-01 2.099050e-01 3.769349e+01
1.983421e-01 9.325863e-02 -9.756861e-01 -1.633757e+02 -1.620935e-01 9.848766e-01 6.118593e-02 1.221751e+01 9.666366e-01 1.460167e-01 2.104591e-01 3.787407e+01
2.015068e-01 9.024255e-02 -9.753212e-01 -1.642406e+02 -1.621982e-01 9.850736e-01 5.763386e-02 1.226957e+01 9.659642e-01 1.465817e-01 2.131362e-01 3.800301e+01
2.056831e-01 8.675865e-02 -9.747654e-01 -1.650450e+02 -1.614391e-01 9.854237e-01 5.364235e-02 1.232648e+01 9.652109e-01 1.463319e-01 2.166913e-01 3.809089e+01
2.080676e-01 8.630282e-02 -9.742997e-01 -1.659457e+02 -1.611423e-01 9.855133e-01 5.288318e-02 1.237039e+01 9.647493e-01 1.459976e-01 2.189605e-01 3.825196e+01
