1.000000e+00 0.000000e+00 0.000000e+00 0.000000e+00 0.000000e+00 1.000000e+00 0.000000e+00 0.000000e+00 0.000000e+00 0.000000e+00 1.000000e+00 0.000000e+00
9.999512e-01 -2.211278e-03 9.632160e-03 2.679899e-02 2.198913e-03 9.999967e-01 1.294153e-03 -7.842963e-03 -9.634991e-03 -1.272909e-03 9.999528e-01 2.303126e-01
9.998651e-01 -3.907203e-03 1.595137e-02 5.079554e-02 3.879731e-03 9.999909e-01 1.752847e-03 -1.045400e-02 -1.595807e-02 -1.690724e-03 9.998713e-01 4.569235e-01
9.998357e-01 -6.186863e-03 1.703627e-02 5.678467e-02 6.172157e-03 9.999805e-01 9.157190e-04 -1.293095e-02 -1.704160e-02 -8.104180e-04 9.998544e-01 7.132913e-01
9.998689e-01 -7.425406e-03 1.438574e-02 5.818057e-02 7.424793e-03 9.999724e-01 9.603940e-05 -1.470214e-02 -1.438606e-02 1.078432e-05 9.998965e-01 9.634953e-01
9.998457e-01 -1.059417e-02 1.401009e-02 6.253670e-02 1.061522e-02 9.999427e-01 -1.429214e-03 -1.564002e-02 -1.399415e-02 1.577713e-03 9.999008e-01 1.251968e+00
9.999278e-01 -1.182996e-02 2.138189e-03 4.969337e-02 1.183510e-02 9.999270e-01 -2.407021e-03 -2.383442e-02 -2.109558e-03 2.432153e-03 9.999948e-01 1.555213e+00
9.998464e-01 -1.156899e-02 -1.316782e-02 2.868479e-02 1.153685e-02 9.999303e-01 -2.514488e-03 -2.956717e-02 1.319599e-02 2.362186e-03 9.999101e-01 1.854148e+00
9.994550e-01 -7.474480e-03 -3.215142e-02 2.340172e-03 7.383047e-03 9.999683e-01 -2.961593e-03 -3.583563e-02 3.217254e-02 2.722604e-03 9.994786e-01 2.175395e+00
9.986494e-01 -3.267418e-03 -5.185331e-02 -3.012634e-02 3.077581e-03 9.999883e-01 -3.740464e-03 -4.145202e-02 5.186493e-02 3.575830e-03 9.986477e-01 2.493366e+00
9.973767e-01 -2.481404e-03 -7.234319e-02 -7.174119e-02 2.235008e-03 9.999914e-01 -3.486690e-03 -4.455228e-02 7.235122e-02 3.315856e-03 9.973737e-01 2.804084e+00
9.955753e-01 -3.096351e-03 -9.391601e-02 -1.155305e-01 2.860644e-03 9.999924e-01 -2.644285e-03 -4.820857e-02 9.392349e-02 2.363924e-03 9.955766e-01 3.141833e+00
9.934245e-01 -3.795956e-03 -1.144259e-01 -1.670565e-01 3.634233e-03 9.999921e-01 -1.621921e-03 -5.461693e-02 1.144311e-01 1.195406e-03 9.934304e-01 3.486531e+00
9.912542e-01 -3.294413e-03 -1.319257e-01 -2.403872e-01 3.209512e-03 9.999945e-01 -8.561836e-04 -6.027908e-02 1.319278e-01 4.252784e-04 9.912592e-01 3.859670e+00
9.889351e-01 -2.581298e-03 -1.483264e-01 -3.198548e-01 2.602879e-03 9.999966e-01 -4.861025e-05 -6.638090e-02 1.483260e-01 -3.380034e-04 9.889385e-01 4.247429e+00
9.866399e-01 -2.134321e-03 -1.629021e-01 -4.038985e-01 2.214282e-03 9.999975e-01 3.092805e-04 -7.015934e-02 1.629010e-01 -6.658596e-04 9.866422e-01 4.630813e+00
9.841838e-01 -3.094143e-03 -1.771230e-01 -4.896871e-01 3.115847e-03 9.999951e-01 -1.556106e-04 -7.280023e-02 1.771226e-01 -3.987387e-04 9.841887e-01 5.010913e+00
9.825348e-01 -5.967978e-03 -1.859835e-01 -5.750883e-01 5.676250e-03 9.999817e-01 -2.101027e-03 -8.269684e-02 1.859926e-01 1.008644e-03 9.825506e-01 5.460274e+00
9.808958e-01 -5.424472e-03 -1.944581e-01 -6.706861e-01 4.825844e-03 9.999821e-01 -3.552048e-03 -8.709682e-02 1.944738e-01 2.545765e-03 9.809044e-01 5.895368e+00
9.790415e-01 -5.451696e-03 -2.035878e-01 -7.822433e-01 4.552573e-03 9.999777e-01 -4.884458e-03 -8.684329e-02 2.036099e-01 3.855238e-03 9.790445e-01 6.336489e+00
9.772009e-01 -6.438084e-03 -2.122189e-01 -8.941068e-01 5.039953e-03 9.999619e-01 -7.128450e-03 -9.387120e-02 2.122567e-01 5.896355e-03 9.771962e-01 6.789399e+00
9.752448e-01 -9.814514e-03 -2.209101e-01 -1.002592e+00 8.082403e-03 9.999291e-01 -8.743364e-03 -1.008508e-01 2.209803e-01 6.741436e-03 9.752550e-01 7.270234e+00
9.732845e-01 -1.557643e-02 -2.290735e-01 -1.120149e+00 1.369812e-02 9.998583e-01 -9.787516e-03 -1.128294e-01 2.291935e-01 6.388162e-03 9.733599e-01 7.769333e+00
9.709386e-01 -1.647871e-02 -2.387608e-01 -1.252313e+00 1.411007e-02 9.998329e-01 -1.162646e-02 -1.291606e-01 2.389125e-01 7.919643e-03 9.710088e-01 8.264008e+00
9.687284e-01 -1.300171e-02 -2.477826e-01 -1.405339e+00 9.353500e-03 9.998299e-01 -1.589496e-02 -1.326519e-01 2.479471e-01 1.308027e-02 9.686853e-01 8.771463e+00
9.665058e-01 -9.693253e-03 -2.564616e-01 -1.559096e+00 5.064099e-03 9.998122e-01 -1.870437e-02 -1.449873e-01 2.565947e-01 1.677914e-02 9.663734e-01 9.287888e+00
9.636989e-01 -1.168894e-02 -2.667355e-01 -1.709346e+00 6.506787e-03 9.997727e-01 -2.030365e-02 -1.615804e-01 2.669122e-01 1.783101e-02 9.635559e-01 9.818216e+00
9.612701e-01 -1.329668e-02 -2.752871e-01 -1.866457e+00 7.573163e-03 9.997327e-01 -2.184364e-02 -1.844788e-01 2.755040e-01 1.891284e-02 9.611139e-01 1.037581e+01
9.591943e-01 -1.362620e-02 -2.824193e-01 -2.040555e+00 7.019987e-03 9.996778e-01 -2.439028e-02 -2.037870e-01 2.826607e-01 2.141243e-02 9.589809e-01 1.094197e+01
9.566943e-01 -1.298192e-02 -2.908050e-01 -2.229364e+00 5.052397e-03 9.995951e-01 -2.800180e-02 -2.217947e-01 2.910507e-01 2.531990e-02 9.563725e-01 1.152253e+01
9.544057e-01 -1.367202e-02 -2.981995e-01 -2.417967e+00 4.069431e-03 9.994537e-01 -3.279907e-02 -2.447474e-01 2.984850e-01 3.009011e-02 9.539399e-01 1.209366e+01
9.520312e-01 -1.422129e-02 -3.056704e-01 -2.612615e+00 2.213406e-03 9.992134e-01 -3.959451e-02 -2.757028e-01 3.059931e-01 3.701864e-02 9.513137e-01 1.267065e+01
9.504654e-01 -1.442995e-02 -3.104950e-01 -2.819482e+00 -3.770911e-04 9.988676e-01 -4.757573e-02 -3.056599e-01 3.108299e-01 4.533617e-02 9.493837e-01 1.326837e+01
9.491257e-01 -1.446908e-02 -3.145649e-01 -3.027481e+00 -3.328306e-03 9.984270e-01 -5.596716e-02 -3.424538e-01 3.148799e-01 5.416683e-02 9.475846e-01 1.387293e+01
9.475551e-01 -1.373821e-02 -3.192970e-01 -3.255812e+00 -7.376601e-03 9.978693e-01 -6.482576e-02 -3.829899e-01 3.195073e-01 6.378131e-02 9.454348e-01 1.450968e+01
9.461906e-01 -1.268198e-02 -3.233613e-01 -3.486480e+00 -1.118215e-02 9.973538e-01 -7.183567e-02 -4.338406e-01 3.234166e-01 7.158611e-02 9.435450e-01 1.514630e+01
9.444315e-01 -1.136458e-02 -3.285117e-01 -3.724295e+00 -1.507266e-02 9.968537e-01 -7.781736e-02 -4.865327e-01 3.283625e-01 7.844471e-02 9.412888e-01 1.577635e+01
9.426641e-01 -9.926165e-03 -3.335954e-01 -3.966731e+00 -1.899509e-02 9.963416e-01 -8.332200e-02 -5.463951e-01 3.332021e-01 8.488134e-02 9.390269e-01 1.640676e+01
9.409612e-01 -7.852469e-03 -3.384233e-01 -4.218348e+00 -2.342778e-02 9.958232e-01 -8.824543e-02 -6.108522e-01 3.377027e-01 9.096404e-02 9.368471e-01 1.705182e+01
9.389111e-01 -5.167383e-03 -3.441209e-01 -4.491693e+00 -2.800329e-02 9.954248e-01 -9.135265e-02 -6.780812e-01 3.430185e-01 9.540854e-02 9.344707e-01 1.773603e+01
9.370371e-01 -3.933553e-03 -3.492076e-01 -4.763604e+00 -3.040430e-02 9.952209e-01 -9.279498e-02 -7.474089e-01 3.479037e-01 9.756976e-02 9.324393e-01 1.842285e+01
9.347935e-01 -2.842361e-03 -3.551803e-01 -5.039010e+00 -3.179655e-02 9.952835e-01 -9.164970e-02 -8.240400e-01 3.537655e-01 9.696706e-02 9.302942e-01 1.911162e+01
9.324397e-01 -2.608719e-03 -3.613162e-01 -5.320848e+00 -3.215665e-02 9.954069e-01 -9.017274e-02 -8.973705e-01 3.598919e-01 9.569936e-02 9.280730e-01 1.981241e+01
9.299412e-01 -2.089810e-03 -3.677025e-01 -5.600173e+00 -3.267854e-02 9.955574e-01 -8.830412e-02 -9.712756e-01 3.662534e-01 9.413362e-02 9.257415e-01 2.051606e+01
9.270954e-01 -1.560398e-03 -3.748223e-01 -5.885549e+00 -3.278805e-02 9.958204e-01 -8.524447e-02 -1.043793e+00 3.733887e-01 9.131945e-02 9.231693e-01 2.121324e+01
9.228668e-01 1.506804e-03 -3.851164e-01 -6.211615e+00 -3.481060e-02 9.962253e-01 -7.951995e-02 -1.115126e+00 3.835429e-01 8.679245e-02 9.194357e-01 2.197572e+01
9.195896e-01 3.951998e-03 -3.928606e-01 -6.537510e+00 -3.583396e-02 9.966251e-01 -7.385285e-02 -1.188122e+00 3.912428e-01 8.199206e-02 9.166277e-01 2.269699e+01
9.160264e-01 7.094517e-03 -4.010554e-01 -6.871118e+00 -3.817178e-02 9.968477e-01 -6.955198e-02 -1.253362e+00 3.992977e-01 7.902045e-02 9.134096e-01 2.342312e+01
9.125485e-01 8.690123e-03 -4.088762e-01 -7.205067e+00 -3.980455e-02 9.969148e-01 -6.764951e-02 -1.318150e+00 4.070268e-01 7.800858e-02 9.100790e-01 2.415283e+01
9.086032e-01 9.821922e-03 -4.175450e-01 -7.553074e+00 -4.135741e-02 9.969259e-01 -6.654552e-02 -1.382998e+00 4.156078e-01 7.773205e-02 9.062163e-01 2.488357e+01
9.049382e-01 1.019724e-02 -4.254208e-01 -7.907242e+00 -4.195213e-02 9.969807e-01 -6.534152e-02 -1.442504e+00 4.234700e-01 7.697734e-02 9.026337e-01 2.561034e+01
9.009519e-01 1.105210e-02 -4.337782e-01 -8.280381e+00 -4.278726e-02 9.970664e-01 -6.346465e-02 -1.502985e+00 4.318043e-01 7.573878e-02 8.987818e-01 2.635841e+01
8.969998e-01 1.123800e-02 -4.418881e-01 -8.657536e+00 -4.255084e-02 9.972295e-01 -6.101370e-02 -1.564907e+00 4.399782e-01 7.353199e-02 8.949929e-01 2.711144e+01
8.925771e-01 1.165756e-02 -4.507442e-01 -9.051758e+00 -4.182020e-02 9.974970e-01 -5.701543e-02 -1.623393e+00 4.489513e-01 6.974087e-02 8.908305e-01 2.788699e+01
8.883329e-01 1.346511e-02 -4.590026e-01 -9.460864e+00 -4.164216e-02 9.978136e-01 -5.132091e-02 -1.675061e+00 4.573080e-01 6.470391e-02 8.869514e-01 2.866445e+01
8.844652e-01 1.317274e-02 -4.664203e-01 -9.883871e+00 -3.957410e-02 9.981175e-01 -4.685467e-02 -1.732097e+00 4.649251e-01 5.989949e-02 8.833214e-01 2.944463e+01
8.807594e-01 1.291559e-02 -4.733878e-01 -1.030872e+01 -3.869839e-02 9.982477e-01 -4.476460e-02 -1.784322e+00 4.719801e-01 5.774619e-02 8.797159e-01 3.022828e+01
8.768952e-01 1.454244e-02 -4.804615e-01 -1.071066e+01 -4.031246e-02 9.982458e-01 -4.336013e-02 -1.830516e+00 4.789881e-01 5.739088e-02 8.759433e-01 3.097927e+01
8.737646e-01 1.482280e-02 -4.861231e-01 -1.114485e+01 -4.000869e-02 9.983383e-01 -4.147098e-02 -1.871688e+00 4.847007e-01 5.568503e-02 8.729057e-01 3.175426e+01
8.705791e-01 1.571637e-02 -4.917773e-01 -1.159026e+01 -4.045559e-02 9.983919e-01 -3.971045e-02 -1.918905e+00 4.903624e-01 5.446623e-02 8.698150e-01 3.254946e+01
8.679293e-01 1.513818e-02 -4.964569e-01 -1.204451e+01 -3.982252e-02 9.984385e-01 -3.917477e-02 -1.964843e+00 4.950887e-01 5.377110e-02 8.671769e-01 3.334738e+01
8.652291e-01 1.455982e-02 -5.011653e-01 -1.250359e+01 -3.937309e-02 9.984645e-01 -3.896774e-02 -2.009567e+00 4.998283e-01 5.344844e-02 8.644738e-01 3.414081e+01
8.640859e-01 1.479133e-02 -5.031271e-01 -1.300831e+01 -3.979106e-02 9.984472e-01 -3.898525e-02 -2.053047e+00 5.017692e-01 5.370656e-02 8.633326e-01 3.499065e+01
8.635737e-01 1.490471e-02 -5.040023e-01 -1.350188e+01 -3.933213e-02 9.985085e-01 -3.786435e-02 -2.097470e+00 5.026862e-01 5.252213e-02 8.628719e-01 3.582438e+01
8.630974e-01 1.535424e-02 -5.048041e-01 -1.400616e+01 -3.894359e-02 9.985850e-01 -3.621128e-02 -2.141244e+00 5.035338e-01 5.091275e-02 8.624741e-01 3.668563e+01
8.631328e-01 1.445065e-02 -5.047703e-01 -1.450872e+01 -3.740278e-02 9.986742e-01 -3.536673e-02 -2.186652e+00 5.035900e-01 4.940599e-02 8.625289e-01 3.754835e+01
8.630459e-01 1.282984e-02 -5.049626e-01 -1.501523e+01 -3.568104e-02 9.987286e-01 -3.560828e-02 -2.231775e+00 5.038637e-01 4.874917e-02 8.624064e-01 3.841376e+01
8.624541e-01 1.206003e-02 -5.059916e-01 -1.551750e+01 -3.488991e-02 9.987546e-01 -3.566449e-02 -2.276743e+00 5.049314e-01 4.841299e-02 8.618007e-01 3.927989e+01
8.615926e-01 1.176271e-02 -5.074641e-01 -1.602963e+01 -3.352538e-02 9.988673e-01 -3.376758e-02 -2.320900e+00 5.064921e-01 4.610682e-02 8.610110e-01 4.014674e+01
8.587013e-01 1.264011e-02 -5.123205e-01 -1.656787e+01 -3.271854e-02 9.990085e-01 -3.019180e-02 -2.366779e+00 5.114309e-01 4.268812e-02 8.582635e-01 4.105349e+01
8.555306e-01 1.275714e-02 -5.175951e-01 -1.711041e+01 -3.039966e-02 9.992094e-01 -2.561999e-02 -2.412876e+00 5.168591e-01 3.765340e-02 8.552420e-01 4.194931e+01
8.516577e-01 1.236550e-02 -5.239525e-01 -1.764413e+01 -2.895620e-02 9.993048e-01 -2.348278e-02 -2.455494e+00 5.232980e-01 3.517097e-02 8.514237e-01 4.283366e+01
8.449947e-01 9.141152e-03 -5.346966e-01 -1.819932e+01 -2.668375e-02 9.993291e-01 -2.508452e-02 -2.499509e+00 5.341085e-01 3.546399e-02 8.446718e-01 4.371207e+01
8.387992e-01 6.200082e-03 -5.444056e-01 -1.876473e+01 -2.582066e-02 9.992630e-01 -2.840315e-02 -2.544209e+00 5.438283e-01 3.788145e-02 8.383411e-01 4.459027e+01
8.335341e-01 4.647798e-03 -5.524484e-01 -1.934997e+01 -2.397881e-02 9.993266e-01 -2.777180e-02 -2.583822e+00 5.519474e-01 3.639579e-02 8.330843e-01 4.546213e+01
8.261573e-01 8.862901e-03 -5.633699e-01 -1.993026e+01 -2.613033e-02 9.994031e-01 -2.259644e-02 -2.621349e+00 5.628333e-01 3.338926e-02 8.258958e-01 4.633351e+01
8.180002e-01 1.868548e-02 -5.749144e-01 -2.053576e+01 -3.435567e-02 9.992750e-01 -1.640419e-02 -2.667051e+00 5.741910e-01 3.317020e-02 8.180491e-01 4.720700e+01
8.105934e-01 2.012717e-02 -5.852633e-01 -2.113638e+01 -3.710636e-02 9.991662e-01 -1.703130e-02 -2.700249e+00 5.844325e-01 3.552245e-02 8.106644e-01 4.806012e+01
8.033094e-01 1.897012e-02 -5.952598e-01 -2.175160e+01 -3.926051e-02 9.990053e-01 -2.114553e-02 -2.734803e+00 5.942665e-01 4.035660e-02 8.032551e-01 4.890937e+01
7.995973e-01 1.667458e-02 -6.003051e-01 -2.237885e+01 -4.142609e-02 9.987648e-01 -2.743639e-02 -2.777965e+00 5.991061e-01 4.680636e-02 7.993004e-01 4.973395e+01
7.960898e-01 1.595837e-02 -6.049681e-01 -2.302157e+01 -4.195297e-02 9.987026e-01 -2.886213e-02 -2.817077e+00 6.037226e-01 4.835705e-02 7.957265e-01 5.056995e+01
7.921965e-01 1.737593e-02 -6.100187e-01 -2.366626e+01 -4.156382e-02 9.988097e-01 -2.552622e-02 -2.859959e+00 6.088490e-01 4.557649e-02 7.919757e-01 5.140272e+01
7.884570e-01 2.017732e-02 -6.147588e-01 -2.431467e+01 -4.070973e-02 9.989822e-01 -1.942403e-02 -2.899251e+00 6.137412e-01 4.034168e-02 7.884760e-01 5.222810e+01
7.841539e-01 2.170143e-02 -6.201868e-01 -2.497877e+01 -4.014014e-02 9.990692e-01 -1.579334e-02 -2.935176e+00 6.192669e-01 3.727879e-02 7.842951e-01 5.304422e+01
7.809547e-01 2.300518e-02 -6.241639e-01 -2.562662e+01 -4.221874e-02 9.989802e-01 -1.600413e-02 -2.966629e+00 6.231592e-01 3.884992e-02 7.811295e-01 5.385416e+01
7.771196e-01 2.173726e-02 -6.289775e-01 -2.629732e+01 -4.172122e-02 9.989843e-01 -1.702318e-02 -2.999916e+00 6.279686e-01 3.947075e-02 7.772372e-01 5.466739e+01
7.733282e-01 1.964897e-02 -6.337013e-01 -2.697008e+01 -4.138474e-02 9.989524e-01 -1.952907e-02 -3.036706e+00 6.326537e-01 4.132795e-02 7.733313e-01 5.548202e+01
7.693744e-01 1.876986e-02 -6.385223e-01 -2.764568e+01 -4.061628e-02 9.989831e-01 -1.957388e-02 -3.070708e+00 6.375055e-01 4.099405e-02 7.693543e-01 5.628796e+01
7.649302e-01 1.868609e-02 -6.438421e-01 -2.832101e+01 -3.978649e-02 9.990411e-01 -1.827423e-02 -3.104628e+00 6.428832e-01 3.959473e-02 7.649401e-01 5.708985e+01
7.615301e-01 1.903729e-02 -6.478500e-01 -2.899522e+01 -3.980754e-02 9.990553e-01 -1.743511e-02 -3.138854e+00 6.469060e-01 3.906667e-02 7.615684e-01 5.788232e+01
7.579018e-01 1.863372e-02 -6.521025e-01 -2.966960e+01 -3.987878e-02 9.990460e-01 -1.780127e-02 -3.176310e+00 6.511487e-01 3.949667e-02 7.579218e-01 5.866502e+01
7.513785e-01 1.745533e-02 -6.596406e-01 -3.038185e+01 -3.924479e-02 9.990627e-01 -1.826559e-02 -3.210685e+00 6.587034e-01 3.961183e-02 7.513592e-01 5.946688e+01
7.459338e-01 1.536951e-02 -6.658427e-01 -3.110400e+01 -3.620940e-02 9.991910e-01 -1.750074e-02 -3.243025e+00 6.650351e-01 3.716417e-02 7.458868e-01 6.026041e+01
7.401799e-01 1.448804e-02 -6.722528e-01 -3.184256e+01 -3.589964e-02 9.991934e-01 -1.799299e-02 -3.277094e+00 6.714500e-01 3.745168e-02 7.401029e-01 6.106526e+01
7.344130e-01 1.144481e-02 -6.786063e-01 -3.258337e+01 -3.309856e-02 9.992721e-01 -1.896761e-02 -3.311787e+00 6.778952e-01 3.639095e-02 7.342573e-01 6.185768e+01
7.274406e-01 1.097577e-02 -6.860828e-01 -3.333184e+01 -3.250419e-02 9.993008e-01 -1.847702e-02 -3.345519e+00 6.854004e-01 3.574150e-02 7.272887e-01 6.264822e+01
7.202868e-01 1.171555e-02 -6.935775e-01 -3.404073e+01 -3.232548e-02 9.993380e-01 -1.669002e-02 -3.376699e+00 6.929228e-01 3.444183e-02 7.201887e-01 6.340540e+01
7.133229e-01 1.263145e-02 -7.007218e-01 -3.467387e+01 -3.288532e-02 9.993395e-01 -1.546226e-02 -3.405162e+00 7.000636e-01 3.407304e-02 7.132671e-01 6.406394e+01
7.016718e-01 1.187169e-02 -7.124013e-01 -3.542576e+01 -3.214645e-02 9.993705e-01 -1.500844e-02 -3.438463e+00 7.117746e-01 3.343217e-02 7.016118e-01 6.481541e+01
6.937949e-01 7.402963e-03 -7.201346e-01 -3.622209e+01 -2.780972e-02 9.994767e-01 -1.651795e-02 -3.471366e+00 7.196355e-01 3.148681e-02 6.936377e-01 6.556020e+01
6.862702e-01 8.652946e-03 -7.272952e-01 -3.699273e+01 -2.931118e-02 9.994460e-01 -1.576696e-02 -3.501001e+00 7.267557e-01 3.213828e-02 6.861436e-01 6.630147e+01
6.802526e-01 9.946059e-03 -7.329103e-01 -3.777300e+01 -2.978077e-02 9.994573e-01 -1.407782e-02 -3.530768e+00 7.323726e-01 3.140311e-02 6.801796e-01 6.703165e+01
6.749261e-01 1.076707e-02 -7.378068e-01 -3.856287e+01 -3.066633e-02 9.994389e-01 -1.346758e-02 -3.559610e+00 7.372478e-01 3.171545e-02 6.748776e-01 6.776073e+01
6.682794e-01 1.133631e-02 -7.438239e-01 -3.936675e+01 -3.142448e-02 9.994216e-01 -1.300117e-02 -3.591280e+00 7.432463e-01 3.206269e-02 6.682491e-01 6.848493e+01
6.626910e-01 9.368557e-03 -7.488344e-01 -4.021632e+01 -3.155838e-02 9.993829e-01 -1.542488e-02 -3.622482e+00 7.482277e-01 3.385393e-02 6.625777e-01 6.922868e+01
6.581193e-01 7.109153e-03 -7.528800e-01 -4.107204e+01 -3.153088e-02 9.993384e-01 -1.812591e-02 -3.654844e+00 7.522531e-01 3.566799e-02 6.579081e-01 6.996755e+01
6.542216e-01 7.246017e-03 -7.562682e-01 -4.194309e+01 -3.289955e-02 9.992802e-01 -1.888589e-02 -3.688591e+00 7.555870e-01 3.723644e-02 6.539891e-01 7.070918e+01
6.490484e-01 7.902127e-03 -7.607061e-01 -4.278255e+01 -3.217634e-02 9.993364e-01 -1.707245e-02 -3.720623e+00 7.600664e-01 3.555758e-02 6.488719e-01 7.142527e+01
6.439248e-01 8.194845e-03 -7.650449e-01 -4.362952e+01 -3.132071e-02 9.993867e-01 -1.565707e-02 -3.753833e+00 7.644475e-01 3.404373e-02 6.437865e-01 7.213898e+01
6.400177e-01 7.674051e-03 -7.683218e-01 -4.450172e+01 -3.069200e-02 9.994074e-01 -1.558451e-02 -3.789707e+00 7.677469e-01 3.355569e-02 6.398740e-01 7.285387e+01
6.345377e-01 7.021458e-03 -7.728601e-01 -4.537675e+01 -2.950707e-02 9.994498e-01 -1.514602e-02 -3.820364e+00 7.723285e-01 3.241555e-02 6.343958e-01 7.357144e+01
6.288204e-01 6.675983e-03 -7.775219e-01 -4.625521e+01 -2.832417e-02 9.994962e-01 -1.432525e-02 -3.853241e+00 7.770345e-01 3.103067e-02 6.286927e-01 7.428410e+01
6.220956e-01 4.916130e-03 -7.829259e-01 -4.713339e+01 -2.556124e-02 9.995747e-01 -1.403389e-02 -3.881307e+00 7.825239e-01 2.874298e-02 6.219567e-01 7.498341e+01
6.175864e-01 3.014987e-03 -7.864973e-01 -4.802332e+01 -2.304755e-02 9.996326e-01 -1.426575e-02 -3.915730e+00 7.861653e-01 2.693717e-02 6.174289e-01 7.568202e+01
6.118950e-01 -4.941830e-04 -7.909389e-01 -4.893963e+01 -2.135559e-02 9.996249e-01 -1.714593e-02 -3.949978e+00 7.906507e-01 2.738247e-02 6.116549e-01 7.641187e+01
6.059624e-01 -4.751912e-03 -7.954792e-01 -4.986342e+01 -1.717624e-02 9.996709e-01 -1.905582e-02 -3.981523e+00 7.953079e-01 2.521045e-02 6.056813e-01 7.713275e+01
5.999194e-01 -7.383158e-03 -8.000264e-01 -5.074738e+01 -1.243011e-02 9.997507e-01 -1.854736e-02 -4.017652e+00 7.999640e-01 2.107134e-02 5.996781e-01 7.781667e+01
5.901705e-01 -1.049266e-02 -8.072104e-01 -5.167257e+01 -7.419202e-03 9.998028e-01 -1.842046e-02 -4.055681e+00 8.072445e-01 1.686007e-02 5.899763e-01 7.850906e+01
5.808656e-01 -1.139858e-02 -8.139197e-01 -5.260570e+01 -4.049559e-03 9.998491e-01 -1.689247e-02 -4.092078e+00 8.139894e-01 1.310827e-02 5.807319e-01 7.919139e+01
5.714571e-01 -9.594023e-03 -8.205758e-01 -5.355579e+01 -3.308554e-03 9.998966e-01 -1.399472e-02 -4.119316e+00 8.206252e-01 1.071230e-02 5.713663e-01 7.985538e+01
5.623987e-01 -9.195792e-03 -8.268151e-01 -5.454683e+01 -3.203251e-03 9.999064e-01 -1.329975e-02 -4.156142e+00 8.268600e-01 1.012826e-02 5.623165e-01 8.052467e+01
5.529511e-01 -1.033993e-02 -8.331496e-01 -5.554609e+01 -4.223080e-03 9.998754e-01 -1.521191e-02 -4.184453e+00 8.332030e-01 1.192990e-02 5.528386e-01 8.118388e+01
5.426386e-01 -1.253269e-02 -8.398728e-01 -5.655510e+01 -3.056643e-03 9.998526e-01 -1.689482e-02 -4.220634e+00 8.399608e-01 1.173497e-02 5.425203e-01 8.182970e+01
5.327979e-01 -1.370678e-02 -8.461315e-01 -5.757410e+01 -3.279415e-03 9.998279e-01 -1.826157e-02 -4.251472e+00 8.462362e-01 1.250454e-02 5.326613e-01 8.246753e+01
5.230709e-01 -1.443751e-02 -8.521668e-01 -5.859624e+01 1.493655e-04 9.998580e-01 -1.684802e-02 -4.288103e+00 8.522891e-01 8.685428e-03 5.229988e-01 8.309560e+01
5.127972e-01 -1.382347e-02 -8.583984e-01 -5.962040e+01 1.554633e-03 9.998837e-01 -1.517320e-02 -4.322449e+00 8.585083e-01 6.446279e-03 5.127591e-01 8.371090e+01
5.023772e-01 -1.413872e-02 -8.645330e-01 -6.064906e+01 2.386248e-03 9.998851e-01 -1.496565e-02 -4.357253e+00 8.646453e-01 5.455409e-03 5.023532e-01 8.431223e+01
4.927365e-01 -1.497309e-02 -8.700497e-01 -6.170191e+01 1.921033e-03 9.998682e-01 -1.611925e-02 -4.390509e+00 8.701764e-01 6.271149e-03 4.927003e-01 8.490651e+01
4.823142e-01 -1.547800e-02 -8.758615e-01 -6.276988e+01 9.814464e-04 9.998528e-01 -1.712869e-02 -4.424393e+00 8.759978e-01 7.401801e-03 4.822584e-01 8.549012e+01
4.726575e-01 -1.635607e-02 -8.810945e-01 -6.385225e+01 1.329975e-04 9.998291e-01 -1.848883e-02 -4.460919e+00 8.812463e-01 8.621702e-03 4.725789e-01 8.606548e+01
4.647821e-01 -1.625793e-02 -8.852758e-01 -6.494181e+01 -4.862091e-04 9.998266e-01 -1.861690e-02 -4.498935e+00 8.854249e-01 9.083231e-03 4.646936e-01 8.662952e+01
4.550023e-01 -1.424383e-02 -8.903763e-01 -6.601945e+01 -8.021076e-04 9.998651e-01 -1.640527e-02 -4.533272e+00 8.904899e-01 8.178614e-03 4.549295e-01 8.718302e+01
4.466392e-01 -1.251154e-02 -8.946266e-01 -6.710671e+01 4.157317e-04 9.999050e-01 -1.377633e-02 -4.568670e+00 8.947140e-01 5.781126e-03 4.466020e-01 8.772508e+01
4.386361e-01 -1.218041e-02 -8.985822e-01 -6.819724e+01 7.486548e-04 9.999127e-01 -1.318851e-02 -4.603007e+00 8.986645e-01 5.112230e-03 4.386069e-01 8.825999e+01
4.307048e-01 -1.478342e-02 -9.023718e-01 -6.929984e+01 2.590849e-03 9.998820e-01 -1.514430e-02 -4.639297e+00 9.024892e-01 4.184812e-03 4.306923e-01 8.878928e+01
4.224375e-01 -1.785523e-02 -9.062162e-01 -7.041310e+01 5.015384e-03 9.998367e-01 -1.736189e-02 -4.677491e+00 9.063782e-01 2.789292e-03 4.224581e-01 8.931127e+01
4.162681e-01 -2.081412e-02 -9.090037e-01 -7.155035e+01 6.510383e-03 9.997805e-01 -1.991134e-02 -4.716409e+00 9.092186e-01 2.370494e-03 4.163123e-01 8.983006e+01
4.113454e-01 -2.408075e-02 -9.111614e-01 -7.268307e+01 8.314398e-03 9.997085e-01 -2.266738e-02 -4.761705e+00 9.114416e-01 1.748363e-03 4.114257e-01 9.034276e+01
4.064134e-01 -2.460456e-02 -9.133579e-01 -7.381583e+01 1.037363e-02 9.996972e-01 -2.231450e-02 -4.808607e+00 9.136304e-01 -4.059207e-04 4.065456e-01 9.084809e+01
4.023458e-01 -2.253940e-02 -9.152103e-01 -7.495215e+01 1.281123e-02 9.997376e-01 -1.898902e-02 -4.852608e+00 9.153982e-01 -4.084818e-03 4.025290e-01 9.134708e+01
3.993140e-01 -2.091131e-02 -9.165757e-01 -7.608813e+01 1.729845e-02 9.997337e-01 -1.527231e-02 -4.897460e+00 9.166510e-01 -9.756897e-03 3.995694e-01 9.184476e+01
3.973852e-01 -2.019449e-02 -9.174297e-01 -7.719330e+01 1.894649e-02 9.997253e-01 -1.379930e-02 -4.938447e+00 9.174563e-01 -1.189844e-02 3.976586e-01 9.232697e+01
3.943343e-01 -1.956017e-02 -9.187589e-01 -7.830311e+01 1.988946e-02 9.997209e-01 -1.274722e-02 -4.977852e+00 9.187518e-01 -1.324695e-02 3.946133e-01 9.280667e+01
3.919312e-01 -1.861741e-02 -9.198062e-01 -7.940587e+01 2.210217e-02 9.996972e-01 -1.081667e-02 -5.016548e+00 9.197291e-01 -1.609031e-02 3.922240e-01 9.328105e+01
3.892980e-01 -1.766286e-02 -9.209426e-01 -8.050745e+01 2.401952e-02 9.996708e-01 -9.019340e-03 -5.051857e+00 9.207987e-01 -1.860938e-02 3.895941e-01 9.375079e+01
3.856615e-01 -1.735942e-02 -9.224770e-01 -8.157652e+01 2.527264e-02 9.996466e-01 -8.245837e-03 -5.088746e+00 9.222941e-01 -2.013332e-02 3.859640e-01 9.420161e+01
3.835299e-01 -1.741724e-02 -9.233642e-01 -8.264973e+01 2.776517e-02 9.995877e-01 -7.322447e-03 -5.120563e+00 9.231110e-01 -2.282898e-02 3.838553e-01 9.464864e+01
3.815889e-01 -1.635281e-02 -9.241876e-01 -8.372700e+01 3.082252e-02 9.995126e-01 -4.959282e-03 -5.151309e+00 9.238182e-01 -2.659338e-02 3.819069e-01 9.509961e+01
3.798322e-01 -1.559515e-02 -9.249239e-01 -8.480252e+01 3.320823e-02 9.994433e-01 -3.214232e-03 -5.182920e+00 9.244591e-01 -2.949421e-02 3.801386e-01 9.554727e+01
3.775631e-01 -1.598170e-02 -9.258460e-01 -8.587930e+01 3.507184e-02 9.993805e-01 -2.948614e-03 -5.215168e+00 9.253195e-01 -3.135783e-02 3.778896e-01 9.598737e+01
3.759321e-01 -1.707751e-02 -9.264899e-01 -8.695923e+01 3.693034e-02 9.993119e-01 -3.434967e-03 -5.245928e+00 9.259110e-01 -3.292427e-02 3.763041e-01 9.642675e+01
3.756338e-01 -1.823452e-02 -9.265888e-01 -8.803486e+01 3.733747e-02 9.992924e-01 -4.528870e-03 -5.279910e+00 9.260158e-01 -3.289529e-02 3.760488e-01 9.686860e+01
3.757462e-01 -1.853101e-02 -9.265373e-01 -8.910921e+01 3.569425e-02 9.993476e-01 -5.511858e-03 -5.313106e+00 9.260349e-01 -3.100099e-02 3.761625e-01 9.731406e+01
3.742407e-01 -1.765083e-02 -9.271637e-01 -9.018349e+01 3.291754e-02 9.994416e-01 -5.739965e-03 -5.347079e+00 9.267473e-01 -2.837181e-02 3.746127e-01 9.775233e+01
3.770363e-01 -1.743472e-02 -9.260345e-01 -9.122932e+01 3.037214e-02 9.995179e-01 -6.452144e-03 -5.381083e+00 9.257004e-01 -2.569295e-02 3.773840e-01 9.817877e+01
3.817732e-01 -1.790130e-02 -9.240828e-01 -9.226585e+01 2.853915e-02 9.995640e-01 -7.572928e-03 -5.414293e+00 9.238154e-01 -2.348139e-02 3.821176e-01 9.860616e+01
3.876491e-01 -1.774112e-02 -9.216363e-01 -9.329362e+01 2.714333e-02 9.996009e-01 -7.825162e-03 -5.445158e+00 9.214073e-01 -2.198286e-02 3.879759e-01 9.903606e+01
3.937197e-01 -1.630886e-02 -9.190859e-01 -9.431181e+01 2.554381e-02 9.996506e-01 -6.795941e-03 -5.474489e+00 9.188756e-01 -2.080126e-02 3.939988e-01 9.946603e+01
4.008755e-01 -1.516986e-02 -9.160070e-01 -9.529520e+01 2.426226e-02 9.996880e-01 -5.937713e-03 -5.500060e+00 9.158112e-01 -1.984411e-02 4.011185e-01 9.988026e+01
4.090708e-01 -1.436960e-02 -9.123895e-01 -9.627419e+01 2.350453e-02 9.997101e-01 -5.206565e-03 -5.525716e+00 9.121999e-01 -1.931544e-02 4.092900e-01 1.003074e+02
4.178511e-01 -1.392598e-02 -9.084088e-01 -9.725064e+01 2.261944e-02 9.997320e-01 -4.921446e-03 -5.551021e+00 9.082339e-01 -1.849127e-02 4.180541e-01 1.007463e+02
4.278705e-01 -1.476219e-02 -9.037195e-01 -9.822382e+01 2.159083e-02 9.997482e-01 -6.108526e-03 -5.578652e+00 9.035822e-01 -1.689839e-02 4.280815e-01 1.012005e+02
4.383243e-01 -1.606299e-02 -8.986733e-01 -9.918797e+01 1.927659e-02 9.997783e-01 -8.468075e-03 -5.608007e+00 8.986101e-01 -1.361160e-02 4.385368e-01 1.016613e+02
4.500805e-01 -1.668542e-02 -8.928321e-01 -1.001467e+02 1.658145e-02 9.998092e-01 -1.032585e-02 -5.637856e+00 8.928340e-01 -1.015699e-02 4.502713e-01 1.021355e+02
4.625756e-01 -1.500859e-02 -8.864528e-01 -1.010957e+02 1.319057e-02 9.998626e-01 -1.004554e-02 -5.665513e+00 8.864818e-01 -7.046001e-03 4.627099e-01 1.026231e+02
4.747178e-01 -1.248780e-02 -8.800495e-01 -1.020108e+02 1.130682e-02 9.999034e-01 -8.089369e-03 -5.693394e+00 8.800655e-01 -6.110393e-03 4.748131e-01 1.031011e+02
4.881066e-01 -1.045305e-02 -8.727214e-01 -1.029260e+02 1.030915e-02 9.999276e-01 -6.210840e-03 -5.717356e+00 8.727231e-01 -5.965464e-03 4.881790e-01 1.036069e+02
5.004528e-01 -9.396673e-03 -8.657128e-01 -1.038329e+02 9.364848e-03 9.999413e-01 -5.439978e-03 -5.744916e+00 8.657132e-01 -5.384817e-03 5.005115e-01 1.041265e+02
5.122797e-01 -9.809046e-03 -8.587627e-01 -1.047328e+02 9.118238e-03 9.999405e-01 -5.982298e-03 -5.771095e+00 8.587703e-01 -4.765791e-03 5.123387e-01 1.046576e+02
5.237801e-01 -1.066294e-02 -8.517867e-01 -1.056275e+02 8.742509e-03 9.999363e-01 -7.141585e-03 -5.799411e+00 8.518087e-01 -3.706133e-03 5.238400e-01 1.052054e+02
5.346788e-01 -1.229065e-02 -8.449660e-01 -1.065164e+02 1.030841e-02 9.999147e-01 -8.021520e-03 -5.826723e+00 8.449925e-01 -4.421320e-03 5.347599e-01 1.057673e+02
5.465213e-01 -1.153500e-02 -8.373657e-01 -1.073779e+02 9.597015e-03 9.999257e-01 -7.510661e-03 -5.858230e+00 8.373902e-01 -3.931475e-03 5.465915e-01 1.063287e+02
5.568717e-01 -9.946601e-03 -8.305391e-01 -1.082234e+02 9.208236e-03 9.999408e-01 -5.801301e-03 -5.883246e+00 8.305476e-01 -4.417218e-03 5.569302e-01 1.068880e+02
5.666956e-01 -7.637817e-03 -8.238919e-01 -1.090635e+02 9.170350e-03 9.999536e-01 -2.962361e-03 -5.906753e+00 8.238763e-01 -5.876619e-03 5.667393e-01 1.074569e+02
5.763501e-01 -6.072933e-03 -8.171804e-01 -1.098761e+02 7.940402e-03 9.999668e-01 -1.831028e-03 -5.931226e+00 8.171644e-01 -5.433427e-03 5.763792e-01 1.080253e+02
5.862321e-01 -5.012679e-03 -8.101277e-01 -1.106781e+02 4.788699e-03 9.999848e-01 -2.722181e-03 -5.956089e+00 8.101290e-01 -2.283627e-03 5.862472e-01 1.086028e+02
5.964728e-01 -4.425684e-03 -8.026211e-01 -1.114671e+02 2.145397e-03 9.999900e-01 -3.919620e-03 -5.979249e+00 8.026304e-01 6.160060e-04 5.964763e-01 1.091875e+02
6.064405e-01 -3.651788e-03 -7.951205e-01 -1.122435e+02 1.108820e-03 9.999924e-01 -3.747013e-03 -6.001989e+00 7.951281e-01 1.390695e-03 6.064399e-01 1.097782e+02
6.152035e-01 -1.732681e-03 -7.883664e-01 -1.129969e+02 4.033771e-04 9.999982e-01 -1.883032e-03 -6.023172e+00 7.883682e-01 8.404388e-04 6.152031e-01 1.103612e+02
6.241540e-01 -1.264584e-04 -7.813013e-01 -1.137398e+02 2.927127e-04 9.999999e-01 7.198169e-05 -6.042837e+00 7.813013e-01 -2.736245e-04 6.241540e-01 1.109502e+02
6.342388e-01 9.151112e-04 -7.731366e-01 -1.144663e+02 6.959029e-05 9.999992e-01 1.240722e-03 -6.066458e+00 7.731372e-01 -8.407168e-04 6.342384e-01 1.115469e+02
6.424313e-01 1.963675e-03 -7.663408e-01 -1.151751e+02 -1.623714e-03 9.999980e-01 1.201224e-03 -6.085618e+00 7.663416e-01 4.726141e-04 6.424332e-01 1.121405e+02
6.504858e-01 3.222160e-03 -7.595116e-01 -1.158752e+02 -2.755772e-03 9.999945e-01 1.882198e-03 -6.106137e+00 7.595134e-01 8.686979e-04 6.504911e-01 1.127356e+02
6.570519e-01 5.775968e-03 -7.538232e-01 -1.165592e+02 -3.929380e-03 9.999833e-01 4.237153e-03 -6.118911e+00 7.538351e-01 1.780288e-04 6.570637e-01 1.133246e+02
6.643539e-01 8.419057e-03 -7.473707e-01 -1.172314e+02 -5.272671e-03 9.999645e-01 6.577511e-03 -6.134161e+00 7.473996e-01 -4.291553e-04 6.643747e-01 1.139071e+02
6.727830e-01 1.020416e-02 -7.397695e-01 -1.178910e+02 -6.524300e-03 9.999478e-01 7.859461e-03 -6.148528e+00 7.398111e-01 -4.612342e-04 6.728145e-01 1.144997e+02
6.804255e-01 1.098541e-02 -7.327350e-01 -1.185346e+02 -7.195271e-03 9.999396e-01 8.309832e-03 -6.168025e+00 7.327819e-01 -3.819955e-04 6.804634e-01 1.150890e+02
6.885063e-01 1.357975e-02 -7.251032e-01 -1.191696e+02 -9.723202e-03 9.999077e-01 9.493831e-03 -6.175512e+00 7.251652e-01 5.137632e-04 6.885748e-01 1.156762e+02
6.973605e-01 1.633350e-02 -7.165344e-01 -1.197940e+02 -1.113643e-02 9.998665e-01 1.195367e-02 -6.184419e+00 7.166340e-01 -3.563813e-04 6.974493e-01 1.162756e+02
7.065538e-01 1.976242e-02 -7.073833e-01 -1.204088e+02 -1.332757e-02 9.998043e-01 1.461995e-02 -6.189519e+00 7.075338e-01 -9.020832e-04 7.066789e-01 1.168777e+02
7.167802e-01 2.167696e-02 -6.969622e-01 -1.210033e+02 -1.496832e-02 9.997647e-01 1.570080e-02 -6.199602e+00 6.971385e-01 -8.216728e-04 7.169360e-01 1.174829e+02
7.262717e-01 2.184696e-02 -6.870605e-01 -1.215794e+02 -1.631236e-02 9.997611e-01 1.454680e-02 -6.203840e+00 6.872141e-01 6.426442e-04 7.264547e-01 1.180767e+02
7.362550e-01 2.100012e-02 -6.763783e-01 -1.221402e+02 -1.671214e-02 9.997778e-01 1.284941e-02 -6.212421e+00 6.764978e-01 1.843282e-03 7.364424e-01 1.186775e+02
7.468286e-01 2.141473e-02 -6.646718e-01 -1.226920e+02 -1.711711e-02 9.997693e-01 1.297821e-02 -6.219009e+00 6.647964e-01 1.684761e-03 7.470229e-01 1.192900e+02
7.571377e-01 2.283577e-02 -6.528561e-01 -1.232326e+02 -1.804080e-02 9.997386e-01 1.404664e-02 -6.219454e+00 6.530061e-01 1.142806e-03 7.573518e-01 1.199113e+02
7.678578e-01 2.474231e-02 -6.401423e-01 -1.237634e+02 -1.877435e-02 9.996938e-01 1.611939e-02 -6.221163e+00 6.403451e-01 -3.591469e-04 7.680873e-01 1.205587e+02
7.782928e-01 2.598562e-02 -6.273636e-01 -1.242802e+02 -1.902606e-02 9.996605e-01 1.780300e-02 -6.223319e+00 6.276132e-01 -1.919694e-03 7.785230e-01 1.212066e+02
7.882801e-01 2.732174e-02 -6.147097e-01 -1.247866e+02 -1.917718e-02 9.996193e-01 1.983757e-02 -6.222208e+00 6.150177e-01 -3.849160e-03 7.885039e-01 1.218649e+02
7.976384e-01 2.809327e-02 -6.024813e-01 -1.252778e+02 -1.908636e-02 9.995900e-01 2.134131e-02 -6.219378e+00 6.028338e-01 -5.523467e-03 7.978476e-01 1.225255e+02
8.060017e-01 2.821644e-02 -5.912403e-01 -1.257581e+02 -1.848154e-02 9.995758e-01 2.250916e-02 -6.218771e+00 5.916246e-01 -7.215394e-03 8.061813e-01 1.231900e+02
8.136667e-01 2.829653e-02 -5.806426e-01 -1.262371e+02 -1.847453e-02 9.995688e-01 2.282337e-02 -6.218460e+00 5.810380e-01 -7.843516e-03 8.138386e-01 1.238581e+02
8.209419e-01 2.912426e-02 -5.702685e-01 -1.267094e+02 -1.944690e-02 9.995451e-01 2.305271e-02 -6.211756e+00 5.706804e-01 -7.834981e-03 8.211349e-01 1.245259e+02
8.279576e-01 3.034750e-02 -5.599689e-01 -1.271669e+02 -2.064464e-02 9.995072e-01 2.364355e-02 -6.206196e+00 5.604104e-01 -8.015502e-03 8.281762e-01 1.251933e+02
8.346763e-01 3.133878e-02 -5.498486e-01 -1.276140e+02 -2.158539e-02 9.994741e-01 2.419847e-02 -6.197152e+00 5.503178e-01 -8.329187e-03 8.349137e-01 1.258612e+02
8.410354e-01 3.084869e-02 -5.400999e-01 -1.280638e+02 -2.126533e-02 9.994864e-01 2.397325e-02 -6.194602e+00 5.405620e-01 -8.676949e-03 8.412594e-01 1.265511e+02
8.466455e-01 2.986082e-02 -5.313188e-01 -1.285047e+02 -2.076760e-02 9.995179e-01 2.308149e-02 -6.190381e+00 5.317519e-01 -8.507628e-03 8.468574e-01 1.272482e+02
8.517710e-01 2.927698e-02 -5.230957e-01 -1.289443e+02 -2.051707e-02 9.995355e-01 2.253419e-02 -6.186036e+00 5.235124e-01 -8.461583e-03 8.519760e-01 1.279485e+02
8.552666e-01 2.985419e-02 -5.173275e-01 -1.293863e+02 -2.085477e-02 9.995133e-01 2.320246e-02 -6.176829e+00 5.177683e-01 -9.055548e-03 8.554729e-01 1.286312e+02
8.584874e-01 3.150516e-02 -5.118661e-01 -1.298223e+02 -2.119310e-02 9.994380e-01 2.597057e-02 -6.168086e+00 5.123967e-01 -1.144737e-02 8.586726e-01 1.293537e+02
8.612909e-01 3.511304e-02 -5.068974e-01 -1.302582e+02 -2.328482e-02 9.992889e-01 2.965702e-02 -6.156478e+00 5.075783e-01 -1.374031e-02 8.614961e-01 1.300786e+02
8.635218e-01 3.751680e-02 -5.029142e-01 -1.307207e+02 -2.470342e-02 9.991786e-01 3.212088e-02 -6.141084e+00 5.037062e-01 -1.531338e-02 8.637393e-01 1.307778e+02
8.664453e-01 3.951872e-02 -4.977056e-01 -1.311715e+02 -2.601297e-02 9.990818e-01 3.404345e-02 -6.125207e+00 4.985940e-01 -1.654999e-02 8.666776e-01 1.314814e+02
8.692385e-01 4.119749e-02 -4.926735e-01 -1.316113e+02 -2.696967e-02 9.989895e-01 3.595237e-02 -6.104174e+00 4.936568e-01 -1.796394e-02 8.694713e-01 1.321933e+02
8.727417e-01 4.239332e-02 -4.863381e-01 -1.320419e+02 -2.720863e-02 9.988979e-01 3.824601e-02 -6.086577e+00 4.874234e-01 -2.014629e-02 8.729333e-01 1.329603e+02
8.760256e-01 4.302693e-02 -4.803414e-01 -1.324504e+02 -2.699859e-02 9.988256e-01 4.023167e-02 -6.068866e+00 4.815083e-01 -2.227544e-02 8.761584e-01 1.337670e+02
8.796871e-01 4.295964e-02 -4.736086e-01 -1.328693e+02 -2.670431e-02 9.988023e-01 4.099746e-02 -6.047222e+00 4.748026e-01 -2.341755e-02 8.797808e-01 1.345683e+02
8.832940e-01 4.242390e-02 -4.668960e-01 -1.332947e+02 -2.639131e-02 9.988176e-01 4.082806e-02 -6.014729e+00 4.680760e-01 -2.374119e-02 8.833692e-01 1.353590e+02
8.882288e-01 4.014864e-02 -4.576435e-01 -1.337198e+02 -2.436724e-02 9.988889e-01 4.033783e-02 -6.002270e+00 4.587546e-01 -2.467772e-02 8.882203e-01 1.361954e+02
8.922893e-01 3.867206e-02 -4.498047e-01 -1.341559e+02 -2.365612e-02 9.989608e-01 3.895863e-02 -5.973010e+00 4.508438e-01 -2.412174e-02 8.922768e-01 1.370260e+02
8.979832e-01 3.757134e-02 -4.384229e-01 -1.345858e+02 -2.378372e-02 9.990359e-01 3.689987e-02 -5.953993e+00 4.393865e-01 -2.270814e-02 8.980110e-01 1.379341e+02
9.037087e-01 3.888161e-02 -4.263788e-01 -1.350156e+02 -2.604887e-02 9.990162e-01 3.589008e-02 -5.925770e+00 4.273548e-01 -2.132749e-02 9.038324e-01 1.388255e+02
9.101542e-01 4.203570e-02 -4.121315e-01 -1.354329e+02 -2.952070e-02 9.988906e-01 3.668896e-02 -5.903586e+00 4.132165e-01 -2.122620e-02 9.103854e-01 1.397201e+02
9.170282e-01 4.593458e-02 -3.961682e-01 -1.358424e+02 -3.314469e-02 9.986865e-01 3.907340e-02 -5.878118e+00 3.974426e-01 -2.270054e-02 9.173462e-01 1.406236e+02
9.238776e-01 4.849311e-02 -3.796032e-01 -1.362400e+02 -3.590224e-02 9.985471e-01 4.018246e-02 -5.855914e+00 3.810003e-01 -2.349507e-02 9.242764e-01 1.415128e+02
9.317333e-01 4.971778e-02 -3.597237e-01 -1.366353e+02 -3.766774e-02 9.984719e-01 4.043525e-02 -5.831732e+00 3.611844e-01 -2.412489e-02 9.321823e-01 1.424766e+02
9.391848e-01 5.093283e-02 -3.396142e-01 -1.370093e+02 -3.934499e-02 9.983873e-01 4.092431e-02 -5.797938e+00 3.411509e-01 -2.507337e-02 9.396741e-01 1.434616e+02
9.462167e-01 5.156729e-02 -3.193974e-01 -1.373539e+02 -4.003187e-02 9.982907e-01 4.258118e-02 -5.775103e+00 3.210473e-01 -2.750495e-02 9.466637e-01 1.444824e+02
9.530132e-01 5.361889e-02 -2.981455e-01 -1.377032e+02 -4.205387e-02 9.980980e-01 4.507535e-02 -5.738670e+00 2.999954e-01 -3.041923e-02 9.534556e-01 1.454978e+02
9.591612e-01 5.569429e-02 -2.773228e-01 -1.380273e+02 -4.372848e-02 9.978336e-01 4.915198e-02 -5.710789e+00 2.794595e-01 -3.501777e-02 9.595187e-01 1.464971e+02
9.649172e-01 5.771964e-02 -2.561315e-01 -1.383380e+02 -4.600726e-02 9.976131e-01 5.149181e-02 -5.669827e+00 2.584922e-01 -3.790142e-02 9.652695e-01 1.475669e+02
9.702718e-01 5.875923e-02 -2.347765e-01 -1.386286e+02 -4.809964e-02 9.975458e-01 5.087951e-02 -5.630064e+00 2.371899e-01 -3.807430e-02 9.707169e-01 1.486406e+02
9.754446e-01 5.852123e-02 -2.123280e-01 -1.388873e+02 -4.919782e-02 9.975895e-01 4.893574e-02 -5.590155e+00 2.146800e-01 -3.728802e-02 9.759724e-01 1.498008e+02
9.798034e-01 5.852926e-02 -1.912058e-01 -1.391187e+02 -5.033863e-02 9.976058e-01 4.742095e-02 -5.546650e+00 1.935235e-01 -3.683816e-02 9.804038e-01 1.509420e+02
9.835521e-01 5.774692e-02 -1.711450e-01 -1.393212e+02 -5.015942e-02 9.975709e-01 4.833475e-02 -5.509956e+00 1.735205e-01 -3.895521e-02 9.840595e-01 1.521072e+02
9.866839e-01 5.835169e-02 -1.518222e-01 -1.395099e+02 -5.140174e-02 9.974600e-01 4.930908e-02 -5.470112e+00 1.543139e-01 -4.084855e-02 9.871771e-01 1.532581e+02
9.895574e-01 5.870141e-02 -1.316444e-01 -1.396717e+02 -5.261992e-02 9.974013e-01 4.921155e-02 -5.432069e+00 1.341911e-01 -4.177053e-02 9.900748e-01 1.544208e+02
9.919242e-01 5.980434e-02 -1.118478e-01 -1.398186e+02 -5.460425e-02 9.973053e-01 4.899428e-02 -5.389874e+00 1.144765e-01 -4.249125e-02 9.925168e-01 1.555854e+02
9.939643e-01 6.007116e-02 -9.179621e-02 -1.399409e+02 -5.577435e-02 9.972560e-01 4.867982e-02 -5.351010e+00 9.446857e-02 -4.326613e-02 9.945872e-01 1.567699e+02
9.955221e-01 6.157772e-02 -7.172098e-02 -1.400504e+02 -5.824900e-02 9.971659e-01 4.761561e-02 -5.309421e+00 7.444977e-02 -4.322471e-02 9.962875e-01 1.579429e+02
9.966983e-01 6.206053e-02 -5.235413e-02 -1.401364e+02 -5.966485e-02 9.971513e-01 4.614508e-02 -5.269794e+00 5.506878e-02 -4.286902e-02 9.975619e-01 1.591206e+02
9.975431e-01 6.166011e-02 -3.325276e-02 -1.401956e+02 -6.017913e-02 9.972246e-01 4.383691e-02 -5.234260e+00 3.586346e-02 -4.172809e-02 9.984851e-01 1.603045e+02
9.979197e-01 6.280176e-02 -1.456292e-02 -1.402448e+02 -6.215582e-02 9.972148e-01 4.122293e-02 -5.197511e+00 1.711123e-02 -4.023201e-02 9.990438e-01 1.615060e+02
9.980196e-01 6.274685e-02 4.436070e-03 -1.402635e+02 -6.287302e-02 9.972470e-01 3.931221e-02 -5.162280e+00 -1.957140e-03 -3.951326e-02 9.992172e-01 1.627289e+02
9.977652e-01 6.217630e-02 2.446774e-02 -1.402566e+02 -6.304127e-02 9.973495e-01 3.632901e-02 -5.135633e+00 -2.214408e-02 -3.779030e-02 9.990403e-01 1.639509e+02
9.971203e-01 6.278834e-02 4.252916e-02 -1.402114e+02 -6.409979e-02 9.974862e-01 3.020767e-02 -5.105681e+00 -4.052556e-02 -3.284679e-02 9.986385e-01 1.652572e+02
9.961579e-01 6.325889e-02 6.056077e-02 -1.401527e+02 -6.475443e-02 9.976348e-01 2.305739e-02 -5.095151e+00 -5.895894e-02 -2.689038e-02 9.978982e-01 1.665462e+02
9.948523e-01 6.560344e-02 7.723405e-02 -1.400624e+02 -6.709857e-02 9.976028e-01 1.692243e-02 -5.077771e+00 -7.593874e-02 -2.201761e-02 9.968694e-01 1.678543e+02
9.932886e-01 6.701770e-02 9.426724e-02 -1.399512e+02 -6.851576e-02 9.975687e-01 1.274220e-02 -5.081246e+00 -9.318409e-02 -1.911547e-02 9.954654e-01 1.691864e+02
