1.000000e+00 0.000000e+00 0.000000e+00 0.000000e+00 0.000000e+00 1.000000e+00 0.000000e+00 0.000000e+00 0.000000e+00 0.000000e+00 1.000000e+00 0.000000e+00
9.999700e-01 2.194708e-03 -7.429673e-03 -1.969240e-02 -2.244591e-03 9.999750e-01 -6.712387e-03 8.413321e-02 7.414755e-03 6.728862e-03 9.999499e-01 1.163896e-01
9.999992e-01 -3.132023e-04 -1.232920e-03 6.967209e-02 3.079706e-04 9.999909e-01 -4.241229e-03 6.357583e-02 1.234238e-03 4.240845e-03 9.999902e-01 1.727795e-01
9.999954e-01 -2.665678e-03 1.428613e-03 1.652507e-01 2.676822e-03 9.999655e-01 -7.856373e-03 1.222582e-01 -1.407622e-03 7.860160e-03 9.999681e-01 4.485907e-01
9.999573e-01 -9.224064e-03 5.614578e-04 3.379144e-01 9.231099e-03 9.998568e-01 -1.418042e-02 1.842770e-01 -4.305763e-04 1.418500e-02 9.998993e-01 7.863294e-01
9.998320e-01 -1.826274e-02 -1.565459e-03 3.431300e-01 1.822762e-02 9.996319e-01 -2.009663e-02 1.756308e-01 1.931902e-03 2.006472e-02 9.997968e-01 1.216356e+00
9.998467e-01 -1.385708e-02 -1.070120e-02 5.071741e-01 1.363869e-02 9.997026e-01 -2.021823e-02 2.106104e-01 1.097818e-02 2.006918e-02 9.997383e-01 1.549689e+00
9.996505e-01 -1.827761e-02 -1.909673e-02 3.677696e-01 1.780008e-02 9.995319e-01 -2.488353e-02 2.422222e-01 1.954260e-02 2.453492e-02 9.995080e-01 1.887832e+00
9.995406e-01 -6.115474e-03 -2.968598e-02 -6.876267e-02 5.615656e-03 9.998416e-01 -1.689111e-02 1.046281e-01 2.978457e-02 1.671665e-02 9.994165e-01 2.080323e+00
9.989430e-01 -7.124069e-03 -4.540998e-02 -2.014993e-01 6.298110e-03 9.998126e-01 -1.830613e-02 5.655738e-02 4.553188e-02 1.800079e-02 9.988007e-01 2.460830e+00
9.979340e-01 3.182796e-02 -5.580976e-02 -2.470645e-01 -3.467385e-02 9.981073e-01 -5.078860e-02 3.602426e-01 5.408764e-02 5.261881e-02 9.971488e-01 3.437726e+00
9.957486e-01 -1.120086e-02 -9.142842e-02 4.408695e-01 9.177419e-03 9.997042e-01 -2.252194e-02 -1.887085e-02 9.165365e-02 2.158711e-02 9.955570e-01 3.904917e+00
9.921638e-01 1.133835e-03 -1.249388e-01 1.333072e+00 -5.503814e-03 9.993848e-01 -3.463733e-02 1.119493e-01 1.248227e-01 3.505355e-02 9.915597e-01 5.139379e+00
9.898795e-01 1.065461e-03 -1.419061e-01 1.295940e+00 -6.570349e-03 9.992436e-01 -3.832956e-02 1.292232e-01 1.417579e-01 3.887402e-02 9.891378e-01 5.650307e+00
9.867985e-01 3.385991e-03 -1.619172e-01 1.260708e+00 -9.661327e-03 9.992316e-01 -3.798482e-02 8.202679e-02 1.616641e-01 3.904770e-02 9.860730e-01 6.166475e+00
9.837209e-01 3.705346e-03 -1.796649e-01 1.213162e+00 -1.064636e-02 9.992330e-01 -3.768427e-02 1.028965e-01 1.793874e-01 3.898358e-02 9.830058e-01 6.595493e+00
9.815311e-01 1.648625e-02 -1.905907e-01 1.005831e+00 -2.536459e-02 9.986989e-01 -4.423791e-02 1.391448e-01 1.896134e-01 4.825514e-02 9.806723e-01 6.939643e+00
9.790989e-01 1.611205e-02 -2.027458e-01 8.860694e-01 -2.585144e-02 9.986306e-01 -4.548120e-02 1.316809e-01 2.017354e-01 4.977186e-02 9.781746e-01 7.350252e+00
9.768605e-01 1.867181e-02 -2.130611e-01 7.935271e-01 -3.045358e-02 9.981748e-01 -5.215011e-02 1.381700e-01 2.116985e-01 5.743185e-02 9.756461e-01 7.787553e+00
9.741241e-01 7.181261e-03 -2.258998e-01 8.091350e-01 -1.878188e-02 9.986101e-01 -4.924574e-02 9.657537e-02 2.252321e-01 5.221428e-02 9.729050e-01 8.220061e+00
9.719163e-01 7.497787e-03 -2.352076e-01 7.490414e-01 -2.007257e-02 9.984911e-01 -5.111393e-02 8.340032e-02 2.344694e-01 5.439968e-02 9.706002e-01 8.654700e+00
9.696398e-01 8.213231e-03 -2.443995e-01 6.249526e-01 -2.248784e-02 9.981957e-01 -5.567398e-02 7.168444e-02 2.435013e-01 5.947972e-02 9.680750e-01 9.132032e+00
9.668698e-01 3.909134e-03 -2.552403e-01 5.876275e-01 -1.906377e-02 9.981963e-01 -5.692716e-02 5.381447e-02 2.545574e-01 5.990699e-02 9.652004e-01 9.566721e+00
9.643677e-01 -2.621851e-03 -2.645525e-01 2.865938e-01 -1.346757e-02 9.981680e-01 -5.898539e-02 1.626533e-02 2.642225e-01 6.044649e-02 9.625657e-01 1.008739e+01
9.596627e-01 -9.848583e-03 -2.809812e-01 2.195693e-01 -7.295788e-03 9.981774e-01 -5.990482e-02 -3.039384e-02 2.810591e-01 5.953841e-02 9.578418e-01 1.069363e+01
9.565375e-01 -8.423179e-03 -2.914876e-01 9.853512e-02 -1.060795e-02 9.979160e-01 -6.364777e-02 -6.454132e-02 2.914162e-01 6.397357e-02 9.544548e-01 1.120162e+01
9.533005e-01 -2.035885e-03 -3.020166e-01 -8.766152e-02 -1.925782e-02 9.975327e-01 -6.751069e-02 -8.687620e-02 3.014089e-01 7.017415e-02 9.509092e-01 1.171626e+01
9.500639e-01 -8.629920e-03 -3.119361e-01 -2.471460e-01 -1.370073e-02 9.975001e-01 -6.932482e-02 -1.256336e-01 3.117545e-01 7.013676e-02 9.475706e-01 1.224864e+01
9.473156e-01 -9.743982e-03 -3.201534e-01 -4.358244e-01 -1.407763e-02 9.973047e-01 -7.200823e-02 -1.589851e-01 3.199921e-01 7.272152e-02 9.446251e-01 1.279658e+01
9.442053e-01 -1.189066e-02 -3.291426e-01 -6.263607e-01 -1.320251e-02 9.971784e-01 -7.389804e-02 -2.091650e-01 3.290926e-01 7.412044e-02 9.413842e-01 1.337644e+01
9.411778e-01 -9.919420e-03 -3.377662e-01 -7.511824e-01 -1.740892e-02 9.968182e-01 -7.778382e-02 -2.261578e-01 3.374631e-01 7.908855e-02 9.380105e-01 1.378159e+01
9.371763e-01 -1.334136e-02 -3.486008e-01 -8.612417e-01 -1.685693e-02 9.963694e-01 -8.345027e-02 -2.638975e-01 3.484485e-01 8.408395e-02 9.335489e-01 1.430061e+01
9.344139e-01 -1.502800e-02 -3.558719e-01 -1.070432e+00 -1.868256e-02 9.956664e-01 -9.110055e-02 -3.112676e-01 3.556987e-01 9.177422e-02 9.300838e-01 1.486472e+01
9.324173e-01 -1.582989e-02 -3.610366e-01 -1.298492e+00 -2.162000e-02 9.948072e-01 -9.945404e-02 -3.595037e-01 3.607362e-01 1.005383e-01 9.272332e-01 1.542340e+01
9.300094e-01 -1.739641e-02 -3.671238e-01 -1.468833e+00 -2.413109e-02 9.938337e-01 -1.082231e-01 -4.148090e-01 3.667427e-01 1.095076e-01 9.238549e-01 1.598948e+01
9.269124e-01 -2.355120e-02 -3.745381e-01 -1.805830e+00 -2.095676e-02 9.932231e-01 -1.143186e-01 -5.225840e-01 3.746922e-01 1.138125e-01 9.201372e-01 1.676583e+01
9.244905e-01 -2.490800e-02 -3.803906e-01 -2.002941e+00 -2.326450e-02 9.923165e-01 -1.215183e-01 -5.927258e-01 3.804946e-01 1.211921e-01 9.168077e-01 1.736555e+01
9.219764e-01 -2.203790e-02 -3.866185e-01 -2.229182e+00 -3.012607e-02 9.912717e-01 -1.283463e-01 -6.751552e-01 3.860725e-01 1.299796e-01 9.132652e-01 1.800300e+01
9.184377e-01 -2.389778e-02 -3.948430e-01 -2.411410e+00 -3.201839e-02 9.904068e-01 -1.344216e-01 -7.568856e-01 3.942676e-01 1.361001e-01 9.088618e-01 1.858806e+01
9.160630e-01 -2.231805e-02 -4.004129e-01 -2.684711e+00 -3.661531e-02 9.896254e-01 -1.389277e-01 -8.556514e-01 3.993593e-01 1.419278e-01 9.057420e-01 1.917822e+01
9.133569e-01 -1.968915e-02 -4.066836e-01 -2.972109e+00 -4.276067e-02 9.886680e-01 -1.439001e-01 -9.245669e-01 4.049083e-01 1.488222e-01 9.021648e-01 1.984639e+01
9.095310e-01 -2.373784e-02 -4.149577e-01 -3.225060e+00 -4.007116e-02 9.887092e-01 -1.443901e-01 -1.019351e+00 4.137000e-01 1.479551e-01 8.983104e-01 2.044379e+01
9.046298e-01 -2.011158e-02 -4.257235e-01 -3.343376e+00 -4.569014e-02 9.885532e-01 -1.437882e-01 -1.112751e+00 4.237421e-01 1.495265e-01 8.933557e-01 2.098289e+01
8.997398e-01 -2.061846e-02 -4.359394e-01 -3.489592e+00 -4.565560e-02 9.889559e-01 -1.410033e-01 -1.208192e+00 4.340321e-01 1.467694e-01 8.888616e-01 2.148951e+01
8.932104e-01 -2.166067e-02 -4.491170e-01 -3.725412e+00 -4.566775e-02 9.893036e-01 -1.385382e-01 -1.311115e+00 4.473139e-01 1.442540e-01 8.826670e-01 2.211145e+01
8.881280e-01 -2.127266e-02 -4.591036e-01 -3.774755e+00 -4.596711e-02 9.898080e-01 -1.347855e-01 -1.369757e+00 4.572917e-01 1.408105e-01 8.780984e-01 2.239330e+01
8.821836e-01 -2.054472e-02 -4.704573e-01 -3.861896e+00 -4.537287e-02 9.906911e-01 -1.283446e-01 -1.440760e+00 4.687147e-01 1.345695e-01 8.730392e-01 2.275371e+01
8.770888e-01 -1.579910e-02 -4.800683e-01 -4.167967e+00 -4.964663e-02 9.911240e-01 -1.233228e-01 -1.521708e+00 4.777555e-01 1.319988e-01 8.685194e-01 2.331293e+01
8.706115e-01 -1.425107e-02 -4.917646e-01 -4.376586e+00 -5.098335e-02 9.915850e-01 -1.189957e-01 -1.605002e+00 4.893222e-01 1.286708e-01 8.625588e-01 2.388132e+01
8.662186e-01 -1.537010e-02 -4.994288e-01 -4.533298e+00 -5.005619e-02 9.918292e-01 -1.173423e-01 -1.633055e+00 4.971516e-01 1.266436e-01 8.583715e-01 2.401417e+01
8.610734e-01 -1.551071e-02 -5.082440e-01 -4.661551e+00 -5.124398e-02 9.917988e-01 -1.170861e-01 -1.669758e+00 5.058919e-01 1.268642e-01 8.532168e-01 2.420277e+01
8.548608e-01 -1.621010e-02 -5.186040e-01 -4.918099e+00 -5.103141e-02 9.920390e-01 -1.151279e-01 -1.731611e+00 5.163417e-01 1.248834e-01 8.472281e-01 2.456779e+01
8.503129e-01 -1.482781e-02 -5.260685e-01 -5.006449e+00 -5.312762e-02 9.920781e-01 -1.138358e-01 -1.763926e+00 5.235890e-01 1.247449e-01 8.427891e-01 2.476790e+01
8.446611e-01 -1.472926e-02 -5.350987e-01 -5.155519e+00 -5.348807e-02 9.922963e-01 -1.117459e-01 -1.811154e+00 5.326224e-01 1.230088e-01 8.373662e-01 2.511119e+01
8.386085e-01 -1.706614e-02 -5.444673e-01 -5.218494e+00 -4.929900e-02 9.930298e-01 -1.070583e-01 -1.872847e+00 5.424992e-01 1.166217e-01 8.319218e-01 2.544421e+01
8.333458e-01 -1.525638e-02 -5.525414e-01 -5.611094e+00 -4.855014e-02 9.937354e-01 -1.006619e-01 -1.962122e+00 5.506157e-01 1.107121e-01 8.273845e-01 2.603368e+01
8.276792e-01 -1.507936e-02 -5.609989e-01 -6.091949e+00 -4.721826e-02 9.942232e-01 -9.638847e-02 -2.058472e+00 5.592116e-01 1.062681e-01 8.221858e-01 2.679315e+01
8.207330e-01 -1.731677e-02 -5.710494e-01 -6.575324e+00 -4.487455e-02 9.944984e-01 -9.465297e-02 -2.156336e+00 5.695468e-01 1.033104e-01 8.154406e-01 2.758552e+01
8.152297e-01 -1.884149e-02 -5.788312e-01 -7.063369e+00 -4.347966e-02 9.946587e-01 -9.361410e-02 -2.244935e+00 5.775033e-01 1.014844e-01 8.100561e-01 2.835773e+01
8.098614e-01 -2.022415e-02 -5.862726e-01 -7.605753e+00 -4.115033e-02 9.949850e-01 -9.116714e-02 -2.342391e+00 5.851762e-01 9.795805e-02 8.049677e-01 2.915945e+01
8.050389e-01 -2.265274e-02 -5.927893e-01 -8.154580e+00 -3.826606e-02 9.952065e-01 -8.999795e-02 -2.435524e+00 5.919865e-01 9.513556e-02 8.003132e-01 2.995088e+01
8.016778e-01 -2.494796e-02 -5.972356e-01 -8.757082e+00 -3.651090e-02 9.952195e-01 -9.058178e-02 -2.523445e+00 5.966403e-01 9.442301e-02 7.969345e-01 3.075956e+01
7.942171e-01 -2.683308e-02 -6.070413e-01 -8.870510e+00 -3.635422e-02 9.951365e-01 -9.155180e-02 -2.576361e+00 6.065456e-01 9.478051e-02 7.893789e-01 3.136906e+01
7.927383e-01 -2.793471e-02 -6.089218e-01 -9.543683e+00 -3.612552e-02 9.950405e-01 -9.267900e-02 -2.661536e+00 6.084908e-01 9.546781e-02 7.877976e-01 3.217406e+01
7.908325e-01 -2.916966e-02 -6.113371e-01 -1.017504e+01 -3.433178e-02 9.951766e-01 -9.189636e-02 -2.766513e+00 6.110690e-01 9.366293e-02 7.860166e-01 3.302651e+01
7.900053e-01 -2.821315e-02 -6.124505e-01 -1.056973e+01 -3.521910e-02 9.952028e-01 -9.127446e-02 -2.831475e+00 6.120875e-01 9.367727e-02 7.852219e-01 3.362440e+01
7.887127e-01 -3.050868e-02 -6.140044e-01 -1.111980e+01 -3.235054e-02 9.953243e-01 -9.101125e-02 -2.917721e+00 6.139101e-01 9.164510e-02 7.840379e-01 3.436522e+01
7.854260e-01 -3.350053e-02 -6.180483e-01 -1.158360e+01 -3.011242e-02 9.952837e-01 -9.221547e-02 -2.989504e+00 6.182226e-01 9.103936e-02 7.807129e-01 3.500523e+01
7.834355e-01 -3.449076e-02 -6.205152e-01 -1.183051e+01 -2.972158e-02 9.952369e-01 -9.284449e-02 -3.018293e+00 6.207619e-01 9.118037e-02 7.786788e-01 3.529229e+01
7.793678e-01 -3.709099e-02 -6.254680e-01 -1.233492e+01 -2.562429e-02 9.955243e-01 -9.096508e-02 -3.100003e+00 6.260425e-01 8.692243e-02 7.749292e-01 3.598435e+01
7.731538e-01 -3.754705e-02 -6.331061e-01 -1.257681e+01 -2.236042e-02 9.960116e-01 -8.637627e-02 -3.154633e+00 6.338242e-01 8.093867e-02 7.692307e-01 3.637478e+01
7.685766e-01 -3.653918e-02 -6.387135e-01 -1.272622e+01 -2.084791e-02 9.964070e-01 -8.208861e-02 -3.197221e+00 6.394181e-01 7.640722e-02 7.650533e-01 3.674194e+01
7.622266e-01 -3.747010e-02 -6.462248e-01 -1.303738e+01 -1.802588e-02 9.967074e-01 -7.905380e-02 -3.263072e+00 6.470592e-01 7.190568e-02 7.590415e-01 3.722833e+01
7.522971e-01 -4.219584e-02 -6.574714e-01 -1.366854e+01 -1.657430e-02 9.964189e-01 -8.291391e-02 -3.334532e+00 6.586155e-01 7.327303e-02 7.489036e-01 3.802730e+01
7.449657e-01 -4.557236e-02 -6.655444e-01 -1.440761e+01 -1.575290e-02 9.961839e-01 -8.584524e-02 -3.433702e+00 6.669168e-01 7.443601e-02 7.414049e-01 3.880684e+01
7.359364e-01 -4.733027e-02 -6.753944e-01 -1.452201e+01 -1.362898e-02 9.963158e-01 -8.467048e-02 -3.469681e+00 6.769136e-01 7.151702e-02 7.325799e-01 3.911015e+01
7.271599e-01 -4.386074e-02 -6.850656e-01 -1.498241e+01 -1.469003e-02 9.967340e-01 -7.940772e-02 -3.540219e+00 6.863110e-01 6.780574e-02 7.241406e-01 3.971936e+01
7.207434e-01 -4.003061e-02 -6.920452e-01 -1.576635e+01 -1.626199e-02 9.970801e-01 -7.461140e-02 -3.648068e+00 6.930112e-01 6.502970e-02 7.179880e-01 4.052929e+01
7.123188e-01 -4.184502e-02 -7.006076e-01 -1.639984e+01 -1.735999e-02 9.968653e-01 -7.718971e-02 -3.722191e+00 7.016414e-01 6.714623e-02 7.093594e-01 4.125595e+01
7.059556e-01 -4.441765e-02 -7.068619e-01 -1.698278e+01 -1.915254e-02 9.964693e-01 -8.174394e-02 -3.797174e+00 7.079971e-01 7.124580e-02 7.026124e-01 4.191055e+01
7.061719e-01 -4.727734e-02 -7.064603e-01 -1.787007e+01 -2.115230e-02 9.959143e-01 -8.779167e-02 -3.905297e+00 7.077245e-01 7.693926e-02 7.022866e-01 4.269004e+01
6.872870e-01 -5.116703e-02 -7.245816e-01 -1.807928e+01 -1.956996e-02 9.958495e-01 -8.888556e-02 -3.972331e+00 7.261223e-01 7.526992e-02 6.834332e-01 4.331084e+01
6.801956e-01 -4.982001e-02 -7.313358e-01 -1.877701e+01 -1.958373e-02 9.960966e-01 -8.607034e-02 -4.057837e+00 7.327691e-01 7.286695e-02 6.765648e-01 4.400312e+01
6.753248e-01 -4.714904e-02 -7.360118e-01 -1.953934e+01 -1.888937e-02 9.965214e-01 -8.116920e-02 -4.155901e+00 7.372785e-01 6.871837e-02 6.720849e-01 4.470939e+01
6.642666e-01 -4.590152e-02 -7.460850e-01 -2.000653e+01 -1.975111e-02 9.966865e-01 -7.890444e-02 -4.213646e+00 7.472348e-01 6.714959e-02 6.611589e-01 4.534847e+01
6.616884e-01 -4.496109e-02 -7.484297e-01 -2.082419e+01 -2.287466e-02 9.965252e-01 -8.008870e-02 -4.305794e+00 7.494299e-01 7.011384e-02 6.583607e-01 4.610934e+01
6.493959e-01 -4.815757e-02 -7.589241e-01 -2.147470e+01 -2.171762e-02 9.964113e-01 -8.181065e-02 -4.385564e+00 7.601403e-01 6.960953e-02 6.460195e-01 4.672670e+01
6.404704e-01 -5.249967e-02 -7.661863e-01 -2.207606e+01 -1.977832e-02 9.962022e-01 -8.479363e-02 -4.466358e+00 7.677281e-01 6.946170e-02 6.369997e-01 4.733311e+01
6.330928e-01 -5.273209e-02 -7.722777e-01 -2.282124e+01 -2.213398e-02 9.960358e-01 -8.615543e-02 -4.539914e+00 7.737594e-01 7.163797e-02 6.294159e-01 4.799148e+01
6.212651e-01 -5.335794e-02 -7.817817e-01 -2.344327e+01 -2.221417e-02 9.960787e-01 -8.563720e-02 -4.624178e+00 7.832856e-01 7.057004e-02 6.176436e-01 4.864057e+01
6.132467e-01 -5.352499e-02 -7.880759e-01 -2.425216e+01 -2.248957e-02 9.961139e-01 -8.515505e-02 -4.721091e+00 7.895712e-01 6.994455e-02 6.096598e-01 4.930777e+01
6.064715e-01 -5.504614e-02 -7.931975e-01 -2.511733e+01 -2.296929e-02 9.959713e-01 -8.668032e-02 -4.821623e+00 7.947733e-01 7.078833e-02 6.027639e-01 4.995590e+01
5.970418e-01 -5.757722e-02 -8.001412e-01 -2.583215e+01 -2.247478e-02 9.958289e-01 -8.842871e-02 -4.909709e+00 8.018952e-01 7.077864e-02 5.932575e-01 5.061103e+01
5.895482e-01 -5.906041e-02 -8.055711e-01 -2.673083e+01 -2.248764e-02 9.957365e-01 -8.945971e-02 -5.018123e+00 8.074202e-01 7.085621e-02 5.857065e-01 5.124781e+01
5.819631e-01 -6.104900e-02 -8.109204e-01 -2.761376e+01 -2.225700e-02 9.956089e-01 -9.092591e-02 -5.110933e+00 8.129106e-01 7.096418e-02 5.780489e-01 5.181216e+01
5.771778e-01 -6.347983e-02 -8.141474e-01 -2.889958e+01 -2.209669e-02 9.953949e-01 -9.327698e-02 -5.230367e+00 8.163195e-01 7.182737e-02 5.731173e-01 5.234077e+01
5.652412e-01 -6.194083e-02 -8.225970e-01 -2.916637e+01 -2.673313e-02 9.952779e-01 -9.331302e-02 -5.277754e+00 8.244925e-01 7.473496e-02 5.609162e-01 5.283765e+01
5.537830e-01 -6.047000e-02 -8.304624e-01 -3.008991e+01 -2.891911e-02 9.953610e-01 -9.176140e-02 -5.390336e+00 8.321587e-01 7.483213e-02 5.494653e-01 5.349868e+01
5.412720e-01 -6.263540e-02 -8.385115e-01 -3.035603e+01 -2.518006e-02 9.955670e-01 -9.062130e-02 -5.425451e+00 8.404705e-01 7.016454e-02 5.372953e-01 5.381456e+01
5.315300e-01 -6.409100e-02 -8.446113e-01 -3.059978e+01 -2.366742e-02 9.956203e-01 -9.044425e-02 -5.462907e+00 8.467087e-01 6.806359e-02 5.276852e-01 5.405871e+01
5.231719e-01 -6.576239e-02 -8.496861e-01 -3.082637e+01 -2.343604e-02 9.955311e-01 -9.148034e-02 -5.492281e+00 8.519049e-01 6.777322e-02 5.192927e-01 5.424413e+01
5.121167e-01 -6.593104e-02 -8.563817e-01 -3.169611e+01 -2.308832e-02 9.956325e-01 -9.045848e-02 -5.596206e+00 8.586055e-01 6.609771e-02 5.083578e-01 5.482909e+01
5.053641e-01 -6.568599e-02 -8.604025e-01 -3.192676e+01 -2.277083e-02 9.957361e-01 -8.939242e-02 -5.617560e+00 8.626058e-01 6.476779e-02 5.017135e-01 5.495022e+01
4.961033e-01 -6.575447e-02 -8.657701e-01 -3.239499e+01 -2.365000e-02 9.957350e-01 -8.917709e-02 -5.686698e+00 8.679413e-01 6.471651e-02 4.924324e-01 5.543458e+01
4.899991e-01 -6.572475e-02 -8.692417e-01 -3.254952e+01 -2.433315e-02 9.957339e-01 -8.900583e-02 -5.702189e+00 8.713832e-01 6.476416e-02 4.863093e-01 5.551517e+01
4.831619e-01 -6.820883e-02 -8.728700e-01 -3.349290e+01 -2.516636e-02 9.954668e-01 -9.171932e-02 -5.807696e+00 8.751692e-01 6.628224e-02 4.792551e-01 5.602567e+01
4.770430e-01 -7.119739e-02 -8.759913e-01 -3.440360e+01 -2.565547e-02 9.951605e-01 -9.485435e-02 -5.909788e+00 8.785053e-01 6.772358e-02 4.729078e-01 5.655798e+01
4.678664e-01 -7.816162e-02 -8.803362e-01 -3.582193e+01 -1.058695e-02 9.955146e-01 -9.401443e-02 -6.063308e+00 8.837358e-01 5.330626e-02 4.649402e-01 5.699815e+01
4.630512e-01 -7.671048e-02 -8.830057e-01 -3.687510e+01 -1.192360e-02 9.956183e-01 -9.274640e-02 -6.180170e+00 8.862513e-01 5.347494e-02 4.601076e-01 5.750380e+01
4.560379e-01 -7.631940e-02 -8.866820e-01 -3.792459e+01 -1.211629e-02 9.956914e-01 -9.193383e-02 -6.299298e+00 8.898780e-01 5.266861e-02 4.531482e-01 5.804710e+01
4.501250e-01 -7.750896e-02 -8.895953e-01 -3.898025e+01 -1.009234e-02 9.957206e-01 -9.186209e-02 -6.425396e+00 8.929085e-01 5.032753e-02 4.474165e-01 5.854843e+01
4.445150e-01 -7.848819e-02 -8.923262e-01 -4.006425e+01 -9.753434e-03 9.956708e-01 -9.243698e-02 -6.547960e+00 8.957183e-01 4.979287e-02 4.418251e-01 5.905456e+01
4.392555e-01 -7.838146e-02 -8.949363e-01 -4.110956e+01 -9.524886e-03 9.957242e-01 -9.188383e-02 -6.670025e+00 8.983117e-01 4.888464e-02 4.366307e-01 5.956932e+01
4.362100e-01 -7.881603e-02 -8.963865e-01 -4.220011e+01 -9.024363e-03 9.957235e-01 -9.194192e-02 -6.786713e+00 8.997996e-01 4.819530e-02 4.336333e-01 6.008033e+01
4.299413e-01 -8.126383e-02 -8.991923e-01 -4.331538e+01 -4.556952e-03 9.957331e-01 -9.216750e-02 -6.924321e+00 9.028454e-01 4.372419e-02 4.277365e-01 6.063024e+01
4.246559e-01 -8.684015e-02 -9.011804e-01 -4.443085e+01 -4.744084e-05 9.953871e-01 -9.594051e-02 -7.050835e+00 9.053549e-01 4.078446e-02 4.226929e-01 6.113269e+01
4.187353e-01 -8.964173e-02 -9.036732e-01 -4.548754e+01 4.384408e-03 9.953039e-01 -9.669965e-02 -7.178979e+00 9.080979e-01 3.652949e-02 4.171619e-01 6.161932e+01
4.094519e-01 -9.244719e-02 -9.076358e-01 -4.634582e+01 7.670969e-03 9.951665e-01 -9.790211e-02 -7.272192e+00 9.122995e-01 3.312376e-02 4.081820e-01 6.205609e+01
3.981667e-01 -9.512847e-02 -9.123672e-01 -4.728719e+01 1.179666e-02 9.950570e-01 -9.860198e-02 -7.385065e+00 9.172373e-01 2.849714e-02 3.973207e-01 6.249987e+01
3.869019e-01 -9.464581e-02 -9.172509e-01 -4.799708e+01 1.394256e-02 9.952053e-01 -9.680844e-02 -7.473602e+00 9.220155e-01 2.466655e-02 3.863664e-01 6.283183e+01
3.766944e-01 -9.179553e-02 -9.217781e-01 -4.914307e+01 1.245798e-02 9.954900e-01 -9.404507e-02 -7.608357e+00 9.262538e-01 2.394276e-02 3.761391e-01 6.328948e+01
3.658848e-01 -9.100015e-02 -9.262004e-01 -5.012925e+01 1.024910e-02 9.955417e-01 -9.376421e-02 -7.721719e+00 9.306037e-01 2.481418e-02 3.651863e-01 6.367813e+01
3.551369e-01 -9.269071e-02 -9.302077e-01 -5.125758e+01 1.013196e-02 9.953953e-01 -9.531815e-02 -7.845730e+00 9.347594e-01 2.442617e-02 3.544407e-01 6.408024e+01
3.439450e-01 -9.519989e-02 -9.341514e-01 -5.245237e+01 1.095938e-02 9.951864e-01 -9.738488e-02 -7.981934e+00 9.389258e-01 2.325732e-02 3.433327e-01 6.449005e+01
3.334986e-01 -9.694223e-02 -9.377531e-01 -5.365319e+01 1.099746e-02 9.950314e-01 -9.895241e-02 -8.111503e+00 9.426864e-01 2.268758e-02 3.329077e-01 6.488932e+01
3.224307e-01 -9.682525e-02 -9.416280e-01 -5.483846e+01 1.365633e-02 9.951271e-01 -9.765024e-02 -8.246638e+00 9.464946e-01 1.862626e-02 3.221818e-01 6.527616e+01
3.115472e-01 -9.667341e-02 -9.453003e-01 -5.601342e+01 1.493029e-02 9.951866e-01 -9.685451e-02 -8.380024e+00 9.501134e-01 1.606114e-02 3.114909e-01 6.563816e+01
2.999451e-01 -9.758286e-02 -9.489524e-01 -5.720969e+01 1.482687e-02 9.951110e-01 -9.764298e-02 -8.511271e+00 9.538413e-01 1.521754e-02 2.999254e-01 6.600034e+01
2.883101e-01 -9.861197e-02 -9.524458e-01 -5.840722e+01 1.363061e-02 9.950048e-01 -9.889228e-02 -8.645024e+00 9.574401e-01 1.552922e-02 2.882141e-01 6.634196e+01
2.756703e-01 -9.964222e-02 -9.560740e-01 -5.949612e+01 1.129037e-02 9.948800e-01 -1.004312e-01 -8.762972e+00 9.611860e-01 1.689147e-02 2.753838e-01 6.670197e+01
2.653204e-01 -1.008745e-01 -9.588689e-01 -6.069642e+01 9.520407e-03 9.947374e-01 -1.020136e-01 -8.898935e+00 9.641134e-01 1.793748e-02 2.648845e-01 6.700196e+01
2.547164e-01 -1.005742e-01 -9.617716e-01 -6.192926e+01 8.681157e-03 9.947745e-01 -1.017263e-01 -9.046287e+00 9.669769e-01 1.756208e-02 2.542585e-01 6.730843e+01
2.443300e-01 -9.875925e-02 -9.646499e-01 -6.318086e+01 7.947431e-03 9.949707e-01 -9.985048e-02 -9.189573e+00 9.696596e-01 1.672998e-02 2.438861e-01 6.761350e+01
2.351642e-01 -9.704277e-02 -9.670991e-01 -6.444003e+01 8.463606e-03 9.951699e-01 -9.780148e-02 -9.330694e+00 9.719188e-01 1.481426e-02 2.348496e-01 6.789920e+01
2.257233e-01 -9.728936e-02 -9.693214e-01 -6.569573e+01 8.018673e-03 9.951527e-01 -9.801473e-02 -9.467603e+00 9.741585e-01 1.435155e-02 2.254093e-01 6.817932e+01
2.181658e-01 -9.977743e-02 -9.707977e-01 -6.696033e+01 8.488159e-03 9.949161e-01 -1.003488e-01 -9.610314e+00 9.758748e-01 1.365238e-02 2.179036e-01 6.845108e+01
2.107392e-01 -1.031863e-01 -9.720811e-01 -6.821219e+01 1.218399e-02 9.946133e-01 -1.029367e-01 -9.755280e+00 9.774665e-01 9.848991e-03 2.108613e-01 6.868923e+01
2.044051e-01 -1.059131e-01 -9.731398e-01 -6.946823e+01 1.242033e-02 9.943300e-01 -1.056105e-01 -9.897328e+00 9.788076e-01 9.500598e-03 2.045615e-01 6.892148e+01
1.967249e-01 -1.095661e-01 -9.743175e-01 -7.066341e+01 1.852999e-02 9.939744e-01 -1.080352e-01 -1.006109e+01 9.802836e-01 3.199126e-03 1.975698e-01 6.915431e+01
1.926386e-01 -1.105634e-01 -9.750211e-01 -7.192944e+01 2.211204e-02 9.938688e-01 -1.083319e-01 -1.021309e+01 9.810206e-01 -6.907926e-04 1.939023e-01 6.936967e+01
1.874327e-01 -1.082362e-01 -9.762960e-01 -7.317738e+01 2.340313e-02 9.941206e-01 -1.057193e-01 -1.035861e+01 9.819986e-01 -3.033141e-03 1.888638e-01 6.960014e+01
1.838772e-01 -1.047477e-01 -9.773521e-01 -7.436265e+01 2.699056e-02 9.944689e-01 -1.015042e-01 -1.051206e+01 9.825786e-01 -7.714963e-03 1.856874e-01 6.981011e+01
1.803752e-01 -1.016053e-01 -9.783360e-01 -7.556635e+01 3.106329e-02 9.947426e-01 -9.758205e-02 -1.066145e+01 9.831074e-01 -1.278894e-02 1.825831e-01 7.003062e+01
1.806743e-01 -1.006806e-01 -9.783763e-01 -7.675195e+01 3.336862e-02 9.948017e-01 -9.620879e-02 -1.080417e+01 9.829768e-01 -1.526461e-02 1.830947e-01 7.019360e+01
1.828372e-01 -9.987845e-02 -9.780567e-01 -7.798988e+01 3.629001e-02 9.948339e-01 -9.480771e-02 -1.093264e+01 9.824732e-01 -1.815931e-02 1.855173e-01 7.019557e+01
1.755558e-01 -9.852211e-02 -9.795272e-01 -7.918956e+01 3.771748e-02 9.949223e-01 -9.331066e-02 -1.106742e+01 9.837466e-01 -2.056407e-02 1.783804e-01 7.056974e+01
1.754114e-01 -9.867957e-02 -9.795373e-01 -8.044247e+01 4.089886e-02 9.948354e-01 -9.289673e-02 -1.121219e+01 9.836454e-01 -2.376680e-02 1.785414e-01 7.074647e+01
1.737593e-01 -9.923296e-02 -9.797758e-01 -8.169923e+01 4.373068e-02 9.947063e-01 -9.298968e-02 -1.134165e+01 9.838168e-01 -2.668842e-02 1.771790e-01 7.095507e+01
1.707752e-01 -9.747250e-02 -9.804769e-01 -8.294031e+01 4.806535e-02 9.947342e-01 -9.051806e-02 -1.148022e+01 9.841369e-01 -3.166872e-02 1.745610e-01 7.117667e+01
1.796131e-01 -9.604298e-02 -9.790378e-01 -8.409359e+01 5.018000e-02 9.948216e-01 -8.838540e-02 -1.161595e+01 9.824567e-01 -3.325294e-02 1.835024e-01 7.121346e+01
1.773853e-01 -9.716661e-02 -9.793330e-01 -8.527827e+01 5.330089e-02 9.946020e-01 -8.902724e-02 -1.173533e+01 9.826970e-01 -3.640720e-02 1.816068e-01 7.143752e+01
1.807807e-01 -9.761597e-02 -9.786671e-01 -8.642780e+01 5.327533e-02 9.945734e-01 -8.936143e-02 -1.186217e+01 9.820794e-01 -3.598399e-02 1.850002e-01 7.154784e+01
1.851741e-01 -1.003116e-01 -9.775726e-01 -8.750804e+01 5.487016e-02 9.942800e-01 -9.163237e-02 -1.197113e+01 9.811727e-01 -3.667162e-02 1.896190e-01 7.166811e+01
1.857254e-01 -1.009781e-01 -9.773994e-01 -8.868063e+01 5.256561e-02 9.943022e-01 -9.273590e-02 -1.209985e+01 9.811947e-01 -3.415418e-02 1.899751e-01 7.187251e+01
1.876163e-01 -1.021435e-01 -9.769170e-01 -8.983396e+01 5.077322e-02 9.942572e-01 -9.420563e-02 -1.221824e+01 9.809293e-01 -3.192671e-02 1.917250e-01 7.209028e+01
1.912571e-01 -1.030443e-01 -9.761162e-01 -9.101595e+01 4.931617e-02 9.942269e-01 -9.529329e-02 -1.235560e+01 9.803004e-01 -2.991278e-02 1.952347e-01 7.231276e+01
1.957319e-01 -1.042982e-01 -9.750953e-01 -9.211460e+01 4.834629e-02 9.941454e-01 -9.663125e-02 -1.247414e+01 9.794650e-01 -2.822843e-02 1.996284e-01 7.255028e+01
2.054819e-01 -1.047597e-01 -9.730378e-01 -9.319087e+01 4.806048e-02 9.941348e-01 -9.688183e-02 -1.259713e+01 9.774801e-01 -2.685720e-02 2.093115e-01 7.272019e+01
2.172916e-01 -1.042464e-01 -9.705241e-01 -9.424578e+01 4.818936e-02 9.942140e-01 -9.600183e-02 -1.271024e+01 9.749165e-01 -2.590854e-02 2.210579e-01 7.284940e+01
2.302408e-01 -1.031332e-01 -9.676533e-01 -9.529786e+01 4.753272e-02 9.943731e-01 -9.467124e-02 -1.282280e+01 9.719722e-01 -2.419800e-02 2.338475e-01 7.304189e+01
2.390248e-01 -1.040700e-01 -9.654204e-01 -9.638071e+01 4.817359e-02 9.942866e-01 -9.525462e-02 -1.293823e+01 9.698178e-01 -2.373955e-02 2.426726e-01 7.330883e+01
2.511241e-01 -1.022673e-01 -9.625373e-01 -9.743610e+01 4.706328e-02 9.945170e-01 -9.338630e-02 -1.306491e+01 9.668100e-01 -2.184861e-02 2.545602e-01 7.355404e+01
2.628837e-01 -1.028198e-01 -9.593334e-01 -9.851138e+01 4.732638e-02 9.944827e-01 -9.361832e-02 -1.319899e+01 9.636662e-01 -2.079102e-02 2.662994e-01 7.384913e+01
2.750869e-01 -1.056287e-01 -9.555992e-01 -9.951819e+01 4.578395e-02 9.942579e-01 -9.672210e-02 -1.329740e+01 9.603287e-01 -1.714412e-02 2.783434e-01 7.414980e+01
2.917851e-01 -1.110511e-01 -9.500154e-01 -1.009476e+02 5.483478e-02 9.935457e-01 -9.929772e-02 -1.346857e+01 9.549109e-01 -2.312027e-02 2.959913e-01 7.437342e+01
3.065144e-01 -1.109330e-01 -9.453797e-01 -1.019848e+02 5.391169e-02 9.936146e-01 -9.911353e-02 -1.357438e+01 9.503381e-01 -2.058729e-02 3.105378e-01 7.468240e+01
3.229284e-01 -1.082053e-01 -9.402175e-01 -1.029717e+02 5.245523e-02 9.939620e-01 -9.637415e-02 -1.369270e+01 9.449687e-01 -1.819737e-02 3.266544e-01 7.497557e+01
3.404240e-01 -1.068494e-01 -9.341814e-01 -1.040003e+02 5.432586e-02 9.940978e-01 -9.390566e-02 -1.380990e+01 9.387015e-01 -1.878245e-02 3.442194e-01 7.526905e+01
3.553033e-01 -1.053210e-01 -9.287987e-01 -1.047692e+02 5.103913e-02 9.943357e-01 -9.322801e-02 -1.389227e+01 9.333566e-01 -1.428086e-02 3.586662e-01 7.553333e+01
3.676610e-01 -1.061580e-01 -9.238810e-01 -1.053409e+02 5.187643e-02 9.942575e-01 -9.360024e-02 -1.395924e+01 9.285119e-01 -1.351448e-02 3.710568e-01 7.573042e+01
3.739037e-01 -1.071525e-01 -9.212569e-01 -1.056517e+02 5.215991e-02 9.941611e-01 -9.446230e-02 -1.400150e+01 9.259996e-01 -1.273288e-02 3.773096e-01 7.595496e+01
3.816124e-01 -1.089200e-01 -9.178826e-01 -1.061112e+02 5.244057e-02 9.939846e-01 -9.614832e-02 -1.405674e+01 9.228337e-01 -1.144290e-02 3.850287e-01 7.613737e+01
3.893085e-01 -1.014814e-01 -9.155001e-01 -1.066252e+02 4.932808e-02 9.947831e-01 -8.929338e-02 -1.418724e+01 9.197857e-01 -1.039718e-02 3.922834e-01 7.650864e+01
3.986103e-01 -9.545411e-02 -9.121395e-01 -1.071753e+02 4.529307e-02 9.954042e-01 -8.437432e-02 -1.425874e+01 9.160013e-01 -7.681129e-03 4.011018e-01 7.684949e+01
4.047773e-01 -8.641595e-02 -9.103228e-01 -1.075337e+02 3.801574e-02 9.962541e-01 -7.766952e-02 -1.436141e+01 9.136247e-01 -3.167727e-03 4.065463e-01 7.717278e+01
4.091089e-01 -7.267366e-02 -9.095870e-01 -1.078007e+02 2.723567e-02 9.973518e-01 -6.743594e-02 -1.442912e+01 9.120790e-01 2.815435e-03 4.100049e-01 7.743152e+01
4.210360e-01 -7.170558e-02 -9.042052e-01 -1.087593e+02 2.616424e-02 9.974156e-01 -6.691422e-02 -1.448626e+01 9.066665e-01 4.515459e-03 4.218240e-01 7.789252e+01
4.331046e-01 -7.363207e-02 -8.983310e-01 -1.096482e+02 2.468796e-02 9.972528e-01 -6.983764e-02 -1.455358e+01 9.010055e-01 8.069045e-03 4.337326e-01 7.834623e+01
4.373218e-01 -6.775039e-02 -8.967494e-01 -1.100097e+02 1.922910e-02 9.976346e-01 -6.599484e-02 -1.461686e+01 8.990995e-01 1.161731e-02 4.375902e-01 7.867740e+01
4.485878e-01 -6.535104e-02 -8.913463e-01 -1.108421e+02 1.859193e-02 9.977896e-01 -6.379841e-02 -1.471155e+01 8.935454e-01 1.204734e-02 4.488112e-01 7.910460e+01
4.605799e-01 -6.208676e-02 -8.854442e-01 -1.117125e+02 2.350434e-02 9.980540e-01 -5.775668e-02 -1.485282e+01 8.873070e-01 5.789785e-03 4.611429e-01 7.951098e+01
4.697469e-01 -5.951191e-02 -8.807929e-01 -1.125182e+02 2.211756e-02 9.982054e-01 -5.564924e-02 -1.490867e+01 8.825240e-01 6.660070e-03 4.702201e-01 7.998160e+01
4.781471e-01 -6.088768e-02 -8.761667e-01 -1.133269e+02 2.304897e-02 9.981204e-01 -5.678422e-02 -1.495798e+01 8.779773e-01 6.956482e-03 4.786518e-01 8.044656e+01
4.880803e-01 -6.623508e-02 -8.702819e-01 -1.141402e+02 2.485176e-02 9.977667e-01 -6.200003e-02 -1.498722e+01 8.724449e-01 8.632971e-03 4.886364e-01 8.088091e+01
4.965040e-01 -7.063426e-02 -8.651559e-01 -1.149445e+02 2.563579e-02 9.974422e-01 -6.672246e-02 -1.501975e+01 8.676559e-01 1.094902e-02 4.970448e-01 8.132655e+01
5.022637e-01 -6.922074e-02 -8.619395e-01 -1.156762e+02 2.380303e-02 9.975199e-01 -6.623860e-02 -1.507414e+01 8.643869e-01 1.275247e-02 5.026656e-01 8.179670e+01
5.089815e-01 -6.719654e-02 -8.581506e-01 -1.164181e+02 2.139620e-02 9.976279e-01 -6.542777e-02 -1.513673e+01 8.605115e-01 1.494036e-02 5.092119e-01 8.229309e+01
5.161573e-01 -6.854574e-02 -8.537465e-01 -1.171811e+02 2.037556e-02 9.974930e-01 -6.776825e-02 -1.518789e+01 8.562514e-01 1.758351e-02 5.162599e-01 8.279096e+01
5.214787e-01 -6.732356e-02 -8.506043e-01 -1.179184e+02 2.301219e-02 9.976295e-01 -6.485225e-02 -1.528665e+01 8.529540e-01 1.424480e-02 5.217917e-01 8.327238e+01
5.295002e-01 -6.633393e-02 -8.457123e-01 -1.186472e+02 1.945049e-02 9.976253e-01 -6.607138e-02 -1.533621e+01 8.480868e-01 1.853529e-02 5.295330e-01 8.378892e+01
5.393255e-01 -6.513190e-02 -8.395749e-01 -1.193710e+02 1.829709e-02 9.976754e-01 -6.564323e-02 -1.538839e+01 8.418986e-01 2.004130e-02 5.392635e-01 8.427369e+01
5.515491e-01 -6.371117e-02 -8.317058e-01 -1.200964e+02 1.954355e-02 9.977921e-01 -6.347352e-02 -1.548129e+01 8.339134e-01 1.875428e-02 5.515765e-01 8.487918e+01
5.658488e-01 -6.300453e-02 -8.220983e-01 -1.205636e+02 1.875526e-02 9.978017e-01 -6.356100e-02 -1.558278e+01 8.242957e-01 2.054725e-02 5.657866e-01 8.527518e+01
5.786717e-01 -6.311054e-02 -8.131151e-01 -1.212589e+02 1.768696e-02 9.977381e-01 -6.485286e-02 -1.564982e+01 8.153688e-01 2.314698e-02 5.784791e-01 8.577438e+01
5.912021e-01 -6.287052e-02 -8.040693e-01 -1.218407e+02 1.914098e-02 9.977700e-01 -6.394241e-02 -1.570980e+01 8.062963e-01 2.241221e-02 5.910871e-01 8.620902e+01
6.023297e-01 -6.132010e-02 -7.958887e-01 -1.225182e+02 1.829342e-02 9.978436e-01 -6.303545e-02 -1.577519e+01 7.980378e-01 2.340860e-02 6.021526e-01 8.676081e+01
6.140239e-01 -5.976455e-02 -7.870216e-01 -1.231671e+02 1.841648e-02 9.979425e-01 -6.141309e-02 -1.583906e+01 7.890726e-01 2.321494e-02 6.138612e-01 8.731795e+01
6.262635e-01 -5.643477e-02 -7.775662e-01 -1.237993e+02 1.810810e-02 9.981604e-01 -5.786070e-02 -1.590605e+01 7.794012e-01 2.215581e-02 6.261334e-01 8.786932e+01
6.418955e-01 -5.543798e-02 -7.647854e-01 -1.245775e+02 1.982898e-02 9.982496e-01 -5.571864e-02 -1.596938e+01 7.665357e-01 2.060063e-02 6.418712e-01 8.846992e+01
6.548642e-01 -5.369567e-02 -7.538367e-01 -1.252040e+02 2.111113e-02 9.983832e-01 -5.277528e-02 -1.602576e+01 7.554517e-01 1.864630e-02 6.549389e-01 8.900787e+01
6.649344e-01 -5.432366e-02 -7.449235e-01 -1.258866e+02 2.382023e-02 9.983866e-01 -5.154505e-02 -1.607599e+01 7.465218e-01 1.652983e-02 6.651556e-01 8.962453e+01
6.749563e-01 -5.469548e-02 -7.358277e-01 -1.264249e+02 2.624042e-02 9.983973e-01 -5.014310e-02 -1.612579e+01 7.373910e-01 1.453597e-02 6.753098e-01 9.012645e+01
6.848702e-01 -5.472250e-02 -7.266074e-01 -1.271217e+02 2.758608e-02 9.984084e-01 -4.919096e-02 -1.618641e+01 7.281427e-01 1.364517e-02 6.852897e-01 9.070731e+01
6.946459e-01 -5.400614e-02 -7.173218e-01 -1.277380e+02 2.729991e-02 9.984387e-01 -4.873412e-02 -1.624130e+01 7.188337e-01 1.427014e-02 6.950356e-01 9.128585e+01
7.046066e-01 -5.282274e-02 -7.076294e-01 -1.283522e+02 2.671163e-02 9.984931e-01 -4.793746e-02 -1.628918e+01 7.090952e-01 1.487512e-02 7.049558e-01 9.186916e+01
7.145904e-01 -5.159775e-02 -6.976376e-01 -1.289571e+02 2.615093e-02 9.985493e-01 -4.706698e-02 -1.634521e+01 6.990541e-01 1.538974e-02 7.149031e-01 9.249384e+01
7.243125e-01 -5.242987e-02 -6.874755e-01 -1.296007e+02 2.803740e-02 9.985195e-01 -4.661171e-02 -1.640211e+01 6.889016e-01 1.448642e-02 7.247102e-01 9.311638e+01
7.324851e-01 -5.421798e-02 -6.786206e-01 -1.301657e+02 2.931179e-02 9.984109e-01 -4.812905e-02 -1.644609e+01 6.801518e-01 1.536223e-02 7.329104e-01 9.372165e+01
7.397138e-01 -5.492030e-02 -6.706768e-01 -1.307885e+02 3.034883e-02 9.983726e-01 -4.828180e-02 -1.649996e+01 6.722369e-01 1.536046e-02 7.401767e-01 9.437948e+01
7.458181e-01 -5.245012e-02 -6.640816e-01 -1.310981e+02 3.090781e-02 9.985465e-01 -4.415463e-02 -1.661157e+01 6.654322e-01 1.240603e-02 7.463552e-01 9.483316e+01
7.506869e-01 -5.015114e-02 -6.587519e-01 -1.316767e+02 3.111143e-02 9.986919e-01 -4.057763e-02 -1.665848e+01 6.599252e-01 9.966379e-03 7.512652e-01 9.548642e+01
7.537801e-01 -4.302321e-02 -6.557169e-01 -1.315605e+02 2.772270e-02 9.990481e-01 -3.368137e-02 -1.670432e+01 6.565418e-01 7.210101e-03 7.542552e-01 9.561680e+01
7.588704e-01 -3.975328e-02 -6.500272e-01 -1.320996e+02 2.570410e-02 9.991857e-01 -3.109844e-02 -1.674317e+01 6.507342e-01 6.891323e-03 7.592744e-01 9.626166e+01
7.593569e-01 -3.660421e-02 -6.496440e-01 -1.317659e+02 2.534065e-02 9.993226e-01 -2.668664e-02 -1.675343e+01 6.501808e-01 3.802279e-03 7.597700e-01 9.657992e+01
7.709238e-01 -2.998941e-02 -6.362211e-01 -1.322635e+02 2.144627e-02 9.995467e-01 -2.112847e-02 -1.679695e+01 6.365663e-01 2.643878e-03 7.712175e-01 9.620280e+01
7.762692e-01 -2.872253e-02 -6.297469e-01 -1.329237e+02 2.201133e-02 9.995873e-01 -1.845814e-02 -1.682327e+01 6.300172e-01 4.669154e-04 7.765810e-01 9.698747e+01
7.815993e-01 -2.876809e-02 -6.231170e-01 -1.335143e+02 2.285863e-02 9.995859e-01 -1.747647e-02 -1.684292e+01 6.233618e-01 -5.840109e-04 7.819333e-01 9.768996e+01
7.871968e-01 -2.863614e-02 -6.160367e-01 -1.341651e+02 2.399677e-02 9.995872e-01 -1.580124e-02 -1.687354e+01 6.162348e-01 -2.344201e-03 7.875590e-01 9.848553e+01
7.926401e-01 -3.004315e-02 -6.089492e-01 -1.348001e+02 2.581650e-02 9.995432e-01 -1.570942e-02 -1.689486e+01 6.091430e-01 -3.269014e-03 7.930537e-01 9.926003e+01
7.928366e-01 -3.307575e-02 -6.085360e-01 -1.344066e+02 2.846691e-02 9.994462e-01 -1.723451e-02 -1.688200e+01 6.087690e-01 -3.658989e-03 7.933391e-01 9.972040e+01
7.948003e-01 -3.589532e-02 -6.058085e-01 -1.341945e+02 3.045531e-02 9.993506e-01 -1.925711e-02 -1.688427e+01 6.061063e-01 -3.144533e-03 7.953774e-01 1.001399e+02
8.013853e-01 -3.852564e-02 -5.969065e-01 -1.348239e+02 3.249187e-02 9.992540e-01 -2.087162e-02 -1.691435e+01 5.972654e-01 -2.668401e-03 8.020393e-01 1.009777e+02
8.071664e-01 -3.548247e-02 -5.892566e-01 -1.347124e+02 2.963324e-02 9.993689e-01 -1.958589e-02 -1.693158e+01 5.895798e-01 -1.652511e-03 8.077085e-01 1.011097e+02
8.149575e-01 -3.280649e-02 -5.785914e-01 -1.345055e+02 2.912886e-02 9.994533e-01 -1.564104e-02 -1.694597e+01 5.787882e-01 -4.106928e-03 8.154675e-01 1.013299e+02
8.229046e-01 -2.794827e-02 -5.674918e-01 -1.340889e+02 2.696819e-02 9.995850e-01 -1.012247e-02 -1.697804e+01 5.675392e-01 -6.974395e-03 8.233168e-01 1.017459e+02
8.320601e-01 -2.864842e-02 -5.539451e-01 -1.342008e+02 2.720362e-02 9.995712e-01 -1.083336e-02 -1.697358e+01 5.540180e-01 -6.055303e-03 8.324827e-01 1.018087e+02
8.381361e-01 -3.150021e-02 -5.445508e-01 -1.338086e+02 2.978113e-02 9.994847e-01 -1.197929e-02 -1.694756e+01 5.446475e-01 -6.177058e-03 8.386424e-01 1.021927e+02
8.471077e-01 -3.108704e-02 -5.305111e-01 -1.335892e+02 3.188196e-02 9.994623e-01 -7.658412e-03 -1.697087e+01 5.304640e-01 -1.042624e-02 8.476434e-01 1.024631e+02
8.535141e-01 -2.875076e-02 -5.202760e-01 -1.332103e+02 3.164114e-02 9.994938e-01 -3.325252e-03 -1.694065e+01 5.201082e-01 -1.362397e-02 8.539917e-01 1.033569e+02
8.640433e-01 -2.488032e-02 -5.028023e-01 -1.338139e+02 2.920423e-02 9.995732e-01 7.239757e-04 -1.694521e+01 5.025697e-01 -1.530950e-02 8.644011e-01 1.045143e+02
8.730075e-01 -2.248741e-02 -4.871880e-01 -1.338919e+02 2.960457e-02 9.995378e-01 6.913147e-03 -1.696280e+01 4.868073e-01 -2.045822e-02 8.732698e-01 1.051307e+02
8.816634e-01 -2.383744e-02 -4.712764e-01 -1.343175e+02 3.018786e-02 9.995267e-01 5.918775e-03 -1.694361e+01 4.709122e-01 -1.944519e-02 8.819658e-01 1.060847e+02
8.911378e-01 -2.618437e-02 -4.529767e-01 -1.347427e+02 3.187175e-02 9.994798e-01 4.926028e-03 -1.695257e+01 4.526121e-01 -1.882693e-02 8.915088e-01 1.070212e+02
8.986361e-01 -2.926377e-02 -4.377178e-01 -1.350471e+02 3.524632e-02 9.993632e-01 5.548057e-03 -1.695369e+01 4.372767e-01 -2.041362e-02 8.990953e-01 1.078592e+02
9.063212e-01 -3.367918e-02 -4.212452e-01 -1.350340e+02 4.053784e-02 9.991511e-01 7.334730e-03 -1.693780e+01 4.206406e-01 -2.372399e-02 9.069172e-01 1.077820e+02
9.141650e-01 -3.250200e-02 -4.040372e-01 -1.354616e+02 4.180640e-02 9.990245e-01 1.422556e-02 -1.698076e+01 4.031807e-01 -2.989585e-02 9.146320e-01 1.087699e+02
9.221971e-01 -3.201224e-02 -3.853929e-01 -1.358860e+02 4.142806e-02 9.990110e-01 1.615041e-02 -1.698316e+01 3.844948e-01 -3.085994e-02 9.226112e-01 1.096708e+02
9.301419e-01 -2.486208e-02 -3.663576e-01 -1.362846e+02 3.461155e-02 9.991994e-01 2.006641e-02 -1.699686e+01 3.655654e-01 -3.134482e-02 9.302577e-01 1.106515e+02
9.374683e-01 -2.518174e-02 -3.471584e-01 -1.367166e+02 3.540115e-02 9.991056e-01 2.312559e-02 -1.699325e+01 3.462655e-01 -3.396932e-02 9.375213e-01 1.117775e+02
9.439544e-01 -2.479201e-02 -3.291435e-01 -1.369952e+02 3.476030e-02 9.990969e-01 2.443468e-02 -1.697669e+01 3.282405e-01 -3.450635e-02 9.439637e-01 1.125943e+02
9.504118e-01 -2.401505e-02 -3.100657e-01 -1.373441e+02 3.328710e-02 9.991419e-01 2.464642e-02 -1.696411e+01 3.092077e-01 -3.374543e-02 9.503956e-01 1.133628e+02
9.558001e-01 -2.381908e-02 -2.930508e-01 -1.375631e+02 3.229610e-02 9.991872e-01 2.412175e-02 -1.694672e+01 2.922381e-01 -3.251997e-02 9.557925e-01 1.142094e+02
9.613868e-01 -2.486495e-02 -2.740750e-01 -1.379040e+02 3.233808e-02 9.992173e-01 2.278179e-02 -1.692847e+01 2.732940e-01 -3.076517e-02 9.614384e-01 1.153912e+02
9.665838e-01 -2.437404e-02 -2.551892e-01 -1.382274e+02 3.100577e-02 9.992771e-01 2.199647e-02 -1.691395e+01 2.544686e-01 -2.917377e-02 9.666409e-01 1.165799e+02
9.694754e-01 -2.786261e-02 -2.436004e-01 -1.381618e+02 3.429033e-02 9.991657e-01 2.218496e-02 -1.689596e+01 2.427790e-01 -2.986091e-02 9.696220e-01 1.168885e+02
9.729785e-01 -2.650611e-02 -2.293692e-01 -1.382960e+02 3.200262e-02 9.992821e-01 2.027641e-02 -1.689642e+01 2.286671e-01 -2.706892e-02 9.731283e-01 1.172666e+02
9.761953e-01 -2.970614e-02 -2.148496e-01 -1.383719e+02 3.379712e-02 9.993102e-01 1.539188e-02 -1.687678e+01 2.142441e-01 -2.228678e-02 9.765258e-01 1.176349e+02
