1.000000e+00 0.000000e+00 0.000000e+00 0.000000e+00 0.000000e+00 1.000000e+00 0.000000e+00 0.000000e+00 0.000000e+00 0.000000e+00 1.000000e+00 0.000000e+00
9.998865e-01 4.677993e-04 1.506133e-02 -2.793201e-02 -4.630950e-04 9.999998e-01 -3.158324e-04 -1.919705e-03 -1.506148e-02 3.088217e-04 9.998865e-01 3.126841e-02
9.994271e-01 2.157558e-03 3.377483e-02 -7.569624e-02 -2.162793e-03 9.999977e-01 1.184497e-04 3.730374e-04 -3.377449e-02 -1.914297e-04 9.994295e-01 1.096191e-01
9.982666e-01 2.980926e-03 5.877758e-02 -9.820508e-02 -3.059493e-03 9.999945e-01 1.246742e-03 -4.699890e-04 -5.877354e-02 -1.424411e-03 9.982703e-01 2.233525e-01
9.958355e-01 2.567496e-03 9.113169e-02 -6.451221e-02 -2.851418e-03 9.999915e-01 2.985456e-03 -1.981407e-03 -9.112325e-02 -3.232878e-03 9.958344e-01 3.794957e-01
9.917473e-01 -8.016332e-04 1.282056e-01 3.238472e-02 1.390344e-04 9.999866e-01 5.177117e-03 -2.077791e-03 -1.282080e-01 -5.116567e-03 9.917341e-01 5.381860e-01
9.856744e-01 -3.695957e-03 1.686187e-01 1.487940e-01 2.714404e-03 9.999780e-01 6.051270e-03 -6.401672e-03 -1.686374e-01 -5.506883e-03 9.856628e-01 6.696612e-01
9.774337e-01 -4.202010e-03 2.112005e-01 2.228264e-01 2.770988e-03 9.999712e-01 7.071157e-03 -3.647993e-03 -2.112241e-01 -6.326353e-03 9.774172e-01 8.445648e-01
9.661468e-01 -4.023182e-03 2.579615e-01 2.661010e-01 1.613820e-03 9.999531e-01 9.551064e-03 -1.351245e-04 -2.579878e-01 -8.811426e-03 9.661080e-01 1.047934e+00
9.523035e-01 -7.833361e-03 3.050521e-01 3.962384e-01 2.924730e-03 9.998589e-01 1.654480e-02 3.759252e-03 -3.051386e-01 -1.486347e-02 9.521919e-01 1.275549e+00
9.355994e-01 -1.785488e-02 3.526118e-01 5.388637e-01 9.685135e-03 9.996426e-01 2.492002e-02 -4.788939e-03 -3.529306e-01 -1.990006e-02 9.354379e-01 1.481794e+00
9.151441e-01 -2.387876e-02 4.024190e-01 7.191086e-01 1.288272e-02 9.994666e-01 3.000970e-02 -2.188701e-03 -4.029210e-01 -2.227895e-02 9.149636e-01 1.656780e+00
8.902071e-01 -2.549948e-02 4.548419e-01 9.118801e-01 1.130013e-02 9.993610e-01 3.391009e-02 1.726850e-03 -4.554160e-01 -2.504723e-02 8.899263e-01 1.903928e+00
8.624815e-01 -2.740528e-02 5.053461e-01 1.072684e+00 9.144251e-03 9.992136e-01 3.858145e-02 1.581573e-02 -5.060061e-01 -2.865477e-02 8.620538e-01 2.139354e+00
8.310823e-01 -3.319137e-02 5.551581e-01 1.288047e+00 1.067440e-02 9.989856e-01 4.374682e-02 1.914932e-02 -5.560469e-01 -3.043123e-02 8.305936e-01 2.306731e+00
7.960515e-01 -3.930649e-02 6.039512e-01 1.509398e+00 1.302761e-02 9.987705e-01 4.783087e-02 2.328705e-02 -6.050887e-01 -3.020779e-02 7.955848e-01 2.424881e+00
7.594115e-01 -4.446389e-02 6.490895e-01 1.755122e+00 1.437280e-02 9.985650e-01 5.158798e-02 3.222879e-02 -6.504518e-01 -2.984727e-02 7.589608e-01 2.530211e+00
7.201391e-01 -4.795284e-02 6.921706e-01 2.064524e+00 1.560213e-02 9.984758e-01 5.294077e-02 4.496328e-02 -6.936543e-01 -2.732538e-02 7.197896e-01 2.759372e+00
6.798155e-01 -4.935167e-02 7.317208e-01 2.349054e+00 1.421827e-02 9.984326e-01 5.413064e-02 5.930319e-02 -7.332454e-01 -2.639505e-02 6.794517e-01 2.921364e+00
6.389923e-01 -4.967156e-02 7.676077e-01 2.623154e+00 1.036275e-02 9.983782e-01 5.597819e-02 7.966976e-02 -7.691433e-01 -2.781511e-02 6.384708e-01 3.181163e+00
5.973685e-01 -5.031280e-02 8.003871e-01 2.914000e+00 7.627804e-03 9.983414e-01 5.706332e-02 9.345306e-02 -8.019306e-01 -2.798263e-02 5.967615e-01 3.402076e+00
5.575463e-01 -5.110122e-02 8.285716e-01 3.248345e+00 5.433971e-03 9.983069e-01 5.791292e-02 1.104042e-01 -8.301281e-01 -2.778670e-02 5.568799e-01 3.593318e+00
5.191633e-01 -5.332988e-02 8.530096e-01 3.650234e+00 4.292523e-03 9.982015e-01 5.979469e-02 1.251552e-01 -8.546643e-01 -2.738164e-02 5.184585e-01 3.792674e+00
4.816014e-01 -5.303495e-02 8.747842e-01 4.026762e+00 1.277288e-03 9.982087e-01 5.981453e-02 1.466554e-01 -8.763894e-01 -2.768941e-02 4.808065e-01 4.001091e+00
4.455882e-01 -5.275564e-02 8.936823e-01 4.431753e+00 2.808869e-05 9.982630e-01 5.891521e-02 1.695427e-01 -8.952381e-01 -2.622682e-02 4.448157e-01 4.182642e+00
4.128495e-01 -5.203300e-02 9.093117e-01 4.897474e+00 1.635805e-03 9.984075e-01 5.638858e-02 1.939954e-01 -9.107978e-01 -2.179254e-02 4.122772e-01 4.368613e+00
3.838494e-01 -5.071278e-02 9.220022e-01 5.384618e+00 4.095433e-03 9.985744e-01 5.321947e-02 2.202362e-01 -9.233867e-01 -1.665227e-02 3.835099e-01 4.546279e+00
3.593265e-01 -4.938114e-02 9.319044e-01 5.914655e+00 5.202493e-03 9.986895e-01 5.091405e-02 2.479661e-01 -9.331974e-01 -1.344654e-02 3.591125e-01 4.731850e+00
3.338633e-01 -4.887269e-02 9.413537e-01 6.475650e+00 5.835999e-03 9.987431e-01 4.978238e-02 2.773284e-01 -9.426035e-01 -1.112677e-02 3.337288e-01 4.924725e+00
3.182787e-01 -4.935523e-02 9.467115e-01 7.048150e+00 6.510815e-03 9.987341e-01 4.987844e-02 3.043017e-01 -9.479748e-01 -9.711377e-03 3.181971e-01 5.112955e+00
3.058107e-01 -5.063623e-02 9.507449e-01 7.641382e+00 7.238163e-03 9.986795e-01 5.086103e-02 3.243870e-01 -9.520649e-01 -8.672204e-03 3.057734e-01 5.291414e+00
2.951607e-01 -5.208807e-02 9.540268e-01 8.263471e+00 6.243138e-03 9.985967e-01 5.258998e-02 3.512175e-01 -9.554272e-01 -9.566372e-03 2.950716e-01 5.490323e+00
2.839909e-01 -5.347160e-02 9.573348e-01 8.900139e+00 4.984861e-03 9.985126e-01 5.429283e-02 3.809526e-01 -9.588140e-01 -1.064649e-02 2.838351e-01 5.699637e+00
2.729139e-01 -5.493005e-02 9.604690e-01 9.560488e+00 4.448729e-03 9.984300e-01 5.583699e-02 4.095254e-01 -9.620281e-01 -1.096583e-02 2.727298e-01 5.898790e+00
2.628282e-01 -5.676236e-02 9.631716e-01 1.023930e+01 3.665853e-03 9.983195e-01 5.783340e-02 4.368808e-01 -9.648358e-01 -1.166940e-02 2.625946e-01 6.090899e+00
2.519228e-01 -5.809927e-02 9.660017e-01 1.094901e+01 3.299203e-03 9.982420e-01 5.917794e-02 4.675044e-01 -9.677417e-01 -1.172124e-02 2.516717e-01 6.286403e+00
2.408370e-01 -5.921696e-02 9.687575e-01 1.168279e+01 2.705518e-03 9.981741e-01 6.034251e-02 4.978231e-01 -9.705618e-01 -1.191171e-02 2.405574e-01 6.465825e+00
2.301516e-01 -6.210060e-02 9.711713e-01 1.242238e+01 1.412436e-03 9.979821e-01 6.348026e-02 5.327494e-01 -9.731538e-01 -1.323836e-02 2.297749e-01 6.643459e+00
2.194359e-01 -6.578825e-02 9.734063e-01 1.317910e+01 -9.878799e-04 9.977084e-01 6.765343e-02 5.739353e-01 -9.756265e-01 -1.580720e-02 2.188680e-01 6.813000e+00
2.067882e-01 -6.988710e-02 9.758865e-01 1.395515e+01 -1.077000e-03 9.974287e-01 7.165803e-02 6.140597e-01 -9.783851e-01 -1.586906e-02 2.061812e-01 6.977056e+00
1.944640e-01 -7.213838e-02 9.782535e-01 1.473059e+01 -2.143409e-03 9.972585e-01 7.396594e-02 6.540486e-01 -9.809074e-01 -1.648051e-02 1.937762e-01 7.131540e+00
1.788563e-01 -7.283315e-02 9.811757e-01 1.554075e+01 -3.066216e-03 9.972101e-01 7.458233e-02 6.931629e-01 -9.838704e-01 -1.634802e-02 1.781340e-01 7.274054e+00
1.622729e-01 -7.218280e-02 9.841022e-01 1.634802e+01 -5.109508e-03 9.972459e-01 7.398941e-02 7.355047e-01 -9.867327e-01 -1.703475e-02 1.614571e-01 7.405964e+00
1.497281e-01 -7.169993e-02 9.861240e-01 1.716047e+01 -5.580116e-03 9.972900e-01 7.335906e-02 7.755795e-01 -9.887115e-01 -1.648660e-02 1.489222e-01 7.530828e+00
1.300537e-01 -7.065458e-02 9.889864e-01 1.797556e+01 -8.203076e-03 9.973470e-01 7.233060e-02 8.147098e-01 -9.914731e-01 -1.751960e-02 1.291291e-01 7.632199e+00
1.070794e-01 -6.951574e-02 9.918174e-01 1.879024e+01 -1.208905e-02 9.973880e-01 7.121135e-02 8.565466e-01 -9.941770e-01 -1.961539e-02 1.059593e-01 7.713852e+00
8.421612e-02 -6.932680e-02 9.940330e-01 1.959025e+01 -1.529123e-02 9.973694e-01 7.085499e-02 8.958200e-01 -9.963303e-01 -2.116712e-02 8.293450e-02 7.781477e+00
5.128419e-02 -6.935225e-02 9.962732e-01 2.040341e+01 -1.836213e-02 9.973518e-01 7.037255e-02 9.362526e-01 -9.985152e-01 -2.190269e-02 4.987490e-02 7.818402e+00
1.821560e-02 -6.911622e-02 9.974423e-01 2.122534e+01 -2.014697e-02 9.973799e-01 6.947982e-02 9.740422e-01 -9.996311e-01 -2.136105e-02 1.677543e-02 7.825706e+00
-1.535869e-02 -6.863841e-02 9.975234e-01 2.205408e+01 -2.193418e-02 9.974241e-01 6.829387e-02 1.009214e+00 -9.996415e-01 -2.083096e-02 -1.682472e-02 7.800701e+00
-4.763293e-02 -6.718468e-02 9.966029e-01 2.287848e+01 -2.421963e-02 9.975197e-01 6.608890e-02 1.045282e+00 -9.985713e-01 -2.098934e-02 -4.914200e-02 7.751550e+00
-7.970047e-02 -6.402613e-02 9.947606e-01 2.371225e+01 -2.650359e-02 9.977184e-01 6.209304e-02 1.086771e+00 -9.964665e-01 -2.141588e-02 -8.121550e-02 7.678415e+00
-1.125472e-01 -6.003172e-02 9.918313e-01 2.454284e+01 -2.410126e-02 9.980446e-01 5.767292e-02 1.115425e+00 -9.933541e-01 -1.741346e-02 -1.137739e-01 7.567757e+00
-1.425105e-01 -5.512455e-02 9.882571e-01 2.535188e+01 -2.014508e-02 9.984027e-01 5.278547e-02 1.140135e+00 -9.895883e-01 -1.238604e-02 -1.433934e-01 7.430232e+00
-1.730328e-01 -4.956586e-02 9.836681e-01 2.616258e+01 -1.471638e-02 9.987515e-01 4.773720e-02 1.161943e+00 -9.848062e-01 -6.215934e-03 -1.735462e-01 7.263910e+00
-2.042161e-01 -4.419474e-02 9.779277e-01 2.696015e+01 -9.294001e-03 9.990229e-01 4.320726e-02 1.183509e+00 -9.788817e-01 -2.652407e-04 -2.044274e-01 7.071275e+00
-2.328449e-01 -3.781845e-02 9.717782e-01 2.775840e+01 -9.870809e-04 9.992523e-01 3.865113e-02 1.206853e+00 -9.725133e-01 8.040503e-03 -2.327082e-01 6.855399e+00
-2.600543e-01 -2.785469e-02 9.651921e-01 2.854877e+01 4.989386e-03 9.995317e-01 3.019001e-02 1.212661e+00 -9.655811e-01 1.266676e-02 -2.597935e-01 6.619605e+00
-2.848833e-01 -1.294994e-02 9.584748e-01 2.931907e+01 9.199897e-03 9.998258e-01 1.624307e-02 1.210732e+00 -9.585180e-01 1.344525e-02 -2.847145e-01 6.366913e+00
-3.099008e-01 3.968805e-03 9.507606e-01 3.008953e+01 9.525176e-03 9.999540e-01 -1.069420e-03 1.197965e+00 -9.507211e-01 8.724748e-03 -3.099244e-01 6.107763e+00
-3.353451e-01 1.852980e-02 9.419132e-01 3.085015e+01 8.302815e-03 9.998258e-01 -1.671308e-02 1.177646e+00 -9.420589e-01 2.215881e-03 -3.354406e-01 5.830189e+00
-3.598748e-01 2.937884e-02 9.325379e-01 3.160721e+01 1.115010e-02 9.995682e-01 -2.718764e-02 1.146307e+00 -9.329339e-01 6.137462e-04 -3.600470e-01 5.531773e+00
-3.842529e-01 3.420377e-02 9.225941e-01 3.235518e+01 1.478139e-02 9.994133e-01 -3.089540e-02 1.106730e+00 -9.231095e-01 1.765577e-03 -3.845330e-01 5.213027e+00
-4.068913e-01 3.341468e-02 9.128653e-01 3.310418e+01 1.670215e-02 9.994358e-01 -2.913889e-02 1.068216e+00 -9.133239e-01 3.390446e-03 -4.072199e-01 4.868810e+00
-4.285326e-01 2.977726e-02 9.030356e-01 3.382023e+01 2.048340e-02 9.995201e-01 -2.323847e-02 1.034272e+00 -9.032941e-01 8.538797e-03 -4.289370e-01 4.514805e+00
-4.471209e-01 2.829033e-02 8.940261e-01 3.454165e+01 2.757481e-02 9.994606e-01 -1.783595e-02 1.002202e+00 -8.940485e-01 1.667778e-02 -4.476599e-01 4.138453e+00
-4.610620e-01 2.865620e-02 8.869051e-01 3.524225e+01 3.149789e-02 9.993771e-01 -1.591587e-02 9.638747e-01 -8.868088e-01 2.059744e-02 -4.616774e-01 3.759924e+00
-4.728606e-01 3.166934e-02 8.805681e-01 3.594181e+01 3.464447e-02 9.992494e-01 -1.733378e-02 9.255840e-01 -8.804561e-01 2.231035e-02 -4.736028e-01 3.374947e+00
-4.832178e-01 3.408879e-02 8.748362e-01 3.663178e+01 3.596831e-02 9.991710e-01 -1.906643e-02 8.910608e-01 -8.747610e-01 2.225313e-02 -4.840435e-01 2.983983e+00
-4.938731e-01 3.329720e-02 8.688962e-01 3.732390e+01 2.944754e-02 9.993338e-01 -2.155801e-02 8.503937e-01 -8.690352e-01 1.493993e-02 -4.945247e-01 2.598819e+00
-5.054218e-01 3.226905e-02 8.622689e-01 3.801320e+01 2.785896e-02 9.993898e-01 -2.107096e-02 8.285531e-01 -8.624226e-01 1.337219e-02 -5.060122e-01 2.200076e+00
-5.139452e-01 3.321251e-02 8.571800e-01 3.868820e+01 2.945507e-02 9.993442e-01 -2.106027e-02 7.935007e-01 -8.573173e-01 1.442447e-02 -5.145864e-01 1.782987e+00
-5.215743e-01 3.612990e-02 8.524405e-01 3.936366e+01 3.345431e-02 9.992007e-01 -2.188083e-02 7.567744e-01 -8.525497e-01 1.710533e-02 -5.223662e-01 1.360234e+00
-5.259233e-01 3.900179e-02 8.496373e-01 4.005721e+01 3.362625e-02 9.991205e-01 -2.504911e-02 7.262136e-01 -8.498670e-01 1.539621e-02 -5.267723e-01 9.331779e-01
-5.264589e-01 4.027205e-02 8.492464e-01 4.075557e+01 3.286089e-02 9.990950e-01 -2.700712e-02 6.919907e-01 -8.495654e-01 1.368885e-02 -5.273057e-01 5.022413e-01
-5.234118e-01 4.076415e-02 8.511042e-01 4.147160e+01 3.478849e-02 9.990445e-01 -2.645562e-02 6.595085e-01 -8.513694e-01 1.576145e-02 -5.243298e-01 5.967597e-02
-5.177414e-01 3.962804e-02 8.546189e-01 4.221173e+01 3.354600e-02 9.990988e-01 -2.600477e-02 6.242375e-01 -8.548793e-01 1.520530e-02 -5.186043e-01 -3.804758e-01
-5.106727e-01 3.858427e-02 8.589092e-01 4.297632e+01 3.218253e-02 9.991503e-01 -2.574982e-02 5.924007e-01 -8.591729e-01 1.449214e-02 -5.114805e-01 -8.229032e-01
-5.033549e-01 3.812848e-02 8.632383e-01 4.375912e+01 3.122120e-02 9.991761e-01 -2.592764e-02 5.585373e-01 -8.635157e-01 1.390053e-02 -5.041306e-01 -1.268641e+00
-4.968609e-01 3.714152e-02 8.670351e-01 4.455243e+01 2.949278e-02 9.992293e-01 -2.590331e-02 5.250768e-01 -8.673289e-01 1.270093e-02 -4.975734e-01 -1.712915e+00
-4.921755e-01 3.495536e-02 8.697940e-01 4.536522e+01 2.510776e-02 9.993477e-01 -2.595459e-02 4.886825e-01 -8.701339e-01 9.064370e-03 -4.927320e-01 -2.164611e+00
-4.901663e-01 3.182308e-02 8.710480e-01 4.618285e+01 1.973380e-02 9.994823e-01 -2.541051e-02 4.559195e-01 -8.714058e-01 4.733714e-03 -4.905405e-01 -2.617880e+00
-4.903642e-01 2.983623e-02 8.710067e-01 4.703469e+01 1.763124e-02 9.995489e-01 -2.431329e-02 4.190210e-01 -8.713392e-01 3.434566e-03 -4.906691e-01 -3.086886e+00
-4.911526e-01 2.871151e-02 8.706002e-01 4.788972e+01 1.680252e-02 9.995829e-01 -2.348602e-02 3.843624e-01 -8.709115e-01 3.093054e-03 -4.914303e-01 -3.561208e+00
-4.919477e-01 2.809712e-02 8.701715e-01 4.874681e+01 1.705150e-02 9.995983e-01 -2.263623e-02 3.480842e-01 -8.704579e-01 3.701897e-03 -4.922291e-01 -4.040635e+00
-4.919586e-01 2.729563e-02 8.701907e-01 4.962183e+01 1.684817e-02 9.996197e-01 -2.183045e-02 3.117844e-01 -8.704557e-01 3.921451e-03 -4.922314e-01 -4.529384e+00
-4.920478e-01 2.651372e-02 8.701644e-01 5.050132e+01 1.705545e-02 9.996378e-01 -2.081448e-02 2.760037e-01 -8.704011e-01 4.599333e-03 -4.923217e-01 -5.022017e+00
-4.924371e-01 2.588344e-02 8.699630e-01 5.138645e+01 1.669088e-02 9.996547e-01 -2.029430e-02 2.347623e-01 -8.701879e-01 4.526783e-03 -4.926991e-01 -5.519511e+00
-4.924637e-01 2.465587e-02 8.699836e-01 5.228480e+01 1.558986e-02 9.996881e-01 -1.950697e-02 2.003852e-01 -8.701933e-01 3.956451e-03 -4.926945e-01 -6.017634e+00
-4.926319e-01 2.401542e-02 8.699063e-01 5.318073e+01 1.539039e-02 9.997032e-01 -1.888306e-02 1.598512e-01 -8.701017e-01 4.085801e-03 -4.928553e-01 -6.517952e+00
-4.921062e-01 2.324859e-02 8.702247e-01 5.407796e+01 1.446607e-02 9.997237e-01 -1.852778e-02 1.200313e-01 -8.704150e-01 3.471097e-03 -4.923065e-01 -7.015812e+00
-4.909253e-01 2.170697e-02 8.709312e-01 5.497616e+01 1.406051e-02 9.997568e-01 -1.699220e-02 7.862238e-02 -8.710882e-01 3.903836e-03 -4.911112e-01 -7.513467e+00
-4.891921e-01 1.942845e-02 8.719596e-01 5.586799e+01 1.427223e-02 9.997963e-01 -1.426972e-02 3.900192e-02 -8.720593e-01 5.464176e-03 -4.893698e-01 -8.009223e+00
-4.868089e-01 1.793792e-02 8.733242e-01 5.675859e+01 1.439701e-02 9.998181e-01 -1.251089e-02 1.704911e-05 -8.733898e-01 6.482840e-03 -4.869787e-01 -8.501591e+00
-4.846272e-01 1.719143e-02 8.745520e-01 5.764689e+01 1.408977e-02 9.998305e-01 -1.184633e-02 -3.820987e-02 -8.746074e-01 6.581177e-03 -4.847873e-01 -8.989281e+00
-4.826539e-01 1.709228e-02 8.756445e-01 5.853094e+01 1.432375e-02 9.998299e-01 -1.162112e-02 -7.683706e-02 -8.756942e-01 6.933535e-03 -4.828166e-01 -9.473651e+00
-4.814651e-01 1.716720e-02 8.762972e-01 5.941872e+01 1.406627e-02 9.998307e-01 -1.185886e-02 -1.145369e-01 -8.763525e-01 6.616605e-03 -4.816251e-01 -9.956031e+00
-4.821649e-01 1.807707e-02 8.758940e-01 6.030543e+01 1.336925e-02 9.998225e-01 -1.327522e-02 -1.531628e-01 -8.759785e-01 5.309200e-03 -4.823209e-01 -1.043508e+01
-4.846421e-01 1.952553e-02 8.744945e-01 6.118876e+01 1.198967e-02 9.998052e-01 -1.567880e-02 -1.934466e-01 -8.746303e-01 2.886293e-03 -4.847819e-01 -1.091771e+01
-4.887096e-01 1.991342e-02 8.722193e-01 6.206589e+01 1.095298e-02 9.998007e-01 -1.668919e-02 -2.326061e-01 -8.723778e-01 1.397232e-03 -4.888303e-01 -1.140202e+01
-4.942904e-01 1.835600e-02 8.691031e-01 6.293674e+01 1.093511e-02 9.998292e-01 -1.489783e-02 -2.658255e-01 -8.692281e-01 2.139882e-03 -4.944067e-01 -1.189186e+01
-4.996160e-01 1.573706e-02 8.661041e-01 6.380590e+01 1.379637e-02 9.998527e-01 -1.020878e-02 -3.100353e-01 -8.661372e-01 6.848622e-03 -4.997596e-01 -1.239336e+01
-5.051422e-01 1.365553e-02 8.629281e-01 6.466248e+01 1.121657e-02 9.998943e-01 -9.257000e-03 -3.424597e-01 -8.629633e-01 5.002990e-03 -5.052420e-01 -1.288735e+01
-5.101908e-01 1.524183e-02 8.599262e-01 6.551421e+01 1.183501e-02 9.998727e-01 -1.070065e-02 -3.794879e-01 -8.599799e-01 4.717861e-03 -5.103062e-01 -1.338628e+01
-5.154495e-01 1.719854e-02 8.567475e-01 6.635031e+01 1.215733e-02 9.998447e-01 -1.275683e-02 -4.123743e-01 -8.568338e-01 3.840263e-03 -5.155786e-01 -1.388697e+01
-5.206642e-01 1.729148e-02 8.535866e-01 6.718471e+01 1.082396e-02 9.998482e-01 -1.365205e-02 -4.496866e-01 -8.536930e-01 2.131055e-03 -5.207723e-01 -1.438547e+01
-5.246123e-01 1.746892e-02 8.511620e-01 6.801754e+01 1.006083e-02 9.998469e-01 -1.431949e-02 -4.850326e-01 -8.512818e-01 1.051215e-03 -5.247078e-01 -1.488573e+01
-5.280915e-01 1.614975e-02 8.490341e-01 6.884644e+01 1.003918e-02 9.998680e-01 -1.277453e-02 -5.210645e-01 -8.491284e-01 1.777490e-03 -5.281839e-01 -1.539249e+01
-5.310346e-01 9.487340e-03 8.472971e-01 6.967052e+01 1.146643e-02 9.999262e-01 -4.009891e-03 -5.513183e-01 -8.472727e-01 7.586086e-03 -5.311041e-01 -1.590110e+01
-5.330948e-01 1.474356e-03 8.460544e-01 7.049396e+01 1.183738e-02 9.999136e-01 5.716199e-03 -5.748265e-01 -8.459728e-01 1.306234e-02 -5.330662e-01 -1.641794e+01
-5.350469e-01 -1.636888e-03 8.448208e-01 7.130610e+01 1.191713e-02 9.998840e-01 9.484762e-03 -5.937284e-01 -8.447383e-01 1.514263e-02 -5.349653e-01 -1.692855e+01
-5.362628e-01 3.028030e-03 8.440457e-01 7.210780e+01 1.199688e-02 9.999199e-01 4.034961e-03 -6.119597e-01 -8.439658e-01 1.228971e-02 -5.362561e-01 -1.743200e+01
-5.374227e-01 8.090479e-03 8.432742e-01 7.290761e+01 1.238471e-02 9.999219e-01 -1.700544e-03 -6.331437e-01 -8.432221e-01 9.529795e-03 -5.374808e-01 -1.794198e+01
-5.381490e-01 1.288829e-02 8.427511e-01 7.370101e+01 1.828484e-02 9.998263e-01 -3.614446e-03 -6.513769e-01 -8.426514e-01 1.346446e-02 -5.382912e-01 -1.845427e+01
-5.381156e-01 1.364438e-02 8.427606e-01 7.449561e+01 2.160775e-02 9.997637e-01 -2.389395e-03 -6.745731e-01 -8.425940e-01 1.692439e-02 -5.382832e-01 -1.897138e+01
-5.377365e-01 1.106848e-02 8.430404e-01 7.529240e+01 2.160707e-02 9.997663e-01 6.559771e-04 -6.953518e-01 -8.428362e-01 1.856837e-02 -5.378500e-01 -1.948286e+01
-5.373851e-01 6.197114e-03 8.433142e-01 7.609166e+01 1.990653e-02 9.997876e-01 5.338077e-03 -7.070581e-01 -8.431020e-01 1.965606e-02 -5.373944e-01 -1.998785e+01
-5.365677e-01 1.426768e-04 8.438575e-01 7.689482e+01 1.831074e-02 9.997665e-01 1.147386e-02 -7.182483e-01 -8.436587e-01 2.160815e-02 -5.364450e-01 -2.049334e+01
-5.362573e-01 -6.064400e-03 8.440328e-01 7.769057e+01 9.950455e-03 9.998593e-01 1.350605e-02 -7.297322e-01 -8.439960e-01 1.564123e-02 -5.361215e-01 -2.098437e+01
-5.348206e-01 -1.106030e-02 8.448933e-01 7.848815e+01 2.328806e-03 9.998912e-01 1.456348e-02 -7.292917e-01 -8.449624e-01 9.756440e-03 -5.347366e-01 -2.146900e+01
-5.331467e-01 -1.096493e-02 8.459517e-01 7.927866e+01 5.107468e-03 9.998561e-01 1.617868e-02 -7.363524e-01 -8.460073e-01 1.294628e-02 -5.330141e-01 -2.196481e+01
-5.308603e-01 -8.185755e-03 8.474199e-01 8.006686e+01 9.911153e-03 9.998250e-01 1.586670e-02 -7.488592e-01 -8.474014e-01 1.682191e-02 -5.306863e-01 -2.245658e+01
-5.261946e-01 -5.132763e-03 8.503487e-01 8.085862e+01 1.174393e-02 9.998425e-01 1.330224e-02 -7.571342e-01 -8.502831e-01 1.698600e-02 -5.260514e-01 -2.294624e+01
-5.192349e-01 -3.615686e-03 8.546242e-01 8.164732e+01 1.600204e-02 9.997746e-01 1.395197e-02 -7.673586e-01 -8.544819e-01 2.092007e-02 -5.190600e-01 -2.342836e+01
-5.116844e-01 -1.732683e-03 8.591716e-01 8.243976e+01 2.267714e-02 9.996223e-01 1.552143e-02 -7.845021e-01 -8.588741e-01 2.742563e-02 -5.114520e-01 -2.390646e+01
-5.017570e-01 -2.472123e-03 8.650051e-01 8.324036e+01 2.115209e-02 9.996618e-01 1.512649e-02 -7.911774e-01 -8.647500e-01 2.588649e-02 -5.015351e-01 -2.436733e+01
-4.913462e-01 -5.238081e-03 8.709486e-01 8.404881e+01 1.817064e-02 9.997026e-01 1.626342e-02 -7.923353e-01 -8.707747e-01 2.381667e-02 -4.911050e-01 -2.481389e+01
-4.799529e-01 -8.364931e-03 8.772542e-01 8.486057e+01 1.920972e-02 9.996146e-01 2.004147e-02 -7.978193e-01 -8.770838e-01 2.647078e-02 -4.796073e-01 -2.525313e+01
-4.688214e-01 -9.862587e-03 8.832380e-01 8.567724e+01 1.896257e-02 9.995948e-01 2.122718e-02 -8.033341e-01 -8.830895e-01 2.670021e-02 -4.684443e-01 -2.568145e+01
-4.574658e-01 -1.114709e-02 8.891574e-01 8.650152e+01 1.872330e-02 9.995790e-01 2.216443e-02 -8.029873e-01 -8.890300e-01 2.678743e-02 -4.570645e-01 -2.609808e+01
-4.453397e-01 -1.008604e-02 8.953050e-01 8.732495e+01 2.166324e-02 9.995224e-01 2.203577e-02 -8.052728e-01 -8.950997e-01 2.920861e-02 -4.449086e-01 -2.650468e+01
-4.331827e-01 -7.301894e-03 9.012768e-01 8.815207e+01 2.159160e-02 9.995961e-01 1.847607e-02 -8.130932e-01 -9.010476e-01 2.746352e-02 -4.328501e-01 -2.689555e+01
-4.217917e-01 1.691432e-03 9.066914e-01 8.898030e+01 2.408046e-02 9.996664e-01 9.337321e-03 -8.203399e-01 -9.063731e-01 2.577194e-02 -4.216918e-01 -2.727723e+01
-4.089910e-01 6.696956e-03 9.125139e-01 8.981718e+01 2.457974e-02 9.996911e-01 3.679951e-03 -8.304614e-01 -9.122074e-01 2.393442e-02 -4.090292e-01 -2.764591e+01
-3.970532e-01 3.811141e-03 9.177877e-01 9.066514e+01 2.348847e-02 9.997060e-01 6.010273e-03 -8.370547e-01 -9.174951e-01 2.394383e-02 -3.970261e-01 -2.800379e+01
-3.848559e-01 -3.286423e-04 9.229769e-01 9.151709e+01 2.411694e-02 9.996549e-01 1.041204e-02 -8.569067e-01 -9.226618e-01 2.626650e-02 -3.847151e-01 -2.835102e+01
-3.743854e-01 -2.149008e-04 9.272734e-01 9.236897e+01 2.207370e-02 9.997146e-01 9.143908e-03 -8.717765e-01 -9.270107e-01 2.389169e-02 -3.742737e-01 -2.868231e+01
-3.667793e-01 4.016770e-03 9.302993e-01 9.321732e+01 1.848629e-02 9.998247e-01 2.971435e-03 -8.884459e-01 -9.301243e-01 1.828765e-02 -3.667892e-01 -2.900533e+01
-3.607191e-01 9.102635e-03 9.326301e-01 9.407089e+01 1.230639e-02 9.999118e-01 -4.999498e-03 -9.036650e-01 -9.325933e-01 9.673900e-03 -3.607992e-01 -2.932183e+01
-3.567705e-01 1.107852e-02 9.341263e-01 9.492435e+01 8.689771e-03 9.999258e-01 -8.540004e-03 -9.281874e-01 -9.341516e-01 5.070523e-03 -3.568403e-01 -2.963626e+01
-3.533696e-01 1.046211e-02 9.354253e-01 9.576476e+01 7.642782e-03 9.999364e-01 -8.296461e-03 -9.526424e-01 -9.354526e-01 4.217536e-03 -3.534271e-01 -2.994479e+01
-3.481598e-01 9.451001e-03 9.373876e-01 9.662259e+01 6.041380e-03 9.999510e-01 -7.837923e-03 -9.807791e-01 -9.374157e-01 2.934264e-03 -3.481998e-01 -3.025540e+01
-3.429325e-01 5.957937e-03 9.393414e-01 9.746744e+01 4.874249e-03 9.999777e-01 -4.563056e-03 -1.003007e+00 -9.393476e-01 3.013763e-03 -3.429538e-01 -3.055736e+01
-3.372613e-01 1.994906e-03 9.414091e-01 9.832693e+01 4.643013e-03 9.999891e-01 -4.556747e-04 -1.025987e+00 -9.413998e-01 4.217293e-03 -3.372669e-01 -3.086041e+01
-3.314785e-01 -1.151477e-03 9.434621e-01 9.918489e+01 2.903282e-03 9.999933e-01 2.240520e-03 -1.047903e+00 -9.434583e-01 3.481820e-03 -3.314729e-01 -3.115494e+01
-3.257320e-01 -2.977912e-03 9.454575e-01 1.000353e+02 -2.798300e-03 9.999937e-01 2.185606e-03 -1.069341e+00 -9.454581e-01 -1.933752e-03 -3.257383e-01 -3.143335e+01
-3.192145e-01 -3.635513e-03 9.476755e-01 1.008885e+02 -1.338619e-02 9.999102e-01 -6.730985e-04 -1.083902e+00 -9.475879e-01 -1.290063e-02 -3.192345e-01 -3.169794e+01
-3.126355e-01 -6.367848e-04 9.498730e-01 1.017353e+02 -1.180585e-02 9.999251e-01 -3.215367e-03 -1.108450e+00 -9.497998e-01 -1.221930e-02 -3.126196e-01 -3.197164e+01
-3.060145e-01 2.896160e-03 9.520225e-01 1.025839e+02 -9.646440e-03 9.999346e-01 -6.142631e-03 -1.133945e+00 -9.519780e-01 -1.106336e-02 -3.059666e-01 -3.224037e+01
-2.992079e-01 1.002138e-03 9.541874e-01 1.034387e+02 -1.086982e-02 9.999310e-01 -4.458667e-03 -1.151211e+00 -9.541260e-01 -1.170591e-02 -2.991763e-01 -3.250163e+01
-2.924494e-01 -3.771694e-03 9.562736e-01 1.042966e+02 -1.115150e-02 9.999377e-01 5.335389e-04 -1.168520e+00 -9.562160e-01 -1.050785e-02 -2.924732e-01 -3.275607e+01
-2.854217e-01 -6.662134e-03 9.583789e-01 1.051551e+02 -1.157444e-02 9.999269e-01 3.503887e-03 -1.186675e+00 -9.583322e-01 -1.009261e-02 -2.854780e-01 -3.300461e+01
-2.790353e-01 -4.500912e-03 9.602703e-01 1.060109e+02 -1.381878e-02 9.999043e-01 6.712228e-04 -1.206627e+00 -9.601814e-01 -1.308246e-02 -2.790707e-01 -3.324427e+01
-2.728882e-01 -1.718869e-03 9.620444e-01 1.068686e+02 -1.403830e-02 9.998990e-01 -2.195523e-03 -1.227265e+00 -9.619435e-01 -1.410460e-02 -2.728847e-01 -3.347984e+01
-2.659912e-01 -1.075757e-03 9.639749e-01 1.077238e+02 -1.549176e-02 9.998750e-01 -3.158846e-03 -1.246421e+00 -9.638510e-01 -1.577389e-02 -2.659746e-01 -3.370543e+01
-2.593112e-01 -2.537590e-03 9.657905e-01 1.085853e+02 -1.622014e-02 9.998670e-01 -1.727924e-03 -1.267676e+00 -9.656576e-01 -1.611333e-02 -2.593179e-01 -3.392744e+01
-2.515386e-01 -3.164320e-03 9.678422e-01 1.094399e+02 -1.365863e-02 9.999067e-01 -2.806731e-04 -1.288803e+00 -9.677510e-01 -1.329000e-02 -2.515583e-01 -3.414643e+01
-2.438693e-01 -2.662043e-03 9.698045e-01 1.102992e+02 -9.831996e-03 9.999516e-01 2.724188e-04 -1.311173e+00 -9.697583e-01 -9.468678e-03 -2.438836e-01 -3.436222e+01
-2.372253e-01 -2.519162e-03 9.714516e-01 1.111649e+02 -8.299595e-03 9.999654e-01 5.663713e-04 -1.328643e+00 -9.714194e-01 -7.928295e-03 -2.372379e-01 -3.457234e+01
-2.301730e-01 -3.691585e-03 9.731427e-01 1.120284e+02 -1.425314e-02 9.998983e-01 4.218514e-04 -1.341768e+00 -9.730453e-01 -1.377324e-02 -2.302022e-01 -3.476385e+01
-2.241532e-01 -6.231466e-03 9.745341e-01 1.128955e+02 -1.923402e-02 9.998131e-01 1.969081e-03 -1.359404e+00 -9.743642e-01 -1.830283e-02 -2.242311e-01 -3.494935e+01
-2.198629e-01 -6.627809e-03 9.755083e-01 1.137677e+02 -1.640910e-02 9.998606e-01 3.094932e-03 -1.374929e+00 -9.753928e-01 -1.532675e-02 -2.199410e-01 -3.514346e+01
-2.151874e-01 -7.118286e-03 9.765468e-01 1.146267e+02 -1.525936e-02 9.998758e-01 3.925854e-03 -1.392444e+00 -9.764536e-01 -1.405668e-02 -2.152693e-01 -3.533047e+01
-2.108935e-01 -6.282005e-03 9.774888e-01 1.154923e+02 -1.469560e-02 9.998867e-01 3.255370e-03 -1.408236e+00 -9.773986e-01 -1.367825e-02 -2.109619e-01 -3.551419e+01
-2.051636e-01 -7.633862e-03 9.786979e-01 1.163537e+02 -1.009845e-02 9.999329e-01 5.682565e-03 -1.422104e+00 -9.786756e-01 -8.717479e-03 -2.052269e-01 -3.569870e+01
-1.999571e-01 -9.208718e-03 9.797614e-01 1.172179e+02 -3.094056e-03 9.999568e-01 8.767076e-03 -1.437955e+00 -9.797998e-01 -1.278398e-03 -1.999770e-01 -3.588338e+01
-1.952717e-01 -1.067513e-02 9.806911e-01 1.180893e+02 -2.182992e-04 9.999412e-01 1.084120e-02 -1.453366e+00 -9.807491e-01 1.902896e-03 -1.952626e-01 -3.606121e+01
-1.909760e-01 -9.466385e-03 9.815490e-01 1.189476e+02 -1.723838e-03 9.999552e-01 9.308498e-03 -1.460756e+00 -9.815931e-01 8.567004e-05 -1.909839e-01 -3.622103e+01
-1.873034e-01 -7.916879e-03 9.822702e-01 1.198101e+02 -3.485567e-03 9.999666e-01 7.394866e-03 -1.470508e+00 -9.822960e-01 -2.038686e-03 -1.873248e-01 -3.637921e+01
-1.852938e-01 -8.983818e-03 9.826421e-01 1.206798e+02 -5.151255e-03 9.999533e-01 8.170730e-03 -1.480649e+00 -9.826697e-01 -3.547854e-03 -1.853315e-01 -3.653642e+01
-1.841655e-01 -1.044600e-02 9.828397e-01 1.215401e+02 -6.157872e-03 9.999362e-01 9.473837e-03 -1.492009e+00 -9.828759e-01 -4.307447e-03 -1.842180e-01 -3.669134e+01
-1.833838e-01 -1.485397e-02 9.829291e-01 1.224169e+02 -4.812996e-03 9.998874e-01 1.421229e-02 -1.499761e+00 -9.830296e-01 -2.124529e-03 -1.834346e-01 -3.685291e+01
-1.823378e-01 -2.039840e-02 9.830244e-01 1.232749e+02 -5.506941e-03 9.997903e-01 1.972484e-02 -1.505400e+00 -9.832206e-01 -1.816876e-03 -1.824118e-01 -3.700462e+01
-1.815850e-01 -2.322600e-02 9.831009e-01 1.241327e+02 -4.829115e-03 9.997301e-01 2.272689e-02 -1.509117e+00 -9.833634e-01 -6.206436e-04 -1.816481e-01 -3.715982e+01
-1.807697e-01 -1.952266e-02 9.833317e-01 1.249906e+02 -6.077594e-03 9.998060e-01 1.873247e-02 -1.516013e+00 -9.835067e-01 -2.590030e-03 -1.808532e-01 -3.731440e+01
-1.805874e-01 -1.613291e-02 9.834266e-01 1.258312e+02 -6.539255e-03 9.998631e-01 1.520174e-02 -1.522917e+00 -9.835372e-01 -3.685635e-03 -1.806681e-01 -3.746401e+01
-1.805377e-01 -1.719775e-02 9.834177e-01 1.266815e+02 -9.122710e-03 9.998334e-01 1.581006e-02 -1.521148e+00 -9.835258e-01 -6.117125e-03 -1.806645e-01 -3.761486e+01
-1.803110e-01 -1.859337e-02 9.834339e-01 1.275346e+02 -1.118240e-02 9.997954e-01 1.685244e-02 -1.527814e+00 -9.835461e-01 -7.958476e-03 -1.804819e-01 -3.776451e+01
-1.796455e-01 -1.906824e-02 9.835466e-01 1.283666e+02 -7.393544e-03 9.998100e-01 1.803311e-02 -1.534805e+00 -9.837036e-01 -4.032325e-03 -1.797525e-01 -3.791973e+01
-1.790149e-01 -1.667583e-02 9.837050e-01 1.292150e+02 -8.125898e-03 9.998473e-01 1.547072e-02 -1.541754e+00 -9.838128e-01 -5.223999e-03 -1.791230e-01 -3.806987e+01
-1.785920e-01 -1.520712e-02 9.838057e-01 1.300440e+02 -1.655166e-02 9.997855e-01 1.244947e-02 -1.537200e+00 -9.837840e-01 -1.406024e-02 -1.788054e-01 -3.820552e+01
-1.778692e-01 -1.411148e-02 9.839529e-01 1.308750e+02 -2.154030e-02 9.997134e-01 1.044367e-02 -1.539651e+00 -9.838184e-01 -1.933704e-02 -1.781222e-01 -3.834298e+01
-1.778331e-01 -1.102134e-02 9.839991e-01 1.317091e+02 -2.108439e-02 9.997504e-01 7.387298e-03 -1.553284e+00 -9.838349e-01 -1.943331e-02 -1.780211e-01 -3.848869e+01
-1.770710e-01 -1.047062e-02 9.841425e-01 1.325396e+02 -1.934608e-02 9.997872e-01 7.156245e-03 -1.565553e+00 -9.840081e-01 -1.777214e-02 -1.772358e-01 -3.863556e+01
-1.754234e-01 -9.381640e-03 9.844484e-01 1.333709e+02 -1.929748e-02 9.997953e-01 6.089185e-03 -1.578524e+00 -9.843039e-01 -1.792919e-02 -1.755686e-01 -3.877872e+01
-1.734819e-01 -1.068393e-02 9.847791e-01 1.341925e+02 -1.448164e-02 9.998607e-01 8.296422e-03 -1.586555e+00 -9.847306e-01 -1.282194e-02 -1.736125e-01 -3.892856e+01
-1.707352e-01 -1.395237e-02 9.852182e-01 1.350140e+02 -8.801026e-03 9.998814e-01 1.263484e-02 -1.600191e+00 -9.852777e-01 -6.513720e-03 -1.708378e-01 -3.907531e+01
-1.687419e-01 -1.923412e-02 9.854726e-01 1.358198e+02 -4.734296e-03 9.998139e-01 1.870338e-02 -1.606981e+00 -9.856489e-01 -1.509476e-03 -1.688017e-01 -3.922001e+01
-1.648293e-01 -2.019201e-02 9.861156e-01 1.366364e+02 -1.942509e-03 9.997951e-01 2.014743e-02 -1.610763e+00 -9.863204e-01 1.405345e-03 -1.648347e-01 -3.935496e+01
-1.598563e-01 -1.607291e-02 9.870094e-01 1.374387e+02 -3.526814e-03 9.998704e-01 1.571114e-02 -1.624831e+00 -9.871340e-01 -9.694733e-04 -1.598923e-01 -3.948098e+01
-1.535709e-01 -1.299785e-02 9.880521e-01 1.382294e+02 -1.701267e-03 9.999155e-01 1.288949e-02 -1.630832e+00 -9.881362e-01 2.985108e-04 -1.535801e-01 -3.960184e+01
-1.457856e-01 -1.247772e-02 9.892375e-01 1.390209e+02 -3.797354e-03 9.999201e-01 1.205284e-02 -1.636505e+00 -9.893090e-01 -1.999354e-03 -1.458213e-01 -3.971358e+01
-1.364262e-01 -1.644633e-02 9.905139e-01 1.398155e+02 -1.633910e-03 9.998646e-01 1.637655e-02 -1.640108e+00 -9.906490e-01 6.157774e-04 -1.364346e-01 -3.982084e+01
-1.251498e-01 -1.873214e-02 9.919609e-01 1.406069e+02 3.502779e-03 9.998072e-01 1.932223e-02 -1.648060e+00 -9.921317e-01 5.892795e-03 -1.250601e-01 -3.992139e+01
-1.119455e-01 -1.650552e-02 9.935775e-01 1.413951e+02 6.432030e-03 9.998291e-01 1.733406e-02 -1.652377e+00 -9.936937e-01 8.331187e-03 -1.118202e-01 -4.001105e+01
-9.781051e-02 -1.527292e-02 9.950879e-01 1.421830e+02 7.200190e-03 9.998452e-01 1.605367e-02 -1.655000e+00 -9.951791e-01 8.735038e-03 -9.768546e-02 -4.008628e+01
-8.409643e-02 -1.576142e-02 9.963331e-01 1.429702e+02 8.583162e-03 9.998264e-01 1.654115e-02 -1.658545e+00 -9.964208e-01 9.942737e-03 -8.394659e-02 -4.014867e+01
-7.056093e-02 -1.454962e-02 9.974014e-01 1.437543e+02 1.071961e-02 9.998248e-01 1.534333e-02 -1.664776e+00 -9.974499e-01 1.177439e-02 -7.039261e-02 -4.020070e+01
-5.659175e-02 -8.892124e-03 9.983578e-01 1.445350e+02 9.901659e-03 9.999062e-01 9.467189e-03 -1.677577e+00 -9.983483e-01 1.042116e-02 -5.649841e-02 -4.023852e+01
-4.345024e-02 2.746157e-04 9.990556e-01 1.453062e+02 3.429140e-03 9.999941e-01 -1.257359e-04 -1.688238e+00 -9.990497e-01 3.420438e-03 -4.345095e-02 -4.025660e+01
-2.976203e-02 8.791209e-03 9.995185e-01 1.460759e+02 -2.662887e-03 9.999571e-01 -8.874359e-03 -1.703735e+00 -9.995537e-01 -2.925721e-03 -2.973723e-02 -4.026458e+01
-1.639712e-02 9.755284e-03 9.998180e-01 1.468448e+02 -2.929298e-03 9.999477e-01 -9.804590e-03 -1.720399e+00 -9.998613e-01 -3.089531e-03 -1.636767e-02 -4.027022e+01
-4.385710e-03 5.855849e-03 9.999732e-01 1.476133e+02 -3.963299e-03 9.999749e-01 -5.873242e-03 -1.740346e+00 -9.999825e-01 -3.988951e-03 -4.362345e-03 -4.026312e+01
6.636441e-03 3.219911e-03 9.999728e-01 1.483788e+02 -5.707072e-03 9.999787e-01 -3.182054e-03 -1.759881e+00 -9.999617e-01 -5.685800e-03 6.654680e-03 -4.024644e+01
1.586378e-02 9.147324e-03 9.998323e-01 1.491340e+02 -9.542093e-03 9.999140e-01 -8.996673e-03 -1.786817e+00 -9.998286e-01 -9.397771e-03 1.594967e-02 -4.022116e+01
2.280146e-02 1.802731e-02 9.995775e-01 1.498873e+02 -1.524896e-02 9.997274e-01 -1.768217e-02 -1.807395e+00 -9.996238e-01 -1.483934e-02 2.307016e-02 -4.019444e+01
2.680647e-02 2.140705e-02 9.994114e-01 1.506395e+02 -1.921842e-02 9.995970e-01 -2.089554e-02 -1.828924e+00 -9.994559e-01 -1.864697e-02 2.720708e-02 -4.016606e+01
2.729768e-02 1.728481e-02 9.994779e-01 1.513918e+02 -2.144718e-02 9.996305e-01 -1.670169e-02 -1.851525e+00 -9.993972e-01 -2.098007e-02 2.765828e-02 -4.013802e+01
2.570802e-02 1.165413e-02 9.996015e-01 1.521401e+02 -1.914388e-02 9.997544e-01 -1.116357e-02 -1.885859e+00 -9.994861e-01 -1.884926e-02 2.592480e-02 -4.011479e+01
2.286983e-02 9.261768e-03 9.996955e-01 1.528867e+02 -1.854021e-02 9.997891e-01 -8.838492e-03 -1.903956e+00 -9.995666e-01 -1.833244e-02 2.303672e-02 -4.009631e+01
1.983666e-02 9.057470e-03 9.997623e-01 1.536322e+02 -1.758594e-02 9.998074e-01 -8.708946e-03 -1.923473e+00 -9.996487e-01 -1.740900e-02 1.999217e-02 -4.007985e+01
1.613319e-02 9.036324e-03 9.998291e-01 1.543756e+02 -1.614393e-02 9.998311e-01 -8.775847e-03 -1.945827e+00 -9.997395e-01 -1.599958e-02 1.627636e-02 -4.006770e+01
1.159316e-02 7.390283e-03 9.999055e-01 1.551176e+02 -1.610829e-02 9.998443e-01 -7.203067e-03 -1.967672e+00 -9.998031e-01 -1.602326e-02 1.171041e-02 -4.005643e+01
6.351352e-03 7.131443e-03 9.999545e-01 1.558541e+02 -1.736480e-02 9.998246e-01 -7.020222e-03 -1.986307e+00 -9.998291e-01 -1.731942e-02 6.474078e-03 -4.004802e+01
6.509423e-04 5.405224e-03 9.999852e-01 1.565900e+02 -1.810584e-02 9.998215e-01 -5.392555e-03 -2.001288e+00 -9.998358e-01 -1.810206e-02 7.486939e-04 -4.004349e+01
-5.260587e-03 2.735470e-03 9.999824e-01 1.573250e+02 -1.675922e-02 9.998556e-01 -2.823287e-03 -2.019086e+00 -9.998457e-01 -1.677377e-02 -5.213976e-03 -4.004690e+01
-1.074839e-02 2.054586e-03 9.999402e-01 1.580530e+02 -1.689330e-02 9.998548e-01 -2.235996e-03 -2.036982e+00 -9.997996e-01 -1.691632e-02 -1.071215e-02 -4.005235e+01
-1.602674e-02 3.008186e-03 9.998670e-01 1.587811e+02 -1.796770e-02 9.998331e-01 -3.296086e-03 -2.052898e+00 -9.997101e-01 -1.801813e-02 -1.596999e-02 -4.005938e+01
-2.051580e-02 5.104213e-03 9.997765e-01 1.595016e+02 -1.903057e-02 9.998038e-01 -5.494868e-03 -2.071691e+00 -9.996084e-01 -1.913904e-02 -2.041471e-02 -4.006847e+01
-2.348900e-02 6.916716e-03 9.997003e-01 1.602164e+02 -1.948003e-02 9.997830e-01 -7.374990e-03 -2.092894e+00 -9.995345e-01 -1.964742e-02 -2.334917e-02 -4.008274e+01
-2.533948e-02 8.382131e-03 9.996437e-01 1.609269e+02 -1.796126e-02 9.997996e-01 -8.838730e-03 -2.113595e+00 -9.995175e-01 -1.817883e-02 -2.518392e-02 -4.009948e+01
-2.535880e-02 6.684486e-03 9.996560e-01 1.616369e+02 -1.491149e-02 9.998639e-01 -7.064144e-03 -2.132340e+00 -9.995672e-01 -1.508550e-02 -2.525556e-02 -4.011946e+01
-2.243352e-02 2.982268e-03 9.997440e-01 1.623424e+02 -1.179905e-02 9.999251e-01 -3.247570e-03 -2.149715e+00 -9.996788e-01 -1.186888e-02 -2.239656e-02 -4.013676e+01
-1.589942e-02 2.114945e-03 9.998714e-01 1.630464e+02 -9.985903e-03 9.999475e-01 -2.273896e-03 -2.170088e+00 -9.998237e-01 -1.002077e-02 -1.587749e-02 -4.014638e+01
-5.816936e-03 3.032231e-03 9.999785e-01 1.637475e+02 -7.239987e-03 9.999691e-01 -3.074318e-03 -2.190118e+00 -9.999569e-01 -7.257714e-03 -5.794764e-03 -4.014865e+01
8.216977e-03 3.296208e-03 9.999608e-01 1.644312e+02 -4.133351e-03 9.999861e-01 -3.262327e-03 -2.205706e+00 -9.999577e-01 -4.106383e-03 8.230507e-03 -4.014005e+01
2.321410e-02 1.098573e-03 9.997299e-01 1.651157e+02 -4.322488e-03 9.999902e-01 -9.984890e-04 -2.217356e+00 -9.997212e-01 -4.298141e-03 2.321857e-02 -4.011708e+01
3.921652e-02 -3.570019e-03 9.992244e-01 1.658094e+02 -8.139949e-03 9.999593e-01 3.892113e-03 -2.227797e+00 -9.991975e-01 -8.286270e-03 3.918582e-02 -4.007231e+01
5.577183e-02 -1.009198e-02 9.983925e-01 1.664813e+02 -8.930888e-03 9.999039e-01 1.060615e-02 -2.236465e+00 -9.984036e-01 -9.508057e-03 5.567634e-02 -4.002247e+01
7.256478e-02 -1.746055e-02 9.972109e-01 1.671526e+02 -8.574503e-03 9.997989e-01 1.812981e-02 -2.240090e+00 -9.973269e-01 -9.866172e-03 7.240045e-02 -3.996505e+01
8.974075e-02 -2.534214e-02 9.956427e-01 1.678277e+02 -7.625552e-03 9.996294e-01 2.613093e-02 -2.238664e+00 -9.959360e-01 -9.937334e-03 8.951426e-02 -3.989427e+01
1.071832e-01 -3.139563e-02 9.937435e-01 1.684817e+02 -8.538418e-03 9.994354e-01 3.249640e-02 -2.234871e+00 -9.942027e-01 -1.196807e-02 1.068546e-01 -3.981151e+01
1.247095e-01 -3.406281e-02 9.916084e-01 1.691365e+02 -8.374311e-03 9.993388e-01 3.538154e-02 -2.231001e+00 -9.921579e-01 -1.271645e-02 1.243418e-01 -3.971824e+01
1.425490e-01 -3.526840e-02 9.891592e-01 1.697726e+02 -7.377584e-03 9.992993e-01 3.669313e-02 -2.222765e+00 -9.897602e-01 -1.252818e-02 1.421890e-01 -3.961800e+01
1.600371e-01 -3.610926e-02 9.864504e-01 1.704082e+02 -7.822739e-03 9.992529e-01 3.784703e-02 -2.211131e+00 -9.870801e-01 -1.377368e-02 1.596351e-01 -3.950373e+01
1.763449e-01 -3.690345e-02 9.836364e-01 1.710437e+02 -1.096094e-02 9.991614e-01 3.945097e-02 -2.196084e+00 -9.842674e-01 -1.773855e-02 1.757926e-01 -3.937598e+01
1.904405e-01 -4.053573e-02 9.808614e-01 1.716586e+02 -1.307309e-02 9.989538e-01 4.382165e-02 -2.180301e+00 -9.816116e-01 -2.116830e-02 1.897113e-01 -3.923961e+01
2.024750e-01 -4.483406e-02 9.782606e-01 1.722771e+02 -8.940659e-03 9.988252e-01 4.762703e-02 -2.166555e+00 -9.792466e-01 -1.838958e-02 2.018363e-01 -3.910735e+01
2.132251e-01 -4.666289e-02 9.758881e-01 1.728966e+02 -5.660808e-03 9.987830e-01 4.899447e-02 -2.152894e+00 -9.769868e-01 -1.597117e-02 2.127014e-01 -3.896917e+01
2.232636e-01 -4.305760e-02 9.738066e-01 1.734988e+02 -8.280326e-03 9.989041e-01 4.606573e-02 -2.138401e+00 -9.747229e-01 -1.834823e-02 2.226624e-01 -3.881712e+01
2.324288e-01 -3.668287e-02 9.719214e-01 1.740949e+02 -1.192166e-02 9.991060e-01 4.055988e-02 -2.126768e+00 -9.725403e-01 -2.101421e-02 2.317837e-01 -3.865983e+01
2.416691e-01 -2.670179e-02 9.699913e-01 1.746780e+02 -1.231996e-02 9.994563e-01 3.058237e-02 -2.116577e+00 -9.702805e-01 -1.934107e-02 2.412087e-01 -3.850546e+01
2.495953e-01 -2.016127e-02 9.681403e-01 1.752596e+02 -7.629112e-03 9.997113e-01 2.278559e-02 -2.103847e+00 -9.683202e-01 -1.307323e-02 2.493694e-01 -3.835754e+01
2.561249e-01 -2.170100e-02 9.664000e-01 1.758547e+02 -6.941874e-03 9.996809e-01 2.428814e-02 -2.091352e+00 -9.666188e-01 -1.292943e-02 2.558926e-01 -3.819628e+01
2.621269e-01 -2.889242e-02 9.646009e-01 1.764492e+02 -8.671615e-03 9.994408e-01 3.229245e-02 -2.077101e+00 -9.649945e-01 -1.682937e-02 2.617298e-01 -3.802395e+01
2.667202e-01 -3.915314e-02 9.629785e-01 1.770560e+02 -1.237717e-02 9.989529e-01 4.404397e-02 -2.069049e+00 -9.636946e-01 -2.366636e-02 2.659563e-01 -3.784466e+01
2.691919e-01 -4.776710e-02 9.619013e-01 1.776585e+02 -1.356820e-02 9.984820e-01 5.338078e-02 -2.056625e+00 -9.629910e-01 -2.742095e-02 2.681352e-01 -3.766884e+01
