1.000000e+00 0.000000e+00 0.000000e+00 0.000000e+00 0.000000e+00 1.000000e+00 0.000000e+00 0.000000e+00 0.000000e+00 0.000000e+00 1.000000e+00 0.000000e+00
1.000000e+00 0.000000e+00 0.000000e+00 0.000000e+00 0.000000e+00 1.000000e+00 0.000000e+00 0.000000e+00 0.000000e+00 0.000000e+00 1.000000e+00 0.000000e+00
9.998376e-01 2.725163e-03 -1.781184e-02 9.412681e-01 -2.699749e-03 9.999953e-01 1.450663e-03 -2.549241e-02 1.781571e-02 -1.402340e-03 9.998403e-01 9.165730e-02
9.999804e-01 4.052903e-03 -4.780406e-03 1.011652e+00 -4.051002e-03 9.999917e-01 4.073177e-04 -2.899635e-02 4.782017e-03 -3.879442e-04 9.999885e-01 2.303715e-01
9.998526e-01 7.692561e-03 1.535072e-02 1.028215e+00 -7.704793e-03 9.999700e-01 7.378663e-04 -3.225898e-02 -1.534458e-02 -8.560316e-04 9.998819e-01 4.408652e-01
9.987077e-01 9.152490e-03 4.999290e-02 1.038367e+00 -9.308196e-03 9.999525e-01 2.882631e-03 -3.975381e-02 -4.996414e-02 -3.344249e-03 9.987454e-01 6.871639e-01
9.962277e-01 7.412623e-03 8.646040e-02 1.102416e+00 -7.828310e-03 9.999593e-01 4.469763e-03 -4.085748e-02 -8.642375e-02 -5.129740e-03 9.962453e-01 8.743197e-01
9.918038e-01 5.007046e-03 1.276724e-01 1.151598e+00 -5.698374e-03 9.999710e-01 5.050173e-03 -5.830498e-02 -1.276434e-01 -5.736306e-03 9.918035e-01 1.189303e+00
9.865702e-01 1.771148e-03 1.633285e-01 1.291237e+00 -2.566137e-03 9.999859e-01 4.656576e-03 -5.803497e-02 -1.633179e-01 -5.013162e-03 9.865608e-01 1.438569e+00
9.797669e-01 3.472227e-04 2.001416e-01 1.468429e+00 -1.601441e-03 9.999801e-01 6.104795e-03 -6.143930e-02 -2.001355e-01 -6.301791e-03 9.797480e-01 1.694193e+00
9.694185e-01 -5.003029e-03 2.453624e-01 1.674437e+00 1.559462e-03 9.998976e-01 1.422690e-02 -5.305632e-02 -2.454084e-01 -1.340918e-02 9.693270e-01 1.982975e+00
9.564427e-01 -1.442081e-02 2.915638e-01 1.809289e+00 8.229620e-03 9.997141e-01 2.244972e-02 -5.496262e-02 -2.918042e-01 -1.907241e-02 9.562879e-01 2.175729e+00
9.393248e-01 -2.384767e-02 3.421992e-01 2.033706e+00 1.496442e-02 9.994796e-01 2.857638e-02 -7.057504e-02 -3.427026e-01 -2.172169e-02 9.391928e-01 2.491762e+00
9.190853e-01 -2.810708e-02 3.930551e-01 2.186435e+00 1.570621e-02 9.992732e-01 3.473129e-02 -7.635542e-02 -3.937457e-01 -2.574761e-02 9.188588e-01 2.648480e+00
8.948518e-01 -3.414264e-02 4.450556e-01 2.393541e+00 1.833424e-02 9.990403e-01 3.977806e-02 -7.546292e-02 -4.459867e-01 -2.743572e-02 8.946190e-01 2.936535e+00
8.697854e-01 -4.432984e-02 4.914348e-01 2.736573e+00 2.535593e-02 9.986558e-01 4.520647e-02 -9.082714e-02 -4.927782e-01 -2.685914e-02 8.697404e-01 3.177019e+00
8.408928e-01 -5.265579e-02 5.386341e-01 3.070139e+00 2.940983e-02 9.982310e-01 5.167168e-02 -1.062973e-01 -5.404020e-01 -2.760921e-02 8.409538e-01 3.422671e+00
8.076499e-01 -5.970095e-02 5.866323e-01 3.404014e+00 3.262846e-02 9.978619e-01 5.662991e-02 -9.743672e-02 -5.887589e-01 -2.659623e-02 8.078710e-01 3.805852e+00
7.717742e-01 -6.567723e-02 6.324959e-01 3.731390e+00 3.718803e-02 9.976113e-01 5.821317e-02 -7.551447e-02 -6.348084e-01 -2.140615e-02 7.723731e-01 4.104466e+00
7.347348e-01 -6.920248e-02 6.748154e-01 4.273582e+00 3.768161e-02 9.974105e-01 6.125719e-02 -4.349652e-02 -6.773071e-01 -1.957966e-02 7.354399e-01 4.680369e+00
6.972692e-01 -7.013453e-02 7.133701e-01 4.702102e+00 3.333961e-02 9.972980e-01 6.546160e-02 -1.911870e-02 -7.160336e-01 -2.186088e-02 6.977234e-01 4.986073e+00
6.641500e-01 -7.093927e-02 7.442260e-01 5.296530e+00 3.110989e-02 9.972480e-01 6.729462e-02 3.355913e-02 -7.469518e-01 -2.154093e-02 6.645292e-01 5.266619e+00
6.289028e-01 -7.337554e-02 7.740138e-01 5.755426e+00 3.223566e-02 9.971415e-01 6.833559e-02 7.136194e-02 -7.768154e-01 -1.802560e-02 6.294703e-01 5.505962e+00
5.954834e-01 -7.630824e-02 7.997352e-01 6.237052e+00 3.120617e-02 9.969245e-01 7.188728e-02 1.003568e-01 -8.027613e-01 -1.785101e-02 5.960333e-01 5.742656e+00
5.624954e-01 -7.583448e-02 8.233153e-01 6.729214e+00 2.652438e-02 9.969274e-01 7.370400e-02 1.396034e-01 -8.263749e-01 -1.962023e-02 5.627785e-01 6.001460e+00
5.293390e-01 -7.689518e-02 8.449186e-01 7.208437e+00 3.092064e-02 9.969711e-01 7.136164e-02 1.727419e-01 -8.478468e-01 -1.164908e-02 5.301133e-01 6.262496e+00
4.979695e-01 -7.657509e-02 8.638071e-01 7.694940e+00 3.268390e-02 9.970433e-01 6.954458e-02 2.102248e-01 -8.665784e-01 -6.398499e-03 4.989999e-01 6.485199e+00
4.706548e-01 -7.501454e-02 8.791229e-01 8.196720e+00 3.308059e-02 9.971790e-01 6.737783e-02 2.538371e-01 -8.816972e-01 -2.629803e-03 4.718086e-01 6.703209e+00
4.465048e-01 -7.351035e-02 8.917565e-01 8.746810e+00 3.492920e-02 9.972919e-01 6.472082e-02 2.940675e-01 -8.940992e-01 2.250184e-03 4.478633e-01 6.914827e+00
4.269565e-01 -7.356504e-02 9.012749e-01 9.310739e+00 3.619105e-02 9.972770e-01 6.425643e-02 3.329254e-01 -9.035476e-01 5.183377e-03 4.284563e-01 7.167904e+00
4.135770e-01 -7.460381e-02 9.074075e-01 9.926934e+00 3.727691e-02 9.971890e-01 6.499531e-02 3.784795e-01 -9.097058e-01 6.944780e-03 4.151955e-01 7.403584e+00
4.041823e-01 -7.674021e-02 9.114537e-01 1.044445e+01 4.182041e-02 9.969826e-01 6.539618e-02 4.144951e-01 -9.137220e-01 1.168538e-02 4.061720e-01 7.641765e+00
3.930525e-01 -7.751088e-02 9.162433e-01 1.100548e+01 3.978167e-02 9.969413e-01 6.727199e-02 4.620766e-01 -9.186550e-01 1.000826e-02 3.949338e-01 7.904349e+00
3.830655e-01 -7.902167e-02 9.203349e-01 1.165642e+01 3.812640e-02 9.968377e-01 6.972121e-02 5.108200e-01 -9.229340e-01 8.381262e-03 3.848670e-01 8.170997e+00
3.733506e-01 -8.073334e-02 9.241707e-01 1.235940e+01 3.702287e-02 9.967090e-01 7.211345e-02 5.578153e-01 -9.269513e-01 7.291839e-03 3.751109e-01 8.450688e+00
3.633026e-01 -8.249442e-02 9.280118e-01 1.302434e+01 3.583479e-02 9.965724e-01 7.456025e-02 6.059591e-01 -9.309818e-01 6.167176e-03 3.650135e-01 8.710379e+00
3.525093e-01 -8.345129e-02 9.320800e-01 1.369303e+01 3.502313e-02 9.964946e-01 7.597286e-02 6.644685e-01 -9.351527e-01 5.863229e-03 3.541964e-01 8.953906e+00
3.414148e-01 -8.415870e-02 9.361374e-01 1.442216e+01 3.354038e-02 9.964399e-01 7.734752e-02 7.190688e-01 -9.393141e-01 4.990819e-03 3.430220e-01 9.236942e+00
3.319609e-01 -8.634944e-02 9.393327e-01 1.517457e+01 3.218287e-02 9.962584e-01 8.020897e-02 7.750836e-01 -9.427440e-01 3.604176e-03 3.334978e-01 9.486226e+00
3.221343e-01 -9.022103e-02 9.423852e-01 1.593493e+01 2.986088e-02 9.959215e-01 8.513914e-02 8.261660e-01 -9.462230e-01 7.142045e-04 3.235146e-01 9.715865e+00
3.097306e-01 -9.360148e-02 9.462059e-01 1.666066e+01 2.843163e-02 9.956095e-01 8.918183e-02 8.858668e-01 -9.503992e-01 -7.201636e-04 3.110320e-01 9.971327e+00
2.958719e-01 -9.600297e-02 9.503912e-01 1.748787e+01 2.746427e-02 9.953804e-01 9.199747e-02 9.496264e-01 -9.548328e-01 -1.117681e-03 2.971417e-01 1.022324e+01
2.819881e-01 -9.616039e-02 9.545869e-01 1.824591e+01 2.654823e-02 9.953656e-01 9.242582e-02 1.015827e+00 -9.590506e-01 -7.203972e-04 2.832341e-01 1.046794e+01
2.672218e-01 -9.536149e-02 9.589049e-01 1.903012e+01 2.431158e-02 9.954418e-01 9.222002e-02 1.072479e+00 -9.633283e-01 -1.330701e-03 2.683222e-01 1.071400e+01
2.501162e-01 -9.402980e-02 9.636391e-01 1.981823e+01 2.298397e-02 9.955692e-01 9.117988e-02 1.138641e+00 -9.679430e-01 -6.573074e-04 2.511691e-01 1.094127e+01
2.297957e-01 -9.283734e-02 9.688009e-01 2.063338e+01 2.024373e-02 9.956806e-01 9.061141e-02 1.195323e+00 -9.730283e-01 -1.209965e-03 2.306825e-01 1.115768e+01
2.058746e-01 -9.156046e-02 9.742856e-01 2.148514e+01 1.551208e-02 9.957935e-01 9.030388e-02 1.257447e+00 -9.784555e-01 -3.478080e-03 2.064288e-01 1.132280e+01
1.772454e-01 -9.072850e-02 9.799758e-01 2.230149e+01 1.086647e-02 9.958614e-01 9.023383e-02 1.319892e+00 -9.841067e-01 -5.344652e-03 1.774977e-01 1.146491e+01
1.452044e-01 -9.105396e-02 9.852031e-01 2.314584e+01 8.320430e-03 9.958335e-01 9.081014e-02 1.380267e+00 -9.893668e-01 -4.988734e-03 1.453571e-01 1.158470e+01
1.108539e-01 -9.040804e-02 9.897161e-01 2.402658e+01 6.373679e-03 9.958979e-01 9.025885e-02 1.436836e+00 -9.938163e-01 -3.697413e-03 1.109754e-01 1.165251e+01
7.670808e-02 -8.905001e-02 9.930691e-01 2.484579e+01 4.543660e-03 9.960245e-01 8.896407e-02 1.505501e+00 -9.970434e-01 -2.312100e-03 7.680774e-02 1.172270e+01
4.066819e-02 -8.654712e-02 9.954174e-01 2.561264e+01 2.078503e-03 9.962467e-01 8.653431e-02 1.572595e+00 -9.991705e-01 -1.450218e-03 4.069549e-02 1.182113e+01
6.657600e-03 -8.329491e-02 9.965028e-01 2.640641e+01 -3.021413e-04 9.965246e-01 8.329875e-02 1.636153e+00 -9.999778e-01 -8.556579e-04 6.609321e-03 1.186950e+01
-2.751970e-02 -7.846384e-02 9.965370e-01 2.718363e+01 2.130568e-03 9.969078e-01 7.855186e-02 1.699661e+00 -9.996190e-01 4.284916e-03 -2.726746e-02 1.185810e+01
-5.962324e-02 -7.291450e-02 9.955544e-01 2.799707e+01 6.795898e-03 9.972759e-01 7.344759e-02 1.754690e+00 -9.981979e-01 1.114487e-02 -5.896533e-02 1.179428e+01
-9.031200e-02 -6.693855e-02 9.936615e-01 2.879222e+01 1.195768e-02 9.975938e-01 6.829027e-02 1.808105e+00 -9.958419e-01 1.804930e-02 -8.929431e-02 1.170431e+01
-1.213330e-01 -6.139754e-02 9.907112e-01 2.955505e+01 1.747154e-02 9.977984e-01 6.397650e-02 1.857156e+00 -9.924581e-01 2.507170e-02 -1.199931e-01 1.163384e+01
-1.494621e-01 -5.464050e-02 9.872565e-01 3.022890e+01 2.552964e-02 9.979258e-01 5.909597e-02 1.909836e+00 -9.884378e-01 3.403692e-02 -1.477572e-01 1.153034e+01
-1.763210e-01 -4.328155e-02 9.833807e-01 3.091631e+01 3.139742e-02 9.982772e-01 4.956678e-02 1.956560e+00 -9.838318e-01 3.961529e-02 -1.746583e-01 1.141776e+01
-2.001678e-01 -2.678294e-02 9.793955e-01 3.150372e+01 3.449112e-02 9.988140e-01 3.436323e-02 1.999785e+00 -9.791543e-01 4.065886e-02 -1.990067e-01 1.128982e+01
-2.263676e-01 -8.750292e-03 9.740028e-01 3.220454e+01 3.454046e-02 9.992586e-01 1.700472e-02 2.021871e+00 -9.734295e-01 3.749182e-02 -2.258976e-01 1.115915e+01
-2.540894e-01 6.236535e-03 9.671607e-01 3.289014e+01 2.995915e-02 9.995501e-01 1.425376e-03 2.042121e+00 -9.667167e-01 2.933748e-02 -2.541618e-01 1.103528e+01
-2.825245e-01 1.630643e-02 9.591215e-01 3.355256e+01 3.066105e-02 9.994981e-01 -7.961191e-03 2.034982e+00 -9.587699e-01 2.715844e-02 -2.828826e-01 1.089813e+01
-3.094999e-01 2.045364e-02 9.506797e-01 3.420683e+01 3.071515e-02 9.994619e-01 -1.150367e-02 2.024806e+00 -9.504035e-01 2.563988e-02 -3.099616e-01 1.073532e+01
-3.339186e-01 1.905673e-02 9.424095e-01 3.471513e+01 3.100777e-02 9.994766e-01 -9.223900e-03 2.007329e+00 -9.420920e-01 2.614198e-02 -3.343347e-01 1.058364e+01
-3.572874e-01 1.468183e-02 9.338791e-01 3.531041e+01 3.392472e-02 9.994206e-01 -2.733167e-03 1.997844e+00 -9.333782e-01 3.070507e-02 -3.575785e-01 1.038891e+01
-3.821580e-01 1.422255e-02 9.239876e-01 3.592326e+01 4.246084e-02 9.990957e-01 2.183000e-03 1.989135e+00 -9.231210e-01 4.006754e-02 -3.824164e-01 1.015596e+01
-3.963115e-01 1.500742e-02 9.179937e-01 3.625053e+01 4.555329e-02 9.989563e-01 3.335020e-03 1.985546e+00 -9.169855e-01 4.313933e-02 -3.965815e-01 9.949768e+00
-4.063852e-01 1.913594e-02 9.135016e-01 3.657795e+01 4.822484e-02 9.988363e-01 5.300312e-04 1.988904e+00 -9.124285e-01 4.426886e-02 -4.068352e-01 9.729274e+00
-4.163169e-01 2.169398e-02 9.089607e-01 3.679567e+01 4.909207e-02 9.987934e-01 -1.353138e-03 1.980127e+00 -9.078932e-01 4.405943e-02 -4.168795e-01 9.576227e+00
-4.287125e-01 2.115988e-02 9.031934e-01 3.703861e+01 4.362505e-02 9.990444e-01 -2.698266e-03 1.970505e+00 -9.023873e-01 3.824507e-02 -4.292259e-01 9.475888e+00
-4.411318e-01 2.002676e-02 8.972188e-01 3.707961e+01 4.521241e-02 9.989774e-01 -6.870374e-05 1.958353e+00 -8.963026e-01 4.053512e-02 -4.415863e-01 9.467340e+00
-4.510635e-01 2.184065e-02 8.922247e-01 3.737505e+01 4.632501e-02 9.989259e-01 -1.033013e-03 1.969710e+00 -8.912889e-01 4.086636e-02 -4.515908e-01 9.306456e+00
-4.589291e-01 2.490651e-02 8.881237e-01 3.752666e+01 4.913458e-02 9.987887e-01 -2.620193e-03 1.973211e+00 -8.871132e-01 4.243511e-02 -4.595970e-01 9.193062e+00
-4.618430e-01 2.847635e-02 8.865044e-01 3.774093e+01 5.368983e-02 9.985492e-01 -4.104614e-03 1.965149e+00 -8.853352e-01 4.570059e-02 -4.627018e-01 9.140913e+00
-4.635423e-01 3.007006e-02 8.855644e-01 3.805319e+01 5.263969e-02 9.985933e-01 -6.354188e-03 1.966548e+00 -8.845099e-01 4.367040e-02 -4.644731e-01 8.985204e+00
-4.612094e-01 3.144388e-02 8.867342e-01 3.824632e+01 5.703856e-02 9.983555e-01 -5.735050e-03 1.979300e+00 -8.854563e-01 4.793297e-02 -4.622445e-01 8.893772e+00
-4.568938e-01 3.110014e-02 8.889776e-01 3.841621e+01 5.587361e-02 9.984185e-01 -6.212369e-03 1.995805e+00 -8.877650e-01 4.683200e-02 -4.579089e-01 8.808655e+00
-4.539765e-01 3.116291e-02 8.904685e-01 3.860394e+01 5.218565e-02 9.986026e-01 -8.342011e-03 2.034815e+00 -8.894840e-01 4.268260e-02 -4.549683e-01 8.736616e+00
-4.468056e-01 3.004138e-02 8.941265e-01 3.942011e+01 4.936979e-02 9.987410e-01 -8.885615e-03 2.024971e+00 -8.932678e-01 4.017270e-02 -4.477262e-01 8.331206e+00
-4.414978e-01 2.939664e-02 8.967807e-01 3.976130e+01 4.751435e-02 9.988268e-01 -9.349741e-03 2.034777e+00 -8.960034e-01 3.848206e-02 -4.423766e-01 8.148670e+00
-4.360820e-01 2.719040e-02 8.994963e-01 4.019575e+01 4.266066e-02 9.990443e-01 -9.517408e-03 2.033154e+00 -8.988954e-01 3.422273e-02 -4.368253e-01 7.932613e+00
-4.319807e-01 2.550760e-02 9.015221e-01 4.049966e+01 3.874860e-02 9.992019e-01 -9.704250e-03 2.045465e+00 -9.010501e-01 3.074067e-02 -4.326243e-01 7.676687e+00
-4.324050e-01 2.315122e-02 9.013822e-01 4.100769e+01 3.479155e-02 9.993542e-01 -8.977577e-03 2.046941e+00 -9.010080e-01 2.747854e-02 -4.329313e-01 7.394854e+00
-4.299262e-01 2.257923e-02 9.025817e-01 4.183036e+01 3.425067e-02 9.993755e-01 -8.686060e-03 2.033906e+00 -9.022142e-01 2.717966e-02 -4.304310e-01 6.980326e+00
-4.300859e-01 2.232807e-02 9.025118e-01 4.257851e+01 3.328003e-02 9.994068e-01 -8.865875e-03 2.032152e+00 -9.021744e-01 2.622253e-02 -4.305738e-01 6.602146e+00
-4.291729e-01 2.266029e-02 9.029382e-01 4.314768e+01 3.160110e-02 9.994499e-01 -1.006215e-02 2.046968e+00 -9.026696e-01 2.421544e-02 -4.296529e-01 6.263206e+00
-4.320700e-01 2.191625e-02 9.015737e-01 4.330676e+01 2.897375e-02 9.995260e-01 -1.041199e-02 2.071472e+00 -9.013745e-01 2.162327e-02 -4.325002e-01 6.145755e+00
-4.343417e-01 2.273135e-02 9.004614e-01 4.336799e+01 2.865203e-02 9.995243e-01 -1.141167e-02 2.083004e+00 -9.002925e-01 2.084348e-02 -4.347863e-01 6.078258e+00
-4.363247e-01 2.083274e-02 8.995481e-01 4.342797e+01 2.505652e-02 9.996256e-01 -1.099681e-02 2.084870e+00 -8.994403e-01 1.774136e-02 -4.366834e-01 6.019082e+00
-4.409997e-01 1.908699e-02 8.973042e-01 4.356710e+01 2.035165e-02 9.997295e-01 -1.126347e-02 2.089987e+00 -8.972764e-01 1.329444e-02 -4.412689e-01 5.967609e+00
-4.422989e-01 1.875676e-02 8.966717e-01 4.443666e+01 1.727789e-02 9.997739e-01 -1.239086e-02 2.078585e+00 -8.967015e-01 1.001213e-02 -4.425230e-01 5.539305e+00
-4.417613e-01 1.721887e-02 8.969675e-01 4.534003e+01 1.757230e-02 9.997901e-01 -1.053828e-02 2.047509e+00 -8.969606e-01 1.110638e-02 -4.419712e-01 5.141996e+00
-4.460843e-01 1.258522e-02 8.949025e-01 4.542102e+01 1.477287e-02 9.998685e-01 -6.697513e-03 2.030437e+00 -8.948691e-01 1.023262e-02 -4.462115e-01 5.168912e+00
-4.514848e-01 1.009914e-02 8.922217e-01 4.559071e+01 1.274009e-02 9.999070e-01 -4.871265e-03 2.032578e+00 -8.921880e-01 9.167681e-03 -4.515715e-01 5.339850e+00
-4.550296e-01 7.566036e-03 8.904443e-01 4.568578e+01 1.109495e-02 9.999344e-01 -2.826692e-03 2.015972e+00 -8.904073e-01 8.593203e-03 -4.550837e-01 5.360413e+00
-4.539949e-01 8.013874e-03 8.909684e-01 4.660439e+01 1.110094e-02 9.999328e-01 -3.337455e-03 2.002336e+00 -8.909352e-01 8.375399e-03 -4.540533e-01 4.919049e+00
-4.563911e-01 6.640746e-03 8.897548e-01 4.674348e+01 5.629988e-03 9.999737e-01 -4.575527e-03 2.002959e+00 -8.897617e-01 2.921079e-03 -4.564165e-01 4.893672e+00
-4.577278e-01 8.611004e-03 8.890507e-01 4.719669e+01 1.933924e-03 9.999604e-01 -8.689553e-03 2.019638e+00 -8.890902e-01 -2.258094e-03 -4.577264e-01 4.686625e+00
-4.614583e-01 1.199882e-02 8.870807e-01 4.773291e+01 8.385472e-04 9.999140e-01 -1.308881e-02 2.027387e+00 -8.871615e-01 -5.296082e-03 -4.614286e-01 4.410286e+00
-4.670439e-01 1.207057e-02 8.841519e-01 4.858982e+01 -2.426785e-03 9.998856e-01 -1.493251e-02 2.003799e+00 -8.842310e-01 -9.119781e-03 -4.669611e-01 3.959412e+00
-4.726197e-01 1.203108e-02 8.811843e-01 4.947969e+01 4.655364e-04 9.999101e-01 -1.340239e-02 1.978522e+00 -8.812664e-01 -5.924009e-03 -4.725827e-01 3.483066e+00
-4.839646e-01 1.419389e-02 8.749726e-01 5.030803e+01 -8.083269e-04 9.998608e-01 -1.666694e-02 2.013275e+00 -8.750874e-01 -8.773467e-03 -4.838856e-01 3.101494e+00
-4.910839e-01 1.121246e-02 8.710404e-01 5.060239e+01 -1.101128e-02 9.997573e-01 -1.907741e-02 2.040671e+00 -8.710430e-01 -1.895987e-02 -4.908413e-01 2.904365e+00
-5.000560e-01 1.186257e-02 8.659117e-01 5.136047e+01 -1.788776e-02 9.995514e-01 -2.402339e-02 2.015021e+00 -8.658082e-01 -2.750226e-02 -4.996195e-01 2.562188e+00
-5.085279e-01 2.665075e-02 8.606330e-01 5.232445e+01 -4.245752e-03 9.994311e-01 -3.345755e-02 2.067593e+00 -8.610350e-01 -2.066813e-02 -5.081254e-01 2.110964e+00
-5.136390e-01 3.059014e-02 8.574611e-01 5.298227e+01 -1.063823e-02 9.990604e-01 -4.201427e-02 2.080237e+00 -8.579406e-01 -3.070203e-02 -5.128310e-01 1.714544e+00
-5.242308e-01 3.483632e-02 8.508634e-01 5.394168e+01 -8.835739e-03 9.988866e-01 -4.634058e-02 2.067073e+00 -8.515304e-01 -3.181117e-02 -5.233394e-01 1.346027e+00
-5.313091e-01 3.812055e-02 8.463202e-01 5.470413e+01 -9.968043e-03 9.986367e-01 -5.123912e-02 2.074689e+00 -8.471196e-01 -3.565996e-02 -5.302048e-01 9.274334e-01
-5.396850e-01 3.091887e-02 8.412991e-01 5.552802e+01 -1.264264e-02 9.989150e-01 -4.482160e-02 2.043017e+00 -8.417721e-01 -3.482579e-02 -5.387086e-01 5.120131e-01
-5.446028e-01 2.750571e-02 8.382431e-01 5.623760e+01 -7.175429e-03 9.992727e-01 -3.745151e-02 2.000195e+00 -8.386635e-01 -2.641094e-02 -5.440092e-01 1.258108e-01
-5.511235e-01 2.786698e-02 8.339582e-01 5.708114e+01 -1.113636e-02 9.991075e-01 -4.074498e-02 1.997495e+00 -8.343493e-01 -3.174277e-02 -5.503213e-01 -3.666404e-01
-5.511954e-01 3.902698e-02 8.334631e-01 5.789942e+01 -2.863355e-03 9.988111e-01 -4.866304e-02 1.950233e+00 -8.343714e-01 -2.920934e-02 -5.504283e-01 -9.099263e-01
-5.528816e-01 4.357140e-02 8.321199e-01 5.872049e+01 -2.665352e-03 9.985343e-01 -5.405611e-02 1.873995e+00 -8.332556e-01 -3.210452e-02 -5.519552e-01 -1.454766e+00
-5.530061e-01 5.343323e-02 8.314623e-01 5.948655e+01 1.029535e-02 9.983035e-01 -5.730771e-02 1.824806e+00 -8.331138e-01 -2.313130e-02 -5.526180e-01 -1.958199e+00
-5.484982e-01 6.555659e-02 8.335779e-01 6.018348e+01 3.726756e-02 9.978478e-01 -5.395333e-02 1.667640e+00 -8.353209e-01 1.472109e-03 -5.497608e-01 -2.453045e+00
-5.542552e-01 4.918016e-02 8.308926e-01 6.133355e+01 2.841418e-03 9.983588e-01 -5.719702e-02 1.674521e+00 -8.323420e-01 -2.934083e-02 -5.534854e-01 -3.146700e+00
-5.527905e-01 4.776068e-02 8.319504e-01 6.207626e+01 5.773121e-03 9.985517e-01 -5.348899e-02 1.621308e+00 -8.333002e-01 -2.476526e-02 -5.522656e-01 -3.639832e+00
-5.528829e-01 3.978019e-02 8.323088e-01 6.287346e+01 -4.237911e-05 9.988585e-01 -4.776858e-02 1.553628e+00 -8.332589e-01 -2.644571e-02 -5.522501e-01 -4.170790e+00
-5.532519e-01 3.506979e-02 8.322756e-01 6.374358e+01 -1.104764e-02 9.987167e-01 -4.942703e-02 1.534353e+00 -8.329408e-01 -3.654027e-02 -5.521544e-01 -4.733953e+00
-5.574607e-01 2.787646e-02 8.297353e-01 6.469446e+01 -2.362702e-02 9.984986e-01 -4.942027e-02 1.471745e+00 -8.298672e-01 -4.715402e-02 -5.559649e-01 -5.296412e+00
-5.550040e-01 2.841678e-02 8.313622e-01 6.548055e+01 -2.257158e-02 9.985339e-01 -4.919930e-02 1.415140e+00 -8.315414e-01 -4.607097e-02 -5.535489e-01 -5.823341e+00
-5.505718e-01 3.413457e-02 8.340898e-01 6.622802e+01 -1.557712e-02 9.985696e-01 -5.114805e-02 1.353526e+00 -8.346426e-01 -4.115338e-02 -5.492525e-01 -6.333081e+00
-5.467385e-01 3.593224e-02 8.365321e-01 6.704379e+01 -1.683465e-02 9.984050e-01 -5.388805e-02 1.297229e+00 -8.371342e-01 -4.354540e-02 -5.452616e-01 -6.855481e+00
-5.395551e-01 3.673365e-02 8.411487e-01 6.784666e+01 -1.868102e-02 9.982795e-01 -5.557863e-02 1.260171e+00 -8.417432e-01 -4.570124e-02 -5.379405e-01 -7.367169e+00
-5.274259e-01 4.788748e-02 8.482506e-01 6.860603e+01 9.647931e-03 9.986835e-01 -5.038119e-02 1.114992e+00 -8.495465e-01 -1.838847e-02 -5.271934e-01 -7.881921e+00
-5.197656e-01 4.361323e-02 8.531950e-01 6.943821e+01 -3.340010e-03 9.985847e-01 -5.307993e-02 1.093447e+00 -8.543024e-01 -3.043880e-02 -5.188843e-01 -8.357498e+00
-5.093144e-01 4.215552e-02 8.595474e-01 7.025948e+01 -4.540114e-03 9.986540e-01 -5.166803e-02 1.026012e+00 -8.605685e-01 -3.021771e-02 -5.084374e-01 -8.833053e+00
-4.970652e-01 4.028608e-02 8.667776e-01 7.105475e+01 -2.868012e-03 9.988399e-01 -4.806877e-02 9.729752e-01 -8.677086e-01 -2.637924e-02 -4.963731e-01 -9.286302e+00
-4.866704e-01 3.930861e-02 8.727009e-01 7.185674e+01 -5.607089e-03 9.988260e-01 -4.811645e-02 9.154230e-01 -8.735678e-01 -2.831016e-02 -4.858786e-01 -9.723046e+00
-4.751307e-01 3.867045e-02 8.790651e-01 7.268919e+01 -3.786028e-03 9.989347e-01 -4.598990e-02 8.520733e-01 -8.799071e-01 -2.517938e-02 -4.744781e-01 -1.015848e+01
-4.620118e-01 4.056094e-02 8.859459e-01 7.351522e+01 -2.339897e-03 9.988944e-01 -4.695226e-02 7.810372e-01 -8.868707e-01 -2.376552e-02 -4.614061e-01 -1.061581e+01
-4.464014e-01 4.451220e-02 8.937250e-01 7.435647e+01 -1.157879e-02 9.983911e-01 -5.550854e-02 7.748638e-01 -8.947579e-01 -3.512735e-02 -4.451677e-01 -1.103255e+01
-4.327313e-01 5.505920e-02 8.998400e-01 7.517010e+01 -8.175474e-03 9.978526e-01 -6.498794e-02 7.112608e-01 -9.014859e-01 -3.547893e-02 -4.313518e-01 -1.145916e+01
-4.190382e-01 6.130165e-02 9.058971e-01 7.602155e+01 -2.839341e-04 9.977093e-01 -6.764589e-02 6.244190e-01 -9.079688e-01 -2.860341e-02 -4.180609e-01 -1.185926e+01
-4.095249e-01 5.687804e-02 9.105242e-01 7.689342e+01 -7.461572e-03 9.978124e-01 -6.568668e-02 5.661278e-01 -9.122685e-01 -3.369427e-02 -4.082047e-01 -1.222336e+01
-3.925737e-01 5.386589e-02 9.181417e-01 7.770844e+01 1.938571e-03 9.983297e-01 -5.774151e-02 4.464767e-01 -9.197184e-01 -2.088792e-02 -3.920224e-01 -1.261226e+01
-3.731766e-01 7.049423e-02 9.250783e-01 7.850207e+01 8.623731e-02 9.954278e-01 -4.106698e-02 8.406143e-02 -9.237437e-01 6.445102e-02 -3.775496e-01 -1.302416e+01
-3.633368e-01 1.210779e-01 9.237568e-01 7.948589e+01 1.923234e-01 9.799106e-01 -5.279243e-02 1.139071e-01 -9.115910e-01 1.584786e-01 -3.793237e-01 -1.335082e+01
-3.595923e-01 1.270263e-01 9.244230e-01 8.034218e+01 1.889259e-01 9.800834e-01 -6.118424e-02 4.791189e-02 -9.137836e-01 1.526460e-01 -3.764291e-01 -1.367561e+01
-3.560033e-01 1.282786e-01 9.256386e-01 8.119075e+01 1.864681e-01 9.803647e-01 -6.414669e-02 -3.065178e-02 -9.156920e-01 1.497656e-01 -3.729329e-01 -1.401561e+01
-3.519549e-01 1.286519e-01 9.271335e-01 8.206140e+01 1.880557e-01 9.800314e-01 -6.460318e-02 -1.173956e-01 -9.169312e-01 1.516153e-01 -3.691207e-01 -1.436122e+01
-3.479631e-01 1.303946e-01 9.283959e-01 8.299975e+01 1.882085e-01 9.798357e-01 -6.707872e-02 -1.681546e-01 -9.184221e-01 1.513911e-01 -3.654881e-01 -1.469041e+01
-3.428013e-01 1.258615e-01 9.309383e-01 8.381700e+01 1.814412e-01 9.811950e-01 -6.584365e-02 -2.267017e-01 -9.217193e-01 1.463393e-01 -3.591914e-01 -1.501831e+01
-3.380871e-01 1.225029e-01 9.331080e-01 8.467461e+01 1.789750e-01 9.817669e-01 -6.404421e-02 -2.981362e-01 -9.239401e-01 1.453505e-01 -3.538477e-01 -1.533785e+01
-3.340794e-01 1.186495e-01 9.350472e-01 8.553469e+01 1.733413e-01 9.828585e-01 -6.278390e-02 -3.715819e-01 -9.264684e-01 1.411075e-01 -3.489196e-01 -1.564395e+01
-3.272673e-01 1.195501e-01 9.373388e-01 8.627553e+01 1.648091e-01 9.839816e-01 -6.795670e-02 -4.014811e-01 -9.304484e-01 1.322420e-01 -3.417279e-01 -1.593121e+01
-3.229834e-01 1.199079e-01 9.387780e-01 8.712633e+01 1.551785e-01 9.852260e-01 -7.245207e-02 -4.691617e-01 -9.335962e-01 1.222773e-01 -3.368187e-01 -1.619794e+01
-3.177749e-01 1.274858e-01 9.395565e-01 8.754399e+01 1.464302e-01 9.856300e-01 -8.421212e-02 -4.408057e-01 -9.367909e-01 1.108189e-01 -3.318762e-01 -1.641458e+01
-3.098825e-01 1.350429e-01 9.411358e-01 8.787583e+01 1.372753e-01 9.858447e-01 -9.625830e-02 -4.063098e-01 -9.408128e-01 9.936597e-02 -3.240342e-01 -1.661572e+01
-3.096189e-01 1.365186e-01 9.410094e-01 8.811348e+01 1.209817e-01 9.872525e-01 -1.034210e-01 -3.613194e-01 -9.431328e-01 8.182378e-02 -3.221884e-01 -1.670555e+01
-3.086891e-01 1.377596e-01 9.411341e-01 8.851973e+01 9.251742e-02 9.891131e-01 -1.144371e-01 -3.007390e-01 -9.466528e-01 5.174581e-02 -3.180735e-01 -1.681785e+01
-3.077933e-01 1.350028e-01 9.418268e-01 8.873946e+01 6.608638e-02 9.905250e-01 -1.203859e-01 -2.651933e-01 -9.491554e-01 2.518795e-02 -3.137988e-01 -1.687389e+01
-3.007070e-01 1.425378e-01 9.430050e-01 8.948310e+01 5.996651e-02 9.896379e-01 -1.304643e-01 -3.061331e-01 -9.518296e-01 1.731719e-02 -3.061384e-01 -1.712373e+01
-2.927678e-01 1.503821e-01 9.442840e-01 9.025951e+01 6.489214e-02 9.884031e-01 -1.372890e-01 -3.808760e-01 -9.539790e-01 2.108280e-02 -2.991312e-01 -1.738323e+01
-2.870322e-01 1.499803e-01 9.461071e-01 9.112352e+01 6.221153e-02 9.885007e-01 -1.378268e-01 -5.232929e-01 -9.558988e-01 1.929806e-02 -2.930621e-01 -1.762770e+01
-2.796941e-01 1.494222e-01 9.483903e-01 9.196420e+01 6.066832e-02 9.885914e-01 -1.378640e-01 -6.738878e-01 -9.581704e-01 1.897749e-02 -2.855684e-01 -1.788444e+01
-2.691921e-01 1.495687e-01 9.514014e-01 9.266432e+01 6.757689e-02 9.883657e-01 -1.362594e-01 -8.041891e-01 -9.607127e-01 2.761280e-02 -2.761676e-01 -1.810114e+01
-2.621033e-01 1.496454e-01 9.533668e-01 9.351158e+01 6.910834e-02 9.882782e-01 -1.361257e-01 -9.588632e-01 -9.625622e-01 3.020660e-02 -2.693727e-01 -1.833734e+01
-2.574483e-01 1.498570e-01 9.546012e-01 9.441811e+01 6.763361e-02 9.882729e-01 -1.369027e-01 -1.087312e+00 -9.639224e-01 2.931778e-02 -2.645646e-01 -1.855619e+01
-2.520548e-01 1.509722e-01 9.558639e-01 9.522445e+01 6.133672e-02 9.882619e-01 -1.399151e-01 -1.170510e+00 -9.657671e-01 2.336328e-02 -2.583563e-01 -1.875854e+01
-2.471628e-01 1.590317e-01 9.558344e-01 9.546495e+01 5.817016e-02 9.870958e-01 -1.491911e-01 -1.022067e+00 -9.672263e-01 1.872655e-02 -2.532244e-01 -1.883981e+01
-2.438347e-01 1.657333e-01 9.555508e-01 9.566913e+01 5.825535e-02 9.860137e-01 -1.561514e-01 -9.508205e-01 -9.680657e-01 1.759082e-02 -2.500793e-01 -1.891523e+01
-2.427353e-01 1.717205e-01 9.547731e-01 9.590399e+01 5.892712e-02 9.850008e-01 -1.621758e-01 -9.152597e-01 -9.683012e-01 1.689623e-02 -2.492135e-01 -1.896498e+01
-2.423311e-01 1.768939e-01 9.539311e-01 9.607111e+01 5.874155e-02 9.841090e-01 -1.675677e-01 -8.837407e-01 -9.684138e-01 1.542853e-02 -2.488713e-01 -1.900035e+01
-2.426106e-01 1.828794e-01 9.527306e-01 9.649410e+01 5.867382e-02 9.830393e-01 -1.737561e-01 -8.557749e-01 -9.683480e-01 1.374531e-02 -2.492259e-01 -1.908845e+01
-2.356192e-01 1.839013e-01 9.542871e-01 9.730866e+01 6.728361e-02 9.826637e-01 -1.727570e-01 -1.002199e+00 -9.695135e-01 2.350300e-02 -2.439079e-01 -1.931441e+01
-2.314967e-01 1.851981e-01 9.550450e-01 9.802439e+01 6.714774e-02 9.824131e-01 -1.742290e-01 -1.124973e+00 -9.705156e-01 2.379567e-02 -2.398610e-01 -1.947367e+01
-2.285380e-01 1.855337e-01 9.556922e-01 9.887222e+01 6.013409e-02 9.824880e-01 -1.763556e-01 -1.284887e+00 -9.716761e-01 1.716572e-02 -2.356927e-01 -1.966426e+01
-2.246276e-01 1.873665e-01 9.562618e-01 9.972604e+01 5.939503e-02 9.821481e-01 -1.784866e-01 -1.458968e+00 -9.726331e-01 1.670421e-02 -2.317462e-01 -1.987818e+01
-2.244287e-01 1.872921e-01 9.563228e-01 1.005396e+02 5.488493e-02 9.822285e-01 -1.794852e-01 -1.616967e+00 -9.729437e-01 1.220608e-02 -2.307197e-01 -2.004532e+01
-2.255890e-01 1.862909e-01 9.562454e-01 1.014473e+02 5.323349e-02 9.824378e-01 -1.788352e-01 -1.788446e+00 -9.727671e-01 1.056100e-02 -2.315441e-01 -2.023966e+01
-2.225658e-01 1.858461e-01 9.570401e-01 1.022833e+02 6.541237e-02 9.822970e-01 -1.755386e-01 -1.963509e+00 -9.727209e-01 2.353338e-02 -2.307823e-01 -2.043596e+01
-2.231739e-01 1.907854e-01 9.559259e-01 1.030805e+02 6.109727e-02 9.814690e-01 -1.816194e-01 -2.001927e+00 -9.728621e-01 1.787179e-02 -2.306947e-01 -2.060803e+01
-2.208945e-01 2.023749e-01 9.540704e-01 1.038673e+02 6.385831e-02 9.791369e-01 -1.929069e-01 -2.038063e+00 -9.732050e-01 1.831328e-02 -2.292092e-01 -2.078994e+01
-2.168907e-01 2.155548e-01 9.521000e-01 1.046584e+02 7.301635e-02 9.761667e-01 -2.043702e-01 -2.150988e+00 -9.734613e-01 2.519287e-02 -2.274605e-01 -2.098499e+01
-2.153908e-01 2.255983e-01 9.501117e-01 1.054428e+02 7.026520e-02 9.740073e-01 -2.153430e-01 -2.243014e+00 -9.739968e-01 2.037689e-02 -2.256439e-01 -2.116906e+01
-2.178408e-01 2.278146e-01 9.490238e-01 1.062886e+02 6.537452e-02 9.735981e-01 -2.187075e-01 -2.395144e+00 -9.737926e-01 1.439858e-02 -2.269826e-01 -2.134436e+01
-2.161932e-01 2.289466e-01 9.491282e-01 1.070937e+02 6.657355e-02 9.733123e-01 -2.196161e-01 -2.593663e+00 -9.740785e-01 1.570737e-02 -2.256652e-01 -2.152924e+01
-2.212449e-01 2.312831e-01 9.473960e-01 1.080405e+02 6.684715e-02 9.727823e-01 -2.218697e-01 -2.776182e+00 -9.729247e-01 1.424320e-02 -2.306838e-01 -2.166231e+01
-2.200046e-01 2.340400e-01 9.470075e-01 1.088464e+02 6.975620e-02 9.720823e-01 -2.240314e-01 -3.021970e+00 -9.730016e-01 1.677174e-02 -2.301883e-01 -2.185627e+01
-2.273225e-01 2.673751e-01 9.363948e-01 1.097291e+02 3.902326e-02 9.632978e-01 -2.655835e-01 -2.867558e+00 -9.730374e-01 -2.383189e-02 -2.294130e-01 -2.203191e+01
-2.307978e-01 2.869440e-01 9.297288e-01 1.105536e+02 2.203371e-02 9.568226e-01 -2.898363e-01 -2.927016e+00 -9.727523e-01 -4.640819e-02 -2.271550e-01 -2.221301e+01
-2.300608e-01 2.942233e-01 9.276339e-01 1.113440e+02 2.151326e-02 9.545071e-01 -2.974114e-01 -3.150666e+00 -9.729385e-01 -4.846624e-02 -2.259244e-01 -2.240494e+01
-2.311474e-01 2.961564e-01 9.267484e-01 1.121376e+02 1.894162e-02 9.537336e-01 -3.000557e-01 -3.398942e+00 -9.727345e-01 -5.180291e-02 -2.260628e-01 -2.258354e+01
-2.319094e-01 2.962897e-01 9.265153e-01 1.129284e+02 1.291360e-02 9.533362e-01 -3.016344e-01 -3.653876e+00 -9.726517e-01 -5.798717e-02 -2.249137e-01 -2.276086e+01
-1.558578e-01 3.453830e-01 9.254292e-01 1.162608e+02 1.203187e-01 9.365401e-01 -3.292661e-01 -4.201771e+00 -9.804245e-01 6.002782e-02 -1.875231e-01 -2.378606e+01
-9.319925e-02 3.365967e-01 9.370253e-01 1.159767e+02 2.592339e-01 9.168656e-01 -3.035708e-01 -4.415878e+00 -9.613072e-01 2.146162e-01 -1.727085e-01 -2.394088e+01
-9.065664e-02 3.331313e-01 9.385120e-01 1.167336e+02 2.614593e-01 9.172961e-01 -3.003446e-01 -4.637784e+00 -9.609477e-01 2.181544e-01 -1.702592e-01 -2.408838e+01
-8.794427e-02 3.340997e-01 9.384259e-01 1.175887e+02 2.559286e-01 9.180304e-01 -3.028542e-01 -4.873599e+00 -9.626871e-01 2.135358e-01 -1.662412e-01 -2.424316e+01
-8.365786e-02 3.421350e-01 9.359193e-01 1.192010e+02 2.393783e-01 9.186099e-01 -3.144104e-01 -5.377504e+00 -9.673156e-01 1.977359e-01 -1.587486e-01 -2.448668e+01
-6.773257e-02 3.406963e-01 9.377306e-01 1.197457e+02 2.638375e-01 9.125460e-01 -3.124893e-01 -5.651632e+00 -9.621863e-01 2.262428e-01 -1.516975e-01 -2.462048e+01
-6.187022e-02 3.422568e-01 9.375673e-01 1.205261e+02 2.580713e-01 9.129080e-01 -3.162249e-01 -5.902302e+00 -9.641428e-01 2.223943e-01 -1.448085e-01 -2.472908e+01
-5.278504e-02 3.390185e-01 9.392979e-01 1.212452e+02 2.547891e-01 9.140497e-01 -3.155876e-01 -6.146654e+00 -9.655550e-01 2.226646e-01 -1.346264e-01 -2.482977e+01
-3.873789e-02 3.377042e-01 9.404548e-01 1.217263e+02 2.613254e-01 9.118304e-01 -3.166614e-01 -6.311542e+00 -9.644731e-01 2.334980e-01 -1.235731e-01 -2.492491e+01
-2.519572e-02 3.397779e-01 9.401681e-01 1.223816e+02 2.599027e-01 9.103529e-01 -3.220375e-01 -6.532528e+00 -9.653060e-01 2.362382e-01 -1.112462e-01 -2.500793e+01
-1.240516e-02 3.400481e-01 9.403262e-01 1.231333e+02 2.542463e-01 9.105644e-01 -3.259313e-01 -6.806027e+00 -9.670599e-01 2.350312e-01 -9.775162e-02 -2.509104e+01
1.980603e-03 3.406080e-01 9.402035e-01 1.239443e+02 2.524556e-01 9.095801e-01 -3.300459e-01 -7.100560e+00 -9.676066e-01 2.380134e-01 -8.418691e-02 -2.516381e+01
1.282954e-02 3.437505e-01 9.389735e-01 1.243474e+02 2.458786e-01 9.091330e-01 -3.361858e-01 -7.218057e+00 -9.692159e-01 2.351866e-01 -7.285714e-02 -2.520721e+01
2.609158e-02 3.508916e-01 9.360526e-01 1.250521e+02 2.385254e-01 9.071401e-01 -3.467021e-01 -7.488123e+00 -9.707857e-01 2.323183e-01 -6.002784e-02 -2.525303e+01
3.733766e-02 3.566247e-01 9.335013e-01 1.257744e+02 2.344526e-01 9.049525e-01 -3.550957e-01 -7.811306e+00 -9.714103e-01 2.321202e-01 -4.982269e-02 -2.528558e+01
5.422622e-02 3.625415e-01 9.303888e-01 1.261702e+02 2.358635e-01 9.007419e-01 -3.647361e-01 -7.988447e+00 -9.702721e-01 2.392230e-01 -3.666639e-02 -2.532378e+01
6.680459e-02 3.628216e-01 9.294611e-01 1.266665e+02 2.318764e-01 9.003921e-01 -3.681405e-01 -8.187579e+00 -9.704487e-01 2.401136e-01 -2.397943e-02 -2.534233e+01
8.065677e-02 3.598958e-01 9.294997e-01 1.273035e+02 2.296619e-01 9.007358e-01 -3.686874e-01 -8.447650e+00 -9.699228e-01 2.432079e-01 -1.000392e-02 -2.535753e+01
8.899969e-02 3.577523e-01 9.295658e-01 1.276406e+02 2.215069e-01 9.027892e-01 -3.686549e-01 -8.592722e+00 -9.710891e-01 2.387154e-01 1.103401e-03 -2.534764e+01
9.634352e-02 3.637612e-01 9.264964e-01 1.283292e+02 2.148348e-01 9.012864e-01 -3.762033e-01 -8.887817e+00 -9.718868e-01 2.352885e-01 8.684516e-03 -2.533541e+01
9.748006e-02 3.772639e-01 9.209613e-01 1.290257e+02 2.035575e-01 8.982482e-01 -3.895055e-01 -9.150624e+00 -9.741982e-01 2.254376e-01 1.076639e-02 -2.530223e+01
9.998846e-02 3.831370e-01 9.182637e-01 1.296205e+02 1.997157e-01 8.963782e-01 -3.957523e-01 -9.349505e+00 -9.747389e-01 2.229624e-01 1.310897e-02 -2.528301e+01
9.884936e-02 3.798051e-01 9.197700e-01 1.303085e+02 1.975648e-01 8.984067e-01 -3.922161e-01 -9.654672e+00 -9.752933e-01 2.204845e-01 1.377076e-02 -2.526759e+01
9.321976e-02 3.772402e-01 9.214121e-01 1.310051e+02 1.893678e-01 9.018311e-01 -3.883820e-01 -9.942801e+00 -9.774713e-01 2.106907e-01 1.263136e-02 -2.524675e+01
9.835291e-02 3.704126e-01 9.236456e-01 1.316764e+02 2.086803e-01 8.998329e-01 -3.830839e-01 -1.032793e+01 -9.730259e-01 2.304240e-01 1.120335e-02 -2.526711e+01
9.549063e-02 3.711705e-01 9.236417e-01 1.323809e+02 2.084819e-01 8.998457e-01 -3.831618e-01 -1.063015e+01 -9.733534e-01 2.291509e-01 8.544505e-03 -2.526521e+01
9.147704e-02 3.710460e-01 9.240978e-01 1.330981e+02 2.067047e-01 9.007011e-01 -3.821135e-01 -1.093992e+01 -9.741176e-01 2.259700e-01 5.696535e-03 -2.527218e+01
8.785939e-02 3.697010e-01 9.249877e-01 1.337995e+02 2.104887e-01 9.007209e-01 -3.799952e-01 -1.124287e+01 -9.736403e-01 2.280856e-01 1.318872e-03 -2.527131e+01
7.904309e-02 3.703163e-01 9.255368e-01 1.345012e+02 2.063110e-01 9.022636e-01 -3.786240e-01 -1.153147e+01 -9.752887e-01 2.208761e-01 -5.082607e-03 -2.526542e+01
7.338506e-02 3.698602e-01 9.261847e-01 1.352382e+02 2.085557e-01 9.024642e-01 -3.769124e-01 -1.183016e+01 -9.752533e-01 2.208209e-01 -1.090908e-02 -2.527184e+01
6.894457e-02 3.700693e-01 9.264423e-01 1.359251e+02 2.129550e-01 9.017884e-01 -3.760691e-01 -1.210013e+01 -9.746265e-01 2.232184e-01 -1.663470e-02 -2.528364e+01
6.120813e-02 3.715716e-01 9.263844e-01 1.366168e+02 2.089458e-01 9.027905e-01 -3.759136e-01 -1.237029e+01 -9.760099e-01 2.165731e-01 -2.238023e-02 -2.529293e+01
5.782771e-02 3.722407e-01 9.263330e-01 1.372312e+02 2.165626e-01 9.011137e-01 -3.756257e-01 -1.264878e+01 -9.745545e-01 2.223307e-01 -2.850401e-02 -2.531626e+01
5.213308e-02 3.762138e-01 9.250650e-01 1.379147e+02 2.159104e-01 9.001691e-01 -3.782568e-01 -1.292287e+01 -9.750204e-01 2.194509e-01 -3.429985e-02 -2.533333e+01
4.932469e-02 3.784120e-01 9.243222e-01 1.386005e+02 2.166847e-01 8.993529e-01 -3.797527e-01 -1.320849e+01 -9.749949e-01 2.190177e-01 -3.763580e-02 -2.536088e+01
4.992062e-02 3.796065e-01 9.238003e-01 1.392578e+02 2.208168e-01 8.978685e-01 -3.808833e-01 -1.348787e+01 -9.740370e-01 2.230046e-01 -3.900135e-02 -2.539402e+01
5.090171e-02 3.789763e-01 9.240054e-01 1.398919e+02 2.226668e-01 8.976095e-01 -3.804165e-01 -1.375261e+01 -9.735648e-01 2.251092e-01 -3.869557e-02 -2.542176e+01
5.546916e-02 3.758850e-01 9.250047e-01 1.405454e+02 2.236053e-01 8.982237e-01 -3.784110e-01 -1.402536e+01 -9.731001e-01 2.278261e-01 -3.422618e-02 -2.544913e+01
6.180447e-02 3.753965e-01 9.248015e-01 1.412024e+02 2.222070e-01 8.981428e-01 -3.794253e-01 -1.430899e+01 -9.730387e-01 2.289476e-01 -2.790654e-02 -2.546484e+01
7.098126e-02 3.792665e-01 9.225608e-01 1.418621e+02 2.138952e-01 8.975915e-01 -3.854586e-01 -1.456881e+01 -9.742743e-01 2.246917e-01 -1.741111e-02 -2.547040e+01
8.460546e-02 3.783284e-01 9.217969e-01 1.425017e+02 2.112472e-01 8.972738e-01 -3.876524e-01 -1.485672e+01 -9.737641e-01 2.275246e-01 -4.006505e-03 -2.547547e+01
9.892035e-02 3.776864e-01 9.206345e-01 1.431317e+02 2.056252e-01 8.974461e-01 -3.902676e-01 -1.512245e+01 -9.736186e-01 2.279111e-01 1.111382e-02 -2.546131e+01
1.118191e-01 3.734646e-01 9.208805e-01 1.437762e+02 1.958418e-01 9.002357e-01 -3.888725e-01 -1.541300e+01 -9.742396e-01 2.238302e-01 2.752358e-02 -2.542751e+01
1.266004e-01 3.673594e-01 9.214225e-01 1.444205e+02 1.892521e-01 9.028890e-01 -3.859730e-01 -1.570379e+01 -9.737330e-01 2.232454e-01 4.478264e-02 -2.538498e+01
1.419483e-01 3.600140e-01 9.220850e-01 1.450440e+02 1.839101e-01 9.057073e-01 -3.819312e-01 -1.598210e+01 -9.726396e-01 2.237952e-01 6.235343e-02 -2.533496e+01
1.580495e-01 3.539621e-01 9.218087e-01 1.456448e+02 1.766122e-01 9.083549e-01 -3.790773e-01 -1.624276e+01 -9.715083e-01 2.227156e-01 8.105105e-02 -2.527783e+01
1.741433e-01 3.488550e-01 9.208554e-01 1.462590e+02 1.680004e-01 9.109085e-01 -3.768575e-01 -1.651211e+01 -9.702836e-01 2.203313e-01 1.000208e-01 -2.520696e+01
1.897560e-01 3.473163e-01 9.183485e-01 1.468175e+02 1.600955e-01 9.118791e-01 -3.779497e-01 -1.675541e+01 -9.686909e-01 2.187417e-01 1.174307e-01 -2.512682e+01
2.058875e-01 3.468472e-01 9.150450e-01 1.474203e+02 1.543537e-01 9.118624e-01 -3.803708e-01 -1.702175e+01 -9.663256e-01 2.195542e-01 1.342040e-01 -2.502566e+01
2.205156e-01 3.461190e-01 9.119071e-01 1.479528e+02 1.494617e-01 9.118894e-01 -3.822549e-01 -1.725631e+01 -9.638642e-01 2.205884e-01 1.493543e-01 -2.492399e+01
2.356635e-01 3.433144e-01 9.091743e-01 1.485419e+02 1.425833e-01 9.131857e-01 -3.817876e-01 -1.752354e+01 -9.613182e-01 2.196065e-01 1.662537e-01 -2.480737e+01
2.422982e-01 3.453550e-01 9.066541e-01 1.491026e+02 1.284225e-01 9.148611e-01 -3.828013e-01 -1.778416e+01 -9.616649e-01 2.091868e-01 1.773179e-01 -2.466380e+01
2.479877e-01 3.568294e-01 9.006526e-01 1.516821e+02 9.480661e-02 9.162914e-01 -3.891296e-01 -1.851861e+01 -9.641131e-01 1.818872e-01 1.933992e-01 -2.411649e+01
2.590035e-01 3.553849e-01 8.981196e-01 1.522600e+02 9.315113e-02 9.163243e-01 -3.894517e-01 -1.878374e+01 -9.613740e-01 1.845302e-01 2.042267e-01 -2.398042e+01
2.667653e-01 3.595898e-01 8.941653e-01 1.527711e+02 8.480392e-02 9.154299e-01 -3.934418e-01 -1.901397e+01 -9.600233e-01 1.807854e-01 2.137103e-01 -2.385369e+01
2.749832e-01 3.648519e-01 8.895321e-01 1.533080e+02 7.906523e-02 9.134843e-01 -3.991179e-01 -1.925889e+01 -9.581926e-01 1.800818e-01 2.223457e-01 -2.370362e+01
2.911417e-01 3.676744e-01 8.832056e-01 1.538132e+02 9.659287e-02 9.071834e-01 -4.094973e-01 -1.924926e+01 -9.517912e-01 2.045331e-01 2.286042e-01 -2.355021e+01
3.008470e-01 3.715199e-01 8.783303e-01 1.543618e+02 9.931564e-02 9.037848e-01 -4.163045e-01 -1.952905e+01 -9.484870e-01 2.124759e-01 2.350032e-01 -2.341473e+01
3.086085e-01 3.700761e-01 8.762445e-01 1.549945e+02 9.931342e-02 9.036382e-01 -4.166232e-01 -1.982756e+01 -9.459903e-01 2.155963e-01 2.421169e-01 -2.322498e+01
3.131973e-01 3.641781e-01 8.770872e-01 1.555588e+02 9.357639e-02 9.072244e-01 -4.101065e-01 -2.010183e+01 -9.450667e-01 2.105189e-01 2.500618e-01 -2.305061e+01
3.160548e-01 3.549099e-01 8.798570e-01 1.559903e+02 8.671916e-02 9.127053e-01 -3.993105e-01 -2.033289e+01 -9.447694e-01 2.025045e-01 2.576874e-01 -2.292081e+01
3.220078e-01 3.448519e-01 8.816962e-01 1.563996e+02 9.039792e-02 9.158454e-01 -3.912230e-01 -2.055028e+01 -9.424114e-01 2.056804e-01 2.637355e-01 -2.282901e+01
