1.000000e+00 0.000000e+00 0.000000e+00 0.000000e+00 0.000000e+00 1.000000e+00 0.000000e+00 0.000000e+00 0.000000e+00 0.000000e+00 1.000000e+00 0.000000e+00
9.999512e-01 -2.211278e-03 9.632160e-03 2.679899e-02 2.198913e-03 9.999967e-01 1.294153e-03 -7.842963e-03 -9.634991e-03 -1.272909e-03 9.999528e-01 2.303126e-01
9.998847e-01 -3.797020e-03 1.470037e-02 5.203906e-02 3.770955e-03 9.999913e-01 1.800378e-03 -1.021396e-02 -1.470708e-02 -1.744736e-03 9.998903e-01 4.423325e-01
9.998583e-01 -6.041426e-03 1.571380e-02 5.851079e-02 6.026501e-03 9.999813e-01 9.969422e-04 -1.240315e-02 -1.571953e-02 -9.021016e-04 9.998760e-01 6.938074e-01
9.999133e-01 -6.962799e-03 1.118058e-02 7.075221e-02 6.957702e-03 9.999757e-01 4.946135e-04 -1.205411e-02 -1.118375e-02 -4.167794e-04 9.999374e-01 8.828982e-01
9.998903e-01 -1.015704e-02 1.078349e-02 7.403490e-02 1.016855e-02 9.999478e-01 -1.012691e-03 -1.279530e-02 -1.077264e-02 1.122232e-03 9.999413e-01 1.167434e+00
9.999336e-01 -1.103317e-02 -3.330456e-03 6.334114e-02 1.102762e-02 9.999378e-01 -1.681141e-03 -1.922207e-02 3.348797e-03 1.644302e-03 9.999930e-01 1.422976e+00
9.997423e-01 -1.065657e-02 -2.004409e-02 3.968756e-02 1.062794e-02 9.999424e-01 -1.534483e-03 -2.295576e-02 2.005928e-02 1.321060e-03 9.997979e-01 1.686718e+00
9.997259e-01 -7.397966e-03 -2.221420e-02 4.336535e-02 7.345631e-03 9.999701e-01 -2.436608e-03 -3.251550e-02 2.223156e-02 2.272763e-03 9.997503e-01 2.125972e+00
9.991011e-01 -3.195432e-03 -4.227048e-02 1.467753e-02 3.064753e-03 9.999903e-01 -3.155937e-03 -3.796128e-02 4.228016e-02 3.023552e-03 9.991012e-01 2.433031e+00
9.979832e-01 -2.509282e-03 -6.342850e-02 -2.007084e-02 2.340990e-03 9.999936e-01 -2.727431e-03 -4.037172e-02 6.343494e-02 2.573445e-03 9.979827e-01 2.716964e+00
9.963748e-01 -3.144265e-03 -8.501393e-02 -6.076605e-02 2.992376e-03 9.999937e-01 -1.914010e-03 -4.395318e-02 8.501941e-02 1.652678e-03 9.963779e-01 3.059198e+00
9.944301e-01 -3.865391e-03 -1.053271e-01 -1.097468e-01 3.792395e-03 9.999924e-01 -8.933163e-04 -5.038280e-02 1.053298e-01 4.888987e-04 9.944372e-01 3.409067e+00
9.944358e-01 -4.030599e-03 -1.052676e-01 -1.451366e-01 3.980696e-03 9.999918e-01 -6.841561e-04 -6.113513e-02 1.052695e-01 2.613110e-04 9.944437e-01 3.927299e+00
9.925870e-01 -3.311882e-03 -1.214910e-01 -2.121807e-01 3.347225e-03 9.999944e-01 8.682914e-05 -6.725298e-02 1.214900e-01 -4.928430e-04 9.925925e-01 4.321374e+00
9.907213e-01 -2.885393e-03 -1.358783e-01 -2.851582e-01 2.974232e-03 9.999955e-01 4.508048e-04 -7.106771e-02 1.358764e-01 -8.507555e-04 9.907255e-01 4.696862e+00
9.886422e-01 -3.887379e-03 -1.502386e-01 -3.573163e-01 3.928208e-03 9.999923e-01 -2.500671e-05 -7.367216e-02 1.502375e-01 -5.654456e-04 9.886498e-01 5.069839e+00
9.872465e-01 -6.744247e-03 -1.590565e-01 -4.307123e-01 6.507913e-03 9.999768e-01 -2.006690e-03 -8.362685e-02 1.590663e-01 9.459720e-04 9.872674e-01 5.524689e+00
9.857739e-01 -6.197713e-03 -1.679623e-01 -5.161461e-01 5.718247e-03 9.999781e-01 -3.338115e-03 -8.737008e-02 1.679793e-01 2.330176e-03 9.857877e-01 5.942550e+00
9.841064e-01 -6.206739e-03 -1.774712e-01 -6.164485e-01 5.481120e-03 9.999745e-01 -4.578633e-03 -8.679168e-02 1.774951e-01 3.533121e-03 9.841154e-01 6.373598e+00
9.824789e-01 -7.143945e-03 -1.862367e-01 -7.149073e-01 5.977994e-03 9.999589e-01 -6.821415e-03 -9.364246e-02 1.862778e-01 5.588574e-03 9.824812e-01 6.824018e+00
9.807683e-01 -1.046483e-02 -1.948950e-01 -8.090059e-01 8.985701e-03 9.999238e-01 -8.471953e-03 -1.006368e-01 1.949687e-01 6.557755e-03 9.807875e-01 7.312126e+00
9.789823e-01 -1.622003e-02 -2.032989e-01 -9.141740e-01 1.459221e-02 9.998484e-01 -9.503487e-03 -1.123437e-01 2.034223e-01 6.337165e-03 9.790706e-01 7.811231e+00
9.768289e-01 -1.712500e-02 -2.133354e-01 -1.036176e+00 1.506472e-02 9.998229e-01 -1.127947e-02 -1.281939e-01 2.134908e-01 7.804271e-03 9.769139e-01 8.298274e+00
9.748452e-01 -1.351356e-02 -2.224729e-01 -1.178888e+00 1.031169e-02 9.998260e-01 -1.554754e-02 -1.313174e-01 2.226443e-01 1.286237e-02 9.748149e-01 8.807167e+00
9.728268e-01 -1.009689e-02 -2.313138e-01 -1.318419e+00 6.014738e-03 9.998136e-01 -1.834611e-02 -1.433877e-01 2.314560e-01 1.645629e-02 9.727062e-01 9.323409e+00
9.702085e-01 -1.204714e-02 -2.419717e-01 -1.451932e+00 7.446687e-03 9.997739e-01 -1.991792e-02 -1.594523e-01 2.421570e-01 1.752265e-02 9.700788e-01 9.850202e+00
9.680164e-01 -1.362218e-02 -2.505166e-01 -1.594777e+00 8.510686e-03 9.997332e-01 -2.147586e-02 -1.821277e-01 2.507423e-01 1.865692e-02 9.678741e-01 1.041392e+01
9.661351e-01 -1.388901e-02 -2.576625e-01 -1.755254e+00 7.961447e-03 9.996794e-01 -2.403425e-02 -2.011730e-01 2.579138e-01 2.116897e-02 9.659360e-01 1.098493e+01
9.638004e-01 -1.314077e-02 -2.663009e-01 -1.929524e+00 5.998657e-03 9.996006e-01 -2.761543e-02 -2.188874e-01 2.665575e-01 2.501831e-02 9.634942e-01 1.156454e+01
9.615567e-01 -1.375196e-02 -2.742618e-01 -2.098421e+00 5.069951e-03 9.994641e-01 -3.233968e-02 -2.411849e-01 2.745596e-01 2.970595e-02 9.611111e-01 1.211802e+01
9.593861e-01 -1.413382e-02 -2.817422e-01 -2.279864e+00 3.192431e-03 9.992241e-01 -3.925605e-02 -2.724569e-01 2.820784e-01 3.676226e-02 9.586868e-01 1.270425e+01
9.579669e-01 -1.411394e-02 -2.865314e-01 -2.472326e+00 5.862545e-04 9.988832e-01 -4.724290e-02 -3.022160e-01 2.868781e-01 4.508915e-02 9.569054e-01 1.330805e+01
9.567956e-01 -1.391876e-02 -2.904279e-01 -2.663822e+00 -2.375558e-03 9.984460e-01 -5.567665e-02 -3.391396e-01 2.907515e-01 5.396110e-02 9.552758e-01 1.392080e+01
9.553299e-01 -1.294934e-02 -2.952578e-01 -2.875550e+00 -6.414909e-03 9.978957e-01 -6.452141e-02 -3.793079e-01 2.954720e-01 6.353328e-02 9.532365e-01 1.455953e+01
9.540991e-01 -1.168856e-02 -2.992631e-01 -3.087214e+00 -1.017071e-02 9.973972e-01 -7.138200e-02 -4.293270e-01 2.993186e-01 7.114922e-02 9.514968e-01 1.519224e+01
9.522704e-01 -1.024781e-02 -3.050835e-01 -3.310573e+00 -1.399930e-02 9.969186e-01 -7.718328e-02 -4.800856e-01 3.049344e-01 7.777032e-02 9.491927e-01 1.580833e+01
9.505954e-01 -8.645169e-03 -3.103122e-01 -3.536654e+00 -1.791853e-02 9.964175e-01 -8.265054e-02 -5.392526e-01 3.099150e-01 8.412756e-02 9.470350e-01 1.643848e+01
9.489859e-01 -6.422208e-03 -3.152529e-01 -3.772273e+00 -2.234880e-02 9.959082e-01 -8.756341e-02 -6.030058e-01 3.145253e-01 9.014197e-02 9.449594e-01 1.708666e+01
9.470665e-01 -3.630634e-03 -3.210168e-01 -4.029058e+00 -2.691923e-02 9.955165e-01 -9.067643e-02 -6.697689e-01 3.199067e-01 9.451814e-02 9.427227e-01 1.777752e+01
9.453939e-01 -2.553731e-03 -3.259199e-01 -4.280717e+00 -2.902350e-02 9.953371e-01 -9.198721e-02 -7.383522e-01 3.246351e-01 9.642350e-02 9.409115e-01 1.846841e+01
9.432242e-01 -1.612192e-03 -3.321528e-01 -4.538850e+00 -3.026160e-02 9.954123e-01 -9.076627e-02 -8.143228e-01 3.307754e-01 9.566442e-02 9.388482e-01 1.916206e+01
9.410096e-01 -1.432003e-03 -3.383767e-01 -4.802706e+00 -3.058805e-02 9.955370e-01 -8.927701e-02 -8.866727e-01 3.369944e-01 9.436081e-02 9.367661e-01 1.986607e+01
9.386592e-01 -9.491220e-04 -3.448450e-01 -5.060462e+00 -3.110258e-02 9.956875e-01 -8.740085e-02 -9.598451e-01 3.434408e-01 9.276518e-02 9.345818e-01 2.057427e+01
9.358393e-01 -5.097631e-04 -3.524266e-01 -5.326684e+00 -3.119490e-02 9.959540e-01 -8.427603e-02 -1.030531e+00 3.510436e-01 8.986273e-02 9.320371e-01 2.126499e+01
9.318475e-01 2.397530e-03 -3.628424e-01 -5.633878e+00 -3.315035e-02 9.963586e-01 -7.855275e-02 -1.100956e+00 3.613328e-01 8.522753e-02 9.285337e-01 2.203332e+01
9.287256e-01 4.733720e-03 -3.707375e-01 -5.936265e+00 -3.415230e-02 9.967597e-01 -7.282708e-02 -1.172205e+00 3.691914e-01 8.029791e-02 9.258779e-01 2.274440e+01
9.252689e-01 7.918104e-03 -3.792291e-01 -6.253203e+00 -3.665608e-02 9.969692e-01 -6.861982e-02 -1.236305e+00 3.775364e-01 7.739283e-02 9.227549e-01 2.347670e+01
9.219206e-01 9.399544e-03 -3.872648e-01 -6.563669e+00 -3.823177e-02 9.970326e-01 -6.681475e-02 -1.300096e+00 3.854877e-01 7.640371e-02 9.195443e-01 2.420876e+01
9.180345e-01 1.048946e-02 -3.963618e-01 -6.897456e+00 -3.977720e-02 9.970434e-01 -6.574395e-02 -1.364537e+00 3.945003e-01 7.612137e-02 9.157375e-01 2.494852e+01
9.146578e-01 1.078308e-02 -4.040851e-01 -7.232879e+00 -4.026664e-02 9.971026e-01 -6.453682e-02 -1.422761e+00 4.022184e-01 7.530026e-02 9.124419e-01 2.567883e+01
9.108526e-01 1.161542e-02 -4.125684e-01 -7.589474e+00 -4.110783e-02 9.971866e-01 -6.268154e-02 -1.482795e+00 4.106796e-01 7.405344e-02 9.087675e-01 2.643763e+01
9.071108e-01 1.167490e-02 -4.207301e-01 -7.943136e+00 -4.076339e-02 9.973530e-01 -6.021179e-02 -1.543923e+00 4.189134e-01 7.176915e-02 9.051855e-01 2.719610e+01
9.030496e-01 1.210971e-02 -4.293656e-01 -8.318261e+00 -4.009072e-02 9.976153e-01 -5.618307e-02 -1.601824e+00 4.276614e-01 6.794967e-02 9.013815e-01 2.798034e+01
8.991455e-01 1.394450e-02 -4.374275e-01 -8.710011e+00 -4.000071e-02 9.979272e-01 -5.041034e-02 -1.652821e+00 4.358179e-01 6.282365e-02 8.978396e-01 2.876947e+01
8.954847e-01 1.350569e-02 -4.448873e-01 -9.114108e+00 -3.788744e-02 9.982247e-01 -4.595752e-02 -1.709007e+00 4.434768e-01 5.800990e-02 8.944066e-01 2.955791e+01
8.919629e-01 1.330206e-02 -4.519128e-01 -9.513850e+00 -3.717214e-02 9.983405e-01 -4.398236e-02 -1.760275e+00 4.505778e-01 5.602920e-02 8.909772e-01 3.034965e+01
8.894568e-01 1.373917e-02 -4.568127e-01 -9.912314e+00 -3.735003e-02 9.983897e-01 -4.269626e-02 -1.806746e+00 4.554905e-01 5.503844e-02 8.885376e-01 3.112038e+01
8.866765e-01 1.375103e-02 -4.621857e-01 -1.032934e+01 -3.676237e-02 9.984900e-01 -4.081924e-02 -1.847744e+00 4.609264e-01 5.318450e-02 8.858432e-01 3.190698e+01
8.847212e-01 1.193631e-02 -4.659677e-01 -1.076365e+01 -3.430993e-02 9.986279e-01 -3.956237e-02 -1.894427e+00 4.648561e-01 5.098899e-02 8.839168e-01 3.271700e+01
8.823651e-01 1.124623e-02 -4.704310e-01 -1.119425e+01 -3.357124e-02 9.986715e-01 -3.909352e-02 -1.940260e+00 4.693664e-01 5.028771e-02 8.815704e-01 3.352821e+01
8.809378e-01 1.084086e-02 -4.731079e-01 -1.163298e+01 -3.328521e-02 9.986810e-01 -3.909390e-02 -1.985615e+00 4.720601e-01 5.018679e-02 8.801367e-01 3.433966e+01
8.798907e-01 1.108593e-02 -4.750468e-01 -1.210745e+01 -3.369815e-02 9.986665e-01 -3.911096e-02 -2.029112e+00 4.739797e-01 5.042157e-02 8.790909e-01 3.520227e+01
8.808302e-01 1.130062e-02 -4.732974e-01 -1.257529e+01 -3.326356e-02 9.987217e-01 -3.805931e-02 -2.073932e+00 4.722623e-01 4.926734e-02 8.800801e-01 3.604880e+01
8.803841e-01 1.170683e-02 -4.741169e-01 -1.304881e+01 -3.289636e-02 9.987949e-01 -3.642290e-02 -2.117960e+00 4.731191e-01 4.766287e-02 8.797082e-01 3.692982e+01
8.806449e-01 1.076346e-02 -4.736546e-01 -1.349784e+01 -3.136232e-02 9.988735e-01 -3.561190e-02 -2.163074e+00 4.727377e-01 4.621635e-02 8.799904e-01 3.778923e+01
8.801789e-01 9.915098e-03 -4.745385e-01 -1.394000e+01 -3.051873e-02 9.988952e-01 -3.573536e-02 -2.206207e+00 4.736600e-01 4.593582e-02 8.795090e-01 3.861903e+01
8.785769e-01 8.645053e-03 -4.775227e-01 -1.441209e+01 -2.926166e-02 9.989322e-01 -3.575284e-02 -2.251327e+00 4.767037e-01 4.538473e-02 8.778917e-01 3.950125e+01
8.776121e-01 8.243610e-03 -4.793006e-01 -1.489277e+01 -2.782610e-02 9.990423e-01 -3.376754e-02 -2.295177e+00 4.785631e-01 4.297187e-02 8.770010e-01 4.037729e+01
8.748162e-01 9.041893e-03 -4.843705e-01 -1.539945e+01 -2.705883e-02 9.991770e-01 -3.021872e-02 -2.341034e+00 4.836986e-01 3.954232e-02 8.743410e-01 4.129868e+01
8.713917e-01 8.852231e-03 -4.905082e-01 -1.590011e+01 -2.459690e-02 9.993681e-01 -2.566093e-02 -2.386627e+00 4.899710e-01 3.442569e-02 8.710587e-01 4.219049e+01
8.675936e-01 8.160500e-03 -4.972069e-01 -1.638939e+01 -2.276857e-02 9.994686e-01 -2.332571e-02 -2.428828e+00 4.967523e-01 3.155793e-02 8.673184e-01 4.306007e+01
8.655455e-01 6.092157e-03 -5.007933e-01 -1.635297e+01 -2.129550e-02 9.994693e-01 -2.464750e-02 -2.426834e+00 5.003774e-01 3.199818e-02 8.652159e-01 4.305924e+01
8.598826e-01 3.414213e-03 -5.104805e-01 -1.687993e+01 -2.066848e-02 9.993905e-01 -2.813103e-02 -2.470649e+00 5.100732e-01 3.474024e-02 8.594291e-01 4.395634e+01
8.551018e-01 1.981406e-03 -5.184563e-01 -1.743025e+01 -1.902429e-02 9.994392e-01 -2.755759e-02 -2.509715e+00 5.181109e-01 3.342781e-02 8.546600e-01 4.484568e+01
8.478178e-01 5.925992e-03 -5.302546e-01 -1.796760e+01 -2.102519e-02 9.995269e-01 -2.244647e-02 -2.546854e+00 5.298707e-01 3.017922e-02 8.475413e-01 4.573659e+01
8.440637e-01 1.055852e-02 -5.361390e-01 -1.851294e+01 -2.305121e-02 9.995964e-01 -1.660471e-02 -2.587724e+00 5.357472e-01 2.637409e-02 8.439664e-01 4.655879e+01
8.426086e-01 1.178780e-02 -5.383974e-01 -1.849345e+01 -2.523089e-02 9.995267e-01 -1.760323e-02 -2.581985e+00 5.379351e-01 2.841688e-02 8.425071e-01 4.662693e+01
8.391835e-01 1.016528e-02 -5.437533e-01 -1.905019e+01 -2.656288e-02 9.993981e-01 -2.231153e-02 -2.616101e+00 5.431992e-01 3.316712e-02 8.389485e-01 4.748481e+01
8.359081e-01 8.398389e-03 -5.488052e-01 -1.961324e+01 -2.881602e-02 9.991755e-01 -2.860046e-02 -2.660423e+00 5.481125e-01 3.972174e-02 8.354609e-01 4.832414e+01
8.348661e-01 9.029086e-03 -5.503791e-01 -1.959725e+01 -3.019397e-02 9.991113e-01 -2.941039e-02 -2.667362e+00 5.496244e-01 4.117186e-02 8.343968e-01 4.847571e+01
8.311778e-01 1.047003e-02 -5.559081e-01 -2.016959e+01 -2.985542e-02 9.992207e-01 -2.581954e-02 -2.711134e+00 5.552045e-01 3.805749e-02 8.308427e-01 4.933265e+01
8.299218e-01 1.297593e-02 -5.577288e-01 -2.027251e+01 -2.858724e-02 9.994052e-01 -1.928708e-02 -2.721452e+00 5.571468e-01 3.195070e-02 8.297991e-01 4.956211e+01
8.259358e-01 1.428907e-02 -5.635831e-01 -2.087428e+01 -2.802382e-02 9.994835e-01 -1.572827e-02 -2.757188e+00 5.630673e-01 2.878430e-02 8.259096e-01 5.041490e+01
8.230658e-01 1.588028e-02 -5.677240e-01 -2.144435e+01 -3.023397e-02 9.994168e-01 -1.587661e-02 -2.787571e+00 5.671408e-01 3.023205e-02 8.230659e-01 5.124825e+01
8.230979e-01 1.510247e-02 -5.676987e-01 -2.140315e+01 -2.964997e-02 9.994258e-01 -1.640134e-02 -2.783939e+00 5.671250e-01 3.033216e-02 8.230730e-01 5.124019e+01
8.217744e-01 1.456380e-02 -5.696270e-01 -2.133215e+01 -2.976191e-02 9.994059e-01 -1.738407e-02 -2.782340e+00 5.690354e-01 3.123897e-02 8.217195e-01 5.119141e+01
8.185564e-01 1.470872e-02 -5.742377e-01 -2.132937e+01 -2.966377e-02 9.994206e-01 -1.668520e-02 -2.782044e+00 5.736597e-01 3.069184e-02 8.185185e-01 5.121149e+01
8.144141e-01 1.465210e-02 -5.800992e-01 -2.190986e+01 -2.888861e-02 9.994653e-01 -1.531294e-02 -2.811800e+00 5.795646e-01 2.922933e-02 8.144019e-01 5.203819e+01
8.112924e-01 1.511282e-02 -5.844454e-01 -2.249473e+01 -2.901782e-02 9.994746e-01 -1.443601e-02 -2.841725e+00 5.839201e-01 2.867115e-02 8.113047e-01 5.285273e+01
8.088754e-01 1.581383e-02 -5.877674e-01 -2.251687e+01 -2.997928e-02 9.994473e-01 -1.436693e-02 -2.843349e+00 5.872154e-01 2.924190e-02 8.089024e-01 5.289359e+01
8.072568e-01 1.630538e-02 -5.899751e-01 -2.251959e+01 -3.072791e-02 9.994237e-01 -1.442321e-02 -2.843119e+00 5.893999e-01 2.977194e-02 8.072927e-01 5.289610e+01
8.038266e-01 1.749965e-02 -5.946062e-01 -2.253621e+01 -3.206326e-02 9.993888e-01 -1.393250e-02 -2.844762e+00 5.939990e-01 3.026433e-02 8.038963e-01 5.292915e+01
8.007393e-01 1.852900e-02 -5.987263e-01 -2.255465e+01 -3.329307e-02 9.993531e-01 -1.359897e-02 -2.846166e+00 5.980870e-01 3.082266e-02 8.008382e-01 5.292360e+01
7.972687e-01 1.961905e-02 -6.033057e-01 -2.256712e+01 -3.487495e-02 9.992993e-01 -1.359079e-02 -2.848182e+00 6.026163e-01 3.187577e-02 7.973942e-01 5.292793e+01
7.932178e-01 2.104135e-02 -6.085744e-01 -2.263210e+01 -3.603702e-02 9.992732e-01 -1.242108e-02 -2.850736e+00 6.078708e-01 3.178383e-02 7.933996e-01 5.294603e+01
7.871295e-01 2.182331e-02 -6.164017e-01 -2.324422e+01 -3.599256e-02 9.992960e-01 -1.058216e-02 -2.875268e+00 6.157368e-01 3.051540e-02 7.873608e-01 5.374831e+01
7.834384e-01 2.070554e-02 -6.211244e-01 -2.388026e+01 -3.393045e-02 9.993792e-01 -9.482375e-03 -2.900470e+00 6.205424e-01 2.850389e-02 7.836546e-01 5.453087e+01
7.806389e-01 2.225708e-02 -6.245860e-01 -2.391933e+01 -3.577904e-02 9.993182e-01 -9.107805e-03 -2.903353e+00 6.239574e-01 2.945699e-02 7.809030e-01 5.455817e+01
7.791475e-01 2.306743e-02 -6.264160e-01 -2.389814e+01 -3.736147e-02 9.992550e-01 -9.673844e-03 -2.903745e+00 6.257262e-01 3.094117e-02 7.794289e-01 5.452439e+01
7.733432e-01 2.613682e-02 -6.334487e-01 -2.393566e+01 -4.057763e-02 9.991418e-01 -8.313300e-03 -2.904360e+00 6.326877e-01 3.213288e-02 7.737401e-01 5.457428e+01
7.703328e-01 2.732750e-02 -6.370563e-01 -2.406432e+01 -4.086765e-02 9.991431e-01 -6.557669e-03 -2.904859e+00 6.363311e-01 3.108658e-02 7.707894e-01 5.468398e+01
7.682530e-01 2.942121e-02 -6.394699e-01 -2.416326e+01 -4.283643e-02 9.990669e-01 -5.497455e-03 -2.907256e+00 6.387115e-01 3.161604e-02 7.687965e-01 5.481306e+01
7.675189e-01 3.066565e-02 -6.402923e-01 -2.417268e+01 -4.430013e-02 9.990044e-01 -5.257080e-03 -2.906733e+00 6.394936e-01 3.239994e-02 7.681133e-01 5.481180e+01
7.628540e-01 3.131130e-02 -6.458123e-01 -2.409723e+01 -4.583623e-02 9.989327e-01 -5.711356e-03 -2.903697e+00 6.449441e-01 3.395852e-02 7.634749e-01 5.475558e+01
7.615149e-01 2.922502e-02 -6.474882e-01 -2.401085e+01 -4.403932e-02 9.990073e-01 -6.703730e-03 -2.898693e+00 6.466495e-01 3.361993e-02 7.620460e-01 5.467368e+01
7.580795e-01 2.823473e-02 -6.515507e-01 -2.399728e+01 -4.249670e-02 9.990777e-01 -6.150225e-03 -2.896431e+00 6.507760e-01 3.235111e-02 7.585802e-01 5.465800e+01
7.548711e-01 2.826218e-02 -6.552640e-01 -2.422194e+01 -4.071866e-02 9.991634e-01 -3.813424e-03 -2.900598e+00 6.546080e-01 2.956012e-02 7.553903e-01 5.492070e+01
7.504658e-01 2.840269e-02 -6.602986e-01 -2.493580e+01 -3.980828e-02 9.992048e-01 -2.263590e-03 -2.918733e+00 6.597093e-01 2.798410e-02 7.509997e-01 5.573816e+01
7.490129e-01 2.795631e-02 -6.619654e-01 -2.497315e+01 -3.882692e-02 9.992445e-01 -1.732220e-03 -2.920831e+00 6.614168e-01 2.699953e-02 7.495324e-01 5.579902e+01
7.464569e-01 2.804509e-02 -6.648425e-01 -2.499822e+01 -3.833037e-02 9.992647e-01 -8.836715e-04 -2.918845e+00 6.643288e-01 2.614329e-02 7.469831e-01 5.585254e+01
7.450600e-01 2.838921e-02 -6.663931e-01 -2.506158e+01 -3.792525e-02 9.992806e-01 1.683645e-04 -2.918739e+00 6.659184e-01 2.514768e-02 7.456006e-01 5.590741e+01
7.442980e-01 2.835363e-02 -6.672455e-01 -2.515019e+01 -3.702138e-02 9.993138e-01 1.167841e-03 -2.915918e+00 6.668208e-01 2.383313e-02 7.448369e-01 5.599033e+01
7.441875e-01 2.739846e-02 -6.674086e-01 -2.516640e+01 -3.570189e-02 9.993618e-01 1.216755e-03 -2.914666e+00 6.670160e-01 2.292226e-02 7.446907e-01 5.604221e+01
7.424256e-01 2.459281e-02 -6.694770e-01 -2.506687e+01 -3.350699e-02 9.994384e-01 -4.442986e-04 -2.914168e+00 6.690901e-01 2.276202e-02 7.428326e-01 5.597462e+01
7.378032e-01 2.160791e-02 -6.746700e-01 -2.498714e+01 -2.971500e-02 9.995583e-01 -4.823953e-04 -2.912865e+00 6.743616e-01 2.040373e-02 7.381194e-01 5.594388e+01
7.366476e-01 1.902897e-02 -6.760090e-01 -2.500468e+01 -2.570819e-02 9.996695e-01 1.254519e-04 -2.915302e+00 6.757880e-01 1.728656e-02 7.368933e-01 5.600576e+01
7.351645e-01 1.677464e-02 -6.776811e-01 -2.502784e+01 -2.234431e-02 9.997502e-01 5.071736e-04 -2.917603e+00 6.775203e-01 1.476946e-02 7.353557e-01 5.604527e+01
7.314003e-01 1.593358e-02 -6.817623e-01 -2.527143e+01 -1.959665e-02 9.998052e-01 2.343175e-03 -2.920754e+00 6.816669e-01 1.164646e-02 7.315700e-01 5.629628e+01
7.234534e-01 1.722472e-02 -6.901582e-01 -2.606130e+01 -1.858630e-02 9.998123e-01 5.469993e-03 -2.925387e+00 6.901230e-01 8.870206e-03 7.236378e-01 5.712511e+01
7.158344e-01 1.749387e-02 -6.980509e-01 -2.690068e+01 -1.826283e-02 9.998132e-01 6.328249e-03 -2.938641e+00 6.980312e-01 8.218408e-03 7.160202e-01 5.797973e+01
7.126135e-01 1.858007e-02 -7.013108e-01 -2.688905e+01 -2.094480e-02 9.997671e-01 5.204824e-03 -2.931438e+00 7.012441e-01 1.097978e-02 7.128367e-01 5.796818e+01
7.108058e-01 1.761713e-02 -7.031677e-01 -2.683907e+01 -2.043838e-02 9.997815e-01 4.388089e-03 -2.931556e+00 7.030914e-01 1.125253e-02 7.110106e-01 5.791888e+01
7.061561e-01 1.758101e-02 -7.078379e-01 -2.682587e+01 -2.074571e-02 9.997762e-01 4.135654e-03 -2.929125e+00 7.077522e-01 1.176418e-02 7.063628e-01 5.792278e+01
6.983820e-01 1.607032e-02 -7.155448e-01 -2.764350e+01 -1.681941e-02 9.998403e-01 6.039284e-03 -2.938445e+00 7.155276e-01 7.817314e-03 6.985408e-01 5.872688e+01
6.897813e-01 1.639330e-02 -7.238322e-01 -2.847775e+01 -1.538079e-02 9.998498e-01 7.987292e-03 -2.945240e+00 7.238544e-01 5.623627e-03 6.899298e-01 5.953053e+01
6.861454e-01 1.568338e-02 -7.272953e-01 -2.855863e+01 -1.398679e-02 9.998672e-01 8.365680e-03 -2.943166e+00 7.273299e-01 4.432454e-03 6.862736e-01 5.957343e+01
6.825348e-01 1.484834e-02 -7.307023e-01 -2.857342e+01 -1.331297e-02 9.998803e-01 7.882820e-03 -2.940159e+00 7.307318e-01 4.347517e-03 6.826508e-01 5.957157e+01
6.793783e-01 1.449926e-02 -7.336450e-01 -2.859784e+01 -1.314298e-02 9.998848e-01 7.590226e-03 -2.939122e+00 7.336705e-01 4.485648e-03 6.794906e-01 5.955418e+01
6.752217e-01 1.381114e-02 -7.374855e-01 -2.859944e+01 -1.269968e-02 9.998941e-01 7.097879e-03 -2.939603e+00 7.375055e-01 4.573187e-03 6.753256e-01 5.951411e+01
6.708337e-01 1.302090e-02 -7.414935e-01 -2.867333e+01 -1.090626e-02 9.999110e-01 7.691840e-03 -2.940110e+00 7.415276e-01 2.926975e-03 6.709160e-01 5.949923e+01
6.624111e-01 1.481371e-02 -7.489941e-01 -2.952365e+01 -1.084651e-02 9.998893e-01 1.018329e-02 -2.941825e+00 7.490620e-01 1.378440e-03 6.624985e-01 6.025853e+01
6.567484e-01 1.578456e-02 -7.539446e-01 -3.043575e+01 -9.278224e-03 9.998744e-01 1.285123e-02 -2.944520e+00 7.540527e-01 -1.444761e-03 6.568124e-01 6.104291e+01
6.552511e-01 1.461092e-02 -7.552699e-01 -3.059617e+01 -6.887688e-03 9.998869e-01 1.336754e-02 -2.939269e+00 7.553798e-01 -3.557035e-03 6.552776e-01 6.110021e+01
6.555275e-01 1.090250e-02 -7.550926e-01 -3.056393e+01 -3.154278e-03 9.999266e-01 1.169921e-02 -2.937059e+00 7.551647e-01 -5.287383e-03 6.555138e-01 6.103194e+01
6.545780e-01 7.250232e-03 -7.559597e-01 -3.052260e+01 8.847257e-04 9.999460e-01 1.035632e-02 -2.938658e+00 7.559939e-01 -7.447838e-03 6.545362e-01 6.096186e+01
6.557535e-01 3.634224e-03 -7.549663e-01 -3.045848e+01 4.325881e-03 9.999539e-01 8.570935e-03 -2.943122e+00 7.549626e-01 -8.886314e-03 6.557075e-01 6.085912e+01
6.548477e-01 -4.131999e-04 -7.557608e-01 -3.047848e+01 8.174246e-03 9.999452e-01 6.536076e-03 -2.955370e+00 7.557167e-01 -1.045791e-02 6.548152e-01 6.081574e+01
6.534378e-01 -2.606116e-03 -7.569757e-01 -3.054755e+01 1.264826e-02 9.998921e-01 7.475824e-03 -2.966945e+00 7.568745e-01 -1.445941e-02 6.534002e-01 6.079965e+01
6.503665e-01 -1.733056e-03 -7.596186e-01 -3.148369e+01 1.543819e-02 9.998210e-01 1.093672e-02 -2.973789e+00 7.594636e-01 -1.884001e-02 6.502769e-01 6.159270e+01
6.463922e-01 -1.513259e-03 -7.630038e-01 -3.240138e+01 1.993925e-02 9.996900e-01 1.490921e-02 -2.982115e+00 7.627448e-01 -2.485092e-02 6.462220e-01 6.237455e+01
6.432725e-01 -1.362806e-03 -7.656361e-01 -3.326703e+01 2.188096e-02 9.996227e-01 1.660466e-02 -2.985881e+00 7.653246e-01 -2.743418e-02 6.430596e-01 6.309887e+01
6.425475e-01 -1.467424e-03 -7.662445e-01 -3.397642e+01 2.350752e-02 9.995652e-01 1.779838e-02 -2.987859e+00 7.658852e-01 -2.944881e-02 6.423026e-01 6.368254e+01
6.410512e-01 -1.432492e-03 -7.674968e-01 -3.480234e+01 2.607662e-02 9.994615e-01 1.991504e-02 -2.988890e+00 7.670550e-01 -3.278028e-02 6.407434e-01 6.437317e+01
6.391724e-01 -1.229009e-03 -7.690625e-01 -3.565428e+01 2.823494e-02 9.993621e-01 2.186919e-02 -2.986131e+00 7.685450e-01 -3.569262e-02 6.387993e-01 6.507766e+01
6.392591e-01 -1.318706e-03 -7.689903e-01 -3.586494e+01 2.964854e-02 9.992973e-01 2.293309e-02 -2.987760e+00 7.684197e-01 -3.745962e-02 6.388490e-01 6.522588e+01
6.394661e-01 -1.651891e-03 -7.688175e-01 -3.602065e+01 3.178489e-02 9.991995e-01 2.429028e-02 -2.987810e+00 7.681620e-01 -3.996959e-02 6.390067e-01 6.535810e+01
6.382484e-01 -1.716752e-03 -7.698285e-01 -3.690572e+01 3.493441e-02 9.990320e-01 2.673549e-02 -2.981601e+00 7.690373e-01 -4.395740e-02 6.376906e-01 6.610150e+01
6.367568e-01 -1.432730e-03 -7.710634e-01 -3.760975e+01 3.700557e-02 9.989027e-01 2.870372e-02 -2.975736e+00 7.701762e-01 -4.681093e-02 6.361111e-01 6.668214e+01
6.367363e-01 -9.508971e-04 -7.710810e-01 -3.766526e+01 3.715657e-02 9.988754e-01 2.945100e-02 -2.974286e+00 7.701858e-01 -4.740325e-02 6.360556e-01 6.673115e+01
6.370879e-01 -9.792224e-04 -7.707905e-01 -3.767735e+01 3.731120e-02 9.988661e-01 2.957017e-02 -2.972089e+00 7.698875e-01 -4.759792e-02 6.364021e-01 6.674704e+01
6.345774e-01 -4.563723e-04 -7.728592e-01 -3.767813e+01 3.657801e-02 9.988970e-01 2.944355e-02 -2.972632e+00 7.719932e-01 -4.695386e-02 6.338942e-01 6.672434e+01
6.330494e-01 -6.549191e-04 -7.741112e-01 -3.768863e+01 3.682796e-02 9.988928e-01 2.927192e-02 -2.974235e+00 7.732349e-01 -4.703951e-02 6.323726e-01 6.668581e+01
6.328860e-01 5.984306e-04 -7.742448e-01 -3.771574e+01 3.506635e-02 9.989514e-01 2.943617e-02 -2.975640e+00 7.734505e-01 -4.577968e-02 6.322014e-01 6.667090e+01
6.337492e-01 1.288451e-03 -7.735375e-01 -3.773823e+01 3.386668e-02 9.989935e-01 2.941053e-02 -2.979061e+00 7.727969e-01 -4.483605e-02 6.330677e-01 6.662418e+01
6.330249e-01 2.152178e-03 -7.741284e-01 -3.776203e+01 3.255547e-02 9.990374e-01 2.939891e-02 -2.982024e+00 7.734465e-01 -4.381236e-02 6.323456e-01 6.658270e+01
6.333281e-01 3.244868e-03 -7.738767e-01 -3.781476e+01 3.147970e-02 9.990555e-01 2.995153e-02 -2.983988e+00 7.732430e-01 -4.333055e-02 6.326278e-01 6.657963e+01
6.360943e-01 4.849789e-03 -7.715961e-01 -3.795255e+01 3.045393e-02 9.990433e-01 3.138523e-02 -2.982665e+00 7.710102e-01 -4.346210e-02 6.353381e-01 6.664581e+01
6.388891e-01 6.311031e-03 -7.692730e-01 -3.806658e+01 2.955499e-02 9.990268e-01 3.274163e-02 -2.981158e+00 7.687309e-01 -4.365413e-02 6.380808e-01 6.669895e+01
6.436988e-01 7.320055e-03 -7.652439e-01 -3.814476e+01 2.886641e-02 9.990104e-01 3.383769e-02 -2.979250e+00 7.647343e-01 -4.387112e-02 6.428505e-01 6.673740e+01
6.467814e-01 7.720520e-03 -7.626364e-01 -3.824097e+01 2.899309e-02 9.989771e-01 3.470175e-02 -2.976880e+00 7.621241e-01 -4.455562e-02 6.458960e-01 6.675716e+01
6.494605e-01 7.861082e-03 -7.603547e-01 -3.824723e+01 2.823254e-02 9.990078e-01 3.444340e-02 -2.976077e+00 7.598711e-01 -4.383637e-02 6.485941e-01 6.671062e+01
6.534247e-01 7.902411e-03 -7.569503e-01 -3.825252e+01 2.596939e-02 9.991229e-01 3.284829e-02 -2.977473e+00 7.565459e-01 -4.112143e-02 6.526464e-01 6.663733e+01
6.593829e-01 7.943209e-03 -7.517653e-01 -3.829166e+01 2.424695e-02 9.991993e-01 3.182493e-02 -2.978733e+00 7.514161e-01 -3.921283e-02 6.586624e-01 6.659198e+01
6.698518e-01 1.064037e-02 -7.424186e-01 -3.907593e+01 2.004349e-02 9.992738e-01 3.240600e-02 -2.961091e+00 7.422243e-01 -3.658788e-02 6.691520e-01 6.729237e+01
6.798871e-01 1.330457e-02 -7.331961e-01 -3.983196e+01 1.761234e-02 9.992507e-01 3.446419e-02 -2.945455e+00 7.331053e-01 -3.634506e-02 6.791434e-01 6.797274e+01
6.866738e-01 1.619864e-02 -7.267852e-01 -4.055109e+01 1.538707e-02 9.992039e-01 3.680819e-02 -2.925448e+00 7.268028e-01 -3.645831e-02 6.858779e-01 6.863694e+01
6.928515e-01 1.696202e-02 -7.208808e-01 -4.067290e+01 1.515330e-02 9.991601e-01 3.807391e-02 -2.923597e+00 7.209211e-01 -3.730328e-02 6.920124e-01 6.870190e+01
6.965328e-01 1.695762e-02 -7.173246e-01 -4.071853e+01 1.521232e-02 9.991470e-01 3.839132e-02 -2.921074e+00 7.173637e-01 -3.765299e-02 6.956807e-01 6.870010e+01
7.013212e-01 1.654132e-02 -7.126535e-01 -4.071568e+01 1.516306e-02 9.991584e-01 3.811329e-02 -2.921970e+00 7.126842e-01 -3.753566e-02 7.004801e-01 6.867382e+01
7.040026e-01 1.498696e-02 -7.100393e-01 -4.072188e+01 1.710587e-02 9.991294e-01 3.804928e-02 -2.922354e+00 7.099913e-01 -3.893263e-02 7.031333e-01 6.868001e+01
7.138484e-01 1.599704e-02 -7.001176e-01 -4.141990e+01 1.561857e-02 9.991267e-01 3.875400e-02 -2.906946e+00 7.001262e-01 -3.859931e-02 7.129751e-01 6.939172e+01
7.202120e-01 1.714499e-02 -6.935422e-01 -4.210153e+01 1.540678e-02 9.990528e-01 4.069673e-02 -2.886884e+00 6.935830e-01 -3.999552e-02 7.192656e-01 7.008031e+01
7.282816e-01 1.920548e-02 -6.850088e-01 -4.278050e+01 1.487328e-02 9.989287e-01 4.381964e-02 -2.864006e+00 6.851166e-01 -4.210136e-02 7.272158e-01 7.079259e+01
7.328712e-01 2.071906e-02 -6.800518e-01 -4.283525e+01 1.348306e-02 9.988976e-01 4.496358e-02 -2.862333e+00 6.802337e-01 -4.212169e-02 7.317840e-01 7.086654e+01
7.354430e-01 2.233974e-02 -6.772182e-01 -4.283308e+01 1.057079e-02 9.989564e-01 4.443271e-02 -2.862386e+00 6.775041e-01 -3.983646e-02 7.344394e-01 7.084431e+01
7.392173e-01 2.277863e-02 -6.730816e-01 -4.282231e+01 8.993158e-03 9.990048e-01 4.368543e-02 -2.864055e+00 6.734069e-01 -3.834616e-02 7.382768e-01 7.082271e+01
7.426014e-01 2.309596e-02 -6.693352e-01 -4.286584e+01 8.622795e-03 9.989927e-01 4.403771e-02 -2.863318e+00 6.696781e-01 -3.847400e-02 7.416542e-01 7.087771e+01
7.497892e-01 2.493447e-02 -6.612068e-01 -4.347856e+01 7.397235e-03 9.989114e-01 4.605775e-02 -2.840333e+00 6.616355e-01 -3.942470e-02 7.487885e-01 7.156882e+01
7.572892e-01 2.626543e-02 -6.525514e-01 -4.409127e+01 6.805781e-03 9.988193e-01 4.810099e-02 -2.814861e+00 6.530443e-01 -4.086749e-02 7.562163e-01 7.227551e+01
7.595282e-01 2.681481e-02 -6.499215e-01 -4.413577e+01 6.593515e-03 9.987813e-01 4.891374e-02 -2.817232e+00 6.504411e-01 -4.143662e-02 7.584257e-01 7.235640e+01
7.603365e-01 2.721870e-02 -6.489589e-01 -4.416325e+01 5.949151e-03 9.987878e-01 4.886144e-02 -2.817820e+00 6.495022e-01 -4.101188e-02 7.592529e-01 7.238077e+01
7.605048e-01 2.740127e-02 -6.487540e-01 -4.420328e+01 5.912602e-03 9.987756e-01 4.911613e-02 -2.819093e+00 6.493055e-01 -4.118888e-02 7.594116e-01 7.242962e+01
7.660738e-01 2.979539e-02 -6.420617e-01 -4.478055e+01 4.356776e-03 9.986613e-01 5.154195e-02 -2.789503e+00 6.427379e-01 -4.228225e-02 7.649184e-01 7.311094e+01
7.722031e-01 3.224196e-02 -6.345572e-01 -4.534547e+01 2.628080e-03 9.985411e-01 5.393419e-02 -2.763227e+00 6.353703e-01 -4.331582e-02 7.709917e-01 7.377848e+01
7.728773e-01 3.257523e-02 -6.337188e-01 -4.539812e+01 2.629816e-03 9.985085e-01 5.453391e-02 -2.763658e+00 6.345500e-01 -4.381458e-02 7.716389e-01 7.383244e+01
7.734891e-01 3.213313e-02 -6.329945e-01 -4.544296e+01 3.163566e-03 9.985058e-01 5.455356e-02 -2.770009e+00 6.338016e-01 -4.419910e-02 7.722318e-01 7.385948e+01
7.734331e-01 3.309590e-02 -6.330133e-01 -4.553593e+01 2.304300e-03 9.984826e-01 5.501923e-02 -2.764650e+00 6.338738e-01 -4.401235e-02 7.721833e-01 7.393029e+01
7.811590e-01 3.570041e-02 -6.233106e-01 -4.607232e+01 4.212670e-04 9.983334e-01 5.770797e-02 -2.735021e+00 6.243320e-01 -4.534168e-02 7.798421e-01 7.459821e+01
7.892264e-01 3.907666e-02 -6.128578e-01 -4.659676e+01 -2.430364e-03 9.981644e-01 6.051456e-02 -2.701609e+00 6.140975e-01 -4.627022e-02 7.878727e-01 7.525555e+01
7.922192e-01 3.945133e-02 -6.089602e-01 -4.664956e+01 -2.836179e-03 9.981353e-01 6.097427e-02 -2.705516e+00 6.102301e-01 -4.657786e-02 7.908538e-01 7.533146e+01
7.944199e-01 3.797120e-02 -6.061808e-01 -4.664774e+01 -2.423521e-03 9.982341e-01 5.935333e-02 -2.711144e+00 6.073641e-01 -4.568237e-02 7.931091e-01 7.532802e+01
8.034118e-01 3.723873e-02 -5.942581e-01 -4.713530e+01 -3.461886e-03 9.983177e-01 5.787849e-02 -2.683666e+00 5.954137e-01 -4.444301e-02 8.021891e-01 7.597851e+01
8.071638e-01 3.579061e-02 -5.892416e-01 -4.716362e+01 -2.427470e-03 9.983532e-01 5.731488e-02 -2.688662e+00 5.903226e-01 -4.483213e-02 8.059214e-01 7.604855e+01
8.162185e-01 3.716490e-02 -5.765468e-01 -4.763649e+01 -4.041307e-03 9.982717e-01 5.862851e-02 -2.652636e+00 5.777292e-01 -4.552368e-02 8.149580e-01 7.671347e+01
8.159224e-01 3.728335e-02 -5.769580e-01 -4.793019e+01 -3.189297e-03 9.981937e-01 5.999359e-02 -2.635579e+00 5.781526e-01 -4.711002e-02 8.145675e-01 7.716544e+01
8.251503e-01 3.834803e-02 -5.636103e-01 -4.838407e+01 -4.090915e-03 9.980727e-01 6.191958e-02 -2.602302e+00 5.648986e-01 -4.878727e-02 8.237168e-01 7.783408e+01
8.339905e-01 3.951705e-02 -5.503620e-01 -4.883042e+01 -4.923850e-03 9.979255e-01 6.419162e-02 -2.564699e+00 5.517569e-01 -5.082531e-02 8.324549e-01 7.852409e+01
8.420480e-01 4.008436e-02 -5.379112e-01 -4.925079e+01 -5.397385e-03 9.978112e-01 6.590636e-02 -2.526923e+00 5.393757e-01 -5.259300e-02 8.404213e-01 7.919135e+01
8.492049e-01 4.000644e-02 -5.265458e-01 -4.967251e+01 -5.309014e-03 9.977224e-01 6.724370e-02 -2.490623e+00 5.280368e-01 -5.430825e-02 8.474832e-01 7.987397e+01
8.560059e-01 4.002398e-02 -5.154143e-01 -5.010197e+01 -5.876653e-03 9.976875e-01 6.771439e-02 -2.453702e+00 5.169325e-01 -5.493501e-02 8.542616e-01 8.056742e+01
8.623298e-01 4.082613e-02 -5.046985e-01 -5.051669e+01 -7.388681e-03 9.976526e-01 6.807791e-02 -2.410666e+00 5.062931e-01 -5.497655e-02 8.606073e-01 8.125297e+01
8.674529e-01 4.184650e-02 -4.957565e-01 -5.090137e+01 -8.832963e-03 9.975948e-01 6.875083e-02 -2.371715e+00 4.974410e-01 -5.525910e-02 8.657360e-01 8.191419e+01
8.732270e-01 4.276676e-02 -4.854334e-01 -5.128814e+01 -1.025051e-02 9.975332e-01 6.944358e-02 -2.327253e+00 4.872058e-01 -5.566407e-02 8.715113e-01 8.259562e+01
8.788078e-01 4.224777e-02 -4.753019e-01 -5.168351e+01 -1.045088e-02 9.975380e-01 6.934424e-02 -2.287469e+00 4.770614e-01 -5.597293e-02 8.770858e-01 8.331487e+01
8.835075e-01 4.122712e-02 -4.665993e-01 -5.206660e+01 -1.037041e-02 9.975967e-01 6.850781e-02 -2.245993e+00 4.683022e-01 -5.568834e-02 8.818116e-01 8.403910e+01
8.877670e-01 4.060031e-02 -4.584992e-01 -5.245002e+01 -1.046970e-02 9.976257e-01 6.806830e-02 -2.205247e+00 4.601742e-01 -5.562844e-02 8.860842e-01 8.475216e+01
8.907284e-01 4.112388e-02 -4.526719e-01 -5.283873e+01 -1.108470e-02 9.975679e-01 6.881453e-02 -2.159662e+00 4.544008e-01 -5.627732e-02 8.890179e-01 8.545601e+01
8.934981e-01 4.259105e-02 -4.470428e-01 -5.321513e+01 -1.170121e-02 9.973623e-01 7.163453e-02 -2.112739e+00 4.489146e-01 -5.877437e-02 8.916396e-01 8.620442e+01
8.957348e-01 4.600824e-02 -4.422018e-01 -5.357713e+01 -1.397458e-02 9.970532e-01 7.542972e-02 -2.065588e+00 4.443690e-01 -6.138544e-02 8.937382e-01 8.691940e+01
8.976759e-01 4.827004e-02 -4.380046e-01 -5.398758e+01 -1.558172e-02 9.968377e-01 7.792170e-02 -2.012670e+00 4.403808e-01 -6.312356e-02 8.955893e-01 8.764132e+01
9.005577e-01 5.020519e-02 -4.318278e-01 -5.437024e+01 -1.721962e-02 9.966492e-01 7.996174e-02 -1.960445e+00 4.343953e-01 -6.457425e-02 8.984046e-01 8.835597e+01
9.028667e-01 5.176146e-02 -4.267932e-01 -5.474636e+01 -1.840700e-02 9.964696e-01 8.191238e-02 -1.901769e+00 4.295263e-01 -6.609999e-02 9.006320e-01 8.909313e+01
9.059004e-01 5.279671e-02 -4.201869e-01 -5.511661e+01 -1.898444e-02 9.962636e-01 8.425163e-02 -1.843572e+00 4.230652e-01 -6.834657e-02 9.035180e-01 8.989123e+01
9.087283e-01 5.326843e-02 -4.139751e-01 -5.545790e+01 -1.907668e-02 9.960869e-01 8.629615e-02 -1.784688e+00 4.169520e-01 -7.052248e-02 9.061885e-01 9.071675e+01
9.118697e-01 5.310582e-02 -4.070300e-01 -5.581712e+01 -1.911149e-02 9.960131e-01 8.713582e-02 -1.722090e+00 4.100346e-01 -7.167757e-02 9.092491e-01 9.153487e+01
9.148596e-01 5.253138e-02 -4.003404e-01 -5.617821e+01 -1.910006e-02 9.960211e-01 8.704714e-02 -1.650041e+00 4.033201e-01 -7.198938e-02 9.122227e-01 9.233342e+01
9.191536e-01 5.020485e-02 -3.906868e-01 -5.653819e+01 -1.758266e-02 9.960849e-01 8.663497e-02 -1.594149e+00 3.935067e-01 -7.276153e-02 9.164378e-01 9.319688e+01
9.198360e-01 4.807754e-02 -3.893461e-01 -5.686314e+01 -1.596821e-02 9.962280e-01 8.529189e-02 -1.535869e+00 3.919781e-01 -7.223739e-02 9.171341e-01 9.390224e+01
9.247773e-01 4.707654e-02 -3.775856e-01 -5.723150e+01 -1.669692e-02 9.963819e-01 8.333285e-02 -1.470051e+00 3.801424e-01 -7.075980e-02 9.222173e-01 9.483495e+01
9.295314e-01 4.840681e-02 -3.655518e-01 -5.758996e+01 -1.943707e-02 9.963999e-01 8.251954e-02 -1.398637e+00 3.682303e-01 -6.959925e-02 9.271259e-01 9.570985e+01
9.349492e-01 5.159803e-02 -3.510095e-01 -5.794184e+01 -2.363055e-02 9.962274e-01 8.350205e-02 -1.332533e+00 3.539938e-01 -6.977564e-02 9.326413e-01 9.660528e+01
9.407789e-01 5.538818e-02 -3.344656e-01 -5.829116e+01 -2.805081e-02 9.958982e-01 8.602194e-02 -1.261426e+00 3.378583e-01 -7.154560e-02 9.384738e-01 9.751832e+01
9.464703e-01 5.781090e-02 -3.175719e-01 -5.862107e+01 -3.153595e-02 9.956856e-01 8.726729e-02 -1.196783e+00 3.212468e-01 -7.258096e-02 9.442100e-01 9.838879e+01
9.529687e-01 5.898560e-02 -2.972733e-01 -5.895103e+01 -3.429437e-02 9.955648e-01 8.760469e-02 -1.123872e+00 3.011222e-01 -7.328972e-02 9.507650e-01 9.937012e+01
9.590584e-01 6.012916e-02 -2.767517e-01 -5.925761e+01 -3.697034e-02 9.954205e-01 8.815514e-02 -1.040557e+00 2.807850e-01 -7.431433e-02 9.568893e-01 1.003725e+02
9.638542e-01 6.034104e-02 -2.595074e-01 -5.951361e+01 -3.810003e-02 9.952217e-01 8.990049e-02 -9.725675e-01 2.636920e-01 -7.676373e-02 9.615476e-01 1.013500e+02
9.681959e-01 6.189353e-02 -2.424167e-01 -5.977441e+01 -4.045271e-02 9.948953e-01 9.245003e-02 -8.918613e-01 2.469013e-01 -7.970332e-02 9.657573e-01 1.023121e+02
9.727339e-01 6.341121e-02 -2.230868e-01 -6.004689e+01 -4.271480e-02 9.944248e-01 9.640887e-02 -8.137087e-01 2.279564e-01 -8.425107e-02 9.700194e-01 1.033189e+02
9.755054e-01 6.475451e-02 -2.102284e-01 -6.028743e+01 -4.470935e-02 9.941080e-01 9.874383e-02 -7.236326e-01 2.153839e-01 -8.692598e-02 9.726529e-01 1.043667e+02
9.798574e-01 6.575361e-02 -1.885625e-01 -6.052790e+01 -4.782301e-02 9.940252e-01 9.811608e-02 -6.321388e-01 1.938874e-01 -8.712216e-02 9.771476e-01 1.054362e+02
9.839601e-01 6.555207e-02 -1.659079e-01 -6.073092e+01 -5.001201e-02 9.941074e-01 9.617371e-02 -5.361647e-01 1.712346e-01 -8.633371e-02 9.814404e-01 1.066018e+02
9.871927e-01 6.554646e-02 -1.454450e-01 -6.090835e+01 -5.205750e-02 9.941450e-01 9.468805e-02 -4.392483e-01 1.507999e-01 -8.590385e-02 9.848248e-01 1.077290e+02
9.900042e-01 6.465618e-02 -1.253443e-01 -6.105494e+01 -5.281775e-02 9.940200e-01 9.557468e-02 -3.471604e-01 1.307742e-01 -8.799895e-02 9.874990e-01 1.088918e+02
9.922236e-01 6.514654e-02 -1.060574e-01 -6.118828e+01 -5.493286e-02 9.938130e-01 9.653079e-02 -2.529669e-01 1.116898e-01 -8.995410e-02 9.896634e-01 1.100320e+02
9.941523e-01 6.544907e-02 -8.589301e-02 -6.129544e+01 -5.709372e-02 9.937069e-01 9.636797e-02 -1.598452e-01 9.165967e-02 -9.090050e-02 9.916328e-01 1.111920e+02
9.955810e-01 6.649244e-02 -6.631145e-02 -6.139716e+01 -5.995665e-02 9.935639e-01 9.610382e-02 -6.288187e-02 7.227483e-02 -9.170333e-02 9.931600e-01 1.123444e+02
9.966967e-01 6.670514e-02 -4.632618e-02 -6.146418e+01 -6.204139e-02 9.934748e-01 9.570043e-02 3.142088e-02 5.240760e-02 -9.251016e-02 9.943316e-01 1.135173e+02
9.972005e-01 6.811859e-02 -3.083697e-02 -6.151653e+01 -6.492493e-02 9.933746e-01 9.482437e-02 1.222459e-01 3.709196e-02 -9.255683e-02 9.950163e-01 1.145928e+02
9.975803e-01 6.856314e-02 -1.152012e-02 -6.155439e+01 -6.719705e-02 9.933723e-01 9.325215e-02 2.167846e-01 1.783743e-02 -9.225239e-02 9.955759e-01 1.157497e+02
9.976447e-01 6.818991e-02 7.436750e-03 -6.156333e+01 -6.858378e-02 9.935060e-01 9.078656e-02 3.082595e-01 -1.197728e-03 -9.108277e-02 9.958426e-01 1.169310e+02
9.972445e-01 6.937832e-02 2.626904e-02 -6.156624e+01 -7.144035e-02 9.935526e-01 8.803134e-02 4.010302e-01 -1.999221e-02 -8.966544e-02 9.957713e-01 1.181210e+02
9.965668e-01 6.935241e-02 4.521886e-02 -6.153423e+01 -7.304684e-02 9.936187e-01 8.594206e-02 4.934790e-01 -3.897001e-02 -8.895010e-02 9.952734e-01 1.193405e+02
9.954906e-01 6.884023e-02 6.526476e-02 -6.147678e+01 -7.414778e-02 9.938098e-01 8.272967e-02 5.768526e-01 -5.916563e-02 -8.719584e-02 9.944327e-01 1.205540e+02
9.940936e-01 6.965917e-02 8.321975e-02 -6.137806e+01 -7.606108e-02 9.941713e-01 7.640840e-02 6.674954e-01 -7.741214e-02 -8.228688e-02 9.935976e-01 1.218578e+02
9.923994e-01 7.031877e-02 1.009888e-01 -6.126936e+01 -7.750778e-02 9.945930e-01 6.911774e-02 7.365876e-01 -9.558246e-02 -7.641982e-02 9.924837e-01 1.231187e+02
9.904048e-01 7.285595e-02 1.174326e-01 -6.112542e+01 -8.062105e-02 9.947655e-01 6.278402e-02 8.143404e-01 -1.122437e-01 -7.164912e-02 9.910942e-01 1.244212e+02
9.881697e-01 7.438430e-02 1.341183e-01 -6.096139e+01 -8.281299e-02 9.948528e-01 5.839517e-02 8.721986e-01 -1.290843e-01 -6.881107e-02 9.892433e-01 1.257477e+02
