1 0 0 0 0 1 0 0 0 0 1 0
0.999995 -0.00135938 -0.00290941 -0.00028402 0.00135732 0.999999 -0.00070836 -0.0118469 0.00291037 0.000704407 0.999996 0.687442
0.999977 -0.000259322 -0.00682892 -0.0112819 0.00024404 0.999997 -0.00223866 -0.0180396 0.00682949 0.00223694 0.999974 1.38229
0.999947 -0.000192357 -0.0102918 -0.0243409 0.000162316 0.999996 -0.00291962 -0.0214503 0.0102924 0.00291779 0.999943 2.09545
0.999887 0.00118991 -0.0149653 -0.0408409 -0.00124291 0.999993 -0.00353244 -0.0196604 0.014961 0.00355064 0.999882 2.82189
0.999819 -0.000260493 -0.0190424 -0.0565877 0.000186877 0.999992 -0.00386763 -0.0198389 0.0190432 0.00386337 0.999811 3.55911
0.999726 0.00093468 -0.0233785 -0.0797458 -0.0010406 0.999989 -0.00451885 -0.024813 0.0233741 0.00454194 0.999717 4.31428
0.999602 0.00252832 -0.0280845 -0.109208 -0.00266963 0.999984 -0.0049955 -0.0283259 0.0280714 0.00506849 0.999593 5.08414
0.999476 0.00283779 -0.0322383 -0.138056 -0.0029825 0.999986 -0.00444164 -0.0319148 0.0322252 0.00453546 0.99947 5.86511
0.999344 0.00363109 -0.0360317 -0.176053 -0.00373795 0.999989 -0.00289865 -0.0418167 0.0360208 0.00303143 0.999346 6.66187
0.999197 0.00463603 -0.0397971 -0.21095 -0.00468072 0.999988 -0.00102983 -0.0606522 0.0397919 0.00121528 0.999207 7.47056
0.999101 0.00400006 -0.0421973 -0.251201 -0.00404226 0.999991 -0.000914742 -0.0597611 0.0421933 0.00108449 0.999109 8.2838
0.999024 0.000785515 -0.0441654 -0.290156 -0.000882567 0.999997 -0.00217801 -0.0530519 0.0441636 0.00221486 0.999022 9.10612
0.998961 -0.000858698 -0.0455576 -0.323774 0.000741182 0.999996 -0.00259636 -0.0519849 0.0455597 0.0025599 0.998958 9.93231
0.998859 -0.00159054 -0.0477301 -0.363966 0.00150076 0.999997 -0.00191692 -0.0520611 0.047733 0.0018431 0.998858 10.7688
0.998773 -0.00385618 -0.0493666 -0.407084 0.00376393 0.999991 -0.00196145 -0.0569419 0.0493737 0.00177323 0.998779 11.6157
0.998704 -0.00234296 -0.0508425 -0.455162 0.00214281 0.99999 -0.00399085 -0.0634578 0.0508513 0.00387673 0.998699 12.466
0.998641 -0.00253157 -0.0520553 -0.504471 0.00222119 0.999979 -0.00601957 -0.0708873 0.0520695 0.00589576 0.998626 13.3244
0.998596 -0.000316134 -0.0529607 -0.560914 -4.9704e-05 0.999976 -0.00690626 -0.0766551 0.0529617 0.0068992 0.998573 14.1974
0.998531 0.00113061 -0.054163 -0.614766 -0.00150735 0.999975 -0.0069152 -0.0830876 0.0541539 0.00698669 0.998508 15.0754
0.998473 0.000158951 -0.0552328 -0.662709 -0.000490178 0.999982 -0.00598344 -0.0920604 0.0552308 0.00600138 0.998455 15.9646
0.998434 7.79946e-05 -0.0559407 -0.718895 -0.000359396 0.999987 -0.00502032 -0.100471 0.0559397 0.00503256 0.998421 16.8621
0.99836 0.00015046 -0.0572374 -0.771841 -0.000422439 0.999989 -0.00473971 -0.126071 0.0572361 0.00475612 0.998349 17.7615
0.998304 -5.52171e-05 -0.0582167 -0.824435 -0.000274639 0.999984 -0.005658 -0.137084 0.0582161 0.00566439 0.998288 18.6632
0.998239 -0.00134489 -0.0593083 -0.880143 0.000980401 0.999981 -0.00617437 -0.14583 0.0593154 0.00610535 0.998221 19.5752
0.998216 -0.000237073 -0.0597069 -0.936834 -4.83227e-05 0.999989 -0.00477847 -0.155983 0.0597073 0.00477283 0.998204 20.4932
0.998258 0.000164304 -0.0589965 -0.999368 -0.000279942 0.999998 -0.00195184 -0.165378 0.0589961 0.00196496 0.998256 21.4201
0.998278 -0.000169814 -0.0586494 -1.06042 0.000211009 1 0.000696202 -0.167967 0.0586493 -0.000707378 0.998278 22.3478
0.998377 -0.00043494 -0.0569527 -1.11636 0.000563743 0.999997 0.00224553 -0.182906 0.0569516 -0.00227399 0.998374 23.2802
0.998517 0.000838877 -0.0544376 -1.17216 -0.000690531 0.999996 0.00274383 -0.190831 0.0544397 -0.00270216 0.998513 24.2208
0.99859 -0.000299886 -0.0530831 -1.22684 0.000346446 1 0.000867889 -0.200742 0.0530828 -0.000885055 0.99859 25.1614
0.998707 0.00170981 -0.0508045 -1.28196 -0.00183207 0.999996 -0.00235988 -0.208506 0.0508002 0.00244991 0.998706 26.1085
0.998756 0.00108984 -0.0498486 -1.33342 -0.00134455 0.999986 -0.00507639 -0.218284 0.0498423 0.0051371 0.998744 27.0623
0.998827 -0.000913563 -0.0484085 -1.38326 0.000695005 0.99999 -0.00453153 -0.233151 0.0484122 0.00449257 0.998817 28.0277
0.998877 -0.00307499 -0.0472749 -1.43279 0.00303076 0.999995 -0.00100725 -0.250048 0.0472777 0.000862846 0.998881 28.999
0.998826 -0.00537644 -0.0481467 -1.47911 0.00544793 0.999984 0.00135366 -0.265138 0.0481387 -0.00161437 0.998839 29.9801
0.998757 -0.0107237 -0.0486765 -1.52089 0.0107861 0.999941 0.00101911 -0.280249 0.0486627 -0.00154287 0.998814 30.9617
0.998741 -0.0107323 -0.0489948 -1.56664 0.0106516 0.999942 -0.00190838 -0.29585 0.0490125 0.0013841 0.998797 31.9412
0.998674 -0.00950285 -0.0506001 -1.61504 0.00928081 0.999946 -0.00462141 -0.306887 0.0506413 0.00414567 0.998708 32.9207
0.99862 -0.00861807 -0.0517947 -1.66849 0.00832273 0.999948 -0.00591512 -0.320237 0.051843 0.00547589 0.99864 33.9083
0.9986 -0.0101476 -0.0519111 -1.72359 0.00993519 0.999941 -0.00434822 -0.320785 0.0519522 0.00382639 0.998642 34.9169
0.998533 -0.00797878 -0.0535543 -1.7812 0.00782689 0.999965 -0.00304532 -0.320078 0.0535768 0.00262169 0.99856 35.9256
0.998518 -0.00848404 -0.0537482 -1.83793 0.00835879 0.999962 -0.00255454 -0.321651 0.0537678 0.00210149 0.998551 36.9324
0.998482 -0.00596778 -0.0547447 -1.89758 0.00592736 0.999982 -0.000900707 -0.341107 0.0547491 0.00057485 0.9985 37.9288
0.998469 -0.00987806 -0.0544223 -1.95289 0.00995312 0.99995 0.00110827 -0.329821 0.0544086 -0.00164824 0.998517 38.932
0.998522 -0.00615196 -0.0540023 -2.0156 0.00628433 0.999978 0.00228183 -0.315277 0.0539871 -0.00261782 0.998538 39.9408
0.998495 -0.00552136 -0.0545563 -2.07559 0.00564102 0.999982 0.00203961 -0.323886 0.0545441 -0.0023443 0.998509 40.9513
0.998529 -0.00349507 -0.0541084 -2.13687 0.00354866 0.999993 0.000894493 -0.337224 0.054105 -0.00108519 0.998535 41.9558
0.998566 1.6698e-05 -0.0535344 -2.19868 -5.4753e-05 1 -0.000709344 -0.353427 0.0535344 0.00071126 0.998566 42.9606
0.9985 -0.000221978 -0.0547449 -2.25594 0.000141962 0.999999 -0.00146547 -0.376702 0.0547452 0.0014555 0.998499 43.9534
0.998414 -0.00267439 -0.0562243 -2.31145 0.00266593 0.999997 -0.000225377 -0.396157 0.0562247 7.5131e-05 0.998418 44.9494
0.998402 -0.00176171 -0.0564803 -2.36844 0.00178985 0.999998 0.000447644 -0.414811 0.0564795 -0.000548018 0.998404 45.9456
0.998348 -0.000334979 -0.0574464 -2.43577 0.000243091 0.999999 -0.00160649 -0.427984 0.0574468 0.00158987 0.998347 46.9326
0.998358 0.00125708 -0.0572701 -2.49891 -0.00154924 0.999986 -0.00505727 -0.441296 0.0572629 0.00513769 0.998346 47.9035
0.998314 0.000962311 -0.0580421 -2.56376 -0.00131389 0.999981 -0.00601949 -0.455376 0.0580352 0.0060856 0.998296 48.8767
0.998332 0.000870082 -0.0577309 -2.62629 -0.00105176 0.999995 -0.00311655 -0.466608 0.0577279 0.00317207 0.998327 49.85
0.998354 -0.00283203 -0.0572862 -2.68497 0.00280216 0.999996 -0.00060168 -0.480482 0.0572876 0.000440166 0.998358 50.8336
0.9983 -0.00315775 -0.0581913 -2.74279 0.00314554 0.999995 -0.000301439 -0.490123 0.058192 0.000117885 0.998305 51.8065
0.9983 -0.00424613 -0.0581208 -2.79454 0.00420295 0.999991 -0.000865218 -0.505266 0.0581239 0.000619471 0.998309 52.7616
0.998348 -0.00599099 -0.057149 -2.84757 0.00594531 0.999982 -0.000969196 -0.520774 0.0571537 0.000627828 0.998365 53.7141
0.998283 -0.00688251 -0.0581767 -2.9056 0.00686264 0.999976 -0.000541326 -0.526465 0.0581791 0.000141153 0.998306 54.6591
0.998267 -0.0102988 -0.0579333 -2.9572 0.0104961 0.99994 0.00310245 -0.529737 0.0578979 -0.00370515 0.998316 55.6065
0.998201 -0.0130319 -0.0585317 -3.01194 0.0134839 0.999882 0.00733405 -0.531773 0.0584292 -0.00811008 0.998259 56.5562
0.998183 -0.0125989 -0.058931 -3.07135 0.0130888 0.999883 0.00793472 -0.530558 0.0588242 -0.00869164 0.998231 57.5041
0.998187 -0.012172 -0.05894 -3.13153 0.0125381 0.999904 0.00584487 -0.536248 0.0588632 -0.00657327 0.998245 58.4344
0.998097 -0.0107834 -0.0607197 -3.19585 0.0107763 0.999942 -0.000444781 -0.546256 0.060721 -0.000210398 0.998155 59.3534
0.998055 -0.0104045 -0.0614663 -3.25813 0.0101454 0.999938 -0.00452496 -0.559756 0.0615096 0.00389256 0.998099 60.2767
0.99807 -0.00746917 -0.0616427 -3.32336 0.00723081 0.999965 -0.00408898 -0.56213 0.0616711 0.00363536 0.99809 61.1783
0.997994 -0.00583544 -0.0630338 -3.38497 0.00565652 0.999979 -0.00301642 -0.573188 0.0630501 0.00265382 0.998007 62.0746
0.997932 -0.00451211 -0.064121 -3.45019 0.00439104 0.999988 -0.00202884 -0.581551 0.0641294 0.00174308 0.99794 62.9597
0.99791 -0.00303169 -0.0645508 -3.51029 0.0028687 0.999992 -0.00261739 -0.588584 0.0645583 0.00242675 0.997911 63.8176
0.99774 -0.00232119 -0.0671507 -3.57258 0.0021259 0.999993 -0.00297953 -0.595527 0.0671572 0.00283004 0.997739 64.6755
0.99769 -0.000750904 -0.0679313 -3.63218 0.000599127 0.999997 -0.00225458 -0.60967 0.0679328 0.00220867 0.997688 65.5097
0.997555 -0.00228945 -0.0698532 -3.69361 0.00217816 0.999996 -0.00166924 -0.621256 0.0698568 0.00151301 0.997556 66.3354
0.997459 -0.00122853 -0.0712361 -3.75499 0.00115912 0.999999 -0.00101566 -0.634196 0.0712373 0.000930512 0.997459 67.1473
0.997408 -8.74689e-05 -0.0719485 -3.81699 0.000105362 1 0.000244928 -0.646097 0.0719485 -0.000251873 0.997409 67.9591
0.997325 0.00205838 -0.0730659 -3.87865 -0.00180841 0.999992 0.00348717 -0.654513 0.0730725 -0.00334571 0.997321 68.7486
0.9972 0.00572396 -0.0745554 -3.94242 -0.00536828 0.999973 0.00497029 -0.660341 0.0745819 -0.00455615 0.997205 69.5371
0.997116 0.00986114 -0.0752418 -4.00984 -0.0096924 0.999949 0.00260749 -0.667207 0.0752638 -0.0018707 0.997162 70.3017
0.996978 0.0116754 -0.0767952 -4.07487 -0.0119239 0.999925 -0.00277821 -0.684543 0.076757 0.00368552 0.997043 71.0418
0.996928 0.010883 -0.0775561 -4.1322 -0.0114877 0.999907 -0.00735439 -0.708928 0.0774689 0.00822274 0.996961 71.7653
0.996874 0.0107554 -0.078271 -4.19137 -0.011439 0.9999 -0.00829001 -0.730624 0.078174 0.00915944 0.996898 72.4856
0.996816 0.0113238 -0.07892 -4.25505 -0.0118588 0.999909 -0.00631372 -0.739218 0.0788414 0.00722952 0.996861 73.1871
0.996775 0.0107749 -0.0795191 -4.3083 -0.0111612 0.999928 -0.00441482 -0.758094 0.0794658 0.00528811 0.996824 73.8578
0.996699 0.00929087 -0.0806459 -4.35827 -0.00985724 0.999929 -0.00662765 -0.774966 0.0805787 0.00740072 0.996721 74.5059
0.996734 0.00365704 -0.0806743 -4.40481 -0.00454232 0.999931 -0.0107927 -0.797791 0.0806293 0.0111239 0.996682 75.1377
0.996861 0.000189435 -0.0791725 -4.45395 -0.00135499 0.999891 -0.0146683 -0.821076 0.0791611 0.0147296 0.996753 75.75
0.997059 0.00184307 -0.0766097 -4.50329 -0.00300742 0.999881 -0.0150859 -0.843017 0.0765729 0.015272 0.996947 76.3493
0.997359 0.0053709 -0.0724321 -4.55558 -0.00629499 0.999901 -0.0125358 -0.845355 0.0723577 0.0129587 0.997295 76.9353
0.99771 0.00461939 -0.0674827 -4.59903 -0.00535636 0.999928 -0.0107441 -0.856353 0.0674282 0.011081 0.997663 77.5153
0.998052 0.00186562 -0.0623538 -4.62771 -0.00233757 0.999969 -0.00749695 -0.872309 0.0623379 0.00762811 0.998026 78.0807
0.998548 -0.00117549 -0.0538525 -4.64896 0.000931015 0.999989 -0.00456455 -0.892758 0.0538573 0.00450779 0.998538 78.6346
0.999042 0.00164875 -0.0437176 -4.67003 -0.00187026 0.999985 -0.00502652 -0.901546 0.0437087 0.00510347 0.999031 79.1647
0.99957 0.00591993 -0.0287036 -4.69555 -0.00607739 0.999967 -0.00540152 -0.913077 0.0286706 0.00557365 0.999573 79.6795
0.99989 0.0103855 -0.0105807 -4.71051 -0.010436 0.999934 -0.00472363 -0.922557 0.010531 0.00483354 0.999933 80.194
0.999888 0.0100773 0.0110784 -4.69726 -0.0100287 0.99994 -0.00442981 -0.932228 -0.0111224 0.00431821 0.999929 80.6757
0.999261 0.00743624 0.0377126 -4.67 -0.00730879 0.999967 -0.00351608 -0.942283 -0.0377375 0.00323785 0.999282 81.1559
0.997753 0.00665653 0.0666602 -4.62769 -0.00652258 0.999976 -0.00222687 -0.950547 -0.0666734 0.00178707 0.997773 81.618
0.994999 0.00636765 0.0996799 -4.57075 -0.00628195 0.999979 -0.00117351 -0.956434 -0.0996853 0.000541463 0.995019 82.0724
0.990508 0.00629024 0.137309 -4.49671 -0.00627737 0.99998 -0.00052676 -0.962137 -0.13731 -0.000340179 0.990528 82.5242
0.983962 0.00728543 0.178225 -4.40269 -0.00734598 0.999973 -0.00032012 -0.971139 -0.178223 -0.000994252 0.98399 82.9547
0.974789 0.00645534 0.223034 -4.2895 -0.00658612 0.999978 -0.00015745 -0.980313 -0.223031 -0.00131545 0.974811 83.3801
0.962248 0.00862246 0.272037 -4.15625 -0.00869761 0.999961 -0.000929541 -0.988207 -0.272035 -0.00147163 0.962286 83.7982
0.945932 0.00905664 0.324238 -4.00339 -0.00859042 0.999959 -0.00286923 -0.996587 -0.32425 -7.12345e-05 0.945971 84.1875
0.925146 0.00908487 0.379503 -3.82578 -0.00808815 0.999958 -0.00422072 -1.00574 -0.379526 0.000835306 0.925181 84.5674
0.90005 0.0091901 0.435689 -3.62906 -0.00755171 0.999956 -0.00549193 -1.01107 -0.435721 0.00165282 0.900081 84.9205
0.870329 0.0102583 0.492364 -3.41045 -0.00785625 0.999945 -0.00694659 -1.01679 -0.492408 0.00217768 0.870362 85.2603
0.836257 0.00917795 0.548261 -3.16715 -0.00608377 0.999953 -0.00745981 -1.02772 -0.548304 0.00290282 0.836274 85.583
0.798748 0.0088189 0.6016 -2.91874 -0.00530167 0.999957 -0.00761938 -1.0377 -0.601641 0.00289649 0.798761 85.8731
0.758196 0.00798794 0.651977 -2.64196 -0.0046902 0.999966 -0.00679712 -1.04751 -0.65201 0.00209564 0.758208 86.148
0.714705 0.00781361 0.699382 -2.36115 -0.00558886 0.999969 -0.00546051 -1.05253 -0.699404 -6.0972e-06 0.714727 86.4016
0.668936 0.0067607 0.743289 -2.06056 -0.00482913 0.999977 -0.00474939 -1.05483 -0.743304 -0.000412407 0.668953 86.6351
0.621563 0.00562239 0.783343 -1.73996 -0.00275178 0.999983 -0.00499383 -1.0599 -0.783359 0.000948394 0.621569 86.85
0.574051 0.00335374 0.818812 -1.41862 0.000972127 0.999988 -0.00477735 -1.06534 -0.818819 0.00353844 0.574041 87.0349
0.526611 0.00475881 0.850093 -1.08758 0.000168756 0.999983 -0.00570243 -1.06819 -0.850106 0.00314643 0.526602 87.2122
0.478951 0.00662832 0.877816 -0.75704 -0.00249767 0.999978 -0.00618798 -1.06919 -0.877838 0.000771242 0.478957 87.3728
0.432723 0.00751157 0.901495 -0.418499 -0.00292479 0.999972 -0.00692819 -1.07107 -0.901522 0.000361301 0.432732 87.5155
0.38976 0.00584424 0.920898 -0.058234 0.00156517 0.999974 -0.00700851 -1.07335 -0.920915 0.004173 0.389741 87.6351
0.350125 -0.0016309 0.936701 0.300644 0.013445 0.999904 -0.0032846 -1.0823 -0.936607 0.013744 0.350113 87.7304
0.314212 -0.0044446 0.949342 0.666484 0.0179642 0.999838 -0.00126475 -1.08703 -0.949183 0.0174516 0.314241 87.8155
0.280346 -0.00101382 0.959898 1.03764 0.0150592 0.999881 -0.00334212 -1.09229 -0.959781 0.0153923 0.280328 87.9067
0.249257 0.00579139 0.96842 1.40076 0.0068375 0.999946 -0.0077398 -1.09779 -0.968413 0.00855078 0.249204 88.0061
0.220706 0.00961054 0.975293 1.77904 0.00195525 0.999945 -0.0102959 -1.10318 -0.975338 0.00417932 0.220675 88.0938
0.194353 0.0102779 0.980877 2.17234 0.0029433 0.999934 -0.0110608 -1.11473 -0.980927 0.00503671 0.19431 88.1643
0.171027 0.0117154 0.985196 2.57468 0.00823681 0.999877 -0.0133199 -1.1281 -0.985232 0.0103929 0.170909 88.2175
0.149931 0.0154725 0.988575 2.98256 0.0132225 0.999757 -0.0176529 -1.14068 -0.988608 0.0157181 0.14969 88.2596
0.12962 0.0211797 0.991337 3.40897 0.0136045 0.99964 -0.023136 -1.13824 -0.99147 0.0164856 0.129285 88.3054
0.111905 0.021983 0.993475 3.84762 0.0120539 0.999651 -0.0234774 -1.14108 -0.993646 0.0146025 0.111601 88.3514
0.0963213 0.0187823 0.995173 4.30203 0.0121726 0.999725 -0.0200464 -1.14167 -0.995276 0.0140447 0.0960661 88.3926
0.081343 0.0164747 0.99655 4.77763 0.0124029 0.999769 -0.0175403 -1.15275 -0.996609 0.0137868 0.0811198 88.4287
0.0682542 0.0140959 0.997568 5.26076 0.0157309 0.99976 -0.0152032 -1.1561 -0.997544 0.0167303 0.0680161 88.454
0.0563267 0.0134205 0.998322 5.7643 0.0197509 0.999699 -0.0145533 -1.16405 -0.998217 0.0205376 0.0560446 88.4692
0.046532 0.0136966 0.998822 6.27643 0.0231978 0.999621 -0.0147883 -1.16762 -0.998647 0.0238586 0.0461966 88.4828
0.0389753 0.0143488 0.999137 6.81458 0.0247408 0.999576 -0.0153202 -1.1723 -0.998934 0.0253166 0.0386037 88.4982
0.0327958 0.014591 0.999355 7.36988 0.0269085 0.999518 -0.0154764 -1.17849 -0.9991 0.0273987 0.0323873 88.513
0.0277916 0.0152985 0.999496 7.94285 0.0268059 0.999512 -0.016044 -1.18703 -0.999254 0.0272383 0.0273679 88.5279
0.021912 0.015716 0.999636 8.53411 0.0268068 0.999508 -0.0163016 -1.18984 -0.9994 0.0271543 0.0214799 88.5422
0.0174625 0.0159512 0.99972 9.15462 0.0280559 0.999471 -0.0164373 -1.20045 -0.999454 0.0283351 0.0170057 88.5508
0.0153817 0.0158898 0.999755 9.77514 0.0271431 0.999498 -0.0163033 -1.21135 -0.999513 0.0273873 0.0149426 88.558
0.0123408 0.015663 0.999801 10.42 0.0262583 0.999527 -0.0159828 -1.22517 -0.999579 0.0264503 0.0119236 88.5632
0.00948757 0.0160009 0.999827 11.0847 0.0250342 0.999555 -0.0162341 -1.23955 -0.999642 0.0251839 0.0090827 88.5693
0.00891557 0.0155713 0.999839 11.7595 0.0289583 0.999455 -0.0158236 -1.25469 -0.999541 0.0290948 0.00845972 88.5679
0.0091445 0.0158604 0.999832 12.4646 0.0317202 0.999366 -0.0161431 -1.26869 -0.999455 0.0318626 0.00863553 88.5793
0.0113182 0.015651 0.999813 13.1714 0.0323228 0.999349 -0.0160096 -1.27967 -0.999413 0.032498 0.0108048 88.5739
0.014824 0.0156023 0.999768 13.8952 0.0338975 0.999296 -0.0160976 -1.29497 -0.999315 0.0341283 0.0142846 88.5897
0.0185378 0.0158763 0.999702 14.6382 0.0343819 0.999272 -0.0165071 -1.31427 -0.999237 0.0346776 0.0179784 88.5986
0.0231704 0.0150939 0.999617 15.3911 0.0357131 0.999235 -0.0159159 -1.33302 -0.999093 0.0360682 0.0226135 88.6108
0.0267281 0.0142553 0.999541 16.164 0.0366114 0.999214 -0.0152296 -1.34899 -0.998972 0.0370017 0.0261851 88.6338
0.0297823 0.0130008 0.999471 16.964 0.0350577 0.999287 -0.014043 -1.35859 -0.998941 0.0354574 0.0293053 88.6662
0.0339067 0.0120814 0.999352 17.7645 0.0334254 0.999354 -0.0132154 -1.36768 -0.998866 0.0338519 0.0334809 88.7017
0.0371012 0.0129551 0.999227 18.5691 0.0301987 0.999445 -0.0140792 -1.39191 -0.998855 0.0306977 0.0366893 88.738
0.0412999 0.0154977 0.999026 19.3782 0.0307744 0.999386 -0.0167755 -1.41662 -0.998673 0.0314373 0.0407975 88.7793
0.0426883 0.0203035 0.998882 20.1916 0.0276303 0.999387 -0.0214946 -1.43406 -0.998706 0.028517 0.0421011 88.8283
0.0413558 0.0224369 0.998892 21.0139 0.0244237 0.999426 -0.0234601 -1.46477 -0.998846 0.0253669 0.0407841 88.8722
0.0423624 0.022543 0.998848 21.8359 0.0220799 0.99948 -0.0234937 -1.49147 -0.998858 0.0230498 0.0418426 88.9135
0.0421311 0.0204499 0.998902 22.6589 0.0221483 0.999526 -0.0213968 -1.51896 -0.998867 0.0230254 0.0416581 88.955
0.0406465 0.0197707 0.998978 23.4839 0.0209766 0.999567 -0.0206358 -1.54481 -0.998953 0.0217939 0.0402141 88.9956
0.041177 0.0193917 0.998963 24.3073 0.0198666 0.999598 -0.0202229 -1.57147 -0.998954 0.0206788 0.0407752 89.0373
0.0408364 0.0192855 0.998979 25.1212 0.0186684 0.999625 -0.0200611 -1.60127 -0.998991 0.0194686 0.040461 89.0776
0.039454 0.019798 0.999025 25.9384 0.0166738 0.999652 -0.0204689 -1.6324 -0.999082 0.0174652 0.0391101 89.1171
0.0382939 0.0202559 0.999061 26.7499 0.0147708 0.999674 -0.0208345 -1.65381 -0.999157 0.0155548 0.0379821 89.1618
0.0350871 0.019778 0.999188 27.5662 0.0112645 0.999733 -0.0201843 -1.67979 -0.999321 0.0119636 0.0348549 89.2023
0.0314572 0.0190516 0.999323 28.3826 0.00936311 0.999769 -0.0193548 -1.70136 -0.999461 0.00996565 0.0312715 89.2371
0.0266585 0.0168776 0.999502 29.2011 0.00696753 0.99983 -0.017069 -1.72118 -0.99962 0.00741911 0.0265363 89.2687
0.019983 0.0149169 0.999689 30.0218 0.00501893 0.999875 -0.01502 -1.7449 -0.999788 0.00531754 0.0199056 89.2958
0.0126046 0.0147484 0.999811 30.8362 0.00432133 0.999881 -0.0148039 -1.76779 -0.999911 0.00450714 0.0125393 89.3128
0.00379904 0.0156739 0.99987 31.6473 0.0042698 0.999868 -0.0156901 -1.78008 -0.999984 0.00432887 0.00373154 89.3186
-0.00672647 0.0161192 0.999847 32.4594 0.00398591 0.999863 -0.0160927 -1.80068 -0.999969 0.00387708 -0.00678987 89.3171
-0.0162364 0.0154751 0.999748 33.2653 0.0058345 0.999865 -0.0153822 -1.81969 -0.999851 0.0055833 -0.0163246 89.3084
-0.0273787 0.0151225 0.99951 34.0705 0.00519143 0.999875 -0.0149858 -1.83645 -0.999612 0.00477862 -0.0274539 89.293
-0.0378086 0.0141505 0.999184 34.8735 0.00653749 0.999882 -0.013913 -1.85324 -0.999264 0.00600615 -0.0378968 89.2649
-0.0491303 0.0139874 0.998694 35.6622 0.00775121 0.999877 -0.0136226 -1.86802 -0.998762 0.00707183 -0.0492327 89.2275
-0.0606899 0.0141921 0.998055 36.4548 0.00730974 0.999879 -0.0137736 -1.88565 -0.99813 0.00645963 -0.0607864 89.1796
-0.0707649 0.0147941 0.997383 37.2332 0.00634767 0.999877 -0.0143807 -1.90507 -0.997473 0.00531343 -0.0708501 89.1264
-0.0809301 0.0156794 0.996596 38.0078 0.00723593 0.999859 -0.0151431 -1.91729 -0.996694 0.00598578 -0.0810323 89.0648
-0.0909651 0.0165001 0.995717 38.7783 0.00753185 0.999846 -0.0158804 -1.94109 -0.995826 0.00605505 -0.0910755 88.9922
-0.100052 0.0164243 0.994846 39.5462 0.00816094 0.999844 -0.0156861 -1.9643 -0.994949 0.00654948 -0.100171 88.9145
-0.110165 0.0167225 0.993772 40.3022 0.00734303 0.999845 -0.0160107 -1.98625 -0.993886 0.0055335 -0.110271 88.8278
-0.117671 0.0162517 0.992919 41.0482 0.00968907 0.999838 -0.0152167 -2.01549 -0.993005 0.00782992 -0.11781 88.7378
-0.124737 0.01585 0.992063 41.7935 0.0103902 0.999839 -0.0146678 -2.04133 -0.992135 0.00847815 -0.124882 88.6438
-0.130493 0.0147283 0.991339 42.5348 0.0125879 0.999834 -0.0131975 -2.06628 -0.991369 0.0107568 -0.130657 88.5407
-0.133826 0.0135321 0.990912 43.262 0.0147528 0.999823 -0.0116613 -2.09105 -0.990895 0.0130582 -0.134002 88.4446
-0.13655 0.0131106 0.990546 43.9736 0.0156072 0.999817 -0.0110818 -2.11195 -0.99051 0.0139464 -0.13673 88.3461
-0.138869 0.0128475 0.990227 44.6723 0.0166887 0.999804 -0.0106313 -2.12481 -0.99017 0.0150492 -0.139057 88.2494
-0.139643 0.013195 0.990114 45.3519 0.0161037 0.999809 -0.011053 -2.13698 -0.990071 0.014401 -0.139829 88.1555
-0.1394 0.0143416 0.990132 46.0182 0.0185539 0.999758 -0.0118689 -2.15324 -0.990062 0.0167164 -0.139632 88.0618
-0.137474 0.0152328 0.990388 46.6669 0.0194521 0.999731 -0.0126763 -2.16786 -0.990314 0.0175225 -0.137733 87.9766
-0.132116 0.015764 0.991109 47.3031 0.0186815 0.999736 -0.013411 -2.18254 -0.991058 0.0167436 -0.132376 87.8946
-0.12501 0.0162327 0.992022 47.9208 0.0174518 0.999748 -0.0141599 -2.19214 -0.992002 0.0155425 -0.125261 87.8216
-0.113809 0.0163577 0.993368 48.5172 0.0175696 0.999741 -0.0144497 -2.20536 -0.993347 0.0158086 -0.114067 87.7591
-0.100779 0.0163993 0.994773 49.0996 0.0174489 0.99974 -0.0147135 -2.22197 -0.994756 0.015875 -0.101039 87.7084
-0.0839488 0.0174573 0.996317 49.6505 0.016753 0.99973 -0.0161055 -2.23828 -0.996329 0.0153392 -0.0842187 87.6669
-0.0626612 0.019903 0.997836 50.2018 0.0160181 0.999693 -0.0189341 -2.25737 -0.997906 0.014797 -0.0629609 87.6398
-0.0383308 0.0224185 0.999013 50.7293 0.0138049 0.999665 -0.0219035 -2.27249 -0.99917 0.0129517 -0.0386276 87.6322
-0.010649 0.0246735 0.999639 51.2589 0.0126521 0.999619 -0.0245382 -2.28067 -0.999863 0.0123862 -0.0109572 87.6378
0.0226745 0.0241315 0.999451 51.7887 0.0108076 0.999645 -0.0243813 -2.30189 -0.999685 0.0113546 0.0224055 87.663
0.0606477 0.0228446 0.997898 52.3144 0.0107156 0.999666 -0.0235363 -2.31738 -0.998102 0.0121205 0.0603825 87.7093
0.101999 0.0205425 0.994572 52.8262 0.00919269 0.999725 -0.0215917 -2.32754 -0.994742 0.0113451 0.101782 87.7816
0.147 0.0169829 0.98899 53.3388 0.00619389 0.999817 -0.0180895 -2.33997 -0.989117 0.00878488 0.146868 87.8781
0.195637 0.0150389 0.980561 53.8454 0.00318884 0.999868 -0.0159712 -2.35079 -0.980671 0.00625142 0.195563 88.0004
0.246369 0.0139881 0.969075 54.3231 0.000712168 0.999893 -0.014614 -2.35942 -0.969176 0.00429059 0.246332 88.1476
0.30136 0.0136557 0.953412 54.7976 0.000292668 0.999896 -0.014414 -2.36922 -0.953511 0.00462285 0.301324 88.32
0.359437 0.0144325 0.933057 55.2514 0.00141682 0.999871 -0.0160118 -2.38033 -0.933168 0.00707723 0.35937 88.5148
0.419843 0.0174688 0.907428 55.6804 0.00141167 0.999801 -0.0199002 -2.39105 -0.907596 0.00963597 0.419735 88.7316
0.480136 0.0208558 0.876946 56.0937 0.00169946 0.999694 -0.0247055 -2.40504 -0.877192 0.0133524 0.479954 88.9818
0.539025 0.0247729 0.841925 56.4756 -0.00100349 0.999586 -0.0287695 -2.41327 -0.842289 0.0146626 0.538827 89.2571
0.595674 0.0279871 0.802738 56.8377 -0.00541729 0.99951 -0.0308275 -2.42214 -0.803208 0.0140145 0.595534 89.5658
0.64988 0.0284714 0.759503 57.176 -0.00626568 0.999465 -0.0321055 -2.43801 -0.760011 0.0161059 0.649711 89.8935
0.700469 0.0281003 0.713129 57.4897 -0.00759042 0.999462 -0.0319274 -2.45511 -0.713642 0.0169513 0.700306 90.2332
0.747392 0.0248656 0.663917 57.7816 -0.00842562 0.999574 -0.0279519 -2.4768 -0.66433 0.0152971 0.747283 90.6125
0.790713 0.0212605 0.611817 58.0479 -0.0091718 0.999696 -0.0228856 -2.49338 -0.612117 0.0124845 0.790668 91.0044
0.829108 0.0185601 0.55878 58.2861 -0.0108625 0.999795 -0.0170909 -2.5089 -0.558982 0.00810047 0.82914 91.4045
0.862096 0.0167143 0.506469 58.5036 -0.0122691 0.999852 -0.0121126 -2.51538 -0.506596 0.00422833 0.862173 91.8324
0.889507 0.0159219 0.456643 58.6953 -0.0141109 0.999874 -0.00737589 -2.52853 -0.456702 0.000117309 0.88962 92.2683
0.91135 0.0180557 0.411237 58.8614 -0.0179934 0.99983 -0.00402284 -2.54122 -0.411239 -0.0037333 0.91152 92.7039
0.928437 0.0224747 0.370808 59.0128 -0.0231629 0.999729 -0.00259766 -2.54757 -0.370765 -0.0061772 0.928706 93.1646
0.941502 0.0270754 0.335918 59.1471 -0.0276763 0.999613 -0.00299951 -2.55344 -0.335869 -0.0064729 0.941887 93.6234
0.952035 0.0282419 0.304681 59.2822 -0.0285087 0.999587 -0.00357407 -2.56223 -0.304656 -0.00528339 0.952448 94.0914
0.959089 0.0250802 0.281992 59.4183 -0.0254261 0.999674 -0.00243351 -2.58044 -0.281961 -0.00483596 0.959414 94.5712
0.963666 0.0221119 0.266193 59.5434 -0.0223354 0.999748 -0.00218822 -2.58961 -0.266175 -0.0038368 0.963917 95.0569
0.967183 0.0251306 0.252835 59.6604 -0.0253119 0.999677 -0.00253609 -2.59585 -0.252817 -0.00394685 0.967506 95.5561
0.969572 0.0293095 0.243047 59.7737 -0.0297353 0.999556 -0.00191712 -2.59273 -0.242995 -0.00536826 0.970013 96.0624
0.97104 0.0336689 0.236532 59.8829 -0.0338188 0.999422 -0.00342454 -2.59929 -0.23651 -0.00467383 0.971618 96.5844
0.971713 0.03773 0.23313 59.9999 -0.0372571 0.999285 -0.00643335 -2.60074 -0.233206 -0.00243433 0.972424 97.1221
0.972082 0.0388497 0.231402 60.1238 -0.0379455 0.999245 -0.0083589 -2.60896 -0.231552 -0.000655102 0.972822 97.6757
0.971655 0.0390907 0.233149 60.2587 -0.0376717 0.999235 -0.0105377 -2.61624 -0.233382 0.00145591 0.972384 98.2272
0.970859 0.0391421 0.236432 60.3997 -0.0364966 0.999213 -0.0155573 -2.62677 -0.236855 0.00647501 0.971523 98.7889
0.970151 0.0417333 0.238885 60.5413 -0.0383343 0.999087 -0.0188595 -2.64218 -0.239454 0.00913906 0.970865 99.3734
0.969168 0.0456867 0.242129 60.6824 -0.0423019 0.998921 -0.0191623 -2.65137 -0.242743 0.00832898 0.970055 99.9668
0.968029 0.0473683 0.246327 60.8279 -0.0447231 0.998866 -0.0163252 -2.66216 -0.246821 0.0047868 0.969049 100.568
0.967394 0.0459539 0.249074 60.9898 -0.0444184 0.998944 -0.0117848 -2.67762 -0.249352 0.000337106 0.968413 101.184
0.966797 0.0431202 0.251882 61.1546 -0.0425156 0.999065 -0.00784482 -2.6895 -0.251985 -0.00312455 0.967726 101.801
0.966448 0.0405214 0.253645 61.318 -0.0408715 0.999157 -0.00389156 -2.70326 -0.253589 -0.00660585 0.967289 102.438
0.966229 0.0370007 0.255014 61.49 -0.0374148 0.999295 -0.00322844 -2.71638 -0.254953 -0.00642185 0.966932 103.08
0.966314 0.0341091 0.255095 61.6635 -0.0340768 0.999409 -0.00454735 -2.71941 -0.255099 -0.00429861 0.966905 103.723
0.966725 0.0342241 0.253517 61.8344 -0.033072 0.999414 -0.00880639 -2.72779 -0.25367 0.00012906 0.967291 104.377
0.967139 0.0362775 0.251645 62.0036 -0.0338153 0.999329 -0.0141032 -2.7397 -0.251988 0.00513029 0.967717 105.042
0.967763 0.0381292 0.248957 62.1681 -0.0350252 0.999244 -0.0168872 -2.75481 -0.249413 0.00762307 0.968367 105.71
0.968549 0.036975 0.24606 62.3411 -0.0345984 0.999304 -0.0139763 -2.7661 -0.246405 0.00502343 0.969154 106.401
0.969094 0.0341932 0.24431 62.5205 -0.0331963 0.999415 -0.00819826 -2.77459 -0.244447 -0.000165266 0.969663 107.108
0.969968 0.0323389 0.241072 62.6946 -0.0322264 0.999471 -0.00441036 -2.77612 -0.241087 -0.00349094 0.970497 107.822
0.970381 0.0353498 0.238977 62.8655 -0.035271 0.999367 -0.00460744 -2.77562 -0.238989 -0.00395798 0.971014 108.54
0.970809 0.0402898 0.236447 63.0287 -0.0395301 0.999187 -0.00795479 -2.78294 -0.236575 -0.00162417 0.971612 109.266
0.971995 0.0402593 0.231528 63.2003 -0.0385903 0.999186 -0.0117351 -2.79733 -0.231812 0.00247174 0.972757 110.01
0.973091 0.0398825 0.226942 63.3742 -0.0377268 0.999192 -0.0138304 -2.80643 -0.22731 0.0048965 0.97381 110.761
0.974117 0.0378172 0.222859 63.5485 -0.0357046 0.999271 -0.0135027 -2.81437 -0.223207 0.00519615 0.974757 111.524
0.975133 0.0366525 0.218568 63.7242 -0.0348215 0.999319 -0.0122244 -2.82481 -0.218867 0.00430961 0.975745 112.31
0.975933 0.0339818 0.215405 63.9023 -0.0324645 0.999417 -0.0105793 -2.8367 -0.215638 0.00333172 0.976468 113.101
0.976316 0.0320476 0.213961 64.0795 -0.0307364 0.999483 -0.00945335 -2.84786 -0.214153 0.00265311 0.976797 113.893
0.976684 0.0305045 0.212503 64.2623 -0.0296443 0.999534 -0.00723375 -2.86554 -0.212624 0.000765615 0.977134 114.697
0.976865 0.0295137 0.211812 64.4311 -0.0287756 0.999564 -0.00656732 -2.87448 -0.211914 0.000320393 0.977288 115.497
0.977025 0.0329989 0.210554 64.5965 -0.0321555 0.999455 -0.00742909 -2.88604 -0.210684 0.000487964 0.977554 116.311
0.976966 0.0357422 0.210379 64.7603 -0.0346118 0.99936 -0.00905423 -2.89501 -0.210568 0.00156412 0.977578 117.127
0.976462 0.0415174 0.211654 64.9246 -0.0402547 0.999137 -0.0102732 -2.9055 -0.211897 0.00151141 0.977291 117.942
0.975905 0.0463123 0.213226 65.0916 -0.0452662 0.998927 -0.00978852 -2.91951 -0.21345 -9.92304e-05 0.976954 118.773
0.975554 0.0461826 0.214851 65.2628 -0.0453298 0.998933 -0.00889716 -2.93163 -0.215033 -0.00105948 0.976606 119.608
0.975109 0.0462607 0.216845 65.4414 -0.0454214 0.998929 -0.00885602 -2.95503 -0.217022 -0.00121376 0.976166 120.429
0.974935 0.0453882 0.217813 65.6225 -0.0443517 0.99897 -0.00964809 -2.95881 -0.218026 -0.000254076 0.975943 121.257
0.974885 0.0409177 0.218919 65.8154 -0.0398184 0.999163 -0.00943333 -2.97497 -0.219122 0.000479433 0.975697 122.084
0.975079 0.038157 0.218551 66.0087 -0.0368995 0.999271 -0.00983414 -2.9888 -0.218767 0.00152468 0.975776 122.912
0.9749 0.0364242 0.219645 66.1985 -0.0350288 0.999334 -0.0102458 -3.00459 -0.219872 0.00229473 0.975526 123.746
0.974417 0.0392669 0.221289 66.3793 -0.0386165 0.999228 -0.00726653 -3.01998 -0.221404 -0.00146475 0.975181 124.582
0.974277 0.0408893 0.221612 66.5608 -0.0412578 0.999144 -0.00296817 -3.03096 -0.221544 -0.00625138 0.97513 125.42
0.973979 0.0425904 0.222601 66.743 -0.0434676 0.999055 -0.000959472 -3.04026 -0.222431 -0.00874139 0.974909 126.259
0.973626 0.0430307 0.224056 66.9292 -0.0430875 0.999061 -0.00463786 -3.0487 -0.224045 -0.00513846 0.974565 127.082
0.973878 0.0391508 0.223671 67.1171 -0.0365665 0.999208 -0.0156857 -3.07397 -0.224108 0.00709713 0.974538 127.897
0.974195 0.0369728 0.222662 67.3044 -0.0332529 0.999238 -0.0204339 -3.10285 -0.223247 0.0125025 0.974682 128.711
0.974364 0.0349698 0.222243 67.4929 -0.0328081 0.999372 -0.013412 -3.11272 -0.222572 0.00577682 0.974899 129.537
0.974966 0.0299728 0.220324 67.6842 -0.0307957 0.999526 0.000300377 -3.11472 -0.22021 -0.00707787 0.975427 130.379
0.975255 0.025567 0.2196 67.8759 -0.028727 0.999525 0.0112081 -3.11997 -0.219208 -0.0172392 0.975526 131.217
0.97557 0.0294245 0.217712 68.0457 -0.0318325 0.999465 0.00756068 -3.1297 -0.217373 -0.0143063 0.975984 132.032
0.975738 0.0361616 0.215934 68.2094 -0.0363136 0.999335 -0.0032647 -3.13064 -0.215909 -0.00465584 0.976402 132.834
0.975903 0.0373471 0.214984 68.3782 -0.0360601 0.999301 -0.00990651 -3.14304 -0.215204 0.00191546 0.976567 133.638
0.976558 0.0353665 0.212331 68.5563 -0.0339001 0.99937 -0.0105442 -3.15811 -0.21257 0.00309903 0.977141 134.445
0.977338 0.0329253 0.209108 68.7316 -0.0312849 0.999449 -0.0111488 -3.17377 -0.20936 0.00435426 0.977829 135.254
0.977983 0.0340957 0.205883 68.8946 -0.0324693 0.999409 -0.0112745 -3.19204 -0.206145 0.00434142 0.978512 136.055
0.979085 0.0363463 0.200179 69.0509 -0.0345031 0.999324 -0.0126898 -3.20797 -0.200504 0.00551766 0.979677 136.857
0.979431 0.0403038 0.197713 69.2049 -0.0383945 0.999172 -0.0134823 -3.22443 -0.198093 0.00561384 0.980167 137.658
0.979841 0.0445195 0.194755 69.3488 -0.0428888 0.999001 -0.0125839 -3.23982 -0.195121 0.0039774 0.980771 138.461
0.980203 0.0457058 0.192647 69.4942 -0.0443342 0.998952 -0.011427 -3.25498 -0.192967 0.00265993 0.981202 139.262
0.980448 0.044597 0.191658 69.6478 -0.0436994 0.999005 -0.00891008 -3.27295 -0.191864 0.00036057 0.981421 140.055
0.980907 0.0440132 0.189431 69.7989 -0.0431268 0.999031 -0.00880086 -3.29036 -0.189635 0.000463296 0.981855 140.849
0.981499 0.0421911 0.186763 69.9461 -0.0409601 0.999107 -0.0104472 -3.30708 -0.187037 0.00260409 0.982349 141.632
0.982451 0.0396767 0.182252 70.0912 -0.0379457 0.999196 -0.0129764 -3.32284 -0.18262 0.00583303 0.983166 142.413
0.983741 0.0389228 0.175323 70.2338 -0.0371291 0.99922 -0.0135005 -3.33764 -0.175712 0.00677141 0.984418 143.2
0.984951 0.0373042 0.168762 70.3688 -0.0359191 0.999292 -0.0112541 -3.35574 -0.169062 0.00502294 0.985592 143.992
0.985954 0.0349762 0.163316 70.4967 -0.0346138 0.999388 -0.00506495 -3.36148 -0.163393 -0.000659149 0.986561 144.78
0.986763 0.0355329 0.158229 70.6209 -0.0363236 0.999338 0.00210701 -3.36083 -0.158049 -0.00782654 0.9874 145.583
0.987301 0.0375904 0.154348 70.7304 -0.0384888 0.999255 0.00283559 -3.34642 -0.154126 -0.00874023 0.988012 146.369
0.987961 0.0415703 0.149015 70.8391 -0.0418941 0.999122 -0.000966946 -3.34273 -0.148924 -0.00528751 0.988834 147.162
0.988949 0.0420036 0.142178 70.9459 -0.0412855 0.999116 -0.00799842 -3.35217 -0.142388 0.00204018 0.989809 147.946
0.989937 0.0395058 0.13588 71.0525 -0.0382051 0.999196 -0.0121683 -3.36828 -0.136251 0.00685457 0.99065 148.732
0.99099 0.0375832 0.128554 71.1556 -0.0363104 0.999266 -0.0122308 -3.38374 -0.128919 0.0074528 0.991627 149.541
0.991752 0.0426154 0.120879 71.2404 -0.0415968 0.999075 -0.0109386 -3.38692 -0.121233 0.00582021 0.992607 150.35
0.992461 0.04691 0.113229 71.3183 -0.0457931 0.998874 -0.012447 -3.39484 -0.113685 0.00716804 0.993491 151.163
0.993402 0.0503698 0.10303 71.3962 -0.0490201 0.998676 -0.015592 -3.41193 -0.103679 0.0104386 0.994556 151.977
0.994301 0.0498366 0.0942354 71.4731 -0.0483837 0.998673 -0.0176415 -3.43507 -0.0949894 0.0129815 0.995393 152.792
0.995003 0.0490497 0.0869621 71.539 -0.0479128 0.998737 -0.0151148 -3.45616 -0.0875936 0.0108727 0.996097 153.614
0.995616 0.051283 0.0782147 71.5975 -0.0506983 0.99867 -0.0094452 -3.47231 -0.0785949 0.00543848 0.996892 154.439
0.996027 0.0538083 0.0709534 71.6437 -0.0535886 0.998551 -0.00499784 -3.48857 -0.0711194 0.00117572 0.997467 155.269
0.996606 0.0534618 0.0625903 71.6916 -0.053435 0.998569 -0.00210303 -3.50515 -0.062613 -0.00124858 0.998037 156.095
0.996962 0.0537656 0.0563587 71.7344 -0.0538235 0.998551 -0.000490686 -3.5204 -0.0563032 -0.0025442 0.99841 156.921
0.997148 0.0540193 0.0527085 71.7729 -0.0540026 0.99854 -0.0017426 -3.53398 -0.0527255 -0.00110873 0.998608 157.744
0.997199 0.0578873 0.0473554 71.802 -0.057687 0.998319 -0.00558766 -3.54295 -0.0475992 0.00284025 0.998862 158.566
0.997074 0.0629004 0.0434439 71.8208 -0.0624871 0.997988 -0.0108069 -3.54764 -0.044036 0.00806057 0.998997 159.384
0.997149 0.0634983 0.0407558 71.8437 -0.0630671 0.99794 -0.0117828 -3.55966 -0.0414199 0.00917888 0.999099 160.207
0.997252 0.0641358 0.0370715 71.8654 -0.0639169 0.997931 -0.00705976 -3.56749 -0.0374474 0.0046709 0.999287 161.033
0.997196 0.0658134 0.0356146 71.8847 -0.0658558 0.997829 1.86459e-05 -3.56954 -0.0355359 -0.00236399 0.999365 161.863
0.997344 0.0656046 0.0316437 71.8999 -0.065815 0.997816 0.0056525 -3.58077 -0.0312036 -0.00772008 0.999483 162.701
0.997712 0.0620452 0.0268614 71.9221 -0.0621528 0.998062 0.00318885 -3.5858 -0.0266114 -0.00485103 0.999634 163.517
0.998267 0.0544571 0.0222813 71.9458 -0.0544063 0.998515 -0.00287661 -3.59814 -0.0224047 0.00165941 0.999747 164.337
0.998447 0.0538166 0.0143572 71.9596 -0.0537304 0.998536 -0.00632862 -3.6091 -0.0146766 0.00554741 0.999877 165.153
0.99848 0.054644 0.00713599 71.9543 -0.0546 0.998489 -0.00620996 -3.6123 -0.00746442 0.00581093 0.999955 165.975
0.998631 0.052293 -0.000414255 71.9499 -0.0522935 0.998631 -0.00154599 -3.61862 0.000332966 0.00156557 0.999998 166.799
0.998758 0.0490695 -0.00865981 71.9415 -0.0490579 0.998795 0.00153896 -3.62567 0.00872501 -0.00111218 0.999961 167.631
0.998877 0.0448814 -0.0151351 71.9318 -0.0448233 0.998987 0.00415643 -3.62647 0.0153064 -0.00347333 0.999876 168.465
0.998885 0.0424197 -0.0206877 71.917 -0.0423496 0.999096 0.0038154 -3.62719 0.0208309 -0.002935 0.999778 169.3
0.998788 0.040446 -0.0280463 71.8945 -0.0404982 0.999179 -0.00129565 -3.63651 0.027971 0.00242994 0.999605 170.135
0.998762 0.0353029 -0.035028 71.8742 -0.0355995 0.999335 -0.00788137 -3.62973 0.0347266 0.00911862 0.999355 170.959
0.998614 0.0305846 -0.0428277 71.8529 -0.0310341 0.99947 -0.00987144 -3.63871 0.0425032 0.0111869 0.999033 171.785
0.99826 0.0317849 -0.0496705 71.8127 -0.0320564 0.999475 -0.00467761 -3.63555 0.0494959 0.00626175 0.998754 172.632
0.997825 0.0378293 -0.0539756 71.7514 -0.0376238 0.999281 0.0048189 -3.63027 0.0541192 -0.00277763 0.99853 173.492
0.997395 0.0411531 -0.0592385 71.6876 -0.0405419 0.999112 0.011483 -3.63434 0.0596586 -0.00905141 0.998178 174.345
0.997197 0.0412912 -0.0623986 71.6287 -0.0407762 0.999123 0.00950601 -3.633 0.0627365 -0.00693496 0.998006 175.188
0.997071 0.0423394 -0.0636946 71.5691 -0.0423016 0.999103 0.00194276 -3.6464 0.0637198 0.00075734 0.997967 176.03
0.996424 0.0512711 -0.0671538 71.492 -0.0518124 0.998637 -0.00634326 -3.65323 0.0667371 0.00980001 0.997722 176.85
0.996431 0.0504993 -0.0676396 71.4235 -0.0512912 0.998634 -0.0100219 -3.67308 0.0670412 0.0134554 0.997659 177.694
0.996506 0.0452466 -0.070206 71.3641 -0.0457837 0.998933 -0.00605922 -3.69675 0.069857 0.00925237 0.997514 178.54
0.996564 0.0441529 -0.0700728 71.307 -0.0442872 0.999019 -0.000363299 -3.70363 0.0699881 0.00346541 0.997541 179.394
0.99654 0.0465242 -0.0688685 71.2394 -0.0464482 0.998917 0.00270653 -3.70984 0.0689199 0.000501679 0.997622 180.264
0.996415 0.0464858 -0.0706858 71.1678 -0.0464928 0.998918 0.00154663 -3.73903 0.0706813 0.00174532 0.997497 181.104
0.996372 0.0437639 -0.072983 71.1057 -0.0443134 0.999 -0.00592651 -3.75071 0.0726508 0.00913916 0.997315 181.944
0.996458 0.0392553 -0.0743642 71.0494 -0.0403683 0.999094 -0.0135223 -3.76556 0.0737661 0.0164763 0.997139 182.787
0.996515 0.0322894 -0.0769066 70.9924 -0.0336752 0.999292 -0.0167916 -3.78592 0.07631 0.0193229 0.996897 183.632
0.996364 0.0337034 -0.0782417 70.9219 -0.0348492 0.999304 -0.013325 -3.79973 0.0777383 0.0160032 0.996845 184.485
0.996142 0.0349688 -0.0804804 70.8428 -0.0355236 0.999354 -0.00547254 -3.82084 0.0802372 0.00831041 0.996741 185.342
0.996005 0.035103 -0.0821031 70.7669 -0.0354494 0.999368 -0.00276462 -3.83914 0.0819543 0.00566411 0.99662 186.183
0.996014 0.0339446 -0.0824892 70.6933 -0.0343382 0.999405 -0.00335812 -3.85684 0.0823262 0.00617729 0.996586 187.026
0.995906 0.0358413 -0.082988 70.6141 -0.0365597 0.999306 -0.00715334 -3.87499 0.0826741 0.0101581 0.996525 187.866
0.995653 0.040055 -0.084079 70.5315 -0.0407716 0.999145 -0.00682287 -3.87215 0.083734 0.0102213 0.996435 188.704
0.995573 0.0424779 -0.0838423 70.4507 -0.0431363 0.999051 -0.00605675 -3.87344 0.0835056 0.00964662 0.99646 189.538
0.995313 0.0460728 -0.0850202 70.3694 -0.0464854 0.998915 -0.00287815 -3.88308 0.0847954 0.00681689 0.996375 190.366
0.995149 0.0495669 -0.0849768 70.2926 -0.0498378 0.998757 -0.00106862 -3.89796 0.0848182 0.00529852 0.996382 191.196
0.995093 0.050457 -0.0851069 70.2093 -0.0507789 0.998709 -0.00162101 -3.90147 0.0849153 0.00593472 0.99637 192.007
0.995013 0.0505057 -0.0860142 70.1324 -0.0508942 0.998702 -0.00232791 -3.91322 0.085785 0.00669395 0.996291 192.819
