1 0 0 0 0 1 0 0 0 0 1 0
0.999026 -0.000619068 0.0441184 0.0291214 0.000650899 1 -0.000707116 -0.00819772 -0.0441179 0.000735144 0.999026 0.96413
0.995853 -0.00314816 0.0909185 0.105362 0.00364156 0.999979 -0.00526139 -0.0198498 -0.0909001 0.00557066 0.995844 1.94693
0.990781 -0.00428756 0.135408 0.225534 0.005549 0.999945 -0.00893976 -0.0353146 -0.135362 0.00960872 0.99075 2.92507
0.983197 -0.00183708 0.182536 0.392017 0.00392852 0.999931 -0.0110968 -0.0526811 -0.182503 0.0116274 0.983137 3.89733
0.973655 -0.00395762 0.22799 0.603393 0.00638345 0.999931 -0.00990368 -0.0690664 -0.227935 0.0110981 0.973613 4.86073
0.961795 -0.00470073 0.273731 0.860186 0.00781073 0.999917 -0.0102728 -0.0858143 -0.27366 0.0120183 0.961751 5.81309
0.947874 -0.00643643 0.31858 1.16156 0.0109889 0.999861 -0.0124945 -0.104715 -0.318456 0.0153441 0.947814 6.75277
0.932666 -0.00835653 0.360644 1.50458 0.0139309 0.99982 -0.01286 -0.124568 -0.360471 0.0170182 0.932615 7.67753
0.915065 -0.00787192 0.403229 1.88987 0.0144895 0.999806 -0.0133633 -0.144675 -0.403046 0.0180709 0.915001 8.58545
0.894851 -0.00850789 0.446284 2.31803 0.0155476 0.999806 -0.0121146 -0.163632 -0.446094 0.0177795 0.89481 9.47426
0.873036 -0.00872895 0.487577 2.78709 0.0158796 0.999818 -0.010534 -0.181115 -0.487397 0.0169391 0.873016 10.342
0.848382 -0.00873918 0.529313 3.29768 0.016508 0.999814 -0.00995165 -0.197973 -0.529128 0.0171807 0.848368 11.1861
0.822641 -0.00906783 0.568489 3.84722 0.0172984 0.999809 -0.00908422 -0.214029 -0.568298 0.017307 0.822641 12.0053
0.795207 -0.0102767 0.606251 4.43426 0.0193542 0.999777 -0.00843904 -0.229702 -0.606029 0.0184443 0.795229 12.7978
0.765636 -0.00977068 0.6432 5.05824 0.0199918 0.999763 -0.00861018 -0.245472 -0.642964 0.019451 0.76565 13.5616
0.734906 -0.0123245 0.678057 5.71673 0.0237794 0.999688 -0.00760249 -0.260439 -0.677753 0.0217109 0.734969 14.2952
0.702525 -0.0118986 0.71156 6.40834 0.0236393 0.999698 -0.00662232 -0.274425 -0.711267 0.0214731 0.702594 14.9973
0.667549 -0.0112146 0.744481 7.13286 0.024625 0.999672 -0.00702166 -0.288685 -0.744159 0.0230202 0.667606 15.6652
0.631572 -0.0120694 0.775223 7.88764 0.0281968 0.999575 -0.00740958 -0.303727 -0.774804 0.0265385 0.631644 16.2978
0.594347 -0.0111582 0.804132 8.6713 0.0281754 0.999579 -0.00695461 -0.318203 -0.803715 0.0267902 0.594411 16.894
0.556578 -0.0097843 0.830737 9.48139 0.0300175 0.999514 -0.00833902 -0.334164 -0.830253 0.029578 0.556602 17.4528
0.517438 -0.00827092 0.855681 10.3163 0.0327854 0.999411 -0.0101654 -0.352105 -0.855093 0.0333138 0.517404 17.9732
0.477625 -0.00765627 0.87853 11.1741 0.0341153 0.999369 -0.00983792 -0.369541 -0.877901 0.0346702 0.477585 18.4546
0.438807 -0.00899009 0.898536 12.0519 0.0382344 0.999231 -0.00867451 -0.385991 -0.897768 0.0381615 0.438814 18.8981
0.401376 -0.00979842 0.915861 12.9472 0.0419624 0.999089 -0.00770115 -0.401593 -0.914952 0.0415228 0.401421 19.3049
0.365411 -0.00822869 0.93081 13.8578 0.0426584 0.999058 -0.00791449 -0.41741 -0.929869 0.0425989 0.365418 19.6764
0.331993 -0.00838867 0.943244 14.7809 0.0426625 0.999071 -0.00613076 -0.431407 -0.942317 0.0422766 0.332042 20.0151
0.298035 -0.00961155 0.954506 15.7157 0.0441196 0.999019 -0.00371613 -0.443047 -0.953535 0.04322 0.298167 20.3207
0.265718 -0.00985156 0.964001 16.6604 0.0450258 0.998983 -0.00220186 -0.453273 -0.962999 0.04399 0.265891 20.5946
0.233077 -0.00814817 0.972424 17.6142 0.0429148 0.999077 -0.00191462 -0.463001 -0.971511 0.0421777 0.233211 20.8367
0.201728 -0.00698603 0.979417 18.5755 0.0420801 0.999113 -0.00154061 -0.472233 -0.978537 0.0415248 0.201843 21.048
0.171109 -0.00677152 0.985229 19.5431 0.0432256 0.999065 -0.000640583 -0.480491 -0.984304 0.0426968 0.171242 21.2293
0.140626 -0.00755228 0.990034 20.5164 0.0443405 0.999015 0.00132262 -0.486843 -0.98907 0.0437126 0.140822 21.3807
0.109385 -0.00789388 0.993968 21.5033 0.043434 0.999051 0.00315441 -0.491034 -0.99305 0.042827 0.109623 21.505
0.0802672 -0.00841891 0.996738 22.5001 0.0435675 0.999038 0.00492986 -0.492425 -0.995821 0.0430297 0.0805564 21.6016
0.0526719 -0.00848112 0.998576 23.5069 0.0452249 0.998958 0.00609889 -0.49345 -0.997587 0.0448393 0.0530002 21.6702
0.0275002 -0.00830761 0.999587 24.5232 0.0484999 0.998799 0.00696675 -0.493742 -0.998445 0.0482883 0.0278696 21.711
0.00434759 -0.00797789 0.999959 25.5497 0.0527362 0.998578 0.0077376 -0.491652 -0.998599 0.0527004 0.00476173 21.7268
-0.0171476 -0.00827174 0.999819 26.5929 0.0580201 0.998272 0.00925404 -0.486918 -0.998168 0.0581683 -0.0166384 21.72
-0.0346126 -0.00874371 0.999363 27.6423 0.0620208 0.998015 0.01088 -0.479922 -0.997475 0.0623579 -0.034002 21.6941
-0.0506692 -0.0090549 0.998674 28.7052 0.0645219 0.99784 0.0123209 -0.472953 -0.996629 0.0650607 -0.049976 21.6515
-0.0657107 -0.0101512 0.997787 29.7749 0.0665766 0.997675 0.0145346 -0.464287 -0.995615 0.0673844 -0.0648825 21.5934
-0.0787729 -0.0106443 0.996836 30.851 0.0667796 0.99764 0.01593 -0.453286 -0.994654 0.0678232 -0.0778767 21.522
-0.0914355 -0.0110071 0.99575 31.937 0.0665596 0.997635 0.0171398 -0.44071 -0.993584 0.067844 -0.090487 21.4368
-0.103464 -0.00906444 0.994592 33.0308 0.0663526 0.997668 0.0159949 -0.429485 -0.992418 0.0676487 -0.102622 21.3368
-0.113901 -0.00653376 0.993471 34.133 0.0665335 0.997683 0.0141895 -0.420172 -0.991262 0.0677153 -0.113203 21.223
-0.124308 -0.00510112 0.992231 35.2517 0.0670653 0.997657 0.013531 -0.409376 -0.989975 0.0682262 -0.123675 21.0948
-0.132021 -0.0046449 0.991236 36.3919 0.0668324 0.997672 0.0135764 -0.396395 -0.988991 0.0680391 -0.131404 20.9539
-0.138133 -0.00409067 0.990405 37.5536 0.0667552 0.997679 0.0134312 -0.382654 -0.988162 0.06797 -0.13754 20.8031
-0.144127 -0.00306911 0.989554 38.7346 0.0665418 0.997701 0.0127861 -0.369421 -0.98732 0.0676895 -0.143592 20.6436
-0.148064 -0.00199753 0.988976 39.934 0.0658311 0.99776 0.0118712 -0.355919 -0.986784 0.066863 -0.147602 20.4757
-0.152286 -0.00153113 0.988335 41.1516 0.0658472 0.997761 0.0116917 -0.343126 -0.986141 0.0668596 -0.151845 20.2991
-0.155996 -0.00200555 0.987756 42.3967 0.0662369 0.997726 0.0124866 -0.327873 -0.985534 0.0673738 -0.155509 20.1102
-0.157765 -0.00284032 0.987473 43.6658 0.0662611 0.997711 0.0134561 -0.310236 -0.985251 0.0675539 -0.157216 19.9168
-0.160294 -0.00329486 0.987064 44.9591 0.0666463 0.997676 0.0141533 -0.29191 -0.984817 0.0680529 -0.159702 19.7137
-0.162932 -0.00324788 0.986632 46.2803 0.0676171 0.997606 0.0144502 -0.274137 -0.984318 0.0690676 -0.162322 19.5042
-0.16291 -0.00351967 0.986635 47.6269 0.0675044 0.99761 0.014705 -0.25271 -0.984329 0.0689978 -0.162284 19.2871
-0.164277 -0.00261782 0.986411 48.9946 0.0690112 0.997515 0.0141405 -0.233618 -0.983997 0.0703963 -0.163689 19.0622
-0.163245 -0.00226805 0.986583 50.3958 0.0687261 0.997542 0.013665 -0.213353 -0.984189 0.0700348 -0.162689 18.8294
-0.162424 -0.00145534 0.98672 51.8177 0.068119 0.997596 0.0126845 -0.197842 -0.984367 0.0692746 -0.161935 18.5947
-0.161871 -0.00169991 0.98681 53.2587 0.0678964 0.997609 0.0128558 -0.180525 -0.984474 0.0690819 -0.161369 18.3596
-0.158848 -0.00236081 0.9873 54.7335 0.0681862 0.997583 0.0133559 -0.159332 -0.984946 0.0694418 -0.158303 18.1244
-0.157854 -0.0019539 0.98746 56.2206 0.0690682 0.997527 0.0130149 -0.14124 -0.985044 0.0702566 -0.157329 17.8857
-0.157634 -0.00204421 0.987495 57.732 0.0690402 0.997528 0.0130859 -0.115434 -0.985081 0.0702397 -0.157104 17.6481
-0.155332 -0.00179648 0.987861 59.2637 0.0694593 0.997503 0.0127359 -0.0939852 -0.985418 0.0705945 -0.15482 17.4128
-0.155541 -0.00215238 0.987827 60.8158 0.0688756 0.99754 0.0130186 -0.0673031 -0.985426 0.0700621 -0.155011 17.1722
-0.153337 -0.00319647 0.988169 62.3935 0.0700442 0.997444 0.0140954 -0.0377221 -0.985689 0.0713768 -0.152721 16.93
-0.152359 -0.00373542 0.988318 63.9866 0.072561 0.997252 0.0149552 -0.00842478 -0.985658 0.073992 -0.15167 16.6872
-0.15255 -0.00323052 0.98829 65.5836 0.0720826 0.997295 0.0143864 0.0175386 -0.985664 0.0734332 -0.151905 16.4428
-0.150645 -0.0018007 0.988586 67.1943 0.0742559 0.997153 0.0131317 0.0414737 -0.985795 0.0753866 -0.150082 16.1972
-0.149657 -0.00179314 0.988736 68.8157 0.0747864 0.997113 0.0131281 0.0662839 -0.985906 0.0759088 -0.149091 15.9544
-0.150181 -0.00220715 0.988656 70.4511 0.074949 0.997094 0.0136111 0.0857688 -0.985814 0.076143 -0.14958 15.7082
-0.149021 -0.00222507 0.988831 72.1091 0.0752719 0.99707 0.0135874 0.109228 -0.985965 0.0764561 -0.148417 15.4603
-0.149137 -0.00224088 0.988814 73.7814 0.0768045 0.99695 0.0138433 0.127981 -0.985829 0.0780099 -0.148511 15.2087
-0.148139 -0.00245764 0.988963 75.4874 0.07804 0.996849 0.014167 0.154298 -0.985883 0.0792774 -0.147481 14.9525
-0.148265 -0.00187349 0.988946 77.2117 0.0773526 0.996912 0.0134855 0.172222 -0.985918 0.078497 -0.147663 14.6946
-0.14918 -0.00102854 0.988809 78.9398 0.0768614 0.996962 0.012633 0.18871 -0.985818 0.0778859 -0.148648 14.4358
-0.148635 -0.00118567 0.988891 80.6823 0.0761382 0.997017 0.0126394 0.205895 -0.985957 0.0771711 -0.148102 14.1738
-0.149663 -0.0010186 0.988736 82.4395 0.075408 0.997075 0.0124415 0.220247 -0.985857 0.0764207 -0.149149 13.9083
-0.151124 -0.0014831 0.988513 84.208 0.0737075 0.997198 0.0127646 0.23714 -0.985763 0.0747899 -0.150592 13.6414
-0.150409 -0.00243314 0.988621 86.0003 0.072817 0.997253 0.0135328 0.247195 -0.985939 0.0740239 -0.149819 13.3733
-0.150259 -0.00305498 0.988642 87.8014 0.0716875 0.997329 0.0139773 0.265446 -0.986044 0.0729735 -0.149639 13.1051
-0.152548 -0.00197221 0.988294 89.6121 0.0709829 0.997393 0.0129469 0.279193 -0.985744 0.072127 -0.152011 12.835
-0.15327 -0.00187313 0.988182 91.4524 0.069734 0.997484 0.0127067 0.297923 -0.985721 0.0708575 -0.152754 12.5565
-0.158343 -0.00114031 0.987383 93.2925 0.0707654 0.997414 0.0125003 0.316336 -0.984845 0.0718519 -0.157853 12.2686
-0.161464 -0.00146094 0.986877 95.1568 0.0692538 0.997517 0.0128074 0.334127 -0.984446 0.070413 -0.160963 11.9782
-0.166273 -0.00174166 0.986078 97.0272 0.0672886 0.997647 0.0131083 0.353609 -0.983782 0.0685314 -0.165765 11.6797
-0.171929 -0.00159104 0.985108 98.8994 0.0667175 0.997683 0.0132554 0.374015 -0.982848 0.0680029 -0.171425 11.3703
-0.175138 -0.00078961 0.984544 100.791 0.0662305 0.997725 0.0125817 0.391907 -0.982314 0.0674103 -0.174687 11.0459
-0.179408 5.51394e-05 0.983775 102.688 0.0663214 0.997725 0.0120389 0.410084 -0.981537 0.0674052 -0.179004 10.7108
-0.18549 0.000421254 0.982646 104.59 0.0657538 0.997763 0.0119843 0.431284 -0.980444 0.0668357 -0.185104 10.3648
-0.189234 -3.76311e-07 0.981932 106.512 0.0646053 0.997833 0.0124508 0.452156 -0.979805 0.0657941 -0.188824 10.0113
-0.195555 -0.000284838 0.980693 108.443 0.0627144 0.997949 0.0127954 0.473202 -0.978686 0.0640057 -0.195137 9.64627
-0.19969 -0.00122266 0.979858 110.384 0.0627377 0.997931 0.0140308 0.496293 -0.977849 0.0642759 -0.199201 9.26918
-0.204983 -0.00120946 0.978765 112.335 0.0627676 0.997924 0.0143785 0.516832 -0.976751 0.0643821 -0.204482 8.87922
-0.211585 -9.62418e-05 0.97736 114.291 0.0636612 0.997875 0.01388 0.537424 -0.975284 0.0651567 -0.211129 8.47367
-0.215699 0.000244149 0.97646 116.258 0.0628063 0.997932 0.0136243 0.561045 -0.974438 0.0642665 -0.215268 8.05529
-0.221029 0.00039298 0.975267 118.238 0.0637348 0.997868 0.0140424 0.580588 -0.973183 0.0652621 -0.220583 7.62024
-0.227424 1.78423e-05 0.973796 120.22 0.0629934 0.997905 0.0146934 0.603594 -0.971756 0.0646843 -0.22695 7.17532
-0.231342 0.00065713 0.972872 122.209 0.0619948 0.997977 0.0140678 0.625505 -0.970896 0.0635674 -0.230915 6.71706
-0.237362 0.000774752 0.971421 124.195 0.0618742 0.997981 0.0143227 0.648019 -0.969449 0.0635055 -0.236931 6.24648
-0.240953 0.00110515 0.970536 126.188 0.0634267 0.997879 0.0146105 0.66663 -0.968462 0.0650783 -0.240513 5.76507
-0.244799 -4.90134e-05 0.969574 128.19 0.0643969 0.99779 0.0163094 0.686124 -0.967433 0.0664301 -0.244255 5.2749
-0.249758 0.00046958 0.968308 130.204 0.0648944 0.997759 0.0162545 0.70484 -0.966131 0.0668975 -0.249229 4.76985
-0.251095 0.000527362 0.967962 132.223 0.0647216 0.99777 0.0162456 0.724219 -0.965796 0.0667272 -0.25057 4.26061
-0.254015 0.00044422 0.9672 134.249 0.0638401 0.997826 0.0163079 0.742849 -0.965091 0.0658886 -0.253491 3.74847
-0.259191 0.0006719 0.965826 136.272 0.0635378 0.997845 0.016357 0.761392 -0.963734 0.065606 -0.258676 3.22542
-0.260865 0.000901457 0.965375 138.305 0.0619063 0.997956 0.0157965 0.780745 -0.963388 0.0638835 -0.260388 2.69639
-0.266323 0.000509123 0.963884 140.344 0.0611525 0.997994 0.0163694 0.806099 -0.961942 0.0633034 -0.26582 2.15408
-0.269055 -0.000386891 0.963125 142.381 0.060903 0.997991 0.0174145 0.833321 -0.961197 0.0633426 -0.268491 1.60599
-0.272426 0.000736637 0.962176 144.422 0.0607518 0.998017 0.0164369 0.850159 -0.960257 0.0629317 -0.271931 1.04483
-0.278343 0.000830261 0.960481 146.474 0.0604501 0.998032 0.0166554 0.867825 -0.958578 0.0626971 -0.277846 0.465022
-0.281161 -0.00041607 0.959661 148.525 0.0600529 0.998032 0.018027 0.888701 -0.95778 0.0626989 -0.280583 -0.120721
-0.284994 -6.47273e-05 0.958529 150.575 0.0610054 0.997971 0.0182058 0.912036 -0.956586 0.063664 -0.284413 -0.719405
-0.290713 0.000239696 0.95681 152.659 0.0616911 0.997923 0.0184939 0.933022 -0.95482 0.064403 -0.290124 -1.34184
-0.292881 0.00110642 0.956148 154.741 0.061476 0.997952 0.0176761 0.952514 -0.954171 0.0639571 -0.292349 -1.96897
-0.296061 0.00313328 0.955164 156.828 0.0625983 0.997908 0.0161294 0.971322 -0.953116 0.0645669 -0.295638 -2.60314
-0.301107 0.00424149 0.953581 158.931 0.0626604 0.997916 0.0153472 0.992429 -0.95153 0.0643729 -0.300746 -3.25783
-0.303229 0.00488561 0.952905 161.032 0.0629788 0.997903 0.0149245 1.01277 -0.950835 0.0645384 -0.302901 -3.91718
-0.307686 0.00490033 0.951476 163.149 0.0624279 0.997935 0.0150482 1.03363 -0.949438 0.0640287 -0.307357 -4.59128
-0.31004 0.00519263 0.950709 165.265 0.0623206 0.997945 0.014873 1.05416 -0.948679 0.06386 -0.309727 -5.27043
-0.314148 0.00564197 0.949357 167.383 0.0639038 0.99784 0.015216 1.07648 -0.947221 0.0654476 -0.31383 -5.95966
-0.318895 0.00630279 0.947769 169.501 0.0656357 0.997724 0.0154494 1.09732 -0.945515 0.0671342 -0.318583 -6.66136
-0.320825 0.00602311 0.947119 171.619 0.0655371 0.997724 0.015855 1.11902 -0.944868 0.0671581 -0.320491 -7.36747
-0.323684 0.00593237 0.946147 173.743 0.0652351 0.99774 0.0160616 1.1417 -0.943914 0.0669209 -0.32334 -8.08031
-0.327745 0.00682916 0.944742 175.873 0.0644694 0.997804 0.0151527 1.16298 -0.942564 0.0658731 -0.327466 -8.80472
-0.32935 0.00832824 0.944171 178.004 0.0636322 0.997883 0.0133945 1.18069 -0.942062 0.0644912 -0.329183 -9.53297
-0.332808 0.00957309 0.942946 180.143 0.0630828 0.997934 0.0121334 1.19367 -0.940882 0.0635217 -0.332725 -10.2713
-0.337401 0.00979395 0.94131 182.282 0.0622851 0.997986 0.0119417 1.20906 -0.939298 0.0626587 -0.337333 -11.0231
-0.339233 0.0106434 0.940642 184.42 0.0605768 0.998107 0.0105528 1.22133 -0.93875 0.0605609 -0.339236 -11.7791
-0.344435 0.0108493 0.938747 186.571 0.061536 0.998043 0.0110436 1.23263 -0.936791 0.0615705 -0.34443 -12.5499
-0.347451 0.0098194 0.937647 188.729 0.060894 0.99807 0.0121125 1.24944 -0.935719 0.0613055 -0.347379 -13.3298
-0.351544 0.00922234 0.936126 190.899 0.0606979 0.998071 0.0129613 1.27034 -0.934202 0.0613773 -0.351427 -14.1234
-0.35646 0.00898936 0.934267 193.087 0.061687 0.997998 0.0139335 1.2869 -0.932272 0.0625989 -0.356301 -14.9336
-0.359202 0.00840295 0.933222 195.272 0.0601971 0.998085 0.0141831 1.30421 -0.931317 0.0612718 -0.35902 -15.7506
-0.362812 0.00918445 0.931817 197.456 0.0599346 0.99811 0.0134982 1.32067 -0.929933 0.0607454 -0.362677 -16.5776
-0.367436 0.00938777 0.930002 199.641 0.059848 0.998115 0.0135701 1.33721 -0.928122 0.0606449 -0.367305 -17.4162
-0.369536 0.00985362 0.929164 201.826 0.0596467 0.998133 0.013137 1.35315 -0.9273 0.0602761 -0.369435 -18.261
-0.373593 0.0100175 0.927539 204.012 0.0608866 0.998049 0.0137448 1.3708 -0.925593 0.0616096 -0.373475 -19.1191
-0.37499 0.00981367 0.926977 206.201 0.0621369 0.997961 0.0145711 1.39034 -0.924944 0.0630635 -0.374836 -19.9842
-0.37753 0.0100866 0.925942 208.389 0.0630447 0.9979 0.0148344 1.41116 -0.923849 0.0639762 -0.377374 -20.856
-0.382071 0.0107691 0.92407 210.58 0.0631816 0.997896 0.014494 1.4299 -0.921971 0.0639219 -0.381949 -21.7438
-0.383817 0.0108704 0.923345 212.768 0.0626877 0.99793 0.0143095 1.44832 -0.921279 0.0633746 -0.383705 -22.6359
-0.386921 0.0116364 0.92204 214.954 0.0622071 0.997971 0.0135096 1.46482 -0.920012 0.0625845 -0.38686 -23.5356
-0.392102 0.0120771 0.919842 217.145 0.0622591 0.997969 0.0134364 1.48062 -0.917813 0.062537 -0.392058 -24.4536
-0.393565 0.0122388 0.919215 219.335 0.0606443 0.998078 0.0126762 1.49482 -0.917295 0.060734 -0.393551 -25.3748
-0.396955 0.0131619 0.917744 221.523 0.0611013 0.998057 0.0121147 1.50748 -0.915802 0.0608843 -0.396988 -26.3048
-0.401275 0.0133239 0.915861 223.711 0.0628444 0.997938 0.0130167 1.51882 -0.913799 0.06278 -0.401285 -27.2479
-0.403049 0.0124311 0.915094 225.897 0.0623982 0.997954 0.0139262 1.53244 -0.913049 0.0627131 -0.403 -28.1952
-0.407919 0.012155 0.912937 228.087 0.0619892 0.997972 0.0144108 1.54821 -0.910911 0.0624706 -0.407846 -29.1567
-0.409744 0.0115413 0.912127 230.275 0.0605452 0.998059 0.0145693 1.56438 -0.910189 0.0611946 -0.409648 -30.1225
-0.413034 0.0115262 0.910643 232.46 0.0586473 0.998181 0.013966 1.57917 -0.908825 0.0591752 -0.412959 -31.0963
-0.417941 0.0107185 0.908411 234.64 0.0577206 0.998223 0.0147778 1.596 -0.906639 0.0586103 -0.417818 -32.0818
-0.42 0.0106402 0.907462 236.819 0.0566103 0.998291 0.0144957 1.61212 -0.905757 0.0574599 -0.419885 -33.0724
-0.423533 0.00996033 0.905826 238.996 0.0559968 0.998315 0.0152048 1.63051 -0.904148 0.0571631 -0.423377 -34.0715
-0.428508 0.00921388 0.903491 241.168 0.0552419 0.998344 0.0160189 1.65088 -0.901848 0.0567748 -0.428308 -35.0824
-0.431469 0.00890873 0.902084 243.337 0.0544763 0.998383 0.0161964 1.67181 -0.900481 0.0561304 -0.431257 -36.1004
-0.435062 0.00958559 0.900349 245.502 0.0548004 0.998371 0.0158512 1.69185 -0.898731 0.0562358 -0.43488 -37.1271
-0.439821 0.00990684 0.898031 247.662 0.0550487 0.998356 0.0159471 1.71211 -0.896397 0.0564493 -0.439643 -38.1654
-0.442386 0.00996062 0.89677 249.818 0.0543303 0.998399 0.0157122 1.73184 -0.895177 0.0556726 -0.442219 -39.2098
-0.447246 0.0100514 0.894355 251.969 0.0539137 0.998421 0.01574 1.75162 -0.892784 0.0552576 -0.447082 -40.266
-0.449897 0.0107033 0.893016 254.117 0.0543125 0.998405 0.0153959 1.77064 -0.891427 0.0554285 -0.449762 -41.3288
-0.453924 0.0114379 0.890967 256.261 0.0547354 0.998387 0.0150694 1.7889 -0.889357 0.0556078 -0.453819 -42.4013
-0.458621 0.0119008 0.888552 258.399 0.0554953 0.998342 0.0152723 1.80759 -0.886897 0.0563146 -0.458521 -43.4852
-0.461043 0.013554 0.887275 260.534 0.0568824 0.998278 0.0143074 1.82394 -0.885553 0.0570666 -0.46102 -44.5753
-0.46454 0.0137479 0.885446 262.665 0.0581023 0.998198 0.0149843 1.84205 -0.883644 0.0584072 -0.464502 -45.6738
-0.468947 0.0145437 0.883107 264.791 0.0588202 0.998158 0.0147962 1.85968 -0.881265 0.0588832 -0.46894 -46.7833
-0.470635 0.0159424 0.882184 266.915 0.0600377 0.998097 0.0139923 1.87533 -0.880283 0.0595495 -0.470698 -47.897
-0.475268 0.0159271 0.879697 269.037 0.0602327 0.998079 0.0144711 1.89324 -0.877777 0.0598641 -0.475315 -49.024
-0.478099 0.0164976 0.878151 271.157 0.0598586 0.99811 0.0138381 1.91016 -0.876263 0.0591808 -0.478184 -50.1589
-0.482018 0.015751 0.87602 273.279 0.0589596 0.998155 0.0144947 1.93162 -0.874175 0.0586364 -0.482058 -51.3053
-0.487255 0.0160352 0.873113 275.402 0.0591981 0.998137 0.0147051 1.95428 -0.871251 0.0588518 -0.487297 -52.4706
-0.490003 0.0164306 0.871566 277.533 0.0588209 0.998166 0.0142524 1.97635 -0.869734 0.05825 -0.490072 -53.6468
-0.493048 0.0156482 0.869861 279.666 0.0569979 0.998271 0.0143489 2.00102 -0.868133 0.056655 -0.493088 -54.8362
-0.497504 0.0157183 0.867319 281.807 0.0579882 0.998201 0.0151724 2.02605 -0.865521 0.0578426 -0.497521 -56.0428
-0.498876 0.0154174 0.866536 283.957 0.0586867 0.998147 0.0160276 2.05435 -0.864684 0.05885 -0.498857 -57.2627
-0.501113 0.0153586 0.865246 286.112 0.05966 0.998076 0.0168361 2.08502 -0.863323 0.0600573 -0.501066 -58.4944
-0.505053 0.0150647 0.862957 288.27 0.0589308 0.998115 0.0170656 2.11937 -0.861074 0.0594737 -0.50499 -59.7406
-0.505752 0.0140792 0.862564 290.434 0.0585006 0.998124 0.0180091 2.15683 -0.860693 0.0595686 -0.505628 -60.9922
-0.510125 0.0133405 0.859997 292.597 0.0587745 0.998082 0.0193808 2.19793 -0.858089 0.0604325 -0.509932 -62.2588
-0.510868 0.0139183 0.859546 294.766 0.0592706 0.998059 0.019066 2.23686 -0.857613 0.060686 -0.510703 -63.5313
-0.513253 0.0137952 0.858126 296.935 0.0585488 0.998104 0.0189731 2.27732 -0.856237 0.0599802 -0.513089 -64.8113
-0.516881 0.0148094 0.855929 299.106 0.0578711 0.998167 0.017677 2.31585 -0.854098 0.0586705 -0.516792 -66.1053
-0.519454 0.0139879 0.854384 301.275 0.05612 0.998265 0.0177768 2.35507 -0.852653 0.0571823 -0.519339 -67.4063
-0.523698 0.0115867 0.851825 303.451 0.0544015 0.998321 0.0198665 2.40019 -0.850164 0.0567446 -0.52345 -68.7199
-0.530002 0.00929452 0.847946 305.63 0.0523397 0.998391 0.0217709 2.45148 -0.846379 0.0559199 -0.529637 -70.0529
-0.532772 0.00775423 0.846223 307.809 0.0512419 0.998418 0.0231125 2.50666 -0.844705 0.0556758 -0.532328 -71.3956
-0.536841 0.00778729 0.843647 309.989 0.0517246 0.99838 0.0236985 2.56356 -0.842096 0.0563597 -0.536375 -72.753
-0.541835 0.00876352 0.840439 312.179 0.0529257 0.998316 0.0237117 2.61757 -0.838816 0.0573286 -0.541387 -74.1286
-0.543399 0.0093129 0.839422 314.376 0.0539205 0.99826 0.0238303 2.67483 -0.83774 0.0582114 -0.542957 -75.5211
-0.548471 0.00937384 0.836117 316.575 0.0544363 0.998216 0.0245176 2.73035 -0.834395 0.0589623 -0.548004 -76.931
-0.550236 0.00867237 0.834964 318.771 0.0544223 0.998192 0.0254962 2.78827 -0.833233 0.0594696 -0.549714 -78.3457
-0.553709 0.00729299 0.832678 320.976 0.0532567 0.998224 0.0266713 2.84426 -0.831005 0.0591138 -0.553115 -79.7738
-0.558925 0.00721043 0.829187 323.186 0.0528901 0.998235 0.0269709 2.9041 -0.827529 0.0589304 -0.558321 -81.2278
-0.560457 0.00729254 0.828152 325.395 0.0532054 0.998212 0.027217 2.96631 -0.826472 0.0593161 -0.559844 -82.6877
-0.564228 0.00695471 0.825589 327.6 0.0537447 0.998152 0.0283221 3.02924 -0.823867 0.0603512 -0.563561 -84.1583
-0.570134 0.00496736 0.821537 329.801 0.053382 0.998092 0.0310114 3.09636 -0.819815 0.0615359 -0.569312 -85.65
-0.57111 0.00367534 0.820865 332.001 0.0521437 0.998132 0.0318095 3.16557 -0.819215 0.0609697 -0.570236 -87.1442
-0.574506 0.0018868 0.818498 334.195 0.0511407 0.998126 0.0335949 3.2394 -0.816901 0.061159 -0.573527 -88.6479
-0.578796 0.00160121 0.81547 336.381 0.0525228 0.997994 0.0353195 3.31827 -0.813778 0.0632736 -0.577721 -90.163
-0.580326 0.000615729 0.814384 338.566 0.0513606 0.998036 0.0358448 3.40259 -0.812762 0.0626289 -0.57922 -91.6853
-0.584014 -0.000454148 0.811743 340.744 0.0488842 0.998165 0.0357286 3.48734 -0.81027 0.0605474 -0.582921 -93.2182
-0.585306 -0.00158723 0.810811 342.923 0.0460661 0.998317 0.0352084 3.57247 -0.809502 0.0579586 -0.584249 -94.7572
-0.588939 -0.00170556 0.808175 345.095 0.0458068 0.998319 0.0354875 3.65803 -0.806877 0.0579199 -0.587873 -96.3062
-0.592704 -0.00301416 0.805415 347.26 0.0450106 0.998306 0.0368593 3.74726 -0.804161 0.0580988 -0.591565 -97.8653
-0.594482 -0.00484644 0.804094 349.423 0.0433542 0.998334 0.0380698 3.83937 -0.802938 0.0574926 -0.593283 -99.4291
-0.597567 -0.00712512 0.801787 351.58 0.0413909 0.998353 0.0397203 3.93708 -0.80075 0.0569222 -0.596289 -101.002
-0.601317 -0.00861979 0.798964 353.732 0.0406583 0.998316 0.0413709 4.03925 -0.797975 0.0573615 -0.599955 -102.585
-0.602607 -0.0119795 0.797948 355.886 0.0373533 0.998367 0.0431975 4.15233 -0.797163 0.0558371 -0.601177 -104.176
-0.605792 -0.0123969 0.795526 358.034 0.0359287 0.998432 0.0429186 4.26509 -0.79481 0.054582 -0.604398 -105.777
-0.609929 -0.0126545 0.792355 360.174 0.0343326 0.998511 0.0423752 4.37633 -0.791711 0.0530495 -0.608588 -107.389
-0.610845 -0.0124377 0.791652 362.313 0.0346461 0.998498 0.0424208 4.48786 -0.790991 0.0533402 -0.609499 -109.005
-0.614548 -0.0140444 0.788754 364.443 0.0339834 0.998442 0.0442559 4.60425 -0.788146 0.0540019 -0.613115 -110.63
-0.61577 -0.0150712 0.787782 366.572 0.0302663 0.998626 0.0427625 4.71561 -0.787344 0.0501751 -0.61447 -112.26
-0.617683 -0.0183679 0.786213 368.701 0.0208151 0.998995 0.0396922 4.81535 -0.786151 0.0408823 -0.616681 -113.895
-0.62227 -0.0157987 0.782643 370.822 0.0147358 0.999382 0.0318902 4.90584 -0.782663 0.0313772 -0.621655 -115.536
-0.622663 -0.00902372 0.782438 372.933 0.0221762 0.999328 0.0291729 4.96323 -0.782175 0.0355164 -0.622046 -117.184
-0.623971 -0.00888578 0.781397 375.04 0.0290653 0.998979 0.0345697 5.02375 -0.780906 0.044282 -0.623077 -118.842
-0.627617 -0.0157776 0.778362 377.139 0.028444 0.998662 0.0431784 5.10788 -0.778002 0.0492392 -0.626329 -120.508
-0.629549 -0.0251833 0.776552 379.234 0.0237021 0.998386 0.0515926 5.21507 -0.776598 0.050886 -0.627938 -122.179
-0.634277 -0.0310121 0.772483 381.319 0.0185781 0.998295 0.0553318 5.33327 -0.772882 0.049447 -0.632621 -123.862
-0.636172 -0.0308742 0.770929 383.4 0.0179677 0.998335 0.0548084 5.45034 -0.771337 0.0487194 -0.63456 -125.549
-0.638876 -0.0270189 0.768834 385.476 0.0217622 0.998348 0.0531683 5.56273 -0.769 0.0506995 -0.637235 -127.244
-0.642387 -0.02097 0.766093 387.544 0.0258521 0.998463 0.0490083 5.66388 -0.765943 0.0512874 -0.640859 -128.95
-0.644653 -0.0184691 0.764252 389.607 0.0264361 0.998571 0.0464308 5.75837 -0.764017 0.0501356 -0.643245 -130.662
-0.648049 -0.0186271 0.76137 391.662 0.0264739 0.998545 0.0469632 5.85448 -0.761137 0.0505909 -0.646615 -132.383
-0.652003 -0.0190942 0.757976 393.709 0.0264947 0.998498 0.0479437 5.95339 -0.757753 0.0513418 -0.650519 -134.114
-0.653683 -0.019837 0.756509 395.752 0.0272045 0.998394 0.0496866 6.05716 -0.756279 0.0530597 -0.652095 -135.85
-0.655336 -0.020491 0.755059 397.791 0.0266766 0.99838 0.0502476 6.16237 -0.754865 0.0530715 -0.653729 -137.59
-0.658021 -0.0207331 0.752714 399.824 0.0271079 0.99832 0.0511959 6.27023 -0.75251 0.0540925 -0.656355 -139.338
-0.658465 -0.0209923 0.752319 401.857 0.0272532 0.99829 0.0517091 6.37954 -0.752117 0.0545517 -0.656768 -141.086
-0.661313 -0.0210029 0.749815 403.882 0.0283949 0.99819 0.0530036 6.49238 -0.749571 0.0563429 -0.659522 -142.843
-0.66159 -0.0220491 0.749541 405.906 0.0294425 0.998032 0.0553467 6.61189 -0.749286 0.0586853 -0.659641 -144.599
-0.662873 -0.0223019 0.748399 407.927 0.0308658 0.997892 0.0570751 6.73567 -0.748094 0.0609335 -0.660789 -146.36
-0.665677 -0.02309 0.745882 409.941 0.0294138 0.997932 0.0571435 6.85975 -0.745659 0.0599784 -0.663623 -148.128
-0.66608 -0.0235395 0.745509 411.954 0.0250948 0.998228 0.0539403 6.97591 -0.745457 0.054637 -0.664311 -149.897
-0.667598 -0.0246848 0.744113 413.963 0.021695 0.99838 0.0525839 7.08902 -0.744205 0.0512484 -0.665982 -151.671
-0.669631 -0.0254575 0.742258 415.968 0.0212001 0.998349 0.0533665 7.20431 -0.742391 0.0514717 -0.667987 -153.45
-0.669555 -0.026615 0.742285 417.972 0.0195469 0.99838 0.0534291 7.31984 -0.742504 0.0502832 -0.667951 -155.229
-0.670459 -0.027759 0.741427 419.975 0.0175668 0.998425 0.0532665 7.43618 -0.741737 0.0487375 -0.668917 -157.01
-0.67214 -0.0284875 0.739876 421.974 0.0165334 0.998432 0.0534626 7.55329 -0.740239 0.048167 -0.670616 -158.795
-0.671758 -0.0304379 0.740145 423.973 0.0169935 0.998259 0.056476 7.67841 -0.740575 0.0505158 -0.670072 -160.58
-0.67279 -0.0319309 0.739144 425.97 0.0186109 0.998021 0.0600545 7.81262 -0.739599 0.0541602 -0.670865 -162.366
-0.671432 -0.0326603 0.740346 427.969 0.0235066 0.997586 0.0653271 7.96074 -0.740692 0.0612657 -0.669045 -164.148
-0.670188 -0.0341028 0.741408 429.971 0.0265127 0.997206 0.0698347 8.12053 -0.741717 0.0664591 -0.667412 -165.926
-0.669448 -0.0368318 0.741945 431.974 0.0220207 0.997347 0.0693795 8.27953 -0.742532 0.0627841 -0.666862 -167.702
-0.667927 -0.0396942 0.743167 433.98 0.0138386 0.997741 0.0657291 8.4292 -0.744097 0.0541866 -0.66587 -169.476
-0.666023 -0.0417291 0.744763 435.99 0.00932696 0.997889 0.0642527 8.57501 -0.745872 0.0497402 -0.66423 -171.244
-0.664353 -0.0428452 0.74619 438.004 0.00747701 0.997924 0.0639564 8.71993 -0.747381 0.0480689 -0.662654 -173.008
-0.660784 -0.0428083 0.749354 440.026 0.0088796 0.997856 0.0648345 8.86702 -0.750522 0.0494956 -0.658989 -174.763
-0.658259 -0.04329 0.751546 442.053 0.00912869 0.997812 0.0654709 9.01577 -0.752735 0.0499574 -0.656425 -176.511
-0.657012 -0.0445236 0.752564 444.083 0.00642162 0.997887 0.0646439 9.16228 -0.753852 0.0473046 -0.655339 -178.255
-0.653635 -0.0476912 0.755306 446.12 0.00113669 0.997949 0.0639958 9.30722 -0.756808 0.0426884 -0.652241 -179.992
-0.653913 -0.0521607 0.75477 448.155 -0.00602312 0.997947 0.063748 9.45166 -0.756545 0.0371396 -0.652886 -181.729
-0.652306 -0.0558799 0.755893 450.193 -0.0122481 0.997925 0.0632027 9.59473 -0.757856 0.0319693 -0.651638 -183.463
-0.651292 -0.0575481 0.756642 452.234 -0.0150825 0.997904 0.0629154 9.73709 -0.758676 0.0295643 -0.650797 -185.195
-0.651507 -0.0584727 0.756386 454.273 -0.013349 0.997754 0.0656337 9.88715 -0.758524 0.0326638 -0.650825 -186.926
-0.649503 -0.06051 0.757948 456.316 -0.0131149 0.997571 0.0684016 10.0443 -0.760245 0.0344866 -0.64872 -188.652
-0.648654 -0.0629044 0.758479 458.361 -0.013901 0.997391 0.0708304 10.2082 -0.760955 0.0354008 -0.647838 -190.375
-0.64924 -0.0648851 0.757811 460.404 -0.0154665 0.997274 0.0721377 10.3759 -0.760426 0.035114 -0.648475 -192.1
-0.646387 -0.0662156 0.760131 462.452 -0.0174543 0.997249 0.0720287 10.5434 -0.762809 0.0332909 -0.645766 -193.818
-0.644532 -0.0660538 0.761718 464.504 -0.0179088 0.997291 0.0713283 10.7086 -0.764366 0.032332 -0.643971 -195.53
-0.645195 -0.0665148 0.761117 466.555 -0.0168638 0.9972 0.0728509 10.8778 -0.763831 0.0341677 -0.644511 -197.245
-0.643379 -0.0663685 0.762666 468.61 -0.0141902 0.997097 0.0747983 11.0522 -0.765416 0.0373013 -0.642454 -198.953
-0.642858 -0.0680041 0.762961 470.665 -0.0154837 0.997001 0.0758183 11.2291 -0.765828 0.036927 -0.641984 -200.661
-0.641138 -0.0694364 0.764278 472.724 -0.0160938 0.996895 0.0770695 11.4093 -0.767256 0.037112 -0.640266 -202.364
-0.639594 -0.0691495 0.765596 474.787 -0.0152996 0.996893 0.0772589 11.5903 -0.76856 0.037701 -0.638666 -204.062
-0.639889 -0.0710776 0.765173 476.848 -0.0161583 0.996737 0.0790751 11.7756 -0.768296 0.0382354 -0.638951 -205.761
-0.638049 -0.070898 0.766725 478.913 -0.0166717 0.99679 0.0782981 11.959 -0.769814 0.0371755 -0.637184 -207.456
-0.637501 -0.0713395 0.767139 480.979 -0.0175309 0.996789 0.0781272 12.142 -0.770249 0.0363576 -0.636706 -209.149
-0.638514 -0.071627 0.76627 483.042 -0.0170493 0.996731 0.0789626 12.327 -0.76942 0.0373545 -0.637649 -210.844
-0.636552 -0.0735029 0.767724 485.109 -0.0167746 0.996531 0.0815008 12.519 -0.771051 0.0390013 -0.635578 -212.534
-0.636563 -0.0762894 0.767442 487.176 -0.0189796 0.996343 0.083301 12.7158 -0.77099 0.0384607 -0.635685 -214.224
-0.637692 -0.0779107 0.766341 489.239 -0.0194385 0.996182 0.0851024 12.9177 -0.770045 0.0393726 -0.636773 -215.917
-0.636816 -0.0788319 0.766975 491.303 -0.0201214 0.996119 0.0856774 13.1208 -0.770752 0.0391282 -0.635932 -217.607
-0.638176 -0.079269 0.765799 493.365 -0.0197782 0.996044 0.08662 13.3264 -0.769636 0.0401327 -0.637221 -219.301
-0.637289 -0.080527 0.766406 495.428 -0.0199677 0.995916 0.0880382 13.5358 -0.770365 0.0408025 -0.636296 -220.992
-0.637268 -0.0819977 0.766268 497.491 -0.0207074 0.995786 0.0893369 13.7487 -0.770363 0.0410642 -0.636281 -222.682
-0.638778 -0.0834739 0.76485 499.55 -0.0214082 0.99564 0.0907825 13.9654 -0.769093 0.0416158 -0.637781 -224.377
-0.63787 -0.0841021 0.765538 501.61 -0.0221952 0.995613 0.0908845 14.1822 -0.769823 0.0409813 -0.63694 -226.07
-0.638083 -0.0849473 0.765268 503.67 -0.0230903 0.995559 0.0912576 14.4 -0.769621 0.0405597 -0.637212 -227.763
-0.638283 -0.0852934 0.765062 505.729 -0.0227652 0.995499 0.0919911 14.6197 -0.769465 0.0412995 -0.637353 -229.456
-0.637317 -0.0859036 0.765799 507.79 -0.0222906 0.995406 0.0931091 14.8425 -0.770279 0.04227 -0.636305 -231.146
-0.637714 -0.0875367 0.765283 509.85 -0.0234012 0.995264 0.0943427 15.0685 -0.769917 0.0422552 -0.636743 -232.837
-0.637158 -0.0886318 0.76562 511.91 -0.0241287 0.995172 0.0951256 15.2967 -0.770354 0.0421367 -0.636222 -234.527
-0.637132 -0.0903802 0.765437 513.97 -0.0249911 0.995 0.0966843 15.5292 -0.770349 0.0424716 -0.636207 -236.217
-0.637053 -0.0936414 0.765111 516.029 -0.0262712 0.994654 0.0998609 15.7701 -0.770371 0.0435165 -0.636109 -237.906
-0.635669 -0.0956136 0.766017 518.09 -0.0263846 0.99441 0.102227 16.0174 -0.771509 0.0447714 -0.634641 -239.591
-0.635561 -0.0963124 0.76602 520.15 -0.0260344 0.994297 0.103413 16.2677 -0.771611 0.0457828 -0.634445 -241.276
-0.636544 -0.0968844 0.765131 522.208 -0.026253 0.994224 0.104052 16.5194 -0.770793 0.046147 -0.635412 -242.963
-0.635049 -0.0970341 0.766353 524.269 -0.0263872 0.994224 0.104021 16.7712 -0.77202 0.0458363 -0.633943 -244.647
-0.635546 -0.098677 0.765731 526.328 -0.027214 0.994045 0.105512 17.0268 -0.771582 0.046219 -0.634448 -246.331
-0.637178 -0.100408 0.764149 528.383 -0.0286143 0.993875 0.106734 17.2856 -0.770185 0.046143 -0.636149 -248.02
-0.636936 -0.100889 0.764287 530.438 -0.0284925 0.993802 0.107441 17.5462 -0.770389 0.0466565 -0.635865 -249.707
-0.636863 -0.103696 0.763972 532.491 -0.0296274 0.993473 0.110149 17.814 -0.770406 0.0475155 -0.63578 -251.395
-0.637482 -0.105255 0.763242 534.543 -0.0301793 0.993275 0.111771 18.0861 -0.769873 0.0482181 -0.636373 -253.084
-0.636705 -0.107846 0.763529 536.596 -0.0320882 0.993019 0.113503 18.3628 -0.770438 0.0477678 -0.635722 -254.771
-0.637526 -0.108477 0.762754 538.646 -0.0341069 0.993041 0.11272 18.637 -0.769672 0.045847 -0.636791 -256.461
-0.636638 -0.107685 0.763607 540.699 -0.0347067 0.9932 0.111126 18.907 -0.77038 0.0442448 -0.636047 -258.148
-0.637185 -0.108846 0.762986 542.75 -0.0352092 0.993054 0.112263 19.1799 -0.769905 0.0446682 -0.636593 -259.836
-0.638079 -0.110276 0.762034 544.798 -0.0354122 0.992846 0.114025 19.4576 -0.769156 0.045772 -0.63742 -261.527
-0.637457 -0.112569 0.762218 546.847 -0.036026 0.992542 0.116455 19.7417 -0.769642 0.0467757 -0.63676 -263.216
-0.637188 -0.112899 0.762395 548.896 -0.0355245 0.992463 0.117279 20.0278 -0.769889 0.0476449 -0.636397 -264.904
-0.638702 -0.112649 0.761164 550.941 -0.035449 0.992482 0.117138 20.3136 -0.768636 0.0478338 -0.637895 -266.596
-0.637904 -0.112848 0.761803 552.989 -0.0351415 0.99244 0.117586 20.6007 -0.769312 0.0482379 -0.637049 -268.285
-0.638852 -0.113281 0.760944 555.034 -0.0346726 0.992334 0.118618 20.8905 -0.768547 0.0493953 -0.637883 -269.977
-0.637928 -0.115083 0.761448 557.08 -0.0346407 0.992058 0.120915 21.1865 -0.769315 0.0507583 -0.63685 -271.666
-0.638085 -0.117293 0.76098 559.125 -0.0353882 0.991751 0.12319 21.4885 -0.769151 0.0516763 -0.636974 -273.355
-0.638903 -0.118799 0.76006 561.168 -0.0366262 0.991581 0.124198 21.7934 -0.768414 0.0515127 -0.637876 -275.046
-0.638082 -0.119847 0.760584 563.212 -0.0354903 0.99134 0.126434 22.1043 -0.769149 0.0536818 -0.636811 -276.735
-0.637541 -0.12118 0.760827 565.256 -0.0355864 0.99113 0.128042 22.4193 -0.769593 0.0545571 -0.636199 -278.423
-0.638417 -0.123133 0.759777 567.298 -0.0368934 0.990881 0.129587 22.7384 -0.768805 0.0546998 -0.63714 -280.112
-0.637067 -0.124722 0.760651 569.342 -0.0381339 0.990713 0.130507 23.0598 -0.769863 0.0541353 -0.635909 -281.799
-0.637921 -0.125708 0.759773 571.384 -0.0392299 0.99061 0.130963 23.3824 -0.769101 0.0537381 -0.636864 -283.487
-0.636361 -0.125803 0.761064 573.429 -0.038404 0.990555 0.131626 23.7069 -0.770434 0.0545336 -0.635183 -285.172
-0.63604 -0.125656 0.761357 575.475 -0.0375049 0.99052 0.132145 24.0327 -0.770743 0.0554952 -0.634724 -286.855
-0.636568 -0.127295 0.760642 577.519 -0.0375058 0.990226 0.134328 24.3643 -0.770307 0.0569808 -0.635122 -288.539
-0.635474 -0.128377 0.761375 579.565 -0.0371207 0.99002 0.135947 24.7001 -0.771228 0.0581284 -0.633899 -290.22
-0.636102 -0.129294 0.760696 581.608 -0.0377474 0.989894 0.136686 25.0376 -0.770681 0.058232 -0.634555 -291.902
-0.635276 -0.130257 0.761221 583.654 -0.0382937 0.989774 0.137408 25.3771 -0.771334 0.0581423 -0.633769 -293.582
-0.634506 -0.130937 0.761747 585.7 -0.0388141 0.9897 0.137789 25.7177 -0.771942 0.0578619 -0.633054 -295.26
-0.63403 -0.131821 0.761991 587.748 -0.0394925 0.989597 0.138335 26.0597 -0.772299 0.0576155 -0.632641 -296.937
-0.634917 -0.133266 0.761 589.792 -0.0401625 0.989372 0.139749 26.4054 -0.771535 0.0581657 -0.633523 -298.617
-0.633621 -0.134476 0.761866 591.839 -0.0407029 0.989207 0.140753 26.754 -0.772571 0.0581738 -0.632258 -300.292
-0.633983 -0.136082 0.76128 593.884 -0.0424021 0.989032 0.141482 27.1044 -0.772183 0.0574174 -0.632801 -301.969
-0.633584 -0.136628 0.761515 595.93 -0.043081 0.988986 0.141596 27.4552 -0.772473 0.0569062 -0.632493 -303.646
-0.634184 -0.137223 0.760908 597.974 -0.0420881 0.988792 0.143242 27.8105 -0.772035 0.0588165 -0.632853 -305.323
-0.635036 -0.138603 0.759947 600.016 -0.0418159 0.988497 0.145344 28.1712 -0.771349 0.0605212 -0.633528 -307.002
-0.633908 -0.140786 0.760487 602.059 -0.0425392 0.98815 0.147474 28.5378 -0.772236 0.0611345 -0.632387 -308.678
-0.634088 -0.141496 0.760205 604.101 -0.0436892 0.9881 0.147472 28.9042 -0.772025 0.0602979 -0.632726 -310.354
-0.63509 -0.141409 0.759384 606.141 -0.0440253 0.988128 0.147185 29.2698 -0.771182 0.060044 -0.633777 -312.033
-0.634527 -0.141054 0.759921 608.182 -0.0439086 0.988196 0.146763 29.6342 -0.771651 0.059758 -0.633232 -313.71
-0.634768 -0.14186 0.759569 610.222 -0.0436193 0.988014 0.148073 30.0021 -0.771469 0.0608602 -0.633349 -315.388
-0.634307 -0.143072 0.759727 612.263 -0.042999 0.987733 0.15011 30.3755 -0.771883 0.0625483 -0.632679 -317.064
-0.634392 -0.144605 0.759366 614.303 -0.0428817 0.987417 0.152208 30.7544 -0.77182 0.0639968 -0.632612 -318.74
-0.634728 -0.146327 0.758755 616.341 -0.0428975 0.987065 0.154471 31.1394 -0.771543 0.0654986 -0.632796 -320.416
-0.63406 -0.146611 0.759258 618.38 -0.0419037 0.986934 0.155581 31.5273 -0.772146 0.066832 -0.63192 -322.09
-0.633884 -0.147007 0.759329 620.42 -0.0421625 0.986878 0.155863 31.9158 -0.772277 0.0667842 -0.631766 -323.764
-0.633955 -0.147462 0.759182 622.46 -0.0418432 0.986755 0.156724 32.3067 -0.772236 0.0675895 -0.63173 -325.437
-0.633028 -0.148481 0.759756 624.501 -0.0418917 0.986565 0.157903 32.7006 -0.772993 0.0681296 -0.630745 -327.108
-0.632785 -0.149617 0.759736 626.542 -0.0422089 0.986361 0.159092 33.0978 -0.773175 0.0686033 -0.630471 -328.778
-0.63279 -0.151077 0.759442 628.582 -0.0430813 0.986131 0.160276 33.4981 -0.773122 0.0687036 -0.630524 -330.448
-0.631678 -0.150822 0.760419 630.625 -0.0433754 0.986232 0.159578 33.8963 -0.774015 0.0678183 -0.629524 -332.116
-0.632086 -0.151415 0.759962 632.667 -0.0433675 0.986098 0.160401 34.2967 -0.773683 0.0684297 -0.629866 -333.784
-0.631082 -0.152731 0.760532 634.71 -0.0430173 0.985807 0.162276 34.7019 -0.774521 0.0696935 -0.628696 -335.449
-0.630674 -0.153758 0.760664 636.753 -0.0430442 0.985597 0.163537 35.1105 -0.774852 0.0703965 -0.62821 -337.113
-0.630891 -0.153986 0.760437 638.796 -0.0430324 0.985543 0.163867 35.5198 -0.774675 0.070659 -0.628398 -338.777
-0.629397 -0.153228 0.761827 640.843 -0.042334 0.985672 0.163276 35.9275 -0.775928 0.0705144 -0.626867 -340.437
-0.629043 -0.154405 0.761882 642.889 -0.0421677 0.98541 0.16489 36.3394 -0.776224 0.0715963 -0.626378 -342.096
-0.629409 -0.155745 0.761307 644.935 -0.0419103 0.985087 0.166876 36.7566 -0.775942 0.0731265 -0.626551 -343.755
-0.62814 -0.157134 0.762069 646.982 -0.0414894 0.984767 0.168855 37.179 -0.776992 0.0744469 -0.625092 -345.411
-0.628475 -0.158576 0.761494 649.027 -0.0419754 0.984486 0.170369 37.6054 -0.776694 0.075109 -0.625382 -347.066
-0.627027 -0.159516 0.762491 651.075 -0.0418611 0.984295 0.171494 38.0348 -0.777871 0.0756131 -0.623858 -348.718
