1 0 0 0 0 1 0 0 0 0 1 0
0.999997 -0.00210447 -0.0014119 -0.0070923 0.00210824 0.999994 0.00267129 -0.0257876 0.00140627 -0.00267426 0.999995 1.51937
0.999995 -0.00246934 -0.00189212 -0.0127227 0.00247731 0.999988 0.00422556 -0.0459664 0.00188166 -0.00423023 0.999989 3.03881
0.99999 -0.00165775 -0.0042342 -0.0297642 0.00167723 0.999988 0.00459921 -0.0595244 0.00422653 -0.00460627 0.99998 4.56043
0.999988 -0.00183435 -0.0046308 -0.0418859 0.00185636 0.999987 0.00475312 -0.0718234 0.00462202 -0.00476166 0.999978 6.06782
0.999976 -0.00186878 -0.00668303 -0.062506 0.00190625 0.999983 0.00560402 -0.0784741 0.00667244 -0.00561662 0.999962 7.58637
0.999963 -0.00200814 -0.00843373 -0.0845036 0.00205453 0.999983 0.00549583 -0.0862218 0.00842254 -0.00551296 0.999949 9.09651
0.999956 -0.00293102 -0.00890817 -0.0978282 0.00297773 0.999982 0.00523567 -0.0980603 0.00889266 -0.00526197 0.999947 10.5969
0.99993 -0.00432358 -0.0110188 -0.118276 0.00438047 0.999977 0.00514415 -0.107093 0.0109963 -0.00519205 0.999926 12.0998
0.999915 -0.00489733 -0.0120911 -0.141413 0.00496683 0.999971 0.00572435 -0.115235 0.0120627 -0.00578392 0.999911 13.5979
0.99992 -0.00410106 -0.0120077 -0.164962 0.0041662 0.999977 0.00540563 -0.122683 0.0119853 -0.00545522 0.999913 15.0903
0.999905 -0.00286812 -0.0135364 -0.192401 0.00295568 0.999975 0.00645279 -0.128675 0.0135175 -0.00649218 0.999888 16.5826
0.999903 -0.00153916 -0.0138391 -0.220197 0.00163358 0.999976 0.00681437 -0.134064 0.0138282 -0.00683632 0.999881 18.0717
0.999912 -0.000937531 -0.0132837 -0.247609 0.00103711 0.999971 0.00749154 -0.139626 0.0132763 -0.00750465 0.999884 19.5493
0.999888 -0.000783622 -0.0149627 -0.27757 0.000910135 0.999964 0.00845026 -0.143724 0.0149556 -0.00846293 0.999853 21.0269
0.999902 -7.76633e-05 -0.0140351 -0.304274 0.00019129 0.999967 0.00809462 -0.153123 0.014034 -0.00809651 0.999869 22.4956
0.999889 0.00118215 -0.014881 -0.33237 -0.00104828 0.999959 0.00900035 -0.161175 0.014891 -0.00898374 0.999849 23.9642
0.999892 0.00153529 -0.0146312 -0.359669 -0.00140332 0.999958 0.00902557 -0.167887 0.0146444 -0.00900406 0.999852 25.4303
0.999913 0.00159095 -0.0131509 -0.382327 -0.00147766 0.999962 0.00861959 -0.176859 0.0131641 -0.0085994 0.999877 26.8802
0.999899 0.00160536 -0.0141188 -0.411247 -0.00150914 0.999976 0.00682299 -0.186228 0.0141294 -0.00680099 0.999877 28.3277
0.999906 0.00152015 -0.0136065 -0.439103 -0.00142059 0.999972 0.00732355 -0.195313 0.0136172 -0.00730354 0.999881 29.7702
0.999924 -0.000419918 -0.0123126 -0.460378 0.000531235 0.999959 0.00903894 -0.202528 0.0123083 -0.0090448 0.999884 31.2042
0.999915 -0.00118896 -0.0130109 -0.482465 0.0013227 0.999946 0.0102749 -0.208362 0.012998 -0.0102912 0.999863 32.6368
0.999932 -0.00190955 -0.0115585 -0.50328 0.00202409 0.999949 0.00990602 -0.217761 0.011539 -0.00992874 0.999884 34.0484
0.999929 -0.00188038 -0.0117688 -0.527193 0.00198332 0.99996 0.0087412 -0.223496 0.0117519 -0.00876392 0.999893 35.4462
0.999939 -0.00119649 -0.0110151 -0.552181 0.00128808 0.999965 0.00831157 -0.22634 0.0110048 -0.00832525 0.999905 36.8339
0.999962 -0.00098165 -0.00869166 -0.571124 0.00104923 0.999969 0.00777401 -0.231661 0.00868376 -0.00778283 0.999932 38.2038
0.999965 -0.000377921 -0.00837206 -0.590078 0.000448878 0.999964 0.00847512 -0.235011 0.00836856 -0.00847858 0.999929 39.5611
0.999979 -0.000476312 -0.00654868 -0.609498 0.000543813 0.999947 0.0103095 -0.235214 0.00654342 -0.0103128 0.999926 40.9052
0.999993 -0.000910203 -0.00379356 -0.620616 0.000952939 0.999936 0.0112788 -0.238754 0.00378305 -0.0112823 0.999929 42.2237
0.999998 -0.000598424 -0.00215674 -0.633036 0.000623451 0.999932 0.0116219 -0.240952 0.00214964 -0.0116233 0.99993 43.5255
0.999998 -0.000564907 0.00218937 -0.637038 0.000540444 0.999938 0.0111586 -0.243457 -0.00219554 -0.0111574 0.999936 44.8068
0.999986 -0.00126558 0.00509565 -0.639157 0.00121369 0.999948 0.0101742 -0.246123 -0.00510826 -0.0101678 0.999935 46.0734
0.999945 -0.00153802 0.0104483 -0.632649 0.00144294 0.999958 0.00910176 -0.252993 -0.0104619 -0.00908617 0.999904 47.3211
0.999922 -0.00123819 0.0124643 -0.626457 0.00112682 0.999959 0.00893762 -0.259034 -0.0124749 -0.00892287 0.999883 48.566
0.999825 -0.00133279 0.0186584 -0.610743 0.00115951 0.999956 0.009295 -0.265806 -0.01867 -0.00927174 0.999783 49.794
0.999678 2.51281e-05 0.0253975 -0.58926 -0.000248201 0.999961 0.00878018 -0.269968 -0.0253963 -0.00878365 0.999639 51.0095
0.99944 0.00117883 0.033457 -0.561585 -0.00148962 0.999956 0.00926581 -0.270455 -0.0334446 -0.00931046 0.999397 52.2127
0.999139 0.00157315 0.0414769 -0.526835 -0.00199187 0.999948 0.0100559 -0.271011 -0.0414589 -0.0101299 0.999089 53.4044
0.998606 0.0032681 0.0526863 -0.478083 -0.00380539 0.999942 0.0101009 -0.270943 -0.0526502 -0.0102873 0.99856 54.5882
0.997858 0.0051066 0.0652197 -0.416124 -0.00578344 0.999931 0.0101934 -0.270336 -0.0651632 -0.0105488 0.997819 55.7595
0.996751 0.00664908 0.0802749 -0.340022 -0.00753172 0.999915 0.0106974 -0.269352 -0.0801969 -0.0112673 0.996716 56.9134
0.995254 0.00762976 0.0970105 -0.24497 -0.00881974 0.999891 0.0118436 -0.267365 -0.0969096 -0.012643 0.995213 58.0513
0.993423 0.00788089 0.114231 -0.132534 -0.00942495 0.999871 0.0129832 -0.263995 -0.114114 -0.0139744 0.99337 59.1766
0.991019 0.00745525 0.133513 0.00278419 -0.0093171 0.999868 0.0133257 -0.259637 -0.133396 -0.01445 0.990958 60.2864
0.987981 0.00649742 0.154437 0.160136 -0.00855419 0.999883 0.0126571 -0.256846 -0.154337 -0.013826 0.987922 61.3863
0.984553 0.00464189 0.175025 0.338828 -0.00693228 0.999898 0.012477 -0.259009 -0.174949 -0.0134976 0.984485 62.4658
0.980233 -0.000360194 0.197848 0.543906 -0.00275528 0.999877 0.0154713 -0.258768 -0.197829 -0.0157106 0.980111 63.5344
0.975386 -0.00528772 0.220441 0.771713 0.00167172 0.999861 0.0165868 -0.257232 -0.220498 -0.01581 0.97526 64.5808
0.9695 -0.00967032 0.244901 1.02249 0.00584225 0.999849 0.0163528 -0.257818 -0.245022 -0.0144232 0.969411 65.6077
0.962681 -0.0149964 0.270224 1.30379 0.0110425 0.999809 0.0161464 -0.263898 -0.270415 -0.0125599 0.962662 66.6185
0.954968 -0.0173981 0.2962 1.60639 0.0131518 0.99978 0.0163224 -0.265898 -0.296419 -0.0116918 0.954987 67.6097
0.945879 -0.0204673 0.323875 1.93575 0.0154152 0.999716 0.0181571 -0.265383 -0.324155 -0.0121819 0.945926 68.5856
0.935908 -0.024123 0.351418 2.28841 0.0179481 0.999622 0.0208189 -0.265179 -0.351788 -0.0131773 0.935987 69.5363
0.924715 -0.0262247 0.379755 2.66473 0.0196867 0.999584 0.0210903 -0.264054 -0.38015 -0.0120264 0.924847 70.469
0.911976 -0.026219 0.409406 3.06536 0.0206358 0.999624 0.0180501 -0.260417 -0.409726 -0.00801278 0.912174 71.3803
0.898703 -0.0263292 0.437768 3.48713 0.022491 0.99965 0.013951 -0.260042 -0.437982 -0.00269201 0.89898 72.2696
0.884131 -0.0267884 0.466471 3.93365 0.0237953 0.999641 0.0123064 -0.257359 -0.466634 0.000219384 0.884451 73.136
0.867654 -0.0279436 0.496383 4.40935 0.0237105 0.999609 0.0148277 -0.252563 -0.496603 -0.00109585 0.867977 73.9865
0.849643 -0.0271528 0.526659 4.90816 0.0199319 0.999614 0.0193813 -0.240736 -0.526981 -0.00596989 0.849856 74.8154
0.829399 -0.0266947 0.55802 5.43721 0.0176171 0.999611 0.0216349 -0.227449 -0.55838 -0.00811328 0.829546 75.624
0.807803 -0.0215783 0.589058 5.98199 0.0134453 0.999744 0.0181844 -0.213204 -0.589299 -0.00676932 0.807887 76.4008
0.785261 -0.014647 0.618992 6.55464 0.00994649 0.99989 0.0110418 -0.206403 -0.619085 -0.0025139 0.78532 77.1561
0.762274 -0.0126484 0.647131 7.15027 0.00870479 0.999919 0.00929013 -0.198219 -0.647196 -0.00144848 0.762322 77.8825
0.738605 -0.0143847 0.673985 7.77036 0.00872471 0.999893 0.0117792 -0.190174 -0.674083 -0.00281983 0.738651 78.5859
0.713551 -0.0149271 0.700445 8.40967 0.00846642 0.999884 0.0126836 -0.181028 -0.700553 -0.0031201 0.713594 79.2576
0.687651 -0.0129547 0.725926 9.07023 0.00810858 0.999916 0.0101631 -0.174947 -0.725996 -0.00110247 0.687698 79.9024
0.660838 -0.0111848 0.750445 9.74703 0.00740701 0.999938 0.00838068 -0.168236 -0.750492 2.02785e-05 0.66088 80.5152
0.633455 -0.00932777 0.773724 10.4454 0.00583307 0.999957 0.00727957 -0.162562 -0.773758 -9.81008e-05 0.633482 81.1033
0.60524 -0.00878576 0.795995 11.1584 0.00541727 0.999962 0.00691797 -0.158474 -0.796025 0.000125083 0.605264 81.6634
0.575858 -0.0041786 0.817539 11.8912 0.00451424 0.999988 0.00193139 -0.158451 -0.817537 0.00257836 0.57587 82.1963
0.545263 0.00155326 0.838264 12.6431 0.00387062 0.999983 -0.00437062 -0.164069 -0.838257 0.00562774 0.545248 82.7023
0.514015 0.00795816 0.857744 13.4129 0.00244061 0.99994 -0.01074 -0.175233 -0.857778 0.00761396 0.513965 83.1799
0.482208 0.012024 0.875974 14.1995 -0.000288757 0.999908 -0.0135662 -0.188668 -0.876057 0.00628878 0.482168 83.6291
0.449035 0.0125105 0.893427 15.0155 -0.00247571 0.999916 -0.0127573 -0.19979 -0.893511 0.00351663 0.449028 84.0557
0.415484 0.0105481 0.909539 15.8462 -0.00584891 0.999943 -0.00892467 -0.207317 -0.909582 -0.00161176 0.415522 84.4516
0.380891 0.0111824 0.924552 16.6932 -0.01037 0.999916 -0.00782169 -0.215118 -0.924562 -0.00660839 0.380975 84.8173
0.345841 0.011584 0.938222 17.5533 -0.0157136 0.999855 -0.0065527 -0.221511 -0.938162 -0.0124766 0.345973 85.1514
0.309884 0.0136553 0.950677 18.4257 -0.0205849 0.999759 -0.00765038 -0.228789 -0.950552 -0.0171989 0.31009 85.4528
0.273857 0.0128712 0.961685 19.3116 -0.0232177 0.999708 -0.00676846 -0.235602 -0.961491 -0.0204745 0.274075 85.7241
0.237609 0.0114568 0.971294 20.2117 -0.0231266 0.999714 -0.00613454 -0.239425 -0.971086 -0.0210051 0.237806 85.962
0.201472 0.00994153 0.979444 21.1203 -0.0223309 0.999735 -0.00555403 -0.242664 -0.97924 -0.0207528 0.20164 86.1664
0.165745 0.00919147 0.986126 22.0514 -0.0208768 0.999765 -0.00580969 -0.251066 -0.985948 -0.0196243 0.165898 86.3301
0.130736 0.00808637 0.991384 22.9882 -0.0155907 0.99986 -0.00609952 -0.260169 -0.991295 -0.014659 0.130844 86.4606
0.096287 0.0105219 0.995298 23.9299 -0.0142593 0.999856 -0.00919058 -0.271733 -0.995252 -0.0133073 0.0964232 86.5585
0.0639353 0.0146469 0.997847 24.8775 -0.0143695 0.999802 -0.0137549 -0.286309 -0.997851 -0.0134591 0.0641332 86.6251
0.0345548 0.0158582 0.999277 25.8299 -0.0103465 0.999826 -0.0155091 -0.305866 -0.99935 -0.00980312 0.0347129 86.6652
0.00753415 0.0154924 0.999852 26.7855 -0.00825202 0.999847 -0.0154302 -0.325377 -0.999938 -0.00813455 0.00766086 86.6802
-0.0143245 0.0124265 0.99982 27.7529 -0.00911767 0.99988 -0.0125579 -0.340953 -0.999856 -0.00929592 -0.0142095 86.6734
-0.0336193 0.0105954 0.999379 28.7205 -0.00845449 0.999905 -0.0108854 -0.35463 -0.999399 -0.0088152 -0.0335265 86.6481
-0.0514338 0.0120781 0.998603 29.6877 -0.00706576 0.999898 -0.0124577 -0.36981 -0.998652 -0.00769665 -0.0513432 86.6054
-0.0649959 0.0159353 0.997758 30.6559 -0.00568298 0.999851 -0.0163389 -0.388164 -0.99787 -0.00673221 -0.0648956 86.548
-0.0773919 0.0177922 0.996842 31.628 -0.00418855 0.999826 -0.0181707 -0.409047 -0.996993 -0.00558159 -0.077304 86.4766
-0.0873332 0.0215044 0.995947 32.6003 0.000560745 0.999768 -0.0215377 -0.433039 -0.99618 -0.00132249 -0.087325 86.3946
-0.0928742 0.0251224 0.995361 33.5786 0.00256043 0.999685 -0.0249926 -0.45913 -0.995675 0.000227377 -0.0929092 86.3047
-0.096362 0.0283905 0.994941 34.558 0.00424349 0.999596 -0.0281123 -0.487467 -0.995338 0.00151306 -0.0964436 86.2121
-0.100012 0.0313586 0.994492 35.54 0.00444283 0.999508 -0.0310699 -0.521184 -0.994977 0.00131099 -0.100102 86.1138
-0.102303 0.0331269 0.994201 36.5308 0.00534852 0.999449 -0.0327513 -0.556428 -0.99474 0.00196695 -0.102424 86.0137
-0.105495 0.034332 0.993827 37.5212 0.00609334 0.999408 -0.033878 -0.592718 -0.994402 0.00248178 -0.105641 85.9104
-0.107068 0.0369526 0.993565 38.5156 0.00691531 0.999313 -0.0364212 -0.63142 -0.994228 0.00297127 -0.10725 85.8041
-0.109323 0.0383345 0.993267 39.5114 0.00865496 0.999255 -0.037613 -0.671576 -0.993969 0.00448473 -0.109573 85.6958
-0.111892 0.0381768 0.992987 40.5076 0.00888014 0.99926 -0.0374174 -0.711503 -0.993681 0.00463115 -0.112148 85.5849
-0.113825 0.0378551 0.992779 41.515 0.00908579 0.999272 -0.0370609 -0.751824 -0.99346 0.00480171 -0.114087 85.4728
-0.116242 0.0382233 0.992485 42.5226 0.00785232 0.999264 -0.0375647 -0.792746 -0.993191 0.00342672 -0.116456 85.3583
-0.11895 0.0393332 0.992121 43.5301 0.00708121 0.999223 -0.0387658 -0.834727 -0.992876 0.00241421 -0.119136 85.2411
-0.121507 0.0409782 0.991744 44.5438 0.00619679 0.99916 -0.0405253 -0.879114 -0.992572 0.00122153 -0.121659 85.1233
-0.124224 0.0428877 0.991327 45.5575 0.00455218 0.99908 -0.0426527 -0.925474 -0.992244 -0.000785791 -0.124305 85.0029
-0.126039 0.0455988 0.990977 46.5842 0.00179185 0.998952 -0.0457379 -0.972123 -0.992024 -0.00398907 -0.125989 84.8814
-0.128661 0.0472101 0.990564 47.6116 -0.000346553 0.998864 -0.0476507 -1.02035 -0.991689 -0.00647409 -0.128499 84.7569
-0.132109 0.0458951 0.990172 48.6476 -0.00166191 0.998916 -0.0465221 -1.07229 -0.991234 -0.00779155 -0.131889 84.6266
-0.134394 0.0437285 0.989963 49.6923 -0.0052333 0.998981 -0.0448373 -1.11353 -0.990915 -0.0112066 -0.134028 84.4882
-0.136676 0.0417571 0.989735 50.7403 -0.00475107 0.999072 -0.0428071 -1.15452 -0.990605 -0.010553 -0.136351 84.346
-0.13896 0.0419702 0.989408 51.7882 -0.00478874 0.999062 -0.0430523 -1.19585 -0.990287 -0.0107206 -0.138628 84.2017
-0.139573 0.0441174 0.989228 52.8389 -0.00335097 0.99898 -0.0450251 -1.23972 -0.990207 -0.00959915 -0.139282 84.0547
-0.14051 0.0455262 0.989032 53.8921 -0.00272087 0.998921 -0.046368 -1.28523 -0.990076 -0.00920622 -0.140235 83.9071
-0.141433 0.0458862 0.988884 54.9455 -0.0036657 0.998894 -0.046875 -1.33134 -0.989942 -0.0102546 -0.141108 83.7589
-0.140877 0.0451679 0.988996 56.0064 -0.00617282 0.998899 -0.0464995 -1.37615 -0.990008 -0.0126556 -0.140443 83.613
-0.141359 0.0450477 0.988933 57.0692 -0.00875434 0.998868 -0.0467517 -1.42156 -0.98992 -0.0152662 -0.140804 83.467
-0.141164 0.0457536 0.988928 58.1355 -0.0123282 0.998773 -0.0479688 -1.46906 -0.98991 -0.0189632 -0.140427 83.3221
-0.14142 0.0454802 0.988904 59.2042 -0.0159645 0.99871 -0.0482142 -1.51714 -0.989822 -0.0226059 -0.140511 83.1777
-0.142659 0.0445748 0.988767 60.273 -0.018701 0.998686 -0.0477201 -1.56508 -0.989596 -0.0252987 -0.141638 83.0321
-0.142512 0.0413509 0.988929 61.3602 -0.0192608 0.998822 -0.0445402 -1.61546 -0.989606 -0.0253951 -0.141548 82.883
-0.143027 0.0359292 0.989066 62.4538 -0.0182079 0.999076 -0.0389258 -1.66126 -0.989552 -0.0235763 -0.142241 82.7309
-0.143881 0.0320396 0.989076 63.5487 -0.0134308 0.999321 -0.0343252 -1.70427 -0.989504 -0.0182229 -0.143353 82.5753
-0.142904 0.0343805 0.989139 64.6469 -0.00820994 0.999321 -0.0359205 -1.75044 -0.989703 -0.0132539 -0.142524 82.4162
-0.142664 0.0377393 0.989051 65.7445 -0.00299213 0.999252 -0.0385601 -1.79918 -0.989767 -0.00846052 -0.142444 82.256
-0.141785 0.0424844 0.988985 66.8432 -0.000768001 0.999074 -0.0430279 -1.85227 -0.989898 -0.00686025 -0.141621 82.0966
-0.141479 0.0445433 0.988938 67.9446 0.000144621 0.998988 -0.0449752 -1.90841 -0.989942 -0.00622004 -0.141342 81.9378
-0.141885 0.0439936 0.988905 69.0583 -0.00142132 0.999002 -0.0446467 -1.95982 -0.989882 -0.00774026 -0.141681 81.7809
-0.141281 0.0404516 0.989142 70.1777 -0.00228298 0.999149 -0.0411869 -2.00768 -0.989967 -0.00807712 -0.141068 81.6234
-0.141185 0.0391648 0.989208 71.3006 -0.00258729 0.999199 -0.0399296 -2.05378 -0.98998 -0.00819682 -0.14097 81.4672
-0.141778 0.0399717 0.989091 72.4289 -0.00443033 0.999149 -0.0410132 -2.10176 -0.989889 -0.0101968 -0.141481 81.3111
-0.141407 0.043082 0.989013 73.5578 -0.004298 0.999017 -0.0441322 -2.15251 -0.989942 -0.0104914 -0.141082 81.1543
-0.141457 0.0450695 0.988918 74.6871 -0.00322977 0.998937 -0.0459881 -2.20563 -0.989939 -0.00969934 -0.141161 80.9976
-0.140682 0.0445485 0.989052 75.8215 -0.00340487 0.99896 -0.0454791 -2.25878 -0.990049 -0.00976568 -0.140384 80.8407
-0.140614 0.0416473 0.989188 76.9729 -0.0028885 0.999094 -0.0424749 -2.3024 -0.990061 -0.00882983 -0.140366 80.6801
-0.141364 0.0405063 0.989128 78.1247 -0.00201027 0.999149 -0.041204 -2.34467 -0.989956 -0.00781318 -0.141162 80.5184
-0.140923 0.0425781 0.989104 79.2773 -0.00371968 0.999045 -0.043536 -2.38997 -0.990014 -0.00981438 -0.14063 80.3571
-0.140497 0.0444348 0.989083 80.4299 -0.00462196 0.998952 -0.0455346 -2.43764 -0.99007 -0.010969 -0.140145 80.1965
-0.141204 0.0446039 0.988975 81.5943 -0.00524977 0.998937 -0.0458027 -2.48701 -0.989967 -0.0116594 -0.14082 80.0356
-0.140367 0.0428474 0.989172 82.7624 -0.00492271 0.999021 -0.0439725 -2.53453 -0.990088 -0.0110417 -0.140018 79.8738
-0.139551 0.0425478 0.9893 83.931 -0.00348331 0.99905 -0.0434584 -2.58165 -0.990209 -0.0095107 -0.13927 79.7131
-0.139465 0.0423324 0.989321 85.1032 -0.00303385 0.999063 -0.0431769 -2.62916 -0.990222 -0.00902316 -0.139206 79.5515
-0.1382 0.0424589 0.989494 86.2813 -0.00159909 0.99907 -0.0430931 -2.67865 -0.990403 -0.00753776 -0.138003 79.3897
-0.137913 0.0431713 0.989503 87.4639 -0.0012514 0.999042 -0.0437618 -2.72885 -0.990444 -0.00727361 -0.137727 79.2276
-0.136323 0.0424891 0.989753 88.6482 -0.000516197 0.999077 -0.0429605 -2.77765 -0.990664 -0.0063674 -0.136175 79.0662
-0.135426 0.0422167 0.989887 89.8408 -0.00014642 0.999091 -0.0426293 -2.83044 -0.990788 -0.00591805 -0.135297 78.9038
-0.135133 0.0418877 0.989941 91.0352 -0.00175758 0.999095 -0.0425149 -2.88275 -0.990826 -0.00748508 -0.134937 78.7413
-0.133607 0.0411632 0.990179 92.2315 -0.000165044 0.999136 -0.0415578 -2.93379 -0.991034 -0.00571584 -0.133485 78.5801
-0.131902 0.0418022 0.990381 93.4392 -0.00165597 0.9991 -0.0423908 -2.98414 -0.991261 -0.00723149 -0.131714 78.4219
-0.131173 0.043029 0.990425 94.6552 -0.00256443 0.99904 -0.0437429 -3.04491 -0.991356 -0.00827779 -0.130937 78.2665
-0.129377 0.0432722 0.990651 95.8765 -0.00277457 0.999028 -0.0440005 -3.103 -0.991592 -0.00844128 -0.129131 78.1127
-0.129649 0.0424898 0.990649 97.0998 -0.00563105 0.999034 -0.0435864 -3.15836 -0.991544 -0.0112293 -0.129284 77.9627
-0.129442 0.0421993 0.990688 98.3284 -0.00706448 0.99903 -0.0434776 -3.21393 -0.991562 -0.0126265 -0.129018 77.8128
-0.129954 0.0420159 0.990629 99.5573 -0.00903853 0.999011 -0.043557 -3.26949 -0.991479 -0.0146143 -0.129446 77.6623
-0.131674 0.0399914 0.990486 100.8 -0.010742 0.99907 -0.041766 -3.32036 -0.991235 -0.0161393 -0.131122 77.5068
-0.132291 0.0388558 0.990449 102.044 -0.0126661 0.999084 -0.0408863 -3.37262 -0.99113 -0.017954 -0.131677 77.3536
-0.134006 0.0380663 0.990249 103.289 -0.0146241 0.999078 -0.0403847 -3.42415 -0.990872 -0.0198933 -0.133326 77.198
-0.136109 0.0384174 0.989948 104.533 -0.0140087 0.999074 -0.0406976 -3.47639 -0.990595 -0.0194072 -0.135445 77.0393
-0.13789 0.0375293 0.989736 105.777 -0.0136896 0.999115 -0.0397921 -3.52867 -0.990353 -0.019036 -0.137254 76.8769
-0.141848 0.0349609 0.989271 107.023 -0.0152764 0.99918 -0.0375015 -3.57737 -0.98977 -0.020432 -0.141197 76.7085
-0.145295 0.0339585 0.988805 108.268 -0.0159116 0.999202 -0.0366536 -3.62525 -0.98926 -0.0210591 -0.144639 76.5359
-0.150937 0.0376564 0.987826 109.509 -0.0195412 0.998966 -0.0410669 -3.67459 -0.98835 -0.0255019 -0.150045 76.3623
-0.158656 0.0409954 0.986482 110.745 -0.0204801 0.998786 -0.0448006 -3.73373 -0.987121 -0.0273111 -0.157624 76.178
-0.166864 0.0382358 0.985238 111.979 -0.0180957 0.998961 -0.0418332 -3.78931 -0.985814 -0.024809 -0.165999 75.9828
-0.177743 0.0363218 0.983406 113.211 -0.0167399 0.999063 -0.0399256 -3.84222 -0.983934 -0.0235586 -0.176968 75.7737
-0.191525 0.0374128 0.980774 114.44 -0.0164139 0.999012 -0.0413137 -3.89726 -0.98135 -0.0240109 -0.190721 75.5468
-0.204959 0.0375246 0.978051 115.653 -0.0149358 0.999029 -0.0414594 -3.95508 -0.978657 -0.0231055 -0.2042 75.3043
-0.220284 0.0362267 0.974763 116.868 -0.0151831 0.999062 -0.0405609 -4.00866 -0.975318 -0.0237348 -0.219527 75.0427
-0.23493 0.0365324 0.971325 118.064 -0.0135511 0.999074 -0.0408536 -4.06591 -0.971918 -0.0227603 -0.234217 74.7656
-0.250182 0.0389297 0.967415 119.248 -0.0138161 0.998946 -0.0437715 -4.12055 -0.9681 -0.0243168 -0.249381 74.4675
-0.266744 0.0410011 0.962894 120.434 -0.0172657 0.998731 -0.0473101 -4.17857 -0.963613 -0.0292447 -0.265698 74.154
-0.281633 0.0400188 0.958687 121.605 -0.0175117 0.998749 -0.0468355 -4.23902 -0.959362 -0.0299787 -0.28058 73.8303
-0.297717 0.0366508 0.95395 122.77 -0.0196179 0.998817 -0.0444971 -4.29695 -0.954453 -0.0319621 -0.296646 73.4874
-0.313667 0.0335864 0.948939 123.93 -0.0221614 0.998843 -0.042678 -4.35255 -0.949274 -0.0344165 -0.31256 73.1252
-0.328146 0.0337255 0.944024 125.076 -0.0238097 0.99875 -0.043957 -4.40961 -0.944327 -0.0369013 -0.326933 72.7514
-0.342935 0.0346083 0.938721 126.216 -0.0227887 0.998721 -0.0451455 -4.46814 -0.939082 -0.0368742 -0.341708 72.3594
-0.355991 0.0359033 0.933799 127.341 -0.0221838 0.998656 -0.046854 -4.52854 -0.934226 -0.0373948 -0.354716 71.9491
-0.370136 0.0356676 0.928292 128.459 -0.0213556 0.998672 -0.0468868 -4.5878 -0.928732 -0.0371787 -0.368883 71.5191
-0.384508 0.0354805 0.922439 129.57 -0.0195084 0.998726 -0.0465466 -4.6468 -0.922915 -0.0358929 -0.383326 71.0718
-0.39783 0.0334411 0.916849 130.672 -0.0206395 0.998757 -0.0453843 -4.70374 -0.917227 -0.0369786 -0.396645 70.6088
-0.412275 0.0344449 0.910408 131.765 -0.0200466 0.998701 -0.0468635 -4.7618 -0.910839 -0.0375712 -0.411049 70.1325
-0.427491 0.036497 0.903282 132.849 -0.0190574 0.998599 -0.0493675 -4.82415 -0.903818 -0.0383184 -0.426197 69.6356
-0.441181 0.037943 0.896615 133.922 -0.0170381 0.998572 -0.0506413 -4.88072 -0.897256 -0.0376187 -0.439905 69.124
-0.455644 0.0402452 0.889252 134.985 -0.0134091 0.998554 -0.0520627 -4.94361 -0.890061 -0.0356461 -0.454445 68.5933
-0.470868 0.0428089 0.881164 136.043 -0.0130765 0.998374 -0.0554908 -5.0077 -0.882107 -0.0376514 -0.469542 68.0441
-0.485222 0.0443531 0.873265 137.09 -0.012298 0.998268 -0.0575353 -5.07423 -0.874304 -0.0386569 -0.483836 67.4778
-0.500565 0.0426462 0.864648 138.136 -0.0133186 0.998289 -0.056948 -5.14119 -0.865596 -0.040022 -0.49914 66.8881
-0.515457 0.0410495 0.855931 139.177 -0.0130413 0.998361 -0.0557339 -5.20742 -0.856816 -0.0398909 -0.514077 66.2812
-0.531237 0.0407053 0.846245 140.215 -0.0129225 0.99834 -0.0561335 -5.27569 -0.847125 -0.0407558 -0.529829 65.6524
-0.547366 0.0396989 0.835951 141.245 -0.0139961 0.998301 -0.0565733 -5.3431 -0.836776 -0.0426664 -0.54588 65.0003
-0.562456 0.0385122 0.82593 142.263 -0.0154115 0.998253 -0.0570427 -5.41121 -0.826684 -0.0448128 -0.560879 64.3296
-0.577387 0.0380388 0.815584 143.273 -0.0152068 0.99824 -0.0573234 -5.48043 -0.816329 -0.0455002 -0.575792 63.6372
-0.592664 0.0371847 0.804591 144.274 -0.0163 0.998176 -0.0581381 -5.54996 -0.805285 -0.0475712 -0.590977 62.9229
-0.607033 0.0354141 0.793887 145.266 -0.0172795 0.998183 -0.0577399 -5.61853 -0.794489 -0.048768 -0.605317 62.1889
-0.621911 0.033334 0.782378 146.25 -0.0167428 0.9983 -0.0558425 -5.68582 -0.782908 -0.0478283 -0.620296 61.432
-0.635891 0.0318701 0.771121 147.225 -0.0167618 0.998342 -0.0550833 -5.75441 -0.771597 -0.0479523 -0.634301 60.6555
-0.650307 0.0309578 0.75904 148.185 -0.0164495 0.998362 -0.0548118 -5.82269 -0.759493 -0.0481303 -0.648733 59.8606
-0.665032 0.0311493 0.746165 149.13 -0.0178772 0.99818 -0.0576032 -5.89459 -0.746601 -0.0516473 -0.663264 59.0473
-0.679743 0.0305319 0.732814 150.063 -0.0194556 0.998032 -0.0596285 -5.96969 -0.733192 -0.0547894 -0.677811 58.2143
-0.695107 0.0284193 0.718345 150.982 -0.0202951 0.998045 -0.0591234 -6.04465 -0.71862 -0.0556759 -0.69317 57.352
-0.711176 0.0245368 0.702586 151.889 -0.021128 0.998194 -0.0562469 -6.11681 -0.702696 -0.0548456 -0.709373 56.47
-0.727172 0.0222843 0.686093 152.777 -0.0220509 0.9982 -0.0557928 -6.1888 -0.6861 -0.0557 -0.725371 55.5677
-0.744282 0.0207736 0.667543 153.644 -0.0231196 0.998116 -0.0568382 -6.263 -0.667465 -0.0577369 -0.742399 54.6433
-0.761283 0.0177348 0.648177 154.491 -0.02524 0.998059 -0.0569523 -6.33363 -0.647928 -0.0597168 -0.759357 53.6957
-0.777409 0.0170348 0.628765 155.312 -0.0245393 0.998052 -0.0573803 -6.40444 -0.628516 -0.0600374 -0.775476 52.7241
-0.793373 0.0165647 0.60851 156.108 -0.0251735 0.997883 -0.0599852 -6.48513 -0.608215 -0.062909 -0.791276 51.7258
-0.808025 0.0175686 0.588885 156.879 -0.0217104 0.997989 -0.0595632 -6.56525 -0.588747 -0.0609135 -0.806019 50.7084
-0.822165 0.0182714 0.568955 157.621 -0.0184097 0.998109 -0.058656 -6.64384 -0.568951 -0.0586992 -0.820274 49.6683
-0.8363 0.0188815 0.547947 158.337 -0.017121 0.998021 -0.0605213 -6.72486 -0.548005 -0.0599953 -0.834321 48.6099
-0.84947 0.0200439 0.527256 159.031 -0.0162792 0.997808 -0.0641597 -6.80916 -0.527385 -0.063085 -0.847281 47.5408
-0.861945 0.0209525 0.506568 159.696 -0.0132496 0.997874 -0.0638184 -6.8904 -0.506828 -0.0617198 -0.859835 46.4491
-0.87356 0.0198218 0.486312 160.335 -0.012141 0.997973 -0.0624857 -6.97031 -0.486564 -0.0604893 -0.871548 45.3428
-0.88346 0.0208026 0.468044 160.949 -0.0106001 0.997871 -0.0643594 -7.05185 -0.468386 -0.0618203 -0.881358 44.2243
-0.892987 0.0210439 0.44959 161.533 -0.00990511 0.997746 -0.0663752 -7.14958 -0.449973 -0.0637254 -0.890765 43.0969
-0.901235 0.0199674 0.432869 162.101 -0.010084 0.997702 -0.0670169 -7.24539 -0.433212 -0.064763 -0.898962 41.9589
-0.909016 0.0181019 0.416367 162.647 -0.0104869 0.997747 -0.0662729 -7.34006 -0.416629 -0.0646095 -0.906778 40.8106
-0.916192 0.0171924 0.40037 163.172 -0.00989576 0.997805 -0.0654922 -7.43148 -0.400616 -0.0639654 -0.91401 39.6508
-0.922155 0.0160629 0.386485 163.681 -0.00986534 0.997837 -0.0650103 -7.52158 -0.386693 -0.0637624 -0.920001 38.4818
-0.927926 0.0141978 0.372493 164.173 -0.0106514 0.997857 -0.064568 -7.61138 -0.372611 -0.0638819 -0.925786 37.3049
-0.933515 0.0115124 0.358353 164.646 -0.0113712 0.998032 -0.0616849 -7.69726 -0.358357 -0.0616587 -0.931546 36.1201
-0.938091 0.00892797 0.346273 165.105 -0.0125935 0.998129 -0.0598518 -7.78117 -0.346159 -0.0605072 -0.936223 34.9286
-0.94205 0.00937237 0.335342 165.55 -0.0107324 0.998257 -0.0580497 -7.86259 -0.335301 -0.0582847 -0.940306 33.7291
-0.945306 0.00985358 0.326036 165.976 -0.00963169 0.998265 -0.0580961 -7.94717 -0.326042 -0.0580588 -0.943571 32.5201
-0.947119 0.0141952 0.320568 166.394 -0.00510033 0.99823 -0.0592719 -8.03295 -0.320841 -0.0577725 -0.945369 31.3087
-0.948897 0.0156284 0.315199 166.806 -0.00367528 0.998159 -0.0605558 -8.12063 -0.315565 -0.0586196 -0.947092 30.0951
-0.950751 0.0139075 0.309643 167.21 -0.00506014 0.998164 -0.0603693 -8.20808 -0.309913 -0.058963 -0.948935 28.879
-0.952161 0.00898604 0.305465 167.612 -0.00900837 0.998309 -0.0574476 -8.29089 -0.305464 -0.0574511 -0.950469 27.6598
-0.95409 0.00521 0.299474 168.006 -0.0120689 0.998369 -0.0558188 -8.37141 -0.299276 -0.0568705 -0.95247 26.4378
-0.955247 0.000147758 0.295807 168.399 -0.0174477 0.998232 -0.0568424 -8.45318 -0.295292 -0.0594597 -0.953555 25.2133
-0.956407 -0.00189327 0.29203 168.787 -0.0197242 0.998115 -0.0581265 -8.53681 -0.291369 -0.0613526 -0.954641 23.9873
-0.957419 -0.00228861 0.288694 169.169 -0.0205409 0.997975 -0.06021 -8.62354 -0.287971 -0.0635761 -0.955526 22.7602
-0.957385 -0.00230358 0.288805 169.552 -0.0207834 0.997926 -0.060937 -8.71111 -0.288065 -0.0643425 -0.955447 21.5329
-0.9573 -0.000369796 0.289096 169.935 -0.0191017 0.997896 -0.0619759 -8.80023 -0.288464 -0.0648517 -0.955292 20.305
-0.957235 0.000164193 0.28931 170.315 -0.018877 0.997834 -0.0630245 -8.88953 -0.288693 -0.0657906 -0.955159 19.0821
-0.956531 0.00033744 0.29163 170.697 -0.0192647 0.997743 -0.0643416 -8.98043 -0.290993 -0.0671629 -0.954365 17.8598
-0.956186 0.000746876 0.292757 171.08 -0.0187104 0.997798 -0.0636564 -9.07015 -0.292159 -0.066345 -0.954066 16.638
-0.955076 0.000892728 0.296358 171.467 -0.0189156 0.997774 -0.0639654 -9.16043 -0.295754 -0.0666976 -0.952933 15.4173
-0.954011 -0.000240152 0.299771 171.86 -0.0204613 0.997721 -0.064318 -9.25102 -0.299072 -0.0674938 -0.951841 14.1981
-0.952845 -0.00120935 0.303456 172.256 -0.0209683 0.997865 -0.0618633 -9.33707 -0.302732 -0.065309 -0.950835 12.9812
-0.950583 -0.00108492 0.310467 172.661 -0.0208409 0.997962 -0.0603229 -9.42164 -0.309769 -0.0638123 -0.948668 11.7672
-0.948233 -0.00209896 0.317568 173.075 -0.0218955 0.998032 -0.0587818 -9.50403 -0.316819 -0.0626921 -0.946412 10.5561
-0.945911 -0.00209526 0.324419 173.496 -0.0215922 0.99817 -0.0565098 -9.58386 -0.323706 -0.0604581 -0.944224 9.34839
-0.942662 -0.000973203 0.333746 173.929 -0.0213436 0.998126 -0.0573743 -9.66475 -0.333064 -0.061208 -0.940916 8.14517
-0.939264 0.000756418 0.343195 174.373 -0.0199039 0.998195 -0.0566734 -9.74498 -0.342618 -0.0600622 -0.937553 6.94651
-0.935588 0.00353689 0.353077 174.83 -0.0177309 0.998219 -0.0569831 -9.82546 -0.352649 -0.059573 -0.933858 5.75258
-0.930766 0.00279405 0.365605 175.302 -0.0193351 0.998196 -0.0568521 -9.90545 -0.365104 -0.059985 -0.929032 4.56517
-0.925712 0.00328217 0.378214 175.789 -0.0202077 0.998106 -0.0581217 -9.98719 -0.377688 -0.0614468 -0.923892 3.38428
-0.919831 0.00368568 0.392297 176.295 -0.020444 0.998148 -0.0573135 -10.0682 -0.391781 -0.0607389 -0.918052 2.21112
-0.914018 0.00526614 0.405638 176.816 -0.0188504 0.998285 -0.0554355 -10.1463 -0.405234 -0.0583155 -0.912351 1.04518
-0.90804 0.00439176 0.41886 177.355 -0.0202991 0.99831 -0.0544735 -10.2229 -0.41839 -0.0579666 -0.906416 -0.113665
-0.901506 0.00610941 0.432722 177.91 -0.0188729 0.998395 -0.0534145 -10.2988 -0.432353 -0.0563202 -0.899944 -1.26314
-0.894545 0.00647158 0.44693 178.483 -0.0184969 0.998504 -0.0514805 -10.3721 -0.446594 -0.0543185 -0.893087 -2.4034
-0.887631 0.00774215 0.460489 179.072 -0.016824 0.998647 -0.0492198 -10.4406 -0.460246 -0.0514363 -0.8863 -3.53473
-0.879673 0.00860926 0.475501 179.679 -0.0155831 0.998779 -0.0469121 -10.5063 -0.475323 -0.0486771 -0.878464 -4.65579
-0.871131 0.00936505 0.490961 180.297 -0.0151053 0.998835 -0.0458547 -10.5751 -0.490817 -0.0473616 -0.869974 -5.76094
-0.861385 0.00979399 0.507859 180.937 -0.0147078 0.998915 -0.04421 -10.6419 -0.50774 -0.0455513 -0.860306 -6.85364
-0.850675 0.0126586 0.525539 181.598 -0.0115481 0.99902 -0.042756 -10.7067 -0.525564 -0.0424404 -0.849695 -7.93219
-0.839835 0.0141934 0.542656 182.28 -0.0102194 0.999069 -0.041947 -10.7701 -0.542745 -0.0407742 -0.838907 -8.99601
-0.82842 0.0164703 0.559865 182.983 -0.00902877 0.999046 -0.04275 -10.8347 -0.560034 -0.0404699 -0.827481 -10.0432
-0.815799 0.0169319 0.578087 183.708 -0.00874455 0.999097 -0.0416034 -10.8978 -0.578268 -0.0389952 -0.814914 -11.0744
-0.802679 0.0191032 0.596105 184.454 -0.00707163 0.999113 -0.0415406 -10.961 -0.596369 -0.0375592 -0.801832 -12.0885
-0.78751 0.0210588 0.615942 185.226 -0.00408664 0.999217 -0.0393878 -11.0212 -0.616288 -0.0335355 -0.786807 -13.0828
-0.770997 0.0238074 0.636393 186.022 -0.000950331 0.999258 -0.0385335 -11.08 -0.636838 -0.030314 -0.770402 -14.0564
-0.753494 0.0268079 0.656908 186.844 0.00103318 0.999216 -0.0395922 -11.1399 -0.657454 -0.0291538 -0.752931 -15.0079
-0.735487 0.0268833 0.677005 187.681 2.28812e-05 0.999215 -0.0396532 -11.2006 -0.677538 -0.0291489 -0.73491 -15.9241
-0.716574 0.0259921 0.697026 188.542 -0.000997468 0.999267 -0.038288 -11.2599 -0.69751 -0.0281315 -0.716023 -16.8166
-0.696752 0.027115 0.716799 189.423 0.000585386 0.999308 -0.0372327 -11.3175 -0.717311 -0.0255224 -0.696286 -17.682
-0.676165 0.0280667 0.736215 190.322 0.00104729 0.999311 -0.0371348 -11.3753 -0.736749 -0.0243383 -0.675728 -18.514
-0.655367 0.0263853 0.754849 191.243 -0.00269916 0.999303 -0.0372734 -11.4328 -0.755306 -0.0264652 -0.654839 -19.3199
-0.633907 0.0270732 0.772934 192.181 -0.00202597 0.999327 -0.0366645 -11.4909 -0.773406 -0.0248079 -0.633426 -20.0947
-0.611427 0.026941 0.790842 193.14 -0.00145532 0.999381 -0.0351703 -11.5471 -0.7913 -0.022655 -0.611009 -20.8421
-0.587263 0.0272527 0.808937 194.12 -0.00151115 0.999395 -0.0347661 -11.6027 -0.809395 -0.0216393 -0.586866 -21.5599
-0.561716 0.0291974 0.826814 195.117 6.94632e-05 0.99938 -0.035244 -11.657 -0.82733 -0.0197397 -0.56137 -22.2414
-0.534825 0.0301704 0.844423 196.134 0.000669276 0.999378 -0.0352829 -11.7113 -0.844963 -0.0183051 -0.534513 -22.8905
-0.507859 0.0296293 0.86093 197.169 -0.00211191 0.999364 -0.0356394 -11.7656 -0.861438 -0.019918 -0.507473 -23.5065
-0.479508 0.0277446 0.877099 198.224 -0.00210337 0.999462 -0.0327651 -11.8166 -0.877535 -0.017556 -0.479191 -24.0885
-0.449853 0.0281224 0.892659 199.297 -0.00183689 0.999474 -0.0324131 -11.8676 -0.893101 -0.0162209 -0.449565 -24.6351
-0.419065 0.0296029 0.907473 200.386 -0.00174302 0.999441 -0.0334079 -11.9199 -0.907955 -0.0155819 -0.418779 -25.1446
-0.386006 0.0309734 0.921976 201.492 -0.000233095 0.999434 -0.0336732 -11.9723 -0.922496 -0.013213 -0.385781 -25.6144
-0.354844 0.031181 0.934405 202.613 0.00274482 0.999475 -0.03231 -12.023 -0.934922 -0.00890029 -0.354743 -26.0471
-0.322473 0.0301497 0.946098 203.743 0.00242063 0.999517 -0.0310269 -12.0711 -0.946576 -0.00771525 -0.322391 -26.4428
-0.289254 0.0294455 0.956799 204.887 0.0030961 0.999552 -0.0298253 -12.1179 -0.957248 -0.00566477 -0.289215 -26.7992
-0.254538 0.0281304 0.966653 206.035 0.00295695 0.999596 -0.0283104 -12.1609 -0.967059 -0.00434778 -0.254519 -27.1133
-0.219191 0.0264711 0.975322 207.19 0.00339004 0.999648 -0.0263695 -12.1992 -0.975677 -0.00247362 -0.219204 -27.3874
-0.184128 0.0255684 0.982569 208.355 0.00512613 0.999674 -0.0250529 -12.2361 -0.982889 0.00042379 -0.184199 -27.6201
-0.148335 0.0263947 0.988585 209.526 0.00605801 0.99965 -0.0257811 -12.2739 -0.988919 0.00216457 -0.148443 -27.8108
-0.112619 0.0262901 0.99329 210.703 0.00732061 0.999646 -0.0256283 -12.3116 -0.993612 0.00438521 -0.112772 -27.9594
-0.0780092 0.0260335 0.996612 211.884 0.00723324 0.999649 -0.0255467 -12.3476 -0.996927 0.00521581 -0.0781704 -28.0664
-0.0433219 0.0255888 0.998733 213.068 0.00787179 0.999651 -0.0252708 -12.3833 -0.999031 0.00676699 -0.0435085 -28.1322
-0.00974823 0.0251903 0.999635 214.252 0.00800648 0.999654 -0.0251127 -12.4186 -0.999921 0.0077587 -0.00994686 -28.1576
0.0243282 0.024793 0.999396 215.431 0.00680771 0.999666 -0.0249655 -12.4552 -0.999682 0.00741092 0.024151 -28.1398
0.0568251 0.0236839 0.998103 216.608 0.0090673 0.999666 -0.0242372 -12.4907 -0.998344 0.0104273 0.0565911 -28.084
0.0883527 0.0227151 0.99583 217.783 0.0107692 0.999661 -0.0237579 -12.5259 -0.996032 0.0128234 0.0880778 -27.9913
0.119485 0.0207693 0.992618 218.953 0.0114822 0.999687 -0.0222993 -12.559 -0.99277 0.0140619 0.119209 -27.862
0.149469 0.0210894 0.988541 220.12 0.0143718 0.999622 -0.0234988 -12.5934 -0.988663 0.0177194 0.149109 -27.6976
0.178759 0.0205259 0.983678 221.276 0.0169408 0.999571 -0.0239361 -12.6288 -0.983748 0.0209431 0.178334 -27.4962
0.208192 0.020171 0.97788 222.426 0.0183307 0.999532 -0.0245202 -12.6651 -0.977917 0.02303 0.207724 -27.2609
0.23738 0.0174945 0.971259 223.568 0.022767 0.999464 -0.0235668 -12.7003 -0.971151 0.0277069 0.236854 -26.9917
0.26718 0.0164685 0.963505 224.701 0.0243324 0.999421 -0.0238298 -12.7398 -0.96334 0.0298112 0.266625 -26.6909
0.296035 0.0154898 0.955051 225.825 0.0280185 0.999299 -0.0248923 -12.7805 -0.954767 0.0341281 0.295393 -26.3564
0.324265 0.0151715 0.945844 226.939 0.028419 0.999265 -0.0257713 -12.8222 -0.94554 0.0352367 0.323595 -25.9884
0.35152 0.0140814 0.936074 228.043 0.0293453 0.999231 -0.0260514 -12.8645 -0.935721 0.0366269 0.350836 -25.5881
0.379318 0.0131538 0.925172 229.138 0.0303887 0.999184 -0.0266654 -12.9055 -0.924768 0.0382295 0.378609 -25.1502
0.407237 0.0139717 0.913215 230.223 0.0322862 0.999039 -0.0296824 -12.9489 -0.912752 0.0415719 0.406394 -24.6763
0.435606 0.015678 0.900001 231.296 0.0322084 0.998938 -0.0329905 -12.997 -0.899562 0.0433583 0.434638 -24.1717
0.46275 0.0146918 0.886367 232.36 0.0343576 0.998815 -0.0344929 -13.0471 -0.885823 0.0464149 0.461697 -23.6305
0.489785 0.0132683 0.871742 233.408 0.0349935 0.99878 -0.0348628 -13.0983 -0.871142 0.0475805 0.488723 -23.0564
0.51518 0.0116347 0.857003 234.44 0.0350234 0.998788 -0.0346136 -13.1491 -0.856367 0.0478473 0.514148 -22.4515
0.538611 0.0118589 0.84247 235.457 0.0339839 0.998783 -0.0357859 -13.2005 -0.841869 0.047905 0.537553 -21.8148
0.560181 0.0120833 0.828282 236.464 0.0330858 0.998771 -0.036947 -13.2569 -0.82771 0.0481013 0.559093 -21.1482
0.579796 0.011343 0.814682 237.455 0.0326667 0.998777 -0.0371545 -13.3134 -0.814107 0.0481549 0.578716 -20.4578
0.598263 0.00940428 0.801244 238.43 0.0324486 0.998828 -0.0359517 -13.3699 -0.800643 0.0475078 0.597257 -19.7351
0.615816 0.0074182 0.787855 239.394 0.0333611 0.998815 -0.0354808 -13.4216 -0.787184 0.0481333 0.614838 -18.996
0.631392 0.00497352 0.775447 240.343 0.0348635 0.998787 -0.0347929 -13.4804 -0.77468 0.0490027 0.630453 -18.2338
0.647274 0.00281932 0.762251 241.275 0.03676 0.998715 -0.0349091 -13.5343 -0.761371 0.050616 0.646339 -17.4562
0.662262 0.00218214 0.749269 242.192 0.0379354 0.998617 -0.0364385 -13.5913 -0.748312 0.0525556 0.661263 -16.6585
0.67704 0.001133 0.735945 243.093 0.038335 0.998588 -0.0368041 -13.6531 -0.734948 0.0531302 0.676041 -15.8338
0.691647 -0.000174099 0.722236 243.984 0.037413 0.998667 -0.0355877 -13.7112 -0.721267 0.051635 0.690731 -14.9864
0.705999 -0.00288929 0.708206 244.859 0.0384215 0.998676 -0.0342274 -13.7678 -0.70717 0.0513748 0.705176 -14.1211
0.719696 -0.00476661 0.694272 245.718 0.0397079 0.998623 -0.0343058 -13.8239 -0.693153 0.0522578 0.718894 -13.2376
0.733615 -0.00511745 0.679546 246.56 0.040391 0.998533 -0.0360852 -13.8818 -0.678364 0.0539201 0.732745 -12.3371
0.746022 -0.0058621 0.665895 247.385 0.0414187 0.998435 -0.037613 -13.9413 -0.664632 0.0556406 0.745097 -11.4207
0.757465 -0.00643934 0.652844 248.197 0.0402358 0.998512 -0.0368349 -13.9978 -0.651636 0.0541688 0.756597 -10.4879
0.768864 -0.00814352 0.63936 248.994 0.0401666 0.99856 -0.0355839 -14.0536 -0.63815 0.05304 0.768084 -9.53388
0.77931 -0.0106911 0.626547 249.784 0.0417173 0.998523 -0.0348503 -14.1104 -0.625249 0.053297 0.778604 -8.56477
0.789742 -0.0122736 0.613316 250.558 0.0428612 0.998462 -0.0352096 -14.1678 -0.61194 0.0540939 0.789053 -7.58202
0.799127 -0.0133656 0.601013 251.318 0.0448823 0.99829 -0.0374765 -14.2248 -0.599485 0.0569233 0.79836 -6.58505
0.807701 -0.0154321 0.58939 252.071 0.0469959 0.998163 -0.0382681 -14.2819 -0.587717 0.058608 0.806942 -5.56575
0.816055 -0.0178363 0.577699 252.811 0.0485485 0.998108 -0.0377631 -14.3377 -0.575932 0.0588632 0.815376 -4.53528
0.82325 -0.0188757 0.567365 253.541 0.0494951 0.998029 -0.0386141 -14.3955 -0.565518 0.0598708 0.822561 -3.49168
0.828578 -0.0208997 0.559483 254.265 0.0507086 0.997998 -0.0378174 -14.4521 -0.557573 0.0597052 0.827979 -2.42668
0.832998 -0.0217331 0.552848 254.981 0.0501071 0.998087 -0.0362625 -14.5022 -0.551002 0.0579082 0.832493 -1.35401
0.835381 -0.0225494 0.549208 255.696 0.0500333 0.998131 -0.0351226 -14.5535 -0.547389 0.0568193 0.834948 -0.264453
0.83844 -0.0230664 0.544505 256.404 0.0500417 0.998143 -0.0347717 -14.6029 -0.542692 0.0564019 0.838037 0.828263
0.840724 -0.0238252 0.540939 257.109 0.0501723 0.998162 -0.0340144 -14.6526 -0.539134 0.0557368 0.840374 1.92645
0.842322 -0.0253433 0.538377 257.818 0.0510005 0.998161 -0.0328063 -14.6997 -0.536556 0.0550909 0.842066 3.03038
0.84485 -0.0276735 0.534286 258.518 0.0525399 0.998127 -0.0313816 -14.7416 -0.532417 0.054584 0.844721 4.14117
0.847107 -0.0289655 0.530631 259.214 0.0540002 0.998038 -0.031727 -14.783 -0.528671 0.0555303 0.847009 5.25587
0.848852 -0.0300959 0.527773 259.919 0.0546568 0.998025 -0.0309965 -14.8156 -0.525797 0.0551578 0.84882 6.38657
0.851392 -0.02997 0.523672 260.615 0.0540914 0.998061 -0.0308229 -14.8493 -0.521733 0.0545684 0.851363 7.51599
0.853564 -0.0314937 0.520034 261.302 0.0550099 0.998041 -0.029849 -14.8899 -0.518075 0.054085 0.853624 8.65118
0.855121 -0.0309252 0.517505 261.991 0.0544916 0.998053 -0.0303995 -14.9338 -0.515557 0.0541949 0.855141 9.78993
0.856948 -0.0299116 0.514534 262.673 0.0527601 0.998162 -0.0298445 -14.9785 -0.512695 0.0527219 0.856951 10.9307
0.857528 -0.0292827 0.513603 263.355 0.0520977 0.99819 -0.0300728 -15.0122 -0.511793 0.0525457 0.857501 12.0902
