1 0 0 0 0 1 0 0 0 0 1 0
0.999998 0.00178173 0.00129117 -0.00160246 -0.00177657 0.99999 -0.00398645 -0.00920923 -0.00129826 0.00398415 0.999991 0.965495
0.999998 -0.000449492 0.00196552 -0.00237376 0.000457967 0.999991 -0.00431355 -0.0188321 -0.00196356 0.00431444 0.999989 1.93082
0.999996 -0.00012881 0.00279928 -0.00174606 0.000130343 1 -0.000547423 -0.0240567 -0.00279921 0.000547786 0.999996 2.89299
0.999995 -0.00282693 0.000906326 -0.000356432 0.00282356 0.999989 0.00370166 -0.0272035 -0.00091678 -0.00369908 0.999993 3.85413
0.999991 -0.00419671 -0.000272013 -0.00331952 0.00419789 0.999981 0.00448732 -0.0414454 0.000253176 -0.00448842 0.99999 4.7953
0.999977 -0.00675965 -0.000380649 -0.00012475 0.00676057 0.999974 0.00246054 -0.0452478 0.000364007 -0.00246306 0.999997 5.7381
0.999977 -0.00660006 -0.00177582 -0.00333468 0.00660023 0.999978 8.72837e-05 -0.0539061 0.0017752 -9.90029e-05 0.999998 6.66957
0.999977 -0.00635242 -0.00215334 -0.00892949 0.00635147 0.99998 -0.000450398 -0.0563804 0.00215615 0.00043671 0.999997 7.60266
0.999968 -0.00767028 -0.00236501 -0.0140243 0.00767129 0.999971 0.00041802 -0.0584511 0.00236173 -0.00043615 0.999997 8.53586
0.999963 -0.00732551 -0.00440932 -0.0212744 0.00733845 0.999969 0.00292389 -0.0625975 0.00438776 -0.00295614 0.999986 9.46241
0.999942 -0.00955996 -0.00503655 -0.0300271 0.00957817 0.999948 0.00360265 -0.0719519 0.00500185 -0.00365068 0.999981 10.3796
0.999932 -0.0107738 -0.00440064 -0.0372758 0.0107922 0.999933 0.00416078 -0.0815561 0.00435552 -0.00420799 0.999982 11.3004
0.999925 -0.0106863 -0.00590953 -0.0431308 0.0107107 0.999934 0.00412155 -0.0856196 0.00586509 -0.00418454 0.999974 12.2134
0.999929 -0.0102043 -0.00610451 -0.0535678 0.010222 0.999944 0.00287025 -0.0899562 0.00607488 -0.00293244 0.999977 13.1177
0.999922 -0.0106706 -0.00642381 -0.0574934 0.0106732 0.999943 0.000359447 -0.099935 0.00641961 -0.000427981 0.999979 14.0217
0.999893 -0.011777 -0.00865499 -0.0724795 0.0117727 0.999931 -0.000555453 -0.115261 0.00866093 0.0004535 0.999962 14.9195
0.999885 -0.0109783 -0.0104349 -0.0853583 0.0109661 0.999939 -0.0012259 -0.120944 0.0104477 0.00111133 0.999945 15.8242
0.999898 -0.00946828 -0.0106885 -0.0994236 0.00944286 0.999953 -0.00242619 -0.135257 0.0107109 0.00232502 0.99994 16.7145
0.999892 -0.00754267 -0.0126275 -0.117855 0.00750989 0.999968 -0.0026417 -0.14914 0.012647 0.00254659 0.999917 17.6059
0.999869 -0.00772296 -0.014196 -0.137558 0.00770125 0.999969 -0.00158382 -0.1622 0.0142078 0.00147428 0.999898 18.4973
0.999865 -0.00675714 -0.0149593 -0.155294 0.00674111 0.999977 -0.00112186 -0.180155 0.0149665 0.00102086 0.999887 19.3849
0.999841 -0.00585094 -0.0168323 -0.175093 0.0058412 0.999983 -0.000628337 -0.186691 0.0168357 0.000529916 0.999858 20.2668
0.99981 -0.00606474 -0.0185115 -0.193134 0.00604795 0.999981 -0.000963013 -0.210744 0.018517 0.000850873 0.999828 21.1427
0.999786 -0.00565938 -0.0198857 -0.215662 0.0056326 0.999983 -0.00140231 -0.224323 0.0198933 0.00129001 0.999801 22.0119
0.999742 -0.0054339 -0.0220432 -0.238976 0.00540422 0.999985 -0.00140597 -0.241517 0.0220505 0.00128648 0.999756 22.8827
0.999731 -0.00516042 -0.0225897 -0.26062 0.00516398 0.999987 9.90673e-05 -0.250379 0.0225889 -0.000215694 0.999745 23.7402
0.999691 -0.00581921 -0.0241884 -0.285543 0.00589647 0.999978 0.00312372 -0.256888 0.0241697 -0.00326538 0.999702 24.6003
0.999655 -0.00623026 -0.0255326 -0.311787 0.00634731 0.99997 0.00450573 -0.2603 0.0255038 -0.00466623 0.999664 25.4471
0.999657 -0.00603471 -0.0254782 -0.339946 0.00614173 0.999973 0.00412415 -0.268763 0.0254526 -0.00427922 0.999667 26.2799
0.999618 -0.00530954 -0.0271378 -0.364831 0.0053633 0.999984 0.00190813 -0.278355 0.0271272 -0.00205295 0.99963 27.0974
0.999575 -0.00407134 -0.0288604 -0.391151 0.00409957 0.999991 0.00091922 -0.288556 0.0288564 -0.00103715 0.999583 27.915
0.999557 -0.0032057 -0.0295973 -0.418522 0.00322142 0.999995 0.000483442 -0.296944 0.0295956 -0.000578574 0.999562 28.7185
0.99949 -0.00287584 -0.0318191 -0.447708 0.00287897 0.999996 5.24609e-05 -0.305853 0.0318189 -0.000144041 0.999494 29.522
0.999413 -0.00211185 -0.0342004 -0.475034 0.00210864 0.999998 -0.000129877 -0.319392 0.0342006 5.7684e-05 0.999415 30.3099
0.999362 -0.00170313 -0.0356654 -0.5076 0.00169207 0.999999 -0.000340273 -0.32855 0.0356659 0.000279707 0.999364 31.0895
0.999279 -0.00142132 -0.0379391 -0.538139 0.00146523 0.999998 0.00112978 -0.334507 0.0379375 -0.00118456 0.999279 31.849
0.999177 -0.00239941 -0.0404814 -0.570836 0.00249098 0.999995 0.00221173 -0.337808 0.0404758 -0.00231075 0.999178 32.609
0.999103 -0.00198904 -0.0422894 -0.605333 0.00216369 0.999989 0.00408449 -0.343781 0.0422808 -0.00417233 0.999097 33.3641
0.999018 -0.00169472 -0.0442858 -0.642114 0.0019051 0.999987 0.00470866 -0.344175 0.0442773 -0.00478841 0.999008 34.089
0.998954 -0.000507598 -0.045731 -0.680176 0.000703455 0.999991 0.00426675 -0.344801 0.0457284 -0.00429445 0.998944 34.8138
0.998846 0.0013542 -0.0480019 -0.71911 -0.00117851 0.999993 0.00368831 -0.346708 0.0480065 -0.00362748 0.99884 35.5273
0.998782 0.00180021 -0.0493048 -0.761476 -0.00157332 0.999988 0.00464017 -0.355148 0.0493125 -0.00455695 0.998773 36.2309
0.998749 0.00297689 -0.0499118 -0.797403 -0.00268501 0.999979 0.00591401 -0.365876 0.0499283 -0.00577259 0.998736 36.9271
0.998712 0.00446939 -0.0505373 -0.836975 -0.00415701 0.999972 0.00628459 -0.364573 0.0505639 -0.00606641 0.998702 37.6119
0.998756 0.00697604 -0.0493739 -0.88215 -0.0067385 0.999965 0.00497583 -0.363715 0.0494069 -0.00463693 0.998768 38.2799
0.998827 0.00859286 -0.0476445 -0.919385 -0.00848766 0.999961 0.00240977 -0.362509 0.0476633 -0.00200255 0.998861 38.9432
0.998898 0.00859249 -0.0461358 -0.952633 -0.0085318 0.999963 0.00151216 -0.363048 0.0461471 -0.00111688 0.998934 39.5909
0.999014 0.00939147 -0.0433911 -0.985663 -0.00929791 0.999954 0.00235745 -0.363511 0.0434113 -0.00195168 0.999055 40.2369
0.999123 0.0123381 -0.0399999 -1.01612 -0.0121719 0.999916 0.00439408 -0.364024 0.0400508 -0.00390335 0.99919 40.8792
0.999177 0.0165255 -0.0370264 -1.05096 -0.0162502 0.999838 0.00772211 -0.366607 0.037148 -0.00711408 0.999284 41.508
0.999244 0.0206839 -0.0328998 -1.08505 -0.0204101 0.999755 0.00863599 -0.370921 0.0330704 -0.00795798 0.999421 42.1246
0.999334 0.0239987 -0.0274895 -1.1075 -0.0237555 0.999676 0.00913976 -0.373305 0.0276999 -0.00848064 0.99958 42.7237
0.999377 0.0269743 -0.0227436 -1.13404 -0.0267325 0.999584 0.0108707 -0.381128 0.0230273 -0.0102559 0.999682 43.309
0.9994 0.0303692 -0.0166409 -1.15242 -0.030172 0.999473 0.0119776 -0.378355 0.0169959 -0.0114683 0.99979 43.8706
0.999412 0.0330142 -0.00924555 -1.16421 -0.0329018 0.999386 0.0120639 -0.379501 0.00963815 -0.0117526 0.999884 44.4077
0.999358 0.0357045 -0.00276806 -1.17621 -0.035667 0.999285 0.0125982 -0.38372 0.00321588 -0.0124914 0.999917 44.9298
0.999236 0.038805 0.00457608 -1.18559 -0.03886 0.999165 0.0125999 -0.382976 -0.00408332 -0.0127682 0.99991 45.428
0.999016 0.0426123 0.0122467 -1.1885 -0.0427455 0.999027 0.010828 -0.382261 -0.0117734 -0.0113409 0.999866 45.9074
0.998851 0.0436489 0.0197422 -1.18727 -0.043836 0.998997 0.00914777 -0.38531 -0.0193231 -0.0100027 0.999763 46.3595
0.998643 0.0440321 0.0277845 -1.1786 -0.0442815 0.998984 0.00842197 -0.380716 -0.0273855 -0.00964089 0.999578 46.7864
0.998441 0.0433955 0.0350968 -1.16634 -0.0437451 0.999 0.00925366 -0.38946 -0.0346601 -0.0107745 0.999341 47.1936
0.998091 0.0443106 0.043005 -1.15372 -0.044779 0.998947 0.00998976 -0.387396 -0.0425171 -0.0118964 0.999025 47.5771
0.997551 0.0465727 0.0521771 -1.14144 -0.0471566 0.998837 0.0100141 -0.398971 -0.0516501 -0.0124501 0.998588 47.9439
0.996882 0.0505331 0.0605925 -1.12968 -0.0512004 0.998643 0.00951052 -0.399649 -0.0600297 -0.0125832 0.998117 48.2735
0.996176 0.0528303 0.0695776 -1.11833 -0.0536415 0.998512 0.00984177 -0.393513 -0.0689541 -0.0135364 0.997528 48.59
0.995493 0.0526845 0.0788447 -1.08799 -0.0536698 0.998504 0.0104293 -0.400275 -0.0781773 -0.0146139 0.996832 48.883
0.9947 0.051458 0.0890126 -1.06201 -0.0524912 0.998578 0.00930385 -0.400358 -0.0884073 -0.0139269 0.995987 49.1553
0.9936 0.0507596 0.100908 -1.0294 -0.0516052 0.998651 0.00578604 -0.404511 -0.100478 -0.0109564 0.994879 49.4253
0.992112 0.0517521 0.114168 -0.993001 -0.0523925 0.998623 0.00261293 -0.404411 -0.113875 -0.00857384 0.993458 49.6892
0.990225 0.0521419 0.129366 -0.959125 -0.0527404 0.998608 0.00120249 -0.401279 -0.129123 -0.00801352 0.991596 49.9503
0.987872 0.0531606 0.145886 -0.918955 -0.0537811 0.998553 0.000309651 -0.401042 -0.145658 -0.0081518 0.989302 50.2113
0.985263 0.0532039 0.162561 -0.872636 -0.0538692 0.998548 -0.000316088 -0.400052 -0.162342 -0.00844561 0.986699 50.467
0.982201 0.0522789 0.180411 -0.820023 -0.052929 0.998598 -0.00121197 -0.399695 -0.180221 -0.00835854 0.983591 50.7205
0.978519 0.0512013 0.199697 -0.757732 -0.0518747 0.998652 -0.00186278 -0.398566 -0.199524 -0.00853647 0.979856 50.972
0.974203 0.0514263 0.219735 -0.692451 -0.0521758 0.998635 -0.00239528 -0.39921 -0.219558 -0.00913135 0.975557 51.217
0.969135 0.0527431 0.240823 -0.625251 -0.0533896 0.998566 -0.00384425 -0.398955 -0.240681 -0.00913183 0.970562 51.4618
0.963178 0.0530786 0.263572 -0.548243 -0.0535408 0.998551 -0.00543425 -0.398508 -0.263479 -0.00887772 0.964625 51.7063
0.956243 0.0536365 0.287615 -0.466184 -0.0541898 0.998512 -0.00604318 -0.399485 -0.287511 -0.00980705 0.957727 51.9493
0.948085 0.0549859 0.313226 -0.374224 -0.0556014 0.998429 -0.00697467 -0.39756 -0.313118 -0.0108032 0.949653 52.1958
0.938526 0.0567311 0.340513 -0.275248 -0.057526 0.998314 -0.00777 -0.400379 -0.34038 -0.012296 0.940208 52.4429
0.927823 0.0568003 0.368671 -0.168962 -0.0578219 0.998293 -0.00828634 -0.403406 -0.368512 -0.013629 0.929523 52.6871
0.915413 0.0553217 0.398695 -0.0484826 -0.0559599 0.998382 -0.0100473 -0.411521 -0.398606 -0.0131135 0.917029 52.9238
0.90074 0.0531656 0.431091 0.0901092 -0.0531192 0.998514 -0.0121553 -0.416793 -0.431097 -0.0119504 0.902227 53.1605
0.88386 0.0519824 0.464854 0.2352 -0.0508518 0.998594 -0.0149799 -0.42337 -0.464979 -0.0103986 0.885261 53.3889
0.864798 0.0530605 0.499308 0.394857 -0.0505587 0.998549 -0.0185465 -0.429245 -0.499567 -0.00920537 0.866226 53.6286
0.843393 0.0546442 0.534511 0.56414 -0.0506679 0.99847 -0.0221279 -0.436151 -0.534903 -0.00842004 0.844872 53.8614
0.819442 0.0558992 0.570429 0.748989 -0.0508448 0.998399 -0.0247976 -0.442418 -0.570902 -0.00868317 0.820972 54.0957
0.79256 0.0586005 0.606971 0.949968 -0.0533476 0.998219 -0.0267145 -0.455125 -0.607456 -0.0112076 0.794275 54.3339
0.763299 0.0615134 0.64311 1.16463 -0.0557396 0.998015 -0.0293034 -0.464632 -0.643636 -0.0134795 0.765213 54.5691
0.731026 0.0619897 0.679528 1.40444 -0.0556545 0.997964 -0.0311666 -0.483298 -0.680076 -0.0150352 0.732988 54.8057
0.695032 0.0606534 0.716416 1.6802 -0.0539499 0.998026 -0.0321557 -0.507622 -0.716952 -0.0163013 0.696932 55.0466
0.656823 0.0589145 0.751739 1.96817 -0.0518443 0.998112 -0.0329247 -0.53215 -0.75226 -0.0173477 0.658638 55.2729
0.615038 0.0584917 0.786325 2.28969 -0.0505207 0.998119 -0.0347306 -0.550935 -0.786877 -0.018365 0.616836 55.501
0.569782 0.0580706 0.819742 2.62379 -0.0483315 0.998142 -0.0371145 -0.570583 -0.820374 -0.0184722 0.57153 55.7105
0.52246 0.0570392 0.850753 2.99225 -0.0459988 0.998193 -0.0386758 -0.593214 -0.851422 -0.018927 0.52414 55.9129
0.474269 0.0552252 0.878646 3.39028 -0.0444768 0.998259 -0.0387358 -0.614396 -0.879256 -0.0207081 0.4759 56.108
0.425248 0.0527831 0.903536 3.79733 -0.045023 0.998296 -0.0371288 -0.636807 -0.903956 -0.024891 0.4269 56.2851
0.375811 0.0523099 0.925218 4.22758 -0.0471927 0.99819 -0.0372666 -0.660192 -0.925494 -0.0296583 0.3776 56.448
0.326802 0.0519455 0.943664 4.68513 -0.0450687 0.998209 -0.0393402 -0.673498 -0.944018 -0.0296732 0.328558 56.5925
0.279884 0.0486162 0.958802 5.1565 -0.0379515 0.998497 -0.0395505 -0.69981 -0.959284 -0.0253185 0.281308 56.7022
0.235868 0.0436773 0.970803 5.64705 -0.0273583 0.998892 -0.038294 -0.718347 -0.9714 -0.0175272 0.236802 56.7905
0.193846 0.0421026 0.980128 6.15988 -0.0210361 0.999027 -0.038754 -0.742058 -0.980806 -0.0131057 0.194544 56.8628
0.155555 0.0436556 0.986862 6.67818 -0.01804 0.998982 -0.0413482 -0.755061 -0.987663 -0.0113711 0.156185 56.9287
0.122679 0.0437776 0.99148 7.20828 -0.0124002 0.999016 -0.042576 -0.780237 -0.992369 -0.00707141 0.123101 56.975
0.0935059 0.0424258 0.994714 7.75141 -0.00588616 0.999098 -0.0420594 -0.806874 -0.995601 -0.00192225 0.0936714 57.0082
0.0687125 0.0409054 0.996797 8.31249 -0.00113505 0.999162 -0.0409242 -0.828338 -0.997636 0.00168059 0.0687015 57.0343
0.0487717 0.0403457 0.997995 8.88678 0.00244816 0.999176 -0.0405131 -0.859187 -0.998807 0.00441914 0.0486329 57.049
0.0325973 0.0411272 0.998622 9.46174 0.00386564 0.999141 -0.0412748 -0.889149 -0.999461 0.00520576 0.0324105 57.0578
0.0197074 0.041244 0.998955 10.0562 0.00484276 0.999133 -0.0413469 -0.914389 -0.999794 0.00565253 0.0194907 57.0612
0.00813665 0.0420748 0.999081 10.663 0.00528295 0.999099 -0.0421186 -0.939467 -0.999953 0.0056208 0.00790719 57.0645
-0.000536853 0.0442846 0.999019 11.2752 0.00925098 0.998977 -0.0442778 -0.968603 -0.999957 0.00921812 -0.00094583 57.057
-0.00721496 0.0456064 0.998933 11.8986 0.0126717 0.998883 -0.0455126 -0.998624 -0.999894 0.0123298 -0.00778467 57.0459
-0.0112424 0.0455898 0.998897 12.5357 0.0127349 0.998886 -0.045446 -1.03061 -0.999856 0.0122099 -0.0118103 57.0389
-0.0146672 0.0437415 0.998935 13.187 0.0105656 0.998994 -0.0435889 -1.05962 -0.999837 0.00991502 -0.0151144 57.0356
-0.016506 0.0382396 0.999132 13.856 0.00853888 0.999238 -0.0381026 -1.08919 -0.999828 0.00790255 -0.0168198 57.0303
-0.0175811 0.0333776 0.999288 14.5318 0.00948506 0.999403 -0.0332145 -1.11686 -0.999801 0.00889435 -0.0178871 57.0218
-0.0177688 0.0316806 0.99934 15.2207 0.0121136 0.999432 -0.0314681 -1.13963 -0.999769 0.0115464 -0.0181423 57.0051
-0.0176057 0.0331903 0.999294 15.9104 0.0145885 0.999351 -0.0329352 -1.16532 -0.999739 0.0139983 -0.0180784 56.9911
-0.0162643 0.0396767 0.99908 16.6101 0.0148633 0.999112 -0.039436 -1.19076 -0.999757 0.0142082 -0.0168394 56.9758
-0.0138714 0.0463595 0.998828 17.3161 0.0150423 0.998821 -0.0461502 -1.21927 -0.999791 0.0143845 -0.0145523 56.9661
-0.012045 0.0479479 0.998777 18.0299 0.0155982 0.998737 -0.0477579 -1.24446 -0.999806 0.0150039 -0.0127775 56.9604
-0.00972782 0.0447832 0.998949 18.7656 0.0151711 0.998888 -0.0446328 -1.27588 -0.999838 0.014721 -0.0103963 56.9566
-0.00716048 0.0402795 0.999163 19.5063 0.0150614 0.99908 -0.0401682 -1.31289 -0.999861 0.0147612 -0.00776041 56.9558
-0.00487323 0.0390739 0.999224 20.2394 0.014618 0.999133 -0.0389991 -1.34277 -0.999882 0.0144166 -0.00544003 56.957
-0.00144628 0.0427554 0.999084 20.9712 0.0194691 0.998898 -0.0427192 -1.38345 -0.99981 0.0193895 -0.00227695 56.951
0.0022222 0.0477014 0.998859 21.7038 0.0216333 0.998626 -0.0477384 -1.42727 -0.999764 0.0217147 0.00118735 56.9502
0.00405301 0.0488147 0.9988 22.4383 0.0171721 0.998657 -0.0488775 -1.46266 -0.999845 0.0173496 0.00320947 56.9617
0.00796814 0.0465075 0.998886 23.1754 0.0121246 0.99884 -0.0466021 -1.4983 -0.999895 0.0124824 0.00739517 56.9777
0.0123665 0.0437857 0.998964 23.9155 0.01476 0.998924 -0.0439667 -1.54744 -0.999815 0.0152885 0.0117071 56.987
0.0154485 0.0449428 0.99887 24.657 0.019203 0.998792 -0.0452363 -1.59705 -0.999696 0.0198801 0.0145669 56.9961
0.0192804 0.0486434 0.99863 25.4013 0.0185755 0.998626 -0.0490018 -1.64792 -0.999642 0.0194948 0.0183505 57.0114
0.022833 0.0504439 0.998466 26.1449 0.0156188 0.998587 -0.0508071 -1.68766 -0.999617 0.0167549 0.022013 57.0347
0.0260311 0.0503487 0.998392 26.8912 0.015027 0.998599 -0.0507509 -1.72905 -0.999548 0.016324 0.0252382 57.0619
0.0300757 0.0494849 0.998322 27.6391 0.0173624 0.998597 -0.0500216 -1.77874 -0.999397 0.0188377 0.0291745 57.0807
0.0340253 0.049086 0.998215 28.388 0.0208827 0.99854 -0.0498139 -1.82895 -0.999203 0.0225404 0.0329507 57.1021
0.0364464 0.0500436 0.998082 29.1262 0.0231314 0.998436 -0.050906 -1.8807 -0.999068 0.0249424 0.0352319 57.1242
0.0398257 0.0502417 0.997943 29.8678 0.0230809 0.998423 -0.051187 -1.93199 -0.99894 0.0250719 0.0386034 57.1513
0.043233 0.0497808 0.997824 30.6163 0.0234582 0.998432 -0.0508275 -1.97621 -0.99879 0.0256045 0.0419976 57.1796
0.0461805 0.048725 0.997744 31.3583 0.0254864 0.998427 -0.049938 -2.02872 -0.998608 0.0277351 0.0448662 57.2108
0.0497817 0.0492308 0.997546 32.1112 0.0237625 0.998444 -0.0504609 -2.07756 -0.998477 0.0262162 0.0485345 57.2475
0.0526922 0.0507361 0.997321 32.8598 0.0218594 0.998411 -0.0519465 -2.11681 -0.998372 0.024538 0.0514995 57.2916
0.0549312 0.0508582 0.997194 33.6068 0.0220981 0.998396 -0.0521368 -2.17409 -0.998246 0.0249001 0.0537193 57.3343
0.0579496 0.0509636 0.997018 34.3574 0.0206221 0.998422 -0.052234 -2.22404 -0.998107 0.0235876 0.0568073 57.3822
0.0586729 0.05161 0.996942 35.1066 0.0190487 0.998423 -0.0528077 -2.27068 -0.998096 0.0220888 0.0575974 57.4307
0.0639868 0.0515883 0.996616 35.8612 0.0173988 0.998454 -0.0528005 -2.31874 -0.997799 0.0207185 0.0629904 57.4841
0.0657896 0.0531931 0.996414 36.6154 0.0154105 0.998405 -0.0543168 -2.36647 -0.997715 0.0189287 0.0648651 57.5401
0.0685838 0.0560761 0.996068 37.3693 0.0149244 0.99825 -0.0572265 -2.41647 -0.997534 0.0187905 0.067627 57.5983
0.0718067 0.0575231 0.995758 38.1258 0.0144269 0.998172 -0.0587029 -2.46697 -0.997314 0.018581 0.0708457 57.6558
0.0742819 0.0594158 0.995465 38.8838 0.0104181 0.998123 -0.0603519 -2.51715 -0.997183 0.0148539 0.0735237 57.7163
0.0760642 0.0597796 0.995309 39.6454 0.00675458 0.998148 -0.0604663 -2.56248 -0.99708 0.0113222 0.0755197 57.7843
0.0795568 0.0592792 0.995066 40.4144 0.00801876 0.99816 -0.0601046 -2.6165 -0.996798 0.0127609 0.0789352 57.8505
0.0828479 0.0599349 0.994758 41.186 0.00831209 0.998114 -0.0608293 -2.67078 -0.996527 0.0133081 0.0821937 57.9185
0.0856136 0.0609416 0.994463 41.9595 0.00507415 0.998088 -0.0616006 -2.72497 -0.996316 0.0103199 0.0851408 57.9933
0.0897976 0.0598383 0.994161 42.7432 0.00426569 0.998162 -0.0604644 -2.77776 -0.995951 0.00967035 0.0893774 58.0679
0.0940277 0.0589765 0.993821 43.5257 0.0043992 0.99821 -0.0596532 -2.83256 -0.99556 0.00998107 0.0936001 58.1467
0.0977931 0.06297 0.993212 44.3081 0.00110404 0.997989 -0.0633816 -2.88356 -0.995206 0.00729483 0.097527 58.2338
0.103768 0.0698077 0.992148 45.0944 -0.00123566 0.997543 -0.070058 -2.93999 -0.994601 0.00604384 0.1036 58.3255
0.110471 0.0743636 0.991093 45.8795 -0.00228113 0.997214 -0.0745685 -2.99793 -0.993877 0.00597682 0.110333 58.4196
0.117057 0.0772949 0.990112 46.6665 -0.00604691 0.997004 -0.077118 -3.05938 -0.993107 0.00304006 0.117174 58.5215
0.124352 0.076047 0.989319 47.4636 -0.00872893 0.997104 -0.0755482 -3.11933 -0.9922 0.000758881 0.124656 58.6351
0.131776 0.0746754 0.988463 48.2635 -0.00908394 0.997208 -0.0741251 -3.1795 -0.991238 0.000788747 0.132086 58.7515
0.138611 0.0728407 0.987664 49.0657 -0.0100934 0.997344 -0.072138 -3.24301 -0.990296 3.02192e-05 0.138978 58.8641
0.146863 0.067941 0.986821 49.8792 -0.0105373 0.997689 -0.0671211 -3.30129 -0.989101 -0.000540845 0.147239 58.9954
0.154618 0.0629648 0.985966 50.6918 -0.0121887 0.998013 -0.0618228 -3.35504 -0.9879 -0.00245871 0.155078 59.1306
0.161573 0.0596647 0.985055 51.4993 -0.0110645 0.998218 -0.0586472 -3.41096 -0.986799 -0.0014234 0.161945 59.2683
0.169439 0.0614665 0.983622 52.3033 -0.01095 0.998109 -0.0604856 -3.46637 -0.98548 -0.000522011 0.169792 59.4127
0.175024 0.0671064 0.982274 53.0884 -0.0106807 0.997746 -0.0662603 -3.52581 -0.984506 0.0011058 0.175346 59.5565
0.17959 0.0707935 0.981191 53.8724 -0.0114305 0.99749 -0.0698774 -3.58785 -0.983675 0.00133386 0.179949 59.7039
0.185021 0.0731779 0.980006 54.6555 -0.0120518 0.997318 -0.0721953 -3.65162 -0.982661 0.00154684 0.185407 59.856
0.189963 0.0739287 0.979003 55.4292 -0.0139763 0.997264 -0.0725957 -3.71552 -0.981692 0.000107674 0.190477 60.0118
0.194241 0.0709955 0.978381 56.1887 -0.0117392 0.997475 -0.0700504 -3.78185 -0.980884 0.00212124 0.194584 60.1627
0.199702 0.0660632 0.977627 56.9482 -0.0101136 0.997811 -0.0653612 -3.84366 -0.979805 0.00316545 0.199933 60.3182
0.203336 0.0597299 0.977285 57.7075 -0.0102104 0.998213 -0.0588845 -3.90046 -0.979056 0.00199491 0.203582 60.477
0.205569 0.0577177 0.976939 58.4472 -0.0133139 0.998332 -0.0561801 -3.9507 -0.978552 -0.00145797 0.205995 60.641
0.209116 0.0571675 0.976218 59.1855 -0.0146991 0.998361 -0.0553155 -4.00108 -0.97778 -0.00278216 0.209614 60.8055
0.210624 0.0587582 0.975799 59.9025 -0.0166553 0.998263 -0.0565159 -4.04793 -0.977425 -0.00434864 0.211237 60.9668
0.212865 0.0625915 0.975074 60.6148 -0.0199321 0.998017 -0.0597129 -4.09465 -0.976878 -0.00672447 0.213691 61.1342
0.214435 0.0661119 0.974498 61.3098 -0.0209858 0.997788 -0.0630742 -4.13653 -0.976513 -0.00692529 0.215348 61.2969
0.215452 0.0700077 0.974001 61.9943 -0.0220337 0.997522 -0.0668243 -4.18808 -0.976266 -0.00706342 0.216461 61.4552
0.217721 0.0716984 0.973374 62.6785 -0.0224569 0.997402 -0.0684452 -4.24056 -0.975753 -0.006957 0.218766 61.615
0.21918 0.0724916 0.972987 63.3514 -0.023968 0.997335 -0.0689065 -4.29186 -0.97539 -0.00821764 0.220333 61.7786
0.219066 0.0701737 0.973183 64.0187 -0.02416 0.997495 -0.0664883 -4.33955 -0.975411 -0.00894672 0.220213 61.9354
0.220596 0.0684576 0.97296 64.6815 -0.0238989 0.997614 -0.0647738 -4.38557 -0.975073 -0.0089638 0.221705 62.0909
0.220489 0.0666432 0.97311 65.3343 -0.0228744 0.997742 -0.0631472 -4.42163 -0.975121 -0.00833596 0.221516 62.2434
0.21929 0.0658903 0.973432 65.9743 -0.0230523 0.997789 -0.0623458 -4.4625 -0.975387 -0.00876798 0.220325 62.3912
0.218029 0.0666078 0.973666 66.61 -0.0242611 0.99773 -0.0628213 -4.50426 -0.975641 -0.00992533 0.21915 62.5371
0.21567 0.0702531 0.973935 67.2336 -0.024646 0.997483 -0.066494 -4.5591 -0.976155 -0.00966288 0.216859 62.6794
0.214361 0.0731752 0.974009 67.8575 -0.0240097 0.997283 -0.0696397 -4.61147 -0.97646 -0.0084576 0.215536 62.8193
0.212701 0.0736351 0.974338 68.4652 -0.0229602 0.997258 -0.0703549 -4.66239 -0.976848 -0.0074065 0.213808 62.9511
0.21045 0.0735043 0.974837 69.0713 -0.0234768 0.997262 -0.070127 -4.70748 -0.977323 -0.00812778 0.2116 63.0854
0.208461 0.071284 0.975429 69.6678 -0.024476 0.997408 -0.0676595 -4.74919 -0.977724 -0.00977023 0.209666 63.2198
0.206849 0.0690967 0.975929 70.2531 -0.0229698 0.997571 -0.0657605 -4.79202 -0.978103 -0.00881437 0.207934 63.3529
0.204735 0.0679965 0.976452 70.8186 -0.0207455 0.997662 -0.0651236 -4.83855 -0.978598 -0.00692393 0.205667 63.4717
0.203085 0.0695044 0.976691 71.3747 -0.0176542 0.997576 -0.0673197 -4.87968 -0.979002 -0.00357101 0.20382 63.5894
0.201517 0.0711088 0.9769 71.9299 -0.0151498 0.997469 -0.0694808 -4.92222 -0.979368 -0.000798271 0.202084 63.7065
0.19916 0.0731298 0.977234 72.4824 -0.0157878 0.997322 -0.0714154 -4.96432 -0.97984 -0.0012052 0.199782 63.8231
0.198387 0.0753488 0.977223 73.0274 -0.0181665 0.997152 -0.0731974 -5.00799 -0.979956 -0.00323127 0.199191 63.9405
0.197372 0.0746408 0.977483 73.573 -0.0160567 0.99721 -0.072905 -5.05286 -0.980197 -0.00130567 0.19802 64.0565
0.19737 0.0733896 0.977578 74.1188 -0.0124341 0.997301 -0.0723599 -5.09838 -0.98025 0.00212646 0.19775 64.1711
0.200069 0.0718267 0.977145 74.6669 -0.00858717 0.9974 -0.0715574 -5.14712 -0.979744 0.00592548 0.200165 64.2827
0.20201 0.0711391 0.976796 75.2196 -0.00719527 0.99744 -0.0711545 -5.19445 -0.979357 0.00734563 0.202005 64.3952
0.204579 0.0718699 0.976208 75.7734 -0.00860704 0.997395 -0.071626 -5.24157 -0.978812 0.00625092 0.204665 64.5108
0.209947 0.0723563 0.975031 76.3281 -0.0108571 0.997369 -0.0716761 -5.28823 -0.977653 0.00446215 0.21018 64.6348
0.215736 0.0717788 0.973809 76.8874 -0.0100947 0.997405 -0.0712817 -5.33827 -0.9764 0.00554778 0.215901 64.759
0.222633 0.0720329 0.972237 77.4477 -0.0118996 0.997393 -0.0711718 -5.38663 -0.97483 0.00427596 0.22291 64.8895
0.230631 0.0716706 0.970398 78.0103 -0.0130387 0.997422 -0.0705676 -5.43354 -0.972954 0.00362241 0.230971 65.027
0.239188 0.0717705 0.968317 78.5872 -0.0148406 0.997418 -0.0702616 -5.47427 -0.97086 0.00243535 0.239636 65.178
0.247909 0.0715356 0.966138 79.1653 -0.016558 0.997437 -0.0696044 -5.51863 -0.968642 0.00125826 0.248459 65.3324
0.257454 0.0738272 0.963466 79.7479 -0.0203654 0.99727 -0.0709756 -5.56113 -0.966076 -0.00134837 0.258255 65.4972
0.266184 0.0759856 0.960922 80.3327 -0.0239462 0.997102 -0.0722133 -5.6061 -0.963625 -0.00378842 0.267232 65.6679
0.277171 0.0774358 0.957694 80.9314 -0.0267703 0.996983 -0.0728647 -5.65336 -0.960448 -0.00544171 0.278408 65.8497
0.287274 0.0787993 0.954601 81.5374 -0.0275964 0.996878 -0.0739844 -5.7033 -0.957451 -0.00508981 0.288551 66.0415
0.29705 0.0801784 0.951489 82.1489 -0.0298823 0.996761 -0.0746642 -5.75236 -0.954395 -0.0062537 0.298484 66.2375
0.306387 0.0804299 0.948502 82.7694 -0.0313174 0.996737 -0.0744038 -5.80087 -0.951392 -0.00690823 0.307906 66.4474
0.316148 0.0816348 0.945191 83.3912 -0.0348816 0.996618 -0.0744093 -5.84946 -0.948069 -0.00944542 0.317926 66.665
0.328832 0.077954 0.941165 84.0578 -0.0350194 0.996909 -0.0703357 -5.89524 -0.943739 -0.00983038 0.330546 66.9029
0.337408 0.0718157 0.938615 84.7094 -0.0314587 0.997389 -0.0650041 -5.94387 -0.940833 -0.00759465 0.338787 67.1427
0.348438 0.0681524 0.93485 85.3808 -0.0307049 0.997648 -0.0612862 -5.98612 -0.936829 -0.00735001 0.349712 67.3903
0.358998 0.0647571 0.931088 86.0539 -0.028534 0.997886 -0.0584011 -6.02519 -0.932902 -0.00560177 0.360087 67.6548
0.367108 0.0631754 0.92803 86.7314 -0.0256876 0.997999 -0.057777 -6.07643 -0.929824 -0.00262845 0.367996 67.9247
0.37568 0.0589784 0.92487 87.4203 -0.019782 0.998256 -0.0556227 -6.11519 -0.926539 0.00260057 0.376192 68.205
0.383704 0.0515363 0.922017 88.138 -0.0118583 0.998634 -0.0508839 -6.15665 -0.92338 0.00859083 0.383791 68.492
0.389511 0.0477066 0.919785 88.8487 -0.00598956 0.998768 -0.0492668 -6.20111 -0.921003 0.0136808 0.389317 68.7854
0.397395 0.0475449 0.916414 89.5558 -0.00321308 0.998723 -0.0504218 -6.23936 -0.917642 0.0170929 0.397041 69.083
0.403274 0.0520967 0.913595 90.2622 -0.00223046 0.998431 -0.0559498 -6.28939 -0.915077 0.0205254 0.402758 69.3917
0.410436 0.0554947 0.910199 90.9661 0.00126079 0.998111 -0.0614232 -6.34306 -0.911889 0.0263579 0.409591 69.7075
0.415637 0.0569625 0.907744 91.6687 0.000770468 0.998015 -0.0629799 -6.39134 -0.90953 0.0268762 0.414768 70.0325
0.419421 0.0575331 0.905966 92.3698 -0.00333435 0.998081 -0.0618391 -6.43827 -0.907786 0.0229158 0.418808 70.3607
0.423661 0.0602022 0.903818 93.0646 -0.00883408 0.998016 -0.0623357 -6.48663 -0.905778 0.0184248 0.423352 70.6998
0.4273 0.0612635 0.902031 93.7482 -0.0086801 0.997934 -0.0636651 -6.54252 -0.904069 0.0193744 0.426949 71.0291
0.430651 0.0647932 0.900189 94.4277 -0.0103809 0.99771 -0.0668462 -6.59577 -0.902459 0.0194426 0.430338 71.3604
0.434122 0.0666547 0.898384 95.1028 -0.0133294 0.997625 -0.0675767 -6.64976 -0.900756 0.0173616 0.43398 71.6931
0.437325 0.0665437 0.896838 95.7676 -0.0149621 0.997659 -0.0667285 -6.70651 -0.899179 0.0157635 0.437297 72.0232
0.440616 0.0631955 0.895468 96.4221 -0.0134401 0.997872 -0.0638092 -6.76546 -0.897595 0.0160802 0.440528 72.3498
0.444486 0.0619285 0.893642 97.0718 -0.0147848 0.997979 -0.0618051 -6.82079 -0.895664 0.0142592 0.444504 72.6779
0.44728 0.0605387 0.892342 97.7034 -0.014773 0.998071 -0.0603067 -6.87398 -0.894272 0.0137914 0.447312 73.0007
0.450841 0.0618778 0.890456 98.3273 -0.0169263 0.998008 -0.0607817 -6.9246 -0.892444 0.0123308 0.45099 73.3227
0.453311 0.0618227 0.889205 98.9406 -0.0156074 0.99799 -0.0614294 -6.97421 -0.891216 0.0139684 0.453365 73.6392
0.455114 0.0608166 0.888354 99.551 -0.0144019 0.998037 -0.0609473 -7.02307 -0.890317 0.014944 0.455097 73.9521
0.456201 0.0590387 0.887916 100.148 -0.0123551 0.998121 -0.0600184 -7.07243 -0.889792 0.0164102 0.456073 74.2617
0.458264 0.0589226 0.88686 100.741 -0.0133149 0.998144 -0.059436 -7.11479 -0.888717 0.015429 0.458198 74.5721
0.459737 0.0585515 0.886122 101.322 -0.0119923 0.998143 -0.0597315 -7.15955 -0.887974 0.0168342 0.459586 74.8763
0.462188 0.0602218 0.884734 101.899 -0.0126691 0.998038 -0.0613158 -7.20362 -0.886692 0.0171307 0.462044 75.1802
0.46511 0.0597757 0.883232 102.469 -0.0104773 0.99802 -0.0620269 -7.2482 -0.885191 0.0195955 0.464815 75.4811
0.468283 0.0588026 0.881619 103.031 -0.00849828 0.998037 -0.0620535 -7.29485 -0.883538 0.0215664 0.467864 75.7815
0.471059 0.0574195 0.88023 103.58 -0.0061816 0.99807 -0.0617983 -7.34229 -0.88208 0.0236695 0.470505 76.0681
0.474589 0.056529 0.87839 104.118 -0.00554852 0.998108 -0.0612357 -7.38856 -0.88019 0.0241881 0.474006 76.3596
0.478247 0.0559522 0.87644 104.649 -0.0047488 0.998119 -0.0611288 -7.43656 -0.878213 0.0250727 0.477614 76.65
0.48116 0.0554479 0.874877 105.174 -0.00418656 0.998132 -0.060957 -7.48398 -0.876623 0.0256674 0.480494 76.941
0.485086 0.0550728 0.87273 105.695 -0.00196249 0.998081 -0.0618922 -7.51876 -0.874465 0.0283103 0.484264 77.2302
0.488549 0.0562365 0.870722 106.208 -0.00295367 0.998022 -0.062801 -7.55749 -0.872532 0.0281096 0.487749 77.5178
0.492937 0.0552566 0.868308 106.714 -0.000604997 0.998003 -0.0631665 -7.59881 -0.870065 0.0306118 0.491986 77.8068
0.497633 0.0578063 0.865458 107.216 -0.00235247 0.997863 -0.0652973 -7.6405 -0.867385 0.0304582 0.496707 78.0984
0.503083 0.062721 0.861959 107.71 -0.00551241 0.997576 -0.0693719 -7.68354 -0.864221 0.0301484 0.502209 78.3943
0.508648 0.0681874 0.858269 108.198 -0.0107226 0.997284 -0.072877 -7.72425 -0.860908 0.0278659 0.507998 78.6963
0.515251 0.0736738 0.853866 108.682 -0.0150677 0.996923 -0.0769248 -7.75561 -0.856907 0.0267698 0.514776 79.0063
0.520901 0.0779356 0.850051 109.165 -0.0181454 0.99661 -0.0802532 -7.7936 -0.853425 0.0263795 0.520549 79.3132
0.526304 0.0783557 0.846678 109.648 -0.02048 0.996625 -0.0795018 -7.83272 -0.85005 0.0245022 0.526133 79.6283
0.531597 0.0776023 0.843434 110.134 -0.0258768 0.996817 -0.0754051 -7.87582 -0.846602 0.0182598 0.531914 79.9546
0.536713 0.0756949 0.840362 110.625 -0.0310602 0.997066 -0.0699726 -7.92367 -0.843193 0.0114534 0.53749 80.2877
0.543025 0.0740489 0.836445 111.122 -0.0362737 0.997243 -0.064735 -7.96778 -0.838933 0.00481179 0.544214 80.6313
0.548888 0.0725314 0.832742 111.621 -0.0379258 0.997364 -0.0618716 -8.01098 -0.835035 0.00237817 0.550193 80.9784
0.554645 0.0753722 0.828666 112.118 -0.0413345 0.997155 -0.0630312 -8.05454 -0.83106 0.000707506 0.556184 81.329
0.560988 0.079117 0.824034 112.633 -0.0452661 0.996865 -0.0648944 -8.09764 -0.826586 -0.000895755 0.562811 81.6998
0.566997 0.0814955 0.819678 113.147 -0.047862 0.996672 -0.0659852 -8.14116 -0.822328 -0.00181797 0.569012 82.0745
0.572636 0.0837349 0.815522 113.67 -0.0506151 0.996484 -0.0667749 -8.18435 -0.818246 -0.00304003 0.574861 82.4587
0.579086 0.0846561 0.810859 114.204 -0.0526526 0.996401 -0.0664247 -8.23002 -0.813565 -0.00422825 0.58146 82.8567
0.585351 0.0867862 0.806121 114.743 -0.0560989 0.996207 -0.0665154 -8.27468 -0.808837 -0.00628766 0.588 83.266
0.591454 0.0853973 0.801803 115.293 -0.0567641 0.996319 -0.0642422 -8.31936 -0.804338 -0.00751729 0.594125 83.6849
0.599474 0.0837642 0.795998 115.855 -0.0569874 0.996452 -0.0619404 -8.36077 -0.798363 -0.00823018 0.602121 84.1204
0.606976 0.0838004 0.790289 116.419 -0.057756 0.996447 -0.0613018 -8.40921 -0.792619 -0.00843521 0.60966 84.5646
0.613926 0.0854417 0.784725 116.985 -0.0605511 0.996293 -0.0611054 -8.45145 -0.787038 -0.0100017 0.616825 85.0224
0.621767 0.086441 0.778417 117.562 -0.0624705 0.996198 -0.0607261 -8.49583 -0.780707 -0.0108706 0.624804 85.4953
0.628504 0.0871245 0.772911 118.14 -0.0637674 0.996134 -0.0604333 -8.53744 -0.775189 -0.011304 0.63163 85.9785
0.633227 0.0865554 0.769111 118.722 -0.0642338 0.996176 -0.059224 -8.57812 -0.771297 -0.0119007 0.636366 86.4673
0.637427 0.0850238 0.765804 119.32 -0.0631011 0.996315 -0.0580932 -8.62403 -0.767923 -0.0112929 0.640444 86.9742
0.640481 0.0832364 0.763449 119.924 -0.0605443 0.996488 -0.0578513 -8.67 -0.765584 -0.00916978 0.643272 87.4842
0.644307 0.0801219 0.760557 120.538 -0.0560771 0.99677 -0.0575002 -8.71666 -0.762708 -0.00560197 0.64672 88.0022
0.64771 0.0751016 0.758176 121.159 -0.0499885 0.997175 -0.0560706 -8.76274 -0.760246 -0.00158259 0.649635 88.5246
0.651278 0.0698339 0.755619 121.785 -0.0446436 0.997558 -0.0537149 -8.80616 -0.757526 0.00124978 0.652806 89.0549
0.654007 0.0664092 0.753567 122.421 -0.0415629 0.997789 -0.0518599 -8.84691 -0.755347 0.0025963 0.655322 89.6011
0.657412 0.0653637 0.75069 123.058 -0.0404833 0.997856 -0.0514317 -8.88573 -0.752443 0.00342146 0.65865 90.1536
0.65946 0.0666808 0.748776 123.69 -0.0427067 0.997773 -0.0512422 -8.92528 -0.750526 0.00181448 0.66084 90.7106
0.663704 0.0695399 0.744755 124.333 -0.0462255 0.997579 -0.0519519 -8.96844 -0.746567 5.40283e-05 0.665312 91.2887
0.666153 0.0713682 0.742392 124.97 -0.0495721 0.997447 -0.0514059 -9.01496 -0.744167 -0.00255774 0.66799 91.873
0.668834 0.0703594 0.740074 125.619 -0.0514786 0.997505 -0.0483102 -9.05748 -0.741627 -0.00578636 0.670788 92.4638
0.672293 0.0668439 0.737261 126.267 -0.0518935 0.997721 -0.0431379 -9.09597 -0.738465 -0.00925774 0.67423 93.0619
0.675153 0.0629357 0.734987 126.913 -0.0518696 0.997938 -0.0378047 -9.1304 -0.735852 -0.0125995 0.677027 93.664
0.680229 0.0596245 0.73057 127.567 -0.0496798 0.998145 -0.0352057 -9.16495 -0.731315 -0.0123466 0.681929 94.2732
0.684435 0.0573703 0.726812 128.218 -0.0459371 0.998312 -0.035542 -9.20025 -0.727625 -0.00906142 0.685916 94.8866
0.690175 0.0554023 0.721517 128.871 -0.038357 0.998464 -0.039977 -9.23934 -0.722625 -8.40834e-05 0.691241 95.5021
0.694408 0.0579977 0.717239 129.52 -0.0354591 0.998294 -0.0463939 -9.28192 -0.718707 0.00678372 0.695281 96.1228
0.701069 0.0574352 0.710775 130.164 -0.0317946 0.998278 -0.0493067 -9.32697 -0.712384 0.0119687 0.701689 96.7496
0.707189 0.0551359 0.704871 130.805 -0.0302801 0.998402 -0.0477165 -9.36324 -0.706377 0.012401 0.707729 97.3866
0.71296 0.0507776 0.699362 131.446 -0.0270025 0.998623 -0.044978 -9.40395 -0.700685 0.0131831 0.713351 98.0328
0.717604 0.0483535 0.69477 132.087 -0.0228709 0.998685 -0.0458822 -9.43922 -0.696076 0.0170352 0.717767 98.6929
0.722566 0.0488947 0.68957 132.72 -0.0210303 0.998589 -0.0487693 -9.48312 -0.690983 0.0207372 0.722575 99.3548
0.725361 0.051136 0.686466 133.349 -0.0225975 0.998469 -0.0504996 -9.5285 -0.687998 0.0211181 0.725406 100.024
0.728728 0.048289 0.683098 133.978 -0.0202051 0.998593 -0.0490368 -9.5775 -0.684506 0.0219325 0.728679 100.7
0.730924 0.0436706 0.681059 134.611 -0.0180681 0.998839 -0.0446561 -9.62374 -0.68222 0.0203348 0.730865 101.375
0.732075 0.0416738 0.679947 135.242 -0.0172386 0.998941 -0.0426646 -9.66877 -0.681006 0.0195125 0.732019 102.053
0.732909 0.0379556 0.679266 135.874 -0.0135701 0.99906 -0.0411831 -9.71227 -0.680192 0.0209658 0.732735 102.731
0.733164 0.036882 0.67905 136.503 -0.0134788 0.99912 -0.0397133 -9.75368 -0.679919 0.0199637 0.733017 103.416
0.731921 0.0379211 0.680332 137.133 -0.0147735 0.999099 -0.0397949 -9.79514 -0.68123 0.0190759 0.731822 104.099
0.731972 0.0389537 0.680219 137.764 -0.0163325 0.999081 -0.0396385 -9.8363 -0.681139 0.0179047 0.731936 104.782
0.729932 0.0419635 0.682229 138.396 -0.0192214 0.998979 -0.0408811 -9.87894 -0.68325 0.0167271 0.729994 105.464
0.728732 0.0443506 0.683361 139.027 -0.0221361 0.998905 -0.0412236 -9.9198 -0.684442 0.0149141 0.728916 106.151
0.726053 0.0454889 0.686131 139.661 -0.0240599 0.998879 -0.0407634 -9.95928 -0.687218 0.0130883 0.726335 106.837
0.723373 0.0472408 0.688838 140.299 -0.0267617 0.998826 -0.0403964 -9.99856 -0.689939 0.0107873 0.723789 107.52
0.720626 0.0477831 0.691674 140.939 -0.0286728 0.998823 -0.0391288 -10.037 -0.692731 0.00836509 0.721149 108.201
0.718859 0.0458347 0.693643 141.581 -0.0288241 0.998931 -0.0361356 -10.0729 -0.694559 0.00598279 0.719412 108.881
0.715978 0.043794 0.696747 142.225 -0.0264869 0.999016 -0.035575 -10.1085 -0.69762 0.00701633 0.716434 109.554
0.713958 0.0459092 0.698681 142.871 -0.0264926 0.998905 -0.0385645 -10.1497 -0.699688 0.00902357 0.714393 110.225
0.708701 0.0549135 0.703368 143.504 -0.0319102 0.998441 -0.0457982 -10.185 -0.704787 0.0100127 0.709349 110.88
0.705856 0.0611721 0.705708 144.142 -0.0358481 0.998073 -0.0506591 -10.2285 -0.707448 0.0104598 0.706689 111.537
0.702191 0.0590958 0.709531 144.783 -0.0354342 0.998215 -0.0480721 -10.2697 -0.711107 0.00861426 0.703033 112.191
0.699302 0.0594228 0.712352 145.427 -0.0416183 0.998233 -0.0424144 -10.3053 -0.713615 1.36575e-05 0.70054 112.842
0.695517 0.0578209 0.716178 146.071 -0.0424798 0.998323 -0.0393455 -10.3487 -0.717253 -0.0030576 0.696807 113.485
0.692747 0.0581374 0.718832 146.719 -0.0434486 0.9983 -0.038868 -10.392 -0.719871 -0.00430645 0.694096 114.126
0.689855 0.0560293 0.721775 147.37 -0.0403172 0.998427 -0.0389707 -10.4344 -0.722824 -0.00221578 0.69103 114.763
0.686828 0.0546816 0.724759 148.027 -0.0376151 0.998504 -0.0396886 -10.4774 -0.725846 -2.55374e-06 0.687858 115.392
0.68411 0.055165 0.727288 148.687 -0.0361154 0.998475 -0.0417632 -10.5224 -0.728484 0.00230435 0.68506 116.018
0.680756 0.055977 0.730367 149.349 -0.0352915 0.998425 -0.0436271 -10.5688 -0.73166 0.00392373 0.68166 116.641
0.676596 0.0540347 0.734368 150.014 -0.0327012 0.998525 -0.0433426 -10.6146 -0.735628 0.00531076 0.677366 117.259
0.672532 0.0536387 0.738121 150.684 -0.0329557 0.998552 -0.0425366 -10.6585 -0.739335 0.00428193 0.673326 117.873
0.667576 0.0546139 0.742534 151.358 -0.0336503 0.9985 -0.0431869 -10.7028 -0.743781 0.00384409 0.668414 118.482
0.661103 0.0554786 0.74824 152.028 -0.0345035 0.998456 -0.0435454 -10.7473 -0.749501 0.00297122 0.661998 119.087
0.656516 0.0584675 0.752042 152.704 -0.0344335 0.998275 -0.0475511 -10.7952 -0.753526 0.00532269 0.657398 119.69
0.651014 0.0629672 0.756448 153.385 -0.0365494 0.997998 -0.0516187 -10.8405 -0.758185 0.00595685 0.652013 120.29
0.643832 0.0646757 0.762428 154.072 -0.03675 0.997885 -0.0536157 -10.8909 -0.764284 0.00650034 0.644848 120.877
0.638815 0.0595878 0.767048 154.775 -0.0360603 0.99822 -0.0475143 -10.9336 -0.768515 0.00269294 0.639828 121.472
0.632199 0.0557566 0.772796 155.482 -0.0394458 0.99843 -0.0397664 -10.9644 -0.773802 -0.00534326 0.633407 122.069
0.624842 0.0511787 0.77907 156.199 -0.0384615 0.998656 -0.034756 -11.0076 -0.779803 -0.00824719 0.625972 122.662
0.618169 0.0519106 0.784328 156.923 -0.0419078 0.998574 -0.0330606 -11.049 -0.784927 -0.0124324 0.619464 123.251
0.610038 0.0525545 0.790626 157.651 -0.0414529 0.998549 -0.0343908 -11.0896 -0.791287 -0.011794 0.611332 123.827
0.602876 0.0524743 0.796106 158.385 -0.0360298 0.998608 -0.0385371 -11.1388 -0.797021 -0.00545034 0.603929 124.39
0.595942 0.0587141 0.800877 159.128 -0.0354255 0.998275 -0.0468252 -11.187 -0.802246 -0.000466248 0.596995 124.948
0.588819 0.0598689 0.806043 159.874 -0.0330853 0.998203 -0.0499725 -11.2413 -0.807588 0.00275664 0.589743 125.497
0.581285 0.0579551 0.811632 160.627 -0.0310405 0.998314 -0.0490541 -11.2927 -0.813108 0.00332101 0.582105 126.039
0.574018 0.0532292 0.81711 161.385 -0.0278229 0.998577 -0.045505 -11.3413 -0.81837 0.00338641 0.574683 126.575
0.566789 0.0529966 0.822156 162.148 -0.0288426 0.998594 -0.0444859 -11.389 -0.823358 0.00150112 0.567521 127.104
0.559522 0.0538055 0.827066 162.915 -0.0291681 0.998551 -0.0452289 -11.4374 -0.828302 0.00118266 0.560282 127.627
0.55333 0.0529821 0.831274 163.685 -0.0268284 0.998591 -0.045788 -11.4861 -0.83253 0.00303421 0.553973 128.143
0.548044 0.0486147 0.835035 164.452 -0.0236282 0.998811 -0.042642 -11.5372 -0.836116 0.00363934 0.548542 128.649
0.542444 0.0467126 0.838791 165.22 -0.0221321 0.998901 -0.0413163 -11.5844 -0.839801 0.0038476 0.542882 129.149
0.538796 0.0453218 0.841215 165.975 -0.0225274 0.99897 -0.0393923 -11.6298 -0.842136 0.00227409 0.539263 129.64
0.533927 0.0468126 0.844233 166.732 -0.0234771 0.998902 -0.040541 -11.6766 -0.845205 0.00182586 0.53444 130.127
