1 0 0 0 0 1 0 0 0 0 1 0
1 -0.000494182 -0.000323747 -0.00562367 0.00049446 1 0.00085931 0.00378654 0.000323322 -0.00085947 1 1.30323
0.999999 -0.00109119 7.86948e-05 -0.00975247 0.00109109 0.999999 0.00129226 -0.00169283 -8.01048e-05 -0.00129217 0.999999 2.60437
0.999998 -0.00173509 -0.000830169 -0.0148732 0.00173582 0.999998 0.000881987 -0.0133393 0.000828637 -0.000883426 0.999999 3.92226
0.999998 -0.00181043 0.000244346 -0.0189024 0.00181025 0.999998 0.000757859 -0.0245284 -0.000245718 -0.000757416 1 5.23765
0.999997 -0.00243369 -0.000434637 -0.0252712 0.00243434 0.999996 0.00150167 -0.0310747 0.000430981 -0.00150273 0.999999 6.56267
0.999994 -0.0035676 -0.000381098 -0.0310495 0.00356844 0.999991 0.00224539 -0.0371752 0.000373084 -0.00224674 0.999997 7.88795
0.999994 -0.00342616 0.000281701 -0.0360118 0.00342549 0.999991 0.00236025 -0.0430595 -0.000289785 -0.00235927 0.999997 9.21317
0.999995 -0.00318993 -0.000766494 -0.0416411 0.00319066 0.999995 0.000959998 -0.0514213 0.000763427 -0.000962439 0.999999 10.5444
1 -0.000795561 8.23456e-05 -0.0475901 0.000795596 1 -0.000438573 -0.0617576 -8.19968e-05 0.000438638 1 11.8708
0.999998 0.00177465 -0.000319435 -0.057272 -0.00177515 0.999997 -0.00155857 -0.0769101 0.000316668 0.00155913 0.999999 13.215
0.999991 0.00410492 -0.00040494 -0.068201 -0.00410563 0.99999 -0.00176092 -0.0920255 0.000397707 0.00176257 0.999998 14.558
0.999989 0.00463912 0.000564242 -0.0772427 -0.00463847 0.999989 -0.00114329 -0.106938 -0.000569539 0.00114066 0.999999 15.8979
0.999995 0.00302042 0.000423248 -0.0772431 -0.00302077 0.999995 0.000828643 -0.12261 -0.000420744 -0.000829918 0.999999 17.2468
0.999998 -0.00113827 0.00138338 -0.0741909 0.00113355 0.999994 0.00340647 -0.131717 -0.00138725 -0.0034049 0.999993 18.5908
0.999996 -0.00259835 0.000546202 -0.0694727 0.00259747 0.999995 0.00159525 -0.148285 -0.000550344 -0.00159383 0.999999 19.9401
0.999991 -0.00386219 0.00172251 -0.0633096 0.00386176 0.999992 0.000254982 -0.154147 -0.00172348 -0.000248328 0.999998 21.2823
0.999995 -0.00272311 0.00149573 -0.0608011 0.00272342 0.999996 -0.000203902 -0.159458 -0.00149517 0.000207974 0.999999 22.6363
0.999997 -0.000812058 0.00236642 -0.0651249 0.000812103 1 -1.80191e-05 -0.154743 -0.0023664 1.99403e-05 0.999997 23.9915
0.999991 -0.000811193 0.00426704 -0.0698514 0.000792307 0.99999 0.00442556 -0.148326 -0.00427059 -0.00442213 0.999981 25.3407
0.99999 -0.00254486 0.00354645 -0.0624004 0.00252618 0.999983 0.00526217 -0.15074 -0.00355978 -0.00525317 0.99998 26.713
0.999975 -0.00553203 0.00437748 -0.0586672 0.0055067 0.999968 0.00577694 -0.170907 -0.00440929 -0.00575269 0.999974 28.0705
0.999978 -0.0056586 0.00352567 -0.0602062 0.00564734 0.999979 0.00319554 -0.185055 -0.00354368 -0.00317556 0.999989 29.4405
0.999973 -0.00550516 0.00491206 -0.0599726 0.00549242 0.999981 0.00260482 -0.200024 -0.00492631 -0.00257777 0.999985 30.8105
0.999985 -0.00302375 0.00465732 -0.0669528 0.00301993 0.999995 0.000826033 -0.213105 -0.00465979 -0.000811956 0.999989 32.1999
0.999984 -0.00237069 0.00507221 -0.0716298 0.00237258 0.999997 -0.000366636 -0.232804 -0.00507132 0.000378664 0.999987 33.5881
0.999982 -0.00203275 0.00569402 -0.0703167 0.00203582 0.999998 -0.000534596 -0.253605 -0.00569292 0.000546178 0.999984 34.9742
0.999986 -0.00222286 0.00480059 -0.0721562 0.00221848 0.999997 0.000917094 -0.27436 -0.00480261 -0.000906432 0.999988 36.3634
0.999985 -0.00169757 0.00520514 -0.0733713 0.00168364 0.999995 0.00267805 -0.292528 -0.00520966 -0.00266924 0.999983 37.7526
0.999989 0.000811518 0.00460691 -0.0750833 -0.000823433 0.999996 0.002585 -0.310101 -0.0046048 -0.00258876 0.999986 39.149
0.999983 0.00283113 0.00503003 -0.0763869 -0.00284236 0.999994 0.00222626 -0.328104 -0.00502369 -0.00224052 0.999985 40.5452
0.999973 0.00466775 0.00567663 -0.0771022 -0.00468056 0.999987 0.00224501 -0.345655 -0.00566607 -0.00227152 0.999981 41.9419
0.999976 0.00527192 0.00456189 -0.0794366 -0.00528204 0.999984 0.002208 -0.363269 -0.00455017 -0.00223205 0.999987 43.3387
0.999976 0.00387125 0.00574189 -0.0801149 -0.00389164 0.999986 0.00354346 -0.378706 -0.00572809 -0.00356572 0.999977 44.7357
0.999986 0.00296824 0.00443947 -0.0823997 -0.00297899 0.999993 0.0024159 -0.395757 -0.00443227 -0.00242909 0.999987 46.1328
0.999986 0.00298699 0.00437557 -0.0844806 -0.00300096 0.99999 0.00318917 -0.405047 -0.004366 -0.00320226 0.999985 47.5396
0.999989 0.00372354 0.00267471 -0.0854699 -0.00373174 0.999988 0.00306526 -0.415369 -0.00266327 -0.00307521 0.999992 48.9523
0.999993 0.00345644 0.00161584 -0.0882199 -0.00346263 0.999987 0.00384022 -0.424489 -0.00160255 -0.00384579 0.999991 50.3653
0.999988 0.00451686 0.00161766 -0.0897954 -0.00452264 0.999983 0.00358992 -0.43567 -0.00160142 -0.0035972 0.999992 51.7787
0.999991 0.00416299 3.4158e-05 -0.0937939 -0.0041631 0.999982 0.00440371 -0.445649 -1.58253e-05 -0.00440382 0.99999 53.1921
0.999996 0.00270526 0.000339841 -0.0966792 -0.00270707 0.999982 0.00542363 -0.453891 -0.000325163 -0.00542453 0.999985 54.6117
0.999998 0.00191084 -0.000704604 -0.100982 -0.00190687 0.999982 0.00559678 -0.462016 0.000715286 -0.00559542 0.999984 56.0314
0.999999 0.000290585 -0.00120276 -0.105733 -0.000284738 0.999988 0.00485974 -0.471576 0.00120416 -0.00485939 0.999987 57.4524
1 -0.000935393 -0.000134022 -0.108872 0.00093613 0.999984 0.00562836 -0.480029 0.000128754 -0.00562848 0.999984 58.8731
0.999998 -0.00216021 -0.000237851 -0.112117 0.00216158 0.99998 0.00592487 -0.4879 0.000225047 -0.00592537 0.999982 60.2937
0.999995 -0.00294268 0.00120334 -0.113243 0.00293454 0.999973 0.00670475 -0.497925 -0.00122304 -0.00670119 0.999977 61.7119
0.999994 -0.00322592 0.00103687 -0.111031 0.00321854 0.99997 0.00703512 -0.509287 -0.00105954 -0.00703174 0.999975 63.1304
0.999985 -0.00531036 0.00134897 -0.108516 0.0053026 0.99997 0.00569243 -0.522209 -0.00137916 -0.00568519 0.999983 64.549
0.999981 -0.00540742 0.0028356 -0.114816 0.00539094 0.999969 0.00578482 -0.532559 -0.00286679 -0.00576943 0.999979 65.9623
0.999987 -0.00402747 0.00295721 -0.120642 0.00400896 0.999972 0.00623801 -0.542999 -0.00298225 -0.00622608 0.999976 67.3752
0.999991 -0.000943875 0.00403965 -0.125107 0.000911445 0.999967 0.00802179 -0.5509 -0.00404709 -0.00801804 0.999959 68.7883
0.999991 0.00144838 0.00390767 -0.129258 -0.00148136 0.999963 0.00845009 -0.557952 -0.00389528 -0.00845581 0.999956 70.2023
0.99998 0.00387115 0.00505597 -0.133859 -0.00391889 0.999947 0.00946646 -0.567269 -0.00501906 -0.00948609 0.999942 71.6139
0.999962 0.00701541 0.00525527 -0.138315 -0.00706345 0.999933 0.00917882 -0.576876 -0.00519052 -0.00921559 0.999944 73.0253
0.99994 0.00947846 0.00551516 -0.143127 -0.00952507 0.999918 0.00848841 -0.586675 -0.00543425 -0.00854044 0.999949 74.4365
0.999915 0.0111999 0.00673504 -0.145762 -0.0112608 0.999895 0.00906426 -0.595843 -0.00663282 -0.00913933 0.999936 75.8474
0.999917 0.0110747 0.00661792 -0.148483 -0.0111359 0.999895 0.00928519 -0.604462 -0.0065144 -0.00935811 0.999935 77.2574
0.999926 0.00969481 0.0073808 -0.142929 -0.00975966 0.999913 0.00880154 -0.612967 -0.00729483 -0.00887293 0.999934 78.6516
0.999942 0.00833813 0.00687633 -0.138152 -0.00839411 0.999931 0.00815263 -0.622257 -0.00680788 -0.00820988 0.999943 80.0456
0.999948 0.0079898 0.0064023 -0.133942 -0.00803711 0.99994 0.00739847 -0.632466 -0.00634281 -0.00744954 0.999952 81.4398
0.999949 0.00745882 0.00683047 -0.130262 -0.00750852 0.999945 0.00727947 -0.641131 -0.0067758 -0.00733039 0.99995 82.8276
0.999945 0.00866235 0.00593598 -0.127939 -0.0087046 0.999936 0.00712969 -0.653009 -0.00587385 -0.00718097 0.999957 84.2197
0.99995 0.00820797 0.00572405 -0.126277 -0.00824989 0.999939 0.00733842 -0.661046 -0.00566347 -0.00738528 0.999956 85.6046
0.999967 0.00685052 0.0044465 -0.126499 -0.00688667 0.999943 0.00816457 -0.667703 -0.00439032 -0.00819492 0.999956 86.9898
0.99998 0.00545567 0.00332511 -0.127054 -0.00548391 0.999948 0.00854379 -0.673937 -0.00327833 -0.00856186 0.999958 88.3744
0.999991 0.00339813 0.00273652 -0.12821 -0.00342273 0.999953 0.00903472 -0.67941 -0.00270569 -0.00904401 0.999955 89.7586
0.999997 0.00206596 0.00164418 -0.130752 -0.00208098 0.999955 0.00918947 -0.684498 -0.00162512 -0.00919286 0.999956 91.1428
0.999999 0.000808658 0.00148778 -0.133965 -0.000822129 0.999958 0.00907444 -0.6901 -0.00148039 -0.00907565 0.999957 92.5236
1 -0.000100248 0.000845041 -0.137975 9.22086e-05 0.999955 0.00950554 -0.695158 -0.000845959 -0.00950546 0.999954 93.9044
0.999999 0.00123126 0.00123185 -0.14205 -0.00124266 0.999956 0.00929733 -0.701866 -0.00122035 -0.00929885 0.999956 95.2776
0.999998 0.00181743 0.00102167 -0.146472 -0.00182665 0.999957 0.00910425 -0.708881 -0.00100508 -0.0091061 0.999958 96.6507
0.999997 0.00192919 0.00135432 -0.151625 -0.00194147 0.999956 0.00912645 -0.717061 -0.00133666 -0.00912906 0.999957 98.0211
0.999994 0.00273371 0.00210835 -0.159773 -0.00275278 0.999955 0.00909243 -0.719589 -0.0020834 -0.00909818 0.999956 99.3839
0.999993 0.00313968 0.00218731 -0.167121 -0.00316107 0.999946 0.00984248 -0.722099 -0.00215629 -0.00984933 0.999949 100.746
0.999989 0.00331179 0.00335485 -0.171979 -0.00334577 0.999943 0.0101745 -0.721256 -0.00332096 -0.0101856 0.999942 102.096
0.999987 0.003968 0.00330647 -0.175064 -0.00400112 0.999941 0.0100699 -0.724108 -0.00326632 -0.010083 0.999943 103.456
0.999986 0.00395397 0.00369647 -0.178021 -0.00398475 0.999957 0.00835582 -0.729258 -0.00366327 -0.00837044 0.999958 104.813
0.99998 0.00412546 0.00474129 -0.180301 -0.00415973 0.999965 0.00723885 -0.735198 -0.00471126 -0.00725844 0.999962 106.152
0.999984 0.00242414 0.00511649 -0.178021 -0.00246606 0.999963 0.00820235 -0.738449 -0.00509642 -0.00821484 0.999953 107.508
0.999977 8.54211e-05 0.00673848 -0.173992 -0.00014831 0.999956 0.00933242 -0.740024 -0.00673739 -0.00933321 0.999933 108.843
0.999968 -0.00124724 0.00786771 -0.169431 0.00117327 0.999955 0.00939807 -0.742771 -0.00787908 -0.00938855 0.999924 110.194
0.999959 -0.00157983 0.00897865 -0.162939 0.00150108 0.99996 0.00877097 -0.746601 -0.00899215 -0.00875714 0.999921 111.538
0.999941 -0.000147126 0.0108608 -0.15628 6.6958e-05 0.999973 0.00738113 -0.752305 -0.0108616 -0.00737998 0.999913 112.866
0.999925 0.00204872 0.0120622 -0.149036 -0.00212227 0.999979 0.0060882 -0.763029 -0.0120495 -0.00611335 0.999908 114.214
0.99989 0.00304344 0.0145136 -0.141688 -0.00312759 0.999978 0.00577813 -0.784155 -0.0144957 -0.0058229 0.999878 115.544
0.999863 0.00399176 0.0160904 -0.131642 -0.00411949 0.99996 0.00791301 -0.797251 -0.0160582 -0.00797821 0.999839 116.895
0.999831 0.00332918 0.0180682 -0.118703 -0.00350962 0.999944 0.00996392 -0.807112 -0.018034 -0.0100257 0.999787 118.229
0.999821 0.00234204 0.0187643 -0.0994469 -0.00254549 0.999938 0.0108256 -0.821981 -0.0187377 -0.0108715 0.999765 119.583
0.999797 0.00206202 0.020056 -0.0780696 -0.00227268 0.999942 0.010486 -0.836087 -0.0200332 -0.0105295 0.999744 120.936
0.999744 0.00259372 0.0224815 -0.0577894 -0.0028304 0.999941 0.0105021 -0.855183 -0.0224529 -0.0105631 0.999692 122.271
0.999724 0.00384671 0.0231755 -0.03635 -0.00406927 0.999946 0.00956363 -0.870267 -0.0231374 -0.0096553 0.999685 123.627
0.999674 0.00283585 0.0253685 -0.0122521 -0.00306297 0.999955 0.00891851 -0.893152 -0.0253421 -0.00899331 0.999638 124.965
0.999659 0.00276866 0.0259842 0.0126119 -0.00299253 0.999959 0.00858039 -0.911852 -0.0259593 -0.00865523 0.999625 126.32
0.999632 -0.000629977 0.0271099 0.0449733 0.000385327 0.999959 0.00902851 -0.935012 -0.0271145 -0.00901475 0.999591 127.669
0.999572 -0.00203263 0.0291983 0.0773496 0.00175912 0.999954 0.00938992 -0.952288 -0.029216 -0.00933454 0.999529 129.001
0.99955 -0.00462168 0.0296463 0.111632 0.00432132 0.999939 0.0101874 -0.971046 -0.0296915 -0.0100548 0.999508 130.357
0.9995 -0.00637141 0.0309765 0.147195 0.00604371 0.999925 0.010661 -0.992208 -0.031042 -0.0104684 0.999463 131.703
0.99949 -0.00776702 0.0309621 0.18428 0.00743746 0.999915 0.0107448 -1.00435 -0.0310429 -0.0105091 0.999463 133.067
0.999471 -0.0104774 0.0308031 0.221323 0.0101589 0.999893 0.01048 -1.02183 -0.0309096 -0.0101615 0.99947 134.427
0.999428 -0.0133248 0.0310884 0.262316 0.0130169 0.999864 0.0100845 -1.04222 -0.0312186 -0.00967408 0.999465 135.78
0.999457 -0.0141675 0.0297531 0.29841 0.0138635 0.99985 0.0103979 -1.05368 -0.029896 -0.00997978 0.999503 137.143
0.999447 -0.0153354 0.0295201 0.336255 0.0150249 0.99983 0.0107124 -1.05914 -0.0296794 -0.010263 0.999506 138.493
0.999451 -0.0168784 0.0284955 0.370772 0.0165861 0.999807 0.010465 -1.06396 -0.0286666 -0.00998664 0.999539 139.856
0.999462 -0.0171126 0.0279741 0.405793 0.0168388 0.999808 0.00999293 -1.06789 -0.0281397 -0.00951651 0.999558 141.217
0.9995 -0.0171921 0.0265489 0.435621 0.016923 0.999803 0.0103271 -1.06725 -0.0267212 -0.00987265 0.999594 142.585
0.99952 -0.0173333 0.0256703 0.463236 0.0170823 0.999804 0.00996212 -1.06596 -0.025838 -0.00951883 0.99962 143.95
0.999502 -0.0183352 0.0256786 0.491823 0.0181367 0.999804 0.00794291 -1.06985 -0.0258192 -0.00747324 0.999638 145.302
0.999455 -0.022574 0.0240997 0.520753 0.022401 0.999721 0.00742551 -1.07795 -0.0242606 -0.00688161 0.999682 146.659
0.999291 -0.0290748 0.0239131 0.56121 0.02885 0.999537 0.00969187 -1.07841 -0.0241838 -0.00899511 0.999667 148.009
0.999138 -0.0350297 0.0222618 0.601927 0.034806 0.99934 0.0103609 -1.07533 -0.02261 -0.00957709 0.999698 149.367
0.999082 -0.0371089 0.0213898 0.641054 0.0369494 0.999286 0.00780345 -1.07569 -0.0216641 -0.00700595 0.99974 150.725
0.999086 -0.0364341 0.0223327 0.669683 0.0363289 0.999327 0.00509968 -1.08265 -0.0225034 -0.00428371 0.999737 152.078
0.999172 -0.0336463 0.0228823 0.689485 0.0335843 0.999431 0.00308823 -1.08722 -0.0229732 -0.00231719 0.999733 153.432
0.999138 -0.0336704 0.0242915 0.716823 0.0336154 0.999431 0.00266966 -1.09683 -0.0243676 -0.0018508 0.999701 154.784
0.999066 -0.0356696 0.0243776 0.744332 0.0355758 0.999357 0.00427152 -1.10438 -0.0245143 -0.00340029 0.999693 156.136
0.998869 -0.0402167 0.0253761 0.780548 0.0400589 0.999174 0.00669735 -1.11083 -0.0256245 -0.00567324 0.999655 157.485
0.998724 -0.0434754 0.0256827 0.81744 0.0432725 0.999028 0.00840385 -1.11445 -0.0260231 -0.00728178 0.999635 158.834
0.998667 -0.0449089 0.0254442 0.854052 0.0447105 0.998965 0.00831372 -1.11844 -0.0257912 -0.00716503 0.999641 160.182
0.998663 -0.0439289 0.0272471 0.885648 0.0437016 0.999005 0.00888029 -1.10883 -0.0276101 -0.00767769 0.999589 161.522
0.998756 -0.0409593 0.0284504 0.910142 0.0407354 0.999134 0.00840454 -1.108 -0.02877 -0.00723515 0.99956 162.873
0.998784 -0.0391048 0.0300058 0.937166 0.0389328 0.999222 0.00629564 -1.10398 -0.0302287 -0.00511979 0.99953 164.224
0.998865 -0.036322 0.0308199 0.964514 0.0361693 0.99933 0.0054993 -1.10862 -0.030999 -0.00437833 0.99951 165.584
0.998861 -0.0359095 0.0314298 0.996863 0.0357576 0.999346 0.00538225 -1.11107 -0.0316025 -0.00425227 0.999491 166.944
0.998879 -0.0347302 0.0321752 1.03278 0.0345728 0.999387 0.0054338 -1.11384 -0.0323442 -0.00431533 0.999467 168.298
0.998961 -0.0327652 0.0316891 1.06845 0.0326565 0.999458 0.00394082 -1.11643 -0.0318011 -0.00290187 0.99949 169.664
0.999032 -0.0300142 0.0321691 1.10338 0.0299848 0.999549 0.00139513 -1.12353 -0.0321965 -0.0004292 0.999481 171.028
0.999178 -0.0251569 0.0317987 1.13224 0.0251642 0.999683 0.000172357 -1.13076 -0.031793 0.000627966 0.999494 172.403
0.999215 -0.0230747 0.0322122 1.16156 0.0230633 0.999733 0.000725638 -1.13655 -0.0322204 1.78458e-05 0.999481 173.778
0.999178 -0.0233656 0.0331424 1.19353 0.0233175 0.999726 0.001836 -1.13817 -0.0331763 -0.00106169 0.999449 175.151
0.999225 -0.0216957 0.0328517 1.22865 0.0215796 0.999759 0.00388528 -1.14432 -0.0329281 -0.00317335 0.999452 176.538
0.999182 -0.0245718 0.0321125 1.26611 0.0244425 0.999691 0.00441344 -1.15152 -0.0322111 -0.00362493 0.999474 177.925
0.999219 -0.0254723 0.0302251 1.30889 0.0253574 0.999669 0.00417812 -1.16154 -0.0303216 -0.00340843 0.999534 179.318
0.99925 -0.025079 0.0295161 1.34498 0.0250637 0.999685 0.000887117 -1.17371 -0.029529 -0.000146675 0.999564 180.698
0.99931 -0.0243222 0.0280892 1.37745 0.0244062 0.999698 -0.00265135 -1.18605 -0.0280163 0.00333506 0.999602 182.081
0.999355 -0.0228906 0.0276847 1.40885 0.0230289 0.999723 -0.00468684 -1.18896 -0.0275698 0.00532136 0.999605 183.466
0.999397 -0.0203006 0.0281784 1.43708 0.0204503 0.999778 -0.00503376 -1.20337 -0.02807 0.00560697 0.99959 184.841
0.999442 -0.0190331 0.027459 1.47056 0.0191461 0.999809 -0.00385796 -1.22079 -0.0273803 0.00438153 0.999615 186.246
0.999394 -0.0203708 0.028214 1.50428 0.020447 0.999788 -0.00241586 -1.23155 -0.0281588 0.00299129 0.999599 187.644
0.999394 -0.0217535 0.027172 1.54099 0.021811 0.99976 -0.00181939 -1.23782 -0.0271259 0.00241093 0.999629 189.059
0.999387 -0.0222351 0.0270365 1.57542 0.0222755 0.999751 -0.00119177 -1.24628 -0.0270033 0.00179329 0.999634 190.47
0.999352 -0.0234218 0.0273398 1.60965 0.0234493 0.999724 -0.000682658 -1.26457 -0.0273163 0.00132331 0.999626 191.864
0.999381 -0.0229655 0.0266581 1.64753 0.0229713 0.999736 8.60366e-05 -1.2927 -0.026653 0.000526381 0.999644 193.285
0.999332 -0.024261 0.0273393 1.6874 0.0242288 0.999705 0.00151012 -1.31171 -0.0273679 -0.00084672 0.999625 194.686
0.999283 -0.0270012 0.0265428 1.72883 0.026917 0.999631 0.00352774 -1.3314 -0.0266282 -0.00281077 0.999641 196.113
0.99923 -0.0284281 0.027026 1.76631 0.0283139 0.999588 0.00459743 -1.35025 -0.0271456 -0.00382869 0.999624 197.514
0.999287 -0.0271461 0.0262361 1.79548 0.0271259 0.999631 0.00112778 -1.36602 -0.0262571 -0.000415306 0.999655 198.938
0.999445 -0.0203195 0.0264145 1.82161 0.020375 0.99979 -0.00183332 -1.38622 -0.0263717 0.00237049 0.999649 200.364
0.999518 -0.0144523 0.0274834 1.84396 0.0144751 0.999894 -0.000630079 -1.40429 -0.0274714 0.00102759 0.999622 201.775
0.999575 -0.00982583 0.0274285 1.85579 0.00979737 0.999951 0.00117209 -1.42242 -0.0274387 -0.000902872 0.999623 203.213
0.999571 -0.00874532 0.0279523 1.88609 0.00862515 0.999952 0.00441724 -1.43742 -0.0279896 -0.00417426 0.999599 204.631
0.999596 -0.00993775 0.0266448 1.92192 0.00982538 0.999942 0.00434544 -1.45315 -0.0266864 -0.00408189 0.999635 206.073
0.999614 -0.0114466 0.0253272 1.95624 0.0113401 0.999926 0.0043452 -1.46896 -0.0253751 -0.00405632 0.999669 207.514
0.99961 -0.0136676 0.0243274 1.98735 0.0135653 0.999898 0.00436409 -1.48198 -0.0243845 -0.00403239 0.999694 208.954
0.999631 -0.0148335 0.0227737 2.0132 0.0147472 0.999883 0.00395304 -1.48786 -0.0228297 -0.00361574 0.999733 210.409
0.999624 -0.0158557 0.0223773 2.02935 0.0157701 0.999867 0.00399827 -1.50496 -0.0224378 -0.00364388 0.999741 211.849
0.999673 -0.0145115 0.0210513 2.04815 0.0144255 0.999886 0.00423312 -1.52203 -0.0211103 -0.00392808 0.999769 213.304
0.999658 -0.0167738 0.0200799 2.06984 0.0166876 0.99985 0.00445246 -1.54751 -0.0201516 -0.00411586 0.999788 214.76
0.999669 -0.0167182 0.0195684 2.09709 0.0166422 0.999853 0.00404131 -1.56703 -0.0196331 -0.00371432 0.9998 216.206
0.999693 -0.0169318 0.0180801 2.11926 0.0168657 0.99985 0.00380162 -1.58545 -0.0181418 -0.00349552 0.999829 217.668
0.999705 -0.0168578 0.0174892 2.14252 0.0168001 0.999852 0.00344489 -1.60066 -0.0175447 -0.00315006 0.999841 219.122
0.999682 -0.0193296 0.0162105 2.16052 0.019264 0.999805 0.00419086 -1.62061 -0.0162883 -0.00387726 0.99986 220.583
0.999668 -0.0200761 0.0161132 2.17865 0.0200131 0.999791 0.0040629 -1.64069 -0.0161914 -0.00373909 0.999862 222.045
0.999682 -0.0203636 0.0148526 2.1949 0.020312 0.999786 0.0036186 -1.66049 -0.0149231 -0.00331577 0.999883 223.508
0.999694 -0.0203028 0.0141268 2.21011 0.0202578 0.999788 0.00332005 -1.6789 -0.0141912 -0.00303287 0.999894 224.975
0.999724 -0.0189359 0.0139034 2.22451 0.0188962 0.999816 0.00298351 -1.69754 -0.0139573 -0.00271998 0.999899 226.441
0.999732 -0.0191072 0.0130824 2.23705 0.0190661 0.999812 0.00326618 -1.71652 -0.0131423 -0.00301589 0.999909 227.91
0.999731 -0.0191278 0.0131308 2.24992 0.0191001 0.999814 0.00223195 -1.73717 -0.0131711 -0.00198056 0.999911 229.379
0.999734 -0.0191162 0.012921 2.26309 0.0190824 0.999813 0.00273295 -1.75681 -0.0129708 -0.00248566 0.999913 230.848
0.999707 -0.0206034 0.0126563 2.27593 0.0205623 0.999782 0.00337228 -1.77572 -0.012723 -0.00311106 0.999914 232.318
0.999695 -0.0212549 0.0125695 2.28858 0.0212115 0.999768 0.003581 -1.79435 -0.0126427 -0.0033133 0.999914 233.791
0.999694 -0.021799 0.0117181 2.29976 0.0217672 0.999758 0.00283122 -1.81474 -0.011777 -0.00257529 0.999927 235.265
0.999721 -0.0204652 0.0117398 2.31065 0.0204397 0.999788 0.00228732 -1.83562 -0.0117841 -0.00204673 0.999928 236.741
0.999744 -0.0197141 0.0111131 2.32047 0.0196858 0.999802 0.00265202 -1.85634 -0.0111632 -0.00243258 0.999935 238.222
0.999748 -0.0192802 0.0114559 2.33055 0.0192315 0.999805 0.00434767 -1.87417 -0.0115375 -0.00412627 0.999925 239.703
0.999738 -0.0196752 0.0116957 2.34119 0.0196153 0.999793 0.00521575 -1.89077 -0.0117959 -0.00498498 0.999918 241.185
0.999753 -0.0190552 0.0114327 2.35118 0.0190154 0.999812 0.00357691 -1.90912 -0.0114987 -0.00335864 0.999928 242.668
0.999736 -0.0194576 0.0122252 2.36235 0.019433 0.999808 0.00212412 -1.92886 -0.0122642 -0.001886 0.999923 244.152
0.999743 -0.0194678 0.0115568 2.37126 0.0194454 0.999808 0.00205382 -1.94893 -0.0115946 -0.00182858 0.999931 245.639
0.999733 -0.020346 0.0108917 2.37993 0.0203131 0.999788 0.00312647 -1.96562 -0.010953 -0.0029044 0.999936 247.13
0.999755 -0.0194384 0.0105894 2.38813 0.019402 0.999805 0.00352143 -1.98165 -0.0106557 -0.00331512 0.999938 248.62
0.999769 -0.0194393 0.00914615 2.39589 0.0194086 0.999805 0.00343763 -1.9977 -0.00921119 -0.00325933 0.999952 250.115
0.999797 -0.0178643 0.00931195 2.40315 0.0178374 0.999836 0.00295728 -2.01414 -0.00936325 -0.00279059 0.999952 251.611
0.999827 -0.0169393 0.00769229 2.40546 0.0169142 0.999851 0.00330949 -2.02981 -0.0077472 -0.00317882 0.999965 253.119
0.999826 -0.017138 0.00728359 2.41028 0.0171068 0.999844 0.00431351 -2.03584 -0.00735638 -0.00418818 0.999964 254.621
0.999822 -0.0179433 0.00587125 2.41398 0.0179178 0.999829 0.00435863 -2.04319 -0.00594846 -0.00425267 0.999973 256.13
0.999806 -0.0190468 0.00506805 2.42094 0.0190286 0.999812 0.0036266 -2.05699 -0.00513617 -0.00352947 0.999981 257.644
0.999752 -0.0215928 0.00535721 2.42851 0.0215667 0.999755 0.0048994 -2.0681 -0.00546169 -0.00478266 0.999974 259.158
0.99975 -0.021937 0.00435987 2.43259 0.0219195 0.999751 0.00402083 -2.08074 -0.00444699 -0.00392427 0.999982 260.675
0.999732 -0.0226728 0.00453029 2.43662 0.0226611 0.999739 0.00260988 -2.0956 -0.00458827 -0.00250653 0.999986 262.193
0.99968 -0.0248191 0.00483687 2.4446 0.0247968 0.999681 0.00462722 -2.10701 -0.00495017 -0.00450581 0.999978 263.714
0.999625 -0.0268449 0.00543089 2.45223 0.0268093 0.999619 0.00651692 -2.11002 -0.00560376 -0.00636889 0.999964 265.239
0.999556 -0.029139 0.00611999 2.46091 0.0291046 0.99956 0.00563879 -2.11437 -0.00628161 -0.00545818 0.999965 266.764
0.999551 -0.0294068 0.00573322 2.46617 0.0293798 0.999556 0.00473338 -2.12189 -0.00586986 -0.00456283 0.999972 268.289
0.999582 -0.0280508 0.00690934 2.47013 0.0280195 0.999596 0.00457634 -2.12982 -0.00703491 -0.00438084 0.999966 269.82
0.99962 -0.0264602 0.00764912 2.47557 0.0264294 0.999642 0.00409622 -2.13937 -0.00775477 -0.00389251 0.999962 271.35
0.999631 -0.0255906 0.00908297 2.48186 0.0255542 0.999664 0.00410118 -2.14838 -0.00918487 -0.00386757 0.99995 272.879
0.999653 -0.023851 0.0111131 2.48791 0.023799 0.999705 0.00478712 -2.15994 -0.011224 -0.00452099 0.999927 274.411
0.999647 -0.0238361 0.0117181 2.49503 0.0237888 0.999708 0.00416633 -2.1725 -0.011814 -0.00388611 0.999923 275.944
0.99963 -0.0234034 0.0138378 2.50611 0.0233576 0.999721 0.0034585 -2.18723 -0.0139149 -0.00313401 0.999898 277.477
0.999614 -0.0238474 0.0142245 2.52118 0.0237969 0.999709 0.00371023 -2.19897 -0.0143089 -0.00337031 0.999892 279.008
0.999599 -0.0237568 0.0153633 2.53601 0.023692 0.999709 0.00439006 -2.20947 -0.0154631 -0.00402433 0.999872 280.534
0.99951 -0.0258855 0.017577 2.55914 0.0257941 0.999652 0.00540773 -2.22302 -0.0177109 -0.00495171 0.999831 282.063
0.999516 -0.0261602 0.0168271 2.57254 0.0260641 0.999642 0.00590237 -2.23525 -0.0169755 -0.00546094 0.999841 283.602
0.999456 -0.0277073 0.0178915 2.59682 0.0276408 0.999609 0.00395319 -2.24563 -0.017994 -0.00345651 0.999832 285.141
0.999471 -0.0280495 0.0164178 2.61836 0.0280069 0.999603 0.00281643 -2.25841 -0.0164902 -0.00235514 0.999861 286.681
0.999457 -0.0287095 0.0161602 2.63947 0.0286668 0.999584 0.00287204 -2.27107 -0.0162359 -0.00240723 0.999865 288.22
0.999419 -0.0297387 0.0166145 2.6599 0.0296724 0.99955 0.00422558 -2.27969 -0.0167327 -0.00373015 0.999853 289.762
0.999465 -0.0291632 0.0147684 2.67747 0.0291144 0.999569 0.00350703 -2.29149 -0.0148643 -0.00307519 0.999885 291.314
0.999473 -0.0284593 0.0155558 2.69629 0.0284134 0.999591 0.00316377 -2.30378 -0.0156395 -0.00272013 0.999874 292.866
0.999475 -0.0291137 0.0141578 2.70849 0.0290708 0.999571 0.0032298 -2.31676 -0.0142458 -0.00281654 0.999894 294.435
0.999423 -0.0314552 0.0127534 2.71837 0.0314157 0.9995 0.00328748 -2.32963 -0.0128504 -0.00288495 0.999913 296.003
0.999405 -0.0318233 0.0132639 2.73478 0.0317626 0.999483 0.00476221 -2.34301 -0.0134086 -0.0043381 0.9999 297.568
0.999447 -0.0311488 0.0116072 2.74608 0.0310863 0.999501 0.00552801 -2.35359 -0.0117736 -0.00516414 0.999917 299.138
0.999415 -0.031384 0.0135692 2.76034 0.0312981 0.999488 0.00649565 -2.36259 -0.0137661 -0.00606717 0.999887 300.708
0.999376 -0.0325857 0.0136154 2.76992 0.0325051 0.999452 0.0061013 -2.37585 -0.0138068 -0.00565494 0.999888 302.284
0.999303 -0.0345366 0.0141378 2.78773 0.0344569 0.999388 0.00583807 -2.389 -0.0143308 -0.00534687 0.999883 303.864
0.999187 -0.0371727 0.0155679 2.80963 0.0370888 0.999295 0.00563956 -2.40288 -0.0157666 -0.0050576 0.999863 305.445
0.999131 -0.0388173 0.0151682 2.83124 0.0387502 0.999237 0.00469249 -2.41836 -0.0153388 -0.00410066 0.999874 307.027
0.999109 -0.0390629 0.0159652 2.85225 0.0390048 0.999231 0.00393749 -2.42852 -0.0161067 -0.00331127 0.999865 308.621
0.999121 -0.0397817 0.0131863 2.8689 0.0397429 0.999204 0.00319198 -2.43986 -0.0133028 -0.00266512 0.999908 310.216
0.99915 -0.0396893 0.011095 2.8848 0.0396562 0.999208 0.00319047 -2.45001 -0.0112129 -0.00274778 0.999933 311.816
0.999242 -0.0371561 0.0115584 2.89642 0.0370869 0.999292 0.00614825 -2.45428 -0.0117787 -0.00571494 0.999914 313.426
0.999171 -0.0391296 0.0111416 2.91231 0.0390362 0.999201 0.00847808 -2.45502 -0.0114644 -0.00803615 0.999902 315.044
0.999101 -0.0406276 0.0120917 2.92884 0.0405236 0.99914 0.008728 -2.455 -0.0124359 -0.00823017 0.999889 316.664
0.99911 -0.0405584 0.0115218 2.94471 0.040464 0.999146 0.00830685 -2.45926 -0.0118489 -0.00783326 0.999899 318.287
0.99906 -0.0413624 0.0128985 2.96273 0.0412592 0.999114 0.00816375 -2.46371 -0.0132247 -0.00762392 0.999883 319.91
0.999075 -0.0413145 0.0118925 2.97828 0.0412145 0.999113 0.00853219 -2.46752 -0.0122344 -0.00803418 0.999893 321.538
0.999056 -0.0416158 0.0124327 2.99439 0.0415064 0.999098 0.00892556 -2.4715 -0.0127929 -0.00840112 0.999883 323.164
0.999071 -0.0406466 0.0142602 3.01049 0.040527 0.999141 0.00858167 -2.47143 -0.0145967 -0.0079958 0.999861 324.786
0.999086 -0.0402067 0.0144859 3.02706 0.0400963 0.999165 0.00783226 -2.47258 -0.0147887 -0.00724429 0.999864 326.408
0.999013 -0.0413026 0.0162816 3.04575 0.0411532 0.999108 0.00940157 -2.47537 -0.0166554 -0.00872228 0.999823 328.026
0.998976 -0.0425031 0.01544 3.06821 0.0423456 0.999048 0.0103863 -2.4737 -0.0158667 -0.0097219 0.999827 329.652
0.998953 -0.0429947 0.0156123 3.0937 0.0428432 0.999032 0.00990773 -2.47571 -0.0160232 -0.00922849 0.999829 331.264
0.998929 -0.0430329 0.0169937 3.115 0.0428541 0.999023 0.0107508 -2.47738 -0.0174398 -0.010011 0.999798 332.874
0.999017 -0.0414196 0.0157532 3.13762 0.0412823 0.999107 0.00894748 -2.487 -0.0161097 -0.00828838 0.999836 334.493
0.999114 -0.0386734 0.0165707 3.15398 0.0385553 0.999229 0.00738831 -2.50368 -0.0168437 -0.00674289 0.999835 336.098
0.99917 -0.0377339 0.0152962 3.16829 0.0376076 0.999256 0.00846176 -2.51491 -0.0156041 -0.0078795 0.999847 337.706
0.999199 -0.0373023 0.0144611 3.18132 0.0371457 0.999249 0.0109479 -2.52204 -0.0148586 -0.010402 0.999835 339.314
0.999233 -0.0363302 0.0145691 3.19799 0.0361407 0.999261 0.0130665 -2.52594 -0.015033 -0.01253 0.999808 340.913
0.999299 -0.0353456 0.0123052 3.21071 0.0351906 0.999301 0.012597 -2.5306 -0.0127418 -0.0121552 0.999845 342.52
0.999304 -0.0354435 0.0115436 3.22371 0.0353075 0.999307 0.0117816 -2.53593 -0.0119532 -0.0113658 0.999864 344.121
0.999276 -0.0368814 0.00930378 3.23656 0.0367628 0.999244 0.012611 -2.5367 -0.00976185 -0.0122598 0.999877 345.722
0.999247 -0.0379064 0.0082056 3.24869 0.0377957 0.999197 0.0132517 -2.53617 -0.00870133 -0.0129316 0.999878 347.324
0.999252 -0.0376588 0.0087775 3.25702 0.0375454 0.999213 0.0127436 -2.54005 -0.0092505 -0.0124046 0.99988 348.906
0.999258 -0.037715 0.00773597 3.26512 0.0376146 0.999211 0.0127379 -2.54464 -0.00821026 -0.0124375 0.999889 350.506
0.999248 -0.0378105 0.0085348 3.27285 0.0376992 0.999206 0.0128462 -2.54458 -0.00901374 -0.0125148 0.999881 352.087
0.99923 -0.0384034 0.00800071 3.28351 0.0382985 0.999183 0.0128675 -2.54507 -0.00848832 -0.0125512 0.999885 353.683
0.999207 -0.0389895 0.00806151 3.29329 0.0388803 0.999155 0.0132857 -2.54486 -0.00857269 -0.0129618 0.999879 355.277
0.999197 -0.0390344 0.00899644 3.30107 0.038916 0.999158 0.0129797 -2.54568 -0.00949551 -0.0126192 0.999875 356.857
0.999187 -0.0394506 0.00827365 3.31063 0.0393381 0.999136 0.0133468 -2.54816 -0.00879304 -0.0130105 0.999877 358.452
0.999165 -0.0397676 0.00929363 3.31886 0.0396439 0.999127 0.0131375 -2.54358 -0.00980795 -0.0127581 0.99987 360.027
0.999133 -0.0407135 0.00863821 3.33077 0.040598 0.999089 0.0131456 -2.53862 -0.00916553 -0.0127835 0.999876 361.616
0.999067 -0.042301 0.00869367 3.34266 0.0421777 0.999013 0.0139046 -2.53347 -0.00927326 -0.013525 0.999865 363.206
0.999 -0.0435851 0.0099002 3.35561 0.0434319 0.99894 0.0151931 -2.52925 -0.0105519 -0.014748 0.999835 364.782
0.998999 -0.0437842 0.00913166 3.36962 0.0436441 0.998934 0.0150084 -2.52611 -0.00977905 -0.0145949 0.999846 366.38
0.999031 -0.0427891 0.0102303 3.38107 0.0426316 0.998976 0.0151447 -2.51931 -0.0108678 -0.0146939 0.999833 367.966
0.999082 -0.0417273 0.00963196 3.39015 0.0415693 0.999006 0.016063 -2.5068 -0.0102926 -0.0156479 0.999824 369.563
0.99909 -0.0412729 0.0106862 3.3983 0.0410873 0.99901 0.0170407 -2.49413 -0.0113789 -0.0165862 0.999798 371.154
0.999099 -0.0411661 0.0103158 3.41281 0.0409878 0.999016 0.0169352 -2.48577 -0.0110027 -0.0164971 0.999803 372.753
0.999099 -0.0411453 0.0103708 3.42647 0.0409582 0.999004 0.0176506 -2.4761 -0.0110867 -0.0172099 0.99979 374.352
0.999086 -0.0410841 0.0117401 3.43623 0.0408692 0.999002 0.0179922 -2.46403 -0.0124676 -0.0174959 0.999769 375.947
0.999146 -0.0397436 0.0112498 3.44966 0.0395277 0.999041 0.0188026 -2.44127 -0.0119862 -0.0183419 0.99976 377.559
0.999168 -0.0386198 0.0131036 3.45833 0.0383698 0.999086 0.0188196 -2.42103 -0.0138185 -0.0183012 0.999737 379.157
0.99921 -0.037765 0.0123051 3.47393 0.0375209 0.999105 0.0195021 -2.40038 -0.0130305 -0.019025 0.999734 380.781
0.999249 -0.0365844 0.0127346 3.48814 0.0363358 0.999154 0.0192389 -2.38514 -0.0134277 -0.0187618 0.999734 382.4
0.999263 -0.0357718 0.0139048 3.50212 0.0355013 0.999184 0.0192379 -2.37898 -0.0145816 -0.0187301 0.999718 384
0.999324 -0.0344803 0.012688 3.51917 0.0342215 0.999212 0.0200748 -2.37268 -0.0133702 -0.0196271 0.999718 385.619
0.999347 -0.0333096 0.0139924 3.53208 0.0330011 0.999218 0.0217318 -2.36261 -0.0147054 -0.0212559 0.999666 387.228
0.999408 -0.0318728 0.0128973 3.5443 0.0315789 0.99925 0.0223793 -2.34944 -0.0136009 -0.0219588 0.999666 388.855
0.999418 -0.0313954 0.0132815 3.55904 0.031091 0.999262 0.0225334 -2.32935 -0.0139792 -0.0221074 0.999658 390.476
0.999377 -0.0322781 0.0142121 3.57203 0.031952 0.999233 0.0226033 -2.31494 -0.0149308 -0.0221352 0.999644 392.091
