1 0 0 0 0 1 0 0 0 0 1 0
0.999998 2.72688e-05 -0.00210872 -0.00351162 -2.85685e-05 1 -0.000616293 -0.0180762 0.0021087 0.000616352 0.999998 0.561545
0.999997 -0.00102345 -0.00239088 -0.00870485 0.0010201 0.999999 -0.00140341 -0.0297764 0.00239231 0.00140096 0.999996 1.12291
0.99999 -0.00134577 -0.00435138 -0.0146687 0.00133423 0.999996 -0.0026549 -0.036118 0.00435493 0.00264906 0.999987 1.67714
0.999977 -0.0022083 -0.00635902 -0.0191344 0.00218507 0.999991 -0.00365715 -0.0445349 0.00636704 0.00364317 0.999973 2.2324
0.999965 -0.00420154 -0.00728074 -0.0200322 0.00416466 0.999979 -0.00507365 -0.0589229 0.0073019 0.00504314 0.999961 2.79547
0.999946 -0.00515783 -0.00901303 -0.0247522 0.00511021 0.999973 -0.00529907 -0.0696063 0.00904012 0.00525272 0.999945 3.36259
0.999944 -0.00458828 -0.00956046 -0.0305788 0.00454023 0.999977 -0.00504145 -0.0819214 0.00958338 0.00499776 0.999942 3.93396
0.999931 -0.0040585 -0.0110471 -0.0413465 0.00399625 0.999976 -0.00565185 -0.101375 0.0110698 0.00560731 0.999923 4.51644
0.999933 -0.00340299 -0.0110982 -0.0488201 0.00332331 0.999969 -0.00719002 -0.12282 0.0111224 0.00715266 0.999913 5.1031
0.99992 -0.00272738 -0.0123799 -0.0648671 0.00259646 0.999941 -0.0105786 -0.135504 0.012408 0.0105456 0.999867 5.69592
0.999911 -0.00150066 -0.0132382 -0.0804476 0.00132194 0.999908 -0.0134986 -0.149641 0.0132573 0.0134799 0.999821 6.2962
0.999909 -3.24106e-05 -0.0134688 -0.0941265 -0.000149355 0.999909 -0.0134941 -0.163247 0.013468 0.0134949 0.999818 6.91551
0.999888 0.00201688 -0.0148099 -0.111399 -0.00213383 0.999967 -0.00788488 -0.16979 0.0147935 0.0079156 0.999859 7.55556
0.999885 0.00275756 -0.0149173 -0.128239 -0.00274921 0.999996 0.000580159 -0.167785 0.0149189 -0.00053908 0.999889 8.21519
0.999869 0.00341123 -0.0158055 -0.149135 -0.00329845 0.999969 0.00715598 -0.17673 0.0158294 -0.00710291 0.99985 8.88778
0.99985 0.00466993 -0.0166986 -0.166529 -0.00456273 0.999969 0.00645201 -0.188936 0.0167282 -0.00637484 0.99984 9.56592
0.999828 0.00772713 -0.016853 -0.184194 -0.00771902 0.99997 0.000545995 -0.202646 0.0168568 -0.000415809 0.999858 10.2503
0.999807 0.00762266 -0.0181139 -0.204052 -0.0077063 0.99996 -0.0045522 -0.213663 0.0180785 0.00469091 0.999826 10.9589
0.999814 0.00604975 -0.0182998 -0.217303 -0.00610477 0.999977 -0.00295233 -0.222879 0.0182815 0.0030635 0.999828 11.6778
0.999801 0.00513668 -0.0192996 -0.236212 -0.00503967 0.999975 0.00507185 -0.22954 0.0193252 -0.00497357 0.999801 12.4409
0.999812 0.00431591 -0.0188965 -0.252527 -0.00412475 0.99994 0.0101432 -0.230496 0.0189391 -0.0100634 0.99977 13.21
0.999792 0.00467184 -0.0198639 -0.268012 -0.00443229 0.999917 0.0120864 -0.233656 0.0199188 -0.0119958 0.99973 14.0021
0.999795 0.00289762 -0.0200644 -0.284965 -0.00266372 0.999928 0.0116746 -0.243467 0.0200967 -0.0116187 0.999731 14.804
0.999818 0.00398265 -0.018682 -0.30045 -0.00380926 0.99995 0.00930731 -0.259765 0.0187181 -0.00923445 0.999782 15.6123
0.999802 0.00608078 -0.0189624 -0.32132 -0.00595986 0.999962 0.00642691 -0.253232 0.0190007 -0.00631262 0.9998 16.4573
0.99985 0.00349095 -0.0169733 -0.336039 -0.00346018 0.999992 0.00184172 -0.260839 0.0169796 -0.00178271 0.999854 17.3048
0.999858 0.00134478 -0.0167908 -0.350567 -0.00139484 0.999995 -0.00296953 -0.277663 0.0167867 0.00299253 0.999855 18.1686
0.99989 0.00157096 -0.0147399 -0.369224 -0.00167965 0.999972 -0.00736388 -0.273865 0.0147279 0.00738783 0.999864 19.049
0.999885 0.00331785 -0.0148201 -0.388854 -0.00343979 0.99996 -0.00820965 -0.284901 0.0147923 0.00825968 0.999857 19.9482
0.99989 0.00310932 -0.0145346 -0.40877 -0.00322611 0.999963 -0.0080185 -0.293857 0.0145091 0.0080645 0.999862 20.8607
0.999899 0.00505103 -0.0132941 -0.426116 -0.00516396 0.999951 -0.00847382 -0.318922 0.0132506 0.00854161 0.999876 21.7857
0.999878 0.00737147 -0.0137645 -0.4489 -0.00750873 0.999922 -0.00994684 -0.332567 0.0136901 0.010049 0.999856 22.7245
0.99986 0.0108362 -0.0127469 -0.47124 -0.010978 0.999878 -0.0111026 -0.342489 0.012625 0.011241 0.999857 23.676
0.999842 0.0121283 -0.0130184 -0.494987 -0.0122705 0.999865 -0.0108965 -0.354565 0.0128845 0.0110545 0.999856 24.6332
0.999854 0.0121063 -0.0121043 -0.51427 -0.0122324 0.999871 -0.0103983 -0.363118 0.0119769 0.0105449 0.999873 25.5986
0.999836 0.0129053 -0.0127119 -0.530115 -0.0130315 0.999866 -0.00989871 -0.381475 0.0125825 0.0100627 0.99987 26.5795
0.999828 0.0132643 -0.0129483 -0.550796 -0.0133829 0.999869 -0.00912183 -0.397054 0.0128256 0.00929355 0.999875 27.564
0.99984 0.0129422 -0.0123352 -0.569854 -0.0130375 0.999886 -0.00767369 -0.408206 0.0122345 0.00783328 0.999895 28.5672
0.999831 0.0131168 -0.01286 -0.58944 -0.0132018 0.999892 -0.00654148 -0.418281 0.0127728 0.00671015 0.999896 29.5704
0.99984 0.0133581 -0.011897 -0.606772 -0.0134395 0.999887 -0.00678907 -0.428734 0.0118049 0.00694788 0.999906 30.5803
0.999799 0.0156049 -0.0126201 -0.625052 -0.0156988 0.99985 -0.00738013 -0.439643 0.012503 0.00757677 0.999893 31.5941
0.999815 0.0143383 -0.0128357 -0.642922 -0.0144249 0.999874 -0.00668291 -0.441366 0.0127383 0.00686683 0.999895 32.6185
0.999832 0.0130601 -0.0128532 -0.657864 -0.013119 0.999904 -0.00451371 -0.448129 0.012793 0.00468157 0.999907 33.6565
0.999813 0.0133734 -0.0139789 -0.679281 -0.0134006 0.999909 -0.00185125 -0.465044 0.0139528 0.00203823 0.999901 34.698
0.999836 0.011891 -0.0136313 -0.701458 -0.0118887 0.999929 0.000249522 -0.475275 0.0136333 -8.74251e-05 0.999907 35.7488
0.999813 0.0121702 -0.0150265 -0.720803 -0.0121537 0.999925 0.00119038 -0.483842 0.0150398 -0.00100753 0.999887 36.8053
0.999819 0.0124784 -0.0143911 -0.741757 -0.012472 0.999922 0.000536013 -0.495356 0.0143966 -0.000356433 0.999896 37.8658
0.999789 0.0131691 -0.0157459 -0.761893 -0.0131625 0.999913 0.000527347 -0.509095 0.0157515 -0.000319982 0.999876 38.9386
0.999796 0.0121596 -0.0161144 -0.782579 -0.012133 0.999925 0.0017463 -0.521676 0.0161344 -0.00155043 0.999869 40.0137
0.999797 0.0126755 -0.0156368 -0.80752 -0.0126154 0.999913 0.00393356 -0.534999 0.0156853 -0.0037355 0.99987 41.0924
0.999769 0.0127952 -0.0172536 -0.830917 -0.0127028 0.999904 0.00545765 -0.54403 0.0173218 -0.00523723 0.999836 42.172
0.999769 0.0137656 -0.0165323 -0.855454 -0.0136705 0.999889 0.00584988 -0.557222 0.016611 -0.00562253 0.999846 43.2487
0.999727 0.0153635 -0.0175985 -0.880451 -0.0153153 0.999879 0.00287039 -0.572145 0.0176405 -0.00260008 0.999841 44.3246
0.999688 0.0181811 -0.0171316 -0.905928 -0.0181786 0.999835 0.000306125 -0.589225 0.0171343 5.39569e-06 0.999853 45.4008
0.999657 0.0194638 -0.0175248 -0.933896 -0.0194704 0.99981 -0.000204598 -0.60624 0.0175175 0.000545742 0.999847 46.4776
0.999674 0.0191837 -0.0168594 -0.957574 -0.0191476 0.999814 0.00230159 -0.620401 0.0169004 -0.00197803 0.999855 47.5637
0.999651 0.0210468 -0.0159549 -0.983888 -0.0209897 0.999773 0.00373861 -0.630822 0.01603 -0.00340242 0.999866 48.648
0.999654 0.0204182 -0.016575 -1.00862 -0.0203387 0.999781 0.00495149 -0.642881 0.0166725 -0.00461267 0.999851 49.7361
0.99967 0.0203732 -0.0156253 -1.02849 -0.0203091 0.999785 0.00425047 -0.644773 0.0157085 -0.00393173 0.999869 50.815
0.999682 0.019689 -0.0157546 -1.05032 -0.0196483 0.999803 0.00273579 -0.6628 0.0158054 -0.00242537 0.999872 51.8981
0.999672 0.0201297 -0.015817 -1.07379 -0.0201105 0.999797 0.00136801 -0.671688 0.0158414 -0.00104947 0.999874 52.98
0.99972 0.0183635 -0.0149219 -1.09413 -0.0183603 0.999831 0.000349544 -0.678329 0.0149258 -7.54791e-05 0.999889 54.0602
0.999744 0.016185 -0.0158075 -1.11038 -0.0162111 0.999867 -0.00152128 -0.692537 0.0157808 0.00177714 0.999874 55.145
0.999777 0.0152504 -0.0146225 -1.12685 -0.0153037 0.999877 -0.00353887 -0.704501 0.0145668 0.00376186 0.999887 56.2185
0.999796 0.0135168 -0.015017 -1.14389 -0.0135488 0.999906 -0.00203107 -0.714773 0.0149882 0.00223412 0.999885 57.2918
0.999846 0.011081 -0.0136459 -1.16025 -0.0110394 0.999934 0.0031231 -0.721564 0.0136796 -0.00297197 0.999902 58.3615
0.99986 0.00913813 -0.0140567 -1.17903 -0.00902652 0.999927 0.00798257 -0.719371 0.0141286 -0.00785457 0.999869 59.4423
0.999879 0.00719654 -0.0137709 -1.19788 -0.00706286 0.999928 0.00973115 -0.715472 0.0138399 -0.00963272 0.999858 60.53
0.999903 0.0055639 -0.0127737 -1.21683 -0.00546515 0.999955 0.00775257 -0.718633 0.0128163 -0.00768201 0.999888 61.6111
0.999905 0.00352553 -0.0133456 -1.23124 -0.00346935 0.999985 0.00422969 -0.711972 0.0133603 -0.00418299 0.999902 62.6971
0.999908 0.0048176 -0.0126514 -1.25192 -0.00479523 0.999987 0.00179802 -0.71213 0.0126599 -0.00173719 0.999918 63.7768
0.999908 0.00454615 -0.0127915 -1.2715 -0.00456746 0.999988 -0.0016377 -0.718458 0.0127839 0.00169597 0.999917 64.8561
0.999908 0.00623282 -0.0120811 -1.29487 -0.00625603 0.999979 -0.00188512 -0.71835 0.0120691 0.00196052 0.999925 65.9423
0.999896 0.00968231 -0.0106885 -1.31745 -0.00966565 0.999952 0.00160865 -0.7134 0.0107036 -0.00150518 0.999942 67.0326
0.999877 0.0111812 -0.0110299 -1.33881 -0.0111351 0.999929 0.0042307 -0.710823 0.0110765 -0.00410736 0.99993 68.1236
0.999893 0.0105385 -0.0101582 -1.35903 -0.0104806 0.999929 0.0057399 -0.706661 0.0102179 -0.00563282 0.999932 69.2145
0.999903 0.00886365 -0.010733 -1.37642 -0.00878281 0.999933 0.00755619 -0.701477 0.0107992 -0.0074612 0.999914 70.3071
0.999923 0.00729201 -0.0100854 -1.38932 -0.00720195 0.999934 0.00893658 -0.708971 0.0101499 -0.00886326 0.999909 71.3981
0.999919 0.00578641 -0.0113238 -1.4042 -0.00564614 0.999907 0.0123796 -0.713386 0.0113944 -0.0123146 0.999859 72.4878
0.999914 0.00500357 -0.0120852 -1.41974 -0.00482274 0.999877 0.014946 -0.714889 0.0121585 -0.0148864 0.999815 73.575
0.999924 0.00423735 -0.0115521 -1.43433 -0.00406242 0.999877 0.0151238 -0.716233 0.0116147 -0.0150758 0.999819 74.6574
0.999906 0.00459935 -0.0128817 -1.45171 -0.00442631 0.9999 0.0134295 -0.717827 0.0129422 -0.0133713 0.999827 75.7333
0.999901 0.00572723 -0.0128425 -1.46973 -0.00556932 0.999909 0.0122978 -0.722844 0.0129118 -0.0122251 0.999842 76.8058
0.999879 0.00753796 -0.0136368 -1.49209 -0.00734064 0.999868 0.0144617 -0.733452 0.013744 -0.0143598 0.999803 77.8784
0.999861 0.00899742 -0.0140742 -1.5147 -0.00872839 0.99978 0.0190609 -0.739189 0.0142426 -0.0189354 0.999719 78.9509
0.999849 0.0104917 -0.0138481 -1.53701 -0.0101677 0.999678 0.0232617 -0.737845 0.0140877 -0.0231174 0.999634 80.0227
0.999832 0.0110895 -0.0145777 -1.56048 -0.0107175 0.999621 0.0253535 -0.730109 0.0148533 -0.025193 0.999572 81.0895
0.999834 0.0106465 -0.0148213 -1.58172 -0.0102657 0.999621 0.0255363 -0.71516 0.0150875 -0.0253799 0.999564 82.1489
0.999811 0.0109745 -0.0160267 -1.60315 -0.010557 0.999608 0.0259074 -0.696787 0.0163047 -0.0257333 0.999536 83.2061
0.999817 0.010724 -0.0158092 -1.62477 -0.0102948 0.999583 0.0269855 -0.687268 0.016092 -0.0268178 0.999511 84.2513
0.999802 0.00920563 -0.0176314 -1.64728 -0.00870775 0.999567 0.0281098 -0.674574 0.0178825 -0.0279507 0.99945 85.2958
0.999791 0.00877937 -0.0184713 -1.6664 -0.00822722 0.999523 0.0297591 -0.666248 0.0187238 -0.0296009 0.999387 86.3242
0.999798 0.00800828 -0.018429 -1.68893 -0.00740772 0.999447 0.0324283 -0.651696 0.0186785 -0.0322853 0.999304 87.3319
0.999767 0.0079129 -0.0200604 -1.71138 -0.0072364 0.99941 0.0335744 -0.639325 0.0203142 -0.0334214 0.999235 88.3081
0.999747 0.00745577 -0.0212119 -1.73588 -0.00672906 0.999395 0.0341269 -0.626308 0.0214535 -0.0339755 0.999193 89.2562
0.99966 0.00718022 -0.0250664 -1.76397 -0.00631726 0.99939 0.034338 -0.613021 0.0252977 -0.034168 0.999096 90.1895
0.99958 0.00710779 -0.028107 -1.79466 -0.00614158 0.999392 0.0343142 -0.594358 0.0283338 -0.0341272 0.999016 91.0896
0.999508 0.00705144 -0.0305662 -1.82551 -0.0059786 0.999368 0.0350493 -0.587918 0.030794 -0.0348494 0.998918 91.9737
0.999376 0.008251 -0.0343489 -1.86037 -0.00698275 0.999295 0.03688 -0.581207 0.034629 -0.0366172 0.998729 92.8407
0.999284 0.00981389 -0.0365302 -1.89889 -0.00841497 0.999233 0.0382533 -0.576608 0.0368776 -0.0379185 0.9986 93.6788
0.999158 0.0104599 -0.0396637 -1.937 -0.0088812 0.999169 0.0397704 -0.572876 0.0400468 -0.0393847 0.998422 94.4858
0.999075 0.0124209 -0.0411763 -1.97537 -0.0107575 0.999127 0.0403752 -0.558463 0.0416419 -0.0398949 0.998336 95.2673
0.998939 0.0137226 -0.0439609 -2.01678 -0.0118912 0.999061 0.0416537 -0.548293 0.0444913 -0.0410868 0.998165 96.0235
0.99882 0.0156161 -0.0459751 -2.0573 -0.0137386 0.99907 0.0408735 -0.537032 0.0465706 -0.0401937 0.998106 96.7479
0.998703 0.0170427 -0.0479748 -2.09642 -0.015195 0.999138 0.0386187 -0.523442 0.0485916 -0.0378396 0.998102 97.4468
0.998511 0.019842 -0.0508184 -2.14114 -0.0180314 0.999195 0.035843 -0.515543 0.0514887 -0.0348733 0.998065 98.1239
0.998386 0.0213098 -0.0526389 -2.18153 -0.019492 0.999204 0.0348094 -0.50564 0.0533388 -0.0337272 0.998007 98.7675
0.99828 0.0230309 -0.0539103 -2.22246 -0.0211765 0.999173 0.0347196 -0.502581 0.0546653 -0.0335183 0.997942 99.3868
0.998278 0.0245889 -0.0532619 -2.2627 -0.0227229 0.999116 0.0353609 -0.498335 0.0540843 -0.0340897 0.997955 99.978
0.998353 0.0279698 -0.0500855 -2.2982 -0.0261314 0.998974 0.0369915 -0.494193 0.0510687 -0.0356218 0.99806 100.547
0.998511 0.0306469 -0.0451232 -2.3324 -0.0289183 0.998841 0.0384764 -0.488093 0.0462501 -0.0371143 0.998241 101.092
0.998816 0.0311192 -0.03738 -2.35307 -0.0296126 0.998753 0.0402036 -0.480921 0.0385845 -0.0390491 0.998492 101.618
0.999113 0.0309728 -0.0285101 -2.37118 -0.0297424 0.998649 0.0426162 -0.472135 0.0297915 -0.0417305 0.998685 102.126
0.999414 0.0300445 -0.0163583 -2.37428 -0.0293108 0.998629 0.0433782 -0.459005 0.0176391 -0.0428733 0.998925 102.612
0.999552 0.0297294 -0.00322963 -2.37505 -0.0295581 0.998589 0.0441251 -0.451023 0.00453686 -0.0440099 0.999021 103.071
0.999524 0.0283805 0.0120694 -2.36617 -0.0288824 0.998628 0.0436737 -0.436902 -0.0108134 -0.0440015 0.998973 103.514
0.999182 0.0278055 0.0293583 -2.3471 -0.0290175 0.998709 0.0416964 -0.434554 -0.028161 -0.0425142 0.998699 103.94
0.99835 0.0274614 0.0504211 -2.31954 -0.0293731 0.998862 0.0375738 -0.430467 -0.0493319 -0.0389929 0.998021 104.353
0.99684 0.0266834 0.0748092 -2.27961 -0.0292695 0.999004 0.0336882 -0.424424 -0.0738358 -0.0357714 0.996629 104.766
0.994532 0.0246485 0.101473 -2.22624 -0.0279957 0.999105 0.031695 -0.417002 -0.100601 -0.0343625 0.994334 105.158
0.991041 0.0220065 0.13173 -2.15842 -0.0262923 0.999177 0.0308842 -0.412009 -0.130942 -0.034071 0.990805 105.551
0.986347 0.0198549 0.163478 -2.08004 -0.0249317 0.999267 0.0290619 -0.40607 -0.162781 -0.032741 0.986119 105.93
0.97978 0.018789 0.199192 -1.98536 -0.0248402 0.999301 0.027923 -0.405951 -0.198528 -0.0323064 0.979563 106.307
0.97142 0.0157787 0.236839 -1.87367 -0.0228956 0.999364 0.0273293 -0.404095 -0.236257 -0.0319708 0.971165 106.671
0.960821 0.0141092 0.27681 -1.7487 -0.022292 0.999402 0.0264364 -0.402803 -0.276272 -0.0315713 0.960561 107.03
0.948104 0.0143299 0.317635 -1.61547 -0.0235662 0.999403 0.0252552 -0.396642 -0.317083 -0.0314301 0.947877 107.367
0.932172 0.0173318 0.3616 -1.4692 -0.0276691 0.999343 0.0234292 -0.395998 -0.360956 -0.0318452 0.932039 107.696
0.913628 0.0166745 0.406207 -1.3041 -0.0289378 0.999291 0.0240658 -0.391775 -0.405519 -0.033742 0.913464 108.023
0.893036 0.0162 0.449693 -1.13001 -0.0300991 0.999264 0.0237751 -0.388972 -0.448978 -0.0347673 0.892866 108.324
0.869149 0.014801 0.494328 -0.936203 -0.0300418 0.999286 0.0229007 -0.383585 -0.493636 -0.0347546 0.868974 108.623
0.843803 0.0151482 0.536438 -0.731024 -0.0306459 0.999331 0.0199858 -0.38491 -0.535776 -0.0333037 0.843703 108.907
0.815426 0.0169253 0.578613 -0.511669 -0.0321626 0.999353 0.0160934 -0.387607 -0.577967 -0.0317327 0.815443 109.18
0.784656 0.0207237 0.619585 -0.286169 -0.0351925 0.999318 0.0111435 -0.389696 -0.618932 -0.0305486 0.784851 109.44
0.75004 0.0260212 0.660879 -0.0430355 -0.0396884 0.999196 0.00570092 -0.390294 -0.6602 -0.0305052 0.75047 109.696
0.712733 0.0312513 0.700738 0.210914 -0.0448248 0.998994 0.00103933 -0.394105 -0.700002 -0.0321513 0.713417 109.938
0.673055 0.0309742 0.738943 0.484844 -0.0444223 0.999012 -0.0014141 -0.399002 -0.738257 -0.0318738 0.673766 110.165
0.631357 0.0280208 0.774985 0.783613 -0.0426079 0.999091 -0.00141233 -0.407073 -0.774321 -0.0321289 0.631977 110.376
0.587306 0.0262058 0.80894 1.08903 -0.0428083 0.999082 -0.00128587 -0.406266 -0.808232 -0.0338742 0.587889 110.568
0.540115 0.0250077 0.841219 1.42287 -0.0440646 0.999028 -0.00140682 -0.409869 -0.840437 -0.0363082 0.540692 110.756
0.492379 0.0228347 0.870081 1.75804 -0.0441132 0.999026 -0.00125513 -0.409098 -0.869262 -0.0377641 0.492907 110.92
0.441022 0.0185433 0.897304 2.11751 -0.0431968 0.999066 0.000584762 -0.423087 -0.896456 -0.0390186 0.441411 111.069
0.389609 0.0183957 0.920796 2.47695 -0.0458126 0.99895 -0.000572741 -0.429417 -0.919841 -0.041961 0.390042 111.2
0.338162 0.0217525 0.940836 2.84205 -0.0495382 0.998758 -0.00528636 -0.435999 -0.939783 -0.0448197 0.33882 111.315
0.287088 0.0256697 0.95756 3.22854 -0.0519831 0.998585 -0.0111843 -0.442808 -0.956493 -0.0465661 0.288016 111.409
0.240112 0.0274525 0.970357 3.61683 -0.0511939 0.998567 -0.0155829 -0.448728 -0.969395 -0.0459347 0.241173 111.487
0.198077 0.0265938 0.979825 4.03935 -0.045402 0.998808 -0.0179308 -0.447404 -0.979135 -0.0409344 0.199048 111.548
0.162811 0.0260775 0.986312 4.46021 -0.0390578 0.999037 -0.0199666 -0.455156 -0.985884 -0.0352724 0.163673 111.594
0.131168 0.0263238 0.99101 4.89771 -0.0358826 0.999118 -0.0217899 -0.462459 -0.990711 -0.0327019 0.131997 111.635
0.103166 0.0249648 0.99435 5.34548 -0.0369781 0.99909 -0.0212473 -0.46064 -0.993977 -0.0345772 0.103995 111.678
0.0772777 0.0227528 0.99675 5.82026 -0.0417924 0.998935 -0.0195626 -0.461033 -0.996134 -0.0401448 0.078146 111.721
0.0526856 0.0198377 0.998414 6.31696 -0.0452449 0.998823 -0.0174583 -0.471144 -0.997586 -0.0442533 0.0535209 111.759
0.0304928 0.0177244 0.999377 6.82771 -0.0423269 0.998969 -0.0164257 -0.484144 -0.998639 -0.0417997 0.0312113 111.771
0.0102766 0.0174063 0.999795 7.35843 -0.037089 0.999167 -0.0170141 -0.505126 -0.999259 -0.0369066 0.0109133 111.766
-0.00820831 0.0188544 0.999788 7.89527 -0.0333205 0.999262 -0.0191181 -0.519185 -0.999411 -0.0334704 -0.00757431 111.746
-0.0221926 0.0236494 0.999474 8.44769 -0.0324508 0.999176 -0.0243629 -0.52785 -0.999227 -0.0329744 -0.0214072 111.735
-0.0338933 0.0269622 0.999061 9.02777 -0.0350992 0.998987 -0.028151 -0.535388 -0.998809 -0.0360204 -0.0329129 111.728
-0.039887 0.0272932 0.998831 9.63496 -0.0332524 0.999037 -0.0286268 -0.549292 -0.998651 -0.0343554 -0.0389413 111.703
-0.0425279 0.0240275 0.998806 10.2675 -0.027065 0.999316 -0.0251922 -0.572883 -0.998729 -0.0281041 -0.0418488 111.669
-0.0425647 0.0231126 0.998826 10.9174 -0.0257766 0.999374 -0.0242238 -0.588886 -0.998761 -0.0267774 -0.0419427 111.639
-0.0407887 0.0224612 0.998915 11.5857 -0.0264415 0.999373 -0.0235512 -0.608319 -0.998818 -0.0273734 -0.0401695 111.614
-0.0395803 0.0229752 0.998952 12.2584 -0.0294815 0.999273 -0.0241507 -0.629583 -0.998782 -0.0304065 -0.0388746 111.596
-0.037778 0.0234474 0.999011 12.9523 -0.0305045 0.999232 -0.0246061 -0.651861 -0.998821 -0.0314039 -0.0370341 111.576
-0.0366057 0.0233824 0.999056 13.6667 -0.0309466 0.99922 -0.0245201 -0.685023 -0.998851 -0.031815 -0.0358538 111.552
-0.0361655 0.0229634 0.999082 14.3893 -0.0306499 0.99924 -0.0240765 -0.713479 -0.998876 -0.0314925 -0.0354346 111.529
-0.0357537 0.021794 0.999123 15.1225 -0.0324296 0.99921 -0.0229564 -0.74978 -0.998834 -0.033222 -0.035019 111.514
-0.0358711 0.0200627 0.999155 15.8733 -0.0317582 0.99927 -0.0212052 -0.778992 -0.998852 -0.032492 -0.0352081 111.494
-0.035834 0.0174752 0.999205 16.6339 -0.0329768 0.999282 -0.0186591 -0.816758 -0.998814 -0.0336192 -0.0352323 111.471
-0.0365989 0.0159915 0.999202 17.4064 -0.035671 0.999214 -0.0172983 -0.843823 -0.998693 -0.0362757 -0.036 111.451
-0.0377453 0.014759 0.999178 18.1997 -0.0370663 0.999182 -0.0161592 -0.860986 -0.9986 -0.0376458 -0.0371677 111.423
-0.0381728 0.0121987 0.999196 18.9963 -0.0353053 0.999284 -0.0135486 -0.880579 -0.998647 -0.0357941 -0.0377151 111.391
-0.0394383 0.0102019 0.99917 19.7962 -0.0345513 0.999336 -0.0115674 -0.900016 -0.998625 -0.0349789 -0.03906 111.358
-0.039891 0.00989173 0.999155 20.6115 -0.0362104 0.99928 -0.0113387 -0.913143 -0.998548 -0.0366321 -0.0395044 111.331
-0.0405691 0.0125826 0.999097 21.4276 -0.039489 0.999119 -0.0141863 -0.932335 -0.998396 -0.0400289 -0.0400368 111.31
-0.0414495 0.0166053 0.999002 22.2479 -0.039054 0.999071 -0.0182269 -0.947287 -0.998377 -0.0397705 -0.0407628 111.282
-0.0414255 0.0175298 0.998988 23.069 -0.0380137 0.999094 -0.019108 -0.96408 -0.998418 -0.0387668 -0.040722 111.249
-0.0426719 0.0156952 0.998966 23.9016 -0.0408011 0.999015 -0.0174389 -0.978365 -0.998256 -0.0415031 -0.0419898 111.228
-0.0432228 0.0127881 0.998983 24.734 -0.0418869 0.999015 -0.0146009 -0.989732 -0.998187 -0.0424755 -0.0426449 111.204
-0.0443998 0.00856148 0.998977 25.573 -0.0439347 0.998979 -0.0105142 -1.00393 -0.998048 -0.0443566 -0.0439786 111.178
-0.0439816 0.00434217 0.999023 26.4128 -0.0468782 0.99888 -0.00640535 -1.015 -0.997932 -0.0471141 -0.0437291 111.153
-0.0440283 0.0033735 0.999024 27.2551 -0.0479408 0.998835 -0.00548568 -1.02276 -0.99788 -0.0481356 -0.0438156 111.126
-0.0437141 0.0093194 0.999 28.0935 -0.0465592 0.998851 -0.0113553 -1.04063 -0.997959 -0.047009 -0.0432303 111.097
-0.0418077 0.019321 0.998939 28.926 -0.0435693 0.998826 -0.0211423 -1.06177 -0.998175 -0.044407 -0.0409171 111.066
-0.0423456 0.0236152 0.998824 29.7568 -0.0432989 0.998738 -0.0254489 -1.08305 -0.998165 -0.0443256 -0.0412699 111.033
-0.0402982 0.019653 0.998994 30.5879 -0.0424505 0.99887 -0.021363 -1.10018 -0.998286 -0.0432687 -0.0394187 111.002
-0.0393575 0.0133772 0.999135 31.4153 -0.0401724 0.99908 -0.0149589 -1.12023 -0.998417 -0.0407264 -0.0387842 110.968
-0.0395308 0.0102056 0.999166 32.2402 -0.0392618 0.99916 -0.0117589 -1.14738 -0.998447 -0.0396939 -0.0390972 110.938
-0.0389642 0.0102045 0.999188 33.0591 -0.0414018 0.999072 -0.0118179 -1.17558 -0.998383 -0.0418287 -0.0385059 110.911
-0.0410181 0.0102366 0.999106 33.8644 -0.0445549 0.998934 -0.0120641 -1.20057 -0.998165 -0.0450099 -0.0405186 110.888
-0.0428871 0.00999159 0.99903 34.6763 -0.0463407 0.998854 -0.0119792 -1.22091 -0.998005 -0.0468095 -0.0423753 110.864
-0.0455927 0.00880747 0.998921 35.4792 -0.0475839 0.998807 -0.0109783 -1.2456 -0.997826 -0.0480331 -0.0451196 110.833
-0.0473033 0.00895659 0.99884 36.2828 -0.0470414 0.99883 -0.0111843 -1.26898 -0.997772 -0.047516 -0.046827 110.803
-0.0490525 0.00877997 0.998757 37.078 -0.0483208 0.998769 -0.0111533 -1.2896 -0.997627 -0.0488078 -0.0485682 110.769
-0.0519483 0.00807314 0.998617 37.8677 -0.0490877 0.998738 -0.0106277 -1.30601 -0.997443 -0.049572 -0.0514867 110.736
-0.0536295 0.00688474 0.998537 38.6578 -0.0489465 0.998756 -0.00951508 -1.32467 -0.997361 -0.0493852 -0.0532261 110.7
-0.0561742 0.0064434 0.9984 39.4443 -0.04914 0.998749 -0.00921049 -1.33767 -0.997211 -0.0495788 -0.0557876 110.659
-0.0573535 0.00664991 0.998331 40.2256 -0.048848 0.998761 -0.00945906 -1.35875 -0.997158 -0.049309 -0.056958 110.621
-0.0589312 0.00647707 0.998241 41.0028 -0.0482368 0.998792 -0.00932832 -1.38011 -0.997096 -0.0487017 -0.0585479 110.58
-0.0595288 0.00544941 0.998211 41.7753 -0.0467778 0.998871 -0.00824263 -1.40131 -0.99713 -0.0471848 -0.059207 110.535
-0.0614879 0.00485744 0.998096 42.5437 -0.0460532 0.998909 -0.00769851 -1.42529 -0.997045 -0.0464389 -0.0611974 110.489
-0.063649 0.00405151 0.997964 43.3105 -0.0461797 0.998908 -0.00700064 -1.44959 -0.996903 -0.0465313 -0.0633928 110.443
-0.0644288 0.00412862 0.997913 44.0552 -0.0466414 0.998886 -0.00714398 -1.46548 -0.996832 -0.0470044 -0.0641648 110.402
-0.0659695 0.00346825 0.997815 44.7861 -0.0470669 0.99887 -0.0065837 -1.47993 -0.996711 -0.0473984 -0.0657321 110.362
-0.0662053 0.00290574 0.997802 45.4959 -0.0475099 0.998852 -0.00606114 -1.4927 -0.996674 -0.0478067 -0.0659916 110.318
-0.0676688 0.00491317 0.997696 46.2022 -0.0476167 0.998832 -0.00814838 -1.5023 -0.996571 -0.0480584 -0.0673562 110.274
-0.0669366 0.00569756 0.997741 46.8956 -0.0488942 0.998764 -0.00898363 -1.51719 -0.996558 -0.0493851 -0.0665756 110.23
-0.0671827 0.0074812 0.997712 47.5877 -0.0490871 0.998736 -0.0107942 -1.53079 -0.996532 -0.0497 -0.0667309 110.191
-0.0687667 0.00667971 0.99761 48.2788 -0.0487446 0.998761 -0.0100475 -1.54389 -0.996441 -0.0493191 -0.0683562 110.15
-0.0685343 0.00598597 0.997631 48.9685 -0.0476353 0.998822 -0.00926553 -1.55497 -0.996511 -0.0481574 -0.0681688 110.107
-0.069895 0.00466376 0.997543 49.6529 -0.0465852 0.998883 -0.00793411 -1.58138 -0.996466 -0.0470253 -0.0696 110.065
-0.0698768 0.00499318 0.997543 50.3425 -0.0494215 0.998742 -0.00846111 -1.59737 -0.996331 -0.0498913 -0.0695425 110.027
-0.0712052 0.00478858 0.99745 51.0303 -0.0509624 0.998665 -0.00843249 -1.6184 -0.996159 -0.0514329 -0.0708665 109.989
-0.0707055 0.00307719 0.997492 51.7106 -0.0502164 0.998716 -0.00664047 -1.63798 -0.996232 -0.05056 -0.0704606 109.946
-0.0721062 0.00222234 0.997394 52.3907 -0.0504321 0.99871 -0.00587124 -1.66018 -0.996121 -0.050724 -0.0719015 109.902
-0.0756367 0.00132474 0.997134 53.0738 -0.0550776 0.998467 -0.00550438 -1.67846 -0.995613 -0.0553361 -0.0754481 109.86
-0.0801177 0.00203374 0.996783 53.7559 -0.0571638 0.998343 -0.00663154 -1.69217 -0.995145 -0.0575112 -0.079869 109.816
-0.0860189 0.00448427 0.996283 54.4254 -0.0554039 0.998421 -0.00927746 -1.72102 -0.994752 -0.0559961 -0.085635 109.757
-0.0924288 0.00613209 0.9957 55.0921 -0.0542911 0.998462 -0.0111888 -1.7326 -0.994238 -0.0550919 -0.0919542 109.696
-0.0997192 0.00768395 0.994986 55.7623 -0.0546512 0.998418 -0.0131877 -1.74163 -0.993514 -0.0556922 -0.0991419 109.632
-0.105857 0.00724403 0.994355 56.4331 -0.057376 0.998263 -0.0133807 -1.7561 -0.992725 -0.0584686 -0.105258 109.569
-0.111999 0.00608861 0.99369 57.116 -0.0582209 0.998223 -0.0126785 -1.76853 -0.992001 -0.0592735 -0.111446 109.501
-0.116703 0.00590727 0.993149 57.7988 -0.060613 0.998076 -0.0130591 -1.78155 -0.991316 -0.0617218 -0.116121 109.429
-0.120814 0.00532505 0.992661 58.4826 -0.0622565 0.997976 -0.0129306 -1.79205 -0.990721 -0.0633618 -0.120238 109.357
-0.124199 0.0024757 0.992254 59.1739 -0.0614084 0.998061 -0.0101766 -1.80726 -0.990355 -0.0621967 -0.123806 109.274
-0.125663 -0.00140116 0.992072 59.8773 -0.0596188 0.998202 -0.00614194 -1.82279 -0.99028 -0.059918 -0.125521 109.187
-0.128212 -0.00351775 0.99174 60.5989 -0.0595876 0.998214 -0.00416276 -1.83427 -0.989955 -0.0596292 -0.128193 109.1
-0.129367 -0.00453735 0.991586 61.3097 -0.0612056 0.998119 -0.00341795 -1.82872 -0.989706 -0.0611328 -0.129402 109.013
-0.130096 -0.00278463 0.991497 62.0264 -0.0605619 0.998151 -0.00514314 -1.83505 -0.98965 -0.0607161 -0.130025 108.925
-0.131009 0.00159341 0.99138 62.7485 -0.0549429 0.99845 -0.00886538 -1.8378 -0.989858 -0.0556307 -0.130719 108.823
-0.131421 0.00316411 0.991321 63.4749 -0.0504555 0.998677 -0.00987655 -1.85316 -0.990042 -0.0513156 -0.131088 108.721
-0.132808 0.00435741 0.991132 64.2091 -0.0495336 0.998712 -0.0110281 -1.86096 -0.989903 -0.0505589 -0.132422 108.624
-0.132763 0.00140759 0.991147 64.949 -0.0520011 0.998612 -0.00838371 -1.86613 -0.989783 -0.0526537 -0.132506 108.534
-0.132857 -0.00326764 0.99113 65.69 -0.052072 0.998636 -0.00368765 -1.86965 -0.989767 -0.0521 -0.132846 108.439
-0.133194 -0.00548624 0.991075 66.4286 -0.0503535 0.998731 -0.0012386 -1.87316 -0.98981 -0.0500691 -0.133302 108.341
-0.133649 -0.00568071 0.991012 67.1673 -0.0500072 0.998748 -0.00101898 -1.87643 -0.989766 -0.0496939 -0.133766 108.242
-0.135814 -0.00634874 0.990714 67.9079 -0.0528442 0.998602 -0.000844979 -1.88112 -0.989324 -0.0524683 -0.13596 108.148
-0.137337 -0.00683916 0.990501 68.6484 -0.0546219 0.998507 -0.000679102 -1.88669 -0.989017 -0.0541963 -0.137506 108.054
-0.140413 -0.00702486 0.990068 69.3894 -0.0546087 0.998508 -0.000659976 -1.89331 -0.988586 -0.054159 -0.140588 107.954
-0.141641 -0.00774782 0.989888 70.1237 -0.0544711 0.998515 2.11596e-05 -1.90495 -0.988418 -0.0539173 -0.141853 107.854
-0.143258 -0.00839219 0.98965 70.8516 -0.0572451 0.99836 0.000179465 -1.91196 -0.988029 -0.0566269 -0.143504 107.763
-0.144861 -0.00874287 0.989413 71.5818 -0.0591132 0.998251 0.000166138 -1.91747 -0.987685 -0.0584633 -0.145125 107.671
-0.145626 -0.00863471 0.989302 72.3172 -0.0607633 0.998152 -0.000232441 -1.92469 -0.987472 -0.0601472 -0.145882 107.578
-0.146738 -0.00820726 0.989141 73.0688 -0.0615638 0.998103 -0.000851285 -1.9222 -0.987258 -0.0610202 -0.146965 107.476
-0.147195 -0.00878003 0.989068 73.8174 -0.064305 0.99793 -0.000711327 -1.92589 -0.987015 -0.0637067 -0.147456 107.372
-0.148611 -0.0105889 0.988839 74.5706 -0.0646712 0.997906 0.000966668 -1.93155 -0.986779 -0.0638057 -0.148985 107.267
-0.149283 -0.0125007 0.988715 75.3365 -0.0678141 0.997695 0.00237518 -1.93266 -0.986467 -0.0666943 -0.149787 107.156
-0.15042 -0.0142598 0.988519 76.0993 -0.0715231 0.997433 0.00350488 -1.9328 -0.986032 -0.0701748 -0.151054 107.048
-0.153189 -0.0147499 0.988087 76.8621 -0.0738592 0.997263 0.00343608 -1.93336 -0.985433 -0.072453 -0.153859 106.938
-0.154436 -0.0146609 0.987894 77.6303 -0.0739843 0.997254 0.00323391 -1.92921 -0.985229 -0.0725892 -0.155097 106.823
-0.157222 -0.0140637 0.987463 78.4143 -0.0751315 0.997171 0.00223964 -1.92636 -0.984702 -0.0738375 -0.157834 106.7
-0.157383 -0.0108037 0.987478 79.1891 -0.0762932 0.997084 -0.0012508 -1.92378 -0.984586 -0.0755348 -0.157749 106.574
-0.158843 -0.00921209 0.98726 79.9733 -0.0765907 0.997058 -0.00301941 -1.9289 -0.984329 -0.0760947 -0.159082 106.45
-0.15896 -0.00678908 0.987261 80.7771 -0.0765697 0.997049 -0.00547222 -1.93368 -0.984312 -0.0764642 -0.159012 106.323
-0.158684 -0.00568195 0.987313 81.5814 -0.0746771 0.997188 -0.00626358 -1.93803 -0.984501 -0.0747236 -0.158663 106.194
-0.158808 -0.00616168 0.98729 82.3982 -0.0717605 0.997407 -0.00531804 -1.94892 -0.984698 -0.071693 -0.158839 106.06
-0.157257 -0.00753497 0.987529 83.2183 -0.0711455 0.997459 -0.00371872 -1.96124 -0.984992 -0.070843 -0.157394 105.923
-0.157491 -0.00915333 0.987478 84.0497 -0.0718231 0.997415 -0.00220953 -1.97184 -0.984905 -0.0712718 -0.157742 105.796
-0.154362 -0.0105369 0.987958 84.8822 -0.0728057 0.997346 -0.00073837 -1.979 -0.985328 -0.072043 -0.15472 105.67
-0.153793 -0.0118416 0.988032 85.7217 -0.0721725 0.997392 0.000719666 -1.98708 -0.985464 -0.071198 -0.154247 105.543
-0.151386 -0.015184 0.988358 86.5673 -0.0728364 0.997335 0.00416563 -2.00051 -0.985788 -0.0713578 -0.152089 105.416
-0.150415 -0.0151346 0.988507 87.4083 -0.07413 0.99724 0.00398846 -2.00699 -0.98584 -0.0726781 -0.151122 105.292
-0.149679 -0.0129602 0.988649 88.253 -0.0735877 0.997287 0.00193235 -2.01396 -0.985992 -0.0724632 -0.150227 105.168
-0.146918 -0.00791641 0.989117 89.095 -0.073016 0.997326 -0.00286329 -2.02402 -0.98645 -0.0726421 -0.147104 105.047
-0.146406 -0.00552934 0.989209 89.9435 -0.0747565 0.997186 -0.00549026 -2.03214 -0.986396 -0.0747536 -0.146408 104.929
-0.143796 -0.00612327 0.989588 90.794 -0.0751652 0.99716 -0.0047521 -2.03897 -0.986749 -0.0750659 -0.143849 104.812
-0.143723 -0.00860451 0.98958 91.6582 -0.0734655 0.997296 -0.00199824 -2.05608 -0.986888 -0.0729872 -0.143966 104.688
-0.141884 -0.00902414 0.989842 92.5223 -0.0728046 0.997345 -0.00134326 -2.07253 -0.987202 -0.0722556 -0.142165 104.567
-0.140958 -0.00918957 0.989973 93.3836 -0.0724644 0.99737 -0.00105969 -2.09138 -0.98736 -0.0718872 -0.141254 104.45
-0.141137 -0.00930587 0.989946 94.2477 -0.0735695 0.997289 -0.00111396 -2.09713 -0.987253 -0.0729871 -0.14144 104.333
-0.140042 -0.00965688 0.990098 95.1119 -0.0708117 0.99749 -0.000286823 -2.1025 -0.98761 -0.0701507 -0.140375 104.216
-0.139807 -0.0104893 0.990123 95.975 -0.0676679 0.997707 0.00101483 -2.1084 -0.987864 -0.0668577 -0.140197 104.096
-0.138583 -0.0095782 0.990304 96.8343 -0.0680602 0.997681 0.000125218 -2.11608 -0.988009 -0.067383 -0.138914 103.975
-0.138869 -0.00770988 0.99028 97.6932 -0.0661597 0.997808 -0.00150926 -2.12497 -0.988098 -0.0657262 -0.139076 103.855
-0.137247 -0.00700493 0.990512 98.5423 -0.0700718 0.997538 -0.00265468 -2.13084 -0.988055 -0.0697713 -0.137401 103.747
-0.137011 -0.00929455 0.990525 99.396 -0.0711126 0.997468 -0.000476761 -2.1374 -0.988014 -0.0705042 -0.137326 103.638
-0.137932 -0.0106949 0.990384 100.248 -0.0741559 0.997247 0.000441208 -2.15656 -0.987662 -0.073382 -0.138346 103.531
-0.138955 -0.00977957 0.99025 101.101 -0.0770239 0.997029 -0.000961752 -2.1703 -0.987299 -0.0764065 -0.139296 103.422
-0.140517 -0.00730504 0.990051 101.95 -0.0801898 0.996771 -0.00402662 -2.18363 -0.986826 -0.0799578 -0.140649 103.308
-0.141049 -0.00538524 0.989988 102.796 -0.0810866 0.996688 -0.00613117 -2.19544 -0.986676 -0.0811395 -0.141019 103.198
-0.141647 -0.00468382 0.989906 103.635 -0.0807845 0.996708 -0.00684359 -2.21203 -0.986616 -0.0809385 -0.14156 103.083
-0.142842 -0.00504825 0.989732 104.469 -0.0800228 0.996772 -0.00646504 -2.22182 -0.986505 -0.0801247 -0.142785 102.966
-0.143381 -0.00439016 0.989658 105.303 -0.079517 0.996808 -0.00709849 -2.23231 -0.986468 -0.0797124 -0.143273 102.85
-0.144652 -0.00228908 0.98948 106.128 -0.0797026 0.996775 -0.00934579 -2.24044 -0.986267 -0.080216 -0.144369 102.735
-0.144568 -0.00129781 0.989494 106.941 -0.0797508 0.996761 -0.0103445 -2.25347 -0.986276 -0.0804085 -0.144203 102.622
-0.146376 -0.00112085 0.989228 107.753 -0.0808906 0.996664 -0.0108401 -2.26731 -0.985916 -0.081606 -0.145979 102.507
-0.148166 -0.00181413 0.988961 108.556 -0.0817501 0.996598 -0.0104197 -2.27909 -0.985578 -0.0823915 -0.147811 102.397
-0.150758 -0.00106266 0.98857 109.35 -0.081842 0.99658 -0.0114097 -2.2947 -0.985177 -0.0826267 -0.15033 102.281
-0.154492 -0.000384085 0.987994 110.135 -0.0818448 0.996568 -0.0124107 -2.31757 -0.984598 -0.0827796 -0.153994 102.169
-0.157465 0.000389692 0.987524 110.919 -0.0832924 0.996431 -0.0136746 -2.34179 -0.984006 -0.0844066 -0.156871 102.055
-0.161537 -5.57415e-06 0.986866 111.701 -0.0828741 0.996468 -0.0135598 -2.36486 -0.983381 -0.0839761 -0.160967 101.933
-0.16415 -0.000420747 0.986435 112.482 -0.0819673 0.996547 -0.0132149 -2.38788 -0.983024 -0.0830247 -0.163618 101.81
-0.167537 -0.000563602 0.985865 113.257 -0.080989 0.996628 -0.0131934 -2.40844 -0.982534 -0.0820547 -0.167018 101.681
-0.168981 0.00227806 0.985616 114.024 -0.0834929 0.99637 -0.0166175 -2.42685 -0.982077 -0.0851001 -0.168178 101.558
-0.170949 0.00812279 0.985246 114.787 -0.0841632 0.996191 -0.0228161 -2.4428 -0.981679 -0.0868219 -0.169614 101.437
-0.17459 0.0101037 0.984589 115.55 -0.0818294 0.996339 -0.0247344 -2.46386 -0.981235 -0.0848867 -0.173124 101.306
-0.176851 0.00835112 0.984202 116.312 -0.0812877 0.996424 -0.0230614 -2.4916 -0.980875 -0.0840819 -0.17554 101.173
-0.180632 0.00217432 0.983548 117.079 -0.0811935 0.996551 -0.0171145 -2.51081 -0.980194 -0.0829491 -0.179833 101.038
-0.182101 0.000315665 0.983279 117.839 -0.0823195 0.996484 -0.0155653 -2.52666 -0.979828 -0.0837776 -0.181435 100.907
-0.184719 0.00218421 0.982789 118.595 -0.0833148 0.996363 -0.0178737 -2.54515 -0.979253 -0.0851825 -0.183866 100.771
-0.186636 0.00394493 0.982421 119.348 -0.0859449 0.996092 -0.0203273 -2.5643 -0.978662 -0.0882279 -0.185568 100.633
-0.189217 0.00709143 0.981909 120.098 -0.0850476 0.996098 -0.0235829 -2.58796 -0.978245 -0.0879714 -0.187876 100.494
-0.191596 0.00971431 0.981425 120.838 -0.0822079 0.996278 -0.0259102 -2.61768 -0.978025 -0.0856453 -0.190085 100.351
-0.193134 0.0134082 0.98108 121.573 -0.0821571 0.996174 -0.0297879 -2.64568 -0.977726 -0.0863558 -0.191294 100.208
-0.196017 0.014622 0.980491 122.31 -0.0833736 0.99602 -0.0315215 -2.66882 -0.97705 -0.0879259 -0.194019 100.065
-0.197871 0.0128918 0.980143 123.047 -0.0824671 0.99615 -0.0297508 -2.69063 -0.976753 -0.0867165 -0.196047 99.9202
-0.202272 0.010594 0.979271 123.786 -0.0800775 0.996414 -0.0273198 -2.71698 -0.97605 -0.0839437 -0.200699 99.766
-0.207192 0.00865306 0.978262 124.524 -0.0796877 0.996489 -0.0256918 -2.74226 -0.975049 -0.0832786 -0.205775 99.6082
-0.213434 0.00803056 0.976924 125.26 -0.0798616 0.996476 -0.0256391 -2.76996 -0.973688 -0.083491 -0.212041 99.4521
-0.222039 0.008425 0.975001 125.993 -0.080894 0.996356 -0.0270317 -2.79815 -0.971676 -0.0848739 -0.220549 99.2901
-0.231892 0.00892086 0.9727 126.725 -0.079672 0.996424 -0.0281323 -2.82637 -0.969473 -0.0840207 -0.230352 99.1218
-0.244479 0.00950542 0.969607 127.454 -0.0798522 0.996358 -0.0299018 -2.85595 -0.966361 -0.0847357 -0.24283 98.944
-0.255944 0.0102018 0.966637 128.164 -0.0795652 0.996329 -0.0315823 -2.88644 -0.963411 -0.084994 -0.254193 98.761
-0.268329 0.00986031 0.963276 128.872 -0.0775947 0.996477 -0.0318149 -2.91702 -0.960197 -0.0832821 -0.266619 98.5686
-0.278996 0.00997233 0.96024 129.574 -0.0760571 0.996575 -0.032448 -2.94368 -0.957275 -0.082086 -0.277283 98.3647
-0.289031 0.00997849 0.957267 130.273 -0.0735345 0.99676 -0.0325927 -2.97253 -0.954491 -0.0798125 -0.287361 98.1538
-0.298365 0.0100957 0.954398 130.966 -0.0699568 0.997023 -0.0324166 -2.99884 -0.951884 -0.0764387 -0.296771 97.9303
-0.305431 0.0102282 0.952159 131.652 -0.0671812 0.997219 -0.0322624 -3.02737 -0.949841 -0.0738212 -0.303895 97.7029
-0.312192 0.0106943 0.949958 132.338 -0.06683 0.997212 -0.0331891 -3.05155 -0.947665 -0.0738472 -0.310607 97.4807
-0.316303 0.00922328 0.948613 133.017 -0.0642212 0.99745 -0.0311119 -3.07985 -0.946482 -0.0707619 -0.314905 97.2562
-0.31934 0.00825753 0.947604 133.697 -0.0604526 0.997748 -0.0290669 -3.10481 -0.94571 -0.0665675 -0.318123 97.0242
-0.319726 0.00668228 0.947486 134.366 -0.0574987 0.997995 -0.0264413 -3.12802 -0.945764 -0.0629333 -0.318702 96.7958
-0.321278 0.00649256 0.946962 135.034 -0.0567207 0.998049 -0.0260866 -3.15325 -0.945284 -0.0620936 -0.320284 96.5676
-0.321503 0.00912902 0.946864 135.695 -0.057005 0.997953 -0.0289773 -3.18482 -0.945191 -0.0632923 -0.320325 96.3465
-0.320129 0.0119799 0.947298 136.349 -0.0566491 0.997889 -0.0317637 -3.20698 -0.945679 -0.0638321 -0.318775 96.1258
-0.320023 0.0119345 0.947334 137.004 -0.0564146 0.997906 -0.0316292 -3.22905 -0.945728 -0.0635656 -0.31868 95.9052
-0.3179 0.0103468 0.948067 137.655 -0.0564656 0.997959 -0.029825 -3.24874 -0.946441 -0.0630147 -0.316668 95.6855
-0.316683 0.00933388 0.948485 138.3 -0.0540756 0.998147 -0.0278776 -3.28128 -0.946988 -0.0601183 -0.315593 95.4687
-0.315243 0.00900203 0.948968 138.941 -0.0546707 0.998122 -0.0276297 -3.30517 -0.947435 -0.0605909 -0.314159 95.2578
-0.313297 0.0108215 0.949593 139.574 -0.0534464 0.998149 -0.0290083 -3.32916 -0.94815 -0.0598407 -0.312139 95.0522
-0.309988 0.0111169 0.950675 140.205 -0.0526705 0.998195 -0.0288469 -3.34916 -0.94928 -0.0590149 -0.308843 94.8476
-0.305355 0.0108049 0.952177 140.826 -0.0527811 0.998206 -0.0282537 -3.38272 -0.950774 -0.0588844 -0.304238 94.6476
-0.30132 0.00964729 0.953474 141.437 -0.0518114 0.998306 -0.0264746 -3.40507 -0.952114 -0.0573783 -0.30031 94.4572
-0.296448 0.00867892 0.955009 142.059 -0.0508365 0.998398 -0.0248536 -3.42732 -0.953695 -0.0559172 -0.295532 94.2716
-0.292732 0.00806914 0.95616 142.675 -0.0512518 0.998394 -0.0241165 -3.44422 -0.95482 -0.0560647 -0.291849 94.0922
-0.289354 0.00701828 0.957196 143.285 -0.0510904 0.998434 -0.022765 -3.4722 -0.955857 -0.0554907 -0.288543 93.915
-0.285115 0.00558097 0.958477 143.9 -0.0494663 0.998565 -0.020529 -3.49584 -0.957216 -0.0532656 -0.28443 93.7329
-0.281529 0.00429069 0.959543 144.517 -0.0479803 0.998676 -0.0185431 -3.52551 -0.958352 -0.0512597 -0.280952 93.5565
-0.277916 0.00320662 0.960599 145.123 -0.0491173 0.998639 -0.017544 -3.54287 -0.959348 -0.0520579 -0.277381 93.3874
-0.274304 0.00338731 0.961636 145.724 -0.0506078 0.998557 -0.0179531 -3.55773 -0.96031 -0.053591 -0.273738 93.2256
-0.27043 0.00617842 0.962719 146.315 -0.0491721 0.998585 -0.0202212 -3.58111 -0.961483 -0.0528074 -0.269745 93.0651
-0.264258 0.0081395 0.964417 146.903 -0.0486817 0.998577 -0.021767 -3.60286 -0.963222 -0.0527017 -0.263487 92.9012
