1 0 0 0 0 1 0 0 0 0 1 0
0.999999 0.000350212 0.00156287 0.00814596 -0.000350422 1 0.000133728 -0.0530098 -0.00156282 -0.000134276 0.999999 1.20871
0.999995 0.000613899 0.00296935 0.0081952 -0.000615356 1 0.000489646 -0.0862693 -0.00296905 -0.000491471 0.999995 2.41689
0.999991 0.000815579 0.00404039 0.0113283 -0.000817119 1 0.000379477 -0.118646 -0.00404008 -0.000382776 0.999992 3.62336
0.999987 0.000665482 0.00510316 0.0133437 -0.000668809 1 0.000650202 -0.14462 -0.00510273 -0.000653606 0.999987 4.82318
0.999982 0.000732479 0.00593905 0.0180975 -0.00073793 0.999999 0.000915694 -0.168588 -0.00593837 -0.00092006 0.999982 6.02323
0.999977 0.000709627 0.00667432 0.0202932 -0.000712193 1 0.000382125 -0.191269 -0.00667405 -0.000386869 0.999978 7.22357
0.999971 0.000961261 0.0075822 0.0237326 -0.000963501 0.999999 0.000291744 -0.214049 -0.00758191 -0.000299041 0.999971 8.42396
0.999969 0.000939047 0.00779396 0.0261681 -0.000948867 0.999999 0.00125632 -0.235636 -0.00779277 -0.00126367 0.999969 9.62932
0.999978 0.00091998 0.00655833 0.0270825 -0.000932768 0.999997 0.00194714 -0.256363 -0.00655652 -0.00195322 0.999977 10.8347
0.999991 0.000540341 0.00415263 0.0262995 -0.000548549 0.999998 0.00197551 -0.275931 -0.00415156 -0.00197778 0.999989 12.0394
0.999997 0.00033317 0.00220332 0.0232355 -0.000336484 0.999999 0.00150353 -0.293899 -0.00220281 -0.00150427 0.999996 13.2448
1 0.000162383 0.000885677 0.01627 -0.000163779 0.999999 0.00157719 -0.309383 -0.000885418 -0.00157734 0.999998 14.4472
0.999999 0.00143797 -0.000382902 0.0146261 -0.00143744 0.999998 0.00137913 -0.31913 0.000384885 -0.00137857 0.999999 15.6508
0.999999 0.00115678 -0.000458946 0.016093 -0.00115599 0.999998 0.00172153 -0.330757 0.000460937 -0.001721 0.999998 16.8567
1 0.000723527 -0.000486385 0.0132295 -0.000722405 0.999997 0.00230231 -0.344533 0.00048805 -0.00230195 0.999997 18.0646
0.999998 0.00120892 -0.00182083 0.00939726 -0.00120503 0.999997 0.00213744 -0.358415 0.00182341 -0.00213524 0.999996 19.2716
0.999998 0.00101366 -0.00192406 0.00283865 -0.00101102 0.999998 0.00136962 -0.376591 0.00192544 -0.00136768 0.999997 20.4785
0.999993 0.00157151 -0.003457 -0.00521038 -0.00156901 0.999998 0.000725253 -0.394672 0.00345814 -0.000719824 0.999994 21.6835
0.999989 0.00173019 -0.00427285 -0.0143014 -0.0017253 0.999998 0.00114785 -0.412078 0.00427482 -0.00114046 0.99999 22.8886
0.999989 0.00165694 -0.00446661 -0.0239828 -0.00165123 0.999998 0.00128288 -0.42919 0.00446873 -0.00127549 0.999989 24.0941
0.999981 0.00166047 -0.00602131 -0.0356257 -0.001656 0.999998 0.000747515 -0.447057 0.00602254 -0.000737529 0.999982 25.2978
0.999979 0.00171288 -0.00626923 -0.0522332 -0.00171088 0.999998 0.000325161 -0.465038 0.00626978 -0.000314428 0.99998 26.5063
0.999969 0.0012146 -0.00777898 -0.0646278 -0.00120216 0.999998 0.00160292 -0.477391 0.00778091 -0.00159352 0.999968 27.7204
0.99996 0.00114454 -0.00892395 -0.0774638 -0.00113089 0.999998 0.00153434 -0.492644 0.00892569 -0.00152419 0.999959 28.9297
0.999959 0.00077332 -0.00905724 -0.0930328 -0.000760156 0.999999 0.00145674 -0.509446 0.00905835 -0.00144979 0.999958 30.1434
0.999941 0.000400742 -0.0108765 -0.105733 -0.000396375 1 0.000403609 -0.522543 0.0108767 -0.000399274 0.999941 31.3497
0.999938 0.000895501 -0.0111055 -0.120103 -0.000894652 1 8.14624e-05 -0.5357 0.0111055 -7.15219e-05 0.999938 32.559
0.99992 0.000891944 -0.0126388 -0.139717 -0.000881431 0.999999 0.000837338 -0.548197 0.0126396 -0.000826131 0.99992 33.7669
0.999914 0.000764694 -0.0130926 -0.162702 -0.000749905 0.999999 0.00113441 -0.559025 0.0130935 -0.00112449 0.999914 34.9716
0.999917 0.000298848 -0.0128921 -0.181258 -0.000281784 0.999999 0.0013254 -0.575217 0.0128925 -0.00132165 0.999916 36.181
0.999899 0.000878443 -0.0141579 -0.202293 -0.000851542 0.999998 0.001906 -0.589525 0.0141596 -0.00189375 0.999898 37.3894
0.999904 0.000337637 -0.0138418 -0.223853 -0.000309538 0.999998 0.00203212 -0.605043 0.0138425 -0.00202764 0.999902 38.6014
0.999892 0.000487484 -0.0146597 -0.246649 -0.000446092 0.999996 0.00282663 -0.618542 0.014661 -0.00281979 0.999888 39.8122
0.999888 0.000857591 -0.0149222 -0.275328 -0.000805205 0.999993 0.00351625 -0.629949 0.0149251 -0.00350384 0.999882 41.0263
0.999896 0.00200017 -0.0143135 -0.300662 -0.00194702 0.999991 0.00372628 -0.640624 0.0143208 -0.00369802 0.99989 42.2409
0.999887 0.00318998 -0.014726 -0.317611 -0.00313373 0.999988 0.00384118 -0.645965 0.014738 -0.00379459 0.999884 43.4412
0.999897 0.00513257 -0.0134187 -0.349157 -0.00506412 0.999974 0.00513019 -0.66121 0.0134446 -0.0050617 0.999897 44.6496
0.999909 0.00520832 -0.0124299 -0.369034 -0.00511194 0.999957 0.00777309 -0.67361 0.0124698 -0.00770885 0.999892 45.8587
0.999922 0.00583883 -0.0110132 -0.391047 -0.00573118 0.999936 0.00978074 -0.682574 0.0110696 -0.00971686 0.999891 47.0697
0.999942 0.00607593 -0.00885201 -0.410344 -0.0059701 0.999911 0.0119327 -0.688795 0.00892373 -0.0118791 0.999889 48.2808
0.999952 0.00546621 -0.00813074 -0.428683 -0.00535502 0.999893 0.0136342 -0.692787 0.00820439 -0.01359 0.999874 49.492
0.999968 0.00435981 -0.00672322 -0.444815 -0.0042761 0.999914 0.0124161 -0.69708 0.00677678 -0.012387 0.9999 50.702
0.999973 0.00581158 -0.00460795 -0.457803 -0.00575697 0.999914 0.011776 -0.701004 0.00467599 -0.0117491 0.99992 51.909
0.999969 0.00649202 -0.00453899 -0.470399 -0.00643977 0.999914 0.0114327 -0.702579 0.00461282 -0.0114031 0.999924 53.1192
0.999978 0.00555944 -0.00356096 -0.48472 -0.00551725 0.999916 0.0117509 -0.702656 0.00362599 -0.011731 0.999924 54.3308
0.999974 0.00504341 -0.00521347 -0.499267 -0.00498244 0.99992 0.0116431 -0.70283 0.00527178 -0.0116169 0.999918 55.5478
0.999967 0.00452216 -0.00683577 -0.506902 -0.0044382 0.999915 0.0122479 -0.699142 0.00689058 -0.0122171 0.999901 56.753
0.999964 0.00445562 -0.00725089 -0.519992 -0.00435948 0.999903 0.0132209 -0.710649 0.00730909 -0.0131888 0.999886 57.9766
0.999945 0.00502135 -0.00925854 -0.536065 -0.00489654 0.999898 0.0134548 -0.717637 0.00932515 -0.0134087 0.999866 59.1922
0.999936 0.00597835 -0.00960438 -0.555884 -0.00585292 0.999898 0.0130351 -0.723288 0.00968132 -0.012978 0.999869 60.406
0.999914 0.00686852 -0.0111723 -0.577187 -0.00671677 0.999885 0.0135642 -0.727591 0.0112641 -0.013488 0.999845 61.6205
0.999907 0.00704911 -0.0117231 -0.599109 -0.00689806 0.999893 0.0128755 -0.732813 0.0118127 -0.0127934 0.999848 62.8349
0.999913 0.00648344 -0.0114934 -0.620749 -0.00633887 0.999901 0.0125709 -0.738562 0.0115738 -0.012497 0.999855 64.0489
0.999905 0.00579435 -0.0125185 -0.643045 -0.00562252 0.99989 0.0137177 -0.729029 0.0125966 -0.013646 0.999827 65.2626
0.999911 0.00585015 -0.0120001 -0.663781 -0.00566451 0.999865 0.0154463 -0.720223 0.0120889 -0.0153769 0.999808 66.4641
0.999898 0.00658234 -0.0126761 -0.685881 -0.00640113 0.999878 0.0142829 -0.713073 0.0127686 -0.0142003 0.999817 67.6668
0.999896 0.00740449 -0.0123832 -0.7134 -0.00723457 0.99988 0.0137111 -0.706003 0.0124832 -0.01362 0.999829 68.868
0.999897 0.00839897 -0.0116568 -0.742384 -0.0082278 0.999859 0.0146551 -0.691925 0.0117782 -0.0145576 0.999824 70.0592
0.999877 0.00938478 -0.0125489 -0.761862 -0.00919973 0.999849 0.0147235 -0.68 0.0126852 -0.0146063 0.999813 71.2618
0.99987 0.0116757 -0.0111312 -0.783221 -0.0115092 0.999823 0.0149125 -0.677253 0.0113033 -0.0147824 0.999827 72.4548
0.999871 0.0116991 -0.0110147 -0.80482 -0.0115235 0.999808 0.0158683 -0.674096 0.0111982 -0.0157393 0.999813 73.6511
0.999878 0.0125261 -0.00934435 -0.824361 -0.0123722 0.99979 0.0163538 -0.670285 0.00954723 -0.0162362 0.999822 74.8474
0.999918 0.0114136 -0.0058961 -0.838229 -0.0113198 0.999813 0.0156983 -0.65746 0.00607416 -0.0156303 0.999859 76.0291
0.999943 0.00988733 -0.00413552 -0.848115 -0.00983716 0.99988 0.01198 -0.664079 0.00425347 -0.0119386 0.99992 77.2097
0.99994 0.0109681 -0.00055043 -0.850844 -0.010961 0.999873 0.0116241 -0.66791 0.000677855 -0.0116174 0.999932 78.3843
0.999945 0.0103831 0.00156499 -0.853601 -0.0104052 0.999836 0.0148326 -0.66814 -0.00141073 -0.0148481 0.999889 79.5685
0.999946 0.00918966 0.00493087 -0.855202 -0.00926909 0.999824 0.0163351 -0.667158 -0.00477988 -0.0163799 0.999854 80.7465
0.999897 0.010484 0.00979145 -0.855584 -0.0106329 0.999827 0.0152876 -0.671606 -0.00962948 -0.0153901 0.999835 81.9106
0.999868 0.0100522 0.0128139 -0.846779 -0.0102177 0.999865 0.0129095 -0.677636 -0.0126824 -0.0130387 0.999834 83.0755
0.999794 0.0109594 0.0171264 -0.83036 -0.0111342 0.999887 0.0101448 -0.695972 -0.0170133 -0.0103334 0.999802 84.2361
0.999745 0.0112664 0.0195758 -0.800731 -0.0114644 0.999884 0.0100326 -0.715835 -0.0194605 -0.0102545 0.999758 85.3974
0.999666 0.0111578 0.0233432 -0.766783 -0.0114117 0.999877 0.0107715 -0.734774 -0.0232201 -0.0110342 0.999669 86.5588
0.999553 0.00860813 0.0286499 -0.739341 -0.00896997 0.999881 0.0125253 -0.638569 -0.0285386 -0.0127767 0.999511 87.6839
0.999438 0.00575697 0.0330376 -0.709591 -0.00613173 0.999918 0.0112534 -0.538849 -0.0329701 -0.0114497 0.999391 88.7658
0.999275 0.00695836 0.0374444 -0.67551 -0.00735893 0.999917 0.0105706 -0.571768 -0.0373677 -0.0108385 0.999243 89.9182
0.99916 0.00701967 0.0403831 -0.63377 -0.00747871 0.999909 0.011227 -0.590591 -0.0403006 -0.0115196 0.999121 91.0688
0.999036 0.00661389 0.0434015 -0.588044 -0.00715344 0.999899 0.012288 -0.607175 -0.0433158 -0.0125866 0.998982 92.2197
0.998876 0.00614819 0.0470023 -0.53555 -0.00680217 0.999882 0.0137665 -0.6096 -0.0469121 -0.0140707 0.9988 93.3773
0.998776 0.00628299 0.0490636 -0.484883 -0.00702085 0.999865 0.014881 -0.613588 -0.0489634 -0.0152073 0.998685 94.5374
0.998602 0.00461529 0.0526692 -0.430267 -0.00545156 0.999861 0.0157451 -0.613641 -0.0525892 -0.0160102 0.998488 95.6898
0.998511 0.0043518 0.0543774 -0.374195 -0.00514485 0.999882 0.0144527 -0.611805 -0.0543081 -0.014711 0.998416 96.8482
0.998389 0.00420142 0.0565879 -0.31534 -0.00489633 0.999914 0.012147 -0.614094 -0.056532 -0.0124045 0.998324 98.0056
0.998231 0.00480141 0.0592621 -0.250059 -0.00540592 0.999935 0.0100446 -0.619942 -0.05921 -0.0103472 0.998192 99.1665
0.998179 0.00483722 0.0601236 -0.186642 -0.00543033 0.999938 0.00970532 -0.625183 -0.0600729 -0.0100141 0.998144 100.345
0.998096 0.00478319 0.0615032 -0.114121 -0.00542975 0.999932 0.0103497 -0.627691 -0.0614494 -0.0106639 0.998053 101.512
0.998196 0.00448491 0.059881 -0.0511474 -0.00516752 0.999923 0.0112495 -0.624637 -0.059826 -0.0115386 0.998142 102.697
0.998291 0.00389514 0.0583052 0.0123251 -0.00461894 0.999914 0.0122843 -0.620519 -0.0582523 -0.0125326 0.998223 103.883
0.998353 0.00463527 0.0571914 0.0781421 -0.00538235 0.999902 0.0129156 -0.618784 -0.0571259 -0.0132022 0.99828 105.066
0.998536 0.00467015 0.0538943 0.135885 -0.00540265 0.999895 0.0134537 -0.619299 -0.0538258 -0.0137251 0.998456 106.272
0.998644 0.0048918 0.0518329 0.196351 -0.00558468 0.999897 0.0132311 -0.616444 -0.0517628 -0.0135026 0.998568 107.466
0.998869 0.00582206 0.0472023 0.247639 -0.00646367 0.999889 0.0134514 -0.616351 -0.0471187 -0.0137413 0.998795 108.673
0.999043 0.0060997 0.043307 0.29418 -0.00670103 0.999883 0.0137537 -0.616007 -0.0432181 -0.0140307 0.998967 109.881
0.999179 0.00647024 0.0399905 0.340815 -0.00703895 0.999876 0.0140966 -0.614107 -0.0398943 -0.0143666 0.999101 111.087
0.999371 0.00631353 0.0349124 0.378753 -0.00682792 0.99987 0.0146341 -0.611343 -0.0348155 -0.0148633 0.999283 112.309
0.999495 0.00651875 0.0310994 0.417373 -0.0069906 0.999862 0.0150875 -0.607566 -0.0309967 -0.0152973 0.999402 113.526
0.999649 0.00697398 0.0255682 0.447185 -0.00735888 0.999861 0.0149906 -0.604126 -0.0254601 -0.0151734 0.999561 114.752
0.999759 0.00754356 0.0206352 0.470567 -0.00784867 0.999861 0.014745 -0.600858 -0.0205211 -0.0149034 0.999678 115.978
0.99983 0.00800213 0.0166018 0.486293 -0.00824955 0.999855 0.0148883 -0.600483 -0.0164802 -0.0150227 0.999751 117.196
0.999899 0.00871275 0.0112108 0.494375 -0.00887839 0.999851 0.0148113 -0.60103 -0.0110801 -0.0149093 0.999827 118.431
0.999911 0.0104079 0.00833512 0.498 -0.0105301 0.999836 0.014746 -0.603287 -0.00818026 -0.0148325 0.999856 119.661
0.99991 0.0122171 0.00566473 0.497002 -0.0122992 0.999817 0.0146846 -0.603345 -0.00548428 -0.014753 0.999876 120.899
0.999905 0.0130472 0.00455411 0.494538 -0.0131127 0.999807 0.0146688 -0.603897 -0.00436184 -0.0147271 0.999882 122.14
0.999884 0.0145964 0.00431653 0.491146 -0.0146568 0.99979 0.0143171 -0.603721 -0.00410663 -0.0143787 0.999888 123.377
0.999875 0.0155405 0.00290141 0.484337 -0.0155816 0.99977 0.0147235 -0.600973 -0.00267192 -0.0147668 0.999887 124.62
0.999868 0.016033 0.00274914 0.477803 -0.0160737 0.999751 0.0154546 -0.597865 -0.00250066 -0.0154967 0.999877 125.863
0.999826 0.0186157 0.0013732 0.46808 -0.0186361 0.999686 0.0167475 -0.59061 -0.00106099 -0.0167702 0.999859 127.121
0.999806 0.0196916 0.000648731 0.458455 -0.0197003 0.999627 0.0189115 -0.578677 -0.000276084 -0.0189206 0.999821 128.38
0.999819 0.0190201 0.00110425 0.45299 -0.0190373 0.999648 0.0184939 -0.571547 -0.000752098 -0.0185116 0.999828 129.63
0.99981 0.0194915 -9.33185e-05 0.441273 -0.0194867 0.99965 0.0179079 -0.565804 0.000442345 -0.0179027 0.99984 130.898
0.999852 0.0172388 3.98686e-05 0.432435 -0.0172366 0.999681 0.0184637 -0.55704 0.000278444 -0.0184616 0.999829 132.153
0.999884 0.0152089 -0.00136795 0.425236 -0.0151787 0.999686 0.0199142 -0.546768 0.0016704 -0.0198911 0.999801 133.42
0.999912 0.0131908 -0.00157945 0.41788 -0.0131538 0.999682 0.0215011 -0.534452 0.00186257 -0.0214784 0.999767 134.686
0.999932 0.0116637 -0.000933047 0.41489 -0.0116402 0.999687 0.0221344 -0.513966 0.00119093 -0.022122 0.999754 135.95
0.999958 0.00912536 -0.00149565 0.410537 -0.00909133 0.999731 0.021364 -0.498335 0.00169021 -0.0213495 0.999771 137.222
0.999972 0.00753852 -0.000911819 0.407025 -0.00751811 0.999759 0.0206329 -0.483764 0.00106715 -0.0206255 0.999787 138.495
0.999979 0.006462 -0.00104761 0.405174 -0.00643954 0.999776 0.0201779 -0.470067 0.00117778 -0.0201707 0.999796 139.77
0.999983 0.00587883 -0.000976765 0.403417 -0.00585796 0.99978 0.0201527 -0.456489 0.00109503 -0.0201466 0.999796 141.045
0.999977 0.00674616 0.000400831 0.403186 -0.00675337 0.999733 0.0220874 -0.440433 -0.000251711 -0.0220896 0.999756 142.32
0.999963 0.00866695 0.000306984 0.399136 -0.00867174 0.999694 0.0231778 -0.421528 -0.000106002 -0.0231796 0.999731 143.597
0.999961 0.00882825 0.000824692 0.396714 -0.00884442 0.999713 0.0222615 -0.406207 -0.000627917 -0.0222679 0.999752 144.873
0.99995 0.0097881 0.00196046 0.393313 -0.00982762 0.999725 0.0212826 -0.390058 -0.00175159 -0.0213008 0.999771 146.148
0.999953 0.00957287 0.00166686 0.389033 -0.00960417 0.999756 0.0199111 -0.376282 -0.00147584 -0.0199262 0.9998 147.422
0.999955 0.00884164 0.00346001 0.386206 -0.00889763 0.999824 0.0165177 -0.368225 -0.00331334 -0.0165477 0.999857 148.696
0.99996 0.00840564 0.00315641 0.390246 -0.00844725 0.999875 0.0134105 -0.364554 -0.00304328 -0.0134366 0.999905 149.97
0.999956 0.0087997 0.00320518 0.392753 -0.00884004 0.999879 0.012798 -0.363169 -0.00309217 -0.0128257 0.999913 151.243
0.999958 0.00824054 0.00408313 0.396493 -0.00829405 0.999878 0.0132661 -0.361152 -0.0039733 -0.0132994 0.999904 152.515
0.999952 0.00928456 0.00328229 0.39371 -0.0093285 0.999864 0.0136342 -0.356139 -0.00315525 -0.0136641 0.999901 153.789
0.999944 0.00984272 0.00388072 0.391932 -0.00989821 0.999845 0.014549 -0.354436 -0.00373691 -0.0145866 0.999886 155.063
0.999944 0.0102735 0.00259336 0.38838 -0.0103095 0.999846 0.014252 -0.353053 -0.00244653 -0.0142779 0.999895 156.337
0.999941 0.0106159 0.00239069 0.384404 -0.0106487 0.999843 0.014182 -0.351502 -0.00223975 -0.0142066 0.999896 157.609
0.99994 0.0106886 0.00232289 0.38039 -0.0107211 0.999838 0.014496 -0.349587 -0.00216756 -0.01452 0.999892 158.882
0.999945 0.0104378 0.00102439 0.374512 -0.0104524 0.999826 0.0154646 -0.347995 -0.00086279 -0.0154744 0.99988 160.154
0.999942 0.0107076 0.00130419 0.367807 -0.0107269 0.999817 0.015845 -0.344381 -0.00113428 -0.0158581 0.999873 161.428
0.999938 0.0111162 0.000159123 0.358586 -0.0111174 0.999825 0.0150637 -0.336798 8.36436e-06 -0.0150645 0.999886 162.705
0.99993 0.0118824 -0.000534061 0.352784 -0.0118735 0.999826 0.0144208 -0.331789 0.00070533 -0.0144135 0.999896 163.978
0.999928 0.0119936 -0.000354079 0.342401 -0.0119872 0.999823 0.0145189 -0.323953 0.000528157 -0.0145136 0.999894 165.253
0.999939 0.0109756 -0.00165681 0.339477 -0.0109509 0.999839 0.0142715 -0.324965 0.00181319 -0.0142525 0.999897 166.526
0.999937 0.0111653 -0.00121353 0.336719 -0.0111474 0.999842 0.0138822 -0.321024 0.00136834 -0.0138677 0.999903 167.794
0.999936 0.0110857 -0.00241908 0.332295 -0.0110507 0.999841 0.0140438 -0.316757 0.00257438 -0.0140161 0.999898 169.061
0.999929 0.011501 -0.00323818 0.326358 -0.0114505 0.999819 0.0152072 -0.309912 0.0034125 -0.0151691 0.999879 170.329
0.999928 0.0116711 -0.00292763 0.318701 -0.0116249 0.999816 0.0153139 -0.306511 0.00310582 -0.0152788 0.999878 171.592
0.99992 0.0118749 -0.00432519 0.309295 -0.0118055 0.999807 0.01572 -0.302528 0.00451103 -0.0156677 0.999867 172.856
0.999911 0.0127032 -0.00422713 0.299524 -0.0126344 0.999794 0.0159378 -0.299748 0.00442873 -0.015883 0.999864 174.12
0.999896 0.0133144 -0.00555474 0.284027 -0.0132248 0.999787 0.0158678 -0.293627 0.00576483 -0.0157926 0.999859 175.389
0.999887 0.0137452 -0.00612463 0.27133 -0.013648 0.999785 0.0156455 -0.283019 0.00633837 -0.0155602 0.999859 176.661
0.999881 0.014248 -0.00588094 0.258348 -0.0141547 0.999778 0.015622 -0.27562 0.00610222 -0.0155369 0.999861 177.932
0.999876 0.013982 -0.00721447 0.249332 -0.0138679 0.999782 0.0156269 -0.270043 0.0074314 -0.0155249 0.999852 179.204
0.999895 0.0128454 -0.00674924 0.241078 -0.0127443 0.999809 0.0148181 -0.265604 0.0069383 -0.0147305 0.999867 180.476
0.999916 0.0103951 -0.0078053 0.230901 -0.0102746 0.99983 0.0153283 -0.260854 0.00796331 -0.0152468 0.999852 181.747
0.999907 0.0110499 -0.00801016 0.220378 -0.0108988 0.999767 0.0186665 -0.251925 0.00821456 -0.0185774 0.999794 183.018
0.999921 0.0102389 -0.00725499 0.210773 -0.0100802 0.999717 0.0215851 -0.239415 0.00747394 -0.0215103 0.999741 184.289
0.999908 0.0109585 -0.00801217 0.196325 -0.0107844 0.999712 0.0214603 -0.235529 0.00824504 -0.0213719 0.999738 185.555
0.999897 0.0125758 -0.00691443 0.183347 -0.0124408 0.999738 0.01923 -0.232976 0.00715446 -0.019142 0.999791 186.819
0.999882 0.0131888 -0.00782814 0.168576 -0.013044 0.999748 0.0182661 -0.230057 0.00806708 -0.0181618 0.999802 188.077
0.999884 0.0128026 -0.00823968 0.153328 -0.0126464 0.999745 0.0187401 -0.226393 0.0084775 -0.0186338 0.99979 189.335
0.999889 0.0129438 -0.00734143 0.139195 -0.0127967 0.999723 0.0197421 -0.221483 0.00759494 -0.0196459 0.999778 190.593
0.999884 0.0130719 -0.00781507 0.119253 -0.0129058 0.999698 0.0209439 -0.213926 0.00808649 -0.0208406 0.99975 191.847
0.999895 0.0131408 -0.00607425 0.104657 -0.0130082 0.999687 0.0213793 -0.211283 0.00635329 -0.021298 0.999753 193.103
0.999898 0.0130892 -0.00563014 0.092888 -0.0129686 0.999697 0.0209453 -0.197897 0.00590259 -0.0208701 0.999765 194.342
0.999923 0.0117508 -0.00396857 0.0845207 -0.0116684 0.999729 0.020169 -0.195978 0.0042045 -0.0201211 0.999789 195.587
0.999913 0.0129361 -0.00246323 0.0774124 -0.0128871 0.999738 0.0189546 -0.19618 0.00270779 -0.0189212 0.999817 196.83
0.999926 0.0120251 -0.00181749 0.068911 -0.0119888 0.999751 0.0188072 -0.193132 0.0020432 -0.018784 0.999821 198.062
0.999925 0.0122554 0.000459975 0.0602306 -0.0122619 0.99974 0.0192347 -0.181747 -0.000224121 -0.0192389 0.999815 199.291
0.999927 0.0120395 0.00105236 0.0529492 -0.0120585 0.999719 0.0204242 -0.172399 -0.000806158 -0.0204354 0.999791 200.514
0.999918 0.0125995 0.00218667 0.046314 -0.0126426 0.999701 0.0209353 -0.167856 -0.00192224 -0.0209612 0.999778 201.731
0.999908 0.0129526 0.00411651 0.04217 -0.0130337 0.999708 0.0203516 -0.163901 -0.00385169 -0.0204034 0.999784 202.948
0.999905 0.0129833 0.00467798 0.0391009 -0.0130797 0.99969 0.0211906 -0.15559 -0.0044014 -0.0212498 0.999765 204.159
0.9999 0.0125735 0.00645257 0.0382198 -0.0127098 0.999687 0.021542 -0.147439 -0.00617969 -0.0216219 0.999747 205.364
0.999898 0.0126398 0.00664742 0.0381038 -0.0127818 0.999682 0.0217722 -0.13612 -0.0063701 -0.0218549 0.999741 206.563
0.999892 0.0126233 0.00745661 0.0308226 -0.0127841 0.999678 0.0219312 -0.114395 -0.00717735 -0.0220241 0.999732 207.745
0.9999 0.0111139 0.00868491 0.0397787 -0.011306 0.999686 0.0223949 -0.109661 -0.00843328 -0.0224909 0.999712 208.914
0.999905 0.0111895 0.00805775 0.0480597 -0.0113738 0.999666 0.0231984 -0.106878 -0.00779547 -0.0232878 0.999698 210.077
0.999905 0.0107603 0.0085631 0.0551895 -0.0109675 0.999639 0.0245328 -0.104466 -0.00829602 -0.0246243 0.999662 211.213
0.999914 0.0108973 0.00729186 0.0610786 -0.0110718 0.999643 0.0243416 -0.0888576 -0.00702399 -0.0244202 0.999677 212.335
0.999915 0.0110615 0.00694604 0.0638038 -0.0112255 0.999649 0.0240236 -0.0788808 -0.00667786 -0.0240995 0.999687 213.44
0.999914 0.0109919 0.00717393 0.070233 -0.0111562 0.999667 0.0232881 -0.0694063 -0.00691555 -0.0233661 0.999703 214.535
0.999923 0.011042 0.00563119 0.0715676 -0.0111698 0.999669 0.0232012 -0.0628991 -0.00537313 -0.0232623 0.999715 215.618
0.999931 0.0105202 0.00529177 0.0730233 -0.0106397 0.999677 0.0230842 -0.0569479 -0.00504721 -0.0231389 0.99972 216.687
0.999946 0.0100722 0.0027718 0.0734149 -0.0101348 0.99967 0.0235996 -0.048568 -0.00253318 -0.0236264 0.999718 217.746
0.999952 0.00977749 0.000686501 0.0734098 -0.00979157 0.999641 0.0249579 -0.0530698 -0.000442223 -0.0249634 0.999688 218.793
0.999952 0.00974194 -0.00120658 0.0664804 -0.00970634 0.999598 0.0266441 -0.0475354 0.00146567 -0.0266311 0.999644 219.828
0.999942 0.00981263 -0.00438426 0.0579072 -0.00969241 0.999598 0.0266477 -0.038051 0.00464398 -0.0266037 0.999635 220.839
0.999927 0.0102421 -0.00646616 0.0469547 -0.0100677 0.9996 0.0264497 -0.0279065 0.00673448 -0.0263826 0.999629 221.828
0.999896 0.0104852 -0.00986501 0.0226084 -0.0102166 0.999586 0.0268919 -0.0118804 0.0101429 -0.0267883 0.99959 222.799
0.999862 0.0106197 -0.0127455 0.00243193 -0.0102658 0.999569 0.0275201 0.00285737 0.0130323 -0.0273855 0.99954 223.747
0.999828 0.0107387 -0.0151526 -0.0131832 -0.0103234 0.999576 0.0272246 0.00245976 0.0154385 -0.0270634 0.999515 224.673
0.999767 0.0103853 -0.0189326 -0.0330733 -0.00986996 0.999584 0.0271125 0.011328 0.0192063 -0.0269193 0.999453 225.578
0.999715 0.0106589 -0.021382 -0.0559425 -0.0100749 0.999578 0.0272333 0.0158366 0.0216633 -0.0270101 0.9994 226.451
0.999619 0.0112576 -0.0252046 -0.083818 -0.0105758 0.999579 0.0270238 0.0233096 0.0254982 -0.0267469 0.999317 227.315
0.999536 0.0117046 -0.0281308 -0.112683 -0.0109518 0.999582 0.0267651 0.0307538 0.0284323 -0.0264446 0.999246 228.152
0.999465 0.0130208 -0.0300099 -0.149164 -0.0122058 0.999556 0.0271815 0.0402961 0.0303505 -0.0268006 0.99918 228.964
0.999413 0.0136837 -0.0314109 -0.181032 -0.0128195 0.999538 0.0275494 0.047573 0.0317733 -0.0271306 0.999127 229.763
0.999436 0.0133369 -0.0308333 -0.207244 -0.0124694 0.999526 0.028157 0.0579356 0.0311942 -0.0277566 0.999128 230.544
0.99943 0.0134265 -0.0309858 -0.232424 -0.012533 0.999505 0.0288532 0.0656403 0.0313579 -0.0284483 0.999103 231.313
0.999433 0.0135273 -0.0308231 -0.258859 -0.0126325 0.999498 0.0290402 0.0738596 0.0312005 -0.0286344 0.999103 232.062
0.999453 0.0138938 -0.0300177 -0.283504 -0.0130583 0.999527 0.0278537 0.0829307 0.0303905 -0.0274465 0.999161 232.794
0.999453 0.0141686 -0.0298688 -0.308484 -0.0133785 0.99956 0.0264876 0.0911046 0.030231 -0.0260735 0.999203 233.529
0.999501 0.0140456 -0.0282996 -0.332325 -0.0133247 0.999586 0.0255039 0.10411 0.0286461 -0.0251141 0.999274 234.256
0.999517 0.0145247 -0.0274737 -0.354498 -0.0138367 0.99959 0.0250681 0.116073 0.0278265 -0.0246758 0.999308 234.984
0.99956 0.0144665 -0.0259139 -0.378294 -0.0138321 0.999604 0.0244935 0.126234 0.026258 -0.0241242 0.999364 235.705
0.999613 0.0143346 -0.0238564 -0.399449 -0.0137399 0.999595 0.0249057 0.136607 0.0242037 -0.0245683 0.999405 236.428
0.999647 0.0143847 -0.0223501 -0.419854 -0.0138276 0.999595 0.0248837 0.147055 0.022699 -0.0245658 0.999441 237.141
0.999695 0.0144858 -0.0200186 -0.438269 -0.0139949 0.999603 0.0244453 0.158309 0.0203648 -0.0241577 0.999501 237.849
0.999734 0.0144438 -0.0179925 -0.448421 -0.0140029 0.999604 0.0243955 0.153202 0.0183378 -0.0241371 0.999541 238.554
0.999784 0.0144051 -0.0149619 -0.454545 -0.0140315 0.999594 0.0247797 0.150453 0.0153128 -0.0245644 0.999581 239.259
0.999831 0.0139489 -0.0119599 -0.459797 -0.0136422 0.999585 0.025358 0.1453 0.0123087 -0.0251905 0.999607 239.964
0.999852 0.0142792 -0.00957825 -0.464208 -0.0140306 0.999575 0.0255376 0.14311 0.00993884 -0.0253994 0.999628 240.666
0.999888 0.0134833 -0.00658908 -0.472809 -0.0133113 0.999587 0.0254821 0.144974 0.00692994 -0.0253915 0.999654 241.365
0.999901 0.0134442 -0.00409439 -0.480781 -0.0133326 0.999569 0.0261633 0.151314 0.00444438 -0.0261061 0.999649 242.058
0.999897 0.0143165 -0.00147245 -0.486819 -0.0142742 0.999571 0.0255881 0.157287 0.00183816 -0.0255644 0.999672 242.751
0.999897 0.0142759 0.00188695 -0.490042 -0.0143192 0.999576 0.025357 0.163467 -0.00152415 -0.0253813 0.999677 243.446
0.999894 0.0139715 0.00426067 -0.492284 -0.0140776 0.999563 0.0259908 0.170837 -0.00389567 -0.026048 0.999653 244.142
0.99987 0.0145436 0.00695586 -0.493591 -0.0147206 0.999551 0.0261165 0.18103 -0.0065729 -0.0262155 0.999635 244.843
0.999855 0.0146958 0.00865879 -0.491352 -0.0149177 0.999547 0.0261519 0.187275 -0.00827053 -0.0262772 0.999621 245.548
0.999831 0.0146381 0.011137 -0.485124 -0.0149116 0.999579 0.0248875 0.193867 -0.010768 -0.0250493 0.999628 246.254
0.999814 0.0148904 0.0122369 -0.480007 -0.015172 0.999615 0.0232536 0.205003 -0.011886 -0.0234349 0.999655 246.967
0.999813 0.0141825 0.0131852 -0.473095 -0.0144779 0.99964 0.0225818 0.215835 -0.0128602 -0.0227684 0.999658 247.68
0.999804 0.0140898 0.0138824 -0.467441 -0.014416 0.999616 0.0236805 0.228251 -0.0135434 -0.023876 0.999623 248.397
0.99982 0.0133529 0.0134531 -0.45357 -0.0136705 0.999623 0.0238018 0.24636 -0.0131302 -0.0239814 0.999626 249.128
0.999792 0.0147181 0.0141399 -0.444647 -0.0150499 0.999607 0.0236524 0.258982 -0.0137862 -0.0238603 0.99962 249.86
0.999798 0.0144246 0.0140005 -0.433342 -0.0147504 0.999616 0.0234481 0.285504 -0.0136569 -0.0236499 0.999627 250.597
0.9998 0.0143266 0.0139551 -0.425867 -0.0146293 0.999655 0.0218405 0.299527 -0.0136374 -0.0220402 0.999664 251.357
0.999836 0.0104794 0.0147846 -0.41858 -0.0107828 0.99973 0.0205912 0.312179 -0.0145648 -0.0207472 0.999679 252.125
0.999861 0.00789728 0.0146966 -0.411471 -0.00818059 0.99978 0.0193182 0.322099 -0.0145408 -0.0194357 0.999705 252.885
0.999829 0.00975053 0.0157136 -0.398733 -0.0100954 0.999707 0.0220213 0.309915 -0.0154943 -0.0221761 0.999634 253.647
0.99975 0.0157058 0.015915 -0.384915 -0.0161275 0.999513 0.0267214 0.300303 -0.0154875 -0.0269713 0.999516 254.415
0.999754 0.0143462 0.0169422 -0.372378 -0.0148641 0.999414 0.0308479 0.292657 -0.0164897 -0.0310921 0.999381 255.2
0.999727 0.0128452 0.0195255 -0.355791 -0.0134205 0.999471 0.029622 0.284082 -0.0191347 -0.0298759 0.999371 255.988
0.999629 0.0147614 0.0228989 -0.339538 -0.0153287 0.999575 0.0248028 0.289371 -0.022523 -0.0251446 0.99943 256.778
0.99947 0.0181053 0.0270484 -0.325063 -0.0187222 0.999566 0.0227328 0.292176 -0.026625 -0.0232271 0.999376 257.584
0.999365 0.0198663 0.0295866 -0.307001 -0.0205692 0.999509 0.0236472 0.294139 -0.0291022 -0.0242407 0.999283 258.398
0.999282 0.019266 0.0326354 -0.278459 -0.0201219 0.999457 0.0261036 0.300573 -0.0321148 -0.0267415 0.999127 259.223
0.999229 0.0155703 0.036042 -0.245294 -0.016643 0.999422 0.0296571 0.311636 -0.0355594 -0.0302341 0.99891 260.056
0.999176 0.0134019 0.0383024 -0.212804 -0.0146123 0.999397 0.0314991 0.325898 -0.0378572 -0.0320329 0.99877 260.892
0.999034 0.0132577 0.0419097 -0.178903 -0.0146103 0.999377 0.0321348 0.341706 -0.0414575 -0.032716 0.998605 261.725
0.998926 0.0145826 0.04398 -0.146126 -0.0159671 0.999383 0.0312954 0.360933 -0.0434965 -0.031964 0.998542 262.562
0.998805 0.015398 0.0463784 -0.111044 -0.0168305 0.999388 0.0306555 0.379755 -0.045878 -0.0313994 0.998454 263.399
0.998674 0.0154329 0.0491151 -0.073811 -0.0169731 0.999372 0.0310978 0.398901 -0.0486044 -0.0318902 0.998309 264.236
0.998533 0.0159946 0.0517262 -0.0362101 -0.0177311 0.999289 0.0332889 0.414463 -0.051157 -0.0341573 0.998106 265.078
0.998334 0.0169071 0.0551742 0.00173293 -0.0188884 0.999188 0.0355878 0.435703 -0.0545277 -0.0365706 0.997842 265.921
0.998177 0.0179353 0.0576288 0.0458652 -0.0200406 0.999145 0.0361652 0.454432 -0.0569308 -0.0372542 0.997683 266.766
0.998039 0.0179471 0.059962 0.0898811 -0.0201058 0.999164 0.0355939 0.475221 -0.0592731 -0.0367297 0.997566 267.613
0.997876 0.0165355 0.0630109 0.139151 -0.0188102 0.999186 0.035679 0.495035 -0.0623696 -0.0367884 0.997375 268.459
0.997824 0.0145074 0.0643176 0.200083 -0.0168747 0.999194 0.0364166 0.505574 -0.0637375 -0.0374227 0.997265 269.305
0.997751 0.0135944 0.0656385 0.259294 -0.0160311 0.999196 0.036739 0.516518 -0.0650863 -0.0377086 0.997167 270.155
0.997732 0.0134291 0.0659522 0.316232 -0.0159221 0.999173 0.0374211 0.522905 -0.0653951 -0.0383863 0.997121 270.99
0.997703 0.0133786 0.066411 0.36927 -0.0159232 0.999153 0.0379358 0.536092 -0.0658472 -0.0389061 0.997071 271.835
0.997664 0.0136514 0.0669295 0.421535 -0.0162529 0.999127 0.0384798 0.553016 -0.0663458 -0.0394777 0.997015 272.684
0.997697 0.0141062 0.0663401 0.473596 -0.0167272 0.999095 0.0391205 0.57073 -0.0657282 -0.0401401 0.99703 273.532
0.997743 0.013718 0.0657258 0.524979 -0.0163098 0.999104 0.0390606 0.588634 -0.0651311 -0.0400445 0.997073 274.381
0.997853 0.0143332 0.0639084 0.575361 -0.0168374 0.999104 0.0388193 0.606459 -0.0632947 -0.039812 0.9972 275.231
0.997949 0.0147095 0.0622938 0.623059 -0.0171511 0.999098 0.0388431 0.626618 -0.0616662 -0.0398318 0.997302 276.081
0.997996 0.0154981 0.0613479 0.670017 -0.0179352 0.999064 0.0393768 0.647215 -0.0606802 -0.0403982 0.997339 276.932
0.998093 0.0165134 0.0594824 0.715325 -0.0188988 0.99903 0.0397668 0.668229 -0.0587681 -0.0408151 0.997437 277.782
0.998204 0.0163821 0.0576162 0.759034 -0.0187393 0.998999 0.0406113 0.690108 -0.0568932 -0.0416181 0.997512 278.633
0.998384 0.0161346 0.0544764 0.800469 -0.0184495 0.998936 0.0422626 0.716847 -0.0537366 -0.0431994 0.99762 279.486
0.998611 0.0146168 0.0506103 0.84049 -0.0168655 0.998876 0.044293 0.744256 -0.049906 -0.0450851 0.997736 280.331
0.998818 0.0133524 0.0467395 0.880381 -0.015526 0.9988 0.0464528 0.767377 -0.0460631 -0.0471236 0.997826 281.161
0.99904 0.0128839 0.041868 0.913571 -0.0149116 0.998713 0.0484836 0.793798 -0.0411895 -0.0490614 0.997946 281.993
0.999217 0.012031 0.0376783 0.937937 -0.0138734 0.998701 0.0490257 0.822219 -0.0370395 -0.04951 0.998086 282.822
0.999372 0.0115031 0.0334959 0.965314 -0.0131752 0.998656 0.0501322 0.854559 -0.0328742 -0.0505421 0.998181 283.626
0.999513 0.0106207 0.0293358 0.983462 -0.0120856 0.998665 0.0502172 0.875864 -0.0287633 -0.0505473 0.998307 284.42
0.999615 0.0100417 0.0258498 1.00083 -0.0113445 0.998647 0.050757 0.8983 -0.0253051 -0.0510307 0.998376 285.199
0.999715 0.0102667 0.0215595 1.01478 -0.0113531 0.99864 0.0508895 0.920627 -0.0210077 -0.0511198 0.998471 285.978
0.999774 0.0103568 0.0185692 1.02454 -0.0112942 0.998629 0.051112 0.949054 -0.0180144 -0.0513101 0.99852 286.727
0.999839 0.0100593 0.0148409 1.03009 -0.0108148 0.998602 0.0517396 0.981758 -0.0142997 -0.0518917 0.99855 287.463
0.999894 0.00941929 0.0110997 1.03564 -0.00998221 0.998608 0.0518018 1.00752 -0.0105963 -0.0519071 0.998596 288.181
0.999921 0.0104306 0.00699502 1.03351 -0.010775 0.998633 0.0511467 1.03041 -0.00645196 -0.0512181 0.998666 288.882
0.999932 0.0116193 0.000457589 1.0281 -0.0116277 0.998692 0.049787 1.0621 0.00012151 -0.049789 0.99876 289.581
0.9999 0.0121719 -0.00719079 1.01722 -0.011805 0.998727 0.0490375 1.09184 0.00777853 -0.0489477 0.998771 290.25
0.999771 0.011474 -0.0180581 0.998748 -0.0105898 0.998776 0.0483209 1.12177 0.0185905 -0.0481185 0.998668 290.9
0.999439 0.0114108 -0.0314902 0.972631 -0.0098822 0.998785 0.0482768 1.13961 0.0320028 -0.0479385 0.998337 291.53
0.998772 0.0117622 -0.0481252 0.930995 -0.00939338 0.998747 0.0491557 1.15908 0.0486431 -0.0486433 0.997631 292.145
0.997576 0.0145802 -0.0680367 0.87725 -0.0112249 0.998714 0.0494411 1.17889 0.06867 -0.0485576 0.996457 292.759
0.995813 0.0159092 -0.090018 0.810847 -0.0114519 0.998693 0.0498171 1.19353 0.0906929 -0.0485776 0.994693 293.352
0.993151 0.0170499 -0.115583 0.732558 -0.0113589 0.998699 0.0497184 1.20826 0.116281 -0.048065 0.992053 293.944
0.989572 0.0178708 -0.142926 0.642753 -0.0107612 0.998673 0.0503619 1.22549 0.143636 -0.0482986 0.988451 294.52
0.984729 0.0188663 -0.173069 0.534295 -0.0100483 0.998613 0.0516866 1.24174 0.173804 -0.0491582 0.983552 295.058
0.978178 0.0184108 -0.20695 0.409005 -0.00766164 0.998585 0.052623 1.26425 0.207626 -0.049889 0.976935 295.604
0.969892 0.0184828 -0.242833 0.264884 -0.00542105 0.998507 0.0543478 1.28051 0.243475 -0.0513951 0.968544 296.115
0.959844 0.0194642 -0.279858 0.104508 -0.00386509 0.998413 0.0561837 1.30109 0.280508 -0.0528459 0.958396 296.603
0.947577 0.0204358 -0.318873 -0.075579 -0.00209714 0.998329 0.0577487 1.31951 0.31952 -0.0540526 0.946036 297.099
0.933403 0.0208516 -0.358223 -0.271938 0.000315975 0.998262 0.0589306 1.33504 0.358829 -0.0551191 0.931774 297.551
0.916702 0.0208661 -0.399025 -0.487723 0.00314431 0.998228 0.0594237 1.35448 0.399558 -0.0557285 0.915012 298.014
0.897603 0.0208017 -0.440313 -0.715704 0.00627936 0.998181 0.059958 1.37546 0.440759 -0.0565833 0.89584 298.451
0.875495 0.019984 -0.482814 -0.962591 0.0103326 0.998142 0.06005 1.39313 0.483117 -0.0575621 0.873661 298.857
0.850406 0.019619 -0.52576 -1.23445 0.0141319 0.998092 0.0601025 1.41023 0.525936 -0.0585416 0.848507 299.266
0.82235 0.0192743 -0.568655 -1.52248 0.0179168 0.998053 0.0597386 1.42842 0.568699 -0.0593145 0.820404 299.649
0.791215 0.0201234 -0.611207 -1.81926 0.0201016 0.998063 0.0588821 1.44755 0.611207 -0.0588746 0.789277 299.992
0.756859 0.019715 -0.65328 -2.14367 0.024039 0.998029 0.0579694 1.46062 0.653135 -0.0595789 0.754894 300.335
0.718724 0.0184148 -0.695052 -2.46789 0.0299722 0.997899 0.0574315 1.47751 0.694649 -0.0621095 0.716662 300.64
0.676118 0.0178192 -0.736577 -2.82418 0.0378298 0.997549 0.0588573 1.49265 0.735821 -0.0676591 0.673787 300.94
0.629205 0.0179111 -0.777032 -3.18593 0.0442929 0.997284 0.0588544 1.50931 0.775976 -0.0714485 0.626703 301.206
0.579045 0.0210525 -0.815023 -3.54607 0.045707 0.997256 0.058233 1.51889 0.814013 -0.0709718 0.576494 301.424
0.526552 0.0262725 -0.849736 -3.94207 0.0437085 0.997364 0.0579216 1.53404 0.849018 -0.0676395 0.524016 301.626
0.471915 0.0293936 -0.881154 -4.33918 0.0433214 0.997464 0.0564749 1.54743 0.880579 -0.0648241 0.469445 301.797
0.415645 0.0313931 -0.908985 -4.71956 0.0448589 0.99748 0.0549618 1.56041 0.90842 -0.0636207 0.41319 301.929
0.357851 0.0325419 -0.933211 -5.12569 0.0480657 0.997426 0.0532124 1.57348 0.932541 -0.0638975 0.355365 302.045
0.299899 0.0347676 -0.953337 -5.51536 0.0518179 0.997267 0.0526704 1.58585 0.952562 -0.0651956 0.297278 302.138
0.241009 0.0371598 -0.969811 -5.92423 0.0548127 0.997151 0.0518289 1.60075 0.968974 -0.0656492 0.238285 302.204
0.179401 0.0400141 -0.982962 -6.33518 0.0583802 0.996979 0.0512397 1.61143 0.982042 -0.066578 0.176523 302.244
0.115394 0.043139 -0.992382 -6.74736 0.0589976 0.996995 0.0501997 1.62679 0.991566 -0.0643409 0.112502 302.262
0.0511789 0.0476262 -0.997553 -7.18549 0.0619423 0.996788 0.0507676 1.64018 0.996767 -0.0643889 0.0480646 302.245
-0.0150187 0.0526372 -0.998501 -7.62481 0.0639688 0.996618 0.0515759 1.65363 0.997839 -0.0630983 -0.0183349 302.199
-0.0820878 0.0578394 -0.994945 -8.06235 0.0662961 0.99642 0.0524554 1.66479 0.994417 -0.061655 -0.0856283 302.132
-0.148296 0.0634188 -0.986907 -8.52221 0.0684736 0.996205 0.0537273 1.68149 0.986569 -0.0596095 -0.152075 302.023
-0.214285 0.0681821 -0.974388 -8.97126 0.0715591 0.995976 0.0539556 1.69582 0.974146 -0.0581645 -0.218301 301.893
-0.278439 0.0715882 -0.957782 -9.43829 0.0752617 0.995778 0.0525487 1.71148 0.9575 -0.0574526 -0.282651 301.721
-0.340162 0.0730435 -0.937525 -9.89594 0.0782606 0.995719 0.0491821 1.724 0.937104 -0.0566414 -0.344422 301.521
-0.399708 0.0736253 -0.91368 -10.3414 0.0806419 0.995729 0.0449584 1.73545 0.913088 -0.0557107 -0.403938 301.296
-0.455295 0.0732732 -0.88732 -10.8052 0.0821468 0.995814 0.0400819 1.75482 0.886543 -0.0546414 -0.459408 301.025
-0.507257 0.0733876 -0.858664 -11.2601 0.0828071 0.995908 0.0361991 1.77841 0.857807 -0.0527412 -0.511258 300.728
-0.553899 0.0733284 -0.829348 -11.7148 0.0835976 0.995978 0.0322288 1.79573 0.828376 -0.05148 -0.557802 300.389
-0.595223 0.0734707 -0.800194 -12.1815 0.0838774 0.996052 0.0290615 1.80755 0.799171 -0.0498201 -0.599036 300.017
-0.632837 0.0754464 -0.7706 -12.6428 0.0862342 0.995918 0.0266886 1.81494 0.769468 -0.0495625 -0.63676 299.615
-0.669796 0.0810068 -0.738112 -13.1106 0.0916244 0.995452 0.0261053 1.81329 0.73687 -0.0501438 -0.674172 299.181
-0.706116 0.0851193 -0.702961 -13.5765 0.0951013 0.995155 0.0249719 1.81786 0.701681 -0.0492195 -0.710789 298.711
-0.739518 0.0861562 -0.6676 -14.0297 0.0963077 0.995115 0.0217406 1.81677 0.666211 -0.0482174 -0.744202 298.191
-0.770447 0.0832148 -0.632049 -14.4579 0.094836 0.995373 0.0154476 1.81843 0.63041 -0.0480394 -0.774774 297.631
-0.798407 0.0802701 -0.596742 -14.8911 0.0936889 0.995565 0.00856684 1.80872 0.594783 -0.0490682 -0.802387 297.029
-0.824015 0.0754422 -0.561522 -15.3048 0.0906204 0.995886 0.000817737 1.80984 0.559273 -0.0502115 -0.827461 296.392
-0.84713 0.0729033 -0.526361 -15.6997 0.0890327 0.996015 -0.00533769 1.7959 0.523874 -0.051385 -0.850244 295.724
-0.868573 0.0717738 -0.490335 -16.0992 0.087192 0.996154 -0.00863661 1.78303 0.48783 -0.0502548 -0.871491 294.996
-0.888561 0.0683694 -0.453634 -16.4662 0.0831888 0.996452 -0.0127669 1.76612 0.451152 -0.0490814 -0.891096 294.242
-0.906911 0.0674208 -0.415893 -16.8195 0.0814735 0.996546 -0.0161131 1.74336 0.41337 -0.0484973 -0.909271 293.44
-0.923368 0.068962 -0.377671 -17.149 0.0820202 0.996458 -0.0185802 1.71896 0.375052 -0.0481329 -0.925753 292.616
-0.938207 0.0716308 -0.338578 -17.4655 0.0833329 0.996319 -0.0201326 1.67879 0.33589 -0.0471032 -0.940723 291.743
-0.951141 0.0712455 -0.300423 -17.7484 0.0815728 0.996426 -0.0219572 1.65213 0.297785 -0.0453907 -0.953553 290.842
-0.961762 0.0742339 -0.263635 -17.9971 0.0831564 0.996275 -0.0228317 1.61861 0.260958 -0.0438815 -0.964352 289.923
-0.971167 0.0739512 -0.226637 -18.2232 0.0817576 0.996333 -0.0252403 1.59093 0.223939 -0.0430418 -0.973652 288.953
-0.978572 0.0733003 -0.192413 -18.4134 0.080432 0.996324 -0.029508 1.56959 0.189543 -0.0443518 -0.98087 287.975
-0.984752 0.0721564 -0.158293 -18.5823 0.0783455 0.996374 -0.033205 1.52856 0.155323 -0.0451001 -0.986834 286.965
-0.989438 0.0715727 -0.126051 -18.7159 0.0765552 0.996447 -0.035131 1.48805 0.123089 -0.0444098 -0.991401 285.929
-0.992903 0.0712014 -0.095251 -18.8136 0.0750408 0.996481 -0.0373481 1.44822 0.0922565 -0.0442307 -0.994752 284.874
-0.995372 0.0702472 -0.0655636 -18.8908 0.0729253 0.99656 -0.0393864 1.40357 0.0625712 -0.0439853 -0.997071 283.768
-0.996768 0.0699753 -0.039439 -18.9318 0.0715641 0.996617 -0.0404238 1.34848 0.0364768 -0.0431155 -0.998404 282.646
-0.99759 0.0679595 -0.0139824 -18.9476 0.0684792 0.996817 -0.0408399 1.3094 0.0111624 -0.0416989 -0.999068 281.484
-0.997738 0.0666694 0.00862024 -18.9411 0.0662681 0.996977 -0.0405708 1.25948 -0.011299 -0.0399077 -0.999139 280.313
-0.997414 0.0654687 0.0296266 -18.9052 0.0641884 0.997042 -0.0422807 1.20444 -0.032307 -0.0402697 -0.998666 279.126
-0.997037 0.0613894 0.0463457 -18.8469 0.0593333 0.997246 -0.0445107 1.14602 -0.0489505 -0.0416289 -0.997933 277.932
