1 0 0 0 0 1 0 0 0 0 1 0
0.999982 7.17401e-05 -0.00595436 -0.00894416 -7.3141e-05 1 -0.000235064 -0.00141523 0.00595434 0.000235495 0.999982 0.0920203
0.999919 0.000625987 -0.0127313 -0.0151558 -0.000629703 1 -0.000287895 -0.00364598 0.0127311 0.000295889 0.999919 0.181229
0.999796 0.000421457 -0.0201843 -0.0230567 -0.000451476 0.999999 -0.00148274 -0.00667909 0.0201836 0.00149155 0.999795 0.271157
0.999569 0.00153586 -0.0293022 -0.0332661 -0.00160443 0.999996 -0.00231682 -0.00811446 0.0292986 0.00236284 0.999568 0.363614
0.999185 0.00193879 -0.0403112 -0.0441148 -0.00207621 0.999992 -0.0033675 -0.00761145 0.0403044 0.00344845 0.999182 0.466812
0.998555 0.00129298 -0.0537235 -0.0632958 -0.00151389 0.99999 -0.00407155 -0.00700482 0.0537178 0.00414699 0.998548 0.584229
0.997574 0.00149134 -0.0695935 -0.0825516 -0.00178496 0.99999 -0.00415716 -0.010375 0.0695866 0.00427129 0.997567 0.714087
0.996133 0.00108148 -0.0878549 -0.104512 -0.00141556 0.999992 -0.00374046 -0.0147361 0.0878502 0.00385036 0.996126 0.854857
0.994199 -0.000647202 -0.107557 -0.13066 0.000210096 0.999992 -0.00407522 -0.0181539 0.107559 0.00402898 0.994191 1.01154
0.991543 -0.000173391 -0.129777 -0.165024 -0.000436698 0.999989 -0.0046726 -0.0236263 0.129776 0.00468976 0.991532 1.17064
0.98812 0.00254344 -0.15366 -0.21317 -0.00342882 0.999979 -0.00549718 -0.0316 0.153643 0.00595875 0.988109 1.3348
0.983875 0.00606646 -0.178753 -0.269576 -0.00761639 0.999939 -0.00798584 -0.0319947 0.178693 0.00921852 0.983862 1.51091
0.978596 0.00764551 -0.205647 -0.331114 -0.00963218 0.999916 -0.00866118 -0.0344405 0.205564 0.0104566 0.978588 1.68839
0.972082 0.00834843 -0.234492 -0.399361 -0.0107657 0.999901 -0.00903044 -0.0390731 0.234394 0.0113028 0.972076 1.87934
0.964098 0.0100988 -0.265355 -0.474463 -0.0127236 0.999886 -0.00817435 -0.0421866 0.265242 0.0112571 0.964116 2.06791
0.954835 0.0108837 -0.296936 -0.564586 -0.013971 0.999868 -0.00827703 -0.0459089 0.296807 0.0120517 0.954861 2.26682
0.943744 0.0124239 -0.330445 -0.66088 -0.0157402 0.999849 -0.00736177 -0.0509197 0.330303 0.0121489 0.943797 2.46282
0.931446 0.0146263 -0.363585 -0.763157 -0.0185095 0.999803 -0.00719813 -0.0559421 0.363408 0.0134344 0.931533 2.65169
0.917816 0.0162995 -0.396671 -0.883118 -0.0208344 0.999757 -0.00712562 -0.0571432 0.396459 0.0148044 0.917933 2.85141
0.901985 0.0173424 -0.43142 -1.00638 -0.0221357 0.999736 -0.00609215 -0.0589124 0.4312 0.0150448 0.902131 3.04497
0.883952 0.0141504 -0.467364 -1.13169 -0.0192922 0.999794 -0.00621763 -0.0605599 0.46718 0.0145126 0.884043 3.23729
0.863036 0.0112942 -0.505016 -1.27071 -0.0166066 0.999844 -0.00601907 -0.0677442 0.504869 0.0135813 0.863089 3.43795
0.838759 0.0113683 -0.544383 -1.42021 -0.0165173 0.999853 -0.00456917 -0.0732899 0.544252 0.0128242 0.838824 3.6236
0.810196 0.0154354 -0.585956 -1.60714 -0.020092 0.999797 -0.00144418 -0.0754133 0.585815 0.0129431 0.810342 3.80933
0.778286 0.0181323 -0.627648 -1.80274 -0.02339 0.999726 -0.000122304 -0.0803298 0.627474 0.0147759 0.778497 3.98541
0.74329 0.0172849 -0.668745 -1.99794 -0.023252 0.99973 -4.14178e-06 -0.0823657 0.668564 0.0155528 0.743492 4.1514
0.70406 0.0140371 -0.710002 -2.21888 -0.0186187 0.999826 0.00130423 -0.0898674 0.709896 0.0123011 0.704199 4.33518
0.66221 0.011114 -0.749236 -2.44759 -0.0149203 0.999887 0.00164488 -0.0933923 0.74917 0.0100896 0.662301 4.50594
0.61853 0.0102897 -0.785693 -2.68798 -0.0127026 0.999914 0.00309526 -0.0974378 0.785658 0.00806581 0.618608 4.66218
0.570919 0.0105209 -0.820938 -2.96469 -0.0111239 0.999925 0.00507868 -0.0979578 0.820931 0.00623252 0.570994 4.82268
0.520679 0.0110321 -0.853681 -3.25142 -0.0100389 0.999927 0.00679907 -0.0962718 0.853693 0.00502993 0.520752 4.96229
0.469005 0.0113387 -0.883123 -3.54584 -0.00914945 0.999926 0.00797935 -0.0945478 0.883148 0.00433774 0.469074 5.08415
0.41441 0.0124777 -0.910005 -3.88098 -0.00929146 0.999912 0.00947918 -0.0950136 0.910043 0.00452702 0.414489 5.20655
0.360571 0.014137 -0.932625 -4.21489 -0.00891448 0.999892 0.0117101 -0.0887754 0.932689 0.00409155 0.360658 5.30025
0.305163 0.015128 -0.95218 -4.58693 -0.00741162 0.999881 0.0135105 -0.0895325 0.952271 0.0029343 0.305239 5.39353
0.251794 0.0159579 -0.967649 -4.96399 -0.00417686 0.999873 0.0154025 -0.0872082 0.967772 0.000163498 0.251828 5.46704
0.201537 0.0165634 -0.979341 -5.34554 -0.00319646 0.999863 0.0162527 -0.090265 0.979476 -0.000145083 0.201562 5.51847
0.153315 0.0169554 -0.988032 -5.76937 -0.00492145 0.999853 0.0163946 -0.0827622 0.988165 0.00234901 0.153376 5.55482
0.111206 0.0172696 -0.993647 -6.19311 -0.00629045 0.999841 0.0166732 -0.0757933 0.993777 0.00439634 0.111296 5.57418
0.0728289 0.0158994 -0.997217 -6.64886 -0.00723638 0.999855 0.015413 -0.0777482 0.997318 0.00609374 0.0729334 5.58192
0.038219 0.0142172 -0.999168 -7.10712 -0.00677205 0.99988 0.0139683 -0.0770857 0.999246 0.00623256 0.0383107 5.57933
0.00713672 0.0128242 -0.999892 -7.57162 -0.00631747 0.999898 0.0127791 -0.073966 0.999955 0.00622559 0.00721697 5.56821
-0.0199165 0.0106731 -0.999744 -8.06405 -0.00628298 0.999922 0.0108002 -0.0762159 0.999782 0.00649648 -0.0198479 5.53941
-0.0406455 0.00904269 -0.999132 -8.55728 -0.00744973 0.999929 0.00935296 -0.0789612 0.999146 0.00782343 -0.0405753 5.50174
-0.0578935 0.00823406 -0.998289 -9.08659 -0.00686537 0.999939 0.00864581 -0.0832103 0.998299 0.00735416 -0.0578335 5.45413
-0.0710664 0.0089951 -0.997431 -9.62663 -0.005057 0.999943 0.00937807 -0.0933673 0.997459 0.00571048 -0.0710169 5.40376
-0.0805442 0.00999787 -0.996701 -10.1755 -0.00500357 0.999933 0.0104346 -0.100503 0.996738 0.00582752 -0.0804888 5.34772
-0.0878896 0.010534 -0.996074 -10.7494 -0.00544639 0.999924 0.0110552 -0.107711 0.996115 0.00639666 -0.0878256 5.28584
-0.092397 0.0117492 -0.995653 -11.3252 -0.00486034 0.999913 0.0122505 -0.107878 0.99571 0.00597113 -0.092332 5.22574
-0.0943344 0.0118208 -0.99547 -11.934 -0.0051426 0.99991 0.0123609 -0.0939868 0.995527 0.00628537 -0.0942652 5.16543
-0.0931285 0.0130547 -0.995568 -12.5474 -0.00496618 0.999896 0.013576 -0.0778736 0.995642 0.0062085 -0.093054 5.10915
-0.0923003 0.013847 -0.995634 -13.1789 -0.00770135 0.999864 0.0146198 -0.0703209 0.995701 0.00901715 -0.0921811 5.04788
-0.091271 0.0133582 -0.995736 -13.8208 -0.0077821 0.99987 0.014127 -0.0634144 0.995795 0.00903831 -0.0911552 4.98055
-0.0895973 0.0120817 -0.995904 -14.4731 -0.0121456 0.999839 0.0132221 -0.0481938 0.995904 0.0132805 -0.0894361 4.91606
-0.0888044 0.0110226 -0.995988 -15.1487 -0.0135777 0.999833 0.0122757 -0.0261405 0.995956 0.0146134 -0.0886399 4.85377
-0.0874164 0.0123239 -0.996095 -15.8342 -0.0152766 0.999789 0.0137102 -0.00282577 0.996055 0.0164155 -0.0872097 4.7954
-0.0863221 0.0142987 -0.996164 -16.5518 -0.0160313 0.999748 0.0157393 0.00767184 0.996138 0.0173285 -0.0860711 4.73102
-0.0847121 0.0156861 -0.996282 -17.2762 -0.0153618 0.999737 0.0170467 0.0133433 0.996287 0.0167488 -0.0844489 4.6704
-0.0834942 0.015884 -0.996381 -18.0111 -0.0169349 0.999706 0.0173561 0.0247266 0.996364 0.0183227 -0.0832007 4.60441
-0.08277 0.0139222 -0.996471 -18.7602 -0.0195153 0.999688 0.0155882 0.0379855 0.996377 0.0207367 -0.0824725 4.53828
-0.0815012 0.0136815 -0.996579 -19.519 -0.0198472 0.999685 0.0153472 0.0582298 0.996475 0.0210302 -0.081204 4.47091
-0.0814522 0.0145077 -0.996571 -20.2913 -0.0212957 0.99964 0.0162929 0.0690437 0.996449 0.0225497 -0.081114 4.40954
-0.0805108 0.0159322 -0.996626 -21.0767 -0.0200678 0.999644 0.0176016 0.0806122 0.996551 0.0214173 -0.0801624 4.34423
-0.0807571 0.0168688 -0.996591 -21.869 -0.0197305 0.999634 0.0185191 0.0885527 0.996538 0.0211588 -0.0803948 4.2788
-0.080648 0.0139207 -0.996645 -22.6672 -0.0196335 0.999686 0.0155519 0.0942845 0.996549 0.0208218 -0.0803494 4.2123
-0.0807107 0.00842532 -0.996701 -23.4656 -0.0185717 0.999778 0.00995522 0.0956304 0.996564 0.0193139 -0.0805364 4.14551
-0.0820433 0.00534291 -0.996614 -24.2722 -0.0145713 0.999872 0.00655991 0.0940743 0.996522 0.0150601 -0.081955 4.08176
-0.083198 0.00588967 -0.996515 -25.0893 -0.0134033 0.999886 0.00702861 0.0924424 0.996443 0.0139414 -0.0831096 4.01245
-0.0843409 0.0105213 -0.996381 -25.916 -0.0126702 0.999852 0.0116304 0.0955384 0.996356 0.0136053 -0.0841952 3.93749
-0.0851647 0.0158013 -0.996241 -26.7544 -0.0150447 0.99974 0.0171429 0.100766 0.996253 0.0164482 -0.0849049 3.86234
-0.0850236 0.0198837 -0.99618 -27.5905 -0.0172727 0.999621 0.0214266 0.099702 0.996229 0.0190285 -0.084648 3.78314
-0.086602 0.019575 -0.99605 -28.4252 -0.0175724 0.999621 0.021173 0.105936 0.996088 0.0193366 -0.0862252 3.70585
-0.0863259 0.0175726 -0.996111 -29.2599 -0.0177049 0.99966 0.0191696 0.11013 0.996109 0.0192909 -0.0859855 3.62924
-0.0881228 0.0153774 -0.99599 -30.0968 -0.0179756 0.999693 0.0170251 0.11168 0.995947 0.0194038 -0.0878194 3.55108
-0.0889767 0.0154853 -0.995913 -30.9362 -0.018117 0.999689 0.0171626 0.118485 0.995869 0.0195701 -0.0886684 3.47227
-0.0885741 0.0168395 -0.995927 -31.7689 -0.0169342 0.999687 0.0184092 0.11611 0.995925 0.0184958 -0.0882612 3.39302
-0.0892677 0.0155159 -0.995886 -32.6026 -0.0170974 0.999707 0.017108 0.113112 0.995861 0.0185543 -0.0889763 3.31433
-0.088826 0.0116516 -0.995978 -33.4226 -0.0194811 0.99972 0.0134328 0.117123 0.995856 0.020596 -0.0885742 3.23281
-0.0899892 0.0072143 -0.995916 -34.2452 -0.0255594 0.999628 0.00955068 0.116114 0.995614 0.0263145 -0.0897713 3.14993
-0.0908707 0.00686575 -0.995839 -35.0844 -0.0272214 0.999585 0.00937554 0.10453 0.99549 0.0279601 -0.0906462 3.07036
-0.0911971 0.00831615 -0.995798 -35.9257 -0.0236932 0.999664 0.0105183 0.0944635 0.995551 0.0245529 -0.0909695 2.9921
-0.0925761 0.0108076 -0.995646 -36.7689 -0.020523 0.999708 0.0127599 0.0868904 0.995494 0.0216149 -0.0923273 2.90952
-0.0918194 0.0149197 -0.995663 -37.5908 -0.0180695 0.999698 0.0166465 0.0959803 0.995611 0.0195197 -0.0915221 2.82918
-0.0933796 0.0168432 -0.995488 -38.4175 -0.0180983 0.999663 0.0186115 0.0856603 0.995466 0.0197546 -0.0930434 2.74169
-0.0936635 0.0166328 -0.995464 -39.2446 -0.0186559 0.999655 0.0184581 0.0787537 0.995429 0.0203001 -0.093321 2.65839
-0.0935909 0.0138797 -0.995513 -40.0617 -0.0194384 0.999687 0.0157653 0.0789046 0.99542 0.0208267 -0.0932918 2.57861
-0.0941319 0.0102756 -0.995506 -40.882 -0.0210619 0.999702 0.0123105 0.0773438 0.995336 0.022126 -0.0938875 2.49663
-0.0945978 0.0072001 -0.995489 -41.7013 -0.0248404 0.999645 0.00959065 0.0765043 0.995205 0.0256356 -0.0943854 2.40974
-0.096048 0.00569512 -0.99536 -42.5096 -0.0276142 0.999583 0.00838393 0.0815388 0.994993 0.0282913 -0.0958508 2.3249
-0.0973882 0.00430428 -0.995237 -43.3189 -0.0255391 0.99965 0.00682248 0.0851126 0.994918 0.0260819 -0.0972443 2.24101
-0.0987984 0.00202591 -0.995105 -44.1216 -0.0240239 0.999702 0.00442046 0.0804894 0.994817 0.024343 -0.0987203 2.16481
-0.100723 0.00161333 -0.994913 -44.9286 -0.0223695 0.999742 0.00388581 0.0753739 0.994662 0.0226471 -0.100661 2.08485
-0.102406 0.00414709 -0.994734 -45.7337 -0.0203343 0.999774 0.00626149 0.061525 0.994534 0.0208684 -0.102299 1.99633
-0.105339 0.00937705 -0.994392 -46.5438 -0.0177241 0.999779 0.0113054 0.0558418 0.994278 0.0188157 -0.105149 1.90982
-0.107646 0.0123666 -0.994112 -47.3537 -0.0162957 0.999766 0.0142015 0.053294 0.994055 0.0177285 -0.107419 1.82159
-0.10888 0.011833 -0.993984 -48.1633 -0.0172827 0.999755 0.0137948 0.0503045 0.993904 0.0186807 -0.108649 1.73224
-0.110805 0.00878756 -0.993803 -48.9552 -0.0186029 0.999767 0.0109144 0.0436176 0.993667 0.019697 -0.110616 1.63803
-0.112415 0.00657408 -0.993639 -49.7485 -0.0209026 0.999741 0.00897927 0.0364658 0.993441 0.0217791 -0.112249 1.53731
-0.113477 0.00543639 -0.993525 -50.5328 -0.0228834 0.999705 0.00808386 0.0317944 0.993276 0.0236526 -0.113319 1.43721
-0.115309 0.0060562 -0.993311 -51.3197 -0.0232828 0.99969 0.00879789 0.0281325 0.993056 0.0241415 -0.115132 1.33732
-0.116292 0.0070261 -0.99319 -52.0991 -0.0228455 0.999691 0.00974707 0.0216718 0.992952 0.0238235 -0.116096 1.23831
-0.118413 0.00629511 -0.992944 -52.8806 -0.0243039 0.999662 0.00923604 0.0205584 0.992666 0.0252261 -0.11822 1.13717
-0.119536 0.00683766 -0.992806 -53.6606 -0.024881 0.999642 0.00988046 0.0212281 0.992517 0.0258831 -0.119323 1.03484
-0.120057 0.00681511 -0.992743 -54.4361 -0.0236572 0.999673 0.00972367 0.0129832 0.992484 0.0246529 -0.119857 0.935598
-0.121708 0.00940207 -0.992521 -55.2082 -0.0235312 0.999647 0.0123551 0.0119011 0.992286 0.024859 -0.121444 0.836226
-0.121158 0.0123804 -0.992555 -55.9773 -0.0239208 0.999595 0.0153882 0.0229323 0.992344 0.0256071 -0.120813 0.739978
-0.122463 0.0135417 -0.99238 -56.7496 -0.0244661 0.999562 0.0166589 0.0294026 0.992171 0.0263198 -0.122078 0.640538
-0.123292 0.0130542 -0.992284 -57.5069 -0.0242837 0.999574 0.0161674 0.0212672 0.992072 0.0260897 -0.122922 0.542272
-0.122973 0.0115771 -0.992342 -58.2642 -0.0221067 0.999652 0.0144018 0.0123201 0.992163 0.0237085 -0.122674 0.444185
-0.124019 0.00914476 -0.992237 -59.0072 -0.0212731 0.999703 0.0118725 0.00558663 0.992051 0.0225804 -0.123788 0.348106
-0.123296 0.00724596 -0.992343 -59.7333 -0.0217268 0.999714 0.00999927 5.34393e-05 0.992131 0.0227934 -0.123103 0.252379
-0.122743 0.00553365 -0.992423 -60.4475 -0.0232204 0.999695 0.0084461 -0.00139065 0.992166 0.0240812 -0.122577 0.159541
-0.120571 0.00506043 -0.992691 -61.1401 -0.024631 0.999664 0.00808763 -0.00180623 0.992398 0.0254261 -0.120406 0.0671327
-0.116617 0.00555463 -0.993161 -61.8252 -0.0262736 0.999617 0.00867577 0.0013572 0.992829 0.0271057 -0.116426 -0.0195338
-0.11166 0.00613039 -0.993727 -62.5119 -0.0265763 0.999605 0.00915288 0.00365146 0.99339 0.0274316 -0.111453 -0.0991903
-0.104631 0.00708077 -0.994485 -63.1656 -0.0264798 0.9996 0.00990314 -0.0032473 0.994158 0.0273699 -0.104401 -0.17081
-0.0966246 0.00806935 -0.995288 -63.8164 -0.0285417 0.999533 0.0108747 -0.0049244 0.994911 0.029458 -0.0963492 -0.234894
-0.0850101 0.00969664 -0.996332 -64.4418 -0.0302675 0.999466 0.0123096 -0.00550336 0.995919 0.0312029 -0.0846713 -0.294672
-0.0702811 0.0107686 -0.997469 -65.055 -0.0322774 0.999393 0.0130636 -0.0118153 0.997004 0.0331139 -0.069891 -0.340391
-0.0527196 0.0119702 -0.998537 -65.6475 -0.0336927 0.999337 0.0137587 -0.0178458 0.99804 0.0343688 -0.0522814 -0.373289
-0.0301798 0.0133893 -0.999454 -66.2199 -0.0337309 0.999327 0.0144061 -0.0205531 0.998974 0.0341473 -0.0297079 -0.388989
-0.00466265 0.0138166 -0.999893 -66.7657 -0.0338058 0.999331 0.0139665 -0.0206668 0.999417 0.0338673 -0.00419253 -0.384457
0.0246118 0.0141386 -0.999597 -67.2912 -0.03232 0.999388 0.0133399 -0.0275009 0.999174 0.0319787 0.0250536 -0.363611
0.0586473 0.0142532 -0.998177 -67.8017 -0.0318332 0.999416 0.0124006 -0.0253023 0.99777 0.0310479 0.0590667 -0.322095
0.0960657 0.0143763 -0.995271 -68.2822 -0.0311139 0.99945 0.0114335 -0.0272991 0.994888 0.0298684 0.0964601 -0.259157
0.13618 0.0150407 -0.990569 -68.7437 -0.0313371 0.99945 0.0108674 -0.0267314 0.990188 0.0295617 0.136577 -0.178859
0.180959 0.0151043 -0.983374 -69.1973 -0.0307007 0.999481 0.00970222 -0.0210753 0.983011 0.0284346 0.181329 -0.0814242
0.22819 0.0142572 -0.973512 -69.6325 -0.0277761 0.999581 0.00812829 -0.0164801 0.97322 0.0251856 0.22849 0.049164
0.278042 0.011896 -0.960495 -70.0554 -0.0231316 0.999716 0.00568572 -0.0259914 0.96029 0.0206369 0.278238 0.200769
0.328809 0.00869701 -0.944356 -70.4607 -0.019089 0.999815 0.00256128 -0.0286525 0.944202 0.0171846 0.328914 0.383358
0.381372 0.00587625 -0.924402 -70.8572 -0.0144815 0.999895 0.000381639 -0.0288457 0.924307 0.0132412 0.381417 0.57774
0.432218 0.00548247 -0.901752 -71.2425 -0.0131222 0.999914 -0.000210301 -0.0313715 0.901673 0.0119239 0.432252 0.798582
0.48074 0.0045917 -0.876851 -71.6108 -0.0106655 0.999943 -0.000611185 -0.03634 0.876797 0.00964593 0.480761 1.03036
0.526282 0.0019787 -0.850307 -71.9609 -0.00404315 0.999992 -0.000175412 -0.0381085 0.8503 0.00353027 0.526285 1.28856
0.570887 -0.00241721 -0.821025 -72.299 0.00544339 0.999985 0.000840876 -0.052014 0.82101 -0.00494917 0.570891 1.57858
0.613974 -0.0059978 -0.789303 -72.6158 0.0083202 0.999965 -0.00112657 -0.0610306 0.789282 -0.00587544 0.614001 1.86397
0.656505 -0.00969349 -0.754259 -72.9207 0.0074034 0.999952 -0.00640717 -0.0682209 0.754284 -0.0013777 0.656545 2.16266
0.697853 -0.0144359 -0.716095 -73.2092 0.00485618 0.999869 -0.0154241 -0.0776163 0.716224 0.00728631 0.697831 2.47024
0.738608 -0.0170797 -0.673918 -73.4997 0.0031431 0.999756 -0.0218928 -0.0835259 0.674127 0.0140521 0.73848 2.8144
0.776976 -0.0179939 -0.629272 -73.7711 0.00378961 0.999707 -0.0239073 -0.0902908 0.629518 0.0161907 0.776816 3.1825
0.812864 -0.0189226 -0.582145 -74.0318 0.0049708 0.999661 -0.025553 -0.105548 0.582431 0.0178774 0.812682 3.58217
0.845419 -0.0176499 -0.533811 -74.285 0.00411934 0.99964 -0.026528 -0.116304 0.534087 0.0202283 0.845186 4.01992
0.873083 -0.016762 -0.487282 -74.5186 0.0051537 0.99967 -0.0251536 -0.133792 0.487542 0.0194499 0.872881 4.46905
0.896564 -0.0126503 -0.442733 -74.7562 0.00222638 0.999708 -0.0240563 -0.138398 0.442907 0.0205824 0.89633 4.959
0.915502 -0.00859804 -0.40222 -74.9671 -0.00168531 0.999681 -0.0252056 -0.146242 0.402308 0.0237537 0.915195 5.4541
0.930608 -0.0061038 -0.365966 -75.1752 -0.00277667 0.999714 -0.0237346 -0.160198 0.366006 0.0231038 0.930324 5.98078
0.942217 -0.00489465 -0.334965 -75.3677 -0.00270091 0.99975 -0.0222061 -0.177656 0.33499 0.0218277 0.941968 6.53833
0.950247 -0.00474712 -0.31146 -75.5464 -0.00183661 0.999781 -0.0208416 -0.194469 0.31149 0.0203767 0.95003 7.10031
0.956958 -0.00413536 -0.290196 -75.7197 -0.00177847 0.999796 -0.020112 -0.20783 0.29022 0.0197625 0.956755 7.6934
0.96209 -0.00303347 -0.272712 -75.8881 -0.00190205 0.999839 -0.0178317 -0.220331 0.272722 0.0176744 0.961929 8.29558
0.966118 0.00105316 -0.258098 -76.0565 -0.00543785 0.999853 -0.0162752 -0.229021 0.258043 0.0171273 0.96598 8.92351
0.969734 0.00350099 -0.244136 -76.2214 -0.0075358 0.99985 -0.0155949 -0.240908 0.244044 0.0169627 0.969615 9.56386
0.972598 0.00302095 -0.232473 -76.3746 -0.00685844 0.999853 -0.0157008 -0.263147 0.232391 0.0168649 0.972475 10.2151
0.975531 0.00390939 -0.219825 -76.5207 -0.00756908 0.999846 -0.0158085 -0.279344 0.219729 0.0170855 0.97541 10.885
0.978829 0.00535467 -0.204608 -76.6684 -0.00864271 0.999848 -0.0151797 -0.298705 0.204496 0.0166267 0.978725 11.576
0.981467 0.00567636 -0.191547 -76.8041 -0.00873689 0.999847 -0.0151372 -0.311002 0.191431 0.0165302 0.981366 12.2813
0.983962 0.00513343 -0.178304 -76.9335 -0.00827016 0.999824 -0.0168533 -0.328307 0.178185 0.0180576 0.98383 12.9969
0.985792 0.00446264 -0.167908 -77.0573 -0.00809201 0.999748 -0.0209373 -0.347696 0.167772 0.0219985 0.985579 13.715
0.987416 0.00384071 -0.158096 -77.1764 -0.00793102 0.99965 -0.0252495 -0.371456 0.157944 0.0261857 0.9871 14.4531
0.988735 0.00431087 -0.149613 -77.2902 -0.00814804 0.999653 -0.0250438 -0.393326 0.149453 0.0259808 0.988426 15.2036
0.989707 0.00524979 -0.14301 -77.4025 -0.00817683 0.999769 -0.0198874 -0.41206 0.142872 0.0208521 0.98952 15.9586
0.99037 0.00938462 -0.138128 -77.5165 -0.011339 0.999847 -0.0133692 -0.41537 0.137982 0.0148067 0.990323 16.7183
0.991018 0.0102911 -0.133333 -77.6262 -0.0118646 0.999869 -0.0110117 -0.430359 0.133202 0.0124948 0.991009 17.4852
0.991453 0.0104049 -0.130048 -77.7302 -0.0119615 0.999866 -0.0111941 -0.446719 0.129914 0.012654 0.991443 18.2527
0.991933 0.0113929 -0.12625 -77.8317 -0.0130652 0.999838 -0.0124259 -0.463782 0.126087 0.0139751 0.991919 19.0207
0.992233 0.0107328 -0.123923 -77.9242 -0.0121928 0.999865 -0.0110286 -0.481256 0.123788 0.0124539 0.992229 19.7747
0.992583 0.00938652 -0.121204 -78.0146 -0.0105149 0.999907 -0.00867376 -0.49578 0.121111 0.00988391 0.992588 20.5299
0.992996 0.00679456 -0.11795 -78.1056 -0.00774142 0.999942 -0.00757139 -0.511242 0.117891 0.0084315 0.992989 21.2878
0.99322 0.00622976 -0.116078 -78.1952 -0.00749362 0.999917 -0.0104549 -0.528856 0.116003 0.0112539 0.993184 22.0459
0.993445 0.00814213 -0.114022 -78.2919 -0.0100364 0.999821 -0.0160491 -0.550567 0.11387 0.0170883 0.993347 22.8007
0.99364 0.00881316 -0.112252 -78.3836 -0.0112777 0.999709 -0.0213396 -0.570435 0.112031 0.0224699 0.993449 23.5562
0.993793 0.0102786 -0.110764 -78.4761 -0.0130436 0.999621 -0.0242676 -0.59283 0.110473 0.0255618 0.993549 24.3119
0.994032 0.0119784 -0.108421 -78.5665 -0.014511 0.999639 -0.0226004 -0.613568 0.108111 0.0240389 0.993847 25.0684
0.994229 0.0131306 -0.10647 -78.6581 -0.015379 0.999675 -0.020324 -0.622379 0.106168 0.0218441 0.994107 25.8254
0.994452 0.0178696 -0.103656 -78.745 -0.0196766 0.999671 -0.0164359 -0.646907 0.103328 0.0183843 0.994476 26.5706
0.99473 0.0153457 -0.101373 -78.8209 -0.0169208 0.999749 -0.0146968 -0.672 0.101122 0.0163347 0.994739 27.3246
0.994821 0.0145082 -0.100601 -78.8945 -0.0159617 0.999779 -0.0136592 -0.694787 0.100381 0.0151942 0.994832 28.0788
0.994968 0.0129978 -0.0993411 -78.9704 -0.0144423 0.9998 -0.013836 -0.716921 0.0991414 0.0152012 0.994956 28.8341
0.995009 0.0144726 -0.0987216 -79.0467 -0.0159246 0.999776 -0.0139361 -0.734602 0.0984978 0.0154386 0.995016 29.5931
0.995123 0.0126889 -0.0978167 -79.1222 -0.0142447 0.999783 -0.015223 -0.753208 0.0976023 0.0165422 0.995087 30.3525
0.995242 0.0121964 -0.0966649 -79.1974 -0.0137252 0.999791 -0.0151654 -0.773627 0.0964597 0.01642 0.9952 31.1147
0.995143 0.0148042 -0.0973162 -79.2796 -0.0164096 0.999742 -0.0157168 -0.795163 0.0970584 0.0172374 0.995128 31.8898
0.995142 0.013337 -0.0975351 -79.3626 -0.0149639 0.999761 -0.0159673 -0.816481 0.0972988 0.0173493 0.995103 32.6648
0.995039 0.0131157 -0.0986134 -79.4439 -0.0148644 0.999745 -0.0170188 -0.848588 0.098365 0.0184002 0.994979 33.4376
0.994761 0.0116575 -0.101559 -79.5278 -0.0134709 0.999762 -0.0171878 -0.875984 0.101334 0.0184659 0.99468 34.2218
0.994518 0.012575 -0.103805 -79.6182 -0.0144886 0.999738 -0.0177004 -0.898055 0.103555 0.0191074 0.994439 35.0019
0.994072 0.0158125 -0.107566 -79.7181 -0.0178507 0.999678 -0.0180113 -0.919967 0.107247 0.0198246 0.994034 35.7877
0.993689 0.0168461 -0.110896 -79.8165 -0.0192493 0.999602 -0.0206352 -0.939452 0.110505 0.0226396 0.993617 36.5775
0.993421 0.0189287 -0.112942 -79.9159 -0.021652 0.999503 -0.0229345 -0.951416 0.112451 0.0252291 0.993336 37.3643
0.993108 0.0192404 -0.115611 -80.0155 -0.0222091 0.999455 -0.024445 -0.96509 0.115077 0.0268442 0.992993 38.1758
0.992847 0.0197149 -0.117745 -80.1178 -0.0225963 0.999476 -0.0231866 -0.974921 0.117227 0.0256815 0.992772 38.9816
0.992584 0.0189686 -0.120067 -80.2197 -0.0219161 0.999489 -0.0232758 -0.986781 0.119564 0.0257346 0.992492 39.8102
0.992357 0.0199498 -0.12177 -80.3252 -0.0228597 0.999484 -0.0225468 -1.01361 0.121257 0.0251582 0.992301 40.6367
0.992274 0.0194718 -0.122519 -80.4209 -0.0220969 0.999554 -0.0201038 -1.03345 0.122073 0.0226558 0.992261 41.4599
0.992063 0.019838 -0.124162 -80.5293 -0.0221075 0.999612 -0.016927 -1.07209 0.123778 0.0195376 0.992116 42.3191
0.992155 0.0176641 -0.123752 -80.6368 -0.0196116 0.999702 -0.0145363 -1.10686 0.123458 0.0168493 0.992206 43.1732
0.992423 0.0194084 -0.121317 -80.7462 -0.021333 0.999666 -0.0145855 -1.13574 0.120993 0.0170631 0.992506 44.029
0.992595 0.0187461 -0.120006 -80.8524 -0.0207314 0.999668 -0.0153157 -1.15498 0.119679 0.0176902 0.992654 44.885
0.992976 0.0164328 -0.117166 -80.9521 -0.0184749 0.999695 -0.0163646 -1.19062 0.116861 0.0184143 0.992976 45.7439
0.993211 0.0127035 -0.115625 -81.0549 -0.0148519 0.999732 -0.0177383 -1.22445 0.115368 0.0193352 0.993133 46.6062
0.993394 0.0118344 -0.114136 -81.1521 -0.0139449 0.999746 -0.017711 -1.25278 0.113897 0.0191856 0.993306 47.4735
0.993707 0.00919024 -0.111632 -81.2499 -0.01106 0.999809 -0.0161419 -1.27782 0.111462 0.017275 0.993617 48.3461
0.993759 0.00750774 -0.111288 -81.3461 -0.0092562 0.999842 -0.0152028 -1.30558 0.111156 0.0161381 0.993671 49.2127
0.993994 0.00718408 -0.109198 -81.443 -0.0088146 0.999857 -0.0144565 -1.3342 0.109078 0.0153322 0.993914 50.0822
0.993998 0.00780495 -0.109116 -81.5471 -0.00970413 0.99981 -0.0168849 -1.35532 0.108964 0.0178425 0.993885 50.9399
0.994093 0.00982471 -0.108085 -81.6485 -0.0123103 0.999674 -0.0223533 -1.38225 0.10783 0.0235518 0.993889 51.7964
0.994256 0.00904432 -0.106641 -81.7491 -0.0117427 0.999626 -0.024703 -1.40549 0.106378 0.0258134 0.99399 52.6522
0.994234 0.0127892 -0.10646 -81.8503 -0.0160016 0.99944 -0.0293758 -1.43478 0.106024 0.03091 0.993882 53.5053
0.994458 0.0101525 -0.104636 -81.9491 -0.0133281 0.99947 -0.0296943 -1.46435 0.104279 0.0309243 0.994066 54.3596
0.994489 0.00926604 -0.104429 -82.0401 -0.0119485 0.999614 -0.0250902 -1.49424 0.104156 0.0261997 0.994215 55.202
0.994535 0.00718741 -0.104153 -82.132 -0.00899369 0.999817 -0.0168834 -1.53184 0.104012 0.0177279 0.994417 56.0609
0.994603 0.00300056 -0.103709 -82.2235 -0.00423251 0.999923 -0.0116609 -1.55066 0.103666 0.012037 0.994538 56.9066
0.994363 0.00329409 -0.105968 -82.3169 -0.00470986 0.999903 -0.0131128 -1.5862 0.105915 0.013538 0.994282 57.7249
0.994338 -0.000739527 -0.106259 -82.4031 -0.000957382 0.999873 -0.0159177 -1.62219 0.106257 0.0159293 0.99421 58.5591
0.994116 0.000134882 -0.108315 -82.4976 -0.00193828 0.999861 -0.0165444 -1.6443 0.108298 0.0166571 0.993978 59.3793
0.993924 0.00266126 -0.110033 -82.5948 -0.00472829 0.999817 -0.018529 -1.67233 0.109963 0.0189367 0.993754 60.1998
0.99366 0.00463049 -0.11233 -82.6971 -0.00695494 0.99977 -0.0203101 -1.69988 0.11221 0.0209626 0.993462 61.0204
0.993236 0.00503746 -0.115996 -82.799 -0.00770219 0.999716 -0.0225358 -1.72213 0.11585 0.0232768 0.992993 61.8289
0.993015 0.00674298 -0.11779 -82.9008 -0.00978163 0.999634 -0.025238 -1.75166 0.117577 0.0262139 0.992717 62.6368
0.99259 0.0104889 -0.121056 -83.0141 -0.0138472 0.999541 -0.0269332 -1.78388 0.120718 0.02841 0.992279 63.4415
0.992197 0.0137096 -0.123918 -83.1234 -0.0170509 0.999518 -0.0259436 -1.8189 0.123502 0.0278541 0.991952 64.2473
0.991847 0.0169261 -0.126305 -83.2322 -0.0199724 0.999538 -0.0228908 -1.85437 0.125859 0.0252268 0.991726 65.0607
0.991299 0.0176425 -0.130441 -83.3431 -0.0202077 0.999627 -0.0183683 -1.88238 0.130068 0.0208444 0.991285 65.865
0.990797 0.0182775 -0.134114 -83.4492 -0.0205049 0.999674 -0.0152452 -1.9137 0.133791 0.0178549 0.990848 66.6587
0.989878 0.0175973 -0.140821 -83.5624 -0.0200384 0.999672 -0.0159357 -1.94237 0.140494 0.0185962 0.989906 67.4503
0.989084 0.0152873 -0.146554 -83.6796 -0.017433 0.999759 -0.0133679 -1.96327 0.146315 0.0157769 0.989111 68.2379
0.98826 0.0159198 -0.151948 -83.8009 -0.0181742 0.999744 -0.013459 -1.99077 0.151695 0.0160626 0.988296 69.02
0.98721 0.0181093 -0.158391 -83.9363 -0.0208543 0.99966 -0.015685 -2.01874 0.158053 0.0187876 0.987251 69.7993
0.986375 0.020039 -0.163286 -84.076 -0.0233915 0.999553 -0.0186343 -2.05174 0.16284 0.0221999 0.986402 70.5696
0.985638 0.0207189 -0.167595 -84.211 -0.0245574 0.999481 -0.0208637 -2.0814 0.167075 0.0246797 0.985634 71.3328
0.984677 0.0237494 -0.17276 -84.3505 -0.0277475 0.999399 -0.0207639 -2.10733 0.172163 0.0252394 0.984744 72.0998
0.984025 0.0250469 -0.176255 -84.4945 -0.0286818 0.999425 -0.0181051 -2.13062 0.1757 0.0228713 0.984177 72.8664
0.982851 0.0279267 -0.182271 -84.6433 -0.0311003 0.99941 -0.0145757 -2.15519 0.181756 0.0199945 0.983139 73.6406
0.981751 0.0245295 -0.188579 -84.7924 -0.0275157 0.999534 -0.013233 -2.18651 0.188167 0.0181805 0.981968 74.4043
0.980548 0.0232068 -0.194899 -84.9458 -0.0268501 0.99951 -0.0160715 -2.20696 0.19443 0.020992 0.980691 75.1593
0.978849 0.0230945 -0.203274 -85.1059 -0.0279338 0.99939 -0.0209694 -2.24056 0.202666 0.0262041 0.978896 75.903
0.977339 0.021309 -0.210603 -85.2746 -0.0269317 0.999352 -0.0238658 -2.27656 0.209958 0.0289968 0.977279 76.6484
0.975002 0.0210787 -0.221193 -85.4465 -0.0264345 0.999424 -0.0212806 -2.3065 0.220617 0.0265958 0.974997 77.3832
0.972517 0.0242083 -0.231566 -85.6293 -0.028694 0.99946 -0.0160222 -2.33445 0.231053 0.0222265 0.972686 78.1248
0.970082 0.0256431 -0.241419 -85.8236 -0.0289814 0.999527 -0.0102863 -2.35456 0.241041 0.0169752 0.970366 78.8548
0.967224 0.0247652 -0.252714 -86.023 -0.0272903 0.999606 -0.00649107 -2.37941 0.252454 0.013175 0.967518 79.5842
0.964492 0.0277111 -0.262654 -86.2315 -0.0314215 0.999457 -0.00993597 -2.39685 0.262235 0.0178362 0.964838 80.3025
0.961411 0.0267457 -0.273813 -86.4477 -0.032531 0.999333 -0.0166092 -2.41862 0.273186 0.0248757 0.961639 81.019
0.958242 0.0241071 -0.28494 -86.6656 -0.0307627 0.999348 -0.0189046 -2.42904 0.284299 0.0268807 0.958358 81.7279
0.954985 0.0229128 -0.295768 -86.8955 -0.0291047 0.999439 -0.0165486 -2.44371 0.295223 0.0244119 0.955115 82.4443
0.95132 0.0219116 -0.307423 -87.134 -0.0265368 0.999589 -0.0108724 -2.46066 0.307058 0.0185011 0.95151 83.1601
0.947725 0.0196253 -0.318484 -87.3779 -0.0232117 0.999703 -0.00746917 -2.48216 0.318242 0.0144713 0.947898 83.8651
0.943932 0.0196456 -0.329553 -87.6251 -0.0231094 0.999711 -0.00659607 -2.50254 0.329328 0.013842 0.944113 84.5598
0.939869 0.0167988 -0.341119 -87.8811 -0.021715 0.999708 -0.0105985 -2.52577 0.340841 0.0173686 0.939959 85.2515
0.937044 0.0141855 -0.348921 -88.1422 -0.0207845 0.999669 -0.0151758 -2.55178 0.34859 0.0214726 0.937028 85.9411
0.933895 0.0115011 -0.357361 -88.4072 -0.0192944 0.999647 -0.0182503 -2.57304 0.357025 0.0239389 0.933787 86.635
0.931017 0.0121155 -0.364773 -88.6868 -0.0203991 0.999614 -0.0188642 -2.60444 0.364403 0.025004 0.930905 87.3275
0.928146 0.0125508 -0.372002 -88.977 -0.0207862 0.99962 -0.0181359 -2.63027 0.371633 0.0245654 0.928054 88.0123
0.924558 0.0138791 -0.380788 -89.2644 -0.0213859 0.999651 -0.0154895 -2.65891 0.38044 0.0224645 0.924532 88.704
0.921458 0.0160186 -0.388146 -89.5595 -0.0218634 0.999704 -0.0106465 -2.67935 0.38786 0.0182966 0.921536 89.3952
0.918368 0.0184592 -0.395296 -89.862 -0.0217082 0.999757 -0.00374754 -2.70085 0.39513 0.0120228 0.918545 90.0935
0.91567 0.024036 -0.401211 -90.1791 -0.0255871 0.999672 0.00149237 -2.71077 0.401115 0.00889932 0.915984 90.7866
0.913465 0.0279396 -0.405955 -90.5041 -0.030293 0.999541 0.0006285 -2.71982 0.405786 0.0117235 0.913892 91.4738
0.91078 0.0263931 -0.412047 -90.8248 -0.0316944 0.99948 -0.00603624 -2.7508 0.411672 0.0185573 0.911142 92.1594
0.909182 0.0198971 -0.415921 -91.1368 -0.0265501 0.999595 -0.0102179 -2.77822 0.415549 0.0203327 0.909342 92.8468
0.907259 0.0201526 -0.420088 -91.4646 -0.0269532 0.999584 -0.0102581 -2.79025 0.419707 0.0206295 0.907424 93.5435
0.905331 0.024085 -0.424023 -91.8082 -0.0304019 0.999505 -0.00813797 -2.79209 0.423617 0.0202587 0.905614 94.2442
0.90321 0.0220823 -0.428628 -92.1399 -0.0263825 0.999644 -0.00409338 -2.8103 0.428385 0.0150055 0.903471 94.9355
0.9008 0.0219164 -0.43368 -92.4739 -0.026397 0.999642 -0.00431162 -2.83198 0.43343 0.0153318 0.901056 95.6264
0.898866 0.0222954 -0.437656 -92.8135 -0.0287818 0.999552 -0.00819262 -2.85115 0.437277 0.0199606 0.899104 96.3078
0.896496 0.0217507 -0.442516 -93.1574 -0.0300458 0.99948 -0.0117431 -2.87294 0.44203 0.0238234 0.896683 96.9879
0.894312 0.0220325 -0.4469 -93.5059 -0.0310467 0.999435 -0.012856 -2.89509 0.446365 0.0253721 0.89449 97.6692
0.892197 0.0243954 -0.450987 -93.86 -0.0324605 0.999422 -0.0101552 -2.91537 0.450478 0.0236997 0.892472 98.3511
0.889816 0.024771 -0.455646 -94.2189 -0.0322006 0.999445 -0.00854919 -2.93542 0.455181 0.0222793 0.890119 99.0346
0.886985 0.0282177 -0.460935 -94.5821 -0.0359338 0.999322 -0.00797103 -2.95297 0.460397 0.0236333 0.887397 99.7216
0.884243 0.0273614 -0.466224 -94.9431 -0.0350646 0.999354 -0.00785427 -2.97104 0.465708 0.0232931 0.884631 100.407
0.882084 0.0264738 -0.470346 -95.3049 -0.0340564 0.999391 -0.00761755 -2.98783 0.469858 0.0227376 0.882448 101.076
0.880233 0.0238439 -0.473941 -95.6622 -0.0309096 0.999497 -0.00712279 -3.00519 0.473533 0.0209191 0.880527 101.735
0.877818 0.0234055 -0.478421 -96.0244 -0.0303279 0.999517 -0.00674763 -3.02451 0.478032 0.0204327 0.878104 102.393
0.875531 0.0257016 -0.482478 -96.3906 -0.0329298 0.999436 -0.00651627 -3.04392 0.482038 0.0215931 0.875883 103.048
0.872954 0.0260682 -0.487105 -96.7595 -0.0345802 0.999366 -0.00848941 -3.06327 0.486574 0.024255 0.873302 103.695
0.870625 0.0211138 -0.491494 -97.1235 -0.0308834 0.999454 -0.0117714 -3.08145 0.490977 0.0254275 0.870801 104.342
0.868754 0.0201444 -0.494834 -97.487 -0.0304382 0.999455 -0.0127514 -3.09025 0.494307 0.0261397 0.868893 104.97
0.866705 0.020591 -0.498395 -97.8596 -0.029246 0.999527 -0.00956353 -3.09859 0.497962 0.0228648 0.866897 105.612
0.864854 0.0223006 -0.501527 -98.2362 -0.027723 0.99961 -0.00335853 -3.10312 0.501257 0.0168085 0.865135 106.246
0.863531 0.0229667 -0.503772 -98.6009 -0.0242999 0.999697 0.0039224 -3.11232 0.50371 0.00885453 0.863827 106.875
0.861718 0.0203233 -0.50698 -98.9646 -0.0189111 0.99979 0.00793536 -3.11985 0.507034 0.00274952 0.861921 107.494
0.860435 0.0180682 -0.509239 -99.3185 -0.016538 0.999835 0.00753157 -3.12689 0.50929 0.00194136 0.860592 108.092
0.858614 0.0169976 -0.51234 -99.6746 -0.0166891 0.999847 0.00520263 -3.13585 0.51235 0.00408343 0.858766 108.685
0.857032 0.01519 -0.515038 -100.024 -0.0159362 0.999869 0.00297109 -3.13675 0.515015 0.00566145 0.857161 109.262
0.855893 0.013555 -0.516974 -100.363 -0.0141674 0.999896 0.00276204 -3.1394 0.516957 0.00496016 0.855996 109.827
0.854358 0.0123484 -0.519538 -100.703 -0.0130116 0.999913 0.00236897 -3.14624 0.519522 0.00473607 0.854443 110.376
0.853198 0.0106273 -0.521478 -101.039 -0.0107072 0.999939 0.00285978 -3.15371 0.521476 0.0031436 0.853259 110.91
0.851884 0.0120399 -0.523592 -101.357 -0.0115444 0.999925 0.00421044 -3.15453 0.523602 0.00245777 0.851958 111.42
0.850412 0.0125548 -0.525967 -101.667 -0.0118244 0.999919 0.00474969 -3.14904 0.525983 0.00218006 0.850491 111.913
0.849106 0.0105784 -0.528115 -101.964 -0.00911967 0.999944 0.00536674 -3.15124 0.528142 0.000259319 0.849155 112.386
0.847776 0.0106426 -0.530247 -102.253 -0.00909131 0.999943 0.00553445 -3.15444 0.530275 0.000128675 0.847825 112.839
0.8468 0.0111816 -0.531793 -102.531 -0.0114643 0.999931 0.00276962 -3.16135 0.531787 0.00375132 0.846869 113.269
0.844948 0.011413 -0.534726 -102.806 -0.013589 0.999908 -0.000130936 -3.16389 0.534675 0.00737706 0.845025 113.683
0.842716 0.00813002 -0.538297 -103.061 -0.0104201 0.999945 -0.0012105 -3.16585 0.538257 0.00662924 0.842754 114.082
0.840268 0.00805317 -0.542111 -103.307 -0.0103672 0.999946 -0.00121459 -3.17154 0.542071 0.00664076 0.840305 114.467
0.836891 0.00772788 -0.547314 -103.548 -0.00923479 0.999957 -1.70894e-06 -3.17572 0.54729 0.00505577 0.836927 114.827
0.833154 0.010591 -0.552939 -103.788 -0.011543 0.999932 0.00175997 -3.17801 0.55292 0.00491629 0.833219 115.162
0.829526 0.0151285 -0.558262 -104.018 -0.0147267 0.999878 0.00521354 -3.17352 0.558273 0.00389662 0.829648 115.482
0.825468 0.0185074 -0.564144 -104.244 -0.0145144 0.999828 0.0115628 -3.17492 0.56426 -0.00135649 0.825595 115.791
0.820961 0.021092 -0.570594 -104.451 -0.0154175 0.999772 0.0147741 -3.17488 0.570775 -0.00333182 0.821099 116.078
0.815343 0.0198129 -0.578639 -104.637 -0.0131066 0.99979 0.0157652 -3.18097 0.578829 -0.00527006 0.815431 116.339
0.808712 0.0194923 -0.587881 -104.827 -0.0121372 0.999791 0.0164536 -3.18467 0.588078 -0.00617098 0.80878 116.594
0.800452 0.0188254 -0.599101 -104.997 -0.0107223 0.999797 0.0170905 -3.18138 0.5993 -0.00725635 0.800491 116.816
0.790073 0.0196275 -0.612698 -105.173 -0.0106005 0.999775 0.0183582 -3.17867 0.61292 -0.00800939 0.790103 117.03
0.778083 0.0202401 -0.627834 -105.346 -0.0110403 0.999767 0.018548 -3.17566 0.628063 -0.00750039 0.778126 117.219
0.764455 0.0203314 -0.644356 -105.518 -0.0120628 0.999779 0.017235 -3.17726 0.644563 -0.00540266 0.764531 117.402
0.749922 0.01835 -0.661271 -105.678 -0.0122105 0.999829 0.0138975 -3.17972 0.661412 -0.00234757 0.750018 117.555
0.73537 0.0163525 -0.677468 -105.835 -0.0131655 0.999865 0.00984376 -3.18526 0.677537 0.00168042 0.735486 117.702
0.7201 0.015518 -0.693696 -105.996 -0.0148077 0.999866 0.00699567 -3.19024 0.693711 0.00523448 0.720234 117.842
0.704685 0.0182021 -0.709286 -106.158 -0.0195583 0.999789 0.00622577 -3.19034 0.709249 0.00948525 0.704893 117.974
0.687677 0.0192245 -0.725762 -106.325 -0.0216038 0.999749 0.0060119 -3.1898 0.725694 0.011545 0.687919 118.101
0.669143 0.0191465 -0.742886 -106.493 -0.0204498 0.999764 0.00734716 -3.19352 0.742851 0.0102756 0.669377 118.232
0.649929 0.0189112 -0.75976 -106.663 -0.0185169 0.999788 0.00904576 -3.19637 0.759769 0.00818928 0.650141 118.359
0.628232 0.0194869 -0.777782 -106.84 -0.0182154 0.999781 0.0103359 -3.19449 0.777812 0.00767428 0.628449 118.479
0.604713 0.0229646 -0.796112 -107.023 -0.0200464 0.999707 0.0136106 -3.19107 0.79619 0.0077287 0.604996 118.592
0.580746 0.0258011 -0.813675 -107.21 -0.0215595 0.999635 0.0163101 -3.18779 0.813798 0.0080704 0.581091 118.698
0.555637 0.0284517 -0.830938 -107.4 -0.0233592 0.999554 0.0186053 -3.18391 0.831096 0.00907224 0.556054 118.799
0.530422 0.0303157 -0.847191 -107.594 -0.0253726 0.99948 0.0198796 -3.17956 0.847353 0.0109508 0.530916 118.893
0.504002 0.0336051 -0.863048 -107.787 -0.0282546 0.99935 0.0224123 -3.17678 0.863239 0.0130892 0.504624 118.973
0.47695 0.03639 -0.878176 -107.982 -0.030303 0.999229 0.0249483 -3.1732 0.878407 0.0147123 0.477686 119.047
0.447443 0.0361117 -0.893583 -108.18 -0.0293332 0.99924 0.0256936 -3.17697 0.89383 0.0147152 0.448162 119.121
0.416087 0.0337843 -0.908697 -108.385 -0.0290845 0.999293 0.0238349 -3.17989 0.908859 0.0165116 0.416776 119.189
0.3821 0.0305045 -0.923617 -108.615 -0.0291828 0.999355 0.020933 -3.18717 0.923659 0.0189552 0.382745 119.253
0.344001 0.0289441 -0.938523 -108.849 -0.0277593 0.999402 0.0206469 -3.1941 0.938558 0.0189502 0.344599 119.31
0.302907 0.0278959 -0.952611 -109.118 -0.0271866 0.999418 0.0206219 -3.1966 0.952631 0.0196518 0.30349 119.369
0.260243 0.0269694 -0.965166 -109.396 -0.0253754 0.999456 0.0210854 -3.19967 0.965209 0.0190042 0.260786 119.415
0.213987 0.0251132 -0.976513 -109.69 -0.0246062 0.999491 0.0203121 -3.19813 0.976526 0.0196817 0.214497 119.449
0.165442 0.0234481 -0.98594 -110.004 -0.0235674 0.999526 0.0198165 -3.19222 0.985937 0.0199576 0.165917 119.471
0.115784 0.0231973 -0.993003 -110.331 -0.0227285 0.999528 0.0206996 -3.18307 0.993014 0.0201728 0.116257 119.482
0.0642574 0.0238435 -0.997648 -110.666 -0.0212507 0.999521 0.0225196 -3.1724 0.997706 0.0197537 0.0647338 119.474
0.0113526 0.0257202 -0.999604 -111.023 -0.0171048 0.999528 0.025524 -3.16079 0.999789 0.0168082 0.0117878 119.452
-0.0414699 0.0268047 -0.99878 -111.385 -0.0131756 0.999539 0.0273721 -3.1477 0.999052 0.0142946 -0.041097 119.413
-0.0952698 0.0284841 -0.995044 -111.764 -0.00930885 0.999522 0.0295036 -3.14244 0.995407 0.0120735 -0.0949584 119.356
-0.147861 0.0293837 -0.988571 -112.146 -0.00624397 0.999511 0.0306428 -3.13287 0.988988 0.0107035 -0.147604 119.275
-0.199117 0.0304073 -0.979504 -112.531 -0.00346603 0.999491 0.0317324 -3.12139 0.979969 0.00971344 -0.198909 119.171
-0.248436 0.0310974 -0.968149 -112.94 -0.000228921 0.999483 0.0321626 -3.10566 0.968648 0.00821196 -0.248299 119.045
-0.29642 0.0322041 -0.954514 -113.352 0.00421469 0.999466 0.0324119 -3.08912 0.955048 0.00558456 -0.296397 118.899
-0.342678 0.0332774 -0.938863 -113.769 0.00813249 0.99944 0.0324563 -3.07193 0.939417 0.00348678 -0.342757 118.733
-0.387125 0.0343901 -0.921385 -114.209 0.0113687 0.999406 0.0325255 -3.04831 0.921957 0.00211645 -0.387285 118.531
-0.42905 0.0348907 -0.902606 -114.647 0.0141675 0.999391 0.0318975 -3.03302 0.903169 0.000898 -0.429282 118.309
-0.468115 0.0355952 -0.88295 -115.103 0.0164733 0.999367 0.0315548 -3.01169 0.883514 0.000226208 -0.468404 118.057
-0.502548 0.0354121 -0.863823 -115.553 0.0176988 0.999373 0.0306722 -2.99435 0.864368 0.000125649 -0.502859 117.779
-0.530779 0.0349577 -0.846789 -116.023 0.0172781 0.999388 0.0304273 -2.97484 0.847334 0.00151925 -0.531057 117.468
-0.554193 0.0336693 -0.831707 -116.492 0.0160255 0.999428 0.0297808 -2.95838 0.832234 0.00317573 -0.554415 117.14
-0.57158 0.0326615 -0.819895 -116.985 0.0157041 0.99946 0.0288667 -2.94648 0.820395 0.00362389 -0.571784 116.781
