1 0 0 0 0 1 0 0 0 0 1 0
0.999994 0.00345114 0.000113214 -0.0101233 -0.0034513 0.999993 0.00145308 -0.0163466 -0.000108198 -0.00145346 0.999999 0.777978
0.999986 0.00518331 0.000537595 -0.0164433 -0.00518449 0.999984 0.00221526 -0.0294633 -0.000526104 -0.00221802 0.999997 1.54131
0.999982 0.00590869 0.00119628 -0.0220789 -0.00591144 0.99998 0.00230578 -0.055762 -0.00118263 -0.00231281 0.999997 2.29454
0.99997 0.00767263 0.00137561 -0.0279786 -0.00767557 0.999968 0.00214434 -0.0732961 -0.00135911 -0.00215483 0.999997 3.02823
0.999968 0.00790721 0.00130544 -0.0345049 -0.00791015 0.999966 0.00226302 -0.0876029 -0.00128751 -0.00227327 0.999997 3.75385
0.999966 0.00790755 0.0022451 -0.0367332 -0.00791471 0.999964 0.0032018 -0.102924 -0.0022197 -0.00321946 0.999992 4.454
0.999966 0.00793326 0.00230552 -0.0418547 -0.00794545 0.999954 0.00532441 -0.11275 -0.00226317 -0.00534255 0.999983 5.14478
0.999966 0.00732724 0.00384089 -0.0446027 -0.00735788 0.999941 0.00802544 -0.123372 -0.00378186 -0.00805343 0.99996 5.81033
0.999964 0.0070448 0.00472162 -0.0443596 -0.00709628 0.999915 0.0109751 -0.130666 -0.0046439 -0.0110083 0.999929 6.46201
0.999965 0.00599374 0.00580264 -0.039225 -0.00606802 0.999899 0.012868 -0.139758 -0.00572492 -0.0129027 0.9999 7.07859
0.999954 0.00608846 0.00736031 -0.037335 -0.00618174 0.9999 0.0127186 -0.147659 -0.00728214 -0.0127635 0.999892 7.66488
0.999942 0.00719959 0.00800815 -0.0351753 -0.00729239 0.999906 0.0116203 -0.15734 -0.00792374 -0.011678 0.9999 8.23278
0.999936 0.00685291 0.00901828 -0.0311552 -0.00694001 0.999929 0.00966253 -0.16096 -0.00895142 -0.0097245 0.999913 8.7643
0.99993 0.00576895 0.0102993 -0.0259505 -0.00585758 0.999946 0.00859646 -0.164173 -0.0102492 -0.00865619 0.99991 9.27517
0.999922 0.00295743 0.0121203 -0.0146986 -0.00304509 0.999969 0.00722011 -0.171107 -0.0120985 -0.00725646 0.9999 9.75764
0.999898 0.00142757 0.0142349 -0.00320126 -0.00152126 0.999977 0.00657261 -0.184075 -0.0142252 -0.0065936 0.999877 10.2052
0.999856 0.00475816 0.0162887 -0.00158576 -0.00484399 0.999974 0.00523415 -0.188092 -0.0162633 -0.0053123 0.999854 10.6265
0.999785 0.00745554 0.0193756 -0.000943315 -0.00754467 0.999961 0.00453088 -0.192323 -0.019341 -0.00467608 0.999802 11.0201
0.999713 0.00809941 0.0225492 0.00292626 -0.00821585 0.999953 0.00507612 -0.193209 -0.0225071 -0.00525993 0.999733 11.3812
0.999651 0.00509112 0.0259333 0.0160877 -0.00523853 0.99997 0.00561952 -0.202338 -0.0259039 -0.00575341 0.999648 11.7106
0.999587 0.00114313 0.0287007 0.0302824 -0.00130551 0.999983 0.0056396 -0.212281 -0.0286938 -0.00567475 0.999572 12.0092
0.999516 -0.00125579 0.0310856 0.0435876 0.00104503 0.999976 0.00679527 -0.222919 -0.0310934 -0.0067595 0.999494 12.2772
0.999454 -0.00205131 0.0329891 0.0565943 0.00179934 0.999969 0.00766601 -0.229131 -0.0330038 -0.00760247 0.999426 12.5186
0.999374 -0.00118567 0.0353522 0.0639247 0.000938318 0.999975 0.00701249 -0.231192 -0.0353597 -0.00697493 0.99935 12.731
0.99929 -0.000262755 0.0376883 0.0677835 2.09577e-05 0.999979 0.00641597 -0.23687 -0.0376892 -0.00641063 0.999269 12.9211
0.999192 0.00131505 0.0401705 0.0744145 -0.00155331 0.999981 0.00590068 -0.239129 -0.040162 -0.00595831 0.999175 13.0983
0.999113 0.00306625 0.042004 0.0796416 -0.00328884 0.999981 0.00523118 -0.242002 -0.0419872 -0.00536469 0.999104 13.268
0.99907 0.00373888 0.0429606 0.0840193 -0.00393405 0.999982 0.00445933 -0.24509 -0.0429432 -0.00462419 0.999067 13.4323
0.998977 0.00347494 0.0450838 0.0940878 -0.00361507 0.999989 0.00302697 -0.248083 -0.0450728 -0.00318685 0.998979 13.5864
0.998914 0.00243617 0.0465203 0.103737 -0.00255183 0.999994 0.00242688 -0.250938 -0.0465141 -0.00254295 0.998914 13.7378
0.99884 0.00186544 0.0481242 0.111643 -0.00194468 0.999997 0.00159989 -0.253628 -0.048121 -0.00169162 0.99884 13.8762
0.998779 0.0025516 0.04934 0.120174 -0.00259703 0.999996 0.000856654 -0.255584 -0.0493377 -0.000983746 0.998782 14.01
0.998704 0.00310182 0.0507947 0.126348 -0.00304966 0.999995 -0.00110439 -0.257538 -0.0507978 0.000948049 0.998709 14.1383
0.99866 0.00349167 0.0516339 0.132582 -0.00335427 0.999991 -0.00274748 -0.259062 -0.051643 0.0025706 0.998662 14.266
0.998616 0.00283771 0.0525261 0.140949 -0.00261762 0.999987 -0.00425841 -0.260728 -0.0525375 0.00411502 0.99861 14.3923
0.99863 0.0020328 0.052296 0.14926 -0.00174699 0.999983 -0.00551032 -0.262542 -0.0523063 0.00541141 0.998616 14.5185
0.99873 0.00186101 0.0503517 0.156202 -0.00155383 0.99998 -0.00613912 -0.266142 -0.0503621 0.00605309 0.998713 14.6457
0.998872 0.00157793 0.0474473 0.159975 -0.00125453 0.999976 -0.00684517 -0.267347 -0.047457 0.00677793 0.99885 14.7705
0.99905 0.00230488 0.0435084 0.163221 -0.00196532 0.999967 -0.00784574 -0.268609 -0.0435251 0.00775279 0.999022 14.8955
0.999268 0.00244602 0.0381638 0.165678 -0.00212551 0.999962 -0.00843656 -0.27002 -0.038183 0.00834927 0.999236 15.0204
0.999498 0.00245379 0.0315986 0.167057 -0.0021739 0.999958 -0.00888906 -0.270071 -0.0316191 0.0088159 0.999461 15.1442
0.999698 0.00264145 0.0244122 0.167512 -0.00241484 0.999954 -0.00930769 -0.270242 -0.0244357 0.00924593 0.999659 15.2681
0.999861 0.00229145 0.0165356 0.16311 -0.00212308 0.999946 -0.0101927 -0.269005 -0.0165581 0.0101562 0.999811 15.395
0.999976 0.00171009 0.00669216 0.156067 -0.00163469 0.999935 -0.0112557 -0.268814 -0.00671097 0.0112445 0.999914 15.5321
0.999981 0.000694405 -0.00605028 0.148728 -0.000770551 0.99992 -0.0125924 -0.269901 0.00604106 0.0125968 0.999902 15.673
0.999761 -0.000194555 -0.0218595 0.137826 -0.000112367 0.999901 -0.0140385 -0.273176 0.02186 0.0140376 0.999662 15.8198
0.99915 0.000244912 -0.0412125 0.116029 -0.000839555 0.999896 -0.014412 -0.274476 0.0412047 0.0144343 0.999046 15.9943
0.998041 0.000635348 -0.0625622 0.0889066 -0.00152726 0.999898 -0.0142096 -0.278744 0.0625468 0.0142773 0.99794 16.179
0.996288 0.000307464 -0.0860827 0.0571961 -0.00146738 0.999909 -0.0134114 -0.285964 0.0860708 0.013488 0.996198 16.3756
0.993613 0.00118391 -0.11283 0.0218903 -0.00262229 0.999917 -0.0126006 -0.293037 0.112806 0.012816 0.993534 16.599
0.989781 0.00169319 -0.142586 -0.0313372 -0.00336037 0.999929 -0.0114524 -0.298469 0.142557 0.0118145 0.989716 16.826
0.98441 0.00162667 -0.175882 -0.0930155 -0.00336492 0.999948 -0.00958524 -0.304541 0.175857 0.0100276 0.984364 17.0785
0.977191 0.00188346 -0.212355 -0.16808 -0.00328446 0.999975 -0.00624489 -0.307049 0.212338 0.00679992 0.977172 17.3369
0.96779 0.00275907 -0.251743 -0.25995 -0.00350702 0.999991 -0.00252244 -0.310624 0.251734 0.00332406 0.967791 17.5943
0.956075 0.00581479 -0.293064 -0.37331 -0.00588529 0.999982 0.000641209 -0.312665 0.293063 0.00111172 0.956092 17.8762
0.942185 0.00883659 -0.334978 -0.503121 -0.00801424 0.99996 0.00383713 -0.314814 0.334998 -0.00093069 0.942218 18.156
0.925848 0.0104257 -0.377751 -0.645751 -0.0080604 0.999937 0.00784188 -0.315713 0.377809 -0.00421557 0.925874 18.4296
0.906847 0.0128291 -0.421264 -0.812405 -0.00785294 0.999877 0.0135451 -0.320137 0.421387 -0.00897521 0.906837 18.7302
0.885275 0.0159608 -0.464793 -0.998382 -0.00836691 0.999796 0.0183964 -0.323501 0.464992 -0.012397 0.885228 19.0243
0.86095 0.0201063 -0.508292 -1.19949 -0.0103796 0.999705 0.021964 -0.325387 0.508583 -0.0136341 0.860905 19.3089
0.833464 0.0226686 -0.552108 -1.4309 -0.0113109 0.999649 0.0239689 -0.326522 0.552458 -0.0137323 0.833428 19.603
0.803196 0.0248102 -0.595198 -1.67828 -0.012923 0.999623 0.0242292 -0.326006 0.595575 -0.0117691 0.803214 19.8818
0.77001 0.0271271 -0.637455 -1.95955 -0.0137363 0.999569 0.0259443 -0.322211 0.637884 -0.0112211 0.770051 20.1685
0.733573 0.0292853 -0.678979 -2.25782 -0.0138728 0.999508 0.0281219 -0.317055 0.679468 -0.0112101 0.733619 20.4413
0.695414 0.0294007 -0.718007 -2.57043 -0.0119882 0.999498 0.0293162 -0.310511 0.718509 -0.0117793 0.695418 20.7036
0.654987 0.0295934 -0.75506 -2.9218 -0.0104313 0.999492 0.0301247 -0.303583 0.755568 -0.011855 0.654963 20.9763
0.612829 0.028192 -0.789713 -3.29402 -0.00642562 0.999508 0.0306951 -0.293543 0.79019 -0.0137364 0.612708 21.2349
0.569003 0.0279599 -0.82186 -3.68071 -0.00265412 0.999479 0.032165 -0.283101 0.822331 -0.0161207 0.568781 21.4741
0.522479 0.0285549 -0.852174 -4.1138 -0.00141618 0.999467 0.0326221 -0.268403 0.852651 -0.0158375 0.522241 21.7145
0.47384 0.0277692 -0.880173 -4.55917 -0.000102914 0.999504 0.0314786 -0.253814 0.880611 -0.0148253 0.473608 21.9229
0.422009 0.0273542 -0.906179 -5.04154 0.00311288 0.999495 0.0316207 -0.242119 0.906586 -0.0161651 0.421711 22.1235
0.368682 0.0257264 -0.9292 -5.53901 0.00725841 0.999507 0.0305529 -0.233928 0.929527 -0.0180088 0.368313 22.2992
0.31555 0.0256605 -0.948562 -6.05038 0.008833 0.999511 0.0299772 -0.227191 0.948868 -0.017838 0.315169 22.4479
0.262046 0.0284473 -0.964636 -6.61363 0.00895438 0.999451 0.0319064 -0.205832 0.965014 -0.0169987 0.261647 22.5786
0.210779 0.0322967 -0.977 -7.18996 0.0107603 0.999317 0.0353558 -0.18414 0.977474 -0.0179651 0.210287 22.6803
0.162888 0.0337442 -0.986067 -7.77329 0.0152013 0.99921 0.0367051 -0.171738 0.986527 -0.0209683 0.162246 22.7602
0.11777 0.0344736 -0.992442 -8.39947 0.0168537 0.999184 0.0367078 -0.154961 0.992898 -0.0210494 0.117092 22.8264
0.0780271 0.0330611 -0.996403 -9.02756 0.0171522 0.999257 0.034499 -0.133427 0.996803 -0.0197824 0.0774022 22.8622
0.0417995 0.0300656 -0.998673 -9.69017 0.0137326 0.999435 0.0306634 -0.107898 0.999031 -0.0149961 0.0413631 22.8777
0.0136489 0.0296241 -0.999468 -10.3563 0.0119261 0.999485 0.0297874 -0.0800515 0.999835 -0.0123263 0.0132887 22.8732
-0.00821388 0.0330609 -0.99942 -11.0647 0.0112272 0.999393 0.0329677 -0.049157 0.999903 -0.0109499 -0.00858002 22.8553
-0.0213995 0.0377079 -0.99906 -11.7897 0.0120772 0.999225 0.0374555 -0.0212554 0.999698 -0.0112643 -0.0218383 22.8302
-0.029135 0.040302 -0.998763 -12.5314 0.0131279 0.999116 0.0399333 0.00669376 0.999489 -0.0119482 -0.0296382 22.8024
-0.0333615 0.0386137 -0.998697 -13.2923 0.012979 0.999186 0.0381991 0.0356415 0.999359 -0.0116877 -0.0338355 22.7757
-0.0326586 0.0351053 -0.99885 -14.064 0.0186949 0.999229 0.0345074 0.068631 0.999291 -0.0175465 -0.0332896 22.75
-0.0290571 0.0346144 -0.998978 -14.8658 0.0299022 0.998983 0.0337448 0.0749203 0.99913 -0.0288912 -0.0300625 22.7408
-0.023051 0.0341842 -0.99915 -15.6866 0.0314152 0.998946 0.0334525 0.0951136 0.99924 -0.0306174 -0.0241006 22.731
-0.0184525 0.0321424 -0.999313 -16.5361 0.02928 0.999072 0.0315939 0.12438 0.999401 -0.0286769 -0.0193764 22.7145
-0.0146107 0.0285775 -0.999485 -17.4038 0.0326987 0.99907 0.0280877 0.1398 0.999358 -0.0322715 -0.0155315 22.7072
-0.0128689 0.0196356 -0.999724 -18.2898 0.0305883 0.999347 0.0192345 0.152118 0.999449 -0.0303323 -0.013461 22.6896
-0.012104 0.0121815 -0.999852 -19.1999 0.0238705 0.999644 0.01189 0.174764 0.999641 -0.023723 -0.0123904 22.659
-0.012705 0.0103435 -0.999866 -20.1213 0.0194122 0.99976 0.0100958 0.198087 0.99973 -0.0192813 -0.0129027 22.6296
-0.016461 0.015956 -0.999737 -21.0788 0.0111799 0.999813 0.0157732 0.224379 0.999802 -0.0109173 -0.0166363 22.5882
-0.0201192 0.0226591 -0.999541 -22.0577 0.0074875 0.999718 0.0225124 0.249094 0.999769 -0.00703115 -0.0202831 22.5503
-0.0250616 0.031544 -0.999188 -23.0545 0.00533917 0.999492 0.0314197 0.279159 0.999671 -0.00454741 -0.0252172 22.5127
-0.0271774 0.0398686 -0.998835 -24.07 0.00436885 0.999199 0.0397642 0.312394 0.999621 -0.00328308 -0.0273298 22.4791
-0.0275974 0.0453313 -0.998591 -25.0929 0.00691479 0.998956 0.0451568 0.34797 0.999595 -0.00565885 -0.0278819 22.4487
-0.0295319 0.0470297 -0.998457 -26.1267 0.00731288 0.998876 0.0468332 0.381719 0.999537 -0.00591853 -0.0298426 22.4171
-0.0302711 0.0449988 -0.998528 -27.152 0.00646193 0.998974 0.044823 0.41995 0.99952 -0.00509559 -0.0305307 22.387
-0.0332904 0.0412319 -0.998595 -28.1831 0.00189055 0.999149 0.0411918 0.455843 0.999443 -0.000516616 -0.0333399 22.3498
-0.0373654 0.0374773 -0.998599 -29.2179 0.00105642 0.999297 0.037464 0.486865 0.999301 0.000344906 -0.0373786 22.3111
-0.0425527 0.0347074 -0.998491 -30.2533 0.00216658 0.999397 0.0346466 0.514805 0.999091 -0.000689019 -0.0426022 22.267
-0.0499142 0.0330317 -0.998207 -31.305 0.000656725 0.999454 0.0330402 0.542166 0.998753 0.000993613 -0.0499085 22.2106
-0.0557185 0.0351538 -0.997827 -32.3563 0.00210034 0.999382 0.0350913 0.571738 0.998444 -0.000140555 -0.0557579 22.1483
-0.0627788 0.0377085 -0.997315 -33.427 0.000732378 0.999287 0.037737 0.603518 0.998027 0.00163866 -0.0627616 22.0805
-0.0692378 0.0407377 -0.996768 -34.4972 -0.000734153 0.999163 0.0408866 0.638078 0.997599 0.00356266 -0.0691499 22.0052
-0.0729536 0.0420096 -0.99645 -35.5549 -0.00259522 0.999101 0.0423114 0.672118 0.997331 0.00567276 -0.0727789 21.9204
-0.0767617 0.0431262 -0.996116 -36.6309 -0.00540786 0.999031 0.0436692 0.710339 0.997034 0.00873896 -0.076454 21.8292
-0.0780227 0.0441087 -0.995975 -37.7007 -0.00853315 0.998954 0.0449091 0.751801 0.996915 0.0120027 -0.0775647 21.7376
-0.0805083 0.0442211 -0.995772 -38.7827 -0.00905476 0.998941 0.0450939 0.790718 0.996712 0.0126469 -0.0800226 21.6427
-0.082323 0.0437755 -0.995644 -39.864 -0.00987188 0.99895 0.0447371 0.82914 0.996556 0.0135117 -0.0818043 21.5464
-0.0830839 0.0434309 -0.995596 -40.942 -0.0104337 0.998957 0.0444482 0.866708 0.996487 0.0140807 -0.0825441 21.452
-0.0847207 0.0428215 -0.995484 -42.0274 -0.0114337 0.998968 0.0439445 0.903318 0.996339 0.015105 -0.0841436 21.3527
-0.0860092 0.0411227 -0.995445 -43.1128 -0.0151225 0.998978 0.0425753 0.938218 0.996179 0.0187154 -0.0852994 21.251
-0.0861161 0.0376612 -0.995573 -44.1981 -0.0201643 0.999014 0.0395356 0.970107 0.996081 0.0234797 -0.0852718 21.1491
-0.0863206 0.0371219 -0.995575 -45.2951 -0.0212739 0.999009 0.0390945 1.00271 0.99604 0.0245544 -0.0854453 21.0457
-0.0846217 0.039434 -0.995632 -46.3965 -0.0209222 0.998926 0.0413426 1.03619 0.996193 0.0243293 -0.0837057 20.9469
-0.0840084 0.0412026 -0.995613 -47.5098 -0.020565 0.99886 0.0430722 1.07335 0.996252 0.0240932 -0.0830652 20.8544
-0.0820911 0.0415798 -0.995757 -48.6157 -0.0199371 0.998861 0.043353 1.10476 0.996425 0.0234114 -0.0811685 20.7555
-0.080372 0.041276 -0.99591 -49.7232 -0.0193202 0.99889 0.0429587 1.13645 0.996577 0.0226939 -0.0794852 20.6593
-0.0766896 0.041212 -0.996203 -50.8349 -0.0216282 0.998841 0.0429862 1.17035 0.99682 0.0248427 -0.0757094 20.5656
-0.0712488 0.0416405 -0.996589 -51.9478 -0.0257162 0.998719 0.043568 1.2095 0.997127 0.0287326 -0.0700866 20.4774
-0.0665294 0.0412867 -0.99693 -53.0785 -0.0281456 0.998668 0.0432369 1.24723 0.997387 0.0309357 -0.0652787 20.3886
-0.0605065 0.0409313 -0.997328 -54.2046 -0.0296785 0.998643 0.0427858 1.28261 0.997726 0.032188 -0.0592096 20.3086
-0.0558611 0.040677 -0.997609 -55.3387 -0.0292907 0.998673 0.0423605 1.31949 0.998008 0.031587 -0.0545954 20.2341
-0.0507457 0.0407129 -0.997881 -56.4733 -0.0271007 0.998744 0.0421263 1.35617 0.998343 0.029181 -0.0495786 20.1656
-0.0451163 0.041294 -0.998128 -57.6075 -0.0260528 0.998756 0.0424977 1.39473 0.998642 0.0279214 -0.0439843 20.1068
-0.0407258 0.042885 -0.99825 -58.7537 -0.0245478 0.998734 0.0439073 1.42983 0.998868 0.0262929 -0.0396215 20.0552
-0.0358964 0.0432834 -0.998418 -59.9034 -0.025817 0.998688 0.0442233 1.46921 0.999022 0.0273636 -0.0347318 20.0072
-0.0305391 0.0429342 -0.998611 -61.0535 -0.0246919 0.998739 0.0436949 1.50799 0.999228 0.025992 -0.0294404 19.9653
-0.0267991 0.0393569 -0.998866 -62.2093 -0.0247058 0.998893 0.0400209 1.54534 0.999335 0.0257503 -0.0257971 19.9277
-0.0221616 0.0353755 -0.999128 -63.3647 -0.023826 0.999071 0.035902 1.57792 0.99947 0.0246009 -0.0212982 19.8943
-0.0192641 0.0348066 -0.999208 -64.524 -0.024028 0.999089 0.0352657 1.61021 0.999525 0.0246883 -0.0184102 19.8653
-0.0164675 0.0362658 -0.999206 -65.6867 -0.0227965 0.999068 0.0366365 1.64423 0.999604 0.0233817 -0.0156254 19.843
-0.0142785 0.0360745 -0.999247 -66.8515 -0.0232482 0.999067 0.0364002 1.6776 0.999627 0.0237504 -0.0134265 19.8239
-0.0143011 0.0359425 -0.999251 -68.0227 -0.024058 0.999052 0.0362796 1.7168 0.999608 0.0245588 -0.0134228 19.8012
-0.013201 0.036418 -0.999249 -69.1935 -0.0246783 0.99902 0.0367357 1.75603 0.999608 0.0251447 -0.0122893 19.7797
-0.0132036 0.0367581 -0.999237 -70.3813 -0.0256291 0.998983 0.0370874 1.78422 0.999584 0.0260992 -0.0122481 19.7558
-0.0121405 0.0355225 -0.999295 -71.5672 -0.0264398 0.999008 0.0358335 1.81035 0.999576 0.0268562 -0.0111892 19.732
-0.0109827 0.03484 -0.999333 -72.7499 -0.0250439 0.999069 0.0351061 1.8389 0.999626 0.0254127 -0.0100999 19.7124
-0.0118839 0.0348709 -0.999321 -73.9442 -0.0226046 0.999127 0.035133 1.86646 0.999673 0.0230067 -0.0110853 19.6979
-0.0119483 0.0351807 -0.99931 -75.1363 -0.02016 0.999169 0.0354168 1.89428 0.999725 0.0205692 -0.0112291 19.6824
-0.0119473 0.0367539 -0.999253 -76.3271 -0.0197209 0.999121 0.0369849 1.92372 0.999734 0.0201481 -0.0112119 19.6647
-0.0123257 0.0387859 -0.999172 -77.5186 -0.0215251 0.999005 0.039045 1.95589 0.999692 0.0219885 -0.0114785 19.6466
-0.0115087 0.0387757 -0.999182 -78.699 -0.0233356 0.998965 0.0390361 1.98925 0.999661 0.0237657 -0.0105919 19.6252
-0.0118409 0.0377002 -0.999219 -79.8813 -0.0244204 0.99898 0.0379806 2.02094 0.999631 0.024851 -0.0109081 19.6031
-0.0116687 0.0361835 -0.999277 -81.0603 -0.0241865 0.999042 0.0364574 2.05225 0.999639 0.0245944 -0.0107824 19.5812
-0.0109803 0.0359326 -0.999294 -82.2299 -0.0225609 0.99909 0.0361732 2.07862 0.999684 0.0229422 -0.0101596 19.5624
-0.0121581 0.037561 -0.99922 -83.411 -0.0199546 0.999086 0.0377988 2.10148 0.999726 0.0203986 -0.0113974 19.5483
-0.0121039 0.039347 -0.999152 -84.5877 -0.0192501 0.999031 0.0395754 2.13158 0.999741 0.0197128 -0.0113347 19.5263
-0.0112711 0.0415351 -0.999074 -85.7596 -0.0196627 0.998934 0.0417511 2.16453 0.999742 0.0201151 -0.0104423 19.5067
-0.0119455 0.0414122 -0.999071 -86.9376 -0.0198166 0.998935 0.0416435 2.20322 0.999732 0.0202956 -0.0111121 19.4881
-0.0113008 0.0402327 -0.999126 -88.1023 -0.0189856 0.999001 0.0404424 2.23376 0.999755 0.019426 -0.0105256 19.4673
-0.012161 0.0390445 -0.999163 -89.2803 -0.0181991 0.999063 0.0392621 2.26352 0.99976 0.0186613 -0.011439 19.4486
-0.0124031 0.0397524 -0.999133 -90.4492 -0.0158892 0.999075 0.0399474 2.2948 0.999796 0.0163709 -0.01176 19.4353
-0.0121557 0.0416051 -0.99906 -91.6171 -0.0145019 0.999021 0.04178 2.3273 0.99982 0.0149961 -0.0115405 19.4218
-0.0124307 0.0428354 -0.999005 -92.7852 -0.0131323 0.998988 0.0429981 2.36128 0.999836 0.0136537 -0.0118556 19.4078
-0.0134186 0.0451663 -0.998889 -93.9577 -0.0131488 0.998884 0.0453428 2.39753 0.999823 0.0137427 -0.0128097 19.3881
-0.0127512 0.0464245 -0.99884 -95.1156 -0.0148348 0.998802 0.0466121 2.43074 0.999808 0.0154119 -0.0120472 19.3671
-0.0134478 0.045705 -0.998864 -96.2823 -0.0164195 0.998809 0.0459236 2.47285 0.999774 0.0170184 -0.0126813 19.3437
-0.0128635 0.0431773 -0.998985 -97.435 -0.0189004 0.998878 0.0434161 2.50813 0.999738 0.0194397 -0.012033 19.3197
-0.0138029 0.0417041 -0.999035 -98.601 -0.0196374 0.998925 0.0419709 2.54718 0.999711 0.0201978 -0.0129691 19.2943
-0.0140148 0.0403894 -0.999086 -99.7581 -0.0187444 0.998997 0.0406488 2.5829 0.999725 0.0192969 -0.0132437 19.2723
-0.0140051 0.0410225 -0.99906 -100.916 -0.0185807 0.998974 0.0412795 2.61827 0.999729 0.0191413 -0.0132285 19.2509
-0.0154006 0.0427149 -0.998969 -102.078 -0.0189626 0.998894 0.0430041 2.65499 0.999701 0.0196053 -0.0145736 19.229
-0.0150149 0.0443312 -0.998904 -103.239 -0.0179745 0.998843 0.0445987 2.69344 0.999725 0.0186245 -0.0142007 19.2076
-0.0167218 0.0442545 -0.99888 -104.408 -0.0216548 0.998769 0.0446121 2.73089 0.999625 0.0223765 -0.0157428 19.1815
-0.0177809 0.0445038 -0.998851 -105.578 -0.0251549 0.998672 0.0449437 2.7696 0.999525 0.0259251 -0.0166378 19.1532
-0.0175851 0.0431242 -0.998915 -106.749 -0.0272816 0.998676 0.0435942 2.80816 0.999472 0.0280186 -0.0163853 19.1228
-0.0187853 0.0405455 -0.999001 -107.93 -0.0282093 0.998758 0.0410661 2.84264 0.999425 0.0289525 -0.0176182 19.0946
-0.0201226 0.0375609 -0.999092 -109.115 -0.0289535 0.998853 0.0381351 2.87485 0.999378 0.0296945 -0.0190119 19.0638
-0.0206826 0.0361796 -0.999131 -110.305 -0.0261979 0.998982 0.0367165 2.9062 0.999442 0.0269345 -0.0197137 19.0362
-0.0223129 0.0355537 -0.999119 -111.504 -0.0221854 0.999103 0.0360486 2.93278 0.999504 0.0229702 -0.0215041 19.0116
-0.0229714 0.0368236 -0.999058 -112.705 -0.0217624 0.999066 0.0373243 2.96399 0.999499 0.0225993 -0.0221485 18.9851
-0.0252025 0.039223 -0.998913 -113.923 -0.0207362 0.998994 0.0397494 3.00093 0.999467 0.0217154 -0.0243638 18.9504
-0.0258918 0.0396765 -0.998877 -115.142 -0.0191023 0.999009 0.0401769 3.03931 0.999482 0.020121 -0.0251082 18.9162
-0.0263362 0.0363015 -0.998994 -116.363 -0.0198872 0.999123 0.0368306 3.07306 0.999455 0.0208371 -0.0255912 18.8781
-0.0283954 0.0334745 -0.999036 -117.591 -0.02119 0.999194 0.0340821 3.10484 0.999371 0.0221373 -0.0276631 18.8377
-0.0292789 0.0319672 -0.99906 -118.825 -0.0200128 0.999269 0.0325604 3.12857 0.99937 0.0209473 -0.0286177 18.8005
-0.0307492 0.032801 -0.998989 -120.074 -0.0215287 0.999207 0.0334709 3.15646 0.999295 0.0225361 -0.0300186 18.7536
-0.031439 0.0351989 -0.998886 -121.334 -0.0246915 0.999047 0.0359817 3.19281 0.9992 0.0257952 -0.0305398 18.7009
-0.0314033 0.0378057 -0.998792 -122.593 -0.0294444 0.998815 0.0387324 3.23244 0.999072 0.0306251 -0.0302529 18.6483
-0.0325912 0.0371852 -0.998777 -123.854 -0.0360259 0.998614 0.0383547 3.27089 0.998819 0.0372318 -0.0312063 18.5924
-0.0326992 0.0350185 -0.998852 -125.115 -0.0401207 0.998534 0.0363208 3.30711 0.998659 0.0412622 -0.0312463 18.5362
-0.0330532 0.0339475 -0.998877 -126.378 -0.041011 0.998535 0.035293 3.34271 0.998611 0.0421314 -0.0316125 18.4841
-0.03462 0.0332044 -0.998849 -127.639 -0.0412795 0.998547 0.0346251 3.37728 0.998547 0.0424307 -0.033199 18.4311
-0.0349121 0.032943 -0.998847 -128.901 -0.0393311 0.998636 0.0343108 3.40758 0.998615 0.0404836 -0.0335688 18.379
-0.0362333 0.0332275 -0.998791 -130.163 -0.0393456 0.998624 0.0346493 3.43839 0.998568 0.0405534 -0.0348761 18.3254
-0.0372107 0.0359959 -0.998659 -131.43 -0.038543 0.998555 0.0374283 3.47292 0.998563 0.039884 -0.0357696 18.2731
-0.0374709 0.0381801 -0.998568 -132.691 -0.0375243 0.998511 0.0395861 3.50565 0.998592 0.0389539 -0.0359824 18.217
-0.0385375 0.0373995 -0.998557 -133.952 -0.0385325 0.9985 0.0388845 3.5376 0.998513 0.0399754 -0.0370385 18.1595
-0.038044 0.0358875 -0.998632 -135.211 -0.0384578 0.998561 0.0373501 3.56937 0.998535 0.0398261 -0.0366091 18.1059
-0.0365993 0.0351917 -0.99871 -136.471 -0.0378551 0.998613 0.0365756 3.59902 0.998612 0.0391449 -0.0352163 18.0526
-0.0364733 0.034412 -0.998742 -137.73 -0.0377857 0.998644 0.0357886 3.6277 0.998619 0.0390435 -0.0351236 17.9994
-0.0354459 0.0357652 -0.998732 -138.988 -0.0378029 0.998596 0.037102 3.65348 0.998656 0.03907 -0.034044 17.9451
-0.0352216 0.0376914 -0.998669 -140.246 -0.0382621 0.998504 0.0390347 3.68157 0.998646 0.039586 -0.0337268 17.8912
-0.0341514 0.0381685 -0.998688 -141.501 -0.0394009 0.998442 0.0395065 3.71068 0.998639 0.0406984 -0.0325943 17.8386
-0.0332431 0.0358759 -0.998803 -142.74 -0.0413129 0.998451 0.0372383 3.74241 0.998592 0.0425014 -0.0317094 17.7886
-0.0340421 0.0334994 -0.998859 -143.98 -0.0412326 0.998539 0.034894 3.7709 0.998569 0.0423734 -0.032611 17.7383
-0.0344388 0.0323182 -0.998884 -145.221 -0.0392514 0.998662 0.0336643 3.79716 0.998635 0.040367 -0.0331241 17.6904
-0.0341337 0.0316086 -0.998918 -146.461 -0.0379644 0.998737 0.0329002 3.82244 0.998695 0.0390463 -0.0328906 17.6428
-0.0352092 0.0313435 -0.998889 -147.701 -0.0356532 0.998832 0.0325985 3.84762 0.998743 0.0367613 -0.0340506 17.595
-0.0349659 0.0304905 -0.998923 -148.939 -0.0342209 0.998911 0.031688 3.86855 0.998802 0.0352921 -0.0338844 17.5456
-0.036028 0.0304618 -0.998887 -150.176 -0.0335716 0.998934 0.0316741 3.88984 0.998786 0.0346754 -0.0349669 17.4942
-0.0365854 0.0321516 -0.998813 -151.413 -0.0323988 0.998918 0.0333418 3.91235 0.998804 0.0335802 -0.0355041 17.443
-0.0364068 0.0327663 -0.9988 -152.648 -0.0305717 0.998957 0.0338859 3.93559 0.998868 0.0317687 -0.0353671 17.3921
-0.0373968 0.032171 -0.998783 -153.879 -0.0289966 0.999025 0.0332645 3.95918 0.998879 0.0302053 -0.0364275 17.3421
-0.0381546 0.0317023 -0.998769 -155.11 -0.0298615 0.999013 0.0328509 3.98221 0.998825 0.0310781 -0.0371703 17.2909
-0.0378722 0.0350913 -0.998666 -156.338 -0.0302426 0.998884 0.0362459 4.00757 0.998824 0.031575 -0.0367687 17.2364
-0.0385051 0.0389022 -0.998501 -157.572 -0.033191 0.99864 0.0401876 4.03986 0.998706 0.0346886 -0.0371616 17.1692
-0.0368266 0.038658 -0.998574 -158.799 -0.037768 0.998483 0.0400473 4.07177 0.998607 0.0391889 -0.0353106 17.1086
-0.0366864 0.0360918 -0.998675 -160.02 -0.0402886 0.998481 0.0375648 4.10788 0.998514 0.0416134 -0.0351765 17.0443
-0.035744 0.0322566 -0.99884 -161.239 -0.0420016 0.998546 0.0337502 4.13412 0.998477 0.0431593 -0.0343372 16.9843
-0.0345763 0.0303564 -0.998941 -162.452 -0.043458 0.998547 0.0318487 4.15827 0.998456 0.0445132 -0.0332068 16.9271
-0.0347168 0.0292251 -0.99897 -163.665 -0.0402624 0.998719 0.030617 4.17836 0.998585 0.0412838 -0.0334956 16.8739
-0.0351202 0.0252497 -0.999064 -164.878 -0.03673 0.998972 0.0265386 4.19419 0.998707 0.0376276 -0.0341567 16.8234
-0.0349701 0.024235 -0.999095 -166.089 -0.0323883 0.999152 0.0253701 4.21 0.998863 0.0332461 -0.0341556 16.7765
-0.0373447 0.0262412 -0.998958 -167.3 -0.0293777 0.999193 0.0273457 4.22836 0.99887 0.0303683 -0.0365437 16.7265
-0.0362185 0.0308529 -0.998868 -168.51 -0.0282695 0.999091 0.0318849 4.25327 0.998943 0.0293922 -0.0353133 16.678
-0.0360912 0.0330699 -0.998801 -169.722 -0.029608 0.998977 0.0341456 4.28022 0.998909 0.0308049 -0.0350751 16.6297
-0.0348362 0.0325173 -0.998864 -170.932 -0.031378 0.998941 0.0336142 4.30542 0.9989 0.0325133 -0.0337789 16.5798
-0.0336142 0.0320885 -0.99892 -172.141 -0.0334081 0.998889 0.0332117 4.33022 0.998876 0.0344883 -0.0325048 16.5316
-0.0340941 0.0324074 -0.998893 -173.35 -0.0325079 0.998909 0.0335175 4.35498 0.998889 0.0336147 -0.0330034 16.4836
-0.0336291 0.0314241 -0.99894 -174.556 -0.0324556 0.998943 0.0325169 4.37836 0.998906 0.0335147 -0.0325737 16.4371
-0.0316729 0.0309583 -0.999019 -175.741 -0.0331037 0.998939 0.0320054 4.40198 0.998949 0.0340849 -0.0306144 16.3941
-0.0311973 0.0315617 -0.999015 -176.905 -0.0333778 0.99891 0.0326007 4.4291 0.998955 0.0343619 -0.0301098 16.3488
-0.0293262 0.0328339 -0.999031 -178.041 -0.0336931 0.998859 0.0338174 4.45552 0.999001 0.0346522 -0.0281865 16.3113
-0.0295965 0.033014 -0.999017 -179.146 -0.0340918 0.998839 0.0340181 4.474 0.99898 0.0350651 -0.0284366 16.2727
-0.0293999 0.0336171 -0.999003 -180.221 -0.0345966 0.9988 0.0346285 4.49662 0.998968 0.0355801 -0.0282016 16.2344
-0.0288353 0.0342948 -0.998996 -181.271 -0.0342691 0.998789 0.0352769 4.51883 0.998996 0.0352519 -0.0276251 16.1988
-0.0288741 0.033701 -0.999015 -182.298 -0.0348798 0.998788 0.0347015 4.53748 0.998973 0.0358474 -0.0276636 16.1605
-0.0269841 0.0335403 -0.999073 -183.286 -0.0354705 0.998775 0.0344884 4.55143 0.999005 0.0363682 -0.0257613 16.1247
-0.0262454 0.0339808 -0.999078 -184.252 -0.0356358 0.998754 0.034906 4.57752 0.999019 0.036519 -0.0250018 16.0946
-0.0267365 0.0336129 -0.999078 -185.198 -0.0350445 0.998788 0.034541 4.60187 0.999027 0.0359357 -0.0255262 16.0644
-0.0295045 0.0317102 -0.999062 -186.127 -0.0339204 0.998888 0.0327065 4.61278 0.998988 0.0348535 -0.0283961 16.0326
-0.0350851 0.0298685 -0.998938 -187.05 -0.0335734 0.998953 0.0310481 4.62782 0.998819 0.034627 -0.0340455 15.9953
-0.0407636 0.0283283 -0.998767 -187.972 -0.03508 0.99894 0.029765 4.64214 0.998552 0.03625 -0.0397267 15.9533
-0.0442068 0.0277655 -0.998637 -188.894 -0.0363998 0.998904 0.0293843 4.65601 0.998358 0.0376492 -0.0431477 15.9082
-0.0483224 0.0286193 -0.998422 -189.817 -0.0377237 0.998823 0.0304566 4.67223 0.998118 0.0391359 -0.0471859 15.8579
-0.049999 0.0300694 -0.998297 -190.739 -0.03692 0.998807 0.0319339 4.68881 0.998066 0.0384537 -0.0488292 15.8112
-0.0527888 0.0314391 -0.998111 -191.663 -0.0350365 0.99883 0.0333148 4.70251 0.99799 0.0367289 -0.0516255 15.7625
-0.0545029 0.0325749 -0.997982 -192.586 -0.0339142 0.99883 0.0344548 4.71723 0.997937 0.0357236 -0.0533344 15.7124
-0.0548405 0.0321733 -0.997977 -193.491 -0.0343094 0.998829 0.0340862 4.73119 0.997905 0.0361093 -0.0536724 15.6649
-0.0560894 0.0313871 -0.997932 -194.394 -0.0355071 0.99881 0.0334105 4.7479 0.997793 0.0373076 -0.0549081 15.604
-0.0557582 0.0306793 -0.997973 -195.296 -0.0383439 0.998724 0.0328448 4.76479 0.997707 0.0400975 -0.0545106 15.5444
-0.0556189 0.0299278 -0.998004 -196.197 -0.0405966 0.998655 0.0322099 4.7811 0.997626 0.042307 -0.0543291 15.4847
-0.0551822 0.0280709 -0.998082 -197.099 -0.041187 0.998689 0.0303652 4.79752 0.997626 0.0427836 -0.0539537 15.4274
-0.0544096 0.0269722 -0.998155 -198.001 -0.0412293 0.998721 0.029235 4.81308 0.997666 0.0427438 -0.053228 15.3711
-0.0544845 0.026822 -0.998155 -198.916 -0.0410847 0.998731 0.0290801 4.82944 0.997668 0.0425932 -0.0533134 15.3159
-0.0543015 0.0296118 -0.998086 -199.832 -0.0391141 0.998729 0.031759 4.84852 0.997757 0.0407638 -0.0530742 15.2616
-0.0540313 0.0309516 -0.99806 -200.75 -0.0385667 0.998708 0.0330597 4.86902 0.997793 0.0402781 -0.0527678 15.2139
-0.054351 0.0289764 -0.998102 -201.682 -0.0346453 0.998921 0.0308869 4.88253 0.99792 0.0362583 -0.0532884 15.1602
-0.0540039 0.0273573 -0.998166 -202.614 -0.0339548 0.998995 0.0292171 4.89415 0.997962 0.0354703 -0.0530207 15.107
-0.0542841 0.0277558 -0.99814 -203.561 -0.0370901 0.998867 0.0297932 4.91642 0.997836 0.0386383 -0.0531931 15.043
-0.0530245 0.0296842 -0.998152 -204.509 -0.0370759 0.99881 0.0316734 4.94254 0.997904 0.0386868 -0.0518607 14.9819
-0.0507739 0.0305741 -0.998242 -205.465 -0.0358893 0.998829 0.0324175 4.96429 0.998064 0.0374722 -0.0496171 14.9343
-0.049461 0.0325938 -0.998244 -206.435 -0.0355797 0.998775 0.034374 4.98264 0.998141 0.0372173 -0.0482407 14.8804
-0.0474729 0.0353253 -0.998248 -207.41 -0.0354993 0.998683 0.037029 5.01181 0.998241 0.037195 -0.0461563 14.8319
-0.0467812 0.0386974 -0.998156 -208.399 -0.0336016 0.998622 0.0402904 5.03613 0.998339 0.0354244 -0.0454164 14.7824
-0.0460968 0.0399358 -0.998139 -209.388 -0.0333824 0.99858 0.0414952 5.06154 0.998378 0.035233 -0.0446982 14.7333
-0.0435995 0.0406416 -0.998222 -210.382 -0.0348203 0.998502 0.0421739 5.09269 0.998442 0.0365972 -0.042119 14.6855
-0.0415185 0.0414767 -0.998277 -211.387 -0.0363538 0.998413 0.0429944 5.12999 0.998476 0.0380762 -0.0399447 14.6346
-0.0377497 0.0417602 -0.998414 -212.396 -0.0372941 0.998371 0.0431685 5.166 0.99859 0.0388645 -0.0361308 14.5908
-0.0359687 0.0404397 -0.998535 -213.419 -0.0404942 0.9983 0.0418889 5.19897 0.998532 0.0419415 -0.03427 14.5439
-0.0335871 0.0384795 -0.998695 -214.444 -0.0411297 0.998358 0.0398498 5.22927 0.998589 0.0424144 -0.0319492 14.5047
-0.0308762 0.0379439 -0.998803 -215.473 -0.0405226 0.998409 0.0391817 5.25821 0.998701 0.0416839 -0.0292894 14.4689
-0.030148 0.0396533 -0.998759 -216.519 -0.0407039 0.998334 0.0408651 5.28619 0.998716 0.0418853 -0.0284837 14.4305
-0.0284404 0.0415686 -0.998731 -217.572 -0.0418922 0.998207 0.0427397 5.31797 0.998717 0.0430545 -0.0266479 14.3934
-0.0283965 0.0421672 -0.998707 -218.634 -0.0425335 0.998153 0.0433532 5.35375 0.998691 0.0437095 -0.0265505 14.3557
-0.0278548 0.0400903 -0.998808 -219.697 -0.0417625 0.998276 0.0412336 5.38845 0.998739 0.0428613 -0.0261324 14.3203
-0.0276995 0.0384919 -0.998875 -220.761 -0.0403255 0.998401 0.0395919 5.42161 0.998802 0.0413768 -0.0261029 14.285
-0.0285175 0.0376465 -0.998884 -221.838 -0.0380497 0.998525 0.0387193 5.45415 0.998868 0.0391114 -0.0270429 14.2557
-0.0282437 0.0373488 -0.998903 -222.923 -0.0385864 0.998515 0.0384253 5.48985 0.998855 0.0396293 -0.0267606 14.2197
-0.0289501 0.0373293 -0.998884 -224.025 -0.0379427 0.99854 0.0384162 5.52066 0.99886 0.0390124 -0.0274914 14.1852
-0.0298465 0.0375508 -0.998849 -225.126 -0.0398243 0.998455 0.038726 5.5528 0.99876 0.0409343 -0.028305 14.1486
-0.0301881 0.0389925 -0.998783 -226.235 -0.0399037 0.998394 0.0401834 5.58388 0.998747 0.0410682 -0.0285837 14.1032
-0.0324294 0.0408016 -0.998641 -227.358 -0.040403 0.998295 0.0420995 5.61652 0.998656 0.0417134 -0.0307256 14.0639
-0.0333331 0.0427179 -0.998531 -228.484 -0.0412609 0.998175 0.04408 5.64762 0.998592 0.0426696 -0.0315096 14.0204
-0.0337299 0.0432719 -0.998494 -229.621 -0.042272 0.998106 0.0446831 5.68857 0.998536 0.0437155 -0.0318367 13.9747
-0.0367581 0.0421832 -0.998433 -230.765 -0.0435789 0.99809 0.0437731 5.73203 0.998373 0.0451196 -0.0348495 13.9222
-0.0373802 0.0392927 -0.998528 -231.913 -0.0420021 0.998281 0.0408554 5.76793 0.998417 0.0434674 -0.0356656 13.8783
-0.0402719 0.035295 -0.998565 -233.062 -0.039491 0.998538 0.0368867 5.8007 0.998407 0.0409198 -0.0388191 13.8316
-0.042753 0.0317422 -0.998581 -234.22 -0.0354085 0.998818 0.0332658 5.82729 0.998457 0.0367805 -0.0415785 13.7855
-0.0442816 0.0319106 -0.998509 -235.41 -0.0305705 0.998978 0.0332813 5.85484 0.998551 0.0319986 -0.0432608 13.7386
-0.0478374 0.0350921 -0.998238 -236.599 -0.0263385 0.99899 0.0363808 5.88527 0.998507 0.0280325 -0.0468647 13.6849
-0.050809 0.0375654 -0.998002 -237.799 -0.0234713 0.998971 0.0387969 5.92183 0.998432 0.0253956 -0.049875 13.6249
-0.0524578 0.0381965 -0.997892 -239.002 -0.022555 0.998967 0.0394233 5.95679 0.998368 0.0245755 -0.051542 13.5591
-0.0563222 0.0387421 -0.997661 -240.214 -0.0221259 0.998952 0.0400413 6.00284 0.998167 0.0243293 -0.0554059 13.4875
-0.0590284 0.0399072 -0.997458 -241.432 -0.0207567 0.998935 0.0411946 6.04058 0.99804 0.0231355 -0.0581372 13.4088
-0.0604987 0.0398488 -0.997372 -242.651 -0.0197144 0.99896 0.0411081 6.07863 0.997973 0.0221496 -0.0596501 13.3285
-0.0641876 0.0386388 -0.997189 -243.878 -0.0201633 0.998995 0.0400066 6.11475 0.997734 0.0226745 -0.063344 13.2439
-0.0655541 0.0389756 -0.997087 -245.108 -0.0218043 0.998942 0.0404816 6.14956 0.99761 0.0243945 -0.0646348 13.1567
-0.0692935 0.0390748 -0.996831 -246.35 -0.0218437 0.998933 0.0406756 6.18677 0.997357 0.024593 -0.068366 13.0643
-0.0719313 0.0394018 -0.996631 -247.601 -0.0228668 0.998891 0.0411415 6.2211 0.997147 0.0257491 -0.0709505 12.9694
-0.0737293 0.0402418 -0.996466 -248.852 -0.0250424 0.998795 0.0421888 6.25783 0.996963 0.0280644 -0.0726327 12.87
-0.0777876 0.041596 -0.996102 -250.113 -0.0256966 0.998713 0.0437118 6.29706 0.996638 0.0289966 -0.0766186 12.7624
-0.0798533 0.0423904 -0.995905 -251.373 -0.0283193 0.998595 0.0447756 6.33216 0.996404 0.0317788 -0.0785406 12.6544
-0.0803159 0.0425564 -0.99586 -252.63 -0.0304947 0.998515 0.0451293 6.36914 0.996302 0.0339931 -0.0788988 12.5436
-0.0818459 0.042924 -0.99572 -253.888 -0.0311454 0.998473 0.0456027 6.40717 0.996158 0.0347445 -0.080384 12.4291
-0.0817444 0.042194 -0.99576 -255.147 -0.0312182 0.998504 0.0448731 6.44332 0.996164 0.0347539 -0.0803048 12.3215
-0.0828163 0.0413725 -0.995706 -256.409 -0.0296681 0.998592 0.04396 6.4782 0.996122 0.0331813 -0.0814723 12.2144
-0.0828847 0.0416632 -0.995688 -257.666 -0.0273907 0.998653 0.0440674 6.51552 0.996182 0.0309251 -0.0816318 12.1062
-0.0824644 0.0415452 -0.995728 -258.92 -0.0263966 0.998689 0.0438548 6.55498 0.996244 0.0299003 -0.0812596 11.9977
-0.0830404 0.0419796 -0.995661 -260.174 -0.0257655 0.998687 0.044256 6.595 0.996212 0.0293288 -0.0818498 11.8875
-0.0821235 0.0424139 -0.995719 -261.424 -0.0254105 0.99868 0.0446357 6.6334 0.996298 0.0289673 -0.0809372 11.7814
-0.0826906 0.0429255 -0.99565 -262.674 -0.0236205 0.998706 0.0450189 6.67227 0.996295 0.0272404 -0.0815696 11.6746
-0.0833863 0.0448421 -0.995508 -263.927 -0.0201574 0.998706 0.0466746 6.71292 0.996313 0.0239588 -0.0823745 11.5684
-0.0832372 0.0473853 -0.995402 -265.176 -0.0175129 0.998645 0.0490041 6.75142 0.996375 0.0215113 -0.0822944 11.4621
-0.0838356 0.0489111 -0.995278 -266.426 -0.0149654 0.99862 0.0503359 6.79166 0.996367 0.0191147 -0.0829878 11.355
-0.0841028 0.048265 -0.995287 -267.669 -0.0150544 0.99865 0.0497002 6.83331 0.996343 0.0191634 -0.0832626 11.2441
-0.0842239 0.0466004 -0.995356 -268.909 -0.0169567 0.998694 0.0481915 6.87695 0.996302 0.0209368 -0.0833236 11.1299
-0.0857189 0.0478705 -0.995169 -270.152 -0.0210793 0.998534 0.0498481 6.9239 0.996096 0.0252504 -0.0845841 11.0094
-0.0855184 0.0512952 -0.995015 -271.392 -0.0255477 0.998232 0.0536568 6.97528 0.996008 0.0300089 -0.0840566 10.8896
-0.086277 0.0513255 -0.994948 -272.631 -0.0287042 0.998129 0.0539787 7.02715 0.995857 0.0332163 -0.0846423 10.7678
-0.086443 0.0449108 -0.995244 -273.862 -0.0302552 0.998404 0.0476812 7.06432 0.995797 0.034233 -0.0849462 10.6549
-0.0867867 0.0399709 -0.995425 -275.086 -0.0273002 0.998724 0.0424835 7.09005 0.995852 0.0308622 -0.0855847 10.5475
-0.0876307 0.0394268 -0.995372 -276.311 -0.0233647 0.99886 0.0416219 7.11507 0.995878 0.0269039 -0.0866095 10.439
-0.087189 0.0407661 -0.995357 -277.543 -0.0194498 0.998902 0.042615 7.14487 0.996001 0.023075 -0.0863003 10.3321
-0.0855138 0.0427218 -0.995421 -278.769 -0.0188551 0.998832 0.044488 7.17979 0.996158 0.0225731 -0.0846082 10.2213
-0.0856436 0.0444658 -0.995333 -280.002 -0.0193829 0.99874 0.0462858 7.21903 0.996137 0.0232564 -0.0846737 10.1118
-0.0843903 0.0461079 -0.995365 -281.229 -0.0204763 0.998637 0.0479955 7.25945 0.996222 0.0244317 -0.0833311 10.0024
-0.0845957 0.0469423 -0.995309 -282.457 -0.0205911 0.998593 0.0488474 7.30084 0.996202 0.0246267 -0.0835101 9.89267
-0.0842756 0.046282 -0.995367 -283.685 -0.0202988 0.998633 0.0481525 7.34137 0.996235 0.0242628 -0.0832209 9.78344
-0.0834162 0.0454648 -0.995477 -284.903 -0.0202949 0.998673 0.0473114 7.38275 0.996307 0.0241496 -0.0823828 9.67651
-0.0844646 0.0446688 -0.995425 -286.135 -0.0207818 0.998698 0.0465791 7.42064 0.996209 0.024621 -0.0834263 9.56297
-0.084482 0.0442873 -0.99544 -287.366 -0.021093 0.998708 0.0462228 7.45853 0.996201 0.0249018 -0.0834386 9.44959
-0.0839153 0.0441235 -0.995495 -288.594 -0.0211662 0.998714 0.0460504 7.49954 0.996247 0.0249352 -0.0828734 9.3421
-0.08469 0.0440201 -0.995434 -289.822 -0.021581 0.998708 0.0460009 7.5404 0.996173 0.0253783 -0.0836305 9.23366
-0.0842828 0.0447687 -0.995436 -291.049 -0.0212539 0.998682 0.0467142 7.58416 0.996214 0.0250941 -0.0832201 9.12285
-0.0852095 0.0441857 -0.995383 -292.276 -0.0211073 0.998711 0.0461403 7.62725 0.996139 0.0249415 -0.0841669 9.01127
-0.0848988 0.0422378 -0.995494 -293.499 -0.021422 0.998792 0.0442046 7.66702 0.996158 0.0250784 -0.0838914 8.89789
-0.085895 0.040476 -0.995482 -294.723 -0.0213831 0.998869 0.0424587 7.70889 0.996074 0.0249334 -0.0849323 8.78298
-0.0862444 0.0393143 -0.995498 -295.947 -0.0228861 0.998879 0.0414306 7.74951 0.99601 0.0263562 -0.0852479 8.66777
-0.0865592 0.0387803 -0.995492 -297.166 -0.0244855 0.998857 0.0410405 7.79051 0.995945 0.0279275 -0.0855106 8.54768
-0.0866274 0.0391698 -0.99547 -298.385 -0.0269697 0.998768 0.0416465 7.83219 0.995875 0.0304552 -0.0854642 8.42777
-0.0876158 0.0396117 -0.995366 -299.61 -0.0288215 0.998689 0.0422809 7.87685 0.995736 0.0323924 -0.0863592 8.3068
-0.0873041 0.0393044 -0.995406 -300.827 -0.0296322 0.998676 0.0420325 7.92399 0.99574 0.0331656 -0.0860238 8.18575
-0.0885551 0.0378384 -0.995352 -302.055 -0.0298362 0.998729 0.0406212 7.96401 0.995624 0.0332948 -0.0873135 8.06844
-0.0894447 0.0356951 -0.995352 -303.286 -0.0283694 0.99886 0.0383702 7.99791 0.995587 0.0316695 -0.0883301 7.95637
-0.0899945 0.0352212 -0.995319 -304.516 -0.0253604 0.998969 0.0376433 8.03102 0.995619 0.0286293 -0.0890084 7.84358
-0.0918583 0.0363719 -0.995107 -305.752 -0.0233574 0.998978 0.0386695 8.06525 0.995497 0.0267953 -0.0909149 7.72829
-0.092792 0.0369272 -0.995 -306.989 -0.0226823 0.998974 0.03919 8.10059 0.995426 0.0262054 -0.0918591 7.6094
-0.0933445 0.035379 -0.995005 -308.226 -0.0237031 0.999006 0.0377449 8.13412 0.995351 0.0271079 -0.092413 7.48988
-0.0945333 0.0342593 -0.994932 -309.465 -0.0249688 0.999011 0.0367721 8.16683 0.995208 0.0283185 -0.0935844 7.36511
-0.0934267 0.0337976 -0.995052 -310.703 -0.0254596 0.999015 0.0363226 8.19906 0.9953 0.0287271 -0.0924741 7.24257
