1 0 0 0 0 1 0 0 0 0 1 0
0.999947 -0.00263246 0.00991315 0.0112121 0.00262045 0.999996 0.00122411 -0.0221551 -0.00991633 -0.00119807 0.99995 0.280676
0.999863 -0.00516745 0.0157247 0.0233812 0.00514212 0.999985 0.00165107 -0.0386433 -0.015733 -0.00156999 0.999875 0.564689
0.999823 -0.0070831 0.0174063 0.0362638 0.00706946 0.999975 0.000844964 -0.0535341 -0.0174118 -0.000721762 0.999848 0.853263
0.999852 -0.00874595 0.0147897 0.0465865 0.00874765 0.999962 -5.03339e-05 -0.0675581 -0.0147887 0.000179702 0.999891 1.14547
0.999921 -0.0104652 0.00701726 0.0521873 0.0104746 0.999944 -0.00130681 -0.0799445 -0.00700319 0.00138021 0.999975 1.45014
0.999914 -0.0119123 -0.00552657 0.0509472 0.0118998 0.999927 -0.00228053 -0.091591 0.00555333 0.00221457 0.999982 1.75878
0.999683 -0.0118546 -0.0222077 0.0420775 0.0117938 0.999926 -0.00286457 -0.102093 0.02224 0.00260175 0.999749 2.07134
0.999069 -0.00893901 -0.0422025 0.0188264 0.00881977 0.999957 -0.00301072 -0.111752 0.0422276 0.0026357 0.999105 2.40111
0.998005 -0.00629137 -0.0628142 -0.0132198 0.00605775 0.999974 -0.00390895 -0.120461 0.0628371 0.00352064 0.998018 2.73402
0.996524 -0.00629686 -0.0830652 -0.0514027 0.00595179 0.999973 -0.00440113 -0.130147 0.0830907 0.00389144 0.996534 3.07682
0.9945 -0.00698772 -0.104506 -0.0988082 0.00661798 0.999971 -0.00388431 -0.136836 0.10453 0.00317132 0.994517 3.44085
0.992126 -0.00760903 -0.125011 -0.153958 0.00727739 0.999969 -0.00310933 -0.143366 0.125031 0.0021751 0.992151 3.80509
0.989712 -0.00770373 -0.142869 -0.218001 0.0073229 0.999968 -0.00319116 -0.147589 0.142889 0.00211211 0.989736 4.18346
0.987181 -0.00640781 -0.159473 -0.287903 0.00602901 0.999978 -0.00285902 -0.151939 0.159488 0.00186091 0.987198 4.58032
0.98478 -0.00633018 -0.17369 -0.367314 0.00584416 0.999978 -0.00330947 -0.156211 0.173708 0.00224402 0.984795 4.98038
0.982255 -0.00705208 -0.187416 -0.454095 0.00653041 0.999973 -0.00340075 -0.161163 0.187435 0.0021165 0.982275 5.39265
0.980146 -0.00909991 -0.198068 -0.544411 0.00821829 0.999952 -0.00527268 -0.166793 0.198106 0.00354022 0.980174 5.82422
0.978373 -0.00900847 -0.20665 -0.639819 0.00766031 0.999944 -0.00732313 -0.174159 0.206705 0.00558175 0.978387 6.2586
0.976511 -0.00942646 -0.215261 -0.75034 0.00775752 0.999933 -0.00859665 -0.179468 0.215328 0.00672484 0.976519 6.7185
0.974669 -0.0099919 -0.223431 -0.863496 0.00765632 0.999907 -0.0113172 -0.185623 0.223523 0.00931983 0.974654 7.17827
0.972403 -0.0129183 -0.232948 -0.984035 0.0101983 0.999865 -0.012877 -0.192255 0.233083 0.0101459 0.972404 7.66122
0.970229 -0.017565 -0.24155 -1.10967 0.0145368 0.999792 -0.0143133 -0.202924 0.241752 0.0103758 0.970283 8.15482
0.967984 -0.0183204 -0.250342 -1.24032 0.01476 0.999762 -0.0160925 -0.215259 0.250578 0.0118823 0.968024 8.65289
0.965462 -0.016671 -0.260009 -1.39067 0.0118418 0.999727 -0.020129 -0.225773 0.260274 0.0163548 0.965396 9.16286
0.963057 -0.0147191 -0.268894 -1.54837 0.00882777 0.999694 -0.0231058 -0.238535 0.269152 0.0198784 0.962893 9.67755
0.960239 -0.0160136 -0.278719 -1.71304 0.00947756 0.999648 -0.024782 -0.251617 0.279018 0.0211551 0.960053 10.2153
0.957705 -0.0177331 -0.287204 -1.88123 0.0106723 0.999602 -0.0261319 -0.267479 0.287553 0.0219615 0.957513 10.762
0.955159 -0.0176221 -0.29557 -2.06173 0.00960681 0.999546 -0.0285485 -0.284955 0.295939 0.0244289 0.954894 11.3133
0.952413 -0.0172401 -0.304323 -2.25172 0.00790345 0.99946 -0.0318854 -0.301211 0.304709 0.0279629 0.952035 11.8854
0.95001 -0.0184528 -0.311674 -2.44695 0.00751131 0.999314 -0.0362699 -0.321033 0.312129 0.0321157 0.949497 12.4568
0.947722 -0.019477 -0.318503 -2.65342 0.00627747 0.99908 -0.0424165 -0.341859 0.319036 0.0381997 0.946972 13.0471
0.946167 -0.0197173 -0.323079 -2.86629 0.00386817 0.998761 -0.0496253 -0.367159 0.323657 0.0457041 0.94507 13.6461
0.944644 -0.0204738 -0.327456 -3.08279 0.00183345 0.998365 -0.0571323 -0.397469 0.328091 0.0533694 0.943137 14.2489
0.942878 -0.0203957 -0.332512 -3.30923 -0.00136957 0.997878 -0.0650917 -0.431891 0.333134 0.061829 0.94085 14.8719
0.941361 -0.0198662 -0.336816 -3.54501 -0.00445322 0.997447 -0.071278 -0.472502 0.337372 0.0685983 0.938869 15.5009
0.939382 -0.0188786 -0.342351 -3.79512 -0.00821042 0.996958 -0.0775049 -0.522883 0.342773 0.0756176 0.93637 16.1488
0.937496 -0.0176148 -0.347548 -4.052 -0.0119333 0.996504 -0.0826953 -0.575449 0.34779 0.0816739 0.934008 16.8002
0.935585 -0.0152422 -0.352771 -4.3135 -0.0165432 0.996079 -0.0869119 -0.63061 0.352713 0.0871494 0.931664 17.4546
0.933404 -0.0129737 -0.358593 -4.59009 -0.0207205 0.99573 -0.0899597 -0.691477 0.358229 0.091399 0.929149 18.135
0.931381 -0.0120238 -0.363848 -4.87044 -0.022881 0.995545 -0.0914699 -0.753393 0.363326 0.0935185 0.926956 18.8138
0.928738 -0.011029 -0.370573 -5.15839 -0.0244351 0.995563 -0.0908699 -0.820747 0.369931 0.0934493 0.924348 19.5133
0.925843 -0.0112369 -0.37774 -5.45412 -0.0246477 0.995634 -0.0900294 -0.88923 0.377103 0.0926635 0.921524 20.22
0.923063 -0.0104816 -0.384505 -5.75487 -0.0254984 0.995763 -0.0883573 -0.956464 0.383802 0.0913637 0.918884 20.9248
0.919806 -0.00947456 -0.392258 -6.06171 -0.0261652 0.996002 -0.085412 -1.0215 0.391499 0.088826 0.915881 21.6274
0.915153 -0.00784156 -0.40303 -6.40332 -0.0267307 0.99643 -0.0800841 -1.09483 0.402219 0.0840625 0.911676 22.4044
0.911945 -0.00428025 -0.41029 -6.74676 -0.0292905 0.996716 -0.0755014 -1.16233 0.409266 0.0808708 0.908824 23.1339
0.90791 -0.00168664 -0.419162 -7.09694 -0.0315144 0.996887 -0.0722719 -1.22695 0.417979 0.078826 0.90503 23.8719
0.903708 -0.00117081 -0.428147 -7.45465 -0.0322057 0.996977 -0.0707044 -1.29015 0.426935 0.0776849 0.900939 24.6065
0.89898 -0.00182861 -0.437985 -7.83142 -0.0319321 0.997057 -0.0697044 -1.36599 0.436824 0.0766487 0.896276 25.3636
0.894882 -0.00252028 -0.446296 -8.20984 -0.0314211 0.997147 -0.0686343 -1.43212 0.445196 0.0754427 0.892249 26.1151
0.890229 -0.00281869 -0.455504 -8.61636 -0.0312024 0.997255 -0.0671524 -1.49704 0.454443 0.0739938 0.887697 26.885
0.885866 -0.00297378 -0.463931 -9.02788 -0.030537 0.997437 -0.0647032 -1.55964 0.462935 0.0714855 0.883505 27.6563
0.881746 -0.00310293 -0.471713 -9.44637 -0.029095 0.997717 -0.0609486 -1.61898 0.470826 0.0674657 0.879643 28.4241
0.877249 -0.00135634 -0.480033 -9.88744 -0.0293268 0.997977 -0.0564138 -1.67751 0.479138 0.0635668 0.875434 29.2243
0.873148 -0.00114964 -0.487454 -10.3342 -0.0280586 0.998221 -0.0526139 -1.73107 0.486647 0.059617 0.871562 30.0171
0.868999 -0.00175414 -0.49481 -10.7988 -0.0268221 0.998357 -0.050645 -1.78695 0.494086 0.0572824 0.867524 30.825
0.864975 -0.00162614 -0.501812 -11.2708 -0.0265599 0.998445 -0.0490167 -1.84167 0.501112 0.0557263 0.863586 31.6318
0.861652 -0.00250339 -0.507493 -11.7499 -0.025278 0.998535 -0.0478442 -1.89461 0.506869 0.0540535 0.860326 32.4347
0.85794 -0.00329762 -0.513738 -12.251 -0.0240619 0.998624 -0.0465932 -1.94786 0.513185 0.0523358 0.856681 33.2701
0.855056 -0.00428255 -0.518518 -12.7573 -0.0231335 0.998655 -0.0463961 -2.00058 0.51802 0.0516664 0.853807 34.104
0.852561 -0.0047238 -0.522605 -13.2701 -0.0227862 0.998673 -0.0461996 -2.05229 0.52213 0.0512962 0.851322 34.9348
0.850746 -0.00459478 -0.525556 -13.8034 -0.0230536 0.998673 -0.0460493 -2.1012 0.52507 0.0512923 0.849512 35.7942
0.850292 -0.0042847 -0.526293 -14.3391 -0.0232042 0.99869 -0.0456198 -2.15185 0.525799 0.0510024 0.849078 36.6492
0.849553 -0.00419778 -0.527486 -14.8885 -0.0226688 0.998754 -0.0444579 -2.20269 0.527015 0.0497268 0.848399 37.5263
0.848972 -0.00458594 -0.528417 -15.4384 -0.0220231 0.998787 -0.0440511 -2.25313 0.527978 0.0490356 0.847841 38.4068
0.848593 -0.00657003 -0.529005 -15.9887 -0.0199091 0.998818 -0.0443417 -2.30371 0.528671 0.0481601 0.847459 39.2868
0.846719 -0.00855799 -0.531971 -16.5549 -0.0177906 0.998856 -0.0443855 -2.35683 0.531743 0.0470461 0.845598 40.1883
0.845457 -0.0090008 -0.533967 -17.1219 -0.0166777 0.998926 -0.043245 -2.40611 0.533783 0.0454672 0.844398 41.079
0.842577 -0.00700434 -0.53853 -17.695 -0.0170075 0.999071 -0.039604 -2.4531 0.538307 0.0425285 0.841675 41.9832
0.839201 -0.00580075 -0.543789 -18.2758 -0.0162154 0.999232 -0.0356835 -2.49832 0.543579 0.0387635 0.838462 42.8822
0.835347 -0.00662918 -0.549682 -18.8585 -0.0151864 0.999268 -0.0351299 -2.54471 0.549512 0.0376934 0.834635 43.7676
0.829257 -0.0091674 -0.558792 -19.4522 -0.0132958 0.999259 -0.0361248 -2.59236 0.558709 0.0373863 0.828521 44.6483
0.823502 -0.0116508 -0.567193 -20.0482 -0.012535 0.999172 -0.0387234 -2.64435 0.567174 0.0389986 0.822674 45.5026
0.815991 -0.0117891 -0.577944 -20.6686 -0.0126806 0.999187 -0.0382854 -2.69167 0.577925 0.0385692 0.815178 46.3808
0.8094 -0.00933869 -0.587182 -21.3005 -0.0136944 0.999302 -0.0347701 -2.73587 0.587097 0.0361841 0.808707 47.251
0.804178 -0.00542964 -0.594363 -21.941 -0.0166308 0.999361 -0.0316309 -2.77605 0.594155 0.0353217 0.803574 48.1066
0.798962 -0.00477351 -0.601362 -22.5917 -0.0182874 0.999313 -0.0322287 -2.8182 0.601103 0.036747 0.798326 48.9624
0.795057 -0.00618645 -0.606503 -23.2459 -0.0196674 0.999159 -0.0359734 -2.8646 0.606216 0.0405293 0.794267 49.8099
0.792022 -0.0083122 -0.610435 -23.8908 -0.0213262 0.998921 -0.0412723 -2.92026 0.610119 0.0457069 0.79099 50.6397
0.788046 -0.0103364 -0.615529 -24.5549 -0.0207043 0.998849 -0.0432805 -2.97698 0.615267 0.0468512 0.786925 51.4791
0.784858 -0.00885636 -0.619611 -25.2194 -0.0202174 0.999 -0.0398884 -3.02865 0.619345 0.0438337 0.783894 52.3095
0.780616 -0.0069652 -0.624971 -25.8983 -0.0198873 0.999155 -0.0359755 -3.08026 0.624694 0.0405121 0.779818 53.1531
0.777547 -0.00558567 -0.6288 -26.5802 -0.0200131 0.999234 -0.0336236 -3.12892 0.628506 0.0387282 0.776839 53.9889
0.774466 -0.00516684 -0.632594 -27.2598 -0.0205038 0.999237 -0.0332637 -3.17658 0.632283 0.0387323 0.773769 54.8128
0.76951 -0.00746151 -0.638591 -27.951 -0.0198321 0.999171 -0.0355725 -3.22755 0.638327 0.040038 0.768723 55.6355
0.764562 -0.00896143 -0.644488 -28.6488 -0.0191261 0.999148 -0.0365823 -3.27921 0.644266 0.040296 0.763739 56.4535
0.760398 -0.010823 -0.649367 -29.3502 -0.0174801 0.999158 -0.0371218 -3.3291 0.649222 0.0395784 0.759568 57.2595
0.754601 -0.0113244 -0.656086 -30.0684 -0.0165026 0.999208 -0.0362273 -3.37688 0.655976 0.0381644 0.753816 58.0766
0.749597 -0.0114681 -0.661794 -30.7862 -0.0162741 0.999229 -0.0357487 -3.42174 0.661694 0.0375674 0.748832 58.8836
0.742671 -0.0123222 -0.669542 -31.5183 -0.0167772 0.999175 -0.0369984 -3.47008 0.669445 0.0387108 0.741852 59.6896
0.736194 -0.0130651 -0.676644 -32.258 -0.0159993 0.999199 -0.0367004 -3.51801 0.676581 0.0378445 0.735395 60.4898
0.730419 -0.014752 -0.68284 -33.0015 -0.0149704 0.999181 -0.0375997 -3.5643 0.682835 0.037686 0.729599 61.2808
0.722815 -0.0164182 -0.690846 -33.7595 -0.014091 0.99916 -0.0384884 -3.61287 0.690897 0.0375547 0.721976 62.0708
0.716656 -0.0176306 -0.697203 -34.5187 -0.0132672 0.999155 -0.0389036 -3.66275 0.6973 0.0371305 0.715816 62.8454
0.708061 -0.0185846 -0.705907 -35.2953 -0.0120648 0.99919 -0.0384076 -3.7134 0.706048 0.0357116 0.707262 63.6185
0.700601 -0.0184173 -0.713315 -36.0798 -0.0112279 0.999259 -0.0368279 -3.76238 0.713464 0.0338108 0.699875 64.3836
0.693229 -0.0196314 -0.720449 -36.872 -0.00997516 0.999272 -0.0368273 -3.81139 0.720648 0.0327164 0.692529 65.1408
0.685517 -0.0206081 -0.727765 -37.6784 -0.00933121 0.999269 -0.0370858 -3.86321 0.727997 0.0322139 0.684823 65.8971
0.677492 -0.0225029 -0.735185 -38.4933 -0.00888334 0.999209 -0.0387704 -3.91689 0.735476 0.0327976 0.676756 66.6447
0.670854 -0.0223648 -0.741251 -39.315 -0.00916889 0.999219 -0.0384462 -3.9702 0.741532 0.0325883 0.670125 67.3848
0.663877 -0.022292 -0.747508 -40.1641 -0.00933999 0.999231 -0.0380938 -4.02478 0.747782 0.0322714 0.663159 68.127
0.658609 -0.022501 -0.752148 -41.0182 -0.00949101 0.999225 -0.0382032 -4.07943 0.752425 0.0322997 0.657885 68.8633
0.652103 -0.0230295 -0.75778 -41.8885 -0.0102291 0.99918 -0.0391684 -4.13492 0.758061 0.0332933 0.651333 69.5979
0.645738 -0.0245952 -0.763162 -42.7651 -0.00984711 0.99913 -0.0405319 -4.19241 0.763495 0.033688 0.644934 70.33
0.640792 -0.0270224 -0.767238 -43.6431 -0.00956038 0.999022 -0.0431707 -4.25095 0.767654 0.0349986 0.639907 71.0523
0.634537 -0.0280471 -0.772383 -44.5374 -0.00935734 0.99899 -0.043963 -4.30822 0.772835 0.0351237 0.633633 71.7789
0.629035 -0.0273856 -0.776894 -45.4368 -0.00954886 0.999032 -0.0429475 -4.36376 0.777318 0.034434 0.628164 72.5012
0.623689 -0.0273976 -0.781192 -46.3411 -0.00934393 0.999053 -0.0424984 -4.41936 0.781616 0.0338052 0.622842 73.2182
0.61687 -0.0282381 -0.786558 -47.2596 -0.00904553 0.999036 -0.0429603 -4.47905 0.787012 0.0336159 0.61602 73.9308
0.612498 -0.0285556 -0.789955 -48.179 -0.00860732 0.999047 -0.0427877 -4.53863 0.790424 0.0330069 0.611669 74.6397
0.606576 -0.029283 -0.794486 -49.1137 -0.00798947 0.999047 -0.0429225 -4.6003 0.794985 0.0323834 0.605764 75.3486
0.601791 -0.0307574 -0.79806 -50.0534 -0.0058623 0.999061 -0.0429245 -4.66094 0.798631 0.0305102 0.601046 76.0509
0.59812 -0.033026 -0.800725 -50.996 -0.00424811 0.999006 -0.0443773 -4.72315 0.801395 0.0299446 0.597385 76.7487
0.59211 -0.0361932 -0.805043 -51.9566 -0.00199529 0.998922 -0.0463772 -4.78932 0.805854 0.0290668 0.5914 77.4529
0.586281 -0.0401317 -0.809112 -52.9221 0.00264281 0.998862 -0.0476283 -4.85624 0.810102 0.0257853 0.58572 78.1506
0.579614 -0.0429447 -0.813758 -53.8929 0.00671848 0.998829 -0.0479261 -4.92354 0.814862 0.0223115 0.579224 78.8408
0.569688 -0.0461347 -0.820564 -54.8812 0.0107314 0.998756 -0.0487028 -4.99553 0.82179 0.0189397 0.569475 79.5307
0.560935 -0.046241 -0.826567 -55.8761 0.0126719 0.998802 -0.0472768 -5.06575 0.827762 0.0160452 0.560849 80.2101
0.550646 -0.0461109 -0.833463 -56.8911 0.0134909 0.998835 -0.046347 -5.13263 0.834629 0.0142768 0.550627 80.8795
0.539942 -0.046259 -0.84043 -57.9146 0.0125716 0.998821 -0.0469005 -5.20054 0.841608 0.0147581 0.539887 81.5359
0.530487 -0.0468491 -0.846397 -58.9454 0.0125989 0.998797 -0.0473882 -5.26779 0.847599 0.0144753 0.530439 82.1802
0.518527 -0.0486158 -0.853678 -59.9864 0.0128161 0.998712 -0.0490908 -5.3365 0.854965 0.0145142 0.518482 82.8135
0.507396 -0.0504046 -0.860237 -61.037 0.0139784 0.998638 -0.0502691 -5.40545 0.861599 0.0134817 0.50741 83.434
0.497404 -0.0509443 -0.866022 -62.0936 0.015417 0.998636 -0.0498907 -5.47511 0.867382 0.0114645 0.497511 84.0424
0.485095 -0.0510642 -0.872969 -63.1715 0.0165818 0.998652 -0.0492018 -5.54359 0.874304 0.00939222 0.485287 84.6431
0.473487 -0.0514746 -0.879295 -64.2573 0.0162438 0.998632 -0.0497137 -5.61283 0.880651 0.00925577 0.473675 85.2293
0.463603 -0.0524367 -0.88449 -65.3492 0.016885 0.998589 -0.0503508 -5.68277 0.885882 0.00840825 0.463834 85.8033
0.451063 -0.0535144 -0.890886 -66.4582 0.0158435 0.998524 -0.0519584 -5.75359 0.892351 0.00932184 0.451245 86.362
0.441798 -0.0540968 -0.895482 -67.5723 0.0158113 0.998495 -0.0525192 -5.82511 0.896975 0.00904423 0.441988 86.909
0.429887 -0.05387 -0.901273 -68.7074 0.0148582 0.998506 -0.0525946 -5.89507 0.90276 0.00921856 0.430046 87.4467
0.419412 -0.0526447 -0.906268 -69.849 0.0140696 0.998574 -0.0514955 -5.96372 0.907687 0.00884712 0.419555 87.9713
0.412023 -0.0506481 -0.909764 -70.9946 0.0147609 0.998694 -0.0489139 -6.0291 0.911054 0.00672478 0.412233 88.487
0.402473 -0.0512411 -0.913996 -72.1536 0.0164582 0.998676 -0.0487411 -6.09368 0.915284 0.00457429 0.402783 88.9919
0.393634 -0.0539842 -0.91768 -73.3174 0.0176011 0.998534 -0.0511907 -6.16131 0.919099 0.00399834 0.394007 89.4857
0.387387 -0.0557637 -0.920229 -74.4816 0.0187007 0.998439 -0.0526307 -6.2318 0.921727 0.00317963 0.387825 89.9737
0.379994 -0.0575767 -0.923195 -75.6528 0.0182135 0.998333 -0.0547661 -6.30492 0.92481 0.00399624 0.380409 90.4533
0.374918 -0.0611925 -0.925036 -76.8262 0.0210439 0.998124 -0.0574983 -6.3819 0.926819 0.00209084 0.375502 90.9264
0.369175 -0.0623724 -0.927264 -78.0025 0.0223575 0.998053 -0.0582327 -6.46003 0.929091 0.000766842 0.369851 91.3925
0.36433 -0.0604108 -0.929308 -79.1813 0.0233047 0.998173 -0.0557509 -6.53501 0.930978 -0.00134544 0.365072 91.853
0.361149 -0.0590468 -0.930636 -80.3618 0.0264002 0.998241 -0.0530911 -6.60697 0.932134 -0.00539507 0.362073 92.3097
0.357359 -0.058543 -0.93213 -81.5439 0.0288018 0.99825 -0.0516537 -6.67761 0.933523 -0.00838803 0.35842 92.7616
0.353959 -0.0592571 -0.933381 -82.7266 0.0315669 0.998179 -0.0514001 -6.7491 0.934728 -0.0112703 0.355185 93.2084
0.351696 -0.0575507 -0.934343 -83.9103 0.0319576 0.998265 -0.0494588 -6.81839 0.935569 -0.0124649 0.352924 93.6523
0.3483 -0.0568006 -0.93566 -85.095 0.0339775 0.998272 -0.0479534 -6.88567 0.936767 -0.0150891 0.349628 94.0918
0.34675 -0.0567908 -0.936236 -86.2801 0.0362094 0.998232 -0.0471406 -6.95208 0.937259 -0.0175545 0.348193 94.5294
0.343383 -0.0567698 -0.937478 -87.4579 0.0383151 0.998188 -0.0464119 -7.01807 0.938414 -0.0199824 0.344936 94.9587
0.34045 -0.0558669 -0.938601 -88.6367 0.0407023 0.998173 -0.0446491 -7.0819 0.939381 -0.0230023 0.342102 95.3845
0.33912 -0.0560575 -0.939071 -89.81 0.0433024 0.998095 -0.0439435 -7.14667 0.939746 -0.0257619 0.340901 95.8048
0.336397 -0.0557808 -0.940066 -90.9645 0.0440962 0.998083 -0.0434438 -7.21544 0.940687 -0.0268388 0.338212 96.2182
0.33573 -0.056718 -0.940249 -92.1073 0.0451707 0.998007 -0.0440732 -7.28187 0.940875 -0.0276749 0.337623 96.6279
0.335964 -0.0576125 -0.940111 -93.2396 0.046597 0.997922 -0.0445031 -7.34693 0.940722 -0.0288548 0.33795 97.035
0.335731 -0.0580606 -0.940166 -94.3606 0.0456603 0.997929 -0.0453225 -7.41445 0.940851 -0.027712 0.337687 97.4342
0.338608 -0.0587555 -0.939091 -95.4695 0.043986 0.997946 -0.0465778 -7.47995 0.939899 -0.0255352 0.340497 97.8306
0.341855 -0.058146 -0.937952 -96.5765 0.043102 0.998004 -0.0461594 -7.54498 0.938764 -0.0246477 0.343679 98.2304
0.347494 -0.0587791 -0.935838 -97.6678 0.0421703 0.998003 -0.047025 -7.6105 0.936733 -0.0231235 0.349279 98.6341
0.355192 -0.0587292 -0.932946 -98.7452 0.0426928 0.998003 -0.0465704 -7.67442 0.933818 -0.0232886 0.35699 99.0405
0.362007 -0.0571706 -0.93042 -99.8143 0.0412942 0.998122 -0.0452639 -7.7379 0.93126 -0.022035 0.363688 99.4531
0.370603 -0.0577406 -0.926995 -100.875 0.0418567 0.99809 -0.0454352 -7.79896 0.927848 -0.0219625 0.372312 99.873
0.380602 -0.0555166 -0.92307 -101.922 0.0395809 0.99826 -0.0437187 -7.85709 0.923891 -0.0198965 0.382137 100.3
0.390003 -0.056257 -0.919093 -102.964 0.0396867 0.998232 -0.0442606 -7.91541 0.919958 -0.019214 0.391546 100.738
0.400502 -0.0564861 -0.914553 -103.999 0.0386791 0.998251 -0.0447172 -7.97418 0.915479 -0.0174647 0.401986 101.186
0.410345 -0.0572306 -0.910132 -105.019 0.0376553 0.998241 -0.0457936 -8.02952 0.911153 -0.01548 0.411778 101.64
0.422425 -0.0575651 -0.904567 -106.033 0.0363082 0.998255 -0.0465716 -8.08687 0.90567 -0.0131701 0.423778 102.106
0.435805 -0.0557072 -0.898315 -107.037 0.0342661 0.998386 -0.0452892 -8.14051 0.899388 -0.0110444 0.437011 102.582
0.448569 -0.0540294 -0.892113 -108.032 0.0331377 0.99849 -0.0438098 -8.19349 0.893133 -0.00991078 0.449683 103.071
0.462811 -0.0521999 -0.884918 -109.019 0.0336086 0.99858 -0.0413274 -8.24398 0.88582 -0.0106141 0.463908 103.576
0.47545 -0.0511267 -0.878255 -109.993 0.0331757 0.998642 -0.040175 -8.29743 0.879117 -0.0100355 0.476501 104.09
0.487394 -0.0512524 -0.871676 -110.952 0.0331474 0.998642 -0.0401834 -8.35169 0.872552 -0.00930857 0.488432 104.616
0.499592 -0.0518228 -0.864709 -111.896 0.0322898 0.998629 -0.041193 -8.4024 0.865658 -0.00734148 0.500581 105.153
0.51093 -0.053053 -0.857983 -112.827 0.0337196 0.998563 -0.0416656 -8.45566 0.858961 -0.00764256 0.511984 105.693
0.522644 -0.0525325 -0.850931 -113.743 0.0349945 0.998581 -0.040154 -8.50818 0.851832 -0.00879154 0.52374 106.247
0.535388 -0.0514405 -0.843038 -114.641 0.0356415 0.998631 -0.0382996 -8.55975 0.843854 -0.00954187 0.536489 106.806
0.5452 -0.0480754 -0.836926 -115.529 0.0344468 0.998796 -0.0349339 -8.60828 0.837598 -0.0097834 0.5462 107.371
0.556752 -0.0459413 -0.829407 -116.402 0.032661 0.998908 -0.0334058 -8.65452 0.830036 -0.00849042 0.557644 107.944
0.566879 -0.0450243 -0.822569 -117.264 0.0305192 0.998968 -0.0336472 -8.70067 0.823236 -0.00603023 0.567668 108.522
0.57719 -0.0445967 -0.815391 -118.109 0.0298266 0.998993 -0.0335252 -8.7413 0.816065 -0.0049698 0.577939 109.103
0.587779 -0.0443657 -0.807804 -118.928 0.0306047 0.999 -0.0325976 -8.78063 0.808442 -0.00556227 0.588549 109.688
0.596937 -0.042109 -0.801182 -119.735 0.0297535 0.999097 -0.0303427 -8.82241 0.801736 -0.00572522 0.597651 110.283
0.606395 -0.0411751 -0.794096 -120.525 0.0304221 0.999129 -0.0285751 -8.86255 0.794581 -0.00683018 0.60712 110.88
0.61634 -0.0399873 -0.786463 -121.292 0.0305568 0.999172 -0.0268554 -8.89999 0.786886 -0.00747959 0.617052 111.476
0.62381 -0.0390415 -0.7806 -122.053 0.0283718 0.999225 -0.0273028 -8.93775 0.781061 -0.00511518 0.624434 112.079
0.632466 -0.0379223 -0.773659 -122.805 0.0285807 0.999263 -0.025616 -8.97246 0.77406 -0.00591031 0.633084 112.688
0.639676 -0.0359474 -0.767803 -123.543 0.0278738 0.999334 -0.0235649 -9.0037 0.768139 -0.0063276 0.640252 113.296
0.647631 -0.0329824 -0.761239 -124.27 0.026314 0.999435 -0.0209159 -9.03674 0.761499 -0.00648541 0.648134 113.907
0.656102 -0.0321588 -0.753986 -124.985 0.0260574 0.999462 -0.0199542 -9.06751 0.754222 -0.00655482 0.656587 114.521
0.663388 -0.0298582 -0.747679 -125.682 0.0242816 0.999537 -0.0183717 -9.09968 0.747881 -0.0059672 0.663805 115.129
0.671861 -0.028431 -0.740131 -126.363 0.0226853 0.999584 -0.0178047 -9.1293 0.74033 -0.00482771 0.672227 115.743
0.682378 -0.0243601 -0.730593 -127.033 0.0207511 0.999688 -0.0139509 -9.15257 0.730705 -0.00564073 0.682671 116.362
0.692421 -0.0215669 -0.721171 -127.691 0.0192744 0.99975 -0.0113918 -9.17639 0.721236 -0.00601211 0.692663 116.984
0.703947 -0.0192986 -0.70999 -128.33 0.017367 0.9998 -0.00995679 -9.19684 0.71004 -0.00532128 0.704141 117.612
0.714739 -0.0188009 -0.699138 -128.947 0.016238 0.999815 -0.0102861 -9.21881 0.699202 -0.00400063 0.714913 118.232
0.725497 -0.0180591 -0.687987 -129.552 0.0150193 0.999833 -0.0104066 -9.23943 0.688061 -0.0027831 0.725648 118.861
0.736841 -0.0177617 -0.675832 -130.144 0.014933 0.999839 -0.00999592 -9.25907 0.675901 -0.00272672 0.736988 119.499
0.747708 -0.016673 -0.663818 -130.722 0.0147541 0.999855 -0.00849452 -9.27663 0.663864 -0.00344256 0.747846 120.138
0.759324 -0.014881 -0.650542 -131.287 0.0141286 0.99988 -0.00638081 -9.29241 0.650559 -0.00434607 0.759443 120.787
0.769599 -0.0138196 -0.638377 -131.842 0.0143322 0.999888 -0.00436722 -9.30643 0.638366 -0.00578828 0.769711 121.444
0.779526 -0.0124186 -0.626246 -132.381 0.0144513 0.999894 -0.00183967 -9.31786 0.626203 -0.00761591 0.779623 122.107
0.78868 -0.011411 -0.614697 -132.909 0.0148657 0.99989 0.000511651 -9.32731 0.614623 -0.00954131 0.788763 122.778
0.796607 -0.0110302 -0.604396 -133.428 0.0153224 0.999881 0.00194751 -9.33546 0.604302 -0.0108121 0.796682 123.456
0.80408 -0.0108404 -0.594421 -133.939 0.0152567 0.999881 0.00240328 -9.34317 0.594324 -0.0110012 0.80415 124.14
0.812032 -0.0103324 -0.58352 -134.44 0.0144202 0.999893 0.00236227 -9.35065 0.583434 -0.0103326 0.812095 124.831
0.819091 -0.00880937 -0.573595 -134.933 0.0126895 0.999916 0.00276369 -9.35774 0.573522 -0.00954225 0.819134 125.528
0.82623 -0.00843431 -0.563269 -135.417 0.0123088 0.99992 0.00308257 -9.36434 0.563197 -0.00948 0.826268 126.231
0.832674 -0.00849922 -0.553697 -135.893 0.0125923 0.999914 0.00358826 -9.3706 0.55362 -0.00996009 0.83271 126.94
0.83846 -0.00936949 -0.544881 -136.362 0.0132884 0.999907 0.00325434 -9.37716 0.5448 -0.00996915 0.838507 127.653
0.843776 -0.0095712 -0.536609 -136.824 0.0132624 0.999908 0.00301941 -9.3833 0.53653 -0.00966435 0.843826 128.374
0.847488 -0.00881379 -0.530741 -137.284 0.0126052 0.999915 0.00352292 -9.38862 0.530664 -0.00967565 0.847527 129.098
0.851038 -0.0069491 -0.525057 -137.742 0.0123293 0.999901 0.00675041 -9.39103 0.524959 -0.0122184 0.85104 129.832
0.854952 -0.00388938 -0.518691 -138.201 0.0108216 0.999888 0.0103395 -9.38976 0.518593 -0.0144528 0.854899 130.579
0.858536 -0.00123105 -0.51275 -138.661 0.00941766 0.999867 0.0133682 -9.38713 0.512665 -0.0163059 0.858434 131.336
0.862197 0.00071844 -0.506571 -139.119 0.00803565 0.999854 0.015095 -9.38235 0.506508 -0.0170854 0.862066 132.1
0.865572 0.0022934 -0.500778 -139.577 0.00722501 0.999829 0.0170671 -9.3758 0.500731 -0.0183908 0.865407 132.877
0.869222 0.00349924 -0.494409 -140.036 0.00699935 0.999788 0.0193818 -9.3679 0.494372 -0.0203075 0.869013 133.669
0.873376 0.00405927 -0.487028 -140.494 0.00704765 0.999756 0.0209712 -9.35872 0.486994 -0.0217481 0.873134 134.477
0.877114 0.00380973 -0.480265 -140.951 0.00764841 0.999731 0.0218989 -9.34701 0.48022 -0.022881 0.87685 135.297
0.881215 0.00233902 -0.472708 -141.404 0.00886585 0.99973 0.0214744 -9.33448 0.472631 -0.0231145 0.880957 136.128
0.885825 0.00146145 -0.464016 -141.856 0.00958022 0.999725 0.0214378 -9.32189 0.46392 -0.0234354 0.885567 136.974
0.890307 0.000197779 -0.45536 -142.302 0.0104182 0.99973 0.0208037 -9.30782 0.455241 -0.0232656 0.890064 137.831
0.895657 -0.000580732 -0.444744 -142.74 0.0103904 0.999754 0.0196196 -9.2941 0.444623 -0.0221934 0.895443 138.699
0.901472 0.000744292 -0.432836 -143.177 0.00839399 0.999781 0.0192015 -9.28124 0.432755 -0.0209428 0.901268 139.584
0.90873 0.00416101 -0.417361 -143.607 0.00473929 0.999783 0.0202867 -9.26382 0.417355 -0.0204131 0.908514 140.493
0.916749 0.00748173 -0.399393 -144.028 0.00165842 0.999745 0.0225347 -9.24447 0.39946 -0.021321 0.916503 141.425
0.924557 0.0108878 -0.380886 -144.438 -0.00182207 0.999707 0.0241543 -9.22386 0.381037 -0.0216379 0.924307 142.376
0.932715 0.0124544 -0.360397 -144.826 -0.00370161 0.999682 0.0249667 -9.20187 0.360593 -0.0219527 0.932465 143.35
0.94013 0.0135249 -0.340547 -145.196 -0.00465295 0.999629 0.0268555 -9.1762 0.340783 -0.0236631 0.939844 144.339
0.947396 0.0152175 -0.3197 -145.55 -0.00623848 0.999558 0.0290914 -9.14963 0.320001 -0.0255666 0.947072 145.351
0.954451 0.0169648 -0.297884 -145.886 -0.00784707 0.999465 0.0317777 -9.11608 0.298264 -0.0279927 0.954073 146.384
0.960699 0.0195847 -0.276897 -146.202 -0.0100569 0.999309 0.0357879 -9.08016 0.277407 -0.0315966 0.960233 147.429
0.966763 0.0212597 -0.254787 -146.5 -0.0119302 0.999203 0.0381067 -9.03907 0.255394 -0.0338005 0.966246 148.497
0.972071 0.0226087 -0.233591 -146.776 -0.0139137 0.99915 0.0388047 -8.9985 0.234269 -0.0344708 0.97156 149.574
0.976876 0.0226867 -0.212595 -147.028 -0.014969 0.999172 0.0378424 -8.96036 0.213277 -0.033785 0.976408 150.668
0.981218 0.0230225 -0.191518 -147.259 -0.0162153 0.999183 0.0370354 -8.92279 0.192214 -0.0332342 0.98079 151.783
0.984766 0.0229093 -0.172364 -147.469 -0.0164633 0.999114 0.0387347 -8.88387 0.173098 -0.0353069 0.984272 152.907
0.987973 0.023287 -0.152858 -147.657 -0.017312 0.999038 0.0403043 -8.84227 0.153649 -0.0371733 0.987426 154.044
0.990944 0.0240136 -0.132103 -147.827 -0.0187462 0.998985 0.0409743 -8.79814 0.132953 -0.0381268 0.990389 155.207
0.993287 0.0255713 -0.112805 -147.977 -0.0210087 0.99892 0.0414515 -8.7546 0.113743 -0.0388033 0.992752 156.377
0.995439 0.0260125 -0.0917785 -148.103 -0.0222126 0.998863 0.0421852 -8.7063 0.0927714 -0.0399541 0.994885 157.569
0.996978 0.0277429 -0.0725581 -148.208 -0.0247438 0.998815 0.0419125 -8.65915 0.0736347 -0.0399904 0.996483 158.77
0.99819 0.0286615 -0.0528472 -148.292 -0.0265194 0.998816 0.0408007 -8.60892 0.0539538 -0.0393254 0.997769 159.982
0.999038 0.0287583 -0.0330916 -148.353 -0.0274406 0.998839 0.0396117 -8.56385 0.0341921 -0.0386655 0.998667 161.209
0.99943 0.0300622 -0.0153191 -148.393 -0.0294713 0.998864 0.0374416 -8.52236 0.0164271 -0.0369687 0.999181 162.44
0.999535 0.0303419 0.00285359 -148.407 -0.0304256 0.998878 0.0363046 -8.48318 -0.00174903 -0.0363745 0.999337 163.685
0.999287 0.0306282 0.0220308 -148.398 -0.031387 0.998896 0.0349623 -8.43744 -0.0209358 -0.0356289 0.999146 164.94
0.998727 0.0315431 0.0393454 -148.364 -0.0327206 0.999025 0.0296498 -8.3977 -0.038372 -0.0308994 0.998786 166.2
0.997743 0.0329079 0.0585218 -148.302 -0.0343637 0.99912 0.0240449 -8.36195 -0.0576793 -0.0260016 0.997996 167.489
0.996565 0.034943 0.0750681 -148.219 -0.0364934 0.999146 0.0193805 -8.33319 -0.074327 -0.0220534 0.99699 168.78
0.994982 0.0364966 0.0931501 -148.113 -0.0381568 0.999142 0.0161034 -8.31142 -0.0924827 -0.0195769 0.995522 170.092
0.992892 0.0390428 0.112429 -147.976 -0.0407908 0.99908 0.0132875 -8.29591 -0.111807 -0.0177791 0.993571 171.431
0.990913 0.0379273 0.129039 -147.818 -0.0400571 0.9991 0.0139487 -8.28048 -0.128394 -0.0189908 0.991541 172.767
0.988536 0.0365943 0.146477 -147.637 -0.0390666 0.999138 0.0140361 -8.26504 -0.145837 -0.0195975 0.989114 174.1
0.985689 0.0362202 0.164634 -147.427 -0.0384479 0.999207 0.0103629 -8.25922 -0.164128 -0.0165443 0.9863 175.45
0.98287 0.0374485 0.180452 -147.196 -0.0391333 0.999217 0.00578402 -8.25949 -0.180094 -0.0127465 0.983567 176.796
0.979344 0.0387319 0.198455 -146.94 -0.0406169 0.99916 0.00543411 -8.25715 -0.198078 -0.0133824 0.980095 178.15
0.975726 0.0401856 0.215273 -146.661 -0.0425236 0.999076 0.00623772 -8.25529 -0.214824 -0.0152404 0.976534 179.501
0.97143 0.0432387 0.233352 -146.357 -0.0452147 0.998973 0.00312262 -8.25423 -0.232977 -0.0135843 0.972387 180.854
0.966842 0.044001 0.251552 -146.027 -0.0454779 0.998966 5.74398e-05 -8.25814 -0.251289 -0.0114955 0.967844 182.204
0.962416 0.0448328 0.267851 -145.673 -0.0459485 0.998942 -0.00210486 -8.26497 -0.267662 -0.0102816 0.963458 183.551
0.957394 0.0446295 0.285312 -145.291 -0.044726 0.99898 -0.00618107 -8.27747 -0.285297 -0.00684308 0.958415 184.897
0.951234 0.0473691 0.304808 -144.882 -0.0460549 0.998873 -0.0115048 -8.29783 -0.305009 -0.0030941 0.952344 186.24
0.944313 0.0500914 0.32521 -144.443 -0.0479329 0.998743 -0.0146515 -8.32117 -0.325535 -0.00175261 0.945528 187.581
0.93529 0.0525291 0.34996 -143.967 -0.0500206 0.998617 -0.0162096 -8.34655 -0.350327 -0.00234447 0.936624 188.92
0.925464 0.0569528 0.374527 -143.455 -0.0539479 0.998372 -0.018512 -8.37585 -0.374972 -0.00307273 0.927031 190.25
0.914568 0.060753 0.39984 -142.907 -0.0567092 0.99815 -0.0219493 -8.40961 -0.400434 -0.00260046 0.916322 191.573
0.902672 0.0639037 0.425557 -142.319 -0.0589436 0.997953 -0.0248292 -8.44859 -0.426272 -0.00267113 0.904591 192.889
0.891005 0.065164 0.449291 -141.697 -0.0594037 0.997871 -0.026923 -8.49101 -0.450089 -0.00270092 0.89298 194.191
0.878121 0.0664251 0.473804 -141.035 -0.0598197 0.997788 -0.0290189 -8.53718 -0.474683 -0.00286061 0.880152 195.483
0.86523 0.067576 0.496798 -140.339 -0.0588565 0.997714 -0.033207 -8.58949 -0.497907 -0.000508113 0.86723 196.758
0.851785 0.0693216 0.519283 -139.604 -0.0582377 0.997593 -0.0376458 -8.64703 -0.520643 0.00182431 0.853773 198.021
0.837913 0.0705157 0.541227 -138.835 -0.0576616 0.997507 -0.0406936 -8.70967 -0.542748 0.00288969 0.839891 199.269
0.824707 0.0714299 0.56103 -138.029 -0.057192 0.99744 -0.0429219 -8.77677 -0.56266 0.00331158 0.826682 200.508
0.811261 0.0719789 0.580235 -137.189 -0.0566061 0.997401 -0.0445846 -8.84577 -0.581936 0.00332498 0.813228 201.731
0.797764 0.072225 0.598628 -136.321 -0.055688 0.997382 -0.0461224 -8.91731 -0.600392 0.00345846 0.799698 202.937
0.785328 0.0726193 0.614805 -135.421 -0.0543415 0.997349 -0.0483908 -8.99281 -0.61669 0.00459333 0.787193 204.13
0.77202 0.0736828 0.631311 -134.496 -0.0532354 0.997264 -0.0512939 -9.07276 -0.633364 0.00599189 0.773831 205.304
0.759499 0.0752762 0.646137 -133.544 -0.0520823 0.99713 -0.0549477 -9.16001 -0.648419 0.00808051 0.761241 206.465
0.746451 0.0763526 0.661044 -132.565 -0.0512052 0.997041 -0.0573404 -9.24989 -0.663467 0.00895291 0.748152 207.607
0.732576 0.0771635 0.676297 -131.561 -0.0512774 0.996987 -0.0582088 -9.34341 -0.678751 0.00796368 0.734326 208.734
0.718697 0.0783787 0.690891 -130.534 -0.0522056 0.996905 -0.058788 -9.43787 -0.69336 0.00618249 0.720565 209.841
0.703401 0.0807666 0.706189 -129.483 -0.0556773 0.996731 -0.0585384 -9.53316 -0.708609 0.0018573 0.705599 210.929
0.686957 0.0821362 0.72204 -128.407 -0.0582597 0.996619 -0.0579422 -9.62746 -0.724358 -0.00226196 0.68942 211.994
0.671524 0.0853598 0.736048 -127.31 -0.0619063 0.996333 -0.0590658 -9.7237 -0.738391 -0.00590184 0.674347 213.036
0.654567 0.0880911 0.750853 -126.197 -0.0633288 0.996087 -0.0616545 -9.82688 -0.753346 -0.00719355 0.657585 214.051
0.638446 0.0909036 0.764279 -125.069 -0.0651623 0.99582 -0.0640094 -9.93746 -0.766903 -0.00893552 0.641701 215.034
0.620795 0.0915485 0.778608 -123.93 -0.0662208 0.995733 -0.0642792 -10.0493 -0.781171 -0.0116557 0.624209 215.985
0.60124 0.0913881 0.793824 -122.772 -0.067157 0.995703 -0.0637647 -10.1617 -0.796241 -0.0149729 0.604795 216.907
0.581776 0.0896513 0.808392 -121.6 -0.0678787 0.995791 -0.0615838 -10.2729 -0.810511 -0.0190446 0.585414 217.795
0.561714 0.0890562 0.822524 -120.414 -0.0691383 0.995765 -0.0605979 -10.3837 -0.824437 -0.0228292 0.565493 218.648
0.540706 0.0881433 0.83658 -119.226 -0.0679638 0.995822 -0.0609943 -10.4937 -0.838461 -0.023877 0.544438 219.467
0.521165 0.0875607 0.848952 -118.03 -0.0681111 0.995818 -0.0608956 -10.6032 -0.850734 -0.0260863 0.52495 220.245
0.501166 0.0865217 0.861014 -116.825 -0.0663877 0.995901 -0.0614344 -10.7124 -0.862801 -0.0263718 0.504856 220.988
0.480434 0.0859321 0.87281 -115.617 -0.0642874 0.995962 -0.0626703 -10.821 -0.874672 -0.0260018 0.484018 221.69
0.461013 0.0849118 0.883321 -114.406 -0.0613185 0.996081 -0.0637485 -10.9306 -0.885272 -0.0247749 0.464413 222.351
0.440463 0.0830021 0.893925 -113.191 -0.0596474 0.996223 -0.0631106 -11.0404 -0.895787 -0.0255224 0.443751 222.979
0.420714 0.0829276 0.903394 -111.973 -0.059153 0.996202 -0.0638992 -11.1475 -0.905263 -0.0265552 0.424022 223.577
0.401363 0.0863417 0.91184 -110.764 -0.0601247 0.995883 -0.0678348 -11.2604 -0.913943 -0.0275976 0.404902 224.146
0.381852 0.0931058 0.919521 -109.566 -0.060362 0.995301 -0.0757122 -11.3746 -0.92225 -0.0265933 0.385678 224.682
0.363343 0.0991597 0.926363 -108.365 -0.0624711 0.994675 -0.0819693 -11.4948 -0.929559 -0.0280879 0.367603 225.188
0.344372 0.102729 0.933195 -107.166 -0.0644403 0.994238 -0.0856691 -11.6217 -0.936619 -0.0306332 0.349008 225.658
0.324065 0.103848 0.940317 -105.975 -0.0664048 0.994002 -0.0868916 -11.7493 -0.943701 -0.034283 0.329018 226.101
0.305394 0.104522 0.946471 -104.778 -0.0681226 0.993809 -0.0877689 -11.8783 -0.949786 -0.037672 0.310623 226.52
0.285303 0.104829 0.952686 -103.587 -0.0698664 0.993631 -0.0884117 -12.0046 -0.955887 -0.0413366 0.29081 226.909
0.267928 0.104956 0.957704 -102.399 -0.0694119 0.993568 -0.0894674 -12.133 -0.960935 -0.0425052 0.273491 227.267
0.249171 0.104565 0.962797 -101.212 -0.0689286 0.993548 -0.0900661 -12.2584 -0.966003 -0.0439224 0.254771 227.603
0.229777 0.104919 0.96757 -100.022 -0.0682762 0.993461 -0.0915127 -12.3906 -0.970845 -0.0450345 0.235438 227.914
0.213014 0.107521 0.971114 -98.8434 -0.071009 0.993002 -0.0943689 -12.5202 -0.974465 -0.0488559 0.219158 228.2
0.194549 0.108717 0.974848 -97.6714 -0.0715297 0.992766 -0.0964404 -12.6504 -0.978281 -0.0509682 0.200918 228.462
0.176925 0.105556 0.978547 -96.4949 -0.0708636 0.993018 -0.0943046 -12.7777 -0.98167 -0.0526585 0.18317 228.703
0.163458 0.101862 0.981277 -95.3379 -0.0694143 0.993378 -0.0915554 -12.8996 -0.984105 -0.0531492 0.169446 228.92
0.148257 0.0988956 0.983991 -94.1748 -0.0686638 0.993616 -0.0895174 -13.017 -0.986562 -0.0542929 0.154101 229.118
0.137054 0.0966077 0.98584 -93.0309 -0.0680563 0.9938 -0.0879264 -13.1334 -0.988223 -0.055042 0.142779 229.305
0.126002 0.0968062 0.987294 -91.8911 -0.0687415 0.993687 -0.08866 -13.2448 -0.989645 -0.0566967 0.131862 229.473
0.116508 0.0997963 0.988162 -90.7691 -0.0699563 0.993293 -0.0920663 -13.3582 -0.990723 -0.0584017 0.122708 229.627
0.110787 0.101849 0.988611 -89.6685 -0.0714562 0.992977 -0.0942915 -13.4718 -0.991272 -0.0601962 0.117287 229.779
0.104709 0.106024 0.988834 -88.578 -0.0723854 0.992476 -0.0987496 -13.5947 -0.991865 -0.0612371 0.111596 229.921
0.0985428 0.113868 0.988596 -87.5005 -0.0726407 0.991605 -0.106973 -13.7243 -0.992478 -0.0612709 0.105987 230.053
0.0945944 0.116392 0.988687 -86.4348 -0.0745352 0.991183 -0.109555 -13.8592 -0.992722 -0.0633288 0.102436 230.183
0.0895244 0.110782 0.989803 -85.3593 -0.0739449 0.991792 -0.104317 -13.9897 -0.993236 -0.063852 0.0969815 230.308
0.0873076 0.102082 0.990936 -84.2979 -0.0731622 0.992707 -0.0958181 -14.1117 -0.993491 -0.0641334 0.0941394 230.428
0.0845292 0.099803 0.991409 -83.2362 -0.0723213 0.992962 -0.093793 -14.2316 -0.993793 -0.0637718 0.0911523 230.546
0.0833233 0.101118 0.991378 -82.1814 -0.0726836 0.992806 -0.0951549 -14.3477 -0.993868 -0.0641284 0.0900736 230.658
0.0839384 0.104806 0.990943 -81.1595 -0.0735616 0.992392 -0.098728 -14.4641 -0.993752 -0.0646083 0.0910096 230.771
0.0849415 0.106791 0.990646 -80.1379 -0.0754456 0.992075 -0.100476 -14.5825 -0.993525 -0.0662053 0.0923253 230.886
0.0854527 0.107245 0.990553 -79.1169 -0.0766277 0.991953 -0.100786 -14.6993 -0.993391 -0.0672914 0.092983 231
0.0884524 0.108805 0.990119 -78.1037 -0.0778202 0.991733 -0.102031 -14.8145 -0.993036 -0.0680264 0.0961885 231.114
0.0910535 0.109546 0.989802 -77.094 -0.0785036 0.991628 -0.102526 -14.9256 -0.992747 -0.0683677 0.098891 231.233
0.0959954 0.110505 0.989228 -76.0946 -0.0804568 0.991428 -0.102943 -15.035 -0.992125 -0.0697081 0.104063 231.349
0.102272 0.10953 0.988707 -75.0977 -0.0795442 0.991638 -0.101627 -15.1423 -0.991571 -0.0682524 0.110129 231.47
0.107998 0.10872 0.988188 -74.1099 -0.0794005 0.991771 -0.100436 -15.2571 -0.990975 -0.0676157 0.115742 231.595
0.116173 0.10877 0.987254 -73.116 -0.0794234 0.99182 -0.0999271 -15.3727 -0.990048 -0.0668022 0.123862 231.721
0.123497 0.109728 0.986259 -72.131 -0.0788578 0.99181 -0.100472 -15.4813 -0.989207 -0.0653663 0.131139 231.852
0.129532 0.110643 0.985382 -71.1573 -0.0775524 0.991842 -0.101174 -15.5859 -0.988538 -0.0633134 0.137056 231.988
0.136694 0.110777 0.984399 -70.1879 -0.078585 0.991809 -0.100699 -15.6907 -0.987491 -0.0635941 0.14428 232.133
0.14258 0.110351 0.983612 -69.2304 -0.0792162 0.99185 -0.0997928 -15.7945 -0.986608 -0.0636895 0.15016 232.284
0.149639 0.109068 0.982706 -68.2777 -0.0785653 0.992067 -0.0981439 -15.9028 -0.985614 -0.0625204 0.157021 232.443
0.155877 0.109863 0.981647 -67.3215 -0.0790172 0.991998 -0.0984739 -16.004 -0.984611 -0.0622172 0.163311 232.613
0.162496 0.111325 0.980408 -66.3667 -0.0796046 0.991856 -0.0994306 -16.1093 -0.983493 -0.0618879 0.170035 232.784
0.168888 0.11224 0.979223 -65.4105 -0.0808687 0.991724 -0.0997255 -16.215 -0.982312 -0.062346 0.176567 232.962
0.175368 0.113228 0.977969 -64.4579 -0.0824484 0.991564 -0.100018 -16.3228 -0.981044 -0.0630921 0.183224 233.149
0.180102 0.113888 0.977032 -63.5063 -0.0841592 0.991417 -0.100052 -16.4308 -0.980041 -0.0642067 0.188141 233.341
0.187168 0.113574 0.975739 -62.5553 -0.0854591 0.991411 -0.0990054 -16.5379 -0.978603 -0.0648552 0.195266 233.539
0.192848 0.112114 0.974802 -61.6052 -0.0860687 0.991555 -0.0970135 -16.6414 -0.977446 -0.0651911 0.200869 233.749
0.198634 0.109902 0.973891 -60.6653 -0.0866904 0.991769 -0.0942378 -16.7476 -0.976232 -0.0657082 0.206527 233.956
0.206222 0.108895 0.972426 -59.7268 -0.0868986 0.9919 -0.0926476 -16.8527 -0.974639 -0.0653966 0.214014 234.169
0.212348 0.1099 0.970994 -58.8043 -0.0878798 0.991778 -0.0930336 -16.9525 -0.973234 -0.0655753 0.22026 234.383
0.220478 0.109865 0.969184 -57.8826 -0.0863595 0.991933 -0.0927976 -17.0516 -0.971561 -0.0632384 0.228188 234.604
0.229061 0.110636 0.967103 -56.9641 -0.0870865 0.991866 -0.0928421 -17.1505 -0.969509 -0.0629551 0.236833 234.827
0.237552 0.112515 0.964835 -56.0606 -0.0868791 0.99175 -0.0942628 -17.2458 -0.967482 -0.0614317 0.245368 235.065
0.247686 0.112746 0.962257 -55.1573 -0.0871971 0.99177 -0.0937597 -17.3397 -0.964908 -0.0606831 0.255478 235.308
0.254735 0.112065 0.960495 -54.2656 -0.0890005 0.991764 -0.0921091 -17.4299 -0.962907 -0.0620212 0.26261 235.564
