1 0 0 0 0 1 0 0 0 0 1 0
0.999872 0.00069775 0.0159645 0.00250178 -0.000694061 1 -0.000236618 -0.00621411 -0.0159647 0.000225507 0.999873 0.0995532
0.999336 0.00234341 0.0363608 0.0119505 -0.00234469 0.999997 -7.39439e-06 -0.0115528 -0.0363608 -7.78655e-05 0.999339 0.215622
0.997998 0.0034668 0.0631437 0.0251554 -0.00354934 0.999993 0.00119505 -0.0158314 -0.0631391 -0.00141678 0.998004 0.343821
0.995359 0.00342786 0.096175 0.0514739 -0.00373347 0.999988 0.00299781 -0.0176259 -0.0961636 -0.00334296 0.99536 0.49438
0.991089 0.00053276 0.133201 0.0922106 -0.00121509 0.999987 0.00504134 -0.0179751 -0.133196 -0.00515827 0.991076 0.664873
0.984983 -0.00151413 0.172644 0.141209 0.000487321 0.999982 0.00598982 -0.0192311 -0.17265 -0.00581574 0.984966 0.83683
0.976453 -0.0015495 0.215726 0.205979 1.66104e-05 0.999975 0.00710738 -0.0167069 -0.215732 -0.00693643 0.976428 1.02566
0.964713 -0.00170834 0.263298 0.280195 -0.000806306 0.999955 0.00944219 -0.012271 -0.263303 -0.0093213 0.964668 1.21949
0.950621 -0.00512273 0.310312 0.37741 6.06047e-05 0.999867 0.0163205 -0.00580337 -0.310355 -0.0154958 0.950495 1.43194
0.933826 -0.0126036 0.357506 0.485643 0.0042889 0.999702 0.0240408 0.0021642 -0.357703 -0.0209166 0.933601 1.63942
0.912956 -0.0178863 0.407666 0.612823 0.00646664 0.999548 0.0293732 0.0105624 -0.408007 -0.0241802 0.912658 1.85072
0.888447 -0.0192543 0.458575 0.760374 0.00470094 0.999449 0.0328565 0.0170951 -0.458955 -0.0270355 0.888048 2.07232
0.860288 -0.0212515 0.509366 0.92072 0.00299936 0.999325 0.0366276 0.0247416 -0.5098 -0.0299825 0.85977 2.28513
0.82889 -0.0254679 0.558832 1.10531 0.00314354 0.999159 0.0408725 0.0332602 -0.559403 -0.0321221 0.828273 2.50275
0.793474 -0.0302826 0.607851 1.30403 0.00422748 0.999011 0.0442514 0.0425332 -0.60859 -0.0325426 0.792817 2.70956
0.756224 -0.0341875 0.65342 1.52848 0.00489524 0.998902 0.046598 0.0541844 -0.654295 -0.0320398 0.75556 2.91601
0.717176 -0.0370989 0.695904 1.7783 0.00499496 0.99883 0.0481003 0.0671778 -0.696874 -0.0310204 0.716522 3.12707
0.675804 -0.0390243 0.736048 2.04524 0.00369144 0.998764 0.0495638 0.0805919 -0.737072 -0.0307784 0.675112 3.32859
0.634105 -0.0393204 0.772247 2.34106 -0.000426006 0.998688 0.0511999 0.0996447 -0.773247 -0.0327951 0.633256 3.53435
0.593019 -0.0395483 0.804217 2.65936 -0.00377496 0.998645 0.0518932 0.118164 -0.805179 -0.0338096 0.592067 3.73849
0.553375 -0.040793 0.831933 3.00453 -0.00591109 0.998582 0.0528964 0.138139 -0.832911 -0.0341892 0.552349 3.93816
0.515759 -0.0419773 0.855705 3.37825 -0.00764256 0.998534 0.0535902 0.156848 -0.8567 -0.0341794 0.514682 4.13084
0.478916 -0.0422325 0.876844 3.77007 -0.0105786 0.998492 0.0538694 0.177526 -0.877797 -0.0350748 0.477747 4.32411
0.443139 -0.0418918 0.895474 4.19354 -0.0120439 0.998539 0.0526735 0.200026 -0.896372 -0.0341267 0.441987 4.50861
0.41012 -0.0411508 0.911103 4.64766 -0.0111631 0.99868 0.0501313 0.219592 -0.911963 -0.0307306 0.409119 4.69277
0.381016 -0.0402561 0.923692 5.12298 -0.00926074 0.998835 0.0473509 0.240004 -0.924522 -0.0265955 0.380199 4.86696
0.35623 -0.0391189 0.93358 5.63035 -0.00866013 0.998942 0.0451622 0.263392 -0.934358 -0.024173 0.355514 5.03841
0.336381 -0.0387499 0.940929 6.16264 -0.00766899 0.999007 0.0438834 0.28727 -0.941695 -0.0219775 0.335749 5.21123
0.322164 -0.0392743 0.945869 6.71969 -0.00712774 0.99901 0.0439085 0.31306 -0.946657 -0.0208876 0.321565 5.38469
0.310689 -0.0400391 0.949668 7.30513 -0.00670014 0.998995 0.0443108 0.337532 -0.950488 -0.0201298 0.310109 5.56372
0.300524 -0.0410233 0.952892 7.91736 -0.00771982 0.998937 0.0454403 0.366313 -0.953743 -0.0210121 0.299888 5.74673
0.290569 -0.0420269 0.955931 8.55574 -0.00909916 0.998868 0.0466804 0.395389 -0.956811 -0.022262 0.289857 5.93518
0.280354 -0.0433668 0.958917 9.21714 -0.00984501 0.998796 0.0480487 0.424978 -0.959846 -0.0229112 0.279589 6.12577
0.270872 -0.0449552 0.961565 9.89932 -0.010824 0.998703 0.0497406 0.453981 -0.962555 -0.0238813 0.270034 6.31417
0.261118 -0.046317 0.964195 10.6081 -0.0109804 0.998641 0.0509453 0.484752 -0.965245 -0.02389 0.260254 6.50363
0.25069 -0.0473482 0.966909 11.3286 -0.0110413 0.998598 0.0517626 0.515824 -0.968004 -0.0236523 0.249816 6.68848
0.24117 -0.049715 0.969209 12.0704 -0.011966 0.998459 0.0541929 0.549292 -0.970409 -0.0246672 0.240203 6.86947
0.230342 -0.0527005 0.971682 12.8225 -0.0137107 0.998257 0.057392 0.587311 -0.973013 -0.0265422 0.229218 7.04864
0.2182 -0.0562511 0.974282 13.5863 -0.0140467 0.998053 0.0607695 0.626342 -0.975803 -0.0269454 0.216985 7.21978
0.206044 -0.057771 0.976836 14.3559 -0.015042 0.997951 0.0621925 0.665487 -0.978427 -0.0275079 0.204752 7.38106
0.192037 -0.0593399 0.979592 15.1386 -0.0154694 0.997863 0.0634793 0.706759 -0.981266 -0.0273441 0.190709 7.53249
0.178232 -0.0582994 0.98226 15.9234 -0.0166611 0.997921 0.0622521 0.74685 -0.983847 -0.0274608 0.17689 7.67288
0.162496 -0.0582485 0.984989 16.716 -0.0180099 0.997915 0.061984 0.78619 -0.986545 -0.0278117 0.161108 7.80043
0.1422 -0.0571696 0.988186 17.5153 -0.0202296 0.997954 0.0606458 0.824806 -0.989631 -0.0286144 0.140752 7.91475
0.117931 -0.0561439 0.991434 18.3179 -0.024001 0.997948 0.0593676 0.862763 -0.992732 -0.0307966 0.116341 8.01117
0.0877401 -0.0567325 0.994527 19.1338 -0.0267357 0.997883 0.0592826 0.904998 -0.995785 -0.0317908 0.0860374 8.0842
0.0542074 -0.0559538 0.996961 19.9598 -0.0299743 0.997887 0.0576356 0.944301 -0.99808 -0.0330075 0.0524156 8.13306
0.020672 -0.0567546 0.998174 20.7918 -0.0315454 0.997853 0.0573897 0.982352 -0.999289 -0.0326742 0.0188372 8.15198
-0.0134518 -0.056572 0.998308 21.6331 -0.0330699 0.997877 0.056102 1.02011 -0.999363 -0.0322593 -0.0152942 8.14264
-0.0453609 -0.0552587 0.997441 22.4712 -0.0360238 0.99791 0.0536464 1.05527 -0.998321 -0.0334981 -0.0472568 8.10598
-0.0774205 -0.0523221 0.995625 23.3089 -0.0381287 0.998047 0.0494844 1.08919 -0.996269 -0.0341308 -0.0792644 8.04309
-0.110819 -0.048757 0.992644 24.1468 -0.035738 0.998345 0.0450472 1.11537 -0.993198 -0.030483 -0.112379 7.95469
-0.141803 -0.0445135 0.988894 24.9825 -0.0317817 0.998678 0.0403966 1.13758 -0.989385 -0.0257003 -0.143031 7.83949
-0.173365 -0.0406444 0.984019 25.8201 -0.0269484 0.99897 0.0365142 1.16065 -0.984489 -0.0201874 -0.174282 7.68804
-0.201318 -0.0357666 0.978873 26.6534 -0.0220375 0.999246 0.0319787 1.17976 -0.979278 -0.015134 -0.201954 7.51319
-0.229541 -0.031316 0.972795 27.4785 -0.0147776 0.999479 0.0286881 1.20128 -0.973187 -0.00779048 -0.229884 7.30891
-0.257475 -0.0240315 0.965987 28.2976 -0.00965895 0.999705 0.0222958 1.21666 -0.966237 -0.0035898 -0.257631 7.08177
-0.281432 -0.0103084 0.959526 29.108 -0.0067547 0.999939 0.00876143 1.22063 -0.959558 -0.00401557 -0.281484 6.8343
-0.306041 0.00532267 0.952004 29.9079 -0.00653386 0.999949 -0.00769118 1.21543 -0.951996 -0.00857409 -0.305991 6.57707
-0.332811 0.01798 0.942823 30.6897 -0.00809401 0.999727 -0.0219223 1.20293 -0.942959 -0.0149272 -0.332575 6.29663
-0.35655 0.026237 0.933908 31.4638 -0.00575251 0.999525 -0.0302767 1.18307 -0.934259 -0.0161675 -0.35623 5.99744
-0.381374 0.0297759 0.923941 32.2307 -0.00268981 0.999441 -0.0333192 1.15605 -0.924417 -0.0151923 -0.381081 5.67735
-0.402907 0.028333 0.914803 32.9895 -0.00104308 0.999506 -0.0314157 1.13034 -0.91524 -0.0136118 -0.402678 5.33948
-0.423009 0.0243606 0.905798 33.7465 0.000941537 0.99965 -0.0264449 1.10496 -0.906125 -0.0103336 -0.422884 4.98355
-0.441052 0.0227464 0.897194 34.4961 0.00743951 0.999737 -0.021689 1.07924 -0.897451 -0.00289129 -0.441105 4.61162
-0.453772 0.0231786 0.890817 35.2317 0.00917158 0.99973 -0.0213406 1.04878 -0.891071 -0.00151356 -0.453862 4.23292
-0.464368 0.0259902 0.885261 35.9547 0.0128441 0.999662 -0.0226114 1.02544 -0.885549 0.000870361 -0.464545 3.84914
-0.474502 0.0284241 0.879796 36.6647 0.014783 0.999595 -0.0243215 1.00496 -0.88013 0.00146545 -0.47473 3.46326
-0.48451 0.0272859 0.874361 37.3639 0.0090104 0.999616 -0.0262018 0.981041 -0.87474 -0.0048167 -0.48457 3.07533
-0.49634 0.026307 0.86773 38.0611 0.0090517 0.999643 -0.0251286 0.96224 -0.868081 -0.00461789 -0.496401 2.6791
-0.504323 0.0269662 0.863095 38.7606 0.0104194 0.999629 -0.0251439 0.935721 -0.863453 -0.00368771 -0.504417 2.27287
-0.511497 0.0285016 0.858813 39.4561 0.0122416 0.99959 -0.0258827 0.908597 -0.859198 -0.00272569 -0.511636 1.86017
-0.51598 0.0310809 0.856037 40.1531 0.0134062 0.999512 -0.0282095 0.885554 -0.856496 -0.00307935 -0.516145 1.44114
-0.514616 0.0321179 0.856819 40.8629 0.0127168 0.999474 -0.0298275 0.858667 -0.857327 -0.00445373 -0.514754 1.01315
-0.511413 0.0324683 0.858722 41.5914 0.0146495 0.99947 -0.0290655 0.83011 -0.85921 -0.00228461 -0.511618 0.5818
-0.506124 0.0315077 0.861885 42.3314 0.0132649 0.999498 -0.0287488 0.799544 -0.862359 -0.00311762 -0.506289 0.14679
-0.498452 0.0305511 0.866379 43.0986 0.0116813 0.999525 -0.0285256 0.772889 -0.866839 -0.00409822 -0.498572 -0.290825
-0.491009 0.0300194 0.870637 43.8779 0.0102177 0.999536 -0.0287013 0.741994 -0.871095 -0.00519665 -0.491088 -0.724279
-0.484744 0.0285763 0.87419 44.6783 0.00751687 0.999565 -0.0285065 0.707583 -0.874624 -0.00724717 -0.484748 -1.16662
-0.479428 0.0265872 0.877179 45.5026 0.00362609 0.999592 -0.0283156 0.677516 -0.877574 -0.0103946 -0.47933 -1.60531
-0.478007 0.0238209 0.878034 46.3432 -0.000664597 0.999622 -0.0274813 0.644876 -0.878356 -0.0137198 -0.47781 -2.05277
-0.477252 0.0217154 0.878499 47.2014 -0.00313316 0.999646 -0.0264122 0.610989 -0.878761 -0.0153577 -0.477015 -2.51205
-0.477653 0.0205141 0.87831 48.0651 -0.00410738 0.999664 -0.0255822 0.577364 -0.878539 -0.015827 -0.477408 -2.97883
-0.47826 0.0202226 0.877986 48.932 -0.00363547 0.999681 -0.0250059 0.547024 -0.878211 -0.0151512 -0.478034 -3.45124
-0.477809 0.0195925 0.878246 49.8135 -0.00377111 0.999696 -0.0243536 0.5157 -0.878456 -0.0149483 -0.47759 -3.93007
-0.477823 0.0193987 0.878242 50.7041 -0.00327177 0.99971 -0.0238618 0.486793 -0.87845 -0.0142751 -0.477621 -4.41262
-0.478288 0.0187797 0.878003 51.5944 -0.00267648 0.999735 -0.0228415 0.458976 -0.878199 -0.0132748 -0.478112 -4.89592
-0.477624 0.017524 0.87839 52.4945 -0.00474872 0.999735 -0.022527 0.429311 -0.878552 -0.0149307 -0.477414 -5.39157
-0.47812 0.0168971 0.878132 53.3918 -0.00498105 0.999747 -0.0219493 0.397619 -0.878281 -0.0148684 -0.477915 -5.88534
-0.476962 0.0163013 0.878773 54.2908 -0.00605756 0.999743 -0.0218331 0.365486 -0.878904 -0.0157368 -0.476741 -6.37509
-0.475787 0.0148436 0.879436 55.1815 -0.00656513 0.99977 -0.0204265 0.331633 -0.879536 -0.0154923 -0.47558 -6.86159
-0.475308 0.0129004 0.879726 56.0256 -0.00563222 0.999827 -0.0177046 0.315487 -0.879802 -0.01337 -0.475153 -7.33589
-0.473488 0.0121595 0.880717 56.876 -0.00535588 0.999846 -0.0166837 0.288787 -0.880785 -0.0126165 -0.47335 -7.78199
-0.471727 0.0109914 0.881677 57.7322 -0.00570533 0.999863 -0.0155173 0.262386 -0.881726 -0.0123502 -0.4716 -8.22213
-0.470277 0.0121448 0.882436 58.5949 -0.00470794 0.999856 -0.0162699 0.237499 -0.882507 -0.0118058 -0.470152 -8.66661
-0.469514 0.0131253 0.882828 59.4475 -0.00361937 0.999852 -0.01679 0.227416 -0.882918 -0.0110784 -0.469397 -9.11054
-0.470858 0.0139039 0.8821 60.3032 -0.00460201 0.999823 -0.018216 0.197978 -0.882197 -0.0126366 -0.470711 -9.5579
-0.472913 0.0148052 0.880985 61.1944 -0.0060033 0.999781 -0.0200242 0.155126 -0.881089 -0.0147585 -0.472721 -10.0237
-0.476883 0.0152445 0.878835 62.0814 -0.00692758 0.999753 -0.0211011 0.115667 -0.87894 -0.016151 -0.47666 -10.4944
-0.482679 0.0135944 0.875693 62.9648 -0.00657046 0.999795 -0.0191426 0.0777205 -0.875773 -0.0149934 -0.48249 -10.968
-0.487722 0.0116501 0.872922 63.8549 -0.00478912 0.99986 -0.01602 0.039385 -0.872986 -0.0119938 -0.487598 -11.4479
-0.493436 0.00977148 0.869728 64.7197 -0.00694701 0.999861 -0.0151749 0.00853004 -0.869754 -0.0135299 -0.4933 -11.9314
-0.497857 0.0119132 0.867178 65.5896 -0.00578368 0.999838 -0.0170561 -0.0223372 -0.86724 -0.013507 -0.497708 -12.421
-0.502903 0.0124948 0.864253 66.452 -0.00585923 0.999823 -0.0178642 -0.0541621 -0.864323 -0.0140478 -0.502741 -12.9181
-0.508302 0.012968 0.861082 67.2896 -0.00722234 0.999787 -0.0193203 -0.0837136 -0.861149 -0.0160396 -0.5081 -13.3993
-0.511675 0.0134555 0.859074 68.1253 -0.00887112 0.999741 -0.0209425 -0.114932 -0.859133 -0.0183367 -0.511424 -13.8835
-0.514868 0.0129635 0.857172 68.9566 -0.00892992 0.99975 -0.0204836 -0.15137 -0.857223 -0.0182008 -0.514624 -14.3725
-0.518125 0.00759776 0.855272 69.7821 -0.00854371 0.999865 -0.014058 -0.191754 -0.855263 -0.014591 -0.51799 -14.8627
-0.519602 0.00089521 0.854408 70.6181 -0.00865726 0.999943 -0.00631254 -0.222026 -0.854365 -0.0106768 -0.519565 -15.372
-0.521363 -0.000514081 0.853336 71.4574 -0.00740014 0.999965 -0.00391884 -0.24622 -0.853303 -0.00835795 -0.521348 -15.8769
-0.522148 0.00362798 0.852848 72.2911 -0.00600109 0.999951 -0.00792785 -0.272186 -0.852834 -0.00925754 -0.522101 -16.3813
-0.523146 0.00780381 0.852208 73.1118 -0.00571406 0.999903 -0.012664 -0.299844 -0.852224 -0.0114947 -0.523051 -16.8875
-0.524161 0.0108029 0.851551 73.9314 -0.00142465 0.999907 -0.0135619 -0.325205 -0.851619 -0.00832179 -0.524097 -17.3903
-0.523508 0.0107197 0.851954 74.7428 -0.000400177 0.999918 -0.0128273 -0.36028 -0.852021 -0.00705616 -0.523461 -17.9044
-0.522462 0.00872566 0.852619 75.5539 -0.000202884 0.999946 -0.0103577 -0.386852 -0.852663 -0.0055845 -0.522432 -18.4142
-0.522128 0.00506546 0.852853 76.367 -0.00124992 0.999977 -0.00670451 -0.407093 -0.852867 -0.00456662 -0.522109 -18.9096
-0.520392 0.000262699 0.853928 77.1907 -0.00209124 0.999996 -0.00158206 -0.420558 -0.853925 -0.00260907 -0.52039 -19.4074
-0.520325 -0.00567628 0.85395 78.0008 -0.0101837 0.999948 0.000441618 -0.442332 -0.853908 -0.00846663 -0.520356 -19.8873
-0.5179 -0.00873113 0.855397 78.8205 -0.0163119 0.999867 0.0003297 -0.460231 -0.855286 -0.0137824 -0.517973 -20.3672
-0.516029 -0.00844897 0.85653 79.6299 -0.0137765 0.999904 0.00156339 -0.480237 -0.856461 -0.0109932 -0.516096 -20.8522
-0.514073 -0.0055078 0.857729 80.4238 -0.00909818 0.999958 0.000968182 -0.490139 -0.857698 -0.00730607 -0.514102 -21.3292
-0.508208 -0.00354753 0.861228 81.23 -0.00772679 0.99997 -0.000440521 -0.50222 -0.8612 -0.00687841 -0.50822 -21.8117
-0.501261 -0.00231537 0.865294 82.0368 -0.00333589 0.999994 0.000743334 -0.512386 -0.86529 -0.00251393 -0.501265 -22.2865
-0.493804 -0.000534302 0.869574 82.8308 0.0022609 0.999995 0.00189833 -0.525265 -0.869571 0.00290342 -0.493801 -22.7523
-0.482608 -0.000797742 0.875837 83.6542 0.000574509 0.999999 0.0012274 -0.539698 -0.875837 0.00109552 -0.482607 -23.2026
-0.473244 -0.00398389 0.880923 84.4578 -0.00148857 0.999992 0.00372269 -0.549976 -0.88093 0.000450421 -0.473246 -23.6329
-0.460982 -0.00533721 0.887394 85.2843 6.11836e-05 0.999982 0.00604615 -0.558192 -0.88741 0.00284145 -0.460973 -24.0554
-0.449899 -0.00698275 0.893053 86.1148 -0.00146028 0.999974 0.00708311 -0.569552 -0.893079 0.00188257 -0.449897 -24.4744
-0.439098 -0.008168 0.898403 86.9454 -0.00175073 0.999964 0.00823569 -0.575014 -0.898438 0.00204341 -0.439097 -24.8728
-0.426274 -0.00755114 0.904563 87.786 0.00057288 0.999963 0.00861749 -0.580941 -0.904594 0.00419161 -0.426254 -25.2708
-0.413096 -0.00426991 0.910678 88.6334 -0.000490661 0.99999 0.0044661 -0.589182 -0.910688 0.00139808 -0.413094 -25.6543
-0.402082 0.00169246 0.915603 89.4819 0.000340058 0.999998 -0.00169913 -0.596179 -0.915604 -0.000371841 -0.402082 -26.025
-0.388405 0.00619352 0.921469 90.3355 -0.000207459 0.999977 -0.00680865 -0.607762 -0.921489 -0.00283569 -0.388394 -26.3831
-0.377606 0.00454996 0.925956 91.1933 -0.00215056 0.999981 -0.0057907 -0.61747 -0.925964 -0.00417793 -0.377589 -26.7314
-0.36448 0.0017156 0.93121 92.0571 -0.00185257 0.999995 -0.00256743 -0.624098 -0.931209 -0.00266092 -0.364476 -27.0676
-0.354748 0.00251792 0.934959 92.908 -0.00425908 0.999982 -0.00430903 -0.635094 -0.934952 -0.00551069 -0.35473 -27.3837
-0.3481 0.00597144 0.937439 93.7593 -0.00800121 0.999924 -0.00934057 -0.647157 -0.937424 -0.0107521 -0.348026 -27.6893
-0.341962 0.00770142 0.939683 94.6133 -0.015204 0.99979 -0.013727 -0.661637 -0.939591 -0.0189811 -0.341773 -27.9885
-0.337722 0.00925629 0.941201 95.4709 -0.0173193 0.999721 -0.0160464 -0.68028 -0.941087 -0.0217202 -0.337468 -28.2844
-0.334932 0.00844625 0.942205 96.3298 -0.0194776 0.999684 -0.0158854 -0.703009 -0.942041 -0.0236724 -0.334662 -28.5758
-0.328843 0.00837021 0.944348 97.1827 -0.0196681 0.999683 -0.0157095 -0.729222 -0.94418 -0.0237396 -0.328574 -28.8709
-0.324562 0.0067056 0.945841 98.0388 -0.0180401 0.999749 -0.0132782 -0.74606 -0.945692 -0.0213727 -0.32436 -29.1629
-0.318343 0.00351069 0.94797 98.9052 -0.0183038 0.999784 -0.0098493 -0.772844 -0.947799 -0.0204869 -0.31821 -29.4488
-0.312288 0.00107474 0.949988 99.7578 -0.0180726 0.999812 -0.00707209 -0.791209 -0.949816 -0.0193773 -0.31221 -29.727
-0.3072 2.10294e-06 0.951646 100.608 -0.0242613 0.999675 -0.00783398 -0.803029 -0.951336 -0.0254948 -0.3071 -29.996
-0.299525 -0.000856353 0.954089 101.46 -0.0353901 0.999321 -0.0102134 -0.817538 -0.953432 -0.0368244 -0.299352 -30.2584
-0.292944 0.00202106 0.956128 102.315 -0.0368184 0.999232 -0.0133928 -0.835972 -0.955421 -0.0391264 -0.292645 -30.517
-0.286455 0.00437465 0.958084 103.169 -0.0376508 0.999166 -0.0158193 -0.857744 -0.957354 -0.0406042 -0.286051 -30.7744
-0.278577 0.00295772 0.96041 104.026 -0.0371785 0.999212 -0.0138612 -0.878915 -0.959694 -0.039568 -0.278248 -31.0257
-0.272178 -0.00112204 0.962247 104.887 -0.0366146 0.999287 -0.00919146 -0.894004 -0.96155 -0.037734 -0.272025 -31.2708
-0.265224 -0.00318356 0.964182 105.749 -0.0354009 0.999352 -0.00643827 -0.906812 -0.963537 -0.0358405 -0.265165 -31.5097
-0.259441 -8.7633e-05 0.96576 106.61 -0.0372615 0.999256 -0.00991924 -0.918949 -0.96504 -0.0385591 -0.259252 -31.7429
-0.253992 0.00203509 0.967205 107.474 -0.0368892 0.99925 -0.0117898 -0.934371 -0.966503 -0.0386739 -0.253727 -31.9698
-0.247087 0.00172515 0.968992 108.339 -0.034972 0.999331 -0.0106968 -0.954076 -0.968362 -0.0365307 -0.246861 -32.1801
-0.24254 0.00113248 0.970141 109.206 -0.0350141 0.999337 -0.00992026 -0.973007 -0.96951 -0.0363747 -0.242339 -32.3864
-0.235093 0.00114379 0.971973 110.066 -0.0312905 0.999472 -0.00874445 -0.991625 -0.971469 -0.0324693 -0.234933 -32.5898
-0.228108 0.00118532 0.973636 110.93 -0.0278452 0.999582 -0.0077406 -1.0071 -0.973238 -0.0288767 -0.22798 -32.7881
-0.222794 0.00164578 0.974865 111.805 -0.027347 0.999594 -0.00793739 -1.02251 -0.974482 -0.0284281 -0.222659 -32.9883
-0.215877 -0.000199213 0.976421 112.669 -0.0333613 0.999417 -0.00717194 -1.0361 -0.975851 -0.0341229 -0.215758 -33.1714
-0.210677 -5.33766e-05 0.977556 113.536 -0.0358599 0.999327 -0.00767375 -1.05094 -0.976898 -0.0366717 -0.210538 -33.3474
-0.207007 -0.000370265 0.97834 114.414 -0.0337486 0.999407 -0.00676264 -1.06797 -0.977757 -0.0344175 -0.206897 -33.5374
-0.202085 -0.000908504 0.979368 115.276 -0.0345841 0.999382 -0.00620911 -1.08479 -0.978757 -0.0351253 -0.201992 -33.714
-0.198283 -0.000934631 0.980145 116.151 -0.0348168 0.999375 -0.00609046 -1.09472 -0.979526 -0.0353332 -0.198191 -33.892
-0.193088 -0.00237945 0.981179 117.008 -0.0332781 0.999437 -0.00412514 -1.11368 -0.980617 -0.0334483 -0.193059 -34.0648
-0.188862 -0.00372806 0.981997 117.88 -0.0288538 0.999582 -0.00175448 -1.13031 -0.98158 -0.0286657 -0.188891 -34.2429
-0.185579 -0.00477949 0.982619 118.754 -0.026815 0.99964 -0.000202038 -1.14511 -0.982264 -0.0263864 -0.18564 -34.418
-0.181437 -0.00399295 0.983395 119.619 -0.029448 0.999565 -0.00137457 -1.1464 -0.982962 -0.0292084 -0.181476 -34.5717
-0.1781 -0.00240823 0.98401 120.486 -0.0313483 0.999503 -0.00322773 -1.15486 -0.983513 -0.0314219 -0.178088 -34.7248
-0.177025 -0.00186741 0.984205 121.352 -0.0332535 0.999439 -0.00408485 -1.16339 -0.983645 -0.0334514 -0.176987 -34.8775
-0.175236 -0.00313553 0.984522 122.212 -0.0349336 0.999385 -0.00303499 -1.17935 -0.983907 -0.0349247 -0.175238 -35.0204
-0.17466 -0.00621587 0.98461 123.08 -0.034517 0.999404 0.000186312 -1.20012 -0.984024 -0.0339532 -0.17477 -35.1706
-0.173676 -0.011214 0.98474 123.942 -0.0384514 0.99925 0.00459766 -1.20992 -0.984052 -0.037066 -0.173977 -35.3168
-0.173923 -0.013242 0.984671 124.807 -0.0378507 0.999261 0.00675262 -1.21606 -0.984032 -0.036096 -0.174296 -35.4651
-0.173652 -0.0103485 0.984753 125.672 -0.0399694 0.999195 0.00345206 -1.22862 -0.983996 -0.0387605 -0.173926 -35.6148
-0.172848 -0.00927863 0.984905 126.53 -0.042703 0.999086 0.00191794 -1.23271 -0.984023 -0.0417269 -0.173087 -35.7561
-0.173068 -0.00954868 0.984864 127.387 -0.0453645 0.998969 0.00171361 -1.23716 -0.983865 -0.0443813 -0.173323 -35.8976
-0.173655 -0.00965622 0.98476 128.244 -0.0450212 0.998984 0.00185654 -1.2347 -0.983777 -0.0440126 -0.173914 -36.0403
-0.172174 -0.0101983 0.985014 129.088 -0.0424689 0.999093 0.00292077 -1.23391 -0.984151 -0.0413296 -0.172451 -36.185
-0.172458 -0.00873374 0.984979 129.936 -0.0439828 0.999031 0.00115746 -1.23236 -0.984035 -0.0431225 -0.172676 -36.3298
-0.17198 -0.00830293 0.985066 130.77 -0.050352 0.998731 -0.000372711 -1.22296 -0.983813 -0.0496641 -0.17218 -36.4613
-0.171332 -0.00808832 0.985181 131.605 -0.0548114 0.998496 -0.00133456 -1.21501 -0.983688 -0.0542277 -0.171518 -36.592
-0.17157 -0.0093764 0.985128 132.441 -0.0594842 0.998229 -0.000858706 -1.20817 -0.983375 -0.0587468 -0.171824 -36.7301
-0.169858 -0.010542 0.985413 133.271 -0.0623079 0.998057 -6.28418e-05 -1.19562 -0.983497 -0.0614096 -0.170185 -36.867
-0.168767 -0.0106421 0.985599 134.098 -0.0624483 0.998048 8.32471e-05 -1.18026 -0.983676 -0.0615349 -0.169103 -37.0054
-0.166168 -0.0126619 0.986017 134.916 -0.0576734 0.998331 0.00310061 -1.18804 -0.98441 -0.0563517 -0.166621 -37.142
-0.162624 -0.0161776 0.986556 135.737 -0.0533292 0.998548 0.0075835 -1.18805 -0.985246 -0.051379 -0.16325 -37.2792
-0.161276 -0.0228297 0.986646 136.554 -0.05373 0.998453 0.0143202 -1.17644 -0.985446 -0.0507029 -0.162253 -37.4175
-0.157943 -0.0233311 0.987173 137.37 -0.0543339 0.998412 0.0149035 -1.17089 -0.985952 -0.051283 -0.15896 -37.5569
-0.155304 -0.0188793 0.987687 138.171 -0.0503914 0.998667 0.0111656 -1.18041 -0.986581 -0.0480369 -0.156049 -37.69
-0.151432 -0.0145004 0.988362 138.945 -0.0474487 0.998846 0.00738442 -1.19339 -0.987328 -0.0457782 -0.151945 -37.8328
-0.14394 -0.0158349 0.98946 139.718 -0.0557101 0.998416 0.00787392 -1.21888 -0.988017 -0.0539895 -0.144594 -37.95
-0.135258 -0.0179842 0.990648 140.489 -0.0481274 0.998774 0.0115607 -1.24237 -0.989641 -0.0461136 -0.135957 -38.061
-0.124267 -0.0221628 0.992002 141.225 -0.0509315 0.998575 0.0159295 -1.25692 -0.990941 -0.0485446 -0.125219 -38.1465
-0.111222 -0.0217883 0.993557 141.961 -0.0542262 0.998403 0.0158243 -1.27273 -0.992315 -0.0521168 -0.112226 -38.221
-0.0980295 -0.0202467 0.994978 142.704 -0.0525636 0.998503 0.0151396 -1.28923 -0.993795 -0.0508155 -0.098947 -38.2895
-0.0850166 -0.0214225 0.99615 143.449 -0.0567109 0.998252 0.0166277 -1.30269 -0.994765 -0.0550788 -0.086083 -38.3477
-0.0717514 -0.0210102 0.997202 144.195 -0.0608879 0.998006 0.0166461 -1.31612 -0.995563 -0.0595231 -0.0728877 -38.3958
-0.0589704 -0.0178758 0.9981 144.94 -0.0617553 0.99799 0.0142252 -1.32694 -0.996348 -0.0607991 -0.0599558 -38.433
-0.0460853 -0.0112914 0.998874 145.682 -0.0652792 0.997833 0.00826779 -1.33812 -0.996802 -0.0648247 -0.0467226 -38.4595
-0.0339197 -0.0065243 0.999404 146.424 -0.0700958 0.997532 0.00413302 -1.34784 -0.996964 -0.0699138 -0.0342934 -38.4748
-0.02205 -0.00769501 0.999728 147.163 -0.0739831 0.997241 0.0060441 -1.35452 -0.997016 -0.0738296 -0.0225585 -38.4809
-0.0108824 -0.0134013 0.999851 147.903 -0.0774126 0.996921 0.0125195 -1.35583 -0.99694 -0.0772649 -0.0118864 -38.4789
-0.000455754 -0.0160774 0.999871 148.639 -0.0828565 0.996433 0.0159844 -1.35487 -0.996561 -0.0828385 -0.00178635 -38.4677
0.00834618 -0.015173 0.999851 149.374 -0.0813387 0.996561 0.015802 -1.33865 -0.996652 -0.0814584 0.00708322 -38.4548
0.0148923 -0.00911024 0.999848 150.105 -0.0862006 0.996224 0.0103611 -1.32909 -0.996167 -0.0863418 0.0140507 -38.4345
0.018163 -0.00921918 0.999793 150.836 -0.0935733 0.995553 0.01088 -1.32065 -0.995447 -0.0937515 0.0172195 -38.4124
0.0191173 -0.0140116 0.999719 151.567 -0.102072 0.99465 0.0158925 -1.30693 -0.994593 -0.102347 0.0175847 -38.3905
0.0181918 -0.0182827 0.999668 152.296 -0.108304 0.993914 0.0201484 -1.28864 -0.993951 -0.108635 0.0161009 -38.3698
0.0150587 -0.0211697 0.999663 153.023 -0.11693 0.992879 0.0227874 -1.26593 -0.993026 -0.117234 0.012476 -38.3571
0.0124797 -0.0218002 0.999685 153.751 -0.124105 0.991998 0.0231818 -1.23651 -0.992191 -0.124355 0.00967419 -38.35
0.00885775 -0.0232031 0.999692 154.478 -0.127669 0.991523 0.0241447 -1.20817 -0.991777 -0.127843 0.00582026 -38.3457
0.00515534 -0.0246994 0.999682 155.214 -0.130092 0.991183 0.0251603 -1.17031 -0.991489 -0.13018 0.00189658 -38.3512
0.000832517 -0.0237851 0.999717 155.949 -0.13715 0.990268 0.0236745 -1.13433 -0.99055 -0.137131 -0.00243781 -38.3593
-0.00473489 -0.0257318 0.999658 156.68 -0.13882 0.990007 0.0248259 -1.10677 -0.990306 -0.138655 -0.00825976 -38.3671
-0.0108796 -0.0288115 0.999526 157.413 -0.137624 0.990116 0.0270423 -1.07758 -0.990425 -0.137265 -0.0147373 -38.38
-0.0158338 -0.0297536 0.999432 158.136 -0.14102 0.989632 0.0272277 -1.05384 -0.98988 -0.140509 -0.0198656 -38.3974
-0.0215381 -0.0329637 0.999225 158.867 -0.132331 0.990757 0.0298319 -1.02718 -0.990972 -0.131586 -0.0257013 -38.4175
-0.0274631 -0.0334203 0.999064 159.588 -0.126579 0.991512 0.0296881 -1.01102 -0.991576 -0.125646 -0.0314604 -38.4379
-0.0312125 -0.0351443 0.998895 160.297 -0.121166 0.992144 0.0311207 -0.996229 -0.992142 -0.120061 -0.0352257 -38.4686
-0.0333602 -0.038154 0.998715 161.017 -0.114494 0.992839 0.0341051 -0.981224 -0.992864 -0.113209 -0.0374898 -38.4943
-0.0346342 -0.0416106 0.998534 161.728 -0.113322 0.992853 0.0374433 -0.982644 -0.992955 -0.111859 -0.0391022 -38.5163
-0.030782 -0.0473322 0.998405 162.447 -0.11078 0.992886 0.0436551 -0.975171 -0.993368 -0.10926 -0.0358066 -38.5388
-0.025081 -0.0480608 0.99853 163.146 -0.107186 0.993215 0.0451127 -0.958603 -0.993923 -0.105897 -0.0300623 -38.5587
-0.0158376 -0.0491986 0.998664 163.838 -0.103129 0.993542 0.0473108 -0.941405 -0.994542 -0.102242 -0.0208092 -38.5711
-0.00166321 -0.0508554 0.998705 164.528 -0.0987327 0.993835 0.050443 -0.923692 -0.995113 -0.0985209 -0.00667413 -38.5747
0.0135118 -0.0519115 0.998561 165.211 -0.100983 0.993475 0.0530135 -0.909107 -0.994797 -0.101554 0.0081814 -38.5623
0.0294487 -0.0577654 0.997896 165.901 -0.0982189 0.99333 0.0603996 -0.87219 -0.994729 -0.0997909 0.0235785 -38.5336
0.0452609 -0.0644725 0.996893 166.572 -0.0942909 0.993184 0.0685137 -0.820836 -0.994515 -0.0970989 0.0388731 -38.5033
0.0613834 -0.0731266 0.995432 167.242 -0.0940418 0.992452 0.0787067 -0.762992 -0.993674 -0.0984434 0.054043 -38.4638
0.0771781 -0.0781913 0.993947 167.91 -0.0922408 0.992085 0.085207 -0.703564 -0.992741 -0.0982584 0.0693547 -38.41
0.0951316 -0.083548 0.991953 168.57 -0.0918234 0.991487 0.0923149 -0.64753 -0.991221 -0.0998664 0.0866499 -38.3443
0.112372 -0.0867648 0.989871 169.226 -0.0927329 0.990917 0.0973838 -0.588405 -0.98933 -0.102737 0.103306 -38.2709
0.129953 -0.0893212 0.987489 169.877 -0.0918245 0.99057 0.101684 -0.527074 -0.987259 -0.10389 0.120525 -38.1849
0.147445 -0.0901491 0.984954 170.516 -0.0943871 0.99001 0.104741 -0.461042 -0.984556 -0.10841 0.137463 -38.0889
0.16254 -0.0919347 0.98241 171.157 -0.0900858 0.990109 0.10756 -0.382453 -0.982581 -0.105984 0.15265 -37.98
0.175772 -0.0944257 0.979892 171.767 -0.0966868 0.988921 0.112639 -0.324064 -0.979671 -0.114541 0.164694 -37.8569
0.187489 -0.0983688 0.977329 172.381 -0.093072 0.988717 0.11737 -0.264525 -0.977847 -0.112967 0.176218 -37.7398
0.196809 -0.0996901 0.975361 172.994 -0.0887458 0.988922 0.118983 -0.203242 -0.976417 -0.109976 0.185781 -37.6172
0.207312 -0.0964903 0.973505 173.589 -0.0972804 0.988158 0.118659 -0.144253 -0.973426 -0.119302 0.195471 -37.4815
0.216353 -0.0904976 0.972112 174.182 -0.101873 0.988167 0.114665 -0.0901209 -0.970986 -0.12384 0.204573 -37.341
0.22604 -0.0823519 0.970631 174.761 -0.106723 0.988329 0.108707 -0.0272013 -0.968254 -0.12816 0.214613 -37.202
0.23344 -0.0777464 0.969258 175.327 -0.106355 0.988777 0.104927 0.0256518 -0.966537 -0.12758 0.222551 -37.0688
0.239679 -0.0793154 0.967607 175.9 -0.106696 0.988469 0.107454 0.0973815 -0.964971 -0.128994 0.228452 -36.9287
0.24619 -0.0857709 0.965419 176.472 -0.108249 0.987412 0.115329 0.164718 -0.963157 -0.132899 0.233806 -36.7757
0.250337 -0.0954175 0.963446 177.035 -0.110034 0.98588 0.12623 0.233479 -0.961885 -0.137612 0.236303 -36.6256
0.252192 -0.101878 0.9623 177.6 -0.11021 0.984948 0.133158 0.302855 -0.96138 -0.139637 0.237168 -36.4743
0.254069 -0.102991 0.961687 178.17 -0.11371 0.984238 0.135448 0.370069 -0.960478 -0.143767 0.238353 -36.3317
0.254602 -0.102608 0.961587 178.751 -0.111129 0.984663 0.134494 0.43065 -0.960639 -0.141103 0.239295 -36.1808
0.255921 -0.103117 0.961183 179.347 -0.109506 0.984802 0.134808 0.504575 -0.960475 -0.139756 0.240739 -36.0345
0.257924 -0.105998 0.960333 179.935 -0.109481 0.984355 0.138054 0.584158 -0.959942 -0.140746 0.242284 -35.8819
0.260841 -0.108779 0.959234 180.532 -0.111944 0.98352 0.141973 0.661978 -0.958869 -0.144413 0.244365 -35.7237
0.26374 -0.113589 0.957883 181.128 -0.108931 0.983183 0.146581 0.743197 -0.958423 -0.143002 0.246931 -35.5636
0.268676 -0.115826 0.956242 181.726 -0.108846 0.982735 0.149617 0.826884 -0.957061 -0.144281 0.25143 -35.4014
0.273981 -0.11861 0.954393 182.327 -0.105144 0.982723 0.152315 0.909 -0.95597 -0.14208 0.256776 -35.2372
0.282547 -0.120242 0.951688 182.934 -0.102368 0.982668 0.154548 1.00252 -0.953775 -0.141089 0.265341 -35.0659
0.291491 -0.122448 0.948705 183.546 -0.0982629 0.982694 0.157026 1.09773 -0.951513 -0.138994 0.274414 -34.8867
0.302737 -0.12078 0.945391 184.164 -0.0969107 0.982895 0.156604 1.19433 -0.948134 -0.139028 0.285853 -34.6985
0.313936 -0.117681 0.942123 184.78 -0.0958292 0.983294 0.154756 1.28945 -0.944596 -0.138866 0.297413 -34.502
0.325132 -0.114795 0.938676 185.395 -0.0954508 0.983552 0.153345 1.38174 -0.940839 -0.139454 0.308826 -34.2965
0.337207 -0.11501 0.934379 186.015 -0.0933326 0.983536 0.154743 1.48425 -0.936792 -0.139388 0.320921 -34.0798
0.348322 -0.116871 0.930061 186.642 -0.0905962 0.983355 0.157498 1.58087 -0.932987 -0.13912 0.331936 -33.8517
0.359147 -0.117783 0.925819 187.265 -0.0897952 0.983041 0.159896 1.67924 -0.928951 -0.14056 0.34248 -33.616
0.371341 -0.117106 0.921082 187.892 -0.0903177 0.982754 0.161359 1.77887 -0.924093 -0.143109 0.35436 -33.3711
0.380675 -0.118262 0.917116 188.516 -0.0906557 0.982238 0.164289 1.883 -0.920254 -0.145682 0.363192 -33.1135
0.388745 -0.117367 0.91384 189.147 -0.0929235 0.981801 0.165625 1.98688 -0.916647 -0.149303 0.370764 -32.8463
0.393454 -0.119509 0.911544 189.778 -0.0920924 0.981404 0.168418 2.09583 -0.91472 -0.150211 0.375131 -32.5732
0.395271 -0.122283 0.910389 190.418 -0.0895027 0.981256 0.170661 2.20929 -0.914194 -0.14894 0.376917 -32.3051
0.395917 -0.122186 0.910122 191.062 -0.0871058 0.981642 0.16968 2.32253 -0.914146 -0.146456 0.378005 -32.0349
0.395216 -0.120999 0.910585 191.71 -0.0864976 0.98198 0.168028 2.4392 -0.914507 -0.145171 0.377627 -31.7645
0.394237 -0.121674 0.910919 192.359 -0.0837746 0.982312 0.167468 2.55649 -0.915182 -0.142334 0.377071 -31.4942
0.394559 -0.123275 0.910564 193.024 -0.082281 0.982239 0.168631 2.68281 -0.915179 -0.141457 0.377407 -31.2268
0.393448 -0.127501 0.910463 193.691 -0.080188 0.981803 0.172144 2.81721 -0.915843 -0.140738 0.376064 -30.9508
0.393448 -0.130487 0.91004 194.365 -0.0802628 0.981221 0.175395 2.94313 -0.915836 -0.142051 0.375586 -30.6721
0.392138 -0.13216 0.910364 195.038 -0.0795694 0.981044 0.176695 3.06929 -0.916459 -0.141726 0.374188 -30.3955
0.390781 -0.132828 0.91085 195.708 -0.0815373 0.980649 0.177989 3.19828 -0.916865 -0.143823 0.372388 -30.1128
0.38994 -0.133429 0.911123 196.379 -0.0832227 0.980291 0.179176 3.32827 -0.917072 -0.145694 0.37115 -29.8311
0.388264 -0.132129 0.912027 197.054 -0.0854179 0.980248 0.178376 3.45776 -0.917581 -0.14716 0.369308 -29.5547
0.387532 -0.129134 0.912767 197.729 -0.0860208 0.980755 0.175274 3.58427 -0.917834 -0.146441 0.368966 -29.2813
0.387642 -0.123689 0.913474 198.403 -0.0880802 0.981453 0.170271 3.71176 -0.917592 -0.146463 0.369558 -29.0094
0.386515 -0.120893 0.914326 199.082 -0.0898717 0.981717 0.167795 3.83415 -0.917894 -0.147027 0.368583 -28.736
0.38574 -0.123336 0.914327 199.764 -0.0903751 0.981207 0.170486 3.95709 -0.918171 -0.148395 0.367344 -28.4535
0.385152 -0.125453 0.914287 200.449 -0.0921929 0.98053 0.17338 4.07587 -0.918237 -0.151068 0.366087 -28.175
0.382404 -0.126247 0.91533 201.132 -0.0947716 0.980038 0.174765 4.19571 -0.919122 -0.153578 0.362806 -27.897
0.378564 -0.126174 0.916935 201.817 -0.098569 0.979536 0.175483 4.31479 -0.920312 -0.156813 0.35838 -27.6222
0.371782 -0.12728 0.919554 202.504 -0.100198 0.979267 0.176056 4.43422 -0.922897 -0.157592 0.35132 -27.3528
0.363783 -0.126827 0.922809 203.193 -0.10145 0.9794 0.174598 4.55242 -0.925943 -0.157135 0.343422 -27.0896
0.353675 -0.126156 0.926822 203.883 -0.101746 0.979795 0.172193 4.6647 -0.929818 -0.155201 0.333692 -26.8399
0.342429 -0.124191 0.9313 204.575 -0.104874 0.979979 0.169243 4.7819 -0.933672 -0.155622 0.322549 -26.6025
0.331855 -0.124091 0.935133 205.268 -0.108762 0.979666 0.168597 4.89694 -0.93704 -0.157656 0.31161 -26.3675
0.320786 -0.129014 0.938324 205.969 -0.108317 0.979183 0.171663 5.01369 -0.940938 -0.156704 0.300133 -26.1402
0.311753 -0.135257 0.940487 206.678 -0.107876 0.978378 0.176465 5.1188 -0.94402 -0.156469 0.290421 -25.922
0.304854 -0.139839 0.942077 207.383 -0.108813 0.977571 0.180319 5.23057 -0.946163 -0.157481 0.282799 -25.7063
0.300289 -0.14128 0.943328 208.087 -0.114546 0.976472 0.182707 5.35762 -0.946946 -0.162919 0.27704 -25.4908
0.298287 -0.142788 0.943736 208.789 -0.115166 0.976139 0.184091 5.48624 -0.947503 -0.163599 0.274724 -25.2777
0.296768 -0.143777 0.944064 209.495 -0.1143 0.976146 0.184593 5.61123 -0.948085 -0.162688 0.273255 -25.0695
0.294537 -0.143726 0.944771 210.204 -0.114513 0.976194 0.184207 5.73268 -0.948754 -0.162444 0.271066 -24.862
0.294927 -0.141776 0.944944 210.908 -0.117986 0.97596 0.183254 5.86592 -0.948207 -0.165537 0.271109 -24.6551
0.295474 -0.142323 0.944691 211.624 -0.118769 0.975697 0.184142 5.9945 -0.947939 -0.166609 0.271389 -24.4425
0.29664 -0.143874 0.94409 212.341 -0.119384 0.975245 0.186134 6.13019 -0.947498 -0.167924 0.27212 -24.2306
0.298354 -0.14473 0.943419 213.061 -0.118458 0.975179 0.187064 6.26424 -0.947076 -0.167567 0.273804 -24.019
0.299062 -0.146605 0.942905 213.781 -0.114739 0.975434 0.188054 6.39953 -0.94731 -0.164428 0.274894 -23.8082
0.302553 -0.147036 0.941723 214.507 -0.113832 0.975384 0.188863 6.53274 -0.946311 -0.164339 0.278368 -23.5974
0.307223 -0.148237 0.940022 215.232 -0.11525 0.974727 0.191377 6.67641 -0.944633 -0.167133 0.282374 -23.3827
0.311812 -0.151254 0.938028 215.962 -0.114573 0.974058 0.19515 6.81155 -0.943211 -0.168323 0.286393 -23.151
0.316967 -0.154926 0.935698 216.692 -0.114212 0.973154 0.199817 6.95374 -0.941535 -0.170203 0.290763 -22.9175
0.321059 -0.155505 0.934206 217.424 -0.11496 0.972734 0.201426 7.09942 -0.940056 -0.172066 0.294428 -22.682
0.325146 -0.152029 0.933364 218.152 -0.11763 0.972825 0.199434 7.24054 -0.93832 -0.174637 0.298426 -22.4411
0.329787 -0.148213 0.932349 218.871 -0.119935 0.973019 0.197102 7.382 -0.936406 -0.176822 0.303113 -22.1957
0.333491 -0.146052 0.931372 219.594 -0.122761 0.972788 0.196503 7.53251 -0.934726 -0.179868 0.306486 -21.9447
0.338084 -0.147317 0.929515 220.314 -0.122485 0.972384 0.198661 7.6814 -0.933111 -0.181016 0.310703 -21.6949
0.341789 -0.146201 0.928335 221.036 -0.122977 0.972373 0.198414 7.82718 -0.931696 -0.18198 0.314366 -21.4414
0.345376 -0.143916 0.927364 221.759 -0.123518 0.972604 0.196938 7.96899 -0.9303 -0.182564 0.318138 -21.184
0.349418 -0.143978 0.925839 222.479 -0.123005 0.972523 0.19766 8.11374 -0.928858 -0.182948 0.322107 -20.9243
0.35397 -0.144362 0.924048 223.212 -0.121997 0.972447 0.198656 8.26261 -0.927266 -0.183049 0.326605 -20.6618
0.358284 -0.145243 0.922246 223.941 -0.119283 0.972608 0.199515 8.40085 -0.925961 -0.181491 0.331144 -20.3917
0.363227 -0.144937 0.920359 224.665 -0.119212 0.972477 0.200193 8.53633 -0.924043 -0.182433 0.335951 -20.1237
0.367437 -0.143584 0.918899 225.388 -0.118735 0.972685 0.199467 8.67663 -0.922438 -0.182397 0.340351 -19.8518
0.372596 -0.144453 0.916682 226.108 -0.119371 0.972144 0.201712 8.81845 -0.920284 -0.184582 0.344973 -19.568
0.378289 -0.144786 0.914295 226.828 -0.122991 0.971075 0.204665 8.96355 -0.917481 -0.189872 0.349539 -19.2831
0.382967 -0.143359 0.912571 227.548 -0.120219 0.971749 0.203106 9.11337 -0.915906 -0.187491 0.354913 -18.9972
0.387379 -0.138273 0.911492 228.26 -0.120874 0.972536 0.198905 9.26348 -0.913962 -0.187227 0.360026 -18.7117
0.390755 -0.134561 0.910607 228.97 -0.122848 0.972785 0.196465 9.41662 -0.91226 -0.188636 0.363589 -18.4121
0.394399 -0.13544 0.908904 229.683 -0.124716 0.972038 0.198966 9.56753 -0.910437 -0.191827 0.366479 -18.1115
0.397798 -0.14321 0.906227 230.405 -0.126459 0.969757 0.20876 9.72197 -0.908716 -0.197644 0.367657 -17.8093
0.400912 -0.152828 0.903279 231.138 -0.126334 0.967344 0.219739 9.88405 -0.907364 -0.202211 0.368512 -17.5083
0.403019 -0.160141 0.901072 231.863 -0.125717 0.965551 0.22783 10.0535 -0.906516 -0.2051 0.369002 -17.2072
0.405952 -0.162963 0.899248 232.586 -0.125593 0.964689 0.23152 10.2264 -0.905224 -0.206925 0.37115 -16.9034
0.408606 -0.15981 0.898611 233.294 -0.126623 0.965106 0.229212 10.398 -0.903885 -0.207442 0.374111 -16.6052
0.412883 -0.155023 0.897495 234.001 -0.126187 0.966168 0.224936 10.5746 -0.902001 -0.206124 0.379352 -16.3064
0.4185 -0.149457 0.895835 234.707 -0.129319 0.966511 0.221661 10.7478 -0.898963 -0.208613 0.385157 -16.0003
0.422603 -0.147334 0.89426 235.409 -0.128779 0.966925 0.220163 10.9222 -0.897119 -0.208203 0.389651 -15.6906
0.427017 -0.145358 0.892484 236.128 -0.128224 0.967288 0.218891 11.0902 -0.895106 -0.207908 0.39441 -15.3653
0.430598 -0.145855 0.890681 236.845 -0.127408 0.96715 0.219973 11.2598 -0.893506 -0.2082 0.39787 -15.0377
0.433254 -0.150258 0.888659 237.549 -0.124093 0.966669 0.223948 11.4287 -0.892688 -0.207303 0.400166 -14.7205
0.436385 -0.156143 0.886108 238.267 -0.120493 0.965815 0.229528 11.6037 -0.891655 -0.206932 0.402653 -14.3881
0.437897 -0.161029 0.884486 238.977 -0.117134 0.965223 0.233719 11.7819 -0.891362 -0.205948 0.403806 -14.0644
0.440748 -0.1679 0.881789 239.703 -0.112006 0.964387 0.239611 11.9659 -0.890616 -0.204373 0.406245 -13.731
0.44265 -0.171325 0.880176 240.426 -0.111033 0.963552 0.243394 12.1572 -0.889794 -0.205467 0.407493 -13.3938
0.443022 -0.173819 0.879499 241.127 -0.108654 0.963383 0.245129 12.3402 -0.889902 -0.204159 0.407913 -13.0718
0.445562 -0.164634 0.879983 241.825 -0.114327 0.964434 0.238321 12.533 -0.887921 -0.206793 0.410892 -12.7272
0.44579 -0.155221 0.881577 242.527 -0.11483 0.966797 0.228292 12.7167 -0.887742 -0.203002 0.413164 -12.3814
0.445806 -0.148855 0.882666 243.225 -0.115279 0.968318 0.221523 12.896 -0.887675 -0.200509 0.414521 -12.0406
0.446739 -0.150084 0.881986 243.945 -0.114232 0.968191 0.222614 13.0779 -0.887341 -0.200202 0.415384 -11.6965
0.446304 -0.153648 0.881592 244.662 -0.114178 0.967321 0.226392 13.2544 -0.887567 -0.201699 0.414176 -11.358
0.448232 -0.155228 0.880337 245.382 -0.111635 0.967378 0.227416 13.432 -0.886919 -0.200212 0.41628 -11.0153
0.449452 -0.156345 0.879517 246.101 -0.107931 0.967848 0.227202 13.6042 -0.88676 -0.197043 0.418126 -10.6726
0.45037 -0.158234 0.878709 246.821 -0.104052 0.968162 0.227673 13.7767 -0.886758 -0.193969 0.419566 -10.3293
0.453143 -0.161206 0.876741 247.549 -0.10404 0.967228 0.231617 13.9584 -0.885346 -0.196172 0.42152 -9.97949
0.454349 -0.16273 0.875835 248.27 -0.104229 0.96671 0.233684 14.142 -0.884705 -0.197462 0.422262 -9.62754
