1 0 0 0 0 1 0 0 0 0 1 0
1 -0.000167811 -0.000138993 -0.0149828 0.000168315 0.999993 0.00363353 -0.0550779 0.000138382 -0.00363355 0.999993 1.59516
0.999999 0.000196356 -0.00109643 -0.0367591 -0.000190942 0.999988 0.00493565 -0.076789 0.00109739 -0.00493543 0.999987 3.18123
0.999999 0.000598814 -0.00159297 -0.0550032 -0.000590756 0.999987 0.00505402 -0.0976863 0.00159598 -0.00505307 0.999986 4.76462
0.999997 0.000377868 -0.00255445 -0.0747964 -0.000364523 0.999986 0.00522246 -0.11817 0.00255639 -0.00522152 0.999983 6.34803
0.999993 0.000720988 -0.00364826 -0.0943796 -0.000701081 0.999985 0.00545468 -0.128589 0.00365214 -0.00545208 0.999978 7.93402
0.999988 -0.0014765 -0.00474963 -0.112074 0.0015021 0.999984 0.0053911 -0.13497 0.0047416 -0.00539817 0.999974 9.503
0.999979 -0.002969 -0.00577305 -0.137158 0.00299501 0.999985 0.00450192 -0.145657 0.0057596 -0.00451912 0.999973 11.0571
0.999978 -0.00413405 -0.0052157 -0.185769 0.00415815 0.999981 0.00461832 -0.155183 0.00519651 -0.00463991 0.999976 12.586
0.999981 -0.00417471 -0.00464071 -0.224141 0.0041957 0.999981 0.00452108 -0.168619 0.00462175 -0.00454047 0.999979 14.1031
0.999983 -0.00451701 -0.00368045 -0.266104 0.00453336 0.99998 0.00444563 -0.175788 0.0036603 -0.00446224 0.999983 15.647
0.999994 -0.00246823 -0.00243627 -0.311772 0.0024802 0.999985 0.00492105 -0.186591 0.00242409 -0.00492706 0.999985 17.2187
0.999999 -0.00113628 -0.0012888 -0.355412 0.00114364 0.999983 0.00572264 -0.196027 0.00128228 -0.00572411 0.999983 18.7902
0.999999 6.55721e-05 -0.00118538 -0.374403 -5.72033e-05 0.999975 0.00705929 -0.209477 0.00118581 -0.00705922 0.999974 20.3314
0.999999 -0.000154089 -0.00117517 -0.381742 0.000162692 0.999973 0.00732463 -0.224308 0.00117401 -0.00732481 0.999972 21.8591
0.999999 0.000471001 -0.00109476 -0.392841 -0.000462734 0.999972 0.00754006 -0.231752 0.00109828 -0.00753954 0.999971 23.3667
0.999999 0.000929882 -0.000967612 -0.403718 -0.000921985 0.999967 0.00813063 -0.238157 0.00097514 -0.00812973 0.999967 24.8742
0.999999 0.00144041 7.66775e-06 -0.417583 -0.00144042 0.999955 0.00938655 -0.248939 5.85348e-06 -0.00938655 0.999956 26.3537
1 0.000825252 -6.05935e-05 -0.418463 -0.000824753 0.999969 0.00782769 -0.251963 6.70519e-05 -0.00782764 0.999969 27.8576
0.999989 0.0046995 -0.000140717 -0.432934 -0.00469863 0.999973 0.00567372 -0.254156 0.000167377 -0.00567299 0.999984 29.34
0.999993 0.00376451 -5.8986e-05 -0.442003 -0.00376412 0.999977 0.00563445 -0.26968 8.01959e-05 -0.00563419 0.999984 30.783
0.999997 0.00246489 -0.000318265 -0.442676 -0.00246207 0.99996 0.00858466 -0.284642 0.000339413 -0.00858385 0.999963 32.2484
0.999998 0.00168535 0.00100475 -0.474066 -0.00169532 0.999949 0.0100072 -0.299054 -0.000987836 -0.0100089 0.99995 33.6241
0.999996 0.00171259 0.00242101 -0.510288 -0.00173473 0.999956 0.00917528 -0.310816 -0.00240519 -0.00917944 0.999955 34.9846
0.999995 0.00155714 0.00267396 -0.51329 -0.00157884 0.999966 0.00812905 -0.330057 -0.00266121 -0.00813324 0.999963 36.3883
0.999992 0.00229348 0.00332339 -0.520373 -0.00231934 0.999967 0.00779863 -0.3429 -0.0033054 -0.00780628 0.999964 37.799
0.999985 0.00364465 0.00413847 -0.524002 -0.00367471 0.999967 0.00728003 -0.355751 -0.0041118 -0.00729513 0.999965 39.2094
0.999971 0.00449584 0.00612672 -0.536085 -0.00454714 0.999955 0.00838574 -0.367179 -0.00608874 -0.00841336 0.999946 40.5696
0.999956 0.00454215 0.00821965 -0.539476 -0.00462417 0.999939 0.00998737 -0.373432 -0.00817379 -0.0100249 0.999916 41.9299
0.999939 0.0039582 0.010283 -0.533859 -0.004071 0.999932 0.0109719 -0.383234 -0.0102389 -0.0110131 0.999887 43.2779
0.99992 0.00389867 0.0120771 -0.521285 -0.00404196 0.999922 0.011863 -0.389875 -0.0120299 -0.0119108 0.999857 44.6384
0.999874 0.0030581 0.0155861 -0.506292 -0.00323325 0.999932 0.0112246 -0.397507 -0.0155507 -0.0112735 0.999816 45.9729
0.999817 0.00315459 0.0188954 -0.487379 -0.00333681 0.999948 0.00961968 -0.405128 -0.0188641 -0.00968096 0.999775 47.3033
0.999726 0.00389613 0.0230818 -0.476805 -0.00407997 0.99996 0.00792315 -0.41407 -0.02305 -0.00801515 0.999702 48.5921
0.999606 0.00380567 0.0278 -0.456945 -0.00404512 0.999955 0.00856212 -0.42352 -0.0277662 -0.0086712 0.999577 49.8784
0.99945 0.00382635 0.0329494 -0.415495 -0.00410451 0.999957 0.00837847 -0.432118 -0.0329159 -0.0085091 0.999422 51.1408
0.999212 0.00551503 0.0393074 -0.373216 -0.00579941 0.999958 0.00712437 -0.435344 -0.0392664 -0.00734671 0.999202 52.4002
0.998871 0.00652014 0.0470634 -0.326276 -0.00684863 0.999953 0.0068217 -0.441001 -0.0470167 -0.00713632 0.998869 53.6368
0.998461 0.00661465 0.0550669 -0.260021 -0.0070479 0.999946 0.00767726 -0.450766 -0.0550131 -0.00805355 0.998453 54.8518
0.99785 0.0082695 0.065021 -0.181901 -0.00883956 0.999925 0.00848449 -0.459538 -0.064946 -0.009041 0.997848 56.0651
0.9969 0.0104606 0.0779798 -0.0966874 -0.0111532 0.999902 0.00845156 -0.466853 -0.0778837 -0.00929508 0.996919 57.2539
0.995578 0.0128966 0.0930514 -0.00923277 -0.0138096 0.999863 0.00917403 -0.480078 -0.0929203 -0.0104185 0.995619 58.3958
0.993954 0.0147762 0.108803 0.113101 -0.0160227 0.999816 0.0105913 -0.483838 -0.108627 -0.0122706 0.994007 59.5591
0.991863 0.0148244 0.126445 0.251932 -0.0163985 0.9998 0.0114167 -0.49182 -0.126251 -0.0133973 0.991908 60.6978
0.989302 0.0148286 0.14513 0.413159 -0.0165972 0.999802 0.0109832 -0.497546 -0.144938 -0.0132744 0.989352 61.8349
0.98611 0.0134962 0.165544 0.58684 -0.0153882 0.99983 0.0101517 -0.507727 -0.165379 -0.0125581 0.98615 62.9226
0.982417 0.0101341 0.186425 0.787511 -0.0122028 0.999876 0.00995276 -0.514415 -0.186301 -0.0120527 0.982419 64.0085
0.978031 0.00507 0.208398 1.00827 -0.00770182 0.9999 0.0118193 -0.52066 -0.208317 -0.0131647 0.977973 65.0788
0.972842 -0.000488805 0.231469 1.25662 -0.0026446 0.999909 0.0132266 -0.527238 -0.231454 -0.0134795 0.972752 66.1311
0.966855 -0.00477035 0.255283 1.53057 0.00159711 0.999919 0.0126361 -0.533554 -0.255323 -0.0118095 0.966784 67.1909
0.959876 -0.00988378 0.280252 1.82998 0.00705739 0.999914 0.0110926 -0.535838 -0.280337 -0.00866964 0.959862 68.2364
0.951903 -0.0133581 0.306108 2.15333 0.0101892 0.999877 0.0119475 -0.544982 -0.30623 -0.00825387 0.951922 69.2237
0.942737 -0.0156565 0.33317 2.50087 0.0116479 0.999834 0.0140259 -0.541801 -0.333335 -0.00934196 0.942762 70.2312
0.932669 -0.019575 0.360201 2.86668 0.0145245 0.999755 0.0167229 -0.543193 -0.36044 -0.0103652 0.932725 71.154
0.921489 -0.0227924 0.387734 3.26184 0.0180271 0.999711 0.0159234 -0.542311 -0.387985 -0.00768347 0.921634 72.0728
0.909063 -0.0219157 0.416082 3.68546 0.0186133 0.999755 0.0119921 -0.543046 -0.416243 -0.00315695 0.909248 72.9816
0.895966 -0.0236239 0.443495 4.13825 0.0230657 0.999712 0.00665413 -0.547932 -0.443524 0.00426763 0.896252 73.8533
0.881617 -0.0261755 0.47124 4.61143 0.0273499 0.999616 0.00435716 -0.556376 -0.471173 0.00904703 0.881994 74.7063
0.865739 -0.0266004 0.499788 5.11379 0.0265186 0.999622 0.00726729 -0.556388 -0.499793 0.00696212 0.866117 75.5575
0.848028 -0.0257279 0.529326 5.6441 0.0225769 0.999668 0.0124186 -0.55333 -0.52947 0.00141926 0.848328 76.3892
0.82767 -0.0262664 0.560601 6.15944 0.0207771 0.999653 0.0161625 -0.568871 -0.560831 -0.00172957 0.827929 77.169
0.805858 -0.0199048 0.591774 6.72396 0.0163754 0.999802 0.0113296 -0.569343 -0.591882 0.000560461 0.806025 77.9579
0.783301 -0.0128327 0.62151 7.32357 0.0130252 0.999906 0.00422972 -0.567519 -0.621506 0.00478215 0.783395 78.7255
0.760247 -0.010642 0.649547 7.94348 0.0122659 0.999923 0.00202614 -0.570762 -0.649518 0.00642688 0.760319 79.4588
0.736249 -0.0131809 0.676583 8.58171 0.0133271 0.999899 0.00497714 -0.579587 -0.67658 0.00535251 0.73635 80.1549
0.712497 -0.0145892 0.701523 9.25119 0.0149073 0.999873 0.0056534 -0.595876 -0.701517 0.00642976 0.712624 80.7746
0.687041 -0.0128725 0.726505 9.93775 0.015531 0.999875 0.00302878 -0.608267 -0.726453 0.00920246 0.687155 81.4075
0.660633 -0.0110212 0.750628 10.6516 0.0159073 0.999873 0.000680627 -0.61698 -0.750541 0.0114908 0.660724 82.0254
0.633508 -0.00862826 0.773688 11.3815 0.0140486 0.999901 -0.000352241 -0.626455 -0.773609 0.0110924 0.633567 82.6147
0.605328 -0.00723566 0.795943 12.1372 0.0141146 0.999899 -0.00164465 -0.635797 -0.795851 0.01223 0.605369 83.1806
0.576303 -0.000999914 0.817235 12.9027 0.0128365 0.999887 -0.00782873 -0.652215 -0.817135 0.0150022 0.576251 83.7195
0.54617 0.00764368 0.83764 13.6706 0.0122546 0.999778 -0.0171136 -0.676022 -0.837585 0.0196119 0.545955 84.2166
0.515049 0.0162431 0.857007 14.486 0.0111531 0.999609 -0.0256488 -0.689527 -0.857088 0.0227687 0.514666 84.7082
0.482991 0.0212609 0.875367 15.3045 0.00869864 0.999539 -0.0290763 -0.711612 -0.875582 0.0216581 0.482584 85.1646
0.450113 0.021598 0.892711 16.1663 0.00629289 0.999606 -0.0273571 -0.730162 -0.89295 0.0179315 0.449799 85.6098
0.416921 0.0205727 0.90871 17.0415 0.00182381 0.999723 -0.0234699 -0.754121 -0.908941 0.0114424 0.416768 86.0106
0.382926 0.0224822 0.923506 17.9078 -0.00246005 0.999725 -0.0233177 -0.776597 -0.923776 0.00665707 0.382876 86.3569
0.347946 0.0253803 0.937171 18.7985 -0.00945991 0.999678 -0.0235609 -0.803109 -0.937467 -0.00066765 0.348074 86.6872
0.312612 0.0272528 0.94949 19.7396 -0.0139867 0.999612 -0.0240864 -0.828795 -0.949778 -0.00575056 0.312872 86.9892
0.276776 0.0268344 0.96056 20.6809 -0.0164771 0.999595 -0.0231772 -0.856357 -0.960793 -0.00941237 0.277106 87.2499
0.240751 0.0265083 0.970225 21.6317 -0.017072 0.999588 -0.0230743 -0.883805 -0.970437 -0.0110086 0.241104 87.4756
0.205117 0.0261191 0.978389 22.5933 -0.0161745 0.999598 -0.0232943 -0.91151 -0.978604 -0.0110469 0.205457 87.667
0.170037 0.024849 0.985124 23.5557 -0.0135374 0.999647 -0.0228787 -0.942617 -0.985345 -0.00944582 0.170313 87.8204
0.135366 0.0241237 0.990502 24.5243 -0.00477652 0.999708 -0.0236951 -0.97474 -0.990784 -0.00152364 0.135441 87.94
0.10184 0.0275346 0.99442 25.5061 -0.00175525 0.99962 -0.0274989 -1.01 -0.994799 0.00105505 0.10185 88.0272
0.0698874 0.032076 0.997039 26.5133 -0.000158988 0.999483 -0.0321435 -1.04568 -0.997555 0.00208791 0.0698563 88.0839
0.0405773 0.0358493 0.998533 27.4934 0.00739877 0.999318 -0.0361781 -1.09059 -0.999149 0.00885593 0.0402843 88.1193
0.0147148 0.0343294 0.999302 28.4725 0.00980563 0.999357 -0.0344757 -1.13274 -0.999844 0.0103061 0.0143687 88.1343
-0.00689685 0.0313389 0.999485 29.4972 0.0121169 0.999438 -0.0312538 -1.17108 -0.999903 0.0118951 -0.00727276 88.1128
-0.0261168 0.0293307 0.999229 30.5215 0.0123621 0.999502 -0.0290156 -1.20469 -0.999583 0.0115948 -0.0264665 88.089
-0.0421384 0.0323849 0.998587 31.5436 0.0143629 0.999391 -0.0318049 -1.24557 -0.999009 0.0130024 -0.0425779 88.0356
-0.0569486 0.036573 0.997707 32.5537 0.0177037 0.999209 -0.0356175 -1.28828 -0.99822 0.0156348 -0.0575511 87.9751
-0.0686197 0.0418347 0.996765 33.575 0.0222426 0.998936 -0.0403945 -1.33199 -0.997395 0.0193988 -0.0694773 87.8948
-0.0772583 0.0453827 0.995978 34.6039 0.0282002 0.998663 -0.0433176 -1.37776 -0.996612 0.0247401 -0.0784349 87.8033
-0.0839848 0.0509132 0.995166 35.6027 0.0320774 0.998314 -0.0483672 -1.43234 -0.995951 0.0278602 -0.0854765 87.7248
-0.0882236 0.0555424 0.994551 36.6174 0.0342902 0.998022 -0.0526945 -1.48859 -0.995511 0.0294545 -0.0899537 87.6381
-0.0913916 0.0600199 0.994005 37.6362 0.0362751 0.99772 -0.056909 -1.54485 -0.995154 0.0308566 -0.0933605 87.5452
-0.094183 0.0633189 0.99354 38.6653 0.0361563 0.997534 -0.0601461 -1.60502 -0.994898 0.030258 -0.0962403 87.4453
-0.0970376 0.0673838 0.992997 39.6806 0.0369929 0.99726 -0.0640581 -1.67147 -0.994593 0.0305178 -0.0992646 87.3472
-0.0994388 0.0711762 0.992495 40.7163 0.0387745 0.996958 -0.0676114 -1.74332 -0.994288 0.0317603 -0.101896 87.252
-0.102581 0.0731166 0.992034 41.7451 0.0411498 0.996753 -0.0692094 -1.81477 -0.993873 0.0337225 -0.105256 87.1533
-0.105793 0.0720242 0.991777 42.7753 0.0415107 0.996824 -0.0679628 -1.89325 -0.993522 0.0339793 -0.108447 87.0595
-0.108708 0.0716052 0.991492 43.8122 0.040689 0.996887 -0.0675337 -1.96928 -0.993241 0.0330013 -0.111283 86.9636
-0.111392 0.0740909 0.991011 44.8745 0.0400287 0.996742 -0.0700201 -2.02568 -0.99297 0.0318693 -0.113994 86.8568
-0.112955 0.0777565 0.990553 45.9375 0.0376568 0.996552 -0.0739334 -2.07407 -0.992886 0.02895 -0.115493 86.7178
-0.115222 0.0818726 0.98996 47.0004 0.0345966 0.996323 -0.0783722 -2.12752 -0.992737 0.0252191 -0.117631 86.5785
-0.117511 0.0865077 0.989297 48.0618 0.0324102 0.996002 -0.0832443 -2.20647 -0.992543 0.0222812 -0.119845 86.4512
-0.119634 0.0907753 0.98866 49.1173 0.0292737 0.995701 -0.0878796 -2.3013 -0.992387 0.0184284 -0.121777 86.3261
-0.122654 0.0933292 0.988052 50.2095 0.0265114 0.995521 -0.0907437 -2.39544 -0.992095 0.0150646 -0.124579 86.1944
-0.125778 0.0920211 0.987781 51.2978 0.0239252 0.99568 -0.0897105 -2.48858 -0.99177 0.0123493 -0.127436 86.0594
-0.128885 0.0880268 0.987745 52.395 0.0196653 0.996083 -0.0862039 -2.57888 -0.991465 0.00831394 -0.130111 85.9215
-0.132442 0.0867153 0.98739 53.4636 0.0196899 0.996199 -0.0848479 -2.67344 -0.990995 0.00820423 -0.133646 85.807
-0.135265 0.087193 0.986966 54.5497 0.0177111 0.996174 -0.0855792 -2.76774 -0.990651 0.00590433 -0.136292 85.6715
-0.136718 0.0902636 0.986489 55.6392 0.0191362 0.995895 -0.0884721 -2.86244 -0.990425 0.00678193 -0.137884 85.5262
-0.137489 0.0932282 0.986106 56.7413 0.0199431 0.995619 -0.091347 -2.96316 -0.990303 0.0071068 -0.138746 85.3709
-0.137692 0.0939685 0.986008 57.8432 0.0184807 0.99556 -0.0922981 -3.06502 -0.990303 0.00551345 -0.138817 85.2157
-0.137083 0.0931497 0.98617 58.9455 0.0156195 0.995648 -0.0918738 -3.16669 -0.990437 0.00280919 -0.137941 85.0618
-0.137037 0.0928725 0.986203 60.0453 0.0115208 0.995677 -0.0921638 -3.2702 -0.990499 -0.00126799 -0.137515 84.9103
-0.136693 0.0937852 0.986164 61.1734 0.00759034 0.995578 -0.0936284 -3.37693 -0.990584 -0.00531308 -0.136801 84.747
-0.137312 0.0937486 0.986082 62.2793 0.00338039 0.995549 -0.094178 -3.48903 -0.990522 -0.00959845 -0.137018 84.6055
-0.137743 0.0930665 0.986086 63.4031 0.00019797 0.995578 -0.0939347 -3.59878 -0.990468 -0.0127436 -0.137153 84.4516
-0.138198 0.0881608 0.986473 64.5262 0.000443955 0.996035 -0.0889532 -3.70394 -0.990404 -0.0118552 -0.13769 84.2992
-0.13885 0.0801206 0.987067 65.6442 0.00299519 0.996751 -0.0804854 -3.80072 -0.990309 -0.00821897 -0.138639 84.1466
-0.138891 0.0749533 0.987467 66.7784 0.00802855 0.997184 -0.0745616 -3.8964 -0.990275 -0.00242797 -0.139101 83.9824
-0.138804 0.0774897 0.987284 67.8928 0.0161466 0.996978 -0.0759805 -3.99036 -0.990188 0.00539492 -0.139636 83.8252
-0.137675 0.0830045 0.986993 69.0294 0.0219552 0.996493 -0.0807408 -4.08418 -0.990234 0.0105537 -0.139015 83.6544
-0.136909 0.0884347 0.986628 70.1622 0.025375 0.995993 -0.0857529 -4.18452 -0.990258 0.0132953 -0.138605 83.4907
-0.1363 0.0927543 0.986316 71.3001 0.0260886 0.995598 -0.090022 -4.29095 -0.990324 0.0134616 -0.13812 83.3284
-0.136068 0.0899618 0.986607 72.4443 0.0232992 0.995883 -0.0875944 -4.39509 -0.990426 0.0110684 -0.137604 83.1711
-0.136511 0.0863111 0.986871 73.575 0.0217912 0.996218 -0.0841143 -4.49519 -0.990399 0.0100225 -0.137876 83.0364
-0.136238 0.0838832 0.987118 74.7547 0.0190503 0.996446 -0.0820466 -4.59565 -0.990493 0.007627 -0.137352 82.8631
-0.136066 0.0844067 0.987098 75.9095 0.0164529 0.996419 -0.0829359 -4.69565 -0.990563 0.00495586 -0.136968 82.706
-0.135889 0.0892628 0.986695 77.0664 0.0170687 0.995996 -0.0877536 -4.80152 -0.990577 0.00491689 -0.136868 82.5482
-0.135325 0.0915755 0.98656 78.223 0.0156872 0.995793 -0.0902808 -4.91023 -0.990677 0.00325904 -0.136193 82.3917
-0.13446 0.0902627 0.9868 79.414 0.0153027 0.995913 -0.0890112 -5.01538 -0.990801 0.00313223 -0.135292 82.2133
-0.13503 0.0839567 0.987278 80.5733 0.0158607 0.996459 -0.0825682 -5.12034 -0.990714 0.00450976 -0.135883 82.0796
-0.1359 0.0828526 0.987252 81.7603 0.0148105 0.996555 -0.0815947 -5.21918 -0.990612 0.00353293 -0.136659 81.9238
-0.136062 0.0858924 0.98697 82.9455 0.0120838 0.996304 -0.0850389 -5.32283 -0.990627 0.000355851 -0.136597 81.7683
-0.136204 0.0886309 0.986708 84.1353 0.0116039 0.996064 -0.0878696 -5.43091 -0.990613 -0.000518501 -0.136696 81.6084
-0.136177 0.0879772 0.986771 85.3335 0.0107413 0.996121 -0.0873286 -5.54036 -0.990626 -0.00129295 -0.136594 81.4402
-0.135836 0.0844685 0.987124 86.5371 0.0102626 0.996425 -0.0838522 -5.65146 -0.990678 -0.00125969 -0.136218 81.2765
-0.135398 0.083468 0.987269 87.7438 0.0112589 0.99651 -0.0827052 -5.76147 -0.990727 -8.25482e-05 -0.135866 81.117
-0.134236 0.0839805 0.987384 88.9654 0.0131623 0.996465 -0.0829634 -5.8697 -0.990862 0.00185962 -0.134867 80.9451
-0.133407 0.0843847 0.987462 90.1815 0.0153733 0.996424 -0.0830737 -5.97446 -0.990942 0.00409798 -0.134227 80.7802
-0.132805 0.0840029 0.987576 91.3894 0.0148163 0.996458 -0.082766 -6.08156 -0.991031 0.00364046 -0.13358 80.6247
-0.131846 0.0847692 0.987639 92.6053 0.0161843 0.996388 -0.0833597 -6.19004 -0.991138 0.00499363 -0.132742 80.4674
-0.131038 0.0831882 0.987881 93.8281 0.0165845 0.996517 -0.0817157 -6.29767 -0.991238 0.00567559 -0.131962 80.3093
-0.129918 0.0821268 0.988118 95.0688 0.0148149 0.996613 -0.0808851 -6.40446 -0.991414 0.0041305 -0.130695 80.15
-0.129068 0.0816192 0.988271 96.2891 0.0165512 0.996645 -0.0801492 -6.51427 -0.991497 0.0060124 -0.129986 79.9977
-0.127465 0.0822933 0.988423 97.5379 0.0149693 0.996598 -0.0810436 -6.62303 -0.99173 0.00446577 -0.128264 79.838
-0.126111 0.0846941 0.988394 98.77 0.0157162 0.996394 -0.0833744 -6.7355 -0.991891 0.00501931 -0.126988 79.6832
-0.124928 0.0833725 0.988657 100.021 0.0134644 0.996513 -0.0823337 -6.84543 -0.992074 0.00302587 -0.125615 79.5292
-0.125787 0.0824774 0.988623 101.28 0.00926091 0.996592 -0.081964 -6.95239 -0.992014 -0.00115443 -0.126122 79.3989
-0.126251 0.0834691 0.98848 102.535 0.00637719 0.996501 -0.0833319 -7.06213 -0.991977 -0.00421704 -0.126342 79.2516
-0.126188 0.0828793 0.988538 103.785 0.00433969 0.99654 -0.0829963 -7.1682 -0.991996 -0.00618322 -0.126112 79.0837
-0.127143 0.0806999 0.988596 105.047 0.00216116 0.996705 -0.0810839 -7.27519 -0.991882 -0.00817273 -0.126899 78.9241
-0.128665 0.0794399 0.988501 106.327 0.000283875 0.996789 -0.080069 -7.38396 -0.991688 -0.0100215 -0.128275 78.7697
-0.129958 0.0788014 0.988383 107.603 -0.00126377 0.996822 -0.0796405 -7.49383 -0.991518 -0.011599 -0.129446 78.6075
-0.131702 0.0788067 0.988152 108.873 -0.00121437 0.996821 -0.07966 -7.60701 -0.991288 -0.0116914 -0.131188 78.4442
-0.134092 0.0773798 0.987943 110.15 -0.00147047 0.99693 -0.0782833 -7.71361 -0.990967 -0.0119499 -0.133566 78.277
-0.13663 0.0730382 0.987926 111.393 -0.00343688 0.997237 -0.0742019 -7.81866 -0.990616 -0.0135336 -0.136001 78.0998
-0.139081 0.0731784 0.987574 112.635 -0.00385056 0.997218 -0.0744354 -7.91781 -0.990273 -0.0141552 -0.138412 77.907
-0.142815 0.0791924 0.986576 113.893 -0.00883141 0.996652 -0.0812796 -8.02383 -0.989709 -0.0203208 -0.141638 77.7091
-0.14925 0.0823003 0.985369 115.145 -0.00796169 0.996397 -0.0844274 -8.13566 -0.988767 -0.020446 -0.148057 77.5229
-0.157396 0.0779173 0.984457 116.43 -0.00650718 0.996779 -0.0799329 -8.24864 -0.987514 -0.0189871 -0.156382 77.3039
-0.167261 0.075938 0.982984 117.684 -0.00450586 0.99696 -0.0777844 -8.36263 -0.985902 -0.0174395 -0.16641 77.0795
-0.179587 0.0767675 0.980742 118.891 -0.00452921 0.996875 -0.0788597 -8.47791 -0.983731 -0.0186042 -0.178679 76.863
-0.193442 0.0767727 0.978103 120.11 -0.00245068 0.996893 -0.0787322 -8.58972 -0.981108 -0.0176272 -0.192653 76.6279
-0.207793 0.0747024 0.975316 121.327 -0.00208596 0.997043 -0.076811 -8.70022 -0.97817 -0.0179953 -0.207023 76.3755
-0.222251 0.0774201 0.971911 122.561 0.00287565 0.99689 -0.0787523 -8.80799 -0.974985 -0.0147079 -0.221783 76.0858
-0.236602 0.0808731 0.968235 123.749 0.00410364 0.996604 -0.0822399 -8.9198 -0.971598 -0.0154848 -0.236131 75.7903
-0.250479 0.0846771 0.964412 124.919 0.004629 0.996261 -0.0862712 -9.03624 -0.968111 -0.0171449 -0.249934 75.4731
-0.266087 0.0824958 0.960412 126.121 0.00176332 0.996371 -0.085096 -9.1521 -0.963947 -0.0209495 -0.265267 75.1437
-0.28239 0.0764483 0.956249 127.328 -0.00340946 0.996733 -0.0806917 -9.27217 -0.959293 -0.0260468 -0.281207 74.8159
-0.297969 0.0721297 0.951847 128.523 -0.00707093 0.996947 -0.0777609 -9.38841 -0.954549 -0.0299008 -0.296549 74.4598
-0.312794 0.0730513 0.947008 129.708 -0.00873091 0.996774 -0.0797741 -9.50417 -0.94978 -0.0332211 -0.311147 74.0824
-0.32675 0.0750556 0.942126 130.879 -0.00857437 0.996565 -0.0823664 -9.61532 -0.945072 -0.0349913 -0.324984 73.6813
-0.34049 0.0773451 0.937062 132.044 -0.00649916 0.996393 -0.0846039 -9.72916 -0.940225 -0.0348969 -0.338759 73.2629
-0.354252 0.0773344 0.931947 133.207 -0.00431203 0.996429 -0.0843243 -9.83929 -0.93514 -0.0338906 -0.352653 72.8204
-0.368431 0.075321 0.926599 134.345 -0.00457296 0.996553 -0.0828258 -9.95493 -0.929644 -0.0347528 -0.366817 72.381
-0.382447 0.0741339 0.920999 135.49 -0.00470509 0.996607 -0.0821736 -10.0643 -0.923965 -0.0357604 -0.3808 71.9061
-0.39676 0.075347 0.914825 136.628 -0.00585043 0.996397 -0.0846029 -10.1769 -0.917903 -0.0389192 -0.39489 71.4137
-0.411358 0.0775637 0.908168 137.734 -0.00419527 0.996201 -0.0869827 -10.2931 -0.911464 -0.039591 -0.40947 70.921
-0.425979 0.0791785 0.901262 138.825 -0.00276255 0.996044 -0.0888112 -10.4117 -0.904729 -0.0403215 -0.424075 70.4192
-0.440273 0.0816596 0.894143 139.922 -2.37387e-05 0.995854 -0.0909604 -10.5307 -0.897864 -0.0400686 -0.438446 69.8849
-0.454785 0.0847457 0.88656 141.024 -0.000581363 0.995434 -0.0954512 -10.6508 -0.890601 -0.0439252 -0.45266 69.3248
-0.469711 0.086879 0.878535 142.117 0.00061954 0.995178 -0.0980827 -10.774 -0.88282 -0.0455263 -0.4675 68.7462
-0.484683 0.084735 0.870576 143.202 -0.000224183 0.995284 -0.096998 -10.8966 -0.87469 -0.0472084 -0.482378 68.1473
-0.500361 0.0808764 0.862032 144.272 -0.00236334 0.995496 -0.0947701 -11.0196 -0.865813 -0.0494565 -0.497916 67.5362
-0.516097 0.0808687 0.852704 145.347 -0.00233316 0.995396 -0.0958136 -11.1441 -0.856527 -0.0514386 -0.513532 66.896
-0.531555 0.0800438 0.843234 146.438 -0.003365 0.995317 -0.0966016 -11.2661 -0.847017 -0.0541865 -0.528796 66.2241
-0.546681 0.0791685 0.83359 147.459 -0.00322555 0.995314 -0.0966433 -11.3963 -0.837334 -0.0555219 -0.543864 65.5494
-0.561525 0.0784998 0.823728 148.493 -0.0043878 0.995193 -0.0978314 -11.527 -0.827448 -0.0585491 -0.558482 64.8443
-0.576056 0.0781367 0.813667 149.532 -0.00386391 0.995149 -0.0983001 -11.657 -0.817401 -0.0597703 -0.57296 64.1125
-0.590648 0.0758444 0.803357 150.566 -0.00349497 0.995323 -0.0965375 -11.7859 -0.806921 -0.0598274 -0.587621 63.3604
-0.604856 0.0727934 0.793001 151.58 -0.0026349 0.995625 -0.093403 -11.9132 -0.79633 -0.0585848 -0.602018 62.5915
-0.619012 0.0715254 0.782118 152.555 -0.001247 0.995753 -0.0920496 -12.0398 -0.785381 -0.057955 -0.616294 61.8215
-0.632352 0.0702815 0.771487 153.547 -0.00117898 0.995787 -0.0916815 -12.1637 -0.77468 -0.0588845 -0.629605 61.0056
-0.645857 0.0713702 0.760116 154.528 -0.00188918 0.995468 -0.0950736 -12.2905 -0.763456 -0.0628399 -0.642795 60.1681
-0.660348 0.0712807 0.747569 155.505 -0.00322292 0.995207 -0.0977399 -12.4163 -0.750952 -0.0669517 -0.656953 59.3142
-0.67542 0.0685908 0.734237 156.459 -0.00436491 0.995275 -0.0969919 -12.5434 -0.73742 -0.0687151 -0.67193 58.4476
-0.69109 0.0620999 0.720096 157.395 -0.00713961 0.995667 -0.0927168 -12.6662 -0.722733 -0.0692168 -0.687652 57.5592
-0.706538 0.0609266 0.705048 158.291 -0.00599317 0.995736 -0.0920523 -12.7973 -0.70765 -0.0692639 -0.70316 56.6486
-0.723906 0.0581028 0.687448 159.202 -0.00753083 0.995722 -0.0920883 -12.9214 -0.689857 -0.0718403 -0.720372 55.7173
-0.740867 0.0549332 0.669402 160.09 -0.00949415 0.995693 -0.0922177 -13.0489 -0.671584 -0.0746764 -0.737155 54.753
-0.757199 0.0533618 0.651001 160.953 -0.00845033 0.995773 -0.0914514 -13.1754 -0.653129 -0.074748 -0.753548 53.7669
-0.772721 0.055761 0.632293 161.772 -0.00540398 0.99552 -0.0943977 -13.3109 -0.634723 -0.0763599 -0.768957 52.7704
-0.787666 0.0554158 0.613606 162.588 -0.00134047 0.99579 -0.0916523 -13.4414 -0.616101 -0.0730139 -0.784275 51.7315
-0.801774 0.0576249 0.594843 163.366 0.00378849 0.99581 -0.0913621 -13.5732 -0.597615 -0.0709982 -0.798633 50.6779
-0.815342 0.0586985 0.575997 164.121 0.00585973 0.995633 -0.0931682 -13.7069 -0.57895 -0.0725887 -0.812125 49.5951
-0.829222 0.0605423 0.555631 164.848 0.00761436 0.995247 -0.0970801 -13.8409 -0.558867 -0.0762702 -0.825742 48.5395
-0.841678 0.0619327 0.536417 165.548 0.0117911 0.995272 -0.0964094 -13.9782 -0.539851 -0.0748207 -0.838428 47.4341
-0.853225 0.0611189 0.51795 166.226 0.0142913 0.995476 -0.0939258 -14.1114 -0.521348 -0.0727376 -0.850238 46.3103
-0.863547 0.0635475 0.500249 166.882 0.0180199 0.995283 -0.0953262 -14.2466 -0.503946 -0.0733042 -0.860619 45.1729
-0.87293 0.0667785 0.483254 167.51 0.021742 0.994928 -0.0982105 -14.3821 -0.487361 -0.075224 -0.869954 44.0409
-0.882352 0.0648752 0.466097 168.124 0.0206431 0.994834 -0.0993906 -14.5215 -0.470137 -0.0780758 -0.879133 42.922
-0.89085 0.0626334 0.449961 168.724 0.020308 0.99495 -0.0982883 -14.6557 -0.453844 -0.0784222 -0.887623 41.7657
-0.898242 0.0600267 0.435382 169.305 0.0189116 0.99499 -0.0981639 -14.7898 -0.439093 -0.0799412 -0.894878 40.5996
-0.904944 0.0584965 0.421492 169.868 0.0189194 0.995057 -0.0974786 -14.9232 -0.425111 -0.0802382 -0.901578 39.424
-0.911408 0.0559379 0.407684 170.413 0.0179022 0.995169 -0.0965246 -15.0553 -0.411113 -0.0806748 -0.908007 38.2397
-0.917263 0.0515953 0.394927 170.942 0.0160625 0.995559 -0.0927584 -15.1823 -0.397958 -0.0787403 -0.914018 37.0473
-0.922468 0.0482249 0.38305 171.455 0.0149907 0.995894 -0.0892793 -15.3047 -0.385782 -0.0766151 -0.919403 35.8475
-0.926907 0.0499863 0.371947 171.954 0.0192255 0.996113 -0.0859579 -15.4232 -0.374798 -0.0725241 -0.924265 34.6412
-0.930294 0.053224 0.362933 172.441 0.0226883 0.995872 -0.0878884 -15.5445 -0.366112 -0.0735277 -0.927661 33.4299
-0.932168 0.0587402 0.357229 172.86 0.0288077 0.995655 -0.0885466 -15.6821 -0.360878 -0.0722493 -0.92981 32.2335
-0.933471 0.0620934 0.353237 173.316 0.0322054 0.995432 -0.0898746 -15.8188 -0.357204 -0.0725192 -0.931207 30.9625
-0.935198 0.0590877 0.349161 173.766 0.0298426 0.995624 -0.0885565 -15.947 -0.352865 -0.072398 -0.932869 29.7389
-0.936956 0.0514199 0.345645 174.217 0.023428 0.996132 -0.0846826 -16.0709 -0.348662 -0.0712461 -0.934537 28.5076
-0.938752 0.0451041 0.34163 174.672 0.0178011 0.99642 -0.0826388 -16.193 -0.344134 -0.0714959 -0.936194 27.2715
-0.940371 0.0390325 0.337905 175.122 0.0114294 0.996459 -0.083297 -16.3163 -0.339959 -0.074468 -0.937487 26.0337
-0.941566 0.0375098 0.334735 175.566 0.00931704 0.9963 -0.0854363 -16.44 -0.336701 -0.0773252 -0.938431 24.7967
-0.942358 0.0383159 0.332407 176.002 0.00947474 0.996079 -0.087956 -16.5646 -0.334473 -0.0797365 -0.939026 23.5825
-0.94258 0.0387851 0.331723 176.441 0.00946198 0.995936 -0.0895595 -16.6939 -0.333848 -0.0812782 -0.939116 22.3417
-0.94254 0.0413227 0.331529 176.88 0.011636 0.995779 -0.0910359 -16.8236 -0.333891 -0.0819473 -0.939043 21.1078
-0.942184 0.0433017 0.332286 177.316 0.0129962 0.995591 -0.0928899 -16.951 -0.334843 -0.083201 -0.938593 19.8931
-0.941774 0.0445847 0.333277 177.759 0.0135544 0.995398 -0.0948595 -17.0846 -0.335972 -0.0848189 -0.938045 18.6554
-0.941188 0.0459117 0.33475 178.203 0.0148837 0.995397 -0.094674 -17.2159 -0.337556 -0.0841237 -0.937539 17.4333
-0.940135 0.0469756 0.337549 178.637 0.0158278 0.995404 -0.0944441 -17.3521 -0.340433 -0.0834476 -0.936558 16.1916
-0.938896 0.0459972 0.341114 179.084 0.0143406 0.995397 -0.0947519 -17.4815 -0.343902 -0.0840704 -0.935235 14.9723
-0.937461 0.0451135 0.345154 179.532 0.0137316 0.995587 -0.0928329 -17.6077 -0.347819 -0.0822877 -0.933944 13.7714
-0.935275 0.043407 0.351249 179.996 0.0121845 0.995811 -0.0906177 -17.7318 -0.353711 -0.0804727 -0.931887 12.5395
-0.932687 0.0411165 0.358336 180.465 0.0100079 0.996049 -0.088241 -17.8554 -0.360548 -0.0787151 -0.929413 11.3216
-0.929804 0.0437056 0.365452 180.95 0.0122114 0.996041 -0.0880512 -17.9791 -0.367853 -0.0774077 -0.926657 10.1023
-0.926515 0.0445758 0.373609 181.445 0.0122387 0.996002 -0.0884839 -18.1035 -0.37606 -0.0774091 -0.923356 8.88749
-0.922488 0.0479479 0.383037 181.959 0.0138081 0.995719 -0.0913879 -18.2231 -0.385779 -0.0790153 -0.919202 7.67147
-0.918056 0.0504385 0.39323 182.476 0.0156862 0.995718 -0.0910964 -18.3424 -0.396141 -0.0774632 -0.914916 6.47052
-0.912791 0.0526707 0.405018 182.996 0.0162571 0.995549 -0.0928282 -18.4721 -0.408105 -0.0781483 -0.909584 5.28099
-0.906418 0.055506 0.418719 183.54 0.017404 0.995393 -0.0942758 -18.6003 -0.422023 -0.0781659 -0.903209 4.07868
-0.899871 0.0584838 0.432217 184.094 0.0190306 0.99529 -0.0950527 -18.7286 -0.43574 -0.0773098 -0.896746 2.89628
-0.89327 0.0583731 0.445716 184.673 0.0188432 0.995523 -0.0926146 -18.8577 -0.449126 -0.0743311 -0.890371 1.72167
-0.886287 0.0612962 0.459063 185.269 0.0202365 0.995381 -0.0938386 -18.9886 -0.462695 -0.073878 -0.883434 0.556267
-0.878914 0.0639257 0.472677 185.883 0.022298 0.995401 -0.0931584 -19.1184 -0.476458 -0.0713385 -0.876298 -0.599788
-0.871102 0.0670257 0.486507 186.514 0.0253122 0.995453 -0.091821 -19.2472 -0.490449 -0.0676709 -0.868839 -1.74326
-0.862976 0.0684686 0.500585 187.189 0.0270222 0.995611 -0.0895927 -19.3824 -0.504522 -0.0637894 -0.861039 -2.88606
-0.854196 0.0710919 0.515068 187.876 0.0296847 0.99566 -0.0881959 -19.516 -0.519103 -0.0600469 -0.8526 -4.0158
-0.844198 0.0754625 0.530694 188.574 0.0346625 0.995653 -0.0864389 -19.6428 -0.53491 -0.0545764 -0.843145 -5.12911
-0.834008 0.0739148 0.54678 189.261 0.0296983 0.995563 -0.0892833 -19.767 -0.550953 -0.0582245 -0.832503 -6.18788
-0.823505 0.0769193 0.562071 189.991 0.0319924 0.995485 -0.0893592 -19.887 -0.566406 -0.0556057 -0.822248 -7.23394
-0.812522 0.0783067 0.577648 190.741 0.032581 0.995487 -0.0891213 -20.0076 -0.582019 -0.0535926 -0.811407 -8.2653
-0.799537 0.0825841 0.594912 191.507 0.0357283 0.995287 -0.0901459 -20.1307 -0.599553 -0.0508197 -0.79872 -9.321
-0.78736 0.0862643 0.610429 192.264 0.0375151 0.995031 -0.0922267 -20.2468 -0.615352 -0.0497152 -0.786684 -10.2907
-0.774618 0.0875653 0.626338 193.057 0.0392835 0.995117 -0.0905392 -20.3724 -0.631208 -0.0455285 -0.774276 -11.2332
-0.760573 0.0895315 0.643049 193.851 0.0418352 0.995146 -0.0890729 -20.5045 -0.647903 -0.0408443 -0.760627 -12.1593
-0.743808 0.0922054 0.662004 194.694 0.0428373 0.994979 -0.0904523 -20.6272 -0.66702 -0.0389206 -0.744023 -13.1024
-0.725429 0.0947459 0.681745 195.519 0.0425152 0.994757 -0.0930075 -20.7577 -0.686982 -0.0384858 -0.725654 -14.0217
-0.707734 0.0958185 0.699951 196.373 0.0419611 0.994711 -0.0937416 -20.8865 -0.705232 -0.0369733 -0.708012 -14.8877
-0.688072 0.0956698 0.719309 197.245 0.0400768 0.994767 -0.0939703 -21.0145 -0.724535 -0.0358306 -0.688306 -15.7444
-0.668457 0.0958099 0.737554 198.14 0.0379163 0.994768 -0.0948586 -21.1409 -0.742783 -0.0354436 -0.668593 -16.5553
-0.648532 0.0960658 0.755101 199.052 0.0351722 0.994726 -0.0963432 -21.2719 -0.760375 -0.035923 -0.648491 -17.3393
-0.627454 0.0965729 0.772641 200.001 0.031631 0.994621 -0.0986312 -21.3851 -0.778011 -0.0374472 -0.627134 -18.1105
-0.60585 0.0961967 0.789742 200.959 0.0284562 0.994648 -0.0993257 -21.5085 -0.79507 -0.0377034 -0.605345 -18.8557
-0.582509 0.0969169 0.807026 201.924 0.0280633 0.994672 -0.0991956 -21.6374 -0.81234 -0.0351344 -0.582125 -19.5704
-0.559385 0.0978832 0.823108 202.912 0.0274931 0.994647 -0.0995982 -21.769 -0.828452 -0.0330839 -0.559083 -20.2227
-0.532599 0.100799 0.840344 203.921 0.0278404 0.994431 -0.101637 -21.9029 -0.84591 -0.0307363 -0.53244 -20.8987
-0.505242 0.101696 0.856965 204.935 0.0269432 0.994407 -0.102122 -22.0367 -0.862557 -0.0285068 -0.505157 -21.513
-0.476518 0.102015 0.873226 205.996 0.0262887 0.994454 -0.101832 -22.1747 -0.878772 -0.0255689 -0.476557 -22.1261
-0.448095 0.100231 0.88835 207.053 0.0240146 0.994686 -0.100116 -22.307 -0.893664 -0.0235279 -0.448121 -22.6818
-0.417305 0.102359 0.902984 208.122 0.0238734 0.994528 -0.101703 -22.4393 -0.908453 -0.0208838 -0.417465 -23.1951
-0.386472 0.104454 0.916367 209.22 0.0237972 0.994364 -0.103308 -22.5803 -0.921994 -0.0181187 -0.38678 -23.6704
-0.354876 0.105775 0.928911 210.324 0.0244586 0.994289 -0.103876 -22.7206 -0.934594 -0.0141431 -0.355437 -24.1019
-0.323476 0.105742 0.94031 211.457 0.0252645 0.994347 -0.103127 -22.8593 -0.945899 -0.00960264 -0.324319 -24.4899
-0.290288 0.105213 0.951138 212.622 0.022647 0.994414 -0.103088 -22.9933 -0.956671 -0.0083848 -0.29105 -24.872
-0.257126 0.104419 0.96072 213.761 0.0232921 0.994526 -0.10186 -23.127 -0.966097 -0.00381357 -0.258151 -25.1774
-0.222779 0.102383 0.969478 214.932 0.0215327 0.994744 -0.100104 -23.2601 -0.974631 -0.00142546 -0.223813 -25.4598
-0.187645 0.101344 0.976995 216.1 0.0205602 0.99485 -0.0992472 -23.3897 -0.982022 0.00146399 -0.188763 -25.7032
-0.153013 0.101163 0.983033 217.283 0.0185526 0.994865 -0.0994925 -23.5115 -0.98805 0.00301427 -0.154105 -25.8982
-0.117762 0.10145 0.987846 218.466 0.017726 0.994824 -0.100054 -23.6334 -0.992884 0.00572813 -0.118951 -26.0481
-0.0823613 0.102147 0.991354 219.652 0.0166123 0.994736 -0.101115 -23.7563 -0.996464 0.00814074 -0.0836248 -26.1559
-0.0472727 0.103022 0.993555 220.86 0.0138255 0.994639 -0.102477 -23.8821 -0.998787 0.00889209 -0.0484438 -26.2271
-0.0124528 0.102999 0.994604 222.064 0.0114487 0.99463 -0.102858 -24.0077 -0.999857 0.0101062 -0.0135653 -26.259
0.0216902 0.102737 0.994472 223.28 0.0078002 0.994658 -0.102926 -24.1381 -0.999735 0.00998966 0.0207728 -26.2509
0.0548833 0.103502 0.993114 224.47 0.00508881 0.994571 -0.103935 -24.2674 -0.99848 0.0107582 0.0540584 -26.1958
0.0885704 0.103676 0.99066 225.685 0.00545392 0.994503 -0.104566 -24.4002 -0.996055 0.0146645 0.0875179 -26.1147
0.120326 0.101767 0.987505 226.862 0.00477319 0.994661 -0.103086 -24.5298 -0.992723 0.0171177 0.119198 -25.9772
0.14924 0.100321 0.983699 228.017 0.00491614 0.994752 -0.102194 -24.6632 -0.988789 0.0200875 0.147963 -25.7781
0.179226 0.0993486 0.978779 229.267 0.00344218 0.994818 -0.101607 -24.8216 -0.983802 0.0215798 0.177955 -25.5662
0.209687 0.0978125 0.972864 230.468 0.00484013 0.994867 -0.101068 -24.9727 -0.977757 0.0259016 0.208137 -25.3246
0.239888 0.0960631 0.966036 231.622 0.00666565 0.994905 -0.100589 -25.1082 -0.970778 0.0305694 0.238025 -25.0459
0.269963 0.0939643 0.958275 232.798 0.00744401 0.994993 -0.0996619 -25.2439 -0.962842 0.0340386 0.267912 -24.734
0.300254 0.092331 0.94938 233.965 0.0077518 0.995035 -0.0992227 -25.3765 -0.953828 0.0371515 0.298047 -24.3884
0.329902 0.0917318 0.939548 235.112 0.00833677 0.994945 -0.100068 -25.5075 -0.943979 0.0408455 0.32747 -24.0043
0.358016 0.0910027 0.92927 236.233 0.0084886 0.99488 -0.100698 -25.6356 -0.933677 0.04394 0.355411 -23.5737
0.385828 0.0888994 0.918278 237.348 0.00827034 0.994973 -0.0997994 -25.7654 -0.922534 0.0461 0.383153 -23.1153
0.413314 0.0880976 0.906317 238.457 0.00670193 0.994987 -0.0997731 -25.8981 -0.910564 0.0473118 0.410651 -22.6172
0.441228 0.0895045 0.892921 239.564 0.00581126 0.994708 -0.102579 -26.0266 -0.897376 0.0504499 0.438373 -22.0777
0.468892 0.0908067 0.878576 240.647 0.00549141 0.994382 -0.105707 -26.1603 -0.883239 0.0543898 0.465759 -21.5198
0.496251 0.0890892 0.863596 241.711 0.00544892 0.994382 -0.105712 -26.2926 -0.868162 0.0571656 0.492977 -20.9259
0.52201 0.0860489 0.848588 242.733 0.00542622 0.994543 -0.104187 -26.4319 -0.852922 0.0589915 0.518695 -20.2912
0.546432 0.0837522 0.833305 243.754 0.00357667 0.994744 -0.102323 -26.5725 -0.837496 0.0588933 0.543261 -19.6204
0.568658 0.0841161 0.818262 244.759 0.000514959 0.994721 -0.102614 -26.7115 -0.822574 0.0587737 0.565613 -18.9161
0.588844 0.0842434 0.803845 245.764 -0.00218341 0.994715 -0.102647 -26.8512 -0.808244 0.0586883 0.585916 -18.1703
0.607621 0.0827046 0.78991 246.744 -0.00395551 0.994866 -0.101121 -26.9889 -0.794218 0.058319 0.604829 -17.4098
0.625703 0.080164 0.775931 247.716 -0.00523094 0.995114 -0.0985904 -27.1242 -0.780044 0.0576296 0.623066 -16.6272
0.644037 0.0768251 0.761127 248.736 -0.00528303 0.995367 -0.0959982 -27.2679 -0.764976 0.0578054 0.641459 -15.814
0.660874 0.074015 0.746839 249.693 -0.00528029 0.995559 -0.0939919 -27.4014 -0.750479 0.0581734 0.65833 -14.9969
0.676359 0.0712625 0.733117 250.593 -0.00389664 0.995641 -0.0931862 -27.5336 -0.736562 0.0601708 0.673689 -14.1736
0.691939 0.0703358 0.718522 251.519 -0.00487751 0.995675 -0.0927692 -27.6679 -0.72194 0.0606861 0.689289 -13.3153
0.704758 0.0689387 0.706091 252.324 -0.00461262 0.995691 -0.0926099 -27.7763 -0.709433 0.0620108 0.70204 -12.4268
0.719742 0.0669001 0.691011 253.21 -0.00619861 0.995925 -0.0899642 -27.8989 -0.694214 0.0604678 0.717224 -11.5297
0.734106 0.0639505 0.676018 254.078 -0.00624821 0.996149 -0.0874496 -28.0187 -0.679007 0.0599735 0.731678 -10.6125
0.748639 0.0619531 0.660078 254.968 -0.00654157 0.996266 -0.0860878 -28.1413 -0.662946 0.0601308 0.746248 -9.64467
0.762184 0.0610469 0.644476 255.803 -0.00602761 0.996169 -0.0872321 -28.2693 -0.647333 0.0626023 0.759632 -8.68227
0.774785 0.0595697 0.629413 256.626 -0.00599762 0.996198 -0.0869007 -28.3963 -0.632197 0.0635545 0.772197 -7.69371
0.786534 0.0580528 0.614812 257.43 -0.00652789 0.996297 -0.0857229 -28.5194 -0.617513 0.0634107 0.784001 -6.68583
0.795941 0.0554032 0.602834 258.145 -0.00643651 0.996521 -0.0830866 -28.6368 -0.605341 0.062252 0.793529 -5.65922
0.804703 0.0526846 0.591335 258.852 -0.0052457 0.996646 -0.0816571 -28.7538 -0.593655 0.0626079 0.802281 -4.60654
0.813401 0.0514992 0.579419 259.59 -0.0052099 0.996678 -0.0812718 -28.8728 -0.58168 0.063088 0.810968 -3.50769
0.821949 0.0486051 0.567484 260.318 -0.00154215 0.996538 -0.0831202 -28.9866 -0.56956 0.0674455 0.819179 -2.43663
0.829909 0.0465173 0.555957 261.029 -0.00088792 0.996626 -0.0820631 -29.0986 -0.557899 0.0676114 0.827151 -1.36815
0.837134 0.0428837 0.545314 261.733 0.0016583 0.996718 -0.0809281 -29.2167 -0.546995 0.0686521 0.834316 -0.305803
0.843453 0.0411918 0.535622 262.427 0.00295635 0.996684 -0.0813051 -29.3252 -0.537196 0.0701606 0.840535 0.821331
0.84853 0.0402752 0.527613 263.122 0.00305774 0.996709 -0.0810014 -29.4375 -0.529139 0.0703455 0.845614 1.97158
0.851923 0.0394276 0.52218 263.809 0.00258172 0.996832 -0.0794788 -29.5504 -0.52366 0.0690581 0.849124 3.12221
0.854717 0.0379708 0.517704 264.492 0.00283492 0.996964 -0.0778026 -29.6674 -0.519087 0.067967 0.852015 4.25985
0.856892 0.037753 0.514112 265.163 0.00276056 0.996964 -0.0778117 -29.7757 -0.51549 0.0680956 0.854186 5.38526
0.859496 0.0366225 0.50983 265.841 0.00307105 0.997041 -0.0767979 -29.8912 -0.511134 0.0675733 0.856841 6.51892
0.860893 0.0351539 0.507571 266.499 0.00347996 0.997179 -0.0749663 -30.0012 -0.508775 0.0663044 0.858343 7.66117
0.862613 0.0330863 0.504781 267.17 0.00506428 0.997243 -0.0740198 -30.1112 -0.505839 0.0664069 0.860068 8.81833
0.86472 0.0319418 0.501238 267.835 0.00630275 0.997206 -0.0744212 -30.2218 -0.502216 0.0675128 0.862103 9.97847
0.867257 0.0305378 0.496924 268.538 0.00734882 0.997222 -0.0741088 -30.3223 -0.497807 0.0679233 0.864624 11.1954
0.869393 0.0340443 0.492947 269.242 0.00391796 0.997117 -0.0757739 -30.4229 -0.494106 0.0678087 0.866754 12.5122
0.871666 0.0383019 0.488601 269.961 -6.7692e-05 0.99695 -0.0780313 -30.5359 -0.490101 0.0679843 0.869011 13.8207
0.872658 0.0420603 0.486518 270.723 -0.00381146 0.996839 -0.0793422 -30.668 -0.488318 0.0673844 0.870061 15.301
0.873193 0.0413746 0.485616 271.477 -0.00344056 0.996888 -0.0787488 -30.8049 -0.487364 0.0670922 0.870618 16.7306
0.875176 0.043322 0.481862 272.246 -0.00621963 0.996907 -0.0783312 -30.9481 -0.483766 0.0655567 0.872739 18.1328
0.876416 0.0446112 0.479484 273.007 -0.00767667 0.996867 -0.0787171 -31.0923 -0.481494 0.0653082 0.874013 19.5455
0.878299 0.0395582 0.476474 273.77 -0.00286792 0.996988 -0.0774867 -31.2371 -0.478105 0.06669 0.875768 20.9349
0.879428 0.0365421 0.474628 274.484 0.000805665 0.996933 -0.0782479 -31.3603 -0.476032 0.0691959 0.876702 22.2777
