1 0 0 0 0 1 0 0 0 0 1 0
0.999993 0.00133673 0.00351911 -0.0857334 -0.00133763 0.999999 0.000254336 -0.00434148 -0.00351877 -0.000259042 0.999994 1.36335
0.999989 0.000655739 0.00453678 -0.115788 -0.000659325 0.999999 0.000788959 -0.0316771 -0.00453626 -0.000791942 0.999989 2.68961
0.999984 -0.000798146 0.00558668 -0.129239 0.000799088 1 -0.000166394 -0.0557398 -0.00558655 0.000170855 0.999984 4.02226
0.999983 -0.000789366 0.00568434 -0.124776 0.000789087 1 5.13529e-05 -0.0772778 -0.00568437 -4.68666e-05 0.999984 5.39022
0.999981 -0.00151969 0.00604039 -0.125474 0.00151719 0.999999 0.00041878 -0.0947827 -0.00604102 -0.000409607 0.999982 6.73901
0.999973 -0.00297453 0.00665154 -0.117698 0.00296464 0.999994 0.00149618 -0.112045 -0.00665595 -0.00147642 0.999977 8.10213
0.999978 -0.00208752 0.00626768 -0.101843 0.00207589 0.999996 0.00186101 -0.127056 -0.00627154 -0.00184796 0.999979 9.5028
0.99998 -0.0011922 0.00618778 -0.105802 0.00119087 0.999999 0.000218495 -0.14907 -0.00618804 -0.000211122 0.999981 10.8692
0.999981 0.0011087 0.00605887 -0.0887399 -0.00109911 0.999998 -0.00158619 -0.172192 -0.00606061 0.0015795 0.999981 12.2723
0.999957 0.00498346 0.00777337 -0.129723 -0.00496669 0.999985 -0.00217605 -0.198944 -0.0077841 0.00213735 0.999968 13.6027
0.999924 0.00759084 0.00970495 -0.170181 -0.00757061 0.999969 -0.0021201 -0.224999 -0.00972074 0.00204647 0.999951 14.9442
0.999892 0.00871758 0.0117861 -0.203205 -0.00870274 0.999961 -0.00130975 -0.248206 -0.0117971 0.00120704 0.99993 16.2938
0.999864 0.00600595 0.0153817 -0.255107 -0.00603259 0.99998 0.00168615 -0.272418 -0.0153713 -0.00177871 0.99988 17.6445
0.999832 0.00170446 0.0182541 -0.286482 -0.00177006 0.999992 0.00357786 -0.293617 -0.0182479 -0.00360957 0.999827 19.0138
0.999803 -0.00037894 0.0198595 -0.291733 0.000351263 0.999999 0.00139713 -0.313509 -0.01986 -0.00138988 0.999802 20.3952
0.999761 -0.0012923 0.0217974 -0.307382 0.00130578 0.999999 -0.000604311 -0.334236 -0.0217966 0.000632631 0.999762 21.7496
0.999724 0.000601662 0.0234948 -0.303453 -0.000551749 0.999998 -0.00213084 -0.363434 -0.023496 0.00211728 0.999722 23.1523
0.999637 0.00327487 0.0267271 -0.326561 -0.00327564 0.999995 -1.47682e-05 -0.38951 -0.026727 -7.27854e-05 0.999643 24.5108
0.999658 0.00327863 0.0259401 -0.251388 -0.00337596 0.999987 0.00370928 -0.415756 -0.0259276 -0.00379558 0.999657 25.9672
0.999625 0.00033644 0.0273741 -0.241599 -0.00049102 0.999984 0.00564045 -0.433658 -0.0273717 -0.00565178 0.999609 27.3431
0.999598 -0.003119 0.0281883 -0.226855 0.00299678 0.999986 0.00437714 -0.453826 -0.0282016 -0.00429091 0.999593 28.7249
0.999569 -0.0043868 0.0290381 -0.211107 0.00432707 0.999988 0.00211945 -0.476849 -0.0290471 -0.00199289 0.999576 30.1081
0.9995 -0.00477657 0.0312607 -0.210007 0.00478075 0.999989 -5.90852e-05 -0.5022 -0.03126 0.000208504 0.999511 31.4854
0.999438 -0.00192806 0.0334587 -0.207509 0.00195131 0.999998 -0.000662297 -0.526081 -0.0334574 0.000727213 0.99944 32.8743
0.999408 -0.000661019 0.0343904 -0.174322 0.000752605 0.999996 -0.00265025 -0.550197 -0.0343885 0.00267456 0.999405 34.2794
0.999401 -0.00033072 0.0346088 -0.128163 0.000419518 0.999997 -0.00255854 -0.568612 -0.0346079 0.00257152 0.999398 35.708
0.99938 0.000572399 0.0352029 -0.0931331 -0.000502712 0.999998 -0.00198841 -0.583665 -0.035204 0.00196948 0.999378 37.1332
0.999388 0.00190753 0.0349355 -0.0521179 -0.00187925 0.999998 -0.000842331 -0.601224 -0.034937 0.000776162 0.999389 38.5727
0.999361 0.0045205 0.0354518 -0.0108667 -0.00448515 0.999989 -0.00107653 -0.618637 -0.0354562 0.000916834 0.999371 40.0167
0.999317 0.00774443 0.0361292 0.0312813 -0.00767774 0.999969 -0.00198429 -0.637471 -0.0361434 0.00170555 0.999345 41.4608
0.99928 0.0103181 0.036519 0.0739314 -0.0102493 0.999945 -0.00207086 -0.656332 -0.0365384 0.00169507 0.999331 42.9049
0.999243 0.0115583 0.0371341 0.116032 -0.0114774 0.999931 -0.0023912 -0.677023 -0.0371591 0.00196319 0.999307 44.3543
0.999241 0.0105296 0.0375128 0.158832 -0.0104321 0.999942 -0.00279407 -0.698265 -0.03754 0.00240061 0.999292 45.806
0.999259 0.00927708 0.0373506 0.20144 -0.00916421 0.999953 -0.00319191 -0.720021 -0.0373784 0.00284726 0.999297 47.2577
0.99928 0.00922521 0.0367911 0.240675 -0.00910823 0.999953 -0.00334601 -0.744774 -0.0368202 0.0030085 0.999317 48.693
0.999309 0.0098314 0.0358473 0.293972 -0.00973038 0.999948 -0.00299142 -0.762045 -0.0358748 0.00264055 0.999353 50.1795
0.999326 0.0102419 0.035262 0.337441 -0.0101187 0.999942 -0.00367144 -0.792389 -0.0352976 0.00331216 0.999371 51.629
0.999361 0.0106187 0.0341363 0.38451 -0.0105069 0.999939 -0.0034535 -0.819227 -0.0341709 0.00309262 0.999411 53.0981
0.999382 0.0108644 0.0334243 0.424947 -0.0107819 0.999938 -0.00264808 -0.846492 -0.033451 0.00228607 0.999438 54.5499
0.999388 0.00984393 0.0335776 0.465598 -0.00977468 0.99995 -0.00222611 -0.86721 -0.0335978 0.00189653 0.999434 56.0119
0.999371 0.00882329 0.0343546 0.490065 -0.00874081 0.999959 -0.00255047 -0.885649 -0.0343757 0.00224858 0.999406 57.4514
0.999374 0.00653504 0.0347557 0.530474 -0.00641457 0.999973 -0.0035766 -0.906785 -0.0347781 0.00335142 0.999389 58.924
0.999326 0.00628701 0.0361664 0.551906 -0.00612631 0.999971 -0.0045522 -0.922628 -0.036194 0.00432756 0.999335 60.3705
0.999253 0.00592117 0.0381735 0.576859 -0.00573571 0.999971 -0.004966 -0.939123 -0.0382018 0.00474334 0.999259 61.8177
0.99922 0.00562745 0.0390928 0.625958 -0.00539972 0.999968 -0.00592842 -0.948394 -0.0391249 0.0057127 0.999218 63.2909
0.999205 0.00434951 0.0396279 0.688133 -0.00406784 0.999966 -0.00718579 -0.974534 -0.0396578 0.00701888 0.999189 64.7629
0.999198 0.00280185 0.0399295 0.745727 -0.0024615 0.99996 -0.00857018 -1.00669 -0.039952 0.00846502 0.999166 66.2231
0.999159 0.00372249 0.0408364 0.799776 -0.00334543 0.999951 -0.00929789 -1.04262 -0.0408691 0.00915345 0.999123 67.6787
0.999111 0.00488111 0.0418676 0.854554 -0.00447745 0.999942 -0.00972961 -1.07956 -0.0419127 0.00953351 0.999076 69.1377
0.999007 0.00858928 0.04372 0.89431 -0.00822255 0.999929 -0.00856122 -1.12175 -0.0437904 0.00819323 0.999007 70.5651
0.998904 0.0113139 0.0454125 0.936355 -0.0110131 0.999916 -0.00686721 -1.16124 -0.0454864 0.00635955 0.998945 71.9925
0.99876 0.0150396 0.0474638 0.976438 -0.0147484 0.99987 -0.00647873 -1.20464 -0.047555 0.00577068 0.998852 73.4186
0.998628 0.0194186 0.0486166 1.02588 -0.0191126 0.999794 -0.00675196 -1.23681 -0.0487377 0.00581351 0.998795 74.8796
0.998489 0.0223277 0.0502141 1.07388 -0.021974 0.99973 -0.00758557 -1.27014 -0.0503699 0.0064707 0.99871 76.3289
0.998407 0.0242452 0.0509331 1.13747 -0.0238653 0.999682 -0.00805237 -1.30392 -0.0511122 0.00682401 0.99867 77.7856
0.998362 0.0249741 0.0514641 1.20078 -0.0245932 0.999665 -0.00802287 -1.33777 -0.0516472 0.00674407 0.998643 79.2355
0.99833 0.0247672 0.0521825 1.26461 -0.0243468 0.999666 -0.00867691 -1.37868 -0.05238 0.00739195 0.9986 80.6658
0.998312 0.0231627 0.0532513 1.32506 -0.0226864 0.999697 -0.00953163 -1.42371 -0.0534559 0.00830746 0.998536 82.0842
0.998319 0.0228433 0.0532636 1.39043 -0.0223503 0.999701 -0.00983393 -1.4602 -0.0534724 0.00862694 0.998532 83.4923
0.998312 0.0222966 0.0536197 1.45746 -0.0218036 0.999714 -0.00976152 -1.49582 -0.053822 0.00857594 0.998514 84.903
0.998321 0.0220897 0.0535427 1.52441 -0.0215752 0.999715 -0.0101693 -1.53202 -0.0537521 0.00899707 0.998514 86.3137
0.998316 0.0225666 0.053441 1.59114 -0.0220516 0.999704 -0.0102055 -1.56833 -0.0536555 0.00900986 0.998519 87.7244
0.998383 0.0213087 0.0527042 1.65667 -0.0208391 0.999738 -0.00944257 -1.60352 -0.0528916 0.00832899 0.998565 89.1354
0.998423 0.0198709 0.0524925 1.72194 -0.0194115 0.999768 -0.00924656 -1.63848 -0.0526641 0.00821303 0.998578 90.5465
0.998497 0.0174681 0.0519457 1.78647 -0.0170315 0.999816 -0.00883604 -1.6729 -0.0520905 0.00793805 0.998611 91.9576
0.998534 0.0146122 0.0521067 1.85134 -0.0141506 0.999857 -0.00921689 -1.70792 -0.052234 0.00846605 0.998599 93.3687
0.998548 0.0137797 0.0520678 1.91621 -0.0132704 0.99986 -0.0101133 -1.74442 -0.0521999 0.00940764 0.998592 94.7795
0.998557 0.0125024 0.0522136 1.98117 -0.011959 0.999871 -0.0107057 -1.78135 -0.0523407 0.0100658 0.998578 96.192
0.998523 0.0137055 0.0525682 2.04677 -0.0131149 0.999847 -0.0115645 -1.81962 -0.0527186 0.010858 0.99855 97.6042
0.99844 0.0129402 0.0543007 2.08787 -0.0123035 0.999851 -0.0120443 -1.86375 -0.0544485 0.0113575 0.998452 98.9484
0.998404 0.0142643 0.0546467 2.15744 -0.0135862 0.999826 -0.0127603 -1.90737 -0.0548192 0.0119975 0.998424 100.392
0.998302 0.0154786 0.0561465 2.22136 -0.0148112 0.999815 -0.0122825 -1.95387 -0.0563262 0.01143 0.998347 101.766
0.998251 0.0157807 0.0569632 2.28835 -0.0151955 0.999827 -0.0106903 -1.99764 -0.0571221 0.00980605 0.998319 103.141
0.99824 0.0160837 0.0570786 2.35732 -0.0155628 0.999833 -0.00955965 -2.03773 -0.0572228 0.00865453 0.998324 104.515
0.998247 0.014357 0.0574038 2.43357 -0.0137375 0.999843 -0.011172 -2.07272 -0.0575552 0.0103639 0.998288 105.867
0.998244 0.0140702 0.0575288 2.50816 -0.0133043 0.999818 -0.0136735 -2.1111 -0.0577107 0.0128841 0.99825 107.237
0.998242 0.0131729 0.0577753 2.57907 -0.0123284 0.999812 -0.0149495 -2.1524 -0.0579614 0.014211 0.998218 108.59
0.998233 0.0111344 0.0583577 2.65066 -0.0103224 0.999846 -0.014196 -2.19258 -0.0585068 0.0135686 0.998195 109.944
0.998196 0.00861356 0.059411 2.72448 -0.00788359 0.99989 -0.01251 -2.23267 -0.0595122 0.0120191 0.998155 111.309
0.998146 0.00723868 0.0604253 2.80217 -0.00652877 0.999907 -0.0119375 -2.27004 -0.0605061 0.0115209 0.998101 112.677
0.998053 0.00602267 0.0620672 2.87018 -0.00516938 0.99989 -0.013899 -2.30824 -0.0621441 0.0135511 0.997975 114.018
0.997944 0.00832837 0.0635387 2.939 -0.00730312 0.999839 -0.0163507 -2.35148 -0.0636647 0.0158531 0.997845 115.365
0.997783 0.0104018 0.0657244 3.00379 -0.00918935 0.999782 -0.0187229 -2.39526 -0.0659049 0.0180774 0.997662 116.714
0.99759 0.0133717 0.0680745 3.07169 -0.012101 0.999745 -0.0190445 -2.43944 -0.0683118 0.0181748 0.997498 118.063
0.997443 0.0149652 0.0698765 3.1578 -0.0137657 0.99975 -0.0176157 -2.48033 -0.0701226 0.0166087 0.9974 119.467
0.997311 0.01507 0.0717169 3.23377 -0.0139698 0.999777 -0.0158166 -2.52288 -0.0719392 0.0147722 0.997299 120.805
0.997247 0.0142017 0.0727725 3.32748 -0.0131027 0.999793 -0.0155574 -2.56585 -0.0729783 0.0145611 0.997227 122.177
0.997139 0.0144151 0.0741977 3.42286 -0.0132451 0.99978 -0.0162364 -2.60887 -0.0744155 0.0152072 0.997111 123.542
0.996975 0.0160361 0.0760478 3.51308 -0.0148046 0.99975 -0.0167297 -2.65363 -0.0762971 0.0155532 0.996964 124.895
0.996777 0.0177743 0.0782235 3.60105 -0.0165002 0.999721 -0.0169039 -2.6989 -0.0785021 0.0155587 0.996792 126.257
0.996605 0.0183103 0.0802606 3.69182 -0.0169181 0.999695 -0.0179915 -2.74571 -0.0805655 0.0165726 0.996611 127.619
0.996442 0.019614 0.0819571 3.78487 -0.018151 0.999663 -0.0185584 -2.79315 -0.0822934 0.0170048 0.996463 128.981
0.996312 0.0191103 0.0836454 3.88054 -0.0176034 0.99967 -0.0187158 -2.84061 -0.0839754 0.0171743 0.996319 130.343
0.996166 0.0188832 0.0854194 3.98007 -0.0174151 0.999688 -0.0178992 -2.88898 -0.0857308 0.016343 0.996184 131.698
0.996022 0.0172991 0.0874087 4.08236 -0.0158691 0.999729 -0.0170284 -2.93627 -0.0876796 0.0155736 0.996027 133.053
0.995932 0.0161236 0.0886499 4.18635 -0.0147002 0.999752 -0.016686 -2.98319 -0.088897 0.015315 0.995923 134.408
0.995865 0.013884 0.0897763 4.29177 -0.0124323 0.999783 -0.0167091 -3.0301 -0.0899889 0.0155239 0.995821 135.763
0.995811 0.012052 0.0906287 4.39835 -0.0106351 0.999813 -0.0161008 -3.07628 -0.0908058 0.0150696 0.995754 137.118
0.995768 0.0108736 0.0912513 4.49435 -0.00937214 0.999813 -0.0168662 -3.11327 -0.0914177 0.0159396 0.995685 138.527
0.995797 0.00976543 0.0910668 4.60407 -0.0082498 0.999821 -0.0170046 -3.16287 -0.0912166 0.0161818 0.995699 139.885
0.995838 0.00841427 0.0907497 4.71176 -0.00695755 0.999842 -0.0163564 -3.20377 -0.090873 0.0156569 0.995739 141.277
0.995778 0.00733525 0.0914999 4.80338 -0.00585883 0.999848 -0.0163938 -3.24865 -0.0916063 0.0157885 0.99567 142.631
0.995755 0.00707595 0.0917648 4.90177 -0.00557441 0.999846 -0.0166088 -3.294 -0.0918683 0.0160268 0.995642 144.001
0.995798 0.00637879 0.0913536 5.01286 -0.00482245 0.999839 -0.0172469 -3.33941 -0.091449 0.0167339 0.995669 145.391
0.995816 0.00603329 0.0911805 5.12367 -0.00444176 0.999834 -0.0176474 -3.38534 -0.0912719 0.0171685 0.995678 146.781
0.995849 0.00368991 0.0909377 5.23461 -0.00187444 0.999797 -0.0200411 -3.43397 -0.0909932 0.0197874 0.995654 148.174
0.995863 -0.0012187 0.0908589 5.34603 0.00308939 0.999786 -0.0204509 -3.48203 -0.0908146 0.020647 0.995653 149.565
0.995838 -0.00929315 0.0906599 5.46589 0.0109741 0.999776 -0.0180599 -3.5366 -0.0904718 0.0189796 0.995718 150.916
0.995684 -0.0150727 0.0915693 5.56018 0.0167506 0.999705 -0.0175818 -3.5709 -0.0912774 0.0190398 0.995643 152.286
0.995606 -0.0174567 0.0919896 5.67203 0.0195299 0.999574 -0.0216857 -3.61124 -0.0915719 0.023387 0.995523 153.669
0.995445 -0.015502 0.0940605 5.77128 0.0179124 0.999531 -0.0248358 -3.66642 -0.0936314 0.0264075 0.995256 155.016
0.995361 -0.0124939 0.09539 5.88913 0.015081 0.999536 -0.0264481 -3.7284 -0.0950154 0.027764 0.995088 156.384
0.995214 -0.0131223 0.0968257 6.01706 0.0157189 0.999535 -0.0261036 -3.7891 -0.0964383 0.0275006 0.994958 157.766
0.994846 -0.0161025 0.100104 6.0991 0.0184792 0.999568 -0.0228611 -3.84115 -0.0996927 0.0245931 0.994714 159.094
0.994595 -0.0199779 0.101888 6.23063 0.0221996 0.999539 -0.0207184 -3.88813 -0.101427 0.0228683 0.994579 160.501
0.994465 -0.0232272 0.102461 6.38393 0.0254344 0.99947 -0.0202877 -3.92798 -0.101936 0.0227814 0.994529 161.877
0.994384 -0.0233126 0.103228 6.49599 0.0256168 0.99945 -0.0210514 -3.97446 -0.102681 0.0235776 0.994434 163.212
0.99411 -0.0218597 0.106142 6.60861 0.0242194 0.999486 -0.0209941 -4.01787 -0.105629 0.0234412 0.994129 164.573
0.993942 -0.0156865 0.108778 6.73059 0.018189 0.999591 -0.0220517 -4.06505 -0.108388 0.0238967 0.993821 165.932
0.993707 -0.0101016 0.111553 6.84171 0.013073 0.999578 -0.0259374 -4.09215 -0.111244 0.0272325 0.993419 167.239
0.993446 -0.00633353 0.11412 6.96873 0.00954527 0.999573 -0.0276188 -4.13433 -0.113897 0.0285271 0.993082 168.629
0.993208 -0.00353665 0.116294 7.09663 0.00683247 0.999586 -0.0279538 -4.1787 -0.116147 0.0285585 0.992821 170.001
0.993148 -0.000828604 0.116858 7.23931 0.00425265 0.999568 -0.0290545 -4.23134 -0.116784 0.0293524 0.992723 171.389
0.992992 0.00171247 0.118168 7.36553 0.00206508 0.999491 -0.0318377 -4.28993 -0.118162 0.0318586 0.992483 172.755
0.992828 0.00543652 0.119426 7.50184 -0.00129276 0.999395 -0.0347472 -4.35288 -0.119543 0.0343436 0.992234 174.128
0.992663 0.0110353 0.120402 7.63939 -0.00670034 0.999316 -0.0363497 -4.41783 -0.120721 0.0352763 0.992059 175.501
0.992342 0.015785 0.122506 7.76505 -0.0114882 0.999296 -0.0357019 -4.47977 -0.122983 0.0340212 0.991825 176.853
0.99199 0.0183792 0.124966 7.90161 -0.0142059 0.999314 -0.0342047 -4.53948 -0.125509 0.0321555 0.991571 178.238
0.991632 0.0200569 0.127528 8.03104 -0.0160395 0.999344 -0.0324514 -4.59907 -0.128095 0.0301344 0.991304 179.593
0.991578 0.0171633 0.128364 8.18941 -0.0131374 0.999397 -0.0321442 -4.65872 -0.128838 0.0301871 0.991206 180.993
0.991668 0.0148319 0.127962 8.35567 -0.0107798 0.99942 -0.0323013 -4.72139 -0.128367 0.0306527 0.991252 182.401
0.991775 0.0157113 0.127019 8.5211 -0.0111475 0.999269 -0.0365615 -4.79185 -0.127501 0.0348449 0.991226 183.805
0.991826 0.0178437 0.126342 8.68318 -0.012797 0.999091 -0.0406449 -4.86717 -0.126952 0.0386959 0.991153 185.206
0.991667 0.0220869 0.126918 8.83803 -0.0169564 0.999 -0.0413628 -4.94445 -0.127705 0.038866 0.99105 186.619
0.991515 0.0246212 0.127635 8.99483 -0.0196287 0.998997 -0.0402267 -5.02553 -0.128498 0.0373801 0.991004 188.024
0.991312 0.0258651 0.128963 9.15385 -0.0212755 0.999094 -0.0368403 -5.1017 -0.129799 0.0337765 0.990964 189.428
0.991113 0.026055 0.130439 9.31491 -0.0216569 0.999151 -0.0350238 -5.17549 -0.131241 0.0318877 0.990837 190.831
0.990963 0.0252877 0.131725 9.47788 -0.020981 0.999202 -0.0339806 -5.25044 -0.132479 0.0309098 0.990703 192.23
0.990883 0.0231398 0.132721 9.64431 -0.0189254 0.999278 -0.0329275 -5.32631 -0.133388 0.0301155 0.990606 193.643
0.990826 0.020301 0.133605 9.82724 -0.0161155 0.999347 -0.0323342 -5.40243 -0.134175 0.0298845 0.990506 195.094
0.990755 0.017676 0.134505 10.01 -0.0134685 0.999393 -0.0321274 -5.47752 -0.134991 0.0300188 0.990391 196.539
0.990643 0.0145405 0.135702 10.1947 -0.0104621 0.999473 -0.030719 -5.55049 -0.136078 0.0290119 0.990273 197.984
0.990485 0.0100175 0.137256 10.3668 -0.00604322 0.999551 -0.0293409 -5.61757 -0.137489 0.0282323 0.9901 199.407
0.990376 0.00805827 0.138168 10.56 -0.00395696 0.999544 -0.0299324 -5.679 -0.138347 0.0290975 0.989956 200.855
0.990261 0.0111629 0.138776 10.7546 -0.00644642 0.999387 -0.0343893 -5.74941 -0.139075 0.0331598 0.989726 202.306
0.990093 0.0200579 0.138974 10.9352 -0.0147731 0.999131 -0.0389549 -5.83067 -0.139635 0.0365158 0.989529 203.74
0.989608 0.0292906 0.140775 11.1099 -0.0239898 0.998943 -0.0392056 -5.90633 -0.141774 0.035421 0.989264 205.185
0.989125 0.0364453 0.142489 11.2912 -0.0316601 0.99886 -0.0357078 -5.97765 -0.143628 0.0308082 0.989151 206.639
0.988789 0.0370216 0.144655 11.4679 -0.0324474 0.9989 -0.0338544 -6.04606 -0.145749 0.0287812 0.988902 208.077
0.988946 0.0348439 0.144119 11.6835 -0.030348 0.998985 -0.0332779 -6.11718 -0.145132 0.0285364 0.989 209.556
0.988946 0.0321916 0.14474 11.8494 -0.0275703 0.999047 -0.0338225 -6.18735 -0.145691 0.0294581 0.988891 210.988
0.988971 0.0306526 0.144901 12.0479 -0.0259288 0.999072 -0.0343777 -6.25773 -0.14582 0.0302414 0.988848 212.464
0.988646 0.0314937 0.146924 12.2027 -0.0266414 0.999036 -0.0348787 -6.33589 -0.147881 0.0305684 0.988532 213.919
0.988063 0.0324774 0.150586 12.345 -0.0275686 0.999022 -0.0345726 -6.41512 -0.151562 0.0300085 0.987991 215.356
0.987649 0.0331597 0.153131 12.5195 -0.0282858 0.999025 -0.0338983 -6.48727 -0.154106 0.0291482 0.987624 216.824
0.987291 0.0333756 0.155378 12.7118 -0.0283193 0.998998 -0.0346428 -6.55774 -0.156378 0.0298024 0.987247 218.285
0.987107 0.0327313 0.156677 12.9215 -0.027439 0.998981 -0.0358237 -6.62519 -0.15769 0.0310627 0.986999 219.758
0.987147 0.0306346 0.156847 13.134 -0.0252112 0.999017 -0.0364515 -6.70104 -0.15781 0.0320286 0.986949 221.215
0.987074 0.0310534 0.157229 13.3592 -0.0255799 0.998998 -0.0367173 -6.77591 -0.158211 0.0322207 0.986879 222.716
0.987065 0.0314594 0.1572 13.5842 -0.0259823 0.998985 -0.0367764 -6.85086 -0.158197 0.0322163 0.986881 224.217
0.987003 0.0311365 0.157653 13.8006 -0.0255984 0.998986 -0.0370382 -6.93352 -0.158647 0.0325211 0.986799 225.704
0.986971 0.0326829 0.157543 14.0321 -0.0270149 0.998913 -0.0379861 -7.00334 -0.158613 0.0332352 0.986781 227.218
0.986947 0.0328634 0.157655 14.2645 -0.0270911 0.998886 -0.0386243 -7.07576 -0.158748 0.0338491 0.986738 228.73
0.986946 0.0335642 0.157512 14.4951 -0.0277159 0.998847 -0.0391807 -7.14638 -0.158646 0.0343036 0.986739 230.238
0.986927 0.0336508 0.157613 14.7215 -0.0276857 0.99882 -0.0398907 -7.21904 -0.15877 0.0350056 0.986694 231.741
0.986847 0.0330174 0.158247 14.9489 -0.0268954 0.99881 -0.0406736 -7.29284 -0.159402 0.0358825 0.986561 233.244
0.986845 0.0322601 0.158416 15.1862 -0.0260584 0.998816 -0.0410709 -7.36933 -0.159553 0.0364025 0.986517 234.764
0.98678 0.0319935 0.158874 15.4289 -0.0257378 0.998816 -0.0412783 -7.44528 -0.160007 0.0366435 0.986435 236.299
0.986733 0.0327874 0.159005 15.6645 -0.0264874 0.998784 -0.0415805 -7.52351 -0.160175 0.0368172 0.986401 237.82
0.986593 0.0339518 0.159627 15.9012 -0.0274612 0.99871 -0.0426935 -7.60356 -0.16087 0.0377376 0.986253 239.34
0.986062 0.0355288 0.16254 16.0829 -0.0286196 0.998592 -0.0446537 -7.67183 -0.163898 0.0393795 0.98569 240.81
0.985689 0.0370701 0.164446 16.3062 -0.0300758 0.998542 -0.0448206 -7.75094 -0.165868 0.0392333 0.985366 242.301
0.985278 0.0371169 0.16688 16.5332 -0.0302647 0.998598 -0.0434188 -7.82781 -0.168258 0.0377289 0.98502 243.792
0.984804 0.0377913 0.169505 16.7646 -0.0306758 0.998542 -0.0444028 -7.90621 -0.170936 0.0385283 0.984528 245.282
0.9844 0.0389795 0.171573 16.9992 -0.0313826 0.998412 -0.0467704 -7.98839 -0.173124 0.0406563 0.98406 246.771
0.983929 0.0396448 0.174102 17.2378 -0.031556 0.9983 -0.0489863 -8.07394 -0.175748 0.042705 0.983508 248.26
0.983634 0.0407475 0.175508 17.4767 -0.0325985 0.998263 -0.0490669 -8.16879 -0.177203 0.0425425 0.983253 249.79
0.983481 0.0405461 0.17641 17.732 -0.0324903 0.998303 -0.0483173 -8.26805 -0.17807 0.0417875 0.983129 251.315
0.983337 0.0408525 0.177139 17.9885 -0.0328156 0.998305 -0.048066 -8.36691 -0.178802 0.0414521 0.98301 252.839
0.983174 0.0412461 0.17795 18.2478 -0.0331634 0.998289 -0.0481599 -8.46789 -0.179632 0.0414482 0.982859 254.343
0.983065 0.0426662 0.178218 18.5159 -0.03458 0.998237 -0.0482362 -8.56536 -0.179962 0.0412565 0.982807 255.903
0.982916 0.0437403 0.178782 18.7792 -0.0355525 0.998178 -0.0487492 -8.66173 -0.180589 0.0415602 0.982679 257.448
0.982832 0.0440401 0.179167 19.0433 -0.0358346 0.998166 -0.0487812 -8.75813 -0.180987 0.0415234 0.982608 258.993
0.982722 0.0431198 0.179991 19.3101 -0.0348269 0.998192 -0.0489836 -8.85358 -0.181778 0.0418688 0.982447 260.53
0.982653 0.0415671 0.180735 19.5836 -0.0332433 0.998253 -0.0488438 -8.94808 -0.18245 0.0419882 0.982317 262.076
0.982528 0.039758 0.181815 19.865 -0.0313379 0.998309 -0.0489529 -9.04367 -0.183454 0.0423999 0.982112 263.623
0.982346 0.0389076 0.182981 20.1344 -0.0301767 0.99828 -0.0502602 -9.14189 -0.184622 0.0438512 0.98183 265.115
0.982371 0.0384836 0.182934 20.4159 -0.0295767 0.998251 -0.0511712 -9.25444 -0.184583 0.0448585 0.981792 266.675
0.981747 0.0351348 0.186917 20.6275 -0.0263326 0.998433 -0.0493683 -9.36099 -0.188359 0.0435451 0.981133 268.191
0.980999 0.0329654 0.19119 20.8417 -0.0242459 0.998564 -0.0477683 -9.46236 -0.192491 0.042225 0.980389 269.664
0.980715 0.030259 0.193083 21.1074 -0.0214022 0.998628 -0.0477931 -9.55634 -0.194265 0.042739 0.980017 271.169
0.980476 0.0291704 0.194461 21.3846 -0.0200635 0.998615 -0.0486379 -9.65411 -0.195611 0.0437867 0.979703 272.685
0.980011 0.0283719 0.196908 21.6361 -0.0189765 0.998596 -0.049439 -9.75155 -0.198034 0.0447141 0.979174 274.151
0.979965 0.0297904 0.196926 21.9614 -0.0204539 0.998575 -0.0492765 -9.85493 -0.198114 0.0442613 0.979178 275.718
0.979872 0.0317503 0.197084 22.2693 -0.0223088 0.998502 -0.0499434 -9.95819 -0.198375 0.0445414 0.979113 277.254
0.979744 0.0317906 0.197713 22.5811 -0.022356 0.99851 -0.0497694 -10.069 -0.199001 0.0443411 0.978995 278.794
0.979383 0.0317898 0.199494 22.8741 -0.0223106 0.99852 -0.049586 -10.1783 -0.200775 0.0441128 0.978643 280.325
0.979006 0.0314364 0.201388 23.1676 -0.0217627 0.998508 -0.0500709 -10.2843 -0.202662 0.044637 0.97823 281.865
0.978755 0.030264 0.202786 23.4733 -0.0203638 0.998504 -0.0507308 -10.3813 -0.204018 0.0455235 0.977907 283.429
0.978323 0.0291956 0.205015 23.7733 -0.018989 0.998488 -0.0515772 -10.4792 -0.206211 0.0465661 0.977398 284.978
0.978164 0.0274938 0.206005 24.0885 -0.0174073 0.998566 -0.050616 -10.5833 -0.207102 0.0459248 0.97724 286.563
0.978122 0.0263521 0.206354 24.4081 -0.0162166 0.998584 -0.0506552 -10.6859 -0.207397 0.0462005 0.977164 288.13
0.978053 0.0242486 0.206938 24.7179 -0.013672 0.998533 -0.0523884 -10.7999 -0.207905 0.0484094 0.976949 289.648
0.978136 0.0231306 0.206675 25.0433 -0.0120828 0.998437 -0.0545581 -10.9048 -0.207614 0.050868 0.976886 291.221
0.978207 0.0228901 0.206365 25.357 -0.0118901 0.998449 -0.054387 -11.0203 -0.20729 0.050748 0.976961 292.766
0.978362 0.0212252 0.205805 25.6835 -0.0101825 0.998458 -0.0545679 -11.1277 -0.206646 0.0512916 0.977069 294.33
0.978416 0.021016 0.205572 25.9941 -0.00989852 0.998439 -0.0549603 -11.2434 -0.206407 0.0517391 0.977096 295.867
0.978309 0.0209994 0.206082 26.3031 -0.00985203 0.998439 -0.0549699 -11.3586 -0.206914 0.0517472 0.976989 297.407
0.978325 0.0210874 0.205995 26.6301 -0.0100458 0.998463 -0.054501 -11.4768 -0.206828 0.0512503 0.977033 299.009
0.978512 0.0204587 0.205168 26.9506 -0.00951171 0.998484 -0.0542011 -11.5961 -0.205966 0.0510849 0.977224 300.605
0.978695 0.0195971 0.204379 27.2862 -0.00893432 0.998556 -0.0529646 -11.7071 -0.205122 0.0500103 0.977457 302.224
0.97878 0.0210187 0.203833 27.61 -0.0106556 0.9986 -0.0518057 -11.8172 -0.204637 0.0485343 0.977633 303.807
0.978817 0.0215266 0.203598 27.974 -0.0110988 0.998573 -0.0522213 -11.9285 -0.204432 0.0488555 0.97766 305.482
0.978631 0.0216972 0.204472 28.3051 -0.0111386 0.99855 -0.0526485 -12.0353 -0.205319 0.0492459 0.977454 307.066
0.978591 0.020612 0.20478 28.6212 -0.00995218 0.998547 -0.0529491 -12.1408 -0.205574 0.0497775 0.977374 308.62
0.978617 0.0190774 0.204804 28.9541 -0.00811208 0.998494 -0.054247 -12.2486 -0.205531 0.0514256 0.977297 310.221
0.978667 0.0184012 0.204624 29.2922 -0.00702951 0.998396 -0.0561622 -12.367 -0.20533 0.0535257 0.977227 311.815
0.978842 0.0181543 0.203808 29.6311 -0.00664032 0.998349 -0.0570365 -12.4833 -0.204507 0.0544764 0.977347 313.426
0.979336 0.0193191 0.201312 29.9657 -0.00770841 0.998269 -0.0583001 -12.6017 -0.20209 0.0555436 0.97779 315.038
0.979929 0.0203372 0.198304 30.3068 -0.00903639 0.998291 -0.0577267 -12.7208 -0.199139 0.0547761 0.978438 316.67
0.980067 0.0211437 0.197534 30.6331 -0.0104678 0.998434 -0.0549342 -12.837 -0.198387 0.0517715 0.978754 318.295
0.98004 0.0189371 0.197894 30.9672 -0.00877283 0.998602 -0.0521131 -12.9529 -0.198604 0.0493368 0.978836 319.955
0.979744 0.0181869 0.199423 31.2582 -0.00811571 0.998655 -0.0512032 -13.0668 -0.200086 0.0485476 0.978574 321.538
0.979576 0.0173339 0.200324 31.5687 -0.00699535 0.998611 -0.0522021 -13.1836 -0.200951 0.0497346 0.978337 323.159
0.979238 0.0147506 0.202173 31.876 -0.00423766 0.99862 -0.0523342 -13.2989 -0.202666 0.0503909 0.977949 324.792
0.978986 0.0148059 0.203384 32.1842 -0.00430891 0.998639 -0.0519578 -13.4149 -0.203877 0.0499896 0.977718 326.418
0.978927 0.0148386 0.203667 32.5369 -0.00418727 0.998605 -0.0526293 -13.5177 -0.204164 0.0506675 0.977623 328.094
0.978937 0.017653 0.203395 32.882 -0.00681435 0.998524 -0.053866 -13.632 -0.204046 0.0513454 0.977613 329.73
0.978802 0.0179114 0.204022 33.2107 -0.00694563 0.998498 -0.0543375 -13.7486 -0.204689 0.0517686 0.977456 331.339
0.978757 0.0163629 0.204368 33.5524 -0.00564488 0.998582 -0.0529177 -13.8688 -0.204944 0.0506399 0.977462 332.974
0.978635 0.0152316 0.205037 33.8695 -0.00444553 0.998586 -0.0529636 -13.9752 -0.205554 0.0509205 0.977319 334.571
0.978625 0.0136928 0.205195 34.2026 -0.00251441 0.998502 -0.0546389 -14.0849 -0.205637 0.052955 0.977193 336.188
0.978487 0.014548 0.205793 34.5224 -0.00326513 0.998477 -0.0550598 -14.1954 -0.206281 0.0532034 0.977044 337.785
0.978515 0.0166348 0.205501 34.8535 -0.00511029 0.99839 -0.0564839 -14.3261 -0.20611 0.0542202 0.977024 339.397
0.978617 0.0186194 0.204846 35.1933 -0.00662315 0.99823 -0.0590928 -14.4537 -0.205584 0.0564725 0.977008 341.031
0.978863 0.0196016 0.203572 35.5518 -0.00777735 0.998243 -0.0587223 -14.579 -0.204366 0.0558978 0.977296 342.707
0.979135 0.018459 0.20237 35.8663 -0.00733953 0.998428 -0.0555593 -14.7021 -0.203078 0.0529147 0.97773 344.291
0.979215 0.0187194 0.201955 36.18 -0.00818885 0.998568 -0.0528531 -14.821 -0.202656 0.0501008 0.977966 345.873
0.9796 0.0187632 0.200077 36.5215 -0.00817257 0.998527 -0.053628 -14.9405 -0.200789 0.0508988 0.97831 347.494
0.979503 0.0157681 0.200807 36.8219 -0.00492762 0.998508 -0.0543704 -15.057 -0.201365 0.0522664 0.97812 349.079
0.979699 0.0139071 0.199987 37.1248 -0.00324626 0.99856 -0.0535371 -15.1701 -0.200444 0.051801 0.978333 350.669
0.979746 0.0130741 0.199817 37.4409 -0.00242768 0.998568 -0.0534332 -15.2846 -0.200229 0.0518658 0.978374 352.271
0.979725 0.0130445 0.19992 37.757 -0.00224959 0.998531 -0.0541286 -15.4003 -0.200333 0.0525814 0.978315 353.872
0.979702 0.0136972 0.199989 38.0733 -0.00269647 0.998472 -0.0551757 -15.518 -0.200439 0.0535165 0.978242 355.474
0.979645 0.0130752 0.20031 38.3884 -0.00200863 0.998464 -0.0553511 -15.6366 -0.200726 0.0538221 0.978166 357.066
0.979562 0.0129516 0.20072 38.7042 -0.00180015 0.998448 -0.0556404 -15.7558 -0.20113 0.0541419 0.978066 358.659
0.979551 0.0120982 0.200828 39.0299 -0.000810193 0.998419 -0.0561944 -15.8751 -0.201191 0.0548826 0.978012 360.256
0.979607 0.0118805 0.200567 39.3657 -0.000481762 0.998385 -0.0567857 -16 -0.200918 0.0555311 0.978031 361.888
0.979637 0.0108811 0.200477 39.6952 0.000480745 0.9984 -0.0565384 -16.1209 -0.200771 0.0554835 0.978064 363.476
0.979675 0.0109941 0.200288 40.0223 0.000481989 0.998364 -0.0571593 -16.2446 -0.20059 0.0560941 0.978067 365.067
0.979619 0.00916408 0.200654 40.3324 0.00260745 0.998294 -0.058323 -16.3677 -0.200846 0.0576575 0.977923 366.631
0.979603 0.00714367 0.200815 40.6578 0.00433273 0.998384 -0.0566516 -16.4849 -0.200895 0.0563662 0.977988 368.229
0.979751 0.00604331 0.200125 41.0056 0.00542755 0.998375 -0.0567202 -16.5849 -0.200143 0.0566579 0.978126 369.848
0.979731 0.00606329 0.200222 41.3276 0.00569603 0.998294 -0.0581032 -16.7035 -0.200233 0.058066 0.978025 371.449
0.979264 0.00830041 0.202414 41.6139 0.00379775 0.998232 -0.0593079 -16.8155 -0.202549 0.0588468 0.977501 373.009
0.979034 0.00965015 0.203466 41.9224 0.00242045 0.998255 -0.0589928 -16.9261 -0.20368 0.0582484 0.977302 374.601
0.978386 0.0109827 0.206494 42.1857 0.00123288 0.99826 -0.0589356 -17.0319 -0.206783 0.0579164 0.97667 376.189
0.977865 0.0120374 0.208888 42.4785 0.000444192 0.998221 -0.0596029 -17.1493 -0.209235 0.0583764 0.97612 377.762
0.977492 0.0120856 0.210625 42.7691 0.000792098 0.99814 -0.0609489 -17.2674 -0.21097 0.0597439 0.975664 379.302
0.977095 0.012613 0.212427 43.0818 0.000457722 0.998114 -0.061369 -17.3896 -0.212801 0.0600606 0.975246 380.868
0.976765 0.0134627 0.21389 43.4083 -0.000178425 0.998075 -0.062006 -17.5074 -0.214313 0.0605271 0.974887 382.461
0.976525 0.0151932 0.214864 43.7443 -0.00182014 0.998055 -0.062301 -17.631 -0.215393 0.0604474 0.974654 384.061
0.976056 0.0167178 0.216875 44.0749 -0.0032446 0.998049 -0.0623322 -17.7568 -0.217495 0.060136 0.974206 385.651
0.975704 0.0164057 0.218477 44.4186 -0.00269573 0.998015 -0.0629033 -17.8882 -0.219075 0.060786 0.973811 387.256
0.97549 0.0176461 0.219333 44.7728 -0.00371661 0.997957 -0.0637595 -18.0164 -0.220011 0.0613816 0.973563 388.873
0.975249 0.0189255 0.220296 45.1289 -0.00489386 0.997933 -0.0640667 -18.1456 -0.221053 0.0614029 0.973325 390.489
0.975164 0.0204716 0.220533 45.4853 -0.00661861 0.997967 -0.0633726 -18.2734 -0.221383 0.0603391 0.973317 392.105
0.97511 0.0221755 0.220606 45.8381 -0.00833869 0.997949 -0.0634567 -18.4003 -0.221561 0.0600377 0.973295 393.713
0.975081 0.021872 0.220766 46.1921 -0.00785356 0.997907 -0.064178 -18.5291 -0.221708 0.0608449 0.973212 395.322
0.975164 0.0216712 0.22042 46.5616 -0.00766603 0.997907 -0.0641963 -18.6619 -0.22135 0.0609122 0.973289 396.937
