1 0 0 0 0 1 0 0 0 0 1 0
0.999999 -9.20825e-05 -0.00137254 0.0201646 8.9297e-05 0.999998 -0.00202939 0.0317835 0.00137272 0.00202926 0.999997 0.539986
0.999998 0.000264631 -0.00175343 0.0112143 -0.000272157 0.999991 -0.00429339 0.0290562 0.00175228 0.00429386 0.999989 1.08074
0.999994 -0.00030976 -0.00335705 0.00377367 0.000289514 0.999982 -0.00602982 0.0226242 0.00335885 0.00602881 0.999976 1.64189
0.999987 -0.00189173 -0.00480029 -0.00455042 0.00185328 0.999966 -0.00800135 0.0151002 0.00481527 0.00799234 0.999956 2.20327
0.999976 -0.00401809 -0.00562622 -0.0132629 0.0039593 0.999938 -0.0104203 0.00614521 0.00566774 0.0103978 0.99993 2.7646
0.999966 -0.00524754 -0.0064338 -0.0227267 0.00517569 0.999925 -0.0111342 -0.00300662 0.00649174 0.0111005 0.999917 3.3266
0.999961 -0.00523882 -0.00713905 -0.0324891 0.005162 0.999929 -0.0107369 -0.0118854 0.00719479 0.0106997 0.999917 3.88882
0.999953 -0.00609332 -0.00757287 -0.0424287 0.00600795 0.999919 -0.0112454 -0.0212164 0.00764078 0.0111994 0.999908 4.4513
0.99996 -0.00487345 -0.00745622 -0.0525165 0.00476313 0.99988 -0.0147423 -0.032739 0.00752717 0.0147062 0.999864 5.01476
0.999955 -0.00336417 -0.00891964 -0.068707 0.00319326 0.999813 -0.0191054 -0.0413932 0.00898224 0.0190761 0.999778 5.64254
0.99995 -0.00159696 -0.00988629 -0.0940912 0.0013658 0.999727 -0.0233448 -0.0545507 0.00992087 0.0233301 0.999679 6.28646
0.999945 0.000702028 -0.0104812 -0.122959 -0.00095107 0.999717 -0.0237746 -0.0682379 0.0104616 0.0237833 0.999662 6.93671
0.999936 0.00294257 -0.0109035 -0.161114 -0.00313093 0.999846 -0.0172984 -0.0788203 0.0108509 0.0173314 0.999791 7.61038
0.999937 0.00351081 -0.0107132 -0.178135 -0.0035933 0.999964 -0.00769033 -0.0796223 0.0106858 0.00772834 0.999913 8.25088
0.999939 0.00383683 -0.0103922 -0.189604 -0.00385664 0.999991 -0.00188676 -0.0782937 0.0103849 0.00192673 0.999944 8.88912
0.999923 0.00602972 -0.0108641 -0.220161 -0.0060704 0.999975 -0.0037161 -0.0847542 0.0108414 0.00378177 0.999934 9.58401
0.999906 0.00823532 -0.0110093 -0.239568 -0.00835703 0.999904 -0.0110556 -0.094732 0.0109172 0.0111465 0.999878 10.2667
0.999908 0.00827771 -0.010801 -0.258687 -0.00845974 0.999821 -0.0169171 -0.108626 0.010659 0.0170069 0.999799 10.9493
0.999927 0.00593012 -0.0105392 -0.289241 -0.00608825 0.999869 -0.0150358 -0.122665 0.0104486 0.0150988 0.999831 11.6912
0.999939 0.00510854 -0.0098307 -0.2989 -0.00517049 0.999967 -0.00628593 -0.131789 0.00979826 0.00633638 0.999932 12.4252
0.999944 0.00434907 -0.00969987 -0.312515 -0.00434001 0.99999 0.000955511 -0.138251 0.00970393 -0.000913351 0.999952 13.205
0.999951 0.00299138 -0.00944122 -0.327699 -0.00296239 0.999991 0.0030834 -0.145044 0.00945036 -0.00305528 0.999951 13.9945
0.999963 0.00113806 -0.00857226 -0.341886 -0.00112117 0.999997 0.00197554 -0.152982 0.00857449 -0.00196585 0.999961 14.7841
0.99997 0.000666002 -0.00769208 -0.343396 -0.000669051 1 -0.000393855 -0.16124 0.00769182 0.000398998 0.99997 15.594
0.999968 0.00258 -0.00753642 -0.347343 -0.00260723 0.99999 -0.00360544 -0.170141 0.00752705 0.00362499 0.999965 16.4338
0.99998 -0.000660734 -0.00625174 -0.357559 0.000603035 0.999957 -0.00922674 -0.183732 0.00625757 0.0092228 0.999938 17.2852
0.999978 -0.00353823 -0.0056951 -0.356575 0.00345008 0.999875 -0.0154138 -0.205571 0.00574893 0.0153939 0.999865 18.1869
0.999982 -0.00218721 -0.00557256 -0.353274 0.00207404 0.999793 -0.0202354 -0.233627 0.00561567 0.0202235 0.99978 19.115
0.99998 -0.000592263 -0.00639666 -0.350805 0.000459195 0.999784 -0.0207842 -0.261875 0.0064076 0.0207808 0.999763 20.0431
0.999975 -0.000266139 -0.00712707 -0.348695 0.000119869 0.99979 -0.0205157 -0.292376 0.00713103 0.0205144 0.999764 20.9646
0.999971 0.00138084 -0.00756423 -0.348717 -0.00154524 0.999762 -0.0217713 -0.327426 0.00753237 0.0217823 0.999734 21.9016
0.999956 0.00480098 -0.00805112 -0.349408 -0.00498892 0.999712 -0.023488 -0.365111 0.00793604 0.0235272 0.999692 22.8536
0.999914 0.00890914 -0.00959544 -0.349586 -0.00913624 0.999673 -0.0238899 -0.403141 0.00937947 0.0239755 0.999668 23.8236
0.999908 0.0100816 -0.0090967 -0.368618 -0.0102958 0.999664 -0.0238108 -0.43932 0.00885359 0.0239023 0.999675 24.7887
0.999888 0.0109893 -0.010203 -0.373487 -0.0112297 0.999654 -0.023806 -0.476776 0.00993782 0.0239179 0.999664 25.7471
0.999888 0.0108098 -0.0103801 -0.384312 -0.0110533 0.999658 -0.023694 -0.51265 0.0101204 0.0238061 0.999665 26.7388
0.999868 0.0117562 -0.0112466 -0.395198 -0.0120083 0.999672 -0.0226161 -0.551428 0.0109771 0.0227482 0.999681 27.7467
0.999858 0.0119981 -0.0118006 -0.405062 -0.0122388 0.999714 -0.0205374 -0.588209 0.0115508 0.0206789 0.999719 28.7483
0.999834 0.0123785 -0.0133605 -0.403852 -0.0126348 0.999735 -0.0192715 -0.624548 0.0131184 0.0194371 0.999725 29.7688
0.99983 0.0117758 -0.0141904 -0.411806 -0.0120605 0.999724 -0.0201498 -0.663744 0.0139492 0.0203175 0.999696 30.7873
0.999789 0.0128354 -0.0160267 -0.414225 -0.0131689 0.999695 -0.0208763 -0.700998 0.0157539 0.0210829 0.999654 31.8361
0.999777 0.0120502 -0.017362 -0.426176 -0.012394 0.999727 -0.0198346 -0.737622 0.0171182 0.0200453 0.999652 32.8807
0.999807 0.0102039 -0.0167846 -0.462135 -0.0104921 0.999798 -0.0171711 -0.77221 0.016606 0.0173439 0.999712 33.9105
0.999797 0.0104484 -0.0172236 -0.489742 -0.0106863 0.999848 -0.0137746 -0.803571 0.0170771 0.0139558 0.999757 34.9643
0.999823 0.00964633 -0.0161455 -0.538474 -0.0098275 0.999889 -0.0111795 -0.839446 0.0160358 0.0113362 0.999807 36.0271
0.999853 0.00992537 -0.0139682 -0.603071 -0.010071 0.999895 -0.0103912 -0.872461 0.0138636 0.0105304 0.999848 37.0799
0.999827 0.00909991 -0.0162199 -0.597984 -0.00927604 0.999898 -0.0108166 -0.913688 0.0161198 0.0109652 0.99981 38.143
0.999822 0.0100842 -0.0159357 -0.630711 -0.0102709 0.999879 -0.0116739 -0.937165 0.0158161 0.0118355 0.999805 39.2472
0.999809 0.00973576 -0.0169673 -0.649358 -0.00992241 0.999891 -0.010951 -0.964243 0.0168588 0.0111172 0.999796 40.3397
0.999817 0.00965936 -0.0164951 -0.698047 -0.00980609 0.999913 -0.00883758 -0.997174 0.0164083 0.00899772 0.999825 41.4109
0.999798 0.00989513 -0.0175023 -0.714175 -0.0100076 0.99993 -0.00634896 -1.02468 0.0174383 0.00652283 0.999827 42.4904
0.999765 0.0108601 -0.0187848 -0.733361 -0.0109819 0.999919 -0.00639482 -1.05487 0.0187138 0.00659961 0.999803 43.564
0.999741 0.0121274 -0.0192673 -0.754172 -0.012323 0.999874 -0.0100674 -1.08462 0.0191427 0.0103022 0.999764 44.6719
0.999711 0.0136341 -0.0198146 -0.776894 -0.0139053 0.999811 -0.0136137 -1.12021 0.0196253 0.0138852 0.999711 45.7726
0.999707 0.0143562 -0.0195106 -0.808864 -0.0146284 0.999797 -0.0138839 -1.15479 0.0193073 0.0141652 0.999713 46.8468
0.999727 0.0154074 -0.0175671 -0.860652 -0.0156089 0.999813 -0.0113918 -1.18504 0.0173883 0.0116629 0.999781 47.927
0.999736 0.0164997 -0.0159805 -0.90535 -0.0166569 0.999814 -0.00975818 -1.21418 0.0158165 0.0100218 0.999825 49.0179
0.999788 0.015293 -0.0138064 -0.955175 -0.0154143 0.999843 -0.00871777 -1.24211 0.0136709 0.00892874 0.999867 50.0943
0.999826 0.0142914 -0.012012 -0.993408 -0.0144036 0.999853 -0.00930636 -1.2744 0.0118772 0.00947776 0.999885 51.1874
0.999836 0.0136426 -0.0119323 -0.992487 -0.0137727 0.999846 -0.0108897 -1.3071 0.0117819 0.0110523 0.99987 52.2449
0.999854 0.0127289 -0.0114029 -1.01884 -0.0128722 0.999838 -0.0125816 -1.33847 0.0112409 0.0127265 0.999856 53.3605
0.999869 0.0115063 -0.0113804 -1.01628 -0.0116759 0.99982 -0.014957 -1.37657 0.0112062 0.0150879 0.999823 54.4151
0.999883 0.00933473 -0.0121367 -1.0066 -0.00954992 0.999796 -0.0177952 -1.41952 0.0119681 0.017909 0.999768 55.4732
0.999891 0.00749966 -0.012725 -1.01 -0.00774861 0.999777 -0.0196285 -1.45651 0.0125749 0.0197249 0.999726 56.5788
0.999903 0.00479668 -0.0130924 -1.01898 -0.00502353 0.999837 -0.0173494 -1.4884 0.0130071 0.0174135 0.999764 57.6925
0.99989 0.00285155 -0.0145713 -1.00504 -0.00301523 0.999933 -0.0112228 -1.52525 0.0145383 0.0112655 0.999831 58.7553
0.999884 0.00174633 -0.0151371 -1.00741 -0.00183297 0.999982 -0.00571131 -1.55401 0.0151268 0.00573839 0.999869 59.8465
0.999909 0.000274879 -0.013484 -1.05109 -0.00035095 0.999984 -0.00563952 -1.57442 0.0134822 0.00564374 0.999893 60.9722
0.999904 -0.00341546 -0.01339 -1.06451 0.00330241 0.999959 -0.00845589 -1.60706 0.0134184 0.00841086 0.999875 62.0632
0.999904 -0.00507398 -0.0129041 -1.08172 0.00492955 0.999925 -0.0111999 -1.64389 0.0129599 0.0111352 0.999854 63.1432
0.9999 -0.00401565 -0.0135847 -1.09716 0.00382232 0.999892 -0.0142278 -1.6849 0.0136404 0.0141745 0.999807 64.2587
0.99991 -0.00413465 -0.0127903 -1.12257 0.00390824 0.999836 -0.017676 -1.727 0.0128613 0.0176244 0.999762 65.3075
0.999944 -0.000848053 -0.0105045 -1.1668 0.000654706 0.999831 -0.0183959 -1.76171 0.0105183 0.018388 0.999776 66.3877
0.999966 0.00362676 -0.00738358 -1.22545 -0.00374091 0.999873 -0.0155059 -1.78987 0.0073264 0.015533 0.999853 67.511
0.999966 0.00427423 -0.00706816 -1.23456 -0.00436345 0.99991 -0.012655 -1.83499 0.00701342 0.0126854 0.999895 68.5793
0.999962 0.00296359 -0.0082448 -1.22283 -0.00305443 0.999935 -0.0110267 -1.87474 0.00821157 0.0110515 0.999905 69.6575
0.999968 0.000564368 -0.00792182 -1.23753 -0.00064266 0.999951 -0.00988403 -1.90892 0.00791585 0.0098888 0.99992 70.757
0.999973 -0.00101089 -0.00732284 -1.25419 0.000950216 0.999965 -0.0082846 -1.94164 0.00733096 0.00827741 0.999939 71.8482
0.99996 -0.00325789 -0.00838819 -1.25435 0.00320821 0.999977 -0.00592915 -1.97504 0.0084073 0.00590199 0.999947 72.948
0.999965 -0.00459901 -0.00705589 -1.29403 0.00456908 0.99998 -0.00425339 -2.00431 0.00707531 0.004221 0.999966 74.0393
0.999963 -0.00579634 -0.00639365 -1.31934 0.005763 0.99997 -0.00522059 -2.03718 0.00642371 0.00518354 0.999966 75.1118
0.999944 -0.00528367 -0.00915726 -1.30844 0.0052002 0.999945 -0.0091148 -2.06251 0.00920491 0.00906667 0.999917 76.2366
0.999928 -0.004985 -0.0109151 -1.30597 0.00486365 0.999926 -0.0111166 -2.09258 0.0109697 0.0110627 0.999879 77.3088
0.999934 -0.00318198 -0.0110256 -1.32915 0.0030759 0.999949 -0.00962549 -2.12051 0.0110557 0.00959094 0.999893 78.3925
0.999929 -0.00219972 -0.0117469 -1.34209 0.00213594 0.999983 -0.00543974 -2.14836 0.0117587 0.00541426 0.999916 79.4777
0.999922 -0.000959341 -0.0124736 -1.36366 0.000942783 0.999999 -0.00133329 -2.17605 0.0124748 0.00132141 0.999922 80.5556
0.999915 -0.000166942 -0.0130521 -1.38461 0.000158053 1 -0.000682035 -2.20025 0.0130522 0.000679907 0.999915 81.6519
0.99991 -0.000486807 -0.0134372 -1.40987 0.000452799 0.999997 -0.00253384 -2.22611 0.0134383 0.00252752 0.999907 82.746
0.999918 -0.000470996 -0.0127929 -1.45771 0.000432041 0.999995 -0.00304767 -2.25401 0.0127943 0.00304189 0.999914 83.7928
0.999913 -0.00128048 -0.0131051 -1.48293 0.00124051 0.999995 -0.00305749 -2.28139 0.013109 0.00304096 0.99991 84.8642
0.999919 -0.00213803 -0.0125849 -1.52819 0.00210799 0.999995 -0.00239908 -2.31412 0.0125899 0.00237235 0.999918 85.9078
0.999929 -0.00371729 -0.0113237 -1.57912 0.00371116 0.999993 -0.000562604 -2.34443 0.0113257 0.000520534 0.999936 86.9287
0.999925 -0.0038822 -0.0116309 -1.601 0.00390715 0.99999 0.00212374 -2.37044 0.0116225 -0.00216903 0.99993 87.9414
0.999921 -0.0049129 -0.011618 -1.63669 0.00495173 0.999982 0.00331564 -2.39655 0.0116015 -0.00337291 0.999927 88.9361
0.999903 -0.00604423 -0.0125905 -1.67244 0.00608881 0.999975 0.00350585 -2.41561 0.012569 -0.00358217 0.999915 89.8918
0.999857 -0.00674628 -0.0155372 -1.69607 0.00678684 0.999974 0.0025595 -2.43485 0.0155195 -0.00266458 0.999876 90.8546
0.999806 -0.0066683 -0.018546 -1.72549 0.00670275 0.999976 0.00179585 -2.45526 0.0185335 -0.00191982 0.999826 91.7859
0.999747 -0.00725984 -0.0213101 -1.75353 0.00730929 0.999971 0.00224327 -2.47861 0.0212932 -0.00239846 0.99977 92.6736
0.999684 -0.00641083 -0.0242992 -1.78278 0.00650047 0.999972 0.00361158 -2.4995 0.0242753 -0.0037684 0.999698 93.5653
0.999657 -0.00574113 -0.0255723 -1.83685 0.00586852 0.999971 0.00490918 -2.51988 0.0255433 -0.00505757 0.999661 94.4142
0.999587 -0.00530754 -0.0282576 -1.85813 0.00549426 0.999964 0.00653409 -2.54321 0.0282219 -0.00668665 0.999579 95.2329
0.999537 -0.00391323 -0.0301837 -1.90395 0.00413891 0.999964 0.00741796 -2.55857 0.0301536 -0.00753946 0.999517 96.0424
0.999465 -0.00233425 -0.0326345 -1.93283 0.00260363 0.999963 0.00821447 -2.57909 0.0326141 -0.00829504 0.999434 96.8237
0.999365 -0.000537176 -0.035625 -1.97232 0.000788067 0.999975 0.00702884 -2.59588 0.0356203 -0.00705246 0.99934 97.5843
0.999285 0.000115503 -0.0378192 -2.01247 1.15445e-05 0.999994 0.00335908 -2.61219 0.0378193 -0.00335711 0.999279 98.2973
0.999204 0.00284077 -0.0397922 -2.05394 -0.00285018 0.999996 -0.000179704 -2.62829 0.0397916 0.00029297 0.999208 98.9792
0.999122 0.00467858 -0.0416236 -2.09776 -0.00481394 0.999983 -0.00315237 -2.63561 0.0416081 0.00334997 0.999128 99.6547
0.999064 0.00661338 -0.0427482 -2.1263 -0.00681286 0.999967 -0.00452246 -2.64628 0.0427168 0.00480946 0.999076 100.314
0.999056 0.00894744 -0.042507 -2.14457 -0.00914727 0.999948 -0.00450902 -2.65797 0.0424644 0.00489359 0.999086 100.941
0.999113 0.0127052 -0.0401416 -2.16 -0.0128485 0.999912 -0.00331381 -2.67209 0.0400959 0.00382662 0.999189 101.559
0.999255 0.0152656 -0.0354413 -2.16612 -0.0153415 0.999881 -0.00187152 -2.68873 0.0354085 0.00241385 0.99937 102.143
0.999466 0.0162758 -0.0283398 -2.16719 -0.0162813 0.999867 3.76954e-05 -2.7046 0.0283366 0.000423727 0.999598 102.716
0.999692 0.0161387 -0.018849 -2.16777 -0.0160922 0.999867 0.00261413 -2.71887 0.0188887 -0.00231001 0.999819 103.254
0.999846 0.0158626 -0.00753213 -2.15613 -0.0158341 0.999867 0.00383065 -2.73183 0.00759187 -0.0037108 0.999964 103.793
0.999877 0.0149906 0.00462528 -2.11688 -0.0150083 0.99988 0.00383022 -2.7416 -0.00456733 -0.00389918 0.999982 104.285
0.99973 0.0150577 0.0177057 -2.0585 -0.0151092 0.999882 0.00277695 -2.74926 -0.0176618 -0.00304373 0.999839 104.769
0.99936 0.0141063 0.0328699 -1.97122 -0.0140825 0.9999 -0.000956397 -2.75192 -0.0328801 0.000492889 0.999459 105.256
0.998622 0.0139118 0.0505961 -1.87402 -0.0136366 0.99989 -0.00577993 -2.75606 -0.050671 0.005082 0.998702 105.67
0.997346 0.0119715 0.0718216 -1.76787 -0.0112284 0.999879 -0.0107414 -2.76195 -0.0719415 0.00990642 0.99736 106.079
0.995772 0.0108879 0.0912145 -1.5693 -0.0095167 0.999835 -0.0154538 -2.74737 -0.0913678 0.0145204 0.995711 106.518
0.993452 0.00904336 0.113891 -1.37156 -0.00694199 0.999799 -0.0188338 -2.73151 -0.114039 0.0179199 0.993315 106.913
0.990355 0.00779851 0.138334 -1.1579 -0.004672 0.999727 -0.0229116 -2.71706 -0.138475 0.0220443 0.990121 107.316
0.986056 0.00636189 0.166294 -0.932849 -0.00191643 0.999637 -0.0268795 -2.70385 -0.166404 0.026186 0.98571 107.713
0.979566 0.00409594 0.20108 -0.756259 0.0018533 0.999566 -0.0293893 -2.69403 -0.201113 0.0291614 0.979134 108.106
0.971419 0.00289846 0.237355 -0.565413 0.00495799 0.99946 -0.0324965 -2.68522 -0.23732 0.0327445 0.970879 108.493
0.961287 0.00470637 0.275509 -0.377801 0.00537773 0.999343 -0.0358348 -2.67706 -0.275497 0.0359292 0.96063 108.851
0.948567 0.00839468 0.316464 -0.185382 0.00398418 0.999253 -0.0384488 -2.66885 -0.316551 0.0377321 0.947825 109.188
0.933631 0.00928757 0.358114 0.0168431 0.00515272 0.999212 -0.0393477 -2.66119 -0.358198 0.0385816 0.932848 109.507
0.91645 0.00937171 0.400039 0.231668 0.00734439 0.999163 -0.0402327 -2.65457 -0.400082 0.0398093 0.915614 109.815
0.895455 0.0084236 0.445072 0.428106 0.0109568 0.999101 -0.0409538 -2.66933 -0.445016 0.0415489 0.894558 110.118
0.871708 0.00857379 0.489951 0.629485 0.0142282 0.998982 -0.0427959 -2.69007 -0.48982 0.0442767 0.870699 110.428
0.845596 0.0102257 0.533725 0.843522 0.0167513 0.998816 -0.0456761 -2.71161 -0.53356 0.0475641 0.844424 110.718
0.816572 0.0148537 0.577053 1.0737 0.0166203 0.998649 -0.0492248 -2.73548 -0.577005 0.0497863 0.815222 111.001
0.784339 0.0208317 0.619982 1.32017 0.0144314 0.998553 -0.051809 -2.75914 -0.620164 0.049583 0.782904 111.271
0.749516 0.0250996 0.66151 1.59187 0.0130766 0.998524 -0.0527032 -2.78501 -0.661856 0.0481522 0.748082 111.521
0.713398 0.0246396 0.700326 1.89411 0.0157163 0.998568 -0.0511423 -2.81939 -0.700583 0.0474913 0.711988 111.749
0.675059 0.0214883 0.73745 2.21172 0.0198167 0.998687 -0.0472405 -2.8522 -0.737497 0.046504 0.673747 111.965
0.633993 0.0194237 0.773095 2.53925 0.0207517 0.998897 -0.0421148 -2.88153 -0.77306 0.0427435 0.632891 112.161
0.590642 0.0179027 0.806735 2.88099 0.0225426 0.998997 -0.0386736 -2.89551 -0.806619 0.0410282 0.589646 112.345
0.545309 0.0154339 0.838093 3.23693 0.0254731 0.999063 -0.0349725 -2.90935 -0.837848 0.0404196 0.544405 112.511
0.498225 0.0115837 0.86697 3.61338 0.0301301 0.999075 -0.0306638 -2.92163 -0.866524 0.0413994 0.497416 112.642
0.448611 0.0121264 0.893645 3.98299 0.0288652 0.99919 -0.028049 -2.93521 -0.893261 0.0383783 0.447897 112.784
0.399367 0.0175062 0.916624 4.36904 0.025876 0.999204 -0.0303573 -2.94602 -0.916426 0.0358423 0.398596 112.915
0.351143 0.0228022 0.936044 4.77025 0.0262735 0.99907 -0.0341936 -2.95133 -0.935953 0.0366 0.350218 113.027
0.306052 0.0248511 0.951691 5.1651 0.029182 0.998945 -0.0354696 -2.96126 -0.951568 0.0386278 0.305004 113.115
0.265723 0.0241793 0.963746 5.58861 0.0374319 0.998673 -0.0353762 -2.97398 -0.963323 0.0454752 0.264465 113.192
0.231089 0.0238654 0.97264 6.02207 0.0462804 0.998298 -0.0354908 -2.98395 -0.971831 0.0532157 0.229592 113.26
0.200631 0.025171 0.979343 6.48027 0.0514423 0.99802 -0.0361897 -2.99401 -0.978315 0.0576405 0.19894 113.33
0.173542 0.0240544 0.984533 6.94845 0.0504777 0.99817 -0.0332853 -3.00541 -0.983532 0.0554734 0.17201 113.391
0.148244 0.0207022 0.988734 7.45125 0.0451486 0.998597 -0.027678 -3.02562 -0.98792 0.048743 0.147101 113.461
0.124131 0.0171574 0.992118 7.95504 0.0409813 0.998909 -0.0224023 -3.04138 -0.991419 0.0434391 0.123293 113.521
0.101649 0.01486 0.994709 8.46481 0.0445502 0.998817 -0.0194739 -3.0604 -0.993823 0.046294 0.100867 113.554
0.0805771 0.0153224 0.996631 9.00093 0.053167 0.998392 -0.019648 -3.07528 -0.99533 0.0545711 0.0796331 113.584
0.0644354 0.0166303 0.997783 9.56075 0.0592386 0.998034 -0.02046 -3.09904 -0.996162 0.0604256 0.0633237 113.584
0.0499069 0.0217667 0.998517 10.1332 0.059165 0.997942 -0.0247114 -3.11664 -0.997 0.0603105 0.0485165 113.602
0.0382588 0.026222 0.998924 10.7291 0.0569311 0.997974 -0.0283776 -3.13415 -0.997645 0.0579555 0.0366886 113.633
0.0311218 0.0259819 0.999178 11.3251 0.0594867 0.997842 -0.0278 -3.15186 -0.997744 0.060303 0.0295092 113.651
0.0278062 0.0231287 0.999346 11.9334 0.064638 0.997598 -0.0248867 -3.16856 -0.997522 0.0652877 0.0262446 113.656
0.0276852 0.0216536 0.999382 12.5916 0.0667666 0.997492 -0.0234623 -3.18629 -0.997385 0.0673749 0.0261702 113.679
0.0292736 0.0216819 0.999336 13.2661 0.066079 0.997535 -0.0235786 -3.20299 -0.997385 0.0667254 0.0277689 113.705
0.0304799 0.0221892 0.999289 13.9988 0.0625437 0.997752 -0.0240628 -3.22243 -0.997577 0.0632327 0.0290237 113.746
0.0316647 0.0239646 0.999211 14.7128 0.0612091 0.997789 -0.0258702 -3.23656 -0.997623 0.0619801 0.030128 113.775
0.0329181 0.0252571 0.999139 15.4223 0.0609846 0.997767 -0.0272317 -3.25419 -0.997596 0.0618285 0.0313045 113.79
0.0335746 0.0251585 0.99912 16.157 0.0612386 0.997752 -0.027182 -3.27559 -0.997559 0.0620973 0.0319586 113.822
0.0338254 0.0239264 0.999141 16.9105 0.0605047 0.99783 -0.0259434 -3.30039 -0.997595 0.0613303 0.0323045 113.854
0.0341487 0.0225833 0.999162 17.692 0.0613885 0.997809 -0.0246508 -3.33083 -0.99753 0.0621789 0.0326877 113.882
0.0336237 0.0204761 0.999225 18.4719 0.0618961 0.997828 -0.0225303 -3.35711 -0.997517 0.0626057 0.0322835 113.907
0.0325595 0.0192302 0.999285 19.2514 0.0602272 0.99796 -0.0211671 -3.38247 -0.997654 0.0608733 0.031335 113.931
0.0321836 0.0183763 0.999313 20.0485 0.0592993 0.998034 -0.0202626 -3.4065 -0.997722 0.0599107 0.0310308 113.951
0.0311027 0.016169 0.999385 20.8454 0.0620811 0.997907 -0.0180772 -3.42534 -0.997587 0.0626052 0.030034 113.977
0.029523 0.0147379 0.999456 21.6494 0.0638035 0.997824 -0.0165985 -3.44809 -0.997526 0.0642588 0.0285186 114.007
0.0277912 0.0140255 0.999515 22.4921 0.0614406 0.997986 -0.0157124 -3.47239 -0.997724 0.0618475 0.0268737 114.041
0.0275876 0.0187264 0.999444 23.3135 0.0589228 0.998055 -0.0203268 -3.50014 -0.997882 0.0594508 0.0264307 114.059
0.0269901 0.0231998 0.999367 24.1308 0.0612201 0.997815 -0.0248172 -3.5291 -0.99776 0.0618512 0.025511 114.077
0.0257553 0.0248755 0.999359 24.9575 0.0619696 0.997727 -0.026432 -3.55875 -0.997746 0.0626106 0.0241554 114.096
0.0243504 0.0231424 0.999436 25.8086 0.0589128 0.997961 -0.0245436 -3.58804 -0.997966 0.0594772 0.0229375 114.125
0.0231281 0.0194894 0.999543 26.6728 0.055731 0.998229 -0.0207533 -3.61659 -0.998178 0.0561855 0.0220012 114.157
0.0233251 0.0148064 0.999618 27.5063 0.0540621 0.998408 -0.0160499 -3.64351 -0.998265 0.0544158 0.0224876 114.162
0.0234059 0.00937727 0.999682 28.3519 0.0502456 0.998681 -0.0105443 -3.66663 -0.998463 0.0504765 0.022904 114.177
0.0244122 0.00856204 0.999665 29.1993 0.0479374 0.998802 -0.00972532 -3.6916 -0.998552 0.0481588 0.0239727 114.198
0.0257714 0.0151837 0.999553 30.0386 0.0511921 0.998552 -0.0164884 -3.72536 -0.998356 0.0515942 0.024957 114.215
0.0269189 0.025089 0.999323 30.8845 0.0529967 0.998243 -0.0264895 -3.76793 -0.998232 0.0536739 0.0255422 114.243
0.0261095 0.0293969 0.999227 31.7144 0.0548489 0.998019 -0.0307945 -3.80661 -0.998153 0.0556106 0.0244456 114.279
0.0283153 0.023706 0.999318 32.564 0.0568721 0.99806 -0.0252876 -3.84194 -0.99798 0.0575493 0.0269123 114.293
0.0302151 0.0162522 0.999411 33.3924 0.0611362 0.997965 -0.0180771 -3.86961 -0.997672 0.0616465 0.0291602 114.302
0.0321318 0.013484 0.999393 34.2235 0.0632818 0.997875 -0.0154981 -3.89536 -0.997478 0.0637414 0.0312104 114.314
0.0323575 0.0147143 0.999368 35.0566 0.0629706 0.997874 -0.0167312 -3.92047 -0.997491 0.0634722 0.0313623 114.344
0.0324869 0.0160183 0.999344 35.8741 0.0604289 0.99801 -0.0179614 -3.94661 -0.997644 0.0609728 0.0314545 114.366
0.0305515 0.0163556 0.999399 36.6909 0.0586249 0.998115 -0.0181268 -3.97447 -0.997813 0.0591435 0.0295352 114.398
0.0294522 0.0145252 0.999461 37.4879 0.0627801 0.997893 -0.0163524 -4.02339 -0.997593 0.0632279 0.0284785 114.413
0.0270519 0.0147804 0.999525 38.2842 0.0603937 0.998039 -0.016393 -4.05884 -0.997808 0.0608084 0.0261064 114.44
0.0245845 0.0151857 0.999583 39.1026 0.0578217 0.998188 -0.0165866 -4.09023 -0.998024 0.0582053 0.0236621 114.473
0.0230339 0.0140774 0.999636 39.9176 0.0552798 0.998352 -0.0153331 -4.1217 -0.998205 0.0556128 0.0222179 114.491
0.0211028 0.0128457 0.999695 40.706 0.0558007 0.998343 -0.0140063 -4.15033 -0.998219 0.0560793 0.0203512 114.508
0.0189118 0.0130127 0.999737 41.5027 0.0555321 0.998357 -0.0140453 -4.17916 -0.998278 0.0557831 0.0181583 114.529
0.0172757 0.0140838 0.999752 42.2864 0.054046 0.998425 -0.0149991 -4.20567 -0.998389 0.0542917 0.0164875 114.543
0.0166319 0.0141681 0.999761 43.063 0.0544059 0.998405 -0.015054 -4.23325 -0.99838 0.0546433 0.0158347 114.553
0.0155275 0.0126401 0.9998 43.8474 0.0571034 0.998276 -0.0135077 -4.26227 -0.998248 0.0573017 0.0147792 114.563
0.0135602 0.0103843 0.999854 44.605 0.0580845 0.998249 -0.0111555 -4.30594 -0.99822 0.0582273 0.0129335 114.582
0.0116743 0.00914022 0.99989 45.3826 0.0557006 0.998399 -0.00977695 -4.34171 -0.998379 0.0558086 0.0111466 114.603
0.0101761 0.00759136 0.99992 46.1351 0.0530945 0.998556 -0.00812138 -4.37383 -0.998538 0.0531729 0.00975855 114.616
0.00980684 0.00555118 0.999937 46.8821 0.0518407 0.998636 -0.00605241 -4.40319 -0.998607 0.0518968 0.00950585 114.626
0.010155 0.00457276 0.999938 47.6038 0.051678 0.99865 -0.00509172 -4.43135 -0.998612 0.0517265 0.00990516 114.628
0.0109264 0.00678026 0.999917 48.3155 0.051425 0.998649 -0.00733362 -4.45642 -0.998617 0.0515008 0.0105632 114.632
0.010772 0.00915563 0.9999 49.0158 0.0508786 0.998657 -0.00969239 -4.48407 -0.998647 0.0509779 0.0102918 114.645
0.0109323 0.0102827 0.999888 49.7248 0.048342 0.998772 -0.0107998 -4.51068 -0.998771 0.0484546 0.0104219 114.658
0.0108556 0.0109611 0.999881 50.4219 0.0478161 0.99879 -0.0114683 -4.53517 -0.998797 0.0479349 0.0103185 114.664
0.0115624 0.0102704 0.999881 51.1339 0.0484034 0.998769 -0.0108187 -4.55948 -0.998761 0.0485227 0.0110512 114.673
0.0123122 0.00970275 0.999877 51.8206 0.0491115 0.998739 -0.0102965 -4.58237 -0.998718 0.0492322 0.0118203 114.67
0.0126514 0.0099734 0.99987 52.5087 0.0439285 0.998978 -0.0105204 -4.60478 -0.998955 0.0440559 0.0122005 114.683
0.0128064 0.0105221 0.999863 53.2036 0.03917 0.999171 -0.0110166 -4.63197 -0.999151 0.0393057 0.0123838 114.706
0.0134653 0.00861809 0.999872 53.8829 0.0395342 0.999176 -0.00914452 -4.66053 -0.999128 0.0396523 0.0131136 114.709
0.0130729 0.0078564 0.999884 54.5576 0.0387097 0.999215 -0.00835728 -4.67922 -0.999165 0.0388145 0.0127587 114.711
0.00995598 0.00774675 0.999921 55.2387 0.0349176 0.999357 -0.00809007 -4.6976 -0.999341 0.0349954 0.00967924 114.723
0.00556646 0.00676566 0.999962 55.9212 0.0309108 0.999497 -0.00693462 -4.72492 -0.999507 0.0309481 0.00535469 114.729
-0.00087799 0.00985746 0.999951 56.5847 0.0332456 0.999398 -0.00982284 -4.75044 -0.999447 0.0332354 -0.00120502 114.734
-0.00793505 0.0125038 0.999891 57.2584 0.0354677 0.999295 -0.0122149 -4.77195 -0.99934 0.0353669 -0.00837279 114.731
-0.0147164 0.0128703 0.999809 57.9343 0.0344288 0.99933 -0.0123574 -4.80473 -0.999299 0.0342404 -0.0151495 114.716
-0.0206278 0.0111913 0.999725 58.629 0.0307977 0.999469 -0.010553 -4.83572 -0.999313 0.0305716 -0.0209613 114.704
-0.0262136 0.00972099 0.999609 59.3137 0.0295441 0.999523 -0.00894542 -4.85697 -0.99922 0.029298 -0.0264881 114.689
-0.0302794 0.0107632 0.999484 60.022 0.0269726 0.999586 -0.00994716 -4.86621 -0.999178 0.0266575 -0.030557 114.67
-0.033745 0.0106253 0.999374 60.7271 0.0259988 0.999614 -0.00975004 -4.87714 -0.999092 0.0256535 -0.0340081 114.648
-0.0350154 0.00864123 0.99935 61.4244 0.0275561 0.99959 -0.00767782 -4.87549 -0.999007 0.0272693 -0.0352391 114.612
-0.0363013 0.00700965 0.999317 62.1293 0.0310599 0.999499 -0.00588268 -4.87159 -0.998858 0.0308251 -0.0365008 114.579
-0.0370997 0.00633728 0.999292 62.839 0.0321538 0.999469 -0.00514469 -4.86822 -0.998794 0.0319402 -0.0372836 114.548
-0.0376456 0.00711838 0.999266 63.5852 0.0308839 0.999504 -0.00595661 -4.86615 -0.998814 0.030637 -0.0378467 114.525
-0.0374647 0.0116718 0.99923 64.3064 0.032631 0.999412 -0.0104505 -4.87314 -0.998765 0.0322143 -0.0378234 114.495
-0.0374356 0.0157607 0.999175 65.0526 0.038427 0.999158 -0.0143208 -4.88893 -0.99856 0.0378592 -0.0380096 114.463
-0.0377361 0.020639 0.999075 65.7934 0.0467823 0.998726 -0.0188648 -4.9061 -0.998192 0.0460271 -0.0386535 114.425
-0.0384326 0.0216228 0.999027 66.5647 0.0475519 0.998672 -0.0197858 -4.92739 -0.998129 0.0467452 -0.0394097 114.401
-0.039181 0.0200292 0.999032 67.3146 0.0447624 0.99883 -0.0182696 -4.94922 -0.998229 0.0440032 -0.0400316 114.382
-0.039074 0.0151336 0.999122 68.0638 0.0454393 0.998877 -0.0133528 -4.97331 -0.998203 0.0448776 -0.0397177 114.353
-0.0377589 0.0136861 0.999193 68.8296 0.0484513 0.998754 -0.0118492 -4.99183 -0.998112 0.0479648 -0.0383748 114.316
-0.0379037 0.0135297 0.99919 69.5875 0.0481406 0.998771 -0.0116979 -5.01478 -0.998121 0.0476582 -0.0385084 114.285
-0.0393121 0.0143197 0.999125 70.3393 0.0469499 0.998819 -0.0124681 -5.04118 -0.998123 0.0464186 -0.0399378 114.262
-0.0414642 0.014853 0.99903 71.1037 0.0451881 0.998893 -0.0129755 -5.06472 -0.998118 0.0446062 -0.0420894 114.243
-0.0440346 0.0154713 0.99891 71.846 0.0464231 0.998831 -0.0134236 -5.0845 -0.997951 0.0457814 -0.0447013 114.212
-0.0427529 0.0152393 0.99897 72.5907 0.048656 0.998728 -0.0131533 -5.10532 -0.9979 0.0480435 -0.0434399 114.155
-0.0437348 0.0150799 0.99893 73.3679 0.0503517 0.998648 -0.0128712 -5.12422 -0.997773 0.0497348 -0.0444349 114.11
-0.0446294 0.0156197 0.998882 74.1212 0.0467967 0.998812 -0.0135278 -5.14845 -0.997907 0.0461406 -0.0453072 114.076
-0.0451509 0.0163938 0.998846 74.8697 0.046927 0.998796 -0.0142717 -5.17317 -0.997877 0.0462285 -0.0458657 114.042
-0.0453147 0.0161755 0.998842 75.6394 0.0454736 0.998865 -0.0141129 -5.20119 -0.997937 0.0447814 -0.0459988 114.004
-0.0464937 0.0166316 0.99878 76.4137 0.0450911 0.998876 -0.0145342 -5.22055 -0.9979 0.0443604 -0.0471913 113.97
-0.0474243 0.0154355 0.998756 77.1971 0.0462646 0.998841 -0.0132401 -5.23793 -0.997803 0.0455791 -0.0480834 113.934
-0.0479355 0.0134303 0.99876 77.9826 0.0453098 0.998909 -0.0112577 -5.25452 -0.997822 0.044714 -0.0484916 113.898
-0.0499631 0.0121424 0.998677 78.7813 0.0426518 0.999039 -0.010013 -5.27029 -0.99784 0.0420951 -0.0504328 113.869
-0.0514116 0.0115643 0.998611 79.5894 0.0447356 0.998955 -0.00926515 -5.29072 -0.997675 0.0441971 -0.0518751 113.82
-0.0528718 0.0120925 0.998528 80.3727 0.0464017 0.998876 -0.00963975 -5.31086 -0.997523 0.0458237 -0.0533733 113.771
-0.0548801 0.0144195 0.998389 81.1672 0.046881 0.998829 -0.0118489 -5.31663 -0.997392 0.0461552 -0.0554917 113.724
-0.0563359 0.018186 0.998246 82.0008 0.0485763 0.998699 -0.0154528 -5.33599 -0.997229 0.0476206 -0.0571459 113.686
-0.0571778 0.0222854 0.998115 82.788 0.0510528 0.998507 -0.0193696 -5.35711 -0.997058 0.049849 -0.0582301 113.64
-0.059101 0.0267041 0.997895 83.6207 0.0525059 0.998341 -0.0236063 -5.37949 -0.99687 0.0510002 -0.0604049 113.603
-0.058833 0.0276881 0.997884 84.4585 0.0547962 0.998197 -0.0244662 -5.40658 -0.996763 0.0532408 -0.060244 113.556
-0.0590123 0.0274199 0.997881 85.2913 0.0592575 0.997955 -0.0239176 -5.43409 -0.996497 0.0577205 -0.0605164 113.506
-0.0590245 0.0258106 0.997923 86.1415 0.0604172 0.997925 -0.0222371 -5.46221 -0.996427 0.0589792 -0.0604613 113.461
-0.0578798 0.0246733 0.998019 86.9831 0.0613691 0.997891 -0.0211111 -5.48909 -0.996435 0.0600256 -0.0592718 113.407
-0.0558376 0.022803 0.99818 87.8296 0.061207 0.997936 -0.0193736 -5.51384 -0.996562 0.0600138 -0.057118 113.361
-0.0541136 0.0199754 0.998335 88.685 0.0620537 0.997934 -0.0166039 -5.53968 -0.996605 0.0610519 -0.0552412 113.313
-0.0523753 0.0163172 0.998494 89.5377 0.0621896 0.997978 -0.0130467 -5.57189 -0.996689 0.0614126 -0.0532841 113.261
-0.0507848 0.0162014 0.998578 90.4046 0.0607707 0.998065 -0.0131025 -5.59957 -0.996859 0.0600189 -0.0516709 113.226
-0.0490553 0.0201949 0.998592 91.262 0.0614666 0.997961 -0.0171626 -5.62989 -0.996903 0.0605382 -0.0501965 113.18
-0.0467192 0.0260294 0.998569 92.103 0.0620778 0.997803 -0.0231051 -5.66397 -0.996977 0.0609095 -0.0482323 113.127
-0.0451478 0.0289575 0.998561 92.9981 0.0594994 0.997882 -0.0262477 -5.69932 -0.997207 0.0582287 -0.046775 113.105
-0.0435578 0.026549 0.998698 93.8624 0.0590303 0.997968 -0.0239551 -5.73363 -0.997305 0.05791 -0.0450364 113.071
-0.0429207 0.0241877 0.998786 94.7473 0.0601782 0.997954 -0.0215815 -5.765 -0.997264 0.0591789 -0.0442883 113.041
-0.0424117 0.0226241 0.998844 95.6197 0.0618278 0.997886 -0.0199772 -5.79778 -0.997185 0.0609091 -0.0437207 113.006
-0.0411975 0.0223731 0.9989 96.4973 0.0622467 0.997864 -0.0197827 -5.82983 -0.99721 0.0613633 -0.042502 112.969
-0.0400483 0.0225207 0.998944 97.3752 0.062712 0.997831 -0.0199815 -5.86235 -0.997228 0.0618455 -0.0413736 112.934
-0.0370427 0.0211774 0.999089 98.2365 0.0666793 0.997599 -0.0186736 -5.8877 -0.997087 0.0659268 -0.0383658 112.876
-0.0344333 0.0210276 0.999186 99.1038 0.0703967 0.997346 -0.0185629 -5.9129 -0.996925 0.0697002 -0.035822 112.826
-0.0336233 0.0220015 0.999192 99.9643 0.0725336 0.997174 -0.0195163 -5.94329 -0.996799 0.0718188 -0.0351241 112.793
-0.0317507 0.0247679 0.999189 100.81 0.0746235 0.996961 -0.0223414 -5.97004 -0.996706 0.0738536 -0.0335024 112.757
-0.0324182 0.0270165 0.999109 101.674 0.0729161 0.997034 -0.0245945 -5.99253 -0.996811 0.0720538 -0.0342919 112.752
-0.034273 0.0234578 0.999137 102.544 0.0695806 0.997354 -0.0210291 -6.02643 -0.996988 0.0687998 -0.0358144 112.758
-0.034306 0.0214371 0.999182 103.404 0.0642396 0.997749 -0.0192008 -6.06666 -0.997345 0.0635282 -0.0356058 112.743
-0.0357514 0.0219773 0.999119 104.252 0.0608359 0.997951 -0.0197748 -6.10318 -0.997507 0.0600753 -0.0370151 112.721
-0.0367889 0.0268392 0.998963 105.111 0.058116 0.998004 -0.0246732 -6.13634 -0.997632 0.057148 -0.0382751 112.695
-0.0376168 0.029749 0.998849 105.948 0.0573902 0.997971 -0.0275616 -6.16804 -0.997643 0.0562874 -0.0392477 112.669
-0.0372377 0.0306881 0.998835 106.797 0.0583835 0.997887 -0.0284824 -6.19675 -0.9976 0.0572549 -0.0389505 112.631
-0.0381316 0.0310088 0.998792 107.635 0.0600957 0.99778 -0.0286831 -6.22812 -0.997464 0.0589293 -0.0399103 112.607
-0.0392445 0.0322881 0.998708 108.483 0.0591515 0.9978 -0.0299344 -6.25756 -0.997477 0.0579002 -0.041068 112.582
-0.0390926 0.0356378 0.9986 109.304 0.0613946 0.997561 -0.0331973 -6.29678 -0.997348 0.0600108 -0.0411851 112.541
-0.0401342 0.0364153 0.998531 110.125 0.060798 0.997572 -0.0339368 -6.3435 -0.997343 0.0593466 -0.0422507 112.522
-0.0412683 0.0367453 0.998472 110.954 0.0606889 0.99757 -0.0342038 -6.38315 -0.997303 0.0591846 -0.043398 112.493
-0.0431058 0.0361848 0.998415 111.755 0.0592613 0.997676 -0.0335994 -6.42112 -0.997312 0.057719 -0.0451499 112.452
-0.0459818 0.0377208 0.99823 112.556 0.0595075 0.997615 -0.0349565 -6.46014 -0.997168 0.0577948 -0.0481167 112.409
-0.0486972 0.0405712 0.997989 113.361 0.0598211 0.997499 -0.0376323 -6.50007 -0.997021 0.0578682 -0.0510024 112.367
-0.0509821 0.0420092 0.997816 114.156 0.0592946 0.997479 -0.0389654 -6.53819 -0.996938 0.0571786 -0.0533444 112.32
-0.0535306 0.0425306 0.99766 114.949 0.0609314 0.997369 -0.0392489 -6.5769 -0.996706 0.0586877 -0.0559812 112.269
-0.0556816 0.0414522 0.997588 115.733 0.0627631 0.997307 -0.0379373 -6.61584 -0.996474 0.0604992 -0.0581332 112.212
-0.0578377 0.0425712 0.997418 116.519 0.065288 0.997112 -0.0387723 -6.6557 -0.996189 0.0628769 -0.0604499 112.155
-0.0582948 0.0477434 0.997157 117.306 0.0613063 0.997141 -0.0441586 -6.69839 -0.996415 0.0585578 -0.061055 112.106
-0.059189 0.0552424 0.996717 118.078 0.0591522 0.996907 -0.0517402 -6.7445 -0.996493 0.0558956 -0.0622735 112.057
-0.0607722 0.0581191 0.996458 118.821 0.0646742 0.996434 -0.0541734 -6.78504 -0.996055 0.0611529 -0.0643143 111.978
-0.0637672 0.0564346 0.996368 119.607 0.0668523 0.996398 -0.0521578 -6.82822 -0.995723 0.0632835 -0.0673102 111.928
-0.0665494 0.0496439 0.996547 120.383 0.0655706 0.996819 -0.0452787 -6.87429 -0.995627 0.0623309 -0.0695928 111.874
-0.0683561 0.0479221 0.996509 121.162 0.0651547 0.996927 -0.0434729 -6.92306 -0.995531 0.0619556 -0.0712684 111.823
-0.0696738 0.0509823 0.996266 121.932 0.0652371 0.996788 -0.0464467 -6.97119 -0.995435 0.0617574 -0.0727758 111.766
-0.0718471 0.0547642 0.995911 122.695 0.0626188 0.996769 -0.050294 -7.0178 -0.995448 0.0587493 -0.0750442 111.712
-0.0736884 0.0568599 0.995659 123.464 0.059751 0.996831 -0.0525047 -7.08204 -0.99549 0.0556227 -0.0768522 111.653
-0.0758259 0.0613472 0.995232 124.207 0.0638123 0.996358 -0.0565548 -7.13034 -0.995077 0.0592198 -0.0794643 111.589
-0.077626 0.0661739 0.994784 124.953 0.0647691 0.996021 -0.0612021 -7.17921 -0.994877 0.0596804 -0.0816031 111.526
-0.0807927 0.0693952 0.994312 125.71 0.0635426 0.995902 -0.0643431 -7.2227 -0.994704 0.0579827 -0.0848711 111.473
-0.082643 0.0669261 0.99433 126.463 0.0645098 0.996009 -0.0616775 -7.27765 -0.994489 0.0590468 -0.0866304 111.406
-0.0868922 0.0637479 0.994176 127.197 0.0687792 0.995953 -0.0578505 -7.33011 -0.993841 0.0633519 -0.090925 111.327
-0.092343 0.0624332 0.993768 127.945 0.0712085 0.99589 -0.0559498 -7.38172 -0.993178 0.0655982 -0.0964092 111.251
-0.0981786 0.0615306 0.993265 128.69 0.0704006 0.996015 -0.0547424 -7.43285 -0.992676 0.0645519 -0.102119 111.168
-0.105966 0.0618501 0.992444 129.428 0.0708147 0.995998 -0.0545106 -7.4828 -0.991845 0.0645034 -0.109922 111.078
-0.116324 0.0625772 0.991238 130.16 0.0702878 0.996029 -0.0546313 -7.53492 -0.990721 0.063317 -0.12026 110.981
-0.128157 0.0630949 0.989745 130.883 0.07159 0.995959 -0.0542213 -7.58721 -0.989167 0.063907 -0.132156 110.876
-0.140749 0.0641318 0.987966 131.606 0.0729556 0.995858 -0.0542506 -7.63586 -0.987354 0.0644419 -0.144845 110.761
-0.152092 0.0639786 0.986294 132.323 0.0764919 0.995671 -0.0527914 -7.68418 -0.985402 0.0674144 -0.156327 110.629
-0.163278 0.0638559 0.984512 133.053 0.0797031 0.995494 -0.0513498 -7.73148 -0.983356 0.0700844 -0.167632 110.499
-0.172811 0.0636581 0.982896 133.76 0.0842882 0.995204 -0.0496359 -7.77647 -0.981342 0.0742689 -0.177348 110.349
-0.181073 0.0640987 0.981379 134.475 0.0907411 0.994705 -0.0482266 -7.82076 -0.979275 0.0803188 -0.185931 110.193
-0.188243 0.0639555 0.980038 135.188 0.0959518 0.994301 -0.0464562 -7.86373 -0.977424 0.0852914 -0.193307 110.031
-0.193549 0.06419 0.978989 135.905 0.0963623 0.994275 -0.0461412 -7.90637 -0.976347 0.085407 -0.198627 109.867
-0.19753 0.0619099 0.97834 136.632 0.100109 0.994059 -0.0426923 -7.94617 -0.975172 0.0895077 -0.202555 109.705
-0.198886 0.0594006 0.978221 137.315 0.105852 0.993623 -0.0388148 -7.97662 -0.97429 0.095827 -0.203905 109.539
-0.19917 0.0573807 0.978284 137.997 0.112428 0.99303 -0.0353563 -8.01568 -0.973494 0.102945 -0.204233 109.372
-0.198714 0.0555848 0.97848 138.676 0.115025 0.992812 -0.0330391 -8.05371 -0.973284 0.105985 -0.20368 109.205
-0.197733 0.0602407 0.978403 139.366 0.117771 0.992339 -0.0372976 -8.09917 -0.973156 0.107853 -0.203313 109.053
-0.196995 0.0632121 0.978365 140.047 0.117403 0.992259 -0.0404705 -8.14259 -0.97335 0.106891 -0.202892 108.921
-0.196118 0.0629679 0.978556 140.741 0.119574 0.992024 -0.03987 -8.1791 -0.973262 0.109191 -0.202083 108.779
-0.194116 0.0611477 0.979071 141.417 0.120811 0.991947 -0.0379992 -8.21876 -0.973511 0.110907 -0.19994 108.638
-0.191929 0.0583984 0.97967 142.087 0.122269 0.991873 -0.035172 -8.25654 -0.973763 0.113033 -0.197509 108.495
-0.189671 0.0588536 0.980082 142.774 0.122881 0.991776 -0.0357752 -8.29638 -0.974128 0.113648 -0.195343 108.357
-0.186497 0.0609121 0.980566 143.416 0.124568 0.991486 -0.0378986 -8.33369 -0.974527 0.115079 -0.192497 108.217
-0.182222 0.0620845 0.981295 144.075 0.125991 0.991251 -0.0393184 -8.37338 -0.975152 0.11647 -0.18845 108.095
-0.176282 0.0609541 0.982451 144.705 0.126413 0.991217 -0.0388158 -8.41058 -0.976189 0.117352 -0.182439 107.962
-0.170024 0.0590766 0.983668 145.351 0.128223 0.991041 -0.0373564 -8.4473 -0.977062 0.119778 -0.176076 107.839
-0.164436 0.0569706 0.984741 145.995 0.129063 0.99099 -0.0357807 -8.48387 -0.977908 0.12121 -0.170307 107.721
-0.159456 0.0560897 0.98561 146.632 0.129485 0.990947 -0.0354449 -8.51873 -0.978676 0.12197 -0.165275 107.608
-0.154899 0.0542106 0.986442 147.274 0.131658 0.990719 -0.0337717 -8.55289 -0.979118 0.124641 -0.160599 107.506
-0.150911 0.0523818 0.987158 147.897 0.134976 0.990334 -0.031916 -8.58453 -0.979289 0.128427 -0.156523 107.404
-0.146792 0.0503696 0.987884 148.51 0.137884 0.989994 -0.0299889 -8.61359 -0.97951 0.131811 -0.152268 107.298
-0.143237 0.049483 0.988451 149.125 0.136909 0.990137 -0.0297279 -8.64348 -0.980173 0.13107 -0.148598 107.206
-0.13896 0.0507264 0.988998 149.748 0.13493 0.990343 -0.031837 -8.67847 -0.981063 0.129021 -0.144463 107.122
-0.134223 0.0542869 0.989463 150.347 0.136944 0.989933 -0.035736 -8.70862 -0.981443 0.130705 -0.140306 107.038
-0.128625 0.0575381 0.990023 150.941 0.138651 0.989552 -0.0394972 -8.73842 -0.981953 0.132188 -0.135259 106.954
-0.12121 0.058603 0.990896 151.538 0.138267 0.98952 -0.0416084 -8.76996 -0.98295 0.131965 -0.128042 106.874
-0.112081 0.0575901 0.992029 152.132 0.134207 0.990049 -0.0423123 -8.80196 -0.984595 0.128394 -0.118695 106.806
-0.10266 0.0560426 0.993137 152.728 0.133569 0.990146 -0.042067 -8.84036 -0.985708 0.128334 -0.109134 106.771
-0.090614 0.0542997 0.994405 153.312 0.133071 0.990218 -0.0419452 -8.88529 -0.986956 0.128525 -0.0969533 106.72
-0.0765951 0.0530077 0.995652 153.897 0.133058 0.990197 -0.0424812 -8.92276 -0.988144 0.129226 -0.0828972 106.671
-0.0609145 0.0525342 0.99676 154.482 0.131845 0.990286 -0.0441358 -8.96323 -0.989397 0.128729 -0.0672491 106.647
