1 0 0 0 0 1 0 0 0 0 1 0
0.999999 -0.00125168 1.70791e-05 0.0596743 0.00125169 0.999999 -0.00121143 -0.0229013 -1.55628e-05 0.00121145 0.999999 1.18797
0.999999 -0.00112951 -0.000224772 0.080658 0.00112934 0.999999 -0.000784659 -0.0445468 0.000225658 0.000784405 1 2.42928
0.999997 -0.00210286 -0.00077651 0.0934553 0.00210211 0.999997 -0.000967523 -0.0634314 0.000778543 0.000965888 0.999999 3.64299
0.999994 -0.00314647 -0.00167135 0.109546 0.00314405 0.999994 -0.00144656 -0.0819143 0.00167589 0.0014413 0.999998 4.87267
0.999992 -0.0036246 -0.00191082 0.114799 0.00362088 0.999992 -0.0019473 -0.101089 0.00191786 0.00194037 0.999996 6.09013
0.999995 -0.00234202 -0.00215454 0.115444 0.00233549 0.999993 -0.0030253 -0.123345 0.00216161 0.00302025 0.999993 7.2975
0.999994 -0.00232644 -0.00239624 0.120404 0.00231757 0.999991 -0.00369646 -0.144451 0.00240482 0.00369089 0.99999 8.5
0.999995 -0.00181972 -0.00251306 0.117867 0.00181416 0.999996 -0.00221271 -0.171512 0.00251707 0.00220814 0.999994 9.68562
0.999988 -0.00188162 -0.00444382 0.11555 0.00187538 0.999997 -0.00140697 -0.187149 0.00444646 0.00139862 0.999989 10.9036
0.999966 -0.002283 -0.00796064 0.10747 0.00226385 0.999995 -0.00241379 -0.205102 0.00796611 0.00239568 0.999965 12.1236
0.999941 -0.00146205 -0.0107559 0.0887354 0.00142998 0.999995 -0.00298896 -0.225553 0.0107603 0.0029734 0.999938 13.3242
0.999919 -0.00126791 -0.0126539 0.0690004 0.00122874 0.999995 -0.00310285 -0.250401 0.0126577 0.00308705 0.999915 14.5454
0.999905 0.000476809 -0.0137872 0.0432091 -0.000524156 0.999994 -0.00343085 -0.276178 0.0137854 0.00343775 0.999899 15.7684
0.99989 -0.00130514 -0.0147699 0.0143063 0.00124696 0.999991 -0.00394721 -0.304844 0.0147749 0.00392836 0.999883 16.9706
0.999866 -0.00163789 -0.016311 0.00038812 0.00158298 0.999993 -0.00337881 -0.332476 0.0163164 0.00335254 0.999861 18.1836
0.999842 -0.00318166 -0.0174816 -0.0186091 0.00312404 0.99999 -0.00332219 -0.360267 0.0174919 0.00326705 0.999842 19.416
0.999828 -0.0031635 -0.0182829 -0.0468041 0.00309358 0.999988 -0.0038511 -0.398574 0.0182949 0.00379388 0.999825 20.6396
0.999807 -0.00320942 -0.0193644 -0.0766511 0.00313247 0.999987 -0.00400296 -0.43697 0.019377 0.00394153 0.999804 21.8638
0.999791 -0.00280013 -0.0202532 -0.114568 0.00273988 0.999992 -0.00300223 -0.471643 0.0202614 0.00294612 0.99979 23.0745
0.99977 -0.00312426 -0.0212103 -0.153035 0.00306551 0.999991 -0.00280177 -0.504932 0.0212188 0.00273611 0.999771 24.2914
0.999757 -0.00290843 -0.0218732 -0.197488 0.00283996 0.999991 -0.00316108 -0.53809 0.0218822 0.00309819 0.999756 25.5017
0.999746 -0.00218321 -0.022425 -0.23702 0.00213224 0.999995 -0.00229663 -0.56655 0.0224299 0.00224823 0.999746 26.742
0.999726 -0.0029743 -0.0232237 -0.267136 0.00296995 0.999996 -0.000221859 -0.587763 0.0232242 0.000152826 0.99973 27.9777
0.999701 -0.00321739 -0.0242536 -0.306307 0.00319963 0.999995 -0.000771171 -0.606986 0.0242559 0.000693339 0.999705 29.1643
0.99968 -0.00268595 -0.0251764 -0.335331 0.00263076 0.999994 -0.00222482 -0.625735 0.0251823 0.00215787 0.999681 30.38
0.999643 -0.00350922 -0.0264849 -0.363623 0.003433 0.99999 -0.00292288 -0.655611 0.0264949 0.00283091 0.999645 31.588
0.999601 -0.00250921 -0.0281333 -0.390974 0.00244349 0.999994 -0.00237018 -0.692015 0.028139 0.0023005 0.999601 32.7906
0.999589 -0.00281369 -0.0285499 -0.435157 0.00275406 0.999994 -0.00212773 -0.711027 0.0285557 0.00204823 0.99959 34.0088
0.999551 -0.00397957 -0.0297013 -0.472752 0.00391077 0.99999 -0.00237419 -0.727541 0.0297104 0.00225697 0.999556 35.2421
0.999498 -0.00494915 -0.0313118 -0.50688 0.00487362 0.999985 -0.00248806 -0.750673 0.0313236 0.00233421 0.999507 36.4604
0.99945 -0.00552134 -0.0327021 -0.542219 0.00543257 0.999981 -0.00280279 -0.771931 0.032717 0.00262359 0.999461 37.6773
0.999405 -0.00685455 -0.0338185 -0.577178 0.00677371 0.999974 -0.00250417 -0.794708 0.0338348 0.00227361 0.999425 38.9027
0.999377 -0.00650831 -0.0347003 -0.613182 0.00645601 0.999978 -0.00161901 -0.816359 0.03471 0.00139397 0.999396 40.1283
0.999338 -0.00640385 -0.0358127 -0.649669 0.00637231 0.999979 -0.000994659 -0.838507 0.0358183 0.000765791 0.999358 41.3586
0.9993 -0.00521284 -0.0370604 -0.687998 0.0051613 0.999986 -0.00148622 -0.861184 0.0370676 0.0012939 0.999312 42.5888
0.999274 -0.00400278 -0.0378827 -0.728449 0.00394759 0.999991 -0.00153156 -0.883962 0.0378885 0.0013809 0.999281 43.82
0.999259 -0.00185656 -0.0384427 -0.769844 0.00184726 0.999998 -0.000277449 -0.905556 0.0384431 0.000206231 0.999261 45.0516
0.999276 -0.00216407 -0.0379997 -0.811357 0.00226034 0.999994 0.00249083 -0.925767 0.0379941 -0.00257491 0.999275 46.2755
0.999297 -0.00207396 -0.0374317 -0.850834 0.00226387 0.999985 0.00503197 -0.947644 0.0374206 -0.00511317 0.999286 47.4987
0.999325 -0.00164129 -0.0367152 -0.893952 0.00195104 0.999963 0.00840232 -0.96567 0.0367 -0.00846828 0.99929 48.737
0.999345 -0.00259441 -0.036093 -0.943265 0.00294182 0.99995 0.00957569 -0.981717 0.0360663 -0.0096756 0.999302 49.954
0.999348 -0.00544847 -0.0356835 -0.979906 0.00575044 0.999949 0.0083654 -0.999334 0.0356361 -0.00856514 0.999328 51.183
0.999359 -0.00500733 -0.0354456 -1.02292 0.00526744 0.99996 0.00724888 -1.0184 0.0354079 -0.00743094 0.999345 52.4069
0.999412 -0.00545694 -0.0338405 -1.11076 0.00569723 0.999959 0.00700812 -1.03634 0.0338009 -0.0071968 0.999403 53.5879
0.999454 -0.00559282 -0.0325676 -1.17763 0.00582291 0.999959 0.0069743 -1.0615 0.0325272 -0.00716012 0.999445 54.8148
0.999452 -0.00646412 -0.0324589 -1.24323 0.00669155 0.999954 0.00690325 -1.08712 0.0324128 -0.00711667 0.999449 56.0239
0.999439 -0.00590181 -0.0329731 -1.31441 0.00616981 0.999949 0.00803186 -1.10584 0.032924 -0.00823079 0.999424 57.2546
0.999358 -0.00658409 -0.0352149 -1.3515 0.00691599 0.999933 0.00931172 -1.12536 0.0351513 -0.00954929 0.999336 58.4683
0.999323 -0.00714212 -0.0360901 -1.40881 0.00752115 0.999918 0.0103775 -1.14714 0.036013 -0.0106419 0.999294 59.6948
0.999292 -0.0064056 -0.0370845 -1.46649 0.00681406 0.999917 0.0108985 -1.16857 0.0370117 -0.0111435 0.999252 60.9298
0.999253 -0.00721706 -0.0379783 -1.5205 0.00764385 0.999909 0.0111046 -1.18766 0.0378947 -0.0113866 0.999217 62.1311
0.999206 -0.00869495 -0.0388778 -1.56708 0.00912882 0.999898 0.0109965 -1.20223 0.0387782 -0.0113427 0.999183 63.3514
0.999072 -0.0107336 -0.0417144 -1.59411 0.0111541 0.999889 0.00986077 -1.21813 0.0416039 -0.0103169 0.999081 64.5713
0.999015 -0.0115618 -0.0428438 -1.64408 0.0120612 0.999862 0.0114171 -1.23341 0.0427059 -0.0119226 0.999016 65.7838
0.999044 -0.0110391 -0.042309 -1.72843 0.0115836 0.999853 0.012646 -1.23867 0.0421631 -0.013124 0.999024 66.9798
0.999068 -0.010113 -0.0419771 -1.79438 0.0105724 0.999887 0.0107348 -1.2379 0.0418637 -0.0111686 0.999061 68.1945
0.999054 -0.00905843 -0.0425417 -1.84236 0.00941929 0.999921 0.00828963 -1.23389 0.0424633 -0.0086825 0.99906 69.4231
0.999037 -0.00628576 -0.0434256 -1.90227 0.00662436 0.999949 0.00765781 -1.23238 0.0433752 -0.0079381 0.999027 70.6282
0.999051 -0.00399374 -0.0433708 -1.97068 0.004288 0.999969 0.00669393 -1.23502 0.0433427 -0.00687355 0.999036 71.8286
0.999076 -0.00137327 -0.042959 -2.03871 0.00166523 0.999976 0.00676131 -1.24212 0.0429486 -0.0068266 0.999054 73.0447
0.999232 -0.000117121 -0.0391755 -2.13555 0.000454927 0.999963 0.00861414 -1.26459 0.039173 -0.00862535 0.999195 74.2478
0.999322 0.00180781 -0.0367732 -2.20219 -0.00146459 0.999955 0.00935838 -1.27941 0.0367885 -0.00929818 0.99928 75.4486
0.999443 0.000504552 -0.033358 -2.26451 -0.000268713 0.999975 0.00707412 -1.2973 0.0333607 -0.00706122 0.999418 76.6497
0.999526 -0.00236668 -0.0307099 -2.30262 0.00244051 0.999994 0.00236711 -1.31342 0.0307041 -0.00244094 0.999525 77.8592
0.999592 -0.00209195 -0.0284826 -2.34139 0.00214451 0.999996 0.00181517 -1.33117 0.0284787 -0.00187552 0.999592 79.0519
0.999692 -0.00285577 -0.024639 -2.37829 0.00297619 0.999984 0.00485195 -1.34509 0.0246247 -0.00492379 0.999684 80.2472
0.999795 -0.00210135 -0.0201349 -2.41918 0.00221064 0.999983 0.00540758 -1.35895 0.0201232 -0.00545099 0.999782 81.4245
0.999853 -0.00264268 -0.0169757 -2.43392 0.00270942 0.999989 0.00390986 -1.37751 0.0169652 -0.00395528 0.999848 82.6299
0.999888 -0.00381089 -0.0144469 -2.44784 0.00382964 0.999992 0.00127075 -1.40033 0.0144419 -0.00132594 0.999895 83.8105
0.999942 -0.000139011 -0.0108189 -2.46351 7.81516e-05 0.999984 -0.00562526 -1.39734 0.0108195 0.00562408 0.999925 84.991
0.999973 0.00178271 -0.00717271 -2.47482 -0.00183949 0.999967 -0.00791776 -1.41678 0.00715837 0.00793073 0.999943 86.1758
0.99999 0.000585897 -0.00443607 -2.47452 -0.000621577 0.999968 -0.00804555 -1.42536 0.00443122 0.00804821 0.999957 87.3589
0.999998 0.000941234 -0.00193131 -2.46188 -0.00095845 0.99996 -0.00893081 -1.44381 0.00192284 0.00893263 0.999958 88.5543
1 0.000891164 0.000271047 -2.44956 -0.000887866 0.999928 -0.0119434 -1.46444 -0.000281659 0.0119432 0.999928 89.7435
0.999998 5.62796e-06 0.00208737 -2.43186 2.5846e-05 0.999887 -0.0150793 -1.49326 -0.0020872 0.0150793 0.999884 90.9021
0.999984 0.000566863 0.0056653 -2.43637 -0.000479364 0.999881 -0.0154346 -1.5234 -0.00567336 0.0154316 0.999865 92.0911
0.999976 -0.0013854 0.00675712 -2.41406 0.00147194 0.999917 -0.0128202 -1.57949 -0.00673878 0.0128298 0.999895 93.2399
0.999963 -0.00180984 0.00842715 -2.392 0.00189923 0.999942 -0.010612 -1.62165 -0.00840744 0.0106276 0.999908 94.4324
0.999939 -0.00362666 0.0104594 -2.37629 0.00371322 0.999959 -0.00826867 -1.65767 -0.0104289 0.00830699 0.999911 95.6049
0.999812 -0.00455502 0.0188564 -2.44027 0.004724 0.999949 -0.00892714 -1.6806 -0.0188147 0.00901453 0.999782 96.757
0.999791 -0.0054077 0.0197289 -2.40385 0.00564422 0.999913 -0.0119528 -1.7082 -0.0196625 0.0120616 0.999734 97.914
0.99977 -0.00754331 0.0200629 -2.35911 0.00786572 0.999841 -0.01604 -1.73555 -0.0199386 0.0161941 0.99967 99.1102
0.999791 -0.00838931 0.0186616 -2.29671 0.00874019 0.999785 -0.0188008 -1.77555 -0.0184999 0.01896 0.999649 100.269
0.999781 -0.00919014 0.0187923 -2.25865 0.00955683 0.999764 -0.0195167 -1.81431 -0.0186084 0.019692 0.999633 101.459
0.999795 -0.00930571 0.0180071 -2.22151 0.00965749 0.999763 -0.0195482 -1.85314 -0.0178209 0.019718 0.999647 102.648
0.999834 -0.00935001 0.015628 -2.18777 0.00962374 0.9998 -0.0175325 -1.88939 -0.015461 0.01768 0.999724 103.838
0.999871 -0.00755831 0.0142047 -2.14667 0.00779294 0.999833 -0.0165353 -1.90798 -0.0140774 0.0166439 0.999762 105.124
0.999914 -0.00618194 0.0115818 -2.12728 0.0063739 0.999842 -0.0166114 -1.9283 -0.0114773 0.0166838 0.999795 106.363
0.999949 -0.00529269 0.00861465 -2.097 0.00543731 0.999844 -0.0168518 -1.95411 -0.00852408 0.0168977 0.999821 107.639
0.999984 -0.00334187 0.0045796 -2.0755 0.00342243 0.999838 -0.0176981 -1.98308 -0.00451968 0.0177134 0.999833 108.907
1 9.30936e-05 7.84607e-05 -2.08838 -9.16561e-05 0.999836 -0.0181483 -2.0108 -8.01091e-05 0.0181482 0.999835 110.129
0.999991 0.00189436 -0.00379595 -2.09781 -0.00196322 0.999832 -0.0182197 -2.04098 0.00376082 0.018227 0.999827 111.368
0.999956 0.00441963 -0.0082392 -2.11193 -0.00456652 0.99983 -0.0178955 -2.07136 0.00815873 0.0179323 0.999806 112.609
0.99991 0.00445686 -0.0126377 -2.16723 -0.00467171 0.999845 -0.017022 -2.10984 0.0125599 0.0170795 0.999775 113.81
0.999874 0.00477556 -0.0151533 -2.26021 -0.00502498 0.999852 -0.0164646 -2.14359 0.0150724 0.0165387 0.999749 114.99
0.999826 0.00457978 -0.0180611 -2.35485 -0.00488444 0.999846 -0.0168605 -2.18184 0.0179812 0.0169458 0.999695 116.212
0.999774 0.00576744 -0.020478 -2.45254 -0.00611686 0.999837 -0.0170415 -2.22029 0.0203764 0.0171629 0.999645 117.433
0.999699 0.00635174 -0.0237012 -2.54599 -0.00676072 0.999829 -0.0172152 -2.25566 0.0235878 0.0173702 0.999571 118.711
0.999591 0.00708987 -0.0277094 -2.60273 -0.0076031 0.999801 -0.0184603 -2.29311 0.027573 0.0186634 0.999445 120.011
0.999495 0.00822676 -0.0306887 -2.65511 -0.00879931 0.999789 -0.0185684 -2.32627 0.0305295 0.018829 0.999356 121.284
0.999436 0.011012 -0.0317374 -2.72255 -0.0116275 0.999747 -0.0192759 -2.3665 0.0315171 0.019634 0.99931 122.529
0.999426 0.0121539 -0.0316397 -2.78644 -0.0127808 0.999725 -0.019685 -2.40637 0.0313918 0.020078 0.999305 123.78
0.999392 0.0138586 -0.0320091 -2.8508 -0.0144898 0.999704 -0.0195728 -2.44599 0.0317284 0.0200247 0.999296 125.031
0.999382 0.0142143 -0.0321416 -2.9165 -0.0148259 0.999712 -0.0188703 -2.48482 0.0318641 0.0193352 0.999305 126.283
0.999505 0.0145572 -0.0279033 -3.06777 -0.0150628 0.999725 -0.0179972 -2.53547 0.0276336 0.0184086 0.999449 127.513
0.999536 0.017935 -0.0246074 -3.19946 -0.0183255 0.999709 -0.015738 -2.5776 0.024318 0.0161817 0.999573 128.749
0.99948 0.0191822 -0.0258979 -3.23003 -0.0195036 0.999736 -0.0122157 -2.62006 0.0256568 0.0127145 0.99959 129.967
0.999472 0.01731 -0.027506 -3.26053 -0.0176713 0.99976 -0.0129464 -2.65692 0.0272753 0.0134256 0.999538 131.229
0.999425 0.0174498 -0.0290672 -3.29525 -0.0178742 0.999737 -0.0144049 -2.6912 0.0288082 0.0149162 0.999474 132.503
0.999437 0.0141283 -0.0304312 -3.33364 -0.0145618 0.999795 -0.0140734 -2.72242 0.0302261 0.0145086 0.999438 133.796
0.999399 0.0121339 -0.0324761 -3.37174 -0.0125569 0.999839 -0.0128522 -2.75282 0.032315 0.0132523 0.99939 135.088
0.999408 0.00848587 -0.0333265 -3.4117 -0.00887251 0.999895 -0.0114705 -2.78449 0.0332257 0.0117594 0.999379 136.375
0.999312 0.00698409 -0.0364286 -3.42591 -0.0073794 0.999915 -0.0107282 -2.8204 0.0363506 0.0109896 0.999279 137.672
0.99928 0.00268025 -0.0378408 -3.45466 -0.00315267 0.999918 -0.01243 -2.86105 0.0378044 0.0125404 0.999206 138.986
0.999241 6.1842e-05 -0.0389551 -3.49419 -0.000581275 0.999911 -0.0133228 -2.89941 0.0389508 0.0133353 0.999152 140.276
0.999254 -0.00179846 -0.0385853 -3.55261 0.00126868 0.999905 -0.0137502 -2.93681 0.0386064 0.0136909 0.999161 141.564
0.999279 -0.00157013 -0.0379419 -3.61853 0.00105059 0.999906 -0.0137091 -2.97204 0.0379599 0.0136593 0.999186 142.834
0.999271 -0.00105698 -0.0381631 -3.66393 0.000578489 0.999921 -0.0125467 -3.00135 0.0381733 0.0125155 0.999193 144.138
0.99926 0.00142987 -0.03844 -3.70938 -0.00187359 0.999932 -0.0115095 -3.02999 0.038421 0.011573 0.999195 145.44
0.999234 0.00137752 -0.0390953 -3.75511 -0.00191202 0.999905 -0.0136374 -3.06099 0.0390729 0.0137017 0.999142 146.754
0.999216 0.00207254 -0.0395332 -3.80154 -0.00270424 0.99987 -0.015932 -3.09506 0.0394951 0.0160264 0.999091 148.069
0.99924 0.00212072 -0.0389047 -3.87156 -0.00285824 0.999817 -0.0189111 -3.13651 0.0388575 0.019008 0.999064 149.363
0.999292 0.00105938 -0.0376129 -3.96082 -0.00194249 0.999723 -0.0234499 -3.18528 0.0375776 0.0235063 0.999017 150.629
0.999367 0.00201802 -0.0355164 -4.05356 -0.00297408 0.999634 -0.0268866 -3.24211 0.0354492 0.0269751 0.999007 151.914
0.999497 0.00152136 -0.0316749 -4.18529 -0.00239955 0.999613 -0.0277055 -3.31186 0.0316205 0.0277675 0.999114 153.197
0.99949 0.0020354 -0.0318557 -4.24983 -0.00292616 0.999605 -0.0279404 -3.37224 0.0317862 0.0280194 0.999102 154.453
0.999493 0.00163638 -0.0317972 -4.29929 -0.00247962 0.999646 -0.026498 -3.44375 0.0317426 0.0265634 0.999143 155.743
0.99948 0.00271922 -0.0321336 -4.34557 -0.00351656 0.999687 -0.0247826 -3.51065 0.0320562 0.0248827 0.999176 157.02
0.999465 0.0026831 -0.0325717 -4.39235 -0.00345277 0.999716 -0.0235967 -3.57592 0.0324991 0.0236966 0.999191 158.297
0.999428 0.00182801 -0.0337517 -4.43251 -0.00262888 0.999716 -0.0236989 -3.63499 0.0336988 0.0237741 0.999149 159.556
0.999376 0.00155006 -0.0352772 -4.4764 -0.00237397 0.999725 -0.0233252 -3.69158 0.0352314 0.0233944 0.999105 160.827
0.999345 0.00118912 -0.0361675 -4.52142 -0.0019819 0.999758 -0.0218916 -3.74631 0.0361328 0.0219489 0.999106 162.098
0.999318 0.00222599 -0.0368421 -4.57424 -0.00301945 0.999764 -0.0214951 -3.79911 0.0367856 0.0215917 0.99909 163.4
0.999277 0.00322132 -0.037887 -4.62884 -0.00406979 0.999742 -0.0223389 -3.85135 0.0378053 0.0224769 0.999032 164.678
0.999232 0.00262124 -0.0390905 -4.68513 -0.00354343 0.999716 -0.0235402 -3.9052 0.0390177 0.0236606 0.998958 165.955
0.999247 0.00351283 -0.0386391 -4.7729 -0.00441447 0.999719 -0.0232742 -3.96048 0.0385465 0.0234272 0.998982 167.198
0.999201 0.00323323 -0.0398161 -4.8158 -0.00421977 0.999685 -0.024718 -4.00793 0.0397237 0.0248662 0.998901 168.545
0.999242 0.0045292 -0.03866 -4.92912 -0.00550802 0.999666 -0.0252497 -4.06953 0.0385328 0.0254434 0.998933 169.783
0.999232 0.00398777 -0.0389757 -5.00231 -0.00494317 0.999689 -0.0244469 -4.13732 0.0388661 0.0246208 0.998941 171.073
0.999335 0.00409128 -0.0362288 -5.14778 -0.00491021 0.999734 -0.022544 -4.2029 0.036127 0.0227069 0.999089 172.328
0.999428 0.00288604 -0.0336807 -5.26116 -0.00361166 0.999762 -0.021503 -4.27714 0.0336107 0.0216123 0.999201 173.614
0.999452 0.00356945 -0.032909 -5.33754 -0.00425207 0.999777 -0.0206956 -4.33223 0.0328278 0.0208241 0.999244 174.905
0.999471 0.0044341 -0.0322095 -5.42209 -0.00508466 0.999784 -0.0201436 -4.38336 0.0321132 0.0202967 0.999278 176.176
0.999499 0.00402922 -0.0313635 -5.50722 -0.00469234 0.999766 -0.021098 -4.43483 0.0312712 0.0212346 0.999285 177.461
0.999528 0.00535005 -0.0302273 -5.59067 -0.00600374 0.999749 -0.0215763 -4.48701 0.0301043 0.0217476 0.99931 178.746
0.999572 0.00497239 -0.028813 -5.67146 -0.00559319 0.999753 -0.0215051 -4.53874 0.028699 0.021657 0.999353 180.033
0.999621 0.00465837 -0.0271181 -5.75016 -0.00527044 0.999732 -0.0225427 -4.5919 0.0270058 0.0226771 0.999378 181.32
0.999664 0.00437148 -0.0255458 -5.82685 -0.00498198 0.999702 -0.0238834 -4.64687 0.0254338 0.0240026 0.999388 182.607
0.999655 0.00173575 -0.0262074 -5.86661 -0.00236129 0.999713 -0.0238562 -4.69881 0.0261585 0.0239099 0.999372 183.892
0.999641 0.001498 -0.0267455 -5.8952 -0.00204427 0.99979 -0.0204086 -4.75056 0.0267093 0.0204559 0.999434 185.212
0.999636 0.0012483 -0.0269493 -5.93564 -0.00168366 0.999868 -0.0161381 -4.79762 0.0269256 0.0161776 0.999506 186.497
0.999647 0.00259507 -0.0264342 -5.98338 -0.00303167 0.999859 -0.0164894 -4.84602 0.0263877 0.0165637 0.999514 187.768
0.999615 0.00376778 -0.0274843 -6.01185 -0.00430078 0.999803 -0.0193596 -4.89497 0.027406 0.0194704 0.999435 189.043
0.999626 0.00213256 -0.0272409 -6.06117 -0.00270446 0.999776 -0.0209742 -4.95091 0.0271901 0.02104 0.999409 190.295
0.999651 0.00101394 -0.0263681 -6.10946 -0.00155053 0.999792 -0.0203371 -5.00443 0.026342 0.0203709 0.999445 191.559
0.999679 -0.000443682 -0.0253123 -6.15917 -3.44985e-05 0.999822 -0.0188875 -5.05647 0.0253161 0.0188823 0.999501 192.818
0.999699 -0.00109708 -0.0245012 -6.21005 0.000679767 0.999855 -0.017034 -5.10596 0.0245164 0.0170122 0.999554 194.073
0.999704 -0.00127578 -0.0242869 -6.23296 0.000878661 0.999866 -0.0163545 -5.14856 0.0243045 0.0163283 0.999571 195.373
0.999734 -0.00105615 -0.0230272 -6.26691 0.000660093 0.999852 -0.0171999 -5.19251 0.023042 0.0171801 0.999587 196.633
0.999775 -0.0023578 -0.021064 -6.29927 0.00196274 0.999822 -0.0187559 -5.23853 0.0211045 0.0187103 0.999602 197.892
0.999844 -0.00133464 -0.017568 -6.34419 0.000984129 0.999801 -0.0199451 -5.28395 0.0175912 0.0199247 0.999647 199.132
0.9999 -0.00334462 -0.0136673 -6.38699 0.0030546 0.999771 -0.0211852 -5.33051 0.013735 0.0211413 0.999682 200.37
0.99992 -0.00311437 -0.0122078 -6.41297 0.00286567 0.999789 -0.0203368 -5.38005 0.0122686 0.0203001 0.999718 201.605
0.999947 -0.00327011 -0.00966505 -6.44393 0.00309142 0.999825 -0.0184454 -5.42818 0.0097237 0.0184145 0.999783 202.833
0.999956 -0.00338461 -0.00873154 -6.46193 0.00322773 0.999834 -0.0179183 -5.4767 0.00879076 0.0178893 0.999801 204.052
0.999961 -0.00322545 -0.00819826 -6.47915 0.00307978 0.999838 -0.0177189 -5.52378 0.00825411 0.0176929 0.999809 205.271
0.999962 -0.00337894 -0.00794132 -6.49614 0.00323571 0.999833 -0.0179799 -5.57122 0.00800077 0.0179535 0.999807 206.49
0.999974 -0.00324832 -0.00635177 -6.54534 0.00313705 0.999843 -0.017449 -5.62182 0.00640748 0.0174287 0.999827 207.681
0.999986 -0.00289979 -0.00438849 -6.59219 0.00282241 0.999842 -0.0175379 -5.67255 0.00443868 0.0175252 0.999836 208.872
0.999991 -0.00296698 -0.00293252 -6.61979 0.0029155 0.999844 -0.0174067 -5.72112 0.00298373 0.017398 0.999844 210.067
0.999991 -0.00359284 -0.00196125 -6.63631 0.0035582 0.999843 -0.0173903 -5.76717 0.00202345 0.0173831 0.999847 211.243
0.99999 -0.00289668 -0.00307439 -6.62124 0.00284535 0.999859 -0.0165678 -5.81525 0.00312197 0.0165588 0.999858 212.436
0.999984 -0.00350396 -0.00426746 -6.6171 0.00343668 0.999871 -0.0156701 -5.86009 0.00432184 0.0156552 0.999868 213.605
0.999981 -0.00393424 -0.00473101 -6.62585 0.00385987 0.999871 -0.0156282 -5.90889 0.0047919 0.0156096 0.999866 214.75
0.999985 -0.00274986 -0.0046915 -6.64072 0.00267332 0.999865 -0.0162435 -5.95898 0.00473555 0.0162307 0.999857 215.855
0.999988 -0.00334802 -0.00327422 -6.67363 0.00329341 0.999858 -0.0165422 -6.00865 0.00332916 0.0165312 0.999858 216.969
0.999985 -0.00431909 -0.00322961 -6.69325 0.00426535 0.999855 -0.0164651 -6.05672 0.00330027 0.016451 0.999859 218.049
0.999978 -0.00472615 -0.00453317 -6.70339 0.00465092 0.999854 -0.0164656 -6.096 0.00461035 0.0164442 0.999854 219.13
0.999966 -0.00493257 -0.00651259 -6.71155 0.00482857 0.999862 -0.0158894 -6.13445 0.00659009 0.0158574 0.999852 220.182
0.999944 -0.00512942 -0.00921585 -6.72346 0.00499836 0.999887 -0.0141881 -6.17338 0.00928761 0.0141412 0.999857 221.216
0.999926 -0.00521493 -0.0108886 -6.75067 0.00507976 0.99991 -0.0124048 -6.21624 0.0109524 0.0123486 0.999864 222.306
0.999904 -0.00542513 -0.0126924 -6.77964 0.00526907 0.999911 -0.0122968 -6.25447 0.012758 0.0122287 0.999844 223.345
0.999857 -0.00477835 -0.0161816 -6.77559 0.00457205 0.999908 -0.0127619 -6.29109 0.0162411 0.012686 0.999787 224.434
0.999798 -0.0047553 -0.0194949 -6.78765 0.00450653 0.999908 -0.0127846 -6.32417 0.019554 0.0126941 0.999728 225.437
0.999759 -0.00368175 -0.0216126 -6.82764 0.00341649 0.999919 -0.0122972 -6.35741 0.0216562 0.0122204 0.999691 226.372
0.999691 -0.00350874 -0.0245839 -6.85489 0.00318915 0.99991 -0.0130272 -6.38838 0.0246275 0.0129448 0.999613 227.322
0.999626 -0.00377532 -0.027071 -6.8892 0.00340125 0.999898 -0.0138508 -6.42344 0.0271205 0.0137535 0.999537 228.254
0.999583 -0.00343094 -0.0286554 -6.94244 0.00302245 0.999893 -0.0142863 -6.4588 0.0287014 0.0141937 0.999487 229.138
0.999558 -0.00210815 -0.0296221 -7.00116 0.00168272 0.999895 -0.0143792 -6.49479 0.0296494 0.014323 0.999457 230.011
0.999511 -0.0017079 -0.0312034 -7.05238 0.00123739 0.999885 -0.0150916 -6.52911 0.0312256 0.0150456 0.999399 230.852
0.999474 -0.000514456 -0.0324058 -7.1017 2.65318e-05 0.999887 -0.0150551 -6.56332 0.0324099 0.0150463 0.999361 231.694
0.999554 0.000840603 -0.0298244 -7.17249 -0.00125894 0.999901 -0.0140106 -6.59739 0.0298097 0.0140418 0.999457 232.488
0.999588 0.000700451 -0.0286696 -7.21174 -0.00106807 0.999918 -0.0128091 -6.62998 0.0286582 0.0128344 0.999507 233.284
0.999639 0.00106413 -0.0268137 -7.25479 -0.00137638 0.999932 -0.0116289 -6.66318 0.0267995 0.0116616 0.999573 234.045
0.999695 0.00116473 -0.0246373 -7.2946 -0.00144699 0.999934 -0.0114413 -6.69366 0.0246224 0.0114735 0.999631 234.803
0.999726 0.00205916 -0.0232803 -7.33209 -0.00237486 0.999906 -0.013541 -6.71954 0.0232502 0.0135925 0.999637 235.54
0.999771 0.00228503 -0.0212396 -7.36296 -0.00261137 0.999879 -0.0153493 -6.75002 0.021202 0.0154013 0.999656 236.291
0.999821 0.00226151 -0.0187574 -7.396 -0.00256644 0.999865 -0.0162481 -6.77989 0.0187181 0.0162933 0.999692 237.029
0.999865 0.00307484 -0.0160814 -7.42712 -0.0033411 0.999857 -0.0165557 -6.80986 0.0160282 0.0166072 0.999733 237.767
0.999911 0.0027877 -0.0129687 -7.45186 -0.0029992 0.999862 -0.0163177 -6.83942 0.0129214 0.0163552 0.999783 238.507
0.999936 0.0030976 -0.0108105 -7.46465 -0.00327747 0.999856 -0.0166595 -6.8626 0.0107573 0.0166938 0.999803 239.235
0.999941 0.00314678 -0.0102894 -7.45064 -0.00332333 0.999847 -0.0171854 -6.88879 0.0102337 0.0172186 0.999799 239.963
0.999941 0.0022913 -0.010566 -7.42013 -0.00246995 0.999854 -0.0169257 -6.92991 0.0105257 0.0169508 0.999801 240.69
0.999923 0.00304353 -0.0119179 -7.36654 -0.00323423 0.999867 -0.0160136 -6.96872 0.0118676 0.0160509 0.999801 241.397
0.999928 0.000913379 -0.0118661 -7.33011 -0.0010821 0.999898 -0.01422 -7.00769 0.0118519 0.0142318 0.999828 242.099
0.999947 0.000619233 -0.0101834 -7.31864 -0.000730395 0.99994 -0.0109153 -7.06813 0.0101761 0.0109221 0.999888 242.799
0.999972 -0.000171625 -0.00731853 -7.32584 9.40548e-05 0.999944 -0.0105975 -7.09476 0.00731995 0.0105965 0.999917 243.495
0.999988 -0.000485892 -0.00460157 -7.32538 0.00043243 0.999933 -0.0116109 -7.10936 0.00460691 0.0116088 0.999922 244.186
0.999996 -0.00167354 -0.00161586 -7.32426 0.00165694 0.999947 -0.0102132 -7.14505 0.00163287 0.0102105 0.999946 244.917
0.999997 -0.00132963 0.00120163 -7.32619 0.00134402 0.999927 -0.0120531 -7.16149 -0.00118551 0.0120546 0.999926 245.606
0.999996 -0.00106736 0.00215354 -7.30773 0.00109378 0.999924 -0.0123077 -7.18606 -0.00214024 0.01231 0.999922 246.329
0.999988 -0.000746143 0.00454249 -7.30079 0.000838401 0.999793 -0.0203429 -7.14164 -0.00452636 0.0203465 0.999782 247.036
0.999991 -0.000436783 0.00401482 -7.27933 0.000488131 0.999918 -0.0127986 -7.21669 -0.0040089 0.0128004 0.99991 247.748
0.999974 -0.00202515 0.0068396 -7.276 0.00211446 0.999912 -0.013076 -7.24295 -0.00681252 0.01309 0.999891 248.472
0.999934 -0.00263708 0.0110669 -7.28502 0.00281988 0.999859 -0.0165352 -7.25558 -0.0110217 0.0165653 0.999802 249.189
0.999875 -0.00168898 0.0156673 -7.29674 0.00200133 0.999799 -0.0199425 -7.27155 -0.0156305 0.0199714 0.999678 249.912
0.999867 -0.00295828 0.0159714 -7.27969 0.0033165 0.999743 -0.0224489 -7.29155 -0.0159009 0.0224989 0.99962 250.641
0.999861 -0.00452166 0.0160136 -7.26604 0.00490287 0.999704 -0.0238469 -7.31087 -0.0159011 0.0239221 0.999587 251.37
0.999858 -0.00439465 0.0162065 -7.25393 0.00474985 0.999748 -0.021944 -7.34864 -0.016106 0.0220179 0.999627 252.106
0.999865 -0.00131057 0.0163403 -7.24342 0.00168605 0.999734 -0.0229863 -7.37495 -0.0163058 0.0230107 0.999602 252.854
0.999928 0.00359306 0.0113727 -7.21568 -0.00328546 0.999631 -0.0269526 -7.38158 -0.0114653 0.0269133 0.999572 253.6
0.999927 0.00429431 0.0111717 -7.2046 -0.00397068 0.999576 -0.0288315 -7.41398 -0.0112907 0.028785 0.999521 254.359
0.999928 0.00344229 0.0114588 -7.19149 -0.0030826 0.999506 -0.0312614 -7.44701 -0.0115608 0.0312238 0.999445 255.115
0.99993 7.08148e-05 0.0117774 -7.17802 0.000308487 0.999481 -0.0322013 -7.48032 -0.0117736 0.0322027 0.999412 255.871
0.999919 0.00337053 0.0122366 -7.17394 -0.00301558 0.999577 -0.0289109 -7.4997 -0.0123288 0.0288716 0.999507 256.675
0.999905 0.0058254 0.012382 -7.15865 -0.00552974 0.999702 -0.0237801 -7.52399 -0.0125168 0.0237094 0.99964 257.48
0.999906 0.00620322 0.012191 -7.14196 -0.00595223 0.999772 -0.020519 -7.55392 -0.0123155 0.0204445 0.999715 258.285
0.999899 0.00349642 0.0137398 -7.1344 -0.0031791 0.999729 -0.0230502 -7.58614 -0.0138166 0.0230042 0.999639 259.074
0.999826 0.00493186 0.0179367 -7.12596 -0.00440724 0.999565 -0.029172 -7.6142 -0.0180728 0.0290879 0.999413 259.885
0.999738 0.0071605 0.0216868 -7.11408 -0.00644435 0.999437 -0.0329149 -7.64568 -0.0219102 0.0327665 0.999222 260.698
0.999638 0.00932581 0.0251964 -7.10115 -0.00849781 0.999427 -0.0327717 -7.68228 -0.0254876 0.0325457 0.999145 261.523
0.999568 0.00706368 0.0284793 -7.08038 -0.00617894 0.999499 -0.0310355 -7.71772 -0.0286843 0.0308461 0.999112 262.379
0.999482 0.00438828 0.0318472 -7.05969 -0.00350351 0.999608 -0.0277846 -7.75933 -0.0319566 0.0276587 0.999106 263.22
0.999417 0.000688214 0.0341113 -7.02362 0.000220216 0.999646 -0.0266206 -7.7976 -0.0341175 0.0266126 0.999063 264.069
0.999288 -0.00030993 0.0376972 -7.00795 0.00131181 0.999646 -0.0265555 -7.83145 -0.0376756 0.026586 0.998936 264.899
0.999118 0.00200013 0.0419201 -7.00327 -0.000802588 0.999592 -0.0285649 -7.8748 -0.0419601 0.0285061 0.998712 265.76
0.998991 0.00433087 0.0446796 -6.98133 -0.00296929 0.99953 -0.030496 -7.9079 -0.0447907 0.0303326 0.998535 266.601
0.998857 0.00630124 0.047367 -6.95309 -0.00486136 0.999524 -0.0304525 -7.9414 -0.0475364 0.0301874 0.998413 267.449
0.998713 0.00805716 0.0500568 -6.90977 -0.00661924 0.999563 -0.0288256 -7.97326 -0.0502672 0.0284571 0.99833 268.314
0.998465 0.0115278 0.0541484 -6.88372 -0.0100463 0.99957 -0.0275517 -8.00435 -0.0544427 0.0269654 0.998152 269.154
0.998295 0.0113028 0.0572424 -6.85321 -0.00969462 0.999553 -0.0282941 -8.03716 -0.0575366 0.0276909 0.997959 269.991
0.998049 0.0124211 0.0611762 -6.82494 -0.0106723 0.999527 -0.0288313 -8.06915 -0.0615054 0.0281221 0.99771 270.836
0.998079 0.0112867 0.0608934 -6.7272 -0.00951768 0.999526 -0.0292627 -8.11085 -0.0611949 0.0286269 0.997715 271.714
0.99802 0.00846852 0.0623078 -6.67521 -0.0066413 0.999543 -0.0294748 -8.13654 -0.062529 0.0290026 0.997621 272.564
0.997966 0.00735889 0.0633067 -6.62546 -0.00547017 0.999536 -0.0299563 -8.16733 -0.0634978 0.029549 0.997544 273.424
0.997714 0.00684434 0.0672058 -6.63325 -0.00481007 0.999527 -0.0303846 -8.20248 -0.067382 0.0299919 0.997276 274.257
0.997561 0.00755479 0.0693691 -6.60096 -0.00555165 0.999563 -0.0290242 -8.25476 -0.0695581 0.0285683 0.997168 275.124
0.997542 0.00799785 0.0695892 -6.55619 -0.00603897 0.999581 -0.0283143 -8.29231 -0.0697865 0.0278245 0.997173 275.988
0.99746 0.00851177 0.0707045 -6.5249 -0.00652886 0.99958 -0.0282291 -8.32647 -0.0709151 0.0276957 0.997097 276.835
0.997619 0.00897846 0.0683615 -6.45895 -0.0070105 0.999556 -0.0289734 -8.36422 -0.0685913 0.0284251 0.997239 277.691
0.997706 0.00894557 0.0670911 -6.40841 -0.00692402 0.999517 -0.0303039 -8.40021 -0.0673297 0.0297699 0.997286 278.559
0.998004 0.0093923 0.0624242 -6.30716 -0.00751385 0.999514 -0.0302587 -8.44988 -0.062678 0.0297293 0.99759 279.435
0.998006 0.0114384 0.0620571 -6.27942 -0.00955756 0.999488 -0.0305208 -8.49197 -0.0623745 0.0298669 0.997605 280.297
0.997991 0.0139557 0.061786 -6.26641 -0.0120792 0.999457 -0.0306412 -8.52831 -0.0621801 0.0298333 0.997618 281.144
0.998056 0.0138423 0.0607457 -6.23317 -0.0119579 0.999439 -0.0312764 -8.55188 -0.0611446 0.0304892 0.997663 281.982
0.998229 0.0127778 0.0580864 -6.18432 -0.0110297 0.999479 -0.0303165 -8.59399 -0.0584435 0.0296221 0.997851 282.856
0.998429 0.0118392 0.0547353 -6.15197 -0.0103137 0.999553 -0.028069 -8.63181 -0.0550432 0.0274604 0.998106 283.707
0.998698 0.010416 0.0499045 -6.1103 -0.00904649 0.999578 -0.0275913 -8.65738 -0.0501709 0.0271039 0.998372 284.56
0.998924 0.0101949 0.0452107 -6.07903 -0.00900272 0.999608 -0.0264956 -8.69385 -0.0454631 0.0260601 0.998625 285.389
0.999119 0.0104546 0.0406045 -6.04999 -0.00940188 0.999617 -0.0260306 -8.72873 -0.0408611 0.0256259 0.998836 286.231
0.999361 0.00966922 0.034379 -6.00679 -0.00883362 0.999664 -0.0243752 -8.77801 -0.0346031 0.0240559 0.999111 287.069
0.999515 0.00791653 0.0300637 -5.98867 -0.00721152 0.999698 -0.0234873 -8.82417 -0.0302405 0.0232591 0.999271 287.868
0.999648 0.00702949 0.0255371 -5.96467 -0.00644036 0.999713 -0.0230791 -8.866 -0.025692 0.0229065 0.999407 288.676
0.999738 0.00728547 0.0216638 -5.95223 -0.00680711 0.999733 -0.022074 -8.90894 -0.0218188 0.0219207 0.999521 289.454
0.999785 0.00818769 0.0190061 -5.95016 -0.00778699 0.999748 -0.0210625 -8.94978 -0.0191738 0.0209099 0.999597 290.215
0.999868 0.00678592 0.0146962 -5.94488 -0.00646719 0.999745 -0.0216279 -8.97785 -0.0148392 0.02153 0.999657 290.944
0.999925 0.00609285 0.0105265 -5.94563 -0.00585506 0.99973 -0.0224747 -9.01057 -0.0106606 0.0224114 0.999691 291.67
0.99995 0.00795821 0.00582557 -5.95434 -0.0078176 0.999687 -0.0237754 -9.04755 -0.00601292 0.0237287 0.9997 292.371
0.999952 0.00960827 -0.000267625 -5.97799 -0.009612 0.99961 -0.026237 -9.08274 1.54702e-05 0.0262383 0.999655 293.027
0.99991 0.0102057 -0.00860131 -6.00337 -0.0104412 0.999559 -0.0277969 -9.11279 0.00831388 0.0278841 0.999576 293.669
0.999753 0.00944225 -0.0200362 -6.02096 -0.00999564 0.999566 -0.0277009 -9.16472 0.0197661 0.0278943 0.999415 294.305
0.999469 0.00852169 -0.0314157 -6.12825 -0.00938899 0.999576 -0.0275633 -9.19741 0.0311676 0.0278436 0.999126 294.867
0.998756 0.0101071 -0.0488048 -6.15691 -0.0114149 0.999581 -0.026591 -9.22726 0.0485157 0.027115 0.998454 295.49
0.997512 0.012494 -0.0693565 -6.19855 -0.0143007 0.99957 -0.0256143 -9.25649 0.0690067 0.0265424 0.997262 296.112
0.995593 0.0142086 -0.0926863 -6.2549 -0.0166468 0.999534 -0.0255862 -9.28575 0.0922796 0.0270163 0.995366 296.733
0.992792 0.0159377 -0.118774 -6.32768 -0.019055 0.999502 -0.0251563 -9.31474 0.118314 0.0272382 0.992602 297.352
0.988925 0.0168818 -0.147445 -6.41842 -0.0207294 0.999482 -0.0245975 -9.34336 0.146953 0.0273815 0.988764 297.968
0.98372 0.018297 -0.178767 -6.52855 -0.0227364 0.999481 -0.0228158 -9.37087 0.178256 0.0265088 0.983626 298.581
0.976892 0.0189321 -0.212889 -6.66001 -0.0238987 0.999498 -0.0207803 -9.3971 0.212389 0.0253879 0.976855 299.189
0.968336 0.0189861 -0.248924 -6.81806 -0.0243352 0.999534 -0.0184289 -9.41812 0.248458 0.0239029 0.968347 299.7
0.957891 0.0217986 -0.2863 -6.99594 -0.0273548 0.999507 -0.0154212 -9.43754 0.285823 0.0226035 0.958015 300.204
0.945318 0.0241213 -0.325253 -7.19439 -0.0297048 0.999484 -0.0122107 -9.45521 0.324791 0.0212045 0.945547 300.7
0.930546 0.026978 -0.365176 -7.41386 -0.0325096 0.999431 -0.00900675 -9.47115 0.364725 0.0202529 0.930894 301.188
0.913473 0.0285765 -0.40589 -7.65455 -0.0341645 0.999395 -0.00652669 -9.48577 0.405459 0.019829 0.913897 301.665
0.893764 0.0288011 -0.447608 -7.91708 -0.0340971 0.999411 -0.00377715 -9.49892 0.447236 0.018638 0.894221 302.13
0.871082 0.0285632 -0.490304 -8.20184 -0.03355 0.999436 -0.00138212 -9.51081 0.489988 0.0176536 0.871549 302.582
0.845572 0.0276565 -0.533143 -8.50883 -0.031907 0.99949 0.00124307 -9.52128 0.532906 0.0159599 0.846023 303.02
0.816837 0.0289787 -0.576137 -8.83785 -0.0324832 0.999463 0.00421703 -9.53016 0.575951 0.0152702 0.817341 303.44
0.784847 0.0314208 -0.618891 -9.18876 -0.0348459 0.999371 0.00654786 -9.53792 0.618708 0.0164267 0.785449 303.841
0.749854 0.0309542 -0.660876 -9.5544 -0.0335629 0.999398 0.00872829 -9.54649 0.660749 0.015636 0.750443 304.21
0.711279 0.0298629 -0.702273 -9.92468 -0.0296173 0.999483 0.0125041 -9.55096 0.702284 0.0119055 0.711796 304.527
0.668165 0.0292604 -0.743436 -10.3133 -0.0239506 0.999554 0.0178152 -9.553 0.743627 0.00590219 0.668568 304.821
0.622325 0.0294667 -0.782203 -10.7559 -0.0204491 0.999562 0.0213856 -9.51896 0.782491 0.00268651 0.622655 305.03
0.573345 0.0321152 -0.818683 -11.1723 -0.0210071 0.999479 0.0244956 -9.49025 0.819043 0.0031537 0.573722 305.192
0.523504 0.0375572 -0.851193 -11.6512 -0.0262597 0.999265 0.0279401 -9.44818 0.851617 0.00772529 0.524106 305.305
0.471874 0.0408732 -0.880717 -12.0919 -0.0296344 0.999096 0.0304894 -9.41459 0.881167 0.0117123 0.472659 305.382
0.418136 0.0426545 -0.907381 -12.5116 -0.0302368 0.998997 0.0330276 -9.3895 0.90788 0.0136262 0.419006 305.443
0.364463 0.0437653 -0.930187 -12.992 -0.0290195 0.998944 0.03563 -9.35605 0.930765 0.0140077 0.365348 305.471
0.310047 0.0461521 -0.949599 -13.4589 -0.0275526 0.998838 0.0395492 -9.32287 0.950321 0.0139018 0.310958 305.473
0.254871 0.0491172 -0.965725 -13.9251 -0.0257237 0.9987 0.0440054 -9.28797 0.966632 0.0136263 0.255803 305.448
0.196793 0.0516402 -0.979083 -14.3138 -0.0250873 0.99855 0.0476245 -9.26525 0.980123 0.0151904 0.197803 305.413
0.136519 0.0553474 -0.989089 -14.7182 -0.025456 0.998304 0.0523495 -9.24175 0.990309 0.0180316 0.137696 305.354
0.0752783 0.0602777 -0.995338 -15.1626 -0.0243788 0.997984 0.0585941 -9.20886 0.996864 0.0198543 0.0765961 305.27
0.012734 0.066614 -0.997696 -15.5857 -0.0225045 0.997545 0.0663167 -9.17861 0.999665 0.0216081 0.0142018 305.165
-0.0521536 0.0727064 -0.995987 -16.09 -0.0191834 0.997089 0.0737913 -9.13313 0.998454 0.0229549 -0.0506071 305.056
-0.1175 0.0782364 -0.989985 -16.5314 -0.0158296 0.996618 0.0806393 -9.09609 0.992946 0.0251462 -0.115864 304.933
-0.184377 0.0848513 -0.979185 -16.9523 -0.0103835 0.996043 0.0882673 -9.07443 0.9828 0.0264418 -0.182766 304.816
-0.248797 0.0886338 -0.96449 -17.426 -0.00550173 0.995658 0.0929173 -9.03372 0.968539 0.0284239 -0.247229 304.647
-0.312354 0.0910587 -0.94559 -17.879 -0.000980008 0.995364 0.0961756 -8.99362 0.949964 0.0309675 -0.310817 304.466
-0.37264 0.0921903 -0.923384 -18.3195 0.00384603 0.995198 0.0978081 -8.95894 0.927967 0.0328958 -0.371205 304.24
-0.429418 0.0928909 -0.898314 -18.7902 0.00855555 0.99507 0.0988062 -8.91758 0.903064 0.0347436 -0.428096 303.974
-0.482766 0.0932496 -0.870769 -19.2774 0.0120755 0.994929 0.099851 -8.86527 0.875665 0.0376897 -0.481445 303.677
-0.531082 0.0936662 -0.842126 -19.7474 0.016337 0.994818 0.100347 -8.81252 0.847162 0.0395346 -0.529861 303.352
-0.573578 0.0947825 -0.813647 -20.2419 0.0196834 0.994591 0.101985 -8.7538 0.818913 0.042481 -0.572342 302.977
-0.610729 0.0974541 -0.785818 -20.7187 0.0254427 0.9943 0.103535 -8.68179 0.791429 0.0432388 -0.609728 302.556
-0.648085 0.102367 -0.754655 -21.188 0.0336018 0.993803 0.105951 -8.60704 0.760825 0.0433074 -0.647509 302.11
-0.685211 0.105278 -0.720694 -21.6751 0.0392618 0.993398 0.107785 -8.52741 0.727284 0.0455596 -0.684821 301.629
-0.719607 0.103871 -0.686566 -22.1302 0.040943 0.993375 0.107375 -8.4458 0.693171 0.0491579 -0.719093 301.111
-0.750033 0.101548 -0.653556 -22.5403 0.0442926 0.993637 0.103557 -8.37243 0.659914 0.0487237 -0.749758 300.545
-0.777669 0.0990029 -0.620827 -22.9356 0.0475016 0.993953 0.0990029 -8.31322 0.626875 0.0475012 -0.77767 299.95
-0.804076 0.0953344 -0.58683 -23.3592 0.0488576 0.994317 0.0945883 -8.2558 0.592513 0.047385 -0.804165 299.304
-0.828569 0.0932697 -0.552061 -23.7878 0.0513927 0.994534 0.0908912 -8.18707 0.557521 0.0469378 -0.828834 298.621
-0.851066 0.0907654 -0.517152 -24.1855 0.0515808 0.994634 0.0896828 -8.11829 0.522517 0.0496509 -0.851181 297.927
-0.87158 0.087835 -0.482317 -24.5568 0.0512414 0.994752 0.088558 -8.05665 0.487565 0.0524708 -0.871508 297.144
-0.890199 0.087969 -0.446995 -24.8969 0.0544886 0.994696 0.0872419 -7.98846 0.452298 0.0533065 -0.890271 296.363
-0.907622 0.0903953 -0.409937 -25.228 0.0598817 0.994433 0.0867016 -7.92082 0.415492 0.0541446 -0.907983 295.561
-0.923027 0.0949849 -0.372823 -25.5282 0.0675164 0.993997 0.086087 -7.85367 0.378762 0.054289 -0.9239 294.724
-0.936715 0.0962957 -0.336584 -25.8092 0.0706746 0.993646 0.0875914 -7.78748 0.34288 0.0582603 -0.93757 293.84
-0.948632 0.0994729 -0.300333 -26.0762 0.0762067 0.993179 0.0882429 -7.7202 0.307062 0.0608227 -0.949743 292.914
-0.959026 0.0990741 -0.265425 -26.2907 0.0784912 0.993103 0.0870892 -7.65356 0.272223 0.0626873 -0.960189 292.005
-0.9679 0.0971256 -0.231807 -26.517 0.0797337 0.993331 0.0832747 -7.57929 0.238349 0.0621188 -0.96919 290.983
-0.975021 0.0953406 -0.200604 -26.6964 0.0807297 0.993535 0.0798141 -7.50707 0.206917 0.0616257 -0.976415 289.884
-0.980917 0.0946171 -0.169846 -26.8533 0.082228 0.993511 0.0785676 -7.4351 0.176178 0.0631022 -0.982333 288.845
-0.98582 0.0940788 -0.138942 -27.0008 0.0838378 0.993436 0.0778186 -7.36644 0.145351 0.0650665 -0.987237 287.823
-0.989452 0.0937777 -0.110399 -27.1119 0.0857345 0.993454 0.0754868 -7.29065 0.116756 0.0652255 -0.991016 286.709
-0.99206 0.0934496 -0.0841529 -27.1961 0.087295 0.993425 0.0740708 -7.21888 0.0905215 0.0661365 -0.993695 285.595
-0.994068 0.0910887 -0.0594027 -27.2559 0.0866185 0.993495 0.0739263 -7.13532 0.0657501 0.0683424 -0.995492 284.424
-0.995315 0.0896081 -0.0362851 -27.2927 0.0867608 0.993504 0.0736328 -7.05056 0.0426474 0.0701397 -0.996624 283.239
-0.996155 0.0861999 -0.0155791 -27.3056 0.0848827 0.993831 0.071371 -6.96504 0.0216351 0.0697742 -0.997327 282.017
-0.996611 0.0822352 0.000636472 -27.2925 0.0820852 0.994263 0.0685722 -6.89917 0.00500614 0.0683921 -0.997645 280.811
-0.996935 0.0772271 0.0124266 -27.2603 0.0778895 0.99471 0.0669648 -6.81899 -0.00718948 0.0677274 -0.997677 279.574
-0.997151 0.0728199 0.0196284 -27.2203 0.0739969 0.994936 0.0680104 -6.74353 -0.0145766 0.069269 -0.997491 278.355
