1 0 0 0 0 1 0 0 0 0 1 0
0.999993 0.0037149 -0.000905114 0.0334466 -0.00371445 0.999993 0.000505453 0.00322553 0.000906985 -0.000502087 0.999999 0.71156
0.999978 0.0061064 -0.00245765 0.0371922 -0.00610491 0.999981 0.000615306 -0.006593 0.00246136 -0.000600289 0.999997 1.46926
0.999967 0.00761737 -0.00298022 0.0261604 -0.00761705 0.999971 0.000116872 -0.0214482 0.00298102 -9.41679e-05 0.999996 2.20942
0.999947 0.0096475 -0.00359176 0.0161147 -0.00964807 0.999953 -0.000141311 -0.0369237 0.00359023 0.000175957 0.999994 2.95063
0.999944 0.00995369 -0.00365972 0.00425761 -0.00995491 0.99995 -0.000315636 -0.0535663 0.0036564 0.000352051 0.999993 3.67799
0.999945 0.00993241 -0.00337901 -0.00737545 -0.0099306 0.999951 0.000551034 -0.0695303 0.00338431 -0.000517448 0.999994 4.40537
0.999943 0.0103088 -0.00284086 -0.0135463 -0.0102994 0.999942 0.00329198 -0.0834993 0.00287463 -0.00326254 0.999991 5.12151
0.99995 0.00993542 -0.00123225 -0.022918 -0.00992625 0.999925 0.00723701 -0.0973191 0.00130406 -0.00722442 0.999973 5.79487
0.999959 0.00906395 0.000282923 -0.0273371 -0.0090665 0.999899 0.0109261 -0.106082 -0.00018386 -0.0109282 0.99994 6.42995
0.999966 0.00817065 0.00138601 -0.0310872 -0.00818778 0.999884 0.0128329 -0.113738 -0.001281 -0.0128438 0.999917 7.06503
0.999958 0.00877604 0.0026901 -0.0352315 -0.00880888 0.999884 0.01245 -0.119768 -0.00258053 -0.0124732 0.999919 7.67471
0.999948 0.00951956 0.00375402 -0.0356442 -0.0095558 0.999907 0.00975681 -0.126421 -0.00366079 -0.00979217 0.999945 8.27041
0.999942 0.00961111 0.00482662 -0.0352039 -0.00964517 0.999928 0.00708386 -0.13728 -0.00475819 -0.00713 0.999963 8.80226
0.99995 0.00781168 0.00627846 -0.0306995 -0.00784891 0.999952 0.00592747 -0.146255 -0.00623186 -0.00597645 0.999963 9.31699
0.999957 0.00407576 0.00835422 -0.0250274 -0.00410676 0.999985 0.00369711 -0.156379 -0.00833903 -0.00373126 0.999958 9.8315
0.999946 0.00197376 0.0102425 -0.0233509 -0.00200207 0.999994 0.00275442 -0.171771 -0.010237 -0.00277477 0.999944 10.2647
0.999904 0.00611522 0.0124437 -0.020367 -0.00612885 0.999981 0.00105677 -0.187621 -0.012437 -0.00113294 0.999922 10.6934
0.999828 0.010512 0.0152694 -0.0166569 -0.0105193 0.999945 0.000394704 -0.199048 -0.0152645 -0.000555258 0.999883 11.096
0.999771 0.0108776 0.0184522 -0.00787177 -0.0109112 0.999939 0.00172348 -0.210159 -0.0184324 -0.00192442 0.999828 11.457
0.99975 0.0064773 0.0214121 0.00735061 -0.00653231 0.999976 0.0025001 -0.224446 -0.0213954 -0.00263934 0.999768 11.7738
0.999709 0.00175983 0.0240693 0.016105 -0.00182334 0.999995 0.00261718 -0.233995 -0.0240646 -0.0026603 0.999707 12.0571
0.999647 -0.00214999 0.0264958 0.0274967 0.0020428 0.99999 0.00407219 -0.245463 -0.0265043 -0.00401662 0.999641 12.3223
0.999574 -0.00229949 0.0291031 0.0404759 0.00214189 0.999983 0.00544549 -0.255298 -0.0291152 -0.00538083 0.999562 12.5609
0.999531 -0.00169215 0.0305776 0.0556655 0.00154511 0.999987 0.00483191 -0.263816 -0.0305854 -0.0047824 0.999521 12.7822
0.999444 -0.000997725 0.0333206 0.0582457 0.00087902 0.999993 0.00357702 -0.272593 -0.033324 -0.00354574 0.999438 12.9692
0.999351 0.0010992 0.0360095 0.0640464 -0.00120331 0.999995 0.00286949 -0.280129 -0.0360062 -0.00291095 0.999347 13.1544
0.999299 0.00359986 0.0372625 0.071617 -0.00369349 0.99999 0.00244423 -0.288867 -0.0372533 -0.00258015 0.999303 13.3224
0.999227 0.00494326 0.0389934 0.0789451 -0.00499306 0.999987 0.00117984 -0.295622 -0.0389871 -0.00137362 0.999239 13.4936
0.999168 0.0039402 0.0406 0.0894391 -0.00393252 0.999992 -0.000268813 -0.304432 -0.0406008 0.000108931 0.999176 13.6411
0.999117 0.00293372 0.0419068 0.100145 -0.00288617 0.999995 -0.00119519 -0.313277 -0.0419101 0.00107318 0.999121 13.7886
0.999063 0.00176072 0.0432428 0.110817 -0.00166167 0.999996 -0.00232631 -0.315642 -0.0432467 0.00225228 0.999062 13.9322
0.998998 0.00247878 0.0446947 0.120035 -0.00231787 0.999991 -0.00365157 -0.319081 -0.0447034 0.00354432 0.998994 14.0709
0.998951 0.00322968 0.0456819 0.130189 -0.00297544 0.99998 -0.00563219 -0.322685 -0.0456992 0.00549036 0.99894 14.2078
0.99888 0.00376217 0.0471691 0.127535 -0.00340228 0.999965 -0.00770773 -0.32835 -0.0471965 0.00753862 0.998857 14.3259
0.998867 0.00262871 0.0475163 0.140054 -0.00215704 0.999948 -0.00997489 -0.331799 -0.04754 0.00986109 0.998821 14.454
0.998882 0.00182179 0.0472395 0.149854 -0.00125469 0.999927 -0.0120317 -0.334481 -0.047258 0.011959 0.998811 14.5856
0.998997 0.00131349 0.0447601 0.155631 -0.000723265 0.999913 -0.0132 -0.337032 -0.0447735 0.0131544 0.998911 14.7149
0.999126 0.00158075 0.0417797 0.159792 -0.00098768 0.999899 -0.014212 -0.338941 -0.0417979 0.0141583 0.999026 14.8434
0.999301 0.00234897 0.0372976 0.163485 -0.0017744 0.99988 -0.0154308 -0.338922 -0.0373294 0.0153538 0.999185 14.9767
0.999481 0.00342673 0.0320402 0.155937 -0.00289732 0.999859 -0.0165554 -0.341255 -0.0320924 0.0164539 0.99935 15.0969
0.999676 0.0032992 0.0252512 0.15799 -0.00285812 0.999843 -0.0174837 -0.339953 -0.0253049 0.0174058 0.999528 15.2312
0.999838 0.00340306 0.0176711 0.156969 -0.00307922 0.999828 -0.018321 -0.34051 -0.0177304 0.0182636 0.999676 15.3604
0.999955 0.00329367 0.00885324 0.158272 -0.00312409 0.999813 -0.0191007 -0.344884 -0.00891448 0.0190721 0.999778 15.5009
0.999998 0.00177994 -0.00126216 0.152419 -0.00180515 0.999793 -0.0202631 -0.347125 0.00122585 0.0202653 0.999794 15.6398
0.999898 0.000329585 -0.014297 0.142367 -0.000642182 0.999761 -0.0218656 -0.350437 0.0142864 0.0218725 0.999659 15.7743
0.999536 -0.000297292 -0.0304652 0.120377 -0.000430905 0.999715 -0.0238933 -0.351778 0.0304636 0.0238953 0.99925 15.9315
0.998799 0.000564391 -0.0490004 0.0779028 -0.00178564 0.999689 -0.0248832 -0.357676 0.0489711 0.0249408 0.998489 16.0976
0.997537 0.00154255 -0.0701211 0.0293918 -0.00326977 0.999694 -0.024524 -0.360514 0.0700618 0.0246928 0.997237 16.2782
0.995702 0.00239237 -0.0925847 -0.0391455 -0.00457613 0.999716 -0.0233814 -0.366612 0.0925025 0.0237046 0.99543 16.4748
0.993025 0.00362191 -0.11785 -0.116219 -0.00626396 0.999737 -0.0220561 -0.371606 0.117739 0.0226405 0.992787 16.683
0.98915 0.00436588 -0.146844 -0.211009 -0.00742901 0.999766 -0.0203178 -0.373464 0.146721 0.0211883 0.988951 16.9237
0.983849 0.0045687 -0.17894 -0.296105 -0.00770129 0.999829 -0.0168157 -0.382094 0.178833 0.0179221 0.983716 17.1467
0.976645 0.00579687 -0.21478 -0.395556 -0.00876698 0.999879 -0.0128786 -0.387532 0.214679 0.0144608 0.976578 17.3811
0.967277 0.00726426 -0.253619 -0.512563 -0.00951949 0.999926 -0.00766607 -0.389421 0.253544 0.00982954 0.967274 17.6361
0.95566 0.0112036 -0.294258 -0.675166 -0.0126456 0.999916 -0.00299816 -0.388399 0.2942 0.00658631 0.955721 17.929
0.941816 0.0151399 -0.335787 -0.846965 -0.0156693 0.999877 0.00113317 -0.38844 0.335763 0.00419431 0.941937 18.2077
0.9257 0.0185559 -0.377802 -0.991783 -0.0172239 0.999828 0.00690438 -0.399254 0.377865 0.00011585 0.925861 18.4509
0.906941 0.0230021 -0.420629 -1.17465 -0.0188003 0.999724 0.0141336 -0.404439 0.420838 -0.00491043 0.907123 18.7268
0.885759 0.0278533 -0.463309 -1.37428 -0.0205457 0.999573 0.020813 -0.409309 0.46369 -0.00891631 0.885953 19.0016
0.861241 0.0322429 -0.507173 -1.59713 -0.0224888 0.999426 0.0253484 -0.401339 0.507699 -0.0104254 0.861472 19.2896
0.833694 0.0352551 -0.5511 -1.83468 -0.0235941 0.999323 0.0282361 -0.392404 0.551722 -0.0105375 0.833962 19.5657
0.80356 0.0390836 -0.593939 -2.09241 -0.0267469 0.999205 0.029565 -0.382128 0.594622 -0.00787123 0.803967 19.8323
0.770317 0.0417051 -0.636295 -2.38358 -0.0274079 0.999103 0.0323041 -0.368308 0.637072 -0.00744487 0.770769 20.1078
0.733331 0.0459015 -0.678321 -2.70086 -0.028937 0.998922 0.0363126 -0.351821 0.679256 -0.00700052 0.733868 20.397
0.694613 0.0470169 -0.717845 -3.02161 -0.0269124 0.998862 0.0393813 -0.33483 0.71888 -0.00803584 0.695088 20.6582
0.653736 0.0464119 -0.755298 -3.38842 -0.0239813 0.998887 0.0406234 -0.316244 0.756342 -0.00844396 0.654122 20.9383
0.611064 0.044911 -0.790306 -3.75478 -0.0189908 0.998934 0.0420831 -0.296286 0.791353 -0.0107069 0.611265 21.1872
0.565982 0.0441896 -0.823232 -4.15137 -0.0144531 0.998941 0.0436847 -0.273473 0.824291 -0.0128265 0.566022 21.4305
0.518466 0.0451332 -0.853906 -4.584 -0.0120898 0.998893 0.045456 -0.249827 0.855012 -0.0132438 0.518438 21.6728
0.468008 0.044662 -0.882595 -5.04733 -0.0110154 0.99894 0.0447083 -0.227354 0.883656 -0.0112017 0.468003 21.888
0.415975 0.0433567 -0.908342 -5.53614 -0.0063386 0.998977 0.0447801 -0.202552 0.909354 -0.0128698 0.415825 22.0706
0.362885 0.0424376 -0.930867 -6.03786 -0.00157815 0.998989 0.044928 -0.17956 0.931833 -0.0148346 0.362585 22.2213
0.308889 0.041394 -0.950197 -6.5885 0.000617231 0.999044 0.0437226 -0.153476 0.951098 -0.0140919 0.308568 22.3689
0.255018 0.0468186 -0.965802 -7.15447 0.000785024 0.998817 0.0486263 -0.120976 0.966936 -0.0131588 0.25468 22.4884
0.203579 0.0510866 -0.977725 -7.75203 0.00312524 0.998599 0.052828 -0.0857653 0.979053 -0.0138103 0.203134 22.5867
0.157993 0.0518882 -0.986076 -8.36558 0.00640676 0.998544 0.0535708 -0.0494392 0.987419 -0.0147813 0.15743 22.6324
0.116036 0.0520977 -0.991878 -8.99255 0.00638201 0.998564 0.0531955 -0.0133681 0.993225 -0.0125027 0.115536 22.6591
0.0761756 0.0497324 -0.995853 -9.65501 0.00567164 0.998718 0.0503093 0.0260765 0.997078 -0.00948045 0.0757958 22.6809
0.0400932 0.0455765 -0.998156 -10.3395 0.00285214 0.99895 0.0457273 0.0631622 0.999192 -0.00468023 0.0399211 22.6895
0.0120032 0.0450499 -0.998912 -11.0338 -0.000652718 0.998985 0.0450454 0.104857 0.999928 0.000111324 0.0120204 22.6707
-0.00806905 0.0481996 -0.998805 -11.7358 -0.00350852 0.99883 0.0482292 0.14315 0.999961 0.00389349 -0.00789053 22.6326
-0.0210232 0.0547686 -0.998278 -12.4696 -0.00150227 0.998496 0.0548122 0.168254 0.999778 0.00265202 -0.0209093 22.6006
-0.0293072 0.0577783 -0.997899 -13.2208 -0.00128561 0.998325 0.0578407 0.194637 0.999569 0.00297806 -0.0291839 22.5755
-0.0341989 0.0550754 -0.997896 -14.0212 3.02308e-05 0.998481 0.0551066 0.228654 0.999415 0.00185442 -0.0341487 22.5637
-0.0336121 0.0516947 -0.998097 -14.8142 0.00716044 0.998648 0.0514821 0.261281 0.999409 -0.00541638 -0.0339368 22.5429
-0.0292096 0.0507679 -0.998283 -15.6138 0.0177716 0.998578 0.0502629 0.297725 0.999415 -0.0162729 -0.0300703 22.5251
-0.023632 0.0509024 -0.998424 -16.4625 0.0175743 0.99857 0.0504939 0.338955 0.999566 -0.0163533 -0.0244928 22.5036
-0.0184089 0.049593 -0.9986 -17.3326 0.0150621 0.99867 0.0493188 0.379896 0.999717 -0.0141331 -0.0191314 22.477
-0.014912 0.0421522 -0.999 -18.1735 0.0170706 0.998976 0.0418964 0.428465 0.999743 -0.0164288 -0.0156164 22.45
-0.0141546 0.0310284 -0.999418 -19.0905 0.0136054 0.999432 0.0308362 0.473246 0.999807 -0.013161 -0.0145687 22.4572
-0.0145011 0.0224923 -0.999642 -20.0351 0.00681887 0.999726 0.0223953 0.502365 0.999871 -0.00649167 -0.0146505 22.4471
-0.0174359 0.0198363 -0.999651 -20.9978 2.78956e-05 0.999803 0.0198389 0.532966 0.999848 0.000318028 -0.0174331 22.443
-0.01893 0.0249911 -0.999508 -22.0202 -0.00943514 0.999639 0.0251731 0.566813 0.999776 0.00990703 -0.0186874 22.3623
-0.024499 0.0317488 -0.999195 -22.9064 -0.0145559 0.999378 0.0321115 0.595129 0.999594 0.0153309 -0.0240216 22.3488
-0.0318748 0.0408409 -0.998657 -23.902 -0.0148852 0.999035 0.0413315 0.630982 0.999381 0.0161826 -0.0312361 22.3521
-0.0355353 0.0498779 -0.998123 -24.9273 -0.0153726 0.998608 0.0504494 0.675729 0.99925 0.0171365 -0.0347192 22.3399
-0.0387689 0.0563651 -0.997657 -25.9235 -0.0127819 0.998298 0.0568981 0.72272 0.999166 0.0149579 -0.0379825 22.3363
-0.0418006 0.0571928 -0.997487 -26.9869 -0.0107056 0.998277 0.0576868 0.776394 0.999068 0.01309 -0.0411164 22.3056
-0.0478726 0.0536955 -0.997409 -27.9774 -0.0111065 0.998464 0.0542853 0.821322 0.998792 0.0136765 -0.0472027 22.3298
-0.0548207 0.0487104 -0.997307 -29.0935 -0.0103292 0.998728 0.0493476 0.876423 0.998443 0.0130067 -0.0542479 22.3251
-0.06101 0.04367 -0.997181 -30.1235 -0.00913033 0.998976 0.0443072 0.909379 0.998095 0.0118078 -0.0605488 22.279
-0.066161 0.0387266 -0.997057 -31.159 -0.00813159 0.999192 0.0393491 0.941377 0.997776 0.010711 -0.0657927 22.2007
-0.0721088 0.0363637 -0.996733 -32.2071 -0.0104318 0.999253 0.0372103 0.979915 0.997342 0.0130809 -0.0716757 22.1013
-0.0776314 0.0388483 -0.996225 -33.2442 -0.0111904 0.999144 0.0398342 1.00282 0.996919 0.0142406 -0.0771303 21.9992
-0.0835636 0.0432396 -0.995564 -34.323 -0.0129819 0.998926 0.0444753 1.03783 0.996418 0.0166409 -0.0829126 21.8935
-0.0892939 0.0457359 -0.994954 -35.3881 -0.0165556 0.998739 0.0473957 1.07045 0.995867 0.0207043 -0.0884242 21.7781
-0.0942138 0.0474565 -0.99442 -36.5047 -0.019912 0.998574 0.0495412 1.12072 0.995353 0.0244683 -0.0931344 21.6623
-0.0968185 0.0483372 -0.994127 -37.6097 -0.0244153 0.998404 0.050923 1.16817 0.995002 0.0292022 -0.0954838 21.5404
-0.098397 0.0490723 -0.993936 -38.7046 -0.0285161 0.998234 0.0521075 1.21262 0.994738 0.0334704 -0.0968239 21.4184
-0.0999015 0.0483311 -0.993822 -39.8112 -0.0297484 0.998228 0.0515357 1.25791 0.994552 0.0347132 -0.0982867 21.2952
-0.100873 0.0472778 -0.993775 -40.8871 -0.0307482 0.998245 0.0506116 1.29472 0.994424 0.0356621 -0.099242 21.1656
-0.102957 0.0465708 -0.993595 -42.018 -0.0318266 0.998238 0.0500863 1.33844 0.994176 0.0367795 -0.101294 21.0603
-0.104693 0.0455263 -0.993461 -43.1249 -0.0341987 0.998196 0.0493472 1.37829 0.993916 0.0391414 -0.102948 20.9398
-0.10632 0.0429724 -0.993402 -44.2239 -0.0383973 0.998143 0.047287 1.4112 0.99359 0.0431715 -0.104472 20.8207
-0.105529 0.0379528 -0.993691 -45.3808 -0.0444917 0.998091 0.0428458 1.45807 0.99342 0.0487325 -0.103639 20.6657
-0.106308 0.0370577 -0.993642 -46.4523 -0.0459068 0.998057 0.0421338 1.49481 0.993273 0.0500941 -0.1044 20.5533
-0.105467 0.0405841 -0.993594 -47.5405 -0.047193 0.997837 0.0457668 1.53417 0.993302 0.0517176 -0.103324 20.4264
-0.104814 0.043712 -0.99353 -48.6916 -0.0466236 0.997719 0.0488149 1.57492 0.993398 0.0514384 -0.102537 20.3175
-0.104114 0.0433861 -0.993618 -49.7915 -0.0449451 0.997822 0.0482791 1.60888 0.993549 0.0496848 -0.101937 20.202
-0.101996 0.0425159 -0.993875 -50.9415 -0.0449403 0.997869 0.0472987 1.65108 0.993769 0.0494894 -0.0998685 20.0865
-0.0982982 0.0428489 -0.994234 -52.0869 -0.0494551 0.997628 0.0478847 1.68949 0.993927 0.0538769 -0.0959459 19.9689
-0.0936043 0.0437146 -0.994649 -53.2419 -0.0538914 0.997348 0.0489049 1.72987 0.99415 0.0581808 -0.0910003 19.8637
-0.0885331 0.0433264 -0.99513 -54.4062 -0.0581881 0.997122 0.0485899 1.77135 0.994372 0.0622066 -0.0857572 19.7648
-0.0834879 0.0422824 -0.995611 -55.5513 -0.0598303 0.997084 0.0473621 1.81043 0.994711 0.0635218 -0.0807148 19.6675
-0.0781089 0.0413945 -0.996085 -56.6812 -0.0594138 0.997168 0.0460985 1.84909 0.995172 0.0627819 -0.0754283 19.5765
-0.073365 0.0410287 -0.99646 -57.8325 -0.0571532 0.997338 0.0452728 1.88745 0.995666 0.0602723 -0.0708249 19.4976
-0.0689946 0.0413144 -0.996761 -58.9933 -0.055624 0.997428 0.0451923 1.92798 0.996065 0.0585619 -0.0665191 19.429
-0.0640574 0.0427623 -0.997029 -60.1291 -0.0544302 0.997445 0.0462772 1.963 0.99646 0.0572329 -0.0615661 19.3551
-0.0590124 0.0439178 -0.99729 -61.3084 -0.0549098 0.997376 0.0471708 2.00141 0.996746 0.0575446 -0.0564461 19.2891
-0.0548982 0.0428424 -0.997572 -62.4649 -0.0535326 0.997516 0.045786 2.03869 0.997056 0.0559162 -0.0524684 19.2381
-0.0517565 0.0384182 -0.99792 -63.622 -0.0533684 0.997725 0.0411786 2.07055 0.997232 0.0553887 -0.0495884 19.1904
-0.0477125 0.0329919 -0.998316 -64.7964 -0.0531072 0.997957 0.0355182 2.10275 0.997448 0.0547125 -0.0458629 19.1335
-0.0440601 0.0319108 -0.998519 -65.9527 -0.0530242 0.998006 0.0342341 2.13433 0.99762 0.054454 -0.0422802 19.0732
-0.0414202 0.0342066 -0.998556 -67.1509 -0.0524379 0.997962 0.0363613 2.15666 0.997764 0.0538683 -0.0395421 19.0246
-0.0380311 0.0339837 -0.998698 -68.2919 -0.0528977 0.997952 0.0359727 2.18027 0.997875 0.0541969 -0.0361555 18.9351
-0.0354823 0.0336844 -0.998802 -69.476 -0.0549907 0.997852 0.0356059 2.20781 0.997856 0.0561882 -0.0335537 18.8524
-0.0332432 0.0343638 -0.998856 -70.6602 -0.0566198 0.997739 0.0362098 2.23625 0.997842 0.0577588 -0.0312223 18.7725
-0.0305031 0.0334791 -0.998973 -71.809 -0.0580826 0.997691 0.0352096 2.26451 0.997845 0.059097 -0.0284881 18.6941
-0.0279162 0.0311537 -0.999124 -73.0177 -0.0590815 0.997715 0.0327605 2.29004 0.997862 0.0599443 -0.0260118 18.6299
-0.0263075 0.0302735 -0.999195 -74.2298 -0.0576338 0.997833 0.0317497 2.30932 0.997991 0.0584227 -0.0245057 18.5797
-0.0264316 0.0301095 -0.999197 -75.4204 -0.0544624 0.998018 0.0315147 2.33138 0.998165 0.0552517 -0.0247393 18.548
-0.0268143 0.0311546 -0.999154 -76.6033 -0.0511739 0.998161 0.032497 2.34543 0.998329 0.052002 -0.0251707 18.519
-0.0254237 0.0332748 -0.999122 -77.7838 -0.0517647 0.998061 0.0345567 2.36938 0.998335 0.0525978 -0.0236519 18.4615
-0.0236349 0.0362931 -0.999061 -78.9659 -0.0547124 0.997796 0.0375415 2.39836 0.998222 0.0555483 -0.0215971 18.4041
-0.0227866 0.0357135 -0.999102 -80.153 -0.0569321 0.997694 0.0369616 2.42846 0.998118 0.0577232 -0.0207008 18.362
-0.0221686 0.0332609 -0.9992 -81.3566 -0.0582286 0.997707 0.034503 2.45793 0.998057 0.0589469 -0.020181 18.3259
-0.0214828 0.0306379 -0.999299 -82.5561 -0.0583382 0.997789 0.0318457 2.48088 0.998065 0.0589815 -0.0196479 18.2935
-0.0207038 0.0297845 -0.999341 -83.7501 -0.0566865 0.997913 0.0309163 2.50166 0.998177 0.0572893 -0.0189722 18.2598
-0.019362 0.0316385 -0.999311 -84.9319 -0.0563548 0.997876 0.032685 2.51036 0.998223 0.0569488 -0.0175379 18.2183
-0.0192205 0.0343227 -0.999225 -86.1383 -0.0554877 0.997834 0.0353422 2.5318 0.998274 0.0561241 -0.0172743 18.1936
-0.0195237 0.0365647 -0.99914 -87.3382 -0.0558593 0.99773 0.0376046 2.55333 0.998247 0.0565454 -0.0174369 18.1787
-0.0199527 0.0367482 -0.999125 -88.5251 -0.0569787 0.997658 0.0378321 2.57389 0.998176 0.0576838 -0.0178121 18.1642
-0.0201376 0.0348965 -0.999187 -89.7159 -0.0562453 0.997768 0.0359805 2.59301 0.998214 0.0569242 -0.0181299 18.1414
-0.0214991 0.0333276 -0.999213 -90.8858 -0.0541214 0.99794 0.0344496 2.61295 0.998303 0.0548195 -0.0196511 18.134
-0.02277 0.0339812 -0.999162 -92.0881 -0.0522795 0.998014 0.0351335 2.63831 0.998373 0.0530357 -0.0209482 18.1254
-0.0240852 0.0369087 -0.999028 -93.271 -0.049547 0.998046 0.0380669 2.65858 0.998481 0.0504157 -0.0222095 18.1104
-0.0250461 0.0394267 -0.998908 -94.4479 -0.0488186 0.997981 0.0406142 2.68095 0.998493 0.0497825 -0.0230708 18.0891
-0.0256639 0.0410395 -0.998827 -95.6432 -0.0495453 0.997877 0.0422735 2.70931 0.998442 0.0505722 -0.0235761 18.0693
-0.0265093 0.0426423 -0.998738 -96.8035 -0.0520284 0.997676 0.043978 2.73246 0.998293 0.0531286 -0.0242291 18.0405
-0.0281179 0.0423091 -0.998708 -98.003 -0.0530503 0.997632 0.0437572 2.75521 0.998195 0.0542122 -0.0258068 18.0312
-0.0277736 0.0384771 -0.998873 -99.1766 -0.0558895 0.997636 0.0399834 2.7822 0.99805 0.056937 -0.0255575 17.9841
-0.0269757 0.0364295 -0.998971 -100.352 -0.058351 0.997574 0.0379542 2.81363 0.997931 0.0593149 -0.0247846 17.9311
-0.0257305 0.0344243 -0.999075 -101.51 -0.0593618 0.99759 0.0359019 2.83989 0.997904 0.0602307 -0.023625 17.8776
-0.0249288 0.0346276 -0.999089 -102.683 -0.0579496 0.997669 0.0360243 2.86886 0.998008 0.0587949 -0.0228641 17.8405
-0.024535 0.036331 -0.999038 -103.852 -0.0573781 0.99764 0.0376893 2.89937 0.998051 0.0582476 -0.0223925 17.8032
-0.0252767 0.0382878 -0.998946 -105.062 -0.0555313 0.997669 0.039644 2.93111 0.998136 0.0564749 -0.0230916 17.7799
-0.0272266 0.0371999 -0.998936 -106.243 -0.0585603 0.997531 0.0387437 2.95904 0.997912 0.059553 -0.0249809 17.7569
-0.0285376 0.0381892 -0.998862 -107.448 -0.0624894 0.997247 0.0399127 2.99368 0.997637 0.0635573 -0.0260726 17.7227
-0.0293263 0.037006 -0.998884 -108.621 -0.065585 0.997089 0.038865 3.02154 0.997415 0.0666516 -0.0268139 17.6846
-0.0299904 0.0333351 -0.998994 -109.815 -0.0664085 0.997169 0.0352678 3.04816 0.997341 0.0673994 -0.0276918 17.6426
-0.030964 0.0295022 -0.999084 -111.012 -0.0664289 0.997293 0.031508 3.07119 0.99731 0.0673437 -0.0289204 17.6003
-0.031922 0.0285509 -0.999082 -112.213 -0.0630801 0.997541 0.0305224 3.09499 0.997497 0.0639966 -0.0300425 17.5586
-0.0325195 0.0276092 -0.999089 -113.443 -0.0590913 0.997816 0.0294974 3.1227 0.997722 0.0599968 -0.030817 17.5156
-0.033246 0.0294174 -0.999013 -114.693 -0.0582859 0.997808 0.0313216 3.14804 0.997746 0.0592698 -0.0314585 17.4741
-0.034366 0.0331867 -0.998857 -115.933 -0.0575435 0.997724 0.0351288 3.17524 0.997751 0.058685 -0.0323781 17.4273
-0.0347511 0.0335704 -0.998831 -117.145 -0.0566653 0.997761 0.0355059 3.19026 0.997788 0.057833 -0.032771 17.3574
-0.0355861 0.0293532 -0.998935 -118.413 -0.0565799 0.997906 0.0313385 3.21363 0.997763 0.0576349 -0.0338507 17.3073
-0.03825 0.0259539 -0.99893 -119.658 -0.0563069 0.998018 0.0280863 3.23198 0.99768 0.057321 -0.0367128 17.2751
-0.0387858 0.0244899 -0.998947 -120.903 -0.0558638 0.998082 0.0266377 3.25204 0.997684 0.0568381 -0.0373434 17.2138
-0.0390017 0.0252861 -0.998918 -122.145 -0.0579726 0.997938 0.0275248 3.27377 0.997555 0.0589835 -0.0374554 17.1426
-0.0393273 0.0289743 -0.998805 -123.387 -0.0624055 0.997556 0.0313952 3.30049 0.997275 0.0635657 -0.0374231 17.0714
-0.0395531 0.03122 -0.998729 -124.648 -0.0679282 0.997115 0.0338598 3.32948 0.996905 0.0691811 -0.0373183 17.0003
-0.0392924 0.0307227 -0.998755 -125.932 -0.0752087 0.996601 0.0336153 3.35986 0.996393 0.0764359 -0.0368482 16.9293
-0.0392313 0.0285972 -0.99882 -127.207 -0.078521 0.99641 0.0316123 3.38438 0.99614 0.0796686 -0.036845 16.866
-0.0402704 0.0267635 -0.99883 -128.474 -0.0810416 0.99626 0.029962 3.40437 0.995896 0.0821534 -0.0379508 16.8079
-0.0412561 0.0258892 -0.998812 -129.742 -0.0814929 0.996246 0.0291888 3.42196 0.995819 0.0826004 -0.0389914 16.7498
-0.041633 0.0247297 -0.998826 -131.003 -0.0787158 0.996504 0.0279532 3.44048 0.996027 0.0797873 -0.0395409 16.6915
-0.0422722 0.0251948 -0.998788 -132.271 -0.0785715 0.996501 0.0284625 3.45992 0.996011 0.0796795 -0.0401447 16.6322
-0.0436123 0.0294831 -0.998613 -133.525 -0.0775116 0.996451 0.0328044 3.48422 0.996036 0.0788348 -0.0411722 16.5829
-0.0447587 0.0329473 -0.998454 -134.825 -0.0755148 0.996484 0.0362675 3.51376 0.996139 0.0770214 -0.0421133 16.5229
-0.0454822 0.0314153 -0.99847 -136.097 -0.0759335 0.996504 0.0348124 3.53821 0.996074 0.0774007 -0.0429378 16.4654
-0.0456673 0.0297288 -0.998514 -137.357 -0.0761021 0.996548 0.0331509 3.5598 0.996053 0.077503 -0.0432473 16.41
-0.0449554 0.02888 -0.998571 -138.634 -0.0750121 0.996662 0.0322019 3.58134 0.996168 0.0763526 -0.042639 16.3472
-0.0450324 0.0280688 -0.998591 -139.894 -0.0757939 0.996627 0.0314316 3.59995 0.996105 0.0771026 -0.042753 16.2898
-0.0457044 0.0300046 -0.998504 -141.165 -0.076463 0.996511 0.0334447 3.61912 0.996024 0.0778772 -0.0432507 16.2368
-0.0457904 0.0332579 -0.998397 -142.434 -0.077335 0.996328 0.0367359 3.64276 0.995952 0.0788932 -0.0430502 16.1812
-0.0446676 0.0344747 -0.998406 -143.679 -0.0805602 0.996025 0.0379967 3.66291 0.995748 0.0821291 -0.0417128 16.1096
-0.0438838 0.0318829 -0.998527 -144.942 -0.0830309 0.995916 0.0354486 3.6872 0.995579 0.0844643 -0.0410574 16.0421
-0.0429062 0.0289669 -0.998658 -146.18 -0.0814266 0.996152 0.0323926 3.70554 0.995755 0.0827072 -0.0403825 15.9542
-0.0422058 0.0276858 -0.998725 -147.416 -0.0788411 0.996406 0.0309533 3.72091 0.995992 0.080047 -0.0398713 15.8668
-0.041482 0.0273866 -0.998763 -148.675 -0.0777563 0.996503 0.0305541 3.73627 0.996108 0.0789276 -0.0392075 15.786
-0.0413793 0.027896 -0.998753 -149.961 -0.0756789 0.99665 0.0309728 3.75211 0.996272 0.0768662 -0.0391296 15.7223
-0.0416327 0.0266855 -0.998776 -151.229 -0.0744141 0.996783 0.0297341 3.76832 0.996357 0.0755609 -0.0395131 15.6621
-0.041422 0.027058 -0.998775 -152.461 -0.0731875 0.996865 0.0300415 3.78204 0.996457 0.0743423 -0.0393119 15.5921
-0.0415158 0.0295954 -0.998699 -153.693 -0.0707955 0.996961 0.0324869 3.79885 0.996626 0.0720522 -0.0392945 15.5221
-0.044042 0.0302688 -0.99857 -154.914 -0.0676348 0.997157 0.033209 3.82418 0.996737 0.0690008 -0.0418696 15.4912
-0.044693 0.0286356 -0.99859 -156.165 -0.0648836 0.997395 0.0315053 3.84537 0.996891 0.0662002 -0.0427186 15.4367
-0.0457228 0.0288842 -0.998536 -157.42 -0.0658553 0.99732 0.0318646 3.86519 0.99678 0.0672159 -0.0436981 15.3746
-0.0465835 0.0330833 -0.998366 -158.649 -0.0664964 0.997131 0.0361451 3.88922 0.996698 0.0680715 -0.0442499 15.3174
-0.0468466 0.0386707 -0.998153 -159.944 -0.0712469 0.996575 0.0419535 3.93184 0.996357 0.0730807 -0.043931 15.266
-0.0462473 0.0380236 -0.998205 -161.156 -0.075964 0.996247 0.0414685 3.96354 0.996037 0.0777455 -0.0431854 15.1967
-0.0446931 0.0340503 -0.99842 -162.398 -0.079647 0.996115 0.037537 3.99381 0.99582 0.0811989 -0.0418075 15.1243
-0.0432739 0.0283251 -0.998661 -163.638 -0.0807464 0.996228 0.031755 4.01981 0.995794 0.0820125 -0.0408236 15.0556
-0.0419191 0.0257333 -0.998789 -164.832 -0.0822643 0.996184 0.0291189 4.05107 0.995728 0.0833854 -0.0396422 14.9769
-0.0402482 0.0228117 -0.998928 -166.019 -0.077614 0.996646 0.0258868 4.05562 0.99617 0.0785728 -0.0383427 14.9136
-0.040673 0.0190592 -0.99899 -167.282 -0.0753012 0.996915 0.0220855 4.06518 0.99633 0.0761234 -0.0391124 14.8603
-0.0415452 0.0159652 -0.999008 -168.495 -0.069478 0.997405 0.0188289 4.0651 0.996717 0.0701914 -0.0403282 14.807
-0.0431519 0.0189871 -0.998887 -169.744 -0.0674408 0.997483 0.0218739 4.07441 0.996789 0.0683097 -0.0417628 14.7568
-0.0441047 0.0252012 -0.998708 -171.035 -0.0675777 0.997316 0.0281504 4.08774 0.996738 0.0687321 -0.0422833 14.7238
-0.0432808 0.0282922 -0.998661 -172.259 -0.0693992 0.997098 0.0312556 4.10018 0.996649 0.0706592 -0.0411918 14.665
-0.0419138 0.0253417 -0.998799 -173.484 -0.0706621 0.997099 0.0282639 4.11109 0.996618 0.0717619 -0.0400016 14.6051
-0.041926 0.0252078 -0.998802 -174.734 -0.073116 0.996923 0.0282296 4.1299 0.996441 0.074212 -0.039954 14.5548
-0.0417305 0.0260763 -0.998788 -175.949 -0.0711859 0.99704 0.029005 4.14082 0.996589 0.0723101 -0.0397508 14.498
-0.0409071 0.0241277 -0.998871 -177.159 -0.0716751 0.997061 0.0270194 4.15382 0.996588 0.0726995 -0.0390576 14.437
-0.038681 0.0228631 -0.998989 -178.334 -0.0714438 0.997115 0.0255866 4.15985 0.996693 0.0723613 -0.0369361 14.374
-0.0373424 0.024536 -0.999 -179.519 -0.0730019 0.99696 0.0272147 4.16856 0.996632 0.0739452 -0.0354377 14.3235
-0.0366243 0.0264475 -0.998978 -180.662 -0.0728947 0.996915 0.0290654 4.1705 0.996666 0.0738848 -0.0345835 14.2767
-0.0364306 0.0279189 -0.998945 -181.793 -0.073704 0.996811 0.0305472 4.17705 0.996614 0.0747392 -0.0342567 14.2299
-0.03605 0.0293284 -0.998919 -182.876 -0.0741489 0.996735 0.0319403 4.1802 0.996594 0.0752203 -0.0337577 14.1763
-0.0360226 0.0300691 -0.998898 -183.934 -0.0736349 0.996749 0.0326599 4.18907 0.996634 0.0747303 -0.0336914 14.1251
-0.0351781 0.0290952 -0.998957 -184.957 -0.0737869 0.996771 0.0316299 4.19635 0.996652 0.0748226 -0.0329177 14.0725
-0.0338055 0.0290795 -0.999004 -185.948 -0.0748265 0.996697 0.0315444 4.2 0.996622 0.0758184 -0.0315179 14.0262
-0.0326457 0.0301448 -0.999011 -186.959 -0.0757461 0.996595 0.0325471 4.21041 0.996592 0.0767338 -0.0302512 13.9877
-0.0331031 0.0286213 -0.999041 -187.917 -0.0743165 0.996751 0.0310182 4.21602 0.996684 0.0752721 -0.0308685 13.9448
-0.0364657 0.0260096 -0.998996 -188.868 -0.0719971 0.996994 0.0285856 4.21844 0.996737 0.0729672 -0.0344834 13.906
-0.0416415 0.0224272 -0.99888 -189.815 -0.0717829 0.997096 0.0253797 4.2231 0.99655 0.0727595 -0.0399107 13.8627
-0.0468904 0.0194858 -0.998709 -190.758 -0.0736834 0.997018 0.0229124 4.2263 0.996178 0.0746627 -0.0453148 13.8143
-0.0513059 0.0186331 -0.998508 -191.715 -0.0751449 0.996919 0.0224645 4.23635 0.995851 0.0761854 -0.0497476 13.7615
-0.0543396 0.0189287 -0.998342 -192.674 -0.0769385 0.996767 0.0230866 4.24691 0.995553 0.0780656 -0.0527077 13.705
-0.0563662 0.0204097 -0.998201 -193.627 -0.0758214 0.996815 0.0246628 4.25566 0.995526 0.0770752 -0.0546392 13.6473
-0.0580794 0.0219487 -0.99807 -194.556 -0.0726922 0.99701 0.0261555 4.26155 0.995661 0.0740711 -0.0563103 13.587
-0.0597377 0.0222159 -0.997966 -195.501 -0.0709641 0.997127 0.0264451 4.27391 0.995687 0.0723996 -0.0579896 13.5294
-0.0609587 0.0209537 -0.99792 -196.423 -0.0713096 0.997132 0.0252932 4.28206 0.995589 0.0727032 -0.0592897 13.4658
-0.061853 0.0196033 -0.997892 -197.34 -0.0727311 0.997059 0.0240951 4.29048 0.995431 0.0740682 -0.0602454 13.4017
-0.0622011 0.018657 -0.997888 -198.257 -0.0764119 0.996801 0.0233996 4.29855 0.995133 0.0777061 -0.0605766 13.3372
-0.061639 0.0168536 -0.997955 -199.19 -0.0789232 0.996643 0.0217062 4.3046 0.994972 0.0800999 -0.060102 13.2727
-0.0609323 0.0142516 -0.998039 -200.116 -0.0792697 0.99667 0.0190717 4.30665 0.994988 0.0802765 -0.0595997 13.2112
-0.060999 0.0119278 -0.998066 -201.027 -0.0787527 0.996753 0.0167252 4.30323 0.995025 0.0796207 -0.0598616 13.1543
-0.0585645 0.0114851 -0.998217 -201.991 -0.0789724 0.996746 0.0161015 4.30706 0.995154 0.0797747 -0.0574669 13.0652
-0.0581749 0.0142232 -0.998204 -202.922 -0.076136 0.996922 0.0186421 4.30988 0.995398 0.0770839 -0.056913 13.0053
-0.0581347 0.0153334 -0.99819 -203.869 -0.0757705 0.996929 0.0197269 4.31112 0.995428 0.0767803 -0.0567944 12.9435
-0.0569353 0.0124481 -0.998299 -204.836 -0.0706278 0.997366 0.0164645 4.30786 0.995876 0.0714452 -0.0559062 12.8848
-0.0574114 0.00965398 -0.998303 -205.758 -0.0687944 0.997537 0.0136029 4.30607 0.995977 0.0694587 -0.0566059 12.8321
-0.055521 0.0106022 -0.9984 -206.712 -0.072385 0.997268 0.0146155 4.30259 0.995829 0.0730808 -0.054602 12.748
-0.0530469 0.0146882 -0.998483 -207.684 -0.073572 0.997116 0.0185768 4.30075 0.995877 0.0744459 -0.0518133 12.6735
-0.0496565 0.0146465 -0.998658 -208.658 -0.0715907 0.997267 0.0181859 4.30354 0.996196 0.0723978 -0.0484723 12.6015
-0.0464581 0.016061 -0.99879 -209.63 -0.0702233 0.997343 0.0193041 4.31411 0.996448 0.0710353 -0.0452069 12.5413
-0.0443846 0.020374 -0.998806 -210.62 -0.0710445 0.997195 0.0234982 4.32638 0.996484 0.0720027 -0.0428127 12.488
-0.0424431 0.0241392 -0.998806 -211.61 -0.0677 0.99734 0.0269806 4.33933 0.996801 0.0687644 -0.040696 12.4389
-0.0411002 0.0243087 -0.998858 -212.602 -0.0669479 0.997389 0.0270277 4.35267 0.996908 0.0679824 -0.0393655 12.3961
-0.0389855 0.024957 -0.998927 -213.637 -0.0701213 0.997154 0.0276494 4.36931 0.996775 0.0711241 -0.0371246 12.3499
-0.0366283 0.02647 -0.998977 -214.665 -0.0727503 0.996925 0.0290831 4.38624 0.996676 0.0737412 -0.03459 12.3077
-0.0344986 0.0263521 -0.999056 -215.689 -0.0732573 0.996895 0.0288248 4.39979 0.996715 0.0741826 -0.0324611 12.2833
-0.03213 0.0236534 -0.999203 -216.736 -0.075871 0.996776 0.0260357 4.41617 0.996599 0.0766471 -0.0302318 12.2494
-0.0297218 0.0203157 -0.999351 -217.786 -0.0756377 0.99688 0.022515 4.4299 0.996691 0.0762578 -0.0280924 12.2179
-0.0283549 0.0191025 -0.999414 -218.844 -0.0750643 0.996952 0.0211851 4.44644 0.996774 0.0756211 -0.0268346 12.1891
-0.0276547 0.020631 -0.999404 -219.912 -0.0750824 0.996919 0.0226574 4.46185 0.996793 0.0756643 -0.0260205 12.1641
-0.0270922 0.0232642 -0.999361 -221 -0.0764262 0.996753 0.0252754 4.48037 0.996706 0.0770622 -0.0252263 12.1401
-0.026508 0.0224481 -0.999395 -222.087 -0.0759487 0.996812 0.0244045 4.49677 0.996758 0.0765498 -0.0247185 12.1163
-0.0262552 0.0195114 -0.999464 -223.177 -0.0741082 0.997019 0.0214105 4.50964 0.996903 0.0746306 -0.0247309 12.0942
-0.026684 0.0164847 -0.999507 -224.263 -0.0709719 0.997308 0.0183432 4.51842 0.99712 0.0714264 -0.0254423 12.0709
-0.0271346 0.0151596 -0.999516 -225.365 -0.0689422 0.997474 0.0170003 4.52739 0.997251 0.0693702 -0.026021 12.0463
-0.0277412 0.0139406 -0.999517 -226.485 -0.0690806 0.997484 0.0158296 4.53653 0.997224 0.0694865 -0.0267084 12.0206
-0.0281447 0.0135274 -0.999511 -227.606 -0.0686873 0.997517 0.0154346 4.54524 0.99724 0.0690883 -0.0271457 11.9943
-0.0290566 0.0140188 -0.999478 -228.722 -0.070298 0.997396 0.0160333 4.55166 0.997102 0.0707273 -0.0279954 11.964
-0.0300518 0.0161171 -0.999417 -229.855 -0.0710616 0.997304 0.0182199 4.55999 0.997018 0.0715678 -0.0288255 11.9289
-0.0313798 0.0175523 -0.999352 -231.031 -0.0714858 0.997244 0.0197599 4.57134 0.996947 0.0720597 -0.0300386 11.9024
-0.0323251 0.0192746 -0.999291 -232.165 -0.0726675 0.997121 0.0215834 4.57737 0.996831 0.0733137 -0.0308314 11.8546
-0.0332003 0.020456 -0.999238 -233.318 -0.075267 0.996899 0.0229089 4.5852 0.99661 0.0759703 -0.0315577 11.7976
-0.0343889 0.0193943 -0.999219 -234.472 -0.0768058 0.996802 0.0219907 4.59179 0.996452 0.0775022 -0.0327894 11.7389
-0.0350067 0.014984 -0.999274 -235.614 -0.0754588 0.996992 0.0175933 4.59252 0.996533 0.0760199 -0.0337708 11.6696
-0.0372699 0.0090755 -0.999263 -236.818 -0.0725787 0.997292 0.0117646 4.59298 0.996665 0.0729637 -0.0365103 11.6396
-0.0386785 0.00540468 -0.999236 -237.965 -0.0677985 0.997665 0.00802055 4.57891 0.996948 0.068057 -0.0382218 11.5659
-0.0403985 0.00623043 -0.999163 -239.162 -0.0613611 0.998076 0.00870464 4.56746 0.997297 0.0616614 -0.0399385 11.5014
-0.0415554 0.0105446 -0.99908 -240.334 -0.0564682 0.99832 0.0128853 4.55804 0.997538 0.0569517 -0.0408902 11.4199
-0.0427602 0.013339 -0.998995 -241.549 -0.0546576 0.998381 0.0156703 4.55417 0.997588 0.0552728 -0.0419619 11.3425
-0.0443577 0.0131935 -0.998928 -242.756 -0.0531392 0.998464 0.0155471 4.54989 0.9976 0.0537719 -0.0435886 11.2669
-0.0428392 0.0141534 -0.998981 -243.991 -0.0531947 0.998447 0.016427 4.5556 0.997664 0.0538442 -0.0420199 11.1438
-0.0444026 0.0154902 -0.998893 -245.224 -0.0520043 0.998487 0.0177956 4.56179 0.997658 0.0527369 -0.0435299 11.0693
-0.0460291 0.0148416 -0.998829 -246.442 -0.0514355 0.998526 0.0172074 4.5666 0.997614 0.0521673 -0.0451979 10.9934
-0.0462723 0.0132583 -0.99884 -247.697 -0.0515962 0.998544 0.0156446 4.57413 0.997594 0.0522603 -0.0455209 10.9001
-0.0488748 0.0126697 -0.998724 -248.946 -0.0511182 0.998576 0.0151694 4.57932 0.997495 0.0517944 -0.0481576 10.8363
-0.0519715 0.0133729 -0.998558 -250.19 -0.0514217 0.998546 0.0160491 4.58255 0.997323 0.0521817 -0.0512083 10.7772
-0.0574945 0.013179 -0.998258 -251.451 -0.0517172 0.998529 0.0161613 4.58735 0.997004 0.0525563 -0.0567284 10.7355
-0.0616158 0.0141785 -0.997998 -252.727 -0.0525575 0.998464 0.01743 4.58921 0.996714 0.0535263 -0.0607761 10.6708
-0.0653386 0.0157516 -0.997738 -254.019 -0.0541599 0.998344 0.0193079 4.59427 0.996391 0.0552989 -0.0643774 10.5989
-0.0667822 0.0166856 -0.997627 -255.28 -0.0556214 0.998241 0.0204193 4.59416 0.996215 0.0568531 -0.0657368 10.5067
-0.0679241 0.0168627 -0.997547 -256.568 -0.0581596 0.998088 0.0208321 4.60257 0.995993 0.059432 -0.0668136 10.4114
-0.0681744 0.0165484 -0.997535 -257.844 -0.0590292 0.998042 0.0205911 4.61049 0.995924 0.0602876 -0.0670642 10.3213
-0.0681798 0.0151931 -0.997556 -259.111 -0.057557 0.998157 0.0191361 4.62123 0.99601 0.0587211 -0.0671798 10.2289
-0.0658561 0.0142527 -0.997726 -260.328 -0.0553496 0.998305 0.0179144 4.62072 0.996292 0.0564036 -0.0649556 10.1006
-0.0645943 0.0145287 -0.997805 -261.581 -0.0547401 0.998335 0.0180801 4.61431 0.996408 0.0557878 -0.0636915 9.97867
-0.0645437 0.0148901 -0.997803 -262.862 -0.0546045 0.998336 0.0184302 4.61666 0.996419 0.0556741 -0.0636233 9.88568
-0.0641436 0.0148786 -0.997829 -264.15 -0.0538188 0.99838 0.0183465 4.61859 0.996487 0.0548788 -0.0632391 9.79077
-0.0646908 0.0152163 -0.997788 -265.398 -0.0532073 0.998407 0.0186754 4.62159 0.996485 0.0542977 -0.0637782 9.71199
-0.06366 0.0159931 -0.997843 -266.691 -0.0512862 0.998496 0.0192756 4.62381 0.996652 0.0524027 -0.0627442 9.60377
-0.0647187 0.0183019 -0.997735 -267.978 -0.0470323 0.998663 0.0213697 4.62937 0.996793 0.0483088 -0.0637715 9.52783
-0.0669624 0.0211359 -0.997531 -269.222 -0.0434981 0.998762 0.024082 4.63978 0.996806 0.0450033 -0.0659602 9.46629
-0.0672744 0.0228646 -0.997472 -270.492 -0.0414781 0.998807 0.0256927 4.65673 0.996871 0.0431017 -0.0662459 9.38553
-0.0679966 0.0212622 -0.997458 -271.743 -0.0412797 0.998855 0.024106 4.66587 0.99683 0.0428139 -0.0670412 9.30576
-0.0677541 0.0193249 -0.997514 -272.981 -0.0436042 0.998798 0.0223115 4.67566 0.996748 0.0450075 -0.0668302 9.20862
-0.0683667 0.0220179 -0.997416 -274.246 -0.0486969 0.998489 0.0253795 4.68935 0.99647 0.0503062 -0.0671914 9.11613
-0.0696637 0.0276617 -0.997186 -275.497 -0.0527955 0.998111 0.0313757 4.69875 0.996171 0.0548327 -0.0680718 9.03085
-0.0694825 0.0274467 -0.997205 -276.741 -0.057425 0.997852 0.0314658 4.7098 0.995928 0.0594509 -0.0677573 8.93104
-0.0696058 0.0201753 -0.99737 -278.006 -0.0554581 0.998169 0.0240618 4.7344 0.996031 0.0569871 -0.0683596 8.84196
-0.0709232 0.0145372 -0.997375 -279.249 -0.0521575 0.99847 0.0182621 4.74215 0.996116 0.0533158 -0.0700566 8.75831
-0.0715734 0.0135195 -0.997343 -280.502 -0.0461071 0.998793 0.016848 4.74651 0.996368 0.0471905 -0.0708638 8.67867
-0.0710956 0.0151606 -0.997353 -281.747 -0.0430497 0.998905 0.018253 4.74983 0.996539 0.0442335 -0.0703651 8.59161
-0.0704538 0.0173455 -0.997363 -282.97 -0.0418695 0.998915 0.0203301 4.74616 0.996635 0.0431915 -0.0696512 8.50236
-0.0692566 0.0196817 -0.997404 -284.198 -0.0436247 0.998788 0.0227382 4.74907 0.996643 0.0450862 -0.0683141 8.40499
-0.0684732 0.0210932 -0.997429 -285.412 -0.045168 0.998684 0.0242205 4.7542 0.996629 0.0467103 -0.0674305 8.29516
-0.0670175 0.0223783 -0.9975 -286.686 -0.0470023 0.998566 0.0255601 4.76396 0.996643 0.0485978 -0.0658696 8.19405
-0.0655619 0.0220192 -0.997604 -287.915 -0.0468893 0.998583 0.0251223 4.77112 0.996745 0.048424 -0.0644366 8.0795
-0.0643701 0.0206336 -0.997712 -289.139 -0.0479127 0.998568 0.0237426 4.77628 0.996774 0.0493314 -0.0632894 7.96353
-0.0631789 0.0198172 -0.997804 -290.375 -0.0486873 0.99855 0.0229148 4.78052 0.996813 0.0500281 -0.0621225 7.85284
-0.0623937 0.0198093 -0.997854 -291.609 -0.0497505 0.998497 0.0229329 4.78433 0.99681 0.0510747 -0.0613145 7.74335
-0.0606096 0.0196254 -0.997967 -292.861 -0.0510261 0.998437 0.0227337 4.79248 0.996855 0.0523003 -0.0595135 7.63009
-0.0596861 0.0201854 -0.998012 -294.108 -0.0521749 0.998364 0.0233128 4.80292 0.996851 0.0534627 -0.0585354 7.52645
-0.0587059 0.0199885 -0.998074 -295.341 -0.0517054 0.998395 0.0230362 4.8096 0.996934 0.0529582 -0.0575783 7.42888
-0.0587385 0.0186214 -0.998099 -296.584 -0.0517419 0.998424 0.0216725 4.8134 0.99693 0.0529165 -0.0576825 7.34072
-0.0593426 0.0164848 -0.9981 -297.827 -0.0521241 0.998447 0.0195896 4.81455 0.996875 0.0531876 -0.0583913 7.26133
-0.0608809 0.0139413 -0.998046 -299.051 -0.0535579 0.998415 0.0172135 4.81319 0.996706 0.0545013 -0.0600378 7.18837
-0.0620396 0.0127709 -0.997991 -300.281 -0.056224 0.998284 0.0162698 4.81183 0.996488 0.0571204 -0.0612153 7.10394
-0.0621285 0.0127325 -0.997986 -301.52 -0.0601189 0.998054 0.0164761 4.81357 0.996255 0.0610215 -0.0612422 6.99795
-0.0622596 0.0136154 -0.997966 -302.757 -0.0639634 0.997795 0.0176035 4.81685 0.996007 0.0649294 -0.0612516 6.88917
-0.0622309 0.0145175 -0.997955 -303.996 -0.0681914 0.997494 0.0187631 4.82171 0.995728 0.0692196 -0.0610851 6.78061
-0.0618256 0.014583 -0.997979 -305.234 -0.0701395 0.997356 0.0189191 4.82683 0.995618 0.0711675 -0.0606394 6.67272
-0.0614301 0.0125359 -0.998031 -306.472 -0.0708663 0.997341 0.0168891 4.82935 0.995591 0.0717644 -0.0603785 6.56519
-0.0612904 0.0107433 -0.998061 -307.71 -0.0689722 0.997505 0.0149729 4.82951 0.995733 0.0697562 -0.0603966 6.45766
-0.0615369 0.0106258 -0.998047 -308.949 -0.0666693 0.997665 0.0147324 4.82938 0.995874 0.0674457 -0.0606848 6.3498
-0.0614169 0.012537 -0.998032 -310.172 -0.0647843 0.997761 0.0165203 4.83268 0.996006 0.0656715 -0.0604673 6.2354
-0.0612053 0.0137442 -0.998029 -311.43 -0.0633095 0.997837 0.0176241 4.83495 0.996114 0.0642635 -0.0602029 6.12816
-0.061335 0.0128816 -0.998033 -312.724 -0.0645696 0.997769 0.0168464 4.83978 0.996025 0.0654758 -0.0603665 6.04203
-0.0604676 0.0112424 -0.998106 -313.974 -0.0661557 0.997691 0.0152456 4.84537 0.995974 0.0669522 -0.0595843 5.93591
-0.0565744 0.010569 -0.998341 -315.19 -0.0665791 0.997677 0.0143349 4.85407 0.996175 0.0672797 -0.0557394 5.77684
