1 0 0 0 0 1 0 0 0 0 1 0
0.999926 -6.82984e-05 0.0121529 0.150149 7.05667e-05 1 -0.000186222 -0.00410238 -0.0121529 0.000187066 0.999926 -0.0385049
0.999651 0.000554648 0.0264199 0.299884 -0.000559367 1 0.000171228 -0.00828256 -0.0264198 -0.000185946 0.999651 -0.0793048
0.998545 0.00176977 0.0539052 0.361834 -0.00195431 0.999992 0.00337086 -0.0341395 -0.0538988 -0.0034713 0.99854 -0.0194223
0.996051 0.00144267 0.088769 0.397939 -0.00199109 0.99998 0.00608982 -0.0406523 -0.0887584 -0.00624252 0.996034 0.147415
0.991719 -0.00160737 0.128417 0.441019 0.000475588 0.999961 0.00884347 -0.0516268 -0.128426 -0.00870917 0.991681 0.345059
0.985534 -0.00466598 0.169416 0.498677 0.0030317 0.999946 0.00990394 -0.0604876 -0.169453 -0.00924705 0.985495 0.537218
0.977033 -0.00458637 0.213038 0.591193 0.00215521 0.99993 0.0116426 -0.0630862 -0.213077 -0.0109161 0.976974 0.751894
0.965405 -0.00378615 0.260729 0.702011 -0.000107702 0.999889 0.0149186 -0.065123 -0.260757 -0.0144305 0.965297 0.977027
0.951575 -0.00851128 0.3073 0.852535 0.00199505 0.999767 0.0215127 -0.05916 -0.307412 -0.0198579 0.951369 1.18686
0.93498 -0.0165883 0.354312 1.00661 0.00656114 0.999544 0.029483 -0.0513346 -0.354639 -0.0252413 0.934662 1.42173
0.91408 -0.0224377 0.404914 1.18021 0.00980623 0.999399 0.0332429 -0.0387222 -0.405416 -0.026416 0.913751 1.65874
0.889719 -0.0232747 0.455915 1.36685 0.00723988 0.999293 0.0368859 -0.0252623 -0.456451 -0.0295173 0.889259 1.88538
0.862039 -0.0257423 0.506188 1.56925 0.00569519 0.999138 0.0411125 -0.0102229 -0.506811 -0.0325577 0.861443 2.11909
0.830747 -0.0287483 0.555908 1.80214 0.00436684 0.998971 0.0451352 0.00842864 -0.556634 -0.0350683 0.830018 2.34523
0.795784 -0.033688 0.604643 2.0485 0.00589284 0.998835 0.0478949 0.02791 -0.605552 -0.0345509 0.795055 2.55743
0.759083 -0.0395073 0.649795 2.34983 0.00878933 0.998688 0.0504524 0.0241647 -0.650935 -0.0325862 0.758434 2.78749
0.720277 -0.0431642 0.692342 2.6441 0.00982242 0.998597 0.052039 0.028819 -0.693617 -0.030682 0.719691 2.99121
0.679414 -0.0459092 0.732318 2.95892 0.0100885 0.998531 0.0532385 0.0508915 -0.733686 -0.0287829 0.678879 3.2141
0.637863 -0.0461933 0.768763 3.30147 0.00576065 0.998458 0.0552154 0.0826316 -0.770129 -0.0307913 0.637145 3.43285
0.596596 -0.0474619 0.801137 3.66075 0.00320809 0.998383 0.0567583 0.0969126 -0.802536 -0.0312917 0.595783 3.66005
0.556993 -0.0489554 0.829073 4.03053 0.00139672 0.998315 0.0580105 0.111664 -0.830516 -0.0311535 0.556123 3.86988
0.518659 -0.0508453 0.853468 4.43612 -0.000530042 0.998211 0.0597905 0.138861 -0.854981 -0.0314632 0.517704 4.08789
0.481676 -0.0508053 0.874875 4.86552 -0.00336555 0.998203 0.0598201 0.156601 -0.876343 -0.0317584 0.48064 4.29574
0.445635 -0.0500761 0.893813 5.33863 -0.00457096 0.998294 0.0582087 0.184944 -0.895203 -0.0300254 0.444645 4.50089
0.412624 -0.0485782 0.909605 5.81891 -0.00375517 0.998478 0.055028 0.211553 -0.910894 -0.0261216 0.411813 4.68898
0.383132 -0.0467303 0.922511 6.35031 -0.00176083 0.998681 0.0513201 0.240882 -0.923692 -0.0212868 0.382545 4.88765
0.358192 -0.0449173 0.932567 6.89692 -0.000810297 0.998827 0.0484199 0.266619 -0.933648 -0.0180993 0.357735 5.0786
0.338412 -0.0440496 0.939966 7.48634 0.000368158 0.99891 0.0466793 0.303408 -0.940998 -0.0154508 0.338059 5.26964
0.324512 -0.0446294 0.944828 8.11326 0.00134592 0.998907 0.0467215 0.331481 -0.945881 -0.01389 0.324217 5.45954
0.313861 -0.0460664 0.948351 8.74223 0.00264051 0.998861 0.047646 0.36025 -0.949466 -0.0124501 0.313625 5.64257
0.304165 -0.047457 0.951436 9.40191 0.00124084 0.998777 0.0494216 0.394723 -0.952619 -0.0138517 0.303852 5.82692
0.294753 -0.0484491 0.954344 10.11 6.2248e-05 0.998715 0.0506825 0.443655 -0.955574 -0.0148794 0.294377 6.02335
0.285817 -0.0493685 0.957012 10.8199 -0.000218068 0.998669 0.0515826 0.493194 -0.958284 -0.0149519 0.285426 6.21317
0.276732 -0.0501863 0.959636 11.5327 -0.000636009 0.998625 0.0524088 0.543242 -0.960947 -0.0151135 0.276319 6.39623
0.26758 -0.0513851 0.962165 12.2635 -0.000506747 0.998569 0.0534703 0.576693 -0.963536 -0.0147951 0.26717 6.56781
0.258187 -0.0521305 0.964687 13.0264 -0.0005691 0.998535 0.0541119 0.621047 -0.966095 -0.01452 0.257779 6.75529
0.248478 -0.0540456 0.967129 13.793 -0.000837915 0.99843 0.0560101 0.666521 -0.968637 -0.0147276 0.248043 6.9332
0.237811 -0.0577218 0.969595 14.5897 -0.00202532 0.998201 0.0599215 0.705542 -0.97131 -0.0162137 0.237266 7.12084
0.226021 -0.0614937 0.97218 15.3817 -0.00227464 0.997969 0.0636538 0.739156 -0.97412 -0.0165985 0.225422 7.29761
0.213385 -0.0637623 0.974885 16.2027 -0.00318447 0.997817 0.0659592 0.779219 -0.976963 -0.0171792 0.212716 7.47525
0.199613 -0.0641133 0.977775 17.025 -0.00371452 0.9978 0.0661847 0.81989 -0.979868 -0.0168432 0.198935 7.64101
0.186743 -0.0635176 0.980353 17.8361 -0.00477989 0.997837 0.0655608 0.853042 -0.982397 -0.016929 0.186035 7.77525
0.171424 -0.0629267 0.983186 18.65 -0.00476896 0.997893 0.0646995 0.885968 -0.985186 -0.0157798 0.170762 7.89645
0.15254 -0.0616633 0.986372 19.4724 -0.00714871 0.997957 0.0634931 0.918929 -0.988272 -0.0167365 0.151788 8.00385
0.128264 -0.0609691 0.989864 20.3129 -0.0107825 0.997964 0.0628652 0.953041 -0.991682 -0.0187365 0.127345 8.0947
0.0981863 -0.0604634 0.99333 21.1612 -0.0148671 0.997952 0.0622143 0.989463 -0.995057 -0.0208765 0.097086 8.17921
0.0651831 -0.0603685 0.996046 22.0298 -0.0176812 0.997942 0.0616405 1.02847 -0.997717 -0.0216292 0.0639813 8.2279
0.0309834 -0.0595249 0.997746 22.8942 -0.0193047 0.998003 0.0601398 1.06458 -0.999334 -0.0211245 0.0297721 8.24558
-0.00264717 -0.0582646 0.998298 23.757 -0.0199583 0.998105 0.0582005 1.09808 -0.999798 -0.0197703 -0.00380529 8.23353
-0.0349974 -0.0564808 0.99779 24.6177 -0.0218178 0.998207 0.0557392 1.13005 -0.999149 -0.0198188 -0.0361672 8.19449
-0.0669589 -0.0536745 0.996311 25.4808 -0.0243185 0.998343 0.0521496 1.1605 -0.997459 -0.0207368 -0.0681536 8.1279
-0.0996914 -0.0493182 0.993796 26.3376 -0.0215178 0.998644 0.0474003 1.18738 -0.994786 -0.0166588 -0.100618 8.03473
-0.130806 -0.043663 0.990446 27.1934 -0.0155588 0.998997 0.0419852 1.21025 -0.991286 -0.00991825 -0.131354 7.90034
-0.161904 -0.037185 0.986106 28.0353 -0.00915457 0.999303 0.0361796 1.2315 -0.986764 -0.00316974 -0.162132 7.75201
-0.19045 -0.0318785 0.981179 28.8809 -0.00378376 0.999489 0.031739 1.24444 -0.98169 0.00233215 -0.190473 7.56999
-0.218941 -0.0257679 0.975398 29.7045 0.00463603 0.999612 0.0274482 1.25764 -0.975727 0.0105315 -0.218737 7.36556
-0.244506 -0.0147549 0.969535 30.5327 0.0116084 0.999768 0.0181425 1.25671 -0.969578 0.0156908 -0.244279 7.13168
-0.269423 0.000251669 0.963022 31.3446 0.0164793 0.999855 0.00434912 1.24196 -0.962881 0.0170417 -0.269388 6.88147
-0.293879 0.0177672 0.955677 32.1565 0.017416 0.999761 -0.0132311 1.23168 -0.955684 0.0127557 -0.294119 6.61913
-0.318105 0.0329069 0.947484 32.9582 0.0182529 0.999425 -0.0285826 1.20593 -0.94788 0.00820203 -0.318523 6.32507
-0.342441 0.0451607 0.938453 33.7475 0.0230244 0.998947 -0.0396703 1.18813 -0.939257 0.00802258 -0.343121 6.01881
-0.365658 0.0514453 0.929326 34.5343 0.027418 0.998633 -0.0444939 1.15667 -0.930346 0.00921075 -0.366569 5.69217
-0.387567 0.0529113 0.920322 35.3055 0.0322858 0.998518 -0.0438107 1.1248 -0.921276 0.0127337 -0.388701 5.34524
-0.407427 0.0480784 0.911971 36.0601 0.0348509 0.998704 -0.0370811 1.07596 -0.912573 0.0166752 -0.408575 4.98914
-0.425985 0.0466839 0.903525 36.8011 0.042318 0.998603 -0.0316447 1.02611 -0.90374 0.0247553 -0.427365 4.63235
-0.440242 0.0461643 0.896692 37.5431 0.0442025 0.998581 -0.029708 0.979376 -0.896791 0.0265573 -0.441658 4.2568
-0.451792 0.0496176 0.890742 38.259 0.048165 0.998352 -0.0311821 0.93142 -0.890822 0.0288147 -0.453438 3.89235
-0.462055 0.0516107 0.885348 38.9675 0.0489976 0.998266 -0.0326217 0.887883 -0.885497 0.028307 -0.463783 3.5212
-0.473139 0.0511203 0.879504 39.6798 0.0442006 0.998435 -0.0342548 0.841697 -0.879879 0.0226673 -0.474658 3.1441
-0.484321 0.0504665 0.873434 40.3787 0.043811 0.998481 -0.0333983 0.811278 -0.873793 0.0220906 -0.485797 2.76134
-0.49333 0.052182 0.868276 41.0756 0.0454214 0.998382 -0.034194 0.785364 -0.868656 0.0225693 -0.494903 2.36202
-0.500534 0.055986 0.863905 41.7764 0.0482028 0.998161 -0.0367586 0.757649 -0.864374 0.0232437 -0.502312 1.95096
-0.503278 0.0595867 0.862068 42.4783 0.0489982 0.997982 -0.0403758 0.728975 -0.862734 0.0219195 -0.505183 1.53603
-0.502872 0.0634361 0.86203 43.232 0.0495394 0.997779 -0.0445265 0.705466 -0.86294 0.0203133 -0.504898 1.09015
-0.499463 0.0635955 0.863998 43.9856 0.0499474 0.997757 -0.0445671 0.674704 -0.864894 0.0208948 -0.50152 0.660213
-0.493194 0.0630343 0.867633 44.7587 0.0466635 0.997852 -0.0459696 0.64093 -0.868667 0.0178149 -0.495076 0.223492
-0.485689 0.0616839 0.871953 45.5528 0.0432162 0.997981 -0.0465274 0.600069 -0.873063 0.0150846 -0.487375 -0.219201
-0.478503 0.0604984 0.875999 46.3558 0.0393714 0.998098 -0.0474247 0.556078 -0.877203 0.0117964 -0.479976 -0.646976
-0.471925 0.0589456 0.879666 47.1836 0.0356369 0.998222 -0.0477713 0.507156 -0.880918 0.00880409 -0.473187 -1.08637
-0.466923 0.0574247 0.882432 48.029 0.0314722 0.998336 -0.0483143 0.458539 -0.883738 0.00521298 -0.467954 -1.53184
-0.464525 0.0556153 0.883812 48.8815 0.0276276 0.99845 -0.0483082 0.40921 -0.885129 0.0019772 -0.465342 -1.98106
-0.463559 0.0533266 0.88446 49.7506 0.0231355 0.998575 -0.0480812 0.360089 -0.885764 -0.00182604 -0.464133 -2.44462
-0.463337 0.0519715 0.884657 50.6368 0.0216909 0.998644 -0.0473075 0.300061 -0.885917 -0.00273025 -0.463836 -2.91495
-0.462938 0.0511799 0.884912 51.5267 0.0215706 0.998686 -0.0464756 0.241224 -0.886128 -0.00242728 -0.463434 -3.38891
-0.463603 0.0522489 0.884501 52.4384 0.0240769 0.998634 -0.0463712 0.179332 -0.885716 -0.00020176 -0.464228 -3.85965
-0.462885 0.0520684 0.884888 53.3589 0.0239571 0.998643 -0.04623 0.125308 -0.886095 -0.000199837 -0.463505 -4.34884
-0.461849 0.0525948 0.885398 54.2802 0.0228057 0.998614 -0.047424 0.073374 -0.886665 -0.0017106 -0.462409 -4.83578
-0.462038 0.0522776 0.885318 55.2131 0.0205886 0.998624 -0.0482232 0.0199068 -0.886621 -0.00405351 -0.462479 -5.31641
-0.46086 0.0529651 0.885891 56.1386 0.0209467 0.998588 -0.0488061 -0.0398693 -0.887226 -0.00393631 -0.46132 -5.80571
-0.459339 0.051697 0.886756 57.0682 0.0174785 0.998637 -0.0491658 -0.101976 -0.888089 -0.00708465 -0.459617 -6.29121
-0.458574 0.0499286 0.887253 57.9964 0.0173187 0.998733 -0.0472507 -0.173549 -0.888487 -0.0063019 -0.458859 -6.76269
-0.455302 0.0479975 0.889043 58.9032 0.0174265 0.998835 -0.0450004 -0.24367 -0.890167 -0.00499586 -0.455608 -7.24005
-0.451557 0.0481929 0.89094 59.8245 0.0206087 0.998837 -0.043584 -0.309977 -0.892004 -0.00131956 -0.452026 -7.7199
-0.448303 0.0485377 0.892563 60.7527 0.0218348 0.998821 -0.0433491 -0.370886 -0.893615 5.5342e-05 -0.448835 -8.19444
-0.445908 0.0490384 0.893735 61.6841 0.0227734 0.998796 -0.0434407 -0.432379 -0.894789 0.000982768 -0.446489 -8.65867
-0.445095 0.0497797 0.894099 62.5981 0.0234127 0.998759 -0.0439515 -0.502544 -0.895177 0.00137062 -0.445709 -9.10685
-0.44612 0.0505381 0.893545 63.5126 0.0224558 0.998722 -0.0452753 -0.574298 -0.894691 -0.000132988 -0.446686 -9.55665
-0.449496 0.052758 0.891723 64.4128 0.0221557 0.998605 -0.0479134 -0.636417 -0.893008 -0.00178015 -0.450039 -9.99957
-0.454371 0.0540938 0.889169 65.3167 0.021579 0.99853 -0.0497199 -0.695891 -0.890551 -0.00340393 -0.45487 -10.4519
-0.460573 0.0524743 0.88607 66.225 0.0226682 0.99862 -0.0473569 -0.766099 -0.887332 -0.00172572 -0.461128 -10.9092
-0.4671 0.0495791 0.882814 67.1299 0.0231986 0.99877 -0.0438168 -0.833236 -0.8839 1.32384e-05 -0.467676 -11.3752
-0.47311 0.0485448 0.879665 68.0059 0.0216679 0.99882 -0.0434668 -0.888084 -0.880737 -0.00150409 -0.473604 -11.8299
-0.478232 0.0519267 0.876697 68.8843 0.0236761 0.99865 -0.0462348 -0.949453 -0.877914 -0.00135424 -0.478816 -12.3096
-0.483467 0.0539706 0.873697 69.7645 0.0251496 0.998542 -0.0477659 -1.01074 -0.875001 -0.00112011 -0.48412 -12.7961
-0.488336 0.0562449 0.870842 70.6223 0.0242214 0.99841 -0.0509016 -1.06856 -0.87232 -0.00376406 -0.488922 -13.2608
-0.49142 0.0566827 0.869077 71.5226 0.0230817 0.998377 -0.0520643 -1.13273 -0.870617 -0.00552561 -0.491931 -13.7685
-0.494662 0.0560088 0.867279 72.378 0.0242205 0.998422 -0.0506635 -1.19768 -0.868748 -0.00405539 -0.495239 -14.2565
-0.496628 0.049188 0.866569 73.2341 0.0249581 0.998789 -0.0423896 -1.25406 -0.867605 0.000576086 -0.497255 -14.7481
-0.498801 0.0405016 0.86577 74.0811 0.0240454 0.999169 -0.0328887 -1.31168 -0.866383 0.00441289 -0.499361 -15.2264
-0.500264 0.0399362 0.864952 74.9316 0.0243988 0.999189 -0.0320225 -1.34789 -0.865529 0.0050841 -0.500833 -15.7152
-0.500139 0.0443857 0.864807 75.7663 0.0218049 0.999014 -0.0386635 -1.37755 -0.865671 -0.000480124 -0.500614 -16.2128
-0.502797 0.0493813 0.862993 76.6093 0.019902 0.998763 -0.0455549 -1.41694 -0.864176 -0.0057296 -0.503158 -16.678
-0.504758 0.0520768 0.861689 77.449 0.0225062 0.998633 -0.0471695 -1.46256 -0.862968 -0.00441584 -0.50524 -17.1503
-0.505033 0.0529735 0.861473 78.2711 0.0242567 0.998591 -0.0471848 -1.5171 -0.862759 -0.00293338 -0.505607 -17.6159
-0.505673 0.0489582 0.861335 79.1308 0.0231073 0.998798 -0.0432058 -1.58601 -0.862416 -0.00194484 -0.506197 -18.1109
-0.505413 0.0442363 0.861743 79.9627 0.0228046 0.999021 -0.0379083 -1.6465 -0.862576 0.000492364 -0.505928 -18.575
-0.505021 0.0367923 0.862323 80.819 0.0190174 0.999322 -0.0315001 -1.70314 -0.862898 0.000490875 -0.505379 -19.0791
-0.506212 0.0310509 0.86185 81.663 0.00903014 0.999487 -0.0307058 -1.74187 -0.862362 -0.00776102 -0.506234 -19.5273
-0.506137 0.0259615 0.862063 82.5172 0.000905546 0.999562 -0.0295707 -1.77825 -0.862453 -0.0141862 -0.505939 -19.9941
-0.505083 0.0266484 0.86266 83.3406 0.00245185 0.999563 -0.0294419 -1.81045 -0.863068 -0.0127555 -0.504928 -20.4536
-0.501651 0.0308769 0.864519 84.1597 0.00687827 0.999473 -0.0317056 -1.85264 -0.865043 -0.00995878 -0.5016 -20.931
-0.49627 0.0338669 0.867508 84.9963 0.00863369 0.999381 -0.0340762 -1.89583 -0.868125 -0.0094212 -0.496256 -21.4128
-0.487596 0.0366313 0.872301 85.8173 0.0141788 0.999319 -0.0340397 -1.93985 -0.872955 -0.00422943 -0.487784 -21.8827
-0.479486 0.0403343 0.876622 86.6449 0.0211689 0.999184 -0.0343947 -1.98597 -0.877294 0.00206529 -0.479949 -22.3344
-0.471907 0.0393614 0.880769 87.4926 0.0168368 0.999222 -0.0356341 -2.01996 -0.881488 -0.00198668 -0.472203 -22.7539
-0.461113 0.0381271 0.886522 88.3334 0.0137893 0.999263 -0.0358035 -2.05313 -0.887234 -0.00428495 -0.4613 -23.1789
-0.448978 0.0348353 0.892864 89.1694 0.013998 0.999391 -0.0319525 -2.1036 -0.893434 -0.00184767 -0.449192 -23.5995
-0.437315 0.0346814 0.89864 90.0047 0.0138822 0.999397 -0.0318143 -2.15195 -0.899201 -0.00143773 -0.437533 -24.0008
-0.426709 0.0338503 0.903755 90.8593 0.014201 0.999426 -0.0307287 -2.19364 -0.904278 -0.000278031 -0.426946 -24.3846
-0.414243 0.0352089 0.909485 91.718 0.0152319 0.999379 -0.0317513 -2.23829 -0.910039 0.000700425 -0.414522 -24.7753
-0.401592 0.0412067 0.914891 92.5598 0.0155523 0.999149 -0.038175 -2.27756 -0.915687 -0.00110217 -0.401892 -25.1429
-0.390061 0.050044 0.919428 93.4243 0.0174195 0.998744 -0.046971 -2.33005 -0.920624 -0.00230563 -0.390443 -25.5094
-0.377917 0.0555764 0.92417 94.2941 0.0168369 0.998443 -0.0531579 -2.37743 -0.925686 -0.00452918 -0.378265 -25.8591
-0.367778 0.0524356 0.928434 95.1705 0.0125689 0.998597 -0.0514193 -2.42624 -0.929829 -0.00724152 -0.367922 -26.1892
-0.358889 0.0497785 0.932052 96.0445 0.00843554 0.998708 -0.0500903 -2.47109 -0.933342 -0.0101145 -0.358845 -26.4974
-0.348231 0.051055 0.936018 96.9068 0.00508744 0.998603 -0.052576 -2.53395 -0.937395 -0.0135467 -0.348005 -26.818
-0.340921 0.0554756 0.938454 97.7687 -0.00064782 0.998242 -0.0592452 -2.59973 -0.940092 -0.0208059 -0.340286 -27.1219
-0.336022 0.0613762 0.939852 98.6308 -0.00435752 0.997762 -0.0667158 -2.67014 -0.941844 -0.0265135 -0.335004 -27.4185
-0.333436 0.0638927 0.940605 99.501 -0.00745752 0.99749 -0.0704004 -2.74073 -0.942743 -0.0304886 -0.332123 -27.7142
-0.328579 0.063196 0.94236 100.367 -0.00858406 0.997517 -0.069888 -2.82888 -0.944438 -0.031053 -0.327221 -28.0177
-0.324124 0.0634526 0.943884 101.244 -0.00944314 0.99748 -0.0702982 -2.90512 -0.945968 -0.0316986 -0.322708 -28.3109
-0.318503 0.0588897 0.946091 102.108 -0.0127217 0.997712 -0.0663856 -2.98369 -0.947837 -0.03318 -0.317026 -28.5893
-0.311925 0.0558129 0.948466 102.968 -0.0125898 0.997942 -0.0628648 -3.05804 -0.950023 -0.0315502 -0.310581 -28.8821
-0.305478 0.0529734 0.950725 103.842 -0.0156326 0.998037 -0.0606325 -3.12799 -0.952071 -0.0333843 -0.304051 -29.1611
-0.298606 0.0516838 0.952976 104.708 -0.0238266 0.997817 -0.0615815 -3.19867 -0.954079 -0.0410949 -0.296723 -29.4264
-0.29322 0.0514435 0.95466 105.588 -0.0303643 0.997545 -0.0630807 -3.27348 -0.955563 -0.0474842 -0.290938 -29.6676
-0.286768 0.0554771 0.956392 106.462 -0.0289768 0.997362 -0.0665421 -3.34909 -0.957562 -0.0467954 -0.284405 -29.9139
-0.279958 0.0586753 0.958218 107.319 -0.0264705 0.997278 -0.0688008 -3.4277 -0.959647 -0.0446259 -0.277643 -30.1531
-0.272895 0.0566778 0.960373 108.197 -0.0269265 0.997421 -0.0665155 -3.50375 -0.961667 -0.0440113 -0.270666 -30.4001
-0.26555 0.0516316 0.962714 109.077 -0.0272799 0.997762 -0.061036 -3.58111 -0.963711 -0.0424709 -0.263548 -30.6385
-0.257944 0.0486696 0.964933 109.954 -0.0296238 0.997862 -0.0582494 -3.65867 -0.965706 -0.0436101 -0.255951 -30.8728
-0.25165 0.0511204 0.966467 110.84 -0.031546 0.997639 -0.0609832 -3.7327 -0.967304 -0.0458347 -0.249444 -31.0957
-0.244428 0.0538554 0.968171 111.708 -0.0318546 0.997471 -0.0635274 -3.79992 -0.969144 -0.0463686 -0.242095 -31.3131
-0.237091 0.0542099 0.969974 112.602 -0.0347375 0.99733 -0.0642296 -3.87177 -0.970866 -0.0489228 -0.234575 -31.5302
-0.228835 0.0540093 0.971966 113.468 -0.034211 0.997396 -0.0634769 -3.94441 -0.972864 -0.0477778 -0.226392 -31.7347
-0.219962 0.0545957 0.973979 114.346 -0.0289303 0.997628 -0.0624548 -4.01661 -0.975079 -0.0419153 -0.217861 -31.9395
-0.211208 0.0554779 0.975865 115.232 -0.0270253 0.997674 -0.0625669 -4.0917 -0.977067 -0.0395878 -0.209218 -32.1417
-0.206398 0.0555687 0.976889 116.124 -0.0281757 0.997634 -0.0627017 -4.16346 -0.978062 -0.0404662 -0.204345 -32.3024
-0.197486 0.056726 0.978663 117.001 -0.0274706 0.997611 -0.0633676 -4.21445 -0.979921 -0.0393987 -0.195457 -32.4914
-0.190763 0.0570273 0.979978 117.863 -0.0293817 0.997531 -0.0637682 -4.26923 -0.981196 -0.0409581 -0.188617 -32.6512
-0.185018 0.0597637 0.980916 118.739 -0.0243942 0.997561 -0.0653789 -4.32049 -0.982432 -0.036025 -0.183109 -32.8194
-0.179975 0.0618643 0.981724 119.625 -0.0232465 0.997473 -0.0671184 -4.37616 -0.983397 -0.0349013 -0.178083 -32.9829
-0.174403 0.0645738 0.982555 120.5 -0.0220067 0.997342 -0.0694518 -4.43818 -0.984428 -0.0337354 -0.172519 -33.1351
-0.168248 0.0650433 0.983597 121.399 -0.015355 0.997526 -0.0685909 -4.49886 -0.985625 -0.0266434 -0.166833 -33.2883
-0.163274 0.0648193 0.984449 122.29 -0.00800901 0.997718 -0.0670213 -4.55888 -0.986548 -0.0188273 -0.162383 -33.4365
-0.159343 0.0659975 0.985015 123.139 -0.00715889 0.997658 -0.0680027 -4.61574 -0.987198 -0.0178874 -0.158498 -33.5469
-0.15532 0.0689634 0.985454 124.029 -0.0100696 0.997397 -0.0713862 -4.67511 -0.987813 -0.0210109 -0.154222 -33.6757
-0.152347 0.0717723 0.985718 124.927 -0.0121311 0.997148 -0.0744794 -4.74187 -0.988253 -0.0233046 -0.151042 -33.8128
-0.151662 0.0718904 0.985815 125.78 -0.0160281 0.997041 -0.0751749 -4.80948 -0.988303 -0.0272019 -0.150061 -33.9107
-0.151401 0.0715501 0.985879 126.671 -0.0175513 0.997024 -0.0750543 -4.87702 -0.988317 -0.0286667 -0.149695 -34.0407
-0.150909 0.0679624 0.986209 127.568 -0.0187813 0.997256 -0.0715976 -4.93515 -0.988369 -0.0293271 -0.149219 -34.1737
-0.150419 0.0646313 0.986507 128.458 -0.0223929 0.997381 -0.0687581 -4.98658 -0.988369 -0.0324333 -0.148578 -34.2984
-0.149974 0.063138 0.986672 129.332 -0.0234433 0.99745 -0.0673911 -5.05719 -0.988412 -0.0332378 -0.148112 -34.4155
-0.149349 0.0679709 0.986445 130.201 -0.0249445 0.997057 -0.0724787 -5.12765 -0.98847 -0.0354311 -0.147215 -34.5367
-0.148538 0.0731472 0.986198 131.052 -0.0259832 0.996627 -0.0778342 -5.18548 -0.988565 -0.037186 -0.146137 -34.663
-0.148581 0.0726267 0.98623 131.935 -0.0298659 0.996514 -0.0778835 -5.26489 -0.988449 -0.0410267 -0.145895 -34.7904
-0.148558 0.071164 0.98634 132.809 -0.0351515 0.996396 -0.0771838 -5.34648 -0.988279 -0.0461376 -0.145521 -34.9124
-0.147976 0.0723652 0.98634 133.671 -0.0291771 0.996565 -0.0774927 -5.42651 -0.988561 -0.0402457 -0.145357 -35.0378
-0.147225 0.0742977 0.986309 134.535 -0.0317819 0.996303 -0.0797946 -5.50939 -0.988593 -0.0430946 -0.144319 -35.1629
-0.147135 0.0758522 0.986204 135.396 -0.0400387 0.99578 -0.0825622 -5.5923 -0.988306 -0.0516341 -0.143477 -35.2795
-0.146957 0.0776154 0.986093 136.252 -0.0474293 0.995216 -0.0854018 -5.67607 -0.988005 -0.0593202 -0.142573 -35.3889
-0.146943 0.0812087 0.985806 137.095 -0.044883 0.995049 -0.0886604 -5.76264 -0.988126 -0.0572741 -0.142571 -35.5062
-0.146764 0.0812059 0.985833 137.936 -0.045678 0.995004 -0.0887615 -5.85972 -0.988116 -0.0580579 -0.142321 -35.6221
-0.144871 0.0822153 0.986029 138.777 -0.0449294 0.994966 -0.0895616 -5.95486 -0.98843 -0.0572767 -0.140448 -35.7403
-0.141919 0.0802006 0.986624 139.607 -0.0382948 0.99552 -0.0864322 -6.04658 -0.989137 -0.050049 -0.138212 -35.8661
-0.138551 0.0757885 0.987451 140.433 -0.0439625 0.995613 -0.0825833 -6.11892 -0.989379 -0.0548529 -0.134612 -35.9965
-0.136781 0.0715419 0.988014 141.269 -0.0419666 0.996074 -0.0779353 -6.19683 -0.989712 -0.0521238 -0.133242 -36.1119
-0.131246 0.0713817 0.988776 142.082 -0.0421871 0.996098 -0.07751 -6.2717 -0.990452 -0.0518866 -0.127723 -36.2262
-0.126695 0.0765888 0.98898 142.908 -0.0433989 0.995631 -0.0826635 -6.354 -0.990992 -0.0533939 -0.122818 -36.3311
-0.119174 0.0799504 0.989649 143.728 -0.0413931 0.995485 -0.0854064 -6.4349 -0.99201 -0.051143 -0.115327 -36.4301
-0.110954 0.0812243 0.990501 144.546 -0.0419291 0.995384 -0.0863215 -6.50818 -0.992941 -0.0511086 -0.107036 -36.517
-0.100728 0.0780216 0.99185 145.357 -0.043396 0.995626 -0.0827258 -6.57899 -0.993967 -0.0513753 -0.0969024 -36.5967
-0.0879991 0.0774872 0.993102 146.162 -0.0413886 0.995824 -0.0813669 -6.6543 -0.99526 -0.0482634 -0.0844249 -36.6689
-0.0741453 0.079784 0.994051 146.967 -0.0398134 0.995762 -0.0828909 -6.73247 -0.996453 -0.0457226 -0.0706549 -36.7272
-0.0602999 0.0806064 0.99492 147.774 -0.042295 0.995632 -0.0832274 -6.81641 -0.997284 -0.0470988 -0.0566276 -36.7691
-0.04553 0.0805783 0.995708 148.569 -0.0408935 0.995755 -0.082452 -6.89808 -0.998126 -0.0444721 -0.0420419 -36.8038
-0.031719 0.0823985 0.996094 149.368 -0.0411578 0.995642 -0.0836717 -6.98299 -0.998649 -0.0436511 -0.0281897 -36.8242
-0.0171325 0.0893506 0.995853 150.15 -0.0442965 0.994952 -0.0900318 -7.06513 -0.998872 -0.0456553 -0.0130884 -36.8301
-0.00507441 0.0997725 0.994997 150.931 -0.0528581 0.993591 -0.099901 -7.13898 -0.998589 -0.0531007 0.000231641 -36.818
0.00820233 0.108562 0.994056 151.705 -0.0593433 0.992389 -0.10789 -7.21925 -0.998204 -0.0581057 0.0145821 -36.7944
0.0207549 0.109506 0.993769 152.482 -0.062451 0.992184 -0.108027 -7.30514 -0.997832 -0.0598199 0.0274312 -36.7661
0.0318771 0.105403 0.993918 153.251 -0.0689667 0.992285 -0.103017 -7.40074 -0.99711 -0.0652635 0.0389002 -36.7197
0.0417507 0.10379 0.993722 154.022 -0.0742511 0.992161 -0.100507 -7.49325 -0.996365 -0.0695889 0.0491298 -36.6659
0.0503758 0.110868 0.992557 154.785 -0.0779458 0.991224 -0.106763 -7.58533 -0.995684 -0.0719876 0.0585752 -36.6097
0.0560253 0.118047 0.991426 155.542 -0.0819395 0.990179 -0.113268 -7.67937 -0.995062 -0.0748912 0.0651476 -36.5481
0.0581427 0.120666 0.990989 156.299 -0.0851648 0.989648 -0.115506 -7.77424 -0.994669 -0.0776817 0.0678171 -36.4846
0.0573279 0.116714 0.991509 157.057 -0.0881876 0.989852 -0.11142 -7.86576 -0.994453 -0.0810516 0.0670388 -36.4214
0.0542095 0.112699 0.992149 157.803 -0.0905728 0.990068 -0.107514 -7.96357 -0.994414 -0.0840336 0.0638783 -36.3536
0.0509982 0.110157 0.992605 158.565 -0.0880837 0.99052 -0.1054 -8.05415 -0.994807 -0.0820573 0.0602176 -36.3027
0.0487401 0.110736 0.992654 159.32 -0.0864238 0.990574 -0.10626 -8.14027 -0.995066 -0.0806099 0.0578507 -36.2644
0.0456923 0.111351 0.99273 160.079 -0.085584 0.99055 -0.107167 -8.23024 -0.995283 -0.0800653 0.0547901 -36.2313
0.0414633 0.110371 0.993025 160.831 -0.0870269 0.990501 -0.106457 -8.32145 -0.995343 -0.082006 0.0506745 -36.1952
0.0364553 0.110552 0.993201 161.584 -0.0879298 0.990361 -0.107009 -8.41357 -0.99546 -0.0834311 0.0458246 -36.163
0.0291516 0.109102 0.993603 162.331 -0.0889905 0.99036 -0.106135 -8.50064 -0.995606 -0.0853273 0.0385795 -36.1232
0.0234408 0.106704 0.994014 163.067 -0.0869513 0.990736 -0.104302 -8.59513 -0.995937 -0.083986 0.0325015 -36.0967
0.0181012 0.106501 0.994148 163.809 -0.0875227 0.990662 -0.104534 -8.68507 -0.995998 -0.0851185 0.0272531 -36.0763
0.0120552 0.107722 0.994108 164.544 -0.088998 0.990349 -0.106235 -8.77585 -0.995959 -0.087193 0.0215257 -36.0534
0.00684016 0.110051 0.993902 165.279 -0.0901317 0.989947 -0.108993 -8.86798 -0.995907 -0.0888367 0.0166903 -36.0336
0.00320136 0.112208 0.993679 166.004 -0.0906581 0.989624 -0.111458 -8.96211 -0.995877 -0.0897284 0.0133405 -36.0182
0.00128564 0.113297 0.99356 166.718 -0.0871587 0.989792 -0.112755 -9.05448 -0.996194 -0.0864526 0.0111471 -36.0054
0.00188469 0.111634 0.993747 167.435 -0.0844579 0.990216 -0.111077 -9.14652 -0.996425 -0.0837206 0.0112944 -35.9966
0.0054531 0.108268 0.994106 168.149 -0.0819003 0.990829 -0.107462 -9.23763 -0.996626 -0.0808318 0.01427 -35.9826
0.0125222 0.108214 0.994048 168.861 -0.0822247 0.99087 -0.106832 -9.33046 -0.996535 -0.0803977 0.0213055 -35.9622
0.0233462 0.108679 0.993802 169.568 -0.0807895 0.991027 -0.106477 -9.42249 -0.996458 -0.0778031 0.0319166 -35.9341
0.0383094 0.108747 0.993331 170.267 -0.0783499 0.991326 -0.105505 -9.50844 -0.99619 -0.0737857 0.0464972 -35.9025
0.054362 0.106213 0.992856 170.958 -0.0794798 0.991631 -0.10173 -9.59428 -0.995353 -0.0733819 0.0623486 -35.8552
0.06984 0.10153 0.992378 171.65 -0.0854227 0.991761 -0.0954553 -9.6743 -0.993894 -0.0781052 0.0779374 -35.7844
0.085715 0.0945565 0.991822 172.335 -0.0883244 0.992287 -0.0869676 -9.75553 -0.992397 -0.0801478 0.0934053 -35.7043
0.103073 0.0865584 0.9909 173.022 -0.0892832 0.992989 -0.0774536 -9.82926 -0.990659 -0.0804875 0.110079 -35.622
0.121998 0.0786374 0.98941 173.695 -0.0901927 0.993609 -0.06785 -9.8985 -0.988424 -0.0809601 0.12831 -35.5333
0.139549 0.0725163 0.987556 174.363 -0.0926699 0.993893 -0.0598866 -9.95992 -0.98587 -0.0831597 0.145417 -35.4241
0.15693 0.0700741 0.98512 175.019 -0.0939074 0.994018 -0.0557474 -10.0179 -0.983135 -0.0837618 0.162572 -35.3008
0.17492 0.0674398 0.98227 175.669 -0.0936645 0.994266 -0.0515837 -10.0754 -0.980118 -0.0829809 0.180234 -35.173
0.19312 0.0665376 0.978916 176.315 -0.0955618 0.994229 -0.048726 -10.1225 -0.976511 -0.0841371 0.198364 -35.0372
0.210549 0.0654341 0.975391 176.956 -0.101436 0.993833 -0.0447752 -10.1667 -0.972307 -0.0895123 0.215888 -34.8906
0.225469 0.0620631 0.972271 177.585 -0.10339 0.993857 -0.0394649 -10.211 -0.968749 -0.0916247 0.230501 -34.7305
0.236395 0.0583051 0.969906 178.206 -0.0990895 0.994439 -0.0356288 -10.2474 -0.966592 -0.0876851 0.240858 -34.561
0.246538 0.0567465 0.96747 178.816 -0.0974019 0.994679 -0.0335217 -10.2823 -0.964226 -0.0859692 0.250754 -34.3859
0.257131 0.0604436 0.964484 179.422 -0.102446 0.994122 -0.0349888 -10.3259 -0.960931 -0.089811 0.261812 -34.2168
0.266235 0.0675305 0.961539 180.024 -0.10609 0.993534 -0.0404029 -10.3589 -0.958053 -0.0912532 0.271678 -34.0348
0.275425 0.0774591 0.958196 180.606 -0.107031 0.993021 -0.049509 -10.3946 -0.955346 -0.0889212 0.281794 -33.8568
0.283985 0.0823054 0.955289 181.186 -0.101589 0.993283 -0.0553789 -10.4332 -0.953432 -0.0813198 0.290439 -33.6738
0.290517 0.0806666 0.953463 181.776 -0.101979 0.993374 -0.0529706 -10.467 -0.95142 -0.0818444 0.296818 -33.4862
0.296708 0.0736397 0.952124 182.375 -0.104881 0.993503 -0.044156 -10.4964 -0.949192 -0.0867588 0.302504 -33.2851
0.300788 0.0647642 0.951489 182.982 -0.110373 0.99335 -0.0327221 -10.519 -0.947283 -0.0951762 0.305936 -33.0807
0.302901 0.0586493 0.951215 183.591 -0.112301 0.993346 -0.0254864 -10.5372 -0.946383 -0.0991024 0.307472 -32.875
0.303671 0.0585661 0.950975 184.228 -0.109668 0.993623 -0.0261727 -10.5607 -0.946445 -0.0963436 0.308157 -32.6748
0.304755 0.0606769 0.950496 184.842 -0.10742 0.99379 -0.0289988 -10.5859 -0.946354 -0.0932649 0.30938 -32.475
0.306026 0.0603411 0.950108 185.422 -0.104663 0.994071 -0.0294214 -10.6086 -0.946253 -0.090438 0.310528 -32.2677
0.308132 0.0587362 0.949528 186.05 -0.108098 0.993789 -0.0263951 -10.6293 -0.945183 -0.0945088 0.312568 -32.0627
0.310769 0.0562044 0.948822 186.667 -0.108991 0.993772 -0.0231691 -10.6473 -0.944216 -0.0962127 0.31496 -31.8545
0.314119 0.0519511 0.947961 187.286 -0.109146 0.993856 -0.0182992 -10.6627 -0.943089 -0.0977185 0.317859 -31.6442
0.318345 0.0497163 0.94667 187.893 -0.108486 0.993973 -0.0157189 -10.6795 -0.941747 -0.0976964 0.32182 -31.4256
0.323181 0.0481697 0.94511 188.504 -0.107341 0.994123 -0.0139623 -10.693 -0.94023 -0.0969368 0.326453 -31.1937
0.329377 0.045713 0.943091 189.108 -0.106565 0.994244 -0.0109743 -10.7055 -0.938166 -0.0968861 0.332353 -30.9497
0.337385 0.0451186 0.940284 189.712 -0.105973 0.994321 -0.00968702 -10.7238 -0.935383 -0.0963767 0.340251 -30.703
0.345921 0.0473543 0.937068 190.312 -0.108083 0.994087 -0.0103366 -10.74 -0.932018 -0.0977053 0.348994 -30.4293
0.356757 0.0503216 0.93284 190.912 -0.109221 0.993946 -0.0118472 -10.7646 -0.927791 -0.0976592 0.360094 -30.1795
0.368487 0.0527454 0.928135 191.548 -0.109173 0.993935 -0.013141 -10.7751 -0.9232 -0.0964851 0.372011 -29.909
0.380332 0.0524715 0.92336 192.179 -0.107177 0.994162 -0.0123486 -10.7849 -0.918619 -0.0942667 0.383736 -29.6309
0.391784 0.0504571 0.918672 192.766 -0.107146 0.994202 -0.008911 -10.7924 -0.913797 -0.0949413 0.394919 -29.3895
0.403085 0.0487839 0.913861 193.388 -0.106636 0.994278 -0.00604159 -10.7985 -0.908929 -0.0950157 0.405981 -29.1055
0.413937 0.0484943 0.909012 194.018 -0.108263 0.994114 -0.00373464 -10.8028 -0.903845 -0.0968663 0.416751 -28.7946
0.423602 0.0476926 0.904591 194.634 -0.11172 0.993738 -7.6182e-05 -10.8047 -0.898933 -0.101029 0.426279 -28.4976
0.430681 0.0489736 0.901174 195.251 -0.114271 0.993448 0.000623401 -10.8074 -0.895241 -0.103247 0.433456 -28.1933
0.435865 0.0464716 0.898811 195.884 -0.114364 0.993429 0.00409578 -10.8145 -0.892716 -0.104577 0.438317 -27.8922
0.438791 0.0426442 0.897576 196.524 -0.111131 0.993779 0.00711277 -10.8205 -0.891691 -0.102869 0.440801 -27.5818
0.439559 0.0429332 0.897187 197.166 -0.106527 0.994298 0.00461077 -10.829 -0.891875 -0.0976018 0.441626 -27.2709
0.438883 0.042727 0.897527 197.821 -0.104445 0.994522 0.00372821 -10.8389 -0.892453 -0.0953783 0.440943 -26.9461
0.438433 0.0437901 0.897696 198.487 -0.101066 0.994878 0.000829944 -10.8436 -0.893064 -0.0910907 0.440614 -26.6192
0.438059 0.0411222 0.898004 199.156 -0.0971425 0.995267 0.00181144 -10.8455 -0.893682 -0.088028 0.439982 -26.2895
0.438388 0.0354178 0.898087 199.821 -0.093897 0.995559 0.00657278 -10.8571 -0.893868 -0.0872092 0.439767 -25.9784
0.437245 0.0332388 0.898728 200.498 -0.0942653 0.995504 0.00904355 -10.8604 -0.894389 -0.0886732 0.438413 -25.6411
0.435594 0.0305971 0.899622 201.168 -0.093833 0.995519 0.0115751 -10.8785 -0.89524 -0.0894564 0.436514 -25.3166
0.434601 0.0309101 0.900092 201.856 -0.094575 0.99545 0.01148 -10.8705 -0.895644 -0.0901155 0.435547 -24.9829
0.432666 0.031284 0.901011 202.537 -0.0963799 0.995274 0.0117248 -10.8641 -0.896388 -0.0919124 0.433637 -24.647
0.431647 0.0331154 0.901434 203.233 -0.0966268 0.995272 0.00970666 -10.8633 -0.896853 -0.0912926 0.432807 -24.3196
0.430566 0.0371804 0.901792 203.92 -0.0961443 0.995354 0.00486686 -10.8685 -0.897424 -0.0887978 0.432141 -23.9878
0.430056 0.0430197 0.901776 204.595 -0.0958856 0.995389 -0.00175778 -10.8744 -0.897696 -0.0857116 0.432199 -23.6639
0.429066 0.0461345 0.902094 205.281 -0.0991181 0.995067 -0.00374537 -10.8883 -0.897819 -0.0878069 0.431523 -23.3296
0.42716 0.044103 0.903099 205.965 -0.100885 0.994896 -0.000867625 -10.8985 -0.898531 -0.090739 0.42943 -22.9941
0.425715 0.0414372 0.903908 206.653 -0.102657 0.994712 0.0027489 -10.9058 -0.899016 -0.093963 0.427718 -22.6521
0.422537 0.0420629 0.905369 207.359 -0.105208 0.994445 0.0028993 -10.912 -0.900219 -0.096477 0.424615 -22.2981
0.417124 0.0426522 0.907848 208.044 -0.1085 0.99409 0.00314802 -10.921 -0.90235 -0.0998147 0.419287 -21.964
0.410286 0.0420923 0.910984 208.723 -0.10827 0.994116 0.00282867 -10.9261 -0.905507 -0.0997925 0.41243 -21.6525
0.401595 0.0423767 0.914836 209.409 -0.108178 0.994129 0.0014384 -10.9392 -0.909406 -0.0995428 0.403822 -21.3517
0.392027 0.044007 0.9189 210.094 -0.106798 0.994277 -0.00205401 -10.9627 -0.913734 -0.0973315 0.394484 -21.0611
0.381897 0.0462737 0.923045 210.791 -0.107391 0.994201 -0.00540908 -10.9869 -0.917945 -0.0970615 0.384652 -20.7714
0.371397 0.045765 0.927345 211.489 -0.110395 0.993875 -0.00483567 -11.0054 -0.921888 -0.100578 0.374175 -20.4977
0.361045 0.037865 0.931779 212.191 -0.105002 0.994471 0.000273553 -11.0204 -0.926619 -0.0979376 0.363025 -20.2315
0.347101 0.0291469 0.937374 212.883 -0.100407 0.994925 0.00624357 -11.0361 -0.932438 -0.0962864 0.348267 -19.9039
0.338062 0.0241777 0.940813 213.585 -0.0988061 0.995056 0.00993231 -11.028 -0.935924 -0.0963159 0.338779 -19.6128
0.332256 0.0238334 0.942888 214.291 -0.104235 0.994484 0.0115929 -11.023 -0.937412 -0.102134 0.332908 -19.3354
0.328947 0.0217194 0.944098 214.995 -0.102027 0.9947 0.0126651 -11.0267 -0.938821 -0.100489 0.32942 -19.0744
0.328053 0.0200665 0.944446 215.698 -0.0996928 0.994925 0.0134893 -11.0392 -0.939385 -0.0985797 0.328389 -18.8431
0.328143 0.021871 0.944374 216.401 -0.0994163 0.994978 0.0115015 -11.0446 -0.939382 -0.0976605 0.32867 -18.6085
0.327846 0.0237718 0.944432 217.121 -0.102875 0.994636 0.0106761 -11.0479 -0.939114 -0.100658 0.328533 -18.347
0.330251 0.0222098 0.943632 217.838 -0.103788 0.994514 0.012916 -11.0672 -0.93817 -0.102203 0.330744 -18.1186
0.33248 0.0210987 0.942874 218.572 -0.104717 0.994392 0.0146742 -11.0722 -0.937279 -0.103614 0.332825 -17.8642
0.333877 0.0187707 0.942429 219.314 -0.103254 0.994512 0.0167721 -11.0765 -0.936945 -0.10291 0.333983 -17.5912
0.335582 0.0176136 0.941846 220.039 -0.0993101 0.994914 0.0167784 -11.0768 -0.936762 -0.0991654 0.335624 -17.3317
0.339492 0.0163606 0.940466 220.761 -0.0979886 0.995022 0.0180625 -11.0749 -0.935492 -0.0982871 0.339405 -17.0797
0.3435 0.0155028 0.939024 221.511 -0.099456 0.99484 0.0199572 -11.0611 -0.933872 -0.100247 0.343269 -16.7881
0.348363 0.0110425 0.937294 222.236 -0.100317 0.994625 0.0255668 -11.0607 -0.931977 -0.102933 0.347599 -16.5076
0.353095 0.00728288 0.935559 222.966 -0.100523 0.994475 0.0301978 -11.0565 -0.930172 -0.104708 0.351877 -16.2205
0.356877 0.00693824 0.934125 223.705 -0.10156 0.994332 0.0314148 -11.0489 -0.928615 -0.106081 0.355559 -15.9236
0.36307 0.0117002 0.931688 224.445 -0.106612 0.993874 0.0290648 -11.0449 -0.925643 -0.109882 0.362094 -15.6472
0.367501 0.0168051 0.929871 225.175 -0.111348 0.993438 0.0260526 -11.042 -0.923334 -0.113113 0.366961 -15.3433
0.371783 0.0198102 0.928108 225.913 -0.115888 0.99294 0.0252288 -11.0331 -0.921058 -0.116937 0.371455 -15.032
0.375042 0.0197722 0.926797 226.63 -0.117951 0.992663 0.0265535 -11.0264 -0.919474 -0.119276 0.374623 -14.7145
0.378321 0.0220729 0.925411 227.369 -0.119827 0.99247 0.0253148 -11.0183 -0.917887 -0.120467 0.378117 -14.3962
0.382109 0.0246701 0.923788 228.122 -0.120501 0.992437 0.02334 -11.0106 -0.916228 -0.120236 0.382192 -14.0772
0.38629 0.0249346 0.92204 228.85 -0.120471 0.992434 0.0236332 -11.0024 -0.914477 -0.120208 0.386372 -13.7631
0.391399 0.0239403 0.919909 229.598 -0.119791 0.992479 0.0251395 -10.9926 -0.912391 -0.120037 0.391324 -13.4439
0.395448 0.0232498 0.918194 230.318 -0.115767 0.992967 0.0247157 -10.9899 -0.911164 -0.116071 0.395359 -13.1244
0.400396 0.0230774 0.916051 231.052 -0.112146 0.9934 0.0239918 -10.9879 -0.909454 -0.112338 0.400342 -12.8056
0.40472 0.0244384 0.914114 231.789 -0.11235 0.993396 0.0231844 -10.9839 -0.907513 -0.112084 0.404793 -12.4757
0.409019 0.024003 0.91221 232.527 -0.116925 0.992791 0.0263037 -10.9771 -0.905004 -0.117419 0.408877 -12.1324
0.413702 0.0231009 0.910119 233.231 -0.120613 0.992255 0.0296399 -10.9828 -0.902388 -0.122034 0.413285 -11.793
0.418175 0.0251992 0.908017 233.981 -0.117255 0.992748 0.0264498 -10.9812 -0.900767 -0.117531 0.418097 -11.4552
0.422194 0.0313079 0.905964 234.703 -0.116241 0.993021 0.0198539 -10.9802 -0.899022 -0.113692 0.422888 -11.1163
0.424112 0.0384528 0.904793 235.424 -0.123301 0.992244 0.0156269 -10.9617 -0.897177 -0.11819 0.425565 -10.7475
0.425038 0.0390378 0.904333 236.137 -0.129702 0.991385 0.0181646 -10.9365 -0.895835 -0.125015 0.42644 -10.3715
0.427303 0.0313367 0.903565 236.871 -0.130444 0.991078 0.0273163 -10.9098 -0.894649 -0.129537 0.427579 -10.0157
0.428744 0.0207009 0.903189 237.604 -0.128539 0.990963 0.0383048 -10.8813 -0.894235 -0.132518 0.427531 -9.65726
0.429565 0.0144467 0.90292 238.318 -0.131343 0.990237 0.0466426 -10.8614 -0.893434 -0.138628 0.427269 -9.29464
0.430934 0.0125044 0.902297 239.053 -0.132095 0.990005 0.0493682 -10.8389 -0.892663 -0.140463 0.428279 -8.92618
0.43297 0.0161151 0.901264 239.77 -0.130273 0.990461 0.0448734 -10.8198 -0.891946 -0.136839 0.430939 -8.56328
0.43685 0.0205048 0.899301 240.478 -0.127539 0.991051 0.0393572 -10.8016 -0.890448 -0.131889 0.435556 -8.21006
0.441909 0.024904 0.896714 241.221 -0.127488 0.99121 0.0352989 -10.7784 -0.887955 -0.129919 0.4412 -7.84873
0.446783 0.0278664 0.894208 241.943 -0.127109 0.991351 0.0326153 -10.7592 -0.885567 -0.128234 0.446461 -7.49126
0.451486 0.0302674 0.891765 242.664 -0.12641 0.991512 0.0303462 -10.7427 -0.883279 -0.126429 0.45148 -7.1274
0.455281 0.0292104 0.889868 243.391 -0.12576 0.991549 0.0317943 -10.724 -0.881422 -0.126385 0.455108 -6.75187
0.461118 0.0250908 0.886984 244.134 -0.124794 0.991497 0.0368297 -10.7056 -0.87852 -0.127673 0.460329 -6.37231
0.464987 0.019915 0.885094 244.859 -0.123697 0.9914 0.0426775 -10.692 -0.876634 -0.129328 0.463452 -6.00874
0.468619 0.0141861 0.883286 245.595 -0.122124 0.991309 0.0488704 -10.6751 -0.874919 -0.130772 0.46628 -5.63669
0.471049 0.00875434 0.882063 246.318 -0.119625 0.991345 0.0540445 -10.6454 -0.873959 -0.130974 0.46802 -5.25337
0.47298 0.00235312 0.88107 247.042 -0.117769 0.99119 0.060574 -10.6113 -0.873168 -0.132413 0.469091 -4.86985
0.474549 0.00158631 0.880228 247.76 -0.116826 0.991264 0.0611967 -10.5789 -0.872443 -0.131874 0.470588 -4.48138
0.476581 0.0128065 0.879037 248.476 -0.124776 0.990755 0.053215 -10.553 -0.870231 -0.135044 0.473774 -4.08231
0.478004 0.025891 0.877976 249.188 -0.126159 0.991223 0.0394555 -10.5282 -0.869251 -0.129625 0.477076 -3.69602
0.479544 0.0331754 0.876891 249.901 -0.126667 0.991435 0.0317611 -10.5058 -0.868329 -0.126304 0.479639 -3.31494
0.479792 0.0315795 0.876814 250.619 -0.126596 0.991385 0.033567 -10.4805 -0.868202 -0.127106 0.479656 -2.92707
0.479905 0.0277375 0.876882 251.341 -0.128376 0.99096 0.0389122 -10.4507 -0.867878 -0.131244 0.479129 -2.52238
0.48103 0.0231113 0.8764 252.049 -0.12684 0.990968 0.043486 -10.4828 -0.867481 -0.13208 0.479617 -2.11484
0.482224 0.0204658 0.875809 252.81 -0.124571 0.991169 0.0454277 -10.4967 -0.867146 -0.131007 0.480515 -1.68323
0.483383 0.0165206 0.875253 253.531 -0.120625 0.99154 0.0479031 -10.494 -0.867059 -0.128733 0.481286 -1.27788
0.484758 0.011317 0.874575 254.248 -0.121027 0.991164 0.054257 -10.4852 -0.866235 -0.132149 0.481845 -0.875408
0.486074 0.00859058 0.873875 254.963 -0.12228 0.990782 0.0582758 -10.4697 -0.865321 -0.135184 0.482645 -0.476181
0.487927 0.00882828 0.87284 255.721 -0.12339 0.990604 0.0589568 -10.4411 -0.86412 -0.136466 0.484432 -0.0521937
