1.0000000000100635 -2.514962728090292e-11 9.306791925664526e-10 -4.605926751111156e-12 3.56921190194405e-11 1.000000000000005 9.315423194984232e-10 1.0218394012884158e-10 4.662903708985144e-10 -9.309394563550549e-10 0.9999999999899314 -7.597393082703352e-09
0.9999960641425603 -0.0027210425621527474 -0.0011285785059826584 0.6727835457849849 0.0027174345648100662 0.9999910231762957 -0.003183749732504335 0.0005080650048841402 0.0011372211359167448 0.0031806721142841592 0.9999939126811439 0.01968985876625745
0.9999691508449259 -0.007374754378158093 -0.0028499818798236156 1.374691599905755 0.00736676743625125 0.9999691655286368 -0.0028011442719125725 0.0030312999675533633 0.0028705463272711553 0.0027800723937473717 0.9999916836264373 0.027451418969591704
0.9999222011022968 -0.011971060236539394 -0.0035269674980496547 2.0859081672862896 0.011962832414213954 0.9999253349859473 -0.002349819419234184 0.011915093104745993 0.0035548361307919936 0.002307423462095144 0.9999914639117559 0.03414669971647258
0.9998471327959183 -0.016992345422400374 -0.004016124606197386 2.812509040670374 0.016987803695935534 0.9998555421193757 -0.0011629851687638697 0.027416282333722876 0.004035315963761386 0.0010945950108893856 0.9999913250847061 0.038567405049672564
0.9997543593565141 -0.02180124005155844 -0.003995666088774272 3.551405024806831 0.02179181524663514 0.9997596897560156 -0.002381357907834886 0.044223504949136884 0.004046625732900912 0.00229370447499873 0.9999889508874702 0.04720547264539009
0.9996781705721457 -0.024823769714786906 -0.005286686306774156 4.312332567783238 0.024818234892206425 0.9996910420874243 -0.0010958458175167626 0.07516560134829643 0.0053122603389974855 0.0009642751267195477 0.9999857873404299 0.056246698795620116
0.9995574629890233 -0.029072438926934202 -0.006380019140505784 5.080901881867676 0.029087808148874267 0.999574471901699 0.002326633653394965 0.1040135278073954 0.0063096517906256625 -0.002511178962919341 0.9999770651092778 0.06819259012872013
0.9994349594317609 -0.033216430666413464 -0.005202885964854195 5.875851578009583 0.03323788135446419 0.999439352707663 0.004094819997931563 0.13518742945921033 0.005063935340433725 -0.0042654271135673235 0.9999776878605763 0.07546375624793611
0.9992578817081742 -0.038426737521343526 -0.0026869373154780572 6.683186201990836 0.038436905179594104 0.9992537676825836 0.0038299173919082432 0.1694427885809856 0.002537766302762713 -0.003930354914752531 0.9999893506092422 0.0827515637818662
0.999144104265083 -0.04137451248155982 0.00013285521409356956 7.490464553694897 0.04137392346343924 0.9991398790830098 0.002859496251833585 0.20126478775759876 -0.00025105482259831207 -0.002851546770874037 0.9999960166519072 0.09537242141291372
0.9990647532218191 -0.043234719317912035 -0.0002731984984317964 8.3081953283351 0.04323541381650795 0.9990580049381534 0.003839769207760349 0.25329163128293447 0.00010692732828429356 -0.0038479720755234307 0.9999922418400276 0.10300172705940966
0.9989105694534693 -0.046658666678810155 -0.000873250659162229 9.126725674061959 0.04666177357274186 0.9989022231194398 0.004062018439599719 0.28891882819659864 0.0006827596851520816 -0.004098344042779298 0.9999912074270909 0.10901273193891005
0.9988033635754109 -0.048888501130420044 -0.0011663675448652855 9.978228096348584 0.048890280373275564 0.998803367872666 0.0015988672215963113 0.33383765380317404 0.0010868112216454642 -0.0016539774725346102 0.9999982685519232 0.11905413768321055
0.9986674959777901 -0.05159807664450759 -0.0005686867158735086 10.812061301600261 0.05159871256938157 0.9986671377783628 0.0011538670901521362 0.37408091965572465 0.0005083988359448214 -0.001181677968176391 0.9999993662438471 0.12464134840885338
0.9986273642149871 -0.05237113349224212 -0.0011609562430187972 11.671805526702453 0.05236974847959394 0.9986274145306566 -0.0011829555242206609 0.42975553056847904 0.0012213054589841794 0.001120543864557394 0.9999982212543562 0.1354764466937283
0.9985205054795867 -0.05428771576259654 -0.0031499525302440354 12.528762685329825 0.0542910220119185 0.9985242759237557 0.0009771221078986037 0.4804966845455637 0.00309225425506609 -0.0011466900996487909 0.9999942185966575 0.1435305875372235
0.9983778485091896 -0.05658753165366173 -0.006246431358855533 13.400009107584282 0.05660356648324683 0.9983937293697716 0.002420562403462388 0.5269776975680255 0.0060994257167052745 -0.0027702027850383826 0.9999774221210389 0.1572405306683565
0.9982751562983679 -0.05818791782058405 -0.0077708636885022156 14.279875956958646 0.05823728340549066 0.9982834817433811 0.006283843026422289 0.5922746777634483 0.007391885657363521 -0.0067255593082212765 0.9999503619582507 0.1637170147834182
0.9982236190149802 -0.059055009455919044 -0.00789155981040679 15.160252711220561 0.059113700393200005 0.9982235758674454 0.0074265062652661435 0.6509197609121133 0.007438972763746705 -0.007879819106961785 0.9999418051175744 0.17534170786761274
0.9981408107714831 -0.060618914640085855 -0.006313472647360116 16.053253368424233 0.0606618077506345 0.9981348910726441 0.00683952062442884 0.7091195442932092 0.0058870887901358694 -0.00720978488670926 0.999956298155873 0.19117175493600405
0.9980999695384603 -0.06142017404001747 -0.0049918476322109665 16.94990742023198 0.06145174781455841 0.9980892703820077 0.006434989658554297 0.7684236686058 0.00458706351870074 -0.00672951908428435 0.9999667600795321 0.20299826364661414
0.9980157635974628 -0.06278619457517115 -0.004655393313670076 17.864464034304394 0.06281681901139123 0.9980021390749002 0.006745546910711065 0.8257088253377481 0.004222563372119209 -0.007024595461106253 0.9999660973276369 0.2215309990032968
0.9979857334982303 -0.06316395013219224 -0.00586004489096112 18.77304718459094 0.06320293941172644 0.9979777704261739 0.006718691419807824 0.8982562851103548 0.00542381649435744 -0.007075547233996636 0.9999604960755959 0.22922832911475027
0.9978982464167385 -0.06453385706180201 -0.005845644130093976 19.679981010198997 0.06456580568958568 0.9978988355076527 0.005463010768898676 0.9543214691106382 0.005480801561322963 -0.005828956994865968 0.9999679180756088 0.24683175098597154
0.997804294104327 -0.06611383497435104 -0.004067040262236204 20.609279200013496 0.06613493143042268 0.9977969457879446 0.005283315346392899 1.015936574481047 0.003708777829833182 -0.005540680244281654 0.9999777601077283 0.26048613005221916
0.9979129766776117 -0.06457868572239507 -0.0006793866798317149 21.54339703761161 0.06458168589093151 0.99789311272038 0.006239838238753288 1.084510065903508 0.00027498005070426563 -0.006270674073911925 0.9999799106020083 0.2684440782752541
0.9979057443774163 -0.06462151441581779 0.0029465979953147642 22.488073524865914 0.0645999837266433 0.997887197654483 0.006880718216835819 1.1454515339255993 -0.003385011444487297 -0.0066759614542464705 0.9999720579681006 0.28003263992785316
0.9979582891482289 -0.06359784880143968 0.005960797756360185 23.430067844749487 0.06356263174446049 0.9979606919029596 0.00591884290835293 1.207937580775151 -0.006325061484733487 -0.005527868787278709 0.9999650189488115 0.28563330974328405
0.9980937347666861 -0.061308922880763 0.0070596419455087375 24.363942695078368 0.06127325803545871 0.9981072859093227 0.005167936131757861 1.2707502750137074 -0.007363124843869133 -0.0047255289716524075 0.9999619793239909 0.29042452161166227
0.9982384155481503 -0.05921731844448093 0.0037200682196357557 25.322078017273665 0.059194395193965424 0.998229009402827 0.005984009629490158 1.3354527705600243 -0.004067828682164269 -0.005753265661679956 0.9999755750490227 0.2960537155469484
0.9983088206125177 -0.05813199228885235 -0.0005880208846978201 26.258956317935485 0.05813481738233945 0.9982820648469478 0.0073621153003260685 1.3929967982441416 0.00015904121545807625 -0.007383849122681128 0.9999731145405344 0.2992464292504472
0.9983521240863172 -0.05725791773084324 -0.0038370565191432593 27.228926427321014 0.05728242962990898 0.9983365908443167 0.006623759113427413 1.4498766901986206 0.003451407854406919 -0.00683262538867682 0.9999702850693659 0.30629584791874803
0.9984382001354202 -0.05578050038224162 -0.0030273167576307467 28.192335073002358 0.055792930594686485 0.9984342156392543 0.004176075455670395 1.5111437465518027 0.002789639844778039 -0.0043384475677617764 0.9999865842253255 0.31703912743995416
0.9984513435732075 -0.05557416902282578 0.0023977719982403688 29.17449766265698 0.05557066472455865 0.9984538012141003 0.0015109879507406525 1.5610059134422192 -0.002478033853110872 -0.001375393237389742 0.9999958552126921 0.32659985792211377
0.9983731428030586 -0.056714168418290065 0.00585861574246703 30.13635012113937 0.056731613503308916 0.9983852544465225 -0.0028509875742855724 1.6164079806310687 -0.0056874599401986504 0.003178715224626568 0.9999786027504188 0.33453611995501237
0.9983513713729126 -0.05710835715433992 0.005822447475465097 31.129833736594556 0.057168320770706264 0.9983073739350463 -0.010715552616002438 1.663542942388189 -0.005200655372953081 0.011030742553169033 0.9999252546920411 0.3457211615115689
0.9983140042736809 -0.05801999301046605 0.00197467997838418 32.09726391946802 0.0580397028204131 0.9982411399420538 -0.012130190671456199 1.7227283883687778 -0.0012674085564808226 0.012224303798537988 0.9999248557842654 0.35148407578472035
0.9982541621232774 -0.059023069338775644 -0.002067485224525346 33.05739996745588 0.05899311573965872 0.9981820365487565 -0.012369701951097212 1.778951619226662 0.0027938358042502096 0.01222613693568719 0.9999218013279663 0.3585852563731012
0.9981480762282872 -0.06076621631193253 -0.0029443836576437104 34.057600033329784 0.06072734918138141 0.9980844883797076 -0.011853634158118444 1.8458230998312808 0.003659033196054021 0.011652884128519727 0.9999254353920052 0.3645557402395344
0.9981047563715724 -0.061528282246093434 -0.0013353286329450698 35.06121474494363 0.061505341209450656 0.9980197354016322 -0.013212104868958033 1.9114888309277602 0.002145593458624864 0.013104968468464496 0.9999115082267951 0.3825102803159772
0.9980078455800706 -0.06308778376059482 0.0010764051544290025 36.066584887411324 0.06309573770175352 0.9979485012483059 -0.010851527742647759 1.9786245675341618 -0.0003896030235735152 0.010897823590219681 0.9999406531716234 0.3874627030667722
0.9979462331960114 -0.06400905906252907 0.0026419845461271747 37.07006588884045 0.06403112755271853 0.9979046650388607 -0.009338112306885114 2.0508617746897277 -0.002038720620052825 0.00948810145630993 0.9999531017651281 0.4010345612196752
0.9978384022371539 -0.06554027547691409 0.004827532403278058 38.068137735762996 0.06558359777484521 0.9978024860313343 -0.009432226610008735 2.11973364409951 -0.004198738172826011 0.009728438089521365 0.9999441117315119 0.4075699908015086
0.997849317612026 -0.06503369848968553 0.008160379304935487 39.056031102653954 0.06510842808256778 0.9978357629772212 -0.009243920884922182 2.189023304056787 -0.0075415379444165225 0.009755360208132315 0.9999239194107528 0.4239632863019781
0.9977880617441709 -0.06574980115028803 0.009809111473674843 40.08067699922492 0.06579443031198072 0.9978237411245455 -0.004304643583617996 2.268901515593948 -0.009504807193931309 0.004940512676072305 0.9999421971312835 0.4183032124679879
0.997768567558339 -0.06611290596401415 0.009361236788843402 41.05342334115086 0.06614582411068827 0.9978049272637298 -0.003246182887588938 2.3385086525740055 -0.00912608284740757 0.003858158549956885 0.9999505051779313 0.4290600371689698
0.9977739498715914 -0.06622686549604578 0.007881558839304956 42.040359703573806 0.0662605582089661 0.99779372553703 -0.004091300265962927 2.406428559150433 -0.007593223803269024 0.004604424802263708 0.9999603245913784 0.4327425269581229
0.997795320613101 -0.06618056353901314 0.005032559806236752 43.04574445286506 0.06618519733823768 0.9978071802951257 -0.0007463008951155262 2.479074390224392 -0.004972128266540222 0.0010777292634166465 0.9999874990917732 0.44020918453684116
0.9977398357370166 -0.06699023352713693 0.005213318325608264 44.02208689509165 0.06700048943181683 0.9977510680295982 -0.00180526689920488 2.550517305838102 -0.005080653926674783 0.0021504762903111307 0.999985096233385 0.4450630713636123
0.9976669750510573 -0.0679689255911736 0.006404919833922199 45.011120700790755 0.06799578113821957 0.9976774187091004 -0.0040810005043011004 2.6210300617270788 -0.006112657754622697 0.004506989349401775 0.999971606239842 0.45445308367530135
0.9976189029662008 -0.06857632472455487 0.007387996557283549 46.0131212783847 0.0686061721556498 0.9976358383667357 -0.003868155900532036 2.691232431464253 -0.0071052691503220005 0.0043658011705676215 0.9999652586670633 0.46115120493917255
0.9975528357447991 -0.06975553832992407 0.004737287218375263 46.97939028118505 0.069764470334053 0.9975622086529468 -0.0017547498199184776 2.7663695734812404 -0.004603340987900857 0.0020809527115862453 0.9999869556022541 0.47754783546086493
0.9975587753059423 -0.0698321027416638 -0.0006069914326127367 47.963703705575455 0.06983228488736128 0.9975591796730127 0.00017296988812240605 2.8443096333150915 0.0005934326903821886 -0.00021493184297152184 1.0000000450210451 0.47998660707710095
0.9975076695703644 -0.07053787744778488 -0.0016552048117889542 48.93402975134654 0.07053854712384346 0.9975087745381858 0.0003357403185055191 2.918509816232146 0.001627400706775345 -0.0004516615475061841 0.9999985558914496 0.4920210188928936
0.9974332716569994 -0.07159124828345802 0.0015135382952886738 49.902972057548524 0.07159244944531946 0.9974339721846681 -0.0007309036988482504 2.9863281971775355 -0.0014573323730343764 0.0008373870113284036 0.9999987561583326 0.5015690832359744
0.9974220728217471 -0.07154140018236385 0.005655623021591631 50.889415407776816 0.07156503717447377 0.9974276578436972 -0.004093799970358111 3.0604001049419605 -0.0053482050478553395 0.004487995307601045 0.9999752693345556 0.5189616129624308
0.9973355121328693 -0.0726765603876024 0.006329505485991046 51.847394792343856 0.0727077875291729 0.9973412270629045 -0.0048517601840945696 3.130571930187854 -0.005960069997784377 0.005299027972848108 0.9999682608042261 0.5244801771308414
0.9973363264923343 -0.0727473295038721 0.005382054411859154 52.79890479777979 0.07279068170966989 0.9973128608906962 -0.008350267107843562 3.2067542119645718 -0.0047601376458444675 0.008719792517489807 0.9999508126169695 0.5347957463780346
0.9973876794567015 -0.07211270788455001 0.004195680017078573 53.770738597800054 0.07215528006724978 0.9973316374245608 -0.011065099471988523 3.2744352069602316 -0.0033865568738177237 0.011338930336426875 0.9999296831187378 0.5504831655247944
0.9973042681605666 -0.07319800746515916 0.005066493591543323 54.70483163631849 0.0732543915729233 0.9972411131029721 -0.0119978405358667 3.3418171143504027 -0.004174283430569438 0.012336676580148632 0.9999156187364611 0.5563595414503286
0.9971740726040281 -0.07451660562471582 0.009603052121515469 55.677534376042345 0.07465555980188153 0.9970964322729141 -0.01503676880260902 3.4087378433606403 -0.008454658794689159 0.015711132242667153 0.9998404951230576 0.5620888058782915
0.9970704450177189 -0.07510029854724887 0.014535222148328555 56.62032245137701 0.0753483134478483 0.9970064884622912 -0.01734436007019927 3.476842821981954 -0.013189168223840076 0.018388772804083475 0.9997440665199899 0.5767793923381096
0.996987698696184 -0.07574807561406309 0.01665560818962599 57.553506356640995 0.07601092225759164 0.99698308579952 -0.015758580471944332 3.552004668684676 -0.015411648752884692 0.016977107666137897 0.9997372155042958 0.5718734934666267
0.9969313102152085 -0.07713122149096867 0.013395096129209968 58.51253398585131 0.07732782854889557 0.9968948931755364 -0.014844562076394275 3.635134803941979 -0.012208540979519483 0.0158347724906856 0.9997997966092552 0.5745104941978776
0.9968818560425116 -0.0787169730996006 0.005495290790948033 59.404820462254385 0.07877912311469296 0.9968176355190783 -0.012191336973806843 3.7108500843558767 -0.004518138348756163 0.012586207431960834 0.99991050843841 0.5788968835721923
0.9968258619737205 -0.0796185696619456 3.0436225098556986e-05 60.317722260084544 0.07961449507967346 0.9967710433752994 -0.010493984507932626 3.791391600642479 0.0008051750772550895 0.010463090923086206 0.9999450946509802 0.5937535182061381
0.9967241505744344 -0.08087735395913984 -0.0001766673480428256 61.230329423451195 0.08087497675092632 0.9967080528642202 -0.005701105048406612 3.8745531016793096 0.0006371764954225855 0.005668145439020431 0.9999837965613454 0.5965385940233671
0.9966899297774767 -0.08127021692890939 0.002228751528645297 62.10726512161414 0.0812777554721634 0.9966854173556258 -0.003501845188085491 3.956931013469628 -0.001936765101176169 0.0036714002651589174 0.9999916528668974 0.6128116864464441
0.996561902273559 -0.08277266737955738 0.003731964877243979 63.016266327734414 0.08277922134357231 0.9965663280495421 -0.0016599344030177087 4.040529280003267 -0.0035817614563888427 0.0019631575974147224 0.999991769676899 0.629017727257344
0.9965548053443929 -0.08286822590619601 0.003476088449028695 63.880312437542734 0.08286810842118016 0.9965604419406842 0.00017293171913794166 4.116685480924606 -0.003478470971936508 0.00011572152993844085 0.9999937527149231 0.6392216290343105
0.996397154388342 -0.08472015635143791 0.003844783571387406 64.7257228336488 0.08471587837951677 0.9964040938638393 0.0012477833120359313 4.19290932005269 -0.003936671134895399 -0.0009175802049027086 0.9999917517478185 0.6504383407076331
0.9963126744303437 -0.0857069037062826 0.0040695307234976455 65.57262192315949 0.08569925874785644 0.9963188765582124 0.0020196907590314486 4.269820344050464 -0.004227664264690636 -0.0016634843964075487 0.9999894490114439 0.6627823608168221
0.9961646903614854 -0.0873611282277884 0.004979436431133212 66.38936906362918 0.08735209266639568 0.9961751684437863 0.001992390805876912 4.348217287780412 -0.005134452502575039 -0.001549799735115278 0.9999861411947284 0.6753475485309507
0.9960105106184821 -0.08904017006965788 0.005891282166545837 67.19060984568006 0.0890280964104511 0.9960264223097627 0.0022747663998705144 4.418780726506509 -0.006070420857724547 -0.0017412048472467765 0.9999800670717555 0.686335955637053
0.9958200603361225 -0.09097544919904245 0.008135441892127174 68.01829382474324 0.09094063805545222 0.9958455800472806 0.004557439063616554 4.503056504526644 -0.008516261012763081 -0.003798553505414315 0.9999563596165969 0.6931027917468708
0.9956923635549325 -0.09196612441131191 0.011774060474655741 68.7994267790794 0.09190358828477367 0.9957517514498077 0.005751391712437099 4.593229502806206 -0.012252987621136502 -0.004644538448659145 0.9999138849952599 0.6977710066811242
0.9955122429883035 -0.09365311325730284 0.01359759657279178 69.56827433994276 0.09355867599998999 0.9955861226744834 0.007427673509032266 4.66905806154408 -0.01423320832388264 -0.006122161227864849 0.9998796343372129 0.7023033474280683
0.9954929941288745 -0.09437505164406804 0.009387109905579822 70.30508543220992 0.0942759266841893 0.9954911290044819 0.010488762339309001 4.753456748103536 -0.010334616185962275 -0.00955644913109261 0.9999008768666438 0.7111560887612675
0.9953988745803776 -0.09579927854648741 0.0018189066200716766 71.03662233897603 0.0957721598911204 0.995336846409088 0.011537190117277036 4.827496147618288 -0.0029156595901664245 -0.011309863926301239 0.9999322790105342 0.7184570917780877
0.9953173932382049 -0.09656671111607128 -0.004178731136162305 71.7409701129052 0.09660537155962722 0.9952695792438624 0.010352206719090023 4.901910764481048 0.0031592942288236484 -0.010707398321923417 0.9999380275179326 0.7288950587357139
0.9952716701846548 -0.09694077897570057 -0.006075210937808225 72.42039812444777 0.09701132193637241 0.995202999409556 0.01265808029972136 4.974775732327344 0.00481898393054209 -0.013187599954088159 0.999901330405789 0.7343797001859423
0.9951230870531511 -0.09859438311072952 -0.0029256792030315816 73.10746180695581 0.09862503686019178 0.995034492843575 0.013432330805256928 5.047273379192699 0.0015867983143546104 -0.01365533566964787 0.9999054201032738 0.7463550412653485
0.9950164266708514 -0.0997119251285392 -0.0005114450552449043 73.75673287677442 0.09971012051316686 0.9949325592899648 0.01294357436586231 5.117727313212964 -0.0007817694074145681 -0.012930010442846527 0.9999160140391838 0.7656977658978439
0.9949371668118451 -0.10045106567313974 -0.0031622279972335484 74.37299178883438 0.10047925566275048 0.9948858257008966 0.01028025315038776 5.176779149262959 0.0021133913685985667 -0.010545934905268686 0.9999420074872583 0.7795981176359642
0.9949279521146531 -0.10032199709805974 -0.007395951330348076 74.98478058151319 0.10035044330994368 0.9949465408478402 0.003458500335998196 5.231997324000468 0.00701160369372499 -0.0041831446566959985 0.9999665070375066 0.7967997865313812
0.9950095687112354 -0.0990660204525525 -0.0119318169997407 75.59090840310832 0.09906887600317309 0.9950802546725606 -0.00035398333196254 5.291731342346396 0.011908187730257997 -0.0008298676286321562 0.999929176616204 0.810046897264696
0.9952986059226349 -0.09604393854878211 -0.012487442469010727 76.14951498531406 0.09606436608958993 0.9953743690441434 0.0010450968921299807 5.345749859826783 0.012329273692142189 -0.002239787305831722 0.9999220250332218 0.8236286425425737
0.9957133334743714 -0.09192046517722895 -0.01027215387716462 76.70979759696992 0.09198675723987608 0.995741177037634 0.006184541813444653 5.408571632702064 0.009659918542032875 -0.007102941668734363 0.9999284894879946 0.8308989202314806
0.996141413797771 -0.08746841996099604 -0.007206539728479974 77.2665162033474 0.08750562225654658 0.9961517064405667 0.0050253071840653625 5.458663095851861 0.006739253350696444 -0.005636527651308413 0.9999618797616623 0.8497419814474131
0.9966634559226214 -0.081581002724996 -0.002493004705453457 77.80466856517882 0.08158253977705736 0.9966664128503528 0.0005268164437430151 5.497519775632777 0.002441728178657409 -0.000728459378285644 0.9999971312270256 0.8616775242191879
0.9973332068600578 -0.07297003305387188 0.0014201131524151454 78.34122399730309 0.07297556976251876 0.9973240865368589 -0.004411206786086724 5.528432848855989 -0.0010944256982371907 0.004503074190210085 0.9999897066030831 0.8811534071484379
0.9980753259988968 -0.06199820714701799 0.0015070807368369622 78.84531045541472 0.06199960443434073 0.9980761338101276 -0.0009069925629657436 5.561614622517893 -0.0014479418453537838 0.000998689231399918 0.9999985401909754 0.8915228978603784
0.9989075725939267 -0.04671404073569997 0.0008699702274713329 79.34604640055885 0.046710133367507484 0.9989005615569977 0.004099462679969856 5.595056095621949 -0.0010605188576668255 -0.0040543362847882255 0.9999908658490757 0.8970625860951542
0.9996132412497922 -0.027776701649223304 0.0013266135610097221 79.83500243316072 0.027764023487488337 0.9995766434204091 0.008748017772463207 5.6147373770715845 -0.0015690272980418496 -0.008707796403840994 0.9999611153297987 0.8991331134429201
0.9999776557016454 -0.006275495370939406 0.0022817939728883704 80.30877235021818 0.006257430305770642 0.9999498740645402 0.00783905583500378 5.6084423636645555 -0.0023308758311454784 -0.007824590355328094 0.9999664702338145 0.9075302811400751
0.9997865742854732 0.02031619755812629 0.00368746054941284 80.78140742596517 -0.02033065404896211 0.9997855804331499 0.003907256928619794 5.586200167012884 -0.003607273825202772 -0.003981402929256642 0.9999858452813767 0.9176827587894605
0.9987459817922065 0.04975884382057704 0.005565900434860406 81.21933116731641 -0.04977474166885057 0.998757125367437 0.0027588906582016546 5.552449006563247 -0.005421701249003248 -0.003032461852941544 0.9999808928403564 0.924699243910955
0.9965572843887055 0.08258693872436183 0.007319204490684576 81.66951835556426 -0.08260458828684544 0.9965805996805379 0.002142068589251047 5.5025903649831465 -0.007117270488340016 -0.002739288635084241 0.9999711159307567 0.9300391277504074
0.9926398269308025 0.12081755837090029 0.008318519059591085 82.12103650133066 -0.12083832240955131 0.9926705214032842 0.0020228885921729253 5.435218803156644 -0.008013137291254694 -0.003013187211272967 0.9999636516659132 0.9348591446592477
0.9867736264030775 0.1618221247284957 0.0095720178339673 82.54266324671939 -0.1618482780017242 0.9868134365243686 0.00205277781824778 5.350105804969717 -0.009113608391075518 -0.003574841611150382 0.9999519370725537 0.9377653896417567
0.9782760210630438 0.20707015135508214 0.009923224605625103 82.9611740269332 -0.20709681886768572 0.9783188857796682 0.00173599125617302 5.247706979073059 -0.00934861871855619 -0.003753346262054726 0.999949093157288 0.9417627397285913
0.9667372203401275 0.25560478500070694 0.009241927106174622 83.38047021558816 -0.25564607756334184 0.966763937134275 0.003647898431899126 5.119834493093537 -0.008002332543586073 -0.005889221609862694 0.9999508425255974 0.9460628549049513
0.9516612918354074 0.3070351708120028 0.008357005701018905 83.74984448928676 -0.3070787967817182 0.9516738339212866 0.004463712369507398 4.973710560532978 -0.006582629846042691 -0.006814190779995583 0.999954874243306 0.9526397173555652
0.9320827184700198 0.3621761826266917 0.0070828362212546625 84.14164216474386 -0.36221159780727424 0.9320848202627721 0.0045088535708363246 4.802616862528703 -0.004968812805228654 -0.006768112233907098 0.9999644612672081 0.9558293164663674
0.9082486306216377 0.41837932938032707 0.006569810414753249 84.48233135297959 -0.41841384022615263 0.9082435223023729 0.004988672313307541 4.620478854867389 -0.003879832482412835 -0.007279839094648899 0.9999658470759893 0.9578714616686137
0.879860095806869 0.47520205843287655 0.0055160530681317346 84.81768219583668 -0.47522835914801104 0.8798460794304752 0.00541730137631306 4.415212915265945 -0.002278976712333883 -0.007387840158209604 0.9999698247626557 0.9521185461553164
0.8465137397251999 0.5323539731094834 0.00370488236982587 85.15096143277017 -0.532365338476657 0.8465088378950159 0.0032875944374550934 4.174632105024291 -0.0013860590849610315 -0.004755332300581526 0.9999874223797842 0.9609656363458066
0.8103705760352544 0.585909129570102 0.0030701213374646425 85.42964906255706 -0.5859165867799391 0.8103670757623955 0.002659704573283379 3.9316896725320323 -0.0009295863561545247 -0.003954168679322764 0.9999913482023501 0.9654668182088525
0.7708059332222553 0.6370576709264195 0.004044635500937633 85.72073732582996 -0.6370653502223883 0.7708095773767741 0.000688693329387923 3.6553096418452005 -0.002678923186739018 -0.0031075437479001636 0.9999914894009706 0.9738067710748173
0.7284342279272661 0.6850794790154231 0.007079357659327987 85.97264713854541 -0.6850941482024439 0.7284541348132973 -0.0003061878887703406 3.39411286291201 -0.00536673953234318 -0.004626990018053365 0.9999746372594364 0.9728309298693463
0.6832162980933203 0.7301763606938318 0.007657385916652408 86.21383635132663 -0.7301889561742401 0.6832432549328713 -0.0014659779955026155 3.098027441665759 -0.006302281759811428 -0.004589760020304466 0.9999694469738082 0.9719395802315041
0.6355841452547236 0.7720154854493985 0.004959398036546047 86.44885977244431 -0.7720098150606481 0.635601160814548 -0.0034025566254207848 2.7742985008909353 -0.005779026093173904 -0.0016660984127117924 0.9999816939307283 0.9759796080568579
0.5877450765929173 0.8090438841919694 0.0020038483008940995 86.62220626705688 -0.8090211479648861 0.5877445582858087 -0.006421142664537207 2.4658601008782948 -0.006372736210910343 0.002152812256113832 0.9999773651212739 0.9861552741992038
0.5409675640713653 0.8410382385919998 0.0029549068453436104 86.80796503247394 -0.8410245901593062 0.5409760541887019 -0.004841641878012089 2.123199196085537 -0.005670536568206034 0.00013403032890544513 0.999984381739933 0.98802887956346
0.4934074252115024 0.8697788361709966 0.005856984340413063 86.96409234628484 -0.8697844974860183 0.49342663319566177 -0.0023333154271772596 1.8067339677524603 -0.004919465509212207 -0.003943042715942306 0.9999799415928358 0.9872987759253816
0.4487790374914626 0.8936133021810957 0.007254598579001864 87.09796494418605 -0.8936349109549729 0.44879425151421765 -0.0006424640215555123 1.465889072653806 -0.0038299402880896567 -0.006194645674009762 0.9999737109943196 0.9907588311129285
0.4076460795262094 0.913139739569398 0.0008321790073494355 87.22959494960138 -0.91313471912747 0.4076457548901541 -0.002992709584221388 1.102281479333242 -0.0030720093112825584 0.0004599836350341307 0.9999951655836367 0.9883115409694071
0.36916806751207554 0.9293058710602972 -0.010303875351770958 87.31772533731271 -0.9293358230380336 0.3690499398345798 -0.011697626028155536 0.74963029067371 -0.007068037253474933 0.013894206191460068 0.9998789926533448 0.9991966178481436
0.3351451411954111 0.9420520998062434 -0.01470787218944775 87.41569683346248 -0.9421095882121342 0.33491340797820435 -0.0161848197679006 0.3877536183057775 -0.010321015203430298 0.019280708527226603 0.9997604508263845 0.9954954253423244
0.3029234986420522 0.9529381353782902 -0.012127134725749666 87.52587551036461 -0.9529764583423526 0.3027724586806874 -0.012871251183626732 0.020119270951566515 -0.008593773963562163 0.015455804352279813 0.9998440426772605 0.9983128683477791
0.27308952565428163 0.9619813167271749 -0.003677710241257927 87.63544593813619 -0.9619824533037837 0.27307137294619394 -0.004681136633571868 -0.33525466185540925 -0.003498882946451203 0.004816258189983791 0.9999821013995245 0.9980654523280935
0.245440432594755 0.9694109018207475 0.0010806076911772332 87.7296221910636 -0.9694119312244063 0.24544075422352915 0.0003937689093908127 -0.718930485641396 0.00011649706840350868 -0.001144240897895245 0.9999998131817157 1.0061078259999168
0.22014301417507123 0.9754671659484319 -0.00044466681750680577 87.80334624724851 -0.9754664674109225 0.22014354605729583 0.0014245681463979868 -1.1151405562768835 0.001487507908706739 0.00012017827252502666 0.999998439767633 1.0145798671029493
0.19798786593014664 0.9801700170543107 -0.008197262274088742 87.86714547310261 -0.9801965472296316 0.19801313651759242 0.0023855927319739656 -1.5064441719229782 0.00396144525389956 0.007562614461444878 0.999963997552261 1.017323180467575
0.17776205477366658 0.9839512138898253 -0.015507122250273214 87.92158520065719 -0.9840207657075918 0.17789270002517812 0.007547658905654013 -1.905110967220103 0.01018514269660525 0.013917627261355255 0.9998512452011552 1.016979443791502
0.1565955667107354 0.987530733363271 -0.016143328743644242 87.97892260000981 -0.9875167044536919 0.15683305440641807 0.01466424747236272 -2.3285846930768996 0.01701323925763136 0.013645498343269202 0.9997623788828465 1.0077878711488362
0.13832562882549126 0.990297577181178 -0.013275072640214212 88.04290185248367 -0.9902352966655974 0.13852642603248938 0.015655158100477507 -2.7744751592425496 0.017342228940721533 0.010979946369564475 0.9997889451420192 1.0127432593329757
0.12338712045978172 0.9922718703782806 -0.0131068236781373 88.10256336965756 -0.9922763916010645 0.12353695353623967 0.011236268898468998 -3.2175999808000944 0.012768596919696899 0.01161924598817634 0.9998509260039786 1.0215181428400648
0.10916947191927442 0.9939376178986781 -0.013012973720021918 88.14647197280183 -0.9939831550314551 0.109273719062486 0.007563695166973269 -3.6929957667235533 0.00893977320407079 0.01210900900310006 0.9998868090182396 1.0369945309903552
0.09719496658362801 0.9951686524713463 -0.013912679668464458 88.18973770099895 -0.9952449622915364 0.09727350209397351 0.0050842211296363415 -4.169397127245469 0.006412988425558276 0.013352425607922016 0.9998899313223985 1.048219153060551
0.08680949918484496 0.9960616596529677 -0.018042864683602916 88.22463536596979 -0.9962110747738131 0.08689073966594503 0.0037622228041687316 -4.6580773340925115 0.005315150339597453 0.01764791900927246 0.99982986114921 1.0556443100089261
0.07777136617149213 0.9967613895303975 -0.020462950120946535 88.25522718585027 -0.9969560155499188 0.07786813975921479 0.003976561015388656 -5.152651488150299 0.005557099389726742 0.020091397486103838 0.999783094069293 1.0613490172124513
0.06994782596079456 0.9972942002571816 -0.02263961401164342 88.28780277311765 -0.9975329308264473 0.07006451112007295 0.004401789295915623 -5.695982497245623 0.0059761066548992105 0.022275805443314627 0.9997337629191325 1.0673683800059888
0.06352724287792573 0.9976843798029561 -0.02431843998626906 88.3203773352405 -0.9979605355710613 0.06365883274794888 0.004677794471569463 -6.238219728453781 0.006215064921161577 0.023971705996339184 0.9996938243741255 1.0710114719630677
0.057750977804571425 0.998019380958992 -0.02495101269319173 88.35034299826098 -0.9983079471884083 0.05790037726575328 0.005305730897615701 -6.786714560958385 0.006739892026274305 0.024602356895185994 0.9996744449296753 1.0770475749520667
0.05316024336041166 0.9982811897987797 -0.02466246259438596 88.37700696985334 -0.9985592830512637 0.05332378542861785 0.006021860934088427 -7.373763079920309 0.007326606050593317 0.0243067972545067 0.9996780712109704 1.079536340270075
0.04821507300995248 0.9984581076066632 -0.027502269683635946 88.40503867695858 -0.9988092224634103 0.048399794569711 0.006088505987764063 -7.984336037589413 0.00741022533381882 0.02717588988082344 0.9996032324203366 1.0863336677819408
0.04415036421338851 0.9986095923604029 -0.02880800452737793 88.44040084491277 -0.9989993889876871 0.04433716514112022 0.005875803127776502 -8.585005550138064 0.0071448968392775316 0.028519711015918044 0.9995681706454913 1.0940538399564865
0.04150721759858966 0.9986807365299352 -0.030225715816963056 88.4639503504357 -0.9991165992602518 0.041685483547599024 0.005292508369745192 -9.213492577841649 0.0065454959473088305 0.029979299800370836 0.9995290988538114 1.1013401047915479
0.039085126214157107 0.9987207183687976 -0.03209569260405704 88.48510699112215 -0.9992170439699622 0.039258868647573 0.004802281081649292 -9.864983079106185 0.006056185379644958 0.03188288392746452 0.99947380513827 1.1066989687909559
0.037805314064079956 0.9986466177081665 -0.03573256909871726 88.51296818389288 -0.9992701833730485 0.03797677989518083 0.004133887131084777 -10.537103761927016 0.005485294590732129 0.0355501942267241 0.9993525060407391 1.1160301701820006
0.038350136726183585 0.998482576013085 -0.039517190538924774 88.53140053731552 -0.9992520117287174 0.03851846523466622 0.0035077854783108217 -11.256616359461473 0.005024601039138424 0.03935311674668698 0.9992126980391502 1.123960719654499
0.040538486204342 0.9983391632297025 -0.04094228395086778 88.5589826928041 -0.9991652266790455 0.04071208321325613 0.00341491315620759 -11.948505973418271 0.005076081559491052 0.040769570429497956 0.9991560305824017 1.133053868127602
0.04460746128683385 0.9980664699217179 -0.04327974245526147 88.5916517547382 -0.9989906592175561 0.04479680486119601 0.0034142415377935538 -12.676460432645154 0.005346424417781372 0.04308371995838865 0.9990571338519701 1.1380383036466675
0.047289656228316726 0.9979130297291162 -0.043972416473283614 88.63293346279612 -0.9988694130639688 0.047455860597465926 0.002742321352921539 -13.400367562857546 0.004823345967441793 0.043792987868861516 0.9990288831742173 1.145444571379033
0.051888504522422094 0.9975855221476978 -0.04616053995161817 88.66489459935134 -0.9986450839878461 0.05201107343699604 0.0014574958643451966 -14.169826089353535 0.003854840858833581 0.04602238383193723 0.9989327220405819 1.1533991496367446
0.05530854390398691 0.9974160649674157 -0.04584125689684534 88.71211312196017 -0.9984668832252312 0.055355748329758356 -0.00024126163150519665 -14.92147763195862 0.00229693835094027 0.04578429767161197 0.9989486077662547 1.158571290821966
0.05858153110015786 0.9973413849265024 -0.04333741825918303 88.76411823752886 -0.9982824587839524 0.0585473875634936 -0.0020571218159072787 -15.712839017188335 0.00048564046254777945 0.043383492417110044 0.9990581813363485 1.1638438463487846
0.06244654948116929 0.9971751995025757 -0.04173106955371158 88.82100472882013 -0.9980480898791568 0.062362223468806266 -0.0033212562107310366 -16.509777976029103 -0.0007094401521300451 0.04185697644604028 0.9991232270500243 1.1693319981872037
0.0676729879503067 0.9969139971875458 -0.03978554465323332 88.87794195532251 -0.9977074072305229 0.06760908115565151 -0.002951273576871409 -17.341955099168253 -0.0002523023941413058 0.039894052596435116 0.9992034308940417 1.176115513264078
0.07075295538536472 0.9967843205721637 -0.037610980143883845 88.94735515653032 -0.9974860797741644 0.07085232253280105 0.0013163095385034422 -18.14445026294865 0.003976898880543629 0.037423328122269 0.9992914220818342 1.1886260277390002
0.0712904401956161 0.9968846640548171 -0.03375858859397716 89.02026588581506 -0.9974155800245936 0.07154879922472389 0.006504849670928781 -18.94503199817719 0.008899986126213047 0.033207618181927696 0.99940896057966 1.1952912450917461
0.07087658875541931 0.997026373835524 -0.030246139470116923 89.08610761820648 -0.9974142265632965 0.07119948943750891 0.009735428314397481 -19.759192859732234 0.011860059120271629 0.029477905248795556 0.9994953218070717 1.2116475305118257
0.07121437355445272 0.9970753330447791 -0.027743821435409054 89.15092958593581 -0.9973965289472013 0.07149776690334533 0.009359844828851334 -20.582002173921985 0.011316121536002463 0.027005021272932927 0.9995711595422021 1.22256674811478
0.07128205988398409 0.9971167510574047 -0.026005820363645522 89.21684592317263 -0.997411972416153 0.07150068663934267 0.007575466505361537 -21.408048073811372 0.009413067540282209 0.025398468247131437 0.9996329534766731 1.241808918551604
0.07039283770794424 0.9971913619799269 -0.025590821760969704 89.27955891187588 -0.9974891328867045 0.07056808879362693 0.006006067164222848 -22.208479621822278 0.007795087379349209 0.025103770333769867 0.9996546734984288 1.261532059544968
0.07006071973371485 0.9972617338951735 -0.023691265097028125 89.34599201035891 -0.997518407309661 0.0702064224842734 0.00537516006015615 -23.035949377897612 0.007023711384417195 0.02325588526901792 0.9997045577820118 1.2790456500760952
0.07015210212236014 0.9972974033438256 -0.021830592924098818 89.40998753806947 -0.9975132192770416 0.07028138477476363 0.005211754540552308 -23.846694734877538 0.006731955803407435 0.02141077012285408 0.9997480131028763 1.2959705772707741
0.07098842502678115 0.9972854855497694 -0.01958545350286118 89.47338097155891 -0.9974480061415881 0.07112273612815136 0.0062484163512716625 -24.647680029109946 0.00762442949357097 0.01909193287625227 0.9997889388450674 1.312395711297936
0.07022839216449842 0.9974020409447473 -0.016056297275474883 89.54142409351128 -0.9974939055622634 0.07035571920245783 0.00750199429463712 -25.45804377520343 0.00861214593881064 0.015489228191372655 0.9998424886330437 1.329543526197324
0.06715555603609677 0.9976555590313764 -0.013168374923993934 89.60508987039212 -0.9977113663996413 0.06725228960608522 0.007041260274536704 -26.252671021540593 0.007910353650182294 0.012665383617823538 0.999888554357818 1.345816670030211
0.06432149023128828 0.9978759069063712 -0.010315560478081779 89.66910074442303 -0.9979083770583814 0.06438386201885238 0.005836222903271949 -27.061455202508885 0.006487963227991808 0.009918570410979627 0.9999296477498594 1.3637237223601117
0.05854613782567655 0.9982530468019158 -0.007990717564561494 89.72173725581241 -0.9982774366123364 0.058575414721715534 0.0034748082573511497 -27.886779556300286 0.003936801205697637 0.007773453874745673 0.9999625474526078 1.3802411863859951
0.05202668564597807 0.9986263929249806 -0.006281277542305052 89.77233296076679 -0.9986449596876239 0.052035251697490244 0.001195001800946503 -28.722577645786863 0.001520189878204143 0.0062105314767543175 0.9999793626565318 1.392796317881811
0.044610546215689 0.9989914004619861 -0.00506539267073195 89.81917305673085 -0.9990035911355349 0.044616272336083534 0.0010303967559691868 -29.515205158269957 0.0012553570963991286 0.005014464682669871 0.9999863814482274 1.4091142177420675
