1.0 4.656610000000002e-10 9.31323e-10 7.45058e-09 9.313229999999998e-10 1.0 -1.8189899999999794e-11 1.6543610925623398e-24 -9.313230000000002e-10 -3.637980000000207e-12 1.0 -3.673419552013479e-40
0.999996 0.00262695 -0.0005005159999999908 -0.03664709999999978 -0.00264641 0.999029 -0.0439715 -1.01285 0.00038451999999999085 0.0439726 0.999033 -0.04552029999999978
0.999957 0.00769189 -0.005229689999999983 -0.07192109999999954 -0.008120219999999997 0.996129 -0.0875305 -2.05359 0.004536169999999983 0.0875692 0.996148 -0.13313799999999956
0.999925 0.0107593 -0.005845999999999973 -0.10828399999999934 -0.011445899999999997 0.990911 -0.134033 -2.99835 0.0043507599999999735 0.13409 0.99096 -0.2631109999999993
0.99989 0.013657500000000001 -0.005790639999999962 -0.13285899999999912 -0.014479999999999996 0.983386 -0.180949 -3.99311 0.0032231199999999626 0.181013 0.983476 -0.4260459999999991
0.999865 0.013890600000000003 -0.008754679999999954 -0.1724839999999989 -0.015511499999999992 0.973946 -0.226251 -4.94505 0.005383819999999953 0.226356 0.97403 -0.6531019999999989
0.999828 0.014842100000000007 -0.011104199999999943 -0.20724899999999868 -0.017304999999999994 0.962081 -0.272213 -5.90016 0.006642949999999943 0.272358 0.962173 -0.9188809999999986
0.999719 0.017406900000000006 -0.016074599999999935 -0.24424799999999847 -0.021609099999999985 0.948096 -0.317249 -6.86345 0.009717939999999934 0.317507 0.948206 -1.2244599999999985
0.999647 0.01849980000000001 -0.019084899999999922 -0.2980919999999983 -0.024117399999999983 0.933135 -0.358717 -7.78127 0.011172599999999925 0.359051 0.933251 -1.5911499999999983
0.999594 0.019101000000000014 -0.021132899999999913 -0.3216549999999981 -0.02597809999999998 0.915631 -0.40118 -8.65913 0.011686999999999916 0.401566 0.915756 -1.970019999999998
0.999577 0.01802270000000002 -0.022820799999999905 -0.3667009999999979 -0.02626629999999997 0.896323 -0.4426240000000001 -9.60424 0.012477499999999907 0.443036 0.896417 -2.4551199999999977
0.99959 0.016526800000000022 -0.023365399999999897 -0.4096849999999977 -0.02578359999999997 0.87436 -0.484593 -10.4636 0.012420999999999897 0.48499700000000007 0.874427 -2.916769999999998
0.999573 0.015510700000000028 -0.024770399999999887 -0.4419209999999975 -0.026238099999999962 0.849577 -0.526811 -11.2891 0.01287309999999989 0.527236 0.849622 -3.4407399999999972
0.999529 0.015184300000000032 -0.02665269999999988 -0.47857599999999734 -0.027596499999999958 0.824492 -0.565201 -12.092500000000001 0.013392699999999882 0.56567 0.824523 -3.9811699999999974
0.99945 0.014310900000000038 -0.02993139999999987 -0.5209629999999971 -0.029477399999999952 0.797042 -0.603204 -12.851600000000001 0.015224199999999874 0.603754 0.797025 -4.596329999999997
0.999377 0.014754800000000045 -0.03206449999999986 -0.547847999999997 -0.03191569999999995 0.765713 -0.6423900000000001 -13.642700000000001 0.015073899999999864 0.643013 0.765707 -5.230049999999998
0.99925 0.01319970000000005 -0.03641269999999985 -0.5873579999999968 -0.034319299999999935 0.737526 -0.674446 -14.305000000000001 0.01795279999999986 0.6751900000000001 0.737425 -5.860339999999996
0.999242 0.012301700000000058 -0.03692409999999984 -0.6198689999999967 -0.03484339999999993 0.705448 -0.707905 -14.974200000000002 0.01733959999999985 0.708656 0.705342 -6.526089999999996
0.999141 0.013060600000000065 -0.03932639999999983 -0.6455059999999966 -0.037977099999999916 0.668315 -0.742908 -15.672400000000001 0.01657959999999984 0.743764 0.668237 -7.2804499999999965
0.998991 0.01280980000000007 -0.043045699999999826 -0.6835289999999965 -0.04139329999999991 0.634481 -0.771829 -16.235400000000002 0.01742469999999984 0.772833 0.634371 -7.976249999999997
0.998932 0.01279130000000008 -0.04438939999999982 -0.7141839999999963 -0.04324389999999991 0.596895 -0.801153 -16.843400000000003 0.016247999999999832 0.802218 0.596811 -8.767329999999996
0.998787 0.013726500000000088 -0.04729669999999982 -0.7489269999999961 -0.0468599999999999 0.560327 -0.826945 -17.350500000000004 0.015150599999999827 0.828158 0.56029 -9.537539999999996
0.998562 0.015173300000000094 -0.05141389999999981 -0.779558999999996 -0.051779299999999896 0.521262 -0.851825 -17.836400000000005 0.013875099999999823 0.853262 0.521298 -10.341099999999997
0.9984 0.015494800000000102 -0.05439049999999981 -0.8063799999999959 -0.05513669999999988 0.480683 -0.875159 -18.335000000000004 0.012584199999999818 0.876758 0.480768 -11.228799999999996
0.998147 0.013113600000000109 -0.0594192999999998 -0.833172999999996 -0.059067699999999876 0.443372 -0.89439 -18.734400000000004 0.014616099999999814 0.896242 0.443325 -12.080799999999996
0.997907 0.011770100000000118 -0.0635937999999998 -0.8678529999999958 -0.06287239999999987 0.407017 -0.911254 -19.112200000000005 0.015158199999999811 0.913345 0.406905 -12.954099999999997
0.997838 0.011293400000000125 -0.06473979999999979 -0.8933839999999956 -0.06431809999999986 0.370039 -0.926787 -19.468500000000002 0.013489699999999808 0.928948 0.369966 -13.879899999999996
0.997811 0.009091520000000132 -0.06549729999999979 -0.9119299999999956 -0.06471759999999985 0.33756 -0.939077 -19.765700000000002 0.013571599999999805 0.94126 0.337409 -14.772599999999997
0.997629 0.0058744500000001395 -0.06857609999999979 -0.9343569999999956 -0.06713589999999985 0.30258 -0.9507570000000001 -20.085600000000003 0.015164599999999804 0.953106 0.302257 -15.752599999999994
0.9976 0.0036942700000001456 -0.0691471999999998 -0.9559779999999954 -0.06756339999999983 0.270717 -0.9602850000000002 -20.335000000000004 0.015171799999999801 0.962652 0.270317 -16.697099999999995
0.997781 0.003363100000000154 -0.06649939999999978 -0.9782969999999954 -0.06539049999999984 0.237772 -0.969118 -20.597400000000004 0.012552399999999799 0.9713150000000002 0.237464 -17.668199999999995
0.99777 0.0030242400000001614 -0.06667469999999978 -0.9884729999999954 -0.06587069999999982 0.205624 -0.976412 -20.816300000000002 0.010756999999999796 0.978626 0.205365 -18.637899999999995
0.99765 0.001581910000000167 -0.06849269999999978 -1.0037199999999953 -0.06769449999999982 0.17664 -0.981945 -20.965900000000005 0.010545199999999796 0.984274 0.176332 -19.663399999999996
0.997548 -0.0008495079999998262 -0.06998069999999978 -1.0179199999999953 -0.0691160999999998 0.145197 -0.986986 -21.098600000000005 0.010999499999999796 0.989403 0.144783 -20.663099999999996
0.997579 -0.003552019999999819 -0.06945449999999978 -1.0363999999999953 -0.06859589999999981 0.11419799999999998 -0.991087 -21.273200000000003 0.011451899999999795 0.993452 0.113678 -21.722599999999996
0.997541 -0.005524159999999814 -0.06986449999999977 -1.0385699999999953 -0.06914109999999979 0.08528409999999999 -0.993955 -21.330000000000002 0.011449099999999794 0.996342 0.0846924 -22.787699999999997
0.997343 -0.007312839999999807 -0.07248469999999978 -1.0447199999999954 -0.0719588999999998 0.056488799999999985 -0.995807 -21.383700000000008 0.011376799999999793 0.998377 0.0558124 -23.858499999999996
0.997031 -0.008610169999999803 -0.07652079999999978 -1.0501499999999953 -0.07620129999999979 0.03275949999999998 -0.996554 -21.411900000000006 0.011087299999999795 0.999426 0.0320061 -24.922699999999995
0.996661 -0.009499689999999799 -0.08109349999999978 -1.0488799999999954 -0.08099719999999978 0.010118799999999982 -0.996663 -21.385900000000007 0.010288599999999795 0.999904 0.00931557 -25.998099999999997
0.996204 -0.011761399999999797 -0.08625699999999978 -1.0587399999999954 -0.08638969999999978 -0.011289400000000022 -0.996198 -21.400100000000005 0.010742899999999797 0.999867 -0.0122626 -27.136699999999998
0.995774 -0.013558299999999792 -0.09083649999999978 -1.0539399999999954 -0.09119199999999977 -0.028419200000000023 -0.995428 -21.341700000000007 0.0109147999999998 0.999504 -0.0295355 -28.248499999999996
0.995471 -0.01532809999999979 -0.09382499999999978 -1.0503199999999953 -0.09441729999999976 -0.044058200000000027 -0.994557 -21.267400000000006 0.011110899999999799 0.998912 -0.0453059 -29.404799999999998
0.995211 -0.017333699999999785 -0.09620529999999977 -1.0534599999999954 -0.09707069999999976 -0.059038600000000024 -0.993525 -21.220700000000008 0.011541699999999799 0.998105 -0.0604385 -30.542199999999998
0.995123 -0.019525499999999786 -0.09668839999999977 -1.0465599999999953 -0.09784319999999977 -0.07103470000000002 -0.992664 -21.137600000000006 0.012513999999999801 0.997283 -0.0725987 -31.683799999999998
0.995126 -0.020242399999999782 -0.09650969999999978 -1.0404899999999953 -0.09786349999999977 -0.08255870000000001 -0.991769 -21.02070000000001 0.0121080999999998 0.996381 -0.0841373 -32.83059999999999
0.99513 -0.01901519999999978 -0.09671739999999977 -1.0347899999999954 -0.09809699999999975 -0.09515790000000002 -0.990617 -20.93540000000001 0.009633319999999803 0.995281 -0.0965598 -34.012299999999996
0.995141 -0.01657479999999978 -0.09705259999999978 -1.0278799999999952 -0.09826309999999976 -0.10524100000000002 -0.98958 -20.797300000000007 0.006188209999999801 0.994309 -0.106359 -35.192899999999995
0.995084 -0.015386799999999775 -0.09783319999999977 -1.0202799999999954 -0.09895909999999974 -0.11560900000000002 -0.988353 -20.665200000000006 0.0038972599999998014 0.993176 -0.116563 -36.429899999999996
0.995121 -0.014867999999999772 -0.09753319999999978 -1.0100599999999955 -0.09862509999999974 -0.12364300000000002 -0.987413 -20.49480000000001 0.0026215799999998015 0.992215 -0.124506 -37.587599999999995
0.995112 -0.014200199999999772 -0.09772789999999978 -1.0007399999999955 -0.09874259999999975 -0.12787200000000004 -0.986863 -20.332000000000008 0.0015170599999998018 0.991689 -0.128649 -38.877199999999995
0.995068 -0.013631399999999771 -0.09824979999999978 -0.9959809999999956 -0.09919059999999975 -0.13403100000000004 -0.986 -20.17140000000001 0.00027207799999980195 0.990884 -0.134722 -40.133199999999995
0.995134 -0.012560099999999769 -0.09772579999999978 -0.9875559999999955 -0.09852259999999975 -0.13868100000000003 -0.985424 -19.98540000000001 -0.0011756800000001979 0.990258 -0.139243 -41.443999999999996
0.995121 -0.012400299999999769 -0.09787669999999977 -0.9843859999999955 -0.09864359999999975 -0.14264000000000002 -0.984847 -19.80210000000001 -0.0017486600000001977 0.989697 -0.143167 -42.73389999999999
0.995116 -0.013198299999999767 -0.09782549999999977 -0.9787809999999957 -0.09870329999999974 -0.14607500000000004 -0.984337 -19.60190000000001 -0.0012982500000001977 0.989186 -0.146664 -44.04859999999999
0.995017 -0.01567129999999977 -0.09847139999999978 -0.9701929999999956 -0.09970699999999975 -0.14793400000000004 -0.983958 -19.40280000000001 0.0008526969999998026 0.988873 -0.148759 -45.416199999999996
0.994937 -0.016260199999999767 -0.09917669999999978 -0.9646479999999957 -0.10049499999999975 -0.15013700000000002 -0.9835440000000001 -19.21940000000001 0.0011024599999998029 0.988532 -0.151011 -46.78099999999999
0.994835 -0.017198499999999766 -0.10004299999999978 -0.9505419999999958 -0.10149799999999976 -0.15276500000000004 -0.9830370000000002 -18.96030000000001 0.0016236999999998032 0.988113 -0.153722 -48.193999999999996
0.994707 -0.016526099999999766 -0.10140999999999978 -0.9356889999999958 -0.10274499999999975 -0.15249500000000002 -0.9829490000000001 -18.764500000000012 0.0007797159999998033 0.988166 -0.153386 -49.573299999999996
0.994661 -0.016240299999999767 -0.10190999999999978 -0.9256869999999959 -0.10319599999999975 -0.15386500000000003 -0.9826880000000001 -18.50930000000001 0.0002786919999998035 0.987959 -0.154719 -51.032199999999996
0.994583 -0.015634499999999767 -0.10276399999999977 -0.9077209999999959 -0.10394499999999975 -0.15503600000000003 -0.9824250000000001 -18.27630000000001 -0.0005723880000001962 0.987785 -0.155821 -52.48239999999999
0.994689 -0.014627299999999767 -0.10187999999999978 -0.906063999999996 -0.10291599999999974 -0.15455300000000002 -0.9826100000000001 -18.06100000000001 -0.0013730300000001966 0.987876 -0.155238 -53.96979999999999
0.994679 -0.014918399999999768 -0.10193499999999978 -0.894338999999996 -0.10301499999999975 -0.15466500000000002 -0.9825820000000001 -17.813000000000013 -0.0011072600000001968 0.987854 -0.155379 -55.46619999999999
0.994591 -0.015184399999999768 -0.10275199999999977 -0.8876339999999961 -0.10386499999999975 -0.15303800000000004 -0.9827470000000001 -17.598600000000015 -0.0008025440000001963 0.988104 -0.153788 -56.96319999999999
0.994593 -0.015092799999999768 -0.10274999999999977 -0.8795899999999961 -0.10384899999999975 -0.15269700000000003 -0.9828020000000001 -17.344600000000014 -0.0008564700000001964 0.988158 -0.153439 -58.53499999999999
0.994603 -0.014110299999999769 -0.10279099999999977 -0.8686229999999963 -0.10373999999999975 -0.15187600000000004 -0.9829400000000001 -17.109800000000014 -0.0017418600000001965 0.988299 -0.15252 -60.059099999999994
0.99451 -0.01373939999999977 -0.10373599999999977 -0.8629299999999962 -0.10461799999999975 -0.15154800000000002 -0.9828980000000002 -16.873500000000014 -0.002216560000000196 0.988355 -0.152153 -61.63699999999999
0.994546 -0.01353929999999977 -0.10341799999999977 -0.8509729999999963 -0.10427699999999974 -0.15004200000000004 -0.9831650000000001 -16.610400000000013 -0.0022056300000001965 0.988587 -0.150636 -63.268499999999996
0.994368 -0.015223199999999769 -0.10488299999999978 -0.8470319999999963 -0.10597999999999975 -0.14904100000000003 -0.9831350000000001 -16.377000000000013 -0.000665384000000196 0.988714 -0.149815 -64.8665
0.994032 -0.01708949999999977 -0.10774299999999978 -0.8374069999999965 -0.10908699999999975 -0.14793700000000004 -0.9829620000000001 -16.144200000000016 0.0008591609999998046 0.988849 -0.148918 -66.5006
0.993846 -0.016619199999999768 -0.10951399999999978 -0.8309929999999964 -0.11076799999999976 -0.14851900000000004 -0.9826860000000001 -15.902700000000015 6.651689999980504e-05 0.98877 -0.149446 -68.1282
0.993907 -0.015677099999999767 -0.10910499999999977 -0.8302599999999966 -0.11022299999999975 -0.14848700000000004 -0.9827530000000001 -15.637000000000016 -0.0007939400000001951 0.98879 -0.14931 -69.8263
0.993729 -0.015532599999999772 -0.11073599999999978 -0.8231909999999966 -0.11181599999999975 -0.14716400000000002 -0.9827720000000001 -15.423400000000017 -0.0010313800000001949 0.98899 -0.147978 -71.4124
0.993612 -0.015165699999999772 -0.11182299999999978 -0.8154359999999967 -0.11283499999999975 -0.14758900000000003 -0.9825910000000001 -15.152800000000015 -0.0016021700000001945 0.988933 -0.148358 -73.1552
0.993616 -0.016384599999999774 -0.11161799999999977 -0.8078419999999966 -0.11281399999999975 -0.14653000000000002 -0.9827520000000001 -14.905700000000015 -0.00025335000000019457 0.989071 -0.147443 -74.8468
0.993511 -0.016669099999999774 -0.11251199999999978 -0.8020239999999967 -0.11373999999999974 -0.14566800000000002 -0.9827740000000001 -14.626000000000017 -7.59074000019439e-06 0.989193 -0.146619 -76.5721
0.993388 -0.017038899999999774 -0.11353699999999978 -0.7865999999999967 -0.11480799999999974 -0.14655800000000002 -0.9825170000000001 -14.357300000000018 0.00010124199999980588 0.989055 -0.147546 -78.29
0.993361 -0.016092399999999774 -0.11390399999999978 -0.7819309999999969 -0.11503299999999975 -0.14564100000000002 -0.9826270000000001 -14.098200000000018 -0.0007762540000001941 0.989207 -0.146525 -80.0547
0.993387 -0.01536069999999977 -0.11378299999999977 -0.7786079999999969 -0.11480199999999975 -0.14766700000000002 -0.9823520000000001 -13.862800000000018 -0.001712410000000194 0.988918 -0.148454 -81.8297
0.993384 -0.01458519999999977 -0.11391199999999978 -0.767174999999997 -0.11481099999999975 -0.14941600000000002 -0.9820860000000001 -13.558900000000019 -0.0026963300000001937 0.988667 -0.150102 -83.6206
0.993529 -0.01439009999999977 -0.11266299999999978 -0.767720999999997 -0.11354799999999975 -0.14854400000000004 -0.9823650000000002 -13.306700000000019 -0.0025990300000001943 0.988801 -0.149216 -85.3993
0.993533 -0.014517599999999771 -0.11260999999999978 -0.7612659999999971 -0.11351199999999975 -0.15010400000000002 -0.9821320000000001 -13.02970000000002 -0.002645050000000194 0.988564 -0.150781 -87.2265
0.993633 -0.01590029999999977 -0.11154199999999978 -0.7597939999999972 -0.11266099999999975 -0.15219100000000002 -0.9819090000000001 -12.748800000000019 -0.0013629700000001945 0.988223 -0.153013 -89.0376
0.993773 -0.016130899999999768 -0.11025399999999978 -0.7494519999999972 -0.11142299999999974 -0.15289600000000003 -0.9819410000000001 -12.48340000000002 -0.0010178600000001947 0.988111 -0.153742 -90.8827
0.993897 -0.01581179999999977 -0.10917199999999978 -0.7417639999999973 -0.11030199999999975 -0.15488700000000002 -0.9817550000000002 -12.19320000000002 -0.001385960000000195 0.987806 -0.155685 -92.7622
0.994034 -0.01510119999999977 -0.10802099999999978 -0.7356859999999973 -0.10904899999999973 -0.15799600000000003 -0.9814000000000002 -11.922200000000021 -0.002246640000000195 0.987324 -0.1587 -94.6172
0.99393 -0.015103799999999768 -0.10897699999999978 -0.7278789999999975 -0.10997899999999973 -0.16310800000000003 -0.9804590000000001 -11.596200000000021 -0.002966400000000195 0.986493 -0.163779 -96.5178
0.994149 -0.015719699999999764 -0.10686599999999978 -0.7226499999999975 -0.10798999999999974 -0.16649700000000003 -0.9801110000000001 -11.28540000000002 -0.0023858400000001953 0.985917 -0.16722 -98.4107
0.994228 -0.016528099999999765 -0.10600599999999978 -0.7148079999999976 -0.10726899999999974 -0.17077600000000004 -0.9794530000000001 -10.970800000000024 -0.001914720000000195 0.985171 -0.171563 -100.297
0.994409 -0.016712499999999766 -0.10426799999999978 -0.7078219999999976 -0.10557699999999974 -0.17710000000000004 -0.9785140000000001 -10.629200000000024 -0.0021122900000001953 0.984051 -0.177874 -102.211
0.994342 -0.015361799999999762 -0.10510899999999977 -0.7086229999999977 -0.10615199999999973 -0.18042200000000003 -0.9778440000000002 -10.282700000000023 -0.003942520000000195 0.983469 -0.181032 -104.14
0.994387 -0.014126699999999761 -0.10486099999999977 -0.7044909999999978 -0.10565699999999974 -0.18551300000000004 -0.9769450000000001 -9.896110000000023 -0.0056520700000001955 0.98254 -0.185964 -106.082
0.99456 -0.01402919999999976 -0.10321799999999978 -0.7049409999999979 -0.10398699999999973 -0.19193900000000003 -0.9758820000000001 -9.540990000000026 -0.0061207600000001946 0.981307 -0.192354 -107.975
0.994682 -0.014100499999999759 -0.10202299999999978 -0.704673999999998 -0.10280299999999974 -0.19605900000000004 -0.9751880000000002 -9.142410000000025 -0.006252020000000195 0.980491 -0.196466 -109.964
0.994909 -0.015737199999999757 -0.09953689999999978 -0.699037999999998 -0.10065499999999973 -0.20312600000000003 -0.9739650000000001 -8.779030000000025 -0.004891110000000195 0.979026 -0.203676 -111.886
0.994952 -0.01656939999999976 -0.09897079999999978 -0.6957039999999981 -0.10025699999999974 -0.20622900000000002 -0.9733540000000002 -8.359120000000026 -0.004282700000000195 0.978364 -0.206849 -113.852
0.994887 -0.017244099999999752 -0.09950999999999978 -0.6905979999999983 -0.10089499999999973 -0.21317200000000003 -0.9717910000000001 -7.9383500000000256 -0.004455140000000194 0.976863 -0.213822 -115.831
0.994891 -0.016539699999999755 -0.09958819999999978 -0.6874079999999984 -0.10079299999999973 -0.21818200000000001 -0.9706890000000001 -7.501420000000027 -0.005673440000000194 0.975768 -0.218734 -117.778
0.994937 -0.016291699999999753 -0.09916839999999978 -0.6777599999999985 -0.10029199999999973 -0.22404900000000003 -0.9694040000000002 -7.033650000000026 -0.006425380000000193 0.974442 -0.224549 -119.774
0.994865 -0.01713999999999975 -0.0997464999999998 -0.6730009999999985 -0.10101399999999973 -0.22916100000000003 -0.9681330000000001 -6.552720000000027 -0.006264240000000193 0.973238 -0.229716 -121.754
0.994929 -0.01718299999999975 -0.0991037999999998 -0.6709029999999987 -0.10036099999999973 -0.23494600000000002 -0.9668140000000001 -6.105920000000028 -0.006671270000000193 0.971857 -0.235479 -123.739
0.994988 -0.01708649999999975 -0.0985274999999998 -0.6631659999999988 -0.09974119999999972 -0.24015200000000003 -0.9655980000000001 -5.608450000000029 -0.007162910000000192 0.970585 -0.240653 -125.759
0.995081 -0.017187599999999748 -0.0975613999999998 -0.6573989999999988 -0.09879009999999973 -0.24533200000000002 -0.9643920000000001 -5.105490000000028 -0.0073592900000001935 0.9692869999999999 -0.245823 -127.747
0.994978 -0.018254699999999745 -0.09841569999999979 -0.649553999999999 -0.09985929999999972 -0.24839100000000003 -0.9634990000000001 -4.586310000000029 -0.006857170000000193 0.9684879999999999 -0.248967 -129.759
0.994685 -0.019408499999999745 -0.10111599999999979 -0.6397709999999991 -0.10273399999999973 -0.252352 -0.962166 -4.05822000000003 -0.0068426000000001925 0.967441 -0.253005 -131.762
0.994626 -0.019797699999999748 -0.10162599999999979 -0.6342719999999992 -0.10329099999999972 -0.257273 -0.960803 -3.5187600000000296 -0.007124010000000192 0.966136 -0.257936 -133.83
0.994534 -0.019979199999999742 -0.1024829999999998 -0.6210209999999994 -0.10414299999999972 -0.260338 -0.959885 -2.9817900000000304 -0.007502620000000191 0.965311 -0.260996 -135.818
0.994609 -0.019869399999999742 -0.10177099999999979 -0.6055249999999994 -0.10340399999999972 -0.263137 -0.959201 -2.4298200000000305 -0.0077209500000001915 0.964554 -0.263774 -137.863
0.994709 -0.019849299999999744 -0.10079399999999979 -0.5993319999999995 -0.10240699999999972 -0.269335 -0.957586 -1.8755200000000314 -0.008139830000000191 0.962842 -0.269943 -139.948
0.994875 -0.02002579999999974 -0.09911309999999979 -0.5850949999999997 -0.10079299999999972 -0.274653 -0.956246 -1.3217100000000317 -0.008072120000000191 0.961335 -0.275264 -141.946
0.994942 -0.01979859999999974 -0.0984840999999998 -0.5683379999999999 -0.10011099999999973 -0.27644 -0.955803 -0.7212450000000321 -0.008301400000000191 0.960827 -0.277023 -144.041
0.99493 -0.020172099999999738 -0.0985216999999998 -0.560216 -0.1001989999999997 -0.282418 -0.954044 -0.13681300000003255 -0.008579250000000191 0.959079 -0.283008 -146.068
0.995001 -0.02015729999999974 -0.09781059999999979 -0.5431980000000001 -0.0994720999999997 -0.286945 -0.952769 0.486940999999967 -0.008861020000000192 0.957735 -0.287515 -148.166
0.995034 -0.020674599999999738 -0.0973609999999998 -0.5346190000000002 -0.09913999999999971 -0.292594 -0.951084 1.1255699999999664 -0.00882394000000019 0.956014 -0.29319 -150.289
0.994955 -0.021254599999999735 -0.09804989999999979 -0.5244960000000003 -0.09993269999999971 -0.296526 -0.949782 1.721259999999966 -0.00888712000000019 0.954788 -0.297154 -152.307
0.99496 -0.022063699999999735 -0.0978131999999998 -0.5043340000000005 -0.0999030999999997 -0.301588 -0.94819 2.3994399999999656 -0.008578760000000189 0.953183 -0.302273 -154.377
0.994858 -0.022347199999999734 -0.09878259999999979 -0.49465000000000064 -0.1008789999999997 -0.305213 -0.946926 3.0676199999999647 -0.008988560000000189 0.952022 -0.305898 -156.552
0.99489 -0.021883599999999732 -0.09856289999999979 -0.4722880000000008 -0.1004779999999997 -0.310199 -0.945347 3.7472999999999645 -0.009886470000000189 0.95042 -0.310813 -158.573
0.994872 -0.020680799999999732 -0.0990090999999998 -0.463614000000001 -0.10048299999999971 -0.313978 -0.944098 4.411789999999964 -0.011561900000000187 0.949205 -0.314446 -160.665
0.994818 -0.020436999999999733 -0.09959899999999978 -0.4455040000000012 -0.1008909999999997 -0.319779 -0.942105 5.149959999999964 -0.012595900000000188 0.947272 -0.320184 -162.77
0.994924 -0.01995899999999973 -0.0986283999999998 -0.43592000000000125 -0.09980099999999971 -0.321092 -0.941775 5.8107899999999635 -0.012871900000000188 0.946838 -0.321454 -164.851
0.994894 -0.020534899999999728 -0.09881829999999979 -0.41339100000000145 -0.10008199999999971 -0.327294 -0.939607 6.583139999999963 -0.013047900000000187 0.944699 -0.327678 -166.981
0.994823 -0.02039439999999973 -0.09955509999999979 -0.40760200000000163 -0.10070599999999971 -0.32915 -0.938892 7.275989999999963 -0.013620400000000187 0.944058 -0.3295 -169.11
0.994704 -0.02130729999999973 -0.1005519999999998 -0.3915350000000018 -0.1018889999999997 -0.333264 -0.937312 8.044919999999962 -0.013538800000000187 0.942593 -0.33367 -171.225
0.99447 -0.022052099999999727 -0.10268299999999979 -0.38009300000000196 -0.1040989999999997 -0.336429 -0.935937 8.787059999999961 -0.013906100000000187 0.941451 -0.336864 -173.383
0.994344 -0.022848099999999726 -0.10372099999999979 -0.3576010000000021 -0.1053059999999997 -0.339124 -0.934829 9.55810999999996 -0.013815300000000186 0.940464 -0.339612 -175.522
0.994365 -0.023827299999999725 -0.1033019999999998 -0.34013800000000227 -0.1051819999999997 -0.343616 -0.933202 10.35519999999996 -0.013260400000000186 0.938808 -0.344185 -177.694
0.994488 -0.023445099999999726 -0.1021929999999998 -0.31815900000000247 -0.10397199999999969 -0.346219 -0.932374 11.121999999999959 -0.013521500000000186 0.937861 -0.346749 -179.81
0.99466 -0.021682899999999727 -0.10090399999999979 -0.2976210000000027 -0.1020959999999997 -0.349792 -0.931247 11.92419999999996 -0.015103400000000185 0.936576 -0.350138 -181.954
0.994767 -0.020606799999999727 -0.1000689999999998 -0.2857670000000028 -0.1009159999999997 -0.351086 -0.930889 12.762299999999959 -0.01595020000000019 0.936117 -0.351329 -184.227
0.99491 -0.019483399999999724 -0.09886899999999979 -0.263763000000003 -0.09931769999999969 -0.355586 -0.929352 13.57159999999996 -0.017049400000000187 0.934441 -0.355711 -186.379
0.995068 -0.018451199999999723 -0.0974590999999998 -0.2526910000000032 -0.0975679999999997 -0.359051 -0.928204 14.398699999999957 -0.01786640000000019 0.933135 -0.359081 -188.449
0.994968 -0.01840889999999972 -0.09848759999999979 -0.2485110000000034 -0.09841709999999969 -0.363838 -0.926249 15.224199999999957 -0.018782300000000186 0.931281 -0.363818 -190.686
0.995007 -0.019508999999999718 -0.09788239999999979 -0.2292500000000036 -0.0981885999999997 -0.367263 -0.92492 16.08789999999996 -0.01790430000000019 0.929913 -0.367345 -192.77
0.994979 -0.02089549999999972 -0.0978812999999998 -0.21615000000000378 -0.09864349999999969 -0.370217 -0.923693 16.947099999999956 -0.016936200000000182 0.928711 -0.370419 -195.019
0.994941 -0.02194029999999972 -0.09803839999999979 -0.21032300000000395 -0.09905129999999969 -0.377281 -0.920787 17.803899999999956 -0.016785600000000185 0.925839 -0.377545 -197.158
0.995081 -0.021102599999999718 -0.09679599999999978 -0.18972300000000417 -0.0975666999999997 -0.378287 -0.920532 18.696599999999957 -0.017191000000000185 0.925448 -0.378485 -199.353
0.995169 -0.021190799999999715 -0.0958659999999998 -0.16576300000000435 -0.0966765999999997 -0.381734 -0.919202 19.629499999999954 -0.017116700000000182 0.924029 -0.381939 -201.523
0.995131 -0.02095959999999971 -0.09630379999999979 -0.16050500000000456 -0.09691819999999969 -0.385616 -0.917555 20.511399999999952 -0.017904700000000183 0.922422 -0.385769 -203.711
0.995069 -0.021500799999999716 -0.09682609999999979 -0.15326700000000473 -0.09754119999999969 -0.389108 -0.916013 21.419399999999953 -0.017980800000000186 0.920941 -0.389287 -205.902
0.994943 -0.022331799999999714 -0.09793129999999979 -0.13796400000000497 -0.0988381999999997 -0.391367 -0.914912 22.364399999999954 -0.017895400000000183 0.919964 -0.391594 -208.155
0.994772 -0.023032499999999716 -0.09948899999999979 -0.12315400000000516 -0.10049099999999969 -0.3941 -0.913557 23.277199999999954 -0.018167100000000182 0.918779 -0.394354 -210.285
0.994639 -0.023689399999999715 -0.10065599999999979 -0.10167800000000539 -0.1017579999999997 -0.397335 -0.912014 24.222699999999953 -0.018389200000000182 0.917368 -0.397615 -212.479
0.994676 -0.023416499999999712 -0.1003589999999998 -0.08715270000000559 -0.10131999999999969 -0.400149 -0.910832 25.194299999999952 -0.018830000000000183 0.916151 -0.400391 -214.68
0.994704 -0.02314899999999971 -0.1001379999999998 -0.0673348000000058 -0.10094699999999969 -0.403167 -0.909541 26.14249999999995 -0.019317400000000182 0.914833 -0.403369 -216.87
0.99475 -0.02218269999999971 -0.09990659999999979 -0.05474940000000602 -0.10027199999999968 -0.406509 -0.908128 27.11159999999995 -0.02046820000000018 0.913378 -0.406599 -219.079
0.994861 -0.02142149999999971 -0.09895959999999979 -0.044767900000006244 -0.09900619999999968 -0.410501 -0.906469 28.11439999999995 -0.02120510000000018 0.911609 -0.410512 -221.217
0.995007 -0.02071599999999971 -0.09762799999999981 -0.029285900000006457 -0.09745669999999967 -0.412493 -0.905733 29.07749999999995 -0.02150770000000018 0.910726 -0.412452 -223.433
0.99499 -0.02041059999999971 -0.09787159999999981 -0.021564300000006687 -0.09749589999999968 -0.414833 -0.904659 30.11579999999995 -0.02213570000000018 0.909669 -0.414745 -225.627
0.994781 -0.021776199999999708 -0.0996841999999998 -0.020716000000006906 -0.09962739999999969 -0.418273 -0.902841 31.10789999999995 -0.02203480000000018 0.908061 -0.418259 -227.843
0.994707 -0.02329069999999971 -0.1000759999999998 -0.000404809000007127 -0.10055699999999967 -0.420821 -0.901553 32.09709999999995 -0.021116200000000182 0.906845 -0.420935 -229.959
0.994766 -0.02352719999999971 -0.09943569999999981 0.015394199999992642 -0.10000599999999968 -0.423912 -0.900165 33.14309999999995 -0.02097360000000018 0.905398 -0.424046 -232.223
0.994951 -0.023761299999999708 -0.0975107999999998 0.03581049999999242 -0.09828349999999968 -0.427476 -0.898668 34.15849999999995 -0.02033000000000018 0.903715 -0.427653 -234.294
0.995043 -0.0239341999999997 -0.09652029999999981 0.046995899999992194 -0.09740299999999968 -0.430191 -0.897468 35.17099999999995 -0.020041900000000182 0.902421 -0.430389 -236.505
0.995149 -0.0248734999999997 -0.09517819999999981 0.07223889999999195 -0.09650499999999967 -0.43457 -0.895453 36.23819999999995 -0.01908860000000018 0.900294 -0.434863 -238.727
0.995198 -0.0249221999999997 -0.09465349999999981 0.08568559999999173 -0.09598079999999969 -0.43803200000000003 -0.893821 37.260299999999944 -0.01918520000000018 0.898614 -0.43832 -240.818
0.995267 -0.0252550999999997 -0.09384239999999981 0.10895399999999147 -0.09534849999999968 -0.44042700000000007 -0.892711 38.358599999999946 -0.018785200000000175 0.897433 -0.440751 -243.025
0.995352 -0.026102699999999698 -0.09270099999999981 0.12610999999999123 -0.09459519999999969 -0.44561000000000006 -0.890215 39.45029999999994 -0.018071500000000178 0.894847 -0.446008 -245.225
0.99541 -0.0260707999999997 -0.09208849999999981 0.14954299999999102 -0.09397789999999968 -0.44836100000000007 -0.888899 40.46979999999994 -0.018114500000000176 0.893473 -0.448753 -247.345
0.995404 -0.0263151999999997 -0.0920766999999998 0.1694969999999908 -0.09398049999999968 -0.45310300000000003 -0.88649 41.55109999999994 -0.01839210000000018 0.89107 -0.453494 -249.491
0.995359 -0.0269131999999997 -0.0923937999999998 0.18352999999999053 -0.09445289999999969 -0.45706300000000005 -0.884405 42.65689999999994 -0.01842770000000018 0.889027 -0.457484 -251.68
0.995378 -0.0267578999999997 -0.09223419999999981 0.2103729999999903 -0.09418569999999968 -0.45965900000000004 -0.883087 43.77879999999994 -0.018766800000000177 0.887692 -0.460055 -253.809
0.995498 -0.026929399999999694 -0.0908733999999998 0.23300199999999002 -0.09296029999999968 -0.46437400000000006 -0.880747 44.90279999999994 -0.018481400000000175 0.88523 -0.464787 -255.984
0.995498 -0.027063499999999695 -0.0908381999999998 0.2627589999999898 -0.09291289999999969 -0.46811500000000006 -0.87877 45.990599999999944 -0.018740100000000176 0.883253 -0.468522 -258.03
0.995409 -0.026948999999999695 -0.0918412999999998 0.2941849999999895 -0.09370269999999967 -0.47003200000000006 -0.877661 47.133399999999945 -0.019516300000000174 0.882238 -0.4704 -260.205
0.995275 -0.02703269999999969 -0.0932557999999998 0.31661299999998926 -0.09483349999999967 -0.47672800000000004 -0.873921 48.27429999999994 -0.020833200000000173 0.878635 -0.47703900000000005 -262.363
0.995143 -0.02614879999999969 -0.0949060999999998 0.339510999999989 -0.09585399999999966 -0.47701000000000005 -0.873655 49.48009999999994 -0.022426100000000174 0.878509 -0.47720000000000007 -264.507
0.99501 -0.02601439999999969 -0.0963231999999998 0.3685329999999888 -0.09696159999999966 -0.47973200000000005 -0.872041 50.618199999999945 -0.023523700000000175 0.87703 -0.47986000000000006 -266.657
0.994834 -0.025329699999999695 -0.0982993999999998 0.3948099999999885 -0.09822479999999967 -0.48458500000000004 -0.869212 51.82659999999994 -0.025617500000000175 0.874378 -0.484569 -268.798
0.994687 -0.024434799999999694 -0.10000099999999981 0.41829399999998823 -0.09919429999999968 -0.48727200000000004 -0.867598 53.00509999999994 -0.027528300000000172 0.872908 -0.487107 -270.936
0.994599 -0.024259899999999696 -0.1009219999999998 0.44733999999998797 -0.09975559999999968 -0.49208100000000005 -0.864815 54.192199999999936 -0.028681400000000173 0.870212 -0.491843 -273.043
0.994586 -0.02426029999999969 -0.10104099999999981 0.4746269999999877 -0.09979649999999968 -0.49396200000000007 -0.863737 55.38879999999994 -0.028955700000000174 0.869145 -0.493709 -275.165
0.994669 -0.02396119999999969 -0.1002949999999998 0.5109539999999875 -0.09886089999999968 -0.49816000000000005 -0.861431 56.628199999999936 -0.02932220000000017 0.866754 -0.497873 -277.319
0.994645 -0.023801899999999692 -0.10056899999999981 0.5418939999999871 -0.09887359999999969 -0.502384 -0.858973 57.904899999999934 -0.03007930000000017 0.864317 -0.502047 -279.497
0.994725 -0.02328159999999969 -0.09989899999999981 0.5722679999999869 -0.09797119999999968 -0.504164 -0.858033 59.14859999999994 -0.03038910000000017 0.863294 -0.503785 -281.654
0.99485 -0.023030999999999687 -0.0987080999999998 0.6000459999999865 -0.09664829999999969 -0.508989 -0.85533 60.384999999999934 -0.03054220000000017 0.860465 -0.508594 -283.796
0.994714 -0.024066899999999686 -0.0998224999999998 0.6281589999999864 -0.09804599999999968 -0.511445 -0.853704 61.665599999999934 -0.03050770000000017 0.858979 -0.511101 -285.997
0.994558 -0.025263399999999686 -0.1010729999999998 0.657994999999986 -0.09963389999999968 -0.514183 -0.851874 62.96799999999994 -0.03044890000000017 0.857309 -0.513902 -288.108
0.99446 -0.026243099999999686 -0.10179099999999981 0.6932489999999857 -0.10069099999999968 -0.515912 -0.850703 64.27959999999993 -0.03019000000000017 0.85624 -0.515696 -290.259
0.994436 -0.027161199999999688 -0.1017819999999998 0.7293819999999854 -0.10106699999999968 -0.518512 -0.849076 65.60409999999993 -0.02971340000000017 0.854639 -0.518372 -292.524
0.994476 -0.027514199999999687 -0.10129099999999981 0.7746219999999852 -0.10078499999999968 -0.519846 -0.848294 66.92159999999993 -0.02931590000000017 0.853817 -0.519748 -294.662
0.994378 -0.028836599999999685 -0.10188699999999981 0.8119869999999848 -0.10184099999999968 -0.523965 -0.845629 68.26079999999993 -0.029000200000000163 0.851251 -0.523956 -296.898
0.99433 -0.029609399999999685 -0.10213699999999981 0.8564039999999846 -0.10244999999999968 -0.524194 -0.845414 69.60489999999993 -0.028507600000000164 0.851084 -0.524255 -299.067
0.994364 -0.028352499999999684 -0.10216299999999981 0.8979759999999842 -0.10175499999999968 -0.525875 -0.844453 70.97949999999993 -0.029782500000000163 0.850089 -0.525796 -301.313
0.994541 -0.027048799999999686 -0.10078399999999982 0.9336659999999839 -0.09970379999999966 -0.531314 -0.841287 72.33639999999993 -0.030792000000000166 0.846743 -0.531111 -303.532
0.99472 -0.026615599999999684 -0.09911879999999983 0.9753109999999837 -0.09804769999999967 -0.531813 -0.841167 73.71629999999993 -0.030324400000000168 0.846444 -0.531614 -305.75
0.994889 -0.028376999999999684 -0.09690779999999982 1.0206399999999833 -0.09693559999999966 -0.537193 -0.837871 75.13939999999992 -0.028281900000000165 0.842982 -0.537198 -307.988
0.995094 -0.030029099999999677 -0.09427079999999982 1.061259999999983 -0.09547109999999966 -0.541465 -0.835285 76.51299999999993 -0.025961500000000165 0.840187 -0.541675 -310.263
0.995136 -0.03138029999999968 -0.0933759999999998 1.1116799999999827 -0.09531569999999966 -0.546089 -0.832287 77.96909999999993 -0.024874100000000166 0.837139 -0.546424 -312.457
0.995115 -0.03248469999999967 -0.0932246999999998 1.1628899999999824 -0.09566479999999965 -0.550496 -0.829339 79.38519999999993 -0.024379000000000164 0.834206 -0.550914 -314.674
0.994909 -0.032662899999999676 -0.09534319999999981 1.212319999999982 -0.09739119999999965 -0.55495 -0.826163 80.89019999999992 -0.025925800000000162 0.831243 -0.555305 -316.974
0.994821 -0.03288929999999968 -0.0961702999999998 1.2671499999999818 -0.09808789999999967 -0.558585 -0.823627 82.36169999999993 -0.026630800000000163 0.828795 -0.558919 -319.154
0.994725 -0.03414599999999968 -0.0967298999999998 1.3132499999999814 -0.09909469999999966 -0.563577 -0.820099 83.84099999999992 -0.026511600000000163 0.825358 -0.563987 -321.401
0.994633 -0.035853899999999675 -0.09706029999999981 1.3740999999999812 -0.10022599999999965 -0.566918 -0.817654 85.38769999999992 -0.02570910000000016 0.822994 -0.567469 -323.607
0.994707 -0.037737099999999676 -0.09556669999999981 1.4290599999999807 -0.09995219999999966 -0.570882 -0.814925 86.85169999999992 -0.02380450000000016 0.820164 -0.571633 -325.792
0.994824 -0.03848259999999967 -0.0940472999999998 1.4934299999999805 -0.09901359999999965 -0.575213 -0.811989 88.48839999999993 -0.02284970000000016 0.817098 -0.576046 -328.059
0.994829 -0.039410599999999664 -0.09360109999999981 1.55115999999998 -0.09907239999999966 -0.579315 -0.809061 89.97039999999993 -0.02233900000000016 0.814151 -0.580224 -330.207
0.994678 -0.04027729999999967 -0.09483599999999981 1.6117899999999796 -0.10047299999999966 -0.583119 -0.80615 91.54049999999992 -0.02283110000000016 0.811388 -0.584062 -332.415
0.994603 -0.04194059999999967 -0.0948964999999998 1.6725999999999794 -0.10138499999999966 -0.587121 -0.803126 93.16259999999993 -0.02203210000000016 0.808412 -0.588204 -334.674
0.99477 -0.04306579999999967 -0.09262219999999981 1.7450099999999789 -0.10014099999999965 -0.589899 -0.801244 94.71579999999993 -0.02013150000000016 0.806328 -0.591126 -336.798
0.99472 -0.044018399999999666 -0.0927079999999998 1.8192299999999786 -0.10067099999999964 -0.594043 -0.798109 96.33119999999992 -0.019941000000000157 0.803228 -0.595338 -339.004
0.994674 -0.045748999999999665 -0.0923624999999998 1.8939899999999783 -0.10134799999999963 -0.597296 -0.795592 97.97069999999992 -0.018770300000000156 0.800715 -0.598751 -341.236
0.99488 -0.04629539999999967 -0.0898311999999998 1.9718899999999777 -0.09960599999999964 -0.599394 -0.794233 99.58019999999993 -0.017074900000000157 0.799115 -0.600936 -343.415
0.99528 -0.04489319999999967 -0.0860419999999998 2.0539399999999772 -0.09565209999999964 -0.60368 -0.791468 101.21699999999993 -0.016410300000000155 0.795962 -0.605124 -345.583
0.995667 -0.043790299999999664 -0.0820393999999998 2.128089999999977 -0.09175249999999964 -0.60631 -0.789917 102.84799999999993 -0.015150600000000156 0.794022 -0.607701 -347.758
0.995786 -0.04599549999999966 -0.0793401999999998 2.207449999999977 -0.09089629999999964 -0.6098900000000002 -0.787256 104.49599999999992 -0.012178500000000154 0.79115 -0.611501 -349.896
0.995571 -0.04764569999999966 -0.0810398999999998 2.2956799999999764 -0.09321609999999964 -0.6120150000000001 -0.785333 106.20999999999992 -0.012179800000000154 0.78941 -0.613746 -352.149
0.99569 -0.04752759999999966 -0.07963529999999981 2.371269999999976 -0.09197859999999963 -0.6158740000000001 -0.782457 107.80499999999994 -0.011857100000000155 0.78641 -0.617592 -354.183
0.99586 -0.04827449999999966 -0.07702679999999983 2.4562399999999758 -0.09034069999999964 -0.6197650000000001 -0.77957 109.49899999999991 -0.010105200000000153 0.783301 -0.621561 -356.347
0.99579 -0.05043239999999966 -0.07654229999999981 2.549139999999975 -0.09127909999999964 -0.6219580000000001 -0.777713 111.20599999999992 -0.008384170000000152 0.781425 -0.623943 -358.614
