1.0000000000100635 3.952467693413286e-12 9.309143855079638e-10 -4.260813923906426e-12 6.590007944722032e-12 1.000000000000005 9.31752178147809e-10 1.1068787553192294e-10 4.660551770896415e-10 -9.311493126395247e-10 0.9999999999899314 -7.597326844022145e-09
0.9999960180628766 -0.001297309965887948 0.002646825586562109 1.5292975482856566 0.0013032004549014147 0.9999969748541593 -0.0022246997539921622 -0.005553777618990487 -0.0026439383875735776 0.0022281470795691284 0.999994007082964 0.020209613929647346
0.9999900563167097 -0.002810708805852488 0.0035105052437594646 3.0529348821009332 0.0028213094428462585 0.9999919248354462 -0.0030184720539986267 -0.005674255866838177 -0.0035019886685075897 0.003028357568650395 0.9999890188478443 0.039150965743126855
0.9999860616622914 -0.004193710019839164 0.0030978756016655047 4.566970489695076 0.004200368223287996 0.9999888976681449 -0.0021465854591837144 -0.003142262661814726 -0.0030888269441235712 0.0021595660291735723 0.9999930406695636 0.056400239885718795
0.999979060247677 -0.005635314385547244 0.00312839421615086 6.080175419496134 0.0056401877453539735 0.9999828590182945 -0.001549348667482768 0.006916992096121887 -0.0031196066183919475 0.0015669582243975993 0.9999940807340284 0.06793866623474379
0.9999700792539117 -0.006917696346177481 0.0035685471964852725 7.616172822786295 0.0069236380474023435 0.9999748020442235 -0.0016560662738950623 0.018868706650202113 -0.003557003246641789 0.0016807317104111626 0.9999921187018648 0.07785031032565601
0.9999571050063503 -0.008506643507091419 0.0037321450612730735 9.100098896254782 0.008513316342091027 0.9999627446669332 -0.0017777160526764675 0.03219838353921303 -0.0037168954805753864 0.001809429407815319 0.9999911503267165 0.08887847650587541
0.9999432588580048 -0.01025457771125841 0.002887031032643134 10.600325594625957 0.010264898065557025 0.9999407634109176 -0.0035834869035367583 0.045203277852271885 -0.002850095206376191 0.0036129154003335523 0.9999899777310777 0.09940369169732843
0.9999283900671352 -0.011596544145071244 0.003180631421272044 12.095291081020983 0.01161157100289037 0.9999217067203673 -0.004766585981990787 0.06244973952960559 -0.0031251122090015784 0.0048031787672449516 0.9999839032124974 0.10358690626978269
0.9999124370390716 -0.01286979701987867 0.0032823570124119296 13.588560807687927 0.012885509710314293 0.9999056633261046 -0.004808880470084887 0.08264875095587515 -0.0032201687549303828 0.004850758440020203 0.9999828996348238 0.10983731245570194
0.9998974263203644 -0.014044622375926581 0.0029017830004287393 15.077118994318258 0.014057036718544946 0.9998926731014227 -0.004292832451799018 0.10870823883886771 -0.0028411667506915723 0.004333188615024591 0.9999869005782128 0.11839601351245607
0.999888274700209 -0.014546945752129066 0.0035064425891340404 16.561774300814612 0.014556400339043561 0.9998905874287114 -0.002686906817432268 0.1397258619672511 -0.0034669801549980003 0.0027376518741354444 0.9999901378710795 0.13252746830222634
0.9998791162187003 -0.015018773066892213 0.0041942148511678184 18.044324004977454 0.015023590790650845 0.9998864869699292 -0.0011160018573464277 0.17460885989001984 -0.004176993720598462 0.0011788833733907675 0.9999903968113705 0.1454770701768393
0.999866007823524 -0.015617301621426927 0.0049840049145310214 19.51808274800291 0.01561794645334101 0.9998783639008247 -8.738848154223633e-05 0.20810782934677916 -0.004982038620191127 0.00016522279994717916 0.9999876282756512 0.15890226523403372
0.9998580080269914 -0.016062697342511874 0.0051815403318810965 20.991465647328738 0.01606338020347891 0.9998713199342593 -8.571802641003413e-05 0.24139745787681302 -0.0051794951207792565 0.00016894371226812278 0.9999866720387494 0.16621241513318435
0.9998489539590122 -0.016578933943036125 0.005266045947896358 22.453423641456872 0.016577208727686116 0.9998622850409413 0.0003793677821328366 0.27107105160169015 -0.005271601682400684 -0.0002920303513401587 0.9999867610000466 0.1707794834995469
0.9998448746944943 -0.01663969838775185 0.005824461981526622 23.910602692412166 0.016633731156756263 0.9998612049797492 0.0010612331574434803 0.3016482614970541 -0.005841305320875536 -0.0009641992299080173 0.9999829203257565 0.1742560181465246
0.9998377674784175 -0.01664281517697158 0.006951360184866686 25.363026973890985 0.01662930214616588 0.9998600495318942 0.001996390472031911 0.33322267343773043 -0.006983610271666974 -0.0018804723892182032 0.9999741829896881 0.1796050075543802
0.999843728074322 -0.01658874633400709 0.006115694115538601 26.804027401827362 0.016574781104040648 0.9998601637246695 0.0023275745385125546 0.36361974995051294 -0.00615345029621602 -0.0022258390672279856 0.9999781082010085 0.1829167562582279
0.9998576775233909 -0.016508111260485937 0.0034564458623573824 28.237071218567163 0.01649869433928924 0.9998605230783719 0.0027223768252822972 0.3940412884634937 -0.0035009048437802453 -0.0026649467612426827 0.9999897993982371 0.19238222015160478
0.9998628665785566 -0.016210790886545146 0.003415190809865374 29.662684107135746 0.016206942526311944 0.9998685412878399 0.0011296103996353696 0.4221708939953788 -0.0034330502405448436 -0.0010740925142809603 0.9999935921336033 0.20483329921662352
0.9998539794307252 -0.015969291784217136 0.006185811870552372 31.084358531396873 0.015968514840286416 0.9998721938147905 0.00017694788962741343 0.4499312967987561 -0.006187853601426591 -7.814606125182072e-05 0.9999808267544845 0.21807874121810109
0.9998451647619416 -0.015803438580014553 0.007811075164783915 32.4959442364649 0.01581551345474149 0.9998740022748376 -0.001488154443028628 0.47561340732528196 -0.007786568477371783 0.0016114524730153406 0.9999688329632208 0.22764559490781955
0.9998542689211932 -0.015554851218237293 0.0070448927675112 33.89045477754788 0.015572512443921402 0.9998761174112394 -0.002469846272408262 0.5022038619150393 -0.007005588145979308 0.002579190497486598 0.9999726136675674 0.23158034653738663
0.9998712513804087 -0.01515269886338833 0.005340871055496617 35.27453148303221 0.015165485787589392 0.9998823466629186 -0.002367196768294828 0.5323548728208907 -0.005304360006834535 0.0024478869745617688 0.9999834019566725 0.2382043425808778
0.9998861589605477 -0.014538508987637989 0.004181058879523082 36.642251891882076 0.014545161406736073 0.999893506321731 -0.0015661852181710716 0.5651533620152462 -0.0041578332946768425 0.0016268299066445036 0.9999903347177214 0.24661097048909228
0.9999000814686156 -0.013661629680784205 0.0036531318361868025 37.99853311286314 0.013664793164617797 0.9999065928214125 -0.0008643901702688199 0.5944640833952414 -0.003640967642370544 0.0009142274032573802 0.9999933257099718 0.2580555291812526
0.9999120249582505 -0.012550410907226469 0.004334198530871394 39.33288627460459 0.01255176782139937 0.9999215564099603 -0.00029951276700235875 0.6233984041882606 -0.00433010650682291 0.0003538996210894092 0.9999904186317892 0.2700005197870117
0.9999179720929361 -0.010992830247179028 0.006615401491502113 40.65693399646315 0.010990568052726567 0.9999394084764095 0.0003663589086550225 0.6488028898199841 -0.00661902535610168 -0.00029362765803729704 0.9999786194306544 0.2818861868871303
0.9999260145003752 -0.009357177292849076 0.007788642190689139 41.96030921523403 0.009359177070995761 0.9999564107672845 -0.00022198776660051618 0.6708493333360455 -0.007786217060686789 0.0002948746674660413 0.9999695747323404 0.2918575691837522
0.999940993783615 -0.00710411220364061 0.008288252696870599 43.24284477758746 0.007103201891895044 0.9999745241477686 0.00013806884477687273 0.6895523251911945 -0.008289028738416965 -7.918235607549774e-05 0.9999654820686165 0.30051642416148466
0.9999599966187217 -0.0037339291967322715 0.00818510903911718 44.50625398698664 0.00373279181224269 0.9999927541921694 0.00015382076457181402 0.7047268976141966 -0.00818562430805285 -0.00012326063731572193 0.9999662491891087 0.308255142042755
0.9999819984456298 -4.408680963078655e-05 0.006051812931713384 45.7475594366416 4.805687057554979e-05 1.0000000006192455 -0.0006567401108766625 0.7136481966685037 -0.0060517606541683954 0.0006570195169200999 0.9999820009351247 0.3161273293503783
0.9999849745514516 0.003426276622584719 0.004443685523146873 46.98090288255396 -0.0034221178658502644 0.9999941250273908 -0.0009443728999904583 0.71787980618501 -0.004446892895354838 0.000929160680830262 0.9999899004211578 0.32461368749874275
0.9999599721276796 0.007447461324891626 0.005062168430667544 48.201343896528066 -0.007445082291399333 0.9999723048022116 -0.00048795838969888875 0.724256658316195 -0.005065663377629399 0.00045026389410467784 0.9999867230701086 0.3280761301179559
0.9999059957963444 0.012709796907566798 0.005147578083914472 49.41109355081993 -0.012709870337269533 0.9999195244237157 -3.0858723924778055e-05 0.7240872641344142 -0.0051475528112364805 -3.4554900267900946e-05 0.9999864797799395 0.3331763219849915
0.9998062023347688 0.019259322912770084 0.004165953264028 50.609400231965296 -0.019265617101719083 0.9998136323077884 0.0014662846443360717 0.7199058826133332 -0.004136934994234221 -0.0015462454378380283 0.9999901653574427 0.33615946605188823
0.9996365862945013 0.026650072693179826 0.004003823139940136 51.79528827135558 -0.026662365117568705 0.9996398263403379 0.0030640563274250228 0.7087668302881472 -0.00392071447130232 -0.003169696456212561 0.999987587365161 0.3396676549797444
0.9993720454240574 0.035002550736112546 0.005493246422480901 52.973103140056864 -0.03502544612189074 0.9993774861039123 0.004129559901118955 0.6837156180296923 -0.005345276095215969 -0.00431937465869683 0.99997646847203 0.3420791680069273
0.9989621047177948 0.04514010559834931 0.006147054036655111 54.137637774813655 -0.045179533556750785 0.9989581098147153 0.006431520038857425 0.6499610057540892 -0.0058503303322058895 -0.006702560430472916 0.9999607854674897 0.3441808052614376
0.998294708978696 0.05801549220265385 0.0065830324424749325 55.28624430684072 -0.05807234953985128 0.9982738375579898 0.008816613103559627 0.6055706680049281 -0.006060174657112084 -0.009183857902891463 0.9999394534633144 0.34240074858644276
0.9973287977320779 0.07266544281081874 0.0075012146824388875 56.4179120665202 -0.07274523310267089 0.9972899712562099 0.010977021717846874 0.5444317268769133 -0.006683231464860965 -0.011493322606315847 0.999912231011712 0.34335474315917736
0.9960057176243475 0.08882871887650495 0.009114035172470607 57.537536779985324 -0.08894630524291047 0.9959458177111126 0.013430077499012028 0.4681415222048473 -0.007884101290223242 -0.014187116146539953 0.9998684646645398 0.3429647957039122
0.9942628029990185 0.10640269930573017 0.010971747427599796 58.64762807526977 -0.10654921747912359 0.9942123856906186 0.013781591394565732 0.36772289469753655 -0.009441845230016567 -0.014871506579374824 0.9998448113103627 0.3430635956729415
0.9920485465630766 0.12540000278102267 0.010765429649217225 59.740067807965616 -0.12554045381883622 0.9919954864967625 0.013573766068934548 0.2473117118715822 -0.008977111086632749 -0.01481737988612511 0.9998499669401608 0.34276429276701453
0.9892987192437782 0.14558266905784284 0.009746848916337637 60.817031112100004 -0.14570156489369307 0.9892456320906272 0.012828841066778084 0.10737356714077653 -0.007774368377515811 -0.014111642540545838 0.9998706486655944 0.340901083965351
0.9860236917160329 0.1663612556386002 0.009101665216723884 61.879401043116474 -0.1664524672959504 0.9859951323219515 0.010388209124170572 -0.057204928600718546 -0.00724599882620656 -0.011758029417478567 0.9999051759620157 0.34119018287102354
0.9820995299884581 0.1880610747653675 0.010717396381416534 62.92571941849565 -0.1881243204622026 0.9821313603473715 0.005203332177262446 -0.2514778971456923 -0.009547352269189242 -0.007126390583968155 0.9999291096641704 0.343344719395174
0.9774344933522882 0.2109112678934551 0.011828657121171746 63.95553671688774 -0.21092455062707421 0.9775027296775742 -0.00016697242534880505 -0.4698286262049413 -0.011597722934664326 -0.0023317520136495744 0.9999307769701377 0.34356286418946513
0.9720458022296957 0.2345624272904126 0.010384148951082788 64.96590642989608 -0.23451924412333608 0.9720980609817832 -0.005210118497680009 -0.7157095797009347 -0.011316481782605279 0.0026291897785027676 0.9999331367885212 0.33794962052419286
0.96574631868699 0.259404221830447 0.006754040559147648 65.95403877197984 -0.2593183519706769 0.9657241410136688 -0.011514378661182703 -0.9835468513149022 -0.009509421881293138 0.009368463397798043 0.9999115402993412 0.33135190081561755
0.9584399301398457 0.2852403358657293 0.005724288698217845 66.92580726700577 -0.28512724284755087 0.9583666767987427 -0.015358808197374217 -1.2769106244539408 -0.009866950410881327 0.013088355716525895 0.9998653930614115 0.32154533192888646
0.9499894579887448 0.31219832528892016 0.007284788705160831 67.88151757720068 -0.3120307494855231 0.9499014437011265 -0.017996923363766737 -1.5868042013827357 -0.01253840238190156 0.014823821838668785 0.9998120983101284 0.31817901261268383
0.9404774862229499 0.3397388728018518 0.008988117330066926 68.82054256922711 -0.3394828064090944 0.9403525175133294 -0.022120644205256945 -1.9291537970665862 -0.01596727541013905 0.017752662862374074 0.9997149962637207 0.31156150417462947
0.9298295828041034 0.3679280708434126 0.006900051810743936 69.73520222992661 -0.36765037690125385 0.9296095964483901 -0.02569852698827011 -2.294137127903768 -0.01586949740967901 0.021358470186089516 0.9996468207475063 0.3037241007914799
0.9179460123266073 0.3966989956343521 0.0027656722379787065 70.62531686180684 -0.3965136429351946 0.917691091634096 -0.02493304666963665 -2.6758923009117432 -0.01242894927813332 0.021790557086056022 0.9996858960392967 0.2942058157717865
0.9050140353022583 0.42536080843214147 -0.004373650672862574 71.49399283028393 -0.4253236701206064 0.904665775830597 -0.02610494885051519 -3.0833001466311156 -0.00714733717940487 0.025485522187394322 0.9996501888671445 0.28609978944357606
0.8910502101693101 0.4538118320946739 -0.009356552135530478 72.3462174452834 -0.45388683813748903 0.8906171958680957 -0.028074680054216428 -3.5173828444662125 -0.004407504113782725 0.02926269634317644 0.9995625939625943 0.2809837448650214
0.8755918362289681 0.4829969901616139 -0.00744435144810955 73.18408349026842 -0.48299339469978597 0.8751342303029025 -0.029310423641922538 -3.976306460048044 -0.007642008075246136 0.02925947926816364 0.9995429334681295 0.27721103047683676
0.8580281681098143 0.5136030751650625 -0.0010550424095027112 74.00995074552117 -0.5134209594350321 0.8576660223726087 -0.028447484532843254 -4.456794982289904 -0.013705831192854203 0.024950366192756514 0.9995948095175771 0.27539863097139405
0.8385840189922741 0.5447611621732569 0.0038088650183018286 74.80619279564397 -0.5444525379183954 0.8383084926248705 -0.028498306739894345 -4.962097404524915 -0.01871778408661643 0.021824467616298426 0.9995874883828554 0.272489048591079
0.817540740626565 0.5758719041988268 0.0006946057434026936 75.57443666671128 -0.5757062713503225 0.817332320383007 -0.023038565652007077 -5.486998647338252 -0.013834961762551584 0.01843500746636497 0.9997349389904281 0.2632913712446683
0.7956576779480793 0.6057352068884642 -0.0039796413826020515 76.316425784271 -0.6057116427446372 0.7955199370939515 -0.016226862508113643 -6.036669613266432 -0.006663263711134866 0.015321538815007226 0.999860384957969 0.2521722081692116
0.7732762832845473 0.6340436996941712 -0.005779939918304209 77.03023627537671 -0.6340570651778206 0.7731701867898909 -0.013460372713186 -6.61271442024785 -0.004065613237174616 0.01407336010585179 0.9998935299255616 0.24522596480798475
0.7502054524846691 0.6611922482837757 -0.004316679281825562 77.72385876699448 -0.6611637274949829 0.7500655384030825 -0.016324373389564092 -7.220684800080421 -0.007555800916910729 0.015100640006488848 0.9998580091122483 0.24366728262159393
0.7259591870645636 0.687734236213039 -0.0027682400268703535 78.38956086506012 -0.6876758277282474 0.7258303713765549 -0.016560361444088532 -7.845061754715015 -0.009379885990442725 0.013925831202608107 0.9998594415588812 0.2459731512889977
0.7007465916301306 0.7133854544740377 -0.006100342437458259 79.02024446663256 -0.7133809283540667 0.7006102542329653 -0.01530902689441269 -8.484482394991344 -0.0066472476340316364 0.015079588890905061 0.999865154136904 0.2439021983052738
0.674658798666893 0.7380828653733481 -0.008411966501571116 79.62992432332729 -0.738121134680156 0.6745464052209985 -0.01289760356644256 -9.146331006111037 -0.0038452115014825 0.014910536354025044 0.9998817961121087 0.23959360082368675
0.6477610060443695 0.7618091955617593 -0.0074125374991947865 80.21484054466755 -0.7618379675395817 0.6476833091049761 -0.010546582229479354 -9.826790778699937 -0.003233478596020186 0.012478824772469818 0.9999176848506545 0.23820719760493309
0.6200374339625337 0.7845299762950281 -0.008290238072084847 80.77751818187937 -0.7845696496117028 0.6199679552862356 -0.009578970816670022 -10.53332464935873 -0.0023752754261863844 0.012443580738464157 0.9999206107512306 0.24032412879954707
0.591485237604496 0.8062403558883733 -0.011153339522804447 81.31493836129891 -0.8063082429430927 0.5914853540783954 -0.003574699685407758 -11.256403768650728 0.0037149729998181766 0.011107407610581675 0.9999324083171085 0.2431975159248464
0.5615222709706152 0.8273258746942416 -0.015095533106926672 81.83934994204273 -0.8273596820213435 0.5616459529491807 0.005477672743519144 -11.993391965008852 0.013010113212031757 0.009413554473414878 0.9998717760802039 0.2647139346616415
0.5307549608233424 0.847321604070398 -0.018644907739895855 82.35350440780462 -0.8472505289174735 0.5310153348213607 0.01380414853194311 -12.754571785865508 0.02159723803004074 0.008470296619518506 0.9997317043552969 0.29854312376984304
0.49921863442548925 0.8662999109463364 -0.01756062585807367 82.8473030687382 -0.8661167855318201 0.4994926040451387 0.01873612335548941 -13.538529195372325 0.025002469180326423 0.005856159297504623 0.999670761529372 0.34226746208121284
0.4670642787304091 0.8841269278749482 -0.01315903566633733 83.30161340282945 -0.8839464375940878 0.46723818258385275 0.01812465437283997 -14.347467693675926 0.02217284516508208 0.0031664466716929025 0.999749538685738 0.3804781662905783
0.43441702961822937 0.9006929491357832 -0.006069228960686996 83.73773998267593 -0.9005453455525129 0.43445618753120896 0.01635420606772117 -15.176474855076693 0.01736683838016287 -0.0016388993585541474 0.9998487828505617 0.4229272642788888
0.400419871517784 0.9163332935091987 -0.0008831744304604282 84.13018148334886 -0.9161929965325376 0.40037455648161235 0.017089191436906653 -16.01857813701787 0.016012924911867243 -0.006033696607463726 0.9998545720006036 0.4551402912030873
0.365534072991824 0.9307784199099937 0.006272207864421557 84.50368782249222 -0.9306582435960258 0.3653528777041894 0.019881645830400113 -16.88092945656032 0.016213831932611295 -0.013104694424240145 0.9997830493039866 0.48675215205231515
0.33001280423856183 0.9438962824100718 0.012369051028110473 84.83966523158448 -0.9438313998260565 0.3297041907723857 0.021883083131150206 -17.75917420275639 0.016577256391282793 -0.01889597439713352 0.9996850049890524 0.5119157494747931
0.2940603118736525 0.955640873711572 0.016780413602322575 85.13796718185509 -0.955669641714429 0.29370365988417263 0.02084148184210154 -18.657800982693534 0.01498858379792151 -0.02216518964811301 0.999643028242175 0.5377525275071677
0.25799289639497996 0.9659663290506677 0.018739880403143627 85.40070249496718 -0.9660353524791111 0.2576183307854446 0.020273483894977934 -19.571700837401238 0.014755718052607319 -0.023333798572449462 0.9996197728195755 0.5698245024946907
0.22222787622153167 0.974805488108699 0.019278505213572494 85.63076538696376 -0.974887993979085 0.22186625230347967 0.01923345144187577 -20.502197938452493 0.014471598468783054 -0.023068580451135027 0.9996298714749886 0.616594403642572
0.18692193549197408 0.9822033190755218 0.018424080425149016 85.82058404063834 -0.9822704938337706 0.18659526850540462 0.01810086917729374 -21.443519332250847 0.014340952558091159 -0.021480880858622344 0.9996667960026214 0.6606304819416559
0.1522607784046428 0.9882681193422451 0.012011909128531808 85.97154142821093 -0.9882412046356919 0.15206157518191735 0.016063010778774985 -22.395756490887166 0.014048005272531444 -0.014316417401116454 0.9997996464134399 0.6979244728753978
0.11865503071300877 0.9928979277263226 0.008753403976941706 86.08797838312711 -0.9927759464779027 0.11847215963749466 0.019036782551951858 -23.34896510637408 0.01786443287635113 -0.01094895226311757 0.9997808096494966 0.7377187365378136
0.08607932142899229 0.9962510623361991 0.008737496601816299 86.18173752929677 -0.9960057643976995 0.0858424333788713 0.02459442095506288 -24.307455432215352 0.023752120661445997 -0.010819649225091236 0.9996602451921365 0.770357256481166
0.05656062379184279 0.9983964238975498 0.0027884283733232104 86.23857609584029 -0.9980133748102546 0.056460798824325475 0.02796996498410971 -25.270135867847955 0.02776761745660538 -0.004364932261316551 0.9996050773838319 0.8199958704071239
0.030863300155251374 0.9995237044551597 0.0008618469660887063 86.26875173050107 -0.999150747878648 0.030828141713978324 0.027347191444313423 -26.240890155456093 0.02730757169010913 -0.001705128592440945 0.9996267581307702 0.861815015298411
0.00837179607679182 0.9999660697216628 0.0007751878126304221 86.28342095440887 -0.9996961301505922 0.008351501794339343 0.023240358094272242 -27.222615850876377 0.023233025499517827 -0.0009695923184537242 0.999730162128869 0.9086415520792896
-0.010682434266382327 0.9999429777959661 0.0010473120438410028 86.27624736228886 -0.9997462114208328 -0.010701142911076107 0.019878525743700238 -28.206252381178928 0.019888617586566196 -0.0008346855642187606 0.9998024771774584 0.9476114313297935
-0.027219796522590576 0.9996301864688106 -0.0003520736904522473 86.2525795484825 -0.9993744317501932 -0.027204962956705384 0.022625108047953296 -29.18550295190772 0.022607105006785245 0.0009677070874541343 0.9997446594792959 1.00424133233408
-0.04207779541562049 0.999112669789806 -0.002354989103826208 86.20995014028448 -0.9987196361544947 -0.04199476380470656 0.028231205780274892 -30.167523131118987 0.028107210553237616 0.0035398209646507494 0.9995992592203271 1.0550428607936264
-0.05417245939899362 0.9985145624748766 -0.006110466002023088 86.15340895459991 -0.9980293044656319 -0.05394977756440911 0.03208376619874256 -31.15381709433134 0.03170640113680191 0.007836453088918493 0.9994676369634028 1.10535933002053
-0.0635711579712331 0.9979116187803659 -0.011534322222980183 86.08324093388887 -0.9973636840262107 -0.06312221528021472 0.03582085374840623 -32.14414263530188 0.035017942792622186 0.013781086157946721 0.9992921732514478 1.1630055577295773
-0.06953204660746076 0.9974745907816635 -0.014534199629072144 86.00638303099741 -0.9967903541584472 -0.06888967594830604 0.040807491373979404 -33.13450674456249 0.0397031024636206 0.017325002712591388 0.9990616225557668 1.216770865672417
-0.07334967727510246 0.9971811532085992 -0.015883915952976647 85.92964092008081 -0.996298425549081 -0.07255013126992395 0.046127020739924876 -34.12565607256845 0.044844517633226846 0.019208457255419975 0.9988099085450264 1.2768117382250719
-0.07625382751985763 0.9969312179755513 -0.017726537506566924 85.84768299395246 -0.9959208364450259 -0.07529228161728292 0.04973296707370104 -35.12453153496343 0.04824562612396499 0.02144653892237511 0.9986062091371407 1.3338104558136155
-0.07901218521574137 0.996716635625513 -0.017752379876667848 85.76613656882802 -0.9955322232963317 -0.07796962448630186 0.0532644427863685 -36.125470181895 0.051705298742422245 0.021881575034237676 0.9984228097020432 1.3977739185559284
-0.08144311666600977 0.9965113408322743 -0.01829350287834028 85.6815510819538 -0.9952065077103363 -0.08031187160147624 0.05581607892865728 -37.128425646967294 0.05415208575109784 0.022751646415403556 0.9982739882674858 1.4598847102876538
-0.08347083051107648 0.9963318948369981 -0.01890414377112111 85.59367482667126 -0.9948121705932499 -0.0822063896351984 0.05993138763361805 -38.13234322955565 0.05815744279899395 0.023808653961229324 0.9980245201462747 1.5257119095613043
-0.08566846692235462 0.9960951871012741 -0.021352917183319622 85.49462774624098 -0.9945424542492541 -0.08421445879895939 0.061600237879061305 -39.14195934384989 0.059561446746435605 0.026513553484142662 0.9978726257213141 1.6035880731524739
-0.08763324327770476 0.9959193805979987 -0.021602055537376413 85.39576378084894 -0.9944299521360083 -0.08618593817698926 0.060685163124870704 -40.16010001918088 0.05857560134637951 0.026799729856302267 0.997923681454694 1.685276615094009
-0.08996193248909926 0.9957373995072344 -0.02039997326222128 85.29765033833024 -0.9942940144174229 -0.08861472175585373 0.05939611155281185 -41.17943118556667 0.05733512404759602 0.025626985451323605 0.9980263542449529 1.7617820040332648
-0.09197671112402284 0.9955482003678505 -0.02065443734238046 85.19592965382363 -0.9940226331018426 -0.09057117901925629 0.06096022755061247 -42.198799772292396 0.05881809086341226 0.026137937758655975 0.9979264901432792 1.8328336535846965
-0.09437170391953734 0.9953540227110984 -0.01910747356792244 85.09423549563789 -0.9936816957569117 -0.09300685245383866 0.06283641186872158 -43.22149102528348 0.0607673186108138 0.02491669332223939 0.9978408563733759 1.9054949473560596
-0.09690831842308108 0.9951438142294725 -0.01732289454243742 84.98592618270344 -0.9932725061206915 -0.0955883669280567 0.06536909711710173 -44.25100051658931 0.0633957042142578 0.023541150679701275 0.9977106853511378 1.9817268854002144
-0.09933537773435769 0.9949473491750642 -0.014626397250889328 84.8749587335373 -0.9927997894169938 -0.09811076967803549 0.06872398218628883 -45.28430601165492 0.06694161214565215 0.021347726581067268 0.997528347412393 2.06053739332805
-0.10133573847573567 0.9947956960941727 -0.010692839274048103 84.7645417882666 -0.9922700658194812 -0.10029329886606635 0.07309301683244017 -46.31987130766368 0.07164019662306649 0.018017142809248626 0.997267737341802 2.139521222205997
-0.10367416036936607 0.9945796163282932 -0.007976586539805245 84.64957906177811 -0.9918219093034444 -0.10277964994974578 0.07567692282206197 -47.36124360039043 0.074446893933048 0.015757053501341725 0.997100810319112 2.22214148065095
-0.10614535976643574 0.994332877260947 -0.006126870942812232 84.53359027078007 -0.9916577052948816 -0.1054023795987145 0.07420565106668939 -48.406543536369504 0.07313927090030468 0.013952400212219758 0.9972247393651502 2.303550496382118
-0.10885953082517975 0.9940531901245238 -0.0029781316588609807 84.413325708714 -0.9916601316233029 -0.10838807235504187 0.06973977593545641 -49.4631541595271 0.06900226021560188 0.010545109984826249 0.9975606031802217 2.3962308582495946
-0.11135841106897451 0.9937768699493307 -0.0028203837663740468 84.28757899653252 -0.9914955127834983 -0.11091055708338546 0.06808346727894346 -50.51819599778154 0.06734697656798384 0.010378036863961325 0.9976759681523599 2.481230802484583
-0.11320324811384067 0.9935700802517512 -0.002361319423695963 84.15884838806986 -0.991268842783523 -0.11277816809084912 0.0683245443214918 -51.575229885276094 0.06761887167534524 0.010075232675663556 0.9976604162046897 2.564032773623057
-0.11462256795156689 0.9934040422412536 -0.003345720185085651 84.02699159956808 -0.9909230600164464 -0.11409677401234977 0.07109364659468864 -52.632227498917345 0.07024291719204122 0.011464241341598009 0.9974643419639165 2.6432077854437965
-0.11527715140018807 0.9933281378749065 -0.0035085306110559013 83.89368065936877 -0.9906491185476289 -0.11470542593631033 0.07387154958328984 -53.69181921530096 0.07297619255388978 0.011991414450461622 0.9972615773364983 2.7251888992322635
-0.11561378388313825 0.9932911840533017 -0.0025134881771748285 83.76018152458617 -0.9905149325891172 -0.11510128502692359 0.07505337017499786 -54.761296294116086 0.0742604860992334 0.011166856671379437 0.9971770689100619 2.812335996476825
-0.1151590741951165 0.993346921003665 0.0006186841467440686 83.63116575767893 -0.9906693416759201 -0.1148951696847852 0.07330191527314919 -55.83523510150208 0.0728853904277076 0.007828555292959496 0.9973102438799016 2.89896403518029
-0.1150482599008282 0.9933508216591869 0.004357004580792759 83.50310552841103 -0.9906734354605896 -0.11505836656705332 0.0729918365704228 -56.910863993427824 0.07300779774275806 0.004081171937811417 0.9973236264678816 2.9880340128392016
-0.11481026972948732 0.99335433746081 0.008180006897066269 83.37739571546373 -0.9906035963577686 -0.11510048362809855 0.07387090856034502 -57.98792502517953 0.07432146368086699 0.0003779828121643726 0.9972347533575859 3.074251850273999
-0.1148116365337995 0.9933120917489918 0.012297874798313251 83.24960336055605 -0.9905405746029963 -0.11541072105784102 0.07422788173290897 -59.07124967875231 0.07515071410602052 -0.0036592982935184353 0.9971663575916404 3.1645738805196344
-0.11496931956524928 0.9932434668765708 0.01585287018347563 83.12152307412133 -0.9905570415150837 -0.11582948259621942 0.0733495304617342 -60.16251615955554 0.07469007219647678 -0.007270246585814177 0.9971808021614686 3.2545301639130924
-0.11535403405735228 0.993205388051544 0.015405846513229349 82.98287292793778 -0.9908725966079875 -0.11614505818213319 0.06842460641616673 -61.26930586845647 0.06974906438195133 -0.0073721786684549356 0.9975380922394853 3.3432737420156853
-0.11588122117981442 0.9931981489943885 0.011424801613066377 82.84475618879915 -0.9913940532421941 -0.11636044551210671 0.05999214749396861 -62.37340961024565 0.060913421954813765 -0.004374504695202045 0.9981336666919212 3.418159491811036
-0.11616999001452108 0.9932121543983858 0.00593839252212772 82.7003015505898 -0.991779548511332 -0.11632154721847719 0.05331836283613326 -63.48445632973159 0.05364717962116132 0.0003044626394214469 0.9985605372329983 3.4805042419699586
-0.1159026800023162 0.9932574390169184 -0.002624173840071644 82.5504692546387 -0.9917199951853507 -0.1155751446749745 0.05599429825009668 -64.58685759958153 0.05531344997407696 0.009092331633134885 0.9984278246772906 3.534900483809244
-0.11511290007206437 0.9933196382304748 -0.008198045849883692 82.40224871215968 -0.9915030405702593 -0.11439179696681863 0.061935326367555776 -65.69150967633608 0.0605837884098347 0.015257951288455236 0.9980476970388829 3.5874703261668937
-0.11454582707809309 0.9933574999650542 -0.011000685618492224 82.2604186217274 -0.9912293885826415 -0.11355178962621523 0.06760206725954397 -66.80107072338714 0.06590389482867191 0.01864777981743134 0.9976526167043084 3.649339825120463
-0.11394245214884209 0.993419189819044 -0.011724278759815502 82.12215079098267 -0.9910460532190083 -0.11282720770514774 0.07139400262917382 -67.91517074011088 0.0696012785616624 0.019754070438298837 0.9973796598539898 3.719073152235633
-0.11369862520130043 0.9934744168710383 -0.009033180235319304 81.98909436963525 -0.9911186711041045 -0.11278897818277822 0.07044567892165192 -69.04097863741548 0.06896712281584384 0.01696256117437923 0.9974756033840787 3.7912683686041624
-0.11318528732890447 0.9935466092982193 -0.0074861544699134155 81.85552267307087 -0.9915029006739384 -0.11245989136992193 0.06538206119902808 -70.17445091138607 0.06411809860066119 0.014822821797703506 0.9978331786988264 3.868027702810679
-0.11280866224498796 0.9935976279066625 -0.00627304239150211 81.72302227728153 -0.9917235611629902 -0.11220140301085495 0.06241965186892285 -71.31199533966911 0.06131608307339724 0.013262539689957966 0.998031065255843 3.9370258732942687
-0.11257117357793123 0.993632206589986 -0.004828539172575228 81.59157315446363 -0.9916885518453676 -0.11204407326232896 0.06324497288517242 -72.44510183944985 0.062301206973159495 0.011907983676609502 0.9979872468402603 4.00489525040674
-0.11240934443635935 0.9936528585859539 -0.004578963402412449 81.45639624549209 -0.9914175084108126 -0.11184488632651987 0.06770175101893966 -73.582191706451 0.06675984746485845 0.012150002043518734 0.9976962307628792 4.073918738509948
-0.11176170505271242 0.9937258367075524 -0.004527952038591921 81.32060164543108 -0.9912179455351632 -0.11115336530053155 0.07164530182104847 -74.72172178603228 0.07069244822254919 0.012495357739614242 0.9974210703532439 4.147741725342059
-0.11134932871113332 0.9937708792119802 -0.004728752169690952 81.18478426233567 -0.9913350133621458 -0.1107398432343611 0.07065361593601477 -75.87335997737232 0.06968976160116908 0.012555041240186538 0.9974901719454945 4.225415324463918
-0.11076128496599748 0.993824948847197 -0.006811426638948286 81.04630992353688 -0.9919446105110533 -0.11012229294017453 0.06261258370564379 -77.03664391621965 0.061475795880909546 0.013691585582681558 0.9980155779061719 4.304477047289239
-0.11089456091203122 0.9938106514765817 -0.006699998992667067 80.9105463341203 -0.9919809630422428 -0.11027477746202217 0.06175188402594019 -78.19527620371608 0.06063073016794887 0.013494279397735755 0.9980693383740534 4.378535193015901
-0.11064507576591208 0.993851809672077 -0.0041899055117869104 80.77877866399109 -0.9917957794662217 -0.11014253643899286 0.06488793227972481 -79.353412148536 0.06402748167065136 0.011335058407212687 0.997884612204905 4.447453590181851
-0.11036342851293748 0.9938861654819791 -0.0033359443611421214 80.64482498374944 -0.9916102166838456 -0.10988205143990135 0.06808012333579075 -80.51516129522193 0.06729732927325952 0.010821416658836167 0.9976754799528389 4.5184923230513805
-0.1101685568894529 0.9939105359210971 -0.0025370607639093263 80.51034933021104 -0.9916595141663717 -0.10974709950496829 0.06758474916532606 -81.69080665268928 0.06689473373736113 0.00996171813512548 0.9977106563944212 4.597445644796991
-0.10959853272434694 0.9939744097178821 -0.002123174915380613 80.37783512970506 -0.9919332197924684 -0.10923621372663955 0.06431380160737316 -82.85263566989842 0.06369431818898762 0.009154845369474356 0.9979287464509865 4.677063528200377
-0.10862008859168547 0.9940791517955224 -0.0031905050476742996 80.24290660159599 -0.9921283843780112 -0.10820476189635368 0.06303167808056778 -84.01645594896017 0.062313238349506236 0.01001186375374806 0.998006850488039 4.754320611328628
-0.10723755815781086 0.9942230976718684 -0.004733779446401269 80.10721520110198 -0.9922734943822216 -0.10672642373701609 0.06326349576742803 -85.18747624102738 0.06239275092672812 0.011481419205176547 0.997985981894827 4.828078391228401
-0.10622431052180906 0.9943142805293025 -0.007518980559212454 79.96897752500456 -0.9923717485344975 -0.10553528574709742 0.06372201971158736 -86.36310578780416 0.06256623569453279 0.014230475584446354 0.9979405962689064 4.889922680748867
-0.10500279999568135 0.9944455985042969 -0.00733849269559397 79.83430114449749 -0.9925267471838084 -0.10433325982438608 0.0632863648382283 -87.55172222115024 0.06216923257697872 0.013928880073185823 0.9979690598200673 4.958623605271079
-0.10368821049121299 0.9945735085748484 -0.008652229864214002 79.69948385145436 -0.9926216125009255 -0.10292729288549694 0.06410067720022729 -88.74015036776561 0.06286224987183238 0.0152348750257662 0.99790650337671 5.022910722537088
-0.10259239028485227 0.994681689461876 -0.009213325592883962 79.5644542866133 -0.9928922587557818 -0.10183793086846081 0.06159489328105087 -89.95039833491964 0.060329055998245174 0.015466973893840379 0.9980593211533131 5.0980267956878675
-0.10145082618814445 0.9948094324473433 -0.00801105039747117 79.43341830037078 -0.9930359263091789 -0.10077849572589365 0.061014921983349055 -91.16527964383079 0.05989080040228807 0.014145329894559293 0.9981053219140382 5.1732216775313145
-0.10017899351279556 0.9949283592900968 -0.009184216556353703 79.30140922863872 -0.9931968809583571 -0.09944530339284201 0.06058408750619822 -92.38024316781983 0.059363461291030206 0.015190930718993368 0.9981213969056376 5.2482728398061775
-0.09847362023605306 0.9951107148602047 -0.007657817107842815 79.17274545316732 -0.9933218479204531 -0.09782612107583807 0.061162919899225864 -93.60247348793933 0.06011476605618399 0.013629615716187546 0.9980988413118911 5.3250860504391735
-0.09695092283584517 0.9952589677078866 -0.00785328012519302 79.04433761681203 -0.9932874904749923 -0.09625286462297294 0.06414345030252017 -94.82531509978458 0.06308339391344732 0.01401939545571798 0.9979108874588181 5.401197369343585
-0.09564547585579232 0.9953966906500233 -0.006178559418050365 78.92040196423487 -0.9934157810787322 -0.09505846101908402 0.06394042007448036 -96.0555910919095 0.06305877673635601 0.012253481416606798 0.9979349368748763 5.478179454966573
-0.09487608032814472 0.9954868765263756 -0.0023228254399603044 78.81383186243896 -0.9936304905565188 -0.0945562487625552 0.061299021029671 -97.28816340010444 0.060802681994419044 0.008123775791104803 0.9981176290906999 5.553783743166475
-0.09452631925803692 0.9955230364524595 0.0002026332236451532 78.70361139449776 -0.9935793414138069 -0.09435457243368875 0.062434974408350344 -98.52210812871984 0.062174446233444716 0.0057003836327788986 0.9980500916917255 5.628609317274546
-0.09460454154416788 0.9955123709037638 0.0028176527352537354 78.5932397537404 -0.9935483527436912 -0.09459508345022154 0.06255694651935975 -99.76412686720968 0.06254268512700015 0.003118693458142726 0.9980377249943894 5.705886378126649
-0.09544450195131025 0.9954203438421179 0.0054714629966440215 78.47929454758118 -0.9936396751902855 -0.09560099879853856 0.05950298034138237 -101.01099983888616 0.059753446686565244 0.00024249164181927287 0.9982139007498488 5.784191433022924
-0.09654690767729421 0.9953006745385636 0.007586677325933526 78.36529616665875 -0.993608956560658 -0.09682526928811588 0.058026269723396064 -102.26182115693464 0.0584881161659244 -0.0019359964120247946 0.99828737696541 5.861902376173152
-0.09774193544177495 0.9951699007431793 0.009289208112315723 78.24608359631631 -0.993518678170011 -0.09811573537242407 0.057403701183154576 -103.51059593261529 0.05803771667937463 -0.0036182458239834114 0.9983088708141992 5.937052039552626
-0.09941084152624531 0.995000469287237 0.009692326105678637 78.12325353925391 -0.9933568356328545 -0.09980473102399434 0.05728369942805295 -104.76138843404513 0.057964650663953815 -0.003933296621016126 0.9983121725502396 6.014446525816113
-0.10167597322202482 0.9947739613102643 0.009403115115490386 77.99484050804784 -0.9932054149367663 -0.10204476628514905 0.0559434159367513 -106.0112364574091 0.05661057627487523 -0.0036511316011921726 0.9983907395071739 6.08990516373583
-0.10449488181344943 0.9944469088125775 0.012600513610852002 77.86827927377647 -0.9931628415638731 -0.10500561483888754 0.05100527718687558 -107.26325626408764 0.052045167881179966 -0.007184592605881108 0.9986194966523368 6.165468877286895
-0.10853848640210173 0.9940065381395786 0.013175920534569367 77.73420188412756 -0.9927469382170552 -0.10907096907079424 0.05055738563791107 -108.50612543781835 0.05169140999175456 -0.007592963583087591 0.9986354554728959 6.237025712499022
-0.11373209346828292 0.9933149127498184 0.01980154944271764 77.60320288075845 -0.9918608001556228 -0.11466933850778463 0.05534014834162401 -109.73486728605853 0.05724071500718998 -0.013346448007477236 0.9982724319760675 6.308463521660132
-0.12087755012692754 0.9924720160880554 0.01972741181542843 77.45712411141035 -0.9906923476641522 -0.12186667730433745 0.06064484148889574 -110.9737149821626 0.06259242988674818 -0.012213180999179124 0.997965227431265 6.383469896548051
-0.13003731129485613 0.991353463475875 0.017646358506008285 77.29663891475599 -0.9897231210601879 -0.13085058446438355 0.057681461816349554 -112.19902831977056 0.059491632674470024 -0.009964253778356684 0.9981798957592396 6.465005172313281
-0.14106634788754352 0.989831398094638 0.018357160378141894 77.12373589532255 -0.9885117102049582 -0.14184642371814077 0.05218725165537576 -113.43056292710726 0.054260409662999325 -0.010784419862552129 0.9984697716056842 6.544597396574476
