1.0 0.0 1.615587663650331e-27 1.1479454588969588e-41 9.31323e-10 1.0 -7.27596e-12 -5.169886740929997e-26 -2.051796599289446e-25 -7.27596e-12 1.0 -2.32831e-10
0.999985 0.00542451 0.0011916899999999992 -0.012265499999999789 -0.00542202 0.999983 -0.0020805799999999994 -0.953869 -0.001202949999999999 0.0020740899999999994 0.999997 -0.0022650899999997883
0.999983 0.00578235 -0.0007483120000000007 -0.022904299999999576 -0.00578448 0.999979 -0.002877 -1.90345 0.0007316620000000007 0.00288128 0.999996 -0.004220369999999578
0.999993 0.0024857399999999993 -0.0029382299999999996 -0.02573409999999936 -0.0024972399999999995 0.999989 -0.003918530000000001 -2.86724 0.0029284599999999995 0.003925840000000001 0.999988 -0.003797249999999363
0.999971 -0.003675300000000001 -0.006699879999999998 -0.030768799999999152 0.0036553200000000014 0.999989 -0.002991940000000001 -3.81254 0.0067108099999999985 0.0029673700000000013 0.999973 -0.008034429999999154
0.999946 -0.004154220000000002 -0.009487969999999998 -0.03482669999999895 0.004141150000000001 0.99999 -0.0013973300000000022 -4.75348 0.009493679999999997 0.0013579600000000022 0.999954 -0.012644599999998946
0.999924 -0.001747730000000003 -0.0121694 -0.03808699999999873 0.0017319000000000026 0.999998 -0.0013108800000000028 -5.70366 0.0121717 0.0012897000000000026 0.999925 -0.012591999999998734
0.999932 0.0016953699999999975 -0.0115421 -0.03973859999999853 -0.0016905899999999975 0.999999 0.0004242509999999974 -6.62861 0.0115428 -0.00040470899999999746 0.999933 -0.012582199999998529
0.999927 0.002344279999999997 -0.0118504 -0.04525669999999832 -0.0023285399999999974 0.999996 0.0013414999999999974 -7.56464 0.0118535 -0.0013138099999999975 0.999929 -0.01130979999999832
0.999933 0.0008618239999999974 -0.0115347 -0.04730139999999811 -0.0008417149999999975 0.999998 0.0017481399999999974 -8.50461 0.0115362 -0.0017383199999999974 0.999932 -0.005860509999998112
0.999929 -0.0018323800000000026 -0.0117917 -0.0509476999999979 0.0018694700000000026 0.999993 0.0031350899999999975 -9.42722 0.0117859 -0.0031569099999999976 0.999926 -0.004356089999997907
0.999929 -0.0036537800000000027 -0.011353300000000002 -0.0536811999999977 0.0036987000000000027 0.999986 0.003938289999999997 -10.3379 0.011338800000000001 -0.003979999999999997 0.999928 0.0013782400000022955
0.999917 -0.004220320000000002 -0.0121622 -0.0608533999999975 0.004268590000000003 0.999983 0.0039456599999999975 -11.2702 0.0121453 -0.003997249999999997 0.999918 0.014970300000002504
0.999914 -0.004511230000000002 -0.0122941 -0.0606025999999973 0.004579100000000003 0.999974 0.005498449999999998 -12.1709 0.012269 -0.005554279999999997 0.999909 0.014076300000002703
0.999914 -0.003198890000000003 -0.012698700000000002 -0.0614293999999971 0.0032709900000000027 0.999979 0.005661209999999997 -13.0745 0.012680300000000002 -0.005702259999999997 0.999903 0.029795600000002902
0.999909 -0.000999432000000003 -0.013451900000000001 -0.0633818999999969 0.001095910000000003 0.999974 0.007166449999999998 -13.9893 0.013444400000000002 -0.007180539999999997 0.999884 0.03292350000000311
0.999899 9.036249999999684e-05 -0.014203900000000002 -0.0629995999999967 3.9061500000003136e-05 0.999959 0.009111359999999997 -14.8799 0.014204100000000002 -0.009110999999999996 0.999858 0.0444447000000033
0.999909 0.001282529999999997 -0.013458000000000001 -0.0672547999999965 -0.0011392399999999969 0.999943 0.010649599999999997 -15.7664 0.013470900000000001 -0.010633299999999997 0.999853 0.057572600000003506
0.999923 0.0020584299999999974 -0.012223700000000004 -0.07238519999999629 -0.0019120799999999974 0.999927 0.011971899999999997 -16.6638 0.012247500000000003 -0.011947599999999996 0.999854 0.0653636000000037
0.999938 0.0022224799999999976 -0.010948500000000003 -0.0758344999999961 -0.0020711799999999976 0.999902 0.013810999999999999 -17.5474 0.010978100000000003 -0.013787499999999998 0.999845 0.0862735000000039
0.999939 0.0011509899999999976 -0.010973300000000004 -0.0803067999999959 -0.0009836209999999977 0.999883 0.015245599999999998 -18.4247 0.010989600000000004 -0.015233899999999998 0.999824 0.0996849000000041
0.999934 9.744239999999746e-05 -0.011478200000000003 -0.08572309999999571 9.081890000000257e-05 0.999866 0.016399999999999998 -19.3359 0.011478300000000004 -0.016399999999999998 0.9998 0.11997700000000429
0.999944 -0.0004331590000000023 -0.010547200000000003 -0.08995199999999552 0.0006253320000000023 0.999834 0.018223699999999995 -20.1975 0.010537600000000003 -0.018229299999999997 0.999778 0.1440870000000045
0.999931 -0.0005936160000000026 -0.011733900000000004 -0.09565849999999532 0.0008225010000000026 0.999809 0.019511299999999995 -21.0679 0.011720000000000003 -0.019519599999999998 0.999741 0.1616320000000047
0.999932 -4.565250000000256e-05 -0.011684700000000004 -0.09866339999999513 0.00029324600000000265 0.999775 0.021188799999999997 -21.9375 0.011681100000000005 -0.021190799999999996 0.999707 0.17662000000000488
0.999927 -0.0003422550000000027 -0.012097600000000005 -0.10194499999999494 0.0006112310000000028 0.999753 0.022236899999999997 -22.7616 0.012087000000000006 -0.022242699999999997 0.99968 0.19924300000000505
0.999924 -0.0021029200000000025 -0.012187200000000006 -0.10192899999999476 0.0023892000000000028 0.99972 0.023522899999999996 -23.6511 0.012134300000000006 -0.023550199999999997 0.999649 0.21976800000000524
0.999897 -0.0049020300000000025 -0.013462700000000003 -0.10337699999999456 0.005226160000000002 0.999695 0.024147499999999995 -24.4739 0.013340200000000003 -0.024215399999999998 0.999618 0.24606200000000544
0.999884 -0.006744850000000004 -0.013661500000000004 -0.10584599999999438 0.007080400000000002 0.999671 0.024663999999999995 -25.3044 0.013490600000000004 -0.024757799999999996 0.999603 0.2726170000000056
0.999912 -0.005311740000000002 -0.012194100000000003 -0.1095399999999942 0.005614530000000003 0.999673 0.024932399999999997 -26.1445 0.012057700000000003 -0.024998699999999995 0.999615 0.2898150000000058
0.999939 -0.0028979000000000023 -0.010673300000000005 -0.11062899999999402 0.0031740100000000023 0.999658 0.025944299999999997 -26.961 0.010594500000000005 -0.025976599999999996 0.999606 0.317203000000006
0.999938 -0.0014490300000000024 -0.011057500000000005 -0.11183399999999384 0.0017461800000000023 0.999636 0.026910999999999997 -27.771 0.011014500000000005 -0.026928699999999996 0.999577 0.3409320000000062
0.999956 -0.000900616000000002 -0.009368430000000006 -0.11194799999999366 0.001156290000000002 0.999626 0.027321999999999996 -28.5701 0.009340320000000004 -0.027331599999999998 0.999583 0.3640600000000063
0.999941 -0.0007320520000000022 -0.010810900000000007 -0.11935799999999348 0.0010452900000000023 0.999579 0.028996999999999995 -29.353 0.010785100000000008 -0.029006599999999997 0.999521 0.4015950000000065
0.999956 0.00016447799999999801 -0.009414230000000008 -0.12355499999999331 0.0001251860000000022 0.999527 0.030759899999999996 -30.1297 0.009414840000000008 -0.030759699999999997 0.999483 0.42143000000000674
0.999953 0.00034148999999999795 -0.009711100000000007 -0.12824399999999314 -2.5976399999997734e-05 0.999473 0.0324715 -30.8985 0.009717070000000006 -0.0324697 0.999426 0.44603000000000687
0.999951 -0.0007963030000000021 -0.009862160000000007 -0.128537999999993 0.0011399500000000024 0.999391 0.0348883 -31.6619 0.009828370000000006 -0.0348978 0.999343 0.49396300000000704
0.999934 -0.0030577500000000027 -0.011074400000000009 -0.1303779999999928 0.0034639500000000025 0.999315 0.0368472 -32.401 0.01095420000000001 -0.0368831 0.99926 0.5165500000000072
0.99994 -0.004515550000000003 -0.010032900000000008 -0.13467299999999263 0.004896220000000002 0.999256 0.0382481 -33.1546 0.009852710000000008 -0.0382949 0.999218 0.5578870000000073
0.99995 -0.004835540000000002 -0.008781990000000007 -0.13973799999999248 0.005190840000000002 0.99915 0.0408953 -33.8812 0.008576780000000008 -0.0409388 0.999125 0.5935670000000075
0.99997 -0.004386660000000001 -0.006415870000000008 -0.1397849999999923 0.004650140000000001 0.999122 0.0416449 -34.5826 0.006227560000000009 -0.0416734 0.999112 0.6302040000000076
0.999984 -0.0035061500000000004 -0.004372110000000009 -0.13928899999999217 0.0036963500000000015 0.999012 0.0442824 -35.2864 0.004212530000000009 -0.0442979 0.99901 0.6757220000000079
0.999982 -0.004377570000000001 -0.00419303000000001 -0.137616999999992 0.004565450000000001 0.998936 0.0458997 -36.0111 0.003987640000000009 -0.045918 0.998937 0.7108720000000079
0.999975 -0.006300340000000001 -0.003355630000000009 -0.13774899999999185 0.006449790000000001 0.998895 0.0465636 -36.6967 0.0030585500000000093 -0.0465841 0.99891 0.7463780000000081
0.999976 -0.00687254 -0.0003281420000000089 -0.1383129999999917 0.00688037 0.998877 0.046887 -37.3641 5.540440000008883e-06 -0.0468881 0.9989 0.7856690000000083
0.999982 -0.005240189999999999 0.0030443499999999912 -0.14341199999999157 0.005095569999999999 0.998942 0.0457111 -38.0225 -0.0032806599999999912 -0.0456948 0.99895 0.8202180000000084
0.999982 -0.0018213199999999985 0.005649909999999991 -0.1439589999999914 0.001570869999999999 0.99903 0.0440193 -38.6944 -0.00572459999999999 -0.0440096 0.999015 0.8601830000000086
0.999983 -3.0760699999998535e-05 0.005745979999999991 -0.14202899999999127 -0.0002087190000000011 0.999131 0.0416725 -39.3102 -0.00574226999999999 -0.041673 0.999115 0.8898190000000088
0.999978 -0.0006467569999999983 0.006577459999999992 -0.14301499999999112 0.0003927479999999987 0.999257 0.0385464 -39.9522 -0.006597499999999991 -0.038543 0.999235 0.9234710000000089
0.999933 -0.003278559999999997 0.011109199999999993 -0.14720599999999098 0.0028881799999999976 0.999384 0.0349765 -40.5982 -0.011217099999999994 -0.0349421 0.999326 0.951363000000009
0.999855 -0.006937599999999997 0.015528799999999995 -0.14579099999999084 0.006443639999999996 0.999479 0.0316357 -41.2091 -0.015740199999999992 -0.031531100000000006 0.999379 0.9799750000000091
0.999759 -0.008186369999999995 0.020353499999999997 -0.15001799999999074 0.007633799999999995 0.999604 0.027079900000000004 -41.8059 -0.020567099999999994 -0.026918000000000004 0.999426 1.0031700000000092
0.999651 -0.008489119999999994 0.0250245 -0.1484829999999906 0.007935939999999995 0.999724 0.022122300000000008 -42.4018 -0.0252054 -0.02191600000000001 0.999442 1.0305500000000094
0.999542 -0.010215599999999993 0.0284759 -0.14480399999999044 0.009757529999999993 0.999821 0.016178700000000008 -42.9474 -0.0286361 -0.01589350000000001 0.999464 1.0420400000000096
0.999372 -0.011695099999999993 0.0334621 -0.14519399999999033 0.011376699999999993 0.999888 0.009688750000000006 -43.507 -0.0335717 -0.009301970000000007 0.999393 1.0584700000000098
0.999239 -0.011453499999999991 0.0372943 -0.14498599999999023 0.011368799999999991 0.999932 0.002483160000000008 -44.0412 -0.0373202 -0.002057280000000008 0.999301 1.0735900000000098
0.999116 -0.011459299999999992 0.0404591 -0.14672699999999012 0.01165839999999999 0.999921 -0.004688229999999991 -44.5421 -0.0404022 0.00515576999999999 0.99917 1.07572000000001
0.998938 -0.010962899999999989 0.0447524 -0.14489099999999 0.01150749999999999 0.999863 -0.01192849999999999 -45.033 -0.0446155 0.01243079999999999 0.998927 1.07681000000001
0.998732 -0.00827164999999999 0.049657200000000006 -0.1431759999999899 0.009264609999999989 0.999761 -0.01979959999999999 -45.5033 -0.049481500000000005 0.020234599999999988 0.99857 1.0746900000000101
0.998677 -0.0051490199999999885 0.05116130000000001 -0.14612199999998982 0.006588689999999989 0.999586 -0.02801109999999999 -45.9279 -0.050995900000000004 0.02831119999999999 0.998298 1.0629700000000102
0.998613 -0.004738589999999989 0.05244080000000001 -0.14419099999998972 0.006645939999999988 0.999321 -0.036256999999999984 -46.3505 -0.05223330000000001 0.036555299999999985 0.997966 1.0469000000000102
0.998673 -0.006050609999999988 0.051135700000000006 -0.14706299999998962 0.008317849999999988 0.998986 -0.044242099999999986 -46.7434 -0.05081610000000001 0.04460879999999998 0.997711 1.0344300000000104
0.998554 -0.006841549999999989 0.053321700000000014 -0.14716499999998953 0.009611629999999987 0.998608 -0.05186819999999999 -47.1296 -0.05289260000000001 0.05230569999999998 0.99723 1.0123600000000104
0.998396 -0.007030829999999988 0.05617970000000001 -0.14826199999998946 0.010445799999999988 0.9981 -0.06072549999999999 -47.48 -0.055646000000000015 0.061214999999999985 0.996572 0.9889170000000106
0.998114 -0.006497969999999986 0.06104800000000001 -0.1497839999999894 0.010742399999999985 0.997527 -0.06945659999999998 -47.8054 -0.060445800000000015 0.06998139999999999 0.995715 0.9702940000000106
0.997856 -0.006588169999999985 0.06511030000000001 -0.14970799999998932 0.011695399999999984 0.996856 -0.07837269999999999 -48.1073 -0.06438920000000001 0.07896619999999999 0.994796 0.9517800000000106
0.997879 -0.006969829999999985 0.06473110000000001 -0.15390699999998925 0.012669699999999989 0.996034 -0.08806589999999999 -48.392 -0.06386060000000002 0.08869909999999999 0.994009 0.9151300000000108
0.99797 -0.005172219999999985 0.06347460000000003 -0.1566349999999892 0.011436099999999987 0.99505 -0.09872069999999998 -48.6571 -0.06264970000000003 0.09924619999999999 0.993089 0.8850510000000108
0.998082 -0.0009594449999999852 0.06189840000000003 -0.15903299999998916 0.007798359999999988 0.993863 -0.11033999999999998 -48.9192 -0.06141270000000003 0.11061099999999999 0.991965 0.8503850000000108
0.99805 0.0030174500000000153 0.06235380000000003 -0.16227799999998907 0.0047222799999999876 0.99232 -0.12360699999999998 -49.1935 -0.06224790000000003 0.12365999999999999 0.99037 0.8042830000000109
0.997939 0.005481040000000016 0.06394000000000002 -0.16338399999998904 0.0034708599999999875 0.990278 -0.139059 -49.4371 -0.06408060000000003 0.13899499999999998 0.988218 0.763698000000011
0.997816 0.007085400000000017 0.06568020000000002 -0.16685999999998896 0.0032353299999999872 0.987797 -0.155712 -49.699 -0.06598200000000003 0.15558499999999997 0.985616 0.712631000000011
0.997784 0.008187710000000018 0.06603410000000004 -0.16895599999998892 0.0033419699999999884 0.984982 -0.172628 -49.9346 -0.06645580000000004 0.17246599999999998 0.982771 0.6641820000000112
0.997822 0.009443920000000017 0.06528980000000004 -0.17330099999998885 0.0031841299999999886 0.981652 -0.190655 -50.188 -0.06589240000000005 0.19044799999999998 0.979483 0.5942050000000111
0.997899 0.009829760000000019 0.06404620000000004 -0.17719099999998877 0.00382375999999999 0.97777 -0.209645 -50.4432 -0.06468320000000004 0.20944899999999997 0.975678 0.5243550000000112
0.997872 0.01107310000000002 0.06426100000000005 -0.18034599999998877 0.004013229999999991 0.97318 -0.230012 -50.6743 -0.06508440000000006 0.22977999999999998 0.971064 0.46131300000001124
0.997741 0.01321000000000002 0.06587080000000005 -0.1830669999999887 0.0037560199999999914 0.9679760000000001 -0.251014 -50.9119 -0.06707730000000006 0.250695 0.96574 0.3771290000000113
0.997641 0.015412500000000023 0.06690240000000006 -0.18822399999998865 0.003515299999999993 0.96173 -0.273976 -51.1543 -0.06856470000000006 0.273565 0.959407 0.28578800000001137
0.997549 0.016696400000000024 0.06794420000000007 -0.1951059999999886 0.004334819999999994 0.954494 -0.298198 -51.3894 -0.06983120000000007 0.297761 0.952083 0.2001990000000114
0.997347 0.017777100000000025 0.07059020000000008 -0.20072999999998853 0.006063659999999996 0.946064 -0.323923 -51.6327 -0.07254130000000007 0.32349199999999995 0.943446 0.10107400000001146
0.997164 0.018798500000000027 0.07287050000000009 -0.21007799999998847 0.008008279999999996 0.936295 -0.351123 -51.8788 -0.07482890000000009 0.35071099999999994 0.93349 -0.01966199999998848
0.99708 0.020483800000000035 0.07356670000000008 -0.21671899999998842 0.00898711 0.925184 -0.379414 -52.1107 -0.07583450000000008 0.37896699999999994 0.922298 -0.12351799999998843
0.997209 0.022443100000000035 0.0712026000000001 -0.22710199999998837 0.008690500000000002 0.912363 -0.40929 -52.3431 -0.0741483000000001 0.40876699999999994 0.909622 -0.2625689999999884
0.997413 0.025331700000000037 0.0672702000000001 -0.23707999999998833 0.007016860000000006 0.897065 -0.441843 -52.5756 -0.0715384000000001 0.44117199999999995 0.894567 -0.4123859999999883
0.997491 0.02949520000000004 0.06435940000000011 -0.24771199999998827 0.00468883000000001 0.87956 -0.475764 -52.7822 -0.07064070000000011 0.47487199999999996 0.877215 -0.5701229999999883
0.997338 0.03480810000000004 0.0640723000000001 -0.2564549999999882 0.002775330000000014 0.859946 -0.510377 -53.0226 -0.07286400000000011 0.509196 0.857561 -0.7356939999999882
0.997192 0.03926320000000005 0.06377510000000011 -0.26478499999998817 0.0018680400000000187 0.838252 -0.54528 -53.2372 -0.07486910000000012 0.543868 0.835824 -0.9066969999999882
0.996949 0.04326200000000006 0.06496710000000011 -0.2777809999999881 0.002543500000000023 0.813894 -0.581008 -53.4676 -0.07801190000000012 0.5794009999999999 0.811301 -1.1078799999999882
0.996617 0.046329700000000064 0.06788260000000013 -0.29309699999998806 0.005453890000000029 0.786864 -0.617103 -53.7083 -0.08200450000000013 0.6153849999999998 0.783949 -1.335649999999988
0.996221 0.04968560000000007 0.07124230000000012 -0.304043999999988 0.008957190000000033 0.757084 -0.653257 -53.9315 -0.08639380000000015 0.6514259999999998 0.753777 -1.548999999999988
0.99605 0.05247100000000007 0.07163100000000014 -0.32285699999998796 0.01141990000000004 0.724317 -0.6893729999999999 -54.1576 -0.08805570000000015 0.687468 0.720857 -1.815699999999988
0.996214 0.05382960000000008 0.06826480000000015 -0.3449389999999879 0.01257290000000005 0.6877720000000002 -0.7258179999999999 -54.402 -0.08602110000000017 0.723928 0.684491 -2.117979999999988
0.996302 0.05534840000000009 0.06571340000000016 -0.3661459999999879 0.014176800000000059 0.6484600000000001 -0.761116 -54.6005 -0.08473910000000016 0.759234 0.645278 -2.406709999999988
0.996285 0.0577933000000001 0.06384830000000016 -0.38426899999998787 0.015802300000000064 0.60612 -0.795216 -54.8225 -0.08465790000000017 0.793271 0.602955 -2.752909999999988
0.996296 0.060949000000000114 0.06065250000000017 -0.4089529999999878 0.016145100000000075 0.560234 -0.828177 -55.0096 -0.08445610000000019 0.826089 0.557175 -3.0995199999999876
0.996374 0.06299120000000012 0.057186800000000176 -0.4361479999999877 0.016906600000000088 0.512169 -0.858719 -55.1983 -0.08338100000000019 0.856572 0.509247 -3.4871599999999874
0.996469 0.06312800000000014 0.05536390000000018 -0.46393899999998767 0.0198603000000001 0.46345100000000006 -0.8859 -55.3882 -0.0815835000000002 0.883871 0.46056 -3.9003199999999874
0.996563 0.061995600000000144 0.05493830000000019 -0.4919469999999877 0.024403600000000115 0.414059 -0.909923 -55.5318 -0.07915890000000021 0.908136 0.411123 -4.312589999999988
0.996419 0.06239810000000015 0.057061700000000194 -0.5115469999999877 0.030520300000000125 0.363938 -0.930923 -55.6846 -0.07885470000000021 0.929331 0.360731 -4.746409999999988
0.996264 0.06582590000000017 0.055895300000000196 -0.5311729999999876 0.03244250000000013 0.314553 -0.948685 -55.8215 -0.08003010000000023 0.9469549999999999 0.311242 -5.2342599999999875
0.996748 0.06668210000000017 0.0452519000000002 -0.5720919999999876 0.025870900000000144 0.267032 -0.96334 -55.9061 -0.0763213000000002 0.9613779999999998 0.264438 -5.696999999999988
0.997357 0.06539160000000016 0.031675300000000205 -0.6033169999999876 0.016423100000000156 0.221779 -0.9749589999999999 -55.9747 -0.07077900000000022 0.972902 0.220119 -6.198439999999987
0.997591 0.06583040000000018 0.021861000000000203 -0.6426939999999876 0.009779880000000166 0.178526 -0.983887 -56.0379 -0.06867240000000022 0.981731 0.177452 -6.727319999999987
0.997432 0.06929160000000019 0.018108200000000206 -0.6586569999999876 0.008243950000000175 0.140078 -0.990106 -56.085 -0.07114260000000022 0.987713 0.139147 -7.235319999999987
0.99745 0.0706278000000002 0.010239100000000204 -0.7003079999999876 0.0026511900000001816 0.10670200000000002 -0.994288 -56.1147 -0.07131690000000022 0.991779 0.106243 -7.766359999999987
0.997544 0.07002350000000021 0.0016387300000002057 -0.7421869999999876 -0.003753169999999811 0.07680040000000002 -0.99704 -56.1341 -0.06994200000000023 0.994585 0.0768746 -8.333609999999988
0.997634 0.06861390000000021 -0.0043654399999997935 -0.7740789999999875 -0.007914789999999805 0.051542900000000016 -0.99864 -56.1418 -0.06829550000000022 0.996311 0.051964 -8.883799999999988
0.997653 0.0676899000000002 -0.010283999999999793 -0.8081479999999875 -0.0124242999999998 0.03127380000000001 -0.999434 -56.1477 -0.06733000000000022 0.997216 0.0320414 -9.456639999999988
0.997555 0.06875480000000023 -0.012498999999999793 -0.8435959999999876 -0.013550599999999796 0.01484870000000001 -0.999798 -56.1463 -0.06855530000000022 0.997523 0.015744 -10.057799999999988
0.997535 0.06883530000000022 -0.013627099999999793 -0.8793399999999876 -0.013763699999999794 0.0015108800000000117 -0.999904 -56.1337 -0.06880810000000022 0.997627 0.0024545800000000005 -10.634799999999988
0.997471 0.06963470000000022 -0.014206599999999793 -0.9118479999999876 -0.013529399999999792 -0.010187499999999988 -0.999857 -56.1257 -0.06976950000000022 0.997521 -0.00921958 -11.245499999999987
0.997215 0.07214220000000023 -0.018942999999999797 -0.9543069999999876 -0.01755719999999979 -0.01979559999999999 -0.99965 -56.1023 -0.07249190000000022 0.997198 -0.0184739 -11.842799999999988
0.997019 0.07352710000000022 -0.023404799999999795 -0.9985489999999876 -0.02147429999999979 -0.026938099999999986 -0.999407 -56.083 -0.07411390000000022 0.996929 -0.0252788 -12.485499999999988
0.997052 0.07300470000000024 -0.023626399999999794 -1.0355799999999875 -0.021375999999999788 -0.031454699999999995 -0.999277 -56.0562 -0.07369510000000022 0.996835 -0.0298014 -13.109399999999988
0.997299 0.07029190000000024 -0.02131689999999979 -1.0786399999999876 -0.01887529999999979 -0.035219099999999996 -0.999202 -56.0402 -0.07098650000000022 0.996905 -0.0337972 -13.778399999999987
0.997773 0.06378170000000023 -0.01951119999999979 -1.1145699999999876 -0.017169999999999786 -0.037051299999999995 -0.999166 -56.0206 -0.06445140000000023 0.997276 -0.0358737 -14.440099999999987
0.998128 0.05772980000000022 -0.020176399999999792 -1.1566099999999875 -0.017980999999999785 -0.03829829999999999 -0.999105 -56.00010000000001 -0.058450900000000215 0.997597 -0.0371886 -15.124699999999988
0.998207 0.05514190000000022 -0.023307599999999793 -1.1922299999999875 -0.021152499999999783 -0.039347799999999995 -0.999002 -55.967000000000006 -0.05600390000000022 0.997703 -0.0381109 -15.808299999999987
0.998007 0.05689010000000022 -0.027308899999999792 -1.2383299999999875 -0.025106399999999782 -0.03907639999999999 -0.998921 -55.94140000000001 -0.057895900000000215 0.997615 -0.0375702 -16.51679999999999
0.997534 0.06427010000000023 -0.02820759999999979 -1.2738799999999875 -0.025778199999999786 -0.038320599999999996 -0.998933 -55.910700000000006 -0.06528240000000023 0.997197 -0.0365693 -17.19699999999999
0.99703 0.07201430000000024 -0.027300699999999796 -1.3192299999999875 -0.02472719999999979 -0.03638879999999999 -0.999032 -55.888000000000005 -0.07293800000000022 0.99674 -0.0345 -17.90059999999999
0.996906 0.07347110000000023 -0.027943399999999795 -1.3573099999999876 -0.025435699999999787 -0.03484799999999999 -0.999069 -55.87200000000001 -0.07437650000000022 0.996688 -0.0328714 -18.61569999999999
0.997196 0.06926990000000023 -0.028309699999999792 -1.4026299999999876 -0.026111599999999787 -0.032434599999999994 -0.999133 -55.85210000000001 -0.07012800000000022 0.997071 -0.0305349 -19.34739999999999
0.99761 0.06297960000000022 -0.02841219999999979 -1.4500899999999877 -0.026601899999999786 -0.029397499999999993 -0.999214 -55.834500000000006 -0.06376530000000022 0.997582 -0.0276519 -20.08719999999999
0.997785 0.061057300000000224 -0.026391099999999793 -1.4968499999999876 -0.024788899999999784 -0.026851399999999994 -0.999332 -55.82410000000001 -0.061725200000000216 0.997773 -0.0252783 -20.83409999999999
0.997262 0.06608840000000021 -0.03318289999999979 -1.5510599999999877 -0.03170419999999979 -0.023298899999999994 -0.999226 -55.81420000000001 -0.06681040000000021 0.997542 -0.0211398 -21.57479999999999
0.996788 0.0715816000000002 -0.035914499999999794 -1.6003499999999875 -0.034476299999999786 -0.021227999999999993 -0.99918 -55.796200000000006 -0.0722853000000002 0.997209 -0.018692 -22.28829999999999
0.996911 0.0727022000000002 -0.029707299999999794 -1.6447399999999877 -0.02844239999999979 -0.018371799999999994 -0.999427 -55.791500000000006 -0.07320630000000022 0.997184 -0.0162472 -23.02889999999999
0.997255 0.06988380000000022 -0.024474999999999792 -1.6894599999999875 -0.023519099999999793 -0.01446889999999999 -0.999619 -55.80230000000001 -0.07021120000000022 0.99745 -0.0127856 -23.77479999999999
0.997426 0.06560380000000021 -0.028954599999999792 -1.7421499999999877 -0.02833469999999979 -0.010360099999999994 -0.999545 -55.791500000000006 -0.06587400000000022 0.997792 -0.00847452 -24.50249999999999
0.997187 0.06679490000000021 -0.03401779999999979 -1.7981199999999875 -0.03361329999999979 -0.0071695299999999925 -0.999409 -55.78090000000001 -0.06699940000000021 0.997741 -0.004904159999999999 -25.24589999999999
0.996893 0.0710169000000002 -0.03407859999999979 -1.8508899999999875 -0.03385259999999979 -0.004383909999999993 -0.999417 -55.783100000000005 -0.07112490000000021 0.997466 -0.0019661899999999996 -25.96419999999999
0.996931 0.0723972000000002 -0.029799099999999794 -1.8924399999999875 -0.029846299999999795 -0.000430151999999991 -0.999555 -55.794000000000004 -0.07237780000000023 0.997376 0.0017319600000000007 -26.70199999999999
0.997048 0.07147630000000023 -0.028054599999999794 -1.9492499999999875 -0.028358299999999795 0.003238640000000009 -0.999593 -55.804300000000005 -0.07135640000000022 0.997437 0.005256030000000001 -27.468599999999988
0.997049 0.06942700000000021 -0.03277359999999979 -1.9961799999999876 -0.033351399999999795 0.007178640000000008 -0.999418 -55.810500000000005 -0.06915130000000021 0.997561 0.00947294 -28.19919999999999
0.996898 0.0692304000000002 -0.03743889999999979 -2.0522599999999875 -0.03826179999999979 0.010597900000000007 -0.999212 -55.809900000000006 -0.0687791000000002 0.997544 0.0132139 -28.938099999999988
0.996703 0.07042210000000021 -0.04030639999999979 -2.1065499999999875 -0.04135609999999979 0.013510700000000007 -0.999053 -55.828700000000005 -0.0698109000000002 0.997426 0.0163785 -29.69059999999999
0.996683 0.07048300000000021 -0.04068169999999979 -2.1558199999999874 -0.041951299999999796 0.016627400000000004 -0.998981 -55.83690000000001 -0.0697347000000002 0.997374 0.0195291 -30.42239999999999
0.996704 0.0695203000000002 -0.04181339999999979 -2.2034199999999875 -0.0432901999999998 0.019872400000000002 -0.998865 -55.85370000000001 -0.06861040000000021 0.997383 0.0228164 -31.16739999999999
0.99665 0.06848010000000021 -0.04472109999999979 -2.2600099999999874 -0.046422699999999796 0.023460600000000005 -0.998646 -55.881400000000006 -0.06733820000000021 0.997377 0.026561 -31.91859999999999
0.996701 0.06891830000000021 -0.04285529999999979 -2.3054199999999874 -0.0447717999999998 0.026507000000000003 -0.998646 -55.90390000000001 -0.06768900000000021 0.99727 0.0295052 -32.65759999999999
0.996757 0.0702651000000002 -0.039225699999999794 -2.3540999999999874 -0.041409099999999796 0.029890400000000004 -0.998695 -55.92980000000001 -0.06900100000000021 0.997081 0.032703 -33.39909999999998
0.996658 0.07062170000000019 -0.04104759999999979 -2.4094599999999877 -0.043433899999999796 0.032592300000000005 -0.998525 -55.962500000000006 -0.0691797000000002 0.996971 0.0355507 -34.17519999999998
0.996758 0.07014780000000019 -0.039411499999999794 -2.4592399999999874 -0.0419808999999998 0.03553810000000001 -0.998486 -55.993300000000005 -0.0686410000000002 0.996903 0.0383678 -34.908999999999985
0.996812 0.07055760000000019 -0.03725119999999979 -2.5107099999999876 -0.0399658999999998 0.03746200000000001 -0.998499 -56.03220000000001 -0.0690562000000002 0.996804 0.0401624 -35.68099999999998
0.996868 0.07091860000000019 -0.03500709999999979 -2.5652299999999877 -0.0379982999999998 0.04127630000000001 -0.998425 -56.06920000000001 -0.0693620000000002 0.996628 0.0438418 -36.41269999999999
0.996823 0.07271680000000019 -0.03248759999999979 -2.6151899999999877 -0.035734799999999796 0.04380810000000001 -0.998401 -56.11600000000001 -0.07117730000000021 0.99639 0.0462675 -37.176999999999985
0.996585 0.0760213000000002 -0.03221959999999979 -2.6724899999999874 -0.03587009999999981 0.04715280000000001 -0.998244 -56.159400000000005 -0.07436850000000021 0.995991 0.0497187 -37.93909999999999
0.996413 0.0784167000000002 -0.0318281999999998 -2.7287099999999875 -0.03585119999999981 0.050441700000000006 -0.998083 -56.206300000000006 -0.07666090000000021 0.995644 0.0530721 -38.70069999999998
0.996418 0.0804096000000002 -0.026200099999999796 -2.7866799999999876 -0.030554499999999804 0.053409200000000004 -0.998105 -56.26350000000001 -0.07885790000000022 0.99533 0.0556747 -39.45809999999999
0.996569 0.07988180000000021 -0.021646599999999794 -2.8346699999999876 -0.02621129999999981 0.056545000000000005 -0.998056 -56.31920000000001 -0.07850250000000022 0.995199 0.0584448 -40.22569999999999
0.996507 0.0799838000000002 -0.024004899999999794 -2.9015699999999875 -0.028835199999999808 0.059793700000000005 -0.997794 -56.37350000000001 -0.07837200000000022 0.995001 0.0618912 -41.00779999999999
0.996402 0.08125670000000021 -0.024098499999999794 -2.9699599999999875 -0.02930509999999981 0.06350380000000001 -0.997551 -56.42810000000001 -0.07952740000000022 0.994668 0.0656565 -41.80919999999998
0.996434 0.0820403000000002 -0.019709599999999796 -3.0263699999999876 -0.02524839999999981 0.06703320000000001 -0.997431 -56.499900000000004 -0.08050830000000023 0.994372 0.0688655 -42.586899999999986
0.996548 0.08093290000000021 -0.018488099999999796 -3.0776999999999877 -0.024345799999999813 0.07200030000000002 -0.997108 -56.56510000000001 -0.07936770000000022 0.994116 0.0737222 -43.35489999999999
0.996613 0.07980810000000021 -0.019844999999999797 -3.1542899999999876 -0.02600469999999981 0.07689830000000002 -0.9967 -56.62970000000001 -0.07801870000000022 0.99384 0.0787132 -44.15229999999998
0.99632 0.0842174000000002 -0.015929099999999797 -3.2108899999999876 -0.022818699999999817 0.08148910000000001 -0.996413 -56.70500000000001 -0.08261730000000023 0.99311 0.083111 -44.968699999999984
0.995689 0.09181620000000021 -0.0131900999999998 -3.2839599999999876 -0.02126539999999982 0.08753610000000002 -0.995934 -56.792400000000015 -0.09028830000000022 0.991921 0.0891112 -45.764499999999984
0.995198 0.0971771000000002 -0.0117336999999998 -3.3526199999999875 -0.02106389999999982 0.09555110000000001 -0.995202 -56.87490000000001 -0.09558960000000022 0.99067 0.0971392 -46.55599999999998
0.995014 0.0995134000000002 -0.006710829999999801 -3.4258399999999876 -0.016961499999999827 0.10252300000000002 -0.994586 -56.977300000000014 -0.09828670000000023 0.98974 0.103699 -47.36119999999998
0.995183 0.09795530000000019 -0.0040427899999998015 -3.498089999999987 -0.014918099999999825 0.11054700000000002 -0.993759 -57.08040000000001 -0.09689710000000022 0.989032 0.111475 -48.149799999999985
0.995385 0.09589500000000019 -0.003667949999999801 -3.579209999999987 -0.015001399999999826 0.11773400000000002 -0.992932 -57.18400000000001 -0.09478540000000023 0.988404 0.11863 -48.972799999999985
0.995653 0.09307220000000019 -0.0034690599999998004 -3.654729999999987 -0.015176499999999827 0.12537900000000002 -0.991993 -57.29590000000002 -0.09189200000000022 0.987734 0.126246 -49.78299999999999
0.99624 0.0866293000000002 -0.0014951799999997992 -3.728919999999987 -0.013060399999999826 0.13309000000000004 -0.991018 -57.413800000000016 -0.08565220000000022 0.987311 0.133721 -50.60069999999999
0.996797 0.0799620000000002 0.001044450000000202 -3.792279999999987 -0.010266699999999828 0.14091400000000004 -0.989969 -57.54020000000001 -0.07930700000000022 0.986787 0.141284 -51.42069999999998
0.997106 0.0760219000000002 0.0005678280000002027 -3.8626899999999873 -0.010742199999999829 0.148282 -0.988887 -57.67540000000002 -0.07526130000000023 0.986019 0.148669 -52.221699999999984
0.996948 0.0780652000000002 0.000336139000000202 -3.9293199999999873 -0.01184139999999983 0.15547600000000003 -0.987769 -57.808200000000014 -0.07716260000000022 0.98475 0.155926 -53.01939999999998
0.996418 0.08455920000000018 0.0010395500000002003 -3.9959599999999873 -0.012652599999999833 0.16122600000000004 -0.986836 -57.94770000000001 -0.08361370000000022 0.983288 0.161719 -53.80939999999998
0.996065 0.08857580000000018 0.0028651600000001993 -4.060569999999987 -0.011957699999999835 0.16636200000000004 -0.985992 -58.08470000000001 -0.08781180000000022 0.982078 0.166766 -54.58399999999999
0.995845 0.09098530000000019 0.003925190000000199 -4.134159999999986 -0.011795199999999837 0.17159800000000003 -0.985097 -58.240800000000014 -0.09030280000000022 0.980956 0.171958 -55.359999999999985
0.995841 0.09091960000000018 0.005888970000000199 -4.2016999999999864 -0.010348799999999839 0.17709400000000003 -0.98414 -58.38500000000001 -0.09052050000000023 0.979985 0.177299 -56.123499999999986
0.996108 0.08807490000000018 0.0034115600000001987 -4.272679999999987 -0.012703999999999839 0.18176600000000004 -0.98326 -58.528900000000014 -0.08722060000000022 0.97939 0.182177 -56.861699999999985
0.996582 0.08258440000000018 0.0022073900000002 -4.337499999999987 -0.013303399999999839 0.186793 -0.982309 -58.685200000000016 -0.08153570000000022 0.978922 0.187253 -57.64609999999998
0.997198 0.07475380000000018 0.0028529600000002015 -4.404369999999987 -0.011486499999999837 0.190689 -0.981583 -58.82740000000001 -0.07392110000000023 0.9788 0.191013 -58.38559999999998
0.997453 0.07106290000000018 0.006166040000000202 -4.458989999999987 -0.007738889999999838 0.193746 -0.981021 -58.985000000000014 -0.07090890000000022 0.978474 0.193803 -59.10729999999999
0.997484 0.07042320000000019 0.008107390000000202 -4.522329999999987 -0.005957789999999838 0.197247 -0.980336 -59.14780000000001 -0.07063750000000023 0.977821 0.19717 -59.86329999999999
0.997341 0.07218720000000019 0.0100475000000002 -4.574629999999987 -0.004537879999999839 0.199094 -0.97997 -59.295800000000014 -0.07274170000000023 0.977318 0.198892 -60.56219999999998
0.997071 0.07533440000000018 0.0131748000000002 -4.630569999999986 -0.0022923199999998404 0.201631 -0.979459 -59.45220000000001 -0.07644340000000022 0.97656 0.201213 -61.260899999999985
0.996676 0.08008330000000018 0.014937800000000199 -4.687609999999987 -0.0016888399999998422 0.203638 -0.979045 -59.61020000000001 -0.08144700000000023 0.975765 0.203097 -61.951799999999984
0.996221 0.08520680000000018 0.0168380000000002 -4.745409999999986 -0.0010147599999998436 0.20527 -0.978705 -59.75530000000001 -0.08684870000000022 0.974989 0.20458 -62.632499999999986
0.996061 0.08724430000000018 0.015857600000000197 -4.8079299999999865 -0.0025393399999998445 0.206822 -0.978375 -59.912300000000016 -0.08863740000000023 0.974481 0.206229 -63.31149999999999
0.996074 0.08671630000000018 0.0178108000000002 -4.859149999999986 -0.0006440449999998447 0.208284 -0.978068 -60.062700000000014 -0.08852410000000022 0.974217 0.207522 -63.97479999999999
0.996314 0.08403580000000017 0.017207900000000203 -4.925219999999987 -0.0007397579999998442 0.209016 -0.977912 -60.20860000000001 -0.08577630000000022 0.974295 0.208308 -64.63169999999998
0.996537 0.08148310000000018 0.016579900000000203 -4.980309999999987 -0.0008928679999998438 0.209865 -0.97773 -60.359600000000015 -0.08314800000000022 0.974329 0.209211 -65.29559999999998
0.996606 0.08056590000000018 0.016886100000000202 -5.036529999999987 -0.0003716839999998435 0.209538 -0.9778 -60.498300000000015 -0.08231570000000023 0.974476 0.208857 -65.93909999999998
0.996694 0.07957220000000018 0.016427600000000202 -5.093439999999987 -0.000537185999999843 0.208634 -0.977994 -60.640900000000016 -0.08124850000000022 0.974751 0.207987 -66.56389999999999
0.996656 0.07991230000000019 0.017035700000000202 -5.148929999999987 0.00014949700000015727 0.206711 -0.978402 -60.768400000000014 -0.08170790000000022 0.975133 0.206008 -67.19219999999999
0.996392 0.08288000000000018 0.0183006000000002 -5.1999399999999865 0.000996213000000157 0.20418 -0.978933 -60.89910000000001 -0.08487060000000023 0.975419 0.20336 -67.80689999999998
0.99607 0.08692110000000018 0.017009100000000197 -5.256979999999987 -0.0009077779999998434 0.202051 -0.979375 -61.014600000000016 -0.08856510000000022 0.97551 0.201335 -68.39109999999998
0.995997 0.08812570000000018 0.014966900000000198 -5.309889999999987 -0.002942439999999843 0.19967100000000002 -0.979859 -61.134200000000014 -0.08933920000000022 0.975892 0.199131 -68.99159999999999
0.996094 0.08693110000000018 0.015499700000000198 -5.3598499999999865 -0.001992559999999842 0.19761300000000004 -0.980278 -61.24890000000001 -0.08827960000000022 0.976418 0.197015 -69.56659999999998
0.996346 0.08397250000000019 0.015635900000000202 -5.407469999999987 -0.001079019999999841 0.195416 -0.98072 -61.36760000000002 -0.08540900000000022 0.977119 0.194792 -70.15319999999998
0.996678 0.08019700000000018 0.0141637000000002 -5.458639999999987 -0.0016250199999998398 0.193469 -0.981105 -61.47210000000001 -0.08142190000000023 0.977823 0.192957 -70.71379999999999
0.996795 0.07930580000000018 0.0105391000000002 -5.510619999999987 -0.004838889999999839 0.191257 -0.981528 -61.58260000000001 -0.07985660000000022 0.978331 0.191028 -71.27259999999998
0.996643 0.08158110000000018 0.0069380900000001995 -5.556369999999987 -0.00859897999999984 0.188566 -0.982023 -61.679800000000014 -0.08142280000000023 0.978666 0.188635 -71.80989999999998
0.996444 0.08421230000000018 0.0027730000000001994 -5.603949999999987 -0.013010199999999838 0.18629300000000001 -0.982408 -61.772300000000016 -0.08324750000000022 0.978879 0.186726 -72.35229999999999
0.996255 0.08640380000000018 0.003180250000000199 -5.645559999999986 -0.012852399999999839 0.18436400000000003 -0.982774 -61.88180000000001 -0.08550180000000022 0.979053 0.184784 -72.89429999999999
0.996099 0.08815390000000017 0.003906070000000199 -5.696839999999987 -0.012320599999999838 0.18277600000000002 -0.983077 -61.986100000000015 -0.08737610000000022 0.979194 0.18315 -73.41859999999998
0.996135 0.08781190000000018 0.002177940000000199 -5.7418199999999855 -0.01390029999999984 0.18207000000000004 -0.983187 -62.09450000000001 -0.08673210000000023 0.979357 0.182587 -73.97209999999998
0.996221 0.08678780000000018 -0.003489319999999801 -5.791659999999986 -0.01933159999999984 0.18238000000000001 -0.983038 -62.19440000000002 -0.08467930000000022 0.97939 0.183369 -74.51089999999999
0.996248 0.08611210000000018 -0.0086146099999998 -5.836279999999986 -0.02436759999999984 0.18360500000000002 -0.982698 -62.297800000000024 -0.08304050000000023 0.979221 0.185014 -75.05689999999998
0.996256 0.08569310000000017 -0.0114173999999998 -5.882719999999986 -0.027221999999999837 0.18560800000000002 -0.982247 -62.39770000000002 -0.08205260000000023 0.97888 0.187245 -75.60379999999999
0.996303 0.08537520000000018 -0.0095695499999998 -5.931979999999986 -0.025609599999999837 0.18882200000000002 -0.981677 -62.518300000000025 -0.08200400000000022 0.978293 0.19031 -76.15119999999999
0.996307 0.08548270000000018 -0.0080807299999998 -5.977409999999986 -0.02465789999999984 0.19469700000000004 -0.980554 -62.63370000000002 -0.08224710000000023 0.977131 0.196086 -76.70529999999998
0.996328 0.08505040000000018 -0.009816249999999803 -6.025659999999986 -0.02677619999999984 0.200643 -0.979298 -62.76000000000002 -0.08132010000000023 0.975965 0.202184 -77.26319999999998
0.996389 0.08455150000000018 -0.007709369999999802 -6.071059999999986 -0.02525599999999984 0.208481 -0.9777 -62.88520000000002 -0.08105880000000022 0.974365 0.209864 -77.82899999999998
