1.0 -2.0679525174587007e-25 -9.31323e-10 0.0 0.0 1.0 -1.818990000000002e-10 0.0 1.454028009106878e-26 -6.54836e-11 1.0 0.0
0.999999 -0.0015400800000000003 -0.0005484089999999999 -0.039640499999999725 0.0015404900000000003 0.999999 0.0007494699999999999 -1.24666 0.0005472519999999999 -0.0007503139999999999 1.0 0.002311950000000277
0.999996 -0.0020928800000000005 -0.0021153999999999995 -0.06606429999999944 0.0020936100000000005 0.999998 0.0003458609999999995 -2.57396 0.0021146699999999995 -0.0003502879999999995 0.999998 0.01202430000000057
0.999994 -0.0015772300000000006 -0.0031555999999999997 -0.09797029999999912 0.0015799000000000006 0.999999 0.0008449399999999993 -3.91268 0.0031542599999999994 -0.0008499199999999993 0.999995 0.029778400000000867
0.999992 -0.0017764900000000008 -0.0035947399999999995 -0.12416799999999885 0.0017776500000000008 0.999998 0.0003191549999999992 -5.19498 0.0035941699999999994 -0.0003255419999999992 0.999993 0.03142500000000115
0.999988 -0.002413390000000001 -0.004182689999999999 -0.14740399999999856 0.002416700000000001 0.999997 0.000786229999999999 -6.5388 0.004180779999999999 -0.0007963299999999991 0.999991 0.04052870000000145
0.999979 -0.004009990000000001 -0.005050889999999999 -0.17515599999999826 0.004011240000000001 0.999992 0.00023689499999999888 -7.86144 0.0050498999999999995 -0.00025714999999999885 0.999987 0.04642180000000175
0.999976 -0.004354800000000001 -0.005477599999999999 -0.19814099999999799 0.004355750000000001 0.99999 0.00016111899999999877 -9.17229 0.005476839999999999 -0.00018497399999999877 0.999985 0.05262210000000204
0.999987 -0.002988840000000001 -0.0042570099999999994 -0.22504499999999766 0.002992130000000001 0.999995 0.000765381999999999 -10.518 0.004254699999999999 -0.000778108999999999 0.999991 0.060653700000002336
0.999998 -0.0008502250000000004 -0.00153932 -0.24743899999999736 0.0008513380000000003 0.999999 0.0007224059999999997 -11.8193 0.00153871 -0.0007237159999999997 0.999999 0.07485120000000263
0.999998 -1.9944299999995882e-06 0.0018548199999999999 -0.28043099999999704 -1.0896500000041206e-07 0.999999 0.0011337600000000004 -13.1952 -0.0018548199999999999 -0.0011337500000000004 0.999998 0.08417580000000292
0.999991 0.00015266300000000096 0.00433129 -0.3066989999999968 -0.00015950500000000097 0.999999 0.0015794600000000008 -14.5184 -0.00433104 -0.0015801300000000008 0.999989 0.11124800000000322
0.999988 -0.000853014999999999 0.00489517 -0.3324579999999965 0.0008503419999999989 1.0 0.000548240000000001 -15.8619 -0.00489564 -0.0005440710000000011 0.999988 0.12466600000000352
0.99999 -0.0035496399999999997 0.002772690000000001 -0.35979299999999614 0.0035474999999999994 0.999993 0.0007756630000000007 -17.2262 -0.002775430000000001 -0.0007658190000000007 0.999996 0.12369400000000383
0.999985 -0.00533932 -0.001457609999999999 -0.3860979999999959 0.00533919 0.999986 -9.041990000000032e-05 -18.5759 0.001458079999999999 8.263580000000032e-05 0.999999 0.13063600000000414
0.999986 -0.0038564700000000007 -0.0036960699999999992 -0.41354099999999555 0.0038595400000000007 0.999992 0.0008219399999999991 -19.9233 0.003692869999999999 -0.0008361939999999991 0.999993 0.13030900000000442
0.999987 -0.001452360000000001 -0.00489796 -0.4346719999999953 0.0014544600000000012 0.999999 0.0004242409999999989 -21.2654 0.00489734 -0.0004313589999999989 0.999988 0.14177200000000473
0.999997 -0.0005952850000000004 -0.00216786 -0.47201499999999497 0.0005959850000000005 1.0 0.00032290899999999953 -22.6304 0.00216766 -0.00032419999999999953 0.999998 0.14335000000000503
0.999999 -0.00169151 -0.00013523699999999953 -0.4889599999999947 0.00169146 0.999999 -0.00031361400000000004 -24.0128 0.00013576399999999954 0.00031338400000000005 1.0 0.15119200000000532
0.999984 -0.00561347 0.00017308400000000162 -0.5091689999999943 0.00561376 0.999983 -0.00176629 -25.3782 -0.00016316700000000163 0.00176723 0.999999 0.15045500000000564
0.999974 -0.006941630000000001 -0.001935759999999998 -0.5297229999999941 0.0069383 0.999974 -0.0017205400000000004 -26.7523 0.001947649999999998 0.0017070600000000005 0.999997 0.16453300000000595
0.999965 -0.006321500000000001 -0.005560819999999998 -0.5593649999999938 0.006310220000000001 0.999978 -0.002044950000000001 -28.1267 0.005573619999999997 0.0020097800000000014 0.999982 0.16241600000000625
0.999976 -0.003562540000000001 -0.006025499999999999 -0.5750739999999934 0.0035527000000000015 0.999992 -0.0016431600000000014 -29.4865 0.006031299999999999 0.0016217200000000014 0.999981 0.15953500000000656
0.999982 -0.0017193500000000012 -0.005816609999999999 -0.6082339999999932 0.0017040700000000013 0.999995 -0.002629370000000001 -30.8649 0.005821099999999999 0.0026194100000000013 0.99998 0.17214300000000685
0.999995 -0.0002856050000000007 -0.0032808099999999995 -0.6274569999999929 0.0002766610000000007 0.999996 -0.0027262000000000007 -32.2453 0.0032815699999999997 0.002725280000000001 0.999991 0.16747500000000717
0.999998 0.0011365499999999998 -0.0014236799999999994 -0.6635899999999926 -0.0011414199999999998 0.999994 -0.0034289500000000005 -33.6334 0.0014197699999999995 0.0034305700000000004 0.999993 0.18263800000000746
0.999999 0.00123176 -0.0002462239999999994 -0.6917789999999923 -0.0012327 0.999992 -0.00384833 -35.0169 0.0002414839999999994 0.00384863 0.999993 0.18734000000000778
0.999998 -0.0005527270000000005 -0.0017370299999999992 -0.724021999999992 0.0005478510000000005 0.999996 -0.0028067300000000003 -36.4103 0.0017385699999999992 0.0028057800000000003 0.999995 0.17663500000000806
0.999998 -0.00200557 0.00029745700000000113 -0.7509849999999916 0.00200649 0.999993 -0.00312424 -37.797 -0.00029118900000000116 0.00312483 0.999995 0.19540300000000838
0.999994 -0.0021862899999999996 0.002509880000000001 -0.7779199999999913 0.0021935299999999995 0.999993 -0.0028847499999999997 -39.1715 -0.002503560000000001 0.0028902399999999996 0.999993 0.1927850000000087
0.999984 -0.0020999199999999986 0.005219310000000001 -0.806862999999991 0.0021166899999999988 0.999993 -0.0032084099999999988 -40.5863 -0.005212540000000002 0.0032193999999999986 0.999981 0.192679000000009
0.999971 -0.002385449999999998 0.007251050000000002 -0.8322929999999906 0.0024118399999999984 0.999991 -0.003633169999999998 -42.0006 -0.007242320000000002 0.003650549999999998 0.999967 0.21560700000000932
0.99996 -0.002612769999999998 0.00856863 -0.8602349999999903 0.0026353299999999982 0.999993 -0.0026229599999999984 -43.4175 -0.00856172 0.0026454399999999985 0.99996 0.20809600000000963
0.999969 -0.0024701199999999984 0.007470770000000002 -0.88942399999999 0.0024907199999999984 0.999993 -0.0027494599999999983 -44.8137 -0.0074639200000000015 0.0027679799999999984 0.999968 0.22708400000000997
0.999975 -0.0021325599999999986 0.006798010000000001 -0.9167939999999898 0.0021435899999999986 0.999996 -0.0016161399999999985 -46.2224 -0.006794550000000001 0.0016306699999999986 0.999976 0.21847100000001027
0.999976 -0.0025956199999999986 0.006413460000000001 -0.9432659999999895 0.0026045199999999986 0.999996 -0.0013800199999999985 -47.6349 -0.006409850000000001 0.0013966899999999984 0.999978 0.23190900000001058
0.999975 -0.0033299399999999987 0.006218250000000001 -0.9702959999999892 0.0033267099999999988 0.999994 0.0005295320000000014 -49.0591 -0.006219970000000001 -0.0005088320000000014 0.999981 0.21597200000001088
0.999966 -0.0035581999999999983 0.007433980000000001 -0.9978099999999888 0.0035494899999999985 0.999993 0.0011838800000000017 -50.4602 -0.007438140000000001 -0.0011574500000000017 0.999972 0.2383130000000112
0.999963 -0.0038122399999999984 0.00776917 -1.0239799999999883 0.0037942699999999985 0.99999 0.0023260800000000016 -51.9095 -0.00777797 -0.0022965200000000015 0.999967 0.24494800000001152
0.99996 -0.004744869999999998 0.00760822 -1.0495799999999882 0.0047186799999999985 0.999983 0.003457720000000002 -53.3107 -0.00762449 -0.0034216800000000016 0.999965 0.25383800000001183
0.999964 -0.0058432599999999986 0.006159 -1.0741399999999879 0.005815239999999998 0.999973 0.004558010000000002 -54.7676 -0.00618547 -0.0045220300000000015 0.999971 0.25999400000001216
0.999974 -0.006043669999999999 0.004044680000000001 -1.0970699999999876 0.006024009999999999 0.99997 0.004854550000000001 -56.1777 -0.004073900000000001 -0.004830060000000001 0.99998 0.2702790000000125
0.999982 -0.005541339999999999 0.00243608 -1.1245399999999872 0.005529129999999999 0.999972 0.004989300000000001 -57.5849 -0.00246366 -0.004975740000000001 0.999985 0.2920860000000128
0.999983 -0.00582605 0.0009846420000000002 -1.1484399999999868 0.00582088 0.99997 0.00517383 -59.0466 -0.0010147600000000002 -0.00516801 0.999986 0.2967670000000131
0.999979 -0.00651526 0.0001221900000000005 -1.1739199999999868 0.0065147 0.99997 0.00409349 -60.438 -0.00014885600000000051 -0.00409261 0.999992 0.3213080000000134
0.999971 -0.007329270000000001 -0.002064509999999999 -1.1953499999999861 0.007337130000000001 0.999966 0.0038233299999999994 -61.9059 0.0020364099999999993 -0.0038383599999999994 0.999991 0.32942000000001376
0.999968 -0.007078030000000001 -0.003833759999999999 -1.220579999999986 0.007090140000000001 0.99997 0.003155929999999999 -63.3211 0.0038112999999999992 -0.003183009999999999 0.999988 0.33746500000001406
0.999969 -0.006280990000000001 -0.0046859399999999996 -1.2495299999999856 0.006295780000000001 0.999975 0.003147959999999999 -64.7481 0.004666049999999999 -0.0031773699999999992 0.999984 0.34345200000001436
0.999971 -0.0060209700000000005 -0.004639019999999999 -1.2764299999999853 0.006031610000000001 0.999979 0.002284069999999999 -66.1717 0.004625169999999999 -0.002311989999999999 0.999987 0.3579970000000147
0.999981 -0.005794650000000001 -0.002267499999999999 -1.304439999999985 0.005799010000000001 0.999981 0.0019212099999999996 -67.5672 0.002256329999999999 -0.0019343299999999995 0.999996 0.363391000000015
0.999974 -0.00716871 0.00030525100000000134 -1.3288199999999846 0.00716844 0.999974 0.0008736780000000001 -68.9857 -0.0003115060000000014 -0.0008714670000000001 1.0 0.38264500000001533
0.999958 -0.00845575 0.0036691300000000018 -1.3519699999999844 0.00845298 0.999964 0.0007682770000000009 -70.4175 -0.0036754900000000017 -0.0007372300000000008 0.999993 0.38882300000001563
0.99993 -0.009053189999999997 0.007652780000000001 -1.377529999999984 0.009056619999999998 0.999959 -0.00041288299999999833 -71.8649 -0.007648730000000002 0.00048216299999999834 0.999971 0.4079830000000159
0.999887 -0.008791569999999997 0.012176000000000001 -1.3974899999999837 0.008809779999999996 0.99996 -0.0014423099999999974 -73.2381 -0.012162800000000001 0.0015494099999999972 0.999925 0.43052500000001626
0.999857 -0.008020599999999996 0.014916500000000001 -1.4210499999999833 0.008044389999999997 0.999967 -0.0015356699999999968 -74.6029 -0.014903700000000002 0.0016554499999999967 0.999888 0.42818000000001655
0.999823 -0.008074809999999997 0.016969000000000005 -1.4434999999999831 0.008118239999999997 0.999964 -0.002492179999999996 -76.0871 -0.016948200000000004 0.002629499999999996 0.999853 0.44267900000001686
0.999824 -0.008614019999999997 0.016697500000000004 -1.4649099999999828 0.008660329999999997 0.999959 -0.0027026599999999965 -77.433 -0.016673500000000004 0.002846789999999996 0.999857 0.4493000000000172
0.999842 -0.008463609999999996 0.015644300000000003 -1.4904199999999825 0.008508439999999997 0.99996 -0.0028014299999999967 -78.8274 -0.015619900000000003 0.0029340999999999963 0.999874 0.4541440000000175
0.999867 -0.007476429999999997 0.014488400000000002 -1.5126999999999822 0.007514039999999996 0.999969 -0.0025426899999999968 -80.2161 -0.014468900000000002 0.002651219999999997 0.999892 0.4559720000000178
0.999872 -0.007584439999999996 0.014070100000000002 -1.537399999999982 0.007616289999999997 0.999969 -0.002211529999999997 -81.5829 -0.014052900000000002 0.002318409999999997 0.999899 0.4572030000000181
0.99987 -0.007971039999999997 0.014044200000000001 -1.5608699999999815 0.007999959999999997 0.999966 -0.002004579999999997 -83.0202 -0.014027800000000002 0.002116679999999997 0.999899 0.4623870000000184
0.999876 -0.007283609999999997 0.013979300000000002 -1.5888899999999813 0.007305519999999997 0.999972 -0.001516879999999997 -84.4104 -0.013967900000000002 0.001618819999999997 0.999901 0.4700690000000188
0.999866 -0.007733549999999996 0.014446300000000002 -1.608809999999981 0.0077479599999999964 0.99997 -0.0009417709999999968 -85.7918 -0.014438600000000001 0.0010535699999999967 0.999895 0.47523500000001906
0.999871 -0.008526749999999996 0.013597100000000003 -1.6328899999999806 0.008524639999999997 0.999964 0.000213306000000003 -87.1456 -0.013598400000000002 -9.736840000000302e-05 0.999907 0.48841100000001936
0.999885 -0.009673979999999999 0.011666900000000001 -1.6548299999999805 0.009662669999999996 0.999953 0.0010255800000000025 -88.4972 -0.011676300000000002 -0.0009127320000000026 0.999931 0.49469200000001967
0.999899 -0.010452899999999998 0.009630160000000002 -1.67641999999998 0.010430699999999998 0.999943 0.002357980000000002 -89.9355 -0.009654260000000001 -0.002257290000000002 0.999951 0.5054770000000199
0.99992 -0.010252499999999998 0.0073862300000000014 -1.6967099999999797 0.010230599999999998 0.999943 0.0030027900000000017 -91.3304 -0.0074166000000000015 -0.0029269900000000017 0.999968 0.5128990000000203
0.99993 -0.010000199999999999 0.006293570000000002 -1.7189399999999793 0.009976709999999998 0.999943 0.003757230000000001 -92.731 -0.006330790000000002 -0.0036941800000000013 0.999973 0.5214020000000206
0.999939 -0.009646819999999999 0.005350040000000001 -1.740089999999979 0.009626979999999999 0.999947 0.0037220500000000015 -94.0386 -0.005385670000000001 -0.0036703200000000012 0.999979 0.5314070000000208
0.999944 -0.009036159999999998 0.005443430000000001 -1.7617899999999787 0.009015909999999999 0.999952 0.003732990000000001 -95.5643 -0.005476900000000001 -0.0036837100000000015 0.999978 0.5415160000000212
0.999951 -0.008464439999999998 0.005153590000000001 -1.7839899999999784 0.008444429999999998 0.999957 0.0038915100000000012 -96.7737 -0.005186310000000001 -0.0038478000000000015 0.999979 0.5536010000000215
0.99995 -0.007822519999999998 0.006249440000000001 -1.8102599999999782 0.0078014999999999985 0.999964 0.0033820700000000013 -98.2878 -0.0062756800000000005 -0.0033331400000000014 0.999975 0.5633300000000219
0.999932 -0.008165149999999998 0.008272220000000002 -1.8321999999999778 0.008138189999999998 0.999962 0.0032870900000000016 -99.7291 -0.008298740000000002 -0.0032195400000000016 0.99996 0.577668000000022
0.999919 -0.009516539999999999 0.008450460000000002 -1.8543099999999775 0.009491219999999998 0.99995 0.0030316400000000017 -101.008 -0.008478890000000001 -0.0029511900000000015 0.99996 0.5893200000000224
0.999894 -0.011198899999999998 0.009311300000000002 -1.8731699999999774 0.011170699999999999 0.999933 0.003074210000000002 -102.321 -0.009345100000000002 -0.002969870000000002 0.999952 0.6023960000000228
0.99991 -0.009903109999999998 0.008994630000000002 -1.895539999999977 0.009877759999999998 0.999947 0.002858190000000002 -103.584 -0.009022460000000001 -0.0027690900000000023 0.999956 0.615204000000023
0.999929 -0.007373709999999999 0.009350120000000002 -1.9166099999999766 0.007349099999999998 0.999969 0.0026642200000000023 -105.013 -0.009369470000000001 -0.002595320000000002 0.999953 0.6285650000000234
0.999938 -0.006234879999999998 0.009208870000000001 -1.9400699999999764 0.006209339999999998 0.999977 0.002800080000000002 -106.409 -0.009226110000000001 -0.0027427300000000022 0.999954 0.6380190000000237
0.999951 -0.0075180199999999985 0.006466390000000001 -1.961999999999976 0.0075013799999999985 0.999969 0.0025928000000000014 -107.639 -0.006485680000000001 -0.0025441700000000014 0.999976 0.6461040000000239
0.999945 -0.00970699 0.003907550000000001 -1.9793499999999757 0.009699379999999999 0.999951 0.001960290000000001 -108.982 -0.003926390000000002 -0.0019222800000000008 0.99999 0.6561790000000242
0.999943 -0.0105155 0.0018237200000000022 -2.0037799999999755 0.0105137 0.999944 0.0009848120000000005 -110.374 -0.0018339800000000022 -0.0009655810000000004 0.999998 0.6683780000000246
0.999956 -0.00926703 0.001385320000000002 -2.022079999999975 0.00926706 0.999957 -1.4507599999999683e-05 -111.607 -0.001385120000000002 2.73445999999997e-05 0.999999 0.6696120000000247
0.999972 -0.006691519999999999 0.0034843200000000013 -2.043129999999975 0.006692609999999999 0.999978 -0.0003032469999999992 -113.009 -0.003482220000000001 0.00032655799999999925 0.999994 0.674684000000025
0.99997 -0.004668059999999998 0.006194890000000001 -2.0700999999999747 0.004677809999999998 0.999988 -0.0015605599999999986 -114.42 -0.006187530000000001 0.0015894899999999987 0.99998 0.6774220000000254
0.999944 -0.004604549999999998 0.009580080000000001 -2.092249999999974 0.0046332499999999985 0.999985 -0.002975549999999998 -115.8 -0.009566230000000002 0.003019769999999998 0.99995 0.6869410000000258
0.999921 -0.006674119999999998 0.010689700000000003 -2.1128999999999736 0.006720819999999997 0.999968 -0.004339299999999997 -117.073 -0.010660400000000004 0.004410799999999998 0.999933 0.6920540000000259
0.999909 -0.009063459999999999 0.009974460000000003 -2.130909999999974 0.009114349999999998 0.999946 -0.005068429999999997 -118.321 -0.009927980000000003 0.005158879999999998 0.999937 0.6951280000000263
0.999907 -0.009766669999999998 0.009528180000000004 -2.1536399999999736 0.009822609999999999 0.999935 -0.005840979999999998 -119.733 -0.009470510000000003 0.005934029999999998 0.999938 0.6927480000000266
0.99991 -0.009027809999999999 0.009913230000000004 -2.170849999999973 0.009099999999999999 0.999932 -0.007261329999999997 -121.094 -0.009847000000000003 0.007350889999999997 0.999925 0.6930570000000269
0.999897 -0.008867009999999998 0.011266600000000003 -2.187969999999973 0.008964209999999998 0.999923 -0.008606719999999998 -122.399 -0.011189400000000004 0.008706829999999999 0.9999 0.6912720000000272
0.999876 -0.008366529999999997 0.013349200000000004 -2.2069399999999724 0.008497239999999996 0.999916 -0.009765139999999997 -123.79 -0.013266400000000003 0.009877359999999996 0.999863 0.6887900000000275
0.999865 -0.0072963599999999965 0.014752600000000003 -2.228669999999972 0.007457959999999996 0.999913 -0.010928699999999996 -125.06 -0.014671600000000003 0.011037199999999997 0.999831 0.6803700000000278
0.999856 -0.006647589999999997 0.015586100000000006 -2.247539999999972 0.0068377699999999965 0.999902 -0.012180499999999997 -126.32 -0.015503600000000005 0.012285299999999997 0.999804 0.676217000000028
0.999876 -0.0065915199999999965 0.014314600000000005 -2.2680099999999714 0.006778679999999996 0.999892 -0.013065599999999997 -127.767 -0.014226900000000006 0.013160999999999997 0.999812 0.6668230000000285
0.99987 -0.007525159999999997 0.014251900000000005 -2.291319999999971 0.007723019999999996 0.999874 -0.013879499999999996 -129.043 -0.014145700000000006 0.013987699999999997 0.999802 0.6541620000000287
0.999884 -0.008794619999999996 0.012445000000000005 -2.308199999999971 0.008976129999999997 0.999853 -0.014604699999999997 -130.417 -0.012314800000000006 0.014714699999999997 0.999816 0.640551000000029
0.999894 -0.008859659999999998 0.011572300000000006 -2.3308099999999707 0.009034299999999999 0.999845 -0.015127099999999997 -131.798 -0.011436500000000006 0.015229999999999999 0.999819 0.6279410000000293
0.999909 -0.009182979999999999 0.009931220000000004 -2.35037999999997 0.009333149999999998 0.999841 -0.015182399999999999 -133.092 -0.009790220000000006 0.015273699999999998 0.999835 0.6136200000000296
0.999922 -0.009957549999999999 0.007595160000000006 -2.36624999999997 0.010071299999999998 0.999835 -0.015087199999999999 -134.422 -0.007443680000000006 0.015162499999999999 0.999857 0.5966270000000299
0.999932 -0.009855799999999998 0.006181680000000006 -2.3859599999999697 0.009944649999999998 0.999845 -0.014510399999999998 -135.736 -0.006037710000000006 0.014570899999999998 0.999876 0.5834070000000301
0.999939 -0.009773929999999998 0.005156760000000005 -2.4035899999999693 0.009842519999999999 0.999861 -0.013447599999999999 -137.136 -0.005024610000000005 0.013497499999999999 0.999896 0.5688050000000304
0.999937 -0.0106332 0.003520810000000005 -2.422219999999969 0.0106765 0.999865 -0.0125125 -138.441 -0.0033872900000000046 0.0125493 0.999916 0.5547810000000307
0.999939 -0.0109068 0.001864870000000005 -2.438369999999969 0.0109274 0.999875 -0.0114049 -139.806 -0.001740250000000005 0.0114246 0.999933 0.5399480000000311
0.999939 -0.0110069 0.0008879390000000047 -2.4558699999999685 0.0110152 0.999889 -0.0100053 -141.144 -0.0007777130000000047 0.0100145 0.99995 0.5294610000000313
0.999942 -0.010626 0.0015110000000000043 -2.4751899999999685 0.0106391 0.999903 -0.00894109 -142.527 -0.0014158400000000044 0.00895666 0.999959 0.5221380000000316
0.999948 -0.0101418 0.000665179000000004 -2.487959999999968 0.0101467 0.999918 -0.0078166 -143.844 -0.000585850000000004 0.00782294 0.999969 0.517217000000032
0.99997 -0.00773425 -0.0006629929999999967 -2.5113299999999676 0.00772953 0.999947 -0.00683428 -145.211 0.0007158139999999967 0.00682895 0.999976 0.5070240000000322
0.999957 -0.007074960000000002 -0.005982669999999996 -2.5342799999999674 0.0070376100000000014 0.999956 -0.006240860000000002 -146.562 0.006026559999999997 0.006198490000000002 0.999963 0.5009470000000326
0.999854 -0.009891390000000003 -0.013932199999999997 -2.549349999999967 0.009819380000000004 0.999938 -0.005227510000000004 -147.909 0.013982999999999997 0.005089940000000004 0.999889 0.48289400000003285
0.999691 -0.011343800000000005 -0.022128999999999996 -2.5656299999999668 0.011267200000000005 0.99993 -0.0035854700000000047 -149.25 0.022168199999999996 0.003335030000000005 0.999749 0.46175500000003317
0.999654 -0.008530510000000005 -0.024892099999999997 -2.5859899999999665 0.008476620000000006 0.999962 -0.0022696400000000055 -150.582 0.024910499999999995 0.0020578500000000056 0.999688 0.45711600000003344
0.999706 -0.004995160000000005 -0.0237443 -2.6099699999999664 0.004928640000000005 0.999984 -0.0028589700000000054 -151.95 0.0237582 0.002741100000000005 0.999714 0.45805100000003374
0.999785 -0.0026877000000000047 -0.0205504 -2.6324499999999658 0.0026105500000000044 0.999989 -0.003780120000000005 -153.309 0.0205604 0.0037256600000000043 0.999782 0.455387000000034
0.999806 -0.0027292300000000044 -0.0195255 -2.662299999999966 0.0026380800000000044 0.999986 -0.004692370000000005 -154.615 0.019538 0.004639950000000005 0.999798 0.4517870000000343
0.999714 -0.0058732100000000054 -0.023195 -2.6833799999999655 0.005755350000000005 0.99997 -0.005144900000000005 -156.0 0.0232246 0.005009940000000005 0.999718 0.44967700000003463
0.999534 -0.009142890000000008 -0.029122499999999996 -2.708199999999965 0.008967890000000006 0.999941 -0.006134100000000007 -157.336 0.029176899999999995 0.005870080000000006 0.999557 0.4391180000000349
0.999413 -0.010261000000000006 -0.0326952 -2.726999999999965 0.010077600000000008 0.999933 -0.005769040000000007 -158.686 0.0327522 0.005436160000000007 0.999449 0.4241270000000352
0.999333 -0.010792500000000009 -0.0348977 -2.7423599999999646 0.010588800000000008 0.999926 -0.006016360000000008 -160.014 0.03496 0.005642820000000008 0.999373 0.41309600000003555
0.999406 -0.011094600000000007 -0.0326316 -2.759739999999964 0.010886100000000006 0.999919 -0.006559680000000007 -161.359 0.0327018 0.006200550000000007 0.999446 0.4049870000000358
0.999511 -0.010482900000000007 -0.029448799999999994 -2.776609999999964 0.010245100000000007 0.999914 -0.008213520000000007 -162.738 0.029532299999999994 0.007907810000000006 0.999533 0.4137760000000361
0.999668 -0.008198990000000005 -0.024432099999999995 -2.7971599999999635 0.007984300000000005 0.999929 -0.008871650000000005 -164.125 0.024503099999999993 0.008673630000000005 0.999662 0.4094390000000364
0.999734 -0.007466090000000005 -0.021828199999999996 -2.8155699999999633 0.007255350000000005 0.999927 -0.009717960000000005 -165.476 0.021899199999999997 0.009557000000000005 0.999715 0.41506600000003674
0.999751 -0.008827050000000005 -0.02049919999999999 -2.833499999999963 0.008627150000000005 0.999915 -0.009819560000000005 -166.812 0.020584099999999994 0.009640270000000005 0.999742 0.404178000000037
0.999776 -0.008645600000000005 -0.019333799999999995 -2.8525699999999627 0.008461560000000003 0.999918 -0.009580180000000006 -168.169 0.019414999999999995 0.009414440000000003 0.999767 0.4010810000000374
0.999841 -0.006382170000000004 -0.016642299999999995 -2.873969999999962 0.006225700000000003 0.999936 -0.009436700000000003 -169.586 0.016701499999999998 0.009331590000000004 0.999817 0.40161900000003764
0.999918 -0.0035271000000000026 -0.012288799999999999 -2.899589999999962 0.0034192900000000028 0.999956 -0.008783280000000003 -170.985 0.012319199999999999 0.008740540000000003 0.999886 0.39680200000003796
0.999973 -0.0021830900000000017 -0.006953329999999997 -2.924569999999962 0.002123700000000002 0.999961 -0.008537530000000002 -172.341 0.006971699999999997 0.008522540000000002 0.999939 0.4031490000000382
0.999991 -0.0032607700000000005 -0.002734009999999997 -2.9492999999999614 0.0032361700000000005 0.999955 -0.00895346 -173.697 0.0027630799999999968 0.00894453 0.999956 0.4058470000000386
0.999986 -0.00533052 -5.1204099999996734e-05 -2.971339999999961 0.00532981 0.999942 -0.00936532 -175.113 0.00010112199999999675 0.00936491 0.999956 0.40135400000003885
0.999972 -0.00746854 0.0008217870000000037 -2.994769999999961 0.00747597 0.999927 -0.00944696 -176.483 -0.0007511740000000036 0.00945283 0.999955 0.3966810000000392
0.999961 -0.00869577 -0.001459479999999996 -3.0121599999999606 0.00868276 0.999924 -0.00869536 -177.851 0.0015349799999999961 0.00868235 0.999961 0.39017700000003946
0.999951 -0.008819100000000002 -0.004438209999999996 -3.02876999999996 0.008786070000000002 0.999934 -0.007407540000000001 -179.23 0.004503239999999997 0.007368180000000001 0.999963 0.3819530000000398
0.999976 -0.005107380000000001 -0.004691139999999998 -3.05305999999996 0.005082950000000001 0.999974 -0.005204740000000001 -180.695 0.004717599999999998 0.005180770000000001 0.999975 0.3829530000000401
0.999998 -0.0009559900000000003 -0.001644219999999999 -3.0809799999999594 0.0009495810000000003 0.999992 -0.0038944500000000003 -182.146 0.0016479299999999988 0.0038928800000000005 0.999991 0.3856820000000405
0.999998 0.00031249000000000045 0.001964710000000001 -3.103909999999959 -0.00030588700000000045 0.999994 -0.0033607199999999998 -183.536 -0.001965750000000001 0.0033601099999999995 0.999992 0.39526400000004075
0.999979 -0.0008041019999999986 0.0064194000000000005 -3.134959999999959 0.0008244789999999986 0.999995 -0.003172259999999999 -184.909 -0.006416820000000001 0.0031774799999999986 0.999974 0.40007400000004106
0.999958 -0.003961459999999998 0.008250340000000002 -3.161279999999959 0.003987029999999998 0.999987 -0.0030849899999999984 -186.358 -0.008238020000000002 0.003117759999999998 0.999961 0.4046620000000414
0.999945 -0.006590009999999999 0.008185180000000002 -3.1832599999999585 0.006619029999999998 0.999972 -0.0035235299999999982 -187.776 -0.008161720000000003 0.003577509999999998 0.99996 0.4077500000000417
0.999943 -0.007384009999999998 0.007660430000000003 -3.205329999999958 0.007412659999999998 0.999966 -0.0037186199999999984 -189.214 -0.007632710000000003 0.003775199999999998 0.999964 0.415222000000042
0.999947 -0.008280239999999998 0.006166650000000003 -3.2225999999999577 0.008303549999999998 0.999959 -0.003763819999999999 -190.633 -0.006135220000000003 0.0038148299999999987 0.999974 0.41216300000004236
0.999957 -0.0086509 0.0034748100000000027 -3.2464099999999574 0.00866395 0.999955 -0.003760569999999999 -192.051 -0.0034421300000000024 0.003790509999999999 0.999987 0.41315900000004263
0.999959 -0.00899546 0.0012538300000000029 -3.266459999999957 0.00900058 0.999951 -0.00414143 -193.531 -0.0012165200000000028 0.00415255 0.999991 0.408216000000043
0.999948 -0.0099096 -0.002320829999999997 -3.280829999999957 0.00989856 0.99994 -0.004724260000000001 -194.807 0.0023674999999999968 0.004701040000000001 0.999986 0.40484100000004325
0.999914 -0.011388500000000001 -0.006512419999999996 -3.2973499999999563 0.011356900000000001 0.999924 -0.004865220000000002 -196.231 0.006567329999999996 0.004790840000000002 0.999967 0.38961700000004357
0.999875 -0.011787900000000002 -0.010586999999999994 -3.312949999999956 0.011734100000000003 0.999918 -0.0051306100000000025 -197.726 0.010646599999999996 0.0050057400000000024 0.999931 0.3845310000000439
0.999938 -0.007511730000000002 -0.008263549999999996 -3.3296699999999557 0.007464660000000001 0.999956 -0.005712440000000002 -199.079 0.008306089999999997 0.005650400000000002 0.99995 0.3846970000000442
0.999997 -0.00233361 -0.0007279399999999982 -3.3582599999999556 0.00232916 0.999979 -0.00605583 -200.527 0.0007420569999999981 0.00605412 0.999981 0.39056800000004455
0.999954 -0.0017963799999999978 0.009471460000000001 -3.382389999999955 0.001865079999999998 0.999972 -0.007249969999999998 -201.98 -0.009458170000000002 0.007267299999999998 0.999929 0.39901400000004483
0.999857 -0.005437419999999997 0.016016400000000004 -3.403029999999955 0.005571449999999997 0.99995 -0.008335749999999996 -203.411 -0.015970300000000003 0.008423799999999997 0.999837 0.41313300000004516
0.999801 -0.007862749999999996 0.018352800000000006 -3.426269999999955 0.008029879999999996 0.999927 -0.009051069999999996 -204.844 -0.018280300000000006 0.009196639999999997 0.999791 0.4039460000000455
0.999835 -0.008177159999999996 0.016196400000000007 -3.4427899999999543 0.008321259999999997 0.999926 -0.008849379999999997 -206.307 -0.016122800000000007 0.008982699999999996 0.99983 0.4028240000000458
0.999876 -0.008605659999999996 0.013217000000000003 -3.4638499999999537 0.008705539999999996 0.999934 -0.007518349999999997 -207.752 -0.013151400000000004 0.007632469999999997 0.999884 0.38840900000004613
0.999905 -0.007970999999999999 0.011247700000000003 -3.488719999999953 0.008042539999999999 0.999948 -0.006329669999999997 -209.199 -0.011196700000000004 0.006419529999999997 0.999917 0.3797360000000465
0.999902 -0.0073625099999999975 0.011893500000000003 -3.5071099999999533 0.007433319999999998 0.999955 -0.005920939999999998 -210.704 -0.011849400000000003 0.0060087699999999975 0.999912 0.3779810000000468
0.999886 -0.007731539999999998 0.012967300000000003 -3.5283799999999528 0.007808729999999997 0.999952 -0.0059128099999999975 -212.155 -0.012921000000000004 0.006013399999999998 0.999898 0.37357200000004714
0.999865 -0.008671009999999996 0.013944500000000004 -3.5472399999999524 0.008752379999999997 0.999945 -0.005785319999999997 -213.585 -0.013893600000000004 0.005906579999999996 0.999886 0.3784530000000474
0.999874 -0.008567849999999997 0.013373400000000004 -3.5674799999999522 0.008644529999999996 0.999947 -0.005686169999999997 -215.07 -0.013324000000000004 0.005801059999999998 0.999894 0.37812700000004773
0.999884 -0.007359929999999997 0.013348200000000003 -3.589159999999952 0.007431089999999997 0.999958 -0.005289549999999997 -216.517 -0.013308700000000003 0.005388129999999997 0.999897 0.3736590000000481
0.999892 -0.007131439999999998 0.012880600000000004 -3.6098499999999514 0.007196469999999997 0.999962 -0.005008719999999998 -218.025 -0.012844400000000004 0.005100869999999998 0.999905 0.3722340000000484
0.999891 -0.007095989999999997 0.012987600000000004 -3.629459999999951 0.007155059999999998 0.999964 -0.0045078199999999975 -219.47 -0.012955100000000004 0.004600249999999998 0.999906 0.3711520000000487
0.999887 -0.006901849999999998 0.013365300000000004 -3.654359999999951 0.006957729999999997 0.999967 -0.0041385999999999975 -220.966 -0.013336300000000004 0.004231129999999997 0.999902 0.3731450000000491
0.999884 -0.006555219999999997 0.013720400000000002 -3.6780699999999507 0.006607419999999997 0.999971 -0.003762959999999997 -222.463 -0.013695400000000002 0.003853179999999997 0.999899 0.36908400000004943
0.999871 -0.006646959999999997 0.014638800000000002 -3.6974599999999502 0.006701239999999996 0.999971 -0.003662279999999997 -223.945 -0.014614000000000002 0.0037598999999999966 0.999886 0.3694940000000497
0.999877 -0.0064335099999999965 0.014295700000000001 -3.72128999999995 0.0064781999999999965 0.999974 -0.003081949999999997 -225.423 -0.014275500000000002 0.003174179999999997 0.999893 0.3741030000000501
0.999864 -0.006500279999999996 0.015142000000000001 -3.74357999999995 0.006540079999999997 0.999975 -0.0025804599999999967 -226.969 -0.015124900000000002 0.0026791399999999965 0.999882 0.3787280000000504
0.999881 -0.006516909999999996 0.013985400000000002 -3.7676999999999494 0.006555809999999996 0.999975 -0.002737359999999997 -228.438 -0.013967200000000003 0.002828719999999997 0.999899 0.38532300000005076
0.999892 -0.006205399999999997 0.013331900000000002 -3.7917999999999488 0.006241339999999997 0.999977 -0.002655609999999997 -229.967 -0.013315100000000002 0.002738529999999997 0.999908 0.38419200000005105
0.999903 -0.006695019999999998 0.012238400000000002 -3.8123899999999487 0.006730869999999997 0.999973 -0.002890289999999997 -231.355 -0.012218800000000002 0.0029723899999999975 0.999921 0.38608600000005133
0.999918 -0.007494549999999997 0.010350000000000002 -3.8362099999999484 0.0075278299999999975 0.999967 -0.003179729999999998 -232.882 -0.010325800000000001 0.003257389999999998 0.999941 0.38592700000005176
0.999919 -0.007734679999999997 0.010083500000000002 -3.8588999999999483 0.007764739999999997 0.999966 -0.0029454699999999978 -234.471 -0.010060400000000002 0.003023529999999998 0.999945 0.3871550000000521
0.999915 -0.007473889999999998 0.010662400000000002 -3.8834899999999477 0.007506929999999998 0.999967 -0.0030623899999999977 -235.927 -0.010639200000000001 0.003142169999999998 0.999938 0.3890900000000524
0.999903 -0.006898529999999997 0.012105300000000001 -3.906389999999947 0.006943019999999998 0.999969 -0.0036368899999999972 -237.436 -0.012079800000000002 0.003720579999999997 0.99992 0.38726100000005276
0.999885 -0.007611139999999997 0.013109100000000004 -3.9297299999999473 0.007664599999999997 0.999963 -0.004032529999999998 -238.976 -0.013077900000000003 0.004132549999999997 0.999906 0.3955540000000531
0.999871 -0.009732229999999996 0.012809000000000003 -3.945189999999947 0.009789779999999996 0.999942 -0.004438189999999997 -240.499 -0.012765100000000003 0.0045630099999999976 0.999908 0.3952360000000534
0.999868 -0.010306299999999996 0.012538800000000003 -3.9661399999999465 0.010371799999999997 0.999933 -0.005167449999999997 -241.964 -0.012484700000000003 0.005296819999999997 0.999908 0.3941050000000537
0.99987 -0.008737469999999997 0.013555100000000004 -3.988209999999946 0.008812359999999997 0.999946 -0.005474689999999997 -243.471 -0.013506600000000004 0.005593429999999997 0.999893 0.3881350000000541
0.99988 -0.007415619999999998 0.013622200000000003 -4.009429999999946 0.007507149999999996 0.99995 -0.006680169999999997 -245.037 -0.013572000000000004 0.006781629999999997 0.999885 0.3910070000000544
0.999864 -0.007752739999999997 0.014561900000000003 -4.026829999999945 0.007847539999999997 0.999948 -0.006464239999999996 -246.535 -0.014511000000000003 0.006577639999999997 0.999873 0.3895030000000547
0.999862 -0.008961339999999996 0.013988300000000004 -4.0494199999999445 0.009053239999999997 0.999938 -0.006520389999999997 -247.999 -0.013929000000000004 0.006646129999999997 0.999881 0.38701100000005506
0.999853 -0.009634059999999996 0.014196600000000004 -4.071349999999945 0.009723399999999997 0.999933 -0.006237449999999997 -249.527 -0.014135600000000003 0.006374569999999997 0.99988 0.3824480000000554
0.999847 -0.009746649999999997 0.014525000000000003 -4.089419999999944 0.009841749999999996 0.999931 -0.006490269999999997 -251.05 -0.014460700000000003 0.006632229999999997 0.999874 0.38573900000005573
0.999817 -0.009971849999999997 0.016332400000000004 -4.108189999999944 0.010079299999999996 0.999928 -0.006508009999999996 -252.592 -0.016266300000000004 0.006671439999999996 0.999845 0.37643000000005605
0.999806 -0.010142299999999996 0.016893300000000003 -4.126869999999943 0.010256099999999997 0.999925 -0.006661369999999996 -254.109 -0.016824500000000003 0.006833339999999997 0.999835 0.3755440000000564
0.999791 -0.010215099999999996 0.017732800000000003 -4.142919999999943 0.010336599999999996 0.999924 -0.006772689999999996 -255.656 -0.017662300000000002 0.006954569999999996 0.99982 0.37289300000005676
0.999817 -0.010641399999999997 0.015897300000000003 -4.163059999999943 0.010745099999999997 0.999922 -0.006451949999999996 -257.205 -0.015827300000000002 0.006621589999999997 0.999853 0.37263000000005714
0.999831 -0.011522799999999996 0.014322400000000004 -4.176769999999943 0.011615199999999996 0.999912 -0.006380319999999997 -258.732 -0.014247600000000003 0.006545599999999997 0.999877 0.36541300000005744
0.999863 -0.012509099999999999 0.010854500000000005 -4.196199999999942 0.012580899999999999 0.999899 -0.006569849999999998 -260.333 -0.010771200000000005 0.006705499999999997 0.999919 0.3586820000000578
0.999888 -0.011627399999999998 0.009447770000000003 -4.210479999999942 0.011688399999999998 0.999911 -0.006423279999999998 -261.854 -0.009372240000000004 0.006532989999999998 0.999935 0.35892800000005814
0.999897 -0.010775199999999999 0.009453610000000003 -4.231559999999941 0.010839599999999998 0.999918 -0.006787369999999998 -263.382 -0.009379700000000003 0.006889149999999998 0.999932 0.33722600000005853
0.999896 -0.012580999999999998 0.007053390000000004 -4.249829999999942 0.012627699999999999 0.999898 -0.006618189999999999 -264.955 -0.006969410000000004 0.0067065699999999985 0.999953 0.33980700000005887
0.999886 -0.014541799999999999 0.004045730000000005 -4.25718999999994 0.014571699999999998 0.999866 -0.007463939999999999 -266.546 -0.003936650000000005 0.007522039999999999 0.999964 0.3242660000000592
0.999901 -0.0137459 0.0029162600000000047 -4.27712999999994 0.0137687 0.999873 -0.00797377 -268.03 -0.0028062900000000047 0.00801313 0.999964 0.3085020000000595
0.999917 -0.0126404 0.0024958500000000043 -4.29237999999994 0.0126606 0.999886 -0.00826832 -269.595 -0.0023910500000000044 0.00829923 0.999963 0.30036200000005986
0.999913 -0.0127536 0.003257720000000005 -4.30599999999994 0.0127835 0.999875 -0.0093274 -271.156 -0.003138350000000005 0.00936824 0.999951 0.2857530000000602
0.99991 -0.012532899999999998 0.004872800000000005 -4.32377999999994 0.012583899999999999 0.999865 -0.010570099999999999 -272.708 -0.004739670000000005 0.010630499999999998 0.999932 0.2819650000000606
0.999903 -0.012314799999999999 0.006557170000000005 -4.337629999999939 0.012391699999999999 0.999853 -0.011818899999999999 -274.233 -0.0064106600000000055 0.011898999999999998 0.999909 0.2717910000000609
0.999893 -0.012326399999999998 0.007912430000000007 -4.355019999999938 0.012425999999999998 0.999843 -0.012656899999999999 -275.814 -0.007755180000000006 0.012753899999999999 0.999889 0.2541230000000612
0.999901 -0.011958999999999997 0.007428820000000006 -4.370509999999939 0.012059999999999998 0.999833 -0.013700499999999997 -277.351 -0.007263740000000006 0.013788799999999999 0.999879 0.2432080000000616
0.999901 -0.011450399999999998 0.008236810000000006 -4.388319999999938 0.011569499999999998 0.999827 -0.014560099999999998 -278.89 -0.008068660000000005 0.014653999999999999 0.99986 0.23756300000006192
0.999912 -0.010858899999999998 0.007678000000000006 -4.4101299999999375 0.010977299999999999 0.999819 -0.015548999999999999 -280.434 -0.0075077700000000065 0.0156319 0.99985 0.20159200000006225
0.999907 -0.011229999999999999 0.0077274300000000065 -4.425999999999938 0.011357099999999998 0.999798 -0.0165989 -281.993 -0.0075394600000000065 0.0166851 0.999832 0.1879600000000626
0.999906 -0.012338099999999998 0.006027610000000006 -4.444089999999937 0.012441799999999998 0.99977 -0.0174675 -283.582 -0.005810710000000006 0.0175408 0.999829 0.154317000000063
