1.000000000000471 7.1515401673522e-11 5.728126306614456e-13 2.2926105458509483e-13 1.8187452954267214e-10 0.9999999999920548 -1.242854396263089e-12 -6.078805687981248e-11 3.1917021109384436e-12 9.308134886830925e-10 1.0000000000074747 3.964731321026704e-12
0.9999980242662568 -0.0019096676580644784 -0.0008788933308606127 0.5667294568000623 0.001907685138205179 0.9999960169846955 -0.002243634870348906 -0.008381437746583838 0.0008831691539214689 0.0022419639346618505 0.9999969587490479 0.022837095112534518
0.9999940422322272 -0.0027122227312947056 -0.00219734985703337 1.1296757285190588 0.0027054255808981486 0.9999910603915594 -0.0030908837011127113 -0.004024807955060739 0.002205720823993388 0.0030849109513250614 0.9999928973762134 0.03813235150001482
0.9999810907554031 -0.004882975576444647 -0.0036182825681923027 1.680539642971123 0.004869869379486873 0.9999811660392534 -0.0036219522887788367 -0.0007397689988551102 0.0036359014406746343 0.0036042507912879204 0.9999867432053438 0.0511405703748056
0.9999641839607231 -0.0066647608807300154 -0.005161580162837826 2.2324507672786065 0.00663663320132684 0.9999633281017037 -0.005447707683425623 0.00030193435490308545 0.005197702261374155 0.005413263768789795 0.9999714879375734 0.0637043996777909
0.9999413304796474 -0.008260422001967985 -0.0070000094502128355 2.7948648236124516 0.008203549999434406 0.999933569463684 -0.008116254697764558 0.003827486614674926 0.007066587621558226 0.008058368622535058 0.9999421000566687 0.07580601328794964
0.9999204873270516 -0.009907682496330294 -0.007780887677903197 3.3554328552937576 0.00983148426884652 0.9999037601461875 -0.009770467102432229 0.003292030177326849 0.007876946228361267 0.009693194286863637 0.9999217525267612 0.08709315128070123
0.9999126088571628 -0.011185454446533558 -0.007083730103651613 3.9348639636747706 0.01111252216217134 0.9998857716860038 -0.010255341506040828 0.010017991033724891 0.007197636825810122 0.010175689671956657 0.9999226194568335 0.10052843708513194
0.9998927329159689 -0.012651004828975087 -0.007366181964784355 4.517623801019091 0.012571502218706159 0.9998628963290537 -0.010741348199530277 0.025263200905980217 0.007501067521501197 0.010647545267890596 0.9999153707549774 0.11426638340065103
0.999858692649412 -0.013516612585840821 -0.010028150911316215 5.106332884728359 0.013415747683005578 0.9998592758390373 -0.010065991371863306 0.03313358364737479 0.010162829425687803 0.009930035840234505 0.999899031511551 0.1310892152148201
0.9997926140177651 -0.014940192813720866 -0.013861171014239518 5.706557071728736 0.01482043224307366 0.9998518860222488 -0.008706476623523753 0.05421382155582971 0.013989115589571256 0.008499231049148757 0.9998664999599862 0.1477103342339009
0.9997115359625206 -0.016576476561574523 -0.01736265055051828 6.3077546251865275 0.016453127705801505 0.9998385422404128 -0.0072267180488285974 0.06500295674100828 0.017479709062059017 0.006938972088354955 0.9998229217970668 0.15871020276415354
0.9996954157646601 -0.0171701645110101 -0.017747182138704534 6.928274073873591 0.017076084261775516 0.9998396244581734 -0.005440980843126784 0.08779397616732793 0.01783771816339659 0.00513627061867391 0.9998279597771665 0.17253233326969103
0.9997453662329235 -0.01949578223712204 -0.011342948461537956 7.573480689107071 0.019455920933122536 0.9998038467980446 -0.0036180542038409405 0.1102850904769372 0.01141122807608559 0.0033964501032393976 0.9999287869690323 0.18298476815278814
0.9998044333788089 -0.01974030708605889 -0.0007272688164167767 8.235464432464298 0.019737660159543643 0.9997991121718113 -0.0034849131480482877 0.12808924011547387 0.0007959190998719388 0.003469881677848718 0.99999345444938 0.19961443441746796
0.9997954122015171 -0.019211699270648315 0.006302965485646144 8.912626063055948 0.019231081144106835 0.999809983063615 -0.0030328145834248353 0.13938117482073362 -0.00624350033842141 0.0031533911505316164 0.9999756047348679 0.21571774678015387
0.9997403625762163 -0.022055139996304082 0.005700448184094122 9.59384371260579 0.022069000365089794 0.9997539523541373 -0.0023737682218619043 0.16540310972266 -0.005646688915204514 0.0024989595020709922 0.9999806850696463 0.22850883967724697
0.9997239443433383 -0.023444327503292665 -0.0013698215503308506 10.27997416230293 0.02344471009406558 0.9997252392502848 0.00027990490023583703 0.19120667851341167 0.0013628786849981984 -0.0003119358027637632 0.999998816406377 0.23129452382103616
0.9996329833039866 -0.02603075143224837 -0.007450121685932311 11.002897613835215 0.026030935487650952 0.9996615390254102 -6.810175625949165e-05 0.21151761643703204 0.0074493729589008755 -0.0001258528319278369 0.9999724776706034 0.2308598702162621
0.9996013552994051 -0.027534024252446054 -0.006205968199191952 11.722687835801601 0.02752022156021448 0.9996183820390588 -0.00228964156569155 0.23962338579144082 0.006266649325771458 0.002117932524923481 0.9999782626615361 0.23504870671102496
0.9995757139036162 -0.028973015100111986 0.0029541417479203797 12.492967213652813 0.028984019236692093 0.9995732754226747 -0.0037419575044434646 0.25640685796131746 -0.002844463298357385 0.00382599474036344 0.9999890106737092 0.2437265238421023
0.9995109841386205 -0.029373145600943944 0.010730135597086798 13.261762467582475 0.02942417073310515 0.9995563588578196 -0.004625167197596002 0.28174190036624236 -0.01058949427950956 0.0049386327086008985 0.9999316570035601 0.2500554607272112
0.9993933231801476 -0.03207526349047826 0.013547039641641492 14.056468965613544 0.03215321032806008 0.9994673504296921 -0.005578636620314636 0.3059745481521994 -0.013360950949928403 0.006010841176689369 0.9998923263901603 0.2515616726555759
0.9993638777302611 -0.033216355444143544 0.013010583394299788 14.85560255011516 0.03331876560206979 0.9994143300445728 -0.0077407269153377005 0.33402248061820755 -0.012745796178859542 0.008169284272119085 0.999885792225166 0.25136786807539035
0.9994098356282763 -0.03264135114018233 0.01065946235414981 15.673788063283384 0.03272602528073916 0.9994330407248466 -0.007870491516050175 0.3681232491431025 -0.010396520418956829 0.008214681046797186 0.9999121236468773 0.2499673347567736
0.9994043470569838 -0.033887281475533944 0.0065921198885402895 16.510194553026615 0.03392577719528047 0.9994071196096443 -0.005807236023448063 0.39019733972450893 -0.006391431204005819 0.006027402566402044 0.999961533333372 0.24227606869283763
0.9995127478207004 -0.031179372524236082 0.0014856047628108316 17.359815458159034 0.031191008836313705 0.9994766039747129 -0.008596572188249135 0.4253398787672644 -0.0012168022552767662 0.008638729526307617 0.9999616482045869 0.24803511058099598
0.9994772377810666 -0.03201445087779505 -0.004591479728301359 18.226080624937524 0.03196040471899025 0.9994242902330267 -0.0113937420192062 0.44673208242355383 0.004953590984812292 0.011241032249993075 0.999924471985907 0.2548368220515273
0.9995107350862656 -0.029742598704693948 -0.009691234995567967 19.109179982810964 0.02964434947296915 0.9995095022895173 -0.01012632785567302 0.4868432037605779 0.009987655814676775 0.009834084743790045 0.9999017626242173 0.26764494421920126
0.9994485487102804 -0.03123797623776388 -0.011242064455716 20.01139968014813 0.031140261816993232 0.9994770036835506 -0.008763351338192437 0.5102054728168839 0.01150993036932535 0.008408451325424393 0.9998984476061689 0.2763615839617898
0.9994626555822547 -0.030985129935675728 -0.010657123316830202 20.931547718466547 0.030885769201965056 0.9994788400450457 -0.009369821478737538 0.5490053841988088 0.01094184504817619 0.009035625271548404 0.9998995043726998 0.2944815410480073
0.9994764409941038 -0.030207609990923714 -0.011603595629193287 21.872895325333243 0.030109952410879038 0.9995099976359532 -0.008498898038149143 0.584061120456217 0.011854674847212476 0.008145050858023127 0.9998965613699432 0.31509859928536993
0.9994608110814911 -0.029760352762959512 -0.01388033928408915 22.808864219130108 0.029691731955559103 0.999546438885234 -0.0051207212921888096 0.6190987555435131 0.014026359297562917 0.004705838558274972 0.9998907500332752 0.3374200494272519
0.9994691043155747 -0.028820174325158602 -0.01522669107019384 23.766090430850056 0.02880900740288433 0.9995845323129625 -0.0009540254165017012 0.658125837204608 0.0152478124586828 0.0005148572655951207 0.9998833633714633 0.35779459690688353
0.999486872459688 -0.028335709382541478 -0.014952240168668179 24.71004805327539 0.028346565894673357 0.9995983671582662 0.0005185150379825094 0.6888668423463904 0.014931487941397013 -0.0009420775036839004 0.9998877603820457 0.3831450514082187
0.9994907401330027 -0.028188705425252016 -0.01494519524345524 25.691408983862814 0.028212368352947305 0.9996013228140727 0.0013766726074399861 0.7213804258761753 0.014900487140454548 -0.0017976039367399996 0.9998869370529248 0.4108919604714074
0.9994936939070647 -0.02812292676885015 -0.014855524949739785 26.681562963007764 0.028150772427330502 0.9996022863118471 0.0016732673401419784 0.752425314246351 0.014802531630805166 -0.002090611293495163 0.9998880197810882 0.43700471174016486
0.9994705831972174 -0.029374838704299834 -0.013988111687581841 27.668892632456277 0.0294087331617248 0.9995652145317869 0.002226195226002877 0.785783806756559 0.013916623441547413 -0.0026363680659753533 0.9998992022709958 0.464867599286811
0.9994754239366228 -0.030081033483477126 -0.012022284766400092 28.680786891954273 0.030119657382767843 0.9995418036645849 0.003044042752478474 0.8219775011955383 0.011925162809880631 -0.0034045457020986376 0.9999227723987927 0.4904774013158233
0.9995333985185083 -0.028498268811126118 -0.010986977266929925 29.67147537716294 0.02853719304993678 0.9995874149842777 0.0033949296200610746 0.8503037705563188 0.010885637793015645 -0.003706879484947332 0.9999341864972142 0.5138156599657985
0.9995654170912422 -0.027010757927461455 -0.011831949690068908 30.687392100554682 0.027054353499845068 0.9996274628379131 0.0035401739423942024 0.8895718592769203 0.011731889443383929 -0.003858751470158551 0.9999241200708447 0.5429475552732708
0.9995340996704442 -0.027788043836204274 -0.012588000775011883 31.71097050253942 0.027858403384924502 0.9995966510060338 0.0054441964673272395 0.9152549130601249 0.012431672503578505 -0.005792362047777982 0.9999062493235221 0.5671800394406894
0.9995400600712535 -0.027878772726821523 -0.011916152799334608 32.732786551437805 0.027947359497812803 0.9995935112314516 0.005631358149364366 0.9604902397871696 0.011754256725570188 -0.005961805067081464 0.9999134286972949 0.5924678300983102
0.999566244918822 -0.02793105767567657 -0.009309792862477713 33.77014227381656 0.027972747283314742 0.9995989805114532 0.004370326669601342 1.0064419717007862 0.0091839938588882 -0.0046288464661784125 0.9999467745697249 0.6181227268548908
0.9995591925211105 -0.029154967445298965 -0.0056890284230460475 34.81851595441325 0.029179798637426778 0.9995642486033547 0.004332630246113964 1.0335392051280021 0.005560231985735286 -0.004496726813258225 0.9999745588755349 0.6393622729541024
0.9995551276580547 -0.029659610633341858 -0.003059676314441195 35.886363755810955 0.029673248478452412 0.9995496622747699 0.004520243624307937 1.0767741513017155 0.0029242323213238557 -0.00460901969436722 0.9999852100671759 0.6629602660492838
0.9995151111464239 -0.031033064187560064 -0.002705090259151967 36.94877661096559 0.03104476153695095 0.999508607452652 0.004376824298271325 1.098269841680329 0.002567929368801929 -0.004458676951554502 0.9999872814009242 0.6808649989706441
0.9995781113904508 -0.028797873361413383 -0.0038735663290465107 38.01060097172821 0.02881630608302177 0.9995728227194698 0.004786474511308994 1.1448393001041697 0.0037340715627485438 -0.004896087966085211 0.9999810658900795 0.6983583897500869
0.999608987969322 -0.02761348551147059 -0.004481934573591908 39.06595876728835 0.027639097003002894 0.9996009085625832 0.00575671262919179 1.1819094601897746 0.004321169633792145 -0.005878334091542693 0.9999731034680951 0.7163763873630216
0.9995859990682961 -0.02860172996157565 -0.0029971042971430493 40.137280914078254 0.028617746530308186 0.9995756179952796 0.005414338589107396 1.218474700281721 0.002840985563433956 -0.005497880940346648 0.9999813829364245 0.7347347038841241
0.9995230948393049 -0.030874714616444594 -0.000912572625895721 41.2330697123118 0.030878463716758335 0.999513173776966 0.004435719979016129 1.2532288556657625 0.0007751736038595098 -0.004461778342410781 0.9999897313837289 0.7557596207868351
0.9994308388281136 -0.033717898346741645 0.0014073833443891733 42.30025879999683 0.03371023067009459 0.9994185750377093 0.0051529212195656 1.2788928628227858 -0.0015803098726043553 -0.005102530697106307 0.9999855861341773 0.7757009345505578
0.9994868024100935 -0.0319989696034106 0.0014446331779264382 43.387472147541985 0.031990426259048375 0.9994725908397284 0.005607756870181043 1.3246808563680306 -0.001623302451992676 -0.005558669582893421 0.9999836067501786 0.7933708742285377
0.9994886134976645 -0.03190523592753671 -0.001948393871393039 44.44874535251633 0.03191755103938308 0.9994684200510687 0.0066691136329045525 1.3626045096818065 0.0017345869747186137 -0.006727894819356629 0.999975966451267 0.8134001919514907
0.9994800825947567 -0.03160791469634807 -0.006320780789128976 45.51836885987987 0.03166817759249895 0.9994514303893449 0.009677168249547265 1.406006024282588 0.006011449425680158 -0.009872317957335635 0.9999334870158983 0.8346788807641239
0.9994758870396273 -0.03165856278424312 -0.006822646885002165 46.58145014974092 0.031730463674564835 0.9994395356895391 0.010706180190351204 1.435204050099491 0.006479881893759813 -0.010917041412004834 0.9999195772708339 0.8562718325179494
0.9995251934557893 -0.03056081218236086 -0.004035566113306136 47.62846749559847 0.030597248393091272 0.9994888640015032 0.009280990122005466 1.4759914473324451 0.003749863711033673 -0.009400056132022327 0.9999489425427077 0.8758141182384925
0.9995289055209631 -0.03062031047367015 -0.0021496643788340344 48.73532733648527 0.030641379512912452 0.9994744244773285 0.010600826217671165 1.5051766798564215 0.001823933194859008 -0.010661663144732556 0.9999416700017085 0.8981821360840628
0.9995433648001254 -0.03019870200206715 -0.0007921474072511607 49.78276606432784 0.030204205584824097 0.9995091259183443 0.008284328475832894 1.560390916506462 0.0005415881841560307 -0.008304477130253483 0.9999655092815305 0.9163903801575587
0.999563180020327 -0.02952908057239034 -0.0009612017218316908 50.8929497819871 0.02953685409275735 0.9995191564489139 0.009461414765587187 1.586953366796887 0.0006813550929173524 -0.009485667278797585 0.9999546635307593 0.935933974428623
0.999569465948417 -0.029211109360602127 -0.0026370420697814966 51.92884928951172 0.02923178965493244 0.9995395291670444 0.008156944405065434 1.6271616337118955 0.0023975551602210144 -0.008230511249323513 0.9999630048845386 0.9554780908634193
0.9995602861435481 -0.029161563056729043 -0.0053605258696552095 53.02405981381727 0.029210913586754806 0.9995291114998377 0.009355700125744087 1.659885238406197 0.005085168866028226 -0.009508169187535744 0.9999416023566143 0.9744778947023365
0.9995456386602614 -0.029256571649153854 -0.007289033748067052 54.102164332246595 0.02931102529925157 0.9995425664043688 0.007490177676254425 1.6955351084742016 0.00706655684972551 -0.007700420028606114 0.9999457949353698 0.9979472050762331
0.9995128843427739 -0.0293247544502624 -0.010727721049888202 55.182089159158615 0.029393012993948392 0.9995483624193506 0.006267440028026696 1.7292064280496096 0.01053912575884541 -0.006579697340399509 0.9999227532378755 1.0258252397700793
0.9994820606184212 -0.02975433709255343 -0.012224857921343951 56.25525027001055 0.029819837832596032 0.9995417661424985 0.0052086439210500095 1.7589490315320058 0.012064219090509733 -0.0055704897659247625 0.9999121732390804 1.0541971331852538
0.9995002001900263 -0.029930487076624743 -0.010214586623779354 57.32945715400805 0.029975577559634477 0.9995413370953019 0.004297868854289921 1.778744201376174 0.010081254174333358 -0.004601906189117733 0.9999384627146721 1.085885615254772
0.9995325372800723 -0.030245674160729617 -0.0043993157206489945 58.39342826050599 0.030255965223582412 0.9995400145130212 0.0022928646441006634 1.81791078732591 0.004327948715738557 -0.002424888971176407 0.9999874482069067 1.110693748314617
0.9995929167938938 -0.02849353091037401 0.0015799472001636105 59.47906177993125 0.028492951927392998 0.9995936119337873 0.0003709253567796033 1.8508225922991224 -0.0015898750884541374 -0.00032575650004149385 0.9999984712723191 1.1296269671926307
0.9995943251403023 -0.028339985057726974 0.00285668969071649 60.56047311683712 0.028345146810357713 0.9995963188311227 -0.0017716714141100048 1.887780060646839 -0.002805324377253596 0.0018519120172023448 0.9999943560285752 1.1489934501887313
0.9995964876438131 -0.028417734476906476 0.00010372869940527326 61.6436724330681 0.028417951233296768 0.9995919575370726 -0.0027296449571351813 1.9157567619303557 -2.6117894613774534e-05 0.002731479784955915 0.9999965548191148 1.1685760192625225
0.9996238540866276 -0.027246439874422726 -0.003072260736524565 62.71841596123463 0.02723048350640465 0.999615691907927 -0.005111105711316343 1.9472655180166603 0.003210347472468667 0.0050255244382446124 0.9999824540054456 1.1838519238785497
0.9996053275287691 -0.027258412151612867 -0.006864295686141534 63.80977091690261 0.027244152347089455 0.9996265136345748 -0.0021653691207044468 1.9745563665618824 0.006920749276285865 0.001977505494005539 0.999974158836656 1.2075031594091008
0.9995821969763212 -0.02676098751371992 -0.010974099852035768 64.87281951253854 0.02674603345531021 0.9996413729962513 -0.0015064365443486567 2.0044357880639296 0.011010394460840081 0.0012123041062476927 0.9999384300274277 1.2325210667784867
0.999615687250656 -0.024984400481243323 -0.011999333592442894 65.92341767744574 0.025010171091851382 0.9996853442144824 0.0020027397252032598 2.0511874676488873 0.011945539524098523 -0.0023020763792370824 0.9999259685348618 1.258602508360485
0.9997313176296293 -0.021466574702196255 -0.008789935620709271 67.01967361078354 0.021514204420155756 0.9997544096571199 0.005359406259193197 2.0908578968646343 0.00867273192248302 -0.005547069119798586 0.9999472727132509 1.281405285709208
0.9997431894183826 -0.021766545469417975 -0.006389219885225816 68.09629241916099 0.021805558000086437 0.9997440229480794 0.006101287467697927 2.120383851092489 0.006254764127775456 -0.006239028869210526 0.9999607876335381 1.3076018910869687
0.9997761673088849 -0.02040903573907438 -0.0056088596777313674 69.19390213898741 0.020446299883122927 0.9997688302823198 0.006675612894163623 2.155314782892739 0.005471320080493754 -0.006788794177018737 0.9999620024087955 1.3337455022541962
0.9997894370678304 -0.02002221465589468 -0.004541674393993956 70.26568278898162 0.02004268089976664 0.9997886752642829 0.004510883442267273 2.175229575128646 0.004450405063099237 -0.00460096942748268 0.9999798876678868 1.3559933763834497
0.9997814341933374 -0.020695342696783546 -0.0030131051155247255 71.35070129944901 0.020708166585848238 0.999776458021476 0.004289238755828074 2.1857382899168796 0.0029236594485692016 -0.004350691021481362 0.9999861077851867 1.3810603067161293
0.9997717064760151 -0.02131784801255225 -0.0010466150675262891 72.44298918910222 0.021319881508981123 0.999770157822777 0.00206802459737155 2.2193694703145512 0.001002291686801775 -0.002089865916664163 0.9999971357012079 1.405239151255601
0.9997379278506023 -0.022867015411267087 0.0005473445057716537 73.51636843033148 0.02286680517075775 0.9997388821621971 0.00041424928815409027 2.227983976881931 -0.0005566629975930111 -0.000401624746372015 1.0000001899872006 1.4232965929973136
0.9998010043104905 -0.019944785834458544 -9.178895176462261e-05 74.61006587814646 0.019944780542439346 0.9998010020094062 -9.895229383018651e-05 2.2656994006244098 9.3745691663474e-05 9.710190500441579e-05 0.9999999936801036 1.4479504048847232
0.9997469445269056 -0.022191592640911736 -0.003827646753199963 75.67900374841588 0.022192951944630345 0.9997536644987671 0.00029334442723023585 2.285636039528943 0.0038201766759747196 -0.00037821117881646087 0.9999923909743276 1.4700122725658118
0.9997126642460618 -0.02332242247779252 -0.005554778033635274 76.73950159140223 0.023335189289052614 0.9997249975298547 0.002237406001711986 2.312497573128185 0.005501071748383663 -0.0023663929687927046 0.9999823382240833 1.4924364015489842
0.9997154995677078 -0.02351918130837149 -0.004045683264490705 77.8041514037114 0.023532642375340834 0.9997177166845166 0.0033180823801379385 2.3516502904724685 0.003966501616924522 -0.003412348625233451 0.9999867837477758 1.5149300420276026
0.9996982654290706 -0.024577122000089668 0.0001454867297778599 78.87549170796694 0.02457623994425526 0.99968794401486 0.004515337111015497 2.385684951525664 -0.0002564206122096556 -0.004510392164311694 0.9999897905560696 1.5373688098286291
0.9996400837745426 -0.02649937189504465 0.0041412595326521156 79.98130904680927 0.026478285569616747 0.9996361228511743 0.005067598725204612 2.424585087025544 -0.004274039425131072 -0.004956131427265344 0.9999787933742833 1.5554493278436425
0.999613818824509 -0.02731728655991334 0.005008676657777583 81.04016509531625 0.027285476465195614 0.9996079200553946 0.006311606763914241 2.453789434673004 -0.0051791175816561985 -0.006172502007690679 0.9999672611200968 1.5724594406250638
0.9996167667513592 -0.02748908766929307 0.003129774341517436 82.08562362129037 0.027467799409662222 0.9996003065757612 0.006646852972841108 2.5042850517818067 -0.0033112347822365105 -0.006558346655043348 0.9999729266728801 1.5852856223532814
0.9996398019936034 -0.02674576677650663 0.0023448890186646013 83.13225609334634 0.02672958306431015 0.9996204864897845 0.006674662557235645 2.5337822433374595 -0.002522524882038961 -0.006609574405180026 0.9999747115166122 1.603394837430078
0.999617763815229 -0.027533717089532186 0.0024246074472374863 84.18546862552611 0.02751701145875232 0.9995994524532684 0.0066895545495147864 2.5672490117136983 -0.0026078236037411677 -0.00662027107116825 0.9999747837315028 1.6216094872665783
0.9995960105187595 -0.028286396558814614 0.002794358969384022 85.21431615339097 0.028271599975160162 0.9995863520644492 0.00518626124603972 2.60242466934717 -0.0029399101854801716 -0.0051051670569818184 0.9999826374167915 1.6414970911797608
0.99956702698689 -0.029056044533575447 0.004646051214301934 86.2159403336907 0.029033208214629735 0.9995669164151788 0.004905325971603424 2.6241863572248985 -0.004786574887137119 -0.004768303448238422 0.9999770565979309 1.659931499609426
0.9995542526676863 -0.029067976836115287 0.006843728083238635 87.21501770074914 0.029043031205759705 0.99957141091656 0.0037142377091451025 2.6713663965728314 -0.006948768298236837 -0.0035138129246174614 0.9999693364157538 1.6759051047240705
0.9995394178869351 -0.029212921356329465 0.008240792974369443 88.20400867666733 0.029190195016549125 0.9995700735692249 0.002862913643597533 2.699393314734679 -0.008320889049307082 -0.002621029907084222 0.99996150854384 1.6929744733460876
0.9994375511741569 -0.03248373060759928 0.008350479668555056 89.17031507251271 0.03246806812295554 0.9994708094510243 0.0020080363812800366 2.7285432872338258 -0.008411295214404198 -0.0017357747711611612 0.9999626393748191 1.708890931564335
0.9993016873577273 -0.03648385099989853 0.008037054511041924 90.08392326198737 0.036474879819978115 0.9993336125607332 0.0012639310806592877 2.7732785173009216 -0.00807781766388766 -0.0009698990930905708 0.9999667000815399 1.7244444466088438
0.9992466545818777 -0.03817377907812702 0.007062045776681997 90.97454616434732 0.038165372365555526 0.9992707959594318 0.0013295017201707955 2.8135818097752057 -0.007107648965947469 -0.0010589741427045822 0.9999745494586905 1.7383378812788943
0.9990568005738063 -0.04278092898982409 0.0073998122480297196 91.89011223555859 0.042776977908922896 0.999084400249387 0.0006975190501963387 2.863390016221405 -0.007422871355126074 -0.00038032612340168845 0.9999727991768066 1.7516468834669439
0.9988445702212413 -0.04729645343488724 0.008466989125673677 92.73620598897745 0.04728646566269169 0.9988807179077032 0.0013712737474811181 2.8970048177441177 -0.00852235322247578 -0.0009693148530975779 0.9999637118710557 1.764550006173873
0.9986759777456974 -0.05058523820858651 0.009375516356013762 93.58942397137602 0.05055886195505383 0.9987161283956506 0.0030224737779287725 2.949188649440114 -0.009516372764418558 -0.0025444702929697705 0.9999518938586525 1.7792724073689636
0.9985638212848409 -0.052466860947084644 0.010866073384306838 94.39675357131408 0.05243304545405315 0.9986183608430681 0.003374034156402791 3.001629776131452 -0.011028148151305376 -0.0027994444257567683 0.9999348178720912 1.791239996509146
0.9984429783007028 -0.0546078993359288 0.011432519536023927 95.18361134994778 0.05454773948973583 0.9984959414841996 0.005509124524644519 3.050488945751272 -0.011716254578143986 -0.004876918579549278 0.9999190802150979 1.8034472417718161
0.9982962519106989 -0.05714902694264936 0.011773189397797274 95.9206519758027 0.0570676432029795 0.9983445568422904 0.007141909845259714 3.100657786004917 -0.012161891206710147 -0.006457869123404891 0.9999051912470109 1.814290835974838
0.9982075019345824 -0.058843154908377694 0.010920612424084687 96.6560972213853 0.058748118710452095 0.9982337911858767 0.008822471847146036 3.15361632504676 -0.011420475800720604 -0.008165090016180874 0.9999017068795407 1.8255986037296816
0.9980545282043587 -0.06193132211916971 0.0072323386876442216 97.34874177440042 0.06185161176791027 0.9980272709411944 0.010779071274363224 3.1977008990690288 -0.007885643830039285 -0.010310793073292877 0.9999152008544471 1.8382923804852216
0.9978643083049977 -0.06523866955871988 0.003149603178436773 98.00157785094241 0.06519214324945259 0.9977860850043142 0.013129504400672717 3.25350318231909 -0.003999178506592102 -0.012896074781014842 0.9999086066906884 1.849267819363342
0.9978654161167622 -0.06530065791976683 0.0003616164628587118 98.63877335291772 0.06528752178210856 0.9977494492978066 0.015275773937346452 3.315561622293842 -0.0013583268503309098 -0.015219586476705177 0.9998831345854313 1.8607819827377596
0.9978966685747573 -0.06482270689751074 -0.0003945500625355666 99.22827137576728 0.06481990324571751 0.9977488008453743 0.017189564342241344 3.354428898091042 -0.0007206087577372932 -0.017179043422484594 0.9998525305798687 1.8729175490238497
0.997899556705752 -0.0647868860726501 -0.00033083269008157487 99.8042535757167 0.06478073244146056 0.9977027317056009 0.019833694932448586 3.3944274802145777 -0.0009548986676156009 -0.019813481917539087 0.9998037115886476 1.8873372953345244
0.9979803609295733 -0.06351215374408577 0.0011202217111034697 100.38933360272559 0.06346958316461684 0.9977180237474319 0.023036165968119388 3.449092378119128 -0.002580746113045585 -0.02291849723490905 0.999733615322995 1.9002430779568602
0.9983009544966127 -0.0582127996340505 0.002587973942705539 100.90350510403087 0.05812585613385612 0.9979685083181936 0.02608533892586157 3.4753245924802854 -0.004101211694229385 -0.025890605451314462 0.9996565371851939 1.9140734017631393
0.9987441117159772 -0.04987827040287956 0.004697143476781779 101.4276908853894 0.04973599508912425 0.9984060558700741 0.02666714032124361 3.514476018210248 -0.0060197601260515024 -0.026400001738875564 0.9996338324139488 1.923444737463637
0.9991274156003841 -0.04106978139062055 0.007552074760358183 101.90990729376615 0.040851450151770684 0.9987976989466839 0.02708548408202824 3.5300022106707747 -0.008655391018159524 -0.026753399697979168 0.9996048854529322 1.9324265446589275
0.9995658926203954 -0.027985381951074736 0.009262278508306746 102.38804635300667 0.02773794704241864 0.9992812917942245 0.025847675600560484 3.552635827064042 -0.009979020827199519 -0.025579562584557212 0.9996228155853802 1.940464389561211
0.9998441508273065 -0.014718022568948141 0.009743085784400115 102.83510204381973 0.014466317715774155 0.9995723033041946 0.025414172353687484 3.5444240136999663 -0.01011299544853395 -0.025269241577881126 0.9996295458684992 1.9499225339609756
0.9999566529564757 0.00023965289292101027 0.009339279901430155 103.27116319237444 -0.000471317496550527 0.9996924588705449 0.024811207174449467 3.548088968715629 -0.009330453595373735 -0.024814530709984385 0.9996488881729793 1.9573390729832747
0.999830352516111 0.016967483516827874 0.00723594913535085 103.69016504706795 -0.017135504778973774 0.9995692609106123 0.02383819321796015 3.5296338058975576 -0.006828369798236721 -0.023958039621150024 0.999689386573277 1.967623644154356
0.9992516743001509 0.03851636506805539 0.003405634671609611 104.09018587750109 -0.03858510895534954 0.9989869827490188 0.023156132454675377 3.514343026434031 -0.0025102886711596854 -0.023270208312365086 0.9997263429508305 1.9731670502575158
0.99796103031296 0.06382319267014058 -0.0005246092230302172 104.50043491170429 -0.06379645267416297 0.997723168962995 0.021866527951864233 3.4778629482343764 0.0019190057544876222 -0.0217884195222955 0.999760800724045 1.9818321480658518
0.9957865373290518 0.09165886852300537 -0.002955731710128981 104.87705657502376 -0.09158401328821736 0.9956047222146155 0.01958220150246802 3.4280218597720813 0.004737611087610049 -0.01922895426242387 0.9998037404563328 1.9877668707643388
0.9924922115342724 0.12224649427503394 -0.003811776301987731 105.25817482940126 -0.12216486844991488 0.9923625577669866 0.017088244489645906 3.3679999376864798 0.0058716346981971404 -0.016494248441426728 0.9998462306987411 1.9959291334792908
0.9879499777025995 0.15468080827077962 -0.005300834756934983 105.6226497774778 -0.1545890771890142 0.9878700103617188 0.014673757970049292 3.297203472246787 0.007506289994492658 -0.013677490164925641 0.9998780119356818 2.0039926335847236
0.9817032695157897 0.19031237401303217 -0.006336011850750849 106.00570836614865 -0.19022269232227715 0.9816590679462585 0.012656681470126751 3.2037249810925843 0.008628488979527551 -0.011219833268200361 0.999899662537952 2.0134667492533493
0.973643812550665 0.22795953938919736 -0.007199237752822708 106.35038268446029 -0.22789522172662108 0.9736460944100519 0.00881955860209514 3.0995002905336633 0.00901999458394389 -0.006946429290984245 0.9999350930392833 2.0246964115909374
0.9635880885224709 0.26727772276164824 -0.007821117958301496 106.70872505246291 -0.2672305205411248 0.9636098135520591 0.006573676369518581 2.978978143377133 0.009293535004429462 -0.004244274777867539 0.99994809792547 2.0369355535497298
0.9511848615559338 0.3085126795679526 -0.008156220044569673 107.0348627889234 -0.30845949875709994 0.9512106689859613 0.007205922054187684 2.844252804608077 0.009981410575120784 -0.004338295113285215 0.9999404694581051 2.0504845208282476
0.9356561934837563 0.35283508510689354 -0.0074274551814986906 107.37208883197304 -0.3527625542636269 0.9356636562507495 0.009562115766994565 2.7137376002346127 0.01032344459791401 -0.006326740917387078 0.9999271502654944 2.0556690812370726
0.9173783715923833 0.3979739117203411 -0.0057550127647928795 107.7012678739131 -0.39791413387223096 0.9173759592676541 0.009233871093396037 2.5418703101910745 0.008954391488203107 -0.006180958126333361 0.9999406691399627 2.0669619429481036
0.8970701539878225 0.44186494084135225 -0.004429797585672884 108.00005389106477 -0.4418193150210772 0.8970634427826523 0.008503455054120902 2.372507699564143 0.007731224803871852 -0.0056710368077127074 0.9999544032295256 2.0716525721872574
0.8735238212868188 0.4867533092674725 -0.00524715420249718 108.29875313810108 -0.4867150432510185 0.873531966099732 0.007096470193353159 2.1740960318413807 0.008037782101949683 -0.0036450666479388833 0.9999612126134494 2.082520656193568
0.8490225332689431 0.5283131395566089 -0.00682372678746312 108.56270593283233 -0.5282699181123106 0.8490464521606208 0.007159348827800228 1.971914034670054 0.009576034765419624 -0.0024736687734790647 0.9999510145704362 2.095157248877113
0.8216902821643901 0.5698594721865767 -0.00925303761257447 108.83852182695527 -0.5697920285887651 0.8217389523927258 0.009043323284075755 1.7637918369083427 0.01275703237304869 -0.00215847910346836 0.9999167654428845 2.106340076136162
0.7923369494732838 0.6099900789626319 -0.01073098116430976 109.08804767284349 -0.6098602935038504 0.792399715225219 0.013136194990201851 1.544132139596587 0.016516198591246246 -0.0038638631867403904 0.9998563353014974 2.1160332720074972
0.7584663157745406 0.651634297665553 -0.010075677115312053 109.3572145160384 -0.6514017993624228 0.7584918893883974 0.01913913825808143 1.301291489136844 0.020114043030987537 -0.007953133586891733 0.9997657948370622 2.1270785927458817
0.7219055963881598 0.6919337602605701 -0.008978549411413305 109.58822569721723 -0.6916054657494733 0.7218745285865048 0.024049314125247752 1.0515649034919154 0.02312192868103321 -0.011151746696968771 0.9996708750253356 2.127946265854291
0.6834042245141603 0.729980923443416 -0.009293664292899406 109.81376957398732 -0.7296477076036898 0.6833988730576457 0.024093591436243962 0.7733478968831465 0.02393913892973229 -0.009684513764715429 0.9996669024281942 2.137672528962423
0.643320670922269 0.7655435493923733 -0.009011903364964036 110.02787690697583 -0.7652889732256515 0.6433512865322403 0.020771850013279032 0.4674355331544948 0.021699586154636893 -0.006466229161487464 0.9997440425454909 2.156276502565855
0.601909780209796 0.7985290483279799 -0.007485432609367598 110.21941562067545 -0.7983288331648934 0.601933009705006 0.01864614050072946 0.16372855002286021 0.019395197430478378 -0.005247450033681373 0.999798210085198 2.159823713404341
0.5563948622861133 0.8309058353897593 -0.004526240194441561 110.41542321375321 -0.8307577061794993 0.5563865268183869 0.016578063081520357 -0.1724418421971084 0.016293187635819245 -0.005463792337982562 0.9998526108955 2.1717814680095766
0.5098701971584814 0.8602472162151007 -0.0027181922806259542 110.58465343840278 -0.8601417225649812 0.509852435113843 0.014396426046866919 -0.490214983658743 0.013770347699893012 -0.005002251795301768 0.9998923677276758 2.176309321454244
0.4602209013819195 0.8878034381239872 -0.0014467066743809394 110.74190833111604 -0.8877615687227924 0.460213905265136 0.009146209839046397 -0.8548371913833102 0.008785818660040908 -0.002924960865736354 0.9999571933529448 2.199382305761895
0.4093548654952346 0.9123734720149949 0.0018397868877427425 110.88361907463216 -0.912342741287713 0.40932227524837544 0.009232235382404733 -1.2116461596643227 0.007670172775819184 -0.005457772791980467 0.9999558592563903 2.205319189015353
0.3580803100520254 0.9336794706800451 0.004634548000197979 111.00645563783452 -0.933629616439013 0.3579958795599156 0.013194019103830848 -1.564859748070364 0.01065979881724442 -0.009051474605507375 0.9999018103880593 2.2152464860652685
0.3076835401689722 0.9514649162108106 0.006663256897717846 111.11783691238628 -0.9513656498592624 0.3075242397927544 0.01822873796156694 -1.9635541518089714 0.015294930775865431 -0.011947869798048984 0.9998112200382735 2.2234900301002845
0.26135025876313184 0.9652302833217118 0.005080890443904725 111.20556108196595 -0.9650722953647715 0.261200879098489 0.02023356639340718 -2.3542575329196285 0.018202841429479182 -0.010191455223657995 0.9997828621383793 2.228265913781873
0.21879011979066815 0.9757712108217232 -0.0006616668961761595 111.28469247783634 -0.9755848802469804 0.2187615411672231 0.019449823399126816 -2.777891713684771 0.019123313966048418 -0.003609909166769191 0.999810339042109 2.2418627828959097
0.18360610087454315 0.9829682775900004 -0.007885472772144245 111.32923050688017 -0.982800671726608 0.1837247979776957 0.018687080788911722 -3.198944782292974 0.01981754503785506 0.004318800458917416 0.9997941011477612 2.2538049483577045
0.15217915790499806 0.9882959116471327 -0.010633913244709583 111.38679800700059 -0.9881437194857695 0.15235929964749323 0.01892777845279061 -3.644420781207641 0.02032642272759011 0.007627367650408233 0.9997645424475089 2.265172921189037
0.12455281933053454 0.9921819260257128 -0.007839105801784402 111.43749595018951 -0.9920475671243574 0.12467190066034167 0.017277144623907125 -4.102651203787641 0.01811947587754694 0.0056248522348466765 0.9998202800091239 2.2786588309933196
0.0992509233037279 0.995061965044468 -0.00128875896281042 111.4886018127876 -0.9949578376289334 0.09925923537730764 0.01439523353916989 -4.586004180758866 0.014452053101693658 -0.00014649078834747006 0.9998956413189647 2.2847199885545417
0.07486350697541885 0.997186139322044 0.0038796823191703973 111.53626031305888 -0.9971383012506962 0.07481754687564116 0.010870095379751423 -5.09167647482537 0.010549198616735016 -0.00468239697004427 0.9999331461489402 2.291715041842826
0.0531909884038871 0.9985840101712737 0.0004320506307983541 111.54138298275704 -0.9985545834202074 0.05318610290773656 0.007709799837082662 -5.6119903776093665 0.0076759071382826415 -0.0008414716868056327 0.9999699086883764 2.3062966844423856
0.03233055435222672 0.9994587754420196 -0.006069909418027281 111.54401036127204 -0.999446208655453 0.0323767636851922 0.007682282322731591 -6.142368888266621 0.007874646553390647 0.005818239453724984 0.9999523819625811 2.324054767229111
0.013663206973131304 0.999836499316669 -0.01183341152203113 111.53987929153548 -0.9998614527234142 0.01377416674839745 0.009350276084032987 -6.700479695650875 0.00951166652441656 0.011704045709745788 0.9998859262784714 2.3366617939174708
-0.00013109760413502927 0.9999307645505536 -0.011726363995967552 111.53852005847693 -0.9998906745245273 4.2010060044117125e-05 0.01476088036723227 -7.263876577890071 0.014760387557333225 0.011727041722016673 0.9998224295440911 2.342566490114731
-0.012600302282241705 0.9998935784208106 -0.007359484010202016 111.54594452081574 -0.999734497137463 -0.012455448299663491 0.019406691243283043 -7.862544782777515 0.019312934584869247 0.007601974122226964 0.9997841505819053 2.343694311432341
-0.018016176380743276 0.9997975207762029 -0.008934425797924746 111.52358467170058 -0.9996479831956434 -0.017837667605612402 0.01966484948327686 -8.477285203399264 0.01950146877981023 0.009285566716510877 0.9997663439863558 2.3534650241862196
-0.022026878326828755 0.9996081938224358 -0.017288202301323566 111.50523492124792 -0.9996351931361401 -0.021750335250333205 0.01602080813091669 -9.124430456727536 0.01563855045067709 0.01763480244146009 0.999721813577162 2.372226119690172
-0.02133272514041418 0.9995898962933918 -0.01908306649035828 111.48477223412605 -0.9996744994338119 -0.021059916800373543 0.014382066464771776 -9.790786840050234 0.013974215047534384 0.01938366562183059 0.9997140419407878 2.389405575551549
-0.01952509333040996 0.9996440565404491 -0.01815991984041383 111.4781210613927 -0.9997218561892792 -0.019279641562269266 0.0135944495410778 -10.464044027849331 0.01323946252392149 0.01842027866894269 0.9997425348926793 2.4046279182768173
-0.017760384173959035 0.9997447360464382 -0.013954192318845426 111.47470771705655 -0.9997412065541829 -0.017558645501306872 0.014447206580524372 -11.139176123270547 0.014198503338123877 0.014207102915393472 0.999797829675266 2.4159963364285986
-0.016395318477593734 0.9997913488535425 -0.012213862173838654 111.46615840705726 -0.999750141416593 -0.01620661858345866 0.015388849745940935 -11.877839276147952 0.015187672067690495 0.012463080455365684 0.9998065370610524 2.432314680486199
-0.0158728533483589 0.9998004971124246 -0.012153305300305775 111.46487627310405 -0.9997473286675708 -0.01567625924232079 0.016110383534749393 -12.549628392964554 0.015916654212011386 0.012405948505309674 0.9997967125906799 2.447548978036998
-0.014772347655524605 0.9998218381514286 -0.01178262807002041 111.45430111060624 -0.999773573567235 -0.014589314203378211 0.015467640526914432 -13.299715838076988 0.01529297068330087 0.012008497325610356 0.9998108618589028 2.465954139661091
