1.0000000000004707 -1.4418072846744678e-09 -1.161290161255657e-11 -6.2195804062525895e-12 1.6951947443433896e-09 0.9999999999920548 -1.105191034480766e-11 3.6506241606060197e-10 1.5377395537474747e-11 9.406225617705018e-10 1.0000000000074747 7.435607685124523e-12
0.9999920146810956 0.0038329378637834625 0.000837153596465046 1.2014604693453612 -0.003833478019116358 0.9999920263329579 0.0006365299164388154 0.0017252698952057886 -0.0008346981086241956 -0.0006397491130713296 0.9999999589859466 0.03693869383494335
0.9999930162341921 0.00352501979859824 0.0012266602686223666 2.405155882603567 -0.003526000125690809 0.9999930361802847 0.0007905218709050304 -0.0078818998766045 -0.0012238583906701338 -0.0007948485414471238 0.9999989475855234 0.05671855424068364
0.9999920076008938 0.003659232178367639 0.0017138688776065468 3.6031283385743755 -0.0036598800169968383 0.9999930512769253 0.0003741125719551255 -0.004667835293833196 -0.0017124849264381512 -0.00038039063755092886 0.999998941122181 0.07561640156013535
0.999989996836856 0.004374985131841587 0.0012316137294894553 4.799959492945124 -0.004374865701484016 0.99999004254819 -0.00010844018631423299 -0.007349396654085884 -0.0012320858399962253 0.00010304909263794977 0.9999989606149545 0.09570853984900934
0.9999739819618881 0.007033515546052077 0.001339104926460475 6.005597689893924 -0.007032988639478446 0.9999750733188901 -0.0003996605279611333 -0.010119348618050725 -0.0013418832775123702 0.00039023215872359136 0.9999989447192219 0.11132296935989942
0.9999659719328671 0.008211695751254024 0.0003954871507572738 7.198797762277812 -0.00821149054570884 0.9999660237539033 -0.0005093333266419271 -0.016902853615472488 -0.0003996505802254932 0.0005060650421381236 1.0000000043132298 0.13393577879360824
0.9999689897670323 0.00778344524284491 0.0008547590245449764 8.392772071477356 -0.0077832806667844975 0.9999700513019624 -0.00018852059679034302 -0.029711289601285117 -0.0008561912353281928 0.0001818633773330452 0.9999999589310056 0.1523247769324343
0.9999759732266228 0.00650756491920529 0.0022163742074274738 9.598536312351904 -0.006506050159414792 0.9999791120372046 -0.000688183538266726 -0.033070778530082036 -0.002220805859111292 0.0006737637885553389 0.9999969147361726 0.1724322365673244
0.9999879662702739 0.004178804096821555 0.002515060474275208 10.822431323909239 -0.004175074576825484 0.999990077432823 -0.00148827030134547 -0.03155993651419589 -0.002521255893826641 0.0014777418393041423 0.9999959562969033 0.19033049698530968
0.9999980126722046 -8.715615839321642e-05 0.002221720939364699 12.015060693352538 9.319043271476543e-05 0.9999959872797531 -0.0027172725767508244 -0.025974356855793176 -0.002221474012784639 0.0027174748432332425 0.9999940000480427 0.21108932890692406
0.9999970313061073 -0.001713224256798606 0.0016947278178125287 13.212960989343276 0.0017169492593720039 0.9999959696342319 -0.0022010338361820835 -0.024159469669414638 -0.0016909456487021659 0.002203942327010732 0.9999959990596611 0.22880224158828721
0.9999920427787938 -0.003512095269698907 0.002120560863829347 14.388525894734636 0.0035155224219470234 0.9999929333903965 -0.0016148076365745533 -0.02846728845177483 -0.0021148878322739453 0.0016222660016882338 0.9999960238308098 0.24738039181373384
0.9999950004344882 -0.002918812440007243 0.0014629232927996167 15.579456520823145 0.002918853697725988 0.9999959653665471 -2.9762052424521146e-05 -0.01347518264836182 -0.0014628331105912143 3.4036171154280924e-05 0.9999990341989647 0.2663904267922412
0.9999980019915613 -6.781255661773736e-05 0.0018460820144252047 16.78236038891591 6.878357933128498e-05 0.9999999972716478 -0.0005251428446622317 0.0013864361572556213 -0.001846044059554886 0.000525274628633822 0.9999980007367913 0.28341641060183836
0.9999970025273696 0.00011057135205777926 0.002617286379425093 17.98637354848724 -0.00010890269212311091 0.9999999993831776 -0.0006379574389517859 0.0016843012693989936 -0.0026173666040375625 0.0006376821264931326 0.9999959980894533 0.30305767823031937
0.999995017204282 -0.0011363346900736368 0.0029033361283991076 19.16764710459223 0.0011402883008897425 0.9999989663258625 -0.0013599685650471551 0.014177607314139463 -0.00290177845149096 0.0013632740436760756 0.9999950164698557 0.31963392628304377
0.999998011409473 -0.0012837460864560631 0.0017342232528342648 20.367320060749112 0.0012854840734726394 0.9999989788641804 -0.0009982137716602257 0.021319557901061506 -0.0017329452572560598 0.0010004469733076765 0.9999980097263467 0.33815606348114463
0.9999970090195104 -0.0018412196422857667 0.0013653753922720138 21.558953537687103 0.0018420805214290033 0.9999979781496369 -0.0006301482906350442 0.03461974519501007 -0.001364207937616776 0.0006326572217122081 0.999999012830853 0.35532695757603705
0.9999950107517876 -0.00261071895717651 0.0017132317729411832 22.77492319806978 0.0026116506550323947 0.9999959621760386 -0.0005468159104981765 0.03450353433754791 -0.001711807130491452 0.0005512866311017738 0.9999980270721741 0.37369335844681634
0.9999980050713193 -0.0016877559755235456 0.0011975834134400351 23.987153668852613 0.001688227719657744 0.9999989827673214 -0.00039525845950104973 0.044164864797820114 -0.001196922936016637 0.00039729198227884044 0.9999990121613596 0.39224593665344276
0.9999969961975842 -0.0026225153799980384 0.0002533141905889545 25.17064776750949 0.002622464698820351 0.9999969945068315 0.00020832514654988254 0.045718884331803294 -0.0002538643485329407 -0.00020765312676071388 1.0000000092955845 0.413398130682026
0.9999949780810471 -0.0031139654062384246 0.0009396597115205055 26.388068944577352 0.0031130399231937 0.9999949778930153 0.0009908906801701215 0.059106325579905056 -0.0009427445886159855 -0.0009879536725006621 0.9999990440259375 0.4319433248024615
0.9999860090081749 -0.004368800768672593 0.0028933957473904004 27.56725893109705 0.004369622167629816 0.9999908964955301 -0.0002758883087612214 0.0652314084138405 -0.002892145987429752 0.00028853105483721996 0.9999960944962953 0.44901075642533017
0.9999890217715524 -0.0033708540788054716 0.0033001934841827424 28.758945797091236 0.003373483642078087 0.999993905625726 -0.0007910481007145988 0.07276627661199211 -0.003297517048322875 0.0008021750596350866 0.9999940726027219 0.4664238368610537
0.9999790480439815 -0.0060904038298706005 0.00238850910612177 29.963527241484385 0.006093062933113024 0.9999808771727523 -0.0011100191385205974 0.08276268680206796 -0.002381707309399899 0.001124540693873985 0.9999970747832664 0.48351513596324736
0.9999910355659726 -0.004115301512643254 0.0009815807685787815 31.134306359244032 0.004116537033953037 0.999990964762588 -0.0012582373639480463 0.10383198721358397 -0.0009763896916105382 0.0012622607968333086 0.9999989996714395 0.5009866303757784
0.999996021303175 -0.00264499642586908 0.0007912737238482742 32.339538367683986 0.0026459059938382197 0.9999959812674668 -0.0011513274771981215 0.10601067691978228 -0.0007882237160428286 0.001153417516659188 0.9999989974293585 0.5179520628771513
0.999989037320202 -0.0044194522047534554 0.0014769758370516209 33.52735027424644 0.0044212266103778 0.9999899436933223 -0.0012005899775118305 0.11504371178996614 -0.0014716528420679695 0.0012071094314192166 0.9999980189864761 0.5369492392353061
0.999984045275732 -0.005451782967414353 0.0016717477131688047 34.73652079058525 0.005453775079216096 0.9999849221576662 -0.0011937395047870833 0.12545300764278505 -0.0016652232598909737 0.0012028446898167688 0.9999980325666021 0.5542901585650004
0.9999920586345572 -0.0036686928439762937 0.001370326373330219 35.94100754713887 0.003671746494035798 0.9999909535478699 -0.0022318659635442465 0.14198333805384084 -0.0013621079570641393 0.002236874088322026 0.9999969878175731 0.5768861568961196
0.9999681019397157 -0.0076953071294037015 0.0019880207478992704 37.1425607334848 0.007699123848856961 0.9999688683141272 -0.0019206763071615584 0.14574995116781048 -0.001973178714992279 0.0019359287678315281 0.9999960297461573 0.5896154628104662
0.9999611488135323 -0.008454874404212014 0.002577023873486975 38.35950135352861 0.00846135750648343 0.9999608110624375 -0.002514003576961432 0.16105641433004095 -0.0025556637684957684 0.002535699701569672 0.9999940401240306 0.6116159892989609
0.9999890599686634 -0.0031358733134895286 0.0035319291370811178 39.54184976140843 0.0031438136219508056 0.9999928961447316 -0.002245405559079965 0.18581218984452916 -0.0035248692483041896 0.0022564921475188298 0.9999910438866051 0.6260615204108386
0.9999880413757194 -0.0022666503452932153 0.004237139808907134 40.72706918462012 0.0022745083494291793 0.9999959084445266 -0.0018499923063332458 0.18956032223610264 -0.004232926285290502 0.0018596152540662069 0.9999890501797541 0.6460816828656955
0.9999900181045773 -0.001864333296477458 0.0040199879924021215 41.95237024404675 0.0018681271605958986 0.9999979330202121 -0.0009398244404619227 0.19075717898090716 -0.004018230946136275 0.000947334514089112 0.9999910488752111 0.6593377150372329
0.999985986975386 -0.003553459858911658 0.004031979732628405 43.147530554304126 0.0035517842895713006 0.9999938881070763 0.0004216418776725685 0.20181328066030116 -0.004033448873491164 -0.00040731649065068546 0.9999921249175378 0.6775396328428402
0.9999758719892686 -0.00414661383268275 0.005532901899024935 44.34704421805113 0.004127443566748839 0.9999858519489186 0.0034713194605861847 0.20374015117121033 -0.0055472171303265275 -0.0034483823947635134 0.999978276061813 0.6886617544973348
0.9999629034514531 -0.002128780026882355 0.008378480921042118 45.563647042481435 0.0021008050525869334 0.9999919117160807 0.0033466558873641882 0.232757373985518 -0.008385545563318057 -0.0033289216735515378 0.9999591848324664 0.7042266522010417
0.9999319016098531 -0.00018340335153784783 0.011632049827009881 46.74977444314651 0.00013147853109535994 0.9999900862525493 0.004464722879762085 0.22633314551620717 -0.011632795778026056 -0.004462879160967853 0.999922012137598 0.7126689523209918
0.999889910725845 0.0011968011090235599 0.014792059588666126 47.97128176549297 -0.0012678514557043022 0.9999872857967474 0.0047945686308752825 0.22608535684720113 -0.01478611117381409 -0.00481279639002516 0.9998788034774077 0.7170244009470569
0.9998669087899168 0.0009406247051849676 0.01630309781700101 49.16154466074891 -0.0010050647206627657 0.9999912562218808 0.003944489044090169 0.2184175932960021 -0.016299240638468136 -0.003960365765586429 0.9998598349882025 0.7219675451195438
0.9998889803392146 0.0030699326846127173 0.014551649959776081 50.36646333871734 -0.0031170428588342385 0.9999904560117705 0.0032159749687135433 0.22602819954645703 -0.014541616164224468 -0.0032609653709965328 0.9998885636490152 0.7226625356257796
0.9998970445340195 0.0053384920380164565 0.013333380820701438 51.557307682609306 -0.00539320977328143 0.9999766811494814 0.004070708760340378 0.21389452335073803 -0.013311366409983427 -0.004142205375380142 0.9999032743164994 0.7260360378217798
0.9999140130952459 0.003849637166391213 0.012526100142491734 52.775625810295196 -0.003909533051792494 0.9999815061550461 0.00476068606464577 0.20548253635668506 -0.012507514124894401 -0.004809237695210807 0.9999104807497081 0.7224839857991902
0.999918922314451 0.000804098627728635 0.012728516886913552 53.975621547927204 -0.0008602404898804918 0.99999019477275 0.004405849734083955 0.20635791859484273 -0.012724920450347982 -0.004416425768289614 0.9999088829127992 0.7327165123420726
0.9999288992859167 -0.0003822016823606636 0.011947912894094866 55.17224741671953 0.00033180815653793263 0.9999910641718999 0.004219359625150204 0.22555602923731544 -0.011949429130106257 -0.004215096399265616 0.9999200365421838 0.7372815128288447
0.999926981284136 0.0026758419372974276 0.01180590071052444 56.37087834642117 -0.002737338138676276 0.999982375224043 0.005195340063989563 0.21776947628056006 -0.01179178704568511 -0.005227275656664135 0.9999166434918212 0.7395635651266559
0.9999169539939567 0.0020517666915851815 0.012733313993286081 57.5914485538003 -0.002114640249920481 0.9999853351863176 0.0049258186204323 0.23504057916532228 -0.012723001558753532 -0.0049523396266320805 0.9999067108197259 0.7461053032199019
0.9999068739236748 0.00024889035884542265 0.013659858524480262 58.80656097233189 -0.00032463762712919386 0.9999841785237815 0.005543140812418684 0.22449044228071385 -0.013658285425495914 -0.005547063328884757 0.9998909475525437 0.752287687658207
0.9999098695158659 0.0003394092834905658 0.01339757792492033 60.03740253468764 -0.0004202904433002761 0.9999821971365968 0.006034872836665666 0.2308700870737074 -0.013395274124045238 -0.0060399515247558854 0.9998919333475376 0.7556808909931947
0.9999147795222278 -0.0018741509676496407 0.012927213923881346 61.24153844922276 0.0017930925534554798 0.9999789655317074 0.006279670836655579 0.237233612522791 -0.01293867007250444 -0.006255939344178178 0.9998962549460649 0.7622404179159841
0.9999127262426935 -0.004154421346719781 0.012531103379420722 62.45575257592547 0.004084997179045248 0.9999767185125805 0.005560680717923513 0.24131011344033446 -0.012553870514246803 -0.005508984319768714 0.9999055552447264 0.7648757858679254
0.9999348903055535 -0.0005026425113319592 0.011415663143615078 63.628587274323316 0.0004498934138925557 0.9999890586567824 0.0046228342815139035 0.24586157732444203 -0.011417921828695565 -0.004617391188728537 0.9999240510376642 0.7762185289073054
0.999919934890424 0.0013627984543714306 0.012559963732288067 64.82688701798662 -0.0014233682551849844 0.9999872583274726 0.004815339814056305 0.2705241378715191 -0.01255321579386259 -0.004832836426636655 0.9999098067821036 0.7810226254665344
0.999899907553608 0.00036787107066490955 0.014177063713582669 66.02683961290077 -0.0004249708864755659 0.9999921580377127 0.0040247507696278394 0.2602294658688972 -0.01417544034190659 -0.004030371523562273 0.9998919344086795 0.7845099236291491
0.9999109336445667 0.001660397463878626 0.013217132701138515 67.21775550150714 -0.0017296219494702158 0.9999853142377739 0.005228264931784597 0.26444343658691977 -0.0132081897439571 -0.005250643829642966 0.9998987521176596 0.7922227932241397
0.9999339078669489 0.0013373078709892044 0.011428504325985488 68.4002973373676 -0.0014294727173342074 0.9999663022731906 0.008059421157798695 0.27004002610200395 -0.011417292280159856 -0.008075210412953256 0.9999017898598608 0.7992312163022685
0.9999235236859046 -0.0033029061185691714 0.01192185730803251 69.6084614311457 0.0031688660269996896 0.9999319434602275 0.01124418149368476 0.26759244686705663 -0.01195822862727713 -0.011205570669482825 0.9998655328538681 0.8025141832836118
0.9998638587808518 -0.011127908379539326 0.012192826098696536 70.78643681317 0.010979063326662314 0.9998651895181393 0.012207069161674387 0.26063907620004406 -0.012326972471888097 -0.012071500120908607 0.999850951701009 0.8109117613770762
0.9998556961951743 -0.011834757953371066 0.012208916209084764 71.9787293271675 0.011672290087868187 0.9998431430327641 0.013289296345850183 0.27972089211876877 -0.012364332065907448 -0.013144830248618775 0.9998371607720616 0.8155653272921455
0.9998880318501123 -0.007421440727978623 0.012982041653230796 73.15980319921066 0.0072438313895487536 0.9998805666703985 0.013675490709408974 0.2934350087739311 -0.013081970728737052 -0.013579900906974984 0.9998224014794895 0.8244555749912722
0.9999058259826928 0.0018118994563748748 0.013584136776396749 74.350073286851 -0.0020122661033507485 0.9998895858474113 0.01475070654626053 0.3199999889489748 -0.01355598748982986 -0.014776604902001021 0.9997985881698958 0.8272204978523611
0.9999231427726214 0.004718419913124592 0.011438651532115172 75.52724489864951 -0.004868617401099581 0.9999017212094747 0.013139295261976195 0.30016219042004333 -0.011375525127837075 -0.0131939909931446 0.9998481360179042 0.8320777190933539
0.9999345817738693 0.009327745983004595 0.006675156063020249 76.71672936180845 -0.009406246723782546 0.9998856415990897 0.011826432378804777 0.2839179985023091 -0.00656409167886147 -0.011888502652003342 0.9999077766270412 0.8506609301000456
0.9999149056997555 0.011978430987646786 0.005221433121975201 77.88711472921553 -0.012046072283057008 0.9998416154585739 0.013119537563680362 0.28818679436025796 -0.00506345345987589 -0.013181258661622775 0.9999004788416707 0.856844163368752
0.9998728188636982 0.013210871601005142 0.008943030513447345 79.06948334344844 -0.013314287511394893 0.9998441314556751 0.011604298717368053 0.28191011542966476 -0.008788328650651558 -0.01172182983713678 0.9998930496806272 0.8661687442390489
0.9998028447949177 0.015919682315621773 0.01190057392713127 80.22483815646666 -0.016040867478349895 0.9998197375755133 0.010160463081860006 0.26805500393378595 -0.011736694734642202 -0.010349347565928651 0.999877417629569 0.8818135118393338
0.9997065737596612 0.022502563871015298 0.008965335371987949 81.38970972076446 -0.02260926094262323 0.9996727809554592 0.011989203568634338 0.25670267154703946 -0.008692619284990521 -0.012188319627780242 0.9998876452848797 0.8850992281140755
0.999660704795235 0.025335040478985715 0.006071547603776129 82.57017891504053 -0.025400924720975323 0.9996163085753859 0.011044323168803457 0.22729210238113204 -0.00578940669777616 -0.011194858180491494 0.9999209866293794 0.897512861441954
0.9995849144629709 0.028635096427050043 0.003044850297256053 83.71516595545475 -0.028665943943206377 0.9995326930432226 0.01061557181542786 0.1884128808184195 -0.0027394415554482018 -0.010698508160469716 0.9999393924938067 0.9150964839812775
0.9995149334295105 0.0310749107137386 0.0021659184084601244 84.8561130255966 -0.03109469921982482 0.9994685040535927 0.009804011685727006 0.1505108516134571 -0.0018601036089153315 -0.009866592758156049 0.9999495625168969 0.933642564424547
0.9993510431861626 0.0357861908831369 0.003988332323681 86.01638385733239 -0.035821179733343915 0.9993171202017977 0.009085915752465064 0.11130414185300273 -0.003660452521781315 -0.009222886342866657 0.9999508366120398 0.9501102213348677
0.9992064898445943 0.03954550459399387 0.004838794474535067 87.20787136154784 -0.03959249484443511 0.9991655074644992 0.010031858179433592 0.06795299096686927 -0.004438053158762157 -0.010215478959195645 0.9999380026909068 0.967393239468956
0.9991936669944605 0.040052362650625534 0.002959089826822879 88.3473840133183 -0.04008139486233757 0.9991408808462652 0.01050421482137583 0.009356654474221853 -0.0025358433518027574 -0.010614309125004481 0.9999404521592745 0.9865081718246934
0.9990270560164971 0.0440865865983438 0.0008420687420852028 89.4992965250209 -0.04409311565660573 0.9989691557997905 0.010825124951174417 -0.022165140712641144 -0.00036395857694749515 -0.010851723524842176 0.9999407881837127 1.005922396359343
0.998931179281968 0.04622299177601639 0.0005301266031252413 90.596377726802 -0.04622607308024527 0.9988730337010407 0.010734653342885503 -0.06164652497264869 -3.3339308297028816e-05 -0.010747685522618263 0.9999427870169915 1.0227795482138393
0.9988218294299783 0.04851475224402492 0.0014758231638013763 91.77576779385545 -0.04852636446956176 0.9987804275965085 0.009156756018165691 -0.10910189285005226 -0.001029797970339262 -0.00921756648355207 0.9999567429735136 1.0433206210453265
0.9987566364334618 0.049770981136839275 0.0028750334493569856 92.91782890281411 -0.04979350837192586 0.9987250228336553 0.008358407431518361 -0.16479375280329814 -0.002455356120827692 -0.008491162550769454 0.9999613407328833 1.0596380260187226
0.9986395592573784 0.051966096264390485 0.004272446739702488 94.08421297166252 -0.05199822468338831 0.9986166674386877 0.007796812603518992 -0.21938228514425342 -0.0038613626205728753 -0.008008374180483672 0.9999607733039343 1.0758460623709445
0.998577030367503 0.053045822016462914 0.005577549324428031 95.2502457972972 -0.053079524107000675 0.9985722780085954 0.006079014519490659 -0.2812552051091862 -0.005247134652673942 -0.006366395899254682 0.9999656916239018 1.090760399386638
0.9984207737061875 0.056064685716907176 0.003484165161891161 96.39159300721579 -0.05608178409743871 0.998413433184122 0.005030796044261073 -0.33278942874289513 -0.003196577159115804 -0.005218260903182406 0.9999817931096906 1.1066535757691682
0.9984152775954686 0.05628409338966413 -8.375386227795802e-05 97.54895692742693 -0.05628345137047065 0.9984078084065388 0.003675919924320366 -0.386800103879653 0.0002905054482308083 -0.0036653743325386454 0.9999929139979931 1.121181995851559
0.9982316129074876 0.05938845913822832 -0.002819377494500501 98.69894216223322 -0.05937571684538555 0.9982264501177411 0.004402680032668989 -0.4500326064493911 0.003075829658598714 -0.004227476332956147 0.9999859369747711 1.1365484091604416
0.9981606548093616 0.060486258140537125 -0.004115609468038306 99.85930455953988 -0.06046780397306482 0.9981597773349633 0.004455090289265988 -0.5156605664856465 0.0043775068394003355 -0.004198033146583091 0.9999815678556754 1.1552424401669974
0.9981388464009755 0.06089838076970121 -0.0033521520389654326 101.05450155149926 -0.060881568295801464 0.9981331307026154 0.004896357415549268 -0.5909293566752358 0.003644062215036949 -0.004683149505591489 0.9999820228964091 1.1769022717769921
0.9981527441626182 0.06072894100355858 -0.0019433997103590409 102.23264849302741 -0.060719393599134364 0.9981438413328474 0.004636912178941634 -0.6591598734332756 0.0022213773149240904 -0.004510348437397096 0.9999874145045343 1.1992748953426962
0.9982553119967383 0.059055101402201333 0.00024897496789770546 103.42781453356424 -0.059055619152972395 0.998247952519372 0.0036059227822206595 -0.7248128959663648 -3.559529922435734e-05 -0.00361433878354449 0.99999373548389 1.2204843080483354
0.9983194334974124 0.05794824800113027 0.0010390581456684624 104.60887015478464 -0.057952022446584206 0.9983113251564851 0.003981621193953338 -0.7835185031061841 -0.0008065839966697888 -0.004035140381647182 0.9999912413461026 1.2363153468364516
0.9985103889473643 0.05452783648542466 0.0018361405935512515 105.7998784743705 -0.05453503173504411 0.9985036699656389 0.004080371357565422 -0.8458255192552232 -0.0016108947212413963 -0.004174417111025538 0.9999899410869968 1.25376155172013
0.9986535926191292 0.05185691118447119 0.001712643999909099 107.00483199771935 -0.05186470574263668 0.9986425849148967 0.004888636747575062 -0.9004792143911886 -0.0014568095070526654 -0.004970881525839031 0.9999868224659744 1.268063165906572
0.9988339447342189 0.04826133881232653 0.0013928711172047827 108.22473779003286 -0.048269263287496825 0.998814415505234 0.006366146824131728 -0.9679767781970188 -0.00108398418535294 -0.006425944321308343 0.9999786397605473 1.283259880521727
0.9989558759111551 0.04564360279858465 0.001834372025129186 109.45279236350973 -0.04565466637606745 0.9989365675100356 0.0064932277704594175 -1.005672197351387 -0.0015360369402181067 -0.006570195906888096 0.9999775565788095 1.3008144961632948
0.9991577817996357 0.04092538726228783 0.002833300477524889 110.64380622569834 -0.04094408058513633 0.9991378624721038 0.006893200935471479 -1.0543822540078447 -0.0025487374933488866 -0.00700340821548653 0.9999723557282608 1.3144610588398813
0.9993545478165736 0.035711486658815725 0.0038956319878605808 111.87185049115466 -0.035737768888781773 0.9993370876176491 0.0069090258978648685 -1.100156844267908 -0.0036463256814711527 -0.007043782915360647 0.9999683645657775 1.331183286535363
0.9994813941831611 0.03190359756330943 0.004419226387322797 113.08990703266278 -0.031934019283249654 0.9994651260256826 0.007008896431914276 -1.128183599931551 -0.004193266474092138 -0.007146377349125071 0.9999654797911566 1.3464853442812843
0.999633223810732 0.026693775969567166 0.004643099621776373 114.32391446340961 -0.02672770533631267 0.9996150134611462 0.007415207441938979 -1.1600025887091068 -0.004443373649196564 -0.007536593326348329 0.9999617627281219 1.36080633216887
0.9997750570583883 0.020705120945586544 0.004647601334400682 115.54189358080367 -0.020743412364734065 0.9997498150978014 0.008364503777600578 -1.1894949773102885 -0.004473258077683276 -0.008459018748107313 0.9999541278438104 1.372655167813727
0.9998738275213022 0.0153140920577554 0.004209408024957132 116.763899960432 -0.015351326035071906 0.9998415703503438 0.008974320586150612 -1.2052591974637101 -0.0040713049255595634 -0.009037806558945413 0.9999506021283542 1.3872750453155656
0.9999376077641783 0.01052261287468252 0.003795082453495066 117.99892060835693 -0.010559453876620897 0.9998963808352538 0.009822177829846016 -1.2188171258453797 -0.00369132910815647 -0.009861636050501195 0.9999450114005679 1.4009826359909703
0.9999733961776446 0.0062847774669990445 0.003780900047844038 119.21601414789593 -0.006327885132273103 0.9999142674170177 0.011499438768574498 -1.2194129082326477 -0.0037083101013530052 -0.011522996977381652 0.9999263364053379 1.4160665036952398
0.999979368932263 0.0051153022262198965 0.003830958596033201 120.4591114223561 -0.005167493952142327 0.9998922527897438 0.013738608885003117 -1.2200984018284031 -0.0037602651934446245 -0.013758209091889682 0.9998983782779933 1.4274207210938672
0.9999901270752628 0.002272201994351556 0.0037646180106401398 121.7042300926074 -0.002328124086190465 0.9998861727349364 0.014917597928396018 -1.224868718393569 -0.003730285720500397 -0.01492623282574127 0.9998817001898013 1.4458330035427835
0.9999804390556994 0.004995873139519903 0.0038700312305721216 122.92839213682365 -0.0050602292164882 0.9998462721242298 0.016803218752672988 -1.2162012324671767 -0.003785497940248861 -0.016822449782022894 0.9998512888200709 1.4606579149380345
0.999985100751886 0.002114426288670264 0.004971429199898207 124.17558980152099 -0.0022049847236969666 0.9998302532767506 0.018282935412655583 -1.1996036133190404 -0.004931915542313656 -0.018293574987630887 0.9998206459713636 1.4718086344410728
0.999977257030148 0.003581248515192949 0.005719153695645744 125.43377921383616 -0.0036874224253972254 0.9998193626633717 0.01866322486388663 -1.210788558009059 -0.005651284596633984 -0.018683913164906488 0.9998093803064805 1.4898780216777436
0.9999584460404792 0.00514590279887659 0.007563562852103257 126.69706809651183 -0.005306342755559284 0.9997576122636516 0.02134749750301297 -1.1834547989622473 -0.007451873267343442 -0.021386762976108573 0.9997439416958694 1.4995482410456809
0.9999255520944742 0.006329046773930263 0.010399286882968314 127.95833616159273 -0.006568682015961849 0.9997099799645247 0.023172765840851383 -1.188736512509295 -0.010249535234205898 -0.023239393352725766 0.9996774679410012 1.5033971263775818
0.9999293730746004 0.005435165850610308 0.01056773954243563 129.19342710351256 -0.005658623707438819 0.9997588836541315 0.021230969881710804 -1.1988158498208847 -0.010449761231567286 -0.021289216429581936 0.9997187432712685 1.5147342894892792
0.9999453900933611 0.00506769824645821 0.009106199449183106 130.46339058424212 -0.005266886136645313 0.999744744836447 0.021984783486267756 -1.1983955897954235 -0.008992457268671289 -0.0220314749382382 0.9997168650701919 1.522146982469062
0.9999304993331867 0.006505716457825695 0.00979755268161217 131.7164963594088 -0.0066946301101715525 0.9997898665673726 0.019374228427857118 -1.2048379620799812 -0.009669444400301992 -0.019438457711471714 0.9997646340994412 1.5262933492163455
0.9999182464830839 0.005390154022002115 0.011563616030179164 132.980718053304 -0.005577390918815518 0.9998528580844519 0.016221720062997262 -1.207680185552721 -0.011474536075058635 -0.016284970180696114 0.9998018954324643 1.536892707510349
0.9998952112354997 0.005965790157507776 0.013182477971449095 134.2368609158595 -0.006140430389848315 0.9998929671687249 0.01324711751404843 -1.2260972597016984 -0.013102017806456027 -0.013326673571766798 0.9998258215957756 1.5397228169207506
0.9998811501780296 0.005904277972977287 0.014231010732427534 135.51297619004345 -0.006062621156218339 0.999919981865759 0.011109699721220794 -1.2440728288487084 -0.01416430531603343 -0.011194678110972899 0.9998368679562115 1.5454446574127514
0.9998872049869735 0.007880880589662121 0.012818884577456089 136.7999568858615 -0.007972712198791164 0.9999429884181399 0.007129082969701447 -1.2393474648117269 -0.012761925181704322 -0.007230484696534517 0.9998928065948867 1.5515937249523972
0.9998662770621223 0.011204177420713777 0.011923411656844303 138.05289879770112 -0.01126833164243936 0.9999221933526905 0.005330724163749334 -1.2611019558946643 -0.011862831044047862 -0.0054643604468831 0.9999145295851875 1.5511898699563809
0.9998911248055932 0.00912913757985698 0.011600396500971766 139.35792423111212 -0.009166912852011577 0.9999529237247528 0.003207630817702573 -1.274548746724565 -0.011570606975177146 -0.003313626355498799 0.9999279514696542 1.5605241523294942
0.9999020886875737 0.007292993682205344 0.011918206396978461 140.6319585873965 -0.007333403992672728 0.9999677777422802 0.003350509050635616 -1.2909644822576916 -0.01189331065426965 -0.0034375689122346387 0.9999231335701464 1.5640861250671716
0.9998571428460218 0.00976040500288391 0.013769962633884717 141.8801753394729 -0.009811263471998833 0.9999451793120062 0.00363024007524393 -1.2932194644651425 -0.013733767612255789 -0.0037648307698065746 0.9998986778419721 1.5688925590082785
0.999835210944717 0.009904867815184223 0.015243188140357272 143.17529139111386 -0.009991251186135437 0.9999343812726069 0.005604088296198013 -1.308981858557462 -0.015186715283911592 -0.005755467069442425 0.9998684077826764 1.5687731797155255
0.9998542340258557 0.010007537644910585 0.013850522167982228 144.44722775621446 -0.010087830706860887 0.9999322680914263 0.005741743411648837 -1.3361471450869198 -0.01379217657671085 -0.005880634671477736 0.9998874978827182 1.578735687286144
0.9998773010545702 0.009963830113614534 0.012097111962043414 145.71508784415187 -0.010047802008415504 0.9999261270016412 0.006897127091854634 -1.3565001818817919 -0.012027452779961156 -0.00701783122865111 0.9999035719437889 1.5794699979640967
0.9999192182575204 0.00802898223467668 0.009870533254510837 146.99296612236492 -0.008091046793729595 0.9999477537123579 0.006263590181676466 -1.3605329477102472 -0.009819731431239424 -0.0063429540116319415 0.9999320280301216 1.5859488869463603
0.9999571967189373 0.006853185658028482 0.006173342941241523 148.2607916774384 -0.00688924828716471 0.999959406009734 0.005840243309780465 -1.368876457895943 -0.006133072704374831 -0.005882517208063775 0.999963397271329 1.6014718480027241
0.9999752421380679 0.00664294539126604 0.002537417224596824 149.50857466893638 -0.006658701527483381 0.9999581619387055 0.006251557265197691 -1.395997439490617 -0.002495787672622738 -0.006268299922287892 0.9999775959232268 1.6134014258439286
0.9999841964789636 0.005333967558577905 0.0017342893291310713 150.7716512713929 -0.005344630445587651 0.9999660922139706 0.006202407488600412 -1.398586758055795 -0.001701135266223396 -0.006211592272643049 0.9999797113070662 1.6318835064628423
0.9999483367093 0.010045695265560067 0.0015788525942016336 152.06586689825485 -0.010054078446973782 0.9999351369076712 0.0054008844150329974 -1.3814179043054884 -0.0015244905792664984 -0.005416480508399047 0.9999845263830289 1.6526377002219967
0.9999324309449381 0.011492531356782815 0.0018645955840034048 153.2990088637502 -0.011503586666993625 0.9999151844795576 0.0060486411921306564 -1.4118358265326847 -0.0017949199243863581 -0.006069694358960335 0.9999803845755045 1.6736640069104494
0.9999005624215264 0.013862405277788025 0.002635676756094424 154.56320520472624 -0.013879535998714717 0.9998823131893352 0.006595921893070081 -1.429169998562159 -0.0025439278379281267 -0.006631844143065757 0.9999751243891387 1.6924120893083245
0.9999792316174109 0.005456216625786764 0.003522931233812432 155.8353295319931 -0.00548386214663707 0.9999542039758309 0.007885331601743062 -1.4467266981106517 -0.0034797484775994404 -0.00790447274295542 0.9999625644067583 1.7114633044535965
0.9999603783195173 0.008238984525366507 0.0033557929987861604 157.07347840073868 -0.008265365442872393 0.99993426663986 0.007925735165721383 -1.4431811183112144 -0.0032902667002125425 -0.007953171728385548 0.9999633550406227 1.7281869150936142
0.9999772611631578 0.0057246720864927245 0.003685400137173232 158.35362078961478 -0.005755692313221298 0.9999472251361835 0.008463801272679799 -1.454460657477646 -0.003636757118047748 -0.00848482239185379 0.999957513700659 1.747548945480432
0.9999523784407843 0.008604895701019315 0.004574908483812833 159.6078558524249 -0.008640816196904502 0.9999313787023019 0.007889549100647139 -1.4434039417453466 -0.004506711992287971 -0.007928704976715011 0.9999582428569137 1.7630755422585174
0.999927545123343 0.010999219071401483 0.004801005314137875 160.89498439689194 -0.01104032083288186 0.9999014927582391 0.008628601221891545 -1.4675130362973325 -0.004705622386859744 -0.00868098107194076 0.9999509621184182 1.7796953496625578
0.9999504669905046 0.009128384044252421 0.003980951590656831 162.153029182856 -0.00916353230129113 0.9999183515141096 0.008902003603324535 -1.475279092221619 -0.003899365402769658 -0.008938041775495374 0.999952181495386 1.7960140619812377
0.9999525545240207 0.00934609914210635 0.002704857151825714 163.41104889836518 -0.009372390731248802 0.9999072446955006 0.009878627519857575 -1.4892730064123 -0.002612290097829372 -0.009903500989425522 0.9999472007804788 1.8129424699729952
0.9999307334410333 0.01154019919925454 0.002203721780937852 164.6481422370433 -0.011562299882656717 0.9998802345454288 0.010294336800237834 -1.496012247249704 -0.0020846522449142904 -0.010319167501328396 0.999945032013538 1.8279864511823616
0.9999823550718006 0.005839217268870113 0.0014615993262213712 165.92917212292465 -0.005853523210794709 0.9999330918900887 0.009980977179115403 -1.5147533081853832 -0.0014032172291735256 -0.009989362666907057 0.999949553038111 1.848053210730946
0.9999823885402173 0.005810227676503937 0.0007985054720228502 167.18929312383452 -0.005818387445138131 0.9999270486136383 0.010623060451400072 -1.5163979902924118 -0.0007367145505105775 -0.010627492548361631 0.9999435628461446 1.870257317326633
0.9999823827671196 0.005748638456232893 0.0010911219612643906 168.4844628490129 -0.00576002289691757 0.9999260680360503 0.010732163597597285 -1.5121522841662722 -0.0010293400209608686 -0.010738258484502553 0.9999415491968304 1.8874149561075841
0.9999921899190809 0.003289081097203942 0.0022085904569020412 169.7526579052074 -0.003312567849793651 0.9999371003088922 0.010717151091941744 -1.5337625409269244 -0.002173208459557408 -0.010724310472665392 0.9999397097720273 1.9084907394462847
0.9999950559773859 0.001469248968536628 0.0026308214441372515 171.00084907896445 -0.0014977201954275556 0.9999400840636379 0.010856942305011691 -1.520488574594974 -0.0026146975041342014 -0.010860854450853634 0.9999378599589765 1.9264298374695563
0.9999950535058659 0.0014338645615949207 0.0028018362331378704 172.27001577346158 -0.0014661217888438179 0.999932092481659 0.011543443809089855 -1.5132134925213745 -0.0027850968084260855 -0.011547532592907252 0.9999298540124751 1.9437359566200083
0.9999931193022853 0.0023553371886773687 0.0027511002585436433 173.5401722809811 -0.0023858395001112084 0.9999351086887288 0.011138993054255428 -1.5102874305767775 -0.002724683936176823 -0.011145526445553765 0.9999337720089863 1.9624479013229945
0.999998021477311 0.0007552654301903653 0.0019225754895672827 174.7902359313243 -0.0007782858995682991 0.9999280548782177 0.012001073185431727 -1.5076264475326733 -0.0019133774023971503 -0.012002608768671826 0.9999259236444715 1.9778059649221111
0.9999989373339206 -0.00037099073198284854 0.0014916684341472943 176.05436837471578 0.00035124513853822606 0.9999130320953603 0.013217232858619653 -1.5008595965646243 -0.0014964338558828534 -0.013216681102746684 0.9999120305707194 1.9975642022398232
0.999979428230246 -0.006103993419272695 0.0017683150440710423 177.31853615869136 0.006079713705670751 0.999890956218911 0.013426979411115984 -1.497412954509252 -0.001850068609131672 -0.013415949809778333 0.9999086155508432 2.0176213390687843
0.9999713364683109 -0.0074132359361735985 0.0013526833670288833 178.59266251228607 0.007394790616902174 0.9998859502972676 0.013163308547359863 -1.483660218645731 -0.0014501046079061428 -0.013152933170836765 0.9999127132344215 2.0339263918739583
0.9999957869093604 -0.0027766416337584865 -0.00010828819602779621 179.8397962131815 0.002777749585092118 0.9999230004383886 0.01209879310265611 -1.4507059451227184 7.46949203167752e-05 -0.012099104856031932 0.9999272126522513 2.055724917239141
0.9999990763272081 0.0011221267503976915 -0.0002397836022050284 181.0889888614756 -0.0011197625914086322 0.9999529930749094 0.009610507304056236 -1.4473634881515063 0.00025056022917716286 -0.009610238692943677 0.9999539305978826 2.079172885986738
0.9999948792275795 -0.0010454789173293642 0.0028966496979621103 182.3893545421305 0.0010155380330210224 0.9999460319384371 0.010318939173970528 -1.4488230718381594 -0.002907281643469411 -0.010315961917871482 0.9999420888339835 2.097089415275158
0.9999707422193386 -0.0027254523962184606 0.007197549957447784 183.65582299428053 0.002664286593837053 0.9999599592029214 0.008494645774878367 -1.4439923195065418 -0.007220413153079204 -0.008475225070792165 0.9999382985777402 2.1146552360162207
0.9999514685017789 -0.00644064075026107 0.007437106172999654 184.91897619448767 0.006368504618962263 0.9999327508365757 0.009682832449895784 -1.4405099448610394 -0.007498964652699674 -0.009635008337104331 0.9999257806616453 2.131592749299912
0.9999622907428344 -0.007630825109267665 0.0041213488389669805 186.18985904246594 0.007578745738822593 0.9998928417875393 0.012507954821104917 -1.4172895763488114 -0.004216354607673251 -0.012476254656543152 0.9999128674696267 2.1415136003111175
0.9999389634592502 -0.01082118284211091 0.0024281927887672885 187.42488336110836 0.010786419718862081 0.9998448448664561 0.013909824646692975 -1.4075871333089824 -0.0025783443462437643 -0.01388270026819291 0.9999001916742942 2.1582807765109844
0.9999612265327883 -0.008437703128173763 0.002373892541769641 188.68506923092755 0.008405819560298232 0.9998788944959898 0.013135655435201364 -1.3839053513194086 -0.00248442870302259 -0.01311525047680414 0.999910878971222 2.1761018038460294
0.9999917986852485 -0.0013763824945059399 0.0037304464786488646 189.94239088927975 0.0013269988987439233 0.9999120515387734 0.013210891839963648 -1.361486341529119 -0.0037482984304848073 -0.01320584382190851 0.9999061497759786 2.1966465821849592
0.9999806943769056 -0.0016906214956617155 0.0059396556610058155 191.17969112535908 0.001604557731925572 0.9998940825274336 0.014465408565696123 -1.367977656411404 -0.005963474225130968 -0.014455651226883014 0.999878223095661 2.2150374845358276
0.9999686046092018 -0.00225450949286451 0.007661243561820151 192.4249575876074 0.002145555227940655 0.9998970685248983 0.014199967892053576 -1.3641051648756706 -0.007692471053525807 -0.014183071979962273 0.9998703268659003 2.230918135638973
0.9999736749221524 -0.00167537295829989 0.007038483195169338 193.6620302807414 0.001575656706603008 0.9998990946400135 0.014148769502659963 -1.3592166716291356 -0.0070614667937466714 -0.014137296238473386 0.9998752304378342 2.2433484775279373
0.9999827363772886 -0.0016895794713800809 0.005634891365018287 194.89308806076684 0.0016175499469433723 0.999917059732089 0.012761827873301894 -1.3526975609199356 -0.005655992745194688 -0.012752482278556342 0.9999022038906222 2.2624431499330457
0.999987028550556 0.0016057235841733918 0.004881392878237893 196.12619562509167 -0.0016704513991687377 0.9999101851188396 0.013285920572815664 -1.3363980802424689 -0.004859627651594631 -0.013293978606842007 0.9998997863306046 2.276765030209813
0.9999793509427934 0.005178018651673671 0.0037534157408646166 197.34427364108603 -0.005225772232642785 0.9999042424032605 0.012827606862878628 -1.3387063563539672 -0.0036866403710392884 -0.012846928636352591 0.9999104066539464 2.2951845743977497
