1.0000000000004707 4.207431295727426e-10 3.3848956623727666e-12 2.1167512187503235e-12 -1.6735282777624594e-10 0.9999999999920548 1.0207708667859996e-12 5.585200271024382e-11 3.796225486740745e-13 9.285498593593675e-10 1.0000000000074745 4.891725913225287e-12
0.9999840009984108 -0.00566110591195186 0.0006233382823690225 0.07551991830103794 0.005661138851565028 0.9999839705639396 -4.345153520588849e-05 0.004066129590901199 -0.0006230826003555635 4.697620228165225e-05 1.00000002843765 0.012731250287083898
0.9999220120327497 -0.012491486044881636 0.00026647031003453753 0.16635239680070857 0.012491597913982008 0.9999219680912836 -0.00018526570084668846 0.011107927117297455 -0.0002641348854720031 0.00018857801081534605 1.0000000198759669 0.018527483411482207
0.999807903886613 -0.019579600424742327 -0.00044450807462189865 0.2575763271353512 0.01957987634572026 0.9998080562610985 0.0006925601847328163 0.015881544328978838 0.00043087080838619465 -0.0007011380963825311 1.0000000398522886 0.018563198902551092
0.9995977629601285 -0.02830276423536477 -0.0019669876982914662 0.3638468704239044 0.02830512964809218 0.9995984141180423 0.0011964000272413182 0.025330089715931498 0.0019323433577155998 -0.0012515995864823743 0.9999978229218294 0.022170420990404137
0.9992265789524047 -0.03920450631408472 -0.0031401297843476087 0.4663048636868226 0.03920940111624063 0.999229922953119 0.0015043882304354367 0.03614918089039684 0.003078721714311469 -0.0016263385651550722 0.9999934980944765 0.02421283681990767
0.9985804630400426 -0.05304334696974757 -0.004905917335236185 0.5930622373960073 0.05305026367452163 0.9985909756619209 0.001300661640914804 0.05595053352248486 0.004830021452038369 -0.001559076215437088 0.9999875612980369 0.02404794793027893
0.997632338913761 -0.06862828250275317 -0.004495368160214199 0.7299350366143722 0.06863408730354875 0.9976412977801015 0.0011365690547706728 0.07420270466297404 0.0044067598379102305 -0.0014424183543003642 0.999989363306138 0.02832220197957889
0.9962277094351262 -0.08667376017984481 -0.004251896756965738 0.875620970059947 0.08667476564977714 0.9962367169022495 6.006149705967828e-05 0.09582180216251517 0.0042306824689170505 -0.0004283598785969028 0.9999905736626244 0.030275745223613162
0.9942373923518218 -0.10709901418882448 -0.004736313834414561 1.0310885041516866 0.10709452742050826 0.9942477681585868 -0.001170285775022862 0.12334336650904804 0.004834406034686412 0.0006563094308157841 0.9999878394895916 0.03494988786265952
0.9916475706640823 -0.12885473312759693 -0.005579911736273596 1.1949498507222227 0.1288487680577787 0.9916633499392915 -0.0014658409317495039 0.1547151849530717 0.005722270646591199 0.0007346410153707189 0.9999830793966265 0.03807462482639391
0.9881929862721335 -0.15304545362089947 -0.007226231318850512 1.3696983245512313 0.15306289210602558 0.988213914466687 0.002019106036058511 0.20725533307079533 0.006832048250041256 -0.0031013409185364714 0.9999720992611796 0.04443680565227114
0.9839494886000034 -0.17814515054835686 -0.01037292247631574 1.5446410337412535 0.1782123749510515 0.9839739551608536 0.005961584629012889 0.2634665801637035 0.009144670981530333 -0.007714484841566066 0.9999285562391431 0.049121281871026615
0.9785857337154912 -0.2054706303564742 -0.012316763619955103 1.7286787971984134 0.20558549057590397 0.9785982659664825 0.00890784773493489 0.3271542634303634 0.010222858077952961 -0.011249202198000147 0.9998840003180266 0.055150606293960236
0.9719765646985608 -0.23470732437366448 -0.01322106801435799 1.9185722199225224 0.23484355646134014 0.9719827114689253 0.009924114629167032 0.3924806557808788 0.010521373358482869 -0.012750870397146463 0.9998637238325142 0.06243946083794985
0.9640843440093334 -0.2652349327680368 -0.013881377718349422 2.1082442934708077 0.2653994164422687 0.9640666634200722 0.011748360488001772 0.4667392474972797 0.010266510148562991 -0.015010538771885826 0.9998349925705945 0.06709199676116537
0.9546979905008847 -0.29722395231224125 -0.014463145294882733 2.312766804954755 0.2974098517679002 0.9546606278275988 0.013064791445503784 0.5540474026811679 0.009924272422811235 -0.016774356825052066 0.9998103816715169 0.06998538244464379
0.9434738588099144 -0.33115134824549747 -0.01397956780003217 2.508371212519797 0.33134659831145924 0.9433843437337817 0.015349725401410502 0.6488645248187326 0.008104996030733103 -0.01911411085450831 0.999784797456304 0.07696817722781685
0.9309673434894409 -0.3647789676829295 -0.015391948337622658 2.6922263208416415 0.36501659543682313 0.930837707740335 0.017437606466275915 0.7527293574441928 0.007966574671774817 -0.02185216063676753 0.9997299487702241 0.0801437125361285
0.9171478946252756 -0.3981721839468255 -0.0172889118564118 2.894662177968774 0.3984698124996992 0.9169622640975086 0.020064224021205345 0.8695577447574108 0.007864307888174236 -0.025290973282721962 0.9996488412772161 0.07941543661082272
0.9010993821678993 -0.4332181317016904 -0.018524777778247223 3.0940997315861583 0.43354198590247134 0.9009045858724766 0.020322156582039504 0.9890449589871786 0.007885128103619245 -0.026343537897372985 0.9996220319596242 0.07715668460014256
0.8826819739306552 -0.46961277171226146 -0.018348745664848162 3.2766213638157207 0.46989018190237997 0.8825803269251667 0.015954632273955098 1.1078719428054822 0.008701716175813754 -0.022704784484199308 0.999704699144178 0.07681485233831449
0.861403802632639 -0.507628042770743 -0.01721898924693663 3.479995492465657 0.50784151127007 0.8613721354504889 0.011620716125857859 1.2511746071360599 0.00893297108543413 -0.01875469556672285 0.9997840619168724 0.08567207209881389
0.8369431692423044 -0.5470659876573736 -0.01563597845036469 3.65771491746935 0.5472543182201317 0.8368715263966511 0.01260765922169711 1.3994710388580553 0.006188051371435629 -0.019108738252485626 0.9997983043610446 0.09363445593572374
0.8085543507884235 -0.588183411173805 -0.016717084158915176 3.8481073704696334 0.5884125129684399 0.8083693963456537 0.01760387250903209 1.5907638129960138 0.0031592943399140084 -0.024070255625160367 0.9997052528659228 0.096109193653729
0.7766855893427019 -0.6296149486323729 -0.01857084037139346 4.024744114706074 0.6298875529336795 0.7764176635265299 0.020441608961973293 1.7852647414782614 0.0015483619169655103 -0.027574223741300245 0.9996187471307687 0.10237421298513907
0.7413855870539646 -0.6707874157970484 -0.01977099532456128 4.18568346520319 0.6710773594524028 0.7411376625011672 0.019251914496052167 1.9693754843194369 0.0017390770312890992 -0.027540859545872508 0.9996187504448685 0.10134515982317165
0.7023145939504536 -0.7116805916985522 -0.0163110563964666 4.379898360120011 0.7118672038592092 0.7021428798290131 0.015511847659937367 2.19496146806223 0.0004132249914417666 -0.022505456555189398 0.9997465262205335 0.10833927857414763
0.6601176021294066 -0.7510486345072644 -0.013058162448148714 4.542919245503725 0.7511627215204162 0.6600126775671721 0.011784553696306752 2.422757164627893 -0.00023220103397697447 -0.017588001038272776 0.9998457203034217 0.11193335579273274
0.6158822659294068 -0.7877609372115333 -0.011031175560722816 4.694424789458548 0.7878363960709706 0.6157897899754158 0.010784168213392425 2.6605321603602285 -0.001702453348622691 -0.015332567952356775 0.9998809440951777 0.11254699864888235
0.5679739811390794 -0.82300083571312 -0.00865921185104299 4.85741517587237 0.8230367937416473 0.5678860858822312 0.010769826505974377 2.945497470136917 -0.003946081618819726 -0.013243833843762057 0.9999049329786898 0.11223412552679717
0.5172473266016884 -0.8558022881070044 -0.007551898710036741 4.989339235892128 0.855816282917921 0.5171534920551608 0.011449766403494339 3.2272087443151394 -0.005893301867087821 -0.012385447751850355 0.999906181343151 0.11423879734360172
0.4647809063670299 -0.885400172081658 -0.00676655416895084 5.097228989201642 0.8853915373388227 0.4646817162655701 0.012337088298932614 3.52420010044041 -0.007778899414029515 -0.011725107854475354 0.9999013773674001 0.11150410823411137
0.41071730866836975 -0.9117444336003202 -0.005778471478299265 5.217679077698353 0.9117021536019483 0.41060971975694727 0.014113698492038838 3.86395487021327 -0.010495353114429014 -0.01106497766808923 0.999883971574683 0.11078997583099649
0.3561474215454315 -0.9344128436691662 -0.005677791015014487 5.29625722783321 0.9343476395373318 0.35602869768646994 0.015401776376688225 4.188240465801537 -0.012370239967536655 -0.010790287631692942 0.9998648807680988 0.10974228293741851
0.30055626737716035 -0.9537572003306591 -0.003657875603122577 5.394516936958864 0.953634121197578 0.3004501746231386 0.017637127912562677 4.572745847697194 -0.01572251773262042 -0.008789208115259585 0.9998375579997011 0.10964839793340338
0.24668698645134543 -0.9690954481332337 1.2809006649323147e-05 5.470470787947946 0.9689134252347767 0.24664166051597983 0.019346826425055967 4.951276821569318 -0.018752002192433417 -0.004760181864750644 0.9998123530326749 0.11069718403417111
0.1956641480370027 -0.9806705267850759 0.0011745965180704407 5.524505592471497 0.9804727581887946 0.19564899969338984 0.019856528530867397 5.335510196417118 -0.019702488431000125 -0.002733535734339654 0.9998018522696077 0.11475436990080344
0.14809625464999746 -0.9889711228311784 -0.0017392185793769738 5.560335357750144 0.9887738444089003 0.1480301837625499 0.02033458464823665 5.768015141197172 -0.019852885538516447 -0.004731157357523584 0.9997915615874527 0.11001833096072385
0.10527561984513288 -0.994431376373366 -0.00490758967189451 5.5855486053766485 0.994255913762823 0.10515884680737185 0.019912895914499913 6.185085854310705 -0.01928588594569311 -0.006975738195099515 0.9997895333474953 0.10073527931930895
0.06722619303292042 -0.9977115668165148 -0.00719760587140751 5.586303328882948 0.9975778589415822 0.06708434895622681 0.018403048984906273 6.642445743395066 -0.017878028478145288 -0.008417341270234528 0.9998045580108529 0.0919199680616851
0.033057260566991986 -0.9994247198242511 -0.00752635458977641 5.586596247101333 0.9993365895757945 0.03293712163852723 0.01555847701355978 7.107552581837964 -0.015301710937598072 -0.008035690936801622 0.9998508177944809 0.08786800433502434
0.0013761846774081351 -0.9999659597569369 -0.008119862556031539 5.575941441568962 0.9999164652935435 0.001271462389931104 0.012888602292135384 7.574035692612136 -0.012877820549413884 -0.008136922176941805 0.9998840329326609 0.08769307847529717
-0.02562773844598494 -0.9996373918266998 -0.008266457791267126 5.546005258139232 0.9996136609332897 -0.025714324558847052 0.010549670573981026 8.067646119005524 -0.010758432159113294 -0.007992900198369245 0.9999104630048321 0.08493680601551677
-0.046564723808858816 -0.9988718685078285 -0.00928301336764619 5.513444534485953 0.9988771923869487 -0.04664244527943459 0.008331640068746978 8.574136099950799 -0.008755156971784339 -0.008884630085189731 0.9999222690882935 0.07906593331853191
-0.06345723694735463 -0.9979367550659428 -0.009755575573553037 5.468026125800945 0.9979556798726554 -0.06352721706039445 0.007037621215257388 9.108354533090356 -0.00764289976543178 -0.009289031113933045 0.9999272540077493 0.07037039044681838
-0.07662254101976754 -0.9970203311287644 -0.00893771108314207 5.420634293945453 0.9970256330871926 -0.07669147546477137 0.007644926349186558 9.652293593775982 -0.008307639289169737 -0.008325356091236712 0.999931316484539 0.06919255650893433
-0.0863707040896596 -0.9962096379968248 -0.010341431737101205 5.3685461738717875 0.9962201622709101 -0.08645922267989813 0.008438239909508018 10.206667298187286 -0.009300352424902472 -0.009573519933515176 0.9999112267695578 0.0731873099658374
-0.093174603044523 -0.995585584453317 -0.011289957953838312 5.305692189055795 0.9955917977926211 -0.09328584200914797 0.0097583292022147 10.777275122682362 -0.010768445264865902 -0.010330955750612054 0.9998881450536711 0.07479598403640836
-0.09728927846221375 -0.9951910624525458 -0.011407036536118156 5.2406208246731545 0.9951825646825747 -0.09741544543537602 0.011080414531003781 11.36606966034137 -0.012138379003534237 -0.01027401851364843 0.9998733238975896 0.07096358166870727
-0.0991310451245698 -0.9950139355537034 -0.010976347772425368 5.178100408137309 0.9949900178337227 -0.09926040682334095 0.011946225711966326 11.962870139870631 -0.012976216682664807 -0.009737145969300373 0.9998684519479109 0.06602004510506063
-0.09817177742501376 -0.9951219258011896 -0.009711660272488048 5.12342837509111 0.9950626237090391 -0.09829973721895409 0.013718240165004596 12.575633817893795 -0.014606029351160585 -0.008316960324438282 0.9998584146439679 0.06316788097050427
-0.09686160955958419 -0.9952554135792399 -0.009172611734079496 5.05829891846835 0.9951523367120877 -0.09700107637762195 0.016221344896970417 13.21386999760067 -0.017034145497318853 -0.007556928060880018 0.9998267859372062 0.06040825147572692
-0.09493282712851253 -0.9954368950235266 -0.009644044362667772 4.989066788387552 0.995334249606271 -0.0950820001851654 0.016413929168634326 13.853113215700894 -0.017255984686484174 -0.008040829122139635 0.9998187273136778 0.05662251411200968
-0.09317615225844159 -0.9955641590382253 -0.013055468770934008 4.925020754842319 0.9955293060591636 -0.09336086557359989 0.014334780157734537 14.51815349461891 -0.015490005037397437 -0.011661447081390663 0.9998123178320415 0.054255482033104
-0.09221553971102671 -0.9956377963396807 -0.014234218286298714 4.8589310402816475 0.9956253653890431 -0.0924118593893949 0.013808803014513343 15.211481833454698 -0.015063956662047955 -0.012898555457629834 0.9998028991004217 0.04789394227145158
-0.09036560380122374 -0.9958153553273956 -0.013664999058781086 4.796231765876669 0.9957496451246087 -0.09058793133591686 0.016636223478492605 15.90806438053685 -0.017804499014675883 -0.012103524633620891 0.9997679351371407 0.041043867697116876
-0.08915701006734297 -0.9959081583242102 -0.014736760931681029 4.728100247504625 0.9957957360318911 -0.08943960550427825 0.019782619209166165 16.642205558102713 -0.021019762588442594 -0.012911066418298204 0.9996954155716213 0.034322922262246994
-0.08784506723749652 -0.996021744609018 -0.0149653360099292 4.668833358017832 0.9958593487201252 -0.08816387905973393 0.02217654496230258 17.352181274306393 -0.02340771589968395 -0.012955246221599513 0.9996421462972306 0.02560524519705068
-0.08609561742705406 -0.9961370956012968 -0.017294559953767417 4.600334553340851 0.99603094431195 -0.08645396305145144 0.02116853742944658 18.104940435202067 -0.022582000850990804 -0.01540341864950751 0.9996268804785056 0.021225417533189198
-0.08376404024354149 -0.996279322975 -0.020250994074401847 4.525433962670631 0.996277769764226 -0.08414427363173577 0.01871111471929067 18.852504890229685 -0.02034551879907574 -0.01860830676157208 0.9996197138752773 0.013165564420177245
-0.08215505463122966 -0.9964010130490335 -0.020872416968825882 4.455767725730561 0.99642514429014 -0.08253505550790019 0.018042414816401495 19.612381812125427 -0.01970020689001082 -0.0193155467243837 0.99961931013913 -0.0013169178394569075
-0.08115813330682338 -0.9965504177506253 -0.017346233847496405 4.395322134287205 0.9964647320497247 -0.08150584429331788 0.02038214698094718 20.392470414069265 -0.02172559445927049 -0.01563073292544096 0.9996419776001414 -0.010735444684622036
-0.07966861068712328 -0.9966893777613748 -0.01624685943250071 4.331665445305581 0.996540479524686 -0.08002233454289995 0.022428701875068333 21.185804724571213 -0.02365451961940173 -0.014403834303361084 0.9996165452300233 -0.01671590993451172
-0.07925157021265637 -0.9967640200992258 -0.013444113116049445 4.269946657163335 0.9965446050134285 -0.0795560290613066 0.023863724782431935 21.965726853176122 -0.02485605961674013 -0.011506436748788942 0.999624999273963 -0.025189689001396454
-0.07816835003684276 -0.996844897797382 -0.013759345927524612 4.203815464348685 0.9967288550182264 -0.07842880508106961 0.019531209449709947 22.776240549866284 -0.020548720114292512 -0.0121875927852573 0.9997146551179126 -0.03252265362846711
-0.07799575037801175 -0.9968624768819389 -0.013474725444496963 4.1419880908777476 0.9968532318716783 -0.07817274209093697 0.013151463496875258 23.572470435648842 -0.014163605296447427 -0.012406490927074375 0.9998222924689489 -0.03593726749988155
-0.07802989746248942 -0.9968985350877232 -0.010271378483176823 4.082046494886839 0.9969045484773459 -0.07812128352902213 0.008815872697703318 24.38070666630303 -0.009590951244507335 -0.00955167295278054 0.9999079809915116 -0.04259364550722622
-0.07835538266197307 -0.9968615752422588 -0.011321843940793792 4.013056286390773 0.9968729478424003 -0.07846332574938118 0.009419139096549818 25.20697906854803 -0.010277927835633813 -0.010548344581618888 0.9998911084113543 -0.05002706082121859
-0.07841474530059296 -0.9968690336793673 -0.010182338011051001 3.9440206522440633 0.9967786640929021 -0.0785718518736501 0.016068269907416062 26.043180280055374 -0.01681797222777383 -0.008889545859285362 0.999818997174243 -0.04919367309504659
-0.07854337974043443 -0.996842114603913 -0.011665008714682696 3.872616578370959 0.9966156399402826 -0.07879920862198977 0.023390012350140058 26.887168182979337 -0.02423532398922054 -0.009788429158380975 0.9996583883624243 -0.049226390192094946
-0.0786355082584858 -0.99681389420363 -0.013330379775417093 3.7990082465228343 0.9964598373088828 -0.07899248824099521 0.028790342972280707 27.729168188337777 -0.02975162474215627 -0.011019261889713403 0.9994964964994811 -0.05680787542194832
-0.07907153076899769 -0.9967748691658311 -0.013684973350090997 3.7298246191797944 0.9964011613715356 -0.07944755496154263 0.029554127864456246 28.547547346221794 -0.030546057170754745 -0.011298871274020128 0.9994698857305403 -0.06244654463319024
-0.07938506727719091 -0.9967414791603443 -0.014300079860373743 3.658270753541089 0.9964683736741152 -0.07974068624195552 0.02629781118305484 29.391181478774897 -0.027352415947852596 -0.01216190050797277 0.9995520535191466 -0.06876970014496664
-0.07945916933949243 -0.9967289810964233 -0.014760970550062332 3.5851223891666977 0.9965261247359551 -0.07979618949632711 0.02384582761081408 30.213917865543728 -0.024945703160593656 -0.012814926656020627 0.9996064588358196 -0.07919063284722798
-0.07998919785132531 -0.9966598782784466 -0.016443307808812063 3.5096029077414017 0.99645762071087 -0.08038058240477687 0.024705496665199854 31.066655477718648 -0.025944681653263427 -0.014408841095918948 0.9995599802561023 -0.08921393836208188
-0.07953550053323642 -0.9967023825970783 -0.01604769706534072 3.4380544280988796 0.9964293883215998 -0.07995048522220993 0.027126533540457708 31.904619894022108 -0.028320178143302184 -0.013832850229827366 0.9995028857554464 -0.1019484164210354
-0.07960125341811125 -0.9966754428564922 -0.017353423723459376 3.367314806250909 0.9964801978187272 -0.08002075193600099 0.024990201727336566 32.736229470453395 -0.026295761955810848 -0.0153030243901697 0.9995372053541123 -0.10620077384969002
-0.07855476000799887 -0.9967425249509607 -0.018241269611709163 3.2948913649275116 0.996671049720254 -0.078923617773488 0.02046942349111269 33.58431352367842 -0.02184241209966637 -0.01657249662572201 0.999624377781487 -0.11035404338790097
-0.07913304586087226 -0.9966538401569601 -0.020460287775404134 3.229561356819356 0.9966961433200174 -0.07947956506793158 0.016719830068482395 34.39210903188787 -0.01829011822037138 -0.019069594747638797 0.9996505109288041 -0.11664879667450467
-0.07833840504609584 -0.9967148143836632 -0.020579619138672282 3.160311105009317 0.9967595188992678 -0.07868642523326294 0.016683118211291422 35.210985665769 -0.01824762949729079 -0.019205993234642053 0.9996485302793588 -0.12172833402024867
-0.07754689252197867 -0.9968211852772734 -0.018258004023576264 3.0940205894986192 0.9967711602310803 -0.07789928996139094 0.019453327297896134 36.054149054283776 -0.020813705170234297 -0.016690498610870512 0.9996445824833697 -0.1211643541270572
-0.07723810049581903 -0.9968264903750103 -0.019278609341412147 3.021960603313382 0.99668675012994 -0.07769312148271539 0.024085598629089093 36.89056169714147 -0.02550701055190399 -0.01735443051179493 0.9995245219785345 -0.12849233621815145
-0.07636521371438934 -0.9969355944595871 -0.016967517885769057 2.9603759095141795 0.996604882535051 -0.07684325100215297 0.029578048712640508 37.722246173953074 -0.030791240479293006 -0.014651253590462944 0.9994186647165424 -0.13860227745007364
-0.07650769178724234 -0.9968846499178227 -0.019150681894350034 2.891591074010038 0.9964765537553485 -0.077110162873879 0.032994829163535966 38.55208068421062 -0.03436868465433698 -0.016558841398893607 0.9992721546611215 -0.14724856460300367
-0.07672394048466866 -0.9969001839271453 -0.017424548800018074 2.824653813613654 0.9964647308130913 -0.0772671730685054 0.03299869417027209 39.38364816728824 -0.034242673715608574 -0.014831124088791982 0.999303113553174 -0.1610808994262654
-0.07648413419577502 -0.9969028066843393 -0.018287656563543846 2.7592441066252937 0.9966073529905844 -0.07699482701030505 0.029076986205425558 40.20593928811005 -0.030394942284338856 -0.01600163136726356 0.9994097612060803 -0.1728745093444118
-0.07656430190201084 -0.9968652201337445 -0.019959786978378517 2.6904930416541886 0.9967158906147999 -0.07705155492434397 0.024907177670522272 41.04144169410744 -0.026367050456912892 -0.017987220695896346 0.9994909568263549 -0.18641372506291806
-0.0758859477789953 -0.9968660953260013 -0.02232746077522007 2.615646613708428 0.996834865624122 -0.07637770522968515 0.02206313613355367 41.864376224695356 -0.023699327214709076 -0.02058256938756936 0.9995071530086805 -0.18975311076025586
-0.07594390252039562 -0.996775553059996 -0.02589852724825315 2.5454568574834466 0.9968691589059904 -0.0764728609498983 0.020082240664943383 42.68296687746494 -0.021998078332654644 -0.0242923886945444 0.9994624634702941 -0.20208949286686395
-0.07721017179747544 -0.9967422555616506 -0.023323861754674016 2.475195708894336 0.996822104482105 -0.07763463463440078 0.017876313890271257 43.50669989547105 -0.01962876679277976 -0.021869561470034528 0.9995683064318763 -0.2065780097631904
-0.07816013109414606 -0.9967461456902286 -0.019680284089502297 2.4133333864055255 0.9968080273202744 -0.07845623569287748 0.014753267949060515 44.32098822907688 -0.016249252151173947 -0.01846434843048594 0.9996971667870236 -0.20517366238607332
-0.07924532476443004 -0.9967261764644141 -0.01603361391209154 2.352970252782241 0.9967461875879674 -0.0794643261941548 0.013515464205292614 45.1263557033351 -0.014745310803613377 -0.014910406016979492 0.9997805509585849 -0.2062102098923968
-0.08059181289795364 -0.9966273754490234 -0.015461407357645944 2.2839894751522993 0.9965907345151961 -0.08084421156123928 0.01646076318982451 45.963409332361636 -0.017655299882128238 -0.014082119757230565 0.999745224459193 -0.20875162694922306
-0.08276351750676837 -0.9964782062838917 -0.013450397260619244 2.216466441663452 0.9963022341639758 -0.0830459676894769 0.022008853979568584 46.77492190679295 -0.02304841780052517 -0.011579153268977788 0.9996671851962453 -0.21352878944433581
-0.0846602207534195 -0.9963412472955847 -0.011719379057404566 2.1478910391720896 0.9960431796090853 -0.0849423072626914 0.02613219793541606 47.604987559859886 -0.027032002627701 -0.009460669790520402 0.999590228016111 -0.21464016921850948
-0.08639176594675341 -0.9961910019611082 -0.011785188042340439 2.079126274711465 0.9959065673509301 -0.08667065961212564 0.0256580522797663 48.400360337912 -0.026581730251451385 -0.009520271290485958 0.9996016255588791 -0.21671123360282651
-0.08712276401568346 -0.9960872375108207 -0.014790347918988613 1.9976899544759597 0.995926172866493 -0.08743592396862765 0.022041580656422595 49.20680286962293 -0.023248543618279736 -0.012809816040056337 0.9996479879843112 -0.2237158706854674
-0.08869227068866382 -0.9958708420714736 -0.019366558552384668 1.9111839860950073 0.9958545877105133 -0.0890512115265626 0.018532840285024117 50.009369560720714 -0.020180969030044328 -0.017642558092358755 0.9996407822152263 -0.22816782282546413
-0.089729291396328 -0.9956851235679586 -0.023659836649640276 1.8284404073303395 0.9957915742237561 -0.09013317055097443 0.0165939600179673 50.79216574994208 -0.01865487437101297 -0.02207131760949014 0.9995825619473026 -0.2344842704607806
-0.09117443948381194 -0.9955159394136638 -0.02519308784963275 1.7483904673576562 0.9956367728382928 -0.0916314001681135 0.01761997336826364 51.58660026873377 -0.01984943575613373 -0.02347667570397326 0.9995273396519254 -0.23858611974586708
-0.0916240195560137 -0.9954875833062609 -0.024686967905343134 1.6707875074796599 0.9955577204656878 -0.09211404312535826 0.019499652213650635 52.3876326047481 -0.021685676710541578 -0.022790692622324242 0.999504662681372 -0.23728044721298575
-0.09351459817330716 -0.9952552327240876 -0.026879158143918547 1.592060040320263 0.995390817246912 -0.09403565568316591 0.018818278303002207 53.16210098653042 -0.02125651790304297 -0.0249955276239922 0.9994620538564734 -0.23743012707726943
-0.09331160752610301 -0.9952498907026527 -0.027750386013397594 1.51220428583018 0.9954065023630345 -0.09385315045390002 0.018896827757079435 53.95011860632114 -0.021411489431349753 -0.02585962560245927 0.9994363579800033 -0.2424970907836284
-0.0936651204780151 -0.9952465058307405 -0.026660508299229068 1.4370955445775349 0.9953369383572 -0.0942262988203686 0.020632907208379347 54.730360951085025 -0.023046882849572334 -0.02460361049515965 0.9994320192983839 -0.24483885145853712
-0.09437810042943057 -0.99518707976553 -0.026367997479832244 1.359565354746845 0.9951963345333649 -0.09500516968641194 0.023636448726742986 55.49722859990655 -0.026027769901173572 -0.024010613107245643 0.9993724701158426 -0.24718881515255114
-0.09375396158730333 -0.995262763749056 -0.025723248799061762 1.280655221928572 0.9951373597743681 -0.0944631530290626 0.027897990229681063 56.2637318204874 -0.030195657720014243 -0.022982547374752294 0.9992798146163661 -0.2565580294423338
-0.09455230277196416 -0.9951822024838826 -0.02592730755934313 1.2043988991597376 0.9950038843796343 -0.09530939371974947 0.029709944979521515 57.04762856875428 -0.03203797063331192 -0.02298866652005734 0.9992226964917138 -0.2622330116049526
-0.09482443241968024 -0.9951515569979695 -0.02612409815802453 1.1360074538882263 0.9949619074108138 -0.09559873541760117 0.030182074029128567 57.797303090022886 -0.03253309583221231 -0.023130484555130795 0.9992028678372816 -0.27121289680600535
-0.09494911237895945 -0.9951703333026836 -0.024911614216312772 1.071731226342198 0.9950070488105597 -0.09564730927258329 0.028518128248341528 58.53036199718432 -0.030763135277951728 -0.02207945992002422 0.9992826216515428 -0.27867439546035677
-0.0954133110309024 -0.9951167564786306 -0.025289680609666357 0.9936214863943595 0.9950660402766263 -0.09604116636964748 0.024895831095117723 59.26780329840341 -0.027203013748954223 -0.02278946607134251 0.9993701774005499 -0.28808870254523766
-0.09508500304833283 -0.9951272481197165 -0.02609007655343711 0.9169867485046285 0.9951687670978379 -0.09566773773841752 0.02207702548463239 59.97865483631611 -0.02446544000059516 -0.0238647843411899 0.9994162407867504 -0.29283231940060017
-0.09419385880398187 -0.9951789468887006 -0.02730258468102692 0.8413137494520992 0.9953069978424992 -0.09474623696365292 0.019697931203370933 60.69333216631049 -0.022189784186869493 -0.025319021635850328 0.9994333957676348 -0.2979029540285685
-0.09150860982229546 -0.9954011256686912 -0.028349141588516508 0.7722380380866393 0.995565700536405 -0.09207232299362784 0.019260426481470395 61.38020254988949 -0.021782033935849564 -0.026460944209231573 0.9994125328159232 -0.30140434374175357
-0.08726017382398092 -0.9958036902159725 -0.027585522422462833 0.7063297850884336 0.9959323670136563 -0.08782847129676612 0.020108663104738994 62.048304967199456 -0.022447075593304732 -0.02571863347690945 0.9994172451207471 -0.300877484768726
-0.08202765059635528 -0.9962214952159223 -0.028545455130294654 0.6516949070314549 0.9963408331472431 -0.082659727776642 0.021715096599177024 62.69946459256786 -0.023992617714932826 -0.02665973295322965 0.9993562783729976 -0.3040230693536967
-0.07424866247124899 -0.9968779305189924 -0.026869731398991483 0.599991963561514 0.9969167029100977 -0.07488313145959999 0.023430023527996842 63.35895431583338 -0.025368980583129364 -0.025047292529099815 0.9993642939308491 -0.3036742951367198
-0.06588171833398308 -0.9973827857790157 -0.029796212017993942 0.5558561537029179 0.9974679481906158 -0.06663068478695719 0.02488128112562892 63.98563257885092 -0.026801552319481264 -0.028081573494741722 0.9992459031209403 -0.3050993928967336
-0.0537078226600369 -0.998064718574553 -0.03133490448813748 0.5206677855916908 0.9981564074015695 -0.05454871134498573 0.026627554076603853 64.60468698581748 -0.028285348809416053 -0.02984697714127486 0.9991540340050228 -0.30653521123232463
-0.03877698232433052 -0.9986866603516527 -0.03349904007491817 0.4940462184503567 0.9988084432865744 -0.03973246478481048 0.028346253897191413 65.2103649502092 -0.029640075296337234 -0.03235985888032419 0.9990368471091411 -0.3103263778750783
-0.02013793541041592 -0.9991587616661554 -0.03572908903576141 0.47879514583297855 0.9993302067861454 -0.02120793087962986 0.029825405843823777 65.79046268165746 -0.030558035698723608 -0.0351045155746223 0.9989160662900458 -0.3143816540407631
0.0014954123854260966 -0.9993810983974437 -0.03512933001467323 0.4856782589733928 0.9995211678978261 0.00040789242298573084 0.030944443900320924 66.35402716482724 -0.03091096592799706 -0.03515879925422273 0.9989037261915884 -0.32009180318152575
0.027494588861061514 -0.9990390758045451 -0.034124977816676186 0.503399754070184 0.9991702285512358 0.02643981711991473 0.03098474880315076 66.89575113025894 -0.030052674509493844 -0.03494862840986801 0.9989368940190237 -0.32155324064018703
0.0564029767118578 -0.9978850587652937 -0.032304086735461444 0.5448562349735765 0.9979643886358334 0.05538418176282116 0.03160806290907178 67.40559397218688 -0.029752043187373383 -0.034021092684108634 0.9989785415253213 -0.3256359305928215
0.09076566538269261 -0.9954323584540744 -0.029591182879080892 0.5988443528068909 0.9954560783708422 0.0898281106863482 0.031609422549587624 67.90231759440033 -0.02880693886122221 -0.032325730521432304 0.9990618239309592 -0.32918218795093845
0.12803704286305995 -0.99138215991634 -0.027725856803831172 0.6764100342204478 0.9913694060763117 0.12714127480960324 0.0319814977213169 68.37846712196584 -0.02818068356511955 -0.031581368522043254 0.9991036823273369 -0.3331475318451702
0.16814320769652602 -0.9854132029007382 -0.026257748963334184 0.7692510810980803 0.9853732773102123 0.16726818396928667 0.03258710808166047 68.8294189848132 -0.02771960974492878 -0.03135297617400048 0.9991236083341875 -0.3327622253768996
0.21369922669978075 -0.976607605741385 -0.023893425895874357 0.8805998408117596 0.9765053294774011 0.2128542369957658 0.03361125102781565 69.28189146830236 -0.027739108037544147 -0.030514744408243363 0.9991495363044535 -0.3375156942565778
0.2601882916019562 -0.9653722312671768 -0.01893271440469689 1.034745555410546 0.9651985289900183 0.25950549337631296 0.032381230472874944 69.7091203202525 -0.026346882859361914 -0.02669904591107474 0.9992962150217309 -0.3413280322176272
0.31031852550993055 -0.9505764179560252 -0.010306374337127444 1.1933481559124046 0.9503331672046351 0.3099314184373387 0.02844274968748707 70.1259491718404 -0.023842802244986243 -0.018620784799465755 0.9995420560527309 -0.3343112888843194
0.36046440341423536 -0.9327630022176042 -0.0042629649179417575 1.3951105670574009 0.9325437823847483 0.36027089466727596 0.023827396090019295 70.52104298359302 -0.020689431364190356 -0.012564360859896505 0.9997067019184888 -0.33034445928234274
0.4123869830312352 -0.9110083121737199 0.0011117608918144038 1.5978798159520107 0.9108220631500621 0.4123261001053652 0.019768121405665653 70.90655111646804 -0.018467322991914385 -0.007139499470254601 0.9998039168633999 -0.33304226475695103
0.4626649244493302 -0.8865302320667161 0.0021188808115649056 1.8354408664950337 0.8863485280206441 0.46261623840596633 0.019332038441895058 71.29000849821952 -0.018118618905008804 -0.007066191710373994 0.9998108371447036 -0.3389350145070243
0.5105232994455904 -0.8598503276025603 0.0047894846588382636 2.0783630063810774 0.8596787864557404 0.5105214560272698 0.017870707869056295 71.64572619839602 -0.01781127323180504 -0.005006005481931083 0.9998292445271396 -0.34803391787683896
0.5554093247196608 -0.8314807349047774 0.012713477767701112 2.347519355968489 0.831357727807784 0.555548879705531 0.014478644062551489 71.98724674055894 -0.019101727594676446 0.0025278918781127943 0.9998147955748085 -0.35141234932173354
0.5987437019679269 -0.8005835638340845 0.02391638810229243 2.6517487730904366 0.8006607596331785 0.5990573392461731 0.008564883374137182 72.3087834829782 -0.021184147864379683 0.014020745662996425 0.9996769587859 -0.34035121763903503
0.6412422682012211 -0.7669685410350173 0.02381703712705531 2.932216936100301 0.7671186479475873 0.6414929552398554 0.004036244809115527 72.61796585804635 -0.018374141791583407 0.015682228561279283 0.9997077765589236 -0.33774505633124796
0.6826021137911956 -0.7305850993207563 0.017332169055826595 3.249842890357901 0.7307060726405706 0.6826908894611605 -0.000991020271595382 72.91986509021947 -0.011108529395901987 0.013341260156570056 0.999848996747644 -0.3456706125911887
0.7231647645897278 -0.6906355118866988 0.007415799855615729 3.553924157261782 0.690675280068547 0.7231386875977264 -0.00625800689140822 73.19540955691953 -0.0010406058670312315 0.009647456552135687 0.999952547812546 -0.34657846674420467
0.762371245506397 -0.6471375256405956 -0.0019937211387434928 3.9173659323774324 0.6470997905180851 0.7623539917706783 -0.008891484901688028 73.47444761888876 0.0072739270449138655 0.005488477786805198 0.9999587627229248 -0.35033872416772144
0.7991858031097775 -0.6010584872833905 -0.005530844420960624 4.28661480975001 0.6009952654197279 0.7991917305119288 -0.009871148001283327 73.73462261629487 0.010353356619204987 0.004564856470471333 0.9999364663782935 -0.3509757146406237
0.8333351623584048 -0.55272143511416 -0.007183187531484097 4.701325198353321 0.5526340839559161 0.8333491858236188 -0.01115668170684448 73.98390741497448 0.012152634826891872 0.00532759594935338 0.9999116518179766 -0.348203071346971
0.8641781585457585 -0.503070007108903 -0.01079873221754422 5.156503586307489 0.5029864297489468 0.8642405245034236 -0.00963341969199717 74.22654470779425 0.014178988110657317 0.0028933653983601575 0.9998953169508179 -0.34557948223968504
0.8901248497395191 -0.45560456966774593 -0.010123639533590708 5.612170568302692 0.4555455619193271 0.8901798477858163 -0.007686226238005252 74.44415004243628 0.01251373693110748 0.0022299263723205443 0.9999193024746645 -0.32850972403632517
0.9118073387976502 -0.4104522976510259 -0.011669641234475305 6.116393190488791 0.41044871387770426 0.9118788656452999 -0.0028824250924677575 74.665175297664 0.011824411238463992 -0.002161583896740084 0.9999277955570502 -0.32345851362764766
0.9291565451736135 -0.36938298308023604 -0.014954184974119183 6.609951541479796 0.36946737747314506 0.9292378772328788 0.00325469520144487 74.85779117714722 0.012693726045114255 -0.00854919991148984 0.999882577593508 -0.31420432948994864
0.9428245401197178 -0.3329480668337174 -0.015116063335112864 7.149886660845475 0.33308693839425235 0.9428650296285545 0.007743076073618755 75.04507019382714 0.011674383120999481 -0.012335252319184352 0.999855430251728 -0.3072502988991804
0.9533006933683524 -0.30175365321023484 -0.012763447668520158 7.721290311830998 0.3018705439425929 0.9533105935980127 0.00853005938256937 75.22443960123566 0.009593495918159172 -0.011984607444317539 0.9998817130336348 -0.29544155944221656
0.9606621072730356 -0.2775272222614652 -0.010342293895967481 8.280342527166425 0.27761427348383305 0.9606578319677609 0.008198203060533999 75.37638327366537 0.007660177546877254 -0.010746919477691873 0.9999130607592038 -0.28006393701995524
0.9667721495341358 -0.25552797196329446 -0.007578704243662811 8.88826035011483 0.25559118734828234 0.9667429430336245 0.009004727748397005 75.53462265685467 0.0050257105321582386 -0.01064254247844424 0.99993090743224 -0.27070814001109067
0.9712447063027962 -0.2380242779622041 -0.005363427017658981 9.491429400164634 0.23806897621627127 0.9711919470103862 0.01045870038774828 75.68253096661294 0.002719477338960503 -0.011434892602615949 0.9999313466868177 -0.26389107494399877
0.9747638940758045 -0.22319920522634484 -0.004207879891437145 10.127209604837876 0.22323871549826088 0.9746296242267428 0.016160374744538988 75.83089317566399 0.0004941388237695472 -0.016691910145228576 0.9998604816974529 -0.25658333369067554
0.9780419664791352 -0.20838207842829937 -0.0032672473508341244 10.774778592440205 0.2084060274093556 0.9778718475273963 0.01824052946450805 75.98069535675526 -0.0006060340003425048 -0.018520870781232913 0.9998281859934687 -0.2540509137204383
0.9805967466160396 -0.19601270960707046 -0.0030118318055457165 11.419125350307729 0.19603388088079893 0.9804145563433619 0.018927388585658393 76.10718649803165 -0.0007571592091533573 -0.019150533479065524 0.9998166970405988 -0.2409652796264703
0.9832844870549662 -0.1820527949748725 -0.00289675320714196 12.09227752675909 0.1820747581492295 0.9830996103972249 0.01905916204453738 76.23657680458405 -0.0006219914333854592 -0.019268069700944905 0.9998139025478089 -0.23601803549617262
0.9859069903313409 -0.16728543935653115 -0.001901898970516288 12.796805716206467 0.16729216351268952 0.9857305688981611 0.018642944431513164 76.35944744573519 -0.001243945589392139 -0.018698408198332628 0.9998244407704984 -0.23152615873037397
0.9880956665020567 -0.15383720071264723 -0.0011698204049194298 13.496927930602109 0.15382958845169378 0.9878998461287292 0.01974670562757502 76.46909983855255 -0.0018821097168182782 -0.019691538772394518 0.9998044873692143 -0.2272071534272113
0.9901501522992662 -0.1399602490398603 -0.0036680406585194994 14.221421321087856 0.14000537748070271 0.9899468582266823 0.020113561318040506 76.58049061540339 0.0008160659901730706 -0.020429042799045758 0.9997909894740515 -0.21400434639519925
0.9914631613861891 -0.13009248458525463 -0.008721639680143542 14.94186403935213 0.13024739068621827 0.9912709329019231 0.020454388475391754 76.66647872672442 0.0059845533428769205 -0.021415694937144965 0.999752905711888 -0.20810889423700757
0.9926474806535888 -0.12020407821394528 -0.014235631731596381 15.677795644136525 0.12048082252347903 0.9925026339543439 0.020551072044695938 76.76284623014311 0.011658587760871596 -0.022115112459328002 0.9996878853920678 -0.1929088317010627
0.9936765025862313 -0.11135978963982619 -0.01436349457464342 16.449713444669896 0.11164582443580273 0.9935269335274474 0.020976330833792647 76.85112792873313 0.01193459042295756 -0.022447348321975053 0.9996765638863214 -0.1842752252430285
0.9943907464430066 -0.10542280194888869 -0.00858994990837255 17.210890383016277 0.10558942399469987 0.9941676691912754 0.02192319121138471 76.93370291003376 0.00622863595525002 -0.022707200315016857 0.9997225843657183 -0.16886436505034758
0.9948968663941862 -0.10089254712971019 -0.0011282472178932457 17.973938159268307 0.10088788396067395 0.9945645747585283 0.025762442498742003 77.02418289050041 -0.0014771275364283782 -0.025744791684821577 0.9996675588472858 -0.15806415418041686
0.9954202656014187 -0.09553755105757825 0.003413502394508755 18.76107667335871 0.09542385935820179 0.9951254149682893 0.024899405634160415 77.1059822317086 -0.005775691712853477 -0.024459600847564864 0.9996843194302921 -0.14403754383315293
0.9956958471483627 -0.09263469178901358 0.002936095237278249 19.512407866549914 0.09252571178455886 0.9953608639024251 0.026379818458954988 77.18095099129242 -0.0053661605495919605 -0.025994642476316738 0.9996472889492125 -0.12959102748677337
