1.000000000000471 -4.4893674281537566e-11 -3.6454780166783607e-13 4.651834473179406e-13 2.982833151483899e-10 0.9999999999920548 -1.9973945644024193e-12 3.659771808522949e-10 4.129059941182511e-12 9.315680289020538e-10 1.0000000000074745 7.399650336914476e-12
0.999999001692503 0.000490448200295231 0.001465886058022556 0.7525977693386516 -0.0004944872549689757 0.9999960133291135 0.002755486366356704 0.011664158568271106 -0.0014645318559414382 -0.002756206304002141 0.9999949849783835 0.02646453024087944
0.9999970106761764 0.0009206110235287746 0.002285147757526064 1.5231915311205313 -0.0009326328591831553 0.9999860393904884 0.005265968634675693 0.02648520092429226 -0.0022802572396824162 -0.005268086888256194 0.9999839499333353 0.04573158702134286
0.9999980359892862 0.001334892608629846 0.0016290115111565794 2.277327107247122 -0.0013447962151731947 0.9999810356911983 0.0060937515376057235 0.037675005182265416 -0.0016208489868053738 -0.006095915626262428 0.9999799283195159 0.061911746470111044
0.9999980301154091 0.0009357512994443468 0.0015269939085069285 3.002927153605409 -0.0009486017524680326 0.9999640351687774 0.008438075091497282 0.03831176613486028 -0.0015190340794264253 -0.00843949999381304 0.9999629347158138 0.07604837431619246
0.999998053105524 0.001366060096279809 0.001502012780891993 3.7138922173043074 -0.0013784684025602762 0.9999650392618554 0.008296621487218917 0.04715132106828556 -0.001490624771617514 -0.008298671454144455 0.9999649076326209 0.09190178301371703
0.9999950758739717 0.002024834406580748 0.00226998770346096 4.419508082009073 -0.0020432802449242594 0.9999650708505244 0.008151028566453757 0.04453211152224478 -0.0022534073254119377 -0.008155612271339947 0.9999638532755041 0.10797681756188648
0.999984033055979 0.001987656079521387 0.005331249694524233 5.101036877212903 -0.002035675541760692 0.9999571756454969 0.009017030573341866 0.055268045878846095 -0.0053131026465218605 -0.009027727287393537 0.9999447912985242 0.11964334040892077
0.9999520526692258 0.0034743056032346563 0.009158247062379068 5.751119245191059 -0.0035485372925635173 0.9999613979178253 0.008102484616039343 0.056664972154268245 -0.009129733304926679 -0.008134586797564708 0.9999255494129491 0.12997876294776184
0.9999080450541664 0.004385130392747218 0.012802105910546379 6.384432124178576 -0.0044827596947551555 0.999960641450414 0.007607646694982754 0.050492729683935186 -0.012768233655110334 -0.007664340072202369 0.9998893134954199 0.1428465660999369
0.9998760335097502 0.004844390194693949 0.014963238982438351 7.003128074557454 -0.004945900341335099 0.9999647830408072 0.006754790584593503 0.055735600934495345 -0.014930025671508109 -0.006827954719113592 0.9998651834494428 0.15379084287930916
0.9998681080007829 0.0066018905016830476 0.01482662911050072 7.568039441610767 -0.006698544970110173 0.9999569764473687 0.0064786416293640126 0.05149609335390444 -0.014783268329672571 -0.006577095936959882 0.9998689155518483 0.16243672509513057
0.9998872257394902 0.007839751305971709 0.012785361285764647 8.11396662780568 -0.007941267853466117 0.99993700025766 0.007908346850551171 0.05313753826929689 -0.012722556441868977 -0.008008996380435182 0.9998867740028501 0.17213310387960903
0.9999182687378728 0.00826555997344417 0.009728425956761558 8.649140403923116 -0.008336964930148072 0.9999387798300056 0.007323084271011386 0.056640856188837796 -0.009667296593123069 -0.007403584309475024 0.9999259514321219 0.17647855079530772
0.999922279086184 0.009498758472693462 0.008091291161716353 9.145456821815118 -0.009546384954500725 0.999937704164297 0.00586745233706273 0.035125579859548464 -0.008035043385199893 -0.005944230705329743 0.9999500167495191 0.17958896928629692
0.9999171306797389 0.01140705082300622 0.006044908194670074 9.607953794936202 -0.011419730651541561 0.9999325737966751 0.0020627162547308363 0.02725005577361344 -0.006020981249266006 -0.0021315711807845185 0.9999792955235861 0.18895858588971698
0.9999039972842906 0.012996648900094545 0.004910772293165483 10.043216638750456 -0.01299671546981539 0.999915508593661 -2.8607617821732405e-05 0.01612821488460741 -0.004910740362589257 -3.521241846963293e-05 0.9999874941220487 0.20205657589783224
0.9998823930266619 0.014976504687648749 0.003189320914216898 10.461450510972291 -0.014990139109351546 0.9998783976320259 0.004305583171725349 0.013307130772064473 -0.003124450262528838 -0.004352873350254068 0.9999852093413125 0.20831611847590203
0.9998408732967453 0.01770119399958391 0.0023456698948191466 10.83248274052622 -0.01771917400838854 0.9998123452419915 0.007893087764903635 0.020830866743102496 -0.002205515375000502 -0.007933382590955808 0.9999657814612634 0.21556541244946015
0.9997731751202769 0.021047126943236693 0.0031313266189617345 11.184383391912563 -0.021074478075800908 0.9997375480399988 0.008966399191986366 0.005941682153244884 -0.0029417800836170314 -0.00903036521947203 0.9999552768397246 0.219455357100251
0.9997167483466909 0.02346148576560637 0.004088870528517458 11.509324128179104 -0.023482482713751706 0.9997107800444122 0.005173777158919985 -0.007902558489319627 -0.003966310764559968 -0.005268333890219933 0.9999784716088972 0.22851824830974216
0.999649960127885 0.026188687079116986 0.003747156667039419 11.794548722725908 -0.0261881342033212 0.999656766882357 -0.0002111433724436429 -0.024085143078553965 -0.0037513949123126446 0.00011293137282244068 0.9999932729897584 0.2344319206587102
0.9995864108656772 0.02832400062040067 0.0050503793902803825 12.04502550518041 -0.02830722944720411 0.9995931057192933 -0.003357222062406536 -0.02477042841726347 -0.005143425834366106 0.003212864513950869 0.9999814834150298 0.24156859578866618
0.9995160941335981 0.03051946878498699 0.005980816151117345 12.285818388525657 -0.030490735689124915 0.9995234047870245 -0.004838543010626308 -0.053500751072867704 -0.006125632160984687 0.004653846617304617 0.9999705010793777 0.2474602374306099
0.9994483064434359 0.032826290690404464 0.005109645042256173 12.485916481903761 -0.03280924165422616 0.999456298750728 -0.003385133682249773 -0.05492375025418603 -0.005217992109903971 0.003215631452061393 0.9999813948058365 0.2517520032020868
0.9993984969630303 0.03446235225559979 0.003815815028454572 12.672069189519362 -0.03445382600956516 0.9994040153717842 -0.0022772617579357056 -0.06206838710096747 -0.0038920174025857245 0.0021444219675854906 0.9999904876651856 0.2568239948611029
0.9993228956480348 0.03666506165583773 0.0030458425606020474 12.842676865021186 -0.03666410761659801 0.9993278551404018 -0.0003876187758063522 -0.06378402068815547 -0.0030580076779189924 0.00027568879635305485 0.9999952492115637 0.2612946704095349
0.9992666207312023 0.038212169125471755 0.0025481177821470077 13.008023069175431 -0.03821873982404411 0.9992657311567512 0.00261838187343128 -0.05714084955329023 -0.0024461907402701794 -0.0027138526779063475 0.9999936481120467 0.26773125114659113
0.9992268089644796 0.03929649699150604 0.0013941259463005834 13.154370738364518 -0.03930092536653509 0.9992223763816204 0.003297032384350068 -0.0717746850992988 -0.0012634819365452367 -0.0033492751300278835 0.9999938146539004 0.27352996812190505
0.999157843723143 0.041024646105410734 -0.0005377769028627362 13.31048890911493 -0.04102270102368895 0.999152740209873 0.003297305683827332 -0.0729770696658138 0.0006725907831571986 -0.0032724652476159724 0.999994416066984 0.2778960394938674
0.999115487630461 0.04199382123870157 -0.001947667069222443 13.45360846473244 -0.04199002733509957 0.9991162634811867 0.0019430131698548406 -0.08414382805224459 0.002027546157579758 -0.001859506777946909 0.9999962488883526 0.28124539458002984
0.9990552494818491 0.04335495796473591 -0.002873869072008323 13.594297442942135 -0.04335198474739045 0.9990589234707833 0.0010751423172035218 -0.08236396309706716 0.002917775154370111 -0.0009495366123528017 0.9999948270473678 0.2850560272037697
0.9990014107987415 0.04446983754856343 -0.004358035070180837 13.719103967780198 -0.04446318410160415 0.9990093523888508 0.0016296589957666297 -0.09917288424119414 0.004426192774346216 -0.0014342678162496585 0.9999892368124078 0.288191242069506
0.9989285983445404 0.04582724345692512 -0.006368947012961192 13.84470880014208 -0.04581382177017874 0.9989475419709577 0.0022349653229108393 -0.09405394008234985 0.006464670629645015 -0.0019407800564651167 0.999976859684502 0.2897894923524107
0.998896699396878 0.04620864186566505 -0.00841651572931105 13.967568755797506 -0.046188545313893936 0.9989297461407256 0.0025694499851330026 -0.1069593164491824 0.008526230797728618 -0.002177859462353356 0.9999615544623965 0.2926434914473136
0.9988395416225992 0.04694097017173044 -0.010767871215940758 14.093436816224719 -0.04692113604366516 0.9988968131204073 0.002082353810855258 -0.10976819844661381 0.010853822139625938 -0.0015746852436364827 0.9999396452569937 0.2958375763098647
0.9988590687625395 0.04601165689397461 -0.012816914417336529 14.221072601159745 -0.04600684767602545 0.9989411810053311 0.000669361588846407 -0.1263698626202435 0.01283414233613749 -7.892607206400173e-05 0.9999177502321298 0.29948517611571135
0.9989410325328191 0.043812113205152436 -0.01404987134906488 14.33936937731945 -0.04380843927295038 0.9990399843120068 0.0005684324098000365 -0.1247910806909958 0.014061251283493984 4.767819049251469e-05 0.9999009831551743 0.3023035289639884
0.9990548925729803 0.04081557933115396 -0.014969119648056528 14.457048089773597 -0.04081894351828885 0.9991660470487718 8.368589487883662e-05 -0.1320133582962448 0.014960084157734132 0.0005274084656977029 0.9998880603782482 0.3033958073678105
0.9991842060832996 0.0370335985946825 -0.016099853282998955 14.591645704626371 -0.03701904049171197 0.9993141373961295 0.0011973937910168108 -0.1271294112679327 0.016133122943433168 -0.0006004096587538912 0.9998696565205709 0.30766654714062563
0.9993723132355676 0.031031664817623716 -0.017111985173491072 14.718495357348393 -0.03100649375263768 0.9995176569458483 0.0017305960384923463 -0.13383036230769293 0.017157354070752074 -0.0011989243388394345 0.9998520298185842 0.31091354784301806
0.9995391443926932 0.024342957992803713 -0.01814911250119091 14.838367636277647 -0.024327523790162037 0.9997034093728512 0.0010737109958148723 -0.12628443555406646 0.01816984640653475 -0.0006316890560586712 0.9998344462344556 0.3133364776578039
0.9996801580048712 0.016867515505760277 -0.018867563517827413 14.958641871576223 -0.016845447525512005 0.9998574029541359 0.0013266987559923476 -0.13248678062143415 0.018887332456950328 -0.0010084431504047908 0.9998214390409929 0.3154670783938432
0.9997640819113827 0.008491907316309784 -0.019971872106665234 15.087603864424254 -0.008473073688269689 0.9999636137136074 0.0010275181659684712 -0.13014850296158598 0.019979887195957727 -0.0008580567218925859 0.9998003043750099 0.31531448409197577
0.9997690028742925 -0.0017240906049685904 -0.021444023201583486 15.231085284257775 0.0017263892529371843 0.9999983087453556 8.895627280917628e-05 -0.1265689767584194 0.021443879519066636 -0.00012595294206558432 0.9997696883803524 0.31903441901490415
0.999624069475024 -0.0146939105730892 -0.02312659028067239 15.380197396445974 0.014663220460160241 0.9998917988117434 -0.0014933420618100167 -0.1129813427211648 0.02314603322591947 0.0011536814465300332 0.9997311317132327 0.3211208407101641
0.9992153256309402 -0.030700019824672947 -0.025017483288540997 15.53088264776978 0.030645150593242614 0.9995272718373813 -0.002574521474165213 -0.105887350437655 0.025084673736866986 0.0018058479197064047 0.9996834025316786 0.32703267272918213
0.9983813356688989 -0.05052065529872797 -0.026119427942672732 15.70367510886277 0.05048567534381878 0.9987226323409278 -0.001995678887931893 -0.08053078118145891 0.02618690045914049 0.0006737948969563313 0.9996570319901734 0.3314437311110789
0.9970481744279641 -0.07224542844583205 -0.025976973933337172 15.887518834020401 0.07222922223038143 0.9973870055753531 -0.0015636398129481818 -0.06207705002972111 0.026022084460827707 -0.00031726353089729404 0.9996608199966832 0.3379610399603941
0.9950579138505828 -0.09615548962641136 -0.024764087981675075 16.084097036702556 0.09615193884216588 0.9953659242788819 -0.0013358632562463753 -0.015501591794592496 0.02477777328401207 -0.001051837845218339 0.9996921618705353 0.3436883901200777
0.9921726802503873 -0.12262178838450166 -0.0236160552084405 16.32086060567331 0.12265407727230199 0.992449766560572 -8.206101720128285e-05 0.025827289236833556 0.023447881504079685 -0.002815190472548417 0.9997215531890407 0.3511627476328189
0.9879733647109012 -0.15307388904134986 -0.021830914257139653 16.548504730384188 0.1531230620723077 0.9882069854473572 0.0005959429428318752 0.0794546626349406 0.021482265219374238 -0.003931585431171994 0.9997616498417418 0.35712915796844047
0.9823448280209993 -0.1861217406642326 -0.018923692488818606 16.809436815967945 0.1861768182307406 0.9825159457645045 0.001178827974681738 0.14508407261115017 0.01837346205964452 -0.0046811590939148705 0.9998202262144962 0.3657826025725819
0.9747807710195675 -0.222629618242516 -0.015435803629709574 17.066451937199407 0.22268414822018442 0.9748885399034225 0.0019292281415092393 0.2333728095272144 0.014618767826636157 -0.00531789213739789 0.9998786890770102 0.3696271641882613
0.9648180326434845 -0.2627026439760365 -0.010627264995467688 17.325804797514508 0.26274739349426723 0.9648602591031811 0.0030302898668876435 0.3267800892557561 0.009457755647481437 -0.00571595269179226 0.9999387082533343 0.3806635717571164
0.9526957048437691 -0.30383039092174613 -0.007639877737846547 17.608538517926842 0.3038836821891631 0.952682837252204 0.007129830130211248 0.460179027319529 0.005112115142268491 -0.009114158987122712 0.9999454579040272 0.38068740949369234
0.9382274445751054 -0.3459871786690539 -0.004733847794922969 17.903678698568733 0.3460192402709402 0.9381658475911375 0.010731356033226332 0.5898935426168612 0.0007282286167119515 -0.01170650153769848 0.9999317078337573 0.38701665138759295
0.9212128578481137 -0.38905737329468787 -0.00087581380163111 18.18494134319039 0.3890351829394081 0.9211336613984688 0.012789839591733947 0.7376887747879626 -0.004169222683378716 -0.01212283295542063 0.9999174807534176 0.3893112173271047
0.9015319065334676 -0.43268467445259934 0.0048378832289729555 18.498920017184304 0.43256151104658197 0.9014572489008016 0.016285827286553888 0.9165500120498444 -0.011407765212977816 -0.012589482094127342 0.9998558445657312 0.3973493335153684
0.8793087324640994 -0.47616370117987633 0.00918548661109896 18.785224831747907 0.4759213308906334 0.8792529209889957 0.02032592789943589 1.1040238455287399 -0.01775483313437894 -0.013501261800641677 0.9997513465469052 0.39986335023554415
0.8543840413743747 -0.5195252903855048 0.011079040132386482 19.071491582660443 0.5191634517266889 0.854316220289702 0.024756783721266478 1.3166348605774516 -0.022326766637138735 -0.01539988100110626 0.9996317383359238 0.40187332177759416
0.8260671984793512 -0.5634609786247936 0.01120886623240118 19.37209689893797 0.5630041685947081 0.8259632967290226 0.028466866327743492 1.554866089897106 -0.025298071707069665 -0.017204911261127876 0.9995315047916264 0.4027773427625749
0.7953874502725379 -0.6060321643618598 0.009182358695051074 19.64178592132517 0.6055327483893918 0.7952058337195294 0.03127174250707909 1.811843706093848 -0.026253569766445474 -0.0193129551356748 0.9994687160079331 0.39063533870946726
0.76129098994944 -0.6483562458415295 0.00835736417710255 19.93370012599842 0.6477841902691382 0.7610589337461195 0.03412895558630966 2.0920596093145405 -0.02848816723987298 -0.02056827071153822 0.999382076304441 0.38683602639751163
0.724233184279521 -0.6895083322190817 0.008078545473534884 20.20292048937809 0.6888237996248637 0.7239547974074029 0.03756874397056052 2.3988974420575677 -0.03175245686089928 -0.02164386071694205 0.9992610183130765 0.37181642082002964
0.6855059275683393 -0.7280059486115482 0.009436772409823761 20.464477297175943 0.7272527632880212 0.6852952419789263 0.03838806447339535 2.719892837639355 -0.03441372980337468 -0.019452321087501223 0.9992188304527344 0.35954929646759326
0.6436693261969981 -0.7652445293599123 0.009504548053430758 20.748964986672895 0.7644857829345593 0.6435058512127059 0.03823423105900794 3.0777054358657194 -0.035374737035244144 -0.017344062985644535 0.9992238225902963 0.34963989876454005
0.6006841844700721 -0.7993913389561763 0.012307829685119178 21.014278522471162 0.7986303688392622 0.6006821347391071 0.037023610270134726 3.4522288919054156 -0.03698942974418492 -0.012410132647972413 0.9992386807908209 0.3389178888648692
0.5562540012398628 -0.8308673570519294 0.015520118207855005 21.252680620050217 0.8300817573369877 0.5564179071858603 0.03691901180275367 3.849889841788289 -0.03931046372713366 -0.007653380955222844 0.9991980915742772 0.3320468828700653
0.508610398634818 -0.8608601534708534 0.01532449763583273 21.474584781546252 0.8600549102854762 0.5088051692444098 0.03772582850643593 4.295078620058589 -0.04027382767515861 -0.0060078780762610196 0.9991704321207722 0.3087598374344781
0.45991602028439543 -0.8878535714284996 0.01393816828486356 21.67487332458885 0.8871006149231319 0.46010463912761246 0.03682079956348925 4.745226694657481 -0.03910444416014188 -0.004569909054969734 0.9992243405879923 0.2851687378460294
0.406759743064783 -0.9134042081081918 0.015458335614423757 21.880773767071773 0.9126923952855762 0.40705287811557783 0.03608207757008658 5.218866085473594 -0.03924984299718636 -0.0005680346186765411 0.9992293788196392 0.27058423611901544
0.35120697630694037 -0.9361258484783451 0.017917444298397558 22.050891402152455 0.935491332433975 0.35163443133266564 0.034785122021681866 5.723357086471296 -0.03886361285702361 0.004544798989669833 0.9992345923603942 0.2527696092849526
0.2984885678925145 -0.9542496722527827 0.017679699584995094 22.202044104739922 0.9536546115894391 0.2989389603501414 0.03433191634883377 6.238406967859174 -0.03804629073028838 0.006612684027653842 0.9992544717573442 0.24193766434992378
0.24482615790667706 -0.9694211273424933 0.0168351681433231 22.313911792053894 0.968679222154625 0.2453079509983775 0.038535089558420034 6.814833859472185 -0.041486459019260874 0.006873413769741757 0.9991158910949456 0.20548195915344303
0.18929499841758077 -0.9817480704168251 0.018397892952935927 22.423589045106617 0.9808331429984757 0.18993427399520363 0.04349208004674256 7.396469479219595 -0.04619267104468937 0.009812419561571216 0.9988847275872157 0.1822663617372363
0.13970982553910774 -0.98996039165643 0.021452053715160936 22.50326434513827 0.9890202271635093 0.14056567477948587 0.04560508399296179 7.966023275377395 -0.048162606465009035 0.014845134678996695 0.9987294996814065 0.16940861242475946
0.09110885706617249 -0.995606523086216 0.021618294196012817 22.55191826116214 0.9946783000003813 0.0920296211710267 0.04631241800773487 8.621688100100577 -0.04809846753722237 0.017283826716291594 0.998693521762801 0.14961371488301445
0.05226421538567511 -0.9984355049847166 0.019864363602443858 22.5571286281422 0.997571642149771 0.053115447518616125 0.045056270833680474 9.25914482683975 -0.04604089772541434 0.017461303781337582 0.9987870370957089 0.12562917801250817
0.0165442585869704 -0.9997686689366051 0.0137501021716913 22.559584420191932 0.9990196361014713 0.01709361911085883 0.04084742629030214 9.920478140403794 -0.041072977268487014 0.013060912939967743 0.9990710223021709 0.09563426098472354
-0.01054229196237136 -0.9998919296966682 0.010266044069267457 22.549446171684053 0.9991377145129271 -0.010120857912301991 0.04027266495073523 10.594300590557152 -0.040164397598483274 0.010681747441732212 0.9991358398746734 0.06078268157560786
-0.03299052562013169 -0.9994235425183937 0.007955578639291631 22.506168464886905 0.9984910948818407 -0.032607983529840595 0.04417938179593992 11.309045408075503 -0.04389451288404142 0.009401066201932384 0.9989915091499725 0.034217947990257624
-0.05229707802924831 -0.998600884339547 0.007884565251133662 22.46990984290634 0.9974169794656924 -0.051842652836656754 0.0497077622918532 12.04220272572444 -0.04922940151186139 0.010463827234264374 0.9987326308659051 0.0024923091840062805
-0.060242505567786174 -0.9981492765291746 0.008343825339333045 22.41715167142493 0.9968152580038849 -0.05972025516470995 0.05285230979784906 12.789669938307608 -0.052256203499902364 0.01150117825331985 0.9985677607324962 -0.02613496498396707
-0.0583353278645123 -0.9982663287508328 0.007845813327472998 22.365307435224373 0.9970578446998583 -0.05786978001689956 0.050261722649443154 13.574253971155464 -0.049720484672251354 0.010754791931598753 0.9987055078814119 -0.05558966223972364
-0.05742383471121281 -0.9982397070147451 0.014819285381928055 22.33973139794863 0.997338284135098 -0.05669130523543874 0.045848656881069094 14.334543181279486 -0.04492787915121883 0.017412664211508805 0.9988382399466517 -0.099035439579033
-0.05654413238425925 -0.9980681623380614 0.025727543161829753 22.322515862756433 0.9974171262626406 -0.05532629297213578 0.04581299866078766 15.15313632958863 -0.0443011146335244 0.0282515141469801 0.9986183253563953 -0.11845642525078982
-0.055600326277976564 -0.9980542860819547 0.02822779551778169 22.291292136659507 0.9974858926206753 -0.05427985642811812 0.045568090484881724 15.952683122470729 -0.04394720822305696 0.03069039877164083 0.9985623827060949 -0.15565927321481204
-0.045234626708943335 -0.9986262434659023 0.026433683862519264 22.253015232442078 0.998124197955782 -0.04408767008791601 0.04247085540163843 16.836322303313317 -0.04124711354534544 0.028305227742102913 0.9987482967968594 -0.19918550031558596
-0.03249139564840983 -0.9989904790748618 0.0310351006051095 22.212346717919736 0.9988053752574789 -0.0313200619806237 0.03751247760744072 17.69221532607033 -0.03650260853458125 0.032216884466697196 0.9988139576290337 -0.21769082374726134
-0.02693847782985773 -0.9992563438520436 0.027599584826093277 22.213610793306394 0.9992929495540013 -0.026194955516399818 0.02695503061311122 18.562120929090515 -0.0262120513395704 0.02830620069811409 0.9992555333462576 -0.23580593358718993
-0.021372319402571845 -0.9995605536700504 0.020548996096562605 22.20276941744799 0.999613193949294 -0.020999006621452848 0.018212378222409092 19.45492718772341 -0.01777295307928669 0.020930269398565515 0.9996232260240249 -0.2638488418248164
-0.020912917133208773 -0.9996804213110283 0.01422684348590895 22.141907722410124 0.9996586509799766 -0.020684828523305967 0.015995550995437598 20.373497524119784 -0.015696113162931468 0.01455645731662548 0.9997705456565148 -0.27803859454363555
-0.025717416343714355 -0.9996576412049973 0.004896666260746852 22.10581543836894 0.9994539812120266 -0.025609818308504888 0.02089462549736997 21.311814719798004 -0.020762067298092296 0.005431356436195558 0.9997693346522194 -0.2890350016662921
-0.0335307912073506 -0.9994376547632833 0.0003852035004227613 22.058252455062217 0.9990302783710702 -0.033506169834126076 0.028555203675059367 22.2831458578697 -0.028526233907328027 0.0013423087354029614 0.9995924610414769 -0.31422858438091145
-0.037853284268242096 -0.9992796753978337 -0.002620637524751388 22.028641965244525 0.9985386950689782 -0.03792622814686644 0.03850828926230675 23.28379307350872 -0.03857993476608583 -0.0011591445966697496 0.9992545124151088 -0.3309285745645373
-0.031241433290681467 -0.9995035454327342 -0.004138803691360541 21.97539670270922 0.998350395119425 -0.03140440430150186 0.04807117279067091 24.316193300294564 -0.04817727821804644 -0.0026301538837098935 0.9988349375921834 -0.37175569986519175
-0.0320281860018493 -0.9994846603035409 -0.00206168653292901 21.95796990653521 0.9979161005923353 -0.03209340681055955 0.05598460839190075 25.30829163992311 -0.056021854433099996 -0.0002643037596866342 0.998429092812409 -0.4054538089747447
-0.03625772614876596 -0.9993418150120637 -0.0010396152405319232 21.921794018265828 0.9976390852537369 -0.03625665742257991 0.058319507184340855 26.34794317957344 -0.05831879698091092 0.001077367413302543 0.998297383571346 -0.4416680163245704
-0.03648295456248595 -0.9993321206616709 -0.0020726879568591992 21.89026393649375 0.9978447805237579 -0.036541716536173934 0.05449967268904348 27.344881871213524 -0.05453903063726974 -7.991285674709539e-05 0.99851157109866 -0.49327019608913597
-0.035119154990622056 -0.9993342744428945 -0.009852357964184362 21.78583749290131 0.9981080056085503 -0.035570573532314756 0.05016265966338341 28.38431866519587 -0.05047971123398858 -0.00807205025025508 0.9986923285229369 -0.534480009046886
-0.042310526518523614 -0.9990226347705408 -0.012756475693458277 21.74708519018193 0.9980759897962567 -0.04284273133831299 0.044819009385077865 29.40592055291708 -0.04532175439818817 -0.010835660382035234 0.9989132578568367 -0.5634496783154845
-0.04709194869344081 -0.9988334204502295 -0.01069666408356238 21.695581611064608 0.9980725816203617 -0.04748403383499115 0.039958992197968876 30.435028939364514 -0.04042022367864403 -0.008794292722826131 0.9991439825284322 -0.5977483454801853
-0.055186835992275404 -0.998369045337524 -0.014585918545635738 21.620371010727776 0.9977598206466464 -0.05569453266832584 0.03705590483287787 31.49012946067284 -0.03780786131073451 -0.01250823559402315 0.9992068686606014 -0.6328216179557753
-0.05880717907729903 -0.9981908614446088 -0.012544386856322514 21.560334797211755 0.9974343516620936 -0.05926713564729168 0.04014291835161834 32.539741465340825 -0.04081370749402619 -0.010151497495203977 0.9991153147245907 -0.6613536790295588
-0.06976264656084304 -0.9974362427292509 -0.015936878893782747 21.493385330520848 0.9965118647703384 -0.0704137225653324 0.044801879453380156 33.614347624725674 -0.04580923133211693 -0.012755802056233279 0.9988683691261755 -0.6886476768212191
-0.07597126269700202 -0.996953061481274 -0.017682382383894732 21.39682093938692 0.9959097477291176 -0.07673778326301776 0.04770543793741182 34.691763850785186 -0.0489169859575032 -0.013985728317049962 0.9987049459600199 -0.7257679878821084
-0.08027463588791921 -0.9965192166116882 -0.022471352833729162 21.294004629710717 0.9954357091462107 -0.08131408965273437 0.049964337957518555 35.72330975302219 -0.051617703632607224 -0.018357947154881576 0.9984979255406535 -0.7635752038040484
-0.08352511995568511 -0.9961605447105788 -0.02622073153768443 21.190030388618606 0.9950620034301877 -0.08479105235200675 0.051592597206795 36.82389589160111 -0.05361779704657467 -0.021782018749671006 0.9983240723076917 -0.8031128582243845
-0.08512075245357463 -0.9958832050492309 -0.031160552395129697 21.090707251943137 0.9948618247981798 -0.08667073076788238 0.05232872937435212 37.893316244031986 -0.05481404784079009 -0.02654617265761498 0.9981435832214571 -0.8507292474655073
-0.08911907039068147 -0.9955061901309155 -0.0320057991213743 21.006570508177987 0.9944910411997622 -0.09071650802471644 0.05251236786386693 38.97444915295516 -0.055179852840902065 -0.027149675542955446 0.9981074784153982 -0.890327243746049
-0.08886237403989153 -0.995499364953752 -0.032921344249398306 20.898654299353442 0.9945531768830802 -0.09048850174675994 0.051727340351649435 40.09245217307359 -0.05447358962163666 -0.028145476702217367 0.9981184757866515 -0.9333179214349996
-0.09059738119245724 -0.9952822901028898 -0.03473102840661648 20.78681131254414 0.9944171761217764 -0.09230292002542215 0.05113245817759436 41.13100775361093 -0.05409700116847037 -0.029904726296065318 0.9980880012178797 -0.9732462324976247
-0.09146147102375136 -0.995182410514949 -0.03529979118153248 20.6712544421606 0.9943654012120436 -0.09317949831091044 0.05055231601195675 42.23338898639975 -0.053598032795168137 -0.030477281249586565 0.9980972693346618 -1.018110035150638
-0.09275443204627445 -0.9948696677504192 -0.04039126848569667 20.55671026091642 0.99434591800231 -0.09465925521527614 0.04812104157348482 43.32678144921356 -0.05169762801960415 -0.03569950113332337 0.9980244872615508 -1.0594084935316055
-0.09139131668475353 -0.9947824610025421 -0.04532680934598092 20.43133969916301 0.9946925808304288 -0.09335460843183319 0.04327146232909944 44.38288009937799 -0.04727714649609424 -0.04113160037584502 0.9980349251165868 -1.099115435246754
-0.09344136806127519 -0.9944217319303048 -0.04893041114117739 20.31981243676156 0.9945169263116617 -0.09554262329971723 0.04252330639688412 45.51065717198894 -0.0469610456331355 -0.04468868161087992 0.9978967913609925 -1.141434300014828
-0.09226606790345292 -0.9945384442359475 -0.048788836278985545 20.209974355581252 0.9944533396739127 -0.09452106426945586 0.04612712761608182 46.56431123865026 -0.05048677132390304 -0.044262266215491314 0.9977430321729088 -1.1796192217183192
-0.08677534977020547 -0.9951164109977193 -0.0470547576759183 20.087760417399195 0.9947897106511584 -0.0890906954229625 0.04956690128800587 47.71850955675303 -0.053517035644515695 -0.04250838915240937 0.997661645193168 -1.2235456209608093
-0.08431467439684623 -0.9953561505993063 -0.046453317789931885 19.98362480227849 0.9949928168424674 -0.08661149633436133 0.04987295596197815 48.82762783018524 -0.05366471407283051 -0.042015700891522574 0.9976748707312076 -1.2634444917827543
-0.08288562954250646 -0.9954729846350929 -0.04652091366960017 19.888023486809544 0.9951556591804199 -0.08515540827562557 0.04913584203628205 49.91829298751143 -0.05287484778055665 -0.04222293408051165 0.9977084378181322 -1.3077795022065197
-0.07965973424124144 -0.9956131995020921 -0.04908734690128188 19.785159097407124 0.9953818492667679 -0.08209477287905881 0.04976460722923465 51.01965271734392 -0.0535761063964336 -0.0448964312712494 0.9975538071203004 -1.3506958623722907
-0.07416797235977862 -0.9957212540533508 -0.0551300702142269 19.683024374297812 0.9957596270835819 -0.0769610253246473 0.050393236849467116 52.15839421407155 -0.05442044817828533 -0.05115868786845324 0.997206497684426 -1.396626449119711
-0.0709198864023992 -0.9958466721009858 -0.057089116834984834 19.58842543445365 0.9959931371579018 -0.07382353470286418 0.05046937018502645 53.281010113741 -0.05447422852522584 -0.05328111278599736 0.9970927211052636 -1.4415649299052156
-0.06624564474951726 -0.9960203468142341 -0.05962831695854017 19.50145700707066 0.9963955679056956 -0.06920728490764444 0.04905382947435025 54.375146485572074 -0.05298528506257534 -0.056163717137928025 0.9970144296571619 -1.4868397051116566
-0.06093322104398051 -0.9964263437467952 -0.05849385609094722 19.408688533498612 0.9967898213614838 -0.06379586575904839 0.048386299207143366 55.53503705571803 -0.05194505581951764 -0.0553576451875533 0.997114886803029 -1.5291965436038826
-0.05140113706864382 -0.9971025525447189 -0.05607329833811307 19.32243051920392 0.9973463243652025 -0.05415035435854858 0.048663952251929266 56.6495446487512 -0.05155937840732498 -0.05342317257408984 0.9972404914271925 -1.5707641606419527
-0.04491739466926597 -0.9974590059198912 -0.05529314177747434 19.264573959044967 0.997628110057545 -0.04767690533920113 0.0496415039199578 57.78156165615476 -0.05215164128094838 -0.05293230794440141 0.9972354000084671 -1.615830979984717
-0.03825746121068376 -0.9978638137671115 -0.052946486575566755 19.197484851485733 0.9978581324946834 -0.04096352018084143 0.05100505049125195 58.94888952260269 -0.05306501672215981 -0.05088173580248007 0.9972938813915255 -1.65391389460561
-0.03370927759535203 -0.9979750277557107 -0.05394428672529961 19.160995665264043 0.9979802556154059 -0.036519084935431816 0.05197822343159069 60.07204698688004 -0.053842973275142036 -0.05208319341587928 0.9971900625307839 -1.7034514584955294
-0.030336332321089385 -0.998161555390684 -0.05247307455025304 19.11016573105145 0.9981100095175993 -0.03305832522328355 0.05180871478217043 61.211976059148576 -0.05344806012182972 -0.05080217121212635 0.9972775575443731 -1.7455109026902422
-0.02816172387838966 -0.9981981140940407 -0.052993267208643745 19.074216108230456 0.998392896563817 -0.030696561285445623 0.04764295493878336 62.37252990921873 -0.04918370238534776 -0.05156641703657122 0.9974573851638354 -1.7900595931746308
-0.02347982950836925 -0.9983655587019429 -0.05210578948662906 19.03955043295008 0.9987738041488269 -0.025698464642775642 0.042325391729159674 63.504089647423584 -0.043595214216085816 -0.0510480730396435 0.9977442941511447 -1.8248007467971854
-0.023085465557444736 -0.9982903935808325 -0.05369247039567137 19.009410648979593 0.9988066396056369 -0.02534360079131476 0.04176218677900425 64.64323521789628 -0.04305161921958159 -0.0526643231128405 0.9976834663487597 -1.8626900192904459
-0.01744484005304631 -0.9985420299197335 -0.05108207180538797 18.976452662725134 0.998844818209998 -0.019692789647161337 0.043838251924847055 65.79351159097524 -0.0447803253319926 -0.05025833353829437 0.9977322297002076 -1.9003871274668056
-0.011377096865792254 -0.9986496913212946 -0.050684546533297736 18.95265588884222 0.9989293141443414 -0.01362374407283623 0.04420296671913438 66.9595770991525 -0.044833804889064084 -0.050127461481692615 0.9977363409386286 -1.9323099784938087
-0.008624892589853817 -0.9985531008036804 -0.05308413135794987 18.932355251791165 0.9989758052844229 -0.010962973721245604 0.043912105404312035 68.166476384261 -0.04443054494597128 -0.052651059531196046 0.9976243263110995 -1.9756549033154578
-0.005590393452433128 -0.9985597958168533 -0.053350509693867884 18.915499610844872 0.9989467224539722 -0.008006615635145611 0.04518397263301309 69.32473024746226 -0.04554612078848454 -0.053041742308189775 0.9975530490875788 -2.0082541832192096
-0.007427484978766416 -0.9985111377232989 -0.05403815341682063 18.898981518652924 0.9989426077487269 -0.009861109578706433 0.04490909307775597 70.51355281257086 -0.04537507411491983 -0.053647422567029104 0.9975285045574731 -2.042974680481729
-0.005847232760506838 -0.9984466267094871 -0.055405129163548596 18.893426825322116 0.9990059400804869 -0.008281692813992587 0.04381218208521866 71.68269697662956 -0.044203022174558536 -0.0550938333669358 0.9975021255744994 -2.0796499520358527
-0.004848279513852239 -0.9985793395820555 -0.053062617146426606 18.86364616747313 0.9990759388363063 -0.007102917309196473 0.04238448004720549 72.84884952773004 -0.0427012103822309 -0.052808116259179076 0.9976910168230487 -2.1153747418463418
-0.00530508655676983 -0.9987655751420481 -0.0493941525191319 18.845816530642665 0.9990913803988619 -0.0073826032300981954 0.041973141330650714 74.04084659026348 -0.04228593149820279 -0.04912657819027868 0.9978969297868682 -2.1478353100791963
-0.00549684562327524 -0.9988666581119883 -0.04727779302574272 18.830667824251275 0.9990593501913172 -0.007519879261322785 0.04271948188976853 75.22063149318238 -0.04302664717254214 -0.04699849920343119 0.9979681748845981 -2.1786357832489696
-0.005264066600620725 -0.9988667766964843 -0.04731027402138463 18.820911961573778 0.9989539143970942 -0.00740148499438904 0.045117770861602964 76.40677513301699 -0.04541675666337871 -0.04702329278288923 0.9978609515950099 -2.2112170460579503
-0.009195170332088992 -0.9987765746135259 -0.04858423610022485 18.793328528521563 0.9987803931402097 -0.011530616009785917 0.04801089040731684 77.60144101745502 -0.048512345360606786 -0.048083487358718625 0.9976644363418751 -2.249382808680585
-0.009016266164020325 -0.9986529629970586 -0.05110606244519256 18.77637687333984 0.9987393954560748 -0.01151702259722766 0.048851344732855545 78.79039691944983 -0.04937407741221026 -0.05060127599847254 0.9974978387612481 -2.2873211854423183
-0.011655647580497768 -0.9985385431542912 -0.05276623887483973 18.757005717410706 0.9988024504846109 -0.014133594244522932 0.046833629619113415 79.95968203599911 -0.04751098892495466 -0.052157175531322084 0.9975080418250207 -2.3245143101362786
-0.011323758407139381 -0.998526204016769 -0.053069719107505874 18.73264161443333 0.9989246711983426 -0.013682629137182729 0.04429864560317088 81.12302218739967 -0.044959536559285175 -0.0525110507255919 0.997608187544322 -2.3608953022153396
-0.007493764142906441 -0.9986798039052187 -0.05082834189674911 18.700761742716992 0.9989836426075411 -0.009735582329112931 0.0440025673339698 82.30525033791245 -0.04443922413526008 -0.0504468870640375 0.9977381164720196 -2.392622030403335
-0.010042626834841363 -0.99873111124464 -0.049355609909097806 18.694932353118507 0.9989023811512248 -0.012278910041060555 0.04521733669098678 83.48478190689215 -0.045766013490780105 -0.0488473490226475 0.9977570968759021 -2.4260116641972034
-0.012734144882087763 -0.9987259296239424 -0.04881911655883968 18.667475868077716 0.9987421616346098 -0.015071790293462903 0.04781820222623635 84.66308499470347 -0.04849309512047455 -0.04814880883548307 0.9976621351755506 -2.4591381476169643
-0.009189568605343762 -0.9987724702013223 -0.04867772672168633 18.64858888673195 0.9986539052429342 -0.01165154638727733 0.050537597531656396 85.8514315716652 -0.05104268234831003 -0.04814778776760735 0.9975352549926214 -2.498328372366435
-0.009941658168211853 -0.9987218914647265 -0.0495623446329696 18.641010454485052 0.9986302210635706 -0.012462489059465521 0.05081462475819267 87.025159447424 -0.05136735619559624 -0.04898927936971961 0.9974776272276775 -2.5415799928797784
-0.009048160390590117 -0.9987260979802287 -0.04963901595871613 18.607754358286414 0.9987365677632201 -0.011480127396378392 0.0489288737174438 88.17266333834553 -0.04943633517542803 -0.049133597531087425 0.9975681777869687 -2.5766551694615103
-0.008392963603124814 -0.9988096585775043 -0.048043758328324686 18.583366568104367 0.9987977520057207 -0.010694576478712945 0.0478514309711698 89.31586262995506 -0.04830825006074528 -0.04758439680149143 0.9976982600818378 -2.6159831085835514
-0.005706941135130153 -0.9988843953836866 -0.04687075817162164 18.57397519057712 0.998767108390632 -0.008005058210363222 0.04899059005291387 90.50381085648762 -0.04931113311734246 -0.046533324735256835 0.9976984993454933 -2.6507955103439915
-0.004369820884314271 -0.9990604800186509 -0.043117886751504214 18.5601735423248 0.9986408725048181 -0.006599024695901473 0.05169398565879052 91.63627746409811 -0.05193002669337208 -0.042833478453301425 0.9977315455802158 -2.6933793539928916
-0.005176103702674356 -0.9990945248956713 -0.04222448692413261 18.555241465170575 0.9985284868637867 -0.007443341091246142 0.0537157615219042 92.78390954151757 -0.05398144963724829 -0.041884319022559596 0.9976630447939207 -2.7296345718720536
-0.0029158933911536756 -0.9990889982703468 -0.04257871880730523 18.532310886025368 0.9984452777959109 -0.005279011159349823 0.05549337543632353 93.97252913047762 -0.055667609128550774 -0.042350727771077415 0.9975505745505034 -2.7745426194884972
-0.0015152078030993624 -0.999004745020755 -0.04458601751374283 18.51301970775384 0.998365551298383 -0.004058924846449979 0.057016695924653804 95.161847178343 -0.05714089466162947 -0.044426718502713784 0.9973775266495495 -2.823240871167112
-0.0017984567290653829 -0.9989157640173433 -0.04652757601720179 18.509929260022204 0.9984081537308978 -0.004416779786132851 0.05623307182728179 96.29526910917373 -0.05637765571439916 -0.046352453348098836 0.9973333865151984 -2.8673938756518367
0.0006059272061664355 -0.9987278845933576 -0.050414145965502116 18.48914144088838 0.9985849794019928 -0.002076540310732232 0.05313912571049651 97.43517394835047 -0.05317619829767859 -0.0503749897885369 0.9973132931045658 -2.907166191610446
0.0007588844072762518 -0.9986526205264912 -0.05188648882960348 18.477374772475095 0.9986999676894949 -0.0018877087958226848 0.05093931348479941 98.58838628318863 -0.05096866424526806 -0.05185767166160742 0.9973528743885465 -2.9520865327889405
-0.00095654892398363 -0.9986632045142961 -0.051675720624905296 18.463195153849302 0.9987431128507032 -0.0035434822203055994 0.049992448318250636 99.74477520871153 -0.05010873555515847 -0.051563031628650696 0.9974118711442894 -2.9916719959764237
-0.005138576240775773 -0.9987154608397929 -0.05040677667958166 18.460411004999145 0.9987387594024242 -0.0076431026234820235 0.049620139149936585 100.89608943167053 -0.04994171246597014 -0.05008819810761757 0.9974958888642579 -3.0306980574625912
