1.0000000000004707 3.0433335343992007e-10 2.447530025873057e-12 1.4875878306952472e-12 -5.094374162968596e-11 0.9999999999920548 2.6623048519436657e-13 1.6971994122594314e-11 1.3169812462798802e-12 9.293044047808052e-10 1.0000000000074747 4.582736967684298e-12
0.9999318053027183 0.011606285927854914 0.0013379233296350965 0.28117378530083326 -0.011602646308075304 0.9999291156058454 -0.002644930475754841 -0.0007092114169093659 -0.001368520040766109 0.002629226030225636 0.9999960790914368 0.01952422921829438
0.9997894258160965 0.02039920207284884 0.0021490132901846176 0.5798861302244909 -0.020389477812997284 0.9997823296956158 -0.004429690365000923 -0.01478309505058659 -0.0022389007797143307 0.004384940949203784 0.9999882444882875 0.027068180492400853
0.9997529637138051 0.022198726821043336 0.00121435831903559 0.869829309511532 -0.022189294547699755 0.9997271999423781 -0.007258130068521917 -0.02738576057536475 -0.0013751443876666956 0.0072293910555078925 0.9999728363438173 0.03139527261177681
0.9998169616584511 0.01914754840013136 -8.768353810823491e-05 1.1802722204144127 -0.019147584327456342 0.999781989251925 -0.008296985842931615 -0.03200569452472648 -7.11993474748181e-05 0.008297128622376419 0.999966049089624 0.033522848241203385
0.9999140568973822 0.013010080213870382 -0.0015592504900406598 1.4949477290720976 -0.013026131309246606 0.999856870133544 -0.010785879152329514 -0.0337462844919809 0.0014187111861412105 0.010805298308730992 0.9999410729690742 0.03465533905280269
0.9999947984259445 0.0018622959036231268 -0.002830196201492528 1.8221232935263212 -0.0018956434772050752 0.9999280196599202 -0.011824229694896191 -0.019011085892818316 0.002807964507044528 0.011829515767361078 0.9999261819141355 0.04206786667673078
0.9998959420104944 -0.014049037010607755 -0.0032828698859242124 2.152894863498862 0.014011784166620507 0.9998404397843078 -0.011105902334011042 -0.006011362973963971 0.0034383633957077472 0.011058754898887342 0.999932618205198 0.04780650088748524
0.9994115200217248 -0.03416614236786692 -0.0031042183099751573 2.4922778092077706 0.034143152851071515 0.9993908878207144 -0.007190962737629468 0.023589999534494414 0.003348019469253554 0.007080733032856364 0.999969592157561 0.05422923933400789
0.998515142183817 -0.054251294924194705 -0.004872959053415488 2.8416074872993287 0.054233898144974875 0.9985221032657112 -0.003629581218383587 0.06278076213069467 0.005062672095674894 0.003359910459349215 0.9999817545504719 0.056786489886364894
0.9971932564904076 -0.07466286588908831 -0.005559440405194855 3.193210030117002 0.07464661901927132 0.9972052538936708 -0.003091614576049922 0.10674370369320868 0.005774729748592642 0.002667946944465896 0.9999794896159214 0.062993878288728
0.995457374734818 -0.09511610925055469 -0.004279380991850273 3.591698096871759 0.09509730532231268 0.9954581694131809 -0.004403668993563301 0.14146345398654264 0.004678803594990143 0.003976692251092683 0.9999814558520014 0.06740941438382658
0.9936597677257629 -0.11237324440808769 -0.003453664149592333 3.9785260991855695 0.11235209374454935 0.9936520346004836 -0.0057672495653012315 0.19254544687757544 0.004079827740990507 0.005342672518075326 0.9999771976737538 0.07335209226518746
0.9917029756154206 -0.1285088533860025 -0.0034127574790149134 4.3524107940158165 0.1284891736106648 0.9916963792931801 -0.005437124002866043 0.2571029010124454 0.004083138486774674 0.004953509559637376 0.9999796450913994 0.07822480997051907
0.9894464032280982 -0.14487405668973333 -0.002610753862138756 4.781446110062302 0.1448616214009667 0.9894427379288241 -0.004297731184865043 0.34313700728530183 0.0032058330002805334 0.0038741744197916986 0.9999878588430777 0.08402921215414262
0.9872749193204892 -0.15899550067825088 -0.002898425172002099 5.21050081581894 0.1589852552932615 0.9872742613776796 -0.0035901971165578114 0.42206845533488296 0.003432375987455517 0.003083691778379178 0.9999898193018316 0.08846259224947273
0.9851508647259407 -0.17165341559958694 -0.0035227092912882667 5.6443838053671715 0.17163470126006586 0.9851465512431449 -0.0052519226820307505 0.49108220635650224 0.004371902630766438 0.004569326014849566 0.9999795840309145 0.09280430031081094
0.983364471780788 -0.1815823281749724 -0.004773054391016051 6.088969535403098 0.181539064675056 0.9833490582355622 -0.008269654885891441 0.5795759326299135 0.0061951963277728775 0.007265585152315675 0.9999544699836501 0.10234121234240218
0.9820728177448 -0.18836523872297314 -0.00710849354338622 6.54012862411738 0.188310827319233 0.9820788051441379 -0.007747834026703067 0.6865634289037734 0.008440534043381959 0.006270334730068953 0.9999443771110622 0.10773480292081511
0.9805558858122432 -0.19602404945516322 -0.009232649270648405 7.026815647607332 0.19595552840765948 0.9805816259667345 -0.007828677506785764 0.7889384636260536 0.01058796498920327 0.005867266191521979 0.9999264882210226 0.10976898648508471
0.9791342669227725 -0.20288778684756978 -0.011538291802345373 7.493507112374216 0.20280134435205963 0.9791849918911837 -0.008217257839671376 0.8839113518675842 0.012965338292398727 0.005705805763686151 0.9998997411860439 0.1164049896266879
0.9770788442319586 -0.21250544661992177 -0.012592789609015064 7.997439865256689 0.2123551392742053 0.9771155326043545 -0.012252497723259008 0.9888602670262399 0.014908349487536202 0.009297538837591277 0.9998456231636874 0.12590729282701296
0.97542446364147 -0.2199987240654783 -0.012159751366064897 8.514722086825977 0.2197643352659079 0.9753858592145163 -0.01806836604236186 1.109583482925709 0.01583542900705394 0.0149520287427008 0.9997626771440138 0.1408161263275894
0.9734579475787624 -0.22842914659488273 -0.0141295683764018 9.030322171641025 0.22815306910910294 0.9734426924865024 -0.018834572645361033 1.2364103324022113 0.018056698906697862 0.015110936717864107 0.9997223599347355 0.15819144409199282
0.9713386998213812 -0.23688680719449437 -0.019639954620359855 9.572413211428037 0.23660598093514432 0.971480603619694 -0.015585086310975384 1.384139404516126 0.022771702885908185 0.010491456508460428 0.9996856965589249 0.16238271569469684
0.9692367924969327 -0.24500681560546309 -0.023502563578994294 10.11655255095888 0.24476789129979715 0.9694998328168936 -0.012624384926535464 1.530154332074783 0.025878791235484453 0.006483366186027933 0.9996443746861738 0.17652041446175182
0.9668451715696846 -0.25413794993887723 -0.02498603235735325 10.677906547187735 0.2538160093505015 0.9671305423138014 -0.015379275975305815 1.6807499794033802 0.02807322378793328 0.008527519807154143 0.9995692861165144 0.19454509365423056
0.964354358977718 -0.26332880036485184 -0.026058789990532127 11.237085782333251 0.26294698611936396 0.964656422539431 -0.017203696907603518 1.8461794711426918 0.02966800273966834 0.009738363887619223 0.9995122184828513 0.2181160208493419
0.9623956765775581 -0.27010641801064117 -0.02891904661298032 11.818151840564749 0.26970651707558063 0.9627921742398722 -0.017014581332177862 2.012920271710113 0.03243876374708938 0.00857507185750125 0.9994371491825701 0.23922702749365474
0.9597888806287325 -0.27879395528406503 -0.03284724313527041 12.40164951435687 0.2783900615781746 0.9603289899559525 -0.016360867300474476 2.1884822132084594 0.036105428406379265 0.006558628575932424 0.9993261294153153 0.25822533227538486
0.9578184151281386 -0.2848385892771607 -0.03808510572254145 13.019322017793648 0.28436826085157035 0.9585581634820143 -0.01736299378870883 2.3743623498729725 0.04145244264822037 0.005800439157108457 0.9991234213898473 0.2851831514570335
0.9554454362808437 -0.29167235554324283 -0.04528267799040009 13.626038014550826 0.2911242391019178 0.9565078198770394 -0.01841368935104496 2.568842525024238 0.0486839923350887 0.004410345504853523 0.9988047438421171 0.3184883217646745
0.9537577489181943 -0.29575679032344454 -0.05360351730783466 14.255167868287085 0.2951678686979376 0.9552614508435683 -0.01878095104937248 2.772592615461629 0.056760033333467734 0.0020905090269282504 0.9983858002382378 0.3512834903554858
0.9522113513179823 -0.2989481610933137 -0.06263119645397681 14.875524946586886 0.2983493938476868 0.954268759446049 -0.018919521116569818 2.971263315258113 0.06542302232036347 -0.0006706549453945017 0.997857889235969 0.38901470530044174
0.9499966960509578 -0.3037752010528765 -0.07230496431249242 15.508214786940147 0.3032789091718228 0.9527315627158496 -0.01800424647955166 3.191473450940992 0.07435641304430987 -0.004824650627937782 0.9972197412331925 0.4307185949502505
0.948334592989567 -0.30701066538960564 -0.08003251901258276 16.158737090952357 0.30664610038852497 0.9516701766942746 -0.01711288630318387 3.403335545492638 0.08141841090317002 -0.008312890690956072 0.9966452303161586 0.48500405513342576
0.9460164487365063 -0.3121771208185141 -0.08717072465420111 16.83178752525345 0.311979114846379 0.9499500838460259 -0.016244876522354075 3.6446830858671886 0.08787914198856285 -0.011827487026801945 0.9960604674174681 0.5424326592469539
0.9438631088486105 -0.31667409560902915 -0.09402628032739462 17.497859034042502 0.3167260459961536 0.9484019697565526 -0.014760826932725632 3.882203257135407 0.09384901682915435 -0.0158484688816189 0.9954599213948371 0.6090990932725185
0.9418266700066705 -0.3206882583374359 -0.10060426333099698 18.186929539016628 0.3210803874233009 0.946966859456099 -0.012714976869125698 4.115406884861217 0.09934640726680194 -0.020326805970103046 0.9948454705372306 0.6793487161203238
0.9399426481104877 -0.32481627077628383 -0.10489425633475002 18.886385202655802 0.3255942249248156 0.9454559020458441 -0.010105610858099877 4.3750620703022065 0.10245485995777485 -0.024654066471095398 0.9944324498436685 0.7528126869263718
0.9378648098746492 -0.33012707309217393 -0.10689463423874154 19.56274403809766 0.33105474661108525 0.9435643014704609 -0.009464823985388775 4.623124058395087 0.10398676305399908 -0.026511171262769834 0.9942258886548903 0.8255644410863965
0.9357518478246313 -0.336202202007021 -0.10647458317915759 20.30442141118418 0.33725555037221877 0.9413747805121239 -0.008495789907046305 4.8931157653639 0.10308897723999945 -0.027959155762337234 0.9942793716632451 0.9123990841066573
0.9339815057988017 -0.34147373335838793 -0.10523682483627818 21.04702452970863 0.34251006090539515 0.9394749648560063 -0.00863289254630546 5.158730351146467 0.10181529192879889 -0.02798174200120342 0.9944095293451922 0.9967021417988179
0.9317610039110741 -0.3480390994051183 -0.1033970025826926 21.734472739211228 0.3490539738093227 0.9370624036238575 -0.008706658991293323 5.417097906896788 0.09991962829414722 -0.027978521624913724 0.9946025924650683 1.0764810614869813
0.9290785634922026 -0.3560262269521284 -0.1002924348515889 22.44144108195765 0.35699727999686776 0.9340651505110208 -0.008706031871150446 5.717827786378639 0.09677925115858105 -0.027715495783933453 0.9949202859967767 1.1566156461775576
0.9256287386144777 -0.36594561527949593 -0.09641211461889662 23.254925518793563 0.36708348728839696 0.9301670537291039 -0.006291555846518844 6.005364698045862 0.09198169418654359 -0.02956761818521169 0.9953212076564184 1.242109001408718
0.9228064007711356 -0.3743989834506021 -0.09084766635476658 23.990636676685575 0.37552272282266014 0.92679994047211 -0.0050418735847299985 6.3232833563544295 0.08608524169238153 -0.02946269121227957 0.9958516587567546 1.3202020979361193
0.9197085581593352 -0.3824017153801364 -0.0889031798375822 24.757351613038335 0.38378477116575516 0.9234212245211854 -0.001658140203150449 6.680270289411944 0.08272911160855552 -0.03259469620966464 0.9960392173194796 1.3993273320441246
0.9163772241834041 -0.39077338065086686 -0.08688388160716325 25.48174395344907 0.3921653677931993 0.919894294815261 -0.0011438736279799962 6.95264924174021 0.08037089447827597 -0.033024631269767124 0.9962174810013352 1.4702672554616725
0.9123229605677705 -0.4000629831436372 -0.08727612647661039 26.279272358630077 0.4016256562705192 0.9158035682602599 0.00037932959115536064 7.351707433467377 0.07977605181739263 -0.035398387703601084 0.9961844711719696 1.5484028461166852
0.9085638803082504 -0.4086526439162515 -0.08668402882433089 27.04807810688215 0.410229628552739 0.9119823401102061 0.0004179173880505603 7.675220991772882 0.07888355736367376 -0.03594003926973106 0.9962357795815435 1.6167086832743442
0.9052732615739997 -0.41619117629795777 -0.08523464788272941 27.822713889416498 0.41778409636001557 0.9085460747194715 0.0009393056338453001 8.056087202617364 0.07704873912673522 -0.036460077781860445 0.996360663706529 1.6874048862532585
0.9015162685515807 -0.4246778009225782 -0.08317492918055011 28.595817954983353 0.42621943166307114 0.9046196612433265 0.0008607316812293962 8.415372612541967 0.07487614543430154 -0.03622667459346367 0.9965350702050928 1.7596913631246323
0.8973883985697148 -0.43406526656253436 -0.07926295707682393 29.418389320523826 0.43551107999694644 0.900182848560258 0.0010685795356506675 8.839335346207543 0.07088733130818109 -0.035478836075421544 0.9968527528700275 1.8309907463346768
0.893741783593565 -0.4423849165915226 -0.07430156182326347 30.216355455401374 0.44371555277471714 0.896166847115246 0.00156965993374992 9.219990451380188 0.06589216718090027 -0.03437160103368767 0.9972343692911891 1.8949790629964935
0.8910114558688949 -0.44864516742598143 -0.06940216774939048 30.959194773906635 0.4497992489855104 0.8931292112127749 0.0011342252531665177 9.596248340854974 0.06147618104427981 -0.03222759915908925 0.9975883329183306 1.9563017583279776
0.8868400534255578 -0.4572068929230997 -0.06690498065073072 31.85344552172122 0.4582576040950914 0.8888192563123541 0.0004019869149696361 10.059742490915554 0.05928266021720893 -0.031016208219902842 0.9977596902620881 2.0262549976812663
0.8836670222465588 -0.4634406907498315 -0.06599316865103505 32.638680379628056 0.4644991756679644 0.8855736138836489 0.0007870275421862031 10.46916528778417 0.05807706786467582 -0.0313491983447723 0.9978193638697925 2.0846739845383127
0.880780057905515 -0.4691340645983212 -0.06434371599953374 33.48012390965179 0.4701662505851031 0.8825769881793027 0.0010267364839913777 10.915794373843374 0.056306654215001035 -0.031156636036101918 0.9979269539151826 2.139840861152826
0.8773037209434829 -0.4758952232289051 -0.06214194933107428 34.32168719876824 0.4767500359868883 0.8790382132747916 -0.0012164338476751179 11.380763265880917 0.05520399439717089 -0.02855897863676511 0.9980670657817257 2.2028918620887596
0.8754446474618516 -0.4794013289320239 -0.06141589766678548 35.161520306851784 0.48018442054171523 0.8771652027507263 -0.00227137005483967 11.868324627200908 0.0549607369445502 -0.027502469897962734 0.9981101497874225 2.2604710107700625
0.8730207232339898 -0.48379745042404404 -0.061441872859616393 35.95868741718722 0.4845158926680919 0.8747748098644821 -0.0036073830036094916 12.30935197901 0.055493071237295584 -0.02662028123217456 0.998104466901528 2.3164221790739736
0.8718483827374145 -0.4858237914092896 -0.062100387562824926 36.91651689187449 0.48657130757882333 0.873634181827542 -0.0034799362688221896 12.84029462314261 0.055943730661457525 -0.027182300885108365 0.9980634354350435 2.38036407915994
0.8704396390071278 -0.4883935550469396 -0.06169452667848297 37.74326280832512 0.4891803441798272 0.8721789241996152 -0.0026731243317372317 13.324109546350957 0.05511414222357579 -0.027852918356536426 0.9980914367932573 2.4366694624347502
0.8713067717898576 -0.4871114041386679 -0.05955969298179232 38.565449542375525 0.4878167206661621 0.8729404386775178 -0.003057317712454409 13.783179283515635 0.05348130651891258 -0.02639033464618716 0.9982197895326245 2.4929068528998166
0.8697821084053953 -0.49001370284420553 -0.05801354420580634 39.5906988550244 0.4905860917400807 0.8713787708112842 -0.004911799302258657 14.320775748575754 0.05295862061339174 -0.024188453382543235 0.9983041207833206 2.5611478601145676
0.8692920051744881 -0.49091662395309915 -0.05772152108800879 40.433163699832875 0.4914001443291011 0.8709097793896389 -0.006473323845743929 14.815176707942417 0.05344815198627509 -0.022737123234958048 0.9983122154358732 2.618129991339985
0.8692039169724775 -0.4911064091642669 -0.05744263054902634 41.2924960283609 0.4915022821284964 0.8708394773476128 -0.00799614228953554 15.30638210685556 0.05395022773211994 -0.021282910582809556 0.9983166056799099 2.675869853337748
0.8664979345062657 -0.4961361803270735 -0.055043247663218206 42.29036172110473 0.49642504721181796 0.8680296994975557 -0.009258393990845264 15.883557121835231 0.052372617504993946 -0.01930243432287029 0.9984413659961788 2.7438591868693014
0.8639280275381256 -0.5010249023388554 -0.05101922013826572 43.245763520349975 0.5012392735523395 0.8652579241205723 -0.009424023214496285 16.39846341534639 0.04886648406191726 -0.017431209053835883 0.9986530483413023 2.808130899395174
0.8622883067847223 -0.5042954893576346 -0.046305049858435504 44.03362885649709 0.5044413015438379 0.8633951385917872 -0.009344911893961055 16.89269478006535 0.044692203285168486 -0.015300195385041893 0.9988835546234907 2.8658510236216785
0.8590647657379247 -0.5100936461131548 -0.04257140722446191 44.976552103636365 0.5101402430897324 0.8600265193719028 -0.010571278714005254 17.43958274016139 0.042004891340765266 -0.012636003109174723 0.9990377148901728 2.925481555731085
0.8515436870673956 -0.5224478278607995 -0.04383443371713279 45.92008239496759 0.5223993877204621 0.8525947915844304 -0.013460011577439554 18.013602748994607 0.04440507357689114 -0.011437253863328674 0.9989485213481742 2.987960159558849
0.8461876450848242 -0.530840612758992 -0.04664108462222871 46.76018339484846 0.530717652233118 0.8473972399639572 -0.01601559730383395 18.5462994991774 0.04802528439612794 -0.01120101156447759 0.9987831149512189 3.0453727132864215
0.8383690384523624 -0.5431016111295918 -0.046663134128380725 47.77765542279459 0.5429995523862764 0.8395813318191137 -0.015956816761404504 19.13857910889083 0.047843733749106894 -0.011960425954276654 0.9987836297285239 3.1108671500086484
0.8324353519480892 -0.5524856388357068 -0.04256070528446541 48.67485503230585 0.5524603226454071 0.8334314669261254 -0.013424658037346169 19.731899570690988 0.04288836044716284 -0.012337959675880947 0.9990041811257857 3.16774840753176
0.8288274190466765 -0.5582285651373478 -0.037747933187151986 49.51361437068651 0.5582362237978087 0.8296050428209952 -0.011337089459423258 20.304226039295404 0.03764465319905633 -0.011675797677600548 0.9992235381323282 3.225596225682846
0.8243838920786821 -0.5645541722809543 -0.04085833017084808 50.36484152077003 0.5646763595687933 0.8252565820751457 -0.009581350495012722 20.883908694668992 0.039127790059171615 -0.015173102958445562 0.9991185258461722 3.277574287519348
0.8202060898452286 -0.5702889565717933 -0.045079632102320744 51.232245243493914 0.5703712933760189 0.8212958533758266 -0.012279484261407424 21.483362935394204 0.04402653761243121 -0.015640392654109006 0.998908056778945 3.3299738162139776
0.816509750113968 -0.5749468651120316 -0.05242616207944636 52.14964059734339 0.5751161159851996 0.8179631007263906 -0.013318754297766496 22.131853700197954 0.05054025349012357 -0.019276234582299868 0.9985361491596416 3.3963328157408132
0.8145100872022629 -0.5776217807843563 -0.054092552410936044 53.006652718462874 0.5777606877345489 0.8160750368421376 -0.014613638866208109 22.770789071433192 0.0525847273596884 -0.019349574940641285 0.9984288759555998 3.4586271865477607
0.8088569146407566 -0.5858119549959512 -0.05073715014590978 53.944156429311896 0.5859786721877572 0.8102206830509101 -0.013085968660195187 23.40197698713666 0.04877424662096052 -0.019146205948580214 0.9986264023083334 3.5273983191747047
0.808014998601244 -0.58746795261956 -0.0446314920078996 54.739262382329564 0.5875893156721053 0.8090745154471567 -0.0117553665678225 24.00653261325614 0.04301608788130165 -0.0167264679913015 0.9989344859515993 3.5849692159292066
0.8045016458691007 -0.5924577681489298 -0.04207828162111409 55.627684815270655 0.5925829046734871 0.8054376984719167 -0.010782792967136884 24.653814791252948 0.04027974424321955 -0.016260021273025005 0.9990566556589828 3.6459216691092253
0.800931644779106 -0.5971489310324295 -0.04384364092574935 56.52804349490705 0.5973955463895984 0.8018993188582925 -0.008676076944927977 25.335546558848115 0.040339101910296 -0.01924308684858143 0.9990010363626015 3.702848453084754
0.7965085140753302 -0.6029488614770461 -0.04502444215730737 57.42671770620528 0.6031458030328066 0.797560354449459 -0.010613470412890732 25.961869004724228 0.042309074444926625 -0.018702590396361678 0.9989291314752107 3.7577855089211067
0.794023473915449 -0.606048012678461 -0.047258351578236844 58.25430847773224 0.6062187337928175 0.7952032123671884 -0.012272802235735798 26.693095405576052 0.04501796500958234 -0.01890406828982463 0.9988073137173629 3.8191524983200695
0.7884613099379636 -0.6132557797318294 -0.04739363172329837 59.138041280139305 0.6134011745387561 0.7896623019248165 -0.013131136992002648 27.265739078511672 0.04547774237060811 -0.018717941960399716 0.9987903881372202 3.875056486105163
0.7840552749595522 -0.6190529074257229 -0.04507123287263077 59.94380068926277 0.6190982997427252 0.7851768350994933 -0.014620658645971344 27.95426778539899 0.04443983904888919 -0.0164401318788608 0.9988768899409546 3.933481488744328
0.7792584745943162 -0.6251188974072175 -0.04451638022665577 60.78663978580828 0.6251590660602148 0.7803577004014062 -0.014732718027142516 28.62779538250985 0.04394843204907727 -0.01634916971747656 0.9988998250042779 3.993318029577488
0.7734421780325191 -0.6322637742132666 -0.04506294895278864 61.68707661636381 0.6322820198000715 0.7745800514310639 -0.01564894552077593 29.365864935378863 0.044799152174148996 -0.01638891337380203 0.9988617705364171 4.056943329176702
0.7684173882492629 -0.6383141321973385 -0.04571149542478987 62.484285238991234 0.6382948875526555 0.7696053079262487 -0.01692409972100682 29.98863143501664 0.04598272682343627 -0.016172626418384555 0.9988113038244886 4.1126636395725615
0.7627423019696288 -0.645081449774602 -0.04575254557563964 63.34047712849087 0.6450159302111996 0.7639538544370259 -0.018170943046131795 30.80316413772954 0.04667453226279273 -0.015651429592087956 0.9987878435933454 4.180237452950885
0.7573589166526908 -0.6513734072470095 -0.04604066640289681 64.1358745939467 0.651240816377883 0.7586105481102997 -0.019883497459921615 31.445018800238152 0.0478785290717046 -0.014924610625117655 0.9987415352370094 4.237271013753054
0.7504013909056443 -0.6593387656941241 -0.04658010619244741 64.98074849893248 0.659139300534681 0.751707755119071 -0.021699198653864753 32.20603740865833 0.04932171280712176 -0.014419683963524858 0.998678853975285 4.303639661989625
0.7443365846613579 -0.6662440979892298 -0.0456246455232717 65.7918978479432 0.6659992807340877 0.7456097610341206 -0.022582972266341674 32.909485801220235 0.049063912794912096 -0.013576705477711741 0.9987036543045216 4.364513991194567
0.7390449084858786 -0.6722245913223731 -0.043905161146925255 66.46556952284236 0.6719510167918615 0.7402409923113802 -0.022908555042567377 33.53909091052412 0.04790010564814442 -0.012571737976510844 0.9987730992027415 4.418776665887425
0.7315151217653779 -0.680549139339607 -0.041705647134980144 67.22779521488256 0.6802119462719491 0.7326231989203342 -0.02398763049130209 34.20237367138687 0.046879213174075104 -0.010821391960266385 0.9988416793142881 4.475804291826126
0.7252885545531648 -0.6872020281076509 -0.04134648761838363 68.04702149818321 0.6868001931577082 0.7263987004969664 -0.025514264220514296 34.92741490031016 0.04756750579903338 -0.00989154698185298 0.998818744949869 4.540631375548385
0.7191667554230772 -0.6935272240261413 -0.04265092305417946 68.97303699150491 0.6930670814537265 0.720360772275723 -0.02717516182911762 35.899640311010174 0.049570776444426465 -0.010016481038066679 0.9987204723012002 4.620366297206041
0.7132201024693047 -0.699572976934692 -0.04376120125045624 69.78087883379173 0.6991785087812039 0.714462939423701 -0.026315557120666834 36.70127104304032 0.04967542067090363 -0.011828055078703072 0.9986949581069946 4.682240944648307
0.7072926634172427 -0.7056585646548479 -0.04222792427329509 70.43554021556838 0.7052499944430455 0.7084655752104543 -0.02644787479467329 37.38278660377228 0.04858029582998182 -0.011074832167040981 0.9987577613723033 4.736311693448474
0.7026026737676878 -0.7103103507832063 -0.04253206804811834 71.23088525410672 0.7099320901713967 0.7037886231622189 -0.026061712580458314 38.200955141348686 0.04844548162385249 -0.011883868041288242 0.9987547030700932 4.802261202090858
0.6980180553743072 -0.7147844437448716 -0.04306026700580634 72.05708680278877 0.7143763435251922 0.6992430635609451 -0.026954608659033104 39.00991999746987 0.04937637814378129 -0.011946444262686502 0.9987088810647481 4.871491533797595
0.6921169847161468 -0.7203687562385033 -0.045198880640796336 72.86378955803436 0.7199203248739375 0.6934721086963269 -0.028474563944992398 39.86690055133295 0.051856371635433295 -0.012831932417431628 0.9985719065875265 4.94053281719692
0.687671919312241 -0.7245040722437496 -0.04692856968437935 73.66076315205147 0.7239585341709147 0.6891535628496868 -0.030867146166702775 40.72191283192944 0.05470435443393693 -0.01274782650365654 0.9984215178380722 5.013015941459553
0.6815251467965411 -0.7301448871390207 -0.04911403839011847 74.48748243190182 0.7296716020862632 0.6831242344393667 -0.03034771012519424 41.53292515067059 0.05570924358008863 -0.015154360061677986 0.9983316187640925 5.0857954786121455
0.6776487796496926 -0.7339247960068919 -0.04633560119539885 75.21818509559556 0.7333780496460703 0.6791091189740811 -0.031122760280434113 42.39193116112155 0.05430867289398418 -0.012891162989888506 0.9984411013762264 5.155266162231683
0.673380400660746 -0.7379490077269616 -0.04461912595911384 75.96838280820079 0.7373697847115736 0.6747562160717837 -0.03148611396660586 43.21361857845197 0.05334219516980045 -0.011698663967301078 0.9985073832674705 5.226517784404066
0.6668689414831003 -0.7438387466330723 -0.04460386568677204 76.79451054479505 0.7432555942365473 0.6682522816874316 -0.0317890458997184 44.12305965861295 0.053452524125651844 -0.011952970068503866 0.9984987768294682 5.306351697707679
0.6620297553439057 -0.7481811911415991 -0.044061901069580085 77.59381074730219 0.7475067311969864 0.6634073734308962 -0.03353727608505375 44.99054145453203 0.05432300458808003 -0.010733900279512338 0.9984658712251983 5.379796147572854
0.6587363519262094 -0.751135749185309 -0.043154437356443136 78.34294544404476 0.7504454359751062 0.6600702386698944 -0.033758091894917706 45.862864761371455 0.053841902483325835 -0.010147406820707068 0.9984974094038963 5.455099766348052
0.6536402705620374 -0.755676256938825 -0.04132394571354203 79.13357115074116 0.7549050450447954 0.6548936150775608 -0.03511061997613846 46.767452118531864 0.053595029192631254 -0.008245943622065852 0.998529114360402 5.525311326457222
0.6502097403295595 -0.7587435658188543 -0.039177193301182675 79.88674029826686 0.7577956827567314 0.6513712615042202 -0.03821868126492658 47.63626317008102 0.05451714643516186 -0.004838151663363984 0.9985009981662203 5.600384105516445
0.645120011353771 -0.7631153961627749 -0.03840889952246908 80.70374779625278 0.7619204624104804 0.6462603709162126 -0.04272921522055027 48.5936933762489 0.057429436770176735 -0.0016990670342031877 0.9983486177300167 5.679869626139419
0.6392291937913916 -0.7681221257081049 -0.03706907563627196 81.53281417572406 0.7666901318000175 0.6403017131364911 -0.04689947595659241 49.52410775419808 0.059759896435307346 0.0015590649666143608 0.9982120930721171 5.759508819497149
0.6317150185999457 -0.7745649192897889 -0.03136815580553735 82.27801212365 0.7729109565155312 0.6324416758064744 -0.05124886895330663 50.43316351415632 0.05953411666507071 0.008129913391015542 0.99819330559358 5.841106668886278
0.6264196929206941 -0.7789889212222018 -0.027816749833473625 82.99890101354069 0.7771595426183284 0.6269074937936395 -0.054859218641141454 51.37485566845489 0.06017323498551176 0.012746807797495008 0.9981068132856665 5.926500520966679
0.6158549942555277 -0.7874941776561594 -0.02398921713096009 83.75878567925874 0.7856408450173256 0.6161195149265329 -0.05626339323411354 52.295843335723276 0.05908735841655733 0.01580315398629999 0.9981274908179396 6.008062212674885
0.6065748304232126 -0.7947545327980177 -0.020766134204413374 84.52762728899016 0.7930056268056764 0.6066880957459979 -0.055420921505558975 53.247399522802574 0.056644669829423 0.017149274671510093 0.9982470738307898 6.085556066482607
0.6002471794963726 -0.7995702637375371 -0.019760824587516372 85.17312807355759 0.797837658744173 0.6003168876394402 -0.055441607083817825 54.2306200064802 0.05619221135938316 0.017512803688529425 0.9982659328641874 6.1695748274892415
0.5894749656993283 -0.8074634075426309 -0.022859784605912068 85.93736826235948 0.8056601766641592 0.5897397912685927 -0.055841849806301115 55.219516590039696 0.05857153810736092 0.014500102624202696 0.9981782430320794 6.24758668293534
0.580225550532604 -0.814164056925952 -0.021807792385142667 86.61693862727377 0.8121951981728478 0.5804013706378293 -0.05893194741349833 56.193642728716945 0.060637501171929266 0.01648167119287589 0.998024078829567 6.333049132387692
0.5714400337030128 -0.8203016107999058 -0.02370029193909783 87.36403246028962 0.8182705131350603 0.5717446020923689 -0.0595092309651449 57.22920842044436 0.06236601635865105 0.014612657792442321 0.9979463642046182 6.41648315284896
0.5604799550726197 -0.8279571793312556 -0.018682193845295497 88.01648511513731 0.8258989147762197 0.5604707518178469 -0.06135163121583932 58.22082589586744 0.06126738182098132 0.01895672980151559 0.9979412931095334 6.500737950408493
0.5496294714256794 -0.8352516097016991 -0.01619680861098336 88.73777276017786 0.8332520804501035 0.5494990753797719 -0.06117420157139493 59.27700928816156 0.059995950120738384 0.020127118778969756 0.9979954531945489 6.591740267494476
0.5387131293923769 -0.8423564740800196 -0.014944725857795445 89.3943468835105 0.840339258010231 0.5385197377864392 -0.061855284235597364 60.32436811400802 0.06015224681387553 0.020763538929706966 0.997973132821184 6.678295614461412
0.5305652500801078 -0.8474742072725204 -0.016953894876450402 90.0769591156046 0.8453891728312404 0.5305063184130324 -0.0622921646875555 61.36477394153674 0.061785159836768806 0.018717397204476533 0.99791443150686 6.766124978905683
0.5184438872362573 -0.8549469966315539 -0.016753817952791232 90.69827762921226 0.8527872010839409 0.5183792092075643 -0.0635435632261766 62.43266306662849 0.06301134393287039 0.018656276955426855 0.9978389035561783 6.85035316096814
0.5094467092166294 -0.8602986383201874 -0.01871761898934387 91.37347536028233 0.8580770586994463 0.5095222369255213 -0.06395404193790219 63.551331183257844 0.06455661376375932 0.016520052714782803 0.9977770538578494 6.947242292503355
0.4997154002922326 -0.8659882552879509 -0.018661688024314376 91.95949374072987 0.8637484450501262 0.4998083631093381 -0.06426681565163853 64.60561028254914 0.06498160736857275 0.01599621126674875 0.9977582365984293 7.035718682748265
0.4910761840361641 -0.870931868677254 -0.017948606735068887 92.61192734215265 0.8688226551177604 0.49117326101653214 -0.06242057662728734 65.7600813241915 0.06317997534739538 0.015059105201685578 0.9978885549473038 7.131788606691939
0.4829121481795574 -0.8755376187443981 -0.01511973527947089 93.20488162290785 0.8735752120436009 0.4828795402533864 -0.06078151784656457 66.88248343549844 0.06051757082886681 0.016143959421125932 0.9980363115670563 7.224622996762577
0.47584575151761166 -0.8794095288031641 -0.014496111300174747 93.79783967762198 0.8774240115136229 0.47578283564191226 -0.06130399071375692 67.98235985792618 0.06080830078397978 0.016452061790727935 0.9980134128404762 7.3124396788008355
0.4686083310923719 -0.8832897632984098 -0.01433709877927964 94.41194191861281 0.8811585703576332 0.4685116979406828 -0.06369390126223519 69.12363654887501 0.06297726011659623 0.017214161172826176 0.9978669709669454 7.406840470080008
0.46024518730195235 -0.8877024876844642 -0.01263610775128178 95.02495522676853 0.8853828449402488 0.45999680717384966 -0.06708072426551405 70.27707284503349 0.06536024905293134 0.019685747701614832 0.9976680055241982 7.501064212069407
0.45450430276438697 -0.890657183951512 -0.012482808393157692 95.6031327184377 0.8881264341970148 0.45419798243948484 -0.0702523614509321 71.43594505672304 0.06824046860642934 0.02084370268569569 0.9974507147961282 7.601363736945138
0.44802056567577436 -0.8939460353396407 -0.011723353667955412 96.20005764012238 0.8912114619922429 0.44761232543100893 -0.07338383706605109 72.61604865923012 0.07084874560380366 0.02242950226242577 0.9972351088932168 7.7042985274989
0.44406176175228584 -0.8959450658600532 -0.009586253602044332 96.80550005652496 0.893184107983689 0.4434899031965345 -0.07442428831633806 73.85331990303455 0.07093143260610739 0.024486731513154423 0.9971803350511801 7.81529641785903
0.44113320622963936 -0.8974245723145691 -0.005486494061270115 97.30637602645918 0.8949013170892887 0.4403359721644469 -0.07249859381671662 74.8914298339885 0.0674779711606797 0.027071644925185517 0.9973538216059139 7.910382846373304
0.4368362886419692 -0.8995406862855787 1.2387175284047248e-05 97.89965722318604 0.8972977202533643 0.435746416308526 -0.07058897214245498 76.07313495390935 0.06349228596705736 0.030846947712582364 0.997505295049505 8.018644312873572
0.4352848977969046 -0.9002908412465783 0.0018627193921017843 98.40255343843143 0.8981536521688691 0.4341070245007106 -0.0697961657542118 77.09838605428878 0.06202820813849144 0.03205418118678431 0.9975600777023849 8.10836907388235
0.4299775536351576 -0.902833359710735 0.0033433446424204634 98.98829822036576 0.9007570956894695 0.42873126037870046 -0.06946727183585275 78.36804892068358 0.061284015941589255 0.03288093257326504 0.9975781859861419 8.211423868275393
0.4284970881235537 -0.903521866016311 0.006136965633923764 99.51275644676248 0.9015938133077748 0.42711720988994667 -0.06855116475486998 79.44665633031629 0.05931636974395237 0.03490706956150333 0.9976287019864997 8.303980366012887
0.4275203816228685 -0.9039556365353336 0.009481310259092712 100.03044045980229 0.9021635181382973 0.4259568677471548 -0.06828115074299358 80.56294062466598 0.05768457385590408 0.03774524519476724 0.997620750629977 8.39383031657707
0.424854964397794 -0.9051957785902134 0.010920622566930821 100.56486844912855 0.9034286311006058 0.4231965397399625 -0.06871412691404567 81.68227446503388 0.057578121772769074 0.03905957428168734 0.9975764958622437 8.486582766179001
0.4227616941811849 -0.9061364957126742 0.01376547428086596 101.08437315733731 0.9044474466890264 0.4209202911559245 -0.06929427082957526 82.79754909191486 0.05699587822375352 0.04174512177267986 0.9975010146628908 8.574520756267589
0.42068265021037843 -0.9070404587253803 0.017397215852197064 101.59786268583524 0.9055663952171493 0.4186910884872437 -0.06817067762788709 83.88184666714294 0.05454958225445375 0.044432565716225725 0.9975222613023779 8.660956772962749
0.4199471338940098 -0.9073005121658849 0.021213632574386725 102.0979677352303 0.9060037228546767 0.4177548776611909 -0.06809886754607099 84.98079725894316 0.05292397576119385 0.047817607058143315 0.9974529884447992 8.750296461225641
0.4178393753778254 -0.9082411602843048 0.022552363111867754 102.57821163407101 0.9069825704457646 0.4155588325332286 -0.06851705224100135 86.03562016042567 0.05285812007188759 0.04908366607588285 0.9973947920889461 8.831633192196124
0.4153504095995916 -0.9093713882329467 0.022956112274692166 103.09065681295058 0.9080743844380954 0.41300355191744476 -0.06949621231355128 87.16168390823694 0.0537168346341405 0.04971115591877382 0.997318038482964 8.915153171252737
0.41668165758891185 -0.9087591115400614 0.02308343004198256 103.57162936255399 0.9073853932914552 0.4142465975762374 -0.07107042179479185 88.18055581474778 0.055023730550761846 0.05055931846017112 0.9972047448348509 8.999940041558764
0.41876035524812144 -0.9078485674227998 0.02124761086978495 104.03323341516631 0.9063746646007302 0.4164114847098467 -0.07132098206598206 89.22359423128478 0.05590085717661405 0.04912475204877459 0.997227160042032 9.082545274783877
0.419645298054666 -0.907494439367567 0.0187400914295241 104.5152050704693 0.9059435767027397 0.4174692489879624 -0.07061304444151588 90.27425905968276 0.056257535094845074 0.046609944162406804 0.9973274529573717 9.166627499560203
0.4236586251942263 -0.905683907844076 0.0157941572742891 104.99509770013243 0.9040003249362804 0.421636826547364 -0.07074500589258308 91.31386718120845 0.05741322056875139 0.044249641206810304 0.9973695482584097 9.252173533273004
0.4273073767084063 -0.9039985673499364 0.01396918233731544 105.45612543182804 0.9022263398030931 0.4253719751392211 -0.07103606600203877 92.32806955373057 0.05827446450782696 0.04295753586470454 0.9973756481523727 9.334059576556614
0.43445983760009765 -0.9006087689288045 0.012226585310678037 105.92890783563078 0.8987986353952229 0.4326277693842856 -0.07067117400191228 93.30619595037354 0.05835749003223717 0.04169300675540037 0.9974243930156169 9.412319184593994
0.44019829346020695 -0.8978308090382413 0.011238778850641246 106.42338250683991 0.8960666977132817 0.438464406461669 -0.06938179877136559 94.34875503641253 0.05736528105167517 0.04061234263896967 0.9975273000781242 9.498555743391824
0.44910285632100577 -0.8934153866508018 0.010742637236278628 106.91373269538971 0.8916920529023505 0.44741151081106395 -0.06861439735363473 95.35189309435877 0.05649482368462515 0.04039409540643492 0.9975856328679304 9.578380678926203
0.4594161878815792 -0.8881723476382414 0.009260297284406584 107.43853603814941 0.8864571389981124 0.4578218811954001 -0.06777668847541667 96.35467285104949 0.055957871183982155 0.039346587599677504 0.9976579309230207 9.65715931358667
0.4652057819222207 -0.8851586049760163 0.00876820341515862 107.91281690924448 0.8834459428210005 0.46363688283390725 -0.06755719895383294 97.31546207507918 0.05573361815028134 0.03917424538967228 0.9976773352438724 9.732789775890843
0.47759073584972483 -0.8785599134043324 0.006296612327841561 108.41469433963661 0.8767364343058085 0.4761117541640428 -0.06819301738709942 98.24581388873149 0.05691371862875663 0.03808887078216948 0.9976525099862326 9.805635307973702
0.4877267649033748 -0.8729943592399425 0.001958900985358037 108.95334131461428 0.8709947706753226 0.4864552446247416 -0.06876397750859282 99.23981172169624 0.05907764504111924 0.03524426620649079 0.9976309904718836 9.88571565121248
0.49918463009675185 -0.8664941436725138 -0.0015803403605115013 109.50751231080883 0.8643997961410304 0.498102945201062 -0.06860750898726271 100.18313425774276 0.06023512892669636 0.032881728447072434 0.9976424247021863 9.96487251259262
0.5113426374724023 -0.8593643721496863 -0.004635031606213856 109.93698002998494 0.8573032854599989 0.5104763840385066 -0.06667191104325286 100.91944997123956 0.05966152101935458 0.030118523118431474 0.9977639784890913 10.0242497711319
0.5232559689414047 -0.8521580843229638 -0.005491259572360603 110.49215898948881 0.8502424221800914 0.5224917483790459 -0.06396317271798752 101.85044935194277 0.05737585853394357 0.028800168428223017 0.9979372826795496 10.10096376326773
0.534738306301131 -0.8450006632800487 -0.005433648778023549 111.12176699828295 0.8431979733643268 0.5339979243161506 -0.06215278076227883 102.86716383621967 0.05542067312750581 0.028653891778674376 0.9980517693827191 10.18678895297591
0.5464616932861677 -0.837458431267063 -0.006643501882803925 111.73894149794559 0.8357229730785619 0.5458084910107367 -0.060494554851023605 103.7741057229593 0.05428774097130781 0.02750576000302549 0.9981468157030959 10.263027654643649
0.5577857172165229 -0.8299486650927121 -0.00782251449085956 112.27312320631239 0.828175215054938 0.5571662106246846 -0.06076577096173674 104.62611023281818 0.054790870416216775 0.02741589412903474 0.9981210721587924 10.334513884545764
