1.0 -2.0679525174587007e-25 -9.31323e-10 0.0 0.0 1.0 -1.818990000000002e-10 0.0 1.454028009106878e-26 -6.54836e-11 1.0 0.0
1.0 0.0007995150000000001 0.0007049330000000035 -0.01563709999999997 -0.0007877320000000001 0.999863 -0.0165611 -0.134898 -0.0007180800000000034 0.0165605 0.999863 -0.00222413999999997
0.999991 0.000605900000000001 0.004142540000000009 -0.020284699999999937 -0.00044985200000000075 0.999294 -0.0375673 -0.275766 -0.004162380000000009 0.0375651 0.999285 -0.020562599999999938
0.999981 -0.0009850959999999982 0.006157260000000015 -0.023108599999999903 0.001386029999999999 0.997855 -0.0654552 -0.442467 -0.006079570000000015 0.0654624 0.997837 -0.0268061999999999
0.999981 -0.003192279999999998 0.0052984100000000225 -0.02605719999999986 0.0036965899999999996 0.995172 -0.0980765 -0.622143 -0.004959750000000022 0.0980942 0.995165 -0.07389819999999986
0.999982 -0.005406209999999997 0.0025197100000000318 -0.027403999999999817 0.005699560000000002 0.990623 -0.136503 -0.83127 -0.0017581200000000316 0.136515 0.990636 -0.1693099999999998
0.999983 -0.005861939999999997 -0.0006543489999999596 -0.030947499999999774 0.005654510000000003 0.984294 -0.176447 -1.02057 0.0016783899999999595 0.17644 0.98431 -0.2274179999999998
0.999974 -0.0072464499999999946 -0.0003887579999999493 -0.03167409999999972 0.006981500000000006 0.975265 -0.220928 -1.24769 0.001980079999999949 0.220919 0.97529 -0.3255529999999997
0.999947 -0.01021599999999999 0.0009486770000000618 -0.027269399999999677 0.010096400000000009 0.963346 -0.268071 -1.45248 0.0018246999999999385 0.268066 0.963399 -0.40931899999999966
0.999861 -0.01665589999999999 -0.0003464909999999265 -0.02409659999999962 0.01570140000000001 0.949108 -0.31456 -1.7000400000000002 0.005568129999999926 0.314511 0.949238 -0.5514299999999996
0.99966 -0.025207799999999985 -0.006692329999999914 -0.03415589999999957 0.021076800000000017 0.931942 -0.361994 -1.9237400000000002 0.015361899999999915 0.36173 0.932156 -0.6590989999999995
0.999499 -0.030270399999999982 -0.0092123399999999 -0.03498059999999952 0.023747900000000023 0.910064 -0.413788 -2.15179 0.0209092999999999 0.413361 0.910327 -0.8103859999999996
0.999395 -0.03386429999999997 -0.007942919999999888 -0.031480299999999455 0.026242200000000028 0.883952 -0.46684 -2.4646600000000003 0.02283039999999989 0.466349 0.884306 -0.9940199999999995
0.999247 -0.038364899999999966 -0.0058668799999998765 -0.02198649999999941 0.02983430000000004 0.855988 -0.516134 -2.6489900000000004 0.024823399999999878 0.51557 0.856488 -1.1804399999999993
0.999047 -0.04308849999999996 -0.0070361399999998644 -0.017174699999999363 0.03150480000000005 0.823068 -0.567068 -2.8803800000000006 0.030225299999999868 0.566306 0.823641 -1.4580599999999992
0.998885 -0.04633909999999995 -0.009074109999999852 -0.012499399999999317 0.030962100000000055 0.787861 -0.615074 -3.0759500000000006 0.03565109999999985 0.614107 0.788417 -1.6638699999999993
0.998745 -0.04893779999999994 -0.010615299999999843 -0.0020629499999992623 0.029767600000000064 0.750674 -0.6600020000000001 -3.3223200000000004 0.04026759999999985 0.658857 0.751189 -1.9648599999999994
0.998657 -0.050450799999999935 -0.011756399999999834 0.008908960000000785 0.027583800000000075 0.709987 -0.703675 -3.5339800000000006 0.04384779999999984 0.7024060000000001 0.710425 -2.228619999999999
0.998624 -0.05132489999999992 -0.010804499999999823 0.022375400000000836 0.026245600000000084 0.66734 -0.744291 -3.7717900000000006 0.045410899999999824 0.742983 0.667769 -2.530109999999999
0.99854 -0.05362599999999992 -0.006492319999999815 0.042278000000000884 0.028464000000000093 0.6245059999999999 -0.780501 -3.9763100000000002 0.04590959999999982 0.779177 0.62512 -2.869699999999999
0.998482 -0.05495439999999991 -0.0036045999999998074 0.05548790000000093 0.029064100000000103 0.581406 -0.813094 -4.200100000000001 0.046778799999999815 0.811755 0.582121 -3.200969999999999
0.998427 -0.05605799999999989 -0.0014238799999998011 0.07439500000000097 0.02926070000000011 0.542475 -0.839562 -4.377880000000001 0.047836599999999806 0.838199 0.543262 -3.616629999999999
0.998316 -0.058005099999999886 -0.0008653389999997951 0.08932800000000103 0.028404200000000122 0.501758 -0.864541 -4.616300000000001 0.0505819999999998 0.863061 0.502561 -4.005499999999999
0.998307 -0.058138699999999884 0.0020230500000002097 0.11142700000000107 0.028970000000000128 0.466688 -0.883947 -4.7841700000000005 0.0504474999999998 0.882509 0.467582 -4.4631099999999995
0.998396 -0.05651339999999987 0.003321820000000213 0.13305500000000112 0.02726280000000014 0.42855499999999996 -0.903104 -4.983670000000001 0.049613899999999794 0.901746 0.429409 -4.900689999999999
0.99857 -0.053417399999999865 0.0021043700000002155 0.15240600000000115 0.023013900000000146 0.39401899999999995 -0.918814 -5.172430000000001 0.048251499999999795 0.917549 0.394685 -5.401329999999999
0.998742 -0.05013679999999986 -0.00012806899999978232 0.1739630000000012 0.01828740000000015 0.366667 -0.930173 -5.327320000000001 0.04668279999999979 0.929 0.367123 -5.9319299999999995
0.998883 -0.04724479999999986 -0.0007570529999997807 0.19560500000000122 0.015377500000000157 0.340188 -0.940232 -5.497790000000002 0.04467859999999979 0.93917 0.340534 -6.454419999999999
0.998952 -0.04574719999999985 -0.0017493699999997793 0.21767600000000129 0.01293450000000016 0.318684 -0.947773 -5.710660000000002 0.04391539999999979 0.946756 0.318942 -7.054939999999999
0.998941 -0.045910199999999846 -0.003082809999999778 0.2434390000000013 0.011063000000000165 0.304666 -0.952395 -5.880280000000002 0.04466389999999979 0.951352 0.304852 -7.655649999999999
0.998891 -0.04691269999999984 -0.0041270099999997775 0.2620760000000013 0.009757870000000168 0.291906 -0.956397 -6.074930000000002 0.046071899999999784 0.955296 0.29204 -8.285789999999999
0.998787 -0.04913209999999984 -0.0032192699999997764 0.2885410000000014 0.01084810000000017 0.283359 -0.958953 -6.249480000000002 0.04802759999999978 0.957755 0.283548 -8.921589999999998
0.998689 -0.051171799999999844 -0.001024859999999775 0.31508300000000145 0.012911800000000171 0.271267 -0.962418 -6.440790000000002 0.04952659999999978 0.961143 0.271572 -9.604939999999997
0.998584 -0.05318969999999983 -0.0006410749999997738 0.3439520000000015 0.013299800000000176 0.261324 -0.96516 -6.631310000000002 0.05150409999999978 0.963785 0.261661 -10.328199999999999
0.998468 -0.05533339999999983 0.00024839600000022726 0.3704590000000015 0.014141700000000179 0.250835 -0.967927 -6.801800000000003 0.053496399999999784 0.966447 0.251233 -11.018499999999998
0.998374 -0.05700589999999983 0.0005566260000002281 0.40241600000000155 0.01430220000000018 0.24100599999999997 -0.970418 -6.976790000000003 0.05518539999999979 0.9688480000000002 0.241429 -11.766399999999999
0.998298 -0.058306299999999825 0.0014201200000002292 0.43164200000000164 0.014724700000000184 0.22840099999999997 -0.973456 -7.175780000000002 0.05643419999999978 0.9718200000000001 0.228871 -12.531699999999999
0.998113 -0.06136139999999983 0.0023847100000002302 0.4652810000000016 0.015774500000000188 0.21867099999999998 -0.975671 -7.354980000000003 0.05934709999999978 0.9738670000000001 0.219227 -13.330299999999998
0.997851 -0.06536869999999982 0.004428650000000232 0.5041510000000017 0.01803790000000019 0.20910899999999996 -0.977726 -7.483870000000002 0.06298659999999978 0.9757050000000002 0.209839 -14.079699999999999
0.997613 -0.06889369999999982 0.0046658200000002335 0.5411160000000017 0.018057200000000193 0.19506399999999996 -0.980624 -7.658330000000004 0.06664869999999978 0.9783680000000001 0.195843 -14.888399999999999
0.997433 -0.07138929999999982 0.005549820000000234 0.5777150000000018 0.018527100000000195 0.18243399999999999 -0.983044 -7.806390000000004 0.06916629999999978 0.9806230000000001 0.183288 -15.682099999999998
0.997378 -0.07204199999999981 0.006804590000000234 0.6136020000000018 0.018859900000000197 0.16800999999999996 -0.985605 -7.936490000000004 0.06986169999999978 0.983149 0.168928 -16.517
0.997425 -0.07126779999999981 0.008001390000000235 0.6527950000000018 0.0189317000000002 0.15404599999999996 -0.987882 -8.061490000000003 0.06917169999999978 0.98549 0.154999 -17.280699999999996
0.997525 -0.0696763999999998 0.009435130000000236 0.6952000000000018 0.018915400000000204 0.13668499999999997 -0.990434 -8.175840000000004 0.06772019999999977 0.988161 0.137665 -18.176999999999996
0.99758 -0.0684494999999998 0.012226900000000237 0.7318830000000018 0.020153600000000212 0.11633999999999999 -0.993005 -8.265770000000003 0.06654829999999978 0.990848 0.117438 -18.956599999999998
0.997617 -0.06710839999999979 0.016027300000000237 0.7702560000000019 0.022203500000000216 0.09232329999999998 -0.995482 -8.345420000000004 0.06532549999999977 0.993465 0.0935934 -19.792799999999996
0.997596 -0.06618419999999979 0.020520800000000235 0.8049390000000018 0.024590600000000223 0.061276899999999995 -0.997818 -8.380090000000003 0.06478229999999978 0.995924 0.0627572 -20.617499999999996
0.997593 -0.06531359999999978 0.023285300000000234 0.8420700000000019 0.02500950000000023 0.025706599999999993 -0.999357 -8.394420000000006 0.06467299999999977 0.997534 0.0272781 -21.522199999999998
0.997659 -0.06369599999999978 0.024894100000000235 0.8757310000000019 0.024540000000000235 -0.006336440000000009 -0.999679 -8.383780000000005 0.06383329999999977 0.997949 -0.004758499999999999 -22.337099999999996
0.997738 -0.06191589999999977 0.026188800000000238 0.9058280000000019 0.023598200000000246 -0.04220870000000001 -0.99883 -8.331100000000005 0.06294879999999978 0.997189 -0.0406521 -23.193599999999996
0.997858 -0.05887979999999976 0.028512000000000235 0.9386710000000019 0.024061900000000254 -0.07495270000000001 -0.996897 -8.285100000000005 0.06083409999999977 0.995447 -0.0733753 -24.053799999999995
0.998014 -0.05488399999999975 0.030923300000000237 0.9692490000000018 0.02499500000000026 -0.10559300000000002 -0.994095 -8.171980000000005 0.05782519999999977 0.992894 -0.104011 -24.873999999999995
0.998353 -0.050121799999999744 0.02791580000000023 0.9924230000000018 0.020729800000000263 -0.13856 -0.990137 -8.051920000000006 0.05349539999999977 0.989085 -0.137292 -25.779299999999996
0.998734 -0.04465149999999973 0.02315000000000023 1.0097000000000018 0.01531900000000027 -0.168352 -0.985608 -7.862390000000006 0.04790619999999978 0.984715 -0.167455 -26.5878
0.999087 -0.03917219999999973 0.017035500000000228 1.0236800000000017 0.008767100000000276 -0.202275 -0.97929 -7.699070000000006 0.04180679999999978 0.978545 -0.201747 -27.3907
0.999341 -0.03467709999999973 0.010776800000000223 1.0358800000000015 0.0025690000000002807 -0.228517 -0.973537 -7.461490000000007 0.036222099999999785 0.972922 -0.228277 -28.198
0.999561 -0.02950909999999972 0.002765000000000221 1.0477700000000016 -0.004990189999999715 -0.259521 -0.965725 -7.226380000000006 0.029215199999999785 0.9652870000000001 -0.259554 -29.0543
0.999783 -0.020506199999999714 -0.0036129799999997827 1.0432700000000015 -0.009312109999999712 -0.285146 -0.958439 -6.949050000000006 0.018623699999999792 0.958265 -0.285275 -29.9392
0.99995 -0.006342109999999711 -0.007776789999999787 1.0305900000000014 -0.009358229999999709 -0.309573 -0.95083 -6.695660000000006 0.003622769999999791 0.950854 -0.309617 -30.6931
0.999899 0.011090500000000295 -0.008911799999999791 1.0083000000000013 -0.004655629999999706 -0.336842 -0.94155 -6.408970000000007 -0.013444100000000209 0.941496 -0.336756 -31.5166
0.999621 0.0264892000000003 -0.007540539999999799 0.9805710000000013 0.0025020000000002957 -0.359996 -0.932951 -6.098790000000007 -0.027427700000000207 0.932578 -0.359926 -32.2378
0.999264 0.036650200000000306 -0.011359399999999804 0.9389830000000013 0.003661860000000299 -0.385786 -0.922581 -5.765130000000007 -0.0381950000000002 0.92186 -0.385636 -33.0187
0.999063 0.040439400000000306 -0.015427799999999806 0.8920000000000012 0.0024584200000003025 -0.40889 -0.91258 -5.415950000000007 -0.0432125000000002 0.911687 -0.408606 -33.7965
0.999097 0.03856520000000031 -0.017836999999999804 0.8408140000000011 0.0005294690000003081 -0.431055 -0.902325 -5.041050000000007 -0.0424871000000002 0.901501 -0.430687 -34.5466
0.999205 0.03349460000000031 -0.021645399999999808 0.794456000000001 -0.004203069999999686 -0.451292 -0.892366 -4.650890000000008 -0.039657900000000204 0.891748 -0.450792 -35.3089
0.999166 0.02855390000000032 -0.02918649999999981 0.7490970000000009 -0.012494299999999682 -0.46671 -0.884322 -4.119960000000008 -0.038872400000000196 0.88395 -0.465964 -36.1512
0.999096 0.026847600000000322 -0.03297339999999981 0.7027660000000009 -0.01591149999999968 -0.483064 -0.875441 -3.828570000000008 -0.03943180000000019 0.875173 -0.4822 -36.7808
0.998954 0.028607400000000328 -0.03566099999999981 0.6539710000000007 -0.016905599999999677 -0.493591 -0.86953 -3.411260000000008 -0.042476900000000185 0.869224 -0.492591 -37.4784
0.998836 0.030588600000000327 -0.03728839999999981 0.6134960000000007 -0.016777699999999677 -0.504482 -0.863259 -3.0306600000000086 -0.045217200000000186 0.86288 -0.503382 -38.1487
0.99898 0.032981100000000325 -0.030843499999999816 0.5607650000000005 -0.009504679999999674 -0.514162 -0.857641 -2.6305200000000086 -0.04414440000000019 0.857059 -0.513324 -38.8302
0.99903 0.032622800000000333 -0.02957499999999982 0.5228820000000004 -0.008032959999999673 -0.525356 -0.850845 -2.1910600000000087 -0.043294400000000184 0.850257 -0.524584 -39.5562
0.998959 0.03263120000000033 -0.03188109999999982 0.4798920000000004 -0.009534889999999671 -0.534062 -0.845392 -1.773870000000009 -0.044612700000000186 0.844816 -0.533194 -40.2152
0.998795 0.03386810000000033 -0.03551649999999982 0.4358360000000003 -0.01150279999999967 -0.541982 -0.840311 -1.345660000000009 -0.04770900000000019 0.839707 -0.54094 -40.8734
0.998658 0.03713200000000033 -0.03610629999999982 0.3903180000000002 -0.010022199999999669 -0.545412 -0.838108 -0.8805010000000091 -0.05081340000000019 0.837345 -0.544308 -41.587
0.9986 0.039428400000000335 -0.03526349999999982 0.3474510000000001 -0.008086819999999668 -0.545014 -0.838388 -0.42378500000000935 -0.05227540000000019 0.837499 -0.543932 -42.2846
0.998523 0.03868670000000033 -0.03815539999999982 0.305923 -0.01108879999999967 -0.54234 -0.840086 0.006440699999990524 -0.05319340000000019 0.839268 -0.54111 -42.9831
0.998571 0.038582100000000334 -0.03698639999999982 0.25303599999999987 -0.01056089999999967 -0.535941 -0.84419 0.5022159999999903 -0.052393100000000185 0.843374 -0.534767 -43.763
0.998667 0.03879890000000033 -0.03403629999999982 0.20845399999999978 -0.008387519999999673 -0.528693 -0.848772 0.9520429999999901 -0.05092610000000019 0.847926 -0.527663 -44.5072
0.998719 0.03896160000000033 -0.03230009999999982 0.1599049999999997 -0.007219809999999673 -0.522012 -0.852907 1.41063999999999 -0.05009170000000019 0.852048 -0.521062 -45.2614
0.998797 0.039185000000000324 -0.02947799999999982 0.10856699999999957 -0.005130889999999675 -0.514347 -0.857567 1.9080499999999898 -0.04876570000000019 0.856687 -0.513527 -46.0948
0.998907 0.03939870000000033 -0.02514629999999982 0.05560279999999948 -0.0015079999999996752 -0.510562 -0.85984 2.35079999999999 -0.04671530000000019 0.858938 -0.509944 -46.8942
0.999049 0.038576200000000324 -0.020331599999999814 0.00851208999999937 0.002097550000000325 -0.508228 -0.86122 2.8374699999999895 -0.0435557000000002 0.860358 -0.507825 -47.7317
0.999144 0.03734640000000033 -0.017789899999999817 -0.043395400000000736 0.0037028100000003256 -0.509066 -0.86072 3.3187199999999892 -0.041201000000000196 0.859917 -0.508768 -48.5634
0.9992 0.03667800000000033 -0.015925799999999816 -0.09666500000000085 0.005016600000000327 -0.51012 -0.860089 3.809259999999989 -0.03967040000000019 0.859321 -0.509896 -49.4189
0.999191 0.036617100000000326 -0.016658099999999815 -0.14478300000000097 0.004348410000000327 -0.509975 -0.860178 4.324079999999989 -0.039992500000000195 0.85941 -0.509721 -50.2779
0.999247 0.03529030000000032 -0.016148499999999816 -0.19701000000000107 0.004126780000000327 -0.510355 -0.859954 4.822589999999988 -0.038589500000000186 0.85924 -0.510116 -51.1373
0.999267 0.03455880000000033 -0.016462899999999815 -0.25106700000000115 0.0034701900000003267 -0.51008 -0.86012 5.345239999999989 -0.03812210000000019 0.859433 -0.509826 -52.0186
0.999285 0.034094500000000326 -0.016319299999999815 -0.30970500000000134 0.0033721600000003265 -0.51043 -0.859913 5.879299999999988 -0.03764820000000019 0.859243 -0.51018 -52.9203
0.999345 0.03330050000000033 -0.014172199999999816 -0.36190600000000145 0.004809730000000328 -0.510328 -0.859966 6.399749999999988 -0.03586980000000019 0.859335 -0.510154 -53.831
0.999362 0.03281460000000033 -0.014082899999999817 -0.41871900000000156 0.004647840000000328 -0.51056 -0.85983 6.918909999999988 -0.03540510000000019 0.859216 -0.510386 -54.7151
0.999383 0.03286070000000033 -0.012422399999999816 -0.4783120000000017 0.006057230000000327 -0.509496 -0.860452 7.447909999999988 -0.03460430000000019 0.859846 -0.50938 -55.6219
0.999433 0.031291300000000334 -0.012407899999999816 -0.5321360000000018 0.005231950000000327 -0.50853 -0.861029 7.965159999999988 -0.03325250000000019 0.860476 -0.508405 -56.4984
0.999494 0.02897750000000033 -0.013141799999999816 -0.5879620000000019 0.003379140000000328 -0.507361 -0.861727 8.455459999999988 -0.031638300000000195 0.861246 -0.507202 -57.3759
0.999553 0.02662070000000033 -0.013617699999999813 -0.642196000000002 0.0016550000000003272 -0.503974 -0.863717 8.982699999999987 -0.02985570000000019 0.863309 -0.503793 -58.2663
0.999565 0.02618450000000033 -0.013601199999999813 -0.6949900000000021 0.0013744100000003267 -0.501779 -0.864995 9.484959999999987 -0.02947420000000019 0.8646 -0.501596 -59.1663
0.999559 0.02604510000000033 -0.014297799999999812 -0.7448980000000022 0.0006309730000003262 -0.49971799999999994 -0.866188 9.991959999999986 -0.02970480000000019 0.865796 -0.499514 -60.0347
0.999538 0.02684880000000033 -0.014252599999999813 -0.7951030000000023 0.0010217300000003257 -0.49828799999999995 -0.867011 10.510699999999986 -0.03038010000000019 0.866596 -0.498085 -60.9333
0.999486 0.02890250000000033 -0.013845199999999815 -0.8471620000000024 0.0024120800000003253 -0.49864099999999995 -0.866805 11.012899999999986 -0.031956600000000196 0.866327 -0.498454 -61.8055
0.999438 0.031261900000000335 -0.012104999999999814 -0.9087290000000026 0.005232370000000326 -0.502131 -0.864776 11.483599999999985 -0.03311280000000019 0.864226 -0.502013 -62.6721
0.9994 0.032741300000000334 -0.011288299999999815 -0.9600600000000027 0.006860120000000327 -0.506639 -0.862131 11.989499999999985 -0.033946400000000196 0.861537 -0.50656 -63.5371
0.999451 0.03139420000000033 -0.010632699999999816 -1.0181100000000027 0.006943130000000328 -0.511962 -0.85898 12.494799999999985 -0.03241050000000019 0.858434 -0.511899 -64.4011
0.999527 0.027042000000000333 -0.014640699999999816 -1.069090000000003 0.00148179000000033 -0.517907 -0.855436 13.000199999999985 -0.030715200000000192 0.85501 -0.517702 -65.2498
0.99959 0.026063500000000336 -0.011845899999999816 -1.1252200000000032 0.0035540000000003316 -0.523536 -0.851996 13.515499999999985 -0.02840780000000019 0.851605 -0.523414 -66.1359
0.999527 0.027960900000000337 -0.012788999999999818 -1.1789000000000032 0.003917910000000332 -0.528377 -0.849001 14.025799999999984 -0.03049620000000019 0.848549 -0.528237 -66.9566
0.999426 0.030986500000000337 -0.01367349999999982 -1.2271000000000034 0.004954710000000332 -0.533132 -0.846017 14.563099999999984 -0.033504900000000185 0.845464 -0.53298 -67.7863
0.999421 0.03190940000000034 -0.01180339999999982 -1.2836500000000033 0.0071885000000003335 -0.537147 -0.843458 15.097999999999985 -0.03325440000000019 0.842885 -0.537066 -68.6354
0.999399 0.03294070000000034 -0.01084269999999982 -1.3410700000000035 0.008695630000000334 -0.540697 -0.841172 15.613099999999983 -0.03357140000000019 0.840572 -0.540659 -69.4585
0.999418 0.03221260000000034 -0.011211999999999821 -1.3955800000000036 0.008131210000000336 -0.544259 -0.838878 16.131699999999984 -0.033124600000000184 0.838298 -0.544204 -70.273
0.999647 0.02317420000000034 -0.01301949999999982 -1.4430100000000037 0.0017563100000003373 -0.54632 -0.837575 16.69079999999998 -0.026522900000000186 0.837256 -0.546168 -71.1204
0.999823 0.01290200000000034 -0.013668099999999819 -1.4886900000000038 -0.004346719999999661 -0.548761 -0.835968 17.211799999999982 -0.018286200000000183 0.83588 -0.548608 -71.9295
0.999861 0.009992060000000342 -0.013326399999999817 -1.530760000000004 -0.005614699999999659 -0.551061 -0.834446 17.73369999999998 -0.015681500000000185 0.834405 -0.550929 -72.7561
0.999786 0.015272400000000342 -0.013953699999999817 -1.560700000000004 -0.00320124999999966 -0.552172 -0.833724 18.23079999999998 -0.020437800000000183 0.833591 -0.552005 -73.5167
0.999658 0.02161430000000034 -0.01469079999999982 -1.6065800000000041 -0.0002575399999996608 -0.553955 -0.832547 18.754299999999983 -0.026133000000000184 0.832266 -0.55376 -74.3185
0.999509 0.02374190000000034 -0.02045129999999982 -1.6448200000000042 -0.003857019999999662 -0.554475 -0.832191 19.27769999999998 -0.031097500000000184 0.831861 -0.554111 -75.1018
0.999467 0.02212600000000034 -0.02399379999999982 -1.6901100000000044 -0.0076933699999996615 -0.554717 -0.832003 19.799799999999983 -0.03171870000000019 0.831745 -0.554252 -75.8679
0.99952 0.019256700000000338 -0.02428919999999982 -1.7354900000000044 -0.009567519999999661 -0.553682 -0.832673 20.341299999999983 -0.02948300000000018 0.832505 -0.553232 -76.6932
0.999649 0.01424710000000034 -0.02232269999999982 -1.7636600000000047 -0.01071399999999966 -0.553288 -0.832921 20.851799999999983 -0.02421760000000018 0.832868 -0.552941 -77.4785
0.999748 0.00864133000000034 -0.02071549999999982 -1.8011500000000047 -0.012493099999999658 -0.552518 -0.833407 21.36649999999998 -0.018647400000000182 0.833456 -0.552271 -78.2686
0.999913 0.006202080000000341 -0.011650299999999817 -1.8326900000000048 -0.006292899999999658 -0.551881 -0.833899 21.86469999999998 -0.011601500000000185 0.8339 -0.551794 -79.0537
0.999981 0.005366070000000343 -0.0032044499999998163 -1.8555400000000049 0.00027933300000034287 -0.550565 -0.834792 22.360999999999983 -0.006243810000000185 0.834775 -0.550556 -79.8503
0.999972 0.0035952600000003425 -0.006615649999999815 -1.882320000000005 -0.003560579999999657 -0.548392 -0.836214 22.862699999999982 -0.006634380000000184 0.836214 -0.548364 -80.6305
0.999919 0.004562720000000341 -0.011891999999999816 -1.912690000000005 -0.0074678999999996595 -0.546322 -0.837542 23.36789999999998 -0.010318300000000185 0.837563 -0.546244 -81.4109
0.999893 0.007941650000000338 -0.012256799999999814 -1.9429900000000053 -0.00600976999999966 -0.541155 -0.840902 23.865799999999982 -0.013311000000000186 0.840885 -0.541049 -82.1819
0.999819 0.007065070000000336 -0.017642799999999813 -1.9696800000000054 -0.011151999999999664 -0.5336 -0.845664 24.356299999999983 -0.015388900000000186 0.845707 -0.533425 -82.9654
0.999614 0.005635740000000333 -0.02720579999999981 -2.0015600000000053 -0.020179499999999663 -0.525801 -0.850368 24.848499999999984 -0.019097300000000185 0.850589 -0.525484 -83.7529
0.999655 0.00652992000000033 -0.025424599999999808 -2.0287900000000056 -0.018414499999999667 -0.515808 -0.856506 25.332399999999982 -0.018707100000000188 0.856679 -0.51551 -84.5639
0.999759 0.006064190000000329 -0.021096799999999808 -2.0544200000000057 -0.015147499999999668 -0.504996 -0.862989 25.794099999999982 -0.01588710000000019 0.8631 -0.504782 -85.3754
0.999733 0.0014213500000003266 -0.023069899999999807 -2.0792300000000057 -0.01935529999999967 -0.49408100000000005 -0.8692 26.23859999999998 -0.01263380000000019 0.869415 -0.493922 -86.1827
0.999742 0.0005247350000003241 -0.022688499999999806 -2.105010000000006 -0.019619999999999672 -0.482476 -0.875689 26.689699999999977 -0.011406200000000189 0.875909 -0.482341 -87.0171
0.999778 0.0002482680000003219 -0.021080799999999806 -2.126330000000006 -0.018479299999999678 -0.470988 -0.881946 27.11869999999998 -0.010147800000000193 0.882139 -0.470879 -87.8378
0.999649 0.000523031000000318 -0.0264900999999998 -2.144220000000006 -0.02329729999999968 -0.458821 -0.888223 27.52859999999998 -0.012618800000000192 0.888528 -0.458648 -88.6424
0.999691 0.004445010000000316 -0.024470399999999802 -2.1772700000000063 -0.019899299999999683 -0.447243 -0.894191 27.930399999999977 -0.014918900000000193 0.894402 -0.447016 -89.4512
0.999502 0.014164500000000312 -0.028183399999999803 -2.201160000000006 -0.01919839999999969 -0.435758 -0.899859 28.33219999999998 -0.025027200000000197 0.899953 -0.435269 -90.2976
0.999424 0.02009860000000031 -0.027356099999999803 -2.2334200000000064 -0.01630529999999969 -0.422593 -0.906173 28.71919999999998 -0.029773300000000197 0.906097 -0.422022 -91.1275
0.99948 0.017806700000000307 -0.0268716999999998 -2.2591600000000067 -0.017170899999999694 -0.41141 -0.911289 29.08369999999998 -0.027282300000000197 0.911277 -0.41089 -91.9732
0.999525 0.013343000000000304 -0.027788899999999797 -2.3022100000000068 -0.020156999999999696 -0.399143 -0.916667 29.44169999999998 -0.023322800000000202 0.916792 -0.398685 -92.8054
0.999569 0.015378000000000303 -0.024999799999999798 -2.3365400000000065 -0.0170408999999997 -0.389433 -0.920897 29.784199999999977 -0.0238973000000002 0.920926 -0.389003 -93.6468
0.999566 0.0223101000000003 -0.0192353999999998 -2.3806300000000067 -0.0092455299999997 -0.382389 -0.923955 30.12169999999998 -0.027969000000000202 0.923732 -0.382017 -94.4913
0.999479 0.0302483000000003 -0.0112201999999998 -2.424110000000007 0.0010004400000002984 -0.376672 -0.926346 30.439299999999978 -0.03224670000000021 0.925853 -0.376506 -95.3105
0.999407 0.033665000000000306 -0.007307699999999802 -2.4760200000000068 0.005777700000000297 -0.37293 -0.927842 30.783899999999978 -0.033961000000000206 0.927249 -0.372903 -96.1896
0.999411 0.0333968000000003 -0.0079100999999998 -2.515330000000007 0.004999940000000296 -0.369694 -0.92914 31.09279999999998 -0.03395460000000021 0.928553 -0.369643 -97.0212
0.999419 0.0337139000000003 -0.004995809999999801 -2.570960000000007 0.007623390000000295 -0.364001 -0.931367 31.42839999999998 -0.033218500000000206 0.930788 -0.364047 -97.8663
0.999533 0.0299503000000003 -0.0059988799999997995 -2.613150000000007 0.005158850000000295 -0.359098 -0.933285 31.73139999999998 -0.030106400000000207 0.932819 -0.359085 -98.7067
0.999662 0.0256039000000003 -0.0044033299999997975 -2.659280000000007 0.004906260000000294 -0.352495 -0.935801 32.058999999999976 -0.02551230000000021 0.935463 -0.352502 -99.56100000000002
0.999716 0.023564900000000298 -0.003497579999999797 -2.707430000000007 0.004894020000000294 -0.346832 -0.937915 32.36369999999998 -0.023315000000000207 0.937631 -0.346848 -100.40100000000001
0.99972 0.0236080000000003 -0.0014434499999997964 -2.742860000000007 0.006694960000000292 -0.340986 -0.940044 32.64179999999998 -0.022684700000000207 0.939772 -0.341049 -101.23300000000002
0.999581 0.027129300000000297 0.010130800000000205 -2.784210000000007 0.01863310000000029 -0.334721 -0.942133 32.91049999999998 -0.022168400000000213 0.941927 -0.335086 -102.06600000000002
0.999528 0.029739800000000295 0.007756110000000203 -2.8302700000000076 0.017096800000000287 -0.328304 -0.944417 33.20279999999998 -0.025540400000000213 0.944104 -0.328657 -102.90000000000002
0.999442 0.03296320000000029 0.005324060000000203 -2.8779100000000075 0.015654500000000286 -0.321736 -0.9467 33.47519999999998 -0.029493300000000215 0.946256 -0.322073 -103.75300000000001
0.999461 0.031734400000000294 0.008369160000000203 -2.9233500000000077 0.017940900000000284 -0.314766 -0.949 33.74849999999998 -0.027481600000000213 0.948639 -0.315166 -104.57100000000001
0.99964 0.026302800000000293 0.005403940000000206 -2.9606300000000076 0.013245000000000284 -0.307926 -0.951318 34.02189999999998 -0.023358300000000214 0.951047 -0.308163 -105.41600000000001
0.999712 0.02332930000000029 0.005671600000000206 -3.0046100000000076 0.012425900000000283 -0.300632 -0.953659 34.28869999999998 -0.020543100000000217 0.953455 -0.300835 -106.27500000000002
0.999608 0.02676610000000029 0.008196560000000207 -3.0499000000000076 0.01571550000000028 -0.294281 -0.95559 34.539099999999976 -0.023165400000000214 0.955344 -0.294586 -107.12700000000001
0.999537 0.029612300000000286 0.007049910000000206 -3.0916000000000077 0.015288200000000281 -0.288089 -0.957482 34.78999999999998 -0.026322300000000215 0.957146 -0.288408 -107.95400000000001
0.99948 0.031159700000000283 0.008311690000000206 -3.136500000000008 0.016743800000000277 -0.281126 -0.959525 35.03299999999998 -0.027561900000000215 0.959165 -0.281502 -108.84500000000001
0.999513 0.02976410000000029 0.009372480000000207 -3.183550000000008 0.01717930000000028 -0.274119 -0.961543 35.27969999999997 -0.026050200000000218 0.961235 -0.274496 -109.69800000000001
0.999574 0.02860790000000028 0.005711610000000208 -3.225880000000008 0.013119200000000275 -0.265949 -0.963898 35.50189999999997 -0.026056100000000217 0.963563 -0.266211 -110.54700000000001
0.99959 0.02858420000000028 0.001767250000000208 -3.273400000000008 0.009099810000000272 -0.258499 -0.965969 35.736599999999974 -0.02715460000000022 0.965589 -0.258653 -111.40500000000002
0.999582 0.028915000000000277 -0.00031968299999979153 -3.317910000000008 0.006966050000000271 -0.251514 -0.967829 35.96619999999997 -0.028065100000000214 0.967422 -0.251611 -112.29500000000002
0.999544 0.029603700000000278 0.005994210000000208 -3.360050000000008 0.013063600000000269 -0.244775 -0.969492 36.16609999999997 -0.027233300000000217 0.9691279999999999 -0.24505 -113.13800000000002
0.99955 0.02808290000000028 0.010566000000000209 -3.400370000000008 0.016968500000000268 -0.238638 -0.97096 36.35659999999997 -0.02474600000000022 0.9707029999999999 -0.239007 -114.00300000000001
0.999591 0.027760200000000273 0.00682982000000021 -3.442720000000008 0.01313800000000027 -0.233892 -0.972174 36.568599999999975 -0.02539030000000022 0.9718659999999999 -0.234161 -114.88500000000002
0.999614 0.027241100000000275 0.00552599000000021 -3.487930000000008 0.011639700000000266 -0.229705 -0.973191 36.75979999999997 -0.02524140000000022 0.9728789999999999 -0.229933 -115.73900000000002
0.999582 0.02848330000000027 0.00502115000000021 -3.531150000000008 0.011301000000000267 -0.224833 -0.974332 36.95399999999997 -0.026623200000000218 0.9739809999999999 -0.225061 -116.60100000000001
0.999657 0.02611380000000027 -0.0018084299999997892 -3.5682900000000086 0.0039597100000002645 -0.219149 -0.975684 37.154199999999975 -0.025875200000000216 0.975342 -0.219177 -117.47600000000001
0.999701 0.023164800000000266 -0.007822949999999789 -3.6134400000000086 -0.002682659999999736 -0.214103 -0.976807 37.33659999999997 -0.024302500000000216 0.976536 -0.213977 -118.31900000000002
0.999677 0.022088600000000264 -0.012537499999999788 -3.6505500000000084 -0.007627159999999736 -0.209767 -0.977722 37.524899999999974 -0.02422650000000022 0.977502 -0.20953 -119.20100000000001
0.999676 0.023740900000000262 -0.009151069999999789 -3.6948000000000083 -0.004072989999999738 -0.205705 -0.978606 37.683299999999974 -0.025115400000000218 0.978326 -0.205542 -120.02900000000001
0.999639 0.025938900000000268 -0.0069506399999997885 -3.7374000000000085 -0.0015847399999997394 -0.201398 -0.979508 37.87029999999997 -0.02680720000000022 0.979166 -0.201284 -120.91900000000001
0.99965 0.02583310000000027 -0.0056938699999997885 -3.7781700000000082 -0.0004174039999997396 -0.199813 -0.979834 38.02649999999997 -0.026449900000000217 0.979494 -0.199732 -121.77200000000002
0.999685 0.024754900000000267 -0.004051809999999788 -3.8195800000000086 0.0009450600000002605 -0.198582 -0.980084 38.184599999999975 -0.025066500000000217 0.979772 -0.198543 -122.61700000000002
0.999776 0.020090500000000268 -0.006715769999999787 -3.8542000000000085 -0.0026105299999997387 -0.197763 -0.980246 38.36089999999997 -0.02102180000000022 0.980044 -0.197666 -123.50000000000001
0.999878 0.014538900000000264 -0.005623869999999786 -3.8950200000000086 -0.0026517799999997375 -0.196874 -0.980425 38.521899999999974 -0.015361500000000217 0.980321 -0.196811 -124.35000000000001
0.999902 0.011676800000000263 -0.0077085699999997846 -3.9256000000000086 -0.005272109999999737 -0.195901 -0.980609 38.69319999999997 -0.012960500000000217 0.980554 -0.19582 -125.21100000000001
0.999837 0.017234200000000265 -0.0054101799999997854 -3.9669200000000084 -0.0019416599999997387 -0.195234 -0.980755 38.85949999999997 -0.01795880000000022 0.980605 -0.195169 -126.07500000000002
0.999763 0.020976000000000265 -0.005805079999999786 -4.000100000000009 -0.0016101399999997395 -0.194709 -0.98086 39.02649999999997 -0.02170480000000022 0.980637 -0.194629 -126.90700000000001
0.999776 0.020915700000000263 -0.003222859999999787 -4.034020000000009 0.0009054490000002604 -0.194429 -0.980916 39.18409999999997 -0.02114320000000022 0.980694 -0.194404 -127.77400000000002
0.999803 0.019774300000000265 -0.0019190899999997867 -4.070100000000009 0.001960940000000261 -0.194345 -0.980931 39.34269999999997 -0.01977020000000022 0.980734 -0.194346 -128.628
0.999799 0.019312900000000265 -0.005453739999999787 -4.111720000000009 -0.0016186699999997396 -0.193268 -0.981145 39.50939999999997 -0.02000280000000022 0.980956 -0.193198 -129.46
0.999739 0.022284700000000265 -0.005120609999999788 -4.150470000000009 -0.0007257109999997402 -0.192908 -0.981216 39.66749999999997 -0.02285390000000022 0.980964 -0.192842 -130.31
0.999663 0.025356500000000264 0.005527000000000212 -4.185130000000009 0.01030620000000026 -0.192429 -0.981257 39.808499999999974 -0.023817700000000223 0.980983 -0.192626 -131.149
0.999563 0.027782400000000266 0.010060600000000211 -4.223810000000009 0.01521570000000026 -0.192098 -0.981258 39.952799999999975 -0.025329000000000223 0.980982 -0.192437 -131.979
0.999475 0.030773700000000268 0.010089600000000212 -4.269380000000009 0.015806300000000256 -0.191613 -0.981343 40.11089999999997 -0.02826620000000022 0.980988 -0.191999 -132.813
0.999488 0.031282900000000266 0.006748680000000211 -4.313720000000009 0.012615300000000256 -0.191331 -0.981444 40.26169999999997 -0.02941120000000022 0.981027 -0.191628 -133.645
0.999439 0.03243910000000026 0.008316330000000212 -4.359320000000009 0.014346100000000257 -0.190347 -0.981612 40.40999999999997 -0.030259600000000223 0.981181 -0.190706 -134.471
0.999527 0.030670500000000264 0.002340750000000211 -4.3994100000000085 0.008069140000000257 -0.188011 -0.982134 40.56999999999997 -0.029682500000000223 0.981688 -0.188169 -135.303
0.999643 0.026210900000000262 -0.005214439999999787 -4.450280000000009 -0.000289604999999743 -0.184482 -0.982836 40.73759999999997 -0.02672300000000022 0.982486 -0.184408 -136.147
0.999728 0.020908800000000262 -0.010366899999999787 -4.4901800000000085 -0.006379459999999742 -0.182457 -0.983193 40.88529999999997 -0.02244890000000022 0.982992 -0.182273 -136.95
0.99972 0.019859500000000255 -0.012835099999999787 -4.528080000000009 -0.009092469999999743 -0.178211 -0.98395 41.03459999999997 -0.021828200000000214 0.983792 -0.17798 -137.785
0.999633 0.024478200000000255 -0.011604499999999787 -4.573220000000009 -0.007175599999999746 -0.173812 -0.984753 41.17179999999997 -0.026122000000000218 0.984475 -0.173572 -138.577
0.999522 0.027386700000000257 -0.014332199999999788 -4.605410000000009 -0.009553219999999748 -0.167269 -0.985865 41.29709999999997 -0.029396900000000215 0.985531 -0.166927 -139.344
0.999541 0.028613100000000252 -0.009929519999999789 -4.6483300000000085 -0.005258809999999749 -0.158907 -0.98728 41.42369999999996 -0.029827000000000218 0.986879 -0.158683 -140.204
0.999551 0.024276300000000254 -0.017543099999999787 -4.676220000000009 -0.01372399999999975 -0.149394 -0.988683 41.536799999999964 -0.026622400000000216 0.98848 -0.148993 -140.923
0.999405 0.021662800000000246 -0.026832799999999785 -4.7210600000000085 -0.023621299999999755 -0.136892 -0.990304 41.65639999999996 -0.02512600000000021 0.990349 -0.136299 -141.776
0.999381 0.024138100000000242 -0.025581799999999787 -4.759000000000009 -0.022405099999999758 -0.123762 -0.992059 41.74299999999997 -0.027112500000000216 0.992018 -0.123145 -142.55
0.999339 0.02572980000000024 -0.025691799999999786 -4.792140000000009 -0.02271629999999976 -0.109916 -0.993681 41.821699999999964 -0.028391200000000217 0.993608 -0.109258 -143.284
0.999283 0.025623100000000235 -0.027875899999999783 -4.833260000000009 -0.025327399999999764 -0.0949059 -0.995164 41.89929999999996 -0.028144700000000217 0.995156 -0.0941889 -144.14
0.999102 0.02766730000000023 -0.03210289999999978 -4.8742600000000085 -0.02974259999999977 -0.0818645 -0.9962 41.95539999999996 -0.030190200000000215 0.996259 -0.0809681 -144.873
0.999007 0.03409380000000023 -0.028699099999999787 -4.9209000000000085 -0.02633239999999977 -0.0679456 -0.997341 41.99739999999996 -0.03595310000000022 0.997106 -0.0669803 -145.686
0.998769 0.04397000000000023 -0.02294239999999979 -4.96788000000001 -0.020485999999999775 -0.0555242 -0.998247 42.01919999999996 -0.045166800000000215 0.997489 -0.0545551 -146.448
0.998523 0.052591900000000226 -0.013656399999999791 -5.01373000000001 -0.011447999999999781 -0.04206629999999999 -0.999049 42.027599999999964 -0.05311640000000022 0.99773 -0.0414021 -147.105
0.998447 0.05402030000000023 -0.01359629999999979 -5.06540000000001 -0.012085799999999784 -0.028190699999999992 -0.99953 42.04159999999997 -0.05437810000000022 0.998142 -0.027494 -147.933
0.998642 0.05017810000000023 -0.014024699999999788 -5.11907000000001 -0.013223799999999787 -0.016256499999999993 -0.99978 42.04419999999996 -0.05039510000000022 0.998608 -0.0155709 -148.663
0.998788 0.04776370000000022 -0.011855799999999788 -5.17737000000001 -0.011654699999999787 -0.004487809999999992 -0.999922 42.03859999999997 -0.04781320000000022 0.998849 -0.00392569 -149.444
0.998511 0.05383520000000022 -0.00878483999999979 -5.23983000000001 -0.009024359999999792 0.00420766000000001 -0.99995 42.01889999999997 -0.053795500000000225 0.998541 0.00468723 -150.214
0.998048 0.062439300000000225 -0.0012118099999997918 -5.294800000000009 -0.0018812299999997947 0.010663400000000014 -0.999941 41.99009999999996 -0.06242270000000022 0.997992 0.01076 -150.942
0.997843 0.06557500000000022 0.0029197300000002075 -5.347370000000009 0.002011620000000204 0.013910100000000014 -0.999901 41.966199999999965 -0.06560910000000023 0.997751 0.0137481 -151.666
0.998095 0.061447300000000225 0.0056050400000002085 -5.4065900000000084 0.004744630000000204 0.014139400000000015 -0.999889 41.951199999999965 -0.06151970000000022 0.99801 0.0138209 -152.414
0.99841 0.056319500000000224 -0.0024758299999997906 -5.476800000000009 -0.003197109999999794 0.012720400000000012 -0.999914 41.938399999999966 -0.05628320000000022 0.998332 0.0128802 -153.148
0.998574 0.05338830000000022 0.0004207330000002102 -5.529280000000009 -9.94214999997923e-05 0.009739840000000012 -0.999953 41.926799999999965 -0.05338980000000022 0.998526 0.00973126 -153.911
0.998548 0.05378360000000022 -0.0029421399999997903 -5.586800000000009 -0.003340019999999792 0.0073094900000000105 -0.999968 41.921499999999966 -0.05376040000000022 0.998526 0.00747852 -154.675
0.998567 0.053488300000000225 -0.0019982099999997895 -5.638550000000009 -0.002173089999999791 0.003211590000000011 -0.999993 41.919299999999964 -0.05348140000000022 0.998563 0.0033232200000000004 -155.356
0.998628 0.05210770000000022 -0.00517374999999979 -5.699040000000009 -0.00512883999999979 -0.0009955199999999898 -0.999986 41.915499999999966 -0.052112100000000224 0.998641 -0.0007269009999999996 -156.119
0.998634 0.05221580000000022 -0.0016960499999997894 -5.748750000000009 -0.0013291399999997883 -0.0070606699999999885 -0.999974 41.91039999999997 -0.05222640000000022 0.998611 -0.00698162 -156.861
0.998721 0.05051680000000022 -0.002022239999999789 -5.796960000000009 -0.0013803799999997867 -0.01273759999999999 -0.999918 41.918899999999965 -0.05053840000000022 0.998642 -0.0126516 -157.582
