1 0 0 0 0 1 0 0 0 0 1 0
0.999989 0.0047133 -0.000199962 -1.88077 -0.00471328 0.999989 0.000474102 -0.0739979 0.00020212 -0.000473116 1 -0.0263364
0.999976 0.00696682 0.000720743 -3.73915 -0.00696671 0.999976 -6.08121e-05 -0.157056 -0.000721112 5.58027e-05 1 -0.0457012
0.999982 0.00600262 -0.00168824 -5.63948 -0.00600038 0.999982 0.00132518 -0.233805 0.00169619 -0.00131497 0.999998 -0.0945517
0.999993 0.00328252 -0.00202151 -7.55065 -0.00327994 0.999994 0.00126745 -0.309693 0.00202571 -0.00126082 0.999996 -0.127842
1 -0.000810834 -7.34679e-05 -9.45228 0.000811061 1 0.00164604 -0.412879 7.22165e-05 -0.00164605 0.999998 -0.157
0.99997 -0.0063951 -0.00440289 -11.395 0.00640339 0.999978 0.00184618 -0.507255 0.00439099 -0.00187436 0.999987 -0.176773
0.999924 -0.0125039 4.42492e-05 -13.3138 0.0125038 0.999924 0.00109858 -0.624456 -5.80283e-05 -0.00109791 0.999999 -0.199846
0.999828 -0.0185817 -2.94054e-05 -15.2138 0.0185819 0.999825 0.00240408 -0.751813 -1.52798e-05 -0.0024043 0.999996 -0.227192
0.999693 -0.0247045 -0.00305503 -17.1314 0.0247092 0.999697 0.00148316 -0.891814 0.00301743 -0.00155816 0.999994 -0.261736
0.99955 -0.0298588 -0.00333783 -19.0099 0.0298666 0.999553 0.00223032 -1.05896 0.00326977 -0.00232911 0.999991 -0.298767
0.999422 -0.0340714 -0.00182416 -20.8942 0.0340757 0.999421 0.00232664 -1.17359 0.00174389 -0.00238745 0.999995 -0.337651
