1 0 0 0 0 1 0 0 0 0 1 0
0.999999 -5.48218e-05 5.28513e-05 -2.70297 5.48202e-05 0.999997 0.00164755 -0.148164 -5.30551e-05 -0.00164767 0.999999 -0.0465408
0.999999 -0.00113865 -0.000275165 -5.44212 0.00113946 0.999995 0.00292263 -0.277315 0.000271814 -0.00292298 0.999996 -0.0947836
0.999993 -0.0033928 -0.000440768 -8.17557 0.00339448 0.999987 0.00359144 -0.394614 0.000428526 -0.00359293 0.999994 -0.132956
0.99998 -0.00644793 3.60096e-05 -10.9225 0.00644771 0.999971 0.00424937 -0.51678 -6.34717e-05 -0.00424901 0.999992 -0.184184
0.999965 -0.00824279 -0.00039481 -13.667 0.00824491 0.999952 0.0051774 -0.679492 0.000352155 -0.00518049 0.999987 -0.235904
0.999963 -0.00866209 -0.00161778 -16.3887 0.00867261 0.999943 0.00649469 -0.855835 0.00156147 -0.00650848 0.999979 -0.284809
0.999955 -0.00912111 -0.00271303 -19.1091 0.00912885 0.999955 0.0027798 -1.02268 0.00268752 -0.00280446 0.999994 -0.343365
0.999954 -0.00963857 -0.0020486 -21.8447 0.00964773 0.999947 0.00439832 -1.18214 0.00200616 -0.00441797 0.99999 -0.387579
0.999955 -0.00950508 -0.000502941 -24.5822 0.0095077 0.999943 0.00504531 -1.32685 0.000454981 -0.0050499 0.999989 -0.434288
0.999963 -0.00868588 0.000518908 -27.312 0.00868265 0.999944 0.00631359 -1.4836 -0.000573675 -0.00630896 0.999982 -0.476579
0.999971 -0.00760125 -0.00120195 -30.05 0.00761061 0.999943 0.00781947 -1.62774 0.00114243 -0.00782843 0.999971 -0.52636
0.999981 -0.00598573 -0.00231051 -32.7811 0.00600488 0.99995 0.00832744 -1.76738 0.00226063 -0.00834123 0.999965 -0.564418
0.999984 -0.00488635 -0.00310343 -35.5066 0.00491381 0.999951 0.00884408 -1.93804 0.00305998 -0.00885925 0.999958 -0.616782
0.999979 -0.00393196 -0.00561284 -38.1956 0.00397701 0.999963 0.00807156 -2.08967 0.00558096 -0.00809376 0.999953 -0.644771
0.999961 -0.00381686 -0.00807818 -40.8432 0.00384932 0.999987 0.00399198 -2.24917 0.00806284 -0.00402294 0.999961 -0.704617
0.99996 -0.00354848 -0.00842717 -43.4577 0.00359198 0.999983 0.00518832 -2.37075 0.00840883 -0.00521841 0.999952 -0.775429
0.99997 -0.00324735 -0.0073425 -46.0336 0.00328109 0.999986 0.00456289 -2.46822 0.00732765 -0.00458684 0.999965 -0.811735
0.999962 -0.00210633 -0.00859823 -48.6101 0.00214831 0.999988 0.00490772 -2.62762 0.00858799 -0.004926 0.999952 -0.845566
0.999983 -0.000137334 -0.00617226 -51.1494 0.000175821 0.999983 0.0062083 -2.75668 0.0061714 -0.00620925 0.999965 -0.908831
0.999991 0.00251175 -0.00414994 -53.6685 -0.00250338 0.999999 0.00207087 -2.8837 0.00415482 -0.00206039 0.999992 -0.969758
0.999964 0.00304543 -0.00831649 -56.1932 -0.0030253 0.999996 0.00240826 -3.01598 0.00832384 -0.00238307 0.999967 -0.999179
0.999951 0.00310238 -0.00971277 -58.6951 -0.00307147 0.999994 0.003218 -3.11052 0.00972249 -0.00318791 0.999951 -1.05714
0.999936 0.00249645 -0.0113995 -61.2149 -0.00245555 0.999996 0.00360316 -3.24419 0.0114084 -0.00357514 0.999935 -1.11271
0.999947 0.00183169 -0.0105254 -63.7271 -0.00178517 0.999995 0.00444458 -3.36926 0.0105334 -0.0044253 0.999938 -1.16533
0.999973 0.000570713 -0.00802064 -66.2356 -0.000520156 0.999987 0.00627718 -3.49894 0.00802431 -0.00627316 0.999955 -1.24931
0.999928 -0.000506987 -0.012547 -68.7715 0.000378044 0.999957 -0.0102651 -3.62063 0.0125517 0.0102597 0.999872 -1.3312
0.999994 -0.000670211 -0.00475723 -71.2965 0.000650709 1 -0.00421221 -3.71155 0.00476028 0.00420885 0.999987 -1.39755
0.999952 -0.00520474 -0.0091159 -73.8458 0.00523579 0.999991 0.00337633 -3.84299 0.00909822 -0.00342363 0.999957 -1.45367
0.999872 -0.0120805 -0.0110585 -76.39 0.0121298 0.999925 0.00434443 -3.96693 0.0110055 -0.00447822 0.999935 -1.53786
0.999797 -0.0186101 -0.00889335 -78.9028 0.0186538 0.999825 0.00485621 -4.13791 0.00880145 -0.00502075 0.999952 -1.61104
0.999673 -0.023875 -0.0100515 -81.4469 0.0239366 0.999705 0.00597335 -4.31872 0.00990638 -0.00621227 0.999936 -1.6752
0.999608 -0.0259947 -0.0114549 -83.9829 0.0260751 0.999648 0.00690848 -4.51662 0.0112713 -0.00720413 0.999915 -1.73204
0.999574 -0.0262451 -0.0134257 -86.5084 0.0263618 0.999626 0.00852435 -4.71037 0.0131973 -0.00887486 0.999878 -1.8177
0.999594 -0.0255628 -0.013451 -89.051 0.0256165 0.999678 0.00383164 -4.86487 0.0133486 -0.00417443 0.999908 -1.87272
0.99968 -0.0218842 -0.0133654 -91.556 0.0218841 0.99977 -0.000235304 -5.07954 0.0133679 -5.75282e-05 0.999916 -1.94784
0.999735 -0.0179714 -0.0151738 -94.0445 0.0180006 0.99985 0.00178701 -5.24383 0.015139 -0.00205965 0.999889 -2.05224
0.999764 -0.0140163 -0.0172856 -96.5298 0.014018 0.999913 -8.39505e-05 -5.41311 0.0172857 -0.000158563 0.999856 -2.14243
0.999827 -0.0101498 -0.0163122 -98.9794 0.0101834 0.99996 0.00196022 -5.56075 0.0162912 -0.00212596 0.999872 -2.23864
0.999868 -0.00732683 -0.015316 -101.466 0.00736356 0.999981 0.00226276 -5.71102 0.0152995 -0.00237527 0.999887 -2.29692
0.999917 -0.00442532 -0.0131072 -103.929 0.00446648 1 0.00306619 -5.84174 0.0130933 -0.00312434 0.999917 -2.3614
0.999948 -0.00155534 -0.0114074 -106.392 0.0016187 0.999996 0.00542491 -5.95032 0.0113993 -0.00544293 0.999926 -2.45556
0.999952 6.68371e-05 -0.0109925 -108.848 1.62321e-05 0.999987 0.00749163 -6.0643 0.0109924 -0.00749111 0.999919 -2.52568
0.99997 0.00186113 -0.00927424 -111.284 -0.00177923 0.999973 0.00868377 -6.16691 0.00929067 -0.00866682 0.999924 -2.58979
0.999966 0.00331259 -0.00917525 -113.723 -0.00321728 0.999957 0.0103294 -6.29007 0.00920874 -0.0102991 0.999913 -2.66364
0.999974 0.00245187 -0.00892826 -116.176 -0.00235348 0.999953 0.010839 -6.40438 0.00895552 -0.0108177 0.999906 -2.71699
0.99997 0.00228637 -0.00904952 -118.626 -0.00218156 0.999947 0.0115027 -6.51297 0.00907506 -0.0114822 0.9999 -2.77847
0.999976 0.00276488 -0.00861744 -121.061 -0.00265903 0.999938 0.0120956 -6.62764 0.00865149 -0.0120724 0.999893 -2.83662
0.999977 0.00209518 -0.00849786 -123.517 -0.00198261 0.999927 0.013164 -6.73087 0.00852458 -0.0131465 0.999884 -2.8981
0.999988 0.00132074 -0.00758973 -125.97 -0.00120955 0.99991 0.0144558 -6.82343 0.00760931 -0.0144463 0.99987 -2.96064
0.99999 0.000615462 -0.00736602 -128.42 -0.000499082 0.999893 0.0157199 -6.95035 0.00737472 -0.0157156 0.999854 -3.02982
0.999998 0.000275264 -0.00629868 -130.861 -0.000165935 0.99987 0.0171227 -7.06712 0.00630367 -0.0171214 0.999837 -3.09688
0.999995 0.000308122 -0.00684558 -133.308 -0.000186324 0.999861 0.0176829 -7.18502 0.00685004 -0.0176812 0.999824 -3.15587
1 0.000372822 -0.00612679 -135.771 -0.000262262 0.999858 0.0178017 -7.30909 0.00613382 -0.0177998 0.999826 -3.19813
1 0.000215288 -0.0056435 -138.251 -0.000111429 0.99985 0.0182639 -7.436 0.00564664 -0.0182629 0.999822 -3.24413
1.00001 0.000469508 -0.00474637 -140.724 -0.00037442 0.999824 0.0196924 -7.55785 0.004756 -0.0196905 0.999799 -3.30113
1.00001 0.000387685 -0.00530773 -143.221 -0.000274937 0.999796 0.0210809 -7.6909 0.00531487 -0.021079 0.99977 -3.36541
1.00001 0.00106265 -0.00503758 -145.689 -0.000944952 0.999756 0.0229472 -7.79392 0.00506208 -0.0229424 0.999729 -3.45118
1.00001 0.00147361 -0.00437968 -148.171 -0.00137309 0.999761 0.0227062 -7.91338 0.00441217 -0.0227 0.999737 -3.48022
1.00001 0.00162526 -0.00402218 -150.662 -0.00153006 0.999752 0.0231544 -8.03708 0.00406002 -0.0231485 0.999729 -3.52871
1 0.00218677 -0.00600019 -153.185 -0.00204631 0.999749 0.0231937 -8.16218 0.00604903 -0.023181 0.999718 -3.58657
1.00001 0.00268468 -0.00500146 -155.704 -0.00256122 0.999724 0.0242162 -8.2825 0.00506623 -0.0242034 0.9997 -3.63857
1 0.00329736 -0.00517639 -158.231 -0.00316545 0.9997 0.0251432 -8.40554 0.00525731 -0.0251264 0.999676 -3.68934
1 0.00465294 -0.00390967 -160.751 -0.00454747 0.99967 0.0261305 -8.50288 0.00403112 -0.0261128 0.999658 -3.7165
0.999996 0.00587014 -0.00447494 -163.303 -0.00574388 0.999627 0.0275567 -8.61849 0.00463467 -0.0275302 0.999616 -3.76679
0.999985 0.00750057 -0.00447184 -165.836 -0.00736564 0.999574 0.0290655 -8.71171 0.00468913 -0.029032 0.999575 -3.83236
0.999973 0.00914178 -0.00424866 -168.386 -0.00900923 0.99953 0.0300811 -8.82319 0.00452127 -0.0300412 0.999545 -3.87939
0.999955 0.0107375 -0.00476731 -170.966 -0.010584 0.999493 0.030798 -8.91023 0.0050968 -0.0307459 0.999521 -3.93694
0.999934 0.0122086 -0.00567424 -173.548 -0.0120267 0.999473 0.0309508 -9.00964 0.00604859 -0.0308795 0.999511 -3.98388
0.999902 0.0132619 -0.00845547 -176.127 -0.0130225 0.99956 0.0275807 -9.09891 0.00881843 -0.0274678 0.999592 -4.05466
0.999889 0.0146986 -0.00735489 -178.705 -0.0144822 0.999512 0.0285814 -9.18526 0.00777087 -0.028471 0.999571 -4.14105
0.999873 0.0156411 -0.00798995 -181.305 -0.0154057 0.999502 0.0285395 -9.2647 0.00843319 -0.0284128 0.999569 -4.1728
0.999882 0.0162679 -0.0047139 -183.901 -0.0161205 0.999456 0.0296685 -9.35556 0.00519357 -0.0295881 0.999557 -4.23617
0.999875 0.0169749 -0.00438574 -186.528 -0.0168282 0.999397 0.0312805 -9.44485 0.00491501 -0.0312028 0.999509 -4.30707
0.999856 0.0172879 -0.00655714 -189.188 -0.0170666 0.999356 0.0323739 -9.53721 0.00711214 -0.0322565 0.999464 -4.37302
0.99985 0.0181845 -0.00530465 -191.823 -0.0179994 0.999327 0.0328343 -9.58616 0.00589907 -0.0327338 0.999456 -4.4158
0.999837 0.0187973 -0.0053815 -194.45 -0.0185976 0.999242 0.0349544 -9.66441 0.00603393 -0.0348473 0.999384 -4.50817
0.99983 0.0189861 -0.0063447 -197.099 -0.0187483 0.999223 0.0354689 -9.75387 0.00701382 -0.0353436 0.999361 -4.58072
0.999823 0.0192774 -0.00629538 -199.779 -0.0190381 0.999197 0.0360095 -9.83333 0.00698367 -0.0358819 0.999342 -4.62436
0.999805 0.0193444 -0.0088262 -202.463 -0.019007 0.999175 0.0366599 -9.90533 0.00952852 -0.0364845 0.999301 -4.65553
0.999805 0.0197163 -0.00776821 -205.146 -0.0194072 0.999119 0.0379642 -9.98102 0.0085091 -0.0378047 0.99926 -4.7152
0.999778 0.0208339 -0.00851995 -207.813 -0.020478 0.999029 0.0397509 -10.0529 0.00934037 -0.039567 0.999187 -4.82227
0.999755 0.0216668 -0.00884243 -210.514 -0.0212821 0.998946 0.0414072 -10.1246 0.00972945 -0.0412074 0.999114 -4.911
0.999765 0.0216017 -0.00800853 -213.239 -0.0212447 0.998917 0.0421211 -10.2119 0.00891076 -0.0419405 0.999092 -4.96846
0.999753 0.0217864 -0.00881736 -215.971 -0.0213891 0.998885 0.0428098 -10.2967 0.00973923 -0.0426091 0.999056 -5.02325
0.999745 0.021922 -0.00975098 -218.708 -0.0214759 0.998851 0.0435781 -10.3703 0.0106963 -0.0433569 0.999014 -5.07604
0.999739 0.021699 -0.0105402 -221.434 -0.0212095 0.998819 0.0444394 -10.4436 0.0114911 -0.0442027 0.998968 -5.13202
0.99974 0.0210479 -0.0119783 -224.191 -0.0204831 0.998794 0.0453431 -10.5054 0.0129193 -0.0450852 0.998911 -5.20307
0.999761 0.0194012 -0.0127113 -226.937 -0.0187936 0.998788 0.0462149 -10.5731 0.0135914 -0.0459633 0.998863 -5.28212
0.9998 0.0173728 -0.0127952 -229.718 -0.0167637 0.998826 0.0461818 -10.6904 0.0135834 -0.0459574 0.998864 -5.35324
0.999774 0.0172642 -0.0147159 -232.474 -0.0165966 0.998915 0.0442695 -10.8067 0.0154628 -0.0440137 0.998922 -5.43837
0.999782 0.0173983 -0.0140303 -235.209 -0.0167503 0.998884 0.0449461 -10.8914 0.0147972 -0.0447008 0.998904 -5.5085
0.999746 0.0185968 -0.0151515 -237.935 -0.017899 0.998868 0.0448795 -10.9668 0.0159678 -0.0445952 0.998889 -5.56212
0.999718 0.0196367 -0.015628 -240.664 -0.0188978 0.998799 0.0460082 -11.0257 0.0165134 -0.0456994 0.998831 -5.64238
0.99971 0.0193868 -0.016541 -243.424 -0.0185898 0.99876 0.0469933 -11.1373 0.0174305 -0.0466703 0.998771 -5.71976
0.999724 0.0195541 -0.0154792 -246.164 -0.0187806 0.998684 0.0485478 -11.2199 0.0164091 -0.0482428 0.998717 -5.81774
0.99979 0.0197364 -0.0100273 -248.897 -0.0192389 0.99873 0.0474122 -11.3009 0.0109498 -0.0472074 0.99884 -5.90859
0.999802 0.0192778 -0.00971269 -251.65 -0.0188007 0.998764 0.046879 -11.4231 0.0106056 -0.0466863 0.99887 -5.97076
0.999807 0.0191256 -0.00964352 -254.388 -0.0186463 0.998743 0.0473832 -11.4888 0.0105373 -0.0471923 0.998846 -6.03353
0.999813 0.0191731 -0.008892 -257.118 -0.0187172 0.998683 0.048618 -11.5592 0.00981405 -0.0484416 0.998795 -6.10715
0.999829 0.0181493 -0.00938268 -259.863 -0.0176517 0.998611 0.0504704 -11.6419 0.0102854 -0.050294 0.998698 -6.20418
0.999872 0.0164452 -0.00783851 -262.613 -0.0160296 0.998652 0.0502132 -11.7317 0.00865567 -0.05008 0.998725 -6.21383
0.999898 0.0148347 -0.00780851 -265.384 -0.0144126 0.998619 0.0513654 -11.8418 0.00855938 -0.0512454 0.998666 -6.29389
0.999902 0.0135662 -0.00945131 -268.132 -0.0130812 0.998735 0.049411 -11.9647 0.0101115 -0.0492814 0.998751 -6.41498
0.99992 0.0127201 -0.00882233 -270.9 -0.0122567 0.99869 0.0505519 -12.0503 0.00945334 -0.0504373 0.998701 -6.4506
0.999941 0.0120586 -0.00722666 -273.657 -0.0116714 0.998666 0.0511541 -12.1447 0.00783574 -0.0510656 0.998682 -6.48616
0.999953 0.0120246 -0.00550726 -276.418 -0.0117249 0.99866 0.0512541 -12.2333 0.0061161 -0.0511848 0.99869 -6.5351
0.999966 0.0116273 -0.0037662 -279.192 -0.011409 0.998571 0.0530429 -12.3412 0.00437971 -0.0529968 0.998604 -6.59715
0.999964 0.0115791 -0.00436392 -281.974 -0.0113195 0.998465 0.0550403 -12.4704 0.0049944 -0.0549864 0.998495 -6.65088
0.999954 0.0116598 -0.0062279 -284.76 -0.011291 0.998414 0.0559706 -12.5655 0.00687246 -0.0558961 0.998432 -6.70648
0.999945 0.0117501 -0.00735028 -287.538 -0.0113124 0.998372 0.0567104 -12.6808 0.00800441 -0.0566215 0.998384 -6.74744
0.999963 0.0103629 -0.0068246 -290.315 -0.00994971 0.99833 0.057724 -12.772 0.00741335 -0.0576526 0.998327 -6.80189
0.999969 0.0099519 -0.00675856 -293.101 -0.00952791 0.998212 0.0598007 -12.8727 0.00734131 -0.0597318 0.998207 -6.89763
0.999983 0.00855863 -0.00633017 -295.916 -0.00814983 0.99811 0.0616859 -12.9875 0.006848 -0.0616316 0.998094 -6.96773
1 0.0068002 -0.00532215 -298.738 -0.00644668 0.998015 0.063433 -13.1139 0.00574281 -0.0633961 0.997993 -7.04433
1.00001 0.00592823 -0.00512591 -301.539 -0.00558583 0.997982 0.0640123 -13.2302 0.00549701 -0.0639826 0.997954 -7.09948
1.00002 0.00554688 -0.00359934 -304.337 -0.00529554 0.997866 0.0658564 -13.3376 0.00395684 -0.0658356 0.997844 -7.16841
1.00003 0.00512015 -0.00201337 -307.135 -0.00497084 0.99777 0.0673346 -13.4699 0.00235568 -0.0673246 0.997749 -7.21167
1.00003 0.00400337 -0.00233156 -309.968 -0.00382994 0.997643 0.0692984 -13.5916 0.00260346 -0.0692885 0.997616 -7.29154
1.00004 0.00351104 -0.00182427 -312.815 -0.00337306 0.997611 0.0697689 -13.7302 0.00206693 -0.0697632 0.997582 -7.31358
1.00004 0.00351926 -0.00159904 -315.623 -0.00339282 0.997459 0.0719294 -13.8838 0.00184838 -0.0719233 0.997431 -7.38645
1.00004 0.00327734 -0.00108562 -318.436 -0.00318755 0.997392 0.0728718 -14.0079 0.00132361 -0.072869 0.997363 -7.42417
1.00004 0.00306938 -0.000511077 -321.263 -0.00302071 0.997307 0.0740358 -14.1339 0.000737358 -0.0740337 0.997278 -7.45363
1.00004 0.00281167 -0.00119717 -324.092 -0.00271139 0.997194 0.0755678 -14.2271 0.00140818 -0.0755655 0.997162 -7.50231
1.00004 0.00212952 -0.00247036 -326.932 -0.00193243 0.997145 0.0762495 -14.3837 0.00262587 -0.076244 0.997109 -7.53063
1.00005 0.00193817 -0.00194478 -328.356 -0.00178065 0.997082 0.077038 -14.4593 0.00209026 -0.0770355 0.997048 -7.5506
