1 0 0 0 0 1 0 0 0 0 1 0
0.999998 0.0031734 0.000689483 -1.9148 -0.00317374 0.999998 0.000761141 -0.0898739 -0.000686666 -0.000763436 1 -0.0234227
0.999986 0.00462806 0.00251846 -3.89265 -0.0046361 0.999984 0.00321219 -0.190082 -0.00250367 -0.00322371 0.999992 -0.0823077
0.999985 0.00389211 0.0039681 -5.90198 -0.00391209 0.999981 0.00513063 -0.273897 -0.00394782 -0.00514622 0.999979 -0.129949
0.999967 0.0018145 0.00823674 -7.94967 -0.00187975 0.999967 0.00789632 -0.366363 -0.00822227 -0.00791127 0.999937 -0.197867
0.999981 0.000849872 0.00649784 -10.0093 -0.000877783 0.999992 0.00430053 -0.47418 -0.00649411 -0.00430629 0.999971 -0.19199
0.987652 0.14885 0.0488965 -14.8535 0.148861 -0.98885 0.00347387 -4.36318 0.0488682 0.00384739 -0.998798 -0.864105
0.99484 -0.0705449 0.0729556 -19.0021 0.0700137 0.997501 0.0098465 -1.35621 -0.0734681 -0.00468787 0.99729 -0.143162
0.965116 0.261729 0.00715015 -20.6098 0.261688 -0.965126 0.0066906 -5.39634 0.00865124 -0.00458639 -0.999951 -0.660599
0.930216 -0.366341 0.0223704 -23.7272 0.366304 0.93048 0.00596908 -3.05824 -0.0230028 0.00264177 0.999734 0.000327051
0.87676 0.480791 0.0115898 -20.6603 0.480761 -0.876825 0.00589098 -6.00913 0.0129926 0.000406591 -0.999912 -0.689672
0.95109 -0.308866 0.00640321 -21.0186 0.308849 0.951102 0.00435508 -1.46248 -0.0074377 -0.00216458 0.999972 -0.1134
0.901731 0.432272 0.00565735 -18.927 0.432312 -0.901694 -0.00657222 -5.16565 0.00225661 0.0083715 -0.999961 -0.707571
0.929843 -0.367963 -0.00394003 -19.9714 0.367986 0.929806 0.00804707 -0.690709 0.000695476 -0.0089327 0.999971 -0.272002
0.911157 0.411111 0.0281531 -18.3255 0.411058 -0.911564 0.00820741 -3.33668 0.0290277 0.00409354 -0.99957 -0.955417
0.925549 -0.377588 0.0284341 -19.037 0.376844 0.925849 0.0283732 1.10776 -0.0370516 -0.0155456 0.999203 -0.378924
0.904664 0.426136 -0.00233646 -16.6278 0.426049 -0.904535 -0.016902 -2.4943 -0.00933207 0.0142941 -0.999854 -0.867869
