1 0 0 0 0 1 0 0 0 0 1 0
1 -0.000408897 -0.000465757 -2.72157 0.000409433 1 0.00112371 -0.12027 0.000465289 -0.00112406 1 -0.0696711
0.999998 -0.000673616 -0.00217184 -5.43945 0.000673499 1 -7.13889e-05 -0.238136 0.00217187 6.99575e-05 0.999998 -0.119977
0.999997 -0.00134815 0.00187849 -8.12902 0.00135079 0.999998 -0.00139929 -0.394462 -0.00187662 0.00140168 0.999998 -0.192552
0.99999 -0.0023342 0.00390794 -10.8491 0.00235007 0.999989 -0.00404867 -0.53354 -0.00389847 0.00405785 0.999985 -0.238387
0.999977 -0.00341833 0.00589408 -13.5734 0.00344695 0.999983 -0.00485162 -0.652305 -0.0058774 0.00487164 0.999972 -0.277791
0.999989 -0.00406081 0.00300035 -16.3136 0.00407901 0.999973 -0.00607815 -0.813554 -0.00297563 0.00609033 0.999975 -0.333194
0.999989 -0.00508281 0.000522247 -19.0382 0.00508694 0.999955 -0.00828543 -0.94734 -0.000480087 0.00828765 0.999966 -0.391749
0.999982 -0.00571015 0.00283244 -21.7191 0.00572691 0.999966 -0.00593568 -1.09286 -0.0027985 0.00595178 0.999977 -0.45492
0.999983 -0.00591271 0.00214566 -24.3835 0.00592368 0.999971 -0.00514338 -1.22321 -0.00211517 0.0051557 0.999985 -0.503567
0.99997 -0.00780468 -0.00188007 -27.0348 0.00780301 0.999969 -0.000900062 -1.35229 0.00188703 0.000885422 0.999996 -0.520904
0.999953 -0.00957888 0.00284897 -29.6576 0.00956462 0.999944 0.00497368 -1.49 -0.00289641 -0.00494647 0.999984 -0.554657
0.999943 -0.010819 0.0014082 -32.2446 0.0107992 0.999853 0.0133519 -1.6395 -0.00155237 -0.0133358 0.999909 -0.58404
0.999937 -0.0109205 -0.00374998 -34.8032 0.0109799 0.99981 0.0162111 -1.78181 0.00357218 -0.0162515 0.999862 -0.587341
0.999908 -0.0134266 0.00296837 -37.2901 0.0133596 0.99968 0.0215071 -1.9204 -0.00325623 -0.0214654 0.999763 -0.648806
0.999885 -0.0153196 0.0017624 -39.7409 0.0152789 0.999663 0.0211236 -2.06754 -0.00208537 -0.0210944 0.999776 -0.667074
0.999851 -0.0173435 0.00207604 -42.1509 0.0172976 0.999644 0.0203878 -2.20512 -0.00242885 -0.0203488 0.999789 -0.649795
0.999816 -0.0193732 0.00112186 -44.4637 0.0193474 0.999623 0.0196322 -2.37882 -0.0015017 -0.0196071 0.999808 -0.670504
0.999763 -0.0216669 0.00355758 -46.7565 0.021602 0.999619 0.0173039 -2.53106 -0.00393108 -0.017223 0.999843 -0.718246
0.999725 -0.0231265 0.00494675 -48.9934 0.0230367 0.999584 0.0174998 -2.68863 -0.00534932 -0.0173813 0.999836 -0.756218
0.999705 -0.0241363 0.0037601 -51.2127 0.024066 0.999556 0.0176829 -2.83491 -0.00418513 -0.0175872 0.999835 -0.762463
0.999685 -0.0244755 0.00633208 -53.3702 0.0243637 0.999558 0.0171619 -2.98859 -0.00674911 -0.0170025 0.999834 -0.774296
0.999668 -0.0248436 0.00747433 -55.4791 0.0247411 0.999605 0.0134928 -3.15632 -0.00780643 -0.0133034 0.99988 -0.776343
0.999669 -0.0252341 0.00584493 -57.5295 0.0251703 0.999627 0.0107467 -3.30374 -0.0061137 -0.0105962 0.999926 -0.798008
0.99963 -0.0257731 0.00920399 -59.5273 0.025675 0.999616 0.0106025 -3.43978 -0.0094735 -0.0103622 0.999901 -0.816199
0.999583 -0.0256051 0.0137181 -61.5178 0.0254661 0.999626 0.0102123 -3.58372 -0.013974 -0.00985897 0.999855 -0.804442
0.999524 -0.0257537 0.0171985 -63.4753 0.025588 0.999627 0.00978246 -3.7504 -0.0174438 -0.00933769 0.999804 -0.813062
0.999558 -0.0254796 0.0156662 -65.4513 0.0253251 0.999632 0.00998268 -3.89706 -0.0159144 -0.00958181 0.999828 -0.814701
0.999573 -0.0260114 0.0136725 -67.4111 0.0258857 0.999624 0.00928577 -4.06057 -0.0139087 -0.00892782 0.999863 -0.800157
0.999487 -0.0269888 0.0176113 -69.3518 0.0268209 0.999596 0.00970194 -4.1859 -0.0178657 -0.00922497 0.999799 -0.773121
0.999379 -0.0275752 0.0221405 -71.3197 0.0273601 0.999578 0.00995201 -4.34407 -0.0224053 -0.00934003 0.999705 -0.790791
0.999385 -0.0269738 0.0226987 -73.3255 0.0267513 0.999595 0.0100512 -4.49045 -0.0229602 -0.00943817 0.999693 -0.811394
0.999388 -0.0276173 0.0216893 -75.3418 0.0273876 0.999569 0.0108128 -4.63164 -0.0219783 -0.0102122 0.999706 -0.795011
0.999365 -0.0286581 0.0214667 -77.411 0.0284353 0.999543 0.0106116 -4.78655 -0.0217605 -0.00999485 0.999714 -0.785342
0.999245 -0.0291719 0.0259067 -79.5539 0.0288473 0.999505 0.0128099 -4.97322 -0.0262672 -0.0120527 0.999582 -0.77891
0.999102 -0.0312667 0.0288395 -81.7578 0.0308042 0.999395 0.0163394 -5.14367 -0.0293323 -0.0154366 0.999452 -0.742468
0.998938 -0.0339785 0.0313283 -84.0323 0.0336637 0.99938 0.0105174 -5.30027 -0.0316658 -0.00945146 0.999453 -0.723714
0.998716 -0.0375856 0.0341846 -86.3807 0.0374997 0.999296 0.00315029 -5.52595 -0.0342782 -0.00186471 0.999412 -0.704394
0.99895 -0.0416109 0.0195247 -88.8004 0.0417445 0.99911 -0.00649265 -5.73838 -0.0192366 0.00730082 0.99979 -0.697479
0.998863 -0.0468708 0.00958433 -91.2723 0.0469218 0.99889 -0.00517887 -5.97012 -0.00933048 0.00562219 0.999943 -0.741645
0.99847 -0.0516274 0.020184 -93.7321 0.0516957 0.998663 -0.0028874 -6.23328 -0.0200068 0.00392597 0.999794 -0.749978
0.998257 -0.0561584 0.0186185 -96.2946 0.0562231 0.998418 -0.00297188 -6.48802 -0.0184215 0.00401306 0.999824 -0.76472
0.997992 -0.0606297 0.0187608 -98.8847 0.0606419 0.998164 -9.75873e-05 -6.75305 -0.0187192 0.00123472 0.999826 -0.792402
0.997845 -0.0634595 0.0171843 -101.517 0.0634036 0.997986 0.00376855 -7.03572 -0.0173881 -0.00267115 0.999848 -0.822999
0.997651 -0.0649299 0.0222316 -104.146 0.0648829 0.997893 0.00281028 -7.34414 -0.0223662 -0.00136164 0.999751 -0.815839
-0.122085 0.992 0.0323525 -105 -0.989503 -0.119106 -0.0818954 -4.20162 -0.0773858 -0.0420102 0.99612 -0.74482
-0.973279 -0.229485 0.00868671 -102.691 0.226839 -0.966584 -0.119474 -2.64281 0.0358129 -0.114311 0.992798 -0.535347
0.251675 -0.967015 -0.0393437 -101.628 0.965821 0.25356 -0.0540193 -5.38162 0.0622146 -0.0244034 0.997768 -0.518711
0.940002 0.340006 0.0281789 -104.806 -0.338594 0.939864 -0.0451838 -4.62149 -0.0418465 0.0329342 0.998578 -0.59872
-0.403551 0.912493 0.0670703 -104.863 -0.914203 -0.399101 -0.0706545 -2.09356 -0.037707 -0.0898263 0.995248 -0.209054
-0.877279 -0.478952 0.0311788 -103.112 0.471352 -0.872008 -0.132188 -1.47183 0.0904981 -0.101273 0.990728 -0.17355
0.710005 -0.704065 -0.0129784 -102.413 0.70122 0.708553 -0.0792923 -3.44451 0.0650267 0.0471955 0.996772 0.0157403
0.716033 0.69736 0.0311247 -104.276 -0.694411 0.71619 -0.0700926 -3.51889 -0.0711697 0.028582 0.997048 -0.0563902
-0.710049 0.702525 0.0476158 -104.571 -0.702268 -0.701473 -0.121668 -0.306536 -0.0520791 -0.119826 0.991433 0.310533
-0.847469 -0.529808 -0.0328244 -100.968 0.529444 -0.839333 -0.123553 -0.148503 0.0379045 -0.122092 0.991788 0.51269
0.32476 -0.9439 -0.0596041 -99.9477 0.942347 0.32829 -0.0653032 -4.09293 0.0812122 -0.0349656 0.99609 -0.179163
0.998486 0.053788 -0.00949149 -104.349 -0.0537504 0.998582 -0.00127277 -6.29589 0.00941627 0.00178615 0.999944 -0.213127
0.572921 0.815851 0.0781694 -108.369 -0.811946 0.578058 -0.0816296 -3.7735 -0.11178 -0.0166941 0.993603 -0.161215
0.264995 0.958145 0.108174 -110.362 -0.956858 0.275237 -0.0933924 0.30555 -0.119257 -0.0787503 0.989725 0.586223
0.143603 0.983941 0.105806 -110.889 -0.982443 0.154686 -0.104639 3.72485 -0.119326 -0.0889126 0.988873 0.984236
-0.894637 -0.440349 0.0752143 -108.029 0.428464 -0.893563 -0.134285 2.65649 0.126335 -0.0879147 0.988074 0.89113
