1 0 0 0 0 1 0 0 0 0 1 0
0.999997 0.00318191 0.000803392 -1.91459 -0.00318233 0.999997 0.000903494 -0.0899467 -0.000800371 -0.000906125 1 -0.0281755
0.999988 0.00468143 0.00227025 -3.89663 -0.00468839 0.999984 0.00303514 -0.189931 -0.00225598 -0.00304574 0.999992 -0.0808377
0.999988 0.00401697 0.00373642 -5.90594 -0.00403535 0.999982 0.00497802 -0.272173 -0.00371617 -0.00499315 0.999981 -0.130322
0.99998 0.00184598 0.00651625 -7.95538 -0.00189128 0.999976 0.00688696 -0.362956 -0.00650347 -0.0068993 0.999952 -0.177516
0.999986 -5.69647e-05 0.00613362 -10.051 4.74542e-05 1 0.00154499 -0.474007 -0.00613353 -0.00154483 0.999981 -0.202493
0.999976 -0.00136967 0.00742268 -12.2155 0.00137314 1 -0.000573273 -0.584191 -0.00742215 0.000583185 0.999974 -0.256313
0.999977 -0.00188484 0.00727825 -14.4501 0.00188025 1 0.000632058 -0.695616 -0.00727971 -0.000618451 0.999975 -0.318202
0.999993 -0.00240275 0.0044867 -16.7371 0.00239646 1 0.00131146 -0.809975 -0.00449018 -0.0013011 0.999992 -0.33694
0.999997 -0.0034134 0.00320104 -19.084 0.00342008 0.999999 -0.00201043 -0.939283 -0.00319483 0.00202125 0.999996 -0.373086
0.999997 -0.0041671 0.00196172 -21.4886 0.00416951 0.999996 -0.00135906 -1.06175 -0.00195621 0.00136664 1 -0.419612
0.999993 -0.00484838 0.00255656 -23.9454 0.00485043 0.999996 -0.000711412 -1.19981 -0.00255379 0.00072368 1 -0.469708
0.999992 -0.00571646 -0.000893778 -26.4399 0.00571579 0.999991 -0.000631226 -1.34198 0.000897125 0.000625419 1 -0.534509
0.999986 -0.0066294 -0.00088167 -28.968 0.00662853 0.999987 -0.00125517 -1.48393 0.000889582 0.00124905 1 -0.582654
0.999976 -0.00811117 -0.00120533 -31.5357 0.00810949 0.999974 -0.00140174 -1.63988 0.00121631 0.00139116 1 -0.637853
0.999961 -0.00980397 -0.00147594 -34.1308 0.00979902 0.999955 -0.00374377 -1.76483 0.00151216 0.00372882 0.999996 -0.690107
0.999948 -0.0106113 -0.00370804 -36.7599 0.0105966 0.999946 -0.00413636 -1.9313 0.00375104 0.00409606 0.99999 -0.745158
0.999953 -0.010144 -0.00371456 -39.3808 0.0101353 0.999957 -0.00261248 -2.08307 0.00374056 0.00257417 0.999995 -0.818249
0.999958 -0.0097218 -0.00356468 -42.0177 0.00971615 0.999961 -0.00177938 -2.23629 0.00358126 0.00174373 0.999996 -0.879389
0.999958 -0.00960493 -0.00371586 -44.6426 0.00959452 0.999962 -0.00296942 -2.4062 0.00374384 0.00293292 0.999995 -0.953564
0.999941 -0.0104497 -0.00572088 -47.325 0.0104267 0.999948 -0.00414463 -2.59368 0.00576321 0.00408381 0.99998 -1.02225
0.999929 -0.0121584 -0.0042803 -50.0182 0.0121391 0.999929 -0.00466996 -2.73915 0.00433666 0.00461686 0.999986 -1.05846
0.999937 -0.0117641 -0.00366524 -52.6757 0.0117498 0.999934 -0.00411422 -2.90422 0.00371254 0.00407013 0.99999 -1.1239
0.999928 -0.0114294 -0.00654174 -55.3584 0.0113779 0.999919 -0.00800595 -3.02143 0.00663276 0.00792987 0.999954 -1.18697
0.999967 -0.00931713 -0.00247189 -58.0195 0.00930244 0.999951 -0.00617832 -3.16925 0.00252855 0.00615422 0.999984 -1.26723
0.99999 -0.00698012 -0.00206607 -60.6924 0.00697126 0.999982 -0.00472249 -3.32209 0.00209911 0.00470722 0.999995 -1.33081
0.999995 -0.00620844 -0.00137288 -63.3748 0.00620667 0.999995 -0.00178829 -3.50696 0.00138313 0.00177879 1.00001 -1.40608
0.999997 -0.0062468 -0.000429682 -66.0576 0.00624742 0.999997 -0.000882574 -3.63955 0.000435044 0.000879153 1.00001 -1.45062
0.999982 -0.00836177 -0.000803112 -68.7534 0.00836204 0.999982 -0.000397275 -3.75391 0.000805191 0.000389369 1.00001 -1.47873
0.99997 -0.00978591 -0.00055223 -71.4661 0.00978779 0.999968 0.00163085 -3.91282 0.000536165 -0.00163691 1.00001 -1.54448
0.999974 -0.00935846 -0.00114476 -74.1645 0.00936112 0.999972 0.00185843 -4.05952 0.00112622 -0.00187036 1.00001 -1.57697
0.999981 -0.00860037 -0.000262971 -76.8529 0.00860191 0.999978 0.0018413 -4.23202 0.000247023 -0.00184433 1.00001 -1.60301
0.99999 -0.00745303 0.00142768 -79.5377 0.00745159 0.99999 0.00172614 -4.40456 -0.00144168 -0.00171683 1.00001 -1.64174
0.999992 -0.00705052 0.00181695 -82.2358 0.00704877 0.999992 0.00151367 -4.5574 -0.00182772 -0.0015016 1.00001 -1.65316
0.99999 -0.00701317 0.0035261 -84.9333 0.00700775 0.999994 0.00181879 -4.71274 -0.00353992 -0.00179546 1 -1.68358
0.999993 -0.00665701 0.00317693 -87.6345 0.00665172 0.999997 0.00205923 -4.86243 -0.00319065 -0.00203883 1.00001 -1.70777
0.999993 -0.00636624 0.00398175 -90.3417 0.00635629 0.999997 0.00275466 -5.00891 -0.00400072 -0.0027308 1 -1.72029
0.999996 -0.00556654 0.00456538 -93.0441 0.00555352 1 0.00311729 -5.13273 -0.0045827 -0.00309289 0.999997 -1.75263
1 -0.00437842 0.00490944 -95.7487 0.00435881 1 0.00418198 -5.29781 -0.00492926 -0.00416215 0.999991 -1.78935
1 -0.00429074 0.00490001 -98.4317 0.00428985 1.00001 0.000351525 -5.45324 -0.00490177 -0.000331708 1 -1.81919
0.0593309 -0.0504239 -0.996985 -98.9569 0.958424 0.282203 0.0427609 -9.41015 0.279186 -0.958037 0.0650698 -2.82533
-0.160039 0.969807 -0.184143 -99.2759 0.559275 -0.0646356 -0.826486 -12.3214 -0.813398 -0.23525 -0.532024 2.34878
-0.421722 -0.0651181 0.904411 -97.1886 0.501609 0.814162 0.292516 -17.1812 -0.755354 0.576996 -0.310679 6.65821
-0.442823 -0.548226 -0.70951 -93.0032 0.032759 -0.800684 0.598221 -16.882 -0.896013 0.241665 0.372505 11.9374
-0.0812817 0.746001 0.661001 -92.7892 0.510029 0.600916 -0.615477 -21.2197 -0.856326 0.287075 -0.429309 16.267
-0.420192 -0.62383 -0.659029 -89.9482 0.188886 -0.770478 0.608876 -19.7359 -0.887563 0.131382 0.441559 21.7919
-0.0699821 0.750437 0.657257 -91.0405 0.519428 0.589923 -0.618256 -25.0991 -0.851669 0.298088 -0.431067 25.152
-0.44731 -0.575052 -0.685023 -86.8416 0.100064 -0.7933 0.600591 -22.2506 -0.888756 0.200138 0.412379 29.811
0.0528046 0.711348 0.700874 -89.5545 0.541793 0.569183 -0.618508 -28.7237 -0.83889 0.412323 -0.355341 32.8862
-0.416592 -0.637117 -0.648492 -85.7619 0.2555 -0.766667 0.589058 -26.9805 -0.87244 0.079769 0.482157 37.9742
0.095011 0.733207 0.673346 -89.2438 0.568999 0.515052 -0.641118 -32.5634 -0.816883 0.443959 -0.368251 39.1462
-0.397875 -0.612925 -0.682658 -83.3295 0.200724 -0.784256 0.587124 -28.3552 -0.895189 0.0966564 0.435057 43.0642
-0.208298 0.715498 0.666837 -87.3872 0.495826 0.664967 -0.558609 -35.3512 -0.843097 0.21418 -0.49327 44.6707
-0.413124 -0.601785 -0.683501 -80.9685 0.203919 -0.792658 0.57461 -29.2563 -0.887522 0.0981022 0.450177 47.8541
0.0997754 0.773104 0.62637 -87.8814 0.779937 0.330185 -0.531755 -36.8852 -0.617961 0.541468 -0.570026 44.9374
-0.491246 -0.653291 -0.576083 -78.021 0.264337 -0.742072 0.616067 -29.9856 -0.829899 0.150477 0.537212 50.5654
0.163465 0.823901 0.542621 -89.1631 0.787402 0.222482 -0.574976 -40.4667 -0.594503 0.521119 -0.612362 48.3572
-0.449169 -0.700792 -0.554171 -75.1827 0.264661 -0.696859 0.666654 -31.2871 -0.853295 0.152908 0.498471 54.8846
-0.353046 0.790123 0.501025 -83.9376 0.304053 0.603398 -0.737263 -44.7738 -0.884803 -0.108085 -0.453247 63.2909
-0.799105 -0.470977 -0.37356 -71.8981 0.0190782 -0.641041 0.767323 -33.9409 -0.600749 0.606153 0.521215 59.5505
-0.432562 0.868162 0.243132 -81.0824 0.40981 0.429586 -0.804742 -44.6433 -0.803076 -0.248606 -0.54155 67.3869
-0.328427 -0.925599 -0.187957 -66.5752 0.433478 -0.324568 0.840733 -40.0422 -0.839177 0.194798 0.507764 69.0315
-0.428577 0.89463 0.126015 -78.0976 0.420314 0.320941 -0.848784 -47.4132 -0.799779 -0.310947 -0.513502 74.8863
-0.328674 -0.939629 -0.0947539 -64.037 0.422279 -0.236006 0.87525 -43.3832 -0.844769 0.247814 0.474285 73.7818
