1 0 0 0 0 1 0 0 0 0 1 0
0.999999 -7.36342e-05 7.70847e-05 -2.69114 7.39765e-05 0.999998 -0.00188909 -0.139483 -7.68506e-05 0.00188911 0.999997 -0.0536177
1 0.000146945 0.000994627 -5.39674 -0.00014512 0.999998 -0.00181323 -0.266583 -0.000994753 0.00181326 0.999997 -0.0982688
0.999998 -1.55743e-05 0.0013207 -8.07846 1.75318e-05 0.999999 -0.00152871 -0.384455 -0.00132075 0.00152874 0.999996 -0.132611
0.999997 -0.000344366 0.00213502 -10.7968 0.000345365 1 -0.000489862 -0.530484 -0.00213478 0.000490787 0.999997 -0.17697
1 0.00011754 -0.000843649 -13.5026 -0.000117433 1 0.000183446 -0.66544 0.000843569 -0.000183325 0.999999 -0.240329
0.999999 0.000713241 -0.000472806 -16.2036 -0.00071299 1 0.000706054 -0.773936 0.000473249 -0.000705514 0.999999 -0.290526
0.999998 0.00136551 -0.000357426 -18.9022 -0.00136441 0.999995 0.00335691 -0.893585 0.000361882 -0.00335644 0.999994 -0.370221
0.999998 0.00175725 -0.000840654 -21.6073 -0.00175463 0.999995 0.00318912 -1.0155 0.000846223 -0.00318753 0.999994 -0.392671
0.999996 0.00232308 -0.00171815 -24.2938 -0.00231694 0.999994 0.00361818 -1.15441 0.00172639 -0.00361414 0.999992 -0.430515
0.999993 0.00243029 -0.00319101 -26.9861 -0.00241439 0.999988 0.00500509 -1.29004 0.00320311 -0.00499735 0.999982 -0.493776
0.999984 0.00174858 -0.00554299 -29.6901 -0.0017109 0.999979 0.00682554 -1.39527 0.00555461 -0.00681596 0.999963 -0.563526
0.999982 0.000525224 -0.00634129 -32.3817 -0.000472985 0.99997 0.00828653 -1.51123 0.00634542 -0.00828349 0.999945 -0.640417
0.999967 -0.000864994 -0.00822746 -35.1037 0.000939297 0.999963 0.0090836 -1.63395 0.00821898 -0.00909109 0.999927 -0.698537
0.999947 -0.00119365 -0.0105063 -37.8095 0.00130345 0.99995 0.0104879 -1.77797 0.0104932 -0.0105012 0.999891 -0.7783
0.999971 -0.000707822 -0.00791473 -40.5402 0.00079158 0.999948 0.0106425 -1.89767 0.00790646 -0.0106485 0.999914 -0.829422
0.999983 -0.00087453 -0.0061175 -43.235 0.000931304 0.999962 0.00935364 -2.03269 0.00610902 -0.00935932 0.999939 -0.88471
0.99996 -0.000184271 -0.00935923 -45.9311 0.00025707 0.999974 0.0078516 -2.16467 0.00935717 -0.00785385 0.999928 -0.948501
0.999936 0.000274923 -0.0115448 -48.6429 -0.000170598 0.999966 0.00907392 -2.30726 0.0115468 -0.00907153 0.999894 -1.00631
0.999932 0.00131931 -0.0119634 -51.3331 -0.00119119 0.999948 0.0107656 -2.42822 0.0119766 -0.0107507 0.999873 -1.10218
0.999923 0.00126115 -0.0126174 -54.0584 -0.00112137 0.999943 0.0111127 -2.55842 0.0126306 -0.0110979 0.99986 -1.17161
0.999916 0.00151198 -0.0131197 -56.759 -0.00134607 0.999926 0.0126906 -2.68908 0.0131375 -0.0126719 0.999836 -1.25768
0.999915 0.00156804 -0.0131867 -59.4941 -0.00139058 0.999914 0.0134882 -2.80115 0.0132066 -0.0134689 0.999823 -1.32859
0.999942 0.00157743 -0.0109691 -62.2212 -0.00141155 0.999891 0.0151602 -2.92162 0.0109914 -0.0151439 0.999827 -1.41717
0.999931 0.00163284 -0.0119593 -64.9186 -0.00143282 0.999866 0.0167504 -3.05054 0.0119851 -0.0167324 0.999789 -1.5054
0.999928 0.00165257 -0.0122385 -67.6396 -0.00144966 0.999868 0.0166036 -3.18816 0.0122639 -0.0165849 0.99979 -1.58457
0.999932 0.0012328 -0.0120386 -70.3611 -0.00103156 0.999867 0.016743 -3.30598 0.0120576 -0.0167298 0.999788 -1.6505
0.999907 -0.000220581 -0.0139452 -73.0831 0.000479226 0.999837 0.018575 -3.44363 0.0139383 -0.0185801 0.999732 -1.74745
0.999932 -0.00230831 -0.0119344 -75.8056 0.00253176 0.999829 0.0187881 -3.59422 0.0118889 -0.0188175 0.999753 -1.83273
0.999845 -0.00449391 -0.0172989 -78.5253 0.0048074 0.999834 0.0181451 -3.72799 0.017214 -0.0182256 0.999688 -1.92289
0.999869 -0.00798518 -0.0146104 -81.2384 0.00823471 0.999829 0.017137 -3.86136 0.0144709 -0.0172555 0.999748 -2.02892
0.999905 -0.0109399 -0.00917064 -83.9436 0.0110487 0.999878 0.011932 -4.03706 0.00903874 -0.0120324 0.999888 -2.10172
0.999848 -0.0140939 -0.0110479 -86.6869 0.0142113 0.999853 0.0106631 -4.23554 0.010896 -0.0108191 0.999884 -2.18453
0.999802 -0.0165207 -0.0118206 -89.4032 0.0166523 0.99981 0.0111605 -4.39679 0.0116338 -0.0113554 0.999869 -2.2335
0.999739 -0.0184612 -0.0140921 -92.1327 0.0186709 0.999726 0.0149344 -4.567 0.0138123 -0.015194 0.999792 -2.31013
0.999696 -0.0184297 -0.0169285 -94.8426 0.0187871 0.999608 0.0212242 -4.72786 0.0165305 -0.0215359 0.999633 -2.38846
0.999706 -0.0181905 -0.0165866 -97.5502 0.0185479 0.999604 0.0216822 -4.91862 0.0161855 -0.0219839 0.99963 -2.48542
0.999766 -0.017251 -0.0137935 -100.269 0.0174864 0.99971 0.0171577 -5.12818 0.0134934 -0.0173951 0.999759 -2.56971
0.999789 -0.0170523 -0.0123399 -102.997 0.0172292 0.99976 0.0144116 -5.32996 0.0120911 -0.0146216 0.999824 -2.65857
0.999736 -0.0166732 -0.016513 -105.722 0.0169059 0.999768 0.0140812 -5.48727 0.0162743 -0.0143569 0.999766 -2.7397
0.999807 -0.0168546 -0.0111492 -108.439 0.016981 0.999805 0.0113855 -5.63917 0.010955 -0.0115732 0.999877 -2.80956
0.99986 -0.0163377 -0.00600596 -111.155 0.0163883 0.999841 0.00855065 -5.83647 0.0058654 -0.00864824 0.999947 -2.88704
0.999851 -0.0163932 -0.00731254 -113.881 0.0164592 0.999837 0.00911071 -6.03053 0.00716187 -0.00923039 0.999937 -2.93108
0.999855 -0.0165934 -0.00612885 -116.608 0.0166557 0.999822 0.0103372 -6.19962 0.00595631 -0.0104381 0.99993 -2.9913
0.999846 -0.0168211 -0.00715615 -119.347 0.0168977 0.999813 0.0108632 -6.37267 0.00697183 -0.0109831 0.999921 -3.04501
0.999808 -0.0182526 -0.00864239 -122.075 0.0183608 0.999766 0.0126807 -6.56991 0.00840895 -0.0128373 0.999886 -3.13137
0.999778 -0.0197608 -0.00906398 -124.807 0.0198787 0.999731 0.0131698 -6.73876 0.00880096 -0.0133476 0.999877 -3.19403
0.999748 -0.0217575 -0.00741819 -127.535 0.0218688 0.999659 0.0153428 -6.92918 0.00708195 -0.0155015 0.999859 -3.26063
0.999727 -0.023715 -0.00399817 -130.242 0.0237808 0.999583 0.0174297 -7.1474 0.00358311 -0.0175203 0.999846 -3.32518
0.999629 -0.0257597 -0.0101677 -132.959 0.0259298 0.999536 0.0170057 -7.3389 0.00972489 -0.0172633 0.999808 -3.3657
0.999579 -0.0279358 -0.00968695 -135.682 0.0280596 0.999541 0.0129362 -7.52969 0.00932097 -0.013203 0.999875 -3.44255
0.999582 -0.02886 -0.00543934 -138.393 0.0289414 0.999478 0.0156137 -7.75247 0.00498608 -0.0157648 0.99987 -3.5156
0.999546 -0.0294261 -0.0087321 -141.115 0.0295638 0.999451 0.0161298 -7.98081 0.00825259 -0.016381 0.999837 -3.57216
0.999554 -0.0285373 -0.0103173 -143.821 0.0287035 0.999473 0.016363 -8.17585 0.00984491 -0.016652 0.999819 -3.61588
0.999546 -0.0278071 -0.0130636 -146.54 0.0280171 0.999495 0.0162024 -8.36808 0.0126063 -0.0165613 0.999789 -3.67399
0.999588 -0.0257154 -0.0139048 -149.271 0.025884 0.999612 0.012091 -8.58477 0.0135885 -0.0124463 0.999836 -3.742
0.999614 -0.0240505 -0.0153244 -151.986 0.0242505 0.999641 0.0130355 -8.79666 0.015005 -0.0134024 0.999804 -3.81695
0.999588 -0.0234004 -0.0175028 -154.716 0.0236567 0.999635 0.0145943 -8.9732 0.0171545 -0.0150025 0.999748 -3.92013
0.999707 -0.0228945 -0.0105209 -157.426 0.0230542 0.999638 0.015366 -9.17133 0.0101649 -0.0156042 0.999836 -4.00497
0.999667 -0.0220768 -0.0146606 -160.135 0.0223332 0.999617 0.0175694 -9.37526 0.0142667 -0.0178911 0.999747 -4.09587
0.999619 -0.0230775 -0.0167592 -162.872 0.0234829 0.999448 0.0244563 -9.55204 0.0161849 -0.0248403 0.99957 -4.14495
0.999607 -0.0245209 -0.014918 -165.588 0.0249521 0.999276 0.029447 -9.73906 0.0141847 -0.0298075 0.999464 -4.24039
0.99953 -0.0254139 -0.0186205 -168.287 0.0259588 0.999245 0.0296748 -9.95945 0.0178516 -0.0301436 0.999398 -4.32721
0.99947 -0.0270233 -0.0192243 -171.032 0.0276137 0.999154 0.0311538 -10.1571 0.0183656 -0.0316678 0.999339 -4.41199
0.999421 -0.0281364 -0.0204083 -173.751 0.0287837 0.999089 0.0322062 -10.3609 0.0194828 -0.0327744 0.999284 -4.45948
0.99948 -0.0282839 -0.0167586 -176.473 0.0288035 0.999105 0.031644 -10.5745 0.0158482 -0.0321098 0.999368 -4.54014
0.999532 -0.0276942 -0.0147826 -179.193 0.028166 0.999087 0.0327991 -10.775 0.0138603 -0.0331994 0.999363 -4.62073
0.99949 -0.0265307 -0.018968 -181.915 0.02707 0.999241 0.0287825 -10.9929 0.0181896 -0.0292808 0.999414 -4.729
0.999452 -0.025121 -0.0226907 -184.637 0.0257529 0.999297 0.0280468 -11.2088 0.0219694 -0.0286153 0.999359 -4.78324
0.999537 -0.0239324 -0.0199 -187.347 0.0244555 0.999373 0.02649 -11.4102 0.019253 -0.026964 0.999459 -4.90377
0.999519 -0.0226297 -0.0223574 -190.063 0.0232152 0.999407 0.026329 -11.6079 0.0217477 -0.026835 0.999415 -4.97255
0.999482 -0.0220295 -0.0243597 -192.79 0.0226827 0.999405 0.0268843 -11.7998 0.0237524 -0.0274225 0.999349 -5.03972
0.999419 -0.0212213 -0.0276345 -195.505 0.021975 0.999409 0.0273042 -11.98 0.027038 -0.0278951 0.999256 -5.14306
0.999489 -0.0202078 -0.0256103 -198.218 0.0209653 0.999364 0.0296758 -12.1814 0.0249936 -0.0301971 0.999237 -5.25661
0.999599 -0.0184496 -0.0227049 -200.903 0.0191014 0.999425 0.0288788 -12.3611 0.0221584 -0.0293004 0.999336 -5.37709
0.999551 -0.0174575 -0.0252854 -203.6 0.018184 0.999443 0.0288072 -12.5642 0.0247678 -0.0292535 0.999271 -5.43862
0.999589 -0.0155657 -0.025129 -206.288 0.0162959 0.999467 0.0291613 -12.7428 0.024661 -0.0295583 0.999268 -5.51558
0.999629 -0.0142519 -0.0242097 -208.969 0.0149705 0.999469 0.029779 -12.8909 0.0237718 -0.0301297 0.999269 -5.60131
0.999669 -0.0126092 -0.0235311 -211.639 0.0133296 0.999463 0.0307573 -13.0673 0.02313 -0.0310603 0.999259 -5.6946
0.999632 -0.0105538 -0.0259367 -214.307 0.0113882 0.99944 0.032247 -13.221 0.0255811 -0.0325297 0.999149 -5.80482
0.999647 -0.00904649 -0.0259935 -216.964 0.00990133 0.999432 0.0329877 -13.3826 0.0256797 -0.0332328 0.999126 -5.91729
0.999628 -0.00800132 -0.0269961 -219.637 0.00891707 0.999407 0.033985 -13.5363 0.0267074 -0.0342122 0.999064 -6.0148
0.999669 -0.00762177 -0.0256165 -222.318 0.00851426 0.999378 0.0349537 -13.6792 0.0253336 -0.0351594 0.999068 -6.09669
0.99964 -0.00854873 -0.0263836 -224.981 0.00950392 0.999321 0.0363057 -13.8276 0.0260546 -0.0365424 0.998998 -6.20818
0.999598 -0.00884956 -0.0278541 -227.646 0.00990412 0.999254 0.0379907 -13.9822 0.0274966 -0.0382505 0.998897 -6.34085
0.999609 -0.00968374 -0.0271412 -230.322 0.0107404 0.999205 0.0390713 -14.1103 0.0267406 -0.0393465 0.998873 -6.44174
0.999659 -0.0100806 -0.0251128 -232.995 0.0108989 0.999432 0.0327061 -14.2876 0.0247684 -0.0329682 0.999157 -6.53825
0.999615 -0.0109896 -0.0264576 -235.658 0.01187 0.999399 0.0333599 -14.4577 0.0260744 -0.0336602 0.999099 -6.63991
0.999586 -0.0116949 -0.0272749 -238.335 0.0126393 0.999344 0.0347534 -14.6203 0.0268501 -0.0350832 0.999031 -6.74391
0.999691 -0.0117967 -0.0230146 -241.007 0.0125927 0.999343 0.0347678 -14.7736 0.0225888 -0.035046 0.999136 -6.84036
0.999635 -0.0115503 -0.0254624 -243.7 0.012345 0.999462 0.0313139 -14.9422 0.0250866 -0.0316164 0.999192 -6.97582
0.999604 -0.0120199 -0.0263855 -246.381 0.0128471 0.999451 0.0314221 -15.1314 0.0259924 -0.031748 0.999163 -7.07314
0.99957 -0.0115977 -0.027894 -249.074 0.0125025 0.999422 0.0325198 -15.289 0.0275 -0.0328542 0.999088 -7.17191
0.999589 -0.0120534 -0.0269438 -251.777 0.0129423 0.999397 0.033073 -15.4287 0.026528 -0.0334075 0.999095 -7.25829
0.999586 -0.0123984 -0.0269381 -254.49 0.0132957 0.999382 0.0334247 -15.6156 0.0265065 -0.0337687 0.999084 -7.34949
0.999593 -0.0120271 -0.0268043 -257.202 0.0129643 0.999328 0.0350836 -15.778 0.0263636 -0.0354161 0.999028 -7.47097
0.999602 -0.0118336 -0.0265907 -259.896 0.0128491 0.999212 0.0383842 -15.9413 0.0261149 -0.03871 0.998916 -7.60151
0.999456 -0.0115609 -0.0316999 -262.606 0.0129627 0.998958 0.0443857 -16.0876 0.0311528 -0.0447713 0.998515 -7.72772
0.999456 -0.0104123 -0.0321429 -265.313 0.01182 0.998996 0.0439511 -16.2606 0.0316521 -0.0443063 0.998524 -7.82421
0.999567 -0.00921783 -0.0288445 -268.036 0.01038 0.999157 0.0404139 -16.4365 0.0284471 -0.0406949 0.99877 -7.94793
0.999569 -0.00849657 -0.0290614 -270.775 0.00959745 0.999263 0.0379929 -16.6227 0.0287167 -0.0382548 0.998862 -8.0972
0.978106 0.176047 -0.111206 -272.895 0.172387 -0.98417 -0.0417824 -17.2405 -0.116795 0.0216972 -0.992922 -7.28441
0.999265 0.0390313 -8.60961e-05 -275.711 -0.0390071 0.998658 0.0349534 -16.2049 0.00145175 -0.0349238 0.999396 -7.67408
0.985794 0.16547 -0.0297455 -278.627 0.16389 -0.985272 -0.0493709 -17.6551 -0.0374734 0.0437934 -0.998341 -7.39689
0.967888 -0.212647 0.134276 -282.985 0.203435 0.975922 0.0790911 -17.4828 -0.147851 -0.049234 0.987791 -6.46428
0.958096 0.276646 -0.0746733 -287.424 0.271626 -0.959828 -0.0707861 -19.6815 -0.0912494 0.0475359 -0.994697 -5.69689
0.973569 -0.150116 0.172297 -293.085 0.133701 0.985658 0.103267 -20.0711 -0.185315 -0.0774985 0.979625 -5.27164
0.991872 0.0918885 -0.08836 -298.612 0.0805908 -0.989054 -0.123856 -21.445 -0.0987654 0.115724 -0.988363 -4.40504
0.985289 0.0399265 0.16634 -302.256 -0.0588328 0.992186 0.110314 -20.8096 -0.160622 -0.118471 0.979891 -4.55925
0.999553 0.00615692 -0.0302847 -307.078 0.00272857 -0.993754 -0.111855 -21.6678 -0.030777 0.111719 -0.993266 -4.61377
0.956329 -0.281227 0.0800341 -311.48 0.269282 0.953769 0.133687 -21.7863 -0.113917 -0.106293 0.9878 -4.15384
0.993861 -0.107421 -0.0275405 -315.965 -0.110759 -0.974002 -0.197775 -23.9735 -0.00557082 0.199603 -0.979864 -3.822
0.766616 -0.612005 0.194448 -320.58 0.588891 0.790774 0.167166 -24.7201 -0.256052 -0.0136509 0.966572 -2.56987
0.994732 0.0351663 -0.0965256 -324.32 0.0228614 -0.991829 -0.125721 -26.6771 -0.100141 0.12285 -0.987363 -1.71403
0.644891 -0.746174 0.165505 -328.009 0.724061 0.665786 0.180368 -28.1794 -0.244758 0.00350559 0.969581 -0.724165
-0.893033 -0.21616 -0.394712 -325.228 -0.236935 0.971546 0.00399861 -26.1498 0.382587 0.0970784 -0.918806 -2.18214
0.694746 -0.645121 0.3181 -327.758 0.693877 0.717637 -0.060046 -28.4714 -0.189523 0.262411 0.946166 -1.68409
-0.586442 -0.738246 -0.333319 -325.364 -0.784443 0.620218 0.00646316 -26.2627 0.201941 0.265232 -0.942802 -2.67919
0.834224 -0.457375 0.308075 -330.075 0.523197 0.833034 -0.179982 -30.1002 -0.174293 0.311304 0.934195 -1.65161
-0.825257 -0.531728 -0.190341 -325.161 -0.561708 0.807914 0.178397 -27.0295 0.058901 0.254116 -0.965381 -2.46574
0.856498 -0.455444 0.242914 -330.795 0.501649 0.845389 -0.183704 -30.3845 -0.121665 0.279178 0.952507 -1.41972
-0.796233 -0.573572 -0.192444 -323.416 -0.601277 0.785572 0.14635 -25.2696 0.0672172 0.232221 -0.970343 -2.54692
0.695269 -0.665883 0.270584 -329.854 0.708862 0.697608 -0.104634 -31.2269 -0.119065 0.264534 0.957005 -1.28521
-0.604385 -0.754984 -0.254393 -324.057 -0.790034 0.609267 0.0687366 -24.2445 0.10308 0.242501 -0.964666 -2.18634
0.688235 -0.658235 0.305066 -330.303 0.707634 0.701881 -0.0819561 -31.5621 -0.160148 0.272261 0.948811 -1.19765
-0.557038 -0.788687 -0.260136 -325.377 -0.824354 0.563219 0.0575954 -25.0542 0.101069 0.246507 -0.963863 -2.17967
