1.000000000000000000e+00 -3.306050084167601550e-19 -2.270457535318767223e-19 -8.673617379884035472e-19 7.546676715296109287e-19 1.000000000000000000e+00 6.237773588823049983e-19 1.387778780781445676e-17 -3.447385680526250622e-20 4.770700176052009879e-20 1.000000000000000222e+00 5.551115123125782702e-17
9.999986671928826620e-01 7.650545192140212076e-04 1.443170110895470454e-03 -7.849991201111430200e-03 -7.642479537075716998e-04 9.999995507963347352e-01 -5.594121054063313581e-04 -2.644377805837942741e-02 -1.443597621857749562e-03 5.583084197685197298e-04 9.999988020107828390e-01 1.205280661274984233e+00
9.999948888731775565e-01 9.695021202022509462e-04 3.045954424098635573e-03 -1.135374179076248553e-02 -9.695929667059401472e-04 9.999995303885681475e-01 2.834275509584976312e-05 -4.691750012329179431e-02 -3.045925867826916773e-03 -3.129593399582339505e-05 9.999953607382546794e-01 2.402605452811755526e+00
9.999900567627197923e-01 4.841481244816054708e-04 4.432970490064312534e-03 -1.237003571599485340e-02 -4.868859255748539004e-04 9.999996870080654077e-01 6.165182420032812739e-04 -6.964814459451439121e-02 -4.432670954716574560e-03 -6.186705556416925798e-04 9.999899862292150887e-01 3.599023071411372676e+00
9.999865909236715922e-01 3.783738386623476755e-04 5.164297509092409706e-03 -1.426830811619458211e-02 -3.805968091763882477e-04 9.999998320094408699e-01 4.294665078886935965e-04 -1.011537121162541936e-01 -5.164134644656740228e-03 -4.314263663402037228e-04 9.999865770668878717e-01 4.796119864632384378e+00
9.999810122589992689e-01 8.619350141721922082e-05 6.162469370376567369e-03 -1.399598331116020528e-02 -8.823763126601782752e-05 9.999999419483960317e-01 3.314249264757133983e-04 -1.193755203785616392e-01 -6.162440912599443862e-03 -3.319623733080623502e-04 9.999809557926052639e-01 5.990267226698255065e+00
9.999748709958634629e-01 -7.512488279797146444e-05 7.088921616049860194e-03 -1.417671188094859688e-02 7.793933625181446502e-05 9.999999165264392698e-01 -3.967504455862297733e-04 -1.484412970970263590e-01 -7.088891870515227553e-03 3.972930008878703496e-04 9.999747924776974939e-01 7.188554423481606115e+00
9.999687794978086020e-01 3.571612486957770707e-04 7.893516811007411996e-03 -1.334854011552532443e-02 -3.508249254889513318e-04 9.999996105306392380e-01 -8.041030835056604169e-04 -1.733922985529725846e-01 -7.893801636168358213e-03 8.013087379273062076e-04 9.999685199715522277e-01 8.384175603655974029e+00
9.999668671919534901e-01 1.075279545001488305e-04 8.139059331105808273e-03 -8.612563420925515092e-03 -1.125634669348372577e-04 9.999997998241989539e-01 6.182313654061762477e-04 -1.980572663511794840e-01 -8.138991969759893849e-03 -6.191270460007547698e-04 9.999666829838479432e-01 9.593637364855661431e+00
9.999740159084370417e-01 -7.773796242271905797e-04 7.167365527093468025e-03 -7.753342688991774097e-03 7.668688197736326338e-04 9.999986312711910408e-01 1.469121576621373361e-03 -2.225874868440305132e-01 -7.168498378949968337e-03 -1.463586884207697955e-03 9.999732328203720932e-01 1.079388352488285463e+01
9.999860609082750207e-01 -2.018852134829279919e-03 4.879486572734331035e-03 -8.942906058067707359e-03 2.013582217637226689e-03 9.999973797079739768e-01 1.084692219773296515e-03 -2.464409015562284144e-01 -4.881664058701987684e-03 -1.074851961182449536e-03 9.999875093837514717e-01 1.199142559265360930e+01
9.999944497331009208e-01 -1.825933810180267996e-03 2.788509074419469064e-03 -8.893389126067201625e-03 1.824464282886628218e-03 9.999981991330302300e-01 5.294948140095830829e-04 -2.721239938970176353e-01 -2.789471108770003385e-03 -5.244042899364471542e-04 9.999959711338692880e-01 1.318479309586599690e+01
9.999977857542895476e-01 -1.582550565749219233e-03 1.388753918900509886e-03 -1.445327992734506822e-02 1.581846460001461868e-03 9.999986214663834083e-01 5.079846841037989526e-04 -2.973296123176942807e-01 -1.389555935150532532e-03 -5.057866990714243770e-04 9.999989027793273477e-01 1.437591545211064137e+01
9.999999189348903750e-01 2.986002567237524392e-04 2.631840979747390730e-04 -2.502947914996033613e-02 -2.987059298869760345e-04 9.999998713506776937e-01 4.014110429673536972e-04 -3.196308052880462713e-01 -2.630642499172421481e-04 -4.014897414236777060e-04 9.999998897144323218e-01 1.557054556432425763e+01
9.999999691621290765e-01 -6.911497855737143480e-05 2.502436331934723549e-04 -3.173579037165955713e-02 6.900336371426637680e-05 9.999999007833438869e-01 4.460083167584952637e-04 -3.457193259820809939e-01 -2.502744430245314850e-04 -4.459910179715900020e-04 9.999998700545272845e-01 1.677175310616163273e+01
9.999996605509183789e-01 -8.098572423433156439e-04 1.170527233121604956e-04 -3.805750241782614868e-02 8.097399307197076504e-04 9.999991703219013317e-01 9.995997347404628024e-04 -3.699815246453039830e-01 -1.178621725725420626e-04 -9.995046059492714626e-04 9.999994891271805075e-01 1.797036725710252014e+01
9.999989693375825883e-01 -1.204234642011169261e-03 -7.842788009394068265e-04 -4.915805373708881376e-02 1.205096598656877661e-03 9.999986692339504213e-01 1.099483514575682035e-03 -3.925969245428318488e-01 7.829537901983792472e-04 -1.100427540485250915e-03 9.999990914284672128e-01 1.916449540205944047e+01
9.999988426260851826e-01 -1.037858848103141544e-03 -1.109969060497765147e-03 -5.649886923119015053e-02 1.038134385832772434e-03 9.999994353225882815e-01 2.475133371943089196e-04 -4.208899932969463187e-01 1.109711630443497741e-03 -2.486652808183059649e-04 9.999993520513269507e-01 2.036507889742009780e+01
9.999981591109403656e-01 -6.905265189723075198e-04 -1.792204027283959529e-03 -6.343034121112121893e-02 6.892938986335478933e-04 9.999995280636334583e-01 -6.883110687112803079e-04 -4.474025102001328857e-01 1.792678645199123101e-03 6.870745485129533484e-04 9.999981528254265895e-01 2.155442420012627380e+01
9.999962160745377027e-01 -5.866518928459591581e-04 -2.688143778527344631e-03 -7.600192981390996305e-02 5.862177164949935321e-04 9.999998141035701948e-01 -1.623012603074048123e-04 -4.706623049414724869e-01 2.688238761605339037e-03 1.607248464560480231e-04 9.999963698218925501e-01 2.275520090590961075e+01
9.999960444434452533e-01 -4.803815450217307570e-04 -2.771642947927989084e-03 -9.190196227495690817e-02 4.797493346333932783e-04 9.999998541238611649e-01 -2.287419342711765604e-04 -4.952665246608779492e-01 2.771752659123354143e-03 2.274112950913554667e-04 9.999961314326938355e-01 2.395098352279605791e+01
9.999916360485601174e-01 -1.267480498936252422e-04 -4.088667272152625778e-03 -9.910098249417557958e-02 1.226238439958894611e-04 9.999994873216258018e-01 -1.008931668076644373e-03 -5.234197214195084324e-01 4.088793429404926835e-03 1.008421896853006587e-03 9.999911366298144255e-01 2.514798333815235054e+01
9.999895530039640823e-01 4.807716023583310291e-04 -4.545187519486677645e-03 -1.121490976619342189e-01 -4.828531110002980305e-04 9.999997836128902140e-01 -4.568907624084849752e-04 -5.502755568980235434e-01 4.544967183857091461e-03 4.590807499068350365e-04 9.999895633831462627e-01 2.635318785092984584e+01
9.999839567312112099e-01 -9.071589594094823378e-04 -5.591173331409337102e-03 -1.241271501322675358e-01 9.140813138649086372e-04 9.999988190791775367e-01 1.235640751819565676e-03 -5.709345702377535137e-01 5.590046269774195595e-03 -1.240731781093634125e-03 9.999836041896115191e-01 2.754492025600494642e+01
9.999778574922610908e-01 -1.845740406551347936e-03 -6.393196922325454154e-03 -1.386004786963384861e-01 1.856109544441640093e-03 9.999969756691103884e-01 1.616320221827164576e-03 -5.961650232990421960e-01 6.390194699773609800e-03 -1.628150922935652466e-03 9.999782568386288428e-01 2.873923342279949722e+01
9.999741818570531127e-01 -1.994885932653565983e-03 -6.903566532949372003e-03 -1.572881992269744289e-01 1.998805036305034265e-03 9.999978405433482820e-01 5.608397530329958108e-04 -6.239095694581606732e-01 6.902433341896380484e-03 -5.746242930668457810e-04 9.999760175995988654e-01 2.995480417999858602e+01
9.999625602331264629e-01 -2.600005209773204300e-03 -8.253737662049088000e-03 -1.683905520016519275e-01 2.596845649422254224e-03 9.999965481669850220e-01 -3.935060924581870582e-04 -6.459704437482636230e-01 8.254732971707121753e-03 3.720576181846907936e-04 9.999658615998888722e-01 3.114314613379663044e+01
9.999608847750514062e-01 -2.262504777963368890e-03 -8.550624195927435459e-03 -1.868846860054470260e-01 2.258686497423441613e-03 9.999973500073472410e-01 -4.562051955753628168e-04 -6.692352879958337608e-01 8.551634460950589128e-03 4.368742813027208277e-04 9.999633352176016121e-01 3.234842104787695405e+01
9.999511687938147375e-01 -2.732678491279374490e-03 -9.497119540147551733e-03 -2.042436936288980209e-01 2.731758316906926845e-03 9.999962606058403480e-01 -1.098741798636536599e-04 -6.941899968076421512e-01 9.497385123738032522e-03 8.392501108106390287e-05 9.999548906003452586e-01 3.354019488884382127e+01
9.999436597404288696e-01 -2.896740010149837213e-03 -1.021172673927740748e-02 -2.231932648214698667e-01 2.900659454714760079e-03 9.999957262123077006e-01 3.690019386874831978e-04 -7.212592148697640759e-01 1.021061483966067412e-02 -3.986019301782254068e-04 9.999477940472637494e-01 3.474130564948230671e+01
9.999392313027052337e-01 -4.019253436604437041e-03 -1.026507407420977451e-02 -2.432362834794833117e-01 4.021006154249233758e-03 9.999919092939769660e-01 1.500740692937325765e-04 -7.479980694291740173e-01 1.026438885153901741e-02 -1.913407923074603298e-04 9.999472994033182793e-01 3.594256838820437139e+01
9.999318539912566139e-01 -3.593947239452557722e-03 -1.110701097011943320e-02 -2.641426162916530318e-01 3.598416116199159784e-03 9.999934499134419674e-01 3.823681011062707172e-04 -7.688364743138930146e-01 1.110556514204867271e-02 -4.223097961718099563e-04 9.999382460953015750e-01 3.713521067149319066e+01
9.999285454838373610e-01 -4.767720676799556100e-03 -1.096195024742655129e-02 -2.829092636768960611e-01 4.776790803433932607e-03 9.999882729700343420e-01 8.013466802250059692e-04 -7.979491826098085161e-01 1.095800170415286295e-02 -8.536523005064555400e-04 9.999395915461284368e-01 3.834535489471672776e+01
9.999278772778164015e-01 -4.353891585072392802e-03 -1.119296501622524601e-02 -3.003825298442318603e-01 4.376954579703080418e-03 9.999883484856718630e-01 2.036785677358045679e-03 -8.180787740476769265e-01 1.118396764548578587e-02 -2.085629909489922478e-03 9.999352842365121230e-01 3.953858080938741892e+01
9.999321353474772689e-01 -3.880655740522452601e-03 -1.098498368374804801e-02 -3.224467535316170030e-01 3.912823699702974549e-03 9.999881157460580594e-01 2.908356320230368660e-03 -8.425824375733789173e-01 1.097356720624338353e-02 -2.951141314271400577e-03 9.999354289064650292e-01 4.073350768086096707e+01
9.999389912642034917e-01 -3.510948695788852596e-03 -1.047349745068236297e-02 -3.426695857425339775e-01 3.536952036667725171e-03 9.999907064516692090e-01 2.465262112152563894e-03 -8.652649096769341464e-01 1.046474579816734224e-02 -2.502156011325646322e-03 9.999421122841275489e-01 4.194185095462280799e+01
9.999415618550435703e-01 -2.403673104760862579e-03 -1.054047565480090848e-02 -3.637451817012719579e-01 2.429145838040582851e-03 9.999941565443594138e-01 2.404508531781669560e-03 -8.885276966242504626e-01 1.053463509523714162e-02 -2.429972509234887192e-03 9.999415616005974394e-01 4.314145984248769850e+01
9.999544669642811412e-01 8.254318195731526761e-04 -9.506976531573046313e-03 -3.898594320257103840e-01 -7.862835627285840335e-04 9.999911995847110546e-01 4.120853386527849500e-03 -9.057118955486060941e-01 9.510295178392549204e-03 -4.113190672611965332e-03 9.999463134510082618e-01 4.433999373060129301e+01
9.999649314289640323e-01 9.105885154842040859e-04 -8.325127791082184009e-03 -4.080803531221183778e-01 -8.518287820298928864e-04 9.999747216796636140e-01 7.058949209344876630e-03 -9.268947963547762292e-01 8.331345873808865959e-03 -7.051610213443901265e-03 9.999404268913727467e-01 4.553837657185165000e+01
9.999771165174999865e-01 1.382580163040529652e-03 -6.622434023822427497e-03 -4.285309602277184715e-01 -1.318209594028644073e-03 9.999519429147271099e-01 9.714617190714055703e-03 -9.406350339206299704e-01 6.635547588191802876e-03 -9.705665269091215061e-03 9.999308805677732392e-01 4.674620414594467377e+01
9.999902442605737019e-01 1.353610552458297525e-03 -4.203596051275314271e-03 -4.346312098369933263e-01 -1.298950292637679168e-03 9.999149288337041419e-01 1.297882856684346407e-02 -9.490409908295274199e-01 4.220807033819632889e-03 -1.297324185889235301e-02 9.999069369057224099e-01 4.794876386791897716e+01
9.999938631447707893e-01 8.433183201828231990e-04 -3.400030538119072372e-03 -4.496789495526229419e-01 -7.939169705491847277e-04 9.998944779087434176e-01 1.450496661604466081e-02 -9.624918755046806274e-01 3.411904341226281497e-03 -1.450217865607949033e-02 9.998890189464859635e-01 4.914793926304813709e+01
9.999984537965349585e-01 -4.526993609660145490e-04 -1.699823418059485730e-03 -4.545229525601073850e-01 4.747203296349400393e-04 9.999156830926205775e-01 1.297687347258860702e-02 -9.677817451289352224e-01 1.693805682933714621e-03 -1.297766070615270079e-02 9.999143531108447558e-01 5.035154786557021822e+01
9.999999772207331938e-01 1.306510667662911921e-04 -1.735309312885175489e-04 -4.648453362598146121e-01 -1.287120909158825802e-04 9.999380901920159603e-01 1.112683766982141068e-02 -9.822242978473403330e-01 1.749739272832868378e-04 -1.112681582004782649e-02 9.999380825872511425e-01 5.156427414247834662e+01
9.999996209066992492e-01 8.051887258615061851e-04 3.195305277493603246e-04 -4.747489962996557233e-01 -8.085845185578079087e-04 9.999416347373306646e-01 1.077351192595753064e-02 -9.824704071560930174e-01 -3.108372112498669973e-04 -1.077376634209110083e-02 9.999419143559702405e-01 5.276103464652284458e+01
9.999993569580436503e-01 1.761080849705795245e-04 1.118057581225558343e-03 -4.793570172796934870e-01 -1.876900943137559564e-04 9.999462409244815886e-01 1.036747171235223239e-02 -1.004385506843730624e+00 -1.116171738393476574e-03 -1.036767470196717222e-02 9.999456321174751139e-01 5.397450130871085605e+01
9.999998853436071755e-01 -3.316631691059444701e-04 -3.537821393365725214e-04 -4.897971932248218474e-01 3.349763104522867751e-04 9.999557014337293603e-01 9.406429922956002429e-03 -1.018280023282490454e+00 3.506467636296518929e-04 -9.406547498238694571e-03 9.999556932226637551e-01 5.517175805949218415e+01
9.999979673815220238e-01 -1.568172971814985257e-04 -2.011062765157285281e-03 -4.994596498749771518e-01 1.756600953413038168e-04 9.999560581400416259e-01 9.372830068975344930e-03 -1.026698903194054768e+00 2.009504739272896003e-03 -9.373164517154006919e-03 9.999540544784366602e-01 5.637776792438531004e+01
9.999961945184160372e-01 -3.967754872334615119e-04 -2.731196967697601275e-03 -5.059817879371892868e-01 4.257228237834443599e-04 9.999436615562197206e-01 1.060635870256836262e-02 -1.040079212360063510e+00 2.726834984870231404e-03 -1.060748191565713018e-02 9.999400239253644074e-01 5.757638336539859836e+01
9.999904857582689877e-01 -3.248858614883968587e-04 -4.350028513262079247e-03 -5.215116413049833977e-01 3.739379130066430206e-04 9.999363026114467257e-01 1.128020517922585959e-02 -1.051206418459155190e+00 4.346087107240655806e-03 -1.128172463651727457e-02 9.999269116302844651e-01 5.879454257013760099e+01
9.999893767867618077e-01 5.658709593987207341e-04 -4.573544419449625774e-03 -5.327340507987580187e-01 -5.156887119662077095e-04 9.999397373962121138e-01 1.096602328093398103e-02 -1.064666122004054749e+00 4.579474521141426932e-03 -1.096354839289351811e-02 9.999294158170263236e-01 6.000059596786611138e+01
9.999824990643727540e-01 1.115527332430996848e-03 -5.809802894383217856e-03 -5.544183542942164866e-01 -1.053796974105542829e-03 9.999430802759740056e-01 1.061745073331624503e-02 -1.081496190728095996e+00 5.821316842036124845e-03 -1.061114240534062267e-02 9.999267506596535293e-01 6.121007951124602897e+01
9.999850867511655972e-01 -7.315643169688752778e-04 -5.412515327162586640e-03 -5.748605681737156692e-01 7.827088592634624808e-04 9.999550144592640466e-01 9.453220025071894239e-03 -1.109512910191355672e+00 5.405356684208166736e-03 -9.457315676073748192e-03 9.999406687895706636e-01 6.361663052579385180e+01
9.999795753966441714e-01 -4.448720608764532574e-04 -6.376570335286308941e-03 -5.969559352208434477e-01 5.100021675136744408e-04 9.999476851980086956e-01 1.021599273925507222e-02 -1.126386938895212797e+00 6.371692544949974883e-03 -1.021903629260078120e-02 9.999274794053475413e-01 6.482045977042920981e+01
9.999785802360291465e-01 -1.752102876541821071e-03 -6.305939541620898293e-03 -6.059996589649138121e-01 1.826470941651797729e-03 9.999286239294946643e-01 1.180694233561438607e-02 -1.130306823310530229e+00 6.284803020542666790e-03 -1.181820714357120425e-02 9.999104158344763738e-01 6.602228113802237885e+01
9.999757358182297384e-01 -1.280416817389833269e-03 -6.847152295548972027e-03 -6.186623148365828495e-01 1.353470289126685764e-03 9.999421007077383683e-01 1.067518749254694338e-02 -1.151266676567184177e+00 6.833087797707599470e-03 -1.068419566731763568e-02 9.999195734740321528e-01 6.722348073270114810e+01
9.999743359693656908e-01 1.331572767628641692e-03 -7.039397566568205734e-03 -6.440783227069196704e-01 -1.267488672990686174e-03 9.999577846421947580e-01 9.100290062865326254e-03 -1.169234855397949691e+00 7.051218761946742401e-03 -9.091134390133984861e-03 9.999338093884397871e-01 6.841545613030214668e+01
9.999728359010796597e-01 3.238665164334505152e-03 -6.621113131470948363e-03 -6.567298889794110917e-01 -3.176805229800949964e-03 9.999514121594378357e-01 9.332115354902238008e-03 -1.177450990431906375e+00 6.651015503562797936e-03 -9.310827985360795381e-03 9.999345319394830067e-01 6.961288488916704864e+01
9.999682803373879381e-01 4.206438924174859748e-03 -6.762858283512545969e-03 -6.756730916336685100e-01 -4.140418991315465355e-03 9.999439322388404827e-01 9.746696300796442447e-03 -1.192461917437033891e+00 6.803478505417270492e-03 -9.718386177483193805e-03 9.999296274237717830e-01 7.080153775131239513e+01
9.999602494908944594e-01 6.446145689544766251e-03 -6.159551586606559423e-03 -6.969935942665034245e-01 -6.383575423115789640e-03 9.999283734275465907e-01 1.012453479765061150e-02 -1.201023917047519873e+00 6.224375075534170805e-03 -1.008481247993422113e-02 9.999297770815593900e-01 7.199429678271737032e+01
9.999641811174132533e-01 6.481647714985196151e-03 -5.442738064386019002e-03 -7.105677341205075548e-01 -6.421310363408949153e-03 9.999185384140171218e-01 1.103116625067220198e-02 -1.219305461392374390e+00 5.513795297393003607e-03 -1.099582150882476295e-02 9.999243404685698167e-01 7.318061662321831307e+01
9.999583385006829417e-01 8.475549872944946120e-03 -3.388461174157485472e-03 -7.244549641172698395e-01 -8.435665586120086670e-03 9.998969401753676767e-01 1.161669652497879929e-02 -1.227158329390405811e+00 3.486570127891399761e-03 -1.158762860997641919e-02 9.999267813239497427e-01 7.437241401812943309e+01
9.999754194938043073e-01 7.006538130003122505e-03 -2.547737088335734566e-04 -7.362021732567382015e-01 -7.003615758122339573e-03 9.999247053055809742e-01 1.007671290884131626e-02 -1.241143684524862678e+00 3.253574328499939886e-04 -1.007468057773746456e-02 9.999491952006150930e-01 7.555047927874005609e+01
9.999883993616142108e-01 4.493345060637294816e-03 1.737831475563105400e-03 -7.353424030624741148e-01 -4.502068407077689828e-03 9.999771182943900660e-01 5.048575784451106094e-03 -1.272959181686651453e+00 -1.715106898957356133e-03 -5.056341098666190456e-03 9.999857423439960646e-01 7.672558896538711792e+01
9.999740828078518273e-01 5.537236574938315774e-03 4.602392919723693326e-03 -7.413200423839085840e-01 -5.554493248340948257e-03 9.999775630987262076e-01 3.745121693285428325e-03 -1.284893329919352345e+00 -4.581552460135514780e-03 -3.770588608172927882e-03 9.999823940934221556e-01 7.790648284224998577e+01
9.999622176691094211e-01 4.898959079118241078e-03 7.181340402176353450e-03 -7.434593543103190649e-01 -4.951899674959014085e-03 9.999605633730404008e-01 7.372773437399507239e-03 -1.298020207128169901e+00 -7.144938818373934575e-03 -7.408056192880662499e-03 9.999470289578503701e-01 7.908981539023181995e+01
9.999377581492694400e-01 3.779876798156773035e-03 1.049681520586149934e-02 -7.310223526421238960e-01 -3.874062225437463567e-03 9.999522888909654350e-01 8.966950307670801604e-03 -1.315027867823869823e+00 -1.046242160039242454e-02 -9.007057794277958246e-03 9.999047029597653014e-01 8.025344804246128660e+01
9.998734066318688551e-01 5.059717734169592342e-03 1.508572804708246257e-02 -7.206880528030377153e-01 -5.171289522640162839e-03 9.999594955131767549e-01 7.366008223094230867e-03 -1.328035782579421342e+00 -1.504784822464660769e-02 -7.443088453082172956e-03 9.998590678549548194e-01 8.142535467182578657e+01
9.998298128911394800e-01 3.560885686997168533e-03 1.810170454287138991e-02 -7.085291916008056301e-01 -3.640091876343743912e-03 9.999839357784005012e-01 4.344541043340794002e-03 -1.347517242052577391e+00 -1.808594452597048208e-02 -4.409693642015707210e-03 9.998267113304603049e-01 8.258449442857768474e+01
9.997536171307255248e-01 3.147029070078564018e-03 2.197275603655830800e-02 -6.893863499330461497e-01 -3.164624261164010986e-03 9.999946973540688733e-01 7.660371432467360988e-04 -1.373005682383121817e+00 -2.197023066926781856e-02 -8.353839672450050994e-04 9.997582755152060185e-01 8.375030953479696905e+01
9.996883771570364008e-01 2.139559223971441732e-03 2.487118753353689815e-02 -6.695727195996115100e-01 -2.139806125875267414e-03 9.999977106778062952e-01 -1.669366676928308094e-05 -1.399388591478577304e+00 -2.487116893894268654e-02 -3.653100877775095962e-05 9.996906621651576730e-01 8.491231695810546398e+01
9.994692745955204849e-01 2.755753697963374271e-03 3.245875093826410679e-02 -6.067342254329408657e-01 -2.822782729378761624e-03 9.999939727825936098e-01 2.019402366182117183e-03 -1.443517970430171049e+00 -3.245299403212559275e-02 -2.109954613862833218e-03 9.994710326218863017e-01 8.724934395684176991e+01
9.993591474361770421e-01 2.577691923575143457e-03 3.570233462704094918e-02 -5.757981905106577258e-01 -2.587458140761983178e-03 9.999966255800549764e-01 2.273363614604155471e-04 -1.472721883849436919e+00 -3.570163091077054734e-02 -3.195690156068379953e-04 9.993624469837681934e-01 8.839990578432045254e+01
9.992091956293103205e-01 2.541000360201932373e-03 3.968033946057614864e-02 -5.341352014483734534e-01 -2.451847797289153589e-03 9.999943611847927905e-01 -2.295276679902706358e-03 -1.498726159895439780e+00 -3.968595190008919471e-02 2.196171461832624894e-03 9.992097931858973103e-01 8.955336243968136500e+01
9.990852744708025313e-01 2.358059853879038246e-03 4.269721612845714387e-02 -4.923953768162951383e-01 -2.243349027353605876e-03 9.999937436552046588e-01 -2.734328002704586400e-03 -1.520431810734653277e+00 -4.270340022014391945e-02 2.636042150438966305e-03 9.990843118739931583e-01 9.069347828668617240e+01
9.989609919319315523e-01 1.180721434007718463e-03 4.555804612829837674e-02 -4.461932339999328256e-01 -1.112807225322536833e-03 9.999982344851265914e-01 -1.516051405634418229e-03 -1.548689609312446036e+00 -4.555975906683814441e-02 1.463778919261418936e-03 9.989605435829420621e-01 9.184474887985933833e+01
9.988156168379028754e-01 -1.295339670031481639e-04 4.865541155735293027e-02 -3.979224212837174091e-01 1.312109270572309346e-04 9.999999918283581923e-01 -3.127189234618852449e-05 -1.572578216790147199e+00 -4.865541128245756686e-02 3.761905323288104822e-05 9.988156213337391343e-01 9.300283124333486739e+01
9.987094677711690904e-01 -7.636945281175051142e-04 5.078202728118162007e-02 -3.413618097661552109e-01 6.840475738980143078e-04 9.999985092059155978e-01 1.585770938852460420e-03 -1.593309450792901094e+00 -5.078316711902639002e-02 -1.548987071435201654e-03 9.987085030229155835e-01 9.415766612810556069e+01
9.985427435326650336e-01 -2.257871408478244989e-03 5.391928740137264670e-02 -2.849767847183375391e-01 2.120734482495219547e-03 9.999943705303432351e-01 2.600456562352006663e-03 -1.613196749868000657e+00 -5.392485995650236202e-02 -2.482318478061930171e-03 9.985419059369919914e-01 9.531681824005941905e+01
9.984408791183947418e-01 -3.220452778957143963e-03 5.572642007375799150e-02 -2.250144538384132031e-01 3.187390963861233897e-03 9.999946909873291823e-01 6.821632921656433030e-04 -1.640121466492579172e+00 -5.572832496953295661e-02 -5.034777022929555652e-04 9.984458398942763768e-01 9.646509488049596825e+01
9.983135505878281135e-01 -4.310615990693349685e-03 5.789183835886077545e-02 -1.660800186107527776e-01 4.486910447412401602e-03 9.999856850182151646e-01 -2.915590430194698462e-03 -1.667932941268322367e+00 -5.787844639855114354e-02 3.170429054309882762e-03 9.983186043939569210e-01 9.762976196810444662e+01
9.981597160920713252e-01 -3.594654282716378164e-03 6.053309267868569460e-02 -1.032491089828498770e-01 3.947394834499997653e-03 9.999759135099082208e-01 -5.708654555093049289e-03 -1.691659588884934173e+00 -6.051111955283304533e-02 5.937097148003737425e-03 9.981498703980207221e-01 9.878601861767793935e+01
9.980921389241819153e-01 -3.524746583487313196e-03 6.164136603414775012e-02 -3.609062632782178426e-02 3.949970056997103782e-03 9.999692336875285470e-01 -6.777843744135528779e-03 -1.718690497363851044e+00 -6.161558435556480778e-02 7.008394364912643761e-03 9.980753473882897353e-01 9.996742813389768401e+01
9.980231248415016854e-01 -3.423180425242310608e-03 6.275448769743995070e-02 2.781012414446934825e-02 3.815497955800726052e-03 9.999739171260960680e-01 -6.132849211183701715e-03 -1.747363405153883331e+00 -6.273186263098644300e-02 6.360165158545962039e-03 9.980101480324023999e-01 1.011297056918964472e+02
9.980917821526087419e-01 -3.570210403559915830e-03 6.164459001792735315e-02 9.175554114905130898e-02 3.847359663973815014e-03 9.999830168233807548e-01 -4.377807890398222219e-03 -1.775075039299210511e+00 -6.162791784747238127e-02 4.606623079050270464e-03 9.980885610240110006e-01 1.023104114713269155e+02
9.981649940963317480e-01 -4.226897817355089286e-03 6.040508328766162893e-02 1.609563015353785431e-01 4.407186614318342292e-03 9.999862189522417122e-01 -2.851738888507910838e-03 -1.804902107355500052e+00 -6.039220210079183221e-02 3.112722463546512865e-03 9.981698669514268429e-01 1.034974247254548629e+02
9.982550020801835844e-01 -3.848298315347845923e-03 5.892480334023640631e-02 2.224486585190326438e-01 3.972002580642840751e-03 9.999901423184294202e-01 -1.982371609688368501e-03 -1.826836409704220232e+00 -5.891659838421822032e-02 2.212961956346292357e-03 9.982604556013872088e-01 1.046719038324667537e+02
9.984265908320667515e-01 -3.709076374299743930e-03 5.595169374722778338e-02 2.800282434226671890e-01 3.799767056835827179e-03 9.999916319781744223e-01 -1.514573774132587421e-03 -1.855329080844370093e+00 -5.594561266030675939e-02 1.724794164446274286e-03 9.984323271897590502e-01 1.058792502326897988e+02
9.985589126819539585e-01 -2.897052525900148737e-03 5.358833695497697974e-02 3.413399256055133502e-01 2.982990485654324949e-03 9.999943879702013483e-01 -1.523752353728677171e-03 -1.877998142943623217e+00 -5.358362604374763971e-02 1.681410060974173129e-03 9.985619493478449238e-01 1.070703471346052993e+02
9.987839431300987725e-01 -1.380774061093523013e-03 4.928222037403072464e-02 3.908821826091056773e-01 1.479622256745736749e-03 9.999969666832599913e-01 -1.969330724203586461e-03 -1.900377884535598305e+00 -4.927935654835415014e-02 2.039855097591994088e-03 9.987829501866415383e-01 1.082893260513112352e+02
9.989636345441708087e-01 -1.572094839471154925e-03 4.548822293800719452e-02 4.343166226552096498e-01 1.653526598718979557e-03 9.999970988104304181e-01 -1.752596667229726476e-03 -1.928370026270299409e+00 -4.548533999277613177e-02 1.825996441063663977e-03 9.989633366453990471e-01 1.094915472967225583e+02
9.991175819479959364e-01 -9.874606403118041300e-04 4.198910777590456056e-02 4.795665100397200620e-01 1.019734117404329753e-03 9.999992008255602638e-01 -7.472030706947549493e-04 -1.946878557428329826e+00 -4.198834041117063820e-02 7.893615287986988733e-04 9.991177872264439541e-01 1.106864207909951006e+02
9.993092248435833103e-01 -6.728756595532053159e-04 3.715659769963755577e-02 5.143380537858931456e-01 6.615556448071088346e-04 9.999997336875312559e-01 3.169549889296020416e-04 -1.976049269521641616e+00 -3.715680378740494200e-02 -2.921547852336738005e-04 9.993094014688858051e-01 1.119241729213939180e+02
9.994484426789215226e-01 -6.024666135966460015e-04 3.320323396064427113e-02 5.525913052905757628e-01 5.760430940216311252e-04 9.999995142121773650e-01 8.053732487937403451e-04 -1.999710085562776740e+00 -3.320370582834912543e-02 -7.858024558042032417e-04 9.994482931089015976e-01 1.131192883100384279e+02
9.996077047657406789e-01 -3.373069412758634587e-05 2.800775256755134307e-02 5.796106605135978862e-01 2.075918569983336556e-07 9.999992882903366853e-01 1.196927240367689051e-03 -2.024553266924855155e+00 -2.800777515027421880e-02 -1.196451718480563524e-03 9.996069869439229150e-01 1.143611858074957723e+02
9.997307523548096819e-01 1.046416436580744529e-03 2.318054792550984164e-02 5.999879983049848375e-01 -1.072224672017116744e-03 9.999988155957069136e-01 1.100947384338558065e-03 -2.044917116866666884e+00 -2.317937048082296600e-02 -1.125505764499658409e-03 9.997306920494838378e-01 1.155837522231243213e+02
9.998227664784226087e-01 1.574702215621046498e-03 1.876043529723529432e-02 6.132806369204009123e-01 -1.587099721021238176e-03 9.999985310202164079e-01 6.459570767818827814e-04 -2.069927539520967752e+00 -1.875939223313660004e-02 -6.756173337339892214e-04 9.998238025013612695e-01 1.167931312748965667e+02
9.999093278979130917e-01 2.331286434223176635e-03 1.326247962099182283e-02 6.212335863746669684e-01 -2.333192447296636354e-03 9.999972655194675486e-01 1.282304656215359131e-04 -2.093754567240400100e+00 -1.326214542392333343e-02 -1.591627521921764026e-04 9.999120365826197343e-01 1.180372480582662433e+02
9.999373519798983034e-01 4.101880514872126293e-03 1.041472168539397253e-02 6.267660458907430288e-01 -4.100038996755732933e-03 9.999915781321471187e-01 -1.981823978112001673e-04 -2.118639463004952983e+00 -1.041544809740815002e-02 1.554692088622805642e-04 9.999457498879547046e-01 1.192498349103815229e+02
9.999491323338360882e-01 6.483305619444306583e-03 7.726737708826520064e-03 6.205565063658750047e-01 -6.482776547723697984e-03 9.999789834871554151e-01 -9.357331922382314986e-05 -2.138288646297375806e+00 -7.727182592924855022e-03 4.347786054293552532e-05 9.999701441790086465e-01 1.204996484659174882e+02
9.999505318865820058e-01 7.366066785606703061e-03 6.683816265728075370e-03 6.240666342600121874e-01 -7.365654992167648511e-03 9.999728677802288690e-01 -8.630072292438613606e-05 -2.167624958426396020e+00 -6.684271184499895706e-03 3.706573558493890573e-05 9.999776603331892444e-01 1.217425507169262460e+02
9.999340783325587623e-01 9.447058521781718024e-03 6.526518871529181538e-03 6.215455280585538977e-01 -9.446050478842114503e-03 9.999553629148710820e-01 -1.853653229289457349e-04 -2.190382815546707995e+00 -6.527979303634367375e-03 1.237031580255686146e-04 9.999786887525703438e-01 1.229630238697771318e+02
9.999284516235045217e-01 1.099459890477865256e-02 4.713586275719234414e-03 6.124391672185796054e-01 -1.099840855898975150e-02 9.999392051720971120e-01 7.828332840558994933e-04 -2.212743071876357437e+00 -4.704693094721163447e-03 -8.346192742208015424e-04 9.999885832043986511e-01 1.242246513400779122e+02
9.999272262301589498e-01 1.105815818994118800e-02 4.821994111975698265e-03 6.144866621278641805e-01 -1.106488878163969583e-02 9.999378378366661213e-01 1.371322715485758870e-03 -2.240582147901465149e+00 -4.806530445270787953e-03 -1.424577840187906666e-03 9.999874359331749618e-01 1.254478570549901946e+02
9.998913602167363024e-01 1.440043748874040956e-02 3.145771156979750710e-03 6.035556720740085090e-01 -1.441013343217461412e-02 9.998914237395400972e-01 3.081445349495687963e-03 -2.261292716003842962e+00 -3.101055640304160085e-03 -3.126441613200092035e-03 9.999903060437238533e-01 1.267204927481132586e+02
9.998721740195141150e-01 1.582388474845397922e-02 2.290971848560625565e-03 5.928292453765131587e-01 -1.583764523896027260e-02 9.998558599357431076e-01 6.117778061998274501e-03 -2.268773724682565440e+00 -2.193834766776767923e-03 -6.153279883298425068e-03 9.999786660447432807e-01 1.279752850961693582e+02
9.998946614579348191e-01 1.423466497888935950e-02 2.834835755579578030e-03 5.964157568239869533e-01 -1.425254334133443587e-02 9.998780118603900480e-01 6.389229608684515727e-03 -2.293229129397986288e+00 -2.743541669764504223e-03 -6.428960314953818291e-03 9.999755666816756428e-01 1.292057266097602906e+02
9.998929383299018925e-01 1.455626501412727279e-02 1.490482446228858556e-03 5.842548686814030834e-01 -1.456322516298687482e-02 9.998825749094331083e-01 4.770243175440030958e-03 -2.313349814139003424e+00 -1.420870590706085684e-03 -4.791438779062036531e-03 9.999875067606652790e-01 1.304829574574381184e+02
9.999259792573007566e-01 1.206702984955382654e-02 1.556387223396644938e-03 5.857810116666938294e-01 -1.207513467360949583e-02 9.999130074748274755e-01 5.306980243100376839e-03 -2.326409201934301230e+00 -1.492212461932661098e-03 -5.325381079210014107e-03 9.999847032678720327e-01 1.317266625591712454e+02
9.999594087016459021e-01 9.000001932192915402e-03 -4.190148615640023212e-04 5.834075621597052397e-01 -8.996663367906620329e-03 9.999322597978045346e-01 7.385188910055492766e-03 -2.349526227778463205e+00 4.854532261563447929e-04 -7.381119585799522827e-03 9.999726415005497637e-01 1.329969788815483298e+02
9.999792444173509764e-01 6.413130686123694711e-03 -6.120631773955908768e-04 5.755033526595146887e-01 -6.407290980282224699e-03 9.999379797752221410e-01 9.109048469093420156e-03 -2.358593482673160047e+00 6.704427824366714864e-04 -9.104937974881727875e-03 9.999583258074269398e-01 1.342602504744021701e+02
9.999929055854069881e-01 3.758362302067681533e-03 2.335082865505689459e-04 5.710867270323943812e-01 -3.760576199340365678e-03 9.999394672417774022e-01 1.034054434017817915e-02 -2.371033072067471714e+00 -1.946306569724084122e-04 -1.034134883556604191e-02 9.999465071728157461e-01 1.355058182893821197e+02
9.999998711639072058e-01 2.292095939026913968e-04 -4.536507398460402755e-04 5.661672966572582899e-01 -2.252170219408802603e-04 9.999614146432624917e-01 8.781605428755369369e-03 -2.394936002719407764e+00 4.556461256001315130e-04 -8.781502289346009016e-03 9.999613341928306198e-01 1.367933002165651146e+02
9.999975871205176725e-01 -2.162483918322603491e-03 3.877473313697953452e-04 5.638949345573790461e-01 2.159568803483591024e-03 9.999705268675020964e-01 7.367245056317294274e-03 -2.401397349188332253e+00 -4.036674812975089236e-04 -7.366390106161520117e-03 9.999727860119806966e-01 1.380468789931432809e+02
9.999915366930383076e-01 -4.082075682276566954e-03 -5.132742185667343512e-04 5.642300172797102276e-01 4.085788885687724470e-03 9.999638728141031496e-01 7.453712196236201258e-03 -2.423981666505683918e+00 4.828291008009414817e-04 -7.455746423376546569e-03 9.999720904928587339e-01 1.393370406437139764e+02
9.999919006079426298e-01 -4.023899778334108154e-03 -9.002918404502545065e-05 5.607969015805884805e-01 4.024459953703538213e-03 9.999640468824825268e-01 7.463828808767084162e-03 -2.435099089034951092e+00 5.999225315819384138e-05 -7.464130838160511726e-03 9.999721425095750016e-01 1.406069182137328824e+02
9.999926373410222835e-01 -3.576797023322475077e-03 1.387520130406890307e-03 5.544909979128129773e-01 3.563607786969082668e-03 9.999495222026928420e-01 9.394613004380679422e-03 -2.453528298500844418e+00 -1.421052886249250108e-03 -9.389599507311835111e-03 9.999549104562850399e-01 1.418804967978116451e+02
9.999980398379415547e-01 -1.419576353674623743e-03 1.383754117478767443e-03 5.442399526151213696e-01 1.404437219992542112e-03 9.999398159837112887e-01 1.088092910598050141e-02 -2.461032224340904406e+00 -1.399117279537506059e-03 -1.087896429464419931e-02 9.999398441783475810e-01 1.431601706135892016e+02
9.999935815581735277e-01 -3.017968159280269742e-04 3.570432332392532455e-03 5.342867995590113717e-01 2.752428857442712549e-04 9.999723157920029637e-01 7.435313203919076755e-03 -2.496260621344104536e+00 -3.572577775128290938e-03 -7.434282900127767851e-03 9.999659826498238369e-01 1.457095088895052299e+02
9.999942875142014964e-01 -8.051234979751831526e-04 3.282996707902957004e-03 5.317489342826507981e-01 7.876369915424062109e-04 9.999855134567009474e-01 5.324203933038983323e-03 -2.512327294612679562e+00 -3.287236091145259980e-03 -5.321587800234383117e-03 9.999804390290978340e-01 1.469799049695357667e+02
9.999892086445930639e-01 -1.939921154883736745e-03 4.220465723035284923e-03 5.267337613395077778e-01 1.934251156935000047e-03 9.999972234113744252e-01 1.347152300338249611e-03 -2.540449323168532114e+00 -4.223067730236396145e-03 -1.338974331837175947e-03 9.999901879440328267e-01 1.482517214764426967e+02
9.999913999221634597e-01 -1.179426297051395329e-03 3.974921717998338051e-03 5.308527553679260880e-01 1.188766260005287220e-03 9.999965348376719243e-01 -2.348146139845103553e-03 -2.564971286987448362e+00 -3.972138872211471508e-03 2.352851195566589820e-03 9.999893452401649174e-01 1.495213589705809341e+02
9.999899428234003684e-01 -1.617047223097298160e-03 4.182665236147492527e-03 5.278129290261915907e-01 1.631048354586930524e-03 9.999930735713962182e-01 -3.346134187694393188e-03 -2.596970508887640250e+00 -4.177225830686144559e-03 3.352922738184075865e-03 9.999856536052037503e-01 1.507992082622679959e+02
9.999857372238426523e-01 -2.498473382838608224e-03 4.720702416956970918e-03 5.266036686461764704e-01 2.512218535762570683e-03 9.999926131276355434e-01 -2.907954369493520336e-03 -2.629007305555061791e+00 -4.713402526147257923e-03 2.919772291827728381e-03 9.999846296485221941e-01 1.520658913362175326e+02
9.999896108089703084e-01 -1.445130727705130295e-03 4.324089854567171078e-03 5.249243408002851607e-01 1.456023851687455019e-03 9.999957722528681758e-01 -2.517064741089211112e-03 -2.657491933489279923e+00 -4.320434482145746671e-03 2.523334652188255998e-03 9.999874869381618625e-01 1.533287553850195479e+02
9.999884786387329694e-01 -9.437660904938006750e-04 4.707107825841051231e-03 5.227880868111501877e-01 9.501688811938788660e-04 9.999986306103439970e-01 -1.358168007151324113e-03 -2.689047838617292463e+00 -4.705819941479890550e-03 1.362624952228700835e-03 9.999880007509232005e-01 1.545979261513267886e+02
9.999924976300716972e-01 -4.612342998101640903e-04 3.844854780996014368e-03 5.195551622531014990e-01 4.648149535936984427e-04 9.999994603841032559e-01 -9.304107161029637153e-04 -2.715550512472446609e+00 -3.844423923546444639e-03 9.321909687989226537e-04 9.999921719858252400e-01 1.558629806654858498e+02
9.999951959632749077e-01 -5.635496957458666175e-06 3.098688408168503820e-03 5.138505836023400386e-01 8.895464221221081866e-06 9.999994441222497255e-01 -1.052031402009299694e-03 -2.744429520489122698e+00 -3.098681081357557675e-03 1.052053852667902490e-03 9.999946499144758416e-01 1.571402158415288852e+02
9.999947340095131088e-01 1.597982777538901769e-04 3.241657005579559603e-03 5.077112468868683059e-01 -1.568097248067428862e-04 9.999995598477603442e-01 -9.221754580632704869e-04 -2.772216611377431139e+00 -3.241803196763767304e-03 9.216623194593955275e-04 9.999943161427267135e-01 1.583968521993493255e+02
9.999978969027614184e-01 -4.700454406044482069e-04 1.998613903445474894e-03 5.025769367828474277e-01 4.696541598833467554e-04 9.999998672575473035e-01 1.961915126426527398e-04 -2.799081483280946081e+00 -1.998705963349590563e-03 -1.952525183851070367e-04 9.999979858396914612e-01 1.596722512174871156e+02
9.999979521050513798e-01 1.555746082342355585e-04 2.016163361903378429e-03 5.017459301814508610e-01 -1.565228338361092397e-04 9.999998798729321514e-01 4.702022655385091178e-04 -2.826363051427935424e+00 -2.016090157055075004e-03 -4.705168598745153199e-04 9.999978580220165725e-01 1.609272604342323802e+02
