1.0 0.0 0.0 8.673617379884035e-19 0.0 1.0000000000000002 1.734723475976807e-18 1.3877787807814457e-17 2.0328790734103208e-20 0.0 1.0 0.0
0.9999980672686136 0.0007272693033671083 0.001825802440094525 -0.005540199184868068 -0.0007264268488664342 0.9999996320265614 -0.0004620293734224016 -0.026730410138572053 -0.0018261380225592474 0.00046070215754002997 0.9999982307048253 1.1991297276419832
0.9999940395448774 0.0010910284885287044 0.003276798846560101 -0.009869823485246005 -0.0010910349397896812 0.9999994038234593 1.3300857621811185e-07 -0.04461544168140444 -0.003276797071562565 -3.708059695060363e-06 0.9999946266316636 2.3994242374608454
0.9999903554810872 0.00036642939132184617 0.004376008062298094 -0.013593249424855642 -0.00036812178932627004 0.9999998550541094 0.0003859400689759972 -0.06955762026123453 -0.004375866395920951 -0.00038754727176664675 0.9999903494648037 3.598045061425341
0.9999867942200651 0.00015019645171861565 0.005137604085847616 -0.011987252118163844 -0.0001532722695968304 0.9999998111851499 0.0005982940307874907 -0.09531072326390146 -0.00513751373504987 -0.0005990735807792427 0.9999866245947852 4.795533577677695
0.9999800701575469 0.00026535263268845886 0.006307964919151734 -0.009725269994139906 -0.00026640260247758757 0.9999999514567453 0.00016560858698414296 -0.11732936939698736 -0.0063079212029693655 -0.00016728570477205634 0.9999800883857082 5.98941375006591
0.9999744985235652 -0.0002932771185337642 0.007135093297273459 -0.010974945725608476 0.00029580112535328336 0.9999998987652018 -0.00035267235440743314 -0.14808988659126487 -0.007134989721268394 0.0003547739991738826 0.9999744827112328 7.193557518313117
0.9999678252915827 0.00041500388819724725 0.008011001668099933 -0.009460323952558454 -0.0004091844416522581 0.9999996480833677 -0.0007280675029826952 -0.17053383210090114 -0.008011301630573247 0.0007247660752029463 0.9999676466250497 8.385985981703854
0.9999665771199643 5.453795457636794e-05 0.008175250493177454 -0.005270668136825219 -5.9588164533996846e-05 0.999999807188313 0.0006175074096099395 -0.19754711564610855 -0.008175216012965565 -0.0006179739841887192 0.9999663956917229 9.59123822516577
0.9999733278058025 -0.0009304375490826354 0.007243887931831011 -0.0051625173899429114 0.0009201238334469704 0.999998562161935 0.0014270058020775574 -0.21914643691492372 -0.007245205872463198 -0.0014203023222722141 0.9999727400322628 10.792339310037157
0.9999853074413654 -0.002290434953815262 0.004913919667396742 -0.008192957516129681 0.002284613210786556 0.9999966850410106 0.001190044215980758 -0.24576181182274182 -0.004916629411381659 -0.0011788003092985163 0.9999872175176241 11.988288203725478
0.999994138287212 -0.002025938332371219 0.0027603572455338985 -0.01226919366110528 0.0020242205453776217 0.9999977578636978 0.0006249965873836626 -0.26864251722086374 -0.0027616174561638303 -0.0006194053205419549 0.9999959938490904 13.184462384413088
0.9999971818648561 -0.0016321270730030495 0.001721858212641646 -0.017418115696964036 0.001630850396054968 0.9999983921569702 0.0007426472625480952 -0.2955523493718217 -0.0017230676962164688 -0.0007398371792764202 0.9999982459781737 14.374120725539045
0.9999998991755582 -0.00018875364922641205 0.0004086426598000125 -0.024486725946314104 0.00018863958670461804 0.9999999404244305 0.00027904990467561477 -0.31696642456081786 -0.0004086953501901328 -0.0002789728671229747 0.9999998804000114 15.567081278329878
0.9999998884692501 -0.0003127295655957277 0.0003548864796111645 -0.03035492201741666 0.00031249060594933185 0.9999997212010312 0.0006730625263710287 -0.34272792608333336 -0.0003550969018090402 -0.0006729516071680907 0.9999997103297189 16.76644020091715
0.9999994599612919 -0.0010089249171082483 0.000235838380697662 -0.03815555948591464 0.001008754666046439 0.9999992298233603 0.0007215482428312341 -0.3709241700822312 -0.00023656621329832064 -0.00072130996490686 0.9999997102153478 17.971113449203088
0.9999983612457332 -0.0016587457879241275 -0.00072486305569716 -0.04474843999488691 0.0016596670055088218 0.9999978104218992 0.0012719600851574574 -0.39162366754905464 0.0007227516733221886 -0.001273161049929388 0.9999989283323681 19.163675505077396
0.9999984623649528 -0.0014727379978536834 -0.0009488471415440692 -0.055956607566268655 0.0014729606446734853 0.9999988873046045 0.00023391823007231586 -0.41510206218957446 0.0009485016592437816 -0.00023531546748399926 0.9999995203304428 20.359790538671337
0.9999978172746625 -0.0010732173278234633 -0.0017949852918206677 -0.06262886666126449 0.0010718361824628014 0.9999991336974766 -0.0007702236102459818 -0.44391257185657107 0.0017958105164214847 0.0007682981089933523 0.9999980890278609 21.549363366534863
0.9999965082814528 -0.0008298287988950789 -0.002510150548605306 -0.07755053454310874 0.0008296575060918266 0.9999996552252856 -6.929416249005105e-05 -0.46671309702048663 0.0025102074122248237 6.721138649963196e-05 0.9999968464932618 22.74246649576478
0.9999955027615828 -0.0007361034900512028 -0.0029070327897194933 -0.0863029881136714 0.0007352886556984918 0.9999996908707601 -0.00028137916423769463 -0.4933605875192007 0.002907239251873738 0.0002792403856346432 0.9999957363676573 23.96097604904898
0.9999919678343908 -0.0002852457976144059 -0.003998576381810863 -0.09607183076040705 0.0002813751540534891 0.9999994892848669 -0.0009685180292627119 -0.5212644088389411 0.0039988509573659365 0.0009673851636693787 0.9999915328807426 25.146039455229708
0.9999903640509256 7.909273352948651e-05 -0.004390256864058608 -0.1060299279503774 -8.100485325571866e-05 0.9999999041148523 -0.00043535151585469885 -0.5459980151330888 0.0043902223392192335 0.00043570293955081784 0.9999902718342221 26.358550746110907
0.9999827485981713 -0.001235186448930086 -0.005743247740196471 -0.11859435009915462 0.001243444310962418 0.9999982015943922 0.0014344809365591082 -0.5658483675424537 0.005741465990057974 -0.0014415976349555467 0.9999824798074367 27.550036926570744
0.9999767717327698 -0.0020229561408018817 -0.006509291570396503 -0.13379959311916426 0.0020337769687059247 0.9999965610119396 0.001656163156430135 -0.5933554403515391 0.006505919347474391 -0.00166936317641343 0.9999774472552907 28.742730895456877
0.9999749087568907 -0.0024658904272757036 -0.006640535136595436 -0.14947658716296802 0.002470524559762946 0.9999967114997699 0.0006897189727012622 -0.6153761505153205 0.006638813124915316 -0.0007061072281873224 0.9999777097433394 29.94617606919853
0.9999632668260288 -0.0027438780863169527 -0.008119919933204675 -0.16317287476399162 0.0027403334394309614 0.999996146440263 -0.00044765752518850614 -0.6413533585698695 0.008121117632268937 0.00042538977062530747 0.9999669367337083 31.139236345866006
0.999962481674372 -0.002689338483567735 -0.008234131000231546 -0.18041352590281556 0.0026851956745053886 0.9999962604474176 -0.0005141585525536129 -0.6623048636711565 0.00823548363398198 0.0004920289712901822 0.9999659678782103 32.344302283343275
0.9999511985536542 -0.003050105228988024 -0.00939684677580313 -0.20220620005871787 0.0030503199023361894 0.9999953489883627 8.492359646565702e-06 -0.689921601450557 0.009396777918764084 -3.7155372700306034e-05 0.9999558524579831 33.52872874967284
0.9999442715022244 -0.0032872948823310967 -0.010032035435169888 -0.21957714500491365 0.0032890611750354994 0.9999945752555833 0.00015955104590292465 -0.7157267886279914 0.0100314569610163 -0.00019253815723806102 0.9999496632421926 34.73453034154845
0.999938716406692 -0.004402189514118264 -0.010157771308918729 -0.2358345407251583 0.0044045029431755405 0.9999902770953782 0.00020536679278495597 -0.7440733245078658 0.010156769111169675 -0.000250094154477706 0.9999483864979303 35.943414988241095
0.9999302333305125 -0.0036725612150664347 -0.011227219156672574 -0.2597693793752836 0.003673492114317241 0.9999932468602959 6.228959546111107e-05 -0.7669795756632521 0.011226915679025156 -0.00010352839780379455 0.9999369698091919 37.131716071754674
0.9999294701944356 -0.005139512360445562 -0.010707353171353589 -0.27901893018628926 0.005146771597731677 0.9999865450468137 0.0006504884120711769 -0.7930569549639752 0.010703866935949932 -0.000705550854000982 0.9999424647587511 38.342280579816844
0.9999292326050617 -0.004514658369504355 -0.01100690896934214 -0.2983017388936103 0.004533670504491802 0.9999882768691296 0.0017029244411545371 -0.8142903548406883 0.010999092246948271 -0.0017527056798422105 0.9999379705258088 39.53760627192903
0.9999304998205658 -0.004052015714682393 -0.011071622656401438 -0.3209490740307087 0.0040823333593946794 0.9999879751642333 0.002717077435579598 -0.8393124742470461 0.011060480735197288 -0.0027620867203031326 0.9999350150152009 40.74015244362328
0.9999402919744619 -0.0036467460861201876 -0.010300871746782587 -0.33609801751652474 0.00367042091516942 0.9999906600288511 0.002280342087190917 -0.8621280699928442 0.01029246052867454 -0.002318014664007605 0.9999443479966867 41.94174923290413
0.9999434408296742 -0.00230281321550982 -0.01038354957102127 -0.3604793058154448 0.0023270026318444152 0.9999946073819259 0.002318105116296646 -0.8862680599744175 0.010378155566856914 -0.002342136566243925 0.9999434017883999 43.14313098307637
0.9999532791627802 0.0005788663490645992 -0.009649279218500261 -0.3835202492157288 -0.0005434233468390517 0.9999930943009708 0.003675354851384223 -0.902071713030947 0.009651340962529514 -0.0036699395032642225 0.9999466865362491 44.33966549314318
0.999964552594531 0.0005552147880433945 -0.008401498782958771 -0.40177288575981646 -0.0004993687553246206 0.999977774395575 0.006647800491737676 -0.9239771791545168 0.008405003697754978 -0.006643369658911109 0.9999426130098942 45.529150999531936
0.9999766751858096 0.001235849650563732 -0.006717836310335556 -0.4207638092281694 -0.0011719971801312304 0.9999541829441523 0.009500575257142402 -0.9387836658706894 0.006729270413169773 -0.009492480582892674 0.9999323018700386 46.733896396538675
0.999989799711923 0.001091486802081482 -0.0043822223102741725 -0.43273753054658215 -0.0010356987233639016 0.9999186562404254 0.012712699021400299 -0.9493472777562978 0.004395741973317172 -0.012708030719633244 0.999909584047652 47.94737226197942
0.9999938731948822 0.0005283293191859755 -0.0034602201771124753 -0.44356208433001915 -0.0004786995779098163 0.9998972332925058 0.014328099908239467 -0.9615794013116529 0.0034674348467088516 -0.01432635597427782 0.9998913635126124 49.150067990589925
0.9999978442068723 -0.0007548007395620955 -0.0019341609812675558 -0.45303700871913266 0.0007797349585352675 0.9999161844596955 0.012923311789161049 -0.968308428992783 0.001924244493660077 -0.012924792245944184 0.9999146213334325 50.34606645148734
0.9999999916988132 -8.002690925040627e-05 -6.830750946374643e-05 -0.45741749499787093 8.077223414961095e-05 0.9999397201941885 0.01097991350335626 -0.9858275100440623 6.742470215577472e-05 -0.010979919382430592 0.9999397181069986 51.54683327435907
0.9999998772274936 0.0003357787389634045 0.00036775129250771085 -0.4637424557725433 -0.00033951606327361876 0.9999478173008437 0.010210006125077564 -0.9832459664784519 -0.0003643038034820857 -0.010210129444987195 0.999947805471663 52.75304018875239
0.999999484984031 -0.00019727450662615498 0.000999428293041657 -0.47019247817499205 0.000187083375695285 0.9999480974846234 0.010186791593334065 -1.0055701699397475 -0.0010013860816400811 -0.010186599746338955 0.9999476175313459 53.958359289416364
0.9999998105389807 -0.0005683171504929797 -0.00024765648756726425 -0.4828138174685928 0.0005705750383502095 0.9999573902794984 0.009214110250025668 -1.0187798685555083 0.00024240943612027186 -0.00921424992135941 0.999957519181521 55.17155336445084
0.9999983596919471 -0.00033223436152546217 -0.0017816265427357883 -0.4923827017235879 0.0003485437104800053 0.999957970432078 0.00916170608267915 -1.0268262424699983 0.001778507975383572 -0.009162312161385675 0.9999564398759752 56.368670533737415
0.9999962201182309 -0.0005835742680500187 -0.002685287360750634 -0.49718195758551254 0.0006115696829733204 0.9999453525218556 0.010436449251098361 -1.0435253757839444 0.002679050346358604 -0.01043805222323831 0.9999419373599139 57.57751360292785
0.9999916349832535 -0.00021586073422765178 -0.00408451727021676 -0.513242058013804 0.0002601830222431264 0.9999410571935992 0.010853884134297961 -1.0528879917034408 0.004081933956811974 -0.010854855613590852 0.9999327478231477 58.79401977248176
0.9999900289553518 0.0004953189264488948 -0.004439196767296548 -0.5205549314631345 -0.0004475289982319771 0.999942009230662 0.010760002744383691 -1.0671146751827332 0.004444269408598122 -0.010757908960617287 0.9999322518139863 59.98935522504617
0.9999838636640828 0.0011091556401544786 -0.005571345303516132 -0.5438544891976067 -0.001050619995946106 0.9999443377587622 0.010498528377979478 -1.0808730337916448 0.0055826801466469685 -0.010492505416401964 0.9999293685771552 61.20510960903512
0.9999833577715801 0.0001280708499068351 -0.00576793712561874 -0.5572741564042906 -7.127242475234684e-05 0.9999515182238551 0.009846404908785413 -1.0904477849058145 0.005768919051758736 -0.009845830182640108 0.999934884004565 62.413011940398704
0.9999844070830848 -0.0009550917010257036 -0.005501990378450273 -0.5648088283829289 0.0010058753581849607 0.9999568560461061 0.00923466116802874 -1.1131580610221583 0.005492933510139672 -0.009240051710483603 0.9999422268708094 63.60805881009446
0.9999797134583976 -0.0007455621417604124 -0.006326301812224842 -0.5823755250329801 0.0008085885002087848 0.9999500145269389 0.009965879922463741 -1.1256596756500294 0.006318555932890323 -0.009970793349206544 0.9999303320146637 64.81972500766679
0.9999800917412427 -0.0018668334116748002 -0.0060267207237448125 -0.5893893630807143 0.001937394081711512 0.9999294056335009 0.011723406886689401 -1.1326537682892315 0.006004410143602559 -0.011734850419401349 0.9999131126252568 66.01559432652748
0.9999775884098422 -0.001206941400630178 -0.00658453672688691 -0.6078130239324394 0.0012756033441334328 0.999944760466843 0.010433514170018032 -1.1548384864100727 0.006571580882375999 -0.010441680090725587 0.9999238911233151 67.22046900507172
0.9999763606202713 0.0013328045103580526 -0.006745414328349128 -0.6308323114867241 -0.0012718946677557318 0.9999584523502795 0.00902608125711669 -1.1699862740428761 0.006757164616504746 -0.009017288681136854 0.9999365170294494 68.41841582874359
0.9999769220224525 0.0027611905568301672 -0.006207100636972519 -0.6467592084004551 -0.0027033134714749864 0.9999529720827559 0.009313493372757194 -1.1799131068282 0.00623252561977796 -0.009296498950103628 0.9999373658947919 69.60189403258919
0.9999690865501657 0.004276080784096022 -0.006599175337071737 -0.6701275311506456 -0.004213052067112451 0.999945657680431 0.009535588727627744 -1.1963770336367787 0.006639592293224986 -0.009507491460214915 0.9999327557694037 70.80846291760305
0.9999619640977881 0.006466637712795955 -0.005853258926076142 -0.6810823787437855 -0.006408799303630419 0.9999309834470748 0.00984687376088849 -1.2081170428735906 0.005916531666121628 -0.009808986893043744 0.9999343824551371 71.9865069016191
0.9999650408643267 0.006495246542455261 -0.0052648710383177795 -0.6935802443966276 -0.00643757308748504 0.9999198868136432 0.010898354099067035 -1.224373805355064 0.005335237193574122 -0.010864080852016837 0.9999267523220302 73.17468498880075
0.999958598124126 0.008435454489051168 -0.003411270938007896 -0.7116615410147764 -0.00839614928818789 0.9999000248743017 0.011377022932675517 -1.2323011980583014 0.0035069005356039573 -0.011347910980384783 0.9999294570015724 74.36415537896731
0.999976207691571 0.006894856789690124 -0.00019585831905223128 -0.7173679682181131 -0.006892561242843938 0.9999265134314645 0.009972690714056492 -1.2466362390349086 0.00026460423823279806 -0.009971103705755166 0.9999502488769644 75.54524840938393
0.999988491417468 0.004349452045966422 0.002023095050250317 -0.7221825326858295 -0.004359413929294318 0.9999782649095846 0.004945896087313332 -1.2755902996867907 -0.002001539330349907 -0.00495465889135728 0.9999857236729476 76.7144342495915
0.9999709340706425 0.0058767914295833595 0.004857657490651225 -0.7207710172811689 -0.005894867443314522 0.9999757195612198 0.003715136339963607 -1.2944220300207903 -0.004835706803922982 -0.0037436637223982414 0.9999812963681378 77.90034038192368
0.9999624128898803 0.004894661042499375 0.007156640326093267 -0.7205811018092927 -0.004947020764045008 0.9999609977298486 0.007316889841496328 -1.3076864426847234 -0.00712054801564014 -0.007352018920381138 0.9999476193802713 79.07617349204249
0.9999335827431232 0.0038525826421295893 0.010862138827196015 -0.7180688887139314 -0.003948604277890684 0.999953198394614 0.008832463319292674 -1.325238226009403 -0.010827603671676107 -0.00887476720962881 0.9999019988622629 80.24719989908273
0.9998716403646354 0.005006320205935912 0.015219800200452518 -0.7034853081630942 -0.005112956359050505 0.9999625953493864 0.006975559580682136 -1.3340311584099307 -0.015184310040458374 -0.007052482634376868 0.9998598442859782 81.42389577031891
0.9998283093061844 0.0037136382999173965 0.01815364074879638 -0.6959785438957958 -0.003790746759717757 0.9999839281127785 0.004214973179329787 -1.3556836394073661 -0.018137697046538157 -0.004283065485252084 0.9998263225810373 82.58854405214215
0.999753307366731 0.0032504890319976533 0.02197194411774874 -0.6762385053361951 -0.0032680338000667473 0.9999943716752369 0.0007626365132994426 -1.3833619461643114 -0.021969342933281722 -0.0008342534494566525 0.9997583009580323 83.75429601988571
0.9996950392322997 0.0020021516914442584 0.024613371683319032 -0.6569047210322799 -0.0019973243100663007 0.9999979832735619 -0.00022071387833009614 -1.4079863540274884 -0.024613766279818667 0.00017148577744410635 0.9996970174941386 84.92182921493307
0.9995938263888647 0.0015950729133579512 0.02845397775041348 -0.6285997069513698 -0.0016339218910821143 0.9999977638164856 0.0013421260442306997 -1.4301397950979453 -0.028451776222662848 -0.0013880724851219562 0.9995941997946498 86.07806568944764
0.9994735239518733 0.0023476280841269615 0.032359873888254974 -0.5935059091788821 -0.0024100792692979024 0.999995307691262 0.0018910218507093342 -1.448816228356886 -0.032355284949743573 -0.001968016140437307 0.9994744883568647 87.25001162376213
0.9993530405620411 0.0023924132510862017 0.03588554989023876 -0.5621263153819975 -0.0023834129183850777 0.9999971131935542 -0.00029358705862850536 -1.4788073829757842 -0.03588615138249869 0.00020786697953025565 0.9993558662444049 88.39493527844968
0.999211912922185 0.00239491655782844 0.03962098995970834 -0.5192440168751169 -0.0022950257159091454 0.9999940746323326 -0.002566454864400247 -1.5066258406837656 -0.03962690434761294 0.002473501230445066 0.9992114824454826 89.54939664591362
0.9990880459422918 0.0023442730559853856 0.042633012992122125 -0.4796921006982996 -0.0022208103731777527 0.999993206998802 -0.002943073806115317 -1.5330752270722698 -0.04263962650568278 0.002845710154294052 0.9990864670589065 90.6969579193473
0.9989719788811791 0.0012790194479696884 0.04531392816321146 -0.43281465744463365 -0.001202958606048488 0.9999978237296538 -0.0017057623932999694 -1.560329779825952 -0.045316014725132275 0.0016494981654310986 0.9989713373891673 91.84801331215336
0.9988146342310477 0.0002892307343886104 0.04867485855268702 -0.38276965755383574 -0.00027667316687336567 0.9999999252034574 -0.0002647270563720279 -1.5864715004829832 -0.04867493532855355 0.0002509462682072404 0.9988146405654953 93.0049980740418
0.9987005637770657 -0.00026994582648211425 0.05096176596099698 -0.3276307679987718 0.00018885203409833157 0.9999987047342648 0.001596076259561618 -1.608563384310881 -0.05096213538226911 -0.0015843780811404633 0.9986993314886696 94.16608325872473
0.9985384927943967 -0.0022094522635391 0.05400005870628499 -0.2736559227918592 0.0020885842023159107 0.9999951832075635 0.0022946265849243712 -1.6258571111330307 -0.054004872992263295 -0.0021784893151071544 0.9985382939980401 95.31089938839617
0.9984384573330503 -0.0031660429714173424 0.05577289549137726 -0.21290411113631114 0.003140337746635781 0.9999949195374361 0.0005485315891689624 -1.6519093680594465 -0.05577435340067304 -0.0003725292947231347 0.9984433331295138 96.47328096687701
0.9983074360037456 -0.004748063632659899 0.05796305236966099 -0.15312798460705257 0.004931658435593568 0.9999832683354466 -0.003024802143011941 -1.67870814802525 -0.05794772465067702 0.003305536554363473 0.9983141456608081 97.6256454286066
0.9981619521761755 -0.003837261790282552 0.060481420505870305 -0.09063506017779344 0.004211211025169559 0.9999727940753331 -0.006056620193235858 -1.7048034531156726 -0.06045653934152286 0.006300188027186505 0.9981509437484916 98.7845808992551
0.9980784143706983 -0.0036852113913613616 0.061853871308608886 -0.026504244375655926 0.0041215166690579735 0.9999675139005312 -0.006927696775580213 -1.7301864988706055 -0.06182633725291124 0.007169316673921005 0.9980611717287706 99.95891151260956
0.9980112694662306 -0.003658363638929677 0.06292950706971373 0.04039691513929526 0.004070530727627933 0.9999710940372712 -0.0064226985503688175 -1.7611887755828641 -0.06290419732530396 0.006666082250713822 0.9979973064964982 101.12945733758208
0.998089662732986 -0.003609940462631092 0.06167657727839949 0.10681597932445379 0.0039073559921989085 0.999981313166291 -0.004702245038823722 -1.786691226211247 -0.061658454468508185 0.0049342546061666055 0.9980851141007229 102.30968757202571
0.9981681817683986 -0.004291949254761672 0.0603477515668993 0.1752601249643708 0.004490891680160817 0.9999849209027617 -0.0031613482655196866 -1.819397875080887 -0.06033327865912982 0.003426572658857676 0.9981724073288398 103.4964021921464
0.9982535607137312 -0.003731592915876202 0.058956819463227866 0.23865025758721936 0.0038752561417298133 0.9999897920726626 -0.0023226023824247273 -1.844359663404239 -0.058947555994931226 0.0025470189900455723 0.9982578272136065 104.67166453761259
0.9984337096232089 -0.0036574821827148815 0.05582782738397745 0.29563643811659285 0.0037517355319454547 0.9999917036948756 -0.0015835686329431957 -1.8688492579804552 -0.05582157766118391 0.0017905395030441184 0.9984391566819156 105.88188957700777
0.9985624644915511 -0.0030074622046696656 0.053515952116549595 0.34963502263156515 0.0031062066321105317 0.9999936252644002 -0.0017620550961781958 -1.889283970974212 -0.05351031595303752 0.001925753717726966 0.998565440244049 107.06488928885753
0.9987867559986673 -0.0015524896429704744 0.04922006361105935 0.40034841080903816 0.0016567390830412015 0.999996467660632 -0.0020773010672179987 -1.9154633783460708 -0.04921666905654166 0.0021563256406397797 0.9987857963407011 108.28760590846505
0.9989729161724052 -0.001427602086603007 0.04528884707795795 0.44448488640579886 0.0015128732716517537 0.9999971510356696 -0.001848608177007732 -1.9420291096747961 -0.04528608259156397 0.0019152258382356844 0.9989722227919255 109.49931861699615
0.9991247140800373 -0.0009353137831733388 0.041820303067102514 0.49093287774628547 0.0009765296250454896 0.9999990622166353 -0.0009651267479806004 -1.9619710328379532 -0.04181936469633499 0.001005120845828572 0.9991246837033279 110.68994367887116
0.9993184887647228 -0.0007540894513475283 0.036905119846528375 0.5257852425822092 0.0007481627265472903 0.9999997002957874 0.00017440300075096532 -1.9905575293738624 -0.03690524378556871 -0.0001466731627538442 0.9993187609394899 111.92314560582363
0.999445078147072 -0.0004039545945723113 0.03330722457536794 0.5665850781179719 0.00038202374199553923 0.9999997105402689 0.000664805698332457 -2.0153541340826133 -0.03330748603805017 -0.000651712586726731 0.9994449413126592 113.12415146244241
0.9996082759504094 0.00011804513473053294 0.027987194670644228 0.5902142796222659 -0.0001488956274073444 0.99999938409828 0.0011002251596347904 -2.038255296243874 -0.027987049311205776 -0.001103961422912832 0.9996076799513108 114.35609390391367
0.9997370945569245 0.0007665306842464942 0.022916282913803886 0.6121077242767871 -0.0007847980330044479 0.9999993803325887 0.0007881475615840686 -2.0602155134976026 -0.022915666586523855 -0.0008059249874903598 0.9997370751104868 115.58310327952286
0.9998248626474802 0.0014025121197338113 0.018662075585605002 0.6280062012488389 -0.0014117576051994613 0.999998883443241 0.00048224274044122474 -2.0837115579493903 -0.01866137997362702 -0.0005085046855965499 0.9998257339092791 116.78480290959256
0.9999079185914352 0.002622410935013756 0.013314902759643574 0.6295598688099031 -0.002623023744300179 0.9999965610994458 2.8546738398626918e-05 -2.1122871174557614 -0.013314783077692575 -6.346936016476089e-05 0.9999113503091192 118.03787011557368
0.9999354336469923 0.004061796931203766 0.01061304388065506 0.6328448432526589 -0.0040586006820440505 0.999991709974199 -0.00032271476222916 -2.134081686664369 -0.01061426713069921 0.00027961982084339417 0.9999436263788088 119.2466636423029
0.9999480192942242 0.006572882215662934 0.007795083893112224 0.6387714308815734 -0.00657162113245442 0.9999783850749299 -0.00018745413202111982 -2.154960132216738 -0.0077961481761951055 0.00013621806035459417 0.9999695956308463 120.50188074277717
0.9999494767055864 0.0074683275136206775 0.006728552251238299 0.6362105201239092 -0.007467433383624841 0.9999721105435652 -0.00015805750172578903 -2.186850549024933 -0.00672954552631721 0.00010780453340503149 0.9999773527508486 121.74072361362497
0.9999360688559333 0.009243567414779512 0.0065120377684739624 0.6346102488148774 -0.009242508278087818 0.9999572730788826 -0.0001927861710376219 -2.2087910078693294 -0.006513542106736875 0.0001325863385034801 0.9999787780651844 122.96236960988034
0.999930641674259 0.01089667028658182 0.004470352415960204 0.6292541797991358 -0.010899624287552126 0.9999403981459812 0.0006367606440944099 -2.2286789051948164 -0.004463147765126054 -0.0006854416769633536 0.9999898101797599 124.22370225652952
0.9999243569834856 0.011384893454605215 0.004653777901376976 0.6327055566961773 -0.01139061540651592 0.999934397390929 0.0012048445430736928 -2.261540184760221 -0.004639756016944538 -0.0012577629240507794 0.9999884456255858 125.45132894789882
0.9998896019272899 0.014539292072573594 0.003063514080586164 0.6131077379283275 -0.014548708088869395 0.9998894363910427 0.003073651959625701 -2.281377553748654 -0.003018486977488655 -0.003117882893632219 0.9999905816816675 126.71757141692851
0.9998720939754677 0.015803937929652595 0.002454184764454959 0.6043148822630643 -0.015818306503743544 0.99985718170775 0.005949613898633124 -2.286500043803352 -0.00235980722842364 -0.0059876741594281834 0.9999792943167823 127.9748933630593
0.9998979992068594 0.013990967117708582 0.0028703852625839984 0.6162837370814689 -0.014008677947284432 0.9998823698941973 0.0062455388621273575 -2.3111969069867637 -0.0027826667379008746 -0.006285112312060563 0.9999763808989435 129.2063880286362
0.9998939813881846 0.014464506197982174 0.0016736804066374111 0.595941379129 -0.014471954614129864 0.9998850257378069 0.004526774618867359 -2.330885341639648 -0.0016080105262949995 -0.004550516199511704 0.9999883528740084 130.47153273819418
0.9999280172309015 0.011875489034402763 0.001712877230818306 0.606478039024139 -0.011884289775686766 0.9999157435884365 0.0052221127586088295 -2.3455508406304886 -0.0016507179625788204 -0.005242093247210927 0.9999848991806621 131.71986231181478
0.9999602094327926 0.00891843530855914 -0.0002112846071253589 0.5992386980813571 -0.008916675154149187 0.9999340950112334 0.007231533014884099 -2.3675140656608593 0.00027576469578441626 -0.007229361376810832 0.9999738255559741 132.9918023249603
0.9999806306960122 0.006213304737483053 -0.00036737126800939676 0.5892504044120517 -0.006209762683102003 0.999940539267815 0.008964530803375108 -2.3786394131060766 0.00042304883166133505 -0.008962076084250226 0.9999597500361731 134.25575593870357
0.9999924929101196 0.0038739062189129623 -0.0001127344367108269 0.5843287156577164 -0.003872550292888013 0.9999401499994925 0.010232073638161983 -2.3922419300731126 0.00015236580271697965 -0.010231561181289976 0.999947647090388 135.497405766679
0.9999998862119671 -4.4343703528709755e-05 -0.0004801190014180526 0.5883135028414554 4.844458742445448e-05 0.9999634948476149 0.008544719459652206 -2.4109455235542696 0.0004797226288049871 -0.008544741824051986 0.9999633789404182 136.78565614609258
0.9999975702854146 -0.00219627408114831 0.00017303186111031275 0.5793265279259826 0.00219494131749588 0.9999705071244044 0.007359830803831939 -2.419975613033928 -0.0001891909956753697 -0.007359433338255347 0.9999729025901809 138.04233887145742
0.99999058118168 -0.004333882429438525 -0.00021705786817649182 0.5741142668023586 0.00433536028816627 0.9999636233051814 0.007345325028050845 -2.441404813644817 0.00018521621649419536 -0.0073461969942224346 0.9999729955131387 139.33313298354935
0.9999915911653598 -0.004099321450326329 -6.39778882481428e-05 0.5701037008648916 0.004099689683772893 0.9999627077324053 0.007601283852438332 -2.452856006108276 3.2815376509834286e-05 -0.007601482370422311 0.9999711111022351 140.60324947147632
0.9999917897164617 -0.0037984685117728838 0.0014089138796326507 0.56765084456896 0.003785177583338061 0.9999494105575369 0.009319302738165869 -2.469919852849478 -0.0014442417658474293 -0.009313893443770288 0.9999555797260016 141.8845509369001
0.9999974099969577 -0.0017545559084371993 0.001448268438138608 0.557261102497065 0.0017385834139947449 0.9999384590401242 0.010957309685023672 -2.4786703190545802 -0.0014674047001758956 -0.010954763721665393 0.9999389209629181 143.16066412796272
0.9999968145885243 -0.0015688553480200191 0.0019778343696935157 0.5542647525792666 0.0015494740259586453 0.9999511435809664 0.009763115048364805 -2.5005898527145543 -0.0019930547734365303 -0.009760019440575796 0.9999503818305093 144.44069684414953
0.9999944543380477 -0.0003793234742960434 0.0033071844147980083 0.5489135948487764 0.00035419553745219805 0.9999710929975498 0.007595296046979818 -2.51294056185979 -0.0033099702232068547 -0.0075940826873402015 0.9999656826644027 145.70994721866612
0.9999948102001286 -0.0010446319606192628 0.0030469523169427168 0.543786516192932 0.0010284304492033632 0.999985349567515 0.00531401595792437 -2.5294491697031707 -0.0030524590879728187 -0.005310854950170984 0.9999812402323567 146.98677888591436
0.9999885300840179 -0.0021360598780699614 0.004286389242442482 0.5479793393865078 0.002130537111222958 0.999996895957508 0.0012926379422804925 -2.557325114535236 -0.00428913751139915 -0.0012834907873044256 0.999989973958474 148.25205535426764
0.9999915495296097 -0.0014899512885172246 0.003832370385450601 0.5457940453238541 0.0014994398471469168 0.9999958168684283 -0.002474187498815926 -2.5847020219623507 -0.0038286682482435957 0.002479913153107213 0.9999895936019622 149.52592943409718
0.9999889541045395 -0.0018623999548342185 0.004314605010956717 0.5445195374502704 0.0018767375202130027 0.9999927226078615 -0.0033213415942320475 -2.614924802232598 -0.0043083883376986275 0.0033294024592270413 0.9999851732875993 150.79849028912642
0.99998575396096 -0.002536598249406591 0.004696376128782275 0.5465510314088036 0.0025499209548433786 0.999992735765202 -0.002832961342998391 -2.6411289429429767 -0.0046891563722693845 0.0028448964088942756 0.9999849602738381 152.06957450039448
0.9999889885072749 -0.0017733598649089738 0.0043443504038596075 0.5443602159446151 0.0017841363483678038 0.9999953337006738 -0.0024779299852841496 -2.674908449154998 -0.004339936325451904 0.002485653610095286 0.9999874977920514 153.3263956365807
0.9999892923135322 -0.0013868472863676337 0.004414688263623462 0.539373065989715 0.0013938991953511724 0.999997754244446 -0.0015946990039061113 -2.705499802164965 -0.004412467091665861 0.001600835597431364 0.9999889834420219 154.6007403433828
0.9999925878758553 -0.0007377651007297965 0.003780177893625766 0.5343058125782485 0.0007414364912158205 0.9999992530073977 -0.0009699298059096962 -2.731097579086745 -0.003779459867505634 0.0009727253212422392 0.9999923891167471 155.8659108795962
0.9999939112179239 -0.000516622185877366 0.003452440053718767 0.5344442631711929 0.0005206745390855536 0.9999991763445192 -0.00117298264874963 -2.765063773408184 -0.0034518315008802655 0.0011747731456398973 0.999993352437557 157.1281170612145
0.9999951730430496 -0.00022214458189619146 0.0030994215465930293 0.5308866767481398 0.00022508741174859584 0.9999995223106353 -0.0009491715380121665 -2.7910475284696923 -0.0030992094860503093 0.0009498646189448181 0.9999947446463154 158.39446622844943
0.9999980378002783 -0.0005888300633409525 0.0018929610690948304 0.5259010370376562 0.000588549470375602 0.9999998152044991 0.00014877480581748995 -2.818714985620651 -0.001893048423449187 -0.0001476604200786394 0.9999981969952229 159.66759143626243
0.9999977314447798 6.868852913250248e-05 0.0021312559885884475 0.52050681090375 -6.972620507543492e-05 0.9999998795332563 0.00048677816775616854 -2.845594732201909 -0.002131222447381461 -0.0004869256409600949 0.9999976090219642 160.93161880076974
0.9999996235318239 0.00030027488102021826 0.0008124668966428297 0.5159712490411549 -0.0002998679429825554 0.9999998283457143 -0.0005009674152361681 -2.875727144078529 -0.0008126172689299123 0.0005007235350393277 0.999999548122462 162.19461618659705
0.9999993221000023 0.0011563510538381908 -0.00010279762390551613 0.5086707831716425 -0.001156513030200491 0.9999980705244048 -0.001589946296814932 -2.9020779440380426 0.00010095889428194418 0.0015900641962964023 0.9999987273755931 163.45911748647654
0.9999981061110834 0.0019438053670721104 -4.544051247059021e-06 0.49579478808967814 -0.001943810403034844 0.9999966200049164 -0.00172590098392716 -2.9254551474404393 1.1891892727690801e-06 0.0017259064785025034 0.9999985138840003 164.7182202882902
0.9999982471035873 0.0012595995847508087 -0.0013849971275437208 0.4895609377814705 -0.0012632039011451456 0.999995807663212 -0.0026045477615057946 -2.961675663624202 0.0013817108590532389 0.002606292799290132 0.9999956452332007 165.9873759188966
0.999996708278243 0.0021848700533095514 -0.0013440428460174728 0.4762991692314018 -0.00218918838595257 0.9999924157015885 -0.003219724056680048 -2.983920669331997 0.0013369980804366836 0.003222655807659741 0.9999939160201686 167.25032150347513
0.9999943510792498 0.002056545885635301 -0.002658508125844543 0.4674542916916056 -0.0020654396121297797 0.9999922662415158 -0.003346930162579061 -3.021060195981183 0.0026516046613445057 0.0033524023058309005 0.9999908626792345 168.522009204715
0.9999914794236777 0.002064123303380688 -0.003575425788771699 0.45488929158853114 -0.002071315867265751 0.9999958405081282 -0.0020091168447615776 -3.050054617209694 0.0035712641539276543 0.002016505620752844 0.9999915900681944 169.79353118422776
0.9999914620646285 0.0022055726060451926 -0.003494395768142065 0.4439502362601954 -0.002211031839399802 0.999996344438898 -0.0015591696582704052 -3.080320239743708 0.0034909444263033444 0.001566882597457065 0.9999926834964735 171.0552193779788
0.9999858582816159 0.002611297851088429 -0.0046330986775566145 0.43054485554811117 -0.002617161791417775 0.9999957796166512 -0.0012599995995207147 -3.107709532051813 0.004629789307314115 0.0012721073657178603 0.9999884721017331 172.32500829547445
0.9999842997865673 0.002978390693416039 -0.004745832333599065 0.4159918729606576 -0.0029826838873214107 0.9999951537866968 -0.0008977762088825773 -3.135097832421249 0.004743135729124615 0.0009119175027995242 0.999988336426736 173.58949585334852
0.9999787321263712 0.0033392549133113673 -0.005601992960023917 0.3990957851214428 -0.003348892659399059 0.9999929274993973 -0.001711869694858652 -3.1633392206183646 0.005596237429128271 0.001730593767251298 0.9999828403742317 174.85970491391888
0.9999710443413323 0.004348930363929233 -0.006245296818406323 0.3828360045831131 -0.004362907715763012 0.9999880078223236 -0.0022261385306893908 -3.194625601465438 0.006235541114303544 0.0022533217928989427 0.9999780178363444 176.12361191653517
0.9999709607693547 0.003949388620594857 -0.006517914175649164 0.3687150756240545 -0.003962088072685926 0.9999902769282645 -0.001936591393655103 -3.215549914253565 0.00651020302532999 0.001962359773591025 0.9999768823023809 177.38699800117092
0.9999667330964936 0.004014651177555031 -0.007100133803507145 0.3504714489948797 -0.004036849560822075 0.9999869956413079 -0.00311486810819703 -3.246389178014806 0.0070875369824726295 0.0031434267410962637 0.9999699412621986 178.64601290327096
0.9999726604964283 0.0031214032839433654 -0.0067031312840245775 0.3350274236368915 -0.0031518000488035703 0.9999847802095859 -0.004528916506869188 -3.278696738758491 0.006688893159747826 0.004549919738467981 0.999967279293986 179.91484701654318
0.999975206174527 -1.8525823198412353e-05 -0.0070415061665939655 0.3205893953419798 -1.1631014593449507e-05 0.9999908246605851 -0.004282653642552186 -3.318010790512256 0.007041521531559346 0.004282629357139765 0.9999660391648882 181.1799958559603
0.9999699856072042 0.0004770432571517564 -0.007733485506374198 0.3073487011861072 -0.00048618148802668376 0.9999991824480916 -0.0011797885332666133 -3.343530041605595 0.007732917125880893 0.0011835129461900476 0.9999694019447044 182.4481154282938
0.9999715723274833 -0.0012112984294894123 -0.007442863483782121 0.2923280698270499 0.001236914532520902 0.9999933259870311 0.0034380632454310647 -3.3673195112078744 0.007438649995231547 -0.0034471716618198695 0.9999663916854856 183.71109991645758
0.999969410658813 -0.0006061500115150751 -0.007797459093680139 0.2745902562535699 0.0006296283683784216 0.999995275581654 0.003008907581905129 -3.3940164722993305 0.007795599076291428 -0.003013725129214871 0.9999650737595331 184.959086501665
0.9999724227296235 0.0015960875081038346 -0.0072523931729732635 0.2555329863817521 -0.0015981421311012153 0.9999986840563424 -0.0002775136920900997 -3.41952283106733 0.007251941348429746 0.00028909637783064435 0.9999736632140345 186.21915362066105
0.9999654620922922 0.0027390176753635063 -0.007847249639912682 0.2348703090946174 -0.0027546986755520135 0.9999942293806954 -0.0019881338083356966 -3.4461234648598444 0.007841759444539662 0.0020096820588801165 0.9999672285270127 187.46900215482847
0.9999671721219272 0.0020336949954587492 -0.007843927755566084 0.21601860005582976 -0.002050348513003222 0.9999956631446166 -0.0021156281034854264 -3.475543112381178 0.007839591859143 0.002131641552106667 0.9999669947334564 188.7202541506067
0.999968679643349 0.0019951056620189245 -0.007658301163869966 0.2040619124255201 -0.0020015286302434675 0.9999976553502345 -0.0008311172204443096 -3.505924897922544 0.007656625600710482 0.0008464196122960604 0.9999703250064167 189.98316682120267
0.9999684168146247 0.001858689508226305 -0.00772779262549192 0.1862544129802826 -0.0018510078602908958 0.9999977881099298 0.0010010768321199424 -3.532582786386492 0.0077296368938188234 -0.000986740953849402 0.9999696350754457 191.20641051746549
0.9999767148552041 0.0012914016492359456 -0.0067011705610489115 0.16819272420718925 -0.0012776387680165716 0.9999970655175481 0.002057690167644289 -3.563000183328332 0.006703808821560894 -0.0020490806992360996 0.999975429627248 192.4741448984186
0.999982721958576 0.0010194630642347373 -0.005788751092571303 0.15713379360935667 -0.001010041646344939 0.9999981576903642 0.0016302409498142757 -3.5837528261348166 0.005790402859668324 -0.0016243660596729865 0.9999819203510599 193.6885968484817
0.9999905100653376 -0.00018670837274615583 -0.004353495127430503 0.14712770918772786 0.00018679385008972885 0.999999985605817 1.92275702091578e-05 -3.616472076074608 0.004353491851803073 -2.0040568720723975e-05 0.9999905243288457 194.91943065480123
0.9999965756978068 -0.0001578602632048131 -0.0026141090183874403 0.1351340021729945 0.00015367353716881638 0.9999987065726018 -0.0016016889340964664 -3.643082628042295 0.002614358789924634 0.0016012818409925633 0.9999952977295914 196.16847900266245
