1.000000000000000000e+00 0.000000000000000000e+00 0.000000000000000000e+00 0.000000000000000000e+00 0.000000000000000000e+00 1.000000000000000000e+00 0.000000000000000000e+00 0.000000000000000000e+00 0.000000000000000000e+00 0.000000000000000000e+00 1.000000000000000000e+00 0.000000000000000000e+00
9.999995000000000411e-01 7.196823899999999852e-04 -6.870877700000000299e-04 -1.401751000000000039e-02 -7.197717099999999995e-04 9.999997000000000469e-01 -1.295636600000000117e-04 -2.820320999999999939e-02 6.869944300000000326e-04 1.300581399999999901e-04 9.999997999999999942e-01 1.198998000000000008e+00
9.999981000000000009e-01 1.430880000000000042e-03 -1.366265200000000039e-03 -2.787364999999999982e-02 -1.431233000000000071e-03 9.999989000000000239e-01 -2.576190599999999783e-04 -5.608120099999999719e-02 1.365894799999999932e-03 2.595739400000000147e-04 9.999989999999999712e-01 2.384180999999999884e+00
9.999955999999999845e-01 2.145638999999999966e-03 -2.049036199999999808e-03 -4.180320099999999817e-02 -2.146434999999999923e-03 9.999976000000000420e-01 -3.863471600000000037e-04 -8.410629099999999969e-02 2.048202800000000108e-03 3.907434400000000130e-04 9.999978000000000478e-01 3.575628000000000029e+00
9.999921999999999978e-01 2.860328999999999997e-03 -2.731935200000000074e-03 -5.573543100000000194e-02 -2.861746999999999989e-03 9.999957000000000429e-01 -5.150909600000000161e-04 -1.121362000000000053e-01 2.730450799999999990e-03 5.229049399999999639e-04 9.999961000000000544e-01 4.767291000000000167e+00
9.999877999999999822e-01 3.576816000000000023e-03 -3.416746200000000087e-03 -6.970674100000000262e-02 -3.579038000000000098e-03 9.999934000000000323e-01 -6.441881599999999767e-04 -1.402442000000000133e-01 3.414419799999999974e-03 6.564088400000000394e-04 9.999940000000000495e-01 5.962283000000000222e+00
9.999824000000000490e-01 4.290399999999999769e-03 -4.098979200000000059e-03 -8.362554099999999768e-02 -4.293603000000000003e-03 9.999905000000000044e-01 -7.727888599999999802e-04 -1.682458000000000009e-01 4.095624800000000239e-03 7.903744400000000227e-04 9.999913000000000274e-01 7.152769000000000155e+00
9.999759999999999760e-01 5.005067999999999670e-03 -4.782444200000000346e-03 -9.756958100000000245e-02 -5.009435999999999924e-03 9.999869999999999592e-01 -9.016144600000000229e-04 -1.962976999999999916e-01 4.777869799999999965e-03 9.255500399999999758e-04 9.999881999999999938e-01 8.345399999999999707e+00
9.999687000000000436e-01 5.718771000000000097e-03 -5.465184199999999735e-03 -1.114988999999999980e-01 -5.724484999999999643e-03 9.999831000000000136e-01 -1.030294400000000095e-03 -2.243192999999999993e-01 5.459200800000000263e-03 1.061547599999999912e-03 9.999845000000000539e-01 9.536761999999999517e+00
9.999603999999999715e-01 6.432384000000000192e-03 -6.148038199999999835e-03 -1.254307000000000061e-01 -6.439628999999999666e-03 9.999786000000000508e-01 -1.158988400000000038e-03 -2.523451999999999917e-01 6.140451800000000168e-03 1.198533600000000095e-03 9.999803999999999915e-01 1.072832000000000008e+01
9.999510999999999816e-01 7.145766999999999917e-03 -6.830869199999999898e-03 -1.393620999999999888e-01 -7.154724999999999800e-03 9.999736000000000180e-01 -1.287669400000000103e-03 -2.803696999999999995e-01 6.821487799999999616e-03 1.336479599999999997e-03 9.999757999999999702e-01 1.191982999999999926e+01
9.999409000000000214e-01 7.859280999999999212e-03 -7.514028199999999921e-03 -1.533004000000000033e-01 -7.870139999999999428e-03 9.999679999999999680e-01 -1.416404399999999933e-03 -3.084072999999999953e-01 7.502656800000000181e-03 1.475457600000000102e-03 9.999708000000000485e-01 1.311190999999999995e+01
9.999310999999999616e-01 8.435908000000000642e-03 -8.163220199999999746e-03 -1.671408000000000060e-01 -8.448594000000000243e-03 9.999630999999999936e-01 -1.520606400000000004e-03 -3.362948099999999996e-01 8.150092799999999679e-03 1.589469600000000026e-03 9.999654999999999516e-01 1.430348000000000042e+01
9.999063000000000256e-01 1.021483999999999934e-02 -9.110264200000000798e-03 -1.818140000000000034e-01 -1.023201999999999966e-02 9.999459000000000541e-01 -1.840097400000000093e-03 -3.654237100000000127e-01 9.090975799999999676e-03 1.933141599999999970e-03 9.999567999999999790e-01 1.549658999999999942e+01
9.999048999999999854e-01 9.942671000000000148e-03 -9.559126200000000323e-03 -1.950728999999999935e-01 -9.960151000000000421e-03 9.999487999999999710e-01 -1.782531400000000096e-03 -3.924445100000000242e-01 9.540913800000000097e-03 1.877571599999999959e-03 9.999527000000000276e-01 1.668758000000000052e+01
9.999044999999999739e-01 9.373886999999999151e-03 -1.015134000000000002e-02 -2.081761000000000028e-01 -9.389118000000000117e-03 9.999548000000000325e-01 -1.453538400000000015e-03 -4.191514100000000020e-01 1.013726000000000037e-02 1.548711599999999912e-03 9.999474000000000418e-01 1.788103999999999871e+01
9.999025999999999748e-01 9.037036000000000027e-03 -1.063811999999999917e-02 -2.220687000000000078e-01 -9.048731000000000829e-03 9.999584999999999724e-01 -1.051573400000000011e-03 -4.450814100000000106e-01 1.062816999999999928e-02 1.147732600000000037e-03 9.999428999999999679e-01 1.907663000000000153e+01
9.998928000000000260e-01 9.270130999999999163e-03 -1.133310000000000047e-02 -2.372951000000000088e-01 -9.293057999999999874e-03 9.999548000000000325e-01 -1.971849400000000047e-03 -4.715143099999999921e-01 1.131430999999999930e-02 2.076956599999999799e-03 9.999337999999999838e-01 2.027018999999999949e+01
9.998894999999999866e-01 9.007104999999999626e-03 -1.182761000000000055e-02 -2.531558999999999893e-01 -9.043320999999999998e-03 9.999544999999999684e-01 -3.011911400000000065e-03 -4.977817099999999884e-01 1.179995000000000002e-02 3.118538599999999897e-03 9.999255000000000226e-01 2.146468000000000131e+01
9.998738999999999821e-01 9.613273000000000304e-03 -1.263920999999999968e-02 -2.707636999999999960e-01 -9.644484000000000043e-03 9.999506000000000228e-01 -2.410510399999999959e-03 -5.247441099999999858e-01 1.261541000000000051e-02 2.532104600000000070e-03 9.999171999999999505e-01 2.265882999999999825e+01
9.998622000000000343e-01 9.849564999999999362e-03 -1.336112000000000063e-02 -2.887908000000000142e-01 -9.880846999999999894e-03 9.999485999999999652e-01 -2.277132399999999991e-03 -5.527301100000000522e-01 1.333801000000000084e-02 2.408837599999999815e-03 9.999082000000000248e-01 2.385295999999999950e+01
9.998496000000000050e-01 9.852334000000000785e-03 -1.427518000000000016e-02 -3.071147000000000182e-01 -9.896725999999999787e-03 9.999464000000000130e-01 -3.042267400000000111e-03 -5.812326100000000384e-01 1.424445000000000051e-02 3.183086600000000106e-03 9.998934999999999906e-01 2.504683999999999955e+01
9.998348000000000235e-01 1.011488999999999965e-02 -1.510545999999999937e-02 -3.273512000000000088e-01 -1.015685000000000025e-02 9.999447000000000196e-01 -2.703181399999999950e-03 -6.069839099999999599e-01 1.507729000000000014e-02 2.856157599999999998e-03 9.998823000000000016e-01 2.624309999999999832e+01
9.998321999999999488e-01 9.254979999999999457e-03 -1.580828999999999915e-02 -3.472488000000000241e-01 -9.264586999999999475e-03 9.999569000000000374e-01 -5.344811599999999647e-04 -6.329432099999999783e-01 1.580265999999999962e-02 6.808486400000000015e-04 9.998749000000000109e-01 2.744168000000000163e+01
9.998234000000000288e-01 8.611255999999999425e-03 -1.670535000000000075e-02 -3.677984999999999727e-01 -8.617934000000000705e-03 9.999628000000000405e-01 -3.276815600000000076e-04 -6.565642099999999814e-01 1.670191000000000037e-02 4.715892399999999768e-04 9.998603999999999825e-01 2.863711999999999946e+01
9.998145999999999978e-01 7.984938000000000452e-03 -1.751954000000000011e-02 -3.892136099999999876e-01 -8.016013000000000652e-03 9.999664000000000330e-01 -1.704144400000000021e-03 -6.824261099999999747e-01 1.750534999999999938e-02 1.844265600000000085e-03 9.998451000000000422e-01 2.982829999999999870e+01
9.998008000000000450e-01 7.461297000000000415e-03 -1.851043999999999953e-02 -4.112762099999999754e-01 -7.508904999999999746e-03 9.999685999999999853e-01 -2.503665400000000107e-03 -7.087202099999999616e-01 1.849117999999999942e-02 2.642159600000000032e-03 9.998255000000000337e-01 3.102794000000000096e+01
9.997835000000000472e-01 7.872528000000000165e-03 -1.925947999999999896e-02 -4.357161099999999898e-01 -7.922231999999999538e-03 9.999654999999999516e-01 -2.505745399999999897e-03 -7.356474100000000016e-01 1.923909000000000036e-02 2.657780599999999983e-03 9.998114000000000168e-01 3.223192999999999842e+01
9.997741999999999463e-01 7.403986000000000421e-03 -1.991671999999999887e-02 -4.596533099999999816e-01 -7.444296000000000420e-03 9.999704000000000370e-01 -1.950489400000000048e-03 -7.632533099999999626e-01 1.990168999999999966e-02 2.098314600000000200e-03 9.997996999999999579e-01 3.342023999999999972e+01
9.997629999999999573e-01 7.159486999999999969e-03 -2.056207999999999994e-02 -4.846981100000000153e-01 -7.195731000000000349e-03 9.999727000000000476e-01 -1.689150400000000076e-03 -7.915945100000000290e-01 2.054943000000000047e-02 1.836708600000000035e-03 9.997871999999999870e-01 3.461480000000000246e+01
9.997578000000000298e-01 6.402721999999999580e-03 -2.105454999999999827e-02 -5.098190099999999614e-01 -6.438109000000000019e-03 9.999778999999999751e-01 -1.613319399999999914e-03 -8.182722100000000554e-01 2.104376000000000163e-02 1.748480599999999944e-03 9.997770000000000268e-01 3.581255999999999773e+01
9.997447000000000417e-01 6.469360999999999862e-03 -2.164904000000000134e-02 -5.367057100000000025e-01 -6.505831000000000114e-03 9.999774999999999636e-01 -1.614507399999999971e-03 -8.457827100000000486e-01 2.163810999999999859e-02 1.754940599999999960e-03 9.997643000000000502e-01 3.700927999999999685e+01
9.997456000000000120e-01 5.595697000000000171e-03 -2.184987000000000040e-02 -5.627412099999999917e-01 -5.621433000000000332e-03 9.999835999999999725e-01 -1.116570400000000025e-03 -8.734675100000000025e-01 2.184325999999999976e-02 1.239113600000000008e-03 9.997605999999999993e-01 3.820689999999999742e+01
9.997468999999999939e-01 5.730088999999999842e-03 -2.175759000000000026e-02 -5.904619100000000342e-01 -5.729520999999999573e-03 9.999835999999999725e-01 8.851291400000000254e-05 -9.001114099999999452e-01 2.175774000000000111e-02 3.617011299999999669e-05 9.997633000000000214e-01 3.940549000000000035e+01
9.997473000000000054e-01 6.200803000000000391e-03 -2.160646999999999915e-02 -6.181703100000000006e-01 -6.179958000000000153e-03 9.999803000000000441e-01 1.031474600000000094e-03 -9.268582100000000157e-01 2.161244000000000012e-02 -8.976863600000000495e-04 9.997660000000000435e-01 4.060244000000000142e+01
9.997432000000000540e-01 6.994168000000000260e-03 -2.155419000000000085e-02 -6.466319099999999764e-01 -6.982521000000000214e-03 9.999753999999999587e-01 6.156640399999999819e-04 -9.531287099999999901e-01 2.155796999999999922e-02 -4.650032600000000111e-04 9.997675000000000312e-01 4.179870999999999981e+01
9.997392999999999974e-01 7.822383000000000461e-03 -2.144963000000000078e-02 -6.756680099999999856e-01 -7.813016000000000752e-03 9.999692999999999499e-01 5.205577400000000214e-04 -9.776312200000000230e-01 2.145303999999999961e-02 -3.528356599999999841e-04 9.997698000000000418e-01 4.299591999999999814e+01
9.997217000000000464e-01 1.079816999999999930e-02 -2.097680000000000031e-02 -7.080160100000000289e-01 -1.075807999999999973e-02 9.999400999999999984e-01 2.023358600000000045e-03 -1.000412000000000079e+00 2.099739999999999940e-02 -1.797125400000000031e-03 9.997778999999999971e-01 4.419563000000000130e+01
9.997511000000000037e-01 1.107362999999999924e-02 -1.936701000000000047e-02 -7.358613099999999907e-01 -1.097597999999999976e-02 9.999265000000000514e-01 5.141410600000000108e-03 -1.020364999999999966e+00 1.942251999999999867e-02 -4.927557400000000080e-03 9.997991999999999990e-01 4.539562999999999704e+01
9.997772999999999799e-01 1.163716000000000056e-02 -1.760588999999999904e-02 -7.617275100000000521e-01 -1.149999999999999981e-02 9.999029000000000389e-01 7.871627600000000169e-03 -1.037444000000000033e+00 1.769578000000000123e-02 -7.667405399999999670e-03 9.998139999999999805e-01 4.659611999999999910e+01
9.998038000000000203e-01 1.191970000000000009e-02 -1.582126999999999839e-02 -7.844470099999999446e-01 -1.174383000000000024e-02 9.998687000000000547e-01 1.116291999999999979e-02 -1.051207000000000003e+00 1.595225999999999936e-02 -1.097492000000000086e-02 9.998124999999999929e-01 4.780149000000000115e+01
9.998272999999999744e-01 1.160707000000000058e-02 -1.451319000000000047e-02 -8.050204100000000196e-01 -1.141470999999999979e-02 9.998468000000000355e-01 1.326757999999999930e-02 -1.064092000000000038e+00 1.466496999999999939e-02 -1.309961999999999932e-02 9.998067000000000482e-01 4.900453999999999866e+01
9.998654999999999626e-01 9.923126000000000863e-03 -1.305597000000000008e-02 -8.220020099999999497e-01 -9.772671999999999609e-03 9.998856999999999884e-01 1.153768999999999975e-02 -1.073849999999999971e+00 1.316897000000000033e-02 -1.140854000000000000e-02 9.998481999999999648e-01 5.020347999999999900e+01
9.998740000000000405e-01 1.039846999999999994e-02 -1.199805999999999963e-02 -8.402902100000000374e-01 -1.028810999999999962e-02 9.999044999999999739e-01 9.223320599999999467e-03 -1.085315000000000030e+00 1.209283000000000059e-02 -9.098718400000000567e-03 9.998854999999999826e-01 5.140456999999999965e+01
9.998707999999999485e-01 1.154740999999999927e-02 -1.118360000000000014e-02 -8.594630100000000272e-01 -1.144655999999999972e-02 9.998936000000000490e-01 9.040289599999999301e-03 -1.098286000000000096e+00 1.128679999999999961e-02 -8.911106400000000372e-03 9.998966000000000243e-01 5.260582999999999743e+01
9.998820000000000485e-01 1.057345999999999980e-02 -1.114334999999999978e-02 -8.753783099999999928e-01 -1.047818000000000013e-02 9.999082999999999721e-01 8.574573599999999601e-03 -1.112635000000000041e+00 1.123298999999999999e-02 -8.456798399999999882e-03 9.999012000000000455e-01 5.381125000000000114e+01
9.998803000000000551e-01 9.904895000000000366e-03 -1.188406000000000011e-02 -8.928730099999999670e-01 -9.811863000000000529e-03 9.999209000000000014e-01 7.861424599999999874e-03 -1.127882999999999969e+00 1.196098999999999947e-02 -7.743878400000000183e-03 9.998985000000000234e-01 5.501520000000000010e+01
9.998591999999999480e-01 1.007196999999999953e-02 -1.341953000000000069e-02 -9.118602099999999488e-01 -9.967695000000000374e-03 9.999198000000000253e-01 7.815016600000000355e-03 -1.143151999999999946e+00 1.349715999999999937e-02 -7.680153399999999596e-03 9.998793999999999738e-01 5.622026999999999930e+01
9.998373000000000399e-01 1.009707999999999960e-02 -1.494468000000000012e-02 -9.332309100000000246e-01 -9.958178999999999295e-03 9.999067999999999845e-01 9.339763600000000263e-03 -1.160687000000000024e+00 1.503758999999999998e-02 -9.189421399999999837e-03 9.998447000000000306e-01 5.742777000000000243e+01
9.998224999999999474e-01 1.009404000000000030e-02 -1.590911000000000061e-02 -9.562150099999999764e-01 -9.940126999999999990e-03 9.999033000000000504e-01 9.724524599999999352e-03 -1.175654999999999895e+00 1.600572999999999926e-02 -9.564658400000000324e-03 9.998261999999999983e-01 5.863262000000000285e+01
9.997987000000000402e-01 1.105266000000000061e-02 -1.674528999999999948e-02 -9.814360100000000253e-01 -1.089511999999999946e-02 9.998958000000000013e-01 9.469923599999999220e-03 -1.190277999999999947e+00 1.684822000000000056e-02 -9.285574399999999701e-03 9.998148999999999509e-01 5.983856999999999715e+01
9.997821000000000069e-01 1.144536999999999985e-02 -1.745777999999999913e-02 -1.006715000000000027e+00 -1.128332999999999940e-02 9.998926000000000203e-01 9.352646600000000254e-03 -1.205600000000000005e+00 1.756295999999999899e-02 -9.153625400000000439e-03 9.998038999999999676e-01 6.104209000000000174e+01
9.997861999999999583e-01 1.080106999999999942e-02 -1.763247999999999899e-02 -1.031125999999999987e+00 -1.064713999999999938e-02 9.999046000000000323e-01 8.800714600000000484e-03 -1.221319999999999961e+00 1.772585999999999953e-02 -8.611096400000000511e-03 9.998057999999999668e-01 6.224562999999999846e+01
9.997954999999999481e-01 9.508882999999999225e-03 -1.785066999999999904e-02 -1.053862999999999994e+00 -9.370520000000000238e-03 9.999255000000000226e-01 7.818951600000000404e-03 -1.237483000000000111e+00 1.792368999999999907e-02 -7.650080400000000211e-03 9.998101000000000349e-01 6.344747000000000270e+01
9.997930000000000428e-01 9.088419999999999832e-03 -1.820102999999999999e-02 -1.078473000000000015e+00 -8.930260000000000628e-03 9.999217999999999718e-01 8.752214600000000552e-03 -1.251700999999999953e+00 1.827915999999999916e-02 -8.587861400000000589e-03 9.997960000000000180e-01 6.464754999999999541e+01
9.997888999999999804e-01 9.083060000000000439e-03 -1.842881000000000033e-02 -1.103193000000000090e+00 -8.882419000000000772e-03 9.999006999999999756e-01 1.094025000000000032e-02 -1.267101000000000033e+00 1.852635000000000046e-02 -1.077425000000000084e-02 9.997703000000000007e-01 6.585039999999999338e+01
9.997791999999999790e-01 9.523956999999999562e-03 -1.872882000000000019e-02 -1.129537999999999931e+00 -9.347319999999999240e-03 9.999112000000000000e-01 9.496442600000000109e-03 -1.281112000000000029e+00 1.881760000000000030e-02 -9.319280399999999367e-03 9.997795000000000432e-01 6.704761000000000593e+01
9.997624000000000510e-01 1.103352999999999973e-02 -1.880211000000000035e-02 -1.157680000000000042e+00 -1.088822000000000054e-02 9.999101999999999713e-01 7.813076599999999733e-03 -1.293922000000000017e+00 1.888663000000000147e-02 -7.606496400000000054e-03 9.997926999999999786e-01 6.824106999999999346e+01
9.997346999999999761e-01 1.319592999999999981e-02 -1.887928999999999996e-02 -1.186930000000000041e+00 -1.304722000000000000e-02 9.998829999999999663e-01 7.978687599999999269e-03 -1.309417000000000053e+00 1.898236999999999841e-02 -7.730246399999999782e-03 9.997899000000000092e-01 6.943527000000000271e+01
9.997103999999999990e-01 1.500434999999999963e-02 -1.881230999999999876e-02 -1.215316000000000063e+00 -1.485153999999999988e-02 9.998557999999999613e-01 8.236957600000000684e-03 -1.324678000000000022e+00 1.893318999999999905e-02 -7.955179399999999859e-03 9.997890999999999861e-01 7.062615999999999872e+01
9.996882999999999742e-01 1.665714000000000083e-02 -1.859770000000000173e-02 -1.243225999999999942e+00 -1.649733000000000102e-02 9.998259000000000452e-01 8.713767600000000071e-03 -1.339455999999999980e+00 1.873961000000000029e-02 -8.404237400000000302e-03 9.997890999999999861e-01 7.181600000000000250e+01
9.996990999999999516e-01 1.706542999999999949e-02 -1.762359999999999968e-02 -1.268567000000000000e+00 -1.689743999999999968e-02 9.998107999999999995e-01 9.637711599999999532e-03 -1.355742999999999920e+00 1.778472999999999860e-02 -9.337016400000000202e-03 9.997983000000000287e-01 7.300218999999999880e+01
9.997036000000000255e-01 1.873150000000000162e-02 -1.555210999999999920e-02 -1.292837999999999932e+00 -1.857394000000000059e-02 9.997753000000000334e-01 1.021438000000000033e-02 -1.371469999999999967e+00 1.573994999999999908e-02 -9.922484400000000648e-03 9.998268999999999629e-01 7.418748999999999683e+01
9.997519999999999740e-01 1.814330999999999930e-02 -1.291316999999999986e-02 -1.310251999999999972e+00 -1.802225000000000008e-02 9.997930999999999901e-01 9.430320600000000053e-03 -1.390125000000000055e+00 1.308160000000000052e-02 -9.195255399999999538e-03 9.998721999999999888e-01 7.536553999999999576e+01
9.998363999999999585e-01 1.463831999999999980e-02 -1.062523999999999934e-02 -1.320138000000000034e+00 -1.459780999999999926e-02 9.998858999999999941e-01 3.880944600000000091e-03 -1.407515000000000072e+00 1.068084000000000047e-02 -3.725203399999999984e-03 9.999360000000000470e-01 7.654079000000000121e+01
9.998510999999999926e-01 1.519311999999999920e-02 -8.185862199999999547e-03 -1.330920000000000103e+00 -1.517583999999999947e-02 9.998825000000000074e-01 2.169592599999999906e-03 -1.427084999999999937e+00 8.217862799999999662e-03 -2.045042400000000090e-03 9.999641999999999697e-01 7.771630000000000393e+01
9.998810000000000198e-01 1.450242000000000024e-02 -5.257612200000000117e-03 -1.337949999999999973e+00 -1.447063999999999989e-02 9.998770999999999631e-01 6.033894599999999921e-03 -1.448796999999999890e+00 5.344471800000000217e-03 -5.957094399999999720e-03 9.999679999999999680e-01 7.889459999999999695e+01
9.998917000000000499e-01 1.459304999999999977e-02 -1.933843200000000045e-03 -1.340942000000000078e+00 -1.457722000000000011e-02 9.998620000000000285e-01 7.962397600000000603e-03 -1.468534000000000006e+00 2.049771799999999984e-03 -7.933343400000000822e-03 9.999664000000000330e-01 8.006843000000000643e+01
9.998850000000000238e-01 1.502471000000000015e-02 2.051607799999999836e-03 -1.342289999999999983e+00 -1.503621999999999945e-02 9.998706000000000538e-01 5.712940599999999890e-03 -1.485826000000000091e+00 -1.965507200000000086e-03 -5.743131400000000414e-03 9.999816000000000260e-01 8.123453999999999553e+01
9.998850000000000238e-01 1.413375000000000048e-02 5.503276799999999927e-03 -1.335650999999999922e+00 -1.415116999999999937e-02 9.998949000000000309e-01 3.138991600000000035e-03 -1.506096000000000101e+00 -5.458334199999999650e-03 -3.216507400000000096e-03 9.999799000000000326e-01 8.239912999999999954e+01
9.998797000000000379e-01 1.272916999999999972e-02 8.863338800000000392e-03 -1.323865000000000069e+00 -1.272311999999999922e-02 9.999187999999999965e-01 -7.394371600000000265e-04 -1.530311999999999895e+00 -8.872032199999999383e-03 6.265787400000000012e-04 9.999605000000000299e-01 8.355800999999999590e+01
9.998557999999999613e-01 1.187376000000000056e-02 1.214485000000000044e-02 -1.309268000000000098e+00 -1.185234999999999934e-02 9.999280999999999864e-01 -1.833271399999999952e-03 -1.555471999999999966e+00 -1.216574999999999948e-02 1.689061599999999936e-03 9.999246000000000523e-01 8.471744999999999948e+01
9.998072999999999544e-01 1.167642999999999980e-02 1.578167999999999932e-02 -1.292993000000000059e+00 -1.167891000000000068e-02 9.999318000000000373e-01 6.528196399999999756e-05 -1.580586999999999964e+00 -1.577983999999999984e-02 -2.495822599999999742e-04 9.998755000000000281e-01 8.587695999999999685e+01
9.997260000000000035e-01 1.277107000000000069e-02 1.961989000000000094e-02 -1.273120999999999947e+00 -1.279238000000000076e-02 9.999177000000000204e-01 9.604838400000000444e-04 -1.605073999999999890e+00 -1.960601000000000010e-02 -1.211205400000000057e-03 9.998070999999999486e-01 8.703113999999999351e+01
9.996513999999999678e-01 1.244423000000000057e-02 2.328416000000000166e-02 -1.247130999999999990e+00 -1.241599000000000001e-02 9.999219999999999775e-01 -1.357177399999999912e-03 -1.630673000000000039e+00 -2.329923000000000063e-02 1.067608600000000043e-03 9.997279999999999500e-01 8.818383000000000038e+01
9.995737000000000094e-01 1.212482999999999964e-02 2.656002000000000016e-02 -1.216671000000000058e+00 -1.202445000000000076e-02 9.999198999999999726e-01 -3.935727400000000112e-03 -1.656163000000000052e+00 -2.660560999999999829e-02 3.614678599999999846e-03 9.996395000000000142e-01 8.933335999999999899e+01
9.994806999999999997e-01 1.221272999999999977e-02 2.981802000000000064e-02 -1.182744999999999935e+00 -1.208867999999999922e-02 9.999175000000000146e-01 -4.336840399999999929e-03 -1.683162999999999965e+00 -2.986853000000000077e-02 3.974126599999999905e-03 9.995458999999999872e-01 9.048344000000000165e+01
9.994064000000000281e-01 1.086438999999999981e-02 3.269309000000000104e-02 -1.144128000000000034e+00 -1.076847000000000047e-02 9.999371999999999705e-01 -3.108733399999999945e-03 -1.710418999999999912e+00 -3.272481000000000001e-02 2.754833600000000139e-03 9.994606000000000323e-01 9.163654999999999973e+01
9.993189000000000100e-01 1.010850999999999937e-02 3.549009000000000191e-02 -1.101750000000000007e+00 -1.005139000000000032e-02 9.999479000000000006e-01 -1.787571400000000088e-03 -1.736086000000000018e+00 -3.550630999999999926e-02 1.429628600000000050e-03 9.993684000000000456e-01 9.279129000000000360e+01
9.992252999999999830e-01 9.287853999999999902e-03 3.824407999999999974e-02 -1.056014999999999926e+00 -9.297315000000000440e-03 9.999567999999999790e-01 6.948715400000000193e-05 -1.760650000000000048e+00 -3.824178999999999773e-02 -4.250006599999999954e-04 9.992683999999999456e-01 9.394713000000000136e+01
9.991383999999999821e-01 8.157564000000000828e-03 4.069360000000000338e-02 -1.006118999999999986e+00 -8.214535999999999713e-03 9.999654999999999516e-01 1.232956600000000100e-03 -1.785071000000000074e+00 -4.068213999999999858e-02 -1.566173400000000051e-03 9.991708999999999730e-01 9.510262000000000171e+01
9.990531000000000272e-01 6.863193000000000071e-03 4.296189999999999731e-02 -9.539660199999999701e-01 -6.830005999999999577e-03 9.999761999999999817e-01 -9.192476599999999543e-04 -1.809542999999999902e+00 -4.296719000000000233e-02 6.249469399999999604e-04 9.990763000000000282e-01 9.625538000000000238e+01
9.989654999999999507e-01 5.398509999999999594e-03 4.515418999999999683e-02 -8.975398199999999882e-01 -5.201347999999999736e-03 9.999763999999999875e-01 -4.482798399999999781e-03 -1.834870999999999919e+00 -4.517733000000000165e-02 4.243296599999999905e-03 9.989700000000000246e-01 9.741316999999999382e+01
9.988685000000000480e-01 5.748712999999999913e-03 4.720814000000000260e-02 -8.410031199999999929e-01 -5.394134000000000081e-03 9.999563000000000201e-01 -7.634949400000000386e-03 -1.861915999999999904e+00 -4.724997000000000225e-02 7.371662600000000384e-03 9.988559000000000188e-01 9.857222000000000151e+01
9.987897000000000025e-01 5.894856000000000401e-03 4.883027000000000201e-02 -7.820453200000000438e-01 -5.478099999999999636e-03 9.999474000000000418e-01 -8.664245399999999375e-03 -1.891642999999999963e+00 -4.887877999999999667e-02 8.386259599999999412e-03 9.987694999999999768e-01 9.973968000000000700e+01
9.987595000000000223e-01 5.954324999999999896e-03 4.943638000000000199e-02 -7.233569199999999588e-01 -5.563041999999999813e-03 9.999521000000000104e-01 -8.048731400000000077e-03 -1.922457000000000082e+00 -4.948194000000000203e-02 7.763728600000000327e-03 9.987449000000000465e-01 1.009141000000000048e+02
9.987949999999999884e-01 6.151443000000000362e-03 4.869060000000000055e-02 -6.655319200000000546e-01 -5.864211999999999723e-03 9.999645000000000339e-01 -6.039799400000000346e-03 -1.953028999999999904e+00 -4.872602999999999657e-02 5.746987599999999613e-03 9.987956999999999530e-01 1.020947000000000031e+02
9.988645000000000440e-01 5.468001999999999585e-03 4.732676999999999717e-02 -6.077182199999999757e-01 -5.265286999999999572e-03 9.999763999999999875e-01 -4.406917399999999915e-03 -1.983092999999999995e+00 -4.734975000000000295e-02 4.152723599999999862e-03 9.988696999999999715e-01 1.032788000000000039e+02
9.989556000000000546e-01 5.748434000000000182e-03 4.532807999999999976e-02 -5.505715199999999809e-01 -5.583725000000000320e-03 9.999772999999999579e-01 -3.759517400000000117e-03 -2.012875000000000192e+00 -4.534867000000000065e-02 3.502490599999999801e-03 9.989651000000000503e-01 1.044699999999999989e+02
9.990632000000000401e-01 5.895616999999999698e-03 4.287053999999999865e-02 -4.977483200000000219e-01 -5.765334999999999904e-03 9.999784000000000450e-01 -3.161991399999999983e-03 -2.041117999999999988e+00 -4.288825000000000276e-02 2.911865599999999797e-03 9.990755999999999526e-01 1.056679000000000030e+02
9.991887000000000407e-01 6.377172000000000396e-03 3.976665000000000061e-02 -4.483272200000000263e-01 -6.255911999999999758e-03 9.999753999999999587e-01 -3.173039400000000031e-03 -2.069739000000000217e+00 -3.978591000000000072e-02 2.921687599999999840e-03 9.992039999999999811e-01 1.068671999999999969e+02
9.993208000000000091e-01 7.835241999999999207e-03 3.600760000000000072e-02 -4.053771199999999797e-01 -7.714880000000000349e-03 9.999641999999999697e-01 -3.480448399999999838e-03 -2.098282000000000203e+00 -3.603358000000000255e-02 3.200289600000000029e-03 9.993454999999999977e-01 1.080718999999999994e+02
9.994528999999999774e-01 7.975423000000000581e-03 3.209954000000000279e-02 -3.651076200000000216e-01 -7.874505000000000393e-03 9.999635999999999525e-01 -3.269149399999999976e-03 -2.126999999999999780e+00 -3.212444999999999884e-02 3.014591599999999830e-03 9.994792999999999594e-01 1.092785999999999973e+02
9.995690999999999882e-01 8.622269999999999587e-03 2.805898999999999893e-02 -3.290753200000000045e-01 -8.565552000000000582e-03 9.999609999999999888e-01 -2.141033399999999788e-03 -2.156852999999999909e+00 -2.807636000000000159e-02 1.899769599999999925e-03 9.996040000000000481e-01 1.104916000000000054e+02
9.996793999999999958e-01 8.809001999999999805e-03 2.373857000000000050e-02 -2.985283200000000137e-01 -8.780628000000000391e-03 9.999605999999999772e-01 -1.299316399999999932e-03 -2.185665000000000191e+00 -2.374907999999999880e-02 1.090460599999999898e-03 9.997173999999999783e-01 1.117073000000000036e+02
9.997736999999999874e-01 8.964039999999999508e-03 1.929126000000000105e-02 -2.726718200000000092e-01 -8.955499000000000445e-03 9.999597000000000069e-01 -5.291838600000000519e-04 -2.213401999999999870e+00 -1.929523000000000002e-02 3.563011399999999854e-04 9.998137999999999748e-01 1.129236999999999966e+02
9.998512000000000510e-01 9.347450999999999677e-03 1.450219999999999981e-02 -2.537792200000000276e-01 -9.343926000000000662e-03 9.999563000000000201e-01 -3.109411599999999738e-04 -2.240145000000000053e+00 -1.450447000000000021e-02 1.753873399999999897e-04 9.998947999999999725e-01 1.141424999999999983e+02
9.999025000000000274e-01 1.017828999999999956e-02 9.563340800000000308e-03 -2.415523199999999870e-01 -1.017616000000000007e-02 9.999481999999999537e-01 -2.718616599999999967e-04 -2.267803999999999931e+00 -9.565613199999999788e-03 1.745169400000000056e-04 9.999542000000000153e-01 1.153627999999999929e+02
9.999322000000000488e-01 1.069373000000000025e-02 4.603701800000000247e-03 -2.340717200000000109e-01 -1.069143000000000003e-02 9.999426999999999621e-01 -5.259435600000000009e-04 -2.296829999999999927e+00 -4.609062199999999776e-03 4.766876399999999889e-04 9.999892999999999699e-01 1.165859999999999985e+02
9.999329999999999607e-01 1.157951999999999940e-02 -4.926645000000000330e-05 -2.325711199999999923e-01 -1.157957000000000083e-02 9.999322999999999961e-01 -1.083758399999999907e-03 -2.327574999999999950e+00 3.671372399999999950e-05 1.084255600000000102e-03 9.999993999999999827e-01 1.178115999999999985e+02
9.999029999999999863e-01 1.341513000000000080e-02 -3.741016199999999854e-03 -2.372931199999999963e-01 -1.342028999999999965e-02 9.999090000000000478e-01 -1.356297399999999934e-03 -2.358000999999999792e+00 3.722481799999999980e-03 1.406370600000000090e-03 9.999921000000000504e-01 1.190399000000000029e+02
9.998586000000000418e-01 1.576019000000000031e-02 -5.858555199999999734e-03 -2.464440200000000136e-01 -1.576711000000000085e-02 9.998749999999999583e-01 -1.137254400000000006e-03 -2.388148000000000160e+00 5.839899800000000231e-03 1.229466600000000010e-03 9.999822000000000433e-01 1.202713999999999999e+02
9.998369999999999758e-01 1.671111000000000124e-02 -6.828606200000000154e-03 -2.562318199999999990e-01 -1.672109999999999916e-02 9.998591999999999480e-01 -1.409243400000000047e-03 -2.417424000000000017e+00 6.804095799999999861e-03 1.523195599999999962e-03 9.999757000000000229e-01 1.215013000000000005e+02
9.997911999999999910e-01 1.884223000000000148e-02 -7.907589200000000526e-03 -2.696789199999999886e-01 -1.885055000000000064e-02 9.998217999999999828e-01 -9.793679599999999350e-04 -2.444634999999999891e+00 7.887726799999999691e-03 1.128225600000000049e-03 9.999683000000000321e-01 1.227424000000000035e+02
9.997551999999999550e-01 2.025636000000000103e-02 -8.898890200000000514e-03 -2.835717200000000271e-01 -2.025534999999999836e-02 9.997947999999999835e-01 2.043081400000000059e-04 -2.471499999999999808e+00 8.901203800000000166e-03 -2.400804000000000062e-05 9.999603999999999715e-01 1.239829000000000008e+02
9.997473999999999528e-01 2.029455999999999968e-02 -9.654303200000000432e-03 -2.970155199999999773e-01 -2.029376999999999917e-02 9.997939999999999605e-01 1.809991400000000026e-04 -2.498918999999999890e+00 9.655988799999999303e-03 1.496872999999999992e-05 9.999533999999999923e-01 1.252241000000000071e+02
9.996671999999999780e-01 2.356820000000000095e-02 -1.049308000000000012e-02 -3.168152200000000085e-01 -2.354958999999999872e-02 9.997207999999999650e-01 1.894704600000000081e-03 -2.521615000000000162e+00 1.053481000000000035e-02 -1.646965399999999937e-03 9.999432000000000320e-01 1.264702000000000055e+02
9.996211999999999875e-01 2.520160999999999929e-02 -1.106574999999999920e-02 -3.360760199999999753e-01 -2.514941999999999872e-02 9.996720000000000050e-01 4.830971600000000081e-03 -2.543289000000000133e+00 1.118387000000000027e-02 -4.550843399999999865e-03 9.999270999999999576e-01 1.277202000000000055e+02
9.996376000000000150e-01 2.417675999999999853e-02 -1.184163000000000056e-02 -3.532043200000000160e-01 -2.411481000000000041e-02 9.996949000000000529e-01 5.347019599999999935e-03 -2.561294999999999877e+00 1.196730000000000016e-02 -5.059522399999999594e-03 9.999156000000000155e-01 1.289698999999999955e+02
9.996380999999999739e-01 2.388105999999999909e-02 -1.238522000000000060e-02 -3.704424199999999945e-01 -2.384011000000000116e-02 9.997097999999999818e-01 3.443431600000000040e-03 -2.578125000000000000e+00 1.246386000000000022e-02 -3.146919399999999895e-03 9.999173999999999563e-01 1.302201000000000022e+02
9.996899999999999675e-01 2.116354999999999972e-02 -1.311679999999999964e-02 -3.845450200000000152e-01 -2.111079999999999901e-02 9.997684999999999489e-01 4.147836599999999568e-03 -2.596169999999999867e+00 1.320154999999999940e-02 -3.869644399999999911e-03 9.999054000000000553e-01 1.314755999999999858e+02
9.997230000000000283e-01 1.881769000000000150e-02 -1.413890999999999933e-02 -3.976226199999999822e-01 -1.873313999999999882e-02 9.998059999999999725e-01 6.088650600000000343e-03 -2.614808000000000021e+00 1.425074999999999953e-02 -5.822097400000000172e-03 9.998814999999999786e-01 1.327334999999999923e+02
9.997671000000000197e-01 1.603320999999999913e-02 -1.444670999999999976e-02 -4.133731199999999828e-01 -1.591963999999999879e-02 9.998417000000000554e-01 7.941935599999999998e-03 -2.631356999999999946e+00 1.457175999999999957e-02 -7.710097400000000094e-03 9.998641000000000334e-01 1.339959000000000060e+02
9.997890999999999861e-01 1.427646999999999944e-02 -1.476541999999999959e-02 -4.299121200000000087e-01 -1.413295000000000003e-02 9.998523000000000271e-01 9.779036600000000704e-03 -2.646139999999999937e+00 1.490285000000000047e-02 -9.568293400000000420e-03 9.998432000000000430e-01 1.352592999999999961e+02
9.998428999999999789e-01 9.895167999999999325e-03 -1.470928999999999987e-02 -4.438867200000000124e-01 -9.781329000000000065e-03 9.999217999999999718e-01 7.791336599999999606e-03 -2.660055999999999976e+00 1.478523999999999984e-02 -7.646234400000000153e-03 9.998614999999999586e-01 1.365226000000000113e+02
9.998650000000000038e-01 7.231493999999999769e-03 -1.475430999999999965e-02 -4.570556199999999958e-01 -7.142444999999999870e-03 9.999559999999999560e-01 6.079342599999999937e-03 -2.675991999999999926e+00 1.479761999999999918e-02 -5.973139399999999842e-03 9.998726999999999476e-01 1.377895000000000039e+02
9.998778000000000388e-01 5.644587999999999862e-03 -1.457692000000000015e-02 -4.720570199999999939e-01 -5.557022000000000003e-03 9.999662999999999746e-01 6.040788600000000265e-03 -2.693213000000000079e+00 1.461053000000000004e-02 -5.959045399999999756e-03 9.998755000000000281e-01 1.390568000000000097e+02
9.998820000000000485e-01 5.598248000000000113e-03 -1.430578000000000058e-02 -4.908150199999999908e-01 -5.506330999999999726e-03 9.999639999999999640e-01 6.456573600000000378e-03 -2.711316000000000059e+00 1.434142000000000056e-02 -6.377037399999999599e-03 9.998768000000000100e-01 1.403306000000000040e+02
9.998896999999999924e-01 5.971144999999999751e-03 -1.360250999999999995e-02 -5.099508200000000269e-01 -5.859503999999999754e-03 9.999489000000000294e-01 8.232570599999999156e-03 -2.728134100000000117e+00 1.365098000000000006e-02 -8.151956400000000269e-03 9.998736000000000290e-01 1.416059999999999945e+02
9.998799999999999910e-01 8.591961999999999863e-03 -1.289360999999999979e-02 -5.316574200000000472e-01 -8.463477999999999973e-03 9.999143000000000336e-01 9.986779600000000520e-03 -2.744134100000000132e+00 1.297830999999999985e-02 -9.876454399999999925e-03 9.998669999999999503e-01 1.428802000000000021e+02
9.998865999999999588e-01 8.660587000000000840e-03 -1.231871000000000008e-02 -5.501461199999999607e-01 -8.547756999999999578e-03 9.999213000000000129e-01 9.182759599999999744e-03 -2.759529099999999957e+00 1.239727000000000016e-02 -9.076419400000000637e-03 9.998820000000000485e-01 1.441529999999999916e+02
9.998890000000000278e-01 8.954281999999999173e-03 -1.191151000000000015e-02 -5.681071199999999655e-01 -8.876444000000000695e-03 9.999390000000000223e-01 6.571728599999999976e-03 -2.775354099999999935e+00 1.196963000000000020e-02 -6.465265399999999690e-03 9.999074999999999491e-01 1.454241000000000099e+02
9.998924999999999619e-01 9.105109999999999593e-03 -1.149424999999999926e-02 -5.862240199999999568e-01 -9.053900999999999616e-03 9.999489000000000294e-01 4.499612600000000261e-03 -2.794830099999999984e+00 1.153464000000000052e-02 -4.395060400000000249e-03 9.999238000000000293e-01 1.466939999999999884e+02
9.999061000000000199e-01 7.812498000000000185e-03 -1.125844999999999971e-02 -6.015689300000000017e-01 -7.808798999999999949e-03 9.999694000000000083e-01 3.725594399999999852e-04 -2.818864099999999873e+00 1.126102000000000006e-02 -2.846093599999999831e-04 9.999365999999999532e-01 1.479610999999999876e+02
9.999109999999999943e-01 7.891192999999999472e-03 -1.075911000000000055e-02 -6.184009299999999598e-01 -7.925180000000000419e-03 9.999637000000000109e-01 -3.119781399999999993e-03 -2.844547100000000217e+00 1.073409999999999989e-02 3.204770599999999785e-03 9.999373000000000289e-01 1.492270000000000039e+02
9.999147000000000451e-01 7.643518999999999661e-03 -1.059072999999999959e-02 -6.344428300000000132e-01 -7.688831999999999611e-03 9.999614000000000003e-01 -4.244256400000000207e-03 -2.875057099999999810e+00 1.055788000000000039e-02 4.325324600000000387e-03 9.999348999999999599e-01 1.504924000000000035e+02
9.999150999999999456e-01 7.470657000000000339e-03 -1.068148000000000014e-02 -6.492857300000000054e-01 -7.512241999999999705e-03 9.999643000000000281e-01 -3.858175399999999849e-03 -2.908757099999999873e+00 1.065227000000000014e-02 3.938088600000000383e-03 9.999354999999999771e-01 1.517562000000000069e+02
9.999103999999999770e-01 8.117232999999999740e-03 -1.064694000000000057e-02 -6.669047299999999456e-01 -8.155001999999999737e-03 9.999605999999999772e-01 -3.508696400000000087e-03 -2.939717100000000194e+00 1.061804000000000046e-02 3.595207600000000208e-03 9.999371999999999705e-01 1.530247999999999990e+02
9.999008000000000340e-01 8.932264000000000523e-03 -1.088975000000000012e-02 -6.841745299999999474e-01 -8.957684000000000479e-03 9.999571999999999905e-01 -2.287657399999999935e-03 -2.969914100000000001e+00 1.086884999999999935e-02 2.384977600000000135e-03 9.999381000000000519e-01 1.542882999999999925e+02
9.998936999999999964e-01 9.403346999999999400e-03 -1.114181000000000026e-02 -7.034750300000000012e-01 -9.423054999999999626e-03 9.999540999999999569e-01 -1.717437399999999963e-03 -2.997619100000000092e+00 1.112515000000000032e-02 1.822244599999999978e-03 9.999365000000000059e-01 1.555533000000000072e+02
9.998850000000000238e-01 9.671333000000000707e-03 -1.168366000000000023e-02 -7.212308299999999894e-01 -9.694938000000000167e-03 9.999510000000000343e-01 -1.965176400000000038e-03 -3.024885100000000104e+00 1.166408000000000028e-02 2.078222600000000000e-03 9.999297999999999798e-01 1.568169000000000040e+02
