-1.857739385241000086e-03 -9.999659513509999709e-01 -8.039975204515999174e-03 -4.784029760482999896e-03 -6.481465826010999673e-03 8.051860151134000373e-03 -9.999466081773999981e-01 -7.337429464231000342e-02 9.999773098287000339e-01 -1.805528627661000035e-03 -6.496203536139000256e-03 -3.339968064432999872e-01
-4.195582188356068590e-04 -9.999610641622159735e-01 -8.814353287116324237e-03 -1.317216412930926478e-02 -7.039442553238933753e-03 8.817088500877126936e-03 -9.999363804082231910e-01 -9.962754169904097790e-02 9.999751750378809145e-01 -3.574825740309706015e-04 -7.042867875336592670e-03 8.712501956837485073e-01
1.181871625911245930e-03 -9.999585336606275909e-01 -9.029171607800865959e-03 -1.722622268390750638e-02 -6.451319419204767751e-03 9.021365149608058520e-03 -9.999385272079365228e-01 -1.202965881362737660e-01 9.999785320521960008e-01 1.240049916341222315e-03 -6.440389967049453893e-03 2.068627063984144865e+00
2.572011002383482216e-03 -9.999601140144080968e-01 -8.552815014638798924e-03 -1.867013992160989483e-02 -5.864055037105651846e-03 8.537613837398174560e-03 -9.999463856793913141e-01 -1.432260021184471876e-01 9.999795409246075018e-01 2.622028031954276670e-03 -5.841862396386979413e-03 3.265096210080937311e+00
3.304013438520752438e-03 -9.999588204049930651e-01 -8.451769360208518864e-03 -2.080489551634027295e-02 -6.051300924283565391e-03 8.431667234792120103e-03 -9.999461701087486443e-01 -1.746696140880227566e-01 9.999762770917263177e-01 3.354980635910552976e-03 -6.023193491837441037e-03 4.462183902385024048e+00
4.304066771690356202e-03 -9.999573967533520458e-01 -8.166044098253433942e-03 -2.084449171060483857e-02 -6.149884120841291393e-03 8.139495913411814998e-03 -9.999479937043073141e-01 -1.928600834969407818e-01 9.999718658653921066e-01 4.354063932407154121e-03 -6.114589299723067681e-03 5.656330619765118861e+00
5.231554984464293311e-03 -9.999542273484391952e-01 -8.010703373871864985e-03 -2.132278636913009784e-02 -6.878351519205238261e-03 7.974639140781395602e-03 -9.999445739669793332e-01 -2.216834450968461212e-01 9.999626971509777418e-01 5.286366336248451633e-03 -6.836317056767489755e-03 6.854570798646224539e+00
6.033341391646561760e-03 -9.999461080699737492e-01 -8.448144263478493676e-03 -2.079503637737629973e-02 -7.284896398666195448e-03 8.404121826692237743e-03 -9.999381744878370615e-01 -2.464963183994166029e-01 9.999553014855372401e-01 6.094513099214406843e-03 -7.233799020636041445e-03 8.050168280160157508e+00
6.280499882574380917e-03 -9.999466491756533459e-01 -8.200104016955100245e-03 -1.612274428492643102e-02 -5.863038077361929466e-03 8.163301939218547965e-03 -9.999495191615855871e-01 -2.716374951004442706e-01 9.999631265452456619e-01 6.328261250854368483e-03 -5.811455818714886777e-03 9.259736051379453770e+00
5.314550344239440255e-03 -9.999591683798229047e-01 -7.308988839833824649e-03 -1.487408565587148082e-02 -5.013793355050666714e-03 7.282353880330583694e-03 -9.999609488407470437e-01 -2.964560316949542695e-01 9.999733466465688947e-01 5.350989405602231061e-03 -4.974886361235260866e-03 1.046003734255692663e+01
3.034747487426496700e-03 -9.999770783016329601e-01 -6.052816927858253697e-03 -1.520847021451707075e-02 -5.400521945747882059e-03 6.036366952170985761e-03 -9.999672235578118684e-01 -3.201869207110917825e-01 9.999808549717073003e-01 3.067337211465517247e-03 -5.382079363687598816e-03 1.165753517856688148e+01
9.425514559705576662e-04 -9.999801381697269731e-01 -6.232208982771355113e-03 -1.447476885411691852e-02 -5.955360733227011046e-03 6.226487470417469902e-03 -9.999629157602607510e-01 -3.456837342703177329e-01 9.999818620728119223e-01 9.796323476142382043e-04 -5.949373794220742979e-03 1.285084945775879994e+01
-4.587556165035006290e-04 -9.999789870914763679e-01 -6.466512959664020774e-03 -1.958501993716144085e-02 -5.976422391718323908e-03 6.469139270217970882e-03 -9.999612476956026841e-01 -3.708810386738264908e-01 9.999820723049173132e-01 -4.200905477166605169e-04 -5.979264718908573056e-03 1.404196277155477368e+01
-1.596496475720273270e-03 -9.999639411875653749e-01 -8.340268564134263249e-03 -2.992332075407277969e-02 -6.079508139522229668e-03 8.349830115491728086e-03 -9.999466855945134958e-01 -3.931377314791669741e-01 9.999802904924910418e-01 -1.545705874852376389e-03 -6.092619484500347467e-03 1.523657951224976870e+01
-1.607053406458118896e-03 -9.999669288403643108e-01 -7.972489301772430967e-03 -3.659832929613178465e-02 -6.035595176454733139e-03 7.982053057228323881e-03 -9.999499611121789311e-01 -4.192429088120289138e-01 9.999805355064073087e-01 -1.558853528828230790e-03 -6.048223285972241688e-03 1.643779026471645111e+01
-1.735439625227058573e-03 -9.999723441127766899e-01 -7.230918871079793607e-03 -4.282120308622848481e-02 -5.483387680590606598e-03 7.240336304575678908e-03 -9.999587824358958654e-01 -4.436934953496203815e-01 9.999834961796186805e-01 -1.695717417048219324e-03 -5.495801367883488241e-03 1.763644452309070587e+01
-2.634193270379206388e-03 -9.999732010147746042e-01 -6.830701737566943071e-03 -5.359177208453579089e-02 -5.384237389004276758e-03 6.844808720284889861e-03 -9.999621088978699612e-01 -4.663441107417192200e-01 9.999820791371876183e-01 -2.597314607551124300e-03 -5.402123776279647328e-03 1.883057589649648378e+01
-2.960954263595335680e-03 -9.999711466298790707e-01 -6.994951879394971025e-03 -6.083601517238692441e-02 -6.235883028135098642e-03 7.013309673254965355e-03 -9.999559980018747352e-01 -4.943518816364217416e-01 9.999762120552464495e-01 -2.917203522098414138e-03 -6.256469376799721378e-03 2.003109524413570242e+01
-3.645423703181791941e-03 -9.999664346719036034e-01 -7.337828231171174449e-03 -6.756510484686710505e-02 -7.171038746410288850e-03 7.363828687400136158e-03 -9.999472067632859673e-01 -5.205501741181804976e-01 9.999676791161087319e-01 -3.592610671269559890e-03 -7.197642492724616071e-03 2.122036902079502951e+01
-4.542012775582922324e-03 -9.999620376728263205e-01 -7.435861482297217995e-03 -7.984506486585422891e-02 -6.644851238533907266e-03 7.465953937320008935e-03 -9.999500811247793441e-01 -5.439851823241405038e-01 9.999676439533377037e-01 -4.492375169991342891e-03 -6.678509591813825384e-03 2.242118065824772799e+01
-4.626198519155011284e-03 -9.999608596134580418e-01 -7.541582348644635531e-03 -9.572500556170543407e-02 -6.711092873831286942e-03 7.572538976853714424e-03 -9.999488335276421891e-01 -5.685667046591773577e-01 9.999668181965536418e-01 -4.575348843597065382e-03 -6.745862380978620218e-03 2.361695806215130133e+01
-5.945476833636925869e-03 -9.999512260361046456e-01 -7.886605861178126731e-03 -1.025100703809995323e-01 -7.490599081492463514e-03 7.931058009309828460e-03 -9.999405271935938311e-01 -5.964575851254662053e-01 9.999543146949710914e-01 -5.886047164018205421e-03 -7.537387811041045514e-03 2.481389593889155165e+01
-6.405920470559078525e-03 -9.999434271387787065e-01 -8.491110680776630878e-03 -1.154502756046898726e-01 -6.937447803742570994e-03 8.535520008670699141e-03 -9.999395416194171160e-01 -6.234949256238911941e-01 9.999554545679207873e-01 -6.346625763918897593e-03 -6.991733399964116490e-03 2.601913910229876947e+01
-7.442876327963209721e-03 -9.999471179220267292e-01 -7.096414292526818414e-03 -1.269771069555384047e-01 -5.247543581851883861e-03 7.135569467142679166e-03 -9.999608034845487436e-01 -6.447258512880591486e-01 9.999585713018529498e-01 -7.405345159593264628e-03 -5.300375322856174486e-03 2.721099322058151770e+01
-8.238787006455666750e-03 -9.999471281407468215e-01 -6.152623811741773051e-03 -1.411136652709621409e-01 -4.868610844473267134e-03 6.192871140793395138e-03 -9.999690070278395293e-01 -6.700878215087857637e-01 9.999542486488782744e-01 -8.208576135574340363e-03 -4.919375302085014258e-03 2.840533277204658091e+01
-8.748171526702867851e-03 -9.999437320426648457e-01 -6.000141231905818835e-03 -1.596199629494189642e-01 -5.924338060922943253e-03 6.052093171567473479e-03 -9.999641625081628904e-01 -6.974805866810805943e-01 9.999442294579086177e-01 -8.712310444564009757e-03 -5.976949521675851452e-03 2.962082452480609263e+01
-1.009436837032457943e-02 -9.999345453776070647e-01 -5.386189839175819540e-03 -1.702269070804973417e-01 -6.879764879251140663e-03 5.455785613636162171e-03 -9.999614788076465199e-01 -7.192254787234341196e-01 9.999254255819012283e-01 -1.005692314309408752e-02 -6.934387367906249926e-03 3.080909393911644401e+01
-1.039343255274720150e-02 -9.999296164331652470e-01 -5.721730145229881465e-03 -1.886466377707853026e-01 -6.941839545240684195e-03 5.794052913104768936e-03 -9.999591545078644339e-01 -7.424678227418203269e-01 9.999219275843609367e-01 -1.035328806708052732e-02 -7.001571239062654058e-03 3.201436352073788072e+01
-1.133684095620966607e-02 -9.999219776312909813e-01 -5.245354792695076061e-03 -2.056549738258360016e-01 -6.596388171071511895e-03 5.320363118805520805e-03 -9.999641184869901833e-01 -7.675403882624447505e-01 9.999140138290927293e-01 -1.130183317950167639e-02 -6.656189767371803109e-03 3.320616155508437828e+01
-1.205035463178761798e-02 -9.999144995902288224e-01 -5.076599426951154334e-03 -2.243537946742771572e-01 -6.117833228944035209e-03 5.150598804450106510e-03 -9.999680529596844947e-01 -7.947703182361660623e-01 9.999087199239791168e-01 -1.201891103733648998e-02 -6.179376837683280693e-03 3.440730667891070027e+01
-1.209641699696384007e-02 -9.999190133042745732e-01 -3.953763773858962050e-03 -2.442966106761204348e-01 -6.338812703790054973e-03 4.030654798450140040e-03 -9.999718216048314456e-01 -8.214411312946194865e-01 9.999067820371753124e-01 -1.207101348749167226e-02 -6.387056037918541901e-03 3.560855411794599235e+01
-1.294107769164149976e-02 -9.999066915968244373e-01 -4.373518556296275388e-03 -2.649529105027750298e-01 -6.105748866083808221e-03 4.452823439208344024e-03 -9.999714735579232627e-01 -8.423552130026678020e-01 9.998976632659603014e-01 -1.291400452119663075e-02 -6.162803590297045303e-03 3.680121234798611596e+01
-1.278840634163508176e-02 -9.999130961729095768e-01 -3.200723532514514625e-03 -2.836818670801046771e-01 -5.688935352546072195e-03 3.273690712196382271e-03 -9.999784927643162735e-01 -8.716131163309788210e-01 9.999020785523702326e-01 -1.276992164640864888e-02 -5.730306450065515353e-03 3.801138847723325398e+01
-1.302209684643229788e-02 -9.999086787918884944e-01 -3.613024437834414827e-03 -3.011083362734109370e-01 -4.452782085687060493e-03 3.671283309608295610e-03 -9.999833792657790710e-01 -8.921534331609581869e-01 9.999053365754295708e-01 -1.300579182835259230e-02 -4.500183398017415515e-03 3.920470514499189107e+01
-1.281719540542496788e-02 -9.999095018039788618e-01 -4.087620339302077029e-03 -3.232767687786685662e-01 -3.580367476192388571e-03 4.133822866845421502e-03 -9.999850768381169930e-01 -9.169459610049216503e-01 9.999114818938745763e-01 -1.280236779095715073e-02 -3.633027529958250939e-03 4.039969648099692989e+01
-1.230812975815212887e-02 -9.999143041608857807e-01 -4.460685484779141133e-03 -3.436975955505104929e-01 -4.022770150364377365e-03 4.510502611235056060e-03 -9.999817669763934047e-01 -9.394788329680000549e-01 9.999162002945626293e-01 -1.228996060772310009e-02 -4.077941365837506847e-03 4.160800701276882307e+01
-1.238228798691481947e-02 -9.999078381049280040e-01 -5.567487519785381707e-03 -3.648320788662209879e-01 -4.081486698677590230e-03 5.618408562550223501e-03 -9.999759154828848917e-01 -9.627162817837870978e-01 9.999150519325258335e-01 -1.235926531941782328e-02 -4.150679344782734481e-03 4.280761045379422569e+01
-1.136976562150447852e-02 -9.998966084857535686e-01 -8.803237613739309589e-03 -3.915285096318550928e-01 -2.359188192818994622e-03 8.830605763496595859e-03 -9.999582564339746238e-01 -9.804581347336087660e-01 9.999326163527273437e-01 -1.134852189682082797e-02 -2.459346252946247556e-03 4.400627116022307206e+01
-1.018851507782657893e-02 -9.999085207860637370e-01 -8.896151426982898403e-03 -4.101504628080930859e-01 5.790695310143767656e-04 8.890711257165805070e-03 -9.999603388952482685e-01 -1.002620827536684356e+00 9.999479653730516393e-01 -1.019326184872440359e-02 4.884333637765941654e-04 4.520487721215528154e+01
-8.488941779432759502e-03 -9.999199793113161538e-01 -9.379276887126437173e-03 -4.312044545423515673e-01 3.235691308611607364e-03 9.352097893532378484e-03 -9.999510634160785338e-01 -1.017244147171794788e+00 9.999587717844681256e-01 -8.518874146728876509e-03 3.156042905616550896e-03 4.641291082685701497e+01
-6.069995313117956814e-03 -9.999377071478661172e-01 -9.366127633803924407e-03 -4.381105254885319655e-01 6.500032745964237635e-03 9.326647588604249084e-03 -9.999354111370948317e-01 -1.026737716510859544e+00 9.999604933103366511e-01 -6.130482649777183046e-03 6.443015030632649048e-03 4.761572985425612359e+01
-5.263147314279789830e-03 -9.999468855710738069e-01 -8.861111867828088545e-03 -4.533892284995687527e-01 8.025330498509610985e-03 8.818711308292731532e-03 -9.999289358628251634e-01 -1.040699241942886655e+00 9.999539882396537571e-01 -5.333885933110209775e-03 7.978490151399010924e-03 4.881502728840004579e+01
-3.554587206135316826e-03 -9.999649811922827203e-01 -7.576245183657226261e-03 -4.587060228340616996e-01 6.494777789595972996e-03 7.553046960586048963e-03 -9.999504129228737881e-01 -1.045486358451288122e+00 9.999726324977276093e-01 -3.603616309984110453e-03 6.467702492987647753e-03 5.001852378839800650e+01
-2.032113147189396844e-03 -9.999645632733261680e-01 -8.169491820189502332e-03 -4.695809935643196487e-01 4.645759753783049173e-03 8.159979546513007956e-03 -9.999559490350905522e-01 -1.059309762386217990e+00 9.999871868414016429e-01 -2.069976368567634159e-03 4.629013645011311254e-03 5.123111360143510495e+01
-1.543434206647654929e-03 -9.999596659251061004e-01 -8.847193627327425841e-03 -4.796988265771885418e-01 4.293682078877265884e-03 8.840495305345889496e-03 -9.999517319577484464e-01 -1.059434869573470994e+00 9.999896327555368725e-01 -1.581345984592595231e-03 4.279864034568062366e-03 5.242784924505961186e+01
-7.408474168635353256e-04 -9.999659090182368981e-01 -8.223331846326327119e-03 -4.845273934319092035e-01 3.886467763523367147e-03 8.220392227322568732e-03 -9.999586921548706542e-01 -1.081217661479613845e+00 9.999922144652666489e-01 -7.727757974316331636e-04 3.880244794711086142e-03 5.364128872158384098e+01
-2.209363620702224640e-03 -9.999678684401853701e-01 -7.706030580892004635e-03 -4.944387247809781671e-01 2.924415484397102812e-03 7.699554981802041523e-03 -9.999661112608685398e-01 -1.094794387639685063e+00 9.999933208625395586e-01 -2.231823660048011439e-03 2.907310363942870821e-03 5.483846457265416774e+01
-3.867736337011637437e-03 -9.999615504412815437e-01 -7.870085664847236914e-03 -5.035604750116648987e-01 2.891110048830634535e-03 7.858929310058724096e-03 -9.999649687782261598e-01 -1.103201309306882427e+00 9.999883840590488848e-01 -3.890353399923564357e-03 2.860602633860442282e-03 5.604446459940401581e+01
-4.586295625257428947e-03 -9.999604095254090996e-01 -7.625447894471937965e-03 -5.098244753056494494e-01 4.124226490102645901e-03 7.606548109094375329e-03 -9.999625966074882077e-01 -1.116993899814108460e+00 9.999810213977197160e-01 -4.617572439904775276e-03 4.089177957848423237e-03 5.724317186201646024e+01
-6.205545784020777798e-03 -9.999511992677259098e-01 -7.686771524398117172e-03 -5.248188916467579901e-01 4.798201576685531128e-03 7.657055354366500838e-03 -9.999591991500885735e-01 -1.128345380786500485e+00 9.999692713328712790e-01 -6.242174662400187292e-03 4.750451112884774597e-03 5.846137717175386683e+01
-6.434827968307944845e-03 -9.999425145202599507e-01 -8.576019865231496522e-03 -5.360320008897544453e-01 4.485657239214038867e-03 8.547246609572895296e-03 -9.999534401858998223e-01 -1.141696144605388152e+00 9.999692796413521823e-01 -6.472996740538600885e-03 4.430399160542997095e-03 5.966740527060221666e+01
-7.674608194307063792e-03 -9.999289791757335344e-01 -9.117560607714295801e-03 -5.573436957480849552e-01 4.138070598918279323e-03 9.085992823966774351e-03 -9.999501921118778558e-01 -1.158407462167215352e+00 9.999620234176972433e-01 -7.711954442633868825e-03 4.068044920524908729e-03 6.087685790558479937e+01
-7.265362587453963981e-03 -9.999471566121423960e-01 -7.273169243740788305e-03 -5.777830857389316677e-01 2.970377207049102429e-03 7.251747665388081666e-03 -9.999693280396995121e-01 -1.186044993852801488e+00 9.999692354888626289e-01 -7.286743125806634247e-03 2.917533690520295389e-03 6.328332160026505449e+01
-8.231243668404494146e-03 -9.999375964104069148e-01 -7.553539184104629718e-03 -5.995774709676965353e-01 3.733686736106972635e-03 7.523008849684946833e-03 -9.999647617415301504e-01 -1.203171943790933840e+00 9.999591882698660728e-01 -8.259155538185619996e-03 3.671530001960129647e-03 6.448720651784606162e+01
-8.152139856756376868e-03 -9.999472544493087645e-01 -6.246828994819971469e-03 -6.085488632713755841e-01 5.322278122616732471e-03 6.203558915820263885e-03 -9.999666209994273469e-01 -1.207628099709309399e+00 9.999526514754825124e-01 -8.185114463533316176e-03 5.271424908335368975e-03 6.568915133833267816e+01
-8.696392263360381084e-03 -9.999396350030534952e-01 -6.714951172539115193e-03 -6.210653518357297509e-01 4.191340321924357827e-03 6.678695392214539610e-03 -9.999689420347896984e-01 -1.228208676462601456e+00 9.999534402803951227e-01 -8.724266204906122937e-03 4.133006293117484110e-03 6.689026204408619947e+01
-8.905560092980309081e-03 -9.999168567226572879e-01 -9.325541179513474957e-03 -6.466087965959874673e-01 2.621246030741028899e-03 9.302534921461947867e-03 -9.999533218325329376e-01 -1.245639456633329756e+00 9.999569452690773019e-01 -8.929588338815562867e-03 2.538183825437600495e-03 6.808211475364468868e+01
-8.499643116288894615e-03 -9.999007562886950140e-01 -1.123523695339497842e-02 -6.595399929170410180e-01 2.856654378218047730e-03 1.121131659108157673e-02 -9.999331048165220892e-01 -1.253923418770822140e+00 9.999598352136105373e-01 -8.531168953503351360e-03 2.761078621258480567e-03 6.927956130562674275e+01
-8.647649181610334718e-03 -9.998881525762121081e-01 -1.220200161005338332e-02 -6.785068410662370431e-01 3.273064541286231557e-03 1.217408877780846825e-02 -9.999205710667488090e-01 -1.269067655697080133e+00 9.999572891471546487e-01 -8.686899510521485859e-03 3.167421115083975461e-03 7.046824498077201326e+01
-8.058857837476850888e-03 -9.998631774850161857e-01 -1.444544342868813412e-02 -7.001931446934503978e-01 3.655162508874489850e-03 1.441636135756743479e-02 -9.998894326798559717e-01 -1.277743979214935433e+00 9.999608896043534756e-01 -8.110766481882258211e-03 3.538482858376526454e-03 7.166103361891127577e+01
-7.342297988979998823e-03 -9.998681173476595685e-01 -1.448563173532824502e-02 -7.140093217197849285e-01 4.561907237261977020e-03 1.445237887384016526e-02 -9.998851844659025767e-01 -1.296327433407462149e+00 9.999626778606497401e-01 -7.407536399359199511e-03 4.455191607976223891e-03 7.284742551930331445e+01
-5.300980265284014649e-03 -9.998499293642659769e-01 -1.649272546152256644e-02 -7.287289468506076284e-01 5.151306361065153931e-03 1.646543441280762590e-02 -9.998511957382172355e-01 -1.304364645156327773e+00 9.999727204941880609e-01 -5.385149809185022472e-03 5.063250095271535495e-03 7.403927522071069234e+01
-2.157874286489266501e-03 -9.998844960153460137e-01 -1.504428655414967453e-02 -7.414150916114052858e-01 3.608517353309988358e-03 1.503643738962244167e-02 -9.998804689840956605e-01 -1.317844538896860485e+00 9.999912004506399388e-01 -2.211903172089539106e-03 3.575653308665003530e-03 7.521723710699899357e+01
-1.490492528639382594e-04 -9.999213090260402614e-01 -1.254427639540272275e-02 -7.410365035125413558e-01 -1.424492617821434496e-03 1.254447568046338987e-02 -9.999203277509873811e-01 -1.347996467559802625e+00 9.999990112198763326e-01 -1.311673345732568350e-04 -1.426250367163693330e-03 7.639197613153942257e+01
2.708707843156562232e-03 -9.999037597389442977e-01 -1.360660584387897790e-02 -7.480474235209116918e-01 -2.725964885296985451e-03 1.359922169326138047e-02 -9.999038435588700757e-01 -1.359490264094151746e+00 9.999926545932616984e-01 2.745539372610798952e-03 -2.688866306833890586e-03 7.757279049868608922e+01
5.291755824961294138e-03 -9.999016906888366085e-01 -1.298502039919146971e-02 -7.510012057462276402e-01 9.005952681041212802e-04 1.298996192888750463e-02 -9.999152555423069799e-01 -1.373830400883099268e+00 9.999856284857716604e-01 5.279613923475201531e-03 9.692463687284358018e-04 7.875641401844519862e+01
8.614454132929100574e-03 -9.998922288805064396e-01 -1.188733921328327149e-02 -7.395893331862234410e-01 2.492787255921080549e-03 1.190921622132563168e-02 -9.999260033858121677e-01 -1.391375060834525224e+00 9.999598303407299937e-01 8.584185233212230162e-03 2.595110034123161626e-03 7.992019400397384743e+01
1.319508715399049341e-02 -9.998258598674601982e-01 -1.319640494347777866e-02 -7.308813151475116454e-01 8.942446977606891651e-04 1.320934792317055365e-02 -9.999123799023137416e-01 -1.403842588853353002e+00 9.999125779851879559e-01 1.318213098778889952e-02 1.068387367391365880e-03 8.109202305698779867e+01
1.622079083125787732e-02 -9.997997814289761864e-01 -1.171689482626244415e-02 -7.196195961651795647e-01 -2.130156899302800867e-03 1.168385454717356386e-02 -9.999295015879591242e-01 -1.422324006520028883e+00 9.998662053412189499e-01 1.624460673747132877e-02 -1.940209071697057610e-03 8.225096558185403239e+01
2.009457843950782779e-02 -9.997339098728180717e-01 -1.132759483228036081e-02 -7.017389423737541154e-01 -5.709532648230422266e-03 1.121495086296187341e-02 -9.999208386471940546e-01 -1.446620302250342105e+00 9.997818203041283214e-01 2.015766403053485464e-02 -5.482653770295276875e-03 8.341655986550634339e+01
2.299959525082614226e-02 -9.996820173278123667e-01 -1.033848304999366273e-02 -6.828191444046978198e-01 -6.494169073717741270e-03 1.019160512709266740e-02 -9.999270065437856347e-01 -1.472746905615909485e+00 9.997144199373658724e-01 2.306505785732283070e-02 -6.257701374705396981e-03 8.457854513436049615e+01
3.058339968447252796e-02 -9.994716602776535508e-01 -1.100217340129818616e-02 -6.225590368256088691e-01 -4.456826220558504290e-03 1.087085214947984199e-02 -9.999310046274377806e-01 -1.517552792494299307e+00 9.995223192568533088e-01 3.063032643013001086e-02 -4.122004029515805024e-03 8.691583389633426293e+01
3.382826846464676018e-02 -9.993688269797030843e-01 -1.084430669415095520e-02 -5.926927564881026012e-01 -6.249305928768256017e-03 1.063879255977573379e-02 -9.999239076616021071e-01 -1.546159482038030442e+00 9.994081668801692020e-01 3.389346468601008716e-02 -5.885469681462453251e-03 8.806631616436439458e+01
3.780669942306245923e-02 -9.992263581154376961e-01 -1.083225341006449453e-02 -5.523549987447464726e-01 -8.772098983684953680e-03 1.050772325112060354e-02 -9.999063462832794569e-01 -1.571321695999839729e+00 9.992466126901328183e-01 3.789818202588493556e-02 -8.368050326830148156e-03 8.921965827603344223e+01
4.082492357335182342e-02 -9.991093612448408434e-01 -1.066792459310492679e-02 -5.116087853120505624e-01 -9.211523678216869057e-03 1.030001932775693844e-02 -9.999045529448470360e-01 -1.592881657252894989e+00 9.991238888511720928e-01 4.091929594327105291e-02 -8.782822168122456086e-03 9.035979819375674538e+01
4.369355042377170290e-02 -9.989997280123933399e-01 -9.508234338908044814e-03 -4.662751696319343830e-01 -7.995404083244343069e-03 9.167352545408940373e-03 -9.999260472357892615e-01 -1.621552094380578124e+00 9.990130277228447264e-01 4.376634210240042122e-02 -7.586852447902779802e-03 9.151120980403732119e+01
4.679960801771690382e-02 -9.988705002433938551e-01 -8.217001198922704516e-03 -4.189420325327843364e-01 -6.512980711535344344e-03 7.920710088131525592e-03 -9.999474517902168236e-01 -1.645942693837673554e+00 9.988831032834304402e-01 4.685066733671942873e-02 -6.134938315665685801e-03 9.266946002424781170e+01
4.893048297557757442e-02 -9.987733006286132476e-01 -7.595835989517148341e-03 -3.630446649713570118e-01 -4.896991988161280944e-03 7.364960709639236519e-03 -9.999609186792249860e-01 -1.667216550982525192e+00 9.987902237523359483e-01 4.896576900062259152e-02 -4.530613936273513755e-03 9.382445728154473841e+01
5.207766609737147362e-02 -9.986242773830854569e-01 -6.120778707526346001e-03 -3.075970429962789354e-01 -3.884971553222422384e-03 5.926457350312081852e-03 -9.999749227560813525e-01 -1.687449321295943827e+00 9.986355162486656445e-01 5.210014060954897691e-02 -3.570990980819474699e-03 9.498374854887892127e+01
5.389118594139877261e-02 -9.985334298375140305e-01 -5.169169245312884957e-03 -2.481671726062665284e-01 -5.805204943792840327e-03 4.863303300848611024e-03 -9.999713574640942682e-01 -1.713738460524114826e+00 9.985299769648262602e-01 5.391965101621048334e-02 -5.534602224119424853e-03 9.613192070685110480e+01
5.606385749161748450e-02 -9.984187932087392747e-01 -4.092107519069807312e-03 -1.898753810702586420e-01 -9.405232829150364168e-03 3.570251396717371174e-03 -9.999494283397974970e-01 -1.740353853179472443e+00 9.983829264156730554e-01 5.609951074724957298e-02 -9.190199353461363935e-03 9.729637100663842375e+01
5.870069718398802233e-02 -9.982639679875803251e-01 -4.823952300667081784e-03 -1.279784391866896631e-01 -1.219716796584504812e-02 4.114712918270086242e-03 -9.999171753480141644e-01 -1.763144328261898819e+00 9.982011550042461101e-01 5.875467574120246672e-02 -1.193445697244007765e-02 9.845249360529453497e+01
5.980861782894059814e-02 -9.981978312528552166e-01 -4.900512517933212041e-03 -6.119492242999077791e-02 -1.326629438385345909e-02 4.114014450149391759e-03 -9.999035709164166841e-01 -1.789817653158877420e+00 9.981217419169177152e-01 5.986786342719816606e-02 -1.299633300457046434e-02 9.963385469007637596e+01
6.092118414790737013e-02 -9.981300114965380166e-01 -5.008749446747630917e-03 2.326926781782576170e-03 -1.262109502736648813e-02 4.247355127050839001e-03 -9.999113629683333837e-01 -1.818705687388556314e+00 9.980628192699806389e-01 6.097900196324063105e-02 -1.233874001040057532e-02 1.007962069281210660e+02
5.981213707455218520e-02 -9.981978463827456682e-01 -4.855069200477052545e-03 6.665350582913129318e-02 -1.086621169889634593e-02 4.212398995868416388e-03 -9.999321194527465151e-01 -1.847004319841431652e+00 9.981505451637441295e-01 5.986083391506066137e-02 -1.059467663115248696e-02 1.019770099014712628e+02
5.857677875722606259e-02 -9.982741054240341638e-01 -4.190953382627767010e-03 1.363160912326023821e-01 -9.341238090836461588e-03 3.649861528698297285e-03 -9.999497360602860319e-01 -1.877344003253502480e+00 9.982392362742897873e-01 5.861298476381655853e-02 -9.111319081541703613e-03 1.031640997018821224e+02
5.709391130649582591e-02 -9.983583892251702840e-01 -4.560640132647001375e-03 1.982746469190534155e-01 -8.471107508754079085e-03 4.083492667831390213e-03 -9.999558079349487594e-01 -1.899566877437832924e+00 9.983329133486160689e-01 5.713002298338162172e-02 -8.224058913796017389e-03 1.043386075125346935e+02
5.411964804441758009e-02 -9.985234831046055914e-01 -4.681920284641007818e-03 2.568362047345400523e-01 -8.003009974073936258e-03 4.254889699399393849e-03 -9.999589516557708668e-01 -1.928215076883980750e+00 9.985024257628603017e-01 5.415489743965650610e-02 -7.760920350437505548e-03 1.055459181138793809e+02
5.175083595280187410e-02 -9.986449950383000651e-01 -5.479611795248471792e-03 3.188770258297071725e-01 -8.010688850269396741e-03 5.071677223492713181e-03 -9.999550810113492227e-01 -1.950877368102508003e+00 9.986279382168162799e-01 5.179240788629949077e-02 -7.737370929074013394e-03 1.067369636058717646e+02
4.743457132339971849e-02 -9.988500341455524012e-01 -6.969645132647468537e-03 3.697451796043106920e-01 -8.453480957965952419e-03 6.575819532684833851e-03 -9.999426779756560579e-01 -1.973101284994627891e+00 9.988386145808443306e-01 4.749077207143277690e-02 -8.131838714105025720e-03 1.079558218165982311e+02
4.364156619309766949e-02 -9.990244097585421201e-01 -6.755132704188501411e-03 4.144599810557917929e-01 -8.237075744048059228e-03 6.401530856244533503e-03 -9.999456162309167118e-01 -2.001166656870491334e+00 9.990133347701924960e-01 4.369483704408295283e-02 -7.949667102063769433e-03 1.091579803545483571e+02
4.013845514577955159e-02 -9.991673267752583243e-01 -7.318242457682550689e-03 4.608349281188733326e-01 -7.230541162950640012e-03 7.033503415992698599e-03 -9.999491536994186136e-01 -2.020008108430767724e+00 9.991680042466322131e-01 4.018933082630180009e-02 -6.942206669963194542e-03 1.103528615954254946e+02
3.530365972563679483e-02 -9.993477049161070269e-01 -7.602958477258434100e-03 4.971965155212405563e-01 -6.165745300726111801e-03 7.389752615785889593e-03 -9.999537197742506267e-01 -2.049532571479443899e+00 9.993576482164666652e-01 3.534890452671878014e-02 -5.900838299832112527e-03 1.115906059685609648e+02
3.134967070486292112e-02 -9.994792131760682485e-01 -7.648801216390955712e-03 5.367643456531047130e-01 -5.677177840600423735e-03 7.474378634649226673e-03 -9.999559856562537652e-01 -2.073356092461144939e+00 9.994923924397418613e-01 3.139171561046828068e-02 -5.439902063945278692e-03 1.127856922771526058e+02
2.615032508825546054e-02 -9.996245098677524199e-01 -8.185036328643988460e-03 5.654764825578636467e-01 -5.284561516857135335e-03 8.049485749360835857e-03 -9.999536736577407936e-01 -2.098327280214923984e+00 9.996440915980718822e-01 2.619236883011685779e-02 -5.072080787849837964e-03 1.140275420449888486e+02
2.131600044924696069e-02 -9.997301404174053774e-01 -9.234756584028128157e-03 5.873862475865869737e-01 -5.378543831678201520e-03 9.122050986671908709e-03 -9.999439551548588989e-01 -2.118653907959837657e+00 9.997583641454441672e-01 2.136447645511168822e-02 -5.182646821260894314e-03 1.152500388386662422e+02
1.689239310960046273e-02 -9.998099170849612527e-01 -9.735039996914216995e-03 6.021159869092540529e-01 -5.832565467303528831e-03 9.637727711539758116e-03 -9.999365753022900760e-01 -2.143509881246368654e+00 9.998403453804673990e-01 1.694810302685500342e-02 -5.668652611625914564e-03 1.164593326362911512e+02
1.138949759959748814e-02 -9.998804569304644563e-01 -1.045656393266678787e-02 6.118493080555679198e-01 -6.348886083015882129e-03 1.038471961494849896e-02 -9.999259480446469617e-01 -2.167160327746031179e+00 9.999150176250505284e-01 1.145504250237415131e-02 -6.229850533306186856e-03 1.177033557562765083e+02
8.530276173648715030e-03 -9.998890817738683712e-01 -1.220878917582367794e-02 6.182028594678494748e-01 -6.671972337055668070e-03 1.215204955939163181e-02 -9.999039351141409959e-01 -2.191927332702107822e+00 9.999414024673802803e-01 8.610914604268622013e-03 -6.567572080000072358e-03 1.189158946436725302e+02
5.826896177638171345e-03 -9.998768335927782358e-01 -1.457272015450903832e-02 6.127163062620704093e-01 -6.562857494911972581e-03 1.453441569635883536e-02 -9.998728635526379360e-01 -2.211599131882155955e+00 9.999615279763147679e-01 5.921794848328253320e-03 -6.477358769381936533e-03 1.201656954081371964e+02
4.778274212270654069e-03 -9.998692422038925054e-01 -1.544867041084665472e-02 6.165099879141670014e-01 -6.553905266824922027e-03 1.541720170628680699e-02 -9.998596970957039920e-01 -2.240933200582679863e+00 9.999671480623225639e-01 4.878853749462801551e-03 -6.479380795110587475e-03 1.214085906299403916e+02
4.607523076769685748e-03 -9.998357493507069593e-01 -1.752839691702526639e-02 6.138888059535267949e-01 -6.648989329217659325e-03 1.749756427554903515e-02 -9.998248232930295742e-01 -2.263646733361888153e+00 9.999673245712931147e-01 4.723262925693379362e-03 -6.567276855489774003e-03 1.226290563346377098e+02
2.784611739563146171e-03 -9.998143889527906225e-01 -1.906403225627964493e-02 6.052744360451606243e-01 -5.677824088221956368e-03 1.904799128981393350e-02 -9.998024751076883820e-01 -2.286321752844040045e+00 9.999800429421087378e-01 2.892304654292155667e-03 -5.623729042108053210e-03 1.238907420938001991e+02
2.892607435154008911e-03 -9.998128475641444579e-01 -1.912828253513322238e-02 6.072810653279435700e-01 -5.089215644452279967e-03 1.911339570479291677e-02 -9.998043962930456274e-01 -2.314356964089234747e+00 9.999829086804579159e-01 2.989390344980483605e-03 -5.032975752423351351e-03 1.251139919668839724e+02
1.194826274593622324e-03 -9.997470447378795644e-01 -2.245920593620283692e-02 5.966648625859721777e-01 -3.372616389292927043e-03 2.245506505907529302e-02 -9.997421982947117813e-01 -2.335619298338395655e+00 9.999936409700531659e-01 1.270265257963532502e-03 -3.344933464985979862e-03 1.263867434154109759e+02
3.308559799025025268e-04 -9.997148544310314744e-01 -2.387686998863285809e-02 5.861195834763351931e-01 -3.334701212143965292e-04 2.387675972060235643e-02 -9.997148838655042224e-01 -2.344104993718408192e+00 9.999999342040466477e-01 3.387246119816823354e-04 -3.254752208252426234e-04 1.276417574031409714e+02
8.849662443826676909e-04 -9.997511192409729297e-01 -2.229144891949151955e-02 5.896409464147737145e-01 -6.511301697766810307e-05 2.229140004421543281e-02 -9.997515421918705680e-01 -2.368660270940023960e+00 9.999996429367647988e-01 8.861986538986783022e-04 -4.536974428745877140e-05 1.288722228095806770e+02
-4.614377998764003920e-04 -9.997443794247160564e-01 -2.260428473728871845e-02 5.779054790519976281e-01 -1.683515124532722904e-03 2.260503115495735016e-02 -9.997430898577489566e-01 -2.388239067882086175e+00 9.999985120268005678e-01 -4.232638537493886252e-04 -1.693515657782607283e-03 1.301493231896247948e+02
-3.794620068793634051e-04 -9.997975811935062573e-01 -2.011587625660109582e-02 5.795920978578044114e-01 -1.151609706857146869e-03 2.011630132631913453e-02 -9.997970117373712329e-01 -2.401491860210850593e+00 9.999993018609945050e-01 -3.562185785602161171e-04 -1.159010066851695652e-03 1.313930687466568372e+02
-2.335002536189906795e-03 -9.998521381344787073e-01 -1.703644825134467689e-02 5.781033074212621470e-01 9.207080245229324125e-04 1.703433759017496107e-02 -9.998545143318885442e-01 -2.425319141236859988e+00 9.999968905787938178e-01 -2.350347670900527867e-03 8.807966527126305685e-04 1.326635304747770761e+02
-2.511316603734751410e-03 -9.998924537460460726e-01 -1.444862052055659665e-02 5.704532904004051552e-01 2.639681015986464815e-03 1.444198694585644392e-02 -9.998922510362611149e-01 -2.434974967052903949e+00 9.999934044180911474e-01 -2.549185025737469266e-03 2.603128690199909504e-03 1.339269324479895431e+02
-1.648582914282667585e-03 -9.999290169762047320e-01 -1.179959671920977060e-02 5.659489730068915092e-01 3.866222396965253525e-03 1.179315075779975748e-02 -9.999230179924424311e-01 -2.447838643239395040e+00 9.999912068873867410e-01 -1.694075109366730046e-03 3.846505481913776742e-03 1.351725990696675694e+02
-2.312865206480033044e-03 -9.999631578763006345e-01 -8.266224517121362192e-03 5.615179673192023380e-01 2.300608830815867485e-03 8.260903380844779320e-03 -9.999632612377721275e-01 -2.471239416912097475e+00 9.999947154341004563e-01 -2.331796855255053539e-03 2.281417690196015351e-03 1.364599584810896715e+02
-1.455980303807421876e-03 -9.999816506606693522e-01 -5.880106231245100720e-03 5.591400807019811792e-01 8.817911793336585336e-04 5.878825792653327373e-03 -9.999823586215451643e-01 -2.477240449022855007e+00 9.999985913728833831e-01 -1.461138898014942419e-03 8.732155291744735483e-04 1.377134337109204125e+02
-2.344528400875252935e-03 -9.999894299034269851e-01 -3.954715093128317698e-03 5.599169793816340945e-01 9.647210704067061627e-04 3.952461599236787790e-03 -9.999917533932577429e-01 -2.499862372946525912e+00 9.999968281498438083e-01 -2.348323524892579305e-03 9.554441831876822090e-04 1.390035979092230036e+02
-1.921670711048229950e-03 -9.999900895627240605e-01 -4.015640302709954333e-03 5.563382308357425199e-01 9.749502583440675281e-04 4.013771578794403209e-03 -9.999915000888248695e-01 -2.510982893764779345e+00 9.999977200293431734e-01 -1.925568678326201313e-03 9.672274101718875312e-04 1.402734780999330724e+02
-4.470541723287453553e-04 -9.999898940194484886e-01 -4.472323570487662589e-03 5.495060210417429536e-01 2.906640928570127305e-03 4.471005017305771517e-03 -9.999858137116599544e-01 -2.530053708517323141e+00 9.999957196223162592e-01 -4.600464579887302528e-04 2.904612784164729671e-03 1.415472108047320603e+02
-4.648120882861823955e-04 -9.999779198936287194e-01 -6.629448033346982752e-03 5.390979231896131374e-01 4.396997392131352274e-03 6.627340328052517236e-03 -9.999684037450052854e-01 -2.538043017465461126e+00 9.999902662025662581e-01 -4.939462722081958612e-04 4.393819563470536052e-03 1.428269988287484864e+02
1.714579942971304919e-03 -9.999684096712578851e-01 -7.761337153100125556e-03 5.283324316363980921e-01 9.533467740765092608e-04 7.762979056821647794e-03 -9.999694397014173841e-01 -2.572117572312351275e+00 9.999981152193809786e-01 1.707129119084384869e-03 9.666268544337472228e-04 1.453760860213306216e+02
1.430411823651977056e-03 -9.999726493460545651e-01 -7.256175780130626023e-03 5.259274968036302678e-01 -1.158752030296424313e-03 7.254520331325734622e-03 -9.999730421018628856e-01 -2.587482561504389267e+00 9.999983478190619390e-01 1.438782174679892724e-03 -1.148343496463855289e-03 1.466463208903807924e+02
2.375224154900557223e-03 -9.999784005085523564e-01 -6.127487867682661869e-03 5.206825014783943439e-01 -5.137919430980107845e-03 6.115220174090330897e-03 -9.999681344438996478e-01 -2.614282612161814789e+00 9.999840218709926676e-01 2.406631794706579411e-03 -5.123283593631052478e-03 1.479178463967735979e+02
2.124752529044602548e-03 -9.999740249765414202e-01 -6.886364635291999416e-03 5.248276951634265330e-01 -8.831744644587798815e-03 6.867346111088799485e-03 -9.999374468160805440e-01 -2.637566741157312489e+00 9.999587845848318945e-01 2.185439064845265400e-03 -8.816923995161958863e-03 1.491872120868270883e+02
2.335330465444419162e-03 -9.999764666767554377e-01 -6.450104903764230027e-03 5.217506002476441918e-01 -9.830509258704737616e-03 6.426853101973411218e-03 -9.999310585381965266e-01 -2.669234500159385348e+00 9.999489921022277628e-01 2.398578141940964793e-03 -9.815269266464060616e-03 1.504649902131065176e+02
2.879076184538550617e-03 -9.999803297820972769e-01 -5.572187191092460579e-03 5.204263313099546373e-01 -9.393973383079170722e-03 5.544918069817385622e-03 -9.999405292107118592e-01 -2.701421829246368755e+00 9.999517716951601409e-01 2.931250763274612613e-03 -9.377824447631742319e-03 1.517317079762480603e+02
2.475638220821750266e-03 -9.999750057722487373e-01 -6.622928273939864864e-03 5.188021639876132518e-01 -9.001150965326635764e-03 6.600396466310661653e-03 -9.999377356867882316e-01 -2.730032191999929747e+00 9.999564683847683710e-01 2.535098879952835376e-03 -8.984585989385396321e-03 1.529945982790858352e+02
2.855400026867036065e-03 -9.999705282725287470e-01 -7.126745202458185068e-03 5.165012013589844742e-01 -7.841359306598552972e-03 7.104164806990931162e-03 -9.999440552592923082e-01 -2.761972954640805611e+00 9.999652212318717037e-01 2.911124417548955658e-03 -7.820843110127281492e-03 1.542638558837322762e+02
1.990031567141511883e-03 -9.999691050259724712e-01 -7.603682171201795424e-03 5.135208419075020236e-01 -7.412715438479581913e-03 7.588736562133178119e-03 -9.999437615536318491e-01 -2.788616237001532827e+00 9.999705819659728823e-01 2.046284403463273852e-03 -7.397384808168762718e-03 1.555289364665579512e+02
1.240924164085891812e-03 -9.999667876247082532e-01 -8.054431094706378941e-03 5.080320382926347689e-01 -7.533486279799166303e-03 8.044859986754937867e-03 -9.999392896385268514e-01 -2.817452441771911342e+00 9.999708975553640578e-01 1.301527598017773561e-03 -7.523253143428916025e-03 1.568061584524702141e+02
1.382818122347419590e-03 -9.999652517709526345e-01 -8.220781075618244227e-03 5.018328141456771530e-01 -7.403326195321695453e-03 8.210326006926445958e-03 -9.999389166628899206e-01 -2.845282119883517424e+00 9.999716748030454960e-01 1.443595548553472819e-03 -7.391715705553718839e-03 1.580628051738565887e+02
1.438796597791640243e-04 -9.999712416201397280e-01 -7.582921354351616905e-03 4.971598756752344528e-01 -6.286150399651963330e-03 7.581866684124050418e-03 -9.999515259498329423e-01 -2.872523542361524296e+00 9.999802743114060144e-01 1.915407731026941122e-04 -6.284878811859948879e-03 1.593382789721515564e+02
