1.0 0.0 -2.710505431213761e-20 5.551115123125783e-17 -1.0842021724855044e-19 0.9999999999999999 -4.336808689942018e-19 -5.551115123125783e-17 5.793705359219414e-19 0.0 1.0000000000000002 0.0
0.999989762916116 -0.003217934272262011 -0.0031800117240405276 0.0025728933258007403 0.0032119736628920693 0.9999930833198001 -0.001877689646664551 -0.006727218026908843 0.003186031941173774 0.0018674563047334398 0.9999931837640841 0.687968436617532
0.9999696923581913 -0.002011762282333071 -0.007521100336628639 -0.0031027419204652795 0.001986981372182595 0.9999925827589687 -0.0033008609858099663 -0.012215663708478264 0.007527684689225432 0.003285816758272103 0.9999662648828401 1.3891171608317565
0.999935003778552 -0.001805051400996723 -0.011257711793533144 -0.01583945059301589 0.0017519399360544333 0.9999873008031581 -0.00472586224381933 -0.017568195645414897 0.011266098619967593 0.004705832235242971 0.9999254654182899 2.108717404584193
0.9998704686806197 0.00021789071108464677 -0.016093279730198466 -0.025776246687795434 -0.00030403189051744566 0.9999856423572483 -0.005350366525045235 -0.02325149744681998 0.016091881767747635 0.005354566386953995 0.9998561789621322 2.8401763768459376
0.999782898881298 -0.0005850074729504405 -0.02082824685431373 -0.03881087266348682 0.00046928272116824655 0.9999844300782875 -0.0055605978270371476 -0.032758806508861205 0.020831174474524535 0.0055496162249655 0.9997676010404147 3.5945945068935514
0.999685829107487 0.0006003053199766625 -0.025057778350938725 -0.061423581933328364 -0.0007654381047639264 0.9999780550475171 -0.00658101013245887 -0.046062528662310476 0.025053277136894626 0.006598122693251476 0.9996643458449957 4.356096561534556
0.9995387831399691 0.003846867271685995 -0.03012359935022607 -0.08643464908350318 -0.004064359622823862 0.9999660885006362 -0.0071621059488507005 -0.06053802874659908 0.03009502486788542 0.007281235731910607 0.9995205183593949 5.138223379757056
0.9993858049400464 0.005475579054651933 -0.03461259132829362 -0.11282579803913145 -0.005690549121114971 0.9999651127574849 -0.006115294717917673 -0.06314381418892268 0.03457789755193875 0.006308503391867896 0.9993820923024688 5.929613426291313
0.9992312375895548 0.005606332659236325 -0.03880092645369483 -0.14650574789087228 -0.005746941160931891 0.9999773162399769 -0.0035132619180964914 -0.07383460704451611 0.038780348241926006 0.003733547754312413 0.9992407861704684 6.730075117021231
0.9990754442148798 0.0037568693535371066 -0.04282690163227093 -0.17418788724222617 -0.0037985774675146373 0.9999923854823398 -0.0008925425490062008 -0.07993434655970394 0.042823220596547626 0.001054398679920755 0.9990821103027805 7.540114317683684
0.9989818963802305 0.004137739923736651 -0.04492275236981661 -0.21804030491606585 -0.004183319610655843 0.9999908300406554 -0.0009206632384532072 -0.09085414453015073 0.044918528777138436 0.0011076521413626466 0.9989900435791143 8.365377799523202
0.998863687378138 0.004016428275645561 -0.04748906535283191 -0.25034243246181337 -0.004102907158160347 0.999990099353516 -0.0017236938939629493 -0.09457590927013737 0.04748166995637645 0.001916578446981094 0.9988702732683462 9.189174426672567
0.9987830860791272 0.0022522528398747806 -0.049267309041959396 -0.28280113356373127 -0.0023378346111681634 0.9999958598084123 -0.0016795359051395863 -0.10796691136082381 0.049263320166094034 0.001792670969884112 0.9987842141124604 10.01992628723019
0.9986861764319271 0.002094086614894352 -0.051200885935041414 -0.32359495343210204 -0.0021563341703851836 0.9999970026343981 -0.001160542972887763 -0.11300201508912372 0.05119830044273937 0.0012694244785515407 0.9986877009336745 10.859986989190075
0.9986113950556627 -0.0018117160185338343 -0.052649796724561396 -0.36624806482537076 0.0017493658849542428 0.9999977136697964 -0.0012303011100550003 -0.11927533646801741 0.05265190241718484 0.0011364889588714394 0.998612281274541 11.718859119531725
0.9985253858219618 0.0012203367193164675 -0.05427307451042411 -0.41419352703284734 -0.0014101259355026295 0.999993025455509 -0.0034587748677560736 -0.13166869816281018 0.0542684727022694 0.003530206352181343 0.9985201387225294 12.587465498785374
0.9984713100229797 0.002939868898410973 -0.05519416887198452 -0.47362722143944586 -0.0032766514077743163 0.9999765531828123 -0.006012274897473453 -0.1402676301702 0.055175198187002436 0.0061839360810553735 0.9984575367942079 13.458969663507007
0.9983834739318402 0.006827742164268289 -0.05642533432724614 -0.5319128115293555 -0.00726337339679277 0.9999453525056271 -0.007519020303858337 -0.1489310105141639 0.05637091072643941 0.007916703949093962 0.9983785035625328 14.34534726464031
0.9983097980207396 0.00734587472919798 -0.05765047410226869 -0.5883988503864108 -0.007783240444342703 0.9999425779013233 -0.007365640220062527 -0.15657210707608193 0.057593054789569456 0.007801898368406775 0.9983096540779371 15.233232783189775
0.9982379765951902 0.006800061798279751 -0.05894664145242632 -0.6394820371752777 -0.007161547854625926 0.9999568121867931 -0.005923343046969676 -0.1693296845491833 0.058903814991088176 0.006335055221519691 0.9982435612180168 16.130318538539942
0.9981822986323369 0.006813883040999839 -0.05988043607554858 -0.6956305668244108 -0.007086304814220024 0.9999654841831294 -0.0043382537107166715 -0.1798016802384224 0.059848806329878726 0.0047546992296785065 0.9981961271845337 17.033050989033644
0.9981216601986033 0.006784786073791557 -0.06088605147672228 -0.7559167126677462 -0.007030553658755837 0.9999679798698008 -0.003823197628277904 -0.19318667258297972 0.060858159948718536 0.004244079034471733 0.9981373999315962 17.939961617461734
0.9980553440198238 0.00592564123693368 -0.062051656936048395 -0.8089671735958771 -0.006238236964663473 0.9999688065149611 -0.004845150191320669 -0.20228370730197276 0.062021008556486616 0.005222821007810331 0.998061179465215 18.848933318432405
0.9980835635736559 0.005409810283621331 -0.061643578729934916 -0.9118547159291933 -0.005741711838136642 0.9999699558551081 -0.005208340469873414 -0.20704472532761647 0.06161354806281595 0.005552298707814941 0.9980846405712361 19.75110891767316
0.9979757346895779 0.005678856123407298 -0.06334178346592158 -0.963836434722873 -0.00587921886916155 0.9999782834428519 -0.0029772637563456575 -0.22124284572749353 0.06332349867166918 0.0033436371512392885 0.9979874518675702 20.690412470799018
0.9980027029864244 0.0066155518097682844 -0.0628238332789359 -1.0316232554592637 -0.006622508944788453 0.9999780615661893 9.74892551361792e-05 -0.22669677960652201 0.06282309778347767 0.000318756858726323 0.9980246254473866 21.62293917815738
0.9980336477348986 0.006705701731458708 -0.062320757736047096 -1.0933793485612524 -0.0064821539357397505 0.9999718095264398 0.003788542493157329 -0.2313769345409778 0.06234440299410992 -0.003377120132335069 0.9980489827386619 22.558416073063583
0.9981624365203781 0.006276546176227074 -0.060269042703586094 -1.1540495156273933 -0.005889639820834881 0.9999609027933035 0.006595150055920701 -0.2297369864737302 0.06030807967005556 -0.006228068101121793 0.9981603806863185 23.493778613913157
0.9983396064061285 0.005132826339236425 -0.05737320944004216 -1.2257291443901162 -0.004709362988243113 0.9999606838377196 0.007513625314945848 -0.22895731613349096 0.057409518258488064 -0.007230958496889171 0.9983245297561519 24.43844659268948
0.9984632292887691 0.006036038895824974 -0.055088616422033096 -1.2911209588191155 -0.005778162519695109 0.9999715937810405 0.004839193130250649 -0.224695907292836 0.05511625852761588 -0.004513445463076631 0.9984697469301903 25.39448027396276
0.9985464799609811 0.008149533325558216 -0.05327760023319495 -1.3451597693234432 -0.008151556064948842 0.9999667620480511 0.00017933256812472688 -0.23114334673243125 0.05327728859379445 0.00025522343903876385 0.9985797279909676 26.350335986137033
0.9986084399996557 0.008138233443015449 -0.052105143454461544 -1.3927336137194448 -0.00829412643395061 0.9999617490674853 -0.002776363187429169 -0.23961932507046696 0.05208055367297423 0.0032046664328444735 0.9986377409328592 27.31193211465461
0.9986634821643455 0.006728174372598045 -0.05124429920244719 -1.435205306293451 -0.006820476837656102 0.9999754187655486 -0.0016265699690491638 -0.25109572956769005 0.05123209301096101 0.001973906551346155 0.9986848190701058 28.284749546593353
0.9986894433787532 0.002589945037777683 -0.05111437715364589 -1.4811845742157863 -0.0024460874224142134 0.9999928730948453 0.0028767792971157538 -0.2531163634949903 0.051121461676642894 -0.0027479788631704243 0.9986886635264014 29.255917100227826
0.998640144519154 -0.0023376731689247958 -0.052080705947212654 -1.5279165423169587 0.0026863624117019046 0.9999744381226222 0.006626180224582444 -0.2546591380345453 0.05206388343761018 -0.006757077228689612 0.9986208973582237 30.241535572848893
0.998536127496235 -0.010647459039967035 -0.05303047700117846 -1.5682649255099226 0.010987531125642222 0.9999208696208793 0.0061253431148933415 -0.26237763641568695 0.05296105930617282 -0.006699050392258177 0.9985741028828857 31.226622980700668
0.9984809000133126 -0.009885160133906203 -0.0542048714139877 -1.6120216859149445 0.01002523048153305 0.9999470759322586 0.002312787110969213 -0.2711826047229423 0.05417913858997187 -0.0028526901158011098 0.9985271540544288 32.20830707043874
0.9983989520926904 -0.009630661066325732 -0.055738582432941546 -1.6671069999235888 0.009534579986505818 0.9999525618340451 -0.0019894509541225603 -0.2824292255453217 0.05575509547422884 0.0014548216751656155 0.9984434160732645 33.191092585008455
0.9983154937546403 -0.008885353099317232 -0.05733426505636762 -1.723143852506442 0.008751278447318454 0.9999583559445817 -0.002589128367581896 -0.28332852474775727 0.05735488058065307 0.0020830189128853783 0.9983516803007781 34.18374683990747
0.9982490064712888 -0.010742990098568038 -0.05816797479397883 -1.78231436519895 0.010716448631708102 0.9999422830715969 -0.0007682125726287182 -0.29854586634749 0.058172868335532694 0.0001435133558231965 0.9983065104571144 35.203643450401366
0.9981974465812312 -0.009449591155615717 -0.05926691390630834 -1.8476071926421165 0.009566629445598877 0.9999528042816972 0.0016913356528203063 -0.2982218353422051 0.059248132034080206 -0.0022552715339667424 0.9982407391370716 36.202448581735084
0.9981818621265327 -0.006399080086955516 -0.05993344531077793 -1.9133959785930803 0.0066032741081319315 0.9999730500071806 0.0032095803708172377 -0.310738661490179 0.059911289168314966 -0.0035995019547834213 0.9981972178662868 37.2088234856143
0.9981683664994804 -0.006820707239969298 -0.06011144600340736 -1.9906504071250217 0.0071566947306886146 0.9999599426971737 0.005375891920728284 -0.3044723248768724 0.060072368180673415 -0.005796244454547258 0.998177190803346 38.221184708094164
0.9981839834597692 -0.006456812597790022 -0.05989198364170889 -2.0482843362242686 0.007002986354780488 0.9999357474462258 0.008913904836915287 -0.3152707670952057 0.059830578319944004 -0.009317139778557762 0.998165059094005 39.22263707987488
0.9981763073926649 -0.002013928636822205 -0.06033241459066822 -2.119697592298171 0.0026831838576518415 0.999935750863263 0.011013838146791636 -0.31132190481458205 0.06030635484988876 -0.011155635281372128 0.9981175717440721 40.23595460840051
0.9981805769750224 -0.0006368156145237328 -0.06029196913659948 -2.179168654756493 0.0012883868866008872 0.9999411843875795 0.010768676343063187 -0.31858807530699895 0.0602815641329694 -0.010826763531868486 0.9981226986373982 41.228258961090866
0.9981674576507573 -0.0013672185287288176 -0.06049679499739424 -2.2345950028849897 0.0019195675828309697 0.9999569929529457 0.009073046244042003 -0.3202476232803393 0.06048178665161584 -0.009172547249076233 0.9981271593962969 42.22440786417489
0.998192712307716 0.0023084248474787173 -0.060049819211031676 -2.294735492150169 -0.001907055644123223 0.9999754651278198 0.006740387488499172 -0.32709480973681754 0.06006390291025674 -0.006613687353277222 0.9981726225644644 43.236484530235664
0.9981323010856622 0.0018398545651656267 -0.06106163139082256 -2.351082697194973 -0.0014335431698388303 0.9999765451630748 0.006697259744194153 -0.3335080386532034 0.06107251889854823 -0.006597216827751532 0.998111533751263 44.216140726119
0.9980716158123308 -0.0007880214200888263 -0.06206793490180054 -2.408678246685843 0.001286815789656288 0.9999672021804797 0.007996702671158233 -0.3370913214035003 0.062059594920775334 -0.008061151990105615 0.9980398920071895 45.19982399590414
0.9980385592562981 -0.00080988194157193 -0.06259692599747985 -2.4662858884359307 0.0013756050986862612 0.9999585969195116 0.008994988718885849 -0.338823876004426 0.0625870471693124 -0.009063454289767129 0.9979983538241902 46.21113695003018
0.9980093581700548 0.0007409223546851848 -0.06306169374388973 -2.5310016771478496 -0.0003392812324194745 0.9999795924863082 0.006379489540368862 -0.3555456379798306 0.06306513109513305 -0.006345394620301902 0.997989239343637 47.17729260728983
0.9979871855049187 0.0036765901278154314 -0.06330928138712903 -2.595242116095181 -0.0035917645273872813 0.9999924882366579 0.0014536173157941154 -0.35929077511083 0.06331414787506705 -0.0012232993834653898 0.9979928962584235 48.16359151167844
0.9979240974766248 0.0044774760574150495 -0.06424521294297299 -2.6606897199135675 -0.00446197407344685 0.9999899694213783 0.0003847696535959058 -0.3713858438543641 0.06424628888296462 -9.731046546448442e-05 0.9979340731019971 49.140686409157006
0.9979272028697705 0.0038416851174499075 -0.06423807060333578 -2.7238014781376467 -0.003627375600204865 0.9999874618996696 0.003452469821833249 -0.37406399911465216 0.06425052599685145 -0.0032122979932708 0.9979286252305601 50.11877782495023
0.9979688340784496 -0.0007381157541138046 -0.06369975304367419 -2.784799581906213 0.0011834473771413492 0.9999751194705534 0.006953657336634432 -0.3818870864548994 0.06369303371682535 -0.007014918658130715 0.9979448864509972 51.10568810976192
0.9979224992158797 -0.0014900940283190413 -0.06440852941634681 -2.848590144598531 0.0019962791537757405 0.9999676196763906 0.007795338569596676 -0.38207237299615743 0.06439482522965873 -0.007907721187001874 0.9978931711077298 52.06236625072264
0.9979191699146188 -0.004790805407851458 -0.06429915099717158 -2.9026159905534987 0.005226339612781976 0.9999645196623043 0.006607074963499443 -0.3929121942227484 0.06426521374009561 -0.006929375967213372 0.9979088004230767 53.022479651483394
0.9978860208468229 -0.008081751610125495 -0.0644839414831597 -2.953139553451354 0.008437443770695788 0.9999506496178849 0.005245565482149888 -0.40603408226826265 0.06443836300004975 -0.005778556102592111 0.9979049595352919 53.9997642855061
0.9978031606634885 -0.008316140777583034 -0.06572444426160112 -3.0160422051306264 0.008746219008752564 0.9999421650275702 0.006258636806473614 -0.40951793738038667 0.06566859271424696 -0.0068197279984042545 0.9978181843089412 54.94045539480536
0.9977368512959133 -0.011678970216231153 -0.0662177080597953 -3.0669791388129655 0.01238500699935257 0.9998706434472271 0.010261891903165656 -0.4119147897278391 0.06608929113548499 -0.011058774365977792 0.9977524252568596 55.911319923701654
0.9976248903896371 -0.01460131538463401 -0.06731547568048984 -3.122439460420197 0.01566796914830407 0.9997594907080187 0.015344959926340322 -0.41520812343409086 0.06707522597820308 -0.016363210884842168 0.9976137289023443 56.857133918247676
0.9976119903766169 -0.013471269872738096 -0.06774093644136205 -3.188391935793625 0.014690225122560045 0.9997384425598954 0.017528542080932075 -0.40891481653979167 0.06748708432640828 -0.018481813635506248 0.9975489570634877 57.80212064696228
0.9975797448011078 -0.01171463325034162 -0.06853774376137378 -3.2514294158577846 0.012704100176212155 0.9998210252587034 0.014018794971668434 -0.41434260384965965 0.0683612501662673 -0.014855577009109822 0.9975500199401888 58.76022924547295
0.9975079140358711 -0.00804737882827653 -0.0700942148734222 -3.3160382781641644 0.008531577903560846 0.9999417482556772 0.006611198457308718 -0.42567567621811037 0.07003692630379457 -0.00719273706770357 0.9975184677084515 59.67546472264001
0.9974719084321023 -0.005832867510216591 -0.07082206252121391 -3.3851231731651144 0.005946831494115542 0.9999813389299071 0.001398420643829306 -0.43806066599580296 0.07081258096675727 -0.001816052156887837 0.9974879826379907 60.598581864756184
0.9974490873631191 -0.0015769960847790707 -0.07136401294449243 -3.452645418199488 0.0017148286110199415 0.9999967797781643 0.0018701771410720319 -0.4374522015530332 0.07136083070620934 -0.0019877835022088113 0.9974485828587165 61.510298037019595
0.997360828177266 0.0004268348710811259 -0.07260306669362677 -3.522327696690911 -0.00011118957296555319 0.9999905208803074 0.004351534433517474 -0.45438005648022495 0.07260423359763388 -0.004331977303502016 0.9973514209424265 62.40355487085782
0.9972695515538377 0.0019352176278355953 -0.0738221053053934 -3.5926190358077372 -0.0014961570805064493 0.9999808705893032 0.006002383929840548 -0.46235474351993683 0.07383230564208386 -0.00587554517923467 0.9972533578568591 63.291060380681245
0.9972021277875479 0.003687739606306792 -0.07466139849919101 -3.654750317965214 -0.0032688466114833485 0.9999782297560498 0.0057319909094131274 -0.4748738434250657 0.07468090780829731 -0.005471896897877497 0.9971924724564024 64.17259468613105
0.9970803412057432 0.005366976333394754 -0.07617084615300203 -3.7188644568517546 -0.004877835624265876 0.999966279757525 0.006606218190667389 -0.48598341527966343 0.07620373091326474 -0.0062153814382442055 0.9970728990367317 65.01732086076794
0.9969658515113733 0.006154325840717946 -0.07759650643953261 -3.7851691558252165 -0.005596700799989217 0.9999569404819909 0.00740163615457997 -0.49486126742203856 0.07763871436882658 -0.006944894050863942 0.9969573680066355 65.8800949866251
0.9968384599503103 0.005768670071665743 -0.07924523627238136 -3.8473979732156227 -0.0051763456557903315 0.9999571237767625 0.0076779648928737496 -0.5048422831695156 0.07928612692850522 -0.0072434899858939365 0.9968255862729274 66.70031579393445
0.9967475510828053 0.006125665540172543 -0.08035413085738331 -3.909455617998908 -0.005435034379806466 0.9999464158484472 0.008810746314960803 -0.5133861234296457 0.08040379362927952 -0.008345362357048748 0.9967274330687474 67.50917930423326
0.996641038148851 0.008248300948127025 -0.08147762587479983 -3.9755141957986817 -0.007358148884747389 0.9999099925866487 0.011219338491911812 -0.5166402063321112 0.08156282906497615 -0.01058212820781633 0.9966120192645003 68.32163684154342
0.9965133500196541 0.009419402261809758 -0.08290004506585524 -4.045045559345247 -0.008190271680460225 0.9998516250157975 0.015154264857878783 -0.5170120927533808 0.08303048561962668 -0.014422453683907405 0.9964426349645485 69.10624677314479
0.9963508443513541 0.011069962017542186 -0.08463129498894931 -4.109166005070739 -0.009648382090393018 0.9998057255060219 0.017187939976386714 -0.5205961005264053 0.08480511963722039 -0.01630866339652996 0.9962640801426242 69.87874721359536
0.9962387247504454 0.014045052077471075 -0.08550525135305388 -4.172287386787535 -0.012917291753319099 0.9998223191732609 0.01372839584509709 -0.5355481129810917 0.08568287109631843 -0.012572262837748838 0.9962431360762939 70.63461837253024
0.9960771429871674 0.015446884637805013 -0.08713042486518424 -4.237878091984973 -0.014981574001222348 0.9998698135061427 0.005991816887604794 -0.5389052603989051 0.08721163400619326 -0.004662960987665249 0.9961788935066899 71.36949181947314
0.9959748563990073 0.01552562309555469 -0.08827823448718253 -4.29759117996678 -0.015567944394866575 0.9998787860825828 0.00020910053456749773 -0.5527046789449284 0.08827077813598157 0.0011660517427348046 0.9960958375184098 72.07830349241782
0.9958890628603954 0.017735960629471893 -0.08882793263347487 -4.359355606066593 -0.017894489264001716 0.9998393931957229 -0.0009885931465134757 -0.5581968337690101 0.08879612875100291 0.0025740596532899166 0.9960464939438817 72.7737204220678
0.9958041545130797 0.01858734467178028 -0.08960243783847012 -4.427333940526623 -0.018458274187969786 0.9998270546796953 0.002268945915965493 -0.5681792148331981 0.08962911191368368 -0.0006055194251898925 0.9959750308072249 73.45315980657402
0.9957148343616303 0.017677333808369035 -0.09077155411153559 -4.4844751666661065 -0.017327004627088964 0.999839083879663 0.004646093046926057 -0.5815990100985663 0.09083907443905662 -0.003053384572457778 0.9958609017587068 74.1087243013647
0.9956612443730909 0.014935659138142172 -0.09184560128400789 -4.536064598732027 -0.014863265744199768 0.9998884518028296 0.0014721965162160506 -0.5896325836467634 0.09185734133160837 -0.00010068337415530294 0.9957721738240795 74.73488853984492
0.9957609561348525 0.007221264214726953 -0.09169503575147347 -4.584031753016803 -0.0075995053745756425 0.9999639930574997 -0.0037765048640160895 -0.604256915012691 0.09166445970554368 0.0044573330157860296 0.995779970807648 75.34875828485124
0.9958905635056003 0.004055555721799022 -0.09047397607967735 -4.637442815529168 -0.0048472153996258465 0.9999518487805381 -0.00853213047036579 -0.6171398787693801 0.09043501381278178 0.008935615159992088 0.9958622677138615 75.94606986382897
0.996144903825525 0.005768160814225927 -0.08753320015177178 -4.68057358300943 -0.0065701351105580405 0.9999390154481876 -0.008876606538410485 -0.629433969978896 0.08747665721424377 0.00941749137846366 0.9961220507262872 76.5272039792657
0.9964579500588517 0.01074042763156489 -0.08340379079558763 -4.733219693285657 -0.01128340656980997 0.9999180859146497 -0.0060416064131314905 -0.6364567257426099 0.08333206675946858 0.006961285602612211 0.9964975240264985 77.09314346555178
0.9968661758589876 0.009347957774993115 -0.07855217173207867 -4.770053168750012 -0.009602581048676275 0.9999497906349242 -0.0028643407961728546 -0.6486195485350861 0.0785214493394412 0.0036096681100036164 0.9969058935060885 77.64862272588022
0.9973174910541941 0.005522609219067259 -0.07298845510083782 -4.793278299641715 -0.005440803920130552 0.9999843253726959 0.0013195723486653058 -0.6593712904730007 0.07299459546470595 -0.0009189167162417394 0.9973319135731102 78.1780550680211
0.997908361604568 0.0007081413417686502 -0.0646405158058089 -4.81489484666367 -0.00038004557038099837 0.999986982494791 0.005087853716278739 -0.6721701735760577 0.06464327513203423 -0.005052645493284078 0.9978956459006412 78.71081967512113
0.9985248908993891 0.0037954163608881755 -0.05416303512470114 -4.836482054757689 -0.003506951885908164 0.9999791608750206 0.005419904183169761 -0.6829652828260298 0.054182475575644436 -0.005221962036885675 0.9985173982255906 79.21682188273098
0.9991915905248665 0.009408550999011814 -0.03908509570449041 -4.854434283263873 -0.009219208239312217 0.9999448884005702 0.005021782560510522 -0.6892232083155061 0.03913018785828437 -0.004657389387582942 0.9992232710745633 79.71181090301623
0.9996762796918461 0.014570752064768513 -0.020857476843467688 -4.855455139345807 -0.014459495485679626 0.9998804680757719 0.005475038736860671 -0.6917850478145935 0.020934759134374026 -0.005171677765682774 0.9997674722323819 80.20482943732398
0.9999099781900307 0.013388563331157347 0.0008887916367523249 -4.840884131488564 -0.01339378028188989 0.9998913949055408 0.0061491899561679185 -0.6963855571716966 -0.0008063663464242478 -0.00616054057877998 0.9999806969044285 80.66747456145106
0.9995886556464675 0.009482233621033136 0.027066681906819684 -4.802737691597109 -0.009684752262281729 0.9999260101632448 0.007360966971554363 -0.7048568038739382 -0.026994879534166624 -0.007620073170060674 0.9996065241902877 81.13176157291694
0.9983754662301794 0.008343367151760908 0.0563633098401781 -4.750353469299996 -0.008861787886731148 0.9999206420156449 0.008954174114886887 -0.7103446344465221 -0.05628412668059905 -0.009439107431333721 0.9983701717541759 81.567112710038
0.9959531350345491 0.007870263661192587 0.08952880713056124 -4.6861216819596025 -0.00887980781591234 0.9999013432264511 0.010883487660743858 -0.7127727816823419 -0.08943431487861088 -0.011634442085906745 0.9959247717390001 81.99542241029904
0.9918509815238821 0.007388160563520405 0.12718902452900044 -4.6004816634671 -0.008930658580374467 0.9998932821612011 0.011561616358568992 -0.7147755819699245 -0.1270900287822973 -0.01260328304726293 0.991811116314917 82.43424924510352
0.9857552968763781 0.007651452006829588 0.1680117702866369 -4.494570512889648 -0.009813365684321769 0.9998793512444931 0.012041112556565594 -0.7172380384575077 -0.16789936227819122 -0.013518351235986777 0.9857114518791289 82.8387883980109
0.9770296674261367 0.0071729172202725025 0.2129825735545951 -4.373502963903776 -0.010002061862471677 0.9998754387735475 0.012208924856083334 -0.7197377862841994 -0.21286846294463632 -0.01405874685348849 0.9769797138003157 83.24073255111753
0.9650658613605941 0.009102059907603507 0.2618492646998663 -4.230240003656484 -0.012279542821475845 0.9998694640304558 0.010501067673894868 -0.7231849918284037 -0.2617194836183166 -0.013349611414260673 0.96505165460895 83.6350203249421
0.9492911124267682 0.00950523102569628 0.31425471795130344 -4.065753148117367 -0.012865839684355201 0.9998800645851342 0.00862146651833649 -0.7324371689221549 -0.31413507351075803 -0.012227431950095548 0.9492995529880977 83.98722421179644
0.9290217319621251 0.009791113218585612 0.3698956090430759 -3.8749495966329426 -0.013110719741992483 0.999893169350711 0.006461488809837178 -0.7341051942555141 -0.3697928134067749 -0.010852460882208951 0.9290508586871637 84.34292277241849
0.9045084956027122 0.009902445657612837 0.42634063356764645 -3.671375766352857 -0.013365987268019392 0.999897495548102 0.005132559734666095 -0.7382164313099508 -0.4262460866470926 -0.010340906930418158 0.9045481388491858 84.6591133509098
0.8753682756031769 0.010387201191871965 0.48334511210620945 -3.446549920534758 -0.013456805762905616 0.9999052949301785 0.0028829167716847293 -0.7309043917310689 -0.48326937093357 -0.00902789530271295 0.8754251594666448 84.96254437204477
0.8414486471158779 0.008327668949265569 0.540272935337694 -3.184633919077728 -0.010921740632226597 0.9999390812366188 0.0015971983553905724 -0.7465079578811121 -0.5402266953240517 -0.0072446815522235935 0.8414883316475034 85.25187053150258
0.8044803470720925 0.007694968622885737 0.5939294373113925 -2.935865699990478 -0.010072406072487028 0.9999490308622141 0.0006877527238637097 -0.7477101816583572 -0.593893855267237 -0.006535581921467533 0.8045168520656932 85.49903455940222
0.7643116073893857 0.005787685541424018 0.6448211230382462 -2.646570349610265 -0.009328359143974773 0.99995432725271 0.002081744223887472 -0.7563289175591504 -0.6447796011777861 -0.0076062246311596575 0.7643306853579042 85.749968249668
0.7212944538425394 0.005000049358756215 0.6926105252668022 -2.3777402035739845 -0.010750071168303905 0.9999343132333699 0.003976616157259047 -0.7551213629325538 -0.692545115928556 -0.010313923644093222 0.7213008229240905 85.95468616666449
0.6758822715707073 0.0035017696971383844 0.73700129534723 -2.076688527199928 -0.010304008296580541 0.9999358777575998 0.004698434258243016 -0.7547791234594208 -0.7369375584130045 -0.010769656645821291 0.6758750106716929 86.15277514279116
0.628761908518439 0.001857594048837602 0.7775956774067104 -1.743862901811954 -0.007646971247112478 0.9999635652209208 0.0037945144724273426 -0.7561703723371858 -0.7775602678513864 -0.008332097808609308 0.6287531962606406 86.35623579876301
0.5821302433850983 -0.0017477257526465702 0.8130936882199435 -1.4426840053314378 -0.0025382919104650803 0.9999889126162781 0.003966730125486411 -0.7736906753540784 -0.8130915803735579 -0.00437302305678795 0.5821193539986234 86.50554329474626
0.53469237299104 -0.00033803245408029056 0.8450467283153048 -1.1079857679032885 -0.00418423207702174 0.9999866003197104 0.0030475301679919256 -0.7753312066498919 -0.8450364069405563 -0.005165363165610897 0.5346837966892494 86.67191507602216
0.4875022217926451 0.0025999089641644984 0.873117895899322 -0.7983179010871604 -0.008350162499924894 0.9999637165439006 0.0016846622567191294 -0.772877710397774 -0.8730818019801179 -0.008111953378970919 0.4875062416634541 86.79357620883998
0.44147393813721025 0.0040978707435867165 0.8972647305308349 -0.46513946927595945 -0.00967764123578106 0.9999531528361022 0.00019475677317591948 -0.7767926275240442 -0.8972218653204163 -0.008769387003704238 0.4414929190266875 86.9127933010778
0.398487619077048 0.002252059905796801 0.9171709596861553 -0.10079390484479045 -0.0028550393528244565 0.9999951866160682 -0.0012149870100212606 -0.76879383363755 -0.9171692521147903 -0.0021344023477826127 0.39849213430688374 87.01421539175799
0.359041433400966 -0.006280025632133675 0.9333005113599182 0.2305465701990289 0.010695076726968244 0.9999393850605395 0.0026140235682439793 -0.7886852281129428 -0.9332603225602023 0.009043177414693309 0.35908683153849447 87.08617384321568
0.3231004307764152 -0.01027997824970049 0.9463088642016866 0.58563491022925 0.016413149616267088 0.9998514707734857 0.005257644855514644 -0.7846771753808715 -0.9462223274580699 0.013833160476141708 0.3232211684500991 87.16226114601287
0.28941908975888736 -0.007121767459677464 0.9571760034010455 0.9542591697294094 0.013149005276634176 0.9999075507389256 0.00346387298186156 -0.792491188939271 -0.9571121489907745 0.01158340094970252 0.289485979502187 87.2436009285005
0.258550308119439 0.0005406240641821977 0.9659976574938827 1.2993952000299664 0.0024064824181139815 0.9999963841222949 -0.0012037488246815285 -0.792304912597806 -0.965994779137677 0.002635885577082703 0.2585480777582662 87.33196920353197
0.23014399834261764 0.0051269825884636055 0.9731431029991555 1.6761792296563702 -0.0030023776595524154 0.9999851041752355 -0.004558349818854382 -0.7974199208685289 -0.9731519406624344 -0.0018726667879365633 0.23015595748214696 87.4089228678733
0.20387154062880966 0.0066393591568224535 0.97897514883356 2.0677047427834925 -0.001942800039398904 0.9999777822308631 -0.0063772094767101505 -0.8129892529456554 -0.9789957007480445 -0.000601821949043117 0.20387991714032716 87.46092954642585
0.18067317429387175 0.007887139984856068 0.983511584563825 2.4575804464924325 0.004956054406115003 0.999947849634278 -0.008929386169199964 -0.815820010173876 -0.9835306821088697 0.006487636915913391 0.1806246560718503 87.50565462523767
0.15990027512223576 0.013490474781435089 0.9870410089665649 2.854749021569372 0.011881070487256333 0.9998078781025383 -0.015589695790311105 -0.8243042593778391 -0.987061654185623 0.014219900125022519 0.15970927677522584 87.54335786272236
0.13992975884207845 0.020575408700216125 0.9899476461297385 3.289271962107064 0.012276124016306079 0.9996711793121413 -0.022512742930175786 -0.8162173625487315 -0.9900853103440646 0.015302922354809635 0.13963116184578006 87.58163276954869
0.12212243604700405 0.021644281137119956 0.9922790255062477 3.722255181181562 0.009954368465080873 0.9996851935867328 -0.023030940763008958 -0.8248151767313314 -0.9924651062198214 0.012690105073312643 0.12186853036626305 87.63063060393009
0.1065864124757122 0.017044587759311194 0.9941573552154815 4.1627289973028905 0.009007149311708354 0.9997954870931355 -0.018106933141895667 -0.8340562084529646 -0.994262629778907 0.01088447628748147 0.10641109043115222 87.671010610616
0.09149466456657059 0.013535587316439253 0.9957135887193896 4.637348600651344 0.009787003528723462 0.9998471018097973 -0.014491091504647145 -0.8506304406462915 -0.9957574549838498 0.011070909458366234 0.09134820262363211 87.69880288325233
0.07879541318347374 0.01092494761128129 0.9968309606839906 5.110378664352616 0.011886036756105134 0.9998585708366858 -0.011897671675230164 -0.8598161592288075 -0.9968199261140994 0.012785850924629064 0.07865441597984035 87.72911164304277
0.0665462262945695 0.010108033763058188 0.9977321581003356 5.605644251933039 0.016259255757010666 0.9998049293722264 -0.011213484381480442 -0.8687907391473453 -0.9976508377760053 0.01696859672967639 0.06636889733320403 87.75041203331322
0.057071983633611455 0.010571709748624135 0.9983141092583611 6.110933302854202 0.01859206719832268 0.9997592790484354 -0.011649891273430597 -0.8785702972607092 -0.9981969150612151 0.01922560466545123 0.0568616953179531 87.76864678200477
0.049036646515807934 0.011096154500324466 0.9987353613665271 6.646161133195834 0.02042449898407337 0.9997180588184587 -0.012109889081238284 -0.8880952682728182 -0.998588106099693 0.02099249735877339 0.048796188665733285 87.78360743785052
0.04253835179481603 0.01152385203839726 0.999028393086504 7.1893125794428565 0.02281307786036478 0.9996615633289995 -0.012502530026421002 -0.8951415896532399 -0.9988343317956281 0.023322749139790478 0.04226106187618447 87.80683956355452
0.03729171566946654 0.012382033777544313 0.9992277293043571 7.745915150170812 0.022742132145650525 0.9996537379722243 -0.013236061194447538 -0.9044949051172672 -0.9990455835397382 0.023218164568062482 0.03699721035830896 87.82838091635047
0.03147437126536189 0.013080059054710502 0.9994189869150052 8.335858819324303 0.023064239294185458 0.999638609016414 -0.013809287819404872 -0.9093228425439018 -0.9992383954345574 0.02348547745806002 0.031161315718224114 87.85012689479667
0.026581821165450558 0.013154343047955503 0.9995601083263536 8.950135117998087 0.02580504663139926 0.999571176363559 -0.013840735423915587 -0.9221457444253114 -0.9993135023753579 0.026161606702429 0.02623097547099055 87.86279947121882
0.023832415034166006 0.013135538095704138 0.9996296827208152 9.56488002502964 0.027320771053621188 0.9995316553190069 -0.01378561044919742 -0.9323730329284019 -0.999342562616926 0.02763919756200682 0.023462380646827104 87.88102989296188
0.020881063720898384 0.012749524588375152 0.9997006859667915 10.202133948583253 0.028003663862631117 0.9995189110429933 -0.013332126616619174 -0.9453686072102316 -0.9993896818254934 0.02827367055453904 0.020513986236108252 87.89262700231923
0.018033796005114473 0.01226484392662848 0.9997621634162297 10.867172190417785 0.02939081977650528 0.9994861499933856 -0.012791611334082985 -0.9542824669522931 -0.9994052829434338 0.029614510265589842 0.017664056001499888 87.90003107734137
0.017508713541978457 0.011890946969620269 0.9997760158012327 11.538890225888293 0.033905092933569136 0.9993471431978743 -0.01247961355410027 -0.9655113411599772 -0.9992716619574401 0.03411600068682793 0.01709412026014707 87.90572671665112
0.018147786908590258 0.011497548287942683 0.9997692282432799 12.246807058864437 0.037427142711187966 0.9992252452107611 -0.012170668690669323 -0.9778105466786191 -0.9991345449251293 0.037639376577404425 0.01770340788064867 87.91179807267523
0.020938689783763786 0.011534391290406835 0.9997142396803418 12.950528914368695 0.03961381789309669 0.9991386438325082 -0.012357448992668635 -0.9875821493919186 -0.9989956314257477 0.03986124657536842 0.020463734383727845 87.92127543164335
0.024701417776384637 0.011346849715237915 0.9996304971335884 13.684459065508356 0.04139989117983668 0.999066160288611 -0.01236345792682909 -1.0004749560991257 -0.9988372544920961 0.04168998835865065 0.02420859293500446 87.93503343262279
0.02838244643794334 0.011020221007155565 0.9995364024825354 14.434251831962902 0.04215310142877755 0.9990365342798389 -0.012211673006094726 -1.0129714467507038 -0.9987079228892642 0.0424801567609334 0.02789056528221772 87.9606775735542
0.033045168539206415 0.00960305613665723 0.9994077432668423 15.19381991637831 0.043573039315827886 0.9989892441957602 -0.011039766066756588 -1.0233149575323632 -0.9985035678342313 0.04391204280477392 0.032593334265033386 87.97948379895287
0.03713881078717048 0.007982770133590805 0.9992782525422604 15.972335422311179 0.04400432306924471 0.9989850648444805 -0.009615876323255243 -1.038767179521698 -0.9983407674970973 0.044329685007929526 0.03674984136834904 88.00911934343446
0.04079001423812538 0.006082301492658617 0.9991492477000714 16.772543972461555 0.04172686488837968 0.999098725712272 -0.0077854822199490935 -1.0472236958021992 -0.9982960465673267 0.04200893564146954 0.040499457049602526 88.04255245651157
0.04535659066106398 0.0049495169509118616 0.9989586136589733 17.57365436900166 0.0397837925840047 0.9991854661613777 -0.00675697894472826 -1.0588621174222126 -0.9981783383105908 0.040048835505466 0.045122737177558166 88.08284196418907
0.04891688304915637 0.0056274331050025755 0.9987870155423623 18.386926728070815 0.037713267319722354 0.9992606284210832 -0.007477157123169077 -1.0746123354030785 -0.9980905793082364 0.03803327999018176 0.04866848652976037 88.12648768221871
0.052947071862960195 0.009205628076781443 0.9985549062818192 19.198164569600515 0.035753553239698206 0.9992989033930881 -0.011108272363649592 -1.0966022592961893 -0.9979570384533657 0.03629003621611263 0.052580817743951534 88.1733799932679
0.054407070960765254 0.014556739353137126 0.9984127483509977 20.020448794005897 0.030105458506642025 0.9994152436269756 -0.01621190936230723 -1.1115741903316425 -0.9980648711622512 0.03093971524118804 0.05393701941225908 88.23215187125776
0.05387822997482784 0.0180234783996154 0.9983848638818674 20.854710122387637 0.02669300497373972 0.9994537932995152 -0.019483273935613762 -1.1374040749780427 -0.9981906564022285 0.02769961538378078 0.05336770072565687 88.28533843290944
0.05465465534775477 0.017605291674965638 0.998350121893416 21.693578232446267 0.024800991948823566 0.9995121483222513 -0.018983512878806202 -1.1588130074754908 -0.9981972449516594 0.025797610001392766 0.05419136432999383 88.34061093679064
0.05469176260209205 0.015966219246899532 0.9983756486443552 22.509514317521866 0.023041930608353346 0.9995857091156579 -0.017247824377229225 -1.1831372162955132 -0.9982373643011977 0.02394781622322109 0.05430121228225008 88.39042405406212
0.054146771480099685 0.014529367603888801 0.9984272975846136 23.339120672647322 0.022902047229215045 0.9996130313097077 -0.015788647882021563 -1.211337021880329 -0.9982702971672875 0.023720932918857213 0.05379306721019258 88.43936458299464
0.054875514188944166 0.013832979066888736 0.9983973977062964 24.162024285158115 0.02141241003580223 0.9996577875875373 -0.015027344482455646 -1.2340686665553635 -0.9982635687273705 0.022202726904908987 0.05456053922351852 88.48211368852385
0.055094930244415086 0.013876548988392048 0.998384708648539 24.979892949751807 0.01963829983824433 0.9996949407814256 -0.0149784805202089 -1.260412318048329 -0.9982879625651812 0.020431815503953867 0.054805611974159035 88.526630597741
0.054709817976974134 0.014619553816716346 0.9983952810913379 25.804084503448973 0.016962268800509283 0.9997349133568902 -0.015568663932214689 -1.2823263361792827 -0.9983581908790767 0.017786807602213323 0.05444733566613562 88.57209234395295
0.054199205975815394 0.015634971881512916 0.9984077498447841 26.621500658631472 0.013596124378791031 0.999773157959207 -0.016394428024662483 -1.3103022122109236 -0.9984375587643101 0.01446303971895869 0.05397433706497762 88.61862088689408
0.05097076783176691 0.015264908877165195 0.9985834987800725 27.432364137743328 0.01089170318302071 0.9998152164991408 -0.01583968324291375 -1.3332824538932235 -0.9986407359502961 0.011683635343501851 0.05079508966909203 88.66351580352826
0.04712186294053755 0.013964573840211455 0.9987915464683611 28.25604477880743 0.008529439587712814 0.9998601927131738 -0.014381923532589961 -1.3583581042479953 -0.9988527136003704 0.009196834719123722 0.046996166346288455 88.7045347729467
0.041778211168324204 0.011567436056992004 0.9990599669010657 29.0818353510163 0.006860713913500382 0.9999060834382764 -0.011864130874689526 -1.3825193672215377 -0.9991033352414218 0.007349926267298 0.04169492839339933 88.73926887941467
0.03584312468143381 0.009730696891651984 0.9993100768041262 29.885545486571157 0.005437725046637713 0.9999358922336945 -0.009931830673028795 -1.401415739989531 -0.999342618860604 0.005789960728114616 0.03578791508487149 88.76594240946699
