9.999999999999997780e-01 -1.179437378800895267e-19 4.513296021473010816e-20 0.000000000000000000e+00 2.410750703817041256e-18 1.000000000000000000e+00 3.393380551570677611e-19 0.000000000000000000e+00 1.704598014230834765e-20 -9.899396815885539085e-19 1.000000000000000000e+00 5.551115123125782702e-17
9.999909803582375245e-01 -2.991713540620609488e-03 -3.013715501403932840e-03 -4.074893840528004407e-04 2.986518408460432216e-03 9.999940468751230549e-01 -1.726756720936277337e-03 -1.286928065879511252e-02 3.018863049371271930e-03 1.717740511376422913e-03 9.999939727666392608e-01 6.896811973233407667e-01
9.999722238511375982e-01 -1.909776526795105983e-03 -7.203926055446790641e-03 -1.393313235094620524e-02 1.889056461006207019e-03 9.999940585113262781e-01 -2.881899957422593729e-03 -2.017350308754425198e-02 7.209386066904858309e-03 2.868211184708453678e-03 9.999698976375359649e-01 1.388834026283932044e+00
9.999347474596562702e-01 -1.423484237954935738e-03 -1.133471145466001008e-02 -2.866908852198291058e-02 1.369982149787468077e-03 9.999878930157223289e-01 -4.726553724153668111e-03 -2.872641787205213598e-02 1.134130138303983577e-02 4.710716769855014148e-03 9.999245895246214877e-01 2.104385664862390648e+00
9.998701395558801108e-01 4.980506994869104411e-04 -1.610789929855003036e-02 -4.676006881288082700e-02 -5.848580958977638543e-04 9.999853333283093004e-01 -5.384860387834123317e-03 -3.500107785581974690e-02 1.610497879916980568e-02 5.393581835725721856e-03 9.998557571158104285e-01 2.836002392704353170e+00
9.997934708072373500e-01 -7.740166317703509697e-04 -2.030818224554077275e-02 -6.705488348111912633e-02 6.628055051692534685e-04 9.999847571658238010e-01 -5.482331010153141358e-03 -4.894672295619401786e-02 2.031211400998390870e-02 5.467738383578741451e-03 9.997787320269387878e-01 3.581327788791337507e+00
9.996821493104001144e-01 4.341934680217500800e-04 -2.520756191437625165e-02 -9.016300639768845548e-02 -5.913077261230011454e-04 9.999804431364536228e-01 -6.225701454778443354e-03 -6.263968273525853669e-02 2.520436285055339953e-02 6.238627705482634178e-03 9.996628575531461003e-01 4.343292201265944286e+00
9.995375725632145159e-01 3.744355345599423637e-03 -3.017659423604816121e-02 -1.222980569980998411e-01 -3.955444597561013492e-03 9.999681023471568286e-01 -6.938484579401270856e-03 -8.205729225542959804e-02 3.014964729929652670e-02 7.054637549111274566e-03 9.995205050896286414e-01 5.114642738467320093e+00
9.993861053983427167e-01 5.631655431131721637e-03 -3.457880338147945737e-02 -1.557728987688308253e-01 -5.840686620792235641e-03 9.999652607175578689e-01 -5.947051557220836386e-03 -8.875767188050717738e-02 3.454410538424290689e-02 6.145364503628587133e-03 9.993842838840993892e-01 5.908575810337150180e+00
9.992286527427787224e-01 5.834641697761737064e-03 -3.883369942667259239e-02 -1.970467255364643233e-01 -5.963094585065760109e-03 9.999771256728222646e-01 -3.192779115141323749e-03 -1.026391782031457062e-01 3.881417740442221626e-02 3.421885246645643090e-03 9.992405915843992625e-01 6.714915457023085565e+00
9.990881549236132475e-01 4.089330055043389513e-03 -4.249860765184408640e-02 -2.287204957835221042e-01 -4.112144466150859969e-03 9.999914436275278984e-01 -4.494324617398021983e-04 -1.138510221459036603e-01 4.249640032087927122e-02 6.237831136384406044e-04 9.990964214488589068e-01 7.523931780851111029e+00
9.989746160171643075e-01 4.701878453079871845e-03 -4.502897549297425056e-02 -2.773979668259148879e-01 -4.732247661391704614e-03 9.999886426438754361e-01 -5.678725408674997407e-04 -1.280449523436053560e-01 4.502578812327439478e-02 7.803784715134529310e-04 9.989855213389602362e-01 8.338218830023311767e+00
9.988777352529932818e-01 4.473501230849869122e-03 -4.715141809580072896e-02 -3.189433903939851711e-01 -4.538882911819129909e-03 9.999888768205783540e-01 -1.279663642668820616e-03 -1.347481300627832446e-01 4.714516330003190592e-02 1.492242138409218509e-03 9.988869379264284643e-01 9.162968115658879142e+00
9.987907464922660683e-01 2.430805986473261009e-03 -4.910331407298239997e-02 -3.578283299706354059e-01 -2.502902468332688160e-03 9.999958808728918180e-01 -1.406833026336058029e-03 -1.498179688984992708e-01 4.909968563395701591e-02 1.528032682914016917e-03 9.987927126348421503e-01 9.999005278164823096e+00
9.986837907999771557e-01 2.398096348356292332e-03 -5.123405614409631131e-02 -4.020236354135278689e-01 -2.439188820675576661e-03 9.999967525997032203e-01 -7.395488659858031688e-04 -1.584782350695844166e-01 5.123210982079096087e-02 8.635450629152190008e-04 9.986863966003195481e-01 1.084587589123634821e+01
9.986194690200139723e-01 -1.202769803197216870e-03 -5.251389598031697137e-02 -4.550573128493908825e-01 1.158014215631733134e-03 9.999989405609963633e-01 -8.826798280044686291e-04 -1.716278858554626807e-01 5.251489464819172892e-02 8.206495043054093993e-04 9.986198004189896782e-01 1.170280141382562178e+01
9.985280391219885088e-01 1.592883970928805903e-03 -5.421457964272741181e-02 -5.016607116394082855e-01 -1.763938352839015435e-03 9.999936190063085650e-01 -3.107434118639506703e-03 -1.831608024428313108e-01 5.420927634815656676e-02 3.198491282968775502e-03 9.985244718717026791e-01 1.256287332340777674e+01
9.984444134695034112e-01 3.315599614557553521e-03 -5.565760916066007924e-02 -5.580377061736113697e-01 -3.629442334282097313e-03 9.999780749922614342e-01 -5.538681996984913189e-03 -1.999456719559153384e-01 5.563801731671350753e-02 5.732071968700454961e-03 9.984345515382350156e-01 1.342879586323190999e+01
9.983532358791957773e-01 7.252476510407581539e-03 -5.690536227296572047e-02 -6.226916061463527718e-01 -7.670974944785667778e-03 9.999450919716683650e-01 -7.139311583588099468e-03 -2.169886336176247987e-01 5.685045271129485905e-02 7.564074199241494455e-03 9.983540521491357511e-01 1.431468037030237639e+01
9.982509126579114378e-01 8.512654022847300148e-03 -5.850342502488085211e-02 -6.780502681102776874e-01 -8.943809503178076076e-03 9.999347150429004349e-01 -7.111870975488515656e-03 -2.316662139911418727e-01 5.843905652510569815e-02 7.622675027340364978e-03 9.982618722991880578e-01 1.519772036317240982e+01
9.981918631190015434e-01 7.598514988409625637e-03 -5.962599355211482127e-02 -7.324429900607798416e-01 -7.946009903633897281e-03 9.999527861777088855e-01 -5.592981794127364903e-03 -2.511191672228030303e-01 5.958067310672790495e-02 6.056657487668584347e-03 9.982051207032894835e-01 1.609544675475992292e+01
9.981165790733251830e-01 7.163563238410089809e-03 -6.092605096308327528e-02 -7.923816023036996947e-01 -7.436148338702335339e-03 9.999633239615598468e-01 -4.248479610572364687e-03 -2.669530555661716598e-01 6.089337435782556096e-02 4.693532948127336450e-03 9.981332369651150227e-01 1.699744771948449795e+01
9.980425911908827885e-01 7.247793741836284880e-03 -6.211655012611798365e-02 -8.536601047482984539e-01 -7.491262897826756785e-03 9.999651429957969739e-01 -3.687568573832368350e-03 -2.884519023044474495e-01 6.208765003577521036e-02 4.145681895319400234e-03 9.980620858133202322e-01 1.790453712166034705e+01
9.979768306143175227e-01 6.799112959756143867e-03 -6.321408519346635724e-02 -9.137063452597746771e-01 -7.107425092044622472e-03 9.999639168642593390e-01 -4.653689618382025189e-03 -3.009490087668104108e-01 6.318015406389460020e-02 5.093563696563154115e-03 9.979891425214230116e-01 1.881450024354821338e+01
9.978742383603693700e-01 6.681527471816697296e-03 -6.482558431011223310e-02 -9.959715657989626214e-01 -6.977061382761075119e-03 9.999662725770515070e-01 -4.333607007083618151e-03 -3.188071977012861824e-01 6.479443360298112187e-02 4.776686866580404263e-03 9.978871990625792776e-01 1.971537966251975149e+01
9.978569949705892173e-01 6.076928388521607785e-03 -6.514980159351749234e-02 -1.041814863992481799e+00 -6.307661947418097097e-03 9.999745443111928145e-01 -3.336488016877670569e-03 -3.383546673015804807e-01 6.512785849722577125e-02 3.740280777023687487e-03 9.978699207182180064e-01 2.065302346177203674e+01
9.978875769011964492e-01 6.416346984344677672e-03 -6.464687389041315346e-02 -1.105179066890083384e+00 -6.437863006723094569e-03 9.999792709797890033e-01 -1.245263084457468559e-04 -3.494683585281943006e-01 6.464472577272528664e-02 5.404510402609810247e-04 9.979081921190143811e-01 2.158197240730234157e+01
9.979110088333875694e-01 7.338226070720014690e-03 -6.418544045815359478e-02 -1.172443300099903496e+00 -7.131115415762770068e-03 9.999686040845671142e-01 3.455243624970824861e-03 -3.618856263224020653e-01 6.420877238175891344e-02 -2.990311700182335993e-03 9.979320070820453248e-01 2.251269841371133040e+01
9.980125593150371843e-01 6.552232667568809975e-03 -6.267377966432892411e-02 -1.224883106333886973e+00 -6.166256965786273171e-03 9.999608299565360126e-01 6.349919008828738831e-03 -3.723429393814050026e-01 6.271292274055736971e-02 -5.950836085271898196e-03 9.980138707284268440e-01 2.345567699668251294e+01
9.981730024662628376e-01 4.676697520569299965e-03 -6.023945456325412173e-02 -1.288300854638992465e+00 -4.249134906372275741e-03 9.999648829786166315e-01 7.223854871525966885e-03 -3.816827563970583981e-01 6.027111529778154952e-02 -6.954691025452205272e-03 9.981578145551206482e-01 2.439690208583804676e+01
9.981979525522229890e-01 5.830021821819103556e-03 -5.972317921895473752e-02 -1.351463555897203905e+00 -5.571650986789172984e-03 9.999743915603911404e-01 4.491746146227069102e-03 -3.915945688011317483e-01 5.974782842880819317e-02 -4.150894955503309745e-03 9.982048758873858230e-01 2.534988139626813108e+01
9.982832252785295291e-01 7.916250063211591886e-03 -5.803385068807842551e-02 -1.410650651036515102e+00 -7.935015757193778288e-03 9.999685104618282194e-01 -9.293194819818260434e-05 -4.055118348371883341e-01 5.803127986888033385e-02 5.532718912753033800e-04 9.983146142596420747e-01 2.629674483918216055e+01
9.983345979804726378e-01 8.371330772133469753e-03 -5.707843417169622402e-02 -1.467581973514634486e+00 -8.569309207518279251e-03 9.999580848895182061e-01 -3.224667078430917214e-03 -4.193719143351514744e-01 5.704903894442894113e-02 3.708419465392789102e-03 9.983644871300091372e-01 2.725940840419290012e+01
9.984050331411967738e-01 6.307688363026113174e-03 -5.610350175778500148e-02 -1.525783222927411975e+00 -6.449384623674922316e-03 9.999764492494593870e-01 -2.344932233166120185e-03 -4.363819304122665277e-01 5.608738215371820296e-02 2.703024996075504248e-03 9.984222076093437481e-01 2.823604411687291105e+01
9.984138837400339250e-01 2.998966971691741437e-03 -5.622033484489628863e-02 -1.579270706704936744e+00 -2.851250530921212861e-03 9.999922743724720675e-01 2.707479089920592722e-03 -4.444480747543541055e-01 5.622801271515004418e-02 -2.542886204660524917e-03 9.984147118874940885e-01 2.921213321022000642e+01
9.983740318021845361e-01 -1.993126533797599884e-03 -5.696774887435902823e-02 -1.633172708792886674e+00 2.354803538649310850e-03 9.999774891325284853e-01 6.282385924500281590e-03 -4.540781423568742148e-01 5.695393728636946595e-02 -6.406318593388620614e-03 9.983562490652870824e-01 3.018537682717956017e+01
9.982564490983153460e-01 -9.844707437869630595e-03 -5.819921342000878434e-02 -1.684535218909936960e+00 1.020434577823006554e-02 9.999306169304617020e-01 5.885492049502894819e-03 -4.710381098653336762e-01 5.813722634011839890e-02 -6.469115070927394275e-03 9.982876439712229377e-01 3.117795093179224253e+01
9.981756763582189107e-01 -1.041644568364883533e-02 -5.947116676210045111e-02 -1.740803269628880656e+00 1.055268196850830086e-02 9.999423612386952875e-01 1.977211655737397093e-03 -4.825402796480702250e-01 5.944713605071183515e-02 -2.601184864858193616e-03 9.982280624030857030e-01 3.215453182342059080e+01
9.980953655472659669e-01 -9.110395460680006594e-03 -6.101343846332728943e-02 -1.802272397311285745e+00 9.007376163495011898e-03 9.999575057191664174e-01 -1.963288976138758031e-03 -5.001475410076308137e-01 6.102872419177287483e-02 1.409978544798497213e-03 9.981350187335675805e-01 3.313415545567076492e+01
9.979784089602651287e-01 -8.455897361269094914e-03 -6.298890314949623370e-02 -1.872066221748931891e+00 8.294521181952852970e-03 9.999616105494749663e-01 -2.823017326358303377e-03 -5.082738939341170381e-01 6.301034735180192914e-02 2.294847490824093207e-03 9.980102304902600530e-01 3.412766232372205621e+01
9.979024004168839390e-01 -1.061898046552390076e-02 -6.385946247962341615e-02 -1.939082491774491102e+00 1.057785871395984512e-02 9.999435713599277298e-01 -9.820025040416045098e-04 -5.299606172930030334e-01 6.386627829340688067e-02 3.044463471493002375e-04 9.979584182231882039e-01 3.514351739676330766e+01
9.978363614820832117e-01 -8.742428588479974824e-03 -6.516261454314768720e-02 -2.011592842384167579e+00 8.866919092589128221e-03 9.999593702778821758e-01 1.621511400859658577e-03 -5.361684162208549820e-01 6.514578262879873460e-02 -2.195794574116323970e-03 9.978733382400346574e-01 3.613737142894358811e+01
9.977969201649020681e-01 -6.149627992512359149e-03 -6.605668833908084903e-02 -2.086980057225734875e+00 6.363786143289194494e-03 9.999751559478292640e-01 3.032117124345189499e-03 -5.580188087893221960e-01 6.603639269850922200e-02 -3.445807693886511567e-03 9.978112638872685958e-01 3.714404650385007756e+01
9.977211765748201788e-01 -6.204749950069474336e-03 -6.718600544325289969e-02 -2.154365666469822305e+00 6.580781336989204727e-03 9.999638930158502026e-01 5.377007703783676790e-03 -5.641307455523966174e-01 6.715020788371472982e-02 -5.806890698270675971e-03 9.977259804093294715e-01 3.814052094436890172e+01
9.977430268968656701e-01 -5.704199465218609370e-03 -6.690528142430841874e-02 -2.228250676000562702e+00 6.295057740963153417e-03 9.999430006427290074e-01 8.623778675924452172e-03 -5.824456577018742864e-01 6.685226712770775404e-02 -9.025487390376476377e-03 9.977220624604051791e-01 3.914500423510485660e+01
9.977176173948740789e-01 -1.508386662171009446e-03 -6.750762750644906385e-02 -2.306713235585912791e+00 2.243676358498215926e-03 9.999389742522738489e-01 1.081746002153264989e-02 -5.803138477192961719e-01 6.748718172965530171e-02 -1.094423468420591995e-02 9.976601183528519545e-01 4.015454302814659115e+01
9.977110840873607556e-01 -8.246944762606400314e-04 -6.761590474219784930e-02 -2.378991246102087231e+00 1.539409826065179848e-03 9.999434942857982067e-01 1.051880368108753551e-02 -5.912801566023274669e-01 6.760339975979412497e-02 -1.059881508598585487e-02 9.976559716268409428e-01 4.114968431847398023e+01
9.977202655898331773e-01 -8.660106463039300359e-04 -6.747981984987017068e-02 -2.450362832318169648e+00 1.470708095555614244e-03 9.999592056820203467e-01 8.911999633224214692e-03 -6.034358226029661321e-01 6.746934060575776604e-02 -8.990925503905811481e-03 9.976808387281466128e-01 4.214134696533034941e+01
9.977362422326974123e-01 3.438924580557820021e-03 -6.716070145918509593e-02 -2.524019884968117022e+00 -3.013319888221388347e-03 9.999747381117932710e-01 6.437378416426585599e-03 -6.148987359759425786e-01 6.718113300726143156e-02 -6.220428800756785601e-03 9.977213996555093223e-01 4.314955591279257874e+01
9.976751596592176030e-01 2.573326617086044935e-03 -6.810028149300179079e-02 -2.596463436599957042e+00 -2.137335714621920856e-03 9.999767580591842897e-01 6.474272652256928690e-03 -6.232504468226210959e-01 6.811535028224006971e-02 -6.313667636743319767e-03 9.976574722815978458e-01 4.412995239175602791e+01
9.976093953751953292e-01 -1.224118072255052749e-04 -6.910491450363503985e-02 -2.665930794638879942e+00 6.632920952449770577e-04 9.999693319730137420e-01 7.804054268941114543e-03 -6.368483440315748645e-01 6.910183064022140664e-02 -7.831234257901203283e-03 9.975788726517906824e-01 4.511271226482079300e+01
9.975659526515737729e-01 -2.905014376807353257e-04 -6.972865774681026585e-02 -2.739900849888019962e+00 9.019903586735222812e-04 9.999614099632597730e-01 8.738226988272576601e-03 -6.414112082753118393e-01 6.972341972596493576e-02 -8.779852139829321181e-03 9.975277273851662629e-01 4.611342223453604561e+01
9.975225547034441975e-01 1.048656099397560519e-03 -7.033953791726259286e-02 -2.814172430614101383e+00 -6.287727338083527219e-04 9.999818590518559924e-01 5.991252919368692149e-03 -6.612888993488824640e-01 7.034453533770126943e-02 -5.932182103030928660e-03 9.975051162446998410e-01 4.708551056971999316e+01
9.974712785098766021e-01 3.786842008268499933e-03 -7.096977884006644421e-02 -2.891051238059732853e+00 -3.723417777606509264e-03 9.999925394616701047e-01 1.025945834522597406e-03 -6.704472980449002195e-01 7.097312513031849013e-02 -7.591014002684529126e-04 9.974779420284531906e-01 4.807684207443220714e+01
9.974250371412156646e-01 4.123425216219818966e-03 -7.159814260214338033e-02 -2.966638601115995311e+00 -4.128869447907997439e-03 9.999914729094013799e-01 7.195514977063312224e-05 -6.903195323422131047e-01 7.159781925340029385e-02 2.238494903279959834e-04 9.974335599493827642e-01 4.903970679472930527e+01
9.974121717536417187e-01 3.638385267437856639e-03 -7.180336006280835237e-02 -3.039343249206612807e+00 -3.387803678472784460e-03 9.999877453161026830e-01 3.611302862755276771e-03 -7.009912317514752633e-01 7.181560913288638492e-02 -3.358701632679351144e-03 9.974122729302555834e-01 5.000839740345355011e+01
9.974143571147819909e-01 -1.463614462802145420e-04 -7.186494070291372938e-02 -3.110805910509083727e+00 6.457536474348711183e-04 9.999758101507250085e-01 6.925853844329738981e-03 -7.198822599742009665e-01 7.186217836656506874e-02 -6.954352888102174717e-03 9.973903227344927958e-01 5.100551013506885312e+01
9.973858719185988431e-01 -9.200764155527584682e-04 -7.225352691634054358e-02 -3.183663457480494507e+00 1.470101555574175774e-03 9.999703418015681855e-01 7.559624994812720947e-03 -7.255784225347541305e-01 7.224441849420232264e-02 -7.646082899051432485e-03 9.973576462798330322e-01 5.195235506108430457e+01
9.973870695876678738e-01 -3.609677237006384942e-03 -7.215266087310720500e-02 -3.255227576544277746e+00 4.086047259391305080e-03 9.999708173675740941e-01 6.455746787014689583e-03 -7.441666212600841490e-01 7.212724194361122554e-02 -6.733697157556531483e-03 9.973727030447580022e-01 5.291329800828240337e+01
9.973355414932030261e-01 -6.883580493754743942e-03 -7.262523746759351473e-02 -3.317982273138148752e+00 7.274544855719764121e-03 9.999604279985057076e-01 5.120187548607023527e-03 -7.601526165990832862e-01 7.258710898979188475e-02 -5.634860478686509050e-03 9.973461605082912795e-01 5.389228761490691966e+01
9.972590060372603649e-01 -7.570784060819099430e-03 -7.360135891480645842e-02 -3.394061881521791779e+00 8.056416486110990274e-03 9.999476807448861582e-01 6.303509226773784321e-03 -7.702184734240629105e-01 7.354977642317583886e-02 -6.879194299744966629e-03 9.972678232178533442e-01 5.482884467231934877e+01
9.971676680835828144e-01 -1.042346297413819685e-02 -7.448481651776582557e-02 -3.462093682661029792e+00 1.121398470739842605e-02 9.998850658726800011e-01 1.020286868348070815e-02 -7.786016905560704249e-01 7.436989651898463782e-02 -1.100924225122373520e-02 9.971699560437370380e-01 5.581213133650415870e+01
9.970559658762910837e-01 -1.394659715215002503e-02 -7.539822189839756605e-02 -3.526341558925734088e+00 1.514711106854384898e-02 9.997670717645841254e-01 1.537397684784740787e-02 -7.895291674531486059e-01 7.516623566608714169e-02 -1.647077995271608447e-02 9.970349823591249105e-01 5.674993902933186263e+01
9.970328867272297835e-01 -1.210904701104076851e-02 -7.601844109349933931e-02 -3.606413352286521157e+00 1.349177408592303583e-02 9.997522715676889771e-01 1.770224289561839887e-02 -7.844344679909360796e-01 7.578524154066351715e-02 -1.867534124305930340e-02 9.969492617050813577e-01 5.770132323448483191e+01
9.969788888426562856e-01 -1.092939925261893729e-02 -7.690023245873206514e-02 -3.688214621165288865e+00 1.204591950589132578e-02 9.998284493583976529e-01 1.407023598497520421e-02 -7.972281958148633718e-01 7.673325024921855142e-02 -1.495406201490977541e-02 9.969395117989461319e-01 5.864703986504256505e+01
9.968953853170700041e-01 -7.826630577646530654e-03 -7.834758704947659969e-02 -3.763851765655175097e+00 8.362304260191329511e-03 9.999438356976568798e-01 6.511401024853960898e-03 -8.075702173195198341e-01 7.829221466097217863e-02 -7.146351691555292637e-03 9.969048389852731562e-01 5.955433082628237429e+01
9.968583477571856255e-01 -5.844680536383858871e-03 -7.898911451603539413e-02 -3.844003192445625494e+00 5.978906535479928605e-03 9.999810512413863650e-01 1.462908285136885417e-03 -8.255300081866928652e-01 7.897905768208661470e-02 -1.930580810691308671e-03 9.968744010014279899e-01 6.047115146275513098e+01
9.968129072402153179e-01 -5.367382486273509492e-04 -7.977302122860158162e-02 -3.926092235750410886e+00 6.958254935875147866e-04 9.999978225421936040e-01 1.966465689281930284e-03 -8.303493314900023403e-01 7.977178143000164534e-02 -2.015706375693700463e-03 9.968111102175906124e-01 6.139292164514206718e+01
9.967294372253004964e-01 1.201700674184297355e-03 -8.080213331921545783e-02 -4.008599255173604270e+00 -8.529444006285718865e-04 9.999901741166350444e-01 4.350553287189143185e-03 -8.466227550022663584e-01 8.080655671897168935e-02 -4.267404600821723785e-03 9.967206686580644126e-01 6.228881124186980145e+01
9.966211252557667377e-01 2.703383962841595690e-03 -8.209155953003534345e-02 -4.090391083529304694e+00 -2.214804388217131523e-03 9.999792967447460601e-01 6.042117448266320391e-03 -8.608065326692518893e-01 8.210618285035965747e-02 -5.839884891079835834e-03 9.966064779994869838e-01 6.316912353949205539e+01
9.965529463519046116e-01 5.051452714139713189e-03 -8.280522489826752652e-02 -4.165467204055010697e+00 -4.585170598643373112e-03 9.999725496010540837e-01 5.820263838631911310e-03 -8.783925727573047570e-01 8.283234136539228964e-02 -5.420524811523444279e-03 9.965487540470411298e-01 6.405720810589373571e+01
9.964203616342334202e-01 5.770748968115637159e-03 -8.433961362594567801e-02 -4.241963721230897377e+00 -5.233949459555435266e-03 9.999646234448038573e-01 6.584456715647345887e-03 -8.895321988339063290e-01 8.437461583557860634e-02 -6.119457225150884069e-03 9.964153149209626914e-01 6.489653635302771306e+01
9.963036948638813728e-01 6.685273734662425769e-03 -8.564022369540899571e-02 -4.321186126765481639e+00 -6.066172892070575279e-03 9.999535676351691826e-01 7.487278121962751519e-03 -9.025975391595558728e-01 8.568629099374497349e-02 -6.940094326458303917e-03 9.962979975009496059e-01 6.575031338571697859e+01
9.961689379385433307e-01 6.468479775927044907e-03 -8.721018175411188178e-02 -4.396573197100574149e+00 -5.799724392024807607e-03 9.999518216422993433e-01 7.919514829958727506e-03 -9.168331533838637304e-01 8.725719569895762362e-02 -7.383379314861915864e-03 9.961584504191571821e-01 6.656566117490397971e+01
9.960788589088894751e-01 6.870877348061689774e-03 -8.820260684292274833e-02 -4.473878211447940068e+00 -6.110299844524683284e-03 9.999418170484138946e-01 8.890172943524531080e-03 -9.277918577295304337e-01 8.825854617518687217e-02 -8.316368651921972333e-03 9.960628840426966057e-01 6.737956094273296515e+01
9.959463882930275069e-01 9.034924876043820552e-03 -8.949394242638869512e-02 -4.549410554736314616e+00 -8.044484983834107247e-03 9.999024112249831342e-01 1.142162965889133991e-02 -9.363523254858594491e-01 8.958839022768959326e-02 -1.065539795754489802e-02 9.959218704819893242e-01 6.818719662589178654e+01
9.958100581439804921e-01 1.051137120259377361e-02 -9.083961226171378966e-02 -4.632024017904059932e+00 -9.153433095002980191e-03 9.998402441184077727e-01 1.535244717650313846e-02 -9.410034777290177122e-01 9.098646388353538728e-02 -1.445662643817174041e-02 9.957471877376117275e-01 6.897061282686358652e+01
9.956312834836336112e-01 1.225642972974190330e-02 -9.256413522313738929e-02 -4.710697265464670380e+00 -1.070266439865461168e-02 9.997936873483446174e-01 1.726362616321993823e-02 -9.455450523650640315e-01 9.275661598029515120e-02 -1.619752315773242621e-02 9.955570591680219517e-01 6.974382139592773910e+01
9.954912117586538489e-01 1.510082938628392463e-02 -9.364402828463881667e-02 -4.791318161423679278e+00 -1.386015742964410991e-02 9.998075299654657355e-01 1.388510288894598960e-02 -9.601612971358729487e-01 9.383566884565042177e-02 -1.252457683369567927e-02 9.955089182758806166e-01 7.049613573633791930e+01
9.953010393022921898e-01 1.726244974512326433e-02 -9.527775220239730058e-02 -4.869566708879649042e+00 -1.674674274369960733e-02 9.998404824365674237e-01 6.209677307125163227e-03 -9.667836183140510187e-01 9.536973475986590398e-02 -4.584906098704413270e-03 9.954313582611403755e-01 7.122722951205348352e+01
9.952125735119227157e-01 1.688621308565964318e-02 -9.626418927971733264e-02 -4.941415883483893268e+00 -1.693113363123168250e-02 9.998565932068708140e-01 3.502095777464071195e-04 -9.821657688699829691e-01 9.625628550848287779e-02 1.281328911180592981e-03 9.953557532812065123e-01 7.194151168495534421e+01
9.951166218637249594e-01 1.823519050476226852e-02 -9.700713446076947299e-02 -5.018496086879284057e+00 -1.841669152067481469e-02 9.998299230232087220e-01 -9.758947790369026324e-04 -9.893493095610944588e-01 9.697282704524863572e-02 2.757679621242757617e-03 9.952832051130663382e-01 7.262832077789936136e+01
9.950358055179249206e-01 1.979118864750585918e-02 -9.752976045174367725e-02 -5.089475490720376527e+00 -1.964515194233116754e-02 9.998039914680700857e-01 2.457478527341145063e-03 -1.004742311978447100e+00 9.755926711470733204e-02 -5.292921280585194095e-04 9.952295730140048313e-01 7.331397658368213399e+01
9.949470982926286178e-01 1.878167594617160402e-02 -9.862821880031906463e-02 -5.159510703057890169e+00 -1.837988417117863982e-02 9.998186652212039949e-01 4.980894985557798166e-03 -1.020472736562838767e+00 9.870387086587574521e-02 -3.142951690990413924e-03 9.951118864861673297e-01 7.396751062864697701e+01
9.948709359471885616e-01 1.568722256858121750e-02 -9.992866337892770956e-02 -5.223829340122559728e+00 -1.559662787328648485e-02 9.998769435667714811e-01 1.687794083491215083e-03 -1.034048909253016069e+00 9.994282882642288590e-02 -1.205869509375967198e-04 9.949931704860397463e-01 7.459510051198223834e+01
9.949446085480313506e-01 9.092455745109948723e-03 -1.000127800282357426e-01 -5.277669880930488056e+00 -9.455606822109798720e-03 9.999503129238994648e-01 -3.157617448004333867e-03 -1.054836803653266708e+00 9.997908683210066094e-02 4.087335969931021017e-03 9.949811385280691312e-01 7.520663236541125229e+01
9.951064855525822983e-01 4.600155895432619414e-03 -9.870115017004792157e-02 -5.332594402089039676e+00 -5.444776800051845216e-03 9.999508194280302131e-01 -8.289708223229977704e-03 -1.065836002338304667e+00 9.865814887043861114e-02 8.786547978057538191e-03 9.950825950193874503e-01 7.579854723774226954e+01
9.953620537406400182e-01 6.820280943449844903e-03 -9.595761754155696099e-02 -5.392612464699978680e+00 -7.670897131390555859e-03 9.999344666195246756e-01 -8.498405924515626056e-03 -1.082372334138533843e+00 9.589335455387207330e-02 9.195071636352056960e-03 9.953491396398354008e-01 7.638111069692922683e+01
9.957147876723543289e-01 1.227720302812415967e-02 -9.165883789719408981e-02 -5.451955219686522192e+00 -1.287057088327385641e-02 9.998998496360534949e-01 -5.885365817677189020e-03 -1.089050794757394192e+00 9.157739055560701336e-02 7.039847265200327095e-03 9.957730726915920982e-01 7.694687595644253975e+01
9.961640491743560810e-01 1.103560521766387865e-02 -8.680665067689966041e-02 -5.503640766226483905e+00 -1.131570267567990132e-02 9.999322322566590593e-01 -2.735279867378999970e-03 -1.103770911848342307e+00 8.677057151819654590e-02 3.707065652270740731e-03 9.962214185689848289e-01 7.750664159027826372e+01
9.966649746263417375e-01 6.841135386103334125e-03 -8.131505064234707814e-02 -5.536752646694599100e+00 -6.732414746670424208e-03 9.999760439054342642e-01 1.611127516992889863e-03 -1.118728120090575651e+00 8.132411262754599135e-02 -1.058307515201891867e-03 9.966871414682240138e-01 7.804310718614689790e+01
9.973421779813543830e-01 1.880822443584481522e-03 -7.283575323077430552e-02 -5.566200361331872237e+00 -1.496381253263335404e-03 9.999846646897432301e-01 5.332399247628616216e-03 -1.137798177738632788e+00 7.284465604434185726e-02 -5.209236479391394538e-03 9.973296973289024203e-01 7.857624462700088941e+01
9.980393169260690645e-01 5.661913355901583567e-03 -6.233345976224303336e-02 -5.598770864089708255e+00 -5.333940559962019150e-03 9.999710507823463823e-01 5.426723936822068321e-03 -1.149655059587559869e+00 6.236237276605600260e-02 -5.083600611645300998e-03 9.980406222915845227e-01 7.908752680835088711e+01
9.988187085282256295e-01 1.080806723836221991e-02 -4.737471970343778982e-02 -5.626950105640784905e+00 -1.058913262578179554e-02 9.999320787761677432e-01 4.869851186160714142e-03 -1.155358721016335188e+00 4.742412875667528782e-02 -4.362441041180939623e-03 9.988653126956064110e-01 7.958860932859819570e+01
9.994481247752119435e-01 1.585841756605373826e-02 -2.918814621442968743e-02 -5.643789015140372456e+00 -1.571055551183120694e-02 9.998625971826128334e-01 5.288149111210060926e-03 -1.158228330288845864e+00 2.926799263091814374e-02 -4.826668648125346898e-03 9.995599480421751837e-01 8.008317698925584693e+01
9.998676932731538347e-01 1.453015383971591017e-02 -7.311772767000472052e-03 -5.630408256185120308e+00 -1.448873228446558893e-02 9.998788681920360855e-01 5.686335268420231182e-03 -1.165884507345166243e+00 7.393509389363340546e-03 -5.579644339535147317e-03 9.999570985348100738e-01 8.055486530191109296e+01
9.997645086858454322e-01 1.032661165922229944e-02 1.908612224440135036e-02 -5.602092719271787757e+00 -1.045605568555996179e-02 9.999229261056467033e-01 6.694828137543321241e-03 -1.177796045662424573e+00 -1.901551398382276409e-02 -6.892816776448060755e-03 9.997954252085078375e-01 8.103496982121792769e+01
9.988008869479279017e-01 8.927840098565151955e-03 4.813599500556297456e-02 -5.560840665701719310e+00 -9.328582140453107671e-03 9.999236224733175638e-01 8.107008654571024736e-03 -1.184859890483174194e+00 -4.805993359797237213e-02 -8.546327886502240803e-03 9.988078905787545203e-01 8.147865434104697613e+01
9.966672661404804012e-01 8.531147716758913715e-03 8.112700393854334335e-02 -5.500000376396893209e+00 -9.337740429554222676e-03 9.999106257088343774e-01 9.568157128861323399e-03 -1.189700230682857907e+00 -8.103811406419011987e-02 -1.029381162149333763e-02 9.966578481506850329e-01 8.192265814088570153e+01
9.928870194908677727e-01 7.911584092262270024e-03 1.187972061782561067e-01 -5.423288904766611296e+00 -9.162626954577439767e-03 9.999081350050817996e-01 9.988422822238041815e-03 -1.195597769806284738e+00 -1.187072546419841862e-01 -1.100586967313564070e-02 9.928682955040503133e-01 8.237430316076540748e+01
9.871121153404300852e-01 7.927608742362122346e-03 1.598337737680022297e-01 -5.327664462131298073e+00 -9.716146732613542905e-03 9.998985883554654119e-01 1.041158161536111584e-02 -1.201167066288391538e+00 -1.597350115521573577e-01 -1.183036643347756302e-02 9.870890363041046056e-01 8.278968030158524982e+01
9.787186354357311213e-01 7.633728000864628029e-03 2.050647969374662094e-01 -5.214742691978415223e+00 -9.918840043538226792e-03 9.998996192409183026e-01 1.011774306977030781e-02 -1.206330119577637028e+00 -2.049669488732658307e-01 -1.193642736498816241e-02 9.786961053233507180e-01 8.320774877608330655e+01
9.670685472865397925e-01 9.217460523754963247e-03 2.543491298198907735e-01 -5.071894943942155898e+00 -1.167859588829767842e-02 9.998984385184013224e-01 8.167825402804251844e-03 -1.213499252793034389e+00 -2.542479718914987807e-01 -1.086928780302970528e-02 9.670779841950589706e-01 8.362609465847613421e+01
9.518433332869944419e-01 9.523670109098433118e-03 3.064369016533857737e-01 -4.916506082325168059e+00 -1.181909249599522906e-02 9.999142733127904803e-01 5.635978218911271743e-03 -1.224646123208057880e+00 -3.063569096018053384e-01 -8.986374282079885589e-03 9.518742934002148992e-01 8.400283932164759904e+01
9.320869484751178602e-01 9.797410809285315297e-03 3.621021081126259422e-01 -4.725242129720887085e+00 -1.183387557901843801e-02 9.999241773319620386e-01 3.406592052222362239e-03 -1.231430558233417072e+00 -3.620412323925296660e-01 -7.460310826052737876e-03 9.321322241929200780e-01 8.438593484285577517e+01
9.080051928181750442e-01 9.786554608149590842e-03 4.188446348012818676e-01 -4.528942957980133244e+00 -1.149463335574250032e-02 9.999327205601455937e-01 1.554971485235703875e-03 -1.237498712609056417e+00 -4.188011745683398734e-01 -6.226387856138687615e-03 9.080565966216791463e-01 8.472786968691325171e+01
8.794531222010146809e-01 9.942986371802900111e-03 4.758816768304562350e-01 -4.300476331531449148e+00 -1.085367453402957295e-02 9.999407480356793387e-01 -8.344477016669937016e-04 -1.233467000268046565e+00 -4.758617221775213735e-01 -4.431207175068571126e-03 8.795089297633059688e-01 8.505292533052876536e+01
8.459945859822932679e-01 8.154153276182636578e-03 5.331291624326919276e-01 -4.036404112255406851e+00 -7.935747925610645362e-03 9.999648607605747808e-01 -2.701531948234400359e-03 -1.252963044955480498e+00 -5.331323901475292226e-01 -1.945297593623409238e-03 8.460295732571320171e-01 8.537152940216263630e+01
8.094395156639589972e-01 7.560132499839783068e-03 5.871546416795261347e-01 -3.788146619695760275e+00 -6.646102851443105343e-03 9.999710206787703060e-01 -3.713322431978849630e-03 -1.258643874450401157e+00 -5.871656150579344091e-01 -8.965805427783247929e-04 8.094663036572705694e-01 8.563831550768288992e+01
7.696508819737784002e-01 5.769671496583569058e-03 6.384389457455462713e-01 -3.494602779211897214e+00 -5.368680921536136269e-03 9.999822940117829573e-01 -2.564942476433680878e-03 -1.274122988960115554e+00 -6.384423624839000722e-01 -1.453464975645821526e-03 7.696682340144386236e-01 8.592321622248881852e+01
7.269732622873721350e-01 4.978994463857680172e-03 6.866477582508810906e-01 -3.213173579000301316e+00 -6.106327890611274768e-03 9.999810483341698975e-01 -7.860835557386840504e-04 -1.275124614979204374e+00 -6.866385701627656379e-01 -3.621434205459123437e-03 7.269898893784580984e-01 8.614603564032965721e+01
6.819327695588254246e-01 3.939613764197102096e-03 7.314042954437752764e-01 -2.907954635774189001e+00 -5.180615394111231890e-03 9.999864296128578856e-01 -5.560926656037624288e-04 -1.278199076022733527e+00 -7.313964600611857492e-01 -3.409906145270558478e-03 6.819439308283167245e-01 8.637386473431068623e+01
6.352703125984696664e-01 2.148200188451936197e-03 7.722869171577555480e-01 -2.567076614607248786e+00 -1.631475862753871452e-03 9.999976286747869203e-01 -1.439577519541616370e-03 -1.286645590010927043e+00 -7.722880783643322200e-01 -3.454468563128455143e-04 6.352723187267435012e-01 8.659222870647448644e+01
5.886941655991426714e-01 -1.350465703160708391e-03 8.083547706451280623e-01 -2.252366204676853556e+00 3.904973147354929858e-03 9.999916829906781990e-01 -1.173223388028559952e-03 -1.305803102108186398e+00 -8.083463570097239037e-01 3.847272870910482291e-03 5.886945514101790122e-01 8.675587929779433694e+01
5.416618672677663282e-01 3.809555903791968516e-04 8.405964411095002697e-01 -1.902885460295655085e+00 2.663562534272913632e-03 9.999941006839675461e-01 -2.169535477189835602e-03 -1.311130059989556562e+00 -8.405921908370411755e-01 3.414135328379509348e-03 5.416576520482661028e-01 8.693461958354224350e+01
4.944583353291149286e-01 3.467705463586432443e-03 8.691944667437522254e-01 -1.580878391689275464e+00 -8.982562737342615492e-04 9.999935471997498659e-01 -3.478545647426777108e-03 -1.312508583675782159e+00 -8.692008018598699204e-01 9.392357303469462933e-04 4.944582674711351378e-01 8.707906941200704409e+01
4.489776404570806068e-01 5.437628321729578648e-03 8.935264998046688056e-01 -1.235990268535040348e+00 -1.733231975421490332e-03 9.999849043482034183e-01 -5.214577887220976996e-03 -1.322236051544742663e+00 -8.935412492485367286e-01 7.925387197608417143e-04 4.489802951947158838e-01 8.721493708874091055e+01
4.060026617199585242e-01 3.477422659000911544e-03 9.138653408262105149e-01 -8.643058198287609795e-01 5.462385372963802360e-03 9.999656649598436253e-01 -6.231822611333225070e-03 -1.321260259212485577e+00 -9.138555088176922858e-01 7.522020515551122548e-03 4.059697333201978675e-01 8.733163398171467406e+01
3.668160186264359246e-01 -4.952093682666626646e-03 9.302803898329874421e-01 -5.117844137379536917e-01 1.972609820308562564e-02 9.998024039785523565e-01 -2.455963389176804741e-03 -1.346705831223589334e+00 -9.300842833115960939e-01 1.925168785215227232e-02 3.668412273950117375e-01 8.741480686779203779e+01
3.309751223340597903e-01 -9.003684799897573171e-03 9.435965908788012113e-01 -1.470325736376723591e-01 2.560835082033482285e-02 9.996719005839469485e-01 5.563844559595546631e-04 -1.348373479582771095e+00 -9.432918742660465483e-01 2.397980195462753178e-02 3.310971070819931361e-01 8.749644872312481425e+01
2.975216940971652790e-01 -5.555237050724858537e-03 9.546989607741314110e-01 2.282033079116353447e-01 2.260934579304929928e-02 9.997436232913281540e-01 -1.228616411886271267e-03 -1.357053472473165989e+00 -9.544472399566917842e-01 2.195065728088372095e-02 2.975710226115065304e-01 8.759030208347957114e+01
2.666457989112376303e-01 2.789098467096385713e-03 9.637906239091535987e-01 5.751549657795187454e-01 1.224853701947098937e-02 9.999052434321404892e-01 -6.282335196623627972e-03 -1.358312047512378440e+00 -9.637166931943813575e-01 1.348018247462114995e-02 2.665863676566217477e-01 8.768588256192776953e+01
2.381769341322849953e-01 7.558370369933394700e-03 9.711924337499823201e-01 9.621984436633406190e-01 7.016935010785502018e-03 9.999302303475217091e-01 -9.502870100446283302e-03 -1.367137959226971899e+00 -9.711963635514584414e-01 9.078157757685461141e-03 2.381072855201932792e-01 8.777864212480650963e+01
2.118232194077993014e-01 9.019382602058000076e-03 9.772664392635236341e-01 1.363487445830385836e+00 8.123134000601550664e-03 9.999066252996011706e-01 -1.098902898875746791e-02 -1.384476946290787769e+00 -9.772741783390215264e-01 1.026619695720419265e-02 2.117301752925994096e-01 8.783521590591307415e+01
1.887755612452187703e-01 1.041625120571123587e-02 9.819650811094926546e-01 1.760100480337411843e+00 1.614700155469520754e-02 9.997756391324890135e-01 -1.370932099573068767e-02 -1.393822563460506148e+00 -9.818874385616579437e-01 1.844377522089859708e-02 1.885650096222920846e-01 8.788992991458310655e+01
1.683323984308090771e-01 1.583202588876686523e-02 9.856032071138305373e-01 2.159407173679452896e+00 2.275373783294321051e-02 9.995421837217249861e-01 -1.994207190184442424e-02 -1.407340052371168992e+00 -9.854675797881815580e-01 2.578305227144820147e-02 1.678950978474658684e-01 8.793667818564068739e+01
1.480840460961759253e-01 2.321954162550926570e-02 9.887022336632453889e-01 2.592974361219761104e+00 2.290921735413609800e-02 9.993755396480725750e-01 -2.690145908068574190e-02 -1.404844013493350641e+00 -9.887093327795991593e-01 2.663406983673117026e-02 1.474596342557515094e-01 8.797982516276647402e+01
1.305716086821649413e-01 2.427648723032375597e-02 9.911416861064830108e-01 3.031171443119725417e+00 2.102696822573907678e-02 9.994075055723463663e-01 -2.724901059101324935e-02 -1.412150548488241952e+00 -9.912158154543293520e-01 2.439865027635468309e-02 1.299837857454886059e-01 8.803311248768453368e+01
1.150672432974173542e-01 1.990138081102695716e-02 9.931583975480912097e-01 3.480914119393226702e+00 2.056803922857139075e-02 9.995372142980319952e-01 -2.241221524123619344e-02 -1.428677280036539043e+00 -9.931446818296928436e-01 2.300623138928979336e-02 1.146046624045506113e-01 8.808509022243556785e+01
1.000374637073993683e-01 1.647771406111869438e-02 9.948472883819315937e-01 3.957705406672041626e+00 2.127878026112149309e-02 9.995987580927943039e-01 -1.869611465034563824e-02 -1.450509025783902839e+00 -9.947560424100742038e-01 2.303944732494790301e-02 9.964670019980632898e-02 8.811672577991409128e+01
8.712290419221643822e-02 1.408738569913764449e-02 9.960980303451538731e-01 4.437413565001014248e+00 2.336104966908333913e-02 9.995961557547183851e-01 -1.618011379092164359e-02 -1.464834078301426867e+00 -9.959235597395491579e-01 2.467955240356430047e-02 8.675862505306525252e-02 8.815341271606040152e+01
