9.999999999999997780e-01 -1.179437378800895267e-19 4.513296021473010816e-20 0.000000000000000000e+00 2.410750703817041256e-18 1.000000000000000000e+00 3.393380551570677611e-19 0.000000000000000000e+00 1.704598014230834765e-20 -9.899396815885539085e-19 1.000000000000000000e+00 5.551115123125782702e-17
9.999910291299740628e-01 -2.970615096346807069e-03 -3.019056487419560439e-03 -6.006579193983140053e-03 2.965260771360773377e-03 9.999940278101228097e-01 -1.776364509813721515e-03 -1.255877012271242738e-02 3.024314934227158042e-03 1.767396273285381158e-03 9.999938630599032319e-01 6.859212457867172041e-01
9.999724276675964196e-01 -1.684489311400852755e-03 -7.232873258904734363e-03 -1.540324192153450129e-02 1.661775091652162089e-03 9.999936732328019717e-01 -3.145240131794425301e-03 -2.042328734676531615e-02 7.238124651981463903e-03 3.133133926716625498e-03 9.999688990996017379e-01 1.381859317167706491e+00
9.999351190741675444e-01 -1.252489447162312679e-03 -1.132167356705361845e-02 -2.750782595769250480e-02 1.201736362541326293e-03 9.999892069411322471e-01 -4.488517454361193662e-03 -2.813456242206349017e-02 1.132717167217170071e-02 4.474620494725516096e-03 9.999258339847002519e-01 2.099118952806271032e+00
9.998718193961183553e-01 2.007089954350765881e-04 -1.600921312180997313e-02 -4.907500631096804733e-02 -2.864092136098631437e-04 9.999856388697665466e-01 -5.351072024635143871e-03 -3.561968048931982850e-02 1.600790700885672962e-02 5.354971209210040821e-03 9.998575217341152399e-01 2.831941790677241499e+00
9.997898851143042220e-01 -7.722557397366889079e-04 -2.048410269436566275e-02 -6.670973829837749391e-02 6.653410521565083450e-04 9.999861239222920251e-01 -5.225692034479938533e-03 -4.815968079732529938e-02 2.048785109119033443e-02 5.210964996088533925e-03 9.997765209634035255e-01 3.577798545310280076e+00
9.996815300840343754e-01 6.239771285720000036e-04 -2.522778119266710570e-02 -8.805952824676006874e-02 -7.809179370046773032e-04 9.999804072965355894e-01 -6.211587185961574449e-03 -6.388791490243519999e-02 2.522340717087318690e-02 6.229309743311935155e-03 9.996624326194301080e-01 4.338495065253098915e+00
9.995429387423928613e-01 3.891059766378924395e-03 -2.997967148338783958e-02 -1.194930020643992230e-01 -4.093987312830851821e-03 9.999691004124062754e-01 -6.710442389194376869e-03 -8.094772467639069213e-02 2.995263040541106675e-02 6.830111496869717934e-03 9.995279808452008918e-01 5.120395538625080789e+00
9.993870816007475177e-01 5.704805432061110272e-03 -3.453873833253253561e-02 -1.580757742885079975e-01 -5.906924567699274771e-03 9.999660089920994199e-01 -5.752762095432017997e-03 -8.794256671878833420e-02 3.450474136542839437e-02 5.953253749108265366e-03 9.993867994071529148e-01 5.909727487315553418e+00
9.992304269115941384e-01 5.732233628697915549e-03 -3.880341269607343740e-02 -1.963305551385166048e-01 -5.855296983024275981e-03 9.999781826226427084e-01 -3.058569698575441115e-03 -1.020320136560184388e-01 3.878502816257209385e-02 3.283421390494659087e-03 9.992421804657630746e-01 6.713491033156082644e+00
9.991044793926683321e-01 4.118545998618571014e-03 -4.211023830173623445e-02 -2.325043882027365838e-01 -4.143401399962434381e-03 9.999912905193926171e-01 -5.029932284932741877e-04 -1.116069464731855310e-01 4.210779470100528554e-02 6.770224491510145551e-04 9.991128400879391025e-01 7.516971681146401352e+00
9.989877391468974244e-01 5.069716581172995298e-03 -4.469677319267239407e-02 -2.774579885895168130e-01 -5.096109679619633716e-03 9.999869020578601164e-01 -4.765761838326858213e-04 -1.269527100843534095e-01 4.469376556191601013e-02 7.038733932609079298e-04 9.990004887952422807e-01 8.339209707159849216e+00
9.988865442460094224e-01 4.503581108515382000e-03 -4.696148235104105617e-02 -3.225456556052242463e-01 -4.570384837911624885e-03 9.999886930233956583e-01 -1.315256519590086558e-03 -1.305293260570958014e-01 4.695502120046290973e-02 1.528424172557001472e-03 9.988958327305950124e-01 9.168001585303388268e+00
9.987938760469885491e-01 2.408507521704813734e-03 -4.904078620172680480e-02 -3.588038927623383167e-01 -2.478218059165693959e-03 9.999960006431229953e-01 -1.360731220934422239e-03 -1.496971447060967408e-01 4.903730679416755389e-02 1.480623651058179079e-03 9.987958533098882929e-01 9.998471368904695566e+00
9.986951346462090706e-01 2.304036613751313852e-03 -5.101692093890986685e-02 -4.053440291197002443e-01 -2.344750663803236816e-03 9.999969767082791394e-01 -7.382157597614179148e-04 -1.584904719333106171e-01 5.101505934553630245e-02 8.568743479724914066e-04 9.986975186455115949e-01 1.084046238412377861e+01
9.986311941139399684e-01 -1.044604249940486469e-03 -5.229382175123423182e-02 -4.516218165402640650e-01 1.006593586536324789e-03 9.999992144584571863e-01 -7.531988386588999839e-04 -1.698548702658648768e-01 5.229456089604280628e-02 6.995292621962628061e-04 9.986314614276028401e-01 1.169140842531882818e+01
9.985279466715415442e-01 1.469068760594307611e-03 -5.421978643880570603e-02 -5.040943030998462637e-01 -1.633035567746393647e-03 9.999942314793076603e-01 -2.979939197079474293e-03 -1.837269086546281793e-01 5.421508867973352103e-02 3.064095354274893029e-03 9.985245818491508274e-01 1.256218781993186084e+01
9.984548612591734873e-01 3.263658799238836148e-03 -5.547292311263385400e-02 -5.607353347179727665e-01 -3.575405765490861053e-03 9.999783626652413160e-01 -5.521493370801998195e-03 -2.001831233750898664e-01 5.545369460089092511e-02 5.711299883597567052e-03 9.984449260755852151e-01 1.342824697128147626e+01
9.983643942550105566e-01 7.083900784507823033e-03 -5.673053490562750267e-02 -6.230227251811633060e-01 -7.503978204317374341e-03 9.999459615838501847e-01 -7.195200175220787218e-03 -2.179173265169483120e-01 5.667649120555577624e-02 7.609136319311152891e-03 9.983635941611391784e-01 1.431222401083741502e+01
9.982856103533707115e-01 7.987799637236390679e-03 -5.798301872078577557e-02 -6.778379925916943050e-01 -8.411103990854231632e-03 9.999397017532406506e-01 -7.060120007266868121e-03 -2.293374955670485493e-01 5.792311942031146826e-02 7.535717167409363218e-03 9.982926078933884728e-01 1.519746305167799605e+01
9.981982689153444666e-01 7.402002297922644428e-03 -5.954348007259346182e-02 -7.321985146961650370e-01 -7.751353045344977662e-03 9.999540592024566132e-01 -5.638328438978908522e-03 -2.502159083256128569e-01 5.949900192332970711e-02 6.089712009630131491e-03 9.982097918821988269e-01 1.609605243537725627e+01
9.981199921798902253e-01 6.977306827832162155e-03 -6.089176761101464108e-02 -7.947622170143620046e-01 -7.249581030950967217e-03 9.999646848716934322e-01 -4.251675848388199869e-03 -2.651646326442451684e-01 6.085994349864860126e-02 4.685122324896902682e-03 9.981353229484162259e-01 1.699717737067275536e+01
9.980421925764118019e-01 7.393890329531561945e-03 -6.210561898069341669e-02 -8.568642954727254679e-01 -7.631010697507480296e-03 9.999644681131740764e-01 -3.581702603437149184e-03 -2.864933467064071926e-01 6.207692127116769959e-02 4.048618847540196367e-03 9.980631593104141164e-01 1.790140226678505186e+01
9.979768735147233061e-01 6.544217023720372631e-03 -6.324024068105901786e-02 -9.170786087134198405e-01 -6.852241552834091240e-03 9.999656897322777294e-01 -4.655057630792870833e-03 -2.982548719785072522e-01 6.320759796415298393e-02 5.078977176511178214e-03 9.979874767529988144e-01 1.880837397759776763e+01
9.981854702619815667e-01 6.955191866417364394e-03 -5.981136529505982208e-02 -1.166044724944512723e+00 -7.113886434222256930e-03 9.999717180096870939e-01 -2.440734320416419485e-03 -2.726803051357802321e-01 5.979268997221852400e-02 2.861796773399052050e-03 9.982067117283313085e-01 1.973398808196174414e+01
9.980970831444359037e-01 6.939338123138745484e-03 -6.127040477088637610e-02 -1.198309757484238292e+00 -7.110514126463989525e-03 9.999713994209641355e-01 -2.576193719075054334e-03 -2.891491214932179199e-01 6.125076680468458795e-02 3.006955517675247245e-03 9.981178774346000093e-01 2.063968317988024381e+01
9.981326181799330399e-01 7.852049338649734825e-03 -6.057748653622162249e-02 -1.265266916432961963e+00 -7.827497405121253485e-03 9.999691594115522886e-01 6.425828199479626576e-04 -3.014419112114065658e-01 6.058065528457842741e-02 -1.672127245746373478e-04 9.981632924085145353e-01 2.157047451723961728e+01
9.981532138772637452e-01 8.494291398403717303e-03 -6.014983204056732063e-02 -1.331873628447343583e+00 -8.253315115645811287e-03 9.999568959789059130e-01 4.253566227504011581e-03 -3.141420465582481780e-01 6.018336283816914933e-02 -3.749275166775984779e-03 9.981803001438303014e-01 2.250942602020825944e+01
9.982560849632736710e-01 7.817433810569948335e-03 -5.851222025918106917e-02 -1.392818974222096218e+00 -7.419952167108377107e-03 9.999479150521435322e-01 7.007315911847577551e-03 -3.207495373738298849e-01 5.856394412017540407e-02 -6.560937768105131775e-03 9.982620999845827070e-01 2.344267261877106279e+01
9.984233520777547888e-01 6.414851476540524115e-03 -5.576424486467099206e-02 -1.458053873466007566e+00 -5.985448363574486473e-03 9.999511609734644813e-01 7.863930482045018364e-03 -3.270188937621012482e-01 5.581195993278750822e-02 -7.517757680828032751e-03 9.984129969487807177e-01 2.438847472898302016e+01
9.985216469314746046e-01 7.385073574215466653e-03 -5.385142447059960980e-02 -1.526837076601730514e+00 -7.118394883158208133e-03 9.999614429359749979e-01 5.142234559257641800e-03 -3.340736009524563066e-01 5.388731681732150669e-02 -4.751296677376119076e-03 9.985357201325503196e-01 2.533795838151278446e+01
9.986084997600599422e-01 9.833561114554748711e-03 -5.181078788097560200e-02 -1.597063113952441382e+00 -9.815275387388048764e-03 9.999516461553407121e-01 6.073453977604257453e-04 -3.412144204349740750e-01 5.181424791760546461e-02 -9.796306453601586481e-05 9.986567340845993179e-01 2.629263586421023291e+01
9.986688719741442233e-01 1.023641963862150298e-02 -5.055398132959434965e-02 -1.652857084709619562e+00 -1.037490185701068525e-02 9.999431120495299030e-01 -2.477648281158755829e-03 -3.518754214317230677e-01 5.052573632610786458e-02 2.998842765786860834e-03 9.987182559763260192e-01 2.725062939996546874e+01
9.987223873318583633e-01 7.742239407379264589e-03 -4.993644913379970129e-02 -1.709727629061928322e+00 -7.830487809253128609e-03 9.999681053668791897e-01 -1.571834614215086813e-03 -3.663297115515765090e-01 4.992268008763130205e-02 1.960853150674474882e-03 9.987511573012624044e-01 2.822748611304999500e+01
9.987569594203408174e-01 4.678533227001231525e-03 -4.962510550182460539e-02 -1.760595058737894902e+00 -4.509888564693733705e-03 9.999836751254206346e-01 3.509792181361442651e-03 -3.738941371176737194e-01 4.964070904337546108e-02 -3.281625447127463346e-03 9.987617454542383477e-01 2.920583818914984775e+01
9.987347674031448186e-01 -4.174535774444546954e-04 -5.028606695594497328e-02 -1.813820108412932175e+00 7.763553843014586600e-04 9.999743620383040321e-01 7.117885239811034756e-03 -3.793494740272995713e-01 5.028180039309777111e-02 -7.147919144204391458e-03 9.987094905585512938e-01 3.017625111741397603e+01
9.986492470451233672e-01 -8.260407763069695097e-03 -5.129764303264705561e-02 -1.861056902743408070e+00 8.612821018530114614e-03 9.999407745364542466e-01 6.652736257426721672e-03 -3.930839514602316731e-01 5.123964395077645201e-02 -7.085567306363941241e-03 9.986612484184225202e-01 3.116319474717954563e+01
9.985869037530751280e-01 -7.719305454900958138e-03 -5.257948771658436937e-02 -1.915989010808681225e+00 7.875646256608014387e-03 9.999651538245245552e-01 2.766887805948227419e-03 -4.040695699448976774e-01 5.255629049095405375e-02 -3.177075327049460555e-03 9.986129124224004672e-01 3.215009368547156754e+01
9.985171009118870566e-01 -7.206536507406561577e-03 -5.395988691304726137e-02 -1.979684260136028939e+00 7.147216083467418379e-03 9.999736217197622290e-01 -1.292222892158908154e-03 -4.180617922402712905e-01 5.396776826844259384e-02 9.046435899502835087e-04 9.985422673683506112e-01 3.312000858621092902e+01
9.984252664048013370e-01 -6.596068168179931857e-03 -5.570895258756380225e-02 -2.048658605540004451e+00 6.490913560792692730e-03 9.999767996810113857e-01 -2.068291160206600469e-03 -4.211582840588534715e-01 5.572129440879615425e-02 1.703432306045970634e-03 9.984449039141872762e-01 3.412449413275756172e+01
9.983774794222047833e-01 -8.574714968430159623e-03 -5.629279368437230952e-02 -2.116784699624516985e+00 8.573596328135958677e-03 9.999632142696370796e-01 -2.613685619636301393e-04 -4.381065112465045708e-01 5.629295615650168477e-02 -2.216870973867046647e-04 9.984142663081579938e-01 3.512603591087761146e+01
9.983384167451403446e-01 -6.499358955469892660e-03 -5.725531928996686198e-02 -2.193161885494097074e+00 6.635448058638636869e-03 9.999755934957235137e-01 2.187099954067386366e-03 -4.412195469838143258e-01 5.723969944788181302e-02 -2.563380453059716998e-03 9.983571697591360206e-01 3.612607522423243722e+01
9.983236901268518482e-01 -3.675110002707579482e-03 -5.776083157773095889e-02 -2.278445813524661467e+00 3.900940582208209471e-03 9.999851780665608425e-01 3.797493474394077716e-03 -4.563512072077141601e-01 5.774601137754184488e-02 -4.016449253773630643e-03 9.983232318065873301e-01 3.714246952944102986e+01
9.983205992368321402e-01 -3.926058410179291205e-03 -5.779757734315103118e-02 -2.371124165426367725e+00 4.292194115449328093e-03 9.999714985179017912e-01 6.212019299400993629e-03 -4.499234042987011462e-01 5.777153304620721158e-02 -6.449664914272549947e-03 9.983089922452659248e-01 3.814431213578081525e+01
9.983442915403011320e-01 -3.502022094989684121e-03 -5.741444354711006115e-02 -2.437180118528949890e+00 4.059266135135162351e-03 9.999457623971098608e-01 9.591897527896939973e-03 -4.658604013908726471e-01 5.737773084522633515e-02 -9.809076319682486986e-03 9.983043560625890489e-01 3.914567990313443602e+01
9.983438248725788888e-01 9.612112790515713566e-04 -5.752109541541749332e-02 -2.510444189105950130e+00 -3.034506511950464300e-04 9.999344798374996124e-01 1.144276238587034304e-02 -4.606603739317342572e-01 5.752831852287400294e-02 -1.140635613176290038e-02 9.982787152899216254e-01 4.015893568846170325e+01
9.983420162575180612e-01 2.363101862257870837e-03 -5.751211449218424782e-02 -2.573760796844421606e+00 -1.718425362813645000e-03 9.999351704042314104e-01 1.125627867782943992e-02 -4.714640232770719308e-01 5.753497814838556823e-02 -1.113878505495611952e-02 9.982813533382504101e-01 4.114761347123299373e+01
9.983399381852877674e-01 1.539527008420723707e-03 -5.757597248575675036e-02 -2.638155489608479787e+00 -9.816981445445161457e-04 9.999523177599938251e-01 9.715598795227823464e-03 -4.790019754467434998e-01 5.758817671164498386e-02 -9.642947955776410077e-03 9.982938540547183770e-01 4.214299385072150272e+01
9.983452384437498939e-01 5.959477626133574159e-03 -5.719506619553059446e-02 -2.703697661961311116e+00 -5.552946075497005793e-03 9.999581954389269445e-01 7.264101211523018957e-03 -4.889746684092814433e-01 5.723595772830129824e-02 -6.934479476569203708e-03 9.983365961173231717e-01 4.314476339651852044e+01
9.982873458063385996e-01 5.536247813620279873e-03 -5.823854493787769537e-02 -2.767760631033529428e+00 -5.109662252338765392e-03 9.999590392304084085e-01 7.471156021557525360e-03 -4.984072959223796451e-01 5.827751371792617291e-02 -7.160780866186765813e-03 9.982747349632530298e-01 4.413074601886751935e+01
9.982290558677818781e-01 2.518980702040735098e-03 -5.943411790640884540e-02 -2.826550381415248392e+00 -2.006672597220203122e-03 9.999603319974489368e-01 8.677873843962551764e-03 -5.066835021597526634e-01 5.945361195332620613e-02 -8.543240805620725201e-03 9.981945121347691741e-01 4.512168420865419449e+01
9.981998271073571072e-01 2.766870261219435238e-03 -5.991204086063794954e-02 -2.891574159229995722e+00 -2.191390085010520416e-03 9.999508524682009236e-01 9.668990406718262071e-03 -5.124546318939695588e-01 5.993584189313617278e-02 -9.520293654035292055e-03 9.981568304244420320e-01 4.612339333823413057e+01
9.981708857065011431e-01 4.290497343565130225e-03 -6.030325137514454259e-02 -2.962681786389762095e+00 -3.890676878086527565e-03 9.999696782513348703e-01 6.746013257051193188e-03 -5.301696342244688331e-01 6.033035811131861464e-02 -6.499053289829585106e-03 9.981573060421637944e-01 4.709243666265509631e+01
9.981250350063818333e-01 7.857374101565199262e-03 -6.070151403709081461e-02 -3.035386798900748584e+00 -7.738606839185382946e-03 9.999676588203330052e-01 2.191409233946352807e-03 -5.406673661600788217e-01 6.071676108877366307e-02 -1.717555115082775290e-03 9.981535561732848283e-01 4.808240472367562290e+01
9.980944640137391355e-01 7.818762584387852280e-03 -6.120710920902267677e-02 -3.102466868240128850e+00 -7.782129929910982027e-03 9.999693678350477510e-01 8.368547360848938238e-04 -5.529468765227565363e-01 6.121176981696928310e-02 -3.589383939161992993e-04 9.981247381512132755e-01 4.904315761108983196e+01
9.981071335951420265e-01 6.526417930206519953e-03 -6.115190607132265505e-02 -3.174636690687826057e+00 -6.274712430167012252e-03 9.999710377160495600e-01 4.307191359816684405e-03 -5.577601898835392591e-01 6.117823794368680568e-02 -3.915327588290598224e-03 9.981191786888082840e-01 5.001680345110573711e+01
9.981448045391934087e-01 2.959698565839526466e-03 -6.081280823120542578e-02 -3.242460259840362902e+00 -2.508710328966821598e-03 9.999687986199703449e-01 7.491018110055940385e-03 -5.725119242894092242e-01 6.083307357044672598e-02 -7.324558711555579325e-03 9.981210768408362854e-01 5.100530994663830597e+01
9.981090407602497550e-01 2.175692338496641644e-03 -6.142977668089946025e-02 -3.306911159612597739e+00 -1.678864438944052727e-03 9.999654779623329270e-01 8.138191163182921517e-03 -5.767197924101127304e-01 6.144535346049235375e-02 -8.019669596431321101e-03 9.980782312774173493e-01 5.195987375434625477e+01
9.981055457823791999e-01 -1.193047400841310913e-03 -6.151340834874901436e-02 -3.365182717111154354e+00 1.637588239378196453e-03 9.999729052206851598e-01 7.176825613209554706e-03 -5.929126385137293287e-01 6.150317048842642020e-02 -7.263962884797964606e-03 9.980804589969356488e-01 5.292417985585409923e+01
9.980826223317368351e-01 -3.773016331563345486e-03 -6.178065810294372517e-02 -3.421887462467574803e+00 4.147538564673468667e-03 9.999737907038767082e-01 5.935016207743782669e-03 -6.104397131635076468e-01 6.175663769457483826e-02 -6.179873940775977743e-03 9.980721069643864185e-01 5.389850358452020629e+01
9.980085147582110627e-01 -4.251650851970624305e-03 -6.293596003061609212e-02 -3.489107419321205050e+00 4.699224906915756145e-03 9.999647052723440455e-01 6.965273755591988407e-03 -6.169322051372269078e-01 6.290411577056820303e-02 -7.247152370769565852e-03 9.979932599694446571e-01 5.483848066519516351e+01
9.979450145207688916e-01 -7.645167914468465817e-03 -6.361843711431408588e-02 -3.547536206723597818e+00 8.359708446221580935e-03 9.999048505268663956e-01 1.097307361676596454e-02 -6.251041585866539130e-01 6.352848456941018185e-02 -1.148235523815306983e-02 9.979139649523648403e-01 5.581572672639183708e+01
9.978423329776292539e-01 -1.095450133987336573e-02 -6.473549205483741797e-02 -3.608996670980122001e+00 1.202743104297000418e-02 9.997963094250005289e-01 1.620767338445999392e-02 -6.333126622312891252e-01 6.454474919517654008e-02 -1.695130352368236226e-02 9.977708275973701246e-01 5.675748265029409367e+01
9.978280710396393305e-01 -9.058748234800014648e-03 -6.524637416330046624e-02 -3.676556629448316293e+00 1.027439349677810275e-02 9.997793829529171283e-01 1.832024550182284606e-02 -6.255937476890649496e-01 6.506601187234004047e-02 -1.895082126037148443e-02 9.977009960074434414e-01 5.770949947334305818e+01
9.977799939623201997e-01 -7.844774030942767984e-03 -6.613278869798815129e-02 -3.746999212252338562e+00 8.833242972222002387e-03 9.998534088202674086e-01 1.466761039465796709e-02 -6.374416645013538663e-01 6.600802110625696162e-02 -1.521921448687847678e-02 9.977030172174122802e-01 5.866066517753428400e+01
9.977097079607544217e-01 -4.211336238447027300e-03 -6.751003145449727127e-02 -3.817803432804335095e+00 4.717474375339664877e-03 9.999619394125471850e-01 7.339567785980246999e-03 -6.489243228024832444e-01 6.747654284601169172e-02 -7.641234613835815731e-03 9.976916026266983151e-01 5.956334559954703423e+01
9.976548504692173136e-01 -2.312510713728719615e-03 -6.840655263660244678e-02 -3.889701416936828693e+00 2.464120497573934511e-03 9.999946878441234865e-01 2.132012639118022364e-03 -6.633288805797867838e-01 6.840125037469706182e-02 -2.295574776495681434e-03 9.976552516866592502e-01 6.048632293566707574e+01
9.976205039656010909e-01 2.210621559160541507e-03 -6.890891192720756397e-02 -3.965715175504648915e+00 -2.034048214012752504e-03 9.999944655440485830e-01 2.632473335889385941e-03 -6.680984568792776024e-01 6.891434089116715844e-02 -2.486045270816178172e-03 9.976194804903504298e-01 6.140573977666937111e+01
9.975370769068975241e-01 4.567738096747709677e-03 -6.999228342861404939e-02 -4.040476738567737591e+00 -4.221624794998717241e-03 9.999781274456832625e-01 5.092139864174887766e-03 -6.845492793196520376e-01 7.001400222767066583e-02 -4.784116873905799004e-03 9.975345356474193403e-01 6.229786346821654774e+01
9.974419746984675150e-01 5.961598238780833024e-03 -7.123172698321046659e-02 -4.118503688820728037e+00 -5.484900492588716363e-03 9.999612474430180642e-01 6.885929266957443833e-03 -6.950356194365878704e-01 7.127000827636074953e-02 -6.477615812415057038e-03 9.974360278585143735e-01 6.318349725731093258e+01
9.973920603296393406e-01 7.801844406843283508e-03 -7.175107279276680960e-02 -4.185721521306649429e+00 -7.349378007413301904e-03 9.999514256082993047e-01 6.567893346188048709e-03 -7.102713163670981711e-01 7.179882019206493271e-02 -6.023438706075758507e-03 9.974009440620613676e-01 6.406356750600816952e+01
9.972509568993036533e-01 9.312513437643209560e-03 -7.351054490288003174e-02 -4.254077876116957313e+00 -8.792329660917240844e-03 9.999339906702277014e-01 7.396742403133878263e-03 -7.192526668293878211e-01 7.357456422183587808e-02 -6.730079363750790696e-03 9.972670124304686690e-01 6.490440003720314621e+01
9.971537455743901823e-01 1.052078396879453995e-02 -7.465734384143099533e-02 -4.323860477175078820e+00 -9.947717691396911963e-03 9.999181687710843036e-01 8.043656714621556097e-03 -7.324887636785806233e-01 7.473585054543750716e-02 -7.278092026025418694e-03 9.971768056545255998e-01 6.575529417275187427e+01
9.970422623666804762e-01 9.801673311930441876e-03 -7.622762941934457803e-02 -4.388170717086272710e+00 -9.169944946567533742e-03 9.999206842140979656e-01 8.632990356018369407e-03 -7.463314270682566143e-01 7.630619149908775267e-02 -7.908452872794933391e-03 9.970530634192215080e-01 6.657881638449404704e+01
9.969295413217397206e-01 1.029627234091464762e-02 -7.762398566109569853e-02 -4.458128524491816513e+00 -9.574338380787363392e-03 9.999074377079503195e-01 9.666827298234807742e-03 -7.569824917520324714e-01 7.771632261501697225e-02 -8.893947053807400513e-03 9.969358409703099611e-01 6.738824867379727834e+01
9.968340742341117444e-01 1.218306915076112877e-02 -7.857098169956507061e-02 -4.527914764542824599e+00 -1.125761614410778107e-02 9.998620728862765983e-01 1.221077309660524406e-02 -7.632340529063565970e-01 7.870889912059315929e-02 -1.128759291482912298e-02 9.968337328796115226e-01 6.819904599605740714e+01
9.967040834718889908e-01 1.370563611134736383e-02 -7.995699709931650134e-02 -4.601181402031593315e+00 -1.245822963044076852e-02 9.997931077751753826e-01 1.607902926649407149e-02 -7.665493288299604080e-01 8.016081676300811087e-02 -1.502991038374987091e-02 9.966686187529356644e-01 6.898984478736906567e+01
9.965325931919337688e-01 1.544388097836605842e-02 -8.175741991037065171e-02 -4.673033525879724870e+00 -1.402286296525786027e-02 9.997409660579303914e-01 1.792668554463815178e-02 -7.702409998141552805e-01 8.201308841952761886e-02 -1.671805316090353710e-02 9.964910207501357364e-01 6.975593200598927979e+01
9.963955507428290392e-01 1.821569650781651103e-02 -8.284985036461810226e-02 -4.745551965144284345e+00 -1.706526639223206882e-02 9.997481783124514410e-01 1.457277236866032048e-02 -7.851692123362694620e-01 8.309442890991336483e-02 -1.310639015691234498e-02 9.964554909447193021e-01 7.051735820708945823e+01
9.962429657769956703e-01 2.004969676602276485e-02 -8.424942568689083866e-02 -4.814132576781314121e+00 -1.951966551483820880e-02 9.997841904350672770e-01 7.110291770022667511e-03 -7.928948998574225637e-01 8.437379135705706801e-02 -5.439057403571984604e-03 9.964193337879371226e-01 7.124560568093725976e+01
9.961615357140798377e-01 1.918434866769768918e-02 -8.540589084787149343e-02 -4.877284661864120352e+00 -1.916715877283763428e-02 9.998157746655617073e-01 1.021316248370746473e-03 -8.051913826896738291e-01 8.540973816752354952e-02 6.195924097849983330e-04 9.963457196203583388e-01 7.195436840864547889e+01
9.960581327378669192e-01 2.129939367518406818e-02 -8.610769126251589800e-02 -4.945107880750086338e+00 -2.140151807385275162e-02 9.997709277985303844e-01 -2.629687685515672024e-04 -8.117160898173927386e-01 8.608235417295805048e-02 2.104767518576971738e-03 9.962857994636024062e-01 7.264497903886746144e+01
9.959613205090039889e-01 2.236540524315730472e-02 -8.695304282356025594e-02 -5.015521142861753212e+00 -2.217949028415537593e-02 9.997491871938989361e-01 3.103734322304243110e-03 -8.252820388892303516e-01 8.700063928542325908e-02 -1.162625051361623751e-03 9.962075722970969993e-01 7.332736558829715534e+01
9.959111342595901029e-01 2.148988488093303909e-02 -8.774508314712926860e-02 -5.079536954563673490e+00 -2.107115214468958247e-02 9.997617576538702089e-01 5.695675057580588604e-03 -8.422579385060765533e-01 8.784656525286467510e-02 -3.823495894251113802e-03 9.961266780865396520e-01 7.398333267283950931e+01
9.958509337622702962e-01 1.881441615504815534e-02 -8.903338153969854452e-02 -5.138263651423987888e+00 -1.867025655912746274e-02 9.998226871425770490e-01 2.451729772478823243e-03 -8.534222358322518520e-01 8.906371041198665739e-02 -7.792812907617775514e-04 9.960256290951525759e-01 7.460591744656737490e+01
9.959510300678527939e-01 1.149664860025704539e-02 -8.915931608839974820e-02 -5.189082289260642966e+00 -1.177613384437801829e-02 9.999272542766045602e-01 -2.609275507634633423e-03 -8.725115355030039765e-01 8.912282020913318836e-02 3.648662633054415745e-03 9.960139556555425155e-01 7.522368904142589940e+01
9.960751421004466755e-01 7.673423885093376591e-03 -8.817837351941196222e-02 -5.239953255833216694e+00 -8.367933529081756847e-03 9.999367959352738477e-01 -7.509240868970219925e-03 -8.844080195529645527e-01 8.811516612982926711e-02 8.217638835891541080e-03 9.960763919642793285e-01 7.581576656327824537e+01
9.963251534161422507e-01 1.001460977838683833e-02 -8.506407854136527336e-02 -5.290419834285083667e+00 -1.072331084643387937e-02 9.999114689584251980e-01 -7.878559382666294741e-03 -9.013391481954337037e-01 8.497763542923407465e-02 8.761775209338585821e-03 9.963443376254325079e-01 7.639804175612593440e+01
9.966121563610639278e-01 1.502020309816973556e-02 -8.086164872784640245e-02 -5.349880034935752704e+00 -1.549328068047508070e-02 9.998663153083304778e-01 -5.226182396964404279e-03 -9.052406002172145305e-01 8.077232889757728074e-02 6.461288938882352000e-03 9.967116383306057203e-01 7.696044079252514791e+01
9.970071646679274924e-01 1.311019022889871148e-02 -7.618944426257442948e-02 -5.390098652317638184e+00 -1.330024941137821978e-02 9.999095746762693970e-01 -1.987686504150112509e-03 -9.199669475879004299e-01 7.615648581206657664e-02 2.995076238401791959e-03 9.970913806558030501e-01 7.752252228677990331e+01
9.974637805597900142e-01 9.120483262455262793e-03 -7.058911505013650001e-02 -5.421945617840647991e+00 -8.989593659312291110e-03 9.999572386381566647e-01 2.171697056677490602e-03 -9.350634104819062209e-01 7.060589362206995401e-02 -1.531621468318166736e-03 9.975031108020533388e-01 7.805739760392442861e+01
9.980421801656491620e-01 4.646144122871366348e-03 -6.237163479786443643e-02 -5.444917347256445161e+00 -4.284214304040790539e-03 9.999732100917586575e-01 5.935272701326547301e-03 -9.527829996702945614e-01 6.239753145718198585e-02 -5.656438883791576992e-03 9.980353497425921150e-01 7.859304643660740908e+01
9.986291923971793993e-01 8.071784809036322561e-03 -5.171643857382744736e-02 -5.473414265293663483e+00 -7.779902952634465234e-03 9.999526650069474609e-01 5.842704675934657851e-03 -9.625120776875957240e-01 5.176114437786188266e-02 -5.432346434715582331e-03 9.986447225958732243e-01 7.909873825142253168e+01
9.992351319429596535e-01 1.333562341296710106e-02 -3.676024066141893309e-02 -5.497774579005112905e+00 -1.314579245962112404e-02 9.998990031761170183e-01 5.400890625372507456e-03 -9.702757933363654885e-01 3.682854683932890172e-02 -4.913517020138109120e-03 9.993095148809232331e-01 7.960483960274203241e+01
9.996630166543654106e-01 1.849162165992232834e-02 -1.821873571676952200e-02 -5.504238495083961347e+00 -1.839269467753515755e-02 9.998152558490478459e-01 5.582580532127875798e-03 -9.731311455197491078e-01 1.831859899962082205e-02 -5.245607381349943164e-03 9.998184374965866095e-01 8.009721706972065647e+01
9.998556929571120744e-01 1.663977158160717673e-02 3.421843679906803101e-03 -5.489959000432016900e+00 -1.666056229034297217e-02 9.998423487753138605e-01 6.140384060808011871e-03 -9.799795305638655529e-01 -3.319129203714994616e-03 -6.196507460490572293e-03 9.999752882675738697e-01 8.057092237668763346e+01
9.994761992215993596e-01 1.307226862321254034e-02 2.960471340188934944e-02 -5.455289717529450577e+00 -1.328786073536952078e-02 9.998865203862402629e-01 7.097423851644183400e-03 -9.914868443806100773e-01 -2.950857076115813785e-02 -7.487089391968261391e-03 9.995364903921603039e-01 8.104591699155167817e+01
9.982019846207009772e-01 1.147962360732581247e-02 5.883034653721185697e-02 -5.406176141419718029e+00 -1.199536483651366357e-02 9.998925964508152964e-01 8.420971565669614634e-03 -9.984637623449286181e-01 -5.872735035967465572e-02 -9.111521749468593986e-03 9.982324789284835465e-01 8.149756518028756602e+01
9.957203209604471583e-01 1.089220534017246514e-02 9.177368853052203512e-02 -5.347831414045645104e+00 -1.185738955855513560e-02 9.998799073713008356e-01 9.978329405371527336e-03 -1.004095252125348559e+00 -9.165396927410383865e-02 -1.102382167502227901e-02 9.957298916682518763e-01 8.194014077956769881e+01
9.915429937353792411e-01 1.036530717381377829e-02 1.293640180476819390e-01 -5.262163474412273168e+00 -1.179422727032134084e-02 9.998775504107162426e-01 1.028451365997791293e-02 -1.010445953338017455e+00 -1.292415636607784912e-01 -1.172328590425746574e-02 9.915438358539044872e-01 8.238991269655565475e+01
9.853503154225545790e-01 1.023119891449743302e-02 1.702353984277205357e-01 -5.166005144507394675e+00 -1.217351870924103172e-02 9.998721275247045570e-01 1.036970494814410705e-02 -1.014560693726180185e+00 -1.701075058718420352e-01 -1.229015559426789063e-02 9.853488670527406068e-01 8.280646219210770198e+01
9.764647023214899635e-01 9.786664781871649496e-03 2.154551207419785064e-01 -5.041969383017574025e+00 -1.222308492237215820e-02 9.998755010552773381e-01 9.978717023108027440e-03 -1.018753116899620448e+00 -2.153306159444766388e-01 -1.237739114090451176e-02 9.764627566232327860e-01 8.322235105994272431e+01
9.643455995668653857e-01 1.152415548451156922e-02 2.643951026524677950e-01 -4.903308701107286893e+00 -1.411853683978920443e-02 9.998690081230532378e-01 7.914308120035384517e-03 -1.025145411838143339e+00 -2.642692327456139245e-01 -1.136500033602111555e-02 9.643819823100813204e-01 8.363919347120113912e+01
9.484651096714952212e-01 1.217341301302298472e-02 3.166477000692002886e-01 -4.738944714883385423e+00 -1.459630819962276331e-02 9.998795248043835793e-01 5.280770077646808856e-03 -1.038564018996656957e+00 -3.165452252133498789e-01 -9.630513412860912392e-03 9.485285255241210356e-01 8.400826610868637090e+01
9.281572599510803379e-01 1.210966939160492035e-02 3.719912316107752970e-01 -4.553798246706279862e+00 -1.424824577389852305e-02 9.998939872219890779e-01 3.000687407003162655e-03 -1.045383321883424088e+00 -3.719154139860765818e-01 -8.085332146190931518e-03 9.282314028269307293e-01 8.438822155298534256e+01
9.035327270215839368e-01 1.224862375939304339e-02 4.283440318515718270e-01 -4.344078040467830526e+00 -1.397466122863849983e-02 9.999019625314536919e-01 8.851353453932434131e-04 -1.051648353228426425e+00 -4.282911351968143321e-01 -6.785711394925277203e-03 9.036153104469624164e-01 8.472802693284783970e+01
8.740807368479305284e-01 1.242505252052959579e-02 4.856217764321865693e-01 -4.121227870711095420e+00 -1.336600623008804209e-02 9.999095110553121168e-01 -1.525793958457980198e-03 -1.048031733701908053e+00 -4.855967188580528338e-01 -5.157156449360588216e-03 8.741677120967572545e-01 8.504746102217204395e+01
8.402829302331079608e-01 1.045969518579118775e-02 5.420472565412705057e-01 -3.851921210626445546e+00 -1.023999024650207659e-02 9.999417172139882792e-01 -3.421465223859622515e-03 -1.065940062306362623e+00 -5.420513881224693353e-01 -2.675559945383674653e-03 8.403410625529039724e-01 8.536222620495085778e+01
8.032910191239254205e-01 9.779575053920911559e-03 5.955064637812761408e-01 -3.600722363196189324e+00 -8.778929619403333731e-03 9.999509739343465098e-01 -4.579395282571993575e-03 -1.071300832566870698e+00 -5.955219747569657773e-01 -1.549322447914415956e-03 8.033374969417279576e-01 8.563298996295489474e+01
7.629237463048654799e-01 8.063351539344594879e-03 6.464382312804496378e-01 -3.309743231131370589e+00 -7.506751621070941079e-03 9.999652983329939682e-01 -3.613635134586716795e-03 -1.089114164529435325e+00 -6.464448489932382858e-01 -2.095723359056080298e-03 7.629578053621404177e-01 8.591492306865758621e+01
7.200108675399570224e-01 6.951800183406646808e-03 6.939280136024686962e-01 -3.039083711456232351e+00 -7.967537896816243026e-03 9.999667240098190080e-01 -1.750692344505142169e-03 -1.085852626960307932e+00 -6.939170020553979690e-01 -4.268380555957987550e-03 7.200422984502241608e-01 8.614117574903544039e+01
6.745981089862860269e-01 5.701523381357236596e-03 7.381632304595100447e-01 -2.737876356629304286e+00 -6.842211051743056840e-03 9.999755126081432133e-01 -1.470732045123998057e-03 -1.088633198690708515e+00 -7.381534400294098575e-01 -4.058515441922971694e-03 6.746205984055707594e-01 8.636187966821727002e+01
6.274921989969659553e-01 4.066842076710436814e-03 7.786122788157942010e-01 -2.394625583033313632e+00 -3.427886255303528099e-03 9.999910976421622077e-01 -2.460574723959227297e-03 -1.096488776543833144e+00 -7.786152510081278955e-01 -1.125003808011103626e-03 6.275005533608717379e-01 8.658415721717388180e+01
5.808056161560555264e-01 8.870995548278358270e-04 8.140418479236446458e-01 -2.081970198413073625e+00 2.136516192559191011e-03 9.999943009272005412e-01 -2.614110394404017476e-03 -1.118508861018939760e+00 -8.140394174777716430e-01 3.257503105038729151e-03 5.808004129167436691e-01 8.674815696034531243e+01
5.331738091318382056e-01 2.457370848459574687e-03 8.460022187341140754e-01 -1.727968573822986853e+00 1.186309112110833395e-03 9.999926267374521505e-01 -3.652309404180149269e-03 -1.122715687928178774e+00 -8.460048360453649163e-01 2.950935262143003935e-03 5.331669641307096308e-01 8.692898136133094056e+01
4.861385782546090994e-01 5.256975558057812303e-03 8.738659802263537557e-01 -1.408256648222419471e+00 -2.245551420633390676e-03 9.999861221946094725e-01 -4.766466738002437392e-03 -1.125285601537639124e+00 -8.738787940171511837e-01 3.548516089438203303e-04 4.861436395507814923e-01 8.707239973540434619e+01
4.401845553935723743e-01 7.322624745685500126e-03 8.978775262669828061e-01 -1.054602954364873391e+00 -3.299687163359340310e-03 9.999731873950994387e-01 -6.537592312213492962e-03 -1.132601537165177419e+00 -8.979011963737630886e-01 -8.496769740973800699e-05 4.401969172113282536e-01 8.720283197262271813e+01
3.971343423280546125e-01 5.354579130132489789e-03 9.177449328549851515e-01 -6.855119330853524096e-01 4.181584863840512485e-03 9.999620456885883746e-01 -7.643765772339381100e-03 -1.133472098783530946e+00 -9.177509022912877512e-01 6.873229487959592668e-03 3.970968819833569641e-01 8.731641746401756166e+01
3.577646944933441930e-01 -2.796294632448416504e-03 9.338076474430799800e-01 -3.353542534493926808e-01 1.833497128361652809e-02 9.998237778762878447e-01 -4.030599258987611032e-03 -1.156829380233144411e+00 -9.336316878998216495e-01 1.856334146337773258e-02 3.577529176303679281e-01 8.739375664927766252e+01
3.217526497865379476e-01 -6.593978086460026977e-03 9.468008587503725648e-01 3.258249756756409488e-02 2.431482771394943496e-02 9.997035004445089523e-01 -1.300524954142783830e-03 -1.161608177721660029e+00 -9.465114360049102782e-01 2.343974559477685071e-02 3.218175897689530829e-01 8.747883141902285331e+01
2.882078059024318351e-01 -3.175955539256513412e-03 9.575626853417699147e-01 4.078802083289361224e-01 2.143044437217855869e-02 9.997654239494285777e-01 -3.134219447459769912e-03 -1.171091569980680758e+00 -9.573279854031516711e-01 2.142429929638405006e-02 2.882082601481395501e-01 8.756690033943779383e+01
2.569937019668534495e-01 4.668023140587474265e-03 9.664018679932372402e-01 7.600540832945326120e-01 1.116467808090746555e-02 9.999072557493025037e-01 -7.798870324069533642e-03 -1.173190250396585199e+00 -9.663485176409799537e-01 1.279382531966904817e-02 2.569177522838440586e-01 8.766866679286938790e+01
2.284985054271143068e-01 9.477521874716747854e-03 9.734981997247510455e-01 1.145333629568276557e+00 6.002998628439222377e-03 9.999198909207285269e-01 -1.114376919358499481e-02 -1.181534555371624107e+00 -9.735256936137876016e-01 8.390242127633978919e-03 2.284233036521570726e-01 8.774586945216270806e+01
2.023043145573450441e-01 1.113859951090385124e-02 9.792594233984128760e-01 1.542638817829830478e+00 7.199339658753241104e-03 9.998913836585495707e-01 -1.286058367959258021e-02 -1.200603859137672424e+00 -9.792961772143309318e-01 9.651771825610824460e-03 2.022021517841053329e-01 8.780973932065862186e+01
1.790724591422775958e-01 1.239651575680528368e-02 9.837578485357674207e-01 1.945011793210070117e+00 1.503804504523471169e-02 9.997693094115187584e-01 -1.533564020297891253e-02 -1.210396381760346696e+00 -9.837208863506788914e-01 1.753998468834051458e-02 1.788447314462036364e-01 8.785789238730403383e+01
1.584015847095368301e-01 1.813672113233578964e-02 9.872082527241923255e-01 2.346571195988587100e+00 2.175868228379180744e-02 9.995243652310142890e-01 -2.185426008497371245e-02 -1.222388948879183701e+00 -9.871349268041590408e-01 2.494209857672469166e-02 1.579316100594487515e-01 8.789447232854750780e+01
1.386324622829636366e-01 2.526491055971401972e-02 9.900216483637821474e-01 2.778943967234827284e+00 2.227005821491369678e-02 9.993422219839407372e-01 -2.862123897701563183e-02 -1.221012565681732998e+00 -9.900934097492452013e-01 2.601567097611869050e-02 1.379786257330955501e-01 8.794246979662091235e+01
1.210009708000952533e-01 2.660124607155996135e-02 9.922959567936687764e-01 3.216869035134056531e+00 2.002781082510338498e-02 9.993719615360381336e-01 -2.923313803603608263e-02 -1.233134707860360280e+00 -9.924502560979139298e-01 2.341075251786538247e-02 1.203922076638666294e-01 8.799351054887429768e+01
1.052133850279250715e-01 2.219738581269773206e-02 9.942019678527267423e-01 3.671104376038947237e+00 1.965611720785032795e-02 9.995091158410344123e-01 -2.439602658913452710e-02 -1.246419728634381885e+00 -9.942553232438537947e-01 2.210893771233463784e-02 1.047254191310405813e-01 8.804011389702993995e+01
9.025323291608366993e-02 1.875411118626894857e-02 9.957423187165914680e-01 4.146491717366460605e+00 2.035650411637484822e-02 9.995790614477962910e-01 -2.067147042648652053e-02 -1.266723211008406791e+00 -9.957107214067785206e-01 2.213549847712398960e-02 8.983347563612001374e-02 8.807423790005424280e+01
7.717956963593906872e-02 1.640766749600511623e-02 9.968822550830130913e-01 4.624249344031081677e+00 2.254778546098040043e-02 9.995801303970542895e-01 -1.819774412305279893e-02 -1.283642052112807574e+00 -9.967621498897061283e-01 2.388198003983190570e-02 7.677720896700658548e-02 8.810762494210351292e+01
