1.000000000000000222e+00 1.339062827641241964e-18 -5.265480121987643056e-19 -5.551115123125782702e-17 1.347289567322410655e-18 1.000000000000000000e+00 -7.889281801795221359e-21 0.000000000000000000e+00 -1.646020584130680152e-19 1.716970489488328456e-20 9.999999999999998890e-01 0.000000000000000000e+00
9.999960518845413260e-01 -2.743214042190208254e-03 -1.084917260386025588e-03 6.726589291448081820e-01 2.739758606509102613e-03 9.999909747295220308e-01 -3.179846784354381853e-03 5.716446092018475332e-03 1.093625749559556980e-03 3.176860913414841694e-03 9.999939733859366520e-01 2.268266465521901615e-02
9.999691179672038910e-01 -7.407471288257891189e-03 -2.775702716698886553e-03 1.374475517194903684e+00 7.399727951534781564e-03 9.999689558675647350e-01 -2.789107181778970219e-03 1.358705929103630645e-02 2.796276606508994820e-03 2.768483044115050556e-03 9.999919261652313596e-01 3.354612738248143738e-02
9.999221375598771333e-01 -1.200643267807158937e-02 -3.423157996676939787e-03 2.085558884967243287e+00 1.199854857432067733e-02 9.999249724145236051e-01 -2.321880924620794116e-03 2.788040061281500670e-02 3.450776227835930261e-03 2.280617994955744937e-03 9.999918900255991838e-01 4.333822282926357711e-02
9.998470815746930418e-01 -1.702572461193878339e-02 -3.885403539462427801e-03 2.811986042837196553e+00 1.702149869176344810e-02 9.998550229559445279e-01 -1.115646805777816952e-03 4.889144527063772616e-02 3.903839031969758532e-03 1.049347019676239107e-03 9.999918954693626238e-01 5.087493757754914941e-02
9.997542028186762186e-01 -2.183960824746389306e-02 -3.821535645841498373e-03 3.550680151212839419e+00 2.183085624259172366e-02 9.997590018097937126e-01 -2.311524754227758504e-03 7.132804849077184484e-02 3.871101902558599962e-03 2.227530038090878677e-03 9.999897953715299881e-01 6.267823652306059312e-02
9.996780994991766311e-01 -2.486551638916984636e-02 -5.100732294975329068e-03 4.311298454299667959e+00 2.486055420214782277e-02 9.996900687447162204e-01 -1.021657156500461929e-03 1.080705924110270805e-01 5.124558782963300509e-03 8.945192887630187915e-04 9.999868317561070308e-01 7.487625893962568391e-02
9.995576675103533537e-01 -2.910652204410376850e-02 -6.189699988140288239e-03 5.079558946008759790e+00 2.912194534017151226e-02 9.995732747031753629e-01 2.412476499842579423e-03 1.428008705794665267e-01 6.116830555329357336e-03 -2.591662237378446112e-03 9.999780577864715303e-01 9.002401680798041705e-02
9.994354291975404703e-01 -3.323395490201825481e-02 -4.996661185523209973e-03 5.874205749655455833e+00 3.325508538138177012e-02 9.994383057641264001e-01 4.209079087789050454e-03 1.800197923566561331e-01 4.853957050809157119e-03 -4.372864636683265749e-03 9.999782650383332028e-01 1.005999910231952510e-01
9.992584878349840549e-01 -3.842730220157042353e-02 -2.442171783920957587e-03 6.681213760066317064e+00 3.843687445054778246e-02 9.992531512625193457e-01 3.987879800177450071e-03 2.204109219681475440e-01 2.287106330459972008e-03 -4.078790776870582294e-03 9.999893609024966823e-01 1.112286922071948903e-01
9.991446578216661711e-01 -4.135937146765090999e-02 4.054736713407195597e-04 7.488164243641152851e+00 4.135791121226681938e-02 9.991399701830344648e-01 3.052736082257216134e-03 2.584052141239260303e-01 -5.313863591038588564e-04 -3.033351843492337278e-03 9.999953719952994202e-01 1.272088684128293568e-01
9.990655143120624748e-01 -4.321800052487673183e-02 5.113300608446667905e-06 8.305435050672251407e+00 4.321758569678587486e-02 9.990579909643095835e-01 4.038863535608062418e-03 3.166484336339366878e-01 -1.796621194671622391e-04 -4.034862160611543333e-03 9.999914947236276941e-01 1.380952858544183259e-01
9.989114234904654666e-01 -4.664504403292815682e-02 -5.726093258224665200e-04 9.123632654808451647e+00 4.664701007738790428e-02 9.989020315845249520e-01 4.273136121261721446e-03 3.584866091065532778e-01 3.726570420257407229e-04 -4.295196936971334110e-03 9.999905449250096057e-01 1.474870884965763240e-01
9.988037305127924759e-01 -4.888785550510181543e-02 -8.316037248117872900e-04 9.974715793948066178e+00 4.888924236962004927e-02 9.988030420846476520e-01 1.818675552720882367e-03 4.098894139633539879e-01 7.416981214098549878e-04 -1.857159651790914147e-03 9.999982274025597251e-01 1.609932947324036190e-01
9.986677884578555320e-01 -5.159511174622512242e-02 -2.117015016408132643e-04 1.080818589355721748e+01 5.159536609057725765e-02 9.986670081861096504e-01 1.391354116406927311e-03 4.564545622994980456e-01 1.396341298847877650e-04 -1.400423756713718628e-03 9.999992033560346494e-01 1.699968617853606367e-01
9.986271286318645357e-01 -5.238266842629191178e-02 -7.809393392230220936e-04 1.166742844448287464e+01 5.238191590931595004e-02 9.986270290315688580e-01 -9.460699358530856844e-04 5.186801861584675599e-01 8.294200511890615453e-04 9.038639806357559505e-04 9.999988423365667733e-01 1.842553959462046309e-01
9.985207645848320768e-01 -5.430351627382050406e-02 -2.772765280111868982e-03 1.252392954863647212e+01 5.430703377997062736e-02 9.985231525329119062e-01 1.208361809150995366e-03 5.759380528705300151e-01 2.703050889181119604e-03 -1.357153568161694390e-03 9.999950828822561366e-01 1.957485721282120339e-01
9.983784111393463334e-01 -5.661852110329355231e-02 -5.863958989042160515e-03 1.339472364531905058e+01 5.663475547198898452e-02 9.983914053332949567e-01 2.639743420676068150e-03 6.290835135640968634e-01 5.705067085564070016e-03 -2.967564029459911733e-03 9.999791835273587060e-01 2.129932233611046555e-01
9.982765107111115643e-01 -5.821223038322464322e-02 -7.406235350176035466e-03 1.427403264939051120e+01 5.826065559390814635e-02 9.982807378737028614e-01 6.499384390155714571e-03 7.010599464076625598e-01 7.015157065346229459e-03 -6.919677867776090514e-03 9.999517514151855524e-01 2.229020715905516981e-01
9.982252347049838104e-01 -5.907496836958895520e-02 -7.529483740363193504e-03 1.515388157410723480e+01 5.913236556961714435e-02 9.982208178931245568e-01 7.645410164554752690e-03 7.664218611455690944e-01 7.064434497243701587e-03 -8.077074346898287932e-03 9.999429474018917130e-01 2.380139734329857204e-01
9.981424315268203618e-01 -6.063034000334376061e-02 -5.936229997909671895e-03 1.604633945336240686e+01 6.067183339633707567e-02 9.981326193016296644e-01 7.077995981556799501e-03 8.314617240581073654e-01 5.495999458228392406e-03 -7.425007880062646851e-03 9.999569491715502023e-01 2.573931735615807015e-01
9.981015813547743365e-01 -6.142411198418961521e-02 -4.606085773510471167e-03 1.694246133424319822e+01 6.145416614456607196e-02 9.980874631306074773e-01 6.687353924967929554e-03 8.976046373263852907e-01 4.186507124355989817e-03 -6.957719872274052697e-03 9.999669555146181166e-01 2.727769787567267956e-01
9.980175107926273492e-01 -6.278631720615218681e-02 -4.262526116950311403e-03 1.785646766436374833e+01 6.281518923990930814e-02 9.980004392984801465e-01 7.007188277770205406e-03 9.619130054698229459e-01 3.814043306160475044e-03 -7.261046188697644482e-03 9.999660499088925958e-01 2.949598805549833447e-01
9.979874314070643626e-01 -6.317258924906590800e-02 -5.464301353983082830e-03 1.876443463063686323e+01 6.321006834589940060e-02 9.979755737621992528e-01 6.973170543629617774e-03 1.041359093888136966e+00 5.012721682447320373e-03 -7.304543653403315975e-03 9.999609948307366381e-01 3.061717428845509570e-01
9.978996780115136911e-01 -6.454795350157560563e-02 -5.430999685310866805e-03 1.967083134715840842e+01 6.457881176380779464e-02 9.978965281867939741e-01 5.724403985696662617e-03 1.104381265823588754e+00 5.050064941695450726e-03 -6.063113594170735365e-03 9.999687938016922351e-01 3.274032210383676089e-01
9.978057828370346938e-01 -6.611623476469219440e-02 -3.640221984694507265e-03 2.059956977806735168e+01 6.613590770060534529e-02 9.977953453286591001e-01 5.565923099261497857e-03 1.173094680678214985e+00 3.264199369868341430e-03 -5.794454718642576968e-03 9.999778718343061978e-01 3.447427267974150222e-01
9.979148136340367792e-01 -6.455329365164381994e-02 -2.705304784580445598e-04 2.153310896108231631e+01 6.455370517345133952e-02 9.978930007476976005e-01 6.540150450326617793e-03 1.248762289040920015e+00 -1.522355049227842698e-04 -6.543967363724482317e-03 9.999781856182657913e-01 3.563547085948027826e-01
9.979079264486925283e-01 -6.456810023735760906e-02 3.350747982099151409e-03 2.247724479761990679e+01 6.454264816789459513e-02 9.978885956099267096e-01 7.208270583074429146e-03 1.316903917102919985e+00 -3.809093699352357216e-03 -6.976921516190688795e-03 9.999684779413808844e-01 3.716998188273223924e-01
9.979602465009385082e-01 -6.352793129056652499e-02 6.364933791233676370e-03 2.341871499986272198e+01 6.348816778231478053e-02 9.979633265687651855e-01 6.263794143939438973e-03 1.386524270298159056e+00 -6.749890061490618730e-03 -5.846914751264710962e-03 9.999604269302964088e-01 3.810371931923633992e-01
9.980954215264108420e-01 -6.123478756320863137e-02 7.453514982351749918e-03 2.435206684995442572e+01 6.119461926942951213e-02 9.981102825365489872e-01 5.509780051926808052e-03 1.456404221517941355e+00 -7.776829596797479351e-03 -5.043173186744842433e-03 9.999572959370400804e-01 3.895267247306782865e-01
9.982401948595075458e-01 -5.916266690226047731e-02 4.093489904137989806e-03 2.530965374991370354e+01 5.913623762276162821e-02 9.982305708768914876e-01 6.290638737941302121e-03 1.528364884423593306e+00 -4.458411827869564366e-03 -6.037499993170313342e-03 9.999722342636011563e-01 3.989466140305981123e-01
9.983107612339928716e-01 -5.810115769556788157e-02 -2.322482382185233067e-04 2.624604594993222761e+01 5.810130546590270423e-02 9.982819956303335962e-01 7.631206604661382349e-03 1.592990711082101329e+00 -2.115321629280437848e-04 -7.631809686015109985e-03 9.999712431356736486e-01 4.058866104326381841e-01
9.983537003707524393e-01 -5.725315171384282725e-02 -3.481638136587553774e-03 2.721551741377011524e+01 5.727598037083113380e-02 9.983353360084872286e-01 6.864259392276448463e-03 1.657226756513122012e+00 3.082841611931349136e-03 -7.052372094917778826e-03 9.999699636207602937e-01 4.168386903688648393e-01
9.984392020056701567e-01 -5.578110832203372199e-02 -2.663824389778776062e-03 2.817838487640643663e+01 5.579253716535786944e-02 9.984332077794156879e-01 4.415459208880638531e-03 1.725824426706532355e+00 2.413355360255030942e-03 -4.557190027820281694e-03 9.999865902149140950e-01 4.314257439214926881e-01
9.984517669817090102e-01 -5.554876901866678124e-02 2.779592345507771265e-03 2.916010060882624444e+01 5.554394076730175683e-02 9.984548269612808502e-01 1.790097584000790261e-03 1.783150662837208911e+00 -2.874736029133353413e-03 -1.632931931108151094e-03 9.999944060570101767e-01 4.449954440144338053e-01
9.983722858978556491e-01 -5.668402516930384077e-02 6.281057693351289190e-03 3.012146756067471998e+01 5.670092177174730630e-02 9.983878376149186717e-01 -2.540151408665283078e-03 1.845849685861834066e+00 -6.126942729288724701e-03 2.892155225685317643e-03 9.999768764872257742e-01 4.568138433750832395e-01
9.983481633342038419e-01 -5.711296577747466269e-02 6.307126244350360830e-03 3.111450835468816933e+01 5.717650614106060958e-02 9.983102161241731443e-01 -1.040253053956889315e-02 1.900538701740357217e+00 -5.702354800074384104e-03 1.074595198222864055e-02 9.999256205416230392e-01 4.720884988254496761e-01
9.983107052735549214e-01 -5.805749208601500982e-02 2.476619330103654697e-03 3.208142443238548935e+01 5.808283507536338847e-02 9.982420962327671621e-01 -1.184157404803186028e-02 1.967051189159485070e+00 -1.784768096687182727e-03 1.196537051160380220e-02 9.999271984936778379e-01 4.817275013472114842e-01
9.982511430762598392e-01 -5.908978307280500497e-02 -1.556558353383623349e-03 3.304106241495397001e+01 5.906667454568780007e-02 9.981809106737774551e-01 -1.210669749923732642e-02 2.030557952851653081e+00 2.269112750283572462e-03 1.199358332275958852e-02 9.999259462499628937e-01 4.926916313472330389e-01
9.981451774880617522e-01 -6.083672759778009642e-02 -2.425237512664827049e-03 3.404069114291789333e+01 6.080474834439079934e-02 9.980828876046095033e-01 -1.158869347867351116e-02 2.105007429757502102e+00 3.125597456792763261e-03 1.141973172326544821e-02 9.999299349073288434e-01 5.026240520331953787e-01
9.981013104084597298e-01 -6.159342756224178705e-02 -8.006764443901914774e-04 3.504369474558422581e+01 6.157795093441362916e-02 9.980189379152035745e-01 -1.293117312191332038e-02 2.178360446821580698e+00 1.595560561044355495e-03 1.285733866263799770e-02 9.999157516763367282e-01 5.245668060164454527e-01
9.980047325628277344e-01 -6.312581053749276305e-02 1.603810109620656520e-03 3.604850086198209880e+01 6.313924716762146783e-02 9.979490386860947471e-01 -1.054472374066193346e-02 2.253108368937587702e+00 -9.348796865236370978e-04 1.062494535909898861e-02 9.999432287510775508e-01 5.334982226331036470e-01
9.979433961971387879e-01 -6.402959540509975400e-02 3.164207203138473101e-03 3.705134081370781729e+01 6.405580194486687473e-02 9.979060530437108278e-01 -9.015013045244898646e-03 2.333003984121312158e+00 -2.580349056042555590e-03 9.199152743952171071e-03 9.999545507591501847e-01 5.510051639261481782e-01
9.978352981310425474e-01 -6.554606531824751225e-02 5.360933425415640233e-03 3.804882850052299403e+01 6.559294853635661005e-02 9.978050932314428412e-01 -9.085074561295203299e-03 2.409440888302380568e+00 -4.753683327912952734e-03 9.417044266462865076e-03 9.999446086375146647e-01 5.614789819991998776e-01
9.978460305296965593e-01 -6.501568865664147934e-02 8.688678756831220984e-03 3.903609587497809486e+01 6.509258938571529929e-02 9.978401523967378450e-01 -8.874304773460314419e-03 2.486289823108024599e+00 -8.092934551890621289e-03 9.420762529829618606e-03 9.999228170735655619e-01 5.817612519278528849e-01
9.977864245290182232e-01 -6.569879469645587000e-02 1.030491274486784042e-02 4.006012959646402294e+01 6.574203415075324797e-02 9.978287816021227385e-01 -3.919555960211315755e-03 2.573851707493995278e+00 -1.002509695646057811e-02 4.588346712246892632e-03 9.999387938688591992e-01 5.800695585418627065e-01
9.977673291876723027e-01 -6.606031701560273472e-02 9.851577180503530776e-03 4.103226667375658820e+01 6.609144833251620610e-02 9.978097050202103802e-01 -2.862720137595580784e-03 2.650864706648804248e+00 -9.640892004985284619e-03 3.507436834660174370e-03 9.999469657921173926e-01 5.946452358303675467e-01
9.977724621903126812e-01 -6.618816988467968176e-02 8.379144104167488699e-03 4.201863674336716059e+01 6.622115564302707980e-02 9.977978020957892769e-01 -3.718233174749180879e-03 2.726243847288853495e+00 -8.114591663133441379e-03 4.264822563896527273e-03 9.999577357138980105e-01 6.022258067808009541e-01
9.977950700814591789e-01 -6.614672806915186665e-02 5.504731544393586321e-03 4.302340037377847182e+01 6.614997138100568719e-02 9.978097180424849721e-01 -3.949761471867330783e-04 2.806520690642770433e+00 -5.466545432971497802e-03 7.582412569689335382e-04 9.999852118760558239e-01 6.136309689871721762e-01
9.977392194745812182e-01 -6.695983065343118212e-02 5.699052313794353807e-03 4.399914627541385670e+01 6.696915632632939597e-02 9.977537541409984279e-01 -1.448488133668015187e-03 2.885351123399621631e+00 -5.589261799201859955e-03 1.826877348738658148e-03 9.999830263844204925e-01 6.223103021431559689e-01
9.976655199251347472e-01 -6.794034814314521553e-02 6.914519871945837629e-03 4.498757072536623980e+01 6.796705526739930947e-02 9.976808235341700914e-01 -3.710280934475379284e-03 2.963378119750095685e+00 -6.646405359334518065e-03 4.171585266958178009e-03 9.999696565406953619e-01 6.355907212558165043e-01
9.976174719269025326e-01 -6.854003756442542117e-02 7.900129074906522483e-03 4.598897626778099834e+01 6.856924138829989523e-02 9.976397827693919140e-01 -3.487071522426936354e-03 3.041176437360016749e+00 -7.642480272133858089e-03 4.020470146840682789e-03 9.999627453037054359e-01 6.462347915284504252e-01
9.975522267230898521e-01 -6.972816231347878091e-02 5.241733388855955404e-03 4.695456483253537527e+01 6.973627595576933902e-02 9.975647579701790724e-01 -1.387731717292227905e-03 3.123712557572594140e+00 -5.132209480951049375e-03 1.749868428668663193e-03 9.999850153067312286e-01 6.663798373118594576e-01
9.975588829214186992e-01 -6.983309706117014903e-02 -1.162720692904073427e-04 4.793823714535394487e+01 6.983321551978280417e-02 9.975590047681301975e-01 5.002488050848001621e-04 3.209086374180098122e+00 8.105386029549730028e-05 -5.071463205227211973e-04 1.000000112310451383e+00 6.726283685148271019e-01
9.975078361782198089e-01 -7.054538140836348614e-02 -1.160796998708988085e-03 4.890791234799572607e+01 7.054620835643082843e-02 9.975080723571980723e-01 6.586815004633550475e-04 3.290681952864904947e+00 1.111437353990343173e-03 -7.389288204961479362e-04 9.999990914645821016e-01 6.884393123411844950e-01
9.974330652268468267e-01 -7.158152947318062453e-02 2.023069028748122541e-03 4.987626819459980254e+01 7.158247855552704597e-02 9.974348843034193113e-01 -3.788703234935824628e-04 3.365866153193269650e+00 -1.990763528364753853e-03 5.227142985457868029e-04 9.999980504697341122e-01 7.018053537674056042e-01
9.974205773268580710e-01 -7.151800162938358463e-02 6.189971554630766502e-03 5.086204554078604900e+01 7.154180125564213455e-02 9.974308236789366511e-01 -3.710812306224636759e-03 3.447488530540926188e+00 -5.908679266834431301e-03 4.144079080259757339e-03 9.999735989942053482e-01 7.230520684064485337e-01
9.973336840146842519e-01 -7.265185914907687503e-02 6.877347826095911096e-03 5.181943573048101115e+01 7.268344367570143960e-02 9.973448398173750951e-01 -4.457973469190974758e-03 3.524914820343463706e+00 -6.535211531184361225e-03 4.945951798210774901e-03 9.999664761679408764e-01 7.323229618884294911e-01
9.973332665833363198e-01 -7.274447567123581981e-02 5.956895364856610448e-03 5.277028977569270296e+01 7.279078649395749612e-02 9.973160210198456221e-01 -7.962991856515378580e-03 3.608332990950750663e+00 -5.361647718879755838e-03 8.375361851783400327e-03 9.999507123968179867e-01 7.463237245182202662e-01
9.973837764334495537e-01 -7.212986074415496385e-02 4.786791052945554500e-03 5.374150739464327842e+01 7.217766293928561117e-02 9.973341123968965105e-01 -1.068975743806573758e-02 3.683443112181570722e+00 -4.002985245251609522e-03 1.100728690670891262e-02 9.999311111696540522e-01 7.658466430938896119e-01
9.972998908045427324e-01 -7.321321153168298956e-02 5.672091041284595299e-03 5.467503184296574403e+01 7.327522551832658937e-02 9.972441692234029764e-01 -1.161043281477031237e-02 3.757901943844740966e+00 -4.806417032161744082e-03 1.199474943766563363e-02 9.999169399720543305e-01 7.753895929888475758e-01
9.971679344866840600e-01 -7.451386124359177243e-02 1.024055615067733481e-02 5.564717332007500517e+01 7.465895537058694909e-02 9.971025455079444155e-01 -1.460841059680982428e-02 3.832186655963282007e+00 -9.122327532286304830e-03 1.533151082557565256e-02 9.998405200053717135e-01 7.849633988389294048e-01
9.970626125061093914e-01 -7.507388270366818772e-02 1.519402508230289356e-02 5.658935393463795549e+01 7.532754725350071512e-02 9.970160983493611129e-01 -1.687585255061100839e-02 3.907495536008120940e+00 -1.388177497574123904e-02 1.797082959260503168e-02 9.997422891445295612e-01 8.033552188052476284e-01
9.969802250813099009e-01 -7.570047099280141634e-02 1.730668005921020755e-02 5.752196194476071867e+01 7.596654488754940593e-02 9.969940534216513717e-01 -1.527113689044434439e-02 3.989652833501299511e+00 -1.609860010474267050e-02 1.653973062186410437e-02 9.997337214970387631e-01 8.020511474684665076e-01
9.969245848520311704e-01 -7.710182946091168055e-02 1.404887833939880148e-02 5.848031014943556016e+01 7.730277159624542038e-02 9.969037237552229591e-01 -1.437459238685985519e-02 4.080026201464587388e+00 -1.289708409262002760e-02 1.541635065825487476e-02 9.997976913927458797e-01 8.083493684019193992e-01
9.968770634571920697e-01 -7.872999610214855004e-02 6.140196421705972768e-03 5.937196069290969547e+01 7.879811833407995847e-02 9.968211650458710382e-01 -1.177282910411732442e-02 4.162497178222002603e+00 -5.193804565910375634e-03 1.221986686253890945e-02 9.999117714969366633e-01 8.161516692355318403e-01
9.968221912237967830e-01 -7.966170822319953992e-02 6.689255670893763358e-04 6.028414705088714953e+01 7.966439315484086237e-02 9.967710033841415962e-01 -1.011218318710920862e-02 4.250023451279086650e+00 1.387866923222007168e-04 1.013332458858109790e-02 9.999488053920617681e-01 8.344816762164553037e-01
9.967221600114956059e-01 -8.090091018259645828e-02 4.341582955981113361e-04 6.119608012028133714e+01 8.090202267929166857e-02 9.967079935024490966e-01 -5.314649530850514003e-03 4.340084832341219112e+00 -2.769232059760304430e-06 5.332356548496977773e-03 9.999858464860553742e-01 8.407136469349595354e-01
9.966886315124403595e-01 -8.126756934453766013e-02 2.825523398232565771e-03 6.207229348862694707e+01 8.127628926207933202e-02 9.966868830599954210e-01 -3.095408891480910807e-03 4.429187225536874273e+00 -2.564603701532624895e-03 3.314808521713589681e-03 9.999914854275642195e-01 8.602843649203359977e-01
9.965612570345777632e-01 -8.275156670682640159e-02 4.325027097078558251e-03 6.298055901278158331e+01 8.275753480300564180e-02 9.965687470324746666e-01 -1.234685154676485284e-03 4.519750763145484740e+00 -4.208020882069147574e-03 1.588373206646090559e-03 9.999899959329479060e-01 8.799225765374587560e-01
9.965548965651784830e-01 -8.284076289038339036e-02 4.056002364256921025e-03 6.384395411549014909e+01 8.283901432394877307e-02 9.965626977711883328e-01 5.966436946905796920e-04 4.602490328063240099e+00 -4.091491932765975621e-03 -2.585942093826827529e-04 9.999914056636330928e-01 8.934132165426714733e-01
9.963976842289653524e-01 -8.468537829281880258e-02 4.429219124295715078e-03 6.468870684084831169e+01 8.467860956339609557e-02 9.964066206734907283e-01 1.683642949145748927e-03 4.685163661508036981e+00 -4.555886194283183602e-03 -1.302521765466403214e-03 9.999886950975440669e-01 9.078345329450895340e-01
9.963135301434776769e-01 -8.566714354926172059e-02 4.654876620047379392e-03 6.553493934150475297e+01 8.565642086644370545e-02 9.963215660271251828e-01 2.462226636879726559e-03 4.768542899961615511e+00 -4.848692899420187566e-03 -2.054427554000502754e-03 9.999859038293973379e-01 9.233853431676113388e-01
9.961655485663325482e-01 -8.731527087152358979e-02 5.576205420674291285e-03 6.635100864753962924e+01 8.730271335780220854e-02 9.961784768124263278e-01 2.450200235611117456e-03 4.853181367332198626e+00 -5.768841448639524215e-03 -1.953989119694259872e-03 9.999819746212411653e-01 9.390138301942588805e-01
9.960115065475422247e-01 -8.898685220607331636e-02 6.497304556799256628e-03 6.715163802098392409e+01 8.897057886605226618e-02 9.960303687649241233e-01 2.747971665072907865e-03 4.929858968271497055e+00 -6.716050875803424025e-03 -2.158944110943744089e-03 9.999751246875336896e-01 9.530527783480199355e-01
9.958221459667983000e-01 -9.089675677447951740e-02 8.737341547834721195e-03 6.797862706629248919e+01 9.085512266427749062e-02 9.958509746702048915e-01 5.057117842551297690e-03 5.020419827604629681e+00 -9.160767082084072394e-03 -4.242161514191280201e-03 9.999488793629971450e-01 9.628847571981123954e-01
9.956951140903178565e-01 -9.185757566513262640e-02 1.237353268692879121e-02 6.875903571624070310e+01 9.178541909682727540e-02 9.957594387260430002e-01 6.283010419733914623e-03 5.116510010512932638e+00 -1.289821822066096642e-02 -5.120262638838808666e-03 9.999034471836389937e-01 9.703702675342700257e-01
9.955159484536147962e-01 -9.352485562272111475e-02 1.419584305751807329e-02 6.952726389990139921e+01 9.341854802906196520e-02 9.955949978445693960e-01 7.981291745526693932e-03 5.198163723656955781e+00 -1.487976199872718085e-02 -6.619347485331572925e-03 9.998670537018156113e-01 9.777685628899779324e-01
9.954981222538654695e-01 -9.426136975131098328e-02 9.967524652240197791e-03 7.026336645354402322e+01 9.415097301211458602e-02 9.954972743696012261e-01 1.101474631963697721e-02 5.288178460292487948e+00 -1.096085901464374790e-02 -1.002664932160230241e-02 9.998896033765335423e-01 9.892812449851098311e-01
9.954041093706247345e-01 -9.573202910955572187e-02 2.401499603159225772e-03 7.099427378518262799e+01 9.569666342624737199e-02 9.953384618215079804e-01 1.201444514758216557e-02 5.367780895856006040e+00 -3.540459439185041773e-03 -1.172936908483191917e-02 9.999254288078673891e-01 9.992979834075265133e-01
9.953217694299351104e-01 -9.654559757167106848e-02 -3.581769031785243980e-03 7.169797946326808358e+01 9.657898932132516490e-02 9.952675020628880542e-01 1.078880679563051781e-02 5.447573090598340606e+00 2.523208374817315948e-03 -1.108424077961336039e-02 9.999357285071768242e-01 1.012331710698853193e+00
9.952768658314689043e-01 -9.692217683328241407e-02 -5.492872303395583168e-03 7.237680667645700794e+01 9.698685525164253696e-02 9.951998968058751727e-01 1.308240409015443140e-02 5.525596961652534667e+00 4.198531061814098249e-03 -1.355336124221720451e-02 9.998992373626559571e-01 1.020305623309845089e+00
9.951289662698971084e-01 -9.855071771812733139e-02 -2.338111295313984993e-03 7.306324753496332391e+01 9.857381374564617993e-02 9.950333028571726190e-01 1.388874753929317078e-02 5.603355977799817644e+00 9.577477001748649224e-04 -1.405154665701387542e-02 9.999007308729304100e-01 1.034808586436087863e+00
9.950223545645976442e-01 -9.965402572865675324e-02 8.720464376816823657e-05 7.371187935731902030e+01 9.964383982780694593e-02 9.949328365941177976e-01 1.342380982372328065e-02 5.678837844108601374e+00 -1.424492468242408681e-03 -1.334825022519239152e-02 9.999098088412844421e-01 1.056527881563228854e+00
9.949417644683009598e-01 -1.004231632059135182e-01 -2.538526453275890497e-03 7.432760396456048113e+01 1.004454960825586080e-01 9.948843330174429456e-01 1.074470448355328497e-02 5.742627197846620568e+00 1.446517940067954281e-03 -1.094532438114037554e-02 9.999389025142559895e-01 1.072745538386115749e+00
9.949295467505643309e-01 -1.003535477531592862e-01 -6.721716688323098148e-03 7.493887190912271024e+01 1.003819387045615380e-01 9.949417747343318741e-01 3.890646355658954753e-03 5.802567327360689475e+00 6.297265779819186463e-03 -4.545660276065334633e-03 9.999696785151038769e-01 1.092280084254983574e+00
9.950097171413223585e-01 -9.914572077141786677e-02 -1.123713461890408355e-02 7.554446462392678541e+01 9.915242769839432979e-02 9.950719961284658632e-01 3.730852901100933748e-05 5.866955806149068309e+00 1.117806139652383068e-02 -1.151313793999041157e-03 9.999372867302117607e-01 1.107796897549730097e+00
9.952992218588326834e-01 -9.612152465070276930e-02 -1.182370554328035506e-02 7.610258805878147825e+01 9.614482858350666128e-02 9.953661416235286552e-01 1.416470405880014896e-03 5.925280326983339840e+00 1.163272503925654247e-02 -2.546594484488525802e-03 9.999296365176386647e-01 1.123468406696067179e+00
9.957156469494353734e-01 -9.196017787803925647e-02 -9.675117035409689509e-03 7.666235566664165901e+01 9.202557147221737677e-02 9.957352445332955382e-01 6.551366411982760714e-03 5.992379756705082272e+00 9.031384087847108000e-03 -7.413661336340418399e-03 9.999321085172692136e-01 1.132765207202812929e+00
9.961432946680214284e-01 -8.749250464555642648e-02 -6.631216886048988193e-03 7.721860464114519118e+01 8.752874151245262913e-02 9.961477564134113560e-01 5.392288098700273938e-03 6.046797321347584742e+00 6.133886025023465791e-03 -5.951909747412388076e-03 9.999639489185672137e-01 1.153721950040296651e+00
9.966637359144345787e-01 -8.159297566587188355e-02 -1.924246138483334508e-03 7.775640836832951663e+01 8.159481061953037517e-02 9.966651420729397692e-01 8.992243043731333683e-04 6.089786155215914931e+00 1.844465454330801489e-03 -1.053241422249015383e-03 9.999981220126258341e-01 1.167775893394682685e+00
9.973317560190608777e-01 -7.297717567103376157e-02 1.966898576677838205e-03 7.829264469602327381e+01 7.298459960068008623e-02 9.973249464755392646e-01 -4.052773588234764683e-03 6.124872835023245088e+00 -1.665879494882786761e-03 4.185515165961353930e-03 9.999902975053998055e-01 1.189421094887445962e+00
9.980750914085307901e-01 -6.198957794430120377e-02 1.951733006276297391e-03 7.879643613334599195e+01 6.199085058303904078e-02 9.980769077264682876e-01 -6.027964560536517181e-04 6.161928810713066973e+00 -1.910605271196953248e-03 7.226255938230684772e-04 9.999980008650011243e-01 1.201784936620741817e+00
9.989084824011479347e-01 -4.668801136809078850e-02 1.170624514263984796e-03 7.929690368525359645e+01 4.668257264448216759e-02 9.989009037950905556e-01 4.323882787280844929e-03 6.199185191712966336e+00 -1.371215736970421602e-03 -4.264515526301954247e-03 9.999896138037618343e-01 1.209299873935073766e+00
9.996144335577138440e-01 -2.772711455965988503e-02 1.459121024137993976e-03 7.978571864368909416e+01 2.771304672907557234e-02 9.995768464663360442e-01 8.885341673545358102e-03 6.222566398276267563e+00 -1.704856450799669982e-03 -8.841474973661063441e-03 9.999597199759503452e-01 1.213393396575116245e+00
9.999780108087460428e-01 -6.223758826626068184e-03 2.267845075928543071e-03 8.025951968531589387e+01 6.205696976156007717e-03 9.999498419009695827e-01 7.884155850770622684e-03 6.219894785116626856e+00 -2.316802882508242015e-03 -7.869901778221357475e-03 9.999661472902844350e-01 1.223943704143271027e+00
9.997863234103770980e-01 2.035985152137782112e-02 3.510582898214399932e-03 8.073230722785393709e+01 -2.037339335281304273e-02 9.997849522520247945e-01 3.844733844675479652e-03 6.201274120855565286e+00 -3.431539788772352065e-03 -3.915440846008221010e-03 9.999867243375981651e-01 1.236364819606786014e+00
9.987454686288166350e-01 4.981069260000602072e-02 5.180841591761146427e-03 8.117049069645844384e+01 -4.982456065180723009e-02 9.987551058599164477e-01 2.585386265150162958e-03 6.170862294443598017e+00 -5.045611268514457390e-03 -2.840269455722667369e-03 9.999834255112667325e-01 1.245573650997068293e+00
9.965565584795625931e-01 8.264883964924392423e-02 6.692432547976217248e-03 8.162107103674173914e+01 -8.266289847633737087e-02 9.965763507779957786e-01 1.849627396777922756e-03 6.124421755668318035e+00 -6.516651350794843735e-03 -2.396473305886191903e-03 9.999760907424416478e-01 1.253275930688659834e+00
9.926387252401005501e-01 1.208863635108323453e-01 7.399618869449427552e-03 8.207312404686022944e+01 -1.209013726200352939e-01 9.926636255860080693e-01 1.594022999634785599e-03 6.060471316798537345e+00 -7.152629934745211547e-03 -2.476906308390716682e-03 9.999716491738914748e-01 1.260590345161007431e+00
9.867719776856445080e-01 1.619007824817394747e-01 8.331116737431153857e-03 8.249543319579223066e+01 -1.619181816838347887e-01 9.868029811679037699e-01 1.490897278247441072e-03 5.978537164204036358e+00 -7.979792488487028046e-03 -2.820134772756359518e-03 9.999640411464517653e-01 1.265986006191816227e+00
9.782740088464424444e-01 2.071502346591918842e-01 8.320540038506744202e-03 8.291475673321917839e+01 -2.071656604278964142e-01 9.783053059439329457e-01 1.034320894177498135e-03 5.879295893387624261e+00 -7.925779471855153024e-03 -2.735580612490587805e-03 9.999646852096245597e-01 1.272585032940874994e+00
9.667325506898241105e-01 2.556874188148189342e-01 7.223338499143696148e-03 8.333505883536791714e+01 -2.557121910579810420e-01 9.667492705130752428e-01 2.805831700046391465e-03 5.754586955746711752e+00 -6.265740082497873661e-03 -4.559585998166028678e-03 9.999701787971007061e-01 1.279671748614533033e+00
9.516545341298122684e-01 3.071132614786804549e-01 5.894005698745857953e-03 8.370557134772484176e+01 -3.071368059750246848e-01 9.516591763884318933e-01 3.492254260877087485e-03 5.611258965345024663e+00 -4.536566277333384245e-03 -5.133682148300671745e-03 9.999762894817558756e-01 1.288947520769347932e+00
9.320747699782823137e-01 3.622422832752377198e-01 4.134250563972211717e-03 8.409871358880904779e+01 -3.622567173743622693e-01 9.320719173086061682e-01 3.420887269122384160e-03 5.443096823406191831e+00 -2.614232916273182081e-03 -4.686186921497946696e-03 9.999853127131114183e-01 1.295118433796561108e+00
9.082385648205232309e-01 4.184412266223351828e-01 3.105550398233296490e-03 8.444083887396968180e+01 -4.184519249200819302e-01 9.082316648856828545e-01 3.815661806064039874e-03 5.263490212612245145e+00 -1.223922593845227667e-03 -4.765052226598435851e-03 9.999877702937939317e-01 1.299993502719021921e+00
8.798480918286589736e-01 4.752538686062953710e-01 1.511576042686366963e-03 8.477783347167540740e+01 -4.752556086994464968e-01 8.798380966985490659e-01 4.185250019192464192e-03 5.060652145605310182e+00 6.591077391014038079e-04 -4.400763831347668902e-03 9.999898114727919785e-01 1.297218375301872451e+00
8.465064490787362894e-01 5.323777624932752861e-01 -8.451974812149011572e-04 8.511295371555462452e+01 -5.323757469022940558e-01 8.465062689997457923e-01 2.025084672065903708e-03 4.822578211867849518e+00 1.793572791433276775e-03 -1.264283062612527953e-03 9.999972819215179332e-01 1.309293803317586935e+00
8.103647963977743673e-01 5.859216439133700938e-01 -2.023586554997377444e-03 8.539351600870979553e+01 -5.859201574210799457e-01 8.103676496523771755e-01 1.411785512843473237e-03 4.581698350813163678e+00 2.467041079296665267e-03 4.160513327774106944e-05 9.999965539498483214e-01 1.316794412412518156e+00
7.708044057220677647e-01 6.370703769667688254e-01 -1.580741699113260646e-03 8.568670891373656673e+01 -6.370722234061414468e-01 7.708040611203385017e-01 -4.970735713011589438e-04 4.307496655167926569e+00 9.017630414430924260e-04 1.390193666805566563e-03 9.999985331575939052e-01 1.328430098125672476e+00
7.284319656143192212e-01 6.851177959221577130e-01 9.247414478360170510e-04 8.594064922502219872e+01 -6.851156886063957119e-01 7.284326713092207362e-01 -1.380202329849279912e-03 4.048112435514104490e+00 -1.619207292877353340e-03 3.718267193301646751e-04 9.999983630764599507e-01 1.330461707646640290e+00
6.832165072215805601e-01 7.302156205087212415e-01 9.831723054021465364e-04 8.618412115527947037e+01 -7.302119316562586393e-01 6.832160474109415516e-01 -2.412909707007228777e-03 3.753756939053764619e+00 -2.433664319056846794e-03 9.306168567280131802e-04 9.999964453674778930e-01 1.332785994673560515e+00
6.355950013852518232e-01 7.720192621103872943e-01 -2.215755415491522939e-03 8.642160156595218723e+01 -7.720203383297283839e-01 6.355835548959093417e-01 -4.214757021774319726e-03 3.431744156559359382e+00 -1.845575015369963455e-03 4.389481598102558564e-03 9.999884437188387709e-01 1.340219761122373843e+00
5.877727712591055420e-01 8.090066150178546467e-01 -5.630262417532762298e-03 8.659725605842822915e+01 -8.090225568739466411e-01 5.877351359376785656e-01 -7.077467568784876449e-03 3.124600199967240144e+00 -2.416614353687300456e-03 8.714922008501931744e-03 9.999590928032161541e-01 1.353405233461643986e+00
5.409888203972259557e-01 8.410140555869959345e-01 -5.132182285691666394e-03 8.678561331302373105e+01 -8.410284032272858923e-01 5.409659153678371135e-01 -5.297940044061012765e-03 2.783279327477782950e+00 -1.679307776602422236e-03 7.182440227667034535e-03 9.999732642349368206e-01 1.358581749066547495e+00
4.934132979036104927e-01 8.697910819695399143e-01 -2.670299796517476218e-03 8.694415206072122260e+01 -8.697946513867221840e-01 4.934077145249172180e-01 -2.554720554251213409e-03 2.467911628870041341e+00 -9.045299080972643221e-04 3.583135623512859712e-03 9.999929875714722582e-01 1.360829661683433889e+00
4.487747221900685868e-01 8.936433416766524918e-01 -1.658044746684787796e-03 8.708059114719691252e+01 -8.936453085879280112e-01 4.487736243190275087e-01 -6.392523773508260263e-04 2.128033769842254230e+00 1.728217609597223223e-04 1.768579976739033562e-03 9.999986534909037772e-01 1.367348340886520575e+00
4.076680327220526534e-01 9.130917539838370178e-01 -8.387991047100850153e-03 8.721496767075193191e+01 -9.131297402337983371e-01 4.076581589698500263e-01 -2.829236827753091495e-03 1.765337071169967853e+00 8.360682783485012901e-04 8.812630784813424434e-03 9.999608083080973042e-01 1.368130337239609196e+00
3.692593079025731084e-01 9.291168904089963654e-01 -1.974645734901159244e-02 8.730569237493934054e+01 -9.293205758198583855e-01 3.690973237393913586e-01 -1.141386939632776931e-02 1.413361223612373374e+00 -3.316469951532373568e-03 2.256552545094891657e-02 9.997403683580355915e-01 1.381981750463696867e+00
3.352717554179094894e-01 9.418068083373507537e-01 -2.436059998137981436e-02 8.740639745969390617e+01 -9.420975047290568449e-01 3.349684170746534684e-01 -1.574669753855987078e-02 1.052144439095543227e+00 -6.670252487026961941e-03 2.822949739681268611e-02 9.995788275074368734e-01 1.381343758368012820e+00
3.030312245589616982e-01 9.527263588219415658e-01 -2.202885630372444781e-02 8.751933011987630096e+01 -9.529679885748641999e-01 3.028258304191026595e-01 -1.223053839879402298e-02 6.853242808212265391e-01 -4.981483960181951401e-03 2.469894509459304166e-02 9.996829450219357760e-01 1.387305621086482699e+00
2.731365545076850920e-01 9.618753610416862498e-01 -1.384196698123321689e-02 8.763158203016458003e+01 -9.619755011096484676e-01 2.731096590456512097e-01 -3.802395002665647731e-03 3.307489606235611834e-01 1.229571423700856459e-04 1.435420199910074010e-02 9.998967864466635769e-01 1.390100352553149232e+00
2.454503102111250390e-01 9.693643387990071858e-01 -9.300362130335028746e-03 8.772860812568161748e+01 -9.694023835222851382e-01 2.454745506544181166e-01 1.474035666788645407e-03 -5.218311837361205852e-02 3.711874189186980307e-03 8.653943008402205025e-03 9.999561391344566896e-01 1.401328559886696912e+00
2.201541628310280940e-01 9.754027849330588751e-01 -1.099069851909777358e-02 8.780526449546054835e+01 -9.754523038471730745e-01 2.201951902329686572e-01 2.648169977337962427e-03 -4.478007870010825564e-01 5.003135329019943803e-03 1.013792215991313542e-02 9.999356469360032307e-01 1.412998222176286234e+00
1.980237061579251945e-01 9.800151013722901983e-01 -1.888315048708255270e-02 8.787197528561246429e+01 -9.801697600058423276e-01 1.981259579598269038e-01 3.688236151269273268e-03 -8.386223109186592417e-01 7.355758736839080637e-03 1.777833858859721727e-02 9.998153358822478021e-01 1.418870991801993053e+00
1.778039077469053542e-01 9.837129856505654191e-01 -2.634885484457410998e-02 8.792939565396751789e+01 -9.839737800082780650e-01 1.780891195268484994e-01 8.921511376768432450e-03 -1.236889641765889891e+00 1.346866567252103485e-02 2.434029224418820386e-02 9.996129727262461628e-01 1.421667676211225695e+00
1.566095928648618685e-01 9.872869124190979395e-01 -2.715918762509783591e-02 8.798994819974295467e+01 -9.874538918352006034e-01 1.570808174087296172e-01 1.616819490860791492e-02 -1.660003301922465813e+00 2.022887410568557920e-02 2.428639198457540130e-02 9.995005897264085393e-01 1.415797700867837516e+00
1.383252171550192478e-01 9.900859243019997091e-01 -2.440094067397896929e-02 8.805725138262542373e+01 -9.901747493611551265e-01 1.387636181273174951e-01 1.730058748421530943e-02 -2.105383907096248564e+00 2.051505759002587512e-02 2.176809360958961367e-02 9.995521647176632829e-01 1.424259603303617228e+00
1.234072076702813214e-01 9.920587750684377593e-01 -2.428115851049018545e-02 8.812019502825610573e+01 -9.922289673815978261e-01 1.237469651932715659e-01 1.298241248924845818e-02 -2.548005436495273557e+00 1.588401932130513450e-02 2.249040225909674715e-02 9.996208271364471765e-01 1.436505882753384533e+00
1.092068529950705608e-01 9.937231451621824085e-01 -2.423580640415037846e-02 8.816759793587783633e+01 -9.939468669168316506e-01 1.094610398163057552e-01 9.406040954662823680e-03 -3.022964176193152053e+00 1.199983451969512289e-02 2.306195049003607542e-02 9.996621071886236942e-01 1.455616847929726676e+00
9.724819724867529713e-02 9.949420860445445935e-01 -2.517951670042148718e-02 8.821438324052037672e+01 -9.952159003743678012e-01 9.745212671074984789e-02 7.000642461344445781e-03 -3.498958053194017648e+00 9.419033131650975110e-03 2.437830931819564076e-02 9.996580760405748833e-01 1.470482319766089452e+00
