1.000000000000000000e+00 0.000000000000000000e+00 0.000000000000000000e+00 0.000000000000000000e+00 0.000000000000000000e+00 1.000000000000000000e+00 0.000000000000000000e+00 0.000000000000000000e+00 0.000000000000000000e+00 0.000000000000000000e+00 1.000000000000000000e+00 0.000000000000000000e+00
9.999909999999999632e-01 -3.163510899999999893e-03 -2.749419999999999815e-03 -1.353929999999999934e-03 3.160450899999999851e-03 9.999940000000000495e-01 -1.116589500000000033e-03 -2.482450699999999913e-02 2.752940000000000161e-03 1.107890899999999920e-03 9.999959999999999960e-01 6.727159999999999807e-01
9.999689999999999968e-01 -2.746410899999999784e-03 -7.409729999999999789e-03 -4.979089899999999784e-03 2.725640899999999967e-03 9.999919999999999920e-01 -2.811919500000000134e-03 -3.812710700000000036e-02 7.417400000000000208e-03 2.791630900000000113e-03 9.999689999999999968e-01 1.374689999999999968e+00
9.999249999999999527e-01 -2.261290899999999875e-03 -1.200780000000000076e-02 -1.493039999999999992e-02 2.219900899999999785e-03 9.999919999999999920e-01 -3.458489500000000091e-03 -5.007350599999999680e-02 1.201550000000000014e-02 3.431580899999999920e-03 9.999219999999999775e-01 2.085920000000000218e+00
9.998550000000000493e-01 -1.037470900000000062e-03 -1.702779999999999919e-02 -3.155759999999999815e-02 9.712469399999999753e-04 9.999919999999999920e-01 -3.897269599999999851e-03 -5.975110599999999828e-02 1.703170000000000031e-02 3.880160899999999993e-03 9.998470000000000413e-01 2.812539999999999818e+00
9.997589999999999533e-01 -2.220440900000000047e-03 -2.184039999999999940e-02 -4.958939999999999876e-02 2.136420899999999859e-03 9.999900000000000455e-01 -3.869599599999999813e-03 -7.355880600000000435e-02 2.184880000000000155e-02 3.822000900000000184e-03 9.997540000000000315e-01 3.551390000000000047e+00
9.996899999999999675e-01 -9.119929300000000029e-04 -2.486760000000000012e-02 -8.109280000000000654e-02 7.851589400000000317e-04 9.999869999999999592e-01 -5.109629600000000285e-03 -8.821490599999999571e-02 2.487199999999999828e-02 5.088520899999999896e-03 9.996779999999999555e-01 4.312330000000000219e+00
9.995730000000000448e-01 2.542569100000000200e-03 -2.912029999999999827e-02 -1.107650000000000023e-01 -2.720439099999999878e-03 9.999780000000000335e-01 -6.070179600000000404e-03 -1.057920100000000058e-01 2.910420000000000021e-02 6.146810899999999821e-03 9.995579999999999465e-01 5.080879999999999619e+00
9.994380000000000486e-01 4.341139100000000403e-03 -3.324730000000000046e-02 -1.427670000000000050e-01 -4.502809099999999579e-03 9.999780000000000335e-01 -4.789319600000000419e-03 -1.181900000000000034e-01 3.322579999999999978e-02 4.936340899999999872e-03 9.994359999999999911e-01 5.875720000000000276e+00
9.992529999999999468e-01 4.114079100000000121e-03 -3.842750000000000332e-02 -1.782630000000000048e-01 -4.202479099999999884e-03 9.999890000000000168e-01 -2.219989600000000108e-03 -1.302669999999999939e-01 3.841789999999999788e-02 2.379820899999999812e-03 9.992590000000000083e-01 6.682870000000000310e+00
9.991400000000000281e-01 3.164449100000000202e-03 -4.134879999999999806e-02 -2.107469999999999899e-01 -3.142619100000000176e-03 9.999949999999999672e-01 5.928864299999999504e-04 -1.476159999999999972e-01 4.135049999999999837e-02 -4.624320700000000253e-04 9.991449999999999498e-01 7.489899999999999558e+00
9.990580000000000016e-01 4.158939099999999986e-03 -4.320600000000000135e-02 -2.629739999999999855e-01 -4.151969000000000146e-03 9.999909999999999632e-01 2.509344200000000226e-04 -1.608330000000000037e-01 4.320670000000000066e-02 -7.130666899999999462e-05 9.990660000000000096e-01 8.307600000000000762e+00
9.989019999999999566e-01 4.407419099999999694e-03 -4.663520000000000165e-02 -2.992890000000000272e-01 -4.426038999999999668e-03 9.999900000000000455e-01 -2.959675800000000209e-04 -1.726209999999999967e-01 4.663350000000000134e-02 5.020539299999999963e-04 9.989120000000000221e-01 9.126110000000000610e+00
9.988029999999999964e-01 1.961399099999999989e-03 -4.888460000000000027e-02 -3.447140000000000204e-01 -1.997139000000000206e-03 9.999980000000000535e-01 -6.822045800000000161e-04 -1.885219999999999951e-01 4.888320000000000165e-02 7.790179299999999826e-04 9.988040000000000251e-01 9.977550000000000807e+00
9.986669999999999714e-01 1.536749100000000048e-03 -5.159140000000000253e-02 -3.854600000000000248e-01 -1.542989000000000036e-03 9.999989999999999712e-01 -8.113038300000000524e-05 -1.996149999999999869e-01 5.159119999999999678e-02 1.606279299999999893e-04 9.986680000000000001e-01 1.081129999999999924e+01
9.986270000000000424e-01 -7.938469300000000400e-04 -5.238500000000000101e-02 -4.412110000000000198e-01 7.535759500000000334e-04 9.999989999999999712e-01 -7.884755800000000292e-04 -2.163779999999999870e-01 5.238559999999999744e-02 7.479169300000000241e-04 9.986270000000000424e-01 1.167099999999999937e+01
9.985230000000000494e-01 1.381789100000000055e-03 -5.430569999999999842e-02 -4.920939999999999759e-01 -1.527518999999999969e-03 9.999949999999999672e-01 -2.642119599999999836e-03 -2.307700000000000029e-01 5.430179999999999729e-02 2.721170900000000059e-03 9.985209999999999919e-01 1.252800000000000047e+01
9.983910000000000284e-01 2.844289099999999879e-03 -5.663200000000000178e-02 -5.389140000000000041e-01 -3.168099000000000175e-03 9.999789999999999512e-01 -5.628889599999999972e-03 -2.512789999999999746e-01 5.661479999999999985e-02 5.799250899999999591e-03 9.983790000000000164e-01 1.339930000000000021e+01
9.982799999999999452e-01 6.720649100000000015e-03 -5.824819999999999998e-02 -6.041490000000000471e-01 -7.134849000000000399e-03 9.999510000000000343e-01 -6.905869599999999581e-03 -2.639940000000000064e-01 5.819889999999999786e-02 7.309580900000000291e-03 9.982779999999999987e-01 1.427919999999999945e+01
9.982199999999999962e-01 7.870069099999999970e-03 -5.911670000000000119e-02 -6.627020000000000133e-01 -8.294938999999999438e-03 9.999419999999999975e-01 -6.945069600000000100e-03 -2.815179999999999905e-01 5.905860000000000276e-02 7.423080900000000176e-03 9.982269999999999754e-01 1.515949999999999953e+01
9.981320000000000192e-01 7.294319100000000097e-03 -6.065639999999999921e-02 -7.211279999999999912e-01 -7.634608999999999666e-03 9.999559999999999560e-01 -5.380309599999999991e-03 -3.028500000000000081e-01 6.061450000000000171e-02 5.833350900000000040e-03 9.981440000000000312e-01 1.605229999999999890e+01
9.980869999999999465e-01 6.895299100000000167e-03 -6.143869999999999887e-02 -7.803930000000000033e-01 -7.159048999999999795e-03 9.999660000000000215e-01 -4.073779599999999800e-03 -3.202740000000000031e-01 6.140849999999999781e-02 4.505830899999999604e-03 9.981029999999999625e-01 1.694879999999999853e+01
9.979999999999999982e-01 7.216219099999999879e-03 -6.279849999999999322e-02 -8.378160000000000052e-01 -7.463089000000000008e-03 9.999649999999999928e-01 -3.697529599999999951e-03 -3.448309999999999986e-01 6.276959999999999484e-02 4.158810899999999637e-03 9.980189999999999895e-01 1.786319999999999908e+01
9.979749999999999455e-01 7.192889099999999654e-03 -6.319450000000000067e-02 -9.101519999999999611e-01 -7.517188999999999642e-03 9.999599999999999600e-01 -4.895419600000000017e-03 -3.588439999999999963e-01 6.315669999999999618e-02 5.360560900000000198e-03 9.979890000000000150e-01 1.877179999999999893e+01
9.978960000000000052e-01 5.947759099999999979e-03 -6.456679999999999364e-02 -9.664390000000000480e-01 -6.279828999999999793e-03 9.999679999999999680e-01 -4.941229600000000312e-03 -3.825310000000000099e-01 6.453540000000000665e-02 5.336310900000000232e-03 9.979010000000000380e-01 1.967859999999999943e+01
9.977949999999999875e-01 5.779409099999999709e-03 -6.612279999999999547e-02 -1.028229999999999977e+00 -6.001188999999999656e-03 9.999770000000000048e-01 -3.155959600000000052e-03 -4.018619999999999970e-01 6.610299999999999510e-02 3.545810899999999807e-03 9.978069999999999995e-01 2.060770000000000124e+01
9.978930000000000300e-01 6.722289099999999816e-03 -6.453499999999999515e-02 -1.095949999999999980e+00 -6.719209000000000293e-03 9.999770000000000048e-01 2.646974000000000180e-04 -4.150099999999999900e-01 6.453530000000000377e-02 1.694869299999999938e-04 9.979160000000000252e-01 2.154159999999999897e+01
9.978890000000000260e-01 7.361489100000000174e-03 -6.451909999999999590e-02 -1.156539999999999901e+00 -7.123049000000000221e-03 9.999670000000000503e-01 3.924870399999999711e-03 -4.318529999999999869e-01 6.454590000000000327e-02 -3.457019100000000011e-03 9.979090000000000460e-01 2.248600000000000065e+01
9.979639999999999622e-01 6.390039099999999736e-03 -6.346499999999999364e-02 -1.218409999999999993e+00 -5.966838999999999824e-03 9.999590000000000423e-01 6.855510399999999692e-03 -4.428710000000000147e-01 6.350619999999999876e-02 -6.462869100000000026e-03 9.979609999999999870e-01 2.342780000000000129e+01
9.981109999999999705e-01 5.620909099999999922e-03 -6.117279999999999940e-02 -1.280229999999999979e+00 -5.148729000000000326e-03 9.999559999999999560e-01 7.873690399999999298e-03 -4.535810000000000120e-01 6.121429999999999927e-02 -7.543849099999999641e-03 9.980959999999999832e-01 2.436159999999999926e+01
9.982309999999999794e-01 6.422739099999999826e-03 -5.911480000000000207e-02 -1.343920000000000003e+00 -6.163829000000000009e-03 9.999710000000000543e-01 4.561200399999999766e-03 -4.665750000000000175e-01 5.914239999999999775e-02 -4.188759099999999833e-03 9.982410000000000450e-01 2.531990000000000052e+01
9.982820000000000027e-01 7.794829100000000115e-03 -5.807949999999999918e-02 -1.400709999999999900e+00 -7.789039000000000205e-03 9.999700000000000255e-01 3.260854099999999805e-04 -4.773149999999999893e-01 5.808019999999999849e-02 1.268589300000000082e-04 9.983119999999999772e-01 2.625700000000000145e+01
9.983349999999999724e-01 7.051479099999999854e-03 -5.725910000000000027e-02 -1.457030000000000047e+00 -7.233579000000000397e-03 9.999689999999999968e-01 -2.973619600000000033e-03 -4.918560000000000154e-01 5.723639999999999978e-02 3.382850900000000053e-03 9.983549999999999924e-01 2.722710000000000008e+01
9.984330000000000149e-01 4.592079100000000247e-03 -5.578199999999999825e-02 -1.517670000000000075e+00 -4.729149000000000200e-03 9.999860000000000415e-01 -2.325479599999999859e-03 -5.088300000000000045e-01 5.577050000000000063e-02 2.585630900000000093e-03 9.984399999999999942e-01 2.819040000000000035e+01
9.984549999999999814e-01 1.922729100000000009e-03 -5.553639999999999965e-02 -1.567260000000000097e+00 -1.762218999999999982e-03 9.999940000000000495e-01 2.938920399999999950e-03 -5.234950000000000436e-01 5.554169999999999940e-02 -2.836509100000000113e-03 9.984520000000000062e-01 2.917220000000000013e+01
9.983880000000000532e-01 -2.432030899999999829e-03 -5.670279999999999765e-02 -1.622889999999999944e+00 2.785530999999999945e-03 9.999770000000000048e-01 6.156120400000000305e-03 -5.369249900000000464e-01 5.668650000000000078e-02 -6.304149099999999811e-03 9.983720000000000372e-01 3.013380000000000081e+01
9.983100000000000307e-01 -1.029300099999999954e-02 -5.720009999999999678e-02 -1.670260000000000078e+00 1.063450099999999933e-02 9.999270000000000103e-01 5.669300399999999650e-03 -5.549429900000000249e-01 5.713759999999999672e-02 -6.268009100000000201e-03 9.983469999999999844e-01 3.112719999999999843e+01
9.982419999999999627e-01 -1.169890099999999940e-02 -5.811340000000000255e-02 -1.729419999999999957e+00 1.182010099999999952e-02 9.999289999999999567e-01 1.743000399999999894e-03 -5.683359900000000131e-01 5.808889999999999887e-02 -2.426849100000000054e-03 9.983090000000000019e-01 3.209479999999999933e+01
9.981809999999999850e-01 -1.192910099999999925e-02 -5.910130000000000244e-02 -1.785590000000000011e+00 1.181320100000000060e-02 9.999280000000000390e-01 -2.309979599999999970e-03 -5.830899899999999469e-01 5.912459999999999938e-02 1.607600899999999918e-03 9.982490000000000530e-01 3.305510000000000304e+01
9.980830000000000535e-01 -1.139930100000000057e-02 -6.083870000000000250e-02 -1.852559999999999985e+00 1.122780100000000079e-02 9.999320000000000430e-01 -3.160089599999999811e-03 -5.959869899999999943e-01 6.087059999999999693e-02 2.470950899999999843e-03 9.981430000000000025e-01 3.405530000000000257e+01
9.980189999999999895e-01 -1.275250099999999942e-02 -6.161420000000000091e-02 -1.918239999999999945e+00 1.267550100000000048e-02 9.999179999999999735e-01 -1.640819599999999946e-03 -6.201859899999999648e-01 6.163010000000000016e-02 8.565799299999999694e-04 9.980989999999999585e-01 3.505870000000000175e+01
9.979489999999999750e-01 -1.038090099999999967e-02 -6.316700000000000093e-02 -1.985309999999999908e+00 1.045920099999999957e-02 9.999449999999999728e-01 9.089884099999999932e-04 -6.311249899999999968e-01 6.315410000000000468e-02 -1.567799099999999963e-03 9.980029999999999735e-01 3.606389999999999674e+01
9.979059999999999597e-01 -8.861100900000000100e-03 -6.407809999999999895e-02 -2.057409999999999961e+00 9.044121000000000452e-03 9.999559999999999560e-01 2.566740399999999783e-03 -6.508799899999999639e-01 6.405249999999999833e-02 -3.140899099999999982e-03 9.979419999999999957e-01 3.706719999999999970e+01
9.978050000000000530e-01 -8.944340900000000150e-03 -6.561369999999999703e-02 -2.126360000000000028e+00 9.275211000000000219e-03 9.999460000000000015e-01 4.739840399999999641e-03 -6.634179900000000130e-01 6.556770000000000653e-02 -5.338009099999999930e-03 9.978339999999999987e-01 3.806510000000000105e+01
9.978399999999999492e-01 -8.761530899999999886e-03 -6.511019999999999308e-02 -2.195199999999999818e+00 9.306961000000000747e-03 9.999240000000000350e-01 8.078440399999999369e-03 -6.853989900000000413e-01 6.503440000000000609e-02 -8.666969099999999662e-03 9.978449999999999820e-01 3.905270000000000152e+01
9.978289999999999660e-01 -3.818020899999999968e-03 -6.574470000000000314e-02 -2.274509999999999810e+00 4.488251000000000393e-03 9.999390000000000223e-01 1.004979999999999936e-02 -6.859629900000000502e-01 6.570239999999999414e-02 -1.032299899999999937e-02 9.977859999999999507e-01 4.007730000000000103e+01
9.978099999999999747e-01 -2.756620899999999864e-03 -6.609149999999999747e-02 -2.343830000000000080e+00 3.403340999999999832e-03 9.999470000000000303e-01 9.674590400000000409e-03 -7.032929900000000067e-01 6.606130000000000335e-02 -9.878329099999999530e-03 9.977669999999999595e-01 4.104999999999999716e+01
9.977979999999999627e-01 -3.599990899999999834e-03 -6.622469999999999746e-02 -2.411439999999999806e+00 4.148200999999999798e-03 9.999580000000000135e-01 8.142430399999999249e-03 -7.139809900000000376e-01 6.619260000000000421e-02 -8.399219100000000771e-03 9.977719999999999922e-01 4.203699999999999903e+01
9.978099999999999747e-01 -2.541279300000000123e-04 -6.614639999999999409e-02 -2.483509999999999884e+00 6.207669599999999848e-04 9.999850000000000128e-01 5.522360399999999732e-03 -7.289159899999999581e-01 6.614390000000000547e-02 -5.551329100000000280e-03 9.977949999999999875e-01 4.304249999999999687e+01
9.977540000000000298e-01 -1.306840899999999958e-03 -6.696839999999999737e-02 -2.554870000000000196e+00 1.688140999999999991e-03 9.999829999999999552e-01 5.637400400000000013e-03 -7.401859899999999604e-01 6.695979999999999988e-02 -5.737789099999999684e-03 9.977390000000000425e-01 4.401879999999999882e+01
9.976810000000000400e-01 -3.575430899999999974e-03 -6.797169999999999601e-02 -2.625449999999999839e+00 4.038530999999999718e-03 9.999700000000000255e-01 6.676840399999999995e-03 -7.558059900000000386e-01 6.794580000000000064e-02 -6.935859100000000416e-03 9.976650000000000240e-01 4.500769999999999982e+01
9.976399999999999713e-01 -3.358390900000000033e-03 -6.857249999999999457e-02 -2.695440000000000058e+00 3.893731000000000102e-03 9.999630000000000463e-01 7.674710399999999655e-03 -7.688719899999999496e-01 6.854419999999999957e-02 -7.923609099999999461e-03 9.976169999999999760e-01 4.600959999999999894e+01
9.975650000000000350e-01 -1.234630900000000106e-03 -6.973569999999999769e-02 -2.770519999999999872e+00 1.600000999999999984e-03 9.999850000000000128e-01 5.183840399999999592e-03 -7.923819899999999805e-01 6.972829999999999306e-02 -5.282789100000000009e-03 9.975519999999999943e-01 4.697590000000000288e+01
9.975589999999999735e-01 6.962700699999999640e-04 -6.983159999999999368e-02 -2.847980000000000178e+00 -6.987550399999999627e-04 1.000000000000000000e+00 -1.116760100000000069e-05 -8.028329899999999686e-01 6.983150000000000468e-02 5.993623100000000203e-05 9.975589999999999735e-01 4.796050000000000324e+01
9.975079999999999503e-01 8.650350700000000465e-04 -7.054499999999999660e-02 -2.922060000000000102e+00 -9.406680400000000299e-04 9.999989999999999712e-01 -1.038929600000000055e-03 -8.215669899999999970e-01 7.054399999999999560e-02 1.102700899999999951e-03 9.975079999999999503e-01 4.893079999999999785e+01
9.974349999999999605e-01 -1.949289299999999985e-04 -7.158159999999999523e-02 -2.989900000000000002e+00 3.428509600000000253e-04 9.999980000000000535e-01 2.054200400000000086e-03 -8.366339900000000496e-01 7.158100000000000573e-02 -2.073469100000000127e-03 9.974330000000000140e-01 4.989950000000000330e+01
9.974309999999999565e-01 -3.560090900000000003e-03 -7.154699999999999949e-02 -3.063860000000000028e+00 3.995470999999999571e-03 9.999740000000000295e-01 5.943070400000000086e-03 -8.593609899999999913e-01 7.152400000000000424e-02 -6.213669100000000257e-03 9.974199999999999733e-01 5.088559999999999661e+01
9.973450000000000371e-01 -4.309480899999999955e-03 -7.269019999999999648e-02 -3.134040000000000159e+00 4.799241000000000097e-03 9.999670000000000503e-01 6.564380400000000004e-03 -8.710289900000000030e-01 7.265950000000000186e-02 -6.895809099999999740e-03 9.973330000000000251e-01 5.184349999999999881e+01
9.973159999999999803e-01 -7.806730900000000313e-03 -7.280799999999999772e-02 -3.210119999999999862e+00 8.218931000000000500e-03 9.999519999999999520e-01 5.363580399999999873e-03 -8.878999899999999723e-01 7.276259999999999672e-02 -5.947579100000000181e-03 9.973319999999999963e-01 5.279500000000000171e+01
9.973340000000000538e-01 -1.052580099999999956e-02 -7.220329999999999804e-02 -3.277480000000000171e+00 1.084160099999999932e-02 9.999329999999999607e-01 3.983280399999999770e-03 -9.104199899999999568e-01 7.215649999999999842e-02 -4.755459099999999675e-03 9.973819999999999908e-01 5.376680000000000348e+01
9.972440000000000193e-01 -1.145040100000000068e-02 -7.330269999999999841e-02 -3.344879999999999853e+00 1.183250100000000048e-02 9.999190000000000023e-01 4.779940400000000020e-03 -9.222429899999999847e-01 7.324189999999999867e-02 -5.634119100000000400e-03 9.972980000000000178e-01 5.470080000000000098e+01
9.971020000000000438e-01 -1.448080099999999974e-02 -7.469109999999999638e-02 -3.411999999999999922e+00 1.520000099999999944e-02 9.998430000000000373e-01 9.070450399999999136e-03 -9.331549799999999673e-01 7.454810000000000603e-02 -1.017949899999999984e-02 9.971659999999999968e-01 5.567320000000000135e+01
9.970149999999999846e-01 -1.678580099999999950e-02 -7.536220000000000419e-02 -3.480140000000000011e+00 1.787560100000000138e-02 9.997449999999999948e-01 1.380930000000000005e-02 -9.526809800000000106e-01 7.511120000000000296e-02 -1.511519899999999930e-02 9.970609999999999751e-01 5.661560000000000059e+01
9.969930000000000181e-01 -1.519620099999999946e-02 -7.599540000000000461e-02 -3.554959999999999898e+00 1.646050099999999891e-02 9.997359999999999580e-01 1.603819999999999898e-02 -9.532629799999999820e-01 7.573159999999999614e-02 -1.724089900000000050e-02 9.969789999999999486e-01 5.754869999999999663e+01
9.969029999999999836e-01 -1.426990099999999977e-02 -7.733149999999999746e-02 -3.638040000000000163e+00 1.530790100000000049e-02 9.998000000000000220e-01 1.284719999999999959e-02 -9.630859800000000082e-01 7.713280000000000136e-02 -1.399119899999999930e-02 9.969230000000000036e-01 5.850789999999999935e+01
9.968209999999999571e-01 -1.160090100000000027e-02 -7.882569999999999855e-02 -3.713699999999999779e+00 1.204580100000000008e-02 9.999139999999999695e-01 5.171350400000000042e-03 -9.755699799999999478e-01 7.875890000000000668e-02 -6.104429100000000226e-03 9.968749999999999556e-01 5.940059999999999718e+01
9.967709999999999626e-01 -9.894240900000000200e-03 -7.969179999999999320e-02 -3.794130000000000003e+00 9.914331000000000185e-03 9.999510000000000343e-01 -1.434566100000000055e-04 -9.979339799999999983e-01 7.968930000000000458e-02 -6.470980699999999679e-04 9.968200000000000394e-01 6.031369999999999720e+01
9.967080000000000384e-01 -5.091500900000000412e-03 -8.091629999999999656e-02 -3.877019999999999911e+00 5.111321000000000267e-03 9.999869999999999592e-01 3.777018900000000295e-05 -1.006629999999999914e+00 8.091510000000000369e-02 -4.512350700000000172e-04 9.967209999999999681e-01 6.122630000000000194e+01
9.966869999999999896e-01 -2.890340899999999796e-03 -8.128240000000000465e-02 -3.959140000000000104e+00 3.113270999999999920e-03 9.999919999999999920e-01 2.616020399999999854e-03 -1.027830000000000021e+00 8.127410000000000190e-02 -2.860409099999999989e-03 9.966880000000000184e-01 6.210300000000000153e+01
9.965690000000000381e-01 -1.037440900000000023e-03 -8.275720000000000298e-02 -4.042810000000000237e+00 1.395991000000000072e-03 9.999900000000000455e-01 4.274740400000000100e-03 -1.049449999999999994e+00 8.275200000000000611e-02 -4.375599099999999582e-03 9.965610000000000301e-01 6.301180000000000092e+01
9.965629999999999766e-01 7.961980699999999600e-04 -8.283369999999999622e-02 -4.118599999999999817e+00 -4.520800299999999834e-04 9.999909999999999632e-01 4.173020399999999644e-03 -1.065320000000000045e+00 8.283630000000000160e-02 -4.121229100000000159e-03 9.965549999999999686e-01 6.387579999999999814e+01
9.964070000000000427e-01 1.885399100000000093e-03 -8.466990000000000627e-02 -4.195030000000000037e+00 -1.497239000000000035e-03 9.999879999999999880e-01 4.647700400000000405e-03 -1.081890000000000018e+00 8.467769999999999464e-02 -4.504229099999999819e-03 9.963980000000000059e-01 6.472110000000000696e+01
9.963220000000000409e-01 2.664929099999999943e-03 -8.564529999999999366e-02 -4.271919999999999717e+00 -2.249428999999999838e-03 9.999850000000000128e-01 4.947540400000000407e-03 -1.099639999999999951e+00 8.565720000000000278e-02 -4.736689100000000124e-03 9.963140000000000329e-01 6.556789999999999452e+01
9.961790000000000367e-01 2.650229100000000074e-03 -8.729090000000000460e-02 -4.350550000000000139e+00 -2.146098999999999837e-03 9.999810000000000088e-01 5.868650399999999698e-03 -1.117189999999999905e+00 8.730480000000000185e-02 -5.658889099999999880e-03 9.961659999999999959e-01 6.638450000000000273e+01
9.960309999999999997e-01 2.945379100000000173e-03 -8.895720000000000016e-02 -4.421330000000000204e+00 -2.347998999999999920e-03 9.999740000000000295e-01 6.819280399999999749e-03 -1.133110000000000062e+00 8.897499999999999853e-02 -6.583339100000000152e-03 9.960120000000000084e-01 6.718559999999999377e+01
9.958519999999999595e-01 5.241929099999999807e-03 -9.083339999999999470e-02 -4.505729999999999791e+00 -4.416808999999999839e-03 9.999470000000000303e-01 9.282560400000000600e-03 -1.144470000000000098e+00 9.087720000000000520e-02 -8.842869099999999330e-03 9.958230000000000137e-01 6.801309999999999434e+01
9.957610000000000072e-01 6.441409099999999971e-03 -9.175750000000000572e-02 -4.595810000000000173e+00 -5.267708999999999760e-03 9.999010000000000398e-01 1.302790000000000024e-02 -1.152959999999999985e+00 9.183230000000000559e-02 -1.248929900000000058e-02 9.956960000000000255e-01 6.879399999999999693e+01
9.955969999999999542e-01 8.129729100000000069e-03 -9.338440000000000629e-02 -4.671730000000000160e+00 -6.755449000000000176e-03 9.998639999999999750e-01 1.502309999999999930e-02 -1.161859999999999893e+00 9.349380000000000190e-02 -1.432609900000000012e-02 9.955169999999999852e-01 6.956270000000000664e+01
9.954990000000000228e-01 1.119889900000000001e-02 -9.411100000000000021e-02 -4.755930000000000213e+00 -1.019579900000000018e-02 9.998860000000000525e-01 1.113220000000000008e-02 -1.176520000000000010e+00 9.422500000000000320e-02 -1.012259899999999949e-02 9.955000000000000515e-01 7.029970000000000141e+01
9.953389999999999738e-01 1.226329900000000007e-02 -9.565949999999999454e-02 -4.830110000000000348e+00 -1.196149900000000044e-02 9.999219999999999775e-01 3.727270400000000112e-03 -1.190679999999999961e+00 9.569769999999999666e-02 -2.565669100000000057e-03 9.954070000000000418e-01 7.103159999999999741e+01
9.952670000000000128e-01 1.108789900000000002e-02 -9.655030000000000556e-02 -4.904630000000000045e+00 -1.136689899999999975e-02 9.999329999999999607e-01 -2.340339600000000079e-03 -1.207359999999999989e+00 9.651790000000000369e-02 3.426740900000000041e-03 9.953250000000000153e-01 7.173619999999999663e+01
9.951989999999999448e-01 1.339779900000000017e-02 -9.695299999999999752e-02 -4.977240000000000109e+00 -1.385029899999999994e-02 9.998960000000000070e-01 -3.995569600000000235e-03 -1.217670000000000030e+00 9.688940000000000052e-02 5.319210900000000304e-03 9.952809999999999713e-01 7.241570000000000107e+01
9.950329999999999453e-01 1.418349900000000045e-02 -9.853489999999999471e-02 -5.049959999999999560e+00 -1.432699899999999998e-02 9.998970000000000358e-01 -7.491656299999999635e-04 -1.233070000000000110e+00 9.851409999999999334e-02 2.157160899999999853e-03 9.951330000000000453e-01 7.310250000000000625e+01
9.949329999999999563e-01 1.370229899999999938e-02 -9.960430000000000672e-02 -5.120630000000000237e+00 -1.360769899999999914e-02 9.999059999999999615e-01 1.628620400000000031e-03 -1.255819999999999936e+00 9.961730000000000584e-02 -2.649860699999999781e-04 9.950259999999999661e-01 7.375149999999999295e+01
9.948839999999999906e-01 1.104649899999999955e-02 -1.004160000000000053e-01 -5.179909999999999570e+00 -1.122979900000000038e-02 9.999360000000000470e-01 -1.260459600000000003e-03 -1.274499999999999966e+00 1.003949999999999981e-01 2.381660900000000160e-03 9.949449999999999683e-01 7.436780000000000257e+01
9.949409999999999643e-01 4.225829099999999991e-03 -1.003760000000000069e-01 -5.235360000000000014e+00 -4.868848999999999747e-03 9.999689999999999968e-01 -6.161969599999999984e-03 -1.297020000000000062e+00 1.003460000000000046e-01 6.619510900000000198e-03 9.949310000000000098e-01 7.497969999999999402e+01
9.950710000000000388e-01 4.050810699999999979e-04 -9.916160000000000252e-02 -5.294789999999999885e+00 -1.510318999999999984e-03 9.999379999999999935e-01 -1.107099999999999924e-02 -1.315549999999999997e+00 9.915090000000000015e-02 1.116620100000000060e-02 9.950099999999999500e-01 7.558599999999999852e+01
9.953650000000000553e-01 1.780299099999999978e-03 -9.615060000000000273e-02 -5.347719999999999807e+00 -2.901069000000000044e-03 9.999299999999999855e-01 -1.151789999999999932e-02 -1.332869999999999999e+00 9.612329999999999486e-02 1.174350099999999994e-02 9.952999999999999625e-01 7.614459999999999695e+01
9.957340000000000080e-01 6.886189099999999626e-03 -9.201460000000000194e-02 -5.408870000000000289e+00 -7.736039000000000110e-03 9.999310000000000143e-01 -8.882499599999999634e-03 -1.342959999999999932e+00 9.194710000000000383e-02 9.556440899999999253e-03 9.957179999999999920e-01 7.670480000000000587e+01
9.961470000000000047e-01 5.690139099999999908e-03 -8.751849999999999907e-02 -5.457620000000000360e+00 -6.239218999999999841e-03 9.999630000000000463e-01 -6.001639599999999790e-03 -1.364549999999999930e+00 8.748110000000000608e-02 6.524560900000000302e-03 9.961449999999999472e-01 7.726130000000000564e+01
9.966650000000000231e-01 1.142909099999999930e-03 -8.159349999999999936e-02 -5.494849999999999568e+00 -1.290638999999999892e-03 9.999980000000000535e-01 -1.757749600000000061e-03 -1.378749999999999920e+00 8.159130000000000549e-02 1.857190899999999973e-03 9.966639999999999944e-01 7.779919999999999902e+01
9.973250000000000171e-01 -3.864290900000000133e-03 -7.299410000000000620e-02 -5.523439999999999905e+00 3.999161000000000209e-03 9.999909999999999632e-01 1.701590399999999923e-03 -1.400770000000000071e+00 7.298689999999999345e-02 -1.988949099999999873e-03 9.973309999999999675e-01 7.833549999999999613e+01
9.980769999999999920e-01 -4.453369299999999768e-04 -6.199070000000000275e-02 -5.553079999999999572e+00 5.680889599999999718e-04 9.999980000000000535e-01 1.962560400000000049e-03 -1.414469999999999894e+00 6.198970000000000175e-02 -1.994009100000000180e-03 9.980750000000000455e-01 7.883960000000000434e+01
9.989010000000000389e-01 4.444369099999999698e-03 -4.666920000000000096e-02 -5.581599999999999895e+00 -4.381579000000000029e-03 9.999890000000000168e-01 1.447640399999999957e-03 -1.423559999999999937e+00 4.667509999999999715e-02 -1.241559099999999969e-03 9.989090000000000469e-01 7.934040000000000248e+01
9.995770000000000488e-01 8.950329099999999524e-03 -2.768659999999999871e-02 -5.595290000000000319e+00 -8.903899099999999442e-03 9.999590000000000423e-01 1.799650399999999997e-03 -1.428949999999999942e+00 2.770159999999999983e-02 -1.552379100000000033e-03 9.996150000000000313e-01 7.982930000000000348e+01
9.999500000000000055e-01 7.882969099999999688e-03 -6.181690000000000101e-03 -5.582629999999999981e+00 -7.868349099999999777e-03 9.999660000000000215e-01 2.384650500000000048e-03 -1.440630000000000077e+00 6.200279999999999854e-03 -2.335889099999999882e-03 9.999780000000000335e-01 8.030280000000000484e+01
9.997850000000000348e-01 3.760469099999999825e-03 2.038680000000000006e-02 -5.552730000000000388e+00 -3.831499099999999963e-03 9.999869999999999592e-01 3.445940499999999938e-03 -1.454010000000000025e+00 -2.037349999999999925e-02 -3.523319100000000051e-03 9.997859999999999525e-01 8.077490000000000236e+01
9.987549999999999484e-01 2.407309099999999872e-03 4.983560000000000073e-02 -5.510329999999999728e+00 -2.661219099999999858e-03 9.999839999999999840e-01 5.029340499999999936e-03 -1.463980000000000059e+00 -4.982269999999999754e-02 -5.155699100000000167e-03 9.987449999999999939e-01 8.121200000000000330e+01
9.965760000000000174e-01 1.570589100000000090e-03 8.267289999999999361e-02 -5.450800000000000090e+00 -2.113099099999999828e-03 9.999770000000000048e-01 6.475040500000000220e-03 -1.472539999999999960e+00 -8.266080000000000649e-02 -6.627559100000000349e-03 9.965559999999999974e-01 8.166100000000000136e+01
9.926629999999999621e-01 1.206959100000000104e-03 1.209110000000000046e-01 -5.372169999999999668e+00 -2.079449100000000175e-03 9.999730000000000008e-01 7.090100600000000426e-03 -1.480979999999999963e+00 -1.208990000000000065e-01 -7.289509100000000040e-03 9.926380000000000203e-01 8.211079999999999757e+01
9.868019999999999570e-01 9.879800700000000019e-04 1.619279999999999886e-01 -5.275000000000000355e+00 -2.297739200000000100e-03 9.999660000000000215e-01 7.901460600000000112e-03 -1.487379999999999924e+00 -1.619150000000000034e-01 -8.169249099999999555e-03 9.867709999999999537e-01 8.253010000000000446e+01
9.783039999999999514e-01 4.136140700000000194e-04 2.071739999999999970e-01 -5.159370000000000012e+00 -2.081339199999999827e-03 9.999670000000000503e-01 7.831980599999999876e-03 -1.495239999999999903e+00 -2.071639999999999870e-01 -8.093249099999999877e-03 9.782729999999999482e-01 8.294549999999999557e+01
9.667480000000000517e-01 2.069389100000000072e-03 2.557240000000000069e-01 -5.017220000000000013e+00 -3.774549199999999941e-03 9.999740000000000295e-01 6.177370700000000409e-03 -1.504099999999999993e+00 -2.557050000000000156e-01 -6.937199100000000264e-03 9.667299999999999782e-01 8.336079999999999757e+01
9.516580000000000039e-01 2.636999100000000148e-03 3.071490000000000054e-01 -4.856119999999999770e+00 -4.207469299999999808e-03 9.999810000000000088e-01 4.451010699999999841e-03 -1.515030000000000099e+00 -3.071309999999999873e-01 -5.528159099999999972e-03 9.516510000000000247e-01 8.372509999999999764e+01
9.320709999999999829e-01 2.443869100000000023e-03 3.622670000000000057e-01 -4.669030000000000236e+00 -3.606329299999999800e-03 9.999900000000000455e-01 2.532680800000000100e-03 -1.522980000000000000e+00 -3.622569999999999957e-01 -3.667089100000000147e-03 9.320709999999999829e-01 8.411050000000000182e+01
9.082310000000000105e-01 2.711659099999999979e-03 4.184620000000000006e-01 -4.470620000000000260e+00 -3.520739299999999829e-03 9.999930000000000208e-01 1.161390800000000048e-03 -1.529349999999999987e+00 -4.184550000000000214e-01 -2.528109100000000206e-03 9.082339999999999858e-01 8.444350000000000023e+01
8.798380000000000090e-01 2.960939100000000140e-03 4.752649999999999930e-01 -4.248899999999999899e+00 -2.990389400000000118e-03 9.999949999999999672e-01 -6.940621500000000070e-04 -1.528210000000000068e+00 -4.752649999999999930e-01 -8.105660700000000230e-04 8.798430000000000417e-01 8.476990000000000691e+01
8.465070000000000094e-01 6.899400700000000433e-04 5.323780000000000179e-01 -3.992090000000000138e+00 3.230605400000000245e-04 9.999980000000000535e-01 -1.809639100000000073e-03 -1.541690000000000005e+00 -5.323780000000000179e-01 1.703860900000000057e-03 8.465049999999999519e-01 8.509269999999999357e+01
8.103690000000000060e-01 -3.138463100000000251e-05 5.859199999999999964e-01 -3.733900000000000219e+00 1.802130500000000048e-03 9.999949999999999672e-01 -2.438899100000000049e-03 -1.550329999999999986e+00 -5.859170000000000211e-01 3.032310900000000174e-03 8.103650000000000020e-01 8.536010000000000275e+01
7.708049999999999624e-01 -2.051630899999999907e-03 6.370679999999999676e-01 -3.443109999999999893e+00 3.338020399999999839e-03 9.999940000000000495e-01 -8.183440499999999462e-04 -1.562510000000000066e+00 -6.370620000000000172e-01 2.757330899999999984e-03 7.708080000000000487e-01 8.563880000000000337e+01
7.284319999999999684e-01 -3.051650899999999809e-03 6.851110000000000255e-01 -3.168330000000000091e+00 2.508460399999999819e-03 9.999949999999999672e-01 1.787140999999999903e-03 -1.564710000000000045e+00 -6.851140000000000008e-01 4.167609299999999847e-04 7.284359999999999724e-01 8.587749999999999773e+01
6.832150000000000167e-01 -4.171190899999999840e-03 7.302049999999999930e-01 -2.859570000000000167e+00 3.236650299999999873e-03 9.999909999999999632e-01 2.683941000000000018e-03 -1.567679999999999962e+00 -7.302100000000000257e-01 5.297059299999999681e-04 6.832230000000000247e-01 8.610479999999999734e+01
6.355840000000000378e-01 -6.022760900000000139e-03 7.720080000000000275e-01 -2.524239999999999817e+00 6.846560199999999867e-03 9.999740000000000295e-01 2.164530999999999920e-03 -1.576140000000000096e+00 -7.720010000000000483e-01 3.909860900000000118e-03 6.356089999999999796e-01 8.632540000000000191e+01
5.877369999999999539e-01 -8.919990900000000777e-03 8.090030000000000276e-01 -2.205740000000000034e+00 1.131910000000000034e-02 9.999320000000000430e-01 2.801861000000000108e-03 -1.589820000000000011e+00 -8.089730000000000532e-01 7.510450899999999985e-03 5.877980000000000427e-01 8.648430000000000462e+01
5.409680000000000044e-01 -7.193380899999999960e-03 8.410130000000000106e-01 -1.854139999999999899e+00 9.908870099999999778e-03 9.999489999999999768e-01 2.179080999999999813e-03 -1.596000000000000085e+00 -8.409849999999999826e-01 7.154670900000000000e-03 5.410110000000000197e-01 8.665579999999999927e+01
4.934089999999999865e-01 -4.509130899999999956e-03 8.697859999999999481e-01 -1.529630000000000045e+00 6.423340100000000073e-03 9.999780000000000335e-01 1.540261000000000017e-03 -1.599180000000000046e+00 -8.697740000000000471e-01 4.826960899999999804e-03 4.934270000000000045e-01 8.679739999999999611e+01
4.487749999999999795e-01 -2.629950900000000130e-03 8.936410000000000187e-01 -1.182229999999999892e+00 4.703979999999999967e-03 9.999890000000000168e-01 5.806480399999999634e-04 -1.606659999999999977e+00 -8.936319999999999819e-01 3.943090899999999663e-03 4.487829999999999875e-01 8.691769999999999641e+01
4.076640000000000263e-01 -4.785340899999999779e-03 9.131190000000000140e-01 -8.134759999999999769e-01 1.183099999999999950e-02 9.999299999999999855e-01 -4.171566000000000168e-05 -1.608200000000000074e+00 -9.130549999999999500e-01 1.082020099999999978e-02 4.076930000000000276e-01 8.703730000000000189e+01
3.691090000000000204e-01 -1.329150100000000070e-02 9.292909999999999782e-01 -4.570830000000000171e-01 2.569319999999999937e-02 9.996620000000000505e-01 4.092850999999999781e-03 -1.621210000000000040e+00 -9.290310000000000512e-01 2.236570100000000172e-02 3.693259999999999876e-01 8.711440000000000339e+01
3.349820000000000020e-01 -1.759400100000000147e-02 9.420600000000000085e-01 -9.205679599999999629e-02 3.144750000000000323e-02 9.994769999999999488e-01 7.484031000000000364e-03 -1.620090000000000030e+00 -9.416999999999999815e-01 2.711840100000000031e-02 3.353599999999999914e-01 8.720239999999999725e+01
3.028390000000000248e-01 -1.409930099999999985e-02 9.529379999999999518e-01 2.785719999999999863e-01 2.796109999999999915e-02 9.995920000000000361e-01 5.903690999999999973e-03 -1.627170000000000005e+00 -9.526320000000000343e-01 2.485740100000000119e-02 3.031090000000000173e-01 8.730270000000000152e+01
2.731199999999999739e-01 -5.736240899999999962e-03 9.619630000000000125e-01 6.367159999999999487e-01 1.762669999999999862e-02 9.998439999999999550e-01 9.575490199999999504e-04 -1.632139999999999924e+00 -9.618179999999999508e-01 1.669470099999999929e-02 2.731790000000000052e-01 8.740279999999999916e+01
2.454840000000000078e-01 -4.932679300000000029e-04 9.694009999999999572e-01 1.022480000000000055e+00 1.194220000000000004e-02 9.999259999999999815e-01 -2.515358999999999998e-03 -1.645040000000000058e+00 -9.693270000000000497e-01 1.219430099999999940e-02 2.454709999999999948e-01 8.748829999999999529e+01
2.202070000000000138e-01 6.989440699999999998e-04 9.754530000000000145e-01 1.420169999999999932e+00 1.345389999999999954e-02 9.999019999999999575e-01 -3.753658999999999902e-03 -1.657589999999999897e+00 -9.753600000000000048e-01 1.395020100000000061e-02 2.201760000000000106e-01 8.755440000000000111e+01
1.981459999999999888e-01 1.807389099999999992e-03 9.801710000000000145e-01 1.812640000000000029e+00 2.110659999999999967e-02 9.997589999999999533e-01 -6.110288999999999651e-03 -1.664560000000000040e+00 -9.799449999999999550e-01 2.189880099999999899e-02 1.980600000000000138e-01 8.761190000000000566e+01
1.781200000000000006e-01 7.106239099999999906e-03 9.839830000000000521e-01 2.212479999999999780e+00 2.764660000000000034e-02 9.995429999999999593e-01 -1.222319900000000056e-02 -1.669550000000000090e+00 -9.836200000000000498e-01 2.938100100000000034e-02 1.778430000000000011e-01 8.766060000000000230e+01
1.571170000000000067e-01 1.436719900000000064e-02 9.874760000000000204e-01 2.637199999999999989e+00 2.756640000000000132e-02 9.994410000000000238e-01 -1.892739900000000100e-02 -1.666160000000000085e+00 -9.871950000000000447e-01 3.019490099999999969e-02 1.566329999999999945e-01 8.771160000000000423e+01
1.387980000000000047e-01 1.548559899999999920e-02 9.901999999999999691e-01 3.083699999999999886e+00 2.506919999999999982e-02 9.995020000000000016e-01 -1.914509899999999876e-02 -1.675270000000000037e+00 -9.900029999999999664e-01 2.748080099999999915e-02 1.383409999999999918e-01 8.776980000000000359e+01
1.237790000000000001e-01 1.117369900000000048e-02 9.922469999999999901e-01 3.526949999999999807e+00 2.584660000000000082e-02 9.995610000000000328e-01 -1.448029900000000030e-02 -1.686679999999999957e+00 -9.919729999999999936e-01 2.743850100000000056e-02 1.234350000000000031e-01 8.782479999999999620e+01
1.094910000000000050e-01 7.604459099999999645e-03 9.939590000000000369e-01 4.002360000000000362e+00 2.646580000000000113e-02 9.995939999999999825e-01 -1.056289900000000059e-02 -1.705160000000000009e+00 -9.936350000000000460e-01 2.746240100000000087e-02 1.092449999999999949e-01 8.786419999999999675e+01
9.748160000000000158e-02 5.213309099999999773e-03 9.952239999999999975e-01 4.478769999999999918e+00 2.781619999999999926e-02 9.995810000000000528e-01 -7.960718999999999781e-03 -1.719770000000000021e+00 -9.948489999999999833e-01 2.845930099999999935e-02 9.729580000000000173e-02 8.790370000000000061e+01
