1.000000000000000000e+00 0.000000000000000000e+00 0.000000000000000000e+00 0.000000000000000000e+00 0.000000000000000000e+00 1.000000000000000000e+00 0.000000000000000000e+00 0.000000000000000000e+00 0.000000000000000000e+00 0.000000000000000000e+00 1.000000000000000000e+00 0.000000000000000000e+00 0.000000000000000000e+00 0.000000000000000000e+00 0.000000000000000000e+00 1.000000000000000000e+00
9.999940400000000285e-01 -2.983274199999999803e-03 -1.740626699999999914e-03 6.896256800000000187e-01 2.978018800000000084e-03 9.999910199999999527e-01 -3.014124700000000209e-03 -3.999879800000000186e-04 1.749602999999999966e-03 3.008923100000000187e-03 9.999939399999999701e-01 7.424768400000000129e-03 0.000000000000000000e+00 0.000000000000000000e+00 0.000000000000000000e+00 1.000000000000000000e+00
9.999700000000000255e-01 -7.172163799999999902e-03 -2.925277400000000135e-03 1.388699799999999929e+00 7.166438300000000337e-03 9.999723900000000443e-01 -1.963072399999999870e-03 1.224263499999999998e-02 2.939276099999999815e-03 1.942049699999999967e-03 9.999937899999999935e-01 9.439832999999999905e-03 0.000000000000000000e+00 0.000000000000000000e+00 0.000000000000000000e+00 1.000000000000000000e+00
9.999247100000000499e-01 -1.129268800000000038e-02 -4.801069600000000027e-03 2.104148900000000211e+00 1.128556699999999982e-02 9.999351800000000345e-01 -1.507617099999999976e-03 2.607992099999999897e-02 4.817783499999999698e-03 1.453320799999999972e-03 9.999873400000000023e-01 1.240035100000000043e-02 0.000000000000000000e+00 0.000000000000000000e+00 0.000000000000000000e+00 1.000000000000000000e+00
9.998557000000000139e-01 -1.606466000000000144e-02 -5.522865099999999666e-03 2.835709200000000152e+00 1.606699500000000058e-02 9.998708499999999777e-01 3.786572899999999966e-04 4.318523600000000184e-02 5.516068800000000112e-03 -4.673384999999999844e-04 9.999846799999999591e-01 1.332236699999999989e-02 0.000000000000000000e+00 0.000000000000000000e+00 0.000000000000000000e+00 1.000000000000000000e+00
9.997788499999999967e-01 -2.026196200000000142e-02 -5.629851200000000021e-03 3.581075600000000136e+00 2.025707100000000149e-02 9.997943799999999825e-01 -9.243071299999999942e-04 6.243204399999999904e-02 5.647421799999999964e-03 8.100584300000000185e-04 9.999837299999999596e-01 2.203594299999999881e-02 0.000000000000000000e+00 0.000000000000000000e+00 0.000000000000000000e+00 1.000000000000000000e+00
9.996627799999999731e-01 -2.515673900000000088e-02 -6.440034499999999600e-03 4.343041499999999999e+00 2.515885199999999891e-02 9.996834399999999787e-01 2.473508400000000267e-04 8.443329500000000543e-02 6.431773299999999673e-03 -4.092912999999999890e-04 9.999792299999999967e-01 3.018045199999999997e-02 0.000000000000000000e+00 0.000000000000000000e+00 0.000000000000000000e+00 1.000000000000000000e+00
9.995196800000000215e-01 -3.011938899999999988e-02 -7.296650299999999680e-03 5.114435199999999959e+00 3.014567900000000161e-02 9.995393200000000089e-01 3.520176399999999997e-03 1.155124500000000026e-01 7.187263299999999827e-03 -3.738448100000000152e-03 9.999671799999999555e-01 4.403854199999999997e-02 0.000000000000000000e+00 0.000000000000000000e+00 0.000000000000000000e+00 1.000000000000000000e+00
9.993828700000000342e-01 -3.453452900000000131e-02 -6.422870500000000399e-03 5.908420300000000402e+00 3.456924499999999845e-02 9.993878499999999665e-01 5.374867400000000323e-03 1.481296199999999896e-01 6.233320199999999728e-03 -5.593584199999999604e-03 9.999649299999999741e-01 4.554441199999999940e-02 0.000000000000000000e+00 0.000000000000000000e+00 0.000000000000000000e+00 1.000000000000000000e+00
9.992389699999999486e-01 -3.882725399999999855e-02 -3.732958499999999933e-03 6.714965699999999593e+00 3.884761800000000043e-02 9.992297500000000277e-01 5.546957299999999598e-03 1.884411800000000137e-01 3.514710099999999917e-03 -5.687752400000000048e-03 9.999776500000000512e-01 5.474049000000000276e-02 0.000000000000000000e+00 0.000000000000000000e+00 0.000000000000000000e+00 1.000000000000000000e+00
9.990952100000000113e-01 -4.251855300000000060e-02 -9.627106900000000382e-04 7.524183899999999703e+00 4.252190100000000084e-02 9.990883999999999876e-01 3.775206900000000008e-03 2.192430200000000107e-01 8.013167499999999813e-04 -3.812727399999999833e-03 9.999924100000000537e-01 6.119121200000000177e-02 0.000000000000000000e+00 0.000000000000000000e+00 0.000000000000000000e+00 1.000000000000000000e+00
9.989840399999999621e-01 -4.505100100000000024e-02 -1.139258100000000015e-03 8.338524899999999462e+00 4.505557200000000206e-02 9.989749300000000387e-01 4.368530199999999877e-03 2.674926300000000090e-01 9.412836599999999717e-04 -4.415421899999999976e-03 9.999898099999999790e-01 6.986146599999999707e-02 0.000000000000000000e+00 0.000000000000000000e+00 0.000000000000000000e+00 1.000000000000000000e+00
9.988854600000000028e-01 -4.716311000000000114e-02 -1.867404100000000060e-03 9.163247000000000142e+00 4.717048299999999916e-02 9.988783399999999757e-01 4.123767900000000278e-03 3.087513000000000063e-01 1.670819800000000093e-03 -4.207258200000000246e-03 9.999897500000000106e-01 7.074569899999999523e-02 0.000000000000000000e+00 0.000000000000000000e+00 0.000000000000000000e+00 1.000000000000000000e+00
9.987918999999999548e-01 -4.910256400000000132e-02 -1.917270999999999906e-03 9.999356799999999268e+00 4.910650600000000116e-02 9.987914100000000461e-01 2.066282599999999785e-03 3.472378099999999801e-01 1.813493999999999913e-03 -2.157936799999999895e-03 9.999960300000000357e-01 8.008584800000000115e-02 0.000000000000000000e+00 0.000000000000000000e+00 0.000000000000000000e+00 1.000000000000000000e+00
9.986855700000000224e-01 -5.123978199999999761e-02 -1.269247000000000040e-03 1.084629200000000004e+01 5.124227600000000327e-02 9.986842099999999611e-01 2.017620500000000087e-03 3.911460299999999779e-01 1.164194500000000077e-03 -2.080007599999999807e-03 9.999971600000000516e-01 8.318998299999999513e-02 0.000000000000000000e+00 0.000000000000000000e+00 0.000000000000000000e+00 1.000000000000000000e+00
9.986203200000000058e-01 -5.249691799999999658e-02 -1.234483399999999897e-03 1.170327400000000040e+01 5.249492800000000320e-02 9.986199199999999943e-01 -1.592887999999999986e-03 4.439188099999999970e-01 1.316401399999999949e-03 1.525886300000000055e-03 9.999979700000000138e-01 9.058856499999999590e-02 0.000000000000000000e+00 0.000000000000000000e+00 0.000000000000000000e+00 1.000000000000000000e+00
9.985238899999999695e-01 -5.419304300000000324e-02 -3.626648899999999984e-03 1.256326100000000068e+01 5.419766599999999851e-02 9.985295199999999483e-01 1.188716299999999920e-03 4.905039700000000114e-01 3.556895799999999861e-03 -1.383517599999999894e-03 9.999927199999999461e-01 9.561182299999999856e-02 0.000000000000000000e+00 0.000000000000000000e+00 0.000000000000000000e+00 1.000000000000000000e+00
9.984332299999999494e-01 -5.561466999999999800e-02 -6.171996400000000042e-03 1.342912500000000087e+01 5.563336299999999818e-02 9.984470600000000529e-01 2.899351499999999835e-03 5.468405899999999598e-01 6.001165200000000213e-03 -3.238177799999999908e-03 9.999767499999999698e-01 1.058755400000000041e-01 0.000000000000000000e+00 0.000000000000000000e+00 0.000000000000000000e+00 1.000000000000000000e+00
9.983510500000000176e-01 -5.684134999999999882e-02 -8.015301000000000717e-03 1.431498799999999960e+01 5.689647600000000138e-02 9.983567500000000150e-01 6.825868100000000160e-03 6.116363500000000508e-01 7.614138299999999998e-03 -7.270655000000000000e-03 9.999445799999999718e-01 1.165372100000000022e-01 0.000000000000000000e+00 0.000000000000000000e+00 0.000000000000000000e+00 1.000000000000000000e+00
9.982582500000000136e-01 -5.843856099999999998e-02 -8.086756500000000236e-03 1.519809200000000082e+01 5.850374800000000125e-02 9.982545400000000235e-01 8.073717399999999489e-03 6.669036999999999882e-01 7.600825000000000289e-03 -8.532760500000000081e-03 9.999347100000000044e-01 1.252863999999999922e-01 0.000000000000000000e+00 0.000000000000000000e+00 0.000000000000000000e+00 1.000000000000000000e+00
9.982018499999999461e-01 -5.958558299999999752e-02 -6.529029799999999835e-03 1.609600299999999962e+01 5.963193900000000186e-02 9.981948099999999879e-01 7.151551600000000120e-03 7.211919300000000366e-01 6.091114299999999572e-03 -7.528030699999999596e-03 9.999531099999999784e-01 1.391611299999999940e-01 0.000000000000000000e+00 0.000000000000000000e+00 0.000000000000000000e+00 1.000000000000000000e+00
9.981301099999999593e-01 -6.090555599999999958e-02 -5.175749099999999922e-03 1.699815100000000001e+01 6.093965199999999693e-02 9.981189200000000206e-01 6.707122599999999595e-03 7.810314900000000504e-01 4.757512099999999799e-03 -7.009989399999999593e-03 9.999641099999999616e-01 1.493736800000000087e-01 0.000000000000000000e+00 0.000000000000000000e+00 0.000000000000000000e+00 1.000000000000000000e+00
9.980588700000000424e-01 -6.210459100000000066e-02 -4.637079599999999885e-03 1.790538300000000049e+01 6.213521999999999795e-02 9.980447000000000068e-01 6.782385699999999955e-03 8.422295600000000437e-01 4.206795400000000289e-03 -7.057346200000000000e-03 9.999662499999999454e-01 1.649896200000000035e-01 0.000000000000000000e+00 0.000000000000000000e+00 0.000000000000000000e+00 1.000000000000000000e+00
9.979860600000000082e-01 -6.318660900000000469e-02 -5.593028699999999694e-03 1.881534200000000112e+01 6.322163899999999614e-02 9.979794699999999796e-01 6.324881200000000148e-03 9.022715399999999830e-01 5.182080000000000367e-03 -6.665743699999999820e-03 9.999643599999999966e-01 1.711331600000000064e-01 0.000000000000000000e+00 0.000000000000000000e+00 0.000000000000000000e+00 1.000000000000000000e+00
9.978841000000000516e-01 -6.480242199999999841e-02 -5.288397499999999973e-03 1.971631999999999962e+01 6.483477799999999569e-02 9.978767800000000188e-01 6.194965299999999862e-03 9.843483299999999936e-01 4.875720299999999723e-03 -6.524729400000000082e-03 9.999668299999999732e-01 1.832539400000000041e-01 0.000000000000000000e+00 0.000000000000000000e+00 0.000000000000000000e+00 1.000000000000000000e+00
9.978671099999999461e-01 -6.513938299999999515e-02 -4.254240099999999879e-03 2.065411999999999892e+01 6.516267900000000113e-02 9.978590099999999907e-01 5.588279300000000352e-03 1.030357799999999990e+00 3.881114699999999983e-03 -5.853577799999999838e-03 9.999753399999999903e-01 1.967117100000000118e-01 0.000000000000000000e+00 0.000000000000000000e+00 0.000000000000000000e+00 1.000000000000000000e+00
9.979052999999999951e-01 -6.468308000000000391e-02 -1.051004900000000004e-03 2.158327200000000090e+01 6.468820000000000126e-02 9.978878899999999996e-01 5.932878400000000073e-03 1.094239699999999926e+00 6.650282400000000335e-04 -5.988438399999999710e-03 9.999818499999999499e-01 2.025794399999999995e-01 0.000000000000000000e+00 0.000000000000000000e+00 0.000000000000000000e+00 1.000000000000000000e+00
9.979287700000000205e-01 -6.428069000000000144e-02 2.482484400000000216e-03 2.251423099999999877e+01 6.426238099999999343e-02 9.979094600000000259e-01 6.859828299999999775e-03 1.162030300000000071e+00 -2.918249199999999998e-03 -6.686089600000000299e-03 9.999733899999999620e-01 2.098692799999999914e-01 0.000000000000000000e+00 0.000000000000000000e+00 0.000000000000000000e+00 1.000000000000000000e+00
9.980111099999999791e-01 -6.280191100000000193e-02 5.454742599999999608e-03 2.345739800000000130e+01 6.276854399999999556e-02 9.980095500000000230e-01 6.086897200000000036e-03 1.215235700000000030e+00 -5.826154000000000055e-03 -5.732404699999999777e-03 9.999666000000000388e-01 2.148129799999999867e-01 0.000000000000000000e+00 0.000000000000000000e+00 0.000000000000000000e+00 1.000000000000000000e+00
9.981559800000000537e-01 -6.035454400000000302e-02 6.478195800000000233e-03 2.439868200000000087e+01 6.032791199999999743e-02 9.981696500000000194e-01 4.230662100000000085e-03 1.279642900000000028e+00 -6.721678099999999628e-03 -3.832044599999999933e-03 9.999700700000000442e-01 2.181647899999999973e-01 0.000000000000000000e+00 0.000000000000000000e+00 0.000000000000000000e+00 1.000000000000000000e+00
9.982025199999999820e-01 -5.981814099999999829e-02 3.677883099999999881e-03 2.535151600000000016e+01 5.979790200000000000e-02 9.981959700000000435e-01 5.386611399999999619e-03 1.343406499999999948e+00 -3.993465199999999930e-03 -5.156999399999999921e-03 9.999787300000000378e-01 2.209078700000000062e-01 0.000000000000000000e+00 0.000000000000000000e+00 0.000000000000000000e+00 1.000000000000000000e+00
9.983113799999999705e-01 -5.808067900000000311e-02 -1.014115099999999929e-03 2.629815400000000025e+01 5.808665899999999882e-02 9.982834900000000511e-01 7.483702099999999663e-03 1.403557600000000072e+00 5.777158400000000256e-04 -7.529971499999999623e-03 9.999714800000000237e-01 2.271174699999999880e-01 0.000000000000000000e+00 0.000000000000000000e+00 0.000000000000000000e+00 1.000000000000000000e+00
9.983610699999999616e-01 -5.707755700000000099e-02 -4.161886699999999863e-03 2.726068799999999825e+01 5.710926200000000091e-02 9.983363200000000548e-01 7.944820499999999744e-03 1.461154599999999970e+00 3.701491700000000135e-03 -8.169481799999999544e-03 9.999597799999999648e-01 2.335796599999999945e-01 0.000000000000000000e+00 0.000000000000000000e+00 0.000000000000000000e+00 1.000000000000000000e+00
9.984197000000000211e-01 -5.610880900000000254e-02 -3.148038100000000172e-03 2.823744699999999952e+01 5.612662399999999996e-02 9.984062900000000296e-01 5.889116300000000331e-03 1.519862999999999964e+00 2.812589800000000161e-03 -6.056498399999999706e-03 9.999776999999999694e-01 2.443051499999999987e-01 0.000000000000000000e+00 0.000000000000000000e+00 0.000000000000000000e+00 1.000000000000000000e+00
9.984136099999999514e-01 -5.626591699999999863e-02 2.098347500000000143e-03 2.921384099999999862e+01 5.626044399999999973e-02 9.984127900000000500e-01 2.581818499999999784e-03 1.573532900000000012e+00 -2.240285399999999982e-03 -2.459668800000000197e-03 9.999944699999999687e-01 2.472850500000000062e-01 0.000000000000000000e+00 0.000000000000000000e+00 0.000000000000000000e+00 1.000000000000000000e+00
9.983572200000000452e-01 -5.698552199999999679e-02 5.958525299999999775e-03 3.018733100000000036e+01 5.700072899999999998e-02 9.983712200000000037e-01 -2.414081099999999813e-03 1.627330799999999966e+00 -5.811252499999999994e-03 2.749755600000000199e-03 9.999793300000000551e-01 2.514368100000000106e-01 0.000000000000000000e+00 0.000000000000000000e+00 0.000000000000000000e+00 1.000000000000000000e+00
9.982919099999999490e-01 -5.811265699999999812e-02 6.015705799999999936e-03 3.117998899999999907e+01 5.817234799999999872e-02 9.982536800000000321e-01 -1.027485399999999993e-02 1.678251600000000066e+00 -5.408101400000000364e-03 1.060725099999999983e-02 9.999291200000000046e-01 2.616267600000000138e-01 0.000000000000000000e+00 0.000000000000000000e+00 0.000000000000000000e+00 1.000000000000000000e+00
9.982326400000000044e-01 -5.938870499999999997e-02 2.138093599999999969e-03 3.215638799999999975e+01 5.940851400000000254e-02 9.981746999999999703e-01 -1.085813400000000019e-02 1.734504999999999963e+00 -1.489340399999999941e-03 1.096596399999999992e-02 9.999387600000000376e-01 2.654061200000000231e-01 0.000000000000000000e+00 0.000000000000000000e+00 0.000000000000000000e+00 1.000000000000000000e+00
9.981391099999999961e-01 -6.094892200000000260e-02 -1.885584600000000033e-03 3.313586999999999705e+01 6.092823800000000262e-02 9.980963099999999866e-01 -9.565714100000000802e-03 1.795934200000000036e+00 2.465015000000000088e-03 9.433027999999999552e-03 9.999524699999999822e-01 2.752785999999999844e-01 0.000000000000000000e+00 0.000000000000000000e+00 0.000000000000000000e+00 1.000000000000000000e+00
9.980141500000000443e-01 -6.292842399999999670e-02 -2.785829300000000185e-03 3.412934299999999865e+01 6.290134199999999898e-02 9.979798300000000122e-01 -8.926831799999999928e-03 1.865601700000000029e+00 3.341952899999999903e-03 8.733872099999999764e-03 9.999562699999999804e-01 2.765449300000000221e-01 0.000000000000000000e+00 0.000000000000000000e+00 0.000000000000000000e+00 1.000000000000000000e+00
9.979634099999999952e-01 -6.378393100000000204e-02 -8.011162700000000513e-04 3.514541599999999733e+01 6.377115399999999656e-02 9.979028599999999471e-01 -1.109575200000000039e-02 1.932557499999999928e+00 1.507166899999999978e-03 1.102206699999999998e-02 9.999381200000000414e-01 2.920114500000000057e-01 0.000000000000000000e+00 0.000000000000000000e+00 0.000000000000000000e+00 1.000000000000000000e+00
9.978775800000000418e-01 -6.509591800000000261e-02 1.688533299999999977e-03 3.613940800000000309e+01 6.510878800000000077e-02 9.978354999999999864e-01 -9.228254400000000107e-03 2.005212199999999889e+00 -1.084156800000000021e-03 9.318606499999999848e-03 9.999559900000000168e-01 2.923801899999999843e-01 0.000000000000000000e+00 0.000000000000000000e+00 0.000000000000000000e+00 1.000000000000000000e+00
9.978143499999999610e-01 -6.601463600000000154e-02 2.930623199999999890e-03 3.714625999999999806e+01 6.603288499999999950e-02 9.977953400000000306e-01 -6.641895200000000159e-03 2.080784899999999826e+00 -2.485699799999999907e-03 6.820895900000000303e-03 9.999736500000000472e-01 3.079652099999999892e-01 0.000000000000000000e+00 0.000000000000000000e+00 0.000000000000000000e+00 1.000000000000000000e+00
9.977291799999999933e-01 -6.714591799999999888e-02 5.283196999999999893e-03 3.814286799999999999e+01 6.718068800000000229e-02 9.977182999999999469e-01 -6.704679600000000052e-03 2.148263800000000057e+00 -4.820950400000000198e-03 7.044383300000000084e-03 9.999635700000000238e-01 3.081234600000000157e-01 0.000000000000000000e+00 0.000000000000000000e+00 0.000000000000000000e+00 1.000000000000000000e+00
9.977250500000000022e-01 -6.687608400000000231e-02 8.503744299999999381e-03 3.914761099999999772e+01 6.692982699999999729e-02 9.977384200000000147e-01 -6.200411599999999628e-03 2.222588299999999961e+00 -8.069853099999999696e-03 6.755460100000000058e-03 9.999446199999999507e-01 3.207390600000000203e-01 0.000000000000000000e+00 0.000000000000000000e+00 0.000000000000000000e+00 1.000000000000000000e+00
9.976611399999999463e-01 -6.755569100000000105e-02 1.041569900000000048e-02 4.015719299999999947e+01 6.758009199999999439e-02 9.977118299999999662e-01 -2.008429400000000080e-03 2.301601799999999809e+00 -1.025618600000000047e-02 2.707625899999999836e-03 9.999437399999999698e-01 3.125577900000000020e-01 0.000000000000000000e+00 0.000000000000000000e+00 0.000000000000000000e+00 1.000000000000000000e+00
9.976566599999999729e-01 -6.767418499999999781e-02 1.006908299999999951e-02 4.115233700000000283e+01 6.769087599999999705e-02 9.977054600000000439e-01 -1.325774299999999935e-03 2.374278400000000122e+00 -9.956258500000000553e-03 2.004252700000000009e-03 9.999484299999999992e-01 3.168405899999999775e-01 0.000000000000000000e+00 0.000000000000000000e+00 0.000000000000000000e+00 1.000000000000000000e+00
9.976815199999999884e-01 -6.752762299999999496e-02 8.462277199999999888e-03 4.214393499999999904e+01 6.754151799999999484e-02 9.977155300000000171e-01 -1.366841500000000103e-03 2.446072700000000211e+00 -8.350645800000000563e-03 1.935227600000000072e-03 9.999632600000000204e-01 3.219572199999999884e-01 0.000000000000000000e+00 0.000000000000000000e+00 0.000000000000000000e+00 1.000000000000000000e+00
9.977199599999999613e-01 -6.724934000000000467e-02 5.691932799999999647e-03 4.315200500000000261e+01 6.723344800000000121e-02 9.977329400000000126e-01 2.939095200000000144e-03 2.520456900000000111e+00 -5.876681100000000386e-03 -2.549705599999999971e-03 9.999794800000000317e-01 3.259766900000000134e-01 0.000000000000000000e+00 0.000000000000000000e+00 0.000000000000000000e+00 1.000000000000000000e+00
9.976564399999999777e-01 -6.817794800000000210e-02 5.778512799999999811e-03 4.413241800000000126e+01 6.816702800000000451e-02 9.976717800000000080e-01 2.066277500000000215e-03 2.592984799999999979e+00 -5.905933700000000168e-03 -1.667531000000000091e-03 9.999811699999999748e-01 3.278666199999999975e-01 0.000000000000000000e+00 0.000000000000000000e+00 0.000000000000000000e+00 1.000000000000000000e+00
9.975791899999999490e-01 -6.915646400000000082e-02 7.289877299999999831e-03 4.511531699999999745e+01 6.916291600000000483e-02 9.976051799999999803e-01 -6.364526699999999496e-04 2.662374199999999913e+00 -7.228404499999999643e-03 1.139101100000000037e-03 9.999732300000000462e-01 3.353601099999999890e-01 0.000000000000000000e+00 0.000000000000000000e+00 0.000000000000000000e+00 1.000000000000000000e+00
9.975281499999999468e-01 -6.978397100000000020e-02 8.233837600000000131e-03 4.611606299999999692e+01 6.979295800000000216e-02 9.975611699999999971e-01 -8.089205500000000524e-04 2.736597199999999841e+00 -8.157307000000000793e-03 1.381584900000000027e-03 9.999657699999999760e-01 3.335820700000000083e-01 0.000000000000000000e+00 0.000000000000000000e+00 0.000000000000000000e+00 1.000000000000000000e+00
9.975048199999999587e-01 -7.039305499999999605e-02 5.380895299999999791e-03 4.708807699999999841e+01 7.039125100000000190e-02 9.975193199999999871e-01 5.240698700000000470e-04 2.811078000000000188e+00 -5.404437899999999656e-03 -1.439942699999999958e-04 9.999853899999999740e-01 3.462336699999999934e-01 0.000000000000000000e+00 0.000000000000000000e+00 0.000000000000000000e+00 1.000000000000000000e+00
9.974761500000000058e-01 -7.100208299999999362e-02 2.018367199999999929e-04 4.807912600000000225e+01 7.100105299999999453e-02 9.974709299999999779e-01 3.254937800000000121e-03 2.888337100000000213e+00 -4.324336199999999873e-04 -3.232392199999999799e-03 9.999946800000000247e-01 3.473830399999999763e-01 0.000000000000000000e+00 0.000000000000000000e+00 0.000000000000000000e+00 1.000000000000000000e+00
9.974315599999999948e-01 -7.162171800000000088e-02 -7.859839900000000282e-04 4.904202699999999737e+01 7.162409100000000084e-02 9.974252500000000410e-01 3.586198699999999882e-03 2.964065600000000078e+00 5.271105700000000126e-04 -3.633283100000000206e-03 9.999932599999999949e-01 3.606412399999999741e-01 0.000000000000000000e+00 0.000000000000000000e+00 0.000000000000000000e+00 1.000000000000000000e+00
9.974105899999999858e-01 -7.186312100000000203e-02 2.795064700000000121e-03 5.001094299999999748e+01 7.185441100000000691e-02 9.974103100000000222e-01 3.101135799999999929e-03 3.037057700000000082e+00 -3.010683599999999880e-03 -2.892267999999999922e-03 9.999912899999999771e-01 3.659594899999999984e-01 0.000000000000000000e+00 0.000000000000000000e+00 0.000000000000000000e+00 1.000000000000000000e+00
9.973906599999999845e-01 -7.190969599999999518e-02 6.392133099999999964e-03 5.100834300000000354e+01 7.191549899999999385e-02 9.974104900000000384e-01 -6.823038600000000224e-04 3.108619299999999974e+00 -6.326516299999999579e-03 1.140216899999999976e-03 9.999793399999999943e-01 3.792539200000000221e-01 0.000000000000000000e+00 0.000000000000000000e+00 0.000000000000000000e+00 1.000000000000000000e+00
9.973583999999999783e-01 -7.229156800000000049e-02 7.081323599999999815e-03 5.195521699999999754e+01 7.230360700000000584e-02 9.973815999999999793e-01 -1.458690600000000104e-03 3.181731300000000040e+00 -6.957330900000000158e-03 1.966842600000000101e-03 9.999738599999999922e-01 3.789081100000000202e-01 0.000000000000000000e+00 0.000000000000000000e+00 0.000000000000000000e+00 1.000000000000000000e+00
9.973748300000000455e-01 -7.214816200000000179e-02 6.171102399999999627e-03 5.291618400000000122e+01 7.217444600000000321e-02 9.973834000000000310e-01 -4.147862199999999624e-03 3.253496300000000119e+00 -5.855694499999999567e-03 4.582369200000000267e-03 9.999723600000000046e-01 3.908566099999999932e-01 0.000000000000000000e+00 0.000000000000000000e+00 0.000000000000000000e+00 1.000000000000000000e+00
9.973499900000000196e-01 -7.257612900000000311e-02 5.070275699999999761e-03 5.389517699999999678e+01 7.261261300000000640e-02 9.973325699999999738e-01 -7.425870499999999950e-03 3.316282699999999917e+00 -4.517810199999999776e-03 7.774357800000000242e-03 9.999595700000000198e-01 3.999387799999999937e-01 0.000000000000000000e+00 0.000000000000000000e+00 0.000000000000000000e+00 1.000000000000000000e+00
9.972720900000000555e-01 -7.354316900000000545e-02 6.307598499999999934e-03 5.483183100000000110e+01 7.359328699999999335e-02 9.972552799999999662e-01 -8.120080400000000143e-03 3.392407500000000020e+00 -5.693109499999999754e-03 8.562126399999999901e-03 9.999471399999999566e-01 4.042206500000000147e-01 0.000000000000000000e+00 0.000000000000000000e+00 0.000000000000000000e+00 1.000000000000000000e+00
9.971758600000000250e-01 -7.437387700000000490e-02 1.043253000000000062e-02 5.581537399999999849e+01 7.448765499999999984e-02 9.971615099999999732e-01 -1.097752700000000081e-02 3.460424399999999956e+00 -9.586476000000000025e-03 1.172362000000000057e-02 9.998853199999999664e-01 4.072355799999999859e-01 0.000000000000000000e+00 0.000000000000000000e+00 0.000000000000000000e+00 1.000000000000000000e+00
9.970429299999999939e-01 -7.518598599999999632e-02 1.588929700000000014e-02 5.675354500000000257e+01 7.541741300000000259e-02 9.970465499999999759e-01 -1.450477799999999942e-02 3.524566599999999994e+00 -1.475181300000000077e-02 1.566021600000000111e-02 9.997685400000000389e-01 4.134687100000000171e-01 0.000000000000000000e+00 0.000000000000000000e+00 0.000000000000000000e+00 1.000000000000000000e+00
9.969563200000000069e-01 -7.583473899999999823e-02 1.808841900000000141e-02 5.770497499999999746e+01 7.606963099999999867e-02 9.970219999999999638e-01 -1.267089100000000010e-02 3.605051800000000028e+00 -1.707365799999999850e-02 1.400830399999999920e-02 9.997561000000000364e-01 4.028230700000000053e-01 0.000000000000000000e+00 0.000000000000000000e+00 0.000000000000000000e+00 1.000000000000000000e+00
9.969459600000000199e-01 -7.676301500000000388e-02 1.435963600000000027e-02 5.865050699999999750e+01 7.693052200000000118e-02 9.969701300000000099e-01 -1.150026399999999963e-02 3.687020599999999870e+00 -1.343333300000000043e-02 1.256983599999999916e-02 9.998307600000000406e-01 4.083871800000000163e-01 0.000000000000000000e+00 0.000000000000000000e+00 0.000000000000000000e+00 1.000000000000000000e+00
9.969095500000000332e-01 -7.828530499999999948e-02 6.539136200000000149e-03 5.955736999999999881e+01 7.833905300000000571e-02 9.968912800000000463e-01 -8.412936299999999867e-03 3.762774299999999794e+00 -5.860198599999999827e-03 8.899206200000000719e-03 9.999432299999999607e-01 4.105558799999999842e-01 0.000000000000000000e+00 0.000000000000000000e+00 0.000000000000000000e+00 1.000000000000000000e+00
9.968779300000000232e-01 -7.894712099999999511e-02 1.317495500000000078e-03 6.047397000000000133e+01 7.895400900000000555e-02 9.968574700000000233e-01 -6.438478299999999752e-03 3.843154699999999924e+00 -8.050558899999999633e-04 6.522398500000000168e-03 9.999784000000000450e-01 4.210548900000000150e-01 0.000000000000000000e+00 0.000000000000000000e+00 0.000000000000000000e+00 1.000000000000000000e+00
9.968116299999999486e-01 -7.977857500000000435e-02 1.394233099999999965e-03 6.139573000000000036e+01 7.978018100000000556e-02 9.968118299999999543e-01 -1.136819500000000021e-03 3.925706599999999824e+00 -1.299094200000000055e-03 1.244426999999999990e-03 9.999983799999999645e-01 4.199795299999999898e-01 0.000000000000000000e+00 0.000000000000000000e+00 0.000000000000000000e+00 1.000000000000000000e+00
9.967202400000000351e-01 -8.084266299999999517e-02 3.637265399999999906e-03 6.229181899999999672e+01 8.084102799999999533e-02 9.967268299999999526e-01 5.944836500000000388e-04 4.008301600000000242e+00 -3.673419700000000055e-03 -2.984936099999999917e-04 9.999932099999999657e-01 4.311373600000000250e-01 0.000000000000000000e+00 0.000000000000000000e+00 0.000000000000000000e+00 1.000000000000000000e+00
9.966051999999999689e-01 -8.216474899999999526e-02 5.199221099999999998e-03 6.317228200000000271e+01 8.215486800000000589e-02 9.966173900000000474e-01 2.086699200000000087e-03 4.090103199999999717e+00 -5.353087299999999965e-03 -1.652473900000000096e-03 9.999843099999999874e-01 4.401113899999999912e-01 0.000000000000000000e+00 0.000000000000000000e+00 0.000000000000000000e+00 1.000000000000000000e+00
9.965460600000000113e-01 -8.290455700000000372e-02 4.773241999999999589e-03 6.406042300000000012e+01 8.288362100000000454e-02 9.965493899999999794e-01 4.428874699999999984e-03 4.165384600000000326e+00 -5.123945300000000078e-03 -4.017953999999999797e-03 9.999787999999999455e-01 4.518088299999999946e-01 0.000000000000000000e+00 0.000000000000000000e+00 0.000000000000000000e+00 1.000000000000000000e+00
9.964121599999999912e-01 -8.445707500000000645e-02 5.460251000000000167e-03 6.489983700000000510e+01 8.442927399999999860e-02 9.964162399999999531e-01 5.136371399999999955e-03 4.241783700000000046e+00 -5.874485700000000275e-03 -4.656937800000000155e-03 9.999719000000000246e-01 4.577285899999999907e-01 0.000000000000000000e+00 0.000000000000000000e+00 0.000000000000000000e+00 1.000000000000000000e+00
9.962942599999999871e-01 -8.578131199999999845e-02 6.270592099999999780e-03 6.575371699999999464e+01 8.574369099999999688e-02 9.962989100000000375e-01 6.040981400000000091e-03 4.320978799999999787e+00 -6.765587400000000126e-03 -5.480931300000000186e-03 9.999620900000000256e-01 4.655306000000000166e-01 0.000000000000000000e+00 0.000000000000000000e+00 0.000000000000000000e+00 1.000000000000000000e+00
9.961548000000000069e-01 -8.735379799999999639e-02 6.702269000000000282e-03 6.656916099999999403e+01 8.731547900000000140e-02 9.961637599999999537e-01 5.811984899999999947e-03 4.396171500000000343e+00 -7.184256400000000112e-03 -5.204424800000000302e-03 9.999606500000000064e-01 4.746239300000000272e-01 0.000000000000000000e+00 0.000000000000000000e+00 0.000000000000000000e+00 1.000000000000000000e+00
9.960589699999999880e-01 -8.836487799999999393e-02 7.627564300000000408e-03 6.738315400000000466e+01 8.831858600000000448e-02 9.960729400000000178e-01 6.206959700000000413e-03 4.473509400000000191e+00 -8.146087600000000845e-03 -5.508842199999999974e-03 9.999516499999999697e-01 4.806179300000000265e-01 0.000000000000000000e+00 0.000000000000000000e+00 0.000000000000000000e+00 1.000000000000000000e+00
9.959165899999999905e-01 -8.972750300000000012e-02 9.955474500000000351e-03 6.819095500000000243e+01 8.964589800000000164e-02 9.959386000000000072e-01 8.361861300000000483e-03 4.549094900000000052e+00 -1.066533000000000064e-02 -7.435248999999999678e-03 9.999154799999999677e-01 4.846790799999999844e-01 0.000000000000000000e+00 0.000000000000000000e+00 0.000000000000000000e+00 1.000000000000000000e+00
9.957409999999999872e-01 -9.116423999999999361e-02 1.374540200000000031e-02 6.897459700000000282e+01 9.103388599999999442e-02 9.957992799999999534e-01 9.829560700000000012e-03 4.631724700000000361e+00 -1.458376599999999974e-02 -8.536399300000000606e-03 9.998572100000000518e-01 4.854794000000000054e-01 0.000000000000000000e+00 0.000000000000000000e+00 0.000000000000000000e+00 1.000000000000000000e+00
9.955496700000000532e-01 -9.295954100000000664e-02 1.547214400000000017e-02 6.974791700000000105e+01 9.278632200000000441e-02 9.956189100000000236e-01 1.156179199999999956e-02 4.710318400000000238e+00 -1.647913800000000081e-02 -1.007473499999999959e-02 9.998134499999999925e-01 4.856173500000000032e-01 0.000000000000000000e+00 0.000000000000000000e+00 0.000000000000000000e+00 1.000000000000000000e+00
9.954994099999999735e-01 -9.403155900000000067e-02 1.178966000000000042e-02 7.050007800000000202e+01 9.385937099999999700e-02 9.954813799999999713e-01 1.439551900000000072e-02 4.791028800000000309e+00 -1.309002000000000082e-02 -1.322416099999999990e-02 9.998268700000000342e-01 4.944385099999999977e-01 0.000000000000000000e+00 0.000000000000000000e+00 0.000000000000000000e+00 1.000000000000000000e+00
9.954199099999999634e-01 -9.552211200000000624e-02 3.837570800000000056e-03 7.123072600000000421e+01 9.544656399999999763e-02 9.952971299999999744e-01 1.654013600000000042e-02 4.869231899999999946e+00 -5.399471900000000178e-03 -1.609809800000000166e-02 9.998558400000000512e-01 4.941488099999999939e-01 0.000000000000000000e+00 0.000000000000000000e+00 0.000000000000000000e+00 1.000000000000000000e+00
9.953442200000000017e-01 -9.636251599999999529e-02 -2.034824299999999850e-03 7.194475199999999404e+01 9.638285900000000128e-02 9.952132500000000492e-01 1.615347899999999837e-02 4.941005600000000442e+00 4.684942300000000202e-04 -1.627439400000000105e-02 9.998674499999999910e-01 5.032494800000000268e-01 0.000000000000000000e+00 0.000000000000000000e+00 0.000000000000000000e+00 1.000000000000000000e+00
9.952705800000000158e-01 -9.707778000000000240e-02 -3.517241899999999817e-03 7.263149199999999439e+01 9.712476800000000021e-02 9.951184199999999480e-01 1.749587299999999859e-02 5.018216899999999647e+00 1.801611700000000076e-03 -1.775473899999999855e-02 9.998407499999999448e-01 5.056985699999999584e-01 0.000000000000000000e+00 0.000000000000000000e+00 0.000000000000000000e+00 1.000000000000000000e+00
9.952159200000000316e-01 -9.769960199999999650e-02 -2.356467700000000132e-04 7.331740399999999624e+01 9.768634499999999388e-02 9.950349299999999841e-01 1.904899399999999965e-02 5.089325299999999608e+00 -1.626602300000000098e-03 -1.898088100000000153e-02 9.998185200000000439e-01 5.177081599999999728e-01 0.000000000000000000e+00 0.000000000000000000e+00 0.000000000000000000e+00 1.000000000000000000e+00
9.950989099999999477e-01 -9.885616899999999374e-02 2.370132300000000157e-03 7.397117199999999571e+01 9.879784499999999525e-02 9.949441399999999769e-01 1.803185800000000130e-02 5.159166100000000199e+00 -4.140709700000000035e-03 -1.770931900000000114e-02 9.998346000000000178e-01 5.300429199999999730e-01 0.000000000000000000e+00 0.000000000000000000e+00 0.000000000000000000e+00 1.000000000000000000e+00
9.949821300000000202e-01 -1.000505899999999948e-01 -6.593979600000000017e-04 7.459866599999999437e+01 1.000492600000000010e-01 9.948705300000000307e-01 1.492576600000000003e-02 5.223137200000000036e+00 -8.373161400000000412e-04 -1.491684300000000081e-02 9.998883899999999603e-01 5.386862100000000542e-01 0.000000000000000000e+00 0.000000000000000000e+00 0.000000000000000000e+00 1.000000000000000000e+00
9.949746800000000002e-01 -1.000086099999999978e-01 -4.863715299999999894e-03 7.521007500000000334e+01 1.000466299999999975e-01 9.949478899999999459e-01 8.328835099999999311e-03 5.276735799999999976e+00 4.006188100000000404e-03 -8.773578400000000763e-03 9.999534900000000004e-01 5.541612599999999889e-01 0.000000000000000000e+00 0.000000000000000000e+00 0.000000000000000000e+00 1.000000000000000000e+00
9.950792499999999707e-01 -9.862087299999999779e-02 -9.550694199999999398e-03 7.580175199999999336e+01 9.866119099999999531e-02 9.951136499999999607e-01 3.845461499999999842e-03 5.332011299999999565e+00 9.124783399999999295e-03 -4.768821799999999750e-03 9.999470000000000303e-01 5.598896399999999662e-01 0.000000000000000000e+00 0.000000000000000000e+00 0.000000000000000000e+00 1.000000000000000000e+00
9.953443299999999994e-01 -9.586896100000000254e-02 -9.939970100000000697e-03 7.638432600000000150e+01 9.593215300000000612e-02 9.953692600000000335e-01 6.087322499999999782e-03 5.393102200000000401e+00 9.310355399999999462e-03 -7.012544699999999701e-03 9.999320699999999507e-01 5.726311400000000384e-01 0.000000000000000000e+00 0.000000000000000000e+00 0.000000000000000000e+00 1.000000000000000000e+00
9.957649299999999926e-01 -9.160809100000000260e-02 -7.755857100000000150e-03 7.695014799999999866e+01 9.169413499999999606e-02 9.957198999999999911e-01 1.157910699999999994e-02 5.454213499999999826e+00 6.661921300000000004e-03 -1.224123499999999962e-02 9.999028800000000494e-01 5.764230799999999766e-01 0.000000000000000000e+00 0.000000000000000000e+00 0.000000000000000000e+00 1.000000000000000000e+00
9.962145900000000109e-01 -8.681726600000000404e-02 -4.386726999999999987e-03 7.751009600000000432e+01 8.685877699999999813e-02 9.961665800000000237e-01 1.037731300000000086e-02 5.507398900000000097e+00 3.468980999999999888e-03 -1.071905599999999938e-02 9.999365300000000456e-01 5.884769600000000489e-01 0.000000000000000000e+00 0.000000000000000000e+00 0.000000000000000000e+00 1.000000000000000000e+00
9.966833299999999785e-01 -8.137660800000000305e-02 4.215008500000000185e-04 7.804683699999999646e+01 8.137242100000000034e-02 9.966643099999999977e-01 6.228281500000000179e-03 5.542022799999999805e+00 -9.269312699999999842e-04 -6.173325900000000213e-03 9.999805200000000394e-01 6.011717800000000445e-01 0.000000000000000000e+00 0.000000000000000000e+00 0.000000000000000000e+00 1.000000000000000000e+00
9.973289499999999919e-01 -7.289344600000000063e-02 4.638651300000000248e-03 7.858023099999999772e+01 7.288798200000000393e-02 9.973392399999999602e-01 1.336424300000000004e-03 5.573782900000000318e+00 -4.723725500000000403e-03 -9.947526800000001078e-04 9.999883499999999703e-01 6.178039300000000011e-01 0.000000000000000000e+00 0.000000000000000000e+00 0.000000000000000000e+00 1.000000000000000000e+00
9.980382599999999549e-01 -6.243837099999999946e-02 4.590675599999999995e-03 7.909148100000000170e+01 6.241436499999999943e-02 9.980367799999999567e-01 5.198824900000000200e-03 5.609786399999999951e+00 -4.906269300000000097e-03 -4.902102099999999796e-03 9.999759499999999468e-01 6.262466599999999550e-01 0.000000000000000000e+00 0.000000000000000000e+00 0.000000000000000000e+00 1.000000000000000000e+00
9.988617300000000032e-01 -4.753297699999999709e-02 3.981532900000000173e-03 7.959247499999999320e+01 4.748915799999999660e-02 9.988169900000000156e-01 1.045900800000000054e-02 5.642822100000000063e+00 -4.473970499999999594e-03 -1.025802299999999979e-02 9.999373799999999868e-01 6.283771299999999504e-01 0.000000000000000000e+00 0.000000000000000000e+00 0.000000000000000000e+00 1.000000000000000000e+00
9.995566700000000360e-01 -2.941849499999999937e-02 4.584498600000000423e-03 8.008708099999999774e+01 2.934350399999999942e-02 9.994469200000000164e-01 1.564621600000000098e-02 5.665471499999999772e+00 -5.042251099999999799e-03 -1.550475400000000080e-02 9.998670800000000192e-01 6.279204200000000347e-01 0.000000000000000000e+00 0.000000000000000000e+00 0.000000000000000000e+00 1.000000000000000000e+00
9.999563599999999886e-01 -7.542561599999999915e-03 5.512096200000000251e-03 8.055900300000000414e+01 7.462075000000000305e-03 9.998673200000000039e-01 1.447933799999999958e-02 5.658582799999999580e+00 -5.620576199999999592e-03 -1.443757499999999937e-02 9.998799800000000015e-01 6.322501999999999844e-01 0.000000000000000000e+00 0.000000000000000000e+00 0.000000000000000000e+00 1.000000000000000000e+00
9.997968900000000492e-01 1.888332499999999942e-02 7.042142300000000035e-03 8.103962699999999586e+01 -1.895644800000000074e-02 9.997655300000000134e-01 1.046565200000000063e-02 5.637887400000000326e+00 -6.842864899999999591e-03 -1.059702099999999987e-02 9.999204400000000215e-01 6.408747900000000275e-01 0.000000000000000000e+00 0.000000000000000000e+00 0.000000000000000000e+00 1.000000000000000000e+00
9.988111499999999809e-01 4.792073300000000008e-02 8.938089600000000828e-03 8.148409399999999891e+01 -4.800334700000000177e-02 9.988041600000000519e-01 9.269331400000000581e-03 5.605192999999999870e+00 -8.483207899999999427e-03 -9.687369799999999767e-03 9.999170899999999529e-01 6.448959600000000458e-01 0.000000000000000000e+00 0.000000000000000000e+00 0.000000000000000000e+00 1.000000000000000000e+00
9.966632899999999795e-01 8.088265599999999722e-02 1.096758200000000003e-02 8.192926400000000342e+01 -8.098359700000000438e-02 9.966739500000000307e-01 9.094189600000000123e-03 5.554121000000000308e+00 -1.019554100000000067e-02 -9.952039100000000665e-03 9.998985000000000234e-01 6.465398500000000270e-01 0.000000000000000000e+00 0.000000000000000000e+00 0.000000000000000000e+00 1.000000000000000000e+00
