1.000000000000000000e+00 2.913379922575276979e-20 4.590313295792192093e-19 -1.734723475976807094e-18 -6.261863542354637145e-20 9.999999999999998890e-01 -6.330134287930294276e-19 0.000000000000000000e+00 4.237510047997225383e-19 -1.023580445057161425e-19 1.000000000000000222e+00 0.000000000000000000e+00
9.999897629161159651e-01 -3.217934272262011099e-03 -3.180011724040528003e-03 3.780020104917089160e-03 3.211973662892068839e-03 9.999930833197999691e-01 -1.877689646664550994e-03 -7.710624491862695662e-03 3.186031941173774525e-03 1.867456304733440282e-03 9.999931837640840815e-01 6.862916999207812063e-01
9.999696923581913310e-01 -2.011762282333070823e-03 -7.521100336628639207e-03 -1.956896947393236413e-03 1.986981372182595584e-03 9.999925827589687399e-01 -3.300860985809966289e-03 -1.267501994100594942e-02 7.527684689225431700e-03 3.285816758272102657e-03 9.999662648828401279e-01 1.385501014568230715e+00
9.999350037785520451e-01 -1.805051400996722814e-03 -1.125771179353314382e-02 -1.448616812338534079e-02 1.751939936054433501e-03 9.999873008031581190e-01 -4.725862243819329254e-03 -1.784570385003577536e-02 1.126609861996759332e-02 4.705832235242971007e-03 9.999254654182898605e-01 2.103371796257416992e+00
9.998704686806196840e-01 2.178907110846464766e-04 -1.609327973019846619e-02 -2.468422180507158156e-02 -3.040318905174456627e-04 9.999856423572482944e-01 -5.350366525045236951e-03 -2.277128574551246648e-02 1.609188176774763515e-02 5.354566386953995595e-03 9.998561789621321916e-01 2.832961387859629809e+00
9.997828988812980100e-01 -5.850074729504406565e-04 -2.082824685431372905e-02 -3.711538714451273480e-02 4.692827211682464418e-04 9.999844300782875228e-01 -5.560597827037146688e-03 -3.253223327679007765e-02 2.083117447452453863e-02 5.549616224965499625e-03 9.997676010404147329e-01 3.585680171128117877e+00
9.996858291074870451e-01 6.003053199766626583e-04 -2.505777835093872183e-02 -5.976398221872339378e-02 -7.654381047639266045e-04 9.999780550475171337e-01 -6.581010132458871113e-03 -4.533460168444827104e-02 2.505327713689462638e-02 6.598122693251475858e-03 9.996643458449957498e-01 4.345402656861239166e+00
9.995387831399691336e-01 3.846867271685994790e-03 -3.012359935022606780e-02 -8.536570232103482536e-02 -4.064359622823861956e-03 9.999660885006361744e-01 -7.162105948850700475e-03 -5.862058349039261929e-02 3.009502486788542125e-02 7.281235731910607259e-03 9.995205183593949272e-01 5.125579744937119209e+00
9.993858049400463628e-01 5.475579054651932669e-03 -3.461259132829361956e-02 -1.118908857846925564e-01 -5.690549121114970958e-03 9.999651127574848974e-01 -6.115294717917672644e-03 -6.073376565092269974e-02 3.457789755193874798e-02 6.308503391867894931e-03 9.993820923024687719e-01 5.915719860652583151e+00
9.992312375895547882e-01 5.606332659236324713e-03 -3.880092645369482424e-02 -1.452672925459946307e-01 -5.746941160931891279e-03 9.999773162399768767e-01 -3.513261918096491354e-03 -7.158876220918627964e-02 3.878034824192600621e-02 3.733547754312412700e-03 9.992407861704684091e-01 6.715518902896420173e+00
9.990754442148798153e-01 3.756869353537106195e-03 -4.282690163227093061e-02 -1.720514714124560252e-01 -3.798577467514637276e-03 9.999923854823398184e-01 -8.925425490062008187e-04 -7.855108610878014375e-02 4.282322059654762592e-02 1.054398679920755125e-03 9.990821103027804906e-01 7.524983920740909937e+00
9.989818963802304941e-01 4.137739923736651060e-03 -4.492275236981661118e-02 -2.158427792882692264e-01 -4.183319610655843179e-03 9.999908300406553652e-01 -9.206632384532073251e-04 -8.933484948128037062e-02 4.491852877713843617e-02 1.107652141362647051e-03 9.989900435791142508e-01 8.349509838514762805e+00
9.988636873781380210e-01 4.016428275645561770e-03 -4.748906535283192731e-02 -2.478891919922177056e-01 -4.102907158160347921e-03 9.999900993535160154e-01 -1.723693893962949340e-03 -9.302874773276653686e-02 4.748166995637644050e-02 1.916578446981094010e-03 9.988702732683462093e-01 9.172177388307339641e+00
9.987830860791272469e-01 2.252252839874781427e-03 -4.926730904195939648e-02 -2.796576528689325158e-01 -2.337834611168162526e-03 9.999958598084123240e-01 -1.679535905139586342e-03 -1.070375406294053477e-01 4.926332016609403369e-02 1.792670969884111506e-03 9.987842141124604334e-01 1.000235434310966909e+01
9.986861764319273638e-01 2.094086614894351359e-03 -5.120088593504141389e-02 -3.202356752458602185e-01 -2.156334170385183595e-03 9.999970026343981688e-01 -1.160542972887762840e-03 -1.121719388521825456e-01 5.119830044273936814e-02 1.269424478551540742e-03 9.986877009336745381e-01 1.084190966685892121e+01
9.986113950556626540e-01 -1.811716018533834297e-03 -5.264979672456139570e-02 -3.615687973845745362e-01 1.749365884954242603e-03 9.999977136697963953e-01 -1.230301110055000537e-03 -1.197970221545603675e-01 5.265190241718483571e-02 1.136488958871439449e-03 9.986122812745410471e-01 1.170032283911849191e+01
9.985253858219617085e-01 1.220336719316467535e-03 -5.427307451042411024e-02 -4.102987675866024420e-01 -1.410125935502629492e-03 9.999930254555090547e-01 -3.458774867756073124e-03 -1.309375145753796099e-01 5.426847270226940051e-02 3.530206352181343692e-03 9.985201387225294267e-01 1.256764258426841963e+01
9.984713100229798410e-01 2.939868898410973649e-03 -5.519416887198452804e-02 -4.701754958177866150e-01 -3.276651407774316266e-03 9.999765531828123111e-01 -6.012274897473452069e-03 -1.387065056657791617e-01 5.517519818700243606e-02 6.183936081055374338e-03 9.984575367942079005e-01 1.343802511637720265e+01
9.983834739318401263e-01 6.827742164268288567e-03 -5.642533432724614745e-02 -5.295336632651700404e-01 -7.263373396792771435e-03 9.999453525056271053e-01 -7.519020303858337320e-03 -1.458715757853135953e-01 5.637091072643941186e-02 7.916703949093962037e-03 9.983785035625327708e-01 1.432346334212319405e+01
9.983097980207396027e-01 7.345874729197982879e-03 -5.765047410226870062e-02 -5.860676979412018373e-01 -7.783240444342700952e-03 9.999425779013235704e-01 -7.365640220062526916e-03 -1.533418985889151154e-01 5.759305478956945612e-02 7.801898368406776259e-03 9.983096540779371475e-01 1.521096428748890617e+01
9.982379765951902018e-01 6.800061798279750935e-03 -5.894664145242631270e-02 -6.368694288743925735e-01 -7.161547854625926329e-03 9.999568121867931092e-01 -5.923343046969675729e-03 -1.664195333467231308e-01 5.890381499108818253e-02 6.335055221519690638e-03 9.982435612180168283e-01 1.610804773643257448e+01
9.981822986323369840e-01 6.813883040999838686e-03 -5.988043607554859038e-02 -6.929382294307887546e-01 -7.086304814220025471e-03 9.999654841831293606e-01 -4.338253710716671527e-03 -1.770299962987570419e-01 5.984880632987872595e-02 4.754699229678505633e-03 9.981961271845336547e-01 1.701093830726536993e+01
9.981216601986031556e-01 6.784786073791557182e-03 -6.088605147672228324e-02 -7.531248362174156608e-01 -7.030553658755839090e-03 9.999679798698005717e-01 -3.823197628277904495e-03 -1.904707539753912604e-01 6.085815994871853624e-02 4.244079034471734055e-03 9.981373999315962253e-01 1.791765853537225794e+01
9.980553440198236537e-01 5.925641236933679862e-03 -6.205165693604839522e-02 -8.058090221910896300e-01 -6.238236964663473536e-03 9.999688065149612282e-01 -4.845150191320668834e-03 -1.997724791920421628e-01 6.202100855648661620e-02 5.222821007810330395e-03 9.980611794652149982e-01 1.882593253720717996e+01
9.980835635736559075e-01 5.409810283621330554e-03 -6.164357872993491555e-02 -9.085769463461034201e-01 -5.741711838136641724e-03 9.999699558551080614e-01 -5.208340469873414154e-03 -2.046811494255471597e-01 6.161354806281595098e-02 5.552298707814940990e-03 9.980846405712361369e-01 1.972814731543419953e+01
9.979757346895778980e-01 5.678856123407297757e-03 -6.334178346592157782e-02 -9.604859347386210944e-01 -5.879218869161549448e-03 9.999782834428518896e-01 -2.977263756345657503e-03 -2.189884495547339827e-01 6.332349867166918445e-02 3.343637151239288452e-03 9.979874518675702078e-01 2.066753880992703429e+01
9.980027029864243504e-01 6.615551809768283574e-03 -6.282383327893588387e-02 -1.028604251064951569e+00 -6.622508944788453242e-03 9.999780615661891803e-01 9.748925513617936946e-05 -2.243969551938179985e-01 6.282309778347766605e-02 3.187568587263226436e-04 9.980246254473865708e-01 2.160116123826929169e+01
9.980336477348985547e-01 6.705701731458708383e-03 -6.232075773604709573e-02 -1.090433456030072801e+00 -6.482153935739750489e-03 9.999718095264398254e-01 3.788542493157328987e-03 -2.293793584498018956e-01 6.234440299410992647e-02 -3.377120132335068633e-03 9.980489827386619384e-01 2.253793228407927174e+01
9.981624365203782823e-01 6.276546176227073767e-03 -6.026904270358609400e-02 -1.151159159575460889e+00 -5.889639820834883036e-03 9.999609027933034078e-01 6.595150055920701374e-03 -2.281360592729412828e-01 6.030807967005556020e-02 -6.228068101121792162e-03 9.981603806863185158e-01 2.347486564483983074e+01
9.983396064061283992e-01 5.132826339236423729e-03 -5.737320944004214995e-02 -1.222751141638202865e+00 -4.709362988243113134e-03 9.999606838377195217e-01 7.513625314945847518e-03 -2.278297660737685359e-01 5.740951825848806395e-02 -7.230958496889171305e-03 9.983245297561519349e-01 2.442083539729826569e+01
9.984632292887690719e-01 6.036038895824972876e-03 -5.508861642203309594e-02 -1.288620033868790760e+00 -5.778162519695108877e-03 9.999715937810406130e-01 4.839193130250649122e-03 -2.230154512765605834e-01 5.511625852761588285e-02 -4.513445463076631338e-03 9.984697469301903050e-01 2.537682486169157769e+01
9.985464799609811148e-01 8.149533325558216273e-03 -5.327760023319495081e-02 -1.343459037158588387e+00 -8.151556064948843952e-03 9.999667620480511276e-01 1.793325681247266896e-04 -2.283147246465698221e-01 5.327728859379445708e-02 2.552234390387640088e-04 9.985797279909676138e-01 2.633185412120708691e+01
9.986084399996556504e-01 8.138233443015447169e-03 -5.210514345446154438e-02 -1.391132078056077859e+00 -8.294126433950606975e-03 9.999617490674852505e-01 -2.776363187429168114e-03 -2.365351282098015206e-01 5.208055367297422661e-02 3.204666432844474350e-03 9.986377409328591748e-01 2.729296037978327050e+01
9.986634821643454174e-01 6.728174372598045259e-03 -5.124429920244719106e-02 -1.433251489471786710e+00 -6.820476837656102263e-03 9.999754187655487403e-01 -1.626569969049163848e-03 -2.486070441818313825e-01 5.123209301096101620e-02 1.973906551346154593e-03 9.986848190701057559e-01 2.826644537269996960e+01
9.986894433787532055e-01 2.589945037777683506e-03 -5.111437715364589712e-02 -1.477983969361612138e+00 -2.446087422414213418e-03 9.999928730948453026e-01 2.876779297115753323e-03 -2.524637776885514384e-01 5.112146167664290142e-02 -2.747978863170424339e-03 9.986886635264013989e-01 2.923909426131644196e+01
9.986401445191540605e-01 -2.337673168924795774e-03 -5.208070594721265351e-02 -1.523125887674953605e+00 2.686362411701905071e-03 9.999744381226223222e-01 6.626180224582444399e-03 -2.560427696335865200e-01 5.206388343761018250e-02 -6.757077228689612608e-03 9.986208973582236803e-01 3.022561546613738415e+01
9.985361274962349931e-01 -1.064745903996703463e-02 -5.303047700117845958e-02 -1.560832650137465860e+00 1.098753112564222582e-02 9.999208696208793379e-01 6.125343114893340608e-03 -2.665930686155468798e-01 5.296105930617281410e-02 -6.699050392258176258e-03 9.985741028828857280e-01 3.121037680569065387e+01
9.984809000133126888e-01 -9.885160133906204308e-03 -5.420487141398769998e-02 -1.604721950822005194e+00 1.002523048153305084e-02 9.999470759322586222e-01 2.312787110969213161e-03 -2.748080341662436088e-01 5.417913858997188553e-02 -2.852690115801109327e-03 9.985271540544288227e-01 3.219046554113639047e+01
9.983989520926903616e-01 -9.630661066325733530e-03 -5.573858243294154552e-02 -1.659750459124131661e+00 9.534579986505817631e-03 9.999525618340451283e-01 -1.989450954122561153e-03 -2.855882285731266013e-01 5.575509547422883433e-02 1.454821675165615712e-03 9.984434160732644781e-01 3.317139301864668255e+01
9.983154937546403485e-01 -8.885353099317231870e-03 -5.733426505636762122e-02 -1.715875702256578261e+00 8.751278447318454334e-03 9.999583559445818226e-01 -2.589128367581895480e-03 -2.861757766610093512e-01 5.735488058065305733e-02 2.083018912885378250e-03 9.983516803007781437e-01 3.416330604801124338e+01
9.982490064712886690e-01 -1.074299009856803828e-02 -5.816797479397883136e-02 -1.774397671639347696e+00 1.071644863170810244e-02 9.999422830715970489e-01 -7.682125726287179854e-04 -3.021966755390149695e-01 5.817286833553268754e-02 1.435133558231966786e-04 9.983065104571143822e-01 3.518351449722679547e+01
9.981974465812311070e-01 -9.449591155615716734e-03 -5.926691390630833833e-02 -1.839991858068936059e+00 9.566629445598877346e-03 9.999528042816970830e-01 1.691335652820305816e-03 -3.016467488463846491e-01 5.924813203408020590e-02 -2.255271533966742448e-03 9.982407391370715644e-01 3.618268391864224753e+01
9.981818621265327041e-01 -6.399080086955516271e-03 -5.993344531077793302e-02 -1.906661456436820501e+00 6.603274108131933218e-03 9.999730500071806194e-01 3.209580370817237231e-03 -3.132457093835133155e-01 5.991128916831496565e-02 -3.599501954783421338e-03 9.981972178662867901e-01 3.718924237888978013e+01
9.981683664994803751e-01 -6.820707239969298410e-03 -6.011144600340735666e-02 -1.983770016076147114e+00 7.156694730688614552e-03 9.999599426971736982e-01 5.375891920728284243e-03 -3.073174649388717428e-01 6.007236818067341472e-02 -5.796244454547258215e-03 9.981771908033459928e-01 3.820222045257560950e+01
9.981839834597692196e-01 -6.456812597790021618e-03 -5.989198364170889022e-02 -2.041535774697253558e+00 7.002986354780487213e-03 9.999357474462258200e-01 8.913904836915289079e-03 -3.182999588081316111e-01 5.983057831994400416e-02 -9.317139778557760252e-03 9.981650590940049916e-01 3.920483374709711910e+01
9.981763073926650520e-01 -2.013928636822205544e-03 -6.033241459066821660e-02 -2.114273795610053686e+00 2.683183857651841482e-03 9.999357508632630287e-01 1.101383814679163763e-02 -3.129962292494099518e-01 6.030635484988876999e-02 -1.115563528137212927e-02 9.981175717440721185e-01 4.021855124548282134e+01
9.981805769750223822e-01 -6.368156145237327840e-04 -6.029196913659948254e-02 -2.174170035716729288e+00 1.288386886600887196e-03 9.999411843875795070e-01 1.076867634306318683e-02 -3.197627103185948227e-01 6.028156413296940214e-02 -1.082676353186848642e-02 9.981226986373982202e-01 4.121076333747984677e+01
9.981674576507573171e-01 -1.367218528728817361e-03 -6.049679499739424315e-02 -2.229354416193288113e+00 1.919567582830969963e-03 9.999569929529457113e-01 9.073046244042004896e-03 -3.215289507744819031e-01 6.048178665161583339e-02 -9.172547249076233242e-03 9.981271593962969257e-01 4.220633680957035239e+01
9.981927123077160013e-01 2.308424847478716870e-03 -6.004981921103167558e-02 -2.290658017219927345e+00 -1.907055644123223240e-03 9.999754651278197626e-01 6.740387488499171263e-03 -3.268914556947257188e-01 6.006390291025674039e-02 -6.613687353277221750e-03 9.981726225644643735e-01 4.321777337111382877e+01
9.981323010856621991e-01 1.839854565165626680e-03 -6.106163139082256691e-02 -2.346771014178671066e+00 -1.433543169838830513e-03 9.999765451630747704e-01 6.697259744194153028e-03 -3.334664717638791132e-01 6.107251889854822813e-02 -6.597216827751530878e-03 9.981115337512630470e-01 4.419707848804712569e+01
9.980716158123308368e-01 -7.880214200888262157e-04 -6.206793490180054218e-02 -2.403472678772720528e+00 1.286815789656287588e-03 9.999672021804797417e-01 7.996702671158231052e-03 -3.380815453758947431e-01 6.205959492077532669e-02 -8.061151990105612855e-03 9.980398920071894553e-01 4.518087135568018908e+01
9.980385592562982522e-01 -8.098819415719300504e-04 -6.259692599747984643e-02 -2.461025553683702682e+00 1.375605098686261000e-03 9.999585969195114998e-01 8.994988718885849055e-03 -3.399113849081138450e-01 6.258704716931240419e-02 -9.063454289767128996e-03 9.979983538241902208e-01 4.619231035080436243e+01
9.980093581700547611e-01 7.409223546851849548e-04 -6.306169374388972959e-02 -2.526173022578995564e+00 -3.392812324194744334e-04 9.999795924863080776e-01 6.379489540368861976e-03 -3.558630284903665508e-01 6.306513109513303683e-02 -6.345394620301901718e-03 9.979892393436370357e-01 4.715746987126765788e+01
9.979871855049187168e-01 3.676590127815430962e-03 -6.330928138712903219e-02 -2.591285876106516728e+00 -3.591764527387282177e-03 9.999924882366579837e-01 1.453617315794115830e-03 -3.581417196657319391e-01 6.331414787506703390e-02 -1.223299383465390041e-03 9.979928962584234675e-01 4.814211654431532850e+01
9.979240974766246941e-01 4.477476057415049476e-03 -6.424521294297300122e-02 -2.656891585357820773e+00 -4.461974073446850660e-03 9.999899694213784107e-01 3.847696535959059961e-04 -3.698598490953449724e-01 6.424628888296461671e-02 -9.731046546448453034e-05 9.979340731019971100e-01 4.911854765488151031e+01
9.979272028697705466e-01 3.841685117449907937e-03 -6.423807060333577845e-02 -2.719810595289965605e+00 -3.627375600204864933e-03 9.999874618996694720e-01 3.452469821833249134e-03 -3.730393587359218666e-01 6.425052599685145138e-02 -3.212297993270800053e-03 9.979286252305601401e-01 5.009759003036191416e+01
9.979688340784496070e-01 -7.381157541138046218e-04 -6.369975304367417324e-02 -2.779460652987779223e+00 1.183447377141348981e-03 9.999751194705532864e-01 6.953657336634430641e-03 -3.827716549032226800e-01 6.369303371682533133e-02 -7.014918658130714184e-03 9.979448864509972150e-01 5.108585501588679278e+01
9.979224992158797214e-01 -1.490094028319041307e-03 -6.440852941634681028e-02 -2.842956245913313751e+00 1.996279153775740514e-03 9.999676196763905844e-01 7.795338569596675996e-03 -3.832951728910592992e-01 6.439482522965872535e-02 -7.907721187001873556e-03 9.978931711077297928e-01 5.204256589040507208e+01
9.979191699146188199e-01 -4.790805407851457878e-03 -6.429915099717158078e-02 -2.895979686359607896e+00 5.226339612781976188e-03 9.999645196623042631e-01 6.607074963499442663e-03 -3.951735557753024430e-01 6.426521374009561138e-02 -6.929375967213372532e-03 9.979088004230767250e-01 5.300242420302537028e+01
9.978860208468229853e-01 -8.081751610125496865e-03 -6.448394148315969576e-02 -2.945473116380772804e+00 8.437443770695786036e-03 9.999506496178850457e-01 5.245565482149888367e-03 -4.093121422004862842e-01 6.443836300004975037e-02 -5.778556102592110819e-03 9.979049595352919022e-01 5.397929723888689324e+01
9.978031606634886197e-01 -8.316140777583034063e-03 -6.572444426160110875e-02 -3.008189513085806954e+00 8.746219008752564167e-03 9.999421650275702733e-01 6.258636806473614166e-03 -4.129707389783873750e-01 6.566859271424696498e-02 -6.819727998404255358e-03 9.978181843089412029e-01 5.491988533889946922e+01
9.977368512959133851e-01 -1.167897021623115310e-02 -6.621770805979529384e-02 -3.058041481831438979e+00 1.238500699935256993e-02 9.998706434472269811e-01 1.026189190316565553e-02 -4.168864309509833777e-01 6.608929113548499268e-02 -1.105877436597779186e-02 9.977524252568595875e-01 5.589190392574666078e+01
9.976248903896370868e-01 -1.460131538463401053e-02 -6.731547568048985852e-02 -3.112493781767330603e+00 1.566796914830407075e-02 9.997594907080187276e-01 1.534495992634032045e-02 -4.216376421504557936e-01 6.707522597820307630e-02 -1.636321088484216785e-02 9.976137289023443433e-01 5.683900635229060327e+01
9.976119903766168528e-01 -1.347126987273809806e-02 -6.774093644136204573e-02 -3.178757719080507194e+00 1.469022512256004491e-02 9.997384425598954127e-01 1.752854208093207120e-02 -4.151494525540500025e-01 6.748708432640827815e-02 -1.848181363550624803e-02 9.975489570634876735e-01 5.778450205546690199e+01
9.975797448011078927e-01 -1.171463325034161930e-02 -6.853774376137379554e-02 -3.242265755167901276e+00 1.270410017621215540e-02 9.998210252587034219e-01 1.401879497166843430e-02 -4.196698680491287581e-01 6.836125016626730388e-02 -1.485557700910982229e-02 9.975500199401887702e-01 5.874119868945663114e+01
9.975079140358712460e-01 -8.047378828276529825e-03 -7.009421487342219759e-02 -3.307862813190747708e+00 8.531577903560846193e-03 9.999417482556772763e-01 6.611198457308718225e-03 -4.290782067216525886e-01 7.003692630379457218e-02 -7.192737067703569576e-03 9.975184677084515394e-01 5.965351237680641105e+01
9.974719084321023166e-01 -5.832867510216590591e-03 -7.082206252121389656e-02 -3.377561673623387328e+00 5.946831494115542398e-03 9.999813389299072597e-01 1.398420643829306103e-03 -4.402169476618820743e-01 7.081258096675727143e-02 -1.816052156887836997e-03 9.974879826379906556e-01 6.057471894740741902e+01
9.974490873631191024e-01 -1.576996084779070913e-03 -7.136401294449243315e-02 -3.446339241033808065e+00 1.714828611019941513e-03 9.999967797781642576e-01 1.870177141072031871e-03 -4.381761572616456046e-01 7.136083070620932722e-02 -1.987783502208811341e-03 9.974485828587165148e-01 6.148629993726551390e+01
9.973608281772660122e-01 4.268348710811258637e-04 -7.260306669362676102e-02 -3.516517571822356913e+00 -1.111895729655531449e-04 9.999905208803073764e-01 4.351534433517474307e-03 -4.546396666137731968e-01 7.260423359763387707e-02 -4.331977303502015930e-03 9.973514209424264587e-01 6.237984815695413943e+01
9.972695515538376743e-01 1.935217627835594855e-03 -7.382210530539341786e-02 -3.587153873266969661e+00 -1.496157080506449293e-03 9.999808705893030725e-01 6.002383929840548332e-03 -4.622446694616606511e-01 7.383230564208385915e-02 -5.875545179234669887e-03 9.972533578568590906e-01 6.326740573850770488e+01
9.972021277875479095e-01 3.687739606306791873e-03 -7.466139849919101179e-02 -3.649739297203352884e+00 -3.268846611483348496e-03 9.999782297560497746e-01 5.731990909413127444e-03 -4.741286315983477828e-01 7.468090780829730879e-02 -5.471896897877495843e-03 9.971924724564024123e-01 6.414852618485384994e+01
9.970803412057431814e-01 5.366976333394754377e-03 -7.617084615300202810e-02 -3.714219926167435570e+00 -4.877835624265875608e-03 9.999662797575249451e-01 6.606218190667388634e-03 -4.847362768104013231e-01 7.620373091326473891e-02 -6.215381438244205539e-03 9.970728990367316857e-01 6.499295902380021062e+01
9.969658515113732911e-01 6.154325840717946201e-03 -7.759650643953264204e-02 -3.780626853903803042e+00 -5.596700799989215089e-03 9.999569404819910190e-01 7.401636154579970851e-03 -4.934166689962296015e-01 7.763871436882657795e-02 -6.944894050863942465e-03 9.969573680066354804e-01 6.585546576886532932e+01
9.968384599503102850e-01 5.768670071665742832e-03 -7.924523627238136414e-02 -3.842579470004917841e+00 -5.176345655790331492e-03 9.999571237767624909e-01 7.677964892873748691e-03 -5.035628433628730471e-01 7.928612692850521559e-02 -7.243489985893936459e-03 9.968255862729273886e-01 6.667521484361475359e+01
9.967475510828053276e-01 6.125665540172542736e-03 -8.035413085738331296e-02 -3.904637920586830013e+00 -5.435034379806465837e-03 9.999464158484472343e-01 8.810746314960803474e-03 -5.120919606331599816e-01 8.040379362927953244e-02 -8.345362357048748472e-03 9.967274330687474482e-01 6.748403377514745216e+01
9.966410381488510772e-01 8.248300948127024884e-03 -8.147762587479982777e-02 -3.971230519040923834e+00 -7.358148884747389186e-03 9.999099925866488103e-01 1.121933849191181047e-02 -5.148337237470487215e-01 8.156282906497616669e-02 -1.058212820781632979e-02 9.966120192645002707e-01 6.829678042654131787e+01
9.965133500196541316e-01 9.419402261809758231e-03 -8.290004506585524346e-02 -4.040977040670639120e+00 -8.190271680460225329e-03 9.998516250157973850e-01 1.515426485787878252e-02 -5.151710836589619147e-01 8.303048561962667051e-02 -1.442245368390740641e-02 9.964426349645485459e-01 6.908206613545510777e+01
9.963508443513540147e-01 1.106996201754218562e-02 -8.463129498894930713e-02 -4.105425722350548590e+00 -9.648382090393014740e-03 9.998057255060219806e-01 1.718793997638671384e-02 -5.183754181769177904e-01 8.480511963722038582e-02 -1.630866339652995919e-02 9.962640801426242421e-01 6.985453913137455118e+01
9.962387247504452814e-01 1.404505207747107527e-02 -8.550525135305388214e-02 -4.169356986761266093e+00 -1.291729175331910069e-02 9.998223191732609205e-01 1.372839584509709041e-02 -5.319578785769051299e-01 8.568287109631846088e-02 -1.257226283774883803e-02 9.962431360762938892e-01 7.060896493330112378e+01
9.960771429871674298e-01 1.544688463780501467e-02 -8.713042486518424168e-02 -4.235207569001792294e+00 -1.498157400122234438e-02 9.998698135061425685e-01 5.991816887604793987e-03 -5.340772954729547939e-01 8.721163400619326433e-02 -4.662960987665248913e-03 9.961788935066898665e-01 7.134089454481950554e+01
9.959748563990071801e-01 1.552562309555468971e-02 -8.827823448718252752e-02 -4.294829773126491723e+00 -1.556794439486657543e-02 9.998787860825828488e-01 2.091005345674977847e-04 -5.472756642359606349e-01 8.827077813598155354e-02 1.166051742734804412e-03 9.960958375184097990e-01 7.204756258592236406e+01
9.958890628603954687e-01 1.773596062947189675e-02 -8.882793263347485424e-02 -4.357201926381757850e+00 -1.789448926400171933e-02 9.998393931957229031e-01 -9.885931465134752474e-04 -5.518649374500608218e-01 8.879612875100291458e-02 2.574059653289916590e-03 9.960464939438816723e-01 7.274237014755661335e+01
9.958041545130796868e-01 1.858734467178027594e-02 -8.960243783847009202e-02 -4.425357393103210413e+00 -1.845827418796979272e-02 9.998270546796953484e-01 2.268945915965493634e-03 -5.618731741339528796e-01 8.962911191368368169e-02 -6.055194251898925184e-04 9.959750308072249370e-01 7.342249699448657907e+01
9.957148343616303299e-01 1.767733380836903484e-02 -9.077155411153559061e-02 -4.482108566003788042e+00 -1.732700462708896758e-02 9.998390838796629154e-01 4.646093046926056368e-03 -5.758540092067858662e-01 9.083907443905661627e-02 -3.053384572457777928e-03 9.958609017587067846e-01 7.407839734816317900e+01
9.956612443730908923e-01 1.493565913814217175e-02 -9.184560128400789947e-02 -4.532767108397719014e+00 -1.486326574419976829e-02 9.998884518028295920e-01 1.472196516216050860e-03 -5.845386487887034299e-01 9.185734133160836090e-02 -1.006833741553029297e-04 9.957721738240794540e-01 7.470331164919205946e+01
9.957609561348524929e-01 7.221264214726953040e-03 -9.169503575147347485e-02 -4.578421508194999490e+00 -7.599505374575643395e-03 9.999639930574995006e-01 -3.776504864016089983e-03 -6.013454233837465246e-01 9.166445970554368272e-02 4.457333015786029556e-03 9.957799708076480183e-01 7.531585474201402519e+01
9.958905635056004568e-01 4.055555721799021344e-03 -9.047397607967733180e-02 -4.630994520352717636e+00 -4.847215399625846508e-03 9.999518487805381106e-01 -8.532130470365788602e-03 -6.148514069896517942e-01 9.043501381278178097e-02 8.935615159992088205e-03 9.958622677138615487e-01 7.591221886131175722e+01
9.961449038255250077e-01 5.768160814225926740e-03 -8.753320015177176727e-02 -4.674940548279277408e+00 -6.570135110558041405e-03 9.999390154481877513e-01 -8.876606538410485026e-03 -6.265194028342068178e-01 8.747665721424377483e-02 9.417491378463661508e-03 9.961220507262872337e-01 7.649421509934258268e+01
9.964579500588516270e-01 1.074042763156488924e-02 -8.340379079558762898e-02 -4.729500830367872943e+00 -1.128340656980996934e-02 9.999180859146497014e-01 -6.041606413131490536e-03 -6.320951153011310497e-01 8.333206675946856767e-02 6.961285602612211215e-03 9.964975240264984935e-01 7.706231864332524140e+01
9.968661758589877353e-01 9.347957774993117044e-03 -7.855217173207866554e-02 -4.766386211286381958e+00 -9.602581048676277209e-03 9.999497906349241738e-01 -2.864340796172853715e-03 -6.450712085794466644e-01 7.852144933944120442e-02 3.609668110003616797e-03 9.969058935060884918e-01 7.762046465344704416e+01
9.973174910541940941e-01 5.522609219067258629e-03 -7.298845510083781796e-02 -4.788983911310718433e+00 -5.440803920130551745e-03 9.999843253726958814e-01 1.319572348665305588e-03 -6.575683298693377754e-01 7.299459546470593585e-02 -9.189167162417391857e-04 9.973319135731102403e-01 7.815317098290925912e+01
9.979083616045678617e-01 7.081413417686505118e-04 -6.464051580580890133e-02 -4.809911846236651911e+00 -3.800455703809986420e-04 9.999869824947910102e-01 5.087853716278740134e-03 -6.723862863748834018e-01 6.464327513203421693e-02 -5.052645493284077353e-03 9.978956459006411706e-01 7.869006024625200268e+01
9.985248908993891170e-01 3.795416360888175487e-03 -5.416303512470114351e-02 -4.833381776595373935e+00 -3.506951885908164007e-03 9.999791608750205896e-01 5.419904183169761171e-03 -6.821160703212924004e-01 5.418247557564443567e-02 -5.221962036885675201e-03 9.985173982255906022e-01 7.919970400584298886e+01
9.991915905248665020e-01 9.408550999011814145e-03 -3.908509570449040377e-02 -4.854324492143198277e+00 -9.219208239312218917e-03 9.999448884005701643e-01 5.021782560510523220e-03 -6.863522185398494013e-01 3.913018785828437790e-02 -4.657389387582941062e-03 9.992232710745633240e-01 7.969969898600459146e+01
9.996762796918461369e-01 1.457075206476851278e-02 -2.085747684346768785e-02 -4.858352759089299866e+00 -1.445949548567962775e-02 9.998804680757720220e-01 5.475038736860671218e-03 -6.871058863194916544e-01 2.093475913437402650e-02 -5.171677765682773653e-03 9.997674722323819374e-01 8.019915595731967528e+01
9.999099781900306905e-01 1.338856333115734723e-02 8.887916367523253413e-04 -4.845006406917671704e+00 -1.339378028188988913e-02 9.998913949055407979e-01 6.149189956167918497e-03 -6.921264874620004504e-01 -8.063663464242453935e-04 -6.160540578779979612e-03 9.999806969044284788e-01 8.066963881877954634e+01
9.995886556464674833e-01 9.482233621033136009e-03 2.706668190681968400e-02 -4.807365940982670338e+00 -9.684752262281728918e-03 9.999260101632446718e-01 7.360966971554363039e-03 -7.019802389518889907e-01 -2.699487953416662006e-02 -7.620073170060672786e-03 9.996065241902877263e-01 8.114349255782792625e+01
9.983754662301793648e-01 8.343367151760906764e-03 5.636330984017810103e-02 -4.756239616170844897e+00 -8.861787886731148020e-03 9.999206420156449004e-01 8.954174114886885236e-03 -7.078624760661570425e-01 -5.628412668059905311e-02 -9.439107431333720877e-03 9.983701717541758613e-01 8.158965678435609448e+01
9.959531350345490752e-01 7.870263661192589133e-03 8.952880713056124429e-02 -4.693317018349524972e+00 -8.879807815912341140e-03 9.999013432264509671e-01 1.088348766074385791e-02 -7.104119732215449234e-01 -8.943431487861087936e-02 -1.163444208590674704e-02 9.959247717390000698e-01 8.203031907778607490e+01
9.918509815238819582e-01 7.388160563520403470e-03 1.271890245290004384e-01 -4.608711099463208782e+00 -8.930658580374466540e-03 9.998932821612011024e-01 1.156161635856899246e-02 -7.124415760284136256e-01 -1.270900287822973040e-01 -1.260328304726292953e-02 9.918111163149170295e-01 8.248280376506438927e+01
9.857552968763779733e-01 7.651452006829588537e-03 1.680117702866369134e-01 -4.503588398062081666e+00 -9.813365684321768631e-03 9.998793512444932308e-01 1.204111255656559534e-02 -7.146264087235461027e-01 -1.678993622781911887e-01 -1.351835123598677836e-02 9.857114518791288971e-01 8.290221695431102944e+01
9.770296674261367276e-01 7.172917220272501636e-03 2.129825735545951004e-01 -4.382456282449002316e+00 -1.000206186247167527e-02 9.998754387735475646e-01 1.220892485608333390e-02 -7.170710427538233844e-01 -2.128684629446363219e-01 -1.405874685348849039e-02 9.769797138003156745e-01 8.332054737083960561e+01
9.650658613605941349e-01 9.102059907603507125e-03 2.618492646998663020e-01 -4.239009666705604751e+00 -1.227954282147584487e-02 9.998694640304558456e-01 1.050106767389486807e-02 -7.196073166810061927e-01 -2.617194836183165951e-01 -1.334961141426067345e-02 9.650516546089500380e-01 8.373240880090386895e+01
9.492911124267682244e-01 9.505231025696279576e-03 3.142547179513034417e-01 -4.072794176721020953e+00 -1.286583968435519969e-02 9.998800645851342317e-01 8.621466518336489554e-03 -7.285290582193407749e-01 -3.141350735107579784e-01 -1.222743195009554952e-02 9.492995529880976502e-01 8.410356262585510478e+01
9.290217319621252301e-01 9.791113218585615480e-03 3.698956090430758348e-01 -3.878889135661490517e+00 -1.311071974199248293e-02 9.998931693507110419e-01 6.461488809837177827e-03 -7.299665788899519780e-01 -3.697928134067748895e-01 -1.085246088220895126e-02 9.290508586871637497e-01 8.447957095537786643e+01
9.045084956027121814e-01 9.902445657612836752e-03 4.263406335676464542e-01 -3.670742305559373531e+00 -1.336598726801939245e-02 9.998974955481020332e-01 5.132559734666095400e-03 -7.338985284872767689e-01 -4.262460866470926257e-01 -1.034090693041815785e-02 9.045481388491858343e-01 8.481690584122605969e+01
8.753682756031768708e-01 1.038720119187196492e-02 4.833451121062094513e-01 -3.439889446058257860e+00 -1.345680576290561765e-02 9.999052949301785453e-01 2.882916771684729262e-03 -7.264016605032304064e-01 -4.832693709335699750e-01 -9.027895302712951250e-03 8.754251594666447867e-01 8.514175388509622167e+01
8.414486471158778569e-01 8.327668949265570539e-03 5.402729353376940491e-01 -3.169503705704059371e+00 -1.092174063222659669e-02 9.999390812366188985e-01 1.597198355390572633e-03 -7.428069603321105774e-01 -5.402266953240516534e-01 -7.244681552223594320e-03 8.414883316475033626e-01 8.545266356258252927e+01
8.044803470720925942e-01 7.694968622885735993e-03 5.939294373113925829e-01 -2.911416725187744525e+00 -1.007240607248702582e-02 9.999490308622140944e-01 6.877527238637095577e-04 -7.442442494434207134e-01 -5.938938552672371474e-01 -6.535581921467532862e-03 8.045168520656932332e-01 8.572080678299040812e+01
7.643116073893857498e-01 5.787685541424017477e-03 6.448211230382462356e-01 -2.611110283217302541e+00 -9.328359143974774420e-03 9.999543272527100513e-01 2.081744223887471885e-03 -7.532194594070127369e-01 -6.447796011777860992e-01 -7.606224631159657495e-03 7.643306853579041604e-01 8.599252014316884640e+01
7.212944538425394292e-01 5.000049358756216908e-03 6.926105252668021128e-01 -2.330407378803339480e+00 -1.075007116830390547e-02 9.999343132333698980e-01 3.976616157259046588e-03 -7.516431784900990953e-01 -6.925451159285561653e-01 -1.031392364409322235e-02 7.213008229240904789e-01 8.621763126079100914e+01
6.758822715707073492e-01 3.501769697138383541e-03 7.370012953472299122e-01 -2.016198818188513098e+00 -1.030400829658053956e-02 9.999358777575999557e-01 4.698434258243016845e-03 -7.515062749278488274e-01 -7.369375584130044565e-01 -1.076965664582129126e-02 6.758750106716928663e-01 8.643441955055418191e+01
6.287619085184389389e-01 1.857594048837602320e-03 7.775956774067105393e-01 -1.669315794543734244e+00 -7.646971247112477853e-03 9.999635652209206693e-01 3.794514472427343472e-03 -7.537661719013108996e-01 -7.775602678513864330e-01 -8.332097808609308098e-03 6.287531962606406344e-01 8.665450343257083432e+01
5.821302433850985558e-01 -1.747725752646570605e-03 8.130936882199436555e-01 -1.353297154362053334e+00 -2.538291910465080310e-03 9.999889126162782027e-01 3.966730125486410234e-03 -7.730802816541900713e-01 -8.130915803735578873e-01 -4.373023056787949531e-03 5.821193539986233567e-01 8.681816721586923791e+01
5.346923729910401102e-01 -3.380324540802905043e-04 8.450467283153048070e-01 -1.004766657783657369e+00 -4.184232077021739216e-03 9.999866003197105391e-01 3.047530167991925609e-03 -7.740848964221371808e-01 -8.450364069405562617e-01 -5.165363165610896597e-03 5.346837966892493688e-01 8.699915745336970474e+01
4.875022217926450740e-01 2.599908964164498407e-03 8.731178958993219830e-01 -6.815510271484150895e-01 -8.350162499924897869e-03 9.999637165439007047e-01 1.684662256719129426e-03 -7.700833525361431287e-01 -8.730818019801178664e-01 -8.111953378970918754e-03 4.875062416634540763e-01 8.713472341175034330e+01
4.414739381372102534e-01 4.097870743586716491e-03 8.972647305308348864e-01 -3.345166551266972044e-01 -9.677641235781058587e-03 9.999531528361021993e-01 1.947567731759191256e-04 -7.734309343375035395e-01 -8.972218653204163674e-01 -8.769387003704238320e-03 4.414929190266875247e-01 8.726570887211728689e+01
3.984876190770480497e-01 2.252059905796801546e-03 9.171709596861552516e-01 4.394386016252763150e-02 -2.855039352824456905e-03 9.999951866160683434e-01 -1.214987010021261436e-03 -7.677167885089889454e-01 -9.171692521147901678e-01 -2.134402347782612258e-03 3.984921343068837385e-01 8.737500600387652128e+01
3.590414334009660036e-01 -6.280025632133675977e-03 9.333005113599182057e-01 3.904747802704356396e-01 1.069507672696824382e-02 9.999393850605395873e-01 2.614023568243979256e-03 -7.925617764148756850e-01 -9.332603225602023045e-01 9.043177414693308672e-03 3.590868315384944665e-01 8.745186308807134878e+01
3.231004307764152039e-01 -1.027997824970048983e-02 9.463088642016865837e-01 7.583670828990474178e-01 1.641314961626708785e-02 9.998514707734856843e-01 5.257644855514644056e-03 -7.906955621925085831e-01 -9.462223274580697785e-01 1.383316047614170825e-02 3.232211684500990723e-01 8.753346970574659736e+01
2.894190897588874156e-01 -7.121767459677465564e-03 9.571760034010454721e-01 1.136970942445047150e+00 1.314900527663417570e-02 9.999075507389255657e-01 3.463872981861560157e-03 -7.972690165967976084e-01 -9.571121489907745694e-01 1.158340094970252039e-02 2.894859795021870186e-01 8.762161335166545939e+01
2.585503081194390207e-01 5.406240641821976082e-04 9.659976574938826666e-01 1.489874729771030637e+00 2.406482418113981524e-03 9.999963841222948568e-01 -1.203748824681528289e-03 -7.930562327894964403e-01 -9.659947791376769510e-01 2.635885577082702508e-03 2.585480777582662149e-01 8.771794194273506662e+01
2.301439983426176450e-01 5.126982588463607250e-03 9.731431029991555182e-01 1.874627488982134604e+00 -3.002377659552415805e-03 9.999851041752354508e-01 -4.558349818854381605e-03 -7.960572696247208979e-01 -9.731519406624343782e-01 -1.872666787936563262e-03 2.301559574821469556e-01 8.780072382755848537e+01
2.038715406288096332e-01 6.639359156822452653e-03 9.789751488335599605e-01 2.274411094522823085e+00 -1.942800039398903580e-03 9.999777822308630881e-01 -6.377209476710150524e-03 -8.118664710230110160e-01 -9.789957007480445395e-01 -6.018219490431168765e-04 2.038799171403271604e-01 8.785618978287661207e+01
1.806731742938717522e-01 7.887139984856064365e-03 9.835115845638250365e-01 2.671647844858100029e+00 4.956054406115004141e-03 9.999478496342779632e-01 -8.929386169199964030e-03 -8.169073066916002768e-01 -9.835306821088696250e-01 6.487636915913390021e-03 1.806246560718502980e-01 8.790193220985538858e+01
1.599002751222357299e-01 1.349047478143508907e-02 9.870410089665648812e-01 3.074073617528487734e+00 1.188107048725633129e-02 9.998078781025383499e-01 -1.558969579031110886e-02 -8.272928097102878464e-01 -9.870616541856229720e-01 1.421990012502251897e-02 1.597092767752258391e-01 8.793994574141363785e+01
1.399297588420784499e-01 2.057540870021612456e-02 9.899476461297385121e-01 3.513165369336451516e+00 1.227612401630607912e-02 9.996711793121414447e-01 -2.251274293017578587e-02 -8.188222599764434229e-01 -9.900853103440645508e-01 1.530292235480963485e-02 1.396311618457800607e-01 8.798032907520519075e+01
1.221224360470040404e-01 2.164428113711995214e-02 9.922790255062476916e-01 3.951844701395894166e+00 9.954368465080871281e-03 9.996851935867328010e-01 -2.303094076300896131e-02 -8.265821993045017191e-01 -9.924651062198214246e-01 1.269010507331264255e-02 1.218685303662630504e-01 8.803218109167809757e+01
1.065864124757121972e-01 1.704458775931119371e-02 9.941573552154815419e-01 4.398989725195037614e+00 9.007149311708352590e-03 9.997954870931354820e-01 -1.810693314189566749e-02 -8.358687261374545541e-01 -9.942626297789070033e-01 1.088447628748146975e-02 1.064110904311522249e-01 8.807480684591835995e+01
9.149466456657058544e-02 1.353558731643925150e-02 9.957135887193896417e-01 4.879815181159103510e+00 9.787003528723459828e-03 9.998471018097973007e-01 -1.449109150464714287e-02 -8.529797736230887439e-01 -9.957574549838498212e-01 1.107090945836623590e-02 9.134820262363210763e-02 8.810410359542248671e+01
7.879541318347373091e-02 1.092494761128129030e-02 9.968309606839904635e-01 5.357976027920702045e+00 1.188603675610513423e-02 9.998585708366858338e-01 -1.189767167523016374e-02 -8.630774116617082603e-01 -9.968199261140994194e-01 1.278585092462906567e-02 7.865441597984035305e-02 8.813513557696444423e+01
