1.000000000000000000e+00 0.000000000000000000e+00 0.000000000000000000e+00 0.000000000000000000e+00 0.000000000000000000e+00 1.000000000000000000e+00 0.000000000000000000e+00 0.000000000000000000e+00 0.000000000000000000e+00 0.000000000000000000e+00 1.000000000000000000e+00 0.000000000000000000e+00 0.000000000000000000e+00 0.000000000000000000e+00 0.000000000000000000e+00 1.000000000000000000e+00
9.999932599999999949e-01 -3.175531399999999803e-03 -1.844376300000000104e-03 6.861808000000000352e-01 3.169541599999999883e-03 9.999897199999999708e-01 -3.241513499999999857e-03 5.760663900000000375e-04 1.854650900000000095e-03 3.235645799999999940e-03 9.999930500000000499e-01 5.305528000000000327e-03 0.000000000000000000e+00 0.000000000000000000e+00 0.000000000000000000e+00 1.000000000000000000e+00
9.999663600000000541e-01 -7.519406799999999585e-03 -3.275809399999999889e-03 1.385211100000000028e+00 7.512687399999999800e-03 9.999696599999999824e-01 -2.058730600000000140e-03 1.068022400000000031e-02 3.291190399999999964e-03 2.034051199999999896e-03 9.999925200000000514e-01 7.908941399999999330e-03 0.000000000000000000e+00 0.000000000000000000e+00 0.000000000000000000e+00 1.000000000000000000e+00
9.999255900000000308e-01 -1.125730200000000028e-02 -4.700409600000000215e-03 2.102860000000000174e+00 1.124859999999999922e-02 9.999349800000000288e-01 -1.873719499999999989e-03 2.784598900000000155e-02 4.721196999999999894e-03 1.820707100000000002e-03 9.999871999999999650e-01 1.068571100000000051e-02 0.000000000000000000e+00 0.000000000000000000e+00 0.000000000000000000e+00 1.000000000000000000e+00
9.998561599999999938e-01 -1.608823900000000071e-02 -5.369035000000000300e-03 2.832283599999999790e+00 1.608917199999999881e-02 9.998705500000000246e-01 1.305304999999999931e-04 4.255383900000000302e-02 5.366240000000000419e-03 -2.168950500000000063e-04 9.999855800000000405e-01 1.339146899999999960e-02 0.000000000000000000e+00 0.000000000000000000e+00 0.000000000000000000e+00 1.000000000000000000e+00
9.997676599999999469e-01 -2.082521700000000003e-02 -5.561343800000000115e-03 3.584864599999999957e+00 2.082171400000000158e-02 9.997829700000000486e-01 -6.870851299999999537e-04 5.954763899999999943e-02 5.574445600000000126e-03 5.711287900000000528e-04 9.999843000000000481e-01 2.103024200000000107e-02 0.000000000000000000e+00 0.000000000000000000e+00 0.000000000000000000e+00 1.000000000000000000e+00
9.996642700000000215e-01 -2.504987900000000059e-02 -6.622474399999999858e-03 4.344337399999999683e+00 2.505359000000000058e-02 9.996859999999999635e-01 4.780366300000000188e-04 8.706935000000000369e-02 6.608420200000000334e-03 -6.437929000000000004e-04 9.999779600000000546e-01 3.143561599999999956e-02 0.000000000000000000e+00 0.000000000000000000e+00 0.000000000000000000e+00 1.000000000000000000e+00
9.995199700000000353e-01 -3.010012600000000135e-02 -7.335228699999999866e-03 5.124264000000000152e+00 3.012789399999999881e-02 9.995391900000000218e-01 3.704891200000000155e-03 1.175762699999999966e-01 7.220330900000000371e-03 -3.924107700000000268e-03 9.999662299999999560e-01 4.236985599999999741e-02 0.000000000000000000e+00 0.000000000000000000e+00 0.000000000000000000e+00 1.000000000000000000e+00
9.993812899999999777e-01 -3.458818500000000046e-02 -6.378821100000000265e-03 5.914213600000000071e+00 3.462236900000000006e-02 9.993862599999999707e-01 5.328730299999999941e-03 1.491742100000000015e-01 6.190595099999999726e-03 -5.546283299999999611e-03 9.999654599999999727e-01 4.260315099999999883e-02 0.000000000000000000e+00 0.000000000000000000e+00 0.000000000000000000e+00 1.000000000000000000e+00
9.992400200000000066e-01 -3.879284699999999836e-02 -3.808028199999999829e-03 6.713886200000000137e+00 3.881335600000000025e-02 9.992315200000000397e-01 5.468251200000000430e-03 1.876979900000000090e-01 3.592972700000000071e-03 -5.611897799999999645e-03 9.999778000000000278e-01 5.203332799999999675e-02 0.000000000000000000e+00 0.000000000000000000e+00 0.000000000000000000e+00 1.000000000000000000e+00
9.990816399999999931e-01 -4.283260400000000329e-02 -1.117076399999999969e-03 7.523279800000000073e+00 4.283639899999999723e-02 9.990755100000000555e-01 3.628902900000000129e-03 2.196477000000000013e-01 9.606082699999999534e-04 -3.673421799999999904e-03 9.999927899999999648e-01 5.757169399999999965e-02 0.000000000000000000e+00 0.000000000000000000e+00 0.000000000000000000e+00 1.000000000000000000e+00
9.989894999999999747e-01 -4.492891100000000193e-02 -1.174839499999999958e-03 8.347457099999999741e+00 4.493328099999999853e-02 9.989819699999999969e-01 4.003452000000000226e-03 2.694081600000000076e-01 9.937727400000000502e-04 -4.052195899999999629e-03 9.999913000000000274e-01 6.609907099999999536e-02 0.000000000000000000e+00 0.000000000000000000e+00 0.000000000000000000e+00 1.000000000000000000e+00
9.988696900000000323e-01 -4.749114799999999692e-02 -1.984555600000000031e-03 9.169810500000000530e+00 4.749855499999999786e-02 9.988638199999999578e-01 3.868491400000000080e-03 3.072495199999999982e-01 1.798581700000000073e-03 -3.958382300000000409e-03 9.999905500000000336e-01 6.731207300000000004e-02 0.000000000000000000e+00 0.000000000000000000e+00 0.000000000000000000e+00 1.000000000000000000e+00
9.987838799999999573e-01 -4.926805800000000346e-02 -1.847806600000000002e-03 9.999756100000000814e+00 4.927191000000000209e-02 9.987831900000000429e-01 2.100367499999999856e-03 3.450039500000000037e-01 1.742077099999999896e-03 -2.188858200000000191e-03 9.999960900000000041e-01 7.908973399999999487e-02 0.000000000000000000e+00 0.000000000000000000e+00 0.000000000000000000e+00 1.000000000000000000e+00
9.986873899999999527e-01 -5.120296800000000148e-02 -1.324640499999999929e-03 1.083900799999999975e+01 5.120548400000000250e-02 9.986862499999999976e-01 1.940937000000000001e-03 3.916932499999999928e-01 1.223518499999999998e-03 -2.006218199999999785e-03 9.999972400000000095e-01 8.209104999999999874e-02 0.000000000000000000e+00 0.000000000000000000e+00 0.000000000000000000e+00 1.000000000000000000e+00
9.986125700000000327e-01 -5.264587999999999907e-02 -1.161569400000000019e-03 1.169709699999999941e+01 5.264353199999999983e-02 9.986114299999999666e-01 -1.967744200000000072e-03 4.392198600000000175e-01 1.263550100000000037e-03 1.903865000000000028e-03 9.999973899999999860e-01 8.741100699999999890e-02 0.000000000000000000e+00 0.000000000000000000e+00 0.000000000000000000e+00 1.000000000000000000e+00
9.985199200000000053e-01 -5.426920600000000039e-02 -3.580463800000000148e-03 1.256390099999999954e+01 5.427324499999999774e-02 9.985255800000000237e-01 1.040563300000000094e-03 4.945441199999999760e-01 3.518714200000000111e-03 -1.233346599999999953e-03 9.999930500000000499e-01 9.550097999999999920e-02 0.000000000000000000e+00 0.000000000000000000e+00 0.000000000000000000e+00 1.000000000000000000e+00
9.984569300000000203e-01 -5.517891400000000252e-02 -6.248431500000000208e-03 1.343365499999999990e+01 5.519685600000000247e-02 9.984717400000000520e-01 2.736307400000000025e-03 5.611745599999999889e-01 6.087895799999999691e-03 -3.076978900000000051e-03 9.999767299999999803e-01 1.001428800000000036e-01 0.000000000000000000e+00 0.000000000000000000e+00 0.000000000000000000e+00 1.000000000000000000e+00
9.983769900000000197e-01 -5.638411399999999907e-02 -8.012979999999999409e-03 1.431851900000000022e+01 5.643755100000000247e-02 9.983842699999999626e-01 6.606777700000000114e-03 6.274363400000000368e-01 7.627515900000000383e-03 -7.048287799999999707e-03 9.999460700000000202e-01 1.044141600000000059e-01 0.000000000000000000e+00 0.000000000000000000e+00 0.000000000000000000e+00 1.000000000000000000e+00
9.983080100000000234e-01 -5.760774999999999924e-02 -7.903131299999999540e-03 1.520557100000000084e+01 5.766428500000000262e-02 9.983106200000000374e-01 7.122352999999999670e-03 6.907058200000000259e-01 7.479477200000000069e-03 -7.566030399999999767e-03 9.999434000000000378e-01 1.095160300000000003e-01 0.000000000000000000e+00 0.000000000000000000e+00 0.000000000000000000e+00 1.000000000000000000e+00
9.982421000000000211e-01 -5.891798000000000174e-02 -6.432843199999999789e-03 1.610234099999999913e+01 5.896020600000000111e-02 9.982386199999999654e-01 6.584583700000000428e-03 7.482355200000000428e-01 6.033562099999999727e-03 -6.952290399999999995e-03 9.999576300000000417e-01 1.205864299999999945e-01 0.000000000000000000e+00 0.000000000000000000e+00 0.000000000000000000e+00 1.000000000000000000e+00
9.981947399999999693e-01 -5.986402999999999863e-02 -4.853271400000000284e-03 1.700487400000000093e+01 5.989544299999999960e-02 9.981827800000000472e-01 6.608354999999999785e-03 8.112174500000000066e-01 4.448849099999999980e-03 -6.887113999999999736e-03 9.999663899999999828e-01 1.292120099999999883e-01 0.000000000000000000e+00 0.000000000000000000e+00 0.000000000000000000e+00 1.000000000000000000e+00
9.981360299999999519e-01 -6.087364199999999864e-02 -4.343097899999999630e-03 1.791115399999999980e+01 6.090142500000000209e-02 9.981220899999999618e-01 6.580488699999999594e-03 8.783216400000000146e-01 3.934363700000000422e-03 -6.832723700000000421e-03 9.999689200000000389e-01 1.403480000000000005e-01 0.000000000000000000e+00 0.000000000000000000e+00 0.000000000000000000e+00 1.000000000000000000e+00
9.980599100000000501e-01 -6.203354600000000191e-02 -5.315706600000000108e-03 1.881895600000000002e+01 6.206370700000000268e-02 9.980558499999999666e-01 5.710291400000000288e-03 9.378463999999999690e-01 4.951142500000000127e-03 -6.029125399999999899e-03 9.999695699999999743e-01 1.468959400000000026e-01 0.000000000000000000e+00 0.000000000000000000e+00 0.000000000000000000e+00 1.000000000000000000e+00
9.980834699999999726e-01 -6.162447299999999906e-02 -5.640789000000000220e-03 1.972031300000000087e+01 6.165385999999999783e-02 9.980840800000000401e-01 5.193007000000000352e-03 1.047888300000000106e+00 5.309965399999999960e-03 -5.530830799999999874e-03 9.999706099999999820e-01 1.492985099999999954e-01 0.000000000000000000e+00 0.000000000000000000e+00 0.000000000000000000e+00 1.000000000000000000e+00
9.979863100000000431e-01 -6.333658000000000343e-02 -3.435459200000000150e-03 2.065943000000000040e+01 6.335477500000000206e-02 9.979760500000000034e-01 5.474838800000000373e-03 1.106788899999999964e+00 3.081748500000000210e-03 -5.681466900000000340e-03 9.999791099999999489e-01 1.617017900000000119e-01 0.000000000000000000e+00 0.000000000000000000e+00 0.000000000000000000e+00 1.000000000000000000e+00
9.980234799999999629e-01 -6.284071300000000637e-02 -4.178319999999999799e-04 2.159265600000000163e+01 6.284210099999999743e-02 9.980027200000000098e-01 6.437059000000000183e-03 1.182545399999999969e+00 1.248808699999999935e-05 -6.450593499999999862e-03 9.999791900000000178e-01 1.654738699999999951e-01 0.000000000000000000e+00 0.000000000000000000e+00 0.000000000000000000e+00 1.000000000000000000e+00
9.980480400000000252e-01 -6.236480900000000022e-02 3.277517499999999927e-03 2.252912099999999995e+01 6.234235099999999724e-02 9.980332800000000226e-01 6.558077199999999898e-03 1.251987399999999973e+00 -3.680064800000000091e-03 -6.340947999999999897e-03 9.999731200000000486e-01 1.689973800000000026e-01 0.000000000000000000e+00 0.000000000000000000e+00 0.000000000000000000e+00 1.000000000000000000e+00
9.981596799999999936e-01 -6.032940400000000314e-02 6.133133199999999882e-03 2.346568500000000057e+01 6.029169799999999774e-02 9.981618100000000382e-01 6.157452699999999696e-03 1.320756700000000006e+00 -6.493334800000000184e-03 -5.776344000000000097e-03 9.999622299999999520e-01 1.660421699999999889e-01 0.000000000000000000e+00 0.000000000000000000e+00 0.000000000000000000e+00 1.000000000000000000e+00
9.983240399999999681e-01 -5.742854199999999909e-02 7.147039499999999733e-03 2.441109200000000001e+01 5.739339100000000193e-02 9.983389700000000477e-01 5.029935299999999804e-03 1.400670199999999976e+00 -7.424029900000000265e-03 -4.611312499999999960e-03 9.999618099999999510e-01 1.634662699999999969e-01 0.000000000000000000e+00 0.000000000000000000e+00 0.000000000000000000e+00 1.000000000000000000e+00
9.984690699999999586e-01 -5.513577699999999693e-02 4.423933399999999821e-03 2.536634000000000100e+01 5.510921099999999823e-02 9.984627999999999837e-01 5.917887099999999748e-03 1.474877900000000075e+00 -4.743420199999999996e-03 -5.665027700000000235e-03 9.999727000000000476e-01 1.552713599999999972e-01 0.000000000000000000e+00 0.000000000000000000e+00 0.000000000000000000e+00 1.000000000000000000e+00
9.985785299999999642e-01 -5.329913299999999854e-02 -3.602281099999999747e-04 2.632063300000000083e+01 5.330030899999999711e-02 9.985464899999999533e-01 7.998402400000000079e-03 1.537968000000000002e+00 -6.660339300000000086e-05 -8.006233099999999353e-03 9.999679500000000498e-01 1.565852500000000092e-01 0.000000000000000000e+00 0.000000000000000000e+00 0.000000000000000000e+00 1.000000000000000000e+00
9.986363700000000510e-01 -5.210033499999999762e-02 -3.308674599999999934e-03 2.728117900000000162e+01 5.212529099999999721e-02 9.986087700000000345e-01 7.966907699999999440e-03 1.593634400000000007e+00 2.888992899999999822e-03 -8.128509500000000512e-03 9.999627899999999903e-01 1.613249400000000000e-01 0.000000000000000000e+00 0.000000000000000000e+00 0.000000000000000000e+00 1.000000000000000000e+00
9.986837699999999707e-01 -5.124890599999999685e-02 -2.066110400000000045e-03 2.825439300000000031e+01 5.126146499999999911e-02 9.986636599999999531e-01 6.569124699999999775e-03 1.643675100000000056e+00 1.726689000000000002e-03 -6.666390099999999937e-03 9.999762899999999899e-01 1.710979499999999986e-01 0.000000000000000000e+00 0.000000000000000000e+00 0.000000000000000000e+00 1.000000000000000000e+00
9.986883699999999919e-01 -5.113034699999999960e-02 2.688731599999999965e-03 2.922692899999999838e+01 5.112374599999999769e-02 9.986892699999999623e-01 2.469032099999999945e-03 1.695964699999999992e+00 -2.811449900000000026e-03 -2.328335600000000158e-03 9.999933399999999528e-01 1.736784200000000000e-01 0.000000000000000000e+00 0.000000000000000000e+00 0.000000000000000000e+00 1.000000000000000000e+00
9.986211299999999680e-01 -5.206211100000000119e-02 6.736332400000000394e-03 3.021330199999999877e+01 5.207947999999999744e-02 9.986399900000000329e-01 -2.429170300000000129e-03 1.748409700000000067e+00 -6.600703200000000367e-03 2.776645400000000031e-03 9.999743599999999510e-01 1.757313400000000136e-01 0.000000000000000000e+00 0.000000000000000000e+00 0.000000000000000000e+00 1.000000000000000000e+00
9.985751400000000277e-01 -5.293582399999999938e-02 6.743774899999999996e-03 3.119776099999999985e+01 5.300631399999999882e-02 9.985363999999999907e-01 -1.074179599999999964e-02 1.793215800000000026e+00 -6.165278899999999604e-03 1.108395400000000003e-02 9.999195600000000406e-01 1.835558399999999979e-01 0.000000000000000000e+00 0.000000000000000000e+00 0.000000000000000000e+00 1.000000000000000000e+00
9.985284500000000119e-01 -5.415323699999999990e-02 2.890660399999999894e-03 3.217727099999999751e+01 5.417965100000000228e-02 9.984809900000000127e-01 -1.001349200000000057e-02 1.844605999999999968e+00 -2.344006400000000177e-03 1.015537199999999932e-02 9.999456899999999981e-01 1.879743700000000017e-01 0.000000000000000000e+00 0.000000000000000000e+00 0.000000000000000000e+00 1.000000000000000000e+00
9.984450400000000059e-01 -5.572691200000000344e-02 -1.419794500000000001e-03 3.315751900000000063e+01 5.571040499999999757e-02 9.983988999999999780e-01 -9.797644299999999987e-03 1.907006200000000096e+00 1.963513799999999903e-03 9.703312000000000395e-03 9.999509899999999840e-01 1.948275999999999897e-01 0.000000000000000000e+00 0.000000000000000000e+00 0.000000000000000000e+00 1.000000000000000000e+00
9.983532600000000201e-01 -5.732839099999999938e-02 -2.054959800000000138e-03 3.414892400000000094e+01 5.730756699999999676e-02 9.983154400000000539e-01 -9.061863200000000798e-03 1.970608899999999997e+00 2.571000099999999969e-03 8.929175899999999139e-03 9.999568300000000187e-01 1.925348299999999901e-01 0.000000000000000000e+00 0.000000000000000000e+00 0.000000000000000000e+00 1.000000000000000000e+00
9.983082899999999871e-01 -5.814241199999999749e-02 -1.013051600000000043e-04 3.516878799999999927e+01 5.813785099999999734e-02 9.982489900000000027e-01 -1.090633300000000069e-02 2.036899899999999874e+00 7.352482699999999833e-04 1.088199299999999953e-02 9.999405199999999994e-01 2.063419599999999909e-01 0.000000000000000000e+00 0.000000000000000000e+00 0.000000000000000000e+00 1.000000000000000000e+00
9.982421599999999895e-01 -5.922299500000000050e-02 2.286420999999999853e-03 3.616753899999999788e+01 5.924232699999999741e-02 9.981974999999999598e-01 -9.596963899999999895e-03 2.110206400000000038e+00 -1.713938799999999976e-03 9.715546900000000125e-03 9.999513300000000271e-01 2.037874299999999916e-01 0.000000000000000000e+00 0.000000000000000000e+00 0.000000000000000000e+00 1.000000000000000000e+00
9.981981300000000168e-01 -5.989570500000000047e-02 3.605927799999999930e-03 3.717364200000000096e+01 5.991834699999999680e-02 9.981818700000000266e-01 -6.537727600000000326e-03 2.184861000000000164e+00 -3.207789899999999826e-03 6.742008600000000060e-03 9.999721299999999591e-01 2.130633999999999861e-01 0.000000000000000000e+00 0.000000000000000000e+00 0.000000000000000000e+00 1.000000000000000000e+00
9.981780500000000389e-01 -6.005716400000000316e-02 5.805846899999999797e-03 3.818608100000000150e+01 6.009696300000000324e-02 9.981683999999999557e-01 -6.942330499999999766e-03 2.269970199999999938e+00 -5.378276300000000079e-03 7.278595700000000356e-03 9.999590499999999604e-01 2.050388999999999962e-01 0.000000000000000000e+00 0.000000000000000000e+00 0.000000000000000000e+00 1.000000000000000000e+00
9.981656899999999943e-01 -5.981900099999999665e-02 9.323895800000000719e-03 3.918843300000000340e+01 5.988128000000000201e-02 9.981840199999999497e-01 -6.549754500000000250e-03 2.335800900000000180e+00 -8.915163999999999728e-03 7.096067000000000173e-03 9.999350799999999762e-01 2.143272599999999917e-01 0.000000000000000000e+00 0.000000000000000000e+00 0.000000000000000000e+00 1.000000000000000000e+00
9.981177599999999650e-01 -6.030859300000000062e-02 1.112666399999999965e-02 4.020163000000000153e+01 6.033544799999999986e-02 9.981759599999999732e-01 -2.093607300000000036e-03 2.416738099999999889e+00 -1.098010599999999989e-02 2.760998900000000058e-03 9.999359100000000389e-01 2.068359499999999906e-01 0.000000000000000000e+00 0.000000000000000000e+00 0.000000000000000000e+00 1.000000000000000000e+00
9.981227799999999872e-01 -6.028737399999999774e-02 1.078684899999999940e-02 4.119332800000000105e+01 6.029860799999999660e-02 9.981801200000000041e-01 -7.190527799999999999e-04 2.484622700000000073e+00 -1.072386799999999925e-02 1.368134900000000107e-03 9.999415600000000071e-01 2.108198799999999873e-01 0.000000000000000000e+00 0.000000000000000000e+00 0.000000000000000000e+00 1.000000000000000000e+00
9.981273200000000401e-01 -6.048431099999999894e-02 9.138373099999999583e-03 4.218833500000000214e+01 6.050011899999999804e-02 9.981671199999999633e-01 -1.463201300000000014e-03 2.547637599999999836e+00 -9.033122799999999605e-03 2.013333899999999836e-03 9.999571699999999508e-01 2.093955200000000016e-01 0.000000000000000000e+00 0.000000000000000000e+00 0.000000000000000000e+00 1.000000000000000000e+00
9.981723900000000205e-01 -6.007468500000000267e-02 6.550571600000000029e-03 4.319910800000000251e+01 6.006148900000000262e-02 9.981922699999999926e-01 2.193166600000000070e-03 2.617329699999999981e+00 -6.670483700000000293e-03 -1.795721199999999974e-03 9.999761400000000133e-01 2.112820599999999938e-01 0.000000000000000000e+00 0.000000000000000000e+00 0.000000000000000000e+00 1.000000000000000000e+00
9.981113499999999528e-01 -6.108197900000000152e-02 6.537176900000000318e-03 4.417795499999999720e+01 6.107196000000000152e-02 9.981318799999999714e-01 1.721627400000000016e-03 2.680918300000000087e+00 -6.630125100000000202e-03 -1.319137599999999945e-03 9.999771499999999813e-01 2.151910599999999896e-01 0.000000000000000000e+00 0.000000000000000000e+00 0.000000000000000000e+00 1.000000000000000000e+00
9.980400099999999775e-01 -6.206285400000000063e-02 8.021367200000000669e-03 4.516136699999999848e+01 6.207200999999999691e-02 9.980712699999999549e-01 -8.973212600000000146e-04 2.745015200000000100e+00 -7.950205800000000392e-03 1.393464899999999947e-03 9.999674299999999905e-01 2.175500999999999963e-01 0.000000000000000000e+00 0.000000000000000000e+00 0.000000000000000000e+00 1.000000000000000000e+00
9.979984699999999709e-01 -6.259097399999999367e-02 9.023468200000000702e-03 4.617237899999999939e+01 6.260171600000000169e-02 9.980381699999999467e-01 -9.126810000000000391e-04 2.810469900000000187e+00 -8.948640100000000361e-03 1.475738799999999932e-03 9.999588700000000552e-01 2.169244200000000067e-01 0.000000000000000000e+00 0.000000000000000000e+00 0.000000000000000000e+00 1.000000000000000000e+00
9.979891800000000313e-01 -6.307133900000000404e-02 6.292825800000000427e-03 4.713687300000000135e+01 6.306871299999999847e-02 9.980090000000000350e-01 6.150819900000000168e-04 2.883243600000000129e+00 -6.319090799999999702e-03 -2.169647500000000033e-04 9.999800100000000302e-01 2.294776099999999985e-01 0.000000000000000000e+00 0.000000000000000000e+00 0.000000000000000000e+00 1.000000000000000000e+00
9.979923099999999936e-01 -6.332481199999999422e-02 1.147319499999999897e-03 4.812067900000000265e+01 6.332044600000000245e-02 9.979870800000000264e-01 3.509119099999999814e-03 2.956288999999999945e+00 -1.367224399999999920e-03 -3.429425099999999869e-03 9.999931800000000370e-01 2.276085599999999876e-01 0.000000000000000000e+00 0.000000000000000000e+00 0.000000000000000000e+00 1.000000000000000000e+00
9.979333000000000231e-01 -6.425836999999999521e-02 1.437197200000000071e-05 4.909652799999999928e+01 6.425771500000000691e-02 9.979240799999999911e-01 4.298361599999999880e-03 3.029435100000000158e+00 -2.905478500000000137e-04 -4.288554699999999782e-03 9.999907599999999785e-01 2.363588000000000078e-01 0.000000000000000000e+00 0.000000000000000000e+00 0.000000000000000000e+00 1.000000000000000000e+00
9.979280699999999449e-01 -6.426300100000000015e-02 3.134331099999999783e-03 5.007522000000000162e+01 6.425134600000000085e-02 9.979269299999999898e-01 3.687436499999999836e-03 3.100119799999999870e+00 -3.364799099999999949e-03 -3.478411399999999966e-03 9.999882900000000019e-01 2.377912600000000043e-01 0.000000000000000000e+00 0.000000000000000000e+00 0.000000000000000000e+00 1.000000000000000000e+00
9.979450100000000212e-01 -6.369562500000000571e-02 6.973708599999999674e-03 5.106321899999999658e+01 6.370313800000000637e-02 9.979685200000000256e-01 -8.603664899999999890e-04 3.167540900000000104e+00 -6.904740099999999957e-03 1.302845599999999946e-03 9.999753099999999506e-01 2.459288099999999977e-01 0.000000000000000000e+00 0.000000000000000000e+00 0.000000000000000000e+00 1.000000000000000000e+00
9.978933800000000520e-01 -6.439596399999999998e-02 7.872019600000000270e-03 5.201944900000000160e+01 6.441050299999999396e-02 9.979221900000000423e-01 -1.607200399999999954e-03 3.238409900000000174e+00 -7.752165899999999971e-03 2.110855300000000125e-03 9.999677200000000044e-01 2.441174000000000122e-01 0.000000000000000000e+00 0.000000000000000000e+00 0.000000000000000000e+00 1.000000000000000000e+00
9.979094299999999862e-01 -6.425644199999999695e-02 6.920065599999999754e-03 5.297882700000000256e+01 6.429114900000000576e-02 9.979190799999999584e-01 -4.915286100000000082e-03 3.298920499999999922e+00 -6.589826699999999822e-03 5.349909299999999583e-03 9.999639799999999745e-01 2.530847299999999800e-01 0.000000000000000000e+00 0.000000000000000000e+00 0.000000000000000000e+00 1.000000000000000000e+00
9.979060800000000286e-01 -6.441950300000000296e-02 5.795339099999999646e-03 5.395524600000000248e+01 6.446592600000000672e-02 9.978860899999999479e-01 -8.215812299999999957e-03 3.355949199999999966e+00 -5.253829699999999596e-03 8.572210999999999720e-03 9.999494599999999567e-01 2.642107599999999890e-01 0.000000000000000000e+00 0.000000000000000000e+00 0.000000000000000000e+00 1.000000000000000000e+00
9.978192999999999646e-01 -6.564978600000000164e-02 6.837548799999999989e-03 5.489538100000000043e+01 6.570660200000000284e-02 9.978032500000000304e-01 -8.445396200000000048e-03 3.425781000000000187e+00 -6.268089899999999999e-03 8.876251499999999670e-03 9.999409599999999898e-01 2.656212099999999965e-01 0.000000000000000000e+00 0.000000000000000000e+00 0.000000000000000000e+00 1.000000000000000000e+00
9.977536099999999575e-01 -6.606400399999999562e-02 1.110289799999999993e-02 5.586723299999999881e+01 6.619396199999999508e-02 9.977372899999999989e-01 -1.177569300000000027e-02 3.483044700000000216e+00 -1.029982599999999977e-02 1.248418500000000007e-02 9.998690199999999972e-01 2.681056099999999942e-01 0.000000000000000000e+00 0.000000000000000000e+00 0.000000000000000000e+00 1.000000000000000000e+00
9.976146299999999467e-01 -6.704556100000000352e-02 1.642971999999999835e-02 5.681421000000000276e+01 6.728773500000000130e-02 9.976259200000000549e-01 -1.465871200000000082e-02 3.544557000000000180e+00 -1.540791300000000051e-02 1.572926399999999975e-02 9.997575600000000451e-01 2.718060199999999815e-01 0.000000000000000000e+00 0.000000000000000000e+00 0.000000000000000000e+00 1.000000000000000000e+00
9.975495699999999966e-01 -6.746232800000000196e-02 1.853903100000000095e-02 5.775925900000000013e+01 6.771775100000000658e-02 9.976129999999999720e-01 -1.351299800000000002e-02 3.618298400000000026e+00 -1.758316000000000046e-02 1.473530600000000010e-02 9.997368199999999705e-01 2.633824499999999902e-01 0.000000000000000000e+00 0.000000000000000000e+00 0.000000000000000000e+00 1.000000000000000000e+00
9.975509299999999469e-01 -6.833864600000000289e-02 1.489841499999999992e-02 5.871521299999999854e+01 6.851670699999999614e-02 9.975803300000000151e-01 -1.178762000000000039e-02 3.689288900000000204e+00 -1.405681500000000028e-02 1.277954199999999964e-02 9.998195300000000119e-01 2.642652400000000124e-01 0.000000000000000000e+00 0.000000000000000000e+00 0.000000000000000000e+00 1.000000000000000000e+00
9.975196299999999905e-01 -7.001904600000000145e-02 7.205633000000000350e-03 5.962655500000000330e+01 7.007736000000000520e-02 9.975079700000000216e-01 -8.186023599999999942e-03 3.761893399999999943e+00 -6.614498800000000178e-03 8.670670999999999587e-03 9.999405300000000496e-01 2.689952899999999980e-01 0.000000000000000000e+00 0.000000000000000000e+00 0.000000000000000000e+00 1.000000000000000000e+00
9.974890800000000279e-01 -7.079725200000000496e-02 1.811025699999999983e-03 6.054690099999999831e+01 7.080695600000000423e-02 9.974718900000000277e-01 -6.016509700000000418e-03 3.838831400000000116e+00 -1.380494899999999995e-03 6.129635900000000338e-03 9.999802599999999542e-01 2.760923299999999969e-01 0.000000000000000000e+00 0.000000000000000000e+00 0.000000000000000000e+00 1.000000000000000000e+00
9.974488999999999717e-01 -7.135748199999999986e-02 1.948535200000000005e-03 6.145790900000000079e+01 7.136093000000000297e-02 9.974490000000000300e-01 -1.760955200000000097e-03 3.914950999999999848e+00 -1.817907199999999968e-03 1.895512100000000056e-03 9.999965499999999841e-01 2.716700400000000015e-01 0.000000000000000000e+00 0.000000000000000000e+00 0.000000000000000000e+00 1.000000000000000000e+00
9.973513899999999488e-01 -7.260798400000000041e-02 4.275911999999999769e-03 6.235105699999999729e+01 7.260754499999999556e-02 9.973605599999999516e-01 2.579804800000000268e-04 3.991983700000000024e+00 -4.283357399999999926e-03 5.316628600000000124e-05 9.999908199999999470e-01 2.864208400000000099e-01 0.000000000000000000e+00 0.000000000000000000e+00 0.000000000000000000e+00 1.000000000000000000e+00
9.972531000000000034e-01 -7.384124100000000190e-02 5.806642499999999617e-03 6.323814200000000341e+01 7.383209000000000299e-02 9.972691099999999587e-01 1.775162399999999970e-03 4.069412100000000088e+00 -5.921865400000000251e-03 -1.341569599999999909e-03 9.999815699999999863e-01 2.920937200000000011e-01 0.000000000000000000e+00 0.000000000000000000e+00 0.000000000000000000e+00 1.000000000000000000e+00
9.971919200000000094e-01 -7.469434899999999322e-02 5.388502699999999680e-03 6.411875000000000568e+01 7.467604499999999645e-02 9.972016299999999500e-01 3.522026299999999818e-03 4.138859300000000019e+00 -5.636499100000000144e-03 -3.109744099999999824e-03 9.999792800000000259e-01 3.014912599999999832e-01 0.000000000000000000e+00 0.000000000000000000e+00 0.000000000000000000e+00 1.000000000000000000e+00
9.970720899999999665e-01 -7.622222700000000351e-02 6.117624200000000394e-03 6.496272700000000100e+01 7.619088400000000039e-02 9.970796800000000237e-01 5.202853200000000407e-03 4.209710199999999958e+00 -6.496331800000000427e-03 -4.721512500000000362e-03 9.999677500000000441e-01 3.100509499999999918e-01 0.000000000000000000e+00 0.000000000000000000e+00 0.000000000000000000e+00 1.000000000000000000e+00
9.969564499999999940e-01 -7.765981800000000546e-02 6.839950400000000159e-03 6.582475599999999361e+01 7.761937900000000223e-02 9.969650599999999585e-01 5.991949600000000091e-03 4.282608100000000029e+00 -7.284525299999999697e-03 -5.442800099999999842e-03 9.999586499999999489e-01 3.166244500000000017e-01 0.000000000000000000e+00 0.000000000000000000e+00 0.000000000000000000e+00 1.000000000000000000e+00
9.968247199999999975e-01 -7.930634899999999821e-02 7.140618199999999687e-03 6.664404700000000048e+01 7.926723500000000533e-02 9.968376500000000195e-01 5.604012900000000102e-03 4.350579500000000266e+00 -7.562470899999999829e-03 -5.020201499999999914e-03 9.999588000000000365e-01 3.246428299999999934e-01 0.000000000000000000e+00 0.000000000000000000e+00 0.000000000000000000e+00 1.000000000000000000e+00
9.967265499999999889e-01 -8.042571599999999432e-02 8.238931399999999822e-03 6.745244399999999985e+01 8.037801299999999816e-02 9.967465899999999879e-01 5.966635900000000388e-03 4.418770300000000262e+00 -8.691997800000000191e-03 -5.284875500000000247e-03 9.999482600000000332e-01 3.313145200000000012e-01 0.000000000000000000e+00 0.000000000000000000e+00 0.000000000000000000e+00 1.000000000000000000e+00
9.966109399999999452e-01 -8.159202699999999753e-02 1.045797300000000062e-02 6.826478400000000590e+01 8.150933800000000062e-02 9.966396299999999986e-01 8.103845599999999483e-03 4.491624800000000306e+00 -1.108403999999999986e-02 -7.223958699999999747e-03 9.999124799999999924e-01 3.325397500000000228e-01 0.000000000000000000e+00 0.000000000000000000e+00 0.000000000000000000e+00 1.000000000000000000e+00
9.964416499999999566e-01 -8.306555699999999820e-02 1.428794000000000071e-02 6.904973499999999831e+01 8.293798900000000363e-02 9.965112999999999888e-01 9.301504500000000106e-03 4.567276399999999903e+00 -1.501072799999999922e-02 -8.083393499999999218e-03 9.998546600000000062e-01 3.318980599999999948e-01 0.000000000000000000e+00 0.000000000000000000e+00 0.000000000000000000e+00 1.000000000000000000e+00
9.962630300000000494e-01 -8.484593799999999575e-02 1.615984000000000170e-02 6.982181300000000590e+01 8.467538800000000421e-02 9.963482900000000253e-01 1.096214000000000043e-02 4.637461400000000289e+00 -1.703092200000000042e-02 -9.552834300000000167e-03 9.998093300000000516e-01 3.335916899999999963e-01 0.000000000000000000e+00 0.000000000000000000e+00 0.000000000000000000e+00 1.000000000000000000e+00
9.962413500000000255e-01 -8.572884199999999955e-02 1.239923100000000014e-02 7.057552499999999895e+01 8.555535599999999907e-02 9.962363899999999717e-01 1.390482399999999966e-02 4.707299500000000414e+00 -1.354461000000000033e-02 -1.279173999999999936e-02 9.998264399999999830e-01 3.440893600000000108e-01 0.000000000000000000e+00 0.000000000000000000e+00 0.000000000000000000e+00 1.000000000000000000e+00
9.961758699999999633e-01 -8.725585099999999539e-02 4.478062900000000408e-03 7.130646600000000035e+01 8.717861200000000255e-02 9.960761299999999485e-01 1.523891200000000029e-02 4.778579099999999968e+00 -5.790175800000000109e-03 -1.479024500000000047e-02 9.998738499999999529e-01 3.419582400000000244e-01 0.000000000000000000e+00 0.000000000000000000e+00 0.000000000000000000e+00 1.000000000000000000e+00
9.960919900000000382e-01 -8.831153599999999604e-02 -1.352006900000000088e-03 7.201235499999999945e+01 8.832188400000000328e-02 9.959749700000000150e-01 1.526793299999999916e-02 4.843487399999999887e+00 -1.769535000000000076e-06 -1.532767699999999962e-02 9.998825199999999969e-01 3.515587700000000204e-01 0.000000000000000000e+00 0.000000000000000000e+00 0.000000000000000000e+00 1.000000000000000000e+00
9.960418699999999959e-01 -8.884184100000000472e-02 -2.777988900000000205e-03 7.270658199999999738e+01 8.887696000000000485e-02 9.958894700000000544e-01 1.746541100000000013e-02 4.911351899999999659e+00 1.214910600000000023e-03 -1.764318000000000136e-02 9.998436099999999938e-01 3.538964499999999735e-01 0.000000000000000000e+00 0.000000000000000000e+00 0.000000000000000000e+00 1.000000000000000000e+00
9.959706499999999574e-01 -8.967895900000000253e-02 3.941801200000000054e-04 7.338635899999999879e+01 8.965668300000000090e-02 9.958038599999999851e-01 1.833989100000000053e-02 4.984738100000000394e+00 -2.037228400000000005e-03 -1.823065199999999997e-02 9.998317300000000296e-01 3.630238000000000076e-01 0.000000000000000000e+00 0.000000000000000000e+00 0.000000000000000000e+00 1.000000000000000000e+00
9.958570399999999712e-01 -9.088805299999999643e-02 2.848570600000000126e-03 7.404197999999999524e+01 9.082509800000000688e-02 9.957140300000000277e-01 1.744609299999999932e-02 5.046311099999999605e+00 -4.422003199999999939e-03 -1.711509300000000136e-02 9.998437500000000311e-01 3.759487200000000140e-01 0.000000000000000000e+00 0.000000000000000000e+00 0.000000000000000000e+00 1.000000000000000000e+00
9.957684900000000061e-01 -9.189728699999999417e-02 -8.264305800000000003e-05 7.466634200000000021e+01 9.188859500000000347e-02 9.956611100000000159e-01 1.467793099999999996e-02 5.101474699999999807e+00 -1.266577600000000055e-03 -1.462341500000000072e-02 9.998922700000000274e-01 3.820590600000000059e-01 0.000000000000000000e+00 0.000000000000000000e+00 0.000000000000000000e+00 1.000000000000000000e+00
9.957778800000000041e-01 -9.168119199999999469e-02 -4.578690100000000311e-03 7.527829300000000501e+01 9.171153999999999418e-02 9.957615199999999556e-01 6.927935999999999990e-03 5.151612599999999986e+00 3.924122000000000374e-03 -7.318604200000000323e-03 9.999655200000000521e-01 3.957838499999999926e-01 0.000000000000000000e+00 0.000000000000000000e+00 0.000000000000000000e+00 1.000000000000000000e+00
9.958608899999999986e-01 -9.044072699999999854e-02 -9.030849999999999989e-03 7.587399399999999616e+01 9.047733600000000542e-02 9.958915299999999693e-01 3.730161899999999940e-03 5.209107500000000002e+00 8.656388399999999372e-03 -4.531809599999999695e-03 9.999522600000000372e-01 4.063358200000000142e-01 0.000000000000000000e+00 0.000000000000000000e+00 0.000000000000000000e+00 1.000000000000000000e+00
9.961201499999999820e-01 -8.748669800000000163e-02 -9.524675700000000481e-03 7.645558200000000681e+01 8.754105500000000650e-02 9.961460199999999654e-01 5.447235600000000129e-03 5.258637199999999901e+00 9.011407100000000392e-03 -6.259901299999999676e-03 9.999398000000000453e-01 4.163080800000000248e-01 0.000000000000000000e+00 0.000000000000000000e+00 0.000000000000000000e+00 1.000000000000000000e+00
9.964944399999999813e-01 -8.335674199999999756e-02 -7.105855200000000399e-03 7.702331999999999823e+01 8.342829799999999796e-02 9.964589799999999942e-01 1.045061100000000028e-02 5.319203899999999763e+00 6.209564400000000019e-03 -1.100680499999999971e-02 9.999201399999999573e-01 4.211218199999999801e-01 0.000000000000000000e+00 0.000000000000000000e+00 0.000000000000000000e+00 1.000000000000000000e+00
9.969036100000000511e-01 -7.854432399999999870e-02 -3.740328099999999829e-03 7.758131299999999442e+01 7.857554899999999454e-02 9.968666400000000261e-01 9.098649099999999920e-03 5.361870399999999925e+00 3.013960999999999897e-03 -9.364374400000000098e-03 9.999516099999999907e-01 4.335391299999999948e-01 0.000000000000000000e+00 0.000000000000000000e+00 0.000000000000000000e+00 1.000000000000000000e+00
9.973308699999999805e-01 -7.301000900000000071e-02 8.220661300000000086e-04 7.811405000000000598e+01 7.300463299999999933e-02 9.973173800000000311e-01 5.325279999999999944e-03 5.390121200000000279e+00 -1.208659599999999936e-03 -5.251051500000000240e-03 9.999854799999999821e-01 4.458637100000000242e-01 0.000000000000000000e+00 0.000000000000000000e+00 0.000000000000000000e+00 1.000000000000000000e+00
9.978955800000000043e-01 -6.464843700000000304e-02 4.999358500000000358e-03 7.865095999999999776e+01 6.464640300000000506e-02 9.979080700000000359e-01 5.675377099999999930e-04 5.417493300000000289e+00 -5.025590600000000123e-03 -2.431528299999999960e-04 9.999873400000000023e-01 4.603861599999999887e-01 0.000000000000000000e+00 0.000000000000000000e+00 0.000000000000000000e+00 1.000000000000000000e+00
9.985170100000000382e-01 -5.419642799999999788e-02 5.150942300000000036e-03 7.916037199999999530e+01 5.417782200000000048e-02 9.985245000000000370e-01 3.685599500000000077e-03 5.448253399999999580e+00 -5.343088499999999914e-03 -3.401066999999999806e-03 9.999799400000000116e-01 4.687831199999999976e-01 0.000000000000000000e+00 0.000000000000000000e+00 0.000000000000000000e+00 1.000000000000000000e+00
9.992226199999999503e-01 -3.915920500000000248e-02 4.552007500000000012e-03 7.966012600000000532e+01 3.911543700000000290e-02 9.991910800000000092e-01 9.336394200000000532e-03 5.477897500000000086e+00 -4.913930999999999855e-03 -9.151082499999999356e-03 9.999460500000000307e-01 4.714620700000000109e-01 0.000000000000000000e+00 0.000000000000000000e+00 0.000000000000000000e+00 1.000000000000000000e+00
9.997672399999999460e-01 -2.097829500000000097e-02 5.038446200000000312e-03 8.015961099999999817e+01 2.090302700000000111e-02 9.996755800000000081e-01 1.455347000000000064e-02 5.491519000000000261e+00 -5.342118600000000071e-03 -1.444476400000000056e-02 9.998814000000000313e-01 4.708993799999999785e-01 0.000000000000000000e+00 0.000000000000000000e+00 0.000000000000000000e+00 1.000000000000000000e+00
9.999813800000000308e-01 7.646931399999999743e-04 6.054053999999999686e-03 8.063043999999999301e+01 -8.460038999999999927e-04 9.999093300000000406e-01 1.343964700000000075e-02 5.488205100000000058e+00 -6.043227899999999847e-03 -1.344451900000000026e-02 9.998913600000000068e-01 4.748246199999999750e-01 0.000000000000000000e+00 0.000000000000000000e+00 0.000000000000000000e+00 1.000000000000000000e+00
9.996078200000000358e-01 2.696169699999999975e-02 7.567386599999999935e-03 8.110509700000000066e+01 -2.703397600000000123e-02 9.995882499999999560e-01 9.617334099999999553e-03 5.461757399999999762e+00 -7.304971099999999981e-03 -9.818138900000000432e-03 9.999251200000000006e-01 4.837480000000000113e-01 0.000000000000000000e+00 0.000000000000000000e+00 0.000000000000000000e+00 1.000000000000000000e+00
9.983721700000000032e-01 5.625137399999999982e-02 9.422986700000000188e-03 8.155246800000000462e+01 -5.633246499999999823e-02 9.983752599999999866e-01 8.573189599999999494e-03 5.422660600000000386e+00 -8.925423099999999638e-03 -9.090054000000000189e-03 9.999188500000000257e-01 4.888343800000000128e-01 0.000000000000000000e+00 0.000000000000000000e+00 0.000000000000000000e+00 1.000000000000000000e+00
9.959276599999999924e-01 8.939933099999999855e-02 1.165606200000000002e-02 8.199483999999999639e+01 -8.949768399999999402e-02 9.959532100000000332e-01 8.207518500000000189e-03 5.372879499999999808e+00 -1.087514600000000047e-02 -9.217285199999999609e-03 9.998983799999999755e-01 4.906787899999999758e-01 0.000000000000000000e+00 0.000000000000000000e+00 0.000000000000000000e+00 1.000000000000000000e+00
