0.9999999999999998 -1.1794373788008953e-19 4.513296021473011e-20 0.0 2.4107507038170413e-18 1.0 3.3933805515706776e-19 0.0 7.125608876658357e-20 -9.89939681588554e-19 1.0 5.551115123125783e-17
0.9999896753098819 -0.0032176622815050624 -0.0032077153653113067 -0.0014367641404686663 0.0032118019784609622 0.9999931716405009 -0.0018303504660912046 -0.01074505432300743 0.0032135824387899935 0.0018200289717356245 0.9999931830496172 0.6862597854277619
0.9999694648053228 -0.002002754379347248 -0.0075536888100269746 -0.012467145245246853 0.0019783941079355265 0.9999928278660716 -0.00323102545767153 -0.01873118097098722 0.007560104490178734 0.0032159826913964666 0.9999662473286057 1.3853776213754316
0.9999345585050006 -0.0017898918106982007 -0.011299605466105322 -0.03043133293886833 0.0017376614365053544 0.9999877721530507 -0.00463043358372895 -0.026955826809489374 0.011307753540093616 0.0046104955099573255 0.9999254393419486 2.1031044443782685
0.9998698589485299 0.0002500252197840429 -0.016130652979564473 -0.04615077138432492 -0.0003345085403421537 0.9999862434387907 -0.005234961069880421 -0.03500372789089042 0.01612911951040216 0.00523967551952973 0.9998561876126795 2.8325681754265646
0.9997820472077181 -0.0005326680524410411 -0.020870491098953222 -0.0643122212388757 0.0004199549337969864 0.9999853072690771 -0.0054046055532302895 -0.04797188109186601 0.020873060295371088 0.0053946627545718865 0.9997675755232046 3.5851220499373744
0.9996846775486311 0.0006641722507532412 -0.025102070858134245 -0.09276528572088898 -0.0008251499458007437 0.9999791625026258 -0.006403113236663879 -0.06393752572204467 0.025097291907254737 0.006421806902985703 0.9996643899487431 4.344589366035232
0.9995374342587393 0.003928949023584331 -0.03015774544140495 -0.12432863402792192 -0.004140983470872661 0.9999671202796531 -0.0069716246502153365 -0.0804548579512527 0.030129358620988755 0.007093282242856925 0.9995208354616075 5.124486252342687
0.9993845251682925 0.005585898125173442 -0.03463191155762167 -0.15680920797573464 -0.005793735752903288 0.999965790644558 -0.005903903397261737 -0.08583671618600087 0.0345977434498598 0.00610091770686015 0.9993826941871494 5.914388440445055
0.9992303995114854 0.005755714482080092 -0.038800639810784646 -0.1962767198934422 -0.005887044751548496 0.9999773218806188 -0.003271354735429854 -0.09995243458368276 0.03878092563609735 0.003497258157930167 0.9992416186078957 6.713859109145707
0.9990752090061483 0.00394547946752362 -0.042815428942551324 -0.229196790235462 -0.003975075237066047 0.999991914077822 -0.0006061345900229026 -0.11026604685300152 0.04281268531560591 0.0007757685866869564 0.9990828169160295 7.523062015378866
0.9989816407077942 0.004335901950309521 -0.04490974931875367 -0.2792640525248139 -0.004368220524307164 0.9999902700995126 -0.0006215315231225545 -0.12434293343384972 0.04490661087540792 0.0008170742604939196 0.9989908591926933 8.34718095720438
0.9988631644591013 0.004220777588131872 -0.047482343698517074 -0.31752162057525934 -0.004292314863702957 0.9999898031812847 -0.0014047551605806576 -0.13140771495918077 0.047475923664231284 0.0016069672944218124 0.998871092359614 9.169560993981552
0.9987825526533106 0.0024661149128727125 -0.04926788491371651 -0.35563259647944206 -0.0025349144451651093 0.9999959002760095 -0.0013340100915008983 -0.14882194879211044 0.049264386159745106 0.001457275990587029 0.99878470707068 9.99940647210361
0.9986858072522166 0.0023211611800801387 -0.051198298853725364 -0.4025587536296384 -0.0023651802876487192 0.9999968845430344 -0.0007992120913531391 -0.15733896147655674 0.051196277487036666 0.0009192549994628441 0.9986881882047491 10.838603372086217
0.9986110048638476 -0.0015765157900766238 -0.052664766417767225 -0.45039985207108924 0.0015350000653176043 0.9999984791167497 -0.0008287379956415945 -0.1684236927112 0.05266598483513788 0.0007467464609212474 0.9986119060194025 11.696640702593129
0.998524115937123 0.0014452919290601385 -0.05429091373470779 -0.5057298869453121 -0.0016142667742850792 0.9999939899379435 -0.0030686756881442845 -0.18300879260359254 0.054286144675214934 0.003151786608620527 0.9985204441249336 12.563513289252073
0.9984690772231137 0.0031492520717580825 -0.055223006153388154 -0.572204627855361 -0.0034653482841442607 0.9999781470256005 -0.00562917792440008 -0.19415464898254392 0.055204065052812494 0.005811926869448736 0.9984581757512857 13.43338004283503
0.998380781335607 0.007029873517494927 -0.05644815429889188 -0.63826966441094 -0.007445534515702762 0.9999466717524985 -0.0071566695850686915 -0.2047663576776835 0.0563948259556794 0.007565367934186657 0.9983798769118943 14.318308481342333
0.9983071172630031 0.00755479471975724 -0.05766989622057268 -0.701528448986807 -0.007971438590913423 0.9999437356444141 -0.006998020808610351 -0.21571294046282855 0.057613775408278695 0.00744588583622575 0.9983111770925831 15.205319352704702
0.9982357431003952 0.007026358027183387 -0.05895792697452819 -0.7591680031287983 -0.007365761261097527 0.9999575185167303 -0.00554136429560883 -0.23235042133118103 0.05891647948607533 0.005965857789068727 0.9982450883828745 16.10193040907358
0.9981806310403706 0.007056617361141572 -0.05988012434288697 -0.8221000967427988 -0.007306118542509032 0.999965516179631 -0.0039487711778847315 -0.2465078563461886 0.05985018612024868 0.0043790782640426565 0.9981977627799983 17.004319875384095
0.9981201611668764 0.007036262983153109 -0.060882086244363656 -0.889199114532509 -0.007258246789120292 0.9999677936557868 -0.003425753476122121 -0.26348223622934197 0.06085601265117917 0.0038612107718319078 0.9981390851773367 17.910495465765553
0.9980533859664138 0.006175485172945079 -0.06205879181519463 -0.9487777590516706 -0.006462975244895865 0.999969291801077 -0.004432886744719415 -0.2763792509514742 0.06202950263210748 0.004825341963769574 0.9980626522325095 18.818299307234327
0.998081460884436 0.005655201888930103 -0.06165560210090371 -1.0583599547863003 -0.005962136463266089 0.999970731520062 -0.004795383816611708 -0.28449159855659606 0.061626670112475745 0.0051537826743855005 0.9980859675955019 19.71968864321782
0.9979745039854911 0.0059491451081240265 -0.06333636761516712 -1.1174337697371364 -0.006123092815843745 0.9999779938920361 -0.002552671841819383 -0.30253600831531774 0.06331977968394915 0.002935315736934676 0.9979889721224728 20.65859239590882
0.9980027406281801 0.0069059483639979605 -0.06279197979639076 -1.19260804930819 -0.006887364796555486 0.9999761459145223 0.0005123910623745465 -0.31153846536396196 0.0627940122109525 -7.889641687529395e-05 0.9980265034572976 21.59164541215958
0.9980351731586811 0.007021254906486517 -0.0622615518224114 -1.2615141439609767 -0.006772809051514676 0.9999682375239626 0.00420050195795113 -0.32017449338250703 0.06228905829617344 -0.0037705629927334465 0.9980510293173563 22.527895906412624
0.9981650260635142 0.006603338911665263 -0.06019118924214124 -1.3292728248036811 -0.006193318995788631 0.999956344136949 0.00699596960252403 -0.3225938025261603 0.060234751038919336 -0.006610348758753759 0.9981623497995368 23.464344591132512
0.9983424763440736 0.0054530371403765775 -0.05729367723649741 -1.407971942320426 -0.005008392471558054 0.9999562409817705 0.00790151930680094 -0.32591043952997706 0.0573342501769462 -0.007601472915025121 0.9983261026741559 24.409743807263645
0.9984649553713829 0.006324922485819286 -0.05502488763372278 -1.4809909019103065 -0.006047763651555082 0.9999681779111573 0.005202022284198881 -0.3248048557785714 0.05505603108803674 -0.004861259364006125 0.9984714367174599 25.365225206096135
0.9985465206241326 0.00839396767978697 -0.053238876844291 -1.543046770322943 -0.00837864813148259 0.9999647705941095 0.0005109222586733699 -0.33388871902445505 0.053241282362159276 -6.410981892246126e-05 0.9985816787817577 26.31978415526224
0.9986075428995465 0.008354903690743435 -0.052088044780913556 -1.5980039687700793 -0.008494252572191496 0.9999609110209301 -0.0024544690956717834 -0.3459724902057799 0.05206549480330046 0.0028935003957617227 0.9986394760795232 27.28046056902638
0.9986629553260493 0.0069499935809702 -0.05122496158810405 -1.647528882113215 -0.00702580452236569 0.9999744750181131 -0.001300055987072838 -0.3620023728795012 0.051214611068786706 0.001658214304118713 0.9986862896558374 28.25353974405976
0.9986904959437695 0.0028466324717710003 -0.051080152383397935 -1.699600799058727 -0.0026848757879253627 0.9999911656179639 0.0032350528425459765 -0.36979465184316157 0.05108890320757472 -0.003093672515398489 0.9986893184382664 29.225799726417975
0.9986428784203728 -0.0020462747808496252 -0.05204053531376155 -1.75218442949978 0.0024153446196510347 0.9999723715533405 0.007030074498363088 -0.3773669983173971 0.052024705621412766 -0.007146229432441682 0.9986202300262864 30.211929665713114
0.9985392243834083 -0.010351587449012503 -0.053030746868178616 -1.7973706822699596 0.010716348264038104 0.9999208018587608 0.006598563994094497 -0.39195690695471636 0.0529582342130396 -0.007157220652403382 0.9985710737578312 31.19632454997656
0.9984822195827908 -0.00961230360956812 -0.05422963470771128 -1.848687047324054 0.009777830000863299 0.9999483141187103 0.0027878345446216875 -0.4041460082293231 0.054200027209087814 -0.0033138512188682014 0.9985245962984988 32.17601107594428
0.9983982440678524 -0.009382613243375863 -0.055793547104635334 -1.9111669400859117 0.009313068792250346 0.9999554939059256 -0.0015063227991736602 -0.41882269116466053 0.05580518926578378 0.0009843007320672113 0.9984411920262217 33.156441527507894
0.9983144817758681 -0.008634309194376378 -0.057390217430752656 -1.9747521244793182 0.00852783877411463 0.9999614336146224 -0.002099841530779776 -0.42334723484194803 0.05740612700049141 0.0016068877286559986 0.9983496146095094 34.1478941206846
0.9982489035981722 -0.010473291429691702 -0.058218906175761496 -2.041058705798718 0.010476035428575102 0.9999450924821975 -0.0002580663770118139 -0.4434110760454682 0.0582184046880805 -0.0003522887484216047 0.9983038039196303 35.167554648553086
0.9981985630849114 -0.009156666006770994 -0.0592940867289719 -2.114158624218899 0.009303513150739037 0.9999542949540724 0.0022010113836912876 -0.4467609321109065 0.05927121474498398 -0.0027486896533326396 0.9982381319610162 36.166197506531766
0.9981836274517185 -0.006092999701150431 -0.05993594582636771 -2.18847764845383 0.006326209177160133 0.9999731394507195 0.003702003798634539 -0.4622837702492024 0.05991177115425245 -0.0040744468355379355 0.998195363097562 37.17216717478227
0.9981712170269158 -0.006497377517162258 -0.060099932080547806 -2.273156104361595 0.006862669696190734 0.9999592037500611 0.005873677886411405 -0.46023204376782917 0.060059308410481745 -0.006275381828098471 0.998175079223023 38.18455580810802
0.9981885229553558 -0.006108410448694585 -0.05985286373933932 -2.3385376341134516 0.0066832462348292935 0.999933402464023 0.009408687256850219 -0.4751860796032293 0.059791398163076076 -0.00979165470348864 0.9981628645806213 39.18664986224205
0.9981814584181586 -0.0016499334902889296 -0.06025820251713432 -2.418855883501966 0.00234581512894139 0.999931362677857 0.01147941835063933 -0.4737939562583064 0.06023511812506607 -0.011599896708251105 0.9981168089039845 40.19980784597508
0.998185477467759 -0.0002755068160613835 -0.06021352320447112 -2.486258961461477 0.0009530242575465159 0.9999365588041023 0.011223487926509238 -0.48447102073777326 0.060206603842878764 -0.011260507858744332 0.9981224237281389 41.19150384347061
0.9981716773081419 -0.0010171424348131126 -0.06043404199726741 -2.5489394157358074 0.0015962056385225504 0.9999532704475519 0.009534238935818253 -0.4901971141533369 0.06042151265589562 -0.009613272233768054 0.9981266622443059 42.18661855626311
0.9981956057335509 0.0026371733598397487 -0.05998815649764566 -2.6178841455086013 -0.0022109991347709483 0.9999718542526337 0.007169569310358503 -0.49954422694792416 0.06000536702032295 -0.007023998588172552 0.9981733400138156 43.197533985616715
0.9981352590752453 0.0021734329581473933 -0.06100229134215654 -2.681405742358874 -0.0017412094925659055 0.99997301048454 0.007137625614635875 -0.5100008667063192 0.06101614978233675 -0.007018097856520812 0.9981121104402148 44.17635267354701
0.9980754007501332 -0.00043854651853015013 -0.062010501676500074 -2.745535493098334 0.0009653094311056453 0.9999637093141058 0.008465034956703225 -0.5185130063750961 0.062004530219716934 -0.008508602186722895 0.998039599935761 45.159663229399236
0.9980428426111818 -0.00045038101723793777 -0.06253222130490711 -2.8107040757707846 0.0010444544975865154 0.9999546316273713 0.009467917759940638 -0.5243549434211768 0.0625251118254258 -0.009514699352477833 0.9979980357614466 46.17062484774257
0.9980123485537182 0.0010824462490016502 -0.0630094123376089 -2.8832213488900607 -0.0006525331062464573 0.9999763714747625 0.006843177580713492 -0.5440600077947765 0.0630153224195646 -0.006788459763589896 0.9979894699715192 47.135189232216675
0.9979878580611236 0.003981015789051636 -0.06328026517945447 -2.9557512894439344 -0.003868849495638515 0.999990715667526 0.0018949631708512621 -0.550178254566607 0.06328721314716988 -0.00164632834196007 0.9979939962713503 48.119300947540545
0.9979242956466935 0.004778034147664263 -0.06422048348940752 -3.028780803570571 -0.004734716921696046 0.9999884475653723 0.0008266755997499921 -0.5656960055077278 0.06422368272641742 -0.0005208939095069101 0.9979353967879341 49.09515184510334
0.9979287603686058 0.004165509539446606 -0.06419368107126364 -3.0990814176689967 -0.003923187617677238 0.9999846981470119 0.0039004389075594616 -0.5727064795967521 0.06420893739543028 -0.0036405161722659852 0.9979298314843823 50.07367190528053
0.9979722248575511 -0.00038843048559017256 -0.06364970628998048 -3.166230175427173 0.0008633148681750566 0.999971994672762 0.007433573492978168 -0.5863337518754954 0.0636450282386984 -0.007473449470631489 0.997944620469687 51.06140963186621
0.9979263887670868 -0.0011302713665485358 -0.06435556717930412 -3.2369201379911363 0.001666980139711291 0.999964271992091 0.008286661103300877 -0.5905862753072982 0.06434389253738299 -0.008376757045219785 0.9978926292408222 52.01760650313625
0.9979227113075709 -0.004438656820246962 -0.0642694588542516 -3.297244613605772 0.004906401849168962 0.9999626066342863 0.0071218819726707305 -0.6062834089766531 0.06423543505018857 -0.0074224193008482695 0.9979071720581426 52.97697872929875
0.9978890843934624 -0.007737124233840743 -0.06447880752581941 -3.3541836217220813 0.00812696160749892 0.9999502407410938 0.005785898484862242 -0.6243409598617455 0.06443082383655045 -0.006297701493739908 0.9979023048654437 53.953381437699925
0.9978068466350734 -0.007957669368227152 -0.06571286757754503 -3.4239959525258623 0.0084232182484919 0.9999413310692995 0.006810586884861455 -0.6316634850299573 0.06565480688559472 -0.007349163826907317 0.9978153322956272 54.89344807150123
0.9977430986332624 -0.01128649244387771 -0.06619163332200216 -3.4811827672038995 0.01202997879834131 0.9998688284174512 0.010844538606443766 -0.6394746261104682 0.06606054486182324 -0.011616346952607022 0.9977479929492863 55.865039182395414
0.9976346068498594 -0.014164153355227105 -0.06726486503902522 -3.5427883686978388 0.01527037006299501 0.9997560118728199 0.015960101343386563 -0.6479785337149804 0.06702238228685002 -0.016949508369041306 0.9976074912773208 56.81167692582843
0.9976229077216956 -0.01301647187509696 -0.06766903907121442 -3.6161112925550967 0.014274414723048258 0.9997335675968299 0.018139485932409022 -0.6451502741879139 0.06741488885092811 -0.019062302274286083 0.9975429146814745 57.75666942911978
0.9975884162579448 -0.011282670866343622 -0.06848398178541491 -3.686842604513746 0.012311613411819213 0.9998173081071685 0.014621145906023373 -0.6533993973029455 0.06830649616910321 -0.015429034263445754 0.9975450656348863 58.71283423570085
0.9975120200608754 -0.007664601284823097 -0.07007868485813977 -3.7593645665813487 0.008188703831825449 0.9999405877723563 0.007194562200569837 -0.6663265590152908 0.0700193684289734 -0.00775051565013443 0.9975155221667684 59.62458045185357
0.9974729629007844 -0.005486636639042297 -0.07083488285936632 -3.8360675388027614 0.005640210794771362 0.9999821561750295 0.001968234827346347 -0.680993115342359 0.07082280989759934 -0.0023627845609435908 0.997486110924186 60.54518082546553
0.997450252423494 -0.0012269694242518824 -0.07135460864506617 -3.911681216341092 0.001402670577926315 0.9999961055074051 0.002412312457042568 -0.6824451590066657 0.07135136080445674 -0.002506248531815599 0.9974480920691007 61.4562213499701
0.9973632475616458 0.0008004160335887208 -0.07256666835610423 -3.988694307539867 -0.000446792221355389 0.9999879430489621 0.00488919208361275 -0.7023116031907679 0.07256969758848876 -0.004843878153047226 0.9973515793893919 62.34913720850289
0.9972727969144028 0.002326290024875477 -0.07376695896148708 -4.066055992439067 -0.0018489332042789684 0.9999769170084305 0.006538771729578964 -0.7132902725761489 0.07378045683186088 -0.0063845485963850935 0.9972540660771664 63.236098526108826
0.9972051532714292 0.004079914565042724 -0.07460056765290822 -4.135349896558928 -0.003622827850855984 0.9999738351029641 0.006261412678196184 -0.7285782492836148 0.07462415114806528 -0.005973647807488572 0.9971938416256066 64.11666425033687
0.9970837748034395 0.005772141186340845 -0.07609624214302241 -4.206253762944182 -0.005244267145205762 0.9999607925232946 0.0071349229260689985 -0.7424153798770949 0.07613443286838824 -0.006715046686121187 0.997074952673266 64.96053522948812
0.9969697140008602 0.006572005824657792 -0.07751258838088225 -4.2792057404063035 -0.005974668764599987 0.9999506577619145 0.007935708189747443 -0.754390475188544 0.07756090690587888 -0.007448548430727016 0.996959788237225 65.82247355656978
0.9968425919078555 0.00619683938096979 -0.07916089359717239 -4.347392771257944 -0.005562782309263991 0.9999506762360968 0.00822773559590042 -0.7676764288847113 0.07920796404765194 -0.0077614022570557505 0.9968279018560479 66.64168268269596
0.9967523327933324 0.006567567217768496 -0.08025986249205604 -4.4155917026164015 -0.005834325003981549 0.9999391103661267 0.009366943005860997 -0.7792967193289053 0.08031648252889755 -0.008868259808944096 0.9967299568405408 67.44996846121447
0.9966469947057098 0.00871234861358897 -0.08135637982762503 -4.488312057821986 -0.007780048334611743 0.9999004752302337 0.011769437268780459 -0.7851140113508834 0.08145081072199815 -0.011097016803862384 0.9966155800640563 68.26217353601093
0.9965214231161568 0.009918953595174383 -0.08274459336183988 -4.5639622161684885 -0.008647629893206672 0.9998392169716124 0.015708693027157303 -0.7883836617226674 0.08288709196459731 -0.014938504285352821 0.9964469699122307 69.0469057609004
0.9963599853627095 0.011592087621679186 -0.08445359088711085 -4.634239289716941 -0.010127951567877842 0.9997912606390589 0.017744437217385417 -0.7945026740572714 0.08464164551852718 -0.016824504681293036 0.9962694039982317 69.81885270699209
0.9962457012937072 0.014543910337070557 -0.0853404142086476 -4.7039386036061055 -0.013373783806025118 0.999808776314875 0.014267020922590678 -0.8109241317893998 0.08553158147445478 -0.01307213313800774 0.9962497023914179 70.57271097649743
0.9960800430033278 0.015895224125963003 -0.08701656484695228 -4.775304757567717 -0.01538529733631351 0.9998603280577938 0.006527661519666357 -0.8157703926954345 0.08710815864675153 -0.005163297530752754 0.9961854789388782 71.3041103911386
0.9959747427621586 0.015936235879777074 -0.08820632193871916 -4.840333341356654 -0.015932217503264363 0.9998727888947135 0.000749611519867498 -0.831629933714558 0.08820703632046048 0.0006587280685644289 0.9961019483431278 72.01024667775827
0.9958882818041056 0.01813872213834228 -0.08875533350011146 -4.9079600441135245 -0.018251700970763677 0.9998333184430969 -0.0004614744017687712 -0.8388086682123934 0.08873215655828465 0.0020795128101490923 0.9960533497527979 72.7045405369943
0.9958050216866944 0.01901782964837953 -0.08950241453234418 -4.981298689139605 -0.018843037916431167 0.9998185380553235 0.002797519890727852 -0.8512996699465417 0.08953936399376929 -0.0010992869692916687 0.9959826802579821 73.38408689525556
0.9957170082622345 0.018132095759902978 -0.0906579394164771 -5.043080328271851 -0.017734250200637885 0.9998292571970693 0.005192081804456832 -0.8677401348731693 0.09073659113080292 -0.0035620933381532885 0.9958685545406961 74.03947544403326
0.9956618357445636 0.015373946280269286 -0.09176684283965472 -5.0984982225856275 -0.015250592718470282 0.9998816110889183 0.002045307258233644 -0.8787932523050606 0.09178741122603579 -0.0006369355406451449 0.9957784231665181 74.66394822856802
0.9957586258818647 0.007624912319707787 -0.09168766850596156 -5.1488781812237105 -0.007947087469358951 0.999963463266534 -0.003149255378875598 -0.8979504947207222 0.09166029372791389 0.0038645480797892336 0.9957828308516014 75.27605170971476
0.9958853004096127 0.004419375322427572 -0.09051486484915022 -5.206030754981861 -0.005154840258792524 0.9999555579005411 -0.007893191650583237 -0.9136857217634015 0.09047594719055191 0.008327303045044898 0.9958638216898461 75.87193967098922
0.9961396767789306 0.0061133173527223965 -0.08756925670588708 -5.254435433335984 -0.006863935167924884 0.999942216633218 -0.00827316279686253 -0.9275829812244332 0.08751360868733736 0.008842295213554322 0.9961240765878514 76.45353304374296
0.9964546823932873 0.011083018570929701 -0.0833980138996254 -5.313305094821501 -0.01158231702845815 0.9999177636892309 -0.005505505418422609 -0.9352499024259072 0.08333012710134692 0.00645192862278594 0.9965011139174818 77.02118180240437
0.9968646826772395 0.009691432608816938 -0.07852949632637 -5.354479664321792 -0.009906744027395796 0.9999481582328372 -0.002352670992762959 -0.9504021944741871 0.07850261419321658 0.003123266173084856 0.9969090190899234 77.57897291441837
0.9973181581626157 0.00587242299152122 -0.07295202793553472 -5.381172561139692 -0.005754963675318854 0.9999817808098528 0.0018201771832555209 -0.9650682508986882 0.07296137745861198 -0.0013954594504196314 0.9973337910275315 78.11143441340798
0.997910829309671 0.0010477820491215908 -0.06459779603424882 -5.406244085055227 -0.0006898351431091143 0.9999842851703922 0.005563217392318049 -0.9820855632900556 0.06460260148055393 -0.00550703295467603 0.997895875519937 78.64808089408571
0.9985269040158267 0.004085192424959767 -0.05410481292636789 -5.433615655954637 -0.003777235730718806 0.9999760853310956 0.005792884376688216 -0.9938769681280835 0.05412717714276666 -0.0055799840718463445 0.9985184606530776 79.15748644328121
0.9991926474556653 0.009621911198282651 -0.03900605588889864 -5.4583477165296435 -0.009424603431078942 0.999941858635681 0.005239096046525572 -1.0001510867599301 0.03905419278832559 -0.004867249661515933 0.9992252439086536 79.65728687273173
0.9996765055345308 0.014702927905619738 -0.020753640358866145 -5.466136926672114 -0.014591341088499715 0.9998783170416818 0.0055179121915578805 -1.0030638373716698 0.020832242404080988 -0.0052133035867233165 0.9997693974237873 80.15669140958117
0.9999093241931564 0.013430113203104969 0.0009917288841439235 -5.456365568274038 -0.013435864583162519 0.9998914880159538 0.0060412925044140125 -1.0102431096092876 -0.0009104859119101962 -0.006054069098107162 0.9999812577908899 80.6272340971521
0.9995866786556817 0.009421325613578314 0.027160800135274523 -5.42236185451899 -0.009617269869185237 0.9999286004303369 0.007092687007259256 -1.022447285358536 -0.02709203437411924 -0.007350967888695996 0.9996059109139812 81.10130799460661
0.9983712153560275 0.008174943824884755 0.056463200099582715 -5.374635975778274 -0.008667538237966598 0.9999264376757833 0.008484801426714402 -1.0306571043163966 -0.056389675928127624 -0.008960378161826092 0.9983686269681891 81.54781202287528
0.9959453439591123 0.0075886406713938015 0.08963972690500195 -5.315048903248754 -0.008535460367821532 0.9999117118480098 0.010183903378749703 -1.0355962169161421 -0.08955451849952714 -0.010907727032666056 0.9959221941928779 81.98891743593536
0.9918395189720115 0.0069764928461166715 0.12730161468030693 -5.2338648186769126 -0.008394577941314842 0.9999085144407666 0.01060646750228735 -1.040225375909272 -0.12721595686989037 -0.011588557378823031 0.9918073465872219 82.44200945443245
0.9857395813309404 0.0071097168211224785 0.168127741247953 -5.13191751582427 -0.009055604503074636 0.9999005689405336 0.010809987537197653 -1.0450144615775179 -0.1680341463201933 -0.012178330375174825 0.9857059497285259 82.86218415847166
0.9770095754092264 0.006499098114556525 0.2130963490507688 -5.013955416840425 -0.008982695692583998 0.9999025230787947 0.010688669401725227 -1.0501753388179194 -0.21300608205979907 -0.0123571118430493 0.976972721511979 83.28139484829164
0.9650438096739941 0.008292922226939227 0.2619574028678998 -4.873632057450164 -0.010943731313569858 0.9999026000988689 0.008661970664636798 -1.05556222938021 -0.26186001085354665 -0.011225972578396002 0.965040570227137 83.69430346945022
0.9492686821299497 0.008569805937050746 0.3143493762549038 -4.71028131701963 -0.01116878225713267 0.9999167123259429 0.006467593650670248 -1.0673220221866175 -0.3142677332379681 -0.009650383105809178 0.9492853355441074 84.06664818159638
0.9290008387801982 0.00874579162684298 0.3699742851105981 -4.5192247121335996 -0.01100331411252731 0.9999314895638003 0.003991888361816847 -1.0718210542818718 -0.3699139756822765 -0.007779410488969675 0.9290334316560014 84.4440877414677
0.9044879568196038 0.008780884398265288 0.42640879708966156 -4.313654396255969 -0.01082017343746991 0.9999386721728051 0.002360109293813524 -1.078748822615033 -0.42636186098162954 -0.006748507086105532 0.904527501007591 84.78295089227548
0.875352325760028 0.009214490154651443 0.48339779742632505 -4.085202432022322 -0.010429580563812012 0.9999455930181906 -0.00017466068770261218 -1.0743590503351677 -0.48337303933499265 -0.004888746773580621 0.8754008112217816 85.10954838703091
0.8414381319057918 0.007135553919893913 0.5403063969008056 -3.8172884440935393 -0.007385883509486609 0.9999712732699154 -0.0017038185869494927 -1.0940977886532424 -0.5403029545468188 -0.002556982487035645 0.8414666548242927 85.42239800720479
0.8044734438127074 0.0065279449193249 0.5939527893355806 -3.5612423052145896 -0.006023272428161615 0.9999778443035938 -0.0028322746859932996 -1.0985919818941527 -0.5939580434811982 -0.0012990496700497022 0.8044949418836986 85.69245710748649
0.7642983141800096 0.0046946473987347515 0.6448457943663467 -3.26306057465205 -0.004772276547123297 0.9999872983995305 -0.00162386761740623 -1.1109473398052458 -0.6448451421316095 -0.0018362635133684405 0.7643110074204597 85.96636888856459
0.721267253333526 0.004027559742583221 0.6926452220027988 -2.9840542887197783 -0.005683965026178525 0.9999838448554684 0.00010418529019702776 -1.1124044372307142 -0.6926335147517215 -0.0040121167188179 0.7212784918110055 86.19358022222468
0.6758498236558061 0.0026655162283764637 0.7370345854023961 -2.6714920406928186 -0.004716685414501622 0.9999886290434127 0.0007086312894898268 -1.115508721910915 -0.7370242183465743 -0.003955289306703411 0.6758547073007812 86.41271353054576
0.6287394263578503 0.001165199202252753 0.7776152392140075 -2.32629929371989 -0.0015306281370096203 0.9999987977088876 -0.0002608381006397118 -1.1212624298988734 -0.7776145033747432 -0.0010262404647176965 0.6287404459332621 86.63537632232803
0.5821211570662472 -0.002288644183876439 0.8130988900978797 -2.0116687899355443 0.004072660616504025 0.9999917031925962 -0.00010104169310694815 -1.1435974460626832 -0.8130918084057545 0.003370293787403925 0.5821256497411565 86.80131439952422
0.5346841032302869 -0.0006704298011617693 0.8450518033052757 -1.6645255810718438 0.0029197787417073215 0.9999951799444983 -0.001054057031993519 -1.1479366332539938 -0.8450469133544312 0.0030309512386528913 0.5346834868252148 86.98490293268382
0.4874875660228792 0.0025075149502753226 0.8731263911516401 -1.342317945424674 -0.0007687861132649413 0.9999967200879 -0.002442639509952417 -1.146886204738659 -0.8731295334335297 0.0005195083216017887 0.48748789388922076 87.12290157292095
0.4414630119041804 0.00423731599539244 0.8972695020374851 -0.99631177385729 -0.0016438691717778214 0.9999909918731559 -0.003913618091402728 -1.15333825670693 -0.897277882836065 0.00025272302555776326 0.4414660062226637 87.25646562777796
0.3985151088450113 0.0025654899393872184 0.9171582367413917 -0.6186523081469234 0.005589427246229565 0.9999707245752906 -0.005225800915695451 -1.1508630428319193 -0.9171446753241868 0.007208949112111569 0.3984891065796981 87.36861767911105
0.3591063172090004 -0.005836330434210221 0.9332784732456254 -0.2728985923637801 0.019466935328966227 0.9998097304608586 -0.0012380873845746943 -1.1785708755444289 -0.9330935493677917 0.018612675610688113 0.35915160233014104 87.44795627022117
0.32317892523324143 -0.009669775417713685 0.9462885380101641 0.0943735253113431 0.025482431480966312 0.9996741248931137 0.00151247602957271 -1.179745055994104 -0.9459946690333894 0.02362493043102249 0.32332001987364484 87.53232265708361
0.2894989812885308 -0.0062980226425028655 0.9571576641067098 0.47224619489230213 0.022525179075087186 0.9997462508033487 -0.0002346453375406395 -1.189465353995264 -0.9569131824920875 0.021628076193881587 0.2895673879081204 87.62326858580357
0.25861067087661577 0.0016172451641176726 0.9659803435110073 0.8244369470592974 0.012082725978541858 0.9999149561709614 -0.004908826544451955 -1.1882482580574432 -0.9659060018720687 0.012941149787362879 0.2585691429524228 87.72225457216689
0.2302004051656744 0.00641189748304914 0.9731221904911844 1.2085244312514214 0.006937349069923465 0.9999420716065618 -0.008229703608716764 -1.1944176131130446 -0.9731184555271469 0.00864536853477607 0.23014258322776385 87.80790083111192
0.20394811841096844 0.008079364197051372 0.9789484203766767 1.6077543684951316 0.008226965620367125 0.9999164948624121 -0.009966372009004763 -1.213384586208685 -0.9789470622887307 0.010086396904525752 0.20386462672661954 87.8662879176835
0.18080984535845704 0.00942148979544022 0.9834730138478105 2.0045888751149232 0.015332385758838966 0.9998055991116299 -0.012396787175232333 -1.2215224053127192 -0.9833984872940997 0.01732044763933433 0.18063023552991303 87.91498054689228
0.16012891845144633 0.015100129389654575 0.9869806756741331 2.4066314409427374 0.022471742350743135 0.9995680785310341 -0.01893855141131829 -1.2350086718208209 -0.986840221485551 0.025211783960969868 0.15972043301751945 87.95595971558393
0.140214935118304 0.02230754220256875 0.989869823467004 2.8454570426162755 0.023075781800123568 0.9994009832389252 -0.0257910166650074 -1.2299173281263946 -0.9898520836784745 0.026458304534452845 0.13961618164277076 87.99966678370821
0.12239999455959533 0.023515122266647176 0.9922023002339506 3.283666188501251 0.020898079215147906 0.9994365617123977 -0.02626460301595053 -1.2411031311570124 -0.9922607428942097 0.02394990822522646 0.12183960372800698 88.0547670081617
0.10682375854951028 0.019034565639899654 0.9940958172791452 3.7303988595529294 0.020035777974250976 0.9995725112994106 -0.02129244049035804 -1.2538367730766289 -0.9940760158875798 0.022192020400011957 0.10639672015107914 88.10069793424252
0.09171233082273107 0.015627349599363127 0.9956629785732729 4.210853552744046 0.02090511213410482 0.9996262733771603 -0.017615164698276155 -1.2745818531999642 -0.9955660182705114 0.022429972750045945 0.09135136480010855 88.1335178299068
0.07900938794429298 0.013091169736782687 0.9967879764322499 4.688681645298457 0.023081519758071215 0.9996216775322002 -0.01495791995201212 -1.2883019501803825 -0.9966065541651891 0.02418919618413227 0.07867733452350686 88.16808405441614
0.06678586176010846 0.012327156040151811 0.9976912439353918 5.1881256484113125 0.027541321782316337 0.9995198977450666 -0.014193378622580731 -1.302562519975224 -0.9973870790725322 0.028425650987331668 0.066414293494825 88.19293879663682
0.05733204390956705 0.012839569305580664 0.9982726641017977 5.696280315320374 0.029947970786582543 0.9994451965957319 -0.01457460029418931 -1.3168956159933134 -0.9979058155300636 0.030731830442607595 0.05691571749470107 88.21509037977607
0.04931393690066261 0.013406758392755767 0.9986934116654115 6.2338927579799375 0.03184337533150994 0.9993804856895431 -0.014988359081749196 -1.3310003491020137 -0.9982755115090867 0.0325409026553155 0.04885647140979437 88.2341865088693
0.04283596443776071 0.013862242871692515 0.9989860138286315 6.7788899317228335 0.03428244669381842 0.9992944988344474 -0.015336536754003956 -1.3429086192708433 -0.9984936992851345 0.03490463854354666 0.042330513727791855 88.26129113779876
0.037595453076839785 0.014758302483765043 0.9991841236716043 7.336775149542339 0.034255944732973366 0.9992842253809255 -0.016048701488892723 -1.3563503936583527 -0.9987056473170012 0.03483135319752581 0.03706298554223472 88.28743920904422
0.03178584662482854 0.015495523908928891 0.9993746449141941 7.928278197785036 0.03462525960291608 0.9992625777075131 -0.016595069225071563 -1.3656577892922568 -0.9988946994590493 0.035131093816304866 0.031225871667658396 88.31398234306805
0.026913341908930178 0.015583935709223245 0.9995163580027984 8.543995751357823 0.037401325830233784 0.9991626818541381 -0.016585503946186186 -1.3839543751204741 -0.9989377786915864 0.03782960658270222 0.026307949236931676 88.33075463696353
0.024174554932209016 0.01557330368619812 0.9995865089715079 9.159449580596522 0.038936253263965076 0.9991053344420696 -0.01650746344402984 -1.3992679969859694 -0.9989491619756637 0.039319212278479974 0.0235465616257214 88.35329681775644
0.021225274629314072 0.015203521236209137 0.999659176044433 9.797622998234983 0.039637215818269185 0.9990854465131793 -0.01603639309933931 -1.4172339531080906 -0.9989886096146634 0.039964081650578034 0.020603239857506585 88.3696410720073
0.01838425825452671 0.014728871623713495 0.9997225634519993 10.46363502838572 0.041040666212289904 0.9990376590824699 -0.015473492808991518 -1.431545988517448 -0.9989882599708999 0.041313746777519506 0.01776208466300346 88.38178382654021
0.017887875863064392 0.014323659384352904 0.9997374580352446 11.135486869455015 0.045554276201615944 0.9988473461445494 -0.015125990442775038 -1.4492405864983633 -0.9988016318195755 0.04581288661325498 0.01721475499238621 88.39107152320511
0.018548428332761432 0.013898119387974885 0.9997314341779109 11.84312889863682 0.04906746583041282 0.9986859012774989 -0.014793954214962298 -1.4679295961410574 -0.9986231595516265 0.04932869119480287 0.01784211038973976 88.40121587046596
0.021354575642946075 0.013897502497490817 0.9996754324814261 12.545695184028515 0.05123377411795433 0.9985743795852928 -0.014976627685396692 -1.4835828850465709 -0.9984582818342532 0.051536963095809324 0.020612112771761015 88.41498980693227
0.0251280431617345 0.013668668496700377 0.9995908601201082 13.278146906298513 0.052991143707239306 0.9984825328155567 -0.014985622847179336 -1.5024722662376413 -0.9982787162425598 0.053346020131864305 0.024365595022708856 88.43330036908317
0.028811656416654195 0.013309567493814962 0.9994963077050171 14.026445405344239 0.05371562944032502 0.9984459386670257 -0.01484399783846774 -1.5208004147421932 -0.9981404637010957 0.0541162519534468 0.028051950916319967 88.46395102254833
0.033473441420376726 0.01184803897124674 0.9993694455266567 14.784580560613293 0.05509156545728849 0.9983875637385106 -0.013681666680701783 -1.5373123849299632 -0.9979199964256782 0.0555147968405989 0.03276674184111277 88.48755259444304
0.03755788965898151 0.010195524382544284 0.999242510539358 15.561802887535485 0.05548171202068442 0.9983842845837764 -0.012272124115500457 -1.5588092671971834 -0.997752999279412 0.05590059813561901 0.036931542757242135 88.52246781985494
0.041179246320111086 0.0082876333354943 0.9991174707569694 16.360978087889666 0.0531649935761501 0.998530814436692 -0.010473995820770958 -1.5726147277990006 -0.9977362424607985 0.05354938340167908 0.04067813624319686 88.562285692583
0.04572386225373406 0.007138085358021956 0.9989286774800458 17.1604332956199 0.05118144363607776 0.9986443887254939 -0.009478777628358713 -1.5896861467584367 -0.9976420485885922 0.05156001614140803 0.045296543020772094 88.60875197527349
0.049274641323079946 0.007806686103407721 0.9987548217257483 17.971789915576114 0.04909085740602336 0.9987419419116785 -0.010228536153095984 -1.6108027552909732 -0.9975780456980344 0.04953373541704867 0.04882941476524152 88.65874828412905
0.05331739574978661 0.011369927088972295 0.9985129511178888 18.77999924958285 0.04712891226262441 0.9987922466430876 -0.013889641412930517 -1.6379758456080709 -0.9974647782730116 0.047799386881091345 0.05271715060712579 88.71181660361913
0.0547776127990038 0.01675210457996966 0.9983581125133218 19.599560057426824 0.04151030100033319 0.99895664448806 -0.019039723797451214 -1.6569133986568068 -0.9976352872959633 0.042485094082423715 0.05402507671293618 88.77824959996377
0.054250704361806075 0.02024740939718655 0.9983221153294614 20.432316553646007 0.03812734217874838 0.9990232820018436 -0.02233354318729077 -1.687657719723027 -0.997799096467864 0.03927497691971227 0.05342573763635031 88.8386390604242
0.055010712757577164 0.019838587640473488 0.9982887317979329 21.27042884397633 0.03622664195849794 0.9991046784733555 -0.02185107341591281 -1.7148219438862695 -0.9978282996767969 0.03736668960368942 0.054242776769067455 88.9006237256111
0.0550232758546302 0.018213763986166673 0.998319006813915 22.086254615546697 0.03445527907739408 0.9992035165374116 -0.02012893671965415 -1.7448512912942387 -0.9978903402442449 0.03550491866053889 0.054351891607958225 88.95701373568937
0.05446666388258305 0.0167826372192725 0.998374612133012 22.915866455359044 0.034308822414037946 0.9992368967070582 -0.01866886281640179 -1.7793799940691206 -0.9979259258154283 0.03526988620969134 0.05384930941035876 89.01215930828248
0.055179720508127215 0.016092950035529286 0.9983468080314208 23.73820070771877 0.03280868643035198 0.9993009593027723 -0.01792170312086537 -1.8078494867153818 -0.9979372013918356 0.03374335999676138 0.05461316118910047 89.06137768943105
0.05538693971142022 0.016148656420251224 0.9983344333558929 24.55541046436455 0.031033208001697513 0.999358289279802 -0.017886920516470742 -1.83975165155378 -0.9979825151929592 0.03197221976836329 0.0548502540087777 89.1124345624918
0.054988445196349565 0.016914679127011226 0.9983437754390295 25.378962519698476 0.02836529740957482 0.9994265004462723 -0.018495375458009927 -1.8669194089972145 -0.9980839364454231 0.02933534878338507 0.05447712135737811 89.16482958365839
0.054461530478260356 0.017959128139933053 0.9983544206546028 26.195647934259405 0.025010053635930857 0.9995000267533508 -0.01934406795068277 -1.8998482556988183 -0.9982025393362067 0.02602240304672733 0.053985143768388914 89.21843313623229
0.05121127826714576 0.017633083894722457 0.9985322311350953 27.007182655831002 0.022326456396941478 0.9995740151413798 -0.018796528746353736 -1.9280633622592738 -0.9984381831132269 0.023256279243293546 0.0507957805914744 89.27044881427094
0.047336081287294725 0.016378988149568105 0.9987447889343598 27.83204431719079 0.01998280101346176 0.9996499266643206 -0.01734092852770897 -1.9586359188147127 -0.9986790531090857 0.02077856884363387 0.046992214048384565 89.31863478973271
0.041963032448317984 0.014033897178659537 0.9990206666100362 28.659918091319753 0.018335716758273356 0.999722137242076 -0.01481392895838924 -1.9886022984616 -0.9989508353504059 0.01893939615806858 0.04169405330960596 89.36048277250892
0.03600449864696978 0.012251258752063846 0.999276600923974 29.465846929280755 0.016942835931674713 0.999773653567781 -0.012867813979241399 -2.013147591558274 -0.9992079302527558 0.017393877495767172 0.03578877978524903 89.39407888549587
0.0283834963051491 0.012001835496169497 0.9995251245726007 30.277859071396243 0.015770570418337196 0.9997980886284696 -0.012452949846582417 -2.0442688180709934 -0.9994726281705036 0.016116538473699368 0.028188491066381206 89.42488228681896
