1.000000e+00 0.000000e+00 0.000000e+00 0.000000e+00 0.000000e+00 1.000000e+00 0.000000e+00 0.000000e+00 0.000000e+00 0.000000e+00 1.000000e+00 0.000000e+00
9.990189e-01 -1.213631e-03 4.426978e-02 3.618875e-02 1.328869e-03 9.999958e-01 -2.573770e-03 -2.551541e-02 -4.426647e-02 2.630074e-03 9.990163e-01 9.802693e-01
9.959953e-01 -5.122687e-03 8.925847e-02 1.361245e-01 5.739889e-03 9.999614e-01 -6.659460e-03 -5.028902e-02 -8.922090e-02 7.145125e-03 9.959862e-01 2.004089e+00
9.909334e-01 -5.206464e-03 1.342529e-01 2.562002e-01 6.675963e-03 9.999226e-01 -1.049791e-02 -8.703146e-02 -1.341878e-01 1.129900e-02 9.908915e-01 2.963966e+00
9.834169e-01 -3.905060e-03 1.813175e-01 4.397204e-01 6.402681e-03 9.998925e-01 -1.319158e-02 -1.036920e-01 -1.812465e-01 1.413374e-02 9.833361e-01 3.951780e+00
9.739336e-01 -5.720397e-03 2.267611e-01 6.549265e-01 8.824098e-03 9.998807e-01 -1.267577e-02 -1.389111e-01 -2.266615e-01 1.434632e-02 9.738679e-01 4.893746e+00
9.621568e-01 -6.839855e-03 2.724104e-01 9.255173e-01 1.093860e-02 9.998486e-01 -1.353043e-02 -1.674378e-01 -2.722766e-01 1.599819e-02 9.620860e-01 5.834073e+00
9.482968e-01 -9.981496e-03 3.172280e-01 1.255314e+00 1.582431e-02 9.997492e-01 -1.584713e-02 -1.992825e-01 -3.169903e-01 2.004770e-02 9.482169e-01 6.787940e+00
9.334535e-01 -1.142647e-02 3.585164e-01 1.584614e+00 1.862525e-02 9.996882e-01 -1.663214e-02 -2.543731e-01 -3.582146e-01 2.220278e-02 9.333752e-01 7.684481e+00
9.156310e-01 -1.183996e-02 4.018453e-01 1.990297e+00 2.035583e-02 9.996495e-01 -1.692845e-02 -2.680804e-01 -4.015040e-01 2.368011e-02 9.155511e-01 8.569790e+00
8.956651e-01 -1.257815e-02 4.445512e-01 2.434217e+00 2.175395e-02 9.996425e-01 -1.554511e-02 -3.035502e-01 -4.441968e-01 2.359396e-02 8.956185e-01 9.472789e+00
8.739537e-01 -1.277626e-02 4.858412e-01 2.894220e+00 2.239859e-02 9.996510e-01 -1.400361e-02 -3.409197e-01 -4.854927e-01 2.312067e-02 8.739349e-01 1.031488e+01
8.493199e-01 -1.324324e-02 5.277123e-01 3.418290e+00 2.369249e-02 9.996342e-01 -1.304519e-02 -3.666014e-01 -5.273465e-01 2.358236e-02 8.493230e-01 1.116173e+01
8.236131e-01 -1.381135e-02 5.669839e-01 3.953473e+00 2.500705e-02 9.996155e-01 -1.197581e-02 -3.954735e-01 -5.666005e-01 2.404203e-02 8.236418e-01 1.193454e+01
7.963025e-01 -1.530940e-02 6.047049e-01 4.533218e+00 2.766198e-02 9.995555e-01 -1.112065e-02 -4.364314e-01 -6.042658e-01 2.558273e-02 7.963720e-01 1.271278e+01
7.659792e-01 -1.524144e-02 6.426846e-01 5.167748e+00 2.919958e-02 9.995120e-01 -1.109762e-02 -4.492690e-01 -6.422018e-01 2.726667e-02 7.660505e-01 1.345093e+01
7.363084e-01 -1.778506e-02 6.764123e-01 5.803586e+00 3.342132e-02 9.993903e-01 -1.010358e-02 -4.852308e-01 -6.758202e-01 3.004594e-02 7.364539e-01 1.415717e+01
7.039017e-01 -1.738965e-02 7.100845e-01 6.480369e+00 3.384217e-02 9.993860e-01 -9.072985e-03 -5.094010e-01 -7.094908e-01 3.041729e-02 7.040580e-01 1.482324e+01
6.684038e-01 -1.682517e-02 7.436083e-01 7.211285e+00 3.565440e-02 9.993196e-01 -9.437512e-03 -5.223315e-01 -7.429436e-01 3.282098e-02 6.685489e-01 1.546567e+01
6.338269e-01 -1.765788e-02 7.732733e-01 7.920708e+00 3.961677e-02 9.991683e-01 -9.656327e-03 -5.594778e-01 -7.724597e-01 3.675503e-02 6.339993e-01 1.607463e+01
5.960564e-01 -1.654376e-02 8.027721e-01 8.700750e+00 4.040935e-02 9.991389e-01 -9.413309e-03 -5.782447e-01 -8.019251e-01 3.805036e-02 5.962117e-01 1.664462e+01
5.591466e-01 -1.561895e-02 8.289216e-01 9.470249e+00 4.328201e-02 9.990091e-01 -1.037193e-02 -6.100403e-01 -8.279382e-01 4.167683e-02 5.592686e-01 1.716496e+01
5.201132e-01 -1.443734e-02 8.539753e-01 1.027298e+01 4.754643e-02 9.987961e-01 -1.207244e-02 -6.401426e-01 -8.527729e-01 4.688251e-02 5.201735e-01 1.765063e+01
4.802607e-01 -1.365926e-02 8.770195e-01 1.111051e+01 4.996572e-02 9.986811e-01 -1.180740e-02 -6.538566e-01 -8.757015e-01 4.949154e-02 4.803098e-01 1.811544e+01
4.423015e-01 -1.539871e-02 8.967342e-01 1.194936e+01 5.503434e-02 9.984344e-01 -9.999812e-03 -6.759550e-01 -8.951763e-01 5.377411e-02 4.424565e-01 1.851630e+01
4.054131e-01 -1.599327e-02 9.139937e-01 1.281388e+01 5.920390e-02 9.982072e-01 -8.793759e-03 -7.083123e-01 -9.122144e-01 5.767710e-02 4.056331e-01 1.892590e+01
3.686705e-01 -1.428447e-02 9.294504e-01 1.372245e+01 6.001079e-02 9.981619e-01 -8.463057e-03 -7.263016e-01 -9.276210e-01 5.889714e-02 3.688500e-01 1.926815e+01
3.354986e-01 -1.492888e-02 9.419224e-01 1.461885e+01 6.073661e-02 9.981369e-01 -5.813622e-03 -7.384740e-01 -9.400807e-01 5.915963e-02 3.357802e-01 1.958349e+01
3.011755e-01 -1.657349e-02 9.534247e-01 1.554193e+01 6.250635e-02 9.980417e-01 -2.395939e-03 -7.500226e-01 -9.515179e-01 6.031670e-02 3.016216e-01 1.987755e+01
2.685385e-01 -1.687377e-02 9.631212e-01 1.647075e+01 6.294385e-02 9.980171e-01 -6.492511e-05 -7.666206e-01 -9.612103e-01 6.063999e-02 2.690681e-01 2.014001e+01
2.364249e-01 -1.424326e-02 9.715454e-01 1.742695e+01 6.020728e-02 9.981859e-01 -1.758282e-05 -7.837775e-01 -9.697826e-01 5.849826e-02 2.368535e-01 2.038384e+01
2.046622e-01 -1.243694e-02 9.787536e-01 1.840808e+01 6.015662e-02 9.981889e-01 1.048601e-04 -7.852416e-01 -9.769824e-01 5.885705e-02 2.050397e-01 2.059003e+01
1.741111e-01 -1.271479e-02 9.846439e-01 1.938496e+01 6.124587e-02 9.981206e-01 2.058928e-03 -7.937875e-01 -9.828196e-01 5.994689e-02 1.745626e-01 2.075412e+01
1.431968e-01 -1.345895e-02 9.896027e-01 2.038786e+01 6.217586e-02 9.980547e-01 4.576971e-03 -8.001338e-01 -9.877393e-01 6.087399e-02 1.437551e-01 2.089085e+01
1.119559e-01 -1.404416e-02 9.936139e-01 2.142307e+01 6.144420e-02 9.980847e-01 7.184099e-03 -8.057137e-01 -9.918117e-01 6.024751e-02 1.126044e-01 2.102630e+01
8.254742e-02 -1.460293e-02 9.964801e-01 2.245046e+01 6.159585e-02 9.980557e-01 9.523481e-03 -8.058505e-01 -9.946818e-01 6.059290e-02 8.328640e-02 2.111483e+01
5.479306e-02 -1.447292e-02 9.983928e-01 2.350254e+01 6.367956e-02 9.979101e-01 1.097111e-02 -7.994212e-01 -9.964651e-01 6.297608e-02 5.560018e-02 2.116235e+01
3.006640e-02 -1.405526e-02 9.994491e-01 2.454956e+01 6.785425e-02 9.976232e-01 1.198832e-02 -8.002385e-01 -9.972421e-01 6.745642e-02 3.094865e-02 2.119370e+01
7.080549e-03 -1.348363e-02 9.998840e-01 2.562246e+01 7.268175e-02 9.972713e-01 1.293371e-02 -7.957297e-01 -9.973301e-01 7.258174e-02 8.041242e-03 2.120515e+01
-1.376921e-02 -1.409894e-02 9.998058e-01 2.671047e+01 7.824510e-02 9.968193e-01 1.513441e-02 -7.997327e-01 -9.968391e-01 7.843829e-02 -1.262224e-02 2.120341e+01
-3.129373e-02 -1.474990e-02 9.994014e-01 2.780537e+01 8.314119e-02 9.963874e-01 1.730877e-02 -7.933378e-01 -9.960463e-01 8.363307e-02 -2.995435e-02 2.117332e+01
-4.724498e-02 -1.504354e-02 9.987700e-01 2.891431e+01 8.546949e-02 9.961587e-01 1.904719e-02 -7.817875e-01 -9.952200e-01 8.626425e-02 -4.577773e-02 2.110706e+01
-6.220814e-02 -1.586175e-02 9.979371e-01 3.002263e+01 8.696815e-02 9.959844e-01 2.125202e-02 -7.708343e-01 -9.942669e-01 8.811080e-02 -6.057887e-02 2.102823e+01
-7.542328e-02 -1.682281e-02 9.970097e-01 3.113454e+01 8.715918e-02 9.959196e-01 2.339796e-02 -7.557176e-01 -9.933351e-01 8.866330e-02 -7.364926e-02 2.094973e+01
-8.778989e-02 -1.706601e-02 9.959928e-01 3.227439e+01 8.701348e-02 9.959000e-01 2.473405e-02 -7.465030e-01 -9.923314e-01 8.883620e-02 -8.594498e-02 2.085396e+01
-1.000312e-01 -1.438480e-02 9.948803e-01 3.342724e+01 8.721217e-02 9.959203e-01 2.316867e-02 -7.339548e-01 -9.911548e-01 8.908326e-02 -9.836853e-02 2.075574e+01
-1.098188e-01 -1.079242e-02 9.938930e-01 3.458698e+01 8.766851e-02 9.959387e-01 2.050144e-02 -7.222150e-01 -9.900778e-01 8.938457e-02 -1.084266e-01 2.064129e+01
-1.201791e-01 -8.397140e-03 9.927167e-01 3.578500e+01 8.815998e-02 9.959233e-01 1.909698e-02 -7.089430e-01 -9.888300e-01 8.981294e-02 -1.189488e-01 2.050543e+01
-1.273984e-01 -7.758590e-03 9.918213e-01 3.698747e+01 8.812982e-02 9.959257e-01 1.911088e-02 -6.956232e-01 -9.879285e-01 8.984373e-02 -1.261956e-01 2.035845e+01
-1.333656e-01 -7.492608e-03 9.910386e-01 3.822077e+01 8.820640e-02 9.959133e-01 1.939953e-02 -6.778489e-01 -9.871339e-01 9.000318e-02 -1.321596e-01 2.019703e+01
-1.394960e-01 -6.761501e-03 9.901996e-01 3.948105e+01 8.861887e-02 9.958789e-01 1.928461e-02 -6.658984e-01 -9.862492e-01 9.044049e-02 -1.383219e-01 2.003108e+01
-1.433315e-01 -5.442271e-03 9.896598e-01 4.075186e+01 8.809085e-02 9.959455e-01 1.823495e-02 -6.498280e-01 -9.857465e-01 8.979361e-02 -1.422709e-01 1.984948e+01
-1.476611e-01 -5.432207e-03 9.890231e-01 4.205879e+01 8.809288e-02 9.959382e-01 1.862245e-02 -6.369751e-01 -9.851070e-01 8.987570e-02 -1.465828e-01 1.966192e+01
-1.516235e-01 -6.315662e-03 9.884181e-01 4.336623e+01 8.823759e-02 9.959007e-01 1.989913e-02 -6.224848e-01 -9.844920e-01 9.023281e-02 -1.504447e-01 1.947558e+01
-1.537251e-01 -8.301086e-03 9.880788e-01 4.468251e+01 8.865498e-02 9.958159e-01 2.215901e-02 -6.022102e-01 -9.841285e-01 9.100450e-02 -1.523460e-01 1.927838e+01
-1.560905e-01 -9.303084e-03 9.876989e-01 4.603014e+01 8.900125e-02 9.957556e-01 2.344424e-02 -5.802474e-01 -9.837248e-01 9.156587e-02 -1.546000e-01 1.906911e+01
-1.591642e-01 -9.922444e-03 9.872023e-01 4.742664e+01 8.993930e-02 9.956457e-01 2.450800e-02 -5.603951e-01 -9.831468e-01 9.268907e-02 -1.575787e-01 1.885459e+01
-1.591817e-01 -9.795865e-03 9.872007e-01 4.882367e+01 9.092260e-02 9.955556e-01 2.453963e-02 -5.269614e-01 -9.830535e-01 9.366511e-02 -1.575835e-01 1.862518e+01
-1.607669e-01 -9.769300e-03 9.869441e-01 5.025710e+01 9.149494e-02 9.954977e-01 2.475791e-02 -5.086952e-01 -9.827424e-01 9.428064e-02 -1.591492e-01 1.839682e+01
-1.599797e-01 -9.473622e-03 9.870748e-01 5.170171e+01 9.195366e-02 9.954629e-01 2.445747e-02 -4.746310e-01 -9.828281e-01 9.467784e-02 -1.583827e-01 1.816197e+01
-1.595072e-01 -9.181993e-03 9.871541e-01 5.318246e+01 9.124035e-02 9.955396e-01 2.400287e-02 -4.556443e-01 -9.829713e-01 9.389692e-02 -1.579580e-01 1.792976e+01
-1.589116e-01 -9.684637e-03 9.872453e-01 5.467009e+01 9.146991e-02 9.955067e-01 2.448910e-02 -4.288933e-01 -9.830465e-01 9.419484e-02 -1.573117e-01 1.769453e+01
-1.568842e-01 -1.041241e-02 9.875621e-01 5.617181e+01 9.198566e-02 9.954437e-01 2.510835e-02 -4.003741e-01 -9.833240e-01 9.478065e-02 -1.552116e-01 1.746161e+01
-1.559758e-01 -1.076753e-02 9.877022e-01 5.770947e+01 9.220892e-02 9.954153e-01 2.541304e-02 -3.774301e-01 -9.834475e-01 9.503877e-02 -1.542678e-01 1.722758e+01
-1.550291e-01 -1.037839e-02 9.878554e-01 5.926333e+01 9.226391e-02 9.954223e-01 2.493732e-02 -3.456241e-01 -9.835921e-01 9.500941e-02 -1.533618e-01 1.698569e+01
-1.538117e-01 -1.042787e-02 9.880451e-01 6.083798e+01 9.290686e-02 9.953617e-01 2.496816e-02 -3.183935e-01 -9.837227e-01 9.563657e-02 -1.521295e-01 1.674555e+01
-1.532091e-01 -1.090849e-02 9.881336e-01 6.243467e+01 9.273742e-02 9.953674e-01 2.536719e-02 -2.873656e-01 -9.838327e-01 9.552344e-02 -1.514877e-01 1.650578e+01
-1.522861e-01 -1.255510e-02 9.882567e-01 6.404030e+01 9.406620e-02 9.951960e-01 2.713846e-02 -2.578463e-01 -9.838498e-01 9.709436e-02 -1.503735e-01 1.626692e+01
-1.514520e-01 -1.401893e-02 9.883652e-01 6.566440e+01 9.640343e-02 9.949232e-01 2.888431e-02 -2.228323e-01 -9.837523e-01 9.965638e-02 -1.493316e-01 1.602124e+01
-1.510815e-01 -1.341690e-02 9.884303e-01 6.728660e+01 9.830514e-02 9.947473e-01 2.852858e-02 -1.917594e-01 -9.836211e-01 1.014779e-01 -1.489690e-01 1.578013e+01
-1.503820e-01 -1.298788e-02 9.885426e-01 6.894939e+01 9.834158e-02 9.947579e-01 2.802975e-02 -1.665713e-01 -9.837247e-01 1.014300e-01 -1.483164e-01 1.553106e+01
-1.495740e-01 -1.306182e-02 9.886642e-01 7.061129e+01 9.881043e-02 9.947097e-01 2.809062e-02 -1.308271e-01 -9.838008e-01 1.018920e-01 -1.474921e-01 1.529185e+01
-1.500523e-01 -1.412651e-02 9.885771e-01 7.229224e+01 9.889467e-02 9.946687e-01 2.922439e-02 -1.023311e-01 -9.837196e-01 1.021502e-01 -1.478552e-01 1.504522e+01
-1.494581e-01 -1.498343e-02 9.886545e-01 7.398924e+01 9.935250e-02 9.945972e-01 3.009294e-02 -6.031867e-02 -9.837639e-01 1.027229e-01 -1.471620e-01 1.480078e+01
-1.502072e-01 -1.591003e-02 9.885265e-01 7.569619e+01 1.000764e-01 9.944901e-01 3.121269e-02 -2.789783e-02 -9.835764e-01 1.036166e-01 -1.477874e-01 1.454904e+01
-1.499083e-01 -1.648463e-02 9.885625e-01 7.741599e+01 1.007434e-01 9.944022e-01 3.185901e-02 1.597277e-02 -9.835539e-01 1.043671e-01 -1.474084e-01 1.429450e+01
-1.501154e-01 -1.638162e-02 9.885328e-01 7.916755e+01 1.006166e-01 9.944183e-01 3.175847e-02 5.236714e-02 -9.835353e-01 1.042303e-01 -1.476292e-01 1.404019e+01
-1.512766e-01 -1.597083e-02 9.883624e-01 8.092758e+01 9.973569e-02 9.945204e-01 3.133567e-02 9.242341e-02 -9.834471e-01 1.033154e-01 -1.488548e-01 1.378098e+01
-1.518786e-01 -1.585087e-02 9.882721e-01 8.269954e+01 9.881001e-02 9.946190e-01 3.113789e-02 1.307316e-01 -9.834478e-01 1.023804e-01 -1.494951e-01 1.352056e+01
-1.532312e-01 -1.596208e-02 9.880614e-01 8.448620e+01 9.780157e-02 9.947156e-01 3.123691e-02 1.655330e-01 -9.833387e-01 1.014204e-01 -1.508604e-01 1.325367e+01
-1.548181e-01 -1.679226e-02 9.878003e-01 8.627689e+01 9.723667e-02 9.947419e-01 3.215018e-02 2.095712e-01 -9.831462e-01 1.010278e-01 -1.523712e-01 1.298676e+01
-1.557087e-01 -1.789243e-02 9.876410e-01 8.808865e+01 9.674530e-02 9.947528e-01 3.327387e-02 2.470662e-01 -9.830540e-01 1.007307e-01 -1.531607e-01 1.271331e+01
-1.562091e-01 -1.889867e-02 9.875432e-01 8.991903e+01 9.469803e-02 9.949246e-01 3.401922e-02 2.965724e-01 -9.831739e-01 9.883251e-02 -1.536266e-01 1.243810e+01
-1.585148e-01 -1.856417e-02 9.871821e-01 9.175725e+01 9.429162e-02 9.949689e-01 3.385130e-02 3.396681e-01 -9.828439e-01 9.844893e-02 -1.559669e-01 1.215870e+01
-1.606871e-01 -1.806976e-02 9.868400e-01 9.361821e+01 9.283233e-02 9.951235e-01 3.333732e-02 3.917865e-01 -9.826300e-01 9.696754e-02 -1.582261e-01 1.186471e+01
-1.651575e-01 -1.774388e-02 9.861076e-01 9.548491e+01 9.302760e-02 9.951003e-01 3.348635e-02 4.359855e-01 -9.818701e-01 9.726574e-02 -1.626976e-01 1.156758e+01
-1.697816e-01 -1.872573e-02 9.853038e-01 9.736351e+01 9.109383e-02 9.952407e-01 3.461132e-02 4.849722e-01 -9.812625e-01 9.563146e-02 -1.672678e-01 1.126059e+01
-1.745914e-01 -1.971117e-02 9.844437e-01 9.925167e+01 8.965800e-02 9.953279e-01 3.582997e-02 5.359324e-01 -9.805505e-01 9.451886e-02 -1.720084e-01 1.093919e+01
-1.797920e-01 -1.935346e-02 9.835142e-01 1.011425e+02 8.843889e-02 9.954397e-01 3.575526e-02 5.806289e-01 -9.797211e-01 9.340941e-02 -1.772605e-01 1.061088e+01
-1.839150e-01 -1.810200e-02 9.827755e-01 1.030547e+02 8.859819e-02 9.954553e-01 3.491568e-02 6.243819e-01 -9.789411e-01 9.349364e-02 -1.814754e-01 1.026744e+01
-1.885611e-01 -1.655781e-02 9.819219e-01 1.049704e+02 8.823231e-02 9.955287e-01 3.373075e-02 6.679580e-01 -9.780899e-01 9.299754e-02 -1.862571e-01 9.915599e+00
-1.938700e-01 -1.655343e-02 9.808876e-01 1.068931e+02 8.681630e-02 9.956453e-01 3.396151e-02 7.155038e-01 -9.771783e-01 9.174114e-02 -1.915887e-01 9.552458e+00
-1.983996e-01 -1.733683e-02 9.799679e-01 1.088287e+02 8.499802e-02 9.957724e-01 3.482472e-02 7.611771e-01 -9.764287e-01 9.020455e-02 -1.960873e-01 9.173325e+00
-2.044676e-01 -1.845141e-02 9.786994e-01 1.107690e+02 8.262915e-02 9.959285e-01 3.603891e-02 8.125198e-01 -9.753796e-01 8.823789e-02 -2.021105e-01 8.790677e+00
-2.098283e-01 -1.941756e-02 9.775454e-01 1.127236e+02 8.188518e-02 9.959413e-01 3.735947e-02 8.604786e-01 -9.743033e-01 8.788556e-02 -2.073866e-01 8.389240e+00
-2.155378e-01 -1.993943e-02 9.762919e-01 1.146814e+02 8.176105e-02 9.959123e-01 3.839069e-02 9.163145e-01 -9.730666e-01 8.809729e-02 -2.130265e-01 7.978214e+00
-2.215008e-01 -1.869597e-02 9.749809e-01 1.166464e+02 8.221105e-02 9.958988e-01 3.777418e-02 9.645477e-01 -9.716886e-01 8.852122e-02 -2.190554e-01 7.547719e+00
-2.269048e-01 -1.798771e-02 9.737508e-01 1.186250e+02 8.130800e-02 9.959891e-01 3.734501e-02 1.018784e+00 -9.705170e-01 8.764749e-02 -2.245322e-01 7.105111e+00
-2.329144e-01 -1.833870e-02 9.723243e-01 1.206052e+02 8.177950e-02 9.959114e-01 3.837335e-02 1.067509e+00 -9.690526e-01 8.845391e-02 -2.304624e-01 6.648459e+00
-2.388950e-01 -1.864497e-02 9.708664e-01 1.225952e+02 8.095285e-02 9.959528e-01 3.904631e-02 1.123607e+00 -9.676651e-01 8.792237e-02 -2.364188e-01 6.181620e+00
-2.440197e-01 -1.819056e-02 9.695997e-01 1.245854e+02 8.014898e-02 9.960252e-01 3.885746e-02 1.178379e+00 -9.664526e-01 8.719441e-02 -2.415918e-01 5.696286e+00
-2.494778e-01 -1.826907e-02 9.682082e-01 1.265900e+02 7.883291e-02 9.961204e-01 3.910859e-02 1.234168e+00 -9.651664e-01 8.608339e-02 -2.470697e-01 5.203293e+00
-2.540732e-01 -1.907045e-02 9.669970e-01 1.285854e+02 8.006265e-02 9.959595e-01 4.067766e-02 1.291956e+00 -9.638655e-01 8.775544e-02 -2.515198e-01 4.695985e+00
-2.578125e-01 -1.958215e-02 9.659965e-01 1.305969e+02 8.207317e-02 9.957372e-01 4.208935e-02 1.353975e+00 -9.627028e-01 9.013355e-02 -2.551063e-01 4.171040e+00
-2.623502e-01 -1.915013e-02 9.647827e-01 1.326085e+02 8.328075e-02 9.956233e-01 4.240855e-02 1.412866e+00 -9.613723e-01 9.147372e-02 -2.596072e-01 3.645343e+00
-2.653617e-01 -1.892212e-02 9.639632e-01 1.346247e+02 8.348385e-02 9.956014e-01 4.252477e-02 1.478872e+00 -9.605278e-01 9.175981e-02 -2.626148e-01 3.101933e+00
-2.687838e-01 -1.948395e-02 9.630034e-01 1.366524e+02 8.247211e-02 9.956582e-01 4.316343e-02 1.546018e+00 -9.596633e-01 9.102256e-02 -2.660099e-01 2.553093e+00
-2.730875e-01 -1.931421e-02 9.617953e-01 1.386817e+02 8.117892e-02 9.957696e-01 4.304600e-02 1.610367e+00 -9.585579e-01 8.983282e-02 -2.703643e-01 2.001835e+00
-2.776294e-01 -1.922071e-02 9.604959e-01 1.407121e+02 7.951478e-02 9.959096e-01 4.291297e-02 1.676671e+00 -9.573919e-01 8.828753e-02 -2.749655e-01 1.437821e+00
-2.824171e-01 -1.963936e-02 9.590907e-01 1.427588e+02 7.872542e-02 9.959435e-01 4.357575e-02 1.749055e+00 -9.560559e-01 8.781135e-02 -2.797253e-01 8.581500e-01
-2.871927e-01 -1.966923e-02 9.576709e-01 1.447846e+02 7.878641e-02 9.959164e-01 4.408173e-02 1.810947e+00 -9.546272e-01 8.811140e-02 -2.844702e-01 2.754422e-01
-2.920360e-01 -1.950761e-02 9.562084e-01 1.468407e+02 7.796097e-02 9.959793e-01 4.412907e-02 1.884118e+00 -9.532246e-01 8.743420e-02 -2.893410e-01 -3.331984e-01
-2.973028e-01 -1.995335e-02 9.545747e-01 1.489106e+02 7.721788e-02 9.960041e-01 4.486889e-02 1.951015e+00 -9.516556e-01 8.704988e-02 -2.945740e-01 -9.558089e-01
-3.015154e-01 -2.094729e-02 9.532312e-01 1.509544e+02 7.697339e-02 9.959606e-01 4.623363e-02 2.024589e+00 -9.503492e-01 8.731358e-02 -2.986851e-01 -1.580868e+00
-3.060379e-01 -2.117712e-02 9.517838e-01 1.530314e+02 7.760388e-02 9.958706e-01 4.711091e-02 2.099031e+00 -9.488511e-01 8.827983e-02 -3.031307e-01 -2.229346e+00
-3.107861e-01 -2.103879e-02 9.502470e-01 1.551349e+02 7.830762e-02 9.957894e-01 4.765827e-02 2.173734e+00 -9.472486e-01 8.922311e-02 -3.078300e-01 -2.895849e+00
-3.141063e-01 -2.036060e-02 9.491695e-01 1.571828e+02 7.805204e-02 9.958318e-01 4.719112e-02 2.253171e+00 -9.461739e-01 8.890764e-02 -3.112078e-01 -3.557956e+00
-3.180071e-01 -1.900308e-02 9.478979e-01 1.592706e+02 7.817183e-02 9.958693e-01 4.619040e-02 2.324156e+00 -9.448601e-01 8.878779e-02 -3.152080e-01 -4.237274e+00
-3.219942e-01 -1.830569e-02 9.465647e-01 1.613883e+02 7.858088e-02 9.958464e-01 4.598971e-02 2.402815e+00 -9.434749e-01 8.919030e-02 -3.192182e-01 -4.944005e+00
-3.251018e-01 -1.811889e-02 9.455054e-01 1.634589e+02 7.803248e-02 9.958929e-01 4.591510e-02 2.474195e+00 -9.424541e-01 8.870722e-02 -3.223528e-01 -5.631588e+00
-3.289805e-01 -1.849192e-02 9.441556e-01 1.655894e+02 7.768918e-02 9.958891e-01 4.657509e-02 2.556866e+00 -9.411356e-01 8.867298e-02 -3.261915e-01 -6.361647e+00
-3.325656e-01 -1.849433e-02 9.428988e-01 1.676741e+02 7.771512e-02 9.958698e-01 4.694387e-02 2.630685e+00 -9.398726e-01 8.888941e-02 -3.297548e-01 -7.075427e+00
-3.365032e-01 -1.863606e-02 9.414979e-01 1.697961e+02 7.881283e-02 9.957390e-01 4.787841e-02 2.710556e+00 -9.383785e-01 9.031335e-02 -3.336006e-01 -7.816265e+00
-3.404248e-01 -1.854685e-02 9.400888e-01 1.719352e+02 8.093840e-02 9.955164e-01 4.894978e-02 2.791553e+00 -9.367817e-01 9.275300e-02 -3.373974e-01 -8.578852e+00
-3.428416e-01 -1.919881e-02 9.391970e-01 1.740385e+02 8.156101e-02 9.954073e-01 5.012063e-02 2.876796e+00 -9.358458e-01 9.378530e-02 -3.397012e-01 -9.329231e+00
-3.456514e-01 -2.019741e-02 9.381456e-01 1.761749e+02 8.089772e-02 9.954046e-01 5.123619e-02 2.962126e+00 -9.348693e-01 9.360370e-02 -3.424290e-01 -1.009961e+01
-3.488688e-01 -2.012710e-02 9.369554e-01 1.783216e+02 7.962306e-02 9.955179e-01 5.103219e-02 3.054087e+00 -9.337830e-01 9.240679e-02 -3.457025e-01 -1.088060e+01
-3.515920e-01 -1.864640e-02 9.359676e-01 1.804362e+02 7.862251e-02 9.956812e-01 4.937021e-02 3.141996e+00 -9.328460e-01 9.094629e-02 -3.486075e-01 -1.165801e+01
-3.550434e-01 -1.759246e-02 9.346843e-01 1.825824e+02 7.767438e-02 9.958106e-01 4.824788e-02 3.220495e+00 -9.316173e-01 8.973111e-02 -3.521895e-01 -1.245478e+01
-3.585707e-01 -1.669093e-02 9.333534e-01 1.847373e+02 7.659575e-02 9.959427e-01 4.723634e-02 3.311775e+00 -9.303549e-01 8.842847e-02 -3.558374e-01 -1.326175e+01
-3.616138e-01 -1.629452e-02 9.321856e-01 1.868810e+02 7.503842e-02 9.960949e-01 4.652058e-02 3.391301e+00 -9.293033e-01 8.677222e-02 -3.589789e-01 -1.407434e+01
-3.659066e-01 -1.626662e-02 9.305094e-01 1.890424e+02 7.555345e-02 9.960277e-01 4.712205e-02 3.470454e+00 -9.275797e-01 8.754547e-02 -3.632241e-01 -1.491023e+01
-3.692387e-01 -1.755699e-02 9.291688e-01 1.911966e+02 7.482164e-02 9.960142e-01 4.855313e-02 3.557223e+00 -9.263177e-01 8.744962e-02 -3.664533e-01 -1.574747e+01
-3.729771e-01 -1.868642e-02 9.276523e-01 1.933679e+02 7.434443e-02 9.959807e-01 4.995415e-02 3.641062e+00 -9.248573e-01 8.759755e-02 -3.700888e-01 -1.660418e+01
-3.775410e-01 -1.938164e-02 9.257900e-01 1.955423e+02 7.415999e-02 9.959366e-01 5.109293e-02 3.728459e+00 -9.230185e-01 8.794625e-02 -3.745695e-01 -1.747264e+01
-3.807353e-01 -1.961089e-02 9.244761e-01 1.977006e+02 7.285414e-02 9.960310e-01 5.113296e-02 3.821153e+00 -9.218096e-01 8.682003e-02 -3.777954e-01 -1.833790e+01
-3.846638e-01 -1.930422e-02 9.228549e-01 1.998765e+02 7.204944e-02 9.961031e-01 5.086803e-02 3.912248e+00 -9.202405e-01 8.605827e-02 -3.817740e-01 -1.922123e+01
-3.885251e-01 -1.944494e-02 9.212329e-01 2.020661e+02 7.178519e-02 9.961000e-01 5.130022e-02 4.000964e+00 -9.186376e-01 8.606231e-02 -3.856140e-01 -2.012550e+01
-3.910181e-01 -1.932737e-02 9.201800e-01 2.042269e+02 7.242412e-02 9.960333e-01 5.169624e-02 4.085322e+00 -9.175291e-01 8.685740e-02 -3.880673e-01 -2.102794e+01
-3.943391e-01 -1.992759e-02 9.187489e-01 2.064133e+02 7.316831e-02 9.959100e-01 5.300600e-02 4.178468e+00 -9.160475e-01 8.812565e-02 -3.912682e-01 -2.195039e+01
-3.967629e-01 -2.051105e-02 9.176919e-01 2.085826e+02 7.435976e-02 9.957463e-01 5.440498e-02 4.275853e+00 -9.149043e-01 8.982523e-02 -3.935500e-01 -2.286915e+01
-3.996399e-01 -2.068013e-02 9.164389e-01 2.107598e+02 7.504528e-02 9.956515e-01 5.519330e-02 4.373012e+00 -9.135952e-01 9.083186e-02 -3.963501e-01 -2.380313e+01
-4.031320e-01 -2.035905e-02 9.149154e-01 2.129493e+02 7.473438e-02 9.956808e-01 5.508590e-02 4.468481e+00 -9.120852e-01 9.058252e-02 -3.998693e-01 -2.475544e+01
-4.054326e-01 -2.031701e-02 9.138992e-01 2.151219e+02 7.434717e-02 9.957080e-01 5.511830e-02 4.569113e+00 -9.110966e-01 9.029257e-02 -4.021819e-01 -2.570081e+01
-4.082074e-01 -1.955615e-02 9.126797e-01 2.173070e+02 7.387572e-02 9.957838e-01 5.437866e-02 4.664596e+00 -9.098951e-01 8.962264e-02 -4.050415e-01 -2.666101e+01
-4.118744e-01 -1.897407e-02 9.110430e-01 2.194936e+02 7.330971e-02 9.958526e-01 5.388304e-02 4.755742e+00 -9.082869e-01 8.898135e-02 -4.087752e-01 -2.763629e+01
-4.137406e-01 -1.887119e-02 9.101992e-01 2.216672e+02 7.153658e-02 9.960199e-01 5.316822e-02 4.852783e+00 -9.075799e-01 8.711039e-02 -4.107439e-01 -2.859895e+01
-4.167837e-01 -1.854480e-02 9.088165e-01 2.238472e+02 7.209220e-02 9.959683e-01 5.338468e-02 4.943270e+00 -9.061424e-01 8.776844e-02 -4.137664e-01 -2.958338e+01
-4.202462e-01 -1.913827e-02 9.072083e-01 2.260367e+02 7.357893e-02 9.957666e-01 5.509045e-02 5.035767e+00 -9.044221e-01 8.990297e-02 -4.170590e-01 -3.058678e+01
-4.225360e-01 -2.050446e-02 9.061142e-01 2.281814e+02 7.361802e-02 9.956643e-01 5.686019e-02 5.138183e+00 -9.033514e-01 9.073181e-02 -4.191945e-01 -3.157199e+01
-4.261572e-01 -2.124555e-02 9.043996e-01 2.303837e+02 7.289847e-02 9.956666e-01 5.773962e-02 5.244520e+00 -9.017072e-01 9.053550e-02 -4.227617e-01 -3.260039e+01
-4.288572e-01 -2.161977e-02 9.031135e-01 2.325385e+02 7.148239e-02 9.957668e-01 5.778231e-02 5.344363e+00 -9.005397e-01 8.933708e-02 -4.254964e-01 -3.359684e+01
-4.322492e-01 -2.255235e-02 9.014721e-01 2.347067e+02 6.990277e-02 9.958411e-01 5.843106e-02 5.452841e+00 -8.990407e-01 8.827218e-02 -4.288750e-01 -3.461916e+01
-4.365737e-01 -2.366629e-02 8.993572e-01 2.368918e+02 6.892647e-02 9.958360e-01 5.966398e-02 5.561799e+00 -8.970243e-01 8.803724e-02 -4.331246e-01 -3.566022e+01
-4.395271e-01 -2.411257e-02 8.979056e-01 2.390347e+02 6.834786e-02 9.958437e-01 6.019908e-02 5.667551e+00 -8.956252e-01 8.782906e-02 -4.360523e-01 -3.669080e+01
-4.433627e-01 -2.494857e-02 8.959950e-01 2.411949e+02 6.760194e-02 9.958348e-01 6.117984e-02 5.779988e+00 -8.937894e-01 8.769586e-02 -4.398295e-01 -3.773575e+01
-4.482593e-01 -2.610757e-02 8.935223e-01 2.433607e+02 6.648901e-02 9.958307e-01 6.245288e-02 5.889427e+00 -8.914274e-01 8.740449e-02 -4.446545e-01 -3.880144e+01
-4.515676e-01 -2.636235e-02 8.918474e-01 2.454975e+02 6.587276e-02 9.958505e-01 6.278985e-02 6.006883e+00 -8.898019e-01 8.710232e-02 -4.479573e-01 -3.985721e+01
-4.555825e-01 -2.608926e-02 8.898112e-01 2.476425e+02 6.601530e-02 9.958279e-01 6.299744e-02 6.118306e+00 -8.877424e-01 8.744168e-02 -4.519595e-01 -4.092770e+01
-4.602289e-01 -2.613093e-02 8.874156e-01 2.497883e+02 6.645537e-02 9.957485e-01 6.378580e-02 6.229262e+00 -8.853096e-01 8.832960e-02 -4.565357e-01 -4.201743e+01
-4.633729e-01 -2.661376e-02 8.857636e-01 2.519018e+02 6.607450e-02 9.957289e-01 6.448359e-02 6.348605e+00 -8.836966e-01 8.840634e-02 -4.596353e-01 -4.309990e+01
-4.679199e-01 -2.680317e-02 8.833643e-01 2.540530e+02 6.473128e-02 9.958158e-01 6.450349e-02 6.466753e+00 -8.813971e-01 8.736377e-02 -4.642271e-01 -4.421903e+01
-4.711190e-01 -2.673476e-02 8.816644e-01 2.561602e+02 6.503180e-02 9.957676e-01 6.494458e-02 6.593556e+00 -8.796691e-01 8.793286e-02 -4.673865e-01 -4.532048e+01
-4.749696e-01 -2.657082e-02 8.796010e-01 2.582830e+02 6.553151e-02 9.957008e-01 6.546384e-02 6.721099e+00 -8.775588e-01 8.873491e-02 -4.711864e-01 -4.644183e+01
-4.794969e-01 -2.597843e-02 8.771590e-01 2.604242e+02 6.628063e-02 9.956344e-01 6.571942e-02 6.842450e+00 -8.750369e-01 8.965091e-02 -4.756817e-01 -4.758540e+01
-4.823917e-01 -2.492641e-02 8.756009e-01 2.625205e+02 6.748817e-02 9.955662e-01 6.552257e-02 6.965635e+00 -8.733519e-01 9.070024e-02 -4.785706e-01 -4.871935e+01
-4.854466e-01 -2.445192e-02 8.739243e-01 2.646369e+02 6.829858e-02 9.954932e-01 6.579178e-02 7.099023e+00 -8.715944e-01 9.162619e-02 -4.815888e-01 -4.988260e+01
-4.890322e-01 -2.299719e-02 8.719625e-01 2.667697e+02 6.945614e-02 9.954515e-01 6.520794e-02 7.226913e+00 -8.694960e-01 9.245193e-02 -4.852106e-01 -5.105254e+01
-4.915989e-01 -2.121606e-02 8.705633e-01 2.688528e+02 7.083923e-02 9.954157e-01 6.426102e-02 7.351013e+00 -8.679357e-01 9.326068e-02 -4.878423e-01 -5.221178e+01
-4.951154e-01 -2.086899e-02 8.685765e-01 2.709916e+02 7.152958e-02 9.953386e-01 6.468873e-02 7.484621e+00 -8.658777e-01 9.415730e-02 -4.913147e-01 -5.341167e+01
-4.983636e-01 -2.052373e-02 8.667252e-01 2.730945e+02 7.134488e-02 9.953581e-01 6.459274e-02 7.615081e+00 -8.640276e-01 9.402707e-02 -4.945859e-01 -5.459893e+01
-5.018238e-01 -2.033905e-02 8.647307e-01 2.752318e+02 7.078971e-02 9.954041e-01 6.449353e-02 7.757395e+00 -8.620683e-01 9.357842e-02 -4.980777e-01 -5.580779e+01
-5.062098e-01 -1.969676e-02 8.621854e-01 2.773920e+02 7.085498e-02 9.954094e-01 6.434094e-02 7.893234e+00 -8.594948e-01 9.366014e-02 -5.024903e-01 -5.704989e+01
-5.091027e-01 -1.951104e-02 8.604846e-01 2.795094e+02 7.020666e-02 9.954703e-01 6.410928e-02 8.026107e+00 -8.578377e-01 9.304995e-02 -5.054267e-01 -5.827361e+01
-5.117671e-01 -1.961643e-02 8.589003e-01 2.816722e+02 6.897420e-02 9.955740e-01 6.383550e-02 8.166420e+00 -8.563510e-01 9.191087e-02 -5.081489e-01 -5.953051e+01
-5.154758e-01 -1.979057e-02 8.566756e-01 2.838437e+02 6.933360e-02 9.954921e-01 6.471663e-02 8.302017e+00 -8.540946e-01 9.275626e-02 -5.117800e-01 -6.081039e+01
-5.174466e-01 -2.028156e-02 8.554751e-01 2.859757e+02 7.033240e-02 9.953286e-01 6.613877e-02 8.438542e+00 -8.528203e-01 9.439090e-02 -5.136029e-01 -6.208711e+01
-5.197038e-01 -2.078374e-02 8.540937e-01 2.881378e+02 7.093727e-02 9.952023e-01 6.738182e-02 8.580210e+00 -8.513964e-01 9.560566e-02 -5.157360e-01 -6.338626e+01
-5.226417e-01 -2.124811e-02 8.522876e-01 2.903324e+02 7.066673e-02 9.951696e-01 6.814466e-02 8.729414e+00 -8.496187e-01 9.584362e-02 -5.186156e-01 -6.469721e+01
-5.240260e-01 -2.192027e-02 8.514201e-01 2.924916e+02 7.031649e-02 9.951425e-01 6.889838e-02 8.883694e+00 -8.487946e-01 9.597342e-02 -5.199392e-01 -6.600808e+01
-5.272386e-01 -2.264511e-02 8.494155e-01 2.946912e+02 7.072881e-02 9.950062e-01 7.042841e-02 9.037125e+00 -8.467685e-01 9.721072e-02 -5.230040e-01 -6.734665e+01
-5.287978e-01 -2.311458e-02 8.484331e-01 2.968607e+02 7.092945e-02 9.949288e-01 7.131346e-02 9.189749e+00 -8.457789e-01 9.788929e-02 -5.244766e-01 -6.868309e+01
-5.308529e-01 -2.256369e-02 8.471635e-01 2.990552e+02 7.037731e-02 9.950188e-01 7.060184e-02 9.348851e+00 -8.445367e-01 9.710028e-02 -5.266207e-01 -7.003388e+01
-5.344438e-01 -2.150327e-02 8.449304e-01 3.012527e+02 6.891445e-02 9.952391e-01 6.891905e-02 9.498938e+00 -8.423898e-01 9.506127e-02 -5.304175e-01 -7.138323e+01
-5.371242e-01 -2.210602e-02 8.432134e-01 3.034302e+02 6.738323e-02 9.953372e-01 6.901706e-02 9.654394e+00 -8.408074e-01 9.388918e-02 -5.331301e-01 -7.274373e+01
-5.413118e-01 -2.434597e-02 8.404694e-01 3.056484e+02 6.510917e-02 9.953657e-01 7.076701e-02 9.816938e+00 -8.382973e-01 9.302928e-02 -5.372180e-01 -7.413501e+01
-5.470615e-01 -2.678209e-02 8.366639e-01 3.078907e+02 6.261932e-02 9.953783e-01 7.280693e-02 9.981848e+00 -8.347470e-01 9.222119e-02 -5.428561e-01 -7.554552e+01
-5.508080e-01 -2.850004e-02 8.341452e-01 3.100836e+02 6.117924e-02 9.953496e-01 7.440613e-02 1.015015e+01 -8.323867e-01 9.201587e-02 -5.465030e-01 -7.696782e+01
-5.551762e-01 -2.911523e-02 8.312230e-01 3.122972e+02 6.088721e-02 9.952830e-01 7.552849e-02 1.032209e+01 -8.295011e-01 9.254247e-02 -5.507847e-01 -7.841149e+01
-5.604732e-01 -2.795034e-02 8.277007e-01 3.145297e+02 6.274555e-02 9.951246e-01 7.609184e-02 1.049755e+01 -8.257922e-01 9.458198e-02 -5.559870e-01 -7.987090e+01
-5.637767e-01 -2.739674e-02 8.254727e-01 3.167021e+02 6.338331e-02 9.950672e-01 7.631461e-02 1.067049e+01 -8.234916e-01 9.534559e-02 -5.592592e-01 -8.133232e+01
-5.684710e-01 -2.816675e-02 8.222210e-01 3.189220e+02 6.344182e-02 9.949369e-01 7.794618e-02 1.084535e+01 -8.202535e-01 9.647334e-02 -5.638059e-01 -8.281821e+01
-5.716203e-01 -2.942444e-02 8.199905e-01 3.210998e+02 6.364822e-02 9.947555e-01 8.006524e-02 1.102604e+01 -8.180459e-01 9.795785e-02 -5.667496e-01 -8.430643e+01
-5.756350e-01 -3.132436e-02 8.171066e-01 3.232973e+02 6.214093e-02 9.947006e-01 8.190957e-02 1.120513e+01 -8.153422e-01 9.792577e-02 -5.706379e-01 -8.581560e+01
-5.803590e-01 -3.231623e-02 8.137193e-01 3.255024e+02 6.073349e-02 9.947121e-01 8.282043e-02 1.138361e+01 -8.120929e-01 9.748560e-02 -5.753275e-01 -8.734361e+01
-5.837795e-01 -3.341868e-02 8.112242e-01 3.276551e+02 5.973354e-02 9.946770e-01 8.396199e-02 1.156992e+01 -8.097120e-01 9.747258e-02 -5.786758e-01 -8.885941e+01
-5.880290e-01 -3.356088e-02 8.081433e-01 3.298358e+02 6.064867e-02 9.944966e-01 8.542960e-02 1.175575e+01 -8.065629e-01 9.924790e-02 -5.827574e-01 -9.040599e+01
-5.931225e-01 -3.464616e-02 8.043664e-01 3.320046e+02 6.047651e-02 9.943339e-01 8.742262e-02 1.194541e+01 -8.028377e-01 1.004976e-01 -5.876665e-01 -9.196155e+01
-5.962406e-01 -3.631474e-02 8.019840e-01 3.341150e+02 5.834581e-02 9.943744e-01 8.840398e-02 1.214139e+01 -8.006828e-01 9.950245e-02 -5.907676e-01 -9.349118e+01
-6.000116e-01 -3.725051e-02 7.991236e-01 3.362611e+02 5.788694e-02 9.942752e-01 8.981099e-02 1.234465e+01 -7.978942e-01 1.001465e-01 -5.944203e-01 -9.506125e+01
-6.036401e-01 -3.833590e-02 7.963348e-01 3.383962e+02 5.785954e-02 9.941029e-01 9.171541e-02 1.254822e+01 -7.951547e-01 1.014387e-01 -5.978622e-01 -9.664041e+01
-6.061580e-01 -4.017393e-02 7.943290e-01 3.405007e+02 5.481342e-02 9.942387e-01 9.211304e-02 1.274588e+01 -7.934532e-01 9.937495e-02 -6.004636e-01 -9.821141e+01
-6.096719e-01 -4.130480e-02 7.915770e-01 3.426317e+02 5.087930e-02 9.945427e-01 9.108283e-02 1.295775e+01 -7.910193e-01 9.580552e-02 -6.042432e-01 -9.980177e+01
-6.124261e-01 -4.306760e-02 7.893538e-01 3.447391e+02 4.649529e-02 9.948240e-01 9.035189e-02 1.316162e+01 -7.891593e-01 9.203509e-02 -6.072537e-01 -1.013952e+02
-6.155268e-01 -4.536987e-02 7.868089e-01 3.468690e+02 4.433144e-02 9.947678e-01 9.204226e-02 1.337105e+01 -7.868681e-01 9.153485e-02 -6.102949e-01 -1.030173e+02
-6.190952e-01 -4.641662e-02 7.839430e-01 3.489882e+02 4.499398e-02 9.945154e-01 9.441708e-02 1.358517e+01 -7.840259e-01 9.372588e-02 -6.136113e-01 -1.046505e+02
-6.219567e-01 -4.623662e-02 7.816854e-01 3.510645e+02 4.446373e-02 9.945593e-01 9.420615e-02 1.379557e+01 -7.817882e-01 9.334879e-02 -6.165170e-01 -1.062670e+02
-6.252479e-01 -4.812974e-02 7.789407e-01 3.531611e+02 4.167040e-02 9.946139e-01 9.490431e-02 1.400683e+01 -7.793130e-01 9.179749e-02 -6.198746e-01 -1.079094e+02
-6.285788e-01 -5.122887e-02 7.760569e-01 3.552678e+02 3.991760e-02 9.943882e-01 9.797316e-02 1.423368e+01 -7.767208e-01 9.256218e-02 -6.230064e-01 -1.095693e+02
-6.316048e-01 -5.400760e-02 7.734071e-01 3.573410e+02 3.760635e-02 9.942623e-01 1.001414e-01 1.445717e+01 -7.743779e-01 9.233480e-02 -6.259498e-01 -1.112203e+02
-6.348232e-01 -5.522582e-02 7.706813e-01 3.594187e+02 3.576000e-02 9.942735e-01 1.007042e-01 1.468944e+01 -7.718295e-01 9.148892e-02 -6.292130e-01 -1.128855e+02
-6.379116e-01 -5.568722e-02 7.680936e-01 3.614883e+02 3.483186e-02 9.942751e-01 1.010138e-01 1.491833e+01 -7.693215e-01 9.119202e-02 -6.323199e-01 -1.145584e+02
-6.403889e-01 -5.622655e-02 7.659899e-01 3.635458e+02 3.470109e-02 9.941802e-01 1.019877e-01 1.514816e+01 -7.672665e-01 9.189246e-02 -6.347109e-01 -1.162410e+02
-6.433184e-01 -5.720868e-02 7.634583e-01 3.655850e+02 3.387797e-02 9.941003e-01 1.030383e-01 1.537632e+01 -7.648488e-01 9.215088e-02 -6.375849e-01 -1.179211e+02
-6.455325e-01 -5.891511e-02 7.614570e-01 3.676257e+02 3.101256e-02 9.941758e-01 1.032121e-01 1.560290e+01 -7.631029e-01 9.024151e-02 -6.399457e-01 -1.196056e+02
-6.473856e-01 -6.286265e-02 7.595658e-01 3.696658e+02 2.159191e-02 9.946801e-01 1.007240e-01 1.583091e+01 -7.618568e-01 8.160775e-02 -6.425842e-01 -1.212961e+02
-6.503529e-01 -6.166923e-02 7.571249e-01 3.716835e+02 1.225404e-02 9.957178e-01 9.162900e-02 1.606736e+01 -7.595334e-01 6.886902e-02 -6.468122e-01 -1.229603e+02
-6.528562e-01 -5.168293e-02 7.557167e-01 3.736929e+02 2.197908e-02 9.959571e-01 8.710030e-02 1.625309e+01 -7.571630e-01 7.347393e-02 -6.490808e-01 -1.246739e+02
-6.543509e-01 -4.979964e-02 7.545495e-01 3.756988e+02 3.024667e-02 9.953070e-01 9.191957e-02 1.644466e+01 -7.555859e-01 8.297026e-02 -6.497737e-01 -1.264012e+02
-6.563197e-01 -5.863560e-02 7.522010e-01 3.777489e+02 2.980226e-02 9.941827e-01 1.035020e-01 1.667589e+01 -7.538941e-01 9.034769e-02 -6.507542e-01 -1.281613e+02
-6.583116e-01 -6.905555e-02 7.495714e-01 3.797680e+02 2.410443e-02 9.933386e-01 1.126828e-01 1.693361e+01 -7.523595e-01 9.224835e-02 -6.522617e-01 -1.298850e+02
-6.611738e-01 -7.558458e-02 7.464155e-01 3.817880e+02 1.768449e-02 9.930653e-01 1.162261e-01 1.720566e+01 -7.500243e-01 9.004562e-02 -6.552521e-01 -1.316135e+02
-6.633708e-01 -7.650757e-02 7.443694e-01 3.837870e+02 1.618091e-02 9.930602e-01 1.164886e-01 1.747518e+01 -7.481159e-01 8.931973e-02 -6.575292e-01 -1.333423e+02
-6.659798e-01 -7.193815e-02 7.424930e-01 3.857803e+02 2.112422e-02 9.931214e-01 1.151682e-01 1.773403e+01 -7.456706e-01 9.238431e-02 -6.598791e-01 -1.350935e+02
-6.686997e-01 -6.568316e-02 7.406257e-01 3.877459e+02 2.579111e-02 9.934419e-01 1.113908e-01 1.798225e+01 -7.430852e-01 9.358858e-02 -6.626203e-01 -1.368364e+02
-6.707318e-01 -6.276579e-02 7.390394e-01 3.897272e+02 2.684531e-02 9.937057e-01 1.087584e-01 1.823552e+01 -7.412140e-01 9.278745e-02 -6.648251e-01 -1.385946e+02
-6.734784e-01 -6.282977e-02 7.365319e-01 3.917233e+02 2.686896e-02 9.936422e-01 1.093313e-01 1.849101e+01 -7.387184e-01 9.342211e-02 -6.675084e-01 -1.403793e+02
-6.764005e-01 -6.362421e-02 7.337809e-01 3.936854e+02 2.722193e-02 9.934218e-01 1.112302e-01 1.874435e+01 -7.360308e-01 9.521111e-02 -6.702190e-01 -1.421448e+02
-6.782822e-01 -6.463844e-02 7.319530e-01 3.956654e+02 2.752712e-02 9.931889e-01 1.132168e-01 1.900430e+01 -7.342858e-01 9.694146e-02 -6.718830e-01 -1.439333e+02
-6.799693e-01 -6.480496e-02 7.303711e-01 3.976365e+02 2.777081e-02 9.930959e-01 1.139706e-01 1.926292e+01 -7.327145e-01 9.777952e-02 -6.734751e-01 -1.457258e+02
-6.816031e-01 -6.466438e-02 7.288592e-01 3.995848e+02 2.796654e-02 9.930575e-01 1.142573e-01 1.952530e+01 -7.311875e-01 9.826183e-02 -6.750626e-01 -1.475118e+02
-6.823394e-01 -6.457812e-02 7.281776e-01 4.015480e+02 2.854742e-02 9.929769e-01 1.148121e-01 1.978622e+01 -7.304779e-01 9.912843e-02 -6.757038e-01 -1.493129e+02
-6.838209e-01 -6.520112e-02 7.267309e-01 4.035011e+02 2.976681e-02 9.926774e-01 1.170706e-01 2.005111e+01 -7.290425e-01 1.016878e-01 -6.768727e-01 -1.511174e+02
-6.845546e-01 -6.619683e-02 7.259497e-01 4.054527e+02 3.134814e-02 9.922737e-01 1.200426e-01 2.032358e+01 -7.282872e-01 1.049329e-01 -6.771904e-01 -1.529236e+02
-6.856972e-01 -6.701201e-02 7.247957e-01 4.074092e+02 3.264983e-02 9.919192e-01 1.225979e-01 2.060371e+01 -7.271543e-01 1.077295e-01 -6.779683e-01 -1.547363e+02
-6.871318e-01 -6.716996e-02 7.234211e-01 4.093465e+02 3.126494e-02 9.920609e-01 1.218099e-01 2.088470e+01 -7.258598e-01 1.063172e-01 -6.795765e-01 -1.565387e+02
-6.877046e-01 -6.770686e-02 7.228265e-01 4.112842e+02 2.727940e-02 9.925286e-01 1.189236e-01 2.116373e+01 -7.254779e-01 1.015026e-01 -6.807194e-01 -1.583372e+02
-6.886948e-01 -6.831245e-02 7.218261e-01 4.132105e+02 2.451955e-02 9.927879e-01 1.173499e-01 2.143912e+01 -7.246367e-01 9.851715e-02 -6.820528e-01 -1.601312e+02
-6.900601e-01 -6.943028e-02 7.204141e-01 4.151351e+02 2.389900e-02 9.926592e-01 1.185601e-01 2.171202e+01 -7.233574e-01 9.903075e-02 -6.833352e-01 -1.619381e+02
-6.903939e-01 -7.117708e-02 7.199236e-01 4.170684e+02 2.198958e-02 9.926236e-01 1.192259e-01 2.198248e+01 -7.230993e-01 9.814364e-02 -6.837362e-01 -1.637439e+02
-6.910711e-01 -7.225797e-02 7.191659e-01 4.189838e+02 1.924014e-02 9.927987e-01 1.182396e-01 2.225837e+01 -7.225307e-01 9.554886e-02 -6.847042e-01 -1.655427e+02
-6.921903e-01 -7.319185e-02 7.179941e-01 4.209033e+02 1.836483e-02 9.927359e-01 1.189037e-01 2.253293e+01 -7.214813e-01 9.548981e-02 -6.858181e-01 -1.673610e+02
-6.921508e-01 -7.482306e-02 7.178640e-01 4.228299e+02 1.874015e-02 9.924135e-01 1.215083e-01 2.280948e+01 -7.215095e-01 9.755494e-02 -6.854976e-01 -1.691784e+02
-6.925924e-01 -7.652949e-02 7.172579e-01 4.247335e+02 2.049907e-02 9.918662e-01 1.256236e-01 2.309561e+01 -7.210378e-01 1.017091e-01 -6.853902e-01 -1.709894e+02
-6.917631e-01 -7.744737e-02 7.179594e-01 4.266272e+02 2.536074e-02 9.910133e-01 1.313375e-01 2.339254e+01 -7.216790e-01 1.090624e-01 -6.835823e-01 -1.727878e+02
-6.905771e-01 -7.909498e-02 7.189209e-01 4.285352e+02 2.849887e-02 9.902546e-01 1.363221e-01 2.370145e+01 -7.226971e-01 1.146294e-01 -6.815930e-01 -1.745985e+02
-6.891336e-01 -8.196229e-02 7.199841e-01 4.304623e+02 2.343095e-02 9.905427e-01 1.351894e-01 2.402221e+01 -7.242554e-01 1.100335e-01 -6.806958e-01 -1.764152e+02
-6.873671e-01 -8.308419e-02 7.215424e-01 4.323743e+02 1.658049e-02 9.913818e-01 1.299508e-01 2.433454e+01 -7.261209e-01 1.012875e-01 -6.800657e-01 -1.781900e+02
