1.000000e+00 0.000000e+00 0.000000e+00 0.000000e+00 0.000000e+00 1.000000e+00 0.000000e+00 0.000000e+00 0.000000e+00 0.000000e+00 1.000000e+00 0.000000e+00
9.999957e-01 -1.557576e-03 -2.472188e-03 9.819175e-02 1.562135e-03 9.999971e-01 1.843255e-03 -6.415216e-03 2.469310e-03 -1.847109e-03 9.999952e-01 1.639908e-01
9.999928e-01 -1.887503e-03 -3.302399e-03 9.366338e-02 1.898530e-03 9.999926e-01 3.339092e-03 -3.437577e-02 3.296072e-03 -3.345337e-03 9.999890e-01 1.669389e+00
9.999870e-01 -7.452077e-04 -5.043793e-03 7.208285e-02 7.633634e-04 9.999932e-01 3.598633e-03 -5.296007e-02 5.041078e-03 -3.602437e-03 9.999808e-01 3.175422e+00
9.999821e-01 -2.606703e-04 -5.972256e-03 6.372878e-02 2.833532e-04 9.999927e-01 3.797520e-03 -7.272135e-02 5.971223e-03 -3.799144e-03 9.999750e-01 4.677504e+00
9.999719e-01 -6.379463e-06 -7.492764e-03 3.756824e-02 4.131539e-05 9.999891e-01 4.662477e-03 -9.399515e-02 7.492653e-03 -4.662655e-03 9.999611e-01 6.175854e+00
9.999579e-01 -3.725571e-04 -9.167593e-03 1.641555e-02 4.212212e-04 9.999858e-01 5.306921e-03 -1.117948e-01 9.165486e-03 -5.310559e-03 9.999439e-01 7.668448e+00
9.999452e-01 -1.351220e-03 -1.038228e-02 4.011627e-03 1.405293e-03 9.999855e-01 5.202664e-03 -1.347065e-01 1.037510e-02 -5.216969e-03 9.999326e-01 9.155140e+00
9.999248e-01 -2.169190e-03 -1.206988e-02 -2.386333e-02 2.237763e-03 9.999814e-01 5.670801e-03 -1.494036e-01 1.205735e-02 -5.697384e-03 9.999111e-01 1.064112e+01
9.999094e-01 -1.943249e-03 -1.332032e-02 -4.914183e-02 2.025863e-03 9.999788e-01 6.191446e-03 -1.707426e-01 1.330800e-02 -6.217870e-03 9.998921e-01 1.211990e+01
9.999017e-01 -1.260879e-03 -1.396743e-02 -7.302021e-02 1.352171e-03 9.999778e-01 6.528576e-03 -1.849138e-01 1.395888e-02 -6.546820e-03 9.998811e-01 1.360169e+01
9.998901e-01 -1.272823e-04 -1.482624e-02 -1.087127e-01 2.373192e-04 9.999724e-01 7.420237e-03 -2.037044e-01 1.482489e-02 -7.422940e-03 9.998626e-01 1.507314e+01
9.998835e-01 1.334462e-03 -1.520740e-02 -1.421958e-01 -1.203211e-03 9.999620e-01 8.636643e-03 -2.162768e-01 1.521835e-02 -8.617338e-03 9.998471e-01 1.654458e+01
9.998791e-01 1.864250e-03 -1.543765e-02 -1.705434e-01 -1.713700e-03 9.999509e-01 9.759637e-03 -2.297979e-01 1.545509e-02 -9.732001e-03 9.998332e-01 1.801439e+01
9.998707e-01 2.281244e-03 -1.591591e-02 -2.053665e-01 -2.115149e-03 9.999432e-01 1.044484e-02 -2.440346e-01 1.593884e-02 -1.040983e-02 9.998188e-01 1.947025e+01
9.998697e-01 2.817847e-03 -1.589443e-02 -2.314297e-01 -2.645309e-03 9.999375e-01 1.086588e-02 -2.554535e-01 1.592405e-02 -1.082242e-02 9.998146e-01 2.093556e+01
9.998657e-01 3.654538e-03 -1.597868e-02 -2.666329e-01 -3.465082e-03 9.999236e-01 1.186848e-02 -2.653695e-01 1.602083e-02 -1.181151e-02 9.998019e-01 2.237901e+01
9.998659e-01 4.154249e-03 -1.583782e-02 -2.967387e-01 -3.944163e-03 9.999041e-01 1.327303e-02 -2.737392e-01 1.589144e-02 -1.320878e-02 9.997865e-01 2.382094e+01
9.998732e-01 4.359821e-03 -1.531427e-02 -3.257431e-01 -4.166085e-03 9.999112e-01 1.265990e-02 -2.847142e-01 1.536811e-02 -1.259449e-02 9.998026e-01 2.526245e+01
9.998700e-01 4.456407e-03 -1.549360e-02 -3.604476e-01 -4.290858e-03 9.999335e-01 1.070184e-02 -2.942595e-01 1.554027e-02 -1.063397e-02 9.998227e-01 2.667778e+01
9.998829e-01 3.357288e-03 -1.492818e-02 -3.877480e-01 -3.193886e-03 9.999349e-01 1.095623e-02 -3.067013e-01 1.496399e-02 -1.090727e-02 9.998285e-01 2.809521e+01
9.998937e-01 2.250356e-03 -1.440881e-02 -4.106003e-01 -2.055705e-03 9.999066e-01 1.350974e-02 -3.174559e-01 1.443787e-02 -1.347869e-02 9.998049e-01 2.950790e+01
9.998948e-01 9.414193e-04 -1.447321e-02 -4.404294e-01 -7.202852e-04 9.998830e-01 1.527648e-02 -3.275464e-01 1.448590e-02 -1.526445e-02 9.997786e-01 3.090675e+01
9.999024e-01 2.340193e-04 -1.396978e-02 -4.629687e-01 -2.417522e-05 9.998872e-01 1.501957e-02 -3.369305e-01 1.397172e-02 -1.501776e-02 9.997896e-01 3.230103e+01
9.999066e-01 3.228073e-04 -1.366423e-02 -4.925801e-01 -1.386101e-04 9.999091e-01 1.347905e-02 -3.432121e-01 1.366734e-02 -1.347590e-02 9.998158e-01 3.368043e+01
9.999150e-01 8.239767e-04 -1.300881e-02 -5.204597e-01 -6.581147e-04 9.999185e-01 1.274912e-02 -3.490412e-01 1.301825e-02 -1.273947e-02 9.998341e-01 3.504318e+01
9.999301e-01 1.407419e-03 -1.173574e-02 -5.418061e-01 -1.265338e-03 9.999259e-01 1.210538e-02 -3.642255e-01 1.175191e-02 -1.208968e-02 9.998579e-01 3.638954e+01
9.999406e-01 1.928887e-03 -1.072454e-02 -5.660763e-01 -1.786426e-03 9.999103e-01 1.327732e-02 -3.726439e-01 1.074919e-02 -1.325738e-02 9.998543e-01 3.771561e+01
9.999552e-01 1.892870e-03 -9.272969e-03 -5.912010e-01 -1.750364e-03 9.998806e-01 1.535202e-02 -3.828097e-01 9.300921e-03 -1.533510e-02 9.998392e-01 3.903428e+01
9.999736e-01 1.539199e-03 -7.095547e-03 -6.051789e-01 -1.418532e-03 9.998548e-01 1.697975e-02 -3.969992e-01 7.120652e-03 -1.696924e-02 9.998307e-01 4.033170e+01
9.999859e-01 1.624008e-03 -5.057243e-03 -6.237144e-01 -1.533279e-03 9.998387e-01 1.789286e-02 -4.022253e-01 5.085485e-03 -1.788485e-02 9.998271e-01 4.160289e+01
9.999982e-01 1.345970e-03 -1.306659e-03 -6.286305e-01 -1.322580e-03 9.998418e-01 1.773883e-02 -4.086696e-01 1.330328e-03 -1.773707e-02 9.998418e-01 4.286706e+01
9.999973e-01 8.129875e-04 2.168493e-03 -6.381980e-01 -8.479767e-04 9.998687e-01 1.618343e-02 -4.166572e-01 -2.155051e-03 -1.618523e-02 9.998667e-01 4.409720e+01
9.999780e-01 8.780469e-04 6.581257e-03 -6.276570e-01 -9.747113e-04 9.998915e-01 1.469905e-02 -4.233485e-01 -6.567636e-03 -1.470514e-02 9.998703e-01 4.532611e+01
9.999510e-01 9.204968e-04 9.853371e-03 -6.288036e-01 -1.071786e-03 9.998815e-01 1.535981e-02 -4.264055e-01 -9.838065e-03 -1.536962e-02 9.998335e-01 4.653088e+01
9.998808e-01 1.112645e-03 1.539986e-02 -6.122872e-01 -1.356224e-03 9.998740e-01 1.581553e-02 -4.370391e-01 -1.538032e-02 -1.583453e-02 9.997563e-01 4.773530e+01
9.997542e-01 2.557849e-03 2.202163e-02 -5.921078e-01 -2.889812e-03 9.998825e-01 1.505584e-02 -4.427401e-01 -2.198053e-02 -1.511578e-02 9.996441e-01 4.893039e+01
9.995474e-01 3.794240e-03 2.984359e-02 -5.638582e-01 -4.255711e-03 9.998721e-01 1.541469e-02 -4.464370e-01 -2.978129e-02 -1.553472e-02 9.994357e-01 5.011815e+01
9.992742e-01 4.567304e-03 3.781787e-02 -5.317518e-01 -5.199844e-03 9.998479e-01 1.664454e-02 -4.514971e-01 -3.773610e-02 -1.682911e-02 9.991460e-01 5.127516e+01
9.988049e-01 6.260672e-03 4.847196e-02 -4.807234e-01 -7.113659e-03 9.998225e-01 1.744506e-02 -4.551585e-01 -4.835414e-02 -1.776902e-02 9.986722e-01 5.243319e+01
9.981014e-01 8.187288e-03 6.104573e-02 -4.288033e-01 -9.289005e-03 9.997987e-01 1.778551e-02 -4.591388e-01 -6.088782e-02 -1.831880e-02 9.979765e-01 5.356703e+01
9.970625e-01 9.734008e-03 7.597095e-02 -3.582382e-01 -1.117049e-02 9.997663e-01 1.850637e-02 -4.627979e-01 -7.577305e-02 -1.930064e-02 9.969383e-01 5.469269e+01
9.956284e-01 1.110053e-02 9.274097e-02 -2.646345e-01 -1.297858e-02 9.997222e-01 1.967189e-02 -4.607096e-01 -9.249685e-02 -2.078954e-02 9.954959e-01 5.581462e+01
9.938744e-01 1.108967e-02 1.099573e-01 -1.582008e-01 -1.346278e-02 9.996917e-01 2.086322e-02 -4.624675e-01 -1.096920e-01 -2.221576e-02 9.937173e-01 5.690660e+01
9.915658e-01 1.055536e-02 1.291735e-01 -2.130023e-02 -1.334842e-02 9.996950e-01 2.077589e-02 -4.674943e-01 -1.289148e-01 -2.232493e-02 9.914043e-01 5.799978e+01
9.886619e-01 9.913190e-03 1.498312e-01 1.413765e-01 -1.308445e-02 9.997104e-01 2.019458e-02 -4.644933e-01 -1.495876e-01 -2.192607e-02 9.885053e-01 5.908491e+01
9.853646e-01 7.663046e-03 1.702875e-01 3.216586e-01 -1.126048e-02 9.997332e-01 2.016985e-02 -4.603689e-01 -1.700875e-01 -2.179218e-02 9.851880e-01 6.013821e+01
9.812669e-01 2.033279e-03 1.926427e-01 5.248986e-01 -6.466997e-03 9.997284e-01 2.238924e-02 -4.639735e-01 -1.925448e-01 -2.321564e-02 9.810135e-01 6.117922e+01
9.765603e-01 -4.036748e-03 2.152062e-01 7.506638e-01 -1.148614e-03 9.997122e-01 2.396435e-02 -4.572952e-01 -2.152410e-01 -2.364982e-02 9.762745e-01 6.218498e+01
9.709895e-01 -9.594147e-03 2.389295e-01 1.001605e+00 4.107386e-03 9.997165e-01 2.345126e-02 -4.563060e-01 -2.390868e-01 -2.178955e-02 9.707537e-01 6.318179e+01
9.641930e-01 -1.546300e-02 2.647503e-01 1.283910e+00 9.959702e-03 9.997058e-01 2.211661e-02 -4.609713e-01 -2.650144e-01 -1.868784e-02 9.640634e-01 6.417670e+01
9.566025e-01 -1.951685e-02 2.907418e-01 1.573738e+00 1.342363e-02 9.996468e-01 2.293746e-02 -4.563262e-01 -2.910868e-01 -1.803922e-02 9.565266e-01 6.512317e+01
9.479153e-01 -2.189582e-02 3.177690e-01 1.900808e+00 1.469297e-02 9.995783e-01 2.504617e-02 -4.496201e-01 -3.181834e-01 -1.907268e-02 9.478373e-01 6.606402e+01
9.380788e-01 -2.701351e-02 3.453671e-01 2.240380e+00 1.847717e-02 9.994375e-01 2.798552e-02 -4.438537e-01 -3.459288e-01 -1.987121e-02 9.380503e-01 6.697464e+01
9.269140e-01 -3.066085e-02 3.740192e-01 2.603487e+00 2.176985e-02 9.993716e-01 2.797397e-02 -4.442523e-01 -3.746419e-01 -1.778712e-02 9.269990e-01 6.787726e+01
9.147436e-01 -2.999140e-02 4.029202e-01 3.016802e+00 2.220764e-02 9.994658e-01 2.397764e-02 -4.331667e-01 -4.034241e-01 -1.298548e-02 9.149210e-01 6.877244e+01
9.014458e-01 -3.072694e-02 4.318001e-01 3.437021e+00 2.477347e-02 9.995047e-01 1.940662e-02 -4.361693e-01 -4.321825e-01 -6.796829e-03 9.017605e-01 6.962207e+01
8.871069e-01 -3.257780e-02 4.604129e-01 3.880808e+00 2.788675e-02 9.994667e-01 1.698887e-02 -4.327740e-01 -4.607209e-01 -2.231525e-03 8.875423e-01 7.045901e+01
8.709365e-01 -3.320056e-02 4.902727e-01 4.357463e+00 2.683401e-02 9.994396e-01 2.001180e-02 -4.327159e-01 -4.906623e-01 -4.273026e-03 8.713393e-01 7.130400e+01
8.532843e-01 -3.236351e-02 5.204407e-01 4.845022e+00 2.247001e-02 9.994271e-01 2.530868e-02 -4.252594e-01 -5.209616e-01 -9.901196e-03 8.535227e-01 7.211147e+01
8.337356e-01 -3.293071e-02 5.511811e-01 5.357711e+00 2.092065e-02 9.993872e-01 2.806380e-02 -4.144355e-01 -5.517675e-01 -1.186672e-02 8.339136e-01 7.289317e+01
8.125887e-01 -2.769125e-02 5.821794e-01 5.885590e+00 1.656301e-02 9.995644e-01 2.442593e-02 -4.153882e-01 -5.826022e-01 -1.020559e-02 8.126934e-01 7.364546e+01
7.905005e-01 -2.115010e-02 6.120962e-01 6.451834e+00 1.302801e-02 9.997581e-01 1.771999e-02 -4.150044e-01 -6.123229e-01 -6.033269e-03 7.905848e-01 7.437592e+01
7.681185e-01 -1.875902e-02 6.400329e-01 7.051053e+00 1.131274e-02 9.998123e-01 1.572728e-02 -4.066307e-01 -6.402078e-01 -4.839892e-03 7.681865e-01 7.507930e+01
7.444819e-01 -2.100321e-02 6.673122e-01 7.651153e+00 1.176299e-02 9.997625e-01 1.834357e-02 -4.091698e-01 -6.675391e-01 -5.806867e-03 7.445521e-01 7.575784e+01
7.203512e-01 -2.147325e-02 6.932770e-01 8.285797e+00 1.139624e-02 9.997522e-01 1.912458e-02 -4.023433e-01 -6.935159e-01 -5.875661e-03 7.204174e-01 7.640946e+01
6.939915e-01 -2.050608e-02 7.196911e-01 8.936026e+00 1.234977e-02 9.997863e-01 1.657802e-02 -4.134818e-01 -7.198772e-01 -2.616988e-03 6.940965e-01 7.703845e+01
6.677502e-01 -1.816605e-02 7.441637e-01 9.595934e+00 1.135886e-02 9.998344e-01 1.421483e-02 -4.108696e-01 -7.442988e-01 -1.039103e-03 6.678460e-01 7.763020e+01
6.407758e-01 -1.633117e-02 7.675543e-01 1.029289e+01 9.692619e-03 9.998661e-01 1.318237e-02 -4.034548e-01 -7.676669e-01 -1.007335e-03 6.408483e-01 7.820863e+01
6.125580e-01 -1.549934e-02 7.902737e-01 1.098501e+01 9.855867e-03 9.998798e-01 1.197077e-02 -4.040942e-01 -7.903642e-01 4.560398e-04 6.126371e-01 7.876424e+01
5.836397e-01 -9.783440e-03 8.119538e-01 1.171146e+01 8.190640e-03 9.999475e-01 6.161118e-03 -4.126981e-01 -8.119714e-01 3.054548e-03 5.836892e-01 7.929100e+01
5.536638e-01 -5.464494e-04 8.327401e-01 1.246163e+01 6.278292e-03 9.999741e-01 -3.518057e-03 -4.186083e-01 -8.327166e-01 7.176006e-03 5.536529e-01 7.979132e+01
5.228944e-01 7.325951e-03 8.523660e-01 1.322225e+01 4.849681e-03 9.999213e-01 -1.156926e-02 -4.385084e-01 -8.523837e-01 1.018321e-02 5.228177e-01 8.026163e+01
4.910892e-01 1.223217e-02 8.710234e-01 1.400744e+01 1.962492e-03 9.998833e-01 -1.514827e-02 -4.540931e-01 -8.711071e-01 9.148529e-03 4.910079e-01 8.071261e+01
4.582958e-01 1.225370e-02 8.887153e-01 1.483307e+01 -1.277305e-03 9.999130e-01 -1.312822e-02 -4.747695e-01 -8.887988e-01 4.881447e-03 4.582716e-01 8.114614e+01
4.250726e-01 1.102839e-02 9.050921e-01 1.565526e+01 -5.936184e-03 9.999382e-01 -9.396174e-03 -4.962611e-01 -9.051398e-01 -1.378737e-03 4.251118e-01 8.154178e+01
3.906969e-01 1.192844e-02 9.204421e-01 1.651280e+01 -1.109284e-02 9.999044e-01 -8.249688e-03 -5.164509e-01 -9.204525e-01 -6.987192e-03 3.907919e-01 8.191432e+01
3.555264e-01 1.430759e-02 9.345567e-01 1.735773e+01 -1.797315e-02 9.998026e-01 -8.469086e-03 -5.390425e-01 -9.344934e-01 -1.378594e-02 3.557134e-01 8.225747e+01
3.197503e-01 1.626778e-02 9.473622e-01 1.823900e+01 -2.352528e-02 9.996807e-01 -9.226011e-03 -5.515428e-01 -9.472098e-01 -1.933694e-02 3.200309e-01 8.256580e+01
2.836913e-01 1.561700e-02 9.587885e-01 1.913568e+01 -2.654042e-02 9.996122e-01 -8.429031e-03 -5.699177e-01 -9.585483e-01 -2.305541e-02 2.839958e-01 8.284143e+01
2.472498e-01 1.468798e-02 9.688404e-01 2.003909e+01 -2.698132e-02 9.996017e-01 -8.268656e-03 -5.901106e-01 -9.685760e-01 -2.409617e-02 2.475476e-01 8.308317e+01
2.111755e-01 1.364105e-02 9.773530e-01 2.095839e+01 -2.638103e-02 9.996179e-01 -8.251685e-03 -6.147802e-01 -9.770921e-01 -2.404103e-02 2.114547e-01 8.328677e+01
1.759261e-01 1.262437e-02 9.843224e-01 2.188930e+01 -2.466773e-02 9.996603e-01 -8.412270e-03 -6.294615e-01 -9.840943e-01 -2.280107e-02 1.761778e-01 8.345346e+01
1.415169e-01 1.115964e-02 9.898729e-01 2.281509e+01 -1.708000e-02 9.998151e-01 -8.829893e-03 -6.554373e-01 -9.897885e-01 -1.565745e-02 1.416814e-01 8.358004e+01
1.078530e-01 1.424893e-02 9.940647e-01 2.376178e+01 -1.501270e-02 9.998066e-01 -1.270240e-02 -6.868867e-01 -9.940535e-01 -1.355361e-02 1.080460e-01 8.367476e+01
7.520986e-02 1.996988e-02 9.969677e-01 2.471103e+01 -1.514177e-02 9.997070e-01 -1.888248e-02 -6.972549e-01 -9.970528e-01 -1.367571e-02 7.549021e-02 8.373838e+01
4.610263e-02 2.257667e-02 9.986816e-01 2.566468e+01 -9.454549e-03 9.997097e-01 -2.216345e-02 -7.429425e-01 -9.988920e-01 -8.420290e-03 4.630269e-02 8.377571e+01
1.986984e-02 2.169179e-02 9.995672e-01 2.664016e+01 -6.665913e-03 9.997453e-01 -2.156315e-02 -7.704514e-01 -9.997804e-01 -6.234572e-03 2.000937e-02 8.379893e+01
-2.429448e-03 1.900850e-02 9.998164e-01 2.761680e+01 -5.660585e-03 9.998030e-01 -1.902200e-02 -7.957019e-01 -9.999810e-01 -5.705759e-03 -2.321370e-03 8.379703e+01
-2.127997e-02 1.710956e-02 9.996271e-01 2.858602e+01 -4.258627e-03 9.998429e-01 -1.720391e-02 -8.232845e-01 -9.997645e-01 -4.623138e-03 -2.120376e-02 8.378466e+01
-3.827991e-02 1.926265e-02 9.990814e-01 2.954886e+01 -3.022152e-03 9.998074e-01 -1.939244e-02 -8.596787e-01 -9.992625e-01 -3.761717e-03 -3.821433e-02 8.374482e+01
-5.283603e-02 2.437455e-02 9.983057e-01 3.054491e+01 -1.338506e-04 9.997019e-01 -2.441573e-02 -8.879152e-01 -9.986032e-01 -1.423654e-03 -5.281702e-02 8.368591e+01
-6.474116e-02 2.884620e-02 9.974851e-01 3.151761e+01 3.376916e-03 9.995827e-01 -2.868769e-02 -9.275427e-01 -9.978964e-01 1.511149e-03 -6.481155e-02 8.362124e+01
-7.474040e-02 3.299946e-02 9.966569e-01 3.250333e+01 9.860383e-03 9.994279e-01 -3.235177e-02 -9.680516e-01 -9.971543e-01 7.409435e-03 -7.502303e-02 8.354607e+01
-8.018804e-02 3.781445e-02 9.960622e-01 3.349793e+01 1.312421e-02 9.992336e-01 -3.687828e-02 -1.016592e+00 -9.966933e-01 1.011533e-02 -8.062287e-02 8.346030e+01
-8.425154e-02 4.309205e-02 9.955123e-01 3.449584e+01 1.528542e-02 9.990028e-01 -4.194952e-02 -1.060614e+00 -9.963273e-01 1.168251e-02 -8.482620e-02 8.337523e+01
-8.791546e-02 4.684574e-02 9.950258e-01 3.547884e+01 1.664507e-02 9.988232e-01 -4.555384e-02 -1.117499e+00 -9.959889e-01 1.255739e-02 -8.859175e-02 8.328595e+01
-9.022024e-02 5.002909e-02 9.946645e-01 3.647795e+01 1.742786e-02 9.986639e-01 -4.864947e-02 -1.172409e+00 -9.957693e-01 1.294571e-02 -9.097160e-02 8.319447e+01
-9.316839e-02 5.339200e-02 9.942178e-01 3.745959e+01 1.805936e-02 9.984875e-01 -5.192895e-02 -1.231710e+00 -9.954866e-01 1.311680e-02 -9.399170e-02 8.310695e+01
-9.485645e-02 5.734255e-02 9.938381e-01 3.847006e+01 1.941776e-02 9.982562e-01 -5.574415e-02 -1.295162e+00 -9.953016e-01 1.401042e-02 -9.580451e-02 8.300839e+01
-9.677643e-02 5.816010e-02 9.936054e-01 3.947530e+01 2.140520e-02 9.981820e-01 -5.634314e-02 -1.365685e+00 -9.950759e-01 1.581564e-02 -9.784542e-02 8.290338e+01
-9.928728e-02 5.737273e-02 9.934034e-01 4.047047e+01 2.228152e-02 9.982143e-01 -5.542361e-02 -1.424815e+00 -9.948093e-01 1.663168e-02 -1.003883e-01 8.281028e+01
-1.010931e-01 5.679172e-02 9.932547e-01 4.148426e+01 2.233342e-02 9.982473e-01 -5.480409e-02 -1.493053e+00 -9.946263e-01 1.664246e-02 -1.021843e-01 8.271658e+01
-1.032189e-01 5.733422e-02 9.930049e-01 4.249681e+01 2.173695e-02 9.982289e-01 -5.537638e-02 -1.562841e+00 -9.944211e-01 1.586901e-02 -1.042823e-01 8.261099e+01
-1.057733e-01 5.910795e-02 9.926320e-01 4.350132e+01 2.042194e-02 9.981504e-01 -5.726042e-02 -1.627242e+00 -9.941805e-01 1.421485e-02 -1.067848e-01 8.250720e+01
-1.082214e-01 6.129394e-02 9.922354e-01 4.453342e+01 1.876907e-02 9.980455e-01 -5.960574e-02 -1.698674e+00 -9.939496e-01 1.217272e-02 -1.091603e-01 8.239747e+01
-1.111873e-01 6.497880e-02 9.916729e-01 4.555107e+01 1.650525e-02 9.978433e-01 -6.353252e-02 -1.771502e+00 -9.936624e-01 9.303799e-03 -1.120200e-01 8.228797e+01
-1.132049e-01 6.902440e-02 9.911712e-01 4.659515e+01 1.281053e-02 9.976024e-01 -6.800913e-02 -1.847806e+00 -9.934891e-01 4.998456e-03 -1.138177e-01 8.217282e+01
-1.158815e-01 7.132449e-02 9.906989e-01 4.763526e+01 1.038257e-02 9.974509e-01 -7.059615e-02 -1.929972e+00 -9.932088e-01 2.105215e-03 -1.163266e-01 8.205372e+01
-1.188985e-01 6.927930e-02 9.904865e-01 4.867403e+01 7.875934e-03 9.975972e-01 -6.883123e-02 -2.016461e+00 -9.928752e-01 -3.829236e-04 -1.191584e-01 8.193239e+01
-1.213235e-01 6.572949e-02 9.904344e-01 4.971972e+01 5.749971e-03 9.978349e-01 -6.551628e-02 -2.085608e+00 -9.925964e-01 -2.253693e-03 -1.214387e-01 8.182031e+01
-1.237256e-01 6.368894e-02 9.902705e-01 5.077373e+01 5.344301e-03 9.979665e-01 -6.351619e-02 -2.167725e+00 -9.923021e-01 -2.566278e-03 -1.238144e-01 8.169329e+01
-1.260745e-01 6.379909e-02 9.899671e-01 5.181245e+01 5.054887e-03 9.979582e-01 -6.367033e-02 -2.243249e+00 -9.920079e-01 -3.023031e-03 -1.261396e-01 8.157162e+01
-1.268781e-01 6.614155e-02 9.897107e-01 5.286978e+01 6.092290e-03 9.978075e-01 -6.590164e-02 -2.324823e+00 -9.918996e-01 -2.331872e-03 -1.270029e-01 8.142752e+01
-1.273692e-01 6.816903e-02 9.895100e-01 5.393138e+01 6.041416e-03 9.976702e-01 -6.795356e-02 -2.406140e+00 -9.918370e-01 -2.677145e-03 -1.274842e-01 8.129085e+01
-1.282678e-01 6.875340e-02 9.893535e-01 5.498630e+01 5.499109e-03 9.976280e-01 -6.861547e-02 -2.490186e+00 -9.917243e-01 -3.360593e-03 -1.283416e-01 8.116599e+01
-1.277145e-01 6.711689e-02 9.895374e-01 5.605354e+01 2.428885e-03 9.977259e-01 -6.735880e-02 -2.569357e+00 -9.918080e-01 -6.199224e-03 -1.275871e-01 8.103959e+01
-1.283809e-01 6.640485e-02 9.894992e-01 5.711215e+01 -1.080117e-03 9.977458e-01 -6.709841e-02 -2.651452e+00 -9.917243e-01 -9.682931e-03 -1.280198e-01 8.091716e+01
-1.279288e-01 6.667217e-02 9.895398e-01 5.819442e+01 -5.181563e-03 9.976793e-01 -6.789046e-02 -2.738028e+00 -9.917698e-01 -1.381251e-02 -1.272865e-01 8.078807e+01
-1.285024e-01 6.668733e-02 9.894645e-01 5.926938e+01 -9.331597e-03 9.976110e-01 -6.844829e-02 -2.822258e+00 -9.916653e-01 -1.802905e-02 -1.275731e-01 8.066172e+01
-1.295747e-01 6.582984e-02 9.893820e-01 6.034780e+01 -1.232516e-02 9.976098e-01 -6.799145e-02 -2.904674e+00 -9.914931e-01 -2.100426e-02 -1.284536e-01 8.054797e+01
-1.294908e-01 6.092923e-02 9.897069e-01 6.144309e+01 -1.260256e-02 9.979286e-01 -6.308427e-02 -2.986123e+00 -9.915005e-01 -2.064168e-02 -1.284547e-01 8.040015e+01
-1.300220e-01 5.259135e-02 9.901154e-01 6.253734e+01 -9.555192e-03 9.984795e-01 -5.429041e-02 -3.060427e+00 -9.914651e-01 -1.651969e-02 -1.293218e-01 8.025322e+01
-1.307563e-01 4.722449e-02 9.902892e-01 6.362957e+01 -3.168849e-03 9.988399e-01 -4.805066e-02 -3.124367e+00 -9.914095e-01 -9.421004e-03 -1.304550e-01 8.013061e+01
-1.293641e-01 4.883517e-02 9.903939e-01 6.474262e+01 4.455927e-03 9.988051e-01 -4.866789e-02 -3.198651e+00 -9.915871e-01 -1.882758e-03 -1.294272e-01 7.995982e+01
-1.288989e-01 5.386942e-02 9.901935e-01 6.584310e+01 9.259627e-03 9.985453e-01 -5.311841e-02 -3.270009e+00 -9.916145e-01 2.321919e-03 -1.292102e-01 7.979501e+01
-1.277660e-01 5.950729e-02 9.900175e-01 6.694479e+01 1.253385e-02 9.982156e-01 -5.838250e-02 -3.332691e+00 -9.917251e-01 4.949437e-03 -1.282839e-01 7.964889e+01
-1.270924e-01 6.244905e-02 9.899231e-01 6.806405e+01 1.297613e-02 9.980354e-01 -6.129485e-02 -3.429620e+00 -9.918060e-01 5.055266e-03 -1.276530e-01 7.948946e+01
-1.280761e-01 6.140075e-02 9.898618e-01 6.917023e+01 1.135552e-02 9.981071e-01 -6.044293e-02 -3.488824e+00 -9.916993e-01 3.499101e-03 -1.285309e-01 7.937453e+01
-1.274647e-01 5.665161e-02 9.902239e-01 7.028860e+01 1.048485e-02 9.983886e-01 -5.576908e-02 -3.563438e+00 -9.917877e-01 3.273759e-03 -1.278533e-01 7.924518e+01
-1.274980e-01 5.427727e-02 9.903526e-01 7.140791e+01 8.699238e-03 9.985243e-01 -5.360519e-02 -3.636061e+00 -9.918007e-01 1.780758e-03 -1.277820e-01 7.911651e+01
-1.280095e-01 5.477617e-02 9.902591e-01 7.254268e+01 7.189518e-03 9.984986e-01 -5.430255e-02 -3.705184e+00 -9.917469e-01 1.682453e-04 -1.282111e-01 7.898576e+01
-1.276076e-01 5.905694e-02 9.900649e-01 7.365740e+01 6.952584e-03 9.982544e-01 -5.864933e-02 -3.781801e+00 -9.918004e-01 -6.005915e-04 -1.277955e-01 7.883831e+01
-1.279659e-01 6.226651e-02 9.898220e-01 7.480265e+01 7.849519e-03 9.980595e-01 -6.176990e-02 -3.861591e+00 -9.917475e-01 -1.348138e-04 -1.282063e-01 7.870697e+01
-1.276182e-01 6.039349e-02 9.899829e-01 7.593335e+01 6.738702e-03 9.981742e-01 -6.002451e-02 -3.937482e+00 -9.918005e-01 -9.890224e-04 -1.277922e-01 7.856301e+01
-1.267383e-01 5.396322e-02 9.904672e-01 7.709417e+01 9.109612e-03 9.985403e-01 -5.323741e-02 -4.016352e+00 -9.918944e-01 2.275550e-03 -1.270449e-01 7.841399e+01
-1.276507e-01 5.163590e-02 9.904741e-01 7.825462e+01 8.618582e-03 9.986639e-01 -5.095211e-02 -4.092009e+00 -9.917817e-01 2.032409e-03 -1.279252e-01 7.827225e+01
-1.272684e-01 5.435985e-02 9.903776e-01 7.940524e+01 6.212367e-03 9.985211e-01 -5.400852e-02 -4.162829e+00 -9.918489e-01 -7.209892e-04 -1.274179e-01 7.813154e+01
-1.275165e-01 5.727912e-02 9.901811e-01 8.055724e+01 5.445536e-03 9.983564e-01 -5.705076e-02 -4.234999e+00 -9.918215e-01 -1.882847e-03 -1.276188e-01 7.799815e+01
-1.281490e-01 5.680411e-02 9.901268e-01 8.172510e+01 5.190633e-03 9.983831e-01 -5.660597e-02 -4.311417e+00 -9.917413e-01 -2.114616e-03 -1.282367e-01 7.786135e+01
-1.273271e-01 5.352698e-02 9.904154e-01 8.288694e+01 4.841273e-03 9.985644e-01 -5.334501e-02 -4.381771e+00 -9.918490e-01 -1.997395e-03 -1.274035e-01 7.772350e+01
-1.266655e-01 5.207098e-02 9.905778e-01 8.405855e+01 5.782379e-03 9.986430e-01 -5.175554e-02 -4.459774e+00 -9.919286e-01 -8.277443e-04 -1.267947e-01 7.757763e+01
-1.263223e-01 5.216594e-02 9.906167e-01 8.524733e+01 7.193732e-03 9.986383e-01 -5.167102e-02 -4.534954e+00 -9.919632e-01 5.990307e-04 -1.265255e-01 7.742572e+01
-1.256109e-01 5.199082e-02 9.907163e-01 8.643220e+01 9.003464e-03 9.986445e-01 -5.126534e-02 -4.609949e+00 -9.920387e-01 2.480391e-03 -1.259088e-01 7.728119e+01
-1.247790e-01 5.179998e-02 9.908314e-01 8.762757e+01 9.328634e-03 9.986533e-01 -5.103412e-02 -4.678688e+00 -9.921407e-01 2.875116e-03 -1.250942e-01 7.713452e+01
-1.238648e-01 5.146323e-02 9.909637e-01 8.881000e+01 9.543554e-03 9.986698e-01 -5.067054e-02 -4.754556e+00 -9.922532e-01 3.181018e-03 -1.241912e-01 7.699072e+01
-1.218886e-01 4.972318e-02 9.912975e-01 9.000326e+01 1.122751e-02 9.987495e-01 -4.871645e-02 -4.826708e+00 -9.924803e-01 5.191823e-03 -1.222945e-01 7.685025e+01
-1.217173e-01 4.873669e-02 9.913676e-01 9.121292e+01 9.524453e-03 9.988051e-01 -4.793295e-02 -4.896526e+00 -9.925191e-01 3.607964e-03 -1.220361e-01 7.670660e+01
-1.202084e-01 4.793396e-02 9.915908e-01 9.241323e+01 1.059097e-02 9.988387e-01 -4.700041e-02 -4.966320e+00 -9.926922e-01 4.852067e-03 -1.205765e-01 7.656122e+01
-1.184543e-01 4.842843e-02 9.917778e-01 9.362809e+01 8.859384e-03 9.988217e-01 -4.771425e-02 -5.033453e+00 -9.929200e-01 3.134582e-03 -1.187438e-01 7.642692e+01
-1.183808e-01 5.057837e-02 9.916793e-01 9.485432e+01 8.550868e-03 9.987168e-01 -4.991655e-02 -5.107630e+00 -9.929314e-01 2.570557e-03 -1.186614e-01 7.628114e+01
-1.169433e-01 4.961708e-02 9.918984e-01 9.607856e+01 6.294286e-03 9.987682e-01 -4.921864e-02 -5.175919e+00 -9.931186e-01 4.875007e-04 -1.171116e-01 7.614757e+01
-1.156797e-01 4.815530e-02 9.921186e-01 9.729815e+01 3.636416e-03 9.988380e-01 -4.805744e-02 -5.245597e+00 -9.932799e-01 -1.951513e-03 -1.157204e-01 7.601735e+01
-1.160248e-01 4.842219e-02 9.920653e-01 9.853661e+01 3.500133e-04 9.988129e-01 -4.871060e-02 -5.320234e+00 -9.932463e-01 -5.304404e-03 -1.159041e-01 7.588412e+01
-1.171266e-01 4.766383e-02 9.919725e-01 9.977940e+01 -2.759790e-03 9.988281e-01 -4.831910e-02 -5.389194e+00 -9.931132e-01 -8.397088e-03 -1.168578e-01 7.574909e+01
-1.175196e-01 4.496237e-02 9.920522e-01 1.010168e+02 -4.908172e-03 9.989360e-01 -4.585579e-02 -5.458068e+00 -9.930584e-01 -1.025812e-02 -1.171739e-01 7.561454e+01
-1.186823e-01 4.302548e-02 9.919997e-01 1.022579e+02 -7.179102e-03 9.989974e-01 -4.418790e-02 -5.528481e+00 -9.929063e-01 -1.236599e-02 -1.182544e-01 7.547907e+01
-1.201650e-01 4.201420e-02 9.918645e-01 1.035019e+02 -8.801603e-03 9.990197e-01 -4.338361e-02 -5.596819e+00 -9.927149e-01 -1.394319e-02 -1.196774e-01 7.533942e+01
-1.225912e-01 4.190926e-02 9.915720e-01 1.047519e+02 -8.972055e-03 9.990204e-01 -4.333331e-02 -5.666419e+00 -9.924167e-01 -1.420872e-02 -1.220951e-01 7.519000e+01
-1.252602e-01 3.975022e-02 9.913273e-01 1.059986e+02 -1.010763e-02 9.990941e-01 -4.133881e-02 -5.743133e+00 -9.920724e-01 -1.519808e-02 -1.247449e-01 7.503463e+01
-1.275298e-01 3.618234e-02 9.911745e-01 1.072351e+02 -1.116137e-02 9.992187e-01 -3.791207e-02 -5.795390e+00 -9.917719e-01 -1.589779e-02 -1.270263e-01 7.489533e+01
-1.310091e-01 3.511180e-02 9.907592e-01 1.084723e+02 -1.239003e-02 9.992366e-01 -3.705058e-02 -5.860987e+00 -9.913037e-01 -1.712950e-02 -1.304741e-01 7.475312e+01
-1.372602e-01 3.975290e-02 9.897370e-01 1.097054e+02 -1.798851e-02 9.989295e-01 -4.261682e-02 -5.927819e+00 -9.903717e-01 -2.365349e-02 -1.363981e-01 7.459272e+01
-1.466878e-01 4.281175e-02 9.882560e-01 1.109374e+02 -1.935223e-02 9.987476e-01 -4.613872e-02 -5.995755e+00 -9.889935e-01 -2.589294e-02 -1.456756e-01 7.440419e+01
-1.541858e-01 3.918207e-02 9.872647e-01 1.121588e+02 -1.630457e-02 9.989764e-01 -4.219324e-02 -6.067894e+00 -9.879073e-01 -2.260253e-02 -1.533892e-01 7.423953e+01
-1.643132e-01 3.664350e-02 9.857274e-01 1.133710e+02 -1.480402e-02 9.991056e-01 -3.960854e-02 -6.129489e+00 -9.862971e-01 -2.110093e-02 -1.636238e-01 7.404163e+01
-1.783249e-01 3.703704e-02 9.832744e-01 1.145954e+02 -1.429226e-02 9.990884e-01 -4.022473e-02 -6.207950e+00 -9.838679e-01 -2.122629e-02 -1.776330e-01 7.382151e+01
-1.926207e-01 3.675615e-02 9.805846e-01 1.157982e+02 -1.358521e-02 9.991026e-01 -4.011888e-02 -6.271949e+00 -9.811792e-01 -2.104918e-02 -1.919485e-01 7.359123e+01
-2.064294e-01 3.566699e-02 9.778112e-01 1.169996e+02 -1.193273e-02 9.991693e-01 -3.896522e-02 -6.324016e+00 -9.783887e-01 -1.971152e-02 -2.058323e-01 7.335443e+01
-2.218412e-01 3.657522e-02 9.743966e-01 1.181866e+02 -9.037179e-03 9.991762e-01 -3.956285e-02 -6.403824e+00 -9.750409e-01 -1.758247e-02 -2.213279e-01 7.308903e+01
-2.367740e-01 4.053264e-02 9.707189e-01 1.193603e+02 -8.400463e-03 9.990066e-01 -4.376281e-02 -6.464231e+00 -9.715284e-01 -1.851639e-02 -2.361983e-01 7.281191e+01
-2.532420e-01 4.324834e-02 9.664358e-01 1.205341e+02 -9.785387e-03 9.988346e-01 -4.726233e-02 -6.542688e+00 -9.673535e-01 -2.142575e-02 -2.525236e-01 7.250543e+01
-2.687255e-01 4.122983e-02 9.623340e-01 1.216915e+02 -1.341644e-02 9.988263e-01 -4.653975e-02 -6.612190e+00 -9.631234e-01 -2.541752e-02 -2.678570e-01 7.220483e+01
-2.839240e-01 3.580212e-02 9.581782e-01 1.228596e+02 -1.912503e-02 9.988924e-01 -4.299046e-02 -6.677047e+00 -9.586560e-01 -3.053121e-02 -2.829248e-01 7.188627e+01
-2.990066e-01 3.225733e-02 9.537057e-01 1.240182e+02 -2.263180e-02 9.989076e-01 -4.088175e-02 -6.738908e+00 -9.539826e-01 -3.380799e-02 -2.979500e-01 7.155180e+01
-3.144817e-01 3.250152e-02 9.487070e-01 1.251517e+02 -2.561704e-02 9.987591e-01 -4.270790e-02 -6.811596e+00 -9.489178e-01 -3.773392e-02 -3.132589e-01 7.119292e+01
-3.292082e-01 3.445768e-02 9.436284e-01 1.262860e+02 -2.606407e-02 9.986216e-01 -4.555891e-02 -6.876601e+00 -9.438976e-01 -3.959316e-02 -3.278563e-01 7.081329e+01
-3.433360e-01 3.625476e-02 9.385126e-01 1.274103e+02 -2.508576e-02 9.985442e-01 -4.775090e-02 -6.950650e+00 -9.388776e-01 -3.993791e-02 -3.419267e-01 7.041470e+01
-3.575217e-01 3.615705e-02 9.332046e-01 1.285276e+02 -2.326413e-02 9.985954e-01 -4.760337e-02 -7.024126e+00 -9.336150e-01 -3.872943e-02 -3.561784e-01 6.999481e+01
-3.717463e-01 3.423663e-02 9.277028e-01 1.296443e+02 -2.370280e-02 9.986439e-01 -4.635280e-02 -7.094795e+00 -9.280317e-01 -3.922064e-02 -3.704307e-01 6.956112e+01
-3.857432e-01 3.258918e-02 9.220304e-01 1.307411e+02 -2.410363e-02 9.986789e-01 -4.538238e-02 -7.168456e+00 -9.222913e-01 -3.973023e-02 -3.844481e-01 6.911703e+01
-4.003717e-01 3.377786e-02 9.157301e-01 1.318287e+02 -2.599530e-02 9.984995e-01 -4.819648e-02 -7.235650e+00 -9.159840e-01 -4.310118e-02 -3.988929e-01 6.865630e+01
-4.157429e-01 3.557531e-02 9.087861e-01 1.329052e+02 -2.567436e-02 9.983774e-01 -5.082771e-02 -7.311246e+00 -9.091197e-01 -4.446376e-02 -4.141549e-01 6.817409e+01
-4.301987e-01 3.709840e-02 9.019716e-01 1.339804e+02 -2.507422e-02 9.982787e-01 -5.301878e-02 -7.384829e+00 -9.023859e-01 -4.542485e-02 -4.285280e-01 6.767181e+01
-4.445472e-01 3.967209e-02 8.948765e-01 1.350486e+02 -2.241359e-02 9.982133e-01 -5.538766e-02 -7.462785e+00 -8.954750e-01 -4.467982e-02 -4.428638e-01 6.715028e+01
-4.595032e-01 4.296944e-02 8.871361e-01 1.361086e+02 -2.260347e-02 9.979398e-01 -6.004410e-02 -7.545545e+00 -8.878884e-01 -4.764281e-02 -4.575853e-01 6.661416e+01
-4.746771e-01 4.435873e-02 8.790415e-01 1.371659e+02 -2.312240e-02 9.977560e-01 -6.283533e-02 -7.628679e+00 -8.798562e-01 -5.015204e-02 -4.725863e-01 6.605457e+01
-4.899551e-01 4.220495e-02 8.707254e-01 1.382209e+02 -2.366437e-02 9.978153e-01 -6.168101e-02 -7.714747e+00 -8.714264e-01 -5.082609e-02 -4.878860e-01 6.547984e+01
-5.049519e-01 3.815694e-02 8.623037e-01 1.392807e+02 -2.651837e-02 9.978650e-01 -5.968428e-02 -7.791058e+00 -8.627400e-01 -5.300458e-02 -5.028620e-01 6.488568e+01
-5.211421e-01 3.729277e-02 8.526548e-01 1.403228e+02 -2.761082e-02 9.977853e-01 -6.051609e-02 -7.881795e+00 -8.530232e-01 -5.507998e-02 -5.189583e-01 6.426675e+01
-5.371950e-01 3.611304e-02 8.426846e-01 1.413562e+02 -2.945685e-02 9.976703e-01 -6.153307e-02 -7.963116e+00 -8.429435e-01 -5.787809e-02 -5.348797e-01 6.362690e+01
-5.528127e-01 3.517465e-02 8.325628e-01 1.423852e+02 -2.993867e-02 9.976253e-01 -6.202728e-02 -8.050302e+00 -8.327675e-01 -5.921529e-02 -5.504469e-01 6.296865e+01
-5.683744e-01 3.418952e-02 8.220594e-01 1.434030e+02 -3.169960e-02 9.974845e-01 -6.340267e-02 -8.137465e+00 -8.221591e-01 -6.209541e-02 -5.658609e-01 6.228936e+01
-5.839013e-01 3.342716e-02 8.111362e-01 1.444062e+02 -3.213212e-02 9.974174e-01 -6.423437e-02 -8.229705e+00 -8.111885e-01 -6.357005e-02 -5.813193e-01 6.158697e+01
-5.988375e-01 3.042469e-02 8.002925e-01 1.454036e+02 -3.319585e-02 9.974764e-01 -6.276059e-02 -8.317847e+00 -8.001823e-01 -6.414978e-02 -5.963163e-01 6.086231e+01
-6.134539e-01 2.736856e-02 7.892562e-01 1.463950e+02 -3.299053e-02 9.976388e-01 -6.023659e-02 -8.404028e+00 -7.890412e-01 -6.299035e-02 -6.111025e-01 6.011292e+01
-6.281248e-01 2.504407e-02 7.777095e-01 1.473662e+02 -3.278235e-02 9.977427e-01 -5.860664e-02 -8.493586e+00 -7.774217e-01 -6.230743e-02 -6.258859e-01 5.934555e+01
-6.426672e-01 2.385513e-02 7.657740e-01 1.483325e+02 -3.301170e-02 9.977247e-01 -5.878548e-02 -8.578199e+00 -7.654339e-01 -6.305901e-02 -6.404174e-01 5.855860e+01
-6.576822e-01 2.389299e-02 7.529165e-01 1.492847e+02 -3.523807e-02 9.974269e-01 -6.243318e-02 -8.668495e+00 -7.524708e-01 -6.759251e-02 -6.551480e-01 5.775911e+01
-6.726066e-01 2.365125e-02 7.396222e-01 1.502222e+02 -3.743789e-02 9.971216e-01 -6.593115e-02 -8.758929e+00 -7.390527e-01 -7.203562e-02 -6.697851e-01 5.693152e+01
-6.882917e-01 1.956997e-02 7.251700e-01 1.511518e+02 -4.014551e-02 9.970766e-01 -6.501177e-02 -8.852454e+00 -7.243223e-01 -7.385939e-02 -6.854940e-01 5.608394e+01
-7.038050e-01 1.342215e-02 7.102664e-01 1.520742e+02 -4.279051e-02 9.972051e-01 -6.124576e-02 -8.937803e+00 -7.091033e-01 -7.349773e-02 -7.012636e-01 5.520279e+01
-7.203867e-01 9.768573e-03 6.935039e-01 1.529692e+02 -4.457662e-02 9.971814e-01 -6.035069e-02 -9.031771e+00 -6.921387e-01 -7.438989e-02 -7.179207e-01 5.431656e+01
-7.377229e-01 7.607138e-03 6.750608e-01 1.538468e+02 -4.581043e-02 9.970676e-01 -6.129853e-02 -9.123134e+00 -6.735476e-01 -7.614615e-02 -7.352112e-01 5.339866e+01
-7.547800e-01 2.749589e-03 6.559723e-01 1.547035e+02 -5.009002e-02 9.968300e-01 -6.181331e-02 -9.210487e+00 -6.540628e-01 -7.951311e-02 -7.522496e-01 5.245216e+01
-7.709446e-01 2.110091e-03 6.368988e-01 1.555343e+02 -4.880933e-02 9.968580e-01 -6.238471e-02 -9.296146e+00 -6.350292e-01 -7.918176e-02 -7.684192e-01 5.148361e+01
-7.871041e-01 2.209924e-03 6.168163e-01 1.563314e+02 -4.826055e-02 9.967074e-01 -6.515510e-02 -9.402891e+00 -6.149294e-01 -8.105173e-02 -7.844058e-01 5.049518e+01
-8.019718e-01 3.484904e-03 5.973517e-01 1.571046e+02 -4.404534e-02 9.969161e-01 -6.494880e-02 -9.485411e+00 -5.957359e-01 -7.839766e-02 -7.993451e-01 4.948411e+01
-8.161827e-01 3.774241e-03 5.777816e-01 1.578460e+02 -4.075431e-02 9.971120e-01 -6.408357e-02 -9.591282e+00 -5.763548e-01 -7.585099e-02 -8.136718e-01 4.844372e+01
-8.303653e-01 5.306238e-03 5.571942e-01 1.585698e+02 -3.883112e-02 9.969726e-01 -6.736285e-02 -9.688106e+00 -5.558648e-01 -7.757225e-02 -8.276454e-01 4.739544e+01
-8.438188e-01 6.353230e-03 5.365906e-01 1.592619e+02 -3.819204e-02 9.966833e-01 -7.185986e-02 -9.792581e+00 -5.352674e-01 -8.113020e-02 -8.407775e-01 4.634432e+01
-8.566095e-01 6.624653e-03 5.159227e-01 1.599362e+02 -3.598350e-02 9.967159e-01 -7.254324e-02 -9.894525e+00 -5.147090e-01 -8.070594e-02 -8.535580e-01 4.526340e+01
-8.680188e-01 5.618246e-03 4.964995e-01 1.605804e+02 -3.377338e-02 9.969521e-01 -7.032646e-02 -1.000543e+01 -4.953813e-01 -7.781316e-02 -8.651835e-01 4.414974e+01
-8.781135e-01 6.419085e-03 4.784092e-01 1.612006e+02 -3.212852e-02 9.968619e-01 -7.234691e-02 -1.010322e+01 -4.773723e-01 -7.889938e-02 -8.751517e-01 4.304914e+01
-8.878068e-01 9.416144e-03 4.601201e-01 1.617874e+02 -2.863363e-02 9.967235e-01 -7.564638e-02 -1.022276e+01 -4.593248e-01 -8.033428e-02 -8.846283e-01 4.193984e+01
-8.963001e-01 6.883486e-03 4.433946e-01 1.623638e+02 -3.073024e-02 9.965116e-01 -7.759002e-02 -1.032896e+01 -4.423819e-01 -8.316957e-02 -8.929619e-01 4.081455e+01
-9.041787e-01 4.628085e-03 4.271293e-01 1.629270e+02 -3.167912e-02 9.964610e-01 -7.785767e-02 -1.043344e+01 -4.259781e-01 -8.392833e-02 -9.008322e-01 3.967394e+01
-9.113077e-01 2.222306e-03 4.117199e-01 1.634690e+02 -3.259006e-02 9.964585e-01 -7.751390e-02 -1.055214e+01 -4.104340e-01 -8.405699e-02 -9.080079e-01 3.851755e+01
-9.175668e-01 9.675130e-04 3.975805e-01 1.639848e+02 -3.254177e-02 9.964590e-01 -7.752728e-02 -1.066510e+01 -3.962476e-01 -8.407443e-02 -9.142862e-01 3.736871e+01
-9.234668e-01 -2.064808e-03 3.836727e-01 1.644919e+02 -3.417747e-02 9.964529e-01 -7.689960e-02 -1.077713e+01 -3.821530e-01 -8.412719e-02 -9.202618e-01 3.620232e+01
-9.289678e-01 -6.105022e-03 3.701101e-01 1.649888e+02 -3.597020e-02 9.966208e-01 -7.384497e-02 -1.088446e+01 -3.684086e-01 -8.191254e-02 -9.260483e-01 3.501558e+01
-9.336123e-01 -1.004277e-02 3.581440e-01 1.654611e+02 -3.772362e-02 9.968062e-01 -7.038662e-02 -1.099002e+01 -3.562933e-01 -7.922430e-02 -9.310095e-01 3.383096e+01
-9.378484e-01 -9.290185e-03 3.469209e-01 1.659149e+02 -3.501036e-02 9.970746e-01 -6.794460e-02 -1.108875e+01 -3.452748e-01 -7.586756e-02 -9.354301e-01 3.263134e+01
-9.412149e-01 -5.816225e-03 3.377584e-01 1.663466e+02 -3.066173e-02 9.971955e-01 -6.827177e-02 -1.119993e+01 -3.364141e-01 -7.461466e-02 -9.387535e-01 3.142965e+01
-9.432581e-01 2.399577e-04 3.320604e-01 1.667655e+02 -2.472035e-02 9.971741e-01 -7.094176e-02 -1.130197e+01 -3.311391e-01 -7.512504e-02 -9.405866e-01 3.023439e+01
-9.451813e-01 2.726885e-03 3.265348e-01 1.671889e+02 -2.214071e-02 9.971288e-01 -7.241508e-02 -1.141010e+01 -3.257947e-01 -7.567509e-02 -9.424071e-01 2.903721e+01
-9.469541e-01 4.921923e-04 3.213684e-01 1.676019e+02 -2.376652e-02 9.971532e-01 -7.155835e-02 -1.151950e+01 -3.204888e-01 -7.540029e-02 -9.442467e-01 2.782651e+01
-9.483860e-01 -6.833109e-03 3.170446e-01 1.680308e+02 -2.991701e-02 9.972368e-01 -6.799879e-02 -1.161590e+01 -3.157038e-01 -7.397413e-02 -9.459698e-01 2.661215e+01
-9.500482e-01 -1.301288e-02 3.118319e-01 1.684403e+02 -3.524591e-02 9.972122e-01 -6.576847e-02 -1.171929e+01 -3.101068e-01 -7.347401e-02 -9.478583e-01 2.539222e+01
-9.513189e-01 -1.947721e-02 3.075921e-01 1.688605e+02 -4.215869e-02 9.968440e-01 -6.726644e-02 -1.181161e+01 -3.053112e-01 -7.695952e-02 -9.491377e-01 2.419265e+01
-9.523388e-01 -2.219964e-02 3.042333e-01 1.692557e+02 -4.559053e-02 9.965048e-01 -6.999753e-02 -1.191409e+01 -3.016160e-01 -8.053153e-02 -9.500223e-01 2.297795e+01
-9.533301e-01 -2.214753e-02 3.011166e-01 1.696546e+02 -4.586116e-02 9.963560e-01 -7.191235e-02 -1.201721e+01 -2.984266e-01 -8.236576e-02 -9.508719e-01 2.177646e+01
-9.533891e-01 -2.106261e-02 3.010075e-01 1.700466e+02 -4.523663e-02 9.962638e-01 -7.356693e-02 -1.212348e+01 -2.983333e-01 -8.375447e-02 -9.507799e-01 2.055992e+01
-9.533876e-01 -1.870248e-02 3.011683e-01 1.704354e+02 -4.318882e-02 9.962589e-01 -7.485244e-02 -1.223875e+01 -2.986417e-01 -8.437049e-02 -9.506286e-01 1.934620e+01
-9.533100e-01 -1.757488e-02 3.014817e-01 1.708286e+02 -4.253512e-02 9.961674e-01 -7.642797e-02 -1.234391e+01 -2.989830e-01 -8.568311e-02 -9.504039e-01 1.814827e+01
-9.526556e-01 -1.667022e-02 3.035943e-01 1.712255e+02 -4.213176e-02 9.961009e-01 -7.751079e-02 -1.245950e+01 -3.011184e-01 -8.663204e-02 -9.496434e-01 1.693160e+01
-9.523414e-01 -1.511240e-02 3.046597e-01 1.716212e+02 -4.046665e-02 9.962034e-01 -7.707958e-02 -1.257213e+01 -3.023382e-01 -8.573463e-02 -9.493372e-01 1.573001e+01
-9.514261e-01 -1.562666e-02 3.074805e-01 1.720135e+02 -4.111389e-02 9.962148e-01 -7.658799e-02 -1.268997e+01 -3.051198e-01 -8.550953e-02 -9.484672e-01 1.452953e+01
-9.503125e-01 -1.742484e-02 3.108096e-01 1.724165e+02 -4.324048e-02 9.961420e-01 -7.636299e-02 -1.280169e+01 -3.082799e-01 -8.600826e-02 -9.473997e-01 1.333976e+01
-9.488869e-01 -1.816758e-02 3.150929e-01 1.728219e+02 -4.353976e-02 9.963317e-01 -7.367155e-02 -1.290990e+01 -3.125986e-01 -8.362504e-02 -9.461971e-01 1.214794e+01
-9.467370e-01 -2.012905e-02 3.213781e-01 1.732355e+02 -4.502726e-02 9.965141e-01 -7.022909e-02 -1.301473e+01 -3.188441e-01 -8.095925e-02 -9.443432e-01 1.095241e+01
-9.443093e-01 -2.216485e-02 3.283120e-01 1.736520e+02 -4.679216e-02 9.966348e-01 -6.730187e-02 -1.311359e+01 -3.257154e-01 -7.891621e-02 -9.421686e-01 9.770580e+00
-9.417612e-01 -2.135960e-02 3.356032e-01 1.740630e+02 -4.598706e-02 9.967853e-01 -6.560691e-02 -1.322645e+01 -3.331230e-01 -7.721945e-02 -9.397160e-01 8.581529e+00
-9.386784e-01 -2.080670e-02 3.441656e-01 1.744960e+02 -4.621434e-02 9.967630e-01 -6.578535e-02 -1.332051e+01 -3.416827e-01 -7.765667e-02 -9.366015e-01 7.413097e+00
-9.352553e-01 -1.863123e-02 3.534832e-01 1.749462e+02 -4.502287e-02 9.967644e-01 -6.658571e-02 -1.342083e+01 -3.510989e-01 -7.818947e-02 -9.330681e-01 6.250304e+00
-9.314037e-01 -1.665196e-02 3.636066e-01 1.753905e+02 -4.363969e-02 9.968560e-01 -6.613345e-02 -1.351596e+01 -3.613622e-01 -7.746462e-02 -9.292021e-01 5.093576e+00
-9.267570e-01 -1.473783e-02 3.753723e-01 1.758761e+02 -4.272224e-02 9.968822e-01 -6.633749e-02 -1.361230e+01 -3.732243e-01 -7.751547e-02 -9.244972e-01 3.933620e+00
