1.000000e+00 0.000000e+00 0.000000e+00 0.000000e+00 0.000000e+00 1.000000e+00 0.000000e+00 0.000000e+00 0.000000e+00 0.000000e+00 1.000000e+00 0.000000e+00
9.999968e-01 -1.888300e-03 -1.676867e-03 -3.277757e-04 1.887259e-03 9.999980e-01 -6.224344e-04 -1.538782e-02 1.678039e-03 6.192677e-04 9.999984e-01 5.599914e-01
9.999949e-01 -1.920018e-03 -2.563473e-03 -1.775241e-03 1.914960e-03 9.999962e-01 -1.974323e-03 -3.068782e-02 2.567254e-03 1.969403e-03 9.999948e-01 1.124057e+00
9.999871e-01 -1.946577e-03 -4.695291e-03 -8.246619e-03 1.931434e-03 9.999929e-01 -3.227513e-03 -4.268757e-02 4.701541e-03 3.218403e-03 9.999838e-01 1.679618e+00
9.999710e-01 -3.544538e-03 -6.736966e-03 -1.092282e-02 3.510681e-03 9.999812e-01 -5.030752e-03 -5.733903e-02 6.754671e-03 5.006955e-03 9.999647e-01 2.234208e+00
9.999513e-01 -5.776588e-03 -8.002997e-03 -1.165323e-02 5.720568e-03 9.999591e-01 -7.005064e-03 -7.330424e-02 8.043135e-03 6.958941e-03 9.999434e-01 2.796547e+00
9.999304e-01 -6.645928e-03 -9.749844e-03 -1.909224e-02 6.570651e-03 9.999485e-01 -7.732747e-03 -8.539118e-02 9.800733e-03 7.668146e-03 9.999226e-01 3.363889e+00
9.999185e-01 -6.652046e-03 -1.090127e-02 -2.649899e-02 6.576866e-03 9.999544e-01 -6.917848e-03 -9.927503e-02 1.094679e-02 6.845588e-03 9.999166e-01 3.941466e+00
9.999001e-01 -6.772173e-03 -1.240542e-02 -3.727970e-02 6.688756e-03 9.999548e-01 -6.753413e-03 -1.150478e-01 1.245060e-02 6.669761e-03 9.999002e-01 4.523096e+00
9.998939e-01 -6.233419e-03 -1.316580e-02 -4.769739e-02 6.108383e-03 9.999361e-01 -9.515935e-03 -1.332933e-01 1.322428e-02 9.434504e-03 9.998680e-01 5.114003e+00
9.998799e-01 -4.898349e-03 -1.470012e-02 -6.211640e-02 4.703937e-03 9.999014e-01 -1.323080e-02 -1.505936e-01 1.476348e-02 1.316006e-02 9.998044e-01 5.708591e+00
9.998664e-01 -3.616409e-03 -1.594346e-02 -7.763028e-02 3.345552e-03 9.998502e-01 -1.698265e-02 -1.642278e-01 1.600249e-02 1.692704e-02 9.997287e-01 6.311777e+00
9.998553e-01 -2.285670e-03 -1.685537e-02 -9.429019e-02 2.003181e-03 9.998576e-01 -1.675745e-02 -1.784166e-01 1.689127e-02 1.672126e-02 9.997175e-01 6.938361e+00
9.998301e-01 -9.965292e-04 -1.840426e-02 -1.161778e-01 8.134904e-04 9.999502e-01 -9.950267e-03 -1.873542e-01 1.841326e-02 9.933605e-03 9.997811e-01 7.576183e+00
9.998240e-01 -2.828719e-04 -1.876009e-02 -1.315920e-01 2.992697e-04 9.999996e-01 8.712748e-04 -2.015380e-01 1.875984e-02 -8.767358e-04 9.998236e-01 8.233983e+00
9.998005e-01 4.606769e-04 -1.996982e-02 -1.521234e-01 -3.005164e-04 9.999678e-01 8.022386e-03 -2.142918e-01 1.997288e-02 -8.014784e-03 9.997684e-01 8.906396e+00
9.997742e-01 1.888374e-03 -2.116469e-02 -1.728980e-01 -1.715437e-03 9.999650e-01 8.186190e-03 -2.307874e-01 2.117941e-02 -8.148035e-03 9.997425e-01 9.582382e+00
9.997590e-01 4.395580e-03 -2.150983e-02 -2.002543e-01 -4.375062e-03 9.999899e-01 1.000893e-03 -2.341602e-01 2.151401e-02 -9.065448e-04 9.997681e-01 1.027085e+01
9.997250e-01 4.514885e-03 -2.301190e-02 -2.214344e-01 -4.623947e-03 9.999783e-01 -4.688376e-03 -2.374405e-01 2.299023e-02 4.793493e-03 9.997242e-01 1.098360e+01
9.997138e-01 3.385298e-03 -2.368140e-02 -2.395075e-01 -3.468101e-03 9.999880e-01 -3.456329e-03 -2.448302e-01 2.366941e-02 3.537469e-03 9.997136e-01 1.171121e+01
9.996960e-01 2.231220e-03 -2.455486e-02 -2.564874e-01 -2.081619e-03 9.999791e-01 6.116399e-03 -2.511624e-01 2.456800e-02 -6.063426e-03 9.996798e-01 1.247164e+01
9.997012e-01 1.597933e-03 -2.439279e-02 -2.746136e-01 -1.257954e-03 9.999019e-01 1.394665e-02 -2.554490e-01 2.441268e-02 -1.391179e-02 9.996052e-01 1.323970e+01
9.996759e-01 1.582725e-03 -2.540738e-02 -2.958562e-01 -1.167502e-03 9.998657e-01 1.634914e-02 -2.596958e-01 2.542985e-02 -1.631418e-02 9.995435e-01 1.402984e+01
9.996718e-01 -1.720030e-05 -2.561698e-02 -3.162557e-01 4.233745e-04 9.998743e-01 1.585032e-02 -2.621808e-01 2.561348e-02 -1.585597e-02 9.995462e-01 1.483092e+01
9.996968e-01 -2.809264e-04 -2.462192e-02 -3.381722e-01 6.114862e-04 9.999098e-01 1.341893e-02 -2.635899e-01 2.461593e-02 -1.342991e-02 9.996068e-01 1.565150e+01
9.996961e-01 2.211640e-03 -2.455278e-02 -3.627013e-01 -1.970747e-03 9.999497e-01 9.831089e-03 -2.554361e-01 2.457329e-02 -9.779714e-03 9.996502e-01 1.648177e+01
9.997338e-01 -5.817508e-04 -2.306468e-02 -3.821258e-01 6.947489e-04 9.999878e-01 4.891476e-03 -2.629558e-01 2.306155e-02 -4.906198e-03 9.997220e-01 1.733125e+01
9.997307e-01 -3.413415e-03 -2.295242e-02 -3.998538e-01 3.388685e-03 9.999936e-01 -1.116255e-03 -2.761187e-01 2.295608e-02 1.038176e-03 9.997359e-01 1.819200e+01
9.997729e-01 -2.151948e-03 -2.119998e-02 -4.220742e-01 2.024827e-03 9.999799e-01 -6.015953e-03 -2.906237e-01 2.121250e-02 5.971661e-03 9.997572e-01 1.907865e+01
9.997680e-01 -4.316786e-04 -2.153731e-02 -4.465533e-01 2.789298e-04 9.999748e-01 -7.094787e-03 -2.978029e-01 2.153983e-02 7.087133e-03 9.997429e-01 1.998152e+01
9.997622e-01 -1.210394e-03 -2.177234e-02 -4.718108e-01 1.077711e-03 9.999808e-01 -6.104797e-03 -3.148558e-01 2.177931e-02 6.079882e-03 9.997443e-01 2.090249e+01
9.997738e-01 -6.477309e-04 -2.125648e-02 -4.957533e-01 5.057089e-04 9.999775e-01 -6.686049e-03 -3.336961e-01 2.126033e-02 6.673787e-03 9.997517e-01 2.184359e+01
9.997675e-01 2.894501e-03 -2.136958e-02 -5.258361e-01 -3.082617e-03 9.999567e-01 -8.775326e-03 -3.545547e-01 2.134326e-02 8.839159e-03 9.997331e-01 2.278059e+01
9.997520e-01 7.124826e-03 -2.109982e-02 -5.562752e-01 -7.325738e-03 9.999284e-01 -9.460023e-03 -3.718868e-01 2.103091e-02 9.612248e-03 9.997326e-01 2.374210e+01
9.997342e-01 8.640796e-03 -2.137244e-02 -5.837140e-01 -8.836630e-03 9.999197e-01 -9.085501e-03 -3.937470e-01 2.129222e-02 9.271947e-03 9.997303e-01 2.469727e+01
9.997309e-01 9.256029e-03 -2.126888e-02 -6.102946e-01 -9.443138e-03 9.999174e-01 -8.713787e-03 -4.163421e-01 2.118647e-02 8.912288e-03 9.997358e-01 2.568542e+01
9.997227e-01 9.223052e-03 -2.166645e-02 -6.363161e-01 -9.403080e-03 9.999220e-01 -8.221930e-03 -4.388175e-01 2.158893e-02 8.423382e-03 9.997314e-01 2.665604e+01
9.997118e-01 9.636475e-03 -2.198891e-02 -6.639827e-01 -9.789911e-03 9.999284e-01 -6.880936e-03 -4.604082e-01 2.192103e-02 7.094223e-03 9.997345e-01 2.764878e+01
9.997092e-01 9.986469e-03 -2.194942e-02 -6.906591e-01 -1.009479e-02 9.999374e-01 -4.829806e-03 -4.818032e-01 2.189981e-02 5.049976e-03 9.997474e-01 2.866437e+01
9.996924e-01 1.023203e-02 -2.259305e-02 -7.175616e-01 -1.031187e-02 9.999410e-01 -3.420571e-03 -5.001450e-01 2.255672e-02 3.652496e-03 9.997389e-01 2.966155e+01
9.997018e-01 1.005447e-02 -2.225562e-02 -7.441869e-01 -1.014424e-02 9.999408e-01 -3.924212e-03 -5.256501e-01 2.221485e-02 4.148808e-03 9.997446e-01 3.069209e+01
9.996741e-01 1.141119e-02 -2.283447e-02 -7.716344e-01 -1.151941e-02 9.999230e-01 -4.613339e-03 -5.434985e-01 2.278007e-02 4.874875e-03 9.997286e-01 3.170090e+01
9.996686e-01 1.104156e-02 -2.325470e-02 -8.013313e-01 -1.112810e-02 9.999316e-01 -3.595376e-03 -5.614410e-01 2.321342e-02 3.852965e-03 9.997231e-01 3.273407e+01
9.996724e-01 1.021259e-02 -2.346834e-02 -8.279615e-01 -1.023120e-02 9.999474e-01 -6.732314e-04 -5.833950e-01 2.346023e-02 9.131202e-04 9.997244e-01 3.379209e+01
9.996530e-01 1.038593e-02 -2.420811e-02 -8.570559e-01 -1.032386e-02 9.999431e-01 2.687594e-03 -5.998015e-01 2.423464e-02 -2.436740e-03 9.997033e-01 3.483137e+01
9.996537e-01 1.010763e-02 -2.429698e-02 -8.873256e-01 -9.985943e-03 9.999370e-01 5.124350e-03 -6.149653e-01 2.434724e-02 -4.879947e-03 9.996917e-01 3.589809e+01
9.996379e-01 9.761846e-03 -2.507718e-02 -9.182291e-01 -9.617078e-03 9.999364e-01 5.886996e-03 -6.280571e-01 2.513305e-02 -5.643694e-03 9.996682e-01 3.694538e+01
9.996379e-01 9.598582e-03 -2.513899e-02 -9.496482e-01 -9.484338e-03 9.999442e-01 4.659800e-03 -6.419664e-01 2.518232e-02 -4.419686e-03 9.996731e-01 3.802755e+01
9.996084e-01 1.018760e-02 -2.606404e-02 -9.834258e-01 -1.007598e-02 9.999395e-01 4.410258e-03 -6.535232e-01 2.610740e-02 -4.145910e-03 9.996505e-01 3.908953e+01
9.995942e-01 9.659626e-03 -2.679693e-02 -1.015943e+00 -9.509603e-03 9.999384e-01 5.720310e-03 -6.656037e-01 2.685054e-02 -5.463160e-03 9.996245e-01 4.016311e+01
9.995893e-01 9.183681e-03 -2.714543e-02 -1.048889e+00 -8.968662e-03 9.999275e-01 8.032143e-03 -6.795447e-01 2.721723e-02 -7.785386e-03 9.995992e-01 4.124635e+01
9.995637e-01 8.984751e-03 -2.813754e-02 -1.084930e+00 -8.693297e-03 9.999075e-01 1.046342e-02 -6.904956e-01 2.822895e-02 -1.021425e-02 9.995493e-01 4.230938e+01
9.995555e-01 1.002877e-02 -2.807702e-02 -1.119275e+00 -9.723602e-03 9.998924e-01 1.098456e-02 -7.043986e-01 2.818417e-02 -1.070667e-02 9.995454e-01 4.339141e+01
9.995091e-01 1.191793e-02 -2.897501e-02 -1.158686e+00 -1.170937e-02 9.999044e-01 7.356697e-03 -7.209635e-01 2.905992e-02 -7.013806e-03 9.995531e-01 4.445168e+01
9.994961e-01 1.392601e-02 -2.852358e-02 -1.195182e+00 -1.383587e-02 9.998987e-01 3.355102e-03 -7.383152e-01 2.856742e-02 -2.958763e-03 9.995875e-01 4.552040e+01
9.994793e-01 1.463947e-02 -2.875530e-02 -1.234917e+00 -1.455602e-02 9.998892e-01 3.109104e-03 -7.509700e-01 2.879763e-02 -2.688923e-03 9.995816e-01 4.658522e+01
9.994977e-01 1.366638e-02 -2.859402e-02 -1.270763e+00 -1.350324e-02 9.998915e-01 5.890522e-03 -7.663037e-01 2.867142e-02 -5.501451e-03 9.995738e-01 4.766740e+01
9.995020e-01 1.432729e-02 -2.811517e-02 -1.306365e+00 -1.411223e-02 9.998697e-01 7.832556e-03 -7.773756e-01 2.822372e-02 -7.431888e-03 9.995740e-01 4.875179e+01
9.995291e-01 1.219669e-02 -2.815782e-02 -1.342534e+00 -1.194045e-02 9.998859e-01 9.250180e-03 -7.903056e-01 2.826743e-02 -8.909607e-03 9.995607e-01 4.982305e+01
9.995313e-01 1.329692e-02 -2.757360e-02 -1.375953e+00 -1.304977e-02 9.998732e-01 9.123901e-03 -8.039806e-01 2.769143e-02 -8.759795e-03 9.995781e-01 5.090689e+01
9.995488e-01 1.246479e-02 -2.732693e-02 -1.409685e+00 -1.225809e-02 9.998951e-01 7.718475e-03 -8.230912e-01 2.742027e-02 -7.380016e-03 9.995968e-01 5.197523e+01
9.995416e-01 1.360101e-02 -2.704993e-02 -1.444532e+00 -1.346544e-02 9.998959e-01 5.187467e-03 -8.358075e-01 2.711766e-02 -4.820850e-03 9.996206e-01 5.304674e+01
9.995712e-01 1.252021e-02 -2.647187e-02 -1.475911e+00 -1.244334e-02 9.999179e-01 3.066522e-03 -8.567209e-01 2.650809e-02 -2.735809e-03 9.996449e-01 5.412721e+01
9.995792e-01 1.131439e-02 -2.670968e-02 -1.508362e+00 -1.132189e-02 9.999359e-01 -1.298192e-04 -8.804503e-01 2.670650e-02 4.321687e-04 9.996432e-01 5.519457e+01
9.996086e-01 1.009269e-02 -2.609323e-02 -1.537235e+00 -1.013726e-02 9.999474e-01 -1.576561e-03 -9.038552e-01 2.607595e-02 1.840458e-03 9.996583e-01 5.627106e+01
9.996218e-01 8.488634e-03 -2.615880e-02 -1.568524e+00 -8.471915e-03 9.999638e-01 7.499068e-04 -9.238764e-01 2.616422e-02 -5.280080e-04 9.996575e-01 5.734203e+01
9.996482e-01 7.239514e-03 -2.551499e-02 -1.597431e+00 -7.062828e-03 9.999505e-01 7.008096e-03 -9.417591e-01 2.556447e-02 -6.825422e-03 9.996499e-01 5.843323e+01
9.996552e-01 5.878422e-03 -2.559134e-02 -1.625342e+00 -5.542423e-03 9.998978e-01 1.318057e-02 -9.533139e-01 2.566621e-02 -1.303419e-02 9.995856e-01 5.951094e+01
9.996653e-01 4.560659e-03 -2.546347e-02 -1.653199e+00 -4.193303e-03 9.998866e-01 1.446159e-02 -9.646894e-01 2.552654e-02 -1.434997e-02 9.995711e-01 6.059011e+01
9.996857e-01 2.031266e-03 -2.498888e-02 -1.679243e+00 -1.744630e-03 9.999325e-01 1.148700e-02 -9.747510e-01 2.501053e-02 -1.143979e-02 9.996217e-01 6.167422e+01
9.996856e-01 3.702651e-04 -2.506984e-02 -1.706876e+00 -1.632160e-04 9.999659e-01 8.260436e-03 -9.862289e-01 2.507204e-02 -8.253747e-03 9.996516e-01 6.274775e+01
9.996856e-01 2.666638e-03 -2.493144e-02 -1.739743e+00 -2.555509e-03 9.999867e-01 4.488193e-03 -9.995201e-01 2.494308e-02 -4.423069e-03 9.996791e-01 6.383015e+01
9.996826e-01 3.014872e-03 -2.501262e-02 -1.770611e+00 -3.006055e-03 9.999954e-01 3.900978e-04 -1.021119e+00 2.501368e-02 -3.147846e-04 9.996871e-01 6.489986e+01
9.996847e-01 6.242963e-03 -2.432065e-02 -1.806808e+00 -6.248130e-03 9.999805e-01 -1.364586e-04 -1.038697e+00 2.431933e-02 2.883742e-04 9.997042e-01 6.598543e+01
9.996803e-01 1.001953e-02 -2.321281e-02 -1.844574e+00 -9.946853e-03 9.999453e-01 3.244326e-03 -1.052667e+00 2.324405e-02 -3.012394e-03 9.997253e-01 6.708471e+01
9.996679e-01 1.094875e-02 -2.332833e-02 -1.877568e+00 -1.082207e-02 9.999260e-01 5.549874e-03 -1.070642e+00 2.338737e-02 -5.295570e-03 9.997125e-01 6.816529e+01
9.996730e-01 1.086740e-02 -2.314694e-02 -1.907156e+00 -1.071952e-02 9.999214e-01 6.503482e-03 -1.084986e+00 2.321580e-02 -6.253232e-03 9.997109e-01 6.925513e+01
9.996809e-01 9.622232e-03 -2.335600e-02 -1.934525e+00 -9.449698e-03 9.999273e-01 7.486321e-03 -1.099833e+00 2.342633e-02 -7.263225e-03 9.996992e-01 7.033911e+01
9.996888e-01 8.804351e-03 -2.333887e-02 -1.963386e+00 -8.596785e-03 9.999227e-01 8.979046e-03 -1.112784e+00 2.341612e-02 -8.775613e-03 9.996873e-01 7.142661e+01
9.996864e-01 7.346737e-03 -2.394078e-02 -1.991599e+00 -7.083085e-03 9.999135e-01 1.107891e-02 -1.124991e+00 2.402011e-02 -1.090586e-02 9.996520e-01 7.250855e+01
9.996792e-01 6.217206e-03 -2.455250e-02 -2.020003e+00 -5.899253e-03 9.998981e-01 1.300120e-02 -1.135510e+00 2.463083e-02 -1.285218e-02 9.996140e-01 7.359220e+01
9.996734e-01 5.756960e-03 -2.489957e-02 -2.047558e+00 -5.452678e-03 9.999098e-01 1.227104e-02 -1.150194e+00 2.496797e-02 -1.213126e-02 9.996146e-01 7.467149e+01
9.996482e-01 6.413083e-03 -2.573545e-02 -2.079108e+00 -6.191675e-03 9.999432e-01 8.673714e-03 -1.165494e+00 2.578961e-02 -8.511317e-03 9.996312e-01 7.574075e+01
9.996290e-01 7.499954e-03 -2.618463e-02 -2.112131e+00 -7.330584e-03 9.999516e-01 6.558306e-03 -1.179934e+00 2.623255e-02 -6.363924e-03 9.996356e-01 7.680825e+01
9.995988e-01 8.534335e-03 -2.700625e-02 -2.147972e+00 -8.312086e-03 9.999307e-01 8.331123e-03 -1.190203e+00 2.707548e-02 -8.103303e-03 9.996005e-01 7.787333e+01
9.995809e-01 9.189158e-03 -2.745305e-02 -2.183817e+00 -8.845590e-03 9.998814e-01 1.261010e-02 -1.203211e+00 2.756567e-02 -1.236198e-02 9.995436e-01 7.894493e+01
9.995627e-01 1.031518e-02 -2.771154e-02 -2.218783e+00 -9.852902e-03 9.998109e-01 1.676675e-02 -1.210630e+00 2.787926e-02 -1.648638e-02 9.994753e-01 8.001017e+01
9.995308e-01 1.145898e-02 -2.840673e-02 -2.256262e+00 -1.095541e-02 9.997812e-01 1.782000e-02 -1.218592e+00 2.860472e-02 -1.750043e-02 9.994376e-01 8.107312e+01
9.995172e-01 1.209452e-02 -2.861821e-02 -2.291121e+00 -1.164850e-02 9.998089e-01 1.570106e-02 -1.226685e+00 2.880264e-02 -1.536012e-02 9.994671e-01 8.212815e+01
9.994933e-01 1.184012e-02 -2.954574e-02 -2.326714e+00 -1.139953e-02 9.998220e-01 1.503604e-02 -1.233926e+00 2.971850e-02 -1.469161e-02 9.994503e-01 8.317483e+01
9.994883e-01 1.158681e-02 -2.981286e-02 -2.360556e+00 -1.113718e-02 9.998224e-01 1.520371e-02 -1.240151e+00 2.998373e-02 -1.486389e-02 9.994399e-01 8.421936e+01
9.994737e-01 1.025240e-02 -3.077556e-02 -2.396506e+00 -9.769201e-03 9.998273e-01 1.581014e-02 -1.252075e+00 3.093234e-02 -1.550117e-02 9.994013e-01 8.524216e+01
9.994634e-01 9.347744e-03 -3.139343e-02 -2.429913e+00 -8.791686e-03 9.998028e-01 1.780414e-02 -1.260490e+00 3.155367e-02 -1.751859e-02 9.993485e-01 8.624999e+01
9.994582e-01 8.775629e-03 -3.172329e-02 -2.465678e+00 -8.131409e-03 9.997592e-01 2.037976e-02 -1.266491e+00 3.189450e-02 -2.011076e-02 9.992889e-01 8.723613e+01
9.994292e-01 7.775704e-03 -3.287503e-02 -2.502486e+00 -7.058503e-03 9.997358e-01 2.187602e-02 -1.274478e+00 3.303645e-02 -2.163149e-02 9.992200e-01 8.821486e+01
9.993761e-01 6.366148e-03 -3.474042e-02 -2.538060e+00 -5.587732e-03 9.997322e-01 2.245792e-02 -1.278321e+00 3.487409e-02 -2.224979e-02 9.991440e-01 8.916732e+01
9.992568e-01 5.501994e-03 -3.815167e-02 -2.579543e+00 -4.659723e-03 9.997442e-01 2.213079e-02 -1.286363e+00 3.826367e-02 -2.193656e-02 9.990269e-01 9.009041e+01
9.991231e-01 5.501906e-03 -4.150503e-02 -2.622037e+00 -4.607544e-03 9.997558e-01 2.161324e-02 -1.289679e+00 4.161381e-02 -2.140305e-02 9.989045e-01 9.099305e+01
9.989978e-01 5.216206e-03 -4.445391e-02 -2.665077e+00 -4.238573e-03 9.997477e-01 2.205800e-02 -1.295001e+00 4.455776e-02 -2.184747e-02 9.987679e-01 9.188202e+01
9.988361e-01 6.047485e-03 -4.785359e-02 -2.713694e+00 -4.925480e-03 9.997110e-01 2.352991e-02 -1.297258e+00 4.798206e-02 -2.326682e-02 9.985772e-01 9.274297e+01
9.986996e-01 7.138021e-03 -5.047977e-02 -2.762132e+00 -5.903325e-03 9.996808e-01 2.456617e-02 -1.300074e+00 5.063901e-02 -2.423622e-02 9.984229e-01 9.358083e+01
9.985258e-01 7.848850e-03 -5.370938e-02 -2.812299e+00 -6.446537e-03 9.996351e-01 2.623289e-02 -1.301979e+00 5.389568e-02 -2.584798e-02 9.982120e-01 9.439490e+01
9.983723e-01 9.584502e-03 -5.622139e-02 -2.861842e+00 -8.067227e-03 9.995987e-01 2.715265e-02 -1.302207e+00 5.645908e-02 -2.665490e-02 9.980490e-01 9.518167e+01
9.981915e-01 1.152249e-02 -5.899956e-02 -2.915369e+00 -9.897910e-03 9.995658e-01 2.775404e-02 -1.303862e+00 5.929374e-02 -2.711988e-02 9.978721e-01 9.593860e+01
9.980155e-01 1.301984e-02 -6.160871e-02 -2.968121e+00 -1.137140e-02 9.995699e-01 2.703194e-02 -1.306309e+00 6.193417e-02 -2.627771e-02 9.977343e-01 9.666432e+01
9.978548e-01 1.427416e-02 -6.389041e-02 -3.018058e+00 -1.279729e-02 9.996427e-01 2.346553e-02 -1.309741e+00 6.420254e-02 -2.259757e-02 9.976810e-01 9.735472e+01
9.976500e-01 1.640103e-02 -6.652357e-02 -3.072361e+00 -1.511377e-02 9.996896e-01 1.980789e-02 -1.314395e+00 6.682779e-02 -1.875592e-02 9.975882e-01 9.801580e+01
9.974943e-01 1.831971e-02 -6.833322e-02 -3.122676e+00 -1.720218e-02 9.997091e-01 1.690685e-02 -1.316862e+00 6.862306e-02 -1.568901e-02 9.975193e-01 9.864789e+01
9.973878e-01 2.021293e-02 -6.934739e-02 -3.173164e+00 -1.912718e-02 9.996844e-01 1.628518e-02 -1.322667e+00 6.965468e-02 -1.491622e-02 9.974596e-01 9.925545e+01
9.973898e-01 2.270497e-02 -6.854199e-02 -3.220147e+00 -2.159886e-02 9.996250e-01 1.683584e-02 -1.329197e+00 6.889854e-02 -1.531147e-02 9.975062e-01 9.983829e+01
9.975133e-01 2.600008e-02 -6.550677e-02 -3.262397e+00 -2.484262e-02 9.995216e-01 1.842240e-02 -1.334584e+00 6.595442e-02 -1.674923e-02 9.976821e-01 1.004020e+02
9.977727e-01 2.860698e-02 -6.026043e-02 -3.301516e+00 -2.745889e-02 9.994269e-01 1.979491e-02 -1.339415e+00 6.079217e-02 -1.809613e-02 9.979864e-01 1.009350e+02
9.981811e-01 2.926850e-02 -5.270615e-02 -3.327290e+00 -2.815964e-02 9.993687e-01 2.165979e-02 -1.343844e+00 5.330682e-02 -2.013620e-02 9.983751e-01 1.014510e+02
9.986397e-01 2.905125e-02 -4.329912e-02 -3.346596e+00 -2.803001e-02 9.993187e-01 2.400918e-02 -1.345158e+00 4.396712e-02 -2.276284e-02 9.987736e-01 1.019390e+02
9.991005e-01 2.850241e-02 -3.139611e-02 -3.352563e+00 -2.771190e-02 9.992949e-01 2.533252e-02 -1.349375e+00 3.209601e-02 -2.443969e-02 9.991859e-01 1.024099e+02
9.994396e-01 2.808399e-02 -1.821365e-02 -3.354551e+00 -2.760965e-02 9.992860e-01 2.579132e-02 -1.352980e+00 1.892497e-02 -2.527399e-02 9.995014e-01 1.028539e+02
9.996101e-01 2.777753e-02 -2.840030e-03 -3.345992e+00 -2.769634e-02 9.992919e-01 2.546652e-02 -1.357076e+00 3.545417e-03 -2.537794e-02 9.996716e-01 1.032861e+02
9.995486e-01 2.619020e-02 1.472284e-02 -3.328528e+00 -2.651496e-02 9.993993e-01 2.231398e-02 -1.363898e+00 -1.412959e-02 -2.269428e-02 9.996426e-01 1.037017e+02
9.990400e-01 2.526483e-02 3.578645e-02 -3.299877e+00 -2.589625e-02 9.995151e-01 1.729173e-02 -1.365644e+00 -3.533223e-02 -1.820186e-02 9.992099e-01 1.041105e+02
9.979174e-01 2.334145e-02 6.013375e-02 -3.257171e+00 -2.411473e-02 9.996352e-01 1.216579e-02 -1.369674e+00 -5.982784e-02 -1.359056e-02 9.981162e-01 1.045188e+02
9.960093e-01 2.005204e-02 8.696728e-02 -3.202573e+00 -2.091243e-02 9.997409e-01 8.993394e-03 -1.373889e+00 -8.676441e-02 -1.077620e-02 9.961706e-01 1.049071e+02
9.929868e-01 1.684138e-02 1.170197e-01 -3.133118e+00 -1.790513e-02 9.998073e-01 8.044999e-03 -1.379030e+00 -1.168616e-01 -1.008383e-02 9.930970e-01 1.052979e+02
9.887351e-01 1.352008e-02 1.490639e-01 -3.052425e+00 -1.463144e-02 9.998727e-01 6.361463e-03 -1.385135e+00 -1.489589e-01 -8.470823e-03 9.888071e-01 1.056637e+02
9.827022e-01 1.088691e-02 1.848723e-01 -2.953902e+00 -1.201790e-02 9.999153e-01 4.998220e-03 -1.392317e+00 -1.848023e-01 -7.133540e-03 9.827498e-01 1.060401e+02
9.748399e-01 6.381527e-03 2.228147e-01 -2.838745e+00 -7.671982e-03 9.999584e-01 4.926480e-03 -1.402166e+00 -2.227740e-01 -6.511959e-03 9.748484e-01 1.063910e+02
9.647935e-01 3.657039e-03 2.629831e-01 -2.707568e+00 -5.071242e-03 9.999761e-01 4.698972e-03 -1.413259e+00 -2.629596e-01 -5.867189e-03 9.647890e-01 1.067500e+02
9.526339e-01 4.346531e-03 3.040885e-01 -2.571425e+00 -5.933549e-03 9.999732e-01 4.295081e-03 -1.424678e+00 -3.040617e-01 -5.895963e-03 9.526341e-01 1.070686e+02
9.374573e-01 6.121766e-03 3.480463e-01 -2.418738e+00 -7.894597e-03 9.999621e-01 3.675699e-03 -1.427023e+00 -3.480106e-01 -6.193496e-03 9.374701e-01 1.073933e+02
9.195064e-01 5.140912e-03 3.930414e-01 -2.245780e+00 -7.600117e-03 9.999601e-01 4.700902e-03 -1.432927e+00 -3.930016e-01 -7.309670e-03 9.195087e-01 1.077167e+02
8.995439e-01 4.103247e-03 4.368111e-01 -2.066731e+00 -7.305481e-03 9.999573e-01 5.651252e-03 -1.434476e+00 -4.367693e-01 -8.274664e-03 8.995355e-01 1.080001e+02
8.763934e-01 2.970202e-03 4.815868e-01 -1.859927e+00 -6.428190e-03 9.999640e-01 5.530732e-03 -1.442612e+00 -4.815531e-01 -7.942828e-03 8.763809e-01 1.082985e+02
8.515649e-01 3.074788e-03 5.242402e-01 -1.650767e+00 -6.079562e-03 9.999735e-01 4.010444e-03 -1.453212e+00 -5.242139e-01 -6.602304e-03 8.515610e-01 1.085596e+02
8.238523e-01 4.724096e-03 5.667848e-01 -1.423829e+00 -5.947839e-03 9.999823e-01 3.107518e-04 -1.461540e+00 -5.667733e-01 -3.627159e-03 8.238658e-01 1.088326e+02
7.936519e-01 9.421988e-03 6.082991e-01 -1.196459e+00 -8.693060e-03 9.999536e-01 -4.146459e-03 -1.468788e+00 -6.083100e-01 -1.997135e-03 7.936970e-01 1.090741e+02
7.599905e-01 1.503032e-02 6.497604e-01 -9.417936e-01 -1.264783e-02 9.998853e-01 -8.335937e-03 -1.476543e+00 -6.498111e-01 -1.882829e-03 7.600934e-01 1.093240e+02
7.230510e-01 2.004159e-02 6.905038e-01 -6.857178e-01 -1.617561e-02 9.997962e-01 -1.208062e-02 -1.478043e+00 -6.906052e-01 -2.434420e-03 7.232278e-01 1.095469e+02
6.840169e-01 1.962829e-02 7.292020e-01 -3.992529e-01 -1.493535e-02 9.998052e-01 -1.290237e-02 -1.487283e+00 -7.293133e-01 -2.065451e-03 6.841768e-01 1.097607e+02
6.429899e-01 1.715410e-02 7.656825e-01 -8.719213e-02 -1.258597e-02 9.998508e-01 -1.183113e-02 -1.503359e+00 -7.657712e-01 -2.029562e-03 6.431099e-01 1.099601e+02
5.994323e-01 1.548669e-02 8.002756e-01 2.182091e-01 -1.138817e-02 9.998766e-01 -1.081920e-02 -1.504337e+00 -8.003444e-01 -2.628303e-03 5.995347e-01 1.101396e+02
5.529657e-01 1.364457e-02 8.330923e-01 5.615687e-01 -1.058512e-02 9.999003e-01 -9.350708e-03 -1.516037e+00 -8.331368e-01 -3.647760e-03 5.530550e-01 1.103218e+02
5.055420e-01 1.152375e-02 8.627251e-01 8.862153e-01 -9.372434e-03 9.999252e-01 -7.864296e-03 -1.521377e+00 -8.627511e-01 -4.110102e-03 5.056121e-01 1.104656e+02
4.548297e-01 6.092077e-03 8.905576e-01 1.261131e+00 -6.804453e-03 9.999712e-01 -3.365346e-03 -1.541123e+00 -8.905524e-01 -4.529098e-03 4.548581e-01 1.106063e+02
4.036753e-01 6.029281e-03 9.148825e-01 1.611415e+00 -8.752822e-03 9.999580e-01 -2.727924e-03 -1.546165e+00 -9.148605e-01 -6.906608e-03 4.037111e-01 1.107254e+02
3.526580e-01 1.074224e-02 9.356906e-01 1.981643e+00 -1.310924e-02 9.998927e-01 -6.538500e-03 -1.555356e+00 -9.356605e-01 -9.960341e-03 3.527610e-01 1.108334e+02
3.020114e-01 1.608436e-02 9.531686e-01 2.381571e+00 -1.600269e-02 9.998023e-01 -1.180083e-02 -1.563738e+00 -9.531700e-01 -1.168927e-02 3.022091e-01 1.109272e+02
2.554803e-01 1.858840e-02 9.666355e-01 2.773515e+00 -1.394538e-02 9.997820e-01 -1.554006e-02 -1.567713e+00 -9.667137e-01 -9.509915e-03 2.556839e-01 1.109974e+02
2.134074e-01 1.779303e-02 9.768013e-01 3.204155e+00 -6.793515e-03 9.998370e-01 -1.672842e-02 -1.583680e+00 -9.769397e-01 -3.065944e-03 2.134935e-01 1.110588e+02
1.784068e-01 1.715176e-02 9.838073e-01 3.625511e+00 9.940387e-04 9.998444e-01 -1.761161e-02 -1.597147e+00 -9.839563e-01 4.119974e-03 1.783620e-01 1.110933e+02
1.471294e-01 1.775785e-02 9.889578e-01 4.074300e+00 4.878563e-03 9.998136e-01 -1.867857e-02 -1.609437e+00 -9.891052e-01 7.572861e-03 1.470154e-01 1.111397e+02
1.195755e-01 1.589340e-02 9.926979e-01 4.528902e+00 3.242048e-03 9.998603e-01 -1.639860e-02 -1.624604e+00 -9.928198e-01 5.179245e-03 1.195073e-01 1.111783e+02
9.395922e-02 1.308475e-02 9.954901e-01 5.008929e+00 -2.604652e-03 9.999134e-01 -1.289705e-02 -1.627198e+00 -9.955726e-01 -1.381108e-03 9.398517e-02 1.112213e+02
6.937003e-02 9.547377e-03 9.975453e-01 5.514130e+00 -8.019803e-03 9.999272e-01 -9.012471e-03 -1.634231e+00 -9.975588e-01 -7.374922e-03 6.944155e-02 1.112561e+02
4.727796e-02 7.062852e-03 9.988568e-01 6.028273e+00 -4.302432e-03 9.999672e-01 -6.867061e-03 -1.649763e+00 -9.988725e-01 -3.972853e-03 4.730680e-02 1.112604e+02
2.699575e-02 7.045976e-03 9.996107e-01 6.562023e+00 2.514897e-03 9.999715e-01 -7.116437e-03 -1.668845e+00 -9.996324e-01 2.706031e-03 2.697726e-02 1.112520e+02
8.737220e-03 8.990844e-03 9.999214e-01 7.124060e+00 8.017053e-03 9.999268e-01 -9.060945e-03 -1.689285e+00 -9.999297e-01 8.095590e-03 8.664501e-03 1.112431e+02
-5.097169e-03 1.416388e-02 9.998867e-01 7.685773e+00 7.988142e-03 9.998684e-01 -1.412290e-02 -1.695459e+00 -9.999551e-01 7.915250e-03 -5.209641e-03 1.112301e+02
-1.680866e-02 1.886008e-02 9.996808e-01 8.283023e+00 4.320107e-03 9.998141e-01 -1.878996e-02 -1.699406e+00 -9.998494e-01 4.002894e-03 -1.688701e-02 1.112276e+02
-2.285345e-02 1.903808e-02 9.995575e-01 8.895875e+00 6.150185e-03 9.998024e-01 -1.890213e-02 -1.709634e+00 -9.997199e-01 5.715485e-03 -2.296602e-02 1.112051e+02
-2.549332e-02 1.548483e-02 9.995551e-01 9.535789e+00 1.311295e-02 9.997992e-01 -1.515417e-02 -1.734928e+00 -9.995890e-01 1.272079e-02 -2.569125e-02 1.111772e+02
-2.551370e-02 1.375526e-02 9.995798e-01 1.018784e+01 1.395016e-02 9.998129e-01 -1.340240e-02 -1.751503e+00 -9.995771e-01 1.360235e-02 -2.570081e-02 1.111615e+02
-2.335549e-02 1.306950e-02 9.996418e-01 1.085862e+01 1.338486e-02 9.998290e-01 -1.275923e-02 -1.773199e+00 -9.996376e-01 1.308206e-02 -2.352643e-02 1.111494e+02
-2.210674e-02 1.363697e-02 9.996626e-01 1.154726e+01 9.094029e-03 9.998683e-01 -1.343867e-02 -1.784086e+00 -9.997143e-01 8.793876e-03 -2.222784e-02 1.111467e+02
-2.079144e-02 1.448040e-02 9.996790e-01 1.225139e+01 8.244738e-03 9.998636e-01 -1.431160e-02 -1.805048e+00 -9.997498e-01 7.944533e-03 -2.090799e-02 1.111363e+02
-1.977632e-02 1.516013e-02 9.996895e-01 1.297271e+01 8.014209e-03 9.998553e-01 -1.500411e-02 -1.823183e+00 -9.997723e-01 7.714994e-03 -1.989496e-02 1.111246e+02
-1.920392e-02 1.441590e-02 9.997117e-01 1.371603e+01 8.459594e-03 9.998626e-01 -1.425557e-02 -1.844466e+00 -9.997798e-01 8.183392e-03 -1.932323e-02 1.111153e+02
-1.835900e-02 1.306199e-02 9.997461e-01 1.446591e+01 7.789804e-03 9.998862e-01 -1.292077e-02 -1.862674e+00 -9.998011e-01 7.550614e-03 -1.845866e-02 1.111077e+02
-1.816942e-02 1.152271e-02 9.997685e-01 1.523720e+01 8.672276e-03 9.998978e-01 -1.136660e-02 -1.886222e+00 -9.997973e-01 8.463744e-03 -1.826749e-02 1.110972e+02
-1.856722e-02 9.119182e-03 9.997860e-01 1.600770e+01 8.853264e-03 9.999207e-01 -8.955995e-03 -1.908674e+00 -9.997884e-01 8.685082e-03 -1.864648e-02 1.110843e+02
-1.958977e-02 7.551386e-03 9.997796e-01 1.679377e+01 7.324935e-03 9.999457e-01 -7.409116e-03 -1.926812e+00 -9.997813e-01 7.178177e-03 -1.964402e-02 1.110736e+02
-2.099993e-02 6.336207e-03 9.997594e-01 1.758543e+01 4.876865e-03 9.999687e-01 -6.235094e-03 -1.940960e+00 -9.997676e-01 4.744755e-03 -2.103017e-02 1.110631e+02
-2.207732e-02 3.660303e-03 9.997496e-01 1.838154e+01 6.890766e-03 9.999701e-01 -3.508942e-03 -1.958972e+00 -9.997325e-01 6.811572e-03 -2.210188e-02 1.110442e+02
-2.341829e-02 1.515619e-03 9.997246e-01 1.919085e+01 7.496082e-03 9.999710e-01 -1.340399e-03 -1.978403e+00 -9.996977e-01 7.462628e-03 -2.342897e-02 1.110254e+02
-2.486975e-02 4.552612e-04 9.996906e-01 2.000457e+01 5.330834e-03 9.999857e-01 -3.227781e-04 -1.992718e+00 -9.996765e-01 5.321157e-03 -2.487182e-02 1.110101e+02
-2.596092e-02 4.376321e-03 9.996534e-01 2.082092e+01 2.440913e-03 9.999877e-01 -4.314394e-03 -2.009743e+00 -9.996600e-01 2.328061e-03 -2.597128e-02 1.109980e+02
-2.697125e-02 8.815631e-03 9.995973e-01 2.164467e+01 3.014051e-03 9.999573e-01 -8.737480e-03 -2.025328e+00 -9.996317e-01 2.777177e-03 -2.699667e-02 1.109812e+02
-2.796888e-02 1.033883e-02 9.995553e-01 2.247977e+01 4.117897e-03 9.999392e-01 -1.022757e-02 -2.048731e+00 -9.996003e-01 3.830012e-03 -2.800975e-02 1.109602e+02
-2.947825e-02 8.120198e-03 9.995324e-01 2.331833e+01 5.764609e-04 9.999670e-01 -8.106727e-03 -2.066369e+00 -9.995653e-01 3.372193e-04 -2.948195e-02 1.109445e+02
-3.043220e-02 4.100487e-03 9.995284e-01 2.416085e+01 -1.985010e-03 9.999894e-01 -4.162815e-03 -2.086129e+00 -9.995349e-01 -2.110758e-03 -3.042373e-02 1.109286e+02
-3.085805e-02 -1.156841e-03 9.995231e-01 2.500882e+01 -3.200123e-03 9.999943e-01 1.058589e-03 -2.107998e+00 -9.995187e-01 -3.165931e-03 -3.086158e-02 1.109079e+02
-3.107969e-02 -6.703918e-03 9.994944e-01 2.585216e+01 -6.553266e-03 9.999574e-01 6.503247e-03 -2.121014e+00 -9.994954e-01 -6.347834e-03 -3.112230e-02 1.108895e+02
-3.099373e-02 -8.069980e-03 9.994870e-01 2.669290e+01 -9.056838e-03 9.999286e-01 7.792697e-03 -2.133033e+00 -9.994785e-01 -8.810667e-03 -3.106461e-02 1.108733e+02
-3.031692e-02 -1.727121e-03 9.995388e-01 2.753209e+01 -6.180125e-03 9.999797e-01 1.540434e-03 -2.160378e+00 -9.995212e-01 -6.130574e-03 -3.032698e-02 1.108517e+02
-2.891651e-02 8.667983e-03 9.995442e-01 2.835288e+01 -3.976155e-03 9.999535e-01 -8.786561e-03 -2.180453e+00 -9.995739e-01 -4.228420e-03 -2.888070e-02 1.108297e+02
-2.873192e-02 1.364230e-02 9.994941e-01 2.917970e+01 -2.628836e-03 9.999024e-01 -1.372344e-02 -2.201160e+00 -9.995837e-01 -3.021806e-03 -2.869325e-02 1.108097e+02
-2.710572e-02 8.401090e-03 9.995973e-01 3.001194e+01 -1.962082e-03 9.999623e-01 -8.457363e-03 -2.218310e+00 -9.996306e-01 -2.190535e-03 -2.708821e-02 1.107881e+02
-2.612947e-02 3.223269e-04 9.996585e-01 3.084404e+01 1.129230e-03 9.999993e-01 -2.929205e-04 -2.246106e+00 -9.996579e-01 1.121191e-03 -2.612982e-02 1.107655e+02
-2.625540e-02 -3.161941e-03 9.996503e-01 3.166829e+01 1.928105e-03 9.999930e-01 3.213666e-03 -2.269388e+00 -9.996534e-01 2.011807e-03 -2.624912e-02 1.107464e+02
-2.593848e-02 -3.358248e-03 9.996579e-01 3.248775e+01 5.330979e-04 9.999942e-01 3.373210e-03 -2.289332e+00 -9.996634e-01 6.204115e-04 -2.593654e-02 1.107325e+02
-2.749023e-02 -2.944798e-03 9.996177e-01 3.330267e+01 -2.144878e-03 9.999935e-01 2.886920e-03 -2.305680e+00 -9.996198e-01 -2.064696e-03 -2.749636e-02 1.107205e+02
-2.896351e-02 -3.080720e-03 9.995757e-01 3.411719e+01 -4.438271e-03 9.999858e-01 2.953382e-03 -2.320432e+00 -9.995706e-01 -4.350848e-03 -2.897677e-02 1.107047e+02
-3.164590e-02 -3.540087e-03 9.994929e-01 3.493052e+01 -4.784216e-03 9.999828e-01 3.390345e-03 -2.337072e+00 -9.994877e-01 -4.674499e-03 -3.166229e-02 1.106835e+02
-3.339246e-02 -3.831742e-03 9.994350e-01 3.573243e+01 -6.113311e-03 9.999747e-01 3.629557e-03 -2.357235e+00 -9.994236e-01 -5.988657e-03 -3.341504e-02 1.106630e+02
-3.554451e-02 -4.043172e-03 9.993599e-01 3.653292e+01 -8.143327e-03 9.999598e-01 3.755963e-03 -2.371107e+00 -9.993349e-01 -8.004611e-03 -3.557601e-02 1.106411e+02
-3.815719e-02 -5.122813e-03 9.992586e-01 3.733661e+01 -9.654893e-03 9.999421e-01 4.757640e-03 -2.385768e+00 -9.992251e-01 -9.466197e-03 -3.820444e-02 1.106180e+02
-3.988307e-02 -6.246368e-03 9.991848e-01 3.812486e+01 -9.094450e-03 9.999413e-01 5.888087e-03 -2.401676e+00 -9.991630e-01 -8.852201e-03 -3.993754e-02 1.105925e+02
-4.228754e-02 -6.560702e-03 9.990839e-01 3.891284e+01 -8.718711e-03 9.999428e-01 6.197311e-03 -2.414913e+00 -9.990674e-01 -8.448655e-03 -4.234232e-02 1.105654e+02
-4.374805e-02 -6.220103e-03 9.990232e-01 3.969025e+01 -8.486718e-03 9.999469e-01 5.854213e-03 -2.430955e+00 -9.990065e-01 -8.222318e-03 -4.379851e-02 1.105362e+02
-4.519273e-02 -6.399239e-03 9.989578e-01 4.046624e+01 -8.145806e-03 9.999486e-01 6.037071e-03 -2.442833e+00 -9.989451e-01 -7.864485e-03 -4.524254e-02 1.105045e+02
-4.614718e-02 -7.566279e-03 9.989060e-01 4.123925e+01 -7.032331e-03 9.999490e-01 7.249302e-03 -2.457039e+00 -9.989099e-01 -6.690102e-03 -4.619803e-02 1.104703e+02
-4.764097e-02 -8.364806e-03 9.988295e-01 4.200847e+01 -6.464342e-03 9.999466e-01 8.065833e-03 -2.468856e+00 -9.988436e-01 -6.072511e-03 -4.769250e-02 1.104371e+02
-4.939320e-02 -8.926025e-03 9.987395e-01 4.277078e+01 -6.668487e-03 9.999407e-01 8.606967e-03 -2.481131e+00 -9.987571e-01 -6.234956e-03 -4.944980e-02 1.104058e+02
-5.032656e-02 -9.979855e-03 9.986830e-01 4.351853e+01 -7.402443e-03 9.999263e-01 9.619250e-03 -2.491358e+00 -9.987054e-01 -6.908590e-03 -5.039673e-02 1.103753e+02
-5.151315e-02 -1.110200e-02 9.986106e-01 4.425221e+01 -8.010630e-03 9.999106e-01 1.070322e-02 -2.500550e+00 -9.986402e-01 -7.448143e-03 -5.159748e-02 1.103437e+02
-5.195151e-02 -1.147755e-02 9.985837e-01 4.496578e+01 -8.454278e-03 9.999032e-01 1.105288e-02 -2.510378e+00 -9.986138e-01 -7.868090e-03 -5.204351e-02 1.103111e+02
-5.249995e-02 -9.503283e-03 9.985757e-01 4.567277e+01 -8.213840e-03 9.999250e-01 9.084283e-03 -2.524474e+00 -9.985871e-01 -7.725217e-03 -5.257408e-02 1.102778e+02
-5.232652e-02 -7.228169e-03 9.986039e-01 4.636948e+01 -9.032417e-03 9.999363e-01 6.764518e-03 -2.539596e+00 -9.985892e-01 -8.665843e-03 -5.238848e-02 1.102464e+02
-5.240807e-02 -5.464549e-03 9.986108e-01 4.706585e+01 -1.053669e-02 9.999324e-01 4.918805e-03 -2.548124e+00 -9.985702e-01 -1.026427e-02 -5.246211e-02 1.102168e+02
-5.288032e-02 -5.008860e-03 9.985883e-01 4.776178e+01 -1.053912e-02 9.999345e-01 4.457513e-03 -2.560288e+00 -9.985452e-01 -1.028853e-02 -5.292965e-02 1.101832e+02
-5.264628e-02 -5.126503e-03 9.986001e-01 4.844951e+01 -9.245060e-03 9.999465e-01 4.646015e-03 -2.569393e+00 -9.985704e-01 -8.987522e-03 -5.269086e-02 1.101483e+02
-5.322623e-02 -5.852404e-03 9.985653e-01 4.913830e+01 -9.199443e-03 9.999433e-01 5.370125e-03 -2.583554e+00 -9.985401e-01 -8.900413e-03 -5.327704e-02 1.101151e+02
-5.338687e-02 -5.839942e-03 9.985568e-01 4.982599e+01 -1.242927e-02 9.999093e-01 5.183333e-03 -2.590423e+00 -9.984965e-01 -1.213461e-02 -5.345462e-02 1.100888e+02
-5.335618e-02 -5.940993e-03 9.985579e-01 5.049842e+01 -1.467825e-02 9.998789e-01 5.164546e-03 -2.600767e+00 -9.984677e-01 -1.438152e-02 -5.343692e-02 1.100615e+02
-5.337252e-02 -7.220226e-03 9.985486e-01 5.118409e+01 -1.323884e-02 9.998911e-01 6.522316e-03 -2.613470e+00 -9.984869e-01 -1.287151e-02 -5.346229e-02 1.100279e+02
-5.465858e-02 -8.163605e-03 9.984717e-01 5.185947e+01 -1.326816e-02 9.998842e-01 7.448825e-03 -2.623867e+00 -9.984169e-01 -1.284074e-02 -5.476057e-02 1.099950e+02
-5.818810e-02 -8.945803e-03 9.982656e-01 5.252576e+01 -1.589892e-02 9.998413e-01 8.033189e-03 -2.635047e+00 -9.981790e-01 -1.540391e-02 -5.832109e-02 1.099634e+02
-6.312828e-02 -8.824630e-03 9.979664e-01 5.320431e+01 -1.684098e-02 9.998279e-01 7.775782e-03 -2.641112e+00 -9.978633e-01 -1.631586e-02 -6.326603e-02 1.099293e+02
-6.913548e-02 -6.059414e-03 9.975889e-01 5.386246e+01 -1.540997e-02 9.998687e-01 5.005311e-03 -2.658418e+00 -9.974883e-01 -1.502677e-02 -6.921978e-02 1.098813e+02
-7.585991e-02 -3.480473e-03 9.971124e-01 5.452958e+01 -1.377005e-02 9.999022e-01 2.442590e-03 -2.667866e+00 -9.970234e-01 -1.354500e-02 -7.590042e-02 1.098276e+02
-8.292102e-02 -2.332176e-03 9.965534e-01 5.519370e+01 -1.433639e-02 9.998966e-01 1.147100e-03 -2.681103e+00 -9.964530e-01 -1.419186e-02 -8.294588e-02 1.097734e+02
-8.917517e-02 -2.864614e-03 9.960118e-01 5.587552e+01 -1.646686e-02 9.998634e-01 1.401376e-03 -2.691591e+00 -9.958798e-01 -1.627622e-02 -8.921017e-02 1.097206e+02
-9.466559e-02 -3.916032e-03 9.955014e-01 5.655951e+01 -1.641402e-02 9.998625e-01 2.372323e-03 -2.705164e+00 -9.953738e-01 -1.611560e-02 -9.471684e-02 1.096588e+02
-9.945880e-02 -4.251134e-03 9.950326e-01 5.723609e+01 -1.779885e-02 9.998385e-01 2.492576e-03 -2.721636e+00 -9.948825e-01 -1.746253e-02 -9.951840e-02 1.095968e+02
-1.034145e-01 -4.782510e-03 9.946269e-01 5.793894e+01 -1.981887e-02 9.997998e-01 2.746753e-03 -2.727382e+00 -9.944409e-01 -1.942833e-02 -1.034886e-01 1.095309e+02
-1.061139e-01 -7.634927e-03 9.943247e-01 5.863229e+01 -1.930033e-02 9.997980e-01 5.617231e-03 -2.733791e+00 -9.941667e-01 -1.859473e-02 -1.062398e-01 1.094588e+02
-1.081114e-01 -1.048846e-02 9.940835e-01 5.935147e+01 -1.740267e-02 9.998111e-01 8.656263e-03 -2.744093e+00 -9.939865e-01 -1.636386e-02 -1.082735e-01 1.093825e+02
-1.098413e-01 -1.277430e-02 9.938670e-01 6.006253e+01 -1.704320e-02 9.997946e-01 1.096688e-02 -2.751685e+00 -9.938030e-01 -1.573406e-02 -1.100365e-01 1.093081e+02
-1.109722e-01 -1.329594e-02 9.937346e-01 6.079257e+01 -1.772845e-02 9.997779e-01 1.139703e-02 -2.755151e+00 -9.936654e-01 -1.635262e-02 -1.111833e-01 1.092326e+02
-1.115300e-01 -1.010942e-02 9.937096e-01 6.151893e+01 -1.655883e-02 9.998283e-01 8.313175e-03 -2.762685e+00 -9.936231e-01 -1.552750e-02 -1.116783e-01 1.091536e+02
-1.121738e-01 -6.005521e-03 9.936704e-01 6.224537e+01 -1.095115e-02 9.999285e-01 4.807086e-03 -2.767217e+00 -9.936283e-01 -1.034260e-02 -1.122316e-01 1.090674e+02
-1.129111e-01 -1.795886e-03 9.936035e-01 6.298763e+01 -4.396785e-03 9.999895e-01 1.307787e-03 -2.785265e+00 -9.935954e-01 -4.220997e-03 -1.129178e-01 1.089763e+02
-1.137951e-01 -7.174763e-04 9.935040e-01 6.372169e+01 -3.255467e-03 9.999946e-01 3.492852e-04 -2.792977e+00 -9.934989e-01 -3.194573e-03 -1.137968e-01 1.088938e+02
-1.140186e-01 -2.602525e-03 9.934752e-01 6.447185e+01 -5.186634e-03 9.999845e-01 2.024320e-03 -2.801175e+00 -9.934651e-01 -4.921982e-03 -1.140303e-01 1.088143e+02
-1.139539e-01 -7.028369e-03 9.934612e-01 6.521933e+01 -4.951325e-03 9.999666e-01 6.506456e-03 -2.804252e+00 -9.934737e-01 -4.177513e-03 -1.139849e-01 1.087316e+02
-1.143427e-01 -9.082192e-03 9.933998e-01 6.595827e+01 -1.261997e-03 9.999587e-01 8.996898e-03 -2.819000e+00 -9.934406e-01 -2.249380e-04 -1.143494e-01 1.086447e+02
-1.152479e-01 -9.287272e-03 9.932933e-01 6.670446e+01 2.927774e-04 9.999559e-01 9.383537e-03 -2.828818e+00 -9.933367e-01 1.372247e-03 -1.152401e-01 1.085599e+02
-1.171171e-01 -9.367334e-03 9.930739e-01 6.744278e+01 -2.431352e-03 9.999552e-01 9.145504e-03 -2.838480e+00 -9.931151e-01 -1.343418e-03 -1.171346e-01 1.084790e+02
-1.190302e-01 -9.291547e-03 9.928472e-01 6.818323e+01 -3.068820e-03 9.999549e-01 8.990151e-03 -2.851099e+00 -9.928859e-01 -1.976770e-03 -1.190533e-01 1.083944e+02
-1.213704e-01 -9.555122e-03 9.925613e-01 6.892140e+01 -2.845362e-03 9.999529e-01 9.278348e-03 -2.857216e+00 -9.926032e-01 -1.698080e-03 -1.213919e-01 1.083065e+02
-1.231491e-01 -9.749657e-03 9.923403e-01 6.966137e+01 -1.886281e-03 9.999522e-01 9.590357e-03 -2.868322e+00 -9.923864e-01 -6.907885e-04 -1.231616e-01 1.082188e+02
-1.251160e-01 -1.035462e-02 9.920881e-01 7.040563e+01 -1.882933e-03 9.999462e-01 1.019917e-02 -2.877410e+00 -9.921403e-01 -5.919561e-04 -1.251287e-01 1.081283e+02
-1.267558e-01 -1.012557e-02 9.918823e-01 7.114744e+01 -1.567886e-03 9.999487e-01 1.000756e-02 -2.884813e+00 -9.919327e-01 -2.866428e-04 -1.267652e-01 1.080390e+02
-1.277964e-01 -9.509308e-03 9.917548e-01 7.190947e+01 -1.874923e-03 9.999546e-01 9.346329e-03 -2.899670e+00 -9.917986e-01 -6.650361e-04 -1.278084e-01 1.079463e+02
-1.289288e-01 -9.325046e-03 9.916100e-01 7.265146e+01 -1.230786e-03 9.999565e-01 9.243510e-03 -2.902805e+00 -9.916531e-01 -2.870553e-05 -1.289346e-01 1.078567e+02
-1.300437e-01 -9.842467e-03 9.914594e-01 7.342579e+01 -1.469893e-03 9.999515e-01 9.733974e-03 -2.913264e+00 -9.915072e-01 -1.914975e-04 -1.300519e-01 1.077607e+02
-1.311962e-01 -1.122471e-02 9.912929e-01 7.418197e+01 -1.346662e-03 9.999370e-01 1.114436e-02 -2.917080e+00 -9.913555e-01 1.271621e-04 -1.312031e-01 1.076628e+02
-1.322605e-01 -1.309999e-02 9.911284e-01 7.497125e+01 -1.714846e-03 9.999142e-01 1.298728e-02 -2.921846e+00 -9.912135e-01 1.807065e-05 -1.322716e-01 1.075677e+02
-1.338242e-01 -1.492671e-02 9.908927e-01 7.575330e+01 -3.665282e-03 9.998872e-01 1.456719e-02 -2.923006e+00 -9.909983e-01 -1.682459e-03 -1.338638e-01 1.074695e+02
