1.000000e+00 0.000000e+00 0.000000e+00 0.000000e+00 0.000000e+00 1.000000e+00 0.000000e+00 0.000000e+00 0.000000e+00 0.000000e+00 1.000000e+00 0.000000e+00
9.999982e-01 5.730157e-04 1.809687e-03 -4.201813e-03 -5.724722e-04 9.999998e-01 -3.008245e-04 -2.717600e-02 -1.809859e-03 2.997880e-04 9.999983e-01 1.194722e+00
9.999938e-01 9.855709e-04 3.381403e-03 -5.300737e-03 -9.869382e-04 9.999994e-01 4.026978e-04 -4.869696e-02 -3.381004e-03 -4.060325e-04 9.999942e-01 2.390684e+00
9.999897e-01 5.814489e-04 4.491454e-03 -3.689297e-03 -5.872390e-04 9.999990e-01 1.287918e-03 -7.374796e-02 -4.490701e-03 -1.290542e-03 9.999891e-01 3.586116e+00
9.999854e-01 4.656522e-04 5.390099e-03 -1.077165e-03 -4.757336e-04 9.999981e-01 1.869240e-03 -1.006442e-01 -5.389219e-03 -1.871776e-03 9.999837e-01 4.780606e+00
9.999796e-01 4.545126e-04 6.367078e-03 1.526044e-03 -4.685073e-04 9.999975e-01 2.196648e-03 -1.204449e-01 -6.366064e-03 -2.199586e-03 9.999773e-01 5.972229e+00
9.999732e-01 4.412224e-04 7.302704e-03 4.326982e-03 -4.557055e-04 9.999979e-01 1.981699e-03 -1.489976e-01 -7.301814e-03 -1.984974e-03 9.999714e-01 7.166980e+00
9.999673e-01 7.718281e-04 8.054861e-03 9.866375e-03 -7.874957e-04 9.999978e-01 1.942117e-03 -1.707151e-01 -8.053345e-03 -1.948396e-03 9.999657e-01 8.360844e+00
9.999649e-01 6.557465e-04 8.354473e-03 1.456513e-02 -6.850587e-04 9.999936e-01 3.506182e-03 -1.945982e-01 -8.352121e-03 -3.511782e-03 9.999590e-01 9.562555e+00
9.999726e-01 -3.515739e-05 7.397529e-03 1.797469e-02 3.313131e-07 9.999889e-01 4.707747e-03 -2.143516e-01 -7.397612e-03 -4.707616e-03 9.999616e-01 1.076609e+01
9.999857e-01 -1.197955e-03 5.203684e-03 2.067266e-02 1.173396e-03 9.999882e-01 4.720071e-03 -2.381453e-01 -5.209277e-03 -4.713898e-03 9.999753e-01 1.196105e+01
9.999945e-01 -1.141985e-03 3.105808e-03 2.015148e-02 1.127521e-03 9.999885e-01 4.654654e-03 -2.605164e-01 -3.111088e-03 -4.651127e-03 9.999843e-01 1.315012e+01
9.999979e-01 -1.081140e-03 1.736698e-03 1.756168e-02 1.072260e-03 9.999864e-01 5.106026e-03 -2.842601e-01 -1.742195e-03 -5.104153e-03 9.999855e-01 1.434177e+01
9.999996e-01 6.332725e-04 6.151185e-04 1.243124e-02 -6.364868e-04 9.999861e-01 5.239358e-03 -3.042087e-01 -6.117920e-04 -5.239748e-03 9.999861e-01 1.553378e+01
9.999998e-01 2.149599e-04 6.583453e-04 8.112971e-03 -2.187763e-04 9.999831e-01 5.802347e-03 -3.258157e-01 -6.570870e-04 -5.802489e-03 9.999829e-01 1.672611e+01
9.999996e-01 -5.655873e-04 7.256971e-04 4.213555e-03 5.607025e-04 9.999773e-01 6.713792e-03 -3.468806e-01 -7.294778e-04 -6.713382e-03 9.999772e-01 1.791805e+01
9.999995e-01 -9.860223e-04 -1.607135e-04 -5.291617e-05 9.872035e-04 9.999712e-01 7.523412e-03 -3.646586e-01 1.532906e-04 -7.523567e-03 9.999717e-01 1.911321e+01
9.999991e-01 -1.322438e-03 -3.342419e-04 -5.482765e-03 1.324679e-03 9.999760e-01 6.794144e-03 -3.851297e-01 3.252491e-04 -6.794580e-03 9.999769e-01 2.030185e+01
9.999979e-01 -1.566314e-03 -1.354047e-03 -1.191799e-02 1.574407e-03 9.999808e-01 5.997049e-03 -4.032128e-01 1.344628e-03 -5.999168e-03 9.999811e-01 2.150032e+01
9.999967e-01 -1.484933e-03 -2.094642e-03 -1.962816e-02 1.499738e-03 9.999738e-01 7.084036e-03 -4.216724e-01 2.084068e-03 -7.087154e-03 9.999727e-01 2.269458e+01
9.999959e-01 -1.657599e-03 -2.326717e-03 -2.801452e-02 1.674792e-03 9.999712e-01 7.407022e-03 -4.402308e-01 2.314372e-03 -7.410888e-03 9.999699e-01 2.388934e+01
9.999917e-01 -1.944208e-03 -3.583107e-03 -3.694134e-02 1.969708e-03 9.999727e-01 7.126973e-03 -4.602089e-01 3.569153e-03 -7.133971e-03 9.999682e-01 2.508014e+01
9.999904e-01 -1.920165e-03 -3.928291e-03 -4.747688e-02 1.952396e-03 9.999643e-01 8.217709e-03 -4.767673e-01 3.912371e-03 -8.225300e-03 9.999585e-01 2.627942e+01
9.999815e-01 -3.335285e-03 -5.092927e-03 -5.615017e-02 3.387001e-03 9.999424e-01 1.017974e-02 -4.894764e-01 5.058681e-03 -1.019680e-02 9.999352e-01 2.747422e+01
9.999739e-01 -4.176248e-03 -5.894921e-03 -6.770312e-02 4.239781e-03 9.999326e-01 1.080663e-02 -5.071792e-01 5.849393e-03 -1.083134e-02 9.999242e-01 2.866977e+01
9.999677e-01 -5.148344e-03 -6.172544e-03 -7.865351e-02 5.209827e-03 9.999366e-01 9.986364e-03 -5.215435e-01 6.120740e-03 -1.001820e-02 9.999311e-01 2.986584e+01
9.999535e-01 -6.075189e-03 -7.487028e-03 -9.112099e-02 6.144965e-03 9.999376e-01 9.332096e-03 -5.380679e-01 7.429867e-03 -9.377670e-03 9.999284e-01 3.105903e+01
9.999544e-01 -5.644538e-03 -7.699444e-03 -1.051114e-01 5.718721e-03 9.999371e-01 9.647200e-03 -5.525848e-01 7.644505e-03 -9.690792e-03 9.999238e-01 3.225632e+01
9.999437e-01 -6.166998e-03 -8.632035e-03 -1.203066e-01 6.257517e-03 9.999253e-01 1.049895e-02 -5.677452e-01 8.566643e-03 -1.055237e-02 9.999076e-01 3.344807e+01
9.999367e-01 -6.394221e-03 -9.263320e-03 -1.350172e-01 6.497899e-03 9.999161e-01 1.120573e-02 -5.809959e-01 9.190891e-03 -1.126522e-02 9.998943e-01 3.464404e+01
9.999321e-01 -7.178969e-03 -9.181494e-03 -1.480940e-01 7.284680e-03 9.999070e-01 1.153239e-02 -5.989609e-01 9.097850e-03 -1.159850e-02 9.998913e-01 3.584409e+01
9.999276e-01 -6.600017e-03 -1.005811e-02 -1.657770e-01 6.719623e-03 9.999066e-01 1.190449e-02 -6.091677e-01 9.978596e-03 -1.197122e-02 9.998786e-01 3.703431e+01
9.999255e-01 -7.408244e-03 -9.701144e-03 -1.790048e-01 7.532851e-03 9.998888e-01 1.287162e-02 -6.248766e-01 9.604709e-03 -1.294374e-02 9.998701e-01 3.823561e+01
9.999267e-01 -6.983573e-03 -9.893657e-03 -1.970052e-01 7.123938e-03 9.998735e-01 1.422383e-02 -6.326057e-01 9.793071e-03 -1.429327e-02 9.998499e-01 3.942935e+01
9.999303e-01 -6.649951e-03 -9.756131e-03 -2.134128e-01 6.799574e-03 9.998585e-01 1.538414e-02 -6.430141e-01 9.652447e-03 -1.544941e-02 9.998341e-01 4.063031e+01
9.999381e-01 -6.054163e-03 -9.332682e-03 -2.283842e-01 6.198427e-03 9.998605e-01 1.550730e-02 -6.543666e-01 9.237497e-03 -1.556419e-02 9.998362e-01 4.182845e+01
9.999437e-01 -5.068723e-03 -9.320314e-03 -2.468322e-01 5.216276e-03 9.998604e-01 1.587575e-02 -6.638527e-01 9.238543e-03 -1.592347e-02 9.998305e-01 4.302449e+01
9.999616e-01 -2.584801e-03 -8.374703e-03 -2.647432e-01 2.732021e-03 9.998411e-01 1.761559e-02 -6.657721e-01 8.327840e-03 -1.763780e-02 9.998098e-01 4.422208e+01
9.999708e-01 -2.751245e-03 -7.126836e-03 -2.799395e-01 2.898454e-03 9.997809e-01 2.072830e-02 -6.704432e-01 7.068246e-03 -2.074835e-02 9.997597e-01 4.542665e+01
9.999824e-01 -2.625460e-03 -5.323449e-03 -2.933383e-01 2.749732e-03 9.997207e-01 2.347293e-02 -6.670004e-01 5.260335e-03 -2.348715e-02 9.997103e-01 4.662757e+01
9.999912e-01 -2.839754e-03 -3.086062e-03 -2.992810e-01 2.921341e-03 9.996376e-01 2.676233e-02 -6.606264e-01 3.008945e-03 -2.677111e-02 9.996371e-01 4.783302e+01
9.999910e-01 -3.652685e-03 -2.143990e-03 -3.084890e-01 3.712240e-03 9.995879e-01 2.846440e-02 -6.554657e-01 2.039135e-03 -2.847210e-02 9.995925e-01 4.903172e+01
9.999875e-01 -4.968764e-03 -5.260743e-04 -3.113455e-01 4.981204e-03 9.996198e-01 2.712033e-02 -6.481005e-01 3.911197e-04 -2.712262e-02 9.996320e-01 5.023022e+01
9.999887e-01 -4.569786e-03 1.296372e-03 -3.126244e-01 4.535052e-03 9.996610e-01 2.563786e-02 -6.451302e-01 -1.413092e-03 -2.563169e-02 9.996705e-01 5.143317e+01
9.999890e-01 -4.379014e-03 1.660204e-03 -3.176897e-01 4.336039e-03 9.996765e-01 2.506073e-02 -6.291780e-01 -1.769408e-03 -2.505325e-02 9.996846e-01 5.262909e+01
9.999853e-01 -4.904293e-03 2.314649e-03 -3.158583e-01 4.844043e-03 9.996668e-01 2.535469e-02 -6.321668e-01 -2.438224e-03 -2.534311e-02 9.996758e-01 5.384046e+01
9.999851e-01 -5.322638e-03 1.204111e-03 -3.210016e-01 5.291506e-03 9.996851e-01 2.452825e-02 -6.298982e-01 -1.334287e-03 -2.452151e-02 9.996984e-01 5.503968e+01
9.999865e-01 -5.190572e-03 -3.212808e-04 -3.270410e-01 5.196991e-03 9.996728e-01 2.504745e-02 -6.213733e-01 1.911651e-04 -2.504878e-02 9.996862e-01 5.624008e+01
9.999825e-01 -5.774547e-03 -1.276471e-03 -3.299896e-01 5.806551e-03 9.996272e-01 2.667910e-02 -6.190455e-01 1.121935e-03 -2.668605e-02 9.996432e-01 5.744208e+01
9.999807e-01 -5.602845e-03 -2.678295e-03 -3.397289e-01 5.674428e-03 9.996054e-01 2.751173e-02 -6.140421e-01 2.523094e-03 -2.752640e-02 9.996179e-01 5.865419e+01
9.999835e-01 -4.878744e-03 -3.044059e-03 -3.466235e-01 4.961376e-03 9.996024e-01 2.775533e-02 -6.068456e-01 2.907438e-03 -2.776997e-02 9.996101e-01 5.985399e+01
9.999830e-01 -4.257797e-03 -3.974754e-03 -3.595736e-01 4.367442e-03 9.995985e-01 2.799686e-02 -6.005048e-01 3.853953e-03 -2.801374e-02 9.996001e-01 6.106432e+01
9.999791e-01 -4.970476e-03 -4.132059e-03 -3.676400e-01 5.083394e-03 9.996011e-01 2.778138e-02 -5.914220e-01 3.992324e-03 -2.780180e-02 9.996055e-01 6.226927e+01
9.999731e-01 -6.275332e-03 -3.790347e-03 -3.699484e-01 6.377268e-03 9.996012e-01 2.750877e-02 -5.927266e-01 3.616209e-03 -2.753221e-02 9.996144e-01 6.346499e+01
9.999698e-01 -6.364628e-03 -4.470022e-03 -3.801707e-01 6.490980e-03 9.995628e-01 2.884519e-02 -5.839850e-01 4.284479e-03 -2.887334e-02 9.995739e-01 6.466845e+01
9.999661e-01 -6.934036e-03 -4.433068e-03 -3.873887e-01 7.066727e-03 9.995051e-01 3.065232e-02 -5.735409e-01 4.218330e-03 -3.068261e-02 9.995203e-01 6.586927e+01
9.999669e-01 -6.548404e-03 -4.837536e-03 -3.994712e-01 6.690154e-03 9.995308e-01 2.989147e-02 -5.705913e-01 4.639524e-03 -2.992284e-02 9.995414e-01 6.706528e+01
9.999802e-01 -4.013715e-03 -4.839954e-03 -4.128967e-01 4.151767e-03 9.995749e-01 2.885887e-02 -5.616104e-01 4.722065e-03 -2.887840e-02 9.995718e-01 6.825987e+01
9.999884e-01 -1.762089e-03 -4.488188e-03 -4.266333e-01 1.893300e-03 9.995659e-01 2.940032e-02 -5.521181e-01 4.434434e-03 -2.940847e-02 9.995576e-01 6.944917e+01
9.999888e-01 -4.295411e-05 -4.728635e-03 -4.412717e-01 1.855097e-04 9.995453e-01 3.015099e-02 -5.457033e-01 4.725190e-03 -3.015153e-02 9.995342e-01 7.064414e+01
9.999903e-01 1.760286e-03 -4.025651e-03 -4.538801e-01 -1.635302e-03 9.995229e-01 3.084216e-02 -5.323704e-01 4.078022e-03 -3.083528e-02 9.995162e-01 7.182897e+01
9.999917e-01 2.354134e-03 -3.321342e-03 -4.647604e-01 -2.245810e-03 9.994773e-01 3.224973e-02 -5.267528e-01 3.395527e-03 -3.224201e-02 9.994743e-01 7.302173e+01
9.999907e-01 4.119255e-03 -1.239503e-03 -4.750263e-01 -4.075774e-03 9.994389e-01 3.324497e-02 -5.110380e-01 1.375752e-03 -3.323961e-02 9.994465e-01 7.420694e+01
9.999950e-01 2.611077e-03 1.764996e-03 -4.774773e-01 -2.665524e-03 9.994975e-01 3.158424e-02 -5.022272e-01 -1.681640e-03 -3.158879e-02 9.994995e-01 7.538340e+01
9.999925e-01 -1.159104e-04 3.876470e-03 -4.742678e-01 1.104004e-05 9.996343e-01 2.704215e-02 -5.017642e-01 -3.878187e-03 -2.704190e-02 9.996268e-01 7.656057e+01
9.999758e-01 1.216152e-03 6.854933e-03 -4.706025e-01 -1.396128e-03 9.996528e-01 2.631171e-02 -4.913208e-01 -6.820554e-03 -2.632064e-02 9.996303e-01 7.772971e+01
9.999572e-01 7.679556e-04 9.223702e-03 -4.631164e-01 -1.043489e-03 9.995522e-01 2.990475e-02 -4.802790e-01 -9.196606e-03 -2.991309e-02 9.995102e-01 7.891013e+01
9.999201e-01 7.181327e-04 1.261808e-02 -4.532300e-01 -1.118056e-03 9.994963e-01 3.171608e-02 -4.762759e-01 -1.258895e-02 -3.172766e-02 9.994173e-01 8.008320e+01
9.998511e-01 1.870909e-03 1.715407e-02 -4.397653e-01 -2.389915e-03 9.995384e-01 3.028516e-02 -4.600859e-01 -1.708949e-02 -3.032165e-02 9.993941e-01 8.124621e+01
9.997902e-01 8.003560e-04 2.046821e-02 -4.207478e-01 -1.358277e-03 9.996275e-01 2.725855e-02 -4.570744e-01 -2.043877e-02 -2.728064e-02 9.994188e-01 8.240230e+01
9.997046e-01 -3.330298e-04 2.430083e-02 -3.948428e-01 -2.410558e-04 9.997210e-01 2.361737e-02 -4.537759e-01 -2.430191e-02 -2.361625e-02 9.994257e-01 8.355571e+01
9.996198e-01 -1.591302e-03 2.752568e-02 -3.693708e-01 9.667438e-04 9.997421e-01 2.268848e-02 -4.543128e-01 -2.755468e-02 -2.265324e-02 9.993636e-01 8.470408e+01
9.995121e-01 -1.532263e-03 3.119626e-02 -3.354118e-01 7.681692e-04 9.996998e-01 2.449039e-02 -4.520421e-01 -3.122442e-02 -2.445448e-02 9.992132e-01 8.586346e+01
9.993807e-01 -2.459753e-04 3.518721e-02 -2.998952e-01 -6.570720e-04 9.996708e-01 2.565021e-02 -4.516996e-01 -3.518194e-02 -2.565745e-02 9.990515e-01 8.702976e+01
9.992539e-01 -5.792422e-04 3.861713e-02 -2.639742e-01 -3.296253e-04 9.997232e-01 2.352483e-02 -4.525837e-01 -3.862007e-02 -2.352000e-02 9.989771e-01 8.817612e+01
9.990976e-01 -8.582619e-04 4.246484e-02 -2.191490e-01 -2.849858e-05 9.997820e-01 2.087722e-02 -4.533292e-01 -4.247350e-02 -2.085959e-02 9.988798e-01 8.932271e+01
9.989761e-01 -4.263314e-04 4.524006e-02 -1.717015e-01 -5.307377e-04 9.997764e-01 2.114123e-02 -4.544310e-01 -4.523895e-02 -2.114359e-02 9.987524e-01 9.047789e+01
9.988395e-01 -1.504639e-03 4.813939e-02 -1.181321e-01 4.136674e-04 9.997430e-01 2.266470e-02 -4.559354e-01 -4.816112e-02 -2.261848e-02 9.985835e-01 9.162702e+01
9.986771e-01 -1.804119e-03 5.138907e-02 -6.195382e-02 5.512850e-04 9.997025e-01 2.438314e-02 -4.523154e-01 -5.141778e-02 -2.432255e-02 9.983810e-01 9.277380e+01
9.985588e-01 -2.355470e-03 5.361691e-02 -4.520938e-03 9.425236e-04 9.996520e-01 2.636267e-02 -4.456166e-01 -5.366035e-02 -2.627414e-02 9.982135e-01 9.392960e+01
9.983947e-01 -3.434372e-03 5.653458e-02 5.951613e-02 1.870676e-03 9.996148e-01 2.768882e-02 -4.388494e-01 -5.660790e-02 -2.753862e-02 9.980166e-01 9.507656e+01
9.982789e-01 -4.790783e-03 5.844948e-02 1.217214e-01 3.289719e-03 9.996630e-01 2.575064e-02 -4.357415e-01 -5.855315e-02 -2.551404e-02 9.979582e-01 9.623218e+01
9.981329e-01 -6.349838e-03 6.074783e-02 1.897506e-01 5.003106e-03 9.997389e-01 2.229569e-02 -4.334641e-01 -6.087355e-02 -2.195013e-02 9.979041e-01 9.738447e+01
9.979695e-01 -5.799606e-03 6.342924e-02 2.585562e-01 4.591639e-03 9.998056e-01 1.917353e-02 -4.277408e-01 -6.352811e-02 -1.884335e-02 9.978021e-01 9.853611e+01
9.978837e-01 -5.604061e-03 6.478218e-02 3.302543e-01 4.419228e-03 9.998206e-01 1.841834e-02 -4.284335e-01 -6.487377e-02 -1.809307e-02 9.977294e-01 9.971321e+01
9.978260e-01 -5.397546e-03 6.568168e-02 4.016129e-01 4.125842e-03 9.998017e-01 1.948189e-02 -4.290428e-01 -6.577381e-02 -1.916855e-02 9.976504e-01 1.008777e+02
9.979009e-01 -5.265910e-03 6.454436e-02 4.715549e-01 3.880522e-03 9.997598e-01 2.157072e-02 -4.267541e-01 -6.464244e-02 -2.127498e-02 9.976817e-01 1.020621e+02
9.979875e-01 -5.781986e-03 6.314724e-02 5.417687e-01 4.307979e-03 9.997156e-01 2.345365e-02 -4.257361e-01 -6.326489e-02 -2.313441e-02 9.977286e-01 1.032454e+02
9.980788e-01 -5.474153e-03 6.171470e-02 6.084620e-01 3.957192e-03 9.996877e-01 2.467571e-02 -4.187171e-01 -6.183051e-02 -2.438409e-02 9.977888e-01 1.044206e+02
9.982561e-01 -5.219470e-03 5.880031e-02 6.719381e-01 3.707706e-03 9.996605e-01 2.578997e-02 -4.149155e-01 -5.891495e-02 -2.552698e-02 9.979366e-01 1.056310e+02
9.984061e-01 -4.438761e-03 5.626393e-02 7.341735e-01 2.959946e-03 9.996487e-01 2.633966e-02 -4.076786e-01 -5.636108e-02 -2.613114e-02 9.980684e-01 1.068143e+02
9.986392e-01 -2.959328e-03 5.206696e-02 7.890604e-01 1.580633e-03 9.996475e-01 2.650054e-02 -3.979504e-01 -5.212704e-02 -2.638218e-02 9.982919e-01 1.080324e+02
9.988360e-01 -2.651011e-03 4.816153e-02 8.428640e-01 1.333053e-03 9.996243e-01 2.737690e-02 -3.918466e-01 -4.821601e-02 -2.728083e-02 9.984643e-01 1.092403e+02
9.989996e-01 -1.986370e-03 4.467500e-02 8.919751e-01 6.992113e-04 9.995847e-01 2.880879e-02 -3.799214e-01 -4.471368e-02 -2.874873e-02 9.985861e-01 1.104346e+02
9.992017e-01 -1.629911e-03 3.991530e-02 9.345855e-01 4.214460e-04 9.995418e-01 3.026547e-02 -3.714336e-01 -3.994634e-02 -3.022448e-02 9.987446e-01 1.116636e+02
9.993490e-01 -1.293049e-03 3.605420e-02 9.762106e-01 1.612562e-04 9.995076e-01 3.137667e-02 -3.602992e-01 -3.607702e-02 -3.135043e-02 9.988571e-01 1.128632e+02
9.995276e-01 -6.868486e-04 3.072511e-02 1.005528e+00 -3.018598e-04 9.994826e-01 3.216296e-02 -3.482817e-01 -3.073130e-02 -3.215704e-02 9.990103e-01 1.140953e+02
9.996662e-01 2.178042e-04 2.583583e-02 1.031222e+00 -1.060754e-03 9.994673e-01 3.261792e-02 -3.331724e-01 -2.581497e-02 -3.263444e-02 9.991339e-01 1.153150e+02
9.997684e-01 8.992202e-04 2.150344e-02 1.052916e+00 -1.605775e-03 9.994586e-01 3.286309e-02 -3.189180e-01 -2.146225e-02 -3.289001e-02 9.992285e-01 1.165231e+02
9.998664e-01 1.934404e-03 1.622874e-02 1.063291e+00 -2.467679e-03 9.994555e-01 3.290454e-02 -3.053603e-01 -1.615625e-02 -3.294019e-02 9.993267e-01 1.177623e+02
9.999042e-01 3.748607e-03 1.332458e-02 1.070884e+00 -4.187887e-03 9.994435e-01 3.309410e-02 -2.897395e-01 -1.319311e-02 -3.314673e-02 9.993634e-01 1.189719e+02
9.999255e-01 6.080434e-03 1.058265e-02 1.073450e+00 -6.431828e-03 9.994182e-01 3.349372e-02 -2.698625e-01 -1.037284e-02 -3.355929e-02 9.993829e-01 1.202198e+02
9.999295e-01 7.058766e-03 9.545301e-03 1.079152e+00 -7.378928e-03 9.993969e-01 3.393285e-02 -2.573025e-01 -9.300020e-03 -3.400089e-02 9.993785e-01 1.214588e+02
9.999169e-01 9.023128e-03 9.207922e-03 1.083235e+00 -9.336509e-03 9.993584e-01 3.457828e-02 -2.401374e-01 -8.890010e-03 -3.466138e-02 9.993596e-01 1.226814e+02
9.999184e-01 1.030083e-02 7.553279e-03 1.083260e+00 -1.056496e-02 9.993030e-01 3.580487e-02 -2.188491e-01 -7.179194e-03 -3.588175e-02 9.993303e-01 1.239354e+02
9.999140e-01 1.065727e-02 7.642632e-03 1.089521e+00 -1.093206e-02 9.992605e-01 3.686252e-02 -2.038478e-01 -7.244126e-03 -3.694290e-02 9.992911e-01 1.251620e+02
9.998921e-01 1.328354e-02 6.271820e-03 1.080227e+00 -1.351777e-02 9.991512e-01 3.891086e-02 -1.794484e-01 -5.749623e-03 -3.899144e-02 9.992230e-01 1.264140e+02
9.998844e-01 1.413643e-02 5.596775e-03 1.078639e+00 -1.435766e-02 9.990275e-01 4.168722e-02 -1.463108e-01 -5.002024e-03 -4.176275e-02 9.991150e-01 1.276694e+02
9.999023e-01 1.272767e-02 5.773141e-03 1.077225e+00 -1.295959e-02 9.990297e-01 4.209257e-02 -1.258699e-01 -5.231799e-03 -4.216328e-02 9.990970e-01 1.289018e+02
9.999047e-01 1.298772e-02 4.672996e-03 1.077194e+00 -1.316763e-02 9.990812e-01 4.078553e-02 -9.907670e-02 -4.138991e-03 -4.084318e-02 9.991570e-01 1.301647e+02
9.999335e-01 1.053265e-02 4.703886e-03 1.086405e+00 -1.071979e-02 9.990723e-01 4.170993e-02 -6.923087e-02 -4.260206e-03 -4.175758e-02 9.991187e-01 1.314084e+02
9.999678e-01 7.390665e-03 3.118308e-03 1.083142e+00 -7.520091e-03 9.990135e-01 4.376567e-02 -4.641876e-02 -2.791775e-03 -4.378771e-02 9.990370e-01 1.326776e+02
9.999843e-01 4.820455e-03 2.852985e-03 1.090323e+00 -4.945252e-03 9.989528e-01 4.548489e-02 -1.312781e-02 -2.630740e-03 -4.549828e-02 9.989610e-01 1.339422e+02
9.999905e-01 2.878604e-03 3.270136e-03 1.091991e+00 -3.028301e-03 9.989028e-01 4.673404e-02 1.818962e-02 -3.132019e-03 -4.674350e-02 9.989020e-01 1.351904e+02
9.999955e-01 -9.257216e-04 2.851058e-03 1.099779e+00 7.954600e-04 9.989706e-01 4.535586e-02 4.615718e-02 -2.890110e-03 -4.535339e-02 9.989668e-01 1.364526e+02
9.999885e-01 -3.140185e-03 3.623332e-03 1.105950e+00 2.976463e-03 9.990121e-01 4.433868e-02 8.140773e-02 -3.758984e-03 -4.432738e-02 9.990100e-01 1.377086e+02
9.999826e-01 -4.965825e-03 3.194138e-03 1.106298e+00 4.818465e-03 9.989935e-01 4.459623e-02 1.071309e-01 -3.412380e-03 -4.458007e-02 9.990000e-01 1.389890e+02
9.999813e-01 -5.031653e-03 3.475914e-03 1.107506e+00 4.869070e-03 9.989617e-01 4.529727e-02 1.403251e-01 -3.700225e-03 -4.527950e-02 9.989675e-01 1.402581e+02
9.999780e-01 -4.567057e-03 4.801221e-03 1.109312e+00 4.334494e-03 9.988675e-01 4.738091e-02 1.695156e-01 -5.012175e-03 -4.735906e-02 9.988654e-01 1.415337e+02
9.999845e-01 -2.730531e-03 4.861083e-03 1.107989e+00 2.487662e-03 9.987816e-01 4.928558e-02 2.070053e-01 -4.989736e-03 -4.927272e-02 9.987729e-01 1.428122e+02
9.999799e-01 -2.970591e-03 5.605383e-03 1.109432e+00 2.696747e-03 9.988319e-01 4.824445e-02 2.340457e-01 -5.742150e-03 -4.822836e-02 9.988198e-01 1.440844e+02
9.999747e-01 -1.890412e-03 6.860293e-03 1.115319e+00 1.572940e-03 9.989406e-01 4.599068e-02 2.709207e-01 -6.939966e-03 -4.597872e-02 9.989183e-01 1.453497e+02
9.999756e-01 -2.207874e-03 6.621676e-03 1.117152e+00 1.917830e-03 9.990519e-01 4.349316e-02 3.008431e-01 -6.711425e-03 -4.347940e-02 9.990318e-01 1.466231e+02
9.999654e-01 -3.122316e-03 7.715918e-03 1.127116e+00 2.814644e-03 9.992129e-01 3.956910e-02 3.212204e-01 -7.833391e-03 -3.954601e-02 9.991870e-01 1.478911e+02
9.999679e-01 -2.639021e-03 7.566041e-03 1.135373e+00 2.365804e-03 9.993528e-01 3.589528e-02 3.451076e-01 -7.655872e-03 -3.587622e-02 9.993269e-01 1.491593e+02
9.999642e-01 -3.247677e-03 7.807901e-03 1.138087e+00 2.972661e-03 9.993836e-01 3.497990e-02 3.625748e-01 -7.916692e-03 -3.495544e-02 9.993575e-01 1.504275e+02
9.999584e-01 -3.845206e-03 8.274776e-03 1.143253e+00 3.546548e-03 9.993523e-01 3.580949e-02 3.780872e-01 -8.407112e-03 -3.577866e-02 9.993244e-01 1.516844e+02
9.999651e-01 -3.324637e-03 7.662544e-03 1.151421e+00 3.040051e-03 9.993159e-01 3.685694e-02 3.957708e-01 -7.779839e-03 -3.683236e-02 9.992912e-01 1.529507e+02
9.999640e-01 -2.898407e-03 7.977144e-03 1.154683e+00 2.590271e-03 9.992602e-01 3.837033e-02 4.126272e-01 -8.082456e-03 -3.834828e-02 9.992317e-01 1.542124e+02
9.999710e-01 -2.557960e-03 7.168921e-03 1.157701e+00 2.273643e-03 9.992213e-01 3.939090e-02 4.335779e-01 -7.264099e-03 -3.937346e-02 9.991982e-01 1.554771e+02
9.999747e-01 -2.449717e-03 6.680021e-03 1.161135e+00 2.182383e-03 9.992078e-01 3.973766e-02 4.527162e-01 -6.772075e-03 -3.972208e-02 9.991878e-01 1.567384e+02
9.999756e-01 -2.317201e-03 6.583537e-03 1.163887e+00 2.048349e-03 9.991752e-01 4.055441e-02 4.738845e-01 -6.672080e-03 -4.053994e-02 9.991556e-01 1.579939e+02
9.999811e-01 -2.861877e-03 5.436370e-03 1.167005e+00 2.631019e-03 9.991138e-01 4.200810e-02 4.964249e-01 -5.551774e-03 -4.199301e-02 9.991025e-01 1.592574e+02
9.999822e-01 -2.347963e-03 5.487729e-03 1.169696e+00 2.110870e-03 9.990807e-01 4.281777e-02 5.211392e-01 -5.583218e-03 -4.280542e-02 9.990678e-01 1.605145e+02
9.999883e-01 -2.176056e-03 4.324405e-03 1.169947e+00 1.990493e-03 9.990961e-01 4.246116e-02 5.435170e-01 -4.412895e-03 -4.245206e-02 9.990888e-01 1.617776e+02
9.999923e-01 -1.546994e-03 3.601429e-03 1.170676e+00 1.396263e-03 9.991381e-01 4.148590e-02 5.699574e-01 -3.662503e-03 -4.148056e-02 9.991326e-01 1.630349e+02
9.999933e-01 -1.002959e-03 3.529834e-03 1.167803e+00 8.551316e-04 9.991325e-01 4.163447e-02 5.971108e-01 -3.568530e-03 -4.163117e-02 9.991267e-01 1.642908e+02
9.999962e-01 -1.583944e-03 2.267936e-03 1.165500e+00 1.488724e-03 9.991420e-01 4.138853e-02 6.189109e-01 -2.331547e-03 -4.138500e-02 9.991406e-01 1.655570e+02
9.999964e-01 -1.407998e-03 2.268068e-03 1.161736e+00 1.314501e-03 9.991701e-01 4.071029e-02 6.410543e-01 -2.323505e-03 -4.070716e-02 9.991684e-01 1.668122e+02
9.999985e-01 -1.376160e-03 1.075144e-03 1.157415e+00 1.330544e-03 9.991445e-01 4.133446e-02 6.659119e-01 -1.131107e-03 -4.133296e-02 9.991448e-01 1.680826e+02
9.999989e-01 -1.416824e-03 3.430800e-04 1.152764e+00 1.400778e-03 9.990758e-01 4.295986e-02 6.895642e-01 -4.036295e-04 -4.295933e-02 9.990767e-01 1.693443e+02
9.999991e-01 -1.317489e-03 3.160202e-04 1.148708e+00 1.302363e-03 9.990371e-01 4.385412e-02 7.146397e-01 -3.734932e-04 -4.385366e-02 9.990379e-01 1.705969e+02
9.999991e-01 -9.544630e-04 -9.527969e-04 1.143274e+00 9.961098e-04 9.989994e-01 4.471140e-02 7.418531e-01 9.091682e-04 -4.471231e-02 9.989995e-01 1.718655e+02
9.999989e-01 -9.675281e-04 -1.092282e-03 1.135073e+00 1.016048e-03 9.989715e-01 4.533032e-02 7.692745e-01 1.047301e-03 -4.533138e-02 9.989715e-01 1.731192e+02
9.999976e-01 -5.539802e-04 -2.125184e-03 1.124821e+00 6.490652e-04 9.989865e-01 4.500548e-02 7.987466e-01 2.098098e-03 -4.500676e-02 9.989845e-01 1.743861e+02
9.999966e-01 2.251038e-04 -2.615048e-03 1.115188e+00 -1.073204e-04 9.989891e-01 4.495375e-02 8.274793e-01 2.622524e-03 -4.495331e-02 9.989856e-01 1.756483e+02
9.999969e-01 6.426316e-05 -2.499588e-03 1.106085e+00 4.995501e-05 9.989567e-01 4.566792e-02 8.565720e-01 2.499914e-03 -4.566790e-02 9.989535e-01 1.768994e+02
9.999948e-01 -3.291973e-04 -3.206189e-03 1.096039e+00 4.730195e-04 9.989886e-01 4.496074e-02 8.858083e-01 3.188146e-03 -4.496202e-02 9.989836e-01 1.781672e+02
9.999952e-01 -1.399085e-03 -2.774382e-03 1.089017e+00 1.519375e-03 9.990374e-01 4.384007e-02 9.130673e-01 2.710375e-03 -4.384407e-02 9.990347e-01 1.794257e+02
9.999850e-01 -4.556482e-03 -3.046835e-03 1.085544e+00 4.686867e-03 9.990094e-01 4.425193e-02 9.342065e-01 2.842184e-03 -4.426554e-02 9.990158e-01 1.806884e+02
9.999845e-01 -4.303866e-03 -3.538338e-03 1.077624e+00 4.467749e-03 9.988521e-01 4.769292e-02 9.705026e-01 3.329012e-03 -4.770799e-02 9.988558e-01 1.819504e+02
9.999792e-01 -5.518573e-03 -3.326732e-03 1.072739e+00 5.683488e-03 9.986418e-01 5.179052e-02 1.006208e+00 3.036404e-03 -5.180835e-02 9.986524e-01 1.832081e+02
9.999822e-01 -4.544061e-03 -3.877095e-03 1.063930e+00 4.739255e-03 9.986401e-01 5.191721e-02 1.038765e+00 3.635908e-03 -5.193466e-02 9.986439e-01 1.844608e+02
9.999928e-01 -2.578350e-03 -2.800474e-03 1.054096e+00 2.711575e-03 9.988117e-01 4.865941e-02 1.075070e+00 2.671686e-03 -4.866665e-02 9.988115e-01 1.857059e+02
9.999921e-01 -1.834541e-03 -3.514687e-03 1.043923e+00 1.997247e-03 9.988993e-01 4.686346e-02 1.104883e+00 3.424845e-03 -4.687012e-02 9.988951e-01 1.869484e+02
9.999904e-01 -2.474531e-03 -3.604197e-03 1.034970e+00 2.642068e-03 9.988798e-01 4.724594e-02 1.133615e+00 3.483248e-03 -4.725502e-02 9.988768e-01 1.881947e+02
9.999925e-01 -2.539811e-03 -2.934095e-03 1.028324e+00 2.679665e-03 9.988105e-01 4.868766e-02 1.164181e+00 2.806948e-03 -4.869516e-02 9.988097e-01 1.894400e+02
9.999911e-01 -2.546197e-03 -3.367317e-03 1.017268e+00 2.713686e-03 9.987098e-01 5.070794e-02 1.197678e+00 3.233860e-03 -5.071663e-02 9.987078e-01 1.906817e+02
9.999926e-01 -3.192606e-03 -2.154642e-03 1.011947e+00 3.300187e-03 9.986455e-01 5.192522e-02 1.228163e+00 1.985946e-03 -5.193194e-02 9.986487e-01 1.919227e+02
9.999947e-01 -3.021754e-03 -1.201539e-03 1.005897e+00 3.079965e-03 9.986515e-01 5.182450e-02 1.263562e+00 1.043318e-03 -5.182792e-02 9.986555e-01 1.931486e+02
9.999892e-01 -4.624290e-03 4.037278e-04 1.000918e+00 4.597903e-03 9.987056e-01 5.065618e-02 1.292426e+00 -6.374540e-04 -5.065378e-02 9.987161e-01 1.943758e+02
9.999886e-01 -4.255950e-03 2.142844e-03 9.982790e-01 4.144606e-03 9.987641e-01 4.952836e-02 1.327685e+00 -2.350986e-03 -4.951891e-02 9.987704e-01 1.956037e+02
9.999804e-01 -5.406926e-03 3.157709e-03 9.994965e-01 5.244522e-03 9.987676e-01 4.935355e-02 1.355082e+00 -3.420668e-03 -4.933602e-02 9.987764e-01 1.968218e+02
9.999759e-01 -4.927248e-03 4.890742e-03 1.000308e+00 4.673946e-03 9.987122e-01 5.051778e-02 1.386340e+00 -5.133358e-03 -5.049370e-02 9.987112e-01 1.980342e+02
9.999685e-01 -5.405488e-03 5.807843e-03 1.003446e+00 5.093994e-03 9.986147e-01 5.237153e-02 1.419460e+00 -6.082891e-03 -5.234030e-02 9.986108e-01 1.992500e+02
9.999647e-01 -4.659496e-03 6.991331e-03 1.006337e+00 4.280228e-03 9.985685e-01 5.331596e-02 1.450171e+00 -7.229748e-03 -5.328416e-02 9.985532e-01 2.004541e+02
9.999527e-01 -4.540983e-03 8.601586e-03 1.011891e+00 4.073458e-03 9.985535e-01 5.361211e-02 1.483606e+00 -8.832596e-03 -5.357454e-02 9.985248e-01 2.016537e+02
9.999486e-01 -4.035143e-03 9.300535e-03 1.017176e+00 3.524991e-03 9.985222e-01 5.423020e-02 1.516873e+00 -9.505618e-03 -5.419463e-02 9.984851e-01 2.028481e+02
9.999331e-01 -4.149730e-03 1.080056e-02 1.025230e+00 3.551617e-03 9.984899e-01 5.481981e-02 1.550606e+00 -1.101174e-02 -5.477779e-02 9.984378e-01 2.040381e+02
9.999294e-01 -3.573984e-03 1.133570e-02 1.032372e+00 2.943698e-03 9.984743e-01 5.513913e-02 1.585058e+00 -1.151548e-02 -5.510187e-02 9.984143e-01 2.052142e+02
9.999188e-01 -3.603889e-03 1.222649e-02 1.041341e+00 2.918600e-03 9.984482e-01 5.561152e-02 1.620663e+00 -1.240793e-02 -5.557132e-02 9.983776e-01 2.063832e+02
9.998994e-01 -4.885166e-03 1.331265e-02 1.053344e+00 4.132016e-03 9.984208e-01 5.602574e-02 1.650396e+00 -1.356532e-02 -5.596510e-02 9.983406e-01 2.075313e+02
9.999019e-01 -4.871194e-03 1.313209e-02 1.065358e+00 4.116089e-03 9.983699e-01 5.692684e-02 1.688151e+00 -1.338798e-02 -5.686720e-02 9.982920e-01 2.086830e+02
9.998987e-01 -5.274676e-03 1.321704e-02 1.075072e+00 4.496287e-03 9.982922e-01 5.824570e-02 1.721529e+00 -1.350170e-02 -5.818037e-02 9.982148e-01 2.097964e+02
9.999151e-01 -4.740610e-03 1.213906e-02 1.085520e+00 4.021895e-03 9.982757e-01 5.856160e-02 1.758040e+00 -1.239575e-02 -5.850780e-02 9.982100e-01 2.109163e+02
9.999200e-01 -4.500293e-03 1.182347e-02 1.093608e+00 3.805887e-03 9.983029e-01 5.811095e-02 1.789655e+00 -1.206492e-02 -5.806130e-02 9.982401e-01 2.120141e+02
9.999221e-01 -4.130346e-03 1.177680e-02 1.102649e+00 3.443367e-03 9.983241e-01 5.776819e-02 1.824679e+00 -1.199567e-02 -5.772314e-02 9.982606e-01 2.130908e+02
9.999321e-01 -4.301678e-03 1.083324e-02 1.109759e+00 3.667179e-03 9.983143e-01 5.792328e-02 1.859662e+00 -1.106415e-02 -5.787962e-02 9.982623e-01 2.141676e+02
9.999379e-01 -4.875648e-03 1.002224e-02 1.118868e+00 4.283943e-03 9.982937e-01 5.823566e-02 1.891850e+00 -1.028907e-02 -5.818911e-02 9.982526e-01 2.152220e+02
9.999559e-01 -4.933149e-03 7.997617e-03 1.124292e+00 4.451686e-03 9.982398e-01 5.913962e-02 1.928273e+00 -8.275284e-03 -5.910140e-02 9.982177e-01 2.162725e+02
9.999642e-01 -5.854191e-03 6.106561e-03 1.129518e+00 5.472161e-03 9.981347e-01 6.080433e-02 1.961232e+00 -6.451130e-03 -6.076874e-02 9.981310e-01 2.173057e+02
9.999751e-01 -5.487360e-03 4.444981e-03 1.130802e+00 5.197816e-03 9.980175e-01 6.272150e-02 1.998351e+00 -4.780344e-03 -6.269684e-02 9.980212e-01 2.183196e+02
9.999851e-01 -5.159578e-03 1.783811e-03 1.129271e+00 5.036665e-03 9.979920e-01 6.313901e-02 2.032064e+00 -2.106000e-03 -6.312909e-02 9.980031e-01 2.193265e+02
9.999888e-01 -4.707195e-03 -3.937862e-04 1.121465e+00 4.722665e-03 9.979948e-01 6.311988e-02 2.069489e+00 9.587896e-05 -6.312104e-02 9.980059e-01 2.203045e+02
9.999834e-01 -4.590131e-03 -3.493856e-03 1.113071e+00 4.803327e-03 9.979589e-01 6.367897e-02 2.105397e+00 3.194430e-03 -6.369469e-02 9.979643e-01 2.212727e+02
9.999713e-01 -4.212201e-03 -6.302752e-03 1.101660e+00 4.610620e-03 9.979009e-01 6.459540e-02 2.139641e+00 6.017433e-03 -6.462260e-02 9.978916e-01 2.222128e+02
9.999543e-01 -3.805234e-03 -8.770630e-03 1.089064e+00 4.367107e-03 9.978783e-01 6.496075e-02 2.172500e+00 8.504830e-03 -6.499609e-02 9.978493e-01 2.231218e+02
9.999187e-01 -3.782303e-03 -1.217698e-02 1.073418e+00 4.565501e-03 9.978783e-01 6.494638e-02 2.207039e+00 1.190550e-02 -6.499669e-02 9.978145e-01 2.240257e+02
9.998804e-01 -3.871717e-03 -1.497373e-02 1.057920e+00 4.835710e-03 9.978808e-01 6.488824e-02 2.237227e+00 1.469077e-02 -6.495289e-02 9.977802e-01 2.248899e+02
9.998262e-01 -2.814852e-03 -1.842725e-02 1.034494e+00 4.007211e-03 9.978777e-01 6.499268e-02 2.272945e+00 1.820520e-02 -6.505523e-02 9.977156e-01 2.257495e+02
9.997694e-01 -2.447696e-03 -2.133539e-02 1.010886e+00 3.825922e-03 9.978910e-01 6.479870e-02 2.300987e+00 2.113179e-02 -6.486538e-02 9.976703e-01 2.265811e+02
9.997275e-01 -9.273157e-04 -2.332732e-02 9.816855e-01 2.444146e-03 9.978771e-01 6.507961e-02 2.333864e+00 2.321744e-02 -6.511889e-02 9.976074e-01 2.273836e+02
9.996995e-01 -2.674232e-04 -2.451390e-02 9.557602e-01 1.880312e-03 9.978314e-01 6.579547e-02 2.365689e+00 2.444314e-02 -6.582178e-02 9.975320e-01 2.281871e+02
9.997155e-01 -3.134412e-04 -2.385071e-02 9.347283e-01 1.910685e-03 9.977528e-01 6.697517e-02 2.395654e+00 2.377612e-02 -6.700168e-02 9.974695e-01 2.289584e+02
9.997178e-01 -1.173701e-04 -2.375699e-02 9.146596e-01 1.731592e-03 9.976880e-01 6.793808e-02 2.427466e+00 2.369409e-02 -6.796004e-02 9.974066e-01 2.297268e+02
9.997265e-01 -2.326891e-04 -2.338609e-02 8.950604e-01 1.821848e-03 9.976867e-01 6.795485e-02 2.456190e+00 2.331618e-02 -6.797887e-02 9.974143e-01 2.304695e+02
9.997441e-01 3.297177e-04 -2.261944e-02 8.752381e-01 1.173832e-03 9.977907e-01 6.642610e-02 2.484509e+00 2.259137e-02 -6.643566e-02 9.975349e-01 2.311935e+02
9.997552e-01 5.099132e-04 -2.211868e-02 8.573901e-01 9.170867e-04 9.979200e-01 6.445751e-02 2.512906e+00 2.210554e-02 -6.446201e-02 9.976753e-01 2.319283e+02
9.997898e-01 5.439070e-04 -2.049467e-02 8.422814e-01 7.572757e-04 9.979862e-01 6.342762e-02 2.539803e+00 2.048790e-02 -6.342981e-02 9.977760e-01 2.326487e+02
9.998127e-01 1.105206e-03 -1.932346e-02 8.238119e-01 1.217992e-04 9.979893e-01 6.338200e-02 2.571525e+00 1.935466e-02 -6.337248e-02 9.978022e-01 2.333750e+02
9.998447e-01 6.426388e-04 -1.761204e-02 8.104594e-01 4.770011e-04 9.979821e-01 6.349459e-02 2.599607e+00 1.761730e-02 -6.349313e-02 9.978268e-01 2.340926e+02
9.998819e-01 4.553811e-04 -1.536283e-02 7.990211e-01 5.270876e-04 9.979570e-01 6.388641e-02 2.627701e+00 1.536054e-02 -6.388696e-02 9.978389e-01 2.348035e+02
9.999070e-01 5.278653e-04 -1.362826e-02 7.865251e-01 3.465406e-04 9.979448e-01 6.407924e-02 2.656684e+00 1.363408e-02 -6.407800e-02 9.978518e-01 2.355187e+02
9.999377e-01 2.941451e-04 -1.116165e-02 7.751528e-01 4.228458e-04 9.979382e-01 6.418030e-02 2.682829e+00 1.115752e-02 -6.418102e-02 9.978759e-01 2.362207e+02
9.999632e-01 3.397673e-04 -8.573473e-03 7.665153e-01 2.165140e-04 9.978983e-01 6.479979e-02 2.712448e+00 8.577471e-03 -6.479926e-02 9.978615e-01 2.369268e+02
9.999851e-01 -5.262446e-04 -5.432062e-03 7.646565e-01 8.810955e-04 9.978501e-01 6.553112e-02 2.743359e+00 5.385898e-03 -6.553493e-02 9.978357e-01 2.376286e+02
9.999963e-01 -1.493839e-03 -2.254120e-03 7.639163e-01 1.639831e-03 9.978037e-01 6.621959e-02 2.770981e+00 2.150248e-03 -6.622305e-02 9.978025e-01 2.383209e+02
9.999984e-01 -1.701916e-03 4.511217e-04 7.655279e-01 1.668136e-03 9.977835e-01 6.652352e-02 2.800360e+00 -5.633392e-04 -6.652267e-02 9.977848e-01 2.390182e+02
9.999911e-01 -1.949827e-03 3.754600e-03 7.655423e-01 1.695390e-03 9.977772e-01 6.661635e-02 2.829025e+00 -3.876145e-03 -6.660939e-02 9.977716e-01 2.397052e+02
9.999770e-01 -2.010152e-03 6.481373e-03 7.688388e-01 1.572973e-03 9.977675e-01 6.676487e-02 2.860700e+00 -6.601111e-03 -6.675314e-02 9.977477e-01 2.403955e+02
9.999549e-01 -1.121071e-03 9.434360e-03 7.712418e-01 4.918892e-04 9.977909e-01 6.643032e-02 2.892587e+00 -9.487992e-03 -6.642268e-02 9.977465e-01 2.410854e+02
9.999186e-01 -9.345774e-04 1.272305e-02 7.771058e-01 8.874659e-05 9.977985e-01 6.631905e-02 2.923171e+00 -1.275702e-02 -6.631253e-02 9.977173e-01 2.417755e+02
9.998831e-01 -9.808267e-04 1.525982e-02 7.871389e-01 -5.037167e-05 9.977240e-01 6.742937e-02 2.956003e+00 -1.529123e-02 -6.742226e-02 9.976073e-01 2.424789e+02
9.998366e-01 -5.508188e-04 1.806864e-02 7.965427e-01 -6.830576e-04 9.976707e-01 6.821109e-02 2.990818e+00 -1.806413e-02 -6.821229e-02 9.975073e-01 2.431740e+02
9.997969e-01 -7.631168e-04 2.014033e-02 8.102649e-01 -6.192672e-04 9.976480e-01 6.854225e-02 3.022565e+00 -2.014526e-02 -6.854080e-02 9.974449e-01 2.438802e+02
9.997420e-01 -8.291489e-04 2.269714e-02 8.252610e-01 -7.070772e-04 9.977128e-01 6.759211e-02 3.053211e+00 -2.270127e-02 -6.759072e-02 9.974548e-01 2.445798e+02
9.997048e-01 -2.480465e-04 2.429456e-02 8.402063e-01 -1.337210e-03 9.978704e-01 6.521352e-02 3.085870e+00 -2.425900e-02 -6.522676e-02 9.975755e-01 2.452895e+02
9.996788e-01 -1.090313e-03 2.531849e-02 8.567830e-01 -5.266672e-04 9.979644e-01 6.377124e-02 3.118838e+00 -2.533649e-02 -6.376409e-02 9.976433e-01 2.459997e+02
9.996654e-01 -1.192338e-03 2.583746e-02 8.714367e-01 -4.579737e-04 9.979643e-01 6.377297e-02 3.151596e+00 -2.586090e-02 -6.376347e-02 9.976299e-01 2.467127e+02
9.996666e-01 -1.752730e-03 2.576218e-02 8.893710e-01 1.055340e-04 9.979626e-01 6.380128e-02 3.181094e+00 -2.582152e-02 -6.377729e-02 9.976300e-01 2.474416e+02
9.996540e-01 -9.849056e-04 2.628662e-02 9.034228e-01 -6.996007e-04 9.979499e-01 6.399625e-02 3.212267e+00 -2.629576e-02 -6.399249e-02 9.976039e-01 2.481673e+02
9.996484e-01 -3.436148e-04 2.651401e-02 9.195566e-01 -1.349815e-03 9.979602e-01 6.382490e-02 3.248501e+00 -2.648186e-02 -6.383825e-02 9.976088e-01 2.489090e+02
9.996384e-01 -9.366073e-04 2.687234e-02 9.377683e-01 -7.380633e-04 9.980608e-01 6.224198e-02 3.281015e+00 -2.687852e-02 -6.223931e-02 9.976993e-01 2.496529e+02
9.996123e-01 -5.180195e-03 2.735700e-02 9.638330e-01 3.526760e-03 9.981834e-01 6.014519e-02 3.309721e+00 -2.761886e-02 -6.002539e-02 9.978147e-01 2.504052e+02
9.995903e-01 -7.086089e-03 2.773300e-02 9.914326e-01 5.424782e-03 9.982120e-01 5.952689e-02 3.338037e+00 -2.810523e-02 -5.935205e-02 9.978414e-01 2.511623e+02
9.995785e-01 -6.405493e-03 2.831720e-02 1.010049e+00 4.610153e-03 9.980018e-01 6.301769e-02 3.375875e+00 -2.866428e-02 -6.286057e-02 9.976106e-01 2.519467e+02
9.995866e-01 -1.265421e-03 2.872267e-02 1.025924e+00 -7.288049e-04 9.975946e-01 6.931392e-02 3.417960e+00 -2.874130e-02 -6.930620e-02 9.971813e-01 2.527151e+02
9.995606e-01 -2.541872e-03 2.953294e-02 1.048412e+00 3.759231e-04 9.973234e-01 7.311532e-02 3.453593e+00 -2.963974e-02 -7.307209e-02 9.968861e-01 2.534998e+02
9.994841e-01 -4.636925e-03 3.178162e-02 1.077567e+00 2.358101e-03 9.974472e-01 7.136841e-02 3.493073e+00 -3.203142e-02 -7.125664e-02 9.969436e-01 2.542876e+02
9.993638e-01 -2.286192e-03 3.559058e-02 1.102534e+00 -2.852743e-05 9.978917e-01 6.490146e-02 3.533372e+00 -3.566393e-02 -6.486119e-02 9.972568e-01 2.550820e+02
9.991966e-01 3.212877e-04 4.007586e-02 1.124112e+00 -2.764692e-03 9.981383e-01 6.092898e-02 3.577305e+00 -3.998167e-02 -6.099082e-02 9.973372e-01 2.558809e+02
9.990799e-01 1.619280e-03 4.285750e-02 1.157826e+00 -4.237753e-03 9.981241e-01 6.107711e-02 3.615195e+00 -4.267820e-02 -6.120253e-02 9.972125e-01 2.566998e+02
9.989403e-01 5.135782e-04 4.602172e-02 1.196789e+00 -3.440323e-03 9.979735e-01 6.353825e-02 3.650944e+00 -4.589582e-02 -6.362925e-02 9.969177e-01 2.575246e+02
9.987949e-01 -3.210035e-03 4.897364e-02 1.241489e+00 -6.916612e-05 9.977657e-01 6.681034e-02 3.688011e+00 -4.907868e-02 -6.673321e-02 9.965631e-01 2.583592e+02
9.986596e-01 -5.293526e-03 5.148743e-02 1.289717e+00 1.747070e-03 9.976370e-01 6.868258e-02 3.725662e+00 -5.172934e-02 -6.850056e-02 9.963091e-01 2.591976e+02
9.984858e-01 -5.277789e-03 5.475594e-02 1.333489e+00 1.460839e-03 9.975798e-01 6.951555e-02 3.764707e+00 -5.499030e-02 -6.933031e-02 9.960770e-01 2.600327e+02
9.983551e-01 -2.867977e-03 5.726102e-02 1.373532e+00 -1.012961e-03 9.977098e-01 6.763246e-02 3.806138e+00 -5.732385e-02 -6.757922e-02 9.960658e-01 2.608611e+02
9.982223e-01 -2.024517e-03 5.956577e-02 1.420434e+00 -1.875120e-03 9.978614e-01 6.533912e-02 3.845624e+00 -5.957066e-02 -6.533466e-02 9.960837e-01 2.616939e+02
9.980558e-01 -1.545814e-03 6.230684e-02 1.469220e+00 -2.539966e-03 9.978531e-01 6.544263e-02 3.886359e+00 -6.227423e-02 -6.547365e-02 9.959092e-01 2.625317e+02
9.978833e-01 -1.053241e-03 6.502183e-02 1.519913e+00 -3.345602e-03 9.977133e-01 6.750584e-02 3.926022e+00 -6.494424e-02 -6.758048e-02 9.955979e-01 2.633676e+02
9.976583e-01 -4.862893e-04 6.839299e-02 1.571212e+00 -4.265206e-03 9.975860e-01 6.931023e-02 3.965510e+00 -6.826159e-02 -6.943964e-02 9.952480e-01 2.642100e+02
9.974658e-01 3.555930e-04 7.114728e-02 1.625134e+00 -5.325002e-03 9.975559e-01 6.966933e-02 4.004025e+00 -7.094862e-02 -6.987163e-02 9.950298e-01 2.650397e+02
9.972643e-01 3.904929e-04 7.391672e-02 1.682663e+00 -5.558362e-03 9.975510e-01 6.972197e-02 4.044388e+00 -7.370847e-02 -6.994209e-02 9.948242e-01 2.658741e+02
9.970513e-01 -1.097888e-03 7.672965e-02 1.747026e+00 -4.287578e-03 9.975387e-01 6.998755e-02 4.085248e+00 -7.661763e-02 -7.011016e-02 9.945925e-01 2.667168e+02
9.968988e-01 -4.086729e-03 7.858865e-02 1.816666e+00 -1.491942e-03 9.974897e-01 7.079630e-02 4.126724e+00 -7.868069e-02 -7.069399e-02 9.943901e-01 2.675522e+02
9.968146e-01 -5.277274e-03 7.957892e-02 1.882811e+00 -4.308378e-04 9.974375e-01 7.154177e-02 4.166762e+00 -7.975254e-02 -7.134816e-02 9.942580e-01 2.683972e+02
9.967760e-01 -5.486965e-03 8.004630e-02 1.949388e+00 -2.928410e-04 9.974034e-01 7.201600e-02 4.208636e+00 -8.023361e-02 -7.180727e-02 9.941862e-01 2.692347e+02
9.967341e-01 -5.412833e-03 8.057145e-02 2.013611e+00 -4.610008e-04 9.973533e-01 7.270568e-02 4.252478e+00 -8.075174e-02 -7.250538e-02 9.940936e-01 2.700781e+02
9.967355e-01 -5.237407e-03 8.056655e-02 2.077670e+00 -7.095893e-04 9.972869e-01 7.360958e-02 4.297468e+00 -8.073349e-02 -7.342645e-02 9.940275e-01 2.709281e+02
9.967840e-01 -4.842662e-03 7.998889e-02 2.141547e+00 -1.140137e-03 9.972143e-01 7.458088e-02 4.342108e+00 -8.012723e-02 -7.443223e-02 9.940017e-01 2.717748e+02
