1.000000e+00 0.000000e+00 0.000000e+00 0.000000e+00 0.000000e+00 1.000000e+00 0.000000e+00 0.000000e+00 0.000000e+00 0.000000e+00 1.000000e+00 0.000000e+00
9.999796e-01 3.879983e-04 -6.382967e-03 -8.162926e-03 -3.839041e-04 9.999997e-01 6.426347e-04 -1.238097e-03 6.383214e-03 -6.401711e-04 9.999794e-01 8.661281e-02
9.999116e-01 8.588996e-04 -1.326710e-02 -1.615197e-02 -8.423732e-04 9.999989e-01 1.251205e-03 -3.145710e-03 1.326816e-02 -1.239918e-03 9.999112e-01 1.719529e-01
9.997841e-01 1.224398e-03 -2.074416e-02 -2.541935e-02 -1.188826e-03 9.999978e-01 1.727067e-03 -4.973727e-03 2.074623e-02 -1.702033e-03 9.997833e-01 2.606907e-01
9.995524e-01 1.860919e-03 -2.985924e-02 -3.757930e-02 -1.804428e-03 9.999965e-01 1.918744e-03 -5.494966e-03 2.986270e-02 -1.864006e-03 9.995523e-01 3.559027e-01
9.991529e-01 2.239391e-03 -4.109218e-02 -5.206013e-02 -2.163787e-03 9.999959e-01 1.884259e-03 -5.423007e-03 4.109623e-02 -1.793748e-03 9.991536e-01 4.615709e-01
9.985025e-01 2.413882e-03 -5.465221e-02 -7.147260e-02 -2.296893e-03 9.999949e-01 2.203320e-03 -5.123922e-03 5.465726e-02 -2.074490e-03 9.985030e-01 5.818568e-01
9.974900e-01 2.576092e-03 -7.075996e-02 -9.585826e-02 -2.369498e-03 9.999927e-01 3.003427e-03 -4.696846e-03 7.076718e-02 -2.828223e-03 9.974889e-01 7.103731e-01
9.960142e-01 1.995572e-03 -8.917287e-02 -1.234053e-01 -1.665236e-03 9.999915e-01 3.778681e-03 -5.707238e-03 8.917965e-02 -3.615126e-03 9.960090e-01 8.534168e-01
9.940360e-01 1.313451e-03 -1.090448e-01 -1.545454e-01 -8.260071e-04 9.999895e-01 4.515176e-03 -1.016226e-02 1.090496e-01 -4.398176e-03 9.940266e-01 1.007898e+00
9.913574e-01 1.499173e-03 -1.311802e-01 -1.962793e-01 -8.422563e-04 9.999868e-01 5.063078e-03 -1.270553e-02 1.311861e-01 -4.908833e-03 9.913456e-01 1.166151e+00
9.878754e-01 5.581214e-03 -1.551483e-01 -2.530285e-01 -4.934708e-03 9.999775e-01 4.551844e-03 -1.961170e-02 1.551702e-01 -3.731043e-03 9.878807e-01 1.339495e+00
9.835263e-01 9.950950e-03 -1.804910e-01 -3.170765e-01 -9.639283e-03 9.999502e-01 2.603818e-03 -2.301955e-02 1.805079e-01 -8.211194e-04 9.835732e-01 1.514909e+00
9.781595e-01 1.315997e-02 -2.074389e-01 -3.884670e-01 -1.297461e-02 9.999133e-01 2.254128e-03 -2.821158e-02 2.074506e-01 4.865419e-04 9.782454e-01 1.694537e+00
9.714658e-01 1.441682e-02 -2.367412e-01 -4.655277e-01 -1.407103e-02 9.998960e-01 3.150283e-03 -3.322512e-02 2.367620e-01 2.707996e-04 9.715676e-01 1.886904e+00
9.634579e-01 1.612766e-02 -2.673740e-01 -5.496967e-01 -1.548267e-02 9.998699e-01 4.520512e-03 -3.502720e-02 2.674121e-01 -2.156604e-04 9.635822e-01 2.068229e+00
9.540588e-01 1.779543e-02 -2.990906e-01 -6.457648e-01 -1.675434e-02 9.998414e-01 6.044953e-03 -3.433589e-02 2.991508e-01 -7.561753e-04 9.542056e-01 2.268523e+00
9.428628e-01 1.985002e-02 -3.325895e-01 -7.508374e-01 -1.828876e-02 9.998021e-01 7.824357e-03 -3.653348e-02 3.326790e-01 -1.294647e-03 9.430392e-01 2.458050e+00
9.303842e-01 2.200542e-02 -3.659250e-01 -8.609079e-01 -2.020462e-02 9.997576e-01 8.750508e-03 -3.363974e-02 3.660288e-01 -7.479599e-04 9.306032e-01 2.638220e+00
9.166278e-01 2.454364e-02 -3.989875e-01 -9.896323e-01 -2.244728e-02 9.996987e-01 9.926227e-03 -3.170190e-02 3.991110e-01 -1.424706e-04 9.169026e-01 2.839462e+00
9.007180e-01 2.566033e-02 -4.336457e-01 -1.118056e+00 -2.310896e-02 9.996707e-01 1.115478e-02 -2.638954e-02 4.337892e-01 -2.620631e-05 9.010144e-01 3.029990e+00
8.824020e-01 2.135658e-02 -4.700113e-01 -1.248247e+00 -1.843974e-02 9.997715e-01 1.080917e-02 -2.393962e-02 4.701348e-01 -8.711416e-04 8.825942e-01 3.207579e+00
8.614473e-01 1.685389e-02 -5.075672e-01 -1.402096e+00 -1.332726e-02 9.998552e-01 1.058129e-02 -2.776750e-02 5.076721e-01 -2.350742e-03 8.615472e-01 3.404630e+00
8.367673e-01 1.806055e-02 -5.472607e-01 -1.561922e+00 -1.294918e-02 9.998291e-01 1.319666e-02 -2.894658e-02 5.474055e-01 -3.955954e-03 8.368582e-01 3.572603e+00
8.082149e-01 2.374838e-02 -5.884086e-01 -1.760861e+00 -1.693979e-02 9.997106e-01 1.708085e-02 -2.641487e-02 5.886439e-01 -3.837481e-03 8.083833e-01 3.753360e+00
7.761079e-01 2.671598e-02 -6.300339e-01 -1.964634e+00 -1.910629e-02 9.996397e-01 1.885266e-02 -3.073356e-02 6.303106e-01 -2.594092e-03 7.763387e-01 3.920973e+00
7.406730e-01 2.631520e-02 -6.713501e-01 -2.164002e+00 -1.781492e-02 9.996506e-01 1.952927e-02 -2.232263e-02 6.716294e-01 -2.504753e-03 7.408830e-01 4.072204e+00
7.015259e-01 2.277799e-02 -7.122799e-01 -2.402434e+00 -1.209031e-02 9.997256e-01 2.006244e-02 -2.685524e-02 7.125414e-01 -5.462636e-03 7.016088e-01 4.249027e+00
6.593502e-01 1.889823e-02 -7.515984e-01 -2.637641e+00 -6.620339e-03 9.997912e-01 1.933102e-02 -2.541377e-02 7.518068e-01 -7.770075e-03 6.593377e-01 4.401031e+00
6.151902e-01 1.901382e-02 -7.881494e-01 -2.887402e+00 -4.382457e-03 9.997762e-01 2.069851e-02 -2.294996e-02 7.883665e-01 -9.279492e-03 6.151358e-01 4.534215e+00
5.676184e-01 2.017387e-02 -8.230446e-01 -3.180138e+00 -2.468876e-03 9.997369e-01 2.280215e-02 -1.740046e-02 8.232881e-01 -1.091093e-02 5.675189e-01 4.684060e+00
5.170538e-01 2.173025e-02 -8.556770e-01 -3.473133e+00 -1.149384e-03 9.996944e-01 2.469310e-02 -1.487942e-02 8.559521e-01 -1.178416e-02 5.169208e-01 4.802660e+00
4.649599e-01 2.331534e-02 -8.850247e-01 -3.769695e+00 9.705479e-05 9.996518e-01 2.638610e-02 -8.120395e-03 8.853317e-01 -1.235437e-02 4.647957e-01 4.897987e+00
4.105398e-01 2.552600e-02 -9.114853e-01 -4.119893e+00 1.428955e-03 9.995889e-01 2.863694e-02 -3.397835e-03 9.118415e-01 -1.305908e-02 4.103346e-01 5.006146e+00
3.559111e-01 2.773804e-02 -9.341081e-01 -4.449172e+00 2.447948e-03 9.995283e-01 3.061338e-02 2.960068e-03 9.345166e-01 -1.318229e-02 3.556753e-01 5.074928e+00
3.007619e-01 3.042627e-02 -9.532138e-01 -4.833887e+00 4.504939e-03 9.994345e-01 3.332304e-02 6.627027e-03 9.536886e-01 -1.431647e-02 3.004547e-01 5.151799e+00
2.471359e-01 3.246447e-02 -9.684368e-01 -5.212240e+00 9.037045e-03 9.993179e-01 3.580585e-02 9.539204e-03 9.689387e-01 -1.760072e-02 2.466739e-01 5.210015e+00
1.965105e-01 3.388547e-02 -9.799160e-01 -5.594325e+00 1.095185e-02 9.992644e-01 3.675080e-02 1.088583e-02 9.804405e-01 -1.795382e-02 1.959949e-01 5.250707e+00
1.488646e-01 3.502688e-02 -9.882370e-01 -6.021726e+00 9.891268e-03 9.992697e-01 3.690791e-02 1.970424e-02 9.888081e-01 -1.526920e-02 1.484094e-01 5.267855e+00
1.064383e-01 3.532849e-02 -9.936915e-01 -6.438674e+00 7.161950e-03 9.993154e-01 3.629558e-02 3.682039e-02 9.942935e-01 -1.098001e-02 1.061125e-01 5.275744e+00
6.816447e-02 3.390777e-02 -9.970977e-01 -6.900604e+00 5.712902e-03 9.993926e-01 3.437636e-02 4.946449e-02 9.976577e-01 -8.039568e-03 6.792936e-02 5.271416e+00
3.348893e-02 3.115813e-02 -9.989533e-01 -7.361922e+00 6.820081e-03 9.994835e-01 3.140331e-02 5.722361e-02 9.994158e-01 -7.864606e-03 3.325913e-02 5.260039e+00
2.183602e-03 2.851836e-02 -9.995909e-01 -7.822403e+00 7.624357e-03 9.995637e-01 2.853424e-02 6.212107e-02 9.999686e-01 -7.683545e-03 1.965215e-03 5.239513e+00
-2.485007e-02 2.630551e-02 -9.993450e-01 -8.318210e+00 7.839185e-03 9.996281e-01 2.611803e-02 7.157075e-02 9.996605e-01 -7.185016e-03 -2.504705e-02 5.202281e+00
-4.573786e-02 2.394036e-02 -9.986666e-01 -8.820002e+00 7.103936e-03 9.996953e-01 2.363967e-02 8.304047e-02 9.989282e-01 -6.013236e-03 -4.589399e-02 5.160963e+00
-6.256671e-02 2.309850e-02 -9.977735e-01 -9.351845e+00 7.475237e-03 9.997149e-01 2.267471e-02 9.865097e-02 9.980128e-01 -6.039911e-03 -6.272155e-02 5.112153e+00
-7.574485e-02 2.373974e-02 -9.968446e-01 -9.893647e+00 8.728807e-03 9.996940e-01 2.314435e-02 1.059602e-01 9.970890e-01 -6.948199e-03 -7.592890e-02 5.060515e+00
-8.526299e-02 2.483064e-02 -9.960490e-01 -1.045402e+01 7.475676e-03 9.996772e-01 2.428116e-02 1.105841e-01 9.963304e-01 -5.375856e-03 -8.542110e-02 5.002725e+00
-9.237973e-02 2.603879e-02 -9.953833e-01 -1.102710e+01 5.925285e-03 9.996547e-01 2.560061e-02 1.169165e-01 9.957062e-01 -3.532952e-03 -9.250212e-02 4.937461e+00
-9.662487e-02 2.699331e-02 -9.949548e-01 -1.161638e+01 6.256788e-03 9.996289e-01 2.651250e-02 1.275213e-01 9.953012e-01 -3.663455e-03 -9.675790e-02 4.873721e+00
-9.845228e-02 2.776104e-02 -9.947545e-01 -1.222179e+01 7.194133e-03 9.996045e-01 2.718437e-02 1.402631e-01 9.951158e-01 -4.480032e-03 -9.861306e-02 4.813698e+00
-9.741576e-02 2.977690e-02 -9.947982e-01 -1.284232e+01 8.830917e-03 9.995388e-01 2.905403e-02 1.516451e-01 9.952046e-01 -5.954661e-03 -9.763379e-02 4.754633e+00
-9.598469e-02 3.204157e-02 -9.948670e-01 -1.348272e+01 8.685348e-03 9.994707e-01 3.135188e-02 1.614527e-01 9.953449e-01 -5.631465e-03 -9.621217e-02 4.689430e+00
-9.431520e-02 3.240477e-02 -9.950149e-01 -1.413083e+01 7.808990e-03 9.994634e-01 3.180945e-02 1.725294e-01 9.955118e-01 -4.769947e-03 -9.451764e-02 4.622956e+00
-9.261158e-02 3.038897e-02 -9.952385e-01 -1.478542e+01 4.577190e-03 9.995366e-01 3.009428e-02 1.781455e-01 9.956918e-01 -1.768317e-03 -9.270776e-02 4.557751e+00
-9.132987e-02 3.038859e-02 -9.953569e-01 -1.547455e+01 4.599880e-03 9.995365e-01 3.009413e-02 1.924919e-01 9.958101e-01 -1.830030e-03 -9.142732e-02 4.492406e+00
-8.951307e-02 3.305367e-02 -9.954370e-01 -1.616611e+01 4.295990e-03 9.994527e-01 3.280071e-02 2.075253e-01 9.959764e-01 -1.340296e-03 -8.960608e-02 4.428636e+00
-8.786559e-02 3.641885e-02 -9.954664e-01 -1.688458e+01 3.631427e-03 9.993365e-01 3.623990e-02 2.222290e-01 9.961257e-01 -4.307232e-04 -8.793954e-02 4.362764e+00
-8.588454e-02 3.827485e-02 -9.955696e-01 -1.760745e+01 3.656808e-03 9.992672e-01 3.810154e-02 2.355821e-01 9.962984e-01 -3.682742e-04 -8.596156e-02 4.295849e+00
-8.431531e-02 3.832129e-02 -9.957020e-01 -1.835164e+01 1.915015e-03 9.992646e-01 3.829624e-02 2.498642e-01 9.964373e-01 1.322176e-03 -8.432669e-02 4.228216e+00
-8.273369e-02 3.577913e-02 -9.959292e-01 -1.910371e+01 -1.032386e-03 9.993517e-01 3.598784e-02 2.642341e-01 9.965712e-01 4.005591e-03 -8.264312e-02 4.158942e+00
-8.102883e-02 3.542822e-02 -9.960819e-01 -1.986432e+01 -1.849030e-03 9.993610e-01 3.569526e-02 2.844596e-01 9.967100e-01 4.734130e-03 -8.091154e-02 4.091522e+00
-7.965007e-02 3.752281e-02 -9.961164e-01 -2.064911e+01 6.846437e-04 9.992931e-01 3.758773e-02 3.014900e-01 9.968227e-01 2.311880e-03 -7.961945e-02 4.029352e+00
-7.828973e-02 3.973022e-02 -9.961387e-01 -2.143237e+01 1.807263e-03 9.992096e-01 3.971066e-02 3.158262e-01 9.969290e-01 1.308652e-03 -7.829965e-02 3.967536e+00
-7.723960e-02 4.122040e-02 -9.961601e-01 -2.223543e+01 3.085096e-03 9.991501e-01 4.110491e-02 3.329464e-01 9.970078e-01 1.016776e-04 -7.730113e-02 3.903019e+00
-7.654312e-02 3.750206e-02 -9.963608e-01 -2.303224e+01 3.433720e-03 9.992964e-01 3.734877e-02 3.466557e-01 9.970604e-01 -5.624328e-04 -7.661803e-02 3.837702e+00
-7.623672e-02 3.050747e-02 -9.966229e-01 -2.383721e+01 4.402054e-03 9.995324e-01 3.025980e-02 3.574994e-01 9.970800e-01 -2.080280e-03 -7.633536e-02 3.775094e+00
-7.661951e-02 2.644901e-02 -9.967095e-01 -2.465234e+01 5.458486e-03 9.996442e-01 2.610728e-02 3.717595e-01 9.970455e-01 -3.440198e-03 -7.673662e-02 3.714230e+00
-7.694761e-02 2.736762e-02 -9.966595e-01 -2.547932e+01 5.696779e-03 9.996190e-01 2.700907e-02 3.845390e-01 9.970189e-01 -3.599465e-03 -7.707420e-02 3.648239e+00
-7.708075e-02 3.458179e-02 -9.964249e-01 -2.631706e+01 5.827330e-03 9.993969e-01 3.423415e-02 3.972966e-01 9.970078e-01 -3.167703e-03 -7.723578e-02 3.579417e+00
-7.734581e-02 4.196963e-02 -9.961206e-01 -2.715915e+01 4.712572e-03 9.991178e-01 4.173000e-02 4.128694e-01 9.969932e-01 -1.466649e-03 -7.747537e-02 3.508085e+00
-7.738844e-02 4.730477e-02 -9.958781e-01 -2.800248e+01 3.039697e-03 9.988803e-01 4.721117e-02 4.338142e-01 9.969964e-01 6.264303e-04 -7.744558e-02 3.435263e+00
-7.799246e-02 4.811455e-02 -9.957922e-01 -2.884011e+01 1.576445e-03 9.988394e-01 4.813831e-02 4.536157e-01 9.969527e-01 2.184614e-03 -7.797780e-02 3.362137e+00
-7.806476e-02 4.531962e-02 -9.959177e-01 -2.967762e+01 1.255480e-03 9.989699e-01 4.536010e-02 4.717986e-01 9.969475e-01 2.290671e-03 -7.804125e-02 3.292173e+00
-7.893084e-02 4.304129e-02 -9.959505e-01 -3.050570e+01 6.141986e-04 9.990694e-01 4.312741e-02 4.922255e-01 9.968799e-01 2.792371e-03 -7.888383e-02 3.221034e+00
-7.904783e-02 4.419195e-02 -9.958908e-01 -3.134176e+01 -4.167152e-04 9.990154e-01 4.436368e-02 5.142818e-01 9.968707e-01 3.921855e-03 -7.895158e-02 3.147703e+00
-7.846060e-02 4.636274e-02 -9.958386e-01 -3.218594e+01 -3.266388e-04 9.989168e-01 4.653179e-02 5.355207e-01 9.969172e-01 3.976191e-03 -7.836046e-02 3.075675e+00
-7.876166e-02 4.526266e-02 -9.958654e-01 -3.301181e+01 -1.151647e-03 9.989639e-01 4.549457e-02 5.517261e-01 9.968928e-01 4.730113e-03 -7.862793e-02 3.002907e+00
-7.813013e-02 4.072634e-02 -9.961110e-01 -3.384662e+01 -2.882515e-03 9.991518e-01 4.107676e-02 5.672383e-01 9.969390e-01 6.080638e-03 -7.794647e-02 2.931285e+00
-7.828721e-02 3.716531e-02 -9.962378e-01 -3.467117e+01 -4.551762e-03 9.992811e-01 3.763653e-02 5.852991e-01 9.969205e-01 7.481096e-03 -7.806177e-02 2.858736e+00
-7.779348e-02 3.755834e-02 -9.962618e-01 -3.550199e+01 -4.235525e-03 9.992687e-01 3.800243e-02 6.048448e-01 9.969605e-01 7.176032e-03 -7.757751e-02 2.789323e+00
-7.682720e-02 3.998940e-02 -9.962422e-01 -3.634310e+01 -2.614497e-03 9.991838e-01 4.030910e-02 6.172204e-01 9.970410e-01 5.701507e-03 -7.665994e-02 2.720920e+00
-7.674608e-02 4.511906e-02 -9.960293e-01 -3.716646e+01 -3.104697e-03 9.989599e-01 4.549104e-02 6.368902e-01 9.970458e-01 6.583627e-03 -7.652617e-02 2.653181e+00
-7.596946e-02 5.072315e-02 -9.958192e-01 -3.800225e+01 -1.218350e-03 9.986998e-01 5.096282e-02 6.616401e-01 9.971094e-01 5.084874e-03 -7.580889e-02 2.587117e+00
-7.640234e-02 5.381878e-02 -9.956235e-01 -3.882971e+01 -2.281027e-03 9.985302e-01 5.415094e-02 6.846637e-01 9.970745e-01 6.408303e-03 -7.616728e-02 2.519435e+00
-7.623772e-02 5.412272e-02 -9.956197e-01 -3.965853e+01 -1.720248e-03 9.985171e-01 5.441195e-02 7.089787e-01 9.970882e-01 5.860956e-03 -7.603156e-02 2.453198e+00
-7.580371e-02 5.047684e-02 -9.958443e-01 -4.048727e+01 -2.365691e-03 9.987059e-01 5.080197e-02 7.313720e-01 9.971200e-01 6.206837e-03 -7.558621e-02 2.386337e+00
-7.573021e-02 4.646353e-02 -9.960452e-01 -4.130683e+01 -3.984096e-03 9.988917e-01 4.689922e-02 7.534548e-01 9.971204e-01 7.520028e-03 -7.546116e-02 2.317184e+00
-7.548885e-02 4.388589e-02 -9.961804e-01 -4.212525e+01 -6.991707e-03 9.989832e-01 4.453918e-02 7.750748e-01 9.971221e-01 1.032721e-02 -7.510525e-02 2.245439e+00
-7.615620e-02 4.228972e-02 -9.961987e-01 -4.294933e+01 -1.040396e-02 9.990121e-01 4.320450e-02 7.984009e-01 9.970416e-01 1.365470e-02 -7.564098e-02 2.170765e+00
-7.678094e-02 4.045391e-02 -9.962270e-01 -4.377227e+01 -8.347532e-03 9.991154e-01 4.121457e-02 8.155239e-01 9.970130e-01 1.148053e-02 -7.637533e-02 2.103495e+00
-7.786835e-02 3.757930e-02 -9.962551e-01 -4.458629e+01 -5.177551e-03 9.992606e-01 3.809735e-02 8.288173e-01 9.969502e-01 8.124739e-03 -7.761621e-02 2.041646e+00
-7.877160e-02 3.636403e-02 -9.962292e-01 -4.540988e+01 -1.751653e-03 9.993279e-01 3.661564e-02 8.462677e-01 9.968912e-01 4.629320e-03 -7.865496e-02 1.977204e+00
-8.031960e-02 3.947984e-02 -9.959870e-01 -4.623079e+01 -8.856567e-04 9.992121e-01 3.967911e-02 8.629199e-01 9.967688e-01 4.069112e-03 -8.022135e-02 1.906778e+00
-8.233417e-02 4.581028e-02 -9.955514e-01 -4.704834e+01 1.461244e-03 9.989475e-01 4.584570e-02 8.822476e-01 9.966037e-01 2.319925e-03 -8.231445e-02 1.838654e+00
-8.406350e-02 4.944273e-02 -9.952330e-01 -4.786362e+01 3.357650e-03 9.987766e-01 4.933516e-02 9.004049e-01 9.964547e-01 8.056432e-04 -8.412668e-02 1.768098e+00
-8.555264e-02 4.934763e-02 -9.951108e-01 -4.866745e+01 3.075071e-03 9.987810e-01 4.926526e-02 9.170688e-01 9.963289e-01 1.154737e-03 -8.560010e-02 1.697088e+00
-8.690041e-02 4.577834e-02 -9.951646e-01 -4.946561e+01 -7.401123e-05 9.989433e-01 4.595863e-02 9.376434e-01 9.962170e-01 4.067477e-03 -8.680520e-02 1.616245e+00
-8.825608e-02 4.258500e-02 -9.951871e-01 -5.026127e+01 -5.093578e-03 9.990534e-01 4.320215e-02 9.562009e-01 9.960848e-01 8.881916e-03 -8.795562e-02 1.532938e+00
-8.946691e-02 4.114223e-02 -9.951397e-01 -5.104996e+01 -9.149643e-03 9.990704e-01 4.212733e-02 9.767190e-01 9.959478e-01 1.287417e-02 -8.900730e-02 1.450263e+00
-9.066561e-02 4.220414e-02 -9.949867e-01 -5.184815e+01 -1.056945e-02 9.990046e-01 4.333767e-02 9.934549e-01 9.958253e-01 1.444569e-02 -9.012928e-02 1.369008e+00
-9.141259e-02 4.383935e-02 -9.948477e-01 -5.263283e+01 -1.028438e-02 9.989356e-01 4.496448e-02 1.008721e+00 9.957600e-01 1.434171e-02 -9.086444e-02 1.293548e+00
-9.265448e-02 4.391574e-02 -9.947294e-01 -5.341780e+01 -1.206899e-02 9.989040e-01 4.522422e-02 1.025277e+00 9.956252e-01 1.619561e-02 -9.202291e-02 1.211953e+00
-9.322385e-02 4.403348e-02 -9.946710e-01 -5.419605e+01 -1.290529e-02 9.988842e-01 4.542952e-02 1.044226e+00 9.955615e-01 1.707163e-02 -9.255156e-02 1.131748e+00
-9.334029e-02 4.577594e-02 -9.945814e-01 -5.497046e+01 -1.143155e-02 9.988274e-01 4.704420e-02 1.064719e+00 9.955686e-01 1.576072e-02 -9.270755e-02 1.057713e+00
-9.407260e-02 4.854092e-02 -9.943813e-01 -5.574866e+01 -1.120331e-02 9.986958e-01 4.981141e-02 1.082857e+00 9.955023e-01 1.582625e-02 -9.340609e-02 9.801317e-01
-9.398751e-02 5.236832e-02 -9.941951e-01 -5.651141e+01 -1.094091e-02 9.985010e-01 5.362944e-02 1.106074e+00 9.955133e-01 1.591789e-02 -9.327367e-02 9.050636e-01
-9.467947e-02 5.452833e-02 -9.940133e-01 -5.728303e+01 -1.098233e-02 9.983808e-01 5.581398e-02 1.128736e+00 9.954472e-01 1.620102e-02 -9.392732e-02 8.242758e-01
-9.539089e-02 5.488554e-02 -9.939256e-01 -5.803687e+01 -1.092383e-02 9.983610e-01 5.617886e-02 1.152418e+00 9.953800e-01 1.621643e-02 -9.463498e-02 7.497796e-01
-9.545578e-02 5.334385e-02 -9.940033e-01 -5.877175e+01 -1.022796e-02 9.984578e-01 5.456511e-02 1.172741e+00 9.953811e-01 1.537518e-02 -9.476297e-02 6.768898e-01
-9.584420e-02 5.031810e-02 -9.941237e-01 -5.950622e+01 -1.048218e-02 9.986151e-01 5.155603e-02 1.192424e+00 9.953412e-01 1.536193e-02 -9.518402e-02 6.002923e-01
-9.556897e-02 4.778341e-02 -9.942753e-01 -6.021335e+01 -1.043248e-02 9.987442e-01 4.900095e-02 1.209906e+00 9.953681e-01 1.505573e-02 -9.495046e-02 5.285611e-01
-9.445118e-02 4.580655e-02 -9.944751e-01 -6.092355e+01 -1.106106e-02 9.988309e-01 4.705772e-02 1.225259e+00 9.954680e-01 1.544460e-02 -9.383409e-02 4.544987e-01
-9.212271e-02 4.521922e-02 -9.947204e-01 -6.161459e+01 -1.249126e-02 9.988372e-01 4.656321e-02 1.241132e+00 9.956693e-01 1.671484e-02 -9.145075e-02 3.835772e-01
-8.805876e-02 4.601077e-02 -9.950521e-01 -6.228479e+01 -1.314655e-02 9.987920e-01 4.734712e-02 1.258582e+00 9.960285e-01 1.725083e-02 -8.734750e-02 3.212297e-01
-8.244678e-02 4.754290e-02 -9.954608e-01 -6.295329e+01 -1.333289e-02 9.987194e-01 4.880280e-02 1.275046e+00 9.965063e-01 1.729600e-02 -8.170732e-02 2.653412e-01
-7.526604e-02 4.904881e-02 -9.959564e-01 -6.359351e+01 -1.253953e-02 9.986640e-01 5.012978e-02 1.289434e+00 9.970846e-01 1.626190e-02 -7.455044e-02 2.183910e-01
-6.651933e-02 5.053462e-02 -9.965046e-01 -6.423171e+01 -1.435800e-02 9.985647e-01 5.159753e-02 1.303050e+00 9.976818e-01 1.774005e-02 -6.569828e-02 1.741783e-01
-5.485545e-02 5.215248e-02 -9.971314e-01 -6.485139e+01 -1.662564e-02 9.984489e-01 5.313602e-02 1.315796e+00 9.983559e-01 1.949274e-02 -5.390329e-02 1.398075e-01
-4.017498e-02 5.375229e-02 -9.977458e-01 -6.544827e+01 -1.959847e-02 9.983175e-01 5.457224e-02 1.328816e+00 9.990004e-01 2.174673e-02 -3.905392e-02 1.166612e-01
-2.186108e-02 5.512553e-02 -9.982401e-01 -6.603569e+01 -2.180569e-02 9.982149e-01 5.560168e-02 1.343219e+00 9.995232e-01 2.298283e-02 -2.062000e-02 1.068714e-01
-6.943914e-05 5.610780e-02 -9.984247e-01 -6.659133e+01 -2.280921e-02 9.981649e-01 5.609478e-02 1.355955e+00 9.997398e-01 2.277717e-02 1.210463e-03 1.180959e-01
2.546827e-02 5.674590e-02 -9.980638e-01 -6.713268e+01 -2.309077e-02 9.981546e-01 5.616184e-02 1.368979e+00 9.994089e-01 2.161571e-02 2.673158e-02 1.443835e-01
5.454535e-02 5.714382e-02 -9.968748e-01 -6.764529e+01 -2.240453e-02 9.981798e-01 5.599273e-02 1.376469e+00 9.982599e-01 1.928037e-02 5.572634e-02 1.928899e-01
8.861840e-02 5.742216e-02 -9.944091e-01 -6.814008e+01 -2.181811e-02 9.982093e-01 5.569724e-02 1.389489e+00 9.958267e-01 1.676033e-02 8.971255e-02 2.567602e-01
1.258897e-01 5.795406e-02 -9.903500e-01 -6.861101e+01 -2.219016e-02 9.982069e-01 5.559310e-02 1.404244e+00 9.917960e-01 1.497742e-02 1.269500e-01 3.419504e-01
1.660169e-01 5.836961e-02 -9.843939e-01 -6.906196e+01 -2.249732e-02 9.982110e-01 5.539475e-02 1.412424e+00 9.858662e-01 1.294976e-02 1.670331e-01 4.483494e-01
2.111274e-01 5.921208e-02 -9.756634e-01 -6.950481e+01 -2.297210e-02 9.981884e-01 5.560808e-02 1.428755e+00 9.771886e-01 1.067265e-02 2.121052e-01 5.713465e-01
2.581939e-01 5.729667e-02 -9.643926e-01 -6.992736e+01 -2.044127e-02 9.983403e-01 5.384090e-02 1.442918e+00 9.658768e-01 5.812019e-03 2.589366e-01 7.318943e-01
3.085406e-01 5.309789e-02 -9.497280e-01 -7.033809e+01 -1.373577e-02 9.985854e-01 5.136705e-02 1.445356e+00 9.511120e-01 -2.803579e-03 3.088335e-01 9.096907e-01
3.589159e-01 4.810865e-02 -9.321293e-01 -7.073241e+01 -9.460061e-03 9.988070e-01 4.790740e-02 1.452300e+00 9.333220e-01 -8.376728e-03 3.589428e-01 1.117604e+00
4.110929e-01 4.329348e-02 -9.105648e-01 -7.111291e+01 -5.403909e-03 9.989698e-01 4.505705e-02 1.464642e+00 9.115774e-01 -1.360203e-02 4.109034e-01 1.333849e+00
4.613596e-01 4.259801e-02 -8.861900e-01 -7.148225e+01 -6.278740e-03 9.989784e-01 4.475083e-02 1.481084e+00 8.871910e-01 -1.508207e-02 4.611558e-01 1.585502e+00
5.096189e-01 4.085073e-02 -8.594299e-01 -7.183742e+01 -5.711915e-03 9.990109e-01 4.409833e-02 1.499047e+00 8.603813e-01 -1.756435e-02 5.093481e-01 1.831885e+00
5.547462e-01 3.689058e-02 -8.312014e-01 -7.216836e+01 6.364548e-04 9.989975e-01 4.476251e-02 1.513253e+00 8.320194e-01 -2.536085e-02 5.541665e-01 2.110751e+00
5.983993e-01 3.014663e-02 -8.006306e-01 -7.248031e+01 1.088374e-02 9.988938e-01 4.574657e-02 1.508431e+00 8.011241e-01 -3.608857e-02 5.974093e-01 2.421851e+00
6.407464e-01 2.515863e-02 -7.673403e-01 -7.277247e+01 1.216971e-02 9.990046e-01 4.291614e-02 1.514925e+00 7.676562e-01 -3.683667e-02 6.398024e-01 2.717231e+00
6.818264e-01 1.996521e-02 -7.312415e-01 -7.306108e+01 8.658011e-03 9.993372e-01 3.535800e-02 1.529214e+00 7.314628e-01 -3.043912e-02 6.812016e-01 3.041991e+00
7.221580e-01 1.439351e-02 -6.915784e-01 -7.332742e+01 3.891562e-03 9.996831e-01 2.486959e-02 1.533029e+00 6.917172e-01 -2.065110e-02 7.218731e-01 3.358349e+00
7.612702e-01 1.107857e-02 -6.483402e-01 -7.359406e+01 -1.320584e-03 9.998785e-01 1.553491e-02 1.543120e+00 6.484335e-01 -1.097008e-02 7.611923e-01 3.736013e+00
7.982317e-01 9.469478e-03 -6.022760e-01 -7.384073e+01 -3.408465e-03 9.999314e-01 1.120430e-02 1.548458e+00 6.023408e-01 -6.890794e-03 7.982093e-01 4.114737e+00
8.324182e-01 7.854233e-03 -5.540922e-01 -7.407548e+01 -3.605860e-03 9.999552e-01 8.757202e-03 1.550010e+00 5.541361e-01 -5.291675e-03 8.324092e-01 4.534276e+00
8.631170e-01 8.559626e-03 -5.049315e-01 -7.430271e+01 -6.784032e-03 9.999626e-01 5.354971e-03 1.555080e+00 5.049585e-01 -1.196495e-03 8.631428e-01 4.999447e+00
8.892543e-01 9.819321e-03 -4.573078e-01 -7.450713e+01 -7.705275e-03 9.999493e-01 6.487695e-03 1.544350e+00 4.573483e-01 -2.245529e-03 8.892848e-01 5.458232e+00
9.108416e-01 1.455713e-02 -4.124992e-01 -7.471352e+01 -1.309061e-02 9.998940e-01 6.380884e-03 1.546370e+00 4.125483e-01 -4.121075e-04 9.109356e-01 5.963274e+00
9.283506e-01 2.009887e-02 -3.711620e-01 -7.489846e+01 -1.984418e-02 9.997929e-01 4.505718e-03 1.544204e+00 3.711757e-01 3.182522e-03 9.285572e-01 6.467776e+00
9.420446e-01 2.467222e-02 -3.345793e-01 -7.507501e+01 -2.433676e-02 9.996903e-01 5.195367e-03 1.545349e+00 3.346039e-01 3.248308e-03 9.423533e-01 7.009033e+00
9.525060e-01 2.462513e-02 -3.035225e-01 -7.524254e+01 -2.376574e-02 9.996963e-01 6.525517e-03 1.541625e+00 3.035910e-01 9.978421e-04 9.528019e-01 7.578031e+00
9.599493e-01 2.356196e-02 -2.791813e-01 -7.539046e+01 -2.224089e-02 9.997214e-01 7.899063e-03 1.533035e+00 2.792897e-01 -1.373458e-03 9.602059e-01 8.138648e+00
9.660628e-01 2.340206e-02 -2.572452e-01 -7.554302e+01 -2.167985e-02 9.997195e-01 9.529437e-03 1.528567e+00 2.573961e-01 -3.628996e-03 9.662992e-01 8.741561e+00
9.705969e-01 2.504977e-02 -2.394039e-01 -7.568511e+01 -2.290108e-02 9.996686e-01 1.175317e-02 1.527536e+00 2.396190e-01 -5.924985e-03 9.708489e-01 9.343114e+00
9.741469e-01 3.018558e-02 -2.238896e-01 -7.582997e+01 -2.796369e-02 9.995232e-01 1.308877e-02 1.526772e+00 2.241780e-01 -6.489602e-03 9.745266e-01 9.969065e+00
9.772442e-01 3.205355e-02 -2.096813e-01 -7.597416e+01 -2.986503e-02 9.994615e-01 1.359618e-02 1.533424e+00 2.100042e-01 -7.024646e-03 9.776752e-01 1.061658e+01
9.798642e-01 3.184517e-02 -1.971090e-01 -7.609944e+01 -2.973150e-02 9.994644e-01 1.367409e-02 1.528542e+00 1.974389e-01 -7.538406e-03 9.802862e-01 1.126440e+01
9.825389e-01 3.170422e-02 -1.833363e-01 -7.622145e+01 -2.979836e-02 9.994695e-01 1.314172e-02 1.529088e+00 1.836557e-01 -7.449130e-03 9.829624e-01 1.193697e+01
9.852660e-01 3.179169e-02 -1.680484e-01 -7.634052e+01 -2.997898e-02 9.994619e-01 1.331352e-02 1.532421e+00 1.683813e-01 -8.079433e-03 9.856888e-01 1.263656e+01
9.874743e-01 3.219283e-02 -1.544609e-01 -7.644740e+01 -3.048900e-02 9.994454e-01 1.338765e-02 1.534805e+00 1.548062e-01 -8.510601e-03 9.879082e-01 1.333632e+01
9.894614e-01 3.257502e-02 -1.410849e-01 -7.655120e+01 -3.134686e-02 9.994489e-01 1.091936e-02 1.526279e+00 1.413629e-01 -6.381715e-03 9.899373e-01 1.406267e+01
9.909027e-01 3.248175e-02 -1.306019e-01 -7.664367e+01 -3.199386e-02 9.994710e-01 5.832747e-03 1.521786e+00 1.307223e-01 -1.601225e-03 9.914177e-01 1.478755e+01
9.921354e-01 3.197073e-02 -1.210174e-01 -7.673378e+01 -3.218950e-02 9.994818e-01 1.472723e-04 1.512024e+00 1.209594e-01 3.749375e-03 9.926504e-01 1.553214e+01
9.931178e-01 3.301636e-02 -1.123700e-01 -7.681971e+01 -3.322378e-02 9.994479e-01 2.679148e-05 1.507362e+00 1.123089e-01 3.706751e-03 9.936664e-01 1.628587e+01
9.938185e-01 3.360445e-02 -1.058092e-01 -7.690153e+01 -3.311786e-02 9.994313e-01 6.352872e-03 1.497819e+00 1.059625e-01 -2.809427e-03 9.943662e-01 1.704216e+01
9.942494e-01 3.704246e-02 -1.004789e-01 -7.698689e+01 -3.580146e-02 9.992591e-01 1.412668e-02 1.495689e+00 1.009278e-01 -1.044815e-02 9.948389e-01 1.780547e+01
9.947594e-01 3.634951e-02 -9.556424e-02 -7.706750e+01 -3.479761e-02 9.992348e-01 1.785658e-02 1.489505e+00 9.614020e-02 -1.443759e-02 9.952631e-01 1.856741e+01
9.950183e-01 3.730009e-02 -9.245198e-02 -7.714025e+01 -3.580734e-02 9.992010e-01 1.775330e-02 1.481316e+00 9.304031e-02 -1.435440e-02 9.955589e-01 1.932323e+01
9.953697e-01 3.700812e-02 -8.871015e-02 -7.721246e+01 -3.564517e-02 9.992216e-01 1.689987e-02 1.478670e+00 8.926653e-02 -1.365953e-02 9.959141e-01 2.009072e+01
9.956071e-01 3.639950e-02 -8.626450e-02 -7.727862e+01 -3.490118e-02 9.992137e-01 1.881434e-02 1.478295e+00 8.688150e-02 -1.572096e-02 9.960946e-01 2.085278e+01
9.958989e-01 3.445266e-02 -8.365648e-02 -7.734472e+01 -3.277710e-02 9.992352e-01 2.132097e-02 1.474637e+00 8.432706e-02 -1.849151e-02 9.962665e-01 2.162092e+01
9.962703e-01 3.174927e-02 -8.023404e-02 -7.740669e+01 -3.000578e-02 9.992887e-01 2.284343e-02 1.472965e+00 8.090223e-02 -2.035075e-02 9.965143e-01 2.238986e+01
9.964862e-01 3.089525e-02 -7.785077e-02 -7.746893e+01 -2.944304e-02 9.993717e-01 1.973335e-02 1.469713e+00 7.841152e-02 -1.737184e-02 9.967697e-01 2.313693e+01
9.964947e-01 3.454346e-02 -7.619148e-02 -7.753726e+01 -3.369247e-02 9.993550e-01 1.242677e-02 1.467810e+00 7.657160e-02 -9.816132e-03 9.970158e-01 2.389940e+01
9.965995e-01 3.528343e-02 -7.446087e-02 -7.760135e+01 -3.501089e-02 9.993746e-01 4.962672e-03 1.458982e+00 7.458940e-02 -2.338856e-03 9.972116e-01 2.465693e+01
9.966391e-01 3.657975e-02 -7.329653e-02 -7.766246e+01 -3.658512e-02 9.993297e-01 1.269849e-03 1.448811e+00 7.329386e-02 1.415981e-03 9.973094e-01 2.541181e+01
9.967873e-01 3.729417e-02 -7.088127e-02 -7.772447e+01 -3.719806e-02 9.993043e-01 2.675867e-03 1.439393e+00 7.093175e-02 -3.062481e-05 9.974812e-01 2.617921e+01
9.968504e-01 3.988806e-02 -6.854318e-02 -7.778588e+01 -3.954034e-02 9.991973e-01 6.422685e-03 1.426583e+00 6.874435e-02 -3.692236e-03 9.976275e-01 2.693498e+01
9.969193e-01 4.220525e-02 -6.611112e-02 -7.784552e+01 -4.156463e-02 9.990749e-01 1.103632e-02 1.420240e+00 6.651575e-02 -8.254433e-03 9.977512e-01 2.769182e+01
9.971623e-01 4.038869e-02 -6.353043e-02 -7.789460e+01 -3.961661e-02 9.991255e-01 1.336657e-02 1.409907e+00 6.401474e-02 -1.081178e-02 9.978904e-01 2.844199e+01
9.973202e-01 3.824814e-02 -6.236529e-02 -7.794357e+01 -3.746347e-02 9.992040e-01 1.370342e-02 1.398451e+00 6.283978e-02 -1.133028e-02 9.979593e-01 2.919484e+01
9.974596e-01 3.698013e-02 -6.088289e-02 -7.799130e+01 -3.620491e-02 9.992493e-01 1.378768e-02 1.390494e+00 6.134705e-02 -1.154840e-02 9.980497e-01 2.994499e+01
9.975102e-01 3.681560e-02 -6.015015e-02 -7.804222e+01 -3.612947e-02 9.992695e-01 1.245526e-02 1.385627e+00 6.056476e-02 -1.025105e-02 9.981116e-01 3.069653e+01
9.976115e-01 3.544165e-02 -5.928854e-02 -7.808887e+01 -3.483400e-02 9.993298e-01 1.125179e-02 1.379070e+00 5.964758e-02 -9.159658e-03 9.981775e-01 3.145305e+01
9.977079e-01 3.450241e-02 -5.821174e-02 -7.813555e+01 -3.388464e-02 9.993588e-01 1.156681e-02 1.371257e+00 5.857350e-02 -9.567812e-03 9.982372e-01 3.221692e+01
9.976760e-01 3.604043e-02 -5.782545e-02 -7.818811e+01 -3.538182e-02 9.992973e-01 1.237356e-02 1.368242e+00 5.823077e-02 -1.029883e-02 9.982500e-01 3.298647e+01
9.976599e-01 3.669187e-02 -5.769231e-02 -7.823829e+01 -3.604381e-02 9.992753e-01 1.223418e-02 1.361557e+00 5.809940e-02 -1.012610e-02 9.982594e-01 3.375845e+01
9.976293e-01 3.562908e-02 -5.887504e-02 -7.828899e+01 -3.495723e-02 9.993118e-01 1.240248e-02 1.357495e+00 5.927641e-02 -1.031496e-02 9.981883e-01 3.453394e+01
9.975352e-01 3.448032e-02 -6.111102e-02 -7.834040e+01 -3.374119e-02 9.993449e-01 1.308611e-02 1.351568e+00 6.152220e-02 -1.099190e-02 9.980452e-01 3.532183e+01
9.973198e-01 3.590280e-02 -6.375181e-02 -7.840001e+01 -3.510871e-02 9.992919e-01 1.353316e-02 1.347900e+00 6.419255e-02 -1.125865e-02 9.978740e-01 3.610827e+01
9.970352e-01 3.812715e-02 -6.683636e-02 -7.846546e+01 -3.732116e-02 9.992152e-01 1.326711e-02 1.344078e+00 6.728974e-02 -1.073336e-02 9.976757e-01 3.690624e+01
9.967998e-01 3.967646e-02 -6.939735e-02 -7.853120e+01 -3.912045e-02 9.991907e-01 9.353337e-03 1.340398e+00 6.971230e-02 -6.608549e-03 9.975452e-01 3.770154e+01
9.965890e-01 4.098337e-02 -7.162934e-02 -7.859761e+01 -4.065376e-02 9.991550e-01 6.054151e-03 1.337695e+00 7.181693e-02 -3.121499e-03 9.974129e-01 3.849855e+01
9.964348e-01 4.104142e-02 -7.371048e-02 -7.866438e+01 -4.079064e-02 9.991557e-01 4.905092e-03 1.331692e+00 7.384956e-02 -1.880907e-03 9.972676e-01 3.932341e+01
9.963373e-01 3.981838e-02 -7.567325e-02 -7.873328e+01 -3.945963e-02 9.992017e-01 6.230566e-03 1.326193e+00 7.586093e-02 -3.221707e-03 9.971132e-01 4.013766e+01
9.962029e-01 3.886388e-02 -7.790584e-02 -7.880135e+01 -3.838610e-02 9.992339e-01 7.621568e-03 1.314089e+00 7.814236e-02 -4.602127e-03 9.969316e-01 4.097487e+01
9.960924e-01 3.844801e-02 -7.950946e-02 -7.887260e+01 -3.781009e-02 9.992397e-01 9.513727e-03 1.305239e+00 7.981479e-02 -6.470291e-03 9.967887e-01 4.181000e+01
9.960623e-01 3.769690e-02 -8.024295e-02 -7.894470e+01 -3.679484e-02 9.992422e-01 1.269116e-02 1.305589e+00 8.066057e-02 -9.688659e-03 9.966945e-01 4.264697e+01
9.959877e-01 3.710586e-02 -8.143502e-02 -7.901689e+01 -3.582458e-02 9.992111e-01 1.713946e-02 1.302837e+00 8.200675e-02 -1.415331e-02 9.965313e-01 4.349996e+01
9.960638e-01 3.688215e-02 -8.060165e-02 -7.909199e+01 -3.541682e-02 9.991817e-01 1.953504e-02 1.299425e+00 8.125619e-02 -1.660349e-02 9.965549e-01 4.435040e+01
9.961348e-01 3.970875e-02 -7.835018e-02 -7.916660e+01 -3.825279e-02 9.990680e-01 1.999743e-02 1.302147e+00 7.907123e-02 -1.692302e-02 9.967253e-01 4.520924e+01
9.962410e-01 4.015082e-02 -7.675839e-02 -7.923826e+01 -3.879022e-02 9.990641e-01 1.913585e-02 1.302241e+00 7.745487e-02 -1.608644e-02 9.968661e-01 4.607267e+01
9.964593e-01 3.848347e-02 -7.475163e-02 -7.930572e+01 -3.729760e-02 9.991562e-01 1.719642e-02 1.305427e+00 7.535034e-02 -1.434748e-02 9.970539e-01 4.693738e+01
9.967351e-01 3.407791e-02 -7.319767e-02 -7.936762e+01 -3.300803e-02 9.993306e-01 1.577694e-02 1.302421e+00 7.368631e-02 -1.330932e-02 9.971927e-01 4.780444e+01
9.969120e-01 3.278708e-02 -7.135483e-02 -7.943123e+01 -3.173026e-02 9.993701e-01 1.589450e-02 1.302610e+00 7.183101e-02 -1.358131e-02 9.973243e-01 4.867661e+01
9.970838e-01 3.035369e-02 -7.001752e-02 -7.949464e+01 -2.914585e-02 9.994093e-01 1.820828e-02 1.304177e+00 7.052885e-02 -1.611446e-02 9.973796e-01 4.955339e+01
9.972392e-01 2.704223e-02 -6.915662e-02 -7.955472e+01 -2.566115e-02 9.994547e-01 2.078146e-02 1.301828e+00 6.968088e-02 -1.894945e-02 9.973893e-01 5.042506e+01
9.973351e-01 2.643742e-02 -6.799828e-02 -7.961687e+01 -2.503318e-02 9.994571e-01 2.142108e-02 1.299615e+00 6.852768e-02 -1.966178e-02 9.974554e-01 5.129683e+01
9.973658e-01 2.770641e-02 -6.703608e-02 -7.968256e+01 -2.652206e-02 9.994772e-01 1.849337e-02 1.297714e+00 6.751341e-02 -1.666672e-02 9.975791e-01 5.215649e+01
9.972999e-01 3.155137e-02 -6.631353e-02 -7.974975e+01 -3.074369e-02 9.994406e-01 1.316538e-02 1.288227e+00 6.669182e-02 -1.109110e-02 9.977120e-01 5.301648e+01
9.973039e-01 3.349631e-02 -6.529144e-02 -7.981623e+01 -3.304966e-02 9.994224e-01 7.909238e-03 1.279189e+00 6.551866e-02 -5.730054e-03 9.978349e-01 5.388166e+01
9.971613e-01 3.861869e-02 -6.463720e-02 -7.988519e+01 -3.854224e-02 9.992540e-01 2.429654e-03 1.265733e+00 6.468282e-02 6.850630e-05 9.979059e-01 5.472828e+01
9.972125e-01 3.895059e-02 -6.363971e-02 -7.994551e+01 -3.895219e-02 9.992403e-01 1.215993e-03 1.254939e+00 6.363873e-02 1.266302e-03 9.979722e-01 5.558402e+01
9.973119e-01 3.715467e-02 -6.315444e-02 -8.000042e+01 -3.676241e-02 9.992969e-01 7.362179e-03 1.242102e+00 6.338357e-02 -5.020679e-03 9.979766e-01 5.642872e+01
9.973644e-01 3.522207e-02 -6.343262e-02 -8.005795e+01 -3.420152e-02 9.992686e-01 1.710370e-02 1.227754e+00 6.398865e-02 -1.488912e-02 9.978395e-01 5.728507e+01
9.974138e-01 3.203361e-02 -6.434014e-02 -8.011574e+01 -3.051188e-02 9.992342e-01 2.449655e-02 1.229894e+00 6.507558e-02 -2.247006e-02 9.976273e-01 5.813801e+01
9.972671e-01 3.200372e-02 -6.658940e-02 -8.017380e+01 -3.048777e-02 9.992551e-01 2.365888e-02 1.223130e+00 6.729697e-02 -2.156406e-02 9.974999e-01 5.896387e+01
9.972737e-01 2.728091e-02 -6.856256e-02 -8.023070e+01 -2.588854e-02 9.994418e-01 2.111530e-02 1.215232e+00 6.910033e-02 -1.928275e-02 9.974233e-01 5.980385e+01
9.971303e-01 2.584309e-02 -7.115652e-02 -8.029197e+01 -2.448673e-02 9.995027e-01 1.986858e-02 1.218801e+00 7.163460e-02 -1.806917e-02 9.972673e-01 6.063062e+01
9.968965e-01 2.702225e-02 -7.394066e-02 -8.036181e+01 -2.575042e-02 9.995045e-01 1.810043e-02 1.215158e+00 7.439314e-02 -1.614025e-02 9.970984e-01 6.145716e+01
9.966165e-01 2.826939e-02 -7.717714e-02 -8.043524e+01 -2.715773e-02 9.995123e-01 1.541589e-02 1.212575e+00 7.757530e-02 -1.326778e-02 9.968982e-01 6.227796e+01
9.962877e-01 2.873989e-02 -8.114724e-02 -8.051172e+01 -2.780591e-02 9.995337e-01 1.261670e-02 1.212888e+00 8.147200e-02 -1.031349e-02 9.966223e-01 6.308852e+01
9.959861e-01 3.073722e-02 -8.406514e-02 -8.059032e+01 -3.001362e-02 9.995009e-01 9.858141e-03 1.201070e+00 8.432619e-02 -7.295472e-03 9.964115e-01 6.389832e+01
9.955607e-01 3.486606e-02 -8.742565e-02 -8.067552e+01 -3.415621e-02 9.993704e-01 9.602785e-03 1.196555e+00 8.770541e-02 -6.574027e-03 9.961248e-01 6.470738e+01
9.951133e-01 3.865349e-02 -9.085892e-02 -8.076307e+01 -3.776253e-02 9.992205e-01 1.150530e-02 1.188264e+00 9.123282e-02 -8.018011e-03 9.957973e-01 6.551224e+01
9.946845e-01 4.159258e-02 -9.419593e-02 -8.084783e+01 -4.015983e-02 9.990477e-01 1.705606e-02 1.186596e+00 9.481563e-02 -1.318251e-02 9.954076e-01 6.630910e+01
9.942394e-01 4.211523e-02 -9.856103e-02 -8.093478e+01 -4.001716e-02 9.989303e-01 2.316883e-02 1.181553e+00 9.943137e-02 -1.909124e-02 9.948613e-01 6.711671e+01
9.938403e-01 4.104131e-02 -1.029416e-01 -8.102045e+01 -3.850107e-02 9.989059e-01 2.654406e-02 1.180175e+00 1.039184e-01 -2.241720e-02 9.943332e-01 6.790809e+01
9.930773e-01 4.206765e-02 -1.096715e-01 -8.111682e+01 -3.923987e-02 9.988426e-01 2.781706e-02 1.184621e+00 1.107147e-01 -2.332100e-02 9.935786e-01 6.869478e+01
9.925565e-01 3.827988e-02 -1.156128e-01 -8.121063e+01 -3.490463e-02 9.989073e-01 3.107991e-02 1.189155e+00 1.166762e-01 -2.681314e-02 9.928080e-01 6.948336e+01
9.917945e-01 3.981984e-02 -1.214829e-01 -8.131405e+01 -3.623381e-02 9.988440e-01 3.158723e-02 1.191078e+00 1.226003e-01 -2.692625e-02 9.920908e-01 7.026191e+01
9.908192e-01 4.436407e-02 -1.277071e-01 -8.142880e+01 -4.069200e-02 9.986838e-01 3.122189e-02 1.197153e+00 1.289242e-01 -2.573859e-02 9.913204e-01 7.103555e+01
9.898783e-01 4.742466e-02 -1.337605e-01 -8.154337e+01 -4.401692e-02 9.986293e-01 2.832121e-02 1.203203e+00 1.349202e-01 -2.214683e-02 9.906089e-01 7.180483e+01
9.891280e-01 4.683673e-02 -1.393994e-01 -8.165722e+01 -4.365080e-02 9.987130e-01 2.582665e-02 1.210260e+00 1.404297e-01 -1.946097e-02 9.898994e-01 7.256398e+01
9.882684e-01 4.840489e-02 -1.448533e-01 -8.178024e+01 -4.520407e-02 9.986571e-01 2.530923e-02 1.211499e+00 1.458839e-01 -1.846436e-02 9.891294e-01 7.333213e+01
9.875505e-01 4.925973e-02 -1.493907e-01 -8.190345e+01 -4.526601e-02 9.985238e-01 3.001891e-02 1.225775e+00 1.506489e-01 -2.288287e-02 9.883225e-01 7.409822e+01
9.865955e-01 4.995590e-02 -1.553500e-01 -8.203351e+01 -4.505381e-02 9.983741e-01 3.491975e-02 1.229095e+00 1.568419e-01 -2.745256e-02 9.872421e-01 7.486618e+01
9.857180e-01 4.754158e-02 -1.615544e-01 -8.216281e+01 -4.201453e-02 9.984145e-01 3.745933e-02 1.231180e+00 1.630791e-01 -3.013671e-02 9.861526e-01 7.562446e+01
9.846669e-01 4.522879e-02 -1.684799e-01 -8.229501e+01 -4.002515e-02 9.986147e-01 3.415658e-02 1.243819e+00 1.697914e-01 -2.688942e-02 9.851131e-01 7.636947e+01
9.831658e-01 4.512235e-02 -1.770562e-01 -8.243708e+01 -4.085853e-02 9.987821e-01 2.765615e-02 1.246266e+00 1.780884e-01 -1.995632e-02 9.838121e-01 7.711365e+01
9.816123e-01 4.247788e-02 -1.860993e-01 -8.258151e+01 -3.839168e-02 9.989372e-01 2.550779e-02 1.253871e+00 1.869850e-01 -1.789409e-02 9.821998e-01 7.784754e+01
9.796133e-01 4.114752e-02 -1.966334e-01 -8.273739e+01 -3.620371e-02 9.989330e-01 2.867253e-02 1.258926e+00 1.976034e-01 -2.096913e-02 9.800577e-01 7.858626e+01
9.773108e-01 4.243099e-02 -2.075168e-01 -8.290342e+01 -3.584643e-02 9.987305e-01 3.538998e-02 1.268474e+00 2.087550e-01 -2.714827e-02 9.775911e-01 7.932236e+01
9.748173e-01 4.362484e-02 -2.186963e-01 -8.307842e+01 -3.490434e-02 9.984399e-01 4.358295e-02 1.282014e+00 2.202564e-01 -3.485196e-02 9.748192e-01 8.005181e+01
9.722189e-01 4.268971e-02 -2.301479e-01 -8.326055e+01 -3.251505e-02 9.983264e-01 4.782370e-02 1.285488e+00 2.318043e-01 -3.901184e-02 9.719798e-01 8.078680e+01
9.692808e-01 4.613089e-02 -2.415918e-01 -8.345496e+01 -3.656110e-02 9.983646e-01 4.394798e-02 1.299400e+00 2.432240e-01 -3.376508e-02 9.693823e-01 8.149949e+01
9.661200e-01 4.595493e-02 -2.539692e-01 -8.365675e+01 -3.844093e-02 9.986661e-01 3.447298e-02 1.310874e+00 2.552147e-01 -2.354222e-02 9.665978e-01 8.220932e+01
9.628578e-01 4.414980e-02 -2.663750e-01 -8.386320e+01 -3.753215e-02 9.988484e-01 2.988582e-02 1.324430e+00 2.673878e-01 -1.877817e-02 9.634060e-01 8.291562e+01
9.596440e-01 4.303473e-02 -2.779052e-01 -8.407675e+01 -3.485290e-02 9.988031e-01 3.431687e-02 1.344837e+00 2.790494e-01 -2.324618e-02 9.599953e-01 8.361822e+01
9.562372e-01 4.372275e-02 -2.893074e-01 -8.430374e+01 -3.276192e-02 9.985539e-01 4.262371e-02 1.352269e+00 2.907527e-01 -3.128011e-02 9.562868e-01 8.434320e+01
9.525953e-01 4.387629e-02 -3.010599e-01 -8.453700e+01 -3.044682e-02 9.983269e-01 4.915760e-02 1.367559e+00 3.027130e-01 -3.766098e-02 9.523374e-01 8.505759e+01
9.486649e-01 4.193394e-02 -3.134906e-01 -8.477661e+01 -2.826762e-02 9.984465e-01 4.801515e-02 1.381472e+00 3.150171e-01 -3.668865e-02 9.483766e-01 8.575686e+01
