1.000000e+00 0.000000e+00 0.000000e+00 0.000000e+00 0.000000e+00 1.000000e+00 0.000000e+00 0.000000e+00 0.000000e+00 0.000000e+00 1.000000e+00 0.000000e+00
9.998842e-01 4.816202e-04 1.521093e-02 -1.415978e-02 -4.794582e-04 9.999999e-01 -1.457816e-04 -1.159669e-03 -1.521100e-02 1.384717e-04 9.998843e-01 5.295558e-02
9.994152e-01 1.935336e-03 3.414066e-02 -3.694716e-02 -1.942778e-03 9.999981e-01 1.848125e-04 1.984492e-03 -3.414024e-02 -2.510322e-04 9.994170e-01 1.319862e-01
9.982203e-01 2.632574e-03 5.957678e-02 -4.012884e-02 -2.706730e-03 9.999957e-01 1.164032e-03 1.255970e-03 -5.957346e-02 -1.323219e-03 9.982230e-01 2.374172e-01
9.957210e-01 2.186239e-03 9.238451e-02 -4.774725e-03 -2.443439e-03 9.999934e-01 2.671004e-03 -6.820365e-04 -9.237807e-02 -2.885310e-03 9.957198e-01 3.804402e-01
9.915772e-01 -1.093474e-03 1.295123e-01 8.747804e-02 4.596095e-04 9.999878e-01 4.924025e-03 -3.016114e-04 -1.295161e-01 -4.823026e-03 9.915656e-01 5.474426e-01
9.854074e-01 -3.775724e-03 1.701705e-01 1.778309e-01 2.804041e-03 9.999784e-01 5.950031e-03 -4.973617e-03 -1.701893e-01 -5.386040e-03 9.853967e-01 7.068686e-01
9.770187e-01 -4.250437e-03 2.131114e-01 2.551686e-01 2.845796e-03 9.999722e-01 6.897438e-03 -1.343857e-03 -2.131348e-01 -6.132454e-03 9.770036e-01 8.833426e-01
9.657257e-01 -4.182470e-03 2.595310e-01 3.090257e-01 1.890759e-03 9.999570e-01 9.079207e-03 1.996466e-03 -2.595578e-01 -8.277314e-03 9.656921e-01 1.056404e+00
9.518194e-01 -8.018336e-03 3.065543e-01 4.409328e-01 3.215190e-03 9.998641e-01 1.616995e-02 6.008985e-03 -3.066423e-01 -1.440524e-02 9.517158e-01 1.290067e+00
9.350950e-01 -1.822224e-02 3.539283e-01 5.727428e-01 1.011337e-02 9.996426e-01 2.474729e-02 -2.691721e-03 -3.542527e-01 -1.956166e-02 9.349451e-01 1.498146e+00
9.144552e-01 -2.422850e-02 4.039613e-01 7.472590e-01 1.324738e-02 9.994634e-01 2.995675e-02 6.360956e-04 -4.044703e-01 -2.204268e-02 9.142855e-01 1.680262e+00
8.895614e-01 -2.587625e-02 4.560822e-01 9.344899e-01 1.170656e-02 9.993578e-01 3.386656e-02 4.160401e-03 -4.566656e-01 -2.478723e-02 8.892930e-01 1.917801e+00
8.623272e-01 -2.781053e-02 5.055871e-01 1.074595e+00 9.611789e-03 9.992097e-01 3.856912e-02 1.566455e-02 -5.062602e-01 -2.839960e-02 8.619130e-01 2.116545e+00
8.306904e-01 -3.354733e-02 5.557230e-01 1.304813e+00 1.096152e-02 9.989749e-01 4.391992e-02 1.989331e-02 -5.566267e-01 -3.039229e-02 8.302066e-01 2.318226e+00
7.957234e-01 -3.964498e-02 6.043612e-01 1.530042e+00 1.335203e-02 9.987611e-01 4.793711e-02 2.421057e-02 -6.055130e-01 -3.007523e-02 7.952670e-01 2.493382e+00
7.585052e-01 -4.463280e-02 6.501367e-01 1.797096e+00 1.467195e-02 9.985685e-01 5.143558e-02 3.627394e-02 -6.515018e-01 -2.947538e-02 7.580743e-01 2.692481e+00
7.188490e-01 -4.819505e-02 6.934936e-01 2.092238e+00 1.598224e-02 9.984760e-01 5.282353e-02 4.961979e-02 -6.949825e-01 -2.688856e-02 7.185237e-01 2.908915e+00
6.773784e-01 -4.932252e-02 7.339794e-01 2.374275e+00 1.419594e-02 9.984404e-01 5.399276e-02 6.425994e-02 -7.354977e-01 -2.615401e-02 6.770222e-01 3.104474e+00
6.347827e-01 -4.955266e-02 7.711001e-01 2.690379e+00 1.023509e-02 9.983932e-01 5.573333e-02 8.451308e-02 -7.726229e-01 -2.748628e-02 6.342700e-01 3.344098e+00
5.930880e-01 -5.016164e-02 8.035736e-01 3.011370e+00 7.539589e-03 9.983596e-01 5.675612e-02 9.780753e-02 -8.051024e-01 -2.760276e-02 5.924933e-01 3.563732e+00
5.531979e-01 -5.083972e-02 8.314971e-01 3.382349e+00 5.317397e-03 9.983312e-01 5.750267e-02 1.146252e-01 -8.330329e-01 -2.738896e-02 5.525451e-01 3.772818e+00
5.141621e-01 -5.277181e-02 8.560681e-01 3.799381e+00 3.916719e-03 9.982394e-01 5.918347e-02 1.295175e-01 -8.576841e-01 -2.707692e-02 5.134635e-01 3.992990e+00
4.771467e-01 -5.255666e-02 8.772507e-01 4.199091e+00 1.011676e-03 9.982424e-01 5.925508e-02 1.512911e-01 -8.788231e-01 -2.738587e-02 4.763612e-01 4.196737e+00
4.411869e-01 -5.222754e-02 8.958942e-01 4.654532e+00 -2.684970e-04 9.982973e-01 5.832951e-02 1.762599e-01 -8.974152e-01 -2.597476e-02 4.404217e-01 4.392065e+00
4.077265e-01 -5.142842e-02 9.116547e-01 5.149091e+00 1.306535e-03 9.984445e-01 5.574008e-02 2.013935e-01 -9.131032e-01 -2.153560e-02 4.071595e-01 4.579653e+00
3.786638e-01 -5.001655e-02 9.241818e-01 5.651990e+00 3.823241e-03 9.986147e-01 5.247836e-02 2.272452e-01 -9.255264e-01 -1.633829e-02 3.783305e-01 4.759948e+00
3.537970e-01 -4.861168e-02 9.340581e-01 6.191767e+00 5.117902e-03 9.987341e-01 5.003912e-02 2.550950e-01 -9.353082e-01 -1.292327e-02 3.535979e-01 4.938532e+00
3.331844e-01 -4.839891e-02 9.416187e-01 6.763407e+00 5.926981e-03 9.987694e-01 4.923923e-02 2.834774e-01 -9.428431e-01 -1.082479e-02 3.330612e-01 5.126888e+00
3.183595e-01 -4.887015e-02 9.467095e-01 7.350405e+00 6.609306e-03 9.987604e-01 4.933449e-02 3.108118e-01 -9.479470e-01 -9.449012e-03 3.182879e-01 5.322371e+00
3.059220e-01 -5.007619e-02 9.507387e-01 7.968875e+00 7.193817e-03 9.987088e-01 5.028804e-02 3.311797e-01 -9.520294e-01 -8.544779e-03 3.058872e-01 5.516348e+00
2.953351e-01 -5.150137e-02 9.540046e-01 8.605807e+00 6.224201e-03 9.986285e-01 5.198351e-02 3.580122e-01 -9.553734e-01 -9.414641e-03 2.952506e-01 5.717055e+00
2.844853e-01 -5.283697e-02 9.572233e-01 9.267831e+00 5.099812e-03 9.985493e-01 5.360244e-02 3.869531e-01 -9.586669e-01 -1.036744e-02 2.843420e-01 5.926575e+00
2.736706e-01 -5.425021e-02 9.602923e-01 9.956507e+00 4.580957e-03 9.984702e-01 5.510150e-02 4.144859e-01 -9.618126e-01 -1.068060e-02 2.735004e-01 6.127303e+00
2.638381e-01 -5.593353e-02 9.629439e-01 1.066947e+01 3.850589e-03 9.983704e-01 5.693629e-02 4.419113e-01 -9.645593e-01 -1.131406e-02 2.636235e-01 6.326623e+00
2.533944e-01 -5.721460e-02 9.656696e-01 1.140336e+01 3.520707e-03 9.982973e-01 5.822390e-02 4.721579e-01 -9.673567e-01 -1.135377e-02 2.531644e-01 6.524261e+00
2.424691e-01 -5.822930e-02 9.684101e-01 1.215987e+01 2.900893e-03 9.982362e-01 5.929639e-02 5.016850e-01 -9.701548e-01 -1.156829e-02 2.422104e-01 6.711365e+00
2.326114e-01 -6.101949e-02 9.706537e-01 1.292301e+01 1.648627e-03 9.980532e-01 6.234686e-02 5.364930e-01 -9.725684e-01 -1.290235e-02 2.322592e-01 6.894399e+00
2.217843e-01 -6.466970e-02 9.729489e-01 1.370087e+01 -5.511641e-04 9.977898e-01 6.644646e-02 5.772103e-01 -9.750956e-01 -1.527304e-02 2.212585e-01 7.066813e+00
2.089728e-01 -6.858352e-02 9.755135e-01 1.449502e+01 -9.444632e-04 9.975231e-01 7.033322e-02 6.169429e-01 -9.779210e-01 -1.561907e-02 2.083904e-01 7.238957e+00
1.964984e-01 -7.074888e-02 9.779483e-01 1.528889e+01 -2.061562e-03 9.973614e-01 7.256753e-02 6.562135e-01 -9.805020e-01 -1.627551e-02 1.958341e-01 7.400113e+00
1.822948e-01 -7.150346e-02 9.806405e-01 1.609239e+01 -2.875847e-03 9.973092e-01 7.325346e-02 6.926202e-01 -9.832397e-01 -1.617390e-02 1.815987e-01 7.543301e+00
1.688141e-01 -7.107574e-02 9.830819e-01 1.688293e+01 -4.435580e-03 9.973318e-01 7.286766e-02 7.321934e-01 -9.856379e-01 -1.666162e-02 1.680484e-01 7.679713e+00
1.527676e-01 -7.059445e-02 9.857375e-01 1.768399e+01 -5.535023e-03 9.973686e-01 7.228523e-02 7.710981e-01 -9.882466e-01 -1.649892e-02 1.519749e-01 7.800482e+00
1.322182e-01 -6.963676e-02 9.887715e-01 1.849526e+01 -8.054559e-03 9.974208e-01 7.132296e-02 8.095523e-01 -9.911879e-01 -1.739431e-02 1.313162e-01 7.902578e+00
1.077545e-01 -6.849661e-02 9.918151e-01 1.930725e+01 -1.204615e-02 9.974605e-01 7.019523e-02 8.520109e-01 -9.941045e-01 -1.951140e-02 1.066558e-01 7.989411e+00
7.786986e-02 -6.816227e-02 9.946307e-01 2.013556e+01 -1.551639e-02 9.974563e-01 6.957070e-02 8.930664e-01 -9.968428e-01 -2.085054e-02 7.661415e-02 8.051645e+00
4.460544e-02 -6.821332e-02 9.966731e-01 2.097494e+01 -1.834482e-02 9.974420e-01 6.908695e-02 9.324171e-01 -9.988362e-01 -2.136545e-02 4.323998e-02 8.080385e+00
1.108696e-02 -6.803688e-02 9.976212e-01 2.180165e+01 -2.004349e-02 9.974670e-01 6.824911e-02 9.689758e-01 -9.997376e-01 -2.075248e-02 9.695177e-03 8.080763e+00
-2.294127e-02 -6.756300e-02 9.974512e-01 2.264448e+01 -2.174347e-02 9.975115e-01 6.706699e-02 1.003502e+00 -9.995003e-01 -2.014945e-02 -2.435324e-02 8.047598e+00
-5.505160e-02 -6.616107e-02 9.962891e-01 2.346750e+01 -2.415185e-02 9.975986e-01 6.491348e-02 1.038941e+00 -9.981914e-01 -2.048864e-02 -5.651731e-02 7.994203e+00
-8.738896e-02 -6.297166e-02 9.941819e-01 2.430611e+01 -2.686050e-02 9.977861e-01 6.083890e-02 1.079501e+00 -9.958121e-01 -2.138758e-02 -8.888694e-02 7.914515e+00
-1.198697e-01 -5.886963e-02 9.910427e-01 2.514387e+01 -2.437972e-02 9.981139e-01 5.634087e-02 1.105693e+00 -9.924902e-01 -1.740778e-02 -1.210788e-01 7.797175e+00
-1.509602e-01 -5.381762e-02 9.870738e-01 2.596369e+01 -2.033586e-02 9.984747e-01 5.132912e-02 1.127463e+00 -9.883307e-01 -1.232434e-02 -1.518243e-01 7.648398e+00
-1.819124e-01 -4.803945e-02 9.821406e-01 2.678399e+01 -1.452919e-02 9.988282e-01 4.616459e-02 1.146271e+00 -9.832074e-01 -5.871794e-03 -1.823972e-01 7.474917e+00
-2.104347e-01 -4.259116e-02 9.766797e-01 2.759628e+01 -8.972499e-03 9.990926e-01 4.163533e-02 1.164944e+00 -9.775667e-01 -1.738786e-06 -2.106259e-01 7.277532e+00
-2.381589e-01 -3.614296e-02 9.705535e-01 2.840559e+01 -3.094388e-04 9.993101e-01 3.713791e-02 1.187047e+00 -9.712262e-01 8.544396e-03 -2.380058e-01 7.056091e+00
-2.654664e-01 -2.598978e-02 9.637697e-01 2.921857e+01 5.817784e-03 9.995752e-01 2.855782e-02 1.190576e+00 -9.641026e-01 1.318815e-02 -2.652024e-01 6.817107e+00
-2.901226e-01 -1.101536e-02 9.569261e-01 2.999205e+01 1.019739e-02 9.998414e-01 1.460103e-02 1.187133e+00 -9.569352e-01 1.399424e-02 -2.899642e-01 6.560014e+00
-3.151990e-01 5.959296e-03 9.490069e-01 3.076437e+01 1.064659e-02 9.999396e-01 -2.743018e-03 1.172373e+00 -9.489659e-01 9.239087e-03 -3.152434e-01 6.296951e+00
-3.408349e-01 2.038991e-02 9.399020e-01 3.153408e+01 9.439449e-03 9.997886e-01 -1.826606e-02 1.149136e+00 -9.400758e-01 2.646447e-03 -3.409553e-01 6.014301e+00
-3.652364e-01 3.105237e-02 9.303968e-01 3.229234e+01 1.278122e-02 9.995166e-01 -2.834188e-02 1.115557e+00 -9.308271e-01 1.540123e-03 -3.654567e-01 5.706643e+00
-3.893612e-01 3.557454e-02 9.203979e-01 3.305100e+01 1.669245e-02 9.993623e-01 -3.156511e-02 1.074287e+00 -9.209339e-01 3.073464e-03 -3.897067e-01 5.380548e+00
-4.118907e-01 3.458682e-02 9.105766e-01 3.379430e+01 1.842230e-02 9.993912e-01 -2.962715e-02 1.033390e+00 -9.110470e-01 4.571766e-03 -4.122771e-01 5.029210e+00
-4.323499e-01 3.091517e-02 9.011758e-01 3.453591e+01 2.221784e-02 9.994739e-01 -2.362805e-02 9.980740e-01 -9.014321e-01 9.806593e-03 -4.328093e-01 4.659573e+00
-4.507232e-01 2.970738e-02 8.921693e-01 3.527424e+01 2.963959e-02 9.993930e-01 -1.830382e-02 9.655201e-01 -8.921716e-01 1.819358e-02 -4.513301e-01 4.272085e+00
-4.645521e-01 3.005778e-02 8.850355e-01 3.598775e+01 3.368233e-02 9.993003e-01 -1.625873e-02 9.247920e-01 -8.849050e-01 2.225703e-02 -4.652395e-01 3.888196e+00
-4.759560e-01 3.353075e-02 8.788297e-01 3.669470e+01 3.719146e-02 9.991464e-01 -1.797917e-02 8.874847e-01 -8.786823e-01 2.412766e-02 -4.767968e-01 3.500471e+00
-4.860239e-01 3.582082e-02 8.732111e-01 3.739268e+01 3.823748e-02 9.990744e-01 -1.970123e-02 8.521650e-01 -8.731086e-01 2.381413e-02 -4.869438e-01 3.104441e+00
-4.965577e-01 3.476964e-02 8.673070e-01 3.807734e+01 3.136856e-02 9.992635e-01 -2.210029e-02 8.102834e-01 -8.674367e-01 1.623210e-02 -4.972827e-01 2.716258e+00
-5.079569e-01 3.412252e-02 8.607063e-01 3.877831e+01 3.052709e-02 9.993005e-01 -2.160110e-02 7.911374e-01 -8.608414e-01 1.530243e-02 -5.086433e-01 2.306818e+00
-5.165484e-01 3.496631e-02 8.555437e-01 3.945259e+01 3.202832e-02 9.992556e-01 -2.150224e-02 7.556420e-01 -8.556588e-01 1.629468e-02 -5.172838e-01 1.885413e+00
-5.239573e-01 3.836377e-02 8.508801e-01 4.014697e+01 3.658224e-02 9.990769e-01 -2.251883e-02 7.193710e-01 -8.509585e-01 1.932819e-02 -5.248771e-01 1.457347e+00
-5.279639e-01 4.128809e-02 8.482626e-01 4.083852e+01 3.664353e-02 9.989948e-01 -2.581762e-02 6.884466e-01 -8.484759e-01 1.745256e-02 -5.289462e-01 1.022888e+00
-5.275931e-01 4.237686e-02 8.484396e-01 4.155251e+01 3.581481e-02 9.989766e-01 -2.762464e-02 6.514438e-01 -8.487419e-01 1.581213e-02 -5.285709e-01 5.825848e-01
-5.243765e-01 4.274764e-02 8.504128e-01 4.227802e+01 3.749754e-02 9.989294e-01 -2.709160e-02 6.187860e-01 -8.506605e-01 1.768219e-02 -5.254180e-01 1.280032e-01
-5.184607e-01 4.169744e-02 8.540842e-01 4.303436e+01 3.634334e-02 9.989824e-01 -2.670980e-02 5.842285e-01 -8.543288e-01 1.719229e-02 -5.194485e-01 -3.245240e-01
-5.113457e-01 4.074827e-02 8.584085e-01 4.380597e+01 3.525939e-02 9.990289e-01 -2.641978e-02 5.529486e-01 -8.586515e-01 1.675732e-02 -5.122859e-01 -7.714475e-01
-5.040319e-01 4.036839e-02 8.627411e-01 4.459881e+01 3.452504e-02 9.990504e-01 -2.657615e-02 5.194633e-01 -8.629947e-01 1.639094e-02 -5.049470e-01 -1.222071e+00
-4.975170e-01 3.953798e-02 8.665527e-01 4.541167e+01 3.311198e-02 9.990983e-01 -2.657490e-02 4.869017e-01 -8.668220e-01 1.547181e-02 -4.983776e-01 -1.675959e+00
-4.929018e-01 3.730501e-02 8.692849e-01 4.623051e+01 2.855331e-02 9.992358e-01 -2.669151e-02 4.492196e-01 -8.696163e-01 1.166467e-02 -4.935903e-01 -2.132931e+00
-4.915776e-01 3.408348e-02 8.701665e-01 4.706826e+01 2.307567e-02 9.993927e-01 -2.610914e-02 4.148586e-01 -8.705280e-01 7.245006e-03 -4.920656e-01 -2.598583e+00
-4.917365e-01 3.234510e-02 8.701431e-01 4.792196e+01 2.135548e-02 9.994572e-01 -2.508354e-02 3.784264e-01 -8.704821e-01 6.247827e-03 -4.921604e-01 -3.070519e+00
-4.926377e-01 3.140904e-02 8.696675e-01 4.878613e+01 2.091042e-02 9.994872e-01 -2.425257e-02 3.440429e-01 -8.699832e-01 6.237379e-03 -4.930419e-01 -3.549256e+00
-4.932183e-01 3.088858e-02 8.693570e-01 4.965784e+01 2.131960e-02 9.994984e-01 -2.341715e-02 3.083754e-01 -8.696443e-01 6.984576e-03 -4.936294e-01 -4.041234e+00
-4.932295e-01 3.013648e-02 8.693770e-01 5.053716e+01 2.118389e-02 9.995195e-01 -2.262940e-02 2.723949e-01 -8.696412e-01 7.255300e-03 -4.936309e-01 -4.534740e+00
-4.932144e-01 2.939008e-02 8.694111e-01 5.142711e+01 2.140666e-02 9.995365e-01 -2.164498e-02 2.365145e-01 -8.696443e-01 7.935575e-03 -4.936150e-01 -5.037665e+00
-4.934349e-01 2.877952e-02 8.693065e-01 5.232577e+01 2.107185e-02 9.995546e-01 -2.113078e-02 1.939777e-01 -8.695274e-01 7.891230e-03 -4.938216e-01 -5.546108e+00
-4.935054e-01 2.768068e-02 8.693021e-01 5.322804e+01 2.021896e-02 9.995884e-01 -2.035095e-02 1.607206e-01 -8.695077e-01 7.533079e-03 -4.938620e-01 -6.048891e+00
-4.936066e-01 2.707246e-02 8.692638e-01 5.413197e+01 2.013771e-02 9.996032e-01 -1.969668e-02 1.194230e-01 -8.694521e-01 7.782575e-03 -4.939559e-01 -6.557581e+00
-4.930194e-01 2.633765e-02 8.696196e-01 5.502998e+01 1.941101e-02 9.996259e-01 -1.927026e-02 8.161830e-02 -8.698017e-01 7.379587e-03 -4.933462e-01 -7.054828e+00
-4.916739e-01 2.491332e-02 8.704230e-01 5.592922e+01 1.914559e-02 9.996583e-01 -1.779758e-02 4.115428e-02 -8.705689e-01 7.914153e-03 -4.919828e-01 -7.558136e+00
-4.896517e-01 2.260636e-02 8.716250e-01 5.682973e+01 1.931011e-02 9.996998e-01 -1.508028e-02 1.208747e-03 -8.717043e-01 9.447089e-03 -4.899413e-01 -8.063665e+00
-4.871212e-01 2.121407e-02 8.730767e-01 5.771659e+01 1.937364e-02 9.997214e-01 -1.348204e-02 -3.694399e-02 -8.731195e-01 1.034729e-02 -4.873964e-01 -8.557366e+00
-4.847571e-01 2.056102e-02 8.744071e-01 5.861402e+01 1.910507e-02 9.997340e-01 -1.291644e-02 -7.499836e-02 -8.744401e-01 1.044427e-02 -4.850210e-01 -9.051457e+00
-4.826482e-01 2.054278e-02 8.755734e-01 5.951276e+01 1.934935e-02 9.997310e-01 -1.278971e-02 -1.139017e-01 -8.756005e-01 1.076884e-02 -4.829158e-01 -9.545927e+00
-4.816266e-01 2.059579e-02 8.761345e-01 6.040360e+01 1.911947e-02 9.997328e-01 -1.299097e-02 -1.514426e-01 -8.761679e-01 1.049443e-02 -4.818917e-01 -1.002941e+01
-4.825954e-01 2.154513e-02 8.755784e-01 6.130370e+01 1.850452e-02 9.997251e-01 -1.440078e-02 -1.908665e-01 -8.756479e-01 9.252413e-03 -4.828614e-01 -1.051339e+01
-4.853832e-01 2.306461e-02 8.739972e-01 6.218751e+01 1.721790e-02 9.997103e-01 -1.682001e-02 -2.311159e-01 -8.741319e-01 6.884246e-03 -4.856397e-01 -1.099861e+01
-4.897813e-01 2.339594e-02 8.715314e-01 6.306733e+01 1.640456e-02 9.997102e-01 -1.761785e-02 -2.697759e-01 -8.716910e-01 5.668192e-03 -4.900231e-01 -1.148574e+01
-4.955973e-01 2.193003e-02 8.682755e-01 6.394322e+01 1.669768e-02 9.997370e-01 -1.571959e-02 -3.017650e-01 -8.683919e-01 6.707599e-03 -4.958332e-01 -1.197866e+01
-5.007936e-01 1.904622e-02 8.653571e-01 6.481860e+01 1.957310e-02 9.997514e-01 -1.067698e-02 -3.490844e-01 -8.653454e-01 1.159076e-02 -5.010419e-01 -1.248803e+01
-5.062700e-01 1.715218e-02 8.622044e-01 6.568059e+01 1.721430e-02 9.998040e-01 -9.781591e-03 -3.800317e-01 -8.622032e-01 9.890116e-03 -5.064660e-01 -1.298744e+01
-5.112647e-01 1.901195e-02 8.592130e-01 6.653352e+01 1.818201e-02 9.997708e-01 -1.130310e-02 -4.171612e-01 -8.592309e-01 9.843339e-03 -5.114932e-01 -1.349063e+01
-5.164264e-01 2.101715e-02 8.560736e-01 6.737375e+01 1.864510e-02 9.997377e-01 -1.329654e-02 -4.489104e-01 -8.561286e-01 9.094889e-03 -5.166828e-01 -1.399561e+01
-5.215543e-01 2.105367e-02 8.529583e-01 6.821853e+01 1.740460e-02 9.997500e-01 -1.403464e-02 -4.851643e-01 -8.530405e-01 7.525570e-03 -5.217904e-01 -1.449900e+01
-5.252282e-01 2.124423e-02 8.506962e-01 6.905160e+01 1.691610e-02 9.997514e-01 -1.452238e-02 -5.179181e-01 -8.507933e-01 6.762898e-03 -5.254570e-01 -1.500436e+01
-5.287516e-01 2.017123e-02 8.485369e-01 6.987833e+01 1.712237e-02 9.997676e-01 -1.309674e-02 -5.533955e-01 -8.486039e-01 7.604036e-03 -5.289741e-01 -1.551381e+01
-5.315239e-01 1.317145e-02 8.469409e-01 7.071179e+01 1.884220e-02 9.998155e-01 -3.723917e-03 -5.841428e-01 -8.468337e-01 1.397888e-02 -5.316740e-01 -1.603209e+01
-5.333910e-01 4.809760e-03 8.458551e-01 7.153945e+01 1.915929e-02 9.997960e-01 6.396619e-03 -6.070704e-01 -8.456518e-01 1.961788e-02 -5.333743e-01 -1.655739e+01
-5.352349e-01 1.671071e-03 8.447016e-01 7.236133e+01 1.924683e-02 9.997626e-01 1.021769e-02 -6.249952e-01 -8.444840e-01 2.172669e-02 -5.351399e-01 -1.707319e+01
-5.363533e-01 6.980125e-03 8.439647e-01 7.316329e+01 1.967099e-02 9.997975e-01 4.232275e-03 -6.398338e-01 -8.437643e-01 1.887162e-02 -5.363820e-01 -1.757860e+01
-5.375284e-01 1.207036e-02 8.431592e-01 7.396953e+01 2.004951e-02 9.997978e-01 -1.530835e-03 -6.617285e-01 -8.430072e-01 1.608206e-02 -5.376617e-01 -1.809413e+01
-5.381255e-01 1.696166e-02 8.426941e-01 7.477259e+01 2.636559e-02 9.996470e-01 -3.284323e-03 -6.788752e-01 -8.424523e-01 2.045075e-02 -5.383827e-01 -1.861346e+01
-5.380536e-01 1.781484e-02 8.427223e-01 7.556942e+01 2.994923e-02 9.995494e-01 -2.008397e-03 -7.010327e-01 -8.423784e-01 2.415826e-02 -5.383447e-01 -1.913177e+01
-5.375382e-01 1.485338e-02 8.431086e-01 7.637026e+01 2.941410e-02 9.995667e-01 1.143692e-03 -7.228010e-01 -8.427262e-01 2.541406e-02 -5.377422e-01 -1.964489e+01
-5.371714e-01 9.997894e-03 8.434139e-01 7.717467e+01 2.789134e-02 9.995935e-01 5.914774e-03 -7.326774e-01 -8.430119e-01 2.670119e-02 -5.372318e-01 -2.015188e+01
-5.362761e-01 3.772032e-03 8.440342e-01 7.798250e+01 2.630156e-02 9.995791e-01 1.224411e-02 -7.446465e-01 -8.436327e-01 2.876564e-02 -5.361496e-01 -2.065964e+01
-5.358599e-01 -2.654482e-03 8.443028e-01 7.878763e+01 1.757867e-02 9.997432e-01 1.429997e-02 -7.585696e-01 -8.441239e-01 2.250451e-02 -5.356756e-01 -2.115528e+01
-5.343978e-01 -7.732087e-03 8.451977e-01 7.958783e+01 9.890153e-03 9.998325e-01 1.540003e-02 -7.581685e-01 -8.451753e-01 1.658887e-02 -5.342318e-01 -2.164011e+01
-5.326767e-01 -7.709956e-03 8.462837e-01 8.038514e+01 1.266915e-02 9.997738e-01 1.708266e-02 -7.650118e-01 -8.462240e-01 1.982123e-02 -5.324586e-01 -2.213929e+01
-5.299177e-01 -4.465778e-03 8.480373e-01 8.118126e+01 1.802500e-02 9.997009e-01 1.652782e-02 -7.753526e-01 -8.478575e-01 2.404425e-02 -5.296787e-01 -2.263678e+01
-5.246579e-01 -1.038349e-03 8.513125e-01 8.197661e+01 1.990910e-02 9.997108e-01 1.348919e-02 -7.803700e-01 -8.510803e-01 2.402608e-02 -5.244855e-01 -2.312752e+01
-5.169861e-01 4.894747e-04 8.559936e-01 8.276999e+01 2.483865e-02 9.995873e-01 1.442997e-02 -7.881156e-01 -8.556333e-01 2.872182e-02 -5.167850e-01 -2.361057e+01
-5.091458e-01 2.512085e-03 8.606766e-01 8.357266e+01 3.195804e-02 9.993613e-01 1.598837e-02 -8.034134e-01 -8.600868e-01 3.564595e-02 -5.089009e-01 -2.409203e+01
-4.990711e-01 1.823489e-03 8.665591e-01 8.437516e+01 3.039449e-02 9.994193e-01 1.540181e-02 -8.077852e-01 -8.660278e-01 3.402523e-02 -4.988367e-01 -2.455392e+01
-4.884233e-01 -8.956806e-04 8.726064e-01 8.519328e+01 2.741321e-02 9.994901e-01 1.636990e-02 -8.072042e-01 -8.721761e-01 3.191638e-02 -4.881497e-01 -2.499987e+01
-4.767443e-01 -4.051363e-03 8.790327e-01 8.600754e+01 2.873421e-02 9.993832e-01 2.019008e-02 -8.121900e-01 -8.785722e-01 3.488381e-02 -4.763339e-01 -2.543875e+01
-4.655458e-01 -5.397350e-03 8.850073e-01 8.682936e+01 2.842064e-02 9.993745e-01 2.104512e-02 -8.172360e-01 -8.845673e-01 3.494994e-02 -4.651012e-01 -2.586560e+01
-4.540093e-01 -6.526129e-03 8.909730e-01 8.766432e+01 2.845424e-02 9.993569e-01 2.181932e-02 -8.149340e-01 -8.905425e-01 3.525814e-02 -4.535317e-01 -2.628161e+01
-4.418057e-01 -5.288845e-03 8.970952e-01 8.848670e+01 3.174155e-02 9.992643e-01 2.152342e-02 -8.157155e-01 -8.965491e-01 3.798436e-02 -4.413128e-01 -2.668608e+01
-4.297258e-01 -2.519169e-03 9.029559e-01 8.931661e+01 3.104377e-02 9.993637e-01 1.756218e-02 -8.277483e-01 -9.024256e-01 3.557808e-02 -4.293741e-01 -2.707177e+01
-4.181843e-01 7.340196e-03 9.083325e-01 9.015412e+01 3.427550e-02 9.993827e-01 7.704019e-03 -8.305599e-01 -9.077153e-01 3.435525e-02 -4.181777e-01 -2.745555e+01
-4.052571e-01 1.214990e-02 9.141220e-01 9.098745e+01 3.490882e-02 9.993881e-01 2.192900e-03 -8.417488e-01 -9.135360e-01 3.279961e-02 -4.054333e-01 -2.781818e+01
-3.935767e-01 8.851444e-03 9.192492e-01 9.184167e+01 3.337736e-02 9.994319e-01 4.667002e-03 -8.503984e-01 -9.186856e-01 3.251894e-02 -3.936486e-01 -2.817773e+01
-3.813967e-01 4.929589e-03 9.243983e-01 9.269428e+01 3.444484e-02 9.993671e-01 8.882186e-03 -8.712361e-01 -9.237695e-01 3.522838e-02 -3.813251e-01 -2.852263e+01
-3.713122e-01 4.866628e-03 9.284953e-01 9.354425e+01 3.137613e-02 9.994809e-01 7.308853e-03 -8.875376e-01 -9.279778e-01 3.184646e-02 -3.712721e-01 -2.884882e+01
-3.643606e-01 9.057225e-03 9.312139e-01 9.439122e+01 2.680441e-02 9.996404e-01 7.651312e-04 -9.079526e-01 -9.308721e-01 2.523942e-02 -3.644723e-01 -2.916901e+01
-3.587455e-01 1.410530e-02 9.333288e-01 9.525153e+01 1.960838e-02 9.997791e-01 -7.572644e-03 -9.237750e-01 -9.332294e-01 1.558441e-02 -3.589428e-01 -2.948569e+01
-3.552880e-01 1.608642e-02 9.346185e-01 9.610377e+01 1.693411e-02 9.997986e-01 -1.077091e-02 -9.483088e-01 -9.346035e-01 1.200016e-02 -3.554889e-01 -2.980064e+01
-3.518494e-01 1.596992e-02 9.359204e-01 9.693997e+01 1.711484e-02 9.997971e-01 -1.062572e-02 -9.710363e-01 -9.359001e-01 1.227947e-02 -3.520513e-01 -3.010881e+01
-3.467012e-01 1.513085e-02 9.378536e-01 9.780559e+01 1.597266e-02 9.998201e-01 -1.022589e-02 -1.000438e+00 -9.378396e-01 1.143469e-02 -3.468806e-01 -3.042114e+01
-3.413886e-01 1.158594e-02 9.398508e-01 9.864480e+01 1.469353e-02 9.998676e-01 -6.988562e-03 -1.024122e+00 -9.398074e-01 1.142391e-02 -3.415136e-01 -3.071855e+01
-3.357165e-01 7.890041e-03 9.419300e-01 9.951220e+01 1.476396e-02 9.998862e-01 -3.113435e-03 -1.048699e+00 -9.418474e-01 1.286139e-02 -3.357948e-01 -3.102451e+01
-3.299196e-01 4.710723e-03 9.439973e-01 1.003705e+02 1.262355e-02 9.999202e-01 -5.779581e-04 -1.071894e+00 -9.439246e-01 1.172591e-02 -3.299528e-01 -3.131691e+01
-3.241163e-01 3.097951e-03 9.460122e-01 1.012223e+02 7.384902e-03 9.999725e-01 -7.444914e-04 -1.094096e+00 -9.459884e-01 6.744905e-03 -3.241303e-01 -3.159515e+01
-3.176804e-01 2.508907e-03 9.481945e-01 1.020735e+02 -3.379254e-03 9.999872e-01 -3.778125e-03 -1.109510e+00 -9.481918e-01 -4.404427e-03 -3.176679e-01 -3.185893e+01
-3.109371e-01 5.562442e-03 9.504142e-01 1.029261e+02 -1.630681e-03 9.999783e-01 -6.386016e-03 -1.135903e+00 -9.504291e-01 -3.535472e-03 -3.109213e-01 -3.213344e+01
-3.041992e-01 9.300259e-03 9.525630e-01 1.037784e+02 1.278975e-03 9.999554e-01 -9.354532e-03 -1.159789e+00 -9.526076e-01 -1.627337e-03 -3.041976e-01 -3.240228e+01
-2.974452e-01 7.538306e-03 9.547091e-01 1.046338e+02 4.612731e-04 9.999698e-01 -7.751969e-03 -1.177099e+00 -9.547388e-01 -1.865404e-03 -2.974397e-01 -3.266331e+01
-2.904181e-01 2.695725e-03 9.568961e-01 1.055031e+02 1.705355e-05 9.999960e-01 -2.811968e-03 -1.197958e+00 -9.568998e-01 -8.003280e-04 -2.904170e-01 -3.291917e+01
-2.832681e-01 -6.922110e-05 9.590408e-01 1.063630e+02 -1.917604e-04 1.000000e+00 1.553792e-05 -1.218337e+00 -9.590407e-01 -1.795046e-04 -2.832681e-01 -3.316741e+01
-2.767483e-01 2.579272e-03 9.609390e-01 1.072201e+02 -2.294439e-03 9.999918e-01 -3.344888e-03 -1.239443e+00 -9.609397e-01 -3.130508e-03 -2.767401e-01 -3.340686e+01
-2.703179e-01 5.517860e-03 9.627553e-01 1.080855e+02 -1.952624e-03 9.999784e-01 -6.279446e-03 -1.260641e+00 -9.627691e-01 -3.577346e-03 -2.703013e-01 -3.364426e+01
-2.635071e-01 6.197430e-03 9.646375e-01 1.089376e+02 -2.943990e-03 9.999695e-01 -7.228626e-03 -1.280261e+00 -9.646530e-01 -4.744678e-03 -2.634808e-01 -3.386744e+01
-2.565523e-01 4.781562e-03 9.665185e-01 1.098136e+02 -3.636728e-03 9.999759e-01 -5.912414e-03 -1.305368e+00 -9.665235e-01 -5.031808e-03 -2.565287e-01 -3.409252e+01
-2.487814e-01 4.380922e-03 9.685498e-01 1.106628e+02 -5.318874e-04 9.999890e-01 -4.659748e-03 -1.328083e+00 -9.685595e-01 -1.674418e-03 -2.487763e-01 -3.430982e+01
-2.410716e-01 5.146259e-03 9.704937e-01 1.115247e+02 3.978699e-03 9.999828e-01 -4.314319e-03 -1.351097e+00 -9.704992e-01 2.821242e-03 -2.410879e-01 -3.452600e+01
-2.342877e-01 5.362074e-03 9.721525e-01 1.124053e+02 5.711880e-03 9.999751e-01 -4.138978e-03 -1.371179e+00 -9.721505e-01 4.583107e-03 -2.343125e-01 -3.473738e+01
-2.275124e-01 4.210291e-03 9.737661e-01 1.132610e+02 -2.675449e-04 9.999903e-01 -4.386187e-03 -1.387970e+00 -9.737751e-01 -1.258438e-03 -2.275091e-01 -3.492321e+01
-2.215792e-01 1.631619e-03 9.751410e-01 1.141346e+02 -5.396044e-03 9.999812e-01 -2.899314e-03 -1.411286e+00 -9.751275e-01 -5.904331e-03 -2.215662e-01 -3.510718e+01
-2.169967e-01 1.431567e-03 9.761713e-01 1.150206e+02 -1.964688e-03 9.999963e-01 -1.903244e-03 -1.427924e+00 -9.761704e-01 -2.330869e-03 -2.169931e-01 -3.530322e+01
-2.124578e-01 9.134003e-04 9.771698e-01 1.158744e+02 -1.050742e-03 9.999988e-01 -1.163193e-03 -1.449949e+00 -9.771697e-01 -1.273883e-03 -2.124565e-01 -3.548589e+01
-2.079104e-01 2.023068e-03 9.781458e-01 1.167555e+02 -1.214141e-04 9.999978e-01 -2.094071e-03 -1.467507e+00 -9.781479e-01 -5.541398e-04 -2.079097e-01 -3.567079e+01
-2.020494e-01 7.387227e-04 9.793751e-01 1.176125e+02 5.435863e-03 9.999852e-01 3.671739e-04 -1.483070e+00 -9.793602e-01 5.397935e-03 -2.020504e-01 -3.585374e+01
-1.967643e-01 -7.587059e-04 9.804505e-01 1.184813e+02 1.309170e-02 9.999085e-01 3.401105e-03 -1.501876e+00 -9.803634e-01 1.350498e-02 -1.967364e-01 -3.603782e+01
-1.919976e-01 -2.098416e-03 9.813931e-01 1.193672e+02 1.561727e-02 9.998646e-01 5.193241e-03 -1.521844e+00 -9.812711e-01 1.632378e-02 -1.919389e-01 -3.621437e+01
-1.878097e-01 -9.355368e-04 9.822050e-01 1.202223e+02 1.390063e-02 9.998969e-01 3.610360e-03 -1.533612e+00 -9.821071e-01 1.433133e-02 -1.877773e-01 -3.636909e+01
-1.842049e-01 7.325289e-04 9.828876e-01 1.210900e+02 1.184965e-02 9.999287e-01 1.475537e-03 -1.546897e+00 -9.828164e-01 1.191867e-02 -1.842005e-01 -3.652583e+01
-1.823628e-01 -3.576806e-04 9.832312e-01 1.219731e+02 1.013044e-02 9.999462e-01 2.242683e-03 -1.561425e+00 -9.831791e-01 1.036954e-02 -1.823493e-01 -3.668449e+01
-1.814733e-01 -1.937805e-03 9.833940e-01 1.228292e+02 9.028244e-03 9.999526e-01 3.636486e-03 -1.578108e+00 -9.833544e-01 9.538246e-03 -1.814472e-01 -3.683506e+01
-1.804747e-01 -6.134061e-03 9.835605e-01 1.237128e+02 1.059249e-02 9.999104e-01 8.179658e-03 -1.589428e+00 -9.835226e-01 1.189458e-02 -1.803936e-01 -3.699621e+01
-1.794525e-01 -1.177620e-02 9.836961e-01 1.245712e+02 9.675312e-03 9.998589e-01 1.373473e-02 -1.600917e+00 -9.837191e-01 1.198230e-02 -1.793133e-01 -3.714543e+01
-1.786029e-01 -1.433414e-02 9.838168e-01 1.254344e+02 1.050297e-02 9.998091e-01 1.647386e-02 -1.609423e+00 -9.838652e-01 1.327528e-02 -1.784182e-01 -3.729950e+01
-1.774977e-01 -1.025926e-02 9.840677e-01 1.263007e+02 9.010030e-03 9.998868e-01 1.204933e-02 -1.622127e+00 -9.840800e-01 1.100521e-02 -1.773851e-01 -3.745248e+01
-1.773274e-01 -6.811292e-03 9.841283e-01 1.271408e+02 8.764991e-03 9.999255e-01 8.499966e-03 -1.633761e+00 -9.841129e-01 1.013315e-02 -1.772545e-01 -3.759972e+01
-1.772850e-01 -7.836274e-03 9.841284e-01 1.279968e+02 6.289235e-03 9.999389e-01 9.095136e-03 -1.636897e+00 -9.841395e-01 7.801846e-03 -1.772249e-01 -3.774792e+01
-1.769268e-01 -9.224811e-03 9.841808e-01 1.288572e+02 4.169865e-03 9.999401e-01 1.012214e-02 -1.650216e+00 -9.842152e-01 5.894780e-03 -1.768777e-01 -3.789646e+01
-1.761941e-01 -9.594359e-03 9.843087e-01 1.296928e+02 8.407569e-03 9.999014e-01 1.125132e-02 -1.662040e+00 -9.843195e-01 1.025806e-02 -1.760960e-01 -3.804855e+01
-1.756138e-01 -7.202573e-03 9.844328e-01 1.305441e+02 7.690639e-03 9.999327e-01 8.687917e-03 -1.674408e+00 -9.844291e-01 9.096635e-03 -1.755466e-01 -3.819540e+01
-1.754087e-01 -6.024332e-03 9.844773e-01 1.313732e+02 -1.769779e-03 9.999816e-01 5.803878e-03 -1.677036e+00 -9.844941e-01 -7.242559e-04 -1.754162e-01 -3.832718e+01
-1.747591e-01 -4.821094e-03 9.845994e-01 1.322076e+02 -6.292112e-03 9.999731e-01 3.779568e-03 -1.684981e+00 -9.845911e-01 -5.534696e-03 -1.747847e-01 -3.846267e+01
-1.748032e-01 -1.687157e-03 9.846019e-01 1.330418e+02 -5.594036e-03 9.999841e-01 7.203672e-04 -1.702788e+00 -9.845875e-01 -5.381976e-03 -1.748099e-01 -3.860535e+01
-1.740011e-01 -1.117880e-03 9.847448e-01 1.338724e+02 -3.421601e-03 9.999940e-01 5.306054e-04 -1.719729e+00 -9.847395e-01 -3.277078e-03 -1.740038e-01 -3.875020e+01
-1.724375e-01 3.658504e-05 9.850205e-01 1.347025e+02 -3.389506e-03 9.999941e-01 -6.305076e-04 -1.736829e+00 -9.850146e-01 -3.447456e-03 -1.724364e-01 -3.888923e+01
-1.704389e-01 -1.030536e-03 9.853677e-01 1.355307e+02 2.252195e-03 9.999964e-01 1.435398e-03 -1.747023e+00 -9.853657e-01 2.463887e-03 -1.704360e-01 -3.903779e+01
-1.675465e-01 -4.331650e-03 9.858547e-01 1.363536e+02 8.938433e-03 9.999426e-01 5.912641e-03 -1.768952e+00 -9.858236e-01 9.802638e-03 -1.674982e-01 -3.918108e+01
-1.654497e-01 -9.672601e-03 9.861708e-01 1.371551e+02 1.300679e-02 9.998435e-01 1.198885e-02 -1.779901e+00 -9.861325e-01 1.481047e-02 -1.652980e-01 -3.932577e+01
-1.616721e-01 -1.068842e-02 9.867867e-01 1.379824e+02 1.534869e-02 9.997932e-01 1.334399e-02 -1.789477e+00 -9.867252e-01 1.730323e-02 -1.614746e-01 -3.945837e+01
-1.567832e-01 -6.595168e-03 9.876110e-01 1.387846e+02 1.305274e-02 9.998765e-01 8.749197e-03 -1.809631e+00 -9.875468e-01 1.426276e-02 -1.566777e-01 -3.957937e+01
-1.503582e-01 -3.342794e-03 9.886259e-01 1.395752e+02 1.599380e-02 9.998552e-01 5.813229e-03 -1.816248e+00 -9.885022e-01 1.668595e-02 -1.502829e-01 -3.969808e+01
-1.423016e-01 -3.017837e-03 9.898187e-01 1.403779e+02 1.250487e-02 9.999101e-01 4.846371e-03 -1.824630e+00 -9.897443e-01 1.306720e-02 -1.422511e-01 -3.980477e+01
-1.325863e-01 -6.776886e-03 9.911483e-01 1.411851e+02 1.770672e-02 9.998009e-01 9.204681e-03 -1.831813e+00 -9.910133e-01 1.877040e-02 -1.324399e-01 -3.991205e+01
-1.208946e-01 -8.933052e-03 9.926252e-01 1.419859e+02 2.430389e-02 9.996331e-01 1.195616e-02 -1.847231e+00 -9.923678e-01 2.557009e-02 -1.206331e-01 -4.001038e+01
-1.073576e-01 -6.526190e-03 9.941991e-01 1.427584e+02 2.670147e-02 9.995988e-01 9.444966e-03 -1.852587e+00 -9.938619e-01 2.756056e-02 -1.071403e-01 -4.009386e+01
-9.304015e-02 -5.318521e-03 9.956482e-01 1.435517e+02 2.731922e-02 9.995956e-01 7.892501e-03 -1.859406e+00 -9.952875e-01 2.793465e-02 -9.285722e-02 -4.016275e+01
-7.935782e-02 -5.831144e-03 9.968291e-01 1.443366e+02 2.926352e-02 9.995383e-01 8.176668e-03 -1.868884e+00 -9.964166e-01 2.981962e-02 -7.915054e-02 -4.022069e+01
-6.587687e-02 -4.505990e-03 9.978176e-01 1.451160e+02 3.249033e-02 9.994499e-01 6.658403e-03 -1.880371e+00 -9.972987e-01 3.285805e-02 -6.569423e-02 -4.026951e+01
-5.195263e-02 1.210943e-03 9.986488e-01 1.458982e+02 2.967925e-02 9.995594e-01 3.319543e-04 -1.903944e+00 -9.982084e-01 2.965640e-02 -5.196568e-02 -4.030033e+01
-3.900146e-02 1.052691e-02 9.991837e-01 1.466596e+02 2.285420e-02 9.996923e-01 -9.640190e-03 -1.920693e+00 -9.989778e-01 2.245957e-02 -3.923004e-02 -4.031242e+01
-2.525982e-02 1.915838e-02 9.994973e-01 1.474263e+02 1.689795e-02 9.996817e-01 -1.873486e-02 -1.941779e+00 -9.995381e-01 1.641622e-02 -2.557552e-02 -4.031563e+01
-1.180319e-02 2.021874e-02 9.997259e-01 1.482009e+02 1.739736e-02 9.996484e-01 -2.001177e-02 -1.965067e+00 -9.997790e-01 1.715639e-02 -1.215079e-02 -4.031948e+01
-3.543029e-05 1.603915e-02 9.998714e-01 1.489725e+02 1.581605e-02 9.997463e-01 -1.603659e-02 -1.995113e+00 -9.998749e-01 1.581345e-02 -2.890974e-04 -4.030773e+01
1.088682e-02 1.344951e-02 9.998503e-01 1.497327e+02 1.390264e-02 9.998109e-01 -1.360036e-02 -2.023089e+00 -9.998441e-01 1.404862e-02 1.069778e-02 -4.028670e+01
1.999724e-02 1.952208e-02 9.996094e-01 1.504846e+02 9.244468e-03 9.997630e-01 -1.971001e-02 -2.058362e+00 -9.997573e-01 9.635003e-03 1.981203e-02 -4.025744e+01
2.676907e-02 2.857427e-02 9.992332e-01 1.512342e+02 2.950727e-03 9.995848e-01 -2.866338e-02 -2.081858e+00 -9.996373e-01 3.715756e-03 2.667364e-02 -4.022690e+01
3.017142e-02 3.179121e-02 9.990390e-01 1.519860e+02 -1.481241e-04 9.994942e-01 -3.180122e-02 -2.109886e+00 -9.995447e-01 8.115062e-04 3.016087e-02 -4.019563e+01
3.006908e-02 2.729179e-02 9.991752e-01 1.527421e+02 -1.657364e-03 9.996272e-01 -2.725426e-02 -2.140284e+00 -9.995464e-01 -8.364864e-04 3.010310e-02 -4.016516e+01
2.867878e-02 2.151282e-02 9.993572e-01 1.534981e+02 2.451505e-03 9.997639e-01 -2.159193e-02 -2.186524e+00 -9.995857e-01 3.069159e-03 2.861927e-02 -4.014213e+01
2.577935e-02 1.915324e-02 9.994842e-01 1.542482e+02 3.297354e-03 9.998094e-01 -1.924452e-02 -2.210030e+00 -9.996622e-01 3.791764e-03 2.571128e-02 -4.012196e+01
2.282873e-02 1.913795e-02 9.995562e-01 1.549935e+02 4.777077e-03 9.998033e-01 -1.925179e-02 -2.237786e+00 -9.997280e-01 5.214451e-03 2.273282e-02 -4.010388e+01
1.917589e-02 1.909800e-02 9.996337e-01 1.557344e+02 6.641380e-03 9.997931e-01 -1.922845e-02 -2.267781e+00 -9.997941e-01 7.007670e-03 1.904508e-02 -4.009030e+01
1.448106e-02 1.731598e-02 9.997452e-01 1.564780e+02 6.039974e-03 9.998303e-01 -1.740494e-02 -2.297618e+00 -9.998769e-01 6.290477e-03 1.437401e-02 -4.007604e+01
9.157251e-03 1.722305e-02 9.998097e-01 1.572125e+02 4.234982e-03 9.998420e-01 -1.726240e-02 -2.322100e+00 -9.999491e-01 4.392252e-03 9.082865e-03 -4.006557e+01
3.329620e-03 1.532750e-02 9.998770e-01 1.579505e+02 3.569436e-03 9.998760e-01 -1.533938e-02 -2.344280e+00 -9.999881e-01 3.620071e-03 3.274497e-03 -4.005847e+01
-2.579498e-03 1.262431e-02 9.999170e-01 1.586881e+02 5.312601e-03 9.999064e-01 -1.261047e-02 -2.370329e+00 -9.999826e-01 5.279631e-03 -2.646324e-03 -4.006152e+01
-7.965346e-03 1.214105e-02 9.998946e-01 1.594098e+02 4.581170e-03 9.999162e-01 -1.210482e-02 -2.394480e+00 -9.999578e-01 4.484268e-03 -8.020299e-03 -4.006428e+01
-1.332761e-02 1.327958e-02 9.998230e-01 1.601421e+02 3.175532e-03 9.999073e-01 -1.323837e-02 -2.416376e+00 -9.999061e-01 2.998534e-03 -1.336855e-02 -4.006822e+01
-1.748383e-02 1.540777e-02 9.997284e-01 1.608578e+02 1.941287e-03 9.998799e-01 -1.537616e-02 -2.442646e+00 -9.998453e-01 1.671926e-03 -1.751164e-02 -4.007451e+01
-2.017377e-02 1.730949e-02 9.996466e-01 1.615748e+02 1.482252e-03 9.998495e-01 -1.728309e-02 -2.470819e+00 -9.997954e-01 1.133063e-03 -2.019639e-02 -4.008535e+01
-2.184638e-02 1.875691e-02 9.995854e-01 1.622800e+02 3.306769e-03 9.998199e-01 -1.868903e-02 -2.497363e+00 -9.997559e-01 2.897110e-03 -2.190447e-02 -4.010071e+01
-2.138862e-02 1.698312e-02 9.996270e-01 1.629938e+02 6.849398e-03 9.998347e-01 -1.684010e-02 -2.520443e+00 -9.997478e-01 6.486657e-03 -2.150140e-02 -4.011934e+01
-1.783284e-02 1.313276e-02 9.997547e-01 1.636993e+02 1.050115e-02 9.998610e-01 -1.294684e-02 -2.542480e+00 -9.997858e-01 1.026770e-02 -1.796827e-02 -4.013315e+01
-1.055217e-02 1.245252e-02 9.998668e-01 1.644058e+02 1.188941e-02 9.998533e-01 -1.232688e-02 -2.570652e+00 -9.998736e-01 1.175775e-02 -1.069868e-02 -4.013828e+01
2.375697e-04 1.331906e-02 9.999113e-01 1.651087e+02 1.485038e-02 9.998010e-01 -1.332112e-02 -2.596877e+00 -9.998897e-01 1.485223e-02 3.972937e-05 -4.013585e+01
1.425391e-02 1.336772e-02 9.998090e-01 1.657854e+02 1.859212e-02 9.997342e-01 -1.363178e-02 -2.617146e+00 -9.997255e-01 1.878288e-02 1.400159e-02 -4.012354e+01
2.954116e-02 1.107905e-02 9.995022e-01 1.664717e+02 1.822942e-02 9.997663e-01 -1.162076e-02 -2.635733e+00 -9.993973e-01 1.856363e-02 2.933229e-02 -4.009566e+01
4.565597e-02 6.143199e-03 9.989383e-01 1.671716e+02 1.359658e-02 9.998846e-01 -6.770444e-03 -2.656946e+00 -9.988647e-01 1.389126e-02 4.556718e-02 -4.004505e+01
6.197311e-02 -4.711500e-04 9.980777e-01 1.678367e+02 1.289713e-02 9.999168e-01 -3.287967e-04 -2.672364e+00 -9.979945e-01 1.289272e-02 6.197402e-02 -3.999287e+01
7.889911e-02 -7.882281e-03 9.968514e-01 1.685086e+02 1.320978e-02 9.998892e-01 6.860769e-03 -2.683951e+00 -9.967951e-01 1.262688e-02 7.899449e-02 -3.993164e+01
9.641608e-02 -1.582391e-02 9.952153e-01 1.691915e+02 1.386677e-02 9.997979e-01 1.455336e-02 -2.692183e+00 -9.952445e-01 1.239725e-02 9.661602e-02 -3.985506e+01
1.137513e-01 -2.185194e-02 9.932689e-01 1.698398e+02 1.243351e-02 9.997111e-01 2.056975e-02 -2.698577e+00 -9.934314e-01 1.000998e-02 1.139902e-01 -3.976834e+01
1.315162e-01 -2.429463e-02 9.910163e-01 1.705027e+02 1.254928e-02 9.996603e-01 2.284115e-02 -2.704764e+00 -9.912346e-01 9.432564e-03 1.317764e-01 -3.966887e+01
1.493089e-01 -2.543193e-02 9.884635e-01 1.711335e+02 1.328058e-02 9.996306e-01 2.371320e-02 -2.705974e+00 -9.887014e-01 9.586780e-03 1.495915e-01 -3.956437e+01
1.668097e-01 -2.618260e-02 9.856414e-01 1.717713e+02 1.259648e-02 9.996224e-01 2.442216e-02 -2.703637e+00 -9.859086e-01 8.341760e-03 1.670765e-01 -3.944376e+01
1.831416e-01 -2.683227e-02 9.827203e-01 1.724163e+02 8.428979e-03 9.996336e-01 2.572323e-02 -2.699384e+00 -9.830504e-01 3.572335e-03 1.833006e-01 -3.930834e+01
1.973164e-01 -3.054064e-02 9.798640e-01 1.730275e+02 6.066023e-03 9.995335e-01 2.993218e-02 -2.693180e+00 -9.803211e-01 3.776670e-05 1.974096e-01 -3.916706e+01
2.094373e-01 -3.491436e-02 9.771985e-01 1.736509e+02 1.094566e-02 9.993834e-01 3.336108e-02 -2.686604e+00 -9.777608e-01 3.709026e-03 2.096904e-01 -3.903003e+01
2.200463e-01 -3.658352e-02 9.748032e-01 1.742805e+02 1.378290e-02 9.993134e-01 3.439209e-02 -2.683212e+00 -9.753921e-01 5.867765e-03 2.203994e-01 -3.888594e+01
2.299110e-01 -3.290329e-02 9.726553e-01 1.748755e+02 1.054215e-02 9.994539e-01 3.131795e-02 -2.679187e+00 -9.731546e-01 3.053535e-03 2.301323e-01 -3.873048e+01
2.389934e-01 -2.628503e-02 9.706654e-01 1.754744e+02 6.717175e-03 9.996544e-01 2.541616e-02 -2.677290e+00 -9.709979e-01 4.458345e-04 2.390874e-01 -3.856826e+01
2.481226e-01 -1.625443e-02 9.685923e-01 1.760502e+02 7.091440e-03 9.998629e-01 1.496260e-02 -2.673954e+00 -9.687027e-01 3.156155e-03 2.482039e-01 -3.841097e+01
2.561317e-01 -9.830771e-03 9.665919e-01 1.766340e+02 1.272123e-02 9.998960e-01 6.798565e-03 -2.667752e+00 -9.665582e-01 1.055491e-02 2.562301e-01 -3.825786e+01
2.625940e-01 -1.141460e-02 9.648389e-01 1.772420e+02 1.367469e-02 9.998736e-01 8.107330e-03 -2.664523e+00 -9.648095e-01 1.106494e-02 2.627169e-01 -3.809026e+01
2.685228e-01 -1.884860e-02 9.630889e-01 1.778389e+02 1.109178e-02 9.998028e-01 1.647458e-02 -2.660618e+00 -9.632095e-01 6.258568e-03 2.686789e-01 -3.791088e+01
2.730211e-01 -2.911043e-02 9.615675e-01 1.784466e+02 7.257855e-03 9.995759e-01 2.820035e-02 -2.663165e+00 -9.619807e-01 -7.203741e-04 2.731166e-01 -3.772816e+01
2.750732e-01 -3.772374e-02 9.606829e-01 1.790519e+02 6.548434e-03 9.992803e-01 3.736435e-02 -2.662552e+00 -9.614010e-01 -3.986961e-03 2.751222e-01 -3.754910e+01
2.759387e-01 -3.891911e-02 9.603870e-01 1.796581e+02 9.665402e-03 9.992417e-01 3.771661e-02 -2.661927e+00 -9.611267e-01 -1.124946e-03 2.761056e-01 -3.737545e+01
