1 0 0 0 0 1 0 0 0 0 1 0
-0.151455 0.0219352 -0.988225 0.0201839 0.026381 0.99949 0.0181429 -0.123746 0.988114 -0.0233219 -0.151961 0.18485
-0.924707 0.0400775 0.378551 -0.121633 0.0356799 0.999187 -0.0186297 -0.249472 -0.378996 -0.00371969 -0.925388 0.429749
0.464957 0.0143643 0.885222 -0.36236 0.000586521 0.999867 -0.0165342 -0.335019 -0.88534 0.00820745 0.464896 0.209609
0.786802 0.00250557 -0.617183 -0.104582 0.00365923 0.999953 0.00872599 -0.453247 0.61719 -0.00912346 0.786763 -0.162711
-0.757762 0.0171124 -0.652304 0.274931 0.0223414 0.999753 0.000275784 -0.557428 0.65215 -0.0143638 -0.757972 0.124291
-0.498415 0.0125562 0.866835 0.0952446 0.0110062 0.999905 -0.00815686 -0.664656 -0.866873 0.00547624 -0.498507 0.310522
0.9472 0.00105365 0.320619 -0.201865 -0.00229721 0.999985 0.00349697 -0.760892 -0.320609 -0.00404754 0.947215 0.0300282
0.126534 0.0109677 -0.991887 0.137246 0.00977516 0.999867 0.0123033 -0.873324 0.991917 -0.0112514 0.126403 -0.268041
-0.996628 0.00897935 0.0815708 0.417009 0.00943494 0.999944 0.00519437 -0.949897 -0.0815286 0.00594757 -0.996663 0.180076
0.35098 0.00884081 0.936336 -0.580013 0.0169059 0.99973 -0.0157786 -1.14728 -0.936219 0.0213695 0.350756 0.443118
0.89379 -0.00255595 -0.448493 -0.603055 -0.00640778 0.999813 -0.0184646 -1.29378 0.448478 0.0193802 0.893588 -0.127032
-0.609948 -0.00217594 -0.792438 0.0522919 -0.0111359 0.999921 0.00582527 -1.41334 0.792339 0.0123805 -0.609954 0.0179892
-0.651391 0.00172506 0.758746 -0.240411 0.0090283 0.999948 0.00547813 -1.50812 -0.758725 0.0104205 -0.651338 0.623284
0.88153 0.00811391 0.472041 -0.891253 0.00247686 0.999763 -0.0218121 -1.59559 -0.472062 0.020399 0.881333 0.117068
0.27375 0.000912229 -0.961799 -0.262004 -0.0237667 0.999711 -0.00581495 -1.65788 0.961537 0.0244519 0.273638 -0.347532
-0.998745 -0.00246541 -0.0497376 0.102128 -0.00288435 0.999969 0.00838757 -1.76247 0.0496592 0.00852177 -0.998746 0.47868
-0.313118 -0.149787 0.937807 -1.08452 -0.10648 0.986802 0.12206 -1.05537 -0.943769 -0.0616461 -0.324886 2.03612
-0.070082 -0.182023 0.980777 -1.39894 -0.019838 0.98328 0.181069 -1.04999 -0.997363 -0.00677651 -0.072454 2.92571
-0.0672138 -0.183126 0.98077 -1.37998 -0.0200629 0.98307 0.182179 -1.05302 -0.997566 -0.00743988 -0.0696892 2.95067
-0.0665031 -0.185048 0.980461 -0.0266575 -0.0196239 0.982713 0.184141 -0.808203 -0.99761 -0.00700423 -0.068918 2.85617
-0.914358 0.171302 0.366862 -1.41067 0.135275 -0.7248 0.67556 -1.58612 0.381579 0.667349 0.639584 2.14692
0.246687 -0.136374 0.959441 -3.67497 -0.824581 0.490591 0.281744 -2.46321 -0.509105 -0.860667 0.00862297 2.16101
-0.955492 -0.134914 0.262376 -3.83025 0.294154 -0.366711 0.882606 -3.10773 -0.0229176 0.920508 0.390075 1.61551
-0.187073 0.0489739 0.98113 -4.66756 -0.944367 0.265987 -0.193354 -0.720948 -0.270433 -0.962734 -0.00345445 3.93246
-0.709631 -0.0842016 0.699539 -2.07992 0.6826 -0.328279 0.652894 -4.35079 0.174621 0.94083 0.290452 0.94549
0.416372 0.231444 0.879255 -5.91971 -0.865357 0.3975 0.305139 0.856955 -0.278844 -0.887924 0.365834 5.51231
-0.580239 -0.226987 0.782195 1.7724 0.767979 -0.472272 0.432608 -6.18547 0.271167 0.851727 0.448374 1.95974
0.516466 0.275686 0.810733 -3.90805 -0.84219 0.334701 0.422673 3.87688 -0.154787 -0.901081 0.405074 5.8623
-0.354206 -0.356519 0.864559 2.40968 0.935098 -0.123601 0.33211 -5.51998 -0.0115836 0.92607 0.377183 5.19263
0.187679 0.429439 0.883399 0.268531 -0.922794 -0.230982 0.308316 6.33648 0.336479 -0.873029 0.352965 3.96507
0.112454 -0.384976 0.916068 1.951 0.712153 0.674133 0.195857 -3.03458 -0.692965 0.630322 0.349995 10.4501
-0.275129 0.276667 0.920758 5.58003 -0.0648837 -0.960842 0.269308 2.16347 0.959196 0.0143949 0.282339 0.96002
0.453109 0.0629673 0.889248 2.31746 -0.641576 0.715591 0.276208 5.96682 -0.618902 -0.695688 0.364661 11.2083
-0.166147 -0.360596 0.917826 7.63889 0.976734 0.0676749 0.203379 -3.75422 -0.135484 0.930236 0.341004 8.39143
-0.138055 0.390956 0.910013 8.67749 -0.486736 -0.826965 0.28141 6.02462 0.862575 -0.404046 0.304489 2.59925
0.369925 -0.062964 0.926949 6.89396 -0.469518 0.848226 0.24498 5.9568 -0.801649 -0.525866 0.284257 13.3828
-0.282655 -0.263693 0.922283 12.3225 0.959138 -0.089927 0.268216 -2.20905 0.0121662 0.960396 0.278364 8.1693
-0.145247 0.385928 0.91105 12.5444 -0.567233 -0.786896 0.242885 7.93537 0.810633 -0.481445 0.333245 3.80045
0.390957 -0.0698741 0.917774 10.7489 -0.374839 0.898585 0.228057 6.61074 -0.840595 -0.433198 0.32515 14.4468
-0.300083 -0.303824 0.904263 16.5156 0.953803 -0.108559 0.28003 -1.11427 0.0130571 0.946495 0.322412 9.01348
-0.148693 0.404325 0.90247 16.5628 -0.546828 -0.793972 0.265599 8.92531 0.823927 -0.453972 0.339191 5.04636
0.448644 -0.0475738 0.892471 14.1006 -0.531925 0.788193 0.309414 8.86868 -0.718124 -0.613565 0.328356 15.2209
-0.191297 -0.449835 0.872409 19.463 0.938271 0.177092 0.297044 0.256205 -0.288161 0.875354 0.38822 12.8112
-0.367688 0.414731 0.832378 21.5824 -0.23475 -0.90743 0.348431 8.1971 0.899809 -0.067226 0.43105 6.29964
0.490946 0.22626 0.841321 17.4096 -0.757981 0.586958 0.284448 11.5638 -0.429399 -0.777354 0.459699 15.3696
-0.019575 -0.52035 0.853759 21.8639 0.842156 0.451622 0.294559 2.12276 -0.538862 0.724703 0.429423 16.2766
-0.473094 0.267289 0.839519 25.6503 0.0211825 -0.949136 0.314112 7.98669 0.880732 0.16642 0.4434 8.23108
0.458257 0.287453 0.84109 20.9898 -0.851858 0.412012 0.323313 13.5109 -0.253555 -0.864625 0.433716 16.0581
0.0217746 -0.542001 0.840134 25.0911 0.768007 0.547027 0.332995 3.88214 -0.640073 0.637927 0.428198 18.6454
-0.497531 0.265951 0.825709 29.1619 0.0723739 -0.935771 0.345015 9.14807 0.864386 0.231462 0.446369 9.92483
0.47772 0.274978 0.834404 24.3387 -0.84569 0.4011 0.35199 14.8751 -0.237822 -0.873783 0.424195 17.7551
-0.000353406 -0.570029 0.821659 28.9476 0.772613 0.521456 0.362093 5.31023 -0.634867 0.63488 0.440277 20.3648
-0.568699 0.229528 0.789914 33.5905 0.121592 -0.92627 0.356676 10.336 0.813478 0.298912 0.498888 11.9614
0.35494 0.467998 0.809364 28.8361 -0.93399 0.21504 0.285249 17.3374 -0.0405144 -0.857132 0.513475 18.1748
0.269839 -0.486024 0.831291 30.615 0.500905 0.808105 0.309861 8.61715 -0.822351 0.332742 0.461541 23.6275
-0.59936 -0.064645 0.797909 37.0803 0.541253 -0.76703 0.344434 9.00345 0.589703 0.638319 0.494763 15.2939
0.19815 0.515219 0.833876 33.5059 -0.935099 -0.155574 0.318329 18.8642 0.293778 -0.842797 0.450995 18.354
0.338789 -0.392302 0.85521 34.0377 0.204259 0.917885 0.340153 11.9316 -0.9184 0.0593848 0.391153 26.4694
-0.530574 -0.136611 0.836594 40.5404 0.715625 -0.601103 0.3557 9.58194 0.454216 0.787409 0.416728 18.2626
-0.0321329 0.572682 0.819191 38.544 -0.838821 -0.46105 0.289413 19.826 0.543429 -0.677778 0.495243 18.244
0.468155 -0.152524 0.870422 36.6184 -0.148036 0.95752 0.247392 15.8798 -0.871126 -0.244688 0.425735 27.7911
-0.372988 -0.364662 0.853215 42.9291 0.927498 -0.170329 0.332662 9.52837 0.0239918 0.915395 0.401815 22.6375
-0.167404 0.470221 0.866564 42.8408 -0.537245 -0.780445 0.319702 19.2428 0.826633 -0.412009 0.383325 18.1735
0.450347 -0.224386 0.864239 40.1002 -0.13874 0.938527 0.315988 17.2041 -0.881973 -0.262237 0.391593 29.4499
-0.45221 -0.143581 0.880317 46.9895 0.751665 -0.59259 0.289472 11.9313 0.480061 0.792585 0.375951 21.3525
0.257011 0.41405 0.873265 43.6846 -0.946859 -0.0727767 0.313191 23.0604 0.193236 -0.90731 0.373401 23.6581
0.119971 -0.472905 0.872951 45.7555 0.633883 0.713151 0.299231 13.428 -0.764054 0.517418 0.385369 30.2242
-0.391196 0.285234 0.875039 50.164 0.0340252 -0.945591 0.323465 17.7533 0.919647 0.156349 0.360264 19.9898
0.512979 -0.0133809 0.858342 45.5019 -0.569056 0.743269 0.351673 22.0621 -0.642632 -0.66884 0.373716 30.4776
-0.471672 -0.178021 0.863667 53.0868 0.821556 -0.444339 0.357105 13.5362 0.320145 0.877972 0.3559 24.774
0.561114 0.115057 0.819752 47.6027 -0.763088 0.455552 0.458377 23.1012 -0.320649 -0.882728 0.343467 30.956
-0.463428 -0.140868 0.874918 55.4718 0.814065 -0.45758 0.357534 14.7197 0.349936 0.877919 0.326804 25.5498
0.645202 0.11368 0.755563 49.2848 -0.719742 0.422146 0.551079 23.9257 -0.25625 -0.899357 0.354245 31.4607
-0.540752 -0.168357 0.824221 58.5773 0.781223 -0.46369 0.417835 15.2864 0.311785 0.869834 0.38234 26.6622
0.701444 0.109097 0.704393 50.5267 -0.665501 0.454011 0.592365 24.7692 -0.255106 -0.884279 0.391122 32.4572
-0.481931 -0.146823 0.863881 59.4573 0.793848 -0.490347 0.359521 15.6307 0.370764 0.859053 0.352955 26.635
0.727862 0.114026 0.676248 50.7741 -0.626833 0.510467 0.588556 24.6605 -0.278015 -0.852287 0.443083 32.6979
-0.355821 -0.187289 0.915657 58.5175 0.810105 -0.550177 0.202251 14.8777 0.465849 0.813749 0.347589 25.6439
0.816886 0.103281 0.567577 48.7531 -0.517686 0.56526 0.642143 23.5394 -0.254413 -0.818404 0.515268 31.7944
-0.231912 -0.173098 0.957285 56.0714 0.827681 -0.551954 0.100666 12.6268 0.510908 0.815688 0.271385 23.5562
0.749426 0.0239423 0.661755 47.3542 -0.530541 0.61961 0.578314 21.4671 -0.396091 -0.784532 0.477113 31.2337
-0.107339 -0.117492 0.987336 52.4192 0.678695 -0.734171 -0.0136492 11.9406 0.726445 0.668672 0.158664 20.5451
0.86659 -0.135685 0.480386 41.2884 -0.297989 0.631462 0.715724 17.8662 -0.400354 -0.763459 0.506808 29.3088
-0.199628 0.0778151 0.976875 48.3689 0.663233 -0.722946 0.193034 9.44657 0.721195 0.686499 0.0928138 18.0489
0.527448 -0.0751527 0.846358 43.2162 -0.565616 0.712142 0.415598 18.4159 -0.633879 -0.697991 0.333185 30.1002
-0.418297 -0.0651101 0.906088 51.9192 0.652682 -0.715107 0.249815 9.68906 0.631603 0.695936 0.341723 19.4057
0.0686131 0.119336 0.990562 52.8937 -0.709619 0.703532 -0.0357078 19.4056 -0.701118 -0.700524 0.133079 31.7477
-0.323079 -0.130783 0.937401 60.2951 0.69354 -0.706458 0.140362 10.3786 0.643802 0.695521 0.319064 21.8343
0.0438718 0.170601 0.984442 61.8737 -0.766352 0.63769 -0.0764599 20.7022 -0.640776 -0.751125 0.158852 33.746
-0.279312 -0.171434 0.944877 68.8243 0.767737 -0.630651 0.11242 10.8409 0.576537 0.75686 0.307896 24.9963
