1 0 0 0 0 1 0 0 0 0 1 0
1 -0.000194132 -1.17853e-05 -0.00953315 0.000194197 0.999999 0.00119493 -0.0133502 1.15197e-05 -0.00119498 0.999999 1.31021
1 0.000242564 0.000762454 -0.0174269 -0.000244516 0.999997 0.00257132 -0.0605957 -0.000761743 -0.00257146 0.999997 2.61396
0.999999 -0.000507345 -0.000515387 -0.0204446 0.00050873 0.999997 0.00263557 -0.0966158 0.000514015 -0.00263592 0.999996 3.98199
1 -0.000266143 0.000779206 -0.0248502 0.000263589 0.999996 0.00315112 -0.108402 -0.00077981 -0.00315086 0.999995 5.29632
0.999999 4.96435e-05 -0.000679043 -0.0361622 -4.60151e-05 0.999986 0.00530679 -0.112628 0.000679274 -0.0053069 0.999985 6.64291
1 -0.000316384 -0.000460632 -0.0362559 0.00031976 0.999972 0.00755212 -0.130449 0.000458426 -0.0075522 0.999972 7.97581
1 0.00050162 0.000383433 -0.0447488 -0.000504923 0.999964 0.00853897 -0.132105 -0.000379135 -0.00853913 0.999963 9.30124
1 0.000849299 -0.00111186 -0.0548423 -0.000839294 0.99996 0.00900903 -0.125735 0.0011198 -0.0090081 0.999961 10.6346
0.999999 0.00158826 7.84303e-05 -0.0613441 -0.00158902 0.999958 0.00905665 -0.110531 -6.39168e-05 -0.00905665 0.999959 11.9525
0.999994 0.0039335 -0.000714681 -0.0742841 -0.00392795 0.999965 0.0076102 -0.11031 0.000745079 -0.00760758 0.999973 13.2997
0.999993 0.00404115 -0.000598095 -0.0827813 -0.00403624 0.999959 0.00831031 -0.107238 0.000631925 -0.00830767 0.999966 14.64
0.999994 0.00420292 5.45611e-05 -0.099813 -0.00420322 0.999951 0.00917662 -0.110615 -1.54942e-05 -0.00917702 0.99996 15.9859
0.999995 0.00364824 -0.000558465 -0.102759 -0.00364208 0.999933 0.0111252 -0.112325 0.000599409 -0.0111229 0.999939 17.3445
1 -0.00048448 0.000373382 -0.112187 0.000479815 0.999923 0.0125907 -0.125569 -0.000378894 -0.0125908 0.999924 18.7079
0.999998 -0.00254352 -0.00105414 -0.115688 0.00255531 0.999932 0.0115636 -0.135202 0.00102512 -0.0115663 0.999934 20.0691
0.999998 -0.00332211 0.000129081 -0.115572 0.00332079 0.99995 0.00966791 -0.126308 -0.000160529 -0.00966759 0.999957 21.4121
1 -0.0013879 -0.000331304 -0.120034 0.00139094 0.999953 0.00976473 -0.143115 0.000318271 -0.00976524 0.999954 22.7833
1 0.000764649 0.000347428 -0.128748 -0.00076816 0.999945 0.0106083 -0.12814 -0.000338602 -0.0106087 0.999947 24.1508
1 0.000918485 0.00183473 -0.143209 -0.000945762 0.999892 0.014855 -0.144458 -0.0018201 -0.0148568 0.999891 25.5132
1 -0.00150496 0.00115762 -0.132985 0.00148714 0.999882 0.0153199 -0.155344 -0.00117984 -0.0153183 0.999886 26.881
0.999991 -0.00455867 0.00131671 -0.112797 0.00453879 0.999886 0.0145957 -0.162876 -0.0013823 -0.0145898 0.999895 28.2442
0.999989 -0.00565638 0.000370179 -0.109349 0.00565104 0.999902 0.0128882 -0.11137 -0.00044236 -0.0128862 0.999921 29.6082
0.999987 -0.00542796 0.00157934 -0.121753 0.00541016 0.999928 0.0109587 -0.146563 -0.00163784 -0.0109502 0.999941 30.9621
1 -0.00193107 0.00116868 -0.143216 0.00192099 0.999964 0.00842691 -0.175842 -0.00118395 -0.00842492 0.999968 32.3416
1 -0.00161996 0.00191081 -0.14779 0.00160655 0.999977 0.00697178 -0.155854 -0.00192115 -0.00696883 0.999977 33.7122
1 -0.00131012 0.00310402 -0.156165 0.00128602 0.999972 0.00768683 -0.156939 -0.00311304 -0.00768311 0.999972 35.0881
1 -0.00129446 0.00176776 -0.155405 0.00127661 0.999952 0.00993575 -0.164788 -0.00177963 -0.00993366 0.999953 36.4981
1 -0.00113406 0.00166083 -0.161958 0.00111521 0.999939 0.0111951 -0.162935 -0.00167241 -0.0111934 0.999942 37.8907
1.00001 -0.000172992 0.000699729 -0.168314 0.000164655 0.999936 0.0114288 -0.155046 -0.000700796 -0.0114289 0.99994 39.2813
1 0.0016362 0.00115932 -0.19314 -0.00164965 0.999934 0.0115462 -0.142775 -0.00113931 -0.0115482 0.999939 40.6591
1 0.00233052 0.00210938 -0.203065 -0.00235697 0.999922 0.012447 -0.134257 -0.00207931 -0.0124521 0.999927 42.0594
1 0.00298911 0.000917202 -0.205488 -0.00300117 0.999912 0.0131326 -0.135887 -0.000876907 -0.0131355 0.99992 43.4617
1 0.00281955 0.00161003 -0.209016 -0.00284112 0.99991 0.0133094 -0.132778 -0.00157158 -0.0133142 0.999917 44.8765
1 0.002963 -5.79583e-05 -0.217467 -0.00296223 0.999909 0.0133596 -0.123999 9.8415e-05 -0.0133595 0.999917 46.2813
1 0.00322048 -0.000185112 -0.219891 -0.00321796 0.999896 0.0143095 -0.119776 0.000232063 -0.014309 0.999905 47.702
1 0.00319597 -0.00234899 -0.229036 -0.00316142 0.999891 0.0147258 -0.111759 0.00239662 -0.0147186 0.999896 49.127
0.999996 0.00353474 -0.00362138 -0.239365 -0.00348213 0.999891 0.0146181 -0.0983639 0.0036734 -0.0146056 0.999895 50.5518
0.999997 0.00343817 -0.00360744 -0.250654 -0.00338339 0.999883 0.0152122 -0.0895017 0.00365993 -0.0152 0.999886 51.975
0.999993 0.00266562 -0.00510997 -0.257064 -0.00258711 0.999882 0.0154462 -0.0802975 0.00515127 -0.015433 0.999876 53.3906
0.999997 0.0020922 -0.00479826 -0.27286 -0.00201252 0.999864 0.016661 -0.0780383 0.00483301 -0.0166512 0.999859 54.8212
0.999986 0.00283752 -0.00636234 -0.287337 -0.00272578 0.999846 0.017626 -0.0806841 0.0064119 -0.0176085 0.999834 56.2509
0.999985 0.00239164 -0.00693398 -0.302847 -0.00226985 0.999847 0.0176227 -0.0701526 0.0069757 -0.0176066 0.99983 57.679
0.999994 0.00149912 -0.00576195 -0.317414 -0.00139885 0.99985 0.0175166 -0.0624395 0.00578793 -0.0175086 0.99984 59.1232
0.999991 0.000340297 -0.00661482 -0.3316 -0.000224453 0.99985 0.0176282 -0.0505879 0.00662049 -0.0176264 0.999833 60.5527
0.999997 -0.00101251 -0.00541518 -0.33785 0.00110817 0.999845 0.0178547 -0.0453144 0.00539688 -0.0178608 0.999836 61.9817
0.999995 -0.00320291 -0.00546768 -0.347985 0.00329781 0.999845 0.0176058 -0.0380353 0.00541112 -0.0176236 0.99984 63.4349
0.999995 -0.00352685 -0.00494416 -0.352067 0.0036109 0.999849 0.0173187 -0.0306793 0.00488303 -0.0173368 0.999849 64.8509
1 -0.0035456 -0.00357701 -0.367193 0.00360378 0.999859 0.0167558 -0.0200179 0.00351774 -0.0167685 0.999865 66.267
1 -0.00331721 -0.00371763 -0.385405 0.0033762 0.999867 0.0163481 -0.00373405 0.00366371 -0.016361 0.999871 67.678
1.00001 -0.00212315 -0.00231163 -0.397147 0.00216184 0.999851 0.0174773 0.00611515 0.00227486 -0.0174821 0.999858 69.1015
1.00001 0.000738366 -0.00245264 -0.419744 -0.000693205 0.999827 0.0190153 0.0132446 0.0024674 -0.0190143 0.999829 70.5097
1.00001 0.00447746 -0.000534182 -0.430991 -0.00446752 0.999799 0.0199616 0.0275311 0.000624396 -0.0199588 0.999817 71.9256
0.999962 0.0103851 -0.000554475 -0.446332 -0.0103739 0.999758 0.0198787 0.0554419 0.000762496 -0.0198726 0.999816 73.3325
0.999931 0.0133322 -3.36973e-05 -0.467556 -0.0133311 0.999732 0.0193466 0.0698372 0.000292804 -0.0193442 0.999828 74.7404
0.999924 0.0135144 0.00202651 -0.474179 -0.0135529 0.999733 0.0191877 0.094302 -0.00176477 -0.0192141 0.999829 76.1535
0.999923 0.0136693 0.00176859 -0.481722 -0.0137038 0.99972 0.0197534 0.103234 -0.00149671 -0.0197755 0.999819 77.565
0.999923 0.0135061 0.0024598 -0.490534 -0.0135537 0.999728 0.0194131 0.115731 -0.00219484 -0.0194452 0.999825 78.9419
0.999921 0.0136387 0.00304403 -0.50269 -0.013697 0.99973 0.0192121 0.122026 -0.00277983 -0.0192515 0.999827 80.3811
0.999921 0.0136721 0.00260963 -0.499238 -0.0137214 0.999737 0.0188523 0.137972 -0.00234898 -0.0188869 0.999835 81.77
0.999916 0.0140795 0.00286579 -0.501983 -0.0141325 0.999739 0.0184865 0.161986 -0.00260321 -0.0185245 0.999842 83.1467
0.999916 0.0142852 0.00185419 -0.501485 -0.0143184 0.999749 0.0177583 0.181457 -0.00159779 -0.0177836 0.999859 84.5372
0.999904 0.0150748 0.00252045 -0.50562 -0.0151201 0.999736 0.0179055 0.194938 -0.00224826 -0.0179409 0.999855 85.9295
0.999893 0.015932 0.000580511 -0.503856 -0.0159425 0.999722 0.0179332 0.223089 -0.00029232 -0.0179406 0.999858 87.3104
0.999924 0.0139348 0.000212718 -0.509496 -0.0139389 0.999742 0.0184914 0.209203 4.64224e-05 -0.0184919 0.999848 88.7137
0.999962 0.0108748 -0.000470127 -0.514692 -0.0108672 0.999782 0.0184121 0.215599 0.000672644 -0.0184064 0.99985 90.0811
0.999964 0.0106247 -0.0011892 -0.518802 -0.0106029 0.999775 0.0189195 0.219064 0.00139125 -0.0189051 0.999839 91.4125
0.999987 0.00830639 -0.00107041 -0.53155 -0.00828785 0.999801 0.018799 0.214793 0.00122893 -0.0187899 0.999842 92.7902
0.999987 0.00815681 -0.00187567 -0.537146 -0.00812318 0.999804 0.0186439 0.236237 0.00202876 -0.0186272 0.999844 94.1581
0.999989 0.00812465 -0.00128211 -0.547763 -0.00810327 0.999815 0.0180316 0.253492 0.00143091 -0.0180209 0.999857 95.5175
0.999993 0.00749038 -0.00155052 -0.561769 -0.00746526 0.999831 0.0174288 0.249733 0.00168255 -0.0174158 0.999868 96.9102
0.99999 0.00807454 -0.00117389 -0.57289 -0.00805617 0.999831 0.0172164 0.264471 0.00131543 -0.0172067 0.999872 98.2668
0.999991 0.00803107 -0.000264593 -0.58227 -0.00802859 0.999834 0.0170668 0.274316 0.000403565 -0.0170632 0.999875 99.6159
0.999996 0.00748223 -9.57126e-05 -0.589096 -0.00748271 0.999821 0.0181019 0.275103 0.000233954 -0.0181009 0.999858 100.974
0.999991 0.00808763 0.00105071 -0.607646 -0.00810963 0.999799 0.0189534 0.292855 -0.000894682 -0.0189604 0.999841 102.322
0.999994 0.0079237 0.000408855 -0.617707 -0.00793327 0.999805 0.0187859 0.297753 -0.00025712 -0.0187889 0.999847 103.672
0.999993 0.0080232 0.000674609 -0.627058 -0.00803749 0.999822 0.0177291 0.30886 -0.000529707 -0.0177329 0.999865 105.006
0.999995 0.00793113 0.000747726 -0.635782 -0.00794553 0.999842 0.0167016 0.30599 -0.000612044 -0.0167076 0.999884 106.34
1.00001 0.00568551 0.000224483 -0.635292 -0.00569212 0.999841 0.0176152 0.303661 -0.000121738 -0.017615 0.999868 107.698
1.00002 0.00344567 0.000835319 -0.635219 -0.00346398 0.999828 0.0189512 0.311597 -0.000766529 -0.0189545 0.999845 109.033
1.00002 0.00186019 0.00148186 -0.626527 -0.00189241 0.999818 0.0196716 0.306841 -0.00144216 -0.0196733 0.99983 110.397
1.00002 0.00100603 0.00312774 -0.635912 -0.00106746 0.999841 0.0186092 0.309199 -0.00310524 -0.0186129 0.999847 111.765
1.00001 0.00255397 0.0047729 -0.632054 -0.00263731 0.999869 0.016804 0.325269 -0.00472643 -0.0168152 0.999872 113.086
1 0.00448487 0.00580183 -0.637827 -0.00457913 0.999881 0.0157409 0.330017 -0.005727 -0.0157673 0.999886 114.444
0.999971 0.00604679 0.00872515 -0.641932 -0.006184 0.999877 0.0154005 0.331336 -0.00862797 -0.0154522 0.999869 115.787
0.999948 0.00769195 0.0101048 -0.635728 -0.0078714 0.999831 0.0174955 0.340298 -0.00996485 -0.017574 0.999823 117.157
0.999918 0.0089255 0.01193 -0.62816 -0.00915653 0.99979 0.0191752 0.363471 -0.0117533 -0.0192813 0.999773 118.475
0.999906 0.00898148 0.0128466 -0.617855 -0.00923588 0.999781 0.019617 0.367504 -0.0126639 -0.0197336 0.999753 119.852
0.99989 0.00921745 0.0139377 -0.606668 -0.00949052 0.999782 0.0194287 0.381918 -0.0137523 -0.0195571 0.999743 121.189
0.99985 0.0104392 0.0158533 -0.595784 -0.0107525 0.999765 0.0196036 0.39985 -0.0156411 -0.0197709 0.99971 122.517
0.999822 0.0121933 0.0163498 -0.589022 -0.0125045 0.999759 0.0188874 0.415993 -0.0161125 -0.0190867 0.999717 123.855
0.999778 0.0130593 0.0182804 -0.575185 -0.0134058 0.99975 0.0187993 0.437027 -0.0180265 -0.0190399 0.999685 125.167
0.999758 0.0142502 0.0184673 -0.563709 -0.0145936 0.99974 0.0184412 0.454344 -0.0181967 -0.0187045 0.999689 126.523
0.999736 0.0142519 0.0197125 -0.54898 -0.0146075 0.99975 0.0178682 0.464953 -0.019449 -0.0181511 0.999675 127.861
0.99972 0.012593 0.0214952 -0.525429 -0.0130309 0.999728 0.0202244 0.467603 -0.0212316 -0.0204971 0.999594 129.189
0.999704 0.0112013 0.0230476 -0.493671 -0.0116754 0.999741 0.0204033 0.486011 -0.0228094 -0.020666 0.999556 130.615
0.999704 0.00900808 0.0239219 -0.470837 -0.00951773 0.99975 0.0211611 0.484076 -0.0237222 -0.0213809 0.999521 131.921
0.9997 0.00777072 0.0245765 -0.432866 -0.00830776 0.999748 0.0216998 0.503293 -0.0243979 -0.0218972 0.999494 133.337
0.999724 0.00544696 0.024191 -0.406033 -0.00600107 0.999742 0.0227783 0.519958 -0.0240574 -0.0229155 0.99948 134.679
0.999806 0.00516808 0.0206438 -0.3865 -0.00563161 0.999754 0.0223095 0.530464 -0.0205198 -0.0224212 0.999569 136.006
0.999881 0.00382079 0.0169625 -0.369435 -0.00420513 0.999757 0.0224963 0.551857 -0.0168694 -0.0225633 0.999635 137.29
0.999888 0.00056904 0.0170176 -0.340744 -0.000969472 0.999746 0.0233484 0.573105 -0.0169964 -0.023362 0.999615 138.618
0.999918 -0.00147962 0.0151367 -0.336083 0.00111622 0.999737 0.0237866 0.561356 -0.0151649 -0.023766 0.999635 139.967
0.999939 -0.000877836 0.0138022 -0.324823 0.000560782 0.999761 0.022734 0.575651 -0.0138152 -0.0227244 0.99968 141.274
0.999958 -0.00125555 0.0124103 -0.31787 0.000969017 0.999759 0.0228277 0.594823 -0.012433 -0.0228129 0.999696 142.64
0.99997 -0.000800344 0.0114492 -0.304763 0.00054069 0.999769 0.0223941 0.625661 -0.0114609 -0.0223868 0.999719 143.975
0.999973 -0.00079756 0.0112972 -0.27758 0.000553051 0.999794 0.0213543 0.641423 -0.0113091 -0.0213455 0.999746 145.299
0.999961 -0.00746176 0.00981385 -0.26209 0.00724908 0.99977 0.0211901 0.633505 -0.00996614 -0.0211178 0.999764 146.666
0.999881 -0.0149018 0.00958316 -0.2386 0.0146629 0.999623 0.0241626 0.642341 -0.00993703 -0.0240173 0.999701 148.018
0.999772 -0.0216029 0.00805023 -0.2225 0.0213982 0.999499 0.0242678 0.638377 -0.00856714 -0.0240898 0.999711 149.42
0.999718 -0.0244019 0.00699201 -0.212241 0.0242243 0.999443 0.0239408 0.650208 -0.00756989 -0.0237627 0.99973 150.759
0.999743 -0.0231466 0.00778489 -0.20239 0.0229631 0.999509 0.0223804 0.678823 -0.00829604 -0.0221954 0.99976 152.116
0.999764 -0.0221835 0.00785997 -0.209741 0.0220103 0.999561 0.0209944 0.710453 -0.00832012 -0.0208144 0.999791 153.456
0.999774 -0.0213132 0.00906504 -0.202863 0.0211093 0.999568 0.0215875 0.722524 -0.00951827 -0.0213906 0.999769 154.811
0.999702 -0.0241527 0.00983024 -0.192869 0.0239066 0.999449 0.0240375 0.735681 -0.0104034 -0.0237932 0.999706 156.18
0.999559 -0.0292972 0.010411 -0.17411 0.0290122 0.999263 0.026133 0.738861 -0.0111659 -0.0258188 0.999649 157.535
0.999444 -0.0327171 0.0112636 -0.157434 0.0323936 0.999123 0.0274224 0.745165 -0.012149 -0.0270402 0.999605 158.855
0.999386 -0.0347543 0.0104987 -0.147202 0.034454 0.999065 0.0271316 0.760969 -0.011429 -0.0267525 0.999623 160.204
0.999365 -0.0347431 0.0123158 -0.141108 0.0343991 0.999073 0.0267742 0.790648 -0.0132326 -0.0263315 0.999611 161.552
0.99946 -0.0314995 0.0134708 -0.128549 0.0311417 0.999213 0.0256541 0.815422 -0.0142654 -0.02522 0.999627 162.951
0.999486 -0.0297862 0.015152 -0.117818 0.0294219 0.999318 0.0234352 0.838617 -0.0158376 -0.0229751 0.999658 164.296
0.999638 -0.0242621 0.0151824 -0.099808 0.023899 0.999469 0.0233501 0.881142 -0.0157382 -0.022978 0.999659 165.66
0.999616 -0.0246342 0.0159045 -0.0881519 0.024255 0.99946 0.0233365 0.903066 -0.0164687 -0.0229395 0.999649 167.026
0.999658 -0.022474 0.0166129 -0.0785399 0.0220693 0.999499 0.0238942 0.918756 -0.0171388 -0.0235185 0.999624 168.406
0.999701 -0.0212588 0.0154008 -0.0608151 0.0209006 0.999549 0.0227747 0.95136 -0.0158762 -0.0224438 0.99967 169.772
0.999752 -0.0186432 0.0156881 -0.0404116 0.0183315 0.99967 0.019512 0.971463 -0.0160441 -0.0192187 0.999735 171.157
0.999859 -0.0127999 0.0145134 -0.0247668 0.012497 0.99974 0.0204705 0.995686 -0.0147697 -0.020284 0.999735 172.535
0.999899 -0.00917145 0.0147934 -0.0139709 0.00883905 0.999747 0.0221034 1.025 -0.0149898 -0.0219696 0.999696 173.9
0.999903 -0.00605416 0.0158703 -0.00749734 0.00566908 0.999727 0.0239144 1.06367 -0.0160089 -0.0238199 0.999639 175.279
0.999891 -0.0100623 0.0149069 -0.00314193 0.00966799 0.999646 0.0259979 1.07992 -0.0151606 -0.0258499 0.999604 176.693
0.999872 -0.0117798 0.0146258 0.0104584 0.0113859 0.999615 0.0264246 1.09657 -0.0149295 -0.0262524 0.999596 178.121
0.999885 -0.0137559 0.0123366 0.028273 0.0134106 0.999569 0.0272864 1.11497 -0.0127039 -0.0271165 0.999608 179.51
0.999877 -0.0142964 0.011923 0.0439191 0.0140126 0.999664 0.0231734 1.14304 -0.0122482 -0.0230013 0.999715 180.883
0.999937 -0.0122614 0.00956546 0.0414628 0.0120583 0.999748 0.0205417 1.16147 -0.00981229 -0.0204239 0.9998 182.274
0.999941 -0.0123426 0.00841777 0.0381743 0.0121781 0.999783 0.0187456 1.19428 -0.00864528 -0.0186397 0.999845 183.667
0.999971 -0.00960623 0.00892912 0.0351645 0.00942182 0.999789 0.0199371 1.23688 -0.00911612 -0.0198514 0.999819 185.041
0.999994 -0.00865171 0.006496 0.060253 0.00850662 0.999769 0.0213199 1.26607 -0.00667707 -0.0212621 0.999808 186.536
0.999967 -0.0106534 0.00820262 0.061226 0.0104356 0.999652 0.0255826 1.28733 -0.00846949 -0.025495 0.999697 187.923
0.999981 -0.00970303 0.00727767 0.0696495 0.00949932 0.999628 0.0268878 1.30652 -0.00753385 -0.0268153 0.999671 189.343
0.999933 -0.0140203 0.00740835 0.0793519 0.0138065 0.999562 0.027528 1.3234 -0.007788 -0.0274227 0.999653 190.75
0.999879 -0.0170812 0.00797407 0.0900462 0.0168418 0.999486 0.0285895 1.32798 -0.00845572 -0.028449 0.99962 192.161
0.999836 -0.0194646 0.00814927 0.0978046 0.0192114 0.999417 0.0295215 1.34034 -0.00871564 -0.0293591 0.999592 193.574
0.999759 -0.0225911 0.00940194 0.110595 0.0222834 0.999305 0.0311174 1.3613 -0.0100958 -0.0308976 0.999534 194.976
0.999662 -0.0267698 0.00881196 0.121863 0.0264612 0.999147 0.032926 1.38277 -0.00968222 -0.0326808 0.999482 196.415
0.999568 -0.0296776 0.0100583 0.140411 0.0293167 0.999036 0.0338194 1.40809 -0.0110497 -0.0335071 0.99944 197.839
0.999617 -0.0282063 0.00957374 0.136465 0.0278979 0.999186 0.030445 1.45315 -0.010421 -0.0301654 0.999553 199.253
0.999808 -0.0204561 0.00919691 0.128034 0.0202004 0.999482 0.0265408 1.46596 -0.00973269 -0.0263474 0.999669 200.718
0.999929 -0.0121914 0.0108596 0.109172 0.0119023 0.999634 0.0258561 1.51208 -0.0111673 -0.0257242 0.99967 202.15
0.999982 -0.00577109 0.0111674 0.110296 0.00543912 0.999601 0.0290824 1.54909 -0.0113283 -0.0290184 0.999579 203.644
0.999968 -0.00333173 0.0134989 0.118918 0.00290386 0.999548 0.0312317 1.57998 -0.0135933 -0.0311903 0.999486 205.087
0.999977 -0.00390577 0.0125093 0.13253 0.00350962 0.999549 0.0311515 1.61218 -0.0126226 -0.031104 0.999503 206.532
0.999967 -0.00863496 0.0111815 0.142642 0.00827142 0.999505 0.0316967 1.61997 -0.0114462 -0.0316021 0.999502 207.984
0.999927 -0.0119293 0.011619 0.154455 0.0115413 0.999447 0.0324691 1.62622 -0.0119974 -0.0323297 0.999473 209.421
0.999966 -0.010654 0.00959591 0.157927 0.0103317 0.999462 0.0325011 1.67584 -0.00993367 -0.0323999 0.999494 210.886
0.999961 -0.00910209 0.0112965 0.175909 0.0087183 0.999454 0.0331378 1.7134 -0.0115894 -0.033035 0.999457 212.332
0.999999 -0.00631376 0.0101118 0.177319 0.00596114 0.999448 0.0340217 1.76155 -0.0103178 -0.0339605 0.99944 213.817
1.00001 -0.00551556 0.00958595 0.173775 0.00517535 0.999429 0.0346283 1.809 -0.00976911 -0.0345757 0.999424 215.278
1.00001 -0.00507603 0.0102513 0.189235 0.00471117 0.999427 0.0347966 1.8559 -0.0104188 -0.0347476 0.999413 216.732
1.00002 -0.00459235 0.00874334 0.19811 0.0042808 0.999428 0.0347867 1.89942 -0.00889576 -0.0347468 0.999428 218.219
1.00003 -0.00179889 0.00905609 0.196113 0.00146811 0.999402 0.0358046 1.95273 -0.00911196 -0.0357913 0.999389 219.686
1.00004 0.000882088 0.00803474 0.193909 -0.00118076 0.99937 0.0366591 2.00834 -0.0079951 -0.0366664 0.999369 221.169
1.00004 0.000974063 0.00827787 0.19916 -0.00127591 0.9994 0.0358815 2.055 -0.00823487 -0.0358924 0.999394 222.636
1.00004 0.00183255 0.00736107 0.195079 -0.00209638 0.999415 0.0353918 2.09486 -0.00728969 -0.0354052 0.999421 224.122
1.00004 0.00308581 0.00706941 0.198554 -0.00334281 0.999393 0.0359369 2.14172 -0.00695127 -0.0359612 0.999403 225.613
1.00004 0.00373769 0.00754145 0.191385 -0.00400638 0.999413 0.0353261 2.18875 -0.00740262 -0.0353542 0.999422 227.089
1.00005 0.0036993 0.00641437 0.192512 -0.00392784 0.999416 0.0352627 2.2243 -0.00627722 -0.0352887 0.999432 228.605
1.00004 0.00435097 0.00686689 0.194195 -0.00459371 0.99942 0.0350967 2.27274 -0.00670787 -0.0351264 0.999435 230.084
1.00004 0.00512896 0.00656516 0.19307 -0.00536144 0.999414 0.0351565 2.3169 -0.00637785 -0.0351922 0.999436 231.603
1.00004 0.00564798 0.00677696 0.192212 -0.0058881 0.999408 0.0352542 2.35742 -0.00657137 -0.0352919 0.999431 233.106
1.00003 0.00633925 0.00768286 0.193888 -0.00661129 0.999403 0.0352745 2.40551 -0.00745133 -0.0353253 0.999425 234.598
1.00002 0.00630945 0.00824231 0.199944 -0.00659991 0.999408 0.0351313 2.44864 -0.00801308 -0.0351831 0.999425 236.177
1.00002 0.00640384 0.00929251 0.193786 -0.00672805 0.999421 0.0347675 2.49657 -0.00906115 -0.0348296 0.999431 237.687
1.00002 0.00665052 0.00916022 0.20179 -0.0069718 0.999412 0.0349606 2.53892 -0.00891956 -0.0350215 0.999425 239.191
1.00001 0.00617616 0.0098255 0.205031 -0.00652669 0.999393 0.0355917 2.58531 -0.00959646 -0.0356552 0.999399 240.697
1 0.00650507 0.0107153 0.203047 -0.00689573 0.999363 0.0363643 2.62371 -0.010469 -0.0364347 0.999362 242.278
1 0.00704406 0.0103962 0.212715 -0.00741205 0.999396 0.0353849 2.67658 -0.0101371 -0.0354609 0.999402 243.795
0.999986 0.0070783 0.0118339 0.223513 -0.00748869 0.999423 0.0345752 2.71819 -0.0115792 -0.0346598 0.999415 245.317
0.999995 0.00722749 0.0109903 0.232992 -0.00760494 0.999432 0.0343279 2.76566 -0.0107322 -0.0344103 0.999433 246.833
0.999996 0.00687457 0.0111668 0.255412 -0.00726316 0.999421 0.0346945 2.7972 -0.0109186 -0.0347719 0.999419 248.396
0.999986 0.00741142 0.0117809 0.259529 -0.00781046 0.999448 0.0338514 2.8543 -0.0115199 -0.0339418 0.999442 249.912
0.999998 0.00760992 0.0105561 0.275713 -0.00796154 0.999468 0.0331925 2.90227 -0.0102946 -0.033273 0.999479 251.441
0.999993 0.00751329 0.0111712 0.280423 -0.00789025 0.999452 0.0337299 2.94211 -0.0109079 -0.0338167 0.999453 252.975
0.999999 0.00760181 0.0105887 0.290955 -0.00795823 0.999457 0.0335294 2.98622 -0.0103249 -0.03361 0.999467 254.507
0.999988 0.00743643 0.0117508 0.296005 -0.00783221 0.999455 0.0336688 3.02985 -0.0114905 -0.0337591 0.999449 256.027
1.00001 0.00707845 0.0101759 0.315759 -0.00742266 0.999459 0.0336598 3.0664 -0.0099295 -0.033732 0.999468 257.577
1.00001 0.0063806 0.0102214 0.324411 -0.00673084 0.999444 0.0342355 3.1128 -0.00999413 -0.0343033 0.999448 259.115
1.00002 0.00396867 0.0110112 0.340135 -0.00436966 0.999391 0.036129 3.14862 -0.0108585 -0.0361742 0.999372 260.671
1.00003 0.00409778 0.00951875 0.354148 -0.00443811 0.999409 0.0356151 3.19924 -0.00936417 -0.035657 0.999407 262.218
1.00002 0.00298297 0.010745 0.375479 -0.00335783 0.999452 0.0345118 3.22547 -0.0106338 -0.0345453 0.999433 263.758
1.00004 0.00315522 0.00974605 0.407238 -0.00349565 0.999445 0.0346979 3.27026 -0.00962834 -0.0347317 0.999439 265.312
1.00003 0.00303212 0.0101504 0.421453 -0.00338654 0.999452 0.0345209 3.32403 -0.0100376 -0.0345529 0.999439 266.852
1.00002 0.000336484 0.0116595 0.438903 -0.000743399 0.999456 0.0345579 3.35167 -0.0116388 -0.0345658 0.999424 268.39
1.00002 0.0009082 0.0112927 0.45213 -0.00130019 0.999467 0.034246 3.39217 -0.0112529 -0.0342582 0.999438 269.919
1 0.00176261 0.0130205 0.45592 -0.00221097 0.999467 0.0341775 3.43653 -0.0129504 -0.0342051 0.999421 271.464
0.999987 0.00267022 0.0140297 0.466152 -0.00314207 0.999495 0.0333145 3.48354 -0.0139309 -0.0333548 0.999435 273.029
0.999973 0.00310054 0.0150831 0.480189 -0.00360982 0.999485 0.0335784 3.52051 -0.0149683 -0.0336307 0.999414 274.57
0.999934 0.00392076 0.0171721 0.499992 -0.00450259 0.999479 0.0336552 3.55908 -0.0170284 -0.033727 0.999376 276.111
0.999938 0.00397549 0.0171067 0.521841 -0.00454737 0.999491 0.0332811 3.60099 -0.0169626 -0.0333555 0.999391 277.64
0.999898 0.00416257 0.0191829 0.530828 -0.00481121 0.99948 0.0336068 3.63725 -0.0190301 -0.0336926 0.999341 279.202
0.99989 0.00379306 0.0197839 0.553635 -0.00446081 0.999481 0.0336149 3.67951 -0.0196429 -0.0336981 0.999331 280.761
0.999798 0.00445962 0.0238353 0.573388 -0.00523185 0.999524 0.0322037 3.70425 -0.0236772 -0.0323189 0.999288 282.285
0.999755 0.0033858 0.0258314 0.610192 -0.00425639 0.999484 0.0335646 3.73329 -0.0257009 -0.0336649 0.999195 283.84
0.999779 0.00253468 0.0249497 0.640102 -0.00337923 0.999486 0.0336462 3.77011 -0.0248483 -0.0337202 0.999214 285.374
0.999739 0.00224998 0.0265812 0.680536 -0.00311465 0.999529 0.0323822 3.81138 -0.026492 -0.032455 0.999218 286.924
0.999739 0.00120981 0.0266021 0.713342 -0.00208675 0.999519 0.0327536 3.86601 -0.0265462 -0.0327975 0.9992 288.482
0.999764 0.000617648 0.0257175 0.748671 -0.0014673 0.999516 0.0328772 3.91068 -0.0256809 -0.0329056 0.999224 290.03
0.999732 -0.000830384 0.0269177 0.791419 -7.35351e-05 0.999501 0.0333536 3.94739 -0.0269285 -0.0333433 0.999172 291.599
0.999797 -0.00102494 0.0244494 0.821802 0.000223266 0.999527 0.0326 3.99003 -0.0244672 -0.0325861 0.999266 293.145
0.999764 -0.00117842 0.0257288 0.856615 0.000334598 0.999528 0.0325562 4.02665 -0.0257515 -0.0325369 0.999231 294.723
0.999734 -0.000466433 0.0269441 0.899931 -0.000453277 0.999481 0.0339657 4.07931 -0.0269418 -0.0339671 0.999156 296.202
0.999777 -0.0011523 0.0252684 0.934755 0.000282357 0.999474 0.03418 4.12552 -0.0252909 -0.034162 0.999188 297.783
0.999781 -0.00151195 0.0251037 0.97285 0.000628927 0.999446 0.0349812 4.17807 -0.0251383 -0.0349559 0.999168 299.36
0.999826 -0.000854979 0.0233353 1.00724 6.15667e-06 0.999407 0.036107 4.22958 -0.023349 -0.0360971 0.999169 300.935
0.999783 -0.000574792 0.0250477 1.03753 -0.000342037 0.999395 0.0364215 4.27668 -0.0250491 -0.0364202 0.999118 302.52
0.999789 -0.000239813 0.0249188 1.0693 -0.000684609 0.99938 0.0368552 4.31913 -0.0249088 -0.0368608 0.999105 304.11
0.999778 -0.000498939 0.0252935 1.10107 -0.000445045 0.999369 0.0371431 4.36351 -0.0252916 -0.037144 0.999087 305.702
0.999744 -0.00101101 0.0267089 1.13529 3.5259e-05 0.999401 0.0362994 4.41635 -0.0267261 -0.0362855 0.999081 307.284
0.999748 -0.00192466 0.0264068 1.16552 0.000989197 0.999438 0.0352399 4.45353 -0.0264553 -0.0352028 0.999127 308.875
0.999708 -0.00394062 0.0277705 1.21437 0.00299091 0.999479 0.0339519 4.49445 -0.0278862 -0.0338553 0.999134 310.423
0.999782 -0.00359775 0.024945 1.25649 0.00275241 0.999488 0.0336777 4.53235 -0.025049 -0.0335997 0.999218 312.025
0.999835 -0.00284281 0.0229352 1.28628 0.00206058 0.999486 0.0338125 4.5759 -0.0230163 -0.0337562 0.999263 313.648
0.999808 -0.00135681 0.0241206 1.31361 0.000473435 0.999396 0.0364352 4.63051 -0.0241509 -0.0364148 0.999142 315.273
0.999826 -0.00205298 0.0234663 1.34957 0.00112848 0.999294 0.0391084 4.67074 -0.0235265 -0.0390712 0.999058 316.896
0.999786 -0.00306515 0.0249048 1.37527 0.00207597 0.999278 0.0394906 4.72175 -0.0250034 -0.0394281 0.999007 318.53
0.999802 -0.00359826 0.0243063 1.41583 0.00262804 0.999273 0.0395986 4.76473 -0.0244275 -0.0395229 0.999019 320.153
0.999782 -0.00347963 0.0250426 1.46421 0.0024981 0.999298 0.0389646 4.80284 -0.0251561 -0.0388912 0.999025 321.823
0.99981 -0.0035373 0.0240278 1.50637 0.00259179 0.999295 0.0390314 4.86217 -0.0241454 -0.0389578 0.999049 323.442
0.999794 -0.00385143 0.0245126 1.5433 0.00289677 0.999307 0.0387034 4.9106 -0.0246402 -0.0386222 0.999049 325.071
0.999757 -0.00351972 0.0261898 1.56897 0.0025031 0.999314 0.0385321 4.97965 -0.0263039 -0.0384531 0.999015 326.692
0.999769 -0.00328275 0.0255835 1.61571 0.00229985 0.999328 0.0381997 5.02795 -0.025687 -0.0381299 0.999041 328.348
0.999724 -0.00349018 0.0274971 1.65253 0.00237932 0.999252 0.040124 5.07832 -0.0276129 -0.0400431 0.998917 329.966
0.99973 -0.00394448 0.0270238 1.69477 0.00283322 0.999221 0.0408874 5.14832 -0.0271594 -0.0407973 0.998898 331.602
0.99974 -0.00371509 0.026852 1.73411 0.00258739 0.999188 0.0416964 5.20901 -0.0269815 -0.0416116 0.99887 333.217
0.99969 -0.00448859 0.0284071 1.76715 0.0032401 0.999101 0.0437024 5.2961 -0.0285731 -0.043594 0.998742 334.83
0.999745 -0.00380412 0.0266914 1.80853 0.00263076 0.999105 0.0436424 5.37699 -0.02683 -0.0435565 0.998792 336.439
0.999751 -0.000113929 0.0265753 1.83073 -0.00101378 0.999168 0.0422721 5.4001 -0.0265536 -0.0422859 0.998854 338.074
0.999792 0.000522858 0.0251001 1.86032 -0.0016192 0.999115 0.0434577 5.45507 -0.0250519 -0.0434848 0.998841 339.688
0.999809 0.00121981 0.0242557 1.88821 -0.00235616 0.998968 0.0467201 5.49491 -0.0241694 -0.0467654 0.998715 341.303
0.999801 0.00209839 0.024632 1.91578 -0.00331674 0.99884 0.0493044 5.55855 -0.0244966 -0.0493715 0.998582 342.908
0.999858 0.0030163 0.0220164 1.94531 -0.00407197 0.998907 0.047894 5.64735 -0.0218438 -0.0479738 0.998712 344.528
0.999872 0.0031684 0.0213939 1.97214 -0.00421122 0.99887 0.0486234 5.71373 -0.0212124 -0.0487026 0.99869 346.121
0.999928 0.00208676 0.0187156 2.00008 -0.00301083 0.998843 0.0492781 5.78399 -0.0185872 -0.0493277 0.998712 347.715
0.99996 0.000885613 0.0170769 2.03572 -0.00175714 0.998772 0.0507667 5.8433 -0.0170079 -0.0507899 0.998667 349.332
0.999954 0.0016939 0.0173276 2.05371 -0.00257173 0.998782 0.0505445 5.9043 -0.017217 -0.0505834 0.998674 350.93
0.999981 0.00135561 0.0157865 2.07633 -0.00216901 0.998745 0.051275 5.95169 -0.0156943 -0.0513034 0.998662 352.541
0.999962 0.00144333 0.0168727 2.09232 -0.00231793 0.998723 0.0517011 6.0351 -0.0167726 -0.0517347 0.998622 354.13
0.99998 0.00110138 0.0158526 2.11403 -0.00192756 0.998716 0.0518486 6.1038 -0.0157722 -0.0518733 0.998632 355.729
0.999998 0.000367873 0.0147073 2.13415 -0.00113723 0.998705 0.0520753 6.1706 -0.0146652 -0.0520884 0.998637 357.344
1 0.00104202 0.0144827 2.14573 -0.00177661 0.99879 0.0504202 6.21007 -0.0144098 -0.0504412 0.998726 358.96
1.00002 0.00105427 0.0132949 2.16109 -0.00173449 0.998762 0.0509676 6.27038 -0.0132209 -0.050988 0.998714 360.576
1.00001 0.000983697 0.0140406 2.17529 -0.00169533 0.998792 0.0503664 6.3402 -0.0139712 -0.0503857 0.998736 362.162
1.00003 -0.000357378 0.0127169 2.19173 -0.00028604 0.998799 0.0502529 6.38884 -0.0127159 -0.0502542 0.998758 363.783
1.00003 -0.00232215 0.0118174 2.21083 0.00171081 0.99876 0.0510007 6.46745 -0.0119184 -0.0509774 0.998732 365.404
1.00003 -0.0038759 0.0119319 2.22624 0.00323691 0.998664 0.0527817 6.52124 -0.0121167 -0.0527407 0.998638 366.986
1.00004 -0.00394225 0.0111603 2.24307 0.00333782 0.998643 0.0531564 6.60643 -0.011352 -0.0531161 0.998627 368.584
1.00002 -0.00375446 0.0124443 2.25421 0.00308503 0.998649 0.0530614 6.69018 -0.0126229 -0.0530202 0.998617 370.172
1.00003 -0.00310644 0.0120881 2.2683 0.00245127 0.998635 0.0533675 6.77319 -0.0122345 -0.0533344 0.998604 371.77
1.00002 -0.0017469 0.0128227 2.26966 0.00103914 0.998566 0.0546884 6.80607 -0.012896 -0.0546724 0.998525 373.384
1.00004 -0.00150108 0.012024 2.28665 0.000836707 0.998571 0.0545922 6.8838 -0.0120858 -0.0545789 0.99854 374.98
1.00004 -0.00159477 0.0120447 2.30041 0.000937288 0.9986 0.0540659 6.95436 -0.0121102 -0.0540524 0.998569 376.585
1.00003 -0.000490799 0.0129323 2.29062 -0.000217639 0.998589 0.0542797 7.02881 -0.0129376 -0.0542789 0.998546 378.253
1.00004 -0.000373531 0.0117062 2.30393 -0.000270121 0.998572 0.0545983 7.10607 -0.011706 -0.0545995 0.998545 379.857
1.00002 9.50283e-05 0.0132059 2.29552 -0.000838858 0.9985 0.055896 7.19307 -0.0131777 -0.055903 0.998454 381.511
1.00003 0.000431244 0.0124126 2.30827 -0.00113884 0.998452 0.0567531 7.27917 -0.012365 -0.0567648 0.998418 383.133
1.00003 0.00115347 0.0126416 2.32365 -0.00187938 0.99843 0.0571091 7.35364 -0.0125529 -0.0571292 0.998393 384.74
1.00001 0.00168424 0.0141148 2.33437 -0.00249215 0.998426 0.0571636 7.43176 -0.0139923 -0.057195 0.998373 386.35
1.00002 0.00191171 0.013271 2.35458 -0.00267925 0.998398 0.0576353 7.50674 -0.0131366 -0.0576666 0.998356 387.967
1 0.00329211 0.0144015 2.36267 -0.00413495 0.998335 0.0586455 7.58591 -0.0141805 -0.0587007 0.998283 389.591
1.00001 0.00425879 0.0133805 2.3684 -0.0050506 0.998292 0.0592953 7.662 -0.0131022 -0.0593581 0.998258 391.232
1.00001 0.00468913 0.0137699 2.38238 -0.00550681 0.998266 0.0596978 7.73678 -0.0134619 -0.0597693 0.998229 392.855
0.999993 0.00423209 0.0149532 2.39511 -0.00513233 0.998231 0.0603118 7.81591 -0.0146685 -0.0603823 0.998176 394.477
