1 0 0 0 0 1 0 0 0 0 1 0
1 -0.000179875 -2.82134e-05 -0.00594746 0.000179802 1 0.00135402 -0.0105635 2.81211e-05 -0.00135413 0.999999 1.31174
1 -0.00109048 0.000654896 -0.0113094 0.00108957 0.999999 0.00145821 -0.0235637 -0.000656458 -0.00145757 0.999999 2.61305
0.999999 -0.00186915 -0.000191626 -0.0135958 0.00186925 0.999998 0.00141824 -0.0531439 0.000189135 -0.00141873 1 3.95337
0.999999 -0.00162852 0.00127911 -0.0232516 0.00162628 0.999998 0.00177813 -0.0683 -0.00128205 -0.00177606 0.999999 5.27809
0.999999 -0.00181494 -0.000196276 -0.0287398 0.00181536 0.999994 0.00313172 -0.0605735 0.000190829 -0.00313221 0.999996 6.63047
0.999997 -0.00305678 -5.41481e-05 -0.0395398 0.00305698 0.999986 0.00456328 -0.085101 4.02245e-05 -0.00456343 0.99999 7.96579
0.999997 -0.00257749 0.00101254 -0.0530493 0.00257229 0.999986 0.00482759 -0.0714161 -0.00102458 -0.00482497 0.999988 9.28239
0.999998 -0.0027802 -9.78285e-05 -0.0603999 0.00278033 0.999996 0.00158678 -0.0842745 9.34621e-05 -0.00158699 1 10.6254
1 0.00029679 0.000746651 -0.0689174 -0.000297394 1 0.00034951 -0.0747686 -0.000746064 -0.000349736 1 11.9507
0.999999 0.00269976 -8.66384e-05 -0.0842097 -0.00269991 0.999996 -0.00162353 -0.102354 8.237e-05 0.00162389 1 13.2996
0.999985 0.00558008 0.000351486 -0.0963972 -0.00557978 0.999984 -0.00191359 -0.106091 -0.000361654 0.00191166 0.999999 14.6488
0.999983 0.00600592 0.00153112 -0.112225 -0.0060045 0.999983 -0.000877939 -0.0967123 -0.00153611 0.000868831 1 15.9704
0.999988 0.00499505 0.0011503 -0.106611 -0.00499761 0.999987 0.0020379 -0.112958 -0.00113946 -0.00204372 0.999998 17.3399
1 0.00110893 0.00250722 -0.103226 -0.00111977 0.999992 0.00434069 -0.126302 -0.00250179 -0.00434328 0.99999 18.6824
1 -0.000921145 0.00103623 -0.0910888 0.000918198 0.999997 0.00259608 -0.143262 -0.00103781 -0.00259504 0.999998 20.0234
0.999999 -0.00152405 0.00236616 -0.0867565 0.00152059 1 0.00145847 -0.127982 -0.00236744 -0.00145473 0.999999 21.3599
1 0.000139125 0.00183743 -0.0876792 -0.000141189 1 0.00102272 -0.126866 -0.00183595 -0.00102303 1 22.7203
0.999998 0.00224944 0.00262076 -0.0945357 -0.00225246 1 0.001151 -0.110953 -0.00261702 -0.00115703 0.999999 24.0765
0.999991 0.00211552 0.00484713 -0.0991385 -0.00214022 0.999989 0.00503856 -0.123091 -0.0048349 -0.005049 0.999979 25.4333
0.999997 0.00160001 0.00402869 -0.0947788 -0.00162783 0.999979 0.0069275 -0.139577 -0.00401638 -0.0069346 0.999972 26.8115
0.999992 -0.00123575 0.00500051 -0.0879171 0.00120148 0.99998 0.00680123 -0.168739 -0.00500721 -0.00679508 0.999969 28.1426
0.999998 -0.00160731 0.00365335 -0.0848358 0.00158781 0.999989 0.00533941 -0.181114 -0.00366097 -0.00533422 0.999984 29.5179
0.999988 -0.00132243 0.00588189 -0.0830058 0.00129188 0.99999 0.00512333 -0.211437 -0.00588703 -0.00511573 0.999975 30.8755
0.999993 0.000715482 0.00551097 -0.0919667 -0.000738968 0.999995 0.00426107 -0.220898 -0.00550691 -0.0042659 0.999981 32.2701
0.999988 0.00066825 0.00601879 -0.0861125 -0.000692107 0.999997 0.0038807 -0.238941 -0.00601459 -0.00388507 0.999979 33.6552
0.999982 0.00120819 0.00721333 -0.0833173 -0.00124183 0.999993 0.00466325 -0.250212 -0.00720672 -0.00467278 0.999969 35.0263
0.999994 0.000427377 0.00508225 -0.0824253 -0.000467961 0.999974 0.0078929 -0.259151 -0.00507722 -0.00789543 0.999961 36.4662
0.999988 0.00119778 0.00623517 -0.0892818 -0.00125707 0.999959 0.00949764 -0.256754 -0.00622258 -0.00950588 0.999942 37.847
0.999987 0.00370273 0.00506838 -0.0946734 -0.00375335 0.999949 0.00991713 -0.245237 -0.00502989 -0.0099363 0.999944 39.2619
0.999978 0.00527106 0.00559082 -0.109671 -0.00533139 0.999933 0.0108276 -0.234281 -0.00553242 -0.0108577 0.999933 40.6332
0.999967 0.00602532 0.00671903 -0.110167 -0.00610043 0.999925 0.011124 -0.222963 -0.00664992 -0.0111647 0.999922 42.0236
0.999976 0.00626621 0.00517117 -0.113651 -0.00632744 0.999915 0.0119095 -0.214801 -0.00509493 -0.0119423 0.999923 43.4355
0.99997 0.00474815 0.00726251 -0.11421 -0.00484437 0.999907 0.0131965 -0.216385 -0.00719748 -0.0132314 0.999893 44.8134
0.99999 0.00362683 0.00518821 -0.105708 -0.00369731 0.999907 0.013632 -0.218853 -0.0051372 -0.0136512 0.999903 46.2339
0.999988 0.00271648 0.00606579 -0.106767 -0.00280671 0.999892 0.0148423 -0.214363 -0.00602309 -0.0148588 0.99988 47.6265
1 0.0024128 0.00375716 -0.110607 -0.00247228 0.999878 0.0158824 -0.205016 -0.00371741 -0.015892 0.999876 49.0632
1.00001 0.00147132 0.00259988 -0.114597 -0.00151674 0.999856 0.0173287 -0.194268 -0.0025722 -0.0173323 0.999856 50.486
1 0.00130524 0.00327253 -0.120185 -0.00136449 0.999844 0.018055 -0.179019 -0.00324761 -0.01806 0.999842 51.8832
1.00001 0.00133844 0.000494667 -0.126472 -0.00134863 0.999823 0.019218 -0.171323 -0.000467257 -0.0192183 0.999827 53.3339
1.00001 0.000528018 0.00126421 -0.132034 -0.000553845 0.999802 0.0202691 -0.153936 -0.00125246 -0.0202702 0.999806 54.7514
1.00001 -0.000525929 -0.000948702 -0.139321 0.000544314 0.999799 0.0204973 -0.137526 0.000939143 -0.0204972 0.999803 56.1971
1.00001 -0.00226698 -0.00156886 -0.149018 0.00229861 0.999792 0.0206916 -0.124587 0.00152241 -0.0206958 0.999798 57.6189
1.00001 -0.00312483 -0.000787057 -0.145895 0.00313955 0.999787 0.0208567 -0.111501 0.000723126 -0.0208584 0.999796 59.0386
1 -0.00444523 -0.00145217 -0.151072 0.004475 0.999766 0.0215218 -0.103118 0.00135696 -0.0215284 0.999781 60.4718
0.999997 -0.00573284 0.000666432 -0.152515 0.00571567 0.999749 0.0221001 -0.0951752 -0.000791271 -0.022095 0.999771 61.8756
0.999995 -0.00610494 -8.78194e-05 -0.158861 0.00610482 0.999736 0.0225456 -0.0724609 -4.91333e-05 -0.0225459 0.999761 63.2998
0.999985 -0.00765022 0.000223041 -0.16424 0.00764214 0.999727 0.0225306 -0.0467451 -0.000393858 -0.0225275 0.999761 64.7233
0.999984 -0.00745768 0.00258344 -0.177711 0.00739468 0.999709 0.0233232 -0.0327224 -0.00275571 -0.0233036 0.99974 66.1309
0.999992 -0.00648032 0.00201149 -0.185099 0.00642879 0.999699 0.0241093 -0.00902126 -0.00216586 -0.0240949 0.999723 67.5569
0.999996 -0.00484785 0.00406785 -0.190571 0.0047384 0.999651 0.0262993 0.0121995 -0.00419307 -0.0262798 0.999662 68.9606
1.00001 -0.00266585 0.00341515 -0.204509 0.00256797 0.999617 0.0279867 0.0468454 -0.00348724 -0.0279767 0.99962 70.3792
1.00001 0.00141422 0.00419072 -0.209097 -0.00153547 0.99959 0.0288874 0.0618116 -0.00414733 -0.0288939 0.999591 71.7746
1 0.00369464 0.00411455 -0.21307 -0.00380939 0.999615 0.0279191 0.0961157 -0.00400858 -0.0279334 0.99962 73.1939
0.99998 0.00708646 0.00473247 -0.215896 -0.00720975 0.999634 0.0264075 0.125192 -0.00454281 -0.0264409 0.999657 74.5948
0.999966 0.00754274 0.00668154 -0.221405 -0.0077155 0.999642 0.0260172 0.15466 -0.00648139 -0.0260664 0.999657 75.9728
0.999969 0.00763689 0.00605712 -0.222371 -0.00779806 0.999617 0.0269219 0.16748 -0.00584793 -0.0269683 0.999638 77.3849
0.999967 0.00526271 0.00862547 -0.216928 -0.00548703 0.999656 0.0260434 0.189565 -0.00848403 -0.0260883 0.999642 78.7591
0.999976 0.00489085 0.00761891 -0.211438 -0.00507966 0.999689 0.0248721 0.221979 -0.00749375 -0.02491 0.999682 80.1581
0.999978 0.00372393 0.00809171 -0.212224 -0.00391377 0.999729 0.0234123 0.24242 -0.00800081 -0.0234419 0.999712 81.5701
0.999961 0.00282667 0.0101843 -0.193632 -0.00306561 0.999731 0.0234537 0.253469 -0.0101141 -0.0234838 0.999693 82.9255
0.999973 0.00267606 0.00906008 -0.189412 -0.00288848 0.999734 0.0233799 0.269733 -0.00899336 -0.0234039 0.999706 84.3229
0.999969 0.00306518 0.00940966 -0.17189 -0.00328577 0.999731 0.0234344 0.297538 -0.00933407 -0.0234642 0.999702 85.7008
0.999984 0.0035899 0.00743947 -0.167141 -0.00376593 0.999725 0.0236169 0.328557 -0.00735103 -0.0236429 0.999714 87.0854
0.999995 0.00113165 0.006643 -0.166173 -0.0012882 0.999735 0.0234883 0.333011 -0.00661349 -0.0234965 0.999722 88.4677
0.999993 -0.00248896 0.00674135 -0.160425 0.00233186 0.999744 0.0230319 0.344885 -0.00679535 -0.0230143 0.999733 89.8603
0.999995 -0.00393801 0.00550424 -0.146706 0.00381256 0.999752 0.0224621 0.365248 -0.00559015 -0.0224407 0.999754 91.2714
0.999985 -0.0066736 0.0046742 -0.127576 0.006565 0.999735 0.0226071 0.383403 -0.00482226 -0.0225745 0.999754 92.6402
0.999975 -0.0081551 0.00453407 -0.128768 0.00805022 0.999727 0.0224773 0.381478 -0.00471488 -0.0224399 0.999758 94.0348
0.999969 -0.00858726 0.00515544 -0.12641 0.0084687 0.999727 0.0223504 0.393137 -0.00534429 -0.0223044 0.999758 95.3817
0.999967 -0.00908053 0.00455248 -0.124252 0.0089771 0.999729 0.0220522 0.389688 -0.00475009 -0.0220103 0.999768 96.7668
0.999955 -0.0106041 0.00396576 -0.127035 0.0105157 0.999728 0.0213782 0.402077 -0.00418971 -0.0213338 0.999785 98.1493
0.999956 -0.0100843 0.00514485 -0.130983 0.00996929 0.999727 0.0217253 0.419629 -0.00536112 -0.0216725 0.999773 99.491
0.999953 -0.0101285 0.00555117 -0.132721 0.00999797 0.999702 0.0228278 0.426847 -0.00577905 -0.0227695 0.999746 100.863
0.99994 -0.0100624 0.00770096 -0.132854 0.0098815 0.999698 0.0230541 0.443526 -0.00792903 -0.022976 0.999728 102.199
0.999936 -0.010749 0.00725555 -0.135766 0.0105843 0.99971 0.0222212 0.446416 -0.00749049 -0.0221413 0.999749 103.57
0.999931 -0.0109389 0.00759365 -0.134985 0.0107797 0.999742 0.0205839 0.463103 -0.00781552 -0.0205001 0.999784 104.916
0.999935 -0.0108183 0.00722492 -0.139566 0.0106784 0.999776 0.0189675 0.468298 -0.00742649 -0.0188874 0.999816 106.227
0.999903 -0.0136903 0.00678285 -0.131302 0.0135565 0.999735 0.0192612 0.478345 -0.00704332 -0.0191667 0.999816 107.585
0.999871 -0.0155799 0.00756254 -0.119549 0.0154201 0.999683 0.0205957 0.49501 -0.00787897 -0.0204748 0.999783 108.887
0.999846 -0.0169149 0.00800278 -0.112893 0.0167401 0.999645 0.0213254 0.503808 -0.00835937 -0.0211875 0.999766 110.237
0.999825 -0.0174814 0.00922877 -0.102852 0.0172868 0.999651 0.0206217 0.507711 -0.009584 -0.0204568 0.999769 111.565
0.999829 -0.0160506 0.0112927 -0.104482 0.0158332 0.999708 0.0189987 0.521302 -0.0115929 -0.0188158 0.999781 112.876
0.999832 -0.0147143 0.0126609 -0.104442 0.0144826 0.999745 0.0180964 0.524698 -0.0129219 -0.0179084 0.999781 114.237
0.99983 -0.0127749 0.0148864 -0.0959517 0.0125123 0.999782 0.0175343 0.53612 -0.0151057 -0.0173442 0.999761 115.562
0.999824 -0.011463 0.0161856 -0.0844742 0.011136 0.999752 0.0200665 0.546297 -0.0164095 -0.0198809 0.999693 116.922
0.999782 -0.0120379 0.0183114 -0.0691899 0.0116296 0.9997 0.0221915 0.55367 -0.0185717 -0.0219729 0.999611 118.234
0.999768 -0.012302 0.0188653 -0.0540149 0.0118694 0.999684 0.0228077 0.561955 -0.0191379 -0.0225765 0.999587 119.596
0.999751 -0.0112685 0.0204317 -0.0334789 0.010808 0.999703 0.0224599 0.588195 -0.0206773 -0.0222324 0.999565 120.94
0.999716 -0.00973538 0.0227592 -0.0138377 0.00923679 0.999734 0.02186 0.599181 -0.0229638 -0.0216416 0.999527 122.253
0.999724 -0.00799773 0.0231579 0.00462551 0.00749377 0.99975 0.0217291 0.615765 -0.0233243 -0.0215484 0.999522 123.605
0.999676 -0.00727378 0.025342 0.0299416 0.00672462 0.999759 0.0216411 0.634089 -0.0254912 -0.0214619 0.99947 124.919
0.999667 -0.00586426 0.0261017 0.0594535 0.00530598 0.999772 0.0213737 0.65137 -0.0262195 -0.021227 0.999457 126.285
0.999622 -0.00627883 0.0276622 0.0962114 0.00571679 0.999793 0.0203081 0.664786 -0.027782 -0.0201405 0.999437 127.603
0.999549 -0.00641461 0.0301833 0.132324 0.00576438 0.999766 0.021553 0.679415 -0.0303127 -0.0213683 0.99934 128.927
0.999537 -0.00752675 0.0303439 0.160013 0.00685593 0.999749 0.0221132 0.690874 -0.0305005 -0.0218931 0.999321 130.296
0.999484 -0.00806091 0.0319306 0.198163 0.00733612 0.99973 0.0227209 0.702022 -0.0321036 -0.022474 0.99926 131.622
0.999471 -0.00843423 0.0322047 0.234418 0.00769832 0.999725 0.0228735 0.707803 -0.0323868 -0.0226116 0.999246 133.003
0.99946 -0.0102038 0.0320585 0.276087 0.0094576 0.999699 0.0233096 0.710689 -0.0322851 -0.0229928 0.999242 134.339
0.999419 -0.0119027 0.032766 0.325029 0.011148 0.999687 0.0230865 0.716987 -0.0330287 -0.0227057 0.999224 135.656
0.999461 -0.0132875 0.0308938 0.362608 0.0125747 0.999669 0.0231212 0.731486 -0.0311892 -0.0227193 0.999284 137.031
0.999428 -0.0157526 0.0308479 0.405746 0.0150394 0.999636 0.0231833 0.741578 -0.0311999 -0.022704 0.999283 138.355
0.999457 -0.0173841 0.0289681 0.435881 0.0166865 0.999586 0.024117 0.75942 -0.0293739 -0.0236193 0.999319 139.72
0.999446 -0.0183115 0.028825 0.467464 0.0176132 0.999568 0.0242579 0.787332 -0.0292548 -0.0237346 0.999319 141.039
0.999484 -0.0196059 0.0265588 0.502644 0.0189409 0.999524 0.0250219 0.810315 -0.0270353 -0.0245048 0.999364 142.426
0.999497 -0.0202843 0.0255226 0.532134 0.0196539 0.99952 0.0246679 0.835457 -0.0260089 -0.0241518 0.999399 143.775
0.999434 -0.0227041 0.025991 0.570729 0.0221361 0.999532 0.0218948 0.852629 -0.0264744 -0.0213059 0.999452 145.101
0.999372 -0.0273196 0.0238677 0.610339 0.0268004 0.999422 0.0217502 0.850901 -0.0244466 -0.0210949 0.999508 146.461
0.999227 -0.032743 0.0230623 0.650092 0.0322025 0.999224 0.0233818 0.859398 -0.0238084 -0.0226199 0.999491 147.818
0.999051 -0.0384664 0.0218896 0.691647 0.0379269 0.998999 0.0244761 0.859119 -0.0228077 -0.0236207 0.999491 149.212
0.998928 -0.0423244 0.0202669 0.735545 0.0418123 0.99883 0.0249895 0.887768 -0.0212992 -0.024114 0.999512 150.619
0.998863 -0.0431559 0.0217616 0.732628 0.042617 0.998808 0.0245705 0.929645 -0.0227944 -0.0236132 0.999492 151.938
0.999 -0.0398781 0.021663 0.774272 0.039383 0.998983 0.0227654 0.936635 -0.0225467 -0.0218883 0.999537 153.307
0.998899 -0.0410213 0.0241163 0.806121 0.0404428 0.998914 0.0239421 0.970172 -0.0250706 -0.0229388 0.999453 154.634
0.998777 -0.0439276 0.0240135 0.846033 0.0432899 0.998732 0.0264071 0.9893 -0.0251408 -0.025334 0.999394 155.998
0.998526 -0.0488492 0.024955 0.882138 0.0481178 0.998438 0.029052 1.00298 -0.0263334 -0.0278066 0.999295 157.354
0.998266 -0.0533491 0.0261337 0.916897 0.0525585 0.998185 0.0300006 1.03406 -0.0276842 -0.0285733 0.999239 158.681
0.998193 -0.0547052 0.0261052 0.955059 0.0538894 0.998087 0.0309311 1.05292 -0.0277451 -0.0294663 0.99921 160.027
0.998169 -0.053667 0.029071 0.986687 0.0527928 0.998175 0.029987 1.09975 -0.0306241 -0.0283955 0.99916 161.339
0.998305 -0.0507185 0.029655 1.00634 0.0498307 0.998332 0.0298866 1.13808 -0.0311188 -0.0283561 0.999144 162.699
0.998394 -0.0472703 0.0322968 1.03415 0.0462996 0.998494 0.0301199 1.16303 -0.0336689 -0.0285744 0.999058 164.018
0.998466 -0.0452078 0.0329918 1.06772 0.0441897 0.998568 0.0309076 1.2014 -0.0343393 -0.0294003 0.999009 165.395
0.998469 -0.0445531 0.0338469 1.10536 0.0434777 0.998569 0.0318256 1.24177 -0.0352133 -0.0303033 0.998955 166.751
0.99852 -0.0432303 0.0339999 1.15372 0.0421226 0.998604 0.0325969 1.27979 -0.0353592 -0.0311144 0.998921 168.03
0.998594 -0.0419531 0.0335336 1.1986 0.0409058 0.998696 0.0312865 1.32825 -0.0347995 -0.0298686 0.998982 169.398
0.998635 -0.0404358 0.0340585 1.21101 0.0393427 0.998733 0.0321219 1.38902 -0.0353115 -0.0307362 0.998936 170.721
0.998777 -0.037166 0.0337469 1.24142 0.0360632 0.998841 0.0326666 1.42022 -0.034919 -0.0314075 0.998932 172.112
0.99891 -0.0331598 0.0339045 1.27397 0.0320002 0.99893 0.0341378 1.45803 -0.0349976 -0.0330135 0.998876 173.479
0.998927 -0.030957 0.0355293 1.31267 0.0296749 0.998937 0.0360045 1.49394 -0.0366032 -0.0349091 0.998756 174.845
0.998944 -0.0309086 0.0350009 1.35665 0.0295796 0.998873 0.0378189 1.53109 -0.0361277 -0.0367414 0.998706 176.243
0.998841 -0.0340239 0.035155 1.40492 0.032617 0.998703 0.0397866 1.5679 -0.0364599 -0.0385913 0.998626 177.612
0.998884 -0.0371149 0.0304026 1.45129 0.035941 0.998649 0.0382229 1.62119 -0.0317777 -0.0370853 0.998841 179.083
0.998867 -0.0372824 0.0308303 1.46934 0.0361945 0.998758 0.0350546 1.66748 -0.0320951 -0.0338966 0.998947 180.439
0.998972 -0.0356202 0.0292882 1.51129 0.0346705 0.998905 0.0322576 1.70474 -0.0304024 -0.0312069 0.999086 181.828
0.999099 -0.0319651 0.0292661 1.54497 0.0310691 0.99908 0.030497 1.74892 -0.0302102 -0.0295578 0.999144 183.211
0.999181 -0.0281616 0.0302923 1.57708 0.0271906 0.999147 0.0319425 1.76752 -0.0311629 -0.0310906 0.999067 184.571
0.999264 -0.026599 0.0289889 1.60885 0.0255826 0.999094 0.0348137 1.80293 -0.0298849 -0.0340438 0.999013 185.981
0.999166 -0.0276225 0.0312634 1.6342 0.0264397 0.998972 0.0375759 1.84115 -0.0322658 -0.0367157 0.998842 187.356
0.999185 -0.0281661 0.0302267 1.67127 0.0269859 0.998915 0.0386948 1.89125 -0.0312799 -0.037845 0.998834 188.783
0.999135 -0.0297403 0.0303207 1.72231 0.0285381 0.998849 0.0392832 1.92735 -0.0314507 -0.0383818 0.998806 190.196
0.999042 -0.0319735 0.0311548 1.76844 0.0307183 0.998761 0.0399084 1.96366 -0.0323882 -0.0389107 0.998759 191.571
0.999328 -0.0279645 0.0252236 1.79267 0.0269498 0.99888 0.0396364 1.98356 -0.0263002 -0.0389278 0.998934 193.044
0.999235 -0.0301513 0.0264678 1.83146 0.0290559 0.998775 0.0407731 2.02289 -0.0276611 -0.0399705 0.998857 194.439
0.999168 -0.033639 0.0246635 1.87646 0.0325801 0.998612 0.0420665 2.05453 -0.0260407 -0.0412257 0.998848 195.904
0.999047 -0.0361042 0.0261081 1.91152 0.0349548 0.998487 0.0431493 2.08682 -0.0276228 -0.0421933 0.998767 197.293
0.999137 -0.0344838 0.0247575 1.93584 0.0334904 0.998691 0.039404 2.12967 -0.0260805 -0.0385383 0.998955 198.737
0.999328 -0.027725 0.0255967 1.95556 0.026818 0.999056 0.0350563 2.17597 -0.0265409 -0.0343439 0.999099 200.156
0.999469 -0.0192244 0.027749 1.96905 0.0182243 0.999222 0.0357869 2.23382 -0.0284121 -0.0352598 0.999012 201.555
0.999581 -0.013652 0.0270745 1.96856 0.0126094 0.99922 0.0382577 2.28453 -0.0275722 -0.0378978 0.998943 203.039
0.999542 -0.0121286 0.0291392 1.99835 0.0109201 0.999119 0.0412203 2.31818 -0.0296101 -0.0408807 0.998764 204.462
0.999573 -0.0134811 0.0274929 2.03233 0.0123383 0.999104 0.0412639 2.35144 -0.0280209 -0.0409046 0.998812 205.928
0.999563 -0.0156585 0.0266623 2.0708 0.0145295 0.999043 0.0419667 2.39808 -0.0272901 -0.0415586 0.998804 207.371
0.99951 -0.0183342 0.0269634 2.1114 0.0171537 0.998945 0.0433162 2.4408 -0.0277257 -0.0428297 0.99874 208.779
0.999562 -0.0174329 0.025607 2.13583 0.0163299 0.998987 0.0426096 2.50411 -0.0263202 -0.0421706 0.998804 210.252
0.999545 -0.0172749 0.0264139 2.16036 0.0161338 0.998985 0.0427503 2.55031 -0.0271223 -0.0423018 0.99878 211.68
0.999599 -0.0158129 0.0251893 2.18584 0.0146893 0.998949 0.0441195 2.60502 -0.0258567 -0.0437297 0.998749 213.161
0.999581 -0.0170395 0.0252083 2.22328 0.0159134 0.998929 0.0441408 2.65405 -0.0259303 -0.0437182 0.99875 214.634
0.999566 -0.0167312 0.0259321 2.26344 0.0155812 0.998946 0.0438744 2.7047 -0.0266351 -0.0434491 0.998741 216.087
0.999634 -0.0169208 0.0231002 2.28624 0.0158813 0.998918 0.0443833 2.74349 -0.0238232 -0.0439974 0.99879 217.623
0.999656 -0.0146194 0.023695 2.30896 0.0135283 0.998904 0.0455102 2.82141 -0.0243309 -0.0451715 0.998725 219.056
0.999722 -0.0124385 0.0222051 2.33165 0.0113805 0.998858 0.0470661 2.89638 -0.0227623 -0.0467973 0.998689 220.553
0.999699 -0.013095 0.0228411 2.35711 0.0119987 0.998834 0.0474347 2.95618 -0.0234323 -0.0471436 0.998657 222.005
0.999732 -0.0132044 0.0212949 2.38865 0.0121771 0.998824 0.04758 3.02683 -0.0218953 -0.0473049 0.998685 223.519
0.999724 -0.0139965 0.0211674 2.4086 0.0129788 0.998822 0.0474212 3.08518 -0.0218029 -0.0471305 0.998696 225.009
0.999699 -0.0152608 0.0214801 2.43077 0.0142467 0.998848 0.0465026 3.13814 -0.0221622 -0.0461795 0.998733 226.514
0.999725 -0.015376 0.0201891 2.44977 0.0144159 0.998831 0.046816 3.20274 -0.020882 -0.0465093 0.998745 228.026
0.999717 -0.0147872 0.0210155 2.47794 0.0137868 0.998837 0.0468796 3.27055 -0.0216812 -0.0465735 0.998726 229.487
0.999732 -0.0138443 0.0209481 2.50087 0.0128416 0.998836 0.0472057 3.34315 -0.0215734 -0.0469213 0.998713 231.008
0.999715 -0.01485 0.0210977 2.52493 0.013821 0.998784 0.0480161 3.40042 -0.0217817 -0.0477076 0.998671 232.497
0.999674 -0.0150668 0.0228649 2.54535 0.0139495 0.998772 0.0482203 3.46882 -0.0235588 -0.0478831 0.998623 233.979
0.999691 -0.0150176 0.0221134 2.56212 0.0139323 0.998767 0.0483513 3.52751 -0.0228087 -0.0480251 0.998633 235.527
0.999645 -0.0158791 0.0236502 2.5897 0.0147109 0.998737 0.0487352 3.57682 -0.0243896 -0.0483673 0.998581 237.024
0.999679 -0.0153077 0.0225648 2.61817 0.0141833 0.998728 0.049088 3.64033 -0.0232841 -0.0487487 0.998588 238.528
0.999661 -0.0157166 0.0230638 2.64857 0.0145179 0.998616 0.051213 3.70532 -0.0238322 -0.0508582 0.998472 240.068
0.999603 -0.0156799 0.0255044 2.67363 0.0143577 0.998622 0.0511517 3.76817 -0.0262678 -0.0507615 0.998415 241.557
0.999629 -0.0148971 0.0249223 2.69539 0.0136409 0.998701 0.0498036 3.82637 -0.0256273 -0.0494426 0.998499 243.089
0.999595 -0.0148824 0.0262987 2.72052 0.0136128 0.998801 0.0477392 3.89516 -0.0269743 -0.0473583 0.998564 244.601
0.999633 -0.0133402 0.025675 2.73711 0.0121089 0.998833 0.0475034 3.94205 -0.0262738 -0.0471726 0.998593 246.149
0.999627 -0.0136605 0.0257728 2.77101 0.0123988 0.998784 0.0484259 3.99567 -0.0263998 -0.0480845 0.998545 247.673
0.99962 -0.0132753 0.0262566 2.79368 0.0119704 0.998752 0.0492244 4.05102 -0.0268723 -0.0488888 0.998494 249.189
0.999646 -0.0133971 0.025177 2.83108 0.0121361 0.998735 0.0495123 4.10824 -0.0258052 -0.0491856 0.998508 250.723
0.999655 -0.0131263 0.0249399 2.89033 0.0118855 0.998752 0.0492426 4.18104 -0.0255503 -0.0489266 0.998528 252.252
0.999687 -0.0123848 0.0240294 2.91717 0.0111824 0.998749 0.0494661 4.2481 -0.0246086 -0.0491783 0.998539 253.793
0.999657 -0.0125554 0.0252114 2.94656 0.011282 0.998721 0.0500116 4.31462 -0.0258021 -0.0497072 0.998484 255.3
0.999671 -0.0139318 0.0238738 2.97777 0.0127086 0.998676 0.0505631 4.37781 -0.0245432 -0.0502394 0.998488 256.848
0.999635 -0.0162355 0.0239317 3.0147 0.0149919 0.99861 0.0512315 4.44471 -0.0247253 -0.0508513 0.998453 258.386
0.999561 -0.018911 0.0250249 3.05277 0.0175653 0.998484 0.0528584 4.50393 -0.0259831 -0.0523919 0.998342 259.91
0.999567 -0.0199555 0.0239744 3.0927 0.018655 0.998442 0.0532687 4.58268 -0.0249953 -0.0527954 0.998345 261.451
0.999462 -0.022273 0.0261839 3.13195 0.0208542 0.998404 0.0531889 4.65392 -0.0273232 -0.0526104 0.998294 262.941
0.999404 -0.0241979 0.0267696 3.17244 0.0227273 0.998323 0.0539108 4.72871 -0.0280244 -0.0532673 0.998241 264.504
0.999317 -0.0260179 0.0282332 3.2159 0.024458 0.998268 0.054183 4.80204 -0.0295904 -0.0534515 0.998185 266.065
0.999191 -0.0285566 0.030172 3.24808 0.0268871 0.998197 0.054329 4.86454 -0.0316641 -0.053471 0.99812 267.57
0.99919 -0.0291112 0.0297101 3.29463 0.0274572 0.99817 0.0545699 4.92473 -0.0312405 -0.0537059 0.998122 269.11
0.999104 -0.0291098 0.032466 3.31165 0.0273276 0.998203 0.054017 5.01662 -0.0339747 -0.0530783 0.998066 270.636
0.99912 -0.0276278 0.033266 3.33753 0.0258241 0.998275 0.0534173 5.0833 -0.0346804 -0.0525069 0.998072 272.19
0.999093 -0.0270135 0.0345773 3.38457 0.0251255 0.998268 0.0538897 5.15523 -0.0359678 -0.052969 0.998003 273.722
0.998982 -0.0261567 0.0382384 3.41475 0.0240416 0.99825 0.0547108 5.22987 -0.0395984 -0.0537313 0.997824 275.243
0.998981 -0.0270529 0.0376612 3.44905 0.024987 0.998251 0.0542533 5.31021 -0.0390577 -0.0532537 0.997873 276.792
0.998883 -0.0259553 0.0409167 3.49863 0.02368 0.998239 0.0550947 5.3666 -0.0422701 -0.0540594 0.997699 278.312
0.998881 -0.0263275 0.0407168 3.55245 0.0240407 0.998198 0.0556412 5.44105 -0.0421026 -0.0545966 0.997676 279.871
0.998832 -0.0268356 0.0415744 3.60508 0.0244605 0.998138 0.0565693 5.51073 -0.0430104 -0.0554814 0.997589 281.403
0.998655 -0.0283736 0.0446953 3.66878 0.025768 0.998032 0.0578066 5.57714 -0.0462415 -0.0565737 0.997383 282.922
0.998687 -0.029142 0.0434744 3.72028 0.0265882 0.997993 0.0581535 5.64983 -0.045077 -0.0569164 0.997417 284.473
0.998555 -0.0298625 0.0459522 3.79073 0.0272491 0.998071 0.0564608 5.72058 -0.0475431 -0.0551234 0.997405 285.992
0.998666 -0.0294663 0.0437545 3.85272 0.0269715 0.998076 0.0565045 5.79559 -0.0453303 -0.055244 0.9975 287.553
0.99868 -0.0292668 0.0435782 3.90639 0.0267533 0.998046 0.0571581 5.86408 -0.0451594 -0.0559128 0.997473 289.09
0.998614 -0.0299476 0.0446237 3.96112 0.0273532 0.998003 0.0576081 5.9287 -0.0462545 -0.0563027 0.997399 290.627
0.99874 -0.0298351 0.0417942 4.01679 0.0274033 0.998004 0.0575701 6.00934 -0.0434219 -0.0563482 0.997526 292.197
0.998668 -0.0297975 0.0434907 4.0797 0.0272809 0.998023 0.0573045 6.08656 -0.0451069 -0.0560368 0.997466 293.731
0.998745 -0.0295932 0.041866 4.14143 0.0271615 0.998016 0.0574757 6.16598 -0.0434774 -0.0562625 0.997527 295.319
0.998802 -0.0300056 0.0401715 4.19566 0.0276707 0.998006 0.0574157 6.24507 -0.0418089 -0.0562304 0.9976 296.886
0.998748 -0.0303008 0.0412909 4.25656 0.0278363 0.997911 0.0589763 6.32097 -0.042985 -0.057749 0.997464 298.424
0.998853 -0.0295568 0.039242 4.30491 0.027161 0.997857 0.0601882 6.41598 -0.0409315 -0.0590481 0.997475 300.017
0.99871 -0.0295993 0.0427374 4.36713 0.0269648 0.997818 0.0609305 6.50479 -0.0444409 -0.0596953 0.997287 301.57
0.998723 -0.0289024 0.0428642 4.42098 0.0262297 0.997796 0.0616065 6.58662 -0.0445447 -0.0603984 0.997239 303.157
0.998681 -0.0296215 0.0433862 4.49043 0.0268957 0.997748 0.0620918 6.67749 -0.0451209 -0.0608386 0.997187 304.741
0.998588 -0.0287696 0.046 4.57054 0.0258156 0.997686 0.0635272 6.7302 -0.0477156 -0.0622444 0.99698 306.308
0.998603 -0.0295197 0.0451952 4.64027 0.0266529 0.997714 0.0627463 6.81769 -0.0469373 -0.0614497 0.997066 307.916
0.998534 -0.0299361 0.0464505 4.70395 0.0270443 0.997773 0.0616392 6.91013 -0.0481863 -0.060287 0.997078 309.508
0.998692 -0.0293966 0.0432967 4.77767 0.0266982 0.997784 0.0616118 6.9953 -0.0450053 -0.0603708 0.997222 311.125
0.998789 -0.0291909 0.0411421 4.84001 0.0266272 0.997793 0.0614913 7.08615 -0.0428405 -0.0603158 0.99732 312.71
0.998761 -0.0287201 0.0421425 4.89068 0.0259863 0.997651 0.0640165 7.18596 -0.0438754 -0.0628373 0.997121 314.308
0.998741 -0.0299694 0.0417352 4.95401 0.0271283 0.997426 0.0670013 7.27471 -0.0436301 -0.0657791 0.996941 315.948
0.998749 -0.030302 0.0413252 5.02444 0.0274768 0.997397 0.0672744 7.37208 -0.0432495 -0.0660499 0.996941 317.584
0.998757 -0.0309496 0.0406435 5.09236 0.0281549 0.99736 0.0675666 7.46323 -0.0426216 -0.0663328 0.996949 319.216
0.998737 -0.0315884 0.0406334 5.17575 0.0288409 0.997411 0.0664839 7.54939 -0.0426218 -0.0652232 0.997023 320.843
0.998772 -0.0314711 0.0398875 5.23728 0.0287419 0.997368 0.067186 7.64572 -0.0418912 -0.0659512 0.997006 322.477
0.998756 -0.0313156 0.0404246 5.30124 0.0285711 0.997402 0.066742 7.73662 -0.042403 -0.0654991 0.997015 324.099
0.998656 -0.0311287 0.0429537 5.35677 0.0282444 0.997452 0.066145 7.82117 -0.0448973 -0.0648369 0.996948 325.718
0.998702 -0.0309293 0.0420257 5.42175 0.0281098 0.99746 0.0660766 7.91851 -0.043956 -0.0648045 0.996993 327.364
0.998574 -0.0315419 0.0445261 5.48869 0.0284339 0.997272 0.0687384 8.00676 -0.0465667 -0.0673682 0.996704 328.987
0.998589 -0.0324204 0.043563 5.55994 0.0293422 0.997193 0.0695069 8.11311 -0.0456874 -0.0681257 0.996693 330.613
0.998552 -0.0333772 0.0436699 5.62796 0.030321 0.997211 0.0688146 8.2158 -0.045839 -0.0673847 0.996738 332.217
0.998482 -0.0322607 0.0460873 5.68926 0.0289754 0.997153 0.0702308 8.30781 -0.048215 -0.0687836 0.996529 333.832
0.99862 -0.0307542 0.044045 5.75496 0.0277239 0.997358 0.0677832 8.39743 -0.0460072 -0.0664625 0.996792 335.476
0.998658 -0.0280006 0.0450563 5.81297 0.024966 0.997515 0.0665359 8.45798 -0.0468005 -0.0653167 0.996831 337.068
0.998749 -0.0264635 0.0439188 5.87067 0.0233919 0.997386 0.0689899 8.56831 -0.0456237 -0.0678702 0.996715 338.713
0.998785 -0.0262091 0.0432945 5.9341 0.0230322 0.997161 0.0722932 8.67282 -0.0450595 -0.0712027 0.996508 340.322
0.998786 -0.0257675 0.0435058 5.99304 0.0224687 0.997 0.0746372 8.77407 -0.0452926 -0.0735628 0.996327 341.898
0.998894 -0.0253364 0.0412659 6.05545 0.0221995 0.996998 0.0747554 8.87209 -0.0430293 -0.0737509 0.996412 343.511
0.99892 -0.0252045 0.0406951 6.11042 0.0220716 0.996934 0.075634 8.97975 -0.0424709 -0.0746478 0.99637 345.085
0.999032 -0.025334 0.0377978 6.17297 0.022363 0.996821 0.0770324 9.09984 -0.0396227 -0.0761067 0.996377 346.698
0.999053 -0.0265304 0.0363573 6.25017 0.0236026 0.996665 0.0786676 9.20226 -0.0383175 -0.0777286 0.996303 348.309
0.999037 -0.0264556 0.0368671 6.29451 0.0234864 0.996662 0.0787408 9.27244 -0.0388206 -0.0777931 0.996279 349.868
0.999091 -0.0266234 0.0352412 6.33625 0.0237757 0.996648 0.0788409 9.3821 -0.0372165 -0.0779249 0.99633 351.499
0.999047 -0.0268545 0.0363206 6.38516 0.0239148 0.996627 0.0790575 9.49159 -0.0383146 -0.0781074 0.996274 353.056
0.99906 -0.0275419 0.0354228 6.43755 0.0246514 0.99657 0.0795448 9.60031 -0.0374866 -0.0785904 0.996268 354.665
0.99908 -0.0288482 0.0338062 6.49512 0.0260852 0.99654 0.0794699 9.70805 -0.0359753 -0.0785087 0.99633 356.281
0.999038 -0.0290007 0.0348855 6.54057 0.026152 0.996539 0.0794621 9.81213 -0.0370636 -0.0784669 0.996295 357.841
0.999075 -0.0290506 0.0337954 6.58743 0.0262565 0.996465 0.0803422 9.915 -0.0360035 -0.0793742 0.996261 359.471
0.999058 -0.0295286 0.0338616 6.63698 0.0267352 0.99647 0.0801203 10.0284 -0.0361023 -0.079133 0.996278 361.042
0.999075 -0.0307968 0.0322154 6.68377 0.0281321 0.996434 0.0800993 10.1302 -0.034561 -0.0791125 0.996333 362.665
0.999028 -0.0327749 0.0317245 6.73155 0.0300933 0.99626 0.081543 10.2561 -0.0342729 -0.0805024 0.996233 364.257
0.998944 -0.0341933 0.0328517 6.77986 0.031368 0.996105 0.0829389 10.36 -0.0355533 -0.0818144 0.996081 365.826
0.999 -0.0348729 0.030357 6.82273 0.0322749 0.99614 0.0821698 10.4661 -0.0330998 -0.081101 0.996224 367.473
0.998989 -0.0340579 0.0316341 6.86609 0.0313601 0.996172 0.0821442 10.5764 -0.0343043 -0.0810625 0.996186 369.045
0.999092 -0.032871 0.029535 6.90768 0.0303015 0.99609 0.0835315 10.7043 -0.0321597 -0.082554 0.996136 370.664
0.99908 -0.0321232 0.0308235 6.94314 0.0294028 0.995997 0.0849467 10.8106 -0.0334224 -0.0839556 0.995978 372.247
0.999109 -0.0322099 0.0296974 6.98677 0.0295473 0.995898 0.0860496 10.9004 -0.0323416 -0.0850886 0.995917 373.884
0.999095 -0.0323831 0.0300386 7.03054 0.0296914 0.995893 0.0860572 11.0182 -0.0326956 -0.0850806 0.995906 375.474
0.999047 -0.032066 0.0318525 7.06871 0.0292157 0.995896 0.0861871 11.139 -0.0344796 -0.0851675 0.995839 377.05
0.999156 -0.0302125 0.030275 7.10378 0.0274709 0.99586 0.0871713 11.2952 -0.0327768 -0.0862592 0.995802 378.686
0.999125 -0.0295364 0.0318756 7.14409 0.0266227 0.995793 0.0881995 11.4112 -0.0343405 -0.0872668 0.995663 380.265
0.999183 -0.0283953 0.0311207 7.18918 0.0255256 0.995753 0.0889848 11.5415 -0.0335085 -0.0881108 0.995617 381.887
0.999194 -0.0276518 0.0314337 7.23255 0.0247352 0.995716 0.0896136 11.666 -0.0337711 -0.0887567 0.995551 383.489
0.999162 -0.027119 0.0328779 7.26778 0.0240622 0.995696 0.0900161 11.7797 -0.0351708 -0.0891425 0.995467 385.11
0.999285 -0.0249676 0.0307973 7.30618 0.0220673 0.995643 0.0911124 11.9038 -0.032932 -0.0903604 0.995435 386.75
0.999254 -0.0239273 0.0325833 7.34554 0.0208253 0.995553 0.0923909 12.0297 -0.0346422 -0.0916361 0.99526 388.339
0.999295 -0.0234643 0.0316589 7.3848 0.0204333 0.995518 0.0928374 12.1639 -0.0336895 -0.0921177 0.995248 389.973
0.9993 -0.0227267 0.0320714 7.42936 0.0196579 0.995526 0.0929233 12.2976 -0.0340329 -0.09222 0.995227 391.586
0.999247 -0.0230682 0.0334597 7.47115 0.0198452 0.995458 0.0936082 12.4252 -0.0354611 -0.0928663 0.995118 393.178
