1 0 0 0 0 1 0 0 0 0 1 0
1 -0.000286978 1.38189e-05 -0.00605787 0.000286916 0.999999 0.00136938 -0.0116367 -1.41065e-05 -0.00136921 0.999999 1.31208
0.999999 -0.000922757 0.000757537 -0.0112178 0.000921619 0.999999 0.00151303 -0.024256 -0.000758934 -0.00151227 0.999999 2.61196
0.999998 -0.00170553 -9.98302e-05 -0.0132941 0.00170565 0.999998 0.00147162 -0.0534938 9.75096e-05 -0.00147159 0.999999 3.9521
0.999998 -0.00167019 0.00164083 -0.0230854 0.00166742 0.999997 0.0017332 -0.0685887 -0.00164373 -0.00173045 0.999998 5.27577
0.999999 -0.00178701 9.51951e-05 -0.0288864 0.00178659 0.999994 0.00309145 -0.0600329 -0.000100428 -0.00309095 0.999996 6.63126
0.999995 -0.00329609 8.64226e-05 -0.0370277 0.00329577 0.999987 0.00410821 -0.0845244 -9.98647e-05 -0.00410786 0.999993 7.96805
0.999996 -0.00284415 0.0010772 -0.0513305 0.0028394 0.999988 0.00420601 -0.0671042 -0.00108868 -0.00420249 0.999992 9.28255
0.999997 -0.0030787 4.52956e-05 -0.0608953 0.00307881 0.999996 0.000834663 -0.0864055 -4.77218e-05 -0.00083451 1 10.6294
1 -6.5274e-06 0.000908187 -0.0701189 6.65748e-06 1 -0.000356898 -0.0792737 -0.00090758 0.00035729 1 11.9557
0.999998 0.00254089 2.77528e-05 -0.0842604 -0.00254068 0.999995 -0.00209001 -0.107295 -3.29727e-05 0.0020899 1 13.3056
0.999985 0.00576969 0.000521624 -0.094962 -0.00576854 0.999982 -0.00251211 -0.114197 -0.000535476 0.00250943 0.999999 14.656
0.999982 0.00612339 0.00145359 -0.108527 -0.00612102 0.999981 -0.00154325 -0.105901 -0.00146275 0.00153435 1 15.9841
0.999989 0.00511457 0.00108017 -0.103148 -0.00511626 0.999988 0.00138187 -0.123133 -0.00107234 -0.00138705 1 17.3539
0.999999 0.00125274 0.00243633 -0.0998423 -0.00126173 0.999994 0.00373641 -0.137325 -0.00243132 -0.0037393 0.999993 18.6962
1 -0.000849131 0.00099017 -0.087654 0.000846954 1 0.00193336 -0.154908 -0.000990759 -0.00193211 1 20.0365
1 -0.00100368 0.00233189 -0.0814615 0.000997282 0.999997 0.00273782 -0.135362 -0.00233396 -0.00273523 0.999997 21.3771
1 0.000714843 0.00184244 -0.0825126 -0.000719142 1 0.00219288 -0.133584 -0.00183926 -0.00219383 1 22.7351
0.999997 0.00281793 0.00262013 -0.0892616 -0.00282405 0.999995 0.00233808 -0.116212 -0.00261253 -0.00234505 0.999997 24.091
0.99999 0.0028761 0.00457601 -0.0936277 -0.00290958 0.999974 0.00726475 -0.120722 -0.00455318 -0.0072776 0.99997 25.4381
0.999996 0.00266983 0.00371135 -0.0905203 -0.00270373 0.999956 0.00915348 -0.133702 -0.00368573 -0.00916335 0.999956 26.8166
0.999994 -0.000229349 0.00467474 -0.0842255 0.000188142 0.999966 0.0087554 -0.169745 -0.00467483 -0.00875407 0.999956 28.1458
1 -0.000774546 0.00335845 -0.0832669 0.000752181 0.99998 0.00663734 -0.195237 -0.00336254 -0.00663496 0.999977 29.5275
0.99999 -0.000448502 0.00553259 -0.0810957 0.000412367 0.999982 0.00647961 -0.214534 -0.00553381 -0.00647673 0.99997 30.8838
0.999999 0.00168533 0.00326257 -0.0998517 -0.00170656 0.999981 0.00648299 -0.21108 -0.00325058 -0.00648881 0.999978 32.3494
0.999997 0.0018604 0.00376741 -0.0977678 -0.00188322 0.999984 0.00598496 -0.227454 -0.00375462 -0.00599138 0.99998 33.7322
0.999996 0.000823033 0.00448499 -0.082923 -0.000854988 0.999978 0.00710687 -0.252104 -0.00447803 -0.00711106 0.99997 35.1089
1 0.000786317 0.00320981 -0.0811261 -0.000816511 0.999961 0.00929263 -0.26667 -0.00320078 -0.00929454 0.999958 36.5157
0.999995 0.00175353 0.00434467 -0.0851056 -0.00180184 0.99994 0.011121 -0.27107 -0.00432389 -0.0111291 0.999934 37.9016
0.999988 0.00519242 0.00341707 -0.083851 -0.00522817 0.999936 0.0104467 -0.263379 -0.00336103 -0.0104636 0.999946 39.3093
0.999976 0.00680568 0.00405781 -0.100616 -0.0068508 0.999918 0.0111697 -0.265089 -0.00398048 -0.0111975 0.999935 40.6976
0.999965 0.00800078 0.00471231 -0.104124 -0.00805415 0.999907 0.0113586 -0.260134 -0.00461944 -0.0113952 0.99993 42.1011
0.999975 0.00762163 0.00300269 -0.108332 -0.0076578 0.999901 0.0121611 -0.256164 -0.00290833 -0.012184 0.999928 43.5231
0.999974 0.00734513 0.00404174 -0.112815 -0.00739494 0.999901 0.0123619 -0.253226 -0.00394867 -0.0123905 0.999922 44.929
0.999986 0.00657485 0.00152731 -0.097195 -0.00659053 0.999929 0.0104119 -0.262637 -0.00145737 -0.0104221 0.999952 46.355
0.999989 0.00622291 0.00126909 -0.108885 -0.00623496 0.99994 0.00950707 -0.246111 -0.0012079 -0.00951404 0.999961 47.7934
0.99999 0.00616449 -0.00096517 -0.119301 -0.0061546 0.999934 0.0101258 -0.249529 0.00102887 -0.0101201 0.999956 49.2216
0.99999 0.00587267 -0.00213569 -0.135884 -0.00584904 0.999927 0.0110123 -0.255573 0.00220226 -0.0109989 0.999945 50.6467
0.999991 0.00597679 -0.00149705 -0.138988 -0.00595969 0.999923 0.011369 -0.255441 0.00156614 -0.0113603 0.999942 52.0497
0.999987 0.00553413 -0.00416799 -0.152552 -0.00548158 0.999911 0.0125914 -0.248181 0.00423931 -0.0125678 0.99992 53.491
0.999992 0.00489023 -0.00357715 -0.163702 -0.00484111 0.999899 0.013742 -0.244127 0.0036453 -0.0137248 0.999908 54.9153
0.999985 0.00436414 -0.00576608 -0.174148 -0.00428694 0.999907 0.0133773 -0.257093 0.00582593 -0.0133518 0.999903 56.415
0.999987 0.00260137 -0.00638884 -0.188961 -0.00251522 0.999912 0.0135377 -0.256166 0.00642479 -0.0135216 0.999897 57.84
0.999995 0.00201108 -0.00532336 -0.193822 -0.00193834 0.99991 0.0137124 -0.26086 0.00535229 -0.0137013 0.999903 59.2627
0.999994 0.000776564 -0.00596469 -0.203608 -0.000692964 0.999907 0.0140957 -0.262449 0.00597628 -0.0140915 0.999893 60.6917
1.00001 0.000709952 -0.00371327 -0.211435 -0.000656477 0.999902 0.0144917 -0.2516 0.00372508 -0.0144885 0.999901 62.0972
1.00001 -0.000156376 -0.0035447 -0.210137 0.000206787 0.999904 0.0143868 -0.272008 0.00354332 -0.0143877 0.999901 63.5408
1.00001 -0.00047166 -0.00302929 -0.215677 0.00051344 0.999911 0.0139316 -0.269073 0.00302425 -0.0139325 0.999912 64.9611
1.00001 -0.00162979 0.000464685 -0.22065 0.00162356 0.999936 0.0118835 -0.262191 -0.000482827 -0.0118829 0.999941 66.3218
1.00001 -0.000435533 -0.00012059 -0.230191 0.000436559 0.999934 0.0122141 -0.262176 0.00011682 -0.0122135 0.99994 67.7444
1.00001 0.00144255 0.00276112 -0.228155 -0.00148129 0.999911 0.013862 -0.266607 -0.00273977 -0.0138662 0.999912 69.1459
1 0.00490242 0.00221957 -0.235757 -0.00493604 0.999882 0.0151953 -0.270055 -0.00214339 -0.0152055 0.999897 70.5627
0.999961 0.00968419 0.00342692 -0.244105 -0.00973887 0.999831 0.0161482 -0.28821 -0.00326894 -0.0161809 0.999876 71.9543
0.999948 0.0112819 0.00250546 -0.257967 -0.0113178 0.99984 0.0145618 -0.269991 -0.00233934 -0.0145887 0.999906 73.3689
0.99989 0.0154967 0.00305278 -0.266408 -0.015538 0.999792 0.0138818 -0.271445 -0.00283601 -0.0139277 0.999912 74.774
0.999875 0.0161543 0.00462603 -0.27192 -0.0162179 0.999782 0.0139517 -0.271057 -0.00439802 -0.0140244 0.999906 76.1552
0.999871 0.0168116 0.00211159 -0.272346 -0.016838 0.999783 0.0130029 -0.257795 -0.0018914 -0.0130368 0.999926 77.5259
0.999892 0.0149092 0.00530581 -0.270379 -0.0149724 0.999827 0.0119759 -0.260988 -0.00512477 -0.0120535 0.999929 78.9082
0.999905 0.0141928 0.00425904 -0.276014 -0.0142402 0.999845 0.01122 -0.250961 -0.00409815 -0.0112796 0.999942 80.3135
0.999917 0.0136459 0.00389641 -0.271803 -0.0136897 0.999854 0.0112462 -0.252373 -0.00374091 -0.011298 0.999943 81.6988
0.99992 0.0126322 0.00553941 -0.257981 -0.0126938 0.999867 0.0111792 -0.260367 -0.00539649 -0.0112488 0.999936 83.0723
0.999929 0.0126271 0.00445201 -0.260203 -0.0126769 0.999867 0.0112334 -0.264378 -0.00430811 -0.0112883 0.999941 84.4617
0.999926 0.0125189 0.00480634 -0.262993 -0.0125742 0.999864 0.0115694 -0.26195 -0.00465987 -0.0116291 0.999936 85.8158
0.99993 0.0130582 0.00281391 -0.262523 -0.0130911 0.999856 0.0117984 -0.249801 -0.00265799 -0.0118336 0.999941 87.1987
0.999938 0.0123604 0.00188695 -0.267105 -0.012384 0.999852 0.0127836 -0.250663 -0.00172781 -0.0128061 0.999932 88.5682
0.99997 0.00983351 0.00167962 -0.271311 -0.00985469 0.999882 0.0127677 -0.252873 -0.00155242 -0.012783 0.999932 89.9225
0.999986 0.00786384 0.000550329 -0.267472 -0.00787063 0.9999 0.0125967 -0.251685 -0.000450287 -0.0126007 0.999935 91.3201
1.00001 0.00503908 -0.000466985 -0.254956 -0.00503326 0.999917 0.0128009 -0.250688 0.000532876 -0.0127977 0.999933 92.6902
1.00001 0.00385415 -0.000548948 -0.266437 -0.00384763 0.999923 0.0127314 -0.266872 0.000598978 -0.0127292 0.999934 94.0914
1.00001 0.00468679 -0.000155511 -0.278872 -0.00468526 0.99993 0.011911 -0.2577 0.00021276 -0.0119093 0.999945 95.4686
1.00001 0.00405567 -0.000580219 -0.288533 -0.00404968 0.999935 0.011615 -0.275251 0.000628422 -0.0116123 0.999948 96.8471
1.00002 0.00256928 -0.00145823 -0.294306 -0.00255378 0.999948 0.0109659 -0.277436 0.00148775 -0.0109613 0.999954 98.2322
1.00002 0.00132138 -0.00220064 -0.323795 -0.00130031 0.999959 0.0100442 -0.272854 0.00221502 -0.0100411 0.999963 99.6064
1.00002 0.00149294 -0.00173474 -0.337201 -0.00147403 0.999947 0.011271 -0.283747 0.00175318 -0.0112674 0.999951 100.977
1.00002 0.00164152 0.000247153 -0.350225 -0.0016454 0.999944 0.0114251 -0.282697 -0.000227078 -0.0114252 0.99995 102.313
1.00002 0.00106582 -4.19086e-05 -0.36243 -0.0010661 0.999956 0.0105607 -0.29508 5.50942e-05 -0.0105598 0.999961 103.681
1.00002 0.00121626 0.000316606 -0.370118 -0.00122037 0.999967 0.00927566 -0.298933 -0.000303904 -0.00927567 0.999974 105.016
1.00002 0.000948852 0.000712378 -0.381905 -0.000955384 0.999979 0.00797973 -0.30923 -0.000702626 -0.00797926 0.999985 106.324
1.00002 -0.00185989 0.000352021 -0.383815 0.00185552 0.999974 0.00844924 -0.313731 -0.000366242 -0.00844811 0.999981 107.682
1.00001 -0.00359984 0.00127797 -0.382961 0.00358608 0.999956 0.00989866 -0.312807 -0.00131144 -0.00989287 0.999968 108.986
1.00001 -0.00513078 0.0017919 -0.385427 0.00511014 0.999942 0.0105912 -0.32155 -0.00184448 -0.0105814 0.99996 110.336
1 -0.00559019 0.00288896 -0.384081 0.00556043 0.999947 0.00989669 -0.335376 -0.00294194 -0.00987922 0.999964 111.666
1 -0.00403276 0.00499696 -0.391132 0.00398989 0.999969 0.00828796 -0.341396 -0.00502849 -0.00826741 0.999972 112.982
1 -0.00190018 0.00551454 -0.397358 0.00185853 0.999984 0.0073456 -0.35051 -0.00552587 -0.00733361 0.999976 114.331
0.999997 -0.000102755 0.00702906 -0.40436 5.48527e-05 0.999989 0.00661524 -0.3621 -0.00702786 -0.00661411 0.999972 115.655
0.999985 0.0012909 0.00847662 -0.402015 -0.00136857 0.999971 0.00904401 -0.365364 -0.00846217 -0.00905336 0.999942 117.018
0.999966 0.000794176 0.0106139 -0.396739 -0.000914089 0.999947 0.0111664 -0.373066 -0.0106027 -0.011175 0.9999 118.331
0.999963 0.000845871 0.0108634 -0.390388 -0.000976187 0.999941 0.0119046 -0.373863 -0.0108501 -0.0119127 0.999889 119.698
0.999945 0.00187066 0.0122903 -0.381723 -0.00200703 0.999948 0.0109799 -0.370304 -0.0122673 -0.0110031 0.999883 121.045
0.999916 0.00320638 0.0142757 -0.370827 -0.00335518 0.999954 0.0103419 -0.382602 -0.0142391 -0.010387 0.999864 122.368
0.999905 0.00502419 0.0145587 -0.364021 -0.00517223 0.999946 0.0100591 -0.385166 -0.0145056 -0.0101324 0.999863 123.721
0.999865 0.00589484 0.0167406 -0.348576 -0.00606169 0.999945 0.00987002 -0.3849 -0.0166784 -0.00996827 0.999831 125.037
0.999844 0.00742557 0.0174548 -0.3329 -0.00759389 0.999936 0.00951849 -0.38745 -0.0173811 -0.00964866 0.999822 126.406
0.999811 0.00690104 0.0194533 -0.307079 -0.00708888 0.999942 0.00954855 -0.387291 -0.0193831 -0.00968288 0.999786 127.749
0.999756 0.00680635 0.0221572 -0.280791 -0.00703549 0.999934 0.0102204 -0.392845 -0.0220842 -0.010373 0.999723 129.074
0.999767 0.00582307 0.0219605 -0.262518 -0.00606023 0.999937 0.0106961 -0.389481 -0.0218936 -0.0108249 0.999722 130.433
0.999721 0.00577094 0.0239894 -0.234749 -0.00603612 0.999934 0.0109429 -0.401238 -0.0239224 -0.011084 0.999674 131.759
0.999716 0.00535623 0.0242553 -0.20876 -0.00562539 0.999936 0.0109965 -0.411686 -0.0241917 -0.011128 0.999666 133.139
0.999727 0.00371395 0.0241224 -0.1779 -0.0039907 0.999939 0.0113778 -0.421725 -0.0240764 -0.0114705 0.999666 134.475
0.999716 0.0021268 0.0247981 -0.140455 -0.0024086 0.999946 0.0112899 -0.430478 -0.0247695 -0.0113446 0.99965 135.791
0.999765 0.000943377 0.0228423 -0.119716 -0.00120108 0.999948 0.011208 -0.435013 -0.0228284 -0.0112323 0.999698 137.158
0.999767 -0.00133764 0.022735 -0.0908428 0.00107995 0.999949 0.011293 -0.446784 -0.0227458 -0.0112639 0.9997 138.481
0.999806 -0.00282955 0.0208658 -0.0692817 0.0025806 0.999939 0.0118723 -0.450967 -0.020896 -0.0118156 0.999736 139.838
0.999814 -0.00301438 0.0204436 -0.0461118 0.00277773 0.999943 0.0115386 -0.443656 -0.0204742 -0.0114778 0.999748 141.158
0.999874 -0.00453694 0.0169283 -0.0198716 0.00433655 0.999934 0.0117628 -0.444609 -0.0169784 -0.0116873 0.999812 142.591
0.999889 -0.00445009 0.0161306 -0.000298256 0.00427354 0.999946 0.0108933 -0.439716 -0.0161753 -0.0108214 0.999834 143.934
0.999872 -0.00627982 0.0165719 0.0247897 0.00612639 0.999951 0.00920144 -0.439189 -0.0166269 -0.00909815 0.999844 145.265
0.999863 -0.0111776 0.0145483 0.0448867 0.0110449 0.999912 0.00907235 -0.457751 -0.0146456 -0.00890882 0.999878 146.623
0.999796 -0.0170789 0.0132314 0.0774307 0.0169345 0.999811 0.0108236 -0.459979 -0.0134118 -0.0105967 0.999878 147.995
0.999742 -0.0216934 0.0105518 0.0999619 0.0215706 0.999718 0.0114492 -0.460756 -0.0107948 -0.011217 0.999905 149.351
0.999682 -0.0246681 0.00949411 0.116893 0.0245596 0.999649 0.0111819 -0.461041 -0.00976499 -0.0109446 0.999918 150.692
0.999669 -0.0245519 0.0112588 0.124966 0.024456 0.999681 0.00842051 -0.464107 -0.0114595 -0.00814083 0.999928 152.091
0.999721 -0.0224345 0.0109802 0.125989 0.0223588 0.999742 0.00678846 -0.45837 -0.0111281 -0.00654039 0.999944 153.439
0.999712 -0.0218197 0.0129143 0.135842 0.0217426 0.999762 0.00594323 -0.481603 -0.0130383 -0.00565924 0.999927 154.798
0.999631 -0.0257011 0.0120139 0.139922 0.0256188 0.999664 0.00677293 -0.492348 -0.0121824 -0.00646196 0.999932 156.157
0.999477 -0.0308974 0.0126834 0.164882 0.0307762 0.999498 0.00948452 -0.50225 -0.0129675 -0.00908768 0.999903 157.502
0.999312 -0.0351796 0.0143403 0.178712 0.0350285 0.999346 0.0104798 -0.49707 -0.0146981 -0.00996964 0.99987 158.835
0.999238 -0.037687 0.0132241 0.198759 0.0375452 0.999256 0.010646 -0.500193 -0.0136126 -0.0101398 0.999884 160.18
0.999234 -0.0367619 0.0157567 0.212676 0.0365936 0.999287 0.0106868 -0.492305 -0.0161366 -0.0101015 0.999848 161.511
0.999392 -0.0323079 0.0157614 0.227391 0.0321224 0.999435 0.0117405 -0.48714 -0.0161285 -0.011225 0.999837 162.867
0.999428 -0.0294185 0.0186496 0.230046 0.0292669 0.999553 0.00822716 -0.464361 -0.0188816 -0.00767616 0.999822 164.215
0.999516 -0.0279 0.0163014 0.22881 0.0277855 0.999608 0.0070717 -0.46666 -0.016489 -0.00661331 0.999872 165.523
0.999537 -0.0266811 0.0169101 0.241246 0.0265533 0.999635 0.00760068 -0.473693 -0.0171053 -0.00714764 0.999858 166.88
0.999563 -0.0252029 0.0177212 0.258608 0.0250687 0.999676 0.00763246 -0.469043 -0.0179046 -0.00718287 0.999845 168.216
0.999635 -0.0233139 0.0161029 0.273957 0.0232168 0.99973 0.00604374 -0.471436 -0.0162386 -0.00566737 0.999884 169.592
0.999689 -0.0205912 0.0165791 0.275934 0.0205394 0.999804 0.00316661 -0.473342 -0.0166378 -0.00282317 0.999889 170.909
0.999797 -0.0155249 0.0154222 0.275676 0.0154914 0.999896 0.00212647 -0.477561 -0.0154525 -0.00188678 0.999912 172.291
0.999851 -0.011499 0.015619 0.283001 0.0114422 0.999949 0.00359124 -0.481227 -0.0156564 -0.00341008 0.999903 173.66
0.999845 -0.00924207 0.0172827 0.296512 0.00914684 0.999962 0.00544248 -0.487133 -0.0173313 -0.00528303 0.99987 175.026
0.999861 -0.00948012 0.0163209 0.309973 0.00936191 0.999951 0.00717887 -0.484892 -0.016385 -0.00702298 0.999873 176.439
0.999823 -0.0125638 0.0165386 0.331705 0.0124112 0.9999 0.00915649 -0.49041 -0.016651 -0.008949 0.999856 177.808
0.999833 -0.0148578 0.0139763 0.355714 0.0147142 0.999862 0.0101639 -0.497039 -0.0141222 -0.00995438 0.999885 179.188
0.999808 -0.0174068 0.0125669 0.39285 0.0173541 0.999861 0.00407894 -0.482734 -0.0126351 -0.0038595 0.999947 180.536
0.999845 -0.0163293 0.0112191 0.409854 0.0163297 0.999889 -0.00016122 -0.486287 -0.011212 0.000346424 0.999973 181.916
0.999891 -0.0136833 0.0103798 0.430878 0.0137041 0.999924 -0.00218505 -0.494775 -0.0103481 0.00232748 0.999978 183.284
0.999914 -0.0106647 0.0119009 0.440343 0.0106796 0.999965 -0.00137487 -0.523494 -0.0118825 0.00150377 0.999964 184.641
0.999942 -0.00892306 0.0107508 0.445875 0.00890324 0.99998 0.00164765 -0.534985 -0.0107643 -0.00155133 0.999977 186.051
0.999967 -0.00998205 0.00699008 0.442761 0.00997277 0.999972 0.00105166 -0.537991 -0.00699727 -0.000979964 1.00001 187.48
0.999963 -0.0106424 0.00644464 0.44986 0.01063 0.999964 0.00154963 -0.54306 -0.00646002 -0.00148068 1.00001 188.9
0.999928 -0.0136949 0.00643575 0.456622 0.0136794 0.999928 0.00212492 -0.55702 -0.00646077 -0.00203502 1.00001 190.302
0.999904 -0.0150257 0.00682565 0.471514 0.0150057 0.999906 0.00260666 -0.584436 -0.00686333 -0.00250356 1.00001 191.688
0.9999 -0.015934 0.00581547 0.476573 0.0159147 0.999894 0.00301341 -0.613795 -0.0058594 -0.00291897 1.00002 193.128
0.999861 -0.0176694 0.00706276 0.487818 0.0176349 0.999857 0.0045275 -0.63084 -0.00714099 -0.00440167 1 194.521
0.999795 -0.0214572 0.00602628 0.497511 0.0214161 0.999775 0.00644565 -0.643522 -0.00615976 -0.0063136 0.999999 195.954
0.999751 -0.0232601 0.0064917 0.506389 0.0232061 0.999723 0.00783364 -0.674276 -0.00667139 -0.0076803 0.999986 197.351
0.999798 -0.0215201 0.00522591 0.501231 0.0214951 0.999785 0.00440286 -0.683659 -0.00531612 -0.00428774 1.00002 198.795
0.999917 -0.0147251 0.00581967 0.493676 0.014719 0.999916 0.000593471 -0.688792 -0.00582712 -0.000506807 1.00002 200.214
0.999991 -0.00644347 0.00806547 0.482423 0.00643701 1.00001 0.000578013 -0.689568 -0.00806572 -0.000524204 1.00001 201.619
1.00001 -0.0015378 0.00748708 0.457197 0.00151527 1.00002 0.0026454 -0.688587 -0.00749048 -0.00263308 1.00001 203.103
0.999999 -5.63402e-05 0.00955974 0.461436 -7.52338e-06 1 0.00648357 -0.698235 -0.00955681 -0.0064817 0.999973 204.544
1.00001 -0.00152027 0.00802557 0.467466 0.00146624 1 0.00639229 -0.714193 -0.00803439 -0.00637955 0.999987 206.002
1.00001 -0.00409007 0.00709533 0.477524 0.00403866 0.999993 0.00698089 -0.718921 -0.00712079 -0.00695031 0.99999 207.445
1 -0.00557922 0.0070674 0.489929 0.00552498 0.999982 0.00730843 -0.724456 -0.00710703 -0.00726834 0.999988 208.888
1.00002 -0.00469395 0.00582302 0.487835 0.00465495 0.999995 0.00637089 -0.722078 -0.00584982 -0.00634177 1 210.366
1.00001 -0.00437361 0.00672782 0.487593 0.00432878 0.999997 0.00624548 -0.73272 -0.00675395 -0.00621512 0.999999 211.797
1.00003 -0.00277682 0.00552151 0.483516 0.00273468 0.999997 0.00727777 -0.73854 -0.00553837 -0.00726068 1 213.278
1.00003 -0.0034893 0.00526696 0.486746 0.0034466 0.999991 0.00754949 -0.742789 -0.00529232 -0.0075302 1 214.741
1.00002 -0.0034432 0.00608694 0.494899 0.00339711 0.999994 0.00726133 -0.748458 -0.00610857 -0.00723865 0.999998 216.18
1.00003 -0.00329292 0.00448629 0.490082 0.00325664 0.999993 0.00742465 -0.755946 -0.00450971 -0.00740907 1 217.675
1.00003 -0.00606687 0.00246405 0.544101 0.00604886 0.999987 0.00650658 -0.757211 -0.00250023 -0.00648965 1.00002 219.143
1.00004 -0.00358696 0.000715734 0.536944 0.00357862 0.999995 0.00719878 -0.754973 -0.000740831 -0.00719542 1.00002 220.632
1.00004 -0.00405126 0.00126819 0.532427 0.00404056 0.999996 0.00680645 -0.768336 -0.00129263 -0.00679954 1.00002 222.094
1.00004 -0.00438147 -0.000669293 0.53877 0.00438252 0.999999 0.00624366 -0.766542 0.000642699 -0.00624576 1.00002 223.61
1.00005 -0.00284181 -0.00101886 0.528628 0.00284691 1 0.00677474 -0.765965 0.00100259 -0.00677584 1.00002 225.096
1.00005 -0.00127679 -0.000191143 0.515595 0.00127495 1.00001 0.00645667 -0.763422 0.00018369 -0.00645599 1.00002 226.568
1.00005 -0.000948122 -0.00182562 0.497624 0.000958626 1.00001 0.00672378 -0.782708 0.00182235 -0.00672365 1.00002 228.094
1.00004 -0.00266242 -0.00108505 0.48947 0.00266648 1 0.00661528 -0.802004 0.0010682 -0.00661727 1.00002 229.584
1.00005 -0.00173904 -0.00150195 0.487469 0.00174738 1 0.00676421 -0.794744 0.00149343 -0.00676497 1.00002 231.092
1.00005 -0.00249156 -0.00127486 0.478249 0.00249827 0.999996 0.00773761 -0.800417 0.00125656 -0.00773995 1.00001 232.576
1.00005 -0.00283003 -5.3079e-05 0.46784 0.00282864 0.999991 0.00825554 -0.789579 3.33878e-05 -0.0082539 1.00001 234.066
1.00005 -0.00254767 -0.00108774 0.463281 0.00255328 0.999993 0.00813553 -0.791792 0.00106811 -0.00813733 1.00001 235.569
1.00005 -0.0033113 0.000528214 0.455575 0.00330517 0.999988 0.00843151 -0.800315 -0.000552694 -0.00842803 1.00001 237.069
1.00005 -0.00278989 -0.000521035 0.44842 0.00279117 0.999987 0.00873761 -0.796259 0.000497798 -0.00873817 1.00001 238.574
1.00004 -0.00389003 0.000185504 0.438141 0.00388655 0.99997 0.0101631 -0.80676 -0.000221677 -0.0101607 0.999997 240.083
1.00004 -0.00388975 0.00220446 0.435826 0.0038629 0.999965 0.0106583 -0.807759 -0.00224456 -0.0106488 0.999987 241.59
1.00004 -0.00374019 0.00165832 0.422065 0.00372429 0.999984 0.00880553 -0.80997 -0.00168799 -0.00879766 1.00001 243.127
1.00004 -0.00396094 0.00287677 0.426675 0.00394087 1 0.00587738 -0.810968 -0.00289875 -0.005865 1.00002 244.651
1.00004 -0.00343451 0.0021219 0.420312 0.00342068 1.00001 0.006036 -0.82016 -0.00213931 -0.00602709 1.00003 246.178
1.00004 -0.00376585 0.00220366 0.418203 0.0037473 0.999999 0.00699346 -0.830002 -0.00222886 -0.00698413 1.00002 247.704
1.00004 -0.00395905 0.00277876 0.41013 0.00393757 0.999995 0.00732764 -0.838856 -0.00280437 -0.0073151 1.00002 249.215
1.00004 -0.00408336 0.00171083 0.40977 0.00406716 0.999992 0.00763943 -0.846115 -0.00174105 -0.00763152 1.00002 250.751
1.00004 -0.00331381 0.00281864 0.399864 0.00329046 0.999993 0.00794329 -0.851358 -0.00284156 -0.0079324 1.00002 252.264
1.00005 -0.00296431 0.00176869 0.401113 0.00294755 0.999996 0.00767976 -0.849685 -0.00179053 -0.00767349 1.00002 253.808
1.00005 -0.00343961 0.00174459 0.423537 0.00342341 0.999986 0.00873004 -0.828652 -0.00177125 -0.00872234 1.00001 255.393
1.00004 -0.00558186 -0.00152717 0.435585 0.00559033 0.999985 0.0077251 -0.86001 0.00148473 -0.0077326 1.00002 257.008
1.00003 -0.00631225 -0.00148143 0.428052 0.0063234 0.999976 0.00829349 -0.8522 0.00143206 -0.00830115 1.00002 258.537
1.00001 -0.00974474 -0.00161601 0.472761 0.00975718 0.999933 0.00995506 -0.858834 0.00151971 -0.00996942 0.999997 260.097
1 -0.0100168 -0.00273466 0.472057 0.0100417 0.999934 0.00964007 -0.862928 0.00264078 -0.00966561 1 261.633
1 -0.00999265 -0.0018343 0.46263 0.0100064 0.999934 0.00953903 -0.86515 0.00173951 -0.00955612 1 263.157
1 -0.0100094 -0.00257226 0.4738 0.0100333 0.999931 0.00994049 -0.85774 0.0024752 -0.00996439 1 264.697
0.999974 -0.0127142 -0.000591433 0.463818 0.012716 0.999903 0.00958892 -0.843554 0.00047014 -0.00959477 1 266.284
0.999951 -0.0142432 0.00258591 0.460654 0.0142247 0.999908 0.00652387 -0.862013 -0.00267582 -0.00648506 1.00003 267.818
0.999943 -0.0148789 0.00235265 0.460139 0.0148614 0.999903 0.00594614 -0.872377 -0.00244002 -0.00590946 1.00003 269.349
0.999949 -0.0139902 0.00471461 0.456822 0.0139605 0.999915 0.00598943 -0.878962 -0.00479502 -0.00592163 1.00002 270.888
0.999972 -0.0124539 0.00419432 0.458661 0.012425 0.999935 0.00609975 -0.891025 -0.00426896 -0.00604626 1.00002 272.429
0.999979 -0.0115916 0.00514608 0.45761 0.0115597 0.999946 0.00596248 -0.895239 -0.00521175 -0.00590156 1.00002 273.969
0.999981 -0.00977995 0.00782883 0.450029 0.0097197 0.999959 0.00730668 -0.913937 -0.00789858 -0.00722915 0.999994 275.51
0.999957 -0.0109611 0.00921109 0.450941 0.0108993 0.99995 0.00660274 -0.92154 -0.00927953 -0.00650056 0.999991 277.057
0.999937 -0.0100511 0.01208 0.453738 0.00996608 0.99996 0.00681928 -0.928178 -0.0121464 -0.00669712 0.999956 278.589
0.999933 -0.0108533 0.0116672 0.466532 0.010777 0.999953 0.00648217 -0.92599 -0.0117333 -0.00635464 0.999965 280.134
0.999916 -0.0113177 0.0127196 0.478031 0.0112268 0.999946 0.00694652 -0.933018 -0.0127957 -0.00680158 0.999948 281.666
0.999828 -0.0132931 0.0169941 0.495394 0.013157 0.999914 0.00801908 -0.945427 -0.0170951 -0.00779254 0.999878 283.174
0.999832 -0.0139811 0.0162045 0.5 0.0138431 0.999902 0.00839399 -0.951568 -0.0163182 -0.00816643 0.999887 284.717
0.999777 -0.0147642 0.0187606 0.528816 0.014644 0.999906 0.00646403 -0.958558 -0.0188499 -0.00618614 0.999858 286.239
0.999819 -0.0144676 0.0166299 0.553531 0.0143714 0.999914 0.00568966 -0.97089 -0.0167084 -0.00544765 0.9999 287.8
0.999818 -0.0146537 0.0165695 0.565743 0.0145364 0.999904 0.00710665 -0.968892 -0.0166677 -0.00686279 0.999893 289.324
0.999778 -0.0157251 0.0179844 0.589209 0.0155846 0.999883 0.00772954 -0.977337 -0.0181011 -0.00744524 0.999864 290.858
0.999829 -0.0154584 0.0151442 0.602496 0.0153411 0.999887 0.00774543 -0.977192 -0.0152578 -0.00750991 0.999911 292.43
0.999812 -0.0147864 0.0168858 0.627736 0.0146605 0.999899 0.00733874 -0.981757 -0.0169897 -0.00708748 0.999887 293.96
0.999844 -0.014599 0.0149395 0.645637 0.0144817 0.999898 0.00784774 -0.983346 -0.0150483 -0.00762841 0.999913 295.547
0.999861 -0.015048 0.0134003 0.653637 0.0149399 0.999891 0.00786064 -0.984997 -0.0135142 -0.00765708 0.999936 297.117
0.999853 -0.014796 0.0142576 0.671785 0.0146685 0.999887 0.00892558 -0.989315 -0.0143838 -0.00871315 0.999916 298.667
0.99989 -0.0138482 0.0125701 0.683885 0.0137178 0.999889 0.010111 -0.980369 -0.0127057 -0.00993483 0.999926 300.26
0.999865 -0.0132538 0.0149822 0.700978 0.0130939 0.999892 0.0106386 -0.981371 -0.0151174 -0.0104389 0.999889 301.825
0.99988 -0.0125404 0.0146437 0.715157 0.0123782 0.999899 0.0108767 -0.982293 -0.0147754 -0.0106915 0.99989 303.424
0.999865 -0.013403 0.0148932 0.739657 0.0132228 0.999875 0.012047 -0.972922 -0.0150485 -0.0118463 0.999874 304.985
0.999835 -0.0139214 0.0164585 0.762541 0.0137356 0.999879 0.0111438 -0.965897 -0.0166083 -0.010913 0.999859 306.559
0.999843 -0.0140974 0.0157792 0.787654 0.0139341 0.999886 0.0103349 -0.963556 -0.0159188 -0.0101113 0.99988 308.156
0.999825 -0.0141993 0.0169183 0.806205 0.0140441 0.999896 0.00905663 -0.961811 -0.0170417 -0.0088147 0.999873 309.755
0.999881 -0.0132945 0.0140189 0.830393 0.0131662 0.999908 0.00913302 -0.971657 -0.0141347 -0.0089454 0.99992 311.365
0.999918 -0.012276 0.0122666 0.845144 0.0121559 0.999916 0.0095532 -0.975439 -0.0123797 -0.00940063 0.999937 312.967
0.999926 -0.0103398 0.0133447 0.850352 0.0101674 0.999902 0.0128486 -0.941831 -0.0134718 -0.0127098 0.999888 314.591
0.999922 -0.0113973 0.0128425 0.869348 0.0111934 0.999852 0.0156027 -0.937419 -0.0130154 -0.0154549 0.999854 316.224
0.999899 -0.0123645 0.0136869 0.883041 0.0121503 0.999842 0.0155478 -0.924694 -0.0138725 -0.0153777 0.999845 317.87
0.9999 -0.0130071 0.0129988 0.905537 0.012798 0.99983 0.0157963 -0.917603 -0.0131991 -0.0156255 0.99985 319.505
0.999892 -0.0136126 0.0130256 0.94023 0.0134181 0.999837 0.0148269 -0.917545 -0.0132208 -0.0146483 0.999865 321.142
0.999913 -0.0130892 0.0119318 0.952409 0.0129045 0.999839 0.0151643 -0.891559 -0.0121254 -0.015006 0.999873 322.818
0.999908 -0.0129405 0.0124539 0.970571 0.0127555 0.999847 0.0147398 -0.885634 -0.0126382 -0.0145775 0.999874 324.443
0.99986 -0.0140607 0.0148655 0.983009 0.0138324 0.999827 0.0151395 -0.891857 -0.0150727 -0.0149287 0.999834 326.066
0.999876 -0.0138222 0.01396 1.00171 0.013609 0.99983 0.0151836 -0.879671 -0.014163 -0.0149895 0.999847 327.718
0.999831 -0.0143377 0.0164937 1.02252 0.0140395 0.999779 0.0178627 -0.874422 -0.0167428 -0.0176249 0.999764 329.345
0.999833 -0.0151725 0.0156007 1.04891 0.01488 0.999754 0.0186198 -0.854101 -0.0158749 -0.0183821 0.999766 330.972
0.999827 -0.0155976 0.0156227 1.07125 0.0153076 0.999753 0.0183084 -0.833226 -0.0159013 -0.0180629 0.99977 332.581
0.999802 -0.0144362 0.0180654 1.08678 0.0140783 0.999745 0.0197211 -0.822952 -0.0183408 -0.0194604 0.999703 334.2
0.99984 -0.0136446 0.0166439 1.11199 0.0133438 0.99979 0.0178697 -0.792797 -0.0168809 -0.0176416 0.999763 335.818
0.999829 -0.012592 0.0179802 1.12687 0.0122326 0.999765 0.0199072 -0.781616 -0.018222 -0.0196813 0.999702 337.416
0.999869 -0.011754 0.0163686 1.14487 0.0113988 0.999744 0.0214537 -0.761125 -0.0166132 -0.0212609 0.999697 339.036
0.999895 -0.0110096 0.015157 1.16259 0.0106301 0.999674 0.0248343 -0.752001 -0.0154208 -0.0246677 0.999639 340.665
0.9999 -0.00991557 0.0156833 1.18156 0.0094736 0.999608 0.0278219 -0.738431 -0.0159496 -0.0276668 0.999552 342.247
0.999937 -0.00945327 0.0134335 1.19855 0.00907379 0.999607 0.0279646 -0.714004 -0.013688 -0.027838 0.999582 343.863
0.999943 -0.00959652 0.0128893 1.21341 0.00923462 0.999615 0.0276295 -0.702648 -0.0131463 -0.0275053 0.999597 345.447
0.999976 -0.00977439 0.00990378 1.23163 0.00948186 0.999572 0.0290722 -0.660821 -0.0101793 -0.0289745 0.999592 347.065
0.999978 -0.0109552 0.00836418 1.26607 0.0106882 0.999502 0.0309805 -0.63602 -0.0086963 -0.0308866 0.999547 348.685
0.999977 -0.0107157 0.00881142 1.26586 0.0104359 0.999501 0.0311053 -0.640695 -0.00913604 -0.0310095 0.99954 350.245
0.999987 -0.0109895 0.00722429 1.26146 0.0107553 0.999491 0.0313043 -0.609975 -0.00756157 -0.0312223 0.999546 351.878
0.999978 -0.0111082 0.00826994 1.26617 0.0108421 0.999485 0.0314587 -0.575814 -0.00861096 -0.0313652 0.999534 353.439
0.999973 -0.0123736 0.00693086 1.26987 0.0121461 0.999468 0.0315475 -0.540747 -0.00731446 -0.0314586 0.999541 355.065
0.999968 -0.0128776 0.00687345 1.27551 0.0126537 0.999461 0.0315536 -0.511793 -0.00727201 -0.0314624 0.999541 356.656
0.999978 -0.0123008 0.00632368 1.28098 0.0121054 0.999527 0.0296148 -0.49291 -0.00668193 -0.0295339 0.999604 358.265
0.999985 -0.0122833 0.00525455 1.28367 0.0121173 0.999504 0.0303699 -0.466493 -0.00562097 -0.0303027 0.999588 359.892
0.999979 -0.0127248 0.00544553 1.28776 0.0125519 0.999505 0.0301698 -0.431909 -0.00582372 -0.030097 0.999593 361.465
0.999969 -0.0139913 0.00379984 1.28785 0.0138694 0.999487 0.0301803 -0.411458 -0.00421616 -0.0301237 0.999601 363.092
0.999943 -0.0159115 0.00327952 1.29027 0.015797 0.999417 0.0315668 -0.364386 -0.00377685 -0.0315094 0.99956 364.69
0.999931 -0.0167427 0.00282595 1.29415 0.01664 0.99936 0.0328471 -0.350232 -0.00337011 -0.0327945 0.99952 366.287
0.999932 -0.0167831 0.00184982 1.29715 0.0167087 0.999341 0.0334327 -0.296579 -0.00240672 -0.0333955 0.999503 367.884
0.999944 -0.0159519 0.00299062 1.2952 0.0158424 0.999358 0.0333288 -0.262565 -0.00351631 -0.0332762 0.999504 369.463
0.999967 -0.0147251 0.000926552 1.2898 0.014681 0.999328 0.0347486 -0.213779 -0.00143468 -0.0347297 0.99946 371.086
0.999976 -0.0139774 0.00182304 1.27771 0.0139013 0.999286 0.036237 -0.187585 -0.00232425 -0.0362073 0.999406 372.685
0.999977 -0.0140382 0.000721511 1.27275 0.0139985 0.999245 0.0373184 -0.17728 -0.00124185 -0.0373031 0.999367 374.325
0.999975 -0.0141916 0.000654525 1.26878 0.0141562 0.99924 0.0373959 -0.137519 -0.00118064 -0.037382 0.999365 375.926
0.999977 -0.0138797 0.0025143 1.26054 0.0137728 0.999243 0.0374594 -0.0931945 -0.0030291 -0.0374196 0.999359 377.505
0.999985 -0.0134043 0.0016975 1.25896 0.0133294 0.99923 0.0379682 -0.0414378 -0.00220093 -0.0379415 0.999342 379.128
0.99999 -0.0127173 0.00337462 1.25378 0.0125733 0.999203 0.0389284 -0.00341554 -0.00386352 -0.0388811 0.9993 380.711
1.00001 -0.0112938 0.00260088 1.25116 0.011181 0.99919 0.0396859 0.0470968 -0.00304269 -0.0396537 0.999274 382.343
1.00001 -0.0112097 0.0020988 1.23937 0.0111143 0.999184 0.0398601 0.0844828 -0.00254047 -0.0398328 0.999267 384.019
1.00002 -0.0102606 0.00387308 1.23381 0.0100966 0.999186 0.0400779 0.127521 -0.00427674 -0.0400361 0.999254 385.607
1.00005 -0.00788598 0.0013814 1.22273 0.0078191 0.999151 0.0414552 0.170113 -0.00170372 -0.0414418 0.999204 387.252
1.00005 -0.0071599 0.00323114 1.21611 0.00701496 0.999104 0.0427207 0.219301 -0.00352964 -0.0426963 0.999148 388.843
1.00005 -0.00679643 0.0023209 1.20807 0.00668631 0.999072 0.0434955 0.270997 -0.00261089 -0.0434778 0.999116 390.48
1.00006 -0.00607267 0.00275439 1.20523 0.00594638 0.999073 0.0436086 0.324355 -0.00301195 -0.0435905 0.999111 392.098
1.00005 -0.00640355 0.00415797 1.19979 0.0062105 0.999041 0.0442801 0.373152 -0.00443371 -0.0442519 0.999076 393.695
