1 0 0 0 0 1 0 0 0 0 1 0
1 -0.000179875 -2.82134e-05 -0.00594746 0.000179802 1 0.00135402 -0.0105635 2.81211e-05 -0.00135413 0.999999 1.31174
1 -0.00109048 0.000654896 -0.0113094 0.00108957 0.999999 0.00145821 -0.0235637 -0.000656458 -0.00145757 0.999999 2.61305
0.999999 -0.00186915 -0.000191626 -0.0135958 0.00186925 0.999998 0.00141824 -0.0531439 0.000189135 -0.00141873 1 3.95337
0.999999 -0.00162852 0.00127911 -0.0232516 0.00162628 0.999998 0.00177813 -0.0683 -0.00128205 -0.00177606 0.999999 5.27809
0.999999 -0.00181494 -0.000196276 -0.0287398 0.00181536 0.999994 0.00313172 -0.0605735 0.000190829 -0.00313221 0.999996 6.63047
0.999997 -0.00305678 -5.41481e-05 -0.0395398 0.00305698 0.999986 0.00456328 -0.085101 4.02245e-05 -0.00456343 0.99999 7.96579
0.999997 -0.00257749 0.00101254 -0.0530493 0.00257229 0.999986 0.00482759 -0.0714161 -0.00102458 -0.00482497 0.999988 9.28239
0.999998 -0.0027802 -9.78285e-05 -0.0603999 0.00278033 0.999996 0.00158678 -0.0842745 9.34621e-05 -0.00158699 1 10.6254
1 0.00029679 0.000746651 -0.0689174 -0.000297394 1 0.00034951 -0.0747686 -0.000746064 -0.000349736 1 11.9507
0.999999 0.00269976 -8.66384e-05 -0.0842097 -0.00269991 0.999996 -0.00162353 -0.102354 8.237e-05 0.00162389 1 13.2996
0.999985 0.00558008 0.000351486 -0.0963972 -0.00557978 0.999984 -0.00191359 -0.106091 -0.000361654 0.00191166 0.999999 14.6488
0.999983 0.00600592 0.00153112 -0.112225 -0.0060045 0.999983 -0.000877939 -0.0967123 -0.00153611 0.000868831 1 15.9704
0.999988 0.00499505 0.0011503 -0.106611 -0.00499761 0.999987 0.0020379 -0.112958 -0.00113946 -0.00204372 0.999998 17.3399
1 0.00110893 0.00250722 -0.103226 -0.00111977 0.999992 0.00434069 -0.126302 -0.00250179 -0.00434328 0.99999 18.6824
1 0.000914519 0.00101439 -0.0949649 -0.000919767 0.999989 0.00486108 -0.111002 -0.00100908 -0.00486195 0.999989 20.0376
1 0.00052701 0.00233089 -0.0905776 -0.000536857 0.999993 0.00421835 -0.09168 -0.00232788 -0.00421935 0.999991 21.3749
0.999999 0.0021966 0.00180924 -0.0916924 -0.00220365 0.999992 0.00378208 -0.0869571 -0.00179958 -0.00378602 0.999994 22.7351
0.999992 0.00432145 0.00259769 -0.0984102 -0.00433156 0.999986 0.00389025 -0.0668913 -0.00257993 -0.00390124 0.999992 24.0915
0.999984 0.00418776 0.00483197 -0.103036 -0.00422557 0.999964 0.0077738 -0.0753341 -0.00479767 -0.00779375 0.999962 25.4481
0.99999 0.00398006 0.00397346 -0.0995294 -0.00401804 0.999949 0.00958807 -0.0877554 -0.00393414 -0.00960381 0.999951 26.8268
0.999992 0.00103546 0.00494827 -0.0927613 -0.0010813 0.999961 0.00920828 -0.123779 -0.00493707 -0.00921297 0.999949 28.1564
0.999999 0.000392546 0.00358629 -0.0927174 -0.000416804 0.999981 0.00676255 -0.149947 -0.00358272 -0.00676384 0.999976 29.5374
0.999989 0.00104394 0.00567556 -0.0922653 -0.00108573 0.999977 0.00733144 -0.171849 -0.0056665 -0.00733706 0.999962 30.894
0.999988 0.00291595 0.00525208 -0.101781 -0.00295093 0.999977 0.00664131 -0.178918 -0.00523178 -0.00665666 0.99997 32.2886
0.999993 0.00101708 0.00506293 -0.0912276 -0.00105482 0.999976 0.00742509 -0.197855 -0.00505396 -0.00742985 0.999965 33.6811
0.999989 -2.59318e-05 0.00585784 -0.0749637 -2.43222e-05 0.999967 0.00854952 -0.219286 -0.00585703 -0.00854949 0.999952 35.0587
0.999996 -3.68889e-05 0.00438462 -0.0751693 -1.04521e-05 0.999947 0.0107485 -0.229154 -0.00438352 -0.0107479 0.999939 36.473
0.99999 0.000918824 0.00552164 -0.0774147 -0.000988393 0.999924 0.0125908 -0.231426 -0.00550885 -0.0125959 0.999911 37.8591
0.999991 0.00355762 0.00421524 -0.0744374 -0.00361021 0.99992 0.0124968 -0.227833 -0.0041692 -0.0125113 0.999919 39.2705
0.999981 0.0051692 0.00486005 -0.0901922 -0.00523333 0.999903 0.0132408 -0.227094 -0.00479038 -0.0132657 0.999907 40.6587
0.999972 0.00636356 0.00551714 -0.0926186 -0.00643717 0.999894 0.0134167 -0.219239 -0.00542991 -0.013451 0.999901 42.0621
0.999982 0.00597734 0.00380287 -0.095643 -0.00603113 0.999885 0.0142479 -0.212374 -0.00371614 -0.0142703 0.999899 43.4849
0.99998 0.00570178 0.00484344 -0.0989322 -0.00577136 0.999884 0.0144535 -0.20659 -0.00475906 -0.0144803 0.99989 44.8907
0.999992 0.00490102 0.00232733 -0.0821187 -0.00492997 0.999914 0.0124949 -0.212962 -0.00226468 -0.012506 0.999927 46.316
0.999991 0.00498331 0.0031356 -0.0820206 -0.005025 0.999902 0.0134082 -0.207158 -0.00306699 -0.0134232 0.999912 47.7156
0.999996 0.00491561 0.000902682 -0.0897867 -0.00492831 0.999893 0.0140561 -0.205011 -0.000832287 -0.0140603 0.999909 49.1439
0.999999 0.00458299 -0.000263206 -0.104419 -0.0045787 0.999882 0.014953 -0.205075 0.000333294 -0.0149512 0.999896 50.5687
1 0.00406847 0.000576848 -0.0937735 -0.00407771 0.99987 0.0158808 -0.22012 -0.000511061 -0.015883 0.999882 51.9336
1 0.00343813 -0.00203992 -0.103859 -0.00340312 0.999853 0.0170597 -0.206042 0.00209968 -0.0170521 0.99986 53.3763
1.00001 0.00170269 -0.00137103 -0.107614 -0.00167869 0.999845 0.0178618 -0.190506 0.00140229 -0.0178594 0.999849 54.8037
1 0.00176912 -0.00317538 -0.114028 -0.00171124 0.999837 0.0182922 -0.177509 0.00320856 -0.0182865 0.999837 56.2431
1 0.000182904 -0.00384132 -0.125178 -0.000113152 0.999836 0.0183856 -0.169702 0.00384489 -0.018385 0.999834 57.6686
1.00001 -0.000257664 -0.00291383 -0.126764 0.000310602 0.999836 0.0183981 -0.167552 0.00290992 -0.0183989 0.999837 59.0928
1 -0.00159657 -0.00347562 -0.133206 0.00166074 0.999829 0.018794 -0.162385 0.00344589 -0.0187994 0.999829 60.5223
1.00001 -0.00285539 -0.00132376 -0.133708 0.00287972 0.999816 0.0193363 -0.158439 0.0012697 -0.0193401 0.999825 61.9285
1 -0.00373189 -0.00116903 -0.128829 0.00375273 0.999816 0.0192346 -0.171932 0.00109783 -0.0192388 0.999826 63.3733
1 -0.00405035 -0.000653045 -0.130964 0.00406115 0.999823 0.018771 -0.162184 0.000578192 -0.0187737 0.999837 64.7935
1 -0.0038297 0.00185015 -0.146554 0.00379348 0.999828 0.0186343 -0.157582 -0.00192043 -0.0186273 0.999837 66.1912
1.00001 -0.00263446 0.00121435 -0.153953 0.0026101 0.999825 0.0189897 -0.147572 -0.00126294 -0.0189868 0.999833 67.6133
1 -0.000730788 0.00411464 -0.146966 0.000646141 0.999803 0.020251 -0.141053 -0.0041281 -0.0202481 0.9998 69.0168
1.00001 0.00276151 0.00359673 -0.152499 -0.00283923 0.999773 0.0215284 -0.135974 -0.00353533 -0.0215388 0.999776 70.4339
0.999973 0.0075422 0.00456055 -0.157765 -0.00764311 0.999731 0.0222968 -0.147347 -0.0043907 -0.0223307 0.999755 71.8266
0.999957 0.00983147 0.0045502 -0.173984 -0.0099266 0.999736 0.0211911 -0.121253 -0.00433965 -0.0212353 0.99978 73.2428
0.999924 0.0131417 0.00216781 -0.190475 -0.01318 0.999754 0.0183549 -0.110887 -0.00192567 -0.0183818 0.999843 74.6764
0.999913 0.0138347 0.00373784 -0.197041 -0.0139021 0.999743 0.0184391 -0.104205 -0.00348032 -0.0184896 0.999838 76.0575
0.999904 0.0143713 0.00335194 -0.2027 -0.0144338 0.999722 0.0191833 -0.100621 -0.00307488 -0.0192295 0.999825 77.4701
0.999915 0.012582 0.00657966 -0.196323 -0.0126983 0.99977 0.0178101 -0.0938393 -0.0063526 -0.0178923 0.999836 78.8556
0.999928 0.0119821 0.00528295 -0.19541 -0.0120748 0.99978 0.0177245 -0.0858699 -0.00506908 -0.0177866 0.999845 80.2519
0.99994 0.0110312 0.0054838 -0.200133 -0.0111187 0.99982 0.0160262 -0.0720807 -0.00530446 -0.0160864 0.999874 81.6878
0.999938 0.0100094 0.0071156 -0.184178 -0.0101228 0.999831 0.0159696 -0.0734488 -0.00695425 -0.0160401 0.999863 83.0615
0.999948 0.00998467 0.006036 -0.184223 -0.010081 0.999831 0.0160072 -0.0708192 -0.00587368 -0.0160673 0.999871 84.4514
0.999946 0.00990092 0.00633036 -0.184076 -0.0100039 0.999827 0.0163144 -0.0613383 -0.00616763 -0.0163763 0.999864 85.8071
0.999954 0.0104647 0.00432583 -0.181518 -0.0105356 0.999818 0.01654 -0.0426806 -0.00415065 -0.0165848 0.999872 87.19
0.999968 0.00916974 0.00338798 -0.183728 -0.00922817 0.999817 0.0173895 -0.0408611 -0.00322781 -0.0174197 0.999861 88.5585
0.999992 0.00645809 0.00322076 -0.185901 -0.00651354 0.99984 0.017293 -0.0371549 -0.00310725 -0.0173137 0.999864 89.9132
0.99999 0.00727923 0.00179057 -0.186221 -0.00731115 0.999824 0.0178791 -0.0119019 -0.00165994 -0.0178913 0.999858 91.2955
1.00001 0.00439614 0.001566 -0.174925 -0.00442478 0.999835 0.0182222 -0.00210083 -0.00148427 -0.018229 0.999852 92.6743
1.00001 0.00381926 0.000693788 -0.178435 -0.00383238 0.999835 0.0183661 0.00842871 -0.000623109 -0.0183682 0.999851 94.0488
1.00001 0.00470157 0.00108696 -0.189221 -0.00472069 0.999846 0.0175534 0.0257875 -0.00100282 -0.0175584 0.999865 95.4258
1.00001 0.00414612 0.000596998 -0.19596 -0.00415703 0.999854 0.0172703 0.0168962 -0.000524852 -0.0172722 0.999871 96.806
1.00002 0.00265348 -0.000234675 -0.200264 -0.00265001 0.99987 0.0166141 0.0226849 0.000280222 -0.0166134 0.999881 98.191
1.00002 0.00162886 -0.000535921 -0.225427 -0.00162135 0.999887 0.0157279 0.0324471 0.00056205 -0.0157266 0.999896 99.5668
1.00002 0.00175085 -5.68449e-05 -0.236512 -0.00175043 0.999866 0.0169478 0.0291079 8.83002e-05 -0.0169477 0.999876 100.938
1.00002 0.00187833 0.00195181 -0.247472 -0.00191247 0.999864 0.0170796 0.0375728 -0.00191878 -0.0170829 0.999873 102.274
1.00002 0.00129163 0.00167 -0.257366 -0.00131934 0.999879 0.0162331 0.03264 -0.00164691 -0.0162354 0.999887 103.643
1.00002 0.000859889 0.00152244 -0.261202 -0.000883065 0.999906 0.0145296 0.0434761 -0.00150916 -0.0145304 0.999914 104.988
1.00002 0.000574996 0.00191135 -0.271361 -0.000601021 0.999925 0.0132183 0.0398834 -0.00190137 -0.0132192 0.999932 106.296
1.00002 -0.00220988 0.0017484 -0.271709 0.00218443 0.999915 0.0137939 0.0425695 -0.00177776 -0.0137895 0.999925 107.655
1.00001 -0.0039251 0.00232819 -0.265467 0.00388933 0.999896 0.0148071 0.054257 -0.00238391 -0.0147977 0.999909 108.952
1 -0.00546274 0.00285406 -0.266589 0.00541675 0.999879 0.0154854 0.0521432 -0.00293714 -0.015469 0.999898 110.302
0.999997 -0.0058946 0.00381746 -0.263678 0.00583662 0.999886 0.0148366 0.0470003 -0.00390224 -0.0148138 0.999904 111.633
1 -0.00452964 0.00441758 -0.273901 0.00446793 0.999911 0.0136198 0.0534827 -0.00447771 -0.0135992 0.999919 112.957
1.00001 -0.00226564 0.00489308 -0.280867 0.00220298 0.999932 0.0125988 0.051738 -0.00491889 -0.0125875 0.999931 114.301
0.999994 -0.000184755 0.00738105 -0.284471 9.46934e-05 0.999942 0.0120473 0.0494019 -0.00738151 -0.0120456 0.999922 115.625
0.999982 0.00135156 0.00878681 -0.281611 -0.00147866 0.99991 0.0143795 0.0531366 -0.0087641 -0.0143914 0.999881 116.988
0.999961 0.00080223 0.0109421 -0.275423 -0.000983681 0.999878 0.0164826 0.0529197 -0.0109262 -0.0164917 0.999828 118.301
0.999957 0.000835161 0.0113682 -0.267489 -0.00103205 0.999865 0.0172548 0.0595457 -0.0113497 -0.017265 0.99981 119.667
0.999937 0.00197279 0.0128564 -0.258427 -0.00218574 0.999876 0.016483 0.0691283 -0.0128209 -0.0165089 0.999806 121.015
0.999909 0.00312069 0.0146971 -0.245502 -0.00335516 0.999883 0.0159112 0.0654015 -0.0146433 -0.0159582 0.99979 122.337
0.999898 0.00493535 0.0149876 -0.238064 -0.00517072 0.999879 0.0156355 0.070371 -0.0149073 -0.0157102 0.99979 123.69
0.999858 0.00581065 0.017177 -0.221935 -0.00607664 0.999879 0.0154414 0.0781435 -0.0170825 -0.0155427 0.999758 125.007
0.999836 0.00733061 0.017899 -0.20546 -0.00760246 0.999873 0.0151093 0.0836028 -0.0177845 -0.0152418 0.999751 126.375
0.999807 0.0070821 0.0195435 -0.177582 -0.00735637 0.999892 0.0139716 0.080437 -0.0194398 -0.0141117 0.999736 127.695
0.999752 0.00700764 0.0222596 -0.150828 -0.00733594 0.999882 0.014655 0.0812365 -0.0221527 -0.0148137 0.99967 129.021
0.999762 0.00603597 0.0220596 -0.132443 -0.00637113 0.999881 0.0151342 0.0910901 -0.0219629 -0.01527 0.999667 130.381
0.999716 0.00599153 0.0241018 -0.104439 -0.00636461 0.999878 0.0153815 0.0855465 -0.0240051 -0.0155297 0.999617 131.706
0.999719 0.00542219 0.0240619 -0.081988 -0.00579521 0.99988 0.0154425 0.0828843 -0.0239726 -0.0155764 0.999617 133.081
0.999733 0.00365184 0.0239184 -0.0515469 -0.00403371 0.999883 0.0158851 0.0760622 -0.0238558 -0.0159766 0.999614 134.417
0.999721 0.00233472 0.0245163 -0.0154086 -0.00271181 0.999895 0.0153458 0.0652517 -0.0244752 -0.0154069 0.999608 135.742
0.99977 0.00115886 0.0225698 0.0050571 -0.00150542 0.9999 0.0152858 0.0664936 -0.0225481 -0.0153154 0.999655 137.109
0.999772 -0.00111759 0.0224692 0.0337001 0.000772191 0.999899 0.0153663 0.0600571 -0.0224815 -0.0153444 0.999657 138.432
0.999811 -0.00261602 0.0206031 0.0551993 0.002286 0.999889 0.0159551 0.0614004 -0.0206408 -0.0159041 0.999687 139.789
0.999818 -0.00277688 0.0201881 0.0779918 0.00246202 0.999893 0.015592 0.0745114 -0.0202267 -0.0155385 0.999703 141.11
0.999885 -0.00425439 0.0162877 0.103983 0.0039982 0.999888 0.0156404 0.0786097 -0.0163508 -0.0155726 0.999772 142.549
0.999898 -0.00418022 0.0154972 0.122578 0.00395126 0.999902 0.0147544 0.0883735 -0.0155549 -0.0146906 0.999801 143.893
0.999888 -0.00719266 0.0150083 0.147425 0.00701545 0.999925 0.0117261 0.0869989 -0.01509 -0.0116187 0.999846 145.253
0.999859 -0.0131495 0.0128643 0.164027 0.0129997 0.999868 0.0116253 0.0711124 -0.0130133 -0.0114555 0.99988 146.61
0.999768 -0.0193105 0.0120478 0.193888 0.0191448 0.999743 0.0135876 0.072968 -0.0123055 -0.0133529 0.999863 147.983
0.999706 -0.0236348 0.00940628 0.215199 0.0234985 0.999644 0.0142654 0.0771019 -0.00973809 -0.0140392 0.999887 149.338
0.999638 -0.0266743 0.00835809 0.230658 0.0265543 0.999568 0.0139321 0.0804212 -0.0087247 -0.0137043 0.999896 150.68
0.999628 -0.0264963 0.01003 0.237031 0.026382 0.99961 0.0112984 0.0813714 -0.0103235 -0.0110286 0.99992 152.08
0.999682 -0.0244822 0.00978651 0.236447 0.0243849 0.999674 0.00975397 0.0916347 -0.0100208 -0.00951139 0.999934 153.428
0.999678 -0.0238339 0.0116003 0.244843 0.0237306 0.9997 0.00890216 0.0721668 -0.011807 -0.008623 0.999927 154.788
0.999586 -0.0277626 0.0108008 0.247626 0.0276557 0.999589 0.00975497 0.0660604 -0.0110658 -0.00945137 0.999924 156.147
0.999407 -0.0334022 0.0114094 0.270157 0.0332627 0.999395 0.0121374 0.0563094 -0.0118058 -0.0117497 0.999896 157.495
0.999233 -0.0377701 0.0129745 0.282149 0.0375968 0.999227 0.0131889 0.0651539 -0.0134611 -0.0126897 0.99986 158.827
0.99915 -0.0402875 0.0118521 0.300495 0.0401277 0.999128 0.0133546 0.0656241 -0.0123773 -0.0128667 0.999874 160.172
0.999152 -0.0393736 0.0144266 0.312781 0.0391799 0.999165 0.0133267 0.0769371 -0.0149376 -0.0127491 0.999839 161.503
0.999304 -0.0353611 0.0144558 0.325777 0.035164 0.999311 0.0136061 0.0815991 -0.0149242 -0.013087 0.999835 162.858
0.999387 -0.0317321 0.01688 0.335231 0.0315296 0.999453 0.0120137 0.0825315 -0.0172505 -0.0114731 0.999819 164.186
0.999457 -0.0291399 0.0174895 0.348694 0.028939 0.999537 0.0115776 0.0908863 -0.017816 -0.0110641 0.999813 165.561
0.999491 -0.0279957 0.0173871 0.362709 0.0277892 0.999566 0.0118912 0.12631 -0.017711 -0.0114009 0.999812 166.938
0.99953 -0.0261199 0.0180467 0.376162 0.0259079 0.999617 0.0118341 0.13143 -0.0183461 -0.0113599 0.999801 168.276
0.999606 -0.0242367 0.0164359 0.391985 0.0240685 0.999682 0.0102367 0.134774 -0.016678 -0.00983603 0.999847 169.652
0.999668 -0.0210898 0.0170068 0.399273 0.0209503 0.99977 0.00828455 0.130429 -0.0171751 -0.00792445 0.999856 170.983
0.999778 -0.0162373 0.015927 0.399349 0.0161243 0.99987 0.00706279 0.133086 -0.0160389 -0.00680347 0.999883 172.368
0.999827 -0.0124105 0.0162576 0.405537 0.0122798 0.999916 0.00807213 0.139054 -0.016354 -0.00786985 0.999872 173.737
0.999824 -0.0101789 0.0179252 0.42013 0.00999996 0.999927 0.00991923 0.13934 -0.0180241 -0.00973721 0.999826 175.103
0.999845 -0.00971325 0.0169853 0.437134 0.00950908 0.999908 0.0120136 0.139423 -0.0170979 -0.0118488 0.999822 176.485
0.999807 -0.0129058 0.017156 0.459635 0.0126647 0.999849 0.0139631 0.140344 -0.0173328 -0.0137421 0.999794 177.855
0.999815 -0.0151997 0.0145895 0.484502 0.0149802 0.999801 0.0149735 0.140316 -0.0148117 -0.0147506 0.999821 179.235
0.999806 -0.0158292 0.014629 0.500898 0.0156684 0.999844 0.0108973 0.15359 -0.0147984 -0.0106649 0.999872 180.604
0.999838 -0.0149179 0.0132825 0.519554 0.0148321 0.999895 0.00644435 0.15971 -0.0133748 -0.00624489 0.999931 181.983
0.999893 -0.0110958 0.0130028 0.535426 0.0110312 0.999954 0.00484275 0.16118 -0.0130552 -0.00469779 0.999943 183.369
0.9999 -0.00802869 0.0145581 0.548516 0.00794609 0.99998 0.00565322 0.142913 -0.0146006 -0.00553561 0.99992 184.727
0.999917 -0.00642732 0.0144135 0.571444 0.00630838 0.999975 0.00811984 0.131444 -0.0144644 -0.00802708 0.999903 186.145
0.999874 -0.00704599 0.0167304 0.577538 0.00686373 0.999945 0.0108783 0.123145 -0.0168033 -0.0107606 0.999843 187.518
0.999876 -0.00806153 0.0163399 0.601908 0.00787657 0.999934 0.0112182 0.133896 -0.0164283 -0.0110869 0.999844 188.938
0.999845 -0.0111205 0.0163251 0.622552 0.0109278 0.9999 0.0117981 0.13353 -0.0164518 -0.0116165 0.99984 190.34
0.999844 -0.0122338 0.0156891 0.65084 0.0120431 0.999884 0.012052 0.119337 -0.0158338 -0.0118601 0.999845 191.726
0.999831 -0.0140768 0.0149391 0.669889 0.0138886 0.999854 0.0125628 0.112671 -0.0151109 -0.0123519 0.999852 193.155
0.999794 -0.0148326 0.0167039 0.686851 0.0146111 0.999835 0.0131733 0.129997 -0.0168956 -0.0129252 0.999815 194.548
0.999745 -0.0186366 0.0156772 0.710257 0.0183992 0.999748 0.0150871 0.129724 -0.0159515 -0.0147937 0.999806 195.981
0.999696 -0.020589 0.0164671 0.733687 0.0203182 0.99969 0.0163148 0.111847 -0.0167968 -0.015974 0.999773 197.379
0.999749 -0.0189306 0.0151092 0.742448 0.0187376 0.999775 0.012749 0.114904 -0.0153442 -0.0124616 0.999848 198.823
0.999848 -0.0121014 0.0156933 0.748813 0.0119602 0.999919 0.00891963 0.121661 -0.0157989 -0.00872925 0.99988 200.242
0.999874 -0.00309547 0.0180933 0.749934 0.00293954 0.999991 0.00858089 0.120658 -0.0181166 -0.00852549 0.999843 201.648
0.999889 0.00177741 0.0175246 0.739554 -0.00196663 0.999971 0.0106661 0.133735 -0.0175041 -0.0106979 0.999833 203.132
0.999845 0.00321143 0.0196187 0.758235 -0.00349704 0.999921 0.0144939 0.135655 -0.0195674 -0.0145588 0.999746 204.573
0.999887 0.00171293 0.0177362 0.779313 -0.0019854 0.999912 0.0152345 0.136095 -0.0177074 -0.0152662 0.99977 206.038
0.999903 -0.00084979 0.0168123 0.803424 0.000582762 0.999906 0.0158249 0.144453 -0.0168209 -0.0158122 0.999778 207.481
0.999901 -0.00232631 0.0167952 0.829792 0.00205297 0.999898 0.0161459 0.151838 -0.01683 -0.0161081 0.999773 208.925
0.999923 -0.00143846 0.0155413 0.842117 0.00120126 0.999916 0.0151948 0.167123 -0.0155587 -0.0151733 0.999811 210.402
0.99991 -0.00112728 0.0164504 0.855511 0.000876757 0.999917 0.0150948 0.16918 -0.0164649 -0.0150775 0.999795 211.833
0.99993 0.000461764 0.0152549 0.86578 -0.000708913 0.999903 0.0161274 0.176434 -0.0152428 -0.0161352 0.999802 213.314
0.999933 -0.000269289 0.0150056 0.882879 2.06156e-05 0.999896 0.0164227 0.18498 -0.0150075 -0.0164198 0.999797 214.778
0.999921 -0.000127072 0.0158666 0.905005 -0.000128465 0.999903 0.0160341 0.191484 -0.0158641 -0.0160331 0.999794 216.217
0.999942 -0.000418203 0.01437 0.917482 0.000181896 0.999898 0.0162937 0.193882 -0.0143743 -0.0162887 0.999809 217.717
0.999926 0.000864558 0.0155675 0.935282 -0.00111726 0.999901 0.016166 0.211765 -0.0155492 -0.0161802 0.999797 219.156
0.999945 0.00333787 0.0138029 0.947452 -0.00357379 0.999882 0.016947 0.228804 -0.0137438 -0.016994 0.999807 220.644
0.999924 0.00606078 0.0145149 0.960495 -0.00631313 0.999863 0.0173311 0.257058 -0.0144052 -0.0174194 0.999792 222.093
0.999942 0.00589458 0.0131956 0.986379 -0.00612243 0.999867 0.0171421 0.275794 -0.0130918 -0.0172206 0.999813 223.61
0.999941 0.00745933 0.0128051 0.996926 -0.00768629 0.999849 0.0176943 0.292886 -0.0126686 -0.0177897 0.999809 225.096
0.999915 0.0090222 0.0136239 1.00411 -0.00926029 0.999839 0.0173661 0.31178 -0.0134641 -0.0174894 0.999804 226.568
0.999938 0.00933456 0.0117199 1.00634 -0.00954067 0.999833 0.0175696 0.309161 -0.0115515 -0.0176782 0.999825 228.093
0.999942 0.00763826 0.0124825 1.01772 -0.00785738 0.99985 0.0174442 0.306245 -0.0123463 -0.0175399 0.999819 229.584
0.999942 0.00856833 0.012091 1.0362 -0.00878148 0.99984 0.0176006 0.329894 -0.0119357 -0.0177037 0.99982 231.092
0.999944 0.00779841 0.0123375 1.04722 -0.00802869 0.999829 0.0185714 0.340476 -0.0121896 -0.0186681 0.9998 232.576
0.999932 0.00743494 0.0135717 1.05698 -0.00769397 0.999823 0.0190582 0.367476 -0.0134249 -0.0191593 0.999775 234.066
0.999942 0.0077318 0.0125455 1.07282 -0.00797064 0.999823 0.0189443 0.381521 -0.0123958 -0.0190418 0.999792 235.569
0.999952 0.00732423 0.0121346 1.04775 -0.00752874 0.999864 0.0168143 0.401106 -0.0120073 -0.0169029 0.999834 237.167
0.99996 0.00784612 0.0110749 1.05786 -0.00803714 0.999856 0.0171125 0.417983 -0.0109377 -0.0171994 0.999842 238.673
0.999977 0.00724515 0.00995254 1.07192 -0.00742072 0.999851 0.0176296 0.422039 -0.00982083 -0.0177011 0.999844 240.237
0.999954 0.00723386 0.0120108 1.08433 -0.00745299 0.999843 0.0181174 0.432444 -0.0118765 -0.0182044 0.999814 241.744
0.999956 0.00805694 0.0113633 1.09052 -0.00825333 0.999851 0.0172896 0.449652 -0.0112197 -0.0173808 0.999836 243.272
0.999958 0.00706445 0.0117784 1.11667 -0.00723021 0.999912 0.0139002 0.458778 -0.011678 -0.0139834 0.999884 244.796
0.999965 0.0074977 0.0110768 1.12219 -0.00765508 0.999905 0.0141936 0.462606 -0.0109666 -0.0142763 0.999889 246.325
0.999965 0.00717822 0.011195 1.13367 -0.0073496 0.999893 0.0151293 0.464964 -0.011084 -0.0152097 0.999873 247.85
0.999957 0.00758066 0.0116825 1.13404 -0.00776658 0.999878 0.0159206 0.470107 -0.0115577 -0.0160091 0.999856 249.366
0.99997 0.00746033 0.0106254 1.14703 -0.00763473 0.999874 0.0162462 0.475964 -0.0105017 -0.0163255 0.999863 250.9
0.999953 0.00822442 0.0117383 1.15042 -0.00841819 0.999863 0.0165348 0.483922 -0.011598 -0.0166313 0.999846 252.413
0.999962 0.0085768 0.0106795 1.16532 -0.00875233 0.999865 0.016283 0.498917 -0.0105375 -0.0163746 0.999863 253.957
0.999946 0.00852248 0.012137 1.1704 -0.00872218 0.999862 0.0164745 0.515717 -0.0119922 -0.0165778 0.999843 255.468
0.999969 0.00757031 0.0108408 1.18357 -0.00775129 0.999869 0.0165365 0.519131 -0.0107134 -0.0166189 0.999858 257.022
0.999975 0.00682771 0.0108973 1.19498 -0.00701406 0.999865 0.0171142 0.540373 -0.0107764 -0.0171886 0.999847 258.551
0.999962 0.00655668 0.0121204 1.21088 -0.00676814 0.999864 0.0172899 0.555367 -0.0120048 -0.0173703 0.999832 260.069
0.999982 0.00686564 0.0101878 1.23225 -0.00703885 0.999867 0.0170132 0.569433 -0.0100674 -0.0170829 0.999857 261.606
0.999975 0.00608274 0.0112127 1.24515 -0.00627245 0.999876 0.0167515 0.581297 -0.0111088 -0.0168205 0.999852 263.127
0.999985 0.00606076 0.0104806 1.27631 -0.00624066 0.99987 0.0171651 0.59958 -0.0103729 -0.0172284 0.999853 264.667
0.999972 0.00326983 0.012583 1.28803 -0.00348502 0.999887 0.0169322 0.625432 -0.0125255 -0.0169747 0.999832 266.25
0.999936 0.00178446 0.0155467 1.30548 -0.0019962 0.999943 0.0135752 0.619373 -0.015519 -0.0136037 0.999843 267.785
0.999952 0.000500612 0.0145261 1.32066 -0.000696164 0.999948 0.0132925 0.611861 -0.0145178 -0.0133011 0.999861 269.386
0.999916 0.00139199 0.0168931 1.33553 -0.00161769 0.999948 0.013308 0.616491 -0.016871 -0.0133325 0.999825 270.925
0.999916 0.00328247 0.0165258 1.35529 -0.00350654 0.99994 0.0133996 0.613117 -0.0164798 -0.0134554 0.999829 272.472
0.999897 0.00399197 0.0176107 1.37274 -0.00422576 0.99994 0.0132251 0.626067 -0.0175542 -0.0132962 0.999814 274.009
0.999839 0.00541747 0.0202433 1.38469 -0.0057041 0.999922 0.0140153 0.625156 -0.0201646 -0.0141274 0.999753 275.545
0.999818 0.00424972 0.0216304 1.40454 -0.00453742 0.999938 0.0132387 0.628151 -0.02157 -0.0133324 0.999735 277.091
0.999746 0.00515795 0.0245116 1.42617 -0.00549019 0.999931 0.0134123 0.631762 -0.0244392 -0.0135425 0.999666 278.622
0.999762 0.00442895 0.0240346 1.45816 -0.00474668 0.999939 0.0131495 0.645894 -0.0239718 -0.0132585 0.999682 280.172
0.999738 0.00395919 0.0250903 1.48832 -0.00430329 0.999936 0.0135803 0.649209 -0.025033 -0.0136833 0.999649 281.704
0.999657 0.00250765 0.02833 1.52695 -0.00293436 0.99992 0.0150039 0.648914 -0.0282868 -0.01508 0.999544 283.226
0.999681 0.00205795 0.0275178 1.5467 -0.00248409 0.999916 0.0153727 0.655363 -0.0274819 -0.0154346 0.99956 284.767
0.999612 0.0012136 0.0300251 1.59261 -0.00161493 0.999947 0.0133179 0.659167 -0.030004 -0.0133592 0.999518 286.289
0.999672 0.00154522 0.0278932 1.63443 -0.00190077 0.999957 0.0126353 0.6576 -0.0278702 -0.0126825 0.999588 287.849
0.999674 0.00131728 0.0278506 1.66384 -0.00170994 0.999938 0.0140482 0.671985 -0.0278269 -0.0140891 0.999572 289.373
0.999634 0.000241012 0.0292785 1.70424 -0.000672653 0.999931 0.0146462 0.67433 -0.0292706 -0.0146587 0.999521 290.907
0.999709 0.000720787 0.0265956 1.73834 -0.0011197 0.999926 0.0149492 0.6766 -0.0265793 -0.0149723 0.999595 292.485
0.999663 0.000972304 0.0282414 1.77791 -0.00138876 0.99993 0.0146384 0.684754 -0.0282227 -0.0146707 0.999552 294.023
0.999721 0.00127569 0.0261676 1.81304 -0.00167627 0.999921 0.0152444 0.694975 -0.0261424 -0.0152816 0.999601 295.609
0.999762 0.000914136 0.0245282 1.83833 -0.0012909 0.999922 0.0152415 0.704925 -0.0245097 -0.0152675 0.999641 297.179
0.999722 0.00137894 0.026124 1.87589 -0.00179217 0.999913 0.0157621 0.715424 -0.0260965 -0.0158021 0.999595 298.73
0.999766 0.00247539 0.0242927 1.90463 -0.00289135 0.999891 0.0169924 0.730226 -0.0242454 -0.0170563 0.999619 300.323
0.999703 0.00307651 0.0267273 1.94009 -0.00354457 0.999881 0.0174446 0.740073 -0.0266669 -0.0175316 0.999551 301.887
0.99971 0.00369581 0.026409 1.97263 -0.00417157 0.999873 0.0178811 0.746401 -0.0263367 -0.0179833 0.999551 303.487
0.999706 0.00281385 0.0266594 2.01538 -0.00332324 0.999853 0.019045 0.766637 -0.0265984 -0.0191252 0.999524 305.047
0.999666 0.00233968 0.0282216 2.05686 -0.00285225 0.999874 0.018038 0.784064 -0.028173 -0.0181097 0.9995 306.621
0.999685 0.00219418 0.0275277 2.10106 -0.00267068 0.999888 0.0172495 0.796836 -0.0274833 -0.0173149 0.999534 308.217
0.999654 0.00208856 0.0286685 2.13813 -0.00254878 0.99991 0.015927 0.810115 -0.0286297 -0.0159919 0.999525 309.815
0.999732 0.00294748 0.0257442 2.18079 -0.00336291 0.999906 0.0160754 0.812312 -0.0256911 -0.016155 0.999601 311.425
0.999771 0.0037459 0.0240773 2.21454 -0.0041439 0.999898 0.016389 0.818979 -0.0240106 -0.0164824 0.999639 313.027
0.999737 0.00519992 0.0251894 2.23724 -0.00569568 0.999832 0.019614 0.837297 -0.0250798 -0.0197495 0.999552 314.632
0.999757 0.00445883 0.0245205 2.27769 -0.00501099 0.999778 0.0223922 0.851987 -0.0244125 -0.0225067 0.999511 316.262
0.999726 0.0032172 0.0259552 2.30631 -0.00380812 0.999776 0.0227159 0.873549 -0.0258729 -0.0228058 0.999467 317.881
0.999747 0.00263156 0.0252187 2.34995 -0.00321983 0.999767 0.023203 0.891283 -0.0251491 -0.0232753 0.999476 319.515
0.999748 0.00202064 0.0252489 2.4043 -0.00258314 0.999791 0.0222298 0.90334 -0.0251953 -0.0222866 0.999497 321.153
0.999764 0.00205095 0.0246188 2.44005 -0.00261813 0.999775 0.0229112 0.928724 -0.0245637 -0.0229671 0.999497 322.793
0.999751 0.00213108 0.0251207 2.47868 -0.00269466 0.999787 0.022385 0.946939 -0.0250642 -0.0224444 0.999497 324.418
0.999693 0.00296235 0.0272876 2.50451 -0.00355732 0.9998 0.0216758 0.966521 -0.0272151 -0.021763 0.999457 326.027
0.999717 0.0031604 0.0263459 2.54364 -0.0037317 0.9998 0.0216285 0.990809 -0.0262689 -0.021718 0.999482 327.676
0.999647 0.00273705 0.0289572 2.58387 -0.00344899 0.999736 0.0244611 1.00662 -0.0288797 -0.0245489 0.999345 329.3
0.999662 -0.00013843 0.0285661 2.62644 -0.000569071 0.999735 0.0247194 1.04559 -0.0285584 -0.0247243 0.99935 330.97
0.999658 -0.00128484 0.0286938 2.67014 0.000596673 0.999757 0.0238662 1.0766 -0.0287145 -0.0238374 0.999368 332.58
0.999579 0.000137087 0.0313299 2.70671 -0.000933 0.999719 0.0253569 1.09647 -0.031314 -0.0253722 0.999252 334.198
0.999624 0.000950822 0.0298835 2.75307 -0.00165834 0.999763 0.0235574 1.1357 -0.0298509 -0.0235948 0.999341 335.816
0.999593 0.00315133 0.0307385 2.78512 -0.00384915 0.999778 0.022634 1.12706 -0.0306566 -0.0227399 0.999336 337.403
0.99964 0.00396326 0.0291408 2.82353 -0.0046729 0.999738 0.0242179 1.1519 -0.0290341 -0.0243417 0.999348 339.023
0.999668 0.00467922 0.0279797 2.8618 -0.00545387 0.999645 0.0276405 1.16185 -0.0278367 -0.0277806 0.999291 340.653
0.999638 0.00564668 0.028924 2.90274 -0.00652811 0.99956 0.0303654 1.17872 -0.0287367 -0.0305393 0.999187 342.23
0.999719 0.00693364 0.0256176 2.93957 -0.00771595 0.999546 0.0305351 1.21535 -0.0253907 -0.0307205 0.99927 343.888
0.999733 0.0070851 0.0250764 2.96949 -0.00787536 0.999517 0.0314366 1.25365 -0.0248387 -0.0316216 0.999258 345.467
0.9998 0.00682655 0.0222722 3.00658 -0.00755568 0.999476 0.0327834 1.30233 -0.0220331 -0.0329414 0.99928 347.083
0.999841 0.00561823 0.0207683 3.06033 -0.00634024 0.99942 0.0347198 1.33268 -0.0205583 -0.0348419 0.999249 348.701
0.999829 0.00568185 0.0212797 3.07841 -0.00642044 0.999417 0.034764 1.33418 -0.0210662 -0.0348909 0.999235 350.262
0.999857 0.00535814 0.0200417 3.10614 -0.00606217 0.999408 0.0350875 1.36764 -0.0198389 -0.0352 0.999251 351.883
0.999837 0.00529721 0.0210545 3.13112 -0.00603587 0.999406 0.0351382 1.40965 -0.0208524 -0.0352558 0.999227 353.443
0.999859 0.004571 0.0201344 3.1576 -0.00528627 0.999399 0.0354752 1.44899 -0.0199572 -0.0355726 0.999235 355.059
0.999896 0.00326036 0.01852 3.19065 -0.00391685 0.999405 0.0354765 1.48479 -0.0183899 -0.0355415 0.999265 356.681
0.999873 0.00310204 0.0197178 3.21191 -0.00380565 0.999401 0.0356091 1.52065 -0.0195926 -0.0356757 0.999239 358.243
0.999894 0.00309707 0.0186432 3.23371 -0.00377671 0.999369 0.0364815 1.55358 -0.0185151 -0.0365442 0.999227 359.875
0.999877 0.00293629 0.0195802 3.25741 -0.00364595 0.999381 0.0361664 1.59603 -0.019459 -0.0362293 0.999221 361.439
0.999902 0.00159165 0.0184717 3.283 -0.0022647 0.999376 0.0364206 1.62762 -0.0183988 -0.0364549 0.999233 363.052
0.999909 -0.000367957 0.018113 3.30861 -0.000323737 0.99932 0.0380177 1.68342 -0.0181118 -0.0380159 0.99918 364.648
0.999885 -0.00181422 0.0193387 3.33426 0.00105182 0.999269 0.0393104 1.7189 -0.0193922 -0.0392819 0.999107 366.219
0.999925 -0.00231818 0.0170343 3.35481 0.00165537 0.999293 0.0386613 1.75328 -0.0171091 -0.038626 0.999175 367.866
0.999905 -0.00147878 0.0183703 3.3766 0.000767714 0.999297 0.0385984 1.79484 -0.0184108 -0.0385772 0.999154 369.44
0.999932 -0.000433802 0.0167823 3.39542 -0.000240808 0.999241 0.0400161 1.85047 -0.016784 -0.0400133 0.999126 371.062
0.999918 0.000285338 0.0177015 3.40838 -0.00102073 0.999181 0.0414929 1.88511 -0.0176714 -0.0415041 0.999051 372.661
0.999937 0.000225177 0.0165334 3.42714 -0.00093331 0.99913 0.0426833 1.90246 -0.0165064 -0.0426918 0.99902 374.304
0.999934 6.8534e-05 0.0167503 3.4489 -0.000784773 0.99913 0.0427049 1.95049 -0.0167291 -0.0427118 0.999016 375.901
0.999902 0.000380297 0.018575 3.46525 -0.00117542 0.99913 0.0426805 2.00277 -0.0185394 -0.0426938 0.998985 377.482
0.999927 0.00206093 0.0170799 3.48022 -0.00280447 0.999089 0.0435768 2.08565 -0.0169708 -0.0436182 0.998973 379.122
0.999897 0.00272375 0.0187773 3.49905 -0.0035596 0.999046 0.0444976 2.13228 -0.0186347 -0.0445552 0.998902 380.704
0.999902 0.00427773 0.0180929 3.5213 -0.00509308 0.999008 0.0452219 2.19213 -0.0178777 -0.0453063 0.998883 382.338
0.999913 0.00435639 0.017705 3.53424 -0.00516133 0.998992 0.045547 2.23921 -0.0174855 -0.0456297 0.998875 384.01
0.999871 0.00517847 0.0196098 3.55309 -0.00607159 0.99898 0.0457294 2.29325 -0.0193489 -0.045839 0.998832 385.595
0.999904 0.00753473 0.0171403 3.56747 -0.00833789 0.998896 0.0471562 2.34544 -0.0167627 -0.0472896 0.99881 387.239
0.999898 0.0079115 0.0171653 3.5685 -0.00872546 0.99886 0.0478419 2.4135 -0.0167633 -0.0479832 0.998778 388.9
0.999936 0.0091742 0.0142195 3.57763 -0.00985989 0.998805 0.0487806 2.47701 -0.0137518 -0.0489126 0.998778 390.579
0.999923 0.00981564 0.0146132 3.59294 -0.0105192 0.998796 0.0488291 2.53963 -0.0141123 -0.0489751 0.998771 392.197
0.999908 0.00942488 0.015899 3.60553 -0.0102063 0.998757 0.0496818 2.59584 -0.0154076 -0.0498344 0.998709 393.797
