1 0 0 0 0 1 0 0 0 0 1 0
0.999335 0.0349939 0.0104474 0.624452 -0.0347449 0.999134 -0.0228368 0.10012 -0.0112363 0.0224577 0.999685 -0.0258449
0.896078 -0.443757 0.0110877 1.90362 0.443856 0.895399 -0.0352998 -0.072688 0.00573594 0.0365526 0.999315 -0.0244136
0.936139 0.347936 -0.0509659 1.27901 0.351646 -0.925821 0.138555 -0.354074 0.00102038 -0.147626 -0.989042 -2.70088
0.922452 -0.37845 0.0765457 1.02488 0.386021 0.908117 -0.162189 -1.94082 -0.00813612 0.179161 0.983786 -1.03262
0.916146 0.371517 -0.150549 -2.0732 0.366186 -0.92842 -0.0627191 -2.96689 -0.163081 0.00233134 -0.986606 -2.02934
0.188347 0.891531 -0.411965 -2.0758 0.980007 -0.197914 0.0197644 -5.48334 -0.0639161 -0.407457 -0.910986 -3.43889
-0.886758 0.245827 -0.391483 -2.20742 0.252046 0.967017 0.0363477 -5.63542 0.38752 -0.0664414 -0.919462 -3.432
-0.103984 -0.907706 -0.406559 -2.45739 -0.994052 0.081879 0.0714823 -3.92989 -0.0315977 0.411589 -0.910824 -3.25125
0.86216 -0.262867 -0.43315 -2.09805 -0.268676 -0.961954 0.0490544 -3.68569 -0.429585 0.0740858 -0.899981 -3.30702
0.836015 0.351856 -0.421069 -2.16104 0.407975 -0.911689 0.0482469 -3.88747 -0.366918 -0.212131 -0.905746 -3.33665
0.326628 0.851576 -0.410059 -1.78489 0.937743 -0.346114 0.0282241 -4.598 -0.117893 -0.393762 -0.911618 -3.55022
0.737685 -0.552085 0.388628 0.511624 0.619987 0.781773 -0.0663286 -4.5707 -0.267203 0.289885 0.919007 -2.23437
-0.117259 0.90897 -0.400038 0.589703 0.99008 0.138272 0.0240391 -4.74509 0.0771735 -0.39326 -0.916177 -4.71991
0.814449 -0.430858 0.388637 0.301876 0.493834 0.866333 -0.0745311 -4.40781 -0.304577 0.252635 0.918376 -2.07899
-0.299886 0.80526 -0.511489 0.654486 0.953943 0.249346 -0.166676 -3.01278 -0.00667378 -0.537923 -0.84296 -4.53954
0.680516 -0.542166 0.492903 2.15735 0.556231 0.82012 0.134063 -1.82974 -0.476923 0.182945 0.859696 -1.50741
-0.159216 0.818555 -0.551911 -0.611952 0.985243 0.096216 -0.141448 -1.68792 -0.0626715 -0.566292 -0.821807 -2.12794
0.856057 -0.044816 0.514924 2.89655 0.0187711 0.998268 0.0556001 -1.80634 -0.516519 -0.0379214 0.855433 -1.87026
-0.51708 0.648632 -0.558459 -0.661423 0.827779 0.544934 -0.133439 -0.00629938 0.21778 -0.531272 -0.818715 -4.01552
0.843517 0.172627 0.508588 2.48176 -0.245545 0.966139 0.0792302 -1.10369 -0.477681 -0.191697 0.857361 -1.76777
-0.572952 0.673415 -0.467129 -1.65208 0.811267 0.547063 -0.206298 -1.5515 0.116629 -0.497151 -0.859771 -2.2927
0.603936 -0.653006 0.456978 2.51035 0.660972 0.730763 0.170594 -3.15863 -0.445316 0.199024 0.872972 -1.39129
-0.665776 0.615328 -0.421999 -0.638314 0.710697 0.695249 -0.107351 -4.84226 0.227345 -0.371361 -0.900204 -2.62564
0.892142 -0.0482232 0.449158 0.411145 0.00340453 0.99499 0.0999319 -6.9032 -0.451702 -0.087595 0.887857 0.903694
-0.64224 0.585208 -0.494997 1.77069 0.708099 0.700253 -0.0907291 -8.49265 0.29354 -0.408743 -0.86413 -2.97846
0.877259 0.253218 0.407757 1.7867 -0.232458 0.967373 -0.100793 -7.0874 -0.419955 -0.00632085 0.90752 -0.448999
-0.767931 0.45759 -0.448154 2.70699 0.564521 0.81416 -0.135855 -6.83601 0.302705 -0.357279 -0.883555 -2.93782
0.611862 0.749312 0.253199 2.69307 -0.790749 0.587478 0.172036 -5.08439 -0.0198505 -0.305432 0.952002 -1.15726
-0.651254 0.715102 -0.25385 1.37418 0.757361 0.633723 -0.157516 -5.58723 0.0482386 -0.294793 -0.954315 -4.34737
0.478571 0.832195 0.279945 11.5462 -0.875577 0.476312 0.080648 -1.40394 -0.0662408 -0.283657 0.956628 -4.87149
-0.51411 0.782664 -0.350808 18.5564 0.85555 0.497236 -0.144263 5.00344 0.0615371 -0.374254 -0.925253 -10.479
0.151505 0.969366 0.193191 29.4019 -0.981606 0.124495 0.144801 3.60876 0.116281 -0.211533 0.970423 -10.0431
-0.872702 0.437794 -0.21603 31.0852 0.480531 0.848694 -0.220985 15.2288 0.0865808 -0.296615 -0.951044 -15.6122
-0.232482 0.965723 0.115214 41.7744 -0.961394 -0.246179 0.123053 8.84848 0.147155 -0.0821287 0.98569 -14.0369
-0.983429 0.128753 -0.127379 38.942 0.146164 0.979641 -0.137719 20.6922 0.10702 -0.154015 -0.982235 -18.2149
0.424081 0.898438 0.113528 53.1876 -0.898647 0.401877 0.175975 18.1443 0.112465 -0.176597 0.977828 -17.3714
-0.747814 -0.638879 -0.180389 42.0558 0.657612 -0.675416 -0.333738 16.2392 0.0913686 -0.368256 0.925198 -18.4252
0.935882 0.33844 0.0975164 52.1389 -0.234528 0.805254 -0.544613 22.2796 -0.262809 0.486863 0.832988 -15.1544
0.57469 -0.817272 0.0413029 44.1904 -0.680052 -0.448818 0.579766 12.8087 -0.455295 -0.361341 -0.813693 -22.2019
0.328323 0.931654 -0.155312 54.7681 -0.854125 0.222579 -0.470084 12.7545 -0.403414 0.287058 0.868813 -19.5622
0.547341 -0.808132 0.217316 47.41 -0.798667 -0.426765 0.424334 6.69478 -0.250192 -0.405897 -0.878988 -25.8237
0.293964 0.896194 -0.332103 59.8327 -0.906878 0.151714 -0.393219 6.87353 -0.302059 0.416832 0.857319 -18.7241
0.852439 -0.517112 0.0761842 53.393 -0.504335 -0.775278 0.380351 -2.40857 -0.137614 -0.362738 -0.921658 -27.3582
0.546212 0.836281 -0.0461984 64.5366 -0.80315 0.50726 -0.312615 4.83333 -0.238033 0.207937 0.948733 -21.4091
0.439201 0.897594 -0.0360181 76.3454 -0.861347 0.409346 -0.300999 11.628 -0.255473 0.1633 0.952913 -19.2098
-0.913273 -0.356101 0.197439 70.7449 0.310865 -0.922986 -0.227005 -0.450089 0.263049 -0.14603 0.95366 -23.2286
0.937391 -0.329046 0.113502 65.9888 0.344796 0.833306 -0.432205 11.5291 0.0477157 0.444343 0.894574 -17.9984
-0.685037 0.72841 -9.9944e-05 77.4203 -0.71664 -0.67404 -0.179345 3.54467 -0.130805 -0.122807 0.98377 -21.5055
0.89676 -0.383994 0.219596 70.6877 0.440909 0.816393 -0.37307 14.147 -0.0359299 0.431446 0.901414 -17.0872
0.0232752 -0.987467 0.155602 53.5252 -0.935448 0.0334514 0.351993 9.72019 -0.352881 -0.153793 -0.922939 -20.5017
0.672786 -0.732063 -0.106212 43.8106 0.629423 0.642036 -0.43784 24.0478 0.38882 0.227767 0.892708 -14.8449
0.811543 0.574306 -0.106742 56.6704 -0.563524 0.721376 -0.402682 33.7374 -0.154301 0.387045 0.909053 -8.96567
-0.3477 0.933391 -0.0878247 70.6819 -0.850013 -0.353472 -0.390688 24.6203 -0.395813 -0.0612048 0.916281 -11.7324
-0.758327 -0.650636 -0.0377476 57.9285 0.614337 -0.694126 -0.375342 16.61 0.218063 -0.307918 0.926081 -16.3782
0.872376 -0.484444 -0.0638267 54.7059 0.40515 0.790314 -0.459752 30.2454 0.273241 0.375312 0.885705 -10.6349
-0.596221 0.793281 -0.122631 63.797 -0.735035 -0.601056 -0.313938 19.2937 -0.322855 -0.0970925 0.941456 -14.9566
0.201697 -0.979122 -0.0214717 51.3008 0.919251 0.196925 -0.34102 26.6023 0.338246 0.0490583 0.939764 -14.1404
-0.323966 0.935999 -0.136967 19.8806 0.828869 0.350586 0.436068 30.1259 0.456284 0.0277904 -0.889394 -12.8473
0.504944 -0.851405 0.141277 50.4224 0.775585 0.375961 -0.507163 27.8753 0.378791 0.365727 0.850144 -16.7475
-0.215085 0.963253 -0.16025 19.7089 0.875206 0.262861 0.406215 32.2125 0.433539 -0.052859 -0.899581 -12.3546
0.0516256 -0.988851 0.139049 49.0282 0.906702 -0.0118169 -0.421713 42.5656 0.418779 0.147871 0.89596 -9.26694
-0.31429 0.936169 -0.156895 18.0847 0.857146 0.350809 0.377248 43.8072 0.408339 -0.0158932 -0.912691 -6.12877
0.124488 -0.986305 0.107379 47.5772 0.903014 0.0679585 -0.424294 51.7352 0.411313 0.149831 0.899088 -3.44667
-0.203211 0.979036 -0.00125633 17.7528 0.836343 0.174066 0.519912 58.2508 0.509366 0.104592 -0.854166 -1.08875
-0.102134 -0.99373 -0.0436713 43.5835 0.854064 -0.0648982 -0.516174 70.064 0.510231 -0.0899855 0.855305 9.25185
-0.131052 0.991259 -0.00675122 15.1185 0.888998 0.120329 0.441904 79.2154 0.438988 0.0518828 -0.896989 10.8358
-0.173281 -0.984529 0.0228511 39.2998 0.878343 -0.164791 -0.448807 92.9961 0.445761 -0.057669 0.89328 21.1044
-0.240269 0.968355 -0.066272 11.0441 0.879585 0.245882 0.407364 98.7174 0.410903 0.039564 -0.910819 21.6944
-0.138218 -0.982394 0.125097 36.1629 0.89753 -0.177449 -0.403749 112.282 0.418972 0.0565179 0.906226 28.6355
0.236764 -0.349365 -0.906504 45.2239 0.922028 0.374945 0.0965704 112.433 0.30627 -0.858634 0.410996 55.1604
0.165834 0.175052 -0.97041 42.5234 0.959563 0.198243 0.199973 119.52 0.227498 -0.964368 -0.135 83.5479
0.14603 0.346887 -0.926393 34.9533 0.946747 0.222516 0.232812 126.706 0.287027 -0.911083 -0.29583 112.655
0.339314 0.823883 -0.453814 15.7722 0.620447 -0.558891 -0.550198 148.981 -0.706898 -0.0950359 -0.700873 102.89
0.772791 0.519744 0.364017 12.9112 0.00586569 0.567465 -0.823405 129.533 -0.634627 0.638497 0.435352 79.4432
0.849305 -0.525727 0.0461327 34.9097 0.467789 0.79086 0.394693 113.457 -0.244023 -0.313493 0.917667 89.876
0.0385289 -0.11784 -0.992209 34.4677 0.791275 -0.602852 0.102605 135.465 -0.610163 -0.789107 0.0701392 105.776
0.0559813 0.838079 -0.542537 11.619 -0.133933 -0.532487 -0.83582 143.989 -0.989383 0.119297 0.0824127 95.8797
0.78767 0.392403 -0.474816 4.74269 -0.599685 0.665963 -0.443791 120.898 0.141905 0.634289 0.759882 85.5296
0.447218 -0.675094 -0.586616 21.7501 0.176016 0.709808 -0.682115 101.732 0.876792 0.201963 0.436264 88.8618
-0.549905 -0.776895 -0.306394 34.5446 0.46244 0.0226853 -0.886413 100.591 0.69572 -0.628982 0.346748 109.967
-0.96757 0.143153 -0.207709 23.2077 0.100029 -0.539418 -0.836142 111.834 -0.231563 -0.829877 0.507527 130.161
-0.380893 0.883246 -0.273138 -0.795044 -0.403231 -0.424889 -0.810539 117.843 -0.831947 -0.198779 0.517935 129.493
0.97239 0.0465885 -0.228221 5.83458 -0.223586 0.465853 -0.856201 104.525 0.0662509 0.883665 0.46334 108.983
-0.736573 -0.652676 -0.176818 14.711 0.446247 -0.272149 -0.85258 113.949 0.508527 -0.706829 0.491654 129.362
0.0427518 0.0979915 0.994154 13.4816 -0.908104 0.418834 -0.00254789 97.2798 -0.416754 -0.902703 0.106718 146.563
0.22416 -0.782977 -0.580048 31.826 0.974305 0.16778 0.150563 100.916 -0.0205153 -0.59875 0.800638 161.175
-0.397309 -0.678908 0.617239 45.9239 -0.90579 0.397942 -0.145853 84.9378 -0.146629 -0.616916 -0.773215 171.388
0.17233 -0.787662 -0.591303 61.8059 0.983588 0.105392 0.146783 90.0343 -0.0532417 -0.606761 0.793074 187.048
-0.0952889 -0.665717 0.739923 74.7697 -0.994026 0.0239482 -0.106882 83.7005 0.0533543 -0.745625 -0.664203 198.843
0.186767 -0.754631 -0.628799 87.3475 0.982307 0.135317 0.129842 86.971 -0.0128341 -0.641806 0.766744 211.741
-0.414045 -0.546057 0.72809 97.0084 -0.90596 0.324096 -0.272546 77.7832 -0.0871691 -0.772413 -0.629104 224.153
0.194925 -0.63792 -0.744837 106.181 0.976579 0.0560556 0.207959 78.7044 -0.0908604 -0.767855 0.634131 238.494
-0.338091 -0.526418 0.779927 116.85 -0.936257 0.271776 -0.222811 71.8775 -0.0947098 -0.805509 -0.584968 249.677
0.341444 -0.456054 -0.821676 123.383 0.916743 0.354396 0.184599 68.6249 0.207058 -0.816237 0.539325 264.511
-0.336355 0.87761 0.341201 108.672 -0.900938 -0.194848 -0.387852 67.895 -0.273942 -0.438112 0.856147 272.408
0.693862 -0.710587 -0.115569 120.034 0.539144 0.40692 0.737439 66.7019 -0.477135 -0.573797 0.665634 282.422
-0.640715 0.713591 0.282869 108.602 -0.623831 -0.26975 -0.733581 65.3134 -0.447115 -0.646774 0.617854 293.147
