-0.007630258021585761 -0.9999569980465164 -0.005266012547457479 0.3311792324690022 0.0024227390342847076 0.00524766441253157 -0.9999833280566417 -0.08068119012084751 0.9999679473871559 -0.007642888245785228 0.0023825936090541926 -0.4087732193436905
-0.007688544579186474 -0.9999692679595396 0.0015513920824911029 0.4244162102067191 0.003435812396620332 -0.0015778454858869154 -0.9999928913582714 -0.07597262235375507 0.999964588292066 -0.007683158845833879 0.003447838495073393 -0.40514315588421895
-0.008232916626111548 -0.9999261256308907 0.00893542535805027 0.5158464396971538 0.0037618380308873413 -0.008966637985911744 -0.9999527660428263 -0.0707693603982657 0.999959002760794 -0.008198913344258506 0.0038353818120232894 -0.4013042454261933
-0.009108068520566807 -0.9997993368674317 0.01783914339239608 0.6340020955287101 0.003229789707827685 -0.01786920513501692 -0.9998351540468732 -0.06090810670636432 0.999953271997022 -0.009048948963928487 0.0033918954555837285 -0.4052514148475998
-0.010500673925978494 -0.9995397502652088 0.02845918573637647 0.7510391109992673 0.0031107141194111534 -0.0284932661405914 -0.9995891494393865 -0.05012550314015862 0.9999399615474824 -0.01040783084192879 0.003408480666569882 -0.4033971783622874
-0.011832985862746732 -0.9990433190417686 0.04210022061755355 0.8823932903513686 0.0028896801151678544 -0.04213715287043776 -0.9991077161983122 -0.03616033739123542 0.9999257711090835 -0.011700769790664275 0.0033855235331844875 -0.39962317604109315
-0.012410402461614133 -0.9981873303566906 0.05888930778254094 1.0397783575538937 0.0021219353288802947 -0.05892000970275541 -0.9982604896056141 -0.011518013608400435 0.9999207458185987 -0.012263854265865085 0.002849309764369524 -0.4018567946746005
-0.012822743783365061 -0.9968890769012141 0.07776730397602621 1.1939008671249993 0.00043751601851816724 -0.07777928679772501 -0.996970492288326 0.014725333583206324 0.9999176914243881 -0.012749871878088393 0.0014334985810900704 -0.40743181831883174
-0.01246012155622709 -0.9951783306522973 0.09728725686055079 1.34291959681508 -0.0006072273429984355 -0.09728731792316575 -0.9952561526208948 0.042585247202341914 0.9999222191005573 -0.012460087590261142 0.0006079114793928251 -0.4037760904480536
-0.01293753286276407 -0.9927594883266677 0.11942042767353968 1.5225838566424563 -0.00029205082248186156 -0.11942666836808963 -0.9928430307766181 0.08316990523567924 0.999916215841097 -0.012879814557286519 0.0012551492308536785 -0.39619140143359477
-0.014754162621358789 -0.9894698062444772 0.14398548685070603 1.7288232352445572 0.0013955752495292857 -0.14402138688513114 -0.9895735814671235 0.14887767607041608 0.9998901487916926 -0.014399387217308546 0.0035057943064898647 -0.38757658164856884
-0.017369041682461586 -0.9853748963140191 0.16951288582345364 1.91538129351656 0.00506688767145568 -0.1696230293923014 -0.985496033314179 0.21381890069745968 0.9998363213199222 -0.016258218256575654 0.00793897307476297 -0.3758195429445139
-0.019887129458606767 -0.980353888170135 0.1962413362288759 2.108581656239781 0.0076633203462409295 -0.19642388641580108 -0.9804891696595407 0.28538807529909305 0.9997729140892737 -0.01799525753506832 0.011419072874407837 -0.3743959840488518
-0.02035750064753547 -0.9738632916431469 0.22622065194918017 2.320731447053728 0.008753310478414052 -0.22643248725614243 -0.9739875783916588 0.36541734357946953 0.9997544713928445 -0.017847765060104114 0.013134127903677866 -0.36621842411317557
-0.020691934749614192 -0.9663319038374737 0.2564653282802849 2.5136305376492434 0.009748488554023207 -0.2567030173811909 -0.966441202268936 0.4505754355944201 0.9997384115472521 -0.017497382339550043 0.014731952130805057 -0.3584906528977167
-0.021501210829894694 -0.9574632187400751 0.2877530235334856 2.7220947851778714 0.010766495813934235 -0.2880246206371899 -0.9575625499336647 0.5478432697307987 0.9997108394255114 -0.017490654551808038 0.01650140146708464 -0.35125729845941556
-0.02165721092734258 -0.9464671716286902 0.32207265564271087 2.924080477634269 0.012527973834895307 -0.3223797838187681 -0.9465275045212473 0.6500326285050259 0.999687003183101 -0.016464228288643003 0.01883916474611065 -0.34581512142468984
-0.023243541831670832 -0.9344253041002908 0.3553998180207855 3.1305520637584663 0.013722452805882447 -0.3557605538913653 -0.9344764273131749 0.7726308674173812 0.9996356353475089 -0.016843583297865266 0.021091735723036117 -0.3465807384771095
-0.024361875788154682 -0.920697880827144 0.38951503034981066 3.344207908402854 0.016414299443495366 -0.3899465554442765 -0.9206912081469841 0.8841640445567033 0.9995684310398799 -0.016036144975183235 0.024612441232431132 -0.3418010334791112
-0.025057889535759183 -0.9054154563248071 0.4237863788190313 3.555384033929381 0.016682270859830553 -0.42423913583851347 -0.905396559515911 1.0112107745410657 0.9995467848278589 -0.015617607647803703 0.025734925374272702 -0.3410713097053702
-0.025458139514858192 -0.8876554471668898 0.45980392698240385 3.761269500906129 0.012767611241307396 -0.4602042349842396 -0.8877213300623278 1.1692971460564616 0.9995943018771489 -0.016729137142487784 0.023049184499097767 -0.3535303578507111
-0.025385876934213795 -0.8669722454739017 0.4977094540198667 3.9619604540481026 0.009425711847154792 -0.49805531859087276 -0.8670940680595189 1.3071173324278464 0.9996333230756771 -0.017320671950683063 0.02081540552508663 -0.34876067208169553
-0.024392828707598353 -0.8430501315678092 0.5372816197619562 4.160457757403329 0.00983357404013917 -0.5376178131815672 -0.8431313493153864 1.4780087857866757 0.9996540862382204 -0.015282959961779648 0.021404221889165426 -0.33969304926325017
-0.023859372631024174 -0.8146502409907433 0.5794615526365963 4.373390616654127 0.013258429097166376 -0.5798333991570137 -0.8146271594976916 1.709130845649634 0.9996273698513846 -0.011753736083565617 0.024635441788037796 -0.3293283116159141
-0.024321776647327834 -0.7827722594331438 0.6218327596560367 4.5489650707423746 0.016040836098706407 -0.6222422924719749 -0.7826604082218593 1.909446235174171 0.9995754042906024 -0.009060972984995974 0.027690369119302484 -0.31402956935071563
-0.025299452632702835 -0.7478156097927009 0.6634242209112787 4.726586028959647 0.01486597263052795 -0.663844696114571 -0.7477227469016187 2.1301286139189477 0.999569373394719 -0.009054527527360558 0.02791190874727381 -0.3205947546336249
-0.023973226196823204 -0.7091947770924524 0.7046048831276285 4.914790500127475 0.01062735147042854 -0.7049483597191755 -0.709179021305186 2.376962367364267 0.9996561493340763 -0.009513225750066152 0.024436745915998575 -0.3237561612617967
-0.02178647338500887 -0.6676770989920356 0.7441320870446725 5.0871850644801215 0.007391002595095134 -0.7443959399449287 -0.6676975082416707 2.5994900758527533 0.9997353392453184 -0.009046894386565581 0.021152573329937245 -0.32666957769144506
-0.019020250084579367 -0.6241680172137826 0.7810585889302218 5.252921611023851 0.006337773887615832 -0.7812594827529489 -0.6241742579198072 2.8874150343831815 0.9997989479437229 -0.006921777195053903 0.018815582837528076 -0.3186701618937688
-0.01627147017801763 -0.5764098183930831 0.8169987327506468 5.406610958775726 0.005119368223918916 -0.8171442169528713 -0.5764105855305125 3.2012976836564566 0.9998544741081978 -0.00519653011951798 0.01624699513088902 -0.3197523180578737
-0.015171612265970693 -0.526268171076461 0.8501833512267353 5.545575118121968 0.005061179797974241 -0.8503106913750667 -0.5262566532133748 3.511103715720894 0.9998720998411343 -0.003681232433810187 0.015564123641037245 -0.31497754785940885
-0.013808502982598728 -0.4742951409405435 0.8802576562326094 5.6524642674045 0.004876280950418589 -0.8803630323783437 -0.4742754105914305 3.8112949504687523 0.9998927925271405 -0.0022566514550568274 0.01446929536094239 -0.31836301102382253
-0.01277872317511489 -0.420427472839049 0.907236207974103 5.7906100717345295 0.00562424130301013 -0.9073261401671916 -0.42038994702687094 4.189980548732035 0.9999025200940913 -0.00026953251763725365 0.013959059342306361 -0.31812614237695624
-0.012254744368805389 -0.36629148215569113 0.930419452988542 5.877308896824118 0.006652535610448383 -0.9304986597650178 -0.3662350234411572 4.544256522910464 0.9999027432650922 0.0017015294776278177 0.013839785133823172 -0.31667927606700313
-0.010670315248530824 -0.31032102845448906 0.9505719164746717 5.95258116930797 0.009218462799621123 -0.9506161293296232 -0.3102320046093457 4.935307954776894 0.9999006000923416 0.005452541457721038 0.013004058578153933 -0.3220375941248032
-0.0073547126727548165 -0.25649508433740525 0.9665175857510191 6.033826394817022 0.010279623550251249 -0.9665120564790936 -0.25641538713923 5.361406178713545 0.9999200778650256 0.008049566873403278 0.009745090151848306 -0.31820133902065645
-0.0048143936402088505 -0.20579703611115116 0.9785828854423264 6.080546126763005 0.011291899950975046 -0.9785430124955943 -0.205733135691862 5.767100890243211 0.9999246726721658 0.010059580724050833 0.0070349313358029604 -0.3208517450154725
-0.007443152313648799 -0.15776743925820863 0.9874482358066279 6.104866084169571 0.011815551751511706 -0.9874205429359312 -0.1576739324416122 6.21329742283927 0.9999024760025934 0.010493656595407824 0.009213631249579907 -0.320606051202645
-0.009147423861403178 -0.11570992817588752 0.9932409084013978 6.115549263155143 0.011436234889008618 -0.993229590221124 -0.11560336444778781 6.64546423332483 0.9998927309455976 0.010301463561081872 0.010408779082527173 -0.3277474974091132
-0.010575931321018108 -0.0773829817819833 0.9969453996458413 6.11793857637791 0.010234518394208943 -0.9969572758529215 -0.07727534100691584 7.118118686216452 0.9998916888381424 0.00938599728258202 0.011335729173939442 -0.33440156442370433
-0.010802476361288534 -0.04354960269836498 0.9989929237482991 6.100863180279376 0.008229411067402513 -0.9990211408839819 -0.04346185349828153 7.572651880685022 0.9999078393798565 0.00775162760511037 0.011150290245270178 -0.33292110318879375
-0.010625243863887381 -0.012244030092388261 0.999868568507073 6.093998689241125 0.006023954143895978 -0.9999076408679302 -0.012180493923810442 8.054530686724052 0.9999254696766052 0.005893735904487475 0.01069802073181751 -0.33122529153201796
-0.01151585409369179 0.014668443085941464 0.99982605675707 6.081127176275575 0.0038440636045100184 -0.9998843160139387 0.014713582448031578 8.542837499832206 0.9999262970863538 0.004012832113447693 0.011458136107630452 -0.3450674430758159
-0.01256307682779287 0.03580953848978457 0.9992797062483133 6.058132327019843 0.0008217875299102555 -0.9993578825220218 0.03582267278940216 9.069974580363821 0.9999207063046389 0.001271237313683702 0.012525581349814529 -0.34807351824744515
-0.014411568679113895 0.05236172463745979 0.9985241967101844 6.024355289699473 -0.00013746753170451945 -0.9986279983876658 0.05236518903762342 9.583556188869261 0.9998961801542352 0.0006173983272134455 0.014398997066779677 -0.3558929108105976
-0.01357954964183793 0.06567648277193669 0.9977485498011667 5.976397654350921 -0.00032989695254469903 -0.9978407855931527 0.06567807624670302 10.121781244310741 0.9999077730776079 0.0005627225971010438 0.013571893234990548 -0.35349054242580175
-0.013250579119391991 0.07496823511168035 0.9970978703761261 5.905601097790978 0.00023688557453937012 -0.9971851990849611 0.07497795335517647 10.7170200575646 0.9999122224577978 0.0012296975685917866 0.013195525204353126 -0.3518611583974038
-0.015744055983575995 0.08291535717533025 0.996432257327986 5.854355943002388 0.0011357818606369634 -0.9965535738229778 0.08294339801653236 11.275545361624609 0.9998754133729537 0.002437593877142763 0.015595619806553673 -0.3487475214577977
-0.014640061344944996 0.08623806554753066 0.9961670413542625 5.79323231623333 0.002320415758894974 -0.9962681391997258 0.08628092955322966 11.88827617714531 0.9998900886578274 0.0035746792493884898 0.014385320544670647 -0.34679915702567743
-0.013935161951781043 0.08770886152296126 0.9960486864169981 5.739078802684438 0.0028974040792534676 -0.9961376550689562 0.0877572428146337 12.505219726468848 0.9998986519578915 0.004108866378937473 0.013627214020737096 -0.35196388600737183
-0.011771569876927923 0.08735092854038706 0.9961080509886844 5.686814755097446 0.00488800536553213 -0.9961601200214739 0.08741326144350453 13.129976470765651 0.9999187260881721 0.005897968417322364 0.011299397898401661 -0.3553840931843935
-0.010325516788048203 0.08653585364883656 0.9961952548514155 5.636300646472415 0.0069151059680811165 -0.9962183181135049 0.08660954424131824 13.766588655433566 0.9999227967248799 0.007783085734905439 0.009688063901553216 -0.35207595397600966
-0.009757733979613428 0.0848528477817071 0.996345785418981 5.573756987070985 0.0070380083843921 -0.9963626679699745 0.08492322499212235 14.415345363362754 0.999927570727188 0.007840949764707148 0.009125045949587981 -0.3461767426388296
-0.010368516403817332 0.08216827972049404 0.9965645225208426 5.511871616729313 0.0054689372851819094 -0.9965985592931341 0.08222798084043227 15.096099328998356 0.9999313153523287 0.0063027240886347445 0.009883874696951447 -0.35173214464788355
-0.009218435415901331 0.08127697528888253 0.9966490029686834 5.461863880612139 0.004810773956732052 -0.9966761064762888 0.08132369615070681 15.78898437417684 0.9999459156425763 0.0055443268343500565 0.00879678889219013 -0.35065375942664645
-0.012787371166790889 0.07924346410941856 0.9967733501719486 5.387188399868504 0.008081246307269056 -0.9968140326618609 0.07935038224131205 16.479496817429666 0.9998856023102772 0.009069853075905878 0.012106244828651625 -0.36243741530714285
-0.01417429949632325 0.0780315629783106 0.9968501272848048 5.339978827749638 0.011391247660709302 -0.9968729542287583 0.07819532555994108 17.19429252952249 0.9998346310179497 0.012463732876358574 0.013241099725081579 -0.3739923039970113
-0.014186456381816422 0.07609932571721856 0.996999347543062 5.278345756400061 0.0131040456039173 -0.9969998065552966 0.07628582633418016 17.93121014901027 0.9998135274321577 0.014146948173363698 0.013146686937113069 -0.387261108015787
-0.015584783928271811 0.0748790634113874 0.997070783296009 5.217168621645604 0.012679604796861681 -0.9970969522676503 0.07507922192992068 18.652674709845023 0.9997980927197047 0.013812554331328298 0.01459009619592195 -0.39090854003668296
-0.018300214008023376 0.07250294013333544 0.9972003018255151 5.1489831207848376 0.01017575797680758 -0.9973021002470897 0.07269708647012398 19.407563554788005 0.9997807509217914 0.011477637051597607 0.017513064255112974 -0.39413101506855575
-0.017533975280421707 0.07100823109257283 0.9973215777260023 5.091376814017029 0.009174168046291365 -0.9974215483658863 0.071176644739177 20.168231012468866 0.9998042146154438 0.010397600196849544 0.016837323646307887 -0.39475448695103793
-0.019279918797424397 0.06954147534214489 0.9973927281998249 5.038798524231636 0.011436631941017265 -0.9974975987734791 0.06976985988616849 20.95640189665753 0.9997486735055111 0.012751964587465357 0.018436347570903535 -0.4116280054260902
-0.016945345642713234 0.0678292626793886 0.9975530609766532 4.986765206220442 0.013999681867556624 -0.9975823553377013 0.0680690705658589 21.764734143248372 0.9997583993427283 0.015118880747367166 0.015954790980414454 -0.4213502618709514
-0.016342278186769782 0.0666645210730522 0.9976416787545892 4.928435077354662 0.014972870700069427 -0.9976466988735339 0.06691012649239697 22.545695486467352 0.9997543790914162 0.01603102505846809 0.015305657060303486 -0.43126797386200855
-0.01370824121113015 0.065604078648107 0.9977515344230632 4.866736269549348 0.011117163810466043 -0.9977736653336026 0.0657582791755327 23.3555850679174 0.9998442003321786 0.011993591178597047 0.012948390544732584 -0.44180698363774007
-0.0143192347189349 0.06539278468855056 0.9977568660337451 4.811556004185978 0.004533937042384065 -0.9978447084894214 0.0654636095195512 24.159491585959554 0.9998871774591519 0.0054611517318589944 0.013991883208356369 -0.4493246876974308
-0.012282590067245578 0.06589467520140886 0.9977509994037485 4.761045473013661 0.0009294207611799301 -0.997825141341902 0.0659110048684832 24.97170306510447 0.9999241227930119 0.0017368879210066177 0.012194632409147354 -0.4531907758190575
-0.010126987791056512 0.06563823472498306 0.9977921199305 4.711742474314837 0.0011915717550572483 -0.9978418218776265 0.06565359703481055 25.794613108437964 0.999948035753861 0.0018538133669246983 0.010026918668682853 -0.44915416189341534
-0.010932118069022199 0.0658569287628877 0.9977691670378217 4.641710212652427 0.007935986060094102 -0.9977916758418177 0.06594537283915196 26.667829965783348 0.9999087387855122 0.008639207284608156 0.01038533591083979 -0.4494990118913787
-0.011405890549749597 0.06712230094062414 0.9976796233335459 4.581050052615751 0.013762902730920816 -0.9976394259042897 0.06727694307313396 27.523130816509813 0.999840203918498 0.014498317906144842 0.010455168454039154 -0.47219296931829735
-0.01115256833577482 0.06657437964815006 0.9977191816154737 4.511528092768001 0.019283979097977466 -0.9975812945995339 0.06678075568066409 28.357669531918138 0.9997517980890683 0.019984768492872194 0.009841774935308566 -0.4823839100002428
-0.011588153591612502 0.06807935121423817 0.9976125701204713 4.443762330549757 0.020366106037842398 -0.9974565578763993 0.0683052766095034 29.200459245006385 0.9997253935677739 0.021109017606858384 0.010172168468011866 -0.4838612944634117
-0.016523279252450528 0.06886256009300827 0.9974893125796491 4.380421904373142 0.018288715721226072 -0.9974377537431379 0.06916195642634032 30.02580016274761 0.9996962096288764 0.01938557549761167 0.015221532995588198 -0.4957442084453724
-0.01581781069540285 0.0698246045670728 0.9974338794446392 4.319984269634189 0.016123045445119704 -0.9974111824826124 0.07007870760110338 30.854623391680356 0.999744908516962 0.01719016974874487 0.014651073178015055 -0.49664083679923926
-0.01723888416291791 0.06929580586449505 0.9974471824564265 4.253215389285104 0.017029819017135024 -0.9974304563403009 0.06958896980535563 31.709635459992036 0.9997063553285985 0.01818598973286127 0.016014490503218657 -0.5041836307682935
-0.01700817289283916 0.0694091900278873 0.9974433077358629 4.1883076256649865 0.01847223890354828 -0.9973955498526722 0.0697208584484873 32.560558962148676 0.9996846652981463 0.019610831906397702 0.015681732745511195 -0.5191415738972851
-0.017630139598292193 0.06998629129025391 0.9973920850746296 4.129734879007487 0.017287899742518133 -0.9973767071163423 0.07029079498202337 33.383140024633 0.9996950375822394 0.018482051866961256 0.016373976714634603 -0.5301858060061453
-0.018835440788336058 0.06783212830945973 0.9975189604860437 4.063868337959445 0.01254523771343893 -0.9976012821430817 0.06807462017976484 34.21014224337545 0.9997438790523943 0.01379632275574825 0.01793929293141772 -0.5286818806819756
-0.02069341786184037 0.06891242051481558 0.9974080709996437 4.006081835167279 0.009124010098823939 -0.9975671396079432 0.0691127155114332 35.050699575190194 0.999744247609144 0.010530534103647664 0.020014317469783396 -0.5321175581250555
-0.02127473130066814 0.06783345924991604 0.9974697955152017 3.936561581923582 0.009627866935284586 -0.997635478129502 0.06805008917554067 35.87356905467814 0.9997273035917876 0.011051250983535868 0.02057133943017002 -0.5332771780949758
-0.01973133786690538 0.0669009812154766 0.9975645406726789 3.8788803023471456 0.011745331940992722 -0.9976743223151674 0.06714067136757182 36.728245010411776 0.9997363266661384 0.013041503031075834 0.01889968018207247 -0.5379240110631688
-0.02209482066709823 0.06729347674042789 0.9974885056573881 3.8196249303099963 0.01652284202811787 -0.9975712929354856 0.06766505258511077 37.55789497779254 0.9996193153744202 0.01797638775962466 0.02092928360258367 -0.5411318201808191
-0.019018751940019972 0.06608931626995385 0.9976324456344362 3.7709175795573193 0.02206462112177604 -0.9975421268236486 0.0665039832129088 38.39034353855136 0.999575606449685 0.023277201512243984 0.01751376876366853 -0.552552370909938
-0.018695391782287126 0.06640996231833066 0.9976173349099898 3.7135739942247152 0.02417049575408321 -0.9974700005364233 0.06685313013141182 39.23052345280333 0.9995330070875145 0.025362744007400444 0.01704293231871033 -0.5768148934221021
-0.01872458511420031 0.06560396405364644 0.997669993082495 3.648981037865341 0.02479132721178536 -0.9975077271561207 0.06605858167449406 40.08086463009831 0.9995172306581543 0.025970484058751644 0.01705150227032089 -0.5854925147849162
-0.017401412787709944 0.06514128979283437 0.9977243695394131 3.5920801446448465 0.020572025589790238 -0.9976408367314347 0.06549464435081764 40.908044750539865 0.9996369254330413 0.021664904361726585 0.01602026951914455 -0.593125878252971
-0.017034408958610893 0.06504003397452886 0.997737205022076 3.538879646464267 0.016904161236251776 -0.9977206614402171 0.06532756711432368 41.711936165981996 0.9997119677452333 0.01797872606762594 0.01589613039882797 -0.5952908268333309
-0.02022590676720499 0.06502009126994675 0.9976789971141526 3.4769346186588814 0.01474491111752656 -0.997755165976574 0.0653239799837142 42.54880297957856 0.9996867389961428 0.01603192137550779 0.01922179274377896 -0.5986004256101962
-0.02243570230741762 0.06551998909647 0.9975989665865902 3.4143310827000573 0.012901076671987841 -0.9977481370628355 0.06581992685033426 43.385974624312865 0.9996650185404937 0.014346816813473258 0.021539899370252906 -0.6084468545993944
-0.022435578839116142 0.06579536582320479 0.9975808753073457 3.3646225891245183 0.01143650738600703 -0.9977498912243828 0.06606371641988038 44.20891944249242 0.9996829051529981 0.012891008636359391 0.021632620063498843 -0.6202373176376238
-0.019139991816734342 0.0664712790131359 0.9976047637784505 3.311807299894199 0.007875089976557947 -0.997746579364971 0.066631816942952 45.02427588606739 0.9997857724088254 0.009131554159137379 0.018573391181705166 -0.6239704385372947
-0.014397260689805645 0.06777261739369195 0.9975968759438666 3.2536967934704584 0.0059509690660698895 -0.9976768517713617 0.06786393753000035 45.85420282302265 0.9998787103103024 0.0069137211842828245 0.0139604924611672 -0.6239510510433002
-0.014783142057069047 0.06851829647978241 0.997540309530164 3.191885626565673 0.00906694449315245 -0.9975991172852839 0.06865671403018471 46.68793825028234 0.9998496186546885 0.010059605865867351 0.014126399342352838 -0.6207196481217536
-0.014094952980370744 0.0711239628457943 0.9973679293731105 3.138707578880453 0.01464120040250884 -0.9973453572315217 0.07132927494403497 47.49088210294712 0.9997935254605413 0.015608045099501306 0.013016192211892335 -0.6370743502189274
-0.012411585979452893 0.072187710281224 0.997313817461578 3.0841479444122237 0.01743613736511484 -0.9972233746707525 0.07239816257450125 48.320171050203214 0.9997709274528817 0.018287873667909307 0.01111844865020541 -0.6501595737333672
-0.013156080509701892 0.07383522889526097 0.9971836216071956 3.0190933052470426 0.017250246776702068 -0.9971047924404358 0.07405698679671546 49.146562957567916 0.9997646485623486 0.01817596149887668 0.011844318950137735 -0.6530676643178569
-0.016911094029644417 0.07587133400156257 0.9969741691886256 2.953041091036947 0.014178788061436657 -0.9969983342470766 0.07611368348938247 49.94204749626526 0.9997564480128712 0.015423051958298368 0.01578456827672087 -0.656056196517229
-0.020860241569923315 0.0763258425524577 0.9968646879675715 2.8817756035802877 0.010551267662470625 -0.9970093399006184 0.07655772563451811 50.741357729860376 0.9997267001483823 0.012115198653414767 0.01999252147054152 -0.6621604537611235
-0.023652360217196227 0.07720459532299959 0.9967347005816776 2.804892505825372 0.009668311795306549 -0.9969492891030044 0.07745065459199993 51.5391756712164 0.9996735313089293 0.011468636200303084 0.022833759320200517 -0.6651019845176612
-0.02402554170714503 0.0784703803743389 0.9966269357675408 2.734773582797356 0.010831849193582295 -0.9968357111744146 0.07874795091426048 52.36666170973367 0.9996526666051578 0.012687265987300123 0.023099542881559458 -0.6617258119657953
-0.02641165659206449 0.07975383867487963 0.9964646389373673 2.6624725878811555 0.011347907676202562 -0.996724157526235 0.08007540032952483 53.148110092587935 0.9995867498470025 0.013422712407576936 0.025420104118299303 -0.6726064662065415
-0.028925587604723028 0.08149819166356481 0.9962536678586734 2.589360938313885 0.010645054995606579 -0.9965891077654144 0.0818347047337328 53.93635748091139 0.9995248795213223 0.012972289482779419 0.027959375370137336 -0.6718134845917452
-0.02787864697377148 0.08247955812271411 0.9962027947543683 2.519042205786836 0.010887572849523892 -0.9965059163335205 0.08280935148337791 54.69145639790545 0.9995520106951672 0.013154833381008766 0.02688324330729195 -0.6733844761651263
-0.02668476906399452 0.08233613544179964 0.9962472963840742 2.448261254864266 0.012446221210454857 -0.9964975477911806 0.0826901978459539 55.469649353493686 0.9995664057227469 0.014606080983670102 0.02556653685517474 -0.6827373182536621
-0.02494767084793524 0.08263703525683927 0.9962674408576093 2.3871631389532664 0.015328487171830758 -0.9964288095137092 0.08303428310304077 56.262765835064734 0.9995712402281386 0.017342773537238114 0.02359187036164439 -0.6826518727795645
-0.025213581418623617 0.0826768714160631 0.9962574135006907 2.31765161843478 0.0189621655146066 -0.996355375435529 0.08316489834395516 57.03200753266005 0.9995021659512867 0.020988081160696136 0.0235539568541525 -0.6935993041213228
-0.025896132484051156 0.08320764479853626 0.9961957248726186 2.2497635604262225 0.021559097451048538 -0.99625163494324 0.083772760435777 57.790881247198605 0.9994321599678719 0.023646474834226893 0.024005177427290973 -0.6984650459897985
-0.02417703474466508 0.08339978515783783 0.9962228624705336 2.191921839265458 0.022016435983152782 -0.9962280010377411 0.08393452396283792 58.53925515278317 0.9994652504146657 0.023962557093532566 0.02224967578240611 -0.7152938876679482
-0.023659756114749235 0.08315266896400061 0.9962558815673881 2.1247555999774668 0.020508993207433712 -0.9962848343764624 0.08364214046188961 59.28738984278126 0.9995096446556818 0.022411151185209754 0.021866480491211576 -0.7206800179897976
-0.0225278691597503 0.08387492270335253 0.9962215625050577 2.05293222530024 0.01687915958941754 -0.9963005617046651 0.08426327003871013 60.036712942194164 0.999603718473026 0.018713661325906406 0.021028790864415135 -0.7256303514990937
-0.023589257127860617 0.08394055600920967 0.996191532087485 1.9895757946871013 0.014737924323389572 -0.9963312668892067 0.08430133542107318 60.752465154106154 0.9996131026968759 0.016670394016513455 0.022265604017067227 -0.7325538335033306
-0.025524099651215788 0.08271367904334184 0.9962464780691408 1.9191106714238595 0.01284176330679342 -0.9964618045254628 0.08306057048832309 61.469940524525704 0.9995917138288104 0.014913607757483703 0.024371604176678458 -0.7306017107773152
-0.022682483589118313 0.0808299415751973 0.9964697702533489 1.8573089007448487 0.011745479004732851 -0.9966359036223987 0.08111077596615308 62.16369359692678 0.9996737447659294 0.013543799205375903 0.021656787211517002 -0.7189328411855426
-0.022972910866574128 0.07676413476631168 0.9967845936486494 1.7972547958576952 0.012209681942149206 -0.996951779039451 0.07705842759025774 62.82733617012351 0.9996615338997343 0.01394067595985291 0.021965619906025104 -0.7170657942462821
-0.022606085177106477 0.07159312125897449 0.9971776834038993 1.7503345672247146 0.013635086826378118 -0.9973177548137446 0.07191229688123502 63.48982462755311 0.9996514530091355 0.015222253431153316 0.0215692699908511 -0.7193680769958483
-0.02004342559649845 0.06451430262635573 0.9977154403189926 1.7084321920689198 0.015468845058210067 -0.9977765271693597 0.06482901072694765 64.1397460890498 0.999679457226707 0.01673290744598864 0.019000892765858014 -0.71865122173355
-0.022277173433835475 0.055608572996371 0.9982040515136632 1.6759525265840278 0.01668537462644608 -0.9982920958950164 0.05598584665176459 64.7721373901812 0.999612594259589 0.017902611635693393 0.021311279328851854 -0.7222658969764552
-0.023324600782436096 0.04533765677262385 0.9986993344483062 1.6427419847764781 0.018178569697874306 -0.9987867488540124 0.045766187964441395 65.38498866372443 0.999562575267732 0.019222399400493986 0.022472129636448516 -0.7142717913926667
-0.028140089043906157 0.03174774811837976 0.9990997117600716 1.6251499490057748 0.019359004744771036 -0.9992907154132875 0.03229907082479302 65.95086990876037 0.999416578519072 0.020250469727888062 0.02750552445719343 -0.7234006276581905
-0.0308218178243703 0.012047005620558052 0.999452294458882 1.6264253956608572 0.021783307421355706 -0.9996817288374706 0.012721543722017139 66.53191487233342 0.9992875096240548 0.022163476503012893 0.030549586661840895 -0.7431116796909608
-0.03198270333407137 -0.010800526471864125 0.9994300851858592 1.6340730227834412 0.022746250138327456 -0.9996904786663685 -0.010075439664455888 67.09720638978895 0.999229564145896 0.02241104533007121 0.0322184820004399 -0.7549820653061353
-0.030105269711930588 -0.036193282515296694 0.9988912498954469 1.6622185512477539 0.022671512749037292 -0.9991118331897544 -0.035517988649257044 67.62860839015806 0.9992895646201598 0.021577093799114586 0.030899082901685075 -0.764197332765375
-0.028267007109136526 -0.06505102712246992 0.9974815283158853 1.7249660307107666 0.02374504882695448 -0.9976423615754341 -0.06438862956005073 68.13434114617421 0.9993183047239934 0.021865166408036305 0.02974499868457058 -0.7649251025629216
-0.02578986051728324 -0.09867928106793204 0.9947850434083576 1.791513810369459 0.02407096223346454 -0.9948888457588373 -0.09806553624703725 68.6192057368949 0.9993775441916677 0.02141633556146353 0.028033356276120486 -0.7705276912635856
-0.024226039941422372 -0.1356257922540964 0.9904638819140137 1.880061425348845 0.023891953931177518 -0.9905502649133701 -0.13505322062852532 69.07802608644666 0.999420989017678 0.020392307105862276 0.02723747485479237 -0.7789737219237597
-0.0220406968592379 -0.17663061157042978 0.9840304133427813 1.9776754907573784 0.024182773299413908 -0.98407571206899 -0.17609712237140293 69.53205727549755 0.9994645276896036 0.01991527119034757 0.025961138928227753 -0.7784165672859517
-0.021519588827772933 -0.2213418993811383 0.9749588596287613 2.112083718117785 0.025393890141392532 -0.9749910183836707 -0.22078880563569853 69.96046934299444 0.9994458936033798 0.02000670738919505 0.026602147211443612 -0.7880905033557778
-0.018566734187694313 -0.2691487803677173 0.9629195816688895 2.280809827280939 0.025484487022314106 -0.9629001587417273 -0.2686519548292286 70.38446816002057 0.9995027483027925 0.019551518373505154 0.024737032929421456 -0.7952801404346781
-0.012446895778687924 -0.31965266682771437 0.9474530736191444 2.4486856528115846 0.021420070151115786 -0.9473941765818048 -0.3193515339889944 70.79205900425069 0.9996930599439501 0.01631957092037071 0.018639099360492677 -0.8086715057259142
-0.005343028874330662 -0.3689596279425417 0.9294300453905286 2.6654308613131357 0.01738348679842857 -0.9293371040360648 -0.3688228241540657 71.15496782494394 0.9998345672597726 0.014186100966213479 0.011379281210395324 -0.8084735991310025
0.0020356799589170424 -0.42168245029133966 0.9067413500429893 2.8772180400967655 0.013486076769768422 -0.9066491540713177 -0.42166993358284854 71.51917895119283 0.9999070510267962 0.013086763259712843 0.0038411925124007453 -0.8008670124904583
0.0047578311260305685 -0.4710753668401501 0.8820800846526803 3.142620190792429 0.012825412536005014 -0.881988790931564 -0.47109584561751977 71.867068842626 0.9999063961455181 0.013554429350913227 0.0018453778055335138 -0.8006412952835557
0.0063608040492028695 -0.5195916618620708 0.8543911165179455 3.367581440019639 0.012232708446680568 -0.854304038432989 -0.5196297531704741 72.20979184578029 0.99990491261191 0.013756774461007898 0.0009219513837860384 -0.811939399693166
0.009181558264292313 -0.5637670886304708 0.8258827934578428 3.6587858381613345 0.010275564934904415 -0.8258208018597394 -0.56383903745736 72.52765152099688 0.9999050535416955 0.013663330901050482 -0.0017892914045530882 -0.8374968450220343
0.017382289727458068 -0.6077027472024946 0.7939743722915262 3.956419164000832 0.005364446229213656 -0.7940262330062647 -0.6078598345537124 72.83487407833526 0.999834548560818 0.014825229416774364 -0.01054200672119345 -0.8452265502246494
0.02137136749648397 -0.6487527080435678 0.760699116220101 4.241731034918921 -0.00041896607627685094 -0.760878661606565 -0.6488939730264464 73.11629523157343 0.9997714912494571 0.013549047238678153 -0.016532825889919008 -0.8349679691998249
0.01900149902071043 -0.6884687132518239 0.7250170166095135 4.563716329614477 -0.00583346755403148 -0.7252119395701028 -0.6885009675662248 73.35596704159984 0.9998024473975461 0.008853183388014408 -0.01779627945060783 -0.8119400153476961
0.009042641120370544 -0.7288442376011759 0.684619893565383 4.864751777620987 -0.009207744096877097 -0.6846795546032028 -0.7287861174055236 73.59281460636429 0.9999167038304535 0.000286347967810836 -0.012902326517167639 -0.8024690500671332
0.00015541286289464957 -0.7678060373675141 0.6406823191821016 5.227456469425332 -0.012366306542025382 -0.640634779997218 -0.76774617730511 73.85875506242212 0.9999234909530929 -0.007803554013930549 -0.009594489865676605 -0.8154946483369234
-0.006648963449353904 -0.8048442059336989 0.5934488387891783 5.602638952978527 -0.01239862390287896 -0.5933499556404429 -0.804849047716446 74.1178723449526 0.9999009769960924 -0.01270936242270434 -0.00603380091020336 -0.83106096124823
-0.007959771906906811 -0.8386847983053579 0.5445589679788038 5.995225482135062 -0.012389744456714872 -0.5444516580797448 -0.8387007276864562 74.33225642157988 0.9998915479119358 -0.013422814333423778 -0.006057383913348585 -0.8316663684874535
-0.010194618643438173 -0.8692798191257468 0.4942151308655747 6.442848424465613 -0.0112001079521723 -0.49411056204198506 -0.8693269087106125 74.55433268418658 0.9998852653059279 -0.014397717891632434 -0.004698756314576874 -0.8202013351498841
-0.011047181993463932 -0.8946740064037443 0.4465829828434965 6.90697635375834 -0.008831044860339945 -0.4465054696617675 -0.8947373482711708 74.7610990489007 0.9998999933531859 -0.013828118946239467 -0.0029682793447686137 -0.814211560153963
-0.012147129261122849 -0.9156085601361389 0.40188721391189275 7.396118060486184 -0.005255334073849151 -0.4018529133378454 -0.9156892095608435 74.94617346795125 0.9999123774714326 -0.013235046462586681 6.95295989681837e-05 -0.7990731168035468
-0.014371966504106038 -0.9325893461891717 0.3606527552739775 7.899951156395439 0.000525832200681778 -0.3606970261414724 -0.9326829410681302 75.13854241452283 0.9998965778594603 -0.01321484370376309 0.005674310645578394 -0.8024416092824597
-0.014600851651315805 -0.9459546512599158 0.32397004291646003 8.437200130744698 0.004297524546062139 -0.3240609870556774 -0.9460264491043212 75.30331143126217 0.9998841834148725 -0.012420522250300135 0.008796828706993104 -0.797573416617909
-0.013310324780639284 -0.956230546098731 0.29231119082885093 8.990550712773691 0.00671630357250302 -0.2924159980874021 -0.9562676475628639 75.45453776846027 0.9998888489688982 -0.010764981855132869 0.010314486868041352 -0.7921471323783714
-0.011240149512051115 -0.9633886850473743 0.267872615487164 9.545526085414265 0.006729920148363555 -0.26795638219389295 -0.9634075124026859 75.59704356213047 0.9999142279858092 -0.009026083305734267 0.009495398705944045 -0.7908644387037326
-0.009589617173894088 -0.9690936141827463 0.24650673535411927 10.152678493887246 0.00632504668592971 -0.24657191256371627 -0.969103864309805 75.73699201543685 0.9999339909928682 -0.007734168636332749 0.008494091737610352 -0.7837161915921789
-0.006776441549993515 -0.9733238209167027 0.22933554729390862 10.739957365001823 0.00837833624474453 -0.22938806421793997 -0.9732989893944357 75.87766391117293 0.9999418960892708 -0.004674053516912189 0.009709268767933467 -0.7725501374936025
-0.0054905402069551435 -0.9770636722565679 0.21287666567355754 11.364137631483644 0.012155490224957242 -0.21292937927317218 -0.9769920442118559 76.01644066800381 0.9999110822569977 -0.002776593853750015 0.013045788480127283 -0.7706252267839729
-0.004745085885559153 -0.9800886518134656 0.19850384912631627 12.01799752032594 0.013715578249764587 -0.1985512216057284 -0.9799946089406366 76.16237288215349 0.9998946858997888 -0.0019275629673060537 0.014384631491287578 -0.7715599151958105
-0.004392115943611077 -0.9822097379727956 0.1877354755849988 12.63551385209431 0.015596121623549956 -0.18778173777990745 -0.9820869761285502 76.28005548237452 0.9998687264890681 -0.00138549637726841 0.01614341572351855 -0.7684067552574458
-0.004874051836127444 -0.9846163906924553 0.1746615698688921 13.303005288042247 0.0175209060705953 -0.17472088670042565 -0.9844621516818536 76.39453480659168 0.9998346497222392 -0.0017380905542334988 0.018102971536553054 -0.7568356653343994
-0.0031211386201063524 -0.9874879438203756 0.15766369814273307 14.012071065294682 0.015509862536278684 -0.1576932763476389 -0.9873663583201258 76.50375034373039 0.9998748327879953 -0.0006363651408055537 0.015807987967745192 -0.7688093340632406
-0.0025663228563866016 -0.9895072635292287 0.144460061413706 14.711879043325562 0.015621138523015683 -0.14448261617731536 -0.9893840275474428 76.6086112525983 0.9998747297413126 -0.000282449443794075 0.015828014033701914 -0.7650625366280562
-0.00477041714348591 -0.9913485580200225 0.13116872531556542 15.444582201550716 0.016786342419155192 -0.13123109376969222 -0.9912097355357762 76.69509069741044 0.999847782407683 -0.0025266409135232216 0.017267138913178107 -0.7581413361660003
-0.009259299718207867 -0.9926854149586448 0.1203737480395166 16.169003069156137 0.018298287127208556 -0.12052703092774336 -0.992541397125615 76.78809601746435 0.9997897180135759 -0.006987603454307144 0.0192804396459512 -0.7524357802770038
-0.014384555658024685 -0.9935786989457018 0.11222503380148001 16.90918357614531 0.01933446414320023 -0.11249208342547509 -0.9934645708397647 76.86291287321413 0.9997095979614782 -0.012120733667950839 0.02082846208349977 -0.7424251856386466
-0.015528377331115454 -0.9946127245771026 0.10249006834760992 17.67199680122384 0.019661490646633865 -0.10278640642142998 -0.9945091808456645 76.93847877092989 0.9996860455259191 -0.01342800376544882 0.02115167275254544 -0.7370789023688283
-0.010195449648056826 -0.9952371388564216 0.0969489446194387 18.433659887701957 0.01960207322805477 -0.0971342755279345 -0.9950782492194654 77.01872209916095 0.999755865989763 -0.008244870047826024 0.02049903617599132 -0.7264077501624583
-0.003147939728084701 -0.9957757776010084 0.09176405133948361 19.192160606212973 0.021723026434583924 -0.09181094568501165 -0.995539453888549 77.08931527320269 0.9997590621983045 -0.0011405053983516555 0.021920279413096325 -0.737033938437831
-0.0007629943408342431 -0.9960340306107611 0.0889699715111003 19.96258754649969 0.024547814749123462 -0.08896183961262627 -0.9957324889969238 77.16310080243551 0.9996983879277878 0.0014242799420198498 0.024518335953460486 -0.721736711223031
0.0016700038321899886 -0.9964138343358587 0.08459609729900015 20.744479542348632 0.026154376398395424 -0.08452376011160628 -0.9960782203014575 77.2371186932446 0.999656523423159 0.003876009286669096 0.02591942427941631 -0.7114338398848562
0.0008506295024545158 -0.9967352764723081 0.08073422981460816 21.50900546175401 0.02475378505632465 -0.08068854060863373 -0.9964319237311771 77.29485434415902 0.9996932390544677 0.0028460753879196096 0.02460433510617922 -0.7151872440883897
0.002087198157022593 -0.9967599114743 0.08040676694403068 22.28523255786545 0.02368045801102685 -0.08033512490277461 -0.9964866092152258 77.35801119466879 0.9997173581219324 0.0039839398652897415 0.023436054745751986 -0.7163593738313605
