1.000000000000000000e+00 0.000000000000000000e+00 0.000000000000000000e+00 0.000000000000000000e+00 0.000000000000000000e+00 1.000000000000000000e+00 0.000000000000000000e+00 0.000000000000000000e+00 0.000000000000000000e+00 0.000000000000000000e+00 1.000000000000000000e+00 0.000000000000000000e+00
9.999956901633455519e-01 -1.965562712803233230e-03 -2.180875502220840523e-03 -3.334379999999999983e-02 1.962582919430503562e-03 9.999971389257709120e-01 -1.367628808096764707e-03 -6.625490000000000372e-03 2.183557422764294525e-03 1.363342764829934871e-03 9.999966866812544097e-01 6.629739999999999522e-01
9.999800068852761070e-01 -7.784288209643427936e-04 -6.275338898722942517e-03 -1.390090000000000076e-02 7.617222955665218283e-04 9.999961608978856775e-01 -2.664201312654818424e-03 -3.465259999999999955e-03 6.277388698142730324e-03 2.659367981420934259e-03 9.999767608065057711e-01 1.372640000000000082e+00
9.999464961450204026e-01 -7.697862274665293958e-04 -1.031563262532943226e-02 -3.422530000000000017e-02 7.299505575345906954e-04 9.999922648743159170e-01 -3.864888577904239571e-03 5.867339999999999969e-04 1.031852797061252880e-02 3.857151889680074039e-03 9.999393233390813096e-01 2.077729999999999855e+00
9.998884070654351364e-01 1.372123865743258165e-03 -1.487584257256530443e-02 -3.446350000000000108e-02 -1.425590920270272764e-03 9.999925605290210795e-01 -3.584212206355493705e-03 -1.580909999999999954e-02 1.487081392105796956e-02 3.605019099700102012e-03 9.998829245119731368e-01 2.817619999999999791e+00
9.998236429606889297e-01 1.030316359075622622e-03 -1.875157126794695442e-02 -5.928030000000000105e-02 -1.121426323963174232e-03 9.999876150902737848e-01 -4.848924526755340851e-03 -2.098910000000000012e-02 1.874634310516573935e-02 4.869097890417507270e-03 9.998124156590159073e-01 3.552099999999999813e+00
9.997343510491039087e-01 2.710852570922965294e-03 -2.288839467428191790e-02 -9.124730000000000341e-02 -2.836317184448236290e-03 9.999811213246143637e-01 -5.450898934677361578e-03 -4.285520000000000301e-02 2.287318598831785191e-02 5.514369656233023519e-03 9.997231662265499974e-01 4.310159999999999769e+00
9.995940507824772059e-01 6.378995042380956534e-03 -2.776764416596775795e-02 -1.432819999999999927e-01 -6.548949760187199737e-03 9.999603504521935582e-01 -6.033968889940521246e-03 -6.225900000000000184e-02 2.772805253379811638e-02 6.213368311592771046e-03 9.995961930484266178e-01 5.095740000000000158e+00
9.994874656773060639e-01 6.235387954748774185e-03 -3.139945685851547319e-02 -1.789119999999999877e-01 -6.404069670309739219e-03 9.999655835858858310e-01 -5.274422754835215131e-03 -5.884699999999999653e-02 3.136548812969151834e-02 5.472803741472781654e-03 9.994929987616689715e-01 5.863540000000000418e+00
9.993112215862743897e-01 7.109156292417175699e-03 -3.642172852237905017e-02 -2.011880000000000057e-01 -7.239591945968423467e-03 9.999678402230025576e-01 -3.450627218267949669e-03 -8.065350000000000297e-02 3.639602615951036818e-02 3.711928953195056929e-03 9.993305513508744520e-01 6.680500000000000327e+00
9.992107547216138030e-01 7.025188099073825451e-03 -3.909621952101485082e-02 -2.651700000000000168e-01 -7.066901873366350159e-03 9.999745977407026309e-01 -9.288547959563451129e-04 -1.071779999999999955e-01 3.908870100905071504e-02 1.204410848668932164e-03 9.992350188258678489e-01 7.490479999999999805e+00
9.990549240288645327e-01 6.050011626612381878e-03 -4.304249217921171655e-02 -2.416520000000000057e-01 -6.090952469431322978e-03 9.999811136973347780e-01 -8.200894177430897687e-04 -1.080910000000000065e-01 4.303671771516474898e-02 1.081484144969646274e-03 9.990729059084473285e-01 8.298009999999999664e+00
9.989823167179041619e-01 5.115116162046338434e-03 -4.481257046385399984e-02 -2.934769999999999879e-01 -5.226361462665664141e-03 9.999835442962610177e-01 -2.365646328059719476e-03 -1.048110000000000014e-01 4.479973248570431194e-02 2.597445540655577475e-03 9.989926112068461261e-01 9.118700000000000472e+00
9.988948670203641189e-01 2.362824331299637377e-03 -4.694104495586379211e-02 -3.265390000000000237e-01 -2.489428983128188361e-03 9.999934196599297165e-01 -2.638821740396455912e-03 -1.246049999999999935e-01 4.693450099561055633e-02 2.752761889275214067e-03 9.988941760358170940e-01 9.950829999999999842e+00
9.988264808022182528e-01 1.897513728972800070e-03 -4.839484156296280926e-02 -3.809649999999999981e-01 -2.059128168944190148e-03 9.999924683743229847e-01 -3.289861062783425421e-03 -1.389009999999999967e-01 4.838823451459842162e-02 3.385651529162102529e-03 9.988228652390188644e-01 1.079690000000000083e+01
9.988414297362011585e-01 -1.576487808180755668e-04 -4.812248320071756819e-02 -4.548389999999999933e-01 4.314441473838680744e-05 9.999971657575583706e-01 -2.380465376713561398e-03 -1.486659999999999926e-01 4.812272208739769991e-02 2.375631223940645985e-03 9.988386055790929863e-01 1.164380000000000059e+01
9.987256775374749873e-01 1.935450032426201498e-03 -5.043089390922387422e-02 -4.890439999999999787e-01 -2.107295207301941586e-03 9.999921529845441359e-01 -3.354590324509008382e-03 -1.650490000000000013e-01 5.042400553526756729e-02 3.456588275740777455e-03 9.987219190862245410e-01 1.251420000000000066e+01
9.986079468635007395e-01 4.071250282675022494e-03 -5.258890930794691415e-02 -5.312940000000000440e-01 -4.390407143520203351e-03 9.999726319477517666e-01 -5.954803153783304499e-03 -1.800819999999999921e-01 5.256322655790617721e-02 6.177400474471391421e-03 9.985984913553596076e-01 1.338170000000000037e+01
9.985664086522113569e-01 4.858515195866464423e-03 -5.330593157910649277e-02 -5.865310000000000246e-01 -5.246593284880448141e-03 9.999607268905420510e-01 -7.142684050263164129e-03 -1.781800000000000050e-01 5.326913525042335090e-02 7.412118902875955949e-03 9.985526824975443638e-01 1.425569999999999915e+01
9.984634939716424684e-01 5.214350295282257387e-03 -5.516757885695240671e-02 -6.435130000000000017e-01 -5.628922646036695239e-03 9.999570566793474224e-01 -7.362066762898837428e-03 -1.933940000000000103e-01 5.512682138292492040e-02 7.661288936891386993e-03 9.984499678081223406e-01 1.515390000000000015e+01
9.983740705490551370e-01 3.931366529035847622e-03 -5.686615524655012216e-02 -6.869579999999999576e-01 -4.211500074389707034e-03 9.999795769022776781e-01 -4.807186855658595812e-03 -2.117279999999999995e-01 5.684609505000127322e-02 5.038862526024888433e-03 9.983702376082783658e-01 1.604810000000000159e+01
9.983224360979350287e-01 3.055486644507751908e-03 -5.781848826153924287e-02 -7.488190000000000124e-01 -3.290240181645663186e-03 9.999867247991566233e-01 -3.965418641556767848e-03 -2.210519999999999985e-01 5.780560442579595753e-02 4.149003111707240746e-03 9.983192364520215856e-01 1.693550000000000111e+01
9.982054713537480417e-01 2.868662087483786829e-03 -5.981310673480873252e-02 -7.969720000000000137e-01 -3.072181193234120762e-03 9.999897997680196049e-01 -3.310900577182628382e-03 -2.474439999999999973e-01 5.980299877228337224e-02 3.488715772871566097e-03 9.982041024760910375e-01 1.784829999999999828e+01
9.981930866948571790e-01 3.171328463149870186e-03 -6.000420277257476065e-02 -8.563070000000000404e-01 -3.377699437158283163e-03 9.999887238594415972e-01 -3.338158246336959002e-03 -2.538630000000000053e-01 5.999293976048909738e-02 3.534802645719037784e-03 9.981925427236721937e-01 1.876379999999999981e+01
9.981328166470385677e-01 2.693129776414344544e-03 -6.102153213626181766e-02 -9.269209999999999949e-01 -2.976089069159412476e-03 9.999852354289374690e-01 -4.546627099834792476e-03 -2.812999999999999945e-01 6.100838652268942425e-02 4.719743228175945354e-03 9.981260946382266575e-01 1.968779999999999930e+01
9.980840037386383701e-01 3.421095822400786225e-03 -6.177877940218391012e-02 -9.693199999999999594e-01 -3.548801934547741142e-03 9.999917869781803637e-01 -1.957544639323344996e-03 -2.972879999999999967e-01 6.177157506393293057e-02 2.173034642969421098e-03 9.980879472444106337e-01 2.061210000000000164e+01
9.981262356670825842e-01 3.871056467479051019e-03 -6.106580544695240642e-02 -1.026499999999999968e+00 -3.833334669633074992e-03 9.999923827309178392e-01 7.348642406151101964e-04 -2.973109999999999919e-01 6.106818499325195049e-02 -4.994016090626383344e-04 9.981334717259324751e-01 2.152939999999999898e+01
9.981190876551729874e-01 5.439243914974653191e-03 -6.106309428810869494e-02 -1.076540000000000052e+00 -5.190687703982448109e-03 9.999775885603920944e-01 4.228372985293259514e-03 -3.121240000000000125e-01 6.108472492828929262e-02 -3.903460333658282082e-03 9.981249517860270037e-01 2.246359999999999957e+01
9.982734805963986435e-01 5.253338780323199911e-03 -5.850179800322988927e-02 -1.156579999999999941e+00 -4.860432369946939002e-03 9.999646822733311291e-01 6.856413287803187970e-03 -3.223380000000000134e-01 5.853575091453711715e-02 -6.560231524507690454e-03 9.982637573443283729e-01 2.340240000000000009e+01
9.984080811928078836e-01 7.667509028494301840e-03 -5.587944804839709012e-02 -1.208360000000000101e+00 -7.206848302157183028e-03 9.999384061368810084e-01 8.440691321428826430e-03 -3.333010000000000139e-01 5.594072529423661788e-02 -8.024539720875469365e-03 9.984018439565417458e-01 2.435439999999999827e+01
9.983977132423962342e-01 5.925815861212233547e-03 -5.627513570603739218e-02 -1.249600000000000044e+00 -5.762810440488839135e-03 9.999787178160468581e-01 3.058419657566018284e-03 -3.555630000000000179e-01 5.629206167996436000e-02 -2.729216252662826445e-03 9.984106145121180997e-01 2.529799999999999827e+01
9.985716661781004477e-01 8.068074169688693384e-03 -5.281603625306179745e-02 -1.333669999999999911e+00 -8.046005597411009722e-03 9.999674316291914389e-01 6.304560609744282477e-04 -3.762579999999999814e-01 5.281940268706914604e-02 -2.045974359341187928e-04 9.986040600957271085e-01 2.626010000000000133e+01
9.986004765439473463e-01 6.122804329500040020e-03 -5.253189044136810648e-02 -1.376519999999999966e+00 -6.267288006959384657e-03 9.999770163069625628e-01 -2.586108826497166436e-03 -3.950339999999999963e-01 5.251484882620409411e-02 2.911721993480669620e-03 9.986158983952706514e-01 2.721470000000000056e+01
9.986593759318003194e-01 1.589932962887205146e-03 -5.173898894142280047e-02 -1.427869999999999973e+00 -1.664705285706174044e-03 9.999976314031094882e-01 -1.402121422181179002e-03 -4.150449999999999973e-01 5.173663711354738182e-02 1.486371872823944416e-03 9.986596572801150762e-01 2.818140000000000001e+01
9.987019302123518738e-01 1.857078173301539856e-04 -5.093545035365237145e-02 -1.496799999999999908e+00 -5.735218560184986386e-05 9.999968195795602144e-01 2.521416564436880330e-03 -4.188259999999999761e-01 5.093575660427172164e-02 -2.515222330370112461e-03 9.986987645710688755e-01 2.916369999999999862e+01
9.985927744299849529e-01 -3.577331522477598946e-03 -5.291194151988102418e-02 -1.534229999999999983e+00 3.849348513736822880e-03 9.999798906518601038e-01 5.039921419394394371e-03 -4.329669999999999908e-01 5.289284802546383862e-02 -5.236505616550640209e-03 9.985864637760132334e-01 3.014099999999999824e+01
9.985341800668227075e-01 -1.262526976729073241e-02 -5.263168058860611537e-02 -1.575620000000000021e+00 1.288510978449842331e-02 9.999064000786801465e-01 4.600546438824433017e-03 -4.512610000000000232e-01 5.256867112757698107e-02 -5.271967848677740730e-03 9.986033953331437951e-01 3.110429999999999851e+01
9.984105713236546276e-01 -1.383732606707287031e-02 -5.463386748608469595e-02 -1.636200000000000099e+00 1.386900363437175258e-02 9.999038006020535274e-01 2.006981777321275402e-04 -4.664150000000000240e-01 5.462583461479870311e-02 -9.580964890174432621e-04 9.985064347533041396e-01 3.209790000000000276e+01
9.982527708768479391e-01 -1.436131362778063185e-02 -5.731629879519372500e-02 -1.680520000000000014e+00 1.415242841465162195e-02 9.998916525128059840e-01 -4.048704135681195637e-03 -4.911920000000000175e-01 5.736823342812261833e-02 3.230465306212544976e-03 9.983478601605964009e-01 3.307459999999999667e+01
9.981891576632104801e-01 -1.310746877598021817e-02 -5.870774894251337694e-02 -1.743470000000000075e+00 1.281502984709485815e-02 9.999035447815856070e-01 -5.355011039920736654e-03 -4.915189999999999837e-01 5.877227691376729624e-02 4.592972404261612754e-03 9.982608497135732062e-01 3.405789999999999651e+01
9.981008192894929021e-01 -1.632718921876295110e-02 -5.939846316073962851e-02 -1.809940000000000104e+00 1.610279447332443187e-02 9.998612899026815271e-01 -4.254522804709124154e-03 -5.188519999999999799e-01 5.945968839300205810e-02 3.289961452757284889e-03 9.982252860000324635e-01 3.507820000000000249e+01
9.980299019916176739e-01 -1.350288573937884554e-02 -6.126978706761797289e-02 -1.863059999999999938e+00 1.338280631986983604e-02 9.999076379842796181e-01 -2.369809212510834515e-03 -5.251289999999999569e-01 6.129612732960230959e-02 1.545178762515423765e-03 9.981184284427299103e-01 3.607730000000000103e+01
9.980473919682247841e-01 -1.072550433988607096e-02 -6.153346197053907035e-02 -1.945850000000000080e+00 1.074544050185572211e-02 9.999422660636148041e-01 -6.927058226965021256e-06 -5.402949999999999697e-01 6.152998369775317805e-02 -6.542906220801948365e-04 9.981050210323240135e-01 3.709100000000000108e+01
9.979401962983588392e-01 -1.220144126328566794e-02 -6.298007179331764627e-02 -2.004030000000000200e+00 1.240227918285295022e-02 9.999191714166973943e-01 2.798947019109632693e-03 -5.455870000000000442e-01 6.294083001568558100e-02 -3.574278171015821473e-03 9.980108598870518488e-01 3.808389999999999986e+01
9.979679944134631775e-01 -1.310101459874724386e-02 -6.235579798906640964e-02 -2.081300000000000150e+00 1.352821078116111034e-02 9.998877913854282706e-01 6.433673245568152614e-03 -5.661089999999999733e-01 6.226451348424977966e-02 -7.264162364214799168e-03 9.980332470943620304e-01 3.907560000000000144e+01
9.979920429541689897e-01 -8.298341595863976961e-03 -6.279346882377487282e-02 -2.156330000000000080e+00 8.805082283078045913e-03 9.999308320739487277e-01 7.797537681133875215e-03 -5.686449999999999561e-01 6.272441889848209828e-02 -8.334782220240144479e-03 9.979960814949069281e-01 4.009459999999999980e+01
9.980414564300140734e-01 -4.765310456338921544e-03 -6.237421793747104093e-02 -2.226039999999999797e+00 5.244749225602926904e-03 9.999579324637725142e-01 7.525018826413190989e-03 -5.955230000000000246e-01 6.233573495690064581e-02 -7.837417880401835804e-03 9.980244641432147734e-01 4.106110000000000326e+01
9.979809930006818819e-01 -9.524010648784254907e-03 -6.279514973733885119e-02 -2.283119999999999816e+00 9.936967972881089600e-03 9.999309868512505917e-01 6.267232418703410669e-03 -5.916369999999999685e-01 6.273112685803514110e-02 -6.878572224375903606e-03 9.980067589787531279e-01 4.205689999999999884e+01
9.980390759547493884e-01 -5.194159101434460066e-03 -6.237806969295329323e-02 -2.355550000000000033e+00 5.438241545403196472e-03 9.999782044682423710e-01 3.743810540589793609e-03 -6.203459999999999530e-01 6.235726418216087225e-02 -4.075696222606162850e-03 9.980455702541929375e-01 4.306779999999999831e+01
9.979660239820800083e-01 -3.169549008178776470e-03 -6.366921498246315425e-02 -2.419799999999999951e+00 3.359363025362255024e-03 9.999902261440684059e-01 2.874421054510992342e-03 -6.385889999999999622e-01 6.365948207032622042e-02 -3.082462557686640146e-03 9.979669176716822188e-01 4.403269999999999840e+01
9.978735976759627313e-01 -7.916971924376972614e-03 -6.469624886173548639e-02 -2.484929999999999861e+00 8.272841091118258300e-03 9.999520785300285430e-01 5.234571974564299415e-03 -6.531179999999999763e-01 6.465170656302964003e-02 -5.758662954576823298e-03 9.978912739569695267e-01 4.500690000000000168e+01
9.978414825395940380e-01 -4.456087458687274863e-03 -6.551731838029935251e-02 -2.553479999999999972e+00 4.838812619080794936e-03 9.999721382643577128e-01 5.684064342144289420e-03 -6.597659999999999636e-01 6.549016426626526333e-02 -5.988821216962626759e-03 9.978352431162215153e-01 4.602349999999999852e+01
9.977930349616341843e-01 -5.051449617049635736e-03 -6.620832454319729166e-02 -2.622160000000000046e+00 5.198449118756667646e-03 9.999843904521105165e-01 2.048164759167812703e-03 -6.752070000000000016e-01 6.619694486009629342e-02 -2.387825137527456107e-03 9.978037195672814219e-01 4.699710000000000321e+01
9.977951957924540149e-01 -3.075296886955340703e-03 -6.629698185102754493e-02 -2.696810000000000151e+00 2.924989184154670047e-03 9.999929276281751545e-01 -2.364134493634355121e-03 -6.827330000000000343e-01 6.630378338956964546e-02 2.165004085099231368e-03 9.977971342239566610e-01 4.797440000000000282e+01
9.977355657984219306e-01 -4.904180082663628717e-03 -6.707972688241754800e-02 -2.769320000000000004e+00 4.664024583841281865e-03 9.999821433469515686e-01 -3.736289860036210060e-03 -7.011819999999999720e-01 6.709685250132267631e-02 3.414967782233180663e-03 9.977406227970584407e-01 4.893699999999999761e+01
9.977074718430980482e-01 -3.891627871833394040e-03 -6.756223694461944984e-02 -2.835510000000000197e+00 3.871236672970712698e-03 9.999924131044332087e-01 -4.327357098494896909e-04 -7.166249999999999565e-01 6.756340840333306674e-02 1.701942416822151789e-04 9.977149677532378691e-01 4.990270000000000294e+01
9.977257029541233280e-01 -6.953479903243691904e-03 -6.704528903611113588e-02 -2.894940000000000069e+00 7.176178349611539442e-03 9.999695034201128152e-01 3.081346138887328286e-03 -7.494450000000000278e-01 6.702181830564628295e-02 -3.555467194090722316e-03 9.977451751444537109e-01 5.085190000000000055e+01
9.975905772306962183e-01 -9.261621329973929520e-03 -6.875509138141382148e-02 -2.963509999999999867e+00 9.505552297276570126e-03 9.999496319364693520e-01 3.221500526638732161e-03 -7.527749999999999719e-01 6.872179200261104015e-02 -3.867293686748583294e-03 9.976283673510343286e-01 5.181479999999999819e+01
9.975500244365151925e-01 -1.346689198745034191e-02 -6.864831801949841661e-02 -3.022969999999999935e+00 1.358894845742240551e-02 9.999068061364386750e-01 1.311305398434215331e-03 -7.748749999999999805e-01 6.862426120935191665e-02 -2.240951187507491445e-03 9.976400597967414186e-01 5.275809999999999889e+01
9.975599266868604431e-01 -1.468978020878732027e-02 -6.825249464981630876e-02 -3.084630000000000205e+00 1.471190100584210750e-02 9.998917581841375579e-01 -1.785615537311735848e-04 -8.074449999999999683e-01 6.824772990583632959e-02 -8.259980942407043128e-04 9.976680635811934206e-01 5.372390000000000043e+01
9.973792695674638109e-01 -1.675594243404408823e-02 -7.038345707777753091e-02 -3.155980000000000008e+00 1.688666508412026840e-02 9.998566128457085922e-01 1.262652384225168567e-03 -8.086790000000000367e-01 7.035220806349366807e-02 -2.447885179831098702e-03 9.975192101803038724e-01 5.468699999999999761e+01
9.973472415445582273e-01 -1.938602431354515335e-02 -7.016168359421937062e-02 -3.215539999999999843e+00 1.975761582152818843e-02 9.997941892184467605e-01 4.606063620669886664e-03 -8.126400000000000290e-01 7.005795030194369999e-02 -5.980072436300055451e-03 9.975249983499897555e-01 5.565610000000000213e+01
9.972221992243882616e-01 -2.060729862010674332e-02 -7.157670443416862260e-02 -3.286659999999999915e+00 2.145152331559932110e-02 9.997088666623618058e-01 1.104599765057081087e-02 -8.248780000000000001e-01 7.132823789716725982e-02 -1.255074341375297942e-02 9.973739325439818781e-01 5.660289999999999822e+01
9.971865702645342777e-01 -2.111932186501590952e-02 -7.192300277391744379e-02 -3.357310000000000016e+00 2.210123549924879888e-02 9.996727173118187260e-01 1.288385236687260987e-02 -8.137079999999999869e-01 7.162736539523020807e-02 -1.443719177563577288e-02 9.973269714693230314e-01 5.754780000000000229e+01
9.971702079693679499e-01 -2.108231534032984147e-02 -7.216032371198510820e-02 -3.422010000000000218e+00 2.179639264351558234e-02 9.997208094706319104e-01 9.122520436496200577e-03 -8.250539999999999541e-01 7.194785338046777445e-02 -1.066954034977534056e-02 9.973513259141271181e-01 5.847560000000000002e+01
9.970529804735552837e-01 -1.951621411730937103e-02 -7.419212569624646092e-02 -3.497939999999999827e+00 1.973171314419712094e-02 9.998029500879952458e-01 2.172669265415487667e-03 -8.286999999999999922e-01 7.413510386581663447e-02 -3.630204108462353405e-03 9.972415996101122726e-01 5.941919999999999646e+01
9.970125207027559222e-01 -1.824267238339043889e-02 -7.505490301272124687e-02 -3.580179999999999918e+00 1.805480179324905204e-02 9.998319388428090759e-01 -3.180912138985601822e-03 -8.399609999999999577e-01 7.510031753689994094e-02 1.816307832317816092e-03 9.971743294588539808e-01 6.032609999999999673e+01
9.970490079790599314e-01 -1.564550921279299692e-02 -7.515646166128983618e-02 -3.655740000000000212e+00 1.546589906866541533e-02 9.998759810932696945e-01 -2.971262150877537582e-03 -8.449079999999999924e-01 7.519362774843607600e-02 1.800131729566646415e-03 9.971673269174966547e-01 6.121540000000000248e+01
9.969689612258637590e-01 -1.379961993889634170e-02 -7.656670844279647725e-02 -3.733210000000000139e+00 1.382841854228237383e-02 9.999043709798924873e-01 -1.540646778202547657e-04 -8.855389999999999651e-01 7.656151247749515276e-02 -9.051987889438382808e-04 9.970644489812635625e-01 6.211560000000000059e+01
9.969105402771223368e-01 -1.041404697485733173e-02 -7.785192553804620719e-02 -3.807659999999999823e+00 1.058581614645193701e-02 9.999423594004580584e-01 1.793982485627654147e-03 -9.155360000000000165e-01 7.782875548850529124e-02 -2.612566219387783308e-03 9.969633189425074482e-01 6.299920000000000186e+01
9.969155586054487816e-01 -7.373175757316726732e-03 -7.813453327202828091e-02 -3.876700000000000035e+00 7.508852862428389875e-03 9.999707673099826888e-01 1.442793878169991960e-03 -9.454289999999999639e-01 7.812161121659215446e-02 -2.025044378822535122e-03 9.969417801738411633e-01 6.385569999999999879e+01
9.967387681666464161e-01 -5.639323098509257948e-03 -8.049860910989044271e-02 -3.955290000000000195e+00 5.813079002671688034e-03 9.999812524067608344e-01 1.924304423611225036e-03 -9.655289999999999706e-01 8.048624818032588946e-02 -2.385973595128860689e-03 9.967528635443483331e-01 6.473220000000000596e+01
9.967012762372299273e-01 -5.878465007199352478e-03 -8.094448465606672583e-02 -4.023819999999999730e+00 6.099713927665245498e-03 9.999783055765421036e-01 2.486335912210531178e-03 -9.894810000000000549e-01 8.092811277348395393e-02 -2.971872377278989702e-03 9.967155103325598953e-01 6.556749999999999545e+01
9.965037902537081660e-01 -4.275105065432346571e-03 -8.343811770811485062e-02 -4.106830000000000425e+00 4.564146134878589028e-03 9.999842256075747171e-01 3.273699142956291476e-03 -9.997610000000000108e-01 8.342280611471414309e-02 -3.643077366545297360e-03 9.965075832161279790e-01 6.639440000000000452e+01
9.964193246337972321e-01 -4.108758705551818907e-03 -8.444908287380693823e-02 -4.173379999999999868e+00 4.460903253104581134e-03 9.999821233249119867e-01 3.981629411064231683e-03 -1.019660000000000011e+00 8.443121365048593396e-02 -4.344091677228148138e-03 9.964198407443550787e-01 6.719970000000000709e+01
9.963555168192794742e-01 -2.098739314429288777e-04 -8.529736254257476447e-02 -4.244900000000000340e+00 7.931367082195494699e-04 9.999765368771919016e-01 6.804162642093938666e-03 -1.026869999999999949e+00 8.529393318371834842e-02 -6.847017455132767792e-03 9.963323056661469446e-01 6.799609999999999843e+01
9.962101584529539089e-01 -1.186874379741578115e-03 -8.697075097035224245e-02 -4.322680000000000078e+00 2.084173775003517453e-03 9.999455290406539243e-01 1.022717807033157560e-02 -1.031039999999999957e+00 8.695387521448309787e-02 -1.036968084433636562e-02 9.961583675823691975e-01 6.879859999999999332e+01
9.960317569901864232e-01 -3.515635371443190035e-03 -8.892906934730196444e-02 -4.396320000000000228e+00 4.657634122998804624e-03 9.999092967733602677e-01 1.263743132841780963e-02 -1.029379999999999962e+00 8.887657459318773490e-02 -1.300148199780533885e-02 9.959577882392618431e-01 6.956270000000000664e+01
9.960250639390281213e-01 7.358776061473213705e-04 -8.907036818944708001e-02 -4.459990000000000343e+00 7.400286505114019031e-05 9.999586919235893268e-01 9.088947686073290191e-03 -1.033789999999999987e+00 8.907337721693761590e-02 -9.059411162596809133e-03 9.959838656025288284e-01 7.029070000000000107e+01
9.958426694433963888e-01 6.413386809201956397e-04 -9.108768522992928551e-02 -4.538789999999999658e+00 -5.539169870116447247e-04 9.999993614457550750e-01 9.850299759890917412e-04 -1.046839999999999993e+00 9.108825880332670211e-02 -9.304798646143142872e-04 9.958423887922224216e-01 7.103040000000000020e+01
9.958219327018481559e-01 9.630416203115377966e-04 -9.131128572522355380e-02 -4.592019999999999769e+00 -1.406840077383552171e-03 9.999875093208209220e-01 -4.796040381171754428e-03 -1.070659999999999945e+00 9.130552639874835175e-02 4.904462577970229893e-03 9.958108490551149661e-01 7.172010000000000218e+01
9.957463461168080121e-01 1.812515331316640142e-03 -9.211910216236195159e-02 -4.668590000000000018e+00 -2.417235164631194744e-03 9.999762550631210445e-01 -6.453393223310855895e-03 -1.087380000000000013e+00 9.210521792593949486e-02 6.648616255247869269e-03 9.957270834584673880e-01 7.243110000000000070e+01
9.956492263425423817e-01 3.645131117449749384e-03 -9.310924284212247770e-02 -4.745519999999999960e+00 -3.967765050938837183e-03 9.999867483900686249e-01 -3.280226327262406212e-03 -1.113029999999999964e+00 9.309605213969755766e-02 3.635390404635605033e-03 9.956504954112203043e-01 7.309319999999999595e+01
9.955489184725593299e-01 5.883621497090949469e-03 -9.406239379367441200e-02 -4.807929999999999815e+00 -5.956294963187557488e-03 9.999821401469790594e-01 -4.918713033247991504e-04 -1.115420000000000078e+00 9.405781986857240928e-02 1.049945306431319600e-03 9.955661827002887376e-01 7.373510000000000275e+01
9.954267049140478330e-01 2.463949495939066290e-03 -9.549661824820013245e-02 -4.868439999999999657e+00 -2.804290776967380706e-03 9.999901859377450242e-01 -3.429866095371897610e-03 -1.139080000000000092e+00 9.548723002160669493e-02 3.681980591397462314e-03 9.954238453652419771e-01 7.436650000000000205e+01
9.954075366179875317e-01 -6.558382731912073237e-03 -9.550300340853939973e-02 -4.921299999999999564e+00 5.742399279529933516e-03 9.999446464847435712e-01 -8.816394785594575470e-03 -1.157559999999999922e+00 9.555553827290275137e-02 8.227489437414225656e-03 9.953900981639977052e-01 7.498720000000000141e+01
9.955062441352073854e-01 -8.472980246601667653e-03 -9.431609880372228416e-02 -4.977100000000000080e+00 7.241595537805550070e-03 9.998841194641563401e-01 -1.339055403841166690e-02 -1.186809999999999921e+00 9.441862730351273381e-02 1.264738111742847067e-02 9.954522422341469667e-01 7.559189999999999543e+01
9.958279771711525674e-01 -6.795425449946987558e-03 -9.099704432653146768e-02 -5.025920000000000165e+00 5.576373643646790300e-03 9.998913645604032840e-01 -1.364416118788898576e-02 -1.196339999999999959e+00 9.107987670279840686e-02 1.307980391630040977e-02 9.957576887924662890e-01 7.616429999999999723e+01
9.961909979614180788e-01 -1.873031167349097081e-03 -8.717790623133850336e-02 -5.090910000000000046e+00 9.421642428253759098e-04 9.999421198711074821e-01 -1.071770657442171031e-02 -1.202469999999999928e+00 8.719293496134564170e-02 1.059474690221526468e-02 9.961351030010460184e-01 7.672709999999999297e+01
9.966592308562763902e-01 -2.479990351238080780e-03 -8.163471808509709104e-02 -5.133379999999999832e+00 1.859910236000067137e-03 9.999688480932122925e-01 -7.670956723137157401e-03 -1.217440000000000078e+00 8.165119890662680957e-02 7.493496579834210691e-03 9.966327955802570804e-01 7.727330000000000609e+01
9.970652770320040936e-01 -7.773465559604740387e-03 -7.616040027656505174e-02 -5.151620000000000310e+00 7.516116823350612285e-03 9.999650369427280916e-01 -3.665089361276455647e-03 -1.223079999999999945e+00 7.618622792205108352e-02 3.081902873556353201e-03 9.970888428568877027e-01 7.778480000000000416e+01
9.976661951291164732e-01 -1.167161555503419892e-02 -6.727508072776432202e-02 -5.166489999999999583e+00 1.173775746187132735e-02 9.999309372977952526e-01 5.879494187268181297e-04 -1.243020000000000014e+00 6.726357220931704350e-02 -1.376235840319872021e-03 9.977342921983556323e-01 7.831220000000000425e+01
9.983522985914848880e-01 -7.983017415131375694e-03 -5.682393272247406729e-02 -5.199040000000000106e+00 8.039294412540413937e-03 9.999673941384772391e-01 7.618433249566227035e-04 -1.243309999999999915e+00 5.681599812066181338e-02 -1.217412359471382096e-03 9.983839242819868565e-01 7.882659999999999911e+01
9.991282856272870605e-01 -3.138295321472108195e-03 -4.162715414189857577e-02 -5.224249999999999616e+00 3.165530071259434284e-03 9.999948166149603690e-01 5.883558274602914079e-04 -1.251440000000000108e+00 4.162509193798986928e-02 -7.196149574463566118e-04 9.991330411288913416e-01 7.931780000000000541e+01
9.997204502292528217e-01 3.098566199970879780e-03 -2.343971588830082164e-02 -5.237199999999999633e+00 -3.070601091799943574e-03 9.999945305143310703e-01 1.228963122934337640e-03 -1.251479999999999926e+00 2.344339570870442035e-02 -1.156645549376967511e-03 9.997244967333340782e-01 7.983069999999999311e+01
9.999984790480425101e-01 8.911882596298437804e-04 -1.499228163966326213e-03 -5.219350000000000378e+00 -8.879420839486678587e-04 9.999972632342042367e-01 2.164505245348997790e-03 -1.261770000000000058e+00 1.501153042592529192e-03 -2.163170725460281107e-03 9.999965336099696511e-01 8.028409999999999513e+01
9.996939665961118715e-01 -3.187060377307427295e-03 2.453193423852668628e-02 -5.184330000000000105e+00 3.103529424570826683e-03 9.999892592482698683e-01 3.442309284099836705e-03 -1.272199999999999998e+00 -2.454264159463736064e-02 -3.365120242721483627e-03 9.996931202670693573e-01 8.076189999999999714e+01
9.985318865638582730e-01 -5.136677409456856525e-03 5.392296412858859495e-02 -5.136910000000000309e+00 4.863975174180083100e-03 9.999747166434751477e-01 5.187274747540311301e-03 -1.277910000000000101e+00 -5.394824613207398895e-02 -4.917379280946831271e-03 9.985316249975663139e-01 8.120569999999999311e+01
9.961947723555877321e-01 -6.776177052388188821e-03 8.689107523764108554e-02 -5.081150000000000055e+00 6.174171075993023505e-03 9.999550536030435977e-01 7.195164018874836143e-03 -1.284489999999999910e+00 -8.693592550219436665e-02 -6.631304418349956431e-03 9.961918342662662296e-01 8.163830000000000098e+01
9.922000918669423575e-01 -5.855802904552853856e-03 1.245178190925870648e-01 -5.001509999999999678e+00 4.867663514009866292e-03 9.999542155319084413e-01 8.238488446307357799e-03 -1.298499999999999988e+00 -1.245603610750449924e-01 -7.568118148429836545e-03 9.921831685916395749e-01 8.209950000000000614e+01
9.862009028247478160e-01 -5.931105562255551897e-03 1.654466719352847004e-01 -4.901340000000000252e+00 4.456892093082963704e-03 9.999470043605117597e-01 9.280333146459960464e-03 -1.294559999999999933e+00 -1.654929466186488562e-01 -8.414894963577983916e-03 9.861750727747223833e-01 8.251139999999999475e+01
9.776589347074217118e-01 -6.007492068074824984e-03 2.101116784612444555e-01 -4.788700000000000401e+00 3.960288027394145288e-03 9.999405150008502385e-01 1.016280367686183544e-02 -1.302740000000000009e+00 -2.101602329307080130e-01 -9.103653051735653701e-03 9.776245700654336845e-01 8.294769999999999754e+01
9.657875230579671122e-01 -5.589863390739396171e-03 2.592743985294915232e-01 -4.646639999999999660e+00 3.195525429333023401e-03 9.999482804281987214e-01 9.655313869523304490e-03 -1.303109999999999991e+00 -2.593149608541458484e-01 -8.496463732718133668e-03 9.657554354914350547e-01 8.336490000000000578e+01
9.501073345340541598e-01 -3.455946008786956944e-03 3.119040065497383774e-01 -4.483839999999999826e+00 1.052391139008710536e-03 9.999684452888816244e-01 7.874064987512566574e-03 -1.308880000000000043e+00 -3.119213768523815267e-01 -7.152961884519226307e-03 9.500809911785379480e-01 8.373369999999999891e+01
9.296402479243598416e-01 -4.339789688531573916e-03 3.684429069266960677e-01 -4.306960000000000122e+00 2.040969262268155660e-03 9.999759467298751092e-01 6.628756003987500839e-03 -1.312329999999999997e+00 -3.684628120768840831e-01 -5.410377727038914383e-03 9.296267444137165104e-01 8.414860000000000184e+01
9.055110167594732085e-01 -4.186004854932769657e-03 4.243021045087797538e-01 -4.088870000000000005e+00 1.622337525283468369e-03 9.999781836224946874e-01 6.403147664255612846e-03 -1.316510000000000069e+00 -4.243196513811008930e-01 -5.109759525719803804e-03 9.054980529020535407e-01 8.444270000000000209e+01
8.765096753895579296e-01 -4.174335984691180529e-03 4.813661432502069348e-01 -3.870880000000000098e+00 1.824442833156496172e-03 9.999840263421577724e-01 5.349623246105873059e-03 -1.316780000000000062e+00 -4.813807851969585383e-01 -3.810771524723668285e-03 8.765032901612782590e-01 8.477190000000000225e+01
8.431342148656137958e-01 -5.336156815728248723e-03 5.376766883112777951e-01 -3.590120000000000200e+00 3.667009767778593027e-03 9.999845650253704754e-01 4.174056825620356577e-03 -1.334270000000000067e+00 -5.376906627070141553e-01 -1.547624456529574392e-03 8.431407688495637931e-01 8.509059999999999491e+01
8.060365950743619834e-01 -7.924280843981928307e-03 5.918126504004749266e-01 -3.344349999999999934e+00 5.757535476870780100e-03 9.999680359796002671e-01 5.547774719058248816e-03 -1.327190000000000092e+00 -5.918376958137777644e-01 -1.064327114447677792e-03 8.060564552322819765e-01 8.535259999999999536e+01
7.663087326990410952e-01 -8.718443835968849032e-03 6.424133520765805683e-01 -3.031750000000000167e+00 5.495650941160372220e-03 9.999602907964009191e-01 7.015315467623354367e-03 -1.340109999999999912e+00 -6.424490049878842646e-01 -1.845417962524785807e-03 7.663262167136273284e-01 8.560399999999999920e+01
7.231528153581200380e-01 -9.016190717733222129e-03 6.906292159650982976e-01 -2.772029999999999994e+00 3.482557576981645895e-03 9.999496810868053753e-01 9.407820529710213958e-03 -1.342750000000000110e+00 -6.906792869576644511e-01 -4.398135893499716120e-03 7.231478264976771708e-01 8.585229999999999961e+01
6.778211685999269154e-01 -1.093996638719072281e-02 7.351454145495818215e-01 -2.461100000000000065e+00 3.891440672581202888e-03 9.999286677412368984e-01 1.129230351730822410e-02 -1.346330000000000027e+00 -7.352165123875559205e-01 -4.793387599847112601e-03 6.778153903150889725e-01 8.606440000000000623e+01
6.314395392811824603e-01 -1.216903196633627691e-02 7.753296220920300463e-01 -2.139400000000000190e+00 5.841721685382569515e-03 9.999231305311407914e-01 1.093651299792482504e-02 -1.350340000000000096e+00 -7.754031096920610544e-01 -2.376486862057829337e-03 6.314620889571090911e-01 8.624209999999999354e+01
5.837777214822357230e-01 -1.512356374584049659e-02 8.117726588895654016e-01 -1.827860000000000040e+00 1.008067635077277910e-02 9.998844455579138923e-01 1.137872996665203855e-02 -1.365539999999999976e+00 -8.118509419008640426e-01 1.540568391378215399e-03 5.838627191247196535e-01 8.641299999999999670e+01
5.371344231376872225e-01 -1.348343287357553662e-02 8.433888833263619711e-01 -1.470739999999999936e+00 8.130895795775880050e-03 9.999085404618867079e-01 1.080736993618743383e-02 -1.368479999999999919e+00 -8.434574678157175098e-01 1.052496709332809491e-03 5.371949294591067403e-01 8.657739999999999725e+01
4.898537676814322395e-01 -1.067846605654961326e-02 8.717392136705705008e-01 -1.155839999999999979e+00 3.904216564605625991e-03 9.999418252051547329e-01 1.005501359523974098e-02 -1.367059999999999942e+00 -8.717958725420315025e-01 -1.522027615687287193e-03 4.898669615830557600e-01 8.671179999999999666e+01
4.436935183180029663e-01 -7.905480978812641502e-03 8.961437190390199037e-01 -7.998039999999999594e-01 1.480266942825251945e-03 9.999661921845143242e-01 8.088466961115647891e-03 -1.368540000000000090e+00 -8.961773655992267829e-01 -2.262268440462385753e-03 4.436902202315635702e-01 8.686390000000000100e+01
4.019355543483611459e-01 -1.015694005868977672e-02 9.156116243906691210e-01 -4.405800000000000272e-01 8.534257883946365711e-03 9.999365994220738019e-01 7.345990647246728594e-03 -1.360950000000000104e+00 -9.156281868712026206e-01 4.861450901050015649e-03 4.019967533476990207e-01 8.692409999999999570e+01
3.622361994535511220e-01 -1.828750928766720990e-02 9.319069174598396677e-01 -7.852159999999999695e-02 2.149181328943036706e-02 9.997055686357030346e-01 1.126401350753128069e-02 -1.370260000000000034e+00 -9.318385255863695926e-01 1.594813602961387897e-02 3.625225774902874898e-01 8.696599999999999397e+01
3.265887637507053354e-01 -2.298609852260801237e-02 9.448869872458265373e-01 2.719559999999999755e-01 2.692981816840570378e-02 9.995246700455346911e-01 1.500729368612188641e-02 -1.365660000000000096e+00 -9.447828132884310559e-01 2.054442126402847985e-02 3.270525377821177360e-01 8.706780000000000541e+01
2.931115589513220709e-01 -1.866386182929383880e-02 9.558960582985698284e-01 6.439340000000000064e-01 2.262367180394585231e-02 9.996648849195971520e-01 1.258122938333350663e-02 -1.367820000000000036e+00 -9.558105374409895383e-01 1.793817494355926662e-02 2.934355779322972424e-01 8.715940000000000509e+01
2.621845850687207768e-01 -1.165067354510336724e-02 9.649474105661346446e-01 1.022510000000000030e+00 1.173755451230971449e-02 9.998916517175734375e-01 8.883391220330889848e-03 -1.366889999999999938e+00 -9.649463576626493566e-01 8.997034591926533070e-03 2.622929282350906499e-01 8.721760000000000446e+01
2.345668830986248343e-01 -6.106939053324734849e-03 9.720808004732913732e-01 1.394509999999999916e+00 6.499604376917903110e-03 9.999677673111458942e-01 4.713754523244967874e-03 -1.365899999999999892e+00 -9.720782543068945403e-01 5.212449919264447624e-03 2.345990150650669737e-01 8.728820000000000334e+01
2.082800748791606149e-01 -5.558892297586570143e-03 9.780534285634681080e-01 1.787979999999999903e+00 7.473091886523757464e-03 9.999637035591069090e-01 4.091999756859022314e-03 -1.372190000000000021e+00 -9.780406756909381105e-01 6.456801125820293280e-03 2.083140571666607377e-01 8.736599999999999966e+01
1.850056705331237228e-01 -4.206052292562705019e-03 9.827284523176793574e-01 2.182669999999999888e+00 1.417537079322170324e-02 9.998982267154518100e-01 1.610923390298374565e-03 -1.370020000000000016e+00 -9.826352124432871094e-01 1.363251023865235528e-02 1.850464642491962408e-01 8.739629999999999654e+01
1.639581773922342278e-01 4.591367017586795579e-04 9.864671840764425159e-01 2.578669999999999796e+00 2.116495135026250779e-02 9.997680629785168360e-01 -3.983099612809312337e-03 -1.366209999999999924e+00 -9.862402146031958861e-01 2.153159171249628689e-02 1.639104318149662287e-01 8.745770000000000266e+01
1.442158609272890801e-01 8.510031287371048331e-03 9.895096587828181578e-01 3.001879999999999882e+00 2.087075925899449166e-02 9.997144247959570684e-01 -1.163959891241419381e-02 -1.360630000000000006e+00 -9.893261327110257630e-01 2.233043265090813023e-02 1.439970656390933135e-01 8.749500000000000455e+01
1.268187114553450956e-01 8.648632988393219548e-03 9.918882071948623702e-01 3.427849999999999842e+00 1.843967571086645857e-02 9.997686349819047136e-01 -1.107496573796221996e-02 -1.349269999999999969e+00 -9.917545022758827988e-01 1.969460976640644706e-02 1.266298920542261452e-01 8.753189999999999316e+01
1.111686947016112120e-01 4.129468491718028995e-03 9.937929707984033412e-01 3.882639999999999869e+00 1.705166376671516867e-02 9.998362328639065488e-01 -6.062030625036616584e-03 -1.356610000000000094e+00 -9.936552531341679151e-01 1.761973162360587139e-02 1.110800746146006768e-01 8.757769999999999300e+01
9.658082054434734276e-02 6.688619286653110785e-04 9.953249206800262039e-01 4.344789999999999708e+00 1.769009341430885854e-02 9.998406652683280438e-01 -2.388445264251272231e-03 -1.371059999999999945e+00 -9.951679283909692364e-01 1.783806882786587167e-02 9.655359963522192057e-02 8.761629999999999541e+01
8.321464729205184374e-02 -2.034333910960729741e-03 9.965295700387409861e-01 4.832119999999999749e+00 1.945527620159678492e-02 9.998106414786890328e-01 4.164299363420189554e-04 -1.368219999999999992e+00 -9.963417158304569421e-01 1.935310495788764018e-02 8.323846841761317616e-02 8.764910000000000423e+01
