1.000000000000000000e+00 9.313229999542603971e-10 -3.274180000000000656e-11 0.000000000000000000e+00 -9.313229999695069902e-10 1.000000000000000000e+00 -4.656610000000000839e-10 7.450580000000000135e-09 3.274179956631920218e-11 4.656610000304932700e-10 1.000000000000000000e+00 0.000000000000000000e+00
9.999912164077168208e-01 -3.163511209409555162e-03 -2.749418891847537662e-03 -1.353929999999999934e-03 3.160451225692733918e-03 9.999943823721346714e-01 -1.116589549958915944e-03 -2.482449999999999934e-02 2.752935790192962036e-03 1.107890337984879063e-03 9.999955969520736287e-01 6.727159999999999807e-01
9.999687760989600660e-01 -2.746410940580921219e-03 -7.409726991822766437e-03 -4.979090000000000252e-03 2.725639435055732512e-03 9.999923319716025327e-01 -2.811918858426186961e-03 -3.812709999999999710e-02 7.417392858542582595e-03 2.791634815258110455e-03 9.999685940359528402e-01 1.374689999999999968e+00
9.999253468803004363e-01 -2.261288957091203786e-03 -1.200779907241004800e-02 -1.493039999999999992e-02 2.219906734558216559e-03 9.999915553957732239e-01 -3.458489732835275457e-03 -5.007349999999999995e-02 1.201551831594032012e-02 3.431575351759205174e-03 9.999219227570743662e-01 2.085920000000000218e+00
9.998544781311723417e-01 -1.037470044815449067e-03 -1.702780716789700777e-02 -3.155759999999999815e-02 9.712410233623027271e-04 9.999919339497864712e-01 -3.897271640566014189e-03 -5.975110000000000143e-02 1.703171312333295884e-02 3.880166397454185880e-03 9.998474208882136560e-01 2.812539999999999818e+00
9.997590042550266176e-01 -2.220440648577362997e-03 -2.184039959166839823e-02 -4.958939999999999876e-02 2.136420216383090685e-03 9.999902309048118720e-01 -3.869599927653341771e-03 -7.355879999999999364e-02 2.184877844769893274e-02 3.822007099314502464e-03 9.997539813084397320e-01 3.551390000000000047e+00
9.996903376137186159e-01 -9.119917446821407302e-04 -2.486759242119830279e-02 -8.109280000000000654e-02 7.851585347400437962e-04 9.999866375223482873e-01 -5.109628442757946365e-03 -8.821489999999999887e-02 2.487192006750850795e-02 5.088521180593410381e-03 9.996776953320255510e-01 4.312330000000000219e+00
9.995726808709211042e-01 2.542569866270524229e-03 -2.912028494013808172e-02 -1.107650000000000023e-01 -2.720441390492758880e-03 9.999778758310206017e-01 -6.070176860744132263e-03 -1.057919999999999972e-01 2.910420682926427582e-02 6.146802986508739103e-03 9.995574830683248146e-01 5.080879999999999619e+00
9.994377280423309973e-01 4.341142042610375389e-03 -3.324728938348802537e-02 -1.427670000000000050e-01 -4.502811906968116722e-03 9.999783933233341582e-01 -4.789318470676619949e-03 -1.181900000000000034e-01 3.322577990828779609e-02 4.936331861714597646e-03 9.994356808605728837e-01 5.875720000000000276e+00
9.992529218481979170e-01 4.114078678771200016e-03 -3.842749711423246173e-02 -1.782630000000000048e-01 -4.202480445879151934e-03 9.999887053378363477e-01 -2.219989833286705599e-03 -1.302669999999999939e-01 3.841792987579455143e-02 2.379822132591673939e-03 9.992589249592298550e-01 6.682870000000000310e+00
9.991397621829185560e-01 3.164449607018529793e-03 -4.134878334057339594e-02 -2.107469999999999899e-01 -3.142621721806139988e-03 9.999948861945184841e-01 5.928857611263011178e-04 -1.476159999999999972e-01 4.135044804805228930e-02 -4.624321536770292524e-04 9.991445974445984923e-01 7.489899999999999558e+00
9.990575279724768221e-01 4.158941433487159563e-03 -4.320600661570699053e-02 -2.629739999999999855e-01 -4.151976718773872817e-03 9.999913490232977820e-01 2.509340384230388595e-04 -1.608330000000000037e-01 4.320667646151983565e-02 -7.130720653146634060e-05 9.990661529770847871e-01 8.307600000000000762e+00
9.989022639925994040e-01 4.407420748585003448e-03 -4.663519735997929266e-02 -2.992890000000000272e-01 -4.426038532227857467e-03 9.999901612445315502e-01 -2.959679832452386536e-04 -1.726209999999999967e-01 4.663343407224596754e-02 5.020522690063118111e-04 9.989119434515481011e-01 9.126110000000000610e+00
9.988025069245207721e-01 1.961399525745007380e-03 -4.888460977846715433e-02 -3.447140000000000204e-01 -1.997136046217294798e-03 9.999977730194026249e-01 -6.822051364625911912e-04 -1.885219999999999951e-01 4.888316283655854549e-02 7.790174168294640780e-04 9.988041997924111959e-01 9.977550000000000807e+00
9.986670938764006245e-01 1.536749663224188907e-03 -5.159141410096293456e-02 -3.854600000000000248e-01 -1.542990143658712473e-03 9.999988062988907078e-01 -8.113082217467258586e-05 -1.996149999999999869e-01 5.159122783847103211e-02 1.606277258601842336e-04 9.986682729559663851e-01 1.081129999999999924e+01
9.986266486982611212e-01 -7.938463466910664415e-04 -5.238498179495421764e-02 -4.412110000000000198e-01 7.535765132563375466e-04 9.999994052140571688e-01 -7.884757259856507890e-04 -2.163779999999999870e-01 5.238557656567795900e-02 7.479167798929405378e-04 9.986266529531303560e-01 1.167099999999999937e+01
9.985234010379677727e-01 1.381790448172709809e-03 -5.430569247074477218e-02 -4.920939999999999759e-01 -1.527521686311727068e-03 9.999953429298253926e-01 -2.642119633681255970e-03 -2.307700000000000029e-01 5.430178870965130661e-02 2.721171405511835575e-03 9.985208615592937598e-01 1.252800000000000047e+01
9.983910681541994236e-01 2.844290383917367701e-03 -5.663201428634394297e-02 -5.389140000000000041e-01 -3.168103771914076300e-03 9.999791391323482603e-01 -5.628891419979137854e-03 -2.512789999999999746e-01 5.661482269165110659e-02 5.799251015388637472e-03 9.983792518573557651e-01 1.339930000000000021e+01
9.982795091683791533e-01 6.720647724866190241e-03 -5.824821429621930557e-02 -6.041490000000000471e-01 -7.134846530946079880e-03 9.999507002353229534e-01 -6.905871694950780140e-03 -2.639940000000000064e-01 5.819893074206675121e-02 7.309582275720451910e-03 9.982782450136007402e-01 1.427919999999999945e+01
9.982200551030889768e-01 7.870065842198145298e-03 -5.911669521907951530e-02 -6.627020000000000133e-01 -8.294939360681522281e-03 9.999414782833540016e-01 -6.945069438334218644e-03 -2.815179999999999905e-01 5.905857745483453214e-02 7.423076999474919301e-03 9.982269192707994288e-01 1.515949999999999953e+01
9.981320516284882816e-01 7.294322955269854324e-03 -6.065641239414874125e-02 -7.211279999999999912e-01 -7.634616225587719830e-03 9.999563814924938843e-01 -5.380311099378836358e-03 -3.028500000000000081e-01 6.061452092521073948e-02 5.833349386272833857e-03 9.981442039544911049e-01 1.605229999999999890e+01
9.980870424961766352e-01 6.895300685919491385e-03 -6.143867210223580982e-02 -7.803930000000000033e-01 -7.159049243921170383e-03 9.999660755973205362e-01 -4.073778150199243789e-03 -3.202740000000000031e-01 6.140849790670997038e-02 4.505827664778940672e-03 9.981025467865999312e-01 1.694879999999999853e+01
9.980001360542555267e-01 7.216222459985927387e-03 -6.279852362194067450e-02 -8.378160000000000052e-01 -7.463096853292999419e-03 9.999653146219483757e-01 -3.697531390842684600e-03 -3.448309999999999986e-01 6.276966322233866469e-02 4.158808295160231275e-03 9.980193754093746872e-01 1.786319999999999908e+01
9.979753081829106920e-01 7.192888585602472476e-03 -6.319451408959052274e-02 -9.101519999999999611e-01 -7.517182898288411394e-03 9.999597625972811432e-01 -4.895421091463074588e-03 -3.588439999999999963e-01 6.315675908798697169e-02 5.360554093017898085e-03 9.979892225075969181e-01 1.877179999999999893e+01
9.978956614783963674e-01 5.947761042199041330e-03 -6.456680990399563114e-02 -9.664390000000000480e-01 -6.279825536863439285e-03 9.999680735052611791e-01 -4.941230757942476591e-03 -3.825310000000000099e-01 6.453535925227632530e-02 5.336301037383324626e-03 9.979011530694902321e-01 1.967859999999999943e+01
9.977947574970428279e-01 5.779409798465099703e-03 -6.612276713658420124e-02 -1.028229999999999977e+00 -6.001191732091852755e-03 9.999770125478752991e-01 -3.155958431469543194e-03 -4.018619999999999970e-01 6.610300756555791135e-02 3.545814181242004041e-03 9.978065040841234135e-01 2.060770000000000124e+01
9.978928045977220052e-01 6.722292673282707735e-03 -6.453496194550265019e-02 -1.095949999999999980e+00 -6.719217190258545448e-03 9.999773907723769062e-01 2.646968439155298258e-04 -4.150099999999999900e-01 6.453528222951288029e-02 1.694853497338690159e-04 9.979154115566476468e-01 2.154159999999999897e+01
9.978893206461779686e-01 7.361488980971561159e-03 -6.451908415571730449e-02 -1.156539999999999901e+00 -7.123051044608371719e-03 9.999669282265614134e-01 3.924869036149763839e-03 -4.318529999999999869e-01 6.454584327534501620e-02 -3.457012166316148979e-03 9.979087549384244582e-01 2.248600000000000065e+01
9.979636090900458889e-01 6.390037618257819393e-03 -6.346496948086620404e-02 -1.218409999999999993e+00 -5.966839995600964341e-03 9.999586985712498599e-01 6.855506703313214885e-03 -4.428710000000000147e-01 6.350615523267745532e-02 -6.462860893561431404e-03 9.979605200991839009e-01 2.342780000000000129e+01
9.981113629829890810e-01 5.620909203943902019e-03 -6.117280820724865786e-02 -1.280229999999999979e+00 -5.148728747618232932e-03 9.999557468115437553e-01 7.873691056373612746e-03 -4.535810000000000120e-01 6.121435841796644961e-02 -7.543858315794839571e-03 9.980961339095488771e-01 2.436159999999999926e+01
9.982305297216972351e-01 6.422737245551658411e-03 -5.911478645664201143e-02 -1.343920000000000003e+00 -6.163820818746505031e-03 9.999706009563517073e-01 4.561198955016940344e-03 -4.665750000000000175e-01 5.914234392086747255e-02 -4.188755097575407559e-03 9.982407713003302874e-01 2.531990000000000052e+01
9.982815299170515466e-01 7.794826930740623820e-03 -5.807949465681225276e-02 -1.400709999999999900e+00 -7.789036436018745464e-03 9.999696118282749291e-01 3.260849700008888329e-04 -4.773149999999999893e-01 5.808027150306079023e-02 1.268586973320235431e-04 9.983119081574663989e-01 2.625700000000000145e+01
9.983344492505524803e-01 7.051482704104764486e-03 -5.725909562043191015e-02 -1.457030000000000047e+00 -7.233581717712722799e-03 9.999694159727993137e-01 -2.973619772557177781e-03 -4.918560000000000154e-01 5.723637597829919765e-02 3.382855405169144045e-03 9.983549236389723802e-01 2.722710000000000008e+01
9.984324111505449295e-01 4.592080162657313953e-03 -5.578201469908629362e-02 -1.517670000000000075e+00 -4.729149751084204580e-03 9.999861135448588900e-01 -2.325480612786046293e-03 -5.088300000000000045e-01 5.577056129125088080e-02 2.585636716236978244e-03 9.984402630984141602e-01 2.819040000000000035e+01
9.984548108462495408e-01 1.922730346287296246e-03 -5.553641873577697813e-02 -1.567260000000000097e+00 -1.762224881196921590e-03 9.999941286362005188e-01 2.938920991474953601e-03 -5.234950000000000436e-01 5.554174341383410346e-02 -2.836512143726439839e-03 9.984523368380737729e-01 2.917220000000000013e+01
9.983881394093663264e-01 -2.432030729575538827e-03 -5.670280692553116703e-02 -1.622889999999999944e+00 2.785534428872742975e-03 9.999771712270404400e-01 6.156120751892339357e-03 -5.369249999999999856e-01 5.668654059518211247e-02 -6.304145564365972940e-03 9.983721219385355283e-01 3.013380000000000081e+01
9.983096738984608143e-01 -1.029300404219225980e-02 -5.720007927036612622e-02 -1.670260000000000078e+00 1.063451666155033372e-02 9.999273804212890360e-01 5.669297945414198542e-03 -5.549429999999999641e-01 5.713757131803873929e-02 -6.268010179162371645e-03 9.983466381935033329e-01 3.112719999999999843e+01
9.982414398177521520e-01 -1.169889597311513096e-02 -5.811336906075390690e-02 -1.729419999999999957e+00 1.182013888673968602e-02 9.999286205879562850e-01 1.742999072036639742e-03 -5.683359999999999523e-01 5.808882979781348349e-02 -2.426841996745333300e-03 9.983084685059240293e-01 3.209479999999999933e+01
9.981807105019965265e-01 -1.192909486706139263e-02 -5.910131874486415637e-02 -1.785590000000000011e+00 1.181319936822910338e-02 9.999275535306052509e-01 -2.309980732644819918e-03 -5.830899999999999972e-01 5.912459304228531720e-02 1.607602547698993006e-03 9.982493166096497728e-01 3.305510000000000304e+01
9.980825173552958507e-01 -1.139929939112311469e-02 -6.083867621100242512e-02 -1.852559999999999985e+00 1.122779741926655320e-02 9.999319728882126723e-01 -3.160088764349446282e-03 -5.959870000000000445e-01 6.087056032950217271e-02 2.470945017234594827e-03 9.981426097085998039e-01 3.405530000000000257e+01
9.980185701363802897e-01 -1.275250402102182101e-02 -6.161418103106335031e-02 -1.918239999999999945e+00 1.267548017896666032e-02 9.999183166207217255e-01 -1.640819494846794359e-03 -6.201860000000000150e-01 6.163007273375108175e-02 8.565789956963886041e-04 9.980986927189398061e-01 3.505870000000000175e+01
9.979489819510581894e-01 -1.038089888652600663e-02 -6.316697207524007984e-02 -1.985309999999999908e+00 1.045919676952581333e-02 9.999448879535725032e-01 9.089875981561313864e-04 -6.311250000000000471e-01 6.315405470579682490e-02 -1.567799038456127100e-03 9.980025588045313700e-01 3.606389999999999674e+01
9.979055473457325576e-01 -8.861098705863693428e-03 -6.407807352237400444e-02 -2.057409999999999961e+00 9.044121276587930094e-03 9.999558068842598901e-01 2.566738939400796567e-03 -6.508800000000000141e-01 6.405249758556021134e-02 -3.140892894322825160e-03 9.979415876417206954e-01 3.706719999999999970e+01
9.978050122945545386e-01 -8.944337283854584056e-03 -6.561368965708803958e-02 -2.126360000000000028e+00 9.275209372438289815e-03 9.999457507359860164e-01 4.739839252842810088e-03 -6.634179999999999522e-01 6.556773544176620894e-02 -5.338016073224711999e-03 9.978338427080134521e-01 3.806510000000000105e+01
9.978396134799205619e-01 -8.761530605750668388e-03 -6.511022463244384162e-02 -2.195199999999999818e+00 9.306961101869060810e-03 9.999240567327278839e-01 8.078443056229589816e-03 -6.853989999999999805e-01 6.503450042316846758e-02 -8.666968824735792401e-03 9.978453775039999307e-01 3.905270000000000152e+01
9.978291729100207119e-01 -3.818017906242725766e-03 -6.574469126075176140e-02 -2.274509999999999810e+00 4.488250763204711287e-03 9.999394267413889148e-01 1.004979866410984912e-02 -6.859629999999999894e-01 6.570233857931200017e-02 -1.032306094964868803e-02 9.977858673672619361e-01 4.007730000000000103e+01
9.978097602218309881e-01 -2.756621475583584131e-03 -6.609147784769621448e-02 -2.343830000000000080e+00 3.403338363997579583e-03 9.999474084465920232e-01 9.674586757306813389e-03 -7.032929999999999460e-01 6.606133282058658518e-02 -9.878328754645972903e-03 9.977666655721582067e-01 4.104999999999999716e+01
9.977982428539866611e-01 -3.599991564145485837e-03 -6.622466774725710437e-02 -2.411439999999999806e+00 4.148204045993321952e-03 9.999582457790254786e-01 8.142426034475033422e-03 -7.139809999999999768e-01 6.619258992281024101e-02 -8.399211824461480166e-03 9.977715140652385628e-01 4.203699999999999903e+01
9.978098978612415237e-01 -2.541270576894591004e-04 -6.614637669273527865e-02 -2.483509999999999884e+00 6.207666521643936952e-04 9.999845589859301942e-01 5.522358054147976682e-03 -7.289160000000000084e-01 6.614395194499829433e-02 -5.551324990774950639e-03 9.977946484181725584e-01 4.304249999999999687e+01
9.977542403032766405e-01 -1.306839300736483203e-03 -6.696841141817137799e-02 -2.554870000000000196e+00 1.688135606363332271e-03 9.999826848043807948e-01 5.637400961181681866e-03 -7.401860000000000106e-01 6.695988466989728771e-02 -5.737792473125393269e-03 9.977391701153811576e-01 4.401879999999999882e+01
9.976808433383406172e-01 -3.575428204812292413e-03 -6.797169373238901025e-02 -2.625449999999999839e+00 4.038521395059889961e-03 9.999695546169280469e-01 6.676839384334425781e-03 -7.558059999999999778e-01 6.794575174828151876e-02 -6.935859887194128007e-03 9.976649080061832375e-01 4.500769999999999982e+01
9.976404848774468315e-01 -3.358390496623242256e-03 -6.857247368124391729e-02 -2.695440000000000058e+00 3.893727084797805101e-03 9.999629681948319915e-01 7.674707054375727242e-03 -7.688719999999999999e-01 6.854415965552287937e-02 -7.923600965064007268e-03 9.976166171054212661e-01 4.600959999999999894e+01
9.975647385041183091e-01 -1.234630190019140195e-03 -6.973570234466652806e-02 -2.770519999999999872e+00 1.600007192235687950e-03 9.999852837807325923e-01 5.183840174292022977e-03 -7.923820000000000308e-01 6.972827597320063742e-02 -5.282793793221838945e-03 9.975520335398767591e-01 4.697590000000000288e+01
9.975585520923011540e-01 6.962707796948394267e-04 -6.983158565085767489e-02 -2.847980000000000178e+00 -6.987564661712262169e-04 9.999997558073085990e-01 -1.116799770517615584e-05 -8.028330000000000188e-01 6.983156082254435293e-02 5.993600363707226171e-05 9.975587950195030640e-01 4.796050000000000324e+01
9.975082225840425920e-01 8.650359552169726868e-04 -7.054500400467970944e-02 -2.922060000000000102e+00 -9.406703720089893729e-04 9.999990178813095154e-01 -1.038930058977700303e-03 -8.215670000000000472e-01 7.054403600925678031e-02 1.102700871680438195e-03 9.975080566262671811e-01 4.893079999999999785e+01
9.974347298490492397e-01 -1.949278420591526973e-04 -7.158157370504342198e-02 -2.989900000000000002e+00 3.428497362147252476e-04 9.999978313574077182e-01 2.054199245405246947e-03 -8.366339999999999888e-01 7.158101804956779057e-02 -2.073471393059512363e-03 9.974326336005703286e-01 4.989950000000000330e+01
9.974308785062364624e-01 -3.560091952547098527e-03 -7.154696602628811408e-02 -3.063860000000000028e+00 3.995473947218212973e-03 9.999743577414649254e-01 5.943067177964862259e-03 -8.593610000000000415e-01 7.152397353485413778e-02 -6.213662755099612182e-03 9.974195263804249700e-01 5.088559999999999661e+01
9.973452579597020806e-01 -4.309479624461980130e-03 -7.269019748674285242e-02 -3.134040000000000159e+00 4.799243959249955421e-03 9.999669375412444383e-01 6.564379773037150312e-03 -8.710290000000000532e-01 7.265950510920737848e-02 -6.895811029270124473e-03 9.973329655173008845e-01 5.184349999999999881e+01
9.973154239504130603e-01 -7.806728521908190901e-03 -7.280796756120300195e-02 -3.210119999999999862e+00 8.218928067822135405e-03 9.999518394685986689e-01 5.363577610316408971e-03 -8.879000000000000226e-01 7.276258909648508633e-02 -5.947582126473507751e-03 9.973315556497873713e-01 5.279500000000000171e+01
9.973343928350383303e-01 -1.052580306840521229e-02 -7.220329866516143891e-02 -3.277480000000000171e+00 1.084160635111898127e-02 9.999332943015526443e-01 3.983279926360210922e-03 -9.104200000000000070e-01 7.215655507362257748e-02 -4.755461808228412905e-03 9.973819815611758566e-01 5.376680000000000348e+01
9.972440020321625687e-01 -1.145039496105340615e-02 -7.330272072789781324e-02 -3.344879999999999853e+00 1.183245547620034172e-02 9.999185692635569334e-01 4.779941351629718622e-03 -9.222430000000000350e-01 7.324201941699881591e-02 -5.634119022275442708e-03 9.972982820072251453e-01 5.470080000000000098e+01
9.971015754336164383e-01 -1.448080764936604016e-02 -7.469106022558649749e-02 -3.411999999999999922e+00 1.520007638362027950e-02 9.998433300784446143e-01 9.070445169815028255e-03 -9.331549999999999567e-01 7.454801101124183815e-02 -1.017946498930929859e-02 9.971654689903773905e-01 5.567320000000000135e+01
9.970149348808047263e-01 -1.678579622162219842e-02 -7.536217001805856075e-02 -3.480140000000000011e+00 1.787557148975801175e-02 9.997448511141017180e-01 1.380929450613670867e-02 -9.526810000000000000e-01 7.511114144079519828e-02 -1.511521472056684759e-02 9.970606033313180738e-01 5.661560000000000059e+01
9.969923634146107272e-01 -1.519619876512812683e-02 -7.599541325658784596e-02 -3.554959999999999898e+00 1.646052224452394103e-02 9.997358787492112153e-01 1.603820279769311435e-02 -9.532629999999999715e-01 7.573162153543513964e-02 -1.724088990258672988e-02 9.969791739123643470e-01 5.754869999999999663e+01
9.969033117581892478e-01 -1.426990455603344317e-02 -7.733147373169799166e-02 -3.638040000000000163e+00 1.530795121143523237e-02 9.998002881545886567e-01 1.284719563600693858e-02 -9.630859999999999976e-01 7.713270146483214296e-02 -1.399119830333389082e-02 9.969226613608369592e-01 5.850789999999999935e+01
9.968209107541529113e-01 -1.160090080360571402e-02 -7.882570002103417295e-02 -3.713699999999999779e+00 1.204583404789465184e-02 9.999140738189725708e-01 5.171350001379942940e-03 -9.755700000000000482e-01 7.875893451127782829e-02 -6.104431119366548336e-03 9.968750002660098364e-01 5.940059999999999718e+01
9.967704484351059824e-01 -9.894238542766014069e-03 -7.969176350248953489e-02 -3.794130000000000003e+00 9.914338688250494760e-03 9.999508414459596928e-01 -1.434569342990951518e-04 -9.979339999999999877e-01 7.968926536775540470e-02 -6.470975012952062070e-04 9.968195434731260685e-01 6.031369999999999720e+01
9.967078961958332206e-01 -5.091499817632284992e-03 -8.091629187304122395e-02 -3.877019999999999911e+00 5.111316480718253695e-03 9.999869364233097135e-01 3.776979620652944265e-05 -1.006629999999999914e+00 8.091504251194633901e-02 -4.512342303260395010e-04 9.967208998927228336e-01 6.122630000000000194e+01
9.966869225718499870e-01 -2.890339507999399073e-03 -8.128237393053598658e-02 -3.959140000000000104e+00 3.113266350723168339e-03 9.999917319740092569e-01 2.616019160971634269e-03 -1.027830000000000021e+00 8.127414070222109543e-02 -2.860405766602647573e-03 9.966876803352020531e-01 6.210300000000000153e+01
9.965692025230649120e-01 -1.037439837492244417e-03 -8.275716465132296196e-02 -4.042810000000000237e+00 1.395983896749386716e-03 9.999898888701340693e-01 4.274738174099611612e-03 -1.049449999999999994e+00 8.275189309920716330e-02 -4.375600082351237263e-03 9.965605743317447196e-01 6.301180000000000092e+01
9.965630682710279187e-01 7.961989837906603956e-04 -8.283367084352175058e-02 -4.118599999999999817e+00 -4.520792920901392183e-04 9.999911907315246484e-01 4.173018531146539638e-03 -1.065320000000000045e+00 8.283626369259031175e-02 -4.121228764075086405e-03 9.965546492244797827e-01 6.387579999999999814e+01
9.964072712495579687e-01 1.885400303372340020e-03 -8.466991831049414108e-02 -4.195030000000000037e+00 -1.497236526870647250e-03 9.999880785080138557e-01 4.647701005099611447e-03 -1.081890000000000018e+00 8.467767169562653851e-02 -4.504232181653505980e-03 9.963982154784608580e-01 6.472110000000000696e+01
9.963221313438733739e-01 2.664930315164406108e-03 -8.564524937681486372e-02 -4.271919999999999717e+00 -2.249431021640871907e-03 9.999852308594184835e-01 4.947537075610298520e-03 -1.099639999999999951e+00 8.565716931162487002e-02 -4.736687603270510645e-03 9.963134110991724857e-01 6.556789999999999452e+01
9.961793420254566600e-01 2.650228936999243952e-03 -8.729086325790279266e-02 -4.350550000000000139e+00 -2.146097390146127666e-03 9.999804764304967009e-01 5.868647529793956374e-03 -1.117189999999999905e+00 8.730471228817147933e-02 -5.658890740988076207e-03 9.961655806982397943e-01 6.638450000000000273e+01
9.960310937125022024e-01 2.945380358584391827e-03 -8.895720933358847171e-02 -4.421330000000000204e+00 -2.347998558727297080e-03 9.999739918184329390e-01 6.819280715494115824e-03 -1.133110000000000062e+00 8.897498109381551945e-02 -6.583344230082509990e-03 9.960121045038073939e-01 6.718559999999999377e+01
9.958523074489115112e-01 5.241930153346625876e-03 -9.083338547552877174e-02 -4.505729999999999791e+00 -4.416806517613086625e-03 9.999471615678443559e-01 9.282558515697132348e-03 -1.144470000000000098e+00 9.087724450523648745e-02 -8.842863827901356263e-03 9.958228407655934644e-01 6.801309999999999434e+01
9.957605469062196235e-01 6.441413175954450662e-03 -9.175751424991279714e-02 -4.595810000000000173e+00 -5.267701403279723485e-03 9.999012576703757427e-01 1.302790202322904115e-02 -1.152959999999999985e+00 9.183237199894270231e-02 -1.248931965711547187e-02 9.956961546312962374e-01 6.879399999999999693e+01
9.955969390814950470e-01 8.129731791164896901e-03 -9.338437959617038042e-02 -4.671730000000000160e+00 -6.755450893332556016e-03 9.998643260204069794e-01 1.502309671755911076e-02 -1.161859999999999893e+00 9.349384351274522831e-02 -1.432609551696085136e-02 9.955167824865903681e-01 6.956270000000000664e+01
9.954987261566584644e-01 1.119889521686508009e-02 -9.411095030012191220e-02 -4.755930000000000213e+00 -1.019585209028764893e-02 9.998860529351347726e-01 1.113219412110185921e-02 -1.176520000000000010e+00 9.422489490905956722e-02 -1.012254373754908898e-02 9.954994742779416095e-01 7.029970000000000141e+01
9.953385701409405151e-01 1.226329326623951978e-02 -9.565951300343357444e-02 -4.830110000000000348e+00 -1.196153973487630064e-02 9.999215114306427843e-01 3.727270506664867589e-03 -1.190679999999999961e+00 9.569771343641837735e-02 -2.565661030822821188e-03 9.954071353102287301e-01 7.103159999999999741e+01
9.952663420144568507e-01 1.108789586614556191e-02 -9.655033411865387993e-02 -4.904630000000000045e+00 -1.136691694591345642e-02 9.999326557343539701e-01 -2.340340827022292878e-03 -1.207359999999999989e+00 9.651788255192347843e-02 3.426742083004498656e-03 9.953253517249470717e-01 7.173619999999999663e+01
9.951987820657740569e-01 1.339780103721733423e-02 -9.695299429191081564e-02 -4.977240000000000109e+00 -1.385028967797322097e-02 9.998960970511342472e-01 -3.995569764761588288e-03 -1.217670000000000030e+00 9.688938874116392874e-02 5.319213219639412280e-03 9.952809414030230339e-01 7.241570000000000107e+01
9.950325098738612706e-01 1.418350141328066256e-02 -9.853493076966995945e-02 -5.049959999999999560e+00 -1.432703010184458066e-02 9.998970821831688616e-01 -7.491662339434100029e-04 -1.233070000000000110e+00 9.851416396937562325e-02 2.157157677293692743e-03 9.951333107519667598e-01 7.310250000000000625e+01
9.949327788631395775e-01 1.370230014994123190e-02 -9.960427959817733101e-02 -5.120630000000000237e+00 -1.360774927040826580e-02 9.999060839687774482e-01 1.628619666411826967e-03 -1.255819999999999936e+00 9.961724099504395968e-02 -2.649770273826402168e-04 9.950257961900838000e-01 7.375149999999999295e+01
9.948842178592726126e-01 1.104650125010905870e-02 -1.004159741509026288e-01 -5.179909999999999570e+00 -1.122981549797795464e-02 9.999361492041818344e-01 -1.260459675532252764e-03 -1.274499999999999966e+00 1.003956388416587658e-01 2.381664301199417320e-03 9.949447438811521716e-01 7.436780000000000257e+01
9.949406068257785618e-01 4.225831166590267828e-03 -1.003759495103439398e-01 -5.235360000000000014e+00 -4.868847541938159211e-03 9.999691617682670008e-01 -6.161966900496673380e-03 -1.297020000000000062e+00 1.003468146617769036e-01 6.619506282263667996e-03 9.949304995444727684e-01 7.497969999999999402e+01
9.950712626807187711e-01 4.050816771891160416e-04 -9.916157570266227739e-02 -5.294789999999999885e+00 -1.510317885306584939e-03 9.999375740309741634e-01 -1.107099728729844801e-02 -1.315549999999999997e+00 9.915090078705961207e-02 1.116619675112579327e-02 9.950097561949982072e-01 7.558599999999999852e+01
9.953652042221451390e-01 1.780302389611807760e-03 -9.615061490811700751e-02 -5.347719999999999807e+00 -2.901076038295637757e-03 9.999294583600744080e-01 -1.151790178584637461e-02 -1.332869999999999999e+00 9.612332693798887606e-02 1.174345890825691588e-02 9.953001543209177848e-01 7.614459999999999695e+01
9.957338465360870972e-01 6.886187620210703318e-03 -9.201460363718046154e-02 -5.408870000000000289e+00 -7.736032743537146240e-03 9.999306250860123813e-01 -8.882500351110100834e-03 -1.342959999999999932e+00 9.194705356801320673e-02 9.556434228089823874e-03 9.957180393590372436e-01 7.670480000000000587e+01
9.961466444860329617e-01 5.690137069512604499e-03 -8.751848387253552408e-02 -5.457620000000000360e+00 -6.239220104588517717e-03 9.999625255293680404e-01 -6.001638894048275628e-03 -1.364549999999999930e+00 8.748105401573302853e-02 6.524559529823685013e-03 9.961448164354609336e-01 7.726130000000000564e+01
9.966650353243130533e-01 1.142909070811816375e-03 -8.159351151189421503e-02 -5.494849999999999568e+00 -1.290631579125430970e-03 9.999976222892695832e-01 -1.757750247998089059e-03 -1.378749999999999920e+00 8.159130855742370569e-02 1.857195375621320576e-03 9.966641406177028095e-01 7.779919999999999902e+01
9.973248866257201639e-01 -3.864288022680371915e-03 -7.299409424790727352e-02 -5.523439999999999905e+00 3.999155732937674859e-03 9.999905556280779262e-01 1.701589865911032860e-03 -1.400770000000000071e+00 7.298682943119473576e-02 -1.988952670585306462e-03 9.973309214081632623e-01 7.833549999999999613e+01
9.980766284920242759e-01 -4.453365045446991042e-04 -6.199068747313254968e-02 -5.553079999999999572e+00 5.680886395710953163e-04 9.999979128153722030e-01 1.962559603412624559e-03 -1.414469999999999894e+00 6.198968408768884553e-02 -1.994001077501405053e-03 9.980747983124368394e-01 7.883960000000000434e+01
9.989005114660114426e-01 4.444371728692078811e-03 -4.666921633023346505e-02 -5.581599999999999895e+00 -4.381581660217732758e-03 9.999893529828798311e-01 1.447640506550341207e-03 -1.423559999999999937e+00 4.667515329482883890e-02 -1.241563860042766820e-03 9.989093495328220662e-01 7.934040000000000248e+01
9.995765822437580050e-01 8.950327387151643319e-03 -2.768660090279524352e-02 -5.595290000000000319e+00 -8.903901974288927837e-03 9.999587400434573059e-01 1.799650058682375660e-03 -1.428949999999999942e+00 2.770156601205269256e-02 -1.552369274452759188e-03 9.996150325951064231e-01 7.982930000000000348e+01
9.999498214730364598e-01 7.882971582955719189e-03 -6.181690308061829620e-03 -5.582629999999999981e+00 -7.868358797495493898e-03 9.999662006156231353e-01 2.384650118837994010e-03 -1.440630000000000077e+00 6.200279499857099669e-03 -2.335890703288876543e-03 9.999780498334680523e-01 8.030280000000000484e+01
9.997850954417886182e-01 3.760469096096768354e-03 2.038680466946845432e-02 -5.552730000000000388e+00 -3.831494293768699863e-03 9.999867224836306301e-01 3.445940789270907079e-03 -1.454010000000000025e+00 -2.037357562949070056e-02 -3.523312166647211453e-03 9.997862289947015979e-01 8.077490000000000236e+01
9.987545338903853764e-01 2.407309562986913003e-03 4.983558862968295172e-02 -5.510329999999999728e+00 -2.661225120532116975e-03 9.999838116847513669e-01 5.029338852523290194e-03 -1.463980000000000059e+00 -4.982267469994843684e-02 -5.155698701786520614e-03 9.987447721298167158e-01 8.121200000000000330e+01
9.965755008655091673e-01 1.570589558304774863e-03 8.267287537698680966e-02 -5.450800000000000090e+00 -2.113099449813853059e-03 9.999768040773184818e-01 6.475038071496275714e-03 -1.472539999999999960e+00 -8.266078807617699420e-02 -6.627560316698282404e-03 9.965557031891764117e-01 8.166100000000000136e+01
9.926626176237792754e-01 1.206959800813473763e-03 1.209110037190405940e-01 -5.372169999999999668e+00 -2.079455749997821679e-03 9.999727027987720396e-01 7.090100218080817515e-03 -1.480979999999999963e+00 -1.208991457210944476e-01 -7.289506523616599148e-03 9.926380305320523512e-01 8.211079999999999757e+01
9.868020823687070342e-01 9.879820892568502710e-04 1.619279905518962170e-01 -5.275000000000000355e+00 -2.297741507966133412e-03 9.999661430874130508e-01 7.901459538969087676e-03 -1.487379999999999924e+00 -1.619147016695712260e-01 -8.169245391999417627e-03 9.867709424243191751e-01 8.253010000000000446e+01
9.783040339102188065e-01 4.136142676690397930e-04 2.071739514471617472e-01 -5.159370000000000012e+00 -2.081339215059606167e-03 9.999671635334344000e-01 7.831978164514570226e-03 -1.495239999999999903e+00 -2.071639091687188794e-01 -8.093255101327188547e-03 9.782727707341135615e-01 8.294549999999999557e+01
9.667476100228269420e-01 2.069388882298374682e-03 2.557240234018030578e-01 -5.017220000000000013e+00 -3.774549503295666301e-03 9.999737960911506685e-01 6.177370565303199820e-03 -1.504099999999999993e+00 -2.557045390508335125e-01 -6.937201215744273619e-03 9.667300884673514227e-01 8.336079999999999757e+01
9.516577813907919348e-01 2.637001146179920961e-03 3.071490083710360919e-01 -4.856119999999999770e+00 -4.207473638489813740e-03 9.999812426613218230e-01 4.451010121307786768e-03 -1.515030000000000099e+00 -3.071315097542698380e-01 -5.528159772801148966e-03 9.516510259362878088e-01 8.372509999999999764e+01
9.320711705375203104e-01 2.443870750888769896e-03 3.622669741345044825e-01 -4.669030000000000236e+00 -3.606326835877084972e-03 9.999902899227004482e-01 2.532679819169221525e-03 -1.522980000000000000e+00 -3.622572669520510713e-01 -3.667090954223064733e-03 9.320709334510780542e-01 8.411050000000000182e+01
9.082303343896931391e-01 2.711663242414639151e-03 4.184618340743225251e-01 -4.470620000000000260e+00 -3.520738829034003592e-03 9.999931277626038506e-01 1.161389539493615231e-03 -1.529349999999999987e+00 -4.184558090079331660e-01 -2.528104037505230026e-03 9.082336398732937521e-01 8.444350000000000023e+01
8.798378486805626952e-01 2.960940891206300610e-03 4.752647607999125889e-01 -4.248899999999999899e+00 -2.990395813534222052e-03 9.999952878938557221e-01 -6.940626506792413461e-04 -1.528210000000000068e+00 -4.752645763803964862e-01 -8.105671615932491915e-04 8.798425571764750819e-01 8.476990000000000691e+01
8.465065157023872189e-01 6.899417261707009499e-04 5.323779135668744722e-01 -3.992090000000000138e+00 3.230591207092029394e-04 9.999983104170417914e-01 -1.809639706199652615e-03 -1.541690000000000005e+00 -5.323782626161670528e-01 1.703861343013674413e-03 8.465048625674369553e-01 8.509269999999999357e+01
8.103688202650928263e-01 -3.138473806394478233e-05 5.859201090226892061e-01 -3.733900000000000219e+00 1.802124387105049188e-03 9.999954020455643633e-01 -2.438900453808432595e-03 -1.550329999999999986e+00 -5.859173384444730237e-01 3.032309800861776594e-03 8.103651507853829594e-01 8.536010000000000275e+01
7.708052110223101439e-01 -2.051632812298221156e-03 6.370675925391712235e-01 -3.443109999999999893e+00 3.338017704146741330e-03 9.999940939576215104e-01 -8.183444765966399036e-04 -1.562510000000000066e+00 -6.370621510485917627e-01 2.757327089605910754e-03 7.708075070007182061e-01 8.563880000000000337e+01
7.284320615188126791e-01 -3.051647405223310849e-03 6.851112458568806574e-01 -3.168330000000000091e+00 2.508460124259047179e-03 9.999952568668178943e-01 1.787140641327704914e-03 -1.564710000000000045e+00 -6.851134500060978016e-01 4.167636993270277179e-04 7.284362614043600193e-01 8.587749999999999773e+01
6.832154659229727756e-01 -4.171189711734141735e-03 7.302049221280584312e-01 -2.859570000000000167e+00 3.236646358407961003e-03 9.999911602549111933e-01 2.683939713774051786e-03 -1.567679999999999962e+00 -7.302096625244052230e-01 5.297059800420404665e-04 6.832229271384040459e-01 8.610479999999999734e+01
6.355842020054015551e-01 -6.022759024217593134e-03 7.720080624804983582e-01 -2.524239999999999817e+00 6.846565715557666708e-03 9.999742193411904623e-01 2.164530175180714999e-03 -1.576140000000000096e+00 -7.720011960476871327e-01 3.909862748604235085e-03 6.356090514413931247e-01 8.632540000000000191e+01
5.877369362734949920e-01 -8.919988718185450569e-03 8.090029218371916908e-01 -2.205740000000000034e+00 1.131912789593970091e-02 9.999320111516245557e-01 2.801859729294890397e-03 -1.589820000000000011e+00 -8.089729112173789094e-01 7.510451087300216988e-03 5.877979432091815504e-01 8.648430000000000462e+01
5.409674247469238306e-01 -7.193374902445225094e-03 8.410127827329346717e-01 -1.854139999999999899e+00 9.908860987619949601e-03 9.999485317188755440e-01 2.179079437057076726e-03 -1.596000000000000085e+00 -8.409851721859366025e-01 7.154667761528324746e-03 5.410108602353679297e-01 8.665579999999999927e+01
4.934087357844179067e-01 -4.509131142188753383e-03 8.697858858293603390e-01 -1.529630000000000045e+00 6.423349056918995631e-03 9.999781838553520874e-01 1.540259797820993067e-03 -1.599180000000000046e+00 -8.697738556880836303e-01 4.826960709841055658e-03 4.934269352313371826e-01 8.679739999999999611e+01
4.487755001269908006e-01 -2.629950483084945567e-03 8.936406625966759609e-01 -1.182229999999999892e+00 4.703980872493471535e-03 9.999887676435507133e-01 5.806467807707713698e-04 -1.606659999999999977e+00 -8.936321519784977685e-01 3.943088534299625351e-03 4.487828305573756671e-01 8.691769999999999641e+01
4.076649387073278952e-01 -4.785359351564258054e-03 9.131190492398167935e-01 -8.134759999999999769e-01 1.183108057417192431e-02 9.999300094467433730e-01 -4.171670224956732648e-05 -1.608200000000000074e+00 -9.130549399029600499e-01 1.082019148223317684e-02 4.076930219847891834e-01 8.703730000000000189e+01
3.691094048368884217e-01 -1.329152103661917703e-02 9.292909031780581808e-01 -4.570830000000000171e-01 2.569312468883390085e-02 9.996614986714713602e-01 4.092849573569866048e-03 -1.621210000000000040e+00 -9.290307371689495719e-01 2.236567777736563761e-02 3.693259615202768575e-01 8.711440000000000339e+01
3.349818839619538857e-01 -1.759394915391508316e-02 9.420602901993424538e-01 -9.205679999999999419e-02 3.144750553887309952e-02 9.994773852648362045e-01 7.484032305437640295e-03 -1.620090000000000030e+00 -9.416996292941197666e-01 2.711843095268860054e-02 3.353601033068508430e-01 8.720239999999999725e+01
3.028383391248993806e-01 -1.409931709692362548e-02 9.529376420382779100e-01 2.785719999999999863e-01 2.796116341917895612e-02 9.995915765005297660e-01 5.903687782337315934e-03 -1.627170000000000005e+00 -9.526316778778242123e-01 2.485738213460434581e-02 3.031088861401061152e-01 8.730270000000000152e+01
2.731203792402488451e-01 -5.736230863947560342e-03 9.619627612850396581e-01 6.367159999999999487e-01 1.762670278592368481e-02 9.998441790855110423e-01 9.575477623806390864e-04 -1.632139999999999924e+00 -9.618183600829002255e-01 1.669470587629579700e-02 2.731789322095402595e-01 8.740279999999999916e+01
2.454833133580434923e-01 -4.932664059917792748e-04 9.694006909173366049e-01 1.022480000000000055e+00 1.194223987938937762e-02 9.999255251641334663e-01 -2.515359198005606700e-03 -1.645040000000000058e+00 -9.693272542178003048e-01 1.219429430039267910e-02 2.454709217343179484e-01 8.748829999999999529e+01
2.202068726809762178e-01 6.989501008903839865e-04 9.754529433513544623e-01 1.420169999999999932e+00 1.345387875744207332e-02 9.999024468340004246e-01 -3.753659782009225072e-03 -1.657589999999999897e+00 -9.753604084493302517e-01 1.395020731514374016e-02 2.201759872134564366e-01 8.755440000000000111e+01
1.981459595772980253e-01 1.807379232897456112e-03 9.801708586177719784e-01 1.812640000000000029e+00 2.110658467702107577e-02 9.997585590782198661e-01 -6.110289118637042549e-03 -1.664560000000000040e+00 -9.799452488718252141e-01 2.189878832607151590e-02 1.980599714313480142e-01 8.761190000000000566e+01
1.781208525411600296e-01 7.106229804810727108e-03 9.839829588910428138e-01 2.212479999999999780e+00 2.764660900974089466e-02 9.995430247890815245e-01 -1.222319948933771501e-02 -1.669550000000000090e+00 -9.836201639353846504e-01 2.938099885053011701e-02 1.778429925700540926e-01 8.766060000000000230e+01
1.571168388291554752e-01 1.436723285482992968e-02 9.874755093552591845e-01 2.637199999999999989e+00 2.756634138526874167e-02 9.994407689842719211e-01 -1.892739059558989564e-02 -1.666160000000000085e+00 -9.871952166511770432e-01 3.019489877814298187e-02 1.566329221741511457e-01 8.771160000000000423e+01
1.387982251461080396e-01 1.548560907205888751e-02 9.901996003876986086e-01 3.083699999999999886e+00 2.506919410212546731e-02 9.995023766599571147e-01 -1.914509227366444771e-02 -1.675270000000000037e+00 -9.900033273698430891e-01 2.748081080980937368e-02 1.383409441701016762e-01 8.776980000000000359e+01
1.237781357561623108e-01 1.117370205618949813e-02 9.922470062898094412e-01 3.526949999999999807e+00 2.584654490488815654e-02 9.995610421708778226e-01 -1.448030009178997990e-02 -1.686679999999999957e+00 -9.919732502568852084e-01 2.743850135536194529e-02 1.234350007824488449e-01 8.782479999999999620e+01
1.094906899926209876e-01 7.604419688988466389e-03 9.939587323456309242e-01 4.002360000000000362e+00 2.646574095237281404e-02 9.995939124262022135e-01 -1.056289715561070999e-02 -1.705160000000000009e+00 -9.936354227586603471e-01 2.746239322549724401e-02 1.092449705823865802e-01 8.786419999999999675e+01
9.748159241254222840e-02 5.213314713616148954e-03 9.952236735982580296e-01 4.478769999999999918e+00 2.781614602479058618e-02 9.995813568684530637e-01 -7.960717389137643082e-03 -1.719770000000000021e+00 -9.948485317680488826e-01 2.845931043997701471e-02 9.729576809007933758e-02 8.790370000000000061e+01
