1.000000000000000000e+00 -2.262680000000000400e-33 -7.872920000000000095e-22 0.000000000000000000e+00 2.262680000000000400e-33 1.000000000000000000e+00 9.301700000000001132e-36 0.000000000000000000e+00 7.872920000000000095e-22 -9.301700000000001132e-36 1.000000000000000000e+00 0.000000000000000000e+00
9.999867069670815845e-01 -2.799393412168711768e-03 -4.330044532810724267e-03 1.036030000000000040e-04 2.783137773912657247e-03 9.999890746296643540e-01 -3.755631163867135733e-03 -2.352419999999999858e-02 4.340510714609299367e-03 3.743530129636455338e-03 9.999835728395266576e-01 6.748640000000000194e-01
9.999606126183349097e-01 -1.578337106326022175e-03 -8.733960381356008218e-03 -6.279220000000000287e-03 1.533149262663706033e-03 9.999854183225986848e-01 -5.178088017378642757e-03 -3.050790000000000099e-02 8.742005794020943354e-03 5.164493601130797085e-03 9.999484513416385667e-01 1.374900000000000011e+00
9.999200752580981177e-01 -1.369787187439093891e-03 -1.256848355612365589e-02 -1.971260000000000026e-02 1.286291784940764684e-03 9.999770684185054215e-01 -6.648916496375287602e-03 -3.755850000000000161e-02 1.257730294154581208e-02 6.632218346292982625e-03 9.998989074554105461e-01 2.093770000000000131e+00
9.998473915930132794e-01 6.787089119806728179e-04 -1.745659986539024183e-02 -3.061809999999999879e-02 -8.055570210661738015e-04 9.999733179024282714e-01 -7.260479398423676234e-03 -4.492600000000000066e-02 1.745120633461640092e-02 7.273433674814231559e-03 9.998212603060833148e-01 2.824689999999999923e+00
9.997483843764484179e-01 8.442766160423947550e-06 -2.243140355396782901e-02 -4.521499999999999825e-02 -1.844472915393378823e-04 9.999692160936477503e-01 -7.844287364213503241e-03 -6.054319999999999841e-02 2.243064680025756361e-02 7.846451030587993022e-03 9.997176097730532396e-01 3.574980000000000047e+00
9.996437171671097577e-01 1.202515278082581188e-03 -2.666444609080154127e-02 -6.887229999999999741e-02 -1.440003119362225428e-03 9.999594541167005080e-01 -8.889123333966596208e-03 -7.573509999999999964e-02 2.665267565066424538e-02 8.924353177470079751e-03 9.996049173553640532e-01 4.336039999999999672e+00
9.994856889609320394e-01 4.460072753266039643e-03 -3.175634288337655237e-02 -9.508030000000000648e-02 -4.762636861310406457e-03 9.999439262495528613e-01 -9.458416715083940718e-03 -9.196000000000000008e-02 3.171237695945060969e-02 9.604796076152048723e-03 9.994508857567325766e-01 5.117709999999999759e+00
9.993234909433583724e-01 6.100736493049011173e-03 -3.626763657893752185e-02 -1.226600000000000051e-01 -6.410189814098810231e-03 9.999439852276302831e-01 -8.422343713709477472e-03 -9.638420000000000321e-02 3.621422255587893740e-02 8.649128356488745492e-03 9.993066209444158021e-01 5.909040000000000070e+00
9.991615082055181896e-01 6.255030804608803160e-03 -4.046177344244280411e-02 -1.576809999999999878e-01 -6.496557165349152799e-03 9.999618408160600991e-01 -5.840518534661073499e-03 -1.090570000000000012e-01 4.042369683083828907e-02 6.098483531974476651e-03 9.991640171829341277e-01 6.709030000000000271e+00
9.989794048101015012e-01 4.764992586357753163e-03 -4.491596164958815141e-02 -1.880610000000000059e-01 -4.952382455057031951e-03 9.999794882149001252e-01 -4.061656987649424344e-03 -1.276919999999999999e-01 4.489568657760076298e-02 4.279952700490247466e-03 9.989825120249139490e-01 7.513169999999999682e+00
9.988797605549499803e-01 5.166242894586308386e-03 -4.703757952998854214e-02 -2.335560000000000136e-01 -5.364060183522614995e-03 9.999772889075024818e-01 -4.080260720707054416e-03 -1.413490000000000024e-01 4.701543163721256385e-02 4.328002259187719962e-03 9.988847869421233483e-01 8.337910000000000821e+00
9.987549687402610399e-01 5.071952974471200144e-03 -4.962648193923176881e-02 -2.675560000000000160e-01 -5.322332027207697831e-03 9.999737602555152094e-01 -4.914425931635527448e-03 -1.477110000000000090e-01 4.960025401580422239e-02 5.172435931949787707e-03 9.987557562828348612e-01 9.161400000000000432e+00
9.986715144653097731e-01 3.323966654425274201e-03 -5.142137144461178533e-02 -3.016980000000000217e-01 -3.581035240413308392e-03 9.999815440261542454e-01 -4.907931710561413453e-03 -1.640349999999999864e-01 5.140410861177718838e-02 5.085553337532223127e-03 9.986649862516857601e-01 9.991699999999999804e+00
9.985691994512712055e-01 3.201958898992798147e-03 -5.337884755646688656e-02 -3.442290000000000072e-01 -3.442963916916485720e-03 9.999842885539119708e-01 -4.423646097209913558e-03 -1.721979999999999900e-01 5.336384456459430242e-02 4.601098188010145293e-03 9.985645347140814643e-01 1.083109999999999928e+01
9.984738726565146605e-01 -2.941808434302434043e-04 -5.522534816489224618e-02 -3.901519999999999988e-01 9.996855804056734409e-06 9.999867586725615931e-01 -5.146103342033292276e-03 -1.920830000000000037e-01 5.522613079299583394e-02 5.137697653168280844e-03 9.984606544779115467e-01 1.168529999999999980e+01
9.983780299764356547e-01 2.772253412556950972e-03 -5.686496171974392277e-02 -4.402539999999999787e-01 -3.199123949664769463e-03 9.999673757164464494e-01 -7.417082224022089262e-03 -2.081629999999999869e-01 5.684254450960175842e-02 7.586969999926817393e-03 9.983543273907787841e-01 1.255339999999999989e+01
9.983160907731398748e-01 4.544701415664650218e-03 -5.783017026153704221e-02 -5.019190000000000040e-01 -5.129101503721969144e-03 9.999372330706651768e-01 -9.961035927390924499e-03 -2.203930000000000056e-01 5.778127050524611841e-02 1.024087926033265261e-02 9.982767397724815472e-01 1.342430000000000057e+01
9.982174505365197792e-01 8.470463979976668514e-03 -5.907768347129477987e-02 -5.624789999999999512e-01 -9.164327266870735469e-03 9.998920618456683673e-01 -1.148389149041919438e-02 -2.330780000000000074e-01 5.897403284595915257e-02 1.200482811130382937e-02 9.981873308913020715e-01 1.431020000000000003e+01
9.981383850365856958e-01 9.040088368605944322e-03 -6.031617626179965747e-02 -6.213079999999999714e-01 -9.741996913396932037e-03 9.998880923955738576e-01 -1.135324542498067531e-02 -2.445259999999999934e-01 6.020679208109375874e-02 1.191971005638457239e-02 9.981147542740141931e-01 1.519759999999999955e+01
9.980302196125288017e-01 8.951752160201361178e-03 -6.209305012181175892e-02 -6.759500000000000508e-01 -9.631898131365430535e-03 9.998967582844171531e-01 -1.066298788805507963e-02 -2.743510000000000115e-01 6.199118710393031889e-02 1.124005807708040525e-02 9.980134036253567320e-01 1.608859999999999957e+01
9.979696796068303621e-01 8.984236803890287282e-03 -6.305396160822832052e-02 -7.347749999999999559e-01 -9.576973673398696957e-03 9.999126907043798251e-01 -9.104534232256331419e-03 -2.891290000000000249e-01 6.296665911972251783e-02 9.689915241059764497e-03 9.979685893763999838e-01 1.699030000000000129e+01
9.979050952145631648e-01 8.981283542151372035e-03 -6.406838136513903770e-02 -7.979030000000000289e-01 -9.552900553128067240e-03 9.999172048214437503e-01 -8.621229210079980540e-03 -3.070939999999999781e-01 6.398564710804649502e-02 9.215207431532495067e-03 9.979082707925404083e-01 1.789699999999999847e+01
9.978363332011818132e-01 8.178956618927105127e-03 -6.523616184483721492e-02 -8.537690000000000001e-01 -8.827419241150886997e-03 9.999143943613972851e-01 -9.658189189540498931e-03 -3.212599999999999900e-01 6.515158335114384913e-02 1.021315903654233456e-02 9.978231118636876618e-01 1.880519999999999925e+01
9.978641360822145812e-01 7.684642900695958997e-03 -6.486996365332990677e-02 -9.595120000000000315e-01 -8.355682370973246606e-03 9.999142902732899296e-01 -1.007941860318847804e-02 -3.306080000000000130e-01 6.478694693386134740e-02 1.059992314838547819e-02 9.978428198550297612e-01 1.970660000000000167e+01
9.977524808385074273e-01 8.784804509658707822e-03 -6.642901617765314959e-02 -1.013079999999999981e+00 -9.334338178851455531e-03 9.999246985518234210e-01 -7.966640245915344171e-03 -3.663299999999999890e-01 6.635402859937489239e-02 8.568805971200538912e-03 9.977593489679067451e-01 2.064160000000000039e+01
9.977421669240289503e-01 9.206325800920216879e-03 -6.652677586498884077e-02 -1.087879999999999958e+00 -9.585587510656218280e-03 9.999395630825889114e-01 -5.383929260014162083e-03 -3.743489999999999873e-01 6.647318898487344918e-02 6.009471478307876549e-03 9.977701145047053188e-01 2.157280000000000086e+01
9.977690440616334699e-01 9.299878951644174191e-03 -6.610935609895811360e-02 -1.153100000000000014e+00 -9.437003814006687807e-03 9.999539176906453442e-01 -1.762229878440990443e-03 -3.843980000000000175e-01 6.608992110260465680e-02 2.382172666876309925e-03 9.978108275530169768e-01 2.250750000000000028e+01
9.978979839985213651e-01 8.876130502973091432e-03 -6.419367444679326129e-02 -1.217449999999999921e+00 -8.830041551956361104e-03 9.999605127559870743e-01 1.001646132204138395e-03 -3.886209999999999942e-01 6.420003035729353325e-02 -4.327078432684822802e-04 9.979369563584891134e-01 2.344209999999999994e+01
9.980822152197964536e-01 7.749395536896329546e-03 -6.141529557656268817e-02 -1.292929999999999913e+00 -7.650132608132984534e-03 9.999690237189204911e-01 1.851235724326666908e-03 -3.941089999999999871e-01 6.142773911696416261e-02 -1.377850297301596444e-03 9.981105822480474954e-01 2.438569999999999993e+01
9.981416331453099033e-01 8.618279303413181255e-03 -6.032416964917067942e-02 -1.367450000000000054e+00 -8.735761279237688401e-03 9.999604244454195490e-01 -1.684048042210320797e-03 -4.108410000000000117e-01 6.030726869031407394e-02 2.207896008570361859e-03 9.981774183672608158e-01 2.533429999999999893e+01
9.982278719066108863e-01 1.070331143949162893e-02 -5.853678222304419670e-02 -1.426330000000000098e+00 -1.109654581545474646e-02 9.999179704705875027e-01 -6.396796147040325828e-03 -4.245380000000000265e-01 5.846351357696840528e-02 7.035016290707778869e-03 9.982647575297972642e-01 2.628979999999999961e+01
9.982875386987224431e-01 1.066401525970378170e-02 -5.751755260255460994e-02 -1.478890000000000038e+00 -1.122326829350006952e-02 9.998927496014392569e-01 -9.408907656349715237e-03 -4.400450000000000195e-01 5.741104708728928668e-02 1.003833019054489392e-02 9.983001570666644175e-01 2.725039999999999907e+01
9.983437224895587159e-01 9.255420569086831792e-03 -5.678158993705856306e-02 -1.526499999999999968e+00 -9.740929049041646345e-03 9.999182775847612614e-01 -8.279640885085644969e-03 -4.583749999999999769e-01 5.670031804983532986e-02 8.819032940961812894e-03 9.983522918244008837e-01 2.822240000000000038e+01
9.983790147561901751e-01 5.142032512147426404e-03 -5.668246991886375513e-02 -1.577779999999999960e+00 -5.365883179743903900e-03 9.999783921029984368e-01 -3.797713101760364762e-03 -4.675349999999999784e-01 5.666171716565088917e-02 4.095708576786158753e-03 9.983850334310374608e-01 2.919300000000000139e+01
9.982800180128988954e-01 1.398439060813708851e-04 -5.862581410819155125e-02 -1.636149999999999993e+00 -1.770364890255607859e-04 9.999997863746377114e-01 -6.292128102159210258e-04 -4.917839999999999989e-01 5.862571359265363047e-02 6.385094838122757190e-04 9.982798295124425403e-01 3.017020000000000124e+01
9.981873466599832101e-01 -8.179126416114776421e-03 -5.962485101844391261e-02 -1.682940000000000103e+00 8.128191359583328279e-03 9.999663642569535105e-01 -1.096749721571415844e-03 -5.069569999999999910e-01 5.963181594689544868e-02 6.101194956608879888e-04 9.982202533915431886e-01 3.115449999999999875e+01
9.981184662602905489e-01 -7.457274518713905009e-03 -6.085980912685962779e-02 -1.733200000000000074e+00 7.171755575517985842e-03 9.999622354932324875e-01 -4.908513964733018931e-03 -5.233809999999999851e-01 6.089411492229995088e-02 4.462806754666022099e-03 9.981342545588244297e-01 3.213530000000000086e+01
9.980245878485844990e-01 -7.241400875421065766e-03 -6.240580231857062454e-02 -1.794759999999999911e+00 6.679816999489872689e-03 9.999353417355489881e-01 -9.202847008626884040e-03 -5.419859999999999678e-01 6.246840877208567622e-02 8.767808253624033432e-03 9.980084285435224523e-01 3.311749999999999972e+01
9.979253233740620344e-01 -6.507439207922220518e-03 -6.405233956483613600e-02 -1.857669999999999932e+00 5.890696967617610989e-03 9.999345014872974557e-01 -9.812870354063496850e-03 -5.505459999999999798e-01 6.411200088914381645e-02 9.415198898863165813e-03 9.978982941020018149e-01 3.410909999999999798e+01
9.978154713143548848e-01 -8.447495961321124444e-03 -6.552041680037858085e-02 -1.928979999999999917e+00 7.925101539195416114e-03 9.999347375122719095e-01 -8.228820198379852013e-03 -5.893279999999999630e-01 6.558565370037346132e-02 7.691588148574068917e-03 9.978172986576487880e-01 3.512140000000000128e+01
9.977499722579928898e-01 -7.132739051771829798e-03 -6.666420998402212972e-02 -2.001660000000000217e+00 6.764937445229030240e-03 9.999606355234579302e-01 -5.741343473809370525e-03 -5.971999999999999531e-01 6.670253728709728269e-02 5.277446081339385621e-03 9.977589488861133837e-01 3.611880000000000024e+01
9.977189145134918169e-01 -4.075125367844297311e-03 -6.738220073028133861e-02 -2.075029999999999930e+00 3.800327116185390781e-03 9.999839339020171192e-01 -4.205882981747264410e-03 -6.174819999999999753e-01 6.739825766167520382e-02 3.940214598536113944e-03 9.977183718730892048e-01 3.712429999999999808e+01
9.977021269485663035e-01 -4.476205709896589023e-03 -6.760495148100834073e-02 -2.159829999999999917e+00 4.349315398427745956e-03 9.999884933568687906e-01 -2.024008257025803302e-03 -6.195129999999999804e-01 6.761323345227471249e-02 1.725322086509794173e-03 9.977101151766608611e-01 3.813559999999999661e+01
9.977188530391549737e-01 -4.080540536669481980e-03 -6.738278325478735953e-02 -2.224829999999999863e+00 4.192975944045509995e-03 9.999900431604203943e-01 1.527263157753020991e-03 -6.381139999999999590e-01 6.737588027599869522e-02 -1.806313635272458048e-03 9.977260285208987556e-01 3.913640000000000185e+01
9.976500666470364820e-01 3.620177461387583226e-04 -6.851433034274717615e-02 -2.310090000000000199e+00 -1.065497363822218548e-04 9.999930292765770723e-01 3.732297604471845279e-03 -6.590319999999999512e-01 6.851520390626655854e-02 -3.716226770011486855e-03 9.976431508772445333e-01 4.014170000000000016e+01
9.976467131430417634e-01 1.726249439299634226e-03 -6.854236513105252393e-02 -2.377730000000000121e+00 -1.489924027854107368e-03 9.999927690770388233e-01 3.498845527768154693e-03 -6.744830000000000547e-01 6.854790938662119748e-02 -3.388488823838426128e-03 9.976420712170342986e-01 4.113289999999999935e+01
9.976289795601216426e-01 9.777174984417363619e-04 -6.881470199255190767e-02 -2.441390000000000171e+00 -8.544501644310888416e-04 9.999979774719754966e-01 1.820705048870098442e-03 -6.839709999999999956e-01 6.881634294807439933e-02 -1.757589386551425140e-03 9.976277972384296477e-01 4.212769999999999726e+01
9.976464825553198468e-01 4.622543162056257093e-03 -6.841146058748429071e-02 -2.510120000000000129e+00 -4.667429142265868205e-03 9.999889843393146016e-01 -4.962914748039800369e-04 -6.990180000000000282e-01 6.840841286128421239e-02 8.144290889713799372e-04 9.976570682128499401e-01 4.313889999999999958e+01
9.975715642201800071e-01 4.154837114438396893e-03 -6.952489904959034683e-02 -2.574819999999999887e+00 -4.200562265595842761e-03 9.999910467852941576e-01 -5.114937970596682842e-04 -7.131410000000000249e-01 6.952215140482993772e-02 8.022953346888020247e-04 9.975800853997837114e-01 4.411679999999999779e+01
9.974692219741861932e-01 1.572314254446438098e-03 -7.108219919288390198e-02 -2.641399999999999970e+00 -1.446507891337945597e-03 9.999972952141190641e-01 1.821312539435635978e-03 -7.529909999999999659e-01 7.108487060642269817e-02 -1.713882239616530733e-03 9.974687983984946715e-01 4.508469999999999800e+01
9.974144690710626815e-01 1.493480229378497904e-03 -7.184807864163536562e-02 -2.715549999999999908e+00 -1.352680704834618606e-03 9.999970684873759064e-01 2.008300666003384142e-03 -7.491539999999999866e-01 7.185086737542514812e-02 -1.905920632858846674e-03 9.974135653398444878e-01 4.610340000000000060e+01
9.973742023125500289e-01 3.014683729989118405e-03 -7.235753066137957934e-02 -2.789470000000000116e+00 -3.065162523215437737e-03 9.999951303273141301e-01 -5.866006854608313802e-04 -7.728410000000000002e-01 7.235540988834644749e-02 8.068479819931643777e-04 9.973785859222280559e-01 4.706900000000000261e+01
9.973382706229152461e-01 5.884676203693691397e-03 -7.267561170619937783e-02 -2.863739999999999952e+00 -6.301838930019656483e-03 9.999649511795646317e-01 -5.512099287107719015e-03 -7.839509999999999534e-01 7.264062759222741916e-02 5.955417569618936396e-03 9.973403993745458829e-01 4.805460000000000065e+01
9.972606625503795952e-01 6.673114862435398226e-03 -7.366573469131042218e-02 -2.938719999999999999e+00 -7.175951786439080382e-03 9.999527128582508251e-01 -6.563365248346075299e-03 -8.032359999999999500e-01 7.361845315908570331e-02 7.074007736583200028e-03 9.972613908945869854e-01 4.903079999999999927e+01
9.972152032160406243e-01 6.030719073706717302e-03 -7.433349784750459266e-02 -3.024739999999999984e+00 -6.306259781443561592e-03 9.999740855067859036e-01 -3.472665033693746357e-03 -8.223530000000000006e-01 7.431062886532374678e-02 3.931760715165887737e-03 9.972273921705715471e-01 5.000600000000000023e+01
9.972663993749707467e-01 1.482281484280240915e-03 -7.387510757543935824e-02 -3.096610000000000085e+00 -1.484130276180087435e-03 9.999988982319685249e-01 2.986925491970257666e-05 -8.375939999999999497e-01 7.387507045685101637e-02 7.985267950298555661e-05 9.972675005175616336e-01 5.099210000000000065e+01
9.972102303878779272e-01 7.339746868519948526e-04 -7.464059010293579155e-02 -3.170819999999999972e+00 -6.686622027649803592e-04 9.999993714343177187e-01 9.000121266072466609e-04 -8.447660000000000169e-01 7.464120377254114536e-02 -8.475919587319892751e-04 9.972100943568800169e-01 5.194800000000000040e+01
9.972148881107584240e-01 -2.582560165184136138e-03 -7.453722099220537467e-02 -3.234919999999999796e+00 2.567452664587596776e-03 9.999966595360779698e-01 -2.985020945577799775e-04 -8.625279999999999614e-01 7.453774290292643212e-02 1.062999461778713295e-04 9.972181875513796978e-01 5.290740000000000265e+01
9.971853710861758868e-01 -5.891634988581601756e-03 -7.474372434450196612e-02 -3.296199999999999797e+00 5.784295564098906536e-03 9.999819054325437273e-01 -1.652492761365440942e-03 -8.826300000000000257e-01 7.475210777331112166e-02 1.215501814289282612e-03 9.972014064063421390e-01 5.388400000000000034e+01
9.970541651947858464e-01 -6.143657779016828760e-03 -7.645421595192197772e-02 -3.381149999999999878e+00 6.117865093364061382e-03 9.999811223390978610e-01 -5.715698885413161151e-04 -9.005039999999999711e-01 7.645628420495068078e-02 1.021495590572575466e-04 9.970729292138260647e-01 5.482289999999999708e+01
9.969885347153273347e-01 -9.459883416884331403e-03 -7.696994382175177674e-02 -3.443080000000000140e+00 9.755997650722471326e-03 9.999463813367125420e-01 3.472025554782658726e-03 -9.102740000000000276e-01 7.693297183928206329e-02 -4.212488261458185307e-03 9.970273681231741625e-01 5.579299999999999926e+01
9.968716889106029599e-01 -1.232404986719396779e-02 -7.807018408709616442e-02 -3.509119999999999795e+00 1.303352015371597207e-02 9.998782089067779211e-01 8.584562060848004161e-03 -9.203139999999999654e-01 7.795487926310222526e-02 -9.575236197858921078e-03 9.969109045701277649e-01 5.673810000000000286e+01
9.968497925578004848e-01 -1.117864724870096770e-02 -7.852088208342666853e-02 -3.585999999999999854e+00 1.206122830640526770e-02 9.998692065403798068e-01 1.077481248338522588e-02 -9.207309999999999661e-01 7.839016423768388475e-02 -1.168792787454029855e-02 9.968542393413334368e-01 5.768229999999999791e+01
9.968030315040630196e-01 -9.463475427385575553e-03 -7.933573606607029205e-02 -3.659619999999999873e+00 1.007350731985242991e-02 9.999226686651145890e-01 7.292540017872009561e-03 -9.328499999999999570e-01 7.926058815443383365e-02 -8.068415115166953019e-03 9.968212777840079752e-01 5.863960000000000150e+01
9.966782327346485060e-01 -5.910066302491203370e-03 -8.122543634378300015e-02 -3.746630000000000127e+00 5.936325905181141956e-03 9.999823765160322786e-01 8.180523096555007787e-05 -9.577459999999999862e-01 8.122352139426892992e-02 -5.637141549544350157e-04 9.966957518714857356e-01 5.955310000000000059e+01
9.966269282706595734e-01 -3.776596221743600598e-03 -8.197867507326273007e-02 -3.826620000000000132e+00 3.369470174570767407e-03 9.999812976452113755e-01 -5.104021016992127575e-03 -9.767289999999999583e-01 8.199641770548488084e-02 4.810580087383564858e-03 9.966210141285857249e-01 6.047520000000000095e+01
9.965894230754009930e-01 4.698334290995382495e-04 -8.251848926627493308e-02 -3.904580000000000162e+00 -8.527262923475394541e-04 9.999890337980679167e-01 -4.604904068158705184e-03 -9.827000000000000179e-01 8.251542081398947903e-02 4.659564374006002103e-03 9.965788949138622010e-01 6.138609999999999900e+01
9.964823426983983046e-01 2.483696366258010546e-03 -8.376617421532506214e-02 -3.984919999999999796e+00 -2.667002903996451395e-03 9.999942876384696477e-01 -2.076484033092660525e-03 -1.006150000000000100e+00 8.376053835680635773e-02 2.292584303760937699e-03 9.964832744564195988e-01 6.227839999999999776e+01
9.963737698517670660e-01 4.001786086673226120e-03 -8.498997858273824035e-02 -4.065669999999999895e+00 -4.049704444182632840e-03 9.999917233100099612e-01 -3.914146027574386642e-04 -1.020410000000000039e+00 8.498770878952180419e-02 7.341795373019628559e-04 9.963817292258597691e-01 6.316490000000000293e+01
9.962797539690038118e-01 5.656497281251686784e-03 -8.599218493542611086e-02 -4.150249999999999773e+00 -5.706044901023830593e-03 9.999836658091380004e-01 -3.304035500896126422e-04 -1.046480000000000077e+00 8.598891139588192567e-02 8.198496359724510157e-04 9.962957567728197850e-01 6.404470000000000596e+01
9.961380241981887540e-01 7.322097624561508915e-03 -8.749527777488934344e-02 -4.224380000000000024e+00 -7.299964728873749482e-03 9.999731907723204971e-01 5.729324406673758086e-04 -1.063330000000000108e+00 8.749712716132944379e-02 6.799265225425782941e-05 9.961647695614984643e-01 6.488840000000000430e+01
9.960059674829107035e-01 8.105020639284931522e-03 -8.891805991398964160e-02 -4.301029999999999909e+00 -8.012497261719573466e-03 9.999669229805021597e-01 1.397437847454527197e-03 -1.077809999999999935e+00 8.892644503218390117e-02 -6.794007236729233783e-04 9.960379640297827297e-01 6.575029999999999575e+01
9.958605800408640851e-01 7.700702505709778982e-03 -9.056712594309405950e-02 -4.373269999999999769e+00 -7.577104798055616687e-03 9.999698338702763811e-01 1.708459051622868152e-03 -1.093390000000000084e+00 9.057755021832390729e-02 -1.015150417595688751e-03 9.958888878113243415e-01 6.656980000000000075e+01
9.957572562835314001e-01 8.056285369569407898e-03 -9.166560328027983928e-02 -4.444819999999999993e+00 -7.827067632006001405e-03 9.999652786453177011e-01 2.859810496574037054e-03 -1.107329999999999925e+00 9.168545997581944995e-02 -2.130204177156025218e-03 9.957857393331087659e-01 6.737770000000000437e+01
9.956533280639113803e-01 9.628392786186762767e-03 -9.263770489175571221e-02 -4.535689999999999777e+00 -9.064936445628795150e-03 9.999377784951795078e-01 6.501235679620624708e-03 -1.130600000000000049e+00 9.269453728507318080e-02 -5.633222033629439740e-03 9.956786577842401398e-01 6.817289999999999850e+01
9.954784466093588025e-01 1.141007375518722500e-02 -9.429990749263274241e-02 -4.613229999999999720e+00 -1.057654086134501500e-02 9.999004992245187351e-01 9.334261297307282906e-03 -1.127350000000000074e+00 9.439702918856189562e-02 -8.294689111672429171e-03 9.955000748432489832e-01 6.897719999999999629e+01
9.952909525165647420e-01 1.312961453025973148e-02 -9.603922667824817128e-02 -4.686609999999999943e+00 -1.209342002921011232e-02 9.998623013412728522e-01 1.136343031530311770e-02 -1.135219999999999896e+00 9.617519966533079334e-02 -1.014847667487307065e-02 9.953126842306960764e-01 6.974979999999999336e+01
9.951600855597528827e-01 1.611526600796665473e-02 -9.693658911988679849e-02 -4.759229999999999627e+00 -1.542374059918099824e-02 9.998500039996518485e-01 7.878942049878956758e-03 -1.154490000000000016e+00 9.704902026622656830e-02 -6.345683839323353406e-03 9.952593732098065082e-01 7.050570000000000448e+01
9.949748614589766227e-01 1.747241152061941930e-02 -9.858874124535868533e-02 -4.833840000000000359e+00 -1.754722309916599207e-02 9.998460297648074091e-01 1.082823159208606703e-04 -1.162099999999999911e+00 9.857545346686596988e-02 1.622220455416441710e-03 9.951282572485798950e-01 7.124129999999999541e+01
9.948323512128004475e-01 1.779976342076553669e-02 -9.995879852507254248e-02 -4.917069999999999830e+00 -1.850330193980958410e-02 9.998100960742831722e-01 -6.115521666786583044e-03 -1.182430000000000092e+00 9.983096111795931871e-02 7.933486629312130195e-03 9.949727830409065277e-01 7.196710000000000207e+01
9.947334580676515658e-01 2.002406606583266580e-02 -1.005205659502717702e-01 -4.987709999999999866e+00 -2.086881055224629189e-02 9.997551381995225528e-01 -7.359102512392308448e-03 -1.192309999999999981e+00 1.003485931486148147e-01 9.418090137847143911e-03 9.949077642833275004e-01 7.266299999999999670e+01
9.946358338807465005e-01 2.092413997343420262e-02 -1.013002385324157234e-01 -5.064180000000000348e+00 -2.145036286479490295e-02 9.997614743163124595e-01 -4.108090291369299353e-03 -1.206520000000000037e+00 1.011901175674819325e-01 6.258980687424096738e-03 9.948474180835138458e-01 7.334189999999999543e+01
9.945336073235752083e-01 2.009894497805899891e-02 -1.024643172754577114e-01 -5.129319999999999879e+00 -2.038479696667675270e-02 9.997906885463641036e-01 -1.743315408801300375e-03 -1.224099999999999966e+00 1.024078315197820832e-01 3.822500066207284823e-03 9.947351529611586640e-01 7.399760000000000559e+01
9.944722481476214737e-01 1.733047784774130115e-02 -1.035596552803482312e-01 -5.188810000000000144e+00 -1.793692565467823116e-02 9.998269780011086461e-01 -4.927551037716747760e-03 -1.236120000000000108e+00 1.034563403676843490e-01 6.757854595928030651e-03 9.946110380641198789e-01 7.462430000000000518e+01
9.945749366984966144e-01 9.738363205588417698e-03 -1.035657258616832638e-01 -5.256739999999999746e+00 -1.090241910158543451e-02 9.998835345847041367e-01 -1.067963127322264782e-02 -1.256440000000000001e+00 1.034496619081699681e-01 1.175081054543267861e-02 9.945652748324820269e-01 7.525220000000000198e+01
9.947254083126014779e-01 6.524160107083119484e-03 -1.023659972462796081e-01 -5.317779999999999951e+00 -8.147233901272079790e-03 9.998475177376789924e-01 -1.544551240845118585e-02 -1.273400000000000087e+00 1.022496192515460894e-01 1.619804336019637150e-02 9.946268841903556091e-01 7.584919999999999618e+01
9.950102935663507342e-01 8.250550256827596241e-03 -9.943059950268891278e-02 -5.368089999999999584e+00 -9.871789099775148818e-03 9.998260550006340397e-01 -1.582427002546050662e-02 -1.289789999999999992e+00 9.928274511199879082e-02 1.672686947186141290e-02 9.949186641935597875e-01 7.642950000000000443e+01
9.953607211021335832e-01 1.323859616848922088e-02 -9.529834446898043099e-02 -5.427590000000000359e+00 -1.454335416463562597e-02 9.998096004595592445e-01 -1.300975320821371947e-02 -1.300710000000000033e+00 9.510796883901352639e-02 1.433535490960423028e-02 9.953637384709838054e-01 7.699530000000000030e+01
9.958298692280528330e-01 1.190852428135272950e-02 -9.044920454420557476e-02 -5.471849999999999881e+00 -1.285153307569817521e-02 9.998688934496722247e-01 -9.850584212737361484e-03 -1.316740000000000022e+00 9.032004013973499168e-02 1.097191693226061762e-02 9.958523522028696062e-01 7.755150000000000432e+01
9.963502461190912873e-01 8.301048800863346233e-03 -8.495457402183703710e-02 -5.511269999999999669e+00 -8.860333246858885514e-03 9.999414734000391380e-01 -6.208403121043517582e-03 -1.332689999999999930e+00 8.489806566218519035e-02 6.938469814336660664e-03 9.963654831854898974e-01 7.809180000000000632e+01
9.970554054865630178e-01 3.530968956630996421e-03 -7.660320259788507002e-02 -5.539640000000000342e+00 -3.730911150945689057e-03 9.999899966894926218e-01 -2.467148745470076031e-03 -1.349490000000000078e+00 7.659372488663197809e-02 2.745683735580933468e-03 9.970586053632028989e-01 7.862460000000000093e+01
9.977888082180133011e-01 6.618165701341018753e-03 -6.613391019459127773e-02 -5.567350000000000243e+00 -6.778536843585003871e-03 9.999746035342971240e-01 -2.200846356604946753e-03 -1.364119999999999999e+00 6.611766506113803121e-02 2.644271010092185455e-03 9.978083293888102556e-01 7.913060000000000116e+01
9.986202863667373864e-01 1.223049932848491346e-02 -5.106797962511671479e-02 -5.591800000000000104e+00 -1.238197746635544098e-02 9.999198265191406865e-01 -2.650880599761906362e-03 -1.374160000000000048e+00 5.103146373403443653e-02 3.279545716628757233e-03 9.986916612694102247e-01 7.962539999999999907e+01
9.993089026649093487e-01 1.739780472690017135e-02 -3.284864449774747147e-02 -5.599099999999999966e+00 -1.748187244194092035e-02 9.998445950134010607e-01 -2.273754254891255898e-03 -1.380560000000000009e+00 3.280398132206594625e-02 2.846438682385335484e-03 9.994577512812879982e-01 8.011889999999999645e+01
9.998056592079036520e-01 1.626054363408660150e-02 -1.114623418797782047e-02 -5.600670000000000037e+00 -1.628568690718825915e-02 9.998650274255327375e-01 -2.168716970874946196e-03 -1.390179999999999971e+00 1.110946523511895621e-02 2.349819580880597916e-03 9.999355269866787577e-01 8.059250000000000114e+01
9.998105444096085925e-01 1.235751911765149182e-02 1.503884997661075404e-02 -5.568170000000000286e+00 -1.234341642303094476e-02 9.999232864225350292e-01 -1.030214038334517418e-03 -1.402609999999999912e+00 -1.505042718230208132e-02 8.443880707408595206e-04 9.998863793703843816e-01 8.105740000000000123e+01
9.989526503879455621e-01 1.123212165372934786e-02 4.435585334603280028e-02 -5.521410000000000373e+00 -1.126422558708187020e-02 9.999364443009336467e-01 4.738994926670673092e-04 -1.411829999999999918e+00 -4.434771138201243357e-02 -9.730374924145032169e-04 9.990156824060451024e-01 8.149360000000000070e+01
9.969297735391364768e-01 1.078437863131713643e-02 7.755465046496173853e-02 -5.462539999999999729e+00 -1.099642839477057814e-02 9.999368746641260630e-01 2.307650211446364390e-03 -1.417980000000000018e+00 -7.752486822797369226e-02 -3.153389363224176796e-03 9.969854316597405175e-01 8.192289999999999850e+01
9.932808986094726622e-01 1.032284204868318990e-02 1.152670611649158350e-01 -5.382740000000000080e+00 -1.071881941965472339e-02 9.999385866791375976e-01 2.815986572700634235e-03 -1.423910000000000009e+00 -1.152309132473024467e-01 -4.032592487065323611e-03 9.933305466107573700e-01 8.236260000000000048e+01
9.876385494871791071e-01 1.008912519307786360e-02 1.564234800779581158e-01 -5.321119999999999628e+00 -1.068402236934110419e-02 9.999385349315752514e-01 2.962773178336944313e-03 -1.426449999999999996e+00 -1.563839737085369330e-01 -4.597380964555305288e-03 9.876856366554058742e-01 8.274269999999999925e+01
9.795020622142683875e-01 1.023386708613826038e-02 2.011739995189702201e-01 -5.168929999999999580e+00 -1.103303153614484597e-02 9.999350680920499057e-01 2.851633719456823229e-03 -1.438690000000000024e+00 -2.011317536668882078e-01 -5.012740189832888896e-03 9.795513718548258808e-01 8.318800000000000239e+01
9.681305551253640562e-01 1.218409231208158160e-02 2.501495075493556097e-01 -5.028050000000000352e+00 -1.285675252421637250e-02 9.999167918617875017e-01 1.055114857191800839e-03 -1.446320000000000050e+00 -2.501158374577377996e-01 -4.237599245030776798e-03 9.682066466439140928e-01 8.358820000000000050e+01
9.529932921844254112e-01 1.263793226796034938e-02 3.027277121762738110e-01 -4.866570000000000285e+00 -1.297387813499087730e-02 9.999154295076068122e-01 -9.012872775329297623e-04 -1.459519999999999929e+00 -3.027135007521614130e-01 -3.068631716039525899e-03 9.530766600655806720e-01 8.394429999999999836e+01
9.334058150950643729e-01 1.290929184482011126e-02 3.585902041757189074e-01 -4.679429999999999978e+00 -1.265635457467746867e-02 9.999152451411263964e-01 -3.052740283909855662e-03 -1.465009999999999923e+00 -3.585992206288220463e-01 -1.688999238077469036e-03 9.334900889918302802e-01 8.430320000000000391e+01
9.096616695671297936e-01 1.353629327414551664e-02 4.151293963148578459e-01 -4.463540000000000063e+00 -1.250433688994626730e-02 9.999082757357549145e-01 -5.204005581496921190e-03 -1.478010000000000046e+00 -4.151617618221657424e-01 -4.570334187398491371e-04 9.097474938911178644e-01 8.465699999999999648e+01
8.812295162087423472e-01 1.402596808645817025e-02 4.724804884667129223e-01 -4.242460000000000342e+00 -1.194499121786258763e-02 9.999012431903094855e-01 -7.404123937297507271e-03 -1.474409999999999998e+00 -4.725376778070836115e-01 8.809572698679417162e-04 8.813100288587312203e-01 8.496309999999999718e+01
8.480302121960779926e-01 1.197947964270193975e-02 5.298124680206809378e-01 -3.982340000000000213e+00 -8.744808743501491025e-03 9.999246785334454657e-01 -8.611944021262446514e-03 -1.493889999999999940e+00 -5.298757283766776238e-01 2.670080013008582515e-03 8.480710955751348257e-01 8.525769999999999982e+01
8.117380829565342681e-01 1.134396759056550963e-02 5.839114651018207924e-01 -3.735819999999999919e+00 -7.233462493198777356e-03 9.999299336682457851e-01 -9.370420192122154088e-03 -1.498390000000000111e+00 -5.839768503103613950e-01 3.382625241087669574e-03 8.117632636108067512e-01 8.550849999999999795e+01
7.722162022811316362e-01 9.502089322172255909e-03 6.352887904197741520e-01 -3.448280000000000012e+00 -5.853480587855583103e-03 9.999521243440731011e-01 -7.841287189156205192e-03 -1.510680000000000023e+00 -6.353328841635019764e-01 2.336518411801493181e-03 7.722348522193215326e-01 8.576470000000000482e+01
7.299553829458110821e-01 9.250783628923280044e-03 6.834321926209542264e-01 -3.162209999999999965e+00 -6.629353750907688615e-03 9.999571942355370835e-01 -6.454561599174865258e-03 -1.518680000000000030e+00 -6.834626475362640674e-01 1.808282142302260719e-04 7.299854633647695490e-01 8.601000000000000512e+01
6.851132277978143614e-01 7.758866728200710348e-03 7.283952670655914341e-01 -2.864050000000000207e+00 -5.517343183920167364e-03 9.999698612875367321e-01 -5.462182784865982424e-03 -1.521700000000000053e+00 -7.284156945183505316e-01 -2.765929833828621037e-04 6.851353876976947754e-01 8.621179999999999666e+01
6.385283162827513070e-01 6.118129719976989414e-03 7.695740106018680304e-01 -2.531969999999999832e+00 -2.238786077754007214e-03 9.999789356623144387e-01 -6.092295836776341969e-03 -1.526759999999999895e+00 -7.695950734912566649e-01 2.167191822216436598e-03 6.385285632903143771e-01 8.642119999999999891e+01
5.923709694151413352e-01 2.462715565792136536e-03 8.056615726384170895e-01 -2.232260000000000133e+00 3.455577020870355832e-03 9.999783635682180094e-01 -5.597444316958129044e-03 -1.547190000000000065e+00 -8.056579259100093982e-01 6.099789133291348871e-03 5.923496425177539049e-01 8.657399999999999807e+01
5.453369713801494711e-01 3.897075308518828385e-03 8.382078503867437247e-01 -1.898819999999999952e+00 2.351404685870921336e-03 9.999781451021347856e-01 -6.179014006881743473e-03 -1.552040000000000086e+00 -8.382136115227009077e-01 5.340610651761593455e-03 5.453158894951961599e-01 8.674590000000000600e+01
4.986280195199896403e-01 7.182196116918402110e-03 8.667863140408430533e-01 -1.567439999999999944e+00 -1.036311662272571248e-03 9.999698975500750375e-01 -7.689606740999989538e-03 -1.558219999999999938e+00 -8.668154499129047119e-01 2.935992614213604572e-03 4.986204525885975514e-01 8.690779999999999461e+01
4.529086677282423423e-01 8.678508950958034249e-03 8.915146786110796917e-01 -1.236099999999999977e+00 -1.859632610366401904e-03 9.999596429391329755e-01 -8.789440232242564516e-03 -1.564990000000000103e+00 -8.915549789346606246e-01 2.322923896696507586e-03 4.529065285038261779e-01 8.703170000000000073e+01
4.102081153621768284e-01 6.758573281038822780e-03 9.119668984004933865e-01 -8.719890000000000141e-01 5.392907613373399550e-03 9.999370800842085627e-01 -9.836280808343528595e-03 -1.559989999999999988e+00 -9.119759967446976479e-01 8.953075442092292904e-03 4.101458567407983979e-01 8.713840000000000430e+01
3.710340029693512398e-01 -1.923456659336197222e-03 9.286172887444099633e-01 -5.408020000000000049e-01 1.932605783221928025e-02 9.997972646484445391e-01 -5.650937104053484553e-03 -1.582319999999999949e+00 -9.284181558593116446e-01 2.004320124051813673e-02 3.709959540949563372e-01 8.721559999999999491e+01
3.352850856861465667e-01 -5.975055060389490233e-03 9.420977709523885579e-01 -1.853100000000000025e-01 2.535445085303778684e-02 9.996749232360663262e-01 -2.683220994572963966e-03 -1.580819999999999892e+00 -9.417754844645165324e-01 2.478601561344904308e-02 3.353275865353693153e-01 8.729689999999999372e+01
3.018073199488094382e-01 -2.540924099970389566e-03 9.533655570294297110e-01 2.072209999999999885e-01 2.275322515161789030e-02 9.997308101488698862e-01 -4.538500224083384660e-03 -1.596940000000000026e+00 -9.530973887124634114e-01 2.306189376010590181e-02 3.017838906994222414e-01 8.741509999999999536e+01
2.710079810285654367e-01 5.248593910859435802e-03 9.625627909288720918e-01 5.522369999999999779e-01 1.226566876717932394e-02 9.998851162859478947e-01 -8.905481431693148056e-03 -1.599569999999999936e+00 -9.624989493960574016e-01 1.421993290403576575e-02 2.709124691107630545e-01 8.750920000000000698e+01
2.426674285342431125e-01 9.885433424916335518e-03 9.700591720789921713e-01 9.287729999999999597e-01 7.099335136503056275e-03 9.999032083054888442e-01 -1.196551131418710501e-02 -1.607529999999999903e+00 -9.700835626734418682e-01 9.790415026538629162e-03 2.425737603377795537e-01 8.759210000000000207e+01
2.164787730342590533e-01 1.138223990737268973e-02 9.762209716249045099e-01 1.321110000000000007e+00 8.374745487767031038e-03 9.998735944269133702e-01 -1.351513247509873727e-02 -1.625769999999999937e+00 -9.762514043337385816e-01 1.110134147278405911e-02 2.163560855485876511e-01 8.765210000000000434e+01
1.933701734590002885e-01 1.253257303496719058e-02 9.810458249386514451e-01 1.710090000000000110e+00 1.550551916535491612e-02 9.997544996098208792e-01 -1.582780418533935585e-02 -1.631259999999999932e+00 -9.810033409177812969e-01 1.827225008147184693e-02 1.931283769545821816e-01 8.770289999999999964e+01
1.725780764812906709e-01 1.818993476156599218e-02 9.848278701333488261e-01 2.148639999999999883e+00 2.395387016678338435e-02 9.994562720229979158e-01 -2.265772314077683924e-02 -1.649450000000000083e+00 -9.847045341736022639e-01 2.750066521488493676e-02 1.720485216172698006e-01 8.780960000000000321e+01
1.527675051010405904e-01 2.526729345290066805e-02 9.879390939054737419e-01 2.560270000000000046e+00 2.365221536753439949e-02 9.992932759763196726e-01 -2.921508679985128018e-02 -1.643270000000000008e+00 -9.879790797853016393e-01 2.783006414078268223e-02 1.520619131686452574e-01 8.781959999999999411e+01
1.349795627135490506e-01 2.637801847032697836e-02 9.904972073616552519e-01 2.992910000000000181e+00 2.141810141996596320e-02 9.993343383577778516e-01 -2.953210305051820125e-02 -1.654809999999999892e+00 -9.906168697237206500e-01 2.520079999923540912e-02 1.343247449213115230e-01 8.787380000000000280e+01
1.194666994896918522e-01 2.179821088096611792e-02 9.925988846031554846e-01 3.432990000000000208e+00 2.059417439306399783e-02 9.994894412864673283e-01 -2.442819555213392863e-02 -1.666989999999999972e+00 -9.926245955516654895e-01 2.336011042898040319e-02 1.189567885689509774e-01 8.791949999999999932e+01
1.044036595604121848e-01 1.829303782267398260e-02 9.943667535862268370e-01 3.907070000000000043e+00 2.145820382516786667e-02 9.995566382613427781e-01 -2.064152117167552744e-02 -1.686430000000000096e+00 -9.943034855410048944e-01 2.349237482464038365e-02 1.039648352382068763e-01 8.795340000000000202e+01
9.178598687994581062e-02 1.579374178516552638e-02 9.956534991315493244e-01 4.386280000000000179e+00 2.388421104778961843e-02 9.995516371804461508e-01 -1.805738277033089312e-02 -1.705470000000000041e+00 -9.954922787621707236e-01 2.543781300177189175e-02 9.136761239404156409e-02 8.800430000000000064e+01
