1.000000000000000000e+00 5.421020000000000718e-20 -3.032380000000000365e-19 5.551119999999999471e-17 -5.421020000000000718e-20 1.000000000000000000e+00 -2.168400000000000197e-19 -5.551119999999999471e-17 3.032380000000000365e-19 2.168400000000000197e-19 1.000000000000000000e+00 0.000000000000000000e+00
9.999897661442126440e-01 -3.217930621137135138e-03 -3.180020339631521673e-03 2.572889999999999986e-03 3.211970130421712682e-03 9.999930787418717104e-01 -1.877689067471319207e-03 -6.727219999999999901e-03 3.186040603037087939e-03 1.867455721127159142e-03 9.999931808539523903e-01 6.879680000000000240e-01
9.999696924665888442e-01 -2.011762654064668584e-03 -7.521100936669809604e-03 -3.102740000000000099e-03 1.986981895143595609e-03 9.999925781087701804e-01 -3.300852969092237833e-03 -1.221569999999999948e-02 7.527685648606507150e-03 3.285808636987881150e-03 9.999662681362690986e-01 1.389119999999999910e+00
9.999350007459730794e-01 -1.805051840700753812e-03 -1.125771162373265244e-02 -1.583949999999999941e-02 1.751940361695305442e-03 9.999872983712400076e-01 -4.725865122670890907e-03 -1.756819999999999909e-02 1.126609906399749991e-02 4.705835105589342184e-03 9.999254622859842234e-01 2.108719999999999928e+00
9.998704710386772110e-01 2.178900137532200688e-04 -1.609328023851949382e-02 -2.577619999999999911e-02 -3.040312337166854533e-04 9.999856404617651906e-01 -5.350367770732183774e-03 -2.325150000000000133e-02 1.609188335473943701e-02 5.354567602997612093e-03 9.998561796057882090e-01 2.840180000000000149e+00
9.997828958211015804e-01 -5.850077421737997574e-04 -2.082832181223427670e-02 -3.881090000000000234e-02 4.692828195332754545e-04 9.999844297012662198e-01 -5.560587079482964129e-03 -3.275879999999999764e-02 2.083125049553406771e-02 5.549605479204687206e-03 9.997676034368274678e-01 3.594590000000000174e+00
9.996858251293171405e-01 6.003063672962209935e-04 -2.505774666209842697e-02 -6.142360000000000181e-02 -7.654389661504071947e-04 9.999780519614448471e-01 -6.581010453055028374e-03 -4.606249999999999928e-02 2.505324607123036659e-02 6.598123040646071587e-03 9.996643434841692155e-01 4.356099999999999639e+00
9.995387780983548964e-01 3.846872161778776451e-03 -3.012362282692315416e-02 -8.643460000000000032e-02 -4.064365183461922208e-03 9.999660919386302860e-01 -7.162116212289241363e-03 -6.053800000000000153e-02 3.009504964779518080e-02 7.281246291247491301e-03 9.995205207694052296e-01 5.138219999999999565e+00
9.993858026020272511e-01 5.475568190949417838e-03 -3.461265246247627325e-02 -1.128259999999999957e-01 -5.690538642894210283e-03 9.999651098950913530e-01 -6.115289236944418394e-03 -6.314379999999999993e-02 3.457796014017643083e-02 6.308497878578024284e-03 9.993820928589126629e-01 5.929610000000000269e+00
9.992312312461660850e-01 5.606335891617014212e-03 -3.880097292776788637e-02 -1.465059999999999973e-01 -5.746944489656807646e-03 9.999773145771586602e-01 -3.513254913483454620e-03 -7.383460000000000023e-02 3.878039622417250171e-02 3.733541070442273919e-03 9.992407825643284669e-01 6.730080000000000062e+00
9.990754430047248391e-01 3.756870871124310968e-03 -4.282692034422306421e-02 -1.741880000000000095e-01 -3.798579115546367891e-03 9.999923870534025427e-01 -8.925424027399934479e-04 -7.993429999999999980e-02 4.282324113861146059e-02 1.054398641620694086e-03 9.990821078679613665e-01 7.540110000000000312e+00
9.989818976757319779e-01 4.137731521072119875e-03 -4.492268128744062589e-02 -2.180400000000000116e-01 -4.183311289356800994e-03 9.999908261002904419e-01 -9.206638447784047316e-04 -9.085409999999999320e-02 4.491845971145696365e-02 1.107652074556094140e-03 9.989900425349753643e-01 8.365380000000000038e+00
9.988636858089778858e-01 4.016426975585721607e-03 -4.748900384776776756e-02 -2.503420000000000090e-01 -4.102905936530296463e-03 9.999900974707257584e-01 -1.723694684196196668e-03 -9.457590000000000441e-02 4.748161049268968120e-02 1.916578941272471803e-03 9.988702735541700184e-01 9.189170000000000726e+00
9.987830850299455054e-01 2.252250406926431265e-03 -4.926739719296305969e-02 -2.828010000000000246e-01 -2.337832386099217893e-03 9.999958568406910331e-01 -1.679536003349541050e-03 -1.079669999999999935e-01 4.926341033464076008e-02 1.792671067580842202e-03 9.987842122964520897e-01 1.001989999999999981e+01
9.986861796551379511e-01 2.094078065391764137e-03 -5.120087306757165752e-02 -3.235950000000000215e-01 -2.156325696628456044e-03 9.999970016936241546e-01 -1.160544377348948861e-03 -1.130020000000000052e-01 5.119828928114297101e-02 1.269425388820289140e-03 9.986877008023412605e-01 1.085999999999999943e+01
9.986113924964447053e-01 -1.811715590800950029e-03 -5.264982870750503641e-02 -3.662480000000000180e-01 1.749365524150048139e-03 9.999977130379767987e-01 -1.230300401912063019e-03 -1.192750000000000060e-01 5.265193725376576817e-02 1.136488202349025941e-03 9.986122780629083096e-01 1.171889999999999965e+01
9.985253896944285001e-01 1.220336230763039136e-03 -5.427298513140414032e-02 -4.141940000000000066e-01 -1.410124829159795090e-03 9.999930242076386921e-01 -3.458769149129992636e-03 -1.316690000000000083e-01 5.426838567302250810e-02 3.530200496384506247e-03 9.985201450150614777e-01 1.258750000000000036e+01
9.984713141001153591e-01 2.939866239961483590e-03 -5.519413108003456969e-02 -4.736270000000000202e-01 -3.276648303267940768e-03 9.999765578183771320e-01 -6.012269921298786166e-03 -1.402680000000000038e-01 5.517516193982210937e-02 6.183930804997539790e-03 9.984575406619519145e-01 1.345899999999999963e+01
9.983834713453186849e-01 6.827744617120791275e-03 -5.642540250556295905e-02 -5.319129999999999692e-01 -7.263376792135467670e-03 9.999453523402502819e-01 -7.519021924979780135e-03 -1.489310000000000078e-01 5.637098102789129400e-02 7.916706169628681677e-03 9.983785045068713782e-01 1.434529999999999994e+01
9.983097982573115869e-01 7.345884685291341476e-03 -5.765053930048053693e-02 -5.883990000000000054e-01 -7.783251886934704211e-03 9.999425824436564136e-01 -7.365650410915669175e-03 -1.565719999999999890e-01 5.759312192884125797e-02 7.801909644548373976e-03 9.983096526190597952e-01 1.523320000000000007e+01
9.982379797224738560e-01 6.800065381302395143e-03 -5.894654315906797809e-02 -6.394819999999999949e-01 -7.161550429914374100e-03 9.999568122355667610e-01 -5.923331758667339450e-03 -1.693300000000000083e-01 5.890371834641378729e-02 6.335043369500841653e-03 9.982435670669121963e-01 1.613029999999999831e+01
9.981823005367642665e-01 6.813889598316139745e-03 -5.988042922086352776e-02 -6.956309999999999993e-01 -7.086311890868394331e-03 9.999654812575626828e-01 -4.338257382454285133e-03 -1.798019999999999896e-01 5.984880181689709172e-02 4.754703131956928772e-03 9.981961298859101106e-01 1.703310000000000102e+01
9.981216648600920172e-01 6.784777893885532082e-03 -6.088603227217916081e-02 -7.559169999999999501e-01 -7.030545640726443279e-03 9.999679767835782940e-01 -3.823197006523303132e-03 -1.931869999999999976e-01 6.085814296305681881e-02 4.244077790011457907e-03 9.981374024846482174e-01 1.794000000000000128e+01
9.980553448110273118e-01 5.925640609464297853e-03 -6.205171615280923036e-02 -8.089669999999999916e-01 -6.238237280816370800e-03 9.999688039379908133e-01 -4.845157010088213360e-03 -2.022839999999999916e-01 6.202106972448613587e-02 5.222828179410248482e-03 9.980611749667646082e-01 1.884890000000000043e+01
9.980835606653296610e-01 5.409816127772144011e-03 -6.164365189604462808e-02 -9.118549999999999711e-01 -5.741718462991822654e-03 9.999699524690351948e-01 -5.208342170701491490e-03 -2.070450000000000068e-01 6.161362348303148911e-02 5.552301193114897275e-03 9.980846323597774017e-01 1.975110000000000099e+01
9.979757372136849325e-01 5.678861837900314562e-03 -6.334175921955476074e-02 -9.638360000000000261e-01 -5.879224959265940721e-03 9.999782850612225493e-01 -2.977267185644019709e-03 -2.212429999999999952e-01 6.332347626812945274e-02 3.343640866242622925e-03 9.979874535379076317e-01 2.069040000000000035e+01
9.980027111572723486e-01 6.615550848188172899e-03 -6.282374558802639175e-02 -1.031619999999999981e+00 -6.622508176901994829e-03 9.999780662001177545e-01 9.748907444210399870e-05 -2.266970000000000096e-01 6.282301256849193161e-02 3.187564082588826013e-04 9.980246327051107702e-01 2.162290000000000134e+01
9.980336430258955893e-01 6.705697257320666557e-03 -6.232079117559582299e-02 -1.093380000000000019e+00 -6.482149555521498144e-03 9.999718139473278145e-01 3.788541675979456742e-03 -2.313769999999999993e-01 6.234443941201903844e-02 -3.377119361814572701e-03 9.980489797295607479e-01 2.255839999999999890e+01
9.981624333583366537e-01 6.276547359188247230e-03 -6.026907652695610157e-02 -1.154050000000000020e+00 -5.889641426754105291e-03 9.999609073426607431e-01 6.595142933015372445e-03 -2.297369999999999968e-01 6.030811517555897255e-02 -6.228060668499286849e-03 9.981603791497041245e-01 2.349380000000000024e+01
9.983396055451932982e-01 5.132834057450411797e-03 -5.737321687343723692e-02 -1.225729999999999986e+00 -4.709371030378845663e-03 9.999606828857581231e-01 7.513621440191482065e-03 -2.289569999999999939e-01 5.740952729613799793e-02 -7.230954099353262970e-03 9.983245261328838049e-01 2.443840000000000146e+01
9.984632229653799262e-01 6.036030888254138166e-03 -5.508864417193456986e-02 -1.291120000000000045e+00 -5.778155139446742444e-03 9.999715972109103346e-01 4.839183262232553753e-03 -2.246960000000000068e-01 5.511628896043767323e-02 -4.513435784081620480e-03 9.984697409479430519e-01 2.539450000000000074e+01
9.985464870662802417e-01 8.149521480655104108e-03 -5.327756063510549756e-02 -1.345159999999999911e+00 -8.151544582746637554e-03 9.999667595279834176e-01 1.793321491198586969e-04 -2.311429999999999874e-01 5.327725113504351573e-02 2.552229232553685227e-04 9.985797260973972023e-01 2.635030000000000072e+01
9.986084457200383735e-01 8.138223853457630941e-03 -5.210510002984441308e-02 -1.392730000000000024e+00 -8.294117015354787043e-03 9.999617489803395154e-01 -2.776364370161423130e-03 -2.396189999999999987e-01 5.208051228189562037e-02 3.204666705183687597e-03 9.986377473096857971e-01 2.731190000000000140e+01
9.986634797391219509e-01 6.728183951582649043e-03 -5.124437311609786327e-02 -1.435210000000000097e+00 -6.820486801570197107e-03 9.999754173137723745e-01 -1.626569376394158047e-03 -2.510959999999999859e-01 5.123216953377823790e-02 1.973907003959967776e-03 9.986848193979929178e-01 2.828470000000000084e+01
9.986894430047861260e-01 2.589941712707384981e-03 -5.111446598287875537e-02 -1.481179999999999941e+00 -2.446084088515882837e-03 9.999928703895548665e-01 2.876776440907246636e-03 -2.531160000000000077e-01 5.112155223995062253e-02 -2.747975979485242637e-03 9.986886579533154062e-01 2.925590000000000046e+01
9.986401472261511314e-01 -2.337667965220627253e-03 -5.208062649983832143e-02 -1.527919999999999945e+00 2.686356900892561926e-03 9.999744382814634847e-01 6.626180670087323046e-03 -2.546590000000000242e-01 5.206380541923829458e-02 -6.757077190323729221e-03 9.986209000782587664e-01 3.024149999999999849e+01
9.985361315591494424e-01 -1.064746563314970806e-02 -5.303042001040485925e-02 -1.568259999999999987e+00 1.098753703565279530e-02 9.999208739625496944e-01 6.125344387139000125e-03 -2.623780000000000001e-01 5.296100452955184584e-02 -6.699051392681873267e-03 9.985741107747881928e-01 3.122660000000000124e+01
9.984809053884214913e-01 -9.885156856949767201e-03 -5.420484525050783126e-02 -1.612020000000000008e+00 1.002522712534296978e-02 9.999470715203331306e-01 2.312785981245427287e-03 -2.711830000000000074e-01 5.417911401825697276e-02 -2.852688525453992742e-03 9.985271582547835534e-01 3.220830000000000126e+01
9.983989471434997487e-01 -9.630661644411640798e-03 -5.573861048718388445e-02 -1.667110000000000092e+00 9.534580961771572938e-03 9.999525658005269380e-01 -1.989450885655692260e-03 -2.824289999999999856e-01 5.575512629915360674e-02 1.454821375245641656e-03 9.984434132118512606e-01 3.319109999999999872e+01
9.983154958538290602e-01 -8.885356080508810192e-03 -5.733429327589125574e-02 -1.723139999999999894e+00 8.751281725355520083e-03 9.999583548718786741e-01 -2.589129214469730947e-03 -2.833289999999999975e-01 5.735491091691104909e-02 2.083019262591503419e-03 9.983516791313894467e-01 3.418370000000000175e+01
9.982489984580571463e-01 -1.074299156213936839e-02 -5.816807723985469719e-02 -1.782310000000000061e+00 1.071645057120320689e-02 9.999422821026046071e-01 -7.682125943673429914e-04 -2.985459999999999781e-01 5.817297280216009864e-02 1.435121283672326328e-04 9.983065083628516190e-01 3.520360000000000156e+01
9.981974497553822712e-01 -9.449586368207507289e-03 -5.926682562210487670e-02 -1.847609999999999975e+00 9.566624827089672059e-03 9.999528084235367320e-01 1.691335359796641239e-03 -2.982219999999999871e-01 5.924804630761179580e-02 -2.255270128249331919e-03 9.982407438916625075e-01 3.620239999999999725e+01
9.981818591466840029e-01 -6.399075460445980551e-03 -5.993352904444310125e-02 -1.913399999999999990e+00 6.603270437694560777e-03 9.999730473276472464e-01 3.209585298104433541e-03 -3.107389999999999874e-01 5.991137529715251375e-02 -3.599507120517627182e-03 9.981972103039024047e-01 3.720879999999999654e+01
9.981683729333122868e-01 -6.820717448121637466e-03 -6.011137237791901872e-02 -1.990650000000000031e+00 7.156704304886487428e-03 9.999599399323855220e-01 5.375882617056916210e-03 -3.044720000000000204e-01 6.007229693591194936e-02 -5.796235322417866986e-03 9.981772000987253479e-01 3.822120000000000317e+01
9.981839733049735486e-01 -6.456807900396308898e-03 -5.989211190827431475e-02 -2.048280000000000101e+00 7.002983565590864025e-03 9.999357481467205933e-01 8.913910445938434332e-03 -3.152710000000000234e-01 5.983070832169662401e-02 -9.317146022013710407e-03 9.981650550543874623e-01 3.922259999999999991e+01
9.981763125493824385e-01 -2.013924328552097257e-03 -6.033235594700819132e-02 -2.119699999999999918e+00 2.683178472462232136e-03 9.999357459947870730e-01 1.101382926750093909e-02 -3.113219999999999876e-01 6.030629833278231683e-02 -1.115562596395249483e-02 9.981175794417959102e-01 4.023599999999999710e+01
9.981805850184291007e-01 -6.368164950376943318e-04 -6.029190789001787759e-02 -2.179170000000000051e+00 1.288387961695076651e-03 9.999411859668025926e-01 1.076868904577778403e-02 -3.185879999999999823e-01 6.028150420093141698e-02 -1.082677569990914308e-02 9.981226984590707563e-01 4.122829999999999728e+01
9.981674571552308084e-01 -1.367219333063061319e-03 -6.049676179396529241e-02 -2.234599999999999920e+00 1.919568687116459185e-03 9.999569965383211523e-01 9.073055169867441302e-03 -3.202479999999999771e-01 6.048175536734959334e-02 -9.172556097147342366e-03 9.981271569706581248e-01 4.222440000000000282e+01
9.981927073433025654e-01 2.308421398342285543e-03 -6.004989756274117796e-02 -2.294740000000000002e+00 -1.907051201000448375e-03 9.999754647998879697e-01 6.740397166697910218e-03 -3.270950000000000246e-01 6.006398390354070194e-02 -6.613697067128333253e-03 9.981726187632775638e-01 4.323649999999999949e+01
9.981322971121581178e-01 1.839854882357609429e-03 -6.106170973383003714e-02 -2.351080000000000059e+00 -1.433542912894156859e-03 9.999765455452763740e-01 6.697261683160923157e-03 -3.335080000000000267e-01 6.107259955432992743e-02 -6.597218606936518584e-03 9.981115239743145739e-01 4.421609999999999729e+01
9.980716176026571684e-01 -7.880219634826559315e-04 -6.206790762866431360e-02 -2.408679999999999932e+00 1.286815697798455484e-03 9.999671979513292674e-01 7.996694737637982317e-03 -3.370909999999999740e-01 6.205957010304886251e-02 -8.061144010135067386e-03 9.980398928479125020e-01 4.519980000000000331e+01
9.980385560178115512e-01 -8.098810115380454012e-04 -6.259700308025069326e-02 -2.466289999999999871e+00 1.375604878918146919e-03 9.999585981033970450e-01 8.994986954192121104e-03 -3.388240000000000141e-01 6.258712657646826882e-02 -9.063452534003802602e-03 9.979983494049803339e-01 4.621110000000000184e+01
9.980093512840239045e-01 7.409230731220675312e-04 -6.306176165190319205e-02 -2.531000000000000139e+00 -3.392816266813822768e-04 9.999795933056946362e-01 6.379487452399680743e-03 -3.555459999999999732e-01 6.306520147925898101e-02 -6.345392436819324682e-03 9.979892365938638488e-01 4.717730000000000246e+01
9.979871821308646807e-01 3.676583447662309760e-03 -6.330929660522863212e-02 -2.595239999999999991e+00 -3.591757930444113359e-03 9.999924931080650392e-01 1.453617035447700044e-03 -3.592910000000000270e-01 6.331416569351230872e-02 -1.223299500951202786e-03 9.979928957466909223e-01 4.816360000000000241e+01
9.979240931459825159e-01 4.477468926279545326e-03 -6.424528458013616106e-02 -2.660690000000000222e+00 -4.461966972415219897e-03 9.999899713509819987e-01 3.847703202182449229e-04 -3.713859999999999939e-01 6.424636308387858541e-02 -9.731123494329690406e-05 9.979340636339747439e-01 4.914070000000000249e+01
9.979272004294564846e-01 3.841694097582618733e-03 -6.423818202197137395e-02 -2.723800000000000221e+00 -3.627384080898138873e-03 9.999874611736049301e-01 3.452474518011013072e-03 -3.740640000000000076e-01 6.425063990153695448e-02 -3.212301671460431399e-03 9.979286228935486669e-01 5.011880000000000024e+01
9.979688326207550864e-01 -7.381158620791900601e-04 -6.369979829278495098e-02 -2.784800000000000164e+00 1.183447839433092712e-03 9.999751227421608268e-01 6.953657168113755796e-03 -3.818869999999999765e-01 6.369308101182326320e-02 -7.014918515169350083e-03 9.979448794144127888e-01 5.110569999999999879e+01
9.979225067140756744e-01 -1.490093454365369607e-03 -6.440846384593335028e-02 -2.848590000000000177e+00 1.996278679388219061e-03 9.999676232076584181e-01 7.795345268859865326e-03 -3.820720000000000227e-01 6.439476271351471381e-02 -7.907727734550130602e-03 9.978931718260960482e-01 5.206239999999999668e+01
9.979191703337280117e-01 -4.790796460567270029e-03 -6.429912713029044269e-02 -2.902620000000000200e+00 5.226330195137782186e-03 9.999645154406285874e-01 6.607066843929937199e-03 -3.929119999999999835e-01 6.426519239164561748e-02 -6.929367132876086514e-03 9.979087978958810501e-01 5.302250000000000085e+01
9.978860266898983422e-01 -8.081750419740333161e-03 -6.448382004193257966e-02 -2.953139999999999876e+00 8.437442239720012796e-03 9.999506455826558948e-01 5.245566440426662272e-03 -4.060340000000000060e-01 6.443824412178460193e-02 -5.778555959975541223e-03 9.979049659088377044e-01 5.399980000000000047e+01
9.978031541435639085e-01 -8.316147690673013002e-03 -6.572447998076551279e-02 -3.016039999999999832e+00 8.746227121823218695e-03 9.999421647552763082e-01 6.258646472294781063e-03 -4.095179999999999931e-01 6.566863096097418084e-02 -6.819738420100720372e-03 9.978181808704392752e-01 5.494050000000000011e+01
9.977368418619713131e-01 -1.167897404664400458e-02 -6.621779184265655371e-02 -3.066980000000000040e+00 1.238501208463643928e-02 9.998706442023329588e-01 1.026188764678054137e-02 -4.119149999999999756e-01 6.608937786787666413e-02 -1.105877152443043680e-02 9.977524230516343628e-01 5.591129999999999711e+01
9.976248958787092835e-01 -1.460131530623092616e-02 -6.731544187125609868e-02 -3.122440000000000104e+00 1.566796850215575881e-02 9.997594947736270221e-01 1.534494617121798937e-02 -4.152080000000000215e-01 6.707519575826736968e-02 -1.636319654927328310e-02 9.976137348255986748e-01 5.685710000000000264e+01
9.976119902101240333e-01 -1.347127826957436950e-02 -6.774098944346128304e-02 -3.188390000000000057e+00 1.469023557313097611e-02 9.997384394798743967e-01 1.752853687993992035e-02 -4.089149999999999729e-01 6.748713927706047333e-02 -1.848180965514984939e-02 9.975489505503323251e-01 5.780210000000000292e+01
9.975797413517969447e-01 -1.171462902782652131e-02 -6.853777871526187115e-02 -3.251430000000000042e+00 1.270409586963241501e-02 9.998210238119743520e-01 1.401878353176622821e-02 -4.143430000000000168e-01 6.836128723639561811e-02 -1.485556496117652545e-02 9.975500221026849523e-01 5.876019999999999754e+01
9.975079218657024738e-01 -8.047380074571895345e-03 -7.009411879111572541e-02 -3.316040000000000099e+00 8.531579233188800807e-03 9.999417503689228548e-01 6.611204498629999135e-03 -4.256759999999999988e-01 7.003683295920427876e-02 -7.192742388704546214e-03 9.975184742579830122e-01 5.967549999999999955e+01
9.974719048718293513e-01 -5.832872441731053875e-03 -7.082214759835198103e-02 -3.385120000000000129e+00 5.946836961612736103e-03 9.999813396000161170e-01 1.398421220230350835e-03 -4.380609999999999782e-01 7.081266921615267385e-02 -1.816053643395028425e-03 9.974879787885405635e-01 6.059859999999999758e+01
9.974490945436497169e-01 -1.576995698404775291e-03 -7.136397465542713980e-02 -3.452650000000000219e+00 1.714828167708212173e-03 9.999967808981591322e-01 1.870175840511891386e-03 -4.374520000000000075e-01 7.136079566826920850e-02 -1.987782152654736512e-03 9.974485879300772906e-01 6.151030000000000086e+01
9.973608237164873769e-01 4.268344358303357558e-04 -7.260306555465831369e-02 -3.522330000000000183e+00 -1.111887550588501266e-04 9.999905258270781472e-01 4.351539169592341660e-03 -4.543800000000000061e-01 7.260423508742702703e-02 -4.331982046146699156e-03 9.973514220067676295e-01 6.240359999999999729e+01
9.972695481832611897e-01 1.935217443423441555e-03 -7.382210508920028502e-02 -3.592620000000000147e+00 -1.496157766359671598e-03 9.999808663300272515e-01 6.002373346137358442e-03 -4.623550000000000160e-01 7.383230849900618287e-02 -5.875534639071425952e-03 9.972533621474598542e-01 6.329110000000000014e+01
9.972021171019382901e-01 3.687738495910010406e-03 -7.466149095884624942e-02 -3.654749999999999943e+00 -3.268845543619349446e-03 9.999782292638372816e-01 5.731984575390008073e-03 -4.748740000000000183e-01 7.468100358340168388e-02 -5.471890271773769375e-03 9.971924619252943156e-01 6.417260000000000275e+01
9.970803350544016341e-01 5.366979226081207595e-03 -7.617086701481705358e-02 -3.718859999999999832e+00 -4.877838493004501598e-03 9.999662817132369819e-01 6.606218906403431984e-03 -4.859829999999999983e-01 7.620375410331366173e-02 -6.215381773469055154e-03 9.970728944715987474e-01 6.501730000000000587e+01
9.969658561612371184e-01 6.154330721683183222e-03 -7.759642944143509136e-02 -3.785169999999999924e+00 -5.596706483180743583e-03 9.999569454081500552e-01 7.401635396534468614e-03 -4.948609999999999953e-01 7.763864067094806976e-02 -6.944893330372747114e-03 9.969573761858614436e-01 6.588009999999999877e+01
9.968384547053581457e-01 5.768675349917820432e-03 -7.924530020979723977e-02 -3.847399999999999931e+00 -5.176350704962882042e-03 9.999571262095926505e-01 7.677964315624190642e-03 -5.048420000000000130e-01 7.928619434689036793e-02 -7.243488618063721046e-03 9.968255771490953654e-01 6.670029999999999859e+01
9.967475490211664679e-01 6.125658828100591542e-03 -8.035421472591904035e-02 -3.909460000000000157e+00 -5.435026668431317161e-03 9.999464141302671916e-01 8.810752132117396704e-03 -5.133860000000000090e-01 8.040388053701656712e-02 -8.345368292764806031e-03 9.967274305559404857e-01 6.750920000000000698e+01
9.966410385769908231e-01 8.248298688593691877e-03 -8.147763983401115628e-02 -3.975509999999999877e+00 -7.358146865631745408e-03 9.999099880236060889e-01 1.121933711658653840e-02 -5.166399999999999881e-01 8.156284631424343123e-02 -1.058212735585648684e-02 9.966120211404955187e-01 6.832160000000000366e+01
9.965133499937443018e-01 9.419394536911864999e-03 -8.290005000483005593e-02 -4.045049999999999812e+00 -8.190264144801584836e-03 9.998516228997904598e-01 1.515426533665149671e-02 -5.170120000000000271e-01 8.303049353992608683e-02 -1.442245441016384334e-02 9.964426375618934406e-01 6.910620000000000118e+01
9.963508396823858027e-01 1.106996343355481048e-02 -8.463131910696239379e-02 -4.109169999999999767e+00 -9.648382370959459817e-03 9.998057226677764531e-01 1.718795038359824390e-02 -5.205959999999999477e-01 8.480514714230791284e-02 -1.630867346981463434e-02 9.962640785393330756e-01 6.987869999999999493e+01
9.962387172564793891e-01 1.404504673642735166e-02 -8.550529165692641320e-02 -4.172290000000000276e+00 -1.291728664826835918e-02 9.998223216956252379e-01 1.372839192389506066e-02 -5.355480000000000240e-01 8.568291512787684638e-02 -1.257225919797911803e-02 9.962431311451275251e-01 7.063460000000000605e+01
9.960771414737061846e-01 1.544688190572629342e-02 -8.713048876805927490e-02 -4.237879999999999647e+00 -1.498157150821355539e-02 9.998698168403329367e-01 5.991818323632590662e-03 -5.389049999999999674e-01 8.721170075577382164e-02 -4.662961620009446750e-03 9.961788875700064994e-01 7.136950000000000216e+01
9.959748582467998768e-01 1.552563298920632030e-02 -8.827817658148279234e-02 -4.297589999999999577e+00 -1.556795536171378704e-02 9.998787901755441521e-01 2.091003246390925048e-04 -5.527050000000000018e-01 8.827072281409434340e-02 1.166052046242231719e-03 9.960958386704076295e-01 7.207829999999999870e+01
9.958890719926651869e-01 1.773595689849769008e-02 -8.882787917361753549e-02 -4.359359999999999680e+00 -1.789448599361941755e-02 9.998393921292715314e-01 -9.885937451558086519e-04 -5.581970000000000542e-01 8.879607906102793269e-02 2.574058947156189145e-03 9.960465002016342106e-01 7.277370000000000516e+01
9.958041479673314100e-01 1.858735392428845570e-02 -8.960250646689767173e-02 -4.427330000000000432e+00 -1.845828414132918635e-02 9.998270568553729865e-01 2.268948320439946077e-03 -5.681789999999999896e-01 8.962918407313076596e-02 -6.055196248763251637e-04 9.959750211267192066e-01 7.345319999999999538e+01
9.957148275754785782e-01 1.767733678835609404e-02 -9.077165807897272232e-02 -4.484479999999999578e+00 -1.732700734259929806e-02 9.998390813461466298e-01 4.646098303218952966e-03 -5.815989999999999771e-01 9.083918187040443404e-02 -3.053387784854110377e-03 9.958608938301327651e-01 7.410869999999999891e+01
9.956612530210529055e-01 1.493566226032703483e-02 -9.184549648944398403e-02 -4.536059999999999981e+00 -1.486326968347074541e-02 9.998884517063487687e-01 1.472195162759821173e-03 -5.896329999999999627e-01 9.185723949076329831e-02 -1.006832969101047496e-04 9.957721814833001561e-01 7.473489999999999611e+01
9.957609612849070979e-01 7.221254654949330748e-03 -9.169493694946365125e-02 -4.584030000000000271e+00 -7.599495690640728149e-03 9.999639921846817936e-01 -3.776506232164386027e-03 -6.042570000000000441e-01 9.166436410189990336e-02 4.457332754239474309e-03 9.957799840017433901e-01 7.534879999999999711e+01
9.958905693686124216e-01 4.055545854579204954e-03 -9.047389894595231352e-02 -4.637439999999999785e+00 -4.847204368570752833e-03 9.999518525755211051e-01 -8.532124037581741843e-03 -6.171400000000000219e-01 9.043494044046412883e-02 8.935607343923353263e-03 9.958622778622177041e-01 7.594610000000000127e+01
9.961448925367021312e-01 5.768154350946817777e-03 -8.753331633398608869e-02 -4.680570000000000341e+00 -6.570130733554883917e-03 9.999390176817564146e-01 -8.876615334005374600e-03 -6.294340000000000490e-01 8.747677666207198666e-02 9.417500359838329796e-03 9.961220428400258120e-01 7.652719999999999345e+01
9.964579616693641784e-01 1.074042612490079540e-02 -8.340368020891836265e-02 -4.733220000000000205e+00 -1.128340432934748366e-02 9.999180885702254606e-01 -6.041600517029391791e-03 -6.364570000000000505e-01 8.333195913019467160e-02 6.961278382772506830e-03 9.964975289436502903e-01 7.709310000000000684e+01
9.968661695365769182e-01 9.347962958225285168e-03 -7.855224772089054730e-02 -4.770050000000000345e+00 -9.602586227312290279e-03 9.999497917087950549e-01 -2.864332258015683721e-03 -6.486199999999999743e-01 7.852152807491420694e-02 3.609660658417195977e-03 9.969058832100006207e-01 7.764860000000000184e+01
9.973174907285723423e-01 5.522601797774609640e-03 -7.298851660533529906e-02 -4.793280000000000207e+00 -5.440796619450347267e-03 9.999843281078977242e-01 1.319572181486856769e-03 -6.593710000000000404e-01 7.299466020888013829e-02 -9.189167424706963429e-04 9.973319082296577820e-01 7.817810000000000059e+01
9.979083604471085112e-01 7.081413673141823475e-04 -6.464056532524715959e-02 -4.814890000000000114e+00 -3.800453674939700127e-04 9.999869845734510321e-01 5.087853104718279874e-03 -6.721700000000000452e-01 6.464332691997136393e-02 -5.052644802521097551e-03 9.978956413699867634e-01 7.871080000000000609e+01
9.985248899979181081e-01 3.795410806622067680e-03 -5.416307701243180256e-02 -4.836479999999999890e+00 -3.506946027293729277e-03 9.999791627533084482e-01 5.419906710826411129e-03 -6.829650000000000443e-01 5.418251917553567470e-02 -5.221964764472167807e-03 9.985173937893077056e-01 7.921680000000000632e+01
9.991915931233312786e-01 9.408540388639205845e-03 -3.908503037499714422e-02 -4.854429999999999801e+00 -9.219198217151914135e-03 9.999448925198206606e-01 5.021783324389709688e-03 -6.892230000000000301e-01 3.913012414869095762e-02 -4.657391037866630279e-03 9.992232693911948793e-01 7.971179999999999666e+01
9.996762789324089571e-01 1.457075458701051485e-02 -2.085738359952404170e-02 -4.855459999999999887e+00 -1.445949898544780440e-02 9.998804663369252888e-01 5.475027574607572826e-03 -6.917849999999999833e-01 2.093466572320695773e-02 -5.171667875839616561e-03 9.997674697760673412e-01 8.020480000000000587e+01
9.999099741572836653e-01 1.338856342551691253e-02 8.887914160393608348e-04 -4.840880000000000294e+00 -1.339378044720177310e-02 9.998913911221670725e-01 6.149195484737074793e-03 -6.963859999999999495e-01 -8.063659916377327250e-04 -6.160546175321322815e-03 9.999806985360814027e-01 8.066750000000000398e+01
9.995886550078685318e-01 9.482228713361176217e-03 2.706673453129907966e-02 -4.802740000000000009e+00 -9.684748158456052067e-03 9.999260081878776907e-01 7.360964784832385067e-03 -7.048569999999999558e-01 -2.699493346292209869e-02 -7.620071396238306018e-03 9.996065266289774209e-01 8.113179999999999836e+01
9.983754628883291238e-01 8.343363889158243035e-03 5.636331592026685294e-02 -4.750350000000000072e+00 -8.861785380937296092e-03 9.999206425575127843e-01 8.954180433351105819e-03 -7.103450000000000042e-01 -5.628413508598068687e-02 -9.439113643975901094e-03 9.983701714650929926e-01 8.156709999999999638e+01
9.959531431935949586e-01 7.870267375853437150e-03 8.952874093960662416e-02 -4.686119999999999841e+00 -8.879811764701478830e-03 9.999013443850257588e-01 1.088349392619884781e-02 -7.127729999999999899e-01 -8.943425241942869197e-02 -1.163444835180056994e-02 9.959247733166031180e-01 8.199540000000000362e+01
9.918509857135235919e-01 7.388169308760648979e-03 1.271889818080821077e-01 -4.600480000000000125e+00 -8.930667290008756365e-03 9.998932804012327091e-01 1.156161711080598391e-02 -7.147759999999999669e-01 -1.270899890662782472e-01 -1.260328380727821461e-02 9.918111170562701195e-01 8.243420000000000414e+01
9.857552981718037399e-01 7.651454957552656332e-03 1.680117476941741794e-01 -4.494570000000000398e+00 -9.813369432038032691e-03 9.998793473616548466e-01 1.204111705870920812e-02 -7.172380000000000422e-01 -1.678993445687285424e-01 -1.351835628557478131e-02 9.857114507485076338e-01 8.283880000000000621e+01
9.770295938579787176e-01 7.172910621774455930e-03 2.129829149930226040e-01 -4.373499999999999943e+00 -1.000205917798769467e-02 9.998754428274004846e-01 1.220891653299925259e-02 -7.197379999999999889e-01 -2.128688129762391912e-01 -1.405874048134275744e-02 9.769796416907391423e-01 8.324070000000000391e+01
9.650658642450333780e-01 9.102046921431091939e-03 2.618492513085094453e-01 -4.230240000000000222e+00 -1.227953094018403336e-02 9.998694618016448210e-01 1.050107024918711489e-02 -7.231849999999999667e-01 -2.617194887448696106e-01 -1.334961041863643762e-02 9.650516551526113762e-01 8.363500000000000512e+01
9.492910721787657380e-01 9.505238988272794384e-03 3.142548499442213705e-01 -4.065750000000000419e+00 -1.286584993600649492e-02 9.998800629217604596e-01 8.621466058656001435e-03 -7.324370000000000047e-01 -3.141352100403795866e-01 -1.222743649961898632e-02 9.492995099595987751e-01 8.398720000000000141e+01
9.290219655954363720e-01 9.791119279408604797e-03 3.698950140572971335e-01 -3.874950000000000117e+00 -1.311072456972860872e-02 9.998931732334176425e-01 6.461503111757718049e-03 -7.341050000000000075e-01 -3.697922340212789760e-01 -1.085246997060729940e-02 9.290510898508695936e-01 8.434290000000000020e+01
9.045082134757915782e-01 9.902447686287398423e-03 4.263412169667063489e-01 -3.671380000000000088e+00 -1.336599241378915413e-02 9.998974983397157512e-01 5.132549149569128055e-03 -7.382159999999999833e-01 -4.262466914846687605e-01 -1.034090633351610056e-02 9.045478559228223858e-01 8.465909999999999513e+01
8.753678346478147576e-01 1.038719192505554827e-02 4.833459013045502406e-01 -3.446549999999999780e+00 -1.345680011746088096e-02 9.999052972018073193e-01 2.882907970119145697e-03 -7.309039999999999981e-01 -4.832701817768138008e-01 -9.027894088741432455e-03 8.754247132299428635e-01 8.496250000000000568e+01
8.414483174617329864e-01 8.327659158086433977e-03 5.402734299720518552e-01 -3.184629999999999850e+00 -1.092172957614493539e-02 9.999390805485438571e-01 1.597189656365723652e-03 -7.465079999999999494e-01 -5.402272159599924573e-01 -7.244672848347248097e-03 8.414880093331313926e-01 8.525190000000000623e+01
8.044798907247560082e-01 7.694969392602346754e-03 5.939300403797836969e-01 -2.935869999999999980e+00 -1.007241668511330013e-02 9.999490354076248089e-01 6.877568480776713282e-04 -7.477099999999999858e-01 -5.938944787094809774e-01 -6.535597402498075428e-03 8.045163976731527500e-01 8.549899999999999523e+01
7.643114386318934361e-01 5.787681831248983957e-03 6.448213144084690152e-01 -2.646570000000000089e+00 -9.328363456560904640e-03 9.999543229307666925e-01 2.081751016390318097e-03 -7.563290000000000290e-01 -6.447798123481128796e-01 -7.606233699550222008e-03 7.643305167250881160e-01 8.575000000000000000e+01
7.212942137733789894e-01 5.000046757715512907e-03 6.926107541104626897e-01 -2.377740000000000187e+00 -1.075007597304189835e-02 9.999343090250774058e-01 3.976619307257739031e-03 -7.551210000000000422e-01 -6.925453725523094128e-01 -1.031393072313782459e-02 7.213005821357842962e-01 8.595470000000000255e+01
6.758815650383293017e-01 3.501770464566877558e-03 7.370019319139889946e-01 -2.076690000000000147e+00 -1.030401502108284871e-02 9.999358739850443545e-01 4.698424439205336686e-03 -7.547789999999999777e-01 -7.369382181131495235e-01 -1.076965744019326050e-02 6.758743057424486667e-01 8.615279999999999916e+01
6.287620286272584957e-01 1.857591033226953323e-03 7.775955637168256995e-01 -1.743859999999999966e+00 -7.646962733346843524e-03 9.999635621522670048e-01 3.794512973228564463e-03 -7.561700000000000088e-01 -7.775601811548025211e-01 -8.332089972058039085e-03 6.287533228216040104e-01 8.635620000000000118e+01
5.821298474701295245e-01 -1.747730229147767024e-03 8.130939589761135844e-01 -1.442679999999999962e+00 -2.538296032181058814e-03 9.999889109695935252e-01 3.966735572138791084e-03 -7.736910000000000176e-01 -8.130918753361496831e-01 -4.373028343422949958e-03 5.821189559578443529e-01 8.650549999999999784e+01
5.346921420766806987e-01 -3.380458117714635596e-04 8.450468619706720252e-01 -1.107990000000000030e+00 -4.184226796037334231e-03 9.999866022819952072e-01 3.047540423061452248e-03 -7.753309999999999924e-01 -8.450365704793906252e-01 -5.165363640636950679e-03 5.346835639617978364e-01 8.667189999999999372e+01
4.875024375437404522e-01 2.599907693269429537e-03 8.731177548698103585e-01 -7.983179999999999721e-01 -8.350163411821929713e-03 9.999637176778009007e-01 1.684665838447254455e-03 -7.728779999999999539e-01 -8.730816961544363153e-01 -8.111954633615702653e-03 4.875064594773230731e-01 8.679359999999999786e+01
4.414735534118018889e-01 4.097861342853011124e-03 8.972649046799788808e-01 -4.651390000000000247e-01 -9.677639134472657001e-03 9.999531515870456744e-01 1.947611813063110028e-04 -7.767929999999999557e-01 -8.972220711388790848e-01 -8.769387866297818218e-03 4.414925286997625209e-01 8.691280000000000427e+01
3.984881333588626839e-01 2.252056152945238181e-03 9.171707233744726961e-01 -1.007939999999999947e-01 -2.855035289784078802e-03 9.999951862822669124e-01 -1.214983863399969784e-03 -7.687939999999999774e-01 -9.171690445853827311e-01 -2.134398130203516829e-03 3.984926448492599471e-01 8.701420000000000243e+01
3.590420155270526159e-01 -6.280022287063320718e-03 9.333002691558307529e-01 2.305470000000000019e-01 1.069508130785205846e-02 9.999393892517152160e-01 2.614011997899685046e-03 -7.886849999999999694e-01 -9.332601171817482832e-01 9.043182126924016739e-03 3.590874190708011060e-01 8.708620000000000516e+01
3.230995705829308728e-01 -1.027998073980783585e-02 9.463091405482222385e-01 5.856350000000000167e-01 1.641314786660626884e-02 9.998514717576255650e-01 5.257661192873933249e-03 -7.846769999999999579e-01 -9.462226355706329084e-01 1.383316377765095306e-02 3.232203080155485742e-01 8.716230000000000189e+01
2.894190530541779216e-01 -7.121771120030822785e-03 9.571759985004515414e-01 9.542589999999999684e-01 1.314900828444119478e-02 9.999075482976960139e-01 3.463876214068359674e-03 -7.924909999999999455e-01 -9.571121748835704768e-01 1.158340336017815893e-02 2.894859399975010517e-01 8.724360000000000070e+01
2.585513890468344456e-01 5.406239792687451452e-04 9.659973534889551017e-01 1.299400000000000110e+00 2.406482661791602140e-03 9.999963799043452006e-01 -1.203752218245455335e-03 -7.923050000000000370e-01 -9.659945072634475993e-01 2.635887690603314938e-03 2.585491520638417695e-01 8.733199999999999363e+01
2.301446279720504029e-01 5.126990302147072659e-03 9.731429310158133950e-01 1.676180000000000003e+00 -3.002386860628848252e-03 9.999851034265156979e-01 -4.558354768976482889e-03 -7.974200000000000177e-01 -9.731518051613251563e-01 -1.872670687125009776e-03 2.301565928140055783e-01 8.740890000000000271e+01
2.038719700213968145e-01 6.639353865258892061e-03 9.789750450444825169e-01 2.067699999999999871e+00 -1.942806460754390417e-03 9.999777781458849546e-01 -6.377202950763582665e-03 -8.129889999999999617e-01 -9.789956309109100197e-01 -6.018261136313042027e-04 2.038803385878055208e-01 8.746089999999999520e+01
1.806725800364538670e-01 7.887141945151030648e-03 9.835116734512651115e-01 2.457580000000000098e+00 4.956058131304796194e-03 9.999478504253338507e-01 -8.929385060198691271e-03 -8.158199999999999896e-01 -9.835308110632682288e-01 6.487636063406393601e-03 1.806240689042810654e-01 8.750570000000000448e+01
1.599011627349628262e-01 1.349046977240799493e-02 9.870408428131667300e-01 2.854750000000000121e+00 1.188106547784984098e-02 9.998078822574946178e-01 -1.558970361792928576e-02 -8.243040000000000367e-01 -9.870615271801033153e-01 1.421990861797567569e-02 1.597101617298612997e-01 8.754340000000000543e+01
1.399291822441716959e-01 2.057537824618566047e-02 9.899477146630037971e-01 3.289270000000000138e+00 1.227609656653601278e-02 9.996711838138758743e-01 -2.251270097640990439e-02 -8.162169999999999703e-01 -9.900854111689387782e-01 1.530287757876127794e-02 1.396305859338955457e-01 8.758159999999999457e+01
1.221221503040622741e-01 2.164431752373142601e-02 9.922790453919925202e-01 3.722259999999999902e+00 9.954388571731368623e-03 9.996851925900670510e-01 -2.303097619128504497e-02 -8.248149999999999649e-01 -9.924651583573476099e-01 1.269012352549995885e-02 1.218682493992284677e-01 8.763060000000000116e+01
1.065861641953223526e-01 1.704459060895313627e-02 9.941573675898103257e-01 4.162729999999999819e+00 9.007143783314758984e-03 9.997954842415205379e-01 -1.810693378598318692e-02 -8.340560000000000196e-01 -9.942626720152953901e-01 1.088446697070976146e-02 1.064108425667659175e-01 8.767100000000000648e+01
9.149474961022147079e-02 1.353559871469983342e-02 9.957135624069795021e-01 4.637349999999999639e+00 9.787006815979257257e-03 9.998470995109816073e-01 -1.449110406633305655e-02 -8.506299999999999972e-01 -9.957574630859400422e-01 1.107091536016490026e-02 9.134828702138431122e-02 8.769880000000000564e+01
7.879520151673527484e-02 1.092494402034405003e-02 9.968309594991965339e-01 5.110380000000000145e+00 1.188603265784862577e-02 9.998585738913348120e-01 -1.189766547027384762e-02 -8.598160000000000247e-01 -9.968199629048332122e-01 1.278584428727096330e-02 7.865420357659225203e-02 8.772910000000000252e+01
