1 0 0 0 0 1 0 0 0 0 1 0
0.999996 -0.00228202 -0.00147708 -0.0165118 0.00228057 0.999997 -0.000986927 0.00117328 0.00147933 0.000983555 0.999998 0.579682
0.999983 -0.00255043 -0.0052244 -0.0384579 0.00253832 0.999994 -0.00232153 0.00982399 0.00523029 0.00230823 0.999984 1.26775
0.999957 -0.00355821 -0.00861409 -0.0511335 0.00353436 0.99999 -0.00278217 0.0144932 0.0086239 0.0027516 0.999959 1.99532
0.999911 -0.0013851 -0.0132492 -0.0576412 0.00133354 0.999992 -0.00389941 0.0281104 0.0132545 0.0038814 0.999905 2.75106
0.999837 -0.00312187 -0.0178026 -0.0821259 0.00304709 0.999986 -0.00422612 0.0281641 0.0178155 0.00417119 0.999833 3.51043
0.999745 -0.00169481 -0.022521 -0.0983377 0.00156178 0.999981 -0.00592332 0.0323571 0.0225306 0.00588664 0.999729 4.29594
0.999612 0.000689589 -0.0278621 -0.133582 -0.000867846 0.999979 -0.00638625 0.0149612 0.0278571 0.00640795 0.999591 5.0829
0.99949 0.00147063 -0.0319111 -0.154711 -0.00163708 0.999985 -0.00519067 -0.0147174 0.031903 0.00524026 0.999477 5.89987
0.999346 0.00466298 -0.0358685 -0.195094 -0.00476838 0.999985 -0.00285354 -0.0913463 0.0358546 0.0030227 0.999352 6.70777
0.999194 0.00486929 -0.039857 -0.225073 -0.00487392 0.999988 -1.90605e-05 -0.144407 0.0398565 0.000213305 0.999205 7.51991
0.999118 0.00337409 -0.0418578 -0.266989 -0.00338459 0.999994 -0.000179965 -0.114607 0.041857 0.000321478 0.999124 8.33934
0.999051 -0.00599146 -0.0431323 -0.299295 0.00585848 0.999978 -0.00320884 -0.0310703 0.0431506 0.0029531 0.999064 9.18259
0.998971 -0.00770455 -0.0447038 -0.329878 0.00755137 0.999965 -0.00359456 -0.0149892 0.0447299 0.00325328 0.998994 10.025
0.998813 -0.0101973 -0.0476341 -0.365869 0.0100663 0.999945 -0.00298841 -0.0119285 0.047662 0.00250536 0.99886 10.8944
0.998743 -0.0113561 -0.048832 -0.407767 0.0112409 0.999933 -0.00263267 -0.0372211 0.0488586 0.00208044 0.998804 11.7602
0.998705 -0.00997505 -0.0498928 -0.458499 0.00977341 0.999943 -0.00428364 -0.0492924 0.0499327 0.00379047 0.998745 12.6264
0.998632 -0.0102514 -0.0512645 -0.51031 0.00994205 0.999931 -0.00628591 -0.0437854 0.0513254 0.00576764 0.998665 13.5077
0.998628 -0.00834775 -0.0517034 -0.569958 0.00794076 0.999936 -0.00807185 -0.0368943 0.0517675 0.0076502 0.99863 14.4216
0.998555 -0.00668212 -0.0533188 -0.615839 0.00621106 0.99994 -0.00899554 -0.0580984 0.0533758 0.00865138 0.998537 15.3285
0.998501 -0.00793705 -0.0541619 -0.648574 0.00750999 0.999939 -0.00808383 -0.0786203 0.0542228 0.00766495 0.9985 16.2472
0.998471 -0.0087318 -0.0545891 -0.700492 0.00836845 0.999941 -0.006881 -0.0854354 0.054646 0.00641365 0.998485 17.1653
0.998384 -0.00934933 -0.0560445 -0.751772 0.00904271 0.999943 -0.00572212 -0.141072 0.0560948 0.00520609 0.998412 18.0832
0.998359 -0.00874677 -0.0565907 -0.795699 0.00838073 0.999942 -0.00670231 -0.150685 0.056646 0.00621705 0.998375 19.0042
0.998269 -0.0104957 -0.0578721 -0.852128 0.0100688 0.99992 -0.00766264 -0.155104 0.0579479 0.00706667 0.998295 19.9405
0.9984 -0.00820569 -0.0559395 -0.906993 0.00789183 0.999952 -0.00582936 -0.157578 0.0559846 0.00537857 0.998417 20.8785
0.998467 -0.00763861 -0.0548279 -0.971563 0.00750877 0.999969 -0.00257375 -0.17164 0.0548459 0.00215811 0.998493 21.8276
0.998454 -0.00781245 -0.0550367 -1.05492 0.00781889 0.999969 -9.83138e-05 -0.182548 0.0550358 -0.000332163 0.998484 22.7805
0.998544 -0.0068482 -0.0535155 -1.11511 0.00699653 0.999972 0.00258482 -0.206963 0.0534963 -0.00295548 0.998564 23.7335
0.998669 -0.00585224 -0.0512454 -1.17005 0.00602331 0.999977 0.00318447 -0.234662 0.0512256 -0.0034889 0.998681 24.6991
0.998756 -0.00597994 -0.0495144 -1.22193 0.00604489 0.999981 0.00116212 -0.257893 0.0495065 -0.00145998 0.998773 25.6484
0.998905 -0.00503855 -0.0465162 -1.27871 0.0049033 0.999983 -0.00302108 -0.283368 0.0465306 0.00278969 0.998913 26.6152
0.999021 -0.00336943 -0.044102 -1.32646 0.00307927 0.999973 -0.00664558 -0.311055 0.0441232 0.00650328 0.999005 27.601
0.999094 -0.00455462 -0.0423087 -1.37617 0.00431138 0.999974 -0.00583847 -0.332032 0.0423342 0.00565077 0.999088 28.5923
0.999151 -0.00645387 -0.0407013 -1.41552 0.00641852 0.999979 -0.000999234 -0.337436 0.0407069 0.000737145 0.999171 29.5952
0.999077 -0.0111608 -0.0414833 -1.4554 0.0112236 0.999936 0.00128054 -0.332559 0.0414664 -0.00174495 0.999138 30.6069
0.998944 -0.0186611 -0.041991 -1.48586 0.0186825 0.999825 0.000117558 -0.325877 0.0419815 -0.00090193 0.999118 31.6299
0.998923 -0.0179664 -0.0427828 -1.51622 0.0178302 0.999835 -0.00356182 -0.322184 0.0428397 0.00279516 0.999078 32.6537
0.998867 -0.0178136 -0.0441202 -1.55345 0.0175364 0.999824 -0.00666294 -0.321562 0.0442311 0.00588169 0.999004 33.6525
0.998809 -0.0167154 -0.0458398 -1.59559 0.0163634 0.999834 -0.00804473 -0.326026 0.0459667 0.00728506 0.998916 34.669
0.998859 -0.015485 -0.0451708 -1.63483 0.0152267 0.999866 -0.00605723 -0.338945 0.0452586 0.00536252 0.998961 35.7013
0.998809 -0.0129893 -0.0470323 -1.69116 0.0128193 0.99991 -0.00391528 -0.342988 0.047079 0.0033077 0.998886 36.7274
0.9988 -0.0131702 -0.0471762 -1.74351 0.0129994 0.999908 -0.00392686 -0.380079 0.0472236 0.00330889 0.998879 37.7598
0.998745 -0.0081642 -0.0494196 -1.80346 0.00804265 0.999964 -0.00265799 -0.477943 0.0494395 0.0022572 0.998775 38.7808
0.998713 -0.0117518 -0.0493419 -1.8492 0.0118494 0.999928 0.00168572 -0.386344 0.0493186 -0.00226822 0.998781 39.7898
0.99873 -0.0104424 -0.0492981 -1.90516 0.0106039 0.999939 0.00301483 -0.339432 0.0492636 -0.00353375 0.99878 40.8265
0.998682 -0.0114064 -0.0500476 -1.95378 0.0115809 0.999928 0.00319681 -0.332495 0.0500076 -0.00377219 0.998742 41.8706
0.998714 -0.00969977 -0.0497542 -2.01045 0.00984184 0.999948 0.00261105 -0.339357 0.0497263 -0.00309736 0.998758 42.8855
0.998788 -0.00459907 -0.0490084 -2.0683 0.00464176 0.999989 0.00075732 -0.344103 0.0490044 -0.000983885 0.998798 43.91
0.9987 -0.00483859 -0.0507393 -2.12141 0.00488251 0.999988 0.0007417 -0.364372 0.0507351 -0.000988469 0.998712 44.9362
0.998593 -0.00746902 -0.0525024 -2.17002 0.00759894 0.999968 0.00227523 -0.374855 0.0524837 -0.00267099 0.998618 45.9559
0.998552 -0.00800132 -0.0531981 -2.24555 0.0081224 0.999965 0.00206016 -0.386135 0.0531797 -0.00248927 0.998582 47.0089
0.9985 -0.00714411 -0.0542865 -2.31567 0.00716036 0.999974 0.000104779 -0.3918 0.0542843 -0.00049333 0.998526 48.0359
0.998492 -0.00452967 -0.0547174 -2.38585 0.00432584 0.999983 -0.00384308 -0.39101 0.0547339 0.00360059 0.998495 49.0567
0.998397 -0.00394372 -0.056466 -2.45943 0.00368453 0.999982 -0.00469368 -0.400058 0.0564835 0.00447811 0.998394 50.0863
0.99853 -0.00540061 -0.0539341 -2.53435 0.00525962 0.999982 -0.00275585 -0.406558 0.0539481 0.00246813 0.998541 51.121
0.99849 -0.00757541 -0.054415 -2.60212 0.00759722 0.999971 0.000193817 -0.445832 0.054412 -0.000606925 0.998519 52.1607
0.998442 -0.00775703 -0.05525 -2.66437 0.00781773 0.999969 0.000882618 -0.45203 0.0552415 -0.00131317 0.998472 53.156
0.998451 -0.00965048 -0.0547864 -2.71453 0.00967072 0.999953 0.000104361 -0.465167 0.0547828 -0.000634021 0.998498 54.153
0.998492 -0.011313 -0.0537123 -2.77034 0.011308 0.999936 -0.00039769 -0.478086 0.0537134 -0.000210287 0.998556 55.1137
0.998456 -0.0128053 -0.0540541 -2.83337 0.0128334 0.999918 0.000172874 -0.483774 0.0540474 -0.000866305 0.998538 56.0321
0.998486 -0.0166242 -0.0524377 -2.87383 0.0168557 0.99985 0.00397627 -0.453233 0.0523638 -0.00485412 0.998616 56.9731
0.998456 -0.0180651 -0.0525283 -2.92447 0.0185366 0.999792 0.00850328 -0.451204 0.0523638 -0.00946385 0.998583 57.9369
0.998462 -0.0174417 -0.0526304 -2.9649 0.0179537 0.999796 0.00926981 -0.449792 0.052458 -0.0102005 0.998571 58.9064
0.998484 -0.0175627 -0.0521565 -3.02462 0.0179435 0.999815 0.0068417 -0.459191 0.0520267 -0.0077672 0.998616 59.8519
0.99846 -0.0161555 -0.05307 -3.06416 0.0162389 0.999867 0.0011414 -0.451083 0.0530445 -0.00200144 0.99859 60.7967
0.998433 -0.0156944 -0.0537043 -3.10686 0.0155766 0.999875 -0.00261107 -0.470541 0.0537386 0.00177045 0.998554 61.7538
0.998482 -0.0130086 -0.0535137 -3.15451 0.0129106 0.999914 -0.00217769 -0.466871 0.0535375 0.0014835 0.998565 62.6832
0.998416 -0.0108441 -0.0552101 -3.20955 0.0108286 0.999941 -0.00057999 -0.479472 0.0552132 -1.87737e-05 0.998475 63.6135
0.998359 -0.00997956 -0.0563904 -3.27767 0.0100089 0.99995 0.000238019 -0.490971 0.0563852 -0.000802031 0.998409 64.5223
0.99837 -0.00834324 -0.0564509 -3.32512 0.00835473 0.999965 -3.2502e-05 -0.508901 0.0564492 -0.000439179 0.998405 65.404
0.998231 -0.00671168 -0.0590777 -3.39314 0.00670646 0.999977 -0.000286659 -0.523127 0.0590784 -0.000110048 0.998253 66.3004
0.998213 -0.00494277 -0.0595442 -3.45811 0.0049912 0.999987 0.000664689 -0.540442 0.0595402 -0.000960695 0.998225 67.1594
0.998106 -0.00647396 -0.0611804 -3.5213 0.00652709 0.999978 0.000668642 -0.564005 0.0611748 -0.0010667 0.998126 68.0117
0.998023 -0.00539408 -0.0626183 -3.57998 0.00550049 0.999984 0.00152711 -0.572555 0.0626091 -0.00186852 0.998036 68.8583
0.997975 -0.00339202 -0.0635174 -3.63468 0.00360002 0.999989 0.00316046 -0.583553 0.063506 -0.00338272 0.997976 69.6975
0.997838 -0.00301413 -0.0656476 -3.69324 0.00344343 0.999973 0.00642732 -0.578595 0.0656265 -0.00663947 0.997822 70.5521
0.997699 -0.00140749 -0.0677877 -3.75469 0.00191453 0.999971 0.00741543 -0.566932 0.0677753 -0.00752815 0.997672 71.382
0.997699 0.00288034 -0.0677294 -3.82378 -0.00258658 0.999987 0.00442458 -0.578152 0.0677413 -0.00423921 0.997694 72.1967
0.997499 0.00519484 -0.0704864 -3.8978 -0.0053092 0.999985 -0.00143524 -0.584391 0.0704779 0.00180588 0.997512 72.9614
0.997407 0.00586943 -0.0717206 -3.95659 -0.00632545 0.999961 -0.00613276 -0.618557 0.0716819 0.00657053 0.997406 73.7098
0.997383 0.00359966 -0.0722061 -4.01632 -0.00424374 0.999953 -0.00876861 -0.662009 0.0721712 0.00905209 0.997351 74.4827
0.997226 0.0059391 -0.0741977 -4.07582 -0.00645027 0.999957 -0.00665156 -0.693282 0.074155 0.0071117 0.997221 75.2236
0.997103 0.00592655 -0.0758297 -4.12276 -0.00636206 0.999965 -0.005503 -0.739773 0.0757944 0.00596949 0.997106 75.9288
0.996929 0.00500272 -0.0781536 -4.172 -0.00559106 0.999958 -0.00731101 -0.77109 0.0781137 0.00772552 0.996914 76.6031
0.996921 0.000238502 -0.078413 -4.21836 -0.00109721 0.99994 -0.0109082 -0.813811 0.0784057 0.0109607 0.996861 77.248
0.997032 -0.00243602 -0.0769448 -4.2694 0.0012997 0.99989 -0.0148147 -0.833241 0.0769724 0.0146708 0.996925 77.8499
0.997216 -0.00135836 -0.0745591 -4.32358 0.000218906 0.999883 -0.0152886 -0.86008 0.0745712 0.0152297 0.997099 78.4402
0.997533 0.00228858 -0.0701557 -4.38102 -0.00318546 0.999915 -0.0126751 -0.882512 0.0701207 0.0128673 0.997455 79.0553
0.997867 0.00194808 -0.0652505 -4.43771 -0.00267346 0.999936 -0.0110314 -0.902229 0.0652248 0.0111823 0.997808 79.6713
0.998183 -0.000153763 -0.0602537 -4.4623 -0.000271036 0.999975 -0.00704196 -0.931727 0.0602533 0.0070455 0.998158 80.2505
0.998641 -0.00435909 -0.051933 -4.48802 0.004149 0.999983 -0.00415258 -0.960283 0.0519502 0.00393147 0.998642 80.8168
0.999129 -0.00208201 -0.041663 -4.51284 0.00191954 0.999991 -0.00393919 -0.958854 0.0416708 0.00385579 0.999124 81.3604
0.999641 0.00223087 -0.0267015 -4.54067 -0.00233422 0.99999 -0.00383985 -0.96547 0.0266927 0.0039008 0.999636 81.8985
0.999942 0.00657367 -0.00847621 -4.55819 -0.00659825 0.999974 -0.00287555 -0.961699 0.00845714 0.00293132 0.99996 82.4277
0.999898 0.00600087 0.0129611 -4.54992 -0.00597497 0.99998 -0.00203659 -0.96511 -0.012973 0.00195895 0.999914 82.9254
0.999221 0.0030931 0.0393311 -4.51986 -0.00306163 0.999995 -0.000860204 -0.966456 -0.0393336 0.000739121 0.999226 83.4118
0.997656 0.00302304 0.0683601 -4.47641 -0.00303616 0.999996 8.80449e-05 -0.963871 -0.0683595 -0.000295386 0.997661 83.8789
0.994832 0.00310919 0.10149 -4.42323 -0.00328776 0.999994 0.0015923 -0.97011 -0.101484 -0.00191774 0.994835 84.336
0.990303 0.00283687 0.138894 -4.35267 -0.00316557 0.999993 0.00214571 -0.978591 -0.138887 -0.00256458 0.990305 84.7928
0.983712 0.00463465 0.179694 -4.2519 -0.00519646 0.999983 0.00265592 -0.988486 -0.179678 -0.00354642 0.983719 85.2352
0.974347 0.00548987 0.224984 -4.13305 -0.00627942 0.999977 0.00279396 -1.02413 -0.224964 -0.00413505 0.974358 85.6765
0.961757 0.00773374 0.273794 -4.00127 -0.0085969 0.999961 0.00195293 -1.02802 -0.273768 -0.00423201 0.961786 86.1087
0.945469 0.00904418 0.325587 -3.84806 -0.00975784 0.999952 0.000558936 -1.03368 -0.325566 -0.00370548 0.945512 86.5384
0.924679 0.00869444 0.380648 -3.66957 -0.00900167 0.999959 -0.000973141 -1.04125 -0.380641 -0.00252662 0.924719 86.9351
0.899553 0.00925205 0.436712 -3.47776 -0.00921391 0.999955 -0.00220562 -1.0401 -0.436713 -0.00203975 0.899598 87.3007
0.86967 0.0103571 0.493525 -3.26544 -0.00970719 0.999945 -0.00387913 -1.05613 -0.493538 -0.00141717 0.869723 87.6454
0.835311 0.00913069 0.549702 -3.01358 -0.00802049 0.999958 -0.00442185 -1.06912 -0.549719 -0.000715259 0.835349 87.9763
0.797803 0.00882022 0.602854 -2.75516 -0.00734907 0.999961 -0.00490462 -1.07577 -0.602873 -0.000517488 0.797837 88.2618
0.756951 0.00759479 0.653427 -2.46626 -0.00598147 0.999971 -0.00469353 -1.09547 -0.653444 -0.000355678 0.756975 88.5345
0.713313 0.00766226 0.700804 -2.1806 -0.00814551 0.999963 -0.00264222 -1.09665 -0.700798 -0.00382367 0.713349 88.7974
0.667186 0.00696069 0.744859 -1.872 -0.00728145 0.99997 -0.00282254 -1.10799 -0.744856 -0.00354049 0.667216 89.0416
0.619856 0.00468029 0.784702 -1.54038 -0.00467045 0.999987 -0.00227503 -1.11173 -0.784702 -0.00225471 0.619869 89.2663
0.572257 0.00241316 0.820071 -1.20533 -0.000381796 0.999997 -0.00267619 -1.11585 -0.820074 0.00121837 0.572256 89.4566
0.524523 0.0038293 0.851388 -0.864005 -0.00122008 0.999992 -0.00374601 -1.11021 -0.851395 0.000926108 0.524524 89.6353
0.476674 0.00601956 0.87906 -0.521113 -0.00355115 0.999982 -0.00492197 -1.09887 -0.879073 -0.000775498 0.476686 89.7856
0.430463 0.00663452 0.902584 -0.184905 -0.00334601 0.999978 -0.00575463 -1.10929 -0.902602 -0.000542899 0.430475 89.9322
0.387003 0.00461708 0.922067 0.177587 0.000765298 0.999986 -0.00532845 -1.11607 -0.922078 0.00276779 0.386994 90.0655
0.347119 -0.00285413 0.937817 0.54083 0.0131583 0.999912 -0.00182725 -1.1307 -0.937729 0.0129744 0.347126 90.1612
0.310966 -0.00598977 0.950402 0.911888 0.018144 0.999835 0.000364711 -1.11938 -0.950248 0.0171306 0.311024 90.2337
0.277133 -0.00242684 0.960829 1.28423 0.0151563 0.999884 -0.00184606 -1.11003 -0.960712 0.0150742 0.277137 90.329
0.245582 0.00375621 0.969369 1.64614 0.00607112 0.999967 -0.00541284 -1.11026 -0.969357 0.00721445 0.245551 90.4212
0.216977 0.0074492 0.976148 2.03121 0.00203737 0.999965 -0.00808381 -1.11096 -0.976175 0.00374278 0.216954 90.5231
0.190667 0.00856685 0.981617 2.42751 0.00238016 0.999955 -0.00918921 -1.12171 -0.981652 0.00408849 0.190638 90.598
0.167092 0.00970133 0.985894 2.8331 0.00840421 0.999901 -0.0112635 -1.124 -0.985905 0.0101677 0.166994 90.6521
0.146409 0.0132205 0.989136 3.23962 0.0117467 0.999817 -0.015102 -1.12746 -0.989154 0.0138302 0.146226 90.6973
0.126203 0.0189968 0.991823 3.67135 0.0121286 0.999713 -0.0206912 -1.11526 -0.99193 0.0146407 0.125936 90.7327
0.108246 0.0201069 0.993921 4.11191 0.0112799 0.999706 -0.0214524 -1.11139 -0.99406 0.0135335 0.107987 90.7669
0.0922394 0.016974 0.995592 4.57382 0.0109107 0.999778 -0.0180562 -1.11711 -0.995677 0.0125281 0.0920336 90.8019
0.0770716 0.0146954 0.996917 5.05538 0.0129164 0.999793 -0.0157363 -1.13389 -0.996942 0.0140894 0.0768658 90.8377
0.0636171 0.0125459 0.997895 5.54848 0.0156109 0.999786 -0.0135649 -1.15364 -0.997852 0.016441 0.0634076 90.8539
0.0510627 0.0117934 0.998626 6.05425 0.0199861 0.999718 -0.0128282 -1.17102 -0.998495 0.0206137 0.0508126 90.8683
0.0406727 0.0125151 0.999094 6.56457 0.023179 0.999641 -0.0134655 -1.16252 -0.998903 0.0237057 0.0403679 90.8835
0.0325699 0.0130117 0.999385 7.0971 0.0249023 0.999594 -0.013826 -1.16414 -0.999159 0.0253373 0.0322326 90.9059
0.025655 0.0129052 0.999588 7.64299 0.0256581 0.999579 -0.0135636 -1.17621 -0.999341 0.0259955 0.025313 90.928
0.0200915 0.0137102 0.999704 8.19904 0.0262739 0.999554 -0.0142362 -1.1713 -0.999453 0.0265521 0.0197223 90.9433
0.013556 0.0143295 0.999805 8.77256 0.0256753 0.999563 -0.0146741 -1.1804 -0.999578 0.0258692 0.0131821 90.9665
0.00842648 0.0141032 0.999865 9.39403 0.0272542 0.999526 -0.0143281 -1.18322 -0.999593 0.0273712 0.00803805 90.9776
0.00561444 0.0146348 0.999877 9.99861 0.02651 0.99954 -0.0147788 -1.19424 -0.999633 0.0265898 0.00522382 90.9756
0.00104604 0.0132781 0.999911 10.6453 0.0268841 0.99955 -0.0133014 -1.20095 -0.999638 0.0268956 0.000688533 90.9689
-0.00260486 0.0130246 0.999912 11.2987 0.0269629 0.999553 -0.0129497 -1.21742 -0.999633 0.0269268 -0.00295494 90.9788
-0.00407369 0.0126841 0.999911 11.9593 0.031637 0.999421 -0.012549 -1.23089 -0.999491 0.0315831 -0.00447268 90.9733
-0.00395115 0.01274 0.999911 12.656 0.0346761 0.999319 -0.0125955 -1.23528 -0.99939 0.0346233 -0.0043903 90.9892
-0.000744497 0.0125272 0.999921 13.3484 0.0367917 0.999245 -0.0124913 -1.23729 -0.999322 0.0367795 -0.0012049 90.9579
0.00258759 0.012473 0.999919 14.0633 0.0381968 0.999192 -0.0125627 -1.24349 -0.999267 0.0382262 0.002109 90.9813
0.00659924 0.0125302 0.9999 14.7999 0.038848 0.999164 -0.0127773 -1.25477 -0.999223 0.0389284 0.00610688 90.9715
0.0108026 0.0116366 0.999874 15.5441 0.0416586 0.999059 -0.0120772 -1.26315 -0.999073 0.0417839 0.0103076 90.9844
0.0152957 0.0106673 0.999826 16.3354 0.0426934 0.999025 -0.0113118 -1.25484 -0.998971 0.042859 0.0148253 90.9957
0.0186881 0.00931827 0.999782 17.1585 0.0411643 0.999102 -0.0100814 -1.24738 -0.998977 0.0413437 0.0182876 91.0243
0.0238249 0.00865025 0.999679 17.9788 0.0389087 0.999197 -0.00957337 -1.24561 -0.998958 0.0391243 0.0234691 91.0528
0.0275959 0.00910854 0.999578 18.8002 0.0367053 0.999275 -0.0101191 -1.26184 -0.998945 0.0369691 0.0272415 91.0906
0.0315618 0.0114745 0.999436 19.6017 0.035512 0.99929 -0.0125943 -1.28957 -0.99887 0.0358894 0.0311318 91.1204
0.0327045 0.0159621 0.999338 20.414 0.0301234 0.999403 -0.0169489 -1.30151 -0.999011 0.0306578 0.0322041 91.1766
0.0303376 0.0182363 0.999373 21.2594 0.0277139 0.999434 -0.0190787 -1.33138 -0.999155 0.0282754 0.029815 91.2057
0.0317815 0.0178887 0.999335 22.0884 0.025766 0.999493 -0.0187109 -1.35464 -0.999162 0.0263436 0.0313044 91.2461
0.0320492 0.0158777 0.99936 22.9363 0.025888 0.999525 -0.0167105 -1.37866 -0.99915 0.0264071 0.0316228 91.2865
0.0305097 0.0152564 0.999418 23.7701 0.0244369 0.999574 -0.0160048 -1.41008 -0.999235 0.0249109 0.0301238 91.3163
0.0314279 0.0148923 0.999395 24.6071 0.0225776 0.999624 -0.0156057 -1.42895 -0.99925 0.0230544 0.0310797 91.3615
0.0305876 0.0149242 0.999421 25.4249 0.0215379 0.999647 -0.0155867 -1.45036 -0.999299 0.0220022 0.0302552 91.3911
0.0273197 0.0161724 0.999496 26.2544 0.0177547 0.999704 -0.0166611 -1.52496 -0.999468 0.0182009 0.0270244 91.4286
0.0257942 0.0164694 0.999532 27.0671 0.0137308 0.999765 -0.0168276 -1.55301 -0.999572 0.0141585 0.0255619 91.4716
0.022025 0.0159733 0.99963 27.9025 0.0111145 0.999807 -0.016221 -1.58214 -0.999695 0.0114677 0.0218431 91.5091
0.0183879 0.0147433 0.999722 28.7275 0.00882643 0.99985 -0.0149076 -1.59497 -0.999791 0.00909813 0.0182549 91.5414
0.0128587 0.0128163 0.999835 29.5544 0.00598877 0.999899 -0.0128941 -1.61803 -0.999899 0.00615361 0.0127806 91.5736
0.00528035 0.010591 0.99993 30.3846 0.00344815 0.999938 -0.0106093 -1.64201 -0.999979 0.00350396 0.00524345 91.5922
-0.00191531 0.0100857 0.999947 31.2162 0.00276619 0.999946 -0.0100804 -1.66669 -0.999994 0.00274677 -0.00194315 91.6034
-0.0110608 0.010339 0.999885 32.0403 0.00209089 0.999945 -0.0103164 -1.66276 -0.999936 0.00197658 -0.0110819 91.5967
-0.0216879 0.0102278 0.999713 32.8731 0.00158583 0.999947 -0.0101958 -1.69914 -0.999763 0.00136428 -0.021703 91.5857
-0.0313332 0.00939806 0.999465 33.6974 0.00294325 0.999953 -0.00931037 -1.7105 -0.999504 0.00264998 -0.0313594 91.5576
-0.0428577 0.00830964 0.999047 34.5307 0.00241353 0.999964 -0.00821372 -1.71209 -0.999078 0.00205924 -0.0428762 91.5291
-0.0534352 0.00792429 0.99854 35.3424 0.00334401 0.999965 -0.00775664 -1.71688 -0.998565 0.00292469 -0.0534598 91.4856
-0.0651053 0.00735033 0.997851 36.1652 0.00220185 0.999972 -0.00722228 -1.71832 -0.997875 0.00172695 -0.0651196 91.4176
-0.0769353 0.00748815 0.997008 36.9789 0.00183994 0.999972 -0.00736842 -1.73504 -0.997034 0.00126758 -0.0769468 91.3399
-0.0870216 0.00753086 0.996178 37.7718 0.0016472 0.999972 -0.00741563 -1.74013 -0.996204 0.000995619 -0.0870314 91.2659
-0.0986479 0.00958354 0.995076 38.5727 0.00256494 0.999953 -0.00937622 -1.76155 -0.995118 0.0016274 -0.0986678 91.1689
-0.108694 0.0101918 0.994023 39.3555 0.00397543 0.999944 -0.00981781 -1.78861 -0.994067 0.00288457 -0.108728 91.0724
-0.117711 0.00994281 0.992998 40.1267 0.00446352 0.999945 -0.00948325 -1.79506 -0.993037 0.00331602 -0.117749 90.9674
-0.127184 0.0101468 0.991827 40.8866 0.00408883 0.999945 -0.00970549 -1.80576 -0.99187 0.00282107 -0.127218 90.8506
-0.134916 0.00970662 0.99081 41.6371 0.00564579 0.999944 -0.00902732 -1.82403 -0.99084 0.004376 -0.134963 90.7267
-0.142965 0.0103879 0.989673 42.395 0.00705601 0.999931 -0.00947625 -1.83663 -0.989702 0.00562841 -0.143028 90.62
-0.148649 0.00887785 0.98885 43.1406 0.00872506 0.999933 -0.00766574 -1.85265 -0.988851 0.0074883 -0.148717 90.5103
-0.152454 0.00770153 0.98828 43.8643 0.0117769 0.999913 -0.00597544 -1.85941 -0.98824 0.0107279 -0.152532 90.3926
-0.15527 0.00810579 0.987839 44.5705 0.0139632 0.999885 -0.00600987 -1.85739 -0.987773 0.0128602 -0.155365 90.2816
-0.157653 0.00755937 0.987466 45.269 0.0142401 0.999885 -0.00538095 -1.86813 -0.987391 0.0132133 -0.157742 90.1578
-0.159396 0.0083867 0.987179 45.925 0.0127732 0.999898 -0.0064323 -1.87477 -0.987131 0.0115842 -0.159487 90.0478
-0.160825 0.00992062 0.986933 46.5366 0.0159669 0.999845 -0.00744853 -1.89614 -0.986853 0.0145604 -0.160958 89.939
-0.160153 0.0114152 0.987026 47.132 0.0164492 0.999826 -0.00889415 -1.9069 -0.986954 0.0148113 -0.160313 89.8446
-0.155274 0.0123043 0.987795 47.7548 0.0169966 0.999808 -0.00978216 -1.91418 -0.987725 0.0152702 -0.155453 89.7621
-0.148334 0.0127874 0.988855 48.3667 0.0175892 0.999793 -0.0102903 -1.9195 -0.98878 0.0158668 -0.148528 89.6754
-0.13748 0.0132848 0.990415 48.9512 0.0174671 0.999788 -0.0109859 -1.91982 -0.99035 0.0157894 -0.137683 89.6003
-0.123973 0.013978 0.992187 49.5331 0.0184767 0.999761 -0.0117761 -1.92583 -0.992113 0.0168725 -0.124201 89.5439
-0.107342 0.014893 0.994111 50.0843 0.0183503 0.999748 -0.012996 -1.93186 -0.994052 0.0168472 -0.107588 89.489
-0.0864622 0.0167075 0.996115 50.644 0.016809 0.999742 -0.0153093 -1.95576 -0.996113 0.01542 -0.0867207 89.4544
-0.0623383 0.0195357 0.997864 51.1704 0.0153871 0.999709 -0.0186105 -1.96903 -0.997936 0.0141941 -0.0626208 89.4304
-0.0342199 0.0215334 0.999182 51.7038 0.0143036 0.999677 -0.0210542 -1.98081 -0.999311 0.0135715 -0.0345168 89.4282
-0.000798578 0.0209725 0.99978 52.2398 0.0115022 0.999715 -0.020962 -2.00529 -0.999933 0.0114829 -0.00103962 89.438
0.0374419 0.0192522 0.999113 52.7634 0.0111561 0.999745 -0.0196825 -2.02023 -0.999236 0.0118832 0.0372175 89.4812
0.0789829 0.0166065 0.996738 53.2867 0.00983432 0.9998 -0.0174368 -2.02643 -0.996827 0.0111795 0.0788037 89.5453
0.124456 0.0125312 0.992146 53.8159 0.00637399 0.99989 -0.0134286 -2.03681 -0.992204 0.00799522 0.124362 89.6216
0.172886 0.0102845 0.984888 54.332 0.00365145 0.999933 -0.0110825 -2.04185 -0.984935 0.00551231 0.172836 89.7297
0.223973 0.00970375 0.974547 54.8133 -0.000140659 0.999951 -0.00992436 -2.03882 -0.974595 0.00208575 0.223963 89.8706
0.279734 0.0108848 0.960016 55.3174 -0.000745735 0.999939 -0.0111202 -2.03742 -0.960077 0.00239481 0.279724 90.021
0.338391 0.0124185 0.940924 55.7804 -0.000500028 0.999916 -0.0130172 -2.03199 -0.941005 0.00393446 0.338368 90.199
0.399749 0.0172129 0.916463 56.2192 -0.000981583 0.999832 -0.0183505 -2.02711 -0.916624 0.00643604 0.399698 90.3998
0.461534 0.0208322 0.886878 56.6514 -0.00179225 0.999745 -0.0225507 -2.0185 -0.88712 0.00881842 0.461453 90.6394
0.521225 0.0258733 0.853027 57.0456 -0.00456139 0.999611 -0.0275323 -2.01798 -0.853406 0.0104595 0.52114 90.8991
0.57913 0.0294309 0.814703 57.4104 -0.00974397 0.999527 -0.0291811 -2.02004 -0.815176 0.00896125 0.579143 91.2076
0.634524 0.0304646 0.772302 57.756 -0.0105926 0.999472 -0.0307227 -2.0215 -0.77283 0.0113136 0.634511 91.5266
0.686135 0.0300538 0.726853 58.0793 -0.0119784 0.999478 -0.0300189 -2.04762 -0.727375 0.0118905 0.686136 91.8605
0.734158 0.0266957 0.678454 58.3897 -0.0126455 0.999592 -0.025648 -2.06924 -0.678861 0.0102503 0.734195 92.2458
0.778441 0.0231015 0.627292 58.6658 -0.0135296 0.999709 -0.0200269 -2.08309 -0.627571 0.0071028 0.778526 92.6375
0.81795 0.0197182 0.574951 58.919 -0.014664 0.999803 -0.0134271 -2.09872 -0.575102 0.0025516 0.818077 93.0348
0.852103 0.0166545 0.523108 59.1476 -0.014203 0.999862 -0.00869747 -2.11656 -0.52318 -1.85267e-05 0.852221 93.463
0.880259 0.0156501 0.474236 59.3538 -0.0159386 0.999868 -0.00341168 -2.13507 -0.474226 -0.00455545 0.880391 93.8955
0.902669 0.0178852 0.429964 59.5329 -0.0199385 0.999802 0.000270191 -2.1369 -0.429873 -0.00881668 0.902846 94.3476
0.920714 0.023096 0.389554 59.7091 -0.0260274 0.999659 0.00224774 -2.12483 -0.389369 -0.0122085 0.921 94.8209
0.934408 0.0280475 0.355097 59.8468 -0.0306861 0.999528 0.00179985 -2.12163 -0.354878 -0.0125783 0.934827 95.2697
0.945548 0.0310561 0.323998 60.0006 -0.0334615 0.999439 0.00185415 -2.10382 -0.323758 -0.0125946 0.946055 95.7423
0.953564 0.0287402 0.299816 60.1482 -0.0309587 0.999518 0.0026508 -2.12981 -0.299595 -0.0118096 0.953993 96.2139
0.959229 0.0277027 0.281269 60.2937 -0.0301892 0.999535 0.0045101 -2.13096 -0.281013 -0.0128175 0.959618 96.7323
0.962364 0.0310586 0.269981 60.4287 -0.0336382 0.999423 0.00493186 -2.12155 -0.269672 -0.0138279 0.962853 97.2733
0.965722 0.0361404 0.257048 60.5625 -0.0391856 0.99921 0.00673251 -2.09096 -0.256602 -0.0165743 0.966375 97.8128
0.966989 0.043033 0.251159 60.6876 -0.0461395 0.998915 0.00649045 -2.0738 -0.250606 -0.0178645 0.967924 98.3598
0.96719 0.0484851 0.249384 60.8214 -0.0508858 0.9987 0.00318464 -2.05169 -0.248906 -0.0157702 0.968399 98.8984
0.967093 0.0515269 0.249148 60.9615 -0.053575 0.998564 0.00144137 -2.04259 -0.248716 -0.014742 0.968464 99.462
0.967032 0.0529024 0.249099 61.1112 -0.0544787 0.998516 -0.000566964 -2.03576 -0.248759 -0.0130223 0.968477 100
0.966284 0.0540006 0.251749 61.263 -0.0539889 0.998518 -0.00695891 -2.03748 -0.251752 -0.00686733 0.967767 100.546
0.965519 0.0561836 0.254195 61.4093 -0.0552944 0.998414 -0.010648 -2.0516 -0.25439 -0.00377464 0.967094 101.104
0.964505 0.0617967 0.25673 61.5568 -0.0608764 0.998079 -0.011539 -2.0463 -0.25695 -0.00449934 0.966414 101.694
0.963502 0.0631852 0.260137 61.7072 -0.0629377 0.997975 -0.00929013 -2.05592 -0.260197 -0.0074213 0.965527 102.279
0.96294 0.0616559 0.262574 61.8647 -0.06304 0.998007 -0.00315794 -2.06252 -0.262245 -0.0135117 0.964906 102.885
0.96267 0.0560649 0.264805 62.0256 -0.0582319 0.998304 0.000333878 -2.06382 -0.264337 -0.0157415 0.964301 103.483
0.962207 0.0538933 0.266931 62.175 -0.0571642 0.998356 0.00449257 -2.06657 -0.26625 -0.0195816 0.963705 104.106
0.962511 0.0490919 0.266761 62.3488 -0.0524708 0.998608 0.00554864 -2.06685 -0.266117 -0.0193377 0.963746 104.737
0.963555 0.0442411 0.263825 62.5012 -0.0466874 0.998906 0.00300668 -2.07227 -0.263403 -0.0152143 0.964566 105.359
0.964176 0.0438377 0.261616 62.6678 -0.0447998 0.998994 -0.00228839 -2.08644 -0.261453 -0.0095139 0.965169 106.01
0.964963 0.0418067 0.259031 62.8265 -0.0411874 0.999122 -0.00782003 -2.10536 -0.25913 -0.00312272 0.965837 106.66
0.965755 0.0436789 0.255752 62.9867 -0.0422922 0.999046 -0.0109219 -2.12598 -0.255985 -0.000268341 0.96668 107.321
0.966721 0.0412652 0.25248 63.1558 -0.0407217 0.999144 -0.00738022 -2.13613 -0.252568 -0.00314676 0.967573 108.005
0.967544 0.0369581 0.249985 63.3388 -0.0376093 0.999291 -0.00217324 -2.15385 -0.249888 -0.00729901 0.968247 108.719
0.9684 0.0302271 0.247562 63.5121 -0.0317287 0.999495 0.00207748 -2.17324 -0.247374 -0.00986659 0.96887 109.44
0.968533 0.032221 0.24679 63.6765 -0.033436 0.999442 0.000732777 -2.1769 -0.246629 -0.00896134 0.969068 110.134
0.969142 0.0391322 0.243374 63.8475 -0.0396421 0.999211 -0.00280377 -2.18108 -0.243291 -0.00693056 0.969928 110.862
0.970451 0.0400389 0.23795 64.0301 -0.0394711 0.999196 -0.0071524 -2.19828 -0.238045 -0.00245105 0.971251 111.631
0.971933 0.0396527 0.231889 64.2191 -0.0385339 0.999214 -0.0093539 -2.21305 -0.232078 0.0001558 0.972697 112.372
0.97302 0.0370517 0.227723 64.4066 -0.0359983 0.999314 -0.00877859 -2.23011 -0.227892 0.000344136 0.973686 113.139
0.974188 0.0349453 0.223017 64.5859 -0.0343091 0.999389 -0.00672813 -2.24887 -0.223115 -0.00109698 0.974791 113.917
0.974912 0.033541 0.220046 64.7744 -0.0333559 0.999434 -0.00455759 -2.24425 -0.220074 -0.00289653 0.975478 114.729
0.975307 0.0301815 0.21878 64.9695 -0.03023 0.999539 -0.00312663 -2.24467 -0.218773 -0.00356425 0.975769 115.522
0.975791 0.0257362 0.217182 65.1726 -0.026695 0.999643 0.00148151 -2.26212 -0.217066 -0.00724327 0.97613 116.345
0.9761 0.0240264 0.215988 65.3465 -0.0252141 0.999679 0.00274486 -2.28438 -0.215852 -0.00812515 0.976392 117.142
0.976225 0.0262609 0.215161 65.5252 -0.0274484 0.999621 0.00253251 -2.3005 -0.215013 -0.00837807 0.976575 117.992
0.976278 0.02944 0.214509 65.712 -0.0300655 0.999549 -0.000347013 -2.31254 -0.214422 -0.00611048 0.976722 118.823
0.975693 0.0358722 0.216184 65.8789 -0.0363753 0.999338 -0.00165263 -2.33522 -0.2161 -0.00625125 0.976351 119.66
0.975499 0.0376524 0.216755 66.0574 -0.0387564 0.999249 0.000843242 -2.3567 -0.21656 -0.00922318 0.976225 120.511
0.975378 0.0381915 0.217206 66.2456 -0.0393576 0.999225 0.00104354 -2.36526 -0.216998 -0.00956651 0.976125 121.356
0.974918 0.0380311 0.21929 66.4317 -0.0392152 0.999231 0.00104789 -2.39546 -0.219081 -0.00962105 0.975659 122.199
0.974739 0.034275 0.2207 66.6483 -0.0352579 0.999379 0.000514565 -2.41008 -0.220545 -0.00828295 0.975341 123.061
0.974721 0.0277271 0.221698 66.857 -0.0284859 0.999595 0.000225404 -2.42964 -0.221602 -0.00653493 0.975115 123.896
0.974968 0.023892 0.221057 67.0668 -0.0245698 0.999699 0.000316594 -2.44172 -0.220983 -0.00573995 0.97526 124.742
0.974773 0.0235569 0.221951 67.2555 -0.024133 0.999709 -0.000116411 -2.42334 -0.221888 -0.00524281 0.975058 125.601
0.974211 0.026818 0.224035 67.4442 -0.0282325 0.999597 0.00311209 -2.43926 -0.223861 -0.00935685 0.974576 126.456
0.974067 0.0295293 0.224322 67.6257 -0.0321109 0.999454 0.00786805 -2.43092 -0.223967 -0.0148671 0.974483 127.318
0.973764 0.0315582 0.225357 67.825 -0.0347588 0.999344 0.0102479 -2.419 -0.224885 -0.0178121 0.974222 128.161
0.973435 0.0313471 0.226805 68.0192 -0.0334325 0.999427 0.00535779 -2.44065 -0.226507 -0.0127981 0.973925 128.958
0.973897 0.0286911 0.225167 68.2149 -0.0277557 0.999588 -0.00731938 -2.46719 -0.225284 0.000878693 0.974292 129.812
0.974208 0.0262885 0.22411 68.414 -0.0239372 0.999627 -0.0132029 -2.49387 -0.224373 0.00749788 0.974474 130.638
0.974274 0.0245591 0.22402 68.6148 -0.023906 0.999699 -0.0056275 -2.48341 -0.22409 0.000127358 0.974568 131.458
0.975013 0.0180477 0.22141 68.8167 -0.02095 0.999723 0.0107665 -2.48099 -0.221154 -0.0151359 0.975121 132.325
0.975161 0.0137329 0.22107 69.0215 -0.0192527 0.999554 0.0228329 -2.46766 -0.220657 -0.0265218 0.97499 133.16
0.975428 0.0185381 0.219532 69.1917 -0.0234345 0.999531 0.0197207 -2.45619 -0.219063 -0.0243807 0.975406 134.018
0.975602 0.0265873 0.217926 69.3642 -0.0287582 0.999564 0.00679547 -2.44274 -0.21765 -0.0128968 0.975941 134.839
0.975685 0.0272766 0.217471 69.5485 -0.0277963 0.999614 -0.00066983 -2.45009 -0.217405 -0.00539127 0.976066 135.645
0.976503 0.0247218 0.214077 69.7356 -0.0248655 0.999689 -0.00202204 -2.48068 -0.21406 -0.00334854 0.976814 136.467
0.977249 0.0209832 0.21105 69.9195 -0.0209093 0.999779 -0.00258189 -2.50437 -0.211057 -0.0018897 0.977472 137.288
0.978207 0.0202225 0.206642 70.0878 -0.0202421 0.999794 -0.00201968 -2.53433 -0.20664 -0.00220714 0.978414 138.083
0.979454 0.0219322 0.200467 70.2459 -0.0215665 0.99976 -0.00400811 -2.54395 -0.200506 -0.000397548 0.979692 138.897
0.980013 0.0260705 0.197211 70.4025 -0.0254044 0.99966 -0.00590733 -2.54654 -0.197298 0.000779292 0.980343 139.693
0.980498 0.0307781 0.194098 70.5336 -0.0303378 0.999526 -0.00524096 -2.55195 -0.194167 -0.000749704 0.980968 140.509
0.981048 0.0318702 0.191121 70.6932 -0.0316325 0.999491 -0.00429548 -2.55957 -0.19116 -0.00183149 0.981557 141.309
0.981286 0.030238 0.190164 70.8518 -0.0306507 0.99953 -0.000771254 -2.57469 -0.190098 -0.00507178 0.981752 142.108
0.981769 0.0293075 0.187803 71.0105 -0.0295368 0.999563 -0.00157771 -2.58275 -0.187767 -0.00399809 0.982205 142.903
0.982437 0.0275017 0.184554 71.1501 -0.0274697 0.999619 -0.00273064 -2.5827 -0.184559 -0.00238692 0.982818 143.675
0.983394 0.0259948 0.179608 71.2886 -0.0252254 0.999661 -0.0065667 -2.57937 -0.179718 0.00192701 0.983716 144.454
0.984806 0.0255772 0.171758 71.4302 -0.0246663 0.999669 -0.00743566 -2.58681 -0.171891 0.00308612 0.985111 145.239
0.986097 0.0237329 0.164461 71.5666 -0.0234229 0.999719 -0.00382465 -2.60198 -0.164506 -8.0621e-05 0.986376 146.023
0.987088 0.0205863 0.158847 71.6838 -0.0211536 0.999775 0.00188128 -2.60353 -0.158772 -0.00521712 0.987301 146.785
0.987968 0.0216524 0.153129 71.8058 -0.0235359 0.999668 0.010498 -2.61005 -0.15285 -0.0139756 0.98815 147.594
0.988593 0.0206675 0.149183 71.9092 -0.0225499 0.999686 0.0109374 -2.61899 -0.14891 -0.0141767 0.988749 148.396
0.989439 0.0211211 0.143399 72.0205 -0.0222609 0.999733 0.00634791 -2.6595 -0.143227 -0.00947301 0.989644 149.215
0.990351 0.020035 0.137121 72.127 -0.0200531 0.999799 -0.00124969 -2.68499 -0.137118 -0.00151201 0.990553 150.03
0.991207 0.016215 0.131319 72.2328 -0.015695 0.999865 -0.00499406 -2.71001 -0.131382 0.00288915 0.991327 150.833
0.992252 0.014543 0.12338 72.341 -0.0139754 0.999888 -0.00546437 -2.71734 -0.123446 0.00369779 0.992344 151.661
0.9931 0.0199236 0.115558 72.422 -0.01959 0.999801 -0.00402179 -2.71197 -0.115615 0.00173031 0.993292 152.48
0.993918 0.025381 0.107153 72.5064 -0.0249332 0.999674 -0.00551651 -2.71748 -0.107258 0.00281133 0.994227 153.298
0.994908 0.0292274 0.0964425 72.5857 -0.0285669 0.999559 -0.00822297 -2.72943 -0.0966401 0.00542609 0.995304 154.13
0.99581 0.0277156 0.0871374 72.6708 -0.0269883 0.999591 -0.00951345 -2.7474 -0.0873653 0.00712195 0.99615 154.959
0.996486 0.0268385 0.0793333 72.7227 -0.0264712 0.999634 -0.00567785 -2.75235 -0.0794565 0.0035579 0.996832 155.805
0.997238 0.028425 0.0686101 72.7616 -0.028472 0.999595 -0.000293059 -2.74979 -0.0685904 -0.00166116 0.997643 156.653
0.997641 0.0313066 0.061075 72.7967 -0.0316148 0.999492 0.00408642 -2.76003 -0.0609158 -0.0060076 0.998124 157.493
0.998138 0.0311119 0.0524523 72.8394 -0.0316107 0.999463 0.00870741 -2.77817 -0.052153 -0.0103492 0.998585 158.319
0.998453 0.03154 0.0457712 72.8796 -0.0320212 0.99944 0.00981825 -2.78948 -0.0454357 -0.0112686 0.998903 159.155
0.998646 0.0308979 0.04183 72.9048 -0.0313137 0.999467 0.00932184 -2.78571 -0.0415195 -0.010619 0.999081 159.957
0.998711 0.0352106 0.0365425 72.9204 -0.035443 0.999356 0.00573095 -2.76478 -0.036317 -0.00701868 0.999315 160.788
0.998627 0.0408115 0.0328021 72.9202 -0.0408484 0.999166 0.000454553 -2.75012 -0.032756 -0.00179378 0.999461 161.589
0.998672 0.0415253 0.0304495 72.9373 -0.0415394 0.999138 -0.000172069 -2.75113 -0.0304302 -0.00109296 0.999536 162.416
0.998778 0.0418781 0.0262137 72.9516 -0.0420523 0.999097 0.006129 -2.74809 -0.0259332 -0.0072238 0.999637 163.255
0.998748 0.0432684 0.0250892 72.9592 -0.0436411 0.998943 0.0144995 -2.75499 -0.0244351 -0.0155762 0.99958 164.109
0.99885 0.0430799 0.0209956 72.9627 -0.0435142 0.998839 0.0206859 -2.79291 -0.0200799 -0.0215757 0.999565 164.984
0.999118 0.0386046 0.016478 72.9783 -0.0388842 0.9991 0.0170006 -2.80861 -0.0158067 -0.0176263 0.999719 165.824
0.999577 0.0266219 0.0115841 72.987 -0.026751 0.999581 0.0111343 -2.83974 -0.0112827 -0.0114395 0.99987 166.677
0.999672 0.0252586 0.00401892 72.9931 -0.0252847 0.999659 0.00659012 -2.84659 -0.00385091 -0.00668952 0.99997 167.521
0.999672 0.0253626 -0.00323573 72.9726 -0.0253384 0.999653 0.00731832 -2.84102 0.0034204 -0.00723388 0.999968 168.367
0.999657 0.0235287 -0.0114105 72.9559 -0.0233977 0.999661 0.0114821 -2.8544 0.011677 -0.0112111 0.999869 169.202
0.999606 0.0187067 -0.020876 72.9274 -0.0184026 0.999724 0.0146647 -2.87343 0.0211448 -0.0142747 0.999674 170.051
0.999511 0.0143351 -0.0277675 72.9043 -0.0138733 0.999764 0.0167501 -2.88323 0.0280012 -0.0163567 0.999474 170.894
0.99937 0.0105013 -0.0338859 72.8753 -0.00996632 0.999824 0.0159182 -2.87808 0.0340472 -0.0155704 0.999299 171.737
0.99906 0.00960969 -0.0422358 72.8428 -0.00920578 0.999911 0.00974681 -2.88016 0.0423259 -0.00934879 0.99906 172.592
0.998788 0.00331274 -0.0490864 72.8136 -0.00318601 0.999992 0.0026589 -2.86449 0.049095 -0.00249923 0.998791 173.428
0.998386 3.07793e-05 -0.0567817 72.7849 -7.63152e-06 1 0.000407058 -2.86726 0.0567819 -0.00040592 0.998386 174.264
0.997943 0.00219884 -0.0640497 72.7348 -0.00183793 0.999983 0.00569265 -2.85576 0.0640613 -0.00556317 0.99793 175.14
0.997609 0.00983757 -0.0683931 72.6763 -0.00876828 0.999836 0.0159166 -2.83478 0.0685387 -0.0152788 0.997531 176.017
0.997155 0.0141652 -0.0740196 72.5988 -0.0124569 0.999647 0.0234898 -2.82179 0.0743264 -0.0225009 0.99698 176.905
0.99687 0.0142232 -0.0777564 72.5242 -0.0126202 0.999699 0.0210677 -2.81966 0.0780328 -0.0200204 0.996749 177.767
0.996768 0.014506 -0.079006 72.4589 -0.0134888 0.99982 0.0133926 -2.82653 0.0791863 -0.0122836 0.996784 178.62
0.996269 0.0250002 -0.0825855 72.3713 -0.0247156 0.999685 0.00446637 -2.82848 0.0826713 -0.00240849 0.996574 179.454
0.996282 0.0230498 -0.0830001 72.2964 -0.022904 0.999735 0.00270858 -2.81167 0.0830406 -0.000797421 0.996545 180.305
0.996101 0.0182759 -0.0862973 72.2269 -0.0177051 0.999817 0.00737495 -2.82478 0.0864165 -0.00581823 0.996242 181.156
0.996047 0.0181515 -0.0869387 72.1517 -0.017065 0.999768 0.0132237 -2.8023 0.0871586 -0.0116878 0.996125 182.021
0.996004 0.0247847 -0.0857854 72.0787 -0.023209 0.999545 0.0193165 -2.77113 0.0862252 -0.0172483 0.996126 182.916
0.995831 0.0241316 -0.0879582 71.9869 -0.0226341 0.999583 0.0179825 -2.75876 0.0883556 -0.0159166 0.995961 183.789
0.995722 0.0196928 -0.0902677 71.9096 -0.0189124 0.999777 0.00949222 -2.73344 0.0904347 -0.00774438 0.995872 184.65
0.995597 0.0166804 -0.0922288 71.8421 -0.0163419 0.999857 0.00442403 -2.72718 0.0922896 -0.0028973 0.995727 185.506
0.995403 0.0110382 -0.0951241 71.7674 -0.0109552 0.99994 0.00139402 -2.71956 0.0951339 -0.000345463 0.995464 186.368
0.9952 0.0110097 -0.097226 71.663 -0.0106668 0.999936 0.00404584 -2.71686 0.0972644 -0.00298928 0.995254 187.243
0.99499 0.0143021 -0.0989373 71.5568 -0.013102 0.999833 0.0127682 -2.71432 0.0991035 -0.0114079 0.995011 188.124
0.994844 0.0166648 -0.100031 71.4479 -0.0151753 0.999763 0.0156325 -2.71338 0.100267 -0.0140339 0.994861 188.987
0.994938 0.0162788 -0.0991541 71.3428 -0.0149667 0.999791 0.0139623 -2.71798 0.0993608 -0.0124075 0.994974 189.862
0.994866 0.0203723 -0.0991138 71.2397 -0.0194518 0.999759 0.0102445 -2.71685 0.0992988 -0.0082639 0.995023 190.708
0.994692 0.0271074 -0.0992522 71.1384 -0.0260268 0.999588 0.0121658 -2.68766 0.0995412 -0.00951793 0.994987 191.568
0.99466 0.0293156 -0.0989433 71.0426 -0.0281455 0.999517 0.013202 -2.66406 0.0992827 -0.0103466 0.995005 192.375
0.994372 0.0337052 -0.100429 70.9494 -0.0322058 0.999345 0.0165155 -2.64127 0.10092 -0.0131881 0.994807 193.181
0.994081 0.0391641 -0.101324 70.8677 -0.0373752 0.999112 0.0194948 -2.63008 0.101997 -0.0155923 0.994662 193.974
0.993982 0.0410224 -0.101557 70.7713 -0.0392341 0.99904 0.0195448 -2.61628 0.102261 -0.0154426 0.994637 194.755
0.993779 0.041747 -0.103239 70.6866 -0.0401091 0.999036 0.0178925 -2.60719 0.103886 -0.0136403 0.994495 195.539
