1 0 0 0 0 1 0 0 0 0 1 0
0.999994 -0.00155471 -0.00306818 -0.0046136 0.00155283 0.999999 -0.00061532 -0.00689897 0.00306913 0.000610552 0.999995 0.682529
0.999975 -0.00144386 -0.00697057 -0.0126209 0.00143897 0.999999 -0.000706514 -0.00867976 0.00697158 0.000696466 0.999975 1.37699
0.999942 -0.00169732 -0.0106812 -0.0245649 0.00168291 0.999998 -0.00135781 -0.000858457 0.0106835 0.00133975 0.999942 2.09654
0.999881 -0.000369773 -0.0154176 -0.045264 0.000346972 0.999999 -0.00148155 -0.000717101 0.0154182 0.00147602 0.99988 2.82879
0.999798 -0.0024168 -0.0199423 -0.0706691 0.00237835 0.999995 -0.00195171 -0.00960511 0.019947 0.00190389 0.999799 3.57951
0.999697 -0.00106662 -0.0245818 -0.0930382 0.00098817 0.999994 -0.00320329 -0.00733405 0.024585 0.00317803 0.999693 4.35176
0.999552 0.00156094 -0.0298999 -0.130679 -0.00166637 0.999993 -0.0035013 -0.0308721 0.0298943 0.00354956 0.999547 5.13831
0.999413 0.00196763 -0.0342113 -0.162355 -0.00208077 0.999993 -0.00327175 -0.0338311 0.0342046 0.00334101 0.999409 5.92582
0.999254 0.00223359 -0.0385616 -0.199228 -0.0023461 0.999993 -0.00287283 -0.0349112 0.038555 0.00296116 0.999252 6.72554
0.999098 0.0025426 -0.0423975 -0.229253 -0.00261281 0.999995 -0.00160064 -0.046168 0.0423932 0.00170997 0.999099 7.53479
0.999035 -4.30994e-06 -0.0439133 -0.273836 -8.4361e-05 0.999998 -0.00201737 -0.0190856 0.0439132 0.00201913 0.999033 8.34748
0.998944 -0.000295769 -0.0459434 -0.314601 0.000199018 0.999998 -0.00211044 -0.0184412 0.0459439 0.00209907 0.998942 9.16812
0.998863 -0.00141182 -0.047653 -0.34686 0.00129237 0.999996 -0.00253748 -0.017371 0.0476564 0.00247301 0.998861 10.0078
0.998746 -0.00375008 -0.0499306 -0.388254 0.00364801 0.999991 -0.0021351 -0.0118829 0.0499382 0.00195028 0.99875 10.8579
0.998688 -0.00455246 -0.0510041 -0.433853 0.00446986 0.999989 -0.00173345 -0.0427758 0.0510114 0.00150319 0.998697 11.7101
0.998627 -0.00310233 -0.0522919 -0.486751 0.00293418 0.99999 -0.00329209 -0.0524986 0.0523016 0.00313413 0.998626 12.571
0.998569 -0.00392086 -0.0533328 -0.539667 0.00364207 0.999979 -0.00532371 -0.0445945 0.0533526 0.00512185 0.998563 13.4426
0.998548 -0.000384896 -0.0538703 -0.602227 3.96706e-05 0.999979 -0.00640938 -0.0516303 0.0538716 0.00639793 0.998527 14.32
0.998452 0.000337798 -0.0556099 -0.656225 -0.000673115 0.999982 -0.00601119 -0.0582193 0.0556069 0.00603932 0.998434 15.2127
0.998408 -0.000366125 -0.056397 -0.702497 0.00011266 0.99999 -0.00449742 -0.0788414 0.056398 0.00448391 0.998398 16.1141
0.998395 -0.00118394 -0.0566202 -0.758246 0.000994118 0.999994 -0.00338064 -0.0787769 0.0566239 0.00331893 0.99839 17.0153
0.998305 -0.00138675 -0.0581879 -0.812574 0.00119481 0.999994 -0.00333316 -0.0913115 0.0581921 0.00325798 0.9983 17.9208
0.998277 -0.00120902 -0.058659 -0.86043 0.000928112 0.999988 -0.00481581 -0.0908508 0.0586641 0.00475307 0.998266 18.8204
0.998246 -0.00333998 -0.0591005 -0.917731 0.00297145 0.999976 -0.00632242 -0.0907661 0.0591202 0.00613572 0.998232 19.7473
0.998241 -0.00263388 -0.05923 -0.970567 0.00235421 0.999986 -0.00479104 -0.106094 0.0592418 0.00464317 0.998233 20.6784
0.998301 -0.00100954 -0.0582642 -1.03917 0.000904638 0.999998 -0.00182678 -0.116874 0.0582659 0.00177097 0.998299 21.6109
0.9983 -0.000771672 -0.0582743 -1.10374 0.000875577 0.999998 0.00175753 -0.129765 0.0582728 -0.00180557 0.998299 22.549
0.998421 0.000498146 -0.0561629 -1.16078 -0.000247765 0.99999 0.00446499 -0.147021 0.0561646 -0.00444402 0.998412 23.4907
0.998562 0.000664329 -0.053611 -1.21107 -0.000396083 0.999987 0.00501405 -0.155456 0.0536137 -0.0049856 0.998549 24.4348
0.998661 0.000605228 -0.0517316 -1.25816 -0.000454735 0.999996 0.00292084 -0.178078 0.0517331 -0.00289341 0.998657 25.3752
0.99877 0.00107844 -0.0495728 -1.31645 -0.00113698 0.999999 -0.00115268 -0.177352 0.0495715 0.00120763 0.99877 26.3259
0.998808 -0.000375964 -0.0488178 -1.36337 0.000183855 0.999992 -0.00393964 -0.194325 0.0488189 0.00392597 0.9988 27.2886
0.99886 -0.00251096 -0.0476589 -1.41543 0.00238592 0.999993 -0.00268023 -0.204262 0.0476654 0.00256347 0.99886 28.2666
0.998937 -0.00477471 -0.04584 -1.4639 0.00486551 0.999986 0.00186944 -0.202286 0.0458304 -0.00209049 0.998947 29.2547
0.998852 -0.00897626 -0.047058 -1.50746 0.00920966 0.999946 0.00474532 -0.208777 0.0470129 -0.00517326 0.998881 30.2343
0.998732 -0.0153422 -0.0479505 -1.54627 0.0156538 0.999859 0.00613019 -0.211751 0.0478497 -0.00687303 0.998831 31.2125
0.998728 -0.0142064 -0.0483804 -1.59099 0.0144672 0.999882 0.00504432 -0.208089 0.048303 -0.00573783 0.998816 32.1912
0.998672 -0.0140002 -0.0495808 -1.63468 0.0141117 0.999898 0.00189908 -0.199172 0.0495492 -0.00259623 0.998768 33.1783
0.998595 -0.0132595 -0.0513099 -1.6799 0.0133037 0.999911 0.0005203 -0.193574 0.0512985 -0.00120218 0.998683 34.1951
0.998591 -0.0140855 -0.0511687 -1.73172 0.0141987 0.999897 0.00184985 -0.202184 0.0511374 -0.00257377 0.998688 35.2052
0.998549 -0.0118858 -0.0525214 -1.79568 0.0121137 0.999918 0.00402292 -0.192626 0.0524694 -0.00465331 0.998612 36.2057
0.998561 -0.010894 -0.0525085 -1.85365 0.0111533 0.999927 0.00464795 -0.203197 0.052454 -0.0052269 0.99861 37.2103
0.998466 -0.010155 -0.0544183 -1.91315 0.0104633 0.999931 0.0053841 -0.203443 0.0543599 -0.00594524 0.998504 38.2072
0.998457 -0.0111233 -0.0544095 -1.96664 0.0115064 0.999911 0.00673287 -0.200855 0.0543297 -0.00734853 0.998496 39.215
0.998495 -0.0105352 -0.0538205 -2.02504 0.0109799 0.999908 0.00797231 -0.155988 0.0537315 -0.00855125 0.998519 40.2249
0.998482 -0.00951961 -0.0542554 -2.08343 0.00997614 0.999917 0.00814976 -0.166108 0.0541733 -0.00867864 0.998494 41.2171
0.99852 -0.00678887 -0.053966 -2.14054 0.00719967 0.999946 0.0074214 -0.188249 0.0539127 -0.00779895 0.998515 42.2256
0.99857 -0.00507458 -0.0532092 -2.20486 0.00543671 0.999963 0.00666317 -0.186633 0.0531734 -0.00694293 0.998561 43.2241
0.998503 -0.00539968 -0.054429 -2.26288 0.00576167 0.999962 0.00649593 -0.206678 0.0543919 -0.0067998 0.998497 44.2202
0.998403 -0.00819563 -0.0558872 -2.31468 0.00864896 0.999931 0.00787439 -0.208598 0.0558189 -0.00834519 0.998406 45.2165
0.998413 -0.00757949 -0.0558092 -2.37717 0.00805294 0.999933 0.00826332 -0.21054 0.0557428 -0.00869963 0.998407 46.2091
0.998389 -0.00685015 -0.0563207 -2.44463 0.00719927 0.999956 0.00599822 -0.212382 0.0562771 -0.00639403 0.998395 47.2029
0.998411 -0.00480882 -0.0561377 -2.50987 0.0049609 0.999984 0.00256988 -0.212284 0.0561245 -0.00284429 0.99842 48.1768
0.998351 -0.00453247 -0.0572201 -2.5757 0.0046368 0.999988 0.00169053 -0.219799 0.0572118 -0.00195306 0.99836 49.1578
0.998325 -0.00582044 -0.0575567 -2.63551 0.00602725 0.999976 0.00342016 -0.218304 0.0575354 -0.00376134 0.998337 50.1344
0.998345 -0.00858756 -0.0568669 -2.69094 0.0089379 0.999942 0.00590928 -0.238635 0.0568128 -0.00640776 0.998365 51.1124
0.998302 -0.00894599 -0.0575559 -2.74799 0.00934614 0.999934 0.00668695 -0.236332 0.0574922 -0.00721352 0.99832 52.0977
0.998295 -0.0111046 -0.0572972 -2.80182 0.0114648 0.999916 0.00596039 -0.240987 0.0572263 -0.00660712 0.99834 53.0724
0.998344 -0.0132351 -0.0559851 -2.8525 0.0135591 0.999893 0.0054108 -0.257806 0.0559076 -0.00616095 0.998417 54.0136
0.998256 -0.013644 -0.05743 -2.90856 0.0139903 0.999886 0.00563285 -0.249902 0.0573466 -0.00642649 0.998334 54.9611
0.998312 -0.0192064 -0.0548021 -2.94727 0.0197314 0.999764 0.00905415 -0.216099 0.0546153 -0.0101202 0.998456 55.8943
0.998236 -0.0209835 -0.055544 -3.00103 0.0217753 0.999669 0.0136894 -0.227523 0.0552384 -0.0148747 0.998363 56.8492
0.998253 -0.0226299 -0.0545695 -3.04255 0.0234123 0.999631 0.0137413 -0.218179 0.0542384 -0.0149949 0.998416 57.81
0.99828 -0.0227019 -0.0540514 -3.10008 0.0233486 0.999663 0.0113644 -0.217345 0.0537752 -0.0126069 0.998474 58.7487
0.998246 -0.0220137 -0.0549617 -3.14805 0.0223231 0.999738 0.00502234 -0.209542 0.0548368 -0.00624045 0.998476 59.6819
0.998233 -0.0215055 -0.0553992 -3.19994 0.0215822 0.999767 0.000785466 -0.228049 0.0553694 -0.00197971 0.998464 60.6245
0.99831 -0.01855 -0.0550802 -3.25983 0.018641 0.999826 0.0011383 -0.218082 0.0550495 -0.00216312 0.998481 61.5237
0.998253 -0.0164478 -0.0567425 -3.31114 0.0166307 0.999858 0.00275316 -0.230521 0.0566892 -0.00369202 0.998385 62.4367
0.998209 -0.0152344 -0.057845 -3.37121 0.0154454 0.999876 0.00320116 -0.240744 0.0577891 -0.00408887 0.998321 63.3183
0.998207 -0.0133907 -0.0583402 -3.42475 0.0135994 0.999902 0.00318318 -0.257009 0.0582919 -0.00397086 0.998292 64.1824
0.998098 -0.0122435 -0.0604162 -3.48289 0.0124823 0.999916 0.00357741 -0.266221 0.0603674 -0.00432474 0.998167 65.0414
0.998135 -0.0101663 -0.0601891 -3.53819 0.010454 0.999935 0.00446772 -0.280149 0.0601398 -0.0050886 0.998177 65.8893
0.998025 -0.0114513 -0.0617689 -3.59701 0.0117465 0.999921 0.00441887 -0.305865 0.0617135 -0.00513571 0.998081 66.7375
0.99797 -0.00994802 -0.0629001 -3.65136 0.0102624 0.999937 0.00467663 -0.306095 0.0628496 -0.00531264 0.998009 67.5821
0.997944 -0.00908528 -0.0634329 -3.70682 0.00945686 0.99994 0.00555994 -0.303639 0.0633786 -0.00614839 0.997971 68.3842
0.997829 -0.00903578 -0.0652299 -3.76543 0.00948038 0.999934 0.00650956 -0.306059 0.0651667 -0.00711383 0.997849 69.1767
0.997745 -0.00663039 -0.0667794 -3.8218 0.00715206 0.999946 0.00757569 -0.313747 0.0667256 -0.00803622 0.997739 69.9551
0.997718 -0.00507242 -0.0673273 -3.88028 0.00547338 0.999968 0.00577217 -0.312587 0.0672959 -0.0061275 0.997714 70.7095
0.9976 -0.00265525 -0.0691816 -3.94834 0.00266262 0.999996 1.42335e-05 -0.313357 0.0691814 -0.000198402 0.997604 71.4393
0.997564 -0.00176625 -0.0697311 -4.00245 0.00144078 0.999988 -0.00471748 -0.351939 0.0697386 0.00460552 0.997555 72.1622
0.997523 -0.00326739 -0.0702557 -4.06139 0.00277692 0.999971 -0.00707778 -0.395996 0.0702768 0.00686516 0.997504 72.9243
0.997482 -0.00205805 -0.0708812 -4.11527 0.00168159 0.999984 -0.00537047 -0.412771 0.0708912 0.00523776 0.99747 73.6035
0.997436 -0.00218562 -0.0715308 -4.16315 0.0018256 0.999985 -0.00509803 -0.425992 0.071541 0.00495437 0.997425 74.2589
0.997372 -0.00485119 -0.0722792 -4.20642 0.00428895 0.999959 -0.00793191 -0.447464 0.0723148 0.00760107 0.997353 74.9201
0.997347 -0.011215 -0.0719234 -4.24708 0.0103617 0.999872 -0.0122251 -0.480125 0.0720513 0.0114474 0.997335 75.5341
0.997419 -0.0143373 -0.070349 -4.29219 0.0132197 0.999779 -0.0163263 -0.48414 0.0705676 0.0153542 0.997389 76.138
0.997622 -0.0130557 -0.0676689 -4.33719 0.0119897 0.999798 -0.0161368 -0.505987 0.0678659 0.0152871 0.997577 76.72
0.997943 -0.00957651 -0.0633876 -4.39142 0.00874025 0.999871 -0.013457 -0.517049 0.0635083 0.0128753 0.997898 77.3236
0.998243 -0.01021 -0.0583575 -4.42702 0.00948214 0.999874 -0.0127365 -0.540656 0.0584803 0.0121607 0.998214 77.8849
0.998515 -0.0126838 -0.0529705 -4.44493 0.0122278 0.999885 -0.0089236 -0.560442 0.0530777 0.00826264 0.998556 78.4345
0.998861 -0.0162812 -0.0448388 -4.46652 0.0160438 0.999855 -0.00564759 -0.591863 0.0449243 0.00492178 0.998978 78.9918
0.999305 -0.0141152 -0.0344929 -4.48539 0.0139338 0.999888 -0.00549403 -0.582498 0.0345666 0.0050096 0.99939 79.5157
0.999763 -0.00992943 -0.0193776 -4.50482 0.00982515 0.999937 -0.00546944 -0.58533 0.0194307 0.00527776 0.999797 80.0286
0.999985 -0.00534461 -0.00122996 -4.51463 0.00533924 0.999977 -0.00432846 -0.588878 0.00125309 0.00432183 0.99999 80.5496
0.999777 -0.005877 0.0202865 -4.49607 0.0059436 0.999977 -0.00322402 -0.599368 -0.020267 0.00334388 0.999789 81.0299
0.998866 -0.008618 0.0468271 -4.4619 0.00873043 0.99996 -0.00219708 -0.60902 -0.0468062 0.00260341 0.998901 81.5139
0.997083 -0.00877292 0.0758096 -4.41575 0.00885829 0.999961 -0.000789856 -0.610207 -0.0757997 0.0014591 0.997122 81.9793
0.994016 -0.00858434 0.108899 -4.35623 0.00850213 0.999963 0.0012192 -0.615782 -0.108905 -0.000286032 0.994052 82.4384
0.989194 -0.00894045 0.146336 -4.2796 0.00869547 0.99996 0.00231374 -0.622974 -0.146351 -0.00101627 0.989232 82.8973
0.982282 -0.00862231 0.18721 -4.18247 0.00822531 0.999962 0.00289733 -0.622389 -0.187228 -0.00130614 0.982316 83.3243
0.972586 -0.00813896 0.232399 -4.06233 0.00749516 0.999965 0.00365315 -0.650639 -0.232421 -0.00181113 0.972614 83.7606
0.959604 -0.00689678 0.281268 -3.93276 0.00611931 0.999975 0.00364242 -0.651264 -0.281286 -0.00177411 0.959623 84.1769
0.942732 -0.00559262 0.333505 -3.77347 0.00490556 0.999984 0.0029022 -0.662821 -0.333516 -0.00109997 0.942744 84.556
0.921362 -0.00576998 0.388663 -3.59344 0.00511506 0.999983 0.00271974 -0.664499 -0.388672 -0.000517827 0.921376 84.9392
0.895761 -0.00521139 0.444504 -3.3955 0.00463283 0.999987 0.00238784 -0.662637 -0.444511 -7.96194e-05 0.895773 85.2908
0.865422 -0.0043704 0.501024 -3.17776 0.00403105 0.99999 0.00176002 -0.665809 -0.501027 0.000496497 0.865432 85.6225
0.830564 -0.0055654 0.556895 -2.91947 0.00529499 0.999984 0.00209641 -0.671812 -0.556898 0.00120755 0.83058 85.9486
0.792507 -0.00597467 0.609833 -2.66839 0.00556371 0.999981 0.00256673 -0.681598 -0.609838 0.00135879 0.792525 86.2252
0.751018 -0.00695626 0.660245 -2.3774 0.00612553 0.999975 0.00356793 -0.70031 -0.660253 0.00136478 0.751042 86.5033
0.706967 -0.0069506 0.707213 -2.09641 0.00395236 0.999975 0.00587694 -0.692822 -0.707236 -0.00135964 0.706976 86.7583
0.660592 -0.00810053 0.750701 -1.78791 0.00400212 0.999966 0.00726852 -0.698691 -0.750734 -0.00179713 0.660602 86.997
0.612737 -0.0101665 0.790221 -1.46332 0.00576997 0.999948 0.00839069 -0.697699 -0.790266 -0.000581731 0.612764 87.2205
0.564944 -0.0122925 0.825037 -1.14316 0.00909778 0.999921 0.00866842 -0.698083 -0.825079 0.00260884 0.565011 87.4003
0.516904 -0.0108945 0.855974 -0.807079 0.00749432 0.999938 0.00820115 -0.687606 -0.856011 0.00217574 0.516953 87.5799
0.46895 -0.00850643 0.883183 -0.470066 0.00384778 0.999964 0.00758813 -0.674508 -0.883216 -0.00016016 0.468966 87.7357
0.422525 -0.00787432 0.906317 -0.136736 0.00339507 0.999969 0.00710522 -0.682958 -0.906345 7.48805e-05 0.422539 87.8858
0.37887 -0.00946121 0.925401 0.225471 0.00712796 0.999948 0.0073051 -0.675121 -0.925422 0.00382854 0.378918 88.005
0.338682 -0.0169538 0.940748 0.589695 0.0191126 0.999755 0.0111364 -0.685746 -0.940707 0.0142085 0.338923 88.0863
0.302709 -0.0193447 0.952887 0.958114 0.0229759 0.999652 0.0129953 -0.676564 -0.952806 0.0179596 0.303047 88.1692
0.268886 -0.015794 0.963042 1.33073 0.0193599 0.999752 0.0109907 -0.670627 -0.962977 0.0156891 0.269125 88.2707
0.237331 -0.00994373 0.971378 1.69208 0.0102361 0.999918 0.00773496 -0.668239 -0.971375 0.00810738 0.237413 88.3664
0.208712 -0.00678563 0.977954 2.0785 0.00610904 0.999966 0.00563459 -0.661364 -0.977958 0.00479836 0.208746 88.4487
0.182392 -0.00583445 0.983209 2.47974 0.00617647 0.99997 0.00478815 -0.671878 -0.983207 0.00519944 0.182422 88.5208
0.158734 -0.00465142 0.98731 2.89104 0.0118177 0.999926 0.00281088 -0.668731 -0.987251 0.0112215 0.158777 88.5624
0.137732 -0.000662915 0.990469 3.30555 0.0156484 0.999876 -0.00150681 -0.668231 -0.990346 0.0157068 0.137725 88.596
0.117552 0.00560779 0.993051 3.73642 0.0159873 0.999844 -0.00753864 -0.649622 -0.992938 0.0167624 0.117444 88.6389
0.0995449 0.00675695 0.99501 4.178 0.0143658 0.999863 -0.00822712 -0.642669 -0.994929 0.0151131 0.099434 88.6734
0.0834056 0.00351932 0.996509 4.64138 0.0137781 0.999894 -0.00468447 -0.644577 -0.996421 0.0141207 0.0833481 88.7088
0.0682256 0.000943779 0.997669 5.12148 0.0151929 0.999883 -0.00198483 -0.65871 -0.997554 0.0152929 0.068203 88.741
0.0545679 -0.0014193 0.998509 5.60791 0.0180232 0.999837 0.000436232 -0.664592 -0.998347 0.0179726 0.0545844 88.7543
0.0421168 -0.00207711 0.99911 6.11739 0.0220129 0.999757 0.00115052 -0.674287 -0.99887 0.0219449 0.042152 88.7631
0.0322274 -0.00186763 0.999479 6.62541 0.0224755 0.999747 0.00114343 -0.676068 -0.999228 0.0224269 0.032261 88.7701
0.0241889 -0.00146954 0.999706 7.16158 0.0243998 0.999702 0.000879164 -0.674416 -0.99941 0.0243713 0.0242173 88.7834
0.0173568 -0.00129118 0.999848 7.70817 0.0242288 0.999706 0.0008704 -0.679199 -0.999556 0.02421 0.0173827 88.7983
0.0119055 -0.000575784 0.999929 8.2682 0.0245794 0.999698 0.000283005 -0.66609 -0.999627 0.0245743 0.0119158 88.8091
0.00526287 -0.000484663 0.999986 8.84634 0.0243146 0.999704 0.000356566 -0.66922 -0.999691 0.0243124 0.00527284 88.8257
0.000260328 -0.000950218 0.999999 9.46947 0.0255218 0.999674 0.00094327 -0.666641 -0.999674 0.0255216 0.000284243 88.8275
-0.00256665 -0.000206084 0.999996 10.0759 0.0245345 0.999699 0.000268999 -0.665812 -0.999696 0.0245351 -0.00256108 88.8232
-0.00701649 -0.00166904 0.999974 10.7237 0.0244436 0.9997 0.0018401 -0.667058 -0.999677 0.0244559 -0.00697384 88.8123
-0.0115781 -0.00157169 0.999931 11.3788 0.0249522 0.999687 0.00186023 -0.67481 -0.999622 0.024972 -0.0115356 88.8144
-0.0138 -0.00171144 0.999903 12.0448 0.0289567 0.999579 0.00211054 -0.684647 -0.999485 0.0289831 -0.0137449 88.7939
-0.0147862 -0.00142947 0.999889 12.7463 0.0313683 0.999506 0.0018928 -0.689947 -0.999399 0.0313929 -0.0147343 88.8086
-0.0122556 -0.00168663 0.999923 13.4331 0.0324342 0.999472 0.0020834 -0.695676 -0.999399 0.0324572 -0.0121947 88.7921
-0.0103626 -0.00140835 0.999945 14.1452 0.0333733 0.999442 0.0017535 -0.695445 -0.999389 0.0333897 -0.0103101 88.8143
-0.0057828 -0.000676299 0.999983 14.8815 0.0351968 0.99938 0.000879436 -0.704114 -0.999364 0.0352013 -0.00575566 88.7924
-0.00279011 -0.000685147 0.999996 15.6297 0.0374114 0.9993 0.000789058 -0.715535 -0.999296 0.0374135 -0.00276277 88.7981
0.000517954 -0.00170808 0.999998 16.4158 0.0380764 0.999274 0.00168713 -0.712995 -0.999275 0.0380755 0.000582368 88.8018
0.00273511 -0.00322642 0.999991 17.2301 0.035926 0.99935 0.00312609 -0.709768 -0.999351 0.0359171 0.002849 88.8111
0.00706266 -0.0044399 0.999965 18.0273 0.0318431 0.999484 0.00421287 -0.704578 -0.999468 0.0318123 0.00720015 88.8249
0.010505 -0.00368702 0.999938 18.8373 0.0307151 0.999523 0.00336281 -0.710793 -0.999473 0.0306779 0.010613 88.8362
0.0143924 -0.00148153 0.999895 19.6309 0.0303156 0.99954 0.00104465 -0.715606 -0.999437 0.0302974 0.0144305 88.8643
0.0142839 0.00292213 0.999893 20.4448 0.024496 0.999695 -0.00327148 -0.712546 -0.999598 0.0245401 0.0142077 88.9079
0.0118224 0.00523337 0.999916 21.2934 0.0219854 0.999743 -0.00549241 -0.732051 -0.999688 0.0220485 0.0117041 88.9192
0.0121895 0.00440262 0.999916 22.119 0.0202037 0.999785 -0.00464834 -0.743395 -0.999722 0.0202587 0.0120977 88.9436
0.0105958 0.00250137 0.999941 22.9672 0.0185911 0.999824 -0.00269808 -0.755334 -0.999771 0.0186186 0.0105472 88.9665
0.00820899 0.00254027 0.999963 23.7996 0.0170089 0.999852 -0.00267961 -0.7735 -0.999822 0.0170303 0.00816432 88.9779
0.00874873 0.00255021 0.999958 24.6263 0.0147406 0.999888 -0.002679 -0.780692 -0.999853 0.0147635 0.00870991 89.0042
0.00788445 0.00264917 0.999965 25.4406 0.0134885 0.999905 -0.00275536 -0.795098 -0.999878 0.0135098 0.00784773 89.0128
0.00475107 0.00361546 0.999982 26.2719 0.0102562 0.999941 -0.00366404 -0.85208 -0.999936 0.0102735 0.00471347 89.0305
0.00332981 0.00396104 0.999986 27.0809 0.00630352 0.999972 -0.00398197 -0.860521 -0.999975 0.0063167 0.0033045 89.0571
-0.000703379 0.00322332 0.999994 27.9173 0.00401743 0.999987 -0.00322046 -0.868342 -0.999992 0.00401514 -0.000716563 89.073
-0.00442617 0.00200363 0.999988 28.7306 0.00162754 0.999997 -0.00199644 -0.87521 -0.999989 0.00161869 -0.00442966 89.0841
-0.0105928 4.55922e-05 0.999944 29.5551 -0.00147473 0.999999 -6.1213e-05 -0.888698 -0.999943 -0.00147529 -0.010593 89.0891
-0.0180636 -0.00216505 0.999834 30.3746 -0.00391085 0.99999 0.00209474 -0.90975 -0.999829 -0.00387236 -0.0180722 89.088
-0.0255844 -0.00285466 0.999668 31.1993 -0.00422541 0.999988 0.00274743 -0.919455 -0.999664 -0.00415371 -0.0255963 89.0784
-0.0346036 -0.00278445 0.999397 32.0041 -0.00538983 0.999982 0.00259946 -0.919195 -0.999387 -0.00529662 -0.0346182 89.056
-0.0454118 -0.00293355 0.998964 32.8126 -0.00550677 0.999982 0.00268621 -0.927273 -0.998953 -0.00537908 -0.0454274 89.0236
-0.0552333 -0.0035661 0.998467 33.6106 -0.00479025 0.999983 0.00330653 -0.935776 -0.998462 -0.00460027 -0.0552497 88.984
-0.0669204 -0.00466615 0.997747 34.4161 -0.00581543 0.999974 0.00428652 -0.937525 -0.997741 -0.00551546 -0.0669461 88.9415
-0.0780574 -0.00494091 0.996936 35.2193 -0.00428708 0.999981 0.00462034 -0.928334 -0.99694 -0.00391329 -0.0780773 88.8806
-0.0892109 -0.00553028 0.995997 36.0042 -0.00466046 0.999976 0.00513494 -0.936718 -0.996002 -0.00418371 -0.0892348 88.8159
-0.100708 -0.00437364 0.994906 36.8117 -0.0055723 0.999977 0.00383189 -0.945995 -0.994901 -0.00515801 -0.10073 88.7224
-0.110801 -0.00436921 0.993833 37.5801 -0.00604847 0.999975 0.00372188 -0.952129 -0.993824 -0.00559877 -0.110824 88.6404
-0.122241 -0.00265748 0.992496 38.3698 -0.00571073 0.999982 0.00197416 -0.963683 -0.992484 -0.00542655 -0.122255 88.5305
-0.132033 -0.00161647 0.991244 39.1326 -0.00433761 0.99999 0.00105297 -0.981824 -0.991236 -0.0041606 -0.132039 88.4246
-0.140912 -0.0018409 0.99002 39.8891 -0.00359419 0.999993 0.00134788 -0.988236 -0.990016 -0.00336839 -0.140917 88.3146
-0.150379 -0.00161249 0.988627 40.642 -0.00407922 0.999991 0.00101055 -0.994473 -0.98862 -0.00388086 -0.150384 88.179
-0.158542 -0.00189875 0.98735 41.3774 -0.00220971 0.999997 0.00156826 -0.997792 -0.98735 -0.00193312 -0.158545 88.0553
-0.166423 -0.00141731 0.986053 42.1335 -0.00114465 0.999999 0.00124417 -1.00554 -0.986054 -0.000921621 -0.166425 87.933
-0.172053 -0.00300748 0.985083 42.8593 0.000393732 0.999995 0.00312178 -1.00747 -0.985088 0.000924978 -0.172052 87.7999
-0.175932 -0.00403652 0.984394 43.5712 0.00344066 0.999983 0.00471536 -1.00374 -0.984396 0.00421656 -0.175916 87.6621
-0.178772 -0.00358713 0.983884 44.2699 0.00549246 0.999974 0.00464378 -0.995307 -0.983876 0.00623412 -0.178748 87.5332
-0.181067 -0.00393305 0.983463 44.9498 0.00543689 0.999973 0.00500008 -0.992849 -0.983456 0.00625234 -0.181041 87.408
-0.183243 -0.00315024 0.983062 45.5849 0.00355726 0.999986 0.00386755 -0.989013 -0.983061 0.00420571 -0.18323 87.2911
-0.18258 -0.00277652 0.983187 46.2341 0.00453826 0.999983 0.00366672 -0.993643 -0.983181 0.00513143 -0.182565 87.1702
-0.180187 -0.00235725 0.983629 46.869 0.00512039 0.999982 0.00333442 -0.998769 -0.983619 0.00563739 -0.180172 87.0592
-0.175259 -0.00150527 0.984521 47.4967 0.00552368 0.999982 0.0025122 -0.999336 -0.984507 0.00587847 -0.175248 86.9598
-0.168268 -0.000998928 0.98574 48.1066 0.00632329 0.999978 0.00209276 -0.998311 -0.985721 0.00658528 -0.168259 86.8559
-0.157295 -0.000820924 0.987551 48.6849 0.00652189 0.999977 0.00187005 -1.00034 -0.98753 0.00673486 -0.157286 86.766
-0.143899 -0.000492151 0.989592 49.2608 0.00737846 0.999972 0.00157024 -0.999475 -0.989565 0.00752762 -0.143892 86.696
-0.127409 0.000441182 0.99185 49.8037 0.00751855 0.999972 0.00052101 -0.997377 -0.991822 0.00752367 -0.127409 86.6329
-0.106518 0.00200574 0.994308 50.3401 0.00727164 0.999973 -0.00123817 -1.00566 -0.994284 0.00709837 -0.10653 86.585
-0.0824243 0.00512205 0.996584 50.8562 0.00670715 0.999967 -0.0045847 -1.01127 -0.996575 0.00630636 -0.0824561 86.5533
-0.0544844 0.00713393 0.998489 51.3854 0.00558851 0.999961 -0.0068395 -1.01777 -0.998499 0.00520743 -0.0545223 86.5412
-0.0211271 0.00652405 0.999755 51.9209 0.00367096 0.999973 -0.00644789 -1.03562 -0.99977 0.00353384 -0.0211506 86.541
0.0168791 0.00482453 0.999846 52.4496 0.00451529 0.999978 -0.00490139 -1.03441 -0.999848 0.00459733 0.0168568 86.5667
0.0581518 0.00260753 0.998304 52.9759 0.00349973 0.99999 -0.00281579 -1.0295 -0.998302 0.00365754 0.058142 86.6191
0.103775 -0.001783 0.994599 53.5006 0.000840723 0.999998 0.00170497 -1.0396 -0.994601 0.000659255 0.103777 86.6888
0.152336 -0.00406769 0.98832 54.0131 -0.00109707 0.99999 0.00428483 -1.038 -0.988328 -0.00173699 0.15233 86.7905
0.203611 -0.00487363 0.979039 54.494 -0.00387974 0.999976 0.00578473 -1.02846 -0.979044 -0.00497625 0.203587 86.9233
0.259063 -0.0046335 0.965849 54.9783 -0.00368335 0.999977 0.00578518 -1.02516 -0.965854 -0.00505628 0.259039 87.0699
0.318114 -0.0027578 0.948048 55.4435 -0.00333964 0.999986 0.00402949 -1.01336 -0.948047 -0.00444797 0.3181 87.2382
0.37996 0.00198814 0.925 55.8822 -0.00276883 0.999996 -0.00101199 -1.00335 -0.924999 -0.00217665 0.379964 87.4312
0.441801 0.00567121 0.897095 56.3093 -0.00102542 0.999983 -0.00581664 -1.00815 -0.897112 0.0016499 0.4418 87.6677
0.502396 0.0106053 0.864572 56.7079 -0.00290612 0.99994 -0.010577 -1.00089 -0.864633 0.0028013 0.502396 87.9185
0.561187 0.0140238 0.82757 57.0813 -0.00696374 0.999901 -0.0122219 -0.996387 -0.82766 0.0010958 0.56123 88.221
0.617414 0.0150411 0.786494 57.4357 -0.00651683 0.999881 -0.0140062 -0.998649 -0.786611 0.00352216 0.617439 88.5321
0.67003 0.0147325 0.742187 57.769 -0.00678757 0.999883 -0.0137202 -1.01744 -0.742303 0.00415529 0.670052 88.8545
0.719145 0.0109375 0.694773 58.0876 -0.00577169 0.999936 -0.00976739 -1.03228 -0.694835 0.00301416 0.719163 89.2354
0.764607 0.0075196 0.644452 58.3718 -0.00568433 0.999972 -0.00492374 -1.03517 -0.644471 0.000101453 0.764629 89.6212
0.805256 0.00394499 0.592913 58.6328 -0.00611659 0.99998 0.00165372 -1.04648 -0.592895 -0.00495827 0.805265 90.0115
0.840529 0.00104673 0.541765 58.8706 -0.00508191 0.999969 0.00595238 -1.05691 -0.541743 -0.00775634 0.840509 90.4352
0.869791 -5.69509e-05 0.49342 59.0856 -0.00598921 0.999925 0.0106731 -1.07001 -0.493384 -0.0122385 0.869726 90.8598
0.893563 0.00206423 0.448933 59.2715 -0.00935169 0.999858 0.0140163 -1.07017 -0.448841 -0.0167227 0.893456 91.3058
0.912201 0.00665551 0.409688 59.4493 -0.0144145 0.99977 0.0158534 -1.06251 -0.409488 -0.020367 0.912088 91.7694
0.926781 0.0116094 0.375423 59.5962 -0.0186012 0.999714 0.0150049 -1.05248 -0.375141 -0.0208896 0.926732 92.2099
0.938672 0.0151227 0.344478 59.7577 -0.0214386 0.999665 0.0145328 -1.02379 -0.344143 -0.0210267 0.938682 92.6769
0.947114 0.0124898 0.320653 59.9183 -0.0182719 0.99972 0.0150296 -1.04451 -0.320376 -0.0200936 0.947078 93.1487
0.952366 0.0104922 0.304775 60.0646 -0.0161334 0.999742 0.015997 -1.04115 -0.304529 -0.0201521 0.95229 93.6281
0.956267 0.0139711 0.29216 60.1958 -0.0194362 0.999686 0.0158117 -1.03363 -0.291847 -0.0207987 0.956239 94.1147
0.95898 0.0197724 0.282781 60.3199 -0.0255789 0.999531 0.0168558 -1.01271 -0.282315 -0.0233976 0.959037 94.6007
0.960793 0.0250035 0.276137 60.4448 -0.0306755 0.999398 0.0162399 -1.01174 -0.275565 -0.0240739 0.960981 95.1174
0.962475 0.0285377 0.269865 60.5931 -0.0329912 0.999384 0.0119803 -0.992878 -0.269357 -0.020434 0.962824 95.6547
0.96278 0.029218 0.268701 60.7339 -0.0331217 0.999401 0.0100051 -1.00531 -0.268248 -0.0185325 0.963172 96.1891
0.962771 0.0299726 0.268649 60.8919 -0.0333235 0.999413 0.00792078 -1.00252 -0.268254 -0.0165782 0.963206 96.7267
0.962095 0.0316178 0.270873 61.052 -0.0332665 0.999445 0.00149617 -0.998274 -0.270676 -0.0104505 0.962614 97.2833
0.961238 0.0338796 0.27363 61.2114 -0.0346188 0.999398 -0.00212836 -1.00924 -0.273537 -0.00742687 0.961833 97.8546
0.960209 0.0400205 0.2764 61.3753 -0.0408044 0.999163 -0.00291701 -0.990363 -0.276285 -0.00847739 0.961039 98.4505
0.959194 0.0408879 0.279776 61.5413 -0.0423807 0.999101 -0.000714343 -1.0011 -0.279555 -0.0111719 0.960065 99.041
0.958573 0.0395859 0.28208 61.7193 -0.042897 0.999064 0.00556965 -0.997495 -0.281596 -0.0174393 0.959375 99.6482
0.958016 0.0355545 0.284501 61.8964 -0.0399451 0.999155 0.00964363 -0.985967 -0.283918 -0.0206032 0.958628 100.248
0.957262 0.0330158 0.287331 62.0795 -0.0386314 0.999157 0.0138946 -0.981765 -0.28663 -0.0244007 0.957731 100.876
0.957307 0.0284993 0.287664 62.2709 -0.0342849 0.999298 0.0150936 -0.97835 -0.287033 -0.0243118 0.957612 101.509
0.957481 0.0260575 0.287316 62.4559 -0.0311871 0.999425 0.0132901 -0.96415 -0.286805 -0.0216856 0.957744 102.141
0.958114 0.0250095 0.285291 62.6441 -0.0284948 0.999561 0.00807145 -0.976894 -0.284964 -0.0158627 0.958407 102.795
0.958527 0.0260883 0.283804 62.8326 -0.0278171 0.999611 0.00206218 -0.977805 -0.28364 -0.00987125 0.95888 103.453
0.959462 0.028766 0.280365 63.0142 -0.0297568 0.999557 -0.000723332 -0.986429 -0.280262 -0.00764875 0.959893 104.116
0.960344 0.0264846 0.277557 63.2132 -0.0283753 0.999593 0.00279651 -0.98785 -0.27737 -0.0105614 0.960705 104.809
0.961173 0.0223337 0.275039 63.4196 -0.0255018 0.999643 0.00794753 -0.994876 -0.274763 -0.0146529 0.9614 105.523
0.961956 0.0161301 0.272724 63.6107 -0.0201899 0.999723 0.0120861 -0.998179 -0.272454 -0.0171326 0.962016 106.244
0.962136 0.0181338 0.271962 63.7913 -0.0218361 0.999706 0.0105928 -0.994019 -0.271691 -0.0161303 0.96225 106.925
0.96285 0.0251938 0.268859 63.9744 -0.0280539 0.999583 0.00680062 -0.987287 -0.268575 -0.0140905 0.963156 107.646
0.964107 0.024623 0.264367 64.174 -0.0261347 0.999656 0.00220196 -1.004 -0.264222 -0.00903208 0.96442 108.397
0.965348 0.0248895 0.259774 64.381 -0.0257449 0.999669 -0.000109329 -0.997461 -0.25969 -0.00658232 0.96567 109.139
0.966477 0.023732 0.255653 64.5834 -0.0246004 0.999697 0.000198872 -0.989602 -0.255571 -0.00648137 0.966769 109.898
0.96764 0.021559 0.251412 64.7863 -0.0228619 0.999736 0.00226231 -1.00199 -0.251298 -0.00793687 0.967878 110.687
0.968668 0.0204391 0.247516 64.9971 -0.0222472 0.999742 0.00450982 -0.983317 -0.24736 -0.00987504 0.968874 111.486
0.969117 0.0171579 0.246002 65.2069 -0.0191531 0.9998 0.00572007 -0.979619 -0.245855 -0.0102551 0.969253 112.277
0.969461 0.0134949 0.244872 65.4172 -0.0160178 0.999837 0.00831416 -0.994443 -0.24472 -0.0119826 0.96952 113.082
0.969497 0.0133827 0.244738 65.6082 -0.0160107 0.999834 0.00875149 -0.984986 -0.24458 -0.012403 0.96955 113.873
0.969618 0.0176973 0.243981 65.8093 -0.0203804 0.999756 0.00847681 -0.975208 -0.243771 -0.0131917 0.969743 114.721
0.969541 0.0217662 0.243957 66.0102 -0.024126 0.999687 0.00668886 -0.975817 -0.243735 -0.0123708 0.969763 115.541
0.969005 0.0269651 0.245566 66.1957 -0.0294391 0.999546 0.00640851 -0.968435 -0.245282 -0.0134391 0.969359 116.356
0.968682 0.0309153 0.246372 66.3981 -0.0340245 0.999386 0.00837201 -0.967308 -0.245962 -0.0164925 0.969139 117.2
0.968412 0.0322663 0.247258 66.6133 -0.0354855 0.999334 0.00857332 -0.962129 -0.246817 -0.0170766 0.968912 118.041
0.967725 0.0333905 0.249785 66.8284 -0.0365841 0.999297 0.00815232 -0.970111 -0.249337 -0.0170274 0.968267 118.871
0.967454 0.0316251 0.251064 67.0467 -0.0345761 0.999375 0.00735041 -0.95849 -0.250675 -0.015792 0.967943 119.709
0.967395 0.0248938 0.252045 67.277 -0.0275565 0.999595 0.00703935 -0.974759 -0.251768 -0.0137553 0.96769 120.533
0.967659 0.0217601 0.251322 67.5085 -0.0242184 0.999684 0.00669228 -0.978156 -0.251098 -0.0125625 0.96788 121.363
0.967497 0.021329 0.251982 67.7208 -0.0237131 0.999698 0.00642829 -0.967471 -0.251769 -0.0121946 0.967711 122.208
0.966954 0.0249526 0.253725 67.9276 -0.0282989 0.999554 0.00954702 -0.968358 -0.253374 -0.0164117 0.967229 123.036
0.96688 0.0279877 0.25369 68.1313 -0.0326712 0.999364 0.0142665 -0.954325 -0.25313 -0.0220824 0.96718 123.886
0.966574 0.0302231 0.254598 68.3457 -0.0356057 0.999229 0.0165587 -0.932033 -0.253901 -0.0250704 0.966905 124.717
0.966124 0.030418 0.25628 68.5479 -0.0345276 0.999337 0.0115506 -0.929687 -0.255759 -0.020008 0.966534 125.529
0.966429 0.0260462 0.255609 68.7687 -0.0264462 0.999649 -0.0018723 -0.948728 -0.255568 -0.00495046 0.966779 126.343
0.966739 0.0236328 0.254671 68.9845 -0.0224589 0.99972 -0.0075166 -0.980231 -0.254777 0.00154695 0.966999 127.157
0.966803 0.0214728 0.254618 69.2069 -0.0222291 0.999753 9.28936e-05 -0.966738 -0.254554 -0.00574976 0.967042 127.982
0.967712 0.014122 0.251663 69.4372 -0.0187286 0.999698 0.0159186 -0.968445 -0.251363 -0.0201179 0.967684 128.847
0.967927 0.0089736 0.25107 69.6571 -0.0164786 0.999478 0.0278058 -0.962202 -0.25069 -0.0310513 0.96757 129.67
0.968353 0.0129608 0.249245 69.8543 -0.0196492 0.99951 0.0243652 -0.961706 -0.248808 -0.0284916 0.968134 130.482
0.968661 0.0207264 0.247518 70.0432 -0.0243432 0.999637 0.0115603 -0.945134 -0.247189 -0.0172234 0.968814 131.288
0.968829 0.0224902 0.246707 70.2475 -0.0242581 0.999697 0.00412891 -0.946767 -0.24654 -0.00998487 0.969082 132.089
0.969732 0.0200828 0.243344 70.462 -0.0213875 0.999768 0.00272081 -0.97384 -0.243234 -0.007843 0.969936 132.91
0.970647 0.0156769 0.239995 70.6632 -0.016439 0.999864 0.00117374 -0.989361 -0.239944 -0.00508456 0.970774 133.728
0.971703 0.015494 0.235698 70.8513 -0.0163715 0.999865 0.00176633 -1.00805 -0.235639 -0.00557508 0.971825 134.517
0.972957 0.0169926 0.230361 71.0325 -0.0178032 0.999841 0.00144035 -1.00957 -0.230301 -0.00550257 0.973104 135.317
0.973609 0.0214509 0.227211 71.2076 -0.021927 0.99976 -0.000428766 -1.00363 -0.227166 -0.00456461 0.973846 136.109
0.97423 0.0247824 0.224188 71.3745 -0.0255131 0.999675 0.000362748 -1.01899 -0.224107 -0.00607316 0.974546 136.919
0.974775 0.0261057 0.221655 71.5538 -0.0271349 0.999631 0.00159883 -1.02815 -0.221531 -0.00757309 0.975124 137.713
0.975072 0.0246379 0.220514 71.7302 -0.0263913 0.999639 0.00500826 -1.03625 -0.220312 -0.0107031 0.975371 138.5
0.975627 0.023784 0.218141 71.9137 -0.0253522 0.999669 0.00439264 -1.03591 -0.217964 -0.00981593 0.975908 139.292
0.976307 0.0217786 0.215291 72.0814 -0.0229031 0.999734 0.00272966 -1.03028 -0.215174 -0.00759581 0.976546 140.07
0.977345 0.019843 0.210718 72.2461 -0.0200888 0.999798 -0.000974348 -1.02689 -0.210694 -0.00328079 0.977547 140.844
0.978956 0.018854 0.203197 72.4148 -0.0188864 0.99982 -0.00177999 -1.03774 -0.203194 -0.00209513 0.979136 141.637
0.980432 0.0169274 0.196127 72.575 -0.0176164 0.999843 0.00176921 -1.04983 -0.196067 -0.00518966 0.980577 142.423
0.981488 0.0149183 0.19094 72.7225 -0.0168995 0.999819 0.00875183 -1.04326 -0.190775 -0.0118166 0.981563 143.206
0.982537 0.0129961 0.18561 72.8742 -0.0164782 0.999716 0.0172301 -1.05783 -0.185333 -0.0199877 0.982473 144.013
0.983239 0.0133301 0.181832 73.0062 -0.0168763 0.999696 0.0179688 -1.05224 -0.181538 -0.0207363 0.983166 144.802
0.984278 0.0137706 0.176085 73.1432 -0.0166177 0.999754 0.0147048 -1.08422 -0.17584 -0.0173998 0.984265 145.599
0.985421 0.0140194 0.169551 73.2671 -0.0153025 0.999864 0.00626301 -1.09268 -0.16944 -0.00876626 0.985502 146.384
0.986522 0.00962578 0.163347 73.3976 -0.0100827 0.999947 0.00196844 -1.107 -0.16332 -0.00358889 0.986567 147.18
0.987791 0.00802786 0.15558 73.5318 -0.00836285 0.999964 0.00149875 -1.10742 -0.155562 -0.00278155 0.987822 147.999
0.988911 0.0134775 0.147898 73.6353 -0.0140445 0.999898 0.00279016 -1.09453 -0.147846 -0.00483638 0.988999 148.813
0.989947 0.0191934 0.140126 73.7358 -0.0195239 0.999809 0.00098465 -1.09425 -0.140081 -0.00371057 0.990133 149.625
0.991296 0.0229422 0.12964 73.8404 -0.0228792 0.999736 -0.00197541 -1.10186 -0.129651 -0.00100785 0.991559 150.452
0.992473 0.0209834 0.12065 73.9509 -0.0207343 0.99978 -0.00331967 -1.11417 -0.120693 0.000793092 0.99269 151.275
0.99339 0.0200663 0.113019 74.0322 -0.0202215 0.999796 0.000226662 -1.11736 -0.112992 -0.00251059 0.993593 152.115
0.994383 0.0222221 0.103485 74.1119 -0.0229593 0.999719 0.00593731 -1.11328 -0.103324 -0.0082799 0.994613 152.955
0.995122 0.0254457 0.0953065 74.1769 -0.0265468 0.999595 0.0103024 -1.11898 -0.0950058 -0.0127822 0.995395 153.793
0.995923 0.0250287 0.0866596 74.249 -0.0264109 0.999541 0.0148391 -1.13045 -0.0862485 -0.0170674 0.996128 154.614
0.996491 0.025519 0.079709 74.3182 -0.0268001 0.999528 0.0150441 -1.14106 -0.0792875 -0.0171275 0.996705 155.445
0.996804 0.0248665 0.0759176 74.3708 -0.0260225 0.99956 0.0142756 -1.13482 -0.0755292 -0.0162056 0.997012 156.251
0.997091 0.0286337 0.0706404 74.4146 -0.0294638 0.999508 0.010737 -1.10979 -0.0702983 -0.0127871 0.997444 157.085
0.997143 0.0345988 0.0671457 74.4421 -0.035089 0.999366 0.00613537 -1.09268 -0.0668908 -0.00847392 0.997724 157.887
0.997286 0.0350835 0.064728 74.4894 -0.0355027 0.999356 0.00533677 -1.098 -0.0644991 -0.00762031 0.997889 158.709
0.997552 0.0351248 0.0604705 74.5309 -0.0358776 0.999291 0.011409 -1.09405 -0.0600269 -0.0135506 0.998105 159.545
0.997547 0.0368733 0.0594899 74.5647 -0.038084 0.999088 0.0193468 -1.09881 -0.0587222 -0.021565 0.998041 160.402
0.997795 0.036953 0.0551221 74.6015 -0.0384327 0.998923 0.026029 -1.11282 -0.0541009 -0.0280901 0.99814 161.245
0.998137 0.0353511 0.0497249 74.6435 -0.0365611 0.999052 0.0236366 -1.11088 -0.0488422 -0.0254105 0.998483 162.08
0.998681 0.0252657 0.0446923 74.6838 -0.0260647 0.999509 0.0173867 -1.12242 -0.0442311 -0.0185287 0.99885 162.909
0.999024 0.0248605 0.0364863 74.7141 -0.0253399 0.999598 0.0127353 -1.11401 -0.036155 -0.0136475 0.999253 163.737
0.999242 0.0257882 0.0291614 74.7238 -0.0261951 0.999564 0.0136609 -1.09382 -0.0287964 -0.0144145 0.999481 164.558
0.999509 0.023321 0.0209217 74.7337 -0.0236941 0.999562 0.017767 -1.10749 -0.0204982 -0.018254 0.999623 165.389
0.999748 0.0187598 0.012274 74.7397 -0.0190189 0.999592 0.0213416 -1.10412 -0.0118687 -0.0215697 0.999697 166.233
0.99989 0.0136323 0.00572062 74.7514 -0.0137652 0.999621 0.0238708 -1.10049 -0.00539305 -0.0239469 0.999699 167.075
0.999946 0.0103164 -0.00045246 74.7513 -0.0103032 0.999681 0.0230793 -1.07974 0.000690403 -0.0230734 0.999734 167.918
0.999924 0.00927426 -0.00811597 74.7457 -0.00913714 0.999818 0.0167704 -1.07869 0.00827002 -0.016695 0.999826 168.768
0.999884 0.00306578 -0.0148818 74.7455 -0.00292767 0.999953 0.00929187 -1.05145 0.0149095 -0.00924724 0.999846 169.591
0.999747 -0.00102697 -0.0224657 74.7432 0.00119834 0.999971 0.00761478 -1.04894 0.0224572 -0.00763978 0.999719 170.427
0.99956 0.000769462 -0.0296513 74.7179 -0.000377855 0.999913 0.0132096 -1.03091 0.0296589 -0.0131926 0.999473 171.303
0.99938 0.00897093 -0.0340429 74.6724 -0.00817088 0.999689 0.0235676 -0.998161 0.0342437 -0.0232749 0.999143 172.157
0.999135 0.0129632 -0.0394929 74.6266 -0.0117118 0.999427 0.0317531 -0.996 0.0398819 -0.0312632 0.998715 173.01
0.99899 0.0132014 -0.0429408 74.5856 -0.0119344 0.99949 0.0296293 -0.981282 0.04331 -0.0290869 0.998638 173.861
0.998928 0.0142775 -0.0440139 74.5433 -0.0133304 0.999675 0.0217365 -0.987659 0.04431 -0.0211265 0.998794 174.706
0.998567 0.025005 -0.0472919 74.4845 -0.0244167 0.999618 0.0129762 -0.982974 0.0475983 -0.0118029 0.998797 175.535
0.998591 0.0231193 -0.0477491 74.4384 -0.022604 0.999681 0.0113046 -0.957963 0.0479952 -0.0102094 0.998795 176.393
0.998519 0.0187939 -0.0510501 74.4001 -0.0180055 0.999712 0.0158592 -0.973308 0.0513335 -0.0149166 0.99857 177.242
0.998542 0.0177625 -0.050968 74.3601 -0.0166577 0.999619 0.02202 -0.945783 0.0513397 -0.0211389 0.998457 178.095
0.998446 0.0246864 -0.0499548 74.3139 -0.0233094 0.999337 0.0279619 -0.913693 0.050612 -0.0267541 0.99836 179
0.998348 0.0246624 -0.0518738 74.256 -0.0232597 0.999352 0.0274723 -0.907898 0.0525178 -0.0262203 0.998276 179.852
0.998326 0.0202308 -0.054164 74.2168 -0.0192446 0.999641 0.0186668 -0.871744 0.0545222 -0.0175932 0.998358 180.691
0.998318 0.0163975 -0.0556033 74.1804 -0.0157558 0.999805 0.0119596 -0.875157 0.0557885 -0.0110634 0.998381 181.535
0.998271 0.00968785 -0.0579648 74.1465 -0.00916215 0.999915 0.00932779 -0.872977 0.0580502 -0.00878059 0.998275 182.381
0.998216 0.0108827 -0.0586887 74.094 -0.0101142 0.99986 0.0133748 -0.870138 0.058826 -0.0127574 0.998187 183.242
0.998047 0.0132018 -0.0610467 74.0267 -0.0118742 0.999686 0.0220581 -0.869195 0.0613188 -0.0212901 0.997891 184.11
0.997924 0.0147226 -0.0626804 73.9683 -0.013186 0.999604 0.0248573 -0.859616 0.0630216 -0.0239792 0.997724 184.951
0.997936 0.0129668 -0.0628785 73.9062 -0.011525 0.999664 0.0232391 -0.859034 0.0631587 -0.0224665 0.997751 185.803
0.997861 0.0153324 -0.0635373 73.8432 -0.0141306 0.999714 0.0193204 -0.867515 0.0638153 -0.0183813 0.997792 186.636
0.997751 0.0215408 -0.0634683 73.771 -0.0202427 0.999574 0.0210256 -0.835975 0.0638942 -0.0196935 0.997762 187.499
0.997763 0.0232143 -0.062676 73.7053 -0.0218447 0.99951 0.0224497 -0.818522 0.0631664 -0.0210304 0.997782 188.324
0.997612 0.0266824 -0.0636981 73.6403 -0.0250371 0.999336 0.0264898 -0.79598 0.0643626 -0.0248317 0.997618 189.135
