1 0 0 0 0 1 0 0 0 0 1 0
0.999992 -0.00247357 -0.00313236 -0.00470303 0.00246845 0.999996 -0.001638 -0.00380058 0.0031364 0.00163025 0.999994 0.688892
0.999971 -0.00244543 -0.00715123 -0.0129843 0.00242521 0.999993 -0.00283411 -0.000559453 0.00715811 0.00281668 0.99997 1.39134
0.999938 -0.00252528 -0.0108044 -0.0251246 0.00248779 0.999991 -0.00348229 0.00442567 0.0108131 0.0034552 0.999936 2.10917
0.99988 -0.000814556 -0.0154923 -0.044927 0.000756494 0.999993 -0.0037532 0.0053638 0.0154953 0.00374103 0.999873 2.84362
0.9998 -0.00158167 -0.019934 -0.0635216 0.00150314 0.999991 -0.00395427 -0.000490798 0.01994 0.00392351 0.999794 3.58716
0.999705 -0.00030542 -0.0243043 -0.0898295 0.000195876 0.99999 -0.00450943 -0.0060722 0.0243054 0.00450334 0.999694 4.34448
0.999568 0.00166788 -0.029353 -0.125937 -0.00181687 0.999986 -0.00504957 -0.0170515 0.0293441 0.00510072 0.999556 5.1243
0.999434 0.00294846 -0.033522 -0.156029 -0.0031002 0.999985 -0.00447553 -0.0314026 0.0335083 0.00457692 0.999428 5.91576
0.99928 0.00327827 -0.0378018 -0.192689 -0.0034321 0.999986 -0.00400504 -0.0358553 0.0377881 0.00413189 0.999277 6.71552
0.999119 0.00368342 -0.0418166 -0.222285 -0.00376044 0.999991 -0.00176337 -0.0518731 0.0418098 0.00191906 0.999124 7.52773
0.999026 0.00299733 -0.0440204 -0.267197 -0.00307436 0.999994 -0.00168222 -0.0464631 0.0440151 0.00181592 0.999029 8.34093
0.998959 -0.00019441 -0.0456199 -0.304151 7.67445e-05 0.999997 -0.002581 -0.0265872 0.0456203 0.00257481 0.998956 9.16
0.998876 -0.00170823 -0.0473754 -0.340584 0.00157267 0.999995 -0.00289851 -0.0292604 0.0473801 0.00282075 0.998873 9.99215
0.998768 -0.00338929 -0.0495124 -0.383235 0.00327332 0.999992 -0.00242304 -0.030545 0.0495202 0.00225798 0.998771 10.8353
0.998706 -0.00463594 -0.050645 -0.427928 0.00454255 0.999988 -0.00195905 -0.0490162 0.0506535 0.00172646 0.998715 11.6873
0.998632 -0.0027521 -0.0522276 -0.478356 0.00259595 0.999992 -0.00305746 -0.0580533 0.0522356 0.0029177 0.998631 12.5439
0.998568 -0.00272631 -0.0534372 -0.53299 0.00246023 0.999984 -0.00504455 -0.0616103 0.0534501 0.00490586 0.998559 13.4092
0.998547 0.000755462 -0.0538875 -0.59469 -0.0010916 0.99998 -0.00620857 -0.0673623 0.0538817 0.00625838 0.998528 14.2851
0.998454 0.00193025 -0.0555535 -0.646949 -0.00228027 0.999978 -0.00623799 -0.0749828 0.0555402 0.00635502 0.998436 15.1775
0.998402 0.00151406 -0.0565004 -0.69624 -0.00179929 0.999986 -0.00499774 -0.0910694 0.056492 0.00509142 0.99839 16.074
0.998378 0.000782788 -0.0569323 -0.752801 -0.00101592 0.999991 -0.00406614 -0.0930307 0.0569286 0.00411739 0.99837 16.9725
0.998297 -0.000341271 -0.0583362 -0.805184 0.000150983 0.999995 -0.00326629 -0.117467 0.058337 0.00325192 0.998292 17.8775
0.998264 0.000334122 -0.0589048 -0.859032 -0.00059102 0.999991 -0.00434387 -0.126205 0.0589028 0.00437114 0.998254 18.7764
0.998183 -0.00101002 -0.0602429 -0.916616 0.000698803 0.999986 -0.00518696 -0.133729 0.0602473 0.00513544 0.99817 19.6991
0.998148 -0.00105918 -0.0608208 -0.971835 0.000823833 0.999992 -0.00389443 -0.145028 0.0608244 0.00383711 0.998141 20.625
0.998213 0.000485715 -0.0597473 -1.04193 -0.000534844 1 -0.000806285 -0.154306 0.0597468 0.000836801 0.998213 21.5593
0.998215 0.000598296 -0.0597118 -1.1109 -0.000433444 0.999996 0.00277372 -0.161203 0.0597132 -0.00274289 0.998212 22.4944
0.998313 0.000866362 -0.0580495 -1.16941 -0.000544066 0.999985 0.00556768 -0.171737 0.0580534 -0.00552671 0.998298 23.4319
0.998462 0.00100392 -0.0554373 -1.22145 -0.000660572 0.999981 0.00621147 -0.180548 0.0554424 -0.00616529 0.998443 24.3762
0.99855 0.00100006 -0.0538287 -1.26997 -0.000776085 0.999991 0.00418163 -0.196551 0.0538324 -0.00413379 0.998541 25.3155
0.998661 0.00157467 -0.0517074 -1.32977 -0.00156786 0.999999 0.000172309 -0.197844 0.0517076 -9.10053e-05 0.998662 26.2677
0.998712 -3.1704e-05 -0.0507313 -1.38003 -0.000112267 0.999996 -0.00283505 -0.208616 0.0507312 0.00283709 0.998708 27.2312
0.998782 -0.00207522 -0.0493005 -1.43379 0.00199874 0.999997 -0.00160054 -0.217391 0.0493037 0.00150005 0.998783 28.2117
0.998854 -0.00380409 -0.0477082 -1.48577 0.00394129 0.999989 0.00278206 -0.221795 0.0476971 -0.0029669 0.998857 29.1925
0.998784 -0.00812608 -0.0486165 -1.53597 0.00841959 0.999948 0.00583544 -0.224484 0.0485665 -0.00623768 0.998801 30.1745
0.998677 -0.0156338 -0.0489815 -1.57939 0.0159532 0.999854 0.00613609 -0.223731 0.0488784 -0.00690938 0.998781 31.1599
0.998655 -0.0157534 -0.0493897 -1.62754 0.0159044 0.99987 0.00266608 -0.231465 0.0493413 -0.00344801 0.998776 32.1399
0.998602 -0.0147617 -0.0507523 -1.6759 0.0147594 0.999891 -0.000421355 -0.233482 0.050753 -0.000328305 0.998711 33.1261
0.998533 -0.0138449 -0.052353 -1.72495 0.0137729 0.999904 -0.0017362 -0.235874 0.052372 0.00101261 0.998627 34.1249
0.998562 -0.0137552 -0.0518151 -1.77174 0.0137815 0.999905 0.000150796 -0.241983 0.0518081 -0.000864666 0.998657 35.1473
0.998509 -0.0116206 -0.053335 -1.83724 0.0117482 0.999929 0.00207924 -0.235037 0.053307 -0.00270272 0.998575 36.1454
0.998518 -0.0108398 -0.0533343 -1.89403 0.01101 0.999935 0.00289905 -0.255367 0.0532994 -0.00348196 0.998573 37.1537
0.998463 -0.0063155 -0.0550604 -1.95922 0.00656678 0.999969 0.00438408 -0.29446 0.055031 -0.00473891 0.998473 38.1642
0.998455 -0.00759258 -0.0550371 -2.0132 0.00791993 0.999952 0.00573213 -0.29132 0.054991 -0.00615916 0.998468 39.1719
0.998487 -0.00633362 -0.0546136 -2.0739 0.0067057 0.999956 0.00663229 -0.259065 0.0545692 -0.00698847 0.998486 40.1778
0.998475 -0.00534153 -0.054948 -2.13339 0.00571822 0.999961 0.00670051 -0.267547 0.0549101 -0.00700449 0.998467 41.1762
0.998479 -0.00418597 -0.0549771 -2.1885 0.00450427 0.999974 0.00566693 -0.290944 0.0549519 -0.00590594 0.998472 42.1686
0.998527 -0.00164167 -0.0542278 -2.25514 0.00187475 0.999989 0.00424764 -0.296525 0.0542202 -0.00434304 0.99852 43.1673
0.998447 -0.00179053 -0.0556858 -2.31384 0.00203288 0.999989 0.00429581 -0.309153 0.0556775 -0.00440233 0.998439 44.1606
0.998357 -0.00443713 -0.0571317 -2.36697 0.00477777 0.999972 0.00582703 -0.316934 0.0571042 -0.00609041 0.99835 45.1587
0.998363 -0.0039588 -0.0570585 -2.43476 0.00433773 0.999969 0.00651874 -0.322875 0.057031 -0.00675557 0.998349 46.1658
0.998322 -0.00323745 -0.0578092 -2.50119 0.00350003 0.999984 0.00444149 -0.327154 0.0577939 -0.00463637 0.998318 47.1483
0.998336 -0.000865035 -0.057656 -2.56853 0.000909584 0.999999 0.000746413 -0.329963 0.0576553 -0.00079761 0.998336 48.124
0.998277 -0.000829987 -0.0586654 -2.6371 0.000824054 1 -0.000125346 -0.334689 0.0586655 7.67905e-05 0.998278 49.1035
0.998282 -0.000852423 -0.0585755 -2.70472 0.00100065 0.999996 0.00250113 -0.336945 0.0585732 -0.00255545 0.99828 50.0847
0.998312 -0.00386874 -0.0579447 -2.76047 0.00418761 0.999977 0.00538266 -0.36084 0.0579225 -0.00561622 0.998305 51.0671
0.998262 -0.00384321 -0.0588109 -2.81731 0.00417929 0.999976 0.00559256 -0.362854 0.058788 -0.00582863 0.998253 52.0381
0.998273 -0.00596493 -0.0584452 -2.87289 0.00625894 0.999969 0.00484865 -0.369136 0.0584144 -0.00520608 0.998279 53.0157
0.998335 -0.00793706 -0.0571227 -2.92464 0.00819838 0.999957 0.00434175 -0.385483 0.0570858 -0.00480283 0.998358 53.9614
0.998267 -0.00912728 -0.0581404 -2.9836 0.00942086 0.999944 0.00477731 -0.383432 0.0580936 -0.00531676 0.998297 54.9057
0.998302 -0.0130323 -0.0567677 -3.03123 0.0135403 0.999872 0.00857278 -0.375704 0.0566487 -0.00932687 0.99835 55.8489
0.998224 -0.014744 -0.0577236 -3.08749 0.015537 0.999791 0.0133131 -0.386835 0.0575153 -0.0141863 0.998244 56.8035
0.998226 -0.0140024 -0.0578578 -3.14296 0.014834 0.999792 0.0139694 -0.383215 0.0576502 -0.0148029 0.998227 57.7477
0.998241 -0.0132566 -0.0577815 -3.2043 0.0139606 0.999833 0.011797 -0.381702 0.0576155 -0.0125829 0.998259 58.6855
0.998169 -0.0123969 -0.059204 -3.26602 0.012717 0.999906 0.00503306 -0.379163 0.0591361 -0.00577674 0.998233 59.6106
0.998147 -0.0118973 -0.0596716 -3.32544 0.0119829 0.999928 0.0010768 -0.391324 0.0596544 -0.00178984 0.998217 60.5427
0.998209 -0.0091395 -0.0591226 -3.38737 0.00924514 0.999956 0.00151346 -0.382596 0.0591061 -0.00205735 0.998249 61.4454
0.998129 -0.00705005 -0.06074 -3.44272 0.007261 0.999968 0.00325298 -0.383719 0.0607152 -0.00368792 0.998148 62.3606
0.99807 -0.00570004 -0.061839 -3.50616 0.00594875 0.999975 0.00383853 -0.392325 0.0618155 -0.00419898 0.998079 63.2442
0.998071 -0.00386091 -0.0619628 -3.55533 0.00409587 0.999985 0.00366534 -0.407127 0.0619477 -0.00391205 0.998071 64.1091
0.997916 -0.00334686 -0.0644381 -3.61149 0.0035974 0.999987 0.00377237 -0.411811 0.0644246 -0.00399632 0.997914 64.9851
0.997891 -0.00173019 -0.0648877 -3.66835 0.00203556 0.999987 0.00464024 -0.420275 0.0648788 -0.00476253 0.997882 65.8289
0.997768 -0.0023035 -0.0667314 -3.72661 0.00265649 0.999983 0.00520144 -0.429818 0.0667182 -0.0053671 0.997757 66.6716
0.997683 -0.000879858 -0.0680298 -3.78409 0.0012712 0.999983 0.00570946 -0.449483 0.0680236 -0.00578271 0.997667 67.4893
0.997645 0.000494095 -0.0685788 -3.84301 -3.04766e-05 0.999977 0.00676125 -0.450232 0.0685805 -0.00674324 0.997623 68.2921
0.997545 0.0016167 -0.0700062 -3.90638 -0.00089241 0.999946 0.0103761 -0.440804 0.0700192 -0.0102881 0.997492 69.1029
0.997428 0.00339507 -0.0715979 -3.96537 -0.00261753 0.999937 0.0109508 -0.444731 0.0716305 -0.0107353 0.997373 69.879
0.997372 0.00687746 -0.0721255 -4.03309 -0.00629423 0.999946 0.00831057 -0.445912 0.0721788 -0.00783475 0.997361 70.6589
0.997208 0.00978921 -0.0740311 -4.10694 -0.00962068 0.99995 0.00263279 -0.446697 0.0740531 -0.00191321 0.997252 71.3935
0.997146 0.00994838 -0.0748338 -4.16431 -0.0101174 0.999947 -0.00187969 -0.467888 0.0748111 0.00263145 0.997194 72.1122
0.997076 0.00969765 -0.0757972 -4.2302 -0.00995259 0.999946 -0.00298633 -0.483274 0.0757641 0.00373198 0.997119 72.8242
0.99702 0.0110464 -0.0763484 -4.28865 -0.0111446 0.999938 -0.000859409 -0.497436 0.0763341 0.00170772 0.997081 73.507
0.996988 0.00963475 -0.0769552 -4.33635 -0.00967945 0.999953 -0.000207899 -0.514607 0.0769496 0.000952158 0.997034 74.1648
0.996873 0.0085064 -0.0785508 -4.38676 -0.00871302 0.99996 -0.00228799 -0.518677 0.0785282 0.00296525 0.996907 74.7906
0.99693 0.0019483 -0.0782685 -4.43074 -0.0024646 0.999976 -0.00650045 -0.538567 0.0782539 0.0066734 0.996911 75.4042
0.997045 -0.00167675 -0.0767986 -4.47921 0.000885279 0.999946 -0.0103387 -0.547968 0.0768118 0.0102402 0.996993 76.0046
0.997249 -0.000408323 -0.0741181 -4.52824 -0.000350049 0.999948 -0.0102187 -0.561369 0.0741185 0.0102166 0.997197 76.5866
0.997544 0.000341137 -0.0700343 -4.58417 -0.00100318 0.999955 -0.00941817 -0.563162 0.0700279 0.0094653 0.9975 77.1541
0.997888 -0.000944986 -0.0649406 -4.62532 0.000404719 0.999965 -0.00833214 -0.575768 0.0649462 0.00828826 0.997854 77.7166
0.998219 -0.0034668 -0.0595483 -4.64721 0.00320135 0.999985 -0.00455263 -0.590856 0.0595632 0.00435389 0.998215 78.2673
0.998667 -0.00763494 -0.0510399 -4.66757 0.00755941 0.99997 -0.001673 -0.617586 0.0510511 0.00128495 0.998695 78.8055
0.999159 -0.00536461 -0.040642 -4.69014 0.00530977 0.999985 -0.00145742 -0.616726 0.0406492 0.0012404 0.999172 79.3255
0.999669 -0.00230021 -0.0256032 -4.71189 0.0022691 0.999997 -0.00124424 -0.617832 0.025606 0.00118574 0.999671 79.8285
0.99997 0.00229262 -0.00736384 -4.7235 -0.00229457 0.999997 -0.000256501 -0.621067 0.00736325 0.000273394 0.999973 80.341
0.999898 0.00174559 0.014159 -4.70803 -0.0017551 0.999998 0.000659851 -0.629554 -0.0141578 -0.000684629 0.999899 80.8224
0.999179 -0.00140904 0.0404818 -4.67642 0.00132455 0.999997 0.00211392 -0.644239 -0.0404846 -0.00205856 0.999178 81.3044
0.997575 -0.00208538 0.069567 -4.63274 0.00186352 0.999993 0.00325406 -0.648831 -0.0695733 -0.00311653 0.997572 81.767
0.994712 -0.00195991 0.10268 -4.57345 0.00146814 0.999987 0.00486468 -0.652944 -0.102688 -0.0046882 0.994702 82.2262
0.990092 -0.00245261 0.1404 -4.50033 0.00166472 0.999982 0.00572896 -0.653807 -0.140411 -0.00543847 0.990078 82.6784
0.983413 -0.00184147 0.181367 -4.4056 0.00073986 0.999981 0.0061414 -0.6535 -0.181375 -0.00590534 0.983396 83.11
0.974026 -0.00184483 0.226428 -4.29116 0.000321608 0.999977 0.00676388 -0.662609 -0.226435 -0.00651537 0.974004 83.5407
0.961337 -0.000425158 0.275373 -4.16398 -0.00137721 0.999979 0.00635181 -0.663112 -0.275369 -0.00648547 0.961316 83.9591
0.944777 0.000865904 0.327712 -4.00741 -0.00270429 0.999983 0.00515412 -0.671236 -0.327702 -0.00575572 0.944763 84.3414
0.923791 0.000613318 0.382897 -3.82862 -0.00248666 0.999987 0.00439767 -0.675988 -0.382889 -0.00501466 0.923781 84.7215
0.898542 0.00117268 0.438884 -3.6341 -0.00304689 0.999989 0.0035661 -0.672726 -0.438875 -0.00454152 0.898536 85.0699
0.868549 0.00197759 0.495599 -3.41833 -0.0036631 0.99999 0.00242943 -0.672573 -0.495589 -0.0039255 0.868548 85.4037
0.833963 0.000659649 0.551819 -3.17457 -0.00215798 0.999996 0.00206596 -0.674439 -0.551815 -0.00291375 0.833961 85.7268
0.796346 0.000377864 0.604841 -2.92256 -0.0018647 0.999997 0.00183038 -0.680335 -0.604839 -0.00258546 0.796344 86.0077
0.755363 -0.000866939 0.655305 -2.64014 -0.000970085 0.999997 0.00244116 -0.686225 -0.655305 -0.00247966 0.75536 86.2833
0.711626 -0.00111297 0.702557 -2.36368 -0.00219661 0.99999 0.00380913 -0.681957 -0.702554 -0.00425391 0.711617 86.5353
0.665634 -0.00192826 0.746275 -2.06082 -0.00234297 0.999986 0.0046736 -0.687125 -0.746274 -0.0048594 0.665621 86.7701
0.618071 -0.00351579 0.786114 -1.73946 -0.000759105 0.999987 0.00506915 -0.690653 -0.786122 -0.00372984 0.61806 86.9889
0.570607 -0.00551838 0.821204 -1.42107 0.00246965 0.999985 0.00500374 -0.694665 -0.821219 -0.000827075 0.570612 87.1713
0.522738 -0.00444178 0.852482 -1.08631 0.0011996 0.999989 0.00447478 -0.689692 -0.852493 -0.00131649 0.522737 87.3522
0.474985 -0.00220042 0.879991 -0.752873 -0.00205323 0.999991 0.00360874 -0.680877 -0.879991 -0.00352092 0.474976 87.5109
0.428833 -0.0022292 0.903381 -0.410147 -0.00272068 0.999989 0.00375911 -0.689632 -0.903379 -0.00406984 0.428822 87.6547
0.385347 -0.00378735 0.922764 -0.049766 0.00126425 0.999993 0.00357638 -0.681672 -0.922771 -0.000211543 0.385349 87.7769
0.345446 -0.0117555 0.938365 0.310289 0.0141509 0.999873 0.0073166 -0.693839 -0.938332 0.0107512 0.345568 87.8578
0.309446 -0.0148285 0.950801 0.681023 0.0187093 0.99978 0.00950331 -0.689337 -0.950733 0.0148481 0.309656 87.9416
0.275617 -0.0119811 0.961193 1.05213 0.0158285 0.999843 0.00792415 -0.688815 -0.961137 0.0130302 0.275763 88.0404
0.244561 -0.00466109 0.969622 1.41618 0.00579831 0.999978 0.00334455 -0.68438 -0.969616 0.00480423 0.244583 88.1405
0.215918 -0.000850653 0.976411 1.80271 0.00135612 0.999999 0.000571326 -0.680069 -0.976411 0.00120077 0.215918 88.232
0.189603 -4.9195e-05 0.981861 2.20039 0.00188254 0.999998 -0.00031342 -0.690799 -0.981859 0.00190783 0.189602 88.3057
0.166122 0.000865964 0.986105 2.60741 0.00778866 0.999967 -0.00219024 -0.692645 -0.986074 0.00804429 0.16611 88.3512
0.145128 0.00509233 0.9894 3.02094 0.0132319 0.999887 -0.0070872 -0.696785 -0.989324 0.0141202 0.145044 88.3896
0.124986 0.0111732 0.992095 3.45163 0.0135252 0.999825 -0.0129641 -0.684828 -0.992066 0.0150386 0.124813 88.4351
0.10722 0.0115297 0.994168 3.89099 0.0131701 0.999829 -0.0130157 -0.684166 -0.994148 0.0144888 0.107049 88.481
0.0913547 0.00833236 0.995783 4.34648 0.0128708 0.999872 -0.00954735 -0.684545 -0.995735 0.0136888 0.0912355 88.5249
0.0762588 0.00561996 0.997072 4.82127 0.01384 0.999882 -0.00669432 -0.697132 -0.996992 0.01431 0.0761718 88.5619
0.0627066 0.00359989 0.998025 5.30833 0.0158565 0.999864 -0.00460278 -0.703048 -0.997906 0.0161138 0.0626407 88.5811
0.0505358 0.00292683 0.998718 5.81068 0.0189747 0.999812 -0.00389016 -0.709874 -0.998542 0.019147 0.0504706 88.5991
0.040362 0.00324414 0.99918 6.32485 0.0213844 0.999763 -0.00410985 -0.708924 -0.998956 0.0215327 0.0402828 88.6063
0.0324863 0.00354858 0.999466 6.8625 0.0224595 0.999739 -0.00427956 -0.710456 -0.999219 0.0225865 0.0323979 88.622
0.0260367 0.00353587 0.999654 7.4153 0.0236318 0.999712 -0.00415157 -0.711475 -0.999381 0.0237317 0.0259455 88.6357
0.0205004 0.0039922 0.999782 7.97524 0.0236619 0.99971 -0.00447709 -0.710736 -0.999509 0.0237485 0.0203997 88.6485
0.0143186 0.00450555 0.999887 8.55923 0.0229342 0.999725 -0.00483323 -0.71456 -0.999634 0.0230008 0.0142111 88.6674
0.00933803 0.00410751 0.999948 9.17647 0.0238855 0.999705 -0.00432957 -0.716987 -0.999671 0.0239247 0.00923697 88.6755
0.00662307 0.00447765 0.999968 9.78573 0.0244796 0.99969 -0.00463854 -0.719191 -0.999678 0.0245095 0.0065112 88.6754
0.0032918 0.00367961 0.999988 10.4255 0.0249107 0.999683 -0.00376049 -0.723654 -0.999684 0.0249227 0.0031989 88.6781
0.000213274 0.00338285 0.999994 11.0869 0.0252147 0.999676 -0.00338714 -0.726169 -0.999682 0.0252152 0.000127706 88.6804
-0.000850001 0.0028986 0.999995 11.7561 0.0299221 0.999548 -0.00287186 -0.73349 -0.999551 0.0299195 -0.00093655 88.6726
-0.0001857 0.00277864 0.999996 12.4566 0.0322992 0.999474 -0.00277118 -0.737698 -0.999478 0.0322985 -0.000275552 88.672
0.00221991 0.0024698 0.999994 13.1425 0.0335139 0.999435 -0.00254281 -0.745867 -0.999435 0.0335193 0.00213568 88.6636
0.00561298 0.00254018 0.999981 13.868 0.0344173 0.999404 -0.0027319 -0.747908 -0.999391 0.034432 0.00552201 88.6779
0.00978761 0.00250422 0.999949 14.6109 0.0341657 0.999412 -0.00283729 -0.762797 -0.999368 0.0341917 0.0096961 88.6829
0.0138064 0.00154038 0.999903 15.3501 0.0365963 0.999328 -0.0020448 -0.768097 -0.999234 0.036621 0.0137405 88.692
0.017755 0.000381647 0.999842 16.1233 0.0373114 0.999303 -0.001044 -0.762085 -0.999146 0.0373241 0.0177281 88.7099
0.0201953 -0.00112611 0.999795 16.9328 0.0351612 0.999382 0.000415414 -0.760814 -0.999177 0.0351456 0.0202222 88.7312
0.0247119 -0.00212429 0.999692 17.7267 0.032044 0.999486 0.00133175 -0.757864 -0.99918 0.0320012 0.024767 88.7618
0.0281081 -0.00153979 0.999604 18.5345 0.0304899 0.999535 0.000682336 -0.764436 -0.999139 0.0304586 0.0281418 88.787
0.0319451 0.00071616 0.999489 19.3277 0.0302674 0.99954 -0.00168358 -0.771453 -0.999031 0.0303057 0.0319086 88.8278
0.033064 0.00510228 0.99944 20.136 0.0250709 0.999668 -0.00593285 -0.774689 -0.999138 0.0252531 0.0329249 88.8762
0.0314979 0.00714363 0.999478 20.9676 0.022732 0.999711 -0.00786167 -0.790521 -0.999245 0.0229678 0.0313262 88.9056
0.0326152 0.00670885 0.999445 21.787 0.0208635 0.999755 -0.00739177 -0.801077 -0.99925 0.021093 0.032467 88.9411
0.0323234 0.00448747 0.999467 22.6231 0.0205867 0.999775 -0.00515463 -0.821921 -0.999265 0.0207424 0.0322235 88.9765
0.0309256 0.00373666 0.999514 23.452 0.0192228 0.999806 -0.0043325 -0.837952 -0.999336 0.0193474 0.0308476 89.0092
0.031535 0.00355882 0.999496 24.2746 0.0170039 0.999847 -0.00409655 -0.849325 -0.999358 0.0171246 0.0314694 89.0502
0.0312241 0.00362667 0.999506 25.0903 0.0154819 0.999872 -0.00411164 -0.865063 -0.999392 0.0156027 0.0311637 89.0808
0.0297169 0.00384333 0.999551 25.9251 0.0145813 0.999885 -0.00427811 -0.886155 -0.999452 0.0147019 0.0296573 89.1126
0.0283777 0.00399679 0.999589 26.7348 0.0114046 0.999926 -0.00432189 -0.897493 -0.999532 0.0115226 0.0283298 89.1518
0.0246586 0.00353184 0.999689 27.561 0.00888512 0.999954 -0.00375193 -0.903658 -0.999656 0.0089749 0.0246259 89.1861
0.0208978 0.00238123 0.999779 28.375 0.00638744 0.999977 -0.00251521 -0.911176 -0.999761 0.0064386 0.0208819 89.2181
0.0154681 0.000520308 0.99988 29.1948 0.00387226 0.999993 -0.000580262 -0.920427 -0.999872 0.00388079 0.0154658 89.2408
0.00798759 -0.00165957 0.999966 30.0142 0.00138644 0.999998 0.00164856 -0.939187 -0.999967 0.00137325 0.00798967 89.2608
0.000834358 -0.00205215 0.999997 30.833 0.000665354 0.999998 0.0020516 -0.94871 -0.999999 0.000663664 0.000835519 89.2717
-0.00834704 -0.00175474 0.999963 31.6422 -0.000290141 0.999999 0.00175239 -0.94609 -0.999965 -0.000275479 -0.00834774 89.2704
-0.0191271 -0.00158754 0.999816 32.4558 -0.00040744 0.999999 0.00158005 -0.955043 -0.999816 -0.000377119 -0.019128 89.2607
-0.0289693 -0.00254176 0.999577 33.2586 0.00115642 0.999996 0.00257635 -0.963241 -0.999579 0.00123059 -0.0289664 89.2431
-0.0406739 -0.00363252 0.999166 34.0655 9.33793e-05 0.999994 0.00363934 -0.966393 -0.999172 0.000241352 -0.0406735 89.2214
-0.0514125 -0.00400244 0.998669 34.8627 0.000913583 0.999992 0.00405478 -0.96783 -0.998676 0.00112086 -0.0514085 89.183
-0.062586 -0.0045622 0.998029 35.6496 0.000641201 0.999989 0.00461138 -0.975954 -0.998039 0.000928569 -0.0625826 89.1393
-0.0746102 -0.00414186 0.997204 36.4421 0.000435261 0.999991 0.00418602 -0.98356 -0.997212 0.000746388 -0.0746079 89.0804
-0.0848193 -0.00410238 0.996388 37.218 -0.000142776 0.999992 0.00410507 -0.988645 -0.996396 0.000205953 -0.0848194 89.0183
-0.0956162 -0.00301751 0.995413 37.9935 -0.000662444 0.999996 0.00296778 -0.992799 -0.995417 -0.000375614 -0.0956179 88.9453
-0.105604 -0.00219004 0.994406 38.7569 0.000721868 0.999997 0.00227903 -1.00768 -0.994407 0.000958527 -0.105602 88.861
-0.114541 -0.00247863 0.993415 39.517 0.00158754 0.999995 0.0026781 -1.01871 -0.993417 0.00188386 -0.114537 88.7711
-0.12442 -0.00270788 0.992226 40.2643 0.000690532 0.999996 0.00281569 -1.02522 -0.992229 0.00103551 -0.124418 88.6738
-0.132337 -0.00310261 0.9912 41.0074 0.00235252 0.999992 0.00344423 -1.02994 -0.991201 0.00278764 -0.132329 88.5685
-0.139773 -0.00387492 0.990176 41.7491 0.00295369 0.999986 0.00433026 -1.03485 -0.990179 0.00352995 -0.13976 88.4622
-0.145588 -0.00509807 0.989332 42.4704 0.00505772 0.99997 0.00589718 -1.03691 -0.989332 0.00586235 -0.145558 88.3506
-0.149248 -0.00629187 0.98878 43.19 0.00812277 0.999938 0.00758894 -1.03891 -0.988766 0.00916429 -0.149187 88.2351
-0.152118 -0.00651447 0.988341 43.8902 0.00904109 0.999928 0.0079824 -1.03119 -0.98832 0.01015 -0.152049 88.1232
-0.154572 -0.00691474 0.987957 44.5899 0.00955828 0.999919 0.00849392 -1.02325 -0.987935 0.0107561 -0.154493 88.0096
-0.155523 -0.00629179 0.987812 45.2608 0.00882879 0.999931 0.007759 -1.0218 -0.987792 0.0099279 -0.155456 87.9046
-0.155246 -0.00544362 0.987861 45.9104 0.0107626 0.999916 0.00720145 -1.02592 -0.987817 0.01175 -0.155175 87.8
-0.153434 -0.00417868 0.98815 46.5418 0.0114248 0.999917 0.00600241 -1.02936 -0.988092 0.0122104 -0.153373 87.7068
-0.148346 -0.00349179 0.988929 47.1692 0.0114499 0.999921 0.00524817 -1.03348 -0.988869 0.0121017 -0.148295 87.6191
-0.141045 -0.00324611 0.989998 47.7824 0.0122567 0.999913 0.00502484 -1.03791 -0.989927 0.0128429 -0.140993 87.5322
-0.129857 -0.0032968 0.991527 48.3629 0.0120671 0.999915 0.00490508 -1.04208 -0.991459 0.0126018 -0.129806 87.4584
-0.116545 -0.00329705 0.99318 48.9313 0.0122776 0.999914 0.00476014 -1.05018 -0.993109 0.0127487 -0.116495 87.4
-0.0999617 -0.0024248 0.994988 49.4745 0.0123337 0.999917 0.00367593 -1.04736 -0.994914 0.0126394 -0.0999237 87.3557
-0.0790077 -0.0009211 0.996873 50.0115 0.0121764 0.999924 0.00188897 -1.0534 -0.996799 0.0122876 -0.0789907 87.3223
-0.0549355 0.00171232 0.998488 50.5342 0.0110436 0.999939 -0.00110719 -1.05951 -0.998428 0.0109661 -0.0549512 87.3046
-0.0270793 0.00353632 0.999627 51.0587 0.0101885 0.999943 -0.00326143 -1.06719 -0.999581 0.0100964 -0.027114 87.303
0.00603252 0.00286058 0.999978 51.5888 0.00887438 0.999957 -0.00291405 -1.08383 -0.999942 0.00889178 0.00600668 87.3199
0.0439424 0.00153581 0.999033 52.1119 0.00908772 0.999957 -0.00193695 -1.07991 -0.998992 0.00916407 0.0439263 87.3578
0.0853751 -0.00138081 0.996348 52.6196 0.0086247 0.999963 0.000646793 -1.08578 -0.996311 0.00853801 0.0853836 87.4267
0.130757 -0.00557811 0.991399 53.1385 0.0061859 0.99997 0.00481047 -1.0943 -0.991395 0.00550371 0.130787 87.5126
0.178967 -0.00810147 0.983822 53.6383 0.00382787 0.999965 0.00753808 -1.09339 -0.983847 0.0024169 0.178991 87.6264
0.230042 -0.00893737 0.97314 54.1138 0.00132736 0.99996 0.00886992 -1.09186 -0.973179 -0.000748718 0.230045 87.7689
0.285179 -0.00852803 0.958436 54.5987 0.00159119 0.999964 0.00842409 -1.08555 -0.958472 -0.000877298 0.285182 87.9265
0.343426 -0.00801266 0.939146 55.052 0.0035406 0.999968 0.00723687 -1.09349 -0.939173 0.000839841 0.343443 88.1137
0.404313 -0.00383072 0.914613 55.4807 0.0047265 0.999987 0.00209891 -1.093 -0.914608 0.00347432 0.404325 88.3187
0.465393 -0.000179114 0.885104 55.9002 0.00668365 0.999972 -0.00331193 -1.09583 -0.885079 0.00745709 0.465381 88.5627
0.525219 0.00434308 0.850956 56.2871 0.00440315 0.99996 -0.00782122 -1.09122 -0.850955 0.00785476 0.525179 88.8266
0.583148 0.00785587 0.812328 56.6546 0.00130606 0.999943 -0.0106078 -1.08926 -0.812365 0.00724691 0.583104 89.1359
0.637914 0.00819134 0.770064 57.0008 0.00103607 0.999934 -0.0114948 -1.10187 -0.770107 0.00813054 0.637863 89.4578
0.689283 0.00703373 0.724458 57.3192 0.00150805 0.999937 -0.0111432 -1.1113 -0.72449 0.00877333 0.689229 89.7864
0.737137 0.00384195 0.675733 57.6232 0.0017837 0.99997 -0.00763121 -1.12471 -0.675741 0.00683058 0.737107 90.1656
0.78107 0.00133288 0.624442 57.8926 0.00115467 0.999993 -0.00357878 -1.11613 -0.624442 0.00351632 0.781063 90.5428
0.820352 -0.00220068 0.571854 58.135 0.00144545 0.999998 0.00177477 -1.13014 -0.571857 -0.000629324 0.820353 90.9303
0.854294 -0.00471407 0.519768 58.3591 0.00161463 0.999979 0.00641557 -1.13393 -0.519787 -0.00464151 0.854283 91.3568
0.882424 -0.00554292 0.470423 58.5526 0.000617473 0.999944 0.0106239 -1.14734 -0.470455 -0.00908431 0.882377 91.7864
0.905081 -0.00365308 0.425224 58.7279 -0.00225055 0.999908 0.0133804 -1.15331 -0.425234 -0.0130673 0.904989 92.2245
0.922655 0.000813813 0.385625 58.8893 -0.00711503 0.999864 0.0149135 -1.14607 -0.385561 -0.0165037 0.922535 92.69
0.93634 0.00558684 0.35105 59.0282 -0.0111571 0.999842 0.0138467 -1.14221 -0.350917 -0.0168819 0.936254 93.1333
0.947329 0.00830994 0.320154 59.1715 -0.0132952 0.999822 0.0133887 -1.11902 -0.319986 -0.01694 0.94727 93.6016
0.954617 0.00440499 0.297802 59.3148 -0.00898784 0.999862 0.0140213 -1.12743 -0.2977 -0.0160616 0.954524 94.0677
0.959253 0.00155195 0.282542 59.4492 -0.00590973 0.999877 0.0145719 -1.12531 -0.282485 -0.0156479 0.959144 94.542
0.962915 0.00511164 0.269758 59.5691 -0.00929095 0.999856 0.0142183 -1.11953 -0.269646 -0.0161973 0.962823 95.0316
0.965496 0.0108512 0.260192 59.6827 -0.0153265 0.999768 0.015177 -1.09986 -0.259967 -0.0186411 0.965437 95.5208
0.967212 0.0161744 0.253456 59.796 -0.0205324 0.999684 0.0145583 -1.09943 -0.25314 -0.019285 0.967237 96.042
0.967788 0.0207094 0.250915 59.9148 -0.0243144 0.999641 0.0112758 -1.09019 -0.250592 -0.0170134 0.967943 96.5489
0.968083 0.0207665 0.249767 60.0443 -0.0239995 0.999663 0.00990529 -1.10222 -0.249478 -0.0155834 0.968255 97.0842
0.967528 0.0193624 0.252021 60.1856 -0.0220348 0.999727 0.00778571 -1.09743 -0.251802 -0.0130861 0.96769 97.6155
0.966561 0.0202462 0.255636 60.33 -0.0213888 0.99977 0.00169003 -1.09525 -0.255544 -0.00710126 0.966771 98.1635
0.965667 0.0222992 0.258825 60.4787 -0.0225905 0.999744 -0.0018492 -1.10094 -0.2588 -0.00406125 0.965922 98.7331
0.96453 0.02745 0.262541 60.6304 -0.0278296 0.999611 -0.00227321 -1.08994 -0.262501 -0.00511381 0.964918 99.3185
0.963198 0.0288378 0.267241 60.7864 -0.0300398 0.999549 0.000409697 -1.09413 -0.267109 -0.00842249 0.963629 99.9067
0.962554 0.0274551 0.269695 60.9551 -0.0302893 0.999522 0.00635196 -1.09249 -0.269392 -0.014283 0.962924 100.51
0.961815 0.02424 0.272625 61.1286 -0.0283233 0.999538 0.0110515 -1.08751 -0.272231 -0.0183511 0.962056 101.116
0.961262 0.0220734 0.27475 61.3025 -0.0273475 0.999508 0.0153798 -1.08356 -0.274276 -0.0222977 0.961392 101.751
0.960916 0.0183505 0.276231 61.4866 -0.0239038 0.999574 0.01675 -1.07885 -0.275806 -0.0226983 0.960945 102.386
0.960739 0.0161043 0.276987 61.6649 -0.0209913 0.999672 0.0146871 -1.0653 -0.27666 -0.0199248 0.960761 103.017
0.961025 0.0163789 0.275977 61.848 -0.0196673 0.999765 0.00915188 -1.06828 -0.275762 -0.0142229 0.96112 103.666
0.961241 0.0184299 0.275092 62.0287 -0.0201939 0.99979 0.00358149 -1.06654 -0.274969 -0.00899785 0.961411 104.319
0.961993 0.0209549 0.272271 62.2071 -0.0218643 0.999761 0.000306497 -1.06784 -0.2722 -0.00624785 0.96222 104.982
0.962801 0.0191105 0.269534 62.4007 -0.0208907 0.999775 0.00373748 -1.0685 -0.269402 -0.00922917 0.962983 105.678
0.963352 0.0157428 0.267778 62.6 -0.0190773 0.99977 0.0098551 -1.0666 -0.267561 -0.0146024 0.96343 106.381
0.964204 0.012922 0.264846 62.7858 -0.0173247 0.999748 0.0142944 -1.06116 -0.264595 -0.0183711 0.964184 107.096
0.96466 0.0140484 0.263124 62.9677 -0.0183582 0.999735 0.0139278 -1.05772 -0.262859 -0.018266 0.964661 107.804
0.965301 0.0208969 0.260304 63.1449 -0.0243909 0.999651 0.0101996 -1.04895 -0.26 -0.0161947 0.965472 108.526
0.96654 0.0207705 0.255672 63.3381 -0.0229512 0.999722 0.00554855 -1.05791 -0.255486 -0.0112309 0.966747 109.282
0.967554 0.021487 0.25175 63.5351 -0.0234071 0.999716 0.00463469 -1.04536 -0.251579 -0.010377 0.967781 110.025
0.968602 0.0203109 0.247784 63.73 -0.0222479 0.99974 0.00501907 -1.03243 -0.247618 -0.0103741 0.968802 110.783
0.969685 0.0182706 0.243676 63.9272 -0.0205736 0.999765 0.00690892 -1.03749 -0.243492 -0.0117127 0.969832 111.573
0.970432 0.0165491 0.240807 64.1276 -0.0191976 0.999779 0.00865628 -1.02701 -0.24061 -0.0130232 0.970534 112.36
0.970821 0.0133572 0.239432 64.3273 -0.0162394 0.999818 0.0100685 -1.01542 -0.239254 -0.0136629 0.97086 113.147
0.971124 0.0100643 0.238361 64.5344 -0.0134894 0.999828 0.0127426 -1.02183 -0.238192 -0.0155899 0.971092 113.956
0.97135 0.00881872 0.237491 64.7242 -0.0124569 0.999827 0.0138228 -1.0242 -0.237328 -0.0163851 0.971291 114.747
0.971389 0.0123004 0.237177 64.9146 -0.0159737 0.999781 0.013572 -1.01203 -0.236958 -0.0169722 0.971371 115.581
0.971244 0.0160448 0.237545 65.1042 -0.0196696 0.999724 0.0128969 -1.0043 -0.237273 -0.0171984 0.97129 116.397
0.970777 0.0241083 0.23877 65.2888 -0.0276228 0.999554 0.0113834 -0.997968 -0.238389 -0.0176461 0.971009 117.213
0.970166 0.0297715 0.240607 65.4815 -0.0338516 0.999345 0.012841 -0.986527 -0.240067 -0.0206028 0.970537 118.054
0.969642 0.0319927 0.242427 65.6855 -0.0363176 0.999251 0.0133911 -0.977477 -0.241817 -0.0217889 0.970077 118.894
0.968893 0.0338257 0.245157 65.8948 -0.0381711 0.999187 0.0129938 -0.97229 -0.244518 -0.0219475 0.969396 119.725
0.968671 0.0312123 0.246379 66.1131 -0.0352495 0.999307 0.0119916 -0.960389 -0.245834 -0.0203006 0.969099 120.567
0.96854 0.0255934 0.247538 66.3365 -0.0294976 0.999492 0.012076 -0.96955 -0.247103 -0.0189978 0.968803 121.398
0.968795 0.0218112 0.246903 66.5618 -0.0255742 0.999601 0.0120435 -0.96953 -0.246542 -0.017982 0.968965 122.226
0.968597 0.020897 0.247755 66.7742 -0.0246024 0.999627 0.011869 -0.96276 -0.247414 -0.0175916 0.96875 123.069
0.968053 0.0242926 0.249568 66.9774 -0.0289147 0.999472 0.0148705 -0.957435 -0.249075 -0.0216115 0.968243 123.897
0.967956 0.0261388 0.249756 67.1776 -0.0320604 0.999293 0.0196701 -0.944908 -0.249065 -0.027047 0.968109 124.742
0.967657 0.0283684 0.250671 67.3878 -0.0349657 0.999149 0.0219036 -0.921159 -0.249836 -0.02996 0.967824 125.575
0.967263 0.0285899 0.25216 67.5974 -0.0339974 0.999276 0.0171128 -0.916462 -0.251488 -0.0251253 0.967534 126.386
0.967536 0.0243588 0.251555 67.8133 -0.026113 0.999653 0.00363686 -0.926792 -0.251379 -0.0100876 0.967836 127.201
0.967808 0.0210953 0.250804 68.0272 -0.0213242 0.999772 -0.00180545 -0.952794 -0.250785 -0.00360084 0.968036 128.015
0.967815 0.0192418 0.250927 68.2429 -0.0214333 0.999753 0.00600363 -0.937346 -0.250749 -0.0111886 0.967987 128.838
0.968532 0.0121385 0.248593 68.4646 -0.0185031 0.999558 0.023282 -0.925026 -0.248201 -0.0271491 0.968328 129.685
0.968712 0.00705993 0.248088 68.6814 -0.0163203 0.999245 0.0352903 -0.912164 -0.247652 -0.0382349 0.968094 130.509
0.969181 0.0112939 0.246092 68.8745 -0.0197016 0.999303 0.0317295 -0.898459 -0.245562 -0.0356 0.968726 131.332
0.969468 0.0195161 0.244438 69.0625 -0.0248232 0.999519 0.0186493 -0.883929 -0.243957 -0.0241476 0.969485 132.136
0.969547 0.0205927 0.244038 69.255 -0.0240557 0.999648 0.0112184 -0.872723 -0.243721 -0.0167473 0.9697 132.936
0.970276 0.0171806 0.241389 69.4643 -0.0202649 0.999742 0.0103 -0.883366 -0.24115 -0.0148855 0.970373 133.747
0.971042 0.0140849 0.238493 69.6631 -0.0170366 0.999802 0.0103195 -0.889797 -0.238301 -0.0140837 0.971089 134.559
0.971854 0.0138648 0.235176 69.8469 -0.0168433 0.999802 0.0106611 -0.892896 -0.234981 -0.0143221 0.971894 135.355
0.97315 0.0156549 0.229642 70.0287 -0.0183256 0.999788 0.00950167 -0.889434 -0.229444 -0.0134548 0.973228 136.158
0.973688 0.0194472 0.227053 70.2054 -0.0218681 0.999728 0.00815111 -0.882969 -0.226833 -0.0129018 0.973848 136.953
0.974312 0.0231472 0.224011 70.3731 -0.0257924 0.999628 0.0088893 -0.88566 -0.223722 -0.0144387 0.974546 137.761
0.974739 0.0247826 0.221969 70.5479 -0.0277521 0.999563 0.0102683 -0.887523 -0.221618 -0.016169 0.974999 138.558
0.975008 0.0232507 0.220949 70.7228 -0.0269476 0.999543 0.0137319 -0.885793 -0.220529 -0.0193427 0.975188 139.348
0.975584 0.0215242 0.218571 70.9037 -0.0251634 0.999588 0.0138794 -0.88427 -0.218182 -0.0190405 0.975722 140.143
0.976221 0.0196309 0.215886 71.0745 -0.0228121 0.999665 0.0122531 -0.876992 -0.215573 -0.0168865 0.976341 140.93
0.977216 0.0166178 0.211597 71.2418 -0.0189552 0.99978 0.00902293 -0.873404 -0.2114 -0.0128282 0.977315 141.704
0.978813 0.015744 0.20415 71.4109 -0.0178138 0.999807 0.00830501 -0.873517 -0.20398 -0.0117657 0.978904 142.496
0.980252 0.0140098 0.197255 71.5728 -0.0166938 0.99979 0.0119499 -0.871599 -0.197046 -0.0150069 0.980279 143.288
0.981398 0.0114474 0.191643 71.7232 -0.0152907 0.999711 0.0185873 -0.85594 -0.191375 -0.0211719 0.981288 144.066
0.982462 0.00923069 0.186233 71.8757 -0.0144602 0.999538 0.0267416 -0.862627 -0.185901 -0.0289655 0.982141 144.87
0.983124 0.009924 0.182671 72.0071 -0.0152229 0.999503 0.0276285 -0.853636 -0.182306 -0.029943 0.982785 145.657
0.984151 0.011283 0.176974 72.1443 -0.015885 0.999572 0.0246089 -0.867993 -0.17662 -0.0270301 0.983907 146.452
0.985297 0.011535 0.170459 72.2691 -0.0145028 0.999765 0.016176 -0.870065 -0.170232 -0.0184102 0.985232 147.237
0.986313 0.00835989 0.164672 72.3956 -0.0104984 0.999872 0.0121206 -0.873561 -0.164549 -0.0136835 0.986274 148.019
0.987559 0.0070742 0.157087 72.5271 -0.00909055 0.999886 0.0121211 -0.868802 -0.156983 -0.0133983 0.98751 148.831
0.988701 0.0124313 0.149383 72.6309 -0.0146066 0.999803 0.0134733 -0.847018 -0.149186 -0.015503 0.988687 149.639
0.989719 0.0179594 0.141896 72.7299 -0.0198111 0.999737 0.0116476 -0.837269 -0.14165 -0.0143389 0.989813 150.447
0.991075 0.0213471 0.131588 72.8306 -0.0226142 0.999712 0.00814206 -0.831542 -0.131377 -0.0110451 0.991271 151.264
0.992271 0.0199582 0.122472 72.9371 -0.020935 0.999759 0.00669386 -0.832775 -0.122309 -0.00920604 0.992449 152.084
0.993165 0.0194195 0.115093 73.0205 -0.0205965 0.999748 0.00904588 -0.83046 -0.114889 -0.0113545 0.993313 152.905
0.994065 0.0221544 0.106506 73.1003 -0.0238617 0.999607 0.0147822 -0.820156 -0.106136 -0.0172358 0.994202 153.733
0.994775 0.0246127 0.0990832 73.1637 -0.0266487 0.99946 0.0192772 -0.820284 -0.0985552 -0.0218168 0.994892 154.562
0.995607 0.0236416 0.0905933 73.2374 -0.025863 0.999392 0.0234252 -0.823064 -0.0899844 -0.0256653 0.995612 155.389
0.996169 0.0240598 0.0840744 73.3051 -0.0262242 0.999351 0.0247345 -0.82162 -0.0834247 -0.0268445 0.996152 156.217
0.996475 0.0236513 0.0804864 73.3658 -0.025634 0.999391 0.0236895 -0.812707 -0.0798771 -0.0256692 0.996474 157.032
0.996784 0.0279269 0.07511 73.4152 -0.0295095 0.999364 0.0200429 -0.794465 -0.0745026 -0.0221949 0.996973 157.859
0.996876 0.0336583 0.0714552 73.4512 -0.0348021 0.999285 0.0148217 -0.769576 -0.0709053 -0.0172622 0.997333 158.673
0.997015 0.0342344 0.0691994 73.5018 -0.0352916 0.999278 0.0141128 -0.766222 -0.0686663 -0.0165128 0.997503 159.494
0.997259 0.0345219 0.0654471 73.5465 -0.0358628 0.999169 0.0194251 -0.761348 -0.0647221 -0.0217189 0.997667 160.326
0.997276 0.03616 0.064286 73.59 -0.0380021 0.998895 0.0276673 -0.749614 -0.0632145 -0.0300349 0.997548 161.158
0.997538 0.0360885 0.0601292 73.6311 -0.0381685 0.9987 0.0338089 -0.761855 -0.058831 -0.0360206 0.997618 162.006
0.997929 0.0325172 0.0555086 73.6808 -0.0342368 0.998955 0.0303129 -0.744392 -0.0544649 -0.0321505 0.997998 162.816
0.998402 0.0247777 0.0507893 73.7259 -0.0259771 0.999397 0.0230911 -0.747244 -0.0501865 -0.0243735 0.998442 163.628
0.998799 0.0238333 0.0428122 73.7602 -0.0246479 0.999524 0.0186018 -0.738974 -0.0423485 -0.0196346 0.99891 164.45
0.999058 0.0249145 0.0355271 73.7758 -0.0256213 0.999481 0.0195785 -0.715667 -0.0350209 -0.0204703 0.999177 165.272
0.999386 0.0211877 0.0279201 73.7954 -0.0218651 0.999469 0.0241815 -0.711864 -0.027393 -0.0247771 0.999317 166.098
0.999679 0.016556 0.0191698 73.8064 -0.0170855 0.999469 0.0277946 -0.703437 -0.0186995 -0.0281132 0.99943 166.94
0.999858 0.0105006 0.0132088 73.8247 -0.0109057 0.999461 0.0309814 -0.689605 -0.0128764 -0.031121 0.999432 167.776
0.999947 0.00706526 0.00750878 73.8358 -0.00729181 0.999506 0.030587 -0.665006 -0.00728905 -0.0306401 0.999504 168.613
0.999986 0.0052388 6.11384e-05 73.838 -0.00523869 0.999678 0.0248632 -0.647748 6.90431e-05 -0.0248631 0.999691 169.454
0.999976 -0.00293901 -0.00625012 73.8411 0.00304174 0.99986 0.0164896 -0.618403 0.00620069 -0.0165082 0.999844 170.274
0.99986 -0.00914303 -0.0140449 73.8457 0.0093665 0.99983 0.0159269 -0.618367 0.0138968 -0.0160562 0.999774 171.112
0.999757 -0.007311 -0.0207857 73.8253 0.00777665 0.99972 0.0224098 -0.592985 0.0206159 -0.0225659 0.999532 171.965
0.999681 0.000106861 -0.0252487 73.7901 0.000717378 0.999468 0.032633 -0.555029 0.0252387 -0.0326406 0.999148 172.825
0.999516 0.00451827 -0.0307875 73.7473 -0.00328896 0.999201 0.0398631 -0.542154 0.0309428 -0.0397424 0.99873 173.68
0.999398 0.00471066 -0.0343599 73.7072 -0.00343368 0.999306 0.0371293 -0.522583 0.0345108 -0.036989 0.998719 174.519
0.999355 0.00562772 -0.0354551 73.6722 -0.00458099 0.999554 0.0295349 -0.522143 0.0356053 -0.0293534 0.998934 175.362
0.999108 0.0165485 -0.0388452 73.62 -0.0157602 0.999666 0.0205122 -0.508691 0.0391716 -0.0198817 0.999034 176.188
0.999081 0.0159238 -0.0397852 73.5789 -0.0152106 0.99972 0.0181649 -0.486479 0.0400632 -0.0175431 0.999043 177.045
0.999043 0.0100214 -0.0425669 73.5497 -0.00905598 0.9997 0.022812 -0.483058 0.0427826 -0.0224047 0.998833 177.897
0.999051 0.00912589 -0.0425934 73.5167 -0.00789746 0.999551 0.0289205 -0.450792 0.042838 -0.0285566 0.998674 178.75
0.999077 0.0113897 -0.0414248 73.4737 -0.00995986 0.999354 0.0345612 -0.43298 0.0417916 -0.0341166 0.998543 179.622
0.998999 0.0108504 -0.0433852 73.418 -0.00939785 0.999394 0.0335442 -0.419325 0.0437227 -0.0331028 0.998495 180.481
0.998941 0.0067013 -0.0455153 73.385 -0.00559239 0.999686 0.024447 -0.382701 0.0456647 -0.0241665 0.998664 181.32
0.998892 0.00374021 -0.0469206 73.3568 -0.00287792 0.999827 0.0184315 -0.376414 0.0469812 -0.018276 0.998728 182.166
0.998774 -0.00270338 -0.0494259 73.3296 0.00347495 0.999874 0.0155309 -0.369779 0.0493775 -0.0156835 0.998657 183.019
0.998705 -0.00239135 -0.050822 73.2818 0.00336034 0.999815 0.0189891 -0.357712 0.050767 -0.0191353 0.998527 183.883
0.998591 -0.000565983 -0.0530652 73.2277 0.0020289 0.99962 0.0275182 -0.350884 0.0530293 -0.027587 0.998212 184.744
0.998497 0.00113807 -0.0547909 73.1761 0.000524848 0.999541 0.030326 -0.337346 0.0548001 -0.0303092 0.998037 185.585
0.998486 5.34874e-05 -0.0550011 73.1223 0.00152477 0.999589 0.0286524 -0.32787 0.0549799 -0.0286928 0.998075 186.433
0.998452 0.00281369 -0.0555528 73.0651 -0.00144412 0.999695 0.0246779 -0.329902 0.0556051 -0.0245595 0.998151 187.268
0.998418 0.00725449 -0.0557515 73.0062 -0.00587555 0.999675 0.0248576 -0.303753 0.0559135 -0.0244907 0.998135 188.119
0.99846 0.00889586 -0.0547643 72.9456 -0.00746505 0.999628 0.026276 -0.281006 0.0549775 -0.0258267 0.998153 188.95
0.998358 0.0127446 -0.0558409 72.888 -0.0110887 0.999493 0.0298634 -0.262744 0.056193 -0.0291951 0.997993 189.773
0.998259 0.0187574 -0.0559146 72.8392 -0.0169252 0.999311 0.0330628 -0.240973 0.0564961 -0.0320588 0.997888 190.594
