1 0 0 0 0 1 0 0 0 0 1 0
0.999994 -0.00178927 -0.00307346 -0.00460883 0.00178697 0.999998 -0.000749076 -0.00705159 0.00307479 0.000743579 0.999995 0.682845
0.999969 -0.00201239 -0.00763819 -0.0322458 0.00199044 0.999994 -0.00288091 0.0117225 0.00764394 0.00286562 0.999967 1.4281
0.999933 -0.0021556 -0.0113482 -0.0435992 0.00211572 0.999992 -0.0035248 0.0191801 0.0113557 0.00350056 0.999929 2.15065
0.999868 -0.00169567 -0.0161868 -0.0647249 0.00163767 0.999992 -0.00359564 0.0156029 0.0161927 0.00356865 0.999863 2.87921
0.99978 -0.00351778 -0.020694 -0.0894418 0.00343646 0.999986 -0.00396386 0.00523438 0.0207077 0.00389187 0.999778 3.62965
0.999682 -0.00226024 -0.0251088 -0.117058 0.0021466 0.999987 -0.00455203 0.00105887 0.0251187 0.00449668 0.999674 4.38961
0.999539 0.000316089 -0.0303515 -0.157817 -0.000462935 0.999988 -0.00483126 -0.0276655 0.0303496 0.00484308 0.999528 5.17541
0.999399 0.000717026 -0.0346648 -0.189883 -0.000877213 0.999989 -0.00460603 -0.0316628 0.0346611 0.00463367 0.999388 5.96289
0.999238 0.000979138 -0.0390147 -0.226959 -0.00114438 0.99999 -0.00421319 -0.0337075 0.0390102 0.00425463 0.99923 6.76255
0.999101 0.00396041 -0.0421993 -0.259375 -0.00406077 0.999989 -0.00229281 -0.0942405 0.0421898 0.00246211 0.999107 7.57222
0.998985 0.00430344 -0.0448315 -0.304797 -0.00440351 0.999988 -0.00213362 -0.0970306 0.0448218 0.00232887 0.998992 8.38628
0.998893 0.00403458 -0.0468638 -0.346334 -0.00414295 0.999989 -0.00221556 -0.0965831 0.0468543 0.00240726 0.998899 9.20689
0.998828 0.00484949 -0.0481593 -0.381039 -0.00498821 0.999984 -0.00276076 -0.0913822 0.0481451 0.00299775 0.998836 10.0485
0.998732 0.00404004 -0.0501851 -0.425457 -0.00416519 0.999988 -0.00238951 -0.0935059 0.0501749 0.00259551 0.998737 10.8903
0.998643 0.00279255 -0.0519985 -0.470965 -0.00292273 0.999993 -0.00242767 -0.132368 0.0519913 0.00257636 0.998644 11.7614
0.99859 0.00370885 -0.0529609 -0.526662 -0.00394111 0.999983 -0.00428175 -0.133878 0.0529441 0.00448444 0.998587 12.6267
0.998534 0.00307377 -0.0540438 -0.580728 -0.00342437 0.999973 -0.00639602 -0.12683 0.0540227 0.00657171 0.998518 13.4953
0.998487 0.00659744 -0.0545935 -0.644009 -0.00701618 0.999947 -0.00748202 -0.134507 0.0545412 0.00785374 0.998481 14.3729
0.998389 0.00820573 -0.0561424 -0.690481 -0.00872981 0.99992 -0.009096 -0.168464 0.0560633 0.00957146 0.998381 15.2756
0.998334 0.00702295 -0.0572653 -0.722091 -0.00750004 0.999939 -0.00812047 -0.189799 0.0572048 0.00853643 0.998326 16.2027
0.998394 0.00691662 -0.0562301 -0.775044 -0.007375 0.999941 -0.00794854 -0.19592 0.0561719 0.00835047 0.998386 17.1338
0.998309 0.00631627 -0.0577875 -0.828553 -0.00675215 0.99995 -0.00735076 -0.224343 0.0577383 0.00772852 0.998302 18.0389
0.998271 0.0067366 -0.0583876 -0.879997 -0.00725258 0.999936 -0.00862968 -0.229719 0.0583258 0.00903823 0.998257 18.9363
0.998289 0.00434854 -0.0583048 -0.937034 -0.00497052 0.999932 -0.010527 -0.230587 0.0582551 0.0107988 0.998243 19.8756
0.998389 0.00668691 -0.0563454 -0.992432 -0.00719016 0.999936 -0.00873357 -0.235172 0.0562834 0.00912464 0.998373 20.817
0.99843 0.00775666 -0.0554684 -1.05563 -0.00812493 0.999946 -0.00641684 -0.245905 0.0554157 0.00685745 0.99844 21.745
0.998432 0.00792024 -0.0554185 -1.12799 -0.00810647 0.999962 -0.00313645 -0.261876 0.0553916 0.00358078 0.998458 22.689
0.99853 0.00935014 -0.0533881 -1.18842 -0.00945483 0.999954 -0.00170868 -0.304187 0.0533697 0.00221094 0.998572 23.6525
0.998664 0.00948528 -0.0507889 -1.23603 -0.00955539 0.999954 -0.00113778 -0.318598 0.0507758 0.00162157 0.998709 24.5965
0.998822 0.00860749 -0.0477435 -1.28889 -0.00881564 0.999952 -0.00415087 -0.331345 0.0477056 0.00456687 0.998851 25.538
0.998969 0.00933771 -0.0444216 -1.34993 -0.0096966 0.999922 -0.00787053 -0.362097 0.0443447 0.00829316 0.998982 26.5209
0.999033 0.00824961 -0.0431734 -1.39326 -0.00873693 0.9999 -0.011111 -0.385061 0.0430774 0.0114775 0.999006 27.4886
0.999116 0.00663266 -0.0414942 -1.44702 -0.00707598 0.999919 -0.0105464 -0.400477 0.0414209 0.0108307 0.999083 28.4839
0.999167 0.00545688 -0.0404331 -1.48867 -0.00572209 0.999963 -0.00644644 -0.412873 0.0403964 0.00667244 0.999162 29.459
0.999144 0.00109194 -0.0413417 -1.52919 -0.00123425 0.999993 -0.00341704 -0.425924 0.0413377 0.00346515 0.999139 30.4423
0.999097 -0.00644006 -0.0419893 -1.55552 0.00624503 0.999969 -0.00477449 -0.421564 0.0420187 0.00450796 0.999107 31.4738
0.999079 -0.00645281 -0.0424231 -1.59729 0.00610819 0.999947 -0.00824817 -0.442918 0.0424741 0.00798145 0.999066 32.4534
0.999033 -0.00632617 -0.0435069 -1.63447 0.00583437 0.999918 -0.0114217 -0.446173 0.0435756 0.0111569 0.998988 33.4401
0.998953 -0.00437928 -0.0455263 -1.67899 0.00379913 0.999911 -0.012822 -0.459647 0.0455784 0.0126356 0.998881 34.4682
0.998954 -0.00504957 -0.0454451 -1.72569 0.00453318 0.999924 -0.0114589 -0.482767 0.0454996 0.011241 0.998901 35.4786
0.998894 -0.00295604 -0.046916 -1.78468 0.00251176 0.999951 -0.00952604 -0.485722 0.0469419 0.00939767 0.998853 36.4759
0.998869 -0.00342125 -0.0474076 -1.83892 0.00292231 0.99994 -0.01059 -0.542949 0.047441 0.0104395 0.998819 37.5128
0.99878 -0.00270471 -0.0493018 -1.89328 0.00222264 0.999949 -0.00983028 -0.558062 0.0493259 0.00970872 0.998736 38.5097
0.998778 -0.0036422 -0.0492862 -1.94165 0.00322752 0.999959 -0.00849061 -0.570952 0.0493151 0.00832117 0.998749 39.5176
0.99881 -0.00322115 -0.0486544 -1.99435 0.00286844 0.999969 -0.00731753 -0.539894 0.0486765 0.00716927 0.998789 40.5335
0.998791 -0.00219096 -0.0490944 -2.04775 0.0018427 0.999973 -0.00713796 -0.56547 0.0491087 0.00703888 0.998769 41.5257
0.998812 0.00121797 -0.0487092 -2.10155 -0.00159833 0.999968 -0.00777062 -0.607395 0.0486983 0.00783924 0.998783 42.5348
0.998845 0.00287217 -0.0479537 -2.16039 -0.00327926 0.999959 -0.00841281 -0.62072 0.0479276 0.00856035 0.998814 43.5342
0.998807 0.0011188 -0.0488076 -2.20928 -0.00156618 0.999957 -0.00912894 -0.667394 0.0487953 0.0091945 0.998766 44.5766
0.998739 -0.00123495 -0.0501818 -2.25783 0.000833536 0.999967 -0.00801935 -0.685753 0.0501901 0.00796742 0.998708 45.5701
0.998696 -0.00153176 -0.0510242 -2.34309 0.00109743 0.999963 -0.00853911 -0.708276 0.0510354 0.00847199 0.998661 46.6512
0.998654 -0.000296516 -0.0518614 -2.40154 -0.000214893 0.999951 -0.00985528 -0.720166 0.0518619 0.00985317 0.998606 47.6254
0.998648 0.00277695 -0.051899 -2.4692 -0.00351691 0.999893 -0.0141719 -0.715009 0.0518541 0.0143352 0.998552 48.6637
0.998587 0.00336017 -0.0530225 -2.52872 -0.00416006 0.999879 -0.0149828 -0.737015 0.0529657 0.0151822 0.998481 49.6401
0.99857 0.00211151 -0.0534088 -2.58219 -0.00284435 0.999903 -0.0136491 -0.747576 0.0533748 0.0137816 0.998479 50.6153
0.998605 0.00137091 -0.0527741 -2.63353 -0.00206147 0.999913 -0.0130331 -0.771565 0.0527516 0.0131237 0.998521 51.5925
0.998559 0.00168369 -0.0536257 -2.6848 -0.00238632 0.999912 -0.0130413 -0.787485 0.0535991 0.0131505 0.998476 52.5615
0.998628 0.000319415 -0.0523461 -2.73081 -0.00104471 0.999904 -0.0138291 -0.817122 0.0523367 0.0138649 0.998533 53.5599
0.998694 -0.00175887 -0.0510479 -2.77734 0.00102566 0.999896 -0.0143859 -0.852346 0.051068 0.0143148 0.998592 54.5009
0.998623 -0.0025405 -0.0523854 -2.82965 0.00180496 0.999899 -0.0140836 -0.863794 0.0524159 0.0139696 0.998528 55.4496
0.998631 -0.00372937 -0.052167 -2.87511 0.00308 0.999917 -0.0125228 -0.880154 0.0522094 0.012345 0.99856 56.4046
0.998652 -0.00505909 -0.051647 -2.92315 0.00464252 0.999955 -0.00818253 -0.90457 0.0516861 0.00793174 0.998632 57.3603
0.998649 -0.00436596 -0.051773 -2.97276 0.00398104 0.999963 -0.00753558 -0.919864 0.0518041 0.0073193 0.99863 58.3045
0.998721 -0.00555127 -0.0502509 -3.03905 0.00501888 0.99993 -0.0107147 -0.95135 0.0503069 0.0104488 0.998679 59.2597
0.998652 -0.0047186 -0.0516905 -3.09303 0.00381837 0.999839 -0.0175008 -0.965546 0.0517648 0.0172798 0.99851 60.1836
0.998627 -0.0041738 -0.0522085 -3.14276 0.00304331 0.999759 -0.0217144 -1.00532 0.0522866 0.0215257 0.9984 61.1246
0.998656 -0.00138236 -0.0518049 -3.19131 0.000319693 0.999789 -0.0205156 -1.00893 0.0518224 0.0204715 0.998446 62.046
0.998572 0.00074851 -0.0534048 -3.23846 -0.00176198 0.999819 -0.0189327 -1.04276 0.053381 0.0189998 0.998393 62.9634
0.99856 0.00347717 -0.0535219 -3.3047 -0.00438764 0.999847 -0.0169032 -1.07018 0.053455 0.0171137 0.998424 63.8738
0.998561 0.00516291 -0.0533743 -3.33828 -0.0060991 0.99983 -0.0173922 -1.10378 0.0532755 0.0176927 0.998423 64.7403
0.998442 0.00620533 -0.0554518 -3.3923 -0.00715573 0.99983 -0.0169573 -1.12969 0.0553372 0.0173276 0.998317 65.5995
0.998467 0.00861588 -0.0546595 -3.45314 -0.00950935 0.999825 -0.0161072 -1.16631 0.0545112 0.0166023 0.998375 66.4488
0.9984 0.00685323 -0.0561165 -3.5105 -0.00778516 0.999835 -0.0164053 -1.21174 0.0559948 0.0168159 0.998289 67.2985
0.998316 0.00818627 -0.0574267 -3.55945 -0.00910603 0.999834 -0.0157729 -1.2501 0.057288 0.0162692 0.998225 68.1176
0.998273 0.0094483 -0.0579713 -3.60844 -0.0102515 0.999855 -0.013573 -1.27821 0.0578347 0.0141438 0.998226 68.9502
0.998168 0.00948586 -0.059744 -3.66278 -0.0102563 0.999868 -0.0126016 -1.29572 0.0596166 0.0131912 0.998134 69.7427
0.998044 0.0149773 -0.0606895 -3.718 -0.0156587 0.999819 -0.0107671 -1.31336 0.0605173 0.0116964 0.998099 70.5475
0.997966 0.0177086 -0.0612307 -3.77459 -0.018533 0.999745 -0.0129228 -1.3284 0.0609862 0.0140313 0.99804 71.3099
0.997776 0.0205476 -0.0634038 -3.84156 -0.0217391 0.999599 -0.0181591 -1.34446 0.0630053 0.0194971 0.997823 72.0699
0.997717 0.0210973 -0.0641414 -3.89136 -0.0225925 0.999488 -0.0226769 -1.39034 0.0636301 0.0240742 0.997683 72.7868
0.997715 0.0184199 -0.0649911 -3.94785 -0.0201203 0.99947 -0.0256072 -1.45488 0.0644849 0.0268563 0.997557 73.58
0.997672 0.0195644 -0.0653183 -4.00121 -0.0211223 0.999507 -0.0232455 -1.48551 0.0648313 0.024571 0.997594 74.2778
0.997632 0.0194515 -0.0659648 -4.04563 -0.0210059 0.999516 -0.0229538 -1.51036 0.0654863 0.0242851 0.997558 74.9331
0.997631 0.017148 -0.0666154 -4.08507 -0.0189015 0.999489 -0.0257833 -1.54716 0.0661392 0.0269814 0.997446 75.6035
0.997722 0.0114929 -0.0664623 -4.12171 -0.013478 0.999474 -0.0294974 -1.58241 0.0660884 0.030326 0.997353 76.2132
0.997851 0.00830552 -0.0649964 -4.16321 -0.0105122 0.999377 -0.033683 -1.59433 0.0646762 0.0342939 0.997317 76.8161
0.997993 0.00945903 -0.0626016 -4.21022 -0.011618 0.999347 -0.0342131 -1.63366 0.0622371 0.0348718 0.997452 77.4009
0.998209 0.0129413 -0.0584073 -4.26399 -0.0148237 0.999381 -0.0319118 -1.66713 0.0579582 0.0327205 0.997783 78.0345
0.998498 0.0123204 -0.0533678 -4.29708 -0.0140051 0.999412 -0.0313081 -1.7013 0.0529506 0.0320085 0.998084 78.5955
0.998793 0.00962403 -0.0481596 -4.31368 -0.0109645 0.999558 -0.0276466 -1.73029 0.0478723 0.0281413 0.998457 79.1372
0.999177 0.00894966 -0.0395547 -4.32793 -0.0100333 0.999577 -0.0272831 -1.75943 0.0392938 0.0276575 0.998845 79.6658
0.999509 0.0109875 -0.0293142 -4.34334 -0.0117972 0.99955 -0.0275938 -1.75786 0.0289979 0.0279261 0.999189 80.193
0.999794 0.0134095 -0.0152093 -4.37198 -0.0138356 0.999505 -0.0282707 -1.7842 0.0148226 0.0284754 0.999485 80.7451
0.999894 0.0141165 0.00341761 -4.37642 -0.014015 0.999507 -0.0280941 -1.8036 -0.00381253 0.0280432 0.999599 81.2421
0.999594 0.0138458 0.0248978 -4.35981 -0.0131654 0.999541 -0.0272866 -1.82128 -0.0252642 0.0269478 0.999318 81.7315
0.998554 0.0113285 0.0525386 -4.31898 -0.00989648 0.999575 -0.0274365 -1.82433 -0.0528271 0.0268769 0.998242 82.2108
0.99659 0.0110949 0.0817625 -4.26807 -0.00890222 0.999592 -0.027133 -1.83125 -0.0820302 0.0263126 0.996282 82.6664
0.993314 0.0113075 0.114883 -4.20381 -0.00839114 0.999631 -0.0258375 -1.85021 -0.115132 0.0247008 0.993043 83.1245
0.988285 0.0110034 0.152219 -4.12579 -0.00721051 0.99965 -0.0254467 -1.87246 -0.152445 0.0240511 0.988019 83.5829
0.98111 0.0116257 0.193099 -4.02592 -0.00684532 0.999654 -0.0254048 -1.88639 -0.193327 0.0236031 0.98085 84.0118
0.971087 0.0125974 0.23839 -3.90259 -0.00675671 0.999657 -0.0253019 -1.94434 -0.238627 0.0229596 0.97084 84.4518
0.957953 0.0151499 0.286524 -3.76813 -0.00797852 0.999626 -0.02618 -1.94802 -0.286813 0.0227932 0.957715 84.8828
0.940768 0.016467 0.338649 -3.60733 -0.00755093 0.99959 -0.027629 -1.97294 -0.338965 0.0234354 0.940507 85.2613
0.919295 0.0161136 0.393237 -3.42491 -0.00512372 0.999567 -0.0289811 -1.99364 -0.393534 0.0246273 0.91898 85.6489
0.893311 0.0172904 0.449106 -3.22765 -0.00434883 0.999546 -0.0298319 -2.00433 -0.449417 0.0246961 0.89298 86.0048
0.86261 0.0201595 0.505468 -3.00996 -0.00497976 0.999496 -0.0313644 -2.04128 -0.505845 0.0245382 0.862275 86.3611
0.827497 0.0189584 0.561149 -2.75031 -0.00150502 0.999501 -0.0315487 -2.06145 -0.561467 0.025262 0.827113 86.6856
0.78927 0.0187166 0.61376 -2.49796 0.000882764 0.9995 -0.0316149 -2.08387 -0.614045 0.0254945 0.788859 86.96
0.747734 0.0177917 0.663759 -2.21263 0.00357092 0.999519 -0.0308142 -2.10011 -0.663989 0.0254111 0.747311 87.2359
0.703421 0.0179132 0.710547 -1.93066 0.00266016 0.999609 -0.027834 -2.10269 -0.710768 0.0214692 0.703099 87.503
0.656481 0.017515 0.754138 -1.61441 0.00490475 0.99961 -0.0274858 -2.13284 -0.754326 0.0217428 0.65614 87.7411
0.608718 0.0153267 0.793238 -1.27293 0.00927166 0.999608 -0.026429 -2.14148 -0.793332 0.0234425 0.608338 87.9592
0.560619 0.0132268 0.827968 -0.935477 0.0147597 0.999554 -0.0259617 -2.15431 -0.827942 0.0267752 0.560174 88.1399
0.512424 0.0147043 0.858606 -0.598342 0.0152369 0.99954 -0.0262115 -2.15553 -0.858597 0.0265139 0.511965 88.3183
0.464537 0.0152361 0.885422 -0.270144 0.0161484 0.99954 -0.0256721 -2.15727 -0.885406 0.0262239 0.464078 88.471
0.418022 0.0158852 0.908298 0.062968 0.0174972 0.999521 -0.0255332 -2.18351 -0.908268 0.0265662 0.417544 88.6188
0.374468 0.0140865 0.927132 0.431686 0.0219542 0.99947 -0.0240528 -2.19818 -0.92698 0.0293615 0.37396 88.7497
0.334509 0.00739987 0.942363 0.796975 0.0340434 0.999222 -0.0199307 -2.22201 -0.941777 0.0387482 0.333997 88.831
0.298526 0.0046115 0.95439 1.1672 0.0394983 0.999072 -0.0171822 -2.22347 -0.953584 0.0428262 0.298067 88.9119
0.264931 0.00824795 0.964232 1.53881 0.0369047 0.999144 -0.0186864 -2.21933 -0.963561 0.0405353 0.2644 89.0139
0.233389 0.0137087 0.972286 1.89587 0.0293874 0.999344 -0.0211443 -2.22817 -0.971939 0.0335078 0.232833 89.1046
0.204672 0.0170406 0.978682 2.28871 0.0265247 0.999385 -0.0229482 -2.23565 -0.978471 0.0306561 0.204095 89.2124
0.178349 0.0179931 0.983802 2.68997 0.0273245 0.999357 -0.0232311 -2.25874 -0.983588 0.0310252 0.177743 89.2821
0.154819 0.0192056 0.987756 3.10137 0.0336642 0.999128 -0.0247032 -2.26591 -0.987369 0.0370766 0.154037 89.3219
0.133925 0.0231034 0.990722 3.51462 0.0376839 0.998887 -0.0283879 -2.27444 -0.990275 0.0411361 0.132905 89.3562
0.113614 0.0283183 0.993121 3.9523 0.0380945 0.998735 -0.0328365 -2.26133 -0.992794 0.0415632 0.112392 89.3726
0.095919 0.0291655 0.994961 4.39365 0.0373186 0.998763 -0.0328746 -2.26609 -0.994689 0.0402839 0.0947119 89.4015
0.0798597 0.0258753 0.99647 4.85532 0.0370672 0.998895 -0.0289089 -2.27971 -0.996117 0.0392451 0.0788123 89.4375
0.0646967 0.0234702 0.997628 5.33819 0.0391225 0.998895 -0.0260371 -2.30564 -0.997138 0.0407143 0.063707 89.4661
0.0512381 0.0213185 0.998458 5.82854 0.0420472 0.99884 -0.0234844 -2.32558 -0.997801 0.0431857 0.0502822 89.4755
0.0386175 0.0205256 0.999043 6.33531 0.0474978 0.998621 -0.022353 -2.34788 -0.998125 0.0483155 0.0375893 89.4807
0.0290249 0.0214128 0.999349 6.84173 0.0529011 0.998337 -0.0229276 -2.33135 -0.998178 0.0535322 0.0278439 89.5058
0.0208403 0.0220896 0.999538 7.37623 0.0565551 0.998129 -0.0232376 -2.34004 -0.998182 0.0570133 0.019552 89.5225
0.0137706 0.0221632 0.999659 7.92057 0.0546476 0.998244 -0.0228846 -2.36386 -0.998411 0.0549442 0.0125352 89.539
0.00810444 0.0229518 0.999703 8.47762 0.0547251 0.998228 -0.0233616 -2.36071 -0.998469 0.0548982 0.00683401 89.5428
-1.94121e-06 0.0229509 0.999736 9.03544 0.0554342 0.9982 -0.0229156 -2.37685 -0.998462 0.0554195 -0.00127423 89.5583
-0.00572402 0.0228333 0.999722 9.66385 0.0570649 0.998118 -0.0224699 -2.38384 -0.998354 0.0569205 -0.00701626 89.5546
-0.0100024 0.0242686 0.999655 10.2538 0.052896 0.998319 -0.0237069 -2.40998 -0.99855 0.0526407 -0.0112693 89.5355
-0.0162567 0.0224266 0.999616 10.901 0.0524223 0.998393 -0.0215466 -2.42716 -0.998493 0.0520519 -0.0174063 89.5128
-0.0198279 0.0222287 0.999556 11.5629 0.0526355 0.99839 -0.0211587 -2.44933 -0.998417 0.0521926 -0.020966 89.5043
-0.0207122 0.0217821 0.999548 12.2324 0.0570863 0.998158 -0.0205689 -2.46986 -0.998154 0.0566345 -0.0219175 89.4827
-0.0213953 0.022119 0.999526 12.9365 0.0598405 0.997991 -0.0208041 -2.49017 -0.997979 0.0593671 -0.022676 89.4902
-0.021493 0.0230465 0.999503 13.6475 0.0586788 0.99804 -0.0217509 -2.50761 -0.998046 0.0581822 -0.0228033 89.4253
-0.0205018 0.0237205 0.999508 14.3574 0.0592569 0.99799 -0.022469 -2.52656 -0.998032 0.0587671 -0.0218662 89.4453
-0.0162215 0.0249876 0.999556 15.0893 0.0617086 0.997807 -0.0239425 -2.54941 -0.997962 0.0612929 -0.0177279 89.4103
-0.0151232 0.0264188 0.999536 15.8446 0.0628799 0.997697 -0.0254188 -2.58001 -0.997907 0.0624663 -0.0167496 89.4239
-0.0111648 0.0253466 0.999616 16.6174 0.0635044 0.997679 -0.0245882 -2.59165 -0.997919 0.0632055 -0.0127485 89.4187
-0.00880195 0.0237809 0.999678 17.4293 0.0612635 0.997852 -0.0231981 -2.61018 -0.998083 0.0610396 -0.01024 89.4157
-0.0051385 0.0226956 0.999729 18.2402 0.0563503 0.998161 -0.0223704 -2.62707 -0.998398 0.0562201 -0.00640798 89.4159
-0.00174027 0.0232803 0.999727 19.0498 0.0547402 0.998232 -0.0231502 -2.65429 -0.998499 0.054685 -0.00301159 89.4158
0.00203658 0.0255245 0.999672 19.8417 0.0545179 0.998185 -0.0255976 -2.68063 -0.998511 0.0545522 0.000641319 89.4323
-0.000463608 0.0290393 0.999578 20.6618 0.0472444 0.998463 -0.028985 -2.70529 -0.998883 0.047211 -0.00183486 89.4743
-0.00678951 0.0326385 0.999444 21.5095 0.0449138 0.998469 -0.0323015 -2.74675 -0.998968 0.0446696 -0.00824506 89.4722
-0.00571866 0.0320841 0.999468 22.3291 0.0431246 0.998563 -0.0318083 -2.77687 -0.999053 0.0429198 -0.00709409 89.4756
-0.0056933 0.0306435 0.999514 23.1562 0.0428204 0.998621 -0.0303722 -2.82158 -0.999066 0.0426267 -0.00699764 89.4758
-0.00784805 0.0304198 0.999506 23.987 0.0413772 0.998691 -0.0300701 -2.86242 -0.999113 0.0411208 -0.00909649 89.4734
-0.00908936 0.0318866 0.99945 24.8387 0.0407721 0.998672 -0.031491 -2.89428 -0.999127 0.0404635 -0.0103774 89.488
-0.0101026 0.0317495 0.999444 25.6537 0.0412713 0.998658 -0.0313073 -2.92775 -0.999097 0.0409321 -0.0113994 89.4809
-0.0137465 0.0335047 0.999344 26.4852 0.0353383 0.998831 -0.0330014 -3.03442 -0.999281 0.0348615 -0.0149145 89.4843
-0.0145638 0.0343239 0.999304 27.3025 0.0308112 0.998952 -0.0338627 -3.07021 -0.999419 0.0302966 -0.0156061 89.4913
-0.0188838 0.0338681 0.999247 28.1426 0.0262555 0.999098 -0.0333668 -3.12935 -0.999477 0.0256057 -0.0197561 89.4959
-0.0203888 0.0329507 0.999249 28.985 0.0247394 0.999167 -0.0324432 -3.15124 -0.999486 0.0240594 -0.0211871 89.5084
-0.0268315 0.0311492 0.999154 29.812 0.0217956 0.999295 -0.0305682 -3.19158 -0.999402 0.020957 -0.0274915 89.5043
-0.0344527 0.0295296 0.99897 30.6399 0.0175158 0.999428 -0.028939 -3.23244 -0.999253 0.0165008 -0.0349503 89.487
-0.04413 0.029479 0.99859 31.4913 0.0186382 0.999415 -0.0286797 -3.27739 -0.998852 0.0173463 -0.0446537 89.4622
-0.0527625 0.0318237 0.998099 32.3207 0.0197354 0.99933 -0.0308196 -3.28315 -0.998412 0.0180718 -0.0533553 89.418
-0.0635568 0.031669 0.997475 33.1277 0.019984 0.999336 -0.0304548 -3.31802 -0.997778 0.017998 -0.0641475 89.3702
-0.0733368 0.0309166 0.996828 33.9243 0.0213566 0.999339 -0.0294232 -3.35235 -0.997078 0.019131 -0.0739486 89.3163
-0.0850288 0.0299002 0.995929 34.7269 0.0208825 0.999384 -0.0282211 -3.38172 -0.996159 0.018398 -0.0856008 89.2586
-0.0964137 0.0286646 0.994928 35.5512 0.020747 0.999426 -0.0267837 -3.40698 -0.995125 0.0180595 -0.0969531 89.1666
-0.108286 0.0281734 0.99372 36.3818 0.0198877 0.99946 -0.0261689 -3.42214 -0.993921 0.0169291 -0.108788 89.052
-0.120259 0.0286955 0.992327 37.1748 0.0200496 0.999449 -0.0264716 -3.45334 -0.99254 0.0167124 -0.120768 88.9526
-0.130046 0.0282948 0.991104 37.9768 0.017724 0.999499 -0.0262089 -3.46617 -0.991349 0.014158 -0.130483 88.8363
-0.141787 0.0306957 0.989421 38.7778 0.019194 0.999416 -0.0282553 -3.51027 -0.989711 0.0149847 -0.142293 88.6959
-0.152142 0.0324125 0.987827 39.5628 0.0180039 0.999387 -0.030019 -3.56015 -0.988194 0.0132176 -0.152632 88.5639
-0.161431 0.0320749 0.986362 40.3061 0.0184379 0.999395 -0.0294811 -3.59126 -0.986711 0.0134273 -0.161925 88.4454
-0.170851 0.0322583 0.984768 41.0563 0.0182709 0.999396 -0.0295675 -3.6199 -0.985127 0.012941 -0.171338 88.2916
-0.178733 0.0316404 0.983388 41.8027 0.0174832 0.999427 -0.0289788 -3.66101 -0.983742 0.0120134 -0.179183 88.1294
-0.186752 0.0324286 0.981871 42.5584 0.019024 0.999387 -0.0293888 -3.69092 -0.982222 0.0131907 -0.187255 87.9949
-0.192287 0.0302073 0.980873 43.2984 0.0205616 0.999431 -0.026748 -3.72643 -0.981123 0.0150251 -0.192799 87.8568
-0.196354 0.0293575 0.980093 44.0043 0.0233733 0.999408 -0.0252534 -3.74178 -0.980254 0.0179494 -0.196924 87.7049
-0.199174 0.0300502 0.979503 44.6924 0.0261067 0.999338 -0.0253501 -3.74965 -0.979616 0.0205225 -0.199827 87.5657
-0.201609 0.0296597 0.979016 45.3799 0.0267284 0.999336 -0.0247711 -3.76997 -0.979101 0.0211735 -0.202268 87.4202
-0.204499 0.0298296 0.978412 46.0014 0.0233332 0.9994 -0.0255926 -3.78755 -0.978588 0.0175958 -0.205072 87.2851
-0.206286 0.0316527 0.977979 46.5918 0.0267045 0.999286 -0.0267095 -3.82129 -0.978127 0.0206067 -0.206984 87.1515
-0.206145 0.0332353 0.977956 47.1699 0.0268955 0.999238 -0.0282892 -3.84003 -0.978151 0.020471 -0.206882 87.0349
-0.200969 0.034626 0.978985 47.8024 0.0292501 0.999142 -0.0293344 -3.85884 -0.97916 0.0227402 -0.20181 86.9272
-0.193752 0.035004 0.980425 48.4084 0.0300351 0.999106 -0.0297354 -3.88376 -0.98059 0.0236859 -0.19463 86.8073
-0.183623 0.035563 0.982353 48.9699 0.0280076 0.999129 -0.030935 -3.88718 -0.982597 0.021833 -0.18446 86.7087
-0.170277 0.0367364 0.984711 49.5453 0.0290913 0.999057 -0.0322411 -3.90851 -0.984966 0.0231566 -0.171185 86.6321
-0.154158 0.0372152 0.987345 50.0812 0.0299834 0.999006 -0.0329733 -3.92917 -0.987591 0.0245209 -0.155121 86.5477
-0.133695 0.0390373 0.990253 50.6474 0.0269551 0.998997 -0.0357428 -3.97857 -0.990656 0.0219138 -0.134613 86.4905
-0.109217 0.0429531 0.993089 51.1622 0.0257569 0.998853 -0.0403697 -3.99548 -0.993684 0.0211699 -0.110198 86.4408
-0.0812256 0.0449462 0.995682 51.6971 0.0241109 0.998779 -0.0431191 -4.0182 -0.996404 0.0205044 -0.0822102 86.4149
-0.0478509 0.0441019 0.99788 52.2333 0.0205584 0.998857 -0.0431592 -4.06186 -0.998643 0.0184497 -0.0487029 86.3958
-0.00987517 0.0424956 0.999048 52.7488 0.0181443 0.99894 -0.0423116 -4.08355 -0.999786 0.0177092 -0.0106358 86.421
0.0311765 0.0405202 0.998692 53.2955 0.0161693 0.999027 -0.0410385 -4.0961 -0.999383 0.0174276 0.030491 86.4599
0.0781668 0.0368293 0.99626 53.8343 0.0115111 0.999218 -0.0378418 -4.11217 -0.996874 0.0144261 0.0776817 86.5037
0.126801 0.0355228 0.991292 54.3594 0.00812652 0.999288 -0.0368488 -4.12859 -0.991895 0.0127282 0.126422 86.5834
0.178181 0.0344627 0.983394 54.8448 0.00364622 0.999357 -0.0356827 -4.13368 -0.983991 0.00994367 0.177941 86.7042
0.234643 0.0357158 0.971425 55.3567 0.00158911 0.999309 -0.0371249 -4.14414 -0.97208 0.0102548 0.234424 86.828
0.293836 0.0362418 0.955168 55.8181 0.000524688 0.999275 -0.0380767 -4.17508 -0.955856 0.0116895 0.293604 86.991
0.356288 0.0404114 0.933502 56.2704 -0.00169455 0.999091 -0.0426039 -4.18071 -0.934374 0.0135974 0.356032 87.1666
0.41869 0.0440956 0.907058 56.7021 -0.00269139 0.998876 -0.0473169 -4.20636 -0.908125 0.0173699 0.418338 87.3923
0.479776 0.0492199 0.876009 57.1048 -0.00686222 0.998605 -0.0523498 -4.21881 -0.877364 0.0191048 0.479444 87.6322
0.539259 0.0526049 0.840495 57.4852 -0.0137866 0.998465 -0.0536465 -4.23413 -0.842027 0.0173418 0.539156 87.9256
0.596611 0.053277 0.80076 57.8472 -0.0172479 0.998415 -0.0535768 -4.24523 -0.802345 0.0181531 0.596584 88.2263
0.650026 0.0528116 0.758074 58.1855 -0.020281 0.998432 -0.052166 -4.28688 -0.759641 0.0185348 0.650078 88.5441
0.700396 0.0489289 0.712075 58.5174 -0.0215637 0.998643 -0.0474098 -4.3176 -0.713428 0.0178507 0.7005 88.9177
0.747106 0.0454556 0.663149 58.8112 -0.023977 0.998853 -0.041454 -4.3383 -0.664273 0.0150702 0.747338 89.2958
0.788754 0.0419579 0.613275 59.0944 -0.0267147 0.999065 -0.0339935 -4.35698 -0.614128 0.010429 0.789137 89.6914
0.825356 0.0384022 0.563305 59.3432 -0.0269661 0.999227 -0.0286095 -4.38491 -0.563968 0.00842293 0.825753 90.1096
0.725311 -0.633748 0.268863 62.904 0.674727 0.731936 -0.0949361 -7.71596 -0.136625 0.250267 0.958488 92.372
0.282366 -0.940639 0.18833 66.0617 0.957664 0.287881 0.00201981 -10.2568 -0.0561164 0.179786 0.982104 96.5618
0.0359943 -0.92743 0.372261 68.1275 0.977581 0.110006 0.179539 -10.7514 -0.20746 0.357453 0.910597 102.148
-0.0876716 -0.898167 0.430824 70.4183 0.904348 0.109583 0.412487 -9.53041 -0.417694 0.425778 0.802648 107.569
-0.176133 -0.899746 0.399293 72.623 0.765292 0.129962 0.630427 -6.55578 -0.619117 0.416615 0.665677 112.236
-0.358225 -0.838927 0.409727 75.3753 0.554738 0.16173 0.816155 -2.00526 -0.75096 0.519658 0.407449 115.47
-0.631278 -0.523823 0.571924 79.1737 0.482579 0.311981 0.818404 2.30629 -0.607128 0.792639 0.0558395 115.689
-0.839653 -0.0857733 0.536308 82.8851 0.445622 0.455703 0.770556 6.29159 -0.31049 0.88599 -0.344409 112.993
-0.977323 -0.0673386 0.200761 84.7676 0.153223 0.429507 0.88997 10.6426 -0.146157 0.900549 -0.409449 110.593
-0.98994 -0.141348 -0.00630547 84.7089 -0.0194801 0.0920179 0.995567 14.0101 -0.140141 0.985674 -0.0938456 110.605
-0.989458 -0.144781 -0.00321954 84.7183 -0.0171798 0.0952765 0.995303 14.5294 -0.143794 0.984866 -0.0967594 110.562
-0.98943 -0.145 -0.00170695 84.727 -0.0159908 0.0974007 0.995117 15.0782 -0.144125 0.984626 -0.0986897 110.491
-0.989384 -0.145317 -0.00144234 84.7184 -0.0160582 0.0994564 0.994912 15.6353 -0.144434 0.984374 -0.100734 110.434
-0.989372 -0.145379 -0.00279766 84.7123 -0.0183561 0.105788 0.994219 16.2119 -0.144243 0.983704 -0.107332 110.375
-0.989175 -0.146642 -0.00528706 84.7132 -0.0215107 0.10927 0.993779 16.8002 -0.145152 0.983136 -0.111242 110.299
-0.988272 -0.152459 -0.00865899 84.7147 -0.0256227 0.109658 0.993639 17.4125 -0.150539 0.982207 -0.112278 110.261
-0.988091 -0.153336 -0.0127961 84.7155 -0.0295697 0.107615 0.993753 18.007 -0.151001 0.982297 -0.110868 110.18
-0.987982 -0.153785 -0.0155615 84.707 -0.0313789 0.100968 0.994395 18.6376 -0.151351 0.982932 -0.10458 110.112
-0.988185 -0.152014 -0.0195523 84.6934 -0.0344476 0.0959791 0.994787 19.2631 -0.149345 0.983707 -0.100082 110.046
-0.98828 -0.151312 -0.0201781 84.7218 -0.0345209 0.0927707 0.995089 19.8929 -0.148696 0.984123 -0.0969067 109.986
-0.989027 -0.146327 -0.0203458 84.7082 -0.0340753 0.0919418 0.995181 20.5484 -0.143751 0.984954 -0.095919 109.917
-0.989522 -0.143051 -0.0195357 84.6993 -0.0331985 0.0937552 0.995042 21.2049 -0.14051 0.985264 -0.0975219 109.859
-0.989821 -0.141258 -0.017343 84.6934 -0.031586 0.0992201 0.994564 21.879 -0.138769 0.984988 -0.102672 109.773
-0.990429 -0.137315 -0.0139082 84.7043 -0.0284846 0.104766 0.994089 22.5416 -0.135046 0.984971 -0.107675 109.686
-0.990259 -0.138875 -0.0100289 84.7192 -0.0249811 0.106346 0.994015 23.2098 -0.136977 0.984583 -0.108779 109.598
-0.990639 -0.136394 -0.00544456 84.7363 -0.0197463 0.103724 0.99441 23.9034 -0.135067 0.985209 -0.105446 109.532
-0.990955 -0.134129 -0.00418683 84.73 -0.0174563 0.0979077 0.995042 24.6332 -0.133054 0.986115 -0.0993635 109.45
-0.991395 -0.130889 -0.00194918 84.7408 -0.0143235 0.0936654 0.995501 25.3708 -0.130117 0.986962 -0.0947341 109.373
-0.991156 -0.132697 -0.00018891 84.7467 -0.0126221 0.0928609 0.995599 26.1102 -0.132095 0.986797 -0.0937145 109.294
-0.990305 -0.138863 0.00340821 84.7664 -0.0101282 0.0966562 0.995266 26.8503 -0.138535 0.985583 -0.0971255 109.225
-0.990351 -0.138264 0.00930952 84.784 -0.00469378 0.100609 0.994915 27.6517 -0.138497 0.985272 -0.100288 109.124
-0.990313 -0.137782 0.0171989 84.783 0.00293316 0.103079 0.994669 28.4042 -0.13882 0.985084 -0.101676 109.039
-0.990268 -0.137216 0.0232404 84.7934 0.00907301 0.102984 0.994641 29.197 -0.138874 0.985173 -0.100737 108.948
-0.990563 -0.13417 0.0279772 84.8131 0.0142636 0.102103 0.994671 29.9756 -0.136311 0.985684 -0.0992258 108.858
-0.990514 -0.133482 0.0326327 84.8354 0.0193096 0.0999147 0.994808 30.8196 -0.136049 0.986002 -0.0963893 108.794
-0.990855 -0.130545 0.0341328 84.8537 0.0212694 0.0986907 0.994891 31.6339 -0.133246 0.986518 -0.0950114 108.714
-0.991419 -0.126013 0.0347551 84.8677 0.0228721 0.0945483 0.995257 32.4796 -0.128701 0.987512 -0.0908548 108.599
-0.991417 -0.126007 0.0348315 84.9042 0.0230068 0.0941075 0.995296 33.2897 -0.128692 0.987555 -0.0904008 108.529
-0.990847 -0.130011 0.0363285 84.9456 0.024234 0.0934279 0.995331 34.1649 -0.132797 0.987101 -0.089422 108.439
-0.990342 -0.133207 0.0384531 84.9714 0.0254978 0.0976325 0.994896 35.009 -0.136281 0.986267 -0.093293 108.354
-0.989537 -0.139598 0.0364618 85.029 0.0226444 0.0993183 0.994798 35.8599 -0.142493 0.985214 -0.0951179 108.242
-0.988726 -0.14573 0.0344035 85.0746 0.0201885 0.0979216 0.994989 36.719 -0.148369 0.984466 -0.0938755 108.162
-0.988462 -0.147394 0.0348933 85.1014 0.0204879 0.0981442 0.994961 37.5781 -0.150076 0.984196 -0.0939919 108.085
-0.988331 -0.148912 0.0320438 85.1326 0.0174309 0.098419 0.994992 38.4265 -0.15132 0.98394 -0.0946748 107.995
-0.988725 -0.14652 0.0308838 85.1567 0.0163556 0.099342 0.994919 39.2913 -0.148843 0.984206 -0.0958254 107.918
-0.989909 -0.138552 0.0297209 85.1676 0.0158444 0.100201 0.994841 40.136 -0.140815 0.985273 -0.0969941 107.814
-0.990017 -0.137187 0.0323247 85.1745 0.0183926 0.101633 0.994652 41.0217 -0.139739 0.985317 -0.0980953 107.715
-0.990114 -0.136644 0.0316701 85.2088 0.0177553 0.101874 0.994639 41.8884 -0.139138 0.985368 -0.0984402 107.635
-0.989612 -0.140717 0.0294317 85.2451 0.0155175 0.0989736 0.994969 42.7347 -0.142922 0.98509 -0.0957618 107.547
-0.988767 -0.146379 0.0302176 85.2855 0.0162147 0.0959266 0.995256 43.6281 -0.148583 0.984566 -0.0924754 107.475
-0.98834 -0.149475 0.0289823 85.3129 0.0150258 0.0936676 0.99549 44.4825 -0.151515 0.984318 -0.0903294 107.406
-0.988408 -0.149271 0.0277027 85.3288 0.013054 0.0982346 0.995078 45.2804 -0.151257 0.983904 -0.0951472 107.283
-0.989381 -0.142118 0.030449 85.3565 0.0146469 0.110938 0.993719 46.1351 -0.144603 0.983613 -0.107679 107.168
-0.990026 -0.137015 0.0327871 85.3721 0.0167204 0.116808 0.993014 46.9715 -0.139887 0.983657 -0.113352 107.061
-0.990048 -0.137049 0.0319545 85.3935 0.0169585 0.109224 0.993873 47.8227 -0.139699 0.984524 -0.105813 106.983
-0.990479 -0.13343 0.0338683 85.4241 0.0212405 0.0949509 0.995255 48.722 -0.136012 0.986499 -0.0912127 106.88
-0.99075 -0.131619 0.0330231 85.4483 0.0221716 0.0830753 0.996297 49.5693 -0.133875 0.987813 -0.0793886 106.794
-0.990215 -0.134813 0.0360353 85.5019 0.0244779 0.086425 0.995958 50.425 -0.137382 0.987094 -0.0822793 106.717
-0.989393 -0.139469 0.0406074 85.5259 0.0269546 0.0984205 0.99478 51.2714 -0.142737 0.985323 -0.0936171 106.649
-0.989479 -0.138208 0.0427733 85.543 0.0281592 0.106016 0.993966 52.0863 -0.141908 0.984712 -0.101009 106.545
-0.989661 -0.135272 0.0476698 85.581 0.0330393 0.10841 0.993557 52.9237 -0.139569 0.984859 -0.10282 106.417
-0.990125 -0.130485 0.0512367 85.6269 0.0369301 0.109792 0.993268 53.7588 -0.135232 0.985352 -0.103889 106.314
-0.989922 -0.130503 0.0549844 85.68 0.0407483 0.109353 0.993167 54.5631 -0.135624 0.985398 -0.102933 106.217
-0.989195 -0.132897 0.0618851 85.7396 0.047097 0.111671 0.992629 55.3954 -0.138828 0.984818 -0.104205 106.146
-0.988316 -0.137374 0.0660187 85.7991 0.0503544 0.114533 0.992142 56.1968 -0.143855 0.983875 -0.106278 106.07
-0.987615 -0.140905 0.0689948 85.8769 0.0530411 0.113999 0.992064 57.0138 -0.147652 0.983437 -0.105113 105.969
-0.987283 -0.141693 0.0720776 85.93 0.0561744 0.1132 0.991983 57.818 -0.148716 0.983417 -0.103801 105.874
-0.987301 -0.141193 0.0728012 85.9927 0.0574791 0.109717 0.9923 58.6167 -0.148093 0.983883 -0.100208 105.783
-0.987133 -0.141005 0.0753987 86.0457 0.0598874 0.111188 0.991993 59.4186 -0.148259 0.983745 -0.101313 105.702
-0.987238 -0.138573 0.0784689 86.1115 0.062985 0.112793 0.99162 60.2092 -0.146263 0.983908 -0.102625 105.626
-0.987041 -0.136726 0.0839965 86.1807 0.0681502 0.11672 0.990824 61.0001 -0.145276 0.983708 -0.105889 105.559
-0.986556 -0.135314 0.091628 86.2507 0.075845 0.117518 0.99017 61.7965 -0.144752 0.983808 -0.105675 105.463
-0.986051 -0.134265 0.0983616 86.3282 0.0832298 0.114012 0.989987 62.5881 -0.144135 0.984364 -0.101247 105.367
-0.985644 -0.133478 0.10338 86.41 0.0892766 0.107647 0.990173 63.3711 -0.143295 0.985188 -0.0941847 105.297
-0.98483 -0.135827 0.107978 86.5088 0.0949117 0.0992676 0.990524 64.1957 -0.145259 0.985746 -0.0848701 105.197
-0.984395 -0.135812 0.111896 86.6135 0.0989274 0.0987688 0.990181 64.9858 -0.14553 0.985799 -0.0837919 105.124
-0.983353 -0.138219 0.117947 86.717 0.104398 0.101501 0.989342 65.779 -0.148718 0.985186 -0.0853816 105.031
-0.98279 -0.135584 0.125458 86.8298 0.111009 0.109351 0.987785 66.5641 -0.147647 0.984712 -0.0924181 104.944
-0.982676 -0.129916 0.132165 86.9397 0.117749 0.113021 0.986591 67.3575 -0.143111 0.985062 -0.0957657 104.851
-0.981847 -0.128301 0.139693 87.0527 0.12543 0.11325 0.985617 68.1736 -0.142276 0.985247 -0.0951017 104.77
-0.97996 -0.134278 0.14713 87.1899 0.132406 0.112719 0.984765 68.9804 -0.148817 0.984511 -0.0926812 104.707
-0.977948 -0.139093 0.155788 87.318 0.140407 0.114331 0.983471 69.7893 -0.154605 0.983657 -0.0922804 104.626
-0.975723 -0.142357 0.166427 87.4588 0.150301 0.117443 0.98164 70.6139 -0.159288 0.982823 -0.0931956 104.542
-0.974515 -0.139893 0.175353 87.5931 0.159349 0.118473 0.980088 71.43 -0.157882 0.983053 -0.0931619 104.452
-0.973006 -0.140376 0.183173 87.7699 0.167802 0.114549 0.979143 72.2626 -0.15843 0.983449 -0.0879014 104.382
-0.970665 -0.14317 0.193157 87.9549 0.178352 0.109999 0.977799 73.0895 -0.161239 0.983566 -0.0812378 104.32
-0.968481 -0.147463 0.200744 88.1365 0.186308 0.106069 0.976749 73.9095 -0.165327 0.983363 -0.0752527 104.248
-0.966657 -0.148463 0.208641 88.3106 0.194902 0.1019 0.975515 74.7103 -0.166088 0.983654 -0.0695666 104.166
-0.965105 -0.148915 0.215396 88.4905 0.201661 0.102063 0.974123 75.5231 -0.167046 0.983568 -0.0684709 104.085
-0.96423 -0.148358 0.219656 88.67 0.206025 0.101908 0.973226 76.2905 -0.16677 0.983669 -0.0676971 104.025
-0.962677 -0.150451 0.224982 88.8733 0.210564 0.105934 0.971823 77.0999 -0.170045 0.982925 -0.0703006 103.988
-0.961245 -0.155264 0.227816 89.085 0.212266 0.110503 0.970944 77.8595 -0.175926 0.981673 -0.0732629 103.951
-0.960527 -0.155476 0.230683 89.2832 0.214951 0.111588 0.970229 78.6618 -0.176589 0.981517 -0.0737638 103.883
-0.959255 -0.157824 0.234349 89.4861 0.219685 0.104947 0.969909 79.475 -0.177669 0.981874 -0.0659998 103.825
-0.958854 -0.161472 0.233504 89.7171 0.219904 0.0977586 0.970611 80.3213 -0.179553 0.982023 -0.058228 103.744
-0.957631 -0.163415 0.237142 89.9274 0.224694 0.0911235 0.970159 81.1275 -0.180148 0.98234 -0.0505443 103.681
-0.956491 -0.161604 0.242917 90.1368 0.230269 0.0931507 0.968658 81.9396 -0.179167 0.982449 -0.0518853 103.608
-0.956544 -0.152611 0.24846 90.3389 0.235271 0.0994182 0.966832 82.7202 -0.17225 0.983273 -0.0591931 103.529
-0.954318 -0.151158 0.257737 90.5554 0.24393 0.104013 0.964199 83.5377 -0.172554 0.983022 -0.0623898 103.477
-0.952468 -0.148649 0.265906 90.8009 0.252539 0.102883 0.962101 84.3647 -0.170373 0.983523 -0.0604535 103.423
-0.950346 -0.148333 0.273567 91.0385 0.260867 0.0995889 0.960224 85.1596 -0.169677 0.98391 -0.0559487 103.344
-0.947823 -0.146068 0.283364 91.2996 0.271348 0.096916 0.957589 85.9682 -0.167336 0.984516 -0.0522238 103.256
-0.94626 -0.143092 0.290027 91.5455 0.278674 0.0943047 0.955744 86.7712 -0.16411 0.985206 -0.0493609 103.194
-0.944688 -0.138422 0.297326 91.7978 0.286232 0.0945967 0.953479 87.5751 -0.160108 0.985845 -0.0497437 103.15
-0.942127 -0.135922 0.306464 92.0575 0.294671 0.100227 0.950328 88.3972 -0.159887 0.985636 -0.0543742 103.091
-0.940896 -0.127621 0.313731 92.3021 0.301623 0.105643 0.947556 89.182 -0.154072 0.98618 -0.0609057 103.06
-0.939071 -0.122701 0.321074 92.5571 0.309318 0.105665 0.94507 89.9763 -0.149888 0.986802 -0.0612738 103.001
-0.936719 -0.126416 0.326459 92.8365 0.315385 0.100027 0.943677 90.7795 -0.15195 0.986921 -0.0538279 102.963
-0.934057 -0.138271 0.329269 93.1327 0.318714 0.0932113 0.943257 91.5798 -0.161117 0.985998 -0.0429956 102.944
-0.931622 -0.14431 0.333547 93.4416 0.323723 0.0876067 0.942087 92.3901 -0.165174 0.985647 -0.0348999 102.899
-0.930428 -0.143791 0.337085 93.7341 0.326975 0.0896573 0.94077 93.1865 -0.165496 0.985538 -0.0364037 102.859
-0.930266 -0.142595 0.33804 94.004 0.326789 0.0967795 0.940129 94.0085 -0.166772 0.985038 -0.0434324 102.804
-0.928023 -0.14952 0.341199 94.3139 0.327764 0.107557 0.938617 94.7923 -0.17704 0.982891 -0.0508085 102.766
-0.928275 -0.147233 0.341506 94.6092 0.328065 0.10829 0.938428 95.5998 -0.175149 0.983156 -0.0522207 102.741
-0.927776 -0.146262 0.343275 94.9029 0.33088 0.102762 0.938061 96.4041 -0.172478 0.983894 -0.0469454 102.669
-0.927677 -0.147059 0.343202 95.1959 0.331758 0.0971029 0.938353 97.2239 -0.171319 0.984349 -0.0412922 102.654
-0.927786 -0.150628 0.341354 95.5025 0.330571 0.0923863 0.939248 98.0364 -0.173013 0.984264 -0.0359216 102.609
-0.927096 -0.150653 0.343213 95.8081 0.332353 0.0929513 0.938563 98.8308 -0.1733 0.984207 -0.0361048 102.563
-0.926693 -0.149443 0.344827 96.0919 0.333061 0.0984725 0.937749 99.6515 -0.174096 0.983854 -0.0414803 102.567
-0.92663 -0.14476 0.346988 96.3768 0.33464 0.103139 0.936685 100.448 -0.171382 0.984076 -0.0471293 102.513
-0.92663 -0.137943 0.349754 96.6567 0.337697 0.103574 0.935539 101.24 -0.165277 0.985009 -0.0493917 102.461
-0.926233 -0.140245 0.34989 96.9613 0.338316 0.10005 0.935699 102.045 -0.166234 0.985048 -0.0452225 102.414
-0.924996 -0.145021 0.351214 97.2867 0.340679 0.0928386 0.935585 102.857 -0.168285 0.985063 -0.0364698 102.367
-0.924161 -0.147496 0.352378 97.5905 0.342137 0.0906869 0.935264 103.642 -0.169903 0.984896 -0.0333457 102.328
-0.92451 -0.145046 0.352481 97.9355 0.342221 0.0913074 0.935173 104.476 -0.167827 0.985202 -0.0347768 102.281
-0.92385 -0.146427 0.353637 98.2437 0.342529 0.0960159 0.934588 105.25 -0.170804 0.98455 -0.0385489 102.227
-0.922688 -0.153515 0.353665 98.5651 0.342292 0.0959841 0.934678 106.057 -0.177433 0.983473 -0.0360166 102.214
-0.922723 -0.155421 0.35274 98.8701 0.341433 0.0951656 0.935076 106.827 -0.178899 0.983253 -0.034746 102.186
-0.92169 -0.159537 0.353603 99.1586 0.34261 0.0927626 0.934887 107.572 -0.18195 0.982824 -0.0308397 102.174
-0.920672 -0.166067 0.353247 99.452 0.342229 0.0918155 0.93512 108.339 -0.187726 0.98183 -0.0276992 102.147
-0.92019 -0.16531 0.354854 99.7456 0.343834 0.0920738 0.934506 109.058 -0.187156 0.981934 -0.0278864 102.119
-0.919338 -0.166777 0.356373 100.028 0.345265 0.0924356 0.933942 109.789 -0.188701 0.981652 -0.0273975 102.08
-0.917698 -0.169757 0.359183 100.307 0.346961 0.0979221 0.932754 110.519 -0.193513 0.980609 -0.030964 102.081
-0.916557 -0.171911 0.361067 100.61 0.34892 0.0973664 0.932081 111.265 -0.19539 0.980289 -0.0292588 102.057
-0.915265 -0.174756 0.362974 100.905 0.351861 0.0919731 0.931523 112.029 -0.196172 0.980307 -0.0226902 102.045
-0.915156 -0.174477 0.363381 101.197 0.354063 0.0829815 0.931533 112.784 -0.192685 0.981158 -0.0141652 102.021
-0.91574 -0.170498 0.363798 101.475 0.354859 0.0813609 0.931373 113.512 -0.188396 0.981993 -0.0140026 101.999
-0.91565 -0.168477 0.364964 101.756 0.355388 0.084969 0.930849 114.211 -0.187837 0.982036 -0.0179274 101.969
-0.915752 -0.168013 0.364923 102.027 0.3543 0.0904673 0.930745 114.893 -0.189391 0.981624 -0.0233187 101.953
