1 0 0 0 0 1 0 0 0 0 1 0
<<<<<<< HEAD
0.900838 0.0137392 0.433937 -0.381712 -0.0149706 0.999888 -0.000579933 -0.000957022 -0.433897 -0.00597386 0.900943 1.19616
0.537918 6.65057e-06 0.842997 -1.09101 -0.0218988 0.999663 0.0139658 -0.485521 -0.842712 -0.0259731 0.537737 2.10106
0.0456676 0.0255127 0.998631 -0.965217 -0.0359803 0.999067 -0.0238784 -0.832741 -0.998309 -0.0348405 0.0465429 2.73906
-0.465946 0.0401202 0.883903 -0.314235 -0.0302597 0.997665 -0.0612351 -0.930463 -0.884296 -0.0552789 -0.463644 2.62647
-0.842052 0.0741005 0.534282 0.0853865 0.0414521 0.996479 -0.0728731 -0.976106 -0.537801 -0.0392158 -0.842159 1.70952
-0.996942 0.0408885 0.0666027 -0.373855 0.0373207 0.997846 -0.0539596 -0.908981 -0.0686654 -0.0513089 -0.996319 0.931033
-0.884775 0.0510803 -0.463212 -1.19829 0.0696306 0.997307 -0.0230232 -0.881715 0.460788 -0.0526241 -0.885949 1.04519
-0.523003 0.108078 -0.845451 -1.42411 0.0687028 0.994046 0.0845738 -0.639811 0.849558 -0.0138525 -0.527314 1.69884
0.0591503 0.137642 -0.988714 -1.16189 0.00184745 0.990432 0.137991 -0.766516 0.998248 -0.00998884 0.0583301 2.99585
0.684555 0.124554 -0.718242 1.09826 -0.0710915 0.992005 0.104271 -1.20029 0.725487 -0.0203185 0.687936 4.61739
0.987067 0.114887 -0.111799 4.25385 -0.105305 0.990525 0.0881543 -1.77447 0.120867 -0.0752413 0.989813 4.53097
0.830191 0.0582415 0.554428 7.2511 -0.107632 0.992561 0.0568993 -2.57573 -0.54699 -0.106911 0.830284 2.38466
0.287667 0.0742234 0.95485 8.4057 -0.0757002 0.995635 -0.0545877 -3.21285 -0.954734 -0.0565793 0.29203 -1.71153
-0.373008 0.115757 0.920579 6.39732 0.0152952 0.992819 -0.118643 -3.57581 -0.927702 -0.0301743 -0.3721 -6.31817
-0.795905 0.152715 0.585844 1.63943 0.102443 0.987681 -0.118289 -3.43903 -0.596691 -0.0341312 -0.801745 -7.99254
-0.985643 0.156909 0.0623529 -3.37592 0.150787 0.984174 -0.0930836 -3.31668 -0.0759717 -0.0823452 -0.993704 -6.02892
-0.833099 0.148198 -0.532901 -7.02132 0.212253 0.975335 -0.0605837 -2.64816 0.510779 -0.163582 -0.844006 -0.740857
-0.395952 0.123869 -0.909878 -7.43723 0.248965 0.968228 0.0234705 -1.66621 0.883877 -0.217235 -0.414211 5.40056
0.170834 0.121382 -0.977795 -4.06376 0.217642 0.963221 0.157598 -0.813288 0.960962 -0.239732 0.138133 11.8327
0.720646 0.0517255 -0.691371 2.79708 0.158194 0.958639 0.236613 -0.228346 0.675014 -0.279885 0.682657 15.5456
0.89525 0.00487585 -0.445538 9.99222 0.109677 0.966761 0.230962 -0.507627 0.431855 -0.255634 0.864958 17.1611
0.999833 -0.00541839 -0.0174814 16.8401 0.00906949 0.976327 0.216109 -1.64842 0.0158965 -0.216231 0.976213 15.7815
0.91974 0.00185002 0.392525 22.7873 -0.0653495 0.986755 0.148472 -3.29684 -0.387051 -0.162207 0.907679 11.6058
0.654657 0.0266504 0.755456 25.5054 -0.110206 0.992066 0.0605036 -5.27329 -0.74785 -0.122865 0.6524 4.98147
0.302513 0.0786383 0.949896 26.3671 -0.14571 0.988692 -0.0354459 -7.46545 -0.941942 -0.127686 0.310551 -3.03697
-0.138549 0.0808176 0.987052 23.8917 -0.0722524 0.993184 -0.0914615 -7.89744 -0.987716 -0.0839888 -0.131766 -10.0532
-0.516131 0.0631466 0.854179 19.7431 0.00196627 0.997363 -0.0725437 -7.16768 -0.856508 -0.0357625 -0.514894 -15.4703
-0.766043 0.100911 0.634819 14.7329 0.0951923 0.99452 -0.0432204 -5.8961 -0.635701 0.0273211 -0.771452 -19.0732
-0.94579 0.155298 0.285242 7.82844 0.162998 0.986621 0.00330396 -4.52465 -0.280912 0.0496188 -0.95845 -20.8516
-0.953693 0.249078 -0.168609 0.179997 0.241725 0.968288 0.0631514 -2.63377 0.178992 0.0194699 -0.983658 -17.4533
-0.682826 0.301829 -0.665318 -4.78314 0.253988 0.951938 0.171186 -0.965803 0.68501 -0.0520922 -0.726669 -10.4383
-0.223805 0.294283 -0.929144 -5.4433 0.102338 0.955152 0.27787 -0.354398 0.969247 -0.0328988 -0.243883 -1.45383
0.311776 0.297132 -0.902501 -1.41278 -0.0386464 0.953025 0.300416 -0.968768 0.949369 -0.0587841 0.308614 7.03323
0.74059 0.316267 -0.592875 6.58678 -0.205485 0.946638 0.248298 -2.9861 0.639767 -0.0620599 0.76606 12.5913
0.942238 0.317257 -0.107404 16.4718 -0.304817 0.945117 0.117642 -6.10405 0.138832 -0.0781081 0.987231 13.0816
0.840997 0.336887 0.423356 25.5796 -0.340457 0.937664 -0.0698309 -9.88521 -0.420491 -0.085407 0.903268 7.73444
0.476068 0.363075 0.800959 30.4719 -0.293509 0.924168 -0.244472 -13.0287 -0.828983 -0.118704 0.546532 -1.97947
-0.0145731 0.36651 0.9303 29.7653 -0.164299 0.916875 -0.363794 -14.6745 -0.986303 -0.158149 0.0468551 -13.2871
-0.50051 0.342648 0.795036 23.5268 0.000654832 0.918491 -0.395443 -14.3731 -0.86573 -0.197402 -0.459938 -23.3329
-0.850593 0.31847 0.418412 12.9236 0.180544 0.924235 -0.336442 -12.0472 -0.493857 -0.210633 -0.843646 -29.7247
-0.958261 0.268754 -0.0974992 0.484614 0.283143 0.93934 -0.193573 -8.25906 0.0395619 -0.213099 -0.976229 -29.5185
-0.766814 0.23404 -0.59768 -9.08367 0.357248 0.929219 -0.0944788 -3.45424 0.533264 -0.285968 -0.796148 -21.5453
-0.251676 0.151196 -0.955928 -11.8479 0.187457 0.976632 0.105118 -1.38068 0.949484 -0.152739 -0.274137 -8.71419
0.410122 0.127989 -0.903005 -5.84711 0.121371 0.973639 0.193124 -0.149655 0.903918 -0.188804 0.383777 3.45744
0.873809 0.14202 -0.465068 6.55606 -0.050701 0.977796 0.203332 -1.24297 0.483619 -0.154094 0.861608 10.1674
0.981562 0.126362 0.143418 20.0665 -0.143068 0.983259 0.112848 -3.44045 -0.126758 -0.131285 0.983207 8.23174
0.708307 0.139455 0.691992 30.2507 -0.182442 0.983151 -0.0113877 -6.5592 -0.681921 -0.118182 0.721815 -1.5816
0.152709 0.159518 0.975312 32.5654 -0.187967 0.973561 -0.1298 -9.01688 -0.970231 -0.163505 0.178656 -16.2173
-0.440956 0.108943 0.890893 26.1767 -0.197548 0.956484 -0.214742 -11.3951 -0.875518 -0.270686 -0.400246 -29.8008
-0.860963 -0.100549 0.498632 13.0978 -0.283251 0.908994 -0.305776 -14.9382 -0.422507 -0.404499 -0.811091 -36.8161
-0.985891 -0.164745 -0.0296463 -1.82609 -0.139957 0.908431 -0.39391 -16.3922 0.0918269 -0.384203 -0.918671 -36.0394
-0.895193 -0.248497 -0.369972 -14.1487 -0.045981 0.877197 -0.477925 -16.1301 0.443301 -0.410824 -0.796686 -29.2223
0.104395 -0.211616 0.971762 -12.5822 -0.557645 0.796597 0.233379 -24.3896 -0.823489 -0.566261 -0.034846 -41.4527
0.811843 -0.242702 -0.531044 -1.3975 0.494849 0.768739 0.405174 -17.5088 0.309897 -0.591724 0.744196 -35.89
-0.913817 -0.252417 -0.318157 -13.4177 0.0126404 0.765338 -0.643505 -18.2937 0.405929 -0.592067 -0.696188 -31.2315
0.303113 -0.241869 0.921749 -7.33952 -0.509313 0.776402 0.371215 -23.9073 -0.805433 -0.581979 0.11215 -40.2681
0.686523 -0.333702 -0.64601 -1.37841 0.630227 0.716197 0.299792 -15.7951 0.362629 -0.612947 0.701994 -32.5671
-0.825022 -0.29776 -0.48029 -13.9086 0.143238 0.711974 -0.687442 -18.3248 0.546646 -0.63595 -0.544743 -28.0057
-0.181347 -0.150317 0.971863 -11.0334 -0.631784 0.775143 0.00200135 -26.5682 -0.753633 -0.613644 -0.235538 -37.7915
0.970114 -0.160049 -0.182385 -1.29894 0.238572 0.766365 0.596464 -21.4501 0.0443095 -0.62215 0.781644 -33.4231
-0.349532 -0.128972 -0.928005 -8.851 0.572695 0.754494 -0.320563 -16.0798 0.741518 -0.64351 -0.189858 -26.0274
-0.784093 -0.232187 0.575576 -15.4002 -0.535543 0.721817 -0.438377 -23.7795 -0.313675 -0.651974 -0.690318 -33.1396
0.805331 -0.178806 0.565218 -3.67158 -0.288823 0.714282 0.637481 -23.5303 -0.517711 -0.676631 0.52359 -36.3577
0.408212 -0.178706 -0.895225 -4.22626 0.665218 0.729818 0.157645 -15.406 0.625178 -0.659872 0.416799 -27.254
-0.967637 -0.215874 -0.130682 -15.6914 -0.075166 0.740924 -0.667369 -20.387 0.240894 -0.635948 -0.733172 -29.2945
0.0946796 -0.192608 0.976698 -7.44549 -0.653602 0.728002 0.206924 -25.3441 -0.750893 -0.657963 -0.0569623 -37.2334
0.92622 -0.181525 -0.330401 -1.84189 0.338034 0.787891 0.514744 -17.9901 0.166881 -0.588453 0.791122 -29.8134
-0.716616 -0.242077 -0.65411 -14.0282 0.280045 0.759052 -0.587721 -20.025 0.638777 -0.60435 -0.476156 -27.3989
-0.205864 -0.214666 0.954746 -8.29694 -0.644799 0.763654 0.0326684 -26.2206 -0.736108 -0.608894 -0.295625 -37.699
0.916023 -0.200909 -0.347184 -2.14643 0.352403 0.816515 0.457292 -18.573 0.191607 -0.541239 0.818748 -29.345
-0.817508 -0.310558 -0.485009 -15.1221 0.0735919 0.778917 -0.622794 -22.3368 0.571196 -0.544832 -0.613917 -28.5386
0.143144 -0.275628 0.950547 -6.00294 -0.619561 0.724009 0.30324 -25.9819 -0.771786 -0.632329 -0.0671314 -38.4934
0.656407 -0.260391 -0.708044 -5.80034 0.595899 0.754522 0.274957 -16.0759 0.462638 -0.602407 0.650441 -26.9196
-0.946207 -0.32068 0.0430891 -17.0217 -0.273332 0.720929 -0.63683 -25.7024 0.173155 -0.61435 -0.7698 -33.0087
0.701868 -0.288102 0.651444 -1.30611 -0.255816 0.751588 0.608008 -21.3065 -0.664786 -0.593391 0.453814 -35.7487
-0.0310262 -0.327702 -0.944272 -14.0922 0.572149 0.768813 -0.28561 -18.2317 0.819563 -0.549125 0.163642 -24.6015
-0.594931 -0.393534 0.700849 -10.5128 -0.706041 0.672582 -0.221676 -28.4531 -0.384141 -0.62671 -0.677991 -38.6702
0.927359 -0.322881 -0.189084 -3.84478 0.371667 0.736499 0.565184 -16.5296 -0.0432279 -0.594405 0.803004 -27.7275
-0.859318 -0.285645 -0.424241 -17.9521 0.0933419 0.727976 -0.679219 -25.8516 0.502853 -0.623264 -0.5989 -31.7742
0.421467 -0.25611 0.869928 -1.07704 -0.509549 0.726654 0.460799 -23.5898 -0.750151 -0.637481 0.175759 -35.6827
0.13891 -0.255886 -0.956675 -14.5235 0.648336 0.753732 -0.107465 -19.1905 0.748575 -0.605318 0.270602 -24.9361
-0.586017 -0.352066 0.729818 -7.96332 -0.712498 0.652847 -0.257174 -29.0389 -0.385916 -0.670702 -0.633426 -38.3042
0.915791 -0.304511 -0.261916 -4.05182 0.4014 0.717078 0.569805 -16.0198 0.0143016 -0.626955 0.778925 -25.3962
-0.896086 -0.331967 -0.294668 -17.0593 0.00341383 0.658669 -0.752425 -29.1588 0.443869 -0.675243 -0.589091 -32.0449
0.594463 -0.388933 0.703807 0.138969 -0.339784 0.671777 0.658227 -20.5683 -0.728808 -0.630434 0.267194 -33.6948
-0.136936 -0.375179 -0.916782 -16.4933 0.658729 0.656721 -0.367144 -20.9469 0.739815 -0.654185 0.157213 -24.2919
-0.382224 -0.41522 0.825528 -6.92843 -0.809618 0.581122 -0.0825676 -29.2943 -0.445449 -0.699921 -0.558289 -37.2224
0.842276 -0.378867 -0.383445 -5.25632 0.537763 0.639628 0.549261 -15.7415 0.0371645 -0.668832 0.742485 -25.8925
-0.881135 -0.429735 -0.197305 -16.6213 -0.1365 0.630646 -0.763973 -28.1784 0.452736 -0.64623 -0.614343 -30.9137
0.642511 -0.362844 0.674925 0.332756 -0.39535 0.597537 0.697602 -20.79 -0.656414 -0.715048 0.240473 -33.3177
-0.101548 -0.370377 -0.923314 -16.4192 0.665415 0.66465 -0.3398 -20.6142 0.739535 -0.648893 0.178961 -22.9844
-0.417113 -0.376533 0.827188 -5.20282 -0.736703 0.673076 -0.0651043 -29.2973 -0.532246 -0.636547 -0.558142 -38.1785
0.816115 -0.419858 -0.397084 -4.34696 0.574449 0.664273 0.478278 -14.6887 0.0629627 -0.618434 0.783311 -23.1404
-0.828032 -0.461475 -0.31844 -18.8719 -0.0980899 0.678424 -0.728094 -29.1468 0.552035 -0.571649 -0.607023 -29.1389
0.289553 -0.479884 0.828173 -0.878944 -0.441818 0.700538 0.560397 -22.8324 -0.849092 -0.528165 -0.00917888 -37.2831
0.235814 0.470875 0.850099 16.9516 -0.427063 0.835987 -0.344593 -32.8235 -0.872932 -0.281786 0.39823 -36.8269
0.197032 0.974265 0.10948 20.199 -0.508719 0.197058 -0.838078 -52.2709 -0.838084 0.109433 0.534453 -32.7911
0.147935 0.676504 -0.721428 7.4441 -0.641865 -0.489283 -0.590434 -67.8595 -0.752414 0.550404 0.361842 -31.5069
-0.0948133 0.550587 -0.829376 -9.25584 -0.656728 -0.660715 -0.363544 -79.1254 -0.748144 0.510205 0.424231 -28.6033
-0.410086 0.557696 -0.721668 -26.6158 -0.741247 -0.664821 -0.0925533 -86.04 -0.531397 0.496979 0.686025 -19.1857
-0.644939 0.565345 -0.514236 -41.3756 -0.72152 -0.672235 0.16586 -87.6414 -0.25192 0.478001 0.841458 -5.17478
-0.814079 0.560459 -0.152189 -50.6485 -0.553146 -0.668443 0.497207 -82.1065 0.176935 0.488948 0.854181 12.2351
-0.794201 0.526366 0.303617 -50.3131 -0.174039 -0.675761 0.716281 -70.3467 0.582199 0.516029 0.628299 28.6556
-0.546382 0.543393 0.63733 -40.9707 0.273672 -0.603355 0.749044 -54.7686 0.791563 0.583683 0.180951 37.3494
-0.123737 0.555737 0.822098 -25.3399 0.636775 -0.590923 0.495306 -42.3779 0.761057 0.584778 -0.280761 35.6409
0.410309 0.566732 0.714466 -9.21023 0.819452 -0.572922 -0.0161456 -38.031 0.400183 0.592094 -0.699485 24.1157
0.763375 0.593252 0.255559 -0.72201 0.622824 -0.571059 -0.534773 -45.5552 -0.171317 0.5674 -0.805424 7.19312
0.750664 0.579208 -0.317839 -4.23382 0.109598 -0.583578 -0.804628 -60.166 -0.651531 0.56917 -0.501551 -5.59931
0.222152 0.577293 -0.785736 -18.631 -0.517728 -0.613032 -0.596783 -73.2347 -0.8262 0.539374 0.162695 -5.95593
-0.429421 0.530649 -0.730759 -34.4262 -0.782102 -0.62311 0.00711396 -76.2477 -0.451569 0.574582 0.682599 4.92479
-0.846846 0.520071 -0.111258 -40.1763 -0.466991 -0.62703 0.623501 -65.7309 0.254502 0.579965 0.773867 20.4123
-0.580392 0.48813 0.651824 -30.5344 0.284536 -0.628426 0.723962 -50.8098 0.763011 0.605649 0.225843 26.8006
0.259954 0.50535 0.822828 -13.5066 0.763729 -0.629032 0.145044 -44.8205 0.590883 0.590711 -0.54947 19.1925
0.818836 0.569877 0.0689029 -8.73987 0.470052 -0.596772 -0.65032 -54.853 -0.329483 0.564892 -0.75653 3.35858
0.356521 0.611653 -0.706239 -21.6334 -0.352774 -0.611825 -0.70797 -68.9263 -0.865127 0.501548 -0.00235233 -0.221368
-0.548023 0.581305 -0.601461 -35.0017 -0.746991 -0.663679 0.0391852 -69.0741 -0.376399 0.470759 0.797941 13.5828
-0.784241 0.551531 0.284216 -30.8649 -0.243315 -0.694764 0.676832 -55.5201 0.570757 0.461645 0.679059 26.7827
-0.0629013 0.499868 0.863814 -14.7575 0.551691 -0.70385 0.447474 -45.7948 0.831674 0.504705 -0.2315 21.5759
0.75749 0.52885 0.382787 -8.67259 0.649172 -0.672293 -0.355809 -52.7335 0.0691755 0.518016 -0.85257 3.78643
0.614854 0.594849 -0.517792 -21.3375 0.0019792 -0.657725 -0.753256 -67.3923 -0.788639 0.462117 -0.405582 -2.91086
-0.287016 0.582693 -0.760322 -36.6287 -0.632982 -0.711111 -0.306033 -70.8892 -0.718997 0.393433 0.572935 11.0426
-0.852242 0.523121 -0.00530556 -33.5048 -0.468277 -0.758293 0.453552 -58.6606 0.23324 0.389019 0.891215 28.3774
-0.385605 0.480713 0.787543 -15.4331 0.311526 -0.735597 0.601539 -47.1226 0.868482 0.477295 0.133895 26.1261
0.541773 0.516765 0.662899 -5.83072 0.72448 -0.686971 -0.0565716 -52.6261 0.426158 0.510906 -0.746569 7.49978
0.777782 0.557549 -0.290162 -17.7479 0.224983 -0.678024 -0.699762 -68.4383 -0.586889 0.47898 -0.652794 -2.75457
-0.0133028 0.492983 -0.869937 -36.2831 -0.548762 -0.730885 -0.405792 -72.4652 -0.835873 0.47199 0.280254 9.16795
-0.837458 0.470451 -0.2781 -35.6142 -0.545735 -0.74685 0.379986 -59.3385 -0.0289333 0.469991 0.882197 28.1455
-0.598082 0.519993 0.60984 -16.9149 0.163823 -0.665545 0.728157 -45.4713 0.784513 0.535403 0.312863 26.9616
0.322142 0.720248 0.614384 -6.96557 0.738772 -0.597077 0.312596 -46.7949 0.591981 0.353188 -0.724443 5.3765
0.692009 0.664505 -0.282059 -20.6414 0.570886 -0.742895 -0.349569 -61.238 -0.44183 0.0808812 -0.893445 -8.56409
0.0181794 0.372718 -0.927767 -41.0882 -0.108254 -0.921732 -0.372415 -68.5871 -0.993957 0.107204 0.0235922 3.40186
-0.826426 0.287326 -0.484214 -43.1232 -0.393214 -0.910054 0.131098 -61.3505 -0.402992 0.298742 0.865073 26.84
-0.785774 0.40584 0.466746 -23.6985 -0.0673548 -0.806285 0.587681 -47.2189 0.614836 0.430346 0.660893 34.8259
0.0956069 0.652757 0.751511 -7.28334 0.516051 -0.678094 0.523337 -41.1861 0.851206 0.337782 -0.401686 17.0867
0.695044 0.689182 0.204799 -8.96896 0.71468 -0.693339 -0.0922699 -49.7568 0.0784042 0.210497 -0.974446 -6.11421
0.546088 0.448768 -0.707386 -30.4049 0.305017 -0.892963 -0.331032 -61.2456 -0.780227 -0.0349928 -0.624517 -12.6661
-0.305705 0.171484 -0.936556 -49.2791 -0.146545 -0.980401 -0.131678 -63.337 -0.940781 0.0969921 0.324844 3.24073
-0.613005 0.215051 0.760249 -25.1146 -0.0319086 -0.968198 0.248145 -57.6709 0.789435 0.127855 0.600371 10.644
0.979851 0.178863 0.0888879 -32.3587 0.185384 -0.980066 -0.0714454 -61.9702 0.0743361 0.0864836 -0.993476 -14.9153
-0.481315 0.14393 -0.86465 -49.8441 -0.184701 -0.980933 -0.0604718 -62.3747 -0.856867 0.130595 0.498722 6.64825
-0.433625 0.196293 0.879454 -21.4447 0.0125784 -0.974571 0.223726 -57.2052 0.901007 0.108074 0.420128 8.30492
0.977223 0.155545 -0.144367 -36.5659 0.142126 -0.984877 -0.0990864 -62.3936 -0.157597 0.0763107 -0.984551 -17.201
-0.668262 0.145241 -0.729611 -49.6277 -0.201456 -0.979442 -0.0104583 -61.1653 -0.71613 0.139995 0.683784 11.1625
-0.120344 0.113579 0.986214 -19.7144 0.0679018 -0.990166 0.12232 -59.2259 0.990408 0.0816857 0.111447 3.10054
0.811139 0.0962535 -0.576878 -46.123 -0.000145964 -0.986331 -0.164778 -64.7086 -0.584854 0.133741 -0.800037 -12.5493
-0.977561 0.184971 -0.100803 -37.4309 -0.194724 -0.976008 0.0974299 -60.2426 -0.0803618 0.114872 0.990125 17.6342
0.61764 0.222312 0.754386 -22.2988 0.179822 -0.973726 0.139725 -59.3393 0.765627 0.0493548 -0.641389 -10.9286
0.0880143 0.134219 -0.987035 -52.7324 -0.000546664 -0.990875 -0.13479 -64.3999 -0.99612 0.0124025 -0.0871367 -1.14166
-0.731 0.193417 0.654392 -24.9452 -0.148246 -0.981098 0.124381 -59.9196 0.666081 -0.00608915 0.745855 12.6517
0.986238 0.16444 0.0171392 -36.4187 0.163588 -0.985597 0.0428807 -61.2941 0.0239427 -0.0394874 -0.998934 -17.1676
-0.69728 0.179486 -0.693964 -48.7234 -0.122861 -0.983742 -0.130985 -64.1332 -0.706191 -0.00607271 0.707996 13.9048
0.0437397 0.238635 0.970124 -19.017 0.00593348 -0.971099 0.238607 -57.1809 0.999026 -0.00468101 -0.0438924 -0.376852
0.650445 0.197811 -0.733343 -50.8889 0.0538112 -0.975068 -0.215286 -65.1895 -0.757646 0.100569 -0.644872 -11.0709
-0.959302 0.277227 0.0537071 -36.8952 -0.266122 -0.951171 0.156379 -57.0784 0.0944381 0.135722 0.986236 19.3884
0.754974 0.275471 0.595089 -26.9288 0.283035 -0.955493 0.0832257 -58.1365 0.591528 0.105597 -0.79934 -13.5573
-0.219024 0.299659 -0.928565 -53.1349 -0.278755 -0.931226 -0.234768 -62.7376 -0.935053 0.207422 0.287493 6.59194
-0.478682 0.340753 0.809166 -24.032 0.00517556 -0.920503 0.390701 -51.6376 0.877974 0.191209 0.438864 10.2908
0.889439 0.438989 -0.127227 -35.9931 0.416707 -0.893224 -0.168839 -60.5687 -0.187762 0.0971546 -0.977398 -16.1344
-0.766603 0.462816 -0.445107 -41.7732 -0.467014 -0.877607 -0.108192 -59.6511 -0.440701 0.12493 0.888918 13.4229
0.319306 0.462833 0.82694 -21.5143 0.274438 -0.88039 0.386781 -51.7936 0.907044 0.103441 -0.408133 -6.20945
0.193694 0.435226 -0.879239 -47.9674 -0.00962782 -0.895325 -0.44531 -64.3423 -0.981015 0.0947183 -0.169228 -1.46784
-0.70359 0.401386 0.586387 -26.1256 -0.207533 -0.905285 0.370662 -52.2034 0.679627 0.139098 0.72025 13.0884
0.935076 0.352458 0.0374938 -32.6201 0.352851 -0.915617 -0.192726 -60.2604 -0.033599 0.193443 -0.980536 -13.9773
-0.653856 0.255508 -0.712172 -46.3771 -0.261692 -0.959533 -0.103991 -61.0603 -0.709922 0.118374 0.694261 9.85709
0.0342117 0.288677 0.956815 -20.5436 0.240465 -0.931629 0.272481 -55.6182 0.970055 0.220758 -0.101291 -0.808542
0.465824 0.310624 -0.828565 -47.5158 0.0557427 -0.944804 -0.322862 -65.0396 -0.883121 0.10421 -0.457426 -5.5146
-0.873239 0.327565 0.360769 -29.4134 -0.277384 -0.942846 0.184664 -56.9415 0.40064 0.061183 0.914191 17.2335
0.927538 0.285208 0.241516 -31.0013 0.30105 -0.953117 -0.0306356 -60.151 0.221454 0.101124 -0.969914 -13.0864
-0.759063 0.317601 -0.568289 -40.7833 -0.288694 -0.946617 -0.143431 -61.2829 -0.583505 0.0551875 0.810233 15.4784
0.493778 0.356527 0.79314 -22.8113 0.271696 -0.929679 0.248756 -56.2731 0.826054 0.0926623 -0.555923 -7.55802
-0.316624 0.36261 -0.876506 -44.927 -0.150601 -0.931544 -0.330977 -63.8927 -0.936519 0.0272068 0.34956 9.93071
0.00012958 0.358498 0.93353 -18.2273 0.13265 -0.925287 0.355315 -54.5408 0.991163 0.123786 -0.0476756 -0.0625086
0.281711 0.345324 -0.895204 -45.1404 -0.107897 -0.915672 -0.387174 -63.8899 -0.953414 0.20566 -0.220694 1.66407
-0.420627 0.336816 0.842394 -18.4764 0.098181 -0.906178 0.411343 -53.279 0.901906 0.255728 0.348093 3.03835
0.640467 0.350966 -0.683099 -43.2876 0.0385938 -0.903054 -0.427791 -65.0377 -0.767016 0.247622 -0.591921 -5.45964
-0.827695 0.333635 0.45123 -22.0578 -0.131744 -0.897129 0.421669 -51.6875 0.545496 0.289565 0.786503 11.0934
0.933567 0.316162 -0.168799 -37.4248 0.243162 -0.90474 -0.349742 -64.7304 -0.263295 0.285461 -0.921514 -13.1684
-0.943842 0.252277 -0.213351 -32.9817 -0.310071 -0.899339 0.308297 -52.0142 -0.114098 0.357137 0.927058 16.0572
0.738668 0.23203 0.632876 -22.2137 0.384485 -0.916208 -0.112848 -60.6268 0.553662 0.326688 -0.765986 -13.1766
-0.337457 0.0905461 -0.936976 -46.7031 -0.35875 -0.932616 0.0390807 -56.4073 -0.8703 0.349328 0.347202 6.96762
-0.200117 0.137327 0.9701 -16.1744 0.237063 -0.953923 0.18394 -54.7236 0.95066 0.266784 0.15834 2.29376
0.776555 0.103573 -0.621478 -42.724 -0.127517 -0.940145 -0.316018 -63.269 -0.617011 0.324654 -0.716867 -11.1177
-0.986355 0.119044 -0.113723 -34.7824 -0.149685 -0.936064 0.318402 -52.8604 -0.0685468 0.331079 0.94111 16.4073
0.574158 0.134826 0.807566 -18.4605 0.352687 -0.930872 -0.0953386 -59.4238 0.738887 0.339557 -0.58202 -8.35439
0.20624 0.129494 -0.969895 -49.5101 -0.274344 -0.943797 -0.184347 -61.3559 -0.939256 0.304104 -0.159122 -2.1298
-0.842069 0.0606474 0.535949 -23.5754 0.155703 -0.924023 0.349198 -52.5179 0.516407 0.377497 0.768648 14.696
0.973938 0.0576746 0.219359 -28.3678 0.136651 -0.921107 -0.364539 -64.9323 0.181027 0.385014 -0.904983 -14.8826
-0.550157 0.130389 -0.824819 -47.5532 -0.40963 -0.90287 0.130497 -56.0206 -0.727688 0.409664 0.550132 10.6813
-0.113024 0.0883434 0.989657 -14.6482 0.376243 -0.918062 0.124921 -56.015 0.919602 0.38647 0.0705236 2.52071
0.718138 0.119685 -0.685532 -44.0728 -0.175634 -0.922038 -0.344964 -64.6788 -0.673374 0.368134 -0.641129 -10.5688
-0.998469 0.051924 0.0190811 -32.5774 -0.0373808 -0.887549 0.459195 -49.7057 0.0407794 0.457778 0.888131 16.77
0.713674 0.101407 0.693099 -18.8628 0.380904 -0.886571 -0.262498 -61.7449 0.587861 0.451342 -0.671349 -10.0463
0.0154561 0.0588894 -0.998145 -50.5819 -0.465026 -0.883308 -0.0593153 -58.8236 -0.885162 0.46508 0.0137335 -0.0807858
-0.745334 0.0862128 0.661093 -21.0282 0.275976 -0.86276 0.423656 -48.2747 0.60689 0.498211 0.619251 13.8
0.975363 0.187903 0.115582 -27.6992 0.218805 -0.890808 -0.398228 -64.4412 0.0281326 0.413707 -0.909976 -16.7345
-0.533429 0.129379 -0.835891 -50.0157 -0.412252 -0.90268 0.123363 -56.0694 -0.738581 0.410403 0.534853 10.0328
-0.379382 0.156181 0.911963 -13.7693 0.394897 -0.864034 0.312253 -50.4613 0.836736 0.478594 0.266123 9.62759
0.953047 0.223619 -0.204195 -32.2162 0.118526 -0.895973 -0.428 -67.5072 -0.278663 0.383701 -0.880409 -17.9198
-0.678249 0.211613 -0.703703 -48.8792 -0.424202 -0.894711 0.139806 -57.7691 -0.600025 0.393335 0.696604 14.2508
-0.294615 0.276697 0.91468 -12.525 0.437191 -0.812094 0.386482 -49.6443 0.849745 0.513753 0.118285 8.0592
0.941272 0.289599 -0.173604 -30.2812 0.161399 -0.837521 -0.522026 -70.3623 -0.296576 0.463348 -0.835075 -17.6415
-0.54433 0.170897 -0.821279 -52.706 -0.473442 -0.870789 0.13259 -59.9674 -0.692501 0.461001 0.554906 10.9849
-0.59975 0.197283 0.775486 -17.7901 0.375793 -0.786168 0.490633 -47.4024 0.706456 0.585679 0.397366 16.6056
0.91871 0.17352 0.354772 -16.3749 0.342369 -0.797711 -0.496429 -69.2498 0.196864 0.577537 -0.792273 -13.5334
0.186687 0.201546 -0.961523 -52.2178 -0.589198 -0.760204 -0.273745 -71.7017 -0.786126 0.617632 -0.0231685 -4.57606
-0.948984 0.3146 0.021331 -39.97 -0.250659 -0.79369 0.554282 -49.6641 0.191308 0.520657 0.832056 21.9586
0.247647 0.29546 0.9227 -11.5469 0.568661 -0.815389 0.108473 -53.1081 0.784408 0.497839 -0.369945 -0.155897
0.849466 0.272777 -0.451664 -37.215 -0.102625 -0.754242 -0.648528 -74.0385 -0.517567 0.597254 -0.612708 -14.5489
-0.677393 0.275522 -0.682075 -52.1902 -0.610862 -0.727293 0.31288 -55.8189 -0.409862 0.628596 0.660969 13.386
-0.47913 0.30744 0.82214 -17.3854 0.445567 -0.721807 0.52959 -43.1591 0.756244 0.62006 0.208854 11.1792
0.920708 0.314965 0.230418 -21.0101 0.39025 -0.744459 -0.541745 -67.0921 0.000905141 0.588709 -0.808345 -16.821
-0.0467244 0.33184 -0.942178 -53.9165 -0.684185 -0.697859 -0.21186 -65.9332 -0.727811 0.634724 0.259648 1.96527
-0.893606 0.363341 0.263535 -32.9928 -0.073199 -0.69724 0.713092 -40.108 0.442843 0.617932 0.649654 19.2185
0.466775 0.417906 0.779407 -11.2941 0.753597 -0.64918 -0.103238 -53.6956 0.462831 0.635547 -0.617954 -8.54968
0.682581 0.40209 -0.610252 -41.7177 -0.28284 -0.624613 -0.727916 -76.1523 -0.673859 0.669465 -0.312621 -10.8202
-0.695194 0.445097 -0.564441 -52.6001 -0.697874 -0.606109 0.381582 -53.9193 -0.172271 0.659182 0.731985 17.4106
-0.502703 0.426449 0.751951 -19.342 0.545417 -0.518397 0.658624 -37.6579 0.67068 0.741218 0.0280067 10.0471
0.802347 0.480201 0.354465 -16.7416 0.584694 -0.513086 -0.628392 -67.7328 -0.119883 0.711441 -0.692445 -12.9286
0.293028 0.514063 -0.806147 -49.0394 -0.662249 -0.499018 -0.558936 -79.3596 -0.68961 0.697653 0.194212 3.00818
-0.709484 0.690604 -0.140351 -44.7134 -0.60132 -0.489403 0.631585 -49.2631 0.367488 0.532494 0.762498 25.7466
0.0682872 0.525384 0.84812 -14.6536 0.504466 -0.751604 0.424978 -40.8335 0.860727 0.398827 -0.316364 3.13924
0.893216 0.449411 -0.0139143 -26.1689 0.372515 -0.757003 -0.536824 -65.1749 -0.251789 0.474316 -0.84358 -23.5976
0.0383105 0.527657 -0.848593 -56.9129 -0.62575 -0.649428 -0.432066 -73.1916 -0.779083 0.547559 0.305302 -2.39831
-0.851995 0.52355 -5.55813e-06 -46.0461 -0.387047 -0.629851 0.673412 -44.7919 0.352562 0.573745 0.739269 19.827
0.130906 0.560027 0.818066 -18.0133 0.713475 -0.626147 0.314475 -43.002 0.688345 0.542502 -0.481533 -5.62336
0.790061 0.563209 -0.242071 -36.4472 0.235029 -0.64299 -0.728922 -72.7552 -0.566185 0.518998 -0.640371 -20.9063
-0.337005 0.535029 -0.774707 -59.6835 -0.736071 -0.662785 -0.137536 -68.2608 -0.58705 0.523889 0.617182 9.93095
-0.707767 0.556885 0.434676 -32.9936 -0.127352 -0.705799 0.696872 -41.2585 0.694873 0.437866 0.570462 20.9122
0.481296 0.605783 0.633546 -16.6151 0.662488 -0.724672 0.189633 -44.9495 0.573989 0.328446 -0.750106 -15.6818
0.624525 0.545213 -0.559206 -47.7164 0.144355 -0.784255 -0.603413 -70.353 -0.767549 0.296121 -0.56849 -24.3365
-0.722029 0.44797 -0.527253 -55.6128 -0.568992 -0.818025 0.0841691 -58.0407 -0.3936 0.360775 0.84553 14.2621
-0.371862 0.496487 0.784359 -18.9212 0.270631 -0.750264 0.603211 -39.5758 0.887964 0.436582 0.144629 5.32135
0.844707 0.522388 0.11653 -28.0641 0.528534 -0.779807 -0.335491 -61.5815 -0.0843867 0.344981 -0.934809 -29.2
-0.128091 0.473724 -0.871308 -59.4485 -0.476855 -0.799746 -0.364714 -68.081 -0.869599 0.368771 0.328339 -1.65142
-0.831505 0.460691 0.310424 -32.8268 -0.205577 -0.774316 0.598477 -41.7299 0.51608 0.433819 0.738555 17.8907
0.529939 0.473902 0.703264 -14.9455 0.656185 -0.754472 0.0139457 -52.8431 0.537201 0.454081 -0.710793 -18.2149
0.363271 0.520647 -0.772632 -49.8404 -0.313918 -0.712397 -0.627653 -71.6604 -0.877207 0.47055 -0.0953519 -7.03544
-0.878833 0.472155 0.0687096 -31.9814 -0.348166 -0.733076 0.584279 -43.5755 0.32624 0.489561 0.80864 19.2608
0.516702 0.272951 0.81149 -8.5897 0.45269 -0.891593 0.0116522 -51.2186 0.726699 0.361332 -0.58425 -14.9998
0.633808 0.167718 -0.755088 -48.2911 -0.469961 -0.691859 -0.54815 -65.7236 -0.61435 0.702284 -0.359684 -18.9676
-0.914278 0.346074 -0.210542 -42.8413 -0.402186 -0.713407 0.573844 -37.1958 0.0483907 0.60933 0.791439 11.7023
0.147602 0.376324 0.914655 -10.9784 0.714129 -0.680367 0.164686 -41.6232 0.684277 0.628873 -0.369169 -12.0166
0.800385 0.40027 -0.446282 -40.2306 -0.0990351 -0.645929 -0.756947 -68.7901 -0.591251 0.650046 -0.477351 -21.5994
-0.6616 0.59923 -0.450787 -48.5412 -0.749081 -0.500806 0.433673 -40.659 0.0341133 0.624593 0.780206 7.98216
-0.139372 0.643112 0.752982 -17.1624 0.672473 -0.496703 0.548696 -28.03 0.726882 0.582832 -0.36325 -16.5651
0.736586 0.630667 -0.244337 -37.1223 0.229064 -0.572531 -0.787235 -62.8788 -0.636374 0.523896 -0.566181 -30.8995
-0.662895 0.545923 -0.512385 -49.5844 -0.728153 -0.629352 0.271498 -42.2141 -0.174253 0.553068 0.81471 4.65457
0.0221894 0.592492 0.80527 -16.3048 0.707806 -0.578159 0.405887 -33.8345 0.706059 0.560968 -0.432199 -22.4129
0.596728 0.602459 -0.530055 -45.9709 -0.0602516 -0.625048 -0.778258 -65.6332 -0.800179 0.496344 -0.336684 -26.945
-0.859772 0.304473 -0.409985 -52.6917 -0.502349 -0.359845 0.78623 -26.1972 0.0918552 0.881934 0.462337 -8.81518
0.047874 0.71896 0.693401 -24.1498 0.974214 -0.186847 0.126472 -33.7389 0.220489 0.669465 -0.709367 -41.9771
0.595002 0.710533 -0.375652 -47.7451 -0.25745 -0.27427 -0.926551 -69.1895 -0.761376 0.64801 0.0197358 -31.0834
-0.624776 0.656532 -0.422634 -57.0121 -0.759996 -0.387213 0.521989 -38.3519 0.179054 0.647326 0.740884 -3.30116
-0.205827 0.758243 0.61863 -28.5745 0.760819 -0.273594 0.588474 -23.93 0.61546 0.591788 -0.520573 -32.8611
0.623288 0.777814 -0.080723 -40.7021 0.35505 -0.373456 -0.857013 -64.2936 -0.696744 0.505504 -0.508934 -44.504
-0.233969 0.730035 -0.642111 -63.9964 -0.864432 -0.458481 -0.206284 -60.6675 -0.444991 0.506796 0.738337 -8.18423
-0.664413 0.701476 0.257847 -44.1322 0.0016873 -0.343599 0.939115 -21.168 0.747364 0.624395 0.227109 -9.43507
0.284751 0.843033 0.456301 -29.3711 0.95411 -0.295278 -0.0498686 -36.4336 0.0926947 0.44956 -0.888428 -48.1707
0.383643 0.802529 -0.456907 -54.4712 -0.100562 -0.455519 -0.884529 -71.682 -0.917991 0.38529 -0.0940528 -38.8887
-0.573447 0.817271 -0.0567861 -49.6014 -0.814252 -0.576223 -0.0704393 -63.3981 -0.0902892 0.00584371 0.995899 3.71007
0.240017 0.96805 -0.072588 -56.829 0.221009 0.01832 0.9751 -24.4211 0.945276 -0.250084 -0.20955 -16.4375
-0.199327 0.791689 -0.577491 -80.432 0.959873 0.0391084 -0.277696 -47.2733 -0.197264 -0.609672 -0.767716 -45.8252
-0.639722 0.736457 -0.219966 -83.6546 -0.246021 -0.467335 -0.84916 -79.8973 -0.728167 -0.489112 0.480148 -15.6053
0.0302616 0.970203 -0.240394 -96.6852 -0.869844 0.14404 0.471831 -48.1897 0.492398 0.194825 0.848285 14.0693
-0.0968406 0.683372 -0.723619 -128.532 0.815651 0.471136 0.335775 -45.8293 0.570383 -0.557705 -0.603017 -18.8222
-0.625345 0.772482 -0.110516 -126.101 0.113048 -0.0504506 -0.992308 -91.1452 -0.772116 -0.63303 -0.0557791 -8.64789
0.106605 0.988085 0.111001 -125.144 -0.993441 0.110492 -0.0294582 -77.6693 -0.0413726 -0.107134 0.993384 35.844
0.268947 0.607683 -0.747254 -163.435 0.279398 0.693256 0.66433 -54.2667 0.92174 -0.387451 0.0166647 23.6071
-0.65733 0.525623 -0.540034 -178.498 0.679629 0.103848 -0.726169 -96.6463 -0.325609 -0.844356 -0.425491 11.7461
-0.213479 0.959729 0.182608 -169.471 -0.855137 -0.093184 -0.509959 -105.987 -0.472407 -0.265022 0.840593 56.4101
0.423349 0.758081 -0.496073 -199.461 -0.256352 0.625421 0.736976 -71.1882 0.868941 -0.18483 0.459108 63.5599
-0.433242 0.453151 -0.779073 -227.953 0.888848 0.357889 -0.286121 -98.2339 0.149166 -0.816438 -0.557834 38.6971
-0.51852 0.85114 0.0818291 -218.332 -0.44732 -0.188455 -0.874295 -129.21 -0.728726 -0.489944 0.478449 72.004
0.392981 0.899809 -0.189497 -234.749 -0.732175 0.430863 0.527521 -95.811 0.556315 -0.0685619 0.828139 99.8686
-0.108648 0.470482 -0.875695 -272.514 0.787409 0.578434 0.21308 -99.9319 0.606782 -0.66638 -0.433306 73.0678
-0.697155 0.698253 -0.162533 -270.495 0.0938192 -0.135903 -0.986271 -144.27 -0.710754 -0.702833 0.029236 86.9077
0.209279 0.973563 0.0915271 -271.956 -0.916586 0.162694 0.365243 -114.485 0.340696 -0.160331 0.926402 122.566
-0.266701 0.85627 -0.442348 -289.138 0.722878 0.481282 0.495798 -105.126 0.637432 -0.187535 -0.747337 80.3689
-0.512812 0.734375 0.444654 -263.695 -0.0278687 0.50343 -0.863587 -142.994 -0.858048 -0.455251 -0.237699 84.4628
0.369203 0.894375 0.252549 -260.66 -0.874297 0.242122 0.420693 -111.212 0.315109 -0.376125 0.871342 118.502
-0.178222 0.890049 -0.419581 -278.223 0.574845 0.440255 0.689731 -91.6082 0.798618 -0.11827 -0.590104 80.3012
-0.592127 0.669673 0.448244 -251.102 0.227428 0.672503 -0.704285 -127.014 -0.773085 -0.315084 -0.550511 69.866
0.295736 0.765143 0.571922 -233.826 -0.924113 0.38081 -0.0316145 -114.011 -0.241984 -0.519172 0.819698 109.615
0.219927 0.939574 -0.262358 -251.485 -0.0256379 0.274417 0.96127 -73.5145 0.97518 -0.204684 0.084441 96.793
-0.664503 0.573528 -0.479062 -261.797 0.695448 0.709221 -0.115579 -93.305 0.273474 -0.409966 -0.870138 55.8005
-0.716961 0.376329 0.586807 -223.98 -0.397959 0.470178 -0.787758 -121.525 -0.572359 -0.798318 -0.187337 61.4052
0.211762 0.818351 0.534281 -207.934 -0.972926 0.12473 0.194572 -94.1879 0.0925863 -0.561021 0.822608 97.6127
0.133075 0.849949 -0.509782 -236.45 -0.105722 0.523596 0.845383 -57.0009 0.985451 -0.0586052 0.159537 84.5886
-0.70615 0.245111 -0.664283 -251.73 0.470173 0.8638 -0.181076 -78.6291 0.529425 -0.440195 -0.725216 43.2971
-0.913919 0.139441 0.381192 -215.694 -0.315561 0.346583 -0.883347 -112.227 -0.255289 -0.927598 -0.272748 40.9272
-0.0153211 0.499145 0.866382 -179.428 -0.998673 -0.0502524 0.0112911 -89.1607 0.0491734 -0.865061 0.499252 65.8874
0.617868 0.78538 -0.0376203 -198.519 -0.409904 0.362568 0.836974 -44.7858 0.670982 -0.50172 0.54595 77.3445
0.155582 0.130771 -0.979128 -245.875 0.43621 0.880227 0.186875 -50.8032 0.886293 -0.45618 0.0799055 62.7959
-0.756766 -0.477403 -0.446532 -245.614 0.242329 0.429541 -0.869927 -96.8922 0.607111 -0.766538 -0.209373 43.2716
-0.72807 -0.120045 0.674909 -198.32 -0.64109 -0.22938 -0.732387 -113.093 0.24273 -0.965906 0.0900439 46.3902
0.137533 0.599248 0.788661 -169.803 -0.958443 -0.120408 0.25863 -78.6514 0.249944 -0.791458 0.557784 69.0697
0.70382 0.707894 -0.0593507 -192.277 -0.237753 0.313465 0.919356 -34.1476 0.66941 -0.632951 0.388927 73.801
0.321411 0.250245 -0.913275 -241.128 0.653008 0.639874 0.405146 -33.9772 0.685766 -0.726595 0.0422518 63.8009
-0.578022 -0.174014 -0.797251 -262.546 0.723161 0.343405 -0.59926 -78.4378 0.378061 -0.922926 -0.072655 56.5593
-0.990162 -0.0853395 0.110887 -234.938 -0.0919576 -0.20043 -0.975384 -118.551 0.105465 -0.975984 0.19061 67.3598
-0.375089 0.428477 0.822019 -192.148 -0.904911 -0.361633 -0.224412 -106.036 0.201114 -0.828029 0.523376 89.939
0.545317 0.7463 0.381659 -191.263 -0.565986 -0.00802476 0.824377 -56.7348 0.618294 -0.665562 0.418019 97.6451
0.503583 0.576511 -0.643458 -233.675 0.39862 0.505728 0.765077 -34.1494 0.76649 -0.641776 0.0248685 84.7713
-0.289006 0.0146558 -0.957214 -269.824 0.784383 0.576858 -0.227992 -64.1632 0.548836 -0.816714 -0.17821 68.6574
-0.915752 -0.330494 -0.228409 -258.879 0.19593 0.128943 -0.972104 -112.135 0.350728 -0.934958 -0.0533265 63.0311
-0.722237 -0.0598769 0.689048 -212.369 -0.64017 -0.319272 -0.698748 -127.768 0.261834 -0.94577 0.192258 70.2509
0.0954006 0.432073 0.896778 -176.59 -0.887746 -0.370637 0.273015 -94.8279 0.450341 -0.822157 0.348211 79.7793
0.697614 0.697496 0.163805 -187.279 0.0476845 -0.273321 0.960741 -51.9161 0.714884 -0.662417 -0.223932 57.5751
0.275002 0.767176 -0.579494 -222.077 0.947055 -0.112265 0.300807 -58.0406 0.165715 -0.631537 -0.75743 23.3819
-0.471954 0.793701 -0.383793 -232.484 0.637157 0.0061928 -0.770711 -105.461 -0.609336 -0.608277 -0.508634 16.4321
-0.598342 0.709219 0.372819 -206.149 -0.520312 0.00991671 -0.85392 -132.232 -0.609313 -0.704919 0.363081 48.6918
-0.105886 0.780067 0.61667 -179.789 -0.936139 -0.287322 0.202712 -101.634 0.335311 -0.555826 0.760674 77.7196
0.181446 0.960896 0.209174 -178.487 -0.292885 -0.15025 0.94427 -52.491 0.938774 -0.2326 0.25417 69.9086
-0.0446706 0.983085 -0.177616 -189.586 0.612401 0.167418 0.772618 -31.0864 0.789285 -0.0742605 -0.60952 26.6202
-0.396993 0.917782 0.00845058 -184.778 0.903581 0.392432 -0.171872 -59.3778 -0.161057 -0.0605976 -0.985083 -14.1325
-0.468379 0.800289 0.374374 -161.384 0.137042 0.484404 -0.864045 -103.409 -0.872834 -0.353397 -0.336559 -9.45342
-0.0809846 0.797617 0.597701 -136.061 -0.789423 0.314764 -0.527007 -111.626 -0.608485 -0.51452 0.604166 33.3487
0.303147 0.883511 0.357084 -130.462 -0.908048 0.154156 0.389471 -74.7402 0.289055 -0.442317 0.849002 67.5566
0.208522 0.891187 -0.402869 -157.554 -0.210602 0.443176 0.871346 -32.5037 0.955074 -0.0968508 0.280099 59.3952
-0.258002 -0.124349 -0.958108 -194.589 0.482867 0.842349 -0.239353 -58.4929 0.836825 -0.524392 -0.157282 35.6188
-0.954118 -0.286706 0.0863483 -167.089 0.17375 -0.764991 -0.620162 -86.9762 0.243862 -0.576705 0.779707 68.1926
-0.435687 0.888438 -0.144404 -167.535 -0.574979 -0.151278 0.804062 -35.7576 0.692515 0.433348 0.576743 75.3054
-0.266271 0.321122 -0.908834 -203.884 0.347201 0.911536 0.220354 -38.8186 0.899196 -0.256874 -0.354208 38.6393
-0.824701 -0.411823 -0.387645 -198.679 0.565499 -0.589711 -0.576588 -75.9528 0.00885504 -0.694725 0.719222 74.599
-0.74008 0.628316 -0.239791 -194.006 -0.487051 -0.254881 0.835356 -24.4299 0.46375 0.735019 0.494655 81.164
-0.262835 0.010116 -0.964787 -230.828 0.530506 0.836741 -0.135751 -48.7557 0.805905 -0.547506 -0.22529 53.2192
-0.951459 -0.24108 -0.191321 -213.655 0.285883 -0.922523 -0.259275 -62.8094 -0.113991 -0.301385 0.946665 100.506
-0.538339 0.701907 -0.466387 -224.648 -0.415385 0.260517 0.871543 -14.2011 0.733245 0.662915 0.151316 84.8573
-0.383863 -0.266143 -0.884203 -253.218 0.735952 0.490155 -0.467038 -56.8846 0.557697 -0.830009 0.00771711 75.3505
-0.990584 0.136744 -0.00649818 -228.168 -0.135204 -0.969768 0.203155 -38.8114 0.0214798 0.20212 0.979126 117.748
-0.3624 0.392232 -0.84547 -258.834 0.0604328 0.915116 0.398638 -27.4946 0.930062 0.0933719 -0.35534 76.8053
-0.756856 -0.563435 -0.331221 -250.552 0.645123 -0.562763 -0.516832 -64.7011 0.104803 -0.604846 0.789417 112.901
-0.683552 0.609484 -0.401602 -253.996 -0.415243 0.127781 0.900693 -13.954 0.600276 0.782432 0.16574 100.239
-0.304177 -0.661635 -0.685356 -273.303 0.83764 0.156878 -0.523212 -59.4126 0.453693 -0.73323 0.506494 115.079
-0.839658 0.472057 -0.268579 -265.965 -0.386869 -0.172769 0.905806 -7.82833 0.381191 0.864472 0.327692 115.223
-0.309737 -0.429077 -0.848501 -293.611 0.775289 0.402646 -0.486626 -51.2298 0.550446 -0.808559 0.207946 114.623
-0.937991 0.259587 -0.229749 -281.794 -0.340303 -0.563219 0.752981 -6.80943 0.0660659 0.784474 0.616633 136.278
-0.231161 -0.025464 -0.972581 -318.902 0.66056 0.729827 -0.176109 -35.1486 0.714301 -0.683158 -0.151886 114.842
-0.985437 -0.00293519 -0.170011 -301.338 -0.0706553 -0.902377 0.425118 -9.91745 -0.15466 0.430939 0.889029 156.088
-0.304197 -0.0446 -0.951564 -335.531 0.237153 0.963909 -0.120992 -26.0579 0.922618 -0.262471 -0.28264 121.657
-0.955202 -0.177955 -0.236474 -321.783 0.0919887 -0.937974 0.334281 -9.0651 -0.281292 0.297553 0.912325 167.409
-0.321671 0.255735 -0.911661 -355.455 0.235914 0.954118 0.184404 -11.0146 0.916992 -0.155756 -0.367242 129.874
-0.845748 -0.412067 -0.338984 -347.32 0.315518 -0.898546 0.305066 -1.06714 -0.430299 0.151054 0.889959 179.28
-0.349138 0.38942 -0.852322 -378.142 0.194288 0.919879 0.340699 4.62596 0.916709 -0.0466452 -0.396824 138.918
-0.725644 -0.642281 -0.246807 -367.632 0.555414 -0.758495 0.340885 9.41179 -0.406145 0.110282 0.90713 188.622
-0.297847 0.414165 -0.860089 -400.103 0.119521 0.910072 0.396843 19.4473 0.947103 0.0153998 -0.320562 150.614
-0.651869 -0.651077 -0.388798 -398.145 0.568303 -0.758889 0.317994 23.1155 -0.502093 -0.0136644 0.864706 200.927
-0.383324 0.524095 -0.760517 -424.707 -0.0723907 0.803835 0.590433 47.07 0.920773 0.281381 -0.270188 164.842
-0.439353 -0.694121 -0.570231 -435.626 0.802009 -0.589038 0.0990801 34.4013 -0.404661 -0.413799 0.815488 212.843
-0.616307 0.5273 -0.584909 -448.696 -0.296504 0.532708 0.79266 74.1516 0.729556 0.661949 -0.171964 183.982
-0.347511 -0.662213 -0.663859 -466.021 0.904106 -0.424381 -0.0499454 51.3389 -0.248654 -0.617555 0.746189 226.156
-0.681812 0.556246 -0.475101 -472.417 -0.334919 0.340038 0.878752 96.9225 0.650356 0.758264 -0.0455436 203.897
-0.182617 -0.539652 -0.821842 -501.273 0.981548 -0.148275 -0.120742 67.1304 -0.0566995 -0.828727 0.556774 234.041
-0.825169 0.371952 -0.425142 -500.278 -0.413058 0.116086 0.903277 117.171 0.38533 0.920964 0.0578476 221.778
-0.0902264 -0.365839 -0.926293 -536.754 0.983443 0.114046 -0.140836 84.0727 0.157164 -0.923663 0.349494 237.797
-0.922273 0.173919 -0.345199 -527.853 -0.381964 -0.273091 0.882908 134.767 0.0592846 0.946136 0.318296 245.171
-0.0179401 -0.115257 -0.993173 -570.486 0.862899 0.499989 -0.0736106 105.451 0.50506 -0.858328 0.0904866 240.016
-0.963511 -0.099932 -0.248312 -554.954 -0.151624 -0.560729 0.813999 148.188 -0.220579 0.821948 0.525117 264.694
