1 0 0 0 0 1 0 0 0 0 1 0
<<<<<<< HEAD
<<<<<<< HEAD
0.999996 -0.000588097 -0.00290946 -0.00408686 0.000587969 1 -4.4786e-05 4.42025e-05 0.00290949 4.30751e-05 0.999996 0.679795
0.999977 -0.000456958 -0.00681512 -0.0120729 0.000456362 1 -8.90395e-05 -0.00247803 0.00681516 8.59273e-05 0.999977 1.37428
0.999945 -0.000641933 -0.0104782 -0.0286887 0.000640323 1 -0.00015705 -0.00150272 0.0104783 0.000150332 0.999945 2.08977
0.999881 -0.000325753 -0.0154031 -0.0481505 0.000322664 1 -0.000202984 -0.00325112 0.0154032 0.00019799 0.999881 2.81784
0.999805 -0.000521947 -0.0197279 -0.0643135 0.000519086 1 -0.000150142 -0.00549215 0.019728 0.000139873 0.999805 3.55911
0.999708 -0.000174407 -0.0241764 -0.0911602 0.000170204 1 -0.000175933 -0.00642572 0.0241764 0.000171766 0.999708 4.31699
0.99958 0.000706573 -0.0289616 -0.122714 -0.000712284 1 -0.000186862 -0.00649913 0.0289615 0.000207413 0.99958 5.09076
0.999445 0.00102107 -0.0333033 -0.154306 -0.00102002 1 4.85916e-05 -0.00457851 0.0333033 -1.45946e-05 0.999445 5.87845
0.999289 0.00123568 -0.0376885 -0.189718 -0.00122028 0.999999 0.000431667 -0.00158787 0.037689 -0.000385369 0.999289 6.67835
0.99914 0.00134148 -0.0414339 -0.219368 -0.00131004 0.999999 0.000786043 -0.00295579 0.0414349 -0.000731087 0.999141 7.48606
0.999026 0.00167916 -0.0440981 -0.264107 -0.00163967 0.999998 0.000931669 -0.00399572 0.0440996 -0.000858455 0.999027 8.30019
0.998933 0.00155993 -0.0461624 -0.305599 -0.00152256 0.999999 0.000844652 -0.0027269 0.0461636 -0.000773466 0.998933 9.12189
0.998844 0.000900227 -0.0480497 -0.342428 -0.000863971 0.999999 0.000775319 -0.00336377 0.0480504 -0.00073291 0.998844 9.95634
0.998747 0.00103344 -0.0500336 -0.386634 -0.000986194 0.999999 0.000968952 -0.00356068 0.0500346 -0.000918395 0.998747 10.7972
0.998674 0.000843651 -0.0514685 -0.43285 -0.00076565 0.999999 0.00153521 -0.0152118 0.0514697 -0.00149377 0.998673 11.6506
0.998587 0.00194107 -0.0531065 -0.48296 -0.00190196 0.999998 0.000786979 -0.00521297 0.0531079 -0.00068486 0.998588 12.5068
0.998519 0.00232521 -0.0543443 -0.536405 -0.00229217 0.999997 0.000670318 -0.00886908 0.0543457 -0.000544759 0.998522 13.3708
0.998469 0.00420161 -0.0551506 -0.596399 -0.00418871 0.999991 0.000349523 -0.0142159 0.0551515 -0.000117978 0.998478 14.2482
0.99837 0.0041803 -0.05691 -0.65215 -0.0041345 0.999991 0.000922613 -0.0202901 0.0569133 -0.000685816 0.998379 15.1349
0.998308 0.0037978 -0.058027 -0.707593 -0.00371381 0.999992 0.00155518 -0.0250316 0.0580324 -0.00133705 0.998314 16.0296
0.998282 0.0034392 -0.0584866 -0.76488 -0.00334558 0.999993 0.00169852 -0.0231055 0.0584921 -0.00149993 0.998287 16.9276
0.998188 0.00320936 -0.0600901 -0.820421 -0.00310923 0.999994 0.00175979 -0.0295927 0.0600954 -0.00156977 0.998191 17.8323
0.998156 0.00291808 -0.0606269 -0.880094 -0.00284052 0.999995 0.00136547 -0.0267664 0.0606306 -0.00119074 0.998159 18.735
0.998054 0.00256369 -0.0622974 -0.940392 -0.00249383 0.999996 0.00119904 -0.0359718 0.0623002 -0.00104134 0.998057 19.6525
0.998006 0.0021454 -0.0630778 -0.999019 -0.00202265 0.999996 0.00200976 -0.0404115 0.0630819 -0.00187816 0.998006 20.5717
0.998076 0.00216905 -0.0619586 -1.06517 -0.00196375 0.999993 0.00337422 -0.036313 0.0619654 -0.00324606 0.998073 21.5009
0.998058 0.00234824 -0.0622439 -1.13216 -0.00207739 0.999988 0.00441577 -0.0402444 0.0622536 -0.00427789 0.998051 22.4373
0.99815 0.0025815 -0.0607378 -1.19137 -0.00227831 0.999985 0.0050605 -0.0483641 0.06075 -0.00491276 0.998141 23.3732
0.998284 0.00266403 -0.0584879 -1.24972 -0.00235661 0.999983 0.00532458 -0.0494813 0.058501 -0.00517761 0.998274 24.3241
0.998335 0.00322779 -0.0575798 -1.30338 -0.0029888 0.999987 0.00423614 -0.0568405 0.0575927 -0.004057 0.998332 25.2623
0.998457 0.00302907 -0.0554381 -1.37081 -0.00287264 0.999992 0.00290125 -0.0497701 0.0554464 -0.00273752 0.998458 26.2131
0.998471 0.00282442 -0.0552077 -1.42401 -0.00268162 0.999993 0.00266053 -0.056601 0.0552148 -0.00250841 0.998471 27.1732
0.998515 0.0012952 -0.0544563 -1.48108 -0.00107921 0.999991 0.0039955 -0.0619674 0.054461 -0.00393079 0.998508 28.1435
0.998571 -0.000191581 -0.0534391 -1.54054 0.000626737 0.999967 0.00812639 -0.0655546 0.0534358 -0.00814827 0.998538 29.1145
0.998471 -0.00270633 -0.0552047 -1.5888 0.00325643 0.999946 0.00987734 -0.0544598 0.055175 -0.010042 0.998426 30.0904
0.998386 -0.00894887 -0.0560766 -1.63542 0.00959576 0.99989 0.0112771 -0.0553462 0.0559695 -0.011797 0.998362 31.0685
0.998368 -0.00792544 -0.0565472 -1.68773 0.00852089 0.999911 0.0102968 -0.0428114 0.0564605 -0.0107618 0.998346 32.0474
0.998265 -0.0062485 -0.0585379 -1.74659 0.00681179 0.999932 0.009428 -0.0307992 0.0584751 -0.0098104 0.99824 33.024
0.998166 -0.0059576 -0.0602402 -1.81347 0.00654515 0.999933 0.00956074 -0.0266432 0.0601793 -0.00993749 0.998138 34.0146
0.998158 -0.00653866 -0.0603136 -1.87621 0.00720996 0.999914 0.0109192 -0.0257657 0.060237 -0.0113339 0.998119 35.0248
0.998036 -0.00559942 -0.0623849 -1.94822 0.00634717 0.99991 0.0117943 -0.00807076 0.0623132 -0.0121671 0.997982 36.0205
0.998042 -0.004666 -0.0623742 -2.01655 0.00545003 0.999908 0.0124056 -0.00923137 0.0623106 -0.0127213 0.997975 37.0242
0.997925 -0.00425129 -0.0642356 -2.08513 0.00510435 0.999901 0.0131219 0.00250306 0.0641734 -0.0134226 0.997848 38.0198
0.997922 -0.00498317 -0.0642285 -2.14913 0.00592257 0.999878 0.0144437 0.0110738 0.0641487 -0.0147941 0.99783 39.0272
0.997955 -0.00397926 -0.0637949 -2.22127 0.00489321 0.999888 0.0141765 0.0455376 0.0637314 -0.0144597 0.997862 40.0309
0.997933 -0.00305548 -0.0641884 -2.28921 0.00398265 0.999889 0.0143215 0.042491 0.0641375 -0.0145475 0.997834 41.021
0.997937 -0.000884335 -0.064188 -2.35442 0.00178539 0.999901 0.0139818 0.031521 0.0641693 -0.0140676 0.997839 42.0082
0.997985 0.000637835 -0.0634392 -2.42816 0.000224403 0.999908 0.0135835 0.043313 0.063442 -0.0135704 0.997893 43.0087
0.997888 0.000488492 -0.0649477 -2.49396 0.000430704 0.9999 0.0141381 0.0491102 0.0649481 -0.0141362 0.997788 43.9945
0.997811 7.36142e-05 -0.0661322 -2.55957 0.000903658 0.999891 0.0147475 0.0537581 0.0661261 -0.014775 0.997701 44.9842
0.997819 0.000716926 -0.0659988 -2.63115 0.00027409 0.999887 0.0150054 0.063377 0.0660021 -0.0149908 0.997706 45.9774
0.997765 0.00185555 -0.0667899 -2.70399 -0.000938541 0.999905 0.0137586 0.0773026 0.0668091 -0.0136651 0.997672 46.9488
0.99778 0.00211467 -0.0665618 -2.77804 -0.00131773 0.999927 0.0120145 0.094726 0.0665824 -0.0119002 0.997709 47.924
0.997706 0.00229427 -0.0676462 -2.84713 -0.00150759 0.999931 0.0116781 0.108644 0.0676683 -0.0115494 0.99764 48.8949
0.997683 0.000840951 -0.0680254 -2.91443 4.00958e-05 0.999916 0.0129493 0.127792 0.0680306 -0.0129221 0.997599 49.8689
0.99774 -0.00303944 -0.0671173 -2.98453 0.00420201 0.999843 0.017187 0.115617 0.0670546 -0.0174302 0.997596 50.8428
0.997689 -0.00262315 -0.0678907 -3.04782 0.00378742 0.999848 0.0170261 0.132743 0.0678357 -0.0172439 0.997547 51.8089
0.997694 -0.00289566 -0.0678088 -3.1163 0.00405886 0.999847 0.0170227 0.146216 0.0677491 -0.0172587 0.997553 52.7698
0.997739 -0.00306469 -0.0671333 -3.17631 0.0041952 0.999852 0.0167053 0.156515 0.0670721 -0.0169492 0.997604 53.7288
0.997627 -0.00332339 -0.0687681 -3.24218 0.00450462 0.999845 0.0170289 0.174759 0.0687009 -0.0172983 0.997487 54.6768
0.997643 -0.00449218 -0.0684728 -3.30352 0.00576457 0.999814 0.0183962 0.189835 0.0683775 -0.0187475 0.997483 55.6303
0.997528 -0.00452296 -0.0701245 -3.36885 0.00624276 0.999684 0.0243252 0.197892 0.0699924 -0.0247028 0.997241 56.5812
0.997502 -0.00377242 -0.0705293 -3.43666 0.00550348 0.999688 0.0243657 0.2218 0.0704154 -0.024693 0.997212 57.525
0.997509 -0.00287669 -0.0704831 -3.50869 0.00448354 0.999733 0.0226501 0.236263 0.0703992 -0.0229097 0.997255 58.4571
0.997343 -0.000964642 -0.0728439 -3.58403 0.00206822 0.999884 0.0150759 0.244338 0.0728209 -0.0151865 0.997229 59.3784
0.997276 -0.0002298 -0.0737575 -3.65696 0.00102771 0.999941 0.0107803 0.234028 0.0737507 -0.0108267 0.997217 60.2958
0.997288 0.000630945 -0.0735954 -3.73422 0.000250682 0.999928 0.0119695 0.24357 0.0735977 -0.0119555 0.997216 61.1974
0.997175 0.00167844 -0.0750972 -3.80773 -0.000699583 0.999914 0.013059 0.236689 0.0751127 -0.0129695 0.99709 62.0957
0.99709 0.0026116 -0.0761835 -3.8843 -0.00159633 0.999909 0.0133846 0.236525 0.0762115 -0.013224 0.997003 62.976
0.997044 0.0043599 -0.0767004 -3.95546 -0.00334333 0.999905 0.0133773 0.229179 0.0767514 -0.0130813 0.996964 63.8401
0.996878 0.00537796 -0.0787663 -4.03013 -0.00430166 0.999895 0.0138278 0.228944 0.0788324 -0.0134458 0.996797 64.6969
0.996825 0.00599432 -0.0793977 -4.10506 -0.00488219 0.999887 0.0141937 0.233526 0.0794739 -0.013761 0.996741 65.5365
0.996681 0.00602528 -0.0811757 -4.17633 -0.00486604 0.999883 0.0144709 0.233725 0.0812534 -0.0140279 0.996594 66.3605
0.996564 0.00713457 -0.0825119 -4.24612 -0.00593054 0.999872 0.0148281 0.232001 0.0826072 -0.0142879 0.996479 67.173
0.996519 0.00769117 -0.0830057 -4.31982 -0.00642639 0.999859 0.0154938 0.240911 0.0831131 -0.0149064 0.996428 67.9766
0.996369 0.00787226 -0.0847654 -4.39414 -0.00649969 0.999843 0.0164564 0.243895 0.0848817 -0.0158457 0.996265 68.7667
0.996221 0.00925373 -0.0863558 -4.4635 -0.00783349 0.999828 0.0167709 0.24756 0.0864962 -0.016031 0.996123 69.5388
0.996162 0.0102075 -0.0869254 -4.53619 -0.00893034 0.999846 0.0150683 0.261942 0.0870658 -0.0142342 0.9961 70.2914
0.995974 0.0109818 -0.0889633 -4.61037 -0.0101852 0.999904 0.00940413 0.259618 0.089058 -0.00846017 0.99599 71.0158
0.995892 0.0117708 -0.0897733 -4.67831 -0.0114349 0.999925 0.00425443 0.250396 0.0898167 -0.0032104 0.995953 71.7295
0.995788 0.0115505 -0.0909463 -4.75108 -0.0111983 0.999927 0.00438142 0.254865 0.0909903 -0.00334452 0.995846 72.4205
0.99571 0.0131133 -0.091587 -4.82003 -0.0125852 0.9999 0.00634222 0.239495 0.0916611 -0.00516238 0.995776 73.0985
0.995654 0.0129022 -0.0922239 -4.88194 -0.0123438 0.999902 0.00662256 0.236257 0.0923003 -0.00545539 0.995716 73.753
0.995525 0.0114077 -0.0938044 -4.94213 -0.0109899 0.999927 0.00496882 0.249187 0.0938542 -0.00391568 0.995578 74.3752
0.995547 0.0104838 -0.0936796 -4.99617 -0.010078 0.999937 0.00480384 0.240068 0.0937241 -0.00383835 0.99559 74.9875
0.99569 0.0103683 -0.0921575 -5.0505 -0.00999493 0.99994 0.00451196 0.245788 0.0921987 -0.00357141 0.995734 75.5807
0.995923 0.0113614 -0.0894846 -5.10748 -0.0109241 0.999926 0.00537465 0.239446 0.0895391 -0.0043752 0.995973 76.1561
0.996272 0.0118995 -0.085437 -5.17173 -0.0114219 0.999916 0.00607673 0.244898 0.0855021 -0.00507823 0.996324 76.7204
0.996695 0.0114008 -0.0804276 -5.21962 -0.0108964 0.999918 0.0067072 0.230742 0.0804975 -0.00580866 0.996737 77.2812
0.99712 0.00853911 -0.0753558 -5.25204 -0.00763018 0.999894 0.0123416 0.21812 0.0754532 -0.0117311 0.99708 77.8158
0.99776 0.0055896 -0.0666555 -5.28123 -0.00444943 0.999841 0.0172415 0.200486 0.0667413 -0.0169063 0.997626 78.3446
0.998384 0.00670916 -0.0564301 -5.30741 -0.00580238 0.999851 0.0162177 0.223627 0.0565305 -0.0158641 0.998274 78.8563
0.999112 0.00753453 -0.0414334 -5.33737 -0.00686694 0.999844 0.0162311 0.234677 0.0415492 -0.0159322 0.999009 79.3555
0.999706 0.00815857 -0.0228104 -5.3543 -0.00778231 0.999832 0.0165355 0.238086 0.0229415 -0.0163532 0.999602 79.8517
0.999967 0.00789163 -0.00131945 -5.34511 -0.00786812 0.999825 0.0169699 0.230068 0.00145312 -0.016959 0.999855 80.3248
0.999652 0.00732498 0.0253119 -5.32097 -0.00776416 0.99982 0.017296 0.226783 -0.0251807 -0.0174865 0.999529 80.7933
0.998492 0.0073426 0.0543924 -5.28508 -0.00830028 0.999814 0.0174019 0.236882 -0.0542545 -0.0178272 0.998367 81.2432
0.996143 0.00733712 0.087428 -5.23515 -0.00890433 0.999806 0.0175492 0.243254 -0.0872823 -0.01826 0.996016 81.6913
0.992109 0.00731164 0.125163 -5.16962 -0.00957776 0.9998 0.0175131 0.250395 -0.12501 -0.0185737 0.991981 82.1381
0.986088 0.00741689 0.166054 -5.08025 -0.0104323 0.999795 0.0172945 0.257513 -0.165892 -0.0187862 0.985964 82.5635
0.97743 0.00733776 0.211128 -4.97521 -0.0111921 0.999791 0.0170668 0.261093 -0.210959 -0.0190446 0.977309 82.9859
0.965503 0.0076931 0.260275 -4.85365 -0.0123764 0.999789 0.0163593 0.271089 -0.260095 -0.0190163 0.965395 83.4014
0.949913 0.00770041 0.312417 -4.70473 -0.0132635 0.999788 0.0156854 0.27205 -0.31223 -0.0190435 0.949815 83.7773
0.929661 0.00758959 0.368336 -4.53671 -0.0141508 0.999785 0.0151153 0.274205 -0.368142 -0.0192643 0.92957 84.164
0.905367 0.00762329 0.424559 -4.34519 -0.0151097 0.999783 0.0142693 0.279958 -0.424359 -0.0193339 0.905287 84.5081
0.876237 0.00754595 0.48182 -4.1316 -0.0159738 0.999782 0.013392 0.28277 -0.481614 -0.0194311 0.876168 84.8453
0.842095 0.00705441 0.539282 -3.89628 -0.0164316 0.999785 0.0125797 0.281208 -0.539078 -0.0194546 0.842031 85.1759
0.805388 0.00695737 0.592707 -3.65038 -0.0170426 0.999789 0.0114222 0.288135 -0.592502 -0.0193006 0.805337 85.4522
0.765211 0.00654286 0.643745 -3.3751 -0.0174531 0.999791 0.0105846 0.29112 -0.643542 -0.0193348 0.765166 85.7367
0.722587 0.00648635 0.691249 -3.10206 -0.0181779 0.999788 0.00962048 0.299356 -0.69104 -0.0195171 0.722552 85.9852
0.677276 0.005998 0.735704 -2.80564 -0.0188246 0.99978 0.00917862 0.295071 -0.735487 -0.0200658 0.677241 86.223
0.630038 0.0055159 0.776544 -2.49216 -0.0190437 0.999783 0.00834927 0.290899 -0.77633 -0.0200486 0.630007 86.4449
0.583173 0.00489588 0.812332 -2.17929 -0.0191081 0.999787 0.007692 0.283151 -0.812123 -0.0200079 0.583143 86.6281
0.535447 0.00578483 0.844548 -1.84877 -0.0203779 0.999773 0.0060716 0.296299 -0.844322 -0.0204611 0.535444 86.8163
0.488322 0.00604533 0.872642 -1.52598 -0.0208696 0.99977 0.0047524 0.304147 -0.872414 -0.0205324 0.488336 86.979
0.442419 0.00581464 0.896789 -1.18603 -0.0214135 0.999762 0.0040818 0.295606 -0.896552 -0.0210093 0.442439 87.1257
0.398764 0.00436667 0.917043 -0.832109 -0.0187191 0.999819 0.00337894 0.297613 -0.916862 -0.0185136 0.398773 87.2556
0.359199 -0.00422218 0.933251 -0.474597 -0.00608554 0.999957 0.00686624 0.273241 -0.933241 -0.00814568 0.359158 87.343
0.323517 -0.00571113 0.946205 -0.113416 -0.00280561 0.999971 0.00699492 0.279546 -0.946218 -0.00491765 0.323491 87.435
0.289691 -0.00346221 0.957113 0.257861 -0.00466539 0.999976 0.00502933 0.292689 -0.957108 -0.00592225 0.289668 87.5369
0.258687 0.00363149 0.965954 0.622238 -0.0139383 0.999902 -2.63744e-05 0.290531 -0.96586 -0.013457 0.258712 87.6405
0.230226 0.00558285 0.973121 1.00243 -0.0169067 0.999855 -0.00173633 0.292991 -0.97299 -0.0160525 0.230287 87.7277
0.203961 0.00482318 0.978967 1.39622 -0.0165736 0.999861 -0.00147314 0.272498 -0.978838 -0.0159245 0.204012 87.7998
0.180807 0.00480648 0.983506 1.79671 -0.0116878 0.999928 -0.00273807 0.269528 -0.983449 -0.0109999 0.18085 87.8471
0.159871 0.00877572 0.987098 2.20668 -0.00936691 0.999929 -0.00737272 0.263389 -0.987093 -0.00806738 0.159941 87.8976
0.139715 0.0150416 0.990077 2.63197 -0.00803978 0.999869 -0.0140558 0.276802 -0.990159 -0.00599619 0.139817 87.9488
0.121964 0.0142836 0.992431 3.06903 -0.00898518 0.999871 -0.0132864 0.263075 -0.992493 -0.0072967 0.122077 88.0029
0.106425 0.0112936 0.994256 3.52102 -0.00975528 0.999899 -0.0103135 0.250466 -0.994272 -0.00860163 0.106525 88.0547
0.0914522 0.010296 0.995756 3.99046 -0.00990441 0.999906 -0.00942925 0.238862 -0.99576 -0.00900005 0.0915455 88.0947
0.0783928 0.00950524 0.996877 4.47554 -0.0101532 0.99991 -0.00873573 0.229397 -0.99687 -0.00943671 0.0784822 88.1258
0.0663886 0.00906247 0.997752 4.97279 -0.010044 0.999914 -0.00841379 0.220184 -0.997743 -0.00946287 0.0664738 88.1523
0.0564327 0.00914619 0.998364 5.47933 -0.0101875 0.999911 -0.00858451 0.214852 -0.998354 -0.00968641 0.0565207 88.1736
0.0484893 0.00912839 0.998781 6.01041 -0.0100431 0.999912 -0.00865114 0.209326 -0.998773 -0.00961133 0.0485766 88.198
0.0423217 0.00894109 0.999063 6.56081 -0.00966507 0.999916 -0.0085393 0.203941 -0.999057 -0.00929462 0.0424044 88.2218
0.0369761 0.00898944 0.999275 7.11963 -0.0100418 0.999912 -0.00862359 0.196518 -0.999265 -0.0097157 0.037063 88.2425
0.030695 0.00891171 0.999488 7.70597 -0.0105078 0.999907 -0.00859274 0.190143 -0.999473 -0.0102387 0.0307857 88.2641
0.0257341 0.00846051 0.999632 8.3175 -0.00973798 0.999919 -0.00821224 0.181581 -0.999621 -0.00952307 0.0258143 88.2811
0.0230257 0.00830879 0.9997 8.92898 -0.00959414 0.999921 -0.00808965 0.1723 -0.999688 -0.00940499 0.0231035 88.2906
0.0200482 0.00799742 0.999766 9.5657 -0.00919082 0.999927 -0.0078144 0.170401 -0.999756 -0.00903201 0.0201201 88.3031
0.0169992 0.0076904 0.999825 10.2265 -0.0087988 0.999932 -0.00754162 0.167501 -0.999816 -0.00866907 0.0170656 88.3164
0.0163754 0.007276 0.999839 10.8939 -0.00749246 0.999946 -0.00715406 0.155165 -0.999837 -0.0073741 0.016429 88.3256
0.0167625 0.00699836 0.999834 11.5888 -0.0060326 0.999958 -0.00689808 0.149577 -0.999841 -0.00591597 0.0168039 88.3364
0.0194632 0.00677194 0.999787 12.2825 -0.00561242 0.999962 -0.00666386 0.142584 -0.999794 -0.00548152 0.0195004 88.3439
0.0232664 0.00651369 0.999707 13.003 -0.00525763 0.999965 -0.00639301 0.136648 -0.999715 -0.00510735 0.0232997 88.3647
0.0273341 0.00621187 0.999606 13.7494 -0.00541776 0.999967 -0.00606596 0.126261 -0.999611 -0.00524982 0.0273667 88.3876
0.0316426 0.00547663 0.999483 14.4931 -0.00484883 0.999974 -0.00532581 0.121573 -0.999487 -0.0046778 0.0316682 88.4109
0.0358313 0.00494443 0.999345 15.2637 -0.00479003 0.999977 -0.00477581 0.122123 -0.999346 -0.00461577 0.0358541 88.4412
0.0392172 0.00445475 0.99922 16.0653 -0.005871 0.999973 -0.00422769 0.116057 -0.999213 -0.00570063 0.0392422 88.4752
0.0437913 0.00411555 0.999031 16.8543 -0.00690891 0.999968 -0.00381656 0.109614 -0.999016 -0.00673509 0.0438183 88.5165
0.0473805 0.00439428 0.998866 17.6677 -0.00832639 0.999957 -0.00400411 0.105863 -0.998842 -0.00812724 0.047415 88.5608
0.0515224 0.00501225 0.998658 18.467 -0.00940479 0.999945 -0.0045335 0.101376 -0.998627 -0.0091586 0.0515666 88.6126
0.0530934 0.00997116 0.998539 19.2828 -0.0144154 0.999853 -0.0092178 0.101262 -0.998485 -0.0139049 0.0532293 88.6722
0.0519781 0.0107212 0.99859 20.1063 -0.016003 0.999822 -0.00990146 0.0892312 -0.998519 -0.0154658 0.0521403 88.7231
0.0527757 0.0104007 0.998551 20.9176 -0.017031 0.999809 -0.00951369 0.0783869 -0.99846 -0.0165043 0.0529426 88.7698
0.0528853 0.00952875 0.998554 21.7399 -0.0170058 0.999818 -0.00864014 0.0582682 -0.998455 -0.0165243 0.0530376 88.8194
0.0519391 0.00884239 0.99861 22.5624 -0.0170423 0.999822 -0.00796673 0.0405684 -0.998504 -0.0166048 0.0520804 88.8703
0.0528564 0.00871057 0.998563 23.3774 -0.0178958 0.999809 -0.00777417 0.0310561 -0.998441 -0.0174592 0.0530021 88.9196
0.0530652 0.00873781 0.998552 24.1988 -0.0189901 0.999789 -0.00773946 0.0189241 -0.99841 -0.0185519 0.0532198 88.9682
0.0528828 0.0088694 0.998561 25.0229 -0.0204717 0.99976 -0.00779589 0.00750461 -0.99839 -0.0200299 0.0530516 89.022
0.0522323 0.00898401 0.998594 25.8314 -0.0212409 0.999743 -0.00788332 0.000119361 -0.998408 -0.0207993 0.0524096 89.0754
0.0490443 0.00884051 0.998757 26.6508 -0.0219014 0.999729 -0.00777364 -0.0062721 -0.998556 -0.0214929 0.0492245 89.1287
0.0457205 0.00832357 0.998919 27.4596 -0.0223821 0.999722 -0.00730584 -0.016331 -0.998703 -0.0220239 0.045894 89.1752
0.0408814 0.00746849 0.999135 28.275 -0.0225439 0.999724 -0.00655047 -0.0269738 -0.998909 -0.0222566 0.0410383 89.2137
0.0339045 0.00682164 0.999401 29.092 -0.022849 0.99972 -0.00604868 -0.0376618 -0.999163 -0.0226302 0.0340508 89.2489
0.0269267 0.00670504 0.999614 29.8969 -0.0229088 0.999718 -0.00608864 -0.0513483 -0.999374 -0.0227361 0.0270727 89.2736
0.0181637 0.00671799 0.999812 30.7007 -0.0234759 0.999704 -0.00629078 -0.0590391 -0.999558 -0.0233573 0.0183159 89.2938
0.0073553 0.00650038 0.999951 31.5061 -0.0235959 0.999701 -0.00632519 -0.0711278 -0.999694 -0.0235482 0.00750639 89.3027
-0.0023707 0.00603788 0.999978 32.3002 -0.0236808 0.9997 -0.00609234 -0.0842825 -0.999716 -0.0236947 -0.00222711 89.3041
-0.0138755 0.00561712 0.999887 33.105 -0.0241443 0.99969 -0.00595107 -0.0923063 -0.999611 -0.0242241 -0.0137357 89.3032
-0.0244555 0.00510842 0.999687 33.8918 -0.0238196 0.999699 -0.00569119 -0.106694 -0.999416 -0.0239514 -0.0243266 89.2823
-0.0356143 0.00484146 0.999353 34.6763 -0.0240405 0.999694 -0.00569985 -0.118853 -0.999075 -0.0242279 -0.0354871 89.2604
-0.0473863 0.00474938 0.998865 35.4628 -0.0243132 0.999686 -0.00590671 -0.13241 -0.99858 -0.0245655 -0.0472561 89.226
-0.0575572 0.00464623 0.998331 36.2305 -0.0243363 0.999685 -0.0060556 -0.14293 -0.998044 -0.0246442 -0.0574261 89.1835
-0.0681182 0.00440108 0.997667 36.9985 -0.0242696 0.999686 -0.00606706 -0.154647 -0.997381 -0.0246263 -0.0679902 89.1377
-0.0785746 0.00415411 0.996899 37.7606 -0.0238175 0.999698 -0.00604304 -0.165587 -0.996623 -0.0242185 -0.078452 89.0818
-0.0880264 0.00382319 0.99611 38.5078 -0.0236696 0.999702 -0.00592867 -0.174147 -0.995836 -0.0240995 -0.0879098 89.0173
-0.0981038 0.00349633 0.995169 39.2565 -0.0237333 0.999701 -0.00585188 -0.182276 -0.994892 -0.0241927 -0.0979916 88.9441
-0.106664 0.00304716 0.99429 39.9936 -0.0232649 0.999713 -0.00555955 -0.192681 -0.994022 -0.0237251 -0.106562 88.8633
-0.114227 0.00248144 0.993451 40.7254 -0.0224529 0.999734 -0.00507878 -0.200715 -0.9932 -0.022886 -0.114141 88.7776
-0.12011 0.00181552 0.992758 41.4465 -0.0213779 0.999761 -0.00441475 -0.209683 -0.992529 -0.0217533 -0.120042 88.6912
-0.123854 0.00124708 0.992299 42.1603 -0.0209232 0.999773 -0.00386801 -0.218007 -0.992079 -0.0212411 -0.1238 88.5967
-0.126584 0.000885588 0.991955 42.8586 -0.020577 0.999781 -0.00351843 -0.220255 -0.991742 -0.0208569 -0.126538 88.5034
-0.128909 0.000545615 0.991656 43.5438 -0.020599 0.999782 -0.00322783 -0.222787 -0.991441 -0.0208432 -0.12887 88.4156
-0.129605 0.000477892 0.991565 44.2127 -0.0211425 0.999771 -0.00324533 -0.229942 -0.991339 -0.0213847 -0.129566 88.3276
-0.128934 0.000509556 0.991652 44.8668 -0.0210544 0.999772 -0.0032512 -0.234729 -0.991429 -0.0212978 -0.128894 88.2409
-0.12637 0.000348521 0.991982 45.5069 -0.0209034 0.999776 -0.00301416 -0.239863 -0.991762 -0.0211167 -0.126334 88.1654
-0.121095 0.000238492 0.99264 46.1255 -0.020962 0.999776 -0.00279742 -0.242891 -0.992419 -0.0211465 -0.121063 88.0885
-0.113708 9.12089e-05 0.993513 46.7309 -0.0209689 0.999776 -0.00249169 -0.244249 -0.993292 -0.0211162 -0.113681 88.0245
-0.102411 -0.00010323 0.994741 47.3121 -0.0212886 0.999771 -0.00208796 -0.247887 -0.994513 -0.0213905 -0.10239 87.9687
-0.088828 -0.000348094 0.996046 47.8799 -0.021265 0.999772 -0.00154703 -0.253549 -0.995819 -0.0213184 -0.0888153 87.9255
-0.072177 -0.000272819 0.997391 48.421 -0.0215958 0.999765 -0.00128933 -0.253174 -0.997157 -0.0216325 -0.0721661 87.8961
-0.0511472 -7.37974e-05 0.99869 48.9537 -0.0219437 0.999758 -0.00104995 -0.255895 -0.998449 -0.0219686 -0.0511366 87.8783
-0.0268293 0.000121136 0.999639 49.4781 -0.0223949 0.999748 -0.000722207 -0.259486 -0.999388 -0.0224062 -0.02682 87.8777
0.000855028 8.11423e-05 0.999999 49.9968 -0.0225799 0.999744 -6.18168e-05 -0.260339 -0.999744 -0.0225798 0.000856538 87.8914
0.0339126 -0.000606644 0.999424 50.521 -0.0228504 0.999737 0.0013822 -0.264058 -0.999163 -0.0228841 0.0338897 87.9205
0.0717057 -0.0014619 0.997424 51.0392 -0.0227504 0.999736 0.00310084 -0.261413 -0.997165 -0.0229142 0.0716534 87.9719
0.113081 -0.00243167 0.993582 51.5412 -0.0226041 0.999731 0.00501932 -0.25625 -0.993328 -0.0230266 0.112996 88.0528
0.15841 -0.00373147 0.987366 52.0533 -0.022813 0.999712 0.00743816 -0.253758 -0.987109 -0.023703 0.158279 88.1513
0.206476 -0.00452893 0.97844 52.5465 -0.0229703 0.999691 0.00947461 -0.242652 -0.978181 -0.0244314 0.206308 88.2782
0.256974 -0.0051506 0.966404 53.0164 -0.0228287 0.999674 0.0113983 -0.238722 -0.966148 -0.0249908 0.256773 88.4355
0.311658 -0.005432 0.950178 53.4887 -0.0219848 0.999674 0.012926 -0.235539 -0.949939 -0.024918 0.311438 88.611
0.369215 -0.00547122 0.929327 53.9353 -0.0207746 0.999684 0.014139 -0.239516 -0.929111 -0.0245267 0.368985 88.8115
0.428651 -0.00275158 0.903465 54.3482 -0.0171988 0.999789 0.011205 -0.237263 -0.903305 -0.0203416 0.428513 89.0355
0.488832 -0.000255018 0.872377 54.7588 -0.0141032 0.999866 0.00819492 -0.241587 -0.872263 -0.0163092 0.488763 89.29
0.546989 0.00118584 0.837138 55.1251 -0.0141187 0.999869 0.00780887 -0.236549 -0.83702 -0.0160907 0.546934 89.5683
0.604137 0.00178958 0.796878 55.4887 -0.0139939 0.999866 0.00836377 -0.233829 -0.796757 -0.0162043 0.604081 89.8783
0.657612 0.00164243 0.753354 55.824 -0.0133644 0.999865 0.0094861 -0.236949 -0.753237 -0.0163063 0.657545 90.2051
0.707708 0.000692554 0.706504 56.1335 -0.0121575 0.999863 0.0111981 -0.234714 -0.706399 -0.0165143 0.707619 90.5408
0.754312 -0.00034275 0.656515 56.4305 -0.0110063 0.999852 0.0131679 -0.223005 -0.656422 -0.0171585 0.754197 90.9187
0.796908 -0.00241574 0.604095 56.69 -0.0102328 0.999794 0.017497 -0.20156 -0.604013 -0.0201251 0.796719 91.302
0.834557 -0.00633926 0.550884 56.9191 -0.00815338 0.999682 0.0238557 -0.204201 -0.550859 -0.0244005 0.83424 91.6947
0.867372 -0.00868438 0.497582 57.1348 -0.00646196 0.999566 0.0287099 -0.192016 -0.497616 -0.0281175 0.86694 92.1201
0.894201 -0.00825271 0.447587 57.3208 -0.00785167 0.999387 0.0341132 -0.18427 -0.447594 -0.0340184 0.893588 92.5518
0.915575 -0.00765216 0.402074 57.4881 -0.00686906 0.999375 0.0346616 -0.174924 -0.402088 -0.0344971 0.91495 92.9808
0.932195 -0.00420702 0.36193 57.6381 -0.00943957 0.999309 0.0359285 -0.163626 -0.361831 -0.0369089 0.931511 93.4416
0.944977 -0.00169268 0.327131 57.7695 -0.0107755 0.999282 0.0362976 -0.15421 -0.326957 -0.0378253 0.944281 93.8902
0.95519 -0.00148132 0.295987 57.8998 -0.0098556 0.999273 0.0368064 -0.136881 -0.295826 -0.0380742 0.954481 94.3551
0.961887 -0.0046447 0.273404 58.0293 -0.00573807 0.999292 0.037164 -0.132284 -0.273383 -0.0373164 0.96118 94.8224
0.966115 -0.00559812 0.25805 58.1497 -0.00418563 0.999293 0.0373493 -0.111326 -0.258076 -0.0371638 0.965408 95.2965
0.969498 -0.00346171 0.245071 58.2604 -0.00586229 0.999286 0.0373064 -0.0920461 -0.245025 -0.0376052 0.968786 95.7936
0.971776 0.00276221 0.235885 58.36 -0.0121722 0.999186 0.0384453 -0.0541143 -0.235587 -0.0402315 0.971019 96.2842
0.973355 0.00501268 0.229246 58.4614 -0.0142925 0.999143 0.038837 -0.0484205 -0.228855 -0.0410787 0.972592 96.8009
0.973864 0.00968546 0.226922 58.5657 -0.0180237 0.999235 0.0347016 -0.0293696 -0.226412 -0.0378847 0.973293 97.3102
0.974187 0.00854172 0.225579 58.6814 -0.0168636 0.999245 0.0349903 -0.0307869 -0.225109 -0.0378911 0.973595 97.8462
0.973621 0.00760081 0.22804 58.807 -0.0158985 0.999275 0.0345722 -0.0107775 -0.227612 -0.0372858 0.973037 98.3784
0.972558 0.00893523 0.232487 58.9356 -0.0161305 0.999447 0.0290663 0.0113899 -0.232099 -0.0320188 0.972164 98.917
0.971617 0.0118277 0.236259 59.0677 -0.0182278 0.999523 0.0249231 0.0330258 -0.235852 -0.0285223 0.971369 99.4819
0.970503 0.0147249 0.240634 59.2027 -0.0214879 0.999443 0.0255051 0.0560306 -0.240124 -0.0299235 0.97028 100.054
0.969018 0.0152491 0.246517 59.3424 -0.0226341 0.999374 0.0271516 0.0623702 -0.245949 -0.0318901 0.968757 100.643
0.968025 0.0136325 0.250478 59.4987 -0.0225846 0.999203 0.0329003 0.0796545 -0.24983 -0.0375053 0.967562 101.244
0.967003 0.0103046 0.254553 59.6584 -0.0208928 0.999023 0.0389265 0.103665 -0.253903 -0.0429603 0.966274 101.844
0.966238 0.00768641 0.257532 59.8231 -0.0195129 0.998867 0.0433983 0.127399 -0.256906 -0.0469583 0.965293 102.472
0.965415 0.00664347 0.260631 59.9982 -0.0187137 0.998862 0.0438573 0.161733 -0.260043 -0.0472179 0.96444 103.101
0.965048 0.00492787 0.262023 60.167 -0.0165486 0.998973 0.0421619 0.199451 -0.261546 -0.0450244 0.964139 103.735
0.965291 0.00538027 0.261119 60.3398 -0.0154631 0.999211 0.0365749 0.221904 -0.260716 -0.0393432 0.964612 104.38
0.965474 0.007121 0.260398 60.5131 -0.0157383 0.999394 0.0310227 0.237321 -0.26002 -0.0340499 0.965001 105.035
0.965952 0.00684066 0.258628 60.6818 -0.0151818 0.999426 0.0302681 0.26421 -0.258273 -0.033164 0.965501 105.699
0.966719 0.00586319 0.25577 60.8632 -0.0150479 0.999309 0.0339679 0.286108 -0.255394 -0.0366862 0.966139 106.395
0.967003 0.00455236 0.254719 61.0463 -0.0154233 0.999052 0.0406971 0.312605 -0.254292 -0.0432829 0.966157 107.096
0.967759 0.00261262 0.251862 61.2265 -0.0145347 0.998858 0.0454871 0.330714 -0.251456 -0.0476813 0.966692 107.814
0.968208 0.0042587 0.250107 61.4095 -0.0164457 0.998775 0.0466574 0.354701 -0.249602 -0.0492873 0.967092 108.536
0.968564 0.0077743 0.248639 61.5851 -0.0188901 0.998923 0.0423521 0.379 -0.248042 -0.0457175 0.967668 109.266
0.969574 0.00945955 0.244611 61.7682 -0.0191897 0.999114 0.0374255 0.404312 -0.244041 -0.0409808 0.968897 110.013
0.970519 0.0100561 0.240812 61.9529 -0.0195336 0.999124 0.0370019 0.440752 -0.240229 -0.040615 0.969865 110.759
0.971404 0.0100609 0.237217 62.1354 -0.0194209 0.99912 0.037154 0.480384 -0.236634 -0.0406985 0.970745 111.517
0.972396 0.0100011 0.23312 62.3241 -0.019404 0.999086 0.0380766 0.511014 -0.232526 -0.0415489 0.971701 112.299
0.97295 0.00931229 0.230823 62.508 -0.0187415 0.999075 0.0386914 0.544684 -0.230249 -0.0419707 0.972225 113.085
0.97313 0.00974224 0.230048 62.6951 -0.0193307 0.999033 0.0394634 0.583672 -0.229441 -0.04285 0.972377 113.865
0.973405 0.00994364 0.228869 62.8883 -0.0198061 0.998969 0.0408356 0.620129 -0.228227 -0.0442826 0.972599 114.673
0.973417 0.0101832 0.228808 63.0662 -0.0201498 0.998944 0.0412651 0.659233 -0.228146 -0.0447786 0.972595 115.467
0.973396 0.0127694 0.22877 63.2508 -0.0229122 0.998865 0.0417351 0.695961 -0.227978 -0.0458664 0.972584 116.291
0.973266 0.0146917 0.229205 63.4296 -0.02492 0.998815 0.0417945 0.725482 -0.22832 -0.0463889 0.972479 117.106
0.972802 0.0182498 0.230915 63.6026 -0.0286966 0.998706 0.0419629 0.761417 -0.22985 -0.0474481 0.972067 117.923
0.972238 0.0208106 0.233064 63.79 -0.0318078 0.998545 0.0435263 0.782215 -0.231819 -0.0497312 0.971485 118.764
0.97157 0.0234846 0.23558 63.9841 -0.0348104 0.998423 0.0440323 0.823044 -0.234175 -0.0509812 0.970855 119.6
0.970763 0.0243797 0.238793 64.1762 -0.0360263 0.998358 0.0445299 0.854842 -0.237315 -0.0518308 0.970048 120.426
0.970421 0.0241094 0.24021 64.3805 -0.0359235 0.998344 0.0449249 0.893942 -0.238728 -0.0522252 0.96968 121.26
0.970008 0.0242226 0.241857 64.5919 -0.036093 0.998344 0.0447705 0.931581 -0.240373 -0.0521571 0.969277 122.088
0.970105 0.0227274 0.241616 64.8082 -0.0345859 0.99839 0.0449521 0.968269 -0.240205 -0.0519648 0.969329 122.911
0.969909 0.0210643 0.242552 65.0149 -0.0329256 0.998446 0.0449522 0.999073 -0.241228 -0.0515857 0.969095 123.75
0.969334 0.0226547 0.244697 65.212 -0.0349196 0.998335 0.0459009 1.03517 -0.243249 -0.0530381 0.968511 124.578
0.969197 0.0248971 0.245021 65.4156 -0.0385922 0.997939 0.0512514 1.08589 -0.24324 -0.0591286 0.968161 125.421
0.96893 0.0259082 0.245972 65.6196 -0.0398281 0.997863 0.0517854 1.12824 -0.244105 -0.059973 0.967891 126.256
0.968489 0.0260421 0.247687 65.814 -0.0388133 0.998148 0.0468187 1.16069 -0.246009 -0.054957 0.967707 127.069
0.968711 0.023827 0.247042 66.0275 -0.0332829 0.998861 0.0341711 1.19685 -0.245946 -0.0413241 0.968401 127.877
0.968957 0.0204193 0.246381 66.24 -0.0285673 0.999155 0.0295414 1.19851 -0.24557 -0.0356628 0.968721 128.69
0.968896 0.0193734 0.246704 66.4448 -0.0291658 0.998922 0.0361004 1.24104 -0.245739 -0.0421729 0.968417 129.51
0.969562 0.0132642 0.244482 66.6609 -0.0274829 0.998116 0.0548389 1.28021 -0.243294 -0.0598888 0.9681 130.35
0.96968 0.00683271 0.244281 66.8651 -0.0241179 0.997404 0.0678386 1.30669 -0.243183 -0.0716732 0.967327 131.171
0.970116 0.00983757 0.242438 67.0571 -0.0263424 0.997541 0.0649311 1.33685 -0.241203 -0.0693772 0.96799 131.98
0.970317 0.0197233 0.241028 67.2421 -0.0328835 0.998172 0.0507002 1.38127 -0.239588 -0.0571211 0.969191 132.779
0.970348 0.0221121 0.240696 67.4325 -0.033403 0.998519 0.0429301 1.43461 -0.23939 -0.0496971 0.969649 133.577
0.971062 0.0193142 0.238042 67.6368 -0.0303444 0.998624 0.0427597 1.45593 -0.236889 -0.0487456 0.970312 134.387
0.971786 0.0167219 0.235267 67.8322 -0.0275738 0.998698 0.042912 1.48399 -0.234243 -0.0481885 0.970982 135.192
0.972545 0.015862 0.232168 68.0134 -0.0268575 0.998658 0.0442756 1.5039 -0.231154 -0.0492955 0.971666 135.991
0.973762 0.0163079 0.226982 68.1927 -0.0270755 0.998646 0.0444054 1.53469 -0.225951 -0.0493859 0.972885 136.793
0.974358 0.0163619 0.224404 68.3623 -0.0267852 0.998694 0.0434837 1.57094 -0.223399 -0.0483794 0.973524 137.585
0.974977 0.0165408 0.221686 68.5317 -0.0270735 0.998639 0.044557 1.59015 -0.220647 -0.0494439 0.974098 138.391
0.975355 0.0165681 0.220016 68.6999 -0.0271923 0.9986 0.0453479 1.62175 -0.218956 -0.0502131 0.97444 139.188
0.975512 0.0159306 0.219364 68.8741 -0.0266955 0.998575 0.0461967 1.65671 -0.218315 -0.0509215 0.974547 139.976
0.976028 0.0149026 0.217133 69.0483 -0.0258205 0.998535 0.0475318 1.67948 -0.216107 -0.0519989 0.974983 140.774
0.97658 0.0146596 0.214652 69.2192 -0.0255435 0.998519 0.0480191 1.7087 -0.21363 -0.0523775 0.975508 141.559
0.977483 0.0108275 0.210732 69.3867 -0.020619 0.998804 0.0443228 1.73655 -0.21 -0.0476699 0.976537 142.335
0.978947 0.0103976 0.203846 69.5537 -0.0198866 0.998808 0.0445566 1.77773 -0.203139 -0.0476724 0.977987 143.124
0.980279 0.00820933 0.197445 69.7136 -0.0178403 0.998733 0.0470489 1.79666 -0.196808 -0.0496436 0.979183 143.911
0.981293 0.00657229 0.192403 69.8639 -0.0171435 0.998429 0.0533301 1.84434 -0.19175 -0.0556309 0.979864 144.694
0.982395 0.00439952 0.186761 70.0158 -0.0161475 0.99798 0.0614288 1.86821 -0.186114 -0.063363 0.980481 145.493
0.983021 0.00533178 0.18341 70.1446 -0.0170036 0.997923 0.0621239 1.91781 -0.182698 -0.0641878 0.98107 146.272
0.984046 0.00882213 0.177691 70.2822 -0.0197387 0.998017 0.0597615 1.94781 -0.176812 -0.0623155 0.982269 147.064
0.985199 0.00974061 0.171135 70.4082 -0.0185787 0.99857 0.0501189 1.97824 -0.170401 -0.0525565 0.983971 147.848
0.986184 0.00696614 0.165504 70.5368 -0.0146567 0.998865 0.0452919 2.0039 -0.165001 -0.0470919 0.985167 148.63
0.987404 0.00560473 0.158113 70.6662 -0.0130312 0.998857 0.0459715 2.04124 -0.157675 -0.0474529 0.986349 149.437
0.988548 0.0102095 0.150556 70.7713 -0.017768 0.998643 0.0489445 2.09786 -0.149852 -0.0510591 0.987388 150.239
0.989513 0.0153483 0.143623 70.8665 -0.0224978 0.998579 0.0482884 2.14293 -0.142678 -0.0510132 0.988452 151.046
0.990937 0.0176064 0.133163 70.9673 -0.0236697 0.998746 0.0440876 2.17872 -0.13222 -0.0468399 0.990112 151.848
0.992082 0.0173196 0.124387 71.0664 -0.0229006 0.998787 0.0435793 2.21443 -0.123481 -0.0460828 0.991275 152.66
0.992936 0.017384 0.117367 71.1447 -0.0228271 0.998716 0.0451928 2.25391 -0.116431 -0.0475527 0.992058 153.475
0.993923 0.0181548 0.108567 71.2291 -0.023728 0.998453 0.0502642 2.29851 -0.107487 -0.0525348 0.992816 154.299
0.994636 0.0181653 0.101825 71.2948 -0.0239744 0.998135 0.0561193 2.3309 -0.100616 -0.0582594 0.993217 155.126
0.995506 0.0174692 0.093063 71.3679 -0.0229844 0.99802 0.0585254 2.36562 -0.0918563 -0.0604014 0.993937 155.949
0.996057 0.0174444 0.0869804 71.4359 -0.0227234 0.997934 0.0600759 2.4086 -0.0857526 -0.0618155 0.994396 156.771
0.996345 0.0171265 0.0836721 71.5009 -0.0222202 0.99793 0.0603293 2.45399 -0.0824656 -0.061968 0.994664 157.591
0.996726 0.0200667 0.0783094 71.5556 -0.0244841 0.998137 0.0558629 2.48524 -0.0770425 -0.0575974 0.995361 158.412
0.996859 0.0256776 0.0749084 71.6013 -0.0294418 0.998335 0.0495877 2.53003 -0.0735103 -0.0516374 0.995955 159.226
0.996996 0.0259749 0.0729597 71.653 -0.0296425 0.998326 0.0496445 2.55486 -0.071548 -0.0516581 0.996097 160.044
0.997272 0.0263568 0.0689348 71.7022 -0.0302156 0.997998 0.0555471 2.59224 -0.0673327 -0.0574785 0.996072 160.871
0.997343 0.026832 0.0677191 71.7487 -0.0311814 0.997461 0.0640093 2.64095 -0.0658296 -0.0659508 0.995648 161.699
0.997666 0.0265601 0.0628988 71.7916 -0.0310242 0.996986 0.0710929 2.67885 -0.0608209 -0.0728783 0.995483 162.532
0.998019 0.0235808 0.0583092 71.8409 -0.0274426 0.997419 0.0663402 2.72945 -0.0565942 -0.0678089 0.996091 163.339
0.998394 0.0178045 0.0537674 71.8883 -0.0208874 0.998136 0.0573312 2.74053 -0.0526463 -0.0583622 0.996905 164.151
0.998766 0.01858 0.0460492 71.9263 -0.0210078 0.998383 0.052811 2.77922 -0.0449933 -0.0537132 0.997541 164.968
0.999053 0.0192168 0.0390063 71.9487 -0.0213012 0.998327 0.0537436 2.82525 -0.0379082 -0.0545236 0.997791 165.788
0.999351 0.016511 0.0319955 71.9777 -0.018404 0.99804 0.0598005 2.86176 -0.0309453 -0.0603506 0.997696 166.614
0.999631 0.0132922 0.0236654 72 -0.0147672 0.997885 0.063286 2.89351 -0.0227741 -0.0636121 0.997713 167.455
0.999823 0.00681713 0.0174853 72.0197 -0.00796171 0.997771 0.0662473 2.93958 -0.0169945 -0.0663748 0.997649 168.289
0.999922 0.00211577 0.012208 72.032 -0.00292991 0.997744 0.0670607 2.98593 -0.0120385 -0.0670913 0.997673 169.115
0.999988 0.000597688 0.00466898 72.0335 -0.000884243 0.998099 0.0616133 3.04068 -0.00462316 -0.0616167 0.998088 169.948
0.999955 -0.00929533 -0.00151082 72.04 0.00936124 0.998606 0.0519355 3.08998 0.00102607 -0.0519473 0.998648 170.764
0.999859 -0.0139578 -0.00925795 72.0492 0.0144196 0.99855 0.0518518 3.13472 0.00852092 -0.0519779 0.99861 171.601
0.999803 -0.0119052 -0.0158445 72.0333 0.0128015 0.99825 0.0577235 3.1942 0.0151297 -0.0579149 0.998205 172.446
0.999794 -0.000472624 -0.0202347 71.996 0.00181173 0.997803 0.0662119 3.26219 0.0201591 -0.066235 0.997599 173.298
0.999663 0.00362688 -0.0256727 71.9661 -0.00169317 0.997185 0.0749464 3.29953 0.0258724 -0.0748777 0.996856 174.15
0.999566 0.00340395 -0.0292329 71.9319 -0.00130386 0.997435 0.071561 3.35108 0.0294017 -0.0714918 0.997006 174.986
0.999529 0.00506918 -0.0302454 71.8995 -0.00305201 0.99779 0.0663704 3.38648 0.0305151 -0.0662469 0.997335 175.831
0.999302 0.0163063 -0.0335824 71.8506 -0.0143614 0.998249 0.0573622 3.44219 0.0344591 -0.0568399 0.997787 176.653
0.999287 0.014688 -0.0347601 71.8146 -0.0127175 0.998335 0.056246 3.4956 0.0355285 -0.0557638 0.99781 177.506
0.999223 0.0125605 -0.0373381 71.7915 -0.0102899 0.998121 0.0603951 3.54079 0.0380267 -0.059964 0.997475 178.353
0.999219 0.0122536 -0.0375366 71.7624 -0.00977969 0.997811 0.0653961 3.60353 0.0382559 -0.0649779 0.997152 179.204
0.999235 0.0144463 -0.0363143 71.7213 -0.0118347 0.997396 0.0711311 3.65008 0.0372474 -0.0706469 0.996804 180.069
0.999145 0.0150772 -0.0384816 71.6838 -0.0123415 0.997444 0.0703628 3.69724 0.0394443 -0.0698277 0.996778 180.915
0.999095 0.0126467 -0.0405974 71.6463 -0.010149 0.998076 0.0611511 3.75361 0.0412928 -0.0606838 0.997301 181.759
0.99909 0.00718324 -0.04201 71.6192 -0.00496048 0.998593 0.0527774 3.76939 0.0423301 -0.052521 0.997721 182.603
0.998992 0.00194527 -0.0448215 71.5979 0.000315551 0.998729 0.0503783 3.80722 0.0448627 -0.0503417 0.997723 183.445
0.998971 0.00279566 -0.0452427 71.5546 -0.000332588 0.998521 0.0543576 3.86044 0.0453278 -0.0542867 0.997495 184.305
0.998846 0.00598014 -0.0476429 71.507 -0.00296703 0.998004 0.0630652 3.90116 0.0479251 -0.0628511 0.99687 185.156
0.998778 0.00557025 -0.0490862 71.4574 -0.00234712 0.997851 0.0654773 3.94437 0.0493455 -0.0652821 0.996645 185.999
0.998772 0.00541434 -0.0492211 71.4106 -0.00222199 0.997903 0.0646822 3.99536 0.0494682 -0.0644934 0.99669 186.837
0.99873 0.00529425 -0.0500927 71.3666 -0.00231672 0.998236 0.0593127 4.04141 0.0503185 -0.0591213 0.99698 187.665
0.998686 0.00893517 -0.050449 71.3144 -0.00594857 0.998237 0.0590432 4.0965 0.0508878 -0.0586655 0.996978 188.509
0.99872 0.00923813 -0.0497017 71.2635 -0.00617192 0.998088 0.0614957 4.13637 0.0501749 -0.0611103 0.996868 189.346
0.998621 0.0100975 -0.0515006 71.2146 -0.00688345 0.998039 0.0622073 4.18881 0.0520279 -0.061767 0.996732 190.173
0.998609 0.0111462 -0.0515093 71.1661 -0.00790175 0.997996 0.0627673 4.23229 0.0521058 -0.062273 0.996697 191.003
0.99863 0.0114618 -0.0510327 71.114 -0.00822212 0.997963 0.0632452 4.27871 0.0516538 -0.0627389 0.996691 191.82
0.998556 0.0120175 -0.0523511 71.0633 -0.00866475 0.997924 0.0638058 4.31267 0.0530094 -0.06326 0.996587 192.64
