1 0 0 0 0 1 0 0 0 0 1 0
<<<<<<< HEAD
<<<<<<< HEAD
0.999039 -0.000644949 0.0438256 0.0282393 0.00070763 0.999999 -0.00141476 -0.0219283 -0.0438246 0.00144441 0.999038 0.997697
0.995865 -0.0041887 0.0907525 0.119091 0.00478649 0.999968 -0.00637037 -0.0193634 -0.090723 0.00677841 0.995853 2.02343
0.990769 -0.00472948 0.135476 0.242026 0.00626347 0.999921 -0.010899 -0.0643962 -0.135414 0.0116469 0.990721 2.98933
0.983106 -0.00038008 0.183038 0.393335 0.00326924 0.999875 -0.015483 -0.138309 -0.183009 0.0158198 0.982984 3.99224
0.973678 -0.00218866 0.227919 0.601564 0.00552168 0.999887 -0.0139871 -0.164508 -0.227862 0.0148774 0.97358 4.94774
0.961765 -0.00354088 0.273853 0.865963 0.00787399 0.999861 -0.0147252 -0.178478 -0.273763 0.0163185 0.961659 5.92204
0.947644 -0.00637393 0.319264 1.17712 0.0123542 0.999784 -0.0167096 -0.190283 -0.319089 0.019779 0.947518 6.90446
0.932689 -0.00741389 0.360605 1.51157 0.0146557 0.999742 -0.0173521 -0.24669 -0.360384 0.0214691 0.932557 7.8055
0.915002 -0.00731013 0.403384 1.89753 0.0151522 0.999753 -0.0162525 -0.214093 -0.403166 0.0209832 0.914886 8.71194
0.894935 -0.00784586 0.446128 2.3349 0.0161327 0.999761 -0.0147799 -0.241617 -0.445905 0.0204243 0.894847 9.61703
0.873375 -0.00851372 0.486973 2.78351 0.01707 0.999768 -0.0131357 -0.266192 -0.486748 0.019785 0.873318 10.4711
0.84846 -0.00855185 0.529191 3.29565 0.0175868 0.999773 -0.0120406 -0.278851 -0.528968 0.0195228 0.848417 11.3245
0.823234 -0.00911028 0.567629 3.8242 0.0180956 0.999784 -0.0101979 -0.300936 -0.567414 0.0186668 0.823221 12.1239
0.795768 -0.00984426 0.605522 4.39685 0.0194243 0.999768 -0.00927345 -0.339637 -0.605291 0.0191414 0.795774 12.9001
0.765864 -0.00977796 0.642929 5.01625 0.0198662 0.999767 -0.00845994 -0.329675 -0.642696 0.0192517 0.765879 13.6623
0.735689 -0.0125818 0.677203 5.65239 0.0241347 0.999679 -0.00764595 -0.352891 -0.676889 0.0219691 0.735757 14.3811
0.70398 -0.0123158 0.710113 6.31825 0.024128 0.999687 -0.00658163 -0.366063 -0.70981 0.0217669 0.704057 15.0715
0.670101 -0.0142418 0.742134 7.02678 0.0247924 0.999687 -0.00320161 -0.376068 -0.741856 0.0205447 0.670244 15.7173
0.634184 -0.0149555 0.773038 7.75867 0.0272718 0.999623 -0.00303409 -0.425234 -0.772702 0.0230063 0.634352 16.3481
0.597584 -0.0169472 0.801627 8.5173 0.0280708 0.999606 0.000206873 -0.416957 -0.801315 0.0223787 0.597824 16.9237
0.560862 -0.0143709 0.827784 9.29087 0.0287129 0.999585 -0.00210087 -0.444439 -0.827411 0.0249464 0.561042 17.4634
0.52165 -0.0122613 0.853072 10.0941 0.0292772 0.999565 -0.00353601 -0.47532 -0.852657 0.0268201 0.521781 17.9673
0.482504 -0.0133214 0.875793 10.9228 0.0305766 0.999531 -0.00164215 -0.483193 -0.87536 0.0275711 0.482685 18.4449
0.444533 -0.016756 0.895606 11.7802 0.0355332 0.999368 0.00106041 -0.489493 -0.895057 0.0313524 0.444847 18.8806
0.407125 -0.0188596 0.913178 12.658 0.0372612 0.999297 0.00402596 -0.523923 -0.912612 0.032387 0.407541 19.2804
0.371078 -0.0194379 0.928398 13.5651 0.0375155 0.999278 0.00592709 -0.519228 -0.927844 0.0326299 0.371539 19.6557
0.337449 -0.01988 0.941134 14.4712 0.0371828 0.999278 0.00777606 -0.508394 -0.940609 0.03237 0.337944 19.9904
0.303171 -0.0208157 0.952709 15.4128 0.0370556 0.999263 0.010041 -0.507511 -0.952215 0.032259 0.303719 20.2964
0.271062 -0.0220731 0.962309 16.3726 0.0376083 0.999216 0.0123262 -0.520448 -0.961827 0.0328496 0.27168 20.5823
0.238335 -0.0200095 0.970977 17.3507 0.0348596 0.99932 0.0120369 -0.504988 -0.970557 0.030979 0.238871 20.8338
0.206704 -0.0199944 0.978199 18.3372 0.0341142 0.999331 0.0132176 -0.497211 -0.977809 0.0306384 0.207247 21.047
0.177198 -0.021927 0.983931 19.3213 0.0339259 0.999294 0.0161595 -0.499746 -0.98359 0.0305173 0.177817 21.2364
0.146469 -0.0236176 0.988933 20.3315 0.033569 0.999258 0.0188923 -0.486721 -0.988646 0.0304304 0.147153 21.3952
0.115265 -0.0243858 0.993035 21.3717 0.032399 0.999259 0.020778 -0.469788 -0.992806 0.0297784 0.11597 21.5286
0.086612 -0.025261 0.995922 22.414 0.0318483 0.999238 0.0225754 -0.458003 -0.995733 0.0297631 0.0873503 21.6306
0.0590606 -0.0262956 0.997908 23.4903 0.0313531 0.999209 0.0244743 -0.452121 -0.997762 0.0298421 0.0598382 21.7042
0.0353722 -0.0275414 0.998995 24.5563 0.0312497 0.999162 0.0264395 -0.447945 -0.998886 0.0302831 0.0362031 21.7514
0.0121241 -0.026423 0.999577 25.6426 0.0353871 0.999036 0.0259795 -0.407158 -0.9993 0.0350572 0.0130473 21.7675
-0.00962241 -0.0265315 0.999602 26.7873 0.0402058 0.998829 0.026898 -0.373536 -0.999145 0.0404486 -0.0085446 21.7468
-0.0274421 -0.0277344 0.999239 27.9014 0.0460046 0.998521 0.0289779 -0.333568 -0.998564 0.0467648 -0.0261258 21.7085
-0.0432511 -0.0285571 0.998656 29.0219 0.0463871 0.998456 0.0305604 -0.315059 -0.997987 0.0476465 -0.0418598 21.6735
-0.0584179 -0.0295238 0.997856 30.1525 0.0463669 0.998404 0.0322545 -0.292682 -0.997215 0.0481517 -0.0569559 21.6165
-0.0716719 -0.0302748 0.996969 31.3148 0.0459031 0.99838 0.0336176 -0.27809 -0.996371 0.0481734 -0.0701663 21.5621
-0.0836842 -0.030416 0.996028 32.4606 0.0455687 0.998371 0.0343161 -0.243052 -0.99545 0.0482594 -0.0821621 21.4777
-0.0962292 -0.0298472 0.994912 33.6186 0.0449675 0.998399 0.0343011 -0.21011 -0.994343 0.0480394 -0.0947332 21.3788
-0.106252 -0.0268353 0.993977 34.8047 0.0453361 0.998465 0.0318027 -0.186528 -0.993305 0.0484421 -0.104873 21.2534
-0.116282 -0.0253718 0.992892 36.0216 0.0456553 0.99848 0.0308614 -0.133773 -0.992166 0.0489194 -0.114947 21.1087
-0.123117 -0.0248148 0.992082 37.2363 0.0451304 0.998513 0.0305763 -0.0944036 -0.991365 0.0485375 -0.121814 20.9593
-0.128983 -0.024682 0.99134 38.5029 0.0448154 0.998524 0.0306918 -0.0568723 -0.990634 0.048386 -0.127686 20.7885
-0.134857 -0.0232598 0.990592 39.7668 0.0451182 0.998543 0.0295887 -0.025707 -0.989837 0.048684 -0.133611 20.6339
-0.138316 -0.0227625 0.990127 41.045 0.0447839 0.998569 0.0292127 0.0176159 -0.989375 0.0483823 -0.137099 20.4584
-0.142505 -0.0226327 0.989536 42.3824 0.0448416 0.998564 0.029297 0.0502469 -0.988778 0.0485473 -0.141285 20.2828
-0.146755 -0.0227527 0.988911 43.7169 0.044749 0.998559 0.0296154 0.0902765 -0.98816 0.048599 -0.145526 20.0957
-0.148429 -0.0242822 0.988625 45.0645 0.044932 0.998501 0.0312707 0.13603 -0.987902 0.0490624 -0.147116 19.9054
-0.15079 -0.0254113 0.988239 46.4346 0.0447891 0.998467 0.0325084 0.179549 -0.987551 0.0491643 -0.149421 19.7066
-0.154182 -0.027401 0.987663 47.833 0.0447823 0.998394 0.0346896 0.212144 -0.987027 0.0495783 -0.152707 19.4987
-0.154067 -0.027587 0.987675 49.2458 0.0446892 0.998393 0.0348574 0.272823 -0.98705 0.0495087 -0.152586 19.281
-0.155826 -0.027023 0.987415 50.6786 0.0463392 0.998325 0.0346344 0.312609 -0.986697 0.0511529 -0.154313 19.0634
-0.154155 -0.027254 0.987671 52.1285 0.0461363 0.998331 0.0347491 0.377186 -0.986969 0.0509243 -0.152641 18.8401
-0.153377 -0.026957 0.9878 53.6058 0.0456803 0.998366 0.0343381 0.413819 -0.987112 0.0503897 -0.151895 18.6187
-0.153358 -0.0273718 0.987792 55.0852 0.0457551 0.998347 0.0347679 0.466237 -0.987111 0.0505285 -0.151853 18.4005
-0.150758 -0.0285745 0.988158 56.6172 0.0458631 0.998304 0.035865 0.526559 -0.987506 0.0507269 -0.149192 18.1766
-0.149622 -0.0289051 0.988321 58.1569 0.0463172 0.99827 0.0362081 0.576316 -0.987658 0.0511938 -0.148025 17.9444
-0.150098 -0.0284856 0.988261 59.7095 0.0461004 0.998296 0.0357766 0.633663 -0.987596 0.0509292 -0.148529 17.7171
-0.147315 -0.0287877 0.988671 61.2959 0.0471953 0.998233 0.0360983 0.685429 -0.987963 0.0519785 -0.145696 17.4909
-0.149144 -0.0283016 0.98841 62.8743 0.0471217 0.998251 0.0356937 0.745288 -0.987692 0.0518991 -0.14755 17.2541
-0.146945 -0.0299472 0.988691 64.5077 0.0482625 0.998134 0.0374063 0.813703 -0.987967 0.0532134 -0.145226 17.017
-0.145597 -0.0310402 0.988857 66.1477 0.050733 0.997958 0.0387957 0.865177 -0.988042 0.0558163 -0.143725 16.781
-0.146324 -0.0305164 0.988766 67.7824 0.0517592 0.997919 0.0384585 0.916757 -0.987882 0.0568051 -0.14444 16.5551
-0.142379 -0.0304467 0.989344 69.3816 0.0551445 0.99773 0.0386408 0.969934 -0.988275 0.0600585 -0.140377 16.3068
-0.141786 -0.0301466 0.989438 71.0551 0.0548863 0.997759 0.0382653 1.03814 -0.988375 0.0597322 -0.139814 16.0831
-0.142857 -0.0311623 0.989253 72.7261 0.0557209 0.997666 0.0394739 1.09437 -0.988174 0.0607611 -0.140787 15.8598
-0.14172 -0.0304259 0.989439 74.4663 0.0562281 0.997666 0.0387326 1.1719 -0.988309 0.0611235 -0.139679 15.6149
-0.142434 -0.0310763 0.989316 76.1609 0.0580639 0.997523 0.0396936 1.21727 -0.9881 0.0630973 -0.140277 15.3749
-0.141258 -0.0314064 0.989475 77.9236 0.0589799 0.997454 0.0400797 1.29439 -0.988214 0.0640207 -0.139046 15.1333
-0.141408 -0.0312027 0.98946 79.6725 0.0593971 0.997435 0.0399429 1.34759 -0.988168 0.0644192 -0.139192 14.8878
-0.143964 -0.0296155 0.98914 81.417 0.0589946 0.997517 0.0384527 1.41279 -0.987823 0.0638897 -0.141859 14.6623
-0.143886 -0.0292202 0.989163 83.2112 0.0583437 0.997575 0.0379556 1.48153 -0.987873 0.0631728 -0.141833 14.4063
-0.145468 -0.0291372 0.988934 85.0052 0.0580822 0.997591 0.0379359 1.55068 -0.987657 0.0629579 -0.143426 14.1474
-0.144718 -0.0312945 0.988978 86.7988 0.0567091 0.997594 0.0398654 1.60598 -0.987847 0.0618533 -0.142595 13.868
-0.144347 -0.0320284 0.989009 88.6291 0.0567255 0.997564 0.0405847 1.66832 -0.9879 0.0619603 -0.142179 13.6015
-0.144395 -0.0324273 0.988989 90.4681 0.0546608 0.997675 0.0406928 1.74942 -0.988009 0.0599348 -0.142287 13.3427
-0.146821 -0.0322857 0.988636 92.3142 0.0540763 0.99771 0.0406128 1.8053 -0.987684 0.0594246 -0.144739 13.0867
-0.147894 -0.0315485 0.9885 94.1822 0.0533884 0.997779 0.0398324 1.88878 -0.987561 0.0586655 -0.145882 12.823
-0.153733 -0.0312794 0.987617 96.0496 0.0535317 0.997767 0.0399336 1.95156 -0.986661 0.059008 -0.151715 12.5421
-0.156844 -0.0314666 0.987122 97.9538 0.052258 0.997828 0.0401112 2.02011 -0.98624 0.0578762 -0.154859 12.2716
-0.161458 -0.031515 0.986376 99.8589 0.0515042 0.997859 0.0403125 2.09866 -0.985535 0.0573113 -0.159489 11.9825
-0.167687 -0.0309582 0.985354 101.772 0.0509841 0.997897 0.0400288 2.16862 -0.984521 0.0569497 -0.165756 11.6823
-0.170796 -0.0300756 0.984847 103.706 0.0507602 0.997938 0.0392785 2.23904 -0.983998 0.0566997 -0.168917 11.3637
-0.175335 -0.0289559 0.984083 105.628 0.0504069 0.997992 0.0383462 2.30813 -0.983217 0.056328 -0.173524 11.0373
-0.181779 -0.0287516 0.982919 107.571 0.0495075 0.998037 0.0383497 2.38512 -0.982092 0.0556331 -0.179999 10.6998
-0.18542 -0.0294936 0.982217 109.521 0.0483929 0.998062 0.0391049 2.45858 -0.981467 0.0547832 -0.183633 10.3531
-0.192522 -0.0302915 0.980825 111.478 0.0476573 0.998055 0.0401781 2.52771 -0.980135 0.0544786 -0.190704 9.99602
-0.195166 -0.0326313 0.980227 113.455 0.0483104 0.997913 0.0428388 2.61114 -0.97958 0.0557158 -0.193182 9.6243
-0.200605 -0.0330216 0.979116 115.43 0.0482213 0.997887 0.0435345 2.69003 -0.978485 0.0559474 -0.198589 9.23601
-0.207699 -0.0303358 0.977722 117.426 0.0509243 0.997828 0.0417776 2.78377 -0.976866 0.0584669 -0.205703 8.84988
-0.211979 -0.0300821 0.976811 119.417 0.0501036 0.997877 0.0416039 2.87252 -0.975989 0.0577609 -0.210022 8.43707
-0.216311 -0.0311714 0.975827 121.433 0.0506476 0.997786 0.0430999 2.94278 -0.97501 0.0587463 -0.214253 8.00497
-0.223105 -0.032097 0.974266 123.43 0.0499182 0.99777 0.0443025 3.02378 -0.973515 0.0585177 -0.221006 7.57409
-0.226861 -0.0310546 0.973432 125.443 0.0486962 0.997879 0.0431834 3.1015 -0.972709 0.0571991 -0.224868 7.10401
-0.23473 -0.0317045 0.971543 127.427 0.0479198 0.997875 0.0441415 3.20103 -0.970879 0.0569175 -0.232712 6.63599
-0.237721 -0.0311639 0.970833 129.441 0.0489625 0.99783 0.0440197 3.25715 -0.970099 0.0579988 -0.235679 6.15648
-0.242326 -0.0350092 0.969563 131.454 0.0491553 0.997622 0.0483079 3.34287 -0.968949 0.0593654 -0.240029 5.66658
-0.24842 -0.0358663 0.967988 133.473 0.0492876 0.997551 0.0496107 3.43756 -0.967398 0.0600341 -0.246044 5.18253
-0.247491 -0.0362791 0.968211 135.524 0.0491612 0.997541 0.0499446 3.53978 -0.967642 0.0599592 -0.245099 4.68386
-0.251183 -0.0367701 0.967241 137.571 0.0472336 0.997622 0.0501912 3.61967 -0.966786 0.0582934 -0.248849 4.17674
-0.258161 -0.0370936 0.96539 139.591 0.0455761 0.997682 0.0505222 3.69893 -0.965026 0.0570416 -0.255872 3.63716
-0.260784 -0.0373413 0.964675 141.693 0.0435149 0.997781 0.0503863 3.7889 -0.964416 0.0551177 -0.258581 3.10366
-0.267869 -0.0371706 0.962738 143.725 0.0425618 0.997823 0.0503676 3.89625 -0.962515 0.0544678 -0.265704 2.55939
-0.270708 -0.0394349 0.961853 145.801 0.0418449 0.997734 0.052683 3.97478 -0.961752 0.0545104 -0.268445 2.0012
-0.275257 -0.0380231 0.960618 147.883 0.0418904 0.997794 0.0514979 4.09321 -0.960458 0.0544158 -0.273057 1.43147
-0.280973 -0.0393572 0.958908 149.961 0.0412866 0.997738 0.0530485 4.17757 -0.958827 0.0544952 -0.278712 0.851061
-0.283285 -0.039711 0.958213 152.051 0.0408601 0.997735 0.0534288 4.28812 -0.958165 0.0542883 -0.281021 0.246998
-0.287601 -0.0403036 0.956902 154.148 0.0410242 0.997678 0.0543511 4.3941 -0.956871 0.0548876 -0.28528 -0.358079
-0.294436 -0.0391447 0.954869 156.276 0.0415346 0.997692 0.0537075 4.5004 -0.954768 0.0554735 -0.29213 -0.984489
-0.296057 -0.0390774 0.95437 158.378 0.0413742 0.9977 0.0536864 4.60979 -0.954274 0.0553806 -0.29376 -1.61393
-0.299557 -0.0375271 0.95334 160.49 0.0424269 0.997713 0.0526051 4.71806 -0.953135 0.0562055 -0.29728 -2.24601
-0.305167 -0.0369298 0.951583 162.612 0.0424053 0.997729 0.0523199 4.82132 -0.951354 0.0563185 -0.302908 -2.90916
-0.306827 -0.0362301 0.951075 164.728 0.0422222 0.997773 0.0516304 4.93053 -0.950828 0.0559981 -0.304615 -3.57493
-0.311761 -0.0361757 0.949472 166.867 0.0420048 0.997773 0.0518084 5.03967 -0.949231 0.0560343 -0.309548 -4.25384
-0.313777 -0.0364066 0.948798 168.999 0.0418409 0.997763 0.0521227 5.14389 -0.948574 0.0560535 -0.311553 -4.94742
-0.317221 -0.035449 0.947689 171.188 0.0424644 0.997767 0.0515365 5.25048 -0.9474 0.0565915 -0.315008 -5.66134
-0.321997 -0.035083 0.946091 173.334 0.0441479 0.997669 0.0520212 5.34592 -0.945711 0.0585186 -0.319698 -6.36843
-0.323322 -0.0352937 0.945631 175.479 0.0446418 0.997622 0.0524977 5.45413 -0.945236 0.0591883 -0.320978 -7.08927
-0.326662 -0.0364694 0.944438 177.658 0.0435382 0.997613 0.0535818 5.56597 -0.944138 0.0586223 -0.324295 -7.80822
-0.333004 -0.0353409 0.942263 179.831 0.0431512 0.997679 0.0526695 5.68471 -0.941937 0.058199 -0.330707 -8.53767
-0.332675 -0.0351225 0.942387 181.985 0.0427737 0.997715 0.0522843 5.80459 -0.942071 0.0577031 -0.330413 -9.25947
-0.337009 -0.0343023 0.940876 184.186 0.0420886 0.997788 0.0514528 5.90466 -0.94056 0.0569403 -0.33482 -10.0126
-0.342603 -0.0339741 0.938866 186.37 0.0410824 0.997848 0.0511 6.03361 -0.938581 0.0560779 -0.34047 -10.7758
-0.343333 -0.0338772 0.938603 188.536 0.0398271 0.997925 0.0505869 6.14786 -0.938369 0.05475 -0.341271 -11.5612
-0.348758 -0.0339243 0.936599 190.744 0.0399216 0.997899 0.0510102 6.25094 -0.936362 0.0551808 -0.346672 -12.3461
-0.351136 -0.0343138 0.935695 192.93 0.0396311 0.997888 0.0514668 6.37103 -0.935485 0.0551546 -0.349035 -13.1297
-0.355145 -0.0352274 0.934147 195.122 0.0393607 0.99784 0.0525935 6.48198 -0.933982 0.0554471 -0.352991 -13.9442
-0.36051 -0.0357177 0.932071 197.358 0.0400396 0.997752 0.0537214 6.58908 -0.931896 0.0566868 -0.35827 -14.7821
-0.363467 -0.0365134 0.930891 199.522 0.0396035 0.997722 0.0545981 6.71461 -0.930765 0.0567112 -0.361194 -15.6091
-0.367182 -0.0357016 0.929464 201.73 0.0391135 0.997786 0.0537776 6.83448 -0.929326 0.0561008 -0.364974 -16.4576
-0.37176 -0.0355117 0.927649 203.948 0.038767 0.997802 0.0537334 6.94572 -0.927519 0.0559381 -0.369567 -17.3098
-0.373069 -0.0346747 0.927155 206.173 0.0395846 0.997796 0.0532447 7.07046 -0.926959 0.0565651 -0.370874 -18.1803
-0.37753 -0.0347761 0.925344 208.392 0.0402383 0.997734 0.0539135 7.18096 -0.925123 0.0575883 -0.375276 -19.064
-0.378612 -0.0335427 0.924947 210.59 0.0402648 0.9978 0.0526664 7.30516 -0.924679 0.057183 -0.376429 -19.9502
-0.380889 -0.0331426 0.924026 212.81 0.0407619 0.997783 0.0525905 7.41955 -0.923722 0.0576962 -0.378694 -20.8401
-0.385518 -0.0329594 0.922112 215.029 0.0408021 0.997775 0.0527226 7.52184 -0.921798 0.0579496 -0.383315 -21.7619
-0.386753 -0.03242 0.921613 217.221 0.0402274 0.997837 0.0519827 7.63392 -0.921305 0.0571786 -0.384613 -22.6646
-0.39011 -0.0319811 0.920213 219.404 0.0395555 0.997891 0.0514497 7.73509 -0.919918 0.0564706 -0.388022 -23.5783
-0.394858 -0.0314765 0.918203 221.633 0.0392165 0.997924 0.0510738 7.84132 -0.917905 0.0561756 -0.392804 -24.5223
-0.396245 -0.0317562 0.917596 223.812 0.0377681 0.997992 0.050848 7.95275 -0.917368 0.0548041 -0.39425 -25.4242
-0.399393 -0.0310692 0.916253 226.029 0.0375955 0.998029 0.05023 8.05178 -0.916009 0.0545085 -0.397438 -26.3834
-0.404951 -0.0317109 0.913788 228.277 0.0378725 0.997959 0.0514153 8.12851 -0.913554 0.0554281 -0.402924 -27.3507
-0.406278 -0.0326928 0.913165 230.463 0.0376218 0.997913 0.0524654 8.23752 -0.912975 0.0556705 -0.4042 -28.2922
-0.410441 -0.0331354 0.911285 232.705 0.0370346 0.997909 0.0529656 8.3551 -0.911135 0.0554884 -0.408356 -29.2777
-0.412421 -0.0330197 0.910395 234.883 0.0365699 0.997937 0.0527616 8.47383 -0.910259 0.0550531 -0.410363 -30.2337
-0.416161 -0.032597 0.908707 237.095 0.0341701 0.99809 0.0514523 8.56937 -0.908649 0.0524631 -0.414252 -31.2181
-0.421878 -0.0332653 0.906042 239.297 0.0334422 0.998075 0.052216 8.68503 -0.906036 0.0523288 -0.419954 -32.2241
-0.423209 -0.0328519 0.905436 241.467 0.0330911 0.998115 0.0516817 8.79662 -0.905428 0.0518341 -0.421325 -33.2138
-0.426913 -0.0333359 0.903678 243.668 0.0323906 0.998115 0.0521216 8.911 -0.903712 0.0515221 -0.425029 -34.2277
-0.432721 -0.0347814 0.900857 245.858 0.0308869 0.998097 0.0533722 9.01263 -0.900999 0.05092 -0.430823 -35.2502
-0.434649 -0.0343532 0.899945 248.045 0.0306819 0.998127 0.0529196 9.14247 -0.900077 0.0506134 -0.432781 -36.2867
-0.438429 -0.0338463 0.898128 250.21 0.0309729 0.998128 0.0527346 9.24926 -0.898232 0.0509381 -0.436561 -37.3116
-0.443798 -0.0343324 0.895469 252.368 0.0310089 0.998079 0.0536347 9.36526 -0.89559 0.0515706 -0.441882 -38.3498
-0.446167 -0.0347628 0.894274 254.515 0.0306747 0.998064 0.0541014 9.47687 -0.894424 0.0515699 -0.444237 -39.3969
-0.451291 -0.0349064 0.891694 256.674 0.0296571 0.998096 0.0540812 9.58858 -0.891884 0.0508514 -0.449397 -40.4545
-0.455217 -0.0340789 0.889728 258.851 0.0299093 0.998118 0.0535333 9.71657 -0.889878 0.0509805 -0.453342 -41.555
-0.458857 -0.0336551 0.887872 261.008 0.0304826 0.998097 0.0535869 9.82733 -0.887987 0.0516534 -0.456959 -42.6412
-0.463957 -0.0332975 0.885232 263.165 0.0311677 0.998061 0.0538768 9.93144 -0.885309 0.0525872 -0.46202 -43.7373
-0.466203 -0.0325159 0.88408 265.29 0.0314593 0.998083 0.0532984 10.0456 -0.884118 0.0526605 -0.464287 -44.8502
-0.469347 -0.0316174 0.882447 267.437 0.032947 0.998035 0.0532824 10.1682 -0.882399 0.0540819 -0.467384 -45.9685
-0.473557 -0.0341156 0.880102 269.597 0.0314206 0.997959 0.0555907 10.2917 -0.880203 0.0539787 -0.471519 -47.0957
-0.473732 -0.0364593 0.879914 271.723 0.0300512 0.997891 0.0575269 10.4172 -0.880156 0.0536948 -0.471638 -48.2282
-0.478405 -0.0362826 0.877389 273.894 0.0305217 0.997855 0.0579065 10.5465 -0.877609 0.0544822 -0.476272 -49.3875
-0.479849 -0.035779 0.876621 276.047 0.0308224 0.997864 0.0575992 10.684 -0.87681 0.0546585 -0.477722 -50.538
-0.483547 -0.0361042 0.874573 278.196 0.0315636 0.99778 0.0586418 10.8353 -0.874749 0.0559608 -0.481335 -51.6996
-0.489349 -0.0360204 0.871344 280.354 0.0317195 0.99775 0.0590597 10.9714 -0.871511 0.0565394 -0.487106 -52.8905
-0.490828 -0.0357046 0.870524 282.547 0.0321476 0.997737 0.059048 11.1091 -0.870663 0.0569677 -0.48857 -54.0891
-0.495421 -0.0354354 0.86793 284.728 0.0305676 0.997837 0.0581875 11.2367 -0.868115 0.0553579 -0.493267 -55.3138
-0.501191 -0.036261 0.864577 286.894 0.0303341 0.997771 0.0594319 11.3557 -0.864805 0.0560129 -0.498974 -56.5271
-0.501656 -0.0366953 0.864289 289.092 0.0307173 0.997714 0.0601893 11.49 -0.864522 0.0567429 -0.499382 -57.7811
-0.503391 -0.0373577 0.863251 291.281 0.0309911 0.997641 0.0612456 11.6279 -0.863503 0.0575835 -0.501046 -59.0271
-0.507478 -0.0372571 0.860858 293.47 0.0309176 0.997634 0.0614026 11.7835 -0.86111 0.0577762 -0.505126 -60.2898
-0.507586 -0.0381095 0.860758 295.693 0.0304452 0.997604 0.0621217 11.9356 -0.861063 0.0577381 -0.50521 -61.5694
-0.51377 -0.038639 0.857057 297.883 0.0300711 0.99756 0.0629998 12.0821 -0.8574 0.0581401 -0.511356 -62.8593
-0.514035 -0.0388737 0.856888 300.098 0.0302117 0.997532 0.0633777 12.2318 -0.857237 0.0584664 -0.511593 -64.168
-0.514879 -0.0388978 0.856379 302.333 0.0292278 0.997593 0.0628845 12.4023 -0.856764 0.0574081 -0.512504 -65.4555
-0.518648 -0.0374623 0.854166 304.567 0.0276825 0.99778 0.0605698 12.5551 -0.854539 0.0550599 -0.51646 -66.7813
-0.520432 -0.0381665 0.85305 306.787 0.0260628 0.997825 0.0605445 12.7132 -0.853505 0.0537422 -0.518306 -68.096
-0.524472 -0.0375574 0.850599 309.037 0.0259255 0.997859 0.060045 12.8662 -0.851033 0.0535442 -0.522376 -69.4408
-0.531485 -0.0378468 0.846221 311.293 0.0247652 0.99788 0.0601839 13.0304 -0.846705 0.0529437 -0.529422 -70.8099
-0.534369 -0.038755 0.844362 313.521 0.0243248 0.997829 0.0611933 13.19 -0.844901 0.0532388 -0.532267 -72.1872
-0.538382 -0.039039 0.841796 315.768 0.0246597 0.997769 0.0620439 13.3428 -0.84234 0.0541618 -0.536219 -73.578
-0.54475 -0.0382693 0.837725 318.041 0.0258396 0.997718 0.0623811 13.4906 -0.8382 0.0556286 -0.542519 -74.9988
-0.546258 -0.0374686 0.836779 320.268 0.0265393 0.997723 0.0620005 13.6504 -0.837197 0.0560758 -0.54402 -76.4268
-0.55157 -0.0376768 0.833277 322.509 0.0274109 0.997621 0.0632518 13.8059 -0.833678 0.0577287 -0.549226 -77.8709
-0.552605 -0.0386559 0.832546 324.746 0.0281174 0.99749 0.0649775 13.9665 -0.832969 0.059316 -0.550132 -79.3377
-0.55639 -0.0399325 0.829961 326.992 0.027457 0.997415 0.0663961 14.1167 -0.830467 0.0597304 -0.553856 -80.793
-0.561656 -0.0411404 0.826347 329.226 0.0252821 0.997443 0.0668425 14.2871 -0.826984 0.0584343 -0.559181 -82.2878
-0.56191 -0.0412467 0.826169 331.447 0.0263623 0.997356 0.0677233 14.4705 -0.826778 0.0598342 -0.559338 -83.761
-0.565537 -0.0420287 0.823651 333.682 0.0274297 0.997189 0.0697178 14.6363 -0.824267 0.0620206 -0.562795 -85.2451
-0.571333 -0.0434606 0.819567 335.924 0.0270956 0.997054 0.0717613 14.8048 -0.820271 0.0632063 -0.568472 -86.7865
-0.569525 -0.045033 0.820739 338.196 0.0260719 0.997006 0.0727964 14.9896 -0.82156 0.0628577 -0.566647 -88.2715
-0.573095 -0.0459517 0.818199 340.427 0.0255558 0.996939 0.0738903 15.1792 -0.81909 0.063256 -0.570167 -89.8093
-0.578546 -0.0474581 0.814268 342.632 0.0252686 0.996784 0.0760493 15.3691 -0.815258 0.0645735 -0.575487 -91.3483
-0.577981 -0.0473954 0.814673 344.851 0.0236796 0.996917 0.0747977 15.5541 -0.815706 0.0625228 -0.575078 -92.8982
-0.583279 -0.047926 0.810857 347.073 0.0211045 0.997027 0.0741109 15.7311 -0.811998 0.0603401 -0.580533 -94.4475
-0.584176 -0.0459179 0.810327 349.286 0.0206607 0.997233 0.0714038 15.9122 -0.811364 0.0584543 -0.581612 -96.0047
-0.587195 -0.0476113 0.808044 351.492 0.020079 0.997105 0.0733423 16.0955 -0.809196 0.0592911 -0.58454 -97.572
-0.59224 -0.0480756 0.804326 353.672 0.01969 0.997057 0.0740935 16.2818 -0.805521 0.0597184 -0.589551 -99.1355
-0.593602 -0.0493114 0.803246 355.896 0.0180633 0.997053 0.0745581 16.4589 -0.804556 0.0587672 -0.590963 -100.746
-0.596896 -0.0519014 0.800638 358.088 0.0158625 0.996947 0.076453 16.6441 -0.802162 0.0583346 -0.594251 -102.34
-0.602188 -0.0547821 0.796473 360.278 0.0135028 0.996801 0.0787699 16.8467 -0.79824 0.0581889 -0.599523 -103.927
-0.604025 -0.057788 0.794868 362.462 0.011383 0.99664 0.0811072 17.0499 -0.796884 0.0580387 -0.601338 -105.575
-0.606853 -0.0584361 0.792663 364.634 0.0100871 0.996647 0.0811967 17.2524 -0.79475 0.0572702 -0.604229 -107.194
-0.610985 -0.0589013 0.789448 366.777 0.00805194 0.996714 0.0805973 17.459 -0.791601 0.0556003 -0.608503 -108.806
-0.61268 -0.0595931 0.788081 368.964 0.00831972 0.996612 0.0818299 17.6785 -0.790287 0.0566922 -0.610109 -110.471
-0.618446 -0.0598806 0.783542 371.083 0.00780619 0.996575 0.0823226 17.8882 -0.785788 0.0570287 -0.615861 -112.097
-0.619051 -0.0612315 0.78296 373.258 0.00484475 0.996639 0.0817728 18.0783 -0.785336 0.0544148 -0.616674 -113.772
-0.62134 -0.0648541 0.780853 375.402 -0.00417194 0.996828 0.0794724 18.2575 -0.78353 0.0461218 -0.61964 -115.42
-0.626676 -0.061409 0.776856 377.517 -0.0107416 0.997476 0.0701836 18.4671 -0.779205 0.0356378 -0.625755 -117.067
-0.626574 -0.0544055 0.777461 379.616 -0.00414006 0.997779 0.0664865 18.6061 -0.779351 0.03844 -0.625408 -118.726
-0.628251 -0.0541317 0.776125 381.701 0.00243876 0.997434 0.0715413 18.7527 -0.778007 0.0468387 -0.626508 -120.393
-0.632935 -0.0619565 0.771722 383.817 0.00294941 0.996592 0.082429 18.9669 -0.774199 0.0544484 -0.630596 -122.107
-0.634362 -0.0718027 0.769695 385.893 -0.00154318 0.995793 0.091623 19.1887 -0.773035 0.0569344 -0.631804 -123.766
-0.638849 -0.0784119 0.765326 388.016 -0.00735042 0.995369 0.0958455 19.4469 -0.769297 0.0556054 -0.636468 -125.495
-0.639534 -0.0800153 0.764587 390.087 -0.0085156 0.995245 0.0970312 19.6687 -0.768715 0.0555439 -0.637175 -127.175
-0.642663 -0.0758428 0.762386 392.156 -0.0042694 0.995427 0.0954271 19.8889 -0.766137 0.0580726 -0.640049 -128.886
-0.648262 -0.0716142 0.758042 394.207 -0.000604864 0.995615 0.0935412 20.0991 -0.761417 0.0601807 -0.645463 -130.599
-0.652051 -0.0676128 0.755154 396.19 0.0015792 0.995892 0.090531 20.3195 -0.758173 0.0602234 -0.649267 -132.262
-0.655033 -0.0679845 0.752536 398.235 0.00147907 0.995827 0.0912511 20.5525 -0.755599 0.0608856 -0.652199 -134.01
-0.659096 -0.0682513 0.748956 400.287 0.00202767 0.995709 0.092522 20.7838 -0.752056 0.0624996 -0.65613 -135.768
-0.66098 -0.069829 0.747147 402.278 0.00172836 0.995517 0.094571 21.0081 -0.750401 0.0638009 -0.657897 -137.488
-0.662929 -0.0698884 0.745413 404.296 0.00189618 0.995474 0.09502 21.2422 -0.74868 0.064405 -0.659796 -139.255
-0.665679 -0.0693274 0.743011 406.329 0.00260232 0.995453 0.0952135 21.4952 -0.746233 0.0653152 -0.662473 -141.044
-0.666275 -0.0705096 0.742365 408.305 0.00186225 0.995359 0.0962104 21.7264 -0.745703 0.0654851 -0.663053 -142.791
-0.671408 -0.0774909 0.737026 410.284 0.000995358 0.994423 0.105461 21.9933 -0.741087 0.0715407 -0.667587 -144.56
-0.67439 -0.0768341 0.734366 412.184 0.00285374 0.994292 0.10665 22.2482 -0.738369 0.0740196 -0.670323 -146.29
-0.675513 -0.083727 0.732579 414.165 0.00233236 0.993284 0.115674 22.5496 -0.737344 0.079848 -0.670782 -148.085
-0.681258 -0.0896048 0.726538 416.105 0.00014743 0.992463 0.12254 22.8545 -0.732042 0.0835886 -0.676112 -149.868
-0.683852 -0.0974708 0.72308 417.995 -0.00200602 0.991284 0.131727 23.1791 -0.729617 0.0886317 -0.678088 -151.623
-0.68543 -0.0959974 0.721783 419.939 -0.00404234 0.991757 0.128065 23.505 -0.728127 0.0848623 -0.680169 -153.425
-0.686714 -0.0976314 0.720341 421.923 -0.004975 0.991548 0.129647 23.8127 -0.72691 0.0854466 -0.681396 -155.281
-0.68684 -0.0986795 0.720079 423.846 -0.00614578 0.991493 0.130012 24.1267 -0.726782 0.0848721 -0.681604 -157.081
-0.687994 -0.0986114 0.718985 425.789 -0.00720566 0.991604 0.129107 24.4591 -0.72568 0.0836442 -0.682929 -158.896
-0.690138 -0.100181 0.71671 427.737 -0.00780804 0.991345 0.131051 24.7849 -0.723635 0.0848476 -0.684948 -160.735
-0.690763 -0.101575 0.715911 429.613 -0.00688551 0.990963 0.133957 25.1021 -0.723048 0.0876031 -0.685221 -162.518
-0.694146 -0.10758 0.711749 431.523 -0.00796194 0.989856 0.141851 25.4489 -0.719789 0.0927985 -0.687962 -164.361
-0.693206 -0.111004 0.71214 433.445 -0.0035778 0.988586 0.150612 25.8004 -0.72073 0.101858 -0.685692 -166.205
-0.69298 -0.112554 0.712116 435.355 0.000199177 0.987709 0.156306 26.1734 -0.720956 0.108459 -0.684441 -168.055
-0.69466 -0.114928 0.710098 437.245 -0.00521523 0.987933 0.154793 26.558 -0.719318 0.103825 -0.686878 -169.879
-0.691734 -0.118376 0.712384 439.202 -0.0143573 0.988533 0.150322 26.964 -0.722008 0.0937549 -0.685503 -171.735
-0.689835 -0.120284 0.713904 441.13 -0.0181474 0.988664 0.149042 27.3424 -0.723738 0.0898592 -0.684199 -173.546
-0.688057 -0.121414 0.715428 443.014 -0.0192415 0.988609 0.14927 27.7213 -0.725401 0.0889403 -0.682556 -175.344
-0.683591 -0.12209 0.719582 444.956 -0.0174366 0.98836 0.151128 28.1044 -0.729656 0.090763 -0.677764 -177.162
-0.680781 -0.123106 0.722068 446.866 -0.0166652 0.988124 0.152754 28.4915 -0.732297 0.0919589 -0.674748 -178.964
-0.680806 -0.12429 0.721842 448.783 -0.0189079 0.988152 0.152311 28.865 -0.732219 0.0900461 -0.67509 -180.741
-0.673837 -0.125301 0.728178 450.723 -0.0236214 0.988665 0.148266 29.2326 -0.738501 0.0827065 -0.66916 -182.507
-0.674421 -0.132699 0.726325 452.628 -0.0327134 0.988121 0.150153 29.619 -0.737621 0.0775058 -0.670752 -184.24
-0.671639 -0.137102 0.728082 454.608 -0.0394674 0.987954 0.149629 29.9929 -0.739825 0.0717615 -0.668961 -186.022
-0.670922 -0.139289 0.728329 456.565 -0.0423733 0.987796 0.149877 30.3734 -0.740315 0.0696943 -0.668637 -187.794
-0.671647 -0.139586 0.727602 458.509 -0.0406681 0.987556 0.151916 30.7419 -0.739753 0.0724438 -0.668968 -189.567
-0.668519 -0.142715 0.729873 460.492 -0.0396733 0.986861 0.156627 31.1278 -0.742635 0.0757521 -0.665399 -191.356
-0.667456 -0.14512 0.730372 462.45 -0.0398723 0.986384 0.159551 31.54 -0.74358 0.0773719 -0.664155 -193.113
-0.669231 -0.146483 0.728473 464.406 -0.0424201 0.986309 0.159359 31.9336 -0.741842 0.0757461 -0.666283 -194.855
-0.667025 -0.146731 0.730443 466.334 -0.0431326 0.986375 0.158755 32.3375 -0.743784 0.0743878 -0.664267 -196.59
-0.66445 -0.14816 0.732499 468.312 -0.0435992 0.986167 0.15992 32.6976 -0.746059 0.0743227 -0.661719 -198.356
-0.666476 -0.148454 0.730597 470.281 -0.0414995 0.985842 0.162461 33.1096 -0.74437 0.0779572 -0.663201 -200.121
-0.662494 -0.149924 0.733911 472.239 -0.0373021 0.985153 0.167576 33.5238 -0.748137 0.0836418 -0.658251 -201.838
-0.662015 -0.152979 0.733712 474.203 -0.0393299 0.98469 0.169822 33.9426 -0.748457 0.0835679 -0.657897 -203.559
-0.658068 -0.154037 0.737033 476.174 -0.0392888 0.984542 0.170687 34.3717 -0.751931 0.0833664 -0.653949 -205.29
-0.656666 -0.156805 0.7377 478.168 -0.0398347 0.983993 0.173698 34.8146 -0.753127 0.0846758 -0.652403 -207.031
-0.657573 -0.157942 0.736649 480.128 -0.040463 0.983771 0.174807 35.2573 -0.752302 0.0851412 -0.653293 -208.72
-0.657063 -0.157425 0.737215 482.133 -0.0409472 0.983961 0.17362 35.7159 -0.752722 0.0838924 -0.652971 -210.479
-0.656632 -0.157355 0.737613 484.109 -0.0418858 0.984092 0.172649 36.1632 -0.753045 0.0824718 -0.652779 -212.214
-0.657354 -0.157986 0.736835 486.081 -0.0417941 0.983915 0.173677 36.5915 -0.75242 0.0833722 -0.653385 -213.938
-0.655557 -0.160985 0.737786 488.046 -0.0426393 0.983344 0.176679 37.0416 -0.75394 0.0843647 -0.651504 -215.674
-0.655585 -0.162745 0.737375 490.02 -0.0440514 0.983078 0.177808 37.4867 -0.753834 0.0840863 -0.651662 -217.398
-0.657751 -0.163649 0.735243 491.987 -0.0454553 0.982958 0.178121 37.9375 -0.751861 0.0837386 -0.653981 -219.104
-0.657086 -0.164767 0.735588 493.957 -0.0455711 0.982717 0.179415 38.401 -0.752436 0.0843694 -0.653239 -220.832
-0.659093 -0.164476 0.733855 495.923 -0.0451246 0.982683 0.179717 38.8533 -0.750705 0.0853357 -0.655103 -222.552
-0.657484 -0.166302 0.734886 497.904 -0.0452521 0.982293 0.181803 39.3184 -0.752107 0.0862779 -0.653369 -224.29
-0.657614 -0.168909 0.734175 499.871 -0.0467303 0.98181 0.184025 39.7912 -0.751903 0.0867092 -0.653546 -226.017
-0.658813 -0.170666 0.732693 501.833 -0.0485327 0.981541 0.184991 40.2581 -0.750739 0.0863152 -0.654936 -227.729
-0.657583 -0.17153 0.733595 503.791 -0.0493336 0.98145 0.185263 40.7331 -0.751763 0.0856349 -0.653848 -229.458
-0.657201 -0.1718 0.733874 505.756 -0.0493102 0.98139 0.185585 41.2079 -0.752099 0.0857793 -0.653443 -231.179
-0.658615 -0.170959 0.732802 507.705 -0.0484774 0.981466 0.185401 41.6804 -0.750915 0.0865838 -0.654697 -232.886
-0.657128 -0.171577 0.733991 509.678 -0.0485186 0.981358 0.185963 42.1632 -0.752214 0.0865898 -0.653204 -234.626
-0.658032 -0.170346 0.733468 511.634 -0.04732 0.981504 0.185499 42.6335 -0.7515 0.0873567 -0.653924 -236.335
-0.657126 -0.170795 0.734176 513.607 -0.0481564 0.981514 0.185233 43.1077 -0.752239 0.0863663 -0.653205 -238.078
-0.657091 -0.171633 0.734012 515.587 -0.0491628 0.981418 0.185474 43.5818 -0.752205 0.0857872 -0.65332 -239.811
-0.65689 -0.172868 0.733902 517.524 -0.0494935 0.981149 0.186806 44.0448 -0.752359 0.0863879 -0.653064 -241.501
-0.657217 -0.174979 0.733109 519.534 -0.0504366 0.980707 0.188861 44.5244 -0.752011 0.0871471 -0.653364 -243.256
-0.657066 -0.175448 0.733132 521.492 -0.0506742 0.980619 0.189258 44.9928 -0.752126 0.0872043 -0.653223 -244.987
-0.658852 -0.174962 0.731643 523.453 -0.0508431 0.98071 0.188738 45.4827 -0.750551 0.0871515 -0.65504 -246.709
-0.656365 -0.175496 0.733748 525.404 -0.0524184 0.980826 0.187702 45.9586 -0.752619 0.0847394 -0.652981 -248.448
-0.656413 -0.176893 0.733369 527.362 -0.0516107 0.980373 0.190277 46.4466 -0.752633 0.0870508 -0.65266 -250.17
-0.65759 -0.178566 0.731908 529.298 -0.0535165 0.980122 0.191041 46.9137 -0.751471 0.0864581 -0.654076 -251.842
-0.656439 -0.179289 0.732764 531.299 -0.0545873 0.98009 0.190902 47.3952 -0.7524 0.0853166 -0.653158 -253.594
-0.656348 -0.178975 0.732922 533.25 -0.0538221 0.980087 0.191133 47.891 -0.752535 0.0860025 -0.652912 -255.316
-0.658056 -0.181333 0.730808 535.177 -0.055153 0.979569 0.193395 48.3635 -0.750945 0.0869591 -0.654614 -256.984
-0.656414 -0.184329 0.731535 537.183 -0.0557025 0.978885 0.196673 48.8714 -0.75234 0.0883511 -0.652823 -258.732
-0.657711 -0.184569 0.730308 539.13 -0.0577523 0.979019 0.195414 49.3578 -0.751051 0.0863495 -0.654572 -260.441
-0.656838 -0.18385 0.731274 541.096 -0.0585612 0.979328 0.193613 49.8568 -0.751752 0.0843487 -0.654028 -262.175
-0.656968 -0.183578 0.731226 543.047 -0.0577175 0.979301 0.194003 50.3482 -0.751705 0.0852493 -0.653966 -263.897
-0.6594 -0.187231 0.728105 545.005 -0.0581497 0.978292 0.198903 50.8592 -0.749539 0.088818 -0.655974 -265.636
-0.658077 -0.189046 0.728832 546.959 -0.0576101 0.977772 0.201599 51.3696 -0.750742 0.0906798 -0.654342 -267.366
-0.658592 -0.187769 0.728696 548.919 -0.0569287 0.978025 0.200564 51.8637 -0.750342 0.0906067 -0.654811 -269.109
-0.660395 -0.186746 0.727327 550.858 -0.0564128 0.978184 0.199934 52.3756 -0.748795 0.091005 -0.656523 -270.834
-0.658859 -0.186528 0.728774 552.82 -0.0556742 0.978205 0.200037 52.8876 -0.750201 0.0912223 -0.654886 -272.571
-0.659888 -0.186421 0.727869 554.742 -0.0540867 0.978004 0.201451 53.3885 -0.749413 0.0935673 -0.655458 -274.262
-0.658411 -0.186978 0.729064 556.722 -0.0526964 0.977726 0.203161 53.9092 -0.75081 0.0953449 -0.6536 -276.034
-0.657579 -0.188608 0.729394 558.684 -0.0532187 0.977366 0.20475 54.4326 -0.751502 0.0958224 -0.652735 -277.765
-0.658333 -0.189323 0.728528 560.638 -0.0544161 0.977291 0.204796 54.9624 -0.750755 0.0951806 -0.653687 -279.494
-0.655893 -0.191701 0.730106 562.598 -0.0570172 0.977033 0.205314 55.4907 -0.752696 0.0930358 -0.651761 -281.226
-0.65535 -0.193287 0.730175 564.54 -0.0588064 0.976826 0.205798 56.0137 -0.753031 0.0919312 -0.651531 -282.93
-0.65591 -0.195493 0.729084 566.469 -0.0610049 0.97645 0.206938 56.5333 -0.752368 0.0912556 -0.652391 -284.622
-0.654726 -0.196886 0.729773 568.449 -0.0615488 0.97616 0.20814 57.0668 -0.753354 0.0913586 -0.651237 -286.369
-0.656499 -0.197776 0.727937 570.397 -0.0629014 0.976008 0.208448 57.5893 -0.751698 0.0910578 -0.653191 -288.095
-0.656921 -0.195688 0.728121 572.364 -0.0611226 0.976374 0.207263 58.1197 -0.751476 0.0916509 -0.653363 -289.851
-0.656698 -0.195505 0.728372 574.324 -0.0601482 0.976314 0.207826 58.6454 -0.75175 0.0926691 -0.652904 -291.584
-0.655258 -0.197392 0.729159 576.24 -0.0600643 0.975814 0.210188 59.1848 -0.753012 0.0939312 -0.651267 -293.275
-0.654429 -0.196718 0.730085 578.207 -0.0589236 0.975895 0.210133 59.716 -0.753822 0.0944983 -0.650247 -295.011
-0.653551 -0.197015 0.730792 580.097 -0.0599754 0.975972 0.209477 60.2283 -0.754501 0.0930744 -0.649665 -296.687
-0.652419 -0.19778 0.731596 582.076 -0.0611849 0.975941 0.209274 60.7772 -0.755383 0.0917719 -0.648825 -298.418
-0.651942 -0.198361 0.731863 584.035 -0.0608038 0.975744 0.210298 61.3136 -0.755825 0.0926021 -0.648192 -300.122
-0.651147 -0.198867 0.732433 585.993 -0.0611792 0.975672 0.210522 61.8431 -0.75648 0.0922711 -0.647475 -301.838
-0.651382 -0.199527 0.732045 587.885 -0.0617223 0.975541 0.210973 62.3636 -0.756234 0.0922408 -0.647767 -303.501
-0.650104 -0.201245 0.732711 589.871 -0.0633026 0.975281 0.211703 62.9202 -0.757202 0.0912467 -0.646775 -305.24
-0.649914 -0.202313 0.732585 591.818 -0.0652334 0.97521 0.211446 63.4559 -0.757201 0.0896329 -0.647002 -306.923
-0.649525 -0.202148 0.732975 593.797 -0.0651722 0.975264 0.211216 64.0002 -0.75754 0.0894211 -0.646634 -308.648
-0.650319 -0.202225 0.73225 595.763 -0.0646222 0.975149 0.211915 64.5404 -0.756906 0.0904928 -0.647227 -310.365
-0.650004 -0.203308 0.732229 597.68 -0.0640402 0.974775 0.213803 65.0716 -0.757225 0.0920811 -0.64663 -312.055
-0.647745 -0.204719 0.733837 599.649 -0.0640505 0.974444 0.215305 65.6276 -0.759159 0.0924603 -0.644305 -313.77
-0.647365 -0.203204 0.734593 601.597 -0.0639469 0.974887 0.213321 66.1689 -0.759491 0.0911219 -0.644103 -315.462
-0.648462 -0.201127 0.734197 603.516 -0.0638638 0.975439 0.210807 66.6933 -0.758562 0.0898119 -0.645381 -317.115
-0.647971 -0.200245 0.734871 605.505 -0.063973 0.97572 0.209466 67.2418 -0.758972 0.0887165 -0.64505 -318.834
-0.647531 -0.201093 0.735027 607.403 -0.064116 0.97551 0.210402 67.7714 -0.759335 0.0891153 -0.644568 -320.482
-0.647614 -0.201853 0.734745 609.444 -0.0634476 0.975209 0.211991 68.3167 -0.75932 0.0906706 -0.644368 -322.23
-0.647623 -0.203204 0.734366 611.422 -0.0631242 0.974778 0.21406 68.8564 -0.75934 0.0922739 -0.644117 -323.945
-0.647516 -0.204066 0.734221 613.359 -0.0626709 0.974474 0.215571 69.3994 -0.759469 0.0935715 -0.643778 -325.622
-0.647711 -0.201465 0.734767 615.339 -0.0629087 0.975253 0.211948 69.9525 -0.759283 0.0910583 -0.644358 -327.352
-0.647082 -0.202054 0.735159 617.3 -0.0629347 0.975108 0.212608 70.4906 -0.759817 0.0913082 -0.643693 -329.043
-0.646819 -0.202599 0.735241 619.236 -0.0631843 0.974989 0.213078 71.0224 -0.76002 0.0913673 -0.643444 -330.714
-0.645314 -0.203176 0.736403 621.244 -0.0631814 0.974874 0.213605 71.5838 -0.761298 0.0913154 -0.641939 -332.455
-0.645158 -0.204045 0.7363 623.206 -0.0633777 0.974651 0.214565 72.1224 -0.761415 0.0917634 -0.641737 -334.142
-0.645524 -0.204444 0.735868 625.132 -0.0631313 0.974491 0.21536 72.6511 -0.761124 0.092564 -0.641966 -335.8
-0.644296 -0.20495 0.736802 627.154 -0.0626968 0.974334 0.216198 73.207 -0.7622 0.0931005 -0.640611 -337.534
-0.64408 -0.205105 0.736948 629.077 -0.0623542 0.974254 0.216655 73.7509 -0.762411 0.0935912 -0.640288 -339.176
-0.642875 -0.206274 0.737674 631.077 -0.0617113 0.973874 0.218542 74.3045 -0.763479 0.0949728 -0.63881 -340.889
-0.642641 -0.207046 0.737661 633.057 -0.0614734 0.973623 0.219721 74.8577 -0.763695 0.0958555 -0.63842 -342.58
-0.643155 -0.207012 0.737222 635.004 -0.0620159 0.973682 0.219307 75.3974 -0.763219 0.0953291 -0.639069 -344.246
-0.641842 -0.206645 0.738469 636.982 -0.0599979 0.973587 0.22029 75.9603 -0.764484 0.0970853 -0.637289 -345.953
-0.641902 -0.206974 0.738324 638.944 -0.0590812 0.973369 0.221499 76.5195 -0.764505 0.09856 -0.637038 -347.631
-0.641448 -0.20721 0.738652 640.869 -0.0581972 0.973201 0.222468 77.081 -0.764954 0.0997146 -0.636319 -349.271
-0.640375 -0.207866 0.739399 642.877 -0.0577098 0.972982 0.223552 77.6468 -0.765889 0.100487 -0.635071 -350.972
-0.640196 -0.207485 0.739661 644.794 -0.0567309 0.972975 0.223831 78.1946 -0.766112 0.101334 -0.634667 -352.604
-0.6399 -0.208866 0.739528 646.816 -0.0568479 0.972583 0.225499 78.7776 -0.76635 0.102256 -0.634232 -354.312
-0.640755 -0.209526 0.738601 648.746 -0.057168 0.972389 0.226252 79.3536 -0.765612 0.102748 -0.635043 -355.973
