1 0 0 0 0 1 0 0 0 0 1 0
0.997607 -0.000823127 0.0691323 0.116166 0.00113294 0.99999 -0.00444238 -0.0246792 -0.0691279 0.00451007 0.997598 0.523694
0.991352 -0.00231977 0.131208 0.272413 0.00397219 0.999916 -0.0123335 -0.0691686 -0.131169 0.0127481 0.991278 1.27132
0.984188 -0.00221094 0.177115 0.454745 0.00545878 0.999826 -0.0178523 -0.124881 -0.177044 0.0185369 0.984028 2.1247
0.974411 0.00228949 0.22476 0.675322 0.00278796 0.999748 -0.0222705 -0.192532 -0.224755 0.0223273 0.97416 3.02668
0.963069 0.000143979 0.269255 0.932114 0.00618144 0.999725 -0.0226443 -0.26059 -0.269184 0.0234724 0.962803 3.93674
0.949231 7.81899e-05 0.314578 1.23426 0.00807593 0.999664 -0.0246174 -0.329403 -0.314475 0.0259081 0.948912 4.85009
0.933182 -0.00167479 0.359401 1.58326 0.0125613 0.99953 -0.0279576 -0.392103 -0.359185 0.0306041 0.932764 5.76895
0.916308 -0.0038133 0.400455 1.97089 0.016715 0.999447 -0.0287296 -0.459318 -0.400125 0.0330188 0.915866 6.67201
0.896757 -0.00331163 0.44251 2.39913 0.0184104 0.999385 -0.0298299 -0.511415 -0.44214 0.0348969 0.896267 7.55767
0.875014 -0.00337113 0.484085 2.87186 0.0195823 0.999404 -0.0284365 -0.564495 -0.483701 0.0343619 0.874559 8.42884
0.85159 -0.00341169 0.524197 3.37854 0.0209148 0.999404 -0.0274729 -0.61371 -0.52379 0.0343591 0.851154 9.27541
0.825109 -0.00456902 0.564956 3.92727 0.0236692 0.999369 -0.0264861 -0.660334 -0.564478 0.035226 0.824696 10.0992
0.797699 -0.00480657 0.603036 4.51148 0.0255608 0.999339 -0.0258466 -0.707529 -0.602513 0.0360319 0.797295 10.8915
0.769295 -0.00543966 0.63887 5.13136 0.0277478 0.999305 -0.0249039 -0.753815 -0.638291 0.0368857 0.768911 11.6563
0.738207 -0.00524156 0.674554 5.78746 0.0296424 0.999256 -0.024675 -0.798292 -0.673923 0.0382107 0.737813 12.3936
0.706705 -0.00784373 0.707464 6.47435 0.0344537 0.999134 -0.0233393 -0.840832 -0.706669 0.0408688 0.706364 13.0973
0.673764 -0.00778078 0.738906 7.19044 0.0352494 0.999145 -0.0216207 -0.88011 -0.738106 0.0406132 0.673462 13.7677
0.638005 -0.0080224 0.76999 7.94046 0.0385358 0.999025 -0.0215216 -0.916283 -0.769067 0.0434031 0.637693 14.4044
0.600917 -0.00857595 0.799266 8.71937 0.0434154 0.998816 -0.0219242 -0.957509 -0.798132 0.0478751 0.600578 15.0059
0.563115 -0.00704938 0.826348 9.52053 0.0431292 0.998851 -0.0208695 -0.993064 -0.825252 0.0473917 0.562773 15.563
0.524401 -0.00585224 0.851451 10.3477 0.0464698 0.998683 -0.0217562 -1.02826 -0.850203 0.0509758 0.523982 16.0805
0.484409 -0.00464077 0.874829 11.2001 0.0512917 0.998416 -0.0231048 -1.06849 -0.873337 0.0560637 0.48388 16.5638
0.444389 -0.00370682 0.895826 12.0712 0.0530815 0.998343 -0.0222009 -1.10208 -0.89426 0.0574176 0.44385 17.0038
0.405029 -0.0053456 0.914288 12.9635 0.0588649 0.998061 -0.0202417 -1.13337 -0.912407 0.062018 0.404558 17.4094
0.367621 -0.00565297 0.929959 13.8737 0.0622135 0.997891 -0.0185277 -1.16212 -0.927893 0.0646671 0.367197 17.7771
0.330841 -0.00347695 0.94368 14.8021 0.0642376 0.997757 -0.0188446 -1.19018 -0.941498 0.0668543 0.330322 18.1134
0.297217 -0.00411355 0.954801 15.742 0.0645058 0.997792 -0.015781 -1.21512 -0.952629 0.0662806 0.296826 18.4167
0.2629 -0.00483842 0.964811 16.6999 0.0663043 0.997714 -0.0130637 -1.23575 -0.962542 0.0674055 0.26262 18.6822
0.230681 -0.00582582 0.973012 17.6667 0.0678537 0.997644 -0.0101134 -1.25675 -0.970661 0.0683554 0.230533 18.9176
0.197727 -0.00267856 0.980253 18.6484 0.0649476 0.997835 -0.010374 -1.27174 -0.978103 0.0657163 0.197473 19.1256
0.165711 -0.00108283 0.986174 19.6454 0.0645631 0.997866 -0.00975312 -1.28719 -0.984059 0.0652866 0.165427 19.3062
0.135198 -0.000533624 0.990819 20.654 0.065838 0.997795 -0.00844629 -1.29269 -0.988629 0.0663754 0.134935 19.455
0.104421 -0.000951644 0.994533 21.671 0.0676267 0.997692 -0.00614578 -1.30091 -0.992232 0.0678987 0.104244 19.5759
0.074021 -0.00144726 0.997256 22.6984 0.0673226 0.997725 -0.00354906 -1.30874 -0.994982 0.0674005 0.07395 19.6688
0.0443805 -0.00212481 0.999013 23.7381 0.0680117 0.997684 -0.000899394 -1.30991 -0.996697 0.0679845 0.0444222 19.7313
0.0166424 -0.00137245 0.999861 24.7898 0.0702506 0.997529 0.000199952 -1.31471 -0.997391 0.0702375 0.0166976 19.7589
-0.00779489 -0.00138103 0.999969 25.8527 0.0738788 0.997265 0.0019532 -1.31538 -0.997237 0.0738917 -0.00767162 19.7506
-0.0308036 -0.000721756 0.999525 26.9268 0.0779729 0.996951 0.00312289 -1.30823 -0.99648 0.0780321 -0.0306535 19.7171
-0.0521578 -0.000722543 0.998639 28.016 0.0836318 0.996484 0.00508898 -1.29885 -0.995131 0.0837834 -0.051914 19.6571
-0.0694763 -0.00141736 0.997583 29.1135 0.0876905 0.996119 0.00752246 -1.28793 -0.993722 0.0880012 -0.0690825 19.5775
-0.0855414 -0.00125915 0.996334 30.2281 0.0902915 0.995875 0.00901065 -1.2836 -0.992235 0.0907313 -0.0850749 19.479
-0.100665 -0.00258264 0.994917 31.3469 0.0927116 0.995621 0.011965 -1.27514 -0.990592 0.0934448 -0.0999854 19.362
-0.113453 -0.003926 0.993536 32.4722 0.0928817 0.995571 0.0145404 -1.26874 -0.989193 0.093931 -0.112586 19.2407
-0.126024 -0.00360352 0.992021 33.6076 0.0932197 0.995525 0.0154587 -1.26062 -0.987638 0.094424 -0.125125 19.1101
-0.137875 -0.000250635 0.99045 34.7468 0.0923429 0.995641 0.0131065 -1.25141 -0.986136 0.0932681 -0.137251 18.9551
-0.147746 0.0027752 0.989021 35.8934 0.0928651 0.995617 0.011079 -1.24712 -0.984656 0.0934824 -0.147356 18.786
-0.157657 0.004452 0.987484 37.0559 0.0929964 0.995612 0.0103588 -1.23369 -0.983106 0.0934655 -0.15738 18.6009
-0.164462 0.00491896 0.986371 38.2351 0.0925555 0.995652 0.0104669 -1.2214 -0.982032 0.0930155 -0.164202 18.4046
-0.170055 0.0052764 0.98542 39.4339 0.0923377 0.995671 0.0106035 -1.20941 -0.981099 0.0927946 -0.169806 18.1946
-0.175472 0.00712335 0.984459 40.6483 0.09324 0.995599 0.00941534 -1.19836 -0.98006 0.093443 -0.175364 17.9837
-0.179229 0.00831735 0.983772 41.8914 0.0925464 0.995672 0.00844266 -1.18979 -0.979445 0.0925577 -0.179223 17.7649
-0.183138 0.00875924 0.983048 43.1549 0.0927318 0.995655 0.00840396 -1.18308 -0.978704 0.0926989 -0.183154 17.5404
-0.186829 0.00793684 0.98236 44.4449 0.0931115 0.995609 0.00966442 -1.1773 -0.97797 0.0932747 -0.186748 17.3105
-0.18805 0.00622617 0.98214 45.7576 0.0932983 0.995571 0.0115525 -1.16293 -0.977718 0.0938044 -0.187798 17.0692
-0.190013 0.00588783 0.981764 47.0895 0.0937223 0.995524 0.0121689 -1.14828 -0.977298 0.0943254 -0.189714 16.8188
-0.192175 0.00531028 0.981346 48.4493 0.0954283 0.995347 0.0133015 -1.13734 -0.97671 0.0962044 -0.191788 16.5709
-0.192032 0.00605138 0.98137 49.8457 0.0954679 0.995353 0.0125433 -1.11213 -0.976735 0.0960981 -0.191717 16.3027
-0.19374 0.00652874 0.981031 51.2564 0.0974298 0.995162 0.0126183 -1.09128 -0.976203 0.0980263 -0.193439 16.0348
-0.192604 0.00703904 0.981251 52.6971 0.0971698 0.995196 0.0119338 -1.06343 -0.976454 0.0976465 -0.192363 15.7654
-0.191567 0.00836122 0.981444 54.1651 0.0963405 0.995295 0.0103254 -1.05659 -0.97674 0.0965308 -0.191471 15.4883
-0.190308 0.00853535 0.981687 55.644 0.0966908 0.995263 0.0100908 -1.03918 -0.976952 0.0968405 -0.190232 15.2243
-0.187498 0.00695984 0.98224 57.1429 0.0970482 0.995214 0.0114735 -1.01424 -0.97746 0.0974759 -0.187276 14.9454
-0.186989 0.00734282 0.982334 58.6441 0.0968863 0.995235 0.0110032 -1.00938 -0.977573 0.0972322 -0.186809 14.6434
-0.186266 0.0071089 0.982473 60.1899 0.0976938 0.995152 0.011321 -0.983062 -0.977631 0.0980903 -0.186058 14.3527
-0.182913 0.00713566 0.983103 61.7519 0.0986684 0.995058 0.0111354 -0.95633 -0.978166 0.0990381 -0.182713 14.0664
-0.18237 0.00853461 0.983193 63.3409 0.0988837 0.995052 0.00970416 -0.926143 -0.978245 0.0989915 -0.182312 13.7649
-0.177696 0.00689408 0.984061 64.978 0.0996933 0.994957 0.0110316 -0.901965 -0.979023 0.100065 -0.177487 13.4729
-0.175754 0.00509584 0.984421 66.6162 0.102924 0.994601 0.0132271 -0.869683 -0.979039 0.103645 -0.17533 13.1758
-0.175385 0.00724186 0.984473 68.262 0.102337 0.99469 0.0109145 -0.874386 -0.979167 0.102663 -0.175195 12.8877
-0.172497 0.00759858 0.984981 69.8935 0.105285 0.994384 0.0107671 -0.870866 -0.979368 0.105561 -0.172328 12.5935
-0.171059 0.00812721 0.985227 71.5409 0.105274 0.994392 0.0100752 -0.841107 -0.979621 0.105442 -0.170955 12.3001
-0.170822 0.00728849 0.985275 73.2006 0.105817 0.994325 0.0109906 -0.824614 -0.979604 0.106136 -0.170624 12.0277
-0.169012 0.00775324 0.985583 74.8854 0.106335 0.994276 0.0104131 -0.804825 -0.979862 0.106562 -0.168869 11.7505
-0.169435 0.00741063 0.985513 76.5677 0.108296 0.994056 0.011144 -0.798894 -0.979574 0.108615 -0.169231 11.4607
-0.167421 0.00661706 0.985863 78.2897 0.109659 0.993897 0.0119514 -0.780805 -0.979769 0.11011 -0.167125 11.1773
-0.167522 0.00717086 0.985842 80.0428 0.110251 0.993837 0.0115056 -0.796482 -0.979685 0.110617 -0.16728 10.8956
-0.168986 0.00808161 0.985585 81.7803 0.108893 0.993998 0.0105199 -0.782721 -0.979585 0.109101 -0.168852 10.6056
-0.168115 0.00808387 0.985734 83.5402 0.108161 0.99408 0.0102944 -0.77815 -0.979816 0.108349 -0.167994 10.3079
-0.168191 0.00787212 0.985723 85.3352 0.10767 0.994132 0.0104322 -0.766078 -0.979857 0.107888 -0.168052 10.0077
-0.168244 0.00593844 0.985728 87.1263 0.106389 0.99425 0.0121686 -0.756275 -0.979988 0.106918 -0.167908 9.69223
-0.167389 0.00482152 0.985879 88.9546 0.105091 0.994378 0.0129799 -0.756876 -0.980274 0.105779 -0.166955 9.38741
-0.167405 0.00434731 0.985879 90.7804 0.102484 0.994649 0.0130161 -0.732215 -0.980548 0.103216 -0.166955 9.07326
-0.16941 0.00454838 0.985535 92.6169 0.101988 0.994701 0.0129407 -0.71773 -0.980255 0.102705 -0.168977 8.77171
-0.170117 0.00549803 0.985409 94.4777 0.100972 0.994818 0.0118808 -0.695493 -0.980238 0.101519 -0.16979 8.45555
-0.175946 0.00597743 0.984382 96.3395 0.101172 0.994796 0.0120425 -0.68212 -0.979188 0.10171 -0.175635 8.1213
-0.179121 0.00575191 0.98381 98.2176 0.0998319 0.994927 0.0123594 -0.670885 -0.978749 0.100429 -0.178787 7.79893
-0.183505 0.00519856 0.983005 100.11 0.0988813 0.995012 0.0131968 -0.650142 -0.978033 0.0996225 -0.183104 7.4675
-0.189958 0.00551298 0.981777 102.012 0.0983039 0.995066 0.0134326 -0.621723 -0.976859 0.0990641 -0.189562 7.12118
-0.192555 0.00596909 0.981268 103.944 0.0980459 0.995094 0.0131864 -0.605157 -0.976376 0.0987484 -0.192196 6.75456
-0.196933 0.00701865 0.980392 105.86 0.0982271 0.995084 0.0126072 -0.594552 -0.975484 0.0987838 -0.196654 6.3839
-0.20316 0.00708463 0.97912 107.794 0.0976231 0.995138 0.0130556 -0.558357 -0.974267 0.0982371 -0.202864 5.99997
-0.206495 0.00622056 0.978428 109.739 0.0971539 0.995168 0.0141771 -0.532411 -0.973613 0.0979856 -0.206102 5.62001
-0.212409 0.00615738 0.977161 111.693 0.0953021 0.995343 0.0144442 -0.501179 -0.972523 0.0961937 -0.212007 5.21512
-0.215212 0.00412107 0.976559 113.653 0.0959278 0.995244 0.0169405 -0.470221 -0.971845 0.0973249 -0.214584 4.80634
-0.220352 0.00437821 0.975411 115.629 0.096109 0.995221 0.0172445 -0.45103 -0.970675 0.0975456 -0.21972 4.38366
-0.22752 0.00595874 0.973755 117.61 0.0972469 0.995121 0.0166324 -0.415092 -0.968906 0.0984789 -0.226989 3.95285
-0.229645 0.00636534 0.973253 119.586 0.097131 0.995136 0.0164102 -0.378132 -0.968416 0.0983016 -0.229147 3.52303
-0.23427 0.00575815 0.972154 121.577 0.0978222 0.995047 0.0176795 -0.350462 -0.967238 0.0992401 -0.233673 3.05717
-0.2401 0.0043492 0.970738 123.581 0.0977954 0.995011 0.0197305 -0.314309 -0.96581 0.0996711 -0.239328 2.58988
-0.243589 0.00491499 0.969866 125.587 0.0973644 0.995059 0.0194111 -0.271953 -0.96498 0.0991588 -0.242864 2.11461
-0.251303 0.00454968 0.967898 127.576 0.0973579 0.995036 0.0206006 -0.225899 -0.963 0.0994094 -0.250499 1.6122
-0.254466 0.0047552 0.96707 129.581 0.0980133 0.994966 0.0208979 -0.207126 -0.962103 0.100104 -0.253651 1.10661
-0.257676 0.00427287 0.966222 131.609 0.098136 0.994935 0.0217714 -0.200682 -0.961236 0.100431 -0.25679 0.580385
-0.263133 0.00545734 0.964744 133.636 0.0984627 0.994914 0.0212276 -0.189039 -0.959722 0.100577 -0.262333 0.0342839
-0.26361 0.00583904 0.964611 135.711 0.0976867 0.995002 0.0206729 -0.177867 -0.959671 0.0996793 -0.262864 -0.516163
-0.267513 0.00562429 0.963538 137.771 0.0955329 0.995211 0.0207142 -0.188228 -0.958807 0.0975909 -0.266769 -1.10593
-0.276115 0.00629287 0.961104 139.798 0.0944238 0.995319 0.02061 -0.188321 -0.956476 0.0964418 -0.275417 -1.72285
-0.279869 0.00685778 0.960014 141.86 0.0921664 0.995547 0.0197573 -0.180833 -0.955605 0.0940104 -0.279255 -2.34592
-0.286311 0.00783504 0.958104 143.912 0.0914506 0.995625 0.0191864 -0.156493 -0.953763 0.0931125 -0.285775 -2.96412
-0.289651 0.00703079 0.957106 145.978 0.0908047 0.995664 0.0201664 -0.141144 -0.952816 0.092751 -0.289034 -3.59344
-0.293277 0.00869878 0.955988 148.049 0.0902095 0.995749 0.0186138 -0.123164 -0.951763 0.0916981 -0.292815 -4.22714
-0.298641 0.0102153 0.954311 150.12 0.0905155 0.995738 0.017667 -0.102815 -0.950064 0.091656 -0.298293 -4.86848
-0.30064 0.00835478 0.953701 152.195 0.0885384 0.995888 0.019186 -0.0798311 -0.94962 0.0902073 -0.300143 -5.5102
-0.304369 0.00816898 0.952519 154.269 0.0882687 0.995903 0.0196644 -0.0509887 -0.948456 0.0900629 -0.303843 -6.16244
-0.309116 0.00939297 0.950978 156.366 0.089976 0.995755 0.0194115 -0.0156229 -0.946759 0.0915656 -0.308649 -6.81193
-0.310786 0.00982912 0.950429 158.46 0.0897134 0.995786 0.0190377 0.0204164 -0.946237 0.0911829 -0.310359 -7.47732
-0.313947 0.0122292 0.949362 160.563 0.0916326 0.995639 0.0174769 0.0521456 -0.945009 0.0924793 -0.313699 -8.14567
-0.318805 0.0133967 0.947725 162.657 0.091926 0.995623 0.0168491 0.0755259 -0.943352 0.0924922 -0.318642 -8.84947
-0.320968 0.0139564 0.946987 164.762 0.0926114 0.995562 0.016717 0.10711 -0.942552 0.0930674 -0.320836 -9.55028
-0.324748 0.0137459 0.9457 166.876 0.0923384 0.995578 0.0172376 0.124803 -0.941283 0.0929224 -0.324582 -10.2621
-0.326948 0.0132381 0.94495 169.011 0.0927124 0.995528 0.0181313 0.15999 -0.940484 0.0935365 -0.326713 -10.9804
-0.330601 0.0143755 0.943661 171.156 0.0938082 0.995433 0.0177005 0.189579 -0.939097 0.094375 -0.33044 -11.7145
-0.335223 0.0151312 0.942017 173.297 0.095551 0.995261 0.018016 0.213742 -0.937281 0.0960501 -0.33508 -12.4585
-0.336607 0.0154582 0.941518 175.449 0.0962978 0.995188 0.0180886 0.241735 -0.936709 0.0967549 -0.336476 -13.2155
-0.339898 0.0142121 0.940355 177.605 0.0952854 0.995261 0.0193997 0.271513 -0.935623 0.096196 -0.339641 -13.974
-0.345089 0.0154413 0.938443 179.761 0.0949357 0.995311 0.0185331 0.304491 -0.933757 0.0954873 -0.344936 -14.7346
-0.345326 0.0174322 0.938321 181.942 0.0943689 0.995405 0.0162374 0.334797 -0.933727 0.0941555 -0.345384 -15.5092
-0.349735 0.0182789 0.93667 184.124 0.0938164 0.995467 0.0156029 0.35083 -0.93214 0.0933319 -0.349864 -16.2948
-0.355173 0.0190924 0.934606 186.286 0.0933454 0.995519 0.0151368 0.388745 -0.930129 0.0926173 -0.355364 -17.1031
-0.356329 0.0198405 0.93415 188.426 0.0920025 0.995661 0.0139471 0.408294 -0.92982 0.0909139 -0.356609 -17.8949
-0.36204 0.0202203 0.931943 190.569 0.0925974 0.9956 0.0143707 0.427743 -0.927552 0.0914983 -0.36232 -18.7065
-0.364584 0.0193627 0.930969 192.724 0.0923407 0.995607 0.0154552 0.458864 -0.926581 0.0916011 -0.364771 -19.521
-0.36897 0.0188959 0.929249 194.886 0.092179 0.995608 0.0163555 0.49182 -0.924859 0.091692 -0.369092 -20.3523
-0.375021 0.0186145 0.92683 197.066 0.0932617 0.995483 0.0177429 0.517697 -0.922314 0.0930916 -0.375063 -21.2099
-0.377108 0.0173349 0.926007 199.245 0.0921551 0.995565 0.0188923 0.54815 -0.921574 0.0924607 -0.377034 -22.0698
-0.38131 0.0181754 0.924269 201.421 0.0921832 0.995571 0.0184529 0.583153 -0.91984 0.0922383 -0.381297 -22.9538
-0.385771 0.0188506 0.922402 203.625 0.0921741 0.995576 0.0182034 0.604226 -0.917979 0.0920439 -0.385802 -23.841
-0.387371 0.0194692 0.921718 205.83 0.092851 0.995517 0.0179945 0.636024 -0.917237 0.092553 -0.387443 -24.7433
-0.391911 0.0194293 0.919798 208.029 0.0937072 0.99542 0.0189005 0.664486 -0.915219 0.0935991 -0.391937 -25.6598
-0.392374 0.0192668 0.919604 210.244 0.0959425 0.995184 0.0200861 0.698826 -0.914789 0.0961104 -0.392333 -26.5936
-0.394604 0.0193898 0.918647 212.455 0.0959149 0.995184 0.020195 0.736086 -0.913832 0.096081 -0.394564 -27.5324
-0.399509 0.0196289 0.916519 214.658 0.0964074 0.995126 0.0207115 0.766044 -0.911646 0.0966336 -0.399455 -28.4869
-0.400608 0.0202839 0.916025 216.858 0.0954361 0.995241 0.0196994 0.80127 -0.911267 0.0953136 -0.400637 -29.4419
-0.403516 0.0206615 0.91474 219.047 0.0949362 0.995294 0.0193979 0.827414 -0.910035 0.0946693 -0.403579 -30.3999
-0.408988 0.021161 0.912295 221.25 0.0944451 0.995344 0.019253 0.849079 -0.90764 0.094036 -0.409082 -31.3715
-0.409849 0.0209747 0.911912 223.443 0.0931666 0.99547 0.0189761 0.886338 -0.907384 0.0927372 -0.409946 -32.3269
-0.413092 0.0216247 0.910433 225.637 0.0933652 0.995456 0.0187185 0.915312 -0.905892 0.0927352 -0.413234 -33.309
-0.418087 0.0209838 0.908165 227.837 0.0945326 0.99531 0.0205222 0.935306 -0.903476 0.0944313 -0.41811 -34.3095
-0.41965 0.0198506 0.907469 230.034 0.0941776 0.995317 0.0217792 0.969596 -0.902788 0.094603 -0.419554 -35.305
-0.4249 0.0195828 0.905029 232.235 0.0939244 0.995323 0.0225598 1.01817 -0.900355 0.0945899 -0.424752 -36.3131
-0.426913 0.0174807 0.904124 234.446 0.0917138 0.995494 0.0240585 1.05961 -0.899631 0.0931916 -0.426593 -37.3171
-0.430515 0.0179295 0.902406 236.653 0.0897325 0.995699 0.0230259 1.09151 -0.898113 0.0908881 -0.430272 -38.3301
-0.436302 0.0167348 0.899645 238.856 0.089062 0.99572 0.0246706 1.138 -0.895382 0.090888 -0.435926 -39.3579
-0.438629 0.0174852 0.898498 241.06 0.0888694 0.995754 0.0240064 1.18142 -0.894264 0.0903789 -0.438321 -40.4001
-0.442779 0.0181272 0.896448 243.263 0.0885251 0.995794 0.0235887 1.221 -0.892251 0.0898028 -0.442522 -41.4471
-0.448486 0.0164819 0.893638 245.453 0.0872884 0.995858 0.0254398 1.26322 -0.889518 0.0894137 -0.448067 -42.5149
-0.45062 0.0167093 0.89256 247.635 0.0866761 0.99592 0.0251153 1.31326 -0.888499 0.0886811 -0.45023 -43.591
-0.454549 0.0183633 0.890532 249.818 0.0872772 0.995894 0.0240124 1.356 -0.886436 0.088638 -0.454286 -44.6675
-0.459993 0.0181915 0.887736 251.993 0.0883963 0.995761 0.0253986 1.4019 -0.883512 0.0901558 -0.459652 -45.7693
-0.462926 0.0180554 0.886213 254.159 0.0879209 0.995797 0.0256386 1.44793 -0.882027 0.0897854 -0.462568 -46.8779
-0.468944 0.0180676 0.883043 256.324 0.0871064 0.995862 0.0258823 1.48763 -0.878923 0.0890561 -0.468578 -48.0027
-0.473019 0.0187179 0.880853 258.486 0.0870854 0.995871 0.0256029 1.53167 -0.876739 0.0888202 -0.472696 -49.1436
-0.478291 0.0197303 0.87798 260.645 0.0882741 0.995764 0.0257112 1.57949 -0.873755 0.0898003 -0.478007 -50.2997
-0.483951 0.0204231 0.874857 262.801 0.089682 0.995621 0.0263677 1.6273 -0.870489 0.0912196 -0.483664 -51.4731
-0.486686 0.0220785 0.873298 264.964 0.0913054 0.99549 0.0257163 1.66919 -0.868794 0.0922526 -0.486507 -52.651
-0.490895 0.0222706 0.870934 267.122 0.0927507 0.995328 0.0268267 1.71982 -0.866268 0.0939489 -0.490668 -53.845
-0.497467 0.0233126 0.867169 269.28 0.0946887 0.995125 0.0275674 1.76947 -0.8623 0.095825 -0.49725 -55.0615
-0.49797 0.0246254 0.866844 271.432 0.0955079 0.995073 0.0265976 1.82396 -0.86192 0.0960354 -0.497869 -56.2807
-0.50406 0.0236747 0.863344 273.597 0.0957696 0.994991 0.02863 1.87978 -0.858343 0.0971134 -0.503803 -57.5146
-0.505475 0.0238895 0.862511 275.754 0.0960006 0.994967 0.028703 1.94163 -0.857485 0.0973102 -0.505225 -58.7521
-0.509144 0.0234592 0.860362 277.895 0.0963882 0.994894 0.029913 2.01204 -0.855268 0.0981588 -0.508806 -59.9918
-0.513994 0.0241171 0.857455 280.037 0.097429 0.994777 0.0304234 2.08524 -0.852244 0.0991784 -0.513659 -61.2503
-0.515358 0.0248479 0.856615 282.183 0.0973249 0.994809 0.0296962 2.15408 -0.851431 0.0986741 -0.515102 -62.5155
-0.519873 0.0247884 0.853884 284.323 0.0960805 0.994933 0.0296139 2.21832 -0.848824 0.0974371 -0.519621 -63.7965
-0.524389 0.0239942 0.851141 286.463 0.0963834 0.994851 0.0313364 2.27733 -0.846007 0.0984683 -0.524002 -65.0856
-0.524887 0.0242221 0.850827 288.616 0.0977337 0.994699 0.0319753 2.34698 -0.845543 0.0999379 -0.524472 -66.396
-0.525905 0.0240417 0.850203 290.77 0.0989713 0.99454 0.0330969 2.42095 -0.844766 0.101552 -0.525413 -67.7026
-0.529639 0.025036 0.847854 292.916 0.0995419 0.994492 0.0328161 2.50008 -0.842363 0.101778 -0.529214 -69.0209
-0.530086 0.0242313 0.847598 295.073 0.0986969 0.99456 0.0332921 2.57469 -0.842182 0.101303 -0.529594 -70.3428
-0.534285 0.0231771 0.844987 297.23 0.0990279 0.994457 0.0353384 2.6558 -0.839485 0.102558 -0.533619 -71.6853
-0.534677 0.0230487 0.844742 299.386 0.0984022 0.994526 0.0351478 2.73244 -0.839309 0.101917 -0.534018 -73.0343
-0.53634 0.0228617 0.843693 301.553 0.0980548 0.994552 0.0353843 2.81738 -0.838288 0.101706 -0.535659 -74.38
-0.540534 0.0244366 0.840967 303.717 0.0967068 0.994757 0.0332531 2.89839 -0.835747 0.0993018 -0.540063 -75.7457
-0.541895 0.0240899 0.840101 305.885 0.0951703 0.994918 0.032859 2.98385 -0.835041 0.0977588 -0.541434 -77.1146
-0.546222 0.022084 0.83735 308.063 0.0935454 0.995007 0.0347797 3.07007 -0.832402 0.0973277 -0.545561 -78.4807
-0.552739 0.0191085 0.833135 310.259 0.0908607 0.995159 0.0374564 3.16155 -0.828387 0.0964029 -0.5518 -79.8825
-0.555339 0.0180752 0.831427 312.453 0.0900754 0.995189 0.038529 3.25807 -0.826732 0.0962879 -0.554296 -81.3031
-0.55887 0.0180291 0.829059 314.651 0.0909421 0.995066 0.039665 3.35455 -0.824254 0.097564 -0.557753 -82.7375
-0.564572 0.0191697 0.825161 316.851 0.0924401 0.994909 0.040134 3.44369 -0.820192 0.0989366 -0.56347 -84.1918
-0.565731 0.0199153 0.824349 319.046 0.0925536 0.994925 0.0394811 3.53699 -0.81938 0.0986323 -0.564703 -85.6742
-0.570027 0.0194049 0.821397 321.241 0.0935854 0.994748 0.0414455 3.63073 -0.816279 0.100496 -0.56885 -87.1514
-0.570735 0.0169273 0.82096 323.435 0.093547 0.994619 0.0445263 3.73382 -0.815789 0.102211 -0.569247 -88.6287
-0.574556 0.0155351 0.818318 325.626 0.0927087 0.99462 0.0462104 3.82832 -0.813199 0.102416 -0.572905 -90.1306
-0.580172 0.0148117 0.814359 327.812 0.0911509 0.994735 0.0468459 3.94015 -0.809379 0.101408 -0.578467 -91.6642
-0.579893 0.015731 0.814541 329.994 0.0935589 0.994485 0.0474009 4.06119 -0.809304 0.103695 -0.578167 -93.1824
-0.583121 0.0151139 0.812245 332.176 0.0948885 0.99425 0.049621 4.17582 -0.806826 0.106008 -0.581203 -94.7116
-0.588768 0.0137198 0.808186 334.366 0.0941705 0.994211 0.0517259 4.2853 -0.802799 0.106562 -0.586652 -96.2766
-0.588101 0.011822 0.808701 336.576 0.0929987 0.99425 0.0530958 4.40719 -0.803424 0.106434 -0.585819 -97.8465
-0.590398 0.00920783 0.80706 338.779 0.0934906 0.993984 0.0570518 4.56369 -0.80168 0.109136 -0.587708 -99.4179
-0.592975 0.0096301 0.805163 340.982 0.094124 0.993903 0.0574315 4.70472 -0.799702 0.109841 -0.590266 -101.007
-0.593244 0.00553475 0.805004 343.171 0.0913622 0.993979 0.0604949 4.85964 -0.799822 0.109435 -0.590178 -102.604
-0.595609 0.00403803 0.803264 345.356 0.0886594 0.994208 0.0607418 5.02222 -0.798367 0.107395 -0.592518 -104.196
-0.596725 0.00303744 0.80244 347.541 0.0858109 0.9945 0.0600477 5.18781 -0.797846 0.10469 -0.593704 -105.773
-0.599596 0.00137278 0.800302 349.722 0.0848759 0.994468 0.0618842 5.36987 -0.79579 0.105032 -0.596396 -107.352
-0.604583 -1.69519e-05 0.796542 351.873 0.0842858 0.994385 0.0639948 5.52709 -0.792071 0.105827 -0.601187 -108.953
-0.605726 -0.000733258 0.795673 354.023 0.0834781 0.994422 0.0644662 5.67795 -0.791283 0.10547 -0.602286 -110.563
-0.607897 -0.00166302 0.794014 356.164 0.0829426 0.994394 0.0655835 5.85165 -0.789673 0.105726 -0.604351 -112.168
-0.61124 -0.00255174 0.791441 358.3 0.0825299 0.994338 0.0669448 6.00932 -0.787131 0.106237 -0.607569 -113.778
-0.612674 -0.00571123 0.790315 360.438 0.0790539 0.994516 0.0684717 6.19511 -0.786373 0.104428 -0.608863 -115.393
-0.61509 -0.00640483 0.788431 362.569 0.0778529 0.994587 0.0688161 6.36502 -0.784605 0.10371 -0.611262 -117.027
-0.619824 -0.00783106 0.784702 364.68 0.0759898 0.994652 0.0699495 6.53566 -0.781054 0.102986 -0.615914 -118.64
-0.620615 -0.00911535 0.784063 366.807 0.0754551 0.994598 0.0712885 6.71744 -0.780478 0.103404 -0.616574 -120.274
-0.624103 -0.0114069 0.781259 368.92 0.0740768 0.994526 0.0736965 6.92191 -0.777823 0.103867 -0.619842 -121.919
-0.624251 -0.0129452 0.781117 371.047 0.0703671 0.994867 0.0727233 7.0995 -0.77805 0.100363 -0.620135 -123.579
-0.626252 -0.0162219 0.779452 373.185 0.0616988 0.995617 0.0702927 7.2695 -0.777176 0.0921122 -0.622506 -125.251
-0.631631 -0.0133528 0.775154 375.262 0.0553028 0.996529 0.0622294 7.44493 -0.773295 0.0821743 -0.6287 -126.885
-0.633564 -0.00538665 0.773672 377.276 0.0616704 0.996442 0.0574398 7.55374 -0.77123 0.0841045 -0.630978 -128.5
-0.635251 -0.00433846 0.772294 379.331 0.0684884 0.995728 0.0619289 7.65955 -0.769264 0.0922337 -0.63224 -130.18
-0.640225 -0.0112422 0.768105 381.362 0.0684658 0.995079 0.0716313 7.82508 -0.765131 0.0984492 -0.636305 -131.859
-0.642385 -0.0211145 0.766092 383.401 0.0640958 0.994638 0.0811594 8.01961 -0.763699 0.101239 -0.637587 -133.528
-0.647933 -0.0274654 0.761203 385.435 0.0570327 0.994795 0.0844398 8.2141 -0.75956 0.0981248 -0.642994 -135.233
-0.651215 -0.0277404 0.758387 387.456 0.0546006 0.995029 0.083281 8.39821 -0.756928 0.0956423 -0.646463 -136.937
-0.656111 -0.0231808 0.754309 389.463 0.0586197 0.994943 0.0815643 8.58405 -0.752385 0.0977326 -0.651434 -138.657
-0.660997 -0.0165462 0.750206 391.457 0.0636677 0.994915 0.0780402 8.76223 -0.747684 0.0993483 -0.656583 -140.383
-0.66401 -0.0128266 0.747614 393.441 0.0656736 0.994988 0.0754002 8.93553 -0.744836 0.0991651 -0.65984 -142.11
-0.669499 -0.0135391 0.74269 395.422 0.0646915 0.994972 0.0764544 9.1149 -0.739992 0.0992319 -0.665257 -143.845
-0.675055 -0.015086 0.737613 397.384 0.0646194 0.99474 0.0794838 9.30552 -0.734933 0.10132 -0.670529 -145.592
-0.678987 -0.0145196 0.734007 399.335 0.0656901 0.994593 0.0804404 9.49857 -0.731207 0.102835 -0.674362 -147.341
-0.682133 -0.0145578 0.731083 401.271 0.0661029 0.994481 0.0814797 9.69388 -0.728235 0.103907 -0.677406 -149.105
-0.686571 -0.0144617 0.726919 403.2 0.0666634 0.994339 0.0827452 9.89367 -0.724001 0.105269 -0.681721 -150.884
-0.688427 -0.0134388 0.725181 405.114 0.0664853 0.99445 0.0815444 10.0904 -0.722253 0.104351 -0.683713 -152.669
-0.692945 -0.0158649 0.720816 407.016 0.0660819 0.994152 0.0854077 10.2961 -0.717956 0.106816 -0.687845 -154.461
-0.695287 -0.0151672 0.718572 408.903 0.0680652 0.993895 0.0868381 10.5041 -0.715503 0.109287 -0.69001 -156.256
-0.69808 -0.0157352 0.715847 410.773 0.0701222 0.99345 0.0902191 10.7137 -0.712579 0.113177 -0.692405 -158.053
-0.702674 -0.0153602 0.711347 412.631 0.0690897 0.99357 0.0897017 10.9236 -0.708151 0.112178 -0.697094 -159.847
-0.705426 -0.015916 0.708605 414.464 0.0649054 0.994097 0.0869426 11.1385 -0.705806 0.107324 -0.700229 -161.639
-0.708389 -0.0177356 0.705599 416.285 0.0611658 0.994381 0.0864019 11.3488 -0.703168 0.104365 -0.703324 -163.42
-0.711385 -0.0174022 0.702587 418.089 0.0613925 0.994333 0.0867895 11.5536 -0.700117 0.104874 -0.706285 -165.213
-0.712399 -0.0180272 0.701544 419.905 0.0602142 0.994413 0.0866988 11.7574 -0.699188 0.104007 -0.707333 -167.021
-0.713781 -0.0191836 0.700106 421.745 0.058037 0.994567 0.0864227 11.9752 -0.697961 0.102319 -0.70879 -168.84
-0.715962 -0.0202509 0.697846 423.582 0.0565463 0.994613 0.0868771 12.1849 -0.695846 0.101661 -0.71096 -170.684
-0.716484 -0.0213697 0.697277 425.406 0.0576341 0.9943 0.0896944 12.3934 -0.69522 0.104452 -0.711169 -172.529
-0.718972 -0.0234238 0.694645 427.205 0.0584568 0.993853 0.0940172 12.5986 -0.692578 0.108202 -0.713183 -174.374
-0.718068 -0.0248883 0.695528 429.008 0.0634324 0.992861 0.101016 12.8239 -0.693077 0.116655 -0.711363 -176.215
-0.71714 -0.0276555 0.696381 430.796 0.0655333 0.992109 0.106887 13.0593 -0.693843 0.122289 -0.709669 -178.039
-0.716184 -0.0316365 0.697195 432.592 0.0601999 0.992448 0.106874 13.2983 -0.695312 0.118512 -0.708871 -179.864
-0.714125 -0.0360244 0.699091 434.422 0.0507942 0.993376 0.103076 13.5413 -0.698174 0.109119 -0.707565 -181.706
-0.712101 -0.0391118 0.700987 436.264 0.0457311 0.993743 0.101902 13.7838 -0.700587 0.104622 -0.705857 -183.56
-0.710834 -0.0421228 0.702097 438.11 0.0424921 0.99381 0.102645 14.0244 -0.702076 0.102797 -0.704645 -185.403
-0.70723 -0.0413288 0.705775 439.982 0.0447191 0.993676 0.102999 14.2591 -0.705569 0.104406 -0.700909 -187.255
-0.70446 -0.0425864 0.708465 441.856 0.0450927 0.993496 0.104558 14.5032 -0.708311 0.105603 -0.697958 -189.108
-0.704167 -0.0450054 0.708607 443.726 0.0411941 0.993719 0.104049 14.7351 -0.70884 0.102459 -0.69789 -190.941
-0.699714 -0.0485131 0.712774 445.624 0.0358374 0.994052 0.102838 14.9746 -0.713525 0.0975014 -0.693814 -192.768
-0.701053 -0.0534242 0.711106 447.518 0.0293424 0.994184 0.103619 15.2303 -0.712507 0.093508 -0.695408 -194.599
-0.697921 -0.0587303 0.713763 449.428 0.021612 0.994451 0.102958 15.4837 -0.71585 0.0872825 -0.692779 -196.416
-0.696275 -0.0627055 0.715031 451.328 0.0176741 0.994377 0.104414 15.7263 -0.717558 0.0853381 -0.691252 -198.242
-0.697496 -0.0650156 0.713634 453.221 0.0181523 0.993953 0.108296 15.9865 -0.71636 0.08849 -0.692098 -200.067
-0.695167 -0.0686928 0.715559 455.128 0.0165892 0.993626 0.111503 16.2552 -0.718659 0.0893838 -0.689596 -201.886
-0.69434 -0.070603 0.716176 457.042 0.0142376 0.993633 0.111759 16.5284 -0.719508 0.0877953 -0.688914 -203.702
-0.695714 -0.0719997 0.714702 458.94 0.0136746 0.993456 0.113393 16.8075 -0.71819 0.0886623 -0.690177 -205.505
-0.692001 -0.0747334 0.718019 460.842 0.010898 0.993432 0.113902 17.0914 -0.721816 0.0866455 -0.686642 -207.313
-0.690277 -0.0753323 0.719613 462.761 0.0102378 0.993449 0.113819 17.3544 -0.723474 0.085934 -0.684984 -209.118
-0.69362 -0.0739124 0.716539 464.66 0.0127784 0.993303 0.114831 17.6192 -0.720229 0.0888053 -0.688031 -210.938
-0.691002 -0.0728974 0.719168 466.555 0.0158792 0.993131 0.115925 17.8855 -0.722679 0.091524 -0.685099 -212.742
-0.691371 -0.072239 0.71888 468.467 0.0172728 0.993052 0.116402 18.1493 -0.722294 0.0928941 -0.68532 -214.557
-0.690095 -0.0744738 0.719877 470.382 0.0161609 0.992857 0.118207 18.418 -0.723539 0.0932079 -0.683963 -216.369
-0.688031 -0.0732338 0.721977 472.309 0.0177092 0.992904 0.117592 18.6925 -0.725466 0.0936925 -0.681852 -218.179
-0.689857 -0.0754463 0.720004 474.23 0.0162234 0.992694 0.119564 18.9721 -0.723764 0.0941634 -0.683594 -219.991
-0.687673 -0.0736005 0.722281 476.156 0.0171511 0.992924 0.117508 19.2538 -0.725819 0.0931953 -0.681545 -221.796
-0.687605 -0.0750353 0.722198 478.081 0.0150685 0.992957 0.117514 19.5361 -0.72593 0.0916854 -0.681632 -223.602
-0.68781 -0.0750252 0.722003 480.007 0.0170786 0.992696 0.119423 19.8254 -0.725691 0.0944715 -0.681506 -225.409
-0.686791 -0.0766073 0.722807 481.933 0.0170101 0.992464 0.12135 20.1198 -0.726657 0.095637 -0.680313 -227.212
-0.687716 -0.0786824 0.721704 483.852 0.0146826 0.992398 0.122185 20.4161 -0.725833 0.0946254 -0.681333 -229.015
-0.689478 -0.0796317 0.719917 485.759 0.0156473 0.992068 0.124721 20.729 -0.724139 0.0972571 -0.682763 -230.81
-0.688461 -0.0800743 0.72084 487.667 0.0142294 0.992204 0.123809 21.0216 -0.725135 0.0954949 -0.681955 -232.608
-0.690268 -0.0808977 0.719017 489.574 0.0136261 0.9921 0.124704 21.3179 -0.723426 0.0958766 -0.683713 -234.412
-0.688754 -0.0809781 0.720459 491.488 0.0144793 0.992008 0.125342 21.615 -0.724851 0.0967615 -0.682077 -236.21
-0.688535 -0.0835515 0.720374 493.403 0.0132476 0.991726 0.127686 21.9185 -0.725083 0.0974596 -0.681732 -238.007
-0.68938 -0.0846705 0.719435 495.315 0.0127538 0.991573 0.128919 22.2255 -0.724289 0.09805 -0.682491 -239.807
-0.688725 -0.0849629 0.720028 497.23 0.0121878 0.991613 0.128668 22.5317 -0.724921 0.0973923 -0.681913 -241.604
-0.689396 -0.0848888 0.719394 499.142 0.0123565 0.991587 0.128849 22.839 -0.72428 0.0977174 -0.682548 -243.403
-0.689635 -0.0847107 0.719186 501.054 0.0131331 0.991508 0.12938 23.1476 -0.724039 0.0986703 -0.682666 -245.203
-0.688889 -0.0857243 0.71978 502.966 0.0136416 0.991273 0.131115 23.461 -0.724739 0.100143 -0.681709 -246.999
-0.688643 -0.0859393 0.71999 504.878 0.0133611 0.991279 0.1311 23.7744 -0.724978 0.0999013 -0.68149 -248.795
-0.68798 -0.0862842 0.720582 506.792 0.012331 0.991374 0.130482 24.0863 -0.725626 0.0986548 -0.680982 -250.588
-0.688636 -0.0885226 0.719684 508.704 0.0113612 0.991081 0.132776 24.4044 -0.725019 0.0996109 -0.681489 -252.382
-0.687672 -0.0908783 0.720311 510.609 0.0106151 0.99077 0.135135 24.7266 -0.725945 0.100575 -0.680361 -254.161
-0.684276 -0.0925625 0.723325 512.52 0.0103963 0.990572 0.136597 25.055 -0.72915 0.10099 -0.676863 -255.93
-0.684581 -0.0938877 0.722865 514.429 0.0095297 0.990433 0.137665 25.3866 -0.728875 0.101132 -0.677138 -257.7
-0.685987 -0.094529 0.721447 516.33 0.00895324 0.990353 0.138276 25.719 -0.727559 0.101315 -0.678524 -259.478
-0.685675 -0.0942939 0.721775 518.231 0.0101433 0.99024 0.139003 26.0537 -0.727838 0.102632 -0.678027 -261.255
-0.684711 -0.0974236 0.722274 520.133 0.00815305 0.989939 0.141257 26.394 -0.72877 0.102609 -0.677029 -263.027
-0.686815 -0.0991652 0.720036 522.03 0.00627037 0.989803 0.142299 26.7369 -0.726806 0.102248 -0.679191 -264.804
-0.686559 -0.100327 0.720119 523.926 0.00654289 0.989541 0.1441 27.0853 -0.727045 0.103645 -0.678723 -266.581
-0.686836 -0.103678 0.719379 525.82 0.00527156 0.989037 0.147575 27.4429 -0.726794 0.105152 -0.678761 -268.357
-0.686744 -0.104683 0.719322 527.715 0.00563917 0.988778 0.149281 27.8043 -0.726878 0.106575 -0.678448 -270.132
-0.685026 -0.107342 0.720567 529.616 0.0039134 0.988529 0.150981 28.1732 -0.728509 0.106246 -0.676749 -271.901
-0.685649 -0.108998 0.719726 531.514 0.00163055 0.988493 0.151255 28.5439 -0.727932 0.104882 -0.677582 -273.672
-0.684328 -0.107476 0.72121 533.42 0.00144736 0.988875 0.148738 28.9144 -0.729173 0.102829 -0.676561 -275.441
-0.683172 -0.108251 0.722189 535.329 0.00129278 0.988771 0.149433 29.2867 -0.730257 0.103022 -0.675362 -277.207
-0.684709 -0.109742 0.720507 537.232 0.00238331 0.988256 0.152789 29.667 -0.728814 0.106333 -0.676407 -278.976
-0.684228 -0.111287 0.720727 539.139 0.00230832 0.987952 0.15474 30.0525 -0.729265 0.107541 -0.675729 -280.745
-0.683993 -0.110949 0.721002 541.049 0.0031956 0.987901 0.155051 30.4345 -0.729482 0.108358 -0.675364 -282.511
-0.687647 -0.111141 0.717488 542.943 0.001678 0.987968 0.154648 30.8217 -0.726044 0.107547 -0.679188 -284.286
-0.685318 -0.111043 0.719728 544.842 0.00320863 0.987836 0.155464 31.2079 -0.728237 0.108852 -0.676627 -286.056
-0.68733 -0.111166 0.717788 546.738 0.00298857 0.987777 0.155842 31.598 -0.72634 0.10926 -0.678597 -287.835
-0.684583 -0.112704 0.720169 548.642 0.00265904 0.987582 0.157081 31.993 -0.728931 0.10945 -0.675783 -289.615
-0.683401 -0.114948 0.720937 550.552 0.00114331 0.987356 0.15851 32.3947 -0.730043 0.10915 -0.674629 -291.389
-0.684505 -0.115339 0.719826 552.461 0.000377425 0.987348 0.158563 32.7967 -0.729009 0.108809 -0.675802 -293.164
-0.682305 -0.116327 0.721754 554.373 0.00115098 0.987087 0.16018 33.204 -0.731068 0.110122 -0.673361 -294.937
-0.681364 -0.118025 0.722366 556.291 6.09226e-05 0.986904 0.161305 33.6037 -0.731945 0.109952 -0.672435 -296.719
-0.683078 -0.120107 0.720402 558.2 -0.00195666 0.986682 0.162647 33.9996 -0.730344 0.109691 -0.674217 -298.494
-0.682547 -0.121455 0.720679 560.109 -0.00157708 0.986337 0.164732 34.401 -0.730841 0.111301 -0.673413 -300.267
-0.683386 -0.122147 0.719766 562.016 -0.0023007 0.986259 0.165188 34.8038 -0.730054 0.111231 -0.674278 -302.042
-0.681122 -0.12068 0.722156 563.926 4.04075e-05 0.986316 0.164862 35.2065 -0.73217 0.112321 -0.671798 -303.81
-0.681219 -0.121546 0.721919 565.837 0.000260612 0.98608 0.166268 35.6126 -0.732081 0.113453 -0.671705 -305.577
-0.681802 -0.123532 0.721031 567.743 0.000687138 0.98553 0.169497 36.0268 -0.731537 0.116059 -0.671852 -307.344
-0.681218 -0.124581 0.721403 569.651 0.00145013 0.985182 0.171503 36.4463 -0.73208 0.117877 -0.670944 -309.108
-0.682208 -0.125445 0.720316 571.551 0.000939967 0.98502 0.172435 36.8678 -0.731158 0.118313 -0.671872 -310.871
-0.681382 -0.125993 0.721003 573.453 0.000915456 0.984925 0.172978 37.2908 -0.731928 0.118524 -0.670995 -312.63
-0.68131 -0.126162 0.721041 575.355 0.0021523 0.984685 0.174326 37.7177 -0.731992 0.120322 -0.670606 -314.389
-0.68007 -0.127098 0.722046 577.262 0.00186818 0.984555 0.175065 38.1475 -0.733145 0.120406 -0.66933 -316.149
-0.681737 -0.128077 0.720299 579.158 0.00192509 0.984239 0.17683 38.5805 -0.731595 0.121939 -0.670747 -317.905
-0.67986 -0.128268 0.722037 581.063 0.00237378 0.984194 0.177075 39.0176 -0.733338 0.1221 -0.668811 -319.659
-0.679683 -0.129713 0.721946 582.968 0.000980543 0.984078 0.177733 39.4562 -0.733506 0.12151 -0.668734 -321.413
-0.678815 -0.13051 0.722619 584.875 0.000816682 0.983944 0.178474 39.8971 -0.73431 0.121741 -0.66781 -323.164
-0.679145 -0.131069 0.722207 586.778 0.00138567 0.983697 0.179829 40.3415 -0.734003 0.123131 -0.667892 -324.914
-0.679586 -0.131658 0.721684 588.68 0.00223457 0.983387 0.181505 40.7901 -0.733592 0.124961 -0.668003 -326.664
-0.676651 -0.13254 0.724276 590.594 0.00240284 0.983262 0.182179 41.2456 -0.736301 0.125012 -0.665008 -328.408
-0.675964 -0.133447 0.724751 592.509 0.000761951 0.98334 0.181771 41.6965 -0.736935 0.123423 -0.664602 -330.15
-0.677685 -0.13274 0.723273 594.418 0.00257647 0.983138 0.182846 42.1499 -0.735348 0.125776 -0.665917 -331.894
-0.676665 -0.132562 0.72426 596.329 0.00153201 0.983403 0.181425 42.5992 -0.73629 0.123874 -0.665232 -333.635
-0.677596 -0.133338 0.723245 598.236 0.00231706 0.983034 0.183404 43.0542 -0.735431 0.12595 -0.665793 -335.377
-0.676423 -0.134365 0.724153 600.145 0.00361529 0.9826 0.185696 43.515 -0.736505 0.128227 -0.664169 -337.115
-0.675875 -0.135833 0.724391 602.055 0.00474546 0.982047 0.188574 43.9833 -0.737002 0.13089 -0.663097 -338.85
-0.676429 -0.137177 0.72362 603.963 0.00394908 0.981812 0.189814 44.4548 -0.736497 0.131254 -0.663586 -340.586
-0.675002 -0.135017 0.725357 605.876 0.00709966 0.981879 0.189373 44.9252 -0.737783 0.132977 -0.661812 -342.318
-0.675018 -0.136458 0.725072 607.788 0.006122 0.981677 0.19045 45.3971 -0.737776 0.132996 -0.661816 -344.047
-0.674091 -0.137159 0.725802 609.7 0.0058936 0.981578 0.190968 45.872 -0.738626 0.133008 -0.660865 -345.775
-0.67266 -0.138483 0.726878 611.616 0.0053804 0.981389 0.191951 46.3488 -0.739933 0.133029 -0.659397 -347.499
-0.6715 -0.139365 0.72778 613.535 0.00582507 0.981131 0.193255 46.8294 -0.740982 0.13401 -0.658019 -349.219
-0.672637 -0.139932 0.726621 615.45 0.00679004 0.980748 0.195157 47.3128 -0.739942 0.136204 -0.658739 -350.939
-0.669816 -0.140689 0.729077 617.374 0.00669818 0.9807 0.195399 47.7958 -0.742497 0.135765 -0.655948 -352.655
-0.670124 -0.140723 0.728787 619.295 0.00682367 0.980654 0.19563 48.2793 -0.742218 0.13607 -0.6562 -354.369
-0.668635 -0.142162 0.729874 621.221 0.00736694 0.980239 0.197676 48.7678 -0.743554 0.13755 -0.654377 -356.08
-0.667913 -0.144159 0.730144 623.148 0.00783592 0.979644 0.200589 49.2642 -0.744199 0.139697 -0.653188 -357.788
-0.668453 -0.14388 0.729705 625.072 0.00818619 0.979627 0.200657 49.7606 -0.74371 0.140104 -0.653657 -359.497
-0.66706 -0.141326 0.731476 627.001 0.00996453 0.980062 0.198441 50.2509 -0.744938 0.139661 -0.652353 -361.203
-0.665932 -0.1426 0.732257 628.932 0.00971902 0.979819 0.199649 50.7441 -0.74595 0.14007 -0.651108 -362.905
-0.664508 -0.145984 0.732883 630.865 0.00867449 0.97916 0.202905 51.2457 -0.747232 0.141189 -0.649394 -364.603
-0.663151 -0.148022 0.733703 632.8 0.0100143 0.978407 0.206441 51.7568 -0.748419 0.144249 -0.647351 -366.295
-0.664736 -0.149172 0.732034 634.724 0.00976367 0.978044 0.20817 52.2718 -0.747015 0.145526 -0.648685 -367.988
-0.661059 -0.149178 0.735355 636.669 0.0100718 0.978184 0.207494 52.7868 -0.750267 0.144572 -0.645136 -369.683
-0.66162 -0.15041 0.734599 638.606 0.0106711 0.977687 0.209794 53.3046 -0.749764 0.146643 -0.645254 -371.372
-0.662452 -0.149788 0.733976 640.541 0.0120963 0.977538 0.210411 53.8226 -0.749007 0.148265 -0.645761 -373.055
-0.660678 -0.151026 0.73532 642.48 0.0104241 0.977612 0.210156 54.3399 -0.750598 0.146511 -0.644313 -374.733
