1 0 0 0 0 1 0 0 0 0 1 0
0.99904 -0.000608512 0.04381 0.0280576 0.00066829 0.999999 -0.00134986 -0.0215595 -0.0438091 0.00137784 0.999039 0.997723
0.995871 -0.00349987 0.0907075 0.112067 0.00424693 0.999959 -0.00804429 -0.0584987 -0.0906755 0.0083963 0.995845 2.02052
0.990793 -0.00378484 0.135336 0.240599 0.00538689 0.99992 -0.0114734 -0.0824967 -0.135281 0.0120968 0.990733 2.98322
0.983139 0.000447415 0.182859 0.392444 0.00241957 0.999878 -0.0154553 -0.144937 -0.182843 0.0156371 0.983018 3.98559
0.973719 -0.00156601 0.227749 0.600284 0.00493404 0.999887 -0.0142198 -0.172104 -0.227701 0.0149698 0.973616 4.94071
0.961903 -0.00162414 0.273385 0.85678 0.00562126 0.999889 -0.0138382 -0.189614 -0.273332 0.0148478 0.961805 5.89091
0.947709 -0.00342436 0.319117 1.16896 0.00875495 0.999845 -0.0152713 -0.197768 -0.319015 0.0172666 0.947592 6.85254
0.93282 -0.00395862 0.360321 1.50483 0.0100675 0.999836 -0.0150787 -0.23398 -0.360202 0.0176932 0.932707 7.74897
0.915125 -0.00390219 0.403152 1.89067 0.0106109 0.99984 -0.0144084 -0.204462 -0.403031 0.0174633 0.91502 8.65501
0.894733 -0.00450797 0.446578 2.32631 0.0115202 0.999849 -0.0129881 -0.231237 -0.446452 0.0167656 0.89465 9.56001
0.873056 -0.00436731 0.4876 2.77581 0.0116269 0.999862 -0.0118627 -0.26394 -0.487481 0.0160261 0.872986 10.4173
0.848002 -0.00452857 0.529974 3.28874 0.0120794 0.999869 -0.0107843 -0.275574 -0.529856 0.0155469 0.847945 11.2686
0.822618 -0.0047487 0.568575 3.82117 0.01253 0.999874 -0.00977765 -0.295667 -0.568457 0.0151675 0.822573 12.0669
0.795112 -0.00543067 0.606439 4.39378 0.0137622 0.999864 -0.00908999 -0.334561 -0.606307 0.0155735 0.795078 12.8432
0.765178 -0.00541956 0.643796 5.01602 0.01417 0.999864 -0.00842462 -0.322369 -0.643663 0.0155689 0.765151 13.6099
0.734968 -0.00623353 0.678073 5.64802 0.0156413 0.999848 -0.00776206 -0.379774 -0.677922 0.0163108 0.734953 14.3137
0.702455 -0.00641941 0.7117 6.32317 0.0162137 0.999844 -0.00698466 -0.377679 -0.711544 0.0164457 0.702449 15.0036
0.667806 -0.00672706 0.744305 7.04974 0.0184434 0.999802 -0.00751158 -0.374893 -0.744107 0.0187438 0.667797 15.6584
0.631618 -0.00723039 0.775246 7.7876 0.0215422 0.999734 -0.00822699 -0.427396 -0.77498 0.0218968 0.631606 16.2838
0.594733 -0.00765677 0.803887 8.55484 0.0225932 0.999719 -0.00719297 -0.42847 -0.803606 0.0224403 0.594739 16.8506
0.557339 -0.00460961 0.830272 9.33314 0.0236984 0.999666 -0.010358 -0.452303 -0.829947 0.025449 0.557262 17.3894
0.518332 -0.00236233 0.855176 10.1342 0.0257451 0.999586 -0.0128432 -0.498087 -0.854792 0.0286736 0.518178 17.8961
0.478899 -0.00148238 0.877869 10.9742 0.0279181 0.999519 -0.0135422 -0.508112 -0.877426 0.0309937 0.478709 18.3728
0.4399 -0.00451875 0.898035 11.8369 0.0332271 0.999385 -0.0112475 -0.528109 -0.897432 0.0347869 0.43978 18.8173
0.402395 -0.00575684 0.915448 12.7205 0.0356108 0.999322 -0.00936886 -0.573525 -0.914773 0.0363698 0.402328 19.2105
0.366444 -0.00624216 0.930419 13.6299 0.0364619 0.999306 -0.00765614 -0.588851 -0.929725 0.0367304 0.366417 19.5737
0.332633 -0.00688877 0.943031 14.5636 0.0367129 0.99931 -0.00564976 -0.603962 -0.942342 0.0365007 0.332656 19.9054
0.29839 -0.00797449 0.954411 15.5297 0.0381317 0.999266 -0.00357234 -0.613929 -0.953682 0.0374593 0.298475 20.2005
0.265627 -0.00858777 0.964038 16.4831 0.0386923 0.99925 -0.0017597 -0.628186 -0.963299 0.0377683 0.26576 20.4802
0.232544 -0.00568077 0.972569 17.4753 0.0361058 0.999344 -0.00279586 -0.619965 -0.971915 0.0357655 0.232597 20.7261
0.200816 -0.00556919 0.979613 18.4629 0.0357355 0.99936 -0.00164415 -0.627 -0.978977 0.0353372 0.200886 20.9332
0.170423 -0.00481437 0.985359 19.4629 0.0375219 0.999295 -0.00160716 -0.608997 -0.984656 0.0372465 0.170484 21.1172
0.139208 -0.0058673 0.990246 20.4874 0.0384304 0.999261 0.00051821 -0.625719 -0.989517 0.0379834 0.13933 21.2746
0.10807 -0.00670698 0.994121 21.5275 0.0376976 0.999286 0.00264375 -0.630482 -0.993428 0.0371903 0.108246 21.4014
0.0785118 -0.00750118 0.996885 22.5804 0.0383127 0.999256 0.00450162 -0.62505 -0.996177 0.0378399 0.0787407 21.4963
0.0502395 -0.00758916 0.998708 23.6514 0.0396946 0.999196 0.00559604 -0.636686 -0.997948 0.0393622 0.0505004 21.5603
0.0259226 -0.00824666 0.99963 24.72 0.0400175 0.999173 0.00720515 -0.655753 -0.998863 0.0398159 0.0262312 21.5922
0.00274104 -0.00686157 0.999973 25.8074 0.0445765 0.998983 0.00673258 -0.635616 -0.999002 0.0445568 0.00304413 21.5974
-0.0187169 -0.00721131 0.999799 26.9266 0.0505958 0.998686 0.00815046 -0.641347 -0.998544 0.0507382 -0.0183274 21.5796
-0.0359273 -0.00885219 0.999315 28.0458 0.0555998 0.998394 0.0108429 -0.620945 -0.997807 0.0559513 -0.0353774 21.5365
-0.0515536 -0.00960016 0.998624 29.1685 0.0558927 0.998359 0.012483 -0.622013 -0.997105 0.0564593 -0.0509324 21.4933
-0.0667129 -0.010563 0.997716 30.299 0.0561714 0.998318 0.0143253 -0.619616 -0.99619 0.0569988 -0.0660073 21.4259
-0.079666 -0.0120119 0.996749 31.4428 0.0560827 0.998289 0.0165129 -0.619529 -0.995243 0.0572159 -0.078856 21.3618
-0.0918623 -0.012443 0.995694 32.5929 0.0557455 0.998289 0.0176184 -0.615247 -0.99421 0.057124 -0.0910115 21.2674
-0.10387 -0.0104212 0.994536 33.7563 0.0549514 0.998357 0.0162004 -0.60636 -0.993072 0.0563339 -0.103127 21.1534
-0.113305 -0.0103437 0.993507 34.9211 0.0546491 0.998367 0.0166267 -0.593503 -0.992056 0.0561782 -0.112554 21.0282
-0.123618 -0.00985791 0.992281 36.1272 0.0543448 0.998383 0.0166888 -0.577147 -0.990841 0.0559884 -0.122882 20.8908
-0.130274 -0.00976091 0.99143 37.3462 0.0539909 0.998398 0.0169239 -0.553056 -0.990007 0.055733 -0.129538 20.734
-0.135933 -0.00947234 0.990673 38.5915 0.0536872 0.998415 0.0169129 -0.533853 -0.989262 0.0554855 -0.135209 20.559
-0.141661 -0.00786965 0.989884 39.8539 0.0543366 0.998399 0.0157134 -0.518018 -0.988423 0.0560129 -0.141006 20.3929
-0.145171 -0.00744196 0.989379 41.132 0.053998 0.998422 0.0154331 -0.492372 -0.987932 0.0556649 -0.14454 20.2075
-0.149273 -0.0071003 0.988771 42.4638 0.0540661 0.99842 0.0153319 -0.477549 -0.987317 0.0557476 -0.148653 20.022
-0.153359 -0.00762369 0.988141 43.7998 0.0540074 0.998411 0.0160849 -0.455231 -0.986694 0.0558337 -0.152704 19.8256
-0.154798 -0.00907567 0.987904 45.161 0.0541564 0.998376 0.0176578 -0.421655 -0.986461 0.0562347 -0.154055 19.6218
-0.156838 -0.0097308 0.987576 46.5469 0.0543826 0.998349 0.0184735 -0.406984 -0.986126 0.0566043 -0.15605 19.4069
-0.159359 -0.0108818 0.987161 47.9604 0.056374 0.998207 0.0201041 -0.394079 -0.98561 0.058854 -0.15846 19.2073
-0.159009 -0.0110344 0.987216 49.37 0.0562245 0.998213 0.0202133 -0.355265 -0.985675 0.0587198 -0.158104 18.9766
-0.16074 -0.0104539 0.986942 50.8025 0.0579094 0.998121 0.0200038 -0.33681 -0.985297 0.0603686 -0.159832 18.7506
-0.159494 -0.0100386 0.987148 52.2645 0.057563 0.998152 0.019451 -0.308599 -0.985519 0.0599255 -0.158621 18.5166
-0.158522 -0.0088555 0.987316 53.7564 0.0566128 0.998233 0.0180431 -0.305102 -0.985731 0.0587549 -0.157741 18.2893
-0.158505 -0.00926224 0.987315 55.2352 0.0566761 0.998222 0.0184634 -0.277079 -0.98573 0.0588837 -0.157698 18.0625
-0.155915 -0.0104046 0.987716 56.7662 0.0567213 0.9982 0.0194688 -0.242434 -0.986141 0.05906 -0.155045 17.8295
-0.155617 -0.0102389 0.987764 58.2858 0.0566629 0.998207 0.0192741 -0.234438 -0.986191 0.058969 -0.154758 17.5744
-0.156258 -0.0103884 0.987662 59.8315 0.056456 0.998216 0.0194314 -0.204452 -0.986102 0.0587958 -0.155393 17.3322
-0.153429 -0.0106748 0.988102 61.4168 0.0575127 0.99815 0.0197137 -0.179006 -0.986485 0.0598531 -0.152531 17.095
-0.154229 -0.0107213 0.987977 63.0019 0.0574303 0.998153 0.019797 -0.139977 -0.986365 0.0597931 -0.153328 16.8513
-0.151985 -0.0123524 0.988306 64.6351 0.0585322 0.998054 0.0214755 -0.0975649 -0.986648 0.0611116 -0.150966 16.6048
-0.150995 -0.0135704 0.988441 66.2759 0.0610701 0.997868 0.0230289 -0.0714858 -0.986647 0.0638414 -0.149844 16.3589
-0.150997 -0.0121376 0.98846 67.908 0.0608925 0.997911 0.0215556 -0.0565149 -0.986657 0.0634446 -0.149943 16.1132
-0.149115 -0.0117283 0.988751 69.5717 0.0618684 0.99786 0.0211668 -0.0258725 -0.986883 0.0643287 -0.14807 15.8632
-0.148163 -0.011265 0.988899 71.2477 0.0620065 0.997862 0.0206573 0.0207822 -0.987018 0.0643788 -0.147148 15.6308
-0.148289 -0.0121857 0.988869 72.9243 0.062765 0.997792 0.0217078 0.0474725 -0.986951 0.0652854 -0.147197 15.3979
-0.147107 -0.0115207 0.989054 74.6629 0.0632504 0.997776 0.0210298 0.0945015 -0.987096 0.0656516 -0.146051 15.1421
-0.147736 -0.0121436 0.988953 76.3556 0.0652954 0.997623 0.0220043 0.107529 -0.986869 0.0678249 -0.146592 14.8901
-0.146376 -0.0129345 0.989145 78.1234 0.0664445 0.997528 0.0228767 0.155235 -0.986995 0.0690718 -0.145155 14.6415
-0.146472 -0.0127901 0.989132 79.8722 0.0668552 0.997502 0.0227983 0.178316 -0.986953 0.069468 -0.145251 14.3851
-0.148015 -0.0121212 0.988911 81.6231 0.0663085 0.997553 0.0221519 0.216957 -0.98676 0.068852 -0.146849 14.1407
-0.147931 -0.0117296 0.988928 83.4169 0.0656435 0.997608 0.021652 0.25624 -0.986817 0.0681198 -0.146807 13.8755
-0.147801 -0.0119013 0.988946 85.2442 0.0655456 0.997611 0.0218016 0.287764 -0.986843 0.0680434 -0.146668 13.6053
-0.15011 -0.0122938 0.988593 87.0481 0.0647269 0.997655 0.0222347 0.323225 -0.986548 0.0673262 -0.148962 13.353
-0.149758 -0.0129965 0.988637 88.8758 0.0644343 0.99766 0.0228756 0.350623 -0.986621 0.067128 -0.148571 13.076
-0.150126 -0.013326 0.988577 90.714 0.06241 0.997787 0.0229277 0.397791 -0.986695 0.0651391 -0.148962 12.8062
-0.152543 -0.0131955 0.988209 92.5586 0.0618731 0.997822 0.0228748 0.420638 -0.986358 0.064633 -0.151394 12.5377
-0.153403 -0.0121335 0.988089 94.4495 0.0607649 0.997917 0.0216881 0.470115 -0.986294 0.0633682 -0.152347 12.2527
-0.1593 -0.0118338 0.987159 96.3153 0.0609846 0.997901 0.0218038 0.497995 -0.985345 0.0636749 -0.158244 11.9595
-0.162067 -0.0124315 0.986701 98.2091 0.060011 0.997946 0.02243 0.537869 -0.984953 0.0628481 -0.160989 11.6617
-0.166461 -0.0129561 0.985963 100.127 0.0590752 0.997987 0.0230877 0.584548 -0.984277 0.0620892 -0.16536 11.3666
-0.172562 -0.0127696 0.984916 102.039 0.0582566 0.998033 0.0231465 0.625232 -0.983275 0.0613721 -0.171479 11.0469
-0.175688 -0.0120127 0.984373 103.96 0.058203 0.99805 0.0225675 0.660991 -0.982724 0.0612583 -0.174646 10.716
-0.180128 -0.0110809 0.983581 105.881 0.0581008 0.998071 0.0218845 0.699224 -0.981926 0.0610889 -0.179137 10.3789
-0.18654 -0.0110164 0.982386 107.824 0.0573438 0.99811 0.0220815 0.747349 -0.980772 0.0604529 -0.185556 10.0297
-0.189852 -0.0119362 0.98174 109.782 0.0569476 0.998109 0.0231479 0.786208 -0.98016 0.0603024 -0.188813 9.67978
-0.195876 -0.0119253 0.980556 111.75 0.0550308 0.998217 0.023133 0.833843 -0.979084 0.0584921 -0.19487 9.30757
-0.198953 -0.0137496 0.979913 113.723 0.0555049 0.998139 0.0252746 0.880599 -0.978436 0.0594185 -0.19782 8.92693
-0.204233 -0.0137028 0.978826 115.703 0.0555314 0.99813 0.0255597 0.91158 -0.977346 0.0595758 -0.20309 8.53725
-0.211227 -0.0116593 0.977367 117.69 0.0574128 0.998055 0.024314 0.956677 -0.97575 0.0612493 -0.210147 8.13433
-0.215231 -0.0116194 0.976494 119.689 0.0564985 0.998106 0.0243296 1.00916 -0.974928 0.060407 -0.214167 7.71559
-0.219517 -0.0127239 0.975526 121.703 0.0570957 0.998034 0.0258654 1.04397 -0.973937 0.0613762 -0.218358 7.27467
-0.226464 -0.0133322 0.973928 123.696 0.0564037 0.998049 0.0267778 1.08546 -0.972385 0.0609974 -0.225271 6.83403
-0.22947 -0.013158 0.973227 125.707 0.0559793 0.998075 0.0266929 1.14402 -0.971705 0.0606058 -0.228292 6.37749
-0.237068 -0.0134748 0.9714 127.693 0.0559479 0.998055 0.0274985 1.20597 -0.969881 0.0608668 -0.235853 5.9075
-0.24001 -0.0128918 0.970685 129.704 0.0570625 0.997996 0.0273637 1.22827 -0.969092 0.0619573 -0.238793 5.42164
-0.24398 -0.0134754 0.969687 131.72 0.0580354 0.997909 0.0284697 1.27619 -0.968042 0.0632222 -0.242688 4.92951
-0.249369 -0.0121676 0.968332 133.746 0.0583558 0.997915 0.0275674 1.29697 -0.966649 0.0633822 -0.248139 4.40814
-0.2498 -0.0122504 0.96822 135.8 0.0576531 0.997958 0.0275012 1.33547 -0.96658 0.0626907 -0.248584 3.90371
-0.253421 -0.0125844 0.967274 137.847 0.0560756 0.998043 0.0276763 1.37281 -0.96573 0.0612543 -0.252219 3.39034
-0.260577 -0.01196 0.965379 139.864 0.0547418 0.998132 0.0271417 1.40017 -0.9639 0.0599191 -0.259435 2.84397
-0.263241 -0.0124538 0.96465 141.977 0.0528865 0.998227 0.0273193 1.43888 -0.963279 0.0582085 -0.262116 2.30216
-0.270265 -0.0133535 0.962693 144.008 0.0521626 0.998232 0.0284905 1.49713 -0.961372 0.0579166 -0.269091 1.75061
-0.273387 -0.0140461 0.961802 146.103 0.0511504 0.998267 0.0291179 1.50607 -0.960543 0.057157 -0.272194 1.17345
-0.277959 -0.0127915 0.960508 148.188 0.05162 0.998268 0.0282325 1.56572 -0.959205 0.057429 -0.276817 0.592167
-0.28397 -0.0131607 0.958743 150.262 0.051663 0.998243 0.029005 1.60542 -0.95744 0.0577681 -0.282791 -0.00332099
-0.287026 -0.0141357 0.957819 152.357 0.0510995 0.998242 0.030045 1.66516 -0.956559 0.0575678 -0.285799 -0.617974
-0.291195 -0.0144295 0.956555 154.453 0.0513077 0.998212 0.0306769 1.72014 -0.955287 0.0580116 -0.289934 -1.23644
-0.296582 -0.0136152 0.95491 156.565 0.0525124 0.998153 0.0305414 1.77191 -0.953563 0.0592027 -0.29532 -1.8626
-0.298236 -0.0135677 0.954396 158.667 0.0523954 0.998159 0.0305627 1.83001 -0.953053 0.0591209 -0.296976 -2.49912
-0.301685 -0.0114841 0.953338 160.783 0.0540651 0.998113 0.0291325 1.89012 -0.951873 0.0603312 -0.300495 -3.13638
-0.307173 -0.0108873 0.951592 162.905 0.0541855 0.998113 0.0289106 1.94247 -0.95011 0.060443 -0.306003 -3.8071
-0.309379 -0.0103573 0.950882 165.041 0.0550481 0.998069 0.0287817 2.00423 -0.949344 0.0612488 -0.308212 -4.47333
-0.314301 -0.0103149 0.949267 167.181 0.0549451 0.998067 0.0290375 2.06197 -0.947732 0.0612842 -0.313127 -5.16046
-0.316411 -0.0104423 0.948565 169.313 0.0549188 0.998061 0.0293064 2.11653 -0.947031 0.0613669 -0.315224 -5.86462
-0.320124 -0.0102452 0.94732 171.452 0.0555766 0.998017 0.0295742 2.1672 -0.945744 0.0621162 -0.31892 -6.56939
-0.324948 -0.00970261 0.945682 173.594 0.0572929 0.997909 0.029925 2.21196 -0.943995 0.063905 -0.323713 -7.28456
-0.326622 -0.00971052 0.945105 175.767 0.0578068 0.99787 0.0302303 2.2645 -0.943386 0.0645074 -0.325365 -8.0289
-0.330241 -0.0108771 0.943834 177.948 0.0566408 0.997904 0.0313185 2.32445 -0.942196 0.0638022 -0.328933 -8.76022
-0.335106 -0.00994574 0.942128 180.121 0.0563599 0.997942 0.0305816 2.3792 -0.940493 0.0633463 -0.333856 -9.49633
-0.336193 -0.00812068 0.941758 182.272 0.0557852 0.998036 0.0285204 2.44294 -0.94014 0.0621246 -0.33508 -10.2346
-0.340337 -0.00734969 0.940275 184.465 0.0551518 0.998092 0.0277641 2.4883 -0.938685 0.061307 -0.339282 -10.9959
-0.345389 -0.00677359 0.938435 186.635 0.0543731 0.99815 0.0272165 2.54982 -0.936883 0.060426 -0.344382 -11.784
-0.346971 -0.00639275 0.937854 188.79 0.0536386 0.998205 0.0266484 2.60631 -0.936341 0.0595514 -0.346005 -12.5661
-0.352603 -0.00620727 0.935753 190.997 0.0541297 0.998168 0.027018 2.65185 -0.934206 0.0601787 -0.351621 -13.3679
-0.354714 -0.00748946 0.934945 193.168 0.0540568 0.998131 0.0285045 2.71427 -0.933411 0.0606511 -0.353646 -14.1756
-0.358605 -0.00811068 0.933455 195.369 0.0536234 0.998132 0.0292731 2.77387 -0.931948 0.0605525 -0.3575 -14.9972
-0.363933 -0.00858441 0.931386 197.603 0.0544222 0.998053 0.030464 2.82494 -0.929834 0.0617749 -0.362757 -15.8459
-0.366425 -0.00897737 0.930404 199.771 0.0535419 0.998093 0.0307171 2.8902 -0.928906 0.0610711 -0.365246 -16.6818
-0.370159 -0.00816149 0.928933 201.978 0.0531374 0.998138 0.0299436 2.95331 -0.927447 0.060445 -0.369037 -17.5401
-0.374492 -0.00760975 0.927199 204.202 0.0529535 0.998159 0.0295799 3.00324 -0.925717 0.0601759 -0.3734 -18.4046
-0.376029 -0.0072467 0.92658 206.397 0.0535292 0.99813 0.0295298 3.05962 -0.925061 0.0607031 -0.374938 -19.2797
-0.380592 -0.00731853 0.924714 208.61 0.0543101 0.998066 0.0302519 3.11481 -0.923147 0.0617349 -0.379458 -20.1707
-0.381194 -0.00775953 0.924463 210.829 0.0563444 0.997911 0.0316091 3.17431 -0.922777 0.0641375 -0.37996 -21.0775
-0.383788 -0.00786968 0.923388 213.033 0.0570318 0.997853 0.0322084 3.24121 -0.921659 0.0650237 -0.382515 -21.9747
-0.388337 -0.0076855 0.921485 215.247 0.0571565 0.997839 0.0324095 3.29468 -0.919743 0.0652547 -0.387059 -22.9061
-0.389471 -0.00707389 0.921012 217.44 0.0566004 0.997897 0.0315992 3.3581 -0.919298 0.0644366 -0.388251 -23.8181
-0.392812 -0.00660823 0.919595 219.621 0.0560233 0.997945 0.031102 3.41147 -0.917911 0.063736 -0.391635 -24.7408
-0.397897 -0.00624303 0.917409 221.848 0.0557226 0.997966 0.0309592 3.4677 -0.915736 0.063439 -0.39674 -25.693
-0.399354 -0.00641647 0.916774 224.028 0.0543757 0.998049 0.0306718 3.53362 -0.915183 0.0620992 -0.398227 -26.6055
-0.40253 -0.00583251 0.915388 226.232 0.0545409 0.99805 0.0303429 3.58758 -0.913781 0.06214 -0.401427 -27.5685
-0.407295 -0.00644262 0.913274 228.452 0.0555878 0.997946 0.0318306 3.62825 -0.911604 0.0637314 -0.406101 -28.5464
-0.408548 -0.00770239 0.912704 230.637 0.0553533 0.997915 0.033199 3.69137 -0.911057 0.0640846 -0.40727 -29.4958
-0.412947 -0.00816537 0.910719 232.876 0.0548732 0.99792 0.0338283 3.76241 -0.909101 0.0639434 -0.41164 -30.489
-0.414685 -0.00788465 0.909931 235.048 0.0545502 0.997949 0.0335076 3.83375 -0.908329 0.063532 -0.413404 -31.4478
-0.418078 -0.00771271 0.908379 237.256 0.0526771 0.998076 0.0327187 3.89537 -0.906883 0.0615297 -0.416867 -32.4387
-0.42398 -0.00899847 0.905627 239.459 0.0519804 0.998061 0.0342521 3.9735 -0.904179 0.061597 -0.42269 -33.4447
-0.425856 -0.00894067 0.904747 241.627 0.0518697 0.998066 0.0342774 4.03998 -0.903303 0.0615262 -0.424568 -34.4346
-0.429584 -0.00930828 0.902979 243.833 0.0512871 0.998082 0.034688 4.11395 -0.901569 0.0612126 -0.428283 -35.4591
-0.435341 -0.0108028 0.900201 246.016 0.0503769 0.998069 0.0363397 4.17471 -0.898855 0.0611696 -0.433956 -36.4857
-0.437843 -0.010893 0.898986 248.18 0.0497763 0.998099 0.036337 4.2544 -0.897673 0.0606581 -0.436468 -37.508
-0.441666 -0.0105737 0.897118 250.341 0.0498742 0.998095 0.0363177 4.31826 -0.895792 0.0607833 -0.440297 -38.5415
-0.447066 -0.0106143 0.894438 252.521 0.0508125 0.998014 0.037241 4.3901 -0.893057 0.0620978 -0.445639 -39.6277
-0.449636 -0.0109247 0.893145 254.661 0.0503986 0.998022 0.0375797 4.46187 -0.891789 0.0619105 -0.448196 -40.6792
-0.454918 -0.0105725 0.890471 256.821 0.0497307 0.998068 0.0372561 4.52812 -0.889144 0.0612321 -0.453513 -41.746
-0.457916 -0.00974912 0.888942 258.988 0.0501591 0.998064 0.0367841 4.60863 -0.887579 0.0614326 -0.456541 -42.8416
-0.461496 -0.00931045 0.887094 261.143 0.0508264 0.998025 0.0369163 4.67976 -0.885686 0.0621245 -0.460111 -43.9363
-0.466559 -0.00894202 0.884445 263.298 0.0516536 0.997967 0.0373378 4.74374 -0.882981 0.0631051 -0.465148 -45.0405
-0.468405 -0.00846434 0.883473 265.428 0.0521732 0.997944 0.0372226 4.82107 -0.881972 0.0635289 -0.467001 -46.1551
-0.471527 -0.00770933 0.881818 267.57 0.0536331 0.99786 0.0374026 4.9049 -0.88022 0.0649309 -0.470105 -47.2803
-0.47706 -0.00703273 0.878843 269.736 0.0553051 0.997746 0.0380053 4.97982 -0.87713 0.0667352 -0.475595 -48.4276
-0.477976 -0.00553434 0.878356 271.863 0.0561656 0.997741 0.0368503 5.06071 -0.876576 0.0669469 -0.476585 -49.573
-0.482639 -0.00548286 0.875803 274.031 0.0568576 0.997675 0.037579 5.13939 -0.873972 0.0679332 -0.481205 -50.7448
-0.484119 -0.00499794 0.874988 276.18 0.0572683 0.997659 0.0373843 5.22819 -0.873127 0.0682075 -0.482699 -51.9096
-0.487868 -0.0053177 0.872901 278.329 0.0577431 0.997595 0.0383502 5.32635 -0.871006 0.0691139 -0.486388 -53.0864
-0.492999 -0.00487211 0.870016 280.5 0.0580979 0.997568 0.0385079 5.41104 -0.868088 0.0695305 -0.491517 -54.2964
-0.494393 -0.00450335 0.869227 282.689 0.0582443 0.997568 0.038296 5.49518 -0.867285 0.0695608 -0.492928 -55.5047
-0.497686 -0.00506422 0.867343 284.854 0.056772 0.997649 0.0384011 5.59093 -0.865498 0.0683524 -0.496228 -56.7275
-0.50264 -0.00571837 0.864477 287.045 0.0572314 0.997564 0.0398752 5.67055 -0.8626 0.0695181 -0.501088 -57.9681
-0.503196 -0.00599164 0.864152 289.245 0.0583637 0.997457 0.0409012 5.76116 -0.862199 0.0710164 -0.501567 -59.2287
-0.50489 -0.00686289 0.863157 291.433 0.0586921 0.997381 0.0422612 5.85003 -0.861186 0.0719977 -0.503165 -60.4804
-0.509083 -0.00696308 0.86069 293.62 0.0584929 0.997376 0.0426664 5.95694 -0.858728 0.072065 -0.507339 -61.7507
-0.509321 -0.00802778 0.860539 295.841 0.0579832 0.997364 0.0436223 6.06076 -0.858621 0.0721146 -0.507513 -63.0375
-0.513923 -0.00891539 0.85779 298.039 0.0576866 0.997323 0.0449271 6.16023 -0.855895 0.0725721 -0.512033 -64.3274
-0.514099 -0.00915266 0.857682 300.255 0.0575387 0.997323 0.0451318 6.26153 -0.855799 0.0725521 -0.512196 -65.6399
-0.516245 -0.00868284 0.856397 302.472 0.0572383 0.997363 0.0446159 6.37112 -0.854526 0.0720515 -0.514387 -66.9493
-0.52011 -0.00725506 0.854069 304.705 0.0558619 0.997534 0.0424925 6.47669 -0.852271 0.0698107 -0.518422 -68.2798
-0.521861 -0.00797037 0.852993 306.926 0.054246 0.997623 0.0425095 6.58719 -0.851304 0.0684556 -0.520188 -69.6002
-0.526128 -0.00812499 0.850367 309.181 0.0539753 0.997619 0.0429268 6.69042 -0.848691 0.0684838 -0.524437 -70.9496
-0.532697 -0.0107886 0.846238 311.487 0.0514276 0.997658 0.0450922 6.80884 -0.844742 0.0675405 -0.530895 -72.3488
-0.535593 -0.0116828 0.844396 313.715 0.0510416 0.997629 0.0461782 6.92825 -0.842933 0.0678321 -0.533727 -73.7303
-0.539575 -0.0119823 0.841853 315.96 0.0514733 0.997559 0.0471896 7.04075 -0.840363 0.0687952 -0.537641 -75.124
-0.546097 -0.0113484 0.837645 318.233 0.0527845 0.997455 0.0479259 7.14843 -0.836057 0.0703869 -0.544108 -76.5481
-0.547394 -0.0107238 0.836806 320.459 0.0535502 0.99742 0.0478119 7.27023 -0.83516 0.0709832 -0.545408 -77.9807
-0.552754 -0.0111993 0.83327 322.7 0.0545195 0.997282 0.0495695 7.38808 -0.83156 0.0728292 -0.55064 -79.4278
-0.552929 -0.0128879 0.833129 324.93 0.0542837 0.997199 0.0514528 7.51042 -0.831459 0.073675 -0.55068 -80.8647
-0.556698 -0.0144186 0.83059 327.179 0.0537532 0.997129 0.0533375 7.62432 -0.828974 0.0743398 -0.554325 -82.3224
-0.562909 -0.0153274 0.826377 329.42 0.0522455 0.997169 0.0540836 7.75608 -0.824866 0.0736187 -0.560515 -83.8248
-0.562577 -0.0146658 0.826615 331.646 0.0544145 0.997018 0.0547225 7.90218 -0.824952 0.0757655 -0.560102 -85.298
-0.566037 -0.0153985 0.824236 333.882 0.0557274 0.996824 0.0568931 8.03305 -0.822494 0.0781362 -0.563381 -86.7835
-0.573503 -0.0163282 0.819041 336.083 0.0550347 0.996775 0.0584074 8.17535 -0.817353 0.0785725 -0.570754 -88.3182
-0.573759 -0.0184443 0.818817 338.336 0.0536177 0.996756 0.0600234 8.32094 -0.817267 0.0783421 -0.570909 -89.8131
-0.577194 -0.0190375 0.816386 340.574 0.0539348 0.996657 0.0613737 8.47421 -0.814824 0.0794561 -0.574237 -91.3624
-0.582529 -0.0204487 0.812553 342.775 0.0538191 0.996519 0.0636619 8.63066 -0.811026 0.0808158 -0.579401 -92.9121
-0.583023 -0.022482 0.812144 344.994 0.0521423 0.996521 0.0650179 8.79519 -0.81078 0.0802541 -0.579823 -94.4881
-0.588353 -0.0229269 0.80828 347.199 0.0496492 0.996688 0.0644112 8.95394 -0.807079 0.078027 -0.585266 -96.0459
-0.589183 -0.0223724 0.80769 349.406 0.04811 0.996872 0.0627073 9.10696 -0.806566 0.0758041 -0.586264 -97.6223
-0.592434 -0.0242682 0.805254 351.609 0.0467906 0.996822 0.0644659 9.26538 -0.804259 0.0758701 -0.589416 -99.2119
-0.597918 -0.024734 0.801176 353.786 0.0466599 0.996755 0.0655943 9.4182 -0.800198 0.0766028 -0.594824 -100.792
-0.599583 -0.0258238 0.799896 356.001 0.045129 0.996798 0.0660082 9.57311 -0.799039 0.075676 -0.596498 -102.418
-0.602833 -0.027787 0.797384 358.198 0.0434609 0.996766 0.067592 9.73248 -0.796683 0.0754017 -0.599676 -104.032
-0.607326 -0.0303403 0.793873 360.382 0.0414506 0.996699 0.0698023 9.90252 -0.793371 0.0752993 -0.604064 -105.65
-0.609352 -0.0326062 0.79223 362.561 0.0397015 0.996646 0.0715563 10.0803 -0.791906 0.0750557 -0.606013 -107.307
-0.612164 -0.0339655 0.790001 364.733 0.0383426 0.996627 0.0725605 10.255 -0.789801 0.0747096 -0.608797 -108.956
-0.616247 -0.0341618 0.786812 366.87 0.0380861 0.996597 0.0731001 10.4325 -0.786632 0.0750143 -0.612849 -110.579
-0.618009 -0.0348644 0.785398 369.05 0.0387668 0.996449 0.0747378 10.6311 -0.785215 0.076636 -0.614463 -112.255
-0.623201 -0.0353766 0.781261 371.164 0.0382585 0.996401 0.0756367 10.8221 -0.781125 0.0770268 -0.619605 -113.892
-0.623834 -0.0367476 0.780693 373.331 0.0353641 0.996544 0.0751665 10.9929 -0.780757 0.0744999 -0.620378 -115.578
-0.626262 -0.0403574 0.778567 375.469 0.0263932 0.996989 0.0729095 11.1534 -0.779166 0.0662093 -0.623312 -117.238
-0.631734 -0.0369938 0.774302 377.578 0.0197889 0.997765 0.0638155 11.3446 -0.774933 0.055637 -0.629591 -118.894
-0.631462 -0.0298971 0.77483 379.668 0.026601 0.997833 0.0601807 11.4664 -0.77495 0.0586131 -0.629298 -120.564
-0.63306 -0.0291566 0.773554 381.747 0.0339209 0.997286 0.0653496 11.5854 -0.773359 0.0676098 -0.630352 -122.243
-0.637872 -0.0367452 0.769265 383.848 0.0351441 0.996432 0.0767375 11.7776 -0.76934 0.0759839 -0.634305 -123.964
-0.639477 -0.0464617 0.767405 385.917 0.0306497 0.995838 0.0858323 11.9793 -0.768199 0.0784086 -0.635392 -125.634
-0.642918 -0.0527822 0.764115 388.07 0.0245449 0.995691 0.0894304 12.1967 -0.765542 0.0762515 -0.638852 -127.387
-0.644451 -0.0533381 0.762783 390.138 0.0232385 0.995737 0.089261 12.4188 -0.764293 0.0752503 -0.640464 -129.081
-0.647329 -0.0492783 0.760616 392.202 0.0274413 0.995754 0.0878664 12.6187 -0.761717 0.0777507 -0.643228 -130.802
-0.651147 -0.0431554 0.757724 394.239 0.0323746 0.995894 0.084541 12.8003 -0.758261 0.0795796 -0.647076 -132.513
-0.652697 -0.0402152 0.756551 396.262 0.0326042 0.996174 0.081081 12.9987 -0.756918 0.0775881 -0.648888 -134.23
-0.655706 -0.040636 0.753922 398.31 0.0325934 0.996096 0.0820363 13.2067 -0.754313 0.0783646 -0.651821 -135.977
-0.659668 -0.041124 0.750431 400.372 0.0331922 0.995933 0.0837553 13.4137 -0.750824 0.0801592 -0.655621 -137.741
-0.661741 -0.0418012 0.748566 402.376 0.0339445 0.99575 0.0856116 13.6213 -0.748964 0.0820624 -0.65751 -139.468
-0.663626 -0.0420269 0.746884 404.395 0.0340563 0.995688 0.0862869 13.8323 -0.747289 0.0826983 -0.659333 -141.235
-0.666505 -0.0415484 0.744342 406.431 0.0348736 0.995615 0.0868009 14.0625 -0.744685 0.0838111 -0.662133 -143.022
-0.66702 -0.0421846 0.743845 408.411 0.034688 0.995555 0.0875649 14.2741 -0.744232 0.08421 -0.662591 -144.773
-0.670898 -0.0440605 0.74024 410.395 0.034777 0.995265 0.0907592 14.4958 -0.740734 0.0866335 -0.666189 -146.538
-0.672037 -0.044722 0.739166 412.353 0.0364947 0.994962 0.0933788 14.7226 -0.739618 0.0897297 -0.667018 -148.302
-0.673474 -0.0477637 0.737666 414.341 0.0364308 0.994553 0.0976576 14.9668 -0.738313 0.0926437 -0.668066 -150.089
-0.677297 -0.0474917 0.734176 416.296 0.0354785 0.994645 0.0970705 15.2067 -0.734854 0.091793 -0.671985 -151.844
-0.679327 -0.047699 0.732284 418.206 0.0320455 0.995005 0.0945399 15.4278 -0.733136 0.0876899 -0.674405 -153.582
-0.681095 -0.0519891 0.730347 420.181 0.0261061 0.995117 0.0951821 15.6552 -0.731729 0.0838946 -0.676413 -155.375
-0.683614 -0.051954 0.727992 422.123 0.0260366 0.995092 0.0954652 15.8858 -0.729379 0.0842158 -0.678906 -157.161
-0.683832 -0.0535725 0.72767 424.065 0.02425 0.995081 0.0960489 16.1057 -0.729236 0.0833273 -0.679169 -158.954
-0.684854 -0.0535077 0.726713 426.025 0.022942 0.995222 0.0948984 16.352 -0.728319 0.0816638 -0.680355 -160.76
-0.686205 -0.0538868 0.725409 428.022 0.0227594 0.995173 0.0954555 16.5851 -0.727052 0.082012 -0.681667 -162.618
-0.686048 -0.0559373 0.725403 429.96 0.0232938 0.99484 0.0987443 16.8143 -0.727183 0.0846407 -0.681205 -164.42
-0.686889 -0.0598327 0.724295 431.948 0.0224012 0.994389 0.103389 17.0358 -0.726417 0.0872417 -0.681694 -166.282
-0.686343 -0.0607291 0.724738 433.924 0.0271984 0.993667 0.109021 17.29 -0.726769 0.0945378 -0.680345 -168.131
-0.685338 -0.0623126 0.725554 435.863 0.0309858 0.992935 0.114544 17.5493 -0.727565 0.100983 -0.678565 -169.953
-0.684314 -0.0648729 0.726297 437.775 0.0268151 0.993122 0.113971 17.835 -0.728695 0.0974675 -0.677867 -171.734
-0.682279 -0.0701101 0.727723 439.735 0.0162545 0.99369 0.110973 18.1212 -0.730911 0.0875435 -0.676834 -173.522
-0.679895 -0.0737001 0.729597 441.678 0.0106783 0.993836 0.110343 18.3928 -0.733232 0.0828125 -0.674917 -175.324
-0.678312 -0.0768202 0.730747 443.616 0.00745771 0.993749 0.111391 18.648 -0.734736 0.0810075 -0.673499 -177.087
-0.674614 -0.0770907 0.734135 445.588 0.00967294 0.993523 0.113217 18.9262 -0.738107 0.0834793 -0.669499 -178.886
-0.671671 -0.0779698 0.736735 447.537 0.0103796 0.993358 0.114592 19.2123 -0.740776 0.0846149 -0.666401 -180.665
-0.671814 -0.0800102 0.736387 449.492 0.00671389 0.99345 0.114066 19.4835 -0.74069 0.0815751 -0.666876 -182.413
-0.667069 -0.0833836 0.740315 451.489 0.00140567 0.993574 0.113175 19.7623 -0.744995 0.0765363 -0.662665 -184.175
-0.666343 -0.0899782 0.740197 453.424 -0.006435 0.993349 0.114959 20.0526 -0.745617 0.0718386 -0.66249 -185.868
-0.663508 -0.0949498 0.74212 455.439 -0.0143404 0.993346 0.114271 20.3347 -0.748032 0.0651776 -0.660454 -187.618
-0.662909 -0.0961844 0.742496 457.437 -0.0165146 0.993351 0.113936 20.608 -0.748518 0.0632672 -0.660089 -189.363
-0.66364 -0.0968683 0.741754 459.417 -0.0142845 0.99304 0.116905 20.8839 -0.747915 0.066987 -0.660405 -191.106
-0.661071 -0.0986899 0.743805 461.424 -0.0130036 0.99267 0.120153 21.1766 -0.75021 0.0697574 -0.657509 -192.867
-0.659759 -0.101029 0.744655 463.409 -0.014269 0.992427 0.122003 21.4877 -0.751341 0.069867 -0.656204 -194.604
-0.661614 -0.102366 0.742825 465.401 -0.0166913 0.992403 0.121894 21.781 -0.749659 0.0682477 -0.658296 -196.324
-0.657652 -0.104505 0.746038 467.371 -0.0196158 0.992371 0.12172 22.0937 -0.753066 0.0654154 -0.654685 -198.048
-0.655812 -0.104753 0.747622 469.378 -0.0200319 0.992392 0.121477 22.372 -0.754658 0.0646896 -0.652921 -199.784
-0.657971 -0.104738 0.745724 471.384 -0.0176778 0.992156 0.123753 22.6784 -0.752835 0.0682428 -0.654661 -201.529
-0.653664 -0.10524 0.749432 473.374 -0.01538 0.991926 0.125878 22.9837 -0.756629 0.0707558 -0.650005 -203.229
-0.654798 -0.105761 0.748368 475.379 -0.0152643 0.99181 0.12681 23.2924 -0.75565 0.0716113 -0.651049 -204.965
-0.652553 -0.108058 0.749999 477.392 -0.0165962 0.99158 0.128424 23.6089 -0.757561 0.0713564 -0.648852 -206.693
-0.651084 -0.108166 0.751259 479.412 -0.0157399 0.991505 0.129115 23.9393 -0.758842 0.07224 -0.647256 -208.409
-0.65224 -0.109587 0.75005 481.396 -0.0166813 0.99133 0.130334 24.2609 -0.757829 0.0724969 -0.648413 -210.085
-0.650386 -0.109698 0.751641 483.44 -0.0169956 0.991371 0.129979 24.5934 -0.759413 0.0717619 -0.646638 -211.828
-0.649522 -0.109463 0.752422 485.465 -0.0178757 0.991507 0.128815 24.9027 -0.760132 0.070218 -0.645963 -213.552
-0.650455 -0.109058 0.751675 487.474 -0.0160993 0.991395 0.129907 25.2213 -0.759374 0.0723969 -0.646613 -215.264
-0.648674 -0.110481 0.753005 489.491 -0.016293 0.991196 0.131394 25.5574 -0.760892 0.0729629 -0.644764 -216.98
-0.648565 -0.111684 0.752921 491.505 -0.0177841 0.99113 0.1317 25.8792 -0.760951 0.0720259 -0.644798 -218.684
-0.651011 -0.112993 0.750611 493.505 -0.0185729 0.990934 0.133062 26.2126 -0.758841 0.0726836 -0.647207 -220.358
-0.64972 -0.11258 0.751791 495.518 -0.0178611 0.99096 0.13296 26.5603 -0.759964 0.0729589 -0.645857 -222.072
-0.651789 -0.112777 0.749969 497.526 -0.0175189 0.990857 0.133775 26.8895 -0.758198 0.0740543 -0.647806 -223.772
-0.650588 -0.113897 0.750842 499.541 -0.0175431 0.99068 0.135077 27.2314 -0.759228 0.0747076 -0.646522 -225.493
-0.650798 -0.115414 0.750428 501.553 -0.0190456 0.990549 0.135828 27.5741 -0.759011 0.0741041 -0.646846 -227.196
-0.652413 -0.115662 0.748986 503.556 -0.0195963 0.99053 0.135893 27.913 -0.75761 0.0739811 -0.648501 -228.898
-0.651153 -0.115513 0.750105 505.555 -0.0196534 0.990584 0.135485 28.2527 -0.758692 0.0734797 -0.647292 -230.614
-0.650979 -0.115686 0.750229 507.563 -0.0195455 0.990546 0.135783 28.5921 -0.758844 0.0737286 -0.647086 -232.316
-0.65214 -0.116092 0.749157 509.561 -0.0198553 0.990482 0.136204 28.9241 -0.757838 0.0739495 -0.648238 -234.014
-0.650474 -0.117433 0.750396 511.579 -0.0199507 0.990276 0.137679 29.2758 -0.759266 0.0745858 -0.646492 -235.742
-0.651639 -0.117572 0.749363 513.576 -0.0198884 0.990223 0.138067 29.6168 -0.758268 0.0750665 -0.647606 -237.425
-0.650232 -0.118384 0.750456 515.581 -0.0204289 0.990152 0.138495 29.9569 -0.759461 0.0747232 -0.646247 -239.143
-0.649802 -0.119785 0.750607 517.603 -0.0214684 0.990003 0.139404 30.3107 -0.7598 0.0744703 -0.645877 -240.856
-0.650184 -0.121102 0.750064 519.584 -0.0220594 0.989808 0.140689 30.6504 -0.759456 0.0749276 -0.646229 -242.528
-0.649302 -0.122455 0.750608 521.625 -0.0225207 0.989615 0.141966 31.0078 -0.760197 0.0752745 -0.645317 -244.268
-0.649183 -0.12303 0.750617 523.629 -0.0228267 0.989539 0.142448 31.3513 -0.76029 0.0753407 -0.6452 -245.978
-0.651145 -0.123286 0.748874 525.624 -0.0231854 0.989489 0.142738 31.7176 -0.758599 0.0755802 -0.647159 -247.665
-0.64943 -0.123358 0.75035 527.625 -0.0232776 0.989516 0.142531 32.078 -0.760065 0.0750974 -0.645493 -249.381
-0.64934 -0.124787 0.750191 529.628 -0.0235237 0.989269 0.144194 32.4458 -0.760134 0.0759839 -0.645308 -251.081
-0.650881 -0.126418 0.748581 531.606 -0.0247466 0.989047 0.14551 32.7925 -0.758776 0.076185 -0.64688 -252.743
-0.649801 -0.12713 0.749398 533.649 -0.0258721 0.989042 0.145351 33.1501 -0.759664 0.0750605 -0.645969 -254.475
-0.649919 -0.127085 0.749303 535.646 -0.0247799 0.988939 0.146235 33.5262 -0.759599 0.0764733 -0.64588 -256.183
-0.651408 -0.128369 0.74779 537.63 -0.0250854 0.988688 0.147871 33.8911 -0.758313 0.0775656 -0.64726 -257.873
-0.650665 -0.129696 0.748208 539.671 -0.0253026 0.988462 0.149338 34.2625 -0.758943 0.0782376 -0.646439 -259.611
-0.652534 -0.129592 0.746596 541.656 -0.0266712 0.988585 0.148285 34.6206 -0.757289 0.0768486 -0.648542 -261.303
-0.651735 -0.128781 0.747434 543.664 -0.0277356 0.988867 0.146195 34.9868 -0.757939 0.0745501 -0.648051 -263.017
-0.651746 -0.128638 0.747449 545.656 -0.0268588 0.988808 0.146757 35.3505 -0.757961 0.0755725 -0.647907 -264.723
-0.653283 -0.129849 0.745897 547.626 -0.025379 0.988385 0.149835 35.72 -0.756688 0.0789545 -0.648991 -266.438
-0.652333 -0.131715 0.746401 549.628 -0.0252167 0.98801 0.152313 36.0995 -0.757513 0.0805371 -0.647833 -268.151
-0.652362 -0.131536 0.746407 551.637 -0.0244071 0.98796 0.152772 36.4722 -0.757514 0.0814453 -0.647718 -269.874
-0.654209 -0.130704 0.744935 553.62 -0.0238666 0.988031 0.152397 36.8578 -0.755937 0.0819203 -0.649498 -271.58
-0.652608 -0.130835 0.746315 555.611 -0.0235585 0.988006 0.152605 37.2411 -0.757329 0.0820092 -0.647863 -273.283
-0.65342 -0.130894 0.745594 557.565 -0.0221811 0.987825 0.153981 37.6144 -0.756671 0.0840759 -0.648368 -274.951
-0.65239 -0.131839 0.746329 559.591 -0.0214148 0.987567 0.155734 38.0079 -0.75758 0.085617 -0.647102 -276.709
-0.652047 -0.133347 0.746361 561.596 -0.02273 0.987407 0.156556 38.4011 -0.757838 0.0851169 -0.646867 -278.423
-0.652911 -0.133797 0.745524 563.595 -0.0238266 0.987415 0.156342 38.8023 -0.75706 0.0843141 -0.647882 -280.137
-0.650766 -0.135578 0.747077 565.596 -0.025141 0.987237 0.157262 39.1981 -0.758862 0.0835582 -0.645869 -281.854
-0.650309 -0.13599 0.7474 567.595 -0.0252354 0.987171 0.15766 39.596 -0.759251 0.0836663 -0.645397 -283.557
-0.651025 -0.138251 0.746361 569.569 -0.0275576 0.98693 0.158775 39.9889 -0.758556 0.0827984 -0.646326 -285.232
-0.649886 -0.139677 0.747087 571.593 -0.0282075 0.986723 0.159942 40.3912 -0.759508 0.0828706 -0.645198 -286.963
-0.650593 -0.139657 0.746475 573.573 -0.0289471 0.986791 0.159389 40.7938 -0.758874 0.0820889 -0.646042 -288.646
-0.649393 -0.138334 0.747765 575.584 -0.0272263 0.986914 0.158932 41.1981 -0.759965 0.0828502 -0.644662 -290.377
-0.649691 -0.138859 0.74741 577.594 -0.0268292 0.986751 0.160004 41.5911 -0.759725 0.0839008 -0.644809 -292.088
-0.649658 -0.140095 0.747208 579.558 -0.0268621 0.98649 0.161603 41.9994 -0.759752 0.084915 -0.644644 -293.756
-0.648271 -0.13977 0.748472 581.57 -0.0257683 0.986471 0.161896 42.3994 -0.760973 0.0856655 -0.643102 -295.468
-0.648697 -0.140302 0.748003 583.517 -0.0261833 0.986392 0.162309 42.7884 -0.760596 0.0857043 -0.643544 -297.128
-0.647378 -0.14094 0.749025 585.536 -0.0269289 0.986369 0.162326 43.206 -0.761693 0.0849155 -0.642349 -298.836
-0.646846 -0.14121 0.749434 587.552 -0.0267838 0.986308 0.162725 43.61 -0.76215 0.085185 -0.641771 -300.516
-0.645651 -0.1425 0.750219 589.556 -0.0272192 0.986104 0.16388 44.0117 -0.763147 0.0853892 -0.640558 -302.215
-0.645832 -0.143283 0.749914 591.497 -0.0268285 0.985884 0.165264 44.4167 -0.763007 0.0866137 -0.64056 -303.861
-0.644635 -0.144731 0.750666 593.525 -0.0280649 0.985734 0.165953 44.8445 -0.763975 0.0859116 -0.639501 -305.576
-0.644879 -0.145661 0.750277 595.516 -0.0291156 0.98564 0.166329 45.2621 -0.76373 0.0854175 -0.639859 -307.241
-0.644155 -0.145688 0.750893 597.545 -0.0293717 0.98568 0.166045 45.6836 -0.76433 0.0849036 -0.63921 -308.947
-0.644425 -0.146042 0.750592 599.554 -0.0284988 0.985497 0.167279 46.1001 -0.764136 0.086408 -0.639241 -310.64
-0.644905 -0.147016 0.74999 601.514 -0.0281125 0.985223 0.168954 46.516 -0.763745 0.0878752 -0.639508 -312.3
-0.643766 -0.147821 0.750809 603.538 -0.0277659 0.98503 0.170128 46.9564 -0.764718 0.0886757 -0.638233 -314.004
-0.643524 -0.147494 0.751081 605.535 -0.0279506 0.985132 0.169508 47.3766 -0.764915 0.0880897 -0.638079 -315.681
-0.643925 -0.146368 0.750958 607.493 -0.0282741 0.985412 0.16782 47.7951 -0.764565 0.0868312 -0.63867 -317.319
-0.642879 -0.145846 0.751955 609.521 -0.0281709 0.985543 0.167067 48.2297 -0.765449 0.0862208 -0.637693 -319.011
-0.641521 -0.146599 0.752968 611.425 -0.0281438 0.985406 0.167875 48.645 -0.766589 0.0865042 -0.636285 -320.604
-0.641513 -0.147369 0.752824 613.512 -0.0274091 0.98515 0.169492 49.0716 -0.766622 0.0880969 -0.636025 -322.329
-0.641609 -0.149133 0.752394 615.535 -0.0273387 0.984739 0.171873 49.4973 -0.766544 0.0897059 -0.635895 -324.015
-0.642417 -0.149996 0.751533 617.516 -0.0277265 0.984565 0.172805 49.9243 -0.765853 0.0901754 -0.636661 -325.668
-0.641868 -0.14979 0.752043 619.534 -0.0281895 0.984681 0.172067 50.3667 -0.766296 0.0892448 -0.636258 -327.368
-0.641414 -0.150261 0.752336 621.544 -0.0284055 0.984611 0.172434 50.7984 -0.766668 0.0892314 -0.635812 -329.04
-0.64108 -0.150781 0.752517 623.524 -0.0285748 0.98452 0.172924 51.2241 -0.766942 0.0893548 -0.635465 -330.691
-0.640893 -0.151692 0.752494 625.582 -0.0290032 0.984365 0.173732 51.6825 -0.767082 0.0895188 -0.635272 -332.418
-0.640566 -0.152191 0.752671 627.585 -0.0289084 0.984248 0.174413 52.1158 -0.767358 0.0899647 -0.634875 -334.089
-0.640718 -0.152821 0.752414 629.554 -0.0277592 0.98396 0.176211 52.5416 -0.767274 0.0920154 -0.634683 -335.731
-0.640535 -0.153206 0.752491 631.626 -0.0272398 0.983813 0.177115 52.9929 -0.767445 0.0929508 -0.63434 -337.457
-0.640331 -0.153463 0.752613 633.59 -0.0269362 0.983721 0.17767 53.4356 -0.767626 0.0934954 -0.634041 -339.083
-0.639303 -0.154421 0.75329 635.623 -0.0263481 0.983452 0.179242 53.8877 -0.768503 0.0947423 -0.632793 -340.783
-0.639346 -0.155299 0.753073 637.645 -0.0261233 0.983213 0.180581 54.3363 -0.768475 0.0957808 -0.63267 -342.461
-0.639791 -0.155333 0.752688 639.629 -0.0265757 0.983248 0.180324 54.7755 -0.768089 0.0953668 -0.633201 -344.112
-0.638446 -0.153648 0.754175 641.65 -0.0241968 0.983394 0.179863 55.2315 -0.769286 0.096584 -0.631561 -345.801
-0.638264 -0.154081 0.754241 643.655 -0.0231717 0.983166 0.181239 55.6808 -0.769468 0.0982013 -0.631089 -347.458
-0.63783 -0.154334 0.754556 645.62 -0.0223335 0.983011 0.182183 56.1377 -0.769853 0.0993496 -0.63044 -349.084
-0.63694 -0.154918 0.755188 647.669 -0.0212919 0.982762 0.183644 56.5984 -0.770618 0.100891 -0.629259 -350.769
-0.636616 -0.155315 0.755379 649.624 -0.020901 0.982624 0.184425 57.048 -0.770897 0.10162 -0.628801 -352.388
-0.635643 -0.155869 0.756085 651.686 -0.0205325 0.982471 0.185277 57.528 -0.77171 0.102246 -0.627701 -354.075
