1 0 0 0 0 1 0 0 0 0 1 0
0.999039 -0.000668954 0.0438227 0.0287493 0.000732732 0.999999 -0.00143932 -0.0219777 -0.0438217 0.00147005 0.999038 0.997946
0.995871 -0.00350112 0.0907108 0.107812 0.00429739 0.999954 -0.00858431 -0.063859 -0.0906766 0.00893868 0.99584 2.03564
0.990791 -0.00365003 0.135353 0.233377 0.00541417 0.999905 -0.0126678 -0.108269 -0.135294 0.0132839 0.990716 3.00056
0.983134 0.000446399 0.182888 0.385379 0.00280746 0.999842 -0.0175322 -0.185567 -0.182867 0.01775 0.982977 4.0051
0.973712 -0.00153494 0.227778 0.593477 0.00537579 0.999854 -0.0162428 -0.214636 -0.22772 0.0170403 0.973578 4.9604
0.961895 -0.00159189 0.273415 0.850175 0.0061635 0.999855 -0.0158622 -0.234697 -0.27335 0.016943 0.961765 5.91066
0.947794 -0.00427105 0.318855 1.16021 0.0105246 0.999785 -0.0178923 -0.248997 -0.318709 0.0203141 0.947635 6.88948
0.932917 -0.00480297 0.36006 1.49571 0.0119472 0.999773 -0.0176188 -0.287484 -0.359894 0.0207386 0.932763 7.78565
0.915279 -0.00476376 0.402791 1.88156 0.0123955 0.99979 -0.0163424 -0.249022 -0.402629 0.0199506 0.915146 8.69289
0.894905 -0.00537154 0.446224 2.317 0.0133996 0.9998 -0.0148376 -0.277807 -0.446056 0.0192574 0.894798 9.59862
0.873349 -0.00568784 0.487062 2.76539 0.0140798 0.999809 -0.0135709 -0.302631 -0.486892 0.0187099 0.873262 10.4538
0.848513 -0.00663784 0.529133 3.28608 0.0156434 0.999799 -0.0125433 -0.322086 -0.528944 0.0189206 0.848446 11.3083
0.823147 -0.0069654 0.567785 3.82234 0.0170434 0.999777 -0.0124438 -0.362064 -0.567572 0.0199201 0.823083 12.1045
0.796099 -0.00753296 0.60512 4.40091 0.0185028 0.999758 -0.0118966 -0.396027 -0.604884 0.0206673 0.796046 12.8911
0.766343 -0.00740661 0.642389 5.03427 0.0197556 0.999732 -0.0120408 -0.413093 -0.642128 0.0219182 0.766284 13.6705
0.73645 -0.0100737 0.676417 5.66874 0.0239869 0.999649 -0.0112283 -0.440959 -0.676066 0.0244942 0.736434 14.3906
0.705051 -0.0097702 0.709089 6.33295 0.0240572 0.999659 -0.0101464 -0.456565 -0.708749 0.0242124 0.705046 15.0815
0.670739 -0.00996571 0.741626 7.0426 0.0249761 0.999646 -0.00915592 -0.472345 -0.741272 0.0246642 0.670751 15.7284
0.634683 -0.0101967 0.772705 7.77718 0.0276259 0.999573 -0.00950087 -0.52913 -0.772279 0.0273767 0.634694 16.3573
0.597919 -0.0106541 0.801486 8.54219 0.028757 0.999553 -0.00816612 -0.531088 -0.801041 0.027931 0.597958 16.9274
0.559843 -0.00985519 0.82854 9.35331 0.0316731 0.999453 -0.00951335 -0.553683 -0.827993 0.0315685 0.559849 17.4609
0.520846 -0.00867648 0.853606 10.158 0.0350357 0.999323 -0.0112202 -0.581269 -0.852931 0.0357507 0.520798 17.9755
0.481793 -0.00869478 0.876242 10.9883 0.0367409 0.999272 -0.010286 -0.593357 -0.875515 0.0371497 0.481761 18.4504
0.442984 -0.0123282 0.896445 11.8458 0.0424563 0.999072 -0.00724045 -0.605865 -0.895524 0.0412671 0.443096 18.8939
0.40553 -0.0135571 0.913981 12.7284 0.0446598 0.99899 -0.00499733 -0.64724 -0.91299 0.0428448 0.405726 19.2903
0.369619 -0.014045 0.929077 13.6366 0.0453132 0.998969 -0.0029256 -0.65741 -0.928078 0.0431808 0.369875 19.6569
0.336 -0.0147079 0.941747 14.5701 0.0451801 0.998979 -0.000517805 -0.664961 -0.940778 0.0427222 0.336322 19.9916
0.301753 -0.0154057 0.953262 15.5525 0.04658 0.998914 0.00139864 -0.668877 -0.952248 0.0439809 0.302143 20.2894
0.269684 -0.0167806 0.962802 16.5173 0.0473101 0.998872 0.00415745 -0.691227 -0.961786 0.0444291 0.270174 20.5732
0.237154 -0.0168324 0.971326 17.4829 0.0469771 0.998879 0.00584012 -0.676102 -0.970336 0.0442451 0.237679 20.8259
0.205517 -0.0168053 0.978509 18.4697 0.0464224 0.998895 0.00740525 -0.673926 -0.977552 0.0439028 0.20607 21.0374
0.175423 -0.0173965 0.984339 19.4558 0.0463973 0.998879 0.00938484 -0.681013 -0.9834 0.0440244 0.176034 21.2285
0.144184 -0.0183276 0.989381 20.4795 0.0468453 0.998834 0.0116759 -0.687424 -0.988442 0.0446644 0.144874 21.3926
0.113894 -0.0189261 0.993313 21.5338 0.0460469 0.998845 0.0137517 -0.68516 -0.992426 0.0441728 0.114634 21.5356
0.0834166 -0.019807 0.996318 22.6203 0.0466807 0.998783 0.0159476 -0.658763 -0.995421 0.0451785 0.0842398 21.639
0.0551503 -0.0199329 0.998279 23.6907 0.047699 0.998712 0.0173064 -0.658405 -0.997338 0.0466625 0.0560301 21.7091
0.030851 -0.020601 0.999312 24.7593 0.047733 0.998677 0.0191143 -0.66456 -0.998384 0.0471105 0.0317936 21.7468
0.00762381 -0.0194502 0.999782 25.8465 0.0520604 0.998463 0.0190276 -0.630593 -0.998615 0.051904 0.00862473 21.7582
-0.014046 -0.020254 0.999696 26.9656 0.0576654 0.998115 0.0210321 -0.605831 -0.998237 0.0579434 -0.0128515 21.7406
-0.031266 -0.0216821 0.999276 28.0818 0.0634278 0.997707 0.0236326 -0.568925 -0.997497 0.0641208 -0.029819 21.6972
-0.0468924 -0.0224187 0.998648 29.2045 0.0635088 0.997659 0.0253786 -0.555367 -0.996879 0.064613 -0.0453588 21.6601
-0.062053 -0.0233742 0.997799 30.3357 0.0635709 0.997603 0.0273231 -0.53814 -0.996046 0.0651265 -0.0604183 21.5987
-0.0746314 -0.0242215 0.996917 31.4704 0.0632191 0.997579 0.0289703 -0.508009 -0.995205 0.0651863 -0.0729195 21.5237
-0.086839 -0.0245691 0.995919 32.6182 0.0627757 0.997574 0.0300836 -0.483054 -0.994243 0.065132 -0.085086 21.4366
-0.0990061 -0.0242683 0.994791 33.777 0.0621013 0.997603 0.0305175 -0.454779 -0.993147 0.0647992 -0.0972617 21.3317
-0.109021 -0.0212572 0.993812 34.9639 0.0625051 0.997646 0.028196 -0.435469 -0.992073 0.0651924 -0.107435 21.2023
-0.1191 -0.0200978 0.992679 36.1917 0.0629269 0.997632 0.0277479 -0.383302 -0.990887 0.065771 -0.117553 21.0528
-0.125753 -0.0199885 0.99186 37.4108 0.0624976 0.997652 0.028029 -0.345466 -0.990091 0.0655137 -0.124208 20.9022
-0.131808 -0.0195331 0.991083 38.6979 0.0621979 0.997673 0.0279349 -0.311806 -0.989322 0.0653253 -0.130286 20.7234
-0.137489 -0.017715 0.990345 39.9665 0.0630387 0.997657 0.0265975 -0.281164 -0.988496 0.066087 -0.13605 20.5633
-0.141007 -0.017285 0.989858 41.2444 0.0626662 0.997687 0.0263486 -0.241212 -0.988023 0.0657459 -0.139598 20.3842
-0.145184 -0.0171532 0.989256 42.5796 0.0627364 0.997678 0.0265065 -0.212594 -0.987414 0.0659107 -0.14377 20.2057
-0.149272 -0.0176689 0.988639 43.916 0.0626352 0.997663 0.0272873 -0.175185 -0.986811 0.0659968 -0.147816 20.0159
-0.150401 -0.0186958 0.988449 45.3101 0.0618431 0.997685 0.0282805 -0.135692 -0.986689 0.0653821 -0.148896 19.8106
-0.152665 -0.0188063 0.988099 46.6988 0.0618219 0.997679 0.0285403 -0.103816 -0.986343 0.0654433 -0.151148 19.603
-0.155975 -0.0197189 0.987564 48.1305 0.0644235 0.997469 0.0300917 -0.0799743 -0.985658 0.0683159 -0.15431 19.4181
-0.15592 -0.0198223 0.987571 49.5421 0.0642152 0.99748 0.0301597 -0.0268171 -0.98568 0.0681196 -0.154255 19.1912
-0.157612 -0.0192546 0.987314 50.9752 0.0659382 0.997373 0.029977 0.00621618 -0.985298 0.0698264 -0.155929 18.9713
-0.156739 -0.0192818 0.987452 52.4575 0.0658605 0.99738 0.0299297 0.0554734 -0.985442 0.0697253 -0.155059 18.7468
-0.156009 -0.0190634 0.987572 53.9338 0.0654366 0.997418 0.0295906 0.0855618 -0.985586 0.0692397 -0.154358 18.5216
-0.155892 -0.0194552 0.987583 55.4127 0.0654175 0.997408 0.029975 0.130723 -0.985606 0.069278 -0.154215 18.3003
-0.153565 -0.0217398 0.9879 56.9355 0.0658396 0.997311 0.0321814 0.189267 -0.985943 0.0699848 -0.15172 18.07
-0.153197 -0.0224797 0.98794 58.4552 0.0656857 0.997299 0.0328784 0.212676 -0.986011 0.0699304 -0.151307 17.8064
-0.153691 -0.0222185 0.987869 60.0063 0.0654312 0.997324 0.0326108 0.263402 -0.985951 0.0696495 -0.151826 17.5744
-0.150674 -0.0223508 0.988331 61.5904 0.0667628 0.997232 0.0327303 0.312058 -0.986327 0.0709153 -0.148764 17.3447
-0.151491 -0.0224373 0.988204 63.1755 0.0666861 0.997233 0.0328652 0.371472 -0.986207 0.0708783 -0.149575 17.1076
-0.149213 -0.0241358 0.988511 64.8087 0.0678077 0.997099 0.0345809 0.436161 -0.986478 0.0721885 -0.147144 16.8676
-0.148021 -0.0252248 0.988663 66.4496 0.0703067 0.996877 0.0359606 0.483105 -0.986482 0.0748326 -0.145786 16.6283
-0.148701 -0.0246807 0.988574 68.0834 0.0712889 0.99682 0.0356098 0.529291 -0.98631 0.0757697 -0.146468 16.3981
-0.146848 -0.0242882 0.988861 69.7472 0.072276 0.996763 0.0352155 0.583475 -0.986515 0.0766422 -0.144617 16.1537
-0.145483 -0.0237496 0.989076 71.4224 0.0724234 0.996774 0.0345872 0.658446 -0.986707 0.0766641 -0.143294 15.9264
-0.146554 -0.0247611 0.988893 73.093 0.0732589 0.99667 0.0358128 0.708278 -0.986487 0.0776937 -0.144252 15.697
-0.145378 -0.0240305 0.989084 74.8335 0.0737517 0.996661 0.0350548 0.777959 -0.986624 0.0780429 -0.14312 15.4465
-0.145859 -0.0245363 0.989001 76.5221 0.0761686 0.996447 0.0359544 0.81391 -0.986369 0.0805752 -0.143472 15.1998
-0.144672 -0.0248637 0.989167 78.2843 0.0770799 0.996363 0.036318 0.884232 -0.986473 0.0814991 -0.142229 14.9526
-0.144759 -0.0247282 0.989158 80.0333 0.0775106 0.996332 0.0362509 0.930879 -0.986427 0.0819179 -0.142311 14.7011
-0.145343 -0.0229107 0.989116 81.7568 0.0763716 0.996489 0.0343037 1.00278 -0.98643 0.0805262 -0.143083 14.4586
-0.145265 -0.0225163 0.989137 83.5511 0.0757214 0.996556 0.0338057 1.06395 -0.986491 0.0798097 -0.14306 14.2002
-0.146319 -0.0224765 0.988982 85.3469 0.0753983 0.99658 0.0338043 1.12019 -0.98636 0.0795138 -0.144124 13.9354
-0.147924 -0.0232574 0.988725 87.1451 0.0742117 0.996644 0.0345466 1.1812 -0.986211 0.0784853 -0.145702 13.6681
-0.147573 -0.0239533 0.988761 88.9734 0.0739166 0.996644 0.0351764 1.23129 -0.986285 0.078277 -0.145307 13.3969
-0.147708 -0.0243329 0.988732 90.8123 0.071881 0.99679 0.0352697 1.30189 -0.986416 0.0762807 -0.145485 13.1329
-0.15016 -0.0242195 0.988365 92.6575 0.0712727 0.996834 0.0352553 1.34702 -0.98609 0.0757374 -0.147958 12.8699
-0.151244 -0.0234845 0.988218 94.5254 0.0705918 0.996909 0.0344949 1.42021 -0.985973 0.0749772 -0.149118 12.6002
-0.157077 -0.02322 0.987314 96.392 0.0707615 0.99689 0.0347031 1.47254 -0.985048 0.0753149 -0.154945 12.313
-0.160109 -0.0235239 0.986819 98.2964 0.0695257 0.996965 0.0350462 1.53091 -0.984648 0.0742205 -0.157987 12.0361
-0.164587 -0.0237196 0.986078 100.203 0.0683785 0.997032 0.0353962 1.60034 -0.98399 0.0732522 -0.162476 11.7482
-0.170666 -0.0235434 0.985048 102.116 0.0674959 0.997087 0.0355254 1.66531 -0.983015 0.0725497 -0.16858 11.4327
-0.173795 -0.0227808 0.984519 104.037 0.067406 0.997113 0.0349713 1.72512 -0.982472 0.0724403 -0.171757 11.1073
-0.178679 -0.0214394 0.983674 105.931 0.0670787 0.997171 0.033918 1.77255 -0.981618 0.0720441 -0.176735 10.782
-0.185224 -0.0211529 0.982469 107.872 0.0661926 0.997229 0.0339499 1.8389 -0.980465 0.0713205 -0.18331 10.4386
-0.18887 -0.0219024 0.981758 109.821 0.065093 0.997273 0.034771 1.90339 -0.979843 0.0704728 -0.186929 10.0854
-0.19461 -0.0219965 0.980634 111.8 0.0631756 0.997392 0.0349098 1.97788 -0.978844 0.068746 -0.192712 9.7132
-0.197425 -0.0241045 0.980022 113.776 0.063793 0.997263 0.0373796 2.04989 -0.97824 0.0698982 -0.195346 9.33764
-0.202861 -0.0244984 0.978901 115.751 0.0637306 0.997237 0.0381644 2.11751 -0.977132 0.0701281 -0.200739 8.94485
-0.209955 -0.023152 0.977437 117.735 0.0646316 0.997204 0.0375033 2.18668 -0.975573 0.0710473 -0.207872 8.54381
-0.213404 -0.0232236 0.976688 119.736 0.0635806 0.997268 0.0376051 2.26533 -0.974893 0.0701235 -0.211344 8.13504
-0.217733 -0.0243122 0.975706 121.752 0.0641399 0.997173 0.0391602 2.32737 -0.973899 0.0711081 -0.215558 7.69985
-0.223842 -0.0257043 0.974287 123.761 0.0639732 0.997109 0.0410043 2.40638 -0.972524 0.0715068 -0.22155 7.27504
-0.227513 -0.0252635 0.973448 125.773 0.063203 0.997173 0.0406509 2.48391 -0.971722 0.0707734 -0.225273 6.81763
-0.235309 -0.0257968 0.971578 127.757 0.0628775 0.99715 0.0417042 2.57423 -0.969885 0.0709038 -0.233016 6.3504
-0.238308 -0.0252525 0.970861 129.772 0.0639159 0.997087 0.0416234 2.62562 -0.969084 0.0719727 -0.236 5.86999
-0.240046 -0.0234955 0.970477 131.835 0.064191 0.997135 0.0400184 2.6637 -0.968637 0.0719022 -0.23785 5.37509
-0.245691 -0.022264 0.969093 133.861 0.0643433 0.997157 0.0392215 2.71123 -0.967211 0.071991 -0.24356 4.86475
-0.246139 -0.0221456 0.968982 135.92 0.0636861 0.997209 0.0389682 2.77097 -0.96714 0.0713023 -0.244042 4.37069
-0.249755 -0.0224813 0.968048 137.968 0.0620204 0.997307 0.0391619 2.83133 -0.966321 0.0698196 -0.247688 3.86661
-0.256895 -0.0220945 0.966187 139.988 0.0606094 0.997403 0.0389235 2.88365 -0.964537 0.0685593 -0.254888 3.33006
-0.259422 -0.0214222 0.965527 142.111 0.0595435 0.997497 0.03813 2.9502 -0.963927 0.0673826 -0.257497 2.74407
-0.265521 -0.0211799 0.963872 144.167 0.0590482 0.997525 0.0381856 3.04615 -0.962295 0.067054 -0.263613 2.20269
-0.268536 -0.0237457 0.962977 146.249 0.0580425 0.997481 0.0407823 3.09634 -0.96152 0.0668451 -0.266481 1.64617
-0.273146 -0.0222767 0.961715 148.336 0.0585916 0.997491 0.0397466 3.18062 -0.960187 0.067205 -0.271155 1.07691
-0.279136 -0.0226735 0.959984 150.413 0.0585775 0.997458 0.0405912 3.24486 -0.958464 0.0675639 -0.277098 0.493903
-0.281236 -0.0245619 0.959324 152.528 0.0566936 0.997501 0.0421597 3.31826 -0.957963 0.0662444 -0.279141 -0.0936348
-0.28554 -0.0250562 0.958039 154.628 0.0569744 0.997447 0.0430679 3.39959 -0.956672 0.0668813 -0.283383 -0.695637
-0.29124 -0.0241999 0.956344 156.743 0.0581716 0.997382 0.0429537 3.48052 -0.95488 0.068142 -0.28907 -1.30884
-0.292879 -0.0241588 0.955844 158.848 0.058021 0.99739 0.0429871 3.56565 -0.954388 0.0680491 -0.290713 -1.93167
-0.296311 -0.0227332 0.954821 160.963 0.0590131 0.997371 0.0420599 3.64891 -0.953267 0.0688098 -0.294191 -2.55836
-0.301805 -0.0221677 0.953112 163.088 0.0590769 0.997374 0.0419041 3.72979 -0.951538 0.0689538 -0.299703 -3.21489
-0.303609 -0.0218151 0.952547 165.21 0.059002 0.997389 0.0416481 3.81287 -0.950968 0.068847 -0.30153 -3.87007
-0.308551 -0.0217639 0.950959 167.354 0.0588331 0.997388 0.0419156 3.89938 -0.949387 0.068881 -0.306464 -4.54233
-0.310761 -0.0222508 0.950228 169.563 0.0598005 0.997288 0.0429098 4.00356 -0.948605 0.0701589 -0.308588 -5.23436
-0.3138 -0.0216711 0.949242 171.772 0.0600875 0.997283 0.0426316 4.08873 -0.947586 0.0704154 -0.311645 -5.94678
-0.318555 -0.0213137 0.947665 173.922 0.0618148 0.997152 0.0432056 4.16397 -0.945887 0.0723431 -0.31633 -6.64659
-0.319874 -0.0215232 0.947216 176.07 0.0623217 0.997099 0.0437027 4.25231 -0.945408 0.0730115 -0.317605 -7.36004
-0.32345 -0.0226932 0.945973 178.255 0.0611566 0.997121 0.044831 4.34327 -0.944267 0.0723531 -0.321131 -8.07244
-0.328071 -0.0223347 0.944389 180.435 0.0603425 0.997184 0.0445456 4.43004 -0.942724 0.071601 -0.325799 -8.80412
-0.32911 -0.0204465 0.94407 182.592 0.0597775 0.99731 0.0424385 4.52567 -0.942398 0.0704011 -0.327002 -9.52533
-0.33256 -0.0195244 0.94288 184.792 0.0591466 0.997386 0.0415145 4.6052 -0.941226 0.0695743 -0.330536 -10.2712
-0.337517 -0.0188777 0.94113 186.985 0.0580687 0.997478 0.0408331 4.70145 -0.939527 0.0684322 -0.335569 -11.0306
-0.339119 -0.0185045 0.940562 189.146 0.0573016 0.997544 0.0402856 4.78915 -0.938997 0.0675573 -0.337225 -11.7925
-0.344546 -0.01831 0.938591 191.36 0.0577129 0.997506 0.040645 4.86698 -0.936994 0.0681729 -0.34263 -12.5719
-0.346922 -0.0186978 0.937708 193.552 0.0574527 0.9975 0.0411458 4.96267 -0.936133 0.0681483 -0.34498 -13.3464
-0.351644 -0.0191379 0.935938 195.731 0.0580328 0.997423 0.0421988 5.05858 -0.934333 0.0691541 -0.349627 -14.1335
-0.35697 -0.0195335 0.933912 197.971 0.0587942 0.997329 0.0433329 5.14064 -0.932264 0.0703771 -0.354868 -14.9638
-0.359397 -0.0197469 0.932976 200.144 0.0577722 0.997388 0.043365 5.23672 -0.931395 0.0694853 -0.357317 -15.7818
-0.363127 -0.0189287 0.931547 202.357 0.0573311 0.997446 0.042616 5.3299 -0.929974 0.0688818 -0.361115 -16.6211
-0.367416 -0.0181933 0.929879 204.614 0.0574364 0.997457 0.04221 5.40568 -0.928281 0.0689176 -0.365437 -17.4684
-0.368966 -0.0178289 0.929272 206.815 0.0579785 0.997428 0.0421569 5.49194 -0.927633 0.0694323 -0.366984 -18.3246
-0.373509 -0.0179264 0.927454 209.037 0.0587082 0.997352 0.0429208 5.5763 -0.925767 0.0704805 -0.371467 -19.1987
-0.374326 -0.0181842 0.927119 211.24 0.0591201 0.997306 0.0434307 5.6713 -0.925411 0.0710686 -0.372242 -20.0783
-0.376707 -0.0177855 0.926162 213.465 0.0597278 0.997269 0.0434447 5.76417 -0.924405 0.0716836 -0.374616 -20.9575
-0.381716 -0.0178916 0.924107 215.68 0.0599735 0.997227 0.0440803 5.84158 -0.922332 0.0722481 -0.379584 -21.8624
-0.382837 -0.0172264 0.923655 217.893 0.0591588 0.997317 0.0431205 5.93976 -0.92192 0.0711505 -0.380791 -22.7673
-0.386306 -0.0168104 0.922217 220.08 0.058533 0.997372 0.0426992 6.02009 -0.920512 0.0704752 -0.384307 -23.6728
-0.391079 -0.016198 0.920214 222.334 0.0579958 0.997425 0.0422046 6.09944 -0.918528 0.069874 -0.389133 -24.6075
-0.392638 -0.0162518 0.91955 224.519 0.0568029 0.997507 0.0418839 6.1943 -0.917937 0.0686784 -0.390736 -25.5019
-0.39563 -0.0157389 0.918275 226.732 0.0570783 0.997499 0.0416884 6.27679 -0.916635 0.0689068 -0.393742 -26.4447
-0.400825 -0.0165681 0.916005 228.972 0.0574896 0.997412 0.0431968 6.33662 -0.914349 0.0699751 -0.398835 -27.4085
-0.402147 -0.017549 0.915407 231.164 0.0572648 0.997377 0.0442775 6.42614 -0.913783 0.0702267 -0.400087 -28.3404
-0.406294 -0.0183358 0.913559 233.406 0.0566253 0.997372 0.0452014 6.52159 -0.911986 0.0700957 -0.404188 -29.3243
-0.407986 -0.018063 0.912809 235.586 0.056268 0.997407 0.0448864 6.61934 -0.911252 0.0696751 -0.405912 -30.2651
-0.411274 -0.0178761 0.911336 237.785 0.055807 0.997439 0.04475 6.72253 -0.909802 0.0692635 -0.409223 -31.2402
-0.417128 -0.0181132 0.908667 240.013 0.0560146 0.997389 0.0455955 6.84246 -0.90712 0.0699179 -0.415024 -32.219
-0.418751 -0.0177685 0.907927 242.189 0.0558364 0.997413 0.0452725 6.9358 -0.906383 0.0696533 -0.416676 -33.1947
-0.422371 -0.0179945 0.906244 244.385 0.0554239 0.99742 0.0456362 7.03127 -0.904727 0.0695031 -0.420284 -34.1979
-0.428188 -0.0195361 0.903479 246.58 0.0539133 0.997434 0.047119 7.11927 -0.90208 0.0688853 -0.426035 -35.2109
-0.430722 -0.0195635 0.902273 248.75 0.0532228 0.997475 0.047035 7.22478 -0.900914 0.0682805 -0.428593 -36.2171
-0.434549 -0.0191367 0.900445 250.922 0.0534028 0.997468 0.0469706 7.31276 -0.899064 0.0684974 -0.432427 -37.2296
-0.439735 -0.0195856 0.897914 253.084 0.0535765 0.99741 0.0479938 7.41357 -0.896528 0.0692117 -0.437546 -38.2564
-0.442314 -0.0197671 0.896642 255.232 0.0531431 0.997423 0.0482045 7.51025 -0.895284 0.0689719 -0.440124 -39.2887
-0.447445 -0.0200738 0.894086 257.397 0.0519628 0.997476 0.0483999 7.60537 -0.8928 0.0681156 -0.445273 -40.3362
-0.449628 -0.0200332 0.892991 259.553 0.0519069 0.997473 0.0485126 7.71426 -0.891706 0.0681651 -0.447452 -41.4126
-0.453204 -0.0199577 0.891183 261.716 0.0517965 0.997471 0.0486787 7.81466 -0.889901 0.0682216 -0.451024 -42.483
-0.458318 -0.0196206 0.888572 263.881 0.0524911 0.997414 0.0490984 7.90607 -0.887237 0.0691448 -0.456103 -43.5646
-0.460123 -0.0190386 0.887651 266.019 0.052969 0.997401 0.0488496 8.0119 -0.886274 0.0694948 -0.457918 -44.6574
-0.465822 -0.0184754 0.884686 268.222 0.05495 0.997249 0.0497594 8.14629 -0.883171 0.0717925 -0.463525 -45.8024
-0.470363 -0.0178977 0.882291 270.387 0.0552467 0.997236 0.0496823 8.24498 -0.880742 0.0721125 -0.468074 -46.9249
-0.471332 -0.0171755 0.881789 272.523 0.0553842 0.997261 0.0490286 8.35122 -0.880215 0.071946 -0.469089 -48.052
-0.476009 -0.0170073 0.879276 274.7 0.0558319 0.997212 0.0495139 8.45937 -0.877666 0.0726607 -0.473732 -49.2054
-0.479694 -0.0157069 0.877295 276.89 0.0574177 0.997135 0.0492478 8.5797 -0.875555 0.0739962 -0.477417 -50.3717
-0.483375 -0.0160196 0.875267 279.042 0.0581913 0.997034 0.050385 8.71098 -0.873477 0.0752878 -0.481009 -51.5316
-0.488708 -0.0156287 0.872307 281.246 0.0598938 0.99688 0.051416 8.84194 -0.870389 0.0773732 -0.486247 -52.7369
-0.490211 -0.0151669 0.871472 283.443 0.0597222 0.996915 0.0509444 8.95738 -0.869555 0.0770198 -0.487793 -53.9344
-0.49398 -0.0157685 0.86933 285.615 0.0581478 0.996998 0.0511255 9.08166 -0.867526 0.0758046 -0.49158 -55.1474
-0.498776 -0.0169383 0.866565 287.802 0.0577971 0.996934 0.0527533 9.18489 -0.864802 0.0763971 -0.496267 -56.3635
-0.499216 -0.0173881 0.866303 290.004 0.0582302 0.996866 0.0535644 9.30206 -0.864519 0.0771852 -0.496638 -57.6106
-0.500316 -0.0179494 0.865657 292.195 0.0591579 0.996741 0.0548584 9.42951 -0.86382 0.078657 -0.497623 -58.8422
-0.504212 -0.0170775 0.863411 294.386 0.0597313 0.996721 0.0545959 9.56994 -0.861512 0.0791007 -0.501539 -60.0928
-0.504609 -0.017629 0.863167 296.621 0.05943 0.996711 0.0550994 9.70468 -0.8613 0.0791017 -0.501902 -61.3612
-0.508895 -0.0186025 0.860627 298.83 0.0600866 0.996561 0.0570703 9.85035 -0.858729 0.080755 -0.506027 -62.6491
-0.508464 -0.0177375 0.8609 301.023 0.0596973 0.996657 0.0557929 9.97413 -0.859011 0.0797622 -0.505705 -63.9326
-0.510346 -0.0176619 0.859788 303.25 0.05937 0.99668 0.0557143 10.1145 -0.857917 0.0794792 -0.507603 -65.2167
-0.514186 -0.0161481 0.857526 305.493 0.0579475 0.996885 0.0535186 10.2492 -0.855719 0.0772101 -0.511649 -66.5299
-0.516009 -0.0168464 0.856417 307.722 0.0563436 0.996974 0.0535595 10.3883 -0.854728 0.0758909 -0.513498 -67.832
-0.520273 -0.0170014 0.85383 309.985 0.0560142 0.99697 0.0539833 10.5205 -0.852161 0.0759127 -0.517744 -69.1638
-0.5271 -0.0174386 0.849624 312.256 0.0552601 0.996971 0.0547458 10.666 -0.848004 0.0758068 -0.52454 -70.5281
-0.530046 -0.0183393 0.84777 314.493 0.0548267 0.996934 0.0558451 10.8106 -0.846194 0.076081 -0.527415 -71.8927
-0.534106 -0.0186617 0.845211 316.75 0.0550809 0.996865 0.0568167 10.9482 -0.843621 0.0769012 -0.531403 -73.2716
-0.54054 -0.0178981 0.841127 319.031 0.0563195 0.996762 0.0574029 11.0814 -0.839431 0.0784005 -0.537782 -74.6797
-0.54154 -0.0171035 0.840501 321.292 0.0564198 0.9968 0.0566357 11.2219 -0.83878 0.0780914 -0.538841 -76.1146
-0.546535 -0.0177308 0.837248 323.533 0.0581381 0.996561 0.0590558 11.3635 -0.835416 0.0809521 -0.543624 -77.5116
-0.548215 -0.0188077 0.836126 325.796 0.0586587 0.996421 0.0608735 11.5115 -0.834278 0.0824178 -0.54515 -78.9654
-0.551916 -0.0193344 0.833675 328.046 0.0578123 0.996439 0.0613826 11.6511 -0.831893 0.0820747 -0.548833 -80.4102
-0.557234 -0.0205341 0.830101 330.29 0.0556724 0.996521 0.0620228 11.8079 -0.828487 0.080775 -0.554152 -81.8914
-0.557762 -0.0208687 0.829738 332.519 0.0563205 0.996429 0.0629206 11.9726 -0.828088 0.0818261 -0.554594 -83.3548
-0.561126 -0.0215413 0.82745 334.763 0.0575675 0.996226 0.0649738 12.1249 -0.825726 0.0840928 -0.557767 -84.8261
-0.567952 -0.0229257 0.822742 336.992 0.0569551 0.996122 0.067074 12.2896 -0.821089 0.0849542 -0.564443 -86.3505
-0.56815 -0.0250706 0.822543 339.256 0.0555296 0.99609 0.0687158 12.4589 -0.821049 0.0847164 -0.564536 -87.8268
-0.571616 -0.0257675 0.820116 341.501 0.0555423 0.996 0.0700062 12.6354 -0.818639 0.0855678 -0.567898 -89.357
-0.573544 -0.0243644 0.818812 343.768 0.0564491 0.996007 0.0691772 12.7956 -0.817227 0.0858974 -0.569878 -90.908
-0.57431 -0.025952 0.818226 346.011 0.0547048 0.996047 0.069989 12.9707 -0.816808 0.0849563 -0.570619 -92.4427
-0.579656 -0.0263236 0.814436 348.232 0.0522237 0.996224 0.0693683 13.143 -0.813186 0.0827426 -0.576092 -93.9761
-0.580507 -0.0256421 0.813851 350.455 0.0507524 0.996422 0.0675953 13.3091 -0.812672 0.0805445 -0.577128 -95.5272
-0.583782 -0.0275196 0.811443 352.675 0.0494249 0.996368 0.0693493 13.4809 -0.810404 0.0805905 -0.580302 -97.0919
-0.589285 -0.0279644 0.807441 354.869 0.0492419 0.9963 0.0704429 13.6476 -0.806423 0.0812709 -0.585727 -98.6474
-0.590679 -0.0291938 0.806378 357.102 0.0476261 0.996342 0.0709578 13.8141 -0.8055 0.080318 -0.587128 -100.248
-0.593884 -0.0312689 0.803943 359.315 0.0458072 0.99631 0.0725894 13.9877 -0.803246 0.079936 -0.59026 -101.836
-0.598361 -0.0337439 0.800516 361.512 0.044095 0.996212 0.0749527 14.1759 -0.800013 0.0801475 -0.594606 -103.421
-0.600418 -0.0360689 0.798872 363.709 0.04228 0.996154 0.0767531 14.368 -0.798567 0.0798603 -0.596584 -105.053
-0.603285 -0.0367234 0.796679 365.891 0.0410117 0.99619 0.0769761 14.5577 -0.79647 0.0791117 -0.59948 -106.66
-0.607386 -0.0369871 0.793545 368.046 0.0407546 0.99615 0.0776244 14.7461 -0.793361 0.0794886 -0.60354 -108.257
-0.609199 -0.0377924 0.792116 370.248 0.0418948 0.995936 0.0797371 14.9591 -0.79191 0.0817613 -0.60514 -109.909
-0.614475 -0.0383419 0.788004 372.381 0.0413209 0.995884 0.0806783 15.1636 -0.787853 0.0821358 -0.610361 -111.521
-0.615157 -0.0396585 0.787406 374.567 0.0384022 0.996042 0.0801683 15.3485 -0.787468 0.0795543 -0.611199 -113.183
-0.618363 -0.0397454 0.784887 376.744 0.0309518 0.996714 0.0748571 15.5436 -0.785283 0.0705826 -0.615101 -114.856
-0.623833 -0.0363961 0.780709 378.87 0.0244778 0.997516 0.0660628 15.7406 -0.781174 0.0603222 -0.621392 -116.489
-0.623681 -0.0293075 0.781129 380.977 0.0311821 0.997569 0.0623251 15.8679 -0.781057 0.0632282 -0.62125 -118.137
-0.625099 -0.028813 0.780013 383.073 0.038184 0.996994 0.0674285 15.997 -0.779611 0.0719335 -0.622119 -119.794
-0.629803 -0.0367007 0.775887 385.199 0.0390554 0.996124 0.0788204 16.2012 -0.775772 0.0799439 -0.625928 -121.494
-0.631347 -0.0465811 0.7741 387.286 0.0345874 0.99551 0.0881135 16.4125 -0.774729 0.0824044 -0.626901 -123.141
-0.635632 -0.0529847 0.770172 389.43 0.0280581 0.995398 0.0916361 16.6379 -0.771482 0.0798564 -0.631219 -124.859
-0.637013 -0.0537066 0.76898 391.526 0.0264606 0.995459 0.0914439 16.8608 -0.770399 0.0785986 -0.632699 -126.542
-0.639974 -0.0496073 0.766793 393.606 0.0307407 0.995462 0.0900574 17.0663 -0.767781 0.0812062 -0.635545 -128.242
-0.643822 -0.0435118 0.763937 395.658 0.0356451 0.995593 0.0867469 17.254 -0.764345 0.0830802 -0.639433 -129.932
-0.645503 -0.0405595 0.762679 397.694 0.0358319 0.995882 0.0832881 17.4572 -0.762917 0.081091 -0.641391 -131.625
-0.648514 -0.0409351 0.760101 399.758 0.0357531 0.995813 0.0841337 17.6703 -0.760363 0.0817379 -0.644335 -133.352
-0.652566 -0.0412437 0.756608 401.832 0.0363235 0.995667 0.0856038 17.8823 -0.756861 0.0833448 -0.64824 -135.091
-0.654264 -0.0426661 0.755062 403.852 0.0362704 0.995489 0.0876803 18.092 -0.755396 0.0847524 -0.649764 -136.804
-0.656226 -0.0427356 0.753353 405.89 0.0364485 0.995435 0.0882176 18.307 -0.753683 0.0853493 -0.651672 -138.549
-0.659047 -0.0422329 0.750915 407.945 0.0372198 0.995368 0.0886476 18.5417 -0.75118 0.0863718 -0.654422 -140.316
-0.659764 -0.0427695 0.750254 409.937 0.036882 0.995333 0.0891742 18.7549 -0.750567 0.0865048 -0.655108 -142.043
-0.663707 -0.0447368 0.746654 411.937 0.036953 0.99503 0.0924665 18.9813 -0.74708 0.0889617 -0.658755 -143.788
-0.667238 -0.0437419 0.743559 413.836 0.0389651 0.994858 0.0934908 19.1999 -0.743825 0.0913535 -0.662102 -145.475
-0.66868 -0.0468126 0.742075 415.835 0.0389126 0.994446 0.0977969 19.4451 -0.742532 0.0942709 -0.663144 -147.248
-0.672926 -0.0478174 0.738163 417.804 0.0372511 0.994452 0.0983785 19.6847 -0.738772 0.0936987 -0.667411 -149.011
-0.674459 -0.0479644 0.736752 419.736 0.0335528 0.994866 0.0954841 19.9051 -0.73755 0.0891202 -0.669386 -150.745
-0.676271 -0.0522782 0.734795 421.722 0.0275977 0.994981 0.0961891 20.1352 -0.736136 0.0853285 -0.671434 -152.524
-0.679387 -0.052472 0.731901 423.619 0.0272261 0.994951 0.0966034 20.3663 -0.733275 0.0855579 -0.674528 -154.255
-0.679595 -0.0534553 0.731637 425.571 0.0260651 0.994953 0.0969049 20.5922 -0.733125 0.0849262 -0.674771 -156.035
-0.680313 -0.05658 0.730734 427.531 0.0235828 0.99481 0.0989828 20.8556 -0.732542 0.084572 -0.675448 -157.787
-0.681898 -0.0576514 0.729171 429.533 0.0229216 0.994716 0.100082 21.0914 -0.731088 0.0849594 -0.676973 -159.626
-0.682355 -0.0591874 0.728621 431.445 0.0238608 0.994383 0.103122 21.3285 -0.730631 0.0877511 -0.67711 -161.391
-0.68311 -0.0625504 0.727632 433.443 0.0235478 0.993921 0.107549 21.5726 -0.729936 0.0906017 -0.677484 -163.242
-0.681488 -0.0649714 0.728939 435.406 0.0279675 0.993012 0.114655 21.8284 -0.731295 0.0985229 -0.674908 -165.055
-0.680511 -0.0665577 0.729709 437.357 0.031749 0.992253 0.120113 22.1018 -0.73205 0.104906 -0.673125 -166.863
-0.679864 -0.0686449 0.730118 439.308 0.0275621 0.992514 0.11898 22.3914 -0.73282 0.101014 -0.672882 -168.65
-0.677545 -0.0712166 0.732024 441.311 0.0198402 0.993169 0.114986 22.6971 -0.735213 0.092432 -0.671504 -170.46
-0.675507 -0.0740759 0.733623 443.287 0.0147738 0.993382 0.113908 22.9789 -0.737206 0.0877839 -0.669941 -172.24
-0.674005 -0.0753984 0.734868 445.227 0.0133132 0.993377 0.114132 23.2641 -0.738607 0.0867092 -0.668537 -174.005
-0.670293 -0.0760791 0.738186 447.21 0.0150523 0.993133 0.116022 23.5499 -0.741944 0.0888805 -0.664545 -175.791
-0.66754 -0.0763222 0.740651 449.179 0.0159201 0.993042 0.116679 23.837 -0.744404 0.0896791 -0.66168 -177.558
-0.667678 -0.0780516 0.740346 451.144 0.012705 0.993149 0.116161 24.113 -0.744341 0.0869646 -0.662113 -179.294
-0.663626 -0.0816661 0.743593 453.152 0.00703633 0.993298 0.11537 24.4003 -0.748031 0.0817947 -0.658604 -181.048
-0.663222 -0.0882567 0.7432 455.095 -0.0010486 0.993132 0.117001 24.6986 -0.748422 0.0768182 -0.658759 -182.735
-0.659856 -0.0932737 0.745579 457.112 -0.00860138 0.993138 0.116631 24.9869 -0.751343 0.070547 -0.656131 -184.469
-0.659264 -0.0954157 0.745833 459.114 -0.011515 0.993081 0.116868 25.2784 -0.751823 0.0684587 -0.655801 -186.206
-0.659907 -0.0954632 0.745257 461.104 -0.00956706 0.992883 0.118711 25.5582 -0.751286 0.0712084 -0.656124 -187.945
-0.657501 -0.0974369 0.747126 463.108 -0.00919021 0.992567 0.121358 25.8417 -0.753397 0.0729271 -0.653509 -189.682
-0.655916 -0.0997413 0.748214 465.105 -0.0102122 0.992314 0.123329 26.1597 -0.754764 0.0732525 -0.651893 -191.41
-0.657838 -0.101074 0.746346 467.106 -0.0126651 0.992299 0.123218 26.4564 -0.753053 0.0716052 -0.654052 -193.119
-0.654781 -0.101148 0.749019 469.087 -0.0137172 0.992432 0.122027 26.7599 -0.755694 0.0696267 -0.651213 -194.839
-0.651793 -0.102754 0.751403 471.12 -0.0147804 0.992312 0.122877 27.0179 -0.758253 0.0689846 -0.6483 -196.556
-0.657376 -0.102173 0.746604 473.063 -0.011976 0.992057 0.125219 27.3032 -0.753468 0.0733743 -0.653378 -198.29
-0.653621 -0.102774 0.749811 475.056 -0.0103294 0.991856 0.126946 27.6146 -0.756751 0.0752296 -0.64936 -200.004
-0.654178 -0.104375 0.749104 477.057 -0.0114504 0.991686 0.128175 27.9283 -0.756254 0.0752719 -0.649934 -201.71
-0.651705 -0.106386 0.750974 479.075 -0.0124308 0.99148 0.129669 28.2504 -0.758371 0.0751706 -0.647475 -203.436
-0.650405 -0.106463 0.75209 481.094 -0.0114826 0.991394 0.130408 28.5847 -0.759501 0.0761818 -0.64603 -205.148
-0.651561 -0.107874 0.750886 483.08 -0.0124232 0.991223 0.131621 28.9094 -0.758494 0.0764309 -0.647182 -206.82
-0.649725 -0.107958 0.752463 485.127 -0.0127296 0.991271 0.131229 29.2458 -0.760062 0.0756842 -0.645428 -208.561
-0.649043 -0.108056 0.753038 487.146 -0.0139896 0.991389 0.1302 29.5753 -0.760623 0.0739709 -0.644966 -210.276
-0.649768 -0.108702 0.752319 489.157 -0.0138551 0.991252 0.131259 29.8905 -0.760006 0.0748646 -0.64559 -211.979
-0.647528 -0.110548 0.75398 491.174 -0.0146936 0.99105 0.132687 30.2244 -0.7619 0.0748401 -0.643356 -213.695
-0.647411 -0.111741 0.753904 493.191 -0.016195 0.990988 0.132973 30.5491 -0.761969 0.073879 -0.643386 -215.395
-0.649842 -0.11307 0.751611 495.195 -0.0170064 0.990789 0.134347 30.8856 -0.759879 0.0745222 -0.645779 -217.067
-0.648616 -0.112771 0.752715 497.21 -0.0164091 0.990805 0.134302 31.2363 -0.760939 0.0747589 -0.644502 -218.775
-0.650628 -0.112542 0.75101 499.22 -0.015868 0.990757 0.134722 31.5681 -0.759231 0.075737 -0.6464 -220.472
-0.649434 -0.11368 0.751872 501.238 -0.0159228 0.990579 0.136018 31.9123 -0.760251 0.0763626 -0.645126 -222.189
-0.649693 -0.114878 0.751466 503.251 -0.0170705 0.990472 0.136657 32.2579 -0.760005 0.075957 -0.645464 -223.888
-0.651273 -0.115127 0.750059 505.256 -0.0175977 0.990451 0.136745 32.599 -0.75864 0.075859 -0.647079 -225.586
-0.650171 -0.114888 0.751051 507.258 -0.0176827 0.990522 0.136212 32.941 -0.759582 0.0752805 -0.64604 -227.296
-0.650011 -0.114723 0.751214 509.269 -0.0176369 0.990551 0.136013 33.2833 -0.75972 0.0751611 -0.645892 -228.995
-0.651144 -0.114815 0.750219 511.272 -0.0179098 0.990541 0.13605 33.6172 -0.758743 0.0751521 -0.647041 -230.695
-0.649649 -0.115424 0.75142 513.289 -0.0180361 0.990469 0.136551 33.9671 -0.76002 0.0751573 -0.645539 -232.415
-0.650635 -0.115278 0.750589 515.293 -0.0179314 0.990468 0.136576 34.3074 -0.759179 0.0754021 -0.6465 -234.103
-0.649451 -0.115819 0.751531 517.302 -0.0188032 0.990477 0.136394 34.6468 -0.760171 0.0744499 -0.645443 -235.813
-0.649146 -0.117288 0.751566 519.337 -0.0198476 0.990317 0.137405 34.9785 -0.760405 0.074279 -0.645188 -237.528
-0.64934 -0.118558 0.7512 521.318 -0.0203878 0.990133 0.138645 35.3124 -0.760226 0.0747122 -0.645349 -239.197
-0.648513 -0.119876 0.751705 523.362 -0.020873 0.989951 0.139862 35.664 -0.760918 0.0750118 -0.644498 -240.933
-0.648447 -0.12048 0.751665 525.367 -0.0211352 0.989866 0.140427 36.0016 -0.760966 0.0751728 -0.644422 -242.64
-0.650424 -0.120749 0.749912 527.365 -0.021477 0.989813 0.140749 36.3626 -0.759268 0.0754408 -0.646391 -244.326
-0.648728 -0.120865 0.751361 529.37 -0.0216252 0.989837 0.140555 36.7177 -0.760714 0.0749338 -0.644748 -246.04
-0.6487 -0.122385 0.751139 531.375 -0.0220198 0.989591 0.14222 37.0814 -0.760726 0.0757182 -0.644642 -247.739
-0.65019 -0.124034 0.749579 533.355 -0.0235417 0.9894 0.143297 37.4235 -0.759407 0.0755238 -0.646217 -249.398
-0.649216 -0.124686 0.750314 535.402 -0.0244657 0.989385 0.143245 37.7756 -0.76021 0.0746401 -0.645375 -251.129
-0.64932 -0.124676 0.750226 537.4 -0.023423 0.989282 0.14413 38.1454 -0.760155 0.0760142 -0.645281 -252.835
-0.650771 -0.126023 0.748742 539.386 -0.0238449 0.989036 0.145743 38.5056 -0.7589 0.0769916 -0.64664 -254.524
-0.649993 -0.127377 0.749188 541.43 -0.024065 0.988809 0.147239 38.8718 -0.759559 0.077675 -0.645784 -256.26
-0.652539 -0.127777 0.746903 543.414 -0.0247676 0.988751 0.147512 39.2341 -0.75735 0.0777587 -0.648363 -257.952
-0.651762 -0.126995 0.747715 545.423 -0.0258695 0.989031 0.145431 39.598 -0.757982 0.0754433 -0.647898 -259.665
-0.652721 -0.127815 0.746738 547.426 -0.0256431 0.988829 0.146838 39.9494 -0.757164 0.0766958 -0.648706 -261.366
-0.654799 -0.130855 0.744389 549.421 -0.0264983 0.988268 0.150417 40.3264 -0.755339 0.0787677 -0.650584 -263.082
-0.653385 -0.133182 0.745217 551.398 -0.0262883 0.987802 0.153486 40.7093 -0.756569 0.0806953 -0.648916 -264.784
-0.653377 -0.132969 0.745262 553.403 -0.0254751 0.987758 0.153901 41.0856 -0.756604 0.0815699 -0.648766 -266.51
-0.655216 -0.132358 0.743755 555.383 -0.0251851 0.987812 0.153603 41.4743 -0.755022 0.0819117 -0.650564 -268.219
-0.653667 -0.131932 0.745193 557.387 -0.0243944 0.987849 0.153495 41.8635 -0.756389 0.0821558 -0.648942 -269.947
-0.654451 -0.131978 0.744496 559.339 -0.0230396 0.987673 0.154833 42.2391 -0.755753 0.0841777 -0.649424 -271.618
-0.653431 -0.132879 0.745231 561.362 -0.0222174 0.987416 0.156581 42.6351 -0.75666 0.0857578 -0.64816 -273.378
-0.653069 -0.134361 0.745283 563.364 -0.0235416 0.987262 0.157356 43.0307 -0.756933 0.0852193 -0.647913 -275.095
-0.654382 -0.135023 0.74401 565.344 -0.0240483 0.987148 0.157996 43.4261 -0.755781 0.0854975 -0.649219 -276.798
-0.652518 -0.135487 0.745562 567.351 -0.0234485 0.987026 0.158845 43.8257 -0.75741 0.0861667 -0.647229 -278.529
-0.652017 -0.13601 0.745904 569.345 -0.0235744 0.986941 0.159354 44.228 -0.757838 0.0863174 -0.646708 -280.236
-0.652746 -0.138336 0.744839 571.317 -0.0257915 0.986675 0.160648 44.6234 -0.757138 0.085652 -0.647616 -281.917
-0.651537 -0.139687 0.745645 573.338 -0.0263516 0.986476 0.161778 45.0312 -0.758159 0.0857554 -0.646406 -283.651
-0.652005 -0.139457 0.745278 575.308 -0.0267963 0.986564 0.161164 45.4359 -0.757741 0.0851093 -0.646982 -285.334
-0.650818 -0.138128 0.746562 577.315 -0.0250455 0.986683 0.160721 45.845 -0.758821 0.0859019 -0.64561 -287.067
-0.650537 -0.137973 0.746836 579.322 -0.0241038 0.986615 0.161275 46.2461 -0.759092 0.0869141 -0.645156 -288.778
-0.650373 -0.139309 0.746731 581.284 -0.0242159 0.986343 0.162919 46.6584 -0.759229 0.0878755 -0.644864 -290.446
-0.648815 -0.139314 0.748084 583.294 -0.0235897 0.986308 0.163218 47.065 -0.76058 0.0882514 -0.643218 -292.156
-0.649228 -0.139844 0.747627 585.24 -0.0240232 0.986232 0.163614 47.4573 -0.760214 0.0882622 -0.643649 -293.817
-0.648406 -0.140466 0.748223 587.279 -0.024415 0.986162 0.163977 47.8685 -0.760903 0.0880559 -0.642863 -295.531
-0.648026 -0.140919 0.748467 589.28 -0.0247774 0.986115 0.16421 48.2784 -0.761215 0.0878674 -0.642519 -297.213
-0.647089 -0.141778 0.749115 591.282 -0.0253308 0.986013 0.164732 48.6845 -0.761993 0.0876208 -0.64163 -298.913
-0.647434 -0.142475 0.748684 593.222 -0.0252968 0.985847 0.165731 49.0919 -0.761701 0.0883609 -0.641876 -300.563
-0.646076 -0.143625 0.749638 595.238 -0.0262876 0.985741 0.166204 49.5197 -0.76282 0.0876746 -0.640639 -302.276
-0.646347 -0.144482 0.749239 597.228 -0.0274235 0.985674 0.166418 49.9386 -0.76255 0.0870172 -0.64105 -303.944
-0.64552 -0.144415 0.749965 599.253 -0.0276226 0.985733 0.166039 50.3604 -0.763244 0.0864656 -0.640299 -305.652
-0.645954 -0.144637 0.749548 601.261 -0.0268439 0.985583 0.16705 50.7785 -0.762904 0.0877857 -0.640524 -307.348
-0.646375 -0.145599 0.748998 603.218 -0.0265591 0.985324 0.168618 51.1953 -0.762557 0.089098 -0.640756 -309.012
-0.645 -0.14645 0.750018 605.237 -0.02623 0.98513 0.169801 51.635 -0.763732 0.0898485 -0.63925 -310.717
-0.6448 -0.14613 0.750252 607.233 -0.0264133 0.985229 0.169196 52.0546 -0.763894 0.0892813 -0.639136 -312.399
-0.645194 -0.145016 0.75013 609.19 -0.0267173 0.985504 0.167539 52.472 -0.763552 0.088054 -0.639715 -314.039
-0.644164 -0.144501 0.751113 611.215 -0.026635 0.985635 0.166776 52.9069 -0.764424 0.0874252 -0.638759 -315.735
-0.642685 -0.145249 0.752235 613.112 -0.0264849 0.985489 0.16766 53.3204 -0.765672 0.0878299 -0.637207 -317.326
-0.642734 -0.146036 0.75204 615.198 -0.0258078 0.985233 0.169263 53.7468 -0.765654 0.0893825 -0.637013 -319.053
-0.642904 -0.147955 0.75152 617.217 -0.0258857 0.984803 0.171737 54.1753 -0.765509 0.0909571 -0.636964 -320.741
-0.643362 -0.148541 0.751012 619.18 -0.0256743 0.984631 0.172754 54.6059 -0.765131 0.0918619 -0.637288 -322.398
-0.642762 -0.148399 0.751554 621.195 -0.0261012 0.984731 0.172118 55.0487 -0.765621 0.0910144 -0.636821 -324.099
-0.642367 -0.148869 0.751799 623.204 -0.0263158 0.984659 0.172494 55.4804 -0.765945 0.0910204 -0.63643 -325.773
-0.64217 -0.149396 0.751862 625.181 -0.0265674 0.984573 0.172945 55.9067 -0.766101 0.0910853 -0.636233 -327.425
-0.64175 -0.15036 0.752029 627.237 -0.0270523 0.984421 0.173739 56.3652 -0.766437 0.0911528 -0.635819 -329.153
-0.641417 -0.15086 0.752212 629.241 -0.0270221 0.98431 0.174366 56.7985 -0.766716 0.0915153 -0.635431 -330.826
-0.641613 -0.151538 0.751909 631.209 -0.0259565 0.984018 0.176167 57.2244 -0.766589 0.0935143 -0.635293 -332.47
-0.641452 -0.151919 0.75197 633.281 -0.0254518 0.983872 0.177058 57.676 -0.766741 0.0944354 -0.634973 -334.198
-0.641236 -0.152166 0.752104 635.243 -0.0251444 0.983782 0.177601 58.1183 -0.766932 0.0949733 -0.634662 -335.825
-0.640222 -0.15332 0.752733 637.275 -0.0246034 0.98347 0.179392 58.5701 -0.767795 0.0963308 -0.633412 -337.527
-0.639967 -0.154113 0.752788 639.294 -0.0243883 0.983262 0.180563 59.0185 -0.768015 0.097195 -0.633014 -339.204
-0.640408 -0.154124 0.75241 641.277 -0.0248312 0.983301 0.180284 59.4571 -0.767633 0.0967725 -0.633542 -340.856
-0.639062 -0.152499 0.753884 643.297 -0.0224966 0.983435 0.179863 59.9135 -0.768825 0.097984 -0.631907 -342.546
-0.638798 -0.153204 0.753965 645.302 -0.0216585 0.983166 0.181427 60.3646 -0.769069 0.0995659 -0.631364 -344.205
-0.638297 -0.15346 0.754338 647.267 -0.0208085 0.98301 0.182372 60.8221 -0.769508 0.100711 -0.630646 -345.832
-0.637398 -0.153993 0.754989 649.315 -0.0198762 0.982786 0.183675 61.283 -0.770278 0.102068 -0.629487 -347.516
-0.637196 -0.154601 0.755035 651.27 -0.0196453 0.982614 0.184621 61.735 -0.77045 0.102807 -0.629156 -349.134
-0.636239 -0.155169 0.755725 653.33 -0.0192801 0.982457 0.185491 62.2156 -0.77125 0.103446 -0.62807 -350.822
-0.635982 -0.154998 0.755976 655.324 -0.018838 0.982448 0.185584 62.677 -0.771473 0.103787 -0.62774 -352.469
-0.635872 -0.154911 0.756087 657.301 -0.018764 0.982463 0.185512 63.1341 -0.771566 0.103775 -0.627628 -354.081
