1 0 0 0 0 1 0 0 0 0 1 0
0.999039 -0.000603719 0.0438354 0.0278593 0.000670073 0.999999 -0.00149904 -0.0236907 -0.0438344 0.00152697 0.999038 0.99725
0.99587 -0.00236667 0.0907619 0.113988 0.00295849 0.999975 -0.00638652 -0.049178 -0.0907446 0.00662866 0.995852 2.01634
0.990787 -0.00272937 0.135401 0.240498 0.00413771 0.99994 -0.0101209 -0.081107 -0.135366 0.0105879 0.990739 2.9824
0.983146 0.00148598 0.182817 0.395007 0.000946913 0.999912 -0.0132198 -0.12556 -0.18282 0.0131701 0.983058 3.98342
0.973728 -0.000631595 0.227713 0.602674 0.00351506 0.999919 -0.0122574 -0.153054 -0.227687 0.0127358 0.973651 4.93972
0.961883 -0.000916732 0.27346 0.863627 0.00459452 0.999907 -0.012809 -0.18101 -0.273423 0.0135772 0.961798 5.89301
0.947618 -0.00215057 0.3194 1.17602 0.00707607 0.999873 -0.0142615 -0.197192 -0.319328 0.0157745 0.947513 6.85325
0.932624 -0.00396277 0.360827 1.50963 0.00987791 0.999845 -0.0145505 -0.235409 -0.360714 0.0171344 0.932519 7.7587
0.91493 -0.00390166 0.403595 1.89569 0.0103508 0.999851 -0.013799 -0.210536 -0.403481 0.0168027 0.914834 8.66319
0.894572 -0.00437973 0.446902 2.33726 0.0111541 0.999859 -0.0125286 -0.235417 -0.446785 0.0161925 0.894495 9.56132
0.872862 -0.00425743 0.487949 2.78908 0.0112384 0.999872 -0.0113796 -0.266083 -0.487838 0.0154166 0.872798 10.4189
0.847987 -0.00467862 0.529997 3.30034 0.0120033 0.999874 -0.0103786 -0.285995 -0.529881 0.0151627 0.847936 11.2673
0.822204 -0.00503258 0.569171 3.83928 0.0128508 0.99987 -0.00972294 -0.30633 -0.569048 0.0153085 0.822162 12.0692
0.794677 -0.00621572 0.607 4.41256 0.0148809 0.999847 -0.00924345 -0.344278 -0.60685 0.0163783 0.794648 12.8448
0.764705 -0.00620062 0.64435 5.03625 0.0153553 0.999845 -0.00860184 -0.335112 -0.644197 0.016472 0.764682 13.6107
0.734493 -0.00700099 0.67858 5.66812 0.0168311 0.999827 -0.0079026 -0.393674 -0.678407 0.0172256 0.734484 14.3131
0.702013 -0.00643905 0.712135 6.34084 0.0166683 0.999834 -0.00739098 -0.416137 -0.711969 0.0170586 0.702004 15.0001
0.667335 -0.00646672 0.744729 7.04918 0.0180984 0.999808 -0.00753591 -0.428291 -0.744538 0.0185074 0.667324 15.6478
0.631282 -0.00707451 0.775521 7.7837 0.0213276 0.999739 -0.008241 -0.468804 -0.77526 0.0217424 0.631268 16.2722
0.593991 -0.00686427 0.804442 8.55061 0.0217646 0.999735 -0.00754008 -0.476887 -0.804177 0.0219871 0.593983 16.8419
0.556204 -0.00614607 0.831023 9.34365 0.0246212 0.999656 -0.00908575 -0.499137 -0.830681 0.0255143 0.556164 17.3773
0.517172 -0.00452793 0.85587 10.1493 0.0278307 0.999546 -0.0115291 -0.526915 -0.855429 0.0297819 0.517063 17.8883
0.477781 -0.00383315 0.878471 10.9862 0.0298669 0.999483 -0.0118828 -0.543791 -0.877971 0.0319146 0.477648 18.3629
0.438758 -0.00647516 0.898582 11.8493 0.0351977 0.99933 -0.0099851 -0.560784 -0.897916 0.0360091 0.438692 18.8077
0.401125 -0.00724396 0.915995 12.7347 0.0387694 0.999207 -0.00907555 -0.58023 -0.915203 0.039153 0.401087 19.2033
0.365039 -0.00552149 0.930976 13.6466 0.0397799 0.999162 -0.00967196 -0.599772 -0.930142 0.0405647 0.364953 19.5625
0.33133 -0.00626281 0.943494 14.5708 0.0401479 0.999166 -0.00746649 -0.616972 -0.942661 0.0403531 0.331305 19.8887
0.297427 -0.00744849 0.954715 15.5145 0.0413439 0.999132 -0.00508504 -0.631215 -0.953849 0.0409841 0.297477 20.1803
0.264861 -0.00800951 0.964253 16.4701 0.042045 0.99911 -0.00324985 -0.650675 -0.96337 0.0414028 0.264962 20.4572
0.232342 -0.00737839 0.972606 17.4404 0.0409328 0.999159 -0.00219843 -0.653681 -0.971773 0.0403222 0.232449 20.7016
0.200602 -0.00615249 0.979654 18.4315 0.0400632 0.999195 -0.00192844 -0.658654 -0.978854 0.0396349 0.200686 20.9066
0.170272 -0.00657448 0.985375 19.4158 0.0405021 0.999179 -0.000332136 -0.671402 -0.984565 0.0399664 0.170398 21.0926
0.139096 -0.00739031 0.990251 20.4343 0.0412521 0.999147 0.0016622 -0.686315 -0.989419 0.0406188 0.139282 21.2494
0.107739 -0.00806829 0.994147 21.4745 0.0406494 0.999167 0.00370375 -0.688013 -0.993348 0.0400124 0.107977 21.3743
0.0783487 -0.0089805 0.996886 22.521 0.0410309 0.999141 0.00577607 -0.68486 -0.996081 0.0404505 0.0786497 21.4699
0.0500447 -0.00938619 0.998703 23.5929 0.0414857 0.999112 0.00731121 -0.697293 -0.997885 0.041066 0.0503894 21.5325
0.0250633 -0.00968679 0.999639 24.6772 0.0446511 0.998966 0.00856077 -0.707175 -0.998688 0.0444204 0.0254696 21.5696
0.00187862 -0.00831598 0.999964 25.7639 0.0490279 0.998764 0.0082139 -0.689899 -0.998796 0.0490107 0.00228374 21.5739
-0.0196723 -0.00897476 0.999766 26.8782 0.054868 0.998443 0.0100425 -0.676468 -0.9983 0.0550527 -0.0191495 21.5498
-0.0369954 -0.0100284 0.999265 27.9977 0.0594278 0.998158 0.0122175 -0.657622 -0.997547 0.0598362 -0.0363316 21.5112
-0.0527674 -0.0102596 0.998554 29.1275 0.0612086 0.998034 0.0134887 -0.659509 -0.996729 0.0618319 -0.052036 21.456
-0.0680382 -0.0114492 0.997617 30.2611 0.0628671 0.997898 0.01574 -0.652658 -0.9957 0.0637882 -0.0671757 21.3824
-0.080879 -0.0129982 0.996639 31.3957 0.0625213 0.99788 0.0180881 -0.644668 -0.994761 0.0637741 -0.0798951 21.3135
-0.0930727 -0.01318 0.995572 32.5485 0.0622603 0.997878 0.0190311 -0.639807 -0.993711 0.0637559 -0.0920549 21.2205
-0.105114 -0.0109565 0.9944 33.7095 0.0614072 0.997959 0.0174868 -0.631816 -0.992563 0.0629014 -0.104227 21.1075
-0.114551 -0.00815351 0.993384 34.8837 0.0616495 0.99798 0.0153003 -0.619935 -0.991503 0.0629943 -0.113817 20.9861
-0.124863 -0.0076816 0.992144 36.0892 0.0613506 0.997997 0.015448 -0.604667 -0.990276 0.0627975 -0.124142 20.8467
-0.131721 -0.00735391 0.99126 37.3177 0.0607861 0.998031 0.0154816 -0.588987 -0.989422 0.062294 -0.131015 20.6954
-0.137546 -0.00691951 0.990471 38.5505 0.0604026 0.998056 0.0153606 -0.571855 -0.988652 0.0619398 -0.136861 20.5305
-0.143695 -0.00677477 0.989599 39.8122 0.0600683 0.998073 0.015555 -0.562886 -0.987798 0.0616787 -0.143011 20.3655
-0.147266 -0.00620639 0.989077 41.0903 0.0597017 0.998101 0.0151521 -0.537965 -0.987294 0.061281 -0.146616 20.178
-0.151328 -0.00595301 0.988466 42.4036 0.0599308 0.998087 0.015186 -0.523256 -0.986665 0.0615376 -0.150682 19.988
-0.155292 -0.006764 0.987845 43.7411 0.0598711 0.998074 0.0162459 -0.505044 -0.986053 0.0616663 -0.154588 19.7883
-0.156744 -0.00834128 0.987604 45.0939 0.0600181 0.998036 0.0179549 -0.475929 -0.985814 0.0620884 -0.155935 19.5831
-0.158862 -0.00910563 0.987259 46.4735 0.0602452 0.998005 0.0188989 -0.460462 -0.985461 0.06248 -0.157997 19.3684
-0.161631 -0.0096095 0.986805 47.8662 0.0612529 0.997927 0.0197506 -0.447238 -0.984949 0.063637 -0.160707 19.1588
-0.161628 -0.00976061 0.986803 49.2764 0.0610226 0.997939 0.0198656 -0.411113 -0.984964 0.0634282 -0.1607 18.9248
-0.163443 -0.0103518 0.986499 50.7099 0.0610946 0.997919 0.0205938 -0.400371 -0.98466 0.0636356 -0.162471 18.6925
-0.162233 -0.00994041 0.986702 52.1713 0.0607074 0.997954 0.0200353 -0.370569 -0.984884 0.0631505 -0.161298 18.4538
-0.161349 -0.00940318 0.986853 53.6464 0.0601553 0.998002 0.0193447 -0.356373 -0.985063 0.0624856 -0.160461 18.2184
-0.161472 -0.00984587 0.986828 55.1247 0.0602145 0.997989 0.0198099 -0.32813 -0.985039 0.0626202 -0.160554 17.9857
-0.158856 -0.0109371 0.987241 56.6492 0.0602842 0.997965 0.0207562 -0.291606 -0.98546 0.0628123 -0.157874 17.7481
-0.15767 -0.011037 0.98743 58.189 0.0608452 0.997929 0.0208699 -0.266507 -0.985616 0.063371 -0.156672 17.5006
-0.157976 -0.0105313 0.987387 59.741 0.0609135 0.997935 0.0203896 -0.228735 -0.985563 0.0633662 -0.157008 17.2588
-0.15517 -0.0107839 0.987829 61.3241 0.0619334 0.997867 0.0206221 -0.201633 -0.985945 0.0643796 -0.154171 17.0188
-0.155959 -0.0111254 0.987701 62.9109 0.0618798 0.997862 0.0210107 -0.158494 -0.985824 0.0643956 -0.154938 16.7685
-0.153499 -0.0130209 0.988063 64.5416 0.0630087 0.997749 0.0229372 -0.11103 -0.986138 0.0657774 -0.152334 16.5218
-0.152565 -0.014295 0.98819 66.182 0.0655174 0.99755 0.0245455 -0.081226 -0.98612 0.0684885 -0.151255 16.274
-0.153014 -0.0136751 0.988129 67.814 0.0662925 0.99751 0.0240705 -0.0549964 -0.985998 0.0691887 -0.151727 16.0328
-0.150538 -0.0128968 0.98852 69.4826 0.0677157 0.997432 0.0233252 -0.0215135 -0.986283 0.0704497 -0.149278 15.7803
-0.14982 -0.0125489 0.988634 71.1547 0.0675582 0.997453 0.0228988 0.0203052 -0.986403 0.0702211 -0.148591 15.5418
-0.150997 -0.0134506 0.988443 72.8227 0.0683057 0.997376 0.0240068 0.0489373 -0.986172 0.0711412 -0.149682 15.2999
-0.149796 -0.0133407 0.988627 74.5493 0.0685752 0.997361 0.023849 0.100987 -0.986336 0.0713677 -0.148486 15.0434
-0.150472 -0.0141423 0.988513 76.2448 0.0701023 0.997228 0.024938 0.123484 -0.986126 0.0730495 -0.149063 14.7917
-0.149211 -0.0144588 0.9887 78.0011 0.0709917 0.997156 0.0252963 0.173519 -0.986254 0.073964 -0.147761 14.5357
-0.149392 -0.0142625 0.988675 79.7515 0.0714066 0.99713 0.0251742 0.201723 -0.986196 0.0743588 -0.147945 14.2741
-0.150927 -0.0135761 0.988452 81.5023 0.0708997 0.997182 0.0245217 0.243053 -0.985999 0.0737819 -0.14954 14.0231
-0.150507 -0.0132541 0.98852 83.2838 0.0701179 0.997249 0.024047 0.286821 -0.986119 0.0729322 -0.149164 13.7553
-0.151142 -0.013604 0.988418 85.0832 0.0695083 0.997284 0.0243547 0.319221 -0.986065 0.0723844 -0.149786 13.4779
-0.153216 -0.0143063 0.988089 86.8805 0.0683827 0.997345 0.0250439 0.35899 -0.985824 0.0714054 -0.151831 13.2108
-0.152682 -0.0154283 0.988155 88.7163 0.0680744 0.997339 0.02609 0.392105 -0.985928 0.0712516 -0.151226 12.9308
-0.153127 -0.015638 0.988083 90.5509 0.0663836 0.997453 0.0260741 0.445698 -0.985974 0.0695852 -0.1517 12.6585
-0.155823 -0.0154491 0.987664 92.394 0.0658046 0.997494 0.0259848 0.475797 -0.985591 0.0690419 -0.154416 12.3826
-0.156823 -0.0144601 0.987521 94.2698 0.0651203 0.997565 0.0249486 0.534633 -0.985478 0.0682202 -0.1555 12.0972
-0.162567 -0.0141293 0.986596 96.138 0.065439 0.997541 0.0250688 0.572484 -0.984525 0.0686373 -0.161243 11.8005
-0.165793 -0.0147065 0.986051 98.0369 0.0638984 0.997627 0.0256229 0.607511 -0.984089 0.0672552 -0.16446 11.5013
-0.17034 -0.015078 0.98527 99.938 0.0627681 0.997686 0.0261198 0.659036 -0.983384 0.0662928 -0.169 11.1983
-0.176441 -0.014909 0.984198 101.844 0.0619586 0.997734 0.0262217 0.706895 -0.982359 0.0656062 -0.175118 10.8743
-0.17938 -0.0141102 0.983679 103.772 0.0619205 0.997752 0.0256037 0.754408 -0.98183 0.0655028 -0.178103 10.5366
-0.18392 -0.0129617 0.982856 105.694 0.0616022 0.997795 0.0246863 0.796871 -0.981009 0.0650865 -0.182717 10.1914
-0.190443 -0.012682 0.981616 107.628 0.0608052 0.997844 0.0246885 0.843707 -0.979813 0.0643892 -0.189262 9.83649
-0.194085 -0.0134063 0.980893 109.571 0.0597297 0.99789 0.025457 0.890363 -0.979165 0.0635293 -0.192875 9.4723
-0.20092 -0.0138436 0.97951 111.524 0.0578486 0.997987 0.0259709 0.938866 -0.977898 0.0618814 -0.199716 9.09746
-0.204688 -0.0150017 0.978712 113.482 0.0578502 0.997949 0.0273953 0.98747 -0.977117 0.0622262 -0.2034 8.70998
-0.210118 -0.0153559 0.977556 115.453 0.0578519 0.997929 0.0281107 1.03455 -0.975963 0.0624601 -0.208795 8.30128
-0.217228 -0.0142697 0.976017 117.431 0.0584945 0.997906 0.0276087 1.08335 -0.974367 0.0630891 -0.215939 7.88215
-0.221352 -0.0141392 0.975092 119.419 0.0576898 0.997954 0.0275667 1.14206 -0.973486 0.0623548 -0.220083 7.44967
-0.2273 -0.0146258 0.973715 121.412 0.0582442 0.997893 0.0285853 1.18344 -0.972081 0.0632108 -0.22597 7.002
-0.234179 -0.015559 0.972069 123.404 0.0576591 0.997889 0.0298628 1.22962 -0.970482 0.063042 -0.232788 6.54492
-0.237681 -0.0149867 0.971228 125.411 0.0570023 0.997942 0.0293487 1.28508 -0.969669 0.0623379 -0.236338 6.06842
-0.244941 -0.0149314 0.969423 127.405 0.0563866 0.997969 0.0296181 1.34507 -0.967897 0.0619172 -0.243602 5.58489
-0.24813 -0.0154017 0.968605 129.423 0.0575215 0.997875 0.0306026 1.38898 -0.967018 0.063309 -0.246717 5.08548
-0.251901 -0.0164562 0.967613 131.442 0.0579912 0.997802 0.0320667 1.43016 -0.966014 0.0641907 -0.250393 4.58006
-0.257861 -0.0151524 0.966063 133.458 0.0581866 0.997818 0.0311816 1.4669 -0.964428 0.0642525 -0.256417 4.04969
-0.258353 -0.0149507 0.965935 135.507 0.0574665 0.997871 0.0308152 1.50726 -0.96434 0.0634702 -0.256945 3.52924
-0.26193 -0.0150099 0.96497 137.554 0.0556015 0.997983 0.0306158 1.52614 -0.963484 0.0616731 -0.260567 2.98636
-0.269092 -0.0145236 0.963005 139.574 0.0543217 0.998065 0.0302315 1.55478 -0.961581 0.0604471 -0.267783 2.42107
-0.272065 -0.0146483 0.962167 141.673 0.0521193 0.998192 0.0299342 1.59424 -0.960866 0.0582916 -0.27081 1.85033
-0.279002 -0.0154773 0.960166 143.704 0.0512799 0.998203 0.0309912 1.65617 -0.95892 0.0578839 -0.277708 1.28076
-0.281972 -0.01672 0.959277 145.778 0.0508455 0.998182 0.0323438 1.698 -0.958074 0.057895 -0.280609 0.695581
-0.28596 -0.0163912 0.958101 147.859 0.0502999 0.998218 0.0320903 1.74618 -0.95692 0.057369 -0.284626 0.0930943
-0.291933 -0.0163591 0.956299 149.935 0.0500307 0.998223 0.0323493 1.79896 -0.955129 0.0572882 -0.290596 -0.520121
-0.2951 -0.0172537 0.955311 152.028 0.0498908 0.998194 0.0334397 1.86582 -0.954163 0.0575293 -0.293707 -1.14556
-0.299375 -0.0175727 0.953974 154.119 0.0502454 0.998152 0.0341545 1.92974 -0.952811 0.0581579 -0.297939 -1.77953
-0.304919 -0.016667 0.952232 156.218 0.0515435 0.998092 0.0339747 1.99066 -0.950982 0.059441 -0.303479 -2.42402
-0.306608 -0.0168153 0.951687 158.314 0.0512266 0.998103 0.0341393 2.05224 -0.950456 0.0592191 -0.305165 -3.07255
-0.310211 -0.0154251 0.950543 160.426 0.0516104 0.99812 0.0330403 2.11455 -0.949266 0.0593074 -0.308832 -3.73663
-0.315648 -0.0147022 0.948762 162.537 0.0517444 0.998125 0.0326822 2.17662 -0.947464 0.0594093 -0.314296 -4.42364
-0.317705 -0.0142597 0.948082 164.65 0.0516987 0.998139 0.032337 2.23707 -0.946779 0.0592883 -0.316377 -5.10995
-0.322596 -0.0141253 0.946431 166.774 0.0515781 0.99814 0.0324777 2.30173 -0.94513 0.0592923 -0.321268 -5.8117
-0.324817 -0.0144921 0.945666 168.902 0.0514516 0.998131 0.0329687 2.36455 -0.944376 0.0593649 -0.323465 -6.53038
-0.328773 -0.0140884 0.944304 171.031 0.052696 0.998057 0.0332372 2.42827 -0.942938 0.0606886 -0.327392 -7.2585
-0.333829 -0.013793 0.942533 173.168 0.054401 0.997944 0.0338718 2.48364 -0.941063 0.0625822 -0.332392 -7.99591
-0.335707 -0.0140187 0.941862 175.311 0.0548847 0.997899 0.0344153 2.54757 -0.940366 0.0632473 -0.334233 -8.75117
-0.338379 -0.0150438 0.940889 177.463 0.0544562 0.997883 0.0355396 2.61601 -0.939433 0.0632632 -0.336844 -9.49584
-0.342785 -0.0146362 0.9393 179.631 0.0537222 0.997937 0.0351551 2.67903 -0.937876 0.062512 -0.341291 -10.2601
-0.343837 -0.0130875 0.938938 181.777 0.053062 0.998034 0.0333424 2.75342 -0.937529 0.0612863 -0.342467 -11.015
-0.347062 -0.0120965 0.937764 183.959 0.0523315 0.998109 0.0322426 2.81113 -0.936381 0.0602648 -0.345773 -11.7993
-0.351948 -0.0116422 0.935947 186.13 0.0514669 0.998169 0.0317695 2.87959 -0.934603 0.0593515 -0.350705 -12.6012
-0.353622 -0.0112016 0.935321 188.279 0.0497833 0.998285 0.0307775 2.93742 -0.934062 0.057447 -0.352458 -13.3919
-0.358997 -0.011119 0.933273 190.474 0.0501123 0.998257 0.0311697 2.99261 -0.931992 0.0579583 -0.357814 -14.2027
-0.361164 -0.0123091 0.932421 192.649 0.0500366 0.998216 0.0325589 3.06574 -0.931159 0.0584143 -0.359904 -15.017
-0.365097 -0.012992 0.930879 194.838 0.049565 0.998213 0.0333715 3.13307 -0.929649 0.0583229 -0.363801 -15.854
-0.370417 -0.0133798 0.928769 197.064 0.0503651 0.998136 0.034466 3.19374 -0.927499 0.0595444 -0.369053 -16.7175
-0.372774 -0.0135211 0.927824 199.229 0.0493096 0.998192 0.0343578 3.27126 -0.926611 0.0585584 -0.371434 -17.5709
-0.376488 -0.0130078 0.92633 201.425 0.0489585 0.998224 0.0339155 3.3447 -0.925126 0.0581206 -0.375184 -18.4389
-0.381122 -0.0128154 0.924436 203.629 0.0486992 0.998237 0.0339159 3.40835 -0.923241 0.0579454 -0.379826 -19.3141
-0.382838 -0.0123728 0.923733 205.82 0.0493535 0.998208 0.0338247 3.47594 -0.922496 0.0585389 -0.381542 -20.2043
-0.387477 -0.0124075 0.921796 208.021 0.0499594 0.998157 0.0344359 3.54261 -0.920524 0.0593956 -0.386144 -21.1038
-0.388529 -0.0128195 0.921347 210.217 0.0512943 0.998051 0.0355174 3.61157 -0.920007 0.0610595 -0.387115 -22.0165
-0.391191 -0.0130181 0.920218 212.418 0.052204 0.997976 0.0363104 3.68783 -0.918828 0.0622434 -0.38972 -22.9301
-0.395666 -0.0128294 0.918305 214.617 0.0521409 0.997975 0.0364082 3.75439 -0.916913 0.0622868 -0.394197 -23.8713
-0.396706 -0.0123464 0.917863 216.807 0.0515429 0.998032 0.035702 3.82553 -0.916497 0.0614726 -0.395289 -24.8053
-0.39961 -0.0119074 0.916608 218.993 0.0511001 0.998071 0.0352437 3.89367 -0.915259 0.0609226 -0.398232 -25.7469
-0.404686 -0.0113375 0.914385 221.201 0.0508368 0.998097 0.0348747 3.95984 -0.913041 0.0605978 -0.40334 -26.7121
-0.405721 -0.0116438 0.913923 223.386 0.0494182 0.998176 0.0346557 4.03303 -0.91266 0.0592251 -0.404406 -27.6431
-0.408727 -0.0112875 0.912587 225.58 0.0496528 0.998167 0.0345844 4.09979 -0.911305 0.0594481 -0.407418 -28.6151
-0.413334 -0.011842 0.910502 227.782 0.0512239 0.998029 0.0362341 4.16346 -0.909137 0.0616164 -0.411913 -29.6032
-0.414489 -0.0128375 0.909964 229.968 0.0509366 0.998005 0.0372812 4.23403 -0.908628 0.0618032 -0.413009 -30.5697
-0.418727 -0.0132744 0.908015 232.192 0.0503185 0.998018 0.0377944 4.31248 -0.906717 0.0615156 -0.41723 -31.5767
-0.420299 -0.013979 0.907278 234.378 0.0489172 0.998078 0.038039 4.38761 -0.906066 0.0603693 -0.418808 -32.5544
-0.423498 -0.0141715 0.905786 236.571 0.0474459 0.998158 0.0377999 4.46807 -0.904653 0.0589842 -0.422046 -33.5566
-0.429305 -0.0149185 0.903036 238.76 0.0467507 0.998156 0.0387152 4.55045 -0.901949 0.0588383 -0.427816 -34.5755
-0.431322 -0.0147094 0.902078 240.931 0.0467785 0.998157 0.0386429 4.62818 -0.900984 0.0588655 -0.429839 -35.5823
-0.434945 -0.0149355 0.900333 243.113 0.0461031 0.998181 0.0388308 4.70934 -0.899276 0.0583975 -0.433466 -36.6154
-0.44066 -0.0162586 0.897527 245.289 0.0451598 0.998168 0.0402538 4.78543 -0.896537 0.0582705 -0.439119 -37.6584
-0.443271 -0.0162296 0.896241 247.452 0.0443989 0.998211 0.0400354 4.87092 -0.895287 0.0575387 -0.441758 -38.7002
-0.447042 -0.0157099 0.894375 249.611 0.0446663 0.998206 0.0398597 4.94431 -0.893397 0.0577675 -0.445539 -39.7458
-0.452279 -0.0156284 0.89174 251.764 0.0454949 0.99814 0.0405676 5.02356 -0.890715 0.0589175 -0.450727 -40.8234
-0.454804 -0.0158285 0.890451 253.906 0.0450607 0.998152 0.040758 5.10297 -0.889451 0.0586614 -0.45325 -41.8975
-0.460072 -0.0153824 0.887748 256.055 0.0443649 0.998203 0.0402882 5.17848 -0.886773 0.0579204 -0.458563 -42.9787
-0.462516 -0.0148564 0.886486 258.203 0.0442937 0.998224 0.0398388 5.25966 -0.885504 0.0576919 -0.461037 -44.0777
-0.466041 -0.0146449 0.884642 260.349 0.0444784 0.998211 0.0399568 5.33882 -0.883644 0.0579691 -0.464556 -45.1822
-0.471103 -0.0139176 0.881969 262.493 0.045764 0.998143 0.0401956 5.41507 -0.88089 0.0592987 -0.469591 -46.2972
-0.472848 -0.0124462 0.881056 264.634 0.0471295 0.998112 0.0393935 5.48936 -0.879882 0.0601509 -0.471369 -47.4166
-0.475955 -0.0115748 0.879394 266.772 0.0485617 0.998042 0.0394196 5.57445 -0.878128 0.0614668 -0.474461 -48.5508
-0.480719 -0.0112028 0.876803 268.922 0.0494432 0.997981 0.039859 5.65309 -0.87548 0.062513 -0.479195 -49.7021
-0.48172 -0.00966331 0.876272 271.052 0.050214 0.997992 0.0386101 5.73474 -0.874885 0.0626005 -0.480267 -50.8592
-0.486434 -0.00940228 0.873666 273.206 0.0507956 0.997946 0.0390214 5.81735 -0.872239 0.0633599 -0.484958 -52.0363
-0.487963 -0.00907478 0.872817 275.354 0.0509069 0.997948 0.0388362 5.90381 -0.871378 0.0633831 -0.4865 -53.2136
-0.491383 -0.00864792 0.870901 277.511 0.0510976 0.997942 0.0387399 6.00174 -0.869443 0.0635371 -0.48993 -54.4121
-0.496758 -0.00793351 0.867853 279.662 0.0517281 0.99791 0.0387315 6.09638 -0.866346 0.0641326 -0.49531 -55.6247
-0.498219 -0.00750955 0.867019 281.839 0.0523345 0.997879 0.0387162 6.18569 -0.865471 0.0646642 -0.496769 -56.8449
-0.501094 -0.00811664 0.865355 284.004 0.0509033 0.997948 0.0388364 6.28299 -0.863895 0.0635102 -0.499652 -58.0749
-0.506007 -0.00841685 0.862488 286.183 0.0515846 0.997867 0.0400018 6.36796 -0.860986 0.0647324 -0.504493 -59.3215
-0.506565 -0.00866138 0.862158 288.374 0.0526214 0.997775 0.0409418 6.45775 -0.860595 0.0661077 -0.504982 -60.5874
-0.508164 -0.00932806 0.86121 290.56 0.0531346 0.997697 0.0421589 6.54746 -0.85962 0.0671837 -0.506498 -61.849
-0.512389 -0.00971974 0.858698 292.739 0.0525968 0.997703 0.0426779 6.64807 -0.857141 0.0670326 -0.510701 -63.1257
-0.512936 -0.0104051 0.858364 294.956 0.0520527 0.99771 0.0431997 6.74927 -0.856847 0.0668389 -0.51122 -64.414
-0.517287 -0.0116217 0.855733 297.158 0.052502 0.997594 0.0452856 6.85986 -0.8542 0.0683534 -0.515432 -65.7194
-0.517509 -0.0116983 0.855598 299.362 0.0526013 0.997581 0.0454556 6.96592 -0.854059 0.0685293 -0.515642 -67.0324
-0.519527 -0.0113682 0.854378 301.575 0.0522375 0.997619 0.0450386 7.07644 -0.852856 0.0680294 -0.517696 -68.3501
-0.523459 -0.00974488 0.851995 303.798 0.0510514 0.997779 0.0427779 7.18595 -0.85052 0.065888 -0.521799 -69.6896
-0.525221 -0.010424 0.850902 306.017 0.0494672 0.99786 0.0427581 7.29734 -0.849527 0.0645492 -0.523582 -71.0244
-0.529448 -0.0112783 0.848268 308.269 0.0486558 0.997862 0.0436359 7.4009 -0.846946 0.0643761 -0.527767 -72.3792
-0.536083 -0.0138051 0.844052 310.532 0.0461198 0.997894 0.0456134 7.51937 -0.842904 0.0633801 -0.534318 -73.7705
-0.539163 -0.0147377 0.842072 312.764 0.045507 0.997877 0.0466018 7.6377 -0.840971 0.0634462 -0.537348 -75.1647
-0.543118 -0.0149585 0.839523 315.001 0.0459281 0.997815 0.0474914 7.75113 -0.8384 0.0643512 -0.541244 -76.5679
-0.549376 -0.0140636 0.835457 317.254 0.0472933 0.997732 0.0478941 7.85871 -0.834236 0.0658235 -0.547465 -77.9983
-0.551258 -0.0135119 0.834225 319.488 0.0479028 0.997707 0.0478141 7.98087 -0.832959 0.0663197 -0.549347 -79.4481
-0.556454 -0.0137781 0.830764 321.721 0.0489402 0.997583 0.0493254 8.09928 -0.829436 0.0681052 -0.554435 -80.9069
-0.557843 -0.0148636 0.829813 323.952 0.0489304 0.997512 0.050761 8.22148 -0.828503 0.0689199 -0.555728 -82.3692
-0.561564 -0.0162113 0.827275 326.188 0.0484016 0.997453 0.0524018 8.33449 -0.826017 0.0694684 -0.559349 -83.8398
-0.567859 -0.0168603 0.822953 328.418 0.04716 0.997482 0.0529775 8.46238 -0.821774 0.0688943 -0.565634 -85.3532
-0.568763 -0.0173086 0.822319 330.635 0.0476191 0.997409 0.05393 8.60099 -0.821122 0.0698315 -0.566465 -86.8562
-0.572411 -0.0180251 0.819769 332.859 0.0487349 0.997243 0.055957 8.73017 -0.818518 0.0719818 -0.569954 -88.3625
-0.578918 -0.01939 0.815155 335.07 0.0482065 0.997155 0.0579552 8.87037 -0.81396 0.0728471 -0.576336 -89.9195
-0.579935 -0.021336 0.814383 337.296 0.0472882 0.99709 0.0597974 9.01565 -0.813289 0.0731894 -0.577238 -91.4517
-0.583392 -0.0224346 0.811881 339.519 0.0472402 0.996989 0.0614949 9.1637 -0.810816 0.0742292 -0.580575 -93.0205
-0.588448 -0.0237553 0.808186 341.717 0.0473356 0.996842 0.0637661 9.3114 -0.807148 0.0757791 -0.585465 -94.5847
-0.589148 -0.0254034 0.807625 343.926 0.0456217 0.996866 0.0646361 9.47163 -0.806736 0.0749256 -0.586143 -96.1629
-0.594301 -0.0269746 0.80379 346.111 0.0418065 0.99705 0.0643709 9.64216 -0.803155 0.0718595 -0.591421 -97.7417
-0.595084 -0.0279738 0.803176 348.313 0.0388718 0.997223 0.0635329 9.80793 -0.802723 0.0690284 -0.592344 -99.3305
-0.598252 -0.0298757 0.80075 350.516 0.0375751 0.99716 0.0652765 9.96725 -0.800426 0.0691402 -0.595431 -100.935
-0.60276 -0.0306648 0.797333 352.705 0.037792 0.997043 0.0669151 10.1204 -0.797027 0.0704667 -0.599818 -102.549
-0.60408 -0.0318466 0.796287 354.901 0.0362579 0.997068 0.0673826 10.2769 -0.796099 0.0695762 -0.601154 -104.182
-0.607289 -0.0336656 0.793767 357.086 0.034663 0.997028 0.068806 10.4387 -0.793725 0.0692995 -0.604317 -105.809
-0.611716 -0.0361469 0.790251 359.259 0.0329811 0.996922 0.0711301 10.6161 -0.79039 0.0695749 -0.608641 -107.436
-0.613691 -0.0383392 0.788615 361.427 0.0311199 0.99687 0.0726808 10.7973 -0.788933 0.0691452 -0.610577 -109.099
-0.616536 -0.0390194 0.786359 363.584 0.0298382 0.996896 0.0728607 10.9761 -0.786761 0.0683848 -0.613458 -110.746
-0.620921 -0.0396198 0.782871 365.717 0.0285516 0.996916 0.0730975 11.161 -0.783353 0.0677401 -0.617875 -112.382
-0.622093 -0.0409669 0.78187 367.879 0.0277858 0.996846 0.0743385 11.3504 -0.78245 0.0679704 -0.618993 -114.069
-0.627143 -0.0417228 0.777786 369.99 0.0274196 0.996763 0.0755784 11.5363 -0.778422 0.0687251 -0.623969 -115.721
-0.627682 -0.0432322 0.777268 372.14 0.0243625 0.996877 0.0751209 11.7085 -0.778089 0.0660883 -0.624669 -117.411
-0.630029 -0.0468903 0.775155 374.27 0.0154283 0.997223 0.0728633 11.8695 -0.776419 0.0578654 -0.627555 -119.083
-0.635435 -0.0442442 0.770885 376.371 0.00847652 0.997897 0.0642605 12.0638 -0.772108 0.0473679 -0.633724 -120.747
-0.635204 -0.0372832 0.771444 378.452 0.0150014 0.998051 0.060587 12.1869 -0.772199 0.0500579 -0.633406 -122.428
-0.636772 -0.036633 0.770181 380.524 0.021966 0.997604 0.0656112 12.312 -0.770739 0.0586973 -0.634442 -124.118
-0.64144 -0.044323 0.765892 382.616 0.0228887 0.99678 0.0768542 12.5084 -0.766832 0.0668277 -0.63836 -125.848
-0.642713 -0.0544384 0.76417 384.679 0.0180597 0.996119 0.0861513 12.7114 -0.765894 0.0691713 -0.639235 -127.531
-0.64727 -0.0610404 0.759813 386.779 0.0109806 0.995939 0.089364 12.9281 -0.762182 0.0661859 -0.643971 -129.278
-0.64876 -0.0617212 0.758486 388.844 0.00926733 0.995991 0.0889747 13.1422 -0.760937 0.0647524 -0.645587 -130.985
-0.651718 -0.0575738 0.756273 390.895 0.0135901 0.996069 0.0875403 13.3424 -0.75834 0.0673295 -0.648373 -132.719
-0.655186 -0.0508514 0.753754 392.945 0.0185316 0.99635 0.0833262 13.541 -0.755241 0.0685625 -0.651852 -134.472
-0.656996 -0.0482429 0.752349 394.959 0.0190154 0.996573 0.0805086 13.7367 -0.753655 0.0672001 -0.653826 -136.201
-0.659998 -0.0486123 0.749693 396.993 0.0188874 0.996516 0.0812447 13.9413 -0.75103 0.0677812 -0.65678 -137.957
-0.664067 -0.048802 0.746079 399.03 0.0195513 0.996393 0.0825774 14.147 -0.747418 0.0694238 -0.660717 -139.726
-0.665871 -0.0494423 0.744427 401.033 0.0201059 0.996251 0.0841517 14.351 -0.745796 0.0710016 -0.66238 -141.476
-0.667838 -0.0494892 0.74266 403.041 0.0203156 0.996204 0.0846535 14.5572 -0.74403 0.0716225 -0.664297 -143.254
-0.670724 -0.04908 0.740081 405.055 0.0208742 0.996164 0.0849806 14.7761 -0.741413 0.0724472 -0.667127 -145.045
-0.671187 -0.0487807 0.739681 407.044 0.0213087 0.996151 0.0850298 14.9766 -0.740982 0.0728326 -0.667564 -146.831
-0.674022 -0.0492897 0.737065 409.036 0.02225 0.995965 0.08695 15.1798 -0.738376 0.075006 -0.670205 -148.619
-0.67452 -0.0501679 0.73655 411.007 0.0239563 0.995676 0.0897562 15.3984 -0.737868 0.0781874 -0.670401 -150.406
-0.676216 -0.0508614 0.734945 412.978 0.0252905 0.995424 0.0921571 15.615 -0.736269 0.0809053 -0.671835 -152.198
-0.679163 -0.0508078 0.732226 414.949 0.0242379 0.995505 0.0915576 15.839 -0.733587 0.0799302 -0.674879 -153.988
-0.679768 -0.0515681 0.731612 416.9 0.0201843 0.995832 0.0889458 16.0548 -0.733149 0.0752296 -0.675894 -155.768
-0.681696 -0.0532624 0.729694 418.85 0.0163784 0.995986 0.0880008 16.2793 -0.731452 0.0719411 -0.678087 -157.547
-0.683149 -0.0547304 0.728225 420.86 0.0156157 0.995865 0.0894941 16.4769 -0.730112 0.0725097 -0.679469 -159.4
-0.683346 -0.0557772 0.727961 422.801 0.014446 0.99585 0.0898637 16.6843 -0.729952 0.0719242 -0.679704 -161.191
-0.684562 -0.0557151 0.726822 424.762 0.0134281 0.995942 0.088992 16.9094 -0.728831 0.0706804 -0.681036 -163
-0.686273 -0.057282 0.725084 426.729 0.0117846 0.995888 0.0898293 17.1133 -0.727248 0.0701924 -0.682776 -164.823
-0.685999 -0.0592984 0.725182 428.678 0.012256 0.995591 0.0930037 17.3286 -0.727499 0.0726884 -0.682247 -166.636
-0.687283 -0.0625063 0.723695 430.619 0.0122506 0.995152 0.0975866 17.5462 -0.726286 0.0759354 -0.683185 -168.461
-0.685956 -0.0650123 0.724732 432.567 0.0160267 0.99441 0.104373 17.7647 -0.727466 0.0832103 -0.681079 -170.281
-0.684741 -0.0687198 0.725539 434.513 0.0179206 0.993656 0.111027 18.001 -0.728566 0.0890273 -0.679165 -172.096
-0.68379 -0.0725801 0.72606 436.44 0.012397 0.993742 0.111014 18.2611 -0.729574 0.0849113 -0.67861 -173.898
-0.681773 -0.0759446 0.727611 438.4 0.0032836 0.99427 0.106854 18.5389 -0.731557 0.0752393 -0.677616 -175.692
-0.679856 -0.0786796 0.729113 440.355 -0.00196267 0.99442 0.105479 18.797 -0.733343 0.0702797 -0.676216 -177.491
-0.678335 -0.0810314 0.73027 442.299 -0.00445721 0.994336 0.106192 19.0423 -0.734739 0.068779 -0.674854 -179.273
-0.674682 -0.0805946 0.733694 444.271 -0.00227991 0.994244 0.107119 19.3022 -0.738104 0.0705985 -0.670983 -181.079
-0.671998 -0.080326 0.736183 446.231 -0.00102308 0.9942 0.107545 19.5667 -0.740552 0.0715168 -0.668183 -182.864
-0.672146 -0.0818925 0.735876 448.188 -0.00407765 0.99426 0.106922 19.8223 -0.740408 0.0688668 -0.668621 -184.63
-0.668079 -0.0853439 0.739179 450.189 -0.00967876 0.994314 0.106053 20.085 -0.744027 0.0636978 -0.665106 -186.402
-0.668597 -0.0913478 0.737993 452.163 -0.017875 0.994114 0.106856 20.354 -0.74341 0.058252 -0.666294 -188.146
-0.666104 -0.0956037 0.739705 454.171 -0.0246593 0.994032 0.106269 20.61 -0.74545 0.0525454 -0.664486 -189.915
-0.665608 -0.0977276 0.739875 456.159 -0.0271719 0.993906 0.106837 20.873 -0.745807 0.051008 -0.664207 -191.678
-0.666269 -0.0979439 0.739251 458.134 -0.0253698 0.993741 0.108796 21.1268 -0.74528 0.053733 -0.664583 -193.439
-0.663882 -0.0998416 0.741142 460.12 -0.0250321 0.99346 0.111409 21.3846 -0.747418 0.0554104 -0.662039 -195.197
-0.662352 -0.102167 0.742194 462.101 -0.0260126 0.993198 0.113504 21.6748 -0.748741 0.0558735 -0.660503 -196.948
-0.663696 -0.102877 0.740894 464.084 -0.0271194 0.993156 0.113611 21.9443 -0.747511 0.0553107 -0.661943 -198.684
-0.659748 -0.104297 0.744214 466.058 -0.0297878 0.993174 0.112781 22.2305 -0.750896 0.0522384 -0.658351 -200.421
-0.657937 -0.104533 0.745782 468.058 -0.0302444 0.993189 0.112529 22.4857 -0.752465 0.0514817 -0.656617 -202.166
-0.66015 -0.104212 0.74387 470.058 -0.0277587 0.993038 0.114484 22.7614 -0.750621 0.0549277 -0.658446 -203.92
-0.656235 -0.104846 0.747236 472.052 -0.0259709 0.992852 0.1165 23.0451 -0.754109 0.0570452 -0.654267 -205.652
-0.657198 -0.104908 0.746381 474.057 -0.0253803 0.992785 0.117194 23.3245 -0.75329 0.0580767 -0.655119 -207.4
-0.654597 -0.106221 0.748478 476.067 -0.0256777 0.992633 0.118413 23.6081 -0.755542 0.0582939 -0.652502 -209.138
-0.65348 -0.106514 0.749412 478.079 -0.0248098 0.992532 0.119435 23.9113 -0.756537 0.0594558 -0.651242 -210.865
-0.654177 -0.108225 0.748558 480.073 -0.0257571 0.992324 0.120958 24.203 -0.755902 0.0598475 -0.651943 -212.583
-0.652102 -0.107694 0.750442 482.097 -0.0260274 0.992456 0.119807 24.5136 -0.757684 0.0585948 -0.649986 -214.31
-0.651229 -0.107545 0.751222 484.12 -0.0268804 0.992556 0.118792 24.7984 -0.758405 0.0571677 -0.649271 -216.042
-0.652049 -0.10793 0.750455 486.128 -0.0263532 0.992445 0.119835 25.0837 -0.757718 0.0583613 -0.649967 -217.759
-0.64987 -0.109719 0.752084 488.145 -0.0269942 0.992234 0.121428 25.3916 -0.759566 0.0586106 -0.647784 -219.485
-0.649931 -0.111478 0.751773 490.163 -0.0285595 0.992068 0.12242 25.684 -0.759457 0.0580943 -0.647959 -221.209
-0.65166 -0.112218 0.750164 492.134 -0.0287654 0.991941 0.123397 26.0046 -0.757966 0.0588344 -0.649636 -222.887
-0.650635 -0.111773 0.751119 494.142 -0.028064 0.991973 0.123305 26.3139 -0.758871 0.0591472 -0.648549 -224.61
-0.652627 -0.111786 0.749387 496.149 -0.0275529 0.991904 0.123967 26.6198 -0.757178 0.0602566 -0.650424 -226.325
-0.651258 -0.112823 0.750422 498.169 -0.0273231 0.991732 0.12539 26.9279 -0.758364 0.0611575 -0.648956 -228.048
-0.651544 -0.114893 0.74986 500.176 -0.0287823 0.991497 0.126908 27.2418 -0.758065 0.0611037 -0.649311 -229.759
-0.652859 -0.116099 0.748529 502.18 -0.0293463 0.99132 0.128162 27.5588 -0.756911 0.061705 -0.650599 -231.475
-0.651803 -0.116743 0.749348 504.198 -0.030547 0.991321 0.12787 27.8726 -0.757772 0.0604561 -0.649712 -233.201
-0.651931 -0.116917 0.74921 506.213 -0.0306668 0.991299 0.128011 28.1885 -0.757657 0.0604787 -0.649844 -234.928
-0.652815 -0.116913 0.748441 508.205 -0.0303975 0.991266 0.128331 28.5018 -0.756907 0.0610258 -0.650667 -236.64
-0.651417 -0.11735 0.749589 510.209 -0.0300321 0.991181 0.129073 28.8261 -0.758125 0.0615685 -0.649196 -238.364
-0.652433 -0.117617 0.748664 512.204 -0.0304938 0.991158 0.129139 29.1469 -0.757233 0.0614251 -0.65025 -240.081
-0.651403 -0.118267 0.749457 514.201 -0.0315663 0.991147 0.12897 29.4673 -0.758075 0.060354 -0.649369 -241.796
-0.651114 -0.119657 0.749488 516.227 -0.0325637 0.99099 0.129923 29.7798 -0.758281 0.0601886 -0.649143 -243.521
-0.65137 -0.121256 0.749008 518.203 -0.0335591 0.990787 0.131212 30.1001 -0.758018 0.0603317 -0.649437 -245.194
-0.650193 -0.122207 0.749876 520.216 -0.033483 0.99063 0.13241 30.4414 -0.759031 0.060984 -0.648192 -246.932
-0.649952 -0.122734 0.749999 522.219 -0.0340346 0.990584 0.13261 30.7645 -0.759213 0.0606646 -0.648009 -248.651
-0.651344 -0.123111 0.748728 524.199 -0.0342436 0.990515 0.133077 31.0902 -0.75801 0.06104 -0.649381 -250.34
-0.649761 -0.12294 0.75013 526.216 -0.0339865 0.990547 0.132903 31.4283 -0.759379 0.0608607 -0.647797 -252.069
-0.649652 -0.124766 0.749923 528.23 -0.0346314 0.990275 0.134753 31.7712 -0.759443 0.0615718 -0.647655 -253.783
-0.651084 -0.125976 0.748477 530.203 -0.0364657 0.990184 0.134937 32.0983 -0.758129 0.0605618 -0.649287 -255.469
-0.650144 -0.126503 0.749205 532.243 -0.0371327 0.990155 0.134964 32.4284 -0.758903 0.0599261 -0.648441 -257.206
-0.649964 -0.128785 0.748973 534.255 -0.037594 0.989779 0.137568 32.7651 -0.759034 0.0612573 -0.648163 -258.927
-0.651546 -0.129926 0.7474 536.241 -0.0376499 0.989549 0.1392 33.1073 -0.757674 0.0625556 -0.649628 -260.625
-0.651034 -0.131066 0.747647 538.28 -0.0378455 0.98936 0.140485 33.453 -0.758105 0.0631653 -0.649067 -262.367
-0.652861 -0.130935 0.746075 540.266 -0.039168 0.989465 0.139376 33.7885 -0.756464 0.0617708 -0.651112 -264.069
-0.65167 -0.129227 0.747413 542.286 -0.0389066 0.989779 0.137209 34.1404 -0.757505 0.0603355 -0.650036 -265.797
-0.651939 -0.129701 0.747096 544.281 -0.0386308 0.989665 0.138102 34.4776 -0.757287 0.0611734 -0.650211 -267.507
-0.653514 -0.131226 0.745452 546.27 -0.0378937 0.989295 0.140931 34.8241 -0.755966 0.0638522 -0.65149 -269.222
-0.652037 -0.133023 0.746426 548.262 -0.0374447 0.988938 0.143532 35.1778 -0.757262 0.0656383 -0.649805 -270.933
-0.651767 -0.133147 0.74664 550.279 -0.0370102 0.988881 0.144038 35.5302 -0.757516 0.0662463 -0.649447 -272.658
-0.653947 -0.132816 0.744791 552.264 -0.0370562 0.988912 0.143812 35.896 -0.755633 0.0664466 -0.651617 -274.373
-0.652356 -0.132596 0.746224 554.274 -0.0363946 0.988923 0.143905 36.2566 -0.757039 0.0667188 -0.649955 -276.099
-0.653926 -0.132495 0.744866 556.252 -0.0352596 0.988814 0.144932 36.6188 -0.755736 0.0685115 -0.651282 -277.808
-0.652419 -0.133985 0.745921 558.271 -0.0349969 0.988525 0.146952 36.9853 -0.75705 0.0697696 -0.649621 -279.561
-0.652556 -0.135422 0.745541 560.276 -0.0355296 0.988287 0.148417 37.3507 -0.756907 0.0703617 -0.649723 -281.28
-0.653971 -0.136082 0.744179 562.261 -0.0360472 0.988177 0.149023 37.7211 -0.75566 0.0706312 -0.651144 -282.991
-0.65226 -0.136737 0.74556 564.263 -0.0352334 0.988001 0.150377 38.0965 -0.757176 0.0718164 -0.649251 -284.726
-0.651662 -0.137428 0.745955 566.259 -0.0344977 0.987803 0.151846 38.4705 -0.757724 0.0732189 -0.648454 -286.44
-0.652644 -0.13964 0.744686 568.238 -0.0366508 0.987538 0.153058 38.8463 -0.756778 0.0725988 -0.649628 -288.13
-0.651307 -0.140827 0.745631 570.256 -0.0371486 0.987368 0.154035 39.2328 -0.757904 0.0726248 -0.648311 -289.867
-0.652583 -0.141535 0.744381 572.237 -0.0381969 0.987296 0.154236 39.6149 -0.756754 0.0722188 -0.649698 -291.572
-0.65144 -0.140199 0.745634 574.242 -0.0364528 0.987428 0.153814 40.005 -0.757824 0.0730205 -0.64836 -293.311
-0.651212 -0.140113 0.745849 576.248 -0.0355543 0.987363 0.15444 40.3904 -0.758063 0.0740554 -0.647963 -295.035
-0.651835 -0.141668 0.745011 578.217 -0.0359357 0.987064 0.156255 40.7854 -0.757509 0.0750798 -0.648493 -296.73
-0.650383 -0.142131 0.74619 580.236 -0.0349167 0.986895 0.157546 41.1802 -0.758803 0.076411 -0.646822 -298.454
-0.650926 -0.142735 0.745602 582.185 -0.035508 0.986815 0.157912 41.56 -0.758311 0.0763144 -0.647412 -300.131
-0.649658 -0.143012 0.746653 584.213 -0.0359302 0.986826 0.157752 41.9588 -0.759377 0.0756575 -0.646237 -301.857
-0.649085 -0.143441 0.74707 586.216 -0.0361027 0.986764 0.158095 42.3519 -0.759859 0.0756462 -0.645672 -303.548
-0.648748 -0.144683 0.747123 588.211 -0.0362421 0.986521 0.159573 42.7511 -0.76014 0.0764453 -0.645247 -305.264
-0.649237 -0.145488 0.746541 590.154 -0.0365373 0.986368 0.160451 43.1406 -0.759708 0.0768942 -0.645702 -306.927
-0.647928 -0.146407 0.747498 592.175 -0.0374188 0.986287 0.160743 43.5633 -0.760782 0.0761797 -0.644522 -308.656
-0.648575 -0.147257 0.74677 594.156 -0.0384163 0.98619 0.161104 43.9562 -0.76018 0.0757999 -0.645275 -310.328
-0.647793 -0.147153 0.747469 596.171 -0.0386439 0.986252 0.160671 44.3617 -0.760835 0.0751968 -0.644574 -312.045
-0.647995 -0.147489 0.747228 598.174 -0.0379126 0.986102 0.161761 44.7688 -0.760701 0.0764909 -0.64458 -313.747
-0.649172 -0.148933 0.745918 600.134 -0.0375737 0.985726 0.164113 45.1696 -0.759713 0.0785111 -0.645502 -315.415
-0.648126 -0.15012 0.74659 602.149 -0.0378116 0.985513 0.165337 45.5949 -0.760594 0.0789294 -0.644413 -317.14
-0.648058 -0.150249 0.746623 604.141 -0.0384401 0.985551 0.164965 46.0017 -0.760621 0.0782064 -0.644469 -318.83
-0.649108 -0.149325 0.745896 606.086 -0.0386501 0.985752 0.163708 46.413 -0.759714 0.0774353 -0.64563 -320.498
-0.648108 -0.148672 0.746895 608.115 -0.0384354 0.985895 0.162894 46.8255 -0.760578 0.076866 -0.644681 -322.209
-0.648843 -0.148748 0.746242 610.043 -0.0376427 0.985781 0.163766 47.2308 -0.759991 0.0781683 -0.645216 -323.883
-0.64866 -0.149565 0.746238 612.102 -0.0369723 0.985536 0.165388 47.6463 -0.76018 0.0796907 -0.644807 -325.623
-0.648822 -0.151324 0.745742 614.108 -0.0369003 0.985132 0.167796 48.0616 -0.760045 0.0813519 -0.644759 -327.334
-0.6495 -0.152005 0.745013 616.065 -0.0368783 0.984959 0.168811 48.4835 -0.759467 0.0821678 -0.645336 -329.013
-0.648628 -0.151834 0.745807 618.074 -0.0370011 0.985032 0.168357 48.9144 -0.760206 0.0816053 -0.644537 -330.736
-0.648483 -0.152568 0.745783 620.067 -0.037919 0.984968 0.168527 49.3318 -0.760284 0.0810077 -0.64452 -332.433
-0.648495 -0.153068 0.745671 622.034 -0.0381526 0.98488 0.168991 49.7469 -0.760263 0.0811406 -0.644529 -334.111
-0.647813 -0.154144 0.746041 624.058 -0.038329 0.984671 0.170166 50.1897 -0.760835 0.0816406 -0.64379 -335.85
-0.647605 -0.154641 0.746119 626.053 -0.0382418 0.984553 0.170866 50.6156 -0.761016 0.0821211 -0.643515 -337.547
-0.647807 -0.155072 0.745854 628.006 -0.0376519 0.984384 0.171963 51.0411 -0.760874 0.0833161 -0.643529 -339.208
-0.647646 -0.155418 0.745922 630.061 -0.0371557 0.984254 0.172816 51.482 -0.761035 0.0842084 -0.643222 -340.958
-0.647441 -0.155669 0.746048 632.009 -0.0368586 0.984168 0.173368 51.9142 -0.761224 0.0847474 -0.642928 -342.606
-0.646685 -0.156738 0.746479 634.03 -0.0361698 0.983861 0.175246 52.3524 -0.761899 0.0863294 -0.641917 -344.335
-0.646076 -0.157283 0.746892 636.018 -0.0359223 0.983721 0.176081 52.792 -0.762428 0.0869319 -0.641208 -346.024
-0.646183 -0.157471 0.74676 637.994 -0.0367458 0.983767 0.175653 53.2212 -0.762298 0.0860638 -0.641479 -347.693
-0.645081 -0.155737 0.748075 640.012 -0.0349745 0.984002 0.174694 53.6526 -0.763314 0.086528 -0.640207 -349.405
-0.644964 -0.156587 0.747998 642.003 -0.0342725 0.983725 0.176383 54.0942 -0.763444 0.0881252 -0.639834 -351.086
-0.644451 -0.157356 0.748279 643.955 -0.0335229 0.98347 0.177943 54.5396 -0.76391 0.0895912 -0.639073 -352.738
-0.643406 -0.157772 0.749091 645.99 -0.0325767 0.983289 0.179118 54.9771 -0.764832 0.0908427 -0.637793 -354.434
-0.644192 -0.158534 0.748253 647.941 -0.0325801 0.983084 0.180239 55.4235 -0.76417 0.0917307 -0.63846 -356.096
-0.642926 -0.159041 0.749234 649.997 -0.0325103 0.98299 0.180764 55.8794 -0.765238 0.0918601 -0.63716 -357.81
-0.643001 -0.159362 0.749101 651.981 -0.0318456 0.98283 0.18175 56.3364 -0.765203 0.0930101 -0.637035 -359.487
