1 0 0 0 0 1 0 0 0 0 1 0
0.999043 -0.000124753 0.0437346 0.0267088 0.000104135 1 0.000473707 -0.00821476 -0.0437346 -0.0004687 0.999043 0.998506
0.995891 -0.000253607 0.0905545 0.10812 0.000331175 1 -0.000841572 -0.033052 -0.0905543 0.000868104 0.995891 2.01786
0.990824 -0.000538769 0.135154 0.235545 0.00111325 0.999991 -0.00417505 -0.0460831 -0.135151 0.0042872 0.990816 2.98128
0.983151 0.00485459 0.182732 0.391398 -0.00356455 0.999966 -0.00738751 -0.0748055 -0.182761 0.00661168 0.983135 3.98822
0.97373 0.00406926 0.227671 0.600274 -0.00276959 0.999978 -0.00602773 -0.114947 -0.22769 0.00523883 0.973719 4.93606
0.961919 0.00396848 0.273304 0.856541 -0.00248476 0.99998 -0.00577476 -0.11939 -0.273322 0.00487576 0.96191 5.88755
0.947601 0.00380063 0.319434 1.17253 -0.00137747 0.999969 -0.00781138 -0.159363 -0.319454 0.00696206 0.947576 6.85674
0.932696 0.0033527 0.360649 1.50759 -0.000652236 0.999971 -0.00760925 -0.180241 -0.360664 0.00686189 0.932671 7.75343
0.915036 0.00333174 0.403357 1.88739 -0.000438692 0.999974 -0.0072646 -0.160677 -0.403371 0.00647042 0.915014 8.66111
0.894653 0.00271884 0.446753 2.32334 0.000105825 0.99998 -0.00629758 -0.178227 -0.446761 0.00568142 0.894635 9.56871
0.873088 0.00237289 0.487556 2.77234 0.000413395 0.999984 -0.00560712 -0.192539 -0.487562 0.00509706 0.873074 10.423
0.848032 0.0022076 0.52994 3.28349 0.000559035 0.999987 -0.00506029 -0.196735 -0.529945 0.00458754 0.84802 11.2772
0.822708 0.00197627 0.56846 3.81277 0.000736363 0.99999 -0.0045422 -0.210499 -0.568463 0.0041555 0.822698 12.0737
0.795176 0.00146253 0.606377 4.39295 0.00123375 0.999991 -0.00402977 -0.238199 -0.606378 0.00395249 0.795167 12.8502
0.765223 0.00147426 0.643764 5.01481 0.00136326 0.999992 -0.00391051 -0.218047 -0.643764 0.00387003 0.765214 13.6177
0.735166 -0.0020008 0.677885 5.64873 0.00668718 0.999969 -0.0043008 -0.236027 -0.677855 0.00769493 0.735156 14.3182
0.702664 -0.0022025 0.711518 6.32357 0.00702103 0.999968 -0.00383827 -0.225168 -0.711487 0.00769261 0.702657 15.0077
0.667965 -0.002352 0.744189 7.04167 0.00762467 0.999964 -0.00368332 -0.235497 -0.744154 0.00813452 0.667959 15.66
0.63184 -0.00437604 0.775086 7.76977 0.0130525 0.999903 -0.00499492 -0.250392 -0.774989 0.0132728 0.631836 16.2863
0.595001 -0.00478498 0.80371 8.53696 0.0138841 0.999894 -0.00432565 -0.244644 -0.803605 0.0137325 0.595005 16.8531
0.557645 -0.00161964 0.830078 9.31312 0.0147819 0.999859 -0.00797954 -0.265735 -0.829948 0.0167199 0.55759 17.3935
0.518676 0.000611928 0.854971 10.1137 0.016659 0.999803 -0.0108219 -0.311373 -0.854809 0.0198561 0.518564 17.8991
0.47958 0.000509496 0.877498 10.9436 0.0184119 0.999774 -0.0106432 -0.326343 -0.877305 0.0212606 0.479462 18.3725
0.440811 -0.00312615 0.897595 11.8015 0.0241612 0.999673 -0.00838396 -0.338497 -0.897275 0.0253827 0.440742 18.8121
0.4033 -0.0044707 0.915057 12.6868 0.0265179 0.999625 -0.00680356 -0.385055 -0.914684 0.0270093 0.403267 19.2076
0.367284 -0.00495518 0.930095 13.597 0.0271857 0.999616 -0.00540978 -0.394445 -0.929711 0.0272722 0.367278 19.5748
0.333593 -0.00534693 0.942702 14.5025 0.0272923 0.99962 -0.00398813 -0.393527 -0.942322 0.0270589 0.333612 19.9043
0.299477 -0.00634451 0.954082 15.4406 0.0276546 0.999616 -0.00203321 -0.403448 -0.953703 0.0269937 0.299537 20.2065
0.266736 -0.00687915 0.963745 16.3928 0.0281613 0.999603 -0.000659108 -0.413594 -0.963358 0.0273162 0.266824 20.4864
0.234157 -0.00693708 0.972174 17.3592 0.0280211 0.999608 0.000383716 -0.402384 -0.971795 0.0271515 0.234259 20.7362
0.202464 -0.00704871 0.979264 18.3463 0.0277209 0.999615 0.00146388 -0.408073 -0.978897 0.0268497 0.202581 20.9452
0.172398 -0.0076892 0.984997 19.335 0.0278824 0.999607 0.00292318 -0.422518 -0.984633 0.0269601 0.172544 21.1329
0.141372 -0.00832336 0.989921 20.3452 0.0280725 0.999596 0.00439564 -0.42802 -0.989558 0.0271681 0.141549 21.2877
0.110154 -0.00893462 0.993874 21.3932 0.02793 0.999593 0.00589047 -0.411698 -0.993522 0.0271101 0.110358 21.4152
0.0809816 -0.00970896 0.996668 22.4367 0.0276544 0.99959 0.00749044 -0.417882 -0.996332 0.0269557 0.0812168 21.5134
0.0527692 -0.0104543 0.998552 23.5139 0.0275846 0.999579 0.00900731 -0.429453 -0.998226 0.0270693 0.0530353 21.5775
0.0282435 -0.00931049 0.999558 24.5736 0.0329431 0.999422 0.00837839 -0.427114 -0.999058 0.0326918 0.0285338 21.6096
0.00496245 -0.00779622 0.999957 25.6652 0.0384587 0.999232 0.00759971 -0.411695 -0.999248 0.0384193 0.00525837 21.6178
-0.016543 -0.00823809 0.999829 26.7863 0.044486 0.99897 0.00896707 -0.415834 -0.998873 0.0446267 -0.0161596 21.6037
-0.0336714 -0.00925278 0.99939 27.9013 0.0505024 0.998664 0.0109476 -0.393233 -0.998156 0.0508402 -0.0331593 21.5571
-0.0492885 -0.00998208 0.998735 29.0238 0.0507577 0.998633 0.012486 -0.392554 -0.997494 0.0513089 -0.0487145 21.517
-0.0644832 -0.011008 0.997858 30.1569 0.050967 0.998598 0.0143097 -0.387568 -0.996616 0.0517806 -0.0638318 21.4496
-0.0770447 -0.0117893 0.996958 31.2913 0.0508059 0.998585 0.0157348 -0.369769 -0.995732 0.0518636 -0.0763368 21.3688
-0.0892303 -0.012073 0.995938 32.4379 0.0505484 0.998583 0.016634 -0.358089 -0.994727 0.0518273 -0.0884937 21.2784
-0.101487 -0.0117819 0.994767 33.5954 0.0500386 0.998604 0.0169323 -0.345518 -0.993578 0.0514952 -0.100756 21.1728
-0.110949 -0.0117943 0.993756 34.7582 0.0497076 0.998612 0.0174016 -0.332363 -0.992582 0.0513279 -0.110208 21.0486
-0.121288 -0.0113804 0.992552 35.9665 0.0493706 0.998628 0.017483 -0.316524 -0.991389 0.0511233 -0.12056 20.9162
-0.127948 -0.0112522 0.991717 37.1828 0.0490077 0.998643 0.0176536 -0.291308 -0.990569 0.0508605 -0.127223 20.7606
-0.13404 -0.0112608 0.990912 38.4192 0.0486807 0.998654 0.0179338 -0.270181 -0.989779 0.0506422 -0.133311 20.6035
-0.140199 -0.0115503 0.990056 39.6882 0.0483889 0.998657 0.0185028 -0.259319 -0.98894 0.0505017 -0.139452 20.4386
-0.143762 -0.0111554 0.989549 40.9621 0.0480604 0.998678 0.0182406 -0.229431 -0.988444 0.0501805 -0.143036 20.2552
-0.147605 -0.0114627 0.98898 42.2755 0.0479766 0.998673 0.0187356 -0.213991 -0.987882 0.0502134 -0.146859 20.0656
-0.151702 -0.0119387 0.988354 43.6087 0.0479019 0.998664 0.0194156 -0.187055 -0.987265 0.0502894 -0.150927 19.8721
-0.153272 -0.0137513 0.988088 44.9543 0.0480694 0.998616 0.0213543 -0.157139 -0.987014 0.0507698 -0.152399 19.6741
-0.155387 -0.0145114 0.987747 46.3246 0.0479412 0.998603 0.0222127 -0.127869 -0.98669 0.0508054 -0.154474 19.4664
-0.158633 -0.0159313 0.987209 47.7219 0.0479549 0.998566 0.0238203 -0.110685 -0.986172 0.0511202 -0.157642 19.2483
-0.158285 -0.0160771 0.987263 49.1304 0.0478109 0.99857 0.0239266 -0.0666636 -0.986235 0.0509891 -0.15729 19.0212
-0.160089 -0.0167189 0.986961 50.5663 0.0478705 0.998549 0.02468 -0.051655 -0.985941 0.0511973 -0.159056 18.7941
-0.158713 -0.0163662 0.987189 52.0198 0.0476771 0.998569 0.0242201 -0.00715016 -0.986173 0.0509103 -0.157706 18.5594
-0.158256 -0.0166543 0.987258 53.4908 0.0474604 0.998574 0.024453 0.0202752 -0.986257 0.0507255 -0.15724 18.3316
-0.15846 -0.017259 0.987215 54.975 0.0475422 0.998554 0.0250883 0.0559618 -0.98622 0.0509098 -0.15741 18.1031
-0.156087 -0.0178979 0.987581 56.4944 0.0475509 0.998541 0.0256119 0.100675 -0.986598 0.050958 -0.155008 17.8652
-0.154993 -0.0182768 0.987746 58.033 0.047947 0.998512 0.0259996 0.132491 -0.986751 0.0513892 -0.153886 17.6258
-0.155687 -0.0184409 0.987634 59.5775 0.047707 0.998519 0.0261645 0.173113 -0.986654 0.0511905 -0.154576 17.3834
-0.153107 -0.0189702 0.988028 61.166 0.0482615 0.998479 0.0266496 0.209371 -0.98703 0.0517639 -0.151958 17.1364
-0.153937 -0.0191514 0.987895 62.7485 0.0482366 0.998475 0.0268729 0.255694 -0.986902 0.0517895 -0.152779 16.8968
-0.151987 -0.0208503 0.988163 64.3844 0.0493461 0.998371 0.0286556 0.30488 -0.987149 0.0531173 -0.150711 16.6471
-0.151172 -0.0222356 0.988257 66.0136 0.0506583 0.998259 0.0302098 0.356883 -0.987208 0.0546303 -0.149782 16.4033
-0.152224 -0.0216498 0.988109 67.6487 0.0515655 0.998225 0.0298154 0.396576 -0.987 0.055491 -0.150837 16.1631
-0.150397 -0.0212322 0.988398 69.3129 0.0525379 0.998185 0.0294367 0.441623 -0.987228 0.0563555 -0.149008 15.9125
-0.14982 -0.0215086 0.988479 70.9875 0.052696 0.998169 0.0297063 0.498534 -0.987308 0.0565395 -0.148412 15.6707
-0.151172 -0.0224284 0.988253 72.6602 0.053351 0.998101 0.0308129 0.536136 -0.987066 0.0573823 -0.149688 15.4293
-0.149833 -0.0229681 0.988445 74.3796 0.0532973 0.998089 0.0312712 0.597823 -0.987273 0.0573669 -0.148322 15.1752
-0.150971 -0.0237362 0.988253 76.0776 0.054512 0.997991 0.0322977 0.638094 -0.987034 0.0587477 -0.149374 14.926
-0.149536 -0.0237139 0.988472 77.832 0.0552029 0.997953 0.0322925 0.700639 -0.987214 0.0593954 -0.147921 14.6683
-0.149624 -0.0236564 0.98846 79.5856 0.0555826 0.997932 0.0322966 0.751275 -0.987179 0.0597736 -0.148 14.4139
-0.152024 -0.0230078 0.988109 81.3416 0.0552027 0.997971 0.0317306 0.808508 -0.986834 0.0593702 -0.150446 14.1626
-0.152123 -0.0227243 0.9881 83.132 0.0547085 0.99801 0.0313748 0.863188 -0.986846 0.0588303 -0.150577 13.8901
-0.153215 -0.0226482 0.987933 84.9248 0.0544016 0.998028 0.0313166 0.916296 -0.986694 0.0585433 -0.151681 13.6121
-0.155565 -0.0230979 0.987556 86.7274 0.0535664 0.998059 0.0317817 0.96833 -0.986372 0.0578439 -0.154026 13.3528
-0.155196 -0.0237712 0.987598 88.5524 0.0532627 0.998055 0.0323929 1.01317 -0.986446 0.0576294 -0.153628 13.0654
-0.155531 -0.0239297 0.987541 90.3846 0.052333 0.998103 0.0324278 1.08183 -0.986443 0.0567245 -0.153984 12.791
-0.158835 -0.0233853 0.987028 92.2352 0.0522522 0.998119 0.0320566 1.1303 -0.985921 0.0566662 -0.157314 12.5152
-0.159924 -0.0227817 0.986867 94.1011 0.0518703 0.998159 0.0314481 1.19577 -0.985765 0.0562183 -0.158448 12.222
-0.165787 -0.0223719 0.985908 95.9769 0.0518344 0.998163 0.0313663 1.24651 -0.984798 0.0563041 -0.164322 11.9272
-0.168623 -0.0228855 0.985415 97.8663 0.0509619 0.998191 0.0319028 1.30817 -0.984362 0.0555981 -0.167152 11.6175
-0.173378 -0.022894 0.984589 99.7648 0.0504181 0.998213 0.0320891 1.36999 -0.983564 0.0552047 -0.171914 11.3029
-0.179627 -0.0223109 0.983482 101.676 0.0499473 0.998247 0.0317684 1.4244 -0.982466 0.0548287 -0.178197 10.9786
-0.18272 -0.0215699 0.982928 103.591 0.0498834 0.998269 0.0311795 1.47672 -0.981898 0.0547289 -0.181328 10.6347
-0.187482 -0.020296 0.982058 105.509 0.0495318 0.99832 0.030088 1.53095 -0.981018 0.0542841 -0.186162 10.2874
-0.194452 -0.0198064 0.980712 107.44 0.0491488 0.998344 0.0299076 1.58529 -0.97968 0.0540164 -0.193156 9.93021
-0.197991 -0.0198273 0.980003 109.389 0.0486405 0.998365 0.0300257 1.64249 -0.978996 0.0536127 -0.196703 9.55581
-0.205282 -0.0200781 0.978497 111.343 0.047692 0.998397 0.0304919 1.69423 -0.97754 0.0529259 -0.203995 9.17262
-0.209178 -0.0208765 0.977655 113.301 0.0474368 0.998379 0.0314686 1.74923 -0.976726 0.0529594 -0.207849 8.76816
-0.214703 -0.0211423 0.976451 115.269 0.0473461 0.998365 0.0320274 1.8063 -0.975531 0.0531075 -0.213351 8.35244
-0.222353 -0.0206953 0.974747 117.239 0.0471729 0.998376 0.0319578 1.86116 -0.973824 0.0530875 -0.221015 7.9286
-0.226253 -0.0199591 0.973864 119.223 0.0467497 0.998416 0.0313234 1.92592 -0.972946 0.0526148 -0.224962 7.47954
-0.232344 -0.0200534 0.972427 121.212 0.047042 0.998386 0.0318286 1.98008 -0.971495 0.0531401 -0.231026 7.02384
-0.239813 -0.0203696 0.970605 123.198 0.0460955 0.998414 0.0323423 2.04144 -0.969724 0.0524967 -0.238494 6.55967
-0.243188 -0.0201893 0.969769 125.2 0.0451402 0.998465 0.0321065 2.09764 -0.968928 0.0515835 -0.241904 6.06496
-0.250918 -0.0203044 0.967795 127.192 0.0443089 0.998492 0.0324363 2.16177 -0.966994 0.0510208 -0.24964 5.57432
-0.253666 -0.0212284 0.967059 129.209 0.0445308 0.998443 0.0335981 2.22278 -0.966266 0.0515865 -0.252325 5.05908
-0.257675 -0.0217866 0.965986 131.217 0.0453585 0.998371 0.0346164 2.28446 -0.965166 0.0527355 -0.256267 4.53836
-0.264582 -0.0209829 0.964135 133.224 0.0449569 0.998408 0.0340661 2.33698 -0.963314 0.0523578 -0.263218 4.00763
-0.264842 -0.0212115 0.964058 135.268 0.0444498 0.998427 0.0341788 2.39993 -0.963266 0.0519042 -0.263483 3.4718
-0.268458 -0.0216438 0.963048 137.306 0.0429479 0.998485 0.0344123 2.45533 -0.962333 0.0505992 -0.267121 2.92662
-0.275822 -0.0204524 0.960991 139.321 0.0418867 0.998569 0.0332745 2.49575 -0.960295 0.0494306 -0.274571 2.35112
-0.278762 -0.0207455 0.960136 141.431 0.0400986 0.998644 0.0332195 2.54811 -0.959522 0.0477605 -0.277552 1.77245
-0.285839 -0.0216808 0.958032 143.451 0.0394619 0.99863 0.0343735 2.62386 -0.957465 0.0476311 -0.284592 1.18777
-0.289048 -0.0242844 0.957006 145.511 0.0382549 0.998587 0.0368938 2.66068 -0.95655 0.0472743 -0.287711 0.585677
-0.293621 -0.0226976 0.955652 147.585 0.0388984 0.998607 0.0356692 2.74136 -0.95513 0.0476466 -0.292329 -0.0285281
-0.299442 -0.0234155 0.953827 149.647 0.038764 0.998575 0.0366835 2.79168 -0.953327 0.0479587 -0.298107 -0.656509
-0.302429 -0.02435 0.952861 151.728 0.0381646 0.998563 0.037631 2.86721 -0.952407 0.0477463 -0.301065 -1.3049
-0.30678 -0.0251703 0.951448 153.819 0.0375563 0.998552 0.0385259 2.93007 -0.951039 0.0475519 -0.30539 -1.95875
-0.312569 -0.0240348 0.949591 155.933 0.0380654 0.99856 0.0378039 3.00175 -0.949132 0.0479629 -0.311204 -2.62883
-0.314371 -0.0229094 0.949024 158.011 0.0382967 0.998589 0.036792 3.07768 -0.948527 0.0479108 -0.31305 -3.30387
-0.317994 -0.0214734 0.947849 160.118 0.0386856 0.998617 0.0356022 3.14694 -0.947303 0.0479895 -0.316724 -3.9851
-0.323611 -0.020797 0.945961 162.226 0.0389366 0.998619 0.0352748 3.21446 -0.945388 0.0482478 -0.322355 -4.69003
-0.325191 -0.0201547 0.945434 164.329 0.0387004 0.998652 0.0346006 3.28611 -0.944856 0.0478404 -0.323972 -5.39915
-0.330669 -0.020481 0.943524 166.446 0.0380502 0.998663 0.035013 3.35728 -0.942979 0.047479 -0.329447 -6.10393
-0.332683 -0.0206526 0.942813 168.563 0.0379691 0.998657 0.0352737 3.42335 -0.942274 0.0475327 -0.331452 -6.84082
-0.336435 -0.0204566 0.941484 170.688 0.0385263 0.998629 0.0354654 3.48747 -0.940918 0.0482037 -0.335185 -7.58122
-0.341644 -0.0199973 0.939617 172.825 0.0394858 0.998586 0.0356093 3.54656 -0.939 0.0492672 -0.340371 -8.34194
-0.342895 -0.0201281 0.939158 174.953 0.0399706 0.998553 0.0359946 3.61752 -0.938523 0.0498811 -0.341594 -9.10933
-0.34569 -0.0211661 0.93811 177.096 0.0393339 0.998541 0.037024 3.68594 -0.937524 0.0496983 -0.344353 -9.87482
-0.350895 -0.020909 0.936181 179.26 0.0386171 0.998578 0.0367768 3.76386 -0.935618 0.0490574 -0.349588 -10.6619
-0.351442 -0.0197423 0.936001 181.4 0.0381112 0.998648 0.0353733 3.84432 -0.935434 0.0481038 -0.350214 -11.43
-0.354671 -0.0187895 0.934802 183.558 0.0375781 0.998704 0.0343314 3.90688 -0.934236 0.0473044 -0.353505 -12.2349
-0.35965 -0.0181707 0.93291 185.732 0.0365548 0.998769 0.0335458 3.98821 -0.932371 0.0461672 -0.358543 -13.0467
-0.361143 -0.0178299 0.93234 187.877 0.0358183 0.998815 0.0329754 4.06051 -0.931822 0.0453036 -0.360077 -13.8624
-0.366805 -0.0178516 0.930126 190.061 0.0357959 0.998805 0.0332862 4.12429 -0.929609 0.0455043 -0.365728 -14.6908
-0.368613 -0.0191343 0.929386 192.22 0.0357289 0.998758 0.0347333 4.2039 -0.928896 0.0460091 -0.367472 -15.5345
-0.372553 -0.0202028 0.927791 194.402 0.0357186 0.998711 0.0360898 4.27798 -0.927323 0.0465848 -0.371351 -16.39
-0.377861 -0.0211329 0.925621 196.627 0.0358323 0.998657 0.037428 4.3494 -0.925169 0.0473097 -0.376596 -17.2676
-0.380561 -0.0216812 0.924501 198.775 0.0351819 0.998663 0.0379026 4.43524 -0.924086 0.04695 -0.379289 -18.137
-0.38425 -0.0214647 0.922979 200.964 0.0347845 0.998684 0.0377065 4.52053 -0.922573 0.0465941 -0.382998 -19.0225
-0.388972 -0.0221151 0.920984 203.169 0.0344416 0.998665 0.0385266 4.59816 -0.920605 0.046706 -0.387691 -19.9213
-0.390002 -0.0214616 0.920564 205.353 0.0345959 0.998682 0.0379396 4.67377 -0.920164 0.0466443 -0.388745 -20.835
-0.394662 -0.0214667 0.918575 207.55 0.0345997 0.998672 0.0382041 4.75224 -0.918175 0.0468602 -0.393395 -21.744
-0.395427 -0.0215279 0.918245 209.733 0.0349392 0.99865 0.038459 4.83669 -0.917832 0.0472905 -0.394141 -22.6731
-0.39796 -0.0214522 0.917152 211.917 0.0350167 0.998644 0.0385523 4.91738 -0.916734 0.0474579 -0.396669 -23.6074
-0.402974 -0.0216913 0.914954 214.104 0.0344744 0.998651 0.0388591 4.99556 -0.914562 0.0472017 -0.401682 -24.5621
-0.404038 -0.0218786 0.91448 216.282 0.0338923 0.99867 0.0388672 5.0801 -0.914114 0.0466977 -0.402759 -25.5105
-0.406812 -0.0215621 0.913257 218.467 0.0332493 0.99871 0.0383906 5.15908 -0.912906 0.0459829 -0.405571 -26.4681
-0.410947 -0.0213435 0.911409 220.691 0.0328812 0.998729 0.0382142 5.2383 -0.911066 0.0456723 -0.409723 -27.4597
-0.413063 -0.0218648 0.91044 222.835 0.0312675 0.998783 0.0381724 5.31278 -0.910165 0.0442348 -0.411876 -28.4026
-0.415993 -0.0216334 0.90911 225.021 0.0311821 0.998791 0.0380358 5.38671 -0.908833 0.0441707 -0.414815 -29.3937
-0.420953 -0.0246428 0.906747 227.22 0.0313041 0.998642 0.0416729 5.46219 -0.906542 0.0459273 -0.41961 -30.4074
-0.422458 -0.0272837 0.905971 229.373 0.0304603 0.998556 0.0442757 5.54766 -0.90587 0.0463009 -0.421017 -31.3887
-0.426575 -0.0282735 0.90401 231.592 0.0296291 0.998539 0.045211 5.63841 -0.903966 0.0460709 -0.425114 -32.4262
-0.42828 -0.0278767 0.903216 233.748 0.0294481 0.998564 0.0447829 5.74145 -0.903166 0.0457776 -0.426843 -33.4156
-0.431564 -0.0276195 0.901659 235.922 0.0290878 0.998586 0.0445109 5.84745 -0.901613 0.0454366 -0.43015 -34.4397
-0.437408 -0.0291362 0.898791 238.107 0.0287181 0.998514 0.046345 5.94985 -0.898804 0.0460833 -0.435921 -35.4811
-0.438941 -0.028809 0.898054 240.262 0.0285342 0.998536 0.045979 6.04623 -0.898062 0.0458073 -0.437476 -36.509
-0.442527 -0.0289932 0.896286 242.435 0.0281141 0.998538 0.0461817 6.14356 -0.896314 0.0456349 -0.441065 -37.5599
-0.448548 -0.0309631 0.893222 244.595 0.0271847 0.998466 0.0482626 6.23662 -0.893345 0.0459301 -0.447018 -38.6266
-0.450897 -0.03108 0.892035 246.743 0.0265869 0.998483 0.0482277 6.34358 -0.89218 0.0454622 -0.449386 -39.675
-0.454597 -0.0307975 0.890164 248.895 0.0268389 0.998475 0.0482511 6.43724 -0.890292 0.0458258 -0.453078 -40.7418
-0.459666 -0.0311816 0.887544 251.032 0.0269856 0.998432 0.0490534 6.54196 -0.887682 0.0464991 -0.458104 -41.8155
-0.462241 -0.0319872 0.886177 253.143 0.0261438 0.998424 0.0496757 6.64279 -0.886369 0.0461302 -0.460676 -42.9017
-0.467143 -0.0324224 0.883587 255.291 0.0249238 0.998448 0.0498141 6.74318 -0.88383 0.0452927 -0.46561 -43.9984
-0.469311 -0.0322719 0.882443 257.42 0.0248817 0.998453 0.0497473 6.85458 -0.882682 0.0453036 -0.467781 -45.1245
-0.472897 -0.0323104 0.880525 259.554 0.0246964 0.99845 0.0499011 6.96011 -0.880772 0.0453439 -0.471365 -46.2431
-0.47768 -0.0322187 0.877943 261.703 0.0247579 0.998438 0.0501111 7.05631 -0.878185 0.0456732 -0.476136 -47.3731
-0.479539 -0.0316557 0.876949 263.814 0.0252012 0.998441 0.0498219 7.16545 -0.877158 0.0459918 -0.477994 -48.513
-0.482418 -0.0313525 0.87538 265.936 0.0256275 0.998427 0.0498827 7.2823 -0.875566 0.0464981 -0.480855 -49.6658
-0.486824 -0.0308355 0.872955 268.079 0.0254264 0.998454 0.0494481 7.39002 -0.87313 0.0462687 -0.485287 -50.8267
-0.487612 -0.0305814 0.872524 270.19 0.0250197 0.998487 0.0489786 7.49548 -0.872702 0.0457129 -0.486109 -51.9968
-0.49239 -0.0309865 0.869823 272.339 0.024865 0.998458 0.0496446 7.60725 -0.87002 0.0460726 -0.49086 -53.1866
-0.493729 -0.0301893 0.869091 274.47 0.0250649 0.998489 0.0489235 7.72086 -0.869254 0.0459387 -0.492226 -54.3691
-0.497061 -0.0296758 0.867208 276.623 0.0252013 0.998501 0.0486133 7.84086 -0.867349 0.0460185 -0.495567 -55.5825
-0.503197 -0.0293032 0.863674 278.761 0.0256163 0.998481 0.0488016 7.95209 -0.863792 0.046681 -0.501682 -56.8077
-0.50455 -0.0290745 0.862892 280.926 0.0255156 0.998495 0.048563 8.07037 -0.863005 0.0465197 -0.503049 -58.0481
-0.507326 -0.0293844 0.861252 283.087 0.0248459 0.998505 0.0487028 8.19462 -0.861396 0.0461068 -0.505838 -59.3004
-0.51296 -0.0300606 0.857886 285.255 0.0246198 0.998461 0.0497075 8.29966 -0.858059 0.046619 -0.51143 -60.5549
-0.513418 -0.0299976 0.857614 287.429 0.0252604 0.998429 0.0500453 8.41092 -0.857767 0.0473578 -0.511853 -61.8384
-0.515479 -0.0310429 0.856339 289.606 0.0254284 0.99835 0.0514976 8.52564 -0.856525 0.0483213 -0.513839 -63.1219
-0.520859 -0.0313046 0.853068 291.758 0.0252595 0.998326 0.0520577 8.66106 -0.853269 0.0486628 -0.519195 -64.4186
-0.521063 -0.0322503 0.852908 293.958 0.0247781 0.998294 0.0528851 8.78967 -0.853158 0.0486899 -0.519375 -65.7355
-0.525521 -0.0329888 0.85014 296.132 0.0244332 0.998252 0.0538397 8.91615 -0.850429 0.0490656 -0.523796 -67.0563
-0.525839 -0.0336388 0.849918 298.321 0.0244844 0.998206 0.0546562 9.04392 -0.850231 0.0495502 -0.524072 -68.4025
-0.527837 -0.0331447 0.848698 300.521 0.0242951 0.998241 0.0540949 9.17929 -0.848998 0.0491726 -0.526103 -69.7508
-0.532042 -0.0321706 0.846106 302.742 0.0239533 0.998307 0.0530196 9.32522 -0.846379 0.0484757 -0.53037 -71.1288
-0.533869 -0.032204 0.844953 304.929 0.023664 0.998315 0.0530008 9.466 -0.845236 0.0482905 -0.532207 -72.4707
-0.538079 -0.0322827 0.842275 307.161 0.0233604 0.998312 0.0531868 9.59776 -0.84257 0.0482946 -0.536417 -73.8516
-0.544898 -0.0327167 0.837863 309.4 0.0225939 0.998304 0.0536753 9.7412 -0.838197 0.0481782 -0.543235 -75.2644
-0.547556 -0.0337091 0.836089 311.614 0.0222007 0.998252 0.0547864 9.88042 -0.836474 0.0485604 -0.54585 -76.6793
-0.551732 -0.0335568 0.833345 313.839 0.022043 0.998256 0.0547913 10.0188 -0.83373 0.0485996 -0.55003 -78.1173
-0.558099 -0.0334573 0.829099 316.07 0.0225285 0.998209 0.0554463 10.1438 -0.829468 0.0496229 -0.556345 -79.5688
-0.559311 -0.0332042 0.828292 318.28 0.0232024 0.99818 0.0556822 10.2845 -0.828633 0.0503621 -0.557522 -81.0439
-0.564914 -0.0337463 0.824459 320.483 0.0237047 0.998088 0.0570955 10.4249 -0.824809 0.0517976 -0.563034 -82.5116
-0.566644 -0.0348493 0.823225 322.715 0.0242752 0.997966 0.0589557 10.5681 -0.823605 0.0533909 -0.564646 -84.0211
-0.570411 -0.0357151 0.820582 324.932 0.0236413 0.997927 0.0598676 10.7097 -0.821019 0.0535488 -0.568384 -85.526
-0.577567 -0.0366736 0.815519 327.123 0.0227918 0.997878 0.0610158 10.8624 -0.816025 0.0538279 -0.575505 -87.0658
-0.579032 -0.0374255 0.814445 329.334 0.0223256 0.997845 0.0617254 11.0193 -0.814999 0.053924 -0.576948 -88.6014
-0.582844 -0.0376336 0.811711 331.542 0.0234365 0.997734 0.0630866 11.1712 -0.812245 0.0557934 -0.580641 -90.1366
-0.590088 -0.0384782 0.806421 333.706 0.0226468 0.997683 0.0641756 11.3283 -0.807021 0.0561321 -0.587848 -91.7114
-0.590089 -0.0407012 0.806311 335.931 0.021244 0.997601 0.0659043 11.4938 -0.807058 0.0560187 -0.587809 -93.248
-0.593499 -0.0414304 0.803767 338.129 0.0211743 0.997526 0.0670526 11.6632 -0.804556 0.0568149 -0.591153 -94.8402
-0.598787 -0.0428532 0.799761 340.297 0.0209838 0.997386 0.0691531 11.8356 -0.800633 0.05819 -0.596322 -96.4356
-0.598832 -0.0440989 0.799659 342.486 0.0191051 0.997413 0.0693115 12.0056 -0.800646 0.0567836 -0.59644 -98.0387
-0.60404 -0.0444804 0.795711 344.66 0.0165896 0.997524 0.0683553 12.175 -0.796781 0.0544899 -0.601806 -99.6426
-0.604807 -0.0439092 0.79516 346.83 0.0151995 0.997662 0.0666524 12.3358 -0.796226 0.0523979 -0.602725 -101.262
-0.608027 -0.0457807 0.792595 348.997 0.0139346 0.997568 0.0683098 12.5053 -0.793794 0.0525788 -0.60591 -102.894
-0.613489 -0.0462351 0.788348 351.136 0.0137248 0.997511 0.0691827 12.6716 -0.789583 0.0532628 -0.611327 -104.519
-0.615041 -0.0468741 0.7871 353.315 0.0126981 0.997514 0.0693271 12.8453 -0.788392 0.0526337 -0.612917 -106.185
-0.618045 -0.0488015 0.784626 355.464 0.0106429 0.997461 0.0704226 13.018 -0.78607 0.0518751 -0.615957 -107.842
-0.622488 -0.0513571 0.780942 357.617 0.00864873 0.997333 0.0724815 13.1965 -0.782581 0.0518731 -0.620384 -109.504
-0.62447 -0.0538127 0.779192 359.762 0.00675511 0.997215 0.0742835 13.3815 -0.781019 0.0516514 -0.622367 -111.208
-0.627481 -0.0542258 0.77674 361.891 0.00559304 0.997233 0.0741372 13.5656 -0.778611 0.0508641 -0.625442 -112.884
-0.632173 -0.0542753 0.772923 363.999 0.00512915 0.99723 0.0742213 13.7542 -0.77481 0.0508852 -0.630143 -114.551
-0.633102 -0.0552826 0.772091 366.126 0.00414312 0.997191 0.0747973 13.9336 -0.774057 0.0505532 -0.631095 -116.268
-0.638327 -0.0557938 0.767739 368.204 0.00362035 0.997142 0.0754752 14.1258 -0.769756 0.0509574 -0.636301 -117.949
-0.63844 -0.0572541 0.767538 370.328 0.00118015 0.997156 0.075364 14.2967 -0.76967 0.0490213 -0.636557 -119.675
-0.640885 -0.0613298 0.765182 372.425 -0.008848 0.997328 0.0725258 14.4586 -0.767585 0.0397104 -0.639716 -121.375
-0.646547 -0.057472 0.760706 374.498 -0.0163263 0.997973 0.0615216 14.6501 -0.762699 0.0273572 -0.646175 -123.076
-0.645525 -0.0501293 0.762091 376.58 -0.00879777 0.998266 0.0582125 14.7626 -0.763688 0.030873 -0.644847 -124.796
-0.647473 -0.0501009 0.760439 378.64 -0.00222074 0.997957 0.0638587 14.8909 -0.762085 0.0396581 -0.646262 -126.53
-0.649985 -0.0595131 0.757613 380.765 -0.00219856 0.997073 0.0764373 15.0771 -0.759944 0.0480175 -0.648213 -128.31
-0.651868 -0.0696011 0.755131 382.802 -0.00728429 0.996309 0.0855426 15.276 -0.758297 0.050262 -0.649969 -130.026
-0.654946 -0.0760903 0.751834 384.924 -0.0135499 0.995941 0.0889917 15.492 -0.755554 0.0480976 -0.653319 -131.817
-0.656225 -0.0769708 0.750629 386.971 -0.0151178 0.995926 0.0889076 15.7079 -0.754414 0.0469956 -0.654715 -133.558
-0.658809 -0.0728651 0.748772 389.004 -0.0106585 0.996104 0.0875557 15.9132 -0.752234 0.0497018 -0.657019 -135.314
-0.662636 -0.0668071 0.745955 391.004 -0.00564218 0.996432 0.0842275 16.0968 -0.74892 0.0516035 -0.660649 -137.053
-0.664857 -0.0635065 0.744265 392.973 -0.00499508 0.996736 0.0805871 16.2984 -0.746953 0.0498614 -0.663004 -138.786
-0.667801 -0.0636491 0.741612 394.987 -0.00497601 0.996698 0.0810612 16.5032 -0.744323 0.0504425 -0.665913 -140.566
-0.671052 -0.0641067 0.738632 397.043 -0.00431996 0.996577 0.0825693 16.7018 -0.741397 0.0522175 -0.669032 -142.393
-0.673258 -0.0658294 0.73647 398.998 -0.0048436 0.996401 0.0846355 16.8944 -0.739391 0.0534144 -0.671154 -144.142
-0.67498 -0.0658882 0.734887 400.987 -0.00478014 0.996375 0.0849422 17.1035 -0.73782 0.0538215 -0.672848 -145.944
-0.676276 -0.0654822 0.733731 403.022 -0.00399515 0.996354 0.0852378 17.3414 -0.736637 0.0547129 -0.674071 -147.794
-0.677502 -0.0661581 0.732539 404.954 -0.00460387 0.996309 0.0857222 17.541 -0.735506 0.0547045 -0.675306 -149.555
-0.681692 -0.06807 0.728465 406.903 -0.00453567 0.996038 0.0888283 17.7602 -0.731624 0.0572496 -0.6793 -151.35
-0.683104 -0.0707367 0.726887 408.806 -0.0046436 0.9957 0.0925323 17.9729 -0.730306 0.0598338 -0.680495 -153.119
-0.684525 -0.073776 0.725245 410.761 -0.00466048 0.995289 0.0968476 18.2203 -0.728974 0.0629147 -0.681645 -154.941
-0.68891 -0.0750335 0.720952 412.681 -0.00634636 0.995215 0.0975133 18.4578 -0.724819 0.0626025 -0.68609 -156.75
-0.691095 -0.0755022 0.718808 414.552 -0.00995989 0.99543 0.0949821 18.675 -0.722694 0.0584825 -0.688689 -158.52
-0.692677 -0.079986 0.716798 416.492 -0.0159626 0.995289 0.0956367 18.902 -0.721071 0.0548034 -0.69069 -160.35
-0.693996 -0.0815642 0.715343 418.474 -0.0168254 0.995129 0.0971425 19.1186 -0.719782 0.0553806 -0.691988 -162.243
-0.694432 -0.0826309 0.714797 420.37 -0.0179833 0.995068 0.0975594 19.3472 -0.719333 0.054894 -0.692493 -164.055
-0.695598 -0.0825248 0.713675 422.298 -0.0189011 0.99514 0.0966493 19.5952 -0.718182 0.0537398 -0.693777 -165.9
-0.696966 -0.0835266 0.712222 424.262 -0.0195559 0.995039 0.0975572 19.8238 -0.716836 0.054066 -0.695142 -167.796
-0.696917 -0.0857728 0.712003 426.149 -0.0197469 0.994742 0.100505 20.046 -0.716879 0.0559838 -0.694946 -169.614
-0.69743 -0.0891736 0.711082 428.114 -0.0200813 0.994271 0.104991 20.2837 -0.716371 0.0589447 -0.695225 -171.521
-0.695258 -0.0916413 0.712893 430.017 -0.01571 0.99354 0.112397 20.5362 -0.718588 0.0669453 -0.692207 -173.36
-0.694381 -0.0930697 0.713563 431.927 -0.0119233 0.992954 0.117908 20.8054 -0.719508 0.073365 -0.690598 -175.215
-0.693701 -0.0952778 0.713933 433.838 -0.0163767 0.993043 0.116614 21.0929 -0.720077 0.0692033 -0.690435 -177.052
-0.691189 -0.0980352 0.715992 435.801 -0.0241709 0.993339 0.112676 21.3927 -0.722269 0.0605746 -0.688954 -178.913
-0.689077 -0.100898 0.717628 437.736 -0.0291292 0.993317 0.111689 21.6706 -0.724101 0.0560588 -0.687411 -180.738
-0.687427 -0.102174 0.719029 439.633 -0.0308974 0.993273 0.111605 21.9531 -0.725595 0.0545044 -0.68596 -182.548
-0.683815 -0.10308 0.722336 441.574 -0.0293111 0.993053 0.113964 22.2297 -0.729065 0.0567582 -0.682087 -184.379
-0.681149 -0.103361 0.724811 443.502 -0.0282577 0.992959 0.115044 22.5154 -0.731599 0.0578807 -0.679274 -186.19
-0.68157 -0.104663 0.724228 445.422 -0.0300681 0.992889 0.115193 22.7887 -0.731134 0.0567357 -0.67987 -187.977
-0.67709 -0.109514 0.727705 447.371 -0.0362201 0.992627 0.115682 23.0732 -0.735008 0.0519698 -0.676064 -189.768
-0.676443 -0.116209 0.727269 449.271 -0.044226 0.992102 0.11739 23.373 -0.735166 0.0472438 -0.676239 -191.5
-0.674189 -0.119943 0.728753 451.251 -0.0504765 0.991902 0.116556 23.6552 -0.736831 0.0417958 -0.674784 -193.299
-0.673564 -0.121041 0.729149 453.215 -0.0521491 0.991825 0.116472 23.9342 -0.737286 0.0404269 -0.67437 -195.082
-0.674312 -0.121588 0.728367 455.161 -0.0497862 0.991594 0.119437 24.2167 -0.736766 0.0442755 -0.674697 -196.858
-0.671902 -0.123263 0.73031 457.134 -0.0483753 0.991253 0.122798 24.5198 -0.739058 0.0471796 -0.671987 -198.664
-0.670572 -0.125562 0.73114 459.093 -0.0490643 0.990922 0.125176 24.8375 -0.740219 0.0480669 -0.670645 -200.437
-0.671746 -0.126897 0.729831 461.065 -0.0518048 0.990855 0.1246 25.1412 -0.738967 0.0458906 -0.672176 -202.203
-0.668839 -0.127042 0.73247 463.001 -0.0529072 0.990927 0.123559 25.4469 -0.741521 0.0438882 -0.669492 -203.969
-0.667188 -0.128637 0.733697 464.968 -0.0543516 0.990758 0.124282 25.7445 -0.742903 0.0430421 -0.668013 -205.739
-0.670236 -0.128361 0.730962 466.942 -0.050811 0.990556 0.127357 26.0611 -0.740406 0.0482185 -0.670428 -207.527
-0.665527 -0.129324 0.735083 468.9 -0.0488557 0.990311 0.129994 26.379 -0.744772 0.0506017 -0.665397 -209.268
-0.665957 -0.130853 0.734424 470.86 -0.0498786 0.990104 0.131179 26.7002 -0.74432 0.0507273 -0.665893 -211.006
-0.663357 -0.131964 0.736574 472.826 -0.0503831 0.989971 0.131988 27.0235 -0.746604 0.0504443 -0.663353 -212.769
-0.662218 -0.133777 0.737272 474.816 -0.0506174 0.989674 0.134111 27.3632 -0.747599 0.0514919 -0.662151 -214.525
-0.663365 -0.135081 0.736002 476.764 -0.0515923 0.989488 0.135103 27.6988 -0.746515 0.0516507 -0.663361 -216.237
-0.661603 -0.135332 0.73754 478.774 -0.052267 0.989511 0.134681 28.0465 -0.74803 0.0505563 -0.661737 -218.023
-0.660964 -0.135358 0.738108 480.751 -0.0534671 0.989593 0.133598 28.3881 -0.74851 0.048839 -0.661323 -219.781
-0.661658 -0.137293 0.737128 482.724 -0.0542336 0.989282 0.135577 28.7165 -0.747841 0.0497283 -0.662013 -221.515
-0.659444 -0.139024 0.738786 484.7 -0.0550485 0.989044 0.136981 29.0627 -0.749734 0.0496622 -0.659872 -223.274
-0.659313 -0.140202 0.73868 486.676 -0.0565154 0.988923 0.137255 29.4006 -0.74974 0.0487476 -0.659934 -225.017
-0.661662 -0.141561 0.736317 488.642 -0.0573903 0.988697 0.138512 29.7485 -0.747602 0.0493906 -0.662308 -226.733
-0.660534 -0.141319 0.737375 490.613 -0.056837 0.98872 0.138575 30.1123 -0.74864 0.0496237 -0.661116 -228.484
-0.662321 -0.141831 0.735672 492.589 -0.0574139 0.98864 0.138912 30.454 -0.747016 0.0497669 -0.662941 -230.215
-0.661041 -0.142999 0.736597 494.568 -0.0575361 0.988443 0.140256 30.8082 -0.74814 0.0503345 -0.661629 -231.975
-0.660946 -0.145735 0.736146 496.548 -0.0591042 0.988025 0.142533 31.1637 -0.748102 0.0506971 -0.661644 -233.723
-0.662485 -0.146016 0.734705 498.512 -0.0596849 0.987989 0.142536 31.5213 -0.746693 0.0505773 -0.663243 -235.46
-0.661355 -0.145785 0.735768 500.473 -0.0597579 0.988054 0.142059 31.8793 -0.747688 0.0499834 -0.662166 -237.211
-0.661152 -0.145657 0.735975 502.443 -0.0596825 0.988076 0.141936 32.2375 -0.747873 0.0499165 -0.661962 -238.952
-0.6623 -0.145603 0.734954 504.406 -0.0598454 0.988083 0.141822 32.5889 -0.746844 0.0499449 -0.663121 -240.69
-0.660548 -0.146038 0.736443 506.37 -0.0600688 0.988036 0.142051 32.9598 -0.748376 0.0495943 -0.661418 -242.452
-0.661466 -0.145753 0.735675 508.356 -0.0600861 0.98808 0.141735 33.3169 -0.747563 0.0495494 -0.662339 -244.211
-0.660227 -0.146367 0.736665 510.323 -0.0608629 0.988029 0.141763 33.6681 -0.748595 0.04876 -0.661232 -245.966
-0.660084 -0.147365 0.736594 512.306 -0.0618996 0.987906 0.142173 34.0305 -0.748636 0.0482513 -0.661222 -247.715
-0.660168 -0.148622 0.736266 514.248 -0.0625018 0.9877 0.143335 34.3789 -0.748512 0.0486073 -0.661337 -249.424
-0.659555 -0.15001 0.736535 516.257 -0.0628703 0.98746 0.144816 34.7424 -0.749022 0.0492081 -0.660715 -251.205
-0.658853 -0.149766 0.737212 518.226 -0.0634017 0.987551 0.14396 35.1061 -0.749594 0.048108 -0.660147 -252.954
-0.660839 -0.150197 0.735344 520.188 -0.0639327 0.987476 0.144241 35.4769 -0.747798 0.0483078 -0.662166 -254.683
-0.65916 -0.150417 0.736805 522.154 -0.0641755 0.98747 0.144176 35.8419 -0.749259 0.0477506 -0.660554 -256.438
-0.659159 -0.151907 0.7365 524.121 -0.0641658 0.987175 0.146183 36.2154 -0.74926 0.0491 -0.660453 -258.18
-0.660546 -0.153626 0.734898 526.068 -0.0658376 0.986924 0.147134 36.5677 -0.747892 0.0488053 -0.662024 -259.878
-0.659269 -0.153983 0.73597 528.076 -0.0667729 0.986929 0.146676 36.9326 -0.748936 0.0475565 -0.660934 -261.651
-0.659459 -0.153819 0.735834 530.034 -0.0657328 0.986893 0.14739 37.3121 -0.74886 0.0488296 -0.660927 -263.396
-0.660368 -0.154232 0.734932 531.951 -0.0644828 0.986714 0.149131 37.6733 -0.748168 0.0510909 -0.66154 -265.083
-0.659381 -0.155571 0.735536 533.959 -0.0646282 0.986465 0.150707 38.0515 -0.749025 0.0518374 -0.660511 -266.856
-0.661957 -0.156019 0.733123 535.908 -0.0653289 0.986384 0.15093 38.4263 -0.746688 0.0520149 -0.663137 -268.588
-0.661074 -0.15565 0.733998 537.879 -0.0668659 0.986576 0.148989 38.7995 -0.747335 0.0494131 -0.662608 -270.34
-0.661113 -0.155453 0.734004 539.836 -0.065947 0.986555 0.149542 39.1722 -0.747381 0.050459 -0.662477 -272.084
-0.663208 -0.158654 0.731425 541.798 -0.0668568 0.985926 0.153237 39.5586 -0.745442 0.0527277 -0.664482 -273.838
-0.661889 -0.160938 0.732121 543.739 -0.0666905 0.985451 0.156334 39.9485 -0.746629 0.0546502 -0.662992 -275.575
-0.661897 -0.160856 0.732131 545.709 -0.0662259 0.985434 0.156636 40.3304 -0.746662 0.0551911 -0.66291 -277.337
-0.663816 -0.160104 0.730557 547.653 -0.0660576 0.985552 0.155965 40.7307 -0.744972 0.0552733 -0.664801 -279.078
-0.662155 -0.160524 0.731971 549.609 -0.0661345 0.985494 0.156296 41.1227 -0.746442 0.0550839 -0.663166 -280.825
-0.663015 -0.160519 0.731193 551.53 -0.0648088 0.985382 0.157556 41.5058 -0.745794 0.0570741 -0.663727 -282.531
-0.662058 -0.16133 0.731882 553.518 -0.0639285 0.985154 0.15933 41.9107 -0.74672 0.0586978 -0.662543 -284.329
-0.66164 -0.162735 0.731948 555.487 -0.0653095 0.984963 0.159953 42.3151 -0.746971 0.058028 -0.662319 -286.085
-0.662402 -0.163207 0.731153 557.449 -0.0664322 0.984933 0.15967 42.7252 -0.746196 0.057194 -0.663265 -287.841
-0.660212 -0.165262 0.732672 559.413 -0.0680233 0.984641 0.1608 43.1297 -0.747992 0.0563237 -0.661313 -289.598
-0.659732 -0.165751 0.732993 561.372 -0.0682617 0.984559 0.161199 43.5391 -0.748393 0.056313 -0.66086 -291.341
-0.66039 -0.168266 0.731827 563.325 -0.0712394 0.984215 0.162011 43.942 -0.747535 0.0548555 -0.661953 -293.058
-0.659452 -0.169899 0.732295 565.313 -0.0723301 0.983947 0.16315 44.3531 -0.748258 0.0546225 -0.661155 -294.829
-0.659791 -0.169607 0.732058 567.249 -0.0727014 0.984034 0.162462 44.762 -0.747924 0.0539693 -0.661587 -296.55
-0.658804 -0.168207 0.733268 569.221 -0.070936 0.984231 0.162044 45.1747 -0.748962 0.0547404 -0.660348 -298.321
-0.657987 -0.167892 0.734074 571.193 -0.0697204 0.984225 0.162611 45.5918 -0.749794 0.0558161 -0.659313 -300.071
-0.65783 -0.169192 0.733915 573.123 -0.0697159 0.983937 0.164342 46.007 -0.749932 0.0569439 -0.65906 -301.776
-0.656234 -0.16936 0.735305 575.095 -0.0692343 0.98389 0.164827 46.4223 -0.751374 0.0572565 -0.657388 -303.522
-0.655746 -0.169295 0.735754 576.998 -0.06841 0.98385 0.16541 46.8213 -0.751875 0.0581343 -0.656738 -305.213
-0.654602 -0.169977 0.736616 578.989 -0.0692016 0.983777 0.165514 47.2516 -0.752799 0.057371 -0.655745 -306.958
-0.654251 -0.170413 0.736826 580.959 -0.069578 0.983714 0.165732 47.6676 -0.753069 0.0571637 -0.655454 -308.675
-0.653311 -0.171247 0.737467 582.931 -0.070163 0.983586 0.166242 48.0764 -0.75383 0.0568648 -0.654604 -310.406
-0.653639 -0.171955 0.737012 584.84 -0.070181 0.983422 0.167204 48.4888 -0.753545 0.0575671 -0.654871 -312.09
-0.652296 -0.172927 0.737973 586.815 -0.0709336 0.983281 0.167712 48.9191 -0.754637 0.0570509 -0.653658 -313.829
-0.652476 -0.173876 0.737591 588.776 -0.0722479 0.983161 0.167855 49.3437 -0.754356 0.0562319 -0.654052 -315.532
-0.652321 -0.173631 0.737786 590.77 -0.072143 0.983212 0.167604 49.772 -0.754501 0.0561056 -0.653897 -317.277
-0.652807 -0.173807 0.737314 592.749 -0.071364 0.983105 0.168563 50.1956 -0.754154 0.0574212 -0.654182 -319.013
-0.653145 -0.174535 0.736843 594.674 -0.0710499 0.982907 0.169841 50.6158 -0.753891 0.0585783 -0.654382 -320.714
-0.651601 -0.175424 0.737998 596.658 -0.0707241 0.982704 0.171147 51.0601 -0.755257 0.059325 -0.652738 -322.454
-0.651363 -0.17512 0.73828 598.623 -0.0709568 0.982797 0.170517 51.4855 -0.75544 0.0586825 -0.652584 -324.171
-0.651747 -0.174074 0.738189 600.553 -0.0711668 0.983047 0.168981 51.9056 -0.755089 0.0575987 -0.653087 -325.848
-0.650608 -0.173652 0.739292 602.544 -0.0710777 0.983157 0.168381 52.3465 -0.75608 0.0570031 -0.651992 -327.577
-0.648931 -0.174379 0.740594 604.406 -0.0708586 0.983003 0.169368 52.7628 -0.75754 0.0574304 -0.650257 -329.191
-0.648605 -0.175318 0.740658 606.419 -0.0700795 0.982733 0.171249 53.1943 -0.757891 0.0591684 -0.649692 -330.933
-0.648742 -0.176995 0.740139 608.412 -0.0699423 0.982329 0.173606 53.6229 -0.757787 0.0608586 -0.649658 -332.657
-0.649483 -0.177866 0.739279 610.369 -0.0702169 0.982132 0.174607 54.0573 -0.757126 0.0614942 -0.650368 -334.35
-0.648839 -0.177826 0.739854 612.351 -0.0707093 0.982193 0.174062 54.5074 -0.757632 0.0606239 -0.64986 -336.083
-0.648381 -0.178315 0.740138 614.327 -0.0709172 0.982103 0.174485 54.9469 -0.758004 0.0606443 -0.649424 -337.789
-0.64785 -0.179007 0.740436 616.278 -0.0711255 0.981967 0.175168 55.3882 -0.758439 0.0608186 -0.648899 -339.49
-0.647431 -0.179954 0.740573 618.307 -0.0716213 0.98179 0.175955 55.8536 -0.75875 0.0608778 -0.64853 -341.257
-0.647058 -0.180492 0.740768 620.28 -0.0716643 0.981672 0.176592 56.2927 -0.759064 0.0611786 -0.648135 -342.96
-0.647302 -0.181087 0.740409 622.22 -0.0705751 0.981436 0.178337 56.7234 -0.758958 0.0631836 -0.648066 -344.636
-0.647183 -0.181406 0.740435 624.263 -0.0701657 0.981327 0.179096 57.1829 -0.759097 0.0639548 -0.647828 -346.399
-0.646887 -0.181641 0.740637 626.193 -0.069851 0.98125 0.179642 57.6304 -0.759379 0.0644738 -0.647446 -348.056
-0.645842 -0.182817 0.741259 628.193 -0.0692878 0.980937 0.18156 58.0873 -0.760319 0.0658989 -0.646198 -349.79
-0.645247 -0.183302 0.741657 630.166 -0.0690514 0.98081 0.182334 58.5436 -0.760846 0.0664382 -0.645522 -351.488
-0.645782 -0.183332 0.741184 632.126 -0.0694944 0.980829 0.182059 58.9859 -0.760352 0.0660623 -0.646143 -353.176
-0.644466 -0.181603 0.742753 634.113 -0.0671671 0.981078 0.181595 59.4496 -0.761676 0.0671431 -0.644469 -354.898
-0.644252 -0.182069 0.742824 636.089 -0.0662179 0.980883 0.182987 59.9048 -0.76194 0.0687019 -0.643993 -356.592
-0.643825 -0.182298 0.743139 638.026 -0.0653594 0.980758 0.183964 60.3657 -0.762375 0.0698693 -0.643352 -358.251
-0.642946 -0.18284 0.743767 640.042 -0.0644738 0.980562 0.185317 60.8337 -0.763192 0.0711954 -0.642237 -359.969
-0.642659 -0.183077 0.743956 641.972 -0.0639367 0.980459 0.186047 61.2876 -0.763479 0.0719987 -0.641807 -361.623
-0.641518 -0.183654 0.744798 643.995 -0.0635375 0.980304 0.186999 61.7726 -0.764471 0.0726407 -0.640552 -363.338
