1 0 0 0 0 1 0 0 0 0 1 0
0.999431 -0.00255151 -0.0336317 -0.066173 0.00262149 0.999995 0.00203684 -0.0300181 0.0336264 -0.00212385 0.999432 1.21826
0.999416 -0.00241794 -0.0340835 -0.127409 0.00254424 0.99999 0.0036629 -0.0418879 0.0340743 -0.00374748 0.999412 2.69921
0.999328 -0.00163116 -0.0366252 -0.192397 0.00177489 0.999991 0.00389225 -0.0545402 0.0366185 -0.00395463 0.999321 4.22936
0.999308 -0.00160894 -0.0371492 -0.251608 0.00176824 0.999989 0.0042557 -0.0562637 0.0371419 -0.00431845 0.999301 5.75364
0.999229 -0.00253922 -0.0391858 -0.322548 0.00276408 0.99998 0.00568522 -0.0703072 0.0391706 -0.00578914 0.999216 7.28891
0.999164 -0.00279239 -0.0407936 -0.394098 0.00302918 0.999979 0.00574406 -0.0896754 0.0407767 -0.00586283 0.999151 8.80226
0.999171 -0.00391243 -0.0405087 -0.459051 0.00417015 0.999972 0.00627955 -0.107656 0.040483 -0.00644327 0.999159 10.2941
0.999087 -0.00524419 -0.0424049 -0.538672 0.00552319 0.999964 0.00646492 -0.11203 0.0423695 -0.00669323 0.99908 11.8202
0.999047 -0.00538773 -0.0433201 -0.605113 0.00570699 0.999958 0.00724968 -0.117647 0.0432792 -0.00749 0.999035 13.3194
0.999074 -0.00441979 -0.0427904 -0.672764 0.0047559 0.999959 0.00775618 -0.123481 0.0427544 -0.00795251 0.999054 14.8223
0.999014 -0.00301312 -0.0442843 -0.759486 0.00342975 0.999951 0.00933515 -0.120196 0.0442539 -0.00947783 0.998975 16.3322
0.999007 -0.00136922 -0.0445245 -0.829964 0.00183167 0.999945 0.0103472 -0.125743 0.0445079 -0.0104185 0.998955 17.8204
0.999096 6.85007e-05 -0.0425071 -0.897806 0.000389784 0.999942 0.010773 -0.138795 0.0425054 -0.0107799 0.999038 19.3067
0.999005 0.000238951 -0.0445933 -0.979639 0.000319131 0.999922 0.0125074 -0.129824 0.0445928 -0.0125092 0.998927 20.7901
0.999077 0.000828079 -0.0429458 -1.04724 -0.000264826 0.999914 0.0131195 -0.123578 0.042953 -0.013096 0.998991 22.2599
0.999056 0.00244207 -0.0433617 -1.12466 -0.00183875 0.999901 0.0139481 -0.11593 0.0433915 -0.0138552 0.998962 23.7255
0.999093 0.0033729 -0.0424522 -1.18499 -0.00278822 0.999901 0.0138243 -0.108913 0.0424946 -0.0136934 0.999003 25.1978
0.999185 0.00373026 -0.0401941 -1.23493 -0.00319956 0.999907 0.0132597 -0.116146 0.0402399 -0.0131203 0.999104 26.6449
0.999128 0.00419689 -0.0415463 -1.30904 -0.0037087 0.999923 0.0118206 -0.11836 0.0415928 -0.0116563 0.999067 28.1076
0.999156 0.00392496 -0.0408934 -1.3793 -0.00340344 0.999912 0.012815 -0.114493 0.0409401 -0.012665 0.999081 29.5516
0.999235 0.0019773 -0.0390492 -1.4295 -0.00140683 0.999892 0.014631 -0.117055 0.0390739 -0.0145649 0.99913 30.985
0.999188 0.000605529 -0.0402863 -1.4925 3.77917e-05 0.999873 0.0159661 -0.107005 0.0402909 -0.0159546 0.999061 32.4241
0.999269 -6.42679e-05 -0.0382227 -1.54453 0.000655786 0.99988 0.0154633 -0.11125 0.0382171 -0.015477 0.99915 33.8352
0.999252 0.000222892 -0.0386561 -1.60405 0.000319737 0.999902 0.0140306 -0.104992 0.0386555 -0.0140325 0.999154 35.2384
0.999292 0.000751272 -0.0376233 -1.66337 -0.00024728 0.99991 0.0133986 -0.0936841 0.03763 -0.0133798 0.999202 36.6286
0.999382 0.000866655 -0.0351328 -1.71026 -0.000406046 0.999914 0.0131155 -0.0901041 0.0351412 -0.0130932 0.999297 38.0024
0.999377 0.00157628 -0.0352675 -1.76607 -0.00107812 0.9999 0.0141398 -0.0836228 0.0352863 -0.014093 0.999278 39.3547
0.99943 0.00129086 -0.0337217 -1.82422 -0.000760787 0.999876 0.0157272 -0.0750485 0.0337378 -0.0156926 0.999308 40.6917
0.999523 0.000733775 -0.0308581 -1.87254 -0.000205815 0.999854 0.0171091 -0.0719616 0.0308661 -0.0170946 0.999377 42.0095
0.999566 0.000976498 -0.0294342 -1.92151 -0.000463213 0.999848 0.0174402 -0.0667898 0.0294468 -0.017419 0.999415 43.3121
0.999688 0.00052492 -0.0249603 -1.95991 -9.69166e-05 0.999853 0.0171455 -0.059028 0.0249656 -0.0171378 0.999541 44.5876
0.999748 -0.000773727 -0.0224047 -1.9986 0.00113294 0.999871 0.0160245 -0.0643927 0.0223894 -0.0160459 0.99962 45.8458
0.99986 -0.000945001 -0.0166765 -2.02292 0.00118841 0.999893 0.0145922 -0.069969 0.0166609 -0.01461 0.999754 47.0903
0.999883 -0.00065954 -0.0153056 -2.05526 0.000879496 0.999896 0.0143687 -0.0692056 0.0152946 -0.0143805 0.99978 48.3369
0.99996 -0.000620654 -0.00886372 -2.07524 0.000749413 0.999894 0.0145307 -0.0734943 0.00885377 -0.0145368 0.999855 49.5712
0.999997 0.000913264 -0.00230588 -2.09037 -0.000880727 0.999901 0.0140732 -0.0700248 0.00231851 -0.0140711 0.999898 50.7887
0.999978 0.00240258 0.00613189 -2.0988 -0.00249126 0.999892 0.0144961 -0.0575788 -0.00609639 -0.0145111 0.999876 51.9929
0.9999 0.002801 0.0138151 -2.10192 -0.00301201 0.999879 0.0152768 -0.0550347 -0.0137707 -0.0153169 0.999788 53.1878
0.99967 0.00480532 0.0252299 -2.07969 -0.00518644 0.999873 0.0150622 -0.0548283 -0.0251543 -0.0151881 0.999568 54.3696
0.999265 0.00688535 0.0377111 -2.05461 -0.00745051 0.999862 0.0148665 -0.0491271 -0.0376036 -0.0151366 0.999178 55.5397
0.998563 0.00865596 0.0528869 -2.01962 -0.00946936 0.99984 0.0151488 -0.0413388 -0.0527473 -0.0156278 0.998486 56.6996
0.997483 0.00980394 0.0702268 -1.95236 -0.0109836 0.999805 0.0164317 -0.0385731 -0.070052 -0.0171617 0.997396 57.8378
0.996135 0.0102451 0.0872292 -1.87619 -0.0118379 0.999772 0.0177627 -0.0311786 -0.0870273 -0.0187267 0.99603 58.9654
0.994243 0.0100111 0.106682 -1.77169 -0.0120345 0.999759 0.01834 -0.0241493 -0.106472 -0.0195182 0.994124 60.0833
0.991737 0.00915888 0.127958 -1.63978 -0.0115566 0.999771 0.0180081 -0.0133276 -0.127764 -0.019338 0.991616 61.1905
0.988826 0.0070668 0.148906 -1.49346 -0.00976431 0.999801 0.0173922 -0.0117556 -0.148753 -0.0186519 0.988698 62.2945
0.985046 0.00214446 0.172275 -1.30548 -0.00555958 0.999797 0.0193435 -0.0173542 -0.172199 -0.0200121 0.984859 63.3889
0.980742 -0.002869 0.195286 -1.10088 -0.0011563 0.999789 0.0204952 -0.0187064 -0.195303 -0.0203263 0.980532 64.4656
0.975488 -0.00734706 0.219928 -0.878675 0.00296798 0.999791 0.0202352 -0.0175563 -0.220031 -0.0190865 0.975306 65.5174
0.969186 -0.0128932 0.24599 -0.619466 0.00837184 0.999776 0.0194174 -0.0208997 -0.246186 -0.0167597 0.969078 66.5474
0.962176 -0.0156184 0.27198 -0.341145 0.0106686 0.99975 0.0196683 -0.01797 -0.272219 -0.0160227 0.962102 67.5577
0.953734 -0.0182617 0.300097 -0.0386658 0.0124447 0.999696 0.0212837 -0.0105738 -0.300394 -0.0165644 0.953671 68.5453
0.944325 -0.0222396 0.328261 0.293471 0.0153345 0.999604 0.0236095 -0.00364061 -0.328656 -0.0172614 0.944292 69.5193
0.933674 -0.0249245 0.357256 0.651707 0.0173373 0.999551 0.0244251 0.00118266 -0.357704 -0.0166113 0.933687 70.4677
0.921689 -0.0247315 0.387139 1.03007 0.0181927 0.999623 0.0205459 0.0169701 -0.387501 -0.0118939 0.921792 71.3925
0.909098 -0.024579 0.415856 1.43269 0.0195505 0.999675 0.0163463 0.023642 -0.416123 -0.00673022 0.909283 72.2967
0.895206 -0.0258587 0.444902 1.85981 0.021327 0.999657 0.0151893 0.0447197 -0.445142 -0.00410917 0.895451 73.1697
0.879404 -0.0266774 0.475328 2.32059 0.0209076 0.99963 0.0174222 0.0541994 -0.475617 -0.0053832 0.879636 74.033
0.862071 -0.0254281 0.506149 2.79622 0.0167315 0.999624 0.0217226 0.078901 -0.506511 -0.0102578 0.862172 74.8746
0.842418 -0.0266868 0.538163 3.30237 0.0157137 0.999565 0.0249696 0.0855574 -0.538595 -0.0125783 0.842471 75.6994
0.821523 -0.022479 0.569732 3.83232 0.0122633 0.999688 0.0217601 0.0886637 -0.570043 -0.0108897 0.821542 76.5
0.799729 -0.0169363 0.600122 4.38522 0.00938527 0.999833 0.0157097 0.0855907 -0.600288 -0.00693121 0.799754 77.2788
0.776766 -0.0155647 0.629597 4.9663 0.00867935 0.999864 0.0140102 0.0802072 -0.629729 -0.00541819 0.776796 78.0287
0.753962 -0.0172902 0.65669 5.57365 0.00906074 0.999832 0.015922 0.0767549 -0.656855 -0.00605451 0.753992 78.7576
0.729363 -0.0187554 0.683869 6.20397 0.010277 0.999812 0.0164596 0.0748747 -0.684049 -0.00497687 0.729419 79.4582
0.703595 -0.0171619 0.710393 6.85903 0.0100548 0.999849 0.0141961 0.0668195 -0.710529 -0.0028455 0.703662 80.1302
0.677577 -0.0160595 0.735276 7.52971 0.0102168 0.999871 0.0124235 0.065955 -0.735381 -0.000905725 0.677653 80.769
0.650214 -0.0155335 0.759592 8.22116 0.00910639 0.999879 0.0126522 0.0700981 -0.759696 -0.00130952 0.650277 81.3809
0.622856 -0.0139486 0.782211 8.92787 0.0083604 0.999903 0.0111734 0.0713642 -0.782291 -0.000419808 0.622913 81.968
0.59405 -0.00930699 0.804374 9.65416 0.00685457 0.999955 0.00650768 0.0697715 -0.804398 0.00164774 0.594088 82.5272
0.563507 -0.00220819 0.826108 10.4014 0.00580731 0.999982 -0.00128835 0.0614739 -0.82609 0.00552345 0.56351 83.0585
0.533039 0.00450733 0.846078 11.1654 0.00449492 0.999957 -0.00815894 0.0504441 -0.846079 0.00815209 0.532995 83.5597
0.50242 0.00765487 0.86459 11.9486 0.00213936 0.999947 -0.0100965 0.0377484 -0.864621 0.00692234 0.502377 84.0383
0.469515 0.00712624 0.882895 12.7563 -7.84175e-05 0.999968 -0.00802949 0.0315015 -0.882924 0.00370073 0.469501 84.4896
0.436471 0.00642802 0.899695 13.5805 -0.00559655 0.999974 -0.00442942 0.028348 -0.899701 -0.00310188 0.436496 84.9113
0.401772 0.0077468 0.915707 14.4265 -0.0103481 0.999939 -0.00391913 0.0227287 -0.915681 -0.0079012 0.401828 85.303
0.367077 0.00880452 0.930149 15.2831 -0.0160048 0.999867 -0.00314829 0.0145657 -0.930053 -0.0137312 0.367169 85.6696
0.33139 0.0116206 0.943422 16.1558 -0.0208138 0.999771 -0.00500354 0.00482311 -0.943264 -0.0179781 0.331556 86.0074
0.296097 0.0113594 0.95509 17.0427 -0.0244207 0.999692 -0.00431896 -0.00258628 -0.954845 -0.0220452 0.296284 86.3135
0.260115 0.0106488 0.965519 17.945 -0.0250607 0.999677 -0.00427406 -0.00939778 -0.965252 -0.0230848 0.260298 86.5857
0.224655 0.00995325 0.974387 18.856 -0.0245583 0.999688 -0.00454952 -0.0207988 -0.974128 -0.0229072 0.22483 86.8284
0.189237 0.00920824 0.981888 19.7909 -0.0226583 0.999731 -0.0050087 -0.0330116 -0.98167 -0.0213 0.189395 87.0215
0.154855 0.00764909 0.987907 20.7289 -0.0171383 0.99984 -0.00505506 -0.050263 -0.987788 -0.0161483 0.154961 87.1833
0.120772 0.00986123 0.992631 21.681 -0.0164283 0.999833 -0.00793397 -0.0589748 -0.992544 -0.015349 0.120914 87.3115
0.0887472 0.0134784 0.995963 22.6357 -0.0166651 0.999788 -0.0120452 -0.0648738 -0.995914 -0.0155288 0.0889533 87.409
0.0594391 0.015436 0.998112 23.5971 -0.0119187 0.99982 -0.0147527 -0.0818293 -0.99816 -0.0110193 0.0596126 87.4749
0.0330485 0.0147753 0.999344 24.5657 -0.0099678 0.999846 -0.0144531 -0.0986871 -0.999404 -0.00948362 0.0331909 87.5135
0.0111115 0.0111621 0.999875 25.5435 -0.0111442 0.999877 -0.0110383 -0.101513 -0.999876 -0.0110202 0.0112348 87.5324
-0.00733848 0.00984261 0.999924 26.5265 -0.0111701 0.999888 -0.00992424 -0.110952 -0.99991 -0.0112421 -0.00722746 87.5307
-0.0245531 0.0107127 0.999641 27.507 -0.0090239 0.999899 -0.0109372 -0.12718 -0.999657 -0.0092892 -0.0244537 87.507
-0.0369331 0.0147636 0.999208 28.4858 -0.00646543 0.999866 -0.0150123 -0.139722 -0.999296 -0.00701477 -0.0368324 87.4708
-0.0490509 0.0171509 0.998648 29.4695 -0.00517626 0.999835 -0.0174255 -0.139555 -0.998782 -0.006024 -0.0489538 87.4302
-0.058956 0.0205201 0.998049 30.4605 -0.00116492 0.999786 -0.0206247 -0.150997 -0.998259 -0.0023786 -0.0589193 87.3702
-0.0617907 0.0243251 0.997792 31.4473 7.63756e-05 0.999703 -0.024367 -0.163481 -0.998089 -0.00142944 -0.0617739 87.3084
-0.0639748 0.027335 0.997577 32.4351 0.00134083 0.999626 -0.0273051 -0.174789 -0.99795 -0.000409256 -0.0639873 87.2406
-0.0678708 0.0307046 0.997221 33.43 0.00172016 0.999528 -0.0306586 -0.203307 -0.997692 -0.000365441 -0.0678913 87.1815
-0.0700452 0.0329691 0.996998 34.4265 0.00297651 0.999456 -0.0328413 -0.236363 -0.997539 0.000667208 -0.070105 87.1202
-0.0733571 0.0345276 0.996707 35.4314 0.00242027 0.999404 -0.0344428 -0.271527 -0.997302 -0.000114326 -0.0733966 87.0548
-0.0732646 0.0377068 0.996599 36.4287 0.00308055 0.999289 -0.0375821 -0.296367 -0.997307 0.00031664 -0.0733284 86.9698
-0.0761944 0.0386226 0.996344 37.4418 0.00485256 0.999252 -0.0383642 -0.332961 -0.99708 0.00191169 -0.0763246 86.9029
-0.0784542 0.0376266 0.996207 38.4612 0.00643167 0.999286 -0.0372364 -0.372966 -0.996896 0.00348593 -0.0786399 86.8229
-0.0801897 0.0377388 0.996064 39.4812 0.00605711 0.999283 -0.0373731 -0.414421 -0.99676 0.00303634 -0.0803606 86.7435
-0.0834757 0.03764 0.995798 40.5038 0.00482846 0.99929 -0.0373672 -0.451843 -0.996497 0.00168892 -0.0835979 86.6553
-0.0862902 0.0395547 0.995484 41.5291 0.00516504 0.999216 -0.0392553 -0.496421 -0.996256 0.00175437 -0.0864266 86.5641
-0.0894614 0.0417325 0.995115 42.5687 0.00479233 0.999128 -0.04147 -0.551507 -0.995978 0.00105895 -0.0895832 86.4854
-0.0924956 0.0446359 0.994711 43.6013 0.00318664 0.999003 -0.0445321 -0.60122 -0.995707 -0.00094923 -0.0925453 86.3928
-0.0948388 0.0474229 0.994362 44.6552 0.00179027 0.998871 -0.0474672 -0.657887 -0.99549 -0.00272155 -0.0948164 86.3025
-0.0973622 0.049847 0.993999 45.6994 -0.00104428 0.998739 -0.050187 -0.720796 -0.995248 -0.00592433 -0.0971871 86.2058
-0.101234 0.0480138 0.993703 46.7483 -0.00231882 0.99882 -0.0484973 -0.791822 -0.994859 -0.00721377 -0.101003 86.1054
-0.10375 0.0456974 0.993552 47.8088 -0.00459129 0.998911 -0.0464233 -0.839495 -0.994592 -0.0093781 -0.103427 86.0052
-0.106504 0.0439085 0.993342 48.8827 -0.00563021 0.998982 -0.0447615 -0.895559 -0.994295 -0.01036 -0.106148 85.8928
-0.109879 0.0447825 0.992935 49.9561 -0.0060451 0.998936 -0.045722 -0.951972 -0.993926 -0.0110263 -0.109491 85.7795
-0.110433 0.0473201 0.992756 51.0378 -0.00327362 0.998843 -0.0479744 -1.01463 -0.993877 -0.00854787 -0.11015 85.6639
-0.110997 0.0490702 0.992608 52.1171 -0.00476281 0.998742 -0.0499061 -1.0625 -0.993809 -0.010267 -0.110623 85.5425
-0.112388 0.0488221 0.992464 53.1971 -0.00556738 0.998745 -0.0497616 -1.11045 -0.993648 -0.011118 -0.111975 85.433
-0.111682 0.0483126 0.992568 54.2846 -0.00709049 0.998753 -0.0494115 -1.15856 -0.993718 -0.0125561 -0.1112 85.3209
-0.11257 0.0482563 0.992471 55.3639 -0.00912321 0.998727 -0.0495954 -1.22124 -0.993601 -0.0146375 -0.111986 85.2085
-0.112209 0.0493381 0.992458 56.4431 -0.0124275 0.998618 -0.0510494 -1.27595 -0.993606 -0.018062 -0.111441 85.0925
-0.11322 0.0493166 0.992345 57.5282 -0.0176785 0.998509 -0.05164 -1.34412 -0.993412 -0.0233898 -0.112179 84.9841
-0.115008 0.0483774 0.992185 58.6113 -0.0218959 0.998447 -0.0512208 -1.42515 -0.993122 -0.0276155 -0.11377 84.8647
-0.115274 0.0438855 0.992363 59.7185 -0.0231313 0.998634 -0.0468498 -1.50211 -0.993064 -0.0283552 -0.114101 84.759
-0.116111 0.0379756 0.992509 60.84 -0.0235767 0.998882 -0.0409776 -1.56602 -0.992956 -0.028158 -0.115086 84.6212
-0.117721 0.0341853 0.992458 61.9514 -0.0191019 0.999144 -0.0366814 -1.63758 -0.992862 -0.023276 -0.116967 84.4801
-0.116823 0.0357917 0.992507 63.0869 -0.0130212 0.999209 -0.0375661 -1.68163 -0.993066 -0.0173122 -0.116264 84.3512
-0.117237 0.0401335 0.992292 64.1985 -0.00755659 0.999118 -0.0413024 -1.72803 -0.993074 -0.0123405 -0.11683 84.1988
-0.117046 0.0451374 0.9921 65.3023 -0.00602579 0.998916 -0.0461584 -1.77853 -0.993107 -0.0113808 -0.116647 84.0745
-0.117075 0.0474069 0.99199 66.4186 -0.00623491 0.998805 -0.0484684 -1.83724 -0.993102 -0.0118594 -0.11664 83.9435
-0.118193 0.0469547 0.991879 67.5529 -0.00731928 0.998813 -0.0481551 -1.88724 -0.992963 -0.0129514 -0.117709 83.7943
-0.118046 0.0436431 0.992048 68.6934 -0.00825179 0.998956 -0.0449289 -1.93423 -0.992973 -0.0134899 -0.117563 83.6688
-0.118148 0.0420915 0.992103 69.8384 -0.00673208 0.999044 -0.0431878 -1.97454 -0.992972 -0.0117815 -0.117752 83.5364
-0.118849 0.0418051 0.992031 70.9907 -0.0101237 0.99901 -0.043312 -2.0247 -0.99286 -0.0151907 -0.118308 83.3928
-0.118073 0.0455443 0.991959 72.1507 -0.00958104 0.998848 -0.0470011 -2.07736 -0.992958 -0.0150535 -0.1175 83.2517
-0.118131 0.0482547 0.991824 73.3142 -0.00941332 0.998719 -0.0497113 -2.13305 -0.992952 -0.0152088 -0.117525 83.1051
-0.116905 0.0481093 0.991976 74.4807 -0.00990679 0.998719 -0.0496038 -2.18846 -0.993093 -0.0156262 -0.116278 82.9668
-0.116667 0.0456759 0.99212 75.6568 -0.00882334 0.998854 -0.0470236 -2.23375 -0.993131 -0.0142399 -0.11613 82.8286
-0.117432 0.0438328 0.992112 76.8275 -0.00833666 0.998946 -0.0451215 -2.28451 -0.993045 -0.0135696 -0.116943 82.6837
-0.116188 0.0460229 0.99216 78.0089 -0.011647 0.998794 -0.0476945 -2.33754 -0.993158 -0.0170972 -0.115512 82.5522
-0.115557 0.0482363 0.992128 79.1938 -0.0121884 0.998676 -0.0499742 -2.39781 -0.993225 -0.0178673 -0.114816 82.4096
-0.116163 0.0480755 0.992065 80.3861 -0.0133412 0.998662 -0.0499573 -2.45556 -0.99314 -0.0190385 -0.115366 82.267
-0.114581 0.0457895 0.992357 81.5895 -0.0133312 0.998776 -0.047625 -2.50082 -0.993324 -0.0186863 -0.11383 82.1288
-0.113602 0.0452954 0.992492 82.7994 -0.0112073 0.998838 -0.0468678 -2.54984 -0.993462 -0.0164474 -0.112962 82.0015
-0.113348 0.045683 0.992504 84.0142 -0.0104138 0.998832 -0.0471636 -2.60304 -0.9935 -0.0156816 -0.11274 81.8616
-0.111922 0.0455107 0.992674 85.2191 -0.00840306 0.998871 -0.0467423 -2.65841 -0.993681 -0.013573 -0.111413 81.7292
-0.111939 0.0462779 0.992636 86.432 -0.00767952 0.998845 -0.0474333 -2.71768 -0.993685 -0.0129326 -0.111454 81.5912
-0.109346 0.0465879 0.992911 87.648 -0.00656821 0.998845 -0.0475897 -2.76508 -0.993981 -0.0117254 -0.108914 81.4566
-0.108466 0.0465088 0.993011 88.8673 -0.00563902 0.99886 -0.0473987 -2.82104 -0.994083 -0.0107407 -0.10808 81.3313
-0.10875 0.0460741 0.993 90.1008 -0.0070754 0.998864 -0.047121 -2.87875 -0.994043 -0.0121503 -0.1083 81.2009
-0.10707 0.0458697 0.993192 91.3294 -0.00537702 0.998893 -0.0467127 -2.94203 -0.994236 -0.0103419 -0.106704 81.0712
-0.106087 0.047048 0.993242 92.5644 -0.00605514 0.99883 -0.0479594 -3.00901 -0.994338 -0.0111021 -0.105678 80.9471
-0.105872 0.0486532 0.993188 93.8016 -0.00700253 0.998741 -0.0496716 -3.08034 -0.994354 -0.0122136 -0.105398 80.8188
-0.104934 0.0475889 0.993339 95.0344 -0.00796772 0.998782 -0.0486914 -3.14952 -0.994446 -0.013024 -0.104427 80.7023
-0.105787 0.0463383 0.993308 96.28 -0.011213 0.998794 -0.0477885 -3.20867 -0.994325 -0.0161933 -0.105139 80.5836
-0.105681 0.0461936 0.993326 97.5281 -0.0127828 0.998774 -0.047807 -3.27158 -0.994317 -0.0177498 -0.104961 80.4661
-0.106774 0.0464321 0.993198 98.7688 -0.0140772 0.998738 -0.0482044 -3.34465 -0.994183 -0.0191284 -0.105985 80.3392
-0.109184 0.0448928 0.993007 100.03 -0.0155121 0.998781 -0.0468595 -3.41546 -0.9939 -0.0205199 -0.108354 80.2155
-0.109949 0.0432708 0.992994 101.291 -0.0180436 0.9988 -0.0455217 -3.48239 -0.993773 -0.0229222 -0.109036 80.0831
-0.11365 0.0429917 0.992589 102.547 -0.0188108 0.998791 -0.0454141 -3.55247 -0.993342 -0.0238327 -0.112704 79.948
-0.116042 0.0428915 0.992317 103.818 -0.018627 0.998797 -0.0453498 -3.61388 -0.993069 -0.0237464 -0.115104 79.8088
-0.118158 0.0420374 0.992104 105.084 -0.0179804 0.998849 -0.0444646 -3.68493 -0.992831 -0.0230923 -0.117266 79.6596
-0.122681 0.0391456 0.991673 106.355 -0.0190995 0.998943 -0.0417955 -3.73157 -0.992261 -0.0240679 -0.121804 79.506
-0.125935 0.0380669 0.991307 107.605 -0.0190251 0.998987 -0.0407787 -3.78719 -0.991855 -0.0239952 -0.125083 79.3562
-0.132606 0.0423642 0.990262 108.861 -0.0223201 0.998705 -0.0457143 -3.84853 -0.990916 -0.0281648 -0.131489 79.2262
-0.140845 0.0444439 0.989033 110.122 -0.0234066 0.998563 -0.0482053 -3.93098 -0.989754 -0.0299394 -0.139602 79.0651
-0.148555 0.0419536 0.988013 111.373 -0.0213963 0.998729 -0.0456257 -4.00294 -0.988672 -0.0279178 -0.147469 78.8969
-0.159256 0.040389 0.98641 112.623 -0.0207046 0.998806 -0.0442393 -4.06216 -0.987019 -0.0274686 -0.15823 78.7004
-0.172829 0.040501 0.984118 113.878 -0.0196499 0.998813 -0.0445567 -4.13256 -0.984755 -0.0270385 -0.171828 78.4856
-0.18599 0.0398394 0.981743 115.104 -0.019142 0.998841 -0.0441596 -4.1887 -0.982364 -0.0270058 -0.185011 78.2743
-0.201523 0.0382761 0.978735 116.334 -0.0176972 0.99893 -0.0427098 -4.24386 -0.979323 -0.0259279 -0.20063 78.0359
-0.215681 0.0383547 0.975709 117.548 -0.0162042 0.99895 -0.0428502 -4.31149 -0.976328 -0.0250525 -0.214833 77.7853
-0.231305 0.0422715 0.971961 118.756 -0.01748 0.998713 -0.0475948 -4.37266 -0.972723 -0.0279988 -0.230269 77.5048
-0.248673 0.0441664 0.967579 119.966 -0.0168519 0.998611 -0.0499139 -4.43198 -0.96844 -0.0287178 -0.247583 77.2199
-0.263845 0.0429128 0.963609 121.157 -0.0184838 0.998601 -0.0495321 -4.49115 -0.964387 -0.03088 -0.262683 76.9161
-0.280057 0.0395046 0.959169 122.349 -0.0199408 0.998698 -0.0469549 -4.55364 -0.959775 -0.0322766 -0.278904 76.5967
-0.296358 0.0372871 0.954348 123.529 -0.0211553 0.998736 -0.0455908 -4.60863 -0.954841 -0.0337007 -0.295195 76.259
-0.311095 0.0371173 0.949653 124.688 -0.0241273 0.998606 -0.0469344 -4.68476 -0.950072 -0.0375136 -0.309765 75.8969
-0.326386 0.0384896 0.944452 125.844 -0.0234133 0.998535 -0.0487849 -4.74307 -0.944945 -0.0380355 -0.325007 75.5248
-0.339444 0.0389169 0.93982 126.987 -0.0225601 0.998519 -0.0494958 -4.80297 -0.940355 -0.0380034 -0.338063 75.1266
-0.353892 0.0388684 0.934477 128.131 -0.0218977 0.998518 -0.0498249 -4.87508 -0.935029 -0.0380955 -0.352516 74.7067
-0.367183 0.0384477 0.929353 129.27 -0.0215121 0.998527 -0.0498088 -4.93184 -0.929899 -0.0382812 -0.365815 74.2796
-0.380558 0.0369789 0.924016 130.398 -0.0214517 0.998578 -0.0487978 -5.00855 -0.924507 -0.0383921 -0.379223 73.8266
-0.395238 0.0384362 0.917773 131.514 -0.0204368 0.998509 -0.0506185 -5.06395 -0.91835 -0.0387627 -0.393863 73.3713
-0.410629 0.0405629 0.910899 132.636 -0.0201585 0.998362 -0.053545 -5.14423 -0.911578 -0.0403495 -0.409139 72.877
-0.424016 0.041634 0.904696 133.743 -0.0183755 0.998341 -0.0545558 -5.18835 -0.905467 -0.0397567 -0.422547 72.3836
-0.438681 0.0442284 0.897553 134.835 -0.0141429 0.998324 -0.0561065 -5.25541 -0.89853 -0.0373068 -0.43732 71.8697
-0.454298 0.0479446 0.889558 135.923 -0.0133027 0.998074 -0.060587 -5.32393 -0.890749 -0.0393581 -0.452785 71.3294
-0.468381 0.0496971 0.882127 137 -0.012307 0.997953 -0.0627571 -5.40311 -0.88344 -0.0402506 -0.46681 70.7823
-0.484917 0.0475168 0.873267 138.08 -0.0129608 0.998022 -0.061502 -5.48981 -0.874463 -0.0411416 -0.483342 70.217
-0.499626 0.0453896 0.86505 139.163 -0.0126186 0.998139 -0.0596609 -5.56708 -0.866148 -0.0407238 -0.498123 69.6184
-0.515483 0.0445504 0.855739 140.234 -0.011843 0.998181 -0.0591001 -5.64252 -0.856817 -0.0405997 -0.514018 69.0032
-0.532483 0.0436987 0.845311 141.306 -0.0133104 0.99811 -0.0599823 -5.71777 -0.846335 -0.043191 -0.530895 68.3621
-0.547553 0.0425958 0.835685 142.356 -0.0136085 0.998118 -0.0597916 -5.79322 -0.836659 -0.0441115 -0.545943 67.6921
-0.562258 0.0413534 0.825926 143.417 -0.0139099 0.998134 -0.059445 -5.87363 -0.826844 -0.044912 -0.560633 67.0013
-0.577834 0.0410101 0.815122 144.461 -0.0146116 0.998057 -0.0605719 -5.94719 -0.816022 -0.0469108 -0.576112 66.287
-0.59196 0.0384784 0.805047 145.482 -0.0158799 0.998109 -0.0593827 -6.01747 -0.805809 -0.0479363 -0.59023 65.5522
-0.60748 0.0354379 0.793543 146.509 -0.0151293 0.998307 -0.0561642 -6.07731 -0.79419 -0.0461244 -0.605915 64.7828
-0.621567 0.0334655 0.782645 147.523 -0.0150947 0.99839 -0.0546787 -6.14508 -0.783214 -0.0458002 -0.620061 64.0133
-0.635965 0.0318424 0.77106 148.512 -0.0160864 0.998384 -0.054498 -6.20456 -0.771549 -0.0470624 -0.634425 63.2124
-0.651508 0.0313643 0.757992 149.483 -0.0176063 0.998251 -0.0564386 -6.28828 -0.758436 -0.0501156 -0.649816 62.404
-0.666432 0.0309812 0.74492 150.453 -0.0191959 0.998092 -0.0586838 -6.3637 -0.745317 -0.0534082 -0.664566 61.5722
-0.682163 0.026497 0.730719 151.41 -0.0213705 0.998194 -0.0561465 -6.43759 -0.730887 -0.0539169 -0.680364 60.7083
-0.698259 0.0218627 0.71551 152.352 -0.0227691 0.998349 -0.052725 -6.50793 -0.715482 -0.0531073 -0.696608 59.8206
-0.71486 0.0195905 0.698992 153.277 -0.0238504 0.998343 -0.0523721 -6.57606 -0.69886 -0.05411 -0.713207 58.9276
-0.732346 0.0174492 0.680707 154.163 -0.0254196 0.998274 -0.0529376 -6.64207 -0.680456 -0.056072 -0.730639 58.0116
-0.749649 0.0139445 0.661687 155.029 -0.0290428 0.998122 -0.0539382 -6.69431 -0.661197 -0.0596519 -0.747836 57.0819
-0.766267 0.0127955 0.642394 155.87 -0.0299305 0.998005 -0.0555808 -6.75005 -0.641824 -0.0618169 -0.764355 56.1113
-0.783083 0.0123407 0.621793 156.694 -0.0301254 0.997876 -0.0577446 -6.82762 -0.621186 -0.0639506 -0.781048 55.1275
-0.797712 0.0149241 0.602852 157.493 -0.0250268 0.998013 -0.0578228 -6.90463 -0.602517 -0.0612134 -0.795754 54.1199
-0.812147 0.0140971 0.583281 158.252 -0.0225265 0.998205 -0.0554906 -6.9794 -0.583016 -0.0582058 -0.810371 53.0817
-0.827009 0.0140382 0.562011 158.981 -0.0218555 0.998129 -0.0570924 -7.04935 -0.561762 -0.0594989 -0.825155 52.0324
-0.840725 0.0165876 0.541207 159.701 -0.0203078 0.997861 -0.0621303 -7.11408 -0.54108 -0.0632252 -0.83859 50.9841
-0.853578 0.0171563 0.52068 160.379 -0.0180485 0.997883 -0.0624678 -7.19504 -0.52065 -0.0627186 -0.851462 49.908
-0.865386 0.0154788 0.500865 161.037 -0.0179962 0.997918 -0.0619332 -7.27752 -0.500781 -0.0626098 -0.863305 48.8147
-0.875602 0.0171238 0.482728 161.67 -0.0162793 0.997757 -0.0649218 -7.36179 -0.482757 -0.0647042 -0.873359 47.7067
-0.885482 0.0162711 0.464387 162.275 -0.0165066 0.997654 -0.06643 -7.46265 -0.464379 -0.066488 -0.883136 46.5995
-0.894097 0.0171665 0.447541 162.868 -0.0145714 0.997621 -0.0673769 -7.5442 -0.447633 -0.0667628 -0.89172 45.4704
-0.901833 0.0149289 0.431825 163.447 -0.0162129 0.99753 -0.0683457 -7.63214 -0.431779 -0.0686375 -0.899363 44.3232
-0.909591 0.0133689 0.415287 163.995 -0.0162993 0.997564 -0.0678134 -7.71777 -0.415183 -0.0684513 -0.907158 43.1719
-0.915615 0.0129236 0.401846 164.533 -0.0157158 0.997568 -0.0678912 -7.80477 -0.401747 -0.0684775 -0.913185 41.9979
-0.921698 0.0111379 0.387746 165.057 -0.016299 0.997592 -0.0673995 -7.88601 -0.387563 -0.0684419 -0.919297 40.8169
-0.927788 0.00785308 0.373021 165.543 -0.0180348 0.997665 -0.0658601 -7.96325 -0.372668 -0.0678316 -0.925481 39.6376
-0.93228 0.00571809 0.361691 166.039 -0.0185679 0.9978 -0.0636345 -8.05078 -0.361259 -0.066041 -0.930123 38.434
-0.936584 0.00557824 0.350395 166.505 -0.0174057 0.997898 -0.0624107 -8.14169 -0.350007 -0.0645517 -0.934519 37.2251
-0.940256 0.00753694 0.340382 166.947 -0.0142131 0.998014 -0.0613603 -8.23955 -0.340169 -0.0625322 -0.938282 35.9932
-0.941996 0.0118312 0.335413 167.38 -0.0100484 0.997936 -0.0634212 -8.33031 -0.335471 -0.0631128 -0.939933 34.7736
-0.944515 0.0125789 0.328225 167.797 -0.00879865 0.997938 -0.0635643 -8.42145 -0.328348 -0.0629253 -0.942457 33.551
-0.946535 0.0122971 0.322363 168.216 -0.00840018 0.997994 -0.0627351 -8.50298 -0.322488 -0.0620888 -0.944534 32.3246
-0.948269 0.00713214 0.317384 168.635 -0.0125772 0.998118 -0.0600071 -8.58759 -0.317215 -0.0608946 -0.946395 31.0933
-0.950756 0.00323179 0.309919 169.039 -0.0156241 0.998174 -0.0583399 -8.67212 -0.309542 -0.0603092 -0.94897 29.8482
-0.951913 -0.00143782 0.306362 169.451 -0.020602 0.998025 -0.0593297 -8.75608 -0.305672 -0.0627883 -0.950063 28.605
-0.953024 -0.00476454 0.302854 169.852 -0.02436 0.997842 -0.0609582 -8.83124 -0.301911 -0.0654721 -0.951084 27.3571
-0.954078 -0.00557534 0.299502 170.241 -0.0255568 0.997696 -0.0628402 -8.92228 -0.298461 -0.0676087 -0.952023 26.1155
-0.954059 -0.00600589 0.299555 170.635 -0.0262472 0.99763 -0.0635935 -9.00618 -0.298463 -0.0685343 -0.951956 24.8806
-0.953978 -0.00412922 0.299844 171.016 -0.024808 0.997564 -0.0651909 -9.10145 -0.298845 -0.0696292 -0.951757 23.632
-0.953992 -0.00352719 0.299806 171.406 -0.0245176 0.997499 -0.0662801 -9.1837 -0.298823 -0.0705812 -0.951694 22.3922
-0.953258 -0.0023491 0.302144 171.791 -0.0233824 0.997544 -0.0660154 -9.26241 -0.301247 -0.0699945 -0.950972 21.1499
-0.952937 0.00101064 0.303164 172.176 -0.0194058 0.99774 -0.0643243 -9.33304 -0.302544 -0.0671801 -0.950764 19.8986
-0.95143 0.00138131 0.307858 172.574 -0.0192304 0.99777 -0.0639082 -9.41289 -0.30726 -0.0667243 -0.949282 18.6535
-0.950398 0.000400951 0.311032 172.968 -0.0204571 0.997752 -0.0637956 -9.49136 -0.310359 -0.066994 -0.948255 17.4213
-0.949282 0.000714015 0.314422 173.382 -0.019391 0.99796 -0.0608104 -9.56177 -0.313824 -0.063823 -0.947332 16.1879
-0.94651 -0.000411808 0.32267 173.804 -0.0203159 0.99809 -0.0583203 -9.65397 -0.32203 -0.0617561 -0.944712 14.9604
-0.943994 -0.00166455 0.329955 174.229 -0.0211675 0.998232 -0.0555238 -9.72909 -0.32928 -0.0593983 -0.942361 13.7379
-0.941703 -0.000357299 0.33644 174.663 -0.0191731 0.99843 -0.0526057 -9.79487 -0.335894 -0.0559895 -0.940233 12.5167
-0.937868 0.0019308 0.346983 175.116 -0.0177557 0.998407 -0.053548 -9.86394 -0.346533 -0.0563818 -0.93634 11.3142
-0.934089 0.00480094 0.357004 175.582 -0.0143141 0.998601 -0.0508815 -9.93824 -0.356749 -0.0526379 -0.932715 10.1242
-0.93056 0.00787735 0.366052 176.052 -0.0113394 0.998668 -0.0503176 -9.99992 -0.365961 -0.0509742 -0.929232 8.93326
-0.925716 0.00560972 0.378175 176.524 -0.0142892 0.998657 -0.0497916 -10.0629 -0.377947 -0.0514966 -0.924393 7.75383
-0.920851 0.00739819 0.389841 177.006 -0.0129622 0.998686 -0.0495706 -10.1319 -0.389696 -0.0507003 -0.919546 6.5711
-0.9151 0.0101333 0.403096 177.502 -0.0102195 0.998779 -0.0483082 -10.1912 -0.403094 -0.0483262 -0.913881 5.40469
-0.909836 0.0101931 0.414841 178.011 -0.0108509 0.998771 -0.0483395 -10.2475 -0.414824 -0.0484823 -0.908608 4.24461
-0.904357 0.0103755 0.426647 178.549 -0.0108043 0.998827 -0.0471918 -10.3119 -0.426637 -0.0472878 -0.903185 3.09929
-0.897708 0.00954758 0.440484 179.097 -0.0117033 0.998895 -0.0455027 -10.3907 -0.440432 -0.0460032 -0.896605 1.95513
-0.890996 0.010847 0.453879 179.66 -0.00984168 0.999018 -0.0431949 -10.4491 -0.453902 -0.0429534 -0.890014 0.826087
-0.883973 0.0106285 0.467416 180.243 -0.00952591 0.999124 -0.0407343 -10.5141 -0.467439 -0.0404604 -0.883098 -0.292808
-0.876959 0.00725067 0.480507 180.831 -0.0122032 0.999227 -0.0373496 -10.5806 -0.480407 -0.0386177 -0.876194 -1.39847
-0.868274 0.00581159 0.496049 181.435 -0.0126291 0.999348 -0.0338138 -10.6324 -0.495922 -0.0356242 -0.867635 -2.48231
-0.859828 0.00835303 0.510514 182.048 -0.00953358 0.999429 -0.0324095 -10.6905 -0.510493 -0.0327335 -0.859257 -3.54673
-0.849393 0.00690613 0.527714 182.682 -0.0108866 0.999472 -0.0306027 -10.7522 -0.527647 -0.0317386 -0.84887 -4.59236
-0.839594 0.00577471 0.543182 183.336 -0.0143647 0.999357 -0.0328279 -10.8129 -0.543023 -0.0353646 -0.838972 -5.61838
-0.828592 0.00881534 0.559781 184.005 -0.0109737 0.999427 -0.0319823 -10.8647 -0.559743 -0.032643 -0.828022 -6.62974
-0.816402 0.00839626 0.577421 184.697 -0.0120247 0.99943 -0.0315341 -10.9153 -0.577357 -0.0326877 -0.815836 -7.6199
-0.804489 0.0104959 0.593873 185.406 -0.00996239 0.999464 -0.0311598 -10.969 -0.593882 -0.030984 -0.803954 -8.60588
-0.790514 0.0114239 0.612336 186.142 -0.00670578 0.999604 -0.027306 -10.9992 -0.612406 -0.0256919 -0.790125 -9.56315
-0.774886 0.0143923 0.631935 186.886 -0.00229997 0.999669 -0.0255878 -11.031 -0.632094 -0.0212809 -0.774598 -10.5085
-0.759847 0.0159013 0.649906 187.658 0.000162767 0.999705 -0.0242695 -11.0519 -0.650101 -0.0183352 -0.759626 -11.4324
-0.742746 0.0187086 0.66931 188.438 0.000999359 0.999639 -0.026833 -11.0825 -0.669571 -0.0192612 -0.742497 -12.3117
-0.725149 0.0168291 0.688385 189.254 0.000139228 0.999704 -0.0242934 -11.1139 -0.688591 -0.0175204 -0.724937 -13.1736
-0.706739 0.0164438 0.707282 190.071 0.00062953 0.999743 -0.0226143 -11.1569 -0.707473 -0.0155371 -0.706568 -14.0051
-0.687693 0.0178997 0.725779 190.921 0.00255821 0.999749 -0.0222325 -11.1856 -0.725995 -0.0134324 -0.687567 -14.8158
-0.66806 0.01649 0.743923 191.795 -0.000603424 0.999741 -0.0227025 -11.2211 -0.744105 -0.0156154 -0.667878 -15.6084
-0.648968 0.0155075 0.760656 192.667 -0.000561538 0.999782 -0.0208616 -11.2628 -0.760814 -0.0139656 -0.648819 -16.3716
-0.627852 0.013663 0.778211 193.568 -0.000732561 0.999834 -0.0181451 -11.3049 -0.778331 -0.0119624 -0.627739 -17.1062
-0.606095 0.0142582 0.795263 194.467 -0.000339803 0.999834 -0.018185 -11.3309 -0.795391 -0.0112919 -0.60599 -17.8212
-0.582038 0.0168032 0.812987 195.383 0.00254046 0.999819 -0.018846 -11.3508 -0.813156 -0.00890361 -0.581976 -18.498
-0.558583 0.0140916 0.829327 196.315 -8.11951e-06 0.999855 -0.0169946 -11.3689 -0.829447 -0.00949953 -0.558503 -19.1469
-0.533195 0.0145145 0.845866 197.271 -0.000802041 0.999843 -0.0176622 -11.3891 -0.84599 -0.0100957 -0.533101 -19.7614
-0.507997 0.0130977 0.861258 198.236 0.00034529 0.999887 -0.0150023 -11.4116 -0.861357 -0.00732363 -0.507945 -20.3498
-0.480758 0.0121177 0.876769 199.229 2.54434e-05 0.999904 -0.0138056 -11.4414 -0.876852 -0.0066147 -0.480713 -20.9202
-0.452561 0.0125675 0.891644 200.228 0.000218438 0.999902 -0.0139825 -11.4718 -0.891732 -0.00613305 -0.45252 -21.4528
-0.421961 0.0136301 0.90651 201.243 0.00320962 0.999902 -0.0135403 -11.4847 -0.906607 -0.00280381 -0.421964 -21.936
-0.394446 0.0140948 0.91881 202.274 0.00699318 0.999899 -0.0123366 -11.509 -0.918891 0.0015594 -0.394505 -22.3913
-0.365062 0.0135389 0.930884 203.312 0.00864995 0.9999 -0.0111505 -11.5139 -0.930942 0.0039816 -0.365143 -22.8222
-0.334162 0.0133218 0.94242 204.392 0.010738 0.999888 -0.0103267 -11.5181 -0.942453 0.00666903 -0.334269 -23.2196
-0.301728 0.0124758 0.953311 205.478 0.00960461 0.999903 -0.0100456 -11.5395 -0.953345 0.00612526 -0.301819 -23.5747
-0.26893 0.0111168 0.963094 206.557 0.0111244 0.999902 -0.00843541 -11.5274 -0.963094 0.00844541 -0.269028 -23.893
-0.235951 0.00978474 0.971715 207.675 0.013127 0.999889 -0.00688098 -11.5471 -0.971675 0.0111323 -0.236054 -24.1879
-0.203238 0.012183 0.979053 208.803 0.014936 0.999844 -0.0093412 -11.5691 -0.979015 0.0127248 -0.203389 -24.4439
-0.169779 0.0121074 0.985407 209.94 0.0174156 0.999804 -0.00928372 -11.5796 -0.985327 0.0155854 -0.169957 -24.6517
-0.136869 0.0131978 0.9905 211.094 0.0185386 0.99977 -0.0107596 -11.573 -0.990415 0.01689 -0.137083 -24.8128
-0.103972 0.0124751 0.994501 212.245 0.0206025 0.999733 -0.0103868 -11.5794 -0.994366 0.0194094 -0.104202 -24.9495
-0.0714384 0.012782 0.997362 213.419 0.0223387 0.999687 -0.0112117 -11.5785 -0.997194 0.021479 -0.0717021 -25.0121
-0.0386142 0.011042 0.999192 214.554 0.0210274 0.999726 -0.0102353 -11.6101 -0.999032 0.0206153 -0.0388363 -25.0568
-0.0069639 0.010811 0.999916 215.708 0.0238476 0.999658 -0.0106422 -11.6273 -0.99969 0.0237716 -0.00721982 -25.077
0.0235946 0.00939969 0.999676 216.867 0.0269499 0.999586 -0.0100349 -11.6311 -0.999357 0.0271781 0.023331 -25.0615
0.0521624 0.00838422 0.998602 218.01 0.027291 0.999578 -0.009818 -11.6458 -0.998265 0.0277651 0.0519112 -25.021
0.0807798 0.00963278 0.996684 219.162 0.0311722 0.999439 -0.0121859 -11.644 -0.996244 0.0320534 0.0804338 -24.9234
0.109079 0.00973811 0.993984 220.306 0.0342826 0.999319 -0.0135526 -11.6608 -0.993441 0.0355548 0.108671 -24.7951
0.138241 0.00901137 0.990357 221.468 0.0356342 0.999265 -0.0140665 -11.69 -0.989757 0.0372353 0.137818 -24.6518
0.165553 0.00705793 0.986175 222.602 0.0402764 0.999091 -0.0139118 -11.7172 -0.985377 0.0420228 0.165118 -24.4646
0.195366 0.00577616 0.980712 223.742 0.0422931 0.999002 -0.0143091 -11.7477 -0.979817 0.044273 0.194927 -24.2511
0.223549 0.00494252 0.974679 224.886 0.0461127 0.998813 -0.0156412 -11.7829 -0.9736 0.0484418 0.223056 -23.9959
0.252069 0.0043091 0.967699 226.03 0.0467143 0.998769 -0.0166158 -11.8195 -0.96658 0.0493939 0.251557 -23.7258
0.27969 0.00409471 0.960081 227.187 0.0470843 0.998728 -0.0179761 -11.8625 -0.958934 0.0502326 0.279141 -23.4003
0.3077 0.00287947 0.951478 228.328 0.0493088 0.998603 -0.0189682 -11.9055 -0.950204 0.0527529 0.307128 -23.0358
0.336678 0.00355365 0.941612 229.475 0.0509416 0.998459 -0.0219827 -11.9428 -0.94024 0.0553685 0.335978 -22.6362
0.365708 0.00540645 0.930713 230.603 0.051396 0.998339 -0.0259945 -11.967 -0.929309 0.0573415 0.364822 -22.2116
0.393722 0.00556353 0.919212 231.716 0.0533409 0.998158 -0.0288887 -12.0158 -0.91768 0.0604059 0.3927 -21.7313
0.42205 0.00413197 0.906562 232.81 0.0534655 0.998135 -0.0294403 -12.0623 -0.904994 0.0608952 0.421042 -21.2226
0.448558 0.00246084 0.893749 233.883 0.0540432 0.998091 -0.0298715 -12.1109 -0.892118 0.0617003 0.447569 -20.6808
0.472375 0.00232857 0.881393 234.94 0.0534349 0.998081 -0.0312749 -12.1512 -0.879776 0.0618708 0.471344 -20.1369
0.494893 0.00226485 0.86895 235.996 0.053013 0.998055 -0.0327939 -12.2045 -0.867335 0.0622953 0.49381 -19.532
0.515187 0.00166821 0.857075 237.033 0.0539849 0.997949 -0.0343927 -12.2475 -0.855376 0.063988 0.51404 -18.9085
0.533611 -0.00123465 0.845728 238.074 0.0548418 0.997944 -0.0331455 -12.2899 -0.843949 0.0640682 0.532582 -18.2592
0.550535 -0.00233061 0.834808 239.1 0.0560113 0.997845 -0.0341523 -12.335 -0.83293 0.0655609 0.549479 -17.5844
0.566228 -0.00727729 0.824215 240.118 0.0598101 0.997687 -0.0322801 -12.3748 -0.822075 0.0675745 0.565354 -16.8947
0.582894 -0.00916677 0.812495 241.113 0.0618675 0.997534 -0.0331302 -12.4168 -0.810188 0.0695787 0.582024 -16.1945
0.598257 -0.00951956 0.801247 242.085 0.0648717 0.997222 -0.0365891 -12.4757 -0.798673 0.0738681 0.597213 -15.4693
0.613623 -0.0108211 0.789524 243.053 0.065922 0.997117 -0.0375687 -12.5291 -0.786842 0.0751002 0.612567 -14.7107
0.628869 -0.0130278 0.777401 244.027 0.065982 0.997146 -0.036665 -12.584 -0.774706 0.0743521 0.627934 -13.9316
0.644191 -0.0159313 0.764697 244.959 0.0669198 0.997122 -0.0356007 -12.6357 -0.761931 0.0741073 0.643404 -13.1397
0.658742 -0.0175511 0.752163 245.902 0.0686757 0.996956 -0.0368828 -12.6829 -0.749227 0.0759517 0.657943 -12.3249
0.673625 -0.0172435 0.73887 246.823 0.0696982 0.996754 -0.0402816 -12.7242 -0.735778 0.0786328 0.672641 -11.5011
0.68673 -0.0173463 0.726704 247.729 0.0704113 0.996601 -0.0427496 -12.7848 -0.723494 0.0805258 0.685617 -10.6542
0.699077 -0.0171184 0.71484 248.63 0.069462 0.99661 -0.0440643 -12.8401 -0.711664 0.0804587 0.697896 -9.78421
0.711983 -0.0181488 0.701961 249.514 0.0693531 0.996595 -0.044577 -12.9118 -0.698763 0.0804214 0.710817 -8.89372
0.723907 -0.0192032 0.689629 250.415 0.0704306 0.996446 -0.0461846 -12.9881 -0.686293 0.0820046 0.722687 -7.97961
0.736748 -0.0189555 0.675901 251.3 0.0707285 0.996283 -0.0491551 -13.0763 -0.672458 0.0840205 0.73535 -7.04226
0.747399 -0.0207826 0.664049 252.151 0.0740265 0.995891 -0.0521501 -13.1412 -0.660237 0.0881343 0.745867 -6.10147
0.756746 -0.0221525 0.653332 252.997 0.0752039 0.99574 -0.0533453 -13.2192 -0.649368 0.0895022 0.755188 -5.13349
0.767412 -0.0235271 0.640721 253.831 0.076635 0.995528 -0.0552328 -13.3022 -0.636556 0.0914882 0.765784 -4.15085
0.775467 -0.024933 0.630894 254.656 0.0782003 0.995319 -0.0567853 -13.3739 -0.626526 0.0933715 0.773787 -3.15885
0.781564 -0.0273102 0.623226 255.491 0.0794798 0.995258 -0.0560597 -13.4604 -0.61874 0.0933483 0.780029 -2.14304
0.787154 -0.0283517 0.616103 256.296 0.0791052 0.995333 -0.0552645 -13.5344 -0.611662 0.0922389 0.785723 -1.11924
0.789829 -0.0294692 0.612617 257.108 0.0796824 0.995309 -0.0548542 -13.6142 -0.608127 0.0921405 0.788473 -0.0773089
0.793614 -0.0308092 0.607639 257.905 0.080765 0.995213 -0.0550236 -13.6828 -0.603036 0.0927437 0.792303 0.963903
0.796216 -0.0324374 0.604141 258.715 0.0819971 0.995133 -0.0546361 -13.7498 -0.599429 0.0930402 0.795001 2.0164
0.797706 -0.0347086 0.602046 259.526 0.0839522 0.995012 -0.0538726 -13.8091 -0.597173 0.0935178 0.796641 3.06758
0.800854 -0.0376808 0.597672 260.324 0.0866151 0.994812 -0.0533415 -13.8677 -0.592562 0.0944864 0.799963 4.12962
0.803791 -0.0388226 0.593643 261.129 0.0878523 0.994674 -0.053903 -13.9433 -0.588389 0.0954799 0.80292 5.19346
0.805289 -0.0400792 0.591525 261.936 0.0884236 0.994672 -0.0529832 -14.0182 -0.586251 0.0949718 0.804543 6.26438
0.808493 -0.0398068 0.587157 262.723 0.0874797 0.994754 -0.0530161 -14.0987 -0.581967 0.0942277 0.807734 7.34283
0.810825 -0.040713 0.58387 263.499 0.0882139 0.994682 -0.0531446 -14.1826 -0.578602 0.0945966 0.810105 8.42832
0.81189 -0.0402433 0.58242 264.287 0.0886322 0.994554 -0.0548323 -14.2669 -0.577042 0.0961392 0.811035 9.50611
0.813974 -0.0380353 0.579654 265.057 0.0855639 0.99482 -0.0548751 -14.3507 -0.574564 0.0942645 0.813012 10.582
0.814484 -0.0363839 0.579042 265.831 0.083656 0.994967 -0.0551527 -14.4467 -0.574122 0.0933616 0.813429 11.6771
0.815481 -0.0356679 0.577682 266.601 0.0829933 0.994991 -0.0557232 -14.535 -0.572801 0.0933852 0.814356 12.7625
