1 0 0 0 0 1 0 0 0 0 1 0
-0.954259 0.27967 -0.105706 -0.913806 -0.269698 -0.957802 -0.0993913 -1.76737 -0.129042 -0.0663363 0.989418 6.93095
0.874665 -0.483511 -0.0343209 -0.853474 0.48329 0.875331 -0.0150204 -0.80621 0.0373046 -0.00344915 0.999298 14.279
-0.784552 0.602499 -0.146537 -2.21135 -0.599118 -0.797483 -0.0712696 -2.20366 -0.1598 0.0318781 0.986634 21.1239
0.76413 -0.645061 0.000971977 -1.53477 0.64506 0.76413 0.00167017 -1.61998 -0.00182005 -0.000649256 0.999998 27.9152
-0.719618 0.65667 -0.225687 -4.07053 -0.651237 -0.751041 -0.108755 -3.52553 -0.240916 0.0687137 0.96811 34.4932
0.730814 -0.682486 0.0111701 -2.72747 0.682354 0.730059 -0.0375189 -2.42209 0.0174513 0.0350412 0.999233 41.8268
-0.69018 0.689002 -0.221197 -5.92982 -0.680851 -0.72184 -0.124053 -4.72685 -0.245142 0.0649835 0.967307 48.3986
0.703892 -0.710143 0.0152722 -3.91228 0.71029 0.703564 -0.022042 -3.19723 0.00490801 0.0263629 0.99964 55.6984
-0.669494 0.716421 -0.196263 -7.6785 -0.703934 -0.696266 -0.140322 -5.84032 -0.237181 0.0442118 0.970459 62.1032
0.670416 -0.74006 0.053415 -4.67719 0.741885 0.669771 -0.0318308 -4.00863 -0.0122191 0.0609676 0.998065 69.3395
-0.647796 0.755678 -0.0964979 -8.62672 -0.73453 -0.653161 -0.183974 -7.39346 -0.202053 -0.0482968 0.978183 75.4902
0.615708 -0.787237 0.0340861 -5.12058 0.787842 0.614237 -0.044924 -5.29889 0.0144289 0.0545145 0.998409 82.5077
-0.582664 0.80616 -0.102993 -9.45792 -0.779545 -0.590214 -0.20966 -9.56756 -0.229808 -0.0418737 0.972335 88.5489
0.595096 -0.803459 -0.0176985 -5.38884 0.802949 0.595352 -0.0287879 -6.52144 0.0336668 0.00292057 0.999429 95.6148
-0.56181 0.818395 -0.120824 -10.3963 -0.795937 -0.574551 -0.190723 -11.3042 -0.225507 -0.010982 0.97418 101.085
0.542595 -0.83702 0.0706236 -5.61967 0.838696 0.535165 -0.100932 -8.01351 0.0466871 0.113997 0.992383 108.02
-0.533633 0.845152 0.030882 -9.03194 -0.811832 -0.501679 -0.298742 -14.0156 -0.23699 -0.18449 0.953834 113.81
0.503434 -0.854832 0.125767 -4.53168 0.86282 0.489661 -0.125592 -10.5282 0.045777 0.171742 0.984078 121.083
-0.506897 0.858663 0.075852 -8.03525 -0.82683 -0.459444 -0.324443 -17.4121 -0.243737 -0.227175 0.942859 126.72
0.480063 -0.869616 0.115359 -3.23937 0.873291 0.4613 -0.156733 -13.6205 0.0830822 0.175984 0.980881 134.038
-0.483606 0.868718 0.10703 -6.48503 -0.841024 -0.427311 -0.331788 -21.1546 -0.242495 -0.25047 0.937263 139.583
0.43925 -0.889174 0.128176 -1.61132 0.892819 0.416244 -0.172088 -16.6577 0.0996641 0.190028 0.976707 147.172
-0.447789 0.885676 0.122734 -4.72253 -0.855491 -0.384458 -0.346883 -24.764 -0.260039 -0.260328 0.929843 152.426
0.42514 -0.895148 0.13404 0.067822 0.897384 0.397526 -0.191505 -20.1126 0.118141 0.201702 0.972296 160.341
-0.418425 0.900631 0.117411 -2.75017 -0.873383 -0.363509 -0.324136 -28.3429 -0.249247 -0.238171 0.938696 165.916
0.403614 -0.88929 0.215079 2.39717 0.911409 0.370192 -0.179697 -23.6961 0.0801826 0.268553 0.959922 173.357
-0.424247 0.890955 0.161909 -0.269248 -0.877585 -0.360433 -0.316122 -32.0207 -0.223293 -0.276203 0.934801 178.92
0.395312 -0.891893 0.219671 5.25268 0.917337 0.371066 -0.144232 -26.4901 0.0471267 0.258529 0.964853 186.305
-0.42963 0.888763 0.159749 2.15167 -0.882822 -0.376208 -0.281236 -35.1364 -0.189853 -0.261857 0.946249 191.781
0.420763 -0.878777 0.225188 8.10261 0.906645 0.398903 -0.137375 -29.333 0.0308936 0.261967 0.964582 198.527
-0.468818 0.864674 0.180416 4.6074 -0.869217 -0.415297 -0.26831 -38.1638 -0.157074 -0.282609 0.946287 203.981
0.44515 -0.86944 0.214282 10.5172 0.895158 0.43825 -0.0814221 -31.262 -0.0231176 0.228061 0.973372 210.203
-0.486559 0.860843 0.149031 6.63242 -0.862338 -0.445862 -0.23996 -40.0331 -0.14012 -0.24527 0.959275 215.707
0.457037 -0.852083 0.255093 13.0559 0.884442 0.465758 -0.0288466 -33.1716 -0.0942316 0.238799 0.966486 220.783
-0.524987 0.838368 0.146724 8.5969 -0.837899 -0.478844 -0.261979 -41.697 -0.149377 -0.260476 0.953855 225.58
0.485684 -0.835437 0.25721 15.3835 0.865807 0.50028 -0.00993784 -34.3953 -0.120374 0.22752 0.966304 230.339
-0.550139 0.827196 0.114431 10.2472 -0.820605 -0.510109 -0.257676 -43.1981 -0.154776 -0.23566 0.959431 235.205
0.51431 -0.815723 0.264729 17.4961 0.844814 0.53501 0.00726848 -35.4658 -0.147561 0.219908 0.964296 239.885
-0.588246 0.800807 0.112586 11.7864 -0.792479 -0.543115 -0.277494 -44.6262 -0.161072 -0.252456 0.954108 244.773
0.537642 -0.799922 0.266581 19.6492 0.831189 0.555929 -0.00818443 -36.7162 -0.141653 0.22598 0.963778 249.63
-0.612778 0.780856 0.121517 13.4909 -0.77452 -0.562901 -0.288551 -46.2541 -0.156915 -0.270935 0.949722 254.536
0.548393 -0.78337 0.29257 21.8536 0.817703 0.575578 0.00843379 -38.1027 -0.175003 0.23461 0.956207 259.198
-0.64237 0.766246 0.015087 14.4688 -0.742314 -0.617171 -0.260902 -47.7161 -0.190604 -0.178795 0.965247 264.122
0.593856 -0.751348 0.28777 23.6146 0.777009 0.628389 0.0372089 -39.3545 -0.208788 0.201503 0.956976 268.876
-0.670465 0.74192 0.00563716 15.5011 -0.706994 -0.636561 -0.308137 -49.2271 -0.225025 -0.21058 0.951325 273.823
0.612415 -0.726652 0.311328 25.6096 0.75172 0.657172 0.0551549 -40.5237 -0.244675 0.200254 0.9487 278.244
-0.704403 0.707954 -0.0511706 16.1817 -0.669849 -0.68687 -0.281979 -50.1488 -0.234776 -0.16435 0.958055 283.037
0.641326 -0.68883 0.337957 27.3666 0.707907 0.701097 0.0856256 -41.4757 -0.295922 0.184328 0.937258 286.903
-0.721088 0.692754 -0.0111231 17.6865 -0.680666 -0.711319 -0.175271 -50.6838 -0.129332 -0.118815 0.984457 293.498
0.643914 -0.664561 0.379122 29.8893 0.682803 0.722706 0.107132 -41.7676 -0.345189 0.189882 0.919124 296.642
-0.757677 0.640597 -0.124747 18.1812 -0.599847 -0.758863 -0.253593 -50.7695 -0.257117 -0.117313 0.959233 301.706
0.664819 -0.613327 0.426433 31.2266 0.605594 0.776736 0.173024 -42.6949 -0.437346 0.143215 0.887816 303.605
-0.78719 0.614374 -0.0536369 19.4462 -0.584477 -0.770968 -0.252975 -51.1118 -0.196773 -0.167789 0.965985 309.493
0.66925 -0.613274 0.419524 32.8201 0.614563 0.774208 0.151376 -42.94 -0.417634 0.156515 0.895033 310.944
-0.784271 0.615323 -0.0793613 20.3601 -0.56849 -0.763952 -0.305281 -52.1371 -0.248474 -0.194307 0.948949 315.816
0.631354 -0.641386 0.435908 33.986 0.64453 0.746569 0.164973 -42.8357 -0.431247 0.176799 0.884742 317.132
-0.750834 0.658595 -0.0500099 21.9684 -0.61251 -0.722622 -0.320388 -53.11 -0.247144 -0.209926 0.945965 322.25
0.593247 -0.643601 0.483565 35.5118 0.657239 0.734091 0.170726 -43.5386 -0.46486 0.216535 0.858497 322.901
-0.793286 0.596692 -0.121058 22.1123 -0.543811 -0.783814 -0.29984 -52.75 -0.273799 -0.172027 0.946277 327.643
0.643065 -0.543883 0.539128 37.3238 0.555053 0.816048 0.161187 -44.8518 -0.527621 0.195591 0.826656 326.948
-0.808476 0.551023 -0.20674 22.3755 -0.475725 -0.818676 -0.321646 -53.0299 -0.346487 -0.161691 0.924014 330.142
0.634571 -0.477994 0.607323 38.0616 0.507016 0.850547 0.139659 -45.9818 -0.583313 0.219299 0.782083 327.763
-0.854365 0.449698 -0.260445 22.042 -0.375407 -0.880633 -0.28906 -52.3141 -0.359346 -0.14919 0.921202 330.618
0.696631 -0.372727 0.613008 38.328 0.411058 0.907661 0.0847536 -47.4004 -0.587994 0.192939 0.785518 328.034
-0.904745 0.321027 -0.279961 22.0544 -0.259857 -0.936766 -0.234403 -51.3097 -0.337507 -0.139325 0.930955 331.381
0.725443 -0.299232 0.619833 38.5746 0.322275 0.943406 0.078257 -47.9571 -0.608171 0.142985 0.780822 329.014
-0.899233 0.298336 -0.319963 21.8578 -0.263377 -0.953186 -0.148557 -51.0268 -0.349304 -0.0493164 0.935711 332.074
0.75312 -0.306276 0.582241 38.6565 0.301879 0.947232 0.107797 -47.742 -0.584533 0.094582 0.805838 330.184
-0.899438 0.309139 -0.308941 22.2932 -0.265593 -0.948 -0.175372 -51.1336 -0.347091 -0.0756831 0.934773 333.314
0.718768 -0.279685 0.636513 39.084 0.296734 0.951351 0.0829464 -48.1067 -0.628746 0.129256 0.766792 330.534
-0.897428 0.280927 -0.34015 22.1297 -0.21912 -0.953049 -0.209005 -51.0528 -0.382895 -0.113033 0.91685 333.258
0.736237 -0.276913 0.617474 39.3628 0.301723 0.951056 0.0667562 -47.9438 -0.605738 0.137158 0.783754 330.837
-0.904897 0.307128 -0.294675 22.3194 -0.23711 -0.938699 -0.250246 -51.8568 -0.353468 -0.156576 0.922249 334.101
0.755361 -0.30491 0.580052 39.4894 0.347222 0.936915 0.0403355 -48.0672 -0.555758 0.170939 0.81358 332.673
-0.866733 0.354145 -0.351219 23.3122 -0.294363 -0.931656 -0.212996 -52.5745 -0.402647 -0.0812245 0.911744 335.463
0.740306 -0.322696 0.589758 39.8436 0.388766 0.921197 0.0160431 -48.5008 -0.54846 0.217401 0.80742 334.802
-0.877715 0.317341 -0.359043 23.4237 -0.254248 -0.943526 -0.212406 -52.5164 -0.406171 -0.0951457 0.90883 337.703
0.758792 -0.27329 0.591225 40.25 0.332768 0.942968 0.00879877 -49.3095 -0.55991 0.190064 0.806459 336.937
-0.878677 0.300345 -0.371105 23.783 -0.234005 -0.948487 -0.213574 -53.0055 -0.416134 -0.100822 0.903696 339.746
0.747253 -0.311571 0.586972 40.3824 0.357319 0.933107 0.0404139 -49.2044 -0.5603 0.179537 0.808598 339.226
-0.862039 0.326635 -0.387554 23.9772 -0.252984 -0.939874 -0.229423 -53.2566 -0.43919 -0.0997262 0.892842 341.839
0.742467 -0.300316 0.598793 40.6683 0.349873 0.936118 0.0356746 -49.7209 -0.571254 0.183014 0.800109 341.254
-0.860547 0.309813 -0.404321 24.2557 -0.231369 -0.944898 -0.231594 -53.5512 -0.453793 -0.10575 0.88481 343.884
0.745339 -0.249493 0.618242 41.0589 0.314617 0.949211 0.00376144 -50.8083 -0.587781 0.191705 0.785979 343.17
-0.872086 0.22743 -0.433292 24.1967 -0.153614 -0.967912 -0.198868 -53.2526 -0.464617 -0.10687 0.879039 345.9
0.74168 -0.225149 0.631837 41.2964 0.293977 0.955802 -0.00449236 -50.9701 -0.6029 0.189077 0.775088 345.203
-0.845681 0.33901 -0.412184 24.886 -0.216886 -0.923988 -0.314969 -55.7592 -0.487631 -0.176966 0.854926 347.489
0.655109 -0.478531 0.584671 40.6598 0.498909 0.855128 0.140875 -48.7135 -0.567381 0.199409 0.798946 347.664
-0.740191 0.570735 -0.355499 25.6861 -0.403698 -0.800019 -0.443844 -57.9325 -0.537723 -0.185014 0.822571 349.064
0.609235 -0.612405 0.503779 39.8732 0.58076 0.777151 0.242392 -48.5083 -0.539954 0.144901 0.829128 349.556
-0.710548 0.598858 -0.369447 26.3358 -0.398327 -0.775147 -0.490389 -57.6274 -0.58005 -0.201284 0.789321 350.439
0.558449 -0.584838 0.588302 39.5871 0.54996 0.791954 0.265239 -49.1088 -0.62103 0.17542 0.763904 349.841
-0.682526 0.580909 -0.443513 26.0733 -0.336887 -0.788581 -0.514438 -57.5007 -0.648587 -0.201704 0.733928 349.371
0.483738 -0.586672 0.649472 39.6229 0.504805 0.793225 0.340537 -48.6034 -0.714961 0.163126 0.679868 347.89
-0.634988 0.589444 -0.499346 25.8579 -0.305902 -0.785401 -0.538116 -57.398 -0.709376 -0.188946 0.679033 346.758
0.442494 -0.606925 0.660183 39.4818 0.468084 0.78425 0.407247 -47.6644 -0.764916 0.128817 0.631117 343.986
-0.651253 0.618281 -0.439998 25.0514 -0.389411 -0.769935 -0.505529 -57.6177 -0.651328 -0.157887 0.742188 343.845
0.326135 -0.635628 0.699723 37.8467 0.399458 0.763527 0.507404 -47.3504 -0.856778 0.114028 0.50292 338.087
-0.606769 0.641708 -0.469087 23.864 -0.40245 -0.756918 -0.514887 -57.7681 -0.685468 -0.123633 0.717529 337.364
0.287289 -0.647717 0.70564 36.4738 0.366925 0.754919 0.543565 -47.4607 -0.884777 0.102757 0.454543 331.052
-0.562555 0.660952 -0.496663 22.0772 -0.409907 -0.744678 -0.526717 -58.8313 -0.717989 -0.0927217 0.689851 330.246
0.389783 -0.653094 0.64926 35.9833 0.344239 0.757243 0.555051 -47.8999 -0.854148 0.00715139 0.519981 325.335
-0.443375 0.666347 -0.5995 22.0644 -0.373872 -0.745357 -0.551962 -59.158 -0.81464 -0.0205898 0.579602 322.038
0.388903 -0.631686 0.670617 36.0543 0.301126 0.775096 0.555472 -48.623 -0.870677 -0.014085 0.491654 317.229
-0.507657 0.595581 -0.622549 21.4818 -0.36302 -0.803176 -0.47236 -58.6148 -0.781345 -0.0137986 0.623946 315.467
0.403722 -0.552721 0.729046 35.9091 0.267354 0.833366 0.483759 -49.6734 -0.874946 -0.000391561 0.48422 310.793
-0.538822 0.578593 -0.612292 21.3721 -0.347689 -0.814772 -0.46396 -59.1664 -0.767322 -0.0371046 0.640187 309.458
0.3611 -0.604721 0.709873 34.9104 0.292931 0.79626 0.529303 -49.5538 -0.885323 0.0168129 0.464671 304.484
-0.534164 0.574812 -0.619886 20.2429 -0.310484 -0.815412 -0.488572 -58.938 -0.7863 -0.0685129 0.614034 303.265
0.361514 -0.596579 0.71652 34.3862 0.330868 0.800566 0.49962 -49.1563 -0.871684 0.0564534 0.486805 299.405
-0.492001 0.624743 -0.606326 19.6677 -0.254202 -0.76919 -0.586283 -59.3893 -0.832656 -0.134323 0.537253 296.51
0.336879 -0.646982 0.684052 33.5636 0.418884 0.753645 0.506514 -48.0702 -0.843237 0.115904 0.524897 293.08
-0.485293 0.662319 -0.57081 19.2443 -0.290477 -0.737884 -0.609221 -59.2722 -0.82469 -0.129843 0.550478 290.127
0.30724 -0.70793 0.635955 32.2381 0.456231 0.696047 0.554411 -46.6676 -0.835139 0.119805 0.536833 287.014
-0.428012 0.694711 -0.578085 18.7789 -0.240504 -0.704122 -0.668109 -58.3248 -0.871185 -0.146926 0.468454 282.471
0.295735 -0.676878 0.674074 31.6204 0.416882 0.726347 0.54647 -45.7586 -0.859505 0.119399 0.496985 278.379
-0.476981 0.645889 -0.596085 17.6738 -0.218208 -0.743996 -0.63155 -56.9517 -0.851395 -0.171167 0.49581 274.382
0.329705 -0.628366 0.704592 30.9207 0.426154 0.765019 0.482843 -45.199 -0.842429 0.141069 0.520012 270.306
-0.463671 0.600962 -0.65104 16.4395 -0.168296 -0.781163 -0.601216 -55.3451 -0.869876 -0.169199 0.463342 265.12
0.413201 -0.574009 0.70695 30.9257 0.456025 0.802397 0.384968 -44.3341 -0.78823 0.163318 0.593313 262.358
-0.585101 0.53947 -0.605499 15.574 -0.195294 -0.818402 -0.540442 -53.8014 -0.787094 -0.197963 0.584203 259.907
0.484536 -0.5106 0.71029 31.0584 0.451154 0.841516 0.297172 -43.9658 -0.749457 0.17646 0.638104 258.216
-0.67566 0.474081 -0.564563 14.7078 -0.193218 -0.852914 -0.484978 -52.3702 -0.711442 -0.218596 0.667881 257.431
0.461478 -0.414651 0.784284 30.8912 0.362284 0.895056 0.260047 -44.7981 -0.809807 0.164128 0.563271 254.186
-0.645939 0.433861 -0.628114 13.9428 -0.129696 -0.873205 -0.469778 -52.1189 -0.752291 -0.221984 0.620308 253.312
0.474736 -0.350132 0.807486 31.1064 0.390749 0.905934 0.163092 -45.532 -0.788632 0.238099 0.566894 250.729
-0.670632 0.237161 -0.702857 12.9695 -0.0168673 -0.952144 -0.305183 -49.2503 -0.741598 -0.19281 0.642538 250.133
0.547562 -0.165868 0.820161 31.1887 0.27071 0.96256 0.0139339 -46.262 -0.791765 0.214396 0.571963 247.583
-0.71743 0.125985 -0.685144 12.5706 0.0488004 -0.972005 -0.229835 -48.0579 -0.694919 -0.198326 0.691198 248.166
0.554971 -0.0611818 0.829617 30.6015 0.171 0.984384 -0.0417942 -47.1054 -0.814104 0.165059 0.556766 244.681
-0.723597 0.0605362 -0.687563 12.0903 0.0848172 -0.980798 -0.175617 -47.5757 -0.684992 -0.185393 0.704567 245.492
0.538055 -0.0742571 0.839632 30.3961 0.184226 0.982389 -0.0311733 -46.4343 -0.822531 0.171455 0.54226 242.094
-0.727327 0.0944616 -0.679759 12.115 0.063721 -0.976908 -0.203935 -47.3132 -0.683326 -0.191642 0.704512 243.243
0.548507 -0.102811 0.829801 30.2184 0.215052 0.976373 -0.0211793 -45.9154 -0.808018 0.190067 0.557657 240.331
-0.666508 0.146071 -0.731047 11.6312 0.0662016 -0.965145 -0.253204 -47.5708 -0.742552 -0.217159 0.633607 240.026
0.53057 -0.18128 0.82803 29.5082 0.284257 0.958349 0.0276703 -44.6971 -0.798557 0.220692 0.560001 237.664
-0.645766 0.220658 -0.730955 11.2611 0.0790466 -0.932865 -0.351445 -47.7663 -0.759432 -0.284731 0.584971 236.023
0.54592 -0.278289 0.79027 29.0387 0.364949 0.928026 0.0746915 -42.7542 -0.754177 0.247633 0.608189 234.46
-0.809966 0.314873 -0.494783 12.2168 -0.150883 -0.927132 -0.343017 -48.5516 -0.566735 -0.203178 0.798454 237.913
0.527994 -0.306723 0.791924 29.4287 0.433903 0.899031 0.0589151 -42.9661 -0.730035 0.312511 0.607771 236.434
-0.827981 0.321986 -0.459099 12.8884 -0.119979 -0.901477 -0.415866 -49.2301 -0.54777 -0.289247 0.785037 239.698
0.510234 -0.27972 0.813276 29.6912 0.438058 0.898298 0.0341339 -43.7669 -0.740113 0.338845 0.580876 237.441
-0.830601 0.312945 -0.460617 13.2189 -0.136034 -0.91612 -0.377118 -49.6342 -0.539997 -0.250575 0.803501 240.975
0.573451 -0.310741 0.75802 30.4643 0.36252 0.926002 0.105353 -44.2984 -0.734666 0.214382 0.643666 239.998
-0.83407 0.238018 -0.497669 12.7812 -0.0565758 -0.934282 -0.352018 -49.1393 -0.548749 -0.265452 0.792723 244.267
0.568056 -0.200327 0.798237 31.4077 0.27182 0.961161 0.0477778 -45.8153 -0.776806 0.189836 0.600446 242.464
-0.813754 0.249465 -0.524949 13.8944 -0.129384 -0.95829 -0.254831 -50.1382 -0.566625 -0.139449 0.81209 246.151
0.586329 -0.250624 0.770328 31.7347 0.279002 0.955233 0.0984236 -45.9543 -0.76051 0.157214 0.630006 244.45
-0.835842 0.0609346 -0.545578 13.5199 0.105842 -0.957287 -0.269071 -47.3873 -0.53867 -0.282645 0.793691 248.242
0.551927 0.00460473 0.83388 32.0048 0.141784 0.984906 -0.0992815 -47.7927 -0.821751 0.173026 0.542943 244.884
-0.811419 -0.107411 -0.57451 13.6712 0.246062 -0.95439 -0.169096 -46.0256 -0.530144 -0.278572 0.80084 249.411
0.561484 0.209572 0.800509 31.6011 -0.0492176 0.974143 -0.220506 -50.6809 -0.826022 0.0844113 0.557281 246.268
-0.872151 -0.260066 -0.41439 15.0176 0.296943 -0.954543 -0.0259078 -46.1578 -0.388815 -0.145645 0.909731 253.752
0.447672 0.288232 0.84647 31.7947 -0.105963 0.957055 -0.269846 -52.2192 -0.887897 0.0311075 0.458989 248.424
-0.815329 -0.378127 -0.438473 16.1148 0.378487 -0.921162 0.0905956 -45.2366 -0.438161 -0.0920909 0.894166 254.758
0.405187 0.383098 0.830096 31.6691 -0.154608 0.923604 -0.350785 -52.7737 -0.901066 0.0137942 0.433463 249.22
-0.811082 -0.446044 -0.378407 17.0325 0.431742 -0.892984 0.127195 -44.8656 -0.394646 -0.0602079 0.916858 256.668
0.375086 0.4418 0.814938 32.7276 -0.262201 0.893786 -0.363863 -54.2732 -0.889135 -0.0771981 0.451087 251.909
-0.803364 -0.515823 -0.297545 19.2106 0.498787 -0.855835 0.136959 -44.9464 -0.325296 -0.0383831 0.944833 260.936
0.314882 0.495616 0.809453 33.4116 -0.256612 0.865529 -0.430126 -55.1704 -0.913783 -0.072277 0.399721 255.451
-0.761447 -0.614323 -0.206893 22.7731 0.601084 -0.788633 0.129445 -45.2609 -0.242684 -0.0257943 0.969762 265.837
0.286301 0.536873 0.793599 36.4436 -0.208911 0.843321 -0.495142 -56.0593 -0.935087 -0.0240323 0.353603 260.661
-0.752292 -0.531066 -0.389904 23.3798 0.523043 -0.841276 0.136678 -47.0475 -0.400602 -0.101114 0.910655 269.651
0.304139 0.445642 0.841964 38.3722 -0.0571401 0.890776 -0.450836 -55.5774 -0.950912 0.0890067 0.296384 263.246
-0.814018 -0.344738 -0.467471 22.6417 0.357058 -0.93179 0.0653977 -49.266 -0.45813 -0.113679 0.881586 271.296
0.100035 0.299075 0.948972 37.6517 -0.021011 0.954178 -0.2985 -55.3972 -0.994762 0.00992114 0.101735 261.777
-0.886571 -0.280945 -0.367507 22.6387 0.297475 -0.954652 0.0121661 -50.8643 -0.35426 -0.0985378 0.929941 272.463
0.0859753 0.217374 0.972295 38.8335 0.0448346 0.974075 -0.221736 -55.09 -0.995288 0.0626559 0.0740005 262.677
-0.933199 -0.0625324 -0.353877 22.6786 0.0795652 -0.996257 -0.0337755 -53.6467 -0.35044 -0.0596753 0.934682 274.068
0.122483 0.0474611 0.991335 40.0391 -0.0242013 0.998701 -0.0448231 -55.6293 -0.992175 -0.0185018 0.123473 264.955
-0.943621 -0.047851 -0.32755 24.3196 0.0605553 -0.997752 -0.0286932 -54.4576 -0.325441 -0.0469101 0.944398 276.845
-0.0364768 0.0407523 0.998503 39.6818 0.0604087 0.997431 -0.0385012 -55.1257 -0.997507 0.0589136 -0.038845 265.24
-0.933183 -0.0212338 -0.358774 23.808 0.0519778 -0.995731 -0.0762657 -55.0084 -0.355623 -0.0898178 0.930303 276.162
-0.0366958 -0.042858 0.998407 38.8381 0.103674 0.993525 0.0464595 -54.179 -0.993934 0.105213 -0.0320151 265.051
-0.956715 -0.0425507 -0.287899 23.8538 0.0920888 -0.982684 -0.160784 -54.912 -0.276072 -0.180336 0.944067 277.717
-0.0520355 0.0662694 0.996444 39.3881 0.226905 0.972483 -0.052826 -54.2459 -0.972525 0.223349 -0.0656405 266.42
-0.981769 -0.0187953 -0.189145 25.7678 0.0504402 -0.985183 -0.163919 -55.218 -0.183261 -0.170471 0.96817 279.652
-0.100012 0.0686627 0.992614 40.3713 0.217635 0.974968 -0.0455135 -54.6546 -0.970892 0.211475 -0.112452 267.314
-0.999707 -0.0160032 0.0181401 30.1572 0.0113651 -0.972707 -0.231756 -57.4891 0.0213539 -0.231482 0.972604 283.291
-0.171684 0.0113596 0.985087 43.3979 0.234219 0.971732 0.0296153 -55.2681 -0.956904 0.23581 -0.169492 270.813
-0.99913 0.0236785 0.034317 33.5193 -0.0317794 -0.965306 -0.259179 -58.8779 0.0269895 -0.260044 0.965219 286.111
-0.208652 -0.03647 0.97731 46.2671 0.254754 0.962778 0.0903174 -55.2915 -0.944226 0.267818 -0.191595 273.259
-0.99913 0.0187471 -0.0372635 35.1672 -0.00750493 -0.959525 -0.281521 -59.1412 -0.0410329 -0.280996 0.958831 287.281
-0.230264 -0.00140538 0.973127 47.4185 0.280781 0.957372 0.0678223 -55.171 -0.93174 0.288853 -0.220054 274.182
-0.999991 -0.00364587 0.00223569 37.7764 0.00296877 -0.968087 -0.250595 -59.0341 0.00307806 -0.250586 0.968089 288.79
-0.22842 0.0374005 0.972844 50.1745 0.264881 0.963953 0.0251347 -56.1854 -0.936836 0.263429 -0.230093 276.473
-0.739112 -0.0303291 -0.672899 33.1058 0.18975 -0.967903 -0.164797 -56.7522 -0.646303 -0.249486 0.721144 280.936
-0.223946 0.0367925 0.973907 45.6311 0.239817 0.970642 0.0184763 -54.7769 -0.944635 0.237697 -0.226195 268.336
-0.722532 -0.0381278 -0.690285 28.1023 0.162718 -0.979806 -0.116201 -54.5719 -0.671915 -0.19628 0.714145 272.868
-0.119604 0.0572923 0.991167 42.2797 0.262204 0.96471 -0.0241223 -52.5225 -0.957571 0.257003 -0.130406 261.189
-0.764152 -0.0976078 -0.637608 24.6977 0.271713 -0.945215 -0.180942 -52.2719 -0.585015 -0.311513 0.74881 266.603
-0.180803 0.121743 0.975955 37.6356 0.331058 0.941937 -0.0561678 -50.0735 -0.926126 0.312943 -0.210609 253.994
-0.72715 -0.106018 -0.678242 20.4268 0.308589 -0.933031 -0.184998 -49.4928 -0.613208 -0.343819 0.71117 258.771
-0.181241 0.161553 0.970079 32.9153 0.421156 0.904135 -0.0718848 -47.0401 -0.888694 0.395526 -0.231905 246.535
-0.702634 -0.121834 -0.701043 15.4358 0.380466 -0.89689 -0.225461 -46.2098 -0.60129 -0.425139 0.67654 250.742
-0.0687415 0.0957488 0.993029 29.6858 0.429828 0.901101 -0.0571301 -42.9668 -0.900289 0.422905 -0.103099 239.751
-0.698359 -0.126401 -0.704498 12.1878 0.410386 -0.877134 -0.249435 -42.2927 -0.58641 -0.463311 0.664428 243.808
-0.0539245 0.135398 0.989323 26.0387 0.444223 0.890576 -0.0976704 -39.6569 -0.894291 0.434213 -0.108171 233.441
-0.748701 -0.200503 -0.631859 9.51024 0.424428 -0.877172 -0.224566 -38.6609 -0.509222 -0.436311 0.741838 238.773
-0.112703 0.196992 0.973906 22.3941 0.392813 0.909139 -0.138434 -36.4585 -0.912685 0.366961 -0.179844 226.725
-0.726849 -0.249276 -0.639962 6.30682 0.451434 -0.875639 -0.17165 -34.5646 -0.517587 -0.413664 0.748989 232.395
-0.0257183 0.253814 0.966911 19.2803 0.402464 0.88801 -0.222397 -33.7089 -0.915074 0.383427 -0.124989 221.822
-0.712047 -0.305011 -0.632422 4.17749 0.453449 -0.887453 -0.082531 -30.5948 -0.536071 -0.345537 0.770214 227.426
-0.00509684 0.336256 0.941757 16.557 0.384659 0.869965 -0.30854 -31.3285 -0.923044 0.360683 -0.133778 217.191
-0.713854 -0.33764 -0.613524 1.98887 0.460748 -0.886211 -0.0483873 -27.7648 -0.527374 -0.317221 0.788192 222.648
0.0325195 0.304193 0.952055 15.0954 0.266288 0.915491 -0.301606 -29.1257 -0.963344 0.263329 -0.0512318 212.765
-0.731997 -0.371168 -0.571328 0.345098 0.453013 -0.891503 -0.00123826 -24.9758 -0.50888 -0.259725 0.820721 219.019
0.0449309 0.371323 0.927416 13.5357 0.228441 0.899937 -0.371387 -27.7914 -0.97252 0.228546 -0.0443905 208.829
-0.746033 -0.391671 -0.538543 -1.3962 0.478023 -0.878029 -0.0236238 -23.4784 -0.463604 -0.27506 0.842266 216.342
0.0698789 0.426081 0.901982 11.9238 0.260978 0.864892 -0.428779 -27.3781 -0.962812 0.26536 -0.0507605 205.959
-0.71476 -0.444089 -0.54028 -2.77876 0.513958 -0.857455 0.0248561 -21.606 -0.474304 -0.259915 0.841118 213.249
0.0860682 0.372608 0.923989 11.5924 0.194025 0.903405 -0.38238 -25.5217 -0.977213 0.212187 0.00545906 203.182
-0.697195 -0.373333 -0.611999 -4.38171 0.441179 -0.896331 0.0441853 -20.0776 -0.565048 -0.239195 0.789623 209.1
0.0443882 0.393518 0.918245 9.7172 0.23486 0.889279 -0.392457 -23.5766 -0.971015 0.233079 -0.0529482 198.013
-0.646695 -0.398827 -0.650172 -7.10978 0.458596 -0.884436 0.0863847 -17.2311 -0.609487 -0.242301 0.75486 202.731
0.0117901 0.428342 0.90354 6.5444 0.269333 0.868847 -0.415409 -20.7597 -0.962974 0.248251 -0.105123 191.283
-0.665338 -0.460227 -0.587807 -8.708 0.477972 -0.867442 0.138153 -13.8502 -0.57347 -0.189037 0.797117 197.904
0.00935758 0.478058 0.878279 4.5843 0.216871 0.856441 -0.468482 -19.0371 -0.976155 0.194857 -0.0956629 187.094
-0.659005 -0.455511 -0.598516 -10.5658 0.467235 -0.871517 0.148827 -12.1296 -0.589409 -0.181569 0.787165 193.374
0.0158174 0.354883 0.934777 3.19499 0.211853 0.912478 -0.350002 -15.5296 -0.977173 0.203571 -0.0607503 183.175
-0.709894 -0.397015 -0.581748 -11.6743 0.414739 -0.903229 0.110312 -9.75885 -0.569246 -0.162963 0.805854 189.725
-0.0164619 0.380562 0.924609 1.06862 0.157371 0.914194 -0.373474 -14.202 -0.987402 0.139358 -0.074939 179.23
-0.710586 -0.379537 -0.592469 -13.7155 0.420768 -0.904102 0.0745157 -8.37051 -0.563933 -0.196342 0.80214 185.291
0.0156342 0.392226 0.919736 -0.565501 0.221899 0.895549 -0.385683 -12.2506 -0.974944 0.210118 -0.0730337 174.582
-0.507324 -0.415014 -0.755239 -16.3015 0.367042 -0.89699 0.246351 -4.50259 -0.77968 -0.152224 0.607392 175.753
-0.0792679 0.416072 0.90587 -4.27747 0.241248 0.889723 -0.387545 -8.12792 -0.96722 0.187819 -0.170903 163.833
-0.567998 -0.416284 -0.70999 -19.5256 0.363771 -0.900797 0.237139 -0.866922 -0.738274 -0.123579 0.663083 166.491
-0.129483 0.42852 0.894207 -8.42663 0.246947 0.88732 -0.389461 -4.49854 -0.960339 0.170392 -0.220715 154.523
-0.528126 -0.400965 -0.748539 -23.8044 0.422282 -0.888786 0.178151 2.33773 -0.736722 -0.222008 0.638711 156.842
-0.166971 0.435246 0.884693 -13.413 0.293188 0.878618 -0.376923 -0.463556 -0.941361 0.196446 -0.274313 143.918
-0.491454 -0.424742 -0.760308 -27.7787 0.402734 -0.884896 0.234019 6.76016 -0.77219 -0.191191 0.605943 144.885
-0.207695 0.427957 0.879612 -18.4125 0.332683 0.87652 -0.3479 4.95931 -0.919883 0.220374 -0.324422 132.082
-0.487898 -0.447494 -0.74947 -32.6473 0.506808 -0.84428 0.174176 12.1183 -0.710704 -0.294856 0.638716 134.116
-0.208781 0.427678 0.87949 -22.9694 0.400405 0.857859 -0.322107 11.2344 -0.892236 0.284902 -0.350349 121.234
-0.538876 -0.443199 -0.716372 -37.0157 0.52881 -0.839946 0.121864 17.725 -0.655723 -0.313155 0.686994 124.611
-0.20365 0.441903 0.873641 -27.5797 0.482591 0.821712 -0.303142 17.7881 -0.85184 0.359876 -0.3806 111.886
-0.530483 -0.479143 -0.699293 -42.3863 0.627447 -0.776632 0.0561529 24.7104 -0.569998 -0.40898 0.712626 116.115
-0.194578 0.468794 0.86161 -32.314 0.532808 0.788025 -0.308433 25.4832 -0.823562 0.399058 -0.40311 102.541
-0.497938 -0.49695 -0.710703 -46.6221 0.602323 -0.787785 0.128845 33.1272 -0.62391 -0.363916 0.691592 106.356
-0.270676 0.466598 0.842034 -38.0919 0.485417 0.8215 -0.299179 33.4469 -0.831326 0.327757 -0.448855 92.4321
-0.487498 -0.478725 -0.730184 -52.4 0.592046 -0.795907 0.126543 41.0246 -0.641737 -0.370613 0.67143 95.4371
-0.334466 0.381031 0.861945 -43.5932 0.435797 0.873487 -0.217028 41.6928 -0.835591 0.303044 -0.458204 81.3693
-0.60158 -0.346847 -0.719582 -58.9428 0.451376 -0.890816 0.052027 46.7031 -0.65906 -0.293504 0.692455 85.021
-0.442419 0.310501 0.841341 -50.734 0.380415 0.914541 -0.137474 47.6605 -0.812126 0.259237 -0.522729 70.8403
-0.585343 -0.357587 -0.727672 -65.7376 0.481906 -0.875195 0.0424337 52.39 -0.652027 -0.325831 0.684612 75.2142
-0.518668 0.322081 0.79199 -58.5031 0.383027 0.915705 -0.121551 53.5479 -0.764378 0.240309 -0.598312 60.1207
-0.639731 -0.391353 -0.661504 -73.3513 0.477132 -0.876956 0.0573881 58.5466 -0.602568 -0.278911 0.747742 66.1962
-0.547271 0.35684 0.757074 -66.7603 0.373168 0.913703 -0.160911 58.9894 -0.749159 0.194454 -0.633204 50.6243
-0.622919 -0.457771 -0.634364 -81.1378 0.565654 -0.823722 0.0389673 64.4414 -0.540377 -0.334557 0.772051 57.7042
-0.516506 0.439042 0.735163 -74.8519 0.48168 0.858805 -0.174466 65.6541 -0.707959 0.264 -0.655055 42.2875
-0.54838 -0.534483 -0.643124 -88.5117 0.668858 -0.741948 0.0462902 72.0121 -0.501905 -0.404773 0.764361 49.3538
-0.305933 0.492731 0.81463 -79.0031 0.452905 0.827957 -0.330704 70.5425 -0.837425 0.267776 -0.476459 35.2626
-0.416374 -0.602821 -0.680617 -92.1136 0.721128 -0.674876 0.156578 78.8738 -0.55372 -0.425617 0.715712 41.2871
-0.169097 0.606704 0.776735 -82.6411 0.431715 0.754053 -0.495001 75.2169 -0.886018 0.251625 -0.389431 28.4317
-0.50159 -0.653209 -0.567209 -94.9896 0.683382 -0.701211 0.203204 84.0299 -0.530467 -0.285695 0.798112 35.6766
-0.00330915 0.675394 0.73745 -84.3119 0.361564 0.688371 -0.628822 78.5967 -0.932341 0.264554 -0.246476 24.5689
-0.513432 -0.705933 -0.487901 -95.8001 0.702753 -0.672184 0.23304 87.3424 -0.492469 -0.223224 0.841216 32.7525
0.0532472 0.723984 0.687759 -84.9109 0.204637 0.666208 -0.717141 78.7307 -0.977388 0.178926 -0.11268 23.4441
-0.493619 -0.762138 -0.418912 -95.0352 0.686086 -0.63727 0.350962 89.1064 -0.53444 -0.114168 0.837459 30.8808
-0.00162927 0.753093 0.657912 -85.6371 0.137573 0.651826 -0.745786 79.311 -0.99049 0.0892958 -0.104667 21.7954
-0.408372 -0.783019 -0.469163 -95.3494 0.727118 -0.589764 0.351395 89.8367 -0.551844 -0.197636 0.810189 30.1756
0.00974957 0.772735 0.634654 -86.059 0.200709 0.620256 -0.758287 80.4332 -0.979602 0.134773 -0.149047 21.2457
-0.404734 -0.7795 -0.478091 -96.1375 0.731775 -0.589617 0.341844 90.2672 -0.548358 -0.211498 0.809056 30.0478
0.00202698 0.774467 0.632611 -86.2655 0.242707 0.613316 -0.751623 80.0657 -0.970097 0.155063 -0.186726 21.2266
-0.365217 -0.784851 -0.500626 -96.3644 0.683474 -0.591183 0.428212 90.596 -0.632044 -0.185775 0.752334 29.3103
0.0264694 0.790125 0.612374 -86.748 0.208051 0.59482 -0.776468 80.2509 -0.977759 0.147958 -0.148642 21.6757
-0.313275 -0.797435 -0.51571 -96.732 0.623861 -0.582241 0.521338 91.792 -0.716 -0.158409 0.679889 28.5024
0.0177512 0.802728 0.596082 -87.4441 0.211996 0.579599 -0.786843 80.2471 -0.977109 0.140334 -0.159886 21.3234
-0.258041 -0.79944 -0.542505 -97.1896 0.528216 -0.586904 0.613622 92.4185 -0.808951 -0.12822 0.573722 26.7438
0.0933884 0.802265 0.589619 -87.2975 0.0335809 0.589332 -0.807193 79.4282 -0.995063 0.0951823 0.028096 21.9918
-0.211925 -0.80405 -0.55551 -97.4034 0.462686 -0.583229 0.667657 92.9017 -0.860819 -0.115534 0.495623 25.8267
0.119634 0.805177 0.580843 -87.1689 -0.026477 0.587424 -0.808846 78.8915 -0.992464 0.081386 0.0915943 22.3351
-0.150562 -0.81033 -0.566301 -96.9495 0.346137 -0.579781 0.737593 92.6582 -0.926024 -0.0849645 0.367778 24.7004
0.0854032 0.808783 0.581874 -87.2029 -0.0349224 0.586079 -0.809501 78.697 -0.995734 0.0488135 0.0782978 22.1382
-0.139227 -0.818669 -0.557134 -97.1579 0.311842 -0.570235 0.759991 92.9344 -0.939877 -0.0679262 0.334687 24.4713
0.134418 0.81858 0.558443 -87.1862 -0.0589503 0.569165 -0.820107 78.8701 -0.989169 0.0773163 0.124761 22.6683
-0.0845128 -0.796879 -0.5982 -97.7423 0.36448 -0.583465 0.725757 92.7376 -0.927368 -0.156696 0.339756 24.5907
0.176225 0.814318 0.553021 -87.4282 -0.0761822 0.571411 -0.81712 78.4997 -0.981397 0.101867 0.162734 22.9253
-0.0278679 -0.802967 -0.595372 -97.9206 0.336584 -0.568362 0.750784 92.6775 -0.94124 -0.17947 0.286104 24.0662
0.26061 0.797909 0.543529 -87.4392 -0.111908 0.584155 -0.80389 78.2437 -0.958936 0.148677 0.241529 23.7636
-0.0478086 -0.781088 -0.622589 -98.2745 0.360512 -0.594782 0.718517 92.5301 -0.931528 -0.190099 0.310027 24.4275
0.255614 0.793502 0.552283 -87.823 -0.137517 0.595295 -0.791652 78.1159 -0.956948 0.126409 0.261285 23.9406
-0.0509417 -0.800999 -0.596495 -97.88 0.366607 -0.570572 0.734879 92.521 -0.92898 -0.181243 0.322717 24.6343
0.236723 0.79435 0.559438 -87.5026 -0.106009 0.593484 -0.797834 78.4861 -0.965776 0.129559 0.224699 23.7208
-0.00572009 -0.801964 -0.597345 -97.7829 0.317329 -0.567936 0.759442 93.2916 -0.948298 -0.18521 0.257735 24.226
0.229261 0.79553 0.560868 -87.1101 -0.0718567 0.588475 -0.805316 78.4867 -0.970708 0.144325 0.192078 23.5055
-0.0550309 -0.773317 -0.631628 -98.3557 0.306917 -0.615061 0.726293 93.0108 -0.950143 -0.153888 0.271191 24.1529
0.336637 0.738021 0.584809 -87.0796 -0.14274 0.653876 -0.743016 79.3179 -0.930752 0.166651 0.325463 25.5346
0.112997 -0.750298 -0.651372 -97.6569 0.198458 -0.625318 0.754713 93.5154 -0.973573 -0.21455 0.0782428 22.8203
0.38397 0.762382 0.520905 -87.5131 -0.170609 0.613014 -0.771431 79.6764 -0.907446 0.207335 0.365448 25.2035
0.156641 -0.762115 -0.628208 -97.3764 0.197734 -0.598983 0.775964 93.5182 -0.967659 -0.245766 0.0568703 22.5295
0.365319 0.7777 0.511591 -87.4332 -0.194287 0.601173 -0.775141 79.3809 -0.910381 0.183778 0.370717 25.386
0.119836 -0.769781 -0.626959 -97.6814 0.134958 -0.613017 0.778458 93.5578 -0.983577 -0.1779 0.0304263 22.1304
0.390043 0.780532 0.488505 -87.722 -0.281254 0.60616 -0.743953 79.5142 -0.87679 0.152779 0.455956 25.6898
0.0691954 -0.777782 -0.624714 -97.6841 0.120736 -0.615083 0.779163 93.1171 -0.990269 -0.12934 0.0513452 22.162
0.366615 0.794439 0.484212 -88.2586 -0.317167 0.595993 -0.737698 79.2563 -0.874641 0.116875 0.470469 25.985
0.0653908 -0.796339 -0.601306 -97.4739 0.0616141 -0.598224 0.798957 92.3028 -0.995955 -0.0892933 0.00994713 22.0482
0.381788 0.767466 0.515009 -88.2813 -0.25728 0.623443 -0.738326 79.484 -0.887718 0.149382 0.435477 25.8293
0.0256809 -0.770964 -0.636362 -97.9082 0.142936 -0.627199 0.765631 92.3601 -0.989398 -0.110621 0.0940913 22.9453
0.390875 0.738538 0.549345 -87.737 -0.161667 0.642633 -0.748923 79.3639 -0.906134 0.203924 0.370586 25.5241
0.0582516 -0.742597 -0.667201 -97.9451 0.214364 -0.643442 0.734868 92.5556 -0.975015 -0.185831 0.121704 23.8258
0.420412 0.727694 0.541956 -87.8157 -0.163504 0.648288 -0.743633 79.7699 -0.892479 0.22402 0.391528 26.3666
0.0829083 -0.731945 -0.676302 -97.3671 0.222738 -0.64786 0.728468 91.9591 -0.971346 -0.211034 0.109319 24.4119
0.381198 0.739536 0.554775 -87.342 -0.107256 0.631411 -0.767995 79.0014 -0.91825 0.233255 0.320013 26.035
0.0863898 -0.744049 -0.662517 -96.7938 0.269107 -0.622855 0.734597 91.9089 -0.959227 -0.241749 0.14642 24.8752
0.41609 0.737247 0.532294 -87.6412 -0.0574846 0.60553 -0.793744 79.4556 -0.907504 0.29967 0.294335 25.9585
0.0911527 -0.740432 -0.665922 -96.9832 0.309901 -0.614411 0.725576 91.513 -0.946389 -0.272508 0.173455 25.1245
0.442072 0.740861 0.505666 -87.5899 -0.0911991 0.597946 -0.796331 78.5864 -0.892331 0.305919 0.331901 26.4998
0.0892054 -0.743789 -0.662436 -97.3608 0.325839 -0.606698 0.725084 91.2684 -0.941207 -0.280528 0.188234 25.8173
0.380307 0.742365 0.5516 -87.7112 0.0506558 0.5788 -0.813895 78.6725 -0.923471 0.337471 0.182516 25.279
0.082783 -0.773388 -0.628505 -96.9447 0.358339 -0.565389 0.742919 91.9035 -0.929913 -0.286719 0.23033 25.8132
0.305833 0.810946 0.498832 -88.5454 0.0815215 0.499708 -0.862349 78.5185 -0.948588 0.3044 0.0867177 23.727
-0.0142639 -0.846218 -0.532646 -96.4018 0.415389 -0.489573 0.766662 92.288 -0.909531 -0.21032 0.358493 26.264
0.323801 0.84487 0.42585 -89.0476 0.0492485 0.434438 -0.899354 78.3082 -0.944842 0.312184 0.0990629 24.2156
-0.000105918 -0.892466 -0.451117 -95.9353 0.348903 -0.422802 0.836365 93.1476 -0.937158 -0.157307 0.311428 26.0531
0.312019 0.87961 0.359069 -89.3353 0.0724239 0.354817 -0.932126 78.0896 -0.947311 0.316846 0.0470051 23.7688
-0.00773581 -0.907693 -0.419565 -95.7744 0.366209 -0.393 0.84347 93.2716 -0.9305 -0.147124 0.335445 25.9623
0.270826 0.892172 0.361502 -89.6686 0.134603 0.33675 -0.931924 78.5389 -0.95317 0.301048 -0.0288881 22.3028
0.0342465 -0.90271 -0.428887 -95.9084 0.447461 -0.369875 0.814231 93.5296 -0.893647 -0.219795 0.39126 25.7426
0.22067 0.886546 0.406624 -89.1796 0.254241 0.350205 -0.901509 79.4969 -0.941629 0.302316 -0.148116 20.1194
-0.0242078 -0.905676 -0.42328 -95.1119 0.429872 -0.391693 0.813503 94.3065 -0.902565 -0.162263 0.398806 23.6896
0.211338 0.902868 0.374388 -89.5315 0.247811 0.321029 -0.914073 80.0522 -0.945476 0.285956 -0.155895 17.2504
-0.055049 -0.898649 -0.435201 -95.6619 0.448819 -0.411618 0.793179 95.1765 -0.891925 -0.151663 0.425989 21.1887
0.215737 0.889113 0.403655 -89.1501 0.240796 0.35218 -0.904426 80.8166 -0.946295 0.292316 -0.138116 15.0799
-0.0721514 -0.898807 -0.432368 -95.6341 0.442424 -0.417357 0.793772 96.3485 -0.893898 -0.134018 0.427766 18.5414
0.125734 0.915214 0.382851 -89.9022 0.258264 0.342411 -0.903357 81.7619 -0.957857 0.212459 -0.193314 10.9401
-0.0821519 -0.935256 -0.34431 -94.6858 0.471554 -0.340836 0.813306 98.1036 -0.878002 -0.0955461 0.469023 15.7423
0.183359 0.934852 0.304026 -90.1946 0.131747 0.283111 -0.949995 81.7112 -0.974177 0.214245 -0.0712524 10.4953
-0.10384 -0.941313 -0.321167 -94.7216 0.486894 -0.329684 0.808852 98.1082 -0.867266 -0.0723833 0.492554 15.8915
0.189384 0.933909 0.303231 -90.1513 0.155244 0.276457 -0.948404 81.7937 -0.969552 0.226687 -0.0926269 10.2766
-0.177643 -0.889823 -0.420309 -97.0279 0.458093 -0.452778 0.764947 96.8825 -0.870973 -0.056653 0.488053 15.5705
0.156527 0.898594 0.409913 -90.6908 0.18311 0.381433 -0.906079 81.9716 -0.970551 0.216885 -0.104837 10.3854
-0.158932 -0.92167 -0.353931 -96.05 0.510981 -0.383529 0.769288 96.9882 -0.844771 -0.0585872 0.53191 16.5605
0.135085 0.919245 0.369787 -90.6706 0.247106 0.330161 -0.911006 82.1088 -0.959526 0.21444 -0.18255 10.4613
-0.195695 -0.904174 -0.379704 -96.3932 0.513399 -0.42435 0.745887 96.4652 -0.835538 -0.0489732 0.547244 16.9096
0.0849063 0.90909 0.407857 -90.762 0.314632 0.36393 -0.876677 82.6531 -0.945408 0.20276 -0.255128 9.51207
-0.203508 -0.887711 -0.412984 -96.9674 0.508222 -0.456312 0.730404 96.7494 -0.836836 -0.0612439 0.544016 16.673
0.0773273 0.905881 0.416416 -91.4325 0.341352 0.368369 -0.864745 83.1976 -0.936749 0.209013 -0.280738 9.94605
-0.185928 -0.875677 -0.44567 -97.7284 0.42317 -0.480722 0.768006 96.4737 -0.886767 -0.0458005 0.459939 15.4017
0.0448476 0.902052 0.429293 -92.2346 0.364114 0.385405 -0.84787 83.9186 -0.930273 0.194336 -0.311164 9.48106
-0.192105 -0.886901 -0.420123 -97.8411 0.398714 -0.461708 0.792372 96.4649 -0.896728 -0.0152904 0.442316 15.0411
0.0272483 0.899955 0.435131 -92.0027 0.394277 0.390328 -0.83198 84.0682 -0.918587 0.194232 -0.344195 9.17297
-0.185149 -0.876094 -0.445175 -98.8678 0.442387 -0.478816 0.758307 96.6335 -0.877504 -0.0565397 0.476224 15.8819
0.0327768 0.872462 0.487583 -91.5495 0.424894 0.429403 -0.796918 84.0217 -0.904649 0.233291 -0.356628 9.14426
-0.223142 -0.809561 -0.542973 -99.8592 0.424577 -0.582123 0.693446 95.4993 -0.877463 -0.075797 0.473616 16.1264
-0.00627991 0.828751 0.559583 -91.5047 0.484062 0.49218 -0.723493 84.5337 -0.87501 0.266329 -0.404257 9.48734
-0.21921 -0.778384 -0.588274 -100.298 0.443966 -0.61648 0.650267 94.7851 -0.868815 -0.118629 0.480714 16.0479
-0.0100847 0.803002 0.595892 -91.6299 0.490877 0.523152 -0.696672 84.6444 -0.87117 0.285484 -0.39945 9.56573
-0.220722 -0.780945 -0.584301 -100.436 0.425817 -0.616125 0.662624 94.8378 -0.877474 -0.102549 0.468531 16.1815
-0.119306 0.801274 0.586283 -91.8614 0.503687 0.557718 -0.659735 85.4335 -0.855608 0.216592 -0.470129 9.41602
-0.290622 -0.762 -0.578702 -100.109 0.352739 -0.647531 0.675484 94.9073 -0.889445 -0.00782019 0.456973 16.0248
-0.114859 0.776751 0.619246 -91.1497 0.483233 0.588334 -0.648344 85.4746 -0.867924 0.224772 -0.442926 9.79622
-0.276557 -0.74308 -0.609385 -99.7286 0.325102 -0.669072 0.66832 94.9412 -0.904336 -0.0132842 0.426612 15.9023
-0.196199 0.764053 0.614597 -90.6691 0.395265 0.635226 -0.663516 85.2379 -0.897369 0.112747 -0.426633 9.63257
-0.293789 -0.736714 -0.609049 -99.4906 0.279607 -0.675533 0.682258 95.0206 -0.914061 0.0301455 0.404454 15.5763
-0.191999 0.762501 0.617843 -90.0678 0.376721 0.638588 -0.671034 84.8399 -0.90621 0.103916 -0.409857 9.56733
-0.310782 -0.724286 -0.615488 -99.1477 0.26458 -0.687883 0.675881 94.6781 -0.912913 0.047206 0.405412 15.6884
-0.230623 0.758823 0.609098 -89.9147 0.331559 0.649795 -0.683985 84.4923 -0.914812 0.0442092 -0.401452 9.63885
-0.361607 -0.694528 -0.621991 -99.1328 0.187926 -0.707739 0.681021 94.3573 -0.913194 0.129374 0.386442 15.3187
-0.177976 0.766649 0.616908 -89.8946 0.382859 0.631469 -0.67429 84.4019 -0.9065 0.116181 -0.405904 9.49639
-0.321567 -0.737284 -0.594144 -98.7798 0.353697 -0.67558 0.646909 93.9025 -0.878347 -0.00212251 0.478018 16.8253
-0.149674 0.776622 0.611929 -89.7076 0.379567 0.616612 -0.689724 83.844 -0.912976 0.129034 -0.38707 10.8863
