1 0 0 0 0 1 0 0 0 0 1 0
<<<<<<< HEAD
-0.2773 -0.046483 0.959658 6.16812 -0.0272808 -0.998045 -0.0562253 1.2577 0.960396 -0.0417715 0.27549 5.62479
0.997856 0.0525875 0.0389718 8.54893 -0.0522942 0.998595 -0.00850939 -0.638592 -0.0393645 0.00645315 0.999204 12.4974
-0.20783 -0.115738 0.971294 15.1016 0.0317032 -0.993251 -0.111571 -0.236983 0.977651 0.00760523 0.210097 15.012
0.991792 0.0552716 -0.115301 15.3378 -0.0551388 0.998469 0.00434287 -1.29228 0.115364 0.00205033 0.993321 21.522
-0.0810645 -0.06237 0.994756 21.8539 -0.0439298 -0.996847 -0.0660811 -0.313809 0.99574 -0.0490562 0.078069 22.1199
0.971384 0.0299396 0.235619 23.6335 -0.0153436 0.997862 -0.0635389 -2.20244 -0.237018 0.0581054 0.969766 28.2121
0.0612998 -0.0958525 0.993506 30.5602 -0.0563459 -0.994123 -0.0924354 -1.48706 0.996528 -0.0503138 -0.0663404 28.6255
0.952396 0.060536 0.298794 33.4972 -0.0445838 0.997207 -0.0599259 -3.14924 -0.301587 0.0437517 0.952434 34.4257
-0.0173456 -0.0786551 0.996751 40.1527 -0.0620647 -0.994894 -0.0795886 -2.35914 0.997921 -0.0632436 0.0123753 35.2461
0.991773 0.0834501 0.0970704 41.8064 -0.0784636 0.995448 -0.0541067 -4.30258 -0.101144 0.0460451 0.993806 41.7222
-0.187515 -0.0633179 0.980219 48.1402 0.00225429 -0.997945 -0.0640317 -3.33705 0.982259 -0.00979722 0.187272 43.7638
0.947389 0.0823758 0.309302 51.3528 -0.0652841 0.995733 -0.0652269 -5.15272 -0.313355 0.0416028 0.948724 48.9914
-0.222477 -0.0950773 0.970291 56.3335 0.043198 -0.995218 -0.087615 -4.65162 0.97398 0.0224223 0.22552 51.3702
0.897953 0.0414879 0.438132 60.0975 -0.0623679 0.997495 0.0333675 -5.81109 -0.43565 -0.0572878 0.898291 55.6891
-0.35475 -0.0599021 0.93304 63.9947 0.0820059 -0.996093 -0.0327708 -4.74392 0.931358 0.0648893 0.358276 59.7248
0.812548 0.0421366 0.581369 69.9081 -0.0810896 0.995857 0.0411567 -5.75307 -0.577226 -0.0805847 0.812598 62.0105
-0.722143 -0.117561 0.681681 70.6513 0.124441 -0.991454 -0.0391562 -4.67685 0.680458 0.0565523 0.730601 68.0464
0.819848 0.0954763 0.564565 76.0432 -0.15762 0.985538 0.0622229 -5.72979 -0.550459 -0.14 0.82304 70.4775
-0.609756 -0.128726 0.782066 78.1632 0.163399 -0.985943 -0.0348853 -4.49171 0.775563 0.106517 0.622218 76.5002
0.853366 0.0729328 0.516185 83.717 -0.139451 0.986018 0.0912266 -5.22297 -0.502314 -0.149832 0.851605 78.6921
-0.592776 -0.0688906 0.802415 85.0797 0.152591 -0.987895 0.02791 -3.71934 0.790779 0.138985 0.596113 84.1256
0.84759 0.0535158 0.527946 90.3377 -0.141742 0.981586 0.128059 -4.57463 -0.511371 -0.183374 0.839567 86.578
-0.582444 -0.0843561 0.808482 92.2233 0.190091 -0.981158 0.0345715 -3.085 0.790332 0.173821 0.587504 91.6233
0.854241 0.0706923 0.515049 96.8589 -0.154095 0.980621 0.120982 -3.62123 -0.496516 -0.182714 0.84858 94.1391
-0.595209 -0.0772315 0.799851 99.3206 0.175692 -0.983796 0.0357482 -2.34388 0.784129 0.161805 0.599133 98.763
0.840284 0.102482 0.532372 103.728 -0.159571 0.985225 0.0622068 -2.91782 -0.51813 -0.137222 0.844222 102.079
-0.5968 -0.1108 0.794703 107.045 0.156203 -0.987515 -0.0203775 -1.76562 0.787039 0.111974 0.606657 106.247
0.849104 0.126856 0.512767 110.228 -0.167138 0.985381 0.0329905 -2.70438 -0.501086 -0.113715 0.857893 110.332
-0.610108 -0.112268 0.784324 114.219 0.184929 -0.982747 0.00318174 -1.2346 0.770434 0.146985 0.620344 113.792
0.848535 0.136124 0.51133 116.623 -0.181459 0.982603 0.0395413 -2.21365 -0.497052 -0.126337 0.858474 118.555
-0.618652 -0.138834 0.773301 121.258 0.211079 -0.977447 -0.00661879 -1.0807 0.756779 0.159133 0.634005 121.428
0.840627 0.171923 0.513604 123.077 -0.218119 0.975446 0.0304802 -1.95502 -0.495753 -0.137649 0.857486 126.792
-0.621538 -0.167623 0.765241 128.317 0.276944 -0.960777 0.0144827 -0.928814 0.732798 0.22093 0.643581 129.261
0.831345 0.186296 0.523602 129.45 -0.271583 0.95817 0.0902891 -1.31358 -0.484879 -0.217263 0.847165 135.214
-0.588571 -0.167165 0.790974 134.77 0.301369 -0.953235 0.0227945 -0.405621 0.750174 0.251791 0.611425 137.347
0.847169 0.140927 0.512293 136.362 -0.250746 0.956103 0.151638 -0.654222 -0.468435 -0.256918 0.845317 142.875
-0.62173 -0.177301 0.7629 141.448 0.318305 -0.947174 0.0392772 0.927245 0.715635 0.267254 0.645323 145.677
0.822801 0.200695 0.531714 143.685 -0.313692 0.940525 0.130424 0.365764 -0.473915 -0.274107 0.836821 150.963
-0.660229 -0.171249 0.731281 147.601 0.325428 -0.942742 0.0730401 1.97581 0.676901 0.286202 0.678154 154.417
0.846747 0.176449 0.501881 150.427 -0.287657 0.945446 0.152923 1.43325 -0.447518 -0.273857 0.85131 159.013
-0.772223 -0.216554 0.597308 153.231 0.310675 -0.948765 0.0576776 3.89884 0.554214 0.230108 0.799935 163.247
0.825987 0.234847 0.512438 156.938 -0.304529 0.95091 0.0550684 2.31239 -0.474349 -0.201538 0.856957 167.796
-0.795788 -0.226523 0.561613 159.619 0.317238 -0.945906 0.06799 4.34405 0.515832 0.23227 0.824602 172.899
0.803315 0.269088 0.531297 163.07 -0.33634 0.941202 0.0318467 2.80068 -0.491488 -0.204279 0.846587 177.514
-0.807903 -0.279582 0.518775 166.019 0.352725 -0.934615 0.0456183 4.66962 0.4721 0.21984 0.853693 182.463
0.776749 0.281664 0.563318 169.321 -0.3542 0.934935 0.0209241 3.22791 -0.520772 -0.21578 0.825975 187.28
-0.81982 -0.295096 0.490728 171.942 0.355513 -0.934117 0.0322009 4.70124 0.448895 0.200859 0.870717 191.682
0.756267 0.254473 0.602747 174.993 -0.34381 0.938379 0.0352055 3.17417 -0.556646 -0.233855 0.797155 195.902
-0.850321 -0.297904 0.433828 177.477 0.337224 -0.941311 0.0145877 4.8825 0.404022 0.158701 0.900877 200.383
0.745079 0.236991 0.623452 180.779 -0.312455 0.949852 0.0123469 3.19673 -0.589261 -0.204 0.781764 204.389
-0.878157 -0.278818 0.388717 182.598 0.313238 -0.949298 0.0267286 5.16825 0.361556 0.145233 0.920969 209.22
0.704349 0.236113 0.669435 186.334 -0.294162 0.955361 -0.0274563 3.24606 -0.646035 -0.177584 0.742363 212.818
-0.911037 -0.251335 0.326869 187.717 0.277939 -0.959902 0.0365765 5.2951 0.304569 0.124172 0.944361 217.852
0.631848 0.202333 0.748218 191.746 -0.27493 0.961064 -0.0277204 3.40552 -0.724694 -0.188193 0.662874 221.27
-0.933345 -0.210257 0.290963 192.662 0.254112 -0.959476 0.121791 6.04311 0.253564 0.18761 0.948951 226.458
0.580897 0.168934 0.796254 198.203 -0.303706 0.952567 0.0194674 4.0852 -0.755196 -0.253136 0.604649 229.033
-0.977505 -0.157947 0.139774 198.185 0.186571 -0.956612 0.223797 7.06908 0.0983611 0.24484 0.964561 234.392
-0.54647 0.159253 0.822197 202.728 -0.0763674 0.968187 -0.238288 3.96202 -0.833989 -0.193006 -0.516924 230.026
-0.991774 -0.1042 0.0743388 202.442 0.117198 -0.972741 0.200099 7.42138 0.0514624 0.207165 0.976951 235.061
-0.520185 0.123103 0.845135 206.868 -0.0737899 0.979379 -0.188075 3.93757 -0.85086 -0.160196 -0.500374 231.788
-0.997231 -0.0670551 0.0321569 206.301 0.0718048 -0.980728 0.181703 7.60913 0.0193532 0.183509 0.982827 237.061
-0.515582 0.100309 0.850949 210.119 -0.104371 0.978376 -0.178567 5.0391 -0.85046 -0.18088 -0.493964 234.945
-0.995395 -0.0936241 -0.0205959 209.733 0.088944 -0.982126 0.165882 7.03657 -0.0357581 0.163286 0.98593 238.964
-0.693195 0.114383 0.711616 211.949 -0.0190569 0.984073 -0.176741 4.63789 -0.720498 -0.136077 -0.679975 235.939
-0.919539 -0.0786282 -0.385052 209.814 -0.00978231 -0.974898 0.222437 7.27875 -0.392876 0.208306 0.895688 238.823
-0.824821 0.174217 0.537883 210.987 0.0224386 0.96068 -0.27675 4.46914 -0.564948 -0.2162 -0.796298 235.508
-0.933251 -0.120952 -0.33825 209.062 0.0283547 -0.963476 0.266289 7.22567 -0.358103 0.238924 0.902595 238.54
-0.871954 0.167387 0.460084 210.022 0.059352 0.968948 -0.240036 4.62264 -0.485976 -0.181993 -0.854813 235
-0.850035 -0.0824199 -0.520237 207.363 -0.0300979 -0.978467 0.204195 7.13265 -0.525865 0.189231 0.829251 237.916
-0.895753 0.142715 0.421021 209.217 0.0552881 0.975479 -0.213034 4.70566 -0.4411 -0.167548 -0.881679 234.179
-0.873079 -0.0961747 -0.477999 206.894 -0.00615593 -0.978101 0.208041 6.9642 -0.487539 0.184579 0.853368 237.622
-0.909861 0.114572 0.398781 208.88 0.0322084 0.977722 -0.207419 4.83522 -0.413661 -0.175878 -0.893281 233.395
-0.875092 -0.0914705 -0.475233 206.757 -0.00847626 -0.978928 0.204028 7.03691 -0.483881 0.182571 0.855877 237.531
-0.913508 0.12255 0.387923 208.999 0.055046 0.982014 -0.180606 4.53693 -0.403078 -0.143631 -0.903824 232.996
-0.883233 -0.122578 -0.452631 207.07 0.0395121 -0.981252 0.188634 6.66383 -0.467267 0.148724 0.871517 237.324
-0.888688 0.123227 0.441644 209.245 0.0478763 0.982882 -0.177905 4.59287 -0.456006 -0.136958 -0.879375 233.673
-0.92075 -0.120894 -0.370949 208.13 0.0554678 -0.981685 0.182257 6.91512 -0.386189 0.147238 0.910593 237.917
-0.919034 0.115558 0.376859 209.989 0.0457842 0.980886 -0.18912 4.55897 -0.39151 -0.156554 -0.906758 234.023
-0.932354 -0.139445 -0.333574 208.554 0.0796888 -0.979198 0.186604 6.74469 -0.352656 0.147399 0.924071 238.605
-0.887255 0.109356 0.44813 210.771 0.0321347 0.983785 -0.176447 4.18988 -0.460159 -0.142153 -0.876382 233.955
-0.930079 -0.128898 -0.344003 209.167 0.0738691 -0.982916 0.168581 6.44574 -0.359855 0.131382 0.923711 238.192
-0.806006 0.102907 0.582894 211.295 -0.017797 0.980112 -0.197643 4.54803 -0.59164 -0.169675 -0.788145 234.588
-0.938774 -0.124381 -0.321297 209.641 0.0679676 -0.981092 0.181212 6.68319 -0.337761 0.148279 0.929478 238.277
-0.83038 0.121554 0.543777 211.713 0.00755794 0.978282 -0.20714 4.39981 -0.557145 -0.167895 -0.813265 234.446
-0.906069 -0.149611 -0.395798 208.726 0.0827318 -0.979989 0.181043 6.6545 -0.414963 0.131293 0.900315 239.973
-0.877378 0.129469 0.462002 212.233 0.0345768 0.977463 -0.208255 3.63157 -0.478552 -0.166744 -0.862081 232.92
-0.886266 -0.159567 -0.434824 207.938 0.0631453 -0.971644 0.22786 7.24795 -0.458852 0.174487 0.871211 241.675
-0.880419 0.141815 0.452494 212.991 0.0510953 0.977048 -0.206798 3.69733 -0.471435 -0.158949 -0.867458 231.765
-0.903185 -0.132825 -0.408184 208.141 0.0542722 -0.978625 0.198362 7.44412 -0.425806 0.157004 0.891089 241.904
-0.865409 0.130685 0.483724 213.084 0.0183601 0.973011 -0.230026 3.83182 -0.500729 -0.190185 -0.844452 232.256
-0.975173 -0.136061 -0.174715 210.074 0.100209 -0.974709 0.199751 7.16158 -0.197474 0.177284 0.964144 241.84
-0.768394 0.109677 0.630509 214.613 -0.0185123 0.980984 -0.193202 4.07971 -0.639709 -0.160128 -0.751752 232.757
-0.981726 -0.135163 -0.133959 211.956 0.114677 -0.981957 0.150361 6.86272 -0.151865 0.132251 0.979513 241.076
-0.859514 0.0939716 0.502399 214.486 0.0059492 0.984725 -0.174011 4.10344 -0.511077 -0.146576 -0.846945 232.762
-0.982843 -0.11901 -0.140912 211.664 0.0915735 -0.978025 0.187298 7.21998 -0.160105 0.171181 0.972144 241.528
-0.792241 0.112612 0.599728 215.592 -0.00794002 0.980838 -0.194663 4.62697 -0.610157 -0.158982 -0.776166 233.146
-0.978172 -0.182871 -0.0986846 212.638 0.161312 -0.967619 0.194144 7.8385 -0.130992 0.173987 0.975996 241.514
-0.839493 0.208534 0.501763 215.886 0.128165 0.973363 -0.190102 5.43045 -0.528039 -0.0952804 -0.843858 232.207
-0.93372 -0.241067 -0.264678 212.153 0.216576 -0.969039 0.118569 8.19402 -0.285066 0.0533872 0.95702 241.832
-0.785994 0.20465 0.58338 217.122 0.129758 0.977212 -0.167983 5.37402 -0.604463 -0.0563354 -0.794639 232.534
-0.892216 -0.284282 -0.350906 212.911 0.255469 -0.95845 0.126919 8.36234 -0.372406 0.0235935 0.92777 241.041
-0.847636 0.263374 0.460595 216.961 0.212652 0.963962 -0.159863 5.83315 -0.486099 -0.0375592 -0.873096 231.623
-0.914787 -0.244373 -0.321632 213.449 0.204602 -0.966864 0.152683 7.93664 -0.348285 0.0738661 0.934474 240.385
-0.815322 0.261579 0.516553 217.462 0.196281 0.964174 -0.178444 5.77392 -0.544724 -0.0440996 -0.837455 232.069
-0.879577 -0.251626 -0.403768 213.392 0.204716 -0.966274 0.15622 8.18351 -0.429459 0.0547498 0.901425 240.55
-0.86723 0.312128 0.387929 217.142 0.250646 0.94687 -0.201525 5.78421 -0.43022 -0.0775358 -0.899388 231.681
-0.904119 -0.271318 -0.330084 213.63 0.220207 -0.957902 0.184204 8.17058 -0.366166 0.0938556 0.925804 241.044
-0.911477 0.291022 0.290718 216.597 0.252633 0.953783 -0.16271 6.41925 -0.324633 -0.0748618 -0.942873 232.108
-0.907248 -0.289246 -0.305348 213.867 0.252673 -0.955202 0.154091 8.15164 -0.336238 0.0626452 0.939691 240.723
-0.920288 0.323409 0.220176 215.651 0.301666 0.94491 -0.12705 6.7239 -0.249135 -0.0505034 -0.967151 233.534
-0.882669 -0.315754 -0.348129 213.678 0.25672 -0.944357 0.20563 8.35049 -0.393686 0.0921319 0.914616 240.612
-0.902274 0.299846 0.309829 216.403 0.247169 0.948498 -0.198138 6.26559 -0.353282 -0.102194 -0.929918 232.838
-0.927944 -0.286753 -0.238102 213.96 0.250507 -0.952847 0.171253 8.50009 -0.275982 0.0992668 0.956023 241.866
-0.893096 0.237041 0.38235 216.198 0.181105 0.96745 -0.176752 6.3036 -0.411801 -0.0886107 -0.906955 233.198
-0.926552 -0.276513 -0.255034 213.661 0.244206 -0.957847 0.151304 8.38547 -0.28612 0.0779099 0.955021 240.414
-0.883971 0.242804 0.399551 216.334 0.187214 0.966897 -0.173382 6.3997 -0.428422 -0.0784637 -0.900165 233.015
-0.972247 -0.229446 -0.0457303 214.698 0.225603 -0.971211 0.0765017 7.50261 -0.061966 0.0640615 0.99602 241.077
-0.798671 0.266686 0.539448 217.291 0.180448 0.961321 -0.208088 6.19505 -0.574076 -0.068851 -0.815902 233.877
-0.957121 -0.28413 0.0564859 216.28 0.28811 -0.953967 0.0832962 7.64951 0.0302195 0.0959986 0.994922 242.581
-0.724386 0.316915 0.612234 221.187 0.163274 0.941674 -0.294263 4.85108 -0.66978 -0.113198 -0.73388 234.589
-0.938315 -0.338503 -0.0705812 219.402 0.329607 -0.937289 0.113343 7.24583 -0.104521 0.083087 0.991045 243.67
-0.815858 0.308717 0.488947 223.742 0.200284 0.944085 -0.261894 4.0738 -0.542459 -0.11574 -0.832071 234.972
-0.950509 -0.308658 -0.0355304 223.284 0.302735 -0.945798 0.117547 5.89554 -0.0698858 0.100974 0.992431 245.636
-0.751835 0.324267 0.574104 229.65 0.215007 0.943687 -0.251448 2.17204 -0.62331 -0.0656107 -0.779217 236.969
-0.82958 -0.384169 -0.405231 226.428 0.310188 -0.920494 0.237641 5.23563 -0.464306 0.0714442 0.882788 247.399
-0.857731 0.378085 0.348352 230.898 0.355762 0.925672 -0.128703 2.84274 -0.371119 0.0135382 -0.928486 236.479
-0.88065 -0.341611 -0.328266 226.497 0.357041 -0.933982 0.0141055 3.68965 -0.311412 -0.104782 0.94448 248.252
-0.81332 0.359272 0.45764 232.038 0.37533 0.925002 -0.0591373 2.89529 -0.444564 0.123669 -0.887169 235.273
0.472072 -0.34577 0.81092 243.742 -0.299214 -0.928108 -0.221552 -0.386598 0.829227 -0.13805 -0.541594 229.889
-0.8254 0.381177 0.416437 246.846 0.381504 0.920334 -0.0862499 -0.870285 -0.416137 0.0876815 -0.905064 218.638
0.481888 -0.317895 0.816534 257.637 -0.278436 -0.939123 -0.2013 -3.98827 0.830817 -0.130349 -0.541066 214.431
-0.833236 0.384743 0.397103 259.672 0.407008 0.912915 -0.0304812 -3.13695 -0.374248 0.136226 -0.917268 202.521
0.481413 -0.337477 0.80892 271.103 -0.335342 -0.923603 -0.18575 -6.71188 0.809807 -0.181842 -0.557805 198.834
-0.800242 0.396103 0.45024 273.189 0.409163 0.909541 -0.0729445 -5.96093 -0.438404 0.125848 -0.889923 186.182
0.47469 -0.324192 0.818272 285.972 -0.34371 -0.924152 -0.16675 -9.63836 0.810267 -0.202094 -0.550114 183.141
-0.855011 0.311483 0.414649 287.767 0.35132 0.936013 0.0212969 -8.0042 -0.381483 0.163884 -0.909732 168.56
0.495832 -0.244039 0.833424 302.035 -0.212123 -0.964667 -0.15627 -10.8596 0.842112 -0.0993051 -0.53008 165.114
-0.881755 0.280396 0.379324 303.127 0.302153 0.953257 -0.00227772 -9.82209 -0.362231 0.112605 -0.925261 150.108
0.457576 -0.29741 0.837957 317.669 -0.280438 -0.942574 -0.181404 -13.4458 0.843788 -0.151989 -0.514705 146.941
-0.868951 0.341393 0.358295 318.387 0.380892 0.923584 0.0437371 -11.2855 -0.315983 0.174477 -0.932583 131.701
0.384341 -0.38228 0.840324 332.872 -0.370056 -0.897705 -0.23913 -16.1679 0.845777 -0.219059 -0.486491 128.859
-0.843431 0.41775 0.337801 333.048 0.484998 0.862529 0.144289 -12.5426 -0.231086 0.285531 -0.930092 113.477
0.319589 -0.480452 0.816718 347.671 -0.468991 -0.829146 -0.304244 -18.5065 0.823353 -0.2858 -0.490314 110.75
-0.791393 0.509693 0.337506 347.834 0.590126 0.781055 0.204214 -13.0888 -0.159524 0.360784 -0.918905 95.2182
0.272574 -0.550362 0.789181 362.697 -0.48796 -0.785998 -0.379607 -20.7732 0.829215 -0.281617 -0.482798 93.0021
-0.774399 0.545756 0.32009 362.005 0.622495 0.747703 0.231172 -14.3537 -0.113167 0.378273 -0.91875 76.8717
0.260812 -0.588676 0.765139 376.54 -0.538252 -0.746619 -0.390954 -22.2494 0.801412 -0.309872 -0.511584 74.3282
-0.736442 0.634257 0.235311 374.793 0.672474 0.648452 0.356774 -14.5632 0.0736996 0.420983 -0.904069 60.1553
0.156416 -0.733587 0.661351 387.408 -0.710635 -0.54862 -0.440471 -24.3071 0.685953 -0.401082 -0.607125 56.001
-0.592326 0.718908 0.36376 386.7 0.803526 0.493964 0.332181 -14.4572 0.0591242 0.48905 -0.870249 42.5236
0.0116662 -0.777839 0.628356 397.058 -0.722412 -0.441038 -0.532546 -26.7065 0.691363 -0.447719 -0.567066 41.1119
-0.601507 0.723286 0.339186 395.425 0.778286 0.434811 0.453001 -14.8075 0.180168 0.536467 -0.824465 30.0418
-0.115177 -0.78077 0.614111 405.176 -0.748676 -0.338083 -0.570249 -28.287 0.652853 -0.525449 -0.545605 27.8421
-0.577397 0.747841 0.32764 404.43 0.703437 0.251939 0.664607 -14.0197 0.414475 0.614215 -0.671527 19.8333
-0.220717 -0.814194 0.537003 412.929 -0.798189 -0.165628 -0.579191 -28.1323 0.560516 -0.556466 -0.613324 14.989
-0.563464 0.760255 0.323297 412.784 0.621268 0.131991 0.772401 -11.8865 0.54455 0.636073 -0.546694 8.996
-0.307903 -0.806761 0.504315 419.99 -0.714392 -0.154038 -0.68258 -27.1295 0.628362 -0.570446 -0.528915 6.09981
-0.607996 0.739926 0.28784 419.42 0.544213 0.124427 0.829669 -11.6964 0.578079 0.66108 -0.478328 0.956383
-0.342049 -0.828591 0.443216 426.154 -0.625836 -0.15096 -0.765206 -26.611 0.70095 -0.539117 -0.466926 -1.41091
-0.639778 0.72567 0.253157 424.695 0.514583 0.159788 0.84242 -11.0214 0.570867 0.669231 -0.475646 -6.57145
-0.260755 -0.814102 0.518888 432.908 -0.670492 -0.233988 -0.704053 -25.3704 0.694584 -0.531495 -0.484835 -8.70222
-0.593993 0.779258 0.199824 430.541 0.474825 0.139095 0.869019 -10.2556 0.649396 0.611071 -0.452632 -12.1407
-0.309165 -0.852038 0.422432 435.336 -0.649179 -0.135524 -0.748465 -24.5341 0.69497 -0.505632 -0.511226 -13.3367
-0.622613 0.774565 0.111366 431.273 0.337005 0.136964 0.931487 -10.3624 0.706245 0.617486 -0.346307 -14.0352
-0.351916 -0.861917 0.365041 435.81 -0.510842 -0.149936 -0.846498 -24.5855 0.784344 -0.484374 -0.387539 -13.4786
-0.525034 0.841021 0.130477 433.342 0.309396 0.0457917 0.94983 -9.65576 0.792852 0.539061 -0.28425 -13.9343
-0.13924 -0.908501 0.394003 440.288 -0.652727 -0.215008 -0.726443 -23.3826 0.744687 -0.358325 -0.563065 -17.6719
-0.496763 0.865198 -0.068266 435.268 0.171733 0.175094 0.969458 -8.73701 0.850726 0.469867 -0.235563 -17.9666
-0.1686 -0.909119 0.38089 441.046 -0.595448 -0.214004 -0.774366 -21.4728 0.785503 -0.357357 -0.505253 -19.9932
-0.511338 0.848777 -0.134582 435.325 0.0740948 0.199563 0.977079 -9.03782 0.85618 0.489645 -0.164934 -18.9792
-0.246974 -0.913891 0.322193 440.424 -0.411864 -0.201966 -0.888582 -20.5744 0.877138 -0.352155 -0.326519 -19.3295
-0.500718 0.837982 -0.216954 435.408 -0.115239 0.183872 0.976171 -10.3966 0.857905 0.513787 0.00450033 -18.7436
-0.349565 -0.905295 0.241341 439.752 -0.231449 -0.166168 -0.958551 -20.9646 0.907874 -0.390933 -0.151443 -19.1793
-0.453772 0.840637 -0.29567 435.034 -0.369112 0.124684 0.920983 -10.5789 0.811078 0.527051 0.253711 -17.7237
-0.34843 -0.902208 0.254202 439.918 -0.208841 -0.189657 -0.959383 -20.3213 0.913773 -0.387364 -0.122336 -18.9575
-0.461113 0.828797 -0.316972 434.987 -0.358582 0.152702 0.920924 -10.5344 0.811661 0.53831 0.226779 -18.1958
-0.389186 -0.886586 0.250003 439.133 -0.227828 -0.170325 -0.958688 -19.7404 0.892541 -0.430064 -0.135701 -19.2889
-0.410194 0.858058 -0.308996 435.215 -0.379516 0.147481 0.913355 -10.674 0.829282 0.49192 0.265151 -17.8274
-0.450213 -0.871466 0.194566 438.023 -0.201552 -0.113093 -0.972927 -20.0661 0.869876 -0.477238 -0.124731 -19.6023
-0.383696 0.884554 -0.265221 435.828 -0.368884 0.11648 0.922148 -11.1682 0.846582 0.451659 0.281605 -17.5935
-0.418599 -0.874047 0.246611 438.313 -0.294913 -0.126005 -0.947179 -20.1641 0.858954 -0.469216 -0.205022 -20.0042
-0.352616 0.874273 -0.333631 435.479 -0.469756 0.142971 0.871142 -11.4388 0.809315 0.463902 0.360281 -17.3549
-0.416073 -0.865314 0.279493 438.36 -0.354714 -0.128566 -0.926093 -19.9123 0.837294 -0.484461 -0.253447 -20.2986
-0.343649 0.878008 -0.333178 435.719 -0.501623 0.12831 0.855518 -11.6876 0.793901 0.461126 0.396336 -17.1754
-0.412153 -0.869197 0.27318 438.036 -0.397287 -0.0983758 -0.912406 -19.6416 0.819935 -0.484581 -0.304775 -20.5279
-0.341548 0.880219 -0.329484 435.571 -0.540571 0.102798 0.834994 -12.4705 0.768848 0.463299 0.440711 -17.4063
-0.396118 -0.874833 0.278853 437.876 -0.433143 -0.0897454 -0.896846 -18.6956 0.809615 -0.476039 -0.343378 -20.1737
-0.354658 0.872247 -0.336755 435.343 -0.52084 0.114807 0.845899 -11.9394 0.776494 0.475399 0.413584 -17.3319
-0.439636 -0.884766 0.154632 437.422 -0.219261 -0.0612323 -0.973743 -18.8564 0.871002 -0.461996 -0.167075 -19.44
-0.376441 0.900511 -0.217654 436.091 -0.441179 0.0323388 0.896836 -12.3057 0.814649 0.433629 0.385113 -17.2603
-0.435014 -0.885223 0.164752 437.5 -0.313543 -0.0225975 -0.949305 -18.0512 0.844069 -0.464617 -0.267726 -19.2244
-0.428843 0.865711 -0.258146 435.983 -0.485603 0.0200511 0.873949 -12.4405 0.761763 0.500143 0.411793 -17.2165
-0.447411 -0.856965 0.255805 437.481 -0.535591 0.027684 -0.844024 -17.3885 0.716216 -0.514631 -0.471368 -19.9365
-0.478317 0.843572 -0.244132 435.705 -0.514113 -0.0436034 0.856613 -11.7186 0.71197 0.535242 0.454548 -16.9118
-0.419982 -0.864734 0.275412 437.695 -0.58637 0.0269363 -0.809595 -16.9759 0.692665 -0.501507 -0.518367 -19.9628
-0.47911 0.851286 -0.213934 436.525 -0.427486 -0.0134311 0.903922 -12.606 0.766622 0.52453 0.370347 -18.1699
-0.402664 -0.857976 0.318967 438.471 -0.610895 -0.00761321 -0.791674 -17.7584 0.681666 -0.513633 -0.521068 -20.7794
-0.464823 0.841189 -0.2763 436.884 -0.495883 0.011196 0.868317 -13.511 0.733512 0.540624 0.411928 -18.8362
-0.417313 -0.852069 0.315959 438.719 -0.578878 -0.0187734 -0.815198 -18.2399 0.700536 -0.523093 -0.485409 -21.3005
-0.469222 0.828498 -0.305652 437.34 -0.512902 0.026071 0.858051 -14.6283 0.718862 0.559384 0.412705 -19.5049
-0.427514 -0.864262 0.265112 438.874 -0.49246 -0.02328 -0.870023 -18.7822 0.7581 -0.502503 -0.415662 -21.455
-0.422384 0.855523 -0.299456 437.541 -0.588039 -0.00722277 0.8088 -15.7228 0.689783 0.517715 0.506132 -19.9028
-0.424215 -0.864116 0.270826 438.978 -0.516522 -0.0147552 -0.856146 -18.9559 0.743806 -0.503076 -0.440076 -21.5249
-0.397888 0.863965 -0.308628 437.373 -0.608333 0.00335828 0.793674 -15.3345 0.686743 0.503541 0.524242 -19.6461
-0.402985 -0.867277 0.292293 438.912 -0.524131 -0.0431129 -0.850545 -17.8336 0.75026 -0.495955 -0.437193 -20.7544
-0.389607 0.838223 -0.381563 437.46 -0.602691 0.0812231 0.79383 -15.9841 0.696398 0.539245 0.473544 -20.078
-0.420115 -0.843465 0.33477 439.032 -0.513665 -0.0830868 -0.853958 -17.8885 0.748099 -0.530719 -0.398352 -20.6483
-0.417179 0.83712 -0.353826 437.768 -0.581157 0.053599 0.812024 -15.9835 0.698726 0.544387 0.464138 -19.9112
-0.390196 -0.87317 0.292101 438.605 -0.483703 -0.0755441 -0.871966 -18.1855 0.78344 -0.481527 -0.392878 -21.0073
-0.38963 0.857902 -0.334954 437.155 -0.564053 0.0652157 0.823159 -15.355 0.728034 0.509658 0.458492 -19.7725
-0.377724 -0.874653 0.303822 438.534 -0.486032 -0.0919924 -0.869086 -18.1196 0.788097 -0.47594 -0.390362 -20.98
-0.386489 0.8524 -0.352196 437.217 -0.549066 0.0941746 0.830456 -15.6462 0.741048 0.51434 0.431627 -19.9838
-0.384759 -0.859849 0.335591 438.235 -0.519585 -0.0987373 -0.848695 -17.2863 0.762884 -0.500909 -0.408775 -20.74
-0.399469 0.857489 -0.32425 437.286 -0.534852 0.0692648 0.842102 -15.0084 0.744552 0.509818 0.430961 -19.6558
-0.402074 -0.84792 0.345499 438.623 -0.498782 -0.113599 -0.85925 -18.1007 0.767823 -0.51781 -0.377253 -21.1388
-0.403237 0.798313 -0.447324 437.11 -0.526486 0.197432 0.826942 -15.4737 0.748474 0.568962 0.340689 -20.2738
-0.403455 -0.797102 0.449281 438.918 -0.519074 -0.204973 -0.829788 -18.1936 0.753516 -0.567991 -0.331058 -21.2221
-0.407591 0.789973 -0.458053 437.433 -0.535669 0.199399 0.820548 -15.9253 0.739546 0.579812 0.341891 -20.4248
-0.401365 -0.756925 0.515725 439.469 -0.650038 -0.161271 -0.742592 -17.8432 0.645257 -0.63329 -0.427302 -21.0271
-0.370696 0.790097 -0.488194 436.859 -0.648307 0.156263 0.745171 -15.6985 0.665043 0.59273 0.454299 -20.1838
-0.441539 -0.766735 0.466007 439.814 -0.667753 -0.0660952 -0.741442 -18.1794 0.59929 -0.638552 -0.482806 -20.9704
-0.376799 0.844064 -0.381549 437.074 -0.641692 0.0592028 0.764674 -15.3348 0.668022 0.532964 0.519322 -19.6794
-0.3264 -0.852706 0.407869 439.273 -0.707631 -0.0656444 -0.703526 -19.5981 0.626675 -0.51825 -0.581975 -22.2855
-0.439089 0.843037 -0.310631 436.71 -0.466105 0.0818287 0.880937 -14.1199 0.76808 0.531595 0.357013 -19.3673
-0.248159 -0.870631 0.42476 439.814 -0.858505 -0.00546796 -0.512775 -18.5178 0.44876 -0.491907 -0.746084 -23.2684
-0.424789 0.890602 -0.162431 438.046 -0.391742 -0.0190786 0.919877 -12.8727 0.816145 0.454384 0.356991 -20.2188
-0.25693 -0.865766 0.429463 440.564 -0.905857 0.0608917 -0.419184 -17.2433 0.336764 -0.496732 -0.799904 -24.3993
-0.512772 0.855249 -0.0749414 438.902 -0.333968 -0.118293 0.935132 -11.7875 0.790905 0.504536 0.346284 -20.4498
-0.252854 -0.869581 0.424141 441.512 -0.934855 0.106669 -0.338625 -16.3775 0.249218 -0.482132 -0.839904 -25.4821
-0.487083 0.861654 -0.142495 439.249 -0.463736 -0.11691 0.878226 -10.7426 0.740067 0.493848 0.456525 -20.2273
-0.316702 -0.86752 0.38355 441.41 -0.893081 0.136502 -0.428688 -15.6017 0.31954 -0.478306 -0.817996 -25.4465
-0.470773 0.867432 -0.16105 439.214 -0.549949 -0.145784 0.822376 -10.1653 0.689876 0.47572 0.545674 -20.1376
-0.283657 -0.880482 0.379858 442.166 -0.894848 0.100675 -0.434868 -15.4876 0.344651 -0.463268 -0.816455 -26.0553
-0.506995 0.850515 -0.139934 439.195 -0.438968 -0.115058 0.891105 -8.98702 0.741798 0.513211 0.431683 -20.9674
-0.27268 -0.855071 0.441022 442.434 -0.934083 0.125461 -0.334288 -14.3757 0.230508 -0.503103 -0.832918 -26.7335
-0.511526 0.836622 -0.195978 438.881 -0.532976 -0.13002 0.836081 -9.79414 0.674002 0.532127 0.512408 -20.7623
-0.21335 -0.831972 0.512158 441.691 -0.96352 0.0924777 -0.251151 -14.8061 0.161587 -0.547056 -0.821352 -25.1494
-0.550341 0.820586 -0.154159 438.619 -0.407622 -0.102924 0.907331 -9.19551 0.728676 0.562179 0.391133 -20.3202
-0.254596 -0.855745 0.450426 441.222 -0.928158 0.0854739 -0.362238 -13.3923 0.271484 -0.510289 -0.816028 -24.7178
-0.544954 0.81797 -0.184259 438.512 -0.460768 -0.108552 0.880857 -8.27225 0.700513 0.564926 0.43605 -20.9068
-0.331373 -0.841031 0.427623 441.026 -0.84662 0.065006 -0.528213 -13.3231 0.416445 -0.537068 -0.733574 -24.128
-0.579797 0.78846 -0.205348 438.657 -0.429047 -0.081202 0.899625 -8.68482 0.692643 0.609702 0.385368 -21.233
-0.436567 -0.775764 0.455634 441.386 -0.661152 -0.0668294 -0.747269 -13.5829 0.610154 -0.627475 -0.483722 -23.5054
-0.526401 0.728383 -0.438591 438.437 -0.633284 0.00830992 0.773875 -9.74798 0.567321 0.68512 0.456899 -21.7338
-0.533525 -0.755633 0.379962 440.986 -0.593199 0.0140859 -0.804933 -14.492 0.602881 -0.654843 -0.455756 -24.2808
-0.555719 0.759495 -0.33815 438.659 -0.586752 -0.0701484 0.806722 -9.90064 0.58898 0.64672 0.484618 -21.7797
-0.449894 -0.790599 0.415391 441.948 -0.673382 -0.00523351 -0.739276 -14.8047 0.586645 -0.612312 -0.530021 -24.1671
-0.48861 0.783391 -0.384137 438.811 -0.62592 -0.00799551 0.779846 -10.1363 0.607852 0.621478 0.494247 -21.0832
-0.462623 -0.779247 0.422796 441.596 -0.674958 0.000370699 -0.737856 -14.7753 0.574815 -0.626717 -0.52613 -23.9494
-0.500929 0.773281 -0.388727 438.867 -0.642082 -0.0308659 0.766014 -10.1759 0.580345 0.633312 0.511971 -20.9339
-0.462808 -0.783374 0.414893 441.254 -0.682644 0.016374 -0.730567 -14.0877 0.565513 -0.621335 -0.542344 -23.4306
-0.524944 0.760346 -0.382505 438.07 -0.584715 0.00441263 0.811227 -9.0935 0.6185 0.649503 0.442269 -20.2351
-0.474439 -0.762083 0.440612 441.401 -0.666614 -0.0158649 -0.745234 -14.7273 0.57492 -0.647285 -0.500489 -23.3513
-0.588758 0.736 -0.334169 437.868 -0.494039 -0.000449882 0.869439 -8.14933 0.639757 0.676981 0.363878 -20.1789
-0.466059 -0.745933 0.475787 441.9 -0.676955 -0.0456027 -0.734611 -15.2604 0.569667 -0.664457 -0.48371 -23.7221
-0.505471 0.7537 -0.420043 437.311 -0.595383 0.0476801 0.802026 -7.83646 0.624515 0.655486 0.42464 -19.5979
-0.435916 -0.769732 0.466359 441.977 -0.643671 -0.095523 -0.759317 -15.6258 0.629018 -0.631179 -0.453815 -23.678
-0.564724 0.736582 -0.372204 437.256 -0.501513 0.0518819 0.863593 -6.98082 0.655417 0.674355 0.340107 -20.0364
-0.500288 -0.748561 0.435167 442.043 -0.627588 -0.0327585 -0.777856 -15.7113 0.596527 -0.662257 -0.453399 -23.9371
-0.58425 0.726903 -0.360923 437.063 -0.46846 0.0610926 0.88137 -6.42345 0.66272 0.684017 0.304832 -20.1006
-0.489696 -0.756327 0.433785 441.586 -0.636644 -0.0297551 -0.770583 -15.6686 0.595719 -0.653517 -0.46694 -23.9126
-0.61303 0.706003 -0.35462 437.53 -0.503981 -0.0037802 0.863706 -7.65876 0.608438 0.708198 0.35813 -20.3203
-0.491071 -0.755886 0.432997 441.411 -0.613032 -0.0532767 -0.78826 -14.9555 0.618903 -0.652531 -0.43722 -23.5891
-0.580611 0.72173 -0.376827 437.161 -0.467982 0.0829004 0.879841 -6.58004 0.666246 0.687192 0.289624 -20.4265
-0.45296 -0.753071 0.477193 441.264 -0.574718 -0.162542 -0.802047 -14.2374 0.681561 -0.637545 -0.359179 -22.8871
-0.573743 0.719281 -0.391733 437.394 -0.439304 0.133409 0.888377 -7.33059 0.691253 0.681789 0.239441 -20.7617
-0.451457 -0.752155 0.480053 440.987 -0.559796 -0.180203 -0.808798 -13.6884 0.694848 -0.633868 -0.3397 -22.5563
-0.55465 0.737587 -0.385137 437.496 -0.42506 0.146748 0.89319 -7.63348 0.715323 0.659113 0.232125 -20.9574
-0.460724 -0.752136 0.471197 440.099 -0.553434 -0.171587 -0.815026 -12.5175 0.693861 -0.636278 -0.337204 -22.5996
-0.560744 0.730484 -0.389822 437.57 -0.411831 0.162374 0.896677 -7.70249 0.718304 0.663346 0.209786 -21.4127
-0.43152 -0.772469 0.465922 440.658 -0.546943 -0.186693 -0.816087 -12.8401 0.717386 -0.60699 -0.341936 -22.9309
-0.545658 0.737159 -0.398566 438.067 -0.465939 0.128437 0.875445 -7.97683 0.696533 0.6634 0.273389 -21.7084
-0.463592 -0.764349 0.448167 441.154 -0.526664 -0.169044 -0.833096 -13.4296 0.712536 -0.622249 -0.324188 -23.2645
-0.569633 0.732684 -0.372415 438.252 -0.404325 0.144687 0.903098 -8.38918 0.715569 0.665011 0.213824 -21.6423
-0.491503 -0.76298 0.419866 440.09 -0.472161 -0.171648 -0.864639 -12.2277 0.731771 -0.623216 -0.275885 -22.428
-0.606842 0.721985 -0.332388 438.321 -0.328458 0.153017 0.932041 -8.50412 0.723781 0.674776 0.144285 -21.8195
-0.519741 -0.761949 0.386399 440.199 -0.408518 -0.175569 -0.895705 -12.1769 0.750321 -0.623384 -0.220021 -22.4224
-0.59799 0.710975 -0.370032 438.8 -0.389474 0.145739 0.909434 -9.78827 0.700513 0.687949 0.189756 -21.9686
-0.516563 -0.748101 0.416543 440.048 -0.406611 -0.213803 -0.888232 -11.9747 0.753545 -0.628198 -0.193744 -22.1219
-0.559281 0.718343 -0.41375 439.519 -0.425239 0.179833 0.887035 -11.0636 0.711602 0.672043 0.204891 -22.0349
-0.546808 -0.755033 0.361838 439.747 -0.342202 -0.192883 -0.919616 -10.9054 0.764133 -0.626674 -0.152904 -22.0023
-0.541015 0.732899 -0.412509 439.826 -0.434288 0.176574 0.883298 -11.6818 0.720206 0.657023 0.222761 -22.4452
-0.501629 -0.786804 0.359595 439.576 -0.327325 -0.212143 -0.920789 -10.2031 0.800766 -0.579598 -0.151124 -21.8653
-0.478897 0.741876 -0.46934 439.605 -0.458045 0.244925 0.854521 -10.5713 0.748901 0.624204 0.222519 -22.0327
-0.426862 -0.784792 0.449324 440.28 -0.427605 -0.262646 -0.864969 -10.667 0.796833 -0.561354 -0.223468 -22.2062
-0.419327 0.786173 -0.453981 440.263 -0.458035 0.248542 0.853482 -11.0065 0.783817 0.565825 0.255875 -22.6933
-0.38824 -0.788218 0.477477 440.448 -0.463022 -0.281132 -0.84058 -10.3329 0.796794 -0.547427 -0.255816 -22.7074
-0.43568 0.758751 -0.484232 439.855 -0.495704 0.246784 0.832692 -10.2423 0.751306 0.602821 0.268598 -22.8291
-0.4263 -0.777505 0.462338 439.845 -0.459923 -0.253815 -0.85091 -9.22155 0.778934 -0.575382 -0.249392 -22.3721
-0.42557 0.771632 -0.472733 439.828 -0.470407 0.257632 0.844004 -9.73304 0.773051 0.581558 0.253341 -22.8019
-0.417613 -0.784461 0.458499 440.014 -0.465594 -0.248574 -0.849372 -9.40217 0.78027 -0.568182 -0.261434 -22.4626
-0.467552 0.762313 -0.447521 439.292 -0.431215 0.245248 0.868278 -9.06537 0.771653 0.598942 0.214055 -22.6173
-0.441119 -0.768686 0.463183 439.869 -0.46962 -0.242096 -0.849027 -9.35244 0.764769 -0.59204 -0.254197 -22.509
-0.474407 0.785647 -0.397112 439.507 -0.375801 0.227189 0.89842 -9.31654 0.79606 0.57545 0.187467 -22.7803
-0.438906 -0.791468 0.425372 439.559 -0.456662 -0.211221 -0.864202 -8.27732 0.773836 -0.573553 -0.268728 -22.5286
-0.443324 0.787019 -0.42903 440.036 -0.482297 0.194006 0.854255 -9.92716 0.755548 0.58563 0.29357 -23.3216
-0.445514 -0.789519 0.422111 439.263 -0.460625 -0.20215 -0.864268 -7.65644 0.767686 -0.579477 -0.273612 -22.3025
-0.354285 0.811433 -0.464822 440.472 -0.521793 0.240952 0.818336 -9.65078 0.776024 0.532464 0.338035 -22.8366
-0.448647 -0.786518 0.424391 438.982 -0.468055 -0.197747 -0.86129 -7.60758 0.761341 -0.585052 -0.279415 -21.8664
-0.391173 0.818257 -0.421237 439.469 -0.444925 0.232526 0.864855 -8.18215 0.805621 0.525725 0.273106 -22.0213
-0.34745 -0.830437 0.435494 440.551 -0.505558 -0.225247 -0.832871 -9.73118 0.78974 -0.509547 -0.341572 -22.0226
-0.311755 0.809759 -0.497093 439.234 -0.497356 0.306696 0.811526 -7.00698 0.809596 0.500228 0.307125 -21.321
-0.272852 -0.812404 0.515319 441.626 -0.511523 -0.331146 -0.792897 -9.97026 0.814798 -0.47994 -0.32521 -22.1137
-0.301432 0.808942 -0.50473 440.025 -0.45661 0.342237 0.821207 -8.21358 0.837046 0.478002 0.26621 -21.7784
-0.347733 -0.812498 0.4679 441.766 -0.404473 -0.320222 -0.856656 -10.6182 0.845862 -0.487139 -0.217282 -22.3859
-0.24437 0.813576 -0.527616 439.302 -0.543864 0.335478 0.769198 -7.58673 0.802804 0.474919 0.360495 -21.2952
-0.427958 -0.764154 0.48262 441.612 -0.243945 -0.416508 -0.875792 -10.5881 0.870255 -0.492534 -0.00816447 -21.3785
-0.095494 0.773407 -0.626676 439.195 -0.58404 0.466273 0.664445 -7.38956 0.806087 0.429454 0.407175 -20.0368
-0.416558 -0.749819 0.514054 442.472 -0.275707 -0.434622 -0.857373 -12.3099 0.866294 -0.498873 -0.0256859 -20.9391
-0.140006 0.780452 -0.609339 437.933 -0.545026 0.453033 0.705484 -5.97277 0.826646 0.430877 0.36194 -19.1141
-0.471794 -0.736718 0.484415 442.859 -0.18069 -0.456957 -0.870943 -13.4779 0.862996 -0.498434 0.0824709 -20.2386
-0.0552207 0.764408 -0.642364 437.062 -0.602758 0.487371 0.631785 -5.57104 0.79601 0.422077 0.433841 -18.2259
-0.479899 -0.759549 0.439072 443.292 -0.146928 -0.423817 -0.893751 -14.5894 0.864933 -0.493421 0.0917895 -20.2204
-0.0363992 0.751571 -0.658648 435.748 -0.618212 0.5009 0.605733 -5.80546 0.785167 0.429232 0.446399 -16.8601
-0.543717 -0.703193 0.458141 441.723 -0.136244 -0.464684 -0.874932 -15.7143 0.828136 -0.538133 0.15685 -16.5498
-0.100162 0.690186 -0.716668 433.972 -0.580888 0.544224 0.6053 -7.29741 0.807796 0.476931 0.346411 -14.2423
-0.531181 -0.664016 0.526242 440.849 -0.193289 -0.509759 -0.838323 -15.5747 0.824916 -0.547017 0.142426 -14.9594
-0.050893 0.711434 -0.700908 433.99 -0.617153 0.529375 0.582137 -8.35818 0.785195 0.462194 0.412123 -13.038
-0.55058 -0.678584 0.486196 439.64 -0.159442 -0.486216 -0.859169 -15.0371 0.819415 -0.550561 0.159505 -13.565
-0.0617461 0.713362 -0.698071 432.913 -0.646795 0.504077 0.572331 -8.35804 0.76016 0.486847 0.430275 -12.0025
-0.548691 -0.724571 0.417058 439.138 -0.0899688 -0.444784 -0.891107 -15.4032 0.831171 -0.526463 0.178859 -11.9741
-0.136979 0.76624 -0.627786 433.337 -0.555412 0.465355 0.689175 -8.32396 0.820215 0.443081 0.361835 -11.0446
-0.593114 -0.724548 0.351066 438.764 -0.0353388 -0.412194 -0.910411 -16.1077 0.804343 -0.552383 0.218872 -10.3479
-0.110535 0.750103 -0.65202 433.26 -0.56838 0.490462 0.660599 -9.56662 0.815307 0.443613 0.37213 -9.68733
-0.614876 -0.716046 0.330465 438.248 0.066775 -0.464805 -0.882891 -15.8412 0.785792 -0.520801 0.33361 -8.76737
-0.19221 0.729932 -0.655939 433.579 -0.5363 0.481633 0.693117 -10.3827 0.821849 0.485004 0.298889 -8.92926
-0.656287 -0.722087 0.218815 437.47 0.177937 -0.429949 -0.885145 -17.1059 0.733231 -0.541973 0.410654 -7.63831
-0.0404056 0.747106 -0.663477 433.291 -0.705207 0.449085 0.548639 -12.1029 0.707848 0.490056 0.508719 -6.77269
-0.663785 -0.742499 0.0899262 436.251 0.334011 -0.401863 -0.852609 -17.5747 0.669199 -0.535912 0.514752 -5.76556
0.0601098 0.766277 -0.639694 432.938 -0.794066 0.425031 0.434521 -13.7474 0.604852 0.481839 0.634022 -4.91712
-0.700051 -0.701641 0.132778 436.109 0.204439 -0.37508 -0.904168 -18.3663 0.684203 -0.605818 0.406017 -4.29996
-0.0638297 0.714579 -0.696638 432.616 -0.776241 0.403165 0.484673 -13.8515 0.627196 0.571694 0.528952 -3.446
-0.709806 -0.684672 0.165536 435.503 0.148154 -0.374855 -0.915169 -18.8993 0.688642 -0.625066 0.36751 -3.38053
-0.104347 0.717061 -0.689157 432.056 -0.758402 0.390899 0.52156 -13.0117 0.64338 0.57708 0.503031 -3.19065
-0.722631 -0.683644 0.102161 436.101 0.247244 -0.393652 -0.885386 -19.0319 0.645504 -0.614548 0.453491 -3.60513
-0.103125 0.751378 -0.651765 432.603 -0.699682 0.410934 0.584447 -11.9831 0.706972 0.516298 0.483348 -4.19193
-0.714049 -0.686913 0.135228 436.676 0.149242 -0.338065 -0.929214 -17.1808 0.684005 -0.643321 0.34391 -5.11287
-0.128822 0.757646 -0.639828 433.407 -0.658756 0.416892 0.626292 -10.9263 0.741245 0.502169 0.445399 -5.69003
-0.741355 -0.646934 0.178526 436.962 0.106217 -0.375766 -0.920607 -16.3331 0.662656 -0.663532 0.347291 -5.77143
-0.124162 0.736077 -0.665414 434.054 -0.626868 0.46164 0.627634 -11.693 0.769167 0.495054 0.404106 -5.58241
-0.743173 -0.624708 0.239657 436.47 0.056355 -0.415346 -0.907916 -16.8979 0.666723 -0.661232 0.343878 -5.51897
-0.231438 0.740037 -0.631493 434.012 -0.566524 0.425176 0.705886 -11.6596 0.790877 0.521124 0.320847 -4.63084
-0.775047 -0.604701 0.183412 436.407 0.0549441 -0.353641 -0.933766 -17.1709 0.629511 -0.713634 0.307312 -4.83734
-0.21009 0.739991 -0.638966 434.086 -0.601719 0.417245 0.681058 -12.1366 0.770581 0.527561 0.357608 -4.0354
-0.733731 -0.63975 0.228823 436.516 0.0121599 -0.349091 -0.93701 -17.0242 0.679332 -0.68473 0.263917 -3.60802
-0.224349 0.763414 -0.605697 433.408 -0.618775 0.368571 0.693738 -11.9706 0.75285 0.530428 0.389694 -3.02243
-0.706746 -0.673644 0.216139 436.112 0.0166333 -0.321247 -0.946849 -17.3766 0.707273 -0.665586 0.238244 -2.78484
-0.135598 0.764328 -0.630411 433.52 -0.728186 0.354579 0.586531 -14.5531 0.671831 0.538588 0.508492 -1.28352
-0.733228 -0.679657 0.0210947 434.979 0.239287 -0.286936 -0.927582 -18.7864 0.636491 -0.67508 0.373022 -0.990349
-0.0534909 0.756914 -0.651324 432.005 -0.836359 0.322398 0.443353 -15.6762 0.545564 0.568455 0.615806 1.3191
-0.722184 -0.691697 -0.00267909 433.705 0.249726 -0.257117 -0.933556 -19.5837 0.645049 -0.674867 0.35842 1.51339
-0.118103 0.746693 -0.654602 431.38 -0.787123 0.331494 0.520143 -15.3651 0.605383 0.576681 0.548589 2.8272
-0.743808 -0.666699 -0.047586 432.664 0.361106 -0.340917 -0.867973 -20.3438 0.562454 -0.662787 0.494325 3.17407
-0.106914 0.750072 -0.652659 430.573 -0.756981 0.364181 0.542541 -15.6942 0.64463 0.552054 0.528854 4.1945
-0.737327 -0.666125 -0.112374 431.467 0.417188 -0.318166 -0.851308 -21.342 0.531324 -0.674572 0.512491 5.08191
-0.110994 0.717786 -0.687361 428.613 -0.694748 0.438515 0.570113 -16.3739 0.710636 0.540821 0.450008 5.61453
-0.807438 -0.589589 -0.0207422 430.062 0.355453 -0.458126 -0.814723 -21.6067 0.470849 -0.66521 0.579479 7.41689
-0.167191 0.658526 -0.733752 427.407 -0.632231 0.499454 0.592308 -17.6316 0.756525 0.562928 0.332837 7.42876
-0.798948 -0.595182 0.0862711 429.023 0.270389 -0.483623 -0.832465 -21.6269 0.537191 -0.641768 0.547319 8.43329
-0.246342 0.624563 -0.741107 425.996 -0.535237 0.549816 0.641267 -17.2368 0.807983 0.554637 0.198847 7.8346
-0.820503 -0.559586 0.116792 428.254 0.265056 -0.553438 -0.789589 -21.6941 0.50648 -0.616903 0.602418 9.37169
