1 0 0 0 0 1 0 0 0 0 1 0
0.0248334 -0.964712 0.262134 0.732854 0.941965 -0.0652335 -0.329311 -0.192321 0.334791 0.255099 0.907105 2.82359
0.0238712 -0.965354 0.259848 1.37392 0.942458 -0.0649705 -0.32795 -0.965679 0.33347 0.252725 0.908255 4.95039
0.0254067 -0.965395 0.259553 1.78785 0.94167 -0.064045 -0.330389 -1.48197 0.335579 0.252807 0.907456 6.33436
0.0256864 -0.965477 0.259219 2.19027 0.941655 -0.0636826 -0.330499 -1.98975 0.335597 0.252584 0.907511 7.71408
0.0249423 -0.96595 0.257525 2.60989 0.940978 -0.0642957 -0.332303 -2.51102 0.337546 0.250614 0.907334 9.10159
0.0251015 -0.965861 0.257841 3.02939 0.940599 -0.0645388 -0.333329 -3.02359 0.33859 0.250892 0.906868 10.4624
0.0242073 -0.965957 0.257567 3.44425 0.940549 -0.0653072 -0.33332 -3.52767 0.338794 0.250323 0.906949 11.8151
0.0235248 -0.966063 0.257235 3.85448 0.939838 -0.0663457 -0.335116 -4.05841 0.340809 0.249643 0.906382 13.2028
0.0220563 -0.966405 0.256075 4.25318 0.939414 -0.0676057 -0.336052 -4.55831 0.342075 0.247972 0.906363 14.5665
0.0225291 -0.966373 0.256156 4.64589 0.939714 -0.06698 -0.335336 -5.0613 0.341217 0.248269 0.906605 15.8982
0.0243609 -0.966747 0.254573 5.04005 0.939404 -0.0649646 -0.336599 -5.59273 0.341944 0.247347 0.906583 17.263
0.0256157 -0.966968 0.253607 5.43243 0.939488 -0.0634086 -0.336662 -6.09643 0.341622 0.246885 0.906831 18.6018
0.0265433 -0.967083 0.253072 5.84017 0.940348 -0.061741 -0.334564 -6.59572 0.339176 0.246856 0.907756 19.9423
0.027252 -0.967594 0.251037 6.21674 0.939658 -0.0608786 -0.336656 -7.10933 0.341029 0.245064 0.907548 21.2827
0.0273632 -0.967665 0.250751 6.59885 0.940402 -0.06014 -0.334705 -7.60001 0.338963 0.244965 0.908348 22.6007
0.0293838 -0.967866 0.249743 6.97481 0.940289 -0.0579982 -0.3354 -8.10629 0.339107 0.244686 0.908369 23.9208
0.0300614 -0.967948 0.249346 7.3489 0.940615 -0.0569956 -0.334655 -8.59999 0.33814 0.244599 0.908753 25.2514
0.0298867 -0.967602 0.250705 7.74598 0.941567 -0.0569326 -0.331978 -9.06404 0.335496 0.245977 0.909361 26.5666
0.030648 -0.967388 0.251439 8.12023 0.941095 -0.0568237 -0.333334 -9.56405 0.336751 0.246844 0.908662 27.8745
0.0305332 -0.967504 0.251006 8.49152 0.941431 -0.056535 -0.332433 -10.058 0.335821 0.246455 0.909112 29.18
0.0279137 -0.967967 0.249522 8.87299 0.941928 -0.058098 -0.330751 -10.5196 0.334652 0.244265 0.910133 30.4717
0.0269354 -0.968347 0.248151 9.23727 0.941389 -0.0589282 -0.332134 -11.0082 0.336244 0.242553 0.910004 31.7812
0.0257437 -0.968258 0.248623 9.6206 0.942321 -0.0595208 -0.329375 -11.46 0.333719 0.242762 0.910878 33.0525
0.0259428 -0.967889 0.250034 9.97366 0.942172 -0.0599248 -0.329728 -11.9303 0.334123 0.244129 0.910364 34.3264
0.0262654 -0.967901 0.249954 10.3188 0.942713 -0.0592012 -0.328308 -12.3894 0.332567 0.244258 0.910899 35.587
0.0252676 -0.967622 0.251136 10.682 0.943604 -0.0598704 -0.325618 -12.8264 0.330111 0.245201 0.911539 36.8303
0.0260839 -0.967828 0.250255 11.0261 0.943624 -0.0587995 -0.325752 -13.27 0.329987 0.244644 0.911733 38.0458
0.024918 -0.968221 0.248851 11.3668 0.944108 -0.0590542 -0.324303 -13.7164 0.328692 0.243023 0.912634 39.2471
0.0236828 -0.968562 0.247643 11.7132 0.944934 -0.0591891 -0.321863 -14.1398 0.326402 0.241629 0.913826 40.4298
0.0237787 -0.968684 0.247155 12.0473 0.945354 -0.0586265 -0.32073 -14.5634 0.325176 0.241275 0.914356 41.6021
0.0218174 -0.968469 0.248178 12.3701 0.946698 -0.059785 -0.316525 -14.9642 0.321382 0.241855 0.915543 42.743
0.0202143 -0.968092 0.249778 12.7133 0.94719 -0.0614266 -0.314734 -15.3608 0.320034 0.242949 0.915726 43.8565
0.0184763 -0.967775 0.251137 13.0455 0.948897 -0.062173 -0.3094 -15.737 0.315043 0.244019 0.917171 44.9819
0.0183208 -0.967732 0.251316 13.3698 0.949272 -0.0620835 -0.308264 -16.1414 0.31392 0.244215 0.917504 46.1188
0.0168356 -0.967867 0.250899 13.6785 0.951216 -0.061811 -0.302269 -16.5074 0.308065 0.243748 0.91961 47.2199
0.0166992 -0.967767 0.251294 13.9833 0.953234 -0.0604449 -0.296127 -16.8767 0.301771 0.244487 0.921499 48.3184
0.016318 -0.967808 0.25116 14.2779 0.955712 -0.0587253 -0.288383 -17.2386 0.293848 0.244743 0.923988 49.4184
0.0149162 -0.967933 0.250765 14.5994 0.9579 -0.0580804 -0.281165 -17.5912 0.286713 0.244402 0.926317 50.5003
0.0140526 -0.967812 0.25128 14.9072 0.961176 -0.0561854 -0.270153 -17.9055 0.275575 0.245321 0.929449 51.579
0.0129413 -0.967796 0.251404 15.2069 0.964552 -0.0541919 -0.258267 -18.2297 0.263573 0.245835 0.932788 52.6532
0.0108747 -0.967914 0.251047 15.5015 0.968424 -0.052341 -0.243751 -18.5295 0.24907 0.245771 0.936782 53.7126
0.00800405 -0.968194 0.250072 15.8029 0.972476 -0.0506993 -0.227417 -18.7856 0.232862 0.245009 0.941141 54.7619
0.00453791 -0.968556 0.248755 16.0897 0.976146 -0.0497061 -0.211344 -19.0518 0.217063 0.24378 0.945227 55.8098
-0.000388596 -0.968751 0.248035 16.3798 0.980092 -0.0496142 -0.192243 -19.2755 0.198542 0.243022 0.949485 56.863
-0.00633194 -0.968724 0.248061 16.6607 0.983898 -0.0503449 -0.171492 -19.4695 0.178617 0.242981 0.953444 57.8965
-0.0135455 -0.96865 0.248058 16.942 0.987126 -0.0524937 -0.151081 -19.6573 0.159366 0.242819 0.956892 58.929
-0.0239684 -0.969023 0.245806 17.2408 0.990124 -0.0569817 -0.128089 -19.7956 0.138128 0.240308 0.960819 59.952
-0.0343195 -0.969347 0.243287 17.509 0.992492 -0.0616489 -0.105626 -19.9193 0.117386 0.237835 0.964186 60.9661
-0.0448247 -0.969184 0.242223 17.7722 0.994506 -0.0662509 -0.0810452 -20.0128 0.0945952 0.237259 0.96683 61.9686
-0.0570959 -0.968621 0.241894 18.0544 0.995889 -0.0723216 -0.0545327 -20.0611 0.0703156 0.237786 0.968769 62.9631
-0.0662766 -0.968503 0.24002 18.3074 0.996776 -0.0751638 -0.0280535 -20.1021 0.0452106 0.237387 0.970362 63.9469
-0.0750515 -0.968601 0.23702 18.5486 0.997027 -0.0770377 0.00088402 -20.1017 0.0174031 0.236382 0.971504 64.9283
-0.0856198 -0.968788 0.232634 18.8056 0.996275 -0.0808621 0.0299297 -20.0745 -0.0101844 0.23433 0.972104 65.8982
-0.0955667 -0.968549 0.229736 19.0606 0.994632 -0.0837197 0.060796 -20.0099 -0.0396507 0.234313 0.971352 66.8517
-0.104139 -0.967637 0.229857 19.2748 0.992069 -0.0847109 0.0928576 -19.9283 -0.0703812 0.237704 0.968784 67.7947
-0.113379 -0.966289 0.231152 19.5167 0.988512 -0.0863056 0.124074 -19.8135 -0.0999417 0.242564 0.964974 68.7247
-0.121249 -0.965965 0.228495 19.6876 0.983981 -0.086659 0.155789 -19.6655 -0.130686 0.243724 0.960999 69.6346
-0.129319 -0.966338 0.222411 19.919 0.977989 -0.0872552 0.189534 -19.4947 -0.163748 0.242026 0.956353 70.5658
-0.134503 -0.967541 0.213947 20.133 0.970976 -0.0855962 0.223332 -19.3011 -0.19777 0.237777 0.950973 71.46
-0.142669 -0.967859 0.20711 20.3562 0.961869 -0.0862446 0.259554 -19.0523 -0.23335 0.236243 0.943259 72.3563
-0.147321 -0.96764 0.204863 20.5608 0.951772 -0.0823325 0.29555 -18.8069 -0.26912 0.238524 0.933103 73.2201
-0.152067 -0.966742 0.205633 20.7651 0.940475 -0.0775509 0.330896 -18.5135 -0.303944 0.243711 0.92099 74.0743
-0.159504 -0.966437 0.201389 20.9722 0.92745 -0.076807 0.365973 -18.1787 -0.338222 0.245153 0.908574 74.9109
-0.167253 -0.966838 0.193006 21.1674 0.913899 -0.0785924 0.398259 -17.8109 -0.369884 0.242998 0.896737 75.7384
-0.176324 -0.966478 0.186626 21.3554 0.898136 -0.0803777 0.432308 -17.4179 -0.402816 0.243842 0.882202 76.5512
-0.183502 -0.96599 0.182181 21.5513 0.881752 -0.0798202 0.464909 -16.9881 -0.434557 0.24595 0.866412 77.3415
-0.189801 -0.9656 0.177741 21.7017 0.864444 -0.0785146 0.496558 -16.5532 -0.465521 0.247894 0.849611 78.1117
-0.194765 -0.965803 0.171146 21.8489 0.845769 -0.0770015 0.527961 -16.0874 -0.496729 0.247578 0.831845 78.8766
-0.200595 -0.965532 0.16586 22.0166 0.826504 -0.0758935 0.557791 -15.6041 -0.525977 0.248975 0.81324 79.6199
-0.205194 -0.964995 0.163342 22.1686 0.805815 -0.0718525 0.58779 -15.0831 -0.555479 0.252234 0.792352 80.3463
-0.209431 -0.963924 0.164284 22.3105 0.783188 -0.0647671 0.618402 -14.5261 -0.585452 0.258177 0.768498 81.0629
-0.2135 -0.963161 0.163519 22.4544 0.760301 -0.0587047 0.646912 -13.9544 -0.613482 0.262439 0.744826 81.7463
-0.216618 -0.963332 0.158328 22.6046 0.736315 -0.0547256 0.674421 -13.3457 -0.641027 0.262671 0.721171 82.4149
-0.222273 -0.963346 0.150195 22.7359 0.710074 -0.0543839 0.702022 -12.7041 -0.668123 0.26269 0.696136 83.0801
-0.22228 -0.965116 0.138357 22.8719 0.683878 -0.0531924 0.727654 -12.0502 -0.694911 0.256362 0.671846 83.7145
-0.222947 -0.966253 0.129037 23.009 0.6557 -0.0506913 0.753317 -11.3447 -0.721354 0.252559 0.644874 84.3358
-0.221391 -0.967789 0.119875 23.1286 0.627247 -0.0471972 0.777388 -10.6352 -0.746691 0.247298 0.617492 84.9228
-0.221178 -0.968742 0.112337 23.2492 0.597204 -0.0434758 0.80091 -9.89585 -0.770992 0.244232 0.588152 85.5068
-0.221273 -0.969807 0.102533 23.3512 0.567023 -0.0424024 0.822609 -9.13116 -0.793425 0.24016 0.559286 86.063
-0.224034 -0.970095 0.0934113 23.4469 0.535756 -0.0425254 0.8433 -8.3384 -0.81411 0.238973 0.529262 86.5883
-0.227374 -0.970133 0.0845218 23.5433 0.504344 -0.0430674 0.862427 -7.52912 -0.833029 0.238722 0.499074 87.0735
-0.230661 -0.970091 0.0756275 23.6213 0.47252 -0.0437302 0.880233 -6.69047 -0.8506 0.238771 0.468475 87.5249
-0.238471 -0.968854 0.0667325 23.7092 0.441292 -0.0468945 0.896137 -5.84987 -0.865097 0.243151 0.438731 87.9518
-0.240933 -0.96863 0.0608923 23.7547 0.410211 -0.0447718 0.91089 -4.97495 -0.87959 0.244442 0.40813 88.3533
-0.243125 -0.968289 0.0575078 23.7981 0.380354 -0.0406279 0.923948 -4.09196 -0.892312 0.246509 0.37817 88.7254
-0.249453 -0.966971 0.0523546 23.862 0.352564 -0.0403333 0.934918 -3.18596 -0.901927 0.251677 0.35098 89.0645
-0.251191 -0.966864 0.0455652 23.9124 0.328792 -0.0409556 0.943513 -2.26662 -0.910384 0.251984 0.328185 89.3838
-0.251014 -0.967287 0.0367138 23.9427 0.308221 -0.0439153 0.9503 -1.33098 -0.917601 0.249855 0.309161 89.6945
-0.251915 -0.967245 0.0312497 23.9834 0.292055 -0.0451997 0.955332 -0.388986 -0.922628 0.249789 0.293875 89.9854
-0.254321 -0.966723 0.0276908 24.0225 0.276226 -0.0451692 0.96003 0.554587 -0.926833 0.251805 0.278522 90.2446
-0.257336 -0.965878 0.0292764 24.0388 0.26483 -0.0413565 0.963407 1.49553 -0.929324 0.255673 0.266437 90.5077
-0.257996 -0.965745 0.0278216 24.0301 0.253694 -0.0399315 0.966459 2.43967 -0.932243 0.256401 0.255307 90.7827
-0.262107 -0.964629 0.0281205 24.053 0.243822 -0.0380008 0.969075 3.40535 -0.93373 0.260858 0.245159 91.0164
-0.26468 -0.963848 0.0306887 24.0746 0.238509 -0.0345954 0.970523 4.38228 -0.934376 0.264198 0.239044 91.2529
-0.265976 -0.963405 0.0332697 24.0928 0.236174 -0.0316641 0.971194 5.34755 -0.934601 0.266172 0.235954 91.4923
-0.266661 -0.963142 0.0353526 24.1348 0.232317 -0.0286351 0.972218 6.32462 -0.935372 0.267466 0.231391 91.7222
-0.267914 -0.962736 0.0368902 24.1779 0.230225 -0.0267934 0.972768 7.30004 -0.935531 0.269111 0.228824 91.959
-0.267295 -0.962886 0.0374797 24.2196 0.227116 -0.0251523 0.973542 8.29925 -0.936468 0.268735 0.22541 92.1976
-0.268881 -0.962352 0.0397734 24.2597 0.225836 -0.0228482 0.973897 9.28039 -0.936323 0.270845 0.223478 92.427
-0.269787 -0.962128 0.0390615 24.3109 0.22361 -0.0231419 0.974403 10.2702 -0.936597 0.271616 0.221385 92.648
-0.270782 -0.96192 0.0372483 24.3477 0.220448 -0.0242979 0.975095 11.2597 -0.937059 0.27225 0.218633 92.8754
-0.270025 -0.962151 0.0367829 24.3904 0.218973 -0.0241637 0.975431 12.2643 -0.937623 0.271445 0.21721 93.0984
-0.268581 -0.962602 0.0355303 24.4178 0.215861 -0.0241993 0.976123 13.2796 -0.938759 0.269838 0.214288 93.3108
-0.268495 -0.962567 0.0370744 24.4663 0.213496 -0.0219333 0.976697 14.2959 -0.939324 0.270154 0.211394 93.5253
-0.269448 -0.962274 0.0377589 24.5408 0.20909 -0.0201842 0.977687 15.3381 -0.940042 0.271331 0.206641 93.7779
-0.268185 -0.962585 0.0388281 24.5807 0.205774 -0.0178633 0.978436 16.3393 -0.941134 0.270392 0.202866 93.992
-0.266416 -0.963037 0.0397751 24.6266 0.204622 -0.0161846 0.978706 17.3701 -0.941888 0.268882 0.201371 94.2189
-0.263759 -0.963697 0.0414551 24.6818 0.202145 -0.0132014 0.979266 18.3941 -0.94317 0.266671 0.198289 94.4277
-0.262391 -0.96418 0.0388338 24.7573 0.198406 -0.0145227 0.980011 19.4331 -0.944344 0.264851 0.19511 94.639
-0.260161 -0.964873 0.0365603 24.7662 0.19604 -0.0157076 0.980469 20.4792 -0.945455 0.262248 0.19324 94.8624
-0.259457 -0.965161 0.033871 24.825 0.193074 -0.0174748 0.981028 21.5712 -0.946258 0.261074 0.190881 95.0615
-0.259005 -0.965296 0.033455 24.8629 0.190383 -0.0170642 0.981561 22.6087 -0.946927 0.260599 0.188195 95.2708
-0.259881 -0.965001 0.0351384 24.9104 0.189807 -0.0153699 0.9817 23.6658 -0.946803 0.261795 0.187159 95.4724
-0.257537 -0.965556 0.0371094 24.9178 0.189359 -0.012772 0.981824 24.7351 -0.947533 0.259883 0.186126 95.6767
-0.256726 -0.965781 0.0368709 24.9611 0.18828 -0.0125575 0.982034 25.7889 -0.947968 0.259056 0.185061 95.8839
-0.255256 -0.966176 0.0367195 24.9994 0.189105 -0.0126441 0.981875 26.8703 -0.9482 0.257574 0.185937 96.0982
-0.254301 -0.96644 0.0363936 25.0588 0.187841 -0.0124428 0.98212 27.9321 -0.948708 0.256591 0.184701 96.3017
-0.251396 -0.967136 0.03805 25.0903 0.188455 -0.0103508 0.982026 28.9971 -0.949361 0.254048 0.184864 96.5094
-0.246882 -0.968289 0.0382958 25.154 0.188093 -0.00911534 0.982108 30.0673 -0.950616 0.249668 0.184379 96.7169
-0.243004 -0.9693 0.0375146 25.2264 0.186349 -0.00869447 0.982444 31.1438 -0.951958 0.245729 0.182741 96.9053
-0.241697 -0.969781 0.0332829 25.2929 0.186098 -0.0126635 0.982449 32.2433 -0.952339 0.243649 0.183536 97.1155
-0.243135 -0.969649 0.0258118 25.3381 0.185346 -0.0203219 0.982462 33.3407 -0.95212 0.243655 0.184662 97.3155
-0.247307 -0.968716 0.0206936 25.3962 0.182584 -0.025617 0.982855 34.4389 -0.951579 0.246846 0.183208 97.5004
-0.253458 -0.967125 0.0206772 25.432 0.18341 -0.0270576 0.982663 35.5426 -0.9498 0.252856 0.184239 97.6937
-0.257461 -0.965967 0.0249256 25.4687 0.182912 -0.0233905 0.98285 36.6264 -0.948819 0.257605 0.182709 97.8877
-0.25833 -0.965626 0.0288437 25.5097 0.182595 -0.0194864 0.982994 37.6984 -0.948644 0.259204 0.181353 98.1189
-0.257861 -0.96568 0.0311469 25.5527 0.182508 -0.0170272 0.983056 38.8129 -0.948788 0.259177 0.180635 98.3191
-0.256878 -0.965961 0.0305314 25.5752 0.181636 -0.0172258 0.983214 39.9239 -0.949222 0.258112 0.179878 98.5284
-0.255724 -0.966362 0.0273926 25.6119 0.180074 -0.0197751 0.983453 41.0425 -0.949831 0.256426 0.179074 98.7724
-0.257388 -0.965974 0.0254197 25.6218 0.180069 -0.0221017 0.983405 42.1824 -0.949383 0.257694 0.17963 98.9812
-0.255127 -0.966573 0.0254229 25.6593 0.179398 -0.021483 0.983541 43.314 -0.950119 0.255489 0.178883 99.1883
-0.255635 -0.966336 0.0290694 25.6874 0.179941 -0.0180156 0.983511 44.4725 -0.94988 0.256651 0.178489 99.398
-0.255651 -0.966242 0.0319031 25.7163 0.18027 -0.0152235 0.983498 45.6422 -0.949814 0.257184 0.178077 99.5894
-0.254011 -0.966705 0.0309891 25.7746 0.181476 -0.0161646 0.983262 46.7813 -0.950024 0.255383 0.17954 99.7919
-0.256185 -0.966182 0.0293518 25.7785 0.181539 -0.0182661 0.983213 47.96 -0.949428 0.257213 0.180079 100.012
-0.255529 -0.966409 0.0275451 25.8281 0.180849 -0.0197916 0.983311 49.1116 -0.949736 0.256247 0.179831 100.22
-0.25272 -0.967068 0.030196 25.8565 0.181975 -0.0168563 0.983158 50.265 -0.950273 0.253959 0.180242 100.443
-0.251645 -0.967281 0.0322948 25.9046 0.182259 -0.0145917 0.983141 51.4206 -0.950504 0.253289 0.179968 100.655
-0.251201 -0.967403 0.0320755 25.9403 0.181469 -0.0145191 0.983288 52.5872 -0.950772 0.252824 0.179201 100.878
-0.251968 -0.967261 0.0302997 25.9479 0.182609 -0.0167749 0.983041 53.7581 -0.950351 0.253228 0.180857 101.104
-0.253436 -0.9669 0.0295658 25.9948 0.183159 -0.0179526 0.982918 54.9336 -0.949854 0.254523 0.181646 101.332
-0.25434 -0.966659 0.0296751 26.0389 0.183121 -0.018007 0.982924 56.1129 -0.94962 0.255432 0.181596 101.546
-0.256216 -0.96617 0.0294736 26.0742 0.184081 -0.0188373 0.982729 57.2895 -0.94893 0.257218 0.18268 101.763
-0.255688 -0.966304 0.0296774 26.1106 0.184517 -0.0186446 0.982651 58.4804 -0.948988 0.256729 0.183067 101.987
-0.255906 -0.966234 0.0300554 26.1498 0.186365 -0.0188034 0.9823 59.6535 -0.948568 0.256978 0.184884 102.206
-0.255812 -0.966276 0.029497 26.2009 0.187109 -0.0195539 0.982143 60.8549 -0.948447 0.256764 0.185801 102.437
-0.25422 -0.966719 0.0287336 26.244 0.187153 -0.0200245 0.982126 62.0682 -0.948866 0.255054 0.186015 102.665
-0.254869 -0.966556 0.0284666 26.289 0.188974 -0.020916 0.981758 63.2562 -0.948331 0.255599 0.187986 102.895
-0.254351 -0.966639 0.0302285 26.3414 0.189956 -0.0192867 0.981602 64.4809 -0.948274 0.255414 0.188525 103.137
-0.252377 -0.967105 0.0318409 26.3954 0.190329 -0.0173516 0.981566 65.7068 -0.948726 0.253786 0.188448 103.368
-0.252108 -0.967191 0.0313648 26.4488 0.190811 -0.0179092 0.981462 66.9113 -0.948701 0.253419 0.189066 103.618
-0.249938 -0.967787 0.0303261 26.4798 0.190505 -0.0184433 0.981512 68.1361 -0.949336 0.251095 0.188978 103.866
-0.248029 -0.968282 0.0302005 26.5335 0.190573 -0.0182031 0.981503 69.3623 -0.949823 0.249197 0.189043 104.109
-0.24653 -0.968673 0.0299289 26.5848 0.189693 -0.0179467 0.981678 70.5927 -0.950389 0.247691 0.188175 104.353
-0.24548 -0.96899 0.0282358 26.6355 0.187372 -0.0188501 0.982107 71.8527 -0.951121 0.246379 0.186189 104.606
-0.243077 -0.969637 0.0267748 26.6777 0.186769 -0.0196993 0.982205 73.1039 -0.951857 0.243753 0.185887 104.848
-0.242078 -0.969915 0.0257313 26.7288 0.183028 -0.0196054 0.982911 74.3407 -0.952838 0.242651 0.182268 105.08
-0.24202 -0.969944 0.0251746 26.761 0.180749 -0.0195784 0.983333 75.5867 -0.953287 0.242537 0.180055 105.318
-0.241999 -0.969989 0.0235854 26.8166 0.17746 -0.0203499 0.983916 76.8486 -0.95391 0.242293 0.177059 105.534
-0.241128 -0.97024 0.0221795 26.8452 0.173711 -0.0206642 0.984579 78.0942 -0.954821 0.241263 0.173524 105.77
-0.239858 -0.970586 0.0207488 26.8856 0.170995 -0.0211998 0.985043 79.3122 -0.95563 0.239819 0.171051 105.984
-0.23599 -0.971468 0.0236129 26.9229 0.164698 -0.0160375 0.986212 80.5443 -0.957697 0.236626 0.163784 106.219
-0.235299 -0.971656 0.0227612 26.9528 0.156345 -0.0147266 0.987592 81.7713 -0.959266 0.235939 0.155379 106.422
-0.23778 -0.971155 0.0178185 26.9895 0.147704 -0.0180208 0.988866 83.0229 -0.960023 0.237765 0.147729 106.628
-0.238765 -0.970989 0.0130808 27.011 0.136475 -0.0202163 0.990436 84.2699 -0.96144 0.238267 0.137343 106.804
-0.238909 -0.970987 0.0102786 27.0472 0.122716 -0.0196904 0.992245 85.5292 -0.963257 0.238318 0.12386 106.955
-0.240766 -0.970559 0.00683955 27.0548 0.108521 -0.0199169 0.993893 86.7445 -0.964498 0.240039 0.110122 107.113
-0.241461 -0.970409 0.0012889 27.063 0.092773 -0.0217621 0.995448 87.999 -0.965966 0.240482 0.0952826 107.243
-0.241083 -0.970501 -0.00258613 27.0844 0.0782097 -0.0220842 0.996691 89.2332 -0.967348 0.240083 0.0812268 107.358
-0.238709 -0.971089 -0.00196052 27.0758 0.0625005 -0.0173783 0.997892 90.47 -0.969078 0.238084 0.0648421 107.444
-0.238805 -0.971057 -0.00449828 27.0709 0.0445697 -0.015588 0.998883 91.7159 -0.970045 0.238338 0.0470023 107.533
-0.236178 -0.971669 -0.00891127 27.0663 0.0288628 -0.0161817 0.999451 92.9258 -0.971282 0.235791 0.0318669 107.594
-0.233249 -0.972291 -0.0156426 27.0677 0.0121409 -0.018997 0.999745 94.1573 -0.972342 0.233 0.0162356 107.637
-0.231626 -0.972578 -0.0210057 27.0449 -0.00440849 -0.0205433 0.999778 95.3812 -0.972795 0.231668 0.000470768 107.664
-0.226359 -0.973781 -0.0226084 27.047 -0.0192098 -0.0187435 0.999639 96.5999 -0.973855 0.226712 -0.0144634 107.648
-0.226215 -0.973761 -0.0248081 27.0167 -0.035201 -0.0172795 0.99923 97.813 -0.973442 0.226915 -0.0303685 107.646
-0.226359 -0.973657 -0.0274447 26.9992 -0.0491593 -0.0167205 0.99865 99.0146 -0.972803 0.227403 -0.0440796 107.606
-0.22591 -0.97366 -0.0308463 26.9784 -0.0646933 -0.0165999 0.997766 100.243 -0.971998 0.227401 -0.0592393 107.541
-0.225323 -0.973687 -0.0341006 26.9332 -0.0785142 -0.0167401 0.996771 101.455 -0.971116 0.227273 -0.0726764 107.479
-0.224077 -0.973798 -0.0388172 26.9032 -0.0928914 -0.0183078 0.995507 102.649 -0.970135 0.226677 -0.0863552 107.385
-0.224342 -0.973656 -0.0408022 26.8523 -0.109037 -0.0165271 0.993899 103.839 -0.968392 0.227423 -0.102457 107.284
-0.223149 -0.973832 -0.0430861 26.8037 -0.125881 -0.015042 0.99193 105.032 -0.966623 0.226773 -0.11923 107.154
-0.223215 -0.973727 -0.0450638 26.7208 -0.139324 -0.0138855 0.990148 106.232 -0.964762 0.227295 -0.132565 107.034
-0.226454 -0.972868 -0.0473898 26.6756 -0.155248 -0.0119804 0.987802 107.421 -0.96157 0.23105 -0.148323 106.865
-0.225254 -0.973171 -0.0468988 26.6128 -0.172353 -0.00757583 0.985005 108.631 -0.958935 0.22996 -0.166022 106.674
-0.224607 -0.973239 -0.0485647 26.5619 -0.188046 -0.00561136 0.982143 109.813 -0.956134 0.229729 -0.181753 106.473
-0.221675 -0.973616 -0.0541413 26.517 -0.206529 -0.00738503 0.978411 111.024 -0.952999 0.228072 -0.199443 106.251
-0.219841 -0.973692 -0.0599417 26.4413 -0.223017 -0.0096549 0.974766 112.226 -0.949702 0.227662 -0.215027 106.004
-0.218363 -0.973704 -0.0649437 26.3685 -0.240368 -0.0108332 0.97062 113.427 -0.945802 0.227558 -0.231683 105.742
-0.214279 -0.974401 -0.0680226 26.2913 -0.25906 -0.010453 0.965803 114.658 -0.941793 0.224574 -0.250189 105.458
-0.210772 -0.974882 -0.0719704 26.2004 -0.27528 -0.011451 0.961294 115.87 -0.937975 0.222427 -0.265953 105.13
-0.20842 -0.975058 -0.0763117 26.1167 -0.291837 -0.0124699 0.956385 117.105 -0.933484 0.221601 -0.28196 104.79
-0.205623 -0.975462 -0.0786926 26.0131 -0.309309 -0.0115095 0.95089 118.318 -0.928465 0.219866 -0.299353 104.427
-0.20193 -0.975819 -0.0836745 25.9096 -0.325774 -0.0136479 0.945348 119.501 -0.923632 0.218154 -0.315141 104.05
-0.200214 -0.975485 -0.0913427 25.7755 -0.34443 -0.0172013 0.938653 120.736 -0.917215 0.219393 -0.332543 103.625
-0.198488 -0.975394 -0.095964 25.6611 -0.360382 -0.0184198 0.932621 121.932 -0.911443 0.219699 -0.347859 103.21
-0.195004 -0.9757 -0.0999185 25.5457 -0.377597 -0.0193384 0.925767 123.101 -0.905204 0.218258 -0.364651 102.769
-0.190548 -0.976521 -0.10049 25.4432 -0.39612 -0.0171769 0.918037 124.275 -0.89821 0.214736 -0.383547 102.294
-0.185823 -0.977235 -0.102381 25.3158 -0.414102 -0.0166027 0.910078 125.444 -0.891061 0.21151 -0.40159 101.807
-0.180912 -0.977514 -0.108338 25.1895 -0.433264 -0.0196782 0.901051 126.594 -0.882924 0.209951 -0.419962 101.294
-0.175067 -0.977725 -0.115786 25.0428 -0.453623 -0.0242758 0.890862 127.734 -0.87383 0.208484 -0.439269 100.76
-0.170355 -0.97797 -0.120639 24.9042 -0.474203 -0.0259558 0.880031 128.877 -0.863778 0.207126 -0.459335 100.2
-0.166033 -0.978184 -0.124856 24.758 -0.496002 -0.0265911 0.867913 129.981 -0.8523 0.206032 -0.480767 99.6082
-0.158935 -0.978855 -0.128779 24.598 -0.518333 -0.0282853 0.85471 131.092 -0.84028 0.202594 -0.502878 98.9904
-0.153744 -0.979334 -0.131411 24.4191 -0.539984 -0.0281053 0.841204 132.19 -0.827514 0.20029 -0.524505 98.33
-0.150574 -0.979448 -0.134202 24.2728 -0.561796 -0.0269242 0.826836 133.266 -0.813457 0.199895 -0.546197 97.6526
-0.15085 -0.978822 -0.138391 24.1017 -0.581555 -0.0253361 0.813111 134.332 -0.799399 0.20314 -0.565418 96.944
-0.148382 -0.97817 -0.145486 23.9186 -0.601329 -0.0275494 0.798525 135.365 -0.785103 0.205972 -0.584115 96.195
-0.143444 -0.978489 -0.14827 23.721 -0.621773 -0.0274538 0.782714 136.371 -0.769949 0.204466 -0.604461 95.4367
-0.138858 -0.979186 -0.148034 23.5267 -0.64061 -0.0251794 0.767452 137.371 -0.755207 0.201399 -0.623781 94.6654
-0.136548 -0.978875 -0.152179 23.3542 -0.659126 -0.0249043 0.751618 138.34 -0.739532 0.202937 -0.641802 93.8532
-0.13226 -0.978759 -0.156648 23.1642 -0.676499 -0.0263746 0.73597 139.295 -0.72447 0.203312 -0.658642 93.0243
-0.129554 -0.979098 -0.156789 22.9669 -0.691392 -0.0241458 0.722075 140.229 -0.710769 0.201951 -0.673814 92.1745
-0.12504 -0.9793 -0.159173 22.804 -0.706298 -0.0248095 0.707478 141.129 -0.696783 0.200888 -0.688577 91.3187
-0.12233 -0.979451 -0.160352 22.5757 -0.719644 -0.0237282 0.693936 142.038 -0.683482 0.200286 -0.701954 90.4371
-0.117623 -0.97962 -0.162817 22.3719 -0.732044 -0.0252535 0.680787 142.923 -0.671026 0.199266 -0.714156 89.5347
-0.113259 -0.979647 -0.165728 22.1625 -0.74434 -0.0268269 0.66726 143.781 -0.658126 0.198932 -0.726153 88.6265
-0.1109 -0.979655 -0.167265 21.944 -0.754233 -0.0266341 0.656065 144.657 -0.647173 0.198915 -0.735936 87.6731
-0.108096 -0.979622 -0.16928 21.7101 -0.764491 -0.026939 0.644069 145.516 -0.635506 0.199035 -0.746002 86.72
-0.10218 -0.979499 -0.173616 21.4808 -0.774315 -0.0312507 0.632027 146.337 -0.624496 0.199014 -0.755248 85.7579
-0.0981981 -0.979132 -0.177925 21.2654 -0.781978 -0.0346647 0.622339 147.158 -0.615521 0.200247 -0.762257 84.7847
-0.0961253 -0.978958 -0.180005 21.0488 -0.789641 -0.0350987 0.612563 147.956 -0.605993 0.201023 -0.769652 83.7879
-0.0966398 -0.978515 -0.182128 20.8316 -0.796261 -0.0337823 0.604007 148.737 -0.597184 0.203393 -0.775889 82.7671
-0.0990644 -0.978685 -0.179898 20.5965 -0.79957 -0.0293292 0.599855 149.508 -0.592346 0.203266 -0.779622 81.7598
-0.0989217 -0.978557 -0.180668 20.3737 -0.803773 -0.028462 0.594253 150.271 -0.586654 0.204001 -0.783724 80.7458
-0.0978502 -0.978357 -0.182327 20.1266 -0.807404 -0.0290662 0.589281 151.044 -0.581828 0.204873 -0.787087 79.7291
-0.0924946 -0.978108 -0.186416 19.8893 -0.809572 -0.0351214 0.585967 151.819 -0.579687 0.205116 -0.788602 78.7202
-0.0875944 -0.978086 -0.18888 19.651 -0.814065 -0.0389955 0.57946 152.576 -0.574129 0.204519 -0.792812 77.672
-0.0812445 -0.978897 -0.187513 19.4092 -0.816374 -0.0425711 0.575951 153.348 -0.571781 0.199874 -0.795688 76.6294
-0.0769799 -0.979442 -0.186462 19.1697 -0.818305 -0.0447769 0.573035 154.1 -0.569605 0.196696 -0.798037 75.6086
-0.0759258 -0.979493 -0.186625 18.9406 -0.82043 -0.0450024 0.569972 154.841 -0.566683 0.196389 -0.80019 74.5861
-0.0749938 -0.979678 -0.18603 18.6886 -0.820296 -0.0454676 0.570127 155.587 -0.567001 0.195356 -0.800217 73.5616
-0.0759403 -0.980058 -0.183632 18.4681 -0.820324 -0.043285 0.570257 156.308 -0.566834 0.193944 -0.800679 72.4654
-0.0754974 -0.980259 -0.182735 18.2319 -0.820374 -0.04311 0.570197 157.04 -0.56682 0.19296 -0.800927 71.4428
-0.077212 -0.9801 -0.182872 17.9793 -0.819062 -0.0422286 0.572147 157.77 -0.568485 0.193961 -0.799504 70.3929
-0.0780868 -0.979888 -0.183635 17.7426 -0.819017 -0.0419712 0.572231 158.501 -0.568431 0.195084 -0.799269 69.3619
-0.0789114 -0.979936 -0.18303 17.5191 -0.816037 -0.0419588 0.576472 159.256 -0.572587 0.19485 -0.796354 68.3392
-0.0787671 -0.979965 -0.182932 17.2723 -0.814006 -0.0427084 0.579282 159.999 -0.575491 0.194537 -0.794335 67.3286
-0.0800547 -0.97969 -0.183843 17.0304 -0.812478 -0.0427159 0.581423 160.733 -0.577469 0.195915 -0.792558 66.3224
-0.0822607 -0.979584 -0.183434 16.7934 -0.807734 -0.0422828 0.588027 161.497 -0.58378 0.196538 -0.787767 65.3297
-0.0830065 -0.979567 -0.183193 16.5606 -0.803356 -0.0430012 0.593943 162.256 -0.589686 0.196471 -0.783372 64.3417
-0.0852785 -0.979277 -0.183695 16.3317 -0.799634 -0.0427204 0.598965 163.006 -0.594401 0.197968 -0.779421 63.3366
-0.0887262 -0.979338 -0.18173 16.1042 -0.79278 -0.0410215 0.608124 163.796 -0.603015 0.198029 -0.772761 62.3611
-0.0921085 -0.979023 -0.181744 15.896 -0.786816 -0.0403032 0.615868 164.573 -0.610275 0.199726 -0.7666 61.383
-0.0983964 -0.978435 -0.181616 15.6281 -0.781094 -0.0371469 0.623306 165.367 -0.616612 0.203191 -0.760595 60.4101
-0.102679 -0.97835 -0.179689 15.404 -0.772519 -0.0353675 0.634004 166.17 -0.626635 0.203912 -0.752164 59.4554
-0.102991 -0.978715 -0.177511 15.2229 -0.764443 -0.0363008 0.643667 166.98 -0.636412 0.20199 -0.744434 58.4837
-0.106624 -0.978447 -0.176841 15.0267 -0.754615 -0.0361802 0.655168 167.803 -0.647447 0.203304 -0.734494 57.5508
-0.11056 -0.977975 -0.177038 14.7866 -0.745075 -0.0363303 0.665988 168.649 -0.657753 0.205539 -0.724649 56.6164
-0.112383 -0.978048 -0.175479 14.5809 -0.735622 -0.0368293 0.676389 169.516 -0.668005 0.205101 -0.715336 55.6798
-0.114524 -0.978117 -0.1737 14.3835 -0.724946 -0.0372615 0.687795 170.375 -0.679218 0.204693 -0.704816 54.7884
-0.119223 -0.977688 -0.17295 14.1685 -0.713959 -0.0366286 0.699227 171.254 -0.689963 0.206844 -0.693664 53.9001
-0.121533 -0.977541 -0.172171 13.9742 -0.703231 -0.037614 0.709964 172.149 -0.700497 0.207361 -0.682867 53.0193
-0.119531 -0.977791 -0.172152 13.7947 -0.694234 -0.0416411 0.718542 172.999 -0.709755 0.205403 -0.67384 52.17
-0.125799 -0.977116 -0.171518 13.5621 -0.681734 -0.0404552 0.730479 173.899 -0.720704 0.208824 -0.661046 51.35
-0.13006 -0.9769 -0.169562 13.3676 -0.667815 -0.0400968 0.743245 174.824 -0.732877 0.209903 -0.647174 50.5173
-0.134621 -0.976693 -0.167179 13.1837 -0.652408 -0.0396217 0.75683 175.747 -0.745816 0.210955 -0.631869 49.7209
-0.139459 -0.976335 -0.165293 12.9871 -0.637265 -0.0392733 0.769642 176.7 -0.757921 0.21267 -0.616708 48.9382
-0.148207 -0.975382 -0.163295 12.7794 -0.622302 -0.0363505 0.781931 177.614 -0.768619 0.217507 -0.601596 48.2104
-0.152616 -0.975115 -0.160808 12.5959 -0.605417 -0.036363 0.795076 178.58 -0.78114 0.218698 -0.584803 47.4791
-0.158974 -0.97433 -0.159398 12.4077 -0.587475 -0.036402 0.808422 179.584 -0.793474 0.222161 -0.566609 46.7504
-0.165798 -0.973563 -0.157119 12.2265 -0.568009 -0.0359647 0.822235 180.569 -0.80615 0.22557 -0.54703 46.0918
-0.17128 -0.973344 -0.15253 12.0483 -0.546791 -0.0348733 0.836541 181.572 -0.819563 0.226686 -0.526244 45.4321
-0.176095 -0.973257 -0.147517 11.8712 -0.52495 -0.0339229 0.850456 182.602 -0.832718 0.2272 -0.504938 44.7922
-0.180498 -0.973072 -0.143361 11.7041 -0.503185 -0.0338825 0.863513 183.612 -0.845119 0.228 -0.48352 44.2254
-0.185632 -0.972692 -0.139322 11.5395 -0.479898 -0.0339825 0.876665 184.661 -0.857461 0.229598 -0.460485 43.6551
-0.18998 -0.972531 -0.134502 11.3807 -0.455709 -0.0339952 0.889478 185.691 -0.86962 0.230278 -0.436733 43.141
-0.194042 -0.972364 -0.129827 11.2366 -0.431782 -0.0341778 0.901329 186.744 -0.88086 0.230953 -0.413218 42.6456
-0.19386 -0.973158 -0.124026 11.1097 -0.406863 -0.0352845 0.912806 187.844 -0.892683 0.227419 -0.389102 42.1645
-0.197613 -0.973021 -0.119077 10.9805 -0.381889 -0.0354613 0.923526 188.912 -0.902835 0.227976 -0.364579 41.7321
-0.203326 -0.972361 -0.114768 10.8437 -0.355972 -0.0357825 0.93381 190.013 -0.91211 0.230722 -0.338858 41.3228
-0.208281 -0.971959 -0.109158 10.6954 -0.332358 -0.0346313 0.942516 191.02 -0.919869 0.232588 -0.315825 40.9369
-0.212228 -0.971868 -0.102134 10.5931 -0.303596 -0.0337707 0.952201 192.132 -0.928865 0.233092 -0.287888 40.5952
-0.212837 -0.972154 -0.098063 10.4799 -0.276714 -0.0362818 0.960266 193.198 -0.937087 0.231516 -0.261287 40.2843
-0.214996 -0.972539 -0.0891316 10.3763 -0.248213 -0.0338543 0.968113 194.279 -0.944547 0.230265 -0.234119 40.0247
-0.21898 -0.972137 -0.083647 10.2708 -0.21689 -0.0350861 0.975564 195.422 -0.951319 0.231772 -0.203164 39.7714
-0.221544 -0.972081 -0.0773028 10.1987 -0.18435 -0.0360928 0.982197 196.597 -0.957568 0.231851 -0.171207 39.5333
-0.224132 -0.972115 -0.0689785 10.128 -0.150789 -0.035335 0.987933 197.732 -0.962824 0.231829 -0.138664 39.3684
-0.226675 -0.972018 -0.061643 10.0757 -0.116766 -0.0357133 0.992516 198.893 -0.966947 0.232177 -0.105403 39.227
-0.232092 -0.971092 -0.0557971 10.0239 -0.0855651 -0.0367583 0.995653 200.063 -0.968924 0.235858 -0.0745599 39.1238
-0.234019 -0.971048 -0.0479551 9.96924 -0.0510158 -0.0369922 0.998012 201.225 -0.970894 0.236001 -0.0408815 39.0592
-0.239302 -0.970081 -0.0409612 9.91102 -0.0163465 -0.0381558 0.999137 202.408 -0.970809 0.239765 -0.00672618 39.0317
-0.240915 -0.969977 -0.033247 9.8713 0.0189511 -0.0389509 0.99906 203.56 -0.970362 0.240059 0.0277666 39.0504
-0.24333 -0.969608 -0.0255014 9.84484 0.0542989 -0.0398677 0.997728 204.721 -0.968424 0.241393 0.0623503 39.1001
-0.245817 -0.969152 -0.0178447 9.83982 0.0897519 -0.0410877 0.995115 205.898 -0.965153 0.243015 0.097084 39.195
-0.248281 -0.968659 -0.00752723 9.83621 0.123366 -0.0393258 0.991581 207.053 -0.960802 0.245263 0.129264 39.3232
-0.251976 -0.967733 0.00087318 9.82262 0.157183 -0.0400365 0.986757 208.2 -0.954884 0.248776 0.1622 39.5009
-0.251512 -0.967802 0.0100887 9.83964 0.192211 -0.0397302 0.980548 209.353 -0.948577 0.248559 0.196016 39.7156
-0.252477 -0.967474 0.0158143 9.8623 0.223082 -0.0422977 0.973881 210.482 -0.941537 0.249411 0.226506 39.9575
-0.251945 -0.967451 0.0237127 9.8919 0.255301 -0.0428108 0.965912 211.621 -0.93346 0.249411 0.257778 40.2448
-0.249131 -0.967968 0.0311733 9.95129 0.28713 -0.0430826 0.956921 212.717 -0.924928 0.24735 0.288667 40.5608
-0.250992 -0.9672 0.0390873 9.99654 0.318003 -0.0442497 0.947056 213.841 -0.914264 0.250134 0.31868 40.9215
-0.252517 -0.966528 0.0453819 10.0462 0.347288 -0.0467572 0.936591 214.947 -0.903121 0.252267 0.347472 41.3173
-0.253407 -0.96597 0.0518314 10.1049 0.376102 -0.0490164 0.92528 216.027 -0.891254 0.253967 0.375725 41.7338
-0.252778 -0.965676 0.0597824 10.1787 0.404176 -0.0492553 0.913353 217.102 -0.87906 0.255039 0.402755 42.1921
-0.253889 -0.964947 0.0664622 10.27 0.430002 -0.0510545 0.901382 218.146 -0.866395 0.25743 0.427893 42.6755
-0.252651 -0.964771 0.0733851 10.3685 0.455301 -0.0516234 0.888839 219.209 -0.853739 0.257979 0.452305 43.1895
-0.25489 -0.963605 0.0806057 10.4685 0.482034 -0.0543572 0.874464 220.254 -0.838257 0.261747 0.478347 43.7412
-0.25458 -0.963155 0.0867274 10.5834 0.507361 -0.0566781 0.859867 221.263 -0.823271 0.262907 0.503098 44.3115
-0.255364 -0.962311 0.0935233 10.7092 0.530172 -0.0584824 0.84587 222.265 -0.808522 0.265589 0.525126 44.925
-0.253699 -0.962021 0.100761 10.8395 0.554968 -0.0594468 0.829744 223.257 -0.792242 0.266425 0.548974 45.5581
-0.251496 -0.961847 0.107706 10.9773 0.579808 -0.0606217 0.812494 224.226 -0.774966 0.266789 0.572934 46.2209
-0.24999 -0.961364 0.115259 11.1209 0.603788 -0.0617236 0.794751 225.177 -0.756932 0.268273 0.595892 46.9284
-0.248206 -0.960749 0.123918 11.2812 0.627443 -0.0619837 0.77619 226.133 -0.738044 0.270407 0.618202 47.6749
-0.245717 -0.960151 0.133162 11.4242 0.650368 -0.0614338 0.75713 227.05 -0.71878 0.272644 0.639549 48.4296
-0.243789 -0.95937 0.142038 11.6159 0.672823 -0.0618265 0.737214 227.949 -0.698481 0.275292 0.660561 49.2297
-0.240251 -0.959291 0.148458 11.8046 0.695141 -0.0632765 0.716082 228.809 -0.677538 0.27524 0.682047 50.0454
-0.23865 -0.958749 0.154423 12.0012 0.714893 -0.0658268 0.696127 229.635 -0.657247 0.276527 0.701115 50.8827
-0.234872 -0.958621 0.160877 12.1913 0.733417 -0.0661556 0.676551 230.454 -0.637914 0.276893 0.718608 51.7447
-0.230114 -0.95874 0.166926 12.3987 0.750946 -0.0658372 0.657073 231.257 -0.618973 0.276555 0.735114 52.6197
-0.228038 -0.958275 0.172358 12.603 0.766111 -0.0673472 0.639168 232.031 -0.600892 0.2778 0.749505 53.5272
-0.225919 -0.958329 0.17483 12.8199 0.779764 -0.0703309 0.62211 232.807 -0.583891 0.276874 0.763161 54.4684
-0.223741 -0.958122 0.178725 13.0377 0.793254 -0.0724683 0.604561 233.555 -0.566292 0.277039 0.77625 55.4087
-0.224421 -0.957639 0.180454 13.2609 0.804351 -0.0774944 0.589077 234.288 -0.55014 0.27735 0.787671 56.376
-0.223477 -0.957059 0.184653 13.4832 0.815914 -0.0800413 0.572605 234.987 -0.533238 0.278626 0.798767 57.3413
-0.220861 -0.95666 0.189796 13.724 0.827427 -0.0807714 0.555733 235.678 -0.516318 0.279783 0.809407 58.3278
-0.219263 -0.956312 0.193366 13.9665 0.83773 -0.0829379 0.539749 236.343 -0.500132 0.280336 0.819318 59.3505
-0.216437 -0.956481 0.195703 14.2216 0.84792 -0.0848013 0.523296 237.015 -0.483928 0.279201 0.829375 60.391
-0.214567 -0.956556 0.197385 14.4676 0.85751 -0.0877457 0.506928 237.613 -0.467586 0.27803 0.839086 61.4033
-0.213206 -0.95588 0.202079 14.7177 0.866722 -0.0895872 0.490678 238.242 -0.450926 0.279763 0.847585 62.4676
-0.210984 -0.955035 0.208311 14.9569 0.875734 -0.0900051 0.474329 238.835 -0.434252 0.282501 0.855348 63.5186
-0.208309 -0.954668 0.212643 15.239 0.883381 -0.090323 0.459868 239.412 -0.419815 0.28364 0.862152 64.5817
-0.204533 -0.954763 0.215858 15.5083 0.891131 -0.090372 0.444653 239.974 -0.405031 0.283305 0.869305 65.6681
-0.201375 -0.954875 0.218317 15.7942 0.899056 -0.0917213 0.428116 240.517 -0.388773 0.282492 0.876958 66.7685
-0.199121 -0.954228 0.22316 16.1001 0.906479 -0.0928232 0.411921 241.086 -0.372352 0.284312 0.883472 67.9105
-0.196893 -0.953812 0.226882 16.4053 0.913294 -0.0942765 0.396238 241.6 -0.356548 0.285227 0.889675 69.0306
-0.197569 -0.952514 0.231695 16.6837 0.918989 -0.0977 0.381983 242.087 -0.341208 0.288394 0.894655 70.155
-0.195756 -0.952175 0.234609 16.9979 0.924229 -0.0991568 0.368737 242.573 -0.327839 0.289016 0.899441 71.315
-0.194119 -0.951515 0.238614 17.319 0.929991 -0.101104 0.353403 243.042 -0.312144 0.290512 0.904528 72.4812
-0.19363 -0.95083 0.241721 17.6226 0.934173 -0.103421 0.341502 243.494 -0.299711 0.291935 0.908267 73.6524
-0.192984 -0.950874 0.242065 17.9629 0.937243 -0.105626 0.332291 243.961 -0.290398 0.291001 0.911586 74.8592
-0.190932 -0.951252 0.242209 18.2682 0.940119 -0.106234 0.323866 244.377 -0.282348 0.289542 0.914575 76.048
-0.190459 -0.951311 0.242351 18.6045 0.941594 -0.107188 0.319233 244.804 -0.277713 0.288997 0.916165 77.2709
-0.190452 -0.951112 0.243134 18.9138 0.943271 -0.108683 0.313729 245.206 -0.271967 0.289093 0.917857 78.4636
-0.190202 -0.95115 0.24318 19.2353 0.944643 -0.109858 0.309159 245.612 -0.267341 0.288522 0.919395 79.6707
-0.191816 -0.950996 0.242514 19.5383 0.945158 -0.11244 0.306646 246.03 -0.264351 0.288034 0.920411 80.8906
-0.192746 -0.950772 0.242655 19.8521 0.946518 -0.11494 0.301482 246.423 -0.25875 0.287787 0.922079 82.1115
-0.192186 -0.950463 0.244305 20.2009 0.948028 -0.115485 0.296488 246.838 -0.253587 0.28859 0.923262 83.3382
-0.192024 -0.950611 0.243858 20.5359 0.948827 -0.116353 0.293578 247.246 -0.250705 0.287754 0.924309 84.5818
-0.188024 -0.951426 0.243794 20.8883 0.950569 -0.113829 0.288895 247.639 -0.247112 0.286062 0.925801 85.8188
-0.187186 -0.951377 0.244632 21.2395 0.951699 -0.113939 0.285105 248.013 -0.243369 0.286184 0.926754 87.0563
-0.186582 -0.951275 0.245489 21.5807 0.952593 -0.114052 0.282059 248.398 -0.240317 0.286478 0.927459 88.304
-0.183448 -0.951792 0.245845 21.9107 0.953756 -0.111754 0.279033 248.761 -0.238107 0.285665 0.92828 89.5225
-0.179966 -0.952204 0.246821 22.2941 0.954344 -0.108201 0.278421 249.133 -0.238407 0.285659 0.928205 90.7774
-0.179843 -0.95211 0.247271 22.6187 0.954615 -0.108255 0.27747 249.498 -0.237414 0.28595 0.928369 92.0009
-0.180251 -0.95215 0.246821 22.9414 0.95462 -0.108858 0.277215 249.861 -0.237082 0.285589 0.928565 93.2317
-0.178044 -0.951991 0.249026 23.2777 0.954944 -0.106092 0.277174 250.241 -0.237448 0.287156 0.927989 94.4864
-0.178585 -0.951398 0.250897 23.6364 0.955022 -0.106258 0.276842 250.591 -0.236727 0.289052 0.927584 95.6887
-0.174104 -0.952236 0.25087 24.0019 0.955189 -0.10138 0.278091 250.957 -0.239375 0.288046 0.927217 96.9033
-0.171884 -0.952663 0.25078 24.3808 0.955237 -0.0989574 0.278798 251.34 -0.240784 0.287475 0.927029 98.1486
-0.172355 -0.952873 0.249655 24.717 0.955207 -0.0997819 0.278606 251.694 -0.240565 0.286492 0.927391 99.3539
-0.175589 -0.952711 0.248013 25.0439 0.954996 -0.103664 0.27791 252.071 -0.239059 0.28565 0.92804 100.601
-0.178049 -0.952489 0.247114 25.3914 0.954469 -0.106085 0.278808 252.451 -0.239346 0.285504 0.92801 101.859
-0.178034 -0.952229 0.248123 25.7482 0.954376 -0.105662 0.279287 252.806 -0.239729 0.286525 0.927597 103.063
-0.178718 -0.951668 0.24978 26.0924 0.954095 -0.105615 0.280263 253.197 -0.240336 0.288402 0.926858 104.332
-0.178683 -0.951725 0.249587 26.4274 0.95412 -0.105662 0.28016 253.569 -0.240264 0.288196 0.926941 105.55
-0.177609 -0.952336 0.248017 26.7661 0.954156 -0.104948 0.280306 253.942 -0.240917 0.286433 0.927318 106.8
-0.177003 -0.95283 0.246549 27.1254 0.954036 -0.104553 0.280859 254.327 -0.241833 0.28493 0.927542 108.076
-0.176945 -0.953322 0.244682 27.4433 0.953712 -0.104659 0.281919 254.699 -0.243152 0.283241 0.927714 109.302
-0.179949 -0.952842 0.244358 27.7698 0.953318 -0.107691 0.28211 255.077 -0.242491 0.283717 0.927742 110.553
-0.180466 -0.952796 0.244156 28.0899 0.952886 -0.107832 0.283513 255.457 -0.243802 0.283818 0.927367 111.833
