1 0 0 0 0 1 0 0 0 0 1 0
<<<<<<< HEAD
0.940539 0.31061 -0.137505 -0.159316 0.308278 -0.950517 -0.0384899 -0.597415 -0.142656 -0.00618859 -0.989753 -1.91972
0.999996 -0.00262959 0.00119684 -0.310278 0.00261567 0.99993 0.0115204 -0.0511358 -0.00122707 -0.0115173 0.999933 0.282663
0.942371 0.298522 -0.151067 -0.616556 0.296937 -0.95431 -0.0334765 -0.546421 -0.154158 -0.01331 -0.987956 -2.39887
0.999964 -0.00316228 0.00793693 -0.591784 0.00300063 0.999789 0.0203075 -0.0469732 -0.00799949 -0.020283 0.999762 0.172455
0.960584 0.260777 -0.0962984 -1.07369 0.259228 -0.965396 -0.0284787 -0.527325 -0.100393 0.00239289 -0.994945 -1.86469
0.999894 -0.00390352 0.0139896 -0.757578 0.00346292 0.999501 0.0313861 -0.052164 -0.0141051 -0.0313343 0.999409 1.06234
0.990162 0.124854 -0.0631779 -0.922628 0.123025 -0.991886 -0.0320586 -0.0342244 -0.0666679 0.0239707 -0.997487 -1.91001
0.994076 -0.107141 0.0182584 -0.818003 0.107467 0.994047 -0.01795 -0.536411 -0.0162265 0.0198059 0.999672 0.0661477
0.994529 0.10278 -0.018635 -0.922445 0.102312 -0.99445 -0.0245036 0.246536 -0.02105 0.022463 -0.999526 -1.15473
0.99109 -0.126296 -0.0423191 -0.900141 0.126914 0.991838 0.0122498 -0.949904 0.0404266 -0.0175116 0.999029 -0.431313
0.988422 0.116106 -0.0976835 -1.42608 0.113498 -0.993027 -0.0318652 0.0370455 -0.100702 0.0204094 -0.994707 -0.913349
0.985264 -0.138334 -0.100594 -0.930749 0.141228 0.989728 0.0222072 -0.868345 0.0964886 -0.0360867 0.99468 -0.440048
0.993975 0.104723 0.0323675 -1.18978 0.105745 -0.99389 -0.0316416 0.198801 0.0288561 0.0348736 -0.998975 0.610362
0.98588 -0.131787 -0.103307 -1.08063 0.135089 0.990502 0.0256129 -0.668439 0.0989506 -0.0392069 0.994319 -0.123043
0.99183 0.113079 0.059048 -1.3042 0.114282 -0.993296 -0.0173963 0.172445 0.056685 0.0240023 -0.998103 0.90234
0.967825 -0.131419 -0.214581 -1.17867 0.122929 0.991026 -0.0525013 -0.45537 0.219555 0.0244337 0.975294 -0.224628
0.990507 0.117996 0.0705221 -1.37279 0.115397 -0.992519 0.0398766 0.167654 0.0746998 -0.03136 -0.996713 0.131068
0.979118 -0.120659 -0.163617 -1.22031 0.113956 0.992237 -0.0497904 -0.716004 0.168354 0.0301056 0.985267 -0.965348
0.990363 0.116252 0.0752745 -1.51733 0.113207 -0.992616 0.0435541 0.147943 0.079782 -0.0346128 -0.996211 0.515586
0.987884 -0.104649 -0.114606 -1.2239 0.0960277 0.992291 -0.0783357 -0.873013 0.121921 0.0663812 0.990317 -1.31589
0.966514 0.103239 0.234932 -1.47243 0.0921285 -0.994067 0.0578154 0.196346 0.239507 -0.0342355 -0.970291 0.46435
0.981688 -0.102276 -0.160715 -0.527491 0.0932102 0.993652 -0.0629879 -0.699054 0.166137 0.0468541 0.984989 -2.24777
0.979582 0.04156 0.196701 -1.03781 0.0269917 -0.996729 0.076174 0.077538 0.199224 -0.0693094 -0.9775 0.183557
0.987015 -0.0290788 -0.157974 -0.76186 0.0143031 0.995481 -0.0938767 -0.582843 0.15999 0.0903981 0.982971 -2.33596
0.962485 0.00944206 0.271171 -1.14602 -0.015028 -0.996005 0.0880205 0.0848267 0.270919 -0.0887936 -0.958498 -0.514342
0.986991 0.00424623 -0.160723 -0.732882 -0.0192768 0.995565 -0.0920757 -0.547256 0.159619 0.093976 0.982695 -2.33444
0.969498 0.00530614 0.245045 -1.16402 -0.0197788 -0.994811 0.0997947 -0.060247 0.244303 -0.101597 -0.964362 0.0253503
0.958001 0.0063773 -0.286695 0.0591313 -0.0354043 0.994734 -0.0961782 -0.683837 0.284571 0.102289 0.953182 -2.48941
0.914457 -0.016539 0.404345 -0.817759 -0.0594788 -0.993806 0.0938664 0.0540413 0.400288 -0.109887 -0.909777 0.33555
0.96404 -0.010786 -0.265539 0.307033 -0.0252079 0.99096 -0.131769 -0.518177 0.26456 0.133724 0.955053 -2.48387
0.930624 0.00964685 0.365851 -0.349346 -0.0492757 -0.987247 0.151376 -0.0248936 0.362646 -0.158901 -0.91828 0.104694
0.98024 -0.0159556 -0.197168 0.458593 -0.012121 0.990024 -0.140378 -0.727534 0.19744 0.139994 0.970267 -2.03589
0.945294 -0.0107517 0.326042 -0.0950729 -0.0593358 -0.988452 0.139437 0.0434736 0.320777 -0.151155 -0.935015 0.198576
0.978608 0.00220256 -0.205725 0.48393 -0.0273066 0.992486 -0.119268 -0.829759 0.203916 0.122335 0.971315 -1.80095
0.959715 -0.0199621 0.280265 -0.0190384 -0.054285 -0.991853 0.115244 0.14434 0.275681 -0.125816 -0.95298 0.342181
0.985626 -0.0402776 -0.164072 0.469243 0.0346515 0.998714 -0.037011 -1.00874 0.165352 0.0307937 0.985754 -1.73303
0.912793 -0.0340592 0.406999 0.0138406 -0.0380032 -0.999276 0.00160845 0.446618 0.40665 -0.0169355 -0.913427 0.359454
0.995959 2.79378e-05 -0.0898134 0.512987 0.006204 0.99759 0.0691069 -1.2204 0.0895988 -0.0693848 0.993558 -0.914815
0.878956 -0.0287074 0.476039 0.2125 0.00647269 -0.997377 -0.0720975 0.467702 0.476859 0.0664517 -0.876464 0.963411
0.999998 0.00180837 0.00103071 0.903914 -0.00186672 0.998207 0.0598256 -1.18153 -0.000920762 -0.0598274 0.998208 -1.08523
0.880074 -0.0140576 0.474629 0.699021 0.0152118 -0.998214 -0.0577713 0.211713 0.474594 0.0580629 -0.878288 0.968761
0.999061 0.024159 -0.0359832 1.47097 -0.0221072 0.998165 0.0563656 -0.974896 0.0372788 -0.0555172 0.997761 -0.714069
0.903223 -0.0238706 0.428507 1.31295 -0.0024227 -0.99872 -0.0505282 0.235835 0.429164 0.0446 -0.902124 0.649642
0.996167 0.0436116 0.075822 1.9268 -0.0467139 0.998122 0.039636 -0.82425 -0.073951 -0.043026 0.996333 -0.528704
0.883921 -0.0181461 0.467284 1.8637 -0.00897098 -0.999721 -0.0218524 0.116515 0.467549 0.0151238 -0.883837 1.48395
0.998886 0.0278948 0.038065 2.23414 -0.0287459 0.999345 0.0220006 -0.937286 -0.0374263 -0.0230703 0.999033 -0.151729
0.922728 -0.0430682 0.383039 2.4995 -0.0312864 -0.998828 -0.0369382 0.418235 0.384181 0.0221 -0.922993 1.12612
0.999437 -0.000259015 0.0335476 3.69968 -0.00085022 0.999453 0.0330484 -1.23229 -0.0335378 -0.0330583 0.99889 -0.352998
0.93831 -0.0440635 0.342978 3.67757 -0.0359443 -0.998904 -0.0299967 0.435012 0.343924 0.0158181 -0.938864 1.95617
0.998593 -0.0123363 0.0515735 4.2773 0.0119585 0.999899 0.00762796 -1.301 -0.0516624 -0.00700048 0.99864 -0.616986
0.974818 -0.0586554 0.215149 4.6216 -0.055024 -0.998224 -0.0228341 0.251377 0.216106 0.0104207 -0.976314 2.16402
0.999828 -0.0043539 -0.018048 5.26427 0.0047377 0.999763 0.0212739 -1.38572 0.0179511 -0.0213558 0.99961 -0.807037
0.97321 -0.0820693 0.214773 5.07236 -0.0731249 -0.996105 -0.0492783 0.501809 0.21798 0.0322529 -0.97542 1.94648
0.999872 -0.0105249 -0.0120605 5.38561 0.0109802 0.999205 0.0383295 -1.56274 0.0116475 -0.038457 0.999192 -1.04397
0.983473 -0.0904514 0.156844 4.90588 -0.0860023 -0.995682 -0.0349382 0.512975 0.159327 0.0208719 -0.987005 2.23512
0.999607 -0.00883894 -0.0266142 4.56848 0.00929588 0.999811 0.0170924 -1.32137 0.0264581 -0.017333 0.999499 -1.24876
0.982691 -0.108212 0.150363 3.86661 -0.103125 -0.993813 -0.0412517 0.611376 0.153897 0.0250314 -0.98777 2.08352
0.997219 0.0211088 -0.0714847 4.26923 -0.0188913 0.999323 0.0315553 -0.920924 0.0721024 -0.0301171 0.996942 -1.41409
0.986883 -0.130052 0.0956533 4.39545 -0.128213 -0.991427 -0.0251592 0.913541 0.0981053 0.0125652 -0.995096 2.06829
0.999524 0.0308376 0.00139941 4.54865 -0.0308602 0.999302 0.0210536 -0.853875 -0.000749163 -0.0210868 0.999777 -0.864709
0.980828 -0.117947 0.155133 4.42712 -0.116826 -0.993018 -0.0163547 0.763759 0.155978 -0.00208242 -0.987758 1.62029
0.996099 0.0628834 -0.0619061 4.63791 -0.0636237 0.997923 -0.0100596 -0.523138 0.061145 0.0139591 0.998031 -0.567283
0.984989 -0.115073 0.128667 4.45258 -0.116934 -0.993115 0.0069741 0.825274 0.126978 -0.0219149 -0.991663 1.24051
0.997691 0.0679176 -0.00102077 3.83559 -0.0679209 0.997345 -0.0262511 -0.303127 -0.000764788 0.0262598 0.999655 -1.15219
0.99027 -0.112537 0.0818585 3.95714 -0.115502 -0.992778 0.032411 0.863181 0.0776199 -0.0415504 -0.996116 0.591677
0.996886 0.0589197 0.0524176 4.1291 -0.0573741 0.997886 -0.0305161 -0.302913 -0.0541046 0.0274137 0.998159 -0.871039
0.991801 -0.104661 0.0733302 4.01706 -0.106601 -0.994035 0.0230503 0.911602 0.0704803 -0.0306784 -0.997041 0.0961944
0.997485 0.0653769 0.0273991 3.72597 -0.064416 0.997323 -0.0345938 -0.284289 -0.0295873 0.0327418 0.999025 -0.701614
0.991151 -0.109287 0.0753476 3.94481 -0.111638 -0.993362 0.0277123 0.978959 0.0718188 -0.0358787 -0.996772 -0.266356
0.993595 0.0553701 0.0985114 4.02773 -0.050077 0.997207 -0.0554163 -0.483868 -0.101305 0.0501282 0.993591 -1.18662
0.993975 -0.103798 -0.0352197 4.17973 -0.102045 -0.993604 0.0483555 0.902566 -0.0400135 -0.0444701 -0.998209 -0.798501
0.980538 0.0582973 0.187477 3.58055 -0.0446018 0.996074 -0.0764609 -0.574523 -0.191199 0.0666109 0.979288 -1.69278
0.994158 -0.107462 -0.0101647 3.8447 -0.106528 -0.991966 0.0682263 1.0419 -0.0174146 -0.0667448 -0.997618 -0.871598
0.965052 0.0599588 0.255108 4.25786 -0.0398704 0.995735 -0.0832042 -0.710367 -0.259009 0.070125 0.963326 -1.23929
0.992619 -0.117697 -0.0292526 5.07358 -0.116767 -0.992653 0.0317026 1.09919 -0.0327688 -0.0280529 -0.999069 -1.50557
0.978568 0.0672782 0.194626 5.0234 -0.0615606 0.997479 -0.035285 -0.888654 -0.196509 0.0225475 0.980242 -1.775
0.993124 -0.114746 0.0232021 5.29355 -0.114596 -0.993382 -0.00767269 1.23096 0.0239292 0.00496105 -0.999701 -3.39187
0.984856 0.0756904 0.155985 5.32815 -0.0757159 0.997112 -0.00578675 -0.964338 -0.155972 -0.0061114 0.987742 -1.33613
0.988267 -0.102632 0.113123 6.10014 -0.101677 -0.994716 -0.014195 1.22491 0.113982 0.0025264 -0.993479 -3.36224
0.991094 0.0931527 0.0951608 5.52243 -0.0909907 0.99549 -0.0268205 -0.901599 -0.0972299 0.0179229 0.9951 -1.69314
0.984085 -0.101407 0.145925 6.19402 -0.101599 -0.994806 -0.00615906 1.23769 0.145792 -0.0087647 -0.989276 -4.18471
0.972128 0.126179 0.197605 5.74143 -0.12181 0.991965 -0.0341594 -0.466779 -0.200327 0.00913695 0.979686 -1.9012
0.95874 -0.0860034 0.270964 6.65514 -0.084345 -0.996278 -0.0177821 1.0695 0.271484 -0.00580595 -0.962425 -5.42065
0.991122 0.132116 0.0149668 6.2578 -0.132071 0.991232 -0.00390867 -0.429762 -0.0153518 0.00189727 0.99988 -3.06303
0.906165 -0.0711219 0.416903 7.21231 -0.00407378 -0.987181 -0.159554 0.329669 0.422907 0.142884 -0.894837 -6.97537
0.99433 0.076913 0.0734383 6.29244 -0.0903161 0.975345 0.201356 0.202727 -0.0561406 -0.206847 0.976761 -1.30829
0.884971 -0.0607793 0.461663 8.08979 0.0467439 -0.974841 -0.217945 -0.115637 0.463295 0.214455 -0.859864 -8.74114
0.986358 0.0607358 0.153007 6.72087 -0.0969929 0.965404 0.242048 0.859579 -0.133012 -0.253587 0.958124 0.426018
0.853481 -0.0808091 0.514822 8.89859 0.0379345 -0.975649 -0.216031 0.697274 0.519743 0.203908 -0.829632 -8.75052
0.998145 0.0462609 0.0395843 7.07155 -0.0531167 0.979409 0.194772 0.690767 -0.0297587 -0.196513 0.980049 0.313646
0.948694 -0.0789374 0.306184 8.67621 -0.0213471 -0.982117 -0.187057 0.89119 0.315475 0.170924 -0.933413 -8.11118
0.993949 0.00869215 -0.109502 6.94421 0.0097053 0.986017 0.166363 0.433671 0.109417 -0.166419 0.979965 0.0189457
0.939878 -0.0623376 0.335774 8.99322 -0.00404976 -0.985165 -0.171563 0.832809 0.341487 0.159889 -0.926187 -8.41146
0.987454 0.0299958 -0.155035 6.8207 0.00103632 0.98054 0.196313 0.679676 0.157907 -0.194011 0.968207 0.257005
0.974509 -0.0714103 0.212682 8.90691 -0.0175958 -0.969398 -0.244862 0.0867725 0.22366 0.234877 -0.945943 -9.85872
0.864663 0.120809 -0.487612 4.59807 0.0543708 0.942445 0.329911 1.83564 0.499403 -0.311773 0.808328 -0.543775
0.990821 -0.0998329 0.0911553 7.55155 -0.0635707 -0.939152 -0.337568 -0.175301 0.119309 0.328674 -0.936877 -10.0825
0.933813 0.113015 -0.339443 5.39781 0.00938237 0.940732 0.339021 1.38921 0.357639 -0.319767 0.877407 -1.89851
0.997392 -0.0691185 0.0208015 6.86372 -0.0587088 -0.944475 -0.323295 -0.144892 0.0419923 0.32123 -0.94607 -9.88397
0.970479 0.114302 -0.212382 5.91344 -0.0380114 0.94205 0.333311 0.888124 0.238173 -0.315398 0.918585 -3.25554
0.997417 -0.0677602 -0.0238466 6.44237 -0.0718333 -0.942087 -0.327585 -0.222121 -0.000268187 0.328452 -0.944521 -10.1029
0.947687 0.116943 -0.297009 5.05718 -0.0116792 0.942553 0.333851 0.788623 0.318989 -0.312918 0.894611 -3.5839
0.990404 -0.0548381 0.126857 6.96416 -0.0121488 -0.948899 -0.315344 -0.121373 0.137668 0.310777 -0.94046 -10.0011
0.979153 0.0988886 -0.17743 6.0052 -0.041018 0.951759 0.304093 0.363059 0.198942 -0.290475 0.935973 -4.06537
0.980958 -0.0502313 0.187615 6.70557 0.0101236 -0.95144 -0.307667 0.100896 0.193959 0.303707 -0.932814 -9.43843
0.982352 0.0684872 -0.174052 5.82696 -0.025029 0.970315 0.240543 -0.0982932 0.185359 -0.231942 0.954906 -4.13339
0.991484 0.0222144 0.128324 6.72212 0.0549662 -0.96466 -0.257698 -0.0491454 0.118065 0.262556 -0.957666 -9.86709
0.9868 0.0587252 -0.150923 5.86834 -0.0184349 0.966612 0.25558 -0.0764054 0.160893 -0.249424 0.954935 -4.38827
0.946695 -0.0204251 0.321485 6.81691 0.0664115 -0.964173 -0.256823 0.286668 0.315213 0.264483 -0.911421 -8.12133
0.951307 0.0497546 -0.304205 5.43825 0.0305269 0.966828 0.253594 0.164212 0.306732 -0.250532 0.918231 -3.97908
0.927214 -0.00518217 0.374498 6.95042 0.0909249 -0.966876 -0.238499 0.337575 0.363329 0.255191 -0.89603 -7.56692
0.946381 0.0414244 -0.320388 6.7049 0.0275223 0.9778 0.207721 -0.0506751 0.321881 -0.205401 0.924231 -4.9012
0.915734 0.00352207 0.40177 7.49584 0.087257 -0.977838 -0.190309 0.494247 0.392196 0.209329 -0.895747 -6.54565
0.925015 0.00183324 -0.379927 6.85573 0.0617258 0.985977 0.155043 0.0504344 0.374883 -0.166868 0.911931 -5.62871
0.946382 0.00848744 0.322941 6.63993 0.0801155 -0.974593 -0.209166 0.451977 0.31296 0.223823 -0.923016 -6.09592
0.893188 -0.000497386 -0.449684 6.10754 0.0831811 0.982925 0.164132 0.325284 0.441924 -0.184006 0.877978 -4.9708
0.933969 -0.00519071 0.357318 6.24766 0.0483571 -0.988861 -0.140762 0.505391 0.354069 0.148746 -0.923314 -5.39541
0.935829 -0.0176751 -0.352013 6.38036 0.0564073 0.993379 0.10008 0.187462 0.347913 -0.113514 0.930629 -5.31285
0.922749 0.0331852 0.383971 6.62897 0.0834069 -0.98987 -0.114891 0.469546 0.376269 0.138041 -0.916169 -6.08677
0.994645 -0.0527108 -0.0889074 6.70613 0.0645791 0.988548 0.136391 0.58062 0.0807001 -0.141402 0.986657 -5.43175
0.959433 0.045088 0.27831 6.90167 0.0880888 -0.98565 -0.143992 0.501697 0.267824 0.162666 -0.949637 -6.86487
0.902015 -0.0224733 -0.43112 6.5115 0.124091 0.969995 0.209068 0.667017 0.413486 -0.24208 0.877739 -6.0728
0.987763 -0.125591 0.0924816 6.42674 -0.0207557 -0.693526 -0.720132 -0.533947 0.154581 0.709399 -0.687646 -7.61839
0.801072 0.223936 -0.555101 5.87482 0.476504 0.322673 0.817818 0.436816 0.362255 -0.919638 0.151778 -7.06218
0.81211 -0.324712 -0.484809 5.35116 -0.256809 0.547161 -0.796658 -0.577207 0.523953 0.771477 0.360965 -6.99803
0.937518 0.182191 -0.296424 4.63166 0.236212 -0.958808 0.157769 -0.108612 -0.255469 -0.21793 -0.941935 -7.82507
0.610792 0.161516 -0.775143 3.55604 0.625029 0.502635 0.59724 -0.146594 0.486078 -0.849276 0.206053 -7.57557
0.63869 -0.299334 -0.708855 2.92571 -0.467089 0.581259 -0.666307 -0.276132 0.611477 0.756661 0.231429 -7.82112
0.689864 0.295404 -0.660927 2.14868 0.658779 -0.634698 0.40394 -1.06941 -0.300163 -0.714069 -0.632462 -7.84742
0.546688 -0.30601 -0.779418 1.33003 -0.506716 0.620138 -0.598888 -1.29929 0.666612 0.722348 0.183961 -8.03097
0.681067 0.28469 -0.674611 0.617318 0.671008 -0.611432 0.419401 -0.146453 -0.293079 -0.73831 -0.607456 -9.11578
0.498133 -0.2822 -0.819895 -0.455431 -0.526284 0.653078 -0.544531 -2.15825 0.689122 0.702746 0.176802 -7.89534
0.698873 0.261767 -0.665624 -0.815484 0.622693 -0.680535 0.386167 0.821288 -0.351894 -0.684361 -0.638608 -10.6771
0.483248 -0.270185 -0.83275 -2.40983 -0.493456 0.701642 -0.514002 -3.116 0.723168 0.659316 0.205743 -7.4164
0.723432 0.238655 -0.647836 -2.28593 0.571618 -0.733271 0.368193 1.70041 -0.387168 -0.636677 -0.666891 -12.4144
0.441494 -0.266919 -0.856644 -4.43963 -0.460234 0.752201 -0.471569 -3.95371 0.770239 0.602451 0.209247 -7.22114
0.727591 0.237134 -0.643724 -3.78934 0.535266 -0.783142 0.31651 2.1223 -0.429072 -0.574853 -0.696736 -14.0684
0.404718 -0.297632 -0.86465 -5.68287 -0.109598 0.922945 -0.368998 -1.54096 0.90785 0.244105 0.340913 -5.32995
0.849919 -0.0247186 -0.526334 -2.10547 -0.14535 -0.97114 -0.189101 -3.04014 -0.50647 0.237223 -0.828983 -14.3592
0.508763 0.0132803 -0.860805 -3.37013 0.742247 0.499794 0.446402 5.07806 0.436154 -0.866042 0.244419 -8.78132
0.732426 -0.436433 -0.52257 -0.751077 -0.460879 0.247134 -0.852358 -3.97859 0.501142 0.865131 -0.0201351 -5.74586
0.84907 0.260676 -0.459489 2.37466 0.468575 -0.773283 0.427164 3.34132 -0.243964 -0.577997 -0.778717 -12.1423
0.412139 -0.186177 -0.891897 -0.463137 0.766833 0.599527 0.229201 9.80182 0.492045 -0.778399 0.389854 -4.53003
0.727731 -0.681493 -0.0773046 5.48194 0.030905 0.14518 -0.988922 2.45384 0.685167 0.71728 0.126713 -0.101927
0.972808 0.227173 0.0451404 12.7901 0.223936 -0.972288 0.0671364 6.32194 0.0591414 -0.0552022 -0.996722 -6.61765
0.507582 0.0515484 -0.86006 10.0706 0.859272 0.0430813 0.5097 16.1717 0.0633269 -0.997741 -0.022427 -4.4022
0.0509943 -0.921599 -0.384781 8.71473 0.53908 0.349733 -0.766211 12.8928 0.840709 -0.168355 0.514649 5.78507
-0.211564 -0.938024 -0.274504 6.64863 -0.563797 0.34655 -0.74969 2.24961 0.798356 -0.00384276 -0.602173 5.56159
-0.192943 -0.981102 -0.0146116 7.19861 -0.973284 0.189475 0.129678 -2.79143 -0.124459 0.0392415 -0.991448 -4.09677
0.0148717 -0.997191 0.0734122 10.2288 -0.520342 0.0549771 0.852186 3.36588 -0.853828 -0.0508732 -0.518063 -12.3889
0.206459 -0.976797 -0.0569516 12.6389 0.369016 0.023825 0.929117 13.1643 -0.906201 -0.212841 0.365373 -11.0032
0.25613 -0.922963 -0.287293 12.9633 0.930651 0.155106 0.331406 17.4357 -0.261315 -0.352253 0.898684 -2.72898
0.0497641 -0.914685 -0.401094 12.0408 0.732789 0.30631 -0.607613 12.7152 0.678633 -0.26368 0.685514 4.80275
-0.243482 -0.920406 -0.305892 11.3698 -0.307222 0.372331 -0.875776 3.37726 0.919962 -0.119259 -0.373425 3.04619
-0.223162 -0.974096 0.0365506 14.3642 -0.974375 0.223994 0.0204722 2.44254 -0.0281291 -0.0310457 -0.999122 -6.98776
0.0930063 -0.98853 0.11899 18.4379 -0.386385 0.0743082 0.919339 11.7076 -0.917636 -0.13148 -0.375042 -9.71143
0.305045 -0.94122 -0.145097 19.2841 0.680079 0.108639 0.725044 17.0967 -0.666663 -0.319849 0.673243 -0.166762
0.0273383 -0.896442 -0.442318 17.658 0.85273 0.251815 -0.457646 8.78657 0.521636 -0.364666 0.771307 7.39737
-0.246348 -0.922922 -0.295852 18.6292 -0.142583 0.33645 -0.930844 -1.52441 0.958636 -0.187128 -0.214477 2.46227
-0.277231 -0.95533 -0.102413 21.7157 -0.908949 0.295318 -0.294273 -2.91903 0.311372 0.0115064 -0.950218 -9.23157
-0.0466497 -0.993668 0.102216 26.643 -0.812324 0.0972884 0.575034 6.28415 -0.581337 -0.0562074 -0.811719 -17.4269
0.26171 -0.965146 0.00107519 29.2717 0.0193032 0.00634835 0.999793 19.6946 -0.964953 -0.261635 0.0202919 -12.0397
0.339375 -0.899597 -0.274866 27.4002 0.826301 0.145473 0.544116 24.2532 -0.4495 -0.411781 0.792708 2.64237
0.162475 -0.880995 -0.444354 23.4718 0.831243 0.36485 -0.419427 14.5876 0.531636 -0.30122 0.791599 14.2151
-0.214072 -0.886989 -0.409176 21.0522 -0.218133 0.451717 -0.865083 1.6501 0.95215 -0.0959355 -0.290182 9.15314
-0.294779 -0.924551 -0.241478 21.598 -0.83999 0.371188 -0.395772 -2.70648 0.455545 0.0861735 -0.886032 -3.22754
-0.198962 -0.979628 -0.027291 24.8067 -0.88586 0.167869 0.432518 4.43539 -0.419125 0.11023 -0.901212 -13.5493
0.100008 -0.994908 -0.0125538 27.8924 -0.277503 -0.0400063 0.959891 18.0373 -0.955505 -0.0925137 -0.280091 -12.1389
0.298804 -0.942403 -0.150316 28.028 0.465569 0.0064584 0.884988 26.6017 -0.833043 -0.33442 0.440683 -1.54463
0.389984 -0.842206 -0.372293 24.3512 0.860164 0.188881 0.473751 26.8255 -0.328677 -0.504989 0.798096 12.2312
0.323523 -0.736398 -0.594182 17.8043 0.898096 0.436689 -0.0522086 18.4149 0.297919 -0.516742 0.802634 22.2054
0.113584 -0.678874 -0.725417 10.8257 0.572753 0.641346 -0.510517 5.22818 0.81182 -0.357498 0.461674 23.3998
-0.113342 -0.691522 -0.713409 5.90667 -0.00414359 0.718358 -0.695661 -6.56579 0.993547 -0.0758914 -0.0842856 14.4342
-0.185631 -0.673847 -0.715173 1.15873 -0.470498 0.699918 -0.53735 -12.6149 0.862654 0.236738 -0.446971 1.35337
-0.246705 -0.67361 -0.696697 -2.70981 -0.815126 0.53306 -0.226753 -11.0796 0.524124 0.511954 -0.680585 -13.5062
-0.294284 -0.714417 -0.634828 -4.92088 -0.954856 0.247986 0.163562 -1.81406 0.0405764 0.654302 -0.755144 -26.0281
-0.267133 -0.752387 -0.602126 -6.61136 -0.853313 -0.105645 0.510583 13.0666 -0.447767 0.650195 -0.6138 -32.5135
-0.223058 -0.796309 -0.562262 -7.81338 -0.52319 -0.388882 0.758316 29.4473 -0.822506 0.463318 -0.329877 -30.7694
-0.14503 -0.824859 -0.54642 -8.9065 -0.0347968 -0.547664 0.835974 42.5094 -0.988815 0.140255 0.0507254 -20.313
-0.0258382 -0.785662 -0.618118 -12.3624 0.465227 -0.556734 0.688193 48.5769 -0.884814 -0.269783 0.379895 -4.84693
0.086032 -0.740606 -0.666411 -17.808 0.875382 -0.263193 0.405506 45.0957 -0.475715 -0.61825 0.625669 11.2999
0.1261 -0.610431 -0.781968 -25.6088 0.987157 0.155146 0.0380768 33.461 0.0980758 -0.776726 0.622155 21.6159
0.0706874 -0.477308 -0.875889 -34.1492 0.754464 0.599991 -0.266071 17.9188 0.652523 -0.642019 0.402523 21.6789
-0.0499947 -0.39318 -0.918102 -41.8257 0.252508 0.88441 -0.392501 5.20913 0.966302 -0.251451 0.0550651 11.0987
-0.226754 -0.365276 -0.902861 -46.7656 -0.310013 0.905861 -0.28863 1.00481 0.923295 0.214451 -0.318648 -6.34526
-0.253272 -0.431812 -0.865675 -50.1121 -0.768042 0.633835 -0.0914584 7.28081 0.588187 0.64171 -0.492182 -24.4356
-0.26223 -0.468528 -0.843634 -52.4524 -0.963383 0.177764 0.200728 22.839 0.0559212 0.86538 -0.497987 -36.1729
-0.226232 -0.525813 -0.819964 -53.9571 -0.846888 -0.309714 0.432269 42.7222 -0.481247 0.79221 -0.375238 -37.6327
-0.141509 -0.565389 -0.812596 -56.4042 -0.433442 -0.702602 0.564339 60.0744 -0.890002 0.432072 -0.145639 -27.7941
-0.108254 -0.553603 -0.825715 -59.3197 0.160853 -0.829405 0.534989 68.5742 -0.981023 -0.0749037 0.178835 -9.22918
0.0539738 -0.407918 -0.911423 -66.387 0.632273 -0.692501 0.34738 66.075 -0.772863 -0.595017 0.220538 10.3157
0.107977 -0.207163 -0.97233 -75.1265 0.938508 -0.301383 0.168434 52.9012 -0.327937 -0.930726 0.161882 24.3047
0.0492843 0.019444 -0.998596 -84.2853 0.976351 0.209776 0.0522714 33.9594 0.210498 -0.977556 -0.00864557 27.5855
-0.135395 0.156757 -0.978313 -90.5253 0.709263 0.704789 0.0147706 15.7973 0.691819 -0.691881 -0.206607 18.393
-0.28478 0.194749 -0.938602 -94.9976 0.218918 0.966482 0.134113 5.35424 0.93326 -0.167284 -0.317869 -0.524305
-0.422611 0.0566029 -0.904543 -95.6423 -0.40191 0.882841 0.243022 8.16998 0.812322 0.466248 -0.350349 -21.9531
-0.46317 -0.138183 -0.875432 -92.9566 -0.819989 0.441618 0.364129 22.7523 0.33629 0.886498 -0.317853 -37.2683
-0.333351 -0.332447 -0.882246 -90.958 -0.888445 -0.20238 0.411954 43.8293 -0.315501 0.921152 -0.227897 -40.2546
-0.0489458 -0.423776 -0.904445 -93.351 -0.503978 -0.771322 0.388675 62.3271 -0.862328 0.474844 -0.175821 -29.2892
0.24737 -0.231301 -0.940909 -102.421 0.160342 -0.947926 0.275182 69.4263 -0.955562 -0.218939 -0.197401 -10.4717
-0.168613 0.0312166 -0.985189 -106.089 0.80484 -0.572651 -0.155892 58.2049 -0.569036 -0.819204 0.0714322 7.26933
-0.655245 -0.103743 -0.74826 -97.9717 0.721952 0.205554 -0.660706 38.4431 0.222351 -0.973131 -0.0597907 10.9644
-0.669212 -0.598072 -0.440984 -83.1234 -0.0310098 0.615422 -0.787587 28.14 0.742424 -0.513388 -0.430393 -1.55288
-0.192227 -0.927954 -0.319299 -73.2477 -0.871529 0.310987 -0.379109 39.1718 0.451093 0.205403 -0.868518 -18.3542
0.395241 -0.735222 -0.550667 -77.8162 -0.829641 -0.543051 0.12958 61.2983 -0.394309 0.40564 -0.824607 -20.3303
0.38209 -0.17054 -0.908253 -89.7109 0.142333 -0.960237 0.240179 69.5737 -0.913098 -0.221044 -0.342624 -2.24609
-0.256527 0.226835 -0.939543 -92.6233 0.902562 -0.291557 -0.316821 52.2722 -0.345796 -0.929269 -0.12994 13.6972
-0.833802 -0.201666 -0.513912 -76.7876 0.188474 0.770978 -0.608334 36.6289 0.518895 -0.604089 -0.604834 5.75378
-0.290786 -0.900477 -0.323397 -62.6905 -0.940865 0.330525 -0.0743341 51.964 0.173827 0.282657 -0.943339 -6.5187
0.506976 -0.582529 -0.635324 -70.4592 -0.452096 -0.807253 0.379408 72.4003 -0.733883 0.0948764 -0.672617 3.53864
-0.107019 0.463928 -0.879385 -78.3016 0.902542 -0.325702 -0.281664 55.7438 -0.41709 -0.823825 -0.383859 19.1776
-0.916145 -0.273625 -0.292933 -58.7497 -0.150569 0.912172 -0.381143 46.5675 0.371495 -0.305075 -0.876881 9.4788
0.106047 -0.843607 -0.526387 -54.9724 -0.827585 -0.36834 0.423589 69.8696 -0.551231 0.390709 -0.737218 11.6598
0.0748823 0.270152 -0.959902 -65.6404 0.753468 -0.645877 -0.122995 61.0487 -0.653206 -0.714045 -0.251916 30.5893
-0.904537 -0.110761 -0.41176 -49.6682 0.11218 0.869838 -0.480414 46.1669 0.411375 -0.480743 -0.774375 22.4964
-0.0112332 -0.883953 -0.467441 -42.9373 -0.921803 -0.171999 0.347412 68.3747 -0.387495 0.434791 -0.812899 19.8642
0.258586 0.09533 -0.961273 -55.181 0.719733 -0.682738 0.125904 62.6983 -0.644295 -0.724417 -0.245159 39.3171
-0.753787 -0.164275 -0.636255 -42.4184 0.211293 0.856237 -0.471395 46.292 0.622222 -0.489768 -0.61071 28.4512
0.0527198 -0.861374 -0.505228 -37.6266 -0.92234 -0.235924 0.305987 69.0352 -0.382764 0.44986 -0.806918 26.2492
0.209477 0.116753 -0.970819 -48.8958 0.808684 -0.578817 0.104883 60.0083 -0.549681 -0.807056 -0.215666 45.0898
-0.709197 -0.235783 -0.664415 -36.1956 0.0101372 0.93891 -0.344013 46.852 0.704937 -0.250709 -0.663482 29.9602
0.207354 -0.747759 -0.630763 -35.3671 -0.826224 -0.479093 0.296349 70.5856 -0.523792 0.459702 -0.717158 30.6346
0.137603 0.209167 -0.96815 -45.9818 0.907307 -0.418702 0.0384964 57.6988 -0.397314 -0.883707 -0.247394 47.8689
-0.677463 -0.349534 -0.647202 -31.9124 -0.200844 0.934347 -0.294376 49.0511 0.707605 -0.0694428 -0.703187 30.5519
0.303801 -0.6871 -0.66 -33.5982 -0.694378 -0.634002 0.34041 72.3655 -0.652337 0.354872 -0.669718 35.6931
0.0369663 0.276148 -0.960404 -42.7488 0.949772 -0.308564 -0.0521651 56.6278 -0.310752 -0.910236 -0.273685 51.4487
-0.776574 -0.314801 -0.545742 -26.7784 -0.144032 0.931988 -0.332646 46.7561 0.613341 -0.17972 -0.769099 36.9225
0.0721741 -0.913809 -0.39968 -20.1828 -0.965589 -0.164403 0.201518 68.9565 -0.249857 0.371382 -0.894229 32.7806
0.563722 -0.141543 -0.813747 -34.3536 0.280247 -0.893987 0.349641 75.3285 -0.776968 -0.42515 -0.464293 50.3495
-0.297589 0.312026 -0.902265 -37.577 0.939037 0.266127 -0.217684 52.4517 0.172193 -0.912039 -0.372201 55.2522
-0.685112 -0.516272 -0.513893 -20.5754 -0.417358 0.856402 -0.303952 48.1557 0.597021 0.0062357 -0.802202 38.5306
0.137448 -0.875726 -0.462831 -14.6286 -0.919586 -0.286449 0.268902 71.8771 -0.368062 0.388653 -0.844677 35.9233
0.533913 -0.172731 -0.827708 -27.9347 0.298714 -0.877255 0.375757 79.6435 -0.791016 -0.44787 -0.416781 55.2157
-0.0331925 0.171186 -0.98468 -35.1502 0.995219 -0.0848823 -0.0483042 60.4588 -0.091851 -0.981575 -0.167551 69.0845
-0.56959 -0.150852 -0.807967 -26.0654 0.408332 0.801189 -0.437447 39.087 0.713324 -0.579084 -0.394752 60.1763
-0.430315 -0.729454 -0.53172 -10.3584 -0.630177 0.664509 -0.401628 40.7854 0.646301 0.16225 -0.745633 40.7574
0.220377 -0.847387 -0.483083 -5.80889 -0.965404 -0.26026 0.0161222 64.2777 -0.139389 0.462816 -0.875426 32.7891
0.641321 -0.367073 -0.67377 -17.4094 -0.203068 -0.928024 0.312304 82.8678 -0.739913 -0.0634661 -0.669702 45.5843
0.355224 0.216223 -0.909431 -32.3763 0.795328 -0.58112 0.172491 75.3074 -0.491192 -0.784568 -0.378396 64.9347
-0.344984 0.237929 -0.907952 -33.0556 0.878325 0.422918 -0.222901 49.9167 0.330955 -0.874374 -0.354879 68.5702
-0.639881 -0.358117 -0.67993 -17.794 -0.164476 0.928098 -0.334038 38.51 0.750666 -0.101913 -0.652774 51.1137
-0.1156 -0.804232 -0.582965 -6.58373 -0.990582 0.136689 0.00785918 57.4196 0.0733645 0.578383 -0.812459 37.366
0.491766 -0.427925 -0.758319 -14.4096 -0.353132 -0.89408 0.275532 79.0802 -0.795904 0.132289 -0.590792 49.3386
0.253667 0.253227 -0.933558 -27.8749 0.805905 -0.589077 0.059195 70.9307 -0.534948 -0.767374 -0.353507 70.0445
-0.508646 0.237425 -0.827593 -24.5044 0.742391 0.607762 -0.281921 45.1032 0.436044 -0.757795 -0.485398 69.5821
-0.627595 -0.480289 -0.612738 -7.26953 -0.480154 0.85831 -0.180982 41.8727 0.612843 0.180625 -0.769284 50.3656
0.120941 -0.777137 -0.617602 -1.46332 -0.92618 -0.312198 0.211476 66.9313 -0.35716 0.546434 -0.757526 46.3045
0.535366 -0.15407 -0.83045 -14.5956 0.147896 -0.950931 0.271767 78.9354 -0.831571 -0.268314 -0.48631 65.1884
0.0198126 0.389244 -0.920922 -25.3148 0.990944 -0.129996 -0.0336257 59.9253 -0.132804 -0.911915 -0.388295 79.1154
-0.647189 0.0860456 -0.757459 -17.0874 0.37535 0.90079 -0.218379 38.0644 0.66352 -0.425644 -0.615279 68.1468
-0.499355 -0.617582 -0.60765 -1.24461 -0.783277 0.621557 0.0119669 45.5172 0.370298 0.481934 -0.794115 49.2828
0.225113 -0.687127 -0.690783 -0.0154216 -0.789189 -0.544376 0.284314 71.133 -0.571405 0.481155 -0.66482 50.5513
0.490526 -0.0456528 -0.870231 -14.4019 0.308588 -0.924816 0.222459 79.1123 -0.814959 -0.377664 -0.439559 70.239
-0.0203214 0.432388 -0.901459 -25.2995 0.997165 -0.0565672 -0.0496113 59.1123 -0.0724444 -0.899911 -0.430013 81.9266
-0.633667 0.157375 -0.75743 -18.944 0.414235 0.895924 -0.160399 37.0604 0.653357 -0.415394 -0.632908 70.6454
-0.590621 -0.482771 -0.646606 -3.93166 -0.649254 0.760144 0.0254988 39.8424 0.479203 0.434871 -0.762398 50.1782
-0.000664837 -0.712911 -0.701256 1.96174 -0.929029 -0.259028 0.264215 64.0984 -0.370006 0.651661 -0.662142 44.6961
0.438315 -0.286466 -0.85195 -8.26223 -0.100381 -0.957523 0.270321 81.1685 -0.893198 -0.0329664 -0.448453 60.5395
0.23861 0.317164 -0.917864 -23.5211 0.840115 -0.541504 0.0312845 71.9326 -0.487104 -0.778576 -0.395663 78.4785
-0.385436 0.417745 -0.822757 -26.9718 0.854034 0.499112 -0.14667 46.8727 0.349377 -0.759194 -0.549144 78.2889
-0.732717 -0.0977245 -0.673481 -15.3247 -0.0742618 0.995207 -0.0636142 34.2081 0.67647 0.00340259 -0.736462 59.7445
-0.413067 -0.650122 -0.637745 -2.25224 -0.901845 0.389426 0.187141 48.2323 0.126691 0.652449 -0.747168 43.2406
0.214392 -0.618836 -0.755698 -3.02835 -0.698938 -0.637645 0.323875 73.2542 -0.682292 0.458749 -0.569234 46.88
0.444718 -0.0390168 -0.894821 -17.3682 0.306497 -0.932106 0.192969 81.227 -0.841597 -0.360077 -0.402566 66.1347
0.0191434 0.437918 -0.898812 -29.7483 0.984867 -0.163135 -0.0585056 63.2583 -0.172248 -0.88409 -0.434414 78.9333
-0.584205 0.276138 -0.763187 -26.847 0.574034 0.805341 -0.148021 39.6006 0.573751 -0.524569 -0.628997 70.4575
-0.687474 -0.342599 -0.640319 -12.5109 -0.464438 0.885253 0.0249921 36.8979 0.558281 0.314569 -0.767703 49.7907
-0.174642 -0.72315 -0.668248 -3.43368 -0.96384 -0.0131801 0.266156 58.2516 -0.201278 0.690565 -0.694699 39.7127
0.378131 -0.437973 -0.815597 -10.4005 -0.3631 -0.88058 0.304526 79.736 -0.851572 0.180992 -0.492003 51.1067
0.349813 0.192541 -0.916821 -26.1715 0.662858 -0.742436 0.0969947 77.2787 -0.662005 -0.641651 -0.387341 70.7328
-0.227782 0.460018 -0.858196 -33.6152 0.961385 0.24605 -0.12328 53.7053 0.154447 -0.853137 -0.4983 76.1021
-0.705733 0.063951 -0.705587 -24.956 0.19709 0.974327 -0.108822 35.5652 0.680512 -0.215864 -0.700218 60.7432
-0.54707 -0.550684 -0.630448 -10.5094 -0.771352 0.624186 0.124125 43.3034 0.325163 0.554201 -0.766244 41.4725
0.0699525 -0.693353 -0.717196 -7.09323 -0.855911 -0.410994 0.313848 68.2911 -0.51237 0.5919 -0.622198 39.5012
0.452117 -0.20377 -0.868372 -19.1326 0.0384149 -0.968203 0.247197 82.5199 -0.891131 -0.14512 -0.429914 56.605
0.170068 0.368026 -0.914131 -33.6886 0.906863 -0.421425 -0.000947983 70.0689 -0.385586 -0.828829 -0.40542 73.1288
-0.459316 0.37963 -0.803064 -34.9949 0.773744 0.615043 -0.151799 44.9915 0.436291 -0.691088 -0.576235 70.0693
-0.728932 -0.181995 -0.659953 -22.1711 -0.211385 0.976744 -0.035877 35.5268 0.651133 0.113352 -0.750451 50.4247
-0.335869 -0.685871 -0.645581 -10.2117 -0.941745 0.257312 0.216581 52.3731 0.0175689 0.680714 -0.732338 35.8263
0.278272 -0.565901 -0.776095 -13.14 -0.596787 -0.734982 0.321942 76.6688 -0.752602 0.373576 -0.542247 42.236
0.423512 0.0431314 -0.904864 -28.2533 0.435933 -0.885309 0.161835 81.1829 -0.794103 -0.462999 -0.393741 62.0136
-0.0633239 0.456986 -0.887218 -39.1592 0.996169 -0.0247792 -0.0838629 60.9088 -0.0603084 -0.889129 -0.453666 72.5
-0.635283 0.210703 -0.742982 -34.1922 0.454504 0.879815 -0.139113 38.6891 0.624374 -0.426064 -0.654696 61.4748
-0.649777 -0.419021 -0.634203 -19.5198 -0.580509 0.812174 0.0581574 39.5523 0.490713 0.405949 -0.770977 40.8856
-0.0905225 -0.724701 -0.683093 -12.2134 -0.946048 -0.151708 0.286318 62.5935 -0.311125 0.672156 -0.671869 33.4249
0.414166 -0.36291 -0.834724 -21.0688 -0.231434 -0.928923 0.289033 81.9912 -0.880286 0.0734763 -0.468718 47.0356
0.297279 0.259886 -0.918742 -36.7242 0.760473 -0.646281 0.0632527 76.0173 -0.577327 -0.717481 -0.389762 65.9872
-0.309864 0.443983 -0.840753 -42.1782 0.91528 0.378673 -0.137362 51.4483 0.257383 -0.812087 -0.523706 68.5487
-0.725145 -0.0174482 -0.688377 -31.8904 0.0590642 0.994419 -0.0874237 35.952 0.686059 -0.104053 -0.720067 51.4031
-0.482002 -0.605997 -0.632806 -18.0061 -0.84623 0.509174 0.156963 47.0033 0.227089 0.611155 -0.758235 33.3742
0.146396 -0.660436 -0.736474 -16.7114 -0.783516 -0.531896 0.321233 72.251 -0.60388 0.53001 -0.59533 34.2781
0.454055 -0.119605 -0.88291 -30.0479 0.176748 -0.959163 0.220831 83.3948 -0.873266 -0.256321 -0.414373 52.6601
0.0953226 0.408881 -0.907597 -43.6194 0.955718 -0.2926 -0.0314423 67.9796 -0.278419 -0.864408 -0.418666 67.4292
-0.526769 0.331276 -0.782798 -42.7657 0.678233 0.71892 -0.152162 43.3891 0.512361 -0.611073 -0.603387 61.5535
-0.71331 -0.265233 -0.648723 -29.033 -0.343956 0.938968 -0.00570091 37.3154 0.610642 0.219066 -0.761004 41.195
-0.254723 -0.710476 -0.656004 -18.437 -0.962435 0.120324 0.243394 56.647 -0.0939927 0.693359 -0.714436 28.7872
0.333775 -0.504229 -0.79646 -23.4693 -0.482352 -0.817278 0.315268 79.7302 -0.809896 0.278945 -0.516002 37.8309
0.391015 0.121792 -0.912291 -39.0633 0.556928 -0.820455 0.129172 80.6962 -0.732761 -0.558588 -0.38864 57.7265
-0.147311 0.464262 -0.873363 -48.2865 0.987788 0.114362 -0.105818 58.5246 0.0507523 -0.878284 -0.475439 65.6825
-0.676402 0.13842 -0.72341 -41.364 0.326162 0.93692 -0.125694 38.1899 0.660378 -0.320969 -0.678881 52.3213
-0.601831 -0.489655 -0.630903 -26.6602 -0.68462 0.723086 0.0918743 42.6027 0.41121 0.487222 -0.770403 32.2149
-0.00737833 -0.714329 -0.699772 -21.2818 -0.908961 -0.286899 0.302452 66.8702 -0.416814 0.638297 -0.647181 27.5134
0.439098 -0.283185 -0.852644 -31.8585 -0.094817 -0.958333 0.269458 83.7932 -0.893422 -0.0374738 -0.447652 43.0598
0.235987 0.319394 -0.917769 -47.0947 0.843134 -0.536868 0.0299607 74.4238 -0.483151 -0.780872 -0.395986 60.9488
-0.388518 0.416418 -0.82198 -50.4599 0.851117 0.503985 -0.146968 49.3534 0.353065 -0.7567 -0.550227 60.6433
-0.732795 -0.101117 -0.672896 -38.7604 -0.0798378 0.994843 -0.0625516 36.8131 0.675749 0.00788479 -0.737089 42.0474
-0.410054 -0.651768 -0.638009 -25.7277 -0.903815 0.384234 0.18837 50.9568 0.122371 0.653883 -0.746634 25.6142
0.21711 -0.616887 -0.756515 -26.5909 -0.695088 -0.641832 0.323889 75.959 -0.685358 0.455524 -0.568139 29.3671
0.444088 -0.0356618 -0.895274 -40.9673 0.31184 -0.930584 0.191753 83.7952 -0.839965 -0.364338 -0.402141 48.6506
0.0158726 0.438909 -0.898392 -53.2925 0.985701 -0.157614 -0.0595864 65.7264 -0.167751 -0.8846 -0.435135 61.3609
-0.586442 0.273652 -0.762366 -50.3064 0.569422 0.808658 -0.147752 42.1175 0.57606 -0.520755 -0.630054 52.779
-0.69254 -0.357415 -0.626613 -35.471 -0.47475 0.879824 0.0228549 39.7566 0.54314 0.313312 -0.778996 32.5407
-0.282949 -0.730861 -0.621115 -23.6434 -0.940973 0.0861001 0.327348 59.6588 -0.185768 0.677074 -0.712082 22.4381
0.116255 -0.615799 -0.77928 -23.001 -0.532536 -0.700934 0.474445 82.2188 -0.838386 0.359837 -0.409422 31.2412
0.33037 -0.105964 -0.937885 -34.2042 0.296106 -0.931877 0.209589 89.7885 -0.896201 -0.346956 -0.276488 50.4998
0.130464 0.270958 -0.95371 -46.422 0.902287 -0.431136 0.000940613 78.4813 -0.410923 -0.860641 -0.30073 66.544
-0.334738 0.444586 -0.83084 -51.2986 0.900548 0.410513 -0.143155 55.9678 0.277426 -0.796129 -0.537786 67.5307
-0.791607 0.154326 -0.591221 -42.0891 0.241951 0.967661 -0.0713672 38.3793 0.561087 -0.199541 -0.803346 53.9525
-0.829432 -0.444646 -0.338132 -21.8466 -0.55204 0.745005 0.374459 41.7693 0.0854078 0.49725 -0.863393 39.965
-0.279627 -0.857177 -0.432503 -7.7662 -0.658069 -0.156902 0.736429 61.5782 -0.69911 0.490541 -0.520207 43.8604
0.299832 -0.620615 -0.724527 -10.0125 0.0626732 -0.745013 0.6641 73.9851 -0.951931 -0.244528 -0.184483 64.826
0.355103 0.0919641 -0.930294 -23.3865 0.840203 -0.467674 0.274483 64.836 -0.40983 -0.879104 -0.243341 82.4665
-0.128529 0.550825 -0.824666 -32.4239 0.918234 0.380212 0.110846 43.0392 0.374604 -0.742987 -0.554655 81.0803
-0.551833 0.20967 -0.807168 -28.8979 0.224261 0.969536 0.0985286 26.9388 0.803236 -0.126644 -0.582042 63.4523
-0.437499 -0.310706 -0.843835 -21.0521 -0.624117 0.780492 0.0362012 29.6161 0.647358 0.542489 -0.535381 40.8042
-0.0364522 -0.491008 -0.870393 -18.8745 -0.995382 -0.0595551 0.0752838 50.2587 -0.0888014 0.869117 -0.48657 29.204
0.307908 -0.228655 -0.923532 -26.9491 -0.555032 -0.831569 0.0208383 71.5758 -0.772744 0.506172 -0.382958 36.0615
0.293455 0.219896 -0.93034 -40.5552 0.308797 -0.94282 -0.125442 76.429 -0.904726 -0.250474 -0.344579 54.7324
-0.0954454 0.453268 -0.886251 -49.8104 0.918383 -0.303362 -0.254058 60.9998 -0.38401 -0.838165 -0.387319 69.6984
-0.510355 0.278378 -0.813661 -49.0307 0.754233 0.599426 -0.267997 37.8661 0.413124 -0.750463 -0.515882 67.3982
-0.618163 -0.146525 -0.772274 -41.2846 -0.0788522 0.989076 -0.124542 26.2826 0.782085 -0.0160914 -0.622964 48.1226
-0.335456 -0.490453 -0.804318 -35.0591 -0.853057 0.520399 0.0384575 36.2838 0.399703 0.699029 -0.592955 27.8878
0.0815209 -0.455177 -0.886662 -37.879 -0.891629 -0.430839 0.139199 59.1306 -0.445368 0.779225 -0.440972 23.4514
0.280575 -0.0235798 -0.959543 -50.2951 -0.110773 -0.993814 -0.00796811 72.999 -0.953418 0.108527 -0.281452 37.6067
-0.0236092 0.398261 -0.916969 -62.0208 0.75866 -0.590197 -0.275869 63.8484 -0.651059 -0.70218 -0.288211 55.7507
-0.513654 0.23674 -0.824691 -62.6989 0.828641 0.386158 -0.405261 40.4748 0.222519 -0.891536 -0.394525 58.9296
-0.587762 -0.226257 -0.776753 -56.8723 0.0139427 0.957123 -0.289345 25.978 0.808914 -0.180896 -0.559406 41.1076
-0.212325 -0.515261 -0.830317 -54.8512 -0.863744 0.496341 -0.0871356 34.7997 0.457018 0.698679 -0.550439 19.2184
0.212979 -0.282799 -0.935236 -64.3473 -0.834655 -0.550264 -0.0236837 55.8661 -0.507928 0.785643 -0.353235 15.7426
0.195361 0.187474 -0.962647 -79.0189 0.0928185 -0.980688 -0.17215 63.7069 -0.976329 -0.0557201 -0.208989 31.6619
-0.270057 0.380509 -0.884468 -87.0732 0.873398 -0.28984 -0.391369 47.8574 -0.405273 -0.878183 -0.254063 46.0905
-0.593947 0.0668258 -0.801725 -85.013 0.570764 0.737313 -0.361384 25.9822 0.566972 -0.672238 -0.476067 39.1382
-0.446628 -0.363792 -0.817423 -80.949 -0.574951 0.8167 -0.0493246 26.4911 0.685532 0.447948 -0.573924 16.5844
0.0160896 -0.383337 -0.923469 -85.9825 -0.971103 -0.225943 0.0768714 46.7055 -0.238119 0.895546 -0.375895 7.1525
0.212457 -0.0111264 -0.977108 -98.9275 -0.210538 -0.976972 -0.0346526 60.9031 -0.95422 0.21308 -0.209907 19.486
-0.0205976 0.326812 -0.944866 -111.173 0.76008 -0.608835 -0.227154 52.1764 -0.649504 -0.722851 -0.235863 36.6117
-0.498581 0.26522 -0.825274 -113.432 0.75793 0.595393 -0.266552 29.8856 0.420666 -0.758397 -0.49787 32.7384
-0.578494 -0.285904 -0.76394 -107.705 -0.440506 0.897747 -0.00240595 27.7445 0.686512 0.335128 -0.645284 10.8695
-0.0354005 -0.457345 -0.888585 -110.802 -0.936906 -0.294237 0.188767 49.0435 -0.347786 0.839202 -0.418073 3.73628
0.191926 0.0905518 -0.977224 -124.607 0.169128 -0.983889 -0.0579523 56.2115 -0.966727 -0.154153 -0.204149 20.2312
-0.294337 0.41486 -0.860964 -132.189 0.950116 0.0297612 -0.310475 36.3452 -0.10318 -0.909399 -0.402925 28.0992
-0.682831 0.0262346 -0.730107 -126.976 0.117785 0.990235 -0.0745759 22.6364 0.72102 -0.136918 -0.679253 10.7386
-0.394981 -0.479661 -0.783529 -121.336 -0.911834 0.308685 0.27069 37.8222 0.112024 0.821364 -0.559296 -5.32984
0.171281 -0.338378 -0.925292 -128.674 -0.537707 -0.819068 0.199998 58.3621 -0.825551 0.463279 -0.32224 1.41051
0.217505 0.254994 -0.942163 -143.766 0.607996 -0.790523 -0.0735919 55.7161 -0.763566 -0.556824 -0.326978 18.3177
