1 0 0 0 0 1 0 0 0 0 1 0
0.999986 -0.00443452 0.00295557 -0.0317112 0.0044282 0.999988 0.00213859 -0.0363099 -0.00296502 -0.00212547 0.999993 0.687163
0.999985 -0.00448368 0.00304419 -0.0962357 0.00447415 0.999985 0.00312816 -0.0384263 -0.00305817 -0.0031145 0.99999 1.53934
0.999995 -0.00323255 0.000354553 -0.107586 0.00323126 0.999988 0.00357815 -0.0516061 -0.000366115 -0.00357698 0.999994 3.07044
0.999996 -0.0027262 0.000389032 -0.112381 0.00272467 0.999989 0.0038831 -0.0573753 -0.000399614 -0.00388202 0.999992 4.56018
0.999994 -0.00242215 -0.00233965 -0.126697 0.00243314 0.999986 0.00470299 -0.0715149 0.00232823 -0.00470866 0.999986 6.08504
0.999989 -0.00259569 -0.00394494 -0.140546 0.0026153 0.999984 0.00497548 -0.0798546 0.00393196 -0.00498574 0.99998 7.59076
0.999986 -0.00374983 -0.00370868 -0.150723 0.00377036 0.999978 0.00554257 -0.0955408 0.00368781 -0.00555647 0.999978 9.0743
0.999968 -0.00501504 -0.00622829 -0.162449 0.00504931 0.999972 0.00549953 -0.102379 0.00620054 -0.0055308 0.999965 10.5865
0.999961 -0.00508785 -0.00720327 -0.18107 0.00513191 0.999968 0.00611125 -0.115138 0.00717195 -0.00614798 0.999955 12.0754
0.999969 -0.00441012 -0.00653691 -0.199487 0.00445089 0.999971 0.00623588 -0.121134 0.00650922 -0.00626478 0.999959 13.5494
0.999958 -0.00342808 -0.00853929 -0.222631 0.00349004 0.999968 0.00725128 -0.130882 0.00851416 -0.00728078 0.999937 15.0477
0.999959 -0.0018632 -0.00887887 -0.245261 0.00193789 0.999963 0.00841093 -0.133136 0.00886287 -0.00842779 0.999925 16.5276
0.999971 -0.00104817 -0.00752372 -0.26351 0.00111859 0.999956 0.0093629 -0.137284 0.00751357 -0.00937104 0.999928 17.9956
0.999954 -0.00102961 -0.00950767 -0.286809 0.00112754 0.999946 0.0103005 -0.140481 0.00949655 -0.0103108 0.999902 19.4764
0.99997 -0.000446505 -0.00772106 -0.302903 0.000529137 0.999943 0.0107036 -0.142437 0.00771584 -0.0107074 0.999913 20.9331
0.999955 0.000442844 -0.00943182 -0.327424 -0.000331369 0.99993 0.0118174 -0.143802 0.0094364 -0.0118138 0.999886 22.3968
0.999958 0.000914716 -0.00910388 -0.348322 -0.000802688 0.999924 0.0123017 -0.140096 0.00911445 -0.0122939 0.999883 23.8474
0.999974 0.00120456 -0.00706211 -0.362428 -0.00111838 0.999925 0.0121955 -0.139853 0.00707627 -0.0121873 0.999901 25.2815
0.999963 0.00165323 -0.00848728 -0.392404 -0.00156036 0.999939 0.0109373 -0.137871 0.00850485 -0.0109237 0.999904 26.7295
0.999968 0.0011681 -0.0079032 -0.413144 -0.00107639 0.999932 0.0115993 -0.139974 0.00791622 -0.0115904 0.999902 28.1654
0.999982 -0.000736585 -0.0060126 -0.416231 0.00081687 0.99991 0.0133616 -0.142565 0.00600222 -0.0133662 0.999893 29.5828
0.999973 -0.00153187 -0.00724518 -0.433098 0.00163675 0.999894 0.0144922 -0.139242 0.00722221 -0.0145036 0.999869 31.0099
0.999983 -0.00223792 -0.00534417 -0.442223 0.0023137 0.999896 0.0142158 -0.140053 0.0053118 -0.0142279 0.999885 32.4074
0.99998 -0.00198953 -0.00597527 -0.463354 0.00207016 0.999906 0.0135186 -0.134698 0.00594782 -0.0135307 0.999891 33.7973
0.999985 -0.00167606 -0.0051999 -0.480417 0.00174477 0.999911 0.0132371 -0.122806 0.00517725 -0.0132459 0.999899 35.1683
0.999995 -0.0015817 -0.00272543 -0.48483 0.00161749 0.999912 0.0131834 -0.118336 0.00270434 -0.0131878 0.99991 36.5248
0.999995 -0.00106581 -0.00291489 -0.506663 0.0011065 0.999901 0.0139945 -0.115301 0.00289969 -0.0139976 0.999898 37.8594
0.999998 -0.00149202 -0.00113689 -0.519683 0.00150953 0.999878 0.0155581 -0.10957 0.00111353 -0.0155598 0.999878 39.1872
0.999997 -0.0018193 0.00177743 -0.5225 0.00178946 0.99986 0.0166454 -0.111098 -0.00180746 -0.0166422 0.99986 40.486
0.999994 -0.00134111 0.00306926 -0.530995 0.00128863 0.999854 0.0170387 -0.102132 -0.00309166 -0.0170346 0.99985 41.7732
0.99997 -0.00167582 0.00754559 -0.521605 0.00154622 0.999852 0.0171493 -0.0955052 -0.00757322 -0.0171371 0.999825 43.035
0.999945 -0.00232051 0.010186 -0.523418 0.00215731 0.999869 0.0160043 -0.094377 -0.0102218 -0.0159814 0.99982 44.2898
0.99987 -0.00230094 0.0159827 -0.506384 0.0020559 0.99988 0.0153313 -0.0856976 -0.0160161 -0.0152965 0.999755 45.5088
0.999851 -0.00213723 0.0171029 -0.500587 0.0018754 0.999881 0.0153104 -0.0756823 -0.0171336 -0.0152761 0.999737 46.74
0.999721 -0.00211657 0.0235289 -0.476486 0.00175113 0.999878 0.0155415 -0.0716675 -0.0235589 -0.0154959 0.999603 47.9477
0.999551 -0.0010801 0.0299439 -0.453152 0.000618525 0.999881 0.0154194 -0.0608422 -0.029957 -0.015394 0.999433 49.1467
0.999268 5.66434e-05 0.0382487 -0.420349 -0.00065813 0.999876 0.0157132 -0.0492481 -0.0382431 -0.0157269 0.999145 50.3304
0.998948 0.000395828 0.0458501 -0.387094 -0.0011558 0.999862 0.0165498 -0.0463364 -0.0458373 -0.0165854 0.998811 51.509
0.99836 0.00221363 0.0572145 -0.323229 -0.00318213 0.999853 0.0168419 -0.039405 -0.0571688 -0.0169963 0.99822 52.6693
0.997582 0.00383516 0.0693995 -0.26477 -0.00502613 0.999843 0.0169947 -0.0270507 -0.0693235 -0.0173024 0.997444 53.8283
0.996432 0.00491965 0.0842566 -0.189505 -0.00641239 0.999827 0.0174551 -0.0202974 -0.0841562 -0.0179331 0.996291 54.9621
0.994818 0.00594349 0.101499 -0.0843539 -0.00784836 0.9998 0.0183783 -0.0157727 -0.10137 -0.0190797 0.994666 56.0795
0.992953 0.00615469 0.118347 0.0227933 -0.00848152 0.99978 0.0191674 -0.0108196 -0.118203 -0.0200361 0.992787 57.1924
0.990483 0.00598591 0.137503 0.164183 -0.00872933 0.999775 0.0193575 -0.0039325 -0.137356 -0.0203736 0.990312 58.2919
0.987351 0.00544472 0.158456 0.329466 -0.00857661 0.999781 0.0190879 0.00386398 -0.158317 -0.0202055 0.987182 59.371
0.983893 0.00373815 0.178721 0.499945 -0.00722708 0.999796 0.0188746 0.0128068 -0.178614 -0.0198622 0.983719 60.4425
0.979492 -0.00133626 0.20148 0.711592 -0.00292488 0.999778 0.02085 0.00395461 -0.201463 -0.0210117 0.979271 61.4889
0.974625 -0.00684776 0.223739 0.935791 0.00173787 0.999733 0.0230275 0.012976 -0.223837 -0.0220544 0.974377 62.5217
0.968753 -0.0113872 0.247769 1.1853 0.00579232 0.999712 0.0232981 0.0252992 -0.247962 -0.021135 0.968539 63.5341
0.961746 -0.0166672 0.273435 1.47155 0.0108711 0.999683 0.0226988 0.0261213 -0.273727 -0.0188579 0.961623 64.5297
0.95409 -0.0195481 0.298883 1.76313 0.0131905 0.999642 0.0232739 0.03862 -0.299231 -0.018263 0.954006 65.5023
0.94494 -0.0216882 0.326524 2.09261 0.014424 0.999592 0.0246523 0.05991 -0.326925 -0.0185852 0.944867 66.4588
0.934951 -0.0259117 0.35383 2.43896 0.0174101 0.999479 0.0271899 0.0673919 -0.35435 -0.019261 0.934915 67.396
0.923635 -0.028288 0.382229 2.8141 0.0190393 0.999428 0.0279583 0.078604 -0.382802 -0.0185459 0.923645 68.311
0.910899 -0.0278379 0.411689 3.20678 0.0179868 0.999452 0.0277842 0.113942 -0.412237 -0.0179036 0.910901 69.1994
0.89757 -0.0279996 0.439983 3.62219 0.0195773 0.999528 0.02367 0.126549 -0.440438 -0.0126318 0.897694 70.0698
0.882982 -0.0293126 0.468492 4.06701 0.0211617 0.999519 0.0226537 0.152896 -0.468931 -0.0100888 0.883178 70.9073
0.866346 -0.0305861 0.498508 4.54011 0.0208914 0.999469 0.025016 0.167414 -0.499009 -0.0112579 0.866524 71.761
0.848614 -0.0303455 0.528143 5.02269 0.0172001 0.999408 0.0297861 0.184083 -0.528734 -0.0161928 0.848633 72.5695
0.828153 -0.0312956 0.559629 5.5538 0.0163811 0.999365 0.0316453 0.193476 -0.560264 -0.0170398 0.828139 73.3628
0.80675 -0.0267556 0.590288 6.0776 0.0120448 0.999511 0.0288425 0.207159 -0.590771 -0.0161588 0.806678 74.1241
0.784518 -0.0204035 0.619771 6.63877 0.00814263 0.999711 0.0226045 0.21635 -0.620053 -0.012687 0.784457 74.8607
0.761386 -0.0188654 0.648025 7.23184 0.00695881 0.999757 0.0209289 0.227571 -0.648262 -0.0114255 0.761332 75.5739
0.737956 -0.0208923 0.674526 7.8447 0.00724297 0.999708 0.0230402 0.234573 -0.67481 -0.0121171 0.737892 76.2565
0.713044 -0.0218648 0.700779 8.48075 0.00711388 0.999688 0.0239526 0.252519 -0.701084 -0.012094 0.712977 76.9121
0.687123 -0.0204561 0.726253 9.14964 0.00629942 0.999734 0.0221991 0.251817 -0.726514 -0.0106785 0.687069 77.5434
0.660825 -0.0187947 0.750305 9.81075 0.00531608 0.999779 0.0203618 0.269344 -0.750522 -0.00946687 0.660778 78.1386
0.632972 -0.0179324 0.773967 10.5119 0.00388461 0.999793 0.0199877 0.285934 -0.774165 -0.00964513 0.63291 78.7233
0.60524 -0.0169335 0.795863 11.2193 0.00294222 0.999814 0.0190355 0.289809 -0.796038 -0.00917944 0.605177 79.2789
0.576178 -0.0121554 0.817234 11.9536 0.00103516 0.999899 0.0141425 0.291762 -0.817323 -0.00730265 0.576133 79.8105
0.544944 -0.00366572 0.838465 12.716 -0.00100679 0.999987 0.00502623 0.299427 -0.838472 -0.00358317 0.544933 80.3229
0.514352 0.00312016 0.857574 13.4851 -0.00311796 0.999994 -0.00176825 0.301105 -0.857574 -0.00176438 0.514358 80.8001
0.482545 0.00708949 0.875843 14.2798 -0.00566507 0.999971 -0.00497307 0.29636 -0.875853 -0.00256198 0.482571 81.2525
0.44924 0.00655304 0.893387 15.1092 -0.00815753 0.999961 -0.00323275 0.294254 -0.893374 -0.00583556 0.449276 81.6872
0.416269 0.00569959 0.909224 15.9441 -0.0130693 0.999914 -0.000284571 0.293446 -0.909148 -0.0117645 0.416308 82.0869
0.381376 0.00685277 0.924395 16.8126 -0.0180878 0.999836 5.04448e-05 0.287855 -0.924243 -0.0167395 0.381438 82.4614
0.346444 0.00781221 0.938039 17.6754 -0.0241005 0.999709 0.000575165 0.279765 -0.937761 -0.0228065 0.346531 82.8059
0.310364 0.0100143 0.950566 18.5613 -0.0292755 0.999571 -0.000972032 0.269443 -0.950167 -0.0275266 0.310524 83.1247
0.273886 0.00931864 0.961717 19.4653 -0.031773 0.999495 -0.000636126 0.265819 -0.961237 -0.0303824 0.274043 83.4025
0.237542 0.00828576 0.971342 20.3847 -0.0328576 0.99946 -0.000490268 0.265722 -0.970821 -0.0317995 0.237686 83.6474
0.201613 0.00771487 0.979435 21.3105 -0.0329636 0.999456 -0.00108715 0.261051 -0.978911 -0.0320665 0.201757 83.8575
0.165965 0.00709976 0.986106 22.2559 -0.0311596 0.999512 -0.00195201 0.253319 -0.985639 -0.0304027 0.166105 84.0156
0.131059 0.00539055 0.99136 23.2013 -0.0259502 0.999661 -0.00200503 0.242724 -0.991035 -0.0254632 0.131155 84.1541
0.0969185 0.00764378 0.995263 24.1586 -0.0251669 0.999669 -0.00522687 0.239764 -0.994974 -0.0245412 0.0970789 84.2532
0.0648024 0.0123376 0.997822 25.1128 -0.0248241 0.999634 -0.0107479 0.246079 -0.997589 -0.0240735 0.065085 84.3179
0.0351318 0.0141081 0.999283 26.0817 -0.0205508 0.999699 -0.0133915 0.220377 -0.999171 -0.0200656 0.0354113 84.3547
0.00867245 0.0132328 0.999875 27.0563 -0.0185023 0.999743 -0.0130706 0.202828 -0.999791 -0.0183867 0.00891516 84.3705
-0.0129331 0.0101178 0.999866 28.0381 -0.0183122 0.999779 -0.0103538 0.190143 -0.999749 -0.0184437 -0.0127449 84.3614
-0.0319623 0.00803343 0.999457 29.0278 -0.0184253 0.999793 -0.00862536 0.17989 -0.999319 -0.018691 -0.0318076 84.3368
-0.0493969 0.00911139 0.998738 30.0016 -0.0172833 0.999801 -0.0099759 0.17077 -0.99863 -0.0177543 -0.0492295 84.2956
-0.0627648 0.0127027 0.997948 30.9797 -0.0151695 0.999791 -0.0136803 0.158865 -0.997913 -0.015997 -0.0625588 84.2343
-0.0751037 0.0163135 0.997043 31.9713 -0.0120202 0.999779 -0.0172637 0.139682 -0.997103 -0.0132812 -0.0748909 84.1671
-0.0852191 0.0193467 0.996175 32.9547 -0.00738004 0.999772 -0.0200479 0.113763 -0.996335 -0.00906029 -0.0850568 84.0755
-0.0906159 0.0236814 0.995605 33.9546 -0.00480272 0.999695 -0.0242158 0.0971952 -0.995874 -0.00697596 -0.0904744 83.9789
-0.0942104 0.027648 0.995169 34.9493 -0.0032993 0.9996 -0.0280835 0.0810813 -0.995547 -0.00592912 -0.0940814 83.8914
-0.0980478 0.0302812 0.994721 35.9457 -0.00243273 0.999527 -0.0306673 0.0444037 -0.995179 -0.00542675 -0.0979276 83.7943
-0.100221 0.0322527 0.994443 36.9433 -0.00229845 0.999464 -0.0326472 0.0103365 -0.994963 -0.00555764 -0.100094 83.6952
-0.103637 0.0345794 0.994014 37.9404 -0.00223431 0.999385 -0.0349992 -0.0256782 -0.994613 -0.00584817 -0.103496 83.5926
-0.104699 0.0376811 0.99379 38.9401 -0.000991478 0.999277 -0.0379936 -0.0633596 -0.994503 -0.00496322 -0.104586 83.4886
-0.107204 0.0382649 0.993501 39.9538 0.000659134 0.999261 -0.0384156 -0.105803 -0.994237 -0.00346347 -0.10715 83.3781
-0.110241 0.0372494 0.993207 40.9665 0.00185356 0.999303 -0.0372723 -0.144396 -0.993903 -0.00226799 -0.110234 83.2687
-0.111894 0.0367587 0.99304 41.9936 0.00167919 0.999321 -0.036802 -0.186657 -0.993719 -0.00245042 -0.11188 83.1572
-0.114115 0.0370113 0.992778 43.0119 0.00153285 0.999311 -0.0370787 -0.237757 -0.993466 -0.00270947 -0.114093 83.043
-0.117453 0.0383979 0.992336 44.0309 0.00111266 0.999257 -0.038534 -0.283779 -0.993078 -0.0034218 -0.117408 82.9262
-0.119745 0.0401582 0.991992 45.0644 -0.000175624 0.999181 -0.0404704 -0.331724 -0.992805 -0.00502036 -0.11964 82.8117
-0.123047 0.0426516 0.991484 46.0803 -0.00145454 0.999067 -0.0431583 -0.37838 -0.9924 -0.00675267 -0.12287 82.6903
-0.124715 0.0454594 0.991151 47.1323 -0.00427008 0.998916 -0.0463529 -0.427651 -0.992184 -0.0100132 -0.124386 82.5724
-0.127104 0.0464983 0.990799 48.1737 -0.00581692 0.998848 -0.0476222 -0.487516 -0.991872 -0.0118164 -0.126687 82.4519
-0.130855 0.0449268 0.990383 49.2176 -0.00785534 0.998894 -0.0463508 -0.549536 -0.991371 -0.0138451 -0.130358 82.3249
-0.133104 0.0430263 0.990168 50.2847 -0.00920129 0.99896 -0.0446452 -0.586342 -0.99106 -0.0150533 -0.132569 82.1918
-0.135613 0.0420152 0.989871 51.3416 -0.0100701 0.99899 -0.0437818 -0.650766 -0.990711 -0.0159054 -0.135053 82.0526
-0.138349 0.0423223 0.989479 52.3936 -0.0102374 0.998972 -0.0441597 -0.70697 -0.990331 -0.0162392 -0.137774 81.9145
-0.138922 0.0441116 0.989321 53.4531 -0.00929941 0.998905 -0.0458448 -0.764571 -0.99026 -0.015569 -0.13836 81.7711
-0.139633 0.0454638 0.989159 54.516 -0.00892509 0.998847 -0.047169 -0.817841 -0.990163 -0.0154147 -0.139066 81.6264
-0.140763 0.0453501 0.989004 55.5788 -0.00975641 0.998838 -0.0471896 -0.871116 -0.989996 -0.0162917 -0.140157 81.4808
-0.139929 0.0447796 0.989149 56.6619 -0.0117568 0.998831 -0.0468811 -0.924998 -0.990092 -0.0181893 -0.139239 81.3414
-0.140591 0.0445588 0.989065 57.7324 -0.0147017 0.998782 -0.0470863 -0.97829 -0.989959 -0.0211609 -0.139764 81.2043
-0.140361 0.045383 0.98906 58.8081 -0.0181835 0.998662 -0.0484041 -1.03261 -0.989934 -0.0247786 -0.139348 81.0655
-0.14058 0.0449856 0.989047 59.885 -0.0217456 0.998586 -0.0485103 -1.09555 -0.989831 -0.028327 -0.139403 80.9228
-0.142026 0.0441656 0.988877 60.9617 -0.0247766 0.998532 -0.0481554 -1.15826 -0.989553 -0.0313404 -0.140723 80.7785
-0.14182 0.0396517 0.989098 62.0587 -0.0259181 0.998706 -0.0437531 -1.2249 -0.989553 -0.0318407 -0.140609 80.6292
-0.142564 0.0324412 0.989254 63.1624 -0.0243755 0.999044 -0.0362751 -1.28235 -0.989486 -0.0292851 -0.141637 80.4712
-0.143934 0.0288696 0.989166 64.2656 -0.0202789 0.999278 -0.0321155 -1.33534 -0.98938 -0.0246817 -0.143244 80.3113
-0.143093 0.0306087 0.989236 65.3745 -0.0142638 0.999354 -0.032985 -1.38487 -0.989607 -0.0188302 -0.142563 80.1459
-0.143591 0.0352628 0.989009 66.4667 -0.00920858 0.999274 -0.0369658 -1.43396 -0.989595 -0.0144153 -0.143162 79.9752
-0.142559 0.0403239 0.988965 67.5683 -0.00762187 0.999095 -0.0418356 -1.48426 -0.989757 -0.0135018 -0.142122 79.8094
-0.142029 0.0421228 0.988966 68.6817 -0.00712654 0.999024 -0.0435747 -1.54993 -0.989837 -0.0132368 -0.141591 79.6483
-0.143284 0.0417839 0.988799 69.8005 -0.00837406 0.999021 -0.0434293 -1.60051 -0.989646 -0.014503 -0.142794 79.4882
-0.142241 0.0377314 0.989113 70.9334 -0.00912632 0.99918 -0.0394278 -1.6498 -0.98979 -0.0146352 -0.14178 79.328
-0.142312 0.036333 0.989155 72.0672 -0.0100411 0.999221 -0.0381474 -1.69704 -0.989771 -0.015361 -0.141836 79.1752
-0.143127 0.0361253 0.989045 73.2031 -0.0122898 0.999191 -0.0382744 -1.74469 -0.989628 -0.0176332 -0.142567 79.0184
-0.142237 0.0392511 0.989054 74.3415 -0.0115755 0.999079 -0.0413136 -1.79548 -0.989765 -0.0173251 -0.141652 78.8609
-0.14276 0.0417602 0.988876 75.4796 -0.0103156 0.998992 -0.0436766 -1.84915 -0.989704 -0.0164361 -0.142185 78.7028
-0.141903 0.0409501 0.989033 76.6266 -0.0110278 0.999016 -0.0429456 -1.90497 -0.989819 -0.017001 -0.141311 78.543
-0.141337 0.0366954 0.989281 77.7887 -0.00753085 0.999244 -0.0381408 -1.94653 -0.989933 -0.0128408 -0.140953 78.3799
-0.141919 0.0349596 0.989261 78.9476 -0.00880526 0.999292 -0.0365773 -2.00794 -0.989839 -0.0139017 -0.141511 78.2191
-0.141037 0.0367821 0.989321 80.107 -0.0119195 0.999174 -0.0388476 -2.05734 -0.989933 -0.0172712 -0.140482 78.0643
-0.140769 0.0383817 0.989298 81.268 -0.013023 0.99909 -0.0406146 -2.11093 -0.989957 -0.0186009 -0.140141 77.9043
-0.141718 0.0381747 0.989171 82.4413 -0.0139889 0.999079 -0.0405612 -2.16188 -0.989808 -0.0195857 -0.141054 77.7458
-0.140431 0.0360404 0.989435 83.6182 -0.0143575 0.999158 -0.0384323 -2.20116 -0.989987 -0.0196029 -0.139795 77.5844
-0.139896 0.0354293 0.989532 84.8006 -0.0133374 0.999201 -0.0376611 -2.2444 -0.990076 -0.0184664 -0.139312 77.4234
-0.139836 0.0358356 0.989526 85.9842 -0.0119467 0.999211 -0.0378746 -2.29049 -0.990103 -0.0171178 -0.139297 77.2587
-0.138598 0.0357296 0.989704 87.1678 -0.0102325 0.999244 -0.0375069 -2.33611 -0.990296 -0.0153256 -0.138128 77.0953
-0.138309 0.0357351 0.989745 88.366 -0.0105495 0.999239 -0.0375521 -2.38039 -0.990333 -0.0156351 -0.137826 76.9294
-0.136317 0.0358093 0.990018 89.5503 -0.0100233 0.999245 -0.0375232 -2.42258 -0.990615 -0.0150383 -0.135855 76.7689
-0.135384 0.0346148 0.990189 90.7562 -0.00935664 0.9993 -0.0362126 -2.46837 -0.990749 -0.0141674 -0.134965 76.6104
-0.134962 0.0337339 0.990277 91.9726 -0.0106799 0.999312 -0.0354973 -2.51817 -0.990793 -0.0153668 -0.134509 76.4513
-0.133257 0.0330202 0.990532 93.1777 -0.0097563 0.999352 -0.0346267 -2.56833 -0.991034 -0.0142782 -0.132848 76.2937
-0.131788 0.0331265 0.990725 94.391 -0.0114339 0.999324 -0.034935 -2.62042 -0.991212 -0.0159318 -0.131319 76.1389
-0.131018 0.0344472 0.990782 95.6238 -0.0114533 0.999277 -0.0362571 -2.66772 -0.991314 -0.016098 -0.130528 75.9828
-0.129387 0.0336342 0.991024 96.8522 -0.0128591 0.999283 -0.0355934 -2.71389 -0.991511 -0.0173489 -0.128861 75.8294
-0.129848 0.0322117 0.991011 98.0907 -0.0154724 0.999284 -0.0345078 -2.75434 -0.991413 -0.0198141 -0.129256 75.6782
-0.129229 0.0322418 0.991091 99.323 -0.0177739 0.999235 -0.0348243 -2.80701 -0.991456 -0.0221159 -0.128557 75.5237
-0.129901 0.0317271 0.99102 100.566 -0.0195737 0.999211 -0.034555 -2.85641 -0.991334 -0.0238867 -0.129177 75.3767
-0.131823 0.0297315 0.990828 101.822 -0.0210609 0.99924 -0.0327859 -2.90236 -0.99105 -0.0251896 -0.131096 75.2202
-0.13204 0.0285141 0.990835 103.08 -0.0225421 0.999241 -0.03176 -2.94495 -0.990988 -0.026529 -0.131297 75.0716
-0.133655 0.0273184 0.990652 104.332 -0.0239306 0.999239 -0.0307839 -2.98734 -0.990739 -0.0278213 -0.132899 74.9162
-0.136213 0.0271597 0.990308 105.587 -0.0240348 0.999239 -0.0307105 -3.02764 -0.990388 -0.027985 -0.135457 74.7555
-0.138155 0.0260995 0.990067 106.831 -0.0236131 0.999282 -0.0296373 -3.07304 -0.990129 -0.0274731 -0.137439 74.5852
-0.142267 0.02358 0.989548 108.089 -0.0244857 0.999326 -0.0273333 -3.10104 -0.989525 -0.0281184 -0.141593 74.4127
-0.145505 0.0231745 0.989086 109.328 -0.0240796 0.999346 -0.0269572 -3.142 -0.989064 -0.0277393 -0.144852 74.2471
-0.151403 0.0268026 0.988109 110.569 -0.0282745 0.999106 -0.0314332 -3.18798 -0.988068 -0.0326973 -0.15051 74.0802
-0.159897 0.0287483 0.986715 111.804 -0.0294762 0.998991 -0.0338826 -3.23996 -0.986694 -0.0345024 -0.158888 73.896
-0.168024 0.0259852 0.985441 113.027 -0.0279911 0.999123 -0.0311187 -3.29607 -0.985385 -0.0328123 -0.16715 73.6913
-0.179048 0.0240959 0.983546 114.259 -0.0266684 0.999214 -0.0293345 -3.34083 -0.983479 -0.0314819 -0.178264 73.4795
-0.192836 0.0249722 0.980914 115.492 -0.0264624 0.99918 -0.0306394 -3.39947 -0.980874 -0.0318657 -0.192017 73.2404
-0.206404 0.0242174 0.978167 116.687 -0.0263572 0.999193 -0.0302996 -3.44143 -0.978112 -0.0320357 -0.205599 72.998
-0.221852 0.0237332 0.974792 117.912 -0.0251233 0.999233 -0.0300461 -3.4734 -0.974757 -0.0311557 -0.221085 72.7352
-0.236388 0.0238454 0.971366 119.095 -0.0238669 0.999255 -0.0303382 -3.52539 -0.971366 -0.0303551 -0.235643 72.4576
-0.251363 0.0271909 0.967511 120.282 -0.0239189 0.999125 -0.0342936 -3.56193 -0.967597 -0.031762 -0.250492 72.1642
-0.267499 0.0292579 0.963114 121.477 -0.0250476 0.99899 -0.0373046 -3.61712 -0.963233 -0.0341027 -0.266495 71.851
-0.282637 0.0278927 0.958822 122.642 -0.0266955 0.998961 -0.0369296 -3.66662 -0.958855 -0.0360339 -0.281599 71.5308
-0.298536 0.0233633 0.954113 123.812 -0.0306003 0.998952 -0.0340359 -3.71655 -0.953908 -0.0393571 -0.297508 71.1876
-0.315212 0.0201683 0.948807 124.984 -0.0337211 0.998905 -0.0324359 -3.75932 -0.948422 -0.042219 -0.314187 70.8252
-0.329594 0.0201489 0.943908 126.124 -0.0360357 0.998775 -0.0339031 -3.81346 -0.943435 -0.0451887 -0.328465 70.4478
-0.344825 0.021389 0.938424 127.264 -0.0357154 0.998717 -0.0358869 -3.85784 -0.937987 -0.0458909 -0.343618 70.0515
-0.357889 0.0221578 0.933502 128.393 -0.0346437 0.998715 -0.0369876 -3.90981 -0.933121 -0.0455774 -0.356661 69.6381
-0.372033 0.0220971 0.927957 129.514 -0.0335448 0.998743 -0.0372313 -3.96118 -0.927613 -0.0449795 -0.370824 69.2035
-0.386467 0.0211644 0.922061 130.63 -0.0332254 0.998768 -0.036851 -4.01208 -0.921705 -0.0448775 -0.385287 68.7535
-0.399769 0.0196833 0.916405 131.73 -0.0332972 0.998797 -0.0359784 -4.06975 -0.916011 -0.0448968 -0.398633 68.2903
-0.414195 0.0205787 0.909956 132.822 -0.0332911 0.998733 -0.0377399 -4.11047 -0.909579 -0.0459252 -0.412985 67.8149
-0.429571 0.022133 0.902762 133.912 -0.0331486 0.998639 -0.040257 -4.15655 -0.902425 -0.0472185 -0.428252 67.3132
-0.442905 0.0232706 0.896267 134.983 -0.0315911 0.998637 -0.0415398 -4.1947 -0.896012 -0.0467122 -0.441566 66.8064
-0.45763 0.0251807 0.888786 136.048 -0.0285464 0.998667 -0.0429921 -4.24878 -0.888684 -0.0450461 -0.456301 66.2734
-0.473008 0.0281341 0.880609 137.114 -0.0278001 0.998516 -0.0468335 -4.30055 -0.88062 -0.0466337 -0.471524 65.7167
-0.487039 0.0298051 0.872872 138.167 -0.0271216 0.998419 -0.0492252 -4.35868 -0.872959 -0.0476483 -0.485461 65.1503
-0.502911 0.028097 0.863882 139.232 -0.0269469 0.998476 -0.0481618 -4.42307 -0.863918 -0.0475001 -0.501387 64.5558
-0.517489 0.0255277 0.855309 140.286 -0.0277206 0.99853 -0.0465741 -4.47852 -0.855241 -0.0478113 -0.51602 63.9407
-0.533642 0.0247999 0.845347 141.33 -0.028206 0.998492 -0.0470983 -4.54193 -0.84524 -0.0489776 -0.532137 63.3098
-0.55029 0.0237263 0.834637 142.372 -0.0299233 0.998394 -0.0481103 -4.59938 -0.834437 -0.0514498 -0.548696 62.6461
-0.565061 0.0228405 0.824734 143.398 -0.0300736 0.998382 -0.0482543 -4.66021 -0.824501 -0.0520694 -0.563459 61.9672
-0.580196 0.0221671 0.814175 144.414 -0.0304586 0.99834 -0.0488866 -4.72128 -0.813907 -0.0531625 -0.578557 61.2664
-0.595928 0.0215003 0.80275 145.435 -0.0309706 0.998282 -0.0497285 -4.78464 -0.802441 -0.0544963 -0.594238 60.5396
-0.609908 0.0190663 0.792243 146.426 -0.0320273 0.998301 -0.0486816 -4.84695 -0.791825 -0.0550648 -0.608261 59.8007
-0.625341 0.0166648 0.780174 147.415 -0.0319784 0.998385 -0.0469579 -4.9021 -0.779696 -0.0543135 -0.623798 59.0342
-0.639173 0.0146559 0.768923 148.394 -0.0322088 0.998431 -0.0458042 -4.9578 -0.768388 -0.0540429 -0.637698 58.2513
-0.653288 0.0132627 0.756993 149.357 -0.0330225 0.998396 -0.0459907 -5.0209 -0.756389 -0.055043 -0.651802 57.4468
-0.668424 0.0126216 0.743674 150.303 -0.0348572 0.998226 -0.048272 -5.08639 -0.742964 -0.0581886 -0.666797 56.6234
-0.682711 0.0118485 0.730592 151.24 -0.037025 0.998023 -0.050784 -5.15671 -0.72975 -0.061721 -0.680923 55.7829
-0.698061 0.00837111 0.715989 152.161 -0.0387649 0.998023 -0.0494628 -5.2249 -0.714988 -0.0622834 -0.696357 54.9176
-0.714189 0.00372693 0.699943 153.065 -0.0407261 0.99807 -0.0468694 -5.28509 -0.698767 -0.0619796 -0.712659 54.0315
-0.73013 0.00121652 0.683308 153.961 -0.0421887 0.99801 -0.0468564 -5.35069 -0.682005 -0.0630392 -0.728625 53.1249
-0.746866 -0.000748004 0.664974 154.837 -0.0435054 0.997912 -0.0477406 -5.42487 -0.66355 -0.0645859 -0.745339 52.1875
-0.763929 -0.00314655 0.645293 155.688 -0.0457136 0.99774 -0.0492527 -5.49797 -0.64368 -0.0671243 -0.762345 51.2297
-0.780056 -0.00394232 0.625697 156.509 -0.0463119 0.997601 -0.0514516 -5.5703 -0.623993 -0.0691124 -0.778367 50.2487
-0.796323 -0.00443399 0.604856 157.303 -0.0462508 0.997492 -0.0535792 -5.66186 -0.603101 -0.0706415 -0.79453 49.2334
-0.810706 -0.00257805 0.585449 158.073 -0.0424464 0.997617 -0.0543851 -5.73214 -0.583913 -0.0689405 -0.808883 48.2181
-0.82494 -0.002148 0.565217 158.814 -0.0396521 0.997749 -0.0540809 -5.81398 -0.563828 -0.0670256 -0.823168 47.1713
-0.839289 -0.00112131 0.543685 159.524 -0.0380829 0.997663 -0.0567312 -5.8792 -0.542351 -0.068319 -0.83737 46.1115
-0.852227 -7.02568e-05 0.523173 160.214 -0.0376299 0.997418 -0.0611637 -5.95017 -0.521818 -0.0718123 -0.850029 45.0397
-0.864715 0.000288904 0.502263 160.873 -0.0357634 0.997426 -0.0621454 -6.02757 -0.500988 -0.0717008 -0.862479 43.9497
-0.876214 -0.00104149 0.481921 161.509 -0.0347779 0.997527 -0.0610763 -6.10703 -0.480665 -0.0702762 -0.874083 42.8372
-0.885883 0.00109121 0.463908 162.119 -0.0319722 0.997476 -0.0634008 -6.18806 -0.462806 -0.0709979 -0.883612 41.7157
-0.895455 0.00101039 0.445152 162.701 -0.0316496 0.997322 -0.0659291 -6.27858 -0.444026 -0.0731255 -0.893025 40.5912
-0.903684 0.000325527 0.4282 163.264 -0.0313465 0.997266 -0.0669127 -6.35682 -0.427051 -0.0738905 -0.901203 39.4556
-0.911311 -0.0015549 0.411715 163.807 -0.0320175 0.997232 -0.067103 -6.43883 -0.410471 -0.0743339 -0.908839 38.3021
-0.918572 -0.00269569 0.395245 164.327 -0.0318645 0.997227 -0.0672535 -6.52086 -0.393967 -0.0743715 -0.91611 37.1393
-0.924417 -0.00386142 0.381364 164.833 -0.0318783 0.997232 -0.067175 -6.6064 -0.380048 -0.074255 -0.921981 35.9679
-0.930079 -0.00629072 0.367305 165.323 -0.0331284 0.997216 -0.0668079 -6.70019 -0.365862 -0.0743049 -0.927698 34.789
-0.935591 -0.0105101 0.352928 165.791 -0.0354765 0.997297 -0.0643468 -6.77759 -0.351298 -0.0727231 -0.933435 33.5897
-0.939817 -0.0139599 0.341393 166.25 -0.0371481 0.997417 -0.0614794 -6.85698 -0.339653 -0.0704616 -0.937908 32.3883
-0.943824 -0.0138568 0.330158 166.682 -0.0356964 0.997549 -0.0601784 -6.9322 -0.328515 -0.0685834 -0.942005 31.1772
-0.947303 -0.0122928 0.320102 167.094 -0.0331585 0.997658 -0.0598158 -7.02687 -0.318617 -0.0672779 -0.945493 29.9564
-0.949019 -0.00839486 0.315108 167.501 -0.0293302 0.99766 -0.0617556 -7.11314 -0.313852 -0.0678495 -0.947044 28.7494
-0.950857 -0.00701837 0.309552 167.898 -0.0275796 0.997689 -0.0620965 -7.19746 -0.308401 -0.0675822 -0.948853 27.5347
-0.952736 -0.00904317 0.303663 168.298 -0.0291284 0.997671 -0.0616787 -7.27704 -0.302398 -0.0676088 -0.950781 26.3059
-0.953862 -0.0146828 0.299885 168.71 -0.0335855 0.997753 -0.0579762 -7.35418 -0.29836 -0.0653732 -0.952212 25.0796
-0.955756 -0.0197901 0.293493 169.098 -0.0381423 0.997649 -0.0569387 -7.42934 -0.291676 -0.0656141 -0.954264 23.8536
-0.956657 -0.0246226 0.290175 169.505 -0.0431436 0.997407 -0.0576029 -7.50557 -0.288004 -0.0676255 -0.955238 22.6252
-0.957582 -0.0279145 0.286805 169.89 -0.0468429 0.997138 -0.0593479 -7.58307 -0.284328 -0.0702654 -0.956149 21.3938
-0.958525 -0.0287815 0.28355 170.258 -0.0479756 0.996985 -0.0609809 -7.66602 -0.28094 -0.0720553 -0.957017 20.1641
-0.958461 -0.028677 0.283777 170.631 -0.0482363 0.996899 -0.0621778 -7.75062 -0.281113 -0.0732835 -0.956872 18.9354
-0.958358 -0.0272557 0.284264 171.001 -0.0470223 0.996909 -0.0629443 -7.84096 -0.28167 -0.0736901 -0.956677 17.7032
-0.9584 -0.0269564 0.284151 171.37 -0.0471166 0.996814 -0.0643533 -7.92869 -0.281511 -0.0750646 -0.956617 16.4783
-0.957581 -0.0265043 0.286941 171.744 -0.0470543 0.996778 -0.0649592 -8.01687 -0.284295 -0.0757056 -0.955743 15.2548
-0.957431 -0.0254609 0.287537 172.114 -0.0457591 0.996894 -0.0640937 -8.10059 -0.285012 -0.0745228 -0.955623 14.0247
-0.955985 -0.0253077 0.292323 172.501 -0.0459199 0.996901 -0.063866 -8.18786 -0.289801 -0.0744784 -0.954185 12.8005
-0.954922 -0.0258412 0.29573 172.883 -0.0467363 0.996867 -0.063806 -8.26645 -0.293155 -0.0747512 -0.953138 11.5892
-0.953944 -0.0257201 0.298879 173.269 -0.0460606 0.997061 -0.0612109 -8.34143 -0.296427 -0.0721584 -0.952326 10.3781
-0.951284 -0.0269795 0.307132 173.679 -0.0471425 0.997178 -0.0584196 -8.43147 -0.304689 -0.0700527 -0.949872 9.17424
-0.94902 -0.0261609 0.314128 174.08 -0.0462577 0.997319 -0.0566927 -8.49056 -0.311803 -0.0683334 -0.947686 7.97209
-0.947051 -0.0254771 0.320069 174.472 -0.0455444 0.997427 -0.0553672 -8.56767 -0.317835 -0.0670131 -0.945775 6.76233
-0.943792 -0.0240892 0.329661 174.886 -0.0449741 0.997424 -0.0558726 -8.64444 -0.327466 -0.0675583 -0.942445 5.56782
-0.940508 -0.0226733 0.339014 175.313 -0.043831 0.99753 -0.054883 -8.73085 -0.336932 -0.0664773 -0.939179 4.37821
-0.937197 -0.0207166 0.348186 175.747 -0.0423384 0.99761 -0.0546041 -8.80855 -0.346222 -0.0659164 -0.935834 3.1812
-0.932472 -0.01894 0.360746 176.198 -0.0413595 0.997655 -0.0545287 -8.88582 -0.358867 -0.0657668 -0.931069 1.99231
-0.927866 -0.0193748 0.372411 176.657 -0.0428381 0.997576 -0.0548326 -8.98805 -0.370446 -0.0668307 -0.926447 0.806141
-0.922117 -0.0192246 0.386433 177.14 -0.0430441 0.997662 -0.0530806 -9.08783 -0.384509 -0.0655803 -0.920789 -0.358795
-0.91638 -0.0195799 0.39983 177.645 -0.0435366 0.997753 -0.050922 -9.1553 -0.397935 -0.0640712 -0.915174 -1.53586
-0.910858 -0.0188646 0.412287 178.172 -0.0430604 0.997846 -0.049475 -9.23173 -0.410466 -0.062818 -0.90971 -2.71106
-0.904271 -0.0204852 0.426466 178.706 -0.0452911 0.997815 -0.0481047 -9.32991 -0.424548 -0.0628149 -0.903224 -3.85479
-0.897368 -0.0193945 0.440855 179.26 -0.0439906 0.997989 -0.0456392 -9.40116 -0.439084 -0.0603488 -0.896417 -4.99615
-0.890525 -0.0192125 0.454529 179.82 -0.0435392 0.998121 -0.0431136 -9.47565 -0.452846 -0.0581836 -0.889688 -6.1258
-0.88277 -0.0200574 0.469377 180.406 -0.0435795 0.998276 -0.0393029 -9.54414 -0.46778 -0.0551507 -0.882123 -7.23369
-0.87446 -0.018099 0.48476 181.002 -0.0412086 0.998463 -0.0370578 -9.57805 -0.483344 -0.0523819 -0.873862 -8.3216
-0.86515 -0.0170539 0.501223 181.62 -0.0404054 0.998543 -0.035768 -9.64303 -0.499883 -0.0511969 -0.864579 -9.41875
-0.854609 -0.0150415 0.519054 182.246 -0.038018 0.99871 -0.0336544 -9.71016 -0.517878 -0.0484949 -0.854079 -10.4775
-0.844249 -0.0149973 0.535741 182.901 -0.0382473 0.998746 -0.0323136 -9.76974 -0.534584 -0.0477715 -0.843764 -11.5337
-0.833375 -0.0144587 0.552519 183.567 -0.0381978 0.998774 -0.0314778 -9.82207 -0.551386 -0.0473379 -0.832906 -12.5355
-0.821365 -0.0141343 0.570227 184.252 -0.0379375 0.998833 -0.0298876 -9.87524 -0.569139 -0.0461817 -0.820943 -13.5464
-0.808374 -0.0130723 0.588523 184.975 -0.0357893 0.998995 -0.0269693 -9.92397 -0.587579 -0.0428642 -0.808031 -14.5704
-0.794044 -0.0116465 0.607749 185.703 -0.0332023 0.999155 -0.0242328 -9.96457 -0.606953 -0.0394207 -0.79376 -15.5239
-0.778554 -0.00806548 0.627525 186.444 -0.0290258 0.99931 -0.0231677 -9.99849 -0.626906 -0.0362518 -0.778252 -16.494
-0.762368 -0.00622146 0.647113 187.228 -0.0265847 0.99941 -0.0217112 -10.0245 -0.646597 -0.0337553 -0.762085 -17.4359
-0.745546 -0.00579717 0.666429 188.009 -0.0265613 0.999426 -0.0210207 -10.0552 -0.665924 -0.0333732 -0.745272 -18.3178
-0.727617 -0.00607626 0.685956 188.826 -0.0263196 0.999471 -0.0190647 -10.0976 -0.685478 -0.031926 -0.727393 -19.2004
-0.70839 -0.00561646 0.705799 189.653 -0.0255606 0.999516 -0.0177007 -10.123 -0.705358 -0.0305798 -0.708191 -20.0444
-0.68929 -0.00494911 0.724468 190.503 -0.0246521 0.999557 -0.0166267 -10.1494 -0.724066 -0.0293204 -0.689108 -20.8631
-0.669815 -0.00565348 0.742506 191.376 -0.0272821 0.999483 -0.0170011 -10.18 -0.742026 -0.0316448 -0.669624 -21.6679
-0.649804 -0.00553969 0.760082 192.255 -0.0259595 0.999551 -0.0149081 -10.2031 -0.759658 -0.0294188 -0.649656 -22.4366
-0.628366 -0.00533995 0.777899 193.17 -0.0241138 0.999629 -0.0126165 -10.2182 -0.777543 -0.0266859 -0.628263 -23.1857
-0.605795 -0.00506833 0.795604 194.094 -0.0234383 0.999659 -0.0114784 -10.236 -0.795275 -0.0256012 -0.605708 -23.9083
-0.581296 -0.00238327 0.813689 195.04 -0.0211046 0.999703 -0.012149 -10.2576 -0.813418 -0.0242348 -0.581174 -24.594
-0.556097 -0.00142147 0.831116 196.005 -0.0196085 0.999742 -0.0114101 -10.2786 -0.830886 -0.0226421 -0.555982 -25.2597
-0.529961 -0.00211884 0.848019 196.991 -0.0201368 0.999746 -0.0100864 -10.2979 -0.847783 -0.0224219 -0.529869 -25.895
-0.50324 -0.0038014 0.864138 197.996 -0.0195891 0.999783 -0.00700982 -10.3155 -0.863925 -0.0204554 -0.503205 -26.4943
-0.474815 -0.00399474 0.880076 199.025 -0.0194834 0.999792 -0.00597346 -10.3407 -0.87987 -0.0199832 -0.474794 -27.0676
-0.444377 -0.00263742 0.895836 200.054 -0.0181919 0.999816 -0.00608053 -10.3504 -0.895655 -0.0189991 -0.444344 -27.5899
-0.413309 -0.00281187 0.910586 201.114 -0.0179465 0.999826 -0.00505835 -10.3769 -0.910414 -0.0184325 -0.413287 -28.0849
-0.383735 -0.00246856 0.92344 202.19 -0.0143807 0.999891 -0.00330299 -10.4008 -0.923331 -0.0145472 -0.383729 -28.5454
-0.352075 -0.00210975 0.935969 203.28 -0.0127957 0.999915 -0.00255939 -10.4001 -0.935884 -0.0128776 -0.352072 -28.9762
-0.319737 -0.0023758 0.947503 204.391 -0.00956846 0.999954 -0.00072161 -10.3951 -0.947458 -0.00929694 -0.319746 -29.3778
-0.286347 -0.00325176 0.95812 205.495 -0.007976 0.999967 0.00101003 -10.3937 -0.958092 -0.00735282 -0.286364 -29.7205
-0.252408 -0.00419482 0.967611 206.606 -0.00595911 0.999978 0.00278064 -10.3893 -0.967602 -0.00506431 -0.252428 -30.0329
-0.217813 -0.00459882 0.975979 207.751 -0.00455171 0.999983 0.00369608 -10.4007 -0.975979 -0.00363739 -0.217831 -30.3048
-0.18262 -0.00494149 0.983171 208.889 -0.00216668 0.999987 0.00462353 -10.4027 -0.983181 -0.00128594 -0.182629 -30.5322
-0.147923 -0.00484911 0.988987 210.028 0.000282148 0.999988 0.00494522 -10.4039 -0.988998 0.00101049 -0.14792 -30.7212
-0.113194 -0.00401303 0.993565 211.196 0.00166912 0.99999 0.00422912 -10.3917 -0.993571 0.00213702 -0.113186 -30.867
-0.0789308 -0.00425606 0.996871 212.349 0.00360117 0.999983 0.00455446 -10.3808 -0.996873 0.00394932 -0.0789146 -30.9694
-0.0460263 -0.00430533 0.998931 213.518 0.00610325 0.999971 0.004591 -10.3628 -0.998921 0.00630797 -0.0459991 -31.0292
-0.0129527 -0.0046584 0.999905 214.663 0.00502288 0.999976 0.00472377 -10.3735 -0.999903 0.00508352 -0.0129294 -31.0512
0.0194822 -0.00484473 0.999798 215.824 0.0080797 0.999956 0.00468803 -10.3738 -0.999777 0.00798667 0.01952 -31.0408
0.0505905 -0.00645583 0.998698 216.996 0.0110678 0.999921 0.00590306 -10.3689 -0.998658 0.0107547 0.0506575 -30.9938
0.0819 -0.00773481 0.99661 218.157 0.0137642 0.999883 0.00662907 -10.3646 -0.996545 0.0131746 0.0819964 -30.9168
0.111889 -0.00698618 0.993696 219.324 0.0173452 0.999837 0.00507628 -10.3541 -0.993569 0.0166678 0.111991 -30.7943
0.141046 -0.00751666 0.989974 220.488 0.019335 0.999801 0.00483652 -10.3693 -0.989814 0.0184589 0.141162 -30.6383
0.171376 -0.00830775 0.98517 221.639 0.0211728 0.999765 0.00474766 -10.3811 -0.984978 0.0200451 0.171512 -30.4608
0.199756 -0.0105559 0.979789 222.784 0.0265247 0.999634 0.00536186 -10.3847 -0.979486 0.0249174 0.199963 -30.2441
0.230169 -0.011818 0.973079 223.923 0.0289801 0.999566 0.00528482 -10.3942 -0.972719 0.0269835 0.230411 -29.9972
0.259958 -0.0127669 0.965535 225.068 0.0337205 0.999423 0.00413617 -10.3985 -0.965031 0.031483 0.260238 -29.7065
0.288479 -0.0134077 0.957392 226.205 0.0354397 0.999366 0.00331688 -10.4041 -0.95683 0.0329728 0.288771 -29.3816
0.316642 -0.0146112 0.948432 227.327 0.0373855 0.999296 0.00291331 -10.4158 -0.947808 0.034535 0.316965 -29.0207
0.345293 -0.0153667 0.938369 228.45 0.0388376 0.999243 0.00207237 -10.4203 -0.937691 0.0357283 0.345628 -28.6143
0.374091 -0.0148394 0.927273 229.573 0.0423199 0.999103 -0.0010843 -10.4285 -0.926426 0.0396476 0.374384 -28.1712
0.403982 -0.0130488 0.914674 230.68 0.044043 0.999016 -0.00520043 -10.4412 -0.913706 0.0423858 0.404159 -27.7042
0.431733 -0.0138737 0.901894 231.772 0.0473589 0.998851 -0.0073054 -10.4592 -0.900757 0.0458666 0.431894 -27.1884
0.459453 -0.0164816 0.888049 232.847 0.049192 0.998765 -0.0069142 -10.4767 -0.886839 0.0468616 0.459696 -26.6393
0.485625 -0.0180619 0.87398 233.91 0.0502421 0.99871 -0.00727735 -10.4948 -0.872722 0.0474446 0.485906 -26.0625
0.509025 -0.0181593 0.86056 234.948 0.0500641 0.998709 -0.00853865 -10.5086 -0.859294 0.0474295 0.509277 -25.4534
0.531234 -0.0182357 0.847029 235.977 0.0502655 0.998685 -0.0100245 -10.5312 -0.845733 0.0479016 0.531452 -24.8162
0.551366 -0.019263 0.834041 236.992 0.0505714 0.998666 -0.0103665 -10.551 -0.832729 0.0478943 0.551604 -24.1503
0.569965 -0.0214061 0.82139 237.994 0.0514046 0.998631 -0.00964472 -10.5703 -0.820059 0.0477203 0.570285 -23.4599
0.588081 -0.0236546 0.808456 238.986 0.0528516 0.998559 -0.00922813 -10.5867 -0.807073 0.0481551 0.588484 -22.751
0.60412 -0.0268618 0.796441 239.965 0.0558064 0.998404 -0.0086571 -10.6053 -0.794937 0.0496763 0.604654 -22.0172
0.620608 -0.0286389 0.783598 240.929 0.0581339 0.998263 -0.00955742 -10.6249 -0.781963 0.0514849 0.621194 -21.2636
0.636181 -0.0292401 0.770986 241.878 0.0601271 0.998121 -0.0117597 -10.6475 -0.769194 0.0538384 0.636743 -20.4903
0.651526 -0.0305121 0.758012 242.811 0.0614256 0.998032 -0.012623 -10.667 -0.756135 0.0547855 0.652118 -19.6868
0.666897 -0.0323643 0.744447 243.728 0.0615677 0.998033 -0.0117653 -10.6854 -0.742602 0.05368 0.667578 -18.8642
0.681816 -0.035323 0.730671 244.638 0.0625609 0.997989 -0.0101318 -10.7108 -0.728844 0.0526194 0.682654 -18.0208
0.696192 -0.0372683 0.716888 245.536 0.0638487 0.997908 -0.010128 -10.7338 -0.715011 0.0528233 0.697114 -17.1648
0.710911 -0.0373711 0.702289 246.416 0.0651227 0.997795 -0.0128263 -10.7596 -0.700261 0.0548532 0.711776 -16.2906
0.72399 -0.0382329 0.68875 247.273 0.0664387 0.997686 -0.0144559 -10.7781 -0.686603 0.0562255 0.724854 -15.3931
0.735715 -0.0387584 0.676181 248.12 0.06606 0.997707 -0.0146881 -10.802 -0.674062 0.0554748 0.736588 -14.4792
0.748186 -0.0406088 0.662246 248.961 0.0669369 0.997652 -0.0144475 -10.828 -0.660105 0.055138 0.749147 -13.533
0.758679 -0.0428281 0.650056 249.788 0.0685668 0.997544 -0.0143023 -10.8615 -0.647847 0.055423 0.759751 -12.581
0.769601 -0.0440188 0.637006 250.599 0.0701582 0.99741 -0.0158382 -10.8971 -0.634659 0.0568803 0.770696 -11.6148
0.779293 -0.0456691 0.624993 251.399 0.0736164 0.997107 -0.0189311 -10.9226 -0.622321 0.0607626 0.7804 -10.6278
0.787844 -0.0476379 0.614029 252.193 0.0755932 0.996945 -0.0196461 -10.9566 -0.611218 0.0618944 0.789038 -9.62449
0.79702 -0.0501193 0.60187 252.97 0.0781419 0.996732 -0.020478 -10.9883 -0.598877 0.0633526 0.798331 -8.60373
0.804676 -0.0514143 0.591483 253.742 0.0797071 0.996579 -0.0218097 -11.02 -0.588339 0.0646951 0.806022 -7.57301
0.810136 -0.0535734 0.583789 254.515 0.0811726 0.996474 -0.0212 -11.0569 -0.580596 0.0645625 0.811628 -6.51985
0.815283 -0.0545795 0.576485 255.266 0.0812471 0.996482 -0.020559 -11.0902 -0.573335 0.0635991 0.816848 -5.45713
0.817914 -0.0560119 0.572608 256.025 0.0818722 0.996452 -0.0194743 -11.121 -0.569486 0.0628089 0.819597 -4.37265
0.821363 -0.0571428 0.567536 256.762 0.0828159 0.996373 -0.0195342 -11.1471 -0.564362 0.0630457 0.823116 -3.29703
0.823856 -0.0584198 0.563781 257.502 0.0838098 0.996296 -0.0192341 -11.1724 -0.560569 0.0630964 0.8257 -2.21507
0.825478 -0.0611799 0.561109 258.255 0.0858627 0.996149 -0.0177032 -11.1904 -0.557866 0.0627919 0.827552 -1.12166
0.828338 -0.0634973 0.556619 258.992 0.0879651 0.995973 -0.0172888 -11.2084 -0.55328 0.063284 0.830587 -0.0222136
0.830866 -0.0645913 0.552711 259.728 0.0893022 0.995844 -0.0178671 -11.2369 -0.54926 0.0642034 0.833181 1.0816
0.832695 -0.0656373 0.549828 260.475 0.0902202 0.995763 -0.0177633 -11.2654 -0.546333 0.064397 0.835088 2.19991
0.835545 -0.0659404 0.545452 261.194 0.0900998 0.995776 -0.0176377 -11.2906 -0.541985 0.0638821 0.837956 3.31453
0.837776 -0.0673124 0.541849 261.912 0.0912378 0.995677 -0.0173766 -11.3199 -0.538337 0.0639948 0.840296 4.43953
0.839522 -0.0676506 0.539098 262.641 0.0915038 0.99565 -0.0175537 -11.3493 -0.535565 0.0640662 0.84206 5.57164
0.841502 -0.0662813 0.536172 263.345 0.0896344 0.995819 -0.0175753 -11.3784 -0.532766 0.0628491 0.843925 6.68822
