1 0 0 0 0 1 0 0 0 0 1 0
0.728412 -0.00371211 0.685129 3.09223 -0.00476031 0.999934 0.0104788 0.355401 -0.685123 -0.0108943 0.728346 1.08496
0.0721988 -0.00981607 0.997342 6.50111 -0.0348115 0.999318 0.0123556 0.513764 -0.996783 -0.035611 0.0718078 -0.911949
-0.602604 -0.0506303 0.796433 7.81006 -0.0383898 0.998669 0.03444 0.681532 -0.797117 -0.00982126 -0.603745 -5.23103
-0.985477 -0.0421556 0.164491 5.01308 -0.0314111 0.997233 0.0673835 0.788774 -0.166876 0.0612381 -0.984074 -9.36984
-0.819508 -0.0151807 -0.572867 -0.570298 -0.0668053 0.995364 0.0691907 0.7875 0.569161 0.0949729 -0.816723 -10.3696
-0.564365 0.0243881 -0.825165 -5.49821 -0.0429614 0.997341 0.0588599 0.634262 0.824407 0.0686687 -0.561817 -10.1061
-0.359065 0.0230024 -0.933029 -9.08066 -0.0470444 0.997979 0.0427082 0.485243 0.932126 0.0592288 -0.357258 -8.85172
-0.115257 0.00226174 -0.993333 -12.0519 -0.0827922 0.996496 0.0118754 0.28427 0.989879 0.0836089 -0.114666 -6.57002
0.166305 -0.0298073 -0.985624 -14.8381 -0.117441 0.99183 -0.0498109 -0.335232 0.979056 0.124036 0.161446 -2.78708
0.476142 -0.0663526 -0.876862 -16.5156 -0.107571 0.985265 -0.132968 -1.14399 0.872764 0.157637 0.461988 0.60963
0.755526 -0.0695621 -0.651415 -17.0011 -0.0752882 0.978539 -0.191816 -1.98824 0.650778 0.193966 0.734075 4.54867
0.939573 -0.0748176 -0.334073 -15.7211 -0.00931147 0.969881 -0.243399 -2.8966 0.342222 0.231802 0.910578 8.60583
0.978249 -0.0794196 0.191629 -13.4275 0.12619 0.961049 -0.245888 -3.88459 -0.164636 0.264721 0.950167 12.4746
0.753572 -0.03764 0.656287 -9.14744 0.22531 0.952676 -0.204069 -4.39856 -0.617548 0.301649 0.72639 14.3871
0.337474 0.0172978 0.941176 -4.30014 0.299266 0.945987 -0.124693 -4.41943 -0.892497 0.323743 0.31407 13.5781
-0.173389 0.080706 0.981541 -0.321693 0.294758 0.955205 -0.0264715 -3.72926 -0.939709 0.284728 -0.189411 10.0709
-0.657806 0.0966165 0.746965 1.08403 0.234971 0.968567 0.0816447 -2.28111 -0.715598 0.229221 -0.659832 4.52734
-0.980391 0.07309 0.183009 -1.41079 0.109338 0.974371 0.196586 -1.03886 -0.163951 0.212741 -0.963256 -0.322032
-0.805796 0.0384347 -0.590945 -5.6799 -0.0615912 0.98704 0.14818 -0.190686 0.588982 0.1558 -0.792986 -2.3506
0.04117 -0.0325959 -0.99862 -10.9767 -0.143762 0.988874 -0.0382046 -0.319373 0.988756 0.145136 0.0360257 -0.573485
0.946193 -0.0533288 -0.319179 -11.1431 -0.0166669 0.976987 -0.212644 -1.20566 0.323174 0.206522 0.92353 5.09115
0.720415 -0.0150611 0.69338 -5.18407 0.192104 0.96498 -0.178633 -1.67755 -0.666407 0.261891 0.698079 7.92744
-0.332448 0.0445631 0.942068 -0.295537 0.260167 0.964458 0.0461886 -0.649491 -0.906527 0.26045 -0.332226 3.89286
-0.971858 0.20482 0.116365 -0.906094 0.212641 0.975336 0.0591947 -0.102246 -0.101371 0.0822729 -0.991441 -1.56422
-0.590455 0.136366 -0.795467 -6.59514 0.161045 0.985708 0.0494395 0.236574 0.79084 -0.0989145 -0.603978 -2.55878
0.30203 0.0266727 -0.952925 -10.8885 0.102872 0.992859 0.0603958 0.463719 0.947732 -0.116271 0.297129 2.64755
0.959181 -0.150286 -0.239555 -8.3351 0.137542 0.988079 -0.0691563 0.010521 0.247093 0.0333845 0.968417 8.74586
0.73772 -0.129931 0.662485 -1.17381 0.10986 0.991329 0.0720901 0.468279 -0.666108 0.0195983 0.745598 8.78116
-0.0680068 -0.156028 0.985409 2.36971 0.0144259 0.987438 0.157345 0.689946 -0.997581 0.0249159 -0.0649015 2.96812
-0.743928 -0.145365 0.652257 -0.292547 -0.0939035 0.989109 0.113337 -0.0180531 -0.661629 0.0230651 -0.749477 -3.85782
-0.980796 -0.141555 -0.134167 -7.80055 -0.147301 0.988511 0.0338713 -1.27291 0.127831 0.0529838 -0.99038 -5.76827
-0.553628 -0.0910926 -0.827767 -14.2313 -0.114547 0.992881 -0.032651 -2.67588 0.824849 0.0767422 -0.560121 -0.81357
0.0467712 -0.057595 -0.997244 -14.9787 -0.0576216 0.996518 -0.0602555 -3.55056 0.997243 0.060281 0.0432895 6.79236
0.613751 -0.0245175 -0.789119 -10.8745 0.00310644 0.999585 -0.0286405 -3.95324 0.789494 0.0151268 0.613573 13.9514
0.947567 -0.0261303 -0.318486 -3.19058 0.0500115 0.996496 0.0670375 -3.96157 0.315618 -0.0794505 0.945554 17.8332
0.965511 -0.0645351 0.252236 5.50936 0.0262386 0.98798 0.15234 -4.29005 -0.259036 -0.140468 0.955599 16.6858
0.684539 -0.19126 0.703438 13.0188 0.00703959 0.966657 0.255976 -4.33331 -0.728942 -0.170274 0.663062 11.155
0.142365 -0.280149 0.949341 16.5233 -0.117396 0.947562 0.297229 -5.6112 -0.982828 -0.153764 0.102011 1.64006
-0.432201 -0.3517 0.830367 14.167 -0.238083 0.932643 0.271098 -7.93006 -0.869781 -0.0805272 -0.486823 -8.62395
-0.861686 -0.347895 0.369413 5.72834 -0.313202 0.937406 0.152234 -11.4434 -0.399251 0.0154773 -0.916711 -15.3779
-0.928922 -0.271807 -0.251445 -5.30754 -0.294781 0.953804 0.0579767 -15.0817 0.224071 0.127977 -0.966134 -15.5459
-0.593262 -0.141548 -0.792467 -14.54 -0.241563 0.970356 0.00751921 -18.3822 0.767911 0.195892 -0.609868 -7.85691
0.00902994 -0.0435746 -0.999009 -14.7967 -0.168816 0.984644 -0.0444739 -21.0262 0.985606 0.16905 0.00153519 5.79955
0.612953 0.0174586 -0.789926 -6.37454 -0.0772244 0.996293 -0.0379034 -22.3159 0.786337 0.0842346 0.612029 17.4311
0.987054 -0.0163013 -0.159554 8.58588 0.0206964 0.99945 0.0259236 -22.206 0.159044 -0.0288903 0.986849 21.2686
0.843905 -0.0861849 0.529523 22.539 0.0332894 0.993522 0.108651 -21.6627 -0.535458 -0.074064 0.841308 14.0211
0.27716 -0.17147 0.945399 28.5877 0.0363058 0.985113 0.168029 -21.1123 -0.960138 -0.0122476 0.27926 -0.698917
-0.43939 -0.187951 0.878413 23.0606 -0.00733053 0.978584 0.205717 -21.1529 -0.898267 0.0839509 -0.431358 -16.1072
-0.895019 -0.129078 0.426942 8.65986 -0.0485738 0.979724 0.194373 -21.9299 -0.443375 0.153229 -0.883142 -24.4212
-0.981495 -0.13771 -0.133053 -7.5018 -0.144661 0.988501 0.0440234 -24.4243 0.125461 0.0624563 -0.990131 -23.033
-0.832971 -0.225718 -0.505182 -21.6565 -0.181224 0.973943 -0.136351 -27.4356 0.522796 -0.0220248 -0.852173 -16.1709
-0.532462 -0.340802 -0.774814 -31.6639 -0.160967 0.93943 -0.30259 -30.2712 0.831008 -0.0363986 -0.555069 -3.71341
-0.13994 -0.506346 -0.850899 -34.934 -0.0866211 0.862322 -0.498897 -31.9936 0.986364 0.00389 -0.164534 12.3901
0.224743 -0.613454 -0.757076 -31.9975 0.012454 0.778697 -0.627276 -32.0288 0.974339 0.131547 0.182647 28.8958
0.548338 -0.643225 -0.534402 -23.6325 0.143732 0.702023 -0.697499 -29.9745 0.823812 0.305654 0.477398 43.1473
0.782653 -0.591761 -0.193059 -10.8613 0.262982 0.595473 -0.759113 -25.2262 0.564176 0.543351 0.621672 53.551
0.88198 -0.34021 0.32614 3.57295 0.467976 0.550335 -0.691469 -17.2526 0.0557581 0.762488 0.644595 56.2987
0.675042 0.00299899 0.737773 15.6323 0.617492 0.544962 -0.567204 -6.57725 -0.403759 0.838456 0.36602 51.2286
0.220528 0.345188 0.912256 21.2834 0.677863 0.618262 -0.39781 5.49065 -0.701333 0.706114 -0.097646 40.4159
-0.294181 0.500144 0.81444 17.8575 0.582611 0.769358 -0.262016 16.9808 -0.757642 0.397422 -0.51772 27.7102
-0.825131 0.396064 0.402855 5.40715 0.353345 0.918207 -0.179004 24.8813 -0.440801 -0.00535478 -0.897589 18.8452
-0.997698 -0.00121552 -0.0677911 -12.1705 0.024105 0.92816 -0.371399 27.3056 0.0633724 -0.372179 -0.925995 17.8958
-0.725758 -0.520407 -0.449945 -27.095 -0.153013 0.759765 -0.631936 26.414 0.670717 -0.389786 -0.631035 28.9093
-0.0550763 -0.905647 -0.420439 -30.6529 -0.116855 0.424031 -0.898077 26.1343 0.991621 -0.000332444 -0.129184 47.856
0.554809 -0.831277 -0.0341181 -23.1765 0.155033 0.143588 -0.977418 28.9718 0.817405 0.536992 0.208539 64.4584
0.902821 -0.427087 0.0500974 -8.62748 0.225476 0.370964 -0.900858 33.2295 0.366161 0.82461 0.431213 74.1555
0.909228 0.247504 0.334732 10.0046 0.157148 0.540519 -0.826524 36.1139 -0.385497 0.804102 0.452561 71.5591
0.419755 0.649561 0.633936 22.1875 0.0200965 0.691624 -0.721978 36.9151 -0.907415 0.315794 0.277259 57.2626
-0.351732 0.717374 0.60138 20.7973 -0.105615 0.607917 -0.786944 34.5413 -0.930124 -0.340309 -0.138058 38.8134
-0.921131 0.23681 0.308929 6.47981 -0.138179 0.543029 -0.828267 30.7742 -0.3639 -0.805631 -0.467479 26.9316
-0.876911 -0.439662 -0.194228 -11.9104 -0.122719 0.595496 -0.793929 26.881 0.464723 -0.67237 -0.576152 29.2088
-0.201831 -0.854526 -0.478591 -21.7803 -0.158889 0.510742 -0.844924 21.9966 0.966446 -0.09449 -0.238858 44.5584
0.676008 -0.683089 -0.276407 -14.7894 0.000686602 0.375681 -0.926748 18.45 0.736894 0.6263 0.254433 61.839
0.988527 0.0156959 0.150222 3.63416 0.131971 0.393993 -0.909589 17.5305 -0.0734633 0.91898 0.387401 67.1963
0.527231 0.705368 0.473796 19.0039 0.192492 0.443947 -0.875132 18.022 -0.827631 0.5526 0.0982854 55.9202
-0.328144 0.790713 0.516811 20.2919 0.139674 0.581706 -0.801317 18.3706 -0.934245 -0.190763 -0.301325 37.2223
-0.919783 0.329893 0.212529 7.1217 0.0250836 0.589893 -0.807091 16.893 -0.391624 -0.737019 -0.550849 23.8283
-0.871906 -0.418539 -0.254173 -11.5437 0.0630297 0.418823 -0.905877 14.1055 0.485599 -0.805861 -0.338794 25.9242
-0.25623 -0.883545 -0.392038 -22.6421 0.0934216 0.381043 -0.919825 11.6978 0.962091 -0.272312 -0.0150924 40.9707
0.513275 -0.825917 -0.233258 -19.5489 0.160891 0.359574 -0.919141 9.78695 0.843008 0.434243 0.317443 59.3954
0.939259 -0.172147 0.296912 -2.6841 0.341049 0.371286 -0.863616 10.256 0.0384298 0.912421 0.407445 68.1783
0.432631 0.595508 0.676904 13.4725 0.451332 0.506899 -0.734406 14.1513 -0.780468 0.623236 -0.0494711 58.4077
-0.521401 0.725753 0.448802 13.1261 0.354082 0.662549 -0.660041 17.8304 -0.776381 -0.185233 -0.60243 39.6271
-0.99414 0.021179 -0.105997 -3.50703 0.100896 0.533639 -0.839672 15.7248 0.0387806 -0.845447 -0.53265 31.3774
-0.547578 -0.785531 -0.288269 -18.4683 0.106066 0.276569 -0.955123 10.7493 0.830005 -0.55358 -0.0681248 40.4749
0.27333 -0.945229 0.178414 -17.4772 0.025127 -0.178397 -0.983637 2.75765 0.961592 0.27334 -0.0250105 56.3004
0.849168 -0.273804 0.451602 -2.30179 0.220997 -0.592414 -0.774729 -2.1415 0.47966 0.757678 -0.44255 63.5332
0.747974 0.650042 0.134084 12.1792 0.646347 -0.667443 -0.369805 2.48213 -0.150896 0.36327 -0.919383 55.6169
0.0618346 0.675465 -0.734794 9.34569 0.997519 -0.0666424 0.0226818 16.8753 -0.0336478 -0.734374 -0.677911 47.1126
-0.113374 -0.355793 -0.927662 -2.17496 0.695525 0.638326 -0.329825 25.9156 0.709501 -0.682606 0.175094 55.6652
0.560116 -0.813543 -0.156257 0.220558 0.199131 0.315313 -0.92786 20.2662 0.804125 0.488594 0.338614 71.421
0.945221 0.031084 0.324946 15.6311 0.289002 -0.542512 -0.78877 13.5949 0.151769 0.839473 -0.521778 70.9621
0.971593 0.233655 -0.0375566 28.0266 0.0654752 -0.417908 -0.906127 3.3527 -0.227416 0.877929 -0.421335 66.3041
0.81658 0.430122 -0.384956 34.251 -0.261904 -0.318226 -0.911119 -10.846 -0.514396 0.844824 -0.147207 61.0881
0.509742 0.57392 -0.640919 33.7625 -0.55897 -0.345374 -0.753836 -27.0166 -0.653999 0.742518 0.144752 57.5905
0.0917848 0.685553 -0.722213 27.5678 -0.773859 -0.407328 -0.485001 -41.1464 -0.626672 0.603407 0.493135 59.0642
-0.311309 0.713009 -0.628254 18.7679 -0.848231 -0.506563 -0.15459 -51.4035 -0.428475 0.48478 0.762495 65.8861
-0.624011 0.672719 -0.397566 9.74037 -0.767987 -0.621896 0.153108 -56.7866 -0.144246 0.400867 0.904709 77.8482
-0.78237 0.613027 -0.109974 3.40982 -0.599496 -0.693382 0.399782 -56.7865 0.168823 0.378707 0.909989 93.1008
-0.814006 0.529792 0.238144 1.90799 -0.327282 -0.757043 0.565484 -52.098 0.479875 0.382367 0.78963 109.536
-0.660822 0.461257 0.592078 6.96094 0.0196706 -0.777952 0.628016 -43.573 0.750285 0.426653 0.505015 124.507
-0.318265 0.415045 0.852317 18.894 0.387723 -0.763445 0.516549 -33.6109 0.865088 0.494863 0.0820551 134.228
0.131349 0.398228 0.907833 36.2058 0.67636 -0.705516 0.211622 -25.7509 0.724765 0.586226 -0.362015 135.504
0.559938 0.422215 0.712883 54.1127 0.756798 -0.610845 -0.23265 -24.6927 0.337233 0.669778 -0.661567 128.221
0.798058 0.537316 0.27275 67.2429 0.545803 -0.452766 -0.705054 -33.576 -0.255345 0.711543 -0.654604 115.624
0.616274 0.745596 -0.253558 71.0815 0.00171465 -0.323235 -0.946317 -51.2449 -0.78753 0.582756 -0.20048 105.341
0.160817 0.850504 -0.500778 65.266 -0.560613 -0.338874 -0.755564 -71.7153 -0.812312 0.402251 0.422308 105.799
-0.263287 0.811821 -0.521177 54.987 -0.861467 -0.441013 -0.251758 -85.6409 -0.434228 0.382693 0.81547 117.074
-0.633638 0.737486 -0.2337 45.7705 -0.756452 -0.527318 0.386932 -87.6039 0.162122 0.421958 0.892002 136.152
-0.715498 0.64331 0.272421 44.7922 -0.199887 -0.562155 0.802513 -75.9207 0.669408 0.519743 0.530811 154.421
-0.383965 0.617409 0.686568 55.2621 0.481904 -0.500264 0.719378 -57.9258 0.787616 0.607076 -0.105448 162.331
0.155203 0.610966 0.776293 73.3558 0.916251 -0.382802 0.118092 -46.5507 0.369317 0.692952 -0.619211 155.894
0.579507 0.692071 0.430358 90.0825 0.740103 -0.225827 -0.633442 -50.9913 -0.341201 0.685594 -0.643073 140.976
0.686442 0.698546 -0.202063 95.8842 -0.00351922 -0.274675 -0.96153 -70.4963 -0.727176 0.660746 -0.186091 130.293
0.239267 0.674032 -0.698878 86.3789 -0.744517 -0.334667 -0.577661 -92.3115 -0.623254 0.658543 0.421754 132.563
-0.43351 0.615063 -0.658609 68.6536 -0.897298 -0.362111 0.252451 -99.8229 -0.0832162 0.700409 0.708874 147.778
-0.81148 0.567958 -0.137562 56.4515 -0.358085 -0.297241 0.885112 -87.0203 0.461817 0.76751 0.444583 164.837
-0.628986 0.614677 0.475971 59.5406 0.470891 -0.185922 0.862377 -62.8399 0.618577 0.766554 -0.172503 171.236
-0.0341326 0.68158 0.730946 76.3127 0.97792 -0.128098 0.165112 -45.9938 0.206171 0.720444 -0.662159 161.559
0.534022 0.742117 0.405072 94.0562 0.734458 -0.16987 -0.657051 -50.2572 -0.418799 0.648388 -0.635768 143.58
0.625451 0.752194 -0.207398 100.036 -0.0268974 -0.244862 -0.969185 -71.9047 -0.7798 0.611756 -0.132917 131.118
0.228097 0.704172 -0.672393 90.3705 -0.756361 -0.306714 -0.577792 -95.1344 -0.613098 0.640366 0.462648 133.809
-0.449988 0.660662 -0.600862 73.3198 -0.8876 -0.404988 0.219433 -103.721 -0.0983705 0.632068 0.768644 149.357
-0.821283 0.568932 -0.0425379 62.3058 -0.354421 -0.450353 0.819492 -92.6003 0.447079 0.688112 0.571509 168.686
-0.617493 0.5205 0.58973 67.2782 0.435343 -0.398286 0.807369 -70.3143 0.655117 0.75528 0.0193433 179.596
-0.015343 0.570213 0.821353 85.1788 0.901617 -0.347234 0.257905 -53.9068 0.432263 0.744503 -0.508786 175.983
0.574325 0.618878 0.535854 105.187 0.813075 -0.355134 -0.461291 -53.9054 -0.0951828 0.700621 -0.707157 160.851
0.771068 0.629892 -0.0932194 114.388 0.232272 -0.414547 -0.879886 -71.1045 -0.592878 0.6568 -0.46595 143.974
0.44411 0.566674 -0.694007 105.659 -0.493193 -0.492058 -0.717383 -94.8719 -0.748015 0.660878 0.0609517 136.573
-0.144261 0.454271 -0.879105 84.0149 -0.8718 -0.478636 -0.104269 -109.799 -0.468138 0.751363 0.465082 142.655
-0.740032 0.4013 -0.539731 61.9466 -0.671798 -0.402588 0.62178 -104.769 0.0322311 0.822728 0.567521 158.13
-0.904602 0.406529 0.128174 53.564 -0.00383125 -0.30844 0.951236 -82.8471 0.426239 0.86 0.280573 171.989
-0.5145 0.463903 0.721168 64.456 0.714106 -0.233782 0.659847 -57.4626 0.474701 0.854482 -0.210996 175.054
0.195465 0.527527 0.826745 88.5648 0.972736 -0.211572 -0.0949815 -46.3165 0.124811 0.822771 -0.5545 164.627
0.726208 0.582962 0.364384 109.313 0.570264 -0.214794 -0.792882 -58.7213 -0.383954 0.783593 -0.488428 148.096
0.712765 0.61103 -0.344395 111.81 -0.224421 -0.266524 -0.937336 -86.9064 -0.664531 0.745391 -0.0528403 138.396
0.145822 0.584762 -0.797991 93.9962 -0.852528 -0.33496 -0.401244 -110.699 -0.501927 0.73882 0.449682 144.202
-0.582694 0.522792 -0.622218 69.8945 -0.812666 -0.368745 0.451221 -111.364 0.00645524 0.76858 0.639721 162.705
-0.835642 0.539324 0.104073 61.3599 -0.0740927 -0.298422 0.951553 -87.2455 0.544254 0.787448 0.289334 180.173
-0.369633 0.61668 0.695037 76.0589 0.730522 -0.269379 0.627513 -60.2454 0.574203 0.73969 -0.350927 180.231
0.397716 0.672365 0.624297 100.03 0.916876 -0.316513 -0.243224 -54.9027 0.034062 0.669138 -0.742358 161.436
0.767592 0.639826 -0.0377357 110.404 0.288084 -0.397006 -0.871432 -76.085 -0.572547 0.658034 -0.489062 141.286
0.409402 0.564852 -0.716471 96.5631 -0.589368 -0.435721 -0.680288 -103.662 -0.696444 0.700778 0.154521 137.764
-0.370855 0.520465 -0.769144 70.8116 -0.901703 -0.400006 0.164093 -111.342 -0.222258 0.754395 0.617649 153.728
-0.842818 0.530881 -0.0884411 58.2924 -0.305033 -0.335802 0.891174 -91.2238 0.443409 0.778076 0.444957 173.041
-0.495998 0.571512 0.653727 71.2541 0.618512 -0.295874 0.727943 -63.3984 0.609449 0.765397 -0.206734 176.279
0.405935 0.619648 0.671753 96.054 0.910517 -0.337418 -0.238972 -59.1856 0.0785831 0.70865 -0.70117 158.923
0.792524 0.588709 -0.159141 102.256 0.121814 -0.408517 -0.904585 -83.9527 -0.59755 0.697521 -0.395473 141.562
0.15492 0.525846 -0.836352 81.3518 -0.79416 -0.437265 -0.422029 -105.688 -0.58763 0.729579 0.349865 145.855
-0.733275 0.491977 -0.469323 60.4943 -0.668229 -0.39393 0.631101 -96.2521 0.125607 0.776387 0.617613 165.934
-0.668406 0.532775 0.51902 68.2545 0.388696 -0.344734 0.854443 -67.9888 0.634151 0.772857 0.0233348 175.314
0.287454 0.575602 0.76554 94.4135 0.935613 -0.339765 -0.0958494 -60.0465 0.204933 0.743803 -0.636208 160.943
0.767 0.639629 -0.0508355 103.595 0.231162 -0.34936 -0.908026 -83.257 -0.598561 0.684706 -0.415817 142.945
0.129983 0.630604 -0.765142 84.8813 -0.746703 -0.445448 -0.493975 -106.657 -0.652334 0.635543 0.412973 147.582
-0.732192 0.541441 -0.413201 65.829 -0.675116 -0.496713 0.545431 -100.1 0.0900763 0.678319 0.729225 169.848
-0.63608 0.538065 0.55307 75.1037 0.337482 -0.450579 0.826489 -73.4608 0.693907 0.712366 0.105017 181.955
0.346448 0.580877 0.736583 101.055 0.892901 -0.444917 -0.0691045 -66.2041 0.287578 0.681638 -0.672807 167.034
0.780554 0.601568 -0.169857 106.039 0.169931 -0.46571 -0.868468 -90.73 -0.601547 0.649023 -0.465737 147.632
0.058472 0.546802 -0.835217 83.1843 -0.787193 -0.489268 -0.375425 -111.331 -0.613928 0.67943 0.40183 153.889
-0.794651 0.527547 -0.300373 66.7186 -0.551194 -0.419658 0.72116 -96.8456 0.254392 0.738635 0.624262 176.431
-0.485017 0.574243 0.659547 81.9092 0.564305 -0.370646 0.737686 -69.5979 0.66807 0.729977 -0.144279 180.897
0.458779 0.609106 0.646924 106.825 0.885546 -0.373251 -0.27657 -68.441 0.0730048 0.699767 -0.710632 162.382
0.767054 0.577435 -0.279636 108.246 0.00351474 -0.439629 -0.898173 -95.3011 -0.641572 0.687965 -0.339249 146.605
-0.0208287 0.503493 -0.863747 83.7544 -0.876501 -0.424795 -0.226484 -112.398 -0.480949 0.752359 0.450161 155.706
-0.843594 0.481208 -0.238299 68.5695 -0.444244 -0.376124 0.813129 -94.3806 0.301654 0.791815 0.53107 175.686
-0.369732 0.558487 0.742556 87.0714 0.7095 -0.346313 0.61374 -69.8611 0.599923 0.753764 -0.268204 175.53
0.656473 0.594312 0.464581 108.548 0.737196 -0.37485 -0.562165 -79.2936 -0.159953 0.711535 -0.684204 155.215
0.543844 0.563554 -0.621804 97.0221 -0.457833 -0.421723 -0.782648 -107.79 -0.703294 0.710322 0.0286619 150.145
-0.598226 0.526972 -0.603676 75.0874 -0.80057 -0.360303 0.478821 -102.695 0.034819 0.769729 0.637421 170.114
-0.583292 0.591709 0.556463 86.5311 0.476087 -0.306013 0.824437 -76.0116 0.658112 0.745813 -0.10321 174.657
0.613838 0.623437 0.48428 106.731 0.779651 -0.382493 -0.495826 -83.8291 -0.123883 0.681927 -0.720853 154.624
0.428478 0.541531 -0.723291 91.1865 -0.595436 -0.432861 -0.676822 -108.913 -0.679605 0.720678 0.136976 153.815
-0.769234 0.535247 -0.348984 76.2943 -0.57581 -0.343919 0.741729 -94.6713 0.276986 0.771512 0.572755 172.467
-0.0771388 0.600159 0.796152 97.6081 0.865415 -0.356216 0.352374 -78.6447 0.495083 0.716184 -0.491909 164.51
0.791107 0.550814 -0.265995 97.533 0.000554986 -0.435507 -0.900185 -103.903 -0.611678 0.711996 -0.344838 151.16
-0.508003 0.520047 -0.686646 75.2344 -0.857808 -0.377717 0.348561 -100.822 -0.0780902 0.766082 0.637982 169.696
-0.391842 0.599073 0.698262 92.4649 0.659867 -0.345878 0.667041 -78.5964 0.641121 0.722136 -0.259779 167.775
0.786175 0.615745 -0.0527726 96.9297 0.260845 -0.408028 -0.874913 -100.925 -0.560257 0.67407 -0.481396 151.973
-0.531003 0.533737 -0.658148 76.0304 -0.840502 -0.43044 0.329056 -98.2698 -0.107664 0.727906 0.677173 170.624
-0.260907 0.572699 0.777137 96.9804 0.792386 -0.332773 0.511259 -79.0474 0.551409 0.749185 -0.366976 164.952
0.726544 0.612034 -0.312325 94.0054 -0.098659 -0.356912 -0.928913 -105.494 -0.68 0.705711 -0.19893 156.002
-0.745543 0.571317 -0.343165 79.798 -0.61088 -0.379963 0.694588 -91.3544 0.26644 0.727479 0.632285 176.298
0.230092 0.59033 0.773671 103.347 0.938068 -0.346132 -0.0148768 -85.2151 0.25901 0.72918 -0.633413 161.805
0.35954 0.610629 -0.705593 88.0671 -0.625002 -0.403896 -0.668012 -107.636 -0.692895 0.681175 0.236428 163.843
-0.790771 0.551752 0.265045 90.1894 0.0347338 -0.391856 0.91937 -84.3738 0.611125 0.736219 0.290705 176.021
0.768037 0.585562 0.259297 102.008 0.539633 -0.373734 -0.7544 -101.169 -0.344841 0.719333 -0.603031 158.836
-0.448481 0.589366 -0.671945 81.8505 -0.885575 -0.394714 0.24486 -100.83 -0.120914 0.704875 0.698951 176.63
-0.0219013 0.585355 0.81048 102.397 0.856426 -0.407265 0.317283 -87.4177 0.515805 0.701067 -0.492394 167.775
0.521251 0.572791 -0.632618 89.0702 -0.514339 -0.380673 -0.768467 -111.158 -0.680993 0.725946 0.0961827 166.06
-0.757913 0.610033 0.23114 90.3409 -0.0302098 -0.386757 0.921686 -87.6816 0.651655 0.691576 0.311558 178.187
0.780323 0.576932 0.241337 101.615 0.529582 -0.404354 -0.745681 -104.234 -0.332622 0.709681 -0.62106 159.669
-0.549595 0.537585 -0.639489 80.8916 -0.831534 -0.425851 0.356653 -99.6146 -0.0805963 0.727773 0.681067 177.783
0.119028 0.570654 0.812518 104.534 0.913758 -0.3831 0.135204 -90.4665 0.388431 0.726353 -0.56704 164.189
0.256948 0.568209 -0.781738 83.2599 -0.699219 -0.449089 -0.556247 -110.831 -0.667136 0.689534 0.28191 168.668
-0.638337 0.571314 0.515874 94.6778 0.331363 -0.400954 0.854069 -84.2916 0.694784 0.716126 0.0666322 174.569
0.804661 0.593713 -0.00504135 99.9343 0.316064 -0.43552 -0.842867 -105.327 -0.502617 0.67663 -0.538098 156.636
-0.404493 0.595786 -0.693846 79.4928 -0.891069 -0.427531 0.152359 -107.704 -0.205868 0.679894 0.70382 173.218
-0.344936 0.58873 0.731037 96.9661 0.627652 -0.434422 0.64601 -86.1223 0.697905 0.681671 -0.21967 171.852
0.784764 0.593682 -0.178007 96.9964 0.111493 -0.417739 -0.9017 -110.377 -0.609684 0.687776 -0.394018 156.836
-0.528095 0.670187 -0.521502 78.9024 -0.844145 -0.347498 0.408245 -104.526 0.0923796 0.655817 0.749247 178.014
-0.157321 0.664764 0.730299 97.9521 0.725143 -0.424246 0.542385 -84.0621 0.670386 0.614902 -0.415307 170.906
0.725772 0.649581 -0.226492 96.5072 0.0694455 -0.396733 -0.915303 -109.176 -0.684421 0.648573 -0.333049 156.249
-0.585781 0.700242 -0.408069 80.7894 -0.791635 -0.38644 0.473262 -102.038 0.173703 0.600271 0.780707 178.387
0.0674646 0.654957 0.752648 101.811 0.814587 -0.471745 0.337497 -86.6195 0.576104 0.59033 -0.565346 166.556
0.615554 0.63171 -0.471205 92.5206 -0.264249 -0.397852 -0.87857 -112.896 -0.742472 0.665324 -0.077971 158.898
-0.683403 0.715515 -0.14491 83.442 -0.559514 -0.385845 0.733531 -95.0339 0.46894 0.582377 0.664028 180.946
0.447357 0.60624 0.657529 105.471 0.841718 -0.533894 -0.0804232 -91.5424 0.302295 0.589432 -0.749125 160.416
0.242848 0.627028 -0.740176 84.9745 -0.732623 -0.381576 -0.563616 -113.103 -0.635837 0.679144 0.36671 166.126
-0.60143 0.684256 0.4124 92.4313 0.0738105 -0.466397 0.881491 -85.275 0.795508 0.560596 0.23 178.504
0.820463 0.552949 0.145213 102.358 0.458008 -0.48373 -0.74581 -104.691 -0.342151 0.678419 -0.650139 154.98
-0.410623 0.693754 -0.591686 79.4692 -0.910307 -0.349097 0.222424 -103.669 -0.0522485 0.629949 0.774877 178.7
-0.0592253 0.636431 0.769056 103.903 0.793854 -0.437056 0.422821 -83.0796 0.605217 0.635561 -0.479349 166.06
0.584059 0.642823 -0.495634 90.192 -0.363589 -0.338739 -0.86779 -115.061 -0.725726 0.687048 0.0358801 160.835
-0.736124 0.67559 0.0412042 84.8354 -0.320327 -0.401363 0.858078 -86.0441 0.596248 0.618454 0.511864 182.677
0.651853 0.59362 0.471913 105.947 0.747222 -0.396586 -0.533271 -98.788 -0.129406 0.700239 -0.702083 154.867
-0.230755 0.689676 -0.686365 77.5607 -0.941078 -0.337429 -0.0226676 -106.225 -0.247233 0.640693 0.726903 178.358
-0.0913778 0.617992 0.780855 105.476 0.783237 -0.439644 0.439604 -82.2698 0.614971 0.651766 -0.443861 164.643
0.511686 0.658867 -0.551427 86.2341 -0.461775 -0.330334 -0.823191 -118.128 -0.724528 0.675851 0.135221 162.306
-0.696731 0.6413 0.321402 91.7442 0.0125867 -0.437053 0.899348 -80.415 0.717222 0.630649 0.296437 178.913
0.842818 0.528896 0.0996245 101.968 0.344936 -0.388743 -0.854341 -111.982 -0.41313 0.754419 -0.510076 151.922
-0.668814 0.667297 -0.327721 80.1559 -0.67556 -0.361505 0.642598 -90.2307 0.310331 0.651175 0.69258 182.128
0.671809 0.524912 0.522628 107.264 0.73948 -0.434394 -0.514268 -102.608 -0.0429192 0.731963 -0.679992 151.419
-0.486969 0.639841 -0.594529 75.8577 -0.87338 -0.363159 0.324534 -97.2487 -0.00825884 0.677288 0.735672 179.75
0.408099 0.518971 0.751081 109.146 0.875549 -0.455522 -0.160978 -93.3925 0.258591 0.723304 -0.640283 154.399
-0.098551 0.632966 -0.76788 75.4466 -0.959886 -0.26401 -0.0944311 -106.425 -0.2625 0.727772 0.633595 175.248
0.0911357 0.547247 0.831994 107.98 0.756008 -0.581825 0.299885 -85.0301 0.648187 0.601664 -0.466749 161.776
0.293237 0.58678 -0.754785 80.4002 -0.775972 -0.315095 -0.546427 -113.462 -0.558463 0.745925 0.362928 167.808
-0.314285 0.593046 0.741296 104.036 0.519894 -0.545836 0.657094 -81.0398 0.794315 0.591911 -0.136773 169.367
0.615719 0.529183 -0.583828 86.469 -0.460726 -0.3593 -0.811563 -116.364 -0.639235 0.76868 0.0225806 161.408
-0.557844 0.674047 0.48422 97.4536 0.133522 -0.502948 0.853941 -81.2027 0.819135 0.541021 0.190567 175.577
0.810476 0.506287 -0.29462 93.145 -0.0611045 -0.427144 -0.902116 -114.948 -0.582576 0.749147 -0.315254 155.803
-0.76004 0.626504 0.172713 90.1757 -0.206268 -0.48458 0.85008 -83.8026 0.616273 0.610471 0.497528 179.305
0.855976 0.515335 0.041638 98.9512 0.314342 -0.454797 -0.833276 -110.744 -0.41048 0.726353 -0.551287 152.761
-0.759388 0.629243 -0.165475 83.6467 -0.534624 -0.458518 0.709886 -88.2447 0.370818 0.627547 0.684602 180.532
0.824493 0.443196 0.351834 103.292 0.557903 -0.532688 -0.636386 -104.844 -0.0946261 0.720985 -0.686459 152.885
-0.580706 0.63808 -0.505603 78.1001 -0.811688 -0.405882 0.420027 -97.0276 0.0627955 0.654304 0.75362 178.814
0.49083 0.478214 0.728283 107.642 0.811203 -0.555799 -0.181759 -94.6473 0.31786 0.679999 -0.660732 156.89
-0.114443 0.599983 -0.791784 78.2852 -0.901704 -0.397238 -0.170681 -107.661 -0.416933 0.694422 0.586469 172.253
-0.0357988 0.554495 0.831416 106.198 0.690261 -0.587895 0.421805 -85.4698 0.722675 0.588994 -0.3617 165.081
0.31688 0.539486 -0.78009 80.5905 -0.638239 -0.487112 -0.596131 -112.011 -0.701597 0.686786 0.189965 163.628
-0.367223 0.631366 0.683025 100.62 0.36487 -0.577689 0.730167 -80.4497 0.85558 0.51735 -0.0182259 170.647
0.574165 0.548366 -0.60797 83.0307 -0.323025 -0.530607 -0.783652 -111.541 -0.752323 0.646335 -0.12752 157.097
-0.58957 0.631841 0.503173 93.9147 0.0722075 -0.579233 0.811958 -79.5141 0.804484 0.515039 0.295875 175.805
0.783074 0.502521 -0.366423 88.0023 -0.0182988 -0.570302 -0.821231 -108.907 -0.621659 0.649791 -0.437393 151.444
-0.80587 0.564499 0.178641 84.5602 -0.249586 -0.597467 0.762063 -81.981 0.536917 0.569538 0.622372 179.496
0.874225 0.483799 0.0408389 94.7798 0.360879 -0.591224 -0.721263 -103.244 -0.324802 0.645285 -0.691456 149.278
-0.801016 0.55057 -0.235042 76.0193 -0.574615 -0.597007 0.559822 -88.0592 0.1679 0.583486 0.794578 179.099
0.755661 0.483855 0.441428 100.144 0.653341 -0.604257 -0.45609 -96.222 0.0460547 0.633053 -0.772737 149.667
-0.564226 0.572955 -0.594449 70.5642 -0.807939 -0.531381 0.254694 -95.0594 -0.169951 0.623984 0.762733 174.655
0.434334 0.489442 0.756174 101.925 0.793619 -0.605014 -0.064239 -87.9031 0.426055 0.628016 -0.65121 154.147
-0.250124 0.578381 -0.776474 69.0967 -0.848702 -0.516946 -0.111674 -100.279 -0.465986 0.631063 0.620175 171.012
0.204787 0.498207 0.842526 101.787 0.792556 -0.589519 0.155958 -84.2321 0.574385 0.635811 -0.515584 157.141
-0.0626258 0.568698 -0.820158 69.4337 -0.79369 -0.526603 -0.304542 -103.919 -0.60509 0.631879 0.48435 166.703
-0.00454541 0.523991 0.851711 99.6945 0.714026 -0.594599 0.369621 -80.644 0.700105 0.609824 -0.371441 160.126
0.104253 0.568842 -0.815811 69.5022 -0.714674 -0.527603 -0.459212 -105.601 -0.691645 0.630914 0.351533 163.255
-0.330014 0.51729 0.78962 92.5711 0.44503 -0.652435 0.613415 -76.612 0.83249 0.55384 -0.0148972 172.315
0.639662 0.51434 -0.571214 78.9797 -0.264165 -0.55077 -0.791751 -107.94 -0.721837 0.657348 -0.216436 153.679
-0.746238 0.555481 0.366835 81.8136 -0.0743616 -0.617182 0.783299 -78.1836 0.661513 0.557249 0.501872 180.155
0.867188 0.495311 -0.0514723 90.4168 0.286306 -0.580478 -0.762282 -102.603 -0.407446 0.646306 -0.645196 148.458
-0.757526 0.619913 -0.204597 70.9189 -0.606511 -0.552427 0.571812 -87.0572 0.241449 0.557253 0.794463 181.927
0.646535 0.569861 0.507197 98.8932 0.760396 -0.535023 -0.368168 -90.6232 0.0615578 0.623705 -0.779233 150.034
-0.400007 0.644268 -0.651852 65.1938 -0.852943 -0.52195 0.00752864 -100.848 -0.335384 0.559005 0.758308 175.584
0.0560614 0.586601 0.807932 97.4955 0.795934 -0.5148 0.318543 -76.1563 0.602782 0.625203 -0.495757 162.305
0.337513 0.709709 -0.618382 76.1945 -0.400874 -0.486014 -0.776589 -111.338 -0.851696 0.510002 0.120468 154.58
-0.686332 0.612688 0.391866 81.145 -0.0562486 -0.581909 0.811306 -78.8124 0.725109 0.534784 0.433847 180.608
0.799599 0.593994 0.0883814 94.4559 0.465897 -0.520717 -0.715397 -99.6852 -0.37892 0.613208 -0.693106 146.809
-0.724051 0.577992 -0.376395 68.3306 -0.6896 -0.617827 0.377811 -93.0845 -0.0141757 0.533117 0.845923 179.201
0.51293 0.481216 0.710867 102.681 0.722891 -0.688739 -0.0553685 -83.6589 0.462959 0.54228 -0.701143 157.21
-0.0062018 0.568524 -0.822642 68.2611 -0.651147 -0.626645 -0.428162 -109.153 -0.758926 0.533006 0.37408 160.33
-0.441501 0.497171 0.746924 91.5726 0.283585 -0.71246 0.641857 -77.4383 0.851267 0.495198 0.173562 178.684
0.789368 0.495296 -0.362738 87.1853 0.0374814 -0.628635 -0.776797 -107.361 -0.612775 0.599583 -0.514789 147.735
-0.845494 0.533307 -0.0268598 72.7105 -0.451127 -0.686484 0.570284 -88.7239 0.285698 0.494289 0.821009 185.226
0.799637 0.490069 0.347004 97.7059 0.600242 -0.668714 -0.438783 -97.1672 0.0170117 0.559154 -0.828889 149.832
-0.619609 0.541335 -0.568366 63.8023 -0.71996 -0.680391 0.136837 -100.413 -0.312637 0.493987 0.811317 178.713
0.377025 0.483071 0.790249 101.601 0.721336 -0.688333 0.0766254 -85.6009 0.580971 0.541145 -0.607976 160.546
-0.0588664 0.542266 -0.838141 65.1056 -0.684721 -0.632897 -0.361385 -109.687 -0.726424 0.55262 0.408558 165.783
-0.0628453 0.581324 0.811241 96.8955 0.304461 -0.762934 0.570294 -80.1705 0.950449 0.282831 -0.129044 174.497
0.516183 0.344017 -0.784351 71.76 -0.477938 -0.644243 -0.597098 -111.367 -0.710725 0.683083 -0.168128 155.362
-0.388987 0.711523 0.585169 89.2505 -0.0618522 -0.653933 0.75402 -79.1039 0.919165 0.25711 0.298381 182.246
0.787108 0.286885 -0.546037 77.955 -0.183966 -0.735776 -0.651759 -108.55 -0.588741 0.613458 -0.526359 149.386
-0.391344 0.816005 0.425422 88.2576 -0.348452 -0.559268 0.752197 -81.1963 0.851723 0.146129 0.503205 183.938
0.804426 0.348285 -0.481244 80.1609 -0.0572714 -0.760861 -0.646382 -107.714 -0.591285 0.547528 -0.59211 148.855
-0.644816 0.651784 0.399236 85.5228 -0.279951 -0.687429 0.670126 -82.896 0.711224 0.320342 0.625733 185.472
0.897629 0.219758 -0.382057 83.5507 -0.0602559 -0.797507 -0.600293 -107.626 -0.436612 0.561862 -0.702624 147.527
-0.713576 0.614786 0.335927 84.7804 -0.307825 -0.705875 0.637953 -84.1367 0.629328 0.351821 0.692942 186.569
0.870818 0.377591 -0.314802 84.9676 0.107878 -0.771522 -0.62699 -107.476 -0.479623 0.512034 -0.712589 147.079
-0.772759 0.571415 0.276275 82.784 -0.324117 -0.729522 0.602284 -85.4003 0.545703 0.375875 0.74895 187.547
0.874441 0.440939 -0.202298 87.6475 0.239344 -0.75483 -0.610693 -106.086 -0.42198 0.485596 -0.765591 146.603
-0.767387 0.602256 0.220008 83.1776 -0.384576 -0.706884 0.593646 -85.5541 0.513048 0.370946 0.774068 187.37
0.886555 0.411314 -0.211752 87.816 0.215154 -0.771795 -0.598366 -105.817 -0.409546 0.484926 -0.772735 146.98
-0.800904 0.58191 0.141178 79.6796 -0.417763 -0.71193 0.564474 -87.3078 0.428982 0.393111 0.813289 187.442
0.912919 0.398955 -0.0860954 89.9443 0.301347 -0.801148 -0.51706 -102.687 -0.275259 0.446089 -0.851608 146.164
-0.83741 0.544597 0.0464442 77.4471 -0.446252 -0.730297 0.517229 -86.7987 0.3156 0.412407 0.854586 186.018
0.897657 0.440536 -0.0117378 90.4038 0.373272 -0.774216 -0.511133 -100.665 -0.23426 0.454441 -0.859421 145.48
-0.853719 0.520544 -0.0140168 74.8769 -0.459463 -0.740328 0.490722 -85.8837 0.245066 0.425379 0.871203 185.381
0.91282 0.406158 0.0423635 90.5626 0.374331 -0.790776 -0.484303 -98.6608 -0.163204 0.457939 -0.873874 145.015
-0.815867 0.574864 0.0623798 79.1097 -0.476475 -0.729482 0.490742 -84.2679 0.327615 0.370658 0.869069 185.747
0.881038 0.461368 -0.104455 87.4028 0.33076 -0.758692 -0.561234 -100.781 -0.338185 0.459919 -0.821039 145.977
-0.960291 0.159369 0.228999 81.9278 -0.0474425 -0.902119 0.428872 -82.2832 0.274933 0.400978 0.873859 184.98
0.679689 0.708358 -0.190395 83.0091 0.451302 -0.608484 -0.652743 -100.795 -0.578229 0.357737 -0.733264 146.013
-0.907119 -0.0505134 0.41783 86.5918 0.21919 -0.90421 0.366552 -81.0958 0.35929 0.42409 0.831299 183.798
0.27255 0.935341 -0.225503 79.1502 0.535115 -0.342145 -0.772391 -103.737 -0.799605 0.089845 -0.593768 148.093
-0.742539 0.287108 0.605147 92.1405 0.0837739 -0.856569 0.509188 -80.0395 0.664543 0.428788 0.611984 181.082
0.0855636 0.929894 -0.357735 76.6684 0.433736 -0.358009 -0.826863 -106.022 -0.896968 -0.0844133 -0.433962 151.485
-0.528004 0.512098 0.67747 95.6317 0.0624841 -0.772148 0.632363 -76.8736 0.84694 0.376222 0.3757 178.369
0.0847132 0.844099 -0.529451 73.044 0.137017 -0.536182 -0.832907 -107.504 -0.98694 -0.00198543 -0.161078 157.701
-0.317445 0.530449 0.786035 98.9861 0.327122 -0.716771 0.615816 -76.2661 0.890067 0.452618 0.0540134 171.145
-0.153579 0.815901 -0.55742 72.269 -0.00174128 -0.564336 -0.825543 -108.153 -0.988135 -0.125815 0.0880908 161.34
-0.117462 0.623562 0.772898 100.709 0.470941 -0.65023 0.596167 -75.2956 0.87431 0.434017 -0.217284 163.619
-0.384944 0.766682 -0.513824 72.6748 -0.143279 -0.599619 -0.787355 -107.517 -0.911751 -0.229467 0.34067 165.427
-0.00350718 0.681183 0.732104 100.556 0.646959 -0.556703 0.521081 -75.9882 0.762517 0.475469 -0.438746 156.899
-0.656662 0.633314 -0.409521 73.8968 -0.197823 -0.668624 -0.716803 -105.461 -0.727778 -0.389685 0.564345 170.622
-0.0873824 0.745247 0.661037 97.0566 0.835197 -0.306874 0.456371 -75.4756 0.542964 0.591976 -0.595613 152.725
-0.705859 0.618824 -0.3447 72.4683 -0.339903 -0.722838 -0.601641 -102.01 -0.621473 -0.307509 0.720562 173.772
-0.157383 0.776992 0.609518 92.523 0.921888 -0.105686 0.372765 -74.7929 0.354053 0.620575 -0.699667 149.275
-0.687904 0.609889 -0.393474 66.4316 -0.421653 -0.777071 -0.4673 -96.8569 -0.590759 -0.155548 0.791713 173.005
-0.0715835 0.794826 0.6026 87.4349 0.942668 -0.143528 0.301293 -71.9945 0.325965 0.589619 -0.738983 146.551
-0.639822 0.661133 -0.391828 61.6416 -0.565794 -0.750263 -0.342028 -91.3476 -0.520101 0.00285729 0.854101 173.642
-0.112265 0.7901 0.602608 82.0246 0.988693 0.0281435 0.147292 -72.4929 0.0994156 0.612331 -0.784326 142.523
-0.804902 0.464137 -0.369741 55.8453 -0.388744 -0.88319 -0.2624 -85.7561 -0.448341 -0.0674713 0.891313 171.637
0.355176 0.818214 0.452077 76.439 0.905015 -0.422079 0.0528926 -70.6333 0.23409 0.390351 -0.890409 138.671
-0.903215 0.337205 -0.265506 53.0138 -0.299844 -0.938395 -0.17178 -79.1886 -0.307075 -0.0755438 0.948683 172.429
0.306094 0.883676 0.354148 69.0217 0.947753 -0.317965 -0.0257621 -66.777 0.0898412 0.34353 -0.934835 135.675
-0.946347 0.283361 -0.155348 49.5492 -0.274181 -0.958502 -0.0780923 -71.2195 -0.171029 -0.031309 0.984769 172.538
0.140954 0.953189 0.26751 59.6425 0.985176 -0.108359 -0.132995 -63.1426 -0.0977824 0.282291 -0.954333 133.026
-0.975574 0.216182 -0.0389802 44.6861 -0.2169 -0.976076 0.0151862 -63.0587 -0.0347646 0.0232702 0.999125 171.777
0.129174 0.977698 0.165589 50.549 0.974712 -0.0944807 -0.202512 -57.9007 -0.182351 0.187561 -0.965179 130.974
-0.980541 -0.196267 -0.00420002 37.9214 0.196149 -0.980375 0.0197754 -52.16 -0.00799875 0.0185669 0.999796 169.986
0.04384 0.990666 0.12906 41.178 0.981734 -0.0187797 -0.189329 -46.5779 -0.185139 0.135003 -0.973395 128.737
-0.98022 -0.197004 0.0188917 29.4008 0.19742 -0.980038 0.0234543 -40.6429 0.0138941 0.0267201 0.999547 168.457
0.0470519 0.993653 0.102167 31.6558 0.979776 -0.0259952 -0.198402 -35.4421 -0.194487 0.109436 -0.974782 126.949
-0.91981 -0.39033 0.0398762 21.9827 0.391672 -0.919464 0.0343272 -26.6355 0.0232659 0.0471931 0.998615 166.787
0.184302 0.982782 0.0130526 22.5565 0.954769 -0.175864 -0.239768 -23.0551 -0.233345 0.0566518 -0.970743 124.953
-0.984878 0.0274877 0.17105 16.2036 0.00125323 -0.986177 0.165694 -14.1049 0.17324 0.163403 0.97123 165.707
0.0450453 0.992739 -0.111521 9.96153 0.93754 -0.080558 -0.338421 -15.0025 -0.344949 -0.0893118 -0.934363 123.664
-0.9051 0.318792 0.281359 8.4735 -0.211809 -0.911813 0.351757 -1.54745 0.368685 0.258781 0.892807 164.179
-0.105754 0.967788 -0.228476 -4.37134 0.861017 -0.0258232 -0.50792 -10.4818 -0.49746 -0.250436 -0.830552 124.44
-0.847764 0.351559 0.397114 -0.464098 -0.118149 -0.855116 0.504795 10.3242 0.517045 0.38103 0.766474 161.601
-0.228129 0.913852 -0.3359 -19.3808 0.764297 -0.0456401 -0.643247 -5.57399 -0.603164 -0.403471 -0.688044 126.208
-0.796002 0.377044 0.473515 -11.7549 0.0107655 -0.77335 0.633888 21.981 0.605197 0.509675 0.61153 157.947
-0.470701 0.788328 -0.396203 -35.9764 0.688057 0.0468875 -0.72414 1.69032 -0.552284 -0.613465 -0.564486 128.969
-0.805094 0.339912 0.486088 -27.8546 0.140991 -0.686352 0.713472 34.0675 0.576146 0.642947 0.504654 155.719
-0.546458 0.722656 -0.423261 -54.1252 0.624235 0.0145409 -0.781102 10.5624 -0.558314 -0.691055 -0.459053 131.037
-0.73984 0.438523 0.510227 -44.3895 0.157857 -0.624066 0.76526 45.0517 0.654001 0.646714 0.392486 154.259
-0.437989 0.795267 -0.419182 -68.9603 0.548761 -0.132818 -0.825361 19.3537 -0.712059 -0.591531 -0.378239 130.717
-0.655761 0.538048 0.529604 -57.5679 0.11955 -0.618638 0.776528 53.5656 0.745443 0.572531 0.341355 153.245
-0.586211 0.677393 -0.444402 -84.7612 0.543802 -0.0776037 -0.835618 27.3789 -0.60053 -0.731516 -0.322875 133.757
-0.601863 0.597212 0.530185 -72.9253 0.127895 -0.583245 0.802165 62.2547 0.788291 0.550602 0.274653 154.083
-0.655884 0.61271 -0.440908 -100.767 0.512948 -0.0667577 -0.85582 34.7922 -0.553804 -0.787483 -0.270504 137.409
-0.565999 0.628102 0.533976 -88.0577 0.153714 -0.555949 0.81688 71.0883 0.809949 0.544434 0.218118 155.977
-0.676601 0.565417 -0.471713 -117.14 0.49807 -0.12041 -0.858736 43.6382 -0.542343 -0.815969 -0.200148 142.389
-0.628006 0.54991 0.550641 -104.509 0.278073 -0.502292 0.818767 81.3267 0.726831 0.667309 0.162527 157.302
-0.693429 0.554046 -0.460637 -133.4 0.467676 -0.14024 -0.872704 52.8211 -0.548118 -0.820589 -0.161868 145.128
-0.441741 0.709973 0.548452 -118.348 0.171904 -0.533021 0.828455 90.1833 0.880519 0.460244 0.11341 160.694
-0.535506 0.705664 -0.463972 -146.119 0.344266 -0.319266 -0.882922 59.1489 -0.771177 -0.632541 -0.0719671 148.62
-0.412254 0.747635 0.52066 -131.61 0.250744 -0.456306 0.853764 98.9687 0.875885 0.482521 0.000648951 159.508
-0.551186 0.716955 -0.426811 -158.167 0.241929 -0.352231 -0.904104 65.5766 -0.798539 -0.601588 0.020693 150.808
-0.198944 0.860731 0.468574 -143.298 0.238026 -0.421376 0.875092 105.565 0.950666 0.285627 -0.121046 158.106
-0.611813 0.69296 -0.38143 -168.58 0.140553 -0.3793 -0.914536 70.6529 -0.778414 -0.613137 0.134663 154.33
-0.472735 0.749891 0.462799 -156.9 0.403325 -0.282823 0.870253 113.73 0.783486 0.598058 -0.16875 156.617
-0.453607 0.801233 -0.39021 -181.338 -0.0153904 -0.444825 -0.895485 76.3451 -0.891069 -0.400193 0.214107 154.373
-0.389812 0.813313 0.431933 -169.948 0.466395 -0.230073 0.854132 119.512 0.794054 0.534403 -0.289641 151.823
-0.488566 0.782785 -0.38542 -194.618 -0.136016 -0.504657 -0.852538 82.3964 -0.86186 -0.364098 0.35303 155.805
