1 0 0 0 0 1 0 0 0 0 1 0
0.999999 -1.38288e-05 0.00144189 -0.00928776 1.80033e-05 0.999996 -0.00289514 -0.00275658 -0.00144185 0.00289517 0.999995 0.974796
0.999998 -0.00166851 0.00141192 -0.0127283 0.00167365 0.999992 -0.00364843 -0.0293292 -0.00140582 0.00365078 0.999992 1.95632
0.999996 -0.00178356 0.00237835 -0.0193216 0.00178372 0.999998 -6.37666e-05 -0.0270474 -0.00237823 6.80085e-05 0.999997 2.92656
0.999994 -0.00349798 0.00076408 -0.012668 0.00349406 0.999981 0.00507214 -0.032701 -0.000781808 -0.00506944 0.999987 3.89794
0.999986 -0.00521027 -0.000180853 -0.0178046 0.00521131 0.999966 0.00635806 -0.0520105 0.000147719 -0.00635891 0.99998 4.84423
0.999975 -0.0070453 -0.000191879 -0.00557567 0.00704618 0.999963 0.00501108 -0.0490487 0.000156567 -0.00501231 0.999987 5.79626
0.99998 -0.00638906 0.000405935 -0.00851241 0.00638847 0.999979 0.00143767 -0.0571892 -0.000415111 -0.00143505 0.999999 6.75607
0.999979 -0.00653276 -0.000246897 -0.0149065 0.00653295 0.999978 0.000787455 -0.0646125 0.000241747 -0.000789051 1 7.6811
0.999988 -0.00483672 0.000814078 -0.0210054 0.00483507 0.999986 0.00200661 -0.0761502 -0.000823772 -0.00200265 0.999998 8.62982
0.999989 -0.00448741 -0.00160614 -0.0288024 0.00449454 0.99998 0.00446599 -0.0891533 0.00158607 -0.00447316 0.999989 9.56228
0.999984 -0.00563627 -0.000836882 -0.0597648 0.00564092 0.999968 0.00565775 -0.0938337 0.000804967 -0.00566238 0.999984 10.4993
0.999986 -0.00528843 0.000944522 -0.0655883 0.00528174 0.999962 0.00695015 -0.104233 -0.000981241 -0.00694506 0.999975 11.4566
0.999985 -0.00546943 0.000765946 -0.0711798 0.00546435 0.999964 0.00647786 -0.112776 -0.000801349 -0.00647358 0.999979 12.3911
0.999986 -0.00532394 0.000457678 -0.0859233 0.00532167 0.999974 0.0048177 -0.112256 -0.000483316 -0.00481519 0.999988 13.3127
0.999985 -0.00553631 0.000134483 -0.088189 0.00553575 0.999977 0.00383995 -0.113342 -0.00015574 -0.00383914 0.999993 14.2202
0.999974 -0.00683821 -0.00207117 -0.102382 0.00683958 0.999977 0.000653387 -0.122335 0.00206665 -0.000667537 0.999998 15.1608
0.999969 -0.00616782 -0.00486148 -0.110301 0.00616425 0.999981 -0.000748446 -0.104202 0.004866 0.000718454 0.999988 16.1059
0.999992 -0.00320669 -0.00257052 -0.154457 0.00319787 0.999989 -0.0034282 -0.135424 0.00258148 0.00341995 0.999991 16.9763
0.999986 -0.00148236 -0.0050014 -0.16897 0.00146186 0.999991 -0.00410056 -0.148823 0.00500742 0.00409319 0.999979 17.876
0.99996 -0.00432467 -0.00780328 -0.184163 0.00429618 0.999984 -0.00366493 -0.158514 0.00781901 0.00363126 0.999963 18.7987
0.999955 -0.00390725 -0.00860947 -0.196535 0.00388276 0.999988 -0.00285869 -0.176702 0.00862053 0.00282514 0.999959 19.683
0.999918 -0.00340075 -0.012351 -0.213653 0.00336707 0.999991 -0.00274687 -0.182154 0.0123602 0.00270505 0.99992 20.5792
0.999888 -0.00361803 -0.0145064 -0.220693 0.00357192 0.999989 -0.00320372 -0.221356 0.0145178 0.00315154 0.999889 21.4527
0.999856 -0.00371043 -0.0165737 -0.233048 0.00366023 0.999989 -0.00305819 -0.228037 0.0165849 0.00299709 0.999858 22.3526
0.999774 -0.00219495 -0.0211659 -0.225086 0.00213913 0.999994 -0.00265935 -0.249274 0.0211716 0.00261347 0.999772 23.2639
0.999745 -0.00140383 -0.0225291 -0.247337 0.00137399 0.999998 -0.00133986 -0.269649 0.022531 0.00130856 0.999745 24.1255
0.999697 -0.00212572 -0.0245103 -0.272151 0.00216376 0.999997 0.00152568 -0.291766 0.0245069 -0.00157825 0.999698 24.991
0.999635 -0.00329171 -0.0267976 -0.291708 0.00338002 0.999989 0.00325092 -0.30526 0.0267866 -0.00334031 0.999635 25.8429
0.999612 -0.00364826 -0.0276055 -0.313429 0.003741 0.999988 0.0033083 -0.317134 0.0275931 -0.00341029 0.999613 26.7042
0.999565 -0.00262259 -0.0293819 -0.33584 0.00266842 0.999995 0.00152079 -0.322632 0.0293777 -0.00159854 0.999567 27.5362
0.999516 -0.00127624 -0.0310627 -0.370026 0.00128226 0.999999 0.000173904 -0.328543 0.0310624 -0.000213652 0.999517 28.3589
0.999461 -0.000561731 -0.0328064 -0.400537 0.000562346 1 9.54977e-06 -0.328368 0.0328064 -2.79952e-05 0.999462 29.1643
0.9994 -0.000632579 -0.0346306 -0.428186 0.000637222 1 0.000123056 -0.338653 0.0346305 -0.000145051 0.9994 29.955
0.999334 -3.74403e-05 -0.0364939 -0.459129 3.6465e-05 1 -2.73595e-05 -0.34904 0.0364939 2.60085e-05 0.999334 30.7298
0.99925 0.000604733 -0.0387062 -0.477307 -0.000617549 1 -0.000319117 -0.348703 0.038706 0.000342779 0.99925 31.5239
0.999169 -1.60564e-05 -0.040749 -0.514143 0.000117824 0.999997 0.00249507 -0.354293 0.0407488 -0.0024978 0.999166 32.2952
0.999056 -0.00184516 -0.0433841 -0.562645 0.00199523 0.999992 0.00341613 -0.351244 0.0433774 -0.00349947 0.999052 33.0392
0.998883 -0.000875521 -0.0472456 -0.61647 0.00115536 0.999982 0.00589607 -0.369765 0.0472395 -0.00594407 0.998866 33.8255
0.998764 -0.000243877 -0.0496967 -0.657887 0.000554271 0.999981 0.0062321 -0.377866 0.0496942 -0.00625195 0.998745 34.5551
0.998695 0.00143701 -0.0510392 -0.707808 -0.00115417 0.999984 0.00557063 -0.374061 0.0510464 -0.00550446 0.998681 35.2794
0.998508 0.00266916 -0.05453 -0.7658 -0.00239538 0.999984 0.0050856 -0.381702 0.0545427 -0.00494739 0.998499 36.0017
0.998469 0.00300144 -0.0552278 -0.819677 -0.00263319 0.999974 0.00673955 -0.392455 0.0552465 -0.00658381 0.998451 36.7024
0.998427 0.00391696 -0.0559245 -0.863959 -0.00348244 0.999963 0.00786518 -0.397648 0.0559532 -0.00765805 0.998404 37.3941
0.998384 0.00568177 -0.0565274 -0.908174 -0.00522915 0.999953 0.00815198 -0.404013 0.056571 -0.00784322 0.998368 38.0724
0.998426 0.00841128 -0.0554449 -0.95667 -0.0080258 0.999942 0.00717158 -0.406964 0.055502 -0.00671531 0.998436 38.7421
0.998406 0.0115757 -0.0552316 -0.997659 -0.0113144 0.999924 0.00504175 -0.413993 0.0552858 -0.0044088 0.998461 39.4253
0.998403 0.0105772 -0.0554891 -1.05446 -0.0103986 0.99994 0.0035057 -0.420112 0.0555228 -0.0029231 0.998453 40.0804
0.998399 0.00957962 -0.0557407 -1.11141 -0.00948444 0.999953 0.00197205 -0.427257 0.0557569 -0.00144023 0.998443 40.7354
-0.557116 0.0454691 0.829188 0.762448 0.076968 0.997029 -0.00295942 -0.717777 -0.82686 0.0621722 -0.558961 40.9224
-0.3078 0.0452735 -0.950373 -1.25425 0.0103434 0.998968 0.0442386 -0.65143 0.951394 0.00378655 -0.307951 39.4538
0.972546 -0.0442849 0.228455 -1.51728 0.0213278 0.994556 0.101996 -0.195862 -0.231728 -0.0943236 0.968197 41.7441
-0.647967 -0.0640874 0.758967 0.669492 -0.0785967 0.996761 0.017065 0.322277 -0.757602 -0.0485948 -0.650905 40.2707
-0.583 -0.107999 -0.805262 0.406152 -0.0270711 0.993158 -0.1136 0.394065 0.812021 -0.0444292 -0.581935 38.4277
0.925949 -0.136218 -0.352224 -1.22069 0.143226 0.989671 -0.00621939 0.185038 0.349433 -0.0446887 0.935895 40.0984
0.133303 -0.152894 0.97921 1.2035 -0.055586 0.98532 0.161415 0.710477 -0.989515 -0.0759475 0.122847 40.7935
-0.980733 -0.147267 -0.128352 0.475352 -0.142133 0.988667 -0.0483272 0.204347 0.134014 -0.029153 -0.99055 36.6517
0.38899 -0.157929 -0.907604 -3.57912 0.0706513 0.987409 -0.141535 -0.373354 0.918529 -0.00906774 0.39525 38.9333
0.792748 -0.142307 0.592705 -0.270041 0.108822 0.989786 0.0920954 0.196707 -0.599757 -0.00850911 0.800137 41.8615
-0.75196 -0.179932 0.634177 1.84109 -0.159951 0.983081 0.0892671 0.621735 -0.639509 -0.0343116 -0.768017 37.271
-0.433146 -0.221748 -0.87362 -3.78252 -0.0857636 0.975006 -0.204961 -0.531262 0.897234 -0.0138533 -0.441338 36.431
0.95785 -0.187925 -0.217272 -3.11967 0.180951 0.98213 -0.0517429 -0.238268 0.223113 0.0102463 0.974739 42.6505
-0.00504383 -0.162129 0.986756 3.46877 -0.0528229 0.985435 0.161642 0.883968 -0.998591 -0.0513081 -0.0135342 39.9789
-0.960184 -0.17708 -0.216074 -0.593131 -0.153705 0.980717 -0.120703 -0.578483 0.233281 -0.0826852 -0.968887 34.0865
0.417775 -0.191245 -0.888194 -5.62712 0.102317 0.98128 -0.163162 -1.47273 0.902771 -0.0227129 0.429522 39.8566
0.877816 -0.161522 0.450943 0.985363 0.139225 0.986823 0.0824481 -0.210435 -0.458318 -0.0095918 0.888737 44.2085
-0.498684 -0.109268 0.859869 5.24952 -0.0613572 0.993984 0.0907263 -0.0923939 -0.86461 -0.00751545 -0.502388 36.9815
-0.849721 -0.0871573 -0.519979 -2.51368 -0.0478013 0.994915 -0.0886505 -1.61792 0.525061 -0.0504726 -0.849567 32.895
0.506717 -0.179121 -0.843299 -5.34822 0.107003 0.983681 -0.144643 -1.90529 0.855446 -0.0169427 0.517614 40.8123
0.850204 -0.127209 0.510853 2.71766 0.135453 0.990556 0.0212282 -0.710212 -0.508729 0.0511484 0.859406 44.0581
-0.461971 -0.0374448 0.886104 6.27536 -0.00990871 0.999264 0.0370608 -0.252534 -0.88684 0.00834088 -0.462002 36.3335
-0.917014 -0.08101 -0.39054 -1.97461 -0.0743863 0.996713 -0.0320848 -0.581958 0.391856 -0.00037137 -0.920026 32.5075
0.292623 -0.107548 -0.95016 -6.42027 -0.0214533 0.992667 -0.118967 -0.925964 0.955987 0.0551964 0.288169 40.4458
0.975075 -0.0358619 0.218956 1.37407 0.0455808 0.99818 -0.0394966 -0.0784093 -0.217141 0.0484924 0.974935 46.2285
-0.140327 -0.0534782 0.988659 7.98241 -0.0544347 0.997447 0.0462272 1.11168 -0.988608 -0.0473305 -0.14288 38.7304
-0.987655 -0.15198 -0.0379361 0.972517 -0.149477 0.986828 -0.0618651 0.89549 0.0468384 -0.0554308 -0.997363 31.2704
-0.0345768 -0.150852 -0.987951 -7.68236 -0.0637482 0.986863 -0.148454 0.67183 0.997367 0.0578471 -0.0437394 37.5659
0.981387 -0.015042 -0.191446 -2.04129 -0.00262434 0.995784 -0.0916921 1.19968 0.192018 0.0904879 0.977211 47.0883
0.341787 -0.00115365 0.939776 8.25226 0.00257371 0.999997 0.000291519 2.38969 -0.939774 0.00231908 0.341789 43.3736
-0.87368 -0.115172 0.472672 5.82133 -0.113106 0.993038 0.0329004 3.17696 -0.473171 -0.0247178 -0.880624 32.5005
-0.584683 -0.203226 -0.785395 -6.02495 -0.152835 0.978373 -0.139383 2.07029 0.796735 0.0385406 -0.603098 32.7913
0.677829 -0.180566 -0.712701 -8.31852 0.0806034 0.98178 -0.172079 2.26981 0.730788 0.0591938 0.680033 44.7534
0.822231 -0.123085 0.555685 3.06739 0.104916 0.992383 0.0645736 5.0104 -0.5594 0.00520585 0.828882 49.3258
-0.437184 -0.153077 0.886249 9.35431 -0.142089 0.984789 0.100006 6.39522 -0.888077 -0.0822053 -0.452285 38.1759
-0.925597 -0.24521 -0.288343 -0.740261 -0.205546 0.965299 -0.161086 4.26304 0.317837 -0.0898327 -0.94388 29.8672
0.205089 -0.223357 -0.952916 -11.1459 0.02713 0.974536 -0.222586 3.43004 0.978368 0.0197972 0.205926 39.766
0.98495 -0.112973 0.130808 -2.67103 0.117241 0.992779 -0.0253748 5.685 -0.126996 0.0403289 0.991083 51.8847
-0.0247945 -0.0741942 0.996935 10.5507 -0.0874634 0.993579 0.0717691 7.4999 -0.995859 -0.0854159 -0.0311243 44.3829
-0.984635 -0.156394 0.0776835 4.78657 -0.167055 0.973171 -0.158211 5.64706 -0.0508565 -0.168758 -0.984345 29.9936
-0.13943 -0.212776 -0.967101 -10.7238 0.0742246 0.971649 -0.224478 4.09816 0.987446 -0.103082 -0.119684 34.0797
0.965474 -0.145412 -0.216133 -8.556 0.154419 0.987682 0.0252932 6.58733 0.209793 -0.0577951 0.976036 50.1689
0.299502 -0.0544735 0.952539 7.12563 -0.0900973 0.992293 0.0850757 8.80478 -0.949832 -0.111302 0.292286 49.7866
-0.910379 -0.0953645 0.402634 8.95241 -0.170682 0.972984 -0.155468 7.09911 -0.376931 -0.210257 -0.902062 33.7282
-0.500901 -0.168142 -0.849014 -7.21558 0.0620442 0.971449 -0.228994 5.28659 0.863277 -0.16738 -0.476168 29.4453
0.812996 -0.111655 -0.571463 -14.1106 0.116156 0.992816 -0.0287297 7.14314 0.570566 -0.043022 0.820124 45.1732
0.685517 -0.0525502 0.726157 0.149729 -0.0294426 0.994575 0.0997699 10.5077 -0.72746 -0.0897739 0.680252 54.0672
-0.627909 -0.130329 0.767297 11.1662 -0.218931 0.975648 -0.0134416 11.422 -0.74686 -0.176425 -0.641151 41.2182
-0.824732 -0.154947 -0.543882 -0.807173 0.00600186 0.959281 -0.282391 8.18683 0.565491 -0.236162 -0.79022 28.6887
0.442883 -0.195703 -0.874959 -15.2369 0.207184 0.971813 -0.112495 8.35517 0.872313 -0.131456 0.470946 39.1138
0.947401 -0.114943 0.298694 -7.44368 0.0559832 0.978411 0.198944 13.6724 -0.315113 -0.171758 0.933383 54.6449
-0.119428 -0.00896265 0.992802 10.247 -0.217453 0.975917 -0.0173481 14.3362 -0.968737 -0.21796 -0.118501 49.3269
-0.996501 -0.0371243 0.0748734 8.59566 -0.0560485 0.961438 -0.26925 10.8307 -0.0619908 -0.272505 -0.960155 30.9939
-0.311598 -0.0921568 -0.945734 -10.1701 0.154634 0.9771 -0.146162 10.4172 0.937547 -0.191787 -0.290213 28.6079
0.829735 -0.0328218 -0.557191 -17.642 0.0877769 0.993521 0.0721876 13.786 0.551213 -0.108805 0.82724 46.0092
0.856399 0.000990142 0.516312 -4.83368 -0.000477381 0.999999 -0.00112582 15.4622 -0.516313 0.000717691 0.8564 59.7328
-0.0813493 0.211623 0.973959 12.9683 0.14941 0.968746 -0.198011 14.1085 -0.985423 0.129412 -0.110425 53.8361
-0.945706 0.160447 0.282657 14.4114 0.186185 0.980262 0.066499 16.9829 -0.266409 0.115515 -0.956913 35.8765
-0.623579 0.12807 -0.771198 -2.58522 -0.0214389 0.983317 0.180631 20.8471 0.781466 0.129171 -0.610431 28.349
0.447083 0.0976192 -0.889149 -16.6831 -0.231816 0.972711 -0.00976869 19.5909 0.863932 0.210486 0.457513 40.8803
0.985142 0.162645 0.055142 -11.242 -0.141666 0.951115 -0.27443 13.7264 -0.0970809 0.262541 0.960025 58.535
0.370544 0.211513 0.90441 7.74267 0.120132 0.954633 -0.272478 9.01713 -0.921013 0.209613 0.328325 60.4782
-0.645728 0.225748 0.729433 18.5663 0.29836 0.953946 -0.031109 9.80906 -0.702863 0.197546 -0.683344 43.7909
-0.940573 0.225827 -0.25362 8.79377 0.155278 0.950198 0.270209 15.7268 0.30201 0.21477 -0.928797 27.9708
-0.125125 0.243944 -0.961683 -9.55754 -0.200261 0.94314 0.265296 19.6063 0.97172 0.225783 -0.0691581 32.0445
0.807733 0.224717 -0.54504 -13.9006 -0.332276 0.937205 -0.106017 15.8768 0.486991 0.266738 0.83168 49.759
0.791379 0.228229 0.567125 0.847617 -0.0194855 0.936643 -0.349744 9.80235 -0.611015 0.265729 0.745687 58.9796
-0.266795 0.213581 0.939789 16.0675 0.320295 0.939357 -0.122555 10.0263 -0.908973 0.268313 -0.319024 47.005
-0.979763 0.18749 0.0700825 9.99774 0.198907 0.951116 0.236252 15.7946 -0.022362 0.245411 -0.969161 29.3974
-0.295499 0.139614 -0.945086 -8.74668 -0.215123 0.954133 0.208213 18.1245 0.930807 0.264836 -0.251912 31.5132
0.922307 0.146915 -0.357442 -8.56941 -0.243026 0.939637 -0.240874 12.9783 0.300478 0.309027 0.902339 48.4376
0.468911 0.166387 0.867431 9.1144 0.184659 0.941925 -0.280498 10.1158 -0.863726 0.291708 0.410954 48.7237
-0.839844 0.158384 0.519207 11.4975 0.28449 0.943031 0.172505 14.9211 -0.462307 0.292586 -0.837058 31.9812
-0.5489 0.179435 -0.816402 -5.64318 -0.164858 0.934265 0.316181 18.4854 0.81947 0.308142 -0.483237 30.2792
0.796906 0.257669 -0.546395 -6.92043 -0.373157 0.921248 -0.1098 14.1563 0.475074 0.291392 0.830299 46.2388
0.541294 0.266742 0.797401 10.2444 0.0147479 0.945189 -0.326191 10.2284 -0.840704 0.188325 0.507692 46.4838
-0.806746 0.229033 0.544705 11.4165 0.27815 0.960504 0.00809551 14.0877 -0.521338 0.158041 -0.838588 28.5224
-0.424963 0.197138 -0.883483 -7.49379 -0.092564 0.961418 0.259052 18.1867 0.900466 0.191866 -0.390319 30.6122
0.934076 0.21216 -0.28721 -2.90899 -0.260671 0.954866 -0.142411 13.4139 0.244033 0.207891 0.947222 50.0989
0.143739 0.218278 0.965242 16.6346 0.168803 0.955669 -0.241251 10.924 -0.975113 0.197613 0.100521 41.269
-0.969898 0.242745 0.0193044 5.37988 0.241202 0.946783 0.213126 17.7764 0.0334582 0.211367 -0.976834 22.746
-0.0539921 0.354097 -0.933648 -13.2783 -0.319995 0.879566 0.35209 21.1804 0.94588 0.317773 0.0658194 34.6519
0.926361 0.375099 -0.0339969 -3.41014 -0.365809 0.874567 -0.318303 11.5461 -0.0896624 0.3073 0.94738 52.8494
-0.194476 0.437481 0.877946 11.4883 0.412098 0.848656 -0.331601 9.83635 -0.890143 0.297311 -0.345328 37.5539
-0.748327 0.421145 -0.512488 -4.28292 0.147055 0.858702 0.490924 20.1834 0.646824 0.292007 -0.704521 30.8477
0.781043 0.448223 -0.434819 -5.27769 -0.528472 0.845375 -0.0778326 14.0473 0.332699 0.290581 0.897148 49.6276
0.12664 0.471581 0.872681 11.5763 0.254627 0.834832 -0.488078 7.57689 -0.958712 0.284018 -0.0143544 41.0982
-0.836096 0.462611 -0.294845 -0.699434 0.276487 0.819567 0.501861 19.3382 0.473812 0.338083 -0.813143 29.5926
0.727348 0.493573 -0.476812 -5.05135 -0.599877 0.794738 -0.0924021 13.4062 0.333334 0.353238 0.874135 49.8523
-0.187595 0.433371 0.881474 12.583 0.480384 0.823239 -0.302504 10.0427 -0.856761 0.366698 -0.36262 36.1222
-0.424834 0.41412 -0.804997 -8.60946 -0.230636 0.810378 0.538605 20.7794 0.875399 0.414479 -0.248765 36.3188
0.836461 0.430393 0.339255 5.72837 -0.186554 0.805699 -0.56218 5.71457 -0.515296 0.406952 0.754228 50.6288
-0.863684 0.333601 0.377836 7.91801 0.468731 0.807209 0.358753 18.0635 -0.185313 0.486953 -0.853543 27.0949
0.351033 0.374337 -0.858281 -12.2412 -0.571701 0.811615 0.12016 15.5665 0.741575 0.448501 0.498913 46.7009
0.342193 0.309066 0.887345 13.4706 0.315536 0.851721 -0.418341 6.43521 -0.885066 0.423143 0.193932 43.9494
-0.830508 0.329485 -0.449106 -5.80723 0.0357683 0.836167 0.547307 20.8811 0.555857 0.438479 -0.706229 28.5944
0.800288 0.196697 0.566435 15.9468 0.135084 0.861237 -0.489922 6.93233 -0.584201 0.468595 0.662667 41.7127
-0.643961 0.345067 -0.682819 -8.15696 -0.0978823 0.848011 0.520861 19.8494 0.75877 0.40225 -0.512311 32.0393
0.510344 0.305358 0.803931 18.3523 0.242945 0.845563 -0.475395 6.9472 -0.82494 0.437927 0.357343 35.1997
-0.371765 0.374352 -0.8495 -10.0067 -0.343727 0.79454 0.500557 17.7045 0.862347 0.478087 -0.166707 37.0656
0.301322 0.35858 0.88353 18.4612 0.39052 0.798912 -0.457422 7.3761 -0.869885 0.482867 0.100697 31.1484
-0.138854 0.405851 -0.903329 -9.2557 -0.498628 0.759452 0.417855 14.3764 0.855622 0.508447 0.0969159 41.198
-0.00869916 0.369033 0.929375 17.7497 0.544371 0.781366 -0.305167 9.46097 -0.8388 0.50327 -0.207688 27.2579
-0.00973931 0.423698 -0.905751 -8.2816 -0.515917 0.773796 0.367518 14.8263 0.856583 0.470872 0.211057 40.2992
-0.0163218 0.367761 0.929777 18.9359 0.464835 0.826092 -0.31859 9.44682 -0.885247 0.426993 -0.184432 26.1784
-0.0835857 0.348764 -0.933476 -9.43899 -0.387495 0.851655 0.352892 16.1384 0.918075 0.391214 0.063958 36.7421
0.274435 0.346317 0.897078 18.7309 0.420331 0.79585 -0.435826 7.92698 -0.864874 0.496676 0.0728416 30.9829
-0.380401 0.333609 -0.862554 -9.55668 -0.311115 0.83215 0.459057 18.4271 0.87092 0.442979 -0.212761 33.1076
0.558914 0.298706 0.773557 17.9576 0.286946 0.805564 -0.518391 6.33891 -0.777996 0.511705 0.364528 36.4988
-0.662535 0.344481 -0.665116 -7.45193 -0.127052 0.823418 0.553029 21.1732 0.738177 0.450905 -0.501776 28.8668
0.779884 0.296758 0.551104 15.2934 0.118713 0.794357 -0.595739 5.51356 -0.614564 0.53003 0.584277 39.6315
-0.827567 0.364481 -0.426951 -4.48235 0.0588172 0.812666 0.579754 22.6006 0.558278 0.454673 -0.693973 25.1044
0.909381 0.316704 0.269674 11.6078 -0.109716 0.807978 -0.578908 5.30162 -0.401233 0.496861 0.769507 43.2212
-0.937522 0.319521 -0.137687 -0.591396 0.199037 0.81713 0.541002 22.9888 0.28537 0.479796 -0.829675 21.7809
0.937203 0.344371 0.0553103 8.62881 -0.265791 0.80784 -0.526071 6.18384 -0.225846 0.478334 0.84864 44.731
-0.925711 0.360275 -0.115157 -1.76452 0.25124 0.813298 0.524809 23.8336 0.282733 0.456889 -0.843395 22.856
0.95298 0.286325 0.0992347 8.14359 -0.190288 0.820277 -0.539385 7.36595 -0.235839 0.495139 0.836192 44.7621
-0.925104 0.373723 -0.0671794 -0.709453 0.295939 0.82048 0.489113 23.4752 0.237912 0.4326 -0.869629 22.1966
0.94168 0.333263 0.0466301 7.23993 -0.260565 0.809811 -0.525654 6.50441 -0.212943 0.482847 0.84942 45.4104
-0.905026 0.4236 0.0386008 1.78731 0.391915 0.795162 0.462731 22.8751 0.165319 0.433912 -0.885658 20.9124
0.924086 0.32216 -0.205617 3.07494 -0.381498 0.809783 -0.445769 6.95956 0.022896 0.490371 0.871213 46.5551
-0.874225 0.340675 0.345935 6.30607 0.459085 0.811917 0.3606 21.6476 -0.158023 0.474059 -0.866197 19.4167
0.824408 0.26483 -0.500216 -1.71749 -0.461418 0.826297 -0.322997 8.54489 0.327788 0.49709 0.803403 45.7988
-0.747669 0.312352 0.586026 9.48179 0.538064 0.802148 0.258932 20.063 -0.389202 0.508915 -0.767807 20.3716
0.680774 0.257661 -0.68568 -5.854 -0.497827 0.849421 -0.175075 11.5413 0.537322 0.460537 0.706535 44.4623
-0.606303 0.301501 0.735863 11.3962 0.564745 0.814721 0.131501 18.9626 -0.559875 0.495305 -0.664239 21.2319
0.589682 0.299155 -0.750187 -6.81374 -0.525322 0.847598 -0.074927 12.9655 0.613443 0.438273 0.656966 44.2057
-0.51322 0.337057 0.789302 12.8353 0.582845 0.811943 0.0322515 16.8979 -0.629998 0.476593 -0.613157 22.1013
0.537021 0.311072 -0.784119 -7.45619 -0.51081 0.859649 -0.00880323 13.0512 0.671328 0.405264 0.620548 44.697
-0.468785 0.315191 0.825164 14.6322 0.5468 0.837213 -0.00915038 15.9982 -0.693722 0.44691 -0.56482 22.7684
0.301088 0.336805 -0.892137 -10.6872 -0.594102 0.798051 0.100782 15.106 0.745915 0.499676 0.44038 41.032
-0.144261 0.340756 0.929018 15.7239 0.560294 0.801972 -0.207152 12.3057 -0.815634 0.490639 -0.306617 27.0733
-0.0665463 0.373651 -0.92518 -11.5142 -0.535897 0.768762 0.349025 19.2287 0.841656 0.519028 0.14908 36.2077
0.274561 0.344616 0.897695 15.23 0.469359 0.76677 -0.43791 9.32631 -0.839236 0.541575 0.0487764 33.2849
-0.448272 0.394234 -0.802267 -9.76702 -0.320358 0.767024 0.555918 23.4737 0.83452 0.506215 -0.21754 31.48
0.607835 0.420025 0.673882 11.6767 0.145796 0.775189 -0.614676 7.50056 -0.780564 0.471871 0.409948 39.3578
-0.784574 0.340144 -0.518408 -5.56925 -0.118353 0.738564 0.663714 25.1518 0.608635 0.582088 -0.5392 28.2803
0.808385 0.48706 0.330586 7.33089 -0.129044 0.694563 -0.707764 6.32058 -0.574336 0.529486 0.624326 42.9761
-0.950279 0.296144 -0.0962759 1.13854 0.167377 0.74646 0.644036 25.5119 0.262593 0.5959 -0.758913 23.7242
0.913175 0.371726 -0.167125 0.377834 -0.397289 0.720362 -0.568542 8.72115 -0.0909513 0.585576 0.805499 46.7303
-0.904972 0.188717 0.38133 7.90662 0.354718 0.829566 0.431271 22.6472 -0.23495 0.525553 -0.817675 23.8426
0.758483 0.187934 -0.624007 -6.70269 -0.495163 0.788717 -0.364333 11.7011 0.423694 0.585326 0.691286 44.2678
-0.682734 0.204857 0.701362 10.6282 0.550346 0.775576 0.309195 21.0567 -0.480618 0.597089 -0.642254 26.0099
0.546321 0.260414 -0.796064 -8.25102 -0.686455 0.683788 -0.247413 13.3143 0.479909 0.68163 0.55233 41.4647
-0.504053 0.218149 0.835669 11.4308 0.600478 0.783969 0.157539 18.7819 -0.620771 0.581209 -0.526155 27.4698
0.422245 0.264998 -0.866883 -9.1928 -0.73746 0.656527 -0.15851 14.001 0.527127 0.706221 0.47264 40.297
-0.440583 0.254232 0.86096 12.8824 0.692491 0.706553 0.145734 18.1105 -0.571263 0.660416 -0.487349 27.7721
0.483071 0.267767 -0.833633 -8.77877 -0.72149 0.661159 -0.20572 12.6783 0.496079 0.700835 0.512578 41.9646
-0.529221 0.277242 0.801912 12.8294 0.70291 0.672603 0.231348 19.5341 -0.475229 0.686106 -0.550832 27.3511
0.561004 0.237806 -0.79292 -8.81195 -0.615092 0.760794 -0.207016 14.4631 0.554018 0.603856 0.573081 41.6599
-0.523747 0.250252 0.814287 13.9635 0.706024 0.662389 0.250542 19.999 -0.476676 0.706127 -0.523608 27.3242
0.453959 0.247044 -0.85609 -10.4465 -0.624538 0.773496 -0.107964 17.0475 0.63551 0.583673 0.505424 40.1389
-0.291577 0.254429 0.922089 15.5371 0.770905 0.633196 0.0690543 17.2276 -0.566293 0.730978 -0.380766 29.978
0.200403 0.253157 -0.946441 -10.87 -0.742514 0.669474 0.0218507 18.5373 0.639149 0.698367 0.322137 37.423
-0.101312 0.237105 0.966187 15.3808 0.848191 0.528128 -0.0406651 15.8022 -0.519911 0.815391 -0.254616 31.0112
0.0286604 0.306819 -0.951336 -10.4529 -0.708872 0.677248 0.197066 22.0331 0.704754 0.668728 0.236906 35.6103
0.151005 0.205675 0.9669 16.2655 0.808969 0.536428 -0.240447 13.6937 -0.568125 0.818501 -0.0853814 33.5702
-0.19126 0.291956 -0.937114 -9.82135 -0.692589 0.636381 0.339617 23.464 0.695514 0.713989 0.0804915 34.5123
0.312718 0.197423 0.929103 15.0858 0.761861 0.532029 -0.369478 12.1385 -0.567252 0.823389 0.0159659 35.1062
-0.346386 0.230047 -0.909448 -8.7453 -0.667953 0.620223 0.411294 24.4347 0.658677 0.749934 -0.0611765 32.4418
0.426075 0.2528 0.86865 14.9521 0.652397 0.579346 -0.488607 9.94112 -0.626768 0.774888 0.0819191 36.1315
-0.431294 0.235422 -0.870955 -9.80628 -0.629042 0.613553 0.477345 25.6626 0.646754 0.753743 -0.116532 31.8304
0.465278 0.223873 0.856387 14.8743 0.676165 0.534477 -0.507084 8.7664 -0.571241 0.814994 0.0973054 36.7622
-0.429869 0.299632 -0.851724 -10.7292 -0.576943 0.634463 0.514387 26.7765 0.694513 0.712515 -0.0998654 32.2225
0.432429 0.328968 0.839515 14.2557 0.552778 0.638855 -0.535071 9.01705 -0.712349 0.695445 0.0944135 37.1976
-0.454036 0.306985 -0.836428 -9.87629 -0.547579 0.644411 0.533752 27.2199 0.702857 0.700353 -0.124487 31.7726
0.489428 0.303815 0.817409 15.0602 0.590021 0.574851 -0.56694 7.97686 -0.642133 0.759765 0.102091 37.1424
-0.454187 0.341354 -0.822917 -10.7156 -0.522339 0.646241 0.556358 27.9994 0.721717 0.682532 -0.115212 31.9367
0.390966 0.400468 0.828717 15.7025 0.538502 0.630668 -0.558814 9.87022 -0.746432 0.664743 0.0309172 34.0229
-0.338418 0.428427 -0.837809 -10.9016 -0.509023 0.665485 0.545917 27.2366 0.791434 0.611212 -0.00713291 34.1109
0.350226 0.418656 0.837895 16.3102 0.566913 0.617353 -0.545422 10.1568 -0.745621 0.666035 -0.0211285 33.151
-0.35155 0.438541 -0.8271 -10.8806 -0.550289 0.617945 0.561539 27.3568 0.75736 0.652553 0.0240859 34.7719
0.418936 0.394913 0.817641 16.1231 0.583863 0.572474 -0.575654 9.65379 -0.695411 0.718552 0.00925512 33.6299
-0.367177 0.461484 -0.807598 -11.5698 -0.488266 0.643373 0.589634 27.9386 0.791692 0.610822 -0.0109046 34.9161
0.368731 0.398496 0.839785 17.13 0.578751 0.608543 -0.542884 10.9316 -0.727382 0.686204 -0.00624174 32.8485
-0.323918 0.438857 -0.838142 -11.6712 -0.501805 0.671328 0.545446 26.9301 0.80204 0.597263 0.00276519 35.3514
0.356942 0.443561 0.822099 15.8705 0.533803 0.625368 -0.569184 10.5431 -0.766581 0.642004 -0.0135539 31.7911
-0.293207 0.50367 -0.812617 -12.6813 -0.429515 0.689971 0.582629 28.0314 0.854135 0.519862 0.0140293 35.8015
0.330192 0.471293 0.817836 15.4212 0.480334 0.661963 -0.575399 11.3344 -0.812559 0.582827 -0.00780301 31.8404
-0.310958 0.479483 -0.820611 -13.4184 -0.477791 0.667518 0.571082 28.476 0.821596 0.569663 0.0215232 36.3466
0.350251 0.50071 0.79159 14.999 0.491843 0.620914 -0.610374 10.4742 -0.797129 0.603122 -0.0287947 31.7917
-0.330378 0.483205 -0.81078 -14.1431 -0.491075 0.645588 0.58486 28.2077 0.806036 0.591378 0.024002 36.8832
0.388887 0.448964 0.804487 15.0668 0.54232 0.594339 -0.593843 10.6014 -0.744752 0.667227 -0.0123518 33.1237
-0.485204 0.465784 -0.740015 -12.3363 -0.400271 0.634116 0.661574 30.647 0.777406 0.617205 -0.121235 33.3227
0.593188 0.430835 0.680081 12.2633 0.397193 0.578165 -0.712715 9.30504 -0.700261 0.692897 0.171836 35.7231
-0.57348 0.49078 -0.655939 -11.0269 -0.279914 0.635109 0.71992 31.8293 0.769915 0.596466 -0.226846 31.4251
0.659114 0.397653 0.638311 11.3424 0.383684 0.552186 -0.740187 9.60515 -0.646803 0.732777 0.21138 36.695
-0.583614 0.388966 -0.712812 -12.7484 -0.414908 0.611739 0.673518 29.9594 0.69803 0.688825 -0.195634 33.0836
0.605473 0.351825 0.713878 11.0029 0.49212 0.539439 -0.683245 10.7044 -0.625475 0.765 0.153475 36.4671
-0.589788 0.360336 -0.722709 -13.248 -0.446536 0.600155 0.663641 30.8334 0.672871 0.714123 -0.193061 32.8132
0.60249 0.395694 0.693133 11.6292 0.462565 0.534607 -0.707269 9.46257 -0.650415 0.746741 0.139061 36.44
-0.594872 0.358717 -0.71934 -13.8654 -0.456082 0.586277 0.669528 31.583 0.661903 0.726362 -0.185155 32.8565
0.548701 0.414008 0.726309 11.9857 0.493957 0.540366 -0.681184 10.9212 -0.674488 0.732531 0.0919974 35.041
-0.514183 0.335777 -0.789221 -14.5912 -0.546297 0.581157 0.603172 30.1781 0.661192 0.741289 -0.115387 33.4637
0.474485 0.412673 0.777538 12.0884 0.535018 0.566228 -0.62701 11.6391 -0.699013 0.713503 0.0478794 34.3422
-0.443088 0.309932 -0.841199 -15.8172 -0.616703 0.575656 0.536933 29.2751 0.650653 0.756679 -0.0639297 33.8841
0.316386 0.452054 0.833995 12.9079 0.583005 0.600871 -0.546863 11.8803 -0.748334 0.659243 -0.0734419 31.757
-0.205886 0.349739 -0.913944 -17.5021 -0.731401 0.565484 0.381157 24.894 0.650126 0.746934 0.139374 37.5075
0.0177174 0.417741 0.908394 13.69 0.770741 0.573033 -0.278552 16.0824 -0.636902 0.705071 -0.311817 27.7399
0.15466 0.366113 -0.917628 -16.8316 -0.854462 0.515827 0.0617896 18.7943 0.495959 0.774522 0.392607 41.3182
-0.378892 0.399203 0.834912 11.9507 0.823439 0.557169 0.107283 22.7321 -0.42236 0.728148 -0.539826 23.5638
0.467307 0.379627 -0.798441 -14.2629 -0.859799 0.405414 -0.31046 12.4892 0.20584 0.831578 0.515856 41.737
-0.664804 0.333357 0.668513 7.72607 0.729861 0.48055 0.486183 29.6462 -0.159181 0.811138 -0.562775 23.0067
0.764803 0.33953 -0.547537 -10.1408 -0.644174 0.417255 -0.641044 6.92965 0.0108087 0.842981 0.537834 41.8851
-0.841267 0.406092 0.356876 1.28374 0.51096 0.381606 0.770258 35.2851 0.17661 0.830341 -0.528529 23.9949
0.919383 0.359827 -0.158934 -1.83647 -0.300257 0.380915 -0.874499 2.82787 -0.254128 0.851721 0.458247 40.7407
-0.889095 0.457293 -0.0198366 -4.82894 0.180061 0.389271 0.903352 37.1641 0.420818 0.799594 -0.42844 26.7592
0.897932 0.40177 0.179724 5.11854 0.00985314 0.389884 -0.920811 2.35306 -0.440025 0.828596 0.34613 39.1393
-0.842877 0.428644 -0.325305 -10.3356 -0.139309 0.410106 0.901336 37.2943 0.519761 0.805033 -0.285955 30.4141
0.810332 0.367578 0.456344 11.1398 0.327037 0.362509 -0.872716 3.59709 -0.486219 0.856431 0.173541 36.1058
-0.68881 0.410145 -0.597764 -15.8602 -0.443376 0.414027 0.794984 34.9054 0.573549 0.812627 -0.103338 34.3887
0.614644 0.375952 0.69345 15.912 0.590724 0.363207 -0.720504 7.01341 -0.52274 0.852491 0.0011588 32.6661
-0.544483 0.366601 -0.754416 -18.5899 -0.629862 0.415259 0.65638 32.3351 0.553906 0.832565 0.00480685 35.5485
0.464085 0.440423 0.768539 16.479 0.653839 0.415019 -0.632656 8.60294 -0.597595 0.796107 -0.0953616 28.8544
-0.433627 0.355183 -0.828139 -21.1354 -0.722428 0.412271 0.555095 29.115 0.538577 0.838974 0.0778223 34.9856
0.242019 0.315281 0.91762 18.1614 0.846575 0.393461 -0.358468 17.295 -0.474065 0.863589 -0.171684 26.1036
0.0799308 0.298556 -0.951039 -21.4447 -0.844002 0.527898 0.0947862 17.6799 0.53035 0.795102 0.294177 40.6445
-0.278107 0.286961 0.916685 15.7297 0.862614 0.494433 0.106925 25.6268 -0.422556 0.820481 -0.385041 22.556
0.378995 0.296814 -0.876507 -19.5784 -0.834987 0.518016 -0.185625 14.3353 0.398948 0.802223 0.444161 42.6761
-0.431296 0.348323 0.832259 13.4056 0.849011 0.468777 0.243781 28.3313 -0.305229 0.811739 -0.497911 20.8109
0.483317 0.27531 -0.831029 -19.0584 -0.795534 0.534349 -0.28565 12.6459 0.365417 0.799172 0.477278 42.4352
-0.478965 0.307234 0.822314 12.9838 0.834145 0.451133 0.317303 29.9329 -0.273486 0.837906 -0.472354 21.1297
0.553082 0.273795 -0.786852 -17.2877 -0.773094 0.520684 -0.362233 11.1861 0.310523 0.808656 0.49965 43.1525
-0.554596 0.36828 0.746186 10.4229 0.818052 0.405495 0.407878 31.8534 -0.152361 0.836627 -0.526157 20.8062
0.623059 0.272339 -0.733232 -16.7895 -0.734789 0.52512 -0.42934 10.3523 0.268109 0.806275 0.527292 43.8488
-0.608824 0.287589 0.739342 10.1676 0.763336 0.466116 0.447273 32.0754 -0.215988 0.836677 -0.503309 22.2855
0.634514 0.256352 -0.729161 -16.053 -0.731812 0.502795 -0.460053 9.20187 0.248683 0.825519 0.506632 44.1768
-0.591905 0.330104 0.73531 10.2589 0.78939 0.421714 0.446117 31.1532 -0.162825 0.844505 -0.510195 22.7512
0.640184 0.238105 -0.730391 -16.0185 -0.714861 0.532796 -0.452882 9.31844 0.281316 0.812056 0.511299 44.5142
-0.640199 0.33383 0.691884 9.18424 0.758939 0.414337 0.50233 33.2617 -0.11898 0.846689 -0.518614 22.5457
0.720928 0.246734 -0.6476 -13.718 -0.660725 0.526614 -0.534901 7.81668 0.209057 0.813511 0.542674 45.3665
-0.714123 0.336008 0.614107 7.53164 0.694181 0.452991 0.559384 33.7284 -0.0902274 0.825771 -0.556741 22.3606
0.771244 0.239523 -0.589756 -12.6862 -0.608638 0.548792 -0.573051 7.10528 0.186394 0.80091 0.569035 46.2423
-0.740232 0.376103 0.557318 6.71507 0.672285 0.425651 0.605685 35.4594 -0.0094229 0.823024 -0.567928 22.6643
0.807378 0.284128 -0.517121 -10.9834 -0.587921 0.461527 -0.664335 5.40101 0.0499091 0.840395 0.539671 45.0671
-0.819021 0.346257 0.457505 4.25601 0.570681 0.409068 0.712029 35.9271 0.0593944 0.844256 -0.532638 23.5519
0.884122 0.267116 -0.383377 -8.2058 -0.46659 0.460879 -0.754907 3.68431 -0.0249573 0.846309 0.532107 44.4405
-0.742804 0.352194 0.569388 11.5697 0.668048 0.333744 0.665076 32.0361 0.0442063 0.874399 -0.483188 24.9793
0.598015 0.283794 -0.74956 -16.3198 -0.775367 0.441649 -0.451389 11.3497 0.202941 0.851121 0.484157 44.2585
-0.284645 0.342554 0.895341 17.6713 0.938122 0.291705 0.18664 21.5065 -0.197241 0.893065 -0.40439 27.2107
0.0747024 0.333237 -0.939879 -18.378 -0.911038 0.406064 0.071561 20.9471 0.405497 0.85092 0.333926 40.8633
0.158259 0.314206 0.936071 16.7454 0.897366 0.349735 -0.269109 13.2746 -0.411932 0.882587 -0.226609 30.7337
-0.368173 0.371281 -0.852408 -16.4492 -0.741818 0.435385 0.510045 29.751 0.560495 0.820116 0.115126 36.1897
0.608837 0.267073 0.746988 12.9154 0.670845 0.329259 -0.664497 6.8466 -0.423421 0.905682 0.0213006 34.9904
-0.678866 0.36997 -0.634243 -12.8237 -0.488315 0.417595 0.766265 33.6825 0.548351 0.829901 -0.102829 32.2086
0.834227 0.247973 0.49252 7.68975 0.396933 0.349951 -0.848515 2.70246 -0.382766 0.903351 0.193509 37.9702
-0.830483 0.372627 -0.414063 -10.3079 -0.267841 0.384638 0.883354 35.095 0.488426 0.844513 -0.219631 30.5402
0.932861 0.248033 0.261249 1.95178 0.163734 0.354038 -0.920787 1.07776 -0.320877 0.901741 0.289656 40.2017
-0.905975 0.404357 -0.125319 -5.44147 0.0308955 0.358396 0.933058 35.8948 0.422202 0.841455 -0.337191 28.6702
0.97264 0.231483 -0.0196713 -3.49263 -0.10844 0.377491 -0.919642 0.988792 -0.205456 0.896614 0.392264 42.6406
-0.901359 0.406342 0.149795 -0.545488 0.303699 0.346493 0.88753 35.4915 0.308738 0.845476 -0.435719 26.8364
0.95668 0.163251 -0.241068 -6.99006 -0.288058 0.41051 -0.865161 1.4942 -0.0422773 0.897123 0.439752 43.3032
-0.882245 0.357574 0.306245 2.10108 0.425124 0.3256 0.844543 35.0487 0.202273 0.875286 -0.439272 26.7045
0.89998 0.187686 -0.39346 -10.4925 -0.435879 0.401515 -0.805478 2.67569 0.00680323 0.896415 0.443163 43.3953
-0.842781 0.315757 0.435911 3.51615 0.529428 0.340211 0.777149 33.3629 0.0970889 0.88575 -0.453894 26.197
0.883629 0.0975584 -0.457911 -11.8342 -0.446258 0.471325 -0.760727 3.30603 0.141609 0.876547 0.460012 43.7177
-0.829149 0.223685 0.512326 5.77202 0.557806 0.391625 0.731766 32.2934 -0.0369542 0.892521 -0.449488 26.2898
0.830414 0.0356192 -0.556007 -13.5817 -0.491458 0.516933 -0.700892 4.41039 0.262453 0.855284 0.446773 43.5312
-0.767026 0.240182 0.594966 7.23777 0.639333 0.36426 0.677176 31.265 -0.0540768 0.899793 -0.432953 26.6674
0.77382 0.102292 -0.625092 -14.8394 -0.58691 0.486923 -0.646871 5.67755 0.238201 0.867434 0.436826 43.1409
-0.730363 0.263594 0.63015 7.76144 0.68228 0.32559 0.654587 31.3603 -0.032625 0.908025 -0.417644 26.9549
0.757738 0.0919006 -0.646056 -15.6013 -0.597788 0.494784 -0.630744 6.47234 0.261692 0.864143 0.429854 43.2393
-0.720444 0.203114 0.663103 9.08464 0.678568 0.403882 0.613534 29.6289 -0.143198 0.891978 -0.4288 26.849
0.441528 0.148603 -0.884857 -24.467 -0.822477 0.461166 -0.332953 16.7508 0.358588 0.874781 0.32584 39.0852
-0.123477 0.205918 0.970748 12.0894 0.951624 0.301933 0.0569974 19.1356 -0.281363 0.930824 -0.233238 29.9833
-0.16709 0.20647 -0.964081 -24.4581 -0.959017 0.192919 0.207529 26.4018 0.228837 0.959246 0.165773 36.2528
0.28997 0.169364 0.941931 10.9612 0.91855 0.227045 -0.323597 14.4254 -0.268666 0.959044 -0.0897326 32.5624
-0.42719 0.204694 -0.880687 -22.3084 -0.867447 0.181961 0.46306 31.2922 0.255035 0.961764 0.0998294 35.9211
0.514725 0.143065 0.845335 9.06729 0.840067 0.112849 -0.530615 10.9827 -0.171307 0.983258 -0.0620984 33.173
-0.563623 0.232198 -0.792726 -19.7022 -0.782994 0.155552 0.602266 33.7404 0.263154 0.96015 0.0941369 35.6294
0.587222 0.188085 0.78727 8.73615 0.767323 0.180249 -0.615406 9.89461 -0.257653 0.965471 -0.0384761 33.5559
-0.563011 0.245713 -0.789078 -19.9747 -0.768868 0.19442 0.609132 33.0334 0.303084 0.949645 0.0794605 35.4299
0.603911 0.147808 0.783227 8.39116 0.766749 0.160643 -0.621522 9.28048 -0.217686 0.975882 -0.0163179 34.0861
-0.666306 0.208968 -0.7158 -16.3949 -0.706726 0.129226 0.695585 34.4949 0.237855 0.969346 0.0615789 35.3307
0.71926 0.215331 0.660529 6.42905 0.626721 0.209186 -0.75064 6.91533 -0.299809 0.953873 0.0155065 35.2701
-0.739198 0.265365 -0.619006 -15.118 -0.582136 0.210445 0.785386 35.372 0.33868 0.940901 -0.00108131 34.3153
0.779984 0.233419 0.580638 4.83268 0.553406 0.175915 -0.814122 6.62698 -0.292175 0.956331 0.00803503 34.4621
-0.862845 0.179302 -0.4726 -11.6198 -0.448374 0.160162 0.87938 36.7031 0.233366 0.970669 -0.0578001 32.4304
0.919807 0.162638 0.357078 0.646508 0.335161 0.147517 -0.93054 4.42106 -0.204016 0.975596 0.0811771 35.2407
-0.977629 0.0764623 -0.195946 -5.67358 -0.181891 0.160495 0.970132 37.4346 0.105627 0.98407 -0.142996 30.4247
0.986576 0.159582 0.0346795 -4.75274 0.0109188 0.147424 -0.989013 3.62562 -0.162942 0.976114 0.143702 35.5527
-0.990476 0.125921 0.0556881 -1.96468 0.0756738 0.159974 0.984216 37.0154 0.115025 0.979057 -0.167979 30.2814
0.981565 0.169306 -0.088687 -6.32517 -0.107996 0.10846 -0.988217 3.69902 -0.157692 0.979577 0.124745 35.0576
-0.965663 0.249062 0.0739132 -2.27136 0.103916 0.109539 0.988535 37.1123 0.23811 0.962273 -0.131659 30.5288
0.982804 0.163616 -0.0856019 -6.97677 -0.103846 0.106404 -0.988885 4.20439 -0.152689 0.980769 0.121565 34.8884
-0.954375 0.216479 0.205681 2.02021 0.237238 0.131377 0.962527 35.9905 0.181345 0.967407 -0.17674 29.3945
0.934973 0.147287 -0.322696 -10.7458 -0.341917 0.132015 -0.930411 6.12844 -0.0944372 0.980244 0.17379 35.8621
-0.938858 0.138383 0.315271 1.93774 0.331782 0.11892 0.93583 35.413 0.0920107 0.983213 -0.157562 30.6596
0.939982 0.116299 -0.320794 -11.1119 -0.334072 0.122174 -0.934596 6.45243 -0.0694995 0.985671 0.153693 35.8823
-0.943215 0.145375 0.298684 1.35093 0.315366 0.109413 0.942641 35.7495 0.104356 0.983308 -0.149046 30.8032
0.974113 0.150653 -0.168545 -8.00481 -0.178385 0.0542874 -0.982462 5.13844 -0.138861 0.987095 0.0797561 34.2867
-0.972857 0.221582 0.0667182 -1.5667 0.0841444 0.0701495 0.993981 36.4982 0.215568 0.972615 -0.08689 30.9945
0.983604 0.179153 0.0206948 -5.0525 0.0140882 0.0380718 -0.999175 5.26186 -0.179793 0.983084 0.0349233 33.2283
-0.966191 0.228256 -0.119896 -4.80164 -0.111338 0.0500589 0.992521 37.5265 0.23255 0.972313 -0.0229527 31.8047
0.966637 0.112565 0.230094 -1.31296 0.224538 0.05994 -0.97262 5.16257 -0.123275 0.991835 0.0326647 33.2729
-0.92774 0.245264 -0.281325 -7.24657 -0.267283 0.089493 0.959453 36.9287 0.260496 0.965317 -0.017471 32.0201
0.948005 0.113338 0.297392 -0.826054 0.289949 0.0776828 -0.953884 4.6577 -0.131213 0.990515 0.0407811 33.763
-0.906103 0.180713 -0.382519 -11.5591 -0.373715 0.081866 0.923923 34.9399 0.19828 0.980123 -0.00664346 33.2098
0.895694 0.107833 0.431398 0.458051 0.425712 0.0723121 -0.901964 5.6359 -0.128457 0.991535 0.0188633 33.7718
-0.882413 0.175415 -0.436552 -10.7366 -0.430102 0.0753086 0.899634 34.0024 0.190685 0.98161 0.00899308 33.2158
0.899296 0.0444491 0.435075 0.571013 0.430336 0.0873925 -0.898428 4.65933 -0.0779564 0.995182 0.0594635 34.5104
-0.884484 0.193358 -0.42462 -11.1785 -0.423467 0.0493708 0.904565 34.7122 0.195868 0.979885 0.0382132 34.0193
0.897661 0.00712297 0.440629 1.48623 0.437922 0.0974092 -0.89372 3.77324 -0.0492871 0.995219 0.0843209 35.1725
-0.859494 0.157014 -0.486432 -13.9199 -0.480493 0.0764081 0.873663 33.4676 0.174344 0.984636 0.00977195 33.6264
0.868113 -0.0322107 0.49532 2.49837 0.495833 0.102482 -0.862349 3.31304 -0.0229844 0.994213 0.104937 35.403
-0.726989 0.17173 -0.664827 -18.9611 -0.657079 0.107083 0.746177 29.2344 0.199332 0.979307 0.0349916 34.9436
0.738304 -0.0416927 0.673178 2.8739 0.674463 0.0418175 -0.737123 3.90798 0.00258231 0.998255 0.058994 35.6826
-0.733696 0.118937 -0.668987 -19.8316 -0.661673 0.0988455 0.743248 30.4847 0.154526 0.987969 0.00617522 34.8964
0.776141 -0.017127 0.630327 1.91977 0.630426 0.0417195 -0.775128 2.40634 -0.013021 0.998982 0.0431774 35.7829
-0.805765 0.0934056 -0.584824 -19.1775 -0.576302 0.103855 0.810611 32.5844 0.136452 0.990196 -0.0298525 34.1947
0.87049 0.0133272 0.492005 -0.720428 0.491846 0.0135433 -0.870576 -0.684383 -0.0182655 0.999819 0.00523418 34.5328
-0.920185 0.104287 -0.377339 -15.6468 -0.371423 0.072026 0.925665 35.9132 0.123713 0.991935 -0.0275424 33.3304
