1 0 0 0 0 1 0 0 0 0 1 0
0.999999 0.000448408 0.00137438 -0.0067899 -0.00044353 0.999994 -0.00354768 -0.00370709 -0.00137596 0.00354706 0.999993 0.959222
0.999996 -0.00164717 0.00216427 -0.00820982 0.00165631 0.99999 -0.00422908 -0.0224263 -0.00215728 0.00423265 0.999989 1.91425
0.999991 -0.00279808 0.00322494 -0.00800807 0.00279875 0.999996 -0.000202894 -0.0262626 -0.00322436 0.000211918 0.999995 2.86499
0.999986 -0.00517674 0.00149104 -0.00327259 0.00517056 0.999978 0.00412017 -0.0257684 -0.00151234 -0.0041124 0.99999 3.82567
0.999973 -0.00730575 0.000293998 -0.00220492 0.007304 0.999958 0.00557779 -0.0445123 -0.000334736 -0.0055755 0.999984 4.7647
0.999945 -0.0104489 0.00041847 -0.000829984 0.0104478 0.999942 0.00265245 -0.0583297 -0.000446161 -0.00264793 0.999996 5.70627
0.999955 -0.00945998 -0.00072534 0.00207571 0.00945998 0.999955 -3.57384e-06 -0.0662766 0.000725341 -3.28888e-06 1 6.63552
0.999953 -0.00965082 -0.00137634 -0.00511821 0.00964995 0.999953 -0.000638657 -0.075055 0.00138244 0.000625345 0.999999 7.56077
0.999955 -0.00930736 -0.0015902 -0.00969266 0.0093081 0.999957 0.000459349 -0.0849979 0.00158585 -0.000474131 0.999999 8.49466
0.999951 -0.00927121 -0.00359668 -0.0147669 0.00928265 0.999952 0.00317617 -0.0936179 0.00356706 -0.0032094 0.999989 9.41832
0.999943 -0.00960489 -0.00460967 -0.0225875 0.00962677 0.999942 0.00474845 -0.103748 0.0045638 -0.00479255 0.999978 10.3328
0.99994 -0.0101631 -0.00409211 -0.0297324 0.010188 0.999929 0.00611273 -0.1148 0.0040297 -0.00615405 0.999973 11.2562
0.999931 -0.0101908 -0.00592153 -0.0308803 0.0102282 0.999928 0.00633388 -0.12175 0.00585655 -0.006394 0.999963 12.1644
0.999929 -0.0100424 -0.00647104 -0.0430348 0.0100754 0.999936 0.00508254 -0.124007 0.00641959 -0.00514738 0.999966 13.0746
0.999924 -0.0100307 -0.00720117 -0.0552379 0.0100483 0.999947 0.00241703 -0.131394 0.00717654 -0.00248921 0.999971 13.9885
0.999899 -0.0103931 -0.00969718 -0.0672454 0.0104084 0.999945 0.0015284 -0.138325 0.00968075 -0.00162917 0.999952 14.8918
0.999881 -0.0100988 -0.0116496 -0.0821408 0.0101103 0.999949 0.000926127 -0.13976 0.0116396 -0.0010438 0.999932 15.7969
0.999901 -0.0079587 -0.0115654 -0.107157 0.00795509 0.999968 -0.000357773 -0.157684 0.0115679 0.000265732 0.999933 16.6847
0.999877 -0.00693817 -0.0140837 -0.130582 0.0069291 0.999976 -0.000692856 -0.166848 0.0140881 0.000595181 0.999901 17.5781
0.999845 -0.00793735 -0.0157208 -0.1508 0.00794751 0.999968 0.000583713 -0.171019 0.0157157 -0.000708565 0.999876 18.4665
0.999837 -0.00745005 -0.0164706 -0.169232 0.00747335 0.999971 0.00135347 -0.183993 0.01646 -0.00147634 0.999863 19.3518
0.999802 -0.00724403 -0.0185047 -0.189432 0.00728434 0.999971 0.00211178 -0.195648 0.0184889 -0.00224616 0.999827 20.2371
0.999767 -0.00750674 -0.020255 -0.203752 0.0075524 0.999969 0.00217879 -0.219537 0.020238 -0.00233125 0.999792 21.11
0.99975 -0.00700794 -0.0212233 -0.225653 0.00705072 0.999973 0.00194171 -0.22954 0.0212091 -0.00209086 0.999773 21.9766
0.999705 -0.00647627 -0.0233993 -0.246775 0.00652662 0.999976 0.00207627 -0.242366 0.0233854 -0.00222838 0.999724 22.8449
0.9997 -0.00637915 -0.0236415 -0.273899 0.00647325 0.999971 0.00390594 -0.251011 0.0236159 -0.00405781 0.999713 23.6943
0.999647 -0.00710448 -0.0256014 -0.299526 0.00727999 0.99995 0.00676873 -0.266467 0.0255521 -0.00695272 0.999649 24.5574
0.999605 -0.00761698 -0.0270497 -0.325947 0.00783622 0.999937 0.00800853 -0.272282 0.026987 -0.00821734 0.999602 25.407
0.999616 -0.00705048 -0.0267803 -0.35189 0.00726076 0.999943 0.00776289 -0.280119 0.0267241 -0.00795436 0.999611 26.2312
0.999589 -0.00597577 -0.0280403 -0.378123 0.00615087 0.999962 0.00616243 -0.287943 0.0280024 -0.00633237 0.999588 27.0472
0.999556 -0.00511884 -0.0293368 -0.409863 0.00526166 0.999974 0.00479328 -0.293778 0.0293115 -0.00494551 0.999558 27.8565
0.999548 -0.00480626 -0.0296809 -0.435294 0.00495438 0.999975 0.0049188 -0.292405 0.0296565 -0.00506362 0.999547 28.651
0.999473 -0.00505738 -0.0320585 -0.462367 0.00521353 0.999975 0.00478915 -0.29782 0.0320335 -0.00495376 0.999474 29.4522
0.99941 -0.0042047 -0.0340763 -0.489906 0.00435687 0.999981 0.00439261 -0.306194 0.0340571 -0.00453849 0.999409 30.2329
0.999364 -0.00393343 -0.0354372 -0.519286 0.00409943 0.999981 0.00461306 -0.3114 0.0354184 -0.0047554 0.999361 31.001
0.999271 -0.00371564 -0.0379921 -0.548279 0.00395741 0.999972 0.00629047 -0.313366 0.0379676 -0.00643624 0.999258 31.7646
0.999182 -0.0044172 -0.0402043 -0.582186 0.00474392 0.999956 0.00803468 -0.317122 0.0401671 -0.00821883 0.999159 32.5178
0.999115 -0.00409495 -0.0418505 -0.61853 0.00450231 0.999943 0.00964396 -0.322002 0.0418086 -0.00982386 0.999077 33.2596
0.999013 -0.00337147 -0.0442855 -0.655525 0.0038171 0.999943 0.00998203 -0.328618 0.0442493 -0.0101412 0.998969 33.9881
0.998969 -0.00169347 -0.0453665 -0.695812 0.0021388 0.99995 0.0097695 -0.328687 0.0453477 -0.00985646 0.998923 34.7002
0.998843 -0.00034549 -0.0480865 -0.73934 0.000787574 0.999957 0.00917485 -0.330077 0.0480813 -0.00920211 0.998801 35.4094
0.998775 0.000410155 -0.0494765 -0.782218 9.39255e-05 0.999948 0.0101855 -0.331483 0.0494782 -0.0101777 0.998723 36.1147
0.998741 0.00127594 -0.0501486 -0.823575 -0.00071321 0.999936 0.0112375 -0.33456 0.0501597 -0.0111876 0.998678 36.8064
0.99871 0.00312959 -0.0506879 -0.863977 -0.00254834 0.99993 0.0115278 -0.338611 0.0507205 -0.0113837 0.998648 37.4875
0.998752 0.00578378 -0.0496164 -0.907309 -0.00526436 0.99993 0.0105929 -0.340463 0.0496742 -0.0103185 0.998712 38.1583
0.998837 0.00744672 -0.047631 -0.94334 -0.00707156 0.999942 0.00803999 -0.337314 0.0476881 -0.00769382 0.998832 38.816
0.99891 0.00711658 -0.0461353 -0.976079 -0.00678797 0.99995 0.00727532 -0.335664 0.0461847 -0.00695422 0.998909 39.4622
0.999029 0.00793141 -0.0433459 -1.00708 -0.00760474 0.999941 0.00769589 -0.333587 0.0434044 -0.00735878 0.99903 40.1082
0.999143 0.0119148 -0.0396474 -1.03785 -0.0115304 0.999884 0.00990978 -0.344294 0.0397609 -0.00944413 0.999164 40.7465
0.999216 0.0161442 -0.0361453 -1.06995 -0.0156728 0.999788 0.0132862 -0.351437 0.0363521 -0.0127093 0.999258 41.3705
0.999281 0.0206771 -0.0317652 -1.10112 -0.0202405 0.999697 0.0140054 -0.355885 0.0320451 -0.0133524 0.999397 41.9728
0.999387 0.0236245 -0.0258401 -1.12183 -0.0232555 0.999624 0.0144876 -0.350334 0.0261726 -0.0138778 0.999561 42.5606
0.999446 0.0262396 -0.0204665 -1.14083 -0.025913 0.999535 0.0160609 -0.348874 0.0208784 -0.0155217 0.999661 43.1299
0.999463 0.0297913 -0.0136404 -1.15473 -0.0295542 0.999414 0.0172624 -0.337837 0.0141467 -0.01685 0.999758 43.6774
0.99947 0.0320318 -0.00574738 -1.16647 -0.0319265 0.999336 0.0175556 -0.329828 0.0063059 -0.0173628 0.999829 44.2117
0.999417 0.0341147 0.00133681 -1.16938 -0.0341328 0.999265 0.0174074 -0.337077 -0.000741985 -0.0174429 0.999848 44.7188
0.999275 0.036947 0.00917678 -1.16797 -0.0370983 0.999168 0.0169045 -0.333284 -0.00854459 -0.0172327 0.999815 45.2091
0.999014 0.040758 0.0176093 -1.16776 -0.0410297 0.999039 0.015359 -0.322506 -0.0169664 -0.0160663 0.999727 45.6726
0.998796 0.0419861 0.0253569 -1.1629 -0.0423421 0.999009 0.0136704 -0.323916 -0.0247579 -0.0147276 0.999585 46.1154
0.998502 0.0429656 0.0338678 -1.14578 -0.0434236 0.998973 0.0129067 -0.318409 -0.0332785 -0.014358 0.999343 46.535
0.99825 0.0422588 0.0413659 -1.12501 -0.0428503 0.99899 0.0135177 -0.330201 -0.0407529 -0.0152666 0.999053 46.9383
0.99784 0.0433027 0.0494015 -1.11095 -0.0440406 0.998932 0.0139471 -0.3286 -0.0487448 -0.0160927 0.998682 47.3146
0.997234 0.0455741 0.0587122 -1.09515 -0.0464419 0.998829 0.0135005 -0.338992 -0.0580282 -0.0161899 0.998184 47.6759
0.996533 0.049022 0.067226 -1.08059 -0.0500096 0.998662 0.0130863 -0.338245 -0.0664947 -0.0164029 0.997652 48.0042
0.995746 0.0515391 0.0763719 -1.06504 -0.0526875 0.998525 0.0130987 -0.335173 -0.0755842 -0.0170668 0.996993 48.3117
0.99497 0.0511884 0.0861009 -1.03289 -0.0525133 0.998533 0.0131927 -0.345535 -0.0852993 -0.0176478 0.996199 48.5976
0.994101 0.0500087 0.0962375 -1.00544 -0.0513886 0.998607 0.0119117 -0.347673 -0.0955078 -0.0167869 0.995287 48.8724
0.992902 0.0495257 0.108129 -0.970868 -0.0507833 0.99867 0.00890692 -0.349921 -0.107544 -0.0143348 0.994097 49.1469
0.991285 0.0505507 0.121647 -0.929651 -0.0515891 0.998653 0.00540003 -0.352199 -0.12121 -0.0116286 0.992559 49.4102
0.989259 0.0514267 0.136826 -0.895231 -0.0524822 0.998613 0.00411577 -0.354983 -0.136425 -0.0112525 0.990587 49.6761
0.986771 0.052191 0.15349 -0.849343 -0.0533201 0.998572 0.00324625 -0.355463 -0.153101 -0.0113874 0.988145 49.9427
0.983992 0.0522241 0.170388 -0.798811 -0.0534249 0.998568 0.00246713 -0.36015 -0.170015 -0.0115306 0.985374 50.1894
0.980684 0.051953 0.188572 -0.736433 -0.0532251 0.998581 0.00168524 -0.365187 -0.188217 -0.0116894 0.982058 50.4413
0.976763 0.0511694 0.208123 -0.664742 -0.0525098 0.998619 0.000916821 -0.369571 -0.207789 -0.011824 0.978102 50.6916
0.972263 0.0513392 0.228186 -0.598606 -0.052738 0.998608 3.25261e-05 -0.369975 -0.227867 -0.0120657 0.973617 50.9303
0.966959 0.0525717 0.24945 -0.528668 -0.053986 0.998541 -0.00117362 -0.367649 -0.249148 -0.012332 0.968387 51.1754
0.960677 0.0531915 0.272523 -0.441052 -0.0545028 0.998509 -0.00276181 -0.370511 -0.272264 -0.0122001 0.962145 51.4212
0.953536 0.053689 0.296455 -0.363441 -0.055163 0.998471 -0.00339696 -0.378235 -0.296184 -0.0131142 0.955041 51.6663
0.945192 0.0548261 0.321879 -0.267943 -0.0563837 0.998399 -0.00448881 -0.379243 -0.32161 -0.0139059 0.94677 51.9206
0.935329 0.0562862 0.349273 -0.168562 -0.0580812 0.998297 -0.00534066 -0.381622 -0.348979 -0.0152909 0.937006 52.1762
0.924362 0.0563352 0.377335 -0.0637986 -0.0581614 0.998285 -0.0065631 -0.38901 -0.377058 -0.0158796 0.926054 52.4185
0.911583 0.0560378 0.407279 0.0642458 -0.0576979 0.9983 -0.00821571 -0.401698 -0.407048 -0.0160099 0.913267 52.6523
0.896495 0.0537494 0.439781 0.206421 -0.0546151 0.99845 -0.0106962 -0.409477 -0.439675 -0.0144296 0.898041 52.8915
0.879318 0.0527518 0.473304 0.352759 -0.0525599 0.998524 -0.0136426 -0.41404 -0.473325 -0.0128806 0.880794 53.1149
0.85975 0.0534458 0.507911 0.519278 -0.0522205 0.998496 -0.0166739 -0.416201 -0.508039 -0.012188 0.861248 53.3583
0.838026 0.0542854 0.542922 0.68907 -0.0519746 0.998455 -0.0196076 -0.422708 -0.543149 -0.0117865 0.839554 53.5827
0.81364 0.0558121 0.578684 0.881258 -0.0525937 0.998365 -0.0223414 -0.424706 -0.578985 -0.0122573 0.815246 53.8236
0.786358 0.0583538 0.615008 1.09088 -0.0550093 0.998188 -0.0243754 -0.439488 -0.615317 -0.0146634 0.788144 54.0735
0.756725 0.061301 0.650853 1.30899 -0.0577706 0.997969 -0.0268264 -0.447404 -0.651176 -0.0173 0.75873 54.3125
0.723937 0.0610282 0.687162 1.55718 -0.0563928 0.99798 -0.0292219 -0.469022 -0.687558 -0.0175962 0.725917 54.5493
0.687525 0.0594364 0.723724 1.84321 -0.0541224 0.998066 -0.0305517 -0.49646 -0.724141 -0.0181646 0.689412 54.793
0.648871 0.0582999 0.758661 2.13636 -0.0522332 0.998121 -0.032027 -0.513194 -0.759103 -0.0188459 0.650698 55.0173
0.606803 0.0575935 0.792763 2.4645 -0.050481 0.99815 -0.0338752 -0.526878 -0.793248 -0.0194639 0.608588 55.2495
0.561148 0.0569611 0.825753 2.80852 -0.0482335 0.998184 -0.036078 -0.54528 -0.826309 -0.0195839 0.562877 55.4556
0.513382 0.05587 0.85634 3.1854 -0.0457417 0.998241 -0.0377055 -0.567805 -0.85694 -0.0198131 0.515035 55.661
0.464785 0.053791 0.883788 3.59091 -0.0446574 0.998306 -0.0372756 -0.588139 -0.884297 -0.0221426 0.4664 55.8605
0.415591 0.0511194 0.908114 4.00543 -0.0445381 0.998365 -0.0358173 -0.608648 -0.908461 -0.0255604 0.417188 56.0396
0.365905 0.0506438 0.929273 4.45031 -0.046866 0.998254 -0.0359494 -0.629917 -0.929471 -0.0303973 0.367639 56.2034
0.316302 0.0505869 0.947309 4.90782 -0.0454063 0.99824 -0.0381457 -0.636629 -0.947571 -0.0309482 0.318043 56.3479
0.269221 0.0474417 0.961909 5.37899 -0.0385947 0.998515 -0.0384451 -0.657975 -0.962305 -0.0267744 0.270652 56.4489
0.225169 0.0423612 0.973398 5.87572 -0.0276511 0.998929 -0.037076 -0.668914 -0.973927 -0.0185672 0.226099 56.5276
0.183037 0.0398377 0.982298 6.38942 -0.0198792 0.999124 -0.0368158 -0.699547 -0.982905 -0.0127886 0.183669 56.595
0.144998 0.0409409 0.988584 6.90054 -0.0183697 0.999082 -0.0386813 -0.687962 -0.989261 -0.0125512 0.145617 56.6543
0.111592 0.0406115 0.992924 7.43 -0.0117883 0.999148 -0.0395413 -0.71438 -0.993684 -0.00729242 0.111976 56.6987
0.0823179 0.0390391 0.995841 7.97507 -0.00486468 0.999236 -0.03877 -0.737541 -0.996594 -0.00165297 0.0824449 56.729
0.0570968 0.037149 0.997677 8.53472 6.2317e-05 0.999307 -0.0372133 -0.755507 -0.998369 0.00218694 0.0570549 56.7473
0.0368729 0.036188 0.998664 9.10478 0.0040877 0.99933 -0.036363 -0.778112 -0.999312 0.00542306 0.0367002 56.7608
0.0205447 0.0369192 0.999107 9.68425 0.00523211 0.9993 -0.0370339 -0.79401 -0.999775 0.0059883 0.0203371 56.7708
0.00728002 0.0369617 0.99929 10.2744 0.0059867 0.999296 -0.0370055 -0.811234 -0.999956 0.00625186 0.00705356 56.769
-0.00455628 0.0377954 0.999275 10.8713 0.00637226 0.999266 -0.037766 -0.829603 -0.999969 0.00619558 -0.00479385 56.7629
-0.0137151 0.0396282 0.99912 11.4818 0.0107568 0.999162 -0.0394822 -0.848348 -0.999848 0.0102058 -0.0141299 56.7479
-0.0208822 0.0408565 0.998947 12.0996 0.0140739 0.999077 -0.0405676 -0.876605 -0.999683 0.0132119 -0.021438 56.7313
-0.0253637 0.0405358 0.998856 12.7344 0.0137333 0.999097 -0.0401968 -0.908243 -0.999584 0.012698 -0.0258975 56.7149
-0.0296721 0.0389608 0.9988 13.3795 0.012453 0.999176 -0.0386056 -0.930346 -0.999482 0.0112926 -0.0301329 56.7046
-0.0320774 0.0330332 0.998939 14.0449 0.010376 0.99941 -0.0327156 -0.950048 -0.999432 0.00931562 -0.0324013 56.6903
-0.0335908 0.0278966 0.999046 14.7178 0.0114894 0.999554 -0.0275245 -0.971186 -0.99937 0.0105539 -0.0338965 56.6708
-0.0339063 0.026025 0.999086 15.3999 0.0145114 0.999568 -0.0255451 -0.987511 -0.99932 0.013632 -0.0342694 56.6436
-0.0342974 0.0274962 0.999033 16.0832 0.017092 0.999491 -0.026922 -1.00664 -0.999265 0.0161521 -0.03475 56.6185
-0.0331082 0.0340514 0.998872 16.7747 0.017313 0.999288 -0.0334918 -1.02497 -0.999302 0.0161846 -0.0336743 56.5941
-0.0309821 0.0410529 0.998677 17.4776 0.0174126 0.999026 -0.0405271 -1.05161 -0.999368 0.016134 -0.0316669 56.5706
-0.0293174 0.0422516 0.998677 18.1886 0.0180671 0.998965 -0.0417335 -1.0629 -0.999407 0.0168197 -0.0300505 56.5529
-0.0269403 0.0388644 0.998881 18.9169 0.0175149 0.999108 -0.0384009 -1.09258 -0.999484 0.0164608 -0.0275971 56.535
-0.0246417 0.0331074 0.999148 19.6502 0.0172233 0.999316 -0.0326882 -1.13572 -0.999548 0.0164032 -0.0251952 56.5218
-0.0229785 0.031385 0.999243 20.3665 0.0158747 0.999392 -0.0310246 -1.15105 -0.99961 0.0151498 -0.0234628 56.5065
-0.019454 0.0356142 0.999176 21.0919 0.0211314 0.999156 -0.035202 -1.19293 -0.999588 0.0204292 -0.0201903 56.4892
-0.0165228 0.0401987 0.999055 21.8079 0.0235129 0.99893 -0.0398048 -1.22754 -0.999587 0.022833 -0.0174504 56.4749
-0.0149952 0.0424713 0.998985 22.5345 0.0176092 0.998953 -0.0422056 -1.24108 -0.999733 0.0169585 -0.0157275 56.4748
-0.0110063 0.0400878 0.999136 23.2747 0.0124876 0.999123 -0.0399498 -1.27103 -0.999862 0.0120371 -0.0114973 56.4834
-0.00681369 0.0383973 0.99924 24.0002 0.0144119 0.999162 -0.0382961 -1.30668 -0.999873 0.01414 -0.00736145 56.4771
-0.00438803 0.0393433 0.999216 24.7233 0.0185927 0.999056 -0.0392553 -1.34713 -0.999818 0.0184059 -0.00511547 56.4718
-0.000854226 0.0432295 0.999065 25.4596 0.0174487 0.998913 -0.043208 -1.39713 -0.999847 0.0173955 -0.00160768 56.4744
0.00242 0.0449082 0.998988 26.1866 0.0140664 0.99889 -0.0449378 -1.42509 -0.999898 0.0141609 0.00178553 56.4822
0.00524284 0.0437859 0.999027 26.9242 0.0140544 0.998938 -0.0438558 -1.46788 -0.999888 0.0142707 0.00462181 56.4939
0.0093483 0.0425076 0.999053 27.6674 0.0165309 0.998952 -0.042658 -1.52539 -0.99982 0.0169141 0.00863574 56.4991
0.0127617 0.042358 0.999021 28.4083 0.0194507 0.998902 -0.0426014 -1.58149 -0.999729 0.0199754 0.0119237 56.5078
0.0151065 0.0431027 0.998957 29.1379 0.0210928 0.998834 -0.0434164 -1.62522 -0.999663 0.0217267 0.0141797 56.5132
0.0185672 0.0427916 0.998912 29.8861 0.0208831 0.998848 -0.0431771 -1.66961 -0.99961 0.0216621 0.0176521 56.5268
0.0218508 0.0422609 0.998868 30.6338 0.0210499 0.998865 -0.0427212 -1.71388 -0.99954 0.0219595 0.0209363 56.5418
0.0247192 0.041273 0.998842 31.3748 0.02294 0.99886 -0.0418415 -1.76336 -0.999431 0.0239477 0.0237442 56.5558
0.0282209 0.0419171 0.998723 32.1225 0.021355 0.998866 -0.0425265 -1.80608 -0.999374 0.0225279 0.0272937 56.5732
0.0312352 0.0431546 0.99858 32.873 0.0189806 0.998861 -0.0437604 -1.83822 -0.999332 0.0203206 0.0303805 56.603
0.0333742 0.0432227 0.998508 33.6219 0.0203609 0.998827 -0.0439171 -1.88237 -0.999236 0.0217962 0.032455 56.6297
0.0369278 0.0436332 0.998365 34.3844 0.0191014 0.998832 -0.0443602 -1.92068 -0.999135 0.0207084 0.0360512 56.6625
0.0377747 0.0438273 0.998325 35.1478 0.0174737 0.998855 -0.0445117 -1.96051 -0.999134 0.0191259 0.0369656 56.691
0.0441096 0.0438543 0.998064 35.9143 0.0163063 0.998871 -0.0446104 -1.99942 -0.998894 0.0182425 0.0433446 56.7338
0.0459662 0.0452375 0.997918 36.6803 0.0143923 0.99884 -0.0459422 -2.03731 -0.998839 0.0164741 0.0452617 56.7762
0.0490175 0.0483605 0.997627 37.4377 0.0138426 0.998698 -0.0490926 -2.08135 -0.998702 0.0162162 0.0482842 56.8186
0.0524039 0.0497631 0.997386 38.2044 0.0137335 0.998627 -0.0505466 -2.12312 -0.998532 0.0163465 0.0516484 56.8588
0.0550632 0.0518588 0.997135 38.9727 0.00913596 0.998582 -0.0524386 -2.16652 -0.998441 0.0119972 0.0545113 56.9057
0.0571131 0.0518808 0.997019 39.752 0.00529059 0.998618 -0.0522671 -2.20191 -0.998354 0.00825997 0.0567596 56.966
0.0610362 0.0513792 0.996812 40.5333 0.00668994 0.99863 -0.0518826 -2.25278 -0.998113 0.00983534 0.0606088 57.0173
0.0647178 0.0519321 0.996552 41.3176 0.00669633 0.998599 -0.0524737 -2.29694 -0.997881 0.0100692 0.0642794 57.0668
0.0675795 0.0526044 0.996326 42.1063 0.00301316 0.998593 -0.0529285 -2.34209 -0.997709 0.00657899 0.0673259 57.1266
0.0721027 0.0510097 0.996092 42.8955 0.00224436 0.99868 -0.0513047 -2.38591 -0.997395 0.00593481 0.071893 57.19
0.0768001 0.0505915 0.995762 43.6903 0.00268301 0.998697 -0.0509476 -2.4372 -0.997043 0.00658443 0.0765643 57.2499
0.0808194 0.0547492 0.995224 44.4874 -0.000708749 0.998492 -0.0548714 -2.47435 -0.996728 0.00372933 0.0807363 57.3284
0.08721 0.0611969 0.994309 45.2814 -0.00293613 0.998122 -0.0611741 -2.52564 -0.996185 0.00241558 0.0872259 57.4087
0.094304 0.0655767 0.993381 46.0792 -0.00421018 0.997845 -0.0654717 -2.5759 -0.995534 0.00199195 0.0943768 57.483
0.100875 0.0681198 0.992564 46.8843 -0.00769441 0.997676 -0.0676887 -2.63314 -0.994869 -0.000809073 0.101165 57.5811
0.108644 0.067517 0.991785 47.6955 -0.0107738 0.997712 -0.0667402 -2.68432 -0.994022 -0.00343439 0.109123 57.6799
0.116446 0.0659953 0.991002 48.515 -0.0109758 0.997814 -0.0651592 -2.74099 -0.993136 -0.00328948 0.116916 57.7769
0.123356 0.0630653 0.990357 49.3347 -0.0109574 0.998004 -0.0621874 -2.80123 -0.992302 -0.00318055 0.123801 57.8805
0.131612 0.0581833 0.989592 50.1541 -0.0126616 0.998293 -0.0570109 -2.85421 -0.99122 -0.0050265 0.132124 58.0035
0.139177 0.0521461 0.988894 50.9732 -0.0142558 0.998614 -0.0506524 -2.90353 -0.990165 -0.00704786 0.139727 58.1233
0.146606 0.0491734 0.987972 51.7923 -0.0140119 0.998766 -0.0476314 -2.95621 -0.989096 -0.00686034 0.147114 58.2498
0.154765 0.0507751 0.986646 52.5975 -0.0138357 0.998691 -0.0492247 -3.00556 -0.987854 -0.00603267 0.155265 58.3787
0.161164 0.0559874 0.985339 53.3928 -0.0136292 0.99842 -0.0545015 -3.05753 -0.986833 -0.00464569 0.161672 58.5088
0.165634 0.0601453 0.984352 54.1776 -0.0140117 0.998181 -0.0586325 -3.09907 -0.986087 -0.00408091 0.166176 58.6465
0.171582 0.0627015 0.983173 54.9619 -0.0152992 0.998021 -0.0609784 -3.15361 -0.985051 -0.00457901 0.172201 58.792
0.176863 0.0631562 0.982207 55.7366 -0.0175472 0.997982 -0.0610109 -3.20721 -0.984079 -0.00644447 0.177614 58.9385
0.181496 0.0597034 0.981578 56.4972 -0.0149225 0.998207 -0.0579556 -3.26762 -0.983278 -0.00412889 0.182062 59.0785
0.187508 0.0542011 0.980767 57.2628 -0.0135626 0.998523 -0.0525894 -3.31182 -0.982169 -0.00344085 0.187966 59.2254
0.191037 0.0477241 0.980422 58.0166 -0.0143605 0.998846 -0.0458227 -3.36309 -0.981477 -0.00532557 0.191501 59.3768
0.193612 0.044395 0.980073 58.7503 -0.0163777 0.998982 -0.0420162 -3.38989 -0.980941 -0.00791657 0.194142 59.5363
0.197565 0.0434042 0.979329 59.4842 -0.0176175 0.999014 -0.0407226 -3.43151 -0.980131 -0.0092079 0.198135 59.6892
0.199356 0.0445901 0.978912 60.204 -0.0191151 0.99895 -0.04161 -3.45809 -0.97974 -0.0104168 0.199999 59.8428
0.201983 0.0475675 0.978233 60.9178 -0.0213733 0.998795 -0.0441543 -3.48934 -0.979155 -0.0119897 0.202756 59.9985
0.204016 0.0518501 0.977594 61.6118 -0.0224417 0.998581 -0.0482798 -3.52645 -0.97871 -0.0120891 0.20489 60.1537
0.205598 0.0569427 0.976979 62.3016 -0.0241613 0.998296 -0.0531006 -3.56694 -0.978338 -0.0126877 0.206623 60.3123
0.208396 0.0585756 0.976289 62.9881 -0.0232757 0.998219 -0.054923 -3.61579 -0.977767 -0.0112781 0.209388 60.4599
0.209778 0.0583295 0.976008 63.6564 -0.0247053 0.998216 -0.0543467 -3.64205 -0.977436 -0.0127118 0.210845 60.614
0.210032 0.0558942 0.976096 64.3241 -0.0256251 0.998336 -0.0516539 -3.69494 -0.977358 -0.0141636 0.211114 60.7642
0.21178 0.0549009 0.975774 64.9755 -0.0267417 0.998372 -0.0503684 -3.73783 -0.976951 -0.0154268 0.212903 60.9084
0.21164 0.0539271 0.975859 65.6265 -0.025481 0.998441 -0.0496489 -3.7703 -0.977015 -0.0143582 0.212684 61.0488
0.210388 0.0530403 0.976178 66.2646 -0.0253312 0.998487 -0.0487931 -3.80492 -0.977289 -0.0144623 0.211413 61.19
0.209199 0.0534409 0.976412 66.8895 -0.0261779 0.998453 -0.0490386 -3.84026 -0.977522 -0.0153015 0.210275 61.3273
0.206373 0.0562249 0.976857 67.5016 -0.0266653 0.998299 -0.0518257 -3.88307 -0.978109 -0.0153528 0.207521 61.4609
0.205011 0.0607854 0.97687 68.1073 -0.0271691 0.998038 -0.0564007 -3.93071 -0.978382 -0.0149779 0.20626 61.5913
0.202898 0.061683 0.977255 68.7057 -0.0265781 0.997992 -0.0574737 -3.97596 -0.978839 -0.0143123 0.20413 61.7134
0.200158 0.0610717 0.977859 69.3021 -0.0262985 0.99803 -0.0569484 -4.00536 -0.97941 -0.0143176 0.20137 61.8393
0.197914 0.0577927 0.978514 69.8813 -0.0264653 0.998211 -0.0536032 -4.02564 -0.979862 -0.0152878 0.199089 61.9592
0.19601 0.0551187 0.979052 70.4491 -0.0260637 0.998358 -0.0509876 -4.06737 -0.980255 -0.0155236 0.197125 62.0761
0.193347 0.0535377 0.979669 71.0139 -0.023532 0.998475 -0.0499212 -4.11161 -0.980848 -0.0134015 0.194312 62.1836
0.191689 0.0550424 0.979911 71.5563 -0.020602 0.998431 -0.0520526 -4.15102 -0.981239 -0.0102103 0.192522 62.2854
0.189436 0.0577418 0.980194 72.0995 -0.0186196 0.9983 -0.0552099 -4.19665 -0.981716 -0.00779207 0.190189 62.3905
0.186895 0.0595297 0.980575 72.6503 -0.0193017 0.998191 -0.0569203 -4.22937 -0.98219 -0.00828866 0.187706 62.4959
0.186313 0.0614698 0.980566 73.1848 -0.0198822 0.998072 -0.0587895 -4.26501 -0.982289 -0.00854259 0.187176 62.6038
0.184984 0.0608461 0.980856 73.7324 -0.0185437 0.998119 -0.0584197 -4.29746 -0.982566 -0.00738193 0.185765 62.7137
0.184899 0.0589798 0.980986 74.2829 -0.0151474 0.998249 -0.0571627 -4.34218 -0.98264 -0.00429007 0.185469 62.8101
0.187698 0.0579408 0.980517 74.8242 -0.0110383 0.998319 -0.0568798 -4.38368 -0.982164 -0.000147011 0.188023 62.9057
0.188961 0.0573439 0.980309 75.3897 -0.0097262 0.998353 -0.0565246 -4.42461 -0.981936 0.00114628 0.189208 63.011
0.191598 0.0572681 0.979801 75.9479 -0.0108757 0.998358 -0.0562261 -4.46189 -0.981413 0.000116814 0.191907 63.1275
0.197273 0.0577736 0.978645 76.4981 -0.0126536 0.998328 -0.0563849 -4.49145 -0.980266 -0.00126017 0.197675 63.2472
0.203406 0.0570931 0.977429 77.0561 -0.0116282 0.998368 -0.0558963 -4.53329 -0.979025 3.90418e-06 0.203738 63.3553
0.210725 0.0570004 0.975882 77.6258 -0.0131714 0.998373 -0.05547 -4.56983 -0.977456 -0.00116485 0.211133 63.4836
0.218772 0.0563089 0.97415 78.2003 -0.0133381 0.998412 -0.0547159 -4.60524 -0.975684 -0.00102303 0.219175 63.6217
0.227653 0.0557962 0.972143 78.7852 -0.0151732 0.998438 -0.0537523 -4.63955 -0.973624 -0.0025136 0.228144 63.7779
0.236485 0.0559671 0.970022 79.3798 -0.0171535 0.998424 -0.0534239 -4.68296 -0.971483 -0.00400529 0.237072 63.9291
0.246391 0.0586491 0.967395 79.9613 -0.0218085 0.998249 -0.0549652 -4.71104 -0.968924 -0.00755449 0.247239 64.0919
0.255227 0.0612002 0.964943 80.564 -0.0254785 0.998073 -0.0565625 -4.74435 -0.966545 -0.0101489 0.256295 64.2592
0.26613 0.0632305 0.961861 81.1653 -0.0285866 0.997924 -0.0576918 -4.77922 -0.963513 -0.0121428 0.267385 64.4289
0.276315 0.0642393 0.958918 81.7797 -0.0296307 0.997858 -0.0583098 -4.82208 -0.96061 -0.0123016 0.277626 64.6164
0.286057 0.0656033 0.955965 82.3968 -0.0322729 0.997746 -0.0588135 -4.86227 -0.957669 -0.0140277 0.287529 64.8127
0.295402 0.0658 0.953105 83.0325 -0.0327401 0.997736 -0.0587339 -4.90031 -0.954811 -0.0138546 0.296888 65.024
0.305563 0.0666888 0.949834 83.6744 -0.035762 0.997644 -0.0585409 -4.9355 -0.9515 -0.01608 0.307228 65.2431
0.317694 0.0631502 0.946088 84.3136 -0.0367524 0.997849 -0.0542638 -4.96795 -0.94748 -0.0175317 0.319332 65.4705
0.327382 0.0560101 0.943231 84.9878 -0.0328231 0.998313 -0.0478885 -5.01002 -0.944322 -0.0152819 0.328668 65.7097
0.338681 0.0524075 0.939441 85.6668 -0.0318512 0.998513 -0.0442201 -5.04158 -0.940361 -0.0149458 0.339847 65.9565
0.34952 0.0492077 0.935636 86.3487 -0.0303829 0.998689 -0.0411739 -5.07063 -0.936436 -0.0140363 0.350556 66.22
0.358119 0.0470179 0.932491 87.0423 -0.0270375 0.998834 -0.0399794 -5.11177 -0.933284 -0.0108948 0.358973 66.4925
0.367265 0.0435425 0.929097 87.736 -0.0215668 0.999033 -0.0382949 -5.12963 -0.929866 -0.00597332 0.367849 66.7681
0.375407 0.0337038 0.926247 88.4487 -0.0120059 0.999431 -0.0315008 -5.16289 -0.926782 0.000705185 0.375598 67.0409
0.381432 0.0293586 0.923931 89.1797 -0.00666125 0.999556 -0.0290116 -5.19625 -0.924372 0.00491143 0.381458 67.3361
0.389233 0.0289733 0.920684 89.8836 -0.00367114 0.999545 -0.029903 -5.21484 -0.921132 0.00825926 0.389162 67.6339
0.395401 0.0348455 0.917848 90.5963 -0.00250692 0.999317 -0.0368585 -5.25068 -0.918505 0.0122729 0.395218 67.9432
0.402852 0.0394018 0.914417 91.2977 0.000553795 0.999062 -0.0432931 -5.28009 -0.915264 0.0179471 0.402452 68.2515
0.408455 0.0407176 0.91187 92.0118 -0.000310394 0.99901 -0.0444696 -5.31235 -0.912778 0.0178808 0.408063 68.5701
0.41243 0.0415844 0.91004 92.7196 -0.00556157 0.999053 -0.0431314 -5.33236 -0.910972 0.0127274 0.412271 68.9048
0.416183 0.0440746 0.908212 93.394 -0.0105034 0.99899 -0.0436668 -5.35204 -0.90922 0.00863405 0.416226 69.2361
0.420007 0.0457327 0.906368 94.0719 -0.0107822 0.99891 -0.0454056 -5.4021 -0.907456 0.00929805 0.420043 69.5512
0.423483 0.0487849 0.90459 94.7497 -0.0133316 0.998776 -0.0476232 -5.43953 -0.905805 0.008108 0.423615 69.8741
0.42661 0.050906 0.903002 95.4105 -0.0155721 0.99868 -0.0489429 -5.47803 -0.904301 0.0068179 0.426839 70.1985
0.42992 0.0501324 0.901474 96.0701 -0.0161042 0.998724 -0.0478604 -5.51137 -0.902723 0.00605859 0.430179 70.5148
0.433399 0.0473114 0.89996 96.7282 -0.0151891 0.998862 -0.045196 -5.55858 -0.901074 0.0059183 0.433624 70.8306
0.436883 0.0464674 0.898318 97.3703 -0.016462 0.99891 -0.0436647 -5.5992 -0.899367 0.00428827 0.437171 71.1476
0.43934 0.045039 0.897191 97.9995 -0.0159201 0.998975 -0.0423527 -5.63328 -0.898179 0.00432386 0.439607 71.4607
0.442818 0.0465563 0.895402 98.6164 -0.0181602 0.998911 -0.0429572 -5.66741 -0.896427 0.00276153 0.443181 71.7731
0.4452 0.046521 0.894222 99.2299 -0.0169109 0.998908 -0.0435479 -5.70565 -0.895271 0.00426542 0.4455 72.0778
0.446806 0.0455278 0.893472 99.8346 -0.0152794 0.998946 -0.0432615 -5.74771 -0.8945 0.00567771 0.44703 72.3733
0.447409 0.0441676 0.893239 100.428 -0.0129309 0.998994 -0.04292 -5.78502 -0.894236 0.0076524 0.44753 72.6785
0.449107 0.0439902 0.892395 101.01 -0.0137683 0.999009 -0.0423166 -5.81457 -0.893372 0.00671793 0.449267 72.9822
0.450689 0.0428662 0.891652 101.586 -0.0124585 0.99905 -0.0417322 -5.85455 -0.892594 0.00769961 0.450795 73.2782
0.452257 0.0448495 0.89076 102.152 -0.0134708 0.998964 -0.0434582 -5.89339 -0.891786 0.00765504 0.452392 73.5687
0.454951 0.0450754 0.889375 102.705 -0.0116833 0.998934 -0.0446516 -5.93107 -0.890439 0.0099235 0.454993 73.8544
0.457367 0.0440159 0.888189 103.258 -0.00972428 0.998961 -0.044498 -5.9712 -0.889225 0.0117149 0.45732 74.1388
0.459348 0.0430601 0.887212 103.804 -0.00754118 0.998977 -0.0445801 -6.00555 -0.888224 0.0137872 0.459203 74.4171
0.462742 0.0417364 0.88551 104.331 -0.00639676 0.999022 -0.0437437 -6.04052 -0.886469 0.0145777 0.462556 74.6902
0.465397 0.0408121 0.884161 104.853 -0.00512377 0.999043 -0.043418 -6.07339 -0.885087 0.0156764 0.465161 74.9676
0.467825 0.0402768 0.882903 105.373 -0.00441254 0.999054 -0.0432374 -6.10416 -0.88381 0.0163317 0.46756 75.2474
0.471294 0.0397848 0.881079 105.881 -0.00331111 0.999054 -0.0433409 -6.13732 -0.88197 0.0175089 0.47098 75.5187
0.474628 0.0405324 0.879253 106.392 -0.00416716 0.999031 -0.0438046 -6.16833 -0.880176 0.0171269 0.474337 75.7968
0.478806 0.0398949 0.877014 106.889 -0.00213333 0.999016 -0.04428 -6.20248 -0.877918 0.0193305 0.47842 76.0669
0.483379 0.0428064 0.874365 107.386 -0.00396317 0.9989 -0.0467123 -6.23205 -0.875402 0.0191145 0.483016 76.35
0.488765 0.0482458 0.871081 107.879 -0.00732355 0.998661 -0.0512027 -6.26408 -0.872384 0.0186467 0.488463 76.6373
0.49385 0.054792 0.86782 108.366 -0.0122128 0.998351 -0.0560835 -6.29837 -0.869461 0.0170984 0.493704 76.9308
0.49992 0.061063 0.863917 108.851 -0.0178342 0.998025 -0.060222 -6.33457 -0.865888 0.0146989 0.500022 77.2279
0.50561 0.0653865 0.860281 109.348 -0.0209299 0.997759 -0.0635346 -6.37235 -0.862508 0.0141182 0.505846 77.5285
0.511279 0.0657798 0.856894 109.83 -0.0242158 0.997772 -0.0621457 -6.41065 -0.859073 0.0110234 0.511733 77.8386
0.516651 0.0645693 0.853759 110.325 -0.0295368 0.997902 -0.0575967 -6.44662 -0.855686 0.00454009 0.517474 78.1584
0.522083 0.0621285 0.850629 110.839 -0.03424 0.998065 -0.0518819 -6.48479 -0.852206 -0.00203887 0.523201 78.4883
0.528629 0.060147 0.84672 111.346 -0.0397687 0.998145 -0.0460749 -6.51687 -0.847921 -0.0093164 0.53004 78.8218
0.534631 0.0585181 0.843058 111.859 -0.0414789 0.998214 -0.0429836 -6.55203 -0.844067 -0.0119887 0.536103 79.1668
0.540461 0.0611751 0.839143 112.38 -0.0459578 0.99801 -0.0431572 -6.58237 -0.840112 -0.0152403 0.542197 79.5168
0.547029 0.0649797 0.834588 112.901 -0.0497702 0.997743 -0.0450609 -6.60743 -0.835632 -0.016888 0.549029 79.8822
0.55324 0.0675939 0.830276 113.428 -0.0521764 0.997556 -0.0464457 -6.63775 -0.831386 -0.0176252 0.555415 80.2514
0.558909 0.0695952 0.826304 113.972 -0.0543323 0.997403 -0.0472558 -6.65974 -0.827447 -0.0184832 0.561239 80.6301
0.566125 0.0701922 0.821326 114.515 -0.0557969 0.997345 -0.0467754 -6.68451 -0.822428 -0.0193467 0.568539 81.0233
0.572546 0.0718475 0.816719 115.075 -0.0591758 0.997175 -0.0462383 -6.71519 -0.817734 -0.0218564 0.57518 81.4288
0.578852 0.0705791 0.812373 115.646 -0.0594026 0.997249 -0.0443142 -6.75146 -0.813266 -0.0226057 0.581452 81.848
0.587404 0.0683969 0.806399 116.225 -0.0591792 0.997384 -0.041488 -6.77916 -0.807127 -0.0233518 0.589915 82.2814
0.594918 0.0682298 0.800886 116.807 -0.0596877 0.997389 -0.040633 -6.81394 -0.801567 -0.0236297 0.597437 82.7243
0.602337 0.0700221 0.795166 117.395 -0.0626243 0.997219 -0.0403772 -6.82314 -0.795781 -0.025476 0.605047 83.1881
0.610498 0.0708622 0.788842 117.986 -0.0639861 0.997146 -0.0400544 -6.84906 -0.789428 -0.0260218 0.61329 83.6689
0.617481 0.0710668 0.78337 118.583 -0.0647244 0.997123 -0.0394402 -6.87123 -0.783918 -0.0263496 0.620304 84.1541
0.622277 0.0697375 0.779686 119.189 -0.0638164 0.997227 -0.0382624 -6.90519 -0.780192 -0.0259469 0.625001 84.6444
0.626661 0.0683583 0.776289 119.807 -0.062845 0.997333 -0.0370913 -6.92825 -0.776754 -0.0255422 0.629286 85.1528
0.62984 0.0671148 0.77382 120.431 -0.0608701 0.99746 -0.0369672 -6.96289 -0.774336 -0.023819 0.632326 85.6612
0.633758 0.0644192 0.770845 121.069 -0.0566021 0.997716 -0.0368428 -6.99774 -0.771458 -0.020282 0.635956 86.1744
0.637386 0.0584375 0.768326 121.713 -0.0492554 0.99817 -0.0350579 -7.03142 -0.768968 -0.0154988 0.639098 86.6967
0.641113 0.0526177 0.765641 122.354 -0.0431938 0.998539 -0.0324548 -7.0526 -0.76623 -0.0122637 0.642449 87.2316
0.644192 0.0473218 0.763399 123.011 -0.0377919 0.998834 -0.0300255 -7.08946 -0.763929 -0.00950806 0.645229 87.7768
0.647853 0.0465289 0.760344 123.663 -0.0369062 0.998877 -0.0296799 -7.10165 -0.760871 -0.00883315 0.648842 88.3385
0.650236 0.0477706 0.758229 124.311 -0.0385006 0.99881 -0.0299108 -7.12679 -0.758756 -0.00974319 0.651302 88.9009
0.654996 0.0504503 0.753947 124.966 -0.0415156 0.998664 -0.0307587 -7.1452 -0.754491 -0.0111538 0.656215 89.4797
0.657613 0.0536506 0.751444 125.614 -0.0466055 0.998447 -0.0304998 -7.16832 -0.751913 -0.0149644 0.659091 90.0671
0.660853 0.0519585 0.748715 126.279 -0.0474871 0.998496 -0.027378 -7.1982 -0.749011 -0.0174615 0.662326 90.658
0.664831 0.0502741 0.745301 126.935 -0.0507067 0.998468 -0.0221197 -7.21186 -0.745271 -0.0230859 0.666361 91.2577
0.66833 0.0450436 0.7425 127.59 -0.0494389 0.998647 -0.0160823 -7.23305 -0.74222 -0.0259601 0.669653 91.8589
0.673337 0.0410139 0.738198 128.262 -0.0469521 0.998816 -0.0126671 -7.24522 -0.737843 -0.0261307 0.674465 92.47
0.67775 0.0385067 0.734284 128.923 -0.0432595 0.998986 -0.0124591 -7.26999 -0.734019 -0.0233206 0.678728 93.0802
0.683605 0.0362634 0.728951 129.583 -0.0337824 0.999266 -0.0180299 -7.29036 -0.72907 -0.0123004 0.684328 93.6881
0.688328 0.0397493 0.724311 130.246 -0.0316435 0.999192 -0.024763 -7.30792 -0.724709 -0.00587463 0.689029 94.3174
0.694671 0.0405084 0.718187 130.908 -0.0288641 0.999178 -0.0284385 -7.33663 -0.718748 -0.000974434 0.695269 94.9483
0.701075 0.0374572 0.712104 131.56 -0.0265293 0.999298 -0.0264455 -7.34839 -0.712594 -0.000351354 0.701576 95.5964
0.707175 0.0329688 0.706271 132.208 -0.0228982 0.999456 -0.0237272 -7.39539 -0.706668 0.000606952 0.707545 96.2571
0.712257 0.0310276 0.701233 132.869 -0.0195761 0.999511 -0.0243417 -7.413 -0.701645 0.00361015 0.712517 96.9229
0.717459 0.0328134 0.695829 133.488 -0.0183896 0.999433 -0.0281695 -7.44997 -0.696358 0.00741443 0.717655 97.5685
0.720552 0.0329585 0.692618 134.138 -0.017078 0.99941 -0.0297906 -7.45851 -0.69319 0.00963711 0.72069 98.2504
0.724524 0.0296116 0.688614 134.768 -0.0140993 0.999504 -0.0281459 -7.48248 -0.689106 0.0106834 0.724581 98.9202
0.726914 0.0233542 0.686332 135.408 -0.00974835 0.999671 -0.0236917 -7.507 -0.686659 0.0105312 0.726902 99.5903
0.727757 0.0206446 0.685526 136.054 -0.00788853 0.999732 -0.0217324 -7.53678 -0.68579 0.0104081 0.727724 100.275
0.728975 0.0164006 0.684344 136.685 -0.00396416 0.999797 -0.0197379 -7.5602 -0.684528 0.0116756 0.728892 100.948
0.729044 0.0147772 0.684308 137.326 -0.00356191 0.999835 -0.0177961 -7.57814 -0.684458 0.0105367 0.728976 101.639
0.728 0.0148854 0.685417 137.977 -0.00412278 0.99984 -0.017335 -7.59621 -0.685565 0.00979402 0.727945 102.331
0.727974 0.0161595 0.685416 138.601 -0.00552177 0.999827 -0.0177076 -7.6137 -0.685583 0.00910593 0.727937 103.02
0.725507 0.019091 0.687951 139.252 -0.00868683 0.999789 -0.0185837 -7.63205 -0.68816 0.00750643 0.725519 103.709
0.724139 0.0206539 0.689345 139.889 -0.0106328 0.999766 -0.0187852 -7.65451 -0.689572 0.00627341 0.72419 104.394
0.721566 0.0220474 0.691995 140.534 -0.0124153 0.999743 -0.0189067 -7.66238 -0.692234 0.00505116 0.721655 105.079
0.719349 0.0230585 0.694267 141.172 -0.0145204 0.999729 -0.0181587 -7.67914 -0.694497 0.00298139 0.719488 105.762
0.716351 0.0228478 0.697366 141.837 -0.0157249 0.999738 -0.0166015 -7.71181 -0.697562 0.00092652 0.716523 106.452
0.714031 0.0218704 0.699773 142.479 -0.0166983 0.999759 -0.0142075 -7.72781 -0.699915 -0.00154042 0.714224 107.126
0.711119 0.0172145 0.702861 143.125 -0.0118919 0.999851 -0.0124568 -7.74277 -0.702971 0.000499904 0.711218 107.795
0.709339 0.0189965 0.704612 143.765 -0.0114299 0.999815 -0.0154488 -7.7782 -0.704774 0.00290478 0.709425 108.447
0.704854 0.0288059 0.708768 144.414 -0.0157007 0.999563 -0.0250106 -7.77751 -0.709178 0.00650066 0.704998 109.112
0.702431 0.03422 0.71093 145.059 -0.018878 0.999387 -0.0294524 -7.80124 -0.711502 0.00726734 0.702646 109.765
0.699125 0.0322245 0.714274 145.714 -0.0194584 0.999471 -0.0260455 -7.83838 -0.714735 0.0043104 0.699381 110.419
0.695782 0.0320318 0.717539 146.364 -0.0249989 0.999479 -0.0203771 -7.86432 -0.717818 -0.0037597 0.69622 111.069
0.691996 0.028815 0.721327 147.012 -0.0253622 0.999556 -0.0155986 -7.88379 -0.721456 -0.00750033 0.692419 111.71
0.689066 0.0293193 0.724107 147.669 -0.026411 0.999533 -0.0153385 -7.89647 -0.724218 -0.00855518 0.689518 112.347
0.686187 0.0272147 0.726917 148.316 -0.023704 0.999605 -0.015048 -7.92766 -0.727039 -0.00690512 0.686561 112.974
0.682206 0.0257947 0.730706 148.981 -0.0211844 0.999654 -0.0155107 -7.95311 -0.730854 -0.00489814 0.682516 113.59
0.679226 0.0266946 0.733445 149.627 -0.0199569 0.99964 -0.0179016 -7.98778 -0.733658 -0.00247806 0.679513 114.197
0.675595 0.0273001 0.736769 150.281 -0.0188495 0.999626 -0.0197556 -8.01399 -0.737032 -0.000540941 0.675857 114.815
0.670883 0.0264649 0.741092 150.948 -0.0181168 0.999649 -0.0192979 -8.0326 -0.741342 -0.000479574 0.671127 115.426
0.667211 0.0275741 0.74436 151.618 -0.0205074 0.999615 -0.018648 -8.05072 -0.744587 -0.00282274 0.667519 116.026
0.662007 0.028161 0.74897 152.29 -0.0213492 0.999596 -0.0187141 -8.08879 -0.749194 -0.00360106 0.662341 116.636
0.655129 0.0294851 0.754943 152.965 -0.0225777 0.999555 -0.0194462 -8.10408 -0.75518 -0.00430516 0.655503 117.234
0.649832 0.0330794 0.759359 153.664 -0.0238811 0.999447 -0.0231016 -8.1316 -0.759703 -0.00312217 0.650262 117.838
0.643846 0.0388753 0.764168 154.341 -0.0273724 0.999239 -0.0277716 -8.15347 -0.764666 -0.00303655 0.64442 118.422
0.636068 0.0414513 0.77052 155.042 -0.0279323 0.999138 -0.030692 -8.16766 -0.771128 -0.00200019 0.636677 119.004
0.630436 0.0362467 0.775396 155.764 -0.0282822 0.999318 -0.0237194 -8.19784 -0.775726 -0.00697633 0.63103 119.594
0.623441 0.0321686 0.781209 156.484 -0.033499 0.999334 -0.0144169 -8.20491 -0.781153 -0.0171817 0.624103 120.2
0.61546 0.027221 0.787699 157.217 -0.0327593 0.999422 -0.00894156 -8.24081 -0.787488 -0.0203014 0.615996 120.791
0.6093 0.0282706 0.792436 157.959 -0.0368277 0.999294 -0.00733383 -8.244 -0.792084 -0.0247151 0.609911 121.378
0.601036 0.0296211 0.798674 158.698 -0.0371448 0.999268 -0.00910777 -8.25932 -0.798359 -0.0241925 0.601696 121.949
0.593519 0.0296995 0.804272 159.444 -0.0319298 0.9994 -0.0133423 -8.28242 -0.804186 -0.0177613 0.594112 122.503
0.587144 0.0371671 0.808629 160.198 -0.031809 0.999232 -0.0228314 -8.29028 -0.808857 -0.0123164 0.587876 123.057
0.579968 0.0387811 0.813717 160.961 -0.0288037 0.999217 -0.0270925 -8.31727 -0.81413 -0.00772529 0.580631 123.596
0.572103 0.0350073 0.819435 161.736 -0.026058 0.999359 -0.0245011 -8.3366 -0.819768 -0.00733571 0.572648 124.137
0.565193 0.0300063 0.824414 162.52 -0.0223143 0.999528 -0.021082 -8.36957 -0.824657 -0.0064808 0.565596 124.676
0.557635 0.030704 0.82952 163.281 -0.0242054 0.999491 -0.0207236 -8.40429 -0.829734 -0.00852268 0.558094 125.196
0.550401 0.0314466 0.834309 164.048 -0.0254487 0.999457 -0.0208826 -8.4326 -0.834513 -0.00973829 0.550903 125.712
0.544192 0.0298801 0.838429 164.812 -0.0226321 0.999524 -0.0209316 -8.45055 -0.838656 -0.00758461 0.544609 126.205
0.538969 0.0235951 0.841996 165.584 -0.0178104 0.999703 -0.0166139 -8.48808 -0.842138 -0.00604197 0.539228 126.69
0.533276 0.0215194 0.845668 166.352 -0.0174106 0.999743 -0.0144611 -8.51676 -0.845762 -0.00701184 0.533514 127.172
0.529942 0.0207982 0.84778 167.102 -0.0183444 0.999746 -0.0130594 -8.53278 -0.847835 -0.00863126 0.530189 127.646
0.525229 0.0220049 0.850678 167.85 -0.0191443 0.999717 -0.0140401 -8.56386 -0.850746 -0.00891138 0.525501 128.126
