1 0 0 0 0 1 0 0 0 0 1 0
<<<<<<< HEAD
<<<<<<< HEAD
0.630276 0.0188834 0.776141 0.795302 0.0241212 0.998745 -0.0438873 0.0446165 -0.775996 0.0463826 0.62903 -0.622796
-0.272029 0.0363156 0.961604 0.989672 0.0634385 0.997791 -0.0197361 0.130266 -0.960196 0.0556339 -0.273731 -1.67198
-0.92941 0.0450512 0.366288 -1.05927 0.0786819 0.99389 0.0774032 -0.256832 -0.360563 0.10076 -0.927277 -3.06257
-0.841447 0.0191504 -0.540001 -3.04242 -0.0139861 0.998265 0.0571957 -0.396136 0.540159 0.0556796 -0.839719 -2.30183
0.127598 0.0341331 -0.991238 -3.01254 0.0160202 0.999206 0.0364697 -0.915799 0.991697 -0.0205333 0.12695 -1.49025
0.969922 -0.00664414 -0.243326 -2.04156 0.038454 0.991257 0.126215 -1.07989 0.24036 -0.131775 0.961697 -0.831244
0.583608 -0.118075 0.803405 -0.196212 -0.0133706 0.987841 0.154894 -1.22927 -0.811925 -0.101139 0.574933 -1.79008
-0.667542 0.00522503 0.744554 -0.276109 0.00245191 0.999985 -0.00481925 -1.33137 -0.744568 -0.00139148 -0.667545 -3.59461
-0.882951 0.088027 -0.461139 -2.63305 0.132583 0.989034 -0.0650627 -2.01351 0.450355 -0.118587 -0.884939 -4.49665
0.192254 0.140508 -0.971234 -4.62107 0.0790354 0.984265 0.158038 -2.20067 0.978157 -0.107145 0.178124 -1.19872
0.989196 0.129114 -0.0694327 -1.15038 -0.118058 0.982386 0.144848 -3.1861 0.0869115 -0.135086 0.987015 2.31471
0.297223 0.0581385 0.953036 3.56943 -0.186541 0.982446 -0.00175584 -4.73282 -0.936408 -0.177259 0.302851 -0.187145
-0.904924 0.0672002 0.420235 1.89655 -0.0401245 0.969583 -0.24145 -5.60634 -0.423678 -0.235356 -0.874703 -5.07757
-0.422614 0.0197673 -0.906094 -3.44102 0.263762 0.959169 -0.102097 -4.58546 0.867079 -0.282141 -0.410572 -3.327
0.945039 -0.0268946 -0.325849 -0.721376 0.102743 0.970555 0.217871 -2.88801 0.310394 -0.239376 0.919975 1.18128
0.168184 0.0065235 0.985734 3.62957 -0.231381 0.972302 0.0330433 -3.62574 -0.958215 -0.233637 0.165035 -2.08241
-0.996028 0.0358007 0.0815245 -0.364645 0.0129511 0.96412 -0.265153 -4.78958 -0.0880919 -0.263044 -0.960753 -6.26788
0.135529 -0.00620194 -0.990754 -4.21816 0.299817 0.953353 0.0350451 -3.61828 0.944321 -0.301794 0.131066 -2.12371
0.898416 -0.0103723 0.439023 -0.928893 -0.115498 0.958944 0.25901 -2.88995 -0.423685 -0.283405 0.860333 0.839361
-0.787564 0.00710156 0.616192 1.25312 -0.166224 0.960421 -0.223522 -4.49484 -0.593391 -0.278464 -0.755212 -3.48082
0.0858811 -0.0335433 -0.995741 -4.29337 0.324059 0.946029 -0.00391912 -4.64978 0.94213 -0.322342 0.092116 -2.56233
0.591386 -0.0316716 0.805766 -0.536988 -0.210943 0.958359 0.19249 -3.75061 -0.778309 -0.283807 0.560079 0.916678
-0.938349 0.0557566 -0.341165 -1.14379 0.167909 0.936182 -0.308822 -5.80559 0.302173 -0.347067 -0.887826 -4.46487
0.995826 0.0166865 -0.0897284 -3.6537 0.0125106 0.948907 0.315309 -4.5388 0.0904051 -0.315116 0.944737 0.509817
-0.840526 0.0620268 0.538208 -0.210232 -0.13625 0.937295 -0.320803 -5.66729 -0.524358 -0.342974 -0.779369 -2.22715
0.523041 0.0531283 -0.85065 -4.95716 0.25275 0.943493 0.214336 -4.92965 0.813969 -0.327108 0.480057 -0.697498
-0.538878 0.0717094 0.839326 0.649322 -0.210419 0.953327 -0.216546 -6.0501 -0.81568 -0.293302 -0.498637 -3.15023
0.503847 0.0836284 -0.859735 -4.5824 0.213189 0.952474 0.217588 -4.83031 0.837071 -0.292917 0.462073 -0.749229
-0.513128 0.0715311 0.855326 1.66057 -0.206365 0.957008 -0.203838 -6.19736 -0.833134 -0.281105 -0.476306 -3.59104
0.551732 0.100992 -0.827884 -5.34152 0.197267 0.948674 0.247193 -4.39528 0.810356 -0.299698 0.503491 0.0846539
-0.526793 0.149446 0.836753 1.34947 -0.14543 0.95406 -0.261955 -6.15304 -0.83746 -0.259685 -0.480857 -2.95206
0.471014 0.100522 -0.876379 -5.023 0.200941 0.955141 0.217553 -4.83522 0.858934 -0.278571 0.429686 -0.733384
-0.499058 0.0991554 0.860877 1.01434 -0.142573 0.9705 -0.194432 -6.0619 -0.854759 -0.219771 -0.470199 -3.0403
0.670423 0.0924893 -0.736192 -5.51705 0.107465 0.969635 0.219681 -4.85671 0.734156 -0.226394 0.640126 0.0661662
-0.888131 0.121109 0.443346 -0.912511 0.018562 0.973321 -0.228698 -6.43879 -0.459215 -0.194885 -0.866684 -5.14988
0.989033 0.110298 0.0982237 -1.91136 -0.12991 0.966061 0.223272 -5.13165 -0.0702635 -0.233584 0.969794 0.775949
-0.728771 0.121712 -0.673854 -4.7703 0.238678 0.967513 -0.0833775 -6.5972 0.641814 -0.221597 -0.734145 -5.02758
0.0947841 0.0648069 0.993386 0.909861 -0.249753 0.967512 -0.0392886 -6.8546 -0.963659 -0.244377 0.107891 -3.14434
0.573792 0.0313444 -0.818401 -5.57684 0.178484 0.970464 0.162306 -5.81051 0.799316 -0.239202 0.55125 -0.299628
-0.965598 0.0489537 0.255391 -1.7864 -0.022859 0.962339 -0.270889 -7.83153 -0.259034 -0.267408 -0.928113 -7.71067
0.936103 0.0593594 0.346681 -0.531241 -0.128703 0.975106 0.180564 -5.77763 -0.327332 -0.213645 0.920439 1.32632
-0.815245 0.0714287 -0.574695 -3.76478 0.18054 0.974256 -0.135019 -7.21854 0.550255 -0.213829 -0.807153 -6.87208
0.65483 0.0499092 0.754127 0.171466 -0.17201 0.981473 0.0844061 -6.17473 -0.735942 -0.184989 0.651282 -0.40326
-0.354045 0.146278 -0.923718 -4.57913 0.198376 0.976963 0.078676 -6.73296 0.913946 -0.155389 -0.374907 -5.87351
0.0400273 0.0958244 0.994593 2.81946 -0.141903 0.985847 -0.0892709 -7.32032 -0.989071 -0.137562 0.0530585 -2.02587
0.115477 0.125868 -0.985303 -5.39466 0.122918 0.982504 0.139916 -6.86416 0.985675 -0.137269 0.0979855 -4.76115
-0.0970259 0.0806992 0.992005 3.46297 -0.214116 0.971678 -0.0999878 -7.17649 -0.971977 -0.222105 -0.0769988 -1.34603
0.0903516 0.25584 -0.962488 -6.52878 0.235164 0.933631 0.270244 -6.0552 0.967747 -0.250759 0.0241908 -4.15039
-0.0942162 0.101373 0.990377 4.60779 -0.201323 0.972309 -0.118675 -7.49173 -0.974983 -0.210567 -0.0711986 -1.42139
0.0831642 0.247058 -0.965425 -7.79838 0.205069 0.943805 0.25919 -6.0911 0.975207 -0.219535 0.0278267 -4.19883
-0.0809647 0.168211 0.98242 6.00446 -0.21977 0.958385 -0.182208 -8.46916 -0.972186 -0.230659 -0.0406276 -1.06555
0.0639801 0.286058 -0.956074 -8.59846 0.228975 0.92827 0.293062 -5.82726 0.971327 -0.237667 -0.00610931 -4.4016
-0.108215 0.168415 0.979758 7.59736 -0.315894 0.928641 -0.194519 -8.78616 -0.942603 -0.33055 -0.0472913 -0.802685
0.104474 0.270083 -0.957152 -9.24643 0.26038 0.921421 0.288422 -6.25002 0.959837 -0.279355 0.02594 -5.37147
-0.111905 0.263894 0.958038 8.28202 -0.28737 0.914307 -0.285415 -10.1017 -0.95126 -0.307251 -0.0264801 -0.501708
0.0966969 0.201642 -0.974674 -10.5567 0.211842 0.952656 0.218104 -6.84294 0.972508 -0.227567 0.0494024 -5.17275
-0.132719 0.236055 0.962634 9.25243 -0.253198 0.930926 -0.263188 -9.89237 -0.958267 -0.278667 -0.0637826 -0.873269
0.132658 0.126804 -0.983017 -11.4224 0.281003 0.946278 0.159986 -7.28282 0.950494 -0.297455 0.0898993 -4.88476
-0.139049 0.2928 0.946009 10.0755 -0.302671 0.89701 -0.322122 -11.0105 -0.942897 -0.331121 -0.0361062 -0.388829
0.14456 0.14341 -0.979049 -12.4596 0.287589 0.94064 0.180247 -7.27657 0.946781 -0.30762 0.0947356 -4.80585
-0.163962 0.305103 0.938098 10.8165 -0.3302 0.879136 -0.34364 -11.4004 -0.929561 -0.366104 -0.0433998 -0.358786
0.152257 0.145067 -0.977637 -13.1821 0.274049 0.944186 0.182784 -7.23498 0.949586 -0.295751 0.104004 -4.96695
-0.170116 0.291262 0.941397 11.571 -0.319214 0.887522 -0.332277 -11.4883 -0.932289 -0.357032 -0.0580072 -0.329214
0.158178 0.137986 -0.977722 -13.7465 0.256242 0.950528 0.175604 -7.25044 0.953582 -0.27831 0.114995 -4.95834
-0.18087 0.286437 0.940872 12.1947 -0.319551 0.887632 -0.331659 -11.6262 -0.930147 -0.360644 -0.0690149 -0.267328
0.232457 0.191038 -0.953661 -14.1505 0.297058 0.919722 0.256648 -5.78081 0.926132 -0.342952 0.157046 -4.29623
-0.229435 0.296428 0.927087 11.6189 -0.352442 0.862556 -0.363017 -10.7461 -0.907273 -0.410033 -0.0934267 0.407292
0.240154 0.207963 -0.948197 -14.6896 0.318501 0.90583 0.279339 -5.30923 0.916997 -0.369086 0.151302 -4.50629
-0.269898 0.303237 0.913894 12.1783 -0.369606 0.843784 -0.389129 -10.9248 -0.889127 -0.442805 -0.115657 0.286716
0.280203 0.209364 -0.936832 -14.8353 0.351679 0.885687 0.30312 -5.22389 0.893201 -0.414398 0.174543 -4.37615
-0.300721 0.307043 0.902935 12.6324 -0.36525 0.837497 -0.406437 -11.2172 -0.880999 -0.452021 -0.139705 0.242312
0.307264 0.229433 -0.923553 -15.6275 0.324209 0.887204 0.328266 -4.57086 0.894694 -0.400288 0.198222 -4.50473
-0.351715 0.301677 0.886165 13.5051 -0.344877 0.838304 -0.422264 -11.2775 -0.870262 -0.454134 -0.190802 -0.360291
0.351974 0.228673 -0.907647 -15.6886 0.311853 0.885646 0.344063 -4.27888 0.882532 -0.404153 0.240411 -4.37888
-0.384584 0.240233 0.891282 14.1799 -0.295747 0.882577 -0.365501 -10.1002 -0.87443 -0.40416 -0.268377 -1.36606
0.376842 0.230298 -0.897192 -15.5974 0.23313 0.913838 0.332491 -3.35681 0.89646 -0.334459 0.290683 -4.67882
-0.398844 0.244708 0.883766 14.8961 -0.290311 0.880474 -0.374814 -10.0188 -0.869852 -0.406059 -0.28013 -1.2161
0.399775 0.261046 -0.878655 -15.7815 0.226824 0.900601 0.370768 -2.85168 0.888105 -0.347524 0.300826 -5.0385
-0.409234 0.21554 0.886606 15.3362 -0.328463 0.871752 -0.363539 -9.2739 -0.851257 -0.43999 -0.285953 -1.02554
0.381961 0.272525 -0.883084 -16.1761 0.216384 0.902601 0.372141 -2.59023 0.898489 -0.333229 0.285788 -6.02053
-0.43291 0.228052 0.872113 15.7512 -0.306397 0.872643 -0.380284 -9.52156 -0.847767 -0.431841 -0.307901 -1.03344
0.420203 0.301043 -0.856039 -16.3681 0.233899 0.875556 0.422721 -1.99859 0.876767 -0.377855 0.297497 -6.6171
-0.346248 0.251461 0.903814 15.5204 -0.35743 0.855384 -0.374917 -7.82216 -0.867384 -0.452864 -0.206295 2.2995
0.233354 0.28645 -0.929243 -16.2173 0.311447 0.883266 0.350489 -3.78903 0.921165 -0.371198 0.1169 -9.60849
-0.148092 0.236864 0.96019 14.3909 -0.432847 0.857442 -0.278276 -5.06651 -0.88922 -0.456826 -0.0244545 6.13591
0.0191764 0.225695 -0.974009 -14.6071 0.426635 0.879196 0.212125 -7.80491 0.90422 -0.419615 -0.0794297 -13.0051
0.183931 0.216762 0.958741 9.70844 -0.524021 0.846838 -0.0909306 -1.00754 -0.831607 -0.485675 0.269347 11.2966
-0.447108 0.219655 -0.867091 -7.59606 0.48911 0.871657 -0.0313941 -12.036 0.748909 -0.438139 -0.49716 -17.5515
0.696325 0.267244 0.666117 -1.4608 -0.508537 0.838637 0.19514 3.11256 -0.506479 -0.474626 0.719867 14.069
-0.948965 0.180194 -0.258834 8.12905 0.276404 0.870407 -0.407423 -14.9411 0.151876 -0.458173 -0.875791 -14.8922
0.92083 0.282123 -0.26922 -17.3788 -0.123051 0.865309 0.4859 1.51258 0.370041 -0.414304 0.831517 3.37287
-0.657072 0.24644 0.712407 16.961 -0.200806 0.853685 -0.48052 -9.1583 -0.72659 -0.458792 -0.511445 2.80155
0.0701244 0.228941 -0.970911 -13.6971 0.408586 0.881325 0.237327 -10.6134 0.910021 -0.413344 -0.03174 -17.7769
0.480524 0.31354 0.819018 0.152495 -0.542331 0.840158 -0.00344259 1.46282 -0.689183 -0.442524 0.573758 14.4027
-0.925193 0.194354 -0.325953 11.3296 0.329225 0.838265 -0.434652 -18.8733 0.188758 -0.509449 -0.839542 -15.5801
0.808721 0.246257 -0.534161 -22.7332 0.0484972 0.877131 0.477797 -5.234 0.58619 -0.412309 0.69741 -7.75196
-0.099967 0.361047 0.927174 6.83211 -0.54675 0.758614 -0.354359 -3.05137 -0.831307 -0.542356 0.121566 14.037
-0.768495 0.0904495 -0.633431 5.18286 0.417169 0.821455 -0.388822 -23.2326 0.485165 -0.563056 -0.669016 -16.7073
0.910232 0.226984 -0.346347 -25.0229 -0.0584452 0.898434 0.435202 -8.26138 0.409954 -0.375893 0.831048 -1.36409
-0.138775 0.264929 0.95423 7.18705 -0.28784 0.911165 -0.294833 -10.093 -0.94757 -0.315581 -0.050189 18.1883
-0.75032 0.314215 -0.581627 6.75983 0.470493 0.871871 -0.135938 -24.1507 0.464389 -0.375648 -0.802017 -17.0115
0.854889 0.298014 -0.42468 -24.7233 -0.0864127 0.88892 0.449838 -7.55435 0.511564 -0.347864 0.785679 -4.92838
0.0599922 0.369268 0.927385 2.82324 -0.409073 0.856554 -0.314601 -6.99223 -0.910527 -0.360495 0.202444 21.2588
-0.870161 0.370795 -0.324549 13.4167 0.466534 0.83195 -0.300343 -25.9156 0.158642 -0.41276 -0.896917 -10.5181
0.657861 0.293077 -0.693776 -22.8704 0.171701 0.838557 0.51705 -12.7047 0.733306 -0.459269 0.501332 -12.9806
0.3518 0.448318 0.821735 -5.18768 -0.63069 0.76221 -0.145833 -1.14371 -0.691713 -0.466955 0.550894 19.6055
-0.873667 0.482673 0.0611022 17.5995 0.368883 0.739056 -0.563669 -26.2755 -0.317226 -0.469919 -0.823737 0.120129
0.241571 0.417993 -0.875743 -15.227 0.431666 0.761974 0.482764 -19.7602 0.869084 -0.49465 0.0036374 -20.4775
0.750495 0.439507 0.49355 -16.2574 -0.577896 0.798743 0.167471 0.290361 -0.320614 -0.410907 0.853441 13.6752
-0.726763 0.495578 0.475624 16.6519 0.0493681 0.728329 -0.683448 -21.4705 -0.685112 -0.473224 -0.553787 11.0084
-0.161601 0.409636 -0.897822 -8.02317 0.630651 0.742637 0.22532 -27.6215 0.759054 -0.529801 -0.378348 -20.1669
0.946521 0.246883 0.207719 -23.4482 -0.320302 0.796421 0.512952 -2.01589 -0.0387922 -0.552053 0.832906 6.822
-0.41893 0.338893 0.842407 14.3428 -0.324414 0.810649 -0.487447 -8.44947 -0.848088 -0.477495 -0.229663 18.4161
-0.59602 0.449314 -0.66549 7.87124 0.670404 0.734609 -0.104441 -26.1778 0.441947 -0.508396 -0.739064 -16.4347
0.860129 0.346894 -0.373956 -23.4464 -0.0417154 0.778521 0.626232 -3.01476 0.508368 -0.52304 0.684098 -6.78725
0.0736237 0.422195 0.90351 5.74525 -0.511039 0.793954 -0.329358 -0.830256 -0.856398 -0.43748 0.274212 20.6039
-0.8418 0.476511 -0.253594 16.4338 0.539708 0.734847 -0.410749 -25.2271 -0.00937381 -0.482635 -0.875771 -10.3561
0.578171 0.429377 -0.693797 -19.3634 0.231039 0.72937 0.643926 -6.3587 0.782521 -0.532594 0.322497 -16.7377
0.384934 0.438141 0.812317 1.98253 -0.648975 0.754299 -0.0993168 4.67583 -0.656244 -0.488943 0.574697 16.268
-0.880929 0.434306 -0.187993 14.4736 0.462504 0.705926 -0.536433 -23.114 -0.100267 -0.559506 -0.822738 -10.4607
0.629027 0.349637 -0.694319 -22.8128 0.222707 0.774664 0.59186 -6.82727 0.744799 -0.526925 0.409418 -13.1721
0.44487 0.301256 0.843407 -4.13294 -0.594792 0.803435 0.0267556 8.17822 -0.669561 -0.513554 0.536609 18.7081
-0.899704 0.424927 0.0998514 19.3652 0.32454 0.804171 -0.49798 -13.9128 -0.291903 -0.415628 -0.86142 -5.22455
0.256752 0.460665 -0.849627 -14.8886 0.414262 0.741791 0.527384 -2.75791 0.873192 -0.487375 -0.000380218 -24.3262
0.909684 0.365924 0.196404 -26.298 -0.414834 0.823043 0.387961 21.0965 -0.0196839 -0.434397 0.900506 6.93093
-0.208872 0.526493 0.824123 7.57471 -0.561617 0.625313 -0.541822 15.081 -0.800599 -0.576012 0.165078 27.9904
-0.853793 0.45341 -0.255847 17.2265 0.494537 0.552758 -0.67074 -16.7076 -0.162699 -0.699198 -0.696168 6.38738
0.193275 0.277826 -0.940988 -18.3093 0.509638 0.79111 0.338252 -13.6495 0.838399 -0.544939 0.0113107 -11.5721
0.918677 0.311239 0.243236 -27.992 -0.383239 0.851482 0.35792 8.55417 -0.0957117 -0.42203 0.901515 20.3712
-0.343683 0.43955 0.829866 9.12763 -0.288053 0.791753 -0.538658 -2.82353 -0.893816 -0.424173 -0.145497 32.3418
-0.488019 0.738544 -0.465178 3.99024 0.861576 0.492928 -0.121281 -23.3759 0.139726 -0.459973 -0.876869 -2.49105
0.797239 0.499234 -0.339377 -23.0757 0.097658 0.448128 0.88862 7.21454 0.595713 -0.741584 0.30851 -5.09202
0.251214 0.443721 0.860235 3.4525 -0.719706 0.679908 -0.14053 18.2108 -0.647236 -0.583813 0.490151 24.1775
-0.766199 0.642497 -0.0117046 20.0682 0.503427 0.588834 -0.632326 -12.8247 -0.399375 -0.49038 -0.774613 4.02381
0.354757 0.559389 -0.749154 -11.8041 0.509839 0.555912 0.656527 1.0719 0.783716 -0.614855 -0.0879849 -16.0036
0.644395 0.487056 0.589519 -3.02709 -0.701385 0.683592 0.201896 23.7068 -0.304655 -0.54358 0.782116 16.2192
-0.723774 0.572389 0.385387 26.4966 0.105575 0.643783 -0.757891 -3.71704 -0.681913 -0.507854 -0.526382 10.306
-0.0604461 0.577055 -0.814466 -0.465622 0.67407 0.625399 0.393073 -1.93473 0.73619 -0.525247 -0.426778 -20.8862
0.855222 0.486442 0.178805 -10.4246 -0.508331 0.720109 0.472275 26.8999 0.100976 -0.494792 0.863125 7.34016
-0.43626 0.572606 0.694119 24.8248 -0.210408 0.685096 -0.697405 7.17069 -0.874875 -0.450297 -0.178398 17.7931
-0.453612 0.518697 -0.7247 8.38879 0.740157 0.672198 0.0178315 -6.03178 0.49639 -0.528303 -0.688834 -18.9255
0.867671 0.465325 -0.174987 -14.7873 -0.266993 0.733087 0.625539 23.5095 0.41936 -0.496042 0.760315 -0.986717
-0.19524 0.540112 0.818634 19.0846 -0.376096 0.729654 -0.571102 12.4012 -0.905777 -0.419386 0.0606769 18.7719
-0.643234 0.53992 -0.542897 14.024 0.722402 0.66293 -0.196621 -7.67064 0.253742 -0.518662 -0.816458 -15.8378
0.798456 0.441217 -0.40963 -14.1377 -0.0822776 0.753972 0.651734 17.9159 0.596405 -0.486678 0.638314 -5.44671
-0.0213933 0.561999 0.826861 16.0366 -0.430467 0.741285 -0.514972 9.54922 -0.902352 -0.366954 0.226064 18.9002
-0.531817 0.590499 -0.607028 6.37024 0.754964 0.65533 -0.023939 -3.99513 0.383666 -0.471015 -0.79432 -15.5605
0.822238 0.569143 0.0012556 -7.14791 -0.493231 0.711465 0.50054 23.0717 0.283986 -0.412183 0.865712 8.51622
-0.556695 0.685775 0.468832 19.71 0.0824237 0.607184 -0.790275 -5.04014 -0.826617 -0.4013 -0.39454 8.28573
0.277401 0.61977 -0.734121 -9.04437 0.403481 0.61831 0.67446 12.2293 0.871924 -0.483299 -0.078546 -9.17154
0.13523 0.663666 0.735704 15.0604 -0.604291 0.643683 -0.46958 6.25207 -0.785204 -0.381078 0.488092 19.3532
-0.432464 0.620404 -0.654274 0.239443 0.748493 0.651611 0.123138 -0.0991259 0.502726 -0.436466 -0.746166 -13.9539
0.792191 0.540514 0.283334 -1.90989 -0.608695 0.733188 0.303193 19.9039 -0.0438565 -0.412651 0.909832 16.4917
-0.771825 0.632979 0.0602024 12.6182 0.550688 0.712795 -0.434358 -2.43666 -0.317851 -0.302095 -0.898726 -8.58955
0.784769 0.570058 -0.243253 -7.01766 -0.298203 0.691348 0.658114 25.0056 0.543335 -0.443928 0.71254 7.32835
-0.687625 0.606589 0.399027 16.8428 0.173803 0.671111 -0.720696 -1.19742 -0.704957 -0.426216 -0.566899 -1.57702
0.509688 0.677985 -0.529675 -8.01114 -0.151559 0.67677 0.720426 25.8271 0.846905 -0.286915 0.447695 0.61508
-0.30791 0.700835 0.643446 18.2825 -0.0416647 0.665722 -0.745036 2.8658 -0.950503 -0.256213 -0.175781 8.64372
0.109859 0.65835 -0.744652 -6.60848 0.307537 0.689909 0.655322 20.2252 0.945172 -0.301001 -0.126675 -9.46183
0.174121 0.690706 0.70186 14.5536 -0.460953 0.687007 -0.561734 9.44573 -0.870174 -0.225714 0.438005 16.7435
-0.432713 0.703456 -0.563835 3.3933 0.61304 0.688161 0.388093 14.2339 0.661015 -0.177721 -0.729023 -16.4281
0.578993 0.725932 0.371203 8.18524 -0.708417 0.673289 -0.211726 18.1417 -0.403624 -0.140379 0.904091 18.6661
-0.623481 0.751802 -0.21463 10.5863 0.778007 0.623734 -0.0752429 6.18554 0.0773034 -0.213896 -0.973793 -14.1584
0.686074 0.724747 0.0636072 4.3647 -0.724479 0.672577 0.150899 21.734 0.0665835 -0.14961 0.9865 16.6864
-0.715358 0.691261 -0.102088 11.5154 0.691156 0.678491 -0.248907 5.56077 -0.102794 -0.248616 -0.963132 -12.9713
0.736819 0.673788 -0.0557448 0.85392 -0.633553 0.716895 0.290986 24.0256 0.236026 -0.179087 0.955101 14.0028
-0.668468 0.735995 0.107064 14.2301 0.63765 0.641241 -0.426865 2.70065 -0.382824 -0.217076 -0.897955 -9.79463
0.693942 0.671754 -0.259212 -2.81339 -0.496758 0.707262 0.503003 26.7432 0.521225 -0.220289 0.824497 8.37251
-0.577963 0.757192 0.304336 16.6152 0.521146 0.629449 -0.57637 1.64494 -0.627986 -0.174517 -0.758404 -7.62008
0.630013 0.664918 -0.401208 -4.49825 -0.380089 0.714536 0.587342 27.2249 0.677212 -0.217538 0.702894 4.28301
-0.492228 0.749541 0.442606 17.5557 0.360127 0.638268 -0.680385 1.83448 -0.792477 -0.17551 -0.584102 -2.88884
0.406645 0.702936 -0.583542 -5.48318 -0.197949 0.691358 0.694868 26.5662 0.891883 -0.167053 0.420282 -3.22936
-0.227806 0.754245 0.615808 17.6344 0.123013 0.649663 -0.750204 2.29088 -0.965905 -0.0951486 -0.240779 3.54222
0.264275 0.710996 -0.651647 -5.81684 -0.0886605 0.690718 0.717669 26.5076 0.960363 -0.131886 0.245576 -3.22921
-0.157893 0.73605 0.658256 17.3942 0.169976 0.676927 -0.716156 2.73638 -0.972716 -0.00118871 -0.231992 4.54824
0.167821 0.719496 -0.673916 -4.80641 -0.135083 0.693946 0.707243 26.4697 0.976518 -0.0276554 0.21365 -4.71512
-0.0870266 0.727426 0.680645 16.4829 0.109675 0.686081 -0.719212 4.10612 -0.99015 0.012059 -0.139487 7.39678
0.102208 0.726003 -0.680055 -5.28893 -0.0938612 0.687624 0.719975 27.2666 0.990325 -0.00975699 0.138424 -4.74486
-0.108127 0.722303 0.683073 16.7019 0.0853441 0.691309 -0.717502 5.08673 -0.990467 -0.0192856 -0.136393 7.58978
0.107275 0.704351 -0.7017 -4.85917 -0.0693857 0.709356 0.701428 26.3573 0.991805 -0.0265576 0.124967 -5.79311
-0.0732593 0.71446 0.695831 17.296 0.0989166 0.699472 -0.707782 4.29661 -0.992395 0.0169773 -0.121914 7.75716
0.11338 0.700556 -0.704533 -4.7305 -0.0536351 0.712388 0.699735 25.8309 0.992103 -0.0415484 0.118344 -6.22611
-0.0539571 0.723594 0.688114 16.8684 0.101885 0.689511 -0.717074 3.50676 -0.993332 0.0314168 -0.110927 8.18926
0.227453 0.689021 -0.688125 -6.14461 -0.176381 0.724109 0.666751 26.5138 0.957682 -0.0302821 0.28623 -0.643967
-0.38627 0.727444 0.567117 17.1344 0.363574 0.685136 -0.631192 3.07673 -0.847708 -0.0376216 -0.529127 -0.621886
0.514907 0.692314 -0.505541 -6.42798 -0.499336 0.721576 0.479575 26.367 0.696803 0.00549818 0.717241 7.42167
-0.593175 0.716697 0.366729 14.9584 0.587496 0.696798 -0.411488 4.6044 -0.550448 -0.0286326 -0.834378 -6.9276
0.6778 0.66107 -0.32183 -5.38504 -0.593097 0.750292 0.292058 23.7577 0.434538 -0.00708066 0.900626 11.3613
-0.694189 0.688886 0.20866 12.9234 0.651615 0.7246 -0.224396 6.47686 -0.305778 -0.0198077 -0.951896 -10.2106
0.776005 0.616142 -0.134857 -4.01264 -0.595605 0.786201 0.164754 21.8239 0.207537 -0.0475291 0.977072 13.6328
-0.771354 0.636144 -0.0183 8.89639 0.634761 0.766974 -0.0939746 8.76939 -0.0457461 -0.0841041 -0.995406 -13.5138
0.702892 0.709503 0.0504992 -0.981142 -0.702879 0.703711 -0.103695 18.0015 -0.109108 0.0373915 0.993326 16.1525
-0.550172 0.824946 -0.129525 5.07046 0.785342 0.563877 0.255504 12.3261 0.283813 0.0388495 -0.958092 -15.4195
0.697077 0.646615 0.309798 2.31865 -0.568397 0.761733 -0.310948 13.6898 -0.437045 0.0406657 0.898519 17.3767
-0.47782 0.794401 -0.374989 0.400776 0.637708 0.607262 0.473879 16.6825 0.604166 -0.0127051 -0.796757 -16.4369
0.493377 0.720914 0.486687 6.60017 -0.43814 0.689338 -0.57693 7.92599 -0.751407 0.0714063 0.655964 16.6823
-0.227086 0.826056 -0.515815 -4.25707 0.435669 0.559866 0.7048 21.8909 0.87099 -0.0646748 -0.487025 -14.48
0.234236 0.772895 0.589719 10.3106 -0.178588 0.630481 -0.755382 2.38203 -0.955636 0.0716199 0.285711 12.5842
0.047084 0.815463 -0.576892 -8.0956 0.0917559 0.571561 0.815414 26.9298 0.994668 -0.0913263 -0.0479128 -8.38178
-0.229181 0.855632 0.464081 11.5851 0.195221 0.507488 -0.839253 -2.48499 -0.953606 -0.101743 -0.283343 0.810843
0.436628 0.817099 -0.37644 -7.66863 -0.439432 0.558825 0.703289 28.4887 0.78502 -0.141656 0.603056 4.42059
-0.467446 0.854407 0.226901 8.93965 0.672335 0.510255 -0.53629 0.0792294 -0.573987 -0.098133 -0.812963 -9.81133
0.602546 0.797574 -0.0285537 -2.49311 -0.75714 0.58258 0.295536 24.3348 0.252347 -0.156455 0.954904 14.7276
-0.506964 0.836051 -0.20978 1.66457 0.856544 0.515886 -0.0139697 8.23323 0.0965426 -0.186768 -0.977649 -17.5532
0.491706 0.746671 0.448005 7.05879 -0.705709 0.643111 -0.297296 13.2855 -0.510098 -0.169979 0.843153 18.0111
-0.11498 0.809894 -0.575197 -7.52105 0.572265 0.527304 0.628065 22.4524 0.811968 -0.25695 -0.524103 -14.0137
-0.0531242 0.776256 0.628176 14.0139 -0.115364 0.620082 -0.776009 1.3825 -0.991902 -0.113694 0.0566109 6.72464
0.385154 0.756213 -0.528961 -9.00763 -0.228755 0.633525 0.739134 29.7865 0.894051 -0.163678 0.416991 2.03979
-0.561596 0.785283 0.260657 11.3277 0.588792 0.600618 -0.540909 2.03757 -0.581322 -0.1503 -0.799672 -12.0059
0.672573 0.738616 0.0457535 0.789682 -0.73246 0.655596 0.183569 22.8523 0.105592 -0.156977 0.981941 16.2332
-0.494748 0.790058 -0.361985 0.260233 0.783992 0.585482 0.206323 14.8557 0.374942 -0.181716 -0.909064 -19.9205
0.432461 0.544288 0.718838 15.129 -0.343422 0.836584 -0.426836 9.41427 -0.833689 -0.0622757 0.548711 13.4725
0.11732 0.593395 -0.796316 -11.3315 0.156655 0.780757 0.604879 26.5294 0.98066 -0.195711 -0.00136065 -6.1635
-0.425782 0.607682 0.670398 18.8613 0.334384 0.79414 -0.507474 5.34898 -0.840772 0.00809638 -0.541328 -6.63604
0.838734 0.494812 -0.22735 -3.73862 -0.418287 0.85275 0.312817 24.4607 0.348658 -0.167273 0.922202 15.0242
-0.699598 0.659497 -0.275004 2.29607 0.658526 0.744466 0.110067 16.1728 0.277319 -0.104096 -0.955122 -20.4127
0.428792 0.45558 0.780119 18.9947 -0.253918 0.8895 -0.379891 10.5843 -0.866985 -0.0351925 0.49709 11.9329
0.185589 0.435816 -0.880694 -11.5695 -0.0593535 0.8996 0.432664 26.5858 0.980833 -0.0280259 0.192823 -1.24047
-0.762429 0.41081 0.499939 18.8334 0.316607 0.910654 -0.265462 13.5382 -0.564325 -0.0441121 -0.824373 -15.9216
0.884018 0.438727 0.161344 7.08136 -0.440148 0.897464 -0.0287745 21.959 -0.157424 -0.0455784 0.986479 17.7942
-0.579402 0.45838 -0.67393 -3.25479 0.35922 0.885841 0.293678 25.1859 0.731611 -0.0719313 -0.677917 -18.0033
0.0633363 0.457166 0.887124 24.3092 -0.0619785 0.888995 -0.453705 12.4489 -0.996066 -0.026247 0.0846401 3.19563
0.568756 0.433411 -0.699051 -7.58239 -0.186174 0.895682 0.403848 29.0973 0.801159 -0.0995464 0.590114 6.67386
-0.865446 0.466847 0.181817 14.3897 0.436471 0.880735 -0.183846 16.0014 -0.245961 -0.0797515 -0.965993 -18.7754
0.802818 0.460553 0.378648 11.9367 -0.435631 0.886703 -0.15487 19.7915 -0.407074 -0.0406185 0.912492 16.9754
-0.39555 0.462789 -0.793327 -5.20286 0.306422 0.880778 0.361023 26.2066 0.865821 -0.10029 -0.4902 -13.6931
-0.130866 0.485334 0.86448 25.0637 -0.00561009 0.871603 -0.490182 11.5523 -0.991384 -0.0689986 -0.111341 0.330575
0.638172 0.436068 -0.634494 -6.17113 -0.259935 0.897777 0.355573 28.5121 0.724687 -0.06199 0.686284 9.26886
-0.87334 0.476767 0.0998588 12.8378 0.455771 0.872141 -0.177888 15.7395 -0.171902 -0.109845 -0.978971 -18.9674
0.813064 0.413716 0.409594 12.1637 -0.391513 0.909268 -0.141245 19.0527 -0.430866 -0.0455209 0.901267 17.1316
-0.446867 0.236661 -0.86273 -7.20921 0.162945 0.969775 0.181624 22.7967 0.879636 -0.0594167 -0.471923 -13.59
-0.141292 0.380148 0.914071 24.5739 -0.276024 0.87159 -0.405146 15.3955 -0.950709 -0.309549 -0.0182187 1.92697
0.666243 0.312452 -0.677123 -8.17195 0.158243 0.828082 0.53781 30.5921 0.728752 -0.465462 0.502261 4.93902
-0.866854 0.450791 0.212963 13.7311 0.312313 0.823945 -0.472838 11.0362 -0.38862 -0.343371 -0.855027 -15.9677
0.877459 0.355851 0.321617 9.36308 -0.438669 0.866555 0.238017 26.942 -0.194 -0.349934 0.916466 16.2011
-0.516837 0.38765 -0.763288 -5.76449 0.550972 0.833026 0.0499935 19.9239 0.655218 -0.394712 -0.644122 -16.349
0.0805631 0.37879 0.92197 22.821 -0.38143 0.866287 -0.322583 17.123 -0.920881 -0.325678 0.214272 5.77465
0.417101 0.336422 -0.844303 -10.3719 0.263549 0.844284 0.466612 28.2803 0.86981 -0.41714 0.263487 -1.33441
-0.767788 0.410669 0.491786 18.8089 0.0652585 0.813704 -0.577606 9.82997 -0.637372 -0.411385 -0.651551 -11.3828
0.910954 0.407192 -0.0660175 1.41331 -0.345645 0.84081 0.416617 29.7594 0.225151 -0.3567 0.906682 12.9722
-0.847703 0.310457 -0.430137 2.73401 0.458751 0.836186 -0.300568 13.246 0.266361 -0.452118 -0.851259 -18.7619
0.586145 0.234076 0.775657 17.193 -0.445623 0.892684 0.0673541 23.7468 -0.67665 -0.38513 0.627551 11.9668
-0.0482503 0.386302 -0.92111 -10.1334 0.617024 0.736715 0.276647 22.6362 0.785464 -0.554999 -0.273904 -10.1448
-0.378146 0.410034 0.829987 22.0862 -0.260934 0.813001 -0.520524 11.651 -0.888211 -0.413406 -0.200441 -1.94144
0.838123 0.343046 -0.424111 -4.49685 0.0212774 0.756347 0.653825 32.0555 0.545067 -0.55701 0.626612 7.80508
-0.925047 0.320356 -0.204113 4.74195 0.377297 0.712648 -0.591423 8.3554 -0.0440057 -0.624105 -0.780101 -15.9028
0.569892 0.463681 0.678399 16.6138 -0.707022 0.697402 0.117268 24.3328 -0.418741 -0.546472 0.725275 12.9528
-0.0321411 0.439616 -0.897611 -10.0742 0.680532 0.667369 0.302484 23.0266 0.732013 -0.60113 -0.320623 -9.47417
-0.445909 0.437972 0.780606 21.5846 -0.31435 0.73993 -0.594717 10.5793 -0.838063 -0.510573 -0.192265 -2.07326
0.810015 0.435621 -0.39257 -3.32104 -0.120841 0.779076 0.615174 32.0871 0.573824 -0.450861 0.683703 9.05541
-0.93739 0.270241 -0.219705 5.3495 0.347968 0.75347 -0.557856 10.0801 0.0147858 -0.599379 -0.800329 -16.2138
0.544589 0.568425 0.616698 15.8628 -0.742436 0.66877 0.0392051 23.6883 -0.390143 -0.479209 0.786223 13.4503
-0.144305 0.291085 -0.945752 -10.5769 0.43624 0.87658 0.203232 23.5988 0.888184 -0.383248 -0.253478 -9.10829
-0.574979 0.427021 0.697893 21.3283 -0.372378 0.622941 -0.687954 8.87721 -0.728515 -0.655439 -0.199164 -3.70569
0.771532 0.542473 -0.332359 -2.10903 -0.33552 0.790818 0.511893 31.7988 0.540523 -0.283429 0.792151 11.9209
-0.910746 -0.0108304 -0.412826 0.66775 0.260858 0.759888 -0.59542 8.6957 0.32015 -0.649965 -0.689238 -16.7509
0.238958 0.65447 0.717335 20.4434 -0.886034 0.449211 -0.114688 21.2576 -0.397294 -0.608177 0.687225 11.9964
0.12089 0.242969 -0.962472 -12.6562 0.228207 0.936811 0.265154 26.906 0.966078 -0.251698 0.0578033 -3.47752
-0.888836 0.214501 0.404922 16.2408 -0.29233 0.41505 -0.861555 4.61988 -0.352867 -0.884151 -0.306205 -8.2312
0.757133 0.64527 0.101871 6.87992 -0.590625 0.60953 0.528807 32.9578 0.27913 -0.460545 0.842606 13.6839
-0.58226 0.0823439 -0.808822 -9.04845 0.559078 0.762844 -0.32481 13.5021 0.590258 -0.641318 -0.49021 -13.2721
-0.371174 0.571944 0.731513 22.0326 -0.832175 0.14462 -0.535323 10.8401 -0.411965 -0.807444 0.422278 6.83102
0.663529 0.624801 -0.411527 -2.58967 -0.0073593 0.555483 0.831496 38.8719 0.748115 -0.548693 0.373176 4.99104
-0.769617 0.484749 -0.415582 -1.67286 0.633873 0.501783 -0.588574 8.59499 -0.0767792 -0.716403 -0.693449 -17.32
0.0492656 0.463986 0.884472 26.9716 -0.804486 0.543249 -0.240173 15.9083 -0.591924 -0.699713 0.400034 5.49303
0.755835 0.477033 -0.448501 -0.45735 0.152927 0.537423 0.829331 40.9878 0.636653 -0.695425 0.333252 4.29548
-0.729024 0.514989 -0.450902 -1.19018 0.684284 0.532212 -0.498504 13.6143 -0.0167491 -0.671966 -0.740393 -19.9513
-0.0944811 0.532504 0.841138 28.3641 -0.720847 0.546154 -0.426726 13.8168 -0.686624 -0.646649 0.332253 2.23063
0.814243 0.490003 -0.311297 3.95952 -0.014858 0.553649 0.832618 42.1494 0.580335 -0.673328 0.458085 5.4973
-0.613604 0.523017 -0.591561 -3.34639 0.778984 0.523479 -0.345187 17.2946 0.129131 -0.672625 -0.72863 -21.7694
-0.142207 0.496558 0.856276 27.5195 -0.572616 0.664354 -0.480359 13.2628 -0.807395 -0.558628 0.189861 -1.93079
0.715464 0.568742 -0.405765 2.52357 -0.161141 0.699461 0.696268 39.5102 0.679813 -0.432769 0.592085 4.04255
-0.696021 0.648276 -0.308698 5.96118 0.717161 0.648702 -0.254689 19.4018 0.0351434 -0.398655 -0.916428 -26.6649
0.201916 0.649813 0.732785 26.229 -0.588225 0.678682 -0.439753 16.978 -0.783084 -0.342249 0.519273 3.38046
0.542964 0.615071 -0.571733 -1.91999 0.0418383 0.660173 0.749948 41.4998 0.838714 -0.431115 0.332715 -1.70549
-0.740362 0.663052 -0.110581 8.41961 0.617832 0.606384 -0.500583 14.1657 -0.264858 -0.438933 -0.858597 -26.0738
0.425485 0.614229 0.664595 23.7081 -0.719473 0.675055 -0.163278 22.2106 -0.548927 -0.408686 0.729147 7.8004
0.277457 0.634431 -0.721469 -3.9889 0.431569 0.588618 0.683577 37.6448 0.858351 -0.501027 -0.110485 -10.8144
-0.649728 0.686054 0.327391 18.2834 0.260626 0.605622 -0.751862 8.89622 -0.714093 -0.403179 -0.572292 -17.2863
0.742148 0.598421 0.301844 15.3789 -0.670132 0.654558 0.349969 32.2579 0.0118548 -0.462004 0.886798 10.9598
-0.199973 0.676217 -0.709044 -4.5789 0.768502 0.557155 0.314618 29.134 0.607795 -0.481986 -0.631089 -21.2341
-0.31771 0.659561 0.681206 24.2775 -0.230476 0.643164 -0.73022 9.04625 -0.91975 -0.389 -0.0523264 -6.42152
0.786059 0.581768 -0.208948 3.27982 -0.297163 0.652036 0.697527 38.41 0.54204 -0.486206 0.685417 6.75509
-0.622228 0.669711 -0.405365 1.13464 0.778243 0.585202 -0.227766 17.0225 0.0846819 -0.457195 -0.885326 -25.282
0.114448 0.663446 0.73942 24.6128 -0.67457 0.598305 -0.43242 14.7726 -0.729285 -0.449301 0.516016 4.59208
0.496972 0.659884 -0.563537 -2.61862 0.122247 0.589695 0.798321 40.0203 0.859113 -0.465633 0.212392 -3.57276
-0.71843 0.689386 -0.0927745 6.94094 0.641365 0.604867 -0.472004 14.0747 -0.269277 -0.398604 -0.876701 -28.0093
0.312966 0.655501 0.687293 24.8267 -0.69557 0.650933 -0.304088 16.2964 -0.646711 -0.382891 0.659666 4.61184
0.531368 0.650019 -0.543255 -1.7476 0.0344094 0.624189 0.780515 41.5459 0.846443 -0.433434 0.309306 0.203641
-0.690333 0.656558 -0.303931 0.0367613 0.722848 0.643644 -0.251426 21.5419 0.0305461 -0.393263 -0.918918 -30.4485
-0.129963 0.452294 0.88235 31.6185 -0.380919 0.798831 -0.465587 12.9037 -0.915429 -0.396613 0.0684695 -12.6633
0.946126 0.309263 0.0959335 18.5069 -0.291199 0.683107 0.669752 40.2417 0.141597 -0.661606 0.736361 9.00711
0.0788504 0.706181 -0.703628 -6.03756 0.800684 0.375619 0.466708 41.9617 0.593875 -0.600183 -0.53581 -19.269
-0.602624 0.758344 0.248516 13.081 0.535052 0.614999 -0.57922 13.3935 -0.592085 -0.216083 -0.776365 -34.8853
0.174219 0.813339 0.555095 28.8378 -0.659601 0.51495 -0.547498 6.76198 -0.731145 -0.270757 0.626193 -1.28619
0.520073 0.84678 -0.111756 16.6995 -0.545672 0.430062 0.719229 40.4208 0.65709 -0.313069 0.685726 10.3688
-0.0372464 0.843591 -0.535694 0.41976 0.591918 0.450531 0.668323 53.0566 0.805137 -0.292194 -0.516118 -20.9669
-0.541877 0.840308 -0.0159233 9.88469 0.758955 0.481102 -0.43878 25.9104 -0.36105 -0.24985 -0.898453 -45.1372
-0.211212 0.83128 0.514164 31.6415 -0.217019 0.47302 -0.853906 1.07227 -0.953044 -0.291938 0.0804971 -26.4988
0.251794 0.849569 0.463502 43.5665 -0.845873 0.425891 -0.321117 4.78194 -0.470211 -0.311209 0.825864 8.76788
0.448544 0.878079 0.166692 42.4041 -0.849031 0.360356 0.386383 32.5429 0.279207 -0.314837 0.90715 33.9284
0.370233 0.902675 -0.219335 29.226 -0.298649 0.339241 0.892035 68.4422 0.879623 -0.264756 0.39518 31.4996
0.11567 0.866873 -0.484926 11.8695 0.487371 0.375863 0.788161 86.4497 0.865499 -0.327506 -0.379013 2.2223
-0.234792 0.812552 -0.533511 -0.362461 0.939192 0.331123 0.0909818 71.9803 0.250584 -0.479707 -0.840886 -31.7287
-0.486717 0.8147 -0.315233 -0.0563703 0.721388 0.17134 -0.671001 35.1488 -0.492653 -0.553993 -0.671108 -45.6491
-0.506384 0.862156 -0.0162417 11.4555 0.0284735 -0.00210652 -0.999593 0.704868 -0.861838 -0.506639 -0.0234811 -29.4342
-0.288312 0.936437 0.19991 25.9693 -0.68387 -0.0552418 -0.72751 -8.98184 -0.670223 -0.346462 0.656328 6.12269
0.0443234 0.993453 0.1053 30.2176 -0.995304 0.0529938 -0.0810179 10.2876 -0.0860667 -0.101214 0.991135 40.3824
0.235253 0.953929 -0.186217 20.5972 -0.780095 0.299605 0.549263 45.9324 0.579749 0.016051 0.814637 54.2149
0.279709 0.705662 -0.651004 -5.60189 -0.0813041 0.693043 0.716298 72.2261 0.956636 -0.147426 0.251222 41.0354
-0.0274695 0.453638 -0.890764 -32.688 0.594205 0.723986 0.350379 70.952 0.803844 -0.519671 -0.289442 12.4445
-0.433454 0.251903 -0.865254 -49.7273 0.891754 0.258379 -0.371507 38.7669 0.129979 -0.932623 -0.33663 -2.87127
-0.730328 0.336683 -0.594363 -50.6974 0.433667 -0.443744 -0.784236 2.77579 -0.527783 -0.830503 0.17807 13.755
-0.735023 0.63086 -0.248513 -39.9807 -0.364716 -0.676829 -0.639442 -9.88522 -0.571598 -0.379367 0.727569 49.6883
-0.437472 0.887171 -0.146789 -32.4756 -0.891388 -0.449354 -0.0592515 9.05352 -0.118526 0.104926 0.987392 83.5715
-0.0832606 0.968117 -0.236261 -36.2185 -0.858314 0.0507926 0.510606 45.7248 0.506327 0.245299 0.826717 97.0867
0.298815 0.723224 -0.622622 -61.5559 -0.231271 0.687863 0.688012 73.4082 0.925864 -0.0615946 0.372803 85.9763
0.209413 0.645037 -0.734898 -88.3578 0.297562 0.673881 0.676272 87.9724 0.931452 -0.360298 -0.0508194 61.362
0.0633583 0.696827 -0.714436 -110.739 0.673639 0.498328 0.545785 89.1493 0.736339 -0.515852 -0.437837 29.6412
-0.0736298 0.769504 -0.634385 -127.092 0.931162 0.280817 0.232553 74.4187 0.357095 -0.573591 -0.737208 -1.80434
-0.2009 0.821856 -0.533098 -137.051 0.966949 0.0791515 -0.242375 43.9018 -0.157003 -0.564171 -0.810593 -23.1159
-0.288712 0.91809 -0.271585 -136.721 0.827178 0.0963545 -0.55362 7.29536 -0.482104 -0.384485 -0.78724 -35.397
-0.205306 0.976934 -0.0587548 -131.857 0.564815 0.0692428 -0.822308 -30.911 -0.799271 -0.20201 -0.566001 -32.7068
-0.0569213 0.982979 0.174685 -123.742 0.0441691 0.177277 -0.98317 -60.7245 -0.997401 -0.0482476 -0.053507 -9.70902
0.156621 0.915324 0.371017 -115.057 -0.487889 0.398321 -0.776728 -72.0381 -0.858739 -0.0593637 0.508962 25.8952
0.445014 0.810216 0.381464 -113.302 -0.773566 0.562397 -0.292072 -61.3597 -0.451174 -0.165111 0.877029 61.9706
0.698882 0.699625 0.148626 -124.306 -0.703007 0.633672 0.322868 -34.6957 0.131707 -0.330132 0.934701 85.6438
0.678813 0.656833 -0.328306 -148.161 -0.288496 0.649695 0.703326 -7.35172 0.675266 -0.382712 0.630514 88.0159
0.443216 0.633968 -0.633756 -175.956 0.256811 0.587555 0.767352 9.73331 0.858841 -0.502858 0.097602 70.4505
-0.0605958 0.639869 -0.766093 -196.198 0.729467 0.552272 0.403578 5.88877 0.681327 -0.534384 -0.500228 39.934
-0.393977 0.712204 -0.580991 -203.348 0.887871 0.458331 -0.040235 -14.4118 0.237629 -0.531696 -0.812915 10.2751
-0.644896 0.74537 -0.168925 -193.748 0.672588 0.44853 -0.588598 -44.3509 -0.362956 -0.493201 -0.790579 -5.28736
-0.450948 0.797845 0.400114 -172.717 0.212098 0.53123 -0.82025 -71.0406 -0.866984 -0.285026 -0.408777 -1.03697
0.125537 0.777137 0.616685 -155.582 -0.358073 0.615195 -0.702367 -83.3393 -0.925215 -0.132646 0.355502 27.8153
0.681565 0.595331 0.425503 -155.698 -0.628193 0.774237 -0.0770211 -70.9445 -0.375292 -0.214804 0.901674 62.123
0.838068 0.441158 -0.320975 -182.881 -0.284682 0.855503 0.432519 -49.5731 0.465404 -0.271105 0.842556 77.4379
0.491292 0.33305 -0.804806 -217.705 0.206639 0.853058 0.47916 -37.2713 0.846128 -0.401711 0.350278 69.2084
-0.0748504 0.346753 -0.934966 -243.279 0.603344 0.762257 0.234398 -41.6727 0.79396 -0.546561 -0.266266 42.6138
-0.566711 0.44183 -0.695433 -249.99 0.739723 0.644552 -0.1933 -62.4779 0.362835 -0.623972 -0.692105 12.4443
-0.801888 0.479974 -0.355813 -240.837 0.591292 0.552054 -0.587888 -91.4956 -0.0857436 -0.681809 -0.726488 -8.40213
-0.77868 0.62723 -0.0155937 -221.858 0.4111 0.491273 -0.767886 -121.747 -0.47398 -0.604347 -0.640397 -17.5811
-0.568175 0.755845 0.325389 -197.451 0.174057 0.496851 -0.850203 -148.944 -0.80429 -0.426427 -0.413857 -12.0862
-0.293037 0.803704 0.517872 -173.316 -0.0239712 0.535304 -0.84432 -171.64 -0.955801 -0.259831 -0.137597 5.99309
-0.00431292 0.800266 0.599632 -153.907 -0.220728 0.584085 -0.781105 -187.859 -0.975326 -0.135724 0.174123 34.1639
0.214818 0.830756 0.513517 -142.125 -0.433146 0.552294 -0.71229 -197.088 -0.87535 -0.0694156 0.478481 69.4749
0.50466 0.76017 0.409222 -140.693 -0.5637 0.649162 -0.510717 -196.849 -0.653881 0.0270593 0.756113 108.096
0.733181 0.649756 0.200662 -151.569 -0.592703 0.755234 -0.279867 -188.236 -0.33339 0.0862592 0.938834 144.214
0.839715 0.534955 -0.0932925 -174.135 -0.541243 0.83843 -0.0639708 -174.181 0.0439985 0.10421 0.993582 172.494
0.77746 0.420098 -0.468055 -206.985 -0.39865 0.904772 0.149892 -156.979 0.486452 0.0700538 0.870894 186.027
0.512242 0.325036 -0.79496 -243.377 -0.177627 0.945701 0.272213 -141.484 0.840272 0.00176666 0.542161 180.462
0.117131 0.278863 -0.953162 -274.636 0.117303 0.949165 0.292108 -132.924 0.986164 -0.146025 0.0784644 156.102
-0.322539 0.311603 -0.893798 -291.938 0.397341 0.90161 0.17094 -135.687 0.859121 -0.300008 -0.414617 119.34
-0.589527 0.344785 -0.730468 -296.432 0.534793 0.844336 -0.0330766 -148.572 0.605354 -0.410149 -0.682147 81.2018
-0.766663 0.444644 -0.463164 -287.419 0.596916 0.759311 -0.259111 -170.229 0.236472 -0.475121 -0.84755 47.8842
-0.797655 0.582401 -0.156707 -267.447 0.58053 0.670977 -0.461276 -197.553 -0.163502 -0.458912 -0.873308 25.6764
-0.704561 0.699783 0.117896 -241.274 0.484568 0.595785 -0.640496 -227.808 -0.518448 -0.39414 -0.758858 17.2201
-0.532555 0.801014 0.27343 -214.602 0.37507 0.512943 -0.772149 -259.352 -0.758755 -0.308656 -0.573604 21.7445
-0.293523 0.866462 0.403844 -190.763 0.181076 0.465198 -0.866489 -288.19 -0.938646 -0.181209 -0.29344 40.4709
-0.0138148 0.882605 0.469914 -172.913 -0.0556251 0.468553 -0.881683 -310.748 -0.998356 -0.0383195 0.0426233 71.6043
0.317294 0.86798 0.382018 -167.695 -0.296817 0.47349 -0.829282 -324.402 -0.900679 0.149736 0.407867 111.466
0.575837 0.795355 0.189274 -176.384 -0.495482 0.523652 -0.693028 -327.459 -0.650315 0.305288 0.695622 152.591
