1 0 0 0 0 1 0 0 0 0 1 0
0.999999 -4.4779e-06 0.00154745 -0.00838294 9.29718e-06 0.999995 -0.00311434 -0.0036045 -0.00154743 0.00311435 0.999994 0.966501
0.999997 -0.00179986 0.00157349 -0.01168 0.00180599 0.999991 -0.00390372 -0.0284361 -0.00156645 0.00390655 0.999991 1.94483
0.999994 -0.0025436 0.00248466 -0.0156202 0.00254346 0.999997 6.08875e-05 -0.0266972 -0.0024848 -5.45676e-05 0.999997 2.90593
0.999986 -0.00518486 0.00061161 -0.00979129 0.00518199 0.999976 0.0045974 -0.027345 -0.000635433 -0.00459417 0.999989 3.87543
0.999975 -0.00707351 -0.000367633 -0.0144296 0.00707556 0.999958 0.00592136 -0.0468835 0.000325732 -0.00592381 0.999982 4.82015
0.999948 -0.0102266 -0.000232431 -0.0130973 0.0102273 0.999942 0.00341424 -0.0531328 0.000197501 -0.00341644 0.999994 5.7691
0.999955 -0.0093495 -0.001504 -0.0112358 0.00935104 0.999956 0.00102518 -0.0585506 0.00149435 -0.0010392 0.999998 6.69614
0.999955 -0.00923815 -0.00212468 -0.021736 0.00923875 0.999957 0.000271542 -0.0670842 0.00212208 -0.00029116 0.999998 7.62411
0.999962 -0.00846965 -0.00220138 -0.0241551 0.00847222 0.999964 0.00115696 -0.0763808 0.0021915 -0.00117557 0.999997 8.56924
0.999954 -0.00865379 -0.00409335 -0.0292629 0.00866952 0.999955 0.00384199 -0.0846305 0.00405992 -0.0038773 0.999984 9.48974
0.999947 -0.00946426 -0.00393945 -0.0525737 0.00948508 0.999941 0.00529948 -0.0931287 0.00388906 -0.00533657 0.999978 10.4148
0.999953 -0.00932621 -0.00282288 -0.0637487 0.00934489 0.999934 0.00667778 -0.103611 0.00276042 -0.00670385 0.999974 11.3575
0.999946 -0.00930716 -0.00464257 -0.0633409 0.00933905 0.999933 0.00689668 -0.110077 0.00457807 -0.00693966 0.999965 12.2648
0.999946 -0.00926578 -0.00482079 -0.0851627 0.00929063 0.999944 0.00515732 -0.108887 0.00477273 -0.00520183 0.999975 13.1888
0.999943 -0.00939769 -0.00515044 -0.0920858 0.0094204 0.999946 0.00440378 -0.109171 0.00510877 -0.00445205 0.999977 14.0959
0.999913 -0.0107153 -0.00770778 -0.108827 0.0107307 0.999941 0.00196385 -0.116479 0.00768628 -0.00204639 0.999968 15.0181
0.999905 -0.0101469 -0.00938887 -0.124395 0.0101626 0.999947 0.00163446 -0.123841 0.00937179 -0.00172972 0.999954 15.9167
0.99994 -0.00701155 -0.00839819 -0.160946 0.00700466 0.999975 -0.000849689 -0.154855 0.00840394 0.000790809 0.999964 16.8003
0.999926 -0.00531123 -0.0109064 -0.179771 0.00529505 0.999985 -0.00151209 -0.163446 0.0109143 0.00145423 0.999939 17.7007
0.999897 -0.00675207 -0.0126479 -0.200485 0.00674782 0.999977 -0.000378222 -0.16616 0.0126501 0.000292835 0.99992 18.6008
0.99989 -0.00630189 -0.013419 -0.216683 0.00630803 0.99998 0.000415149 -0.181455 0.0134161 -0.000499753 0.99991 19.4853
0.999855 -0.00617462 -0.0158667 -0.23727 0.00619134 0.999981 0.00100518 -0.189101 0.0158602 -0.00110328 0.999874 20.3722
0.999818 -0.00641234 -0.0179924 -0.247409 0.00642348 0.999979 0.000561585 -0.223722 0.0179884 -0.000677058 0.999838 21.2466
0.999804 -0.0060137 -0.0188775 -0.268166 0.0060269 0.999982 0.000642449 -0.232031 0.0188733 -0.000756097 0.999821 22.1091
0.999763 -0.00543279 -0.0210759 -0.285845 0.00544967 0.999985 0.000743675 -0.250401 0.0210715 -0.000858357 0.999777 22.9784
0.999747 -0.00499791 -0.0219348 -0.310896 0.00504893 0.999985 0.00227167 -0.263364 0.0219231 -0.00238184 0.999757 23.8324
0.999677 -0.00604819 -0.02469 -0.336085 0.00618674 0.999966 0.00553922 -0.272837 0.0246556 -0.00569018 0.99968 24.7129
0.999631 -0.0067894 -0.0262961 -0.360947 0.00697062 0.999953 0.00680575 -0.27761 0.0262487 -0.00698654 0.999631 25.5624
0.999639 -0.00589479 -0.026211 -0.384355 0.00606054 0.999962 0.0062487 -0.290926 0.0261732 -0.0064053 0.999637 26.3889
0.999601 -0.00484643 -0.0278188 -0.407847 0.00496825 0.999979 0.00431167 -0.294298 0.0277973 -0.00444816 0.999604 27.2162
0.999561 -0.00360894 -0.0294247 -0.441388 0.00369253 0.99999 0.00278719 -0.300557 0.0294143 -0.00289462 0.999563 28.0284
0.999518 -0.0029911 -0.0309067 -0.469175 0.00307924 0.999992 0.00280487 -0.299327 0.030898 -0.00289869 0.999518 28.8352
0.999457 -0.0031568 -0.032792 -0.495313 0.00325293 0.999991 0.00287837 -0.307981 0.0327826 -0.00298348 0.999458 29.6276
0.999349 -0.00182813 -0.0360431 -0.523414 0.00189991 0.999996 0.00195748 -0.328391 0.0360394 -0.00202469 0.999348 30.436
0.999301 -0.00153529 -0.0373423 -0.554687 0.00161962 0.999996 0.00222839 -0.335701 0.0373387 -0.00228731 0.9993 31.2011
0.999219 -0.00188263 -0.0394751 -0.587516 0.0020754 0.999986 0.00484294 -0.340128 0.0394655 -0.00492109 0.999209 31.9691
0.999119 -0.00335071 -0.0418434 -0.625224 0.00361859 0.999974 0.00632778 -0.334931 0.0418211 -0.00647362 0.999104 32.7247
0.999057 -0.00271768 -0.043344 -0.662557 0.00303818 0.999969 0.00733022 -0.340467 0.0433227 -0.00745499 0.999033 33.4652
0.998941 -0.00249107 -0.045948 -0.699724 0.00285111 0.999966 0.00777188 -0.340818 0.0459271 -0.00789465 0.998913 34.2137
0.99889 -0.000435658 -0.0471059 -0.74281 0.000783718 0.999973 0.00737072 -0.341156 0.0471014 -0.00739946 0.998863 34.9286
0.998727 0.000824585 -0.050434 -0.795911 -0.000477345 0.999976 0.00689676 -0.345805 0.0504384 -0.00686391 0.998703 35.6483
0.998659 0.00181866 -0.051732 -0.851396 -0.00140149 0.999967 0.00809915 -0.352805 0.0517449 -0.00801579 0.998628 36.3577
0.998621 0.00260727 -0.0524263 -0.89615 -0.00214409 0.999959 0.00888938 -0.357879 0.0524473 -0.00876471 0.998585 37.0474
0.998566 0.00396719 -0.0533776 -0.93508 -0.00347637 0.999951 0.00928518 -0.36052 0.0534118 -0.00908631 0.998531 37.735
0.99861 0.00635189 -0.052313 -0.983285 -0.00593255 0.999949 0.00816755 -0.361951 0.0523622 -0.00784585 0.998597 38.4089
0.998727 0.00750927 -0.0498788 -1.02163 -0.00720183 0.999954 0.00634075 -0.356715 0.0499241 -0.00597346 0.998735 39.0605
0.998783 0.00711072 -0.0487967 -1.06148 -0.00687481 0.999964 0.00500076 -0.358588 0.0488305 -0.00465922 0.998796 39.7089
0.998894 0.00802237 -0.0463286 -1.0943 -0.0077662 0.999954 0.00570704 -0.356833 0.0463722 -0.00534093 0.99891 40.3597
0.999006 0.0119153 -0.0429602 -1.12586 -0.0115871 0.999902 0.00787904 -0.371789 0.0430499 -0.00737342 0.999046 41.001
0.999099 0.0157103 -0.0394211 -1.1658 -0.0152613 0.999816 0.0116656 -0.382675 0.0395971 -0.0110535 0.999154 41.6367
0.999172 0.0202825 -0.0352591 -1.19995 -0.0198625 0.999728 0.012223 -0.385349 0.0354974 -0.0115126 0.999303 42.2447
0.999292 0.0233709 -0.0294891 -1.22273 -0.0230053 0.999655 0.0126792 -0.378327 0.0297752 -0.0119918 0.999485 42.8329
0.999347 0.0268159 -0.0242281 -1.24909 -0.0264773 0.999549 0.0141901 -0.387484 0.0245976 -0.0135393 0.999606 43.4085
0.999397 0.0299495 -0.0175659 -1.25791 -0.0296949 0.999453 0.0145809 -0.369645 0.0179929 -0.0140505 0.999739 43.9551
0.999426 0.0324802 -0.00958739 -1.27044 -0.0323363 0.999368 0.0148048 -0.36303 0.0100622 -0.0144863 0.999844 44.4899
0.999359 0.0357138 -0.002566 -1.27968 -0.0356725 0.999256 0.0146609 -0.380287 0.00308767 -0.01456 0.999889 45.0068
0.999249 0.038417 0.00505473 -1.28226 -0.0384834 0.999165 0.0137652 -0.374849 -0.00452171 -0.0139494 0.999892 45.4964
0.999026 0.0420565 0.0133353 -1.28216 -0.0422236 0.99903 0.0125029 -0.370812 -0.0127966 -0.0130538 0.999833 45.9699
0.998852 0.043135 0.0208458 -1.2827 -0.043361 0.999004 0.010516 -0.374438 -0.0203714 -0.0114078 0.999727 46.4141
0.998601 0.043993 0.0293171 -1.26528 -0.0442923 0.998973 0.00963817 -0.370801 -0.0288629 -0.0109232 0.999524 46.8339
0.998356 0.0439567 0.0367752 -1.24842 -0.0443345 0.998972 0.00952008 -0.391254 -0.0363189 -0.0111348 0.999278 47.2403
0.997986 0.0448869 0.0448154 -1.23636 -0.0453725 0.998922 0.00987772 -0.389886 -0.0443237 -0.0118912 0.998946 47.6153
0.997409 0.0472123 0.0542739 -1.22411 -0.0477867 0.998814 0.00933478 -0.405765 -0.0537689 -0.0119042 0.998482 47.9822
0.996724 0.0511872 0.062623 -1.21113 -0.0518468 0.998615 0.0089518 -0.402853 -0.0620781 -0.0121693 0.997997 48.3122
0.995982 0.0540013 0.0714461 -1.19363 -0.0547759 0.998459 0.00892522 -0.406386 -0.070854 -0.0128029 0.997404 48.6318
0.995257 0.0537149 0.0811014 -1.16149 -0.0546262 0.998466 0.00905824 -0.417226 -0.0804904 -0.0134455 0.996664 48.9206
0.994427 0.0527498 0.0912788 -1.13644 -0.0536958 0.998526 0.007937 -0.415706 -0.0907256 -0.0127941 0.995794 49.1928
0.9933 0.052669 0.102864 -1.10068 -0.0534658 0.998558 0.00500221 -0.410257 -0.102452 -0.0104684 0.994683 49.472
0.991802 0.0533599 0.116107 -1.05978 -0.0539042 0.998545 0.00155047 -0.412124 -0.115855 -0.00779641 0.993235 49.7374
0.989852 0.0543803 0.131287 -1.02956 -0.0548787 0.998494 0.00017811 -0.418063 -0.13108 -0.00738117 0.991344 49.9996
0.98745 0.0552185 0.147965 -0.985708 -0.0557204 0.998447 -0.000754596 -0.418501 -0.147777 -0.00749955 0.988992 50.2676
0.984773 0.0551672 0.164857 -0.936595 -0.0556663 0.998449 -0.00159495 -0.423927 -0.164689 -0.00760629 0.986316 50.5139
0.981618 0.05494 0.182778 -0.873747 -0.0553743 0.998462 -0.00273085 -0.431471 -0.182647 -0.00744057 0.98315 50.7742
0.977845 0.0538333 0.202287 -0.801816 -0.054311 0.998519 -0.00319253 -0.430723 -0.202159 -0.00786458 0.979321 51.0296
0.973486 0.0539673 0.22229 -0.735384 -0.0544052 0.998511 -0.00415759 -0.435969 -0.222183 -0.00804638 0.974972 51.2705
0.968356 0.0554258 0.24334 -0.669129 -0.0558308 0.998427 -0.00523763 -0.431534 -0.243247 -0.00851396 0.969927 51.5219
0.962176 0.0563485 0.266536 -0.581392 -0.0565121 0.998377 -0.00706259 -0.435701 -0.266501 -0.00826705 0.963799 51.765
0.955269 0.0570241 0.290186 -0.508215 -0.0572366 0.998331 -0.00776234 -0.450448 -0.290145 -0.00919416 0.956939 52.0177
0.947151 0.0581496 0.315472 -0.411844 -0.0583489 0.998258 -0.00882183 -0.448349 -0.315435 -0.0100518 0.948894 52.2793
0.937602 0.0596542 0.342555 -0.316581 -0.0599337 0.998155 -0.00978001 -0.451392 -0.342506 -0.0113608 0.939447 52.5435
0.926908 0.059691 0.370509 -0.21266 -0.0598771 0.998146 -0.0110111 -0.460425 -0.370479 -0.0119787 0.928763 52.7945
0.914354 0.0595318 0.400514 -0.0885746 -0.0594021 0.998153 -0.0127516 -0.475595 -0.400533 -0.0121319 0.916202 53.0267
0.899518 0.0572829 0.433112 0.0521521 -0.0562546 0.998301 -0.0152005 -0.481434 -0.433246 -0.0106914 0.901212 53.269
0.882615 0.0562456 0.466718 0.197409 -0.0537998 0.998379 -0.0185763 -0.493672 -0.467006 -0.00871359 0.884211 53.5012
0.863301 0.0568966 0.501471 0.361291 -0.0532899 0.998348 -0.0215312 -0.495794 -0.501867 -0.00813541 0.864906 53.7468
0.841833 0.0590396 0.536499 0.539393 -0.0538426 0.998228 -0.0253655 -0.514242 -0.537045 -0.00753294 0.84352 53.9814
0.817852 0.0607684 0.57221 0.73261 -0.0542688 0.998122 -0.0284343 -0.516786 -0.572863 -0.00779805 0.819614 54.2314
0.79107 0.0630574 0.608467 0.939439 -0.0559784 0.997962 -0.0306443 -0.535575 -0.609159 -0.00981922 0.792987 54.4887
0.761741 0.0658814 0.644522 1.15352 -0.0582994 0.997751 -0.0330852 -0.542721 -0.645252 -0.0123728 0.763869 54.7262
0.729472 0.0659779 0.68082 1.39992 -0.057537 0.997729 -0.0350406 -0.562288 -0.681585 -0.0136112 0.731612 54.9668
0.69353 0.0643082 0.717552 1.68894 -0.0549631 0.997829 -0.036304 -0.602089 -0.718328 -0.014261 0.695558 55.2182
0.655278 0.0627984 0.752772 1.98044 -0.052702 0.997911 -0.0373722 -0.620212 -0.753546 -0.0151834 0.657219 55.4463
0.613531 0.0620669 0.787227 2.30898 -0.0507354 0.997946 -0.0391394 -0.633851 -0.788039 -0.0159271 0.61542 55.6825
0.568195 0.0614721 0.820594 2.6543 -0.0481222 0.997982 -0.0414397 -0.658901 -0.821485 -0.015943 0.570006 55.8942
0.521287 0.0600508 0.851266 3.03371 -0.045145 0.998066 -0.0427611 -0.693409 -0.852186 -0.0161396 0.522989 56.1112
0.473086 0.057596 0.879131 3.44664 -0.0437444 0.998166 -0.0418544 -0.71558 -0.879929 -0.0186563 0.474739 56.325
0.424468 0.0554164 0.903745 3.86199 -0.0431562 0.99823 -0.0409406 -0.737939 -0.904414 -0.0216242 0.426108 56.5116
0.375167 0.0548435 0.925333 4.30676 -0.0446436 0.998159 -0.0410595 -0.768336 -0.925881 -0.025906 0.376925 56.6784
0.325838 0.0544896 0.943854 4.76466 -0.0423962 0.998176 -0.0429896 -0.775705 -0.944474 -0.0260082 0.327554 56.8256
0.27897 0.0506961 0.95896 5.23549 -0.0346342 0.998488 -0.0427104 -0.7997 -0.959675 -0.0212979 0.280304 56.9328
0.234878 0.0451966 0.970973 5.72584 -0.0215332 0.998916 -0.0412883 -0.831791 -0.971786 -0.0112104 0.235597 57.0175
0.19316 0.0430391 0.980222 6.2413 -0.0139649 0.999058 -0.0411141 -0.863213 -0.981068 -0.00574712 0.193579 57.0893
0.154899 0.0449711 0.986906 6.75776 -0.0114214 0.998979 -0.0437285 -0.864154 -0.987864 -0.00449833 0.155255 57.157
0.121766 0.0448867 0.991543 7.28921 -0.00452266 0.998992 -0.0446685 -0.898639 -0.992548 0.000954716 0.121847 57.2038
0.0925797 0.0433109 0.994762 7.83477 0.00209945 0.999043 -0.0436927 -0.924196 -0.995703 0.00613351 0.0924005 57.2398
0.0676586 0.0414196 0.996848 8.4168 0.00679838 0.999096 -0.0419744 -0.947323 -0.997685 0.00961687 0.0673161 57.2677
0.0475143 0.0407358 0.998039 8.98442 0.0106777 0.999091 -0.0412871 -0.976796 -0.998813 0.0126185 0.0470364 57.2835
0.0311855 0.0414354 0.998654 9.5633 0.011799 0.999056 -0.0418206 -0.994475 -0.999444 0.0130874 0.0306675 57.2995
0.0179778 0.0415413 0.998975 10.1595 0.012398 0.999051 -0.0417675 -1.01199 -0.999761 0.0131362 0.017446 57.3036
0.00616829 0.0424095 0.999081 10.7603 0.0128578 0.999015 -0.042486 -1.03399 -0.999898 0.013108 0.00561722 57.3041
-0.00265653 0.0442141 0.999018 11.3721 0.017689 0.998869 -0.0441604 -1.05532 -0.99984 0.0175543 -0.00343533 57.2946
-0.00976124 0.0454903 0.998917 11.9847 0.0209899 0.998755 -0.0452778 -1.08905 -0.999732 0.0205252 -0.0107036 57.284
-0.014056 0.0452901 0.998874 12.6284 0.0203938 0.99878 -0.0449988 -1.12637 -0.999693 0.0197384 -0.0149621 57.2737
-0.0183186 0.0431318 0.998901 13.2679 0.0178908 0.998924 -0.0428047 -1.15267 -0.999672 0.017087 -0.0190702 57.2691
-0.0203226 0.0372935 0.999097 13.9456 0.0155213 0.999196 -0.0369815 -1.17583 -0.999673 0.0147557 -0.0208848 57.2648
-0.0218329 0.032075 0.999247 14.6195 0.0167439 0.999358 -0.0317126 -1.20133 -0.999621 0.0160389 -0.0223556 57.2532
-0.0220392 0.0303635 0.999296 15.3006 0.0199316 0.999354 -0.0299257 -1.21798 -0.999558 0.019258 -0.0226298 57.2329
-0.0218145 0.031723 0.999258 15.9928 0.0222854 0.999264 -0.0312366 -1.24085 -0.999513 0.0215875 -0.0225051 57.2211
-0.02021 0.0381943 0.999066 16.6893 0.0217981 0.99905 -0.0377528 -1.25978 -0.999558 0.0210147 -0.0210231 57.206
-0.0175521 0.0455667 0.998807 17.403 0.022033 0.998737 -0.0451763 -1.2938 -0.999603 0.0212137 -0.0185336 57.1889
-0.0154378 0.0467694 0.998786 18.1188 0.0223229 0.998673 -0.046419 -1.30345 -0.999631 0.0215792 -0.016461 57.1797
-0.0125886 0.0435715 0.998971 18.854 0.0222957 0.998815 -0.0432837 -1.35211 -0.999672 0.0217279 -0.0135449 57.1731
-0.0100367 0.0387596 0.999198 19.5927 0.0216701 0.999023 -0.0385351 -1.41382 -0.999714 0.0212659 -0.0108665 57.1701
-0.00804637 0.0372946 0.999272 20.2992 0.0207959 0.999095 -0.0371206 -1.43392 -0.999751 0.020482 -0.00881437 57.1668
-0.00451089 0.0414764 0.999129 21.0246 0.0260524 0.998806 -0.0413454 -1.48786 -0.99965 0.0258432 -0.00558577 57.1598
-0.00175538 0.0458614 0.998946 21.74 0.0282252 0.998553 -0.0457937 -1.52712 -0.9996 0.0281151 -0.003047 57.1573
-0.000272309 0.0481063 0.998842 22.4667 0.0221644 0.998598 -0.0480885 -1.5427 -0.999754 0.0221257 -0.00133789 57.1682
0.00401997 0.0465264 0.998909 23.2177 0.0171146 0.998768 -0.0465887 -1.58734 -0.999845 0.0172832 0.00321902 57.1861
0.00824148 0.0449019 0.998957 23.9463 0.0194732 0.998796 -0.0450553 -1.66383 -0.999776 0.0198242 0.00735745 57.186
0.0104878 0.0459548 0.998888 24.6654 0.0237443 0.998651 -0.0461932 -1.71057 -0.999663 0.0242024 0.00938279 57.1915
0.0140959 0.0499063 0.998654 25.4064 0.0226614 0.998482 -0.0502175 -1.76875 -0.999643 0.0233388 0.0129438 57.2054
0.0174722 0.0514726 0.998521 26.1352 0.0193658 0.99847 -0.0518088 -1.79531 -0.999659 0.0202423 0.016449 57.2234
0.0200223 0.0510999 0.998493 26.8765 0.018049 0.998513 -0.0514628 -1.84154 -0.999636 0.0190522 0.0190705 57.2426
0.0243504 0.0501949 0.998442 27.6151 0.0195996 0.998524 -0.050677 -1.89494 -0.999511 0.0208031 0.0233309 57.2602
0.0284628 0.0504544 0.99832 28.3646 0.0226231 0.998438 -0.0511053 -1.94803 -0.999338 0.0240397 0.0272772 57.2857
0.0304115 0.0511813 0.998226 29.0983 0.0246105 0.998348 -0.0519373 -1.9878 -0.999234 0.0261463 0.0291019 57.2987
0.0338179 0.051078 0.998122 29.8426 0.0239856 0.998365 -0.0519031 -2.02714 -0.99914 0.0256958 0.0325378 57.3251
0.0371766 0.0503901 0.998037 30.5972 0.0243535 0.998387 -0.0513148 -2.07908 -0.999012 0.0262134 0.0358897 57.3426
0.0399334 0.0492919 0.997986 31.3409 0.0263124 0.998385 -0.0503645 -2.13009 -0.998855 0.0282706 0.0385722 57.364
0.0431109 0.0499545 0.99782 32.0931 0.025482 0.99837 -0.051083 -2.16334 -0.998745 0.0276287 0.041768 57.3941
0.0461665 0.0511527 0.997623 32.8442 0.023195 0.998365 -0.0522641 -2.19601 -0.998664 0.0255527 0.0449048 57.435
0.0482876 0.0514187 0.997509 33.594 0.0245607 0.998312 -0.052649 -2.25531 -0.998531 0.0270418 0.0469435 57.4705
0.0516311 0.0512464 0.99735 34.3436 0.0235251 0.998344 -0.0525152 -2.28862 -0.998389 0.0261742 0.0503402 57.5161
0.0527645 0.0520676 0.997248 35.1219 0.021959 0.998339 -0.0532864 -2.33549 -0.998365 0.0247102 0.0515337 57.5557
0.0573875 0.051938 0.997 35.8237 0.0215924 0.998349 -0.0532511 -2.37068 -0.998118 0.0245836 0.0561715 57.5981
0.059225 0.0531128 0.99683 36.5824 0.0197175 0.998328 -0.054364 -2.41155 -0.998049 0.0228747 0.058079 57.6476
0.0623571 0.0562298 0.996468 37.337 0.0190846 0.998163 -0.0575196 -2.4649 -0.997871 0.0226039 0.0611697 57.6994
0.0657204 0.0576515 0.996171 38.1129 0.0187548 0.998083 -0.0589995 -2.50589 -0.997661 0.0225605 0.0645133 57.7459
0.0685407 0.0603725 0.99582 38.8853 0.0144306 0.998004 -0.0614981 -2.55751 -0.997543 0.0185854 0.0675329 57.8066
0.0707677 0.0602611 0.995671 39.6672 0.0103405 0.998077 -0.0611416 -2.60281 -0.997439 0.0146226 0.0700086 57.8785
0.0745619 0.059544 0.995437 40.4499 0.0114824 0.998099 -0.0605633 -2.66563 -0.99715 0.0159457 0.0737367 57.9412
0.0776938 0.0603988 0.995146 41.2355 0.0124308 0.998028 -0.0615441 -2.71348 -0.996899 0.017152 0.07679 57.9999
0.0806522 0.061269 0.994857 42.032 0.00915459 0.998022 -0.0622061 -2.76773 -0.9967 0.0141246 0.079932 58.0739
0.0848836 0.0600386 0.99458 42.82 0.00853135 0.998104 -0.0609794 -2.81977 -0.996354 0.0136613 0.0842106 58.1464
0.0894651 0.0596578 0.994201 43.6192 0.00898526 0.998117 -0.0607012 -2.8762 -0.995949 0.0143638 0.0887607 58.212
0.0934426 0.063969 0.993567 44.4147 0.00563273 0.997885 -0.0647766 -2.91753 -0.995608 0.0116494 0.0928848 58.3
0.099712 0.0703836 0.992524 45.208 0.00303044 0.99747 -0.0710387 -2.98327 -0.995011 0.0100912 0.0992466 58.3915
0.106303 0.074763 0.991519 46.0031 0.00145972 0.997158 -0.0753446 -3.04136 -0.994332 0.00945671 0.105892 58.482
0.112717 0.0772983 0.990615 46.8092 -0.00170936 0.996984 -0.0776007 -3.10935 -0.993625 0.00705365 0.11251 58.5872
0.120537 0.0767627 0.989736 47.6199 -0.00456865 0.997039 -0.0767726 -3.1672 -0.992698 0.00473218 0.120531 58.6929
0.128313 0.0753808 0.988864 48.4335 -0.00514346 0.997145 -0.0753446 -3.23397 -0.99172 0.00458156 0.128335 58.8015
0.135087 0.0727629 0.988158 49.2488 -0.00513068 0.997339 -0.0727375 -3.30558 -0.99082 0.00475601 0.135101 58.9144
0.143274 0.0677669 0.98736 50.0646 -0.00692455 0.997698 -0.0674716 -3.36594 -0.989658 0.00282993 0.143414 59.0471
0.151039 0.0620421 0.986579 50.9054 -0.00894981 0.998074 -0.0613948 -3.43661 -0.988487 0.000443314 0.151303 59.1615
0.15793 0.0598628 0.985634 51.7107 -0.00924902 0.998208 -0.0591444 -3.49481 -0.987407 0.000224542 0.158201 59.2991
0.1664 0.0616384 0.98413 52.5172 -0.00858669 0.998098 -0.0610613 -3.55176 -0.986021 0.0017102 0.166613 59.4405
0.172402 0.066526 0.982777 53.301 -0.00912016 0.997783 -0.0659418 -3.62013 -0.984984 0.00240544 0.172627 59.5815
0.176778 0.0711277 0.981677 54.0967 -0.00929885 0.997463 -0.0705969 -3.66906 -0.984206 0.00335151 0.176991 59.7293
0.182718 0.0736637 0.980401 54.879 -0.0106367 0.99728 -0.0729494 -3.73464 -0.983107 0.00290099 0.183005 59.8834
0.187629 0.0748892 0.97938 55.6636 -0.0134631 0.997193 -0.0736719 -3.80645 -0.982147 0.000637562 0.188111 60.0248
0.192316 0.0719377 0.978692 56.4164 -0.0114639 0.997407 -0.0710605 -3.88062 -0.981266 0.00244649 0.192642 60.1734
0.198832 0.0665776 0.977769 57.1826 -0.00909491 0.997773 -0.0660902 -3.93015 -0.979991 0.00424815 0.198995 60.3253
0.202318 0.0600124 0.977479 57.9317 -0.00981424 0.998196 -0.0592529 -3.9917 -0.97927 0.00239475 0.202542 60.4856
0.204763 0.0574639 0.977123 58.6784 -0.0126827 0.998348 -0.0560543 -4.03217 -0.978729 -0.000914662 0.205153 60.6569
0.208956 0.0565539 0.976288 59.4164 -0.0138796 0.998399 -0.0548639 -4.09201 -0.977826 -0.00208629 0.209406 60.8126
0.210547 0.0571468 0.975912 60.1265 -0.0152414 0.998362 -0.0551731 -4.13075 -0.977464 -0.00325767 0.211073 60.9739
0.213034 0.0600827 0.975195 60.8378 -0.017305 0.998184 -0.0577187 -4.17243 -0.976891 -0.00457974 0.213686 61.1388
0.214966 0.0635448 0.974552 61.5383 -0.0177804 0.997971 -0.0611498 -4.2067 -0.976459 -0.00418279 0.21566 61.303
0.216659 0.0686133 0.973833 62.2283 -0.0190342 0.997636 -0.0660556 -4.25675 -0.976061 -0.00422461 0.217452 61.4739
0.219198 0.0693063 0.973216 62.9127 -0.0187875 0.99759 -0.0668105 -4.31663 -0.975499 -0.00363961 0.219971 61.6314
0.220349 0.0693594 0.972952 63.5895 -0.0189243 0.997586 -0.0668296 -4.34565 -0.975237 -0.00368663 0.221129 61.7952
0.219984 0.0676582 0.973154 64.2595 -0.0207084 0.997692 -0.064683 -4.40812 -0.975283 -0.00592319 0.220878 61.9488
0.22173 0.0666687 0.972826 64.9076 -0.0216822 0.997752 -0.0634349 -4.45719 -0.974867 -0.00702759 0.222677 62.0989
0.220384 0.0660081 0.973177 65.558 -0.0208177 0.9978 -0.0629638 -4.499 -0.975191 -0.00638311 0.221273 62.247
0.218959 0.0652832 0.973547 66.1925 -0.0206509 0.997847 -0.062268 -4.54183 -0.975515 -0.00647047 0.219836 62.3971
0.217665 0.0660164 0.973788 66.8144 -0.0221242 0.997789 -0.0626981 -4.58781 -0.975772 -0.00789706 0.218644 62.5382
0.214812 0.0688133 0.974228 67.4249 -0.0225912 0.997599 -0.0654828 -4.64052 -0.976394 -0.00794242 0.215851 62.6771
0.213392 0.0734938 0.974198 68.0389 -0.0250877 0.997251 -0.0697375 -4.70578 -0.976644 -0.0095589 0.214649 62.8005
0.211221 0.074038 0.97463 68.6332 -0.0240507 0.99722 -0.0705418 -4.75661 -0.977142 -0.00854065 0.212414 62.9269
0.208237 0.0741691 0.975262 69.2391 -0.0248001 0.997202 -0.0705423 -4.79932 -0.977763 -0.00949701 0.209494 63.0708
0.205914 0.0707718 0.976007 69.8159 -0.0247744 0.99744 -0.067099 -4.8235 -0.978256 -0.0103633 0.207141 63.1966
0.203659 0.067972 0.976679 70.3898 -0.0234616 0.997641 -0.0645385 -4.86507 -0.97876 -0.00977059 0.204773 63.3224
0.201103 0.0663181 0.977322 70.9506 -0.0211362 0.997768 -0.0633562 -4.91798 -0.979341 -0.00791574 0.202056 63.4321
0.199321 0.0677771 0.977587 71.4922 -0.0179342 0.997692 -0.0655143 -4.96 -0.97977 -0.00447387 0.200076 63.5356
0.197 0.0699212 0.977907 72.0322 -0.015957 0.997551 -0.0681111 -5.0122 -0.980273 -0.00218658 0.197633 63.6396
0.194403 0.0719266 0.978281 72.5867 -0.0163877 0.997408 -0.0700762 -5.04726 -0.980784 -0.00240877 0.195078 63.751
0.193823 0.0739702 0.978244 73.1177 -0.0171184 0.997258 -0.0720162 -5.09176 -0.980887 -0.0027875 0.194558 63.8623
0.192297 0.0734832 0.978581 73.6684 -0.0161969 0.997296 -0.0717056 -5.13219 -0.981203 -0.00206121 0.192967 63.9845
0.192236 0.0716037 0.978733 74.2153 -0.0131397 0.997434 -0.070391 -5.18584 -0.98126 0.000671491 0.192684 64.0838
0.195012 0.0704532 0.978267 74.7551 -0.00889373 0.997504 -0.0700656 -5.23185 -0.98076 0.00496321 0.195152 64.1834
0.196254 0.0701648 0.978039 75.3288 -0.00775059 0.997518 -0.0700068 -5.2836 -0.980522 0.00615878 0.196311 64.2969
0.198365 0.0709369 0.977557 75.9037 -0.00977845 0.997472 -0.0703977 -5.33636 -0.980079 0.00440549 0.198558 64.4194
0.203705 0.0718249 0.976394 76.4597 -0.0119072 0.997415 -0.070887 -5.37239 -0.978959 0.00281401 0.204034 64.5466
0.209477 0.0713599 0.975206 77.0168 -0.0115449 0.997446 -0.0705073 -5.43351 -0.977745 0.00351103 0.209766 64.6589
0.216786 0.0712177 0.973617 77.5875 -0.0131583 0.997459 -0.0700318 -5.47833 -0.97613 0.00237078 0.217173 64.7929
0.224966 0.070434 0.971817 78.1588 -0.0132562 0.997514 -0.0692276 -5.52111 -0.974276 0.00269127 0.22534 64.9337
0.234213 0.07003 0.969659 78.7331 -0.0138645 0.997543 -0.0686948 -5.56128 -0.972086 0.00264537 0.234608 65.0827
0.243584 0.0697363 0.967369 79.3144 -0.0152198 0.997565 -0.0680807 -5.61094 -0.96976 0.00186024 0.244053 65.2383
0.252463 0.0725734 0.964881 79.9065 -0.0200195 0.997363 -0.0697784 -5.66124 -0.967399 -0.00169992 0.25325 65.4184
0.260908 0.0748864 0.962454 80.5092 -0.0235095 0.997185 -0.0712156 -5.70193 -0.965077 -0.00404604 0.261934 65.5895
0.272178 0.076147 0.959229 81.1028 -0.0264204 0.997081 -0.071655 -5.74213 -0.961884 -0.00584032 0.273395 65.7678
0.28236 0.0771013 0.956205 81.7163 -0.0279016 0.997005 -0.0721519 -5.79433 -0.958902 -0.00630687 0.283665 65.9585
0.291212 0.0782524 0.953452 82.3307 -0.0294426 0.996911 -0.0728265 -5.83575 -0.956205 -0.00686412 0.292617 66.1561
0.300358 0.0784833 0.950592 82.9708 -0.0298322 0.996896 -0.0728801 -5.88073 -0.953359 -0.0064681 0.301767 66.3723
0.309754 0.0793691 0.947498 83.6176 -0.0328667 0.996809 -0.072755 -5.91492 -0.950248 -0.0086049 0.311374 66.6042
0.320854 0.0767844 0.94401 84.2566 -0.0346263 0.996994 -0.069325 -5.96297 -0.946495 -0.0104443 0.322549 66.8392
0.330426 0.0699823 0.941233 84.9307 -0.0309905 0.997515 -0.0632874 -6.02036 -0.943322 -0.00825746 0.331774 67.0841
0.341148 0.0670665 0.937614 85.6142 -0.0305971 0.997716 -0.0602328 -6.05211 -0.939511 -0.00813996 0.342421 67.3346
0.352032 0.0638701 0.933806 86.2976 -0.0293802 0.997933 -0.0571802 -6.09341 -0.935526 -0.0073061 0.353181 67.6019
0.360606 0.0619091 0.930661 86.9864 -0.0257761 0.998076 -0.0564061 -6.15255 -0.932362 -0.00364847 0.361508 67.8804
0.369643 0.0582002 0.927349 87.6814 -0.0200228 0.998305 -0.0546721 -6.18326 -0.928958 0.00164109 0.370182 68.1507
0.378284 0.0481541 0.924436 88.3992 -0.0101741 0.998803 -0.0478645 -6.20862 -0.925633 0.00870107 0.378321 68.4345
0.384435 0.0439816 0.922103 89.1313 -0.0051604 0.998952 -0.0454955 -6.25728 -0.923137 0.0127317 0.384259 68.7329
0.392144 0.0428233 0.918906 89.8363 -0.00189906 0.998952 -0.0457431 -6.28422 -0.919901 0.0161929 0.391815 69.0308
0.398031 0.0487784 0.916074 90.5468 -0.0010346 0.99861 -0.0527236 -6.33786 -0.917371 0.0200379 0.397528 69.3428
0.405685 0.053125 0.912467 91.2433 0.00234292 0.998247 -0.0591608 -6.37916 -0.914009 0.0261385 0.40485 69.6518
0.411344 0.0538353 0.909888 91.9521 0.00277484 0.998177 -0.0603134 -6.42304 -0.911475 0.0273344 0.410444 69.9802
0.415097 0.0543382 0.908152 92.6609 -0.00161215 0.998258 -0.0589926 -6.44744 -0.909775 0.0230236 0.414462 70.313
0.419454 0.0571327 0.905976 93.3418 -0.00645693 0.998181 -0.0599578 -6.48819 -0.907753 0.0192997 0.41906 70.6438
0.42294 0.0589693 0.904236 94.0156 -0.00641514 0.998051 -0.0620868 -6.54938 -0.906134 0.0204582 0.422494 70.9583
0.425049 0.0623232 0.903022 94.6936 -0.0086905 0.997863 -0.0647781 -6.60577 -0.905128 0.0196861 0.424682 71.2834
0.427776 0.0646375 0.90157 95.3484 -0.0111348 0.997742 -0.0662492 -6.65905 -0.903816 0.018301 0.42753 71.6053
0.429928 0.0638482 0.900602 96.0045 -0.011426 0.997802 -0.0652846 -6.71076 -0.90279 0.0177774 0.429712 71.9271
0.433209 0.0608523 0.899236 96.6604 -0.0107258 0.997997 -0.0623683 -6.77481 -0.901229 0.0173735 0.432994 72.2396
0.4366 0.0600827 0.897646 97.3049 -0.011844 0.998066 -0.0610434 -6.82174 -0.899577 0.0160198 0.436468 72.5532
0.438201 0.0569761 0.897069 97.9342 -0.00954363 0.998229 -0.0587392 -6.86125 -0.898826 0.0171783 0.437969 72.8544
0.441211 0.0586772 0.895483 98.5459 -0.0120058 0.998158 -0.0594897 -6.90612 -0.897322 0.0154965 0.441102 73.1633
0.442516 0.0587439 0.894834 99.1514 -0.0112783 0.998139 -0.0599481 -6.96695 -0.896689 0.0164358 0.442354 73.4636
0.443294 0.0575457 0.894527 99.7524 -0.00929825 0.99818 -0.0596058 -7.02031 -0.896327 0.0181054 0.443022 73.754
0.443456 0.055786 0.894558 100.344 -0.00610453 0.998227 -0.0592247 -7.06477 -0.896274 0.0208027 0.443011 74.056
0.444122 0.056142 0.894205 100.925 -0.00724475 0.998228 -0.0590746 -7.10608 -0.895936 0.019758 0.443742 74.3521
0.445694 0.0551102 0.893487 101.502 -0.00609205 0.998268 -0.0585342 -7.1588 -0.895164 0.0206452 0.445258 74.6447
0.446514 0.057642 0.892917 102.071 -0.00775225 0.998136 -0.0605577 -7.21269 -0.894742 0.0201178 0.446129 74.9222
0.448819 0.0579292 0.891743 102.617 -0.00550969 0.998058 -0.0620625 -7.25278 -0.893605 0.0229416 0.448266 75.2055
0.451744 0.0571485 0.890315 103.169 -0.00363955 0.998057 -0.0622176 -7.3037 -0.89214 0.0248661 0.451074 75.486
0.453811 0.0560293 0.889334 103.717 -0.00114994 0.998058 -0.0622922 -7.34451 -0.891096 0.0272462 0.452994 75.7614
0.456734 0.0543841 0.887939 104.241 3.26578e-05 0.99813 -0.0611497 -7.39529 -0.889602 0.0279582 0.455878 76.0266
0.459575 0.0534472 0.886529 104.77 0.00148841 0.998141 -0.0609475 -7.43525 -0.888137 0.0293295 0.458641 76.3057
0.462207 0.0526398 0.885208 105.303 0.00192205 0.998176 -0.060361 -7.47468 -0.886769 0.0296007 0.461262 76.5815
0.465546 0.0524903 0.883466 105.812 0.00279488 0.998149 -0.0607767 -7.52283 -0.885019 0.0307635 0.464537 76.8476
0.46879 0.0534211 0.881692 106.325 0.00184613 0.998109 -0.0614562 -7.5649 -0.883307 0.0304378 0.467805 77.1228
0.472729 0.0525678 0.879638 106.83 0.00451413 0.998063 -0.0620708 -7.60126 -0.881196 0.0333135 0.471576 77.3936
0.477303 0.055564 0.87698 107.329 0.0027222 0.997902 -0.0647069 -7.63777 -0.878734 0.0332721 0.47615 77.672
0.482301 0.0608495 0.873889 107.826 -0.000971051 0.997622 -0.0689291 -7.68085 -0.876004 0.032396 0.481213 77.9558
0.487122 0.0669463 0.870764 108.316 -0.00567733 0.997281 -0.0734971 -7.72716 -0.873315 0.0308584 0.486177 78.247
0.493279 0.0731367 0.866791 108.8 -0.0110371 0.996907 -0.0778342 -7.76986 -0.8698 0.0288271 0.49256 78.5384
0.499018 0.0778747 0.863085 109.307 -0.0138269 0.996544 -0.0819219 -7.81568 -0.866481 0.0289467 0.49837 78.8366
0.504366 0.0782619 0.859936 109.79 -0.0173079 0.996602 -0.0805483 -7.86699 -0.863316 0.0257421 0.504006 79.1451
0.509158 0.0770466 0.857217 110.292 -0.0227717 0.996844 -0.0760705 -7.91706 -0.860371 0.0192116 0.509306 79.465
0.514178 0.0749335 0.854403 110.811 -0.0274828 0.997105 -0.0709096 -7.9717 -0.857242 0.0129788 0.514749 79.7936
0.520714 0.0728555 0.850617 111.318 -0.0330571 0.997327 -0.0651849 -8.01223 -0.85309 0.0058238 0.52173 80.1212
0.526289 0.0713166 0.847309 111.841 -0.0344603 0.997448 -0.0625492 -8.061 -0.849606 0.00372046 0.527404 80.4698
0.532034 0.0737969 0.8435 112.366 -0.0385448 0.997274 -0.0629383 -8.10043 -0.845845 0.000972792 0.533428 80.8274
0.538465 0.0776573 0.839062 112.897 -0.0421294 0.996981 -0.0652366 -8.13529 -0.841594 -0.000221496 0.540111 81.1947
0.544497 0.0801944 0.83492 113.432 -0.0441578 0.99678 -0.0669434 -8.17522 -0.837599 -0.000417739 0.546285 81.5614
0.550425 0.0824001 0.830808 113.979 -0.0459616 0.9966 -0.0683931 -8.21593 -0.833618 -0.000539933 0.552341 81.9422
0.557758 0.0829914 0.825843 114.527 -0.0476111 0.996551 -0.0679906 -8.25667 -0.828636 -0.00139689 0.559785 82.3337
0.564232 0.0846614 0.821263 115.097 -0.0508038 0.996405 -0.0678124 -8.30247 -0.824051 -0.00346129 0.566505 82.7399
0.570234 0.0835847 0.817218 115.676 -0.0511392 0.996494 -0.0662372 -8.36295 -0.819888 -0.00402112 0.572509 83.1585
0.578994 0.0810846 0.811289 116.26 -0.0510826 0.996697 -0.063159 -8.40254 -0.813729 -0.00487399 0.581223 83.5893
0.586522 0.0810451 0.805868 116.846 -0.0518874 0.996698 -0.0624722 -8.45441 -0.808269 -0.00517304 0.58879 84.0259
0.59363 0.082986 0.800447 117.446 -0.0552126 0.996526 -0.0623673 -8.47557 -0.802841 -0.00717157 0.59615 84.487
0.601771 0.0838438 0.794255 118.043 -0.056729 0.996451 -0.0622071 -8.51941 -0.796651 -0.00762283 0.604391 84.961
0.608232 0.0842355 0.789277 118.649 -0.0581007 0.996412 -0.0615683 -8.55953 -0.79163 -0.00840975 0.610943 85.4366
0.613079 0.0826862 0.785682 119.261 -0.0568963 0.996548 -0.0604808 -8.61007 -0.78797 -0.00762285 0.615667 85.9202
0.617346 0.0808899 0.782521 119.892 -0.0556534 0.996699 -0.0591235 -8.64854 -0.78472 -0.00705023 0.61981 86.4228
0.620427 0.0796368 0.78021 120.524 -0.053457 0.996813 -0.0592363 -8.70551 -0.782439 -0.00495575 0.622707 86.9223
0.624134 0.0767307 0.77754 121.173 -0.0487188 0.997053 -0.0592863 -8.75517 -0.779796 -0.000878157 0.626032 87.428
0.627611 0.0706137 0.775318 121.835 -0.0414842 0.997498 -0.0572681 -8.80995 -0.77742 0.00377875 0.62897 87.943
0.631102 0.0653797 0.77294 122.486 -0.0359412 0.997837 -0.0550569 -8.85417 -0.774866 0.00696613 0.632086 88.4723
0.634503 0.0623394 0.770402 123.145 -0.0324874 0.998014 -0.0540006 -8.90132 -0.772237 0.00923521 0.635267 89.007
0.637934 0.0616289 0.76762 123.812 -0.0316838 0.99805 -0.0537981 -8.94521 -0.769438 0.00999851 0.638643 89.5546
0.640341 0.0628241 0.765517 124.464 -0.033196 0.997983 -0.054134 -8.99703 -0.767373 0.00925211 0.641134 90.1077
0.645071 0.0655769 0.761303 125.129 -0.0364929 0.997819 -0.0550283 -9.03476 -0.76325 0.00771502 0.646056 90.68
0.647684 0.0687007 0.758805 125.782 -0.0415065 0.99763 -0.0548951 -9.08016 -0.760777 0.00405939 0.649001 91.2617
0.650935 0.0670476 0.756166 126.452 -0.0427058 0.99775 -0.0517055 -9.13451 -0.75793 0.00136429 0.652334 91.8421
0.654665 0.0646767 0.753147 127.123 -0.0444362 0.997904 -0.0470695 -9.15827 -0.754611 -0.00265225 0.656166 92.4488
0.658206 0.0593447 0.750494 127.787 -0.0432613 0.998224 -0.040992 -9.20527 -0.751593 -0.00548611 0.659604 93.0421
0.662577 0.055701 0.746919 128.478 -0.0408019 0.998435 -0.038263 -9.23363 -0.747881 -0.00512345 0.663813 93.6505
0.667028 0.0531898 0.743131 129.147 -0.0371861 0.998583 -0.0380959 -9.28566 -0.744103 -0.00222312 0.668061 94.2467
0.672936 0.0514513 0.737908 129.825 -0.029465 0.998652 -0.0427612 -9.32323 -0.739113 0.0070331 0.673545 94.8592
0.677697 0.0551544 0.733269 130.501 -0.0277047 0.998391 -0.049491 -9.36053 -0.734818 0.0132249 0.678135 95.4908
0.684165 0.0563927 0.727143 131.173 -0.0254933 0.998247 -0.0534313 -9.41696 -0.728881 0.0180186 0.684403 96.1087
0.6907 0.0537002 0.721144 131.84 -0.0245305 0.998406 -0.0508515 -9.43075 -0.722725 0.0174331 0.690916 96.7553
0.696657 0.0500284 0.715657 132.484 -0.0212565 0.998568 -0.0491132 -9.50436 -0.717088 0.0190028 0.696723 97.3986
0.701844 0.0475963 0.710738 133.162 -0.0165591 0.998587 -0.0505207 -9.54351 -0.712137 0.0236885 0.70164 98.055
0.707144 0.0495227 0.705332 133.79 -0.0156216 0.998396 -0.0544374 -9.60566 -0.706895 0.0274767 0.706784 98.6904
0.710276 0.0493537 0.702191 134.451 -0.0139079 0.998329 -0.0560998 -9.63544 -0.703785 0.0300803 0.709775 99.3647
0.714276 0.045495 0.698383 135.083 -0.0105363 0.998472 -0.0542677 -9.68619 -0.699783 0.0314037 0.713664 100.026
0.716861 0.0400266 0.696066 135.736 -0.00686871 0.998709 -0.0503557 -9.74195 -0.697181 0.031317 0.71621 100.69
0.717785 0.0375836 0.695249 136.389 -0.00539714 0.998814 -0.0484215 -9.80303 -0.696243 0.0310039 0.717136 101.37
0.719138 0.0337093 0.694048 137.026 -0.00188965 0.998915 -0.0465584 -9.85402 -0.694863 0.0321704 0.718421 102.037
0.71915 0.031815 0.694125 137.68 -0.00129724 0.999012 -0.0444453 -9.89404 -0.694852 0.0310625 0.718481 102.722
0.71793 0.0325718 0.695352 138.357 -0.00312505 0.999047 -0.043571 -9.92437 -0.696107 0.0291079 0.717347 103.412
0.717955 0.0338951 0.695264 138.99 -0.00470359 0.999029 -0.043847 -9.9671 -0.696073 0.0282099 0.717416 104.09
0.715878 0.0362719 0.697282 139.642 -0.00730363 0.998985 -0.0444677 -10.0069 -0.698186 0.0267408 0.715416 104.765
0.714015 0.0377643 0.69911 140.282 -0.009694 0.998983 -0.0440619 -10.0555 -0.700062 0.0246837 0.713655 105.438
0.711185 0.0389731 0.701923 140.938 -0.0111936 0.998965 -0.0441244 -10.0834 -0.702915 0.0235236 0.710884 106.114
0.708852 0.0400315 0.70422 141.585 -0.0133125 0.998971 -0.0433865 -10.1255 -0.705231 0.0213797 0.708655 106.787
0.705894 0.0387274 0.707258 142.252 -0.0128388 0.999041 -0.0418906 -10.1719 -0.7082 0.02049 0.705713 107.463
0.703609 0.0375816 0.709592 142.904 -0.0136191 0.999132 -0.0394119 -10.2106 -0.710455 0.0180666 0.70351 108.127
0.700752 0.0330071 0.71264 143.558 -0.00880574 0.999255 -0.0376232 -10.2505 -0.713349 0.0200892 0.70052 108.784
0.698756 0.0349289 0.714506 144.207 -0.00857132 0.999146 -0.0404612 -10.3142 -0.715307 0.0221483 0.698458 109.423
0.693886 0.0456784 0.718634 144.864 -0.0137933 0.998647 -0.0501585 -10.3426 -0.719951 0.024892 0.693577 110.073
0.691545 0.0512075 0.720516 145.513 -0.0162274 0.998335 -0.0553772 -10.3879 -0.72215 0.0266037 0.691224 110.705
0.688236 0.0492234 0.723815 146.179 -0.0167625 0.998509 -0.0519655 -10.4512 -0.725293 0.0236315 0.688034 111.35
0.685064 0.0490588 0.726829 146.833 -0.022488 0.99868 -0.0462121 -10.5013 -0.728135 0.0153133 0.685262 111.985
0.680968 0.0462988 0.730847 147.491 -0.0232029 0.998864 -0.041658 -10.5482 -0.731944 0.01141 0.681269 112.613
0.677827 0.0464688 0.733751 148.145 -0.0237662 0.998865 -0.0413036 -10.5901 -0.734836 0.0105583 0.678162 113.225
0.674945 0.0443444 0.736534 148.8 -0.0208229 0.998941 -0.0410614 -10.6442 -0.737573 0.0123775 0.675153 113.841
0.6718 0.0418158 0.739551 149.512 -0.0171703 0.999017 -0.0408892 -10.7141 -0.740532 0.0147711 0.671858 114.487
0.669385 0.043323 0.741651 150.165 -0.0168126 0.998927 -0.0431771 -10.7707 -0.742724 0.016433 0.669395 115.081
0.665717 0.0432784 0.744948 150.825 -0.0154541 0.998903 -0.0442216 -10.8233 -0.746044 0.0179266 0.665655 115.683
0.661016 0.0430715 0.749135 151.492 -0.0150029 0.998912 -0.0441942 -10.864 -0.750221 0.0179739 0.660942 116.278
0.65727 0.0441158 0.752363 152.168 -0.0172784 0.998906 -0.0434776 -10.9051 -0.753456 0.0155769 0.657313 116.868
0.651956 0.0446355 0.756941 152.847 -0.0180138 0.998897 -0.0433878 -10.967 -0.758042 0.0146516 0.652041 117.468
0.645417 0.0455628 0.76247 153.527 -0.0187966 0.998866 -0.043778 -10.9992 -0.763598 0.0139233 0.645541 118.048
0.639916 0.0503685 0.766792 154.215 -0.0211301 0.998627 -0.0479632 -11.0418 -0.768153 0.01449 0.640101 118.64
0.634747 0.055399 0.770731 154.91 -0.0238976 0.998358 -0.0520792 -11.0841 -0.77235 0.0146385 0.635028 119.256
0.626863 0.0573064 0.777019 155.629 -0.0231384 0.998222 -0.0549534 -11.1118 -0.778785 0.0164693 0.627074 119.831
0.620929 0.0521228 0.782132 156.37 -0.0234561 0.998577 -0.0479253 -11.1694 -0.783515 0.0114125 0.621268 120.424
0.613777 0.0475631 0.788045 157.092 -0.0285597 0.998869 -0.0380434 -11.1995 -0.788962 0.000843936 0.614441 121.02
0.605558 0.0425719 0.794661 157.831 -0.0276094 0.999092 -0.0324844 -11.2594 -0.795321 -0.00226885 0.606184 121.602
0.599557 0.0436014 0.799143 158.583 -0.0312136 0.99903 -0.0310893 -11.283 -0.799722 -0.00630426 0.600336 122.182
0.590825 0.0448871 0.805549 159.325 -0.0311133 0.998977 -0.0328454 -11.3224 -0.806198 -0.00565735 0.591618 122.731
0.583081 0.0453728 0.811145 160.077 -0.0254993 0.998971 -0.0375493 -11.3698 -0.812012 0.00121071 0.583638 123.277
0.576673 0.0531351 0.815245 160.839 -0.0253139 0.998567 -0.0471773 -11.3988 -0.816582 0.00656893 0.577192 123.82
0.569333 0.05601 0.820197 161.61 -0.0230567 0.998373 -0.0521727 -11.4463 -0.821783 0.0107926 0.569698 124.342
0.561427 0.052198 0.825878 162.393 -0.0200398 0.998575 -0.04949 -11.4876 -0.827282 0.0112346 0.561673 124.874
0.554351 0.0481031 0.830891 163.181 -0.0167794 0.998773 -0.0466274 -11.5489 -0.832113 0.0119061 0.554478 125.402
0.546742 0.0486672 0.835885 163.949 -0.0182873 0.998767 -0.0461889 -11.6062 -0.8371 0.00996739 0.546958 125.911
0.53946 0.0501114 0.840518 164.721 -0.0198076 0.998708 -0.0468297 -11.664 -0.841777 0.00861417 0.539756 126.417
0.533252 0.0486041 0.844559 165.491 -0.016813 0.998761 -0.0468626 -11.7051 -0.845788 0.01079 0.533408 126.899
0.52811 0.0426206 0.848105 166.271 -0.0121781 0.999018 -0.0426213 -11.7671 -0.849087 0.0121805 0.528111 127.372
0.522039 0.0408278 0.851943 167.061 -0.0101545 0.999082 -0.0416567 -11.8238 -0.85286 0.0130955 0.521975 127.854
0.518772 0.0398414 0.853983 167.814 -0.0110157 0.999143 -0.0399218 -11.8644 -0.85484 0.0113031 0.518767 128.317
0.513931 0.0408903 0.856856 168.572 -0.0113154 0.999101 -0.0408915 -11.9126 -0.857756 0.0113198 0.513931 128.788
0.508884 0.0435065 0.859735 169.329 -0.010015 0.998955 -0.0446237 -11.9622 -0.860776 0.0140981 0.508788 129.264
