1 0 0 0 0 1 0 0 0 0 1 0
0.999998 0.00106539 0.00166661 -0.0148541 -0.00105896 0.999992 -0.00385832 -0.00523538 -0.00167071 0.00385654 0.999991 0.908941
0.999998 -0.000828506 0.00192384 -0.0200946 0.000837408 0.999989 -0.00463112 -0.0341804 -0.00191998 0.00463272 0.999987 1.87499
0.999994 -0.00205995 0.00264249 -0.0264642 0.00206138 0.999998 -0.000540763 -0.0340791 -0.00264137 0.000546207 0.999996 2.84978
0.999989 -0.00462904 0.000783282 -0.0208027 0.0046257 0.999981 0.00421014 -0.0375961 -0.000802755 -0.00420647 0.999991 3.82159
0.999975 -0.00707217 -0.000457399 -0.0302911 0.00707463 0.999959 0.00562875 -0.0513888 0.000417573 -0.00563185 0.999984 4.78786
0.999955 -0.00946696 -0.000363969 -0.0245254 0.00946823 0.999949 0.00365753 -0.0536833 0.000329325 -0.00366081 0.999993 5.74373
0.999963 -0.00858269 -0.000461578 -0.0262823 0.00858271 0.999963 5.11557e-05 -0.0626493 0.000461122 -5.51141e-05 1 6.70176
0.999957 -0.00914198 -0.00125097 -0.0381614 0.00914141 0.999958 -0.000456561 -0.0645199 0.00125509 0.000445107 0.999999 7.6565
0.99997 -0.00776233 -0.000479019 -0.0463873 0.00776258 0.99997 0.000518348 -0.0752071 0.000474981 -0.000522049 1 8.60747
0.999966 -0.00785781 -0.00239828 -0.0564539 0.00786555 0.999964 0.00323436 -0.0897736 0.00237278 -0.00325312 0.999992 9.5422
0.99996 -0.00835472 -0.00333951 -0.0763461 0.00837102 0.999953 0.00489784 -0.0989234 0.00329843 -0.0049256 0.999982 10.466
0.999965 -0.00814147 -0.00183334 -0.0864972 0.00815267 0.999947 0.0061902 -0.109581 0.00178285 -0.00620493 0.999979 11.4159
0.99996 -0.00820522 -0.00360667 -0.0918161 0.0082285 0.999945 0.00648827 -0.117789 0.00355323 -0.00651768 0.999972 12.3403
0.999959 -0.00807577 -0.00418638 -0.10989 0.00809972 0.99995 0.00573519 -0.116588 0.00413986 -0.00576886 0.999975 13.2644
0.999955 -0.00828393 -0.00465847 -0.124028 0.00830214 0.999958 0.00390455 -0.133796 0.00462593 -0.00394304 0.999982 14.199
0.999936 -0.00873617 -0.00716058 -0.139186 0.00875813 0.999957 0.00304095 -0.140725 0.0071337 -0.00310347 0.99997 15.1215
0.999925 -0.00830461 -0.0089859 -0.149913 0.00832902 0.999961 0.00268253 -0.126425 0.00896328 -0.00275717 0.999956 16.0466
0.999943 -0.00603539 -0.00884916 -0.18717 0.00604876 0.99998 0.00148404 -0.151081 0.00884003 -0.00153748 0.99996 16.9312
0.999924 -0.00469295 -0.0114155 -0.210626 0.0047036 0.999988 0.000906463 -0.163403 0.0114112 -0.000960086 0.999934 17.8267
0.9999 -0.00558366 -0.013035 -0.230823 0.00561267 0.999982 0.0021901 -0.165757 0.0130225 -0.00226304 0.999913 18.7307
0.999893 -0.00510427 -0.0137435 -0.257878 0.00514577 0.999982 0.00298613 -0.177247 0.0137281 -0.00305652 0.999901 19.6072
0.999849 -0.00465256 -0.0167282 -0.279762 0.00471034 0.999983 0.00341585 -0.179848 0.0167121 -0.00349412 0.999854 20.498
0.999811 -0.00479914 -0.0188413 -0.288417 0.00485551 0.999984 0.00294705 -0.211885 0.0188268 -0.00303797 0.999818 21.3759
0.999793 -0.00431481 -0.0198734 -0.308817 0.00436972 0.999987 0.00272042 -0.218706 0.0198614 -0.0028067 0.999799 22.2605
0.999709 -0.00299566 -0.0239234 -0.308994 0.00307034 0.99999 0.00308575 -0.232541 0.0239139 -0.0031583 0.999709 23.1608
0.999704 -0.00292109 -0.0241457 -0.333222 0.00303953 0.999983 0.00486991 -0.245253 0.0241311 -0.00494186 0.999697 24.0244
0.99961 -0.0041907 -0.0276282 -0.360095 0.00441779 0.999957 0.00816363 -0.249098 0.0275928 -0.0082825 0.999585 24.9196
0.999566 -0.00478283 -0.0290888 -0.38427 0.00505859 0.999943 0.00941391 -0.254352 0.0290421 -0.00955696 0.999533 25.7757
0.999541 -0.00503705 -0.0298822 -0.40872 0.0053193 0.999942 0.0093735 -0.260704 0.0298333 -0.00952814 0.99951 26.6346
0.999501 -0.00397616 -0.0313336 -0.434913 0.00421707 0.999962 0.00762626 -0.262048 0.0313021 -0.00775459 0.99948 27.4636
0.999466 -0.00336397 -0.0325217 -0.470472 0.00357671 0.999972 0.0064853 -0.263219 0.032499 -0.00659815 0.99945 28.2831
0.99942 -0.00277983 -0.0339412 -0.503418 0.00300333 0.999974 0.00653552 -0.25724 0.0339221 -0.00663367 0.999403 29.0885
0.999285 -0.00214935 -0.0377396 -0.531206 0.00239057 0.999977 0.00634759 -0.273193 0.0377251 -0.00643327 0.999268 29.9174
0.999105 -0.00159392 -0.0422635 -0.575 0.00182468 0.999984 0.00542198 -0.289518 0.0422541 -0.00549424 0.999092 30.7543
0.999034 -0.0014841 -0.0439163 -0.60509 0.00173175 0.999983 0.00560169 -0.286919 0.0439072 -0.00567233 0.99902 31.5454
0.998921 -0.00146513 -0.0464304 -0.643633 0.00183159 0.999967 0.0078511 -0.287884 0.0464174 -0.00792766 0.998891 32.3179
0.998799 -0.00309439 -0.0488937 -0.691329 0.00354799 0.999951 0.00919317 -0.278671 0.0488629 -0.00935561 0.998762 33.0711
0.998709 -0.00241043 -0.0507328 -0.740027 0.00294139 0.999942 0.0103936 -0.288636 0.0507048 -0.0105294 0.998658 33.8378
0.998571 -0.00185501 -0.0534017 -0.78362 0.00243701 0.999938 0.0108354 -0.287787 0.0533783 -0.0109501 0.998514 34.5881
0.998497 7.23007e-05 -0.0548135 -0.84117 0.000501354 0.999945 0.0104517 -0.27948 0.0548112 -0.0104635 0.998442 35.3237
0.998352 0.00137369 -0.0573781 -0.900251 -0.000796076 0.999949 0.0100884 -0.285437 0.057389 -0.0100261 0.998302 36.0432
0.998284 0.00233344 -0.0585074 -0.95857 -0.00166769 0.999933 0.0114251 -0.292297 0.0585302 -0.011308 0.998222 36.75
0.99823 0.0031087 -0.0593897 -1 -0.00237096 0.999919 0.0124884 -0.293211 0.0594237 -0.0123255 0.998157 37.4618
0.998184 0.00474215 -0.0600582 -1.04267 -0.00397491 0.999909 0.0128881 -0.290485 0.0601138 -0.0126259 0.998112 38.1615
0.998228 0.00739051 -0.0590522 -1.09731 -0.00669872 0.999907 0.0119043 -0.287312 0.0591347 -0.0114876 0.998184 38.8382
0.998334 0.00887711 -0.0570142 -1.14054 -0.00833835 0.999918 0.00968058 -0.285713 0.0570955 -0.00918905 0.998327 39.5077
0.998418 0.0087243 -0.055546 -1.18579 -0.00824306 0.999926 0.00888688 -0.286504 0.0556195 -0.00841495 0.998417 40.158
0.998568 0.00917474 -0.0527074 -1.22377 -0.00869022 0.999918 0.00941437 -0.277869 0.0527894 -0.00894285 0.998566 40.8149
0.998688 0.0126603 -0.0496118 -1.26111 -0.0121007 0.99986 0.0115626 -0.284386 0.0497512 -0.0109471 0.998702 41.4552
0.998814 0.0159576 -0.0460022 -1.31025 -0.0152544 0.999762 0.0155976 -0.288802 0.0462401 -0.0148774 0.99882 42.1008
0.998923 0.0203247 -0.0417204 -1.35221 -0.0196496 0.99967 0.0165292 -0.282014 0.0420426 -0.0156917 0.998993 42.7127
0.999081 0.0232288 -0.0360312 -1.3847 -0.0226201 0.999596 0.0172114 -0.264059 0.0364165 -0.0163806 0.999203 43.3065
0.999165 0.0267941 -0.0308473 -1.41532 -0.0262272 0.999482 0.0186388 -0.271887 0.0313307 -0.0178142 0.99935 43.8869
0.99925 0.0302212 -0.0242216 -1.43117 -0.0297398 0.999358 0.0199952 -0.249564 0.0248103 -0.0192599 0.999507 44.4406
0.999335 0.0326843 -0.0161835 -1.44291 -0.032353 0.99927 0.0203218 -0.237514 0.0168358 -0.0197847 0.999663 44.9758
0.999332 0.0353518 -0.00925977 -1.46001 -0.0351606 0.99918 0.0200551 -0.250161 0.00996114 -0.0197161 0.999756 45.4977
0.999273 0.0380713 -0.00167945 -1.46836 -0.0380323 0.999093 0.0191338 -0.245088 0.00240634 -0.019056 0.999816 45.991
0.999115 0.0415296 0.00666872 -1.4738 -0.0416435 0.998971 0.0179722 -0.238913 -0.00591551 -0.018234 0.999816 46.4656
0.998984 0.0427464 0.0142844 -1.48014 -0.0429813 0.998938 0.0165633 -0.236077 -0.0135613 -0.0171604 0.999761 46.916
0.998792 0.0436016 0.0226639 -1.46902 -0.0439631 0.99891 0.0157041 -0.229743 -0.0219545 -0.0166815 0.99962 47.3379
0.998592 0.0436843 0.0300976 -1.45623 -0.04417 0.998901 0.015665 -0.246247 -0.0293802 -0.0169723 0.999424 47.7478
0.998272 0.044713 0.0381269 -1.448 -0.0453641 0.998836 0.0163872 -0.236344 -0.0373499 -0.0180885 0.999139 48.1387
0.997763 0.0470733 0.0474662 -1.44462 -0.0478758 0.998726 0.0159118 -0.248224 -0.0466568 -0.0181487 0.998746 48.5082
0.997137 0.0509867 0.0558287 -1.43591 -0.0519333 0.998528 0.0156358 -0.241486 -0.0549494 -0.0184904 0.998318 48.8489
0.996467 0.0536976 0.0645791 -1.41844 -0.0548054 0.998376 0.0155058 -0.244636 -0.0636417 -0.0189903 0.997792 49.1698
0.995819 0.053483 0.0740513 -1.3928 -0.054801 0.998371 0.0158813 -0.247812 -0.0730813 -0.019873 0.997128 49.4707
0.995095 0.0522164 0.0840189 -1.37565 -0.0536322 0.998453 0.0146817 -0.247009 -0.0831223 -0.0191158 0.996356 49.7544
0.994097 0.0520591 0.0951858 -1.34706 -0.0534343 0.9985 0.0119548 -0.236763 -0.0944207 -0.0169704 0.995388 50.0312
0.992746 0.0526034 0.108107 -1.31192 -0.0539098 0.998503 0.00919571 -0.233838 -0.107461 -0.014957 0.994097 50.3035
0.990927 0.0535286 0.123281 -1.28322 -0.0548899 0.998463 0.00766988 -0.239245 -0.122681 -0.0143672 0.992342 50.5609
0.988687 0.0543509 0.139798 -1.24812 -0.0558502 0.998416 0.0068215 -0.236799 -0.139206 -0.0145521 0.990157 50.8302
0.986139 0.0542253 0.156806 -1.19862 -0.0558859 0.998418 0.00619746 -0.234266 -0.156222 -0.0148748 0.98761 51.0813
0.983133 0.0539077 0.174766 -1.139 -0.0556273 0.998439 0.00495237 -0.242846 -0.174226 -0.0145906 0.984598 51.3388
0.979521 0.0528745 0.194274 -1.07333 -0.054766 0.998489 0.00437452 -0.240855 -0.19375 -0.0149246 0.980938 51.5947
0.975334 0.0529614 0.214286 -1.00468 -0.0549876 0.998481 0.00350178 -0.244339 -0.213775 -0.0151985 0.976765 51.8412
0.9704 0.0544839 0.235274 -0.943176 -0.0566238 0.998393 0.00234378 -0.23902 -0.234768 -0.0155965 0.971926 52.0897
0.964437 0.0554831 0.258424 -0.861535 -0.0575458 0.998343 0.00041846 -0.240843 -0.257973 -0.0152748 0.966031 52.3312
0.95782 0.0565559 0.281746 -0.797817 -0.0588194 0.998268 -0.000424094 -0.256924 -0.281282 -0.0161659 0.959489 52.5862
0.950013 0.0574646 0.306875 -0.705603 -0.0598156 0.998208 -0.00174634 -0.260023 -0.306425 -0.0166969 0.951748 52.8486
0.940753 0.0589356 0.33393 -0.611918 -0.0614774 0.998104 -0.00296097 -0.264951 -0.333471 -0.0177436 0.942593 53.1129
0.930498 0.05881 0.361545 -0.513482 -0.0614219 0.998103 -0.00427452 -0.26954 -0.361111 -0.0182294 0.932345 53.3705
0.918408 0.057394 0.391449 -0.38344 -0.060027 0.998181 -0.00551883 -0.272645 -0.391054 -0.018429 0.920183 53.6232
0.903866 0.0554609 0.424205 -0.239077 -0.0573605 0.998319 -0.00830135 -0.277642 -0.423953 -0.0168293 0.905528 53.8569
0.887497 0.0545452 0.457574 -0.103085 -0.0552215 0.998403 -0.0119087 -0.289247 -0.457493 -0.014699 0.889092 54.0877
0.868793 0.055107 0.492098 0.0531575 -0.0544841 0.998393 -0.0156126 -0.300949 -0.492168 -0.0132475 0.870399 54.3494
0.847672 0.058023 0.527337 0.233437 -0.0557457 0.99824 -0.0202276 -0.340954 -0.527583 -0.0122505 0.849415 54.5841
0.823988 0.0595855 0.563464 0.426131 -0.0560307 0.99815 -0.0236156 -0.355172 -0.563829 -0.0121124 0.825803 54.8367
0.797697 0.0619124 0.599871 0.622391 -0.0580193 0.997981 -0.0258481 -0.367738 -0.60026 -0.0141851 0.799679 55.0957
0.76877 0.065243 0.636189 0.847903 -0.0609303 0.997729 -0.0286919 -0.386005 -0.636616 -0.0167057 0.770999 55.3596
0.737221 0.0652336 0.672495 1.09103 -0.0600818 0.997714 -0.0309161 -0.407485 -0.672975 -0.0176127 0.739456 55.6121
0.701771 0.0634061 0.709575 1.36921 -0.0574613 0.997824 -0.0323339 -0.447747 -0.710081 -0.0180821 0.703888 55.8538
0.664201 0.0611825 0.745046 1.66731 -0.0550759 0.997941 -0.0328504 -0.47739 -0.745522 -0.0192149 0.666203 56.0943
0.622935 0.0602845 0.779947 1.99497 -0.0529335 0.997989 -0.0348602 -0.497638 -0.780481 -0.0195697 0.624873 56.3316
0.578168 0.0596508 0.813734 2.3357 -0.0508373 0.99802 -0.0370393 -0.516453 -0.814332 -0.0199531 0.580056 56.5531
0.531615 0.0582396 0.844981 2.70644 -0.0480132 0.998101 -0.038586 -0.548726 -0.845624 -0.0200573 0.533402 56.766
0.483841 0.0558926 0.873369 3.10349 -0.0468591 0.998181 -0.0379204 -0.571027 -0.8739 -0.0225778 0.48558 56.9761
0.435726 0.0539752 0.898459 3.5108 -0.0464897 0.998217 -0.037422 -0.593012 -0.898878 -0.0254634 0.437458 57.1614
0.386839 0.0533883 0.9206 3.94354 -0.0480047 0.998135 -0.037713 -0.623919 -0.920897 -0.0296043 0.388681 57.3295
0.338118 0.0529159 0.939615 4.39973 -0.0446356 0.998196 -0.040153 -0.640261 -0.940045 -0.0283639 0.33987 57.4711
0.291614 0.0484219 0.955309 4.86456 -0.0371404 0.998538 -0.0392756 -0.663014 -0.955815 -0.0240273 0.292986 57.5884
0.248009 0.0437979 0.967767 5.36852 -0.0268111 0.998905 -0.0383362 -0.668782 -0.968386 -0.0164392 0.248912 57.6803
0.206507 0.0419768 0.977544 5.88299 -0.0202858 0.999048 -0.0386148 -0.685336 -0.978235 -0.0118561 0.207162 57.7551
0.168286 0.043886 0.98476 6.41153 -0.0167981 0.998991 -0.0416496 -0.698933 -0.985595 -0.00953305 0.168853 57.8233
0.135536 0.044262 0.989783 6.9453 -0.0102052 0.999011 -0.0432772 -0.728666 -0.99072 -0.00423532 0.135853 57.871
0.106457 0.0425724 0.993405 7.49135 -0.00344455 0.999093 -0.042447 -0.758775 -0.994311 0.00109692 0.106507 57.9102
0.0815894 0.0406091 0.995838 8.06889 0.00133891 0.999164 -0.0408544 -0.783053 -0.996665 0.00466661 0.0814667 57.9432
0.0616182 0.0396308 0.997312 8.63437 0.00580439 0.99918 -0.0400636 -0.815437 -0.998083 0.00825742 0.0613375 57.9599
0.0461559 0.0409761 0.998093 9.212 0.00661189 0.999124 -0.0413242 -0.85005 -0.998912 0.00850661 0.0458444 57.9599
0.0330591 0.0409999 0.998612 9.80831 0.00741335 0.99912 -0.0412662 -0.871749 -0.999426 0.00876726 0.0327259 57.9687
0.0220585 0.0431138 0.998826 10.417 0.0074658 0.999034 -0.0432876 -0.891531 -0.999729 0.00841187 0.0217152 57.9722
0.0137372 0.0447263 0.998905 11.0324 0.0124819 0.998913 -0.0448984 -0.916888 -0.999828 0.013085 0.0131638 57.9721
0.00665421 0.0459034 0.998923 11.648 0.015747 0.998817 -0.0460034 -0.954101 -0.999854 0.0160361 0.00592332 57.9722
0.0023753 0.0456129 0.998956 12.2876 0.0152852 0.998841 -0.0456439 -0.993034 -0.99988 0.0153776 0.00167517 57.9685
-0.00187539 0.0432679 0.999061 12.9334 0.0130155 0.99898 -0.0432399 -1.02253 -0.999914 0.0129222 -0.00243681 57.9724
-0.00358577 0.0376015 0.999286 13.615 0.0106866 0.999237 -0.0375613 -1.04754 -0.999936 0.0105443 -0.00398505 57.9805
-0.00423533 0.0326976 0.999456 14.3084 0.0110202 0.999406 -0.0326492 -1.06978 -0.99993 0.0108759 -0.00459333 57.9751
-0.00444557 0.0309549 0.999511 14.9954 0.014495 0.999418 -0.0308875 -1.09093 -0.999885 0.0143506 -0.00489185 57.965
-0.00395461 0.0324332 0.999466 15.6969 0.0166406 0.999337 -0.0323632 -1.11402 -0.999854 0.0165037 -0.00449188 57.9657
-0.00201465 0.0386804 0.999249 16.3956 0.0160935 0.999123 -0.038643 -1.13485 -0.999868 0.0160036 -0.00263557 57.9625
0.000818084 0.0460667 0.998938 17.1104 0.0162297 0.998806 -0.0460739 -1.16778 -0.999868 0.0162501 6.92814e-05 57.9564
0.00264793 0.0472678 0.998878 17.8327 0.016582 0.998743 -0.0473053 -1.17879 -0.999859 0.0166886 0.00186063 57.9616
0.0056158 0.0443252 0.999001 18.5714 0.0163501 0.998879 -0.0444117 -1.22901 -0.999851 0.0165831 0.00488461 57.9704
0.00799615 0.039252 0.999197 19.3168 0.0159988 0.999096 -0.0393761 -1.29102 -0.99984 0.0163008 0.00736076 57.9798
0.00974483 0.0376656 0.999243 20.0345 0.014828 0.999175 -0.0378076 -1.31256 -0.999843 0.0151851 0.00917811 57.9918
0.0132521 0.0416722 0.999043 20.7524 0.019579 0.998929 -0.0419271 -1.35794 -0.99972 0.0201159 0.0124218 57.9978
0.0161595 0.0461067 0.998806 21.4696 0.0217684 0.998683 -0.0464532 -1.39811 -0.999632 0.022493 0.0151344 58.0144
0.0168881 0.0478713 0.99871 22.1797 0.0160509 0.998711 -0.0481427 -1.45812 -0.999729 0.0168432 0.0160978 58.0326
0.0211888 0.0464117 0.998697 22.925 0.0109164 0.998851 -0.0466505 -1.50033 -0.999716 0.0118907 0.0206576 58.0622
0.0253429 0.0447512 0.998676 23.6532 0.0132214 0.998895 -0.0450965 -1.57596 -0.999591 0.0143468 0.0247231 58.0726
0.0275679 0.0456065 0.998579 24.3793 0.0174241 0.998785 -0.0460969 -1.61745 -0.999468 0.0186701 0.0267396 58.0891
0.0319794 0.049955 0.998239 25.1274 0.0168979 0.99858 -0.0505134 -1.67019 -0.999346 0.0184835 0.0310897 58.1211
0.0353132 0.0518239 0.998031 25.8627 0.0137219 0.998535 -0.0523356 -1.71379 -0.999282 0.015543 0.0345501 58.1565
0.0378904 0.0514661 0.997955 26.6085 0.0125073 0.99857 -0.0519726 -1.76445 -0.999204 0.0144509 0.0371924 58.1917
0.0423265 0.0510223 0.9978 27.3653 0.0142661 0.998562 -0.0516664 -1.85131 -0.999002 0.0164216 0.0415376 58.2089
0.0458865 0.0506425 0.997662 28.1197 0.0171422 0.998527 -0.0514748 -1.90951 -0.9988 0.0194641 0.0449506 58.2458
0.0478409 0.0513806 0.997532 28.8552 0.0190707 0.998447 -0.0523423 -1.95145 -0.998673 0.0215277 0.0467865 58.2755
0.0519409 0.0517782 0.997307 29.6169 0.0197353 0.998406 -0.0528631 -2.00072 -0.998455 0.0224279 0.0508361 58.313
0.0550225 0.0505314 0.997205 30.365 0.0207944 0.998444 -0.0517415 -2.05395 -0.998268 0.0235833 0.053886 58.3292
0.0578169 0.0490803 0.99712 31.1141 0.0228207 0.998465 -0.0504697 -2.09926 -0.998066 0.025673 0.0566079 58.3561
0.0609962 0.0496499 0.996902 31.8652 0.0218729 0.998455 -0.0510656 -2.13281 -0.997898 0.0249199 0.0598159 58.3926
0.0648464 0.0516163 0.996559 32.6296 0.019745 0.998399 -0.0529964 -2.16947 -0.9977 0.0231137 0.0637233 58.4381
0.0667723 0.0515198 0.996437 33.3835 0.0209832 0.998372 -0.0530259 -2.22711 -0.997548 0.0244491 0.0655825 58.4847
0.0714234 0.0527352 0.996051 34.1701 0.0200109 0.998324 -0.0542905 -2.27105 -0.997245 0.0238095 0.0702483 58.5424
0.0729123 0.0540586 0.995872 34.9637 0.0186032 0.998282 -0.0555515 -2.3211 -0.997165 0.0225768 0.0717813 58.5991
0.0805637 0.0539226 0.99529 35.7553 0.0163815 0.998329 -0.0554133 -2.38167 -0.996615 0.0207686 0.0795456 58.673
0.0823602 0.0552755 0.995068 36.5301 0.0145924 0.998287 -0.0566621 -2.4373 -0.996496 0.0191871 0.0814124 58.7425
0.0856443 0.0583654 0.994614 37.2922 0.0130275 0.998132 -0.0596935 -2.50034 -0.99624 0.0180697 0.0847238 58.8102
0.0890089 0.0599257 0.994226 38.0655 0.0124274 0.998044 -0.0612684 -2.55233 -0.995953 0.0178091 0.0880899 58.8714
0.0919365 0.0629213 0.993775 38.8395 0.00802344 0.997922 -0.0639261 -2.60761 -0.995732 0.0138506 0.0912405 58.9446
0.0941022 0.0628001 0.99358 39.6165 0.00390965 0.997977 -0.0634484 -2.65953 -0.995555 0.00985516 0.0936662 59.0302
0.097854 0.0617117 0.993285 40.4011 0.00473466 0.998035 -0.0624732 -2.71718 -0.995189 0.0108161 0.0973694 59.1171
0.100532 0.0627957 0.99295 41.1786 0.00552944 0.997955 -0.0636721 -2.76958 -0.994918 0.0118915 0.0999789 59.1959
0.103353 0.0636271 0.992607 41.9679 0.0021203 0.997935 -0.0641894 -2.83141 -0.994642 0.00873876 0.103004 59.2891
0.107458 0.0629895 0.992212 42.7536 0.00219964 0.997973 -0.0635935 -2.88957 -0.994207 0.00901611 0.107101 59.3754
0.111712 0.0625701 0.991769 43.5455 0.00291069 0.997991 -0.0632905 -2.94418 -0.993736 0.00995699 0.111305 59.4577
0.11496 0.067508 0.991073 44.3343 -0.00129531 0.997697 -0.0678089 -2.9997 -0.993369 0.00651153 0.114783 59.5623
0.120674 0.0740637 0.989925 45.1232 -0.00326942 0.997237 -0.0742122 -3.06956 -0.992687 0.005719 0.120583 59.6768
0.126905 0.0783101 0.988818 45.9037 -0.00516606 0.996917 -0.0782884 -3.13084 -0.991901 0.00482692 0.126919 59.7829
0.133172 0.0808173 0.987792 46.7006 -0.00816952 0.996725 -0.0804467 -3.20471 -0.991059 0.00264343 0.133396 59.905
0.14051 0.0800186 0.98684 47.4964 -0.0122928 0.996792 -0.0790753 -3.27619 -0.990003 -0.00102021 0.141043 60.0231
0.148244 0.078371 0.98584 48.3096 -0.0121033 0.996924 -0.0774321 -3.34473 -0.988877 -0.000453103 0.148737 60.1465
0.15523 0.0752412 0.985008 49.1397 -0.0122227 0.997165 -0.0742436 -3.43438 -0.987803 -0.00051463 0.155709 60.2794
0.163581 0.0701348 0.984033 49.9822 -0.0140505 0.997534 -0.0687613 -3.50189 -0.98643 -0.00257813 0.164163 60.4248
0.171126 0.0636357 0.983191 50.8293 -0.0159265 0.99796 -0.0618195 -3.57591 -0.98512 -0.00507992 0.17179 60.5584
0.178482 0.0607041 0.982068 51.6628 -0.015617 0.998144 -0.0588596 -3.63216 -0.983819 -0.00483161 0.179099 60.6972
0.186695 0.0623871 0.980435 52.4786 -0.0152189 0.998045 -0.0606097 -3.68982 -0.9823 -0.00360567 0.187279 60.8531
0.193567 0.0675856 0.978756 53.2787 -0.01498 0.997711 -0.0659319 -3.74391 -0.980973 -0.00189951 0.194137 61.002
0.197955 0.0719368 0.977567 54.0754 -0.0154005 0.997408 -0.0702783 -3.78902 -0.98009 -0.00114305 0.19855 61.1642
0.204197 0.0745373 0.976088 54.8687 -0.0162002 0.997217 -0.0727618 -3.84829 -0.978796 -0.000955103 0.204836 61.3354
0.209444 0.0747959 0.974955 55.6515 -0.0185327 0.997194 -0.0725208 -3.91553 -0.977645 -0.00287952 0.210243 61.4975
0.21405 0.0711164 0.97423 56.4215 -0.0156608 0.997468 -0.0693718 -3.98081 -0.976697 -0.00040826 0.214621 61.664
0.220272 0.0655524 0.973233 57.1924 -0.0137207 0.997849 -0.064105 -4.03068 -0.975342 0.000767117 0.220698 61.8338
0.223695 0.0601156 0.972803 57.9745 -0.0146535 0.99819 -0.0583149 -4.07274 -0.974549 -0.00121023 0.224171 62.0082
0.226103 0.0572915 0.972417 58.7344 -0.0173979 0.998347 -0.054774 -4.11315 -0.973948 -0.00453342 0.226726 62.1961
0.23007 0.0563188 0.971543 59.4761 -0.0186755 0.998395 -0.0534529 -4.16698 -0.972995 -0.00584615 0.230752 62.3744
0.231822 0.0580377 0.971025 60.2028 -0.0206683 0.998287 -0.0547328 -4.19678 -0.972539 -0.00738117 0.232624 62.5521
0.234388 0.0610637 0.970223 60.9136 -0.022859 0.998095 -0.0572956 -4.23484 -0.971874 -0.00874896 0.235337 62.7459
0.236455 0.0653397 0.969442 61.616 -0.0237481 0.997827 -0.0614604 -4.26962 -0.971352 -0.00848984 0.237493 62.9297
0.237979 0.0705386 0.968705 62.3015 -0.0254256 0.99747 -0.0663869 -4.31562 -0.970937 -0.00883125 0.23917 63.1224
0.240458 0.0711437 0.968048 62.9843 -0.0252162 0.997431 -0.0670395 -4.37709 -0.970332 -0.00829034 0.241635 63.2962
0.241988 0.0708428 0.967689 63.6596 -0.0266348 0.99744 -0.0663603 -4.41359 -0.969913 -0.00971586 0.243256 63.473
0.242156 0.0688939 0.967788 64.3289 -0.0278773 0.997558 -0.0640378 -4.47003 -0.969837 -0.0114722 0.243485 63.6408
0.243983 0.0677257 0.967411 64.9775 -0.0283505 0.99763 -0.0626911 -4.51318 -0.969365 -0.012131 0.245325 63.8129
0.242643 0.0670638 0.967794 65.6284 -0.0274747 0.997682 -0.0622465 -4.55521 -0.969726 -0.0114862 0.243923 63.977
0.24024 0.066485 0.968434 66.2668 -0.027614 0.997716 -0.061645 -4.60028 -0.970321 -0.0119328 0.241527 64.1508
0.238976 0.0674957 0.968677 66.8946 -0.0294796 0.997625 -0.0622401 -4.64677 -0.970578 -0.0136823 0.240398 64.305
0.235432 0.070441 0.969334 67.5087 -0.0279316 0.997448 -0.0656999 -4.69348 -0.971489 -0.0116072 0.236799 64.4661
0.233973 0.0751418 0.969334 68.1159 -0.0300083 0.997092 -0.0700502 -4.75518 -0.97178 -0.0126983 0.235548 64.6063
0.232111 0.076142 0.969704 68.7285 -0.0302412 0.997014 -0.0710478 -4.82346 -0.972219 -0.0128341 0.23372 64.7558
0.229196 0.0758654 0.970419 69.3311 -0.0307059 0.997025 -0.0706932 -4.87113 -0.972896 -0.0135951 0.230843 64.9132
0.227276 0.0725443 0.971124 69.9089 -0.0299411 0.99727 -0.0674902 -4.89192 -0.97337 -0.0137377 0.228827 65.066
0.225569 0.0693155 0.971758 70.4933 -0.0283453 0.99751 -0.0645728 -4.92857 -0.973814 -0.0129792 0.226972 65.2183
0.223379 0.0672936 0.972406 71.0699 -0.0251806 0.997679 -0.0632581 -4.9737 -0.974406 -0.0103552 0.224555 65.3506
0.222179 0.0681998 0.972617 71.6238 -0.0212157 0.997652 -0.0651088 -5.01096 -0.974775 -0.00616895 0.223104 65.477
0.22014 0.0706853 0.972903 72.1756 -0.0201005 0.997488 -0.0679233 -5.07424 -0.975261 -0.00460322 0.221008 65.6173
0.217942 0.0722177 0.973286 72.7423 -0.0204216 0.997377 -0.0694324 -5.11283 -0.975748 -0.00474381 0.218845 65.7458
0.217466 0.0743948 0.973228 73.2783 -0.0214754 0.997214 -0.0714296 -5.16119 -0.975831 -0.00536697 0.218458 65.8824
0.216343 0.0737963 0.973524 73.8285 -0.0201679 0.997264 -0.071114 -5.20085 -0.976109 -0.00424897 0.217239 66.0245
0.216846 0.0713076 0.973597 74.3972 -0.0156957 0.997454 -0.069559 -5.2448 -0.976079 -0.000197748 0.217413 66.1623
0.220057 0.0695993 0.973001 74.9414 -0.0110439 0.997565 -0.0688586 -5.28643 -0.975424 0.00440706 0.220289 66.293
0.220894 0.0700712 0.972777 75.5148 -0.00955828 0.997523 -0.0696832 -5.34001 -0.975251 0.00609453 0.221017 66.4225
0.223138 0.0715242 0.972159 76.0937 -0.0109698 0.997425 -0.0708652 -5.40002 -0.974725 0.00514829 0.223348 66.5739
0.229285 0.0719281 0.970698 76.6593 -0.0127127 0.997402 -0.0709041 -5.43768 -0.973276 0.00391703 0.229603 66.7231
0.235758 0.0712562 0.969195 77.2346 -0.0122644 0.997447 -0.0703498 -5.49808 -0.971734 0.00469889 0.23603 66.8567
0.24323 0.0715665 0.967324 77.8164 -0.0145445 0.997431 -0.0701368 -5.55118 -0.969859 0.00299014 0.243646 67.0258
0.251882 0.0708896 0.965158 78.4058 -0.0150734 0.99748 -0.0693299 -5.59949 -0.967641 0.00291471 0.252315 67.2
0.25986 0.0706236 0.96306 78.9946 -0.0168708 0.997501 -0.0685971 -5.6386 -0.965499 0.00157798 0.260402 67.3939
0.268379 0.0708189 0.960706 79.5956 -0.019588 0.997489 -0.0680583 -5.69706 -0.963114 -0.000552961 0.269092 67.5787
0.276822 0.0738415 0.958079 80.1904 -0.0253316 0.997257 -0.0695419 -5.74988 -0.960587 -0.00501902 0.277933 67.783
0.28517 0.0764934 0.955419 80.7878 -0.0293974 0.997039 -0.0710511 -5.79808 -0.958026 -0.00782515 0.286575 67.9802
0.295948 0.0790305 0.951929 81.3922 -0.0335627 0.996816 -0.0723227 -5.85329 -0.954614 -0.0105456 0.297658 68.181
0.30574 0.0806079 0.948696 82.0079 -0.0344304 0.996694 -0.0735901 -5.91378 -0.951492 -0.0101646 0.307505 68.3958
0.314865 0.0818881 0.945597 82.6274 -0.0363769 0.99658 -0.0741905 -5.95915 -0.948439 -0.0110379 0.316767 68.6147
0.323744 0.0820276 0.942582 83.2556 -0.0364954 0.996576 -0.0741914 -6.00102 -0.94544 -0.0103809 0.325629 68.8473
0.333287 0.0828921 0.939174 83.8931 -0.0391477 0.996485 -0.0740579 -6.03225 -0.942012 -0.0120841 0.33536 69.1006
0.3443 0.0803313 0.935416 84.5284 -0.0405637 0.996675 -0.0706617 -6.07715 -0.937983 -0.0136152 0.346414 69.3498
0.353639 0.0731367 0.932518 85.1894 -0.0361135 0.997263 -0.0645193 -6.12437 -0.934684 -0.0108599 0.355312 69.6131
0.364071 0.070429 0.928704 85.8628 -0.0360244 0.997455 -0.0615205 -6.15866 -0.930674 -0.0110582 0.365682 69.8767
0.374743 0.0662752 0.924757 86.5444 -0.0338656 0.997754 -0.0577832 -6.19172 -0.92651 -0.00966364 0.376146 70.1595
0.382981 0.0635862 0.921565 87.216 -0.029498 0.997961 -0.0565987 -6.23693 -0.923285 -0.00550813 0.384076 70.4487
0.392011 0.0594297 0.918038 87.8926 -0.0230748 0.998232 -0.0547679 -6.25263 -0.919671 0.000285993 0.39269 70.7528
0.400335 0.0487736 0.91507 88.6 -0.0116154 0.998772 -0.0481533 -6.26814 -0.916295 0.0086485 0.40041 71.0563
0.407064 0.0433121 0.912372 89.3356 -0.00491587 0.998964 -0.0452296 -6.29924 -0.913386 0.0139262 0.406855 71.3938
0.415419 0.0418449 0.908667 90.0397 -0.00042085 0.99895 -0.0458101 -6.31029 -0.90963 0.0186479 0.415 71.7341
0.42143 0.0466182 0.905661 90.748 0.00218338 0.998622 -0.0524193 -6.34617 -0.906858 0.0240685 0.420748 72.0704
0.427814 0.0503059 0.902465 91.4472 0.0068897 0.998239 -0.0589107 -6.37509 -0.90384 0.0314205 0.426715 72.4118
0.433417 0.0509393 0.899752 92.1485 0.00745349 0.998164 -0.0601012 -6.41537 -0.901162 0.0327552 0.432242 72.7699
0.437187 0.0520425 0.897863 92.8577 0.00274676 0.998242 -0.0591982 -6.44796 -0.899366 0.0283469 0.436276 73.1303
0.441424 0.0551581 0.895601 93.5428 -0.00353474 0.998208 -0.0597353 -6.49768 -0.897291 0.0232029 0.440828 73.4956
0.445279 0.0565467 0.893604 94.2241 -0.00259917 0.998081 -0.0618627 -6.54881 -0.895388 0.0252235 0.444572 73.8325
0.44821 0.0604469 0.891882 94.9039 -0.00527069 0.997872 -0.0649815 -6.60234 -0.893913 0.0244245 0.447575 74.1805
0.451347 0.0626963 0.890143 95.5578 -0.0076156 0.997763 -0.0664149 -6.65486 -0.892316 0.0231972 0.450815 74.5324
0.453719 0.0619884 0.888986 96.2078 -0.0080985 0.997823 -0.0654442 -6.70731 -0.891108 0.0224938 0.453233 74.8769
0.456755 0.0586294 0.887658 96.8654 -0.00683546 0.998027 -0.062402 -6.76744 -0.889566 0.0224349 0.456255 75.2178
0.460378 0.0579511 0.885829 97.5114 -0.00794566 0.998096 -0.0611662 -6.81455 -0.887687 0.021121 0.459962 75.5499
0.462675 0.0551792 0.884809 98.1423 -0.00599667 0.998233 -0.0591169 -6.85322 -0.886508 0.0220459 0.462188 75.878
0.465152 0.0560704 0.883453 98.7493 -0.00747713 0.998205 -0.0594165 -6.89131 -0.885199 0.021032 0.464737 76.2039
0.467002 0.0560365 0.882479 99.3482 -0.0063737 0.998177 -0.0600103 -6.94439 -0.884233 0.0224002 0.466508 76.5269
0.467311 0.0541678 0.882432 99.9369 -0.00362961 0.99823 -0.0593539 -6.99594 -0.884085 0.0245339 0.466681 76.8353
0.467156 0.0523446 0.882624 100.52 -0.000554771 0.998263 -0.058909 -7.04479 -0.884175 0.02703 0.466374 77.1467
0.467182 0.0531999 0.882559 101.093 -0.00241011 0.998261 -0.0588985 -7.09367 -0.884158 0.0253892 0.466497 77.4666
0.467439 0.0527883 0.882448 101.663 -0.00040832 0.998228 -0.059498 -7.1436 -0.884025 0.0274513 0.466632 77.7814
0.468344 0.0552346 0.881818 102.225 -0.00199152 0.998107 -0.061461 -7.1965 -0.883544 0.0270287 0.467567 78.0791
0.470812 0.0554506 0.880489 102.764 0.00010439 0.998019 -0.0629081 -7.24068 -0.882233 0.0297098 0.469874 78.3842
0.473218 0.0531171 0.879342 103.323 0.00350948 0.998059 -0.0621768 -7.28387 -0.880938 0.0325092 0.472113 78.6775
0.474568 0.0533487 0.878601 103.864 0.00587376 0.997947 -0.0637681 -7.32803 -0.880199 0.0354229 0.47328 78.9851
0.477967 0.0516634 0.876857 104.388 0.00708208 0.998009 -0.062662 -7.37759 -0.878349 0.0361603 0.47665 79.2773
0.480725 0.0509277 0.875391 104.914 0.00781489 0.998023 -0.0623537 -7.42368 -0.876837 0.036816 0.479377 79.5702
0.483492 0.0500661 0.873915 105.445 0.00770626 0.998081 -0.061443 -7.46763 -0.875315 0.0364418 0.482179 79.8569
0.487169 0.0496572 0.871895 105.949 0.00913117 0.998038 -0.0619435 -7.51148 -0.87326 0.0381383 0.485759 80.1515
0.490065 0.0508267 0.870203 106.468 0.00813843 0.997988 -0.0628736 -7.56008 -0.871648 0.0378942 0.488665 80.4365
0.494037 0.0500651 0.867998 106.971 0.0105627 0.997921 -0.0635709 -7.60264 -0.869376 0.0405748 0.492482 80.7216
0.498621 0.0530639 0.865194 107.464 0.00849832 0.997777 -0.0660932 -7.64345 -0.866778 0.0403081 0.497062 81.0108
0.503069 0.058268 0.862279 107.951 0.00505741 0.997509 -0.0703566 -7.68874 -0.864231 0.0397551 0.501521 81.306
0.507713 0.0633199 0.859196 108.433 0.000397824 0.997278 -0.0737311 -7.73525 -0.861526 0.0377761 0.506306 81.6043
0.513012 0.0693816 0.855572 108.899 -0.00551488 0.996974 -0.0775415 -7.78621 -0.858364 0.0350613 0.511842 81.9118
0.518528 0.0741852 0.851836 109.393 -0.00835141 0.996621 -0.0817107 -7.83227 -0.85502 0.0352552 0.517395 82.2184
0.523534 0.0746104 0.848731 109.877 -0.0115665 0.996689 -0.0804823 -7.88306 -0.851926 0.0323183 0.522663 82.5426
0.527913 0.073661 0.846097 110.368 -0.0172585 0.996956 -0.0760264 -7.93356 -0.849123 0.025533 0.527578 82.8733
0.532571 0.0717024 0.843343 110.873 -0.0217367 0.997235 -0.0710599 -7.98857 -0.846106 0.0195129 0.532657 83.2142
0.538993 0.0701666 0.839382 111.378 -0.0279213 0.997465 -0.0654521 -8.03528 -0.841848 0.0118415 0.539585 83.5632
0.544335 0.068835 0.836039 111.894 -0.0290476 0.997576 -0.0632226 -8.08602 -0.838365 0.0101293 0.545015 83.9236
0.54979 0.0714598 0.83224 112.411 -0.0330726 0.997415 -0.0637941 -8.13004 -0.834648 0.00754895 0.550732 84.2884
0.555997 0.0755431 0.827744 112.932 -0.0368634 0.997122 -0.06624 -8.16894 -0.830367 0.00631574 0.557182 84.6679
0.561687 0.0778662 0.823677 113.458 -0.0387856 0.996945 -0.0677971 -8.20747 -0.82644 0.00613388 0.562991 85.0481
0.567511 0.0800363 0.819466 113.99 -0.0405101 0.996773 -0.0692989 -8.25041 -0.822369 0.00613119 0.568922 85.439
0.574382 0.081125 0.814557 114.526 -0.0426608 0.996691 -0.0691824 -8.29598 -0.817475 0.00498735 0.575942 85.8442
0.580716 0.082939 0.80987 115.083 -0.0459605 0.99655 -0.0691011 -8.34561 -0.812808 0.00290601 0.582524 86.2586
0.586521 0.0819186 0.80578 115.65 -0.0462568 0.996636 -0.0676517 -8.40869 -0.808612 0.00240627 0.588338 86.6831
0.595146 0.0796778 0.799657 116.217 -0.0463571 0.996819 -0.0648216 -8.45746 -0.80228 0.00150842 0.596947 87.122
0.602397 0.0790238 0.794275 116.797 -0.0464685 0.996871 -0.0639376 -8.50325 -0.796843 0.00160697 0.604184 87.5741
0.609376 0.0811626 0.788716 117.383 -0.0499236 0.9967 -0.0639934 -8.5363 -0.791309 -0.000379574 0.611417 88.039
0.617129 0.081763 0.782602 117.972 -0.0510646 0.996651 -0.0638584 -8.57657 -0.785203 -0.000554395 0.619238 88.5169
0.623511 0.0821279 0.777489 118.561 -0.0524321 0.996621 -0.0632271 -8.61614 -0.780055 -0.00134261 0.62571 89.0062
0.628273 0.0805006 0.773817 119.156 -0.0510249 0.996754 -0.062265 -8.66623 -0.776318 -0.000364571 0.630341 89.4952
0.632529 0.0788162 0.770516 119.767 -0.0498424 0.996889 -0.0610555 -8.72118 -0.772931 0.000214999 0.63449 90.0007
0.635406 0.0771766 0.768312 120.384 -0.0467493 0.997012 -0.061487 -8.77187 -0.770762 0.00315109 0.637115 90.5067
0.639116 0.0741825 0.765524 121.009 -0.0420451 0.997219 -0.0615323 -8.82302 -0.767961 0.00713963 0.640457 91.0191
0.642574 0.0679662 0.763203 121.647 -0.034822 0.997619 -0.0595237 -8.87306 -0.765432 0.011672 0.643411 91.5415
0.645652 0.0628286 0.761042 122.281 -0.0294518 0.997917 -0.0573977 -8.91702 -0.763064 0.0146448 0.646157 92.0668
0.648848 0.0562946 0.758832 122.909 -0.0225363 0.998244 -0.0547856 -8.96694 -0.760584 0.0184462 0.648977 92.6084
0.652374 0.0555634 0.755858 123.544 -0.0218305 0.998273 -0.0545417 -9.00342 -0.757583 0.0190807 0.65246 93.1593
0.654497 0.0573122 0.753889 124.18 -0.0242431 0.998201 -0.0548383 -9.05434 -0.755676 0.0176148 0.654709 93.7215
0.65914 0.0593842 0.749672 124.821 -0.0269514 0.998102 -0.0553665 -9.09584 -0.751537 0.0162895 0.65949 94.2994
0.662015 0.062302 0.746896 125.456 -0.0314731 0.997971 -0.055349 -9.13662 -0.748829 0.0131347 0.662633 94.8887
0.665232 0.0614865 0.7441 126.102 -0.0337227 0.99806 -0.0523234 -9.1847 -0.745875 0.00971408 0.666015 95.4701
0.669057 0.0591487 0.740853 126.758 -0.035565 0.998234 -0.0475792 -9.21517 -0.74236 0.0054847 0.669979 96.072
0.67236 0.0542191 0.738236 127.411 -0.0349299 0.998527 -0.041523 -9.26001 -0.7394 0.00213188 0.673263 96.6822
0.676826 0.0505559 0.734405 128.081 -0.0324852 0.998718 -0.0388128 -9.28864 -0.735426 0.00241214 0.677601 97.3092
0.681108 0.0480539 0.730604 128.753 -0.0288481 0.99883 -0.0388022 -9.32858 -0.731615 0.00535185 0.681698 97.9445
0.68707 0.0459546 0.725137 129.424 -0.0200991 0.998818 -0.0442548 -9.36882 -0.726314 0.0158315 0.687181 98.5818
0.691355 0.0506615 0.720737 130.093 -0.0194405 0.998482 -0.0515366 -9.41461 -0.722254 0.0216185 0.69129 99.2332
0.697845 0.0514933 0.714395 130.766 -0.016997 0.998322 -0.0553554 -9.46939 -0.716047 0.0264869 0.69755 99.8848
0.704291 0.0491997 0.708205 131.425 -0.0164771 0.99846 -0.052978 -9.49694 -0.70972 0.0256427 0.704017 100.546
0.710433 0.0447107 0.702343 132.067 -0.0126454 0.99863 -0.0507811 -9.56117 -0.703652 0.0271951 0.710025 101.205
0.71601 0.0423788 0.696803 132.732 -0.00966857 0.998662 -0.0508024 -9.59407 -0.698023 0.0296379 0.715462 101.893
0.721588 0.0438455 0.690932 133.365 -0.00847178 0.998477 -0.0545141 -9.652 -0.69227 0.0334833 0.720861 102.567
0.724515 0.045079 0.687783 134.027 -0.00817552 0.998351 -0.0568222 -9.71015 -0.68921 0.0355455 0.723689 103.255
0.728531 0.0410269 0.683783 134.655 -0.00469019 0.99848 -0.0549117 -9.76168 -0.684996 0.0367978 0.727617 103.946
0.730571 0.0348867 0.681945 135.312 -0.000807205 0.998737 -0.0502283 -9.8112 -0.682836 0.0361448 0.729677 104.634
0.730957 0.0313022 0.681705 135.942 0.00211701 0.998838 -0.0481342 -9.87025 -0.68242 0.0366271 0.730042 105.325
0.73213 0.0268659 0.680634 136.601 0.00610113 0.998923 -0.0459921 -9.91738 -0.681137 0.0378248 0.731178 106.01
0.731293 0.0242655 0.681631 137.245 0.00797861 0.998994 -0.0441232 -9.96079 -0.682016 0.0377055 0.730365 106.707
0.729942 0.0256897 0.683026 137.908 0.00518543 0.999056 -0.0431177 -9.98869 -0.683489 0.0350152 0.729121 107.404
0.729849 0.0269757 0.683076 138.559 0.00375483 0.999048 -0.0434659 -10.0425 -0.683598 0.0342883 0.729053 108.113
0.727043 0.0303629 0.68592 139.217 0.000411151 0.999002 -0.0446576 -10.083 -0.686591 0.03275 0.726306 108.821
0.725351 0.0317669 0.687645 139.865 -0.00171235 0.999015 -0.0443449 -10.1306 -0.688376 0.0309881 0.724691 109.514
0.721856 0.0332808 0.691242 140.522 -0.00460401 0.999052 -0.0432928 -10.1526 -0.692028 0.0280686 0.721325 110.201
0.719265 0.0334988 0.693928 141.174 -0.00581248 0.999092 -0.0422057 -10.1893 -0.694711 0.0263236 0.718807 110.886
0.716135 0.0335681 0.697154 141.817 -0.0075844 0.999158 -0.0403187 -10.2284 -0.69792 0.0235861 0.715787 111.588
0.713757 0.0326858 0.69963 142.46 -0.00870779 0.999247 -0.0377999 -10.2705 -0.700339 0.0208877 0.713505 112.264
0.71069 0.0291262 0.702902 143.101 -0.00496387 0.999325 -0.0363902 -10.3039 -0.703487 0.022373 0.710355 112.941
0.709286 0.0319788 0.704195 143.749 -0.00601463 0.999208 -0.0393177 -10.3645 -0.704895 0.023652 0.708917 113.606
0.705009 0.0415515 0.707979 144.42 -0.010304 0.998777 -0.0483577 -10.3944 -0.709122 0.0267976 0.704576 114.281
0.702656 0.0470481 0.709973 145.086 -0.0134837 0.998513 -0.0528242 -10.4428 -0.711402 0.0275441 0.702245 114.966
0.69931 0.0450003 0.713401 145.745 -0.0137759 0.998679 -0.0494914 -10.5042 -0.714685 0.0247821 0.699006 115.651
0.696079 0.0451352 0.716544 146.406 -0.0197282 0.998847 -0.0437527 -10.5646 -0.717693 0.0163192 0.696168 116.315
0.692346 0.0420898 0.720337 147.069 -0.0202687 0.999038 -0.0388934 -10.6018 -0.72128 0.0123273 0.692533 116.989
0.68923 0.04194 0.723328 147.744 -0.020576 0.999053 -0.0383211 -10.6515 -0.72425 0.0115288 0.689441 117.646
0.686405 0.0395922 0.726141 148.411 -0.0174724 0.999126 -0.0379602 -10.6961 -0.727009 0.0133686 0.686497 118.301
0.683341 0.0372822 0.729146 149.095 -0.014194 0.999185 -0.0377872 -10.7598 -0.729961 0.015472 0.683314 118.947
0.680704 0.0387784 0.731531 149.752 -0.0139289 0.999102 -0.0400012 -10.8189 -0.732425 0.0170395 0.680634 119.578
0.677486 0.0386356 0.734519 150.429 -0.0116945 0.999059 -0.0417639 -10.8648 -0.735442 0.0197046 0.677301 120.204
0.672666 0.0362289 0.739058 151.111 -0.00964021 0.999145 -0.0402042 -10.9 -0.739883 0.0199193 0.672441 120.843
0.668757 0.0375334 0.742533 151.791 -0.0118498 0.999136 -0.0398317 -10.9323 -0.743386 0.0178388 0.668624 121.451
0.663382 0.0389478 0.747267 152.481 -0.01311 0.999096 -0.0404349 -10.9783 -0.748166 0.0170271 0.663293 122.072
0.65628 0.0403227 0.753439 153.18 -0.0143944 0.999058 -0.0409296 -11.0158 -0.75438 0.0160159 0.656243 122.687
0.651161 0.0437115 0.757679 153.895 -0.0158466 0.998905 -0.0440093 -11.0702 -0.758774 0.0166505 0.651141 123.311
0.644932 0.0495097 0.762634 154.592 -0.0196898 0.998644 -0.0481803 -11.1138 -0.763985 0.0160569 0.645033 123.933
0.637033 0.0521411 0.769071 155.318 -0.019941 0.99849 -0.0511777 -11.1452 -0.770578 0.0172658 0.637112 124.532
0.631211 0.0469647 0.774188 156.05 -0.0200173 0.998819 -0.044271 -11.1862 -0.775352 0.0124472 0.631406 125.135
0.623838 0.044532 0.780284 156.791 -0.0243471 0.998998 -0.0375488 -11.2068 -0.781174 0.00442672 0.624297 125.739
0.615754 0.0396738 0.786939 157.531 -0.0231624 0.999211 -0.0322518 -11.2444 -0.787597 0.00163181 0.616188 126.344
0.610107 0.0399809 0.791309 158.279 -0.0254694 0.999199 -0.0308473 -11.2718 -0.791909 -0.00133401 0.610638 126.947
0.601459 0.0412094 0.79784 159.018 -0.0252333 0.99915 -0.0325849 -11.3069 -0.798504 -0.000533719 0.601988 127.512
0.593369 0.0419343 0.803837 159.758 -0.0191204 0.999094 -0.0380063 -11.3564 -0.804702 0.00718204 0.593634 128.078
0.586951 0.0495887 0.808102 160.516 -0.0191754 0.998694 -0.0473565 -11.3905 -0.809395 0.0123003 0.587135 128.617
0.578916 0.0527258 0.813681 161.277 -0.016559 0.998461 -0.052918 -11.4347 -0.815219 0.0171614 0.578899 129.149
0.571423 0.049114 0.819184 162.063 -0.0137746 0.998641 -0.0502648 -11.4826 -0.82054 0.0174385 0.571323 129.673
0.564305 0.0451327 0.824331 162.836 -0.0104703 0.998815 -0.0475183 -11.5405 -0.825499 0.0181838 0.56411 130.195
0.556941 0.0449411 0.829335 163.617 -0.0118881 0.998864 -0.0461442 -11.5924 -0.830466 0.0158404 0.556843 130.707
0.54953 0.0474954 0.834123 164.391 -0.0135782 0.998758 -0.0479243 -11.6571 -0.835363 0.01501 0.549493 131.223
0.543424 0.0477762 0.838097 165.173 -0.0116978 0.998713 -0.0493473 -11.7066 -0.839376 0.0170126 0.543284 131.739
0.538703 0.0422253 0.841437 165.954 -0.00777581 0.99895 -0.0451514 -11.753 -0.842459 0.0177803 0.538466 132.219
0.532582 0.0404449 0.845411 166.733 -0.00538786 0.998999 -0.0443985 -11.8066 -0.84636 0.0190909 0.532268 132.71
0.529637 0.0393304 0.847312 167.501 -0.00605521 0.999074 -0.0425899 -11.8452 -0.848202 0.0174265 0.529385 133.192
0.525316 0.0401597 0.849959 168.271 -0.00590144 0.999033 -0.0435559 -11.8872 -0.850886 0.0178646 0.525046 133.674
0.520708 0.0425066 0.852676 169.022 -0.00491767 0.998892 -0.0467925 -11.9341 -0.85372 0.020172 0.520341 134.164
