1 0 0 0 0 1 0 0 0 0 1 0
1 -0.00037511 -0.000157649 -0.00505556 0.000375267 0.999999 0.000997766 -0.0258773 0.000157275 -0.000997825 0.999999 1.31852
1 -0.000554407 0.000415572 -0.00811744 0.000553764 0.999999 0.0015464 -0.028908 -0.000416428 -0.00154617 0.999999 2.62339
1 -0.000770855 -0.000455857 -0.00885167 0.000771657 0.999998 0.00176177 -0.0452939 0.000454498 -0.00176212 0.999998 3.94455
1 -0.000683782 0.000790468 -0.0205038 0.000682752 0.999999 0.00130196 -0.0582386 -0.000791357 -0.00130142 0.999999 5.27399
1 -0.000157024 -0.00038596 -0.0214222 0.000158083 0.999996 0.00274679 -0.0614218 0.000385527 -0.00274685 0.999996 6.62097
0.999998 -0.00205613 -0.000462143 -0.0261755 0.00205779 0.999991 0.00361172 -0.0903898 0.000454713 -0.00361266 0.999993 7.94859
0.999997 -0.00258296 4.87445e-05 -0.0384337 0.00258282 0.999993 0.00270209 -0.0781047 -5.57236e-05 -0.00270196 0.999996 9.29096
0.999999 -0.00131729 -0.000622073 -0.0437873 0.00131821 0.999998 0.00148129 -0.116561 0.00062012 -0.00148211 0.999999 10.6366
1 0.00101919 0.000191419 -0.0548966 -0.00101909 0.999999 -0.000519531 -0.109223 -0.000191948 0.000519336 1 11.9717
0.999995 0.00327269 -0.000626884 -0.0611774 -0.00327326 0.999994 -0.000928845 -0.138985 0.00062384 0.000930892 0.999999 13.3062
0.99998 0.00631449 -0.000189357 -0.0749399 -0.00631493 0.999977 -0.0024723 -0.153303 0.000173741 0.00247345 0.999997 14.6589
0.999981 0.00613761 0.00101529 -0.0843034 -0.00613572 0.999979 -0.00184827 -0.161341 -0.00102661 0.001842 0.999998 15.9998
0.999988 0.00487069 0.00129651 -0.0755258 -0.00487199 0.999987 0.000998456 -0.167869 -0.00129163 -0.00100476 0.999999 17.3466
0.999994 0.00151926 0.00338285 -0.0674266 -0.00153576 0.999987 0.00487914 -0.168073 -0.00337539 -0.0048843 0.999982 18.6855
0.999997 -0.00184725 0.00194783 -0.0531786 0.00184354 0.999996 0.00190285 -0.203033 -0.00195134 -0.00189925 0.999996 20.0269
0.999992 -0.00221929 0.00347184 -0.0404542 0.00222338 0.999997 -0.00117538 -0.180072 -0.00346922 0.00118309 0.999993 21.3149
0.999994 -0.00122018 0.00324824 -0.0342711 0.00122512 0.999998 -0.00151864 -0.175788 -0.00324638 0.00152261 0.999994 22.6686
0.999991 0.000601681 0.00417754 -0.0381846 -0.000596387 0.999999 -0.00126894 -0.170372 -0.0041783 0.00126643 0.99999 24.0264
0.99998 0.000379662 0.00629245 -0.0411982 -0.000391637 0.999998 0.00190162 -0.182019 -0.00629172 -0.00190405 0.999978 25.3794
0.999986 0.000303169 0.00536812 -0.0328205 -0.000319445 0.999995 0.00303105 -0.201882 -0.00536718 -0.00303272 0.999981 26.7563
0.999974 -0.00261236 0.00682888 -0.0222882 0.00258861 0.99999 0.00348371 -0.239537 -0.00683792 -0.00346594 0.99997 28.0702
0.999986 -0.00254606 0.0046061 -0.0197122 0.00253507 0.999994 0.0023903 -0.251357 -0.00461216 -0.00237859 0.999986 29.4656
0.999974 -0.00245235 0.00675923 -0.0163372 0.00243764 0.999995 0.00218297 -0.280432 -0.00676455 -0.00216643 0.999975 30.8257
0.999982 0.000345427 0.00605753 -0.0279173 -0.000347957 1 0.00041638 -0.286433 -0.00605738 -0.000418482 0.999982 32.2326
0.99998 0.00011535 0.00642415 -0.0207672 -0.000120181 1 0.000751366 -0.303858 -0.00642406 -0.000752124 0.999979 33.6271
0.999978 -0.000227672 0.00663267 -0.00742991 0.000222256 1 0.000817029 -0.326428 -0.00663285 -0.000815539 0.999978 35.0177
0.999988 -0.000242697 0.00503692 -0.00268464 0.000228389 0.999996 0.00284056 -0.335107 -0.00503759 -0.00283938 0.999983 36.4195
0.999982 0.000506572 0.00596782 -0.00880704 -0.000533928 0.999989 0.00458275 -0.347148 -0.00596544 -0.00458585 0.999972 37.8021
0.999983 0.00328047 0.00481051 -0.00273153 -0.00329722 0.999988 0.00347879 -0.333739 -0.00479904 -0.00349459 0.999982 39.2062
0.999975 0.00511257 0.00500409 -0.0192847 -0.00513518 0.999977 0.00451538 -0.349808 -0.00498089 -0.00454096 0.999977 40.5752
0.999962 0.00654294 0.00580252 -0.0221393 -0.00657202 0.999966 0.00500602 -0.35573 -0.00576957 -0.00504396 0.999971 41.9791
0.99997 0.00667357 0.00401309 -0.0310267 -0.00669764 0.999959 0.00601561 -0.360718 -0.00397278 -0.00604231 0.999974 43.4102
0.999966 0.0066725 0.0049535 -0.0337366 -0.00670411 0.999957 0.00639198 -0.36732 -0.00491063 -0.00642497 0.999967 44.8155
0.999981 0.00559377 0.00276556 -0.0345478 -0.00560827 0.99997 0.00526288 -0.392657 -0.00273604 -0.00527829 0.999982 46.2422
0.999987 0.00475245 0.00212514 -0.0409989 -0.00476291 0.999976 0.00494356 -0.394409 -0.0021016 -0.00495361 0.999986 47.6603
0.999986 0.00535336 -0.000475828 -0.0486267 -0.00535053 0.999969 0.00576626 -0.397123 0.000506682 -0.00576363 0.999983 49.0887
0.999986 0.00513373 -0.00173934 -0.0638645 -0.00512149 0.999962 0.0069681 -0.396907 0.00177504 -0.00695909 0.999974 50.5076
0.999985 0.00546143 -0.00119952 -0.0647137 -0.00545255 0.999958 0.00728681 -0.410879 0.00123927 -0.00728016 0.999973 51.9121
0.999977 0.00583407 -0.00372775 -0.0785452 -0.00580258 0.999948 0.00840491 -0.413207 0.00377659 -0.00838308 0.999958 53.3474
0.999986 0.00435729 -0.00302624 -0.0875547 -0.00432917 0.999948 0.00923558 -0.415228 0.00306633 -0.00922235 0.999953 54.771
0.999978 0.00442765 -0.00504262 -0.0972707 -0.00437974 0.999945 0.00947114 -0.413299 0.00508428 -0.00944884 0.999942 56.2088
0.999968 0.00166387 -0.00789167 -0.0889852 -0.00158435 0.999948 0.0100722 -0.433166 0.00790801 -0.0100594 0.999918 57.6513
0.999979 0.00038494 -0.00656 -0.0989705 -0.00031581 0.999944 0.0105365 -0.438887 0.00656369 -0.0105342 0.999923 59.0711
0.999975 -0.00115176 -0.00707707 -0.0887674 0.00121546 0.999958 0.00900412 -0.417079 0.0070664 -0.00901249 0.999934 60.4028
0.999986 -0.00180224 -0.00516745 -0.0971223 0.00185111 0.999953 0.00946922 -0.424223 0.00515014 -0.00947865 0.999942 61.8141
0.999981 -0.00238742 -0.00582322 -0.0945304 0.00244699 0.999944 0.010246 -0.456967 0.00579844 -0.0102601 0.999931 63.2528
0.999974 -0.00430429 -0.00581686 -0.107916 0.00436249 0.99994 0.0100326 -0.450472 0.00577332 -0.0100577 0.999933 64.6781
0.999984 -0.00443615 -0.00355774 -0.127866 0.00447081 0.999942 0.0097965 -0.457601 0.00351407 -0.00981225 0.999946 66.0708
0.999988 -0.0033413 -0.00379068 -0.151086 0.00338114 0.999938 0.0105556 -0.471686 0.00375517 -0.0105683 0.999937 67.4807
0.999998 -0.000674988 -0.00233456 -0.163882 0.000702583 0.999929 0.0118421 -0.477634 0.0023264 -0.0118437 0.999927 68.8995
0.999991 0.00176172 -0.00399642 -0.179072 -0.00171238 0.999922 0.0123168 -0.47949 0.00401781 -0.0123098 0.999916 70.3522
0.999976 0.00636306 -0.00297693 -0.198717 -0.00632256 0.99989 0.0134216 -0.492828 0.003062 -0.0134024 0.999906 71.7486
0.999945 0.00999695 -0.0032917 -0.219326 -0.00995173 0.999859 0.0134772 -0.489702 0.00342596 -0.0134437 0.999904 73.159
0.999896 0.0141522 -0.00295356 -0.234982 -0.0141127 0.999816 0.0129995 -0.488745 0.00313698 -0.0129564 0.999911 74.5641
0.999896 0.0144305 -0.00135967 -0.246977 -0.0144116 0.999811 0.0129932 -0.49305 0.00154691 -0.0129723 0.999915 75.9485
0.999894 0.0144453 -0.00186381 -0.259703 -0.0144184 0.999802 0.0136971 -0.497004 0.0020613 -0.0136688 0.999905 77.3522
0.999925 0.012202 -0.00114256 -0.263721 -0.0121868 0.999848 0.0124644 -0.50121 0.00129448 -0.0124495 0.999922 78.7236
0.99994 0.0104035 -0.00348079 -0.269395 -0.010369 0.999898 0.00978187 -0.477224 0.0035822 -0.00974519 0.999946 80.0919
0.999952 0.0089967 -0.00409904 -0.28616 -0.00896192 0.999924 0.00842639 -0.482768 0.00417454 -0.00838924 0.999956 81.4933
0.999967 0.00750508 -0.00343876 -0.291315 -0.0074768 0.999938 0.0081652 -0.503545 0.00349983 -0.00813921 0.999961 82.8284
0.999957 0.00812548 -0.00466079 -0.308569 -0.00808697 0.999933 0.00822303 -0.508588 0.00472729 -0.00818497 0.999955 84.2128
0.999957 0.00733102 -0.00584056 -0.3097 -0.00728266 0.999939 0.00825757 -0.508864 0.00590074 -0.00821467 0.999949 85.5801
0.999953 0.00457173 -0.00860427 -0.326119 -0.00451488 0.999967 0.00661559 -0.512423 0.00863423 -0.00657643 0.999941 86.9983
0.999927 0.00339162 -0.0116431 -0.336662 -0.00331538 0.999972 0.00656199 -0.519081 0.0116651 -0.00652291 0.999911 88.4106
0.99993 -0.000801986 -0.0118424 -0.350884 0.000875694 0.99998 0.00622095 -0.528435 0.0118371 -0.00623088 0.999911 89.7934
0.999907 -0.00244095 -0.0134272 -0.372464 0.00252016 0.999979 0.00588607 -0.543422 0.0134125 -0.00591936 0.999893 91.1854
0.999894 -0.00452982 -0.0138561 -0.386249 0.00461106 0.999972 0.00583802 -0.540245 0.0138293 -0.00590129 0.999887 92.5529
0.999877 -0.00535588 -0.0147583 -0.413831 0.00545004 0.999965 0.0063483 -0.563134 0.0147238 -0.00642795 0.999871 93.9324
0.999865 -0.00553256 -0.0155158 -0.444595 0.00562624 0.999966 0.00600145 -0.570341 0.0154821 -0.00608793 0.999862 95.276
0.999848 -0.00382071 -0.0170149 -0.475318 0.00393332 0.99997 0.0065905 -0.57842 0.0169892 -0.00665642 0.999833 96.6207
0.999828 -0.00577138 -0.0176593 -0.50112 0.0058841 0.999962 0.00633847 -0.602858 0.0176221 -0.00644129 0.999824 97.9825
0.999805 -0.00632147 -0.0187207 -0.539834 0.00643015 0.999962 0.00575164 -0.6121 0.0186837 -0.00587089 0.999808 99.3335
0.999801 -0.00589307 -0.0190637 -0.570694 0.00602803 0.999957 0.00703032 -0.627244 0.0190215 -0.00714383 0.999794 100.693
0.999806 -0.00609259 -0.0187786 -0.598282 0.0062241 0.999956 0.00695339 -0.630767 0.0187354 -0.00706892 0.999799 102.007
0.999785 -0.00622675 -0.0198197 -0.633108 0.00635673 0.999958 0.00650277 -0.642197 0.0197784 -0.00662736 0.999782 103.359
0.999767 -0.00658085 -0.0205796 -0.662017 0.00667897 0.999966 0.00470337 -0.650404 0.0205479 -0.00483972 0.999777 104.698
0.999736 -0.00739842 -0.0217524 -0.714815 0.00745836 0.999968 0.00267646 -0.673914 0.0217319 -0.00283799 0.99976 106.002
0.999698 -0.0102848 -0.0223632 -0.742871 0.0103505 0.999942 0.00282445 -0.686931 0.0223328 -0.00305506 0.999746 107.357
0.999683 -0.0123141 -0.0219798 -0.772569 0.0123957 0.999916 0.00358139 -0.692967 0.0219339 -0.00385271 0.999752 108.653
0.999658 -0.0140828 -0.0220568 -0.805866 0.0141593 0.999894 0.00331659 -0.710478 0.0220078 -0.00362776 0.999751 109.987
0.999625 -0.0145764 -0.0232224 -0.848162 0.0146153 0.999892 0.00150728 -0.755795 0.0231979 -0.00184612 0.999729 111.263
0.999631 -0.0126486 -0.0240546 -0.890096 0.0126568 0.999919 0.000189068 -0.763262 0.0240502 -0.00049345 0.999711 112.554
0.999651 -0.0117094 -0.0236924 -0.933727 0.0117051 0.999931 -0.000317943 -0.789041 0.0236945 4.05105e-05 0.999719 113.909
0.999699 -0.010349 -0.0222837 -0.97362 0.0103356 0.999946 -0.000714314 -0.820582 0.0222899 0.000483784 0.999751 115.209
0.999729 -0.00896176 -0.0215146 -1.01036 0.00900985 0.999957 0.0021398 -0.835134 0.0214945 -0.00233306 0.999766 116.557
0.999752 -0.0096139 -0.0200961 -1.04727 0.00969937 0.999944 0.00416051 -0.852202 0.020055 -0.0043544 0.999789 117.861
0.999762 -0.00853966 -0.0200923 -1.0827 0.00864027 0.99995 0.00492666 -0.855336 0.0200492 -0.00509909 0.999786 119.221
0.999751 -0.00808532 -0.0208096 -1.11493 0.00815883 0.99996 0.00345042 -0.862345 0.0207809 -0.00361934 0.999778 120.563
0.999802 -0.00707462 -0.0186 -1.14709 0.0071352 0.999969 0.00319322 -0.885008 0.0185769 -0.00332531 0.999822 121.872
0.999816 -0.0050027 -0.0185385 -1.1874 0.00501784 0.999987 0.000770339 -0.897966 0.0185344 -0.000863219 0.999828 123.256
0.999852 -0.00428301 -0.0166897 -1.21953 0.00429605 0.99999 0.000745811 -0.907865 0.0166864 -0.0008174 0.99986 124.565
0.999857 -0.00317423 -0.0166105 -1.25504 0.00317908 0.999995 0.000265753 -0.924501 0.0166096 -0.00031852 0.999862 125.921
0.999871 -0.00382979 -0.0155884 -1.28229 0.00383515 0.999992 0.000314904 -0.941114 0.0155871 -0.000374647 0.999878 127.25
0.999891 -0.00357544 -0.0143759 -1.30875 0.00359291 0.999992 0.00119056 -0.956117 0.0143716 -0.00124208 0.999896 128.552
0.999872 -0.0051812 -0.0151663 -1.34052 0.00519007 0.999986 0.000546002 -1.0127 0.0151632 -0.000624645 0.999885 129.906
0.999882 -0.00635984 -0.0140357 -1.36813 0.00637551 0.999979 0.00107257 -1.03817 0.0140286 -0.00116193 0.999901 131.216
0.999876 -0.00701066 -0.0141506 -1.39051 0.00703014 0.999974 0.00132778 -1.05856 0.0141409 -0.0014271 0.999899 132.587
0.999859 -0.00815657 -0.0147231 -1.41678 0.00817039 0.999966 0.000879549 -1.08919 0.0147154 -0.000999718 0.999891 133.925
0.999851 -0.00949028 -0.0144714 -1.42688 0.0095041 0.999954 0.000887467 -1.11173 0.0144623 -0.00102487 0.999895 135.233
0.999793 -0.0105286 -0.0174405 -1.4693 0.010538 0.999944 0.000444358 -1.13367 0.0174348 -0.000628052 0.999848 136.593
0.999692 -0.014407 -0.0202287 -1.49313 0.0143863 0.999896 -0.00116676 -1.13658 0.0202434 0.000875382 0.999795 137.894
0.999634 -0.0156277 -0.0220852 -1.53092 0.0156166 0.999878 -0.000678361 -1.15488 0.0220931 0.000333218 0.999756 139.254
0.99962 -0.0159645 -0.0224945 -1.56193 0.0159524 0.999872 -0.000714755 -1.1593 0.022503 0.000355641 0.999747 140.576
0.999542 -0.0162652 -0.0255373 -1.61327 0.0162429 0.999867 -0.00108355 -1.18868 0.0255515 0.000668258 0.999673 141.972
0.999501 -0.0151407 -0.0277152 -1.66295 0.0150883 0.999884 -0.00209941 -1.19389 0.0277437 0.00168019 0.999614 143.321
0.999386 -0.0181826 -0.0299402 -1.69569 0.0180712 0.999828 -0.00398547 -1.21121 0.0300075 0.00344198 0.999544 144.625
0.999204 -0.0240556 -0.0318274 -1.74202 0.0239388 0.999705 -0.00404693 -1.25588 0.0319154 0.0032818 0.999485 145.985
0.998954 -0.0318126 -0.0328388 -1.76441 0.031794 0.999493 -0.00108752 -1.27899 0.0328568 4.23025e-05 0.99946 147.31
0.998703 -0.0366978 -0.0352862 -1.81633 0.0367174 0.999325 -9.13711e-05 -1.31617 0.0352658 -0.00120437 0.999377 148.68
0.998591 -0.038412 -0.0366233 -1.86257 0.0383571 0.999261 -0.0022007 -1.3387 0.0366808 0.000792838 0.999327 150.022
0.998602 -0.0393595 -0.0352855 -1.92869 0.0392551 0.999222 -0.00364764 -1.36989 0.0354016 0.00225741 0.999371 151.41
0.998639 -0.0382277 -0.0354738 -1.9899 0.038065 0.999261 -0.00525096 -1.37838 0.0356483 0.00389351 0.999357 152.759
0.998679 -0.0384423 -0.0340972 -2.04164 0.038297 0.999254 -0.0049027 -1.39804 0.0342603 0.0035904 0.999406 154.102
0.998515 -0.0425356 -0.0340426 -2.10168 0.0424572 0.999093 -0.00301974 -1.41589 0.0341402 0.0015699 0.999416 155.456
0.9983 -0.0476605 -0.0335666 -2.14125 0.0476911 0.998862 0.00011132 -1.43486 0.033523 -0.00171195 0.999436 156.804
0.998138 -0.051543 -0.0326203 -2.18447 0.0516163 0.998666 0.00140902 -1.45677 0.0325041 -0.00309014 0.999467 158.13
0.998033 -0.0530706 -0.0333817 -2.22655 0.0531468 0.998585 0.00139843 -1.4656 0.0332602 -0.00316981 0.999442 159.481
0.998161 -0.0518661 -0.0313878 -2.27376 0.0519618 0.998646 0.00223936 -1.469 0.0312292 -0.00386621 0.999505 160.805
0.998352 -0.0481478 -0.0312118 -2.32248 0.0482426 0.998833 0.00229057 -1.48184 0.031065 -0.00379253 0.99951 162.163
0.998563 -0.0447849 -0.0294361 -2.37379 0.0448098 0.998995 0.000189059 -1.49191 0.0293981 -0.00150781 0.999567 163.478
0.998674 -0.0414597 -0.03051 -2.43494 0.0414472 0.99914 -0.00103977 -1.48839 0.0305268 -0.00022616 0.999534 164.758
0.998722 -0.0406453 -0.0300391 -2.48819 0.0406475 0.999173 -0.000538186 -1.50849 0.0300362 -0.000683516 0.999548 166.119
0.998808 -0.038949 -0.0294088 -2.53764 0.0389449 0.999241 -0.000710209 -1.52322 0.0294141 -0.00043596 0.999567 167.448
0.998849 -0.0371312 -0.0303495 -2.58272 0.0370672 0.999309 -0.00266895 -1.53635 0.0304276 0.00154091 0.999536 168.815
0.998864 -0.0348634 -0.032487 -2.65276 0.0346566 0.999375 -0.00690666 -1.55083 0.0327075 0.00577292 0.999448 170.138
0.99898 -0.0302209 -0.0335523 -2.72628 0.0299529 0.999515 -0.00846106 -1.56652 0.0337918 0.00744745 0.999401 171.517
0.999092 -0.0264735 -0.0333724 -2.79042 0.0262343 0.999627 -0.00758508 -1.58182 0.0335608 0.0067027 0.999414 172.882
0.999081 -0.025114 -0.0347307 -2.84536 0.0249162 0.99967 -0.00611565 -1.57617 0.0348729 0.00524467 0.999378 174.241
0.999077 -0.0241053 -0.0355569 -2.89903 0.0239723 0.999704 -0.00416292 -1.59989 0.0356467 0.0033067 0.999359 175.636
0.99897 -0.0269141 -0.0365154 -2.94506 0.026826 0.999636 -0.00290032 -1.62019 0.0365801 0.00191778 0.999329 176.996
0.998858 -0.0275841 -0.0389983 -2.99419 0.027507 0.999618 -0.00251186 -1.6354 0.0390527 0.00143627 0.999236 178.384
0.998818 -0.027881 -0.0398196 -3.05904 0.0276449 0.999596 -0.00646535 -1.64963 0.0399838 0.0053569 0.999186 179.744
0.998757 -0.0264297 -0.0422522 -3.11398 0.0260577 0.999617 -0.00933249 -1.6754 0.0424827 0.00821991 0.999063 181.125
0.998812 -0.0235895 -0.0426261 -3.17052 0.0231354 0.99967 -0.0111161 -1.68767 0.0428743 0.0101167 0.999029 182.507
0.998916 -0.019942 -0.0420472 -3.23515 0.0195755 0.999766 -0.00911046 -1.71986 0.042219 0.0082775 0.999074 183.87
0.998912 -0.0175308 -0.0431993 -3.30487 0.0172646 0.999829 -0.00652785 -1.74253 0.0433064 0.00577494 0.999045 185.28
0.998953 -0.0186385 -0.0417648 -3.37455 0.0184232 0.999815 -0.00553474 -1.75253 0.0418602 0.00475951 0.999112 186.659
0.998926 -0.0181768 -0.0426243 -3.43923 0.0179894 0.999826 -0.00477471 -1.77069 0.0427037 0.0040028 0.99908 188.076
0.998894 -0.018304 -0.0433018 -3.50034 0.0181197 0.999825 -0.00464602 -1.78789 0.0433793 0.00385627 0.999051 189.477
0.99872 -0.0180999 -0.0472267 -3.56628 0.0179004 0.999829 -0.00464483 -1.82758 0.0473026 0.00379352 0.998873 190.832
0.998645 -0.0206333 -0.0477773 -3.63486 0.0204496 0.999781 -0.00432992 -1.86094 0.0478562 0.00334702 0.998848 192.259
0.99844 -0.0213839 -0.0515795 -3.70191 0.0212441 0.999769 -0.00325608 -1.88925 0.0516372 0.00215524 0.998663 193.672
0.998311 -0.025051 -0.0524174 -3.77277 0.0249987 0.999686 -0.00165232 -1.91572 0.0524424 0.000339161 0.998624 195.113
0.998293 -0.0254308 -0.0525754 -3.84865 0.0254908 0.999675 0.00047042 -1.95051 0.0525463 -0.0018098 0.998617 196.497
0.998215 -0.024966 -0.0542535 -3.94035 0.0248189 0.999686 -0.00338342 -1.9727 0.054321 0.00203087 0.998521 197.933
0.998283 -0.017979 -0.0557448 -4.04432 0.0177622 0.999832 -0.0043833 -1.96998 0.0558143 0.00338563 0.998435 199.369
0.998521 -0.00914394 -0.0535856 -4.14469 0.00890459 0.999949 -0.00470376 -1.9929 0.0536259 0.00421965 0.998552 200.766
0.99855 -0.00439793 -0.0536416 -4.26742 0.0042123 0.999984 -0.00357293 -2.01513 0.0536565 0.0033418 0.998554 202.235
0.99857 -0.00239988 -0.0534034 -4.3537 0.00246704 0.999996 0.00119161 -2.02992 0.0534004 -0.00132165 0.998572 203.652
0.998484 -0.00355605 -0.0549181 -4.44044 0.00369009 0.99999 0.00233962 -2.04524 0.0549092 -0.00253872 0.998488 205.112
0.998387 -0.00519749 -0.0565241 -4.51602 0.00530893 0.999984 0.00182162 -2.06533 0.0565137 -0.00211877 0.998399 206.568
0.998331 -0.00754716 -0.0572451 -4.59791 0.00767272 0.999968 0.00197405 -2.07973 0.0572284 -0.00240998 0.998358 207.988
0.998252 -0.00633484 -0.0587625 -4.69737 0.00643848 0.999978 0.00157463 -2.08212 0.0587512 -0.00195022 0.998271 209.468
0.998266 -0.00641035 -0.0585108 -4.78969 0.00649951 0.999978 0.00133374 -2.10325 0.0585009 -0.00171172 0.998286 210.888
0.998202 -0.00377372 -0.0598139 -4.89031 0.00392036 0.999989 0.00233445 -2.10757 0.0598045 -0.00256474 0.998207 212.367
0.998027 -0.00426951 -0.0626354 -5.00075 0.00450258 0.999983 0.00358043 -2.18493 0.0626191 -0.00385539 0.99803 213.83
0.99807 -0.00436278 -0.0619348 -5.09077 0.00457882 0.999983 0.00334659 -2.19564 0.0619192 -0.00362372 0.998074 215.26
0.997973 -0.00451543 -0.0634742 -5.18499 0.00475292 0.999982 0.00359102 -2.21326 0.0634569 -0.00388543 0.997977 216.766
0.99802 -0.00548178 -0.0626493 -5.27151 0.00571172 0.999977 0.00349181 -2.22997 0.0626288 -0.00384273 0.998029 218.205
0.997833 -0.00499973 -0.0655982 -5.3822 0.00524272 0.99998 0.00353261 -2.2675 0.0655792 -0.00386887 0.99784 219.708
0.997878 -0.0045063 -0.064949 -5.47942 0.00473898 0.999982 0.00342896 -2.27462 0.0649324 -0.00372948 0.997883 221.158
0.997768 -0.00289394 -0.0667161 -5.59347 0.00312254 0.999989 0.0033225 -2.27917 0.0667058 -0.0035234 0.997766 222.65
0.99774 -0.00214992 -0.0671607 -5.70237 0.00238873 0.999991 0.00347573 -2.28637 0.0671526 -0.0036283 0.997736 224.13
0.997682 -0.00217795 -0.0680167 -5.82167 0.0023781 0.999993 0.00286179 -2.29884 0.06801 -0.00301691 0.99768 225.606
0.997289 -0.00142679 -0.0735667 -5.94817 0.0016355 0.999994 0.00277684 -2.31885 0.0735624 -0.00288963 0.997286 227.129
0.997327 -0.00308306 -0.0729985 -6.06404 0.00329605 0.99999 0.00279741 -2.34155 0.0729892 -0.00303054 0.997328 228.609
0.997309 -0.00235527 -0.073271 -6.17733 0.00257272 0.999992 0.00287364 -2.34547 0.0732637 -0.00305442 0.997308 230.119
0.997298 -0.00289844 -0.0734087 -6.30473 0.00316568 0.999988 0.00352428 -2.36329 0.0733977 -0.00374715 0.997295 231.603
0.997367 -0.00310794 -0.0724471 -6.42289 0.00340095 0.999986 0.00392153 -2.36912 0.0724339 -0.00415759 0.997364 233.084
0.997318 -0.00305009 -0.0731232 -6.54974 0.00333088 0.999987 0.00371846 -2.38116 0.073111 -0.00395205 0.997316 234.597
0.997402 -0.00312724 -0.071971 -6.66687 0.00340651 0.999987 0.00375787 -2.39265 0.0719583 -0.00399327 0.997399 236.083
0.99733 -0.00184709 -0.0730024 -6.77801 0.00213345 0.99999 0.00384487 -2.39542 0.0729946 -0.00399035 0.997324 237.602
0.997377 -0.00273327 -0.07233 -6.89964 0.00310305 0.999982 0.00500057 -2.40612 0.0723151 -0.00521189 0.997368 239.107
0.997471 -0.00337461 -0.0709866 -7.00684 0.00378036 0.999977 0.00558242 -2.42027 0.0709661 -0.00583666 0.997461 240.602
0.997447 -0.0026305 -0.0713576 -7.12776 0.002986 0.999983 0.00487567 -2.4274 0.0713436 -0.00507629 0.997439 242.125
0.997569 -0.0024903 -0.0696356 -7.23782 0.00278425 0.999987 0.00412461 -2.43639 0.0696244 -0.00430846 0.997564 243.628
0.997515 -0.0018044 -0.0704242 -7.3558 0.00210992 0.999988 0.00426418 -2.44372 0.0704157 -0.00440218 0.997508 245.144
0.997522 -0.00250119 -0.0703013 -7.46852 0.00286607 0.999982 0.00508984 -2.44392 0.0702874 -0.00527872 0.997513 246.681
0.997575 -0.00125025 -0.0695856 -7.58965 0.00168036 0.999979 0.00612292 -2.45453 0.0695765 -0.006225 0.997557 248.185
0.997522 -0.000530097 -0.0703493 -7.69835 0.000988083 0.999978 0.00647555 -2.46209 0.0703444 -0.00652901 0.997501 249.735
0.997474 -0.00243615 -0.0709837 -7.80433 0.00274359 0.999987 0.00423393 -2.4647 0.0709725 -0.00441799 0.997468 251.318
0.997402 -0.00160891 -0.0720219 -7.92013 0.00191517 0.999989 0.00418356 -2.47748 0.0720144 -0.00431062 0.997394 252.859
0.997508 -0.00188554 -0.0705297 -8.03396 0.00220587 0.999987 0.00446419 -2.48369 0.0705204 -0.00460864 0.9975 254.368
0.997333 -0.00419538 -0.0728664 -8.14433 0.00450386 0.999981 0.00406978 -2.49766 0.0728479 -0.0043871 0.997333 255.926
0.997339 -0.0053239 -0.0726987 -8.26072 0.00568928 0.999972 0.00481989 -2.49758 0.072671 -0.00522067 0.997342 257.452
0.997394 -0.00772967 -0.0717218 -8.37228 0.00818913 0.999947 0.00611431 -2.50956 0.0716708 -0.00668572 0.997406 258.973
0.99728 -0.00646326 -0.0734137 -8.47004 0.00693615 0.999956 0.0061884 -2.54146 0.0733705 -0.00668078 0.997282 260.547
0.997353 -0.00757458 -0.0723058 -8.58456 0.00800546 0.999951 0.00567118 -2.54235 0.0722594 -0.00623501 0.997366 262.055
0.997326 -0.00891069 -0.0725314 -8.6902 0.00947761 0.999927 0.00747572 -2.5524 0.0724595 -0.00814315 0.997338 263.593
0.997431 -0.0115518 -0.070696 -8.81097 0.0121562 0.999893 0.00812635 -2.53343 0.0705946 -0.00896487 0.997465 265.15
0.997485 -0.0131291 -0.0696475 -8.9209 0.0137272 0.999872 0.0081152 -2.54813 0.069532 -0.00905086 0.997539 266.676
0.997451 -0.0131607 -0.0701242 -9.02798 0.0137315 0.999876 0.00766427 -2.55894 0.0700146 -0.00860765 0.997509 268.208
0.997606 -0.012278 -0.0680423 -9.14321 0.0128252 0.999888 0.0076112 -2.56283 0.0679412 -0.00846564 0.997653 269.738
0.997592 -0.011707 -0.0683561 -9.24955 0.0121647 0.999906 0.00628437 -2.56725 0.068276 -0.00710077 0.997641 271.273
0.997936 -0.0110966 -0.0632403 -9.35492 0.011686 0.999891 0.00895792 -2.59085 0.063134 -0.00967846 0.997958 272.728
0.998121 -0.00918842 -0.0605701 -9.46395 0.00981265 0.999901 0.0100166 -2.60206 0.0604721 -0.0105921 0.998113 274.258
0.998095 -0.00964129 -0.0609267 -9.56414 0.0102465 0.9999 0.00962921 -2.60395 0.0608277 -0.0102352 0.998096 275.801
0.998274 -0.00892219 -0.058037 -9.66413 0.00947166 0.999912 0.00919957 -2.60598 0.0579498 -0.0097334 0.998272 277.323
0.998298 -0.00976864 -0.057491 -9.76026 0.0103099 0.999905 0.0091258 -2.59938 0.0573964 -0.00970299 0.998304 278.867
0.998346 -0.0101979 -0.0565709 -9.85386 0.0107497 0.999897 0.00945849 -2.60308 0.0564686 -0.010051 0.998354 280.398
0.998498 -0.0117097 -0.0535068 -9.93625 0.0122937 0.999868 0.0105978 -2.60745 0.0533757 -0.0112396 0.998511 281.923
0.998413 -0.0114714 -0.0551234 -10.05 0.0121242 0.999859 0.0115224 -2.6105 0.0549835 -0.0121724 0.998413 283.45
0.998518 -0.0127704 -0.0528983 -10.1311 0.0132903 0.999866 0.00948972 -2.60452 0.05277 -0.0101787 0.998555 284.975
0.998378 -0.0112411 -0.0558024 -10.2212 0.0118077 0.999881 0.00983331 -2.61395 0.0556852 -0.0104763 0.998393 286.515
0.998325 -0.0114773 -0.0566929 -10.3162 0.01207 0.999875 0.0101245 -2.61203 0.0565696 -0.0107919 0.99834 288.057
0.99827 -0.012592 -0.0574204 -10.4196 0.0133058 0.999838 0.0120651 -2.59997 0.0572592 -0.0128082 0.998277 289.617
0.99811 -0.0124468 -0.0601697 -10.5208 0.0132019 0.999838 0.0121685 -2.60344 0.0600085 -0.0129399 0.998114 291.194
0.9982 -0.0109193 -0.0589713 -10.6192 0.0116363 0.999862 0.0118294 -2.59304 0.0588339 -0.0124943 0.998189 292.731
0.998063 -0.0102083 -0.0613582 -10.728 0.0109842 0.999863 0.0123215 -2.58828 0.061224 -0.0129717 0.99804 294.314
0.997886 -0.0110387 -0.0640396 -10.8485 0.0119791 0.999825 0.0143192 -2.56405 0.0638703 -0.0150561 0.997844 295.868
0.997966 -0.0103022 -0.0629084 -10.9404 0.0113239 0.999809 0.0159061 -2.56084 0.0627325 -0.0165861 0.997892 297.41
0.997843 -0.0090286 -0.0650189 -11.0514 0.0101074 0.999816 0.0162816 -2.55761 0.0648599 -0.0169037 0.997751 299.012
0.997978 -0.00847722 -0.0629873 -11.1564 0.0095709 0.999808 0.0170821 -2.54574 0.0628303 -0.0176504 0.997868 300.574
0.997943 -0.00808748 -0.0635842 -11.2682 0.0091833 0.999814 0.016961 -2.54839 0.0634351 -0.01751 0.997832 302.178
0.997962 -0.00857521 -0.063227 -11.3724 0.00970492 0.999798 0.0175822 -2.53323 0.0630635 -0.01816 0.997844 303.766
0.998079 -0.00743748 -0.0614958 -11.4412 0.00860807 0.999786 0.0187924 -2.54938 0.0613428 -0.0192857 0.99793 305.29
0.99803 -0.0075017 -0.0622769 -11.5423 0.0086197 0.999806 0.0177029 -2.54169 0.0621319 -0.0182048 0.997902 306.89
0.99809 -0.00821412 -0.0612197 -11.6458 0.00924162 0.99982 0.0165197 -2.52576 0.061073 -0.0170539 0.997988 308.486
0.997905 -0.00694092 -0.0643098 -11.7578 0.00800517 0.999835 0.0163061 -2.53794 0.0641859 -0.0167867 0.997797 310.096
0.997778 -0.00604244 -0.0663394 -11.8691 0.00719664 0.999826 0.0171733 -2.50706 0.066224 -0.0176126 0.997649 311.702
0.997751 -0.00310955 -0.0669553 -11.9864 0.0045484 0.999761 0.0213481 -2.47381 0.0668729 -0.0216047 0.997527 313.307
0.997681 -0.0055853 -0.06783 -12.08 0.00709237 0.999732 0.0219981 -2.42531 0.067689 -0.0224282 0.997454 314.953
0.997759 -0.00679542 -0.0665569 -12.2008 0.00828603 0.99972 0.0221457 -2.41058 0.0663878 -0.0226476 0.997537 316.569
0.997705 -0.00714411 -0.0673241 -12.3084 0.00867079 0.999711 0.0224118 -2.38974 0.0671445 -0.0229442 0.997479 318.198
0.997736 -0.00762822 -0.0668166 -12.4111 0.0091618 0.9997 0.022676 -2.36686 0.0666235 -0.0232368 0.997507 319.814
0.997666 -0.00697283 -0.0679117 -12.5362 0.00858002 0.999689 0.023403 -2.32896 0.0677273 -0.0239311 0.997417 321.463
0.997654 -0.00648066 -0.0681378 -12.6465 0.00813165 0.999679 0.0239808 -2.30466 0.0679604 -0.0244787 0.997388 323.121
0.997805 -0.00670967 -0.0658665 -12.7611 0.00831508 0.999674 0.02413 -2.27407 0.065683 -0.0246247 0.997536 324.735
0.99776 -0.0068298 -0.0665333 -12.8765 0.00830367 0.999725 0.0219011 -2.27725 0.0663653 -0.0224046 0.997544 326.383
0.997921 -0.00761029 -0.0639892 -12.9856 0.00916025 0.99967 0.0239639 -2.25882 0.0637857 -0.0245003 0.997663 327.993
0.997862 -0.0106891 -0.0644663 -13.1009 0.0122738 0.99963 0.0242367 -2.22328 0.0641833 -0.0249761 0.997625 329.646
0.997849 -0.0114231 -0.0645336 -13.2021 0.0129795 0.999633 0.0237501 -2.19626 0.0642386 -0.0245367 0.997633 331.257
0.998015 -0.00850704 -0.0623822 -13.3153 0.0101318 0.999616 0.0257754 -2.20138 0.062139 -0.0263563 0.997719 332.885
0.997936 -0.00671113 -0.0638607 -13.4276 0.00823682 0.999686 0.0236579 -2.1909 0.0636818 -0.024135 0.997678 334.504
0.997934 -0.00534978 -0.0640064 -13.5332 0.00670569 0.999757 0.0209881 -2.15444 0.0638785 -0.021374 0.997729 336.106
0.99783 -0.00446655 -0.0656739 -13.6475 0.00595695 0.999728 0.0225159 -2.14179 0.0655554 -0.0228582 0.997587 337.719
0.997782 -0.00373173 -0.0664469 -13.7604 0.00543781 0.999659 0.0255136 -2.11094 0.066329 -0.0258183 0.997464 339.327
0.997844 -0.00284882 -0.0655558 -13.8705 0.00472951 0.999581 0.0285511 -2.0948 0.0654469 -0.0287996 0.99744 340.906
0.997691 -0.00222567 -0.0678721 -13.9811 0.00416077 0.999588 0.028383 -2.07282 0.0677809 -0.0285999 0.99729 342.521
0.997544 -0.00202587 -0.0699958 -14.1086 0.00395552 0.999615 0.0274406 -2.04894 0.0699132 -0.0276501 0.99717 344.15
0.99728 -0.00274419 -0.0736476 -14.2174 0.00487287 0.999574 0.0287395 -2.02562 0.0735374 -0.0290202 0.99687 345.766
0.997191 -0.00350216 -0.0748062 -14.3319 0.00572794 0.999546 0.0295602 -2.0005 0.0746687 -0.0299057 0.99676 347.363
0.997239 -0.00346497 -0.0741685 -14.4619 0.00564448 0.999557 0.0291966 -1.97887 0.0740345 -0.0295347 0.996818 348.939
0.997114 -0.00331289 -0.0758318 -14.5872 0.00552137 0.999566 0.0289323 -1.9452 0.075703 -0.0292676 0.996701 350.558
0.997195 -0.00337808 -0.0747655 -14.7121 0.00556196 0.999563 0.0290209 -1.91439 0.0746347 -0.0293554 0.996779 352.113
0.997092 -0.00479052 -0.0760444 -14.846 0.00703787 0.999545 0.0293128 -1.86409 0.0758693 -0.0297628 0.996673 353.728
0.997088 -0.00529531 -0.0760629 -14.9726 0.00753805 0.999544 0.0292285 -1.8384 0.0758734 -0.0297168 0.996674 355.313
0.997088 -0.00499669 -0.0760876 -15.0993 0.007122 0.999591 0.0276867 -1.824 0.0759181 -0.028148 0.996716 356.903
0.997013 -0.00515999 -0.0770492 -15.226 0.00739369 0.999559 0.0287335 -1.81494 0.0768669 -0.0292174 0.996613 358.52
0.997072 -0.00592924 -0.0762289 -15.3537 0.00811157 0.999565 0.0283511 -1.78652 0.0760276 -0.0288864 0.996687 360.086
0.99696 -0.00661739 -0.0776247 -15.4851 0.00883186 0.999562 0.0282195 -1.7672 0.0774039 -0.0288193 0.996583 361.703
0.996936 -0.00781023 -0.0778193 -15.6106 0.0101441 0.999509 0.0296406 -1.74087 0.0775495 -0.0303393 0.996527 363.297
0.996944 -0.00803695 -0.0776956 -15.7327 0.0104379 0.999478 0.0305459 -1.7303 0.0774095 -0.0312635 0.996509 364.884
0.996839 -0.00844608 -0.0789862 -15.8633 0.0108603 0.999485 0.0301861 -1.70563 0.0786905 -0.0309485 0.996418 366.492
0.996961 -0.00729878 -0.0775528 -15.995 0.0097184 0.999476 0.0308683 -1.68756 0.0772868 -0.0315282 0.99651 368.063
0.996852 -0.00614296 -0.0790392 -16.1258 0.00872958 0.999435 0.032422 -1.64543 0.0787954 -0.0330099 0.996344 369.664
0.996974 -0.00541622 -0.0775384 -16.2628 0.00808458 0.999384 0.034141 -1.61775 0.0773057 -0.0346646 0.996404 371.246
0.996904 -0.00568814 -0.0784189 -16.389 0.00841582 0.999369 0.0344971 -1.60772 0.0781731 -0.0350502 0.996323 372.853
0.996882 -0.00549291 -0.0787084 -16.5279 0.00815082 0.999405 0.0334877 -1.56804 0.0784776 -0.0340249 0.996335 374.462
0.997022 -0.00512155 -0.0769446 -16.663 0.00772391 0.999406 0.0335618 -1.53205 0.076727 -0.0340562 0.99647 376.04
0.996967 -0.00373288 -0.0777331 -16.7916 0.0063424 0.999423 0.0333504 -1.47272 0.0775637 -0.0337423 0.996416 377.655
0.997103 -0.00277472 -0.0760004 -16.9278 0.00540126 0.999394 0.0343759 -1.4589 0.0758589 -0.0346868 0.996515 379.24
0.997054 -0.00158236 -0.0766723 -17.0579 0.00429085 0.999371 0.0351737 -1.40957 0.0765684 -0.0353991 0.996436 380.861
0.99708 -0.000571432 -0.076348 -17.1883 0.0032869 0.999366 0.0354461 -1.37148 0.0762793 -0.0355935 0.996451 382.462
0.997156 -0.000136042 -0.0753592 -17.3246 0.00291734 0.999318 0.0367984 -1.34628 0.0753027 -0.0369136 0.996477 384.078
0.996981 0.00218131 -0.0776038 -17.4645 0.000750421 0.999287 0.037729 -1.30354 0.0776307 -0.0376733 0.99627 385.705
0.996994 0.00380499 -0.0773813 -17.6101 -0.000778323 0.999234 0.0391063 -1.26452 0.0774707 -0.0389286 0.996234 387.335
0.996832 0.00536422 -0.0793508 -17.76 -0.00216013 0.99918 0.0404096 -1.22135 0.0795025 -0.0401102 0.996027 388.982
0.996855 0.00603932 -0.0790031 -17.8964 -0.00285543 0.999181 0.0403518 -1.17105 0.0791821 -0.0399993 0.996057 390.593
0.996955 0.00575397 -0.0777621 -18.0358 -0.00257022 0.999156 0.0409803 -1.13182 0.0779322 -0.0406557 0.996129 392.186
