1 0 0 0 0 1 0 0 0 0 1 0
0.999376 -0.000219535 0.0353173 0.0297538 0.000213441 1 0.000176334 -0.0143324 -0.0353174 -0.000168685 0.999376 0.269851
0.997951 -0.000581843 0.0639834 0.078896 0.000455631 0.999998 0.00198716 -0.0417905 -0.0639844 -0.00195393 0.997949 0.70422
0.996215 -0.000712125 0.0869159 0.148592 0.000594207 0.999999 0.00138256 -0.0766506 -0.0869168 -0.00132568 0.996215 1.32439
0.994459 2.48761e-05 0.105124 0.242348 -0.000298557 0.999997 0.00258767 -0.104455 -0.105124 -0.00260472 0.994456 2.16988
0.993754 0.000398309 0.111596 0.364647 -0.000842619 0.999992 0.00393429 -0.121285 -0.111593 -0.00400375 0.993746 3.24289
0.99359 -0.000807025 0.113043 0.499275 0.000299666 0.99999 0.00450509 -0.143334 -0.113046 -0.00444234 0.99358 4.45164
0.99348 -0.000602492 0.114005 0.640461 7.3228e-05 0.999989 0.00464661 -0.148018 -0.114006 -0.00460796 0.993469 5.73694
0.993573 0.000196576 0.113195 0.787396 -0.00052004 0.999996 0.00282804 -0.169715 -0.113194 -0.00286873 0.993569 7.05138
0.993481 0.0027454 0.113964 0.930441 -0.00287906 0.999995 0.00100826 -0.167466 -0.113961 -0.00132979 0.993484 8.36249
0.99354 0.00592596 0.113328 1.06788 -0.00594293 0.999982 -0.000188124 -0.186989 -0.113327 -0.00048659 0.993558 9.69346
0.9935 0.00883729 0.113486 1.20804 -0.00879458 0.999961 -0.000877015 -0.199482 -0.11349 -0.000126751 0.993539 11.035
0.993313 0.00857343 0.115134 1.34325 -0.00857306 0.999963 -0.000498328 -0.190946 -0.115134 -0.000492054 0.99335 12.3494
0.993315 0.00704979 0.115222 1.5045 -0.00731455 0.999971 0.0018752 -0.18476 -0.115205 -0.00270546 0.993338 13.679
0.993179 0.00316308 0.116558 1.66515 -0.0036278 0.999986 0.00377511 -0.172697 -0.116545 -0.0041722 0.993177 15.0034
0.993323 0.00138031 0.115356 1.82956 -0.00158944 0.999997 0.00172093 -0.177956 -0.115354 -0.00189279 0.993323 16.3236
0.993183 0.00141314 0.116556 1.98817 -0.00118374 0.999997 -0.00203742 -0.137899 -0.116559 0.00188556 0.993182 17.6348
0.993209 0.00411893 0.116266 2.1485 -0.00362771 0.999983 -0.00443624 -0.107513 -0.116283 0.00398433 0.993208 18.9599
0.993083 0.00719683 0.117191 2.29775 -0.00665612 0.999965 -0.00500469 -0.0832394 -0.117223 0.00419004 0.993097 20.3107
0.992828 0.00858846 0.119239 2.44361 -0.00856853 0.999963 -0.000679888 -0.0537225 -0.119241 -0.000346695 0.992865 21.6403
0.992949 0.00790439 0.11828 2.60808 -0.00797808 0.999968 0.000149466 -0.080842 -0.118275 -0.00109206 0.99298 22.9875
0.992767 0.00704047 0.119847 2.76464 -0.00715289 0.999974 0.000507835 -0.0886162 -0.11984 -0.00136141 0.992792 24.3308
0.992871 0.00812519 0.118914 2.92077 -0.00804588 0.999967 -0.00114708 -0.0870743 -0.11892 0.000182128 0.992904 25.7287
0.992599 0.00866478 0.121125 3.08052 -0.00861323 0.999962 -0.000949185 -0.112834 -0.121128 -0.000101114 0.992637 27.1157
0.992607 0.011697 0.120805 3.23317 -0.0114893 0.999931 -0.00241595 -0.120479 -0.120825 0.00101013 0.992673 28.5462
0.992519 0.0125754 0.121436 3.3971 -0.0122619 0.999919 -0.00332902 -0.142829 -0.121469 0.00181508 0.992594 29.9335
0.99239 0.0127479 0.122472 3.56946 -0.0124878 0.999918 -0.00289148 -0.171526 -0.122498 0.00134009 0.992468 31.3133
0.992594 0.0123165 0.120854 3.72391 -0.0123527 0.999923 -0.00044965 -0.215528 -0.12085 -0.00104655 0.99267 32.7168
0.99256 0.0120012 0.121164 3.87883 -0.0123454 0.999921 0.00209048 -0.223542 -0.12113 -0.00357075 0.99263 34.1034
0.99262 0.0150127 0.120333 4.04293 -0.0152955 0.999882 0.00142669 -0.219177 -0.120297 -0.00325671 0.992732 35.4939
0.992514 0.0170921 0.120926 4.19063 -0.0173937 0.999847 0.00143915 -0.230889 -0.120883 -0.00353173 0.99266 36.8707
0.992349 0.0188659 0.122012 4.34458 -0.0191907 0.999815 0.00148772 -0.226091 -0.121961 -0.00381784 0.992527 38.2482
0.9925 0.0195077 0.120678 4.49489 -0.0198844 0.9998 0.00191806 -0.228626 -0.120616 -0.00430329 0.99269 39.6467
0.992295 0.0188572 0.122454 4.64751 -0.0192441 0.999813 0.00197748 -0.24125 -0.122394 -0.00431877 0.992472 41.0043
0.992545 0.017359 0.120636 4.80506 -0.0176905 0.999842 0.00167805 -0.282572 -0.120587 -0.00379965 0.992695 42.4075
0.992581 0.0159651 0.120531 4.96204 -0.0163563 0.999864 0.00225709 -0.296084 -0.120478 -0.00421178 0.992707 43.8152
0.99291 0.0160396 0.117783 5.13494 -0.0163912 0.999863 0.00201681 -0.306452 -0.117734 -0.00393311 0.993037 45.2465
0.993283 0.0164243 0.114538 5.30341 -0.0168208 0.999855 0.00249615 -0.312881 -0.114481 -0.00440602 0.993416 46.6676
0.993203 0.0179251 0.115004 5.47948 -0.0182487 0.999832 0.00176134 -0.331928 -0.114953 -0.00384805 0.993363 48.0618
0.993428 0.0178139 0.113063 5.63784 -0.0182561 0.999829 0.00287708 -0.367296 -0.112992 -0.00492226 0.993584 49.45
0.993299 0.0164933 0.114387 5.79794 -0.0169989 0.999849 0.00344627 -0.364265 -0.114313 -0.00536763 0.99343 50.8244
0.99351 0.0162228 0.11258 5.95324 -0.016576 0.99986 0.00220174 -0.382734 -0.112529 -0.00405358 0.99364 52.2442
0.993632 0.0142065 0.111768 6.1231 -0.0145673 0.999891 0.00241281 -0.377842 -0.111722 -0.00402562 0.993731 53.6715
0.993422 0.0136707 0.113692 6.28629 -0.0140329 0.999899 0.0023858 -0.346339 -0.113648 -0.00396554 0.993513 55.0327
0.993449 0.0132564 0.113498 6.45109 -0.0135995 0.999905 0.00224915 -0.326622 -0.113457 -0.00377793 0.993536 56.3993
0.993191 0.0120929 0.115865 6.61316 -0.012472 0.999919 0.00254812 -0.376753 -0.115825 -0.00397585 0.993262 57.7595
0.993272 0.0110045 0.11528 6.78434 -0.011423 0.99993 0.0029696 -0.413681 -0.115239 -0.00426645 0.993329 59.1651
0.993295 0.0091926 0.115239 6.96 -0.00957767 0.99995 0.0027882 -0.409718 -0.115208 -0.00387323 0.993334 60.5916
0.993028 0.00945215 0.117496 7.10786 -0.00983942 0.999948 0.00271635 -0.404726 -0.117464 -0.0038535 0.99307 61.9781
0.993038 0.0106791 0.117305 7.25539 -0.011167 0.999931 0.00350346 -0.417832 -0.11726 -0.00478903 0.99309 63.3653
0.992821 0.0132214 0.118871 7.4133 -0.0139045 0.999891 0.00491887 -0.428737 -0.118793 -0.0065364 0.992898 64.7652
0.992918 0.0161824 0.117694 7.56967 -0.0169979 0.999838 0.00592868 -0.43888 -0.117579 -0.00788724 0.993032 66.1885
0.992647 0.0205972 0.119276 7.72341 -0.0216013 0.999741 0.00713198 -0.457134 -0.119099 -0.00965607 0.992835 67.5863
0.992608 0.0237976 0.119009 7.86805 -0.0248098 0.999667 0.00703019 -0.464342 -0.118802 -0.0099308 0.992868 68.9761
0.992429 0.0288083 0.119391 8.02013 -0.0297674 0.999537 0.00625751 -0.472112 -0.119155 -0.0097641 0.992828 70.3835
0.992215 0.0297827 0.120921 8.18603 -0.0307107 0.999511 0.00581769 -0.467009 -0.120689 -0.00948598 0.992645 71.7771
0.992247 0.0313108 0.120266 8.34136 -0.032306 0.999458 0.00633346 -0.459518 -0.120003 -0.0101697 0.992721 73.1567
0.992094 0.0309597 0.121615 8.4999 -0.0318807 0.999476 0.00563385 -0.459527 -0.121377 -0.00946647 0.992561 74.5248
0.992301 0.0307431 0.119971 8.66194 -0.0315378 0.999491 0.00473037 -0.44928 -0.119765 -0.00847758 0.992766 75.8931
0.992372 0.0304138 0.119467 8.81664 -0.0310817 0.99951 0.0037301 -0.453319 -0.119295 -0.00741487 0.992831 77.2732
0.992279 0.0294356 0.120475 8.9794 -0.0301072 0.999539 0.0037583 -0.472448 -0.120308 -0.00735644 0.992709 78.6205
0.992437 0.0300083 0.11903 9.14194 -0.0306657 0.999523 0.00369402 -0.492055 -0.118863 -0.00731623 0.992884 80.0062
0.992438 0.0300209 0.119014 9.30879 -0.0307139 0.99952 0.00399243 -0.501665 -0.118837 -0.00761763 0.992884 81.3666
0.992731 0.0286251 0.116899 9.46592 -0.0293147 0.999561 0.00418359 -0.510523 -0.116728 -0.00758004 0.993135 82.7559
0.992984 0.0278497 0.114919 9.62547 -0.0285528 0.999582 0.00447579 -0.519942 -0.114746 -0.00772564 0.993365 84.1484
0.993091 0.0249893 0.114649 9.78377 -0.0256915 0.999659 0.00465106 -0.530397 -0.114494 -0.00756445 0.993395 85.5179
0.99331 0.0238965 0.112977 9.94155 -0.0245426 0.999689 0.00433109 -0.542532 -0.112838 -0.00707487 0.993588 86.9006
0.993346 0.0219477 0.113052 10.1011 -0.0225235 0.999739 0.00381806 -0.548074 -0.112939 -0.00633898 0.993582 88.2617
0.993432 0.022154 0.112257 10.2472 -0.0227773 0.999731 0.00427291 -0.56225 -0.112132 -0.00680175 0.99367 89.6319
0.993377 0.0223282 0.112701 10.3887 -0.0229391 0.999728 0.00412651 -0.574963 -0.112578 -0.00668445 0.99362 90.9776
0.993494 0.0239028 0.111344 10.5297 -0.0245824 0.999686 0.00473495 -0.586789 -0.111196 -0.00744125 0.99377 92.321
0.99357 0.023118 0.110833 10.68 -0.0237447 0.999708 0.00433716 -0.604933 -0.1107 -0.00694096 0.993829 93.6678
0.993657 0.0233001 0.110007 10.8157 -0.02388 0.999707 0.00395655 -0.61285 -0.109882 -0.00655842 0.993923 95.0078
0.993745 0.0227615 0.109325 10.9581 -0.0234671 0.999711 0.00517143 -0.638687 -0.109176 -0.00770464 0.993992 96.3462
0.993684 0.0236438 0.109686 11.0994 -0.0243694 0.999689 0.00527855 -0.634125 -0.109527 -0.0079182 0.993952 97.6516
0.993782 0.0244004 0.108631 11.2382 -0.025045 0.999676 0.00457389 -0.637718 -0.108485 -0.00726614 0.994071 98.9881
0.993745 0.0256929 0.108667 11.379 -0.0261864 0.999652 0.00311651 -0.636649 -0.108549 -0.00594262 0.994073 100.318
0.993656 0.0261233 0.109382 11.5046 -0.026524 0.999645 0.00220954 -0.639875 -0.109286 -0.00509678 0.993997 101.623
0.993725 0.0252134 0.108968 11.6546 -0.0257055 0.999664 0.00311338 -0.637025 -0.108853 -0.00589492 0.99404 102.966
0.993661 0.0255886 0.109458 11.7967 -0.0262051 0.999648 0.00419757 -0.614216 -0.109313 -0.00703934 0.993982 104.251
0.993644 0.0261652 0.109477 11.9392 -0.0268539 0.999628 0.00482047 -0.601732 -0.109311 -0.00772973 0.993977 105.582
0.993671 0.0256099 0.109361 12.076 -0.026215 0.999648 0.00409831 -0.620088 -0.109218 -0.00693928 0.993994 106.884
0.993628 0.0273414 0.109335 12.2076 -0.0277786 0.999611 0.00247696 -0.631363 -0.109225 -0.00549835 0.994002 108.171
0.993515 0.0288314 0.109978 12.3437 -0.0291887 0.999572 0.0016401 -0.652935 -0.109884 -0.00483959 0.993933 109.513
0.993256 0.0296918 0.112067 12.4758 -0.0300251 0.999548 0.00128621 -0.683383 -0.111978 -0.00464236 0.9937 110.812
0.993139 0.031659 0.112565 12.6204 -0.0322549 0.999473 0.00347551 -0.691662 -0.112395 -0.00708243 0.993638 112.148
0.992907 0.0321479 0.114453 12.7546 -0.0329814 0.999441 0.00539629 -0.689493 -0.114216 -0.00913286 0.993414 113.455
0.992837 0.0338524 0.114572 12.9037 -0.0347858 0.999376 0.00615686 -0.682477 -0.114292 -0.0100982 0.993396 114.812
0.992593 0.0364989 0.115865 13.0525 -0.0373914 0.999285 0.0055379 -0.671543 -0.11558 -0.00982927 0.99325 116.149
0.992264 0.0377413 0.118265 13.1995 -0.038623 0.99924 0.00517116 -0.689911 -0.11798 -0.00969891 0.992969 117.458
0.992033 0.0412668 0.119023 13.3513 -0.0421129 0.999102 0.0046014 -0.682516 -0.118726 -0.00957715 0.992881 118.823
0.991703 0.0424896 0.121319 13.5021 -0.0432243 0.999059 0.00342899 -0.699735 -0.12106 -0.00864449 0.992608 120.14
0.991683 0.0442758 0.120839 13.6491 -0.0449463 0.998985 0.00282687 -0.710166 -0.120591 -0.00823463 0.992668 121.476
0.99173 0.0421864 0.121201 13.8028 -0.0428014 0.99908 0.00247394 -0.74543 -0.120985 -0.00764104 0.992625 122.784
0.991605 0.043067 0.121913 13.9512 -0.0437682 0.999037 0.00307791 -0.74931 -0.121663 -0.00838799 0.992536 124.056
0.991826 0.0406276 0.120951 14.0959 -0.041267 0.999144 0.00278513 -0.790977 -0.120734 -0.00775365 0.992655 125.379
0.991861 0.0417932 0.120265 14.2136 -0.0423429 0.999101 0.00201789 -0.843042 -0.120073 -0.00709386 0.99274 126.653
0.991956 0.0409683 0.11976 14.3752 -0.0415353 0.999134 0.00224051 -0.862902 -0.119565 -0.00719677 0.9928 127.995
0.992215 0.0400467 0.117914 14.5183 -0.0403713 0.999184 0.00036438 -0.908277 -0.117804 -0.0051219 0.993024 129.323
0.992269 0.0382592 0.118059 14.6697 -0.0385379 0.999257 7.75072e-05 -0.947506 -0.117968 -0.00462665 0.993007 130.632
0.992634 0.03694 0.115376 14.8039 -0.0371969 0.999308 7.31268e-05 -0.976278 -0.115294 -0.00436423 0.993322 131.969
0.992781 0.0344661 0.11488 14.9558 -0.0347239 0.999397 0.000242448 -0.985233 -0.114802 -0.00422976 0.993379 133.28
0.993084 0.0330751 0.11264 15.1016 -0.0333408 0.999444 0.000475042 -1.00626 -0.112562 -0.00422728 0.993636 134.647
0.993135 0.031845 0.112548 15.246 -0.0320905 0.999485 0.000369221 -1.02207 -0.112479 -0.00397841 0.993646 136.007
0.993471 0.0317247 0.10958 15.3833 -0.0319552 0.999489 0.000347238 -1.04281 -0.109513 -0.00384661 0.993978 137.387
0.993581 0.031736 0.108571 15.5187 -0.0318685 0.999492 -0.000515313 -1.05102 -0.108532 -0.00294798 0.994089 138.746
0.99364 0.0298783 0.10856 15.664 -0.0298265 0.999553 -0.00210154 -1.06538 -0.108574 -0.0011498 0.994088 140.069
0.994009 0.0250216 0.106384 15.8214 -0.0248478 0.999687 -0.00296007 -1.11504 -0.106425 0.000298927 0.994321 141.434
0.994232 0.0168762 0.105906 15.9821 -0.0169551 0.999856 -0.000155187 -1.14693 -0.105894 -0.00164136 0.994376 142.776
0.994551 0.0117263 0.103586 16.1269 -0.0118843 0.999929 0.00090794 -1.18525 -0.103568 -0.00213403 0.99462 144.13
0.994742 0.00879378 0.10203 16.2837 -0.00869493 0.999961 -0.00141368 -1.19531 -0.102039 0.000519099 0.99478 145.492
0.994613 0.00832129 0.103319 16.4186 -0.00802951 0.999962 -0.00323976 -1.21746 -0.103342 0.00239271 0.994643 146.862
0.994603 0.0112129 0.103141 16.5361 -0.0105938 0.999922 -0.0065485 -1.22149 -0.103206 0.0054205 0.994645 148.245
0.994471 0.0118419 0.104337 16.6701 -0.0111779 0.999913 -0.00694601 -1.25036 -0.10441 0.00574134 0.994518 149.614
0.994497 0.00779375 0.104472 16.7976 -0.00740033 0.999964 -0.00415303 -1.26892 -0.1045 0.00335705 0.994519 150.972
0.994472 0.0034604 0.104938 16.9578 -0.00325827 0.999992 -0.00209774 -1.25755 -0.104945 0.00174423 0.994477 152.31
0.994448 0.00131617 0.105212 17.0974 -0.00111648 0.999997 -0.00195694 -1.21811 -0.105214 0.00182861 0.994448 153.593
0.994937 0.00908427 0.100081 17.2517 -0.00826238 0.999929 -0.00862385 -1.14521 -0.100153 0.00775328 0.994942 154.821
0.99533 0.0226951 0.0938124 17.3692 -0.0218568 0.999711 -0.00995424 -1.05442 -0.0940112 0.00785733 0.99554 156.034
0.995881 0.0299388 0.0855793 17.4525 -0.029292 0.999532 -0.00880395 -1.03853 -0.0858029 0.0062609 0.996293 157.281
0.995537 0.0354681 0.0874448 17.5468 -0.0346238 0.999338 -0.0111547 -1.02836 -0.0877826 0.0080773 0.996107 158.608
0.995469 0.0392505 0.0866007 17.6426 -0.0384313 0.9992 -0.0111077 -1.04157 -0.0869673 0.00772924 0.996181 159.93
0.995432 0.0400309 0.0866608 17.7492 -0.0390744 0.999156 -0.0127062 -1.06107 -0.0870963 0.009262 0.996157 161.237
0.995431 0.0441719 0.0846437 17.8513 -0.0432489 0.998984 -0.012709 -1.05927 -0.085119 0.00899017 0.99633 162.482
0.995609 0.0469003 0.0810071 17.9154 -0.0458932 0.998845 -0.0142516 -1.07589 -0.0815819 0.0104714 0.996612 163.768
0.995456 0.0507716 0.0805537 17.9938 -0.0496025 0.998634 -0.0164504 -1.09987 -0.0812788 0.01238 0.996615 165.081
0.995348 0.0548152 0.0792228 18.0775 -0.0535593 0.998404 -0.0178935 -1.13662 -0.0800772 0.0135672 0.996697 166.454
0.995132 0.058063 0.0796212 18.1724 -0.0568451 0.99823 -0.0174815 -1.16547 -0.0804953 0.0128703 0.996672 167.851
0.994884 0.0607223 0.0807321 18.2729 -0.0596009 0.99809 -0.0162318 -1.18204 -0.0815636 0.0113371 0.996604 169.217
0.994841 0.0622993 0.0800528 18.363 -0.0613525 0.998015 -0.0142361 -1.19948 -0.0807807 0.00925128 0.996689 170.604
0.995004 0.0599432 0.0798288 18.452 -0.0591113 0.99817 -0.0127463 -1.22648 -0.0804467 0.00796387 0.996727 171.983
0.995418 0.0584659 0.0756578 18.5761 -0.057598 0.998247 -0.0136054 -1.25077 -0.0763206 0.00918528 0.997041 173.401
0.995578 0.0576125 0.074183 18.6901 -0.0563966 0.998239 -0.0183851 -1.26785 -0.0751116 0.0141202 0.997076 174.737
0.995549 0.0612594 0.0716142 18.7824 -0.0598117 0.997963 -0.0221916 -1.28067 -0.0728277 0.0178095 0.997186 176.096
0.995369 0.0657865 0.0700807 18.8942 -0.0642122 0.997636 -0.0244889 -1.29313 -0.071526 0.0198755 0.997241 177.436
0.99511 0.0695119 0.0701618 18.9865 -0.0680069 0.997405 -0.023621 -1.33271 -0.0716216 0.0187341 0.997256 178.744
0.995051 0.0715298 0.0689567 19.1146 -0.0702275 0.997307 -0.0211337 -1.37319 -0.0702826 0.0161864 0.997396 180.142
0.994886 0.0717447 0.071088 19.2057 -0.0705004 0.997314 -0.0198664 -1.40176 -0.0723223 0.0147531 0.997273 181.536
0.99484 0.0731802 0.0702555 19.3219 -0.0719908 0.997218 -0.0193207 -1.42373 -0.0714739 0.0141633 0.997342 182.954
0.994862 0.0726324 0.070521 19.4165 -0.0714653 0.997263 -0.0189389 -1.45899 -0.0717035 0.0138018 0.997331 184.371
0.994943 0.0723743 0.0696298 19.5066 -0.0712822 0.997293 -0.0180479 -1.51005 -0.0707475 0.0129933 0.99741 185.736
0.995143 0.0700675 0.0691358 19.6021 -0.0690322 0.997465 -0.0172566 -1.58194 -0.0701696 0.0124002 0.997458 187.179
0.995196 0.0685599 0.0698763 19.6947 -0.0675923 0.997583 -0.0161232 -1.62873 -0.0708128 0.0113227 0.997426 188.572
0.995506 0.0654093 0.068464 19.798 -0.0645757 0.99781 -0.0143224 -1.68445 -0.0692508 0.00983699 0.997551 190.015
0.995564 0.0634446 0.0694688 19.8883 -0.0626893 0.997948 -0.0130017 -1.73551 -0.0701512 0.0085891 0.9975 191.406
0.99554 0.0658406 0.0675477 19.9757 -0.0648738 0.997758 -0.0164114 -1.76245 -0.0684767 0.0119561 0.997582 192.835
0.994913 0.0747941 0.0674655 20.0486 -0.0736114 0.997089 -0.0198526 -1.77894 -0.0687539 0.0147854 0.997525 194.263
0.994398 0.0820618 0.0666074 20.1364 -0.0811648 0.996571 -0.0160694 -1.78282 -0.0676976 0.0105732 0.99765 195.638
0.993851 0.088726 0.0662233 20.1904 -0.0879814 0.996023 -0.0140834 -1.80495 -0.0672094 0.00817045 0.997706 197.099
0.993362 0.0928357 0.0679083 20.2772 -0.0923877 0.995676 -0.00971617 -1.80433 -0.0685166 0.0033778 0.997645 198.509
0.993621 0.0918132 0.0654726 20.3692 -0.0914103 0.995771 -0.00913079 -1.83542 -0.066034 0.00308768 0.997813 199.944
0.993131 0.0971086 0.0652545 20.4868 -0.0967738 0.995272 -0.00828018 -1.78958 -0.06575 0.00190839 0.997835 201.407
0.991329 0.112625 0.0676854 20.5936 -0.112273 0.993637 -0.00899669 -1.66724 -0.0682679 0.00131944 0.997667 202.872
0.989427 0.128821 0.066619 20.6972 -0.128557 0.991668 -0.00825928 -1.5468 -0.0671278 -0.000392382 0.997745 204.353
0.988663 0.134182 0.0673692 20.767 -0.133998 0.990955 -0.00725968 -1.51741 -0.0677339 -0.00184996 0.997702 205.792
0.98849 0.136068 0.0661207 20.8258 -0.135962 0.990695 -0.00611426 -1.53273 -0.0663373 -0.00294602 0.997793 207.293
0.988726 0.13446 0.0658688 20.9044 -0.134343 0.990915 -0.00622435 -1.57849 -0.0661072 -0.00269483 0.997809 208.768
0.988606 0.134744 0.0670841 21.0111 -0.1346 0.990877 -0.00668334 -1.60166 -0.0673726 -0.00242232 0.997725 210.227
0.988805 0.134229 0.0651649 21.1052 -0.134108 0.990947 -0.00625436 -1.64151 -0.0654144 -0.00255476 0.997855 211.734
0.988888 0.132739 0.0669292 21.2325 -0.132601 0.991148 -0.00651721 -1.67971 -0.0672018 -0.00243008 0.997737 213.203
0.988963 0.133056 0.0651656 21.3202 -0.132906 0.991106 -0.00664946 -1.72906 -0.0654708 -0.00208482 0.997853 214.696
0.98898 0.132587 0.0658572 21.4247 -0.132398 0.99117 -0.0072377 -1.77023 -0.0662352 -0.00156142 0.997803 216.17
0.989192 0.131906 0.0640193 21.5328 -0.131701 0.991262 -0.00743337 -1.80987 -0.0644403 -0.00107833 0.997921 217.673
0.989267 0.131778 0.0631199 21.6359 -0.131543 0.991279 -0.00787825 -1.83999 -0.0636075 -0.000509301 0.997975 219.189
0.989312 0.131901 0.0621454 21.7115 -0.131634 0.991263 -0.00838596 -1.86718 -0.0627085 0.000115879 0.998032 220.68
0.989396 0.132903 0.058568 21.7831 -0.132686 0.991129 -0.00759598 -1.89586 -0.0590579 -0.000255721 0.998255 222.189
0.989159 0.134816 0.0582079 21.8581 -0.134565 0.99087 -0.00822716 -1.92771 -0.0587855 0.000305239 0.998271 223.674
0.98931 0.134074 0.0573403 21.9399 -0.133819 0.990971 -0.00828158 -1.9527 -0.0579328 0.000519825 0.998321 225.153
0.98935 0.134408 0.0558417 22.0094 -0.134258 0.990925 -0.00644198 -1.9694 -0.0562007 -0.00112382 0.998419 226.663
0.989473 0.133287 0.0563505 22.0854 -0.133151 0.991076 -0.00618823 -2.00339 -0.0566724 -0.00138003 0.998392 228.18
0.989696 0.132091 0.0552418 22.1537 -0.131942 0.991237 -0.0063503 -2.05678 -0.0555965 -0.00100386 0.998453 229.706
0.989913 0.130882 0.0542223 22.2004 -0.130681 0.991398 -0.0072612 -2.0867 -0.0547061 0.000102142 0.998503 231.236
0.98978 0.132419 0.052912 22.2664 -0.132261 0.991193 -0.00649594 -2.11614 -0.0533061 -0.000568652 0.998579 232.781
0.989843 0.13176 0.0533659 22.3352 -0.131708 0.991278 -0.00451672 -2.13918 -0.0534955 -0.00255784 0.998565 234.307
0.989872 0.131409 0.0537061 22.4055 -0.131394 0.991323 -0.00383086 -2.14856 -0.0537434 -0.00326458 0.99855 235.812
0.989766 0.132991 0.0517096 22.4707 -0.13286 0.991117 -0.00598242 -2.16999 -0.0520457 -0.000948941 0.998645 237.341
0.989955 0.131639 0.0515524 22.5413 -0.131385 0.991297 -0.00830646 -2.19476 -0.0521971 0.00144983 0.998636 238.871
0.989854 0.132741 0.0506658 22.5922 -0.132505 0.99115 -0.00799637 -2.21638 -0.0512787 0.00120177 0.998684 240.396
0.989915 0.132211 0.0508691 22.659 -0.13202 0.991221 -0.00710468 -2.22435 -0.0513617 0.000317289 0.998681 241.931
0.989498 0.134905 0.0518949 22.7286 -0.134787 0.990858 -0.00578701 -2.23666 -0.052201 -0.00126851 0.998636 243.444
0.989398 0.135895 0.0512152 22.791 -0.135797 0.990722 -0.0054162 -2.25642 -0.0514759 -0.00159606 0.998673 244.986
0.989429 0.135627 0.0513287 22.869 -0.135407 0.99076 -0.00774105 -2.28066 -0.0519042 0.000708941 0.998652 246.544
0.98942 0.136416 0.0493635 22.9407 -0.136206 0.990651 -0.00760062 -2.31469 -0.0499387 0.000796592 0.998753 248.145
0.989334 0.136237 0.0515324 23.0291 -0.13603 0.990676 -0.0075266 -2.33849 -0.0520772 0.000436399 0.998644 249.706
0.989807 0.133845 0.0486396 23.1119 -0.133613 0.991001 -0.00800962 -2.37121 -0.0492738 0.00142912 0.998785 251.274
0.99003 0.132385 0.0480809 23.2235 -0.132145 0.991197 -0.00816277 -2.40157 -0.0487382 0.00172776 0.998811 252.851
0.990318 0.129891 0.0489519 23.33 -0.129703 0.991528 -0.00699566 -2.42492 -0.0494458 0.00057871 0.998777 254.41
0.990354 0.130224 0.0473257 23.42 -0.130039 0.991484 -0.00696999 -2.46536 -0.0478302 0.000748581 0.998856 255.975
0.990507 0.128826 0.0479333 23.4985 -0.128611 0.991666 -0.00757209 -2.48 -0.0485092 0.00133548 0.998822 257.512
0.990825 0.125972 0.0489299 23.5834 -0.125824 0.992034 -0.00609813 -2.4874 -0.0493082 -0.00011438 0.998784 259.076
0.991125 0.122738 0.0510359 23.659 -0.122586 0.992439 -0.00609932 -2.49133 -0.0513985 -0.000211108 0.998679 260.647
0.991313 0.12065 0.0523565 23.7294 -0.120438 0.992695 -0.00721308 -2.51692 -0.0528442 0.000844731 0.998603 262.185
0.991481 0.11975 0.0512113 23.7953 -0.119514 0.992803 -0.00766904 -2.54822 -0.051761 0.00148326 0.998659 263.757
0.991294 0.120333 0.0534216 23.8567 -0.120075 0.992732 -0.00801196 -2.57018 -0.0539974 0.00152759 0.99854 265.31
0.99104 0.122571 0.0530478 23.9359 -0.122239 0.992455 -0.00947253 -2.577 -0.0538085 0.00290318 0.998548 266.839
0.990844 0.123415 0.0547272 24.0024 -0.123049 0.99235 -0.0100248 -2.60203 -0.0555456 0.00319886 0.998452 268.333
0.990463 0.124981 0.0579806 24.0696 -0.124611 0.992156 -0.00996158 -2.63055 -0.0587707 0.00264155 0.998269 269.826
0.990499 0.124713 0.0579334 24.1403 -0.124306 0.992187 -0.0105793 -2.65424 -0.0588 0.00327728 0.998265 271.333
0.990206 0.125452 0.0612488 24.2194 -0.125 0.992094 -0.0111634 -2.68951 -0.0621649 0.00339795 0.998061 272.818
0.990306 0.124904 0.0607531 24.3053 -0.124444 0.992162 -0.0113134 -2.70498 -0.0616899 0.00364336 0.998089 274.364
0.990284 0.12448 0.0619738 24.3826 -0.124009 0.992216 -0.0114027 -2.73075 -0.0629107 0.00360661 0.998013 275.866
0.990252 0.123078 0.0652001 24.475 -0.122621 0.992393 -0.0109777 -2.75634 -0.0660552 0.00287582 0.997812 277.379
0.990372 0.122794 0.0639021 24.5476 -0.122392 0.992429 -0.0101871 -2.78118 -0.0646691 0.00226788 0.997905 278.922
0.990311 0.122235 0.0658819 24.6468 -0.121703 0.992493 -0.0120476 -2.79698 -0.0668599 0.00391286 0.997755 280.467
0.990438 0.122579 0.0632908 24.741 -0.122011 0.992446 -0.0127741 -2.83273 -0.0643785 0.0049298 0.997914 282.013
0.990502 0.122397 0.0626255 24.833 -0.121857 0.99247 -0.0123836 -2.86297 -0.0636696 0.00463465 0.997961 283.527
0.99051 0.121725 0.0637986 24.9208 -0.121231 0.992557 -0.0115699 -2.88655 -0.064732 0.00372577 0.997896 285.073
0.990664 0.121879 0.0610688 25.0074 -0.12144 0.992539 -0.0108609 -2.91278 -0.0619367 0.00334332 0.998075 286.632
0.990359 0.123801 0.0621398 25.0945 -0.123339 0.992301 -0.0112275 -2.93124 -0.0630512 0.00345496 0.998005 288.168
0.990351 0.124858 0.060109 25.186 -0.124479 0.992172 -0.0100173 -2.94446 -0.0608891 0.00243838 0.998142 289.76
0.990431 0.12483 0.0588364 25.2624 -0.124522 0.992177 -0.00888131 -2.94959 -0.0594847 0.00146989 0.998229 291.339
0.990162 0.126187 0.0604393 25.3627 -0.125944 0.992006 -0.00782258 -2.9969 -0.0609432 0.000133638 0.998142 292.876
0.990072 0.127753 0.0586121 25.4474 -0.127593 0.991805 -0.00647498 -3.01771 -0.0589589 -0.00106779 0.998261 294.475
0.989747 0.129096 0.061093 25.5345 -0.129047 0.991627 -0.00476521 -3.02765 -0.0611965 -0.00316749 0.998121 296.019
0.989719 0.129745 0.0601725 25.6098 -0.12964 0.991545 -0.00565597 -3.06413 -0.0603974 -0.00220294 0.998173 297.625
0.989742 0.129421 0.0604957 25.7062 -0.12936 0.991585 -0.00493881 -3.10215 -0.0606257 -0.00293759 0.998157 299.203
0.989716 0.128606 0.0626133 25.8144 -0.128475 0.991694 -0.00612274 -3.1528 -0.0628805 -0.00198448 0.99802 300.763
0.989757 0.128572 0.0620334 25.9159 -0.128371 0.9917 -0.00722135 -3.18948 -0.0624468 -0.000815904 0.998049 302.332
0.989855 0.12775 0.0621621 25.9914 -0.127527 0.991806 -0.00756474 -3.22474 -0.062619 -0.000439322 0.998038 303.891
0.989882 0.128938 0.0592183 26.0693 -0.128727 0.991653 -0.00737995 -3.27347 -0.0596754 -0.000317687 0.998218 305.476
0.989848 0.12998 0.0574749 26.1528 -0.129832 0.991516 -0.00630339 -3.28294 -0.0578065 -0.0012227 0.998328 307.066
0.989622 0.131172 0.0586582 26.2333 -0.131199 0.99135 -0.00340011 -3.29292 -0.0585967 -0.0043311 0.998273 308.677
0.989824 0.129735 0.0584333 26.3402 -0.129927 0.991523 -0.000523935 -3.29125 -0.0580058 -0.00707345 0.998292 310.312
0.989849 0.128767 0.060125 26.4249 -0.12899 0.991646 -0.00017481 -3.31153 -0.0596451 -0.0075825 0.998192 311.944
0.98995 0.12825 0.0595679 26.5125 -0.128457 0.991715 -0.000349209 -3.36161 -0.059119 -0.00730623 0.998225 313.591
0.989954 0.127466 0.0611632 26.6107 -0.127675 0.991816 -0.000497554 -3.38028 -0.0607259 -0.00731646 0.998128 315.207
0.989975 0.12763 0.0604838 26.6996 -0.127878 0.99179 0.000222351 -3.38304 -0.0599587 -0.00795465 0.99817 316.851
0.98991 0.127664 0.0614621 26.7994 -0.127922 0.991784 0.000261958 -3.39827 -0.0609235 -0.00812169 0.99811 318.492
0.989639 0.12875 0.0635293 26.8903 -0.128968 0.991648 -0.00067817 -3.40596 -0.0630859 -0.00752211 0.99798 320.105
0.989692 0.128817 0.0625529 26.9821 -0.128935 0.991651 -0.00215459 -3.43735 -0.062308 -0.0059329 0.99804 321.743
0.989647 0.127828 0.0652437 27.081 -0.128073 0.991764 -0.000426832 -3.45836 -0.0647608 -0.00793357 0.99787 323.365
0.98996 0.125593 0.0648413 27.1796 -0.125878 0.992046 0.000317742 -3.46573 -0.0642855 -0.00847665 0.997896 325.009
0.990055 0.124889 0.0647425 27.284 -0.125135 0.99214 -0.000251644 -3.46288 -0.0642649 -0.00785241 0.997903 326.621
0.989663 0.126886 0.0668215 27.3772 -0.127234 0.991872 0.000957672 -3.48701 -0.0661567 -0.00944976 0.997765 328.243
0.989479 0.129447 0.0645944 27.4663 -0.129656 0.991558 -0.000959862 -3.51512 -0.0641732 -0.00742528 0.997912 329.865
0.98914 0.131612 0.0654029 27.5639 -0.13175 0.99128 -0.00221618 -3.52594 -0.0651242 -0.00642475 0.997857 331.466
0.989129 0.132342 0.0640895 27.655 -0.132584 0.991171 -0.000472677 -3.54797 -0.0635861 -0.00802974 0.997945 333.094
0.989095 0.132713 0.063837 27.7526 -0.13316 0.99109 0.00278624 -3.56035 -0.0628983 -0.0112564 0.997957 334.713
0.988973 0.133202 0.0647106 27.8457 -0.133822 0.990991 0.00531778 -3.57486 -0.0634191 -0.0139189 0.997891 336.301
0.98898 0.134457 0.0619526 27.9525 -0.135064 0.99082 0.00569863 -3.58515 -0.0606176 -0.0140034 0.998063 337.926
0.989029 0.134208 0.0617002 28.0412 -0.134818 0.990853 0.00582374 -3.59737 -0.0603541 -0.0140782 0.998078 339.531
0.989345 0.133235 0.0586654 28.1377 -0.133903 0.990965 0.00758726 -3.6084 -0.0571243 -0.0153619 0.998249 341.142
0.989527 0.132299 0.0577184 28.2327 -0.133011 0.991077 0.00865828 -3.61636 -0.0560577 -0.0162448 0.998296 342.745
0.989478 0.132205 0.0587658 28.3098 -0.132919 0.991091 0.00839926 -3.6233 -0.0571317 -0.016122 0.998237 344.329
0.989583 0.132022 0.0573827 28.3966 -0.132727 0.991115 0.00863994 -3.62458 -0.055732 -0.0161662 0.998315 345.943
0.989532 0.131917 0.0584974 28.4833 -0.132639 0.991127 0.00860507 -3.62173 -0.056843 -0.016274 0.998251 347.518
0.989739 0.130734 0.057649 28.5676 -0.131458 0.991281 0.00895009 -3.60987 -0.0559761 -0.0164367 0.998297 349.126
0.98977 0.130402 0.0578626 28.6556 -0.131135 0.991323 0.00902785 -3.60984 -0.0561831 -0.0165233 0.998284 350.724
0.989694 0.130393 0.059172 28.7405 -0.131137 0.991325 0.00885072 -3.61785 -0.0575045 -0.0165191 0.998209 352.3
0.989727 0.130486 0.0584056 28.828 -0.13127 0.991298 0.00977747 -3.6338 -0.0566214 -0.017344 0.998246 353.908
0.989724 0.129967 0.0595954 28.9123 -0.130763 0.991367 0.00963422 -3.63802 -0.0578286 -0.0173281 0.998177 355.485
0.989892 0.129227 0.0584151 28.9978 -0.129999 0.991467 0.00961232 -3.64595 -0.0566743 -0.0171091 0.998247 357.091
0.990089 0.127565 0.0587294 29.0855 -0.128423 0.991658 0.0110567 -3.6488 -0.0568289 -0.0184893 0.998213 358.688
0.99016 0.126299 0.0602506 29.1738 -0.127244 0.991798 0.0120994 -3.6611 -0.0582281 -0.0196469 0.998111 360.27
0.990308 0.125903 0.0586217 29.261 -0.126791 0.991861 0.0116727 -3.67032 -0.0566748 -0.0189923 0.998213 361.892
0.990106 0.126732 0.0602193 29.3446 -0.127679 0.991741 0.0121418 -3.68064 -0.058183 -0.0197104 0.998112 363.478
0.990054 0.127642 0.0591455 29.4332 -0.128663 0.991593 0.0137731 -3.67233 -0.05689 -0.021246 0.998155 365.079
0.989872 0.128176 0.0610059 29.5146 -0.129299 0.991495 0.0147988 -3.67068 -0.05859 -0.0225369 0.998028 366.671
0.989931 0.128077 0.0602536 29.605 -0.129222 0.991494 0.0154963 -3.68828 -0.0577563 -0.0231265 0.998063 368.283
0.989945 0.127879 0.0604419 29.6937 -0.129026 0.991521 0.0154579 -3.68191 -0.0579525 -0.0231011 0.998053 369.884
0.989761 0.128469 0.0621739 29.7776 -0.129722 0.991412 0.0165446 -3.67049 -0.0595143 -0.0244406 0.997929 371.49
0.989655 0.129623 0.0614637 29.8739 -0.130851 0.991267 0.0163725 -3.63468 -0.0588045 -0.0242457 0.997976 373.113
0.989414 0.130369 0.0637197 29.955 -0.131716 0.991135 0.0173953 -3.63464 -0.0608868 -0.0256041 0.997817 374.705
0.989245 0.13164 0.0637316 30.0474 -0.133033 0.990946 0.0181195 -3.60588 -0.0607691 -0.0264031 0.997803 376.354
0.989055 0.132674 0.0645426 30.1364 -0.134115 0.990793 0.0185054 -3.59904 -0.0614929 -0.026959 0.997744 377.984
0.988803 0.13344 0.0667809 30.2272 -0.134949 0.990678 0.0186052 -3.59811 -0.0636755 -0.0274089 0.997595 379.586
0.98872 0.134736 0.0653927 30.3199 -0.136261 0.990482 0.0194341 -3.58453 -0.0621517 -0.0281254 0.997671 381.211
0.98843 0.135741 0.0676573 30.4111 -0.137377 0.990314 0.0201252 -3.57092 -0.06427 -0.029187 0.997506 382.818
0.988368 0.137151 0.065699 30.4997 -0.138834 0.990076 0.0217634 -3.55561 -0.062062 -0.0306316 0.997603 384.468
0.988127 0.138483 0.0665126 30.5986 -0.140173 0.989895 0.0214287 -3.51309 -0.0628728 -0.0304976 0.997556 386.102
0.988136 0.137664 0.0680614 30.6909 -0.139441 0.989985 0.0220548 -3.51763 -0.0643434 -0.0312837 0.997438 387.714
