1 0 0 0 0 1 0 0 0 0 1 0
1 -0.00031905 -0.000137814 -0.00492694 0.000319187 0.999999 0.00100053 -0.0289977 0.000137495 -0.00100057 0.999999 1.31591
1 -0.000555869 0.000400657 -0.00859976 0.000555322 0.999999 0.00136479 -0.0371192 -0.000401416 -0.00136457 0.999999 2.62299
0.999999 -0.00166924 -0.000489565 -0.00853992 0.00166955 0.999998 0.000627388 -0.0502166 0.000488517 -0.000628204 1 3.94309
0.999999 -0.00142798 0.000613258 -0.0104035 0.00142752 0.999999 0.000745174 -0.0632032 -0.000614322 -0.000744298 1 5.26155
0.999999 -0.00139729 5.84267e-05 -0.0130273 0.00139719 0.999997 0.00181671 -0.0746995 -6.09649e-05 -0.00181663 0.999998 6.5801
0.999996 -0.00268437 0.000179899 -0.0140076 0.0026839 0.999993 0.00254282 -0.0913634 -0.000186724 -0.00254233 0.999997 7.90469
0.999997 -0.00234793 0.000816001 -0.0174162 0.0023456 0.999993 0.0028347 -0.102907 -0.000822651 -0.00283278 0.999996 9.2386
0.999998 -0.00201925 -0.000169036 -0.0215162 0.00201955 0.999996 0.00175328 -0.118054 0.000165495 -0.00175361 0.999998 10.5666
1 0.000381178 0.00056354 -0.0297338 -0.000381322 1 0.000256056 -0.126286 -0.000563442 -0.000256271 1 11.9006
0.999994 0.00339104 -0.00028879 -0.0378571 -0.00339127 0.999994 -0.00083236 -0.14339 0.000285966 0.000833335 1 13.2377
0.999985 0.00556156 -0.000114825 -0.0507762 -0.0055617 0.999984 -0.00122219 -0.159103 0.000108026 0.00122281 0.999999 14.578
0.999983 0.00564775 0.00110979 -0.0614032 -0.00564739 0.999984 -0.000322783 -0.164218 -0.00111159 0.000316511 0.999999 15.9197
0.999991 0.004115 0.000865472 -0.0552766 -0.00411721 0.999988 0.00257368 -0.167077 -0.000854871 -0.00257722 0.999996 17.2661
0.999997 0.000143536 0.00234561 -0.0514049 -0.000156018 0.999986 0.00532214 -0.169922 -0.00234482 -0.00532249 0.999983 18.6114
0.999997 -0.00214003 0.00117385 -0.0423642 0.00213524 0.99999 0.0040639 -0.180153 -0.00118254 -0.00406138 0.999991 19.9531
0.999993 -0.00288249 0.00256576 -0.0375035 0.00287573 0.999992 0.00263493 -0.156901 -0.00257333 -0.00262753 0.999993 21.2935
0.999996 -0.0016244 0.00236125 -0.0318801 0.00161982 0.999997 0.00194045 -0.147543 -0.0023644 -0.00193662 0.999995 22.6448
0.999995 0.000317619 0.00328473 -0.0370012 -0.000324666 0.999998 0.0021456 -0.137047 -0.00328404 -0.00214665 0.999992 24.002
0.999985 0.0008659 0.00552745 -0.0416598 -0.000904767 0.999975 0.00703324 -0.130265 -0.00552122 -0.00703813 0.99996 25.3453
0.999989 0.000843497 0.00460568 -0.0345559 -0.000880744 0.999967 0.00809147 -0.142815 -0.0045987 -0.00809544 0.999957 26.7221
0.999981 -0.00167143 0.0060482 -0.0315625 0.00162297 0.999967 0.00800856 -0.167101 -0.00606139 -0.00799859 0.99995 28.0654
0.999987 -0.0016554 0.00482324 -0.0367354 0.00162865 0.999983 0.00554516 -0.179963 -0.00483234 -0.00553723 0.999973 29.4465
0.999975 -0.00144593 0.00693725 -0.0330652 0.00140869 0.999985 0.00537007 -0.203171 -0.00694491 -0.00536016 0.999961 30.8089
0.99998 0.00113694 0.00625543 -0.0439201 -0.00116049 0.999992 0.00376167 -0.210261 -0.0062511 -0.00376886 0.999973 32.2125
0.999976 0.00170345 0.0067442 -0.043697 -0.00172593 0.999993 0.00332811 -0.22916 -0.00673848 -0.00333967 0.999972 33.5957
0.999966 0.00208946 0.00803737 -0.0380693 -0.00212235 0.99999 0.00408584 -0.244414 -0.00802875 -0.00410275 0.999959 34.965
0.999976 0.00222144 0.00662674 -0.0345905 -0.00226145 0.999979 0.00603673 -0.263546 -0.0066132 -0.00605157 0.99996 36.3649
0.999966 0.00313839 0.0076759 -0.0392839 -0.00319711 0.999966 0.00765008 -0.273382 -0.00765163 -0.00767436 0.999941 37.7474
0.999965 0.00551608 0.00636695 -0.0319303 -0.00556411 0.999956 0.00755122 -0.277797 -0.00632502 -0.00758638 0.999951 39.1571
0.999951 0.00722675 0.0067528 -0.0413593 -0.00727835 0.999945 0.00764783 -0.28647 -0.00669715 -0.0076966 0.999948 40.553
0.999934 0.00855141 0.00764255 -0.0436565 -0.00861448 0.999929 0.00825765 -0.289851 -0.00757139 -0.00832295 0.999937 41.9549
0.999942 0.00888174 0.00616236 -0.0431079 -0.00893721 0.99992 0.00903225 -0.289121 -0.00608164 -0.00908679 0.99994 43.3643
0.999939 0.00828015 0.00732159 -0.0424735 -0.00834899 0.999921 0.00942341 -0.300529 -0.00724298 -0.00948396 0.999929 44.7615
0.99996 0.00723414 0.00537676 -0.0394403 -0.00727986 0.999937 0.0085334 -0.309786 -0.00531469 -0.00857219 0.999949 46.1795
0.999965 0.00640122 0.00538502 -0.0402694 -0.00645182 0.999935 0.00943213 -0.316024 -0.00532429 -0.00946654 0.999941 47.5971
0.999976 0.00643004 0.0028548 -0.041486 -0.00645779 0.999931 0.00981731 -0.323627 -0.00279148 -0.0098355 0.999948 49.0268
0.999978 0.00652896 0.00168031 -0.050917 -0.00654654 0.999922 0.0106805 -0.316269 -0.00161044 -0.0106912 0.999941 50.4445
0.999972 0.00714618 0.00218565 -0.0452247 -0.00716903 0.999918 0.0106335 -0.326686 -0.00210948 -0.0106489 0.999941 51.8506
0.999972 0.00754423 -0.000289119 -0.0538872 -0.00754038 0.999905 0.0115686 -0.325551 0.000376365 -0.0115661 0.999933 53.2778
0.999982 0.00602839 0.000407897 -0.0597604 -0.006033 0.999905 0.0124503 -0.323131 -0.000332805 -0.0124525 0.999922 54.7043
0.999986 0.00516705 -0.00165099 -0.064585 -0.00514706 0.999916 0.0118883 -0.327457 0.00171228 -0.0118796 0.999928 56.1386
0.999993 0.00300021 -0.00224941 -0.0746204 -0.00297221 0.99992 0.0123482 -0.329096 0.00228627 -0.0123414 0.999921 57.5637
0.999999 0.00155251 -0.000863878 -0.0755284 -0.0015414 0.999918 0.0127136 -0.33084 0.000883542 -0.0127122 0.999919 58.9852
1 0.00034999 -0.0011404 -0.0790729 -0.000335291 0.999918 0.0128627 -0.32931 0.0011448 -0.0128623 0.999916 60.4057
1 4.59363e-05 0.000622174 -0.0773791 -5.4137e-05 0.999913 0.0131902 -0.341792 -0.000621517 -0.0131902 0.999913 61.8196
1 -0.000971483 -5.80716e-05 -0.0731871 0.000972183 0.999908 0.0135633 -0.355001 4.48865e-05 -0.0135634 0.999908 63.2464
0.999997 -0.00244839 4.52728e-05 -0.079021 0.00244756 0.999908 0.0133643 -0.346693 -7.79927e-05 -0.0133641 0.999911 64.6706
0.999994 -0.00269517 0.00226022 -0.0936976 0.00266514 0.99991 0.0131855 -0.347026 -0.00229555 -0.0131794 0.99991 66.0664
0.999997 -0.00157216 0.00180382 -0.107958 0.00154714 0.999904 0.0137895 -0.353231 -0.00182533 -0.0137867 0.999903 67.4788
0.999994 0.000886625 0.00347476 -0.111692 -0.000939884 0.999882 0.0153566 -0.353267 -0.00346074 -0.0153598 0.999876 68.8903
0.999987 0.0043425 0.00270047 -0.116329 -0.00438658 0.999854 0.0165387 -0.355606 -0.00262825 -0.0165503 0.999859 70.3161
0.999959 0.0078412 0.00462598 -0.119001 -0.00792182 0.999813 0.0176741 -0.353121 -0.00448653 -0.01771 0.999833 71.717
0.999926 0.0113518 0.00438575 -0.1301 -0.0114279 0.999778 0.0177292 -0.345265 -0.00418351 -0.017778 0.999833 73.1266
0.999872 0.0153031 0.00478656 -0.136975 -0.0153842 0.999731 0.0173771 -0.336123 -0.00451935 -0.0174485 0.999837 74.5328
0.999853 0.0159079 0.00645936 -0.137782 -0.0160168 0.999724 0.0171758 -0.334034 -0.00618435 -0.0172768 0.999831 75.9267
0.999856 0.0159534 0.00588259 -0.139079 -0.0160565 0.999711 0.0179189 -0.332045 -0.00559502 -0.0180108 0.999822 77.3297
0.999871 0.0144308 0.00700872 -0.13341 -0.0145525 0.999739 0.0176411 -0.334351 -0.00675232 -0.0177408 0.99982 78.7009
0.999898 0.0130414 0.00578534 -0.130068 -0.0131379 0.99977 0.0169788 -0.321554 -0.00556257 -0.0170531 0.999839 80.0997
0.999911 0.012199 0.00545064 -0.12783 -0.0122887 0.999785 0.0167464 -0.314682 -0.00524518 -0.0168119 0.999845 81.4809
0.999923 0.0110303 0.0056727 -0.116104 -0.0111228 0.999802 0.016528 -0.319533 -0.00548927 -0.0165898 0.999847 82.8432
0.999923 0.0115934 0.00441112 -0.121642 -0.0116651 0.999795 0.0165931 -0.31441 -0.00421784 -0.0166433 0.999852 84.2271
0.999919 0.0120308 0.00424367 -0.123146 -0.0121012 0.999783 0.0169547 -0.300665 -0.00403877 -0.0170047 0.999847 85.5759
0.999941 0.0106583 0.00221212 -0.128064 -0.0106949 0.999794 0.0172529 -0.296468 -0.00202778 -0.0172755 0.999849 86.9679
0.999957 0.00917141 0.00121401 -0.134256 -0.00919212 0.99979 0.0183244 -0.294225 -0.00104569 -0.0183348 0.999831 88.3392
0.999982 0.00591868 0.000858658 -0.135206 -0.00593345 0.999814 0.0183632 -0.287812 -0.000749811 -0.018368 0.999831 89.6911
0.999991 0.00431876 -0.000657619 -0.138034 -0.00430593 0.999822 0.0184003 -0.285972 0.000736968 -0.0183973 0.99983 91.0742
0.999996 0.00270296 -0.00051886 -0.145359 -0.00269318 0.999835 0.0179958 -0.273024 0.000567417 -0.0179944 0.999838 92.4266
0.999997 0.00216999 -0.00148043 -0.15529 -0.00214246 0.99983 0.0183477 -0.273797 0.00151999 -0.0183445 0.99983 93.8028
0.999997 0.00213303 -0.00114291 -0.162645 -0.00211164 0.999829 0.0183932 -0.267057 0.00118195 -0.0183907 0.99983 95.1481
0.999995 0.00276091 -0.00170648 -0.173906 -0.0027292 0.999829 0.0183092 -0.261842 0.00175674 -0.0183044 0.999831 96.5086
0.999995 0.00264783 -0.00178479 -0.182724 -0.00261543 0.999837 0.0179099 -0.260224 0.00183192 -0.0179051 0.999838 97.8666
0.999993 0.00360837 -0.00110749 -0.196476 -0.00358761 0.999828 0.0182024 -0.248924 0.00117298 -0.0181983 0.999833 99.2012
0.999989 0.00440879 -0.00142483 -0.203076 -0.00438014 0.9998 0.019517 -0.243503 0.00151059 -0.0195105 0.999808 100.561
0.999989 0.00458086 -0.000725206 -0.212398 -0.00456536 0.999788 0.0200946 -0.232153 0.000817102 -0.0200911 0.999798 101.887
0.99999 0.00440522 -0.00114987 -0.22403 -0.00438212 0.999803 0.0193731 -0.225842 0.00123499 -0.0193678 0.999811 103.242
0.99999 0.00443532 -0.000987616 -0.233663 -0.00441658 0.999824 0.0182281 -0.2187 0.00106829 -0.0182235 0.999833 104.576
0.999994 0.00347545 -0.000565666 -0.245062 -0.00346507 0.999843 0.0174177 -0.216839 0.000626111 -0.0174156 0.999848 105.882
0.999998 0.00155228 -0.000964899 -0.24736 -0.00153414 0.999828 0.0185201 -0.212139 0.000993481 -0.0185185 0.999828 107.232
1 -0.000700645 7.4484e-05 -0.247711 0.000699058 0.999808 0.0195886 -0.200673 -8.8194e-05 -0.0195886 0.999808 108.539
0.999998 -0.00200169 0.000448754 -0.25092 0.00199214 0.999791 0.0203738 -0.192758 -0.000489441 -0.0203729 0.999792 109.888
0.999996 -0.00268272 0.000937358 -0.252149 0.00266382 0.999804 0.019618 -0.191471 -0.000989803 -0.0196154 0.999807 111.216
0.999996 -0.0017684 0.0021967 -0.260902 0.00172892 0.99984 0.0178467 -0.189902 -0.00222791 -0.0178428 0.999838 112.517
0.999996 0.00025154 0.00287577 -0.269174 -0.000300681 0.999854 0.0171023 -0.186963 -0.00287105 -0.0171031 0.999849 113.861
0.999985 0.00203653 0.00504561 -0.274785 -0.00212125 0.999856 0.0168443 -0.184295 -0.00501058 -0.0168548 0.999845 115.167
0.999977 0.00371697 0.00562496 -0.274661 -0.00382331 0.999812 0.0190139 -0.178734 -0.00555322 -0.019035 0.999803 116.519
0.99997 0.00303513 0.00716965 -0.275757 -0.00318528 0.999774 0.0210256 -0.173389 -0.00710421 -0.0210478 0.999753 117.826
0.999971 0.00311752 0.0070179 -0.276365 -0.00327006 0.999757 0.0218315 -0.161293 -0.00694812 -0.0218538 0.999737 119.181
0.999959 0.00406544 0.00811483 -0.272314 -0.00423697 0.999766 0.021235 -0.150173 -0.00802659 -0.0212685 0.999741 120.522
0.999933 0.0052313 0.0103892 -0.266364 -0.00544932 0.999764 0.0210691 -0.142532 -0.0102766 -0.0211243 0.999724 121.833
0.999919 0.00703793 0.0106391 -0.265937 -0.00725495 0.999764 0.0204998 -0.133502 -0.0104923 -0.0205753 0.999733 123.19
0.999887 0.0078286 0.0128476 -0.257254 -0.00808285 0.999771 0.019859 -0.127196 -0.0126891 -0.0199606 0.99972 124.51
0.999878 0.00882828 0.0128837 -0.252422 -0.00907655 0.999772 0.0193407 -0.119661 -0.01271 -0.0194553 0.99973 125.867
0.999873 0.00792382 0.0138854 -0.240229 -0.00819252 0.999779 0.0194031 -0.112279 -0.0137286 -0.0195143 0.999715 127.197
0.999849 0.00812237 0.0153747 -0.227379 -0.00843293 0.99976 0.0202436 -0.102022 -0.0152066 -0.0203702 0.999677 128.507
0.999857 0.00696189 0.0154183 -0.218914 -0.00727597 0.999766 0.020409 -0.0932708 -0.0152726 -0.0205183 0.999673 129.869
0.999846 0.00658049 0.0163244 -0.209351 -0.00691778 0.999762 0.0206923 -0.097615 -0.0161843 -0.020802 0.999652 131.181
0.999854 0.00567797 0.016118 -0.192524 -0.00601606 0.999762 0.0210057 -0.0919908 -0.0159948 -0.0210996 0.999649 132.552
0.999864 0.00438578 0.0159262 -0.175889 -0.00472014 0.999768 0.0210176 -0.0899613 -0.0158304 -0.0210899 0.999652 133.887
0.999863 0.00301622 0.016297 -0.145137 -0.00335862 0.999774 0.0210235 -0.0857517 -0.0162299 -0.0210753 0.999646 135.199
0.999897 0.00251388 0.014142 -0.139709 -0.00281657 0.999767 0.0214245 -0.0681097 -0.0140848 -0.0214621 0.99967 136.555
0.999907 -0.000204918 0.0136719 -0.122582 -8.82986e-05 0.99977 0.0214425 -0.0642177 -0.0136732 -0.0214417 0.999676 137.866
0.999931 -0.0015223 0.0117302 -0.11449 0.00126664 0.999763 0.0217715 -0.0535576 -0.0117606 -0.0217552 0.999694 139.229
0.999934 -0.00183855 0.0113411 -0.10132 0.00159196 0.999763 0.0217137 -0.0292463 -0.0113783 -0.0216943 0.9997 140.553
0.999958 -0.00209269 0.00901609 -0.105807 0.0018973 0.999765 0.021626 -0.0201487 -0.00905922 -0.021608 0.999725 141.93
0.999968 -0.00193316 0.00785031 -0.102112 0.00176893 0.999781 0.0208739 0.000283359 -0.00788894 -0.0208593 0.999751 143.274
0.999963 -0.00411876 0.00766484 -0.0917566 0.00396558 0.999795 0.0198937 0.0190996 -0.0077452 -0.0198626 0.999772 144.59
0.999948 -0.00852413 0.00561124 -0.0859036 0.00841501 0.999781 0.0191904 0.0139485 -0.00577358 -0.0191422 0.9998 145.956
0.999861 -0.0158425 0.00519265 -0.0607322 0.0157243 0.999633 0.0220728 0.0246894 -0.00554043 -0.0219881 0.999743 147.288
0.999782 -0.0206984 0.0027567 -0.0523627 0.0206306 0.99953 0.0226947 0.0237478 -0.00322515 -0.0226329 0.999738 148.643
0.999733 -0.0230566 0.0015741 -0.0482623 0.0230169 0.999498 0.0217814 0.0343531 -0.00207552 -0.0217393 0.999761 149.984
0.999746 -0.0224022 0.00266665 -0.0536312 0.0223455 0.999558 0.0196485 0.0362669 -0.00310564 -0.019584 0.999803 151.329
0.999802 -0.0197467 0.00242008 -0.0708043 0.0197029 0.999662 0.0169637 0.0499372 -0.00275424 -0.0169127 0.999853 152.702
0.999806 -0.0193198 0.003902 -0.0690805 0.0192509 0.999671 0.0169962 0.0512757 -0.00422908 -0.0169178 0.999848 154.046
0.999731 -0.0228909 0.00381047 -0.0656624 0.0228113 0.999545 0.0197726 0.0723127 -0.00426134 -0.0196804 0.999797 155.395
0.999607 -0.0277295 0.00427989 -0.0540431 0.027627 0.999368 0.0223964 0.0751708 -0.00489822 -0.0222694 0.99974 156.737
0.999491 -0.0315218 0.00501767 -0.0549244 0.0313919 0.999216 0.0241564 0.0910736 -0.00577518 -0.0239866 0.999695 158.061
0.999462 -0.0324888 0.00454217 -0.0419982 0.0323696 0.999183 0.0242341 0.0945762 -0.0053258 -0.024074 0.999696 159.399
0.99949 -0.0312888 0.00650259 -0.0374113 0.0311164 0.999201 0.0251104 0.124777 -0.00728306 -0.0248952 0.999663 160.714
0.999597 -0.0275891 0.00666541 -0.0360515 0.0274135 0.999309 0.0251308 0.142749 -0.00735414 -0.024938 0.999662 162.071
0.999673 -0.0241355 0.00845007 -0.0376171 0.0239341 0.999445 0.0231766 0.162835 -0.00900475 -0.0229668 0.999695 163.389
0.999738 -0.0212303 0.00855676 -0.0393141 0.0210295 0.999517 0.0229167 0.178324 -0.00903915 -0.0227307 0.999701 164.754
0.99976 -0.0199423 0.00914179 -0.043461 0.019727 0.99954 0.0230628 0.201827 -0.0095975 -0.0228769 0.999692 166.111
0.999791 -0.0179919 0.00976213 -0.0417298 0.0177649 0.999581 0.0228607 0.220024 -0.0101693 -0.0226825 0.999691 167.44
0.999832 -0.0161047 0.00876983 -0.0331528 0.015918 0.999654 0.0209622 0.238783 -0.00910438 -0.0208191 0.999742 168.809
0.999879 -0.0129008 0.00876459 -0.0415787 0.0127336 0.999741 0.0188727 0.2471 -0.0090058 -0.0187588 0.999783 170.139
0.999941 -0.00771085 0.00773966 -0.0539148 0.00757234 0.999814 0.0177684 0.264982 -0.00787522 -0.0177087 0.999812 171.52
0.999961 -0.0040184 0.00792329 -0.0618476 0.00387028 0.999819 0.018622 0.285938 -0.00799668 -0.0185906 0.999795 172.887
0.999962 -0.00184288 0.00860429 -0.055441 0.00167093 0.9998 0.0199482 0.308386 -0.00863932 -0.0199331 0.999764 174.235
0.999969 -0.000886867 0.00783425 -0.0489497 0.00071492 0.99976 0.0219234 0.322243 -0.00785181 -0.0219172 0.999729 175.63
0.999967 -0.00365936 0.0072834 -0.0360376 0.00348782 0.99972 0.023427 0.338327 -0.00736709 -0.0234008 0.999699 176.998
0.999981 -0.00418244 0.00463044 -0.0185408 0.00407429 0.999725 0.0231248 0.361903 -0.00472588 -0.0231055 0.999722 178.395
0.999977 -0.00574944 0.00385679 -0.0224322 0.0056767 0.999811 0.018614 0.381592 -0.00396308 -0.0185917 0.999819 179.745
0.999991 -0.00415455 0.00156714 -0.01571 0.00413036 0.999877 0.0151388 0.395773 -0.00162985 -0.0151321 0.999884 181.122
0.999998 -0.00187899 0.00144178 -0.00586023 0.00185953 0.999909 0.01338 0.414503 -0.0014668 -0.0133772 0.999909 182.5
0.999997 0.00133892 0.00228918 -0.00877659 -0.00137156 0.999897 0.0143184 0.417037 -0.00226977 -0.0143215 0.999895 183.851
0.999994 0.00337634 0.00139589 -0.00653337 -0.00339942 0.999852 0.0168788 0.425902 -0.0013387 -0.0168834 0.999856 185.263
0.99999 0.00314816 0.00322892 -0.0160584 -0.00320765 0.999823 0.0185864 0.438744 -0.00316984 -0.0185966 0.999822 186.645
0.999994 0.00302177 0.00224634 -0.0140432 -0.00306425 0.999812 0.019151 0.45781 -0.00218805 -0.0191578 0.999814 188.058
0.999997 0.00203779 0.00198534 -0.0125857 -0.00207605 0.999809 0.0194597 0.47135 -0.00194531 -0.0194637 0.999808 189.464
0.999998 0.000644031 0.00218918 -0.0130351 -0.000688793 0.99979 0.020507 0.469625 -0.00217552 -0.0205085 0.999787 190.839
1 -0.000980987 0.00105013 -0.0132405 0.000958569 0.999777 0.021137 0.463626 -0.00107063 -0.021136 0.999776 192.267
0.999994 -0.00300686 0.00210547 -0.00817638 0.00295879 0.999744 0.0224713 0.479117 -0.0021725 -0.0224649 0.999745 193.658
0.999977 -0.00668893 0.00134718 -0.00247869 0.00665458 0.999689 0.0240596 0.491814 -0.0015077 -0.0240501 0.999709 195.101
0.999959 -0.00883463 0.00232202 0.0019728 0.00877362 0.999647 0.0250883 0.499166 -0.00254285 -0.0250669 0.999682 196.491
0.999973 -0.00738548 0.00100375 -0.00855351 0.00736197 0.999738 0.0216884 0.512685 -0.00116367 -0.0216804 0.999764 197.929
1 -0.00022804 0.00112004 -0.0246423 0.000207975 0.999841 0.017879 0.531374 -0.00112395 -0.0178787 0.999839 199.353
0.999965 0.00799332 0.00285294 -0.0417345 -0.00804485 0.999797 0.0185294 0.551343 -0.00270425 -0.0185517 0.999824 200.754
0.999913 0.0129477 0.00260116 -0.07049 -0.0129995 0.999695 0.0209997 0.55273 -0.00232847 -0.0210317 0.999776 202.224
0.999886 0.0145891 0.00408687 -0.0802445 -0.0146852 0.99959 0.0245868 0.567757 -0.0037265 -0.024644 0.999689 203.638
0.999914 0.0129354 0.00242681 -0.0836701 -0.0129927 0.999596 0.0253081 0.581979 -0.00209847 -0.0253374 0.999676 205.102
0.99994 0.0109644 0.000887355 -0.0896991 -0.0109834 0.999618 0.0253966 0.59477 -0.000608563 -0.0254049 0.999677 206.554
0.999964 0.00854331 0.000569864 -0.0913351 -0.00855519 0.999629 0.0258587 0.613997 -0.00034874 -0.0258626 0.999665 207.968
0.999944 0.0105823 -0.000768123 -0.099324 -0.0105586 0.999602 0.0261838 0.654574 0.00104489 -0.0261742 0.999656 209.438
0.999942 0.0107849 -0.000488836 -0.108685 -0.0107686 0.999604 0.0259962 0.671403 0.000769002 -0.0259894 0.999662 210.862
0.99993 0.0117223 -0.00196715 -0.126422 -0.011666 0.99958 0.0265396 0.688004 0.00227742 -0.0265148 0.999645 212.349
0.999934 0.011298 -0.00239297 -0.137875 -0.0112301 0.99958 0.0267165 0.706749 0.0026938 -0.0266879 0.99964 213.812
0.999937 0.0112067 -0.00167155 -0.139977 -0.0111587 0.999589 0.0264291 0.728584 0.00196704 -0.0264087 0.999649 215.248
0.999933 0.0111539 -0.00330118 -0.151381 -0.0110626 0.999588 0.0264887 0.750269 0.00359526 -0.0264503 0.999643 216.745
0.999944 0.0103474 -0.00241708 -0.149922 -0.0102799 0.999598 0.0264237 0.768235 0.00268952 -0.0263974 0.999647 218.191
0.999928 0.011353 -0.00398078 -0.169503 -0.0112452 0.999596 0.026137 0.781985 0.00427589 -0.0260904 0.99965 219.691
0.999924 0.01191 -0.0033445 -0.177834 -0.0118189 0.999592 0.0260354 0.808577 0.0036532 -0.0259939 0.999655 221.147
0.999913 0.0121773 -0.00529524 -0.192011 -0.0120368 0.999595 0.0258031 0.838247 0.00560729 -0.0257371 0.999653 222.65
0.9999 0.0129589 -0.00574079 -0.209917 -0.0128057 0.999581 0.0259625 0.86459 0.00607482 -0.0258863 0.999646 224.135
0.999902 0.0129375 -0.00554687 -0.231535 -0.01279 0.999584 0.0258478 0.889678 0.00587896 -0.0257743 0.99965 225.605
0.999901 0.0125057 -0.00662537 -0.249901 -0.012329 0.999584 0.0260709 0.906581 0.00694864 -0.0259866 0.999638 227.115
0.999917 0.0114861 -0.0059133 -0.265979 -0.0113268 0.99959 0.0263048 0.921233 0.006213 -0.0262356 0.999636 228.595
0.999917 0.0112921 -0.00629378 -0.282693 -0.01112 0.999581 0.0267359 0.949091 0.00659303 -0.0266636 0.999622 230.101
0.999922 0.0108492 -0.0063299 -0.307878 -0.0106726 0.999571 0.0272978 0.970532 0.00662332 -0.0272281 0.999607 231.595
0.999934 0.00997296 -0.00580237 -0.324772 -0.00980848 0.999568 0.0277171 0.998712 0.00607627 -0.0276583 0.999599 233.086
0.999929 0.0100827 -0.00653084 -0.348776 -0.00989953 0.999573 0.0275021 1.02425 0.00680533 -0.0274354 0.9996 234.596
0.999937 0.00994291 -0.00536056 -0.366287 -0.0097917 0.999573 0.0275323 1.04744 0.005632 -0.027478 0.999606 236.089
0.999907 0.0120615 -0.00648246 -0.375042 -0.0118756 0.999538 0.0279842 1.08125 0.00681698 -0.0279046 0.999587 237.619
0.999922 0.0110418 -0.00605064 -0.403745 -0.0108568 0.999498 0.0297899 1.10186 0.00637652 -0.0297219 0.999538 239.131
0.999936 0.0101589 -0.0050502 -0.414293 -0.0100004 0.999486 0.0304621 1.12297 0.00535705 -0.0304096 0.999523 240.63
0.99992 0.0114062 -0.00568449 -0.442175 -0.011235 0.999508 0.0292905 1.1509 0.00601577 -0.0292243 0.999554 242.154
0.999925 0.0116174 -0.00401081 -0.457232 -0.0114996 0.999535 0.0282565 1.17971 0.0043372 -0.0282082 0.999592 243.666
0.999911 0.012557 -0.00470063 -0.476542 -0.0124153 0.999501 0.0290516 1.20916 0.00506307 -0.0289906 0.999567 245.189
0.999921 0.0118194 -0.00458051 -0.491096 -0.0116767 0.999481 0.0300243 1.24116 0.00493299 -0.0299684 0.999538 246.721
0.99992 0.012119 -0.00393498 -0.509718 -0.0119927 0.999458 0.0306673 1.2671 0.00430449 -0.0306176 0.999522 248.229
0.999908 0.012688 -0.00491832 -0.519043 -0.0125294 0.99944 0.031043 1.29624 0.00530943 -0.0309785 0.999506 249.773
0.999903 0.0134776 -0.00372603 -0.538098 -0.0133563 0.999435 0.0308498 1.32934 0.00413969 -0.030797 0.999517 251.289
0.999878 0.0149554 -0.00462113 -0.553651 -0.0148052 0.99941 0.03099 1.35011 0.00508185 -0.0309178 0.999509 252.841
0.999888 0.0146668 -0.00321837 -0.566281 -0.0145586 0.999401 0.0313952 1.38141 0.0036769 -0.0313448 0.999502 254.357
0.999895 0.0136982 -0.00493363 -0.57683 -0.0135354 0.999408 0.0316425 1.41167 0.00536414 -0.0315724 0.999487 255.904
0.999909 0.0127167 -0.00469223 -0.589318 -0.0125586 0.999399 0.0323085 1.45465 0.00510026 -0.0322467 0.999467 257.433
0.999945 0.00992184 -0.00370223 -0.596055 -0.00979272 0.999395 0.0334003 1.49061 0.00403137 -0.0333622 0.999435 258.961
0.999938 0.0100907 -0.00497741 -0.599878 -0.00991944 0.999397 0.0333046 1.52306 0.00531046 -0.0332532 0.999433 260.496
0.999949 0.00936894 -0.00402337 -0.610856 -0.00923158 0.999417 0.0328996 1.55991 0.00432924 -0.0328607 0.99945 262.014
0.999963 0.00768276 -0.00403925 -0.613971 -0.00753821 0.999371 0.0346602 1.59746 0.00430298 -0.0346285 0.999391 263.55
0.99998 0.00565138 -0.0029827 -0.627398 -0.00554222 0.999358 0.0354174 1.64585 0.00318093 -0.0354002 0.999368 265.093
0.999991 0.00400347 -0.00198786 -0.634117 -0.00393079 0.999369 0.0353176 1.6769 0.00212798 -0.0353094 0.999374 266.626
0.999993 0.00291107 -0.00252746 -0.641393 -0.00282196 0.999399 0.0345735 1.70993 0.00262658 -0.0345662 0.999399 268.169
0.999994 0.00362795 -0.000437585 -0.652221 -0.00361064 0.999395 0.0346098 1.74639 0.000562875 -0.034608 0.999401 269.706
0.999983 0.00599994 -0.000682399 -0.651152 -0.00597286 0.999388 0.0344742 1.77397 0.000888817 -0.0344695 0.999405 271.249
0.999977 0.00694922 0.00039514 -0.66024 -0.00695867 0.999393 0.0341394 1.81446 -0.000157665 -0.0341413 0.999417 272.787
0.999957 0.00888883 0.00307177 -0.672358 -0.00899115 0.999345 0.0350761 1.8437 -0.00275797 -0.0351022 0.99938 274.323
0.999961 0.00833948 0.00307167 -0.676013 -0.00844064 0.999368 0.034538 1.87959 -0.00278171 -0.0345625 0.999398 275.868
0.999942 0.00906017 0.0059449 -0.677801 -0.0092576 0.999377 0.0340679 1.91467 -0.00563253 -0.034121 0.999402 277.394
0.99995 0.00845045 0.00559098 -0.673293 -0.0086382 0.99937 0.0344528 1.95487 -0.00529631 -0.0344993 0.99939 278.939
0.999948 0.00784755 0.00667406 -0.673479 -0.00807406 0.999369 0.034616 1.98876 -0.00639819 -0.0346681 0.999378 280.47
0.999932 0.00620374 0.00996527 -0.660771 -0.00655483 0.999345 0.0355934 2.02245 -0.00973793 -0.0356563 0.999316 281.997
0.999947 0.00581582 0.00865496 -0.663855 -0.00612612 0.999324 0.0362672 2.05919 -0.00843818 -0.0363183 0.999304 283.546
0.99993 0.0047355 0.0109264 -0.64815 -0.00510757 0.9994 0.0342792 2.10004 -0.0107575 -0.0343326 0.999352 285.072
0.999953 0.00496518 0.00845919 -0.633706 -0.00524332 0.999436 0.0331809 2.13135 -0.00828966 -0.0332237 0.999413 286.633
0.999954 0.00509666 0.00823412 -0.62763 -0.00536939 0.999427 0.0334462 2.16819 -0.00805892 -0.0334889 0.999406 288.168
0.999948 0.00429061 0.00932873 -0.62195 -0.00460838 0.999401 0.0343114 2.20424 -0.00917592 -0.0343526 0.999367 289.711
0.99997 0.00423755 0.00661891 -0.618262 -0.00446374 0.999394 0.03454 2.23925 -0.00646852 -0.0345685 0.999381 291.29
0.999955 0.00497715 0.00822707 -0.611802 -0.00525742 0.999395 0.0344022 2.28353 -0.00805086 -0.0344439 0.999374 292.832
0.999967 0.00550868 0.00607548 -0.612446 -0.00571686 0.999378 0.0347968 2.32189 -0.00588001 -0.0348303 0.999376 294.424
0.999978 0.00499601 0.00462213 -0.617306 -0.00515567 0.999367 0.0351993 2.36376 -0.00444335 -0.0352223 0.999369 295.998
0.999968 0.00572695 0.00579301 -0.602722 -0.00593617 0.999307 0.0367665 2.39645 -0.00557843 -0.0367997 0.999307 297.54
0.99997 0.00685412 0.00378451 -0.605722 -0.006992 0.999265 0.037706 2.43367 -0.00352328 -0.0377313 0.999282 299.136
0.999957 0.00733462 0.00585794 -0.603168 -0.00755591 0.999223 0.0386918 2.47942 -0.00556959 -0.0387343 0.999234 300.703
0.999957 0.00775904 0.00527178 -0.605345 -0.00795672 0.999225 0.038571 2.51275 -0.00496842 -0.0386112 0.999242 302.305
0.999959 0.00718152 0.00567351 -0.600691 -0.00739825 0.999206 0.0391502 2.56247 -0.00538785 -0.0391906 0.999217 303.897
0.999953 0.00627945 0.00752273 -0.584255 -0.00656518 0.999234 0.0385785 2.59969 -0.00727471 -0.038626 0.999227 305.476
0.999957 0.0062396 0.00692184 -0.574489 -0.0064945 0.999278 0.0374343 2.63994 -0.00668326 -0.0374777 0.999275 307.076
0.999953 0.00564855 0.00797798 -0.567258 -0.00593465 0.999323 0.0363033 2.68552 -0.00776751 -0.0363489 0.999309 308.676
0.999966 0.00677381 0.00493591 -0.566773 -0.00694744 0.999326 0.0360505 2.71348 -0.00468838 -0.0360835 0.999338 310.286
0.999969 0.00748299 0.00289512 -0.567423 -0.00758396 0.999302 0.0365928 2.76824 -0.00261927 -0.0366136 0.999326 311.894
0.999955 0.00872165 0.00382909 -0.576088 -0.00886741 0.999166 0.0398602 2.81528 -0.00347825 -0.0398923 0.999198 313.507
0.999967 0.00745882 0.00334455 -0.571185 -0.00759535 0.999053 0.0428562 2.86959 -0.00302173 -0.0428802 0.999076 315.136
0.99997 0.00626976 0.00469537 -0.574963 -0.00646602 0.999054 0.0430195 2.92157 -0.0044212 -0.0430485 0.999063 316.754
0.999976 0.00577 0.00397218 -0.572833 -0.00593369 0.999079 0.0425081 2.96713 -0.00372325 -0.0425307 0.999088 318.388
0.999973 0.00506336 0.00558044 -0.571693 -0.00529594 0.999083 0.042482 3.02289 -0.00536022 -0.0425103 0.999081 319.997
0.999977 0.00510355 0.00463188 -0.569002 -0.00529907 0.999051 0.0432288 3.07728 -0.00440687 -0.0432523 0.999054 321.633
0.999974 0.00504162 0.00536961 -0.561953 -0.00526973 0.999046 0.043349 3.12718 -0.00514594 -0.0433761 0.999045 323.259
0.999954 0.00613671 0.00746872 -0.565484 -0.00645012 0.999068 0.0426877 3.18479 -0.00719979 -0.0427339 0.99906 324.864
0.999955 0.00656577 0.00702563 -0.559994 -0.00685806 0.999076 0.0424203 3.23863 -0.00674062 -0.0424665 0.999075 326.491
0.999941 0.00556413 0.00944282 -0.55338 -0.00597724 0.999001 0.0442991 3.2905 -0.00918689 -0.0443529 0.998973 328.1
0.999954 0.00457839 0.00854663 -0.543531 -0.00495986 0.998968 0.0451578 3.35197 -0.00833106 -0.0451981 0.998943 329.726
0.999955 0.00439826 0.00855002 -0.530648 -0.00477955 0.998971 0.0450976 3.40884 -0.00834287 -0.0451364 0.998946 331.339
0.999935 0.00542724 0.0101199 -0.525627 -0.00588596 0.998931 0.0458633 3.45808 -0.00986015 -0.0459198 0.998896 332.946
0.999942 0.0063716 0.00873778 -0.514349 -0.00675105 0.999004 0.0441067 3.51509 -0.00844804 -0.0441631 0.998988 334.563
0.999917 0.00864 0.00963636 -0.511133 -0.00904323 0.999051 0.0426168 3.56213 -0.009259 -0.0427004 0.999045 336.155
0.999925 0.00934194 0.0080163 -0.507244 -0.00968642 0.998982 0.0440671 3.61222 -0.00759646 -0.0441414 0.998996 337.774
0.999927 0.00971043 0.00725042 -0.502061 -0.0100405 0.998846 0.0469619 3.67256 -0.00678604 -0.0470313 0.99887 339.384
0.999916 0.0104544 0.00771324 -0.499259 -0.0108231 0.998719 0.0494272 3.73648 -0.00718662 -0.0495065 0.998748 340.968
0.999925 0.0110095 0.00539442 -0.49169 -0.0112641 0.998702 0.0496812 3.79583 -0.00484045 -0.0497382 0.99875 342.581
0.99993 0.0108747 0.00486663 -0.491735 -0.0111015 0.998723 0.0492942 3.85175 -0.00432435 -0.0493447 0.998772 344.164
0.999949 0.00993497 0.00202588 -0.487603 -0.0100244 0.998681 0.0503628 3.91199 -0.00152286 -0.0503805 0.998729 345.774
0.99996 0.00895082 0.00104702 -0.486557 -0.0089928 0.998639 0.0513737 3.97457 -0.000585767 -0.051381 0.998679 347.37
0.99996 0.00879335 0.00201623 -0.495834 -0.00888502 0.998651 0.0511655 4.03076 -0.0015636 -0.0511813 0.998688 348.943
0.999962 0.00871854 0.000756872 -0.498732 -0.00874595 0.998636 0.0514729 4.09402 -0.000307077 -0.0514776 0.998674 350.557
0.999962 0.00858225 0.00186789 -0.505374 -0.00866721 0.998631 0.0515963 4.15787 -0.00142252 -0.0516105 0.998666 352.117
0.999968 0.00802073 0.00112191 -0.508565 -0.00806825 0.998613 0.0520301 4.22568 -0.000703042 -0.0520375 0.998645 353.723
0.999971 0.00762898 0.0012539 -0.512416 -0.00768399 0.99861 0.0521407 4.28791 -0.000854379 -0.0521488 0.998639 355.309
0.999969 0.00761386 0.00246833 -0.515297 -0.00773198 0.998616 0.0520194 4.34869 -0.00206885 -0.0520368 0.998643 356.874
0.999972 0.00741627 0.00161935 -0.516715 -0.00749111 0.998591 0.0525303 4.41224 -0.00122749 -0.0525409 0.998618 358.475
0.999973 0.00689844 0.00275581 -0.520706 -0.00703347 0.9986 0.0524303 4.47594 -0.00239027 -0.0524482 0.998621 360.043
0.99998 0.00627028 0.00179659 -0.520866 -0.00635582 0.998606 0.0523996 4.54007 -0.00146553 -0.0524099 0.998624 361.644
0.999987 0.00487073 0.0019514 -0.521227 -0.00496824 0.998554 0.0535383 4.6087 -0.00168781 -0.0535472 0.998564 363.231
0.999989 0.00368401 0.00327519 -0.522233 -0.00385703 0.998507 0.054489 4.6741 -0.00306956 -0.054501 0.998509 364.806
0.999993 0.00332359 0.00217604 -0.520477 -0.00343673 0.998523 0.0542295 4.74033 -0.00199259 -0.0542365 0.998526 366.405
0.999986 0.0040827 0.00371688 -0.523922 -0.00427964 0.998499 0.0546152 4.80387 -0.00348832 -0.0546302 0.9985 367.98
0.999982 0.00532598 0.00303746 -0.523726 -0.00548594 0.998453 0.055341 4.87537 -0.00273802 -0.0553566 0.998463 369.583
0.999972 0.00593513 0.00476035 -0.529958 -0.00619457 0.998385 0.0564749 4.94404 -0.00441748 -0.0565028 0.998392 371.168
0.999974 0.00624881 0.00394559 -0.524814 -0.0064627 0.998368 0.0567495 5.00865 -0.00358454 -0.0567735 0.99838 372.772
0.999974 0.00599584 0.00417785 -0.522617 -0.00622348 0.998367 0.056792 5.07876 -0.00383051 -0.0568164 0.998377 374.366
0.999964 0.00615956 0.00603001 -0.526175 -0.00649222 0.998365 0.0567969 5.15117 -0.0056703 -0.0568339 0.998367 375.949
0.999964 0.00670332 0.0053089 -0.520526 -0.00699572 0.998343 0.0571207 5.23517 -0.00491721 -0.0571558 0.998353 377.566
0.999947 0.00742674 0.00725422 -0.522753 -0.00783524 0.998286 0.0580073 5.30753 -0.00681097 -0.0580611 0.99829 379.152
0.999942 0.00859983 0.00660546 -0.517572 -0.00897376 0.998228 0.0588372 5.39235 -0.00608776 -0.058893 0.998246 380.778
0.999928 0.00996686 0.00690869 -0.51657 -0.010358 0.998199 0.0591026 5.46444 -0.00630717 -0.0591698 0.998228 382.388
0.999903 0.0108491 0.00888906 -0.513176 -0.0113571 0.998179 0.0592503 5.53518 -0.00823005 -0.0593454 0.998203 383.978
0.999902 0.011713 0.00778774 -0.507926 -0.0121576 0.998141 0.0597321 5.61065 -0.00707361 -0.0598208 0.998184 385.611
0.999871 0.0128997 0.00969055 -0.505153 -0.0134643 0.998068 0.0606602 5.6877 -0.00888933 -0.0607828 0.998111 387.207
0.999873 0.0134793 0.00865139 -0.505787 -0.0139838 0.998029 0.0611779 5.76504 -0.0078097 -0.0612911 0.998089 388.848
0.999861 0.0141521 0.00896681 -0.500417 -0.0146737 0.998026 0.0610652 5.84977 -0.00808491 -0.0611882 0.998093 390.464
0.999853 0.013926 0.0100733 -0.499859 -0.0145214 0.997991 0.0616757 5.92383 -0.00919413 -0.0618128 0.998045 392.065
