1 0 0 0 0 1 0 0 0 0 1 0
<<<<<<< HEAD
<<<<<<< HEAD
1 -0.000427596 -0.000353039 -0.00625618 0.000427929 0.999999 0.000945029 -0.0236368 0.000352635 -0.00094518 0.999999 1.32566
1 -0.00044471 0.000361071 -0.0137408 0.000444093 0.999998 0.00170673 -0.0233056 -0.00036183 -0.00170657 0.999998 2.63022
0.999998 -0.00178156 -0.000591241 -0.0147053 0.00178239 0.999997 0.00140902 -0.0455471 0.000588729 -0.00141007 0.999999 3.96818
0.999998 -0.00169898 0.000636653 -0.0274755 0.00169839 0.999998 0.00093019 -0.0600293 -0.000638232 -0.000929107 0.999999 5.29967
0.999998 -0.00177762 2.00844e-05 -0.0306109 0.00177758 0.999997 0.00177803 -0.0657671 -2.3245e-05 -0.001778 0.999998 6.62274
0.999994 -0.00356027 1.72365e-06 -0.0327706 0.00356025 0.99999 0.00258457 -0.0968613 -1.09253e-05 -0.00258455 0.999997 7.94997
0.999992 -0.00384357 0.000640353 -0.0423361 0.00384226 0.999991 0.00203141 -0.0926228 -0.000648155 -0.00202893 0.999998 9.29189
0.999995 -0.00328881 -0.000228927 -0.0445018 0.00328896 0.999994 0.000663179 -0.12286 0.000226745 -0.000663928 1 10.6172
0.999999 -0.00094123 0.000561831 -0.0555273 0.000941995 0.999999 -0.00136449 -0.116623 -0.000560545 0.00136501 0.999999 11.9523
0.999998 0.00194502 -0.00032311 -0.0624765 -0.00194563 0.999996 -0.00191875 -0.147627 0.000319376 0.00191937 0.999998 13.2877
0.999989 0.00474842 -0.000110875 -0.0782458 -0.0047487 0.999985 -0.00263634 -0.160199 9.8355e-05 0.00263684 0.999996 14.6405
0.999988 0.00470807 0.00120165 -0.0907447 -0.0047054 0.999987 -0.00221171 -0.152608 -0.00121204 0.00220603 0.999997 15.972
0.999992 0.00363736 0.00145071 -0.0833377 -0.00363818 0.999993 0.000559337 -0.162085 -0.00144866 -0.000564612 0.999999 17.3273
0.999994 -1.8016e-05 0.00341521 -0.0750708 3.48605e-06 0.999991 0.00425425 -0.165849 -0.00341526 -0.00425421 0.999985 18.6695
0.999993 -0.00273974 0.00255851 -0.061131 0.00273342 0.999993 0.00247019 -0.198177 -0.00256526 -0.00246318 0.999994 20.0029
0.999986 -0.00346699 0.00400226 -0.0538325 0.00346777 0.999994 -0.00018786 -0.178529 -0.00400158 0.000201735 0.999992 21.343
0.99999 -0.00304137 0.00332711 -0.0457989 0.00304035 0.999995 0.000312291 -0.158643 -0.00332804 -0.000302173 0.999994 22.7067
0.999988 -0.00100219 0.00482786 -0.0419518 0.000995943 0.999999 0.00129513 -0.164052 -0.00482915 -0.00129031 0.999987 24.0137
0.999975 -0.000733783 0.00702509 -0.0443345 0.000690359 0.999981 0.00618172 -0.164969 -0.00702949 -0.00617672 0.999956 25.3571
0.999978 -0.00231879 0.00614724 -0.0324395 0.00227448 0.999972 0.00720545 -0.168354 -0.00616377 -0.00719131 0.999955 26.737
0.999958 -0.00520009 0.00752223 -0.0200918 0.00514158 0.999957 0.00777759 -0.199139 -0.00756235 -0.00773859 0.999941 28.0499
0.999966 -0.00514187 0.00643432 -0.0197703 0.00510616 0.999972 0.00555413 -0.207193 -0.0064627 -0.00552109 0.999964 29.4263
0.999951 -0.00499155 0.00853168 -0.0141769 0.00494576 0.999973 0.00537922 -0.232181 -0.00855831 -0.00533676 0.999949 30.7861
0.999948 -0.0052894 0.00875286 -0.0184179 0.00521166 0.999947 0.00888117 -0.219474 -0.00879937 -0.00883509 0.999922 32.1689
0.999943 -0.00530144 0.00922939 -0.00839931 0.0052174 0.999945 0.00910666 -0.222677 -0.00927715 -0.00905799 0.999916 33.5622
0.99994 -0.00564111 0.00943533 0.00906389 0.00555456 0.999943 0.00917444 -0.233529 -0.00948654 -0.00912147 0.999913 34.9528
0.999955 -0.00578201 0.00751506 0.00319241 0.00569332 0.999915 0.0117705 -0.250869 -0.00758248 -0.0117271 0.999902 36.3781
0.999951 -0.00479893 0.00860992 -0.000923844 0.00468417 0.999901 0.0133003 -0.250677 -0.00867289 -0.0132593 0.999874 37.7567
0.999968 -0.0033627 0.00727977 0.00514971 0.00326337 0.999902 0.0136137 -0.246785 -0.00732484 -0.0135895 0.999881 39.164
0.999968 -0.00141047 0.00786221 -0.00646213 0.00130145 0.999903 0.0138548 -0.246258 -0.00788099 -0.0138441 0.999873 40.5436
0.999963 3.29034e-06 0.00865029 -0.00519315 -0.000127518 0.999897 0.0143607 -0.239558 -0.00864935 -0.0143612 0.999859 41.9478
0.999975 0.000363956 0.00710588 -0.00403479 -0.000471289 0.999886 0.0151091 -0.229797 -0.00709957 -0.0151121 0.999861 43.3569
0.999964 0.000176141 0.00852564 0.00185851 -0.000289911 0.999911 0.0133451 -0.220423 -0.00852253 -0.0133471 0.999875 44.7716
0.999978 0.000438879 0.00671075 0.00581181 -0.000529523 0.999909 0.0135118 -0.208584 -0.0067042 -0.013515 0.999886 46.18
0.999984 -8.21666e-06 0.00564228 0.00162607 -6.47217e-05 0.999917 0.012927 -0.202336 -0.00564192 -0.0129271 0.9999 47.5973
0.999997 -0.000372013 0.00244998 0.0093241 0.000341161 0.999921 0.0125814 -0.202384 -0.00245447 -0.0125805 0.999918 49.0538
0.999999 -0.00060565 0.00118454 -0.00166512 0.000589271 0.999905 0.0137797 -0.192927 -0.00119277 -0.013779 0.999904 50.4724
0.999999 4.42138e-05 0.00171728 0.00477152 -6.7648e-05 0.999907 0.013649 -0.200228 -0.00171652 -0.0136491 0.999905 51.8762
1 0.000398928 -0.000859338 -0.00502369 -0.000386193 0.999891 0.0147687 -0.193658 0.000865135 -0.0147683 0.999891 53.3115
1 -0.000522882 -0.000221615 -0.0129297 0.000526291 0.999877 0.0156699 -0.190364 0.000213393 -0.01567 0.999877 54.735
0.999996 -0.0015056 -0.00237762 -0.0178987 0.00154247 0.999878 0.0155792 -0.19089 0.00235387 -0.0155828 0.999876 56.1714
0.999991 -0.00303873 -0.002891 -0.0278457 0.00308378 0.999872 0.0157065 -0.187632 0.00284291 -0.0157153 0.999873 57.5928
0.999989 -0.00439934 -0.00157395 -0.0306318 0.00442429 0.999859 0.0162118 -0.185354 0.0015024 -0.0162186 0.999867 59.0131
0.999986 -0.00472096 -0.00248123 -0.0337263 0.00476126 0.999853 0.0164922 -0.174258 0.00240301 -0.0165038 0.999861 60.4433
0.99999 -0.00440845 8.54756e-05 -0.0388879 0.00440606 0.999814 0.0187996 -0.153484 -0.000168337 -0.018799 0.999823 61.8444
0.999987 -0.0049993 -0.000577212 -0.028589 0.00500964 0.999796 0.0195744 -0.17278 0.000479236 -0.0195771 0.999808 63.2833
0.999978 -0.00654108 -0.000489349 -0.0351431 0.00654935 0.99979 0.019415 -0.15412 0.000362251 -0.0194177 0.999811 64.7074
0.999966 -0.00794089 0.00212398 -0.0480249 0.00790127 0.999806 0.0180518 -0.125262 -0.00226691 -0.0180344 0.999835 66.0631
0.999975 -0.00685111 0.0018847 -0.063143 0.00681446 0.9998 0.0188093 -0.127802 -0.00201319 -0.018796 0.999821 67.4736
0.999985 -0.00418835 0.00352857 -0.066349 0.00411522 0.999782 0.0204841 -0.12002 -0.00361359 -0.0204692 0.999784 68.8847
0.999997 -0.00175411 0.00186311 -0.0729855 0.00171469 0.999779 0.0209537 -0.109317 -0.00189945 -0.0209504 0.999779 70.3372
0.999994 0.00235082 0.00270006 -0.0851394 -0.0024093 0.999758 0.0218643 -0.103794 -0.00264801 -0.0218706 0.999757 71.7302
0.999979 0.00596639 0.00254412 -0.100933 -0.00602085 0.999741 0.0219629 -0.0889275 -0.00241242 -0.0219777 0.999756 73.1425
0.999952 0.00924027 0.00315732 -0.110965 -0.00930716 0.999718 0.0218716 -0.0717234 -0.00295433 -0.0218999 0.999756 74.5426
0.999943 0.00951999 0.00474682 -0.114413 -0.00962165 0.999715 0.0218731 -0.0637715 -0.00453723 -0.0219175 0.99975 75.9268
0.999946 0.00951248 0.00417223 -0.117322 -0.00960478 0.999697 0.0226898 -0.0562827 -0.00395513 -0.0227287 0.999734 77.3317
0.999962 0.00725065 0.00490551 -0.112974 -0.00735435 0.999743 0.0214626 -0.0485074 -0.00474863 -0.0214978 0.999758 78.7032
0.999968 0.00698779 0.00392386 -0.111164 -0.00706973 0.999749 0.0212737 -0.0317756 -0.00377421 -0.0213007 0.999766 80.1003
0.999986 0.00508366 0.0014129 -0.120634 -0.00510972 0.999805 0.0191043 -0.017813 -0.00131551 -0.0191112 0.999817 81.4859
0.999989 0.00454495 0.0010233 -0.119542 -0.00456314 0.999818 0.0185363 -0.0041533 -0.00093887 -0.0185407 0.999828 82.8363
0.999992 0.00394802 0.00109288 -0.119148 -0.00396639 0.999842 0.017357 0.00872539 -0.00102418 -0.0173612 0.999849 84.2332
0.99999 0.00448675 0.000951975 -0.127383 -0.00450291 0.999833 0.0177076 0.0237616 -0.000872366 -0.0177117 0.999843 85.579
0.999989 0.00450195 -0.00142282 -0.127143 -0.00447709 0.999845 0.0170205 0.0397164 0.00149923 -0.017014 0.999854 86.958
0.999994 0.00259564 -0.00230266 -0.13754 -0.00255471 0.999842 0.0176008 0.0370347 0.00234798 -0.0175948 0.999843 88.3292
0.999996 0.000171139 -0.00269207 -0.144521 -0.000123157 0.999841 0.0178127 0.0422141 0.0026947 -0.0178123 0.999838 89.6757
0.99999 -0.00174956 -0.00415178 -0.151671 0.0018231 0.99984 0.0177752 0.0408373 0.00412002 -0.0177826 0.999833 91.0628
0.999989 -0.00261404 -0.0040004 -0.165372 0.00268472 0.999839 0.0177667 0.0551022 0.00395332 -0.0177772 0.999834 92.4106
0.999982 -0.00343515 -0.00489404 -0.179278 0.00352408 0.999827 0.0182795 0.0487801 0.0048304 -0.0182964 0.999821 93.791
0.999983 -0.00314947 -0.0049968 -0.196604 0.00323889 0.999833 0.0179883 0.0574943 0.00493931 -0.0180041 0.999826 95.1328
0.99998 -0.0017021 -0.00616722 -0.216504 0.00181349 0.999835 0.0181017 0.0594067 0.00613539 -0.0181125 0.999817 96.4914
0.99997 -0.00366801 -0.00680697 -0.227608 0.00378906 0.999834 0.017856 0.0504343 0.00674034 -0.0178812 0.999817 97.8539
0.999978 -0.00238578 -0.0062058 -0.247805 0.00249777 0.999833 0.018102 0.0653097 0.00616158 -0.0181171 0.999817 99.1866
0.999977 -0.00188009 -0.00649331 -0.261618 0.00200586 0.99981 0.0194182 0.0674316 0.00645557 -0.0194307 0.99979 100.547
0.99998 -0.00201902 -0.00608014 -0.272812 0.00213659 0.99981 0.0193921 0.0802305 0.00603983 -0.0194046 0.999794 101.863
0.999971 -0.00215134 -0.00730894 -0.289992 0.00229025 0.999816 0.0190507 0.0854806 0.00726661 -0.0190668 0.999792 103.214
0.999962 -0.00261061 -0.00829687 -0.300086 0.00275278 0.999849 0.0171704 0.093944 0.00825079 -0.0171926 0.999818 104.554
0.999963 -0.00361704 -0.00785705 -0.319628 0.00374754 0.999854 0.0166581 0.0949794 0.00779565 -0.0166869 0.99983 105.859
0.999943 -0.0064905 -0.0084737 -0.329088 0.00663224 0.999837 0.0168076 0.101061 0.00836323 -0.0168628 0.999823 107.214
0.999935 -0.00849077 -0.00766104 -0.339616 0.00862622 0.999804 0.0178235 0.113508 0.0075082 -0.0178884 0.999812 108.516
0.999923 -0.0100886 -0.00724434 -0.353444 0.0102206 0.999778 0.0184285 0.117991 0.00705682 -0.0185011 0.999804 109.866
0.999918 -0.0109016 -0.00673062 -0.364231 0.0110195 0.999782 0.0177333 0.114899 0.00653584 -0.017806 0.99982 111.193
0.999938 -0.0094658 -0.00591157 -0.380384 0.00955915 0.999827 0.0159683 0.119542 0.0057594 -0.0160237 0.999855 112.489
0.999953 -0.00814685 -0.00523889 -0.400062 0.00822568 0.999851 0.0152055 0.116939 0.00511423 -0.0152478 0.999871 113.845
0.99997 -0.00658022 -0.00406153 -0.416538 0.00663872 0.999872 0.0145621 0.113377 0.00396519 -0.0145886 0.999886 115.144
0.999983 -0.00492406 -0.0032297 -0.429042 0.00497825 0.999843 0.016989 0.117084 0.00314554 -0.0170048 0.999851 116.498
0.999983 -0.00561691 -0.00181393 -0.441899 0.00565038 0.999803 0.0190071 0.1194 0.00170682 -0.019017 0.999818 117.802
0.999987 -0.00481291 -0.00178634 -0.453458 0.00484726 0.999793 0.0197493 0.135644 0.00169092 -0.0197577 0.999803 119.16
0.999991 -0.00373099 -0.00218517 -0.461796 0.00377062 0.999823 0.0184204 0.16063 0.00211606 -0.0184284 0.999828 120.501
0.999986 -0.00532772 -0.000812831 -0.464234 0.00534183 0.999815 0.0184715 0.120383 0.000714274 -0.0184755 0.999829 121.819
0.999996 -0.0028846 -0.000411395 -0.474641 0.00289143 0.99984 0.0176734 0.128873 0.000360352 -0.0176745 0.999844 123.19
0.999996 -0.00231322 0.00177224 -0.482089 0.00228317 0.999857 0.0167755 0.131418 -0.00181079 -0.0167714 0.999858 124.509
0.999998 -0.000803427 0.00179322 -0.490385 0.000773887 0.999865 0.0164153 0.141042 -0.00180616 -0.0164139 0.999864 125.867
0.999996 -0.000758016 0.00291364 -0.494604 0.000710242 0.999866 0.0163643 0.152295 -0.00292565 -0.0163621 0.999862 127.198
0.999991 -0.000500248 0.00422835 -0.497048 0.000427542 0.999852 0.0171794 0.158103 -0.00423631 -0.0171774 0.999843 128.501
0.999991 -0.000220003 0.00425253 -0.504367 0.000145837 0.999848 0.0174338 0.180994 -0.00425571 -0.017433 0.999839 129.868
0.999983 -0.00155201 0.00563968 -0.505864 0.00144807 0.99983 0.0183885 0.181425 -0.00566725 -0.01838 0.999815 131.165
0.999982 -0.0022357 0.00552916 -0.501426 0.00213227 0.999824 0.0186423 0.184429 -0.00556986 -0.0186302 0.999811 132.536
0.999979 -0.00377159 0.00529368 -0.499173 0.00367204 0.999819 0.0186917 0.182357 -0.00536321 -0.0186718 0.999811 133.869
0.999979 -0.00442267 0.00485801 -0.490889 0.00432892 0.999807 0.0191424 0.179998 -0.00494173 -0.019121 0.999805 135.175
0.999984 -0.0051208 0.00238097 -0.501443 0.00507421 0.999803 0.0191788 0.194033 -0.00247871 -0.0191664 0.999813 136.534
0.999968 -0.00774187 0.00189142 -0.498712 0.00770385 0.999783 0.0193446 0.192677 -0.00204077 -0.0193294 0.999811 137.845
0.999962 -0.00871712 6.31028e-05 -0.506604 0.00871413 0.999763 0.0199424 0.204631 -0.000236924 -0.0199411 0.999801 139.206
0.999957 -0.00918086 -0.00131563 -0.519352 0.00920578 0.99975 0.0203866 0.227369 0.00112814 -0.0203978 0.999791 140.512
0.999955 -0.00883599 -0.00333938 -0.533486 0.00890186 0.999755 0.0202524 0.243741 0.00315961 -0.0202812 0.999789 141.884
0.999952 -0.00841266 -0.00501989 -0.553142 0.00850794 0.999778 0.0192703 0.265647 0.00485666 -0.0193121 0.999802 143.231
0.999918 -0.011136 -0.00636893 -0.557038 0.0112453 0.999786 0.0173858 0.272906 0.00617396 -0.017456 0.999829 144.537
0.9998 -0.0181324 -0.00843195 -0.57053 0.0182763 0.999683 0.0173087 0.256645 0.00811544 -0.0174593 0.999815 145.903
0.999623 -0.0258637 -0.00922988 -0.562557 0.0260462 0.999456 0.020229 0.261124 0.00870167 -0.0204617 0.999753 147.228
0.999493 -0.0300701 -0.0104905 -0.57019 0.0302976 0.999293 0.0222463 0.29002 0.00981409 -0.0225529 0.999697 148.6
0.999399 -0.032883 -0.010982 -0.585721 0.0331058 0.999236 0.0207611 0.295323 0.0102909 -0.0211122 0.999724 149.936
0.999387 -0.0336682 -0.0095921 -0.615795 0.0338477 0.999242 0.0192122 0.295279 0.008938 -0.0195251 0.999769 151.321
0.999405 -0.0329263 -0.0102343 -0.636046 0.0331059 0.999292 0.0179018 0.322804 0.00963765 -0.0182299 0.999787 152.667
0.999435 -0.0321059 -0.00995764 -0.655618 0.0322772 0.999325 0.017554 0.316985 0.00938733 -0.0178655 0.999796 154.041
0.999314 -0.0356103 -0.0101594 -0.669736 0.0358106 0.999153 0.0202691 0.341519 0.00942905 -0.020619 0.999743 155.39
0.999139 -0.0403347 -0.00968861 -0.676509 0.0405469 0.998917 0.0228015 0.34325 0.00875843 -0.0231747 0.999693 156.73
0.998953 -0.0449316 -0.00855098 -0.680709 0.0451275 0.998686 0.0242931 0.353306 0.00744822 -0.0246535 0.999668 158.058
0.998922 -0.0454647 -0.00936104 -0.687188 0.0456725 0.998684 0.0233395 0.386809 0.00828761 -0.0237418 0.999684 159.409
0.998991 -0.0443367 -0.00721701 -0.702509 0.0444983 0.99872 0.0240421 0.41189 0.00614183 -0.024339 0.999685 160.735
0.999151 -0.0405946 -0.00706899 -0.718833 0.0407542 0.998878 0.024112 0.428476 0.00608225 -0.0243796 0.999684 162.094
0.999255 -0.0382179 -0.00542272 -0.741706 0.0383327 0.999002 0.0229407 0.425259 0.00454057 -0.0231314 0.999722 163.401
0.999362 -0.0353582 -0.00513333 -0.763191 0.0354651 0.999117 0.0225004 0.440302 0.00433323 -0.022668 0.999734 164.77
0.999403 -0.0342378 -0.00466109 -0.783334 0.0343358 0.999148 0.0228896 0.452625 0.00387343 -0.0230359 0.999727 166.13
0.999415 -0.033919 -0.00428281 -0.8001 0.0340067 0.99917 0.0224208 0.463155 0.00351876 -0.0225533 0.999739 167.457
0.999472 -0.0320472 -0.00545112 -0.810689 0.0321541 0.999266 0.0208043 0.477976 0.00478041 -0.0209685 0.999769 168.83
0.999547 -0.0295092 -0.00586215 -0.842572 0.0296103 0.999399 0.0179835 0.487542 0.00532796 -0.0181489 0.999821 170.151
0.999674 -0.024576 -0.00685248 -0.877544 0.0246865 0.999558 0.0165423 0.508905 0.00644291 -0.0167061 0.99984 171.532
0.999759 -0.0209028 -0.00667136 -0.904911 0.021016 0.999628 0.0173735 0.527033 0.00630573 -0.0175095 0.999827 172.897
0.999798 -0.0190257 -0.00652457 -0.917547 0.0191451 0.99964 0.0187532 0.557899 0.00616544 -0.0188743 0.999803 174.249
0.999809 -0.018147 -0.00726368 -0.931606 0.0182942 0.999617 0.0207311 0.56873 0.0068847 -0.0208599 0.999759 175.645
0.999746 -0.0208693 -0.00856385 -0.942232 0.0210523 0.999539 0.0218745 0.58161 0.0081034 -0.0220492 0.999724 177.005
0.999578 -0.0239282 -0.0164904 -0.939057 0.0242417 0.999524 0.0190768 0.607704 0.0160261 -0.0194684 0.999682 178.456
0.999559 -0.024132 -0.0173284 -0.973319 0.0243951 0.999587 0.0151303 0.622934 0.0169561 -0.0155463 0.999735 179.817
0.999521 -0.0230396 -0.0206867 -1.00099 0.0233198 0.999638 0.0134033 0.636084 0.0203704 -0.0138792 0.999696 181.204
0.999477 -0.0244988 -0.0210892 -1.04082 0.0247055 0.999648 0.00959482 0.617955 0.0208467 -0.0101108 0.999732 182.597
0.999563 -0.0214897 -0.0203031 -1.07648 0.021714 0.999705 0.0108942 0.611697 0.020063 -0.0113303 0.999735 183.948
0.99959 -0.0187976 -0.0216072 -1.08678 0.0190822 0.999733 0.0130398 0.609599 0.0213563 -0.0134467 0.999681 185.363
0.999635 -0.0181948 -0.0199562 -1.12525 0.018495 0.999717 0.0149644 0.611696 0.0196783 -0.015328 0.999689 186.74
0.99968 -0.0159487 -0.0196349 -1.15783 0.0162692 0.999735 0.0162739 0.631 0.0193702 -0.0165881 0.999675 188.175
0.999664 -0.0163869 -0.0201084 -1.18649 0.0167192 0.999724 0.0164685 0.643293 0.019833 -0.0167991 0.999662 189.576
0.999641 -0.0178248 -0.0200071 -1.21688 0.0181764 0.999681 0.0175285 0.635517 0.0196883 -0.0178858 0.999646 190.95
0.999609 -0.0177415 -0.0216359 -1.24957 0.0181358 0.99967 0.0181681 0.620149 0.0213065 -0.0185533 0.999601 192.378
0.999598 -0.0194005 -0.0207039 -1.27603 0.0198045 0.999614 0.0194902 0.632856 0.0203178 -0.0198923 0.999596 193.767
0.9995 -0.0225901 -0.022128 -1.30372 0.0230594 0.999509 0.0211869 0.629113 0.0216385 -0.0216866 0.999531 195.214
0.999474 -0.024213 -0.021575 -1.33159 0.0246992 0.99944 0.022558 0.629985 0.0210167 -0.023079 0.999513 196.603
0.999386 -0.0249126 -0.0246311 -1.37735 0.0253642 0.999512 0.0181925 0.645343 0.0241659 -0.018806 0.999531 198.038
0.999498 -0.017947 -0.0261339 -1.43898 0.0183998 0.999683 0.0171915 0.678442 0.0258171 -0.0176637 0.999511 199.475
0.999668 -0.00930229 -0.0240547 -1.49705 0.0097148 0.999807 0.0170881 0.688451 0.0238911 -0.0173161 0.999565 200.874
0.999702 -0.00374273 -0.0241379 -1.57605 0.00419837 0.999813 0.0188521 0.703654 0.0240629 -0.0189478 0.999531 202.344
0.999684 -0.00218497 -0.0250365 -1.62191 0.00277078 0.999722 0.0233865 0.721666 0.0249784 -0.0234484 0.999413 203.757
0.999635 -0.00377673 -0.0267491 -1.6675 0.00442182 0.9997 0.0240975 0.737991 0.0266501 -0.0242069 0.999352 205.223
0.999608 -0.00400192 -0.0277027 -1.70647 0.00464114 0.999723 0.0230477 0.766741 0.0276028 -0.0231672 0.99935 206.661
0.99957 -0.00599739 -0.0287047 -1.74242 0.00671456 0.999666 0.0249526 0.777988 0.0285455 -0.0251346 0.999276 208.064
0.999536 -0.00455351 -0.0301062 -1.79487 0.00529966 0.999679 0.02475 0.81069 0.0299838 -0.024898 0.99924 209.541
0.999544 -0.00461532 -0.0298454 -1.84726 0.00535428 0.99968 0.0247261 0.823604 0.0297217 -0.0248746 0.999249 210.963
0.999549 -0.000220707 -0.0300424 -1.89578 0.000982175 0.999678 0.0253331 0.856649 0.0300271 -0.0253511 0.999227 212.453
0.999535 -0.000537023 -0.0304956 -1.94914 0.00132749 0.999663 0.0259054 0.879788 0.0304714 -0.0259338 0.999199 213.913
0.999556 -0.000614479 -0.0297908 -1.99324 0.00137972 0.999669 0.0256726 0.901201 0.0297651 -0.0257022 0.999226 215.346
0.999504 0.000127686 -0.0315057 -2.05426 0.000680039 0.999671 0.0256244 0.927936 0.0314986 -0.0256331 0.999175 216.84
0.999529 -0.000833493 -0.0306829 -2.09485 0.00161709 0.999673 0.0255216 0.94299 0.0306516 -0.0255591 0.999203 218.281
0.999423 -6.61646e-05 -0.0339688 -2.15898 0.000936887 0.999671 0.0256168 0.935845 0.033956 -0.0256338 0.999094 219.787
0.999445 0.000415183 -0.0333279 -2.2101 0.000435135 0.999674 0.0255015 0.961336 0.0333276 -0.0255018 0.999119 221.241
0.999329 0.00216585 -0.0365645 -2.27277 -0.00124555 0.999682 0.0251725 0.983318 0.0366074 -0.02511 0.999014 222.73
0.99931 0.00298702 -0.0370164 -2.3367 -0.00204893 0.999676 0.0253537 1.00857 0.0370801 -0.0252603 0.998993 224.213
0.999284 0.0029656 -0.0377132 -2.41093 -0.00203066 0.99969 0.0248042 1.02898 0.037775 -0.0247098 0.998981 225.69
0.999108 0.00368539 -0.042076 -2.48834 -0.00263206 0.999682 0.0250614 1.04363 0.042155 -0.0249283 0.9988 227.209
0.999133 0.0021198 -0.0415844 -2.55747 -0.00107879 0.999686 0.0250395 1.05401 0.0416244 -0.0249729 0.998821 228.694
0.999137 0.0021896 -0.0414907 -2.6191 -0.00116087 0.999691 0.0248015 1.08467 0.0415322 -0.0247319 0.998831 230.204
0.999132 0.0016336 -0.0416361 -2.69889 -0.000573782 0.999676 0.0254528 1.09963 0.0416642 -0.0254068 0.998808 231.69
0.99917 0.00133197 -0.0407168 -2.76996 -0.000278373 0.999665 0.0258703 1.12648 0.0407377 -0.0258374 0.998835 233.174
0.99911 0.00183107 -0.0421466 -2.86208 -0.000759541 0.999676 0.025425 1.13955 0.0421795 -0.0253703 0.998788 234.703
0.999212 0.00143095 -0.0396725 -2.9356 -0.000451216 0.999695 0.0246927 1.16788 0.0396957 -0.0246553 0.998907 236.191
0.999162 0.00328917 -0.0407937 -2.99815 -0.00226869 0.999684 0.0250361 1.19739 0.0408632 -0.0249226 0.998854 237.717
0.999184 0.00233251 -0.0403281 -3.07424 -0.00130568 0.999674 0.0254688 1.21869 0.0403743 -0.0253953 0.998861 239.222
0.999234 0.00154919 -0.0391033 -3.13358 -0.000527671 0.999658 0.0261197 1.2352 0.0391304 -0.026079 0.998893 240.719
0.999225 0.000869598 -0.0393646 -3.19563 0.000136931 0.999673 0.0255587 1.25908 0.039374 -0.0255442 0.998898 242.258
0.999284 0.000946157 -0.0378234 -3.262 -3.08399e-05 0.999707 0.0241923 1.28518 0.0378352 -0.0241738 0.998991 243.768
0.999253 0.00162999 -0.0386089 -3.33178 -0.000690571 0.999703 0.0243318 1.3085 0.0386371 -0.0242869 0.998958 245.286
0.999258 0.00136892 -0.0385083 -3.3973 -0.000399502 0.999683 0.02517 1.3278 0.0385305 -0.0251359 0.998941 246.808
0.99926 0.00456703 -0.0382056 -3.46016 -0.00354379 0.999634 0.0268068 1.35408 0.038314 -0.0266515 0.99891 248.307
0.999219 0.00517217 -0.0391939 -3.52421 -0.00410689 0.999621 0.0272107 1.37784 0.0393198 -0.0270285 0.998861 249.853
0.999261 0.00541345 -0.0380672 -3.59839 -0.00435639 0.999604 0.0277957 1.39984 0.0382026 -0.0276093 0.998888 251.363
0.999173 0.00446393 -0.0404283 -3.65582 -0.00330339 0.999582 0.0287268 1.42923 0.0405396 -0.0285694 0.998769 252.903
0.99923 0.00425992 -0.0390007 -3.72303 -0.0031258 0.999572 0.0290938 1.45953 0.0391079 -0.0289495 0.998815 254.412
0.999176 0.00342169 -0.0404405 -3.78894 -0.00223448 0.999566 0.0293651 1.48434 0.0405234 -0.0292505 0.99875 255.962
0.999184 0.00201222 -0.0403468 -3.85507 -0.00079762 0.999546 0.0300967 1.5227 0.040389 -0.03004 0.998732 257.491
0.999265 0.00174244 -0.0382966 -3.92253 -0.000583185 0.999542 0.0302599 1.5618 0.0383318 -0.0302153 0.998808 259.005
0.999205 0.00145006 -0.039848 -3.98019 -0.00024279 0.999541 0.0302844 1.59434 0.0398736 -0.0302506 0.998746 260.542
0.999244 0.000951906 -0.038867 -4.04861 0.000226668 0.99954 0.0303068 1.62653 0.038878 -0.0302927 0.998784 262.059
0.999231 -0.000152293 -0.0392175 -4.10299 0.00141168 0.999484 0.0320865 1.65396 0.0391924 -0.0321172 0.998715 263.599
0.999305 -0.00344439 -0.0371169 -4.17119 0.00464326 0.999468 0.0322613 1.71104 0.0369861 -0.0324112 0.99879 265.173
0.999336 -0.00489939 -0.0361157 -4.23043 0.00606583 0.999461 0.0322582 1.73308 0.0359382 -0.0324558 0.998827 266.702
0.999272 -0.0044691 -0.0379087 -4.27818 0.00566517 0.999487 0.0315023 1.77748 0.0377485 -0.0316941 0.998784 268.216
0.999353 -0.00366639 -0.0358051 -4.34434 0.00479405 0.999493 0.0314586 1.80992 0.0356716 -0.0316099 0.998863 269.75
0.999373 -0.00190935 -0.0353586 -4.39539 0.00299194 0.999527 0.030589 1.83461 0.0352835 -0.0306756 0.998906 271.284
0.999411 -0.000971979 -0.0343278 -4.45798 0.00200981 0.999541 0.0302105 1.86979 0.0342827 -0.0302617 0.998954 272.821
0.999569 0.000286188 -0.0293639 -4.52347 0.000649953 0.999492 0.0318652 1.88897 0.0293581 -0.0318705 0.99906 274.298
0.999565 -0.000224565 -0.0295137 -4.5768 0.00114947 0.999509 0.031324 1.9211 0.0294922 -0.0313443 0.999073 275.842
0.999645 0.000514694 -0.0266631 -4.63 0.000311243 0.99952 0.0309623 1.95314 0.0266663 -0.0309595 0.999165 277.368
0.999655 -0.000296321 -0.0262854 -4.67736 0.00111331 0.999516 0.0310712 1.99336 0.0262635 -0.0310897 0.999171 278.914
0.999678 -0.000735593 -0.0253656 -4.72326 0.00153218 0.999506 0.0313981 2.0234 0.02533 -0.0314268 0.999185 280.447
0.999776 -0.00269372 -0.0210322 -4.7597 0.00336077 0.99949 0.0317438 2.03887 0.0209359 -0.0318073 0.999274 281.943
0.999746 -0.00257334 -0.0223918 -4.82213 0.00330533 0.999459 0.0327138 2.06662 0.0222955 -0.0327794 0.999214 283.476
0.999796 -0.00325665 -0.0199508 -4.85457 0.00387682 0.999508 0.0311241 2.09965 0.0198396 -0.0311951 0.999316 285
0.999744 -0.00244346 -0.0225081 -4.89238 0.00314444 0.999509 0.0311597 2.12499 0.0224209 -0.0312225 0.999261 286.554
0.999749 -0.00244147 -0.0222838 -4.92198 0.00316362 0.999469 0.0324281 2.16875 0.0221927 -0.0324904 0.999225 288.056
0.999735 -0.00366257 -0.0227265 -4.9687 0.00443964 0.999404 0.0342356 2.21525 0.0225875 -0.0343274 0.999155 289.614
0.999668 -0.00360892 -0.025512 -5.01542 0.00448705 0.999396 0.0344464 2.24775 0.0253723 -0.0345494 0.999081 291.193
0.999703 -0.00206217 -0.0243149 -5.06059 0.00289098 0.999414 0.0340995 2.29265 0.0242303 -0.0341596 0.999122 292.732
0.999643 -0.0014554 -0.0266842 -5.11441 0.00238139 0.999395 0.0347019 2.33468 0.0266175 -0.0347531 0.999041 294.316
0.999601 -0.00197839 -0.0281797 -5.17131 0.00296624 0.999381 0.0350557 2.37681 0.0280929 -0.0351253 0.998988 295.887
0.99965 -0.00144547 -0.0264424 -5.21901 0.00242768 0.999307 0.0371501 2.42515 0.0263703 -0.0372012 0.998959 297.435
0.999596 -0.000249502 -0.0284456 -5.2731 0.00133398 0.999273 0.0381112 2.46205 0.0284153 -0.0381337 0.998868 299.034
0.999652 0.000304744 -0.0264035 -5.32073 0.000722896 0.999243 0.0389013 2.50907 0.0263953 -0.0389068 0.998894 300.597
0.999595 0.000228147 -0.0284545 -5.38464 0.000843907 0.99929 0.0376574 2.5538 0.0284429 -0.0376661 0.998885 302.216
0.99959 -0.00108254 -0.0286219 -5.42008 0.00221869 0.999209 0.0396924 2.61032 0.0285562 -0.0397395 0.998802 303.775
0.999645 -0.00231753 -0.0265604 -5.45727 0.00335589 0.999229 0.0391154 2.65188 0.0264492 -0.0391905 0.998881 305.349
0.999626 -0.00235051 -0.027248 -5.50237 0.00338549 0.999272 0.0379993 2.69278 0.0271388 -0.0380773 0.998906 306.951
0.999655 -0.0029277 -0.0261163 -5.55 0.003896 0.999304 0.0371018 2.74218 0.0259895 -0.0371907 0.99897 308.55
0.999572 -0.00232134 -0.0291866 -5.60634 0.00339631 0.999316 0.0368345 2.78857 0.0290811 -0.0369178 0.998895 310.159
0.999512 -0.00145276 -0.0312197 -5.66123 0.00263032 0.999285 0.0377096 2.85226 0.0311426 -0.0377733 0.998801 311.768
0.999541 -1.9527e-05 -0.0302918 -5.72626 0.00126557 0.999154 0.0411151 2.89511 0.0302653 -0.0411345 0.998695 313.382
0.999523 -0.000955563 -0.0308776 -5.77466 0.002314 0.999029 0.0439876 2.94136 0.0308056 -0.044038 0.998555 315.011
0.999617 -0.00138331 -0.0276498 -5.83128 0.00259377 0.999038 0.0437894 3.00643 0.0275626 -0.0438443 0.998658 316.61
0.999595 -0.00173108 -0.0284041 -5.87561 0.00298503 0.99902 0.0441631 3.06315 0.0282998 -0.04423 0.99862 318.241
0.999638 -0.00240055 -0.0268225 -5.9268 0.00358523 0.999016 0.0442063 3.12557 0.02669 -0.0442864 0.998662 319.847
0.999612 -0.00240168 -0.0277735 -5.97557 0.00365261 0.998977 0.0450769 3.18025 0.0276368 -0.0451608 0.998597 321.481
0.999608 -0.00186303 -0.0279638 -6.02053 0.00313356 0.998961 0.0454589 3.24659 0.02785 -0.0455286 0.998575 323.139
0.999667 -0.0011216 -0.0257856 -6.07529 0.00227169 0.999002 0.0446152 3.31424 0.0257098 -0.0446588 0.998671 324.744
0.999647 -0.00118018 -0.026554 -6.12563 0.00231052 0.999091 0.0425761 3.34727 0.0264796 -0.0426224 0.99874 326.391
0.999705 -0.00199729 -0.0242356 -6.17399 0.00307739 0.999 0.0446107 3.39511 0.0241222 -0.0446721 0.99871 327.996
0.999683 -0.00489347 -0.0246931 -6.22294 0.00600189 0.998968 0.0450144 3.46474 0.0244474 -0.0451483 0.998681 329.649
0.999682 -0.00506141 -0.0246983 -6.26442 0.00616885 0.998969 0.0449692 3.52043 0.0244453 -0.0451072 0.998683 331.261
0.99974 -0.0024968 -0.0226754 -6.31397 0.00355697 0.998896 0.0468336 3.55626 0.0225335 -0.046902 0.998645 332.888
0.999709 -0.00130784 -0.0240916 -6.36091 0.00238144 0.999003 0.0445876 3.61182 0.0240092 -0.0446319 0.998715 334.507
0.999731 0.000691168 -0.0231894 -6.41177 0.000328014 0.999035 0.0439166 3.65461 0.0231974 -0.0439123 0.998766 336.094
0.999692 0.00176867 -0.0247787 -6.4605 -0.000637667 0.998961 0.045577 3.70366 0.0248335 -0.0455471 0.998653 337.711
0.999678 0.00251201 -0.0252683 -6.50518 -0.00127655 0.998808 0.0487902 3.77092 0.0253607 -0.0487422 0.998489 339.324
0.999698 0.00326969 -0.0243572 -6.55026 -0.00200374 0.998655 0.0518172 3.82398 0.0244939 -0.0517527 0.998359 340.906
0.999636 0.00392593 -0.0267092 -6.59466 -0.00254556 0.998669 0.0515196 3.88329 0.0268758 -0.0514328 0.998315 342.523
0.999624 0.00372951 -0.0271911 -6.64574 -0.00232932 0.998678 0.0513445 3.94166 0.0273466 -0.0512618 0.998311 344.097
0.999526 0.00287758 -0.0306487 -6.68571 -0.00125886 0.99861 0.0527035 4.00354 0.0307577 -0.0526399 0.99814 345.712
0.999492 0.00206506 -0.031804 -6.73059 -0.000357966 0.998563 0.0535871 4.06751 0.0318689 -0.0535484 0.998056 347.312
0.999515 0.00205688 -0.0310671 -6.79254 -0.000400123 0.998582 0.0532399 4.12633 0.0311325 -0.0532016 0.998098 348.888
0.999467 0.00201616 -0.0325988 -6.84843 -0.000283649 0.998591 0.053063 4.20137 0.0326599 -0.0530255 0.998059 350.508
0.999502 0.00194265 -0.0315115 -6.90587 -0.000265426 0.998587 0.0531419 4.27005 0.0315702 -0.053107 0.998089 352.066
0.999479 0.00149509 -0.0322591 -6.96284 0.000233732 0.998567 0.0535207 4.34336 0.0322928 -0.0535003 0.998045 353.672
0.999443 0.000254791 -0.0333915 -7.01344 0.00153063 0.99857 0.053432 4.41271 0.0333574 -0.0534532 0.998013 355.286
0.999477 0.000331349 -0.0323332 -7.07033 0.00139029 0.998583 0.053209 4.47279 0.032305 -0.0532261 0.99806 356.851
0.999461 0.000574509 -0.032824 -7.11998 0.00117554 0.99858 0.0532711 4.55894 0.0328079 -0.0532809 0.99804 358.444
0.999488 -0.000167954 -0.0320059 -7.17832 0.00186075 0.9986 0.0528669 4.62714 0.0319521 -0.0528994 0.998088 360.012
0.999443 -0.000860903 -0.0333731 -7.2383 0.00262106 0.998605 0.0527331 4.68606 0.0332812 -0.0527912 0.998051 361.629
0.999443 -0.00236525 -0.0332884 -7.29406 0.00417166 0.998516 0.0543004 4.75252 0.0331105 -0.054409 0.997969 363.217
0.999473 -0.00327373 -0.0323177 -7.34822 0.00506591 0.998444 0.0555292 4.80542 0.0320856 -0.0556636 0.997934 364.798
0.999433 -0.00366108 -0.0334742 -7.40368 0.00550798 0.998458 0.0552484 4.87171 0.0332203 -0.0554014 0.997911 366.403
0.999482 -0.00247224 -0.0320868 -7.46346 0.00426518 0.998426 0.0559294 4.92873 0.0318979 -0.0560373 0.997919 367.978
0.999436 -0.00138453 -0.0335745 -7.52122 0.00331433 0.998341 0.0574902 5.01116 0.0334391 -0.0575689 0.997781 369.583
0.999484 -0.000770171 -0.0321146 -7.58629 0.00267569 0.998235 0.0593335 5.07879 0.0320122 -0.0593887 0.997721 371.168
0.999443 -0.00118316 -0.0333591 -7.64154 0.00317437 0.998212 0.0596999 5.12605 0.0332288 -0.0597725 0.997658 372.791
0.999436 -0.00129093 -0.0335772 -7.69925 0.00328651 0.998226 0.0594447 5.20323 0.0334409 -0.0595215 0.997666 374.386
0.999495 -0.00102964 -0.0317743 -7.76283 0.00291866 0.998227 0.0594614 5.2807 0.0316567 -0.059524 0.997724 375.967
0.999465 0.0013733 -0.0326933 -7.82157 0.000588606 0.998203 0.0599235 5.39239 0.0327168 -0.0599106 0.997667 377.591
0.999521 0.00223338 -0.0308779 -7.88316 -0.00034114 0.998129 0.0611505 5.45534 0.0309566 -0.0611106 0.997651 379.172
0.999498 0.00352994 -0.0314834 -7.9407 -0.00157436 0.99808 0.0619236 5.54816 0.0316415 -0.0618429 0.997584 380.798
0.999501 0.00485508 -0.0312174 -8.00087 -0.00290361 0.998056 0.0622553 5.62218 0.0314589 -0.0621335 0.997572 382.407
0.99953 0.00528951 -0.0301938 -8.06438 -0.00336192 0.997974 0.0635371 5.69079 0.0304686 -0.0634056 0.997522 384.026
0.999454 0.00741102 -0.0322056 -8.1291 -0.00532353 0.997909 0.0644257 5.7774 0.0326156 -0.0642191 0.997402 385.658
0.999501 0.00864217 -0.0304107 -8.19029 -0.00663697 0.997835 0.0654303 5.86214 0.0309103 -0.0651957 0.997393 387.252
0.999455 0.00953264 -0.0316212 -8.25929 -0.00742452 0.997784 0.0661268 5.9471 0.0321815 -0.0658559 0.99731 388.896
0.999461 0.0101873 -0.0312146 -8.31819 -0.00809455 0.997757 0.0664498 6.0298 0.0318215 -0.0661613 0.997301 390.513
0.999505 0.00995119 -0.0298649 -8.38059 -0.00793017 0.997719 0.0670423 6.113 0.0304639 -0.0667722 0.997303 392.107
=======
1 -0.00037511 -0.000157649 -0.00505556 0.000375267 0.999999 0.000997766 -0.0258773 0.000157275 -0.000997825 0.999999 1.31852
1 -0.000554407 0.000415572 -0.00811744 0.000553764 0.999999 0.0015464 -0.028908 -0.000416428 -0.00154617 0.999999 2.62339
1 -0.000770855 -0.000455857 -0.00885167 0.000771657 0.999998 0.00176177 -0.0452939 0.000454498 -0.00176212 0.999998 3.94455
1 -0.000683782 0.000790468 -0.0205038 0.000682752 0.999999 0.00130196 -0.0582386 -0.000791357 -0.00130142 0.999999 5.27399
1 -0.000157024 -0.00038596 -0.0214222 0.000158083 0.999996 0.00274679 -0.0614218 0.000385527 -0.00274685 0.999996 6.62097
0.999998 -0.00205613 -0.000462143 -0.0261755 0.00205779 0.999991 0.00361172 -0.0903898 0.000454713 -0.00361266 0.999993 7.94859
0.999997 -0.00258296 4.87445e-05 -0.0384337 0.00258282 0.999993 0.00270209 -0.0781047 -5.57236e-05 -0.00270196 0.999996 9.29096
0.999999 -0.00131729 -0.000622073 -0.0437873 0.00131821 0.999998 0.00148129 -0.116561 0.00062012 -0.00148211 0.999999 10.6366
1 0.00101919 0.000191419 -0.0548966 -0.00101909 0.999999 -0.000519531 -0.109223 -0.000191948 0.000519336 1 11.9717
0.999995 0.00327269 -0.000626884 -0.0611774 -0.00327326 0.999994 -0.000928845 -0.138985 0.00062384 0.000930892 0.999999 13.3062
0.99998 0.00631449 -0.000189357 -0.0749399 -0.00631493 0.999977 -0.0024723 -0.153303 0.000173741 0.00247345 0.999997 14.6589
0.999981 0.00613761 0.00101529 -0.0843034 -0.00613572 0.999979 -0.00184827 -0.161341 -0.00102661 0.001842 0.999998 15.9998
0.999988 0.00487069 0.00129651 -0.0755258 -0.00487199 0.999987 0.000998456 -0.167869 -0.00129163 -0.00100476 0.999999 17.3466
0.999994 0.00151926 0.00338285 -0.0674266 -0.00153576 0.999987 0.00487914 -0.168073 -0.00337539 -0.0048843 0.999982 18.6855
0.999997 -0.00184725 0.00194783 -0.0531786 0.00184354 0.999996 0.00190285 -0.203033 -0.00195134 -0.00189925 0.999996 20.0269
0.999992 -0.00221929 0.00347184 -0.0404542 0.00222338 0.999997 -0.00117538 -0.180072 -0.00346922 0.00118309 0.999993 21.3149
0.999994 -0.00122018 0.00324824 -0.0342711 0.00122512 0.999998 -0.00151864 -0.175788 -0.00324638 0.00152261 0.999994 22.6686
0.999991 0.000601681 0.00417754 -0.0381846 -0.000596387 0.999999 -0.00126894 -0.170372 -0.0041783 0.00126643 0.99999 24.0264
0.99998 0.000379662 0.00629245 -0.0411982 -0.000391637 0.999998 0.00190162 -0.182019 -0.00629172 -0.00190405 0.999978 25.3794
0.999986 0.000303169 0.00536812 -0.0328205 -0.000319445 0.999995 0.00303105 -0.201882 -0.00536718 -0.00303272 0.999981 26.7563
0.999974 -0.00261236 0.00682888 -0.0222882 0.00258861 0.99999 0.00348371 -0.239537 -0.00683792 -0.00346594 0.99997 28.0702
0.999986 -0.00254606 0.0046061 -0.0197122 0.00253507 0.999994 0.0023903 -0.251357 -0.00461216 -0.00237859 0.999986 29.4656
0.999974 -0.00245235 0.00675923 -0.0163372 0.00243764 0.999995 0.00218297 -0.280432 -0.00676455 -0.00216643 0.999975 30.8257
0.999982 0.000345427 0.00605753 -0.0279173 -0.000347957 1 0.00041638 -0.286433 -0.00605738 -0.000418482 0.999982 32.2326
0.99998 0.00011535 0.00642415 -0.0207672 -0.000120181 1 0.000751366 -0.303858 -0.00642406 -0.000752124 0.999979 33.6271
0.999978 -0.000227672 0.00663267 -0.00742991 0.000222256 1 0.000817029 -0.326428 -0.00663285 -0.000815539 0.999978 35.0177
0.999988 -0.000242697 0.00503692 -0.00268464 0.000228389 0.999996 0.00284056 -0.335107 -0.00503759 -0.00283938 0.999983 36.4195
0.999982 0.000506572 0.00596782 -0.00880704 -0.000533928 0.999989 0.00458275 -0.347148 -0.00596544 -0.00458585 0.999972 37.8021
0.999983 0.00328047 0.00481051 -0.00273153 -0.00329722 0.999988 0.00347879 -0.333739 -0.00479904 -0.00349459 0.999982 39.2062
0.999975 0.00511257 0.00500409 -0.0192847 -0.00513518 0.999977 0.00451538 -0.349808 -0.00498089 -0.00454096 0.999977 40.5752
0.999962 0.00654294 0.00580252 -0.0221393 -0.00657202 0.999966 0.00500602 -0.35573 -0.00576957 -0.00504396 0.999971 41.9791
0.99997 0.00667357 0.00401309 -0.0310267 -0.00669764 0.999959 0.00601561 -0.360718 -0.00397278 -0.00604231 0.999974 43.4102
0.999966 0.0066725 0.0049535 -0.0337366 -0.00670411 0.999957 0.00639198 -0.36732 -0.00491063 -0.00642497 0.999967 44.8155
0.999981 0.00559377 0.00276556 -0.0345478 -0.00560827 0.99997 0.00526288 -0.392657 -0.00273604 -0.00527829 0.999982 46.2422
0.999987 0.00475245 0.00212514 -0.0409989 -0.00476291 0.999976 0.00494356 -0.394409 -0.0021016 -0.00495361 0.999986 47.6603
0.999986 0.00535336 -0.000475828 -0.0486267 -0.00535053 0.999969 0.00576626 -0.397123 0.000506682 -0.00576363 0.999983 49.0887
0.999986 0.00513373 -0.00173934 -0.0638645 -0.00512149 0.999962 0.0069681 -0.396907 0.00177504 -0.00695909 0.999974 50.5076
0.999985 0.00546143 -0.00119952 -0.0647137 -0.00545255 0.999958 0.00728681 -0.410879 0.00123927 -0.00728016 0.999973 51.9121
0.999977 0.00583407 -0.00372775 -0.0785452 -0.00580258 0.999948 0.00840491 -0.413207 0.00377659 -0.00838308 0.999958 53.3474
0.999986 0.00435729 -0.00302624 -0.0875547 -0.00432917 0.999948 0.00923558 -0.415228 0.00306633 -0.00922235 0.999953 54.771
0.999978 0.00442765 -0.00504262 -0.0972707 -0.00437974 0.999945 0.00947114 -0.413299 0.00508428 -0.00944884 0.999942 56.2088
0.999968 0.00166387 -0.00789167 -0.0889852 -0.00158435 0.999948 0.0100722 -0.433166 0.00790801 -0.0100594 0.999918 57.6513
0.999979 0.00038494 -0.00656 -0.0989705 -0.00031581 0.999944 0.0105365 -0.438887 0.00656369 -0.0105342 0.999923 59.0711
0.999975 -0.00115176 -0.00707707 -0.0887674 0.00121546 0.999958 0.00900412 -0.417079 0.0070664 -0.00901249 0.999934 60.4028
0.999986 -0.00180224 -0.00516745 -0.0971223 0.00185111 0.999953 0.00946922 -0.424223 0.00515014 -0.00947865 0.999942 61.8141
0.999981 -0.00238742 -0.00582322 -0.0945304 0.00244699 0.999944 0.010246 -0.456967 0.00579844 -0.0102601 0.999931 63.2528
0.999974 -0.00430429 -0.00581686 -0.107916 0.00436249 0.99994 0.0100326 -0.450472 0.00577332 -0.0100577 0.999933 64.6781
0.999984 -0.00443615 -0.00355774 -0.127866 0.00447081 0.999942 0.0097965 -0.457601 0.00351407 -0.00981225 0.999946 66.0708
0.999988 -0.0033413 -0.00379068 -0.151086 0.00338114 0.999938 0.0105556 -0.471686 0.00375517 -0.0105683 0.999937 67.4807
0.999998 -0.000674988 -0.00233456 -0.163882 0.000702583 0.999929 0.0118421 -0.477634 0.0023264 -0.0118437 0.999927 68.8995
0.999991 0.00176172 -0.00399642 -0.179072 -0.00171238 0.999922 0.0123168 -0.47949 0.00401781 -0.0123098 0.999916 70.3522
0.999976 0.00636306 -0.00297693 -0.198717 -0.00632256 0.99989 0.0134216 -0.492828 0.003062 -0.0134024 0.999906 71.7486
0.999945 0.00999695 -0.0032917 -0.219326 -0.00995173 0.999859 0.0134772 -0.489702 0.00342596 -0.0134437 0.999904 73.159
0.999896 0.0141522 -0.00295356 -0.234982 -0.0141127 0.999816 0.0129995 -0.488745 0.00313698 -0.0129564 0.999911 74.5641
0.999896 0.0144305 -0.00135967 -0.246977 -0.0144116 0.999811 0.0129932 -0.49305 0.00154691 -0.0129723 0.999915 75.9485
0.999894 0.0144453 -0.00186381 -0.259703 -0.0144184 0.999802 0.0136971 -0.497004 0.0020613 -0.0136688 0.999905 77.3522
0.999925 0.012202 -0.00114256 -0.263721 -0.0121868 0.999848 0.0124644 -0.50121 0.00129448 -0.0124495 0.999922 78.7236
0.99994 0.0104035 -0.00348079 -0.269395 -0.010369 0.999898 0.00978187 -0.477224 0.0035822 -0.00974519 0.999946 80.0919
0.999952 0.0089967 -0.00409904 -0.28616 -0.00896192 0.999924 0.00842639 -0.482768 0.00417454 -0.00838924 0.999956 81.4933
0.999967 0.00750508 -0.00343876 -0.291315 -0.0074768 0.999938 0.0081652 -0.503545 0.00349983 -0.00813921 0.999961 82.8284
0.999957 0.00812548 -0.00466079 -0.308569 -0.00808697 0.999933 0.00822303 -0.508588 0.00472729 -0.00818497 0.999955 84.2128
0.999957 0.00733102 -0.00584056 -0.3097 -0.00728266 0.999939 0.00825757 -0.508864 0.00590074 -0.00821467 0.999949 85.5801
0.999953 0.00457173 -0.00860427 -0.326119 -0.00451488 0.999967 0.00661559 -0.512423 0.00863423 -0.00657643 0.999941 86.9983
0.999927 0.00339162 -0.0116431 -0.336662 -0.00331538 0.999972 0.00656199 -0.519081 0.0116651 -0.00652291 0.999911 88.4106
