1 0 0 0 0 1 0 0 0 0 1 0
1 -0.000404956 -0.000256647 -0.0058936 0.000405197 0.999999 0.000937072 -0.0242567 0.000256268 -0.000937176 1 1.32262
1 -0.000580108 0.000319124 -0.00913613 0.000579634 0.999999 0.00148475 -0.0274337 -0.000319985 -0.00148457 0.999999 2.6274
0.999998 -0.00200845 -0.000622601 -0.00945916 0.00200894 0.999998 0.000791913 -0.0431661 0.000621009 -0.000793162 1 3.95803
0.999998 -0.00164616 0.000525067 -0.0168658 0.00164569 0.999998 0.000886887 -0.0574815 -0.000526526 -0.000886022 1 5.27613
0.999999 -0.00142851 -0.000164507 -0.0214124 0.00142889 0.999996 0.00233265 -0.0658541 0.000161174 -0.00233288 0.999997 6.60587
0.999995 -0.00317342 -0.000152738 -0.0245925 0.00317388 0.99999 0.00313023 -0.0939218 0.000142803 -0.0031307 0.999995 7.93373
0.999995 -0.00323949 0.00044329 -0.0325033 0.0032382 0.999991 0.00287449 -0.0954249 -0.000452598 -0.00287304 0.999996 9.27409
0.999996 -0.00285505 -0.00048454 -0.0358137 0.00285589 0.999994 0.00174561 -0.119033 0.000479553 -0.00174699 0.999998 10.5983
1 -0.000548068 0.000265536 -0.0477145 0.000548115 1 -0.000178204 -0.113001 -0.000265438 0.000178351 1 11.9322
0.999996 0.00255538 -0.000491959 -0.0585671 -0.00255586 0.999996 -0.000983092 -0.141549 0.000489445 0.000984347 0.999999 13.2758
0.999991 0.00423747 -0.000403986 -0.0719644 -0.004238 0.99999 -0.00130803 -0.154572 0.000398439 0.00130973 0.999999 14.6158
0.999991 0.0040646 0.000791359 -0.0816135 -0.00406406 0.999991 -0.000679578 -0.161329 -0.000794114 0.000676357 0.999999 15.9566
0.999996 0.00268754 0.000994818 -0.0734705 -0.00268971 0.999994 0.00218397 -0.165867 -0.000988942 -0.00218664 0.999997 17.3042
0.999995 -0.00135513 0.00264617 -0.0662123 0.00134137 0.999986 0.00519407 -0.171573 -0.00265317 -0.0051905 0.999983 18.645
0.999991 -0.00393214 0.00175117 -0.0530733 0.00392575 0.999986 0.00363846 -0.199773 -0.00176545 -0.00363155 0.999992 19.9794
0.999984 -0.00467889 0.00319557 -0.04667 0.00467573 0.999988 0.000996794 -0.179317 -0.0032002 -0.000981835 0.999994 21.3187
0.999989 -0.00355426 0.00296431 -0.0407296 0.00355272 0.999994 0.000523886 -0.172627 -0.00296615 -0.000513348 0.999995 22.6719
0.999991 -0.00172767 0.00388762 -0.045028 0.00172467 0.999998 0.000775879 -0.164579 -0.00388895 -0.000769166 0.999992 24.0294
0.99998 -0.00171659 0.00600508 -0.0487076 0.00168715 0.999986 0.00490317 -0.168917 -0.00601342 -0.00489294 0.99997 25.3765
0.999985 -0.00174259 0.00505265 -0.0408841 0.0017123 0.99998 0.00599403 -0.183539 -0.005063 -0.00598529 0.999969 26.7536
0.999967 -0.0048091 0.00654271 -0.0322016 0.00476861 0.999969 0.00618958 -0.218785 -0.00657228 -0.00615817 0.999959 28.076
0.999975 -0.00466041 0.00527811 -0.0322351 0.00463829 0.99998 0.00419416 -0.228135 -0.00529755 -0.00416958 0.999977 29.4534
0.999963 -0.00437542 0.00735901 -0.0282862 0.00434495 0.999982 0.0041521 -0.254786 -0.00737704 -0.00411998 0.999964 30.8133
0.999975 -0.00196612 0.00670341 -0.0370336 0.0019468 0.999994 0.00288733 -0.262669 -0.00670905 -0.00287421 0.999973 32.213
0.999972 -0.00172637 0.00727925 -0.0325754 0.00170944 0.999996 0.0023322 -0.280691 -0.00728324 -0.00231969 0.999971 33.6004
0.999962 -0.0014217 0.00859623 -0.0298076 0.00139254 0.999993 0.00339764 -0.29047 -0.00860101 -0.00338554 0.999957 34.9659
0.999975 -0.00131161 0.00687988 -0.0342029 0.00127156 0.999982 0.00582178 -0.318962 -0.0068874 -0.00581289 0.999959 36.3834
0.999969 -0.00058107 0.00780593 -0.0378649 0.000521941 0.999971 0.00757458 -0.32678 -0.00781011 -0.00757028 0.999941 37.7662
0.999975 0.00217594 0.00666677 -0.0306789 -0.0022247 0.999971 0.00731418 -0.326198 -0.00665066 -0.00732884 0.999951 39.1771
0.999965 0.0040766 0.00729741 -0.046755 -0.00413121 0.999963 0.00748344 -0.336051 -0.00726664 -0.00751333 0.999945 40.5662
0.999955 0.00510976 0.00793477 -0.0479766 -0.00516951 0.999958 0.00752664 -0.332283 -0.00789598 -0.00756732 0.99994 41.9648
0.999967 0.00519546 0.00615162 -0.0539793 -0.0052481 0.999949 0.00857153 -0.333536 -0.00610677 -0.00860354 0.999944 43.3962
0.999961 0.00519886 0.00710711 -0.0536361 -0.00526238 0.999946 0.00894788 -0.336564 -0.00706021 -0.00898493 0.999935 44.8012
0.999972 0.00528671 0.00521011 -0.0520336 -0.00533275 0.999946 0.00886121 -0.3303 -0.00516298 -0.00888876 0.999947 46.2133
0.999979 0.00426823 0.0047109 -0.0543321 -0.00430904 0.999953 0.00868652 -0.325035 -0.0046736 -0.00870665 0.999951 47.6308
0.999988 0.00443503 0.00208793 -0.0591595 -0.00445388 0.999948 0.00911164 -0.330952 -0.00204741 -0.00912083 0.999956 49.0611
0.999991 0.00416996 0.000831025 -0.0707718 -0.00417835 0.999937 0.0103582 -0.326473 -0.000787777 -0.0103616 0.999946 50.4795
0.999985 0.00523371 0.00130452 -0.0535718 -0.00524638 0.999937 0.00990223 -0.34537 -0.00125261 -0.00990893 0.99995 51.8803
0.999983 0.00557683 -0.00119713 -0.063123 -0.00556334 0.999924 0.010991 -0.343881 0.00125834 -0.0109841 0.999939 53.316
0.999991 0.00407874 -0.000488272 -0.0683898 -0.00407267 0.999921 0.0118527 -0.342091 0.000536581 -0.0118506 0.99993 54.7393
0.999991 0.00320651 -0.0026613 -0.072984 -0.0031764 0.999932 0.0112442 -0.351304 0.00269718 -0.0112357 0.999933 56.1798
0.999994 0.00048528 -0.00344734 -0.0853786 -0.000444395 0.999929 0.0118518 -0.350698 0.00345285 -0.0118502 0.999924 57.6114
0.999997 -0.000786501 -0.00212242 -0.0889862 0.000812571 0.999924 0.0123116 -0.353855 0.00211258 -0.0123133 0.999922 59.0315
0.999995 -0.00251757 -0.00196978 -0.0891288 0.00254072 0.999926 0.011842 -0.342559 0.00193983 -0.0118469 0.999928 60.4308
0.999997 -0.00248002 -0.000121253 -0.0948143 0.00248133 0.99992 0.0123652 -0.337976 9.05801e-05 -0.0123655 0.999923 61.844
0.999995 -0.00280633 -0.00077871 -0.102792 0.00281574 0.999919 0.0123622 -0.33709 0.000743958 -0.0123643 0.999923 63.2706
0.999988 -0.00466982 -0.00075256 -0.10911 0.00467865 0.999914 0.0122053 -0.328036 0.000695503 -0.0122087 0.999925 64.6954
0.999987 -0.00488253 0.00148305 -0.123957 0.00486434 0.999916 0.0120235 -0.331461 -0.00154163 -0.0120161 0.999927 66.0872
0.999992 -0.00378704 0.000927379 -0.137868 0.003775 0.999913 0.0126547 -0.336361 -0.000975219 -0.0126511 0.999919 67.5048
0.999996 -0.00114812 0.00257759 -0.142413 0.00111106 0.999896 0.0143338 -0.337392 -0.00259378 -0.0143308 0.999894 68.916
0.999995 0.00212512 0.00211676 -0.14616 -0.00215834 0.999872 0.0158161 -0.338829 -0.00208287 -0.0158206 0.999873 70.3335
0.999971 0.00667275 0.00346657 -0.156958 -0.00673092 0.999832 0.0170476 -0.346759 -0.00335223 -0.0170704 0.999849 71.7286
0.999943 0.0100748 0.00335214 -0.176057 -0.0101303 0.999805 0.0169479 -0.337902 -0.00318074 -0.0169809 0.999851 73.14
0.999894 0.0140801 0.003681 -0.182844 -0.0141392 0.999763 0.0165428 -0.330432 -0.0034472 -0.0165931 0.999856 74.5445
0.999882 0.0143624 0.00528759 -0.184701 -0.0144475 0.999761 0.0164212 -0.330119 -0.00505048 -0.0164957 0.999851 75.9309
0.999885 0.0143719 0.00472144 -0.187226 -0.0144512 0.999747 0.0172284 -0.329916 -0.00447264 -0.0172946 0.99984 77.3357
0.999908 0.0122274 0.00581311 -0.183277 -0.0123218 0.999788 0.0165022 -0.333077 -0.0056101 -0.0165723 0.999847 78.7036
0.999915 0.0120901 0.00483702 -0.180186 -0.0121677 0.999792 0.0163423 -0.323174 -0.00463843 -0.0163997 0.999855 80.1008
0.99993 0.0109298 0.00446363 -0.181169 -0.0109992 0.999814 0.0158196 -0.320296 -0.0042899 -0.0158676 0.999865 81.4831
0.999941 0.00931922 0.00556267 -0.172933 -0.00940642 0.99983 0.0158599 -0.33078 -0.00541392 -0.0159113 0.999859 82.8267
0.999941 0.00983818 0.00445859 -0.173461 -0.00990818 0.999823 0.0159559 -0.322788 -0.00430082 -0.0159991 0.999863 84.2152
0.999936 0.0104072 0.00440624 -0.17871 -0.0104778 0.999812 0.0163165 -0.309524 -0.0042356 -0.0163617 0.999857 85.5613
0.999957 0.00890567 0.00240465 -0.187273 -0.00894417 0.999824 0.0165024 -0.304104 -0.00225725 -0.0165232 0.999861 86.9656
0.999973 0.00719684 0.00140805 -0.193196 -0.00722045 0.99982 0.0175469 -0.305537 -0.00128151 -0.0175566 0.999845 88.3348
0.999991 0.00405922 0.00104659 -0.194363 -0.00407701 0.999837 0.0175908 -0.2987 -0.000975007 -0.017595 0.999845 89.6843
0.999997 0.00213757 -0.000412139 -0.196382 -0.00213002 0.999843 0.0175515 -0.300083 0.000449597 -0.0175506 0.999846 91.0719
0.999999 0.000594001 -0.000285748 -0.202167 -0.000589041 0.999854 0.0170785 -0.285343 0.000295856 -0.0170783 0.999854 92.4256
0.999999 -0.000178991 -0.00119314 -0.211417 0.000199944 0.999845 0.0175894 -0.291958 0.00118981 -0.0175896 0.999845 93.8052
0.999999 0.000109404 -0.00100507 -0.221211 -9.19064e-05 0.999848 0.0173985 -0.285086 0.00100683 -0.0173984 0.999848 95.1471
0.999997 0.000937098 -0.00176272 -0.233902 -0.000906554 0.999851 0.017253 -0.283575 0.00177863 -0.0172514 0.99985 96.5097
0.999997 -0.000740608 -0.0022444 -0.239577 0.000778669 0.999855 0.0170078 -0.292428 0.00223148 -0.0170095 0.999853 97.8721
0.999998 0.000527023 -0.00172805 -0.253805 -0.000497127 0.999851 0.0172589 -0.278424 0.0017369 -0.017258 0.99985 99.2054
0.999997 0.00100017 -0.00203366 -0.261482 -0.000962211 0.999827 0.0185833 -0.277686 0.0020519 -0.0185813 0.999825 100.566
0.999998 0.000681004 -0.00162202 -0.267165 -0.000650782 0.999827 0.0185643 -0.268007 0.00163439 -0.0185632 0.999826 101.881
0.999994 0.000691401 -0.00317867 -0.278126 -0.000633108 0.999832 0.0183051 -0.263124 0.0031908 -0.018303 0.999827 103.231
0.999993 0.000579522 -0.00361483 -0.288543 -0.000519349 0.999861 0.0166266 -0.255695 0.00362398 -0.0166246 0.999855 104.57
0.999994 -0.000623911 -0.00323679 -0.304564 0.000673019 0.999884 0.0151949 -0.264821 0.00322694 -0.015197 0.999879 105.873
0.999986 -0.0035431 -0.00390887 -0.3078 0.0036025 0.999876 0.0152983 -0.26098 0.00385419 -0.0153122 0.999875 107.227
0.999976 -0.0057339 -0.00366387 -0.312083 0.0057915 0.999857 0.0159087 -0.252519 0.00357213 -0.0159295 0.999867 108.523
0.999968 -0.00729986 -0.00321813 -0.320733 0.00735209 0.999836 0.0165308 -0.250797 0.00309694 -0.016554 0.999858 109.873
0.999963 -0.00812957 -0.00271949 -0.326203 0.00817163 0.999841 0.0158322 -0.256618 0.00259035 -0.0158539 0.999871 111.2
0.999975 -0.00665043 -0.00227767 -0.33699 0.00668192 0.999878 0.0141095 -0.254786 0.00218356 -0.0141244 0.999898 112.496
0.999986 -0.00500319 -0.00147042 -0.351675 0.00502233 0.999899 0.0133129 -0.257749 0.00140367 -0.0133201 0.99991 113.85
0.999993 -0.00353593 0.000446792 -0.361716 0.00352982 0.999909 0.0129987 -0.265974 -0.000492709 -0.012997 0.999915 115.152
0.999996 -0.0021742 0.00129447 -0.368356 0.00215365 0.999875 0.0156663 -0.264595 -0.00132837 -0.0156635 0.999876 116.503
0.999992 -0.00285874 0.00277907 -0.374394 0.00280917 0.99984 0.0176792 -0.263885 -0.00282916 -0.0176712 0.99984 117.808
0.999995 -0.00169333 0.00270312 -0.378034 0.00164311 0.999828 0.0184714 -0.248724 -0.00273393 -0.0184669 0.999826 119.169
0.999992 -0.000483831 0.00373373 -0.380235 0.000417532 0.999843 0.0177358 -0.24048 -0.00374172 -0.0177341 0.999836 120.511
0.999983 0.000153667 0.00567989 -0.380851 -0.000252539 0.999848 0.0174098 -0.255542 -0.00567635 -0.0174109 0.999832 121.821
0.999979 0.00238667 0.00602102 -0.382114 -0.00248565 0.999861 0.0164845 -0.250171 -0.00598084 -0.0164991 0.999846 123.193
0.999962 0.0029649 0.00813739 -0.379929 -0.00309328 0.99987 0.0158088 -0.252658 -0.00808946 -0.0158334 0.999842 124.509
0.999958 0.00403807 0.00822616 -0.381604 -0.00416382 0.999874 0.0153258 -0.249265 -0.00816324 -0.0153594 0.999849 125.866
0.999948 0.00396775 0.00936447 -0.377022 -0.00410959 0.999876 0.0151758 -0.241352 -0.0093031 -0.0152135 0.999841 127.198
0.999929 0.00390213 0.0111888 -0.369428 -0.00408024 0.999865 0.0159395 -0.237029 -0.0111251 -0.015984 0.99981 128.509
0.999928 0.00399109 0.0113167 -0.367371 -0.00417385 0.99986 0.0161716 -0.217429 -0.0112506 -0.0162177 0.999805 129.876
0.999922 0.00502497 0.0113627 -0.378979 -0.00520551 0.99986 0.0159146 -0.238978 -0.0112811 -0.0159725 0.999809 131.167
0.999927 0.00438768 0.0111838 -0.366481 -0.00456891 0.999858 0.0162301 -0.239748 -0.011111 -0.01628 0.999806 132.537
0.999937 0.00318504 0.0107643 -0.358128 -0.00335743 0.999866 0.0160346 -0.24798 -0.0107118 -0.0160697 0.999813 133.873
0.999941 0.00229697 0.0106162 -0.340517 -0.00246887 0.999866 0.016207 -0.252533 -0.0105775 -0.0162323 0.999812 135.18
0.999959 0.00185941 0.00885023 -0.337548 -0.00200639 0.99986 0.0166269 -0.239128 -0.00881807 -0.016644 0.999822 136.534
0.999965 -0.000999885 0.00827205 -0.327729 0.000862492 0.999862 0.0165957 -0.243239 -0.0082875 -0.016588 0.999828 137.841
0.999976 -0.00228968 0.00640638 -0.327331 0.00218038 0.999853 0.017015 -0.239023 -0.0064444 -0.0170006 0.999835 139.203
0.99998 -0.00373071 0.00506086 -0.327077 0.00364444 0.99985 0.0169491 -0.221711 -0.00512333 -0.0169303 0.999843 140.55
0.999987 -0.00424994 0.00282935 -0.338293 0.00420171 0.999849 0.0168414 -0.221652 -0.0029005 -0.0168293 0.999854 141.925
0.99999 -0.00413531 0.00140978 -0.347813 0.00411239 0.999865 0.0158852 -0.205533 -0.00147528 -0.0158792 0.999873 143.272
0.999979 -0.00630541 0.00117134 -0.345908 0.00628712 0.999867 0.0150111 -0.192207 -0.00126583 -0.0150035 0.999887 144.584
0.999926 -0.0121005 -0.000724522 -0.350029 0.0121099 0.999815 0.0149452 -0.210591 0.000543547 -0.0149529 0.999888 145.946
0.999799 -0.0199736 -0.0017193 -0.331572 0.0200012 0.999639 0.0179281 -0.208706 0.0013606 -0.0179589 0.999838 147.271
0.999717 -0.0234201 -0.00404656 -0.329176 0.0234912 0.999552 0.0185314 -0.199827 0.00361074 -0.0186212 0.99982 148.626
0.999671 -0.0250627 -0.00541214 -0.333775 0.025149 0.999547 0.0165174 -0.19688 0.00499573 -0.0166481 0.999849 149.968
0.999668 -0.0254087 -0.00409102 -0.354385 0.0254659 0.999569 0.0145828 -0.202824 0.00371874 -0.0146822 0.999885 151.341
0.999697 -0.0242119 -0.00429339 -0.373442 0.0242659 0.999621 0.0129921 -0.186501 0.0039772 -0.0130924 0.999906 152.692
0.999716 -0.0235687 -0.00334087 -0.381703 0.0236088 0.999643 0.012515 -0.199317 0.00304472 -0.0125903 0.999916 154.052
0.999631 -0.026899 -0.00370077 -0.387108 0.0269523 0.999521 0.015186 -0.181331 0.00329051 -0.0152801 0.999878 155.4
0.999491 -0.0317075 -0.00324786 -0.385677 0.0317606 0.999335 0.017882 -0.186426 0.00267871 -0.017976 0.999835 156.74
0.999346 -0.0360543 -0.00245679 -0.399051 0.036096 0.999151 0.0198369 -0.164965 0.00173951 -0.0199126 0.9998 158.044
0.999288 -0.0375759 -0.00323135 -0.400395 0.0376327 0.999095 0.0198248 -0.148901 0.00248349 -0.0199323 0.999798 159.396
0.999337 -0.0363725 -0.00116552 -0.407557 0.0363888 0.999125 0.0205974 -0.12824 0.000415328 -0.0206261 0.999787 160.722
0.999465 -0.0326784 -0.00100411 -0.415602 0.0326922 0.999253 0.0206249 -0.116144 0.000329377 -0.0206467 0.999787 162.08
0.99957 -0.0293077 0.00075024 -0.427555 0.0292887 0.999398 0.0186028 -0.10295 -0.00129499 -0.0185728 0.999827 163.396
0.999649 -0.026444 0.000974928 -0.440396 0.0264219 0.999484 0.0182394 -0.0938967 -0.00145675 -0.0182073 0.999833 164.764
0.999684 -0.0250587 0.0014368 -0.453786 0.0250296 0.999531 0.0176284 -0.0657255 -0.00187787 -0.0175869 0.999843 166.11
0.99973 -0.0231023 0.00208653 -0.462259 0.0230626 0.999582 0.0174092 -0.0550715 -0.00248785 -0.0173564 0.999846 167.438
0.999767 -0.0215599 0.000851967 -0.466455 0.0215435 0.999639 0.0160687 -0.04738 -0.0011981 -0.0160466 0.99987 168.816
0.999821 -0.0189025 0.000537657 -0.489559 0.0188935 0.99973 0.0134916 -0.0438205 -0.000792535 -0.0134791 0.999909 170.137
0.999891 -0.0146967 -0.00113213 -0.51905 0.0147093 0.999819 0.0120309 -0.0320134 0.000955111 -0.0120463 0.999927 171.521
0.999929 -0.0117592 -0.00174231 -0.544089 0.0117791 0.999859 0.0119155 -0.0117768 0.00160195 -0.0119352 0.999927 172.905
0.999954 -0.00951302 -0.000923164 -0.551888 0.00952446 0.999866 0.0133064 -0.00381474 0.000796459 -0.0133146 0.999911 174.249
0.999956 -0.00902585 -0.00219167 -0.562046 0.00905863 0.99984 0.0154414 0.0049277 0.00205196 -0.0154606 0.999878 175.649
0.999923 -0.0116607 -0.00404777 -0.570396 0.0117257 0.999796 0.0164142 0.00971392 0.00385555 -0.0164604 0.999857 177.011
0.999899 -0.0125444 -0.00661526 -0.574527 0.0126524 0.999783 0.0165471 0.0229148 0.00640625 -0.0166292 0.999841 178.402
0.999883 -0.0132585 -0.00747601 -0.595561 0.0133497 0.999835 0.0122859 0.0343121 0.00731189 -0.0123843 0.999896 179.761
0.99988 -0.0120268 -0.00970802 -0.603928 0.0121102 0.99989 0.00858268 0.0401303 0.00960374 -0.00869922 0.999916 181.138
0.999906 -0.00906678 -0.010176 -0.61652 0.00913589 0.999935 0.0067664 0.0521339 0.010114 -0.00685874 0.999925 182.522
0.999937 -0.00609364 -0.00938158 -0.638145 0.00617012 0.999948 0.00814564 0.0426384 0.00933146 -0.00820301 0.999923 183.875
0.999938 -0.00394245 -0.0103019 -0.648154 0.00405223 0.999935 0.0106574 0.0405382 0.0102592 -0.0106985 0.99989 185.287
0.999956 -0.00337612 -0.0086127 -0.671444 0.00348389 0.999915 0.0125297 0.0398625 0.00856967 -0.0125592 0.999884 186.665
0.999949 -0.00326504 -0.00949541 -0.688108 0.00338994 0.999907 0.013168 0.0487337 0.00945155 -0.0131995 0.999868 188.08
0.999928 -0.00205694 -0.0117247 -0.709103 0.00220577 0.999917 0.0126953 0.0560298 0.0116977 -0.0127202 0.99985 189.495
0.999895 -0.00242771 -0.0142315 -0.729067 0.00261515 0.99991 0.013167 0.04048 0.0141982 -0.0132028 0.999812 190.856
0.999842 0.00146338 -0.0176981 -0.754187 -0.00121633 0.999901 0.0139623 0.00883758 0.0177168 -0.0139386 0.999746 192.302
0.999856 0.000184029 -0.0169451 -0.777051 7.40053e-05 0.999884 0.0152262 0.0137807 0.016946 -0.0152252 0.99974 193.692
0.999826 -0.00290612 -0.0183917 -0.799864 0.00321831 0.99985 0.0169681 0.00458209 0.0183396 -0.0170244 0.999687 195.138
0.999831 -0.00477556 -0.0176988 -0.822915 0.00509745 0.999821 0.0181872 -0.000525363 0.0176088 -0.0182744 0.999678 196.527
0.999764 -0.00558464 -0.0209511 -0.863132 0.00587554 0.999886 0.0138492 0.00815285 0.0208714 -0.013969 0.999684 197.962
0.999786 0.00114957 -0.0206148 -0.909427 -0.000942534 0.999949 0.0100503 0.014754 0.0206253 -0.0100288 0.999737 199.382
0.999776 0.00929836 -0.0189609 -0.956627 -0.00909459 0.9999 0.0108054 0.0253405 0.0190595 -0.0106305 0.999762 200.783
0.999712 0.0146193 -0.0190176 -1.0276 -0.0143891 0.999822 0.0121879 0.029797 0.0191924 -0.0119107 0.999745 202.255
0.999681 0.0164972 -0.0190862 -1.06528 -0.0161741 0.999725 0.0169616 0.0385932 0.0193608 -0.0166475 0.999674 203.673
0.999672 0.015264 -0.0205327 -1.10173 -0.0148901 0.999722 0.0182408 0.0461161 0.0208054 -0.0179291 0.999623 205.135
0.999664 0.0133791 -0.0221761 -1.13857 -0.0129759 0.999749 0.0182277 0.0485432 0.0224144 -0.0179339 0.999588 206.59
0.999685 0.0110762 -0.022499 -1.17303 -0.0106565 0.999768 0.0186901 0.0584971 0.0227008 -0.0184444 0.999572 208.002
0.999636 0.0124058 -0.023955 -1.2195 -0.0119669 0.999759 0.0183772 0.0815649 0.0241773 -0.0180839 0.999544 209.484
0.999642 0.0123242 -0.0237314 -1.26434 -0.0118968 0.999766 0.0180671 0.0837041 0.0239485 -0.0177783 0.999555 210.909
0.999575 0.0149164 -0.0250235 -1.3135 -0.0144405 0.999713 0.019095 0.104556 0.0253012 -0.0187255 0.999504 212.39
0.999568 0.0146581 -0.0254642 -1.35962 -0.0141593 0.999706 0.0196594 0.119004 0.0257449 -0.0192904 0.999482 213.85
0.999585 0.0145952 -0.0247915 -1.39521 -0.0141184 0.999714 0.0192992 0.130561 0.0250661 -0.0189412 0.999506 215.284
0.999548 0.0144173 -0.0263522 -1.43383 -0.0139038 0.999712 0.0195638 0.136619 0.0266267 -0.0191886 0.999461 216.792
0.999589 0.0131876 -0.0254115 -1.46403 -0.0126957 0.99973 0.019423 0.14233 0.0256608 -0.0190925 0.999488 218.235
0.999525 0.0136152 -0.0276315 -1.51937 -0.0130819 0.999726 0.0193916 0.133602 0.027888 -0.0190209 0.99943 219.742
0.999536 0.0141205 -0.0269726 -1.56179 -0.0136031 0.999721 0.0192711 0.149539 0.0272372 -0.0188952 0.99945 221.195
0.999462 0.0157394 -0.0287383 -1.61931 -0.0151907 0.9997 0.0192148 0.169249 0.0290321 -0.0187679 0.999402 222.69
0.999437 0.0165174 -0.0291812 -1.67203 -0.0159559 0.999685 0.0193692 0.185892 0.0294919 -0.0188927 0.999386 224.173
0.999404 0.0165888 -0.0302539 -1.73651 -0.0160244 0.999694 0.018805 0.197722 0.0305566 -0.018309 0.999365 225.654
0.999325 0.0168958 -0.0325927 -1.79897 -0.0162772 0.999684 0.0191539 0.200825 0.032906 -0.0186104 0.999285 227.172
0.999341 0.0162613 -0.0324243 -1.8518 -0.0156565 0.9997 0.0188206 0.198829 0.0327206 -0.0183005 0.999297 228.662
0.999321 0.0169231 -0.0327018 -1.90427 -0.0163104 0.999688 0.0189142 0.218718 0.0330117 -0.018368 0.999286 230.175
0.999326 0.0163556 -0.0328406 -1.97151 -0.0157186 0.999685 0.0195597 0.225096 0.0331502 -0.0190304 0.999269 231.663
0.999332 0.0152968 -0.0331636 -2.01713 -0.014649 0.999698 0.0196878 0.220856 0.0334547 -0.0191889 0.999256 233.159
0.999297 0.0160289 -0.0338616 -2.07426 -0.0153739 0.999691 0.019516 0.234888 0.034164 -0.0189817 0.999236 234.671
0.999337 0.0158831 -0.0327197 -2.13264 -0.0152466 0.999691 0.0196108 0.247572 0.0330211 -0.019099 0.999272 236.16
0.999253 0.0183455 -0.0339792 -2.18199 -0.0176682 0.999641 0.0201273 0.265165 0.0343363 -0.0195119 0.99922 237.697
0.999293 0.0174084 -0.0332978 -2.24514 -0.0167062 0.999634 0.0212513 0.278781 0.0336556 -0.02068 0.999219 239.206
0.999346 0.016654 -0.0320744 -2.29462 -0.0159567 0.999633 0.0218774 0.28904 0.032427 -0.0213513 0.999246 240.703
0.999302 0.0180663 -0.0326693 -2.36485 -0.0173899 0.99963 0.0208713 0.306757 0.0330343 -0.0202886 0.999248 242.23
0.999347 0.0176257 -0.0315205 -2.42387 -0.0170298 0.999673 0.0190754 0.325606 0.0318464 -0.0185261 0.999321 243.743
0.999307 0.0185685 -0.032242 -2.48468 -0.0179361 0.999643 0.0197957 0.34102 0.0325981 -0.0192037 0.999284 245.268
0.999321 0.0180019 -0.0321217 -2.53616 -0.0173431 0.999635 0.0206747 0.372313 0.0324822 -0.0201036 0.99927 246.811
0.999322 0.0192313 -0.0313811 -2.60004 -0.0185549 0.999592 0.0217041 0.385406 0.0317857 -0.0211072 0.999272 248.32
0.999291 0.0190678 -0.0324445 -2.65428 -0.0183585 0.999588 0.0220228 0.399479 0.0328511 -0.0214115 0.999231 249.856
0.999312 0.0198787 -0.0312914 -2.717 -0.0191946 0.999573 0.022015 0.417442 0.0317157 -0.0213993 0.999268 251.367
0.999261 0.0207514 -0.0323337 -2.7719 -0.0200469 0.999557 0.0219627 0.432091 0.0327752 -0.0212983 0.999236 252.911
0.999313 0.0204755 -0.0308614 -2.82695 -0.0197927 0.999556 0.0222692 0.45204 0.0313037 -0.0216431 0.999275 254.422
0.999283 0.0192502 -0.0325738 -2.87861 -0.0185283 0.999579 0.022319 0.46951 0.0329897 -0.0216995 0.99922 255.977
0.999328 0.0170525 -0.0324057 -2.91807 -0.016321 0.999609 0.0227031 0.489004 0.0327801 -0.0221589 0.999217 257.518
0.999403 0.0143846 -0.0313983 -2.96764 -0.0136388 0.999622 0.0238413 0.506503 0.0317294 -0.0233989 0.999222 259.044
0.999357 0.0140946 -0.0329431 -3.01499 -0.0133109 0.999626 0.0238883 0.528805 0.0332675 -0.0234344 0.999172 260.581
0.999394 0.0137798 -0.0319446 -3.07207 -0.0130164 0.999627 0.0239849 0.550921 0.0322632 -0.0235546 0.999202 262.099
0.999398 0.0126172 -0.0322774 -3.11637 -0.0117873 0.999598 0.0257735 0.569174 0.0325896 -0.0253776 0.999147 263.64
0.999442 0.0106819 -0.0316331 -3.17172 -0.00984141 0.999597 0.0266079 0.608362 0.0319046 -0.0262817 0.999145 265.183
0.99952 0.00893486 -0.0296398 -3.22152 -0.00818818 0.999648 0.0252185 0.615442 0.0298547 -0.0249637 0.999242 266.7
0.999492 0.00789234 -0.0308589 -3.2789 -0.00713065 0.999669 0.0247157 0.630677 0.0310437 -0.0244831 0.999218 268.278
0.999548 0.00868929 -0.0287501 -3.33461 -0.00798077 0.999663 0.024668 0.652697 0.0289547 -0.0244274 0.999282 269.813
0.999514 0.0109051 -0.029183 -3.37778 -0.0101857 0.999643 0.0246881 0.664845 0.0294418 -0.0243789 0.999269 271.358
0.99953 0.0118567 -0.0282235 -3.43103 -0.0111724 0.999642 0.0242814 0.691081 0.0285013 -0.0239547 0.999307 272.896
0.999579 0.0137686 -0.025513 -3.48709 -0.0131236 0.999594 0.0252792 0.70336 0.0258507 -0.0249338 0.999355 274.429
0.999571 0.0134242 -0.0259773 -3.53279 -0.0127758 0.999606 0.0249664 0.725678 0.0263022 -0.0246238 0.999351 275.975
0.999629 0.0141605 -0.0232084 -3.58449 -0.0135821 0.999597 0.0248962 0.749226 0.0235516 -0.0245718 0.999421 277.508
0.999646 0.0134154 -0.0229218 -3.62627 -0.0128399 0.999603 0.0250746 0.77967 0.0232491 -0.0247714 0.999423 279.053
0.999701 0.0132449 -0.0205007 -3.67171 -0.0127233 0.999597 0.0253676 0.796028 0.0208284 -0.0250992 0.999468 280.542
0.999785 0.0116021 -0.0171148 -3.70055 -0.01115 0.999592 0.0262784 0.814457 0.0174127 -0.0260819 0.999508 282.064
0.999764 0.0115178 -0.0183776 -3.75316 -0.0110149 0.999568 0.0272328 0.83156 0.0186833 -0.0270239 0.99946 283.611
0.999813 0.0108159 -0.0159689 -3.77972 -0.0104053 0.999618 0.0255777 0.856213 0.0162395 -0.0254068 0.999545 285.136
0.999767 0.0111135 -0.0184455 -3.80734 -0.0106552 0.999636 0.0247614 0.873792 0.018714 -0.0245592 0.999523 286.698
0.999754 0.0109943 -0.0192245 -3.84505 -0.0105098 0.999628 0.0251276 0.897987 0.0194937 -0.0249194 0.999499 288.24
0.999774 0.00980581 -0.0188312 -3.88352 -0.00930884 0.99961 0.0262998 0.927354 0.0190818 -0.0261186 0.999477 289.786
0.999718 0.00998717 -0.021473 -3.92421 -0.00941886 0.999606 0.0264068 0.945556 0.0217282 -0.0261971 0.999421 291.364
0.999731 0.0113717 -0.0201843 -3.96304 -0.0108438 0.999601 0.0260758 0.978329 0.0204727 -0.02585 0.999456 292.904
0.999677 0.0119054 -0.0223995 -4.0091 -0.0113106 0.999584 0.0264947 1.00352 0.0227056 -0.0262328 0.999398 294.497
0.999639 0.0113277 -0.0243381 -4.06419 -0.0106661 0.999574 0.0271429 1.03915 0.0246352 -0.0268735 0.999335 296.066
0.999661 0.0116328 -0.0232287 -4.10252 -0.0109801 0.999546 0.0280286 1.06745 0.0235442 -0.0277641 0.999337 297.616
0.999597 0.01275 -0.0253045 -4.15075 -0.0120254 0.999518 0.0285854 1.08962 0.0256568 -0.0282696 0.999271 299.219
0.999641 0.0132658 -0.0232504 -4.1939 -0.0125811 0.999489 0.0293537 1.12048 0.0236279 -0.0290506 0.999299 300.784
0.999621 0.0136112 -0.0238703 -4.24374 -0.0129158 0.999494 0.0290507 1.13611 0.0242536 -0.0287314 0.999293 302.39
0.999632 0.0132954 -0.0236008 -4.28349 -0.012591 0.999478 0.0297449 1.16936 0.023984 -0.0294369 0.999279 303.981
0.99969 0.0124962 -0.0214734 -4.31233 -0.0118731 0.999511 0.0289013 1.18066 0.0218241 -0.0286374 0.999351 305.557
0.999674 0.0124422 -0.0222718 -4.34972 -0.011821 0.999543 0.0278099 1.20449 0.0226077 -0.0275376 0.999365 307.159
0.999705 0.0116484 -0.021262 -4.38947 -0.0110829 0.999586 0.0265236 1.23541 0.0215622 -0.0262801 0.999422 308.757
0.999612 0.0133557 -0.0244176 -4.43968 -0.0127055 0.999565 0.0265918 1.23947 0.0247622 -0.0262713 0.999348 310.37
0.999549 0.0144671 -0.0262801 -4.48881 -0.0137437 0.999527 0.0275025 1.28563 0.0266656 -0.027129 0.999276 311.98
0.999552 0.0158794 -0.0253237 -4.54583 -0.0150958 0.99941 0.0308397 1.31193 0.0257985 -0.0304437 0.999203 313.596
0.999547 0.0151201 -0.0259826 -4.58452 -0.0142373 0.999326 0.0338323 1.34146 0.0264767 -0.0334471 0.99909 315.226
0.999598 0.0141685 -0.0245282 -4.63521 -0.013323 0.999322 0.0342999 1.3772 0.0249976 -0.0339593 0.99911 316.837
0.999584 0.0142276 -0.0250412 -4.68375 -0.0133396 0.999288 0.03528 1.388 0.0255254 -0.0349313 0.999064 318.485
0.999631 0.0136271 -0.0234559 -4.73091 -0.0127922 0.999291 0.0353871 1.43366 0.0239215 -0.0350741 0.999098 320.091
0.999607 0.0138683 -0.0243367 -4.77956 -0.0129904 0.999272 0.0358669 1.48407 0.0248164 -0.0355367 0.99906 321.738
0.999626 0.013833 -0.0235638 -4.81907 -0.012979 0.999267 0.0360155 1.52131 0.0240447 -0.0356963 0.999073 323.364
0.999658 0.0148289 -0.0214843 -4.86848 -0.014067 0.999281 0.0351907 1.57239 0.0219907 -0.0348765 0.99915 324.968
0.999639 0.0149921 -0.0222621 -4.91246 -0.014231 0.999321 0.0339662 1.60271 0.0227562 -0.0336372 0.999175 326.605
0.9997 0.0142339 -0.0199079 -4.95484 -0.0135118 0.999262 0.0359467 1.63671 0.0204048 -0.035667 0.999155 328.211
0.999698 0.0131545 -0.0207214 -4.99309 -0.0123867 0.999247 0.0367541 1.6932 0.0211893 -0.0364864 0.999109 329.843
0.999705 0.0125465 -0.0207751 -5.02559 -0.0117838 0.999266 0.0364368 1.73672 0.021217 -0.0361813 0.99912 331.456
0.999722 0.0136585 -0.0191998 -5.06758 -0.0129345 0.999219 0.0373374 1.76736 0.0196947 -0.0370787 0.999118 333.064
0.99968 0.0146408 -0.0205936 -5.0992 -0.013865 0.999207 0.0373245 1.83217 0.0211237 -0.037027 0.999091 334.676
0.999667 0.0166331 -0.0197129 -5.14483 -0.0159055 0.999206 0.036514 1.8622 0.0203045 -0.0361883 0.999139 336.264
0.999608 0.0181368 -0.0212781 -5.18863 -0.0173108 0.999113 0.0383795 1.89555 0.0219553 -0.0379962 0.999037 337.888
0.999582 0.0188175 -0.0219243 -5.22978 -0.0178966 0.998979 0.0414666 1.95193 0.0226822 -0.0410569 0.998899 339.499
0.999579 0.0196345 -0.0213086 -5.27075 -0.0186804 0.998853 0.0440893 2.00349 0.0221498 -0.0436727 0.9988 341.081
0.999513 0.0202994 -0.023681 -5.30996 -0.0192496 0.998857 0.043749 2.05067 0.024542 -0.0432719 0.998762 342.7
0.999505 0.0200923 -0.0241738 -5.3566 -0.0190253 0.998868 0.043589 2.09642 0.0250223 -0.0431075 0.998757 344.276
0.999448 0.0191403 -0.0271331 -5.39774 -0.0179103 0.998832 0.0448712 2.14709 0.0279602 -0.0443605 0.998624 345.888
0.999434 0.0182989 -0.028212 -5.44113 -0.0169954 0.998807 0.0457722 2.19808 0.0290159 -0.0452668 0.998553 347.487
0.999461 0.018143 -0.027311 -5.49761 -0.0168899 0.998824 0.0454355 2.24249 0.0281032 -0.0449498 0.998594 349.059
0.999425 0.0180783 -0.0286521 -5.54755 -0.0167604 0.998819 0.045587 2.30351 0.0294424 -0.0450807 0.998549 350.678
0.999452 0.0180942 -0.0276738 -5.59677 -0.0168162 0.998812 0.0457357 2.3647 0.0284684 -0.0452453 0.99857 352.242
0.999449 0.0169245 -0.0285321 -5.64986 -0.0156001 0.998819 0.046017 2.43076 0.0292772 -0.0455465 0.998533 353.852
0.999458 0.0164477 -0.0284722 -5.70126 -0.0151258 0.998825 0.0460392 2.4832 0.029196 -0.0455836 0.998534 355.439
0.999482 0.0166271 -0.0275204 -5.75083 -0.0153568 0.998835 0.0457436 2.53249 0.0282489 -0.0452973 0.998574 357.005
0.999458 0.0167133 -0.0283459 -5.79945 -0.015383 0.998799 0.046518 2.57638 0.0290893 -0.0460568 0.998515 358.614
0.99949 0.0166628 -0.0272023 -5.84972 -0.0153761 0.998784 0.0468428 2.64789 0.0279497 -0.0464007 0.998532 360.178
0.999476 0.0158508 -0.0281994 -5.8998 -0.0145204 0.9988 0.0467712 2.70433 0.0289069 -0.0463373 0.998508 361.782
0.999495 0.0145 -0.0282317 -5.94687 -0.013126 0.998748 0.0482599 2.76044 0.0288961 -0.0478651 0.998436 363.376
0.99955 0.0134539 -0.0267802 -5.99694 -0.0121213 0.998709 0.0493178 2.8097 0.0274091 -0.0489711 0.998424 364.947
0.999519 0.0130711 -0.0280856 -6.04633 -0.0116839 0.99873 0.0490007 2.86346 0.0286904 -0.0486491 0.998404 366.559
0.999534 0.014485 -0.0268216 -6.09753 -0.0131435 0.998686 0.0495349 2.91086 0.0275039 -0.0491593 0.998412 368.138
0.999488 0.0156406 -0.027889 -6.14759 -0.0142079 0.998605 0.0508506 2.97466 0.0286455 -0.0504283 0.998317 369.742
0.999517 0.0161868 -0.026491 -6.20413 -0.0147713 0.998496 0.0527842 3.03395 0.0273056 -0.0523675 0.998255 371.33
0.999498 0.0159447 -0.0273513 -6.24859 -0.0144768 0.998487 0.0530517 3.07907 0.0281558 -0.0526292 0.998217 372.939
0.999495 0.0158436 -0.0274982 -6.29695 -0.0143723 0.998496 0.0529026 3.14339 0.0282951 -0.0524808 0.998221 374.535
0.999539 0.0161135 -0.0256993 -6.35119 -0.0147364 0.998491 0.0529031 3.21082 0.026513 -0.0525 0.998269 376.116
0.99949 0.0177339 -0.0265389 -6.39692 -0.0163121 0.998468 0.0528641 3.30223 0.0274357 -0.0524042 0.998249 377.735
0.999523 0.0185837 -0.0246253 -6.44912 -0.0172313 0.99839 0.0540412 3.35802 0.0255899 -0.0535912 0.998235 379.316
0.999485 0.0203286 -0.0247996 -6.49894 -0.0189374 0.998301 0.0551002 3.44439 0.0258776 -0.0546022 0.998173 380.958
0.999463 0.0216412 -0.0245545 -6.54965 -0.0202535 0.998257 0.0554206 3.50691 0.0257111 -0.0548936 0.998161 382.57
0.99949 0.0224912 -0.0226349 -6.59636 -0.0212062 0.998234 0.055491 3.57334 0.023843 -0.0549828 0.998203 384.156
0.793944 0.0418027 0.606551 -5.93482 -0.0481831 0.998822 -0.00576829 3.71785 -0.606078 -0.0246458 0.795024 386.14
0.450545 0.0655046 0.890346 -4.90887 -0.0168343 0.99775 -0.0648878 3.44967 -0.892595 0.0142466 0.450635 388.81
0.105783 0.0566918 0.992771 -2.68152 0.0456618 0.997043 -0.0618012 2.95834 -0.99334 0.0518694 0.102882 391.162
-0.0444449 0.0709774 0.996486 0.456243 0.0821963 0.994351 -0.0671591 2.48511 -0.995625 0.0789227 -0.0500279 392.783
-0.211956 0.0643493 0.975157 3.35432 0.114697 0.992572 -0.0405685 1.99332 -0.970525 0.103249 -0.217763 393.734
