1 0 0 0 0 1 0 0 0 0 1 0
1 7.7855e-05 -0.000129095 -0.00380056 -7.77371e-05 1 0.000913186 -0.00809196 0.000129166 -0.000913176 1 1.311
1 -0.000141982 0.000464564 -0.00664893 0.000141302 0.999999 0.00146299 -0.00873134 -0.000464771 -0.00146293 0.999999 2.61477
1 -8.54732e-05 -0.00035263 -0.0061765 8.61984e-05 0.999998 0.00205699 -0.0179932 0.000352453 -0.00205702 0.999998 3.93154
1 -2.96491e-05 0.000744825 -0.00738471 2.79003e-05 0.999997 0.00234788 -0.0145228 -0.000744893 -0.00234786 0.999997 5.24962
1 -1.95346e-05 0.000102781 -0.00635761 1.92161e-05 0.999995 0.00309787 -0.0163059 -0.000102841 -0.00309787 0.999995 6.56785
1 -0.000265575 7.80511e-05 -0.00663205 0.000265257 0.999992 0.00405208 -0.0234934 -7.91266e-05 -0.00405206 0.999992 7.89538
1 -0.000128496 0.000623223 -0.0123465 0.000125695 0.99999 0.00449151 -0.0164304 -0.000623793 -0.00449143 0.99999 9.22649
1 0.00029284 -0.000636638 -0.0163568 -0.000289944 0.99999 0.0045453 -0.0196735 0.000637962 -0.00454511 0.999989 10.5552
0.999999 0.00081875 0.000246385 -0.0253997 -0.000819846 0.99999 0.0044852 -0.0102095 -0.00024271 -0.0044854 0.99999 11.8905
0.999999 0.00142234 -0.00040614 -0.0291975 -0.00142027 0.999986 0.00503818 -0.0169171 0.000413301 -0.0050376 0.999987 13.2234
0.999999 0.00154352 -0.000474053 -0.0382079 -0.00154078 0.999982 0.00573916 -0.0212317 0.000482903 -0.00573842 0.999983 14.5602
0.999999 0.0014023 0.000718369 -0.0466937 -0.00140698 0.999977 0.00654454 -0.0201121 -0.000709175 -0.00654554 0.999978 15.9016
1 0.000697509 0.000159261 -0.0454755 -0.000698817 0.999965 0.00836635 -0.019221 -0.00015342 -0.00836646 0.999965 17.2496
0.999999 -0.000287671 0.00154142 -0.0457483 0.000272158 0.999949 0.0100548 -0.00282482 -0.00154424 -0.0100544 0.999948 18.5996
1 -0.000385217 -1.22505e-05 -0.0384945 0.000385322 0.999948 0.0102056 0.0152225 8.31855e-06 -0.0102056 0.999948 19.9481
0.999999 -0.000598023 0.00134058 -0.035196 0.00058382 0.999944 0.0105702 0.0498752 -0.00134683 -0.0105694 0.999943 21.2904
0.999999 -0.000359377 0.00112058 -0.0318228 0.000347403 0.999943 0.0106672 0.0861048 -0.00112435 -0.0106668 0.999943 22.6456
0.999998 -0.00019931 0.00214352 -0.0367658 0.000173919 0.99993 0.0118389 0.106351 -0.00214572 -0.0118385 0.999928 24.0035
0.999991 -0.000399483 0.00424267 -0.0429599 0.000335478 0.999886 0.0150759 0.111215 -0.00424821 -0.0150744 0.999877 25.3599
0.999994 -0.000431234 0.00331453 -0.037716 0.00037778 0.99987 0.0161108 0.113338 -0.00332105 -0.0161095 0.999865 26.7363
0.999988 -0.000443711 0.00479816 -0.0416068 0.000360937 0.999851 0.0172383 0.111814 -0.0048051 -0.0172364 0.99984 28.0888
0.999993 0.000610321 0.00367264 -0.0495958 -0.000672183 0.999857 0.0168665 0.124646 -0.00366182 -0.0168689 0.999851 29.4704
0.999983 0.00146261 0.00565747 -0.0518572 -0.00156239 0.999842 0.0176734 0.12151 -0.00563073 -0.0176819 0.999828 30.8288
0.999983 0.00289174 0.00509104 -0.0598688 -0.00298103 0.99984 0.0176194 0.131993 -0.00503928 -0.0176343 0.999832 32.22
0.99998 0.00311108 0.00553673 -0.0612742 -0.0032122 0.999826 0.0183494 0.136664 -0.00547868 -0.0183668 0.999816 33.6013
0.999971 0.00337011 0.00687102 -0.0613515 -0.00350288 0.999806 0.0194039 0.15125 -0.00680429 -0.0194274 0.999788 34.9659
0.99998 0.00332371 0.00527655 -0.0563642 -0.00343629 0.999763 0.0214731 0.171145 -0.00520393 -0.0214908 0.999756 36.3673
0.99997 0.00409326 0.00660229 -0.0628612 -0.00424183 0.999734 0.022647 0.192263 -0.00650784 -0.0226743 0.999722 37.7429
0.999972 0.00532617 0.00520236 -0.0617831 -0.00544399 0.999723 0.0229021 0.211471 -0.00507894 -0.0229298 0.999724 39.1518
0.999964 0.00643099 0.00549498 -0.0656349 -0.00655853 0.999702 0.0235166 0.22494 -0.00534211 -0.0235518 0.999708 40.5492
0.999951 0.00710042 0.00684772 -0.0700657 -0.00726623 0.999673 0.0245018 0.245245 -0.00667151 -0.0245504 0.999676 41.9378
0.999958 0.00747053 0.00533822 -0.0723128 -0.00760309 0.999652 0.0252602 0.269079 -0.00514766 -0.0252997 0.999667 43.3457
0.999953 0.00742898 0.00623813 -0.0729832 -0.00758638 0.999643 0.0256004 0.291097 -0.00604572 -0.0256466 0.999653 44.7521
0.999962 0.00754086 0.00435501 -0.0730788 -0.00764965 0.999645 0.0255301 0.320993 -0.00416095 -0.0255625 0.999665 46.1619
0.999958 0.00775618 0.00496196 -0.0694383 -0.00788425 0.999622 0.0263336 0.346557 -0.00475584 -0.0263717 0.999641 47.5626
0.999962 0.00832802 0.00237316 -0.072411 -0.00838935 0.999597 0.0271252 0.375421 -0.0021463 -0.0271441 0.999629 48.9906
0.999959 0.00893738 0.00124393 -0.0807431 -0.00896801 0.999587 0.0272987 0.399245 -0.000999441 -0.0273087 0.999627 50.4093
0.999955 0.0092807 0.00176747 -0.0843974 -0.00932643 0.999567 0.0279132 0.42355 -0.00150766 -0.0279284 0.999609 51.8151
0.999952 0.00976973 -0.000627899 -0.0935589 -0.00974716 0.999524 0.0292759 0.451709 0.000913618 -0.0292684 0.999571 53.2519
0.999952 0.0097751 0.000101414 -0.0992708 -0.00977367 0.999491 0.0303721 0.477358 0.000195527 -0.0303717 0.999539 54.6757
0.999949 0.00989074 -0.00189426 -0.103549 -0.00982797 0.999481 0.0306883 0.510935 0.0021968 -0.0306681 0.999527 56.113
0.999955 0.00924663 -0.00224876 -0.11211 -0.00917296 0.999483 0.0308177 0.546018 0.00253256 -0.0307957 0.999523 57.5356
0.999956 0.00935577 -0.000399501 -0.116498 -0.00933885 0.999474 0.0310683 0.576532 0.000689958 -0.0310632 0.999517 58.9465
0.999955 0.00938674 -0.00137456 -0.119263 -0.00933904 0.999465 0.0313508 0.610844 0.00166811 -0.0313365 0.999507 60.3775
0.999955 0.00948521 0.000534219 -0.124606 -0.00949743 0.999445 0.0319292 0.644843 -0.000231068 -0.0319328 0.99949 61.7889
0.999957 0.00927656 -0.000205313 -0.133159 -0.00926526 0.999446 0.0319564 0.676188 0.000501644 -0.0319531 0.999489 63.2142
0.999959 0.00897731 0.000286806 -0.134418 -0.00898189 0.999462 0.0315537 0.703174 -3.38473e-06 -0.0315551 0.999502 64.6309
0.999957 0.00894924 0.00230054 -0.142225 -0.00901645 0.999476 0.031088 0.726714 -0.00202112 -0.0311074 0.999514 66.0366
0.999947 0.0100695 0.00184519 -0.147224 -0.0101226 0.999454 0.0314463 0.751877 -0.00152753 -0.0314633 0.999504 67.4557
0.999922 0.011854 0.00381757 -0.153735 -0.0119727 0.999391 0.0327626 0.770173 -0.00342688 -0.0328058 0.999456 68.8573
0.999879 0.0151857 0.00337495 -0.155519 -0.0152925 0.999295 0.03429 0.79637 -0.00285186 -0.0343375 0.999406 70.2743
0.999814 0.0185603 0.00520825 -0.160876 -0.0187334 0.999197 0.0354276 0.82116 -0.00454652 -0.0355185 0.999359 71.6772
0.99973 0.0227436 0.00480699 -0.161371 -0.0229017 0.999093 0.0358965 0.854439 -0.00398622 -0.0359969 0.999344 73.0859
0.999651 0.0258619 0.00541644 -0.166209 -0.0260401 0.999015 0.0359194 0.890996 -0.00448217 -0.0360479 0.99934 74.4855
0.999627 0.0264255 0.00687402 -0.170019 -0.0266557 0.999 0.0358907 0.919106 -0.00591872 -0.0360605 0.999332 75.8668
0.999625 0.0266076 0.00642118 -0.163823 -0.0268224 0.998989 0.0360836 0.949387 -0.00545459 -0.0362423 0.999328 77.2723
0.999626 0.0263347 0.00732836 -0.163826 -0.0265821 0.998998 0.0360054 0.97985 -0.00637282 -0.0361867 0.999325 78.6385
0.999626 0.0265797 0.00641076 -0.158242 -0.0267929 0.998998 0.035852 1.01897 -0.0054514 -0.0360103 0.999337 80.0359
0.999633 0.0264379 0.00589447 -0.15158 -0.0266319 0.999007 0.0357228 1.05621 -0.00494419 -0.0358666 0.999344 81.4239
0.999635 0.0263288 0.00606848 -0.145142 -0.0265293 0.999009 0.0357331 1.09236 -0.00512166 -0.035881 0.999343 82.78
0.999616 0.0272238 0.0050715 -0.142813 -0.0273875 0.998989 0.0356353 1.13347 -0.00409625 -0.0357605 0.999352 84.1757
0.999599 0.0278324 0.00522482 -0.146423 -0.0280018 0.998967 0.0357793 1.17391 -0.0042236 -0.0359113 0.999346 85.5258
0.999601 0.0280421 0.00322504 -0.144473 -0.0281407 0.998945 0.0362771 1.2147 -0.00220435 -0.0363534 0.999337 86.91
0.999593 0.0284387 0.00228633 -0.149348 -0.0285047 0.998885 0.0376361 1.25618 -0.00121345 -0.037686 0.999289 88.2796
0.99961 0.0278453 0.00196301 -0.154573 -0.0278998 0.998886 0.0380538 1.29954 -0.000901203 -0.0380938 0.999274 89.6253
0.999613 0.0278039 0.000462508 -0.156314 -0.027801 0.998872 0.0385077 1.34559 0.000608677 -0.0385057 0.999258 91.0074
0.999624 0.0274164 0.000674439 -0.16437 -0.0274219 0.998871 0.0388019 1.39035 0.00039013 -0.0388058 0.999247 92.3488
0.99962 0.0275515 -0.000282876 -0.169656 -0.0275194 0.998858 0.0390555 1.43728 0.00135859 -0.0390329 0.999237 93.7178
0.999644 0.0266642 3.72588e-06 -0.178245 -0.0266445 0.998899 0.0386027 1.47171 0.00102559 -0.0385891 0.999255 95.0558
0.999648 0.0265417 -0.000415434 -0.185529 -0.0265059 0.998905 0.0385471 1.50865 0.00143808 -0.0385225 0.999257 96.4199
0.99963 0.0271825 -0.000277361 -0.194372 -0.0271518 0.998893 0.0384105 1.54786 0.00132115 -0.0383888 0.999262 97.7702
0.999622 0.0274689 0.000583818 -0.203635 -0.0274711 0.998884 0.0384266 1.58584 0.000472369 -0.0384281 0.999261 99.1028
0.999594 0.0284774 0.000606033 -0.207956 -0.0284789 0.998799 0.0398614 1.623 0.000529842 -0.0398625 0.999205 100.463
0.99958 0.0289413 0.00141311 -0.215641 -0.0289747 0.998762 0.0404255 1.66726 -0.000241399 -0.0404495 0.999182 101.783
0.999569 0.0293293 0.00131954 -0.224451 -0.0293587 0.998744 0.0406069 1.70871 -0.000126916 -0.0406281 0.999175 103.142
0.999575 0.0291069 0.00147383 -0.231572 -0.0291425 0.998781 0.0398491 1.74328 -0.000312148 -0.0398751 0.999205 104.473
0.999595 0.0283727 0.00217011 -0.239413 -0.0284362 0.998818 0.039414 1.78028 -0.00104927 -0.0394597 0.999221 105.78
0.999609 0.0278482 0.00228512 -0.239131 -0.0279178 0.998793 0.0404013 1.82783 -0.00115726 -0.0404493 0.999181 107.135
0.999683 0.0249626 0.0032705 -0.238808 -0.0250767 0.998828 0.0414025 1.85988 -0.00223316 -0.0414714 0.999137 108.437
0.999734 0.0227335 0.00380053 -0.237642 -0.0228742 0.998841 0.0423429 1.89112 -0.00283353 -0.0424186 0.999096 109.791
0.999746 0.0220488 0.00463795 -0.237491 -0.0222256 0.998856 0.0423334 1.92392 -0.00369925 -0.0424257 0.999093 111.116
0.999694 0.0240006 0.00587996 -0.240791 -0.02422 0.998881 0.0406195 1.96806 -0.00489849 -0.0407495 0.999157 112.412
0.999637 0.0260524 0.00684007 -0.244156 -0.0263043 0.998863 0.0397637 2.00181 -0.00579636 -0.0399292 0.999186 113.76
0.999525 0.0295093 0.00888199 -0.250967 -0.029841 0.998759 0.0398734 2.0522 -0.00769433 -0.0401196 0.999165 115.062
0.999483 0.030789 0.0092964 -0.248003 -0.0311546 0.998625 0.0421495 2.09274 -0.00798589 -0.0424174 0.999068 116.409
0.999445 0.0313555 0.0112336 -0.244284 -0.0318208 0.998526 0.043963 2.13953 -0.00983858 -0.044296 0.99897 117.715
0.999441 0.0314398 0.0113682 -0.23884 -0.0319249 0.99846 0.0453624 2.18432 -0.00992455 -0.0457 0.998906 119.065
0.99941 0.0319259 0.0126568 -0.232792 -0.032469 0.998445 0.0453173 2.2345 -0.0111903 -0.0457016 0.998892 120.396
0.99932 0.0338977 0.0145277 -0.225868 -0.034521 0.998388 0.045047 2.28721 -0.0129773 -0.0455179 0.998879 121.698
0.999235 0.0361389 0.01494 -0.218427 -0.0367761 0.998317 0.0448386 2.33652 -0.0132945 -0.0453537 0.998883 123.052
0.999172 0.0370562 0.0167596 -0.207819 -0.037774 0.998283 0.0447593 2.38739 -0.0150723 -0.0453554 0.998857 124.359
0.999139 0.0379149 0.0168535 -0.198997 -0.0386313 0.998265 0.0444407 2.43879 -0.0151393 -0.0450535 0.99887 125.715
0.999109 0.0381459 0.0180492 -0.183192 -0.0389126 0.998263 0.0442293 2.48946 -0.0163307 -0.0448923 0.998858 127.047
0.999068 0.0381713 0.0201581 -0.164143 -0.0390562 0.9982 0.0455037 2.5338 -0.0183849 -0.0462486 0.998761 128.36
0.999049 0.0385863 0.0203142 -0.149444 -0.0394826 0.998173 0.0457422 2.59805 -0.0185121 -0.0465007 0.998747 129.726
0.999078 0.0371996 0.0214112 -0.132226 -0.0381585 0.9982 0.0462708 2.63153 -0.0196515 -0.0470452 0.998699 131.034
0.999066 0.0375873 0.0213115 -0.111699 -0.0385432 0.99818 0.0463752 2.6875 -0.0195297 -0.0471533 0.998697 132.403
0.999178 0.0345782 0.0211653 -0.0888602 -0.0355391 0.99827 0.0468429 2.71939 -0.019509 -0.0475565 0.998678 133.743
0.999265 0.0320151 0.021051 -0.0631021 -0.0329785 0.998344 0.0471328 2.74985 -0.0195072 -0.0477924 0.998667 135.043
0.999262 0.0329191 0.0197872 -0.0444515 -0.0338245 0.998307 0.0473123 2.81178 -0.0181962 -0.0479467 0.998684 136.407
0.999392 0.0291338 0.01914 -0.0191278 -0.0300172 0.998415 0.0476089 2.8401 -0.0177227 -0.0481545 0.998683 137.72
0.999452 0.0282247 0.0172653 -0.00701079 -0.0290301 0.998409 0.0483304 2.89183 -0.0158737 -0.0488051 0.998682 139.082
0.999439 0.0290143 0.0167006 0.0121384 -0.0297879 0.998398 0.048104 2.95852 -0.0152781 -0.0485745 0.998703 140.394
0.999426 0.0304293 0.0148654 0.0192127 -0.0311127 0.998356 0.0481397 3.02579 -0.0133761 -0.0485746 0.99873 141.76
0.9994 0.0317295 0.0138969 0.0328769 -0.0323595 0.998335 0.0477385 3.09177 -0.0123591 -0.0481595 0.998763 143.102
0.999407 0.031646 0.013547 0.0513764 -0.0322575 0.998346 0.0475893 3.15101 -0.0120186 -0.0479981 0.998775 144.406
0.999605 0.0255528 0.0116422 0.0624589 -0.0260796 0.998526 0.0476067 3.17416 -0.0104085 -0.0478916 0.998798 145.768
0.999759 0.0186504 0.0115716 0.0861751 -0.0192134 0.998533 0.0506156 3.23162 -0.0106107 -0.0508258 0.998651 147.102
0.999835 0.0155291 0.00935534 0.106215 -0.0159898 0.998552 0.0513577 3.29004 -0.00854426 -0.0514988 0.998637 148.458
0.99988 0.0131589 0.00814749 0.117526 -0.0135536 0.998635 0.050446 3.33971 -0.00747256 -0.0505504 0.998694 149.797
0.999847 0.0148124 0.00930051 0.122334 -0.0152451 0.998716 0.048312 3.3797 -0.00857296 -0.0484463 0.998789 151.144
0.999833 0.0158711 0.00901601 0.120641 -0.0162758 0.998775 0.0467365 3.44414 -0.00826321 -0.0468755 0.998867 152.494
0.999823 0.0156542 0.0104139 0.127502 -0.0161271 0.998765 0.046986 3.49543 -0.00966556 -0.0471456 0.998841 153.838
0.999858 0.013508 0.00999428 0.143342 -0.0139709 0.998759 0.0477996 3.55099 -0.00933621 -0.0479325 0.998807 155.184
0.999908 0.00840573 0.0106461 0.162909 -0.00892888 0.998705 0.0500842 3.59212 -0.0102114 -0.0501747 0.998688 156.531
0.999921 0.00446456 0.0117109 0.177393 -0.00505943 0.998672 0.0512683 3.63607 -0.0114665 -0.0513236 0.998616 157.856
0.999935 0.00305915 0.0109586 0.194539 -0.00361682 0.99868 0.0512356 3.69604 -0.0107874 -0.0512719 0.998626 159.206
0.999904 0.00413566 0.013172 0.20472 -0.00481119 0.998652 0.0516735 3.75789 -0.0129406 -0.051732 0.998577 160.532
0.99988 0.00790178 0.013306 0.214037 -0.00858149 0.998619 0.0518251 3.81187 -0.0128782 -0.0519331 0.998568 161.891
0.999835 0.00998836 0.0151712 0.221301 -0.0107417 0.99867 0.0504164 3.85581 -0.0146475 -0.0505711 0.998613 163.21
0.99982 0.0118066 0.0148612 0.232667 -0.0125366 0.998669 0.0500216 3.90567 -0.0142509 -0.0501989 0.998638 164.576
0.999803 0.0123839 0.0154692 0.242641 -0.0131485 0.998645 0.0503408 3.95566 -0.0148249 -0.0505343 0.998612 165.938
0.999786 0.0132073 0.0159193 0.25209 -0.0139886 0.998651 0.0500115 4.00415 -0.0152373 -0.0502235 0.998622 167.265
0.999785 0.014695 0.0146182 0.265288 -0.0153896 0.9987 0.0485977 4.05635 -0.013885 -0.0488122 0.998711 168.641
0.999743 0.0169282 0.015062 0.268496 -0.0176183 0.998742 0.046936 4.10088 -0.0142485 -0.0471893 0.998784 169.975
0.99966 0.0217855 0.0143382 0.267887 -0.0224358 0.998649 0.0468729 4.15495 -0.0132977 -0.0471786 0.998798 171.359
0.999571 0.0253973 0.0145507 0.268888 -0.0260693 0.998506 0.0480184 4.21133 -0.0133094 -0.0483772 0.998741 172.723
0.999471 0.0284019 0.0158293 0.282278 -0.0291555 0.998343 0.0496083 4.26649 -0.0143941 -0.0500436 0.998643 174.072
0.999477 0.028472 0.0153108 0.297244 -0.0292197 0.998268 0.0510629 4.3215 -0.0138304 -0.0514836 0.998578 175.461
0.999545 0.0259568 0.0153131 0.318778 -0.0267338 0.99824 0.0529324 4.37848 -0.0139122 -0.0533177 0.998481 176.827
0.999606 0.0249696 0.0128159 0.341929 -0.0256228 0.998232 0.053629 4.43912 -0.0114542 -0.0539362 0.998479 178.212
0.999618 0.0249374 0.0119033 0.347126 -0.0255008 0.998434 0.0497874 4.50181 -0.0106431 -0.050072 0.998689 179.576
0.999609 0.0263503 0.00931086 0.362196 -0.0267626 0.99852 0.0473465 4.55375 -0.0080495 -0.0475772 0.998835 180.961
0.999585 0.0274917 0.0086128 0.369618 -0.0278495 0.998616 0.0446257 4.59779 -0.00737406 -0.044847 0.998967 182.345
0.99947 0.0311864 0.00928677 0.373491 -0.0315865 0.998413 0.0466145 4.64221 -0.00781831 -0.0468831 0.99887 183.711
0.9994 0.0335819 0.00838257 0.376646 -0.0339546 0.998212 0.0491959 4.70038 -0.0067155 -0.0494511 0.998754 185.121
0.999346 0.0347748 0.00990391 0.379477 -0.0352358 0.998078 0.0509671 4.76434 -0.00811252 -0.0512828 0.998651 186.499
0.999284 0.0365624 0.00972162 0.386609 -0.0370198 0.997961 0.0519926 4.83457 -0.00780084 -0.0523153 0.9986 187.931
0.999381 0.0337736 0.00985242 0.396971 -0.0342463 0.998029 0.052582 4.89035 -0.00805714 -0.0528868 0.998568 189.332
0.999484 0.0302947 0.0106269 0.406044 -0.030821 0.998094 0.0534659 4.93767 -0.00898691 -0.0537659 0.998513 190.708
0.999581 0.0269561 0.0104818 0.420996 -0.0274821 0.998174 0.0537867 4.99044 -0.00901283 -0.0540523 0.998498 192.141
0.99964 0.0240816 0.011793 0.434159 -0.0246954 0.998181 0.0550049 5.05187 -0.010447 -0.0552763 0.998417 193.53
0.99973 0.0204103 0.0110745 0.449475 -0.0210061 0.998173 0.0566518 5.11303 -0.00989796 -0.0568692 0.998333 194.964
0.999764 0.0178528 0.0123506 0.463243 -0.0185359 0.998167 0.0576035 5.16885 -0.0112996 -0.0578189 0.998263 196.353
0.999736 0.0201152 0.0110698 0.472612 -0.0206873 0.998313 0.0542555 5.23692 -0.00995977 -0.0544702 0.998466 197.787
0.999537 0.0281398 0.0114974 0.47148 -0.028689 0.998298 0.0507762 5.31216 -0.010049 -0.0510825 0.998644 199.205
0.999216 0.0371207 0.0137121 0.464638 -0.0377669 0.998019 0.0503261 5.36735 -0.0118168 -0.0508045 0.998639 200.606
0.999085 0.0406536 0.0132356 0.452852 -0.0413 0.997745 0.052913 5.40495 -0.0110546 -0.0534112 0.998512 202.067
0.999027 0.0414797 0.0149464 0.458538 -0.0422496 0.997563 0.0555248 5.45637 -0.0126069 -0.0561023 0.998346 203.48
0.999103 0.040149 0.0134534 0.472543 -0.0408554 0.997528 0.0571629 5.52018 -0.0111251 -0.0576612 0.998274 204.939
0.99912 0.0401356 0.0121651 0.484736 -0.0407668 0.997538 0.0570606 5.60322 -0.00984497 -0.0575063 0.998297 206.376
0.99923 0.037331 0.0120453 0.499269 -0.0379683 0.997599 0.0579212 5.66379 -0.00985414 -0.058334 0.998249 207.784
0.999159 0.0395647 0.0107042 0.508476 -0.0401234 0.997492 0.0583093 5.75403 -0.00837034 -0.0586898 0.998241 209.252
0.999115 0.0407025 0.0105623 0.516288 -0.0412549 0.997417 0.0587988 5.82912 -0.00814179 -0.0591826 0.998214 210.665
0.999007 0.0435362 0.00937289 0.518517 -0.0440206 0.997236 0.0598489 5.91278 -0.0067414 -0.0602021 0.998164 212.147
0.999042 0.0428442 0.00887502 0.52069 -0.0433078 0.99719 0.061127 5.98605 -0.00623115 -0.0614529 0.998091 213.603
0.999007 0.043487 0.00960491 0.530013 -0.0439978 0.997128 0.0616362 6.06727 -0.00689697 -0.0619977 0.998053 215.035
0.998977 0.0444992 0.00804926 0.529031 -0.0449114 0.997091 0.0615823 6.15081 -0.00528549 -0.0618808 0.99807 216.53
0.998871 0.0466925 0.00868784 0.535622 -0.0471408 0.99698 0.0617134 6.23891 -0.00578006 -0.0620533 0.998056 217.962
0.99878 0.0488765 0.00695708 0.534606 -0.0492138 0.996874 0.0618155 6.31978 -0.00391402 -0.0620825 0.998064 219.448
0.998642 0.051559 0.00745384 0.541796 -0.051923 0.996721 0.0620628 6.41232 -0.00422951 -0.0623655 0.998045 220.889
0.998569 0.0531676 0.0057093 0.53559 -0.0534197 0.996645 0.0620049 6.49403 -0.00239351 -0.0622211 0.99806 222.381
0.998527 0.053981 0.00530236 0.533963 -0.0542067 0.996588 0.0622495 6.57204 -0.00192398 -0.0624453 0.998047 223.861
0.99846 0.055199 0.00553937 0.529221 -0.0554364 0.996543 0.0618794 6.6574 -0.00210455 -0.0620912 0.998068 225.326
0.998459 0.0552886 0.00464711 0.532071 -0.0554704 0.996542 0.0618579 6.73059 -0.00121102 -0.0620203 0.998074 226.83
0.998486 0.0547506 0.00519553 0.532832 -0.0549678 0.996559 0.0620319 6.80326 -0.00178137 -0.0622236 0.998061 228.3
0.998446 0.055494 0.00495236 0.538347 -0.0556947 0.996516 0.0620853 6.8899 -0.00148975 -0.0622647 0.998059 229.812
0.998442 0.0555567 0.00502089 0.5339 -0.0557621 0.996487 0.0624908 6.97123 -0.00153148 -0.0626735 0.998033 231.306
0.998407 0.0560652 0.00620559 0.531962 -0.0563441 0.996449 0.062574 7.05904 -0.00267534 -0.062824 0.998021 232.788
0.998368 0.0568337 0.00543425 0.536372 -0.0570623 0.99642 0.0623732 7.13963 -0.00186991 -0.0625816 0.998038 234.297
0.998371 0.0566854 0.00639602 0.538057 -0.0569746 0.996423 0.062407 7.21734 -0.00283558 -0.0626698 0.998031 235.781
0.998338 0.0573605 0.00547754 0.54054 -0.0575909 0.996385 0.0624486 7.30915 -0.00187567 -0.0626603 0.998033 237.293
0.998372 0.0566847 0.00620986 0.537352 -0.0569649 0.996361 0.0634029 7.39177 -0.00259329 -0.0636535 0.997969 238.8
0.998393 0.0560931 0.00798883 0.540413 -0.0564895 0.996362 0.0638135 7.46746 -0.00438028 -0.0641623 0.99793 240.295
0.998356 0.0568051 0.00756466 0.540277 -0.0571701 0.996368 0.0631019 7.55087 -0.00395269 -0.0634306 0.997979 241.821
0.998316 0.0572557 0.0092259 0.546661 -0.0577208 0.996387 0.0623052 7.63169 -0.00562526 -0.0627328 0.998015 243.326
0.99828 0.0579981 0.00849806 0.549249 -0.0584162 0.996345 0.0623263 7.71707 -0.0048522 -0.0627155 0.99802 244.845
0.998293 0.0577377 0.00879517 0.554056 -0.0581779 0.996323 0.0628968 7.79683 -0.00513132 -0.0633011 0.997982 246.366
0.998312 0.0572914 0.0094555 0.560176 -0.0577778 0.996308 0.0634961 7.87238 -0.00578282 -0.0639352 0.997938 247.873
0.998334 0.0570765 0.00838882 0.569203 -0.057497 0.9963 0.0638798 7.9503 -0.00471176 -0.0642557 0.997923 249.408
0.998341 0.0567503 0.00965856 0.566819 -0.0572577 0.996264 0.0646598 8.02554 -0.00595302 -0.0651056 0.997861 250.918
0.998311 0.057461 0.00856137 0.576588 -0.0578956 0.996227 0.0646571 8.10865 -0.00481382 -0.0650435 0.997871 252.46
0.998312 0.0572416 0.00978593 0.579934 -0.0577581 0.996215 0.0649577 8.19629 -0.00603062 -0.0654133 0.99784 253.967
0.998343 0.0569595 0.00813354 0.588777 -0.0573699 0.996219 0.0652429 8.28126 -0.0043866 -0.0656014 0.997837 255.516
0.998391 0.0560618 0.00840756 0.595722 -0.056495 0.996227 0.065885 8.37851 -0.00468222 -0.066254 0.997792 257.042
0.998443 0.0549126 0.00972368 0.605425 -0.0554404 0.996233 0.066675 8.46486 -0.00602577 -0.0671103 0.997728 258.559
0.998455 0.0549758 0.00802598 0.622538 -0.0553897 0.996235 0.0666969 8.55541 -0.00432905 -0.0670385 0.997741 260.092
0.998423 0.0554041 0.00901018 0.631244 -0.0558835 0.996202 0.0667791 8.64268 -0.00527613 -0.0671773 0.997727 261.608
0.998435 0.0552608 0.0084911 0.657835 -0.0557111 0.996134 0.0679279 8.73341 -0.00470453 -0.0682947 0.997654 263.147
0.998452 0.0549122 0.00874715 0.670622 -0.0553814 0.996145 0.0680327 8.8405 -0.00497761 -0.0684119 0.997645 264.686
0.998491 0.0539885 0.010017 0.673995 -0.0545493 0.996162 0.0684485 8.92078 -0.00628317 -0.0688916 0.997605 266.214
0.998467 0.0545372 0.00943176 0.688726 -0.0550548 0.996155 0.0681513 9.01068 -0.00567872 -0.0685661 0.997631 267.741
0.998385 0.0556443 0.0114477 0.691061 -0.0562978 0.996084 0.0681713 9.10414 -0.0076095 -0.0687056 0.997608 269.274
0.998312 0.0570257 0.0109713 0.7025 -0.0576445 0.995995 0.0683522 9.19189 -0.00702951 -0.0688693 0.997601 270.815
0.998236 0.0581476 0.0119272 0.711052 -0.0588269 0.99595 0.0680024 9.28086 -0.00792469 -0.0685842 0.997614 272.351
0.998128 0.0593507 0.0147092 0.718426 -0.060219 0.995862 0.0680696 9.36808 -0.0106083 -0.068828 0.997573 273.881
0.998124 0.0595916 0.0140065 0.736177 -0.0604087 0.995867 0.0678286 9.46183 -0.00990659 -0.0685475 0.997599 275.42
0.998038 0.0602685 0.0169257 0.744759 -0.0612813 0.99583 0.0675861 9.55213 -0.0127818 -0.0684908 0.99757 276.95
0.99806 0.0600906 0.0162877 0.766378 -0.0610611 0.995838 0.067666 9.64441 -0.0121538 -0.0685293 0.997576 278.489
0.998019 0.0604764 0.0173016 0.788864 -0.0615222 0.995775 0.0681678 9.73517 -0.013106 -0.0690972 0.997524 280.024
0.997988 0.0600377 0.0203639 0.81272 -0.061307 0.995744 0.0688181 9.82761 -0.0161456 -0.0699281 0.997422 281.552
0.998006 0.0602965 0.0186216 0.836238 -0.0614515 0.995696 0.069377 9.92302 -0.0143582 -0.0703831 0.997417 283.096
0.997972 0.0600404 0.0211122 0.864797 -0.061349 0.995794 0.068051 10.0158 -0.0169376 -0.0692082 0.997459 284.621
0.998032 0.0598663 0.01863 0.88618 -0.0609925 0.995868 0.067285 10.1127 -0.0145249 -0.0682889 0.99756 286.171
0.998063 0.0596144 0.017772 0.90735 -0.0606882 0.995859 0.0676974 10.2081 -0.0136626 -0.0686448 0.997548 287.716
0.998106 0.0584749 0.0191082 0.930865 -0.0596425 0.995924 0.0676662 10.2951 -0.0150736 -0.0686777 0.997525 289.247
0.99813 0.0589239 0.0162631 0.948581 -0.0598995 0.995885 0.0680109 10.3902 -0.0121887 -0.0688579 0.997552 290.815
0.998091 0.0589635 0.0183494 0.973567 -0.0600774 0.995901 0.0676273 10.4815 -0.0142866 -0.0686006 0.997542 292.348
0.998108 0.059381 0.015916 0.988895 -0.0603346 0.995842 0.068252 10.5778 -0.0117969 -0.0690832 0.997541 293.924
0.998135 0.0591329 0.0151481 1.00449 -0.0600377 0.995838 0.0685857 10.6687 -0.0110294 -0.0693672 0.997531 295.49
0.998096 0.0594677 0.0163486 1.02626 -0.0604638 0.995762 0.0693037 10.7623 -0.012158 -0.0701603 0.997462 297.037
0.998051 0.0606803 0.0144973 1.04032 -0.0615576 0.995599 0.070664 10.8597 -0.0101456 -0.0714187 0.997395 298.629
0.997982 0.0612071 0.0168636 1.05715 -0.0622571 0.995529 0.0710426 10.9584 -0.0124399 -0.0719492 0.997331 300.194
0.997939 0.0619902 0.0165619 1.07598 -0.0630149 0.995491 0.0709007 11.0525 -0.0120921 -0.0717982 0.997346 301.793
0.997952 0.061662 0.0169793 1.09414 -0.0627186 0.995503 0.0709953 11.1499 -0.0125253 -0.0719149 0.997333 303.378
0.99798 0.0606864 0.018777 1.11805 -0.0618647 0.995606 0.0703 11.2516 -0.0144283 -0.0713196 0.99735 304.956
0.997999 0.0605738 0.0181294 1.14563 -0.0616966 0.995665 0.0696048 11.3498 -0.0138346 -0.070584 0.99741 306.557
0.997984 0.0605057 0.0191173 1.16858 -0.0616916 0.995698 0.0691449 11.4505 -0.0148514 -0.0701849 0.997424 308.162
0.998 0.0611168 0.0161068 1.19512 -0.0620889 0.995681 0.069036 11.5479 -0.0118179 -0.069898 0.997485 309.759
0.998006 0.0614913 0.0141779 1.21391 -0.0623327 0.995631 0.0695299 11.6565 -0.00984051 -0.0702751 0.99748 311.361
0.99795 0.0620848 0.0155299 1.2233 -0.063045 0.995425 0.071798 11.765 -0.0110013 -0.0726299 0.997299 312.972
0.998026 0.0609808 0.0149551 1.25175 -0.0619368 0.99525 0.0751197 11.8615 -0.0103032 -0.0758978 0.997063 314.6
0.998032 0.0604384 0.0166953 1.26325 -0.0615304 0.99526 0.0753192 11.9758 -0.012064 -0.0761982 0.99702 316.205
0.998066 0.0600884 0.015921 1.29138 -0.0611261 0.99526 0.0756451 12.085 -0.0113001 -0.076472 0.997008 317.833
0.998046 0.0599562 0.0175801 1.30926 -0.0611207 0.995264 0.0755947 12.2032 -0.0129645 -0.0765215 0.996984 319.439
0.998058 0.0600436 0.0165411 1.33913 -0.0611346 0.995223 0.0761215 12.3189 -0.0118915 -0.0769849 0.996962 321.067
0.998049 0.0599801 0.0172866 1.36225 -0.061139 0.99516 0.0769391 12.428 -0.0125881 -0.0778459 0.996886 322.686
0.997969 0.0606168 0.0195487 1.37949 -0.0619461 0.995132 0.0766556 12.5534 -0.014807 -0.0777109 0.996866 324.291
0.997944 0.0611482 0.0191672 1.40877 -0.0624509 0.995075 0.0769787 12.6695 -0.0143657 -0.0780175 0.996849 325.913
0.997906 0.0609213 0.021708 1.43013 -0.0624466 0.994968 0.0783606 12.7811 -0.016825 -0.0795521 0.996689 327.518
0.997932 0.0608481 0.0206697 1.46772 -0.062307 0.994896 0.0793741 12.9013 -0.0157344 -0.0804979 0.996631 329.137
0.997918 0.0610837 0.0206979 1.49609 -0.062554 0.994831 0.0799991 13.0208 -0.0157043 -0.0811272 0.996581 330.745
0.99784 0.0617895 0.0222662 1.51683 -0.063401 0.994702 0.080929 13.1397 -0.0171476 -0.0821659 0.996472 332.349
0.997812 0.0627334 0.0208285 1.55335 -0.0642254 0.99464 0.081033 13.2759 -0.0156334 -0.0821934 0.996494 333.957
0.99772 0.0637848 0.0220307 1.57195 -0.0653953 0.994452 0.0824012 13.3879 -0.0166525 -0.083654 0.996356 335.546
0.997711 0.0644897 0.0203322 1.60193 -0.065975 0.994306 0.0836816 13.5122 -0.0148198 -0.0848315 0.996286 337.155
0.99771 0.0647214 0.0195915 1.62915 -0.0661698 0.994131 0.0855856 13.635 -0.0139373 -0.086686 0.996139 338.756
0.997689 0.0649244 0.0200203 1.64853 -0.0664322 0.993975 0.0871831 13.7695 -0.0142394 -0.0883117 0.995992 340.338
0.997725 0.0650223 0.0177576 1.67819 -0.0663439 0.993879 0.0883407 13.8992 -0.0119048 -0.0893179 0.995933 341.946
0.997715 0.0653061 0.0172636 1.69614 -0.0665884 0.993816 0.0888571 14.0347 -0.0113539 -0.0898037 0.995895 343.518
0.997768 0.0651185 0.0147841 1.72101 -0.0661849 0.993784 0.0895127 14.1744 -0.0088633 -0.0902914 0.995877 345.122
0.997804 0.064757 0.0138833 1.74047 -0.0657497 0.993743 0.0902875 14.3073 -0.00794968 -0.091002 0.99582 346.708
0.997795 0.0647209 0.0146548 1.75283 -0.0657885 0.993693 0.0908085 14.4443 -0.00868515 -0.0915725 0.995761 348.269
0.997809 0.064744 0.0135944 1.77431 -0.065718 0.993656 0.0912695 14.5836 -0.00759896 -0.0919629 0.995734 349.871
0.997791 0.0648096 0.0145505 1.78673 -0.0658725 0.993632 0.0914166 14.7284 -0.00853317 -0.0921732 0.995707 351.436
0.997802 0.0647978 0.0138063 1.80685 -0.0657961 0.993591 0.0919164 14.8689 -0.00776182 -0.0926229 0.995672 353.033
0.997799 0.0648115 0.0139956 1.82523 -0.0658295 0.993562 0.0921994 15.0089 -0.00792994 -0.0929178 0.995643 354.613
0.997777 0.0648957 0.0150991 1.83745 -0.0660169 0.99354 0.0923086 15.1546 -0.00901111 -0.0931003 0.995617 356.173
0.997783 0.0649539 0.0144549 1.85709 -0.0660202 0.993481 0.0929405 15.2978 -0.00832386 -0.0936888 0.995567 357.769
0.997767 0.064922 0.0156244 1.874 -0.0661005 0.993452 0.0931887 15.4453 -0.00947205 -0.0940135 0.995526 359.329
0.997784 0.064854 0.0147927 1.89481 -0.0659615 0.993385 0.0939936 15.5824 -0.00859901 -0.0947611 0.995464 360.923
0.997816 0.064333 0.0149468 1.91566 -0.0654658 0.993329 0.0949339 15.7297 -0.00873974 -0.0957051 0.995372 362.505
0.997816 0.0639743 0.0164071 1.93266 -0.0652564 0.993269 0.0957042 15.8704 -0.0101741 -0.0965659 0.995275 364.075
0.99782 0.0641433 0.0155096 1.95629 -0.0653387 0.993256 0.0957856 16.0221 -0.00926095 -0.0965901 0.995282 365.666
0.997776 0.0644113 0.0171217 1.97455 -0.0657613 0.993228 0.0957781 16.1742 -0.0108365 -0.0966911 0.995256 367.241
0.997742 0.0650886 0.0165084 1.99804 -0.0663804 0.993146 0.0961997 16.3235 -0.0101338 -0.0970785 0.995226 368.832
0.997697 0.0652536 0.0184662 2.01266 -0.0667461 0.993032 0.0971278 16.4681 -0.0119996 -0.0981368 0.995101 370.413
0.997695 0.0655018 0.0177001 2.04175 -0.0669231 0.992974 0.0975901 16.6143 -0.0111834 -0.0985497 0.99507 372.008
0.997687 0.065511 0.0181123 2.06563 -0.0669768 0.992939 0.0979149 16.7636 -0.0115699 -0.0989016 0.995031 373.598
0.997638 0.0656571 0.0201619 2.08561 -0.0673282 0.992892 0.0981461 16.9169 -0.0135746 -0.0992719 0.994968 375.177
0.997649 0.0657764 0.0192127 2.11427 -0.0673626 0.992812 0.0989299 17.0683 -0.0125674 -0.0999916 0.994909 376.782
0.997594 0.0659827 0.0212282 2.13499 -0.067775 0.992748 0.0992951 17.2165 -0.0145225 -0.100495 0.994832 378.366
0.997574 0.0665319 0.0204625 2.16337 -0.0682548 0.99264 0.100033 17.3706 -0.0136565 -0.101187 0.994774 379.982
0.997511 0.0673487 0.0208634 2.18773 -0.0691101 0.992567 0.100174 17.5199 -0.0139618 -0.101366 0.994752 381.581
0.997439 0.0677575 0.0228912 2.2116 -0.0697196 0.992543 0.0999876 17.665 -0.0159456 -0.101328 0.994726 383.169
0.99744 0.0680543 0.0219367 2.23833 -0.0699251 0.992483 0.10044 17.8094 -0.0149365 -0.101717 0.994702 384.793
0.997376 0.0683603 0.0238243 2.26355 -0.070432 0.992386 0.101048 17.9534 -0.0167352 -0.102461 0.994597 386.38
0.997382 0.0685759 0.0229119 2.289 -0.0705628 0.992314 0.101663 18.0965 -0.0157642 -0.103014 0.994556 388.01
0.997329 0.0692042 0.0233325 2.31688 -0.071236 0.992235 0.101958 18.2367 -0.0160954 -0.103348 0.994516 389.624
0.997318 0.0688787 0.0247358 2.34091 -0.0710675 0.992188 0.102531 18.3826 -0.0174804 -0.104014 0.994423 391.215
