1 0 0 0 0 1 0 0 0 0 1 0
0.999999 -0.000189721 -7.82266e-05 -0.0047405 0.000189922 0.999999 0.00149244 -0.0233801 7.80832e-05 -0.00149233 0.999999 1.31575
0.999999 -0.00155185 -3.90028e-05 -0.0192133 0.00155185 0.999998 0.00109335 -0.0367261 3.7288e-05 -0.00109342 0.999999 2.65434
0.999995 -0.00283771 -0.000680345 -0.0225843 0.0028383 0.999996 0.00077082 -0.0559873 0.000678289 -0.000772618 0.999999 4.00222
0.999996 -0.00270145 0.000411909 -0.0317142 0.00270091 0.999996 0.00110793 -0.0707678 -0.000414895 -0.00110683 1 5.32694
0.999996 -0.00263997 -0.000158814 -0.03807 0.00264038 0.999994 0.00230783 -0.0786736 0.000152889 -0.00230812 0.999997 6.65434
0.999991 -0.00433146 -6.71569e-05 -0.0407652 0.00433159 0.999985 0.00339304 -0.110106 5.24916e-05 -0.00339327 0.999995 7.98438
0.99999 -0.00439009 0.000363048 -0.0475312 0.00438884 0.999984 0.00351281 -0.11259 -0.000378254 -0.00351109 0.999994 9.3271
0.999993 -0.00375362 -0.000532623 -0.0519011 0.00375481 0.999991 0.00236537 -0.133858 0.000523866 -0.00236732 0.999998 10.6565
1 -0.00134313 0.0001457 -0.0632967 0.00134317 0.999999 0.000111698 -0.120181 -0.000145588 -0.000111458 1 11.9906
0.999999 0.00190836 -0.000586539 -0.0727168 -0.00190862 0.999999 -0.000470903 -0.149044 0.000585835 0.000472018 1 13.331
0.999993 0.00394494 -0.000396136 -0.0852856 -0.00394511 0.999992 -0.000490134 -0.163513 0.000394494 0.00049178 1 14.6752
0.999993 0.00396608 0.000712219 -0.098807 -0.00396599 0.999992 -0.000117682 -0.15547 -0.000712335 0.000114881 1 16.0174
0.999995 0.00316294 0.000301814 -0.093217 -0.00316388 0.99999 0.00311733 -0.163036 -0.000291597 -0.00311817 0.999996 17.3725
0.999999 -0.000752468 0.0017252 -0.092253 0.000742708 0.999984 0.00571393 -0.176649 -0.00172902 -0.00571275 0.999984 18.7165
0.999996 -0.00315023 0.000399509 -0.0817185 0.00314863 0.999989 0.00364354 -0.185751 -0.000410459 -0.00364207 0.999994 20.0613
0.999991 -0.00397583 0.00191034 -0.0781422 0.00397387 0.999992 0.00106503 -0.179817 -0.00191379 -0.00105746 1 21.393
0.999998 -0.00188345 0.00163203 -0.0780014 0.00188271 0.999999 0.000409117 -0.177079 -0.00163199 -0.00040616 1 22.7419
0.999998 0.000210125 0.00241266 -0.0844441 -0.00021132 1 0.00054103 -0.163204 -0.0024117 -0.000541617 0.999999 24.0982
0.999991 0.000829836 0.00449031 -0.0903132 -0.000856659 0.999982 0.00598167 -0.162213 -0.00448415 -0.00598587 0.999974 25.4386
0.999993 -0.00128234 0.00370339 -0.0824752 0.00125682 0.999976 0.00692854 -0.199173 -0.00371134 -0.0069241 0.999971 26.8135
0.999983 -0.00368653 0.00495445 -0.0789207 0.00365329 0.999972 0.00672763 -0.229936 -0.00497801 -0.0067098 0.999967 28.1534
0.999985 -0.00405733 0.00388248 -0.0831856 0.00403979 0.999983 0.00453905 -0.257393 -0.00390008 -0.00452366 0.999984 29.5382
0.999977 -0.00395353 0.00610773 -0.0803915 0.00393051 0.999986 0.00378863 -0.278537 -0.0061216 -0.00376507 0.999977 30.8965
0.999987 -0.000662008 0.0053432 -0.0938304 0.000648761 0.999998 0.00249088 -0.284164 -0.00534413 -0.0024878 0.999985 32.312
0.999986 -1.0463e-06 0.00589387 -0.0893332 -1.31864e-05 0.999998 0.00242466 -0.308028 -0.00589278 -0.0024253 0.999983 33.6936
0.99998 -0.000605416 0.00657691 -0.0728721 0.000585772 0.999997 0.00299237 -0.323249 -0.00657804 -0.00298888 0.999976 35.0745
0.99999 -0.000432053 0.00526909 -0.0704999 0.000405185 0.999988 0.0050894 -0.343735 -0.00527024 -0.00508776 0.999977 36.4867
0.999983 0.000472131 0.00647438 -0.0719508 -0.00051656 0.999978 0.00686403 -0.353465 -0.00647027 -0.00686762 0.999959 37.8713
0.999982 0.00392688 0.00531275 -0.0670083 -0.00395985 0.999975 0.0062031 -0.356622 -0.00528728 -0.00622451 0.999971 39.28
0.99997 0.00570897 0.00602193 -0.0780346 -0.00575328 0.999958 0.00737989 -0.363854 -0.0059788 -0.00741464 0.999958 40.6681
0.999968 0.00600462 0.00609932 -0.0871906 -0.00604833 0.999958 0.00716627 -0.352838 -0.0060551 -0.0072034 0.99996 42.0633
0.999974 0.00623051 0.00467344 -0.0855995 -0.00626601 0.999954 0.00762155 -0.344855 -0.00462494 -0.00765097 0.999964 43.4848
0.99997 0.00537795 0.00626401 -0.0890397 -0.00542784 0.999956 0.00797576 -0.356087 -0.00621976 -0.00800991 0.999954 44.872
0.999985 0.0044566 0.00449908 -0.0805649 -0.00448951 0.999966 0.00735342 -0.366314 -0.00446538 -0.00737389 0.999968 46.2908
0.999987 0.00405813 0.00435769 -0.0868479 -0.00408589 0.999974 0.00637681 -0.355423 -0.0043306 -0.00639492 0.999976 47.72
0.999994 0.00427468 0.00239816 -0.0916908 -0.00429096 0.99997 0.00680821 -0.364339 -0.00236829 -0.00681897 0.999979 49.1513
0.999995 0.00438362 0.00127661 -0.1037 -0.00439286 0.999967 0.00727651 -0.372571 -0.00124336 -0.00728254 0.999979 50.576
0.999992 0.00464792 0.00213601 -0.0885001 -0.00466279 0.999967 0.00698398 -0.393302 -0.00210276 -0.00699438 0.999979 51.9769
0.999996 0.00439226 -0.000410265 -0.0965707 -0.00438907 0.999963 0.00778415 -0.391355 0.00044581 -0.00778269 0.999977 53.4195
1 0.00291294 0.000225404 -0.0990117 -0.00291487 0.999962 0.00846448 -0.387277 -0.00020008 -0.00846571 0.99997 54.8444
1 0.00223876 -0.00176231 -0.095463 -0.00222489 0.999969 0.00795031 -0.399752 0.00178135 -0.00794688 0.999975 56.2945
1 -0.00021861 -0.00246572 -0.108647 0.00023925 0.999967 0.00845114 -0.403808 0.00246451 -0.00845238 0.999968 57.7264
1.00001 -0.00102703 -0.00140299 -0.108875 0.00103911 0.999964 0.00884985 -0.416413 0.00139526 -0.00885174 0.999969 59.1478
0.999999 -0.00366161 -0.00173891 -0.094489 0.00367535 0.999965 0.00806691 -0.400778 0.00170998 -0.00807385 0.999974 60.5654
1 -0.00397541 5.45312e-05 -0.0931146 0.0039745 0.999963 0.00815031 -0.421607 -8.55379e-05 -0.00815049 0.999976 61.973
0.999993 -0.00546338 -0.000241722 -0.0884441 0.00546496 0.999958 0.00789364 -0.449229 0.000199195 -0.00789535 0.999977 63.4116
0.999982 -0.00744194 6.89885e-05 -0.0896783 0.00744076 0.99995 0.0074417 -0.441073 -0.000123008 -0.00744157 0.999982 64.8446
0.999978 -0.00726947 0.0026564 -0.103693 0.00724945 0.999951 0.00737499 -0.452035 -0.00270918 -0.00735615 0.999978 66.2436
0.999989 -0.00571457 0.00268291 -0.109655 0.00569269 0.999958 0.00791113 -0.461747 -0.0027266 -0.00789637 0.999974 67.6665
0.999988 -0.00371743 0.00515362 -0.105707 0.00366668 0.999951 0.00976786 -0.472015 -0.005189 -0.00974939 0.999948 69.076
0.999999 -0.000280432 0.0047537 -0.109544 0.00022777 0.999946 0.010967 -0.485533 -0.00475522 -0.0109664 0.999938 70.5093
0.999975 0.00446309 0.00685022 -0.111177 -0.00454917 0.999916 0.0125488 -0.50952 -0.00679298 -0.0125802 0.999907 71.9064
0.999952 0.00805223 0.00706861 -0.1222 -0.00814171 0.999893 0.0126556 -0.504699 -0.00696465 -0.0127132 0.999904 73.3176
0.999914 0.0118569 0.0069955 -0.128547 -0.0119317 0.999877 0.010701 -0.508786 -0.00686709 -0.0107841 0.999927 74.7318
0.999891 0.0126143 0.00895327 -0.124451 -0.0127069 0.999872 0.0103045 -0.508206 -0.00882087 -0.0104177 0.999917 76.1324
0.99988 0.0136261 0.00846608 -0.122855 -0.0137158 0.999855 0.0105897 -0.509145 -0.0083199 -0.0107051 0.999917 77.5347
0.999884 0.0116419 0.0108733 -0.113089 -0.0117432 0.999895 0.00925798 -0.516921 -0.0107631 -0.00938519 0.999909 78.9184
0.999899 0.0109455 0.0100406 -0.11092 -0.0110305 0.99991 0.00839979 -0.51012 -0.00994721 -0.00851035 0.999924 80.325
0.999905 0.0103078 0.010268 -0.100085 -0.0103863 0.999924 0.00757252 -0.515733 -0.0101879 -0.00767915 0.999929 81.7234
0.999891 0.00938633 0.0121463 -0.0698312 -0.00947949 0.999932 0.00760408 -0.532731 -0.0120736 -0.00771907 0.999907 83.1022
0.9999 0.00952115 0.0113933 -0.0674003 -0.00960567 0.999934 0.00735039 -0.546491 -0.0113211 -0.00745987 0.999919 84.5062
0.999893 0.00984494 0.0116666 -0.0510094 -0.00993089 0.99993 0.00729022 -0.540455 -0.0115935 -0.00740586 0.999915 85.9
0.99992 0.00847442 0.0104681 -0.0439036 -0.00855357 0.999943 0.00749166 -0.552413 -0.0104026 -0.00758131 0.999929 87.3077
0.999943 0.00607074 0.00981539 -0.0400343 -0.00615023 0.999955 0.00803655 -0.570319 -0.00976561 -0.00809701 0.999929 88.6855
0.999956 0.00327674 0.0100086 -0.0320847 -0.00335578 0.999971 0.00782275 -0.577605 -0.00998127 -0.0078566 0.999931 90.0463
0.999971 0.00161616 0.00879392 -0.0182613 -0.00168613 0.999974 0.00788742 -0.584397 -0.00878029 -0.00790249 0.999941 91.4389
0.999974 -0.0012148 0.0084986 0.00262599 0.00114427 0.999973 0.00821396 -0.588495 -0.00850705 -0.00820465 0.999942 92.8206
0.999977 -0.0025357 0.00792794 0.00351237 0.00246851 0.999968 0.00839369 -0.610428 -0.00794825 -0.00837434 0.999944 94.2092
0.999974 -0.00169231 0.00853277 0.00171792 0.00162662 0.999978 0.00760972 -0.609374 -0.00854416 -0.00759625 0.999946 95.5846
0.999975 -0.0023151 0.00827367 0.00492691 0.00225383 0.999978 0.00733002 -0.626969 -0.00828969 -0.00731155 0.99995 96.951
0.999968 -0.0028811 0.00892321 0.00695111 0.00281848 0.99998 0.00693692 -0.637345 -0.00894172 -0.00691214 0.999948 98.3232
0.999959 -0.00321768 0.00970464 0.00190314 0.00315442 0.999981 0.00646113 -0.647973 -0.0097245 -0.00643063 0.999943 99.6995
0.999956 -0.00335377 0.00998061 0.00375479 0.00327788 0.999974 0.00753499 -0.670267 -0.0100043 -0.00750251 0.999934 101.069
0.999935 -0.00352208 0.011814 0.0101384 0.00343062 0.999972 0.00770224 -0.677523 -0.01184 -0.0076615 0.999912 102.406
0.999937 -0.00371573 0.0116449 0.0137465 0.00363377 0.999976 0.00699449 -0.69645 -0.0116692 -0.00695238 0.99992 103.777
0.999928 -0.00431072 0.0122522 0.0207209 0.0042465 0.999985 0.00521025 -0.703647 -0.0122736 -0.00515811 0.999923 105.12
0.99992 -0.00419609 0.012923 0.0244463 0.00414508 0.999991 0.00392238 -0.720621 -0.0129378 -0.00386911 0.99992 106.428
0.999906 -0.00669706 0.0130184 0.0400577 0.00663387 0.999974 0.00484906 -0.731439 -0.0130497 -0.00476255 0.999915 107.785
0.999882 -0.00847929 0.013764 0.0598808 0.00839397 0.999953 0.00618989 -0.732553 -0.013814 -0.00607407 0.999898 109.086
0.999861 -0.0102249 0.0141229 0.0736335 0.0101499 0.999942 0.00532881 -0.722207 -0.0141758 -0.00518505 0.999898 110.401
0.99984 -0.0105005 0.0153122 0.0896005 0.0104376 0.999945 0.00413575 -0.745324 -0.0153528 -0.00397571 0.999887 111.732
0.999829 -0.00917043 0.0168171 0.0982317 0.00912567 0.999963 0.00270074 -0.760054 -0.0168404 -0.00254715 0.999867 113.051
0.999819 -0.00843534 0.0177768 0.108376 0.00840241 0.999971 0.00188853 -0.782865 -0.0177903 -0.00173927 0.999853 114.418
0.99978 -0.0063554 0.0206026 0.12299 0.0063229 0.999987 0.00161651 -0.794968 -0.0206118 -0.00148615 0.999798 115.738
0.999757 -0.00541593 0.0219585 0.144134 0.00532681 0.999985 0.00408961 -0.80357 -0.0219785 -0.00397205 0.999764 117.095
0.999708 -0.00564558 0.0240589 0.162824 0.00549719 0.999974 0.00621018 -0.820877 -0.0240924 -0.00607627 0.999704 118.417
0.999698 -0.00520356 0.0245448 0.187889 0.00503898 0.999973 0.00673583 -0.829086 -0.0245772 -0.00661048 0.99969 119.776
0.999678 -0.00427665 0.0255422 0.215422 0.00413129 0.999983 0.00572402 -0.833148 -0.0255653 -0.00561682 0.99967 121.124
0.999613 -0.00272128 0.0281895 0.243109 0.00257121 0.999991 0.00533762 -0.854438 -0.0282018 -0.00526332 0.999603 122.446
0.999592 -0.000540174 0.0290444 0.271113 0.000410545 0.999998 0.00445431 -0.868208 -0.0290458 -0.00444074 0.999582 123.812
0.999515 0.000445276 0.0315845 0.306396 -0.000572915 1 0.00401606 -0.878074 -0.0315807 -0.00403247 0.999507 125.138
0.999498 0.00189783 0.0320666 0.341617 -0.00201864 1 0.00372297 -0.887205 -0.0320585 -0.00378603 0.999492 126.503
0.999436 0.0014252 0.0339642 0.385928 -0.00155285 1 0.00371708 -0.897443 -0.0339568 -0.00376813 0.99943 127.844
0.999349 0.00116784 0.0364521 0.429104 -0.00133701 0.999998 0.00460424 -0.908533 -0.0364456 -0.0046502 0.999338 129.164
0.999344 0.000608779 0.03659 0.463662 -0.000749101 1 0.00380549 -0.948593 -0.0365855 -0.00383087 0.999337 130.529
0.99927 0.00130023 0.0385537 0.507396 -0.00145109 1 0.00387056 -0.976644 -0.0385476 -0.00392417 0.999263 131.854
0.999266 0.00079914 0.0386821 0.550796 -0.000954817 1 0.00399174 -0.992558 -0.0386767 -0.00402618 0.999257 133.231
0.999257 -0.000706195 0.0389342 0.603664 0.000540079 1 0.00426226 -1.0133 -0.0389361 -0.00423863 0.999247 134.577
0.999219 -0.00216503 0.0398293 0.661724 0.00201188 1 0.00387203 -1.04419 -0.0398354 -0.00378933 0.999213 135.902
0.999291 -0.00311033 0.0379533 0.702592 0.00298002 0.999999 0.0034725 -1.06216 -0.037963 -0.00335751 0.999288 137.268
0.999286 -0.00539781 0.0378035 0.750719 0.00526175 0.999989 0.00368215 -1.08289 -0.0378208 -0.00348116 0.999293 138.591
0.999334 -0.00735736 0.0362013 0.793894 0.00720527 0.999974 0.00430984 -1.09527 -0.036231 -0.00404673 0.999351 139.959
0.999303 -0.00877734 0.0366902 0.840613 0.0086156 0.999962 0.00454516 -1.10147 -0.0367266 -0.00422639 0.999332 141.312
0.99938 -0.00949436 0.0344249 0.875358 0.00932766 0.999954 0.00497745 -1.11511 -0.0344693 -0.00465381 0.999412 142.691
0.999423 -0.0106921 0.0327229 0.90568 0.0105498 0.999944 0.00449568 -1.10883 -0.0327672 -0.00414838 0.99947 144.085
0.999375 -0.0126349 0.0335626 0.953827 0.0125598 0.999928 0.00242756 -1.12002 -0.0335897 -0.00200502 0.99945 145.419
0.999357 -0.0175716 0.0317697 0.998618 0.0175364 0.999855 0.0013675 -1.15485 -0.0317874 -0.000809983 0.99951 146.802
0.999194 -0.0249534 0.0320353 1.05282 0.0248285 0.999693 0.00426295 -1.16456 -0.0321306 -0.0034645 0.999495 148.146
0.999063 -0.0313664 0.0303918 1.10392 0.0312308 0.999511 0.00490914 -1.18289 -0.0305295 -0.00395572 0.999543 149.523
0.999 -0.0342646 0.0293676 1.14989 0.0341919 0.999422 0.00293968 -1.20025 -0.0294502 -0.00193298 0.999583 150.891
0.998976 -0.0334167 0.0310773 1.18509 0.0334349 0.999453 -8.65682e-05 -1.22014 -0.0310559 0.00112513 0.999535 152.259
0.999061 -0.0306241 0.0312753 1.21035 0.0307219 0.999536 -0.00268416 -1.22683 -0.0311774 0.00364205 0.999526 153.644
0.999016 -0.0296593 0.0335593 1.25145 0.0297684 0.999565 -0.00277458 -1.26436 -0.033461 0.00377045 0.999452 154.983
0.998876 -0.03359 0.0340193 1.29717 0.0336381 0.999444 -0.00087314 -1.27452 -0.03397 0.00201611 0.999439 156.336
0.998632 -0.0391373 0.0352469 1.34979 0.039094 0.999247 0.00189331 -1.28875 -0.0352928 -0.000513122 0.999398 157.685
0.998397 -0.0434455 0.0368233 1.39413 0.0433667 0.999066 0.00290458 -1.29349 -0.036914 -0.00130335 0.999337 159.016
0.998326 -0.0448285 0.0370652 1.44987 0.0447408 0.999007 0.00316695 -1.31263 -0.0371687 -0.00150364 0.999328 160.351
0.998278 -0.0431397 0.0402476 1.49518 0.0430417 0.99908 0.00327298 -1.31401 -0.0403506 -0.00153555 0.999203 161.662
0.998379 -0.0395982 0.0413772 1.53222 0.0395077 0.999228 0.00298067 -1.33081 -0.0414615 -0.00134162 0.999158 163.006
0.998391 -0.0359732 0.0443146 1.57904 0.0359875 0.999365 0.000452152 -1.33395 -0.0443014 0.00114261 0.999037 164.34
0.998471 -0.0340464 0.0439989 1.61776 0.0340783 0.999432 5.29276e-06 -1.34027 -0.0439723 0.00149358 0.999051 165.672
0.998482 -0.032848 0.0446733 1.6675 0.0328664 0.999473 0.000300116 -1.32866 -0.0446583 0.00116789 0.999022 167.048
0.9985 -0.031117 0.0454906 1.72605 0.0311273 0.999529 0.000463235 -1.32453 -0.0454818 0.000952866 0.998985 168.382
0.998592 -0.0292924 0.0447223 1.7727 0.0294091 0.999578 -0.00197272 -1.3305 -0.0446448 0.00328441 0.999017 169.747
0.998623 -0.0268774 0.0455176 1.8188 0.0271065 0.999637 -0.00444505 -1.34511 -0.0453797 0.00567201 0.998974 171.07
0.998785 -0.0221859 0.0445238 1.85609 0.0224669 0.999744 -0.00584595 -1.36376 -0.0443821 0.00683827 0.999011 172.453
0.99883 -0.0183681 0.04519 1.89968 0.0186341 0.999826 -0.00549051 -1.36552 -0.0450795 0.00632542 0.998983 173.84
0.998841 -0.0181178 0.0450962 1.95364 0.0183032 0.999839 -0.00372644 -1.36467 -0.0450207 0.0045467 0.998996 175.237
0.998917 -0.019038 0.0429462 2.00043 0.0191305 0.99983 -0.00176255 -1.36964 -0.0429036 0.00258151 0.999096 176.649
0.998926 -0.0212157 0.0417364 2.04483 0.0212791 0.999786 -0.00110192 -1.38568 -0.0417035 0.00198806 0.999148 178.067
0.998962 -0.024337 0.0390567 2.11843 0.0244563 0.999712 -0.00259991 -1.39186 -0.0389805 0.00355167 0.999254 179.504
0.998946 -0.0249054 0.0391439 2.16824 0.0251865 0.999673 -0.0067385 -1.40217 -0.0389627 0.00771653 0.999231 180.874
0.999064 -0.0250381 0.0358546 2.20214 0.0255013 0.999611 -0.0125467 -1.40163 -0.0355248 0.0134485 0.999299 182.233
0.999147 -0.0211879 0.0360498 2.25218 0.0217051 0.999679 -0.014051 -1.42777 -0.0357397 0.0148207 0.999271 183.616
0.999191 -0.0180492 0.0365176 2.29691 0.018602 0.999731 -0.0148769 -1.46932 -0.0362375 0.0155433 0.999243 184.973
0.999231 -0.0162755 0.0362858 2.3464 0.0167275 0.9998 -0.0122272 -1.5069 -0.0360787 0.012824 0.999287 186.391
0.999198 -0.0172744 0.036715 2.38617 0.017721 0.999787 -0.0118949 -1.53637 -0.0364999 0.0125353 0.999276 187.799
0.999229 -0.0185457 0.035213 2.46015 0.0189632 0.999767 -0.0115996 -1.55183 -0.0349888 0.0122577 0.999333 189.231
0.999283 -0.0193177 0.0332258 2.51012 0.0197538 0.999737 -0.0128728 -1.59184 -0.0329666 0.0135192 0.999385 190.675
0.999215 -0.0204823 0.0345313 2.56187 0.0209255 0.999717 -0.0125606 -1.6391 -0.0342634 0.0132727 0.999345 192.061
0.999233 -0.0212852 0.0335207 2.60671 0.0217052 0.999704 -0.0122439 -1.69113 -0.0332482 0.0129613 0.999384 193.5
0.99916 -0.022292 0.0349903 2.65261 0.022661 0.999706 -0.0102251 -1.75307 -0.034751 0.0110089 0.999357 194.896
0.999144 -0.0255638 0.0331808 2.70939 0.0258725 0.99964 -0.0089379 -1.79877 -0.0329385 0.00978803 0.999431 196.358
0.999036 -0.0277241 0.0346605 2.76293 0.0279967 0.999596 -0.0074502 -1.85136 -0.0344389 0.00841297 0.999393 197.756
0.999102 -0.027071 0.0332582 2.79659 0.0274659 0.999572 -0.0115078 -1.87065 -0.0329305 0.0124103 0.999402 199.197
0.999274 -0.0210525 0.0324184 2.83206 0.0215246 0.999681 -0.0143294 -1.87712 -0.0321055 0.0150164 0.999393 200.625
0.999345 -0.0128167 0.0344943 2.85719 0.0133185 0.999823 -0.014387 -1.89599 -0.0343017 0.0148361 0.999323 202.031
0.999408 -0.00706928 0.0343285 2.87583 0.00747711 0.999918 -0.0118053 -1.92324 -0.0342413 0.0120546 0.999363 203.508
0.99933 -0.00560296 0.0368002 2.91464 0.00590536 0.999965 -0.0081412 -1.95523 -0.036751 0.00835228 0.999312 204.944
0.999386 -0.00697241 0.0349951 2.96091 0.00724653 0.99996 -0.00775363 -1.99153 -0.0349388 0.00800204 0.999379 206.409
0.999396 -0.0090096 0.0342077 3.01163 0.00927354 0.999944 -0.00759352 -2.02629 -0.0341351 0.00790541 0.999407 207.874
0.999385 -0.0104481 0.0341603 3.06385 0.010708 0.999931 -0.00747848 -2.05322 -0.034079 0.00783918 0.99941 209.319
0.999434 -0.00957683 0.0329469 3.10143 0.00985872 0.999933 -0.00843292 -2.07311 -0.0328619 0.00875213 0.999443 210.797
0.999403 -0.00900933 0.034033 3.13293 0.00930336 0.999936 -0.00853217 -2.10488 -0.0339531 0.00884318 0.999406 212.237
0.999447 -0.00791795 0.0330163 3.16803 0.00819431 0.999949 -0.00827458 -2.14291 -0.0329468 0.00853975 0.999443 213.73
0.999434 -0.0089135 0.0331416 3.21464 0.00918891 0.99994 -0.00821009 -2.18056 -0.0330657 0.00850945 0.999439 215.201
0.999437 -0.00868225 0.0331027 3.26897 0.0090133 0.999927 -0.00989505 -2.21884 -0.0330122 0.010187 0.999425 216.667
0.999464 -0.00928752 0.0321244 3.31503 0.00960504 0.999922 -0.00978891 -2.2633 -0.0320302 0.0100917 0.999458 218.171
0.999424 -0.00986774 0.0331846 3.37468 0.0102077 0.999913 -0.0101219 -2.29238 -0.0330798 0.0104539 0.99942 219.624
0.999475 -0.0087414 0.0319497 3.41103 0.00907048 0.999923 -0.0102156 -2.33357 -0.0318572 0.0104995 0.99946 221.133
0.999448 -0.0094085 0.0325958 3.45182 0.00976101 0.999911 -0.0107073 -2.37345 -0.03249 0.0110187 0.999434 222.596
0.999493 -0.00899491 0.0313301 3.49803 0.00933309 0.999916 -0.0107101 -2.3954 -0.0312303 0.0109965 0.999475 224.106
0.999499 -0.00957365 0.0309542 3.53478 0.00991696 0.999907 -0.0109888 -2.4272 -0.0308441 0.0112895 0.999483 225.613
0.999467 -0.0101611 0.0317844 3.56914 0.0105282 0.999896 -0.0114451 -2.46822 -0.0316641 0.0117731 0.999453 227.104
0.999498 -0.0102433 0.0307861 3.60235 0.0105972 0.999896 -0.0113855 -2.51392 -0.0306643 0.0117052 0.999484 228.621
0.999482 -0.0107242 0.0311401 3.63792 0.0111012 0.999883 -0.0119971 -2.5693 -0.031007 0.0123358 0.999467 230.121
0.999515 -0.0112501 0.0298911 3.68795 0.0116465 0.999863 -0.0131572 -2.6098 -0.0297369 0.013498 0.99949 231.617
0.999495 -0.0119866 0.0302646 3.72477 0.0123559 0.999868 -0.0120861 -2.64464 -0.0301148 0.0124531 0.999493 233.102
0.999455 -0.0121416 0.0315121 3.76108 0.0125141 0.999871 -0.0116745 -2.66281 -0.0313641 0.0120615 0.999459 234.593
0.999468 -0.0119319 0.0311834 3.78891 0.0123063 0.999871 -0.0118836 -2.69585 -0.0310366 0.01226 0.999468 236.123
0.999406 -0.011583 0.0332552 3.83459 0.0120009 0.999869 -0.0124117 -2.73192 -0.0331048 0.0128023 0.999394 237.651
0.999453 -0.00920758 0.032572 3.874 0.00961007 0.999897 -0.0122642 -2.75428 -0.0324547 0.0125695 0.99942 239.19
0.999452 -0.00944712 0.0325359 3.92374 0.00981326 0.999908 -0.0111293 -2.79177 -0.0324256 0.0114414 0.999433 240.747
0.999375 -0.00977003 0.0347607 3.97386 0.0101403 0.999911 -0.010534 -2.82724 -0.0346536 0.0108789 0.999366 242.255
0.999395 -0.00947217 0.0342603 4.01123 0.00989528 0.999895 -0.0122109 -2.86151 -0.0341387 0.0125414 0.999364 243.79
0.999322 -0.00913255 0.0364182 4.06295 0.00966093 0.999867 -0.0143977 -2.89589 -0.036281 0.0147388 0.999259 245.308
0.999348 -0.0081156 0.0359338 4.10431 0.00861417 0.999887 -0.0137527 -2.92984 -0.0358158 0.0140521 0.999285 246.848
0.999332 -0.00911364 0.0361685 4.15344 0.00958213 0.99989 -0.0128399 -2.94491 -0.0360466 0.013177 0.999289 248.406
0.999315 -0.00880439 0.0366892 4.19146 0.00925099 0.999903 -0.0120291 -2.98248 -0.0365774 0.012359 0.999281 249.923
0.999339 -0.00842761 0.0361535 4.25046 0.0088519 0.999912 -0.0116307 -3.0189 -0.0360513 0.0119421 0.999305 251.477
0.999318 -0.00814271 0.0367712 4.30596 0.00862956 0.999895 -0.0131097 -3.052 -0.0366582 0.0134168 0.999264 253.029
0.99935 -0.00697831 0.0361583 4.35558 0.00744992 0.999907 -0.0129612 -3.0986 -0.0360635 0.0132212 0.999289 254.596
0.99929 -0.0071576 0.0377479 4.40816 0.00764404 0.999908 -0.0127663 -3.13157 -0.0376507 0.0130445 0.999233 256.117
0.999332 -0.00802718 0.0364306 4.46372 0.00850005 0.999899 -0.0128787 -3.17292 -0.0363225 0.0131788 0.99928 257.678
0.99934 -0.00874436 0.0360599 4.55912 0.00920097 0.999898 -0.0125251 -3.2053 -0.0359445 0.0128475 0.999299 259.251
0.999274 -0.011181 0.0372071 4.62002 0.0115867 0.999894 -0.0107472 -3.24224 -0.037082 0.0111695 0.999278 260.781
0.999303 -0.0114637 0.0363401 4.68228 0.0118657 0.999889 -0.0108763 -3.27744 -0.0362092 0.0112988 0.999308 262.326
0.99925 -0.0123654 0.0374782 4.73895 0.0128011 0.999872 -0.0114462 -3.30828 -0.0373309 0.0119164 0.99926 263.845
0.999204 -0.0150113 0.0377698 4.80209 0.0153889 0.999853 -0.00973985 -3.3276 -0.0376159 0.0103121 0.999268 265.39
0.999128 -0.0173905 0.0387581 4.85807 0.017749 0.999822 -0.00896602 -3.34263 -0.0385942 0.00964532 0.999237 266.931
0.999018 -0.0195535 0.0405008 4.91416 0.019987 0.999767 -0.0103428 -3.38321 -0.0402872 0.0111408 0.999155 268.455
0.999004 -0.0203509 0.0404823 4.97185 0.0208065 0.999744 -0.0109081 -3.41942 -0.0402487 0.0117388 0.99915 269.987
0.998906 -0.0196187 0.0431689 5.02614 0.0200971 0.999761 -0.010694 -3.45319 -0.0429467 0.0115486 0.99904 271.523
0.998804 -0.0203501 0.0451619 5.07702 0.0208563 0.999745 -0.0108032 -3.46411 -0.0449291 0.0117315 0.998951 273.059
0.998705 -0.0199549 0.0474582 5.13786 0.0204805 0.999754 -0.0106303 -3.49057 -0.0472324 0.0115871 0.998847 274.586
0.99853 -0.0182631 0.0516538 5.19578 0.0187737 0.9998 -0.00944738 -3.53259 -0.0514695 0.0104026 0.998651 276.102
0.998487 -0.0195049 0.0520313 5.26468 0.0200422 0.999771 -0.00984113 -3.56522 -0.0518254 0.0108678 0.998627 277.642
0.998309 -0.0189431 0.0555465 5.33672 0.0195033 0.999785 -0.00959256 -3.60245 -0.0553512 0.0106594 0.99844 279.158
0.998315 -0.0196396 0.0551975 5.4171 0.0202039 0.99977 -0.00969994 -3.62316 -0.0549921 0.0107975 0.998459 280.707
0.998234 -0.0199185 0.0565377 5.48902 0.0204952 0.999764 -0.00967317 -3.65709 -0.05633 0.0108147 0.998384 282.232
0.998001 -0.0215872 0.0599458 5.57455 0.022111 0.999744 -0.0081023 -3.69369 -0.0597531 0.0094103 0.998199 283.749
0.998032 -0.0226012 0.0590475 5.65263 0.0230885 0.999725 -0.00761566 -3.72442 -0.0588574 0.00896399 0.998256 285.296
0.99789 -0.0240779 0.060832 5.73896 0.02474 0.999663 -0.0101679 -3.72855 -0.0605643 0.0116501 0.998127 286.847
0.99803 -0.0233344 0.0587925 5.82154 0.0239786 0.99968 -0.0103079 -3.76247 -0.0585314 0.0116973 0.998247 288.396
0.998039 -0.0233864 0.0586223 5.89929 0.0240241 0.99968 -0.0102113 -3.79223 -0.0583624 0.0115981 0.998259 289.934
0.997931 -0.0253898 0.0596295 5.98674 0.0259404 0.999648 -0.00850987 -3.80102 -0.0593906 0.0100391 0.998214 291.466
0.998028 -0.0256423 0.0578636 6.07018 0.0261301 0.99965 -0.00770516 -3.82009 -0.0576433 0.00920049 0.998326 293.016
0.99793 -0.0250765 0.0597713 6.16107 0.0255832 0.999663 -0.00775924 -3.85415 -0.0595548 0.00927238 0.998212 294.549
0.998035 -0.0247834 0.0581303 6.24836 0.0252578 0.999675 -0.00745673 -3.87778 -0.0579243 0.00890868 0.998312 296.133
0.998119 -0.0251517 0.0565127 6.3243 0.0256157 0.999664 -0.00753518 -3.90401 -0.0563025 0.00896877 0.998404 297.701
0.998052 -0.0246639 0.0579097 6.41483 0.0250599 0.99969 -0.00613741 -3.94467 -0.057738 0.0075751 0.998334 299.232
0.99818 -0.0235961 0.0561022 6.494 0.0239082 0.999723 -0.00493624 -3.96634 -0.0559685 0.00626876 0.998444 300.821
0.99805 -0.022747 0.0587312 6.57742 0.0230303 0.99975 -0.00416513 -3.99632 -0.0586194 0.005508 0.998296 302.362
0.998077 -0.0210186 0.0589047 6.6595 0.0212938 0.999787 -0.00408248 -4.04414 -0.0588044 0.00532917 0.998287 303.943
0.998025 -0.0216005 0.059578 6.75009 0.0218544 0.999778 -0.00362653 -4.0587 -0.0594841 0.00491984 0.998249 305.523
0.997847 -0.0225724 0.0621424 6.85371 0.0228832 0.999751 -0.00432756 -4.09538 -0.0620272 0.0057406 0.99809 307.086
0.997879 -0.0225693 0.0616479 6.95302 0.0229397 0.999746 -0.00532262 -4.13273 -0.0615098 0.00672393 0.998116 308.678
0.9978 -0.0226411 0.0628703 7.04463 0.0230986 0.999734 -0.00659164 -4.15492 -0.0627023 0.00802959 0.998033 310.273
0.998001 -0.0216507 0.0599968 7.14127 0.0220777 0.999759 -0.00647596 -4.19286 -0.0598398 0.00778604 0.99821 311.878
0.998114 -0.0211736 0.0582404 7.2273 0.0215621 0.999772 -0.0060863 -4.20959 -0.0580962 0.00733087 0.998317 313.479
0.99808 -0.0193988 0.0594532 7.30242 0.0195848 0.99983 -0.00255958 -4.21765 -0.059391 0.0037176 0.998261 315.09
0.99806 -0.020955 0.0592446 7.39838 0.0209739 0.999804 0.000267977 -4.2321 -0.0592366 0.000975546 0.998277 316.724
0.997982 -0.0218739 0.0602346 7.48836 0.0219004 0.999785 0.000208026 -4.24578 -0.0602238 0.0011102 0.998218 318.362
0.998016 -0.0225062 0.0594173 7.58231 0.0225837 0.999769 -0.000670067 -4.28039 -0.0593865 0.00201098 0.998267 320.003
0.997895 -0.0230151 0.0612429 7.67592 0.0230915 0.999758 -0.000552071 -4.29757 -0.061213 0.00196371 0.998156 321.608
0.997937 -0.0230223 0.0605388 7.76959 0.0230619 0.999758 8.64229e-06 -4.30738 -0.0605224 0.001388 0.9982 323.247
0.997941 -0.0228129 0.0605594 7.86901 0.0228697 0.999763 -0.000256017 -4.31649 -0.0605369 0.00163909 0.998198 324.891
0.997819 -0.0219554 0.062854 7.95361 0.0220385 0.999781 -0.000663781 -4.33887 -0.0628237 0.00204799 0.998057 326.497
0.997862 -0.0212252 0.0624289 8.05363 0.0213277 0.999797 -0.000985121 -4.35708 -0.0623929 0.00231321 0.998083 328.127
0.997678 -0.0220539 0.0650237 8.15689 0.0220283 0.999781 0.00107724 -4.37659 -0.0650311 0.000358115 0.997918 329.755
0.997708 -0.0231247 0.0641863 8.26187 0.0230522 0.999757 0.00186149 -4.3821 -0.0642113 -0.000378732 0.997971 331.386
0.997709 -0.0234499 0.0640528 8.36458 0.0234329 0.999749 0.000982127 -4.38383 -0.0640577 0.000521544 0.997981 332.999
0.997626 -0.022887 0.0655478 8.4604 0.022829 0.999763 0.00162415 -4.40481 -0.065567 -0.000125051 0.997884 334.606
0.997708 -0.0221985 0.0645155 8.55984 0.0222974 0.999776 -0.000846188 -4.41216 -0.0644801 0.0022832 0.997952 336.222
0.997702 -0.0198087 0.0654078 8.6532 0.0199853 0.999823 -0.00205622 -4.44773 -0.065353 0.00335747 0.997893 337.809
0.997825 -0.0191719 0.0636718 8.74898 0.0192597 0.99984 -0.000800925 -4.47258 -0.063644 0.00202591 0.998007 339.426
0.99788 -0.0189469 0.0628884 8.84622 0.0188129 0.999844 0.00271306 -4.4857 -0.0629276 -0.00152527 0.998053 341.043
0.997871 -0.018282 0.0632254 8.93708 0.0179811 0.99985 0.0052895 -4.5073 -0.0633102 -0.00414077 0.998021 342.621
0.99804 -0.0166509 0.0609828 9.03278 0.0163146 0.999874 0.0059988 -4.5057 -0.0610727 -0.00499312 0.998158 344.239
0.998064 -0.0165504 0.060598 9.12084 0.0162454 0.999878 0.00548557 -4.52529 -0.0606793 -0.00448995 0.998184 345.814
0.998219 -0.0170086 0.0578799 9.21466 0.0166656 0.999866 0.00639657 -4.53129 -0.0579786 -0.0054216 0.99834 347.425
0.998281 -0.018088 0.0564487 9.31126 0.0176709 0.999838 0.00783916 -4.54038 -0.0565792 -0.00682759 0.998411 349.03
0.99823 -0.0182903 0.0572833 9.38787 0.0178841 0.999836 0.00758771 -4.5706 -0.0574105 -0.00655086 0.998366 350.597
0.998299 -0.0183937 0.056042 9.47696 0.017986 0.999833 0.00773075 -4.56493 -0.0561726 -0.00670907 0.998436 352.213
0.998243 -0.0183888 0.0570423 9.5575 0.0179749 0.999833 0.00775379 -4.56452 -0.057173 -0.0067159 0.998379 353.772
0.998283 -0.0188977 0.0561777 9.64278 0.0184837 0.999824 0.00783893 -4.56471 -0.0563138 -0.00678644 0.998428 355.38
0.998322 -0.0198602 0.0551441 9.73535 0.0194558 0.999805 0.00785105 -4.57565 -0.0552869 -0.00676608 0.998485 356.986
0.998268 -0.0198819 0.0561142 9.81613 0.0194708 0.999805 0.00782608 -4.59091 -0.0562565 -0.0067193 0.998432 358.552
0.998314 -0.0201878 0.0551672 9.90195 0.0197611 0.999796 0.00826224 -4.59637 -0.0553204 -0.00715922 0.998481 360.156
0.998255 -0.0205299 0.0561189 9.98156 0.0200982 0.999789 0.00820946 -4.60034 -0.0562734 -0.00706666 0.998429 361.722
0.998289 -0.0215369 0.0551198 10.0678 0.021109 0.999767 0.00832401 -4.61581 -0.0552839 -0.0071473 0.998484 363.327
0.998251 -0.0234307 0.0550575 10.1534 0.0229164 0.999714 0.00991436 -4.6081 -0.0552719 -0.0086347 0.998473 364.917
0.998154 -0.0247704 0.0562119 10.2359 0.0241593 0.999667 0.0115148 -4.62293 -0.056476 -0.0101364 0.998392 366.491
0.998203 -0.0251824 0.0551602 10.324 0.0245889 0.999658 0.0113702 -4.6278 -0.0554256 -0.00999277 0.998451 368.095
0.998183 -0.0244167 0.0558527 10.4029 0.0238091 0.999676 0.0115084 -4.6335 -0.0561132 -0.0101585 0.998412 369.692
0.998245 -0.0235457 0.0551227 10.4855 0.0228765 0.999683 0.012699 -4.62704 -0.0554021 -0.011415 0.998437 371.301
0.998176 -0.0229152 0.0566081 10.5606 0.0221406 0.999679 0.0142617 -4.63552 -0.0569143 -0.0129831 0.998335 372.887
0.998232 -0.0228646 0.0556495 10.6489 0.0220516 0.999667 0.0151409 -4.65293 -0.0559751 -0.0138863 0.998374 374.5
0.998215 -0.0229758 0.0559024 10.7337 0.0221662 0.999667 0.0150486 -4.64882 -0.0562271 -0.0137834 0.998363 376.096
0.998139 -0.0222429 0.0575313 10.8098 0.0213888 0.999678 0.0153808 -4.6437 -0.0578528 -0.0141209 0.998264 377.694
0.998214 -0.0207718 0.0567857 10.8971 0.0199045 0.999703 0.0157868 -4.61695 -0.0570943 -0.014629 0.998301 379.319
0.998129 -0.0202219 0.0584625 10.9787 0.0192487 0.999693 0.0171251 -4.62008 -0.0587887 -0.0159668 0.998182 380.9
0.998183 -0.0184906 0.0581107 11.0669 0.0174094 0.999693 0.0190477 -4.6057 -0.0584426 -0.018002 0.998169 382.535
0.998186 -0.0177186 0.058315 11.1504 0.0166029 0.999696 0.0195266 -4.60367 -0.0586412 -0.0185221 0.998147 384.149
0.998113 -0.0171622 0.0597085 11.2307 0.0160003 0.9997 0.019875 -4.60073 -0.0600291 -0.0188827 0.998058 385.76
0.998217 -0.0149065 0.0585764 11.3187 0.0136923 0.99971 0.021042 -4.59368 -0.058871 -0.0202017 0.998101 387.396
0.99814 -0.0136394 0.0601877 11.4003 0.0123139 0.999701 0.0223346 -4.57686 -0.0604717 -0.0215524 0.997979 388.992
0.998222 -0.0124777 0.0590697 11.4851 0.0111353 0.9997 0.0229677 -4.54824 -0.0593363 -0.0222684 0.99803 390.636
0.998276 -0.0123462 0.0581653 11.5674 0.0110386 0.999706 0.0227438 -4.50518 -0.0584265 -0.0220629 0.99809 392.287
0.998217 -0.0127242 0.0591212 11.6495 0.0113391 0.999682 0.0236741 -4.49384 -0.0594014 -0.0229609 0.998011 393.892
