1 0 0 0 0 1 0 0 0 0 1 0
1 -0.000199711 -2.46847e-05 -0.00607335 0.000199648 0.999999 0.00129484 -0.0107753 2.4518e-05 -0.00129464 1 1.31214
1 -0.00105833 0.000538537 -0.0212615 0.00105749 0.999998 0.00159373 -0.0347729 -0.000540227 -0.00159311 0.999999 2.63509
0.999998 -0.00197774 -0.000168383 -0.0237706 0.00197786 0.999997 0.00142192 -0.0640646 0.0001656 -0.00142199 1 3.97824
0.999998 -0.00184175 0.00125896 -0.033239 0.00183961 0.999997 0.00168626 -0.0786052 -0.00126206 -0.00168389 0.999998 5.30519
0.999998 -0.00216429 0.000555775 -0.0398175 0.00216263 0.999994 0.00268638 -0.07354 -0.000561572 -0.00268487 0.999997 6.63967
0.999998 -0.00215267 0.000791332 -0.0425285 0.00214977 0.999991 0.00362931 -0.0792015 -0.000799133 -0.00362762 0.999994 7.96399
0.999998 -0.00162343 0.00177935 -0.0508717 0.00161602 0.999991 0.00404276 -0.0702858 -0.0017858 -0.0040395 0.999992 9.28361
0.999999 -0.00163788 0.000731206 -0.0563584 0.00163638 0.999997 0.00202282 -0.0797274 -0.000734467 -0.00202161 0.999998 10.6203
0.999999 0.00122338 0.00142825 -0.0628267 -0.00122401 1 0.000332533 -0.0713558 -0.0014277 -0.000333899 1 11.9477
0.999994 0.00380712 0.000728227 -0.0762243 -0.00380617 0.999992 -0.00136613 -0.0978257 -0.000733284 0.00136335 1 13.2991
0.999978 0.00676074 0.00104818 -0.0862862 -0.00675932 0.999978 -0.00148825 -0.101896 -0.00105806 0.00148154 1 14.6494
0.999975 0.00716982 0.00183494 -0.0973941 -0.00716881 0.999975 -0.000511351 -0.0931456 -0.00183828 0.000498114 1 15.9817
0.999982 0.00601753 0.00147623 -0.0907869 -0.00602094 0.999981 0.00232675 -0.109974 -0.00146185 -0.0023353 1 17.3508
0.999995 0.0019873 0.00305712 -0.0874694 -0.00200221 0.999986 0.0049126 -0.119978 -0.00304699 -0.00491883 0.999985 18.7075
1 -0.000310869 0.00192286 -0.0754633 0.000304663 0.999996 0.00323078 -0.138809 -0.00192347 -0.00322986 0.999997 20.0521
0.999994 -0.00186988 0.00330799 -0.0653944 0.00187151 0.999999 -0.000470564 -0.137397 -0.00330665 0.00047669 0.999997 21.3627
0.999998 0.000704499 0.00273524 -0.0583214 -0.000698482 1 -0.00219331 -0.12798 -0.00273634 0.00219169 0.999998 22.6651
0.999991 0.00298375 0.00365783 -0.0572276 -0.00297632 0.999994 -0.00202187 -0.12619 -0.00366333 0.00201094 0.999994 23.9423
0.999983 0.00308983 0.00561645 -0.0601644 -0.00310444 0.999995 0.00259898 -0.136334 -0.00560775 -0.0026163 0.999986 25.2895
0.99999 0.00124347 0.00492749 -0.0497022 -0.00126135 0.999994 0.00366219 -0.15309 -0.00492239 -0.00366843 0.999984 26.6661
0.999987 -0.00155963 0.00545574 -0.0389174 0.00154346 0.999998 0.00296999 -0.18769 -0.00545971 -0.00296142 0.999986 27.9893
0.999994 -0.00195285 0.00368505 -0.0346986 0.0019484 0.999998 0.00124718 -0.189976 -0.00368694 -0.0012401 0.999995 29.3891
0.999985 -0.00157538 0.00585792 -0.0317971 0.00157031 1 0.000876066 -0.216396 -0.00585875 -0.000866811 0.999988 30.7463
0.999993 0.000903573 0.00419064 -0.0490714 -0.00090607 1 0.000611636 -0.222322 -0.00418955 -0.000615633 0.999995 32.1984
0.999992 0.00126628 0.00470504 -0.0456226 -0.0012665 1 3.30469e-05 -0.243117 -0.00470431 -3.89783e-05 0.999995 33.5824
0.999985 0.00145931 0.00581094 -0.0375348 -0.00146325 1 0.000677714 -0.264187 -0.00580943 -0.000686375 0.999987 34.9582
0.999994 0.00138051 0.00443387 -0.0348395 -0.00139143 0.999999 0.00242261 -0.286504 -0.00442985 -0.00242884 0.999993 36.3622
0.999985 0.00234519 0.0055956 -0.0369863 -0.00236837 0.999991 0.00414645 -0.299919 -0.00558534 -0.00415977 0.999981 37.7478
0.999982 0.00559723 0.00393529 -0.0336682 -0.00560714 0.999984 0.00247303 -0.296796 -0.00392068 -0.00249511 0.999996 39.162
0.999967 0.00718385 0.00464684 -0.049251 -0.0071986 0.999972 0.0031514 -0.309416 -0.00462354 -0.0031847 0.999989 40.5505
0.999953 0.00858212 0.00547788 -0.0548069 -0.0086013 0.99996 0.00344376 -0.317536 -0.00544734 -0.00349078 0.999986 41.9504
0.999962 0.00826386 0.00397703 -0.0580348 -0.00828016 0.999961 0.00407646 -0.323876 -0.00394253 -0.00410923 0.99999 43.3729
0.999957 0.00804629 0.0056667 -0.0589142 -0.00806548 0.999966 0.00331501 -0.331566 -0.00563898 -0.00336062 0.999986 44.7838
0.999974 0.00721266 0.00321649 -0.0407507 -0.00721734 0.999977 0.00143957 -0.354145 -0.00320521 -0.0014627 1 46.2087
0.999975 0.00750565 0.00197546 -0.0606794 -0.00750505 0.999975 -0.00051098 -0.356267 -0.00197845 0.000496035 1.00001 47.6412
0.999978 0.00743933 -0.0002044 -0.0701853 -0.00743948 0.999976 0.000155572 -0.374024 0.000206215 -0.000154184 1.00001 49.069
0.999978 0.00701588 -0.00235248 -0.083864 -0.00701464 0.999979 0.00072287 -0.390145 0.00235838 -0.000706468 1 50.5151
0.999977 0.00744459 -0.00162454 -0.0898219 -0.00744253 0.999976 0.0014374 -0.403808 0.00163568 -0.00142526 1.00001 51.9189
0.999973 0.00703938 -0.00422251 -0.103885 -0.00702905 0.999976 0.00259303 -0.410645 0.00424158 -0.00256341 0.999996 53.3598
0.999986 0.00535007 -0.00357764 -0.110428 -0.00533846 0.999985 0.00338663 -0.415479 0.00359583 -0.00336757 0.999996 54.7877
0.999978 0.00529617 -0.0054512 -0.121488 -0.00527692 0.999984 0.00368617 -0.423061 0.00547134 -0.00365773 0.999988 56.2282
0.999982 0.0037299 -0.00611092 -0.135975 -0.00370736 0.99999 0.00377674 -0.43609 0.00612516 -0.00375399 0.999983 57.6537
0.99999 0.00310578 -0.00506035 -0.140381 -0.00308645 0.999992 0.00400962 -0.454847 0.0050735 -0.00399443 0.999989 59.0767
0.999991 0.00177407 -0.00558927 -0.149862 -0.00174995 0.999994 0.00440016 -0.470013 0.00559715 -0.0043904 0.999984 60.5058
1 0.00218856 -0.00331575 -0.143001 -0.00217346 0.999991 0.00484865 -0.499491 0.00332693 -0.00484199 0.999993 61.8962
1 0.00136458 -0.00314272 -0.14149 -0.00135039 0.999993 0.00465722 -0.533794 0.0031491 -0.00465309 0.999994 63.3414
1 0.00134915 -0.0029 -0.147044 -0.00133845 0.999997 0.00405722 -0.544972 0.00290598 -0.00405386 0.999998 64.7597
1.00001 0.00154369 -0.000461273 -0.165612 -0.00154235 0.999996 0.00394837 -0.560745 0.000467362 -0.00394787 1 66.1574
1.00001 0.00264542 -0.00105509 -0.176413 -0.00264198 0.999993 0.00431945 -0.572 0.00106695 -0.00431735 1 67.5795
0.999997 0.00459276 0.00201822 -0.174275 -0.004605 0.999977 0.00583893 -0.586358 -0.00199142 -0.00584837 0.999992 68.9814
0.999978 0.00798341 0.00145961 -0.183128 -0.00799471 0.999949 0.00713451 -0.600146 -0.00140252 -0.00714634 0.999985 70.3989
0.999929 0.0121644 0.00334026 -0.194163 -0.0121921 0.999897 0.00825752 -0.618002 -0.00323955 -0.00829775 0.999972 71.787
0.999883 0.0158575 0.00236036 -0.193921 -0.0158802 0.999837 0.00925489 -0.623012 -0.00221315 -0.00929167 0.999967 73.1927
0.999804 0.0200195 0.00306782 -0.202856 -0.0200456 0.999769 0.00857042 -0.631852 -0.0028955 -0.00863026 0.999971 74.5996
0.99979 0.0205954 0.00467839 -0.208293 -0.0206375 0.999754 0.0087766 -0.638824 -0.00449654 -0.00887146 0.999964 75.9833
0.999776 0.0211879 0.00429662 -0.212974 -0.0212284 0.999737 0.00949836 -0.648229 -0.00409429 -0.00958737 0.999959 77.3953
0.999802 0.0194031 0.00692683 -0.209754 -0.0194654 0.999778 0.00878573 -0.656155 -0.00675491 -0.00891889 0.999951 78.7766
0.999814 0.0189372 0.00574614 -0.207785 -0.0189873 0.999789 0.00869799 -0.660672 -0.00558038 -0.0088054 0.99996 80.173
0.999831 0.0184269 0.0054028 -0.201559 -0.0184755 0.999798 0.00870977 -0.665591 -0.00524141 -0.00880812 0.999962 81.5581
0.999831 0.0174433 0.00739508 -0.183441 -0.0175088 0.999815 0.00879576 -0.678487 -0.00724048 -0.00892373 0.999949 82.9311
0.999845 0.0174241 0.00631557 -0.183352 -0.0174817 0.999815 0.00886714 -0.685802 -0.00615984 -0.00897617 0.999955 84.3204
0.999839 0.0173627 0.0066393 -0.183285 -0.0174236 0.999814 0.00913722 -0.686237 -0.00647959 -0.00925127 0.999952 85.6751
0.999859 0.0171427 0.00454737 -0.177422 -0.0171864 0.999816 0.00931044 -0.68222 -0.00438695 -0.00938715 0.999961 87.0551
0.999896 0.0146937 0.00400017 -0.181543 -0.0147329 0.99985 0.00980332 -0.698082 -0.00385576 -0.00986096 0.999959 88.436
0.999937 0.0121346 0.00376047 -0.182813 -0.0121728 0.999885 0.00980759 -0.704376 -0.00364108 -0.00985266 0.99996 89.79
0.999946 0.0113039 0.00199024 -0.180889 -0.0113241 0.999892 0.0100798 -0.708363 -0.00187631 -0.0101015 0.999963 91.1704
0.999961 0.0103732 0.00233505 -0.184578 -0.0103975 0.999904 0.00979061 -0.706734 -0.00223331 -0.00981431 0.999965 92.5029
0.999964 0.00987314 0.00129343 -0.186895 -0.0098867 0.999906 0.0101675 -0.707641 -0.00119306 -0.0101796 0.999964 93.8797
0.999971 0.009443 0.00192319 -0.189693 -0.00946364 0.999913 0.00992375 -0.712075 -0.00182934 -0.00994142 0.999965 95.2273
0.999969 0.00934483 0.00128349 -0.194593 -0.0093581 0.999913 0.00994245 -0.717609 -0.00119062 -0.00995375 0.999967 96.5852
0.999967 0.0100025 0.00167721 -0.202338 -0.0100203 0.999909 0.00974241 -0.714653 -0.00157956 -0.00975859 0.999968 97.9374
0.999953 0.0107178 0.0028521 -0.209516 -0.0107472 0.999898 0.0101347 -0.714576 -0.0027433 -0.0101644 0.999962 99.2796
0.999954 0.0108333 0.00333327 -0.216134 -0.0108724 0.999884 0.0113617 -0.725464 -0.00320968 -0.0113972 0.999947 100.651
0.999941 0.0109498 0.00530968 -0.222621 -0.0110113 0.99988 0.0115049 -0.724499 -0.00518304 -0.0115621 0.999936 101.987
0.999957 0.0104576 0.00383971 -0.227813 -0.0104992 0.999897 0.0104781 -0.742455 -0.00372951 -0.0105177 0.999955 103.365
0.999954 0.0102483 0.00414814 -0.231045 -0.0102851 0.999916 0.00869633 -0.740425 -0.00405854 -0.0087379 0.99997 104.711
0.99996 0.0105789 0.00258799 -0.242878 -0.0105979 0.999929 0.00674418 -0.750936 -0.00251617 -0.00677127 0.999992 106.021
0.999986 0.00735734 0.0018528 -0.238826 -0.00737062 0.999957 0.00664641 -0.757567 -0.00180374 -0.00665936 0.999993 107.38
1 0.00605902 0.000559286 -0.221621 -0.00606451 0.999966 0.00685634 -0.752466 -0.000517388 -0.00685975 0.999994 108.659
1.00001 0.00449102 0.00122804 -0.225013 -0.00450131 0.999969 0.00752848 -0.7653 -0.00119408 -0.00753335 0.999988 110.009
1.00001 0.0037347 0.00166926 -0.234989 -0.00374659 0.999982 0.0061237 -0.793709 -0.00164607 -0.00612998 0.999998 111.305
1 0.00496442 0.00226953 -0.248401 -0.00497669 0.999983 0.00489733 -0.800316 -0.00224504 -0.0049079 1 112.629
0.99999 0.00702838 0.00309082 -0.257696 -0.00704196 0.999977 0.00384244 -0.814782 -0.0030633 -0.00386406 1.00001 113.982
0.999961 0.00911208 0.00522289 -0.264002 -0.0091302 0.999961 0.00323458 -0.826098 -0.005193 -0.00328129 0.999999 115.306
0.999943 0.0104637 0.00668231 -0.264252 -0.010503 0.999939 0.00560076 -0.834325 -0.00662272 -0.00567023 0.999982 116.669
0.999929 0.0100106 0.00875559 -0.263231 -0.0100803 0.999926 0.0078169 -0.846747 -0.00867655 -0.00790382 0.99995 117.984
0.99993 0.0100229 0.00899406 -0.259467 -0.0101016 0.999921 0.00855487 -0.852521 -0.00890687 -0.00864488 0.999943 119.351
0.99992 0.0107255 0.00894241 -0.256772 -0.0107926 0.999923 0.00735234 -0.841333 -0.00886274 -0.00744748 0.999952 120.699
0.999893 0.0117975 0.0107768 -0.249604 -0.0118742 0.999915 0.00692915 -0.852949 -0.0106934 -0.007056 0.999938 122.021
0.999865 0.0137052 0.0108061 -0.247991 -0.0137584 0.999902 0.00475787 -0.861246 -0.0107398 -0.0049051 0.999949 123.411
0.999825 0.0144225 0.0134604 -0.23613 -0.0144797 0.999896 0.00404263 -0.870435 -0.0134 -0.00423647 0.999921 124.743
0.999793 0.0158389 0.0141679 -0.224261 -0.0158964 0.999874 0.00388093 -0.875448 -0.0141047 -0.0041046 0.999911 126.112
0.999781 0.0152607 0.0156632 -0.200168 -0.01531 0.999888 0.002932 -0.879603 -0.0156159 -0.00317092 0.999894 127.435
0.999752 0.0147081 0.0177984 -0.182848 -0.0147826 0.999892 0.00400869 -0.891296 -0.0177376 -0.00427003 0.999853 128.751
0.99977 0.0132415 0.0180473 -0.168779 -0.0133149 0.999914 0.00386238 -0.909322 -0.0179939 -0.00410145 0.999851 130.129
0.999731 0.0132434 0.0200216 -0.146198 -0.0133331 0.999911 0.0043107 -0.918344 -0.0199627 -0.00457582 0.99981 131.453
0.999729 0.0134226 0.0200961 -0.123555 -0.0135094 0.999909 0.00410611 -0.917867 -0.0200385 -0.00437611 0.999811 132.818
0.999755 0.0112526 0.0200782 -0.0968632 -0.0113369 0.999936 0.00404477 -0.928345 -0.0200314 -0.00427075 0.99981 134.18
0.999766 0.0097051 0.0204261 -0.0692437 -0.00978586 0.999954 0.00376858 -0.94556 -0.0203879 -0.00396731 0.999807 135.5
0.99981 0.00858157 0.0186505 -0.0542075 -0.00865425 0.999965 0.00376811 -0.959588 -0.0186175 -0.00392814 0.999839 136.868
0.999831 0.00631232 0.01846 -0.03139 -0.00638605 0.999981 0.0038412 -0.981148 -0.0184347 -0.00395814 0.999845 138.19
0.99987 0.00497393 0.0166386 -0.0146885 -0.00505107 0.999986 0.00453813 -0.994028 -0.0166158 -0.00462084 0.999872 139.548
0.999857 0.00375777 0.0177724 0.00519399 -0.0038596 0.999987 0.0055945 -0.999562 -0.0177503 -0.00566213 0.99985 140.877
0.999899 0.00348556 0.0153439 0.0133777 -0.00357656 0.999986 0.00583866 -1.00962 -0.0153233 -0.00589215 0.999888 142.23
0.999912 0.00364775 0.0144688 0.0280858 -0.00371079 0.999994 0.00419875 -1.01633 -0.0144528 -0.00425185 0.999912 143.57
0.999918 0.000791531 0.0144523 0.0513569 -0.000810248 1.00001 0.00121276 -1.03181 -0.0144513 -0.00122351 0.999917 144.925
0.999938 -0.0041858 0.0124404 0.0687685 0.00416903 1 0.00120119 -1.05886 -0.012445 -0.001149 0.999948 146.283
0.999909 -0.0101805 0.0111662 0.097818 0.0101462 0.999954 0.00301933 -1.07113 -0.0111963 -0.0029049 0.999956 147.655
0.99988 -0.0148792 0.00842618 0.117554 0.014847 0.999895 0.00359842 -1.082 -0.00847868 -0.00347261 0.999984 149.01
0.999842 -0.0176609 0.0073864 0.13201 0.0176362 0.99985 0.00317263 -1.09278 -0.00744151 -0.00304095 0.999992 150.352
0.999833 -0.0174748 0.00899823 0.136958 0.0174686 0.999859 0.000502978 -1.10689 -0.00900557 -0.000345452 0.999986 151.752
0.999868 -0.0154905 0.0087489 0.134814 0.0154983 0.99989 -0.00101252 -1.11095 -0.00873256 0.00114888 0.999985 153.1
0.999858 -0.0148596 0.0107471 0.141847 0.0148781 0.9999 -0.00186759 -1.14498 -0.0107181 0.00202747 0.999968 154.458
0.999832 -0.0170564 0.00994333 0.160571 0.0170286 0.999862 0.00272093 -1.16145 -0.0099887 -0.00255023 0.999972 155.795
0.999664 -0.0242666 0.0116375 0.20249 0.0241868 0.999697 0.00673785 -1.14933 -0.0117973 -0.00645376 0.999937 157.119
0.99953 -0.0286227 0.0132103 0.214741 0.0285197 0.999575 0.00777533 -1.14765 -0.0134274 -0.00739387 0.999909 158.452
0.99947 -0.0311377 0.012107 0.233107 0.0310399 0.999499 0.00795253 -1.15444 -0.012348 -0.00757187 0.999924 159.797
0.999462 -0.0302106 0.0148076 0.246169 0.0300922 0.999527 0.00800957 -1.14895 -0.0150424 -0.00755843 0.999886 161.128
0.99956 -0.0267744 0.0149183 0.259401 0.0266552 0.999626 0.00793146 -1.15382 -0.0151246 -0.0075296 0.999887 162.484
0.999608 -0.0231364 0.0175201 0.271431 0.0230311 0.99973 0.00607 -1.1571 -0.0176556 -0.00566259 0.999856 163.808
0.999677 -0.0215859 0.0154459 0.268539 0.0215087 0.99977 0.00496009 -1.16161 -0.0155489 -0.00462563 0.999897 165.117
0.999697 -0.020437 0.0157262 0.280401 0.0203534 0.999792 0.00532032 -1.13315 -0.0158316 -0.00499724 0.99989 166.496
0.999719 -0.0187307 0.0163887 0.291416 0.0186416 0.999825 0.00539657 -1.13698 -0.0164863 -0.005089 0.99988 167.835
0.999769 -0.0168927 0.0154386 0.302145 0.0168433 0.999867 0.00317578 -1.13767 -0.0154906 -0.00291386 0.999905 169.202
0.999805 -0.0138094 0.016089 0.308391 0.0137871 0.999918 0.00131795 -1.15142 -0.0161055 -0.00109522 0.9999 170.533
0.999884 -0.00849535 0.0149085 0.30807 0.00848867 0.999977 0.000355662 -1.15588 -0.0149117 -0.000227962 0.999919 171.914
0.999904 -0.00466618 0.0152476 0.31291 0.00464333 1 0.00135751 -1.15912 -0.0152537 -0.00128596 0.999914 173.282
0.999884 -0.00265942 0.0169639 0.325792 0.00260531 1.00001 0.00308815 -1.16809 -0.0169726 -0.0030424 0.999882 174.649
0.999901 0.000548999 0.016194 0.346029 -0.000661243 0.999993 0.00676838 -1.17139 -0.0161899 -0.00677771 0.999878 176.026
0.999941 -0.00156942 0.0133514 0.337817 0.00146596 0.999983 0.00760663 -1.17381 -0.0133636 -0.00758535 0.999913 177.465
0.999979 -0.00521086 0.00883613 0.367225 0.00515868 0.999988 0.00562185 -1.16869 -0.00886514 -0.0055754 0.999977 178.932
0.999976 -0.00588298 0.00883907 0.375688 0.00586748 0.999995 0.0015546 -1.16818 -0.00884863 -0.00150167 0.99999 180.302
0.999992 -0.0048282 0.00749558 0.387341 0.00484551 1 -0.00265055 -1.17513 -0.00748269 0.00268759 1 181.682
1.00002 -0.00276691 0.00500923 0.406498 0.00279406 0.999993 -0.0057951 -1.18535 -0.00499369 0.00581007 1 183.053
1.00001 0.000142062 0.00660383 0.40883 -0.000113457 1.00001 -0.00470188 -1.21758 -0.00660428 0.0047018 1 184.411
1.00002 0.00195059 0.00543195 0.405801 -0.00194233 1.00001 -0.00185293 -1.23386 -0.00543613 0.00184328 1.00001 185.821
1.00003 0.000920556 0.00303402 0.397003 -0.000915868 1.00001 -0.00234054 -1.24449 -0.00303604 0.00233843 1.00003 187.246
1.00003 0.0005655 0.00234361 0.397249 -0.000563124 1.00001 -0.00175694 -1.25527 -0.00234523 0.00175648 1.00003 188.664
1.00003 -0.000907722 0.00243522 0.401366 0.000909187 1.00002 -0.00152021 -1.28049 -0.00243344 0.0015229 1.00003 190.081
1.00003 -0.0020447 0.00239838 0.410184 0.00204585 1.00001 -0.0011186 -1.31316 -0.0023965 0.00112421 1.00003 191.467
1.00002 -0.00446655 0.00181893 0.411445 0.00446583 1.00001 -0.000835928 -1.33652 -0.00181471 0.000844264 1.00003 192.897
1.00001 -0.00623793 0.00300267 0.416163 0.00623456 0.999995 0.000562697 -1.36054 -0.00300654 -0.000543224 1.00003 194.289
0.999994 -0.00917081 0.000380169 0.424648 0.0091678 0.999975 0.00181248 -1.39257 -0.000396276 -0.00180881 1.00003 195.762
0.999973 -0.0111091 0.00118781 0.42646 0.0111038 0.999949 0.00300129 -1.42892 -0.00122151 -0.00298725 1.00003 197.159
0.99999 -0.0095953 -0.000185067 0.412689 0.00959295 0.999973 -0.000655115 -1.44399 0.000191786 0.000653552 1.00004 198.604
1.00003 -0.00263243 0.000341126 0.397086 0.00263233 1 -0.00459974 -1.4561 -0.000329372 0.00460157 1.00002 200.022
1.00002 0.00572756 0.00252424 0.378623 -0.00571794 0.999993 -0.00458561 -1.46385 -0.00254984 0.00457156 1.00002 201.427
0.999977 0.0106273 0.00199686 0.345258 -0.0106237 0.999956 -0.00249261 -1.4701 -0.00202364 0.0024722 1.00003 202.91
0.999956 0.0121209 0.00413626 0.341417 -0.0121282 0.999947 0.001284 -1.48727 -0.00411988 -0.00133365 1.00003 204.352
0.999985 0.0101372 0.000621202 0.332483 -0.0101395 0.999964 0.00143157 -1.50572 -0.000607107 -0.00143677 1.00003 205.817
1.00001 0.00744245 0.000533825 0.36438 -0.00744496 0.999992 0.0011625 -1.50698 -0.000524586 -0.00116609 1.00004 207.276
1.00002 0.00595965 0.00051932 0.367262 -0.00596179 0.999998 0.00147778 -1.52107 -0.000510758 -0.00147976 1.00003 208.72
1.00002 0.00615962 -0.0012887 0.358487 -0.00615966 0.999999 0.0013568 -1.52464 0.00129767 -0.00134852 1.00004 210.185
1.00002 0.00632757 -0.00048868 0.347631 -0.00632818 0.999996 0.00160805 -1.54307 0.000498722 -0.00160383 1.00003 211.614
1.00001 0.00802227 -0.00173857 0.331924 -0.00801914 0.999984 0.00265402 -1.55562 0.00176062 -0.00263991 1.00003 213.095
1.00001 0.0070821 -0.00170283 0.323649 -0.00707859 0.999988 0.00284703 -1.57246 0.00172271 -0.00283395 1.00003 214.569
1.00001 0.00738132 -0.00164035 0.327831 -0.00738064 0.999992 0.00135259 -1.59238 0.00165108 -0.00134038 1.00004 216.037
1.00001 0.0076146 -0.00326434 0.309806 -0.00761095 0.999987 0.00153463 -1.60754 0.00327576 -0.00150878 1.00003 217.532
1.00001 0.00815771 -0.00150528 0.302125 -0.00815802 0.999986 0.000752616 -1.6172 0.00151223 -0.000740102 1.00004 218.971
0.999985 0.00980747 -0.00427621 0.286173 -0.00980248 0.999969 0.00147914 -1.62502 0.00429024 -0.00143606 1.00003 220.458
0.999975 0.0111206 -0.00345293 0.274505 -0.0111191 0.999958 0.000867758 -1.63337 0.00346314 -0.000829191 1.00004 221.907
0.99997 0.0108261 -0.00534852 0.273182 -0.0108256 0.999959 0.000344171 -1.64081 0.00535173 -0.000285181 1.00002 223.423
0.999952 0.0122963 -0.00576566 0.256103 -0.0122936 0.999945 0.000752424 -1.64958 0.00577515 -0.000681411 1.00003 224.909
0.999938 0.0137103 -0.00495546 0.235649 -0.0137099 0.999924 0.000367258 -1.65633 0.0049598 -0.000298189 1.00003 226.383
0.999924 0.0140243 -0.00682962 0.209541 -0.0140219 0.999922 0.000595296 -1.68488 0.00683808 -0.000499358 1.00002 227.908
0.99995 0.0123537 -0.00604611 0.193183 -0.0123523 0.999943 0.00046475 -1.71294 0.0060514 -0.000388953 1.00002 229.399
0.999938 0.0130354 -0.00677179 0.187201 -0.013035 0.999936 0.000315154 -1.71224 0.00677611 -0.000226796 1.00002 230.901
0.99995 0.0122138 -0.00645853 0.170059 -0.0122077 0.999945 0.00115901 -1.72774 0.00647233 -0.00107921 1.00002 232.387
0.999958 0.0122804 -0.00541121 0.151691 -0.0122749 0.999944 0.00132647 -1.73526 0.00542793 -0.00126021 1.00003 233.87
0.999941 0.0124922 -0.00724355 0.142129 -0.012482 0.999941 0.00160116 -1.74613 0.00726303 -0.00150992 1.00001 235.37
0.999949 0.0121027 -0.0071655 0.0885637 -0.0121044 0.999946 -1.12716e-05 -1.75412 0.0071657 9.77026e-05 1.00002 236.959
0.999937 0.0116787 -0.00906496 0.0700977 -0.0116802 0.999952 2.21436e-05 -1.76317 0.00906467 8.45575e-05 1 238.46
0.999958 0.0105302 -0.00831667 0.0462667 -0.0105195 0.999963 0.0014828 -1.78716 0.00833275 -0.00139556 1.00001 239.969
0.999971 0.0105206 -0.00626833 0.0311768 -0.0105098 0.999963 0.00195511 -1.80118 0.00628866 -0.00188832 1.00002 241.476
0.999963 0.0110634 -0.00689691 0.00783773 -0.0110567 0.999959 0.00116359 -1.81229 0.00691017 -0.00108763 1.00003 243.005
0.999976 0.0101847 -0.00609607 0.00398327 -0.0101991 0.999966 -0.00214174 -1.82691 0.00607419 0.00220474 1.00002 244.532
0.999968 0.0106172 -0.0067784 -0.0178479 -0.0106311 0.999963 -0.00184296 -1.84746 0.0067594 0.00191449 1.00003 246.06
0.999972 0.0103321 -0.00663976 -0.0337633 -0.0103396 0.999967 -0.000911274 -1.86926 0.00663023 0.000980892 1.00002 247.585
0.999933 0.0127049 -0.00829238 -0.0596373 -0.0127094 0.99994 -0.000360575 -1.88133 0.00828804 0.000465479 1.00002 249.083
0.999925 0.0126079 -0.00934235 -0.0773592 -0.0126098 0.999941 -3.73512e-05 -1.90028 0.0093415 0.000156169 0.999998 250.618
0.999925 0.0128381 -0.00906697 -0.0919362 -0.0128565 0.999937 -0.00184208 -1.90853 0.00904348 0.00195794 1.00001 252.184
0.999919 0.0124756 -0.0102232 -0.109207 -0.0124922 0.999942 -0.00145335 -1.92044 0.0102046 0.00158193 0.999989 253.725
0.999931 0.0124971 -0.00900184 -0.130429 -0.0125092 0.999942 -0.00116775 -1.93571 0.00898739 0.00127961 1.00001 255.238
0.999929 0.011484 -0.0103826 -0.150354 -0.0114964 0.999955 -0.00103109 -1.95907 0.0103705 0.00115136 0.999988 256.79
0.999928 0.0111769 -0.0108236 -0.123621 -0.011184 0.999958 -0.000492265 -1.95676 0.0108183 0.000612624 0.999994 258.387
0.999955 0.0108925 -0.00864677 -0.143862 -0.0108946 0.999962 -5.31099e-05 -1.96471 0.00864584 0.000148007 1.00001 259.909
0.999943 0.0108314 -0.00982658 -0.156916 -0.0108357 0.999962 -0.000259964 -1.98319 0.00982402 0.000365666 1 261.444
0.999954 0.0106656 -0.00903073 -0.177583 -0.0106715 0.999964 -0.000458529 -2.00069 0.00902548 0.000555448 1 262.968
0.999942 0.0109626 -0.00987909 -0.177697 -0.0109703 0.999961 -0.00061562 -2.01198 0.00987262 0.000723298 1 264.506
0.999968 0.00907289 -0.00930864 -0.195542 -0.00907262 0.999981 0.000225431 -2.01618 0.00931031 -0.000140432 1 266.045
1 0.00718761 -0.00701928 -0.213226 -0.00719201 0.999996 -0.000429479 -2.04448 0.007017 0.000479274 1.00003 267.564
0.999997 0.00730505 -0.00748026 -0.227918 -0.00731286 0.999995 -0.000832918 -2.0697 0.00747427 0.000888048 1.00002 269.098
1 0.00822126 -0.00508616 -0.247037 -0.00822694 0.999988 -0.000864908 -2.08624 0.00507981 0.000906033 1.00004 270.637
1 0.00919601 -0.00388637 -0.267506 -0.00920073 0.999979 -0.000837436 -2.11457 0.00387884 0.000873702 1.00004 272.199
1 0.00993622 -0.00273798 -0.281705 -0.00994051 0.999973 -0.00111244 -2.12274 0.0027278 0.00113924 1.00005 273.735
0.999982 0.0116959 0.00200036 -0.303992 -0.0116986 0.999954 0.000647519 -2.15637 -0.00199232 -0.000670429 1.00004 275.239
0.999993 0.0104992 0.00337755 -0.312295 -0.0105001 0.999968 -0.00010603 -2.17408 -0.00337741 7.02693e-05 1.00005 276.784
0.999969 0.0114466 0.00623729 -0.318717 -0.011449 0.999958 0.000111682 -2.19041 -0.0062353 -0.000182885 1.00003 278.315
0.99998 0.01072 0.00585862 -0.314682 -0.0107201 0.999966 -0.000243906 -2.19911 -0.00585986 0.000180836 1.00004 279.859
0.999974 0.00992757 0.00792598 -0.31736 -0.00991315 0.999972 -0.00206003 -2.21001 -0.00794574 0.00198166 1.00001 281.355
0.99994 0.00819112 0.0127045 -0.302028 -0.008178 0.99999 -0.00118275 -2.24012 -0.0127126 0.00107842 0.999973 282.847
0.999952 0.00791756 0.0119254 -0.307763 -0.00790817 0.999991 -0.000965701 -2.25861 -0.0119323 0.000871598 0.999976 284.386
0.999949 0.0073434 0.0125771 -0.293819 -0.00732534 0.999995 -0.00158781 -2.26238 -0.0125872 0.00149516 0.999974 285.956
0.999969 0.00785095 0.010504 -0.27919 -0.00783107 0.99999 -0.00207924 -2.287 -0.0105195 0.00199706 0.99999 287.517
0.999971 0.00746396 0.0105489 -0.274585 -0.00744931 0.999995 -0.00155952 -2.29498 -0.010559 0.00148044 0.999997 289.041
0.999974 0.00602207 0.0112223 -0.262238 -0.00602177 1.00001 -0.000203374 -2.29705 -0.0112229 0.000135967 0.999985 290.578
0.999997 0.00647841 0.00858723 -0.256764 -0.00648105 1 0.000108987 -2.31838 -0.00858513 -0.000165084 1.00002 292.156
0.999981 0.00673937 0.010154 -0.245214 -0.00674078 1 -5.35734e-05 -2.33222 -0.0101536 -1.4741e-05 0.999997 293.695
0.999998 0.0070537 0.00822786 -0.238399 -0.00705964 0.999999 0.00051079 -2.34527 -0.00822299 -0.000569351 1.00002 295.282
1.00001 0.00658426 0.00674148 -0.240964 -0.00658957 1 0.000522904 -2.35821 -0.00673704 -0.000566973 1.00003 296.852
0.999996 0.00803485 0.00748796 -0.219953 -0.00805385 0.999989 0.00232126 -2.37206 -0.00746797 -0.00238189 1.00003 298.366
1 0.00911096 0.00557297 -0.221874 -0.00913167 0.999978 0.00342368 -2.37942 -0.00554068 -0.00347428 1.00003 299.96
0.999978 0.00974202 0.0080093 -0.215413 -0.00977432 0.99997 0.00382793 -2.39093 -0.00797055 -0.00390648 1.00002 301.524
0.999975 0.0102463 0.00769275 -0.213691 -0.0102813 0.999963 0.00433925 -2.40234 -0.00764701 -0.00441791 1.00001 303.125
0.999978 0.00975098 0.00801997 -0.207745 -0.00979039 0.999967 0.00469795 -2.40735 -0.00797258 -0.00477655 1.00001 304.715
0.999975 0.00821664 0.00998262 -0.18869 -0.00825803 0.999984 0.00395218 -2.4206 -0.00994907 -0.00403403 0.999995 306.287
0.999983 0.00801619 0.0093012 -0.173657 -0.00804773 0.999988 0.00318835 -2.42968 -0.00927444 -0.00326338 1.00001 307.883
0.999974 0.00785597 0.0104011 -0.165748 -0.00787801 0.999993 0.00190834 -2.43918 -0.010385 -0.00198968 0.999997 309.483
0.999996 0.00852774 0.00749042 -0.154673 -0.00854591 0.999987 0.0021723 -2.45013 -0.00747065 -0.00223634 1.00003 311.085
1.00001 0.00900373 0.00428049 -0.161591 -0.00901239 0.999984 0.00160169 -2.46228 -0.00426518 -0.00163976 1.00004 312.686
0.999993 0.0102835 0.00533238 -0.171057 -0.0103091 0.999963 0.00449327 -2.46819 -0.00528483 -0.00454818 1.00003 314.291
1 0.00925773 0.00496604 -0.165794 -0.00929589 0.999956 0.00735015 -2.47663 -0.0048969 -0.00739551 1.00001 315.925
1.00001 0.00835652 0.00535013 -0.163921 -0.00839724 0.999964 0.00731867 -2.47663 -0.00528757 -0.00736356 1.00002 317.571
1.00002 0.0082511 0.0038396 -0.158891 -0.00828249 0.999961 0.00776852 -2.51664 -0.00377455 -0.00779967 1.00001 319.239
1.00002 0.00782225 0.00545261 -0.15955 -0.00786735 0.999964 0.00799211 -2.51929 -0.00538868 -0.00803502 1.00001 320.846
1.00002 0.00830957 0.00443563 -0.158402 -0.00834707 0.999958 0.00809221 -2.50179 -0.00436735 -0.00812843 1.00001 322.516
1.00001 0.00839057 0.00499606 -0.152633 -0.00842986 0.999963 0.00755459 -2.50728 -0.00493128 -0.00759673 1.00002 324.142
0.999995 0.0085392 0.00756718 -0.154767 -0.00859436 0.999964 0.00704179 -2.51173 -0.00750577 -0.00710578 0.999999 325.766
1 0.00863538 0.00683548 -0.14773 -0.00868312 0.999967 0.0067368 -2.51354 -0.00677585 -0.00679606 1.00001 327.413
0.999984 0.00804105 0.0094384 -0.139114 -0.00812856 0.999951 0.00907103 -2.52133 -0.00936398 -0.00914646 0.999967 329.041
1.00001 0.00539891 0.00913239 -0.128736 -0.00548756 0.999967 0.009511 -2.5088 -0.00907946 -0.009561 0.999973 330.707
1.00001 0.00446362 0.0092546 -0.116241 -0.0045471 0.999977 0.00880227 -2.50256 -0.00921416 -0.00884333 0.999971 332.318
0.999995 0.00477549 0.0107106 -0.109935 -0.00487959 0.99997 0.00954202 -2.50485 -0.0106635 -0.00959397 0.999957 333.928
1 0.00558593 0.00934708 -0.0972074 -0.0056604 0.99998 0.00774591 -2.49009 -0.00930259 -0.00779777 0.999979 335.548
0.999978 0.0090381 0.00952653 -0.0881327 -0.00909753 0.999967 0.00603248 -2.5308 -0.00947047 -0.00611875 0.999996 337.169
0.999982 0.00987131 0.00797006 -0.0841588 -0.00993339 0.999948 0.0075503 -2.53265 -0.00789413 -0.0076281 0.999993 338.79
0.999984 0.0106857 0.00679099 -0.0813218 -0.0107616 0.999908 0.0109946 -2.546 -0.0066718 -0.011067 0.999977 340.419
0.999968 0.0116605 0.0074089 -0.0748669 -0.0117633 0.999863 0.0137347 -2.55528 -0.00724658 -0.01382 0.999933 341.999
0.999977 0.0121394 0.00522653 -0.0718477 -0.0122126 0.999856 0.0138841 -2.55135 -0.00505616 -0.013947 0.99995 343.615
0.999975 0.012094 0.00576743 -0.0717086 -0.0121816 0.999839 0.0150997 -2.5376 -0.00558268 -0.0151682 0.999925 345.198
0.999993 0.0116352 0.00297276 -0.0657856 -0.0116836 0.999827 0.0161999 -2.51633 -0.00278265 -0.0162338 0.999924 346.815
1.00001 0.0104806 0.00190797 -0.0637532 -0.0105141 0.99982 0.0174287 -2.5077 -0.00172396 -0.0174474 0.999902 348.409
1.00001 0.0104791 0.00244354 -0.0751569 -0.0105217 0.99982 0.0173755 -2.53286 -0.00225989 -0.0174006 0.999906 349.969
1.00001 0.0102925 0.000819962 -0.0892433 -0.0103073 0.999818 0.0176727 -2.52422 -0.000636895 -0.0176799 0.999899 351.604
1.00001 0.0102698 0.00180871 -0.0944603 -0.0103019 0.999817 0.0177172 -2.50833 -0.00162524 -0.0177353 0.999903 353.166
1.00002 0.00904801 0.000436598 -0.101739 -0.0090563 0.999825 0.0179241 -2.49286 -0.000273266 -0.0179269 0.999895 354.796
1.00003 0.00844007 0.000570728 -0.106863 -0.00845059 0.999829 0.0180131 -2.48524 -0.000417489 -0.0180177 0.999899 356.385
1.00003 0.00827228 0.00170023 -0.113797 -0.00830344 0.99983 0.0180051 -2.47647 -0.00154987 -0.0180182 0.999892 357.949
1.00003 0.007982 0.000714853 -0.121159 -0.00799569 0.999817 0.0188896 -2.47455 -0.000562845 -0.0188952 0.999884 359.585
1.00003 0.00798889 0.0017483 -0.125745 -0.00802172 0.999822 0.0185492 -2.45846 -0.00159881 -0.0185622 0.999883 361.15
1.00005 0.00666499 0.000417767 -0.132245 -0.0066733 0.999836 0.0183505 -2.4567 -0.000294334 -0.0183534 0.999894 362.776
1.00005 0.00476476 -5.62724e-05 -0.135051 -0.00476455 0.999825 0.0194996 -2.42768 0.000150067 -0.0194988 0.999867 364.38
1.00006 0.00349581 0.00122398 -0.138301 -0.00352259 0.999801 0.0209309 -2.42186 -0.00114938 -0.0209356 0.999843 365.951
1.00006 0.0037655 -0.000644788 -0.137347 -0.0037525 0.999785 0.0216218 -2.38095 0.000726958 -0.0216189 0.999822 367.537
1.00006 0.00478586 0.000842472 -0.143926 -0.00480492 0.999781 0.0216349 -2.36465 -0.000737529 -0.0216393 0.99983 369.109
1.00005 0.0058248 -0.000475793 -0.154029 -0.00581406 0.999742 0.0231191 -2.3388 0.000611252 -0.0231158 0.999789 370.731
1.00005 0.00658751 0.000457909 -0.1683 -0.00659862 0.999704 0.0245123 -2.33021 -0.000295068 -0.0245154 0.999765 372.331
1.00004 0.00650906 -0.000573858 -0.175441 -0.00649431 0.999688 0.0251664 -2.33556 0.000738586 -0.0251622 0.99974 373.967
1.00005 0.0062946 -0.00027895 -0.181015 -0.00628759 0.999693 0.0250433 -2.3151 0.000437732 -0.0250415 0.999752 375.564
1.00004 0.00695896 0.00128792 -0.198267 -0.00699134 0.999675 0.0255697 -2.29472 -0.0011083 -0.0255783 0.999729 377.178
1.00003 0.00872528 -0.000243374 -0.21289 -0.00871744 0.999629 0.026825 -2.24055 0.000478629 -0.0268224 0.999707 378.819
1.00002 0.00939463 0.00146493 -0.221424 -0.00943322 0.999599 0.0277002 -2.21956 -0.00120271 -0.0277129 0.999673 380.403
1 0.0118461 0.00198414 -0.239 -0.0118996 0.999549 0.0285236 -2.17942 -0.00164395 -0.0285458 0.999658 382.089
0.999985 0.0126277 0.00232094 -0.24329 -0.0126913 0.999525 0.0290898 -2.1518 -0.00195121 -0.029117 0.999632 383.697
0.999979 0.0132142 0.00374694 -0.256257 -0.0133203 0.999506 0.029381 -2.13559 -0.00335537 -0.0294288 0.999629 385.319
0.999949 0.0153595 0.00172516 -0.26669 -0.0154063 0.999445 0.0304771 -2.11093 -0.00125481 -0.0305003 0.999593 386.965
0.999932 0.0165447 0.00347351 -0.274799 -0.0166478 0.999387 0.0316603 -2.08107 -0.0029461 -0.0317143 0.999563 388.559
0.999917 0.0172028 0.00261492 -0.284348 -0.0172793 0.999363 0.0321167 -2.04535 -0.00205935 -0.0321572 0.99954 390.2
0.999911 0.0179339 0.0030445 -0.287364 -0.018024 0.999346 0.0322071 -2.00996 -0.00246335 -0.0322575 0.999547 391.818
0.999905 0.0176065 0.00446351 -0.292758 -0.0177448 0.999331 0.0327991 -1.97854 -0.00388151 -0.0328732 0.999511 393.417
