1 0 0 0 0 1 0 0 0 0 1 0
0.999997 -0.00101308 -0.00231699 -0.0125064 0.00101198 0.999999 -0.000475749 -0.0198849 0.00231748 0.000473402 0.999997 0.567384
0.999996 -0.00116983 -0.00250311 -0.0175856 0.0011681 0.999999 -0.000692902 -0.0263795 0.00250392 0.000689976 0.999997 1.12009
0.99999 -0.00114697 -0.00437438 -0.0233152 0.00113746 0.999997 -0.00217654 -0.0339878 0.00437686 0.00217154 0.999988 1.67416
0.999978 -0.00243716 -0.00610112 -0.0258194 0.00242123 0.999994 -0.00261596 -0.0340375 0.00610746 0.00260113 0.999978 2.2264
0.999966 -0.00457789 -0.00688604 -0.02821 0.00455364 0.999983 -0.00353212 -0.0410044 0.0069021 0.00350064 0.99997 2.78446
0.99995 -0.00525259 -0.00853283 -0.033222 0.00521891 0.999979 -0.00396386 -0.0492171 0.00855347 0.00391912 0.999956 3.35404
0.999953 -0.0047804 -0.00841825 -0.0382556 0.00475032 0.999982 -0.00358897 -0.0572408 0.00843525 0.00354882 0.999958 3.92356
0.999945 -0.00453589 -0.00944831 -0.0472084 0.00449631 0.999981 -0.00420594 -0.0742064 0.00946721 0.00416323 0.999946 4.5033
0.99995 -0.00374107 -0.0093002 -0.0534921 0.00368766 0.999977 -0.00575308 -0.0916545 0.0093215 0.0057185 0.99994 5.08838
0.999939 -0.00319084 -0.0105512 -0.0696511 0.00310304 0.999961 -0.00832713 -0.100874 0.0105773 0.00829388 0.99991 5.68434
0.999936 -0.00210931 -0.0110833 -0.0834889 0.00197802 0.999928 -0.0118434 -0.117334 0.0111075 0.0118207 0.999868 6.28404
0.999937 -0.000539008 -0.0112555 -0.0957804 0.000410661 0.999935 -0.0114023 -0.13295 0.0112609 0.0113969 0.999872 6.89961
0.999917 0.00151651 -0.01279 -0.11552 -0.00158708 0.999984 -0.0055092 -0.136142 0.0127814 0.00552904 0.999903 7.54876
0.999918 0.00272823 -0.0125465 -0.127485 -0.00267711 0.999988 0.00408955 -0.135268 0.0125575 -0.00405563 0.999913 8.20829
0.999899 0.00378982 -0.0137248 -0.150286 -0.00364305 0.999936 0.0107034 -0.145346 0.0137644 -0.0106523 0.999848 8.88378
0.999884 0.0048146 -0.0144445 -0.166813 -0.00467063 0.999939 0.00998424 -0.160228 0.0144917 -0.00991562 0.999846 9.56363
0.999867 0.00775839 -0.0143175 -0.178416 -0.00770357 0.999963 0.00388005 -0.17367 0.014347 -0.00376924 0.99989 10.2443
0.999846 0.00780521 -0.0157481 -0.197629 -0.00783465 0.999968 -0.00180828 -0.186256 0.0157334 0.00193138 0.999874 10.9621
0.999852 0.00667603 -0.0158572 -0.208034 -0.0066873 0.999977 -0.000657855 -0.196578 0.0158525 0.000763799 0.999874 11.6766
0.999844 0.00535529 -0.0168491 -0.230924 -0.00522339 0.999955 0.00786287 -0.195309 0.0168904 -0.00777363 0.999827 12.4523
0.999863 0.00402352 -0.0160657 -0.240744 -0.00379414 0.999891 0.0142826 -0.191926 0.0161214 -0.0142197 0.999769 13.222
0.999847 0.0036843 -0.0170894 -0.261434 -0.00339388 0.99985 0.0169921 -0.189277 0.0171495 -0.0169315 0.999709 14.0217
0.99985 0.00226893 -0.0171613 -0.275123 -0.0019825 0.999859 0.0166895 -0.196112 0.0171967 -0.016653 0.999713 14.8281
0.999871 0.00305603 -0.0157451 -0.278566 -0.00282524 0.999889 0.0146591 -0.209801 0.0157882 -0.0146127 0.999768 15.6355
0.999858 0.00455971 -0.016244 -0.302981 -0.00436245 0.999917 0.012158 -0.184185 0.0162981 -0.0120854 0.999794 16.487
0.999898 0.00230036 -0.0141317 -0.31105 -0.00218833 0.999966 0.00793762 -0.193581 0.0141494 -0.00790588 0.999869 17.3302
0.9999 0.000216339 -0.0141374 -0.32723 -0.000173759 0.999996 0.00301296 -0.213858 0.014138 -0.00301021 0.999895 18.208
0.99993 0.00143011 -0.0117357 -0.335716 -0.00145279 0.999997 -0.00192469 -0.221523 0.0117329 0.00194161 0.999929 19.0879
0.999924 0.00283233 -0.012021 -0.353401 -0.00286499 0.999992 -0.00270084 -0.226941 0.0120133 0.00273508 0.999924 19.9992
0.99993 0.00231161 -0.0116162 -0.371901 -0.00234609 0.999993 -0.00295555 -0.224843 0.0116093 0.0029826 0.999928 20.9241
0.999943 0.0037847 -0.00998574 -0.379391 -0.00381482 0.999988 -0.00299922 -0.240903 0.00997427 0.00303714 0.999946 21.849
0.999923 0.00659541 -0.0104798 -0.396752 -0.00664963 0.999965 -0.00514815 -0.255726 0.0104455 0.00521744 0.999932 22.7953
0.999922 0.00801024 -0.00955239 -0.414105 -0.00805515 0.999957 -0.00467221 -0.260475 0.00951455 0.0047488 0.999943 23.7522
0.999908 0.00921981 -0.00991353 -0.432385 -0.00926229 0.999948 -0.00424768 -0.280063 0.00987385 0.00433911 0.999942 24.7157
0.999911 0.00976282 -0.00914044 -0.446699 -0.00979692 0.999945 -0.00369387 -0.29095 0.00910387 0.00378308 0.999951 25.6953
0.999899 0.0107982 -0.00929229 -0.463421 -0.0108278 0.999937 -0.00314159 -0.306448 0.00925777 0.00324188 0.999952 26.6729
0.999895 0.0110308 -0.00938717 -0.480261 -0.0110541 0.999936 -0.0024265 -0.316847 0.0093598 0.00253001 0.999953 27.665
0.999903 0.0106671 -0.00895868 -0.497003 -0.0106786 0.999942 -0.00123189 -0.322095 0.00894502 0.00132743 0.999959 28.6732
0.999904 0.0100622 -0.00949295 -0.512953 -0.0100688 0.999949 -0.000645991 -0.31738 0.00948596 0.000741511 0.999955 29.6743
0.999916 0.00950812 -0.00880424 -0.526279 -0.00951785 0.999954 -0.00106405 -0.322997 0.00879372 0.00114776 0.999961 30.6987
0.999886 0.0117257 -0.00951183 -0.543318 -0.011745 0.999929 -0.00197235 -0.332944 0.00948802 0.00208384 0.999953 31.7197
0.999902 0.0101568 -0.00963661 -0.558535 -0.0101701 0.999948 -0.00132978 -0.32722 0.00962259 0.00142766 0.999952 32.7523
0.999923 0.00833263 -0.00923057 -0.571275 -0.00831901 0.999964 0.00151213 -0.327019 0.00924283 -0.00143522 0.999956 33.7996
0.999912 0.00853048 -0.0101321 -0.590023 -0.00847836 0.999951 0.00517616 -0.334936 0.0101758 -0.0050898 0.999935 34.8437
0.999924 0.00785461 -0.00951996 -0.610569 -0.00777941 0.999939 0.00790941 -0.341511 0.0095815 -0.00783474 0.999923 35.8899
0.999917 0.00754447 -0.0104427 -0.62843 -0.00744784 0.999929 0.00926185 -0.340841 0.0105119 -0.00918331 0.999902 36.9432
0.999918 0.00835725 -0.00964479 -0.647714 -0.00827658 0.999931 0.00837279 -0.348146 0.00971409 -0.00829228 0.999918 38.0059
0.999907 0.00859781 -0.0105818 -0.65856 -0.00851528 0.999933 0.00781956 -0.339285 0.0106483 -0.00772872 0.999913 39.0704
0.999902 0.00845462 -0.0111485 -0.671738 -0.00835697 0.999927 0.00877596 -0.341512 0.0112218 -0.00868193 0.999899 40.1439
0.999904 0.00919577 -0.0103575 -0.692876 -0.00908121 0.999898 0.0110538 -0.347188 0.0104581 -0.0109587 0.999885 41.2207
0.999887 0.00942312 -0.0116802 -0.712524 -0.00926605 0.999867 0.013429 -0.349654 0.0118052 -0.0133193 0.999842 42.2986
0.999873 0.0113848 -0.0111568 -0.733704 -0.0112344 0.999847 0.0134459 -0.355137 0.0113082 -0.0133189 0.999847 43.3765
0.999827 0.0136385 -0.0126489 -0.759027 -0.0134932 0.999843 0.0115001 -0.369135 0.0128038 -0.0113275 0.999854 44.4425
0.9998 0.0160982 -0.0118142 -0.779522 -0.0159915 0.999831 0.00907681 -0.373557 0.0119583 -0.00888607 0.999889 45.5243
0.999771 0.0178541 -0.011804 -0.802299 -0.0177491 0.999803 0.00894456 -0.377073 0.0119614 -0.008733 0.99989 46.6032
0.999782 0.0173804 -0.0115654 -0.821159 -0.0172401 0.999778 0.0121194 -0.386732 0.0117735 -0.0119174 0.99986 47.6936
0.99976 0.0194299 -0.0101175 -0.841366 -0.0192907 0.99972 0.0136832 -0.392684 0.0103806 -0.0134848 0.999855 48.7859
0.999764 0.0189834 -0.0105702 -0.858253 -0.0188213 0.999707 0.0152308 -0.405619 0.0108562 -0.0150282 0.999828 49.8769
0.999766 0.0195179 -0.00934184 -0.871256 -0.0193769 0.9997 0.014958 -0.401935 0.00963098 -0.0147734 0.999845 50.9556
0.999772 0.0191137 -0.00947557 -0.881568 -0.0189808 0.999723 0.0139241 -0.409339 0.00973908 -0.0137411 0.999858 52.0426
0.999776 0.0191005 -0.00907472 -0.896909 -0.0189791 0.999732 0.0132776 -0.394096 0.00932588 -0.0131024 0.999871 53.1209
0.999828 0.016762 -0.00796635 -0.905879 -0.0166661 0.99979 0.0119527 -0.377996 0.00816502 -0.0118178 0.999897 54.1968
0.999862 0.0142591 -0.00854487 -0.918855 -0.0141777 0.999854 0.00951343 -0.374688 0.00867927 -0.00939097 0.999918 55.2817
0.999892 0.0127212 -0.00734591 -0.926884 -0.0126657 0.999891 0.00755447 -0.373287 0.00744121 -0.0074606 0.999945 56.3524
0.999917 0.0104554 -0.0074567 -0.933277 -0.0103822 0.999898 0.00978052 -0.368514 0.00755819 -0.00970229 0.999924 57.4236
0.999945 0.00860861 -0.0058775 -0.94622 -0.00852038 0.999853 0.0148745 -0.359667 0.00600468 -0.0148236 0.999872 58.4809
0.99996 0.00638941 -0.00621083 -0.956919 -0.00626023 0.999768 0.0205993 -0.34697 0.006341 -0.0205596 0.999769 59.5664
0.999976 0.00389491 -0.00576234 -0.969549 -0.00376353 0.999737 0.0226347 -0.330014 0.00584897 -0.0226125 0.999727 60.6504
0.999987 0.00183235 -0.00472438 -0.983119 -0.00173198 0.999775 0.0211606 -0.315146 0.00476209 -0.0211521 0.999765 61.7195
0.999986 -0.000105976 -0.00530501 -0.989495 0.000202343 0.999835 0.0181666 -0.298873 0.0053022 -0.0181674 0.999821 62.7995
0.999989 0.00131002 -0.00450236 -1.00908 -0.00123833 0.999873 0.0158878 -0.276618 0.00452259 -0.015882 0.999864 63.87
0.999989 0.00119412 -0.00458045 -1.01818 -0.00113733 0.999923 0.0123778 -0.2603 0.00459486 -0.0123725 0.999913 64.9468
0.999986 0.003585 -0.00396036 -1.03465 -0.00353501 0.999915 0.0125558 -0.240585 0.00400503 -0.0125416 0.999914 66.0312
0.999971 0.0072961 -0.00224082 -1.05178 -0.00725813 0.999838 0.0165045 -0.220549 0.00236086 -0.0164877 0.999861 67.1187
0.999959 0.00856589 -0.00278463 -1.06276 -0.00850747 0.999757 0.0203509 -0.205284 0.00295827 -0.0203263 0.999789 68.2025
0.999959 0.00887884 -0.00179128 -1.07469 -0.00883516 0.999695 0.0230731 -0.183396 0.00199558 -0.0230563 0.999732 69.2905
0.999967 0.00769672 -0.0025454 -1.08122 -0.00762858 0.999639 0.0257721 -0.155374 0.00274283 -0.0257518 0.999665 70.3816
0.999976 0.00665701 -0.00167199 -1.08519 -0.00660799 0.999592 0.0277864 -0.136296 0.00185627 -0.0277747 0.999613 71.4642
0.999982 0.00527649 -0.00295202 -1.0911 -0.00518118 0.999493 0.0314093 -0.124453 0.00311625 -0.0313934 0.999502 72.5504
0.999986 0.00399073 -0.00339513 -1.09677 -0.00387247 0.999409 0.0341509 -0.107682 0.0035294 -0.0341373 0.999411 73.6342
0.999992 0.00298335 -0.0027065 -1.10273 -0.0028877 0.999394 0.0346755 -0.0856016 0.0028083 -0.0346674 0.999395 74.7053
0.999987 0.00297084 -0.00406229 -1.10878 -0.00283416 0.999443 0.0332454 -0.0738912 0.00415878 -0.0332335 0.999439 75.7804
0.999987 0.00368012 -0.0035212 -1.11987 -0.00356306 0.999459 0.0326906 -0.0572132 0.00363959 -0.0326776 0.999459 76.8479
0.999977 0.00514108 -0.00452482 -1.13152 -0.00497593 0.999347 0.0357808 -0.0395727 0.00470581 -0.0357575 0.99935 77.9154
0.999969 0.00615865 -0.00492997 -1.14261 -0.00595226 0.999148 0.0408363 -0.0223633 0.00517726 -0.0408057 0.999154 78.9845
0.999965 0.00717144 -0.004291 -1.15667 -0.00696887 0.99894 0.0454914 0.00857349 0.00461268 -0.0454599 0.998956 80.0461
0.999961 0.00714742 -0.00514074 -1.17076 -0.00688986 0.9988 0.0484847 0.0437018 0.0054811 -0.0484474 0.998811 81.0973
0.999965 0.00677059 -0.00492772 -1.18157 -0.00652281 0.998794 0.0486711 0.0917087 0.0052513 -0.0486372 0.998803 82.145
0.999963 0.00606732 -0.00610002 -1.19275 -0.0057582 0.998759 0.0494737 0.137727 0.00639262 -0.0494368 0.998757 83.1899
0.99997 0.00564468 -0.00536758 -1.20604 -0.00536431 0.99869 0.0508846 0.188023 0.00564776 -0.0508542 0.99869 84.2246
0.999966 0.00426789 -0.00708972 -1.21697 -0.00388795 0.998599 0.0527651 0.23111 0.00730497 -0.0527357 0.998582 85.2587
0.999963 0.00382781 -0.0077218 -1.22576 -0.00339791 0.998484 0.0549371 0.262161 0.00792037 -0.0549088 0.99846 86.2631
0.999968 0.00315564 -0.00737794 -1.23997 -0.00272372 0.998322 0.0578352 0.299542 0.00754806 -0.0578132 0.998299 87.2498
0.999957 0.00254137 -0.00895514 -1.25183 -0.00200253 0.998216 0.0596734 0.333834 0.0090908 -0.0596529 0.998178 88.2207
0.999948 0.00158149 -0.0100928 -1.2661 -0.000966796 0.99816 0.06062 0.366014 0.0101701 -0.060607 0.99811 89.1589
0.999902 0.00105183 -0.0139214 -1.28508 -0.000200564 0.998137 0.0610084 0.404261 0.0139596 -0.0609996 0.99804 90.0836
0.999855 0.000777172 -0.0169989 -1.30734 0.000266758 0.998118 0.061323 0.445098 0.0170145 -0.0613186 0.997973 90.9744
0.999817 0.00107892 -0.0190989 -1.32861 0.000125486 0.998017 0.0629478 0.479562 0.0191289 -0.0629387 0.997834 91.8509
0.99974 0.0022215 -0.0227078 -1.352 -0.000737397 0.997875 0.0651568 0.495113 0.0228043 -0.0651231 0.997617 92.7119
0.999687 0.00320301 -0.024798 -1.3801 -0.00154123 0.997769 0.0667436 0.523003 0.0249565 -0.0666845 0.997462 93.5379
0.999599 0.00356752 -0.0280796 -1.40868 -0.0016498 0.997682 0.0680246 0.551301 0.0282572 -0.067951 0.997289 94.3429
0.999555 0.00554506 -0.0292898 -1.43723 -0.0035335 0.997659 0.0682882 0.584067 0.0295999 -0.0681544 0.997236 95.1118
0.999458 0.00739831 -0.0320816 -1.46861 -0.00515725 0.997577 0.0693833 0.61336 0.0325171 -0.0691802 0.997074 95.8599
0.999391 0.00892769 -0.0337195 -1.50103 -0.00659805 0.997624 0.0685783 0.642029 0.0342517 -0.0683141 0.997076 96.563
0.999312 0.0110025 -0.0354005 -1.53018 -0.00865371 0.997793 0.0658325 0.67503 0.0360467 -0.0654809 0.997203 97.2484
0.999187 0.0138182 -0.0378618 -1.5641 -0.0114167 0.997953 0.062926 0.698955 0.0386539 -0.0624426 0.9973 97.9088
0.999101 0.0155317 -0.0394312 -1.59694 -0.0130723 0.997998 0.0618798 0.725037 0.0403134 -0.0613087 0.997305 98.5383
0.999041 0.0172505 -0.0402291 -1.6307 -0.0147543 0.997995 0.0615428 0.743009 0.0412101 -0.0608902 0.997294 99.1455
0.999056 0.0187794 -0.0391645 -1.66405 -0.0163194 0.997929 0.0622116 0.764907 0.0402517 -0.0615137 0.997295 99.7203
0.999126 0.0221316 -0.0354625 -1.69182 -0.0198357 0.997763 0.0638352 0.784201 0.036796 -0.0630759 0.99733 100.281
0.999242 0.0244129 -0.0303009 -1.71761 -0.0224028 0.997634 0.0649925 0.80223 0.0318159 -0.0642645 0.997426 100.817
0.99944 0.0250704 -0.0221628 -1.72782 -0.0235434 0.997498 0.0666631 0.821812 0.0237787 -0.066104 0.99753 101.326
0.999608 0.0248117 -0.0129275 -1.73756 -0.0238688 0.997359 0.0685908 0.841368 0.0145952 -0.0682554 0.997561 101.825
0.999711 0.0240319 -0.0005124 -1.73152 -0.0239383 0.997299 0.0694363 0.863045 0.00217969 -0.069404 0.997586 102.297
0.999649 0.0232701 0.0126645 -1.72428 -0.0241037 0.99724 0.0702198 0.88534 -0.0109955 -0.0705004 0.997451 102.746
0.999355 0.0221767 0.0282505 -1.70731 -0.0241049 0.997266 0.0698494 0.908733 -0.0266242 -0.0704854 0.997158 103.186
0.998718 0.0218868 0.0456502 -1.6831 -0.0249878 0.997338 0.068504 0.92123 -0.0440293 -0.0695569 0.996606 103.608
0.997518 0.0216793 0.0669932 -1.64691 -0.026021 0.99757 0.0646304 0.937593 -0.0654293 -0.0662132 0.995658 104.015
0.99561 0.0206467 0.0912899 -1.5986 -0.0262582 0.99781 0.0607023 0.954879 -0.0898367 -0.0628329 0.993973 104.432
0.992813 0.0198374 0.118024 -1.53769 -0.0271093 0.99781 0.0603307 0.977206 -0.116569 -0.0630967 0.991177 104.819
0.988775 0.0173741 0.148396 -1.46263 -0.0264767 0.997872 0.0595866 0.994343 -0.147045 -0.0628468 0.987132 105.209
0.983485 0.0150321 0.180364 -1.37578 -0.0258916 0.99798 0.0580067 1.00996 -0.179127 -0.0617186 0.981888 105.584
0.976249 0.0133248 0.21624 -1.27397 -0.0261511 0.998056 0.0565623 1.0272 -0.215066 -0.0608739 0.974701 105.961
0.967225 0.00987304 0.253728 -1.15572 -0.024804 0.998138 0.0557146 1.04307 -0.252706 -0.0601821 0.96567 106.318
0.955777 0.00821671 0.293978 -1.02556 -0.025434 0.998174 0.0547917 1.05215 -0.292991 -0.0598457 0.954241 106.679
0.942372 0.00829824 0.334464 -0.888196 -0.0278071 0.998176 0.053583 1.07221 -0.33341 -0.0597956 0.940884 107.008
0.925571 0.0108407 0.378419 -0.737649 -0.0327906 0.998129 0.0516086 1.08987 -0.377151 -0.060176 0.924195 107.333
0.906012 0.00999451 0.423133 -0.568975 -0.0351265 0.998048 0.0516386 1.10706 -0.421791 -0.0616484 0.904595 107.661
0.884719 0.00935574 0.466032 -0.388999 -0.0373959 0.998 0.0509576 1.11993 -0.464623 -0.0625108 0.8833 107.955
0.859748 0.00798443 0.510656 -0.190034 -0.038713 0.99802 0.0495731 1.1306 -0.509249 -0.0623894 0.858355 108.254
0.833646 0.00834135 0.552237 0.0195332 -0.0405209 0.998115 0.0460934 1.13382 -0.550811 -0.0608027 0.832412 108.53
0.804246 0.00987765 0.594214 0.241339 -0.0430006 0.998208 0.0416064 1.13963 -0.592738 -0.0590134 0.80323 108.799
0.772725 0.0141971 0.634582 0.469315 -0.0475627 0.998234 0.0355839 1.14506 -0.632956 -0.057679 0.772036 109.052
0.737088 0.0192962 0.675521 0.711966 -0.0533547 0.998134 0.029706 1.15297 -0.673687 -0.0579382 0.736742 109.304
0.699114 0.0244419 0.714592 0.968674 -0.0598177 0.997911 0.0243895 1.15994 -0.712503 -0.0597963 0.699116 109.538
0.65855 0.0238579 0.752158 1.24914 -0.0607605 0.99792 0.0215454 1.17045 -0.75008 -0.0598902 0.65863 109.76
0.61572 0.0207988 0.787691 1.55019 -0.0603482 0.99796 0.0208219 1.1778 -0.785651 -0.0603562 0.615719 109.967
0.571124 0.0187224 0.82065 1.8603 -0.0617644 0.997886 0.0202186 1.19078 -0.818537 -0.0622344 0.571073 110.154
0.52302 0.0171938 0.852147 2.19405 -0.0643791 0.997737 0.0193825 1.19733 -0.849885 -0.0649979 0.522944 110.341
0.474791 0.0148169 0.879974 2.53358 -0.065696 0.997665 0.0186478 1.20568 -0.877643 -0.0666646 0.474656 110.492
0.422666 0.0101109 0.906229 2.89666 -0.0655954 0.997656 0.0194628 1.19384 -0.903909 -0.0676707 0.422339 110.633
0.370823 0.00961154 0.928654 3.25584 -0.069003 0.997467 0.0172301 1.20422 -0.926137 -0.0704693 0.370548 110.757
0.318846 0.0132334 0.947714 3.62142 -0.0736852 0.997222 0.0108658 1.20347 -0.944938 -0.073297 0.318936 110.864
0.267756 0.0171139 0.963335 4.01446 -0.0772256 0.997006 0.00375253 1.20601 -0.960387 -0.0753989 0.268276 110.954
0.220413 0.0191209 0.975219 4.40395 -0.0771646 0.997016 -0.00210794 1.20776 -0.97235 -0.0747877 0.221231 111.029
0.17818 0.0185922 0.983822 4.83236 -0.0727894 0.997331 -0.00566459 1.20683 -0.981302 -0.0706025 0.179058 111.081
0.142554 0.0180455 0.989623 5.24298 -0.0667177 0.997735 -0.00858286 1.20834 -0.987536 -0.0648018 0.143435 111.116
0.110838 0.0183106 0.99367 5.67911 -0.0633926 0.997924 -0.011318 1.20456 -0.991815 -0.0617368 0.111769 111.152
0.0825739 0.0166079 0.996447 6.12492 -0.065362 0.997798 -0.011214 1.21333 -0.994439 -0.0642038 0.0834777 111.186
0.0567287 0.0134048 0.9983 6.60237 -0.0709629 0.997435 -0.0093607 1.2183 -0.995865 -0.0703112 0.0575344 111.223
0.0322236 0.00968018 0.999434 7.09171 -0.0756534 0.997108 -0.00721843 1.21796 -0.996614 -0.075378 0.0328627 111.247
0.0100336 0.00733353 0.999923 7.60932 -0.0723938 0.997354 -0.00658824 1.21068 -0.997326 -0.0723222 0.010538 111.243
-0.0105419 0.00704942 0.99992 8.12807 -0.0671375 0.997713 -0.00774166 1.19159 -0.997688 -0.0672137 -0.0100446 111.226
-0.0287583 0.0089019 0.999547 8.67067 -0.0632476 0.99794 -0.0107073 1.18354 -0.997584 -0.0635269 -0.028136 111.192
-0.0428755 0.0136576 0.998987 9.21131 -0.0624997 0.997911 -0.0163253 1.18297 -0.997124 -0.0631363 -0.0419323 111.173
-0.0547831 0.0177772 0.99834 9.80047 -0.0662492 0.997573 -0.0213989 1.16989 -0.996298 -0.0673115 -0.0534724 111.152
-0.0610646 0.0181628 0.997969 10.4068 -0.0646572 0.997662 -0.0221135 1.15939 -0.996038 -0.0658762 -0.0597475 111.113
-0.0641382 0.0148138 0.997831 11.0343 -0.0586894 0.998103 -0.0185902 1.12931 -0.996214 -0.0597544 -0.0631471 111.065
-0.0643242 0.0141938 0.997828 11.6858 -0.0566718 0.998233 -0.0178529 1.11679 -0.996319 -0.0576971 -0.0634062 111.02
-0.0622134 0.0135432 0.997971 12.3597 -0.0576097 0.998192 -0.0171376 1.09616 -0.996399 -0.058559 -0.0613207 110.981
-0.0612872 0.0138458 0.998024 13.0395 -0.0603349 0.998023 -0.0175509 1.09065 -0.996295 -0.0612914 -0.0603307 110.948
-0.0595481 0.0149798 0.998113 13.7182 -0.0616437 0.997923 -0.0186546 1.06573 -0.99632 -0.0626383 -0.0585011 110.915
-0.058422 0.0150257 0.998179 14.4343 -0.0616629 0.997923 -0.0186308 1.03922 -0.996386 -0.0626391 -0.0573741 110.873
-0.0581844 0.0149408 0.998194 15.1483 -0.0613873 0.997942 -0.0185152 1.01296 -0.996417 -0.0623538 -0.0571475 110.834
-0.0575116 0.0141355 0.998245 15.886 -0.0621639 0.997908 -0.0177122 0.991762 -0.996408 -0.0630735 -0.0565126 110.803
-0.0582068 0.0121146 0.998231 16.6268 -0.061282 0.997997 -0.0156851 0.969952 -0.996422 -0.0620866 -0.0573478 110.771
-0.0585846 0.00987916 0.998234 17.3868 -0.0614379 0.998019 -0.0134827 0.937827 -0.99639 -0.0621192 -0.0578616 110.733
-0.0597119 0.00891925 0.998176 18.1613 -0.0631294 0.997924 -0.0126935 0.909457 -0.996217 -0.0637722 -0.059025 110.692
-0.0612308 0.00756357 0.998095 18.957 -0.0637607 0.997899 -0.0114736 0.896961 -0.996085 -0.0643419 -0.0606199 110.645
-0.0619912 0.00560221 0.998061 19.7522 -0.061743 0.998047 -0.00943708 0.880591 -0.996165 -0.0622083 -0.0615242 110.591
-0.0639709 0.00339186 0.997946 20.5588 -0.0607966 0.998123 -0.00728966 0.860668 -0.996098 -0.0611381 -0.0636446 110.537
-0.0650614 0.00317658 0.997876 21.3698 -0.063153 0.997977 -0.00729445 0.85075 -0.995881 -0.0634935 -0.0647292 110.492
-0.0660035 0.00585145 0.997802 22.1961 -0.066232 0.997751 -0.0102323 0.841036 -0.995619 -0.0667619 -0.0654676 110.449
-0.0676144 0.0104252 0.997657 23.0266 -0.0658376 0.997719 -0.0148878 0.832986 -0.995537 -0.06669 -0.0667738 110.397
-0.068267 0.011554 0.9976 23.8437 -0.0653761 0.997731 -0.0160293 0.81758 -0.995523 -0.0663135 -0.0673568 110.342
-0.0703298 0.00936431 0.99748 24.6844 -0.0682829 0.997565 -0.0141795 0.807361 -0.995184 -0.0691081 -0.0695191 110.295
-0.0711078 0.0056078 0.997453 25.5149 -0.0707521 0.997437 -0.0106516 0.797854 -0.994956 -0.0713293 -0.0705288 110.247
-0.0725721 6.17089e-05 0.997363 26.3622 -0.0726077 0.997346 -0.00534492 0.782823 -0.994717 -0.0728042 -0.072375 110.196
-0.0728041 -0.00495952 0.997334 27.2083 -0.0771188 0.997021 -0.000671604 0.773426 -0.99436 -0.0769621 -0.0729698 110.151
-0.0732626 -0.00638575 0.997292 28.0633 -0.0788483 0.996886 0.000590845 0.772178 -0.994191 -0.0785915 -0.073538 110.097
-0.0733255 -0.000181936 0.997308 28.906 -0.0768772 0.997025 -0.00547038 0.751174 -0.994341 -0.0770714 -0.0731214 110.039
-0.07169 0.0103964 0.997373 29.7388 -0.073893 0.997142 -0.0157054 0.744312 -0.994686 -0.0748248 -0.070717 109.984
-0.0719199 0.0161951 0.997279 30.5707 -0.0730607 0.997096 -0.021461 0.732481 -0.994731 -0.0744054 -0.0705279 109.924
-0.0692925 0.0112103 0.997534 31.4004 -0.072042 0.997269 -0.0162116 0.716465 -0.994992 -0.0729877 -0.0682958 109.87
-0.0686746 0.0039534 0.997631 32.228 -0.0688648 0.997588 -0.00869371 0.691884 -0.995259 -0.0692987 -0.0682368 109.81
-0.0690386 0.000170561 0.997614 33.0465 -0.0676545 0.997697 -0.00485251 0.661858 -0.995317 -0.0678281 -0.0688681 109.757
-0.0688365 -0.000273344 0.997628 33.8537 -0.0691245 0.997597 -0.00449626 0.638632 -0.99523 -0.06927 -0.0686901 109.707
-0.0712139 0.000170564 0.997461 34.6499 -0.0719667 0.997392 -0.00530863 0.622783 -0.994861 -0.0721621 -0.071016 109.661
-0.0728578 -0.000122176 0.997343 35.446 -0.0736174 0.997272 -0.00525573 0.607032 -0.994622 -0.0738047 -0.0726681 109.613
-0.0762053 -0.00079269 0.997092 36.2392 -0.0744498 0.997212 -0.00489723 0.584001 -0.994309 -0.0746065 -0.0760519 109.558
-0.078031 -0.00100851 0.996951 37.0378 -0.074846 0.997183 -0.00484943 0.562268 -0.994137 -0.0749962 -0.0778868 109.505
-0.0801546 -0.000784691 0.996782 37.818 -0.0764873 0.997056 -0.00536569 0.549211 -0.993843 -0.0766713 -0.0799787 109.448
-0.0832291 -0.00182886 0.996529 38.598 -0.0767647 0.997038 -0.00458152 0.537024 -0.993569 -0.0768796 -0.083123 109.395
-0.084821 -0.00337428 0.996391 39.3836 -0.0763524 0.997076 -0.00312315 0.520927 -0.993466 -0.0763418 -0.0848307 109.332
-0.0877477 -0.00373036 0.996136 40.1661 -0.0759256 0.997109 -0.00295414 0.511518 -0.993245 -0.0758915 -0.0877773 109.271
-0.0887668 -0.00405391 0.996045 40.9433 -0.0757353 0.997124 -0.00269117 0.487854 -0.993169 -0.0756746 -0.0888186 109.212
-0.0905235 -0.00412841 0.995886 41.7067 -0.0748442 0.997191 -0.00266932 0.471094 -0.993078 -0.074778 -0.0905783 109.146
-0.0906973 -0.00527255 0.995865 42.4572 -0.0723069 0.997381 -0.00130469 0.446402 -0.99325 -0.0721262 -0.0908411 109.078
-0.0927113 -0.00631703 0.995673 43.2121 -0.0716192 0.997432 -0.000340565 0.430205 -0.993113 -0.0713409 -0.0929256 109.011
-0.0950679 -0.00759061 0.995442 43.9674 -0.0718635 0.997414 0.000742444 0.407892 -0.992873 -0.0714654 -0.0953676 108.941
-0.0956019 -0.00774669 0.99539 44.6919 -0.072311 0.997382 0.000817099 0.393178 -0.992789 -0.0718996 -0.0959118 108.878
-0.0971741 -0.00890798 0.995228 45.4069 -0.0726691 0.997354 0.0018316 0.389071 -0.99261 -0.0721444 -0.0975644 108.817
-0.0967954 -0.00992567 0.995255 46.1104 -0.0729389 0.997332 0.00285258 0.385614 -0.992628 -0.0723167 -0.0972611 108.754
-0.099011 -0.00885672 0.995047 46.8059 -0.0725662 0.997362 0.00165672 0.376093 -0.992436 -0.0720428 -0.0993926 108.689
-0.0982355 -0.00799739 0.995131 47.4981 -0.073409 0.997301 0.000768183 0.360308 -0.992451 -0.0729761 -0.0985575 108.624
-0.0989128 -0.00576652 0.99508 48.1787 -0.0742839 0.997235 -0.00160494 0.359009 -0.992319 -0.0740772 -0.0990677 108.56
-0.100346 -0.00598203 0.994935 48.8577 -0.0735687 0.997289 -0.00142374 0.349297 -0.992228 -0.073339 -0.100514 108.497
-0.100037 -0.00617947 0.994965 49.5488 -0.0721758 0.997391 -0.00106222 0.338919 -0.992362 -0.0719187 -0.100222 108.428
-0.101723 -0.00786441 0.994782 50.2282 -0.0712393 0.997459 0.00060091 0.316969 -0.992258 -0.0708065 -0.102024 108.363
-0.101542 -0.00779757 0.994801 50.9093 -0.074859 0.997194 0.000175304 0.308281 -0.99201 -0.074452 -0.10184 108.303
-0.102893 -0.00809962 0.99466 51.5806 -0.0766446 0.997058 0.000190597 0.292508 -0.991735 -0.0762157 -0.103211 108.241
-0.102096 -0.00954978 0.994729 52.2396 -0.0753645 0.997154 0.0018379 0.274033 -0.991915 -0.0747796 -0.102525 108.182
-0.103256 -0.010649 0.994598 52.9087 -0.0755455 0.997138 0.00283326 0.257246 -0.991781 -0.0748449 -0.103765 108.117
-0.106673 -0.0115878 0.994227 53.5755 -0.0798084 0.996805 0.00305503 0.239658 -0.991085 -0.0790218 -0.107257 108.058
-0.110846 -0.0111538 0.993775 54.2381 -0.0827977 0.996564 0.00194986 0.242908 -0.990382 -0.0820662 -0.111388 107.999
-0.116846 -0.00857309 0.993113 54.8899 -0.0809381 0.996718 -0.000918667 0.223035 -0.989846 -0.0804881 -0.117157 107.919
-0.123058 -0.00614038 0.992381 55.5376 -0.0791231 0.996858 -0.00364342 0.220192 -0.98924 -0.0789686 -0.123158 107.839
-0.130695 -0.00419044 0.991414 56.204 -0.0789679 0.996858 -0.00619662 0.208415 -0.988272 -0.0790998 -0.130615 107.759
-0.136857 -0.00495727 0.990579 56.8531 -0.0827446 0.99655 -0.00644474 0.199938 -0.987128 -0.082847 -0.136795 107.684
-0.142973 -0.00631616 0.989707 57.5199 -0.0829541 0.996537 -0.00562376 0.183811 -0.986244 -0.0829043 -0.143001 107.597
-0.14794 -0.00656396 0.988975 58.1952 -0.085038 0.996359 -0.00610779 0.175917 -0.985333 -0.085004 -0.14796 107.507
-0.151803 -0.00773545 0.988381 58.8617 -0.0863922 0.996246 -0.00547174 0.164449 -0.984627 -0.086219 -0.151901 107.415
-0.15524 -0.011091 0.987815 59.5606 -0.0867091 0.99623 -0.00244129 0.155071 -0.984063 -0.0860315 -0.155617 107.311
-0.156746 -0.0149245 0.987526 60.263 -0.0854742 0.996339 0.00149074 0.145961 -0.983933 -0.0841744 -0.157448 107.199
-0.159196 -0.0182616 0.987078 60.978 -0.0861285 0.996273 0.00454096 0.13891 -0.983482 -0.0842927 -0.160176 107.09
-0.160109 -0.0190859 0.986915 61.676 -0.0882233 0.996088 0.00495066 0.151889 -0.983148 -0.0862763 -0.161166 106.984
-0.160576 -0.016545 0.986885 62.3801 -0.0864018 0.996256 0.00264364 0.146331 -0.983234 -0.0848442 -0.161405 106.874
-0.16138 -0.0110368 0.986831 63.0873 -0.0801682 0.996779 -0.00196213 0.145741 -0.98363 -0.0794292 -0.161745 106.749
-0.161576 -0.00874898 0.986822 63.8139 -0.0749499 0.997181 -0.00343098 0.129742 -0.984009 -0.0745166 -0.161776 106.622
-0.163037 -0.00730528 0.986593 64.5457 -0.0738547 0.997257 -0.00482044 0.125513 -0.983851 -0.0736505 -0.163129 106.504
-0.162697 -0.011077 0.986614 65.2806 -0.0771937 0.997014 -0.0015358 0.125445 -0.983651 -0.0764104 -0.163066 106.395
-0.16295 -0.0163446 0.986499 66.0166 -0.0775798 0.996979 0.00370363 0.12332 -0.983579 -0.075929 -0.163725 106.277
-0.163466 -0.0192532 0.986361 66.7482 -0.0765569 0.997042 0.00677415 0.129272 -0.983573 -0.0744055 -0.164457 106.153
-0.16387 -0.0198453 0.986282 67.4856 -0.0750495 0.99715 0.00759455 0.127212 -0.983622 -0.0727755 -0.164893 106.029
-0.166054 -0.0194532 0.985925 68.223 -0.0779571 0.996935 0.00654049 0.12754 -0.98303 -0.0757738 -0.167062 105.917
-0.167733 -0.0196922 0.985636 68.9602 -0.0785566 0.996887 0.00654842 0.116693 -0.982697 -0.0763298 -0.168758 105.799
-0.17091 -0.0198999 0.985086 69.6961 -0.0790924 0.996846 0.00641508 0.110706 -0.982106 -0.0768164 -0.171945 105.677
-0.172256 -0.0204149 0.984841 70.4234 -0.0790813 0.996844 0.00683185 0.105128 -0.981872 -0.0767058 -0.173326 105.554
-0.174091 -0.0212831 0.984499 71.147 -0.0803353 0.99674 0.00734185 0.0941282 -0.981446 -0.077812 -0.175234 105.433
-0.175615 -0.0216446 0.984221 71.8753 -0.08212 0.996595 0.00726408 0.101142 -0.981027 -0.0795486 -0.176794 105.305
-0.176256 -0.0211099 0.984118 72.6007 -0.0849693 0.996364 0.00615452 0.103638 -0.980669 -0.0825351 -0.177409 105.198
-0.177501 -0.0213434 0.983889 73.3507 -0.0858433 0.996289 0.00612561 0.103786 -0.980369 -0.0833731 -0.178675 105.073
-0.178217 -0.0217182 0.983752 74.0918 -0.0864475 0.996236 0.00633299 0.0982054 -0.980186 -0.0839142 -0.179423 104.943
-0.180045 -0.0233593 0.983381 74.8446 -0.0869857 0.996179 0.00773733 0.102963 -0.979804 -0.0841471 -0.181389 104.816
-0.180575 -0.0253664 0.983234 75.6085 -0.0889548 0.995991 0.00935863 0.103943 -0.97953 -0.0857735 -0.182108 104.684
-0.181688 -0.0271786 0.98298 76.363 -0.0924255 0.995664 0.0104459 0.108496 -0.979002 -0.0889546 -0.183413 104.558
-0.18451 -0.0274813 0.982446 77.1163 -0.0933472 0.99558 0.0103174 0.112923 -0.978387 -0.089805 -0.18626 104.434
-0.185615 -0.0277428 0.982231 77.8729 -0.0941264 0.995506 0.0103303 0.1235 -0.978103 -0.0905364 -0.187393 104.297
-0.188228 -0.0274926 0.98174 78.6485 -0.0959402 0.995341 0.00947892 0.128886 -0.977427 -0.0924043 -0.189989 104.146
-0.188103 -0.0234169 0.98187 79.4099 -0.0983385 0.99514 0.00489406 0.132362 -0.977213 -0.0956352 -0.189491 103.995
-0.189869 -0.0216709 0.98157 80.1906 -0.0991993 0.995063 0.00278024 0.121808 -0.976784 -0.0968433 -0.191082 103.846
-0.189295 -0.0187889 0.98174 80.9898 -0.099554 0.995032 -0.000152365 0.117823 -0.97686 -0.0977651 -0.190226 103.696
-0.189013 -0.0179455 0.98181 81.7955 -0.0981658 0.995169 -0.000708745 0.116875 -0.977055 -0.0965143 -0.189862 103.543
-0.18955 -0.0186533 0.981694 82.6131 -0.0944826 0.995526 0.000673043 0.103864 -0.977314 -0.0926255 -0.190464 103.381
-0.187445 -0.0200293 0.982071 83.4237 -0.0939762 0.995571 0.0023677 0.0929812 -0.977768 -0.0918476 -0.188497 103.216
-0.187622 -0.0218629 0.981998 84.2525 -0.094688 0.995498 0.00407232 0.0858879 -0.977666 -0.0922194 -0.188847 103.057
-0.184378 -0.023549 0.982573 85.0808 -0.0947712 0.99548 0.00607467 0.0809768 -0.978275 -0.0919997 -0.185776 102.902
-0.183915 -0.0261556 0.982594 85.9174 -0.0941333 0.995519 0.00888036 0.0798686 -0.978423 -0.0908617 -0.185554 102.742
-0.181171 -0.0290947 0.983021 86.7573 -0.0950181 0.995403 0.0119493 0.0727073 -0.97885 -0.09124 -0.183102 102.587
-0.180316 -0.0288169 0.983186 87.5895 -0.0970339 0.995216 0.0113735 0.0597295 -0.97881 -0.0933517 -0.18225 102.436
-0.180077 -0.0260841 0.983306 88.4358 -0.0965507 0.995289 0.00872027 0.0531711 -0.978902 -0.0933687 -0.181747 102.284
-0.177613 -0.0211408 0.983873 89.2619 -0.0950867 0.995459 0.00422426 0.0633431 -0.979495 -0.0928031 -0.178817 102.137
-0.177213 -0.0186084 0.983996 90.1138 -0.0976958 0.995215 0.00122596 0.0512218 -0.979311 -0.0959152 -0.178183 101.993
-0.174318 -0.0187477 0.984511 90.9625 -0.0974728 0.995236 0.00169336 0.04463 -0.979852 -0.095668 -0.175315 101.854
-0.174701 -0.0221299 0.984373 91.8282 -0.096869 0.995283 0.00518332 0.0308961 -0.979844 -0.0944497 -0.176021 101.704
-0.172578 -0.0230218 0.984727 92.679 -0.0953371 0.995423 0.00656366 0.022781 -0.98037 -0.0927484 -0.173983 101.559
-0.171677 -0.0235514 0.984872 93.5377 -0.0960148 0.995354 0.00706533 0.0112087 -0.980462 -0.0933494 -0.173141 101.415
-0.172043 -0.0239174 0.984799 94.4014 -0.0961388 0.99534 0.00737805 0.00507638 -0.980386 -0.0934082 -0.173541 101.268
-0.170516 -0.0249167 0.98504 95.2502 -0.0948516 0.995452 0.00876074 0.00734303 -0.980778 -0.0919389 -0.172104 101.123
-0.170075 -0.0259128 0.98509 96.104 -0.0920013 0.995705 0.0103081 0.0095707 -0.981126 -0.0888766 -0.171728 100.976
-0.168836 -0.0251625 0.985323 96.9497 -0.0914752 0.995759 0.0097547 0.00548542 -0.981389 -0.0884858 -0.170421 100.832
-0.169103 -0.0232308 0.985325 97.794 -0.0891509 0.995984 0.00818195 0.0104585 -0.981557 -0.0864591 -0.170495 100.693
-0.167158 -0.0229301 0.985663 98.6199 -0.0935809 0.995584 0.00729057 0.0117791 -0.981478 -0.0910208 -0.168565 100.56
-0.166574 -0.0262405 0.98568 99.4493 -0.0955576 0.995369 0.0103498 0.0158623 -0.981387 -0.0924653 -0.16831 100.428
-0.166914 -0.0284315 0.985561 100.283 -0.099377 0.994978 0.0118728 0.0110579 -0.980949 -0.0959605 -0.168902 100.299
-0.167516 -0.0276358 0.985482 101.117 -0.102789 0.994648 0.0104203 0.00949715 -0.980495 -0.0995512 -0.169461 100.167
-0.168789 -0.0248919 0.985338 101.941 -0.106266 0.994313 0.00691529 0.0122655 -0.979906 -0.10354 -0.170474 100.031
-0.168692 -0.0235283 0.985388 102.761 -0.108333 0.9941 0.00519036 0.0114928 -0.979696 -0.105875 -0.170246 99.8999
-0.16879 -0.0235009 0.985372 103.578 -0.107891 0.994148 0.00522893 0.00319081 -0.979728 -0.10543 -0.170338 99.7646
-0.169532 -0.0236512 0.985241 104.387 -0.106988 0.994245 0.00545782 0.007067 -0.979699 -0.104484 -0.171086 99.6263
-0.169546 -0.023406 0.985244 105.198 -0.105953 0.994356 0.00538952 -0.00377945 -0.979809 -0.103476 -0.171069 99.4886
-0.170532 -0.0218024 0.985111 106.007 -0.10678 0.994276 0.00352069 0.000704422 -0.979548 -0.104589 -0.171884 99.3563
-0.170379 -0.0210331 0.985154 106.813 -0.106491 0.994309 0.00281126 0.00246918 -0.979606 -0.104431 -0.171649 99.2208
-0.172153 -0.0214152 0.984837 107.607 -0.107583 0.994192 0.00281277 -0.00228791 -0.979177 -0.105467 -0.173457 99.0837
-0.173546 -0.0222897 0.984573 108.392 -0.108057 0.994138 0.00345957 -0.00252256 -0.978879 -0.10579 -0.174938 98.9562
-0.176287 -0.0215529 0.984103 109.174 -0.108098 0.994137 0.00240861 -0.0139588 -0.978384 -0.105955 -0.177584 98.8254
-0.179849 -0.0204403 0.983482 109.948 -0.108164 0.994132 0.000881739 -0.0400553 -0.977729 -0.106219 -0.181004 98.692
-0.182656 -0.0198045 0.982977 110.725 -0.108838 0.994059 -0.000196551 -0.0580685 -0.977133 -0.107022 -0.183727 98.5552
-0.186478 -0.0200805 0.982254 111.495 -0.108478 0.994098 -0.000271707 -0.0702919 -0.976451 -0.106604 -0.187556 98.4148
-0.188778 -0.0207718 0.9818 112.267 -0.107451 0.99421 0.000374045 -0.0918261 -0.976123 -0.105425 -0.189917 98.2674
-0.192139 -0.0207158 0.981149 113.039 -0.106336 0.99433 0.000170347 -0.107465 -0.975589 -0.104298 -0.193252 98.1182
-0.193214 -0.0176481 0.980998 113.798 -0.109056 0.994028 -0.00359684 -0.116389 -0.975076 -0.107679 -0.193985 97.9757
-0.195134 -0.0116091 0.980708 114.557 -0.110017 0.993877 -0.0101255 -0.114651 -0.974586 -0.109871 -0.195217 97.8349
-0.198626 -0.00925926 0.980032 115.318 -0.107239 0.994156 -0.0123418 -0.122859 -0.97419 -0.107549 -0.198458 97.6806
-0.200905 -0.0115326 0.979543 116.077 -0.106237 0.994289 -0.0100831 -0.140149 -0.973832 -0.106089 -0.200983 97.5257
-0.204654 -0.0181869 0.978665 116.85 -0.106503 0.994304 -0.00379389 -0.152723 -0.973022 -0.105008 -0.205425 97.3764
-0.206303 -0.0199299 0.978285 117.605 -0.106778 0.99428 -0.00226171 -0.166434 -0.972644 -0.104926 -0.207251 97.2326
-0.208692 -0.0183631 0.977809 118.352 -0.108254 0.994113 -0.00443515 -0.173279 -0.971971 -0.106778 -0.209451 97.0734
-0.210926 -0.0158221 0.977374 119.11 -0.110516 0.993843 -0.00776165 -0.189514 -0.971233 -0.109653 -0.211376 96.9194
-0.213416 -0.0131219 0.976873 119.849 -0.110326 0.993837 -0.0107529 -0.200262 -0.970711 -0.110069 -0.213548 96.7612
-0.215953 -0.0101038 0.976351 120.584 -0.106753 0.994196 -0.0133236 -0.235552 -0.970549 -0.107106 -0.215778 96.5997
-0.217546 -0.00581517 0.976033 121.31 -0.106834 0.994115 -0.0178891 -0.253607 -0.970185 -0.108165 -0.216887 96.4406
-0.220249 -0.0044627 0.975433 122.047 -0.108422 0.993904 -0.0199341 -0.265068 -0.969398 -0.110149 -0.219391 96.2814
-0.222345 -0.00600718 0.97495 122.786 -0.107513 0.994033 -0.0183944 -0.284566 -0.969021 -0.10891 -0.221664 96.1214
-0.226637 -0.00937088 0.973934 123.509 -0.103594 0.994513 -0.0145377 -0.315769 -0.968453 -0.104189 -0.226364 95.9503
-0.231723 -0.010998 0.972719 124.248 -0.103302 0.99456 -0.0133637 -0.342486 -0.96728 -0.10358 -0.231599 95.7748
-0.237878 -0.0118607 0.971223 124.972 -0.10406 0.994481 -0.0133423 -0.35253 -0.965704 -0.104239 -0.2378 95.6067
-0.246537 -0.0117437 0.969062 125.694 -0.105619 0.994296 -0.0148208 -0.365213 -0.96336 -0.106005 -0.246371 95.4318
-0.25644 -0.0114312 0.966493 126.415 -0.105073 0.994333 -0.0161187 -0.378762 -0.960831 -0.105686 -0.256188 95.2498
-0.268495 -0.0109148 0.963219 127.133 -0.105075 0.9943 -0.0180223 -0.403571 -0.957532 -0.106049 -0.268111 95.0547
-0.280286 -0.010515 0.959859 127.829 -0.104857 0.994291 -0.019727 -0.420986 -0.954171 -0.106178 -0.279789 94.856
-0.292585 -0.0103857 0.956183 128.533 -0.102574 0.994512 -0.020585 -0.440503 -0.950721 -0.104103 -0.292045 94.648
-0.303446 -0.0104347 0.952792 129.229 -0.101495 0.994605 -0.0214315 -0.462865 -0.947427 -0.103207 -0.302867 94.4283
-0.313885 -0.0101885 0.949406 129.924 -0.0984402 0.994902 -0.0218687 -0.48765 -0.944343 -0.100324 -0.313287 94.203
-0.323298 -0.00909665 0.946253 130.607 -0.0929404 0.995424 -0.0221847 -0.509484 -0.941721 -0.0951176 -0.322664 93.9631
-0.330845 -0.00914816 0.943641 131.279 -0.0920079 0.995501 -0.0226075 -0.527199 -0.939188 -0.0943021 -0.330199 93.7187
-0.337409 -0.00940524 0.941311 131.948 -0.0945217 0.995234 -0.0239369 -0.536045 -0.9366 -0.097051 -0.33669 93.4802
-0.34226 -0.0105639 0.939546 132.621 -0.0912843 0.99558 -0.0220594 -0.555322 -0.93516 -0.093316 -0.341711 93.2339
-0.345279 -0.0119543 0.938424 133.299 -0.0874469 0.995978 -0.0194873 -0.580317 -0.934416 -0.088791 -0.344936 92.9819
-0.346227 -0.0131316 0.938059 133.958 -0.0830008 0.996409 -0.0166863 -0.607532 -0.934471 -0.083637 -0.346074 92.7371
-0.347511 -0.0132353 0.937582 134.621 -0.0802711 0.996649 -0.0156831 -0.628474 -0.934233 -0.0807109 -0.347409 92.489
-0.34781 -0.0096305 0.937515 135.269 -0.0787578 0.996712 -0.0189798 -0.659012 -0.93425 -0.0804381 -0.347425 92.2527
-0.346469 -0.00766826 0.93803 135.911 -0.0788461 0.996665 -0.0209748 -0.678577 -0.934741 -0.0812272 -0.345918 92.0153
-0.346288 -0.00722473 0.9381 136.552 -0.0766886 0.996841 -0.0206315 -0.696428 -0.934988 -0.0790862 -0.345748 91.7776
-0.34446 -0.00907973 0.938757 137.192 -0.0762132 0.996922 -0.0183227 -0.715869 -0.935701 -0.0778572 -0.344092 91.5405
-0.34339 -0.0104726 0.939134 137.83 -0.0735519 0.997166 -0.0157741 -0.739846 -0.936307 -0.0744919 -0.343187 91.3107
-0.341893 -0.0108319 0.939676 138.462 -0.0743867 0.997107 -0.015571 -0.761724 -0.936789 -0.0752232 -0.34171 91.0801
-0.339675 -0.00846529 0.940505 139.09 -0.0725826 0.997213 -0.0172384 -0.78221 -0.937737 -0.0741198 -0.339343 90.8583
-0.336485 -0.00773389 0.941657 139.708 -0.0715198 0.997287 -0.0173656 -0.794016 -0.938968 -0.0731906 -0.336125 90.6395
-0.331357 -0.00837702 0.943468 140.328 -0.0704496 0.997388 -0.015887 -0.824017 -0.940871 -0.0717314 -0.331082 90.4228
-0.327452 -0.00980968 0.944817 140.928 -0.0696655 0.997474 -0.013788 -0.839211 -0.942295 -0.0703362 -0.327308 90.222
-0.322335 -0.011514 0.946556 141.547 -0.0697171 0.997499 -0.0116074 -0.856913 -0.944054 -0.0697327 -0.322331 90.0209
-0.318775 -0.0120125 0.947754 142.154 -0.0702103 0.997471 -0.0109724 -0.86047 -0.945225 -0.07004 -0.318813 89.8295
-0.315966 -0.0133047 0.948677 142.747 -0.0699756 0.997505 -0.00931658 -0.884734 -0.946185 -0.0693282 -0.316109 89.6377
-0.311863 -0.0147258 0.950013 143.357 -0.0683313 0.997638 -0.00696726 -0.895669 -0.947666 -0.0670886 -0.312132 89.4383
-0.308888 -0.0159416 0.950965 143.948 -0.0666859 0.997761 -0.00493449 -0.920306 -0.948757 -0.0649403 -0.309259 89.2539
-0.305271 -0.0165658 0.952121 144.544 -0.0674303 0.997714 -0.00426056 -0.925904 -0.949874 -0.0655025 -0.305691 89.0682
-0.301861 -0.0160304 0.953217 145.128 -0.0690754 0.997598 -0.00509777 -0.935713 -0.950845 -0.0673828 -0.302243 88.8898
-0.298361 -0.0138218 0.954353 145.7 -0.0686527 0.997615 -0.00701464 -0.95188 -0.95198 -0.0676119 -0.298599 88.7123
-0.292336 -0.0115081 0.956246 146.28 -0.0671716 0.997704 -0.00852807 -0.967527 -0.953953 -0.0667258 -0.292437 88.5335
