1 0 0 0 0 1 0 0 0 0 1 0
0.999991 -0.000286352 -0.00421428 -0.0251081 0.000280498 0.999999 -0.00138965 -0.0304524 0.00421467 0.00138846 0.99999 0.603943
0.99999 -0.000415101 -0.00442336 -0.0312747 0.000408238 0.999999 -0.00155241 -0.0333533 0.004424 0.00155059 0.999989 1.15579
0.999978 -0.000714536 -0.00653031 -0.0419043 0.000694496 0.999995 -0.00307045 -0.0396682 0.00653247 0.00306585 0.999974 1.72631
0.999959 -0.00195174 -0.00884492 -0.0466494 0.00191962 0.999992 -0.00363773 -0.0453209 0.00885194 0.0036206 0.999954 2.29124
0.999942 -0.00436789 -0.00978824 -0.0506284 0.00432338 0.99998 -0.00456372 -0.0566739 0.00980798 0.00452114 0.999942 2.86019
0.999922 -0.00492088 -0.011443 -0.0575065 0.00486396 0.999976 -0.00499637 -0.0719856 0.0114673 0.00494033 0.999922 3.43807
0.999923 -0.0045136 -0.011533 -0.0659772 0.00445951 0.999979 -0.00471186 -0.0806906 0.011554 0.00466007 0.999922 4.00616
0.999914 -0.00429889 -0.0124008 -0.0787108 0.00423149 0.999976 -0.00545642 -0.100009 0.0124239 0.00540347 0.999908 4.58725
0.999923 -0.00257343 -0.0121701 -0.0836042 0.00247497 0.999964 -0.00809871 -0.129952 0.0121905 0.00806796 0.999893 5.17478
0.999911 -0.00206583 -0.0131771 -0.103095 0.00191814 0.999935 -0.0112114 -0.132919 0.0131994 0.0111851 0.99985 5.7747
0.999909 -0.00110019 -0.0134674 -0.119376 0.000901774 0.999891 -0.01473 -0.152458 0.0134821 0.0147165 0.999801 6.37351
0.99991 0.000608862 -0.0134061 -0.131643 -0.000799726 0.999898 -0.0142364 -0.171971 0.013396 0.0142458 0.999809 6.99215
0.999879 0.00275646 -0.0152908 -0.146063 -0.00288205 0.999962 -0.00819761 -0.174571 0.0152676 0.00824069 0.999849 7.65597
0.999874 0.00409462 -0.0153396 -0.159268 -0.00407619 0.999991 0.00123218 -0.17485 0.0153445 -0.00116949 0.999881 8.32613
0.999844 0.00557675 -0.0167399 -0.182602 -0.00545093 0.999957 0.00755245 -0.189906 0.0167813 -0.00746002 0.999831 9.01055
0.999832 0.00601145 -0.0172966 -0.198876 -0.00590004 0.999962 0.00648512 -0.214897 0.0173349 -0.00638197 0.999829 9.69494
0.999806 0.00933636 -0.0173147 -0.204993 -0.00932722 0.999956 0.000608089 -0.226906 0.0173196 -0.000446469 0.99985 10.3743
0.999779 0.00963408 -0.0186931 -0.221102 -0.00974597 0.999935 -0.00590382 -0.242502 0.018635 0.0060847 0.999808 11.1022
0.999787 0.00808342 -0.0189975 -0.232192 -0.00817214 0.999956 -0.00459695 -0.253219 0.0189595 0.00475122 0.999809 11.8192
0.999786 0.00672973 -0.0195567 -0.256407 -0.00664787 0.999969 0.00424777 -0.254649 0.0195847 -0.00411684 0.999799 12.5989
0.999813 0.00565013 -0.0185077 -0.262962 -0.00547011 0.999938 0.009763 -0.258233 0.0185617 -0.00965992 0.999781 13.3808
0.999805 0.00524805 -0.019025 -0.283079 -0.00500915 0.999908 0.0125836 -0.256534 0.0190893 -0.0124858 0.99974 14.1836
0.999815 0.00372596 -0.0188399 -0.29822 -0.00350373 0.999924 0.0118149 -0.275041 0.0188825 -0.0117467 0.999752 14.9942
0.999837 0.00503693 -0.0173571 -0.300308 -0.00487631 0.999945 0.0092837 -0.306013 0.0174029 -0.00919753 0.999806 15.8001
0.999826 0.00644651 -0.0174903 -0.319858 -0.00634158 0.999962 0.00604801 -0.278217 0.0175287 -0.00593603 0.999828 16.665
0.999877 0.00428905 -0.0150942 -0.32684 -0.0042643 0.99999 0.00167104 -0.295909 0.0151012 -0.00160646 0.999884 17.5103
0.999888 0.00243476 -0.0147335 -0.343303 -0.00249174 0.99999 -0.00385048 -0.33852 0.014724 0.00388676 0.999884 18.3962
0.999918 0.00345953 -0.0123597 -0.353542 -0.00356608 0.999957 -0.00860879 -0.345927 0.0123294 0.00865216 0.999886 19.2763
0.999915 0.00485185 -0.0120988 -0.366192 -0.00496795 0.999942 -0.00958487 -0.3635 0.0120516 0.00964416 0.99988 20.2016
0.999927 0.0042245 -0.0113433 -0.38287 -0.00433939 0.999939 -0.0101225 -0.36238 0.0112999 0.010171 0.999884 21.1309
0.999944 0.00590956 -0.00879905 -0.388289 -0.00599847 0.999931 -0.0101128 -0.394584 0.00873868 0.010165 0.99991 22.0551
0.999918 0.00867726 -0.00942318 -0.404863 -0.0087925 0.999886 -0.0122574 -0.414368 0.00931574 0.0123392 0.99988 23.0063
0.999888 0.013032 -0.00736626 -0.416177 -0.0131291 0.999826 -0.0132897 -0.433465 0.00719178 0.013385 0.999884 23.9638
0.999846 0.0160647 -0.00710195 -0.433047 -0.016161 0.999775 -0.0137189 -0.476982 0.00687997 0.0138315 0.99988 24.9339
0.999848 0.0162328 -0.0063856 -0.445244 -0.0163163 0.999779 -0.0132403 -0.490791 0.00616926 0.0133425 0.999892 25.915
0.999821 0.0178349 -0.00627227 -0.456329 -0.0179113 0.999763 -0.012337 -0.528266 0.00605076 0.0124471 0.999904 26.8938
0.999823 0.0176677 -0.00643964 -0.469356 -0.0177426 0.999773 -0.0117583 -0.543887 0.00623043 0.0118704 0.99991 27.8862
0.999838 0.0170314 -0.00575367 -0.481895 -0.0170901 0.999801 -0.0103035 -0.555783 0.00557703 0.0104002 0.99993 28.8937
0.999837 0.0169209 -0.00635279 -0.497557 -0.0169825 0.999808 -0.00976853 -0.565577 0.00618627 0.00987481 0.999932 29.9117
0.999863 0.0158719 -0.00467312 -0.509969 -0.0159157 0.999828 -0.00949826 -0.558884 0.00452156 0.00957133 0.999944 30.9395
0.999814 0.0185381 -0.0053095 -0.523824 -0.0185923 0.999774 -0.0103483 -0.582072 0.00511645 0.0104451 0.999932 31.9593
0.999842 0.0169147 -0.00544554 -0.534119 -0.0169675 0.999808 -0.00979049 -0.584494 0.00527889 0.00988134 0.999937 32.9922
0.999857 0.0161636 -0.0049798 -0.54901 -0.0161954 0.999848 -0.00640755 -0.606447 0.00487548 0.00648728 0.999967 34.0463
0.999846 0.0164839 -0.00595028 -0.56474 -0.0164984 0.999861 -0.00239498 -0.629333 0.00590997 0.00249278 0.999979 35.0879
0.999856 0.0161185 -0.00532884 -0.580847 -0.0161199 0.99987 -0.0002182 -0.6496 0.00532463 0.000304068 0.999986 36.1374
0.999847 0.0163707 -0.00608992 -0.594035 -0.0163576 0.999864 0.00219228 -0.650206 0.00612498 -0.00209233 0.999979 37.1964
0.999839 0.0171997 -0.0050613 -0.611199 -0.0171848 0.999848 0.00297607 -0.658518 0.00511171 -0.00288861 0.999983 38.2549
0.999843 0.0170108 -0.00488773 -0.622437 -0.0170007 0.999853 0.00209284 -0.650031 0.00492261 -0.00200942 0.999986 39.3087
0.999843 0.0168299 -0.00549817 -0.629676 -0.0168131 0.999854 0.00307396 -0.658978 0.0055491 -0.00298104 0.99998 40.3827
0.999833 0.0177846 -0.00417894 -0.646882 -0.0177624 0.999828 0.0053019 -0.675527 0.00427251 -0.00522679 0.999977 41.4744
0.999834 0.0175358 -0.00486209 -0.65698 -0.0174932 0.999809 0.00866993 -0.682481 0.00501319 -0.00858344 0.99995 42.5619
0.999797 0.0196633 -0.00427839 -0.671026 -0.0196253 0.999769 0.00873768 -0.697652 0.00444921 -0.00865194 0.999952 43.6391
0.999737 0.0222151 -0.00570212 -0.688981 -0.0221769 0.999732 0.00668869 -0.718639 0.00584918 -0.00656048 0.999961 44.7047
0.999658 0.0257395 -0.00458433 -0.702318 -0.0257148 0.999655 0.00538442 -0.723715 0.00472133 -0.0052647 0.999975 45.8105
0.999631 0.0266823 -0.00496693 -0.716371 -0.0266539 0.999629 0.00569604 -0.727174 0.00511707 -0.00556156 0.999971 46.883
0.999651 0.0260952 -0.00407862 -0.724676 -0.0260552 0.999615 0.00956423 -0.744195 0.00432663 -0.00945463 0.999946 47.983
0.999581 0.028832 -0.00248204 -0.740071 -0.0288005 0.999515 0.011878 -0.756914 0.0028233 -0.0118015 0.999926 49.07
0.999592 0.0284765 -0.00226835 -0.742956 -0.0284443 0.999509 0.0131587 -0.777514 0.00264195 -0.0130888 0.999911 50.1724
0.999582 0.0288709 -0.00162064 -0.753495 -0.0288459 0.999489 0.0137716 -0.771016 0.0020174 -0.0137191 0.999904 51.2483
0.999597 0.0283175 -0.00169275 -0.749787 -0.0282945 0.999523 0.0123772 -0.791314 0.00204243 -0.0123243 0.999922 52.3423
0.999603 0.0281529 -0.000942353 -0.772434 -0.0281421 0.999554 0.0100185 -0.775791 0.00122398 -0.00998803 0.999949 53.4345
0.999653 0.0263314 -0.000107211 -0.768938 -0.0263294 0.999615 0.00880133 -0.760771 0.000338917 -0.00879545 0.999961 54.5069
0.999729 0.0232498 -0.000733958 -0.769034 -0.0232445 0.999709 0.0065414 -0.756503 0.000885827 -0.00652256 0.999978 55.6038
0.999768 0.0215101 0.000841877 -0.76665 -0.0215132 0.999761 0.00386019 -0.752638 -0.000758646 -0.0038774 0.999992 56.664
0.999798 0.0201083 0.000163971 -0.767407 -0.020109 0.99978 0.00590718 -0.753799 -4.51545e-05 -0.00590928 0.999982 57.7459
0.999829 0.0184248 0.00178428 -0.770064 -0.018444 0.999765 0.0114212 -0.751813 -0.00157343 -0.0114522 0.999933 58.8136
0.999857 0.0168935 0.000858 -0.773101 -0.0169051 0.999729 0.016031 -0.74343 -0.000586951 -0.0160432 0.999871 59.8931
0.9999 0.0140564 0.00107723 -0.784855 -0.0140731 0.999748 0.0174765 -0.729206 -0.000831308 -0.0174899 0.999847 60.9762
0.99991 0.0133334 0.00121471 -0.789487 -0.0133515 0.999778 0.0163036 -0.726387 -0.000997062 -0.0163184 0.999866 62.0378
0.999936 0.0113138 0.000642557 -0.788864 -0.0113212 0.999853 0.0128741 -0.712555 -0.000496811 -0.0128805 0.999917 63.1201
0.999915 0.0129179 0.00140536 -0.801808 -0.0129321 0.99986 0.0105836 -0.692694 -0.00126844 -0.0106009 0.999943 64.19
0.999912 0.0131457 0.00153391 -0.805803 -0.013156 0.99989 0.00691985 -0.684778 -0.00144278 -0.00693942 0.999975 65.2663
0.999881 0.0152705 0.00221758 -0.818375 -0.0152848 0.999862 0.00658745 -0.6726 -0.00211668 -0.00662056 0.999976 66.358
0.99981 0.0192594 0.00302728 -0.826075 -0.019288 0.999767 0.0097152 -0.655593 -0.00283947 -0.00977173 0.999948 67.4478
0.999763 0.0215886 0.00279674 -0.83306 -0.0216266 0.999663 0.0143447 -0.646604 -0.00248612 -0.0144018 0.999893 68.5268
0.999748 0.0221814 0.00344296 -0.838526 -0.0222354 0.999617 0.0165039 -0.629322 -0.00307556 -0.0165763 0.999858 69.5998
0.999774 0.0210883 0.00273456 -0.839714 -0.0211373 0.99959 0.0193365 -0.607473 -0.00232567 -0.0193899 0.999809 70.6902
0.999794 0.0199751 0.00350531 -0.839104 -0.020045 0.999575 0.0211593 -0.598295 -0.00308117 -0.0212252 0.99977 71.7706
0.999836 0.0179584 0.00231098 -0.84058 -0.0180112 0.999518 0.0252947 -0.596207 -0.00185562 -0.0253322 0.999677 72.8543
0.999859 0.0167205 0.000994815 -0.840882 -0.0167415 0.999485 0.0273891 -0.587758 -0.000536345 -0.0274019 0.999624 73.9245
0.999883 0.0151841 0.00176025 -0.844956 -0.0152273 0.999494 0.0279179 -0.573857 -0.00133545 -0.0279414 0.999609 74.9798
0.999887 0.0150125 -0.00010752 -0.847809 -0.0150043 0.999531 0.0267109 -0.56893 0.000508464 -0.0267063 0.999643 76.0541
0.999881 0.0153921 -0.000227951 -0.854517 -0.0153811 0.999546 0.0258962 -0.559909 0.000626442 -0.0258896 0.999664 77.115
0.999858 0.0168116 -0.000402799 -0.858525 -0.0167925 0.999426 0.0294358 -0.547289 0.000897428 -0.0294249 0.999566 78.1785
0.999841 0.0177687 -0.000836859 -0.867486 -0.0177294 0.999251 0.0343884 -0.53727 0.00144727 -0.0343681 0.999408 79.2494
0.999791 0.0204209 -0.000176859 -0.874779 -0.0203988 0.999045 0.0386503 -0.50878 0.000965961 -0.0386386 0.999253 80.2943
0.999781 0.0208756 -0.000809156 -0.881241 -0.0208233 0.998903 0.0419412 -0.48674 0.00168381 -0.0419152 0.99912 81.3155
0.999789 0.0205322 -0.000606104 -0.887439 -0.0204883 0.998897 0.042245 -0.444368 0.00147282 -0.0422236 0.999107 82.3614
0.999772 0.0212706 -0.00128677 -0.894261 -0.0211969 0.998874 0.0424335 -0.405785 0.00218791 -0.0423966 0.999098 83.4062
0.999778 0.021027 -0.000554088 -0.904291 -0.0209829 0.998831 0.0435464 -0.369323 0.00146908 -0.0435251 0.999051 84.4377
0.999818 0.018953 -0.00213937 -0.909929 -0.0188358 0.998782 0.0455981 -0.336036 0.00300098 -0.0455495 0.998958 85.4679
0.999828 0.0182925 -0.00280244 -0.914785 -0.0181384 0.998701 0.0476105 -0.3166 0.00366972 -0.0475515 0.998862 86.4794
0.999842 0.0175894 -0.00218731 -0.925852 -0.0174562 0.998566 0.0506102 -0.287134 0.00307438 -0.0505641 0.998716 87.4599
0.999852 0.0167859 -0.00365587 -0.933313 -0.0165696 0.998468 0.0527998 -0.263426 0.00453655 -0.0527314 0.998598 88.4135
0.999861 0.0161504 -0.00412618 -0.942837 -0.0159047 0.99842 0.0538922 -0.240246 0.00499004 -0.0538191 0.998538 89.3181
0.999851 0.0154076 -0.007762 -0.954864 -0.0149641 0.998414 0.0542743 -0.212206 0.00858592 -0.0541501 0.998496 90.2172
0.999828 0.015068 -0.0107322 -0.971841 -0.0144653 0.998427 0.0541791 -0.184831 0.0115317 -0.0540146 0.998473 91.0785
0.999793 0.0152894 -0.0133759 -0.986632 -0.0145228 0.998345 0.0556433 -0.156858 0.0142045 -0.0554376 0.998361 91.9389
0.999713 0.016762 -0.0171057 -1.00331 -0.0157418 0.998185 0.0581246 -0.150554 0.0180489 -0.0578387 0.998163 92.8038
0.999672 0.017494 -0.0186687 -1.02687 -0.0163518 0.998084 0.0596723 -0.129176 0.0196768 -0.0593475 0.998043 93.5993
0.999581 0.018559 -0.0222063 -1.05225 -0.0171821 0.99801 0.0606664 -0.105438 0.0232881 -0.0602594 0.997911 94.4109
0.999526 0.0203735 -0.0230717 -1.07678 -0.0189371 0.997967 0.0608528 -0.0797808 0.0242646 -0.060387 0.99788 95.1526
0.99942 0.0223399 -0.0256948 -1.10508 -0.0207134 0.997867 0.0619169 -0.0555891 0.0270232 -0.0613487 0.99775 95.8844
0.999354 0.0242344 -0.0265069 -1.13247 -0.0225771 0.997875 0.0611305 -0.0294454 0.0279321 -0.0604925 0.997778 96.5589
0.999223 0.0262387 -0.029394 -1.1578 -0.024488 0.997992 0.0584132 -0.00386252 0.0308677 -0.057648 0.997859 97.2317
0.999064 0.0288284 -0.0322303 -1.18955 -0.0270094 0.998092 0.0555157 0.0148308 0.0337692 -0.0545932 0.997937 97.8878
0.998943 0.0304024 -0.0344646 -1.21911 -0.0284914 0.998099 0.0546464 0.0349398 0.0360605 -0.0536067 0.997911 98.5141
0.998845 0.0325745 -0.0353028 -1.24892 -0.0306375 0.998066 0.0540867 0.0489079 0.0369964 -0.0529427 0.997912 99.1204
0.998838 0.0339564 -0.0341835 -1.27741 -0.0320296 0.997949 0.0554177 0.0686723 0.0359952 -0.0542584 0.997878 99.6919
0.998826 0.0378427 -0.0302338 -1.30332 -0.036076 0.997723 0.0569876 0.0826147 0.0323215 -0.0558299 0.997917 100.249
0.998874 0.0401958 -0.0251571 -1.32722 -0.0386791 0.99756 0.0581217 0.0966089 0.027432 -0.0570832 0.997992 100.786
0.999036 0.0405413 -0.0167712 -1.33435 -0.039463 0.997401 0.0602846 0.113454 0.0191716 -0.0595647 0.99804 101.295
0.999142 0.0406787 -0.00771151 -1.34205 -0.0401165 0.997224 0.0627227 0.129628 0.0102416 -0.0623595 0.998001 101.805
0.999198 0.0397473 0.00463157 -1.3334 -0.0399609 0.997197 0.0632497 0.147661 -0.00210458 -0.0633841 0.997987 102.28
0.99908 0.0389879 0.0178437 -1.32313 -0.0400574 0.997138 0.0641256 0.165898 -0.0152925 -0.0647813 0.997782 102.731
0.998756 0.0370696 0.0333344 -1.30512 -0.0391293 0.99722 0.0634212 0.188922 -0.0308907 -0.0646466 0.99743 103.181
0.998075 0.0360512 0.0504594 -1.27662 -0.0391215 0.997356 0.0612444 0.200032 -0.048118 -0.0631006 0.996846 103.618
0.99677 0.0358915 0.0718343 -1.2387 -0.0400256 0.997574 0.0569632 0.214531 -0.0696156 -0.0596545 0.995789 104.026
0.994773 0.0349155 0.0959528 -1.18671 -0.0400896 0.997814 0.0525343 0.230895 -0.0939089 -0.0561064 0.993998 104.448
0.991853 0.0326465 0.123126 -1.1217 -0.0391019 0.997964 0.0503818 0.237225 -0.12123 -0.0547859 0.991111 104.84
0.987689 0.0293865 0.15364 -1.04478 -0.0373352 0.998096 0.0491085 0.251665 -0.151904 -0.0542401 0.986906 105.232
0.982244 0.0270246 0.185646 -0.952428 -0.0363064 0.998245 0.0467801 0.260414 -0.184057 -0.0526897 0.981502 105.61
0.974756 0.0253779 0.221822 -0.84902 -0.0361872 0.99834 0.0448012 0.26854 -0.220317 -0.0516974 0.974057 105.983
0.965588 0.0216661 0.25917 -0.731107 -0.0340885 0.99847 0.043533 0.280445 -0.257831 -0.0508697 0.96485 106.341
0.95395 0.0202763 0.299277 -0.599339 -0.0343794 0.998529 0.0419333 0.280981 -0.297987 -0.0502913 0.953244 106.693
0.940294 0.0203333 0.339754 -0.464955 -0.0362042 0.998526 0.0404391 0.300931 -0.338431 -0.0503252 0.939644 107.028
0.923194 0.0230699 0.383639 -0.313116 -0.0407311 0.998448 0.0379748 0.310197 -0.382168 -0.0506842 0.922702 107.353
0.903429 0.0219118 0.428176 -0.139879 -0.0423444 0.998371 0.0382533 0.326512 -0.42664 -0.05269 0.902885 107.682
0.881881 0.0216092 0.470976 0.0395333 -0.0445528 0.998299 0.0376193 0.324031 -0.469362 -0.054159 0.881343 107.975
0.856596 0.019601 0.515614 0.235988 -0.0444423 0.998368 0.0358797 0.333017 -0.514069 -0.0536495 0.856069 108.274
0.830365 0.0200129 0.55686 0.448364 -0.0455583 0.998448 0.0320515 0.329826 -0.555354 -0.0519841 0.829987 108.553
0.800564 0.0213558 0.598865 0.668107 -0.0473197 0.998497 0.0276502 0.331939 -0.597375 -0.0504739 0.800372 108.823
0.768863 0.0263248 0.63887 0.887172 -0.0516311 0.998446 0.0209954 0.331994 -0.637325 -0.0491281 0.769027 109.081
0.733183 0.0317482 0.679289 1.13781 -0.0565743 0.998295 0.0144052 0.33841 -0.677674 -0.048992 0.733728 109.344
0.695073 0.0369842 0.717987 1.38683 -0.0624449 0.998008 0.00904377 0.340424 -0.716222 -0.0511207 0.695997 109.582
0.65438 0.0362797 0.755294 1.67138 -0.0627048 0.998012 0.00638846 0.340332 -0.753561 -0.0515411 0.655354 109.799
0.61182 0.0329894 0.790308 1.97455 -0.0613272 0.998101 0.00581349 0.338414 -0.788615 -0.0520242 0.612681 110.008
0.567061 0.0309121 0.823095 2.28278 -0.0619414 0.998066 0.00519047 0.349021 -0.821343 -0.053927 0.567879 110.191
0.518914 0.028781 0.854341 2.61122 -0.0631571 0.997992 0.00474039 0.353673 -0.85249 -0.0564176 0.51969 110.383
0.470977 0.0258789 0.881765 2.95235 -0.063317 0.997983 0.00452978 0.35597 -0.87987 -0.0579642 0.471666 110.532
0.418892 0.0220098 0.907769 3.31648 -0.0634653 0.997971 0.00508935 0.333807 -0.905815 -0.0597437 0.419439 110.673
0.367621 0.0209367 0.92974 3.67396 -0.0661759 0.997801 0.00369666 0.337977 -0.927618 -0.0628854 0.368198 110.803
0.315854 0.0247822 0.948483 4.0376 -0.0702852 0.997523 -0.00265791 0.335848 -0.9462 -0.0658249 0.316814 110.917
0.264596 0.0285127 0.963937 4.42823 -0.0722677 0.997338 -0.00966349 0.327559 -0.961647 -0.0671047 0.265953 110.995
0.217014 0.0309614 0.975677 4.81214 -0.071804 0.997296 -0.0156764 0.32115 -0.973524 -0.0666555 0.218651 111.071
0.174654 0.0305102 0.984157 5.24249 -0.0646649 0.997717 -0.0194548 0.32035 -0.982504 -0.0602426 0.176228 111.118
0.139225 0.0299406 0.989807 5.64546 -0.0577594 0.998087 -0.0220667 0.317487 -0.988575 -0.0540985 0.140688 111.147
0.107319 0.0304568 0.993757 6.0761 -0.0537021 0.998249 -0.024795 0.307119 -0.992773 -0.0507059 0.108767 111.181
0.078893 0.0288197 0.996466 6.52251 -0.0552251 0.998173 -0.0244968 0.314147 -0.995352 -0.0530973 0.0803405 111.216
0.0526474 0.02529 0.998292 6.99091 -0.0603388 0.997933 -0.0220988 0.316962 -0.996788 -0.0590724 0.0540646 111.254
0.0281573 0.0213798 0.999374 7.48865 -0.0645265 0.997725 -0.0195265 0.311797 -0.997518 -0.0639364 0.0294728 111.273
0.00582673 0.0189188 0.999804 8.01028 -0.0607094 0.997984 -0.0185306 0.299452 -0.998138 -0.0605895 0.00696357 111.268
-0.0148416 0.0186472 0.999716 8.52704 -0.0550266 0.998296 -0.0194376 0.275958 -0.998374 -0.0552994 -0.0137902 111.25
-0.0334521 0.0210592 0.999218 9.02232 -0.0484719 0.998567 -0.0226682 0.272455 -0.998264 -0.0491923 -0.0323834 111.214
-0.0474971 0.0243615 0.998574 9.5778 -0.0473915 0.998522 -0.0266144 0.266478 -0.997746 -0.0485881 -0.0462723 111.189
-0.0590631 0.0285408 0.997846 10.1406 -0.0508001 0.99821 -0.0315582 0.254747 -0.996961 -0.0525546 -0.0575075 111.175
-0.0652303 0.0294771 0.997434 10.7536 -0.048486 0.998289 -0.0326732 0.237314 -0.996691 -0.050493 -0.0636894 111.133
-0.0681788 0.026073 0.997332 11.372 -0.0426127 0.99867 -0.029021 0.19732 -0.996762 -0.0444777 -0.066977 111.084
-0.0683199 0.0258052 0.997329 12.0277 -0.0405169 0.998769 -0.028618 0.180956 -0.99684 -0.0423639 -0.0671903 111.034
-0.0665156 0.0252707 0.997465 12.7047 -0.040553 0.998785 -0.0280084 0.15327 -0.996961 -0.0423133 -0.06541 110.987
-0.0649869 0.0258796 0.99755 13.3838 -0.0438448 0.998624 -0.0287639 0.132574 -0.996922 -0.0456067 -0.0637627 110.947
-0.0632673 0.0270572 0.997629 14.0581 -0.0450936 0.998534 -0.0299414 0.0996427 -0.996977 -0.046881 -0.0619544 110.912
-0.0621544 0.0271004 0.997698 14.776 -0.0450235 0.998538 -0.029928 0.0656823 -0.99705 -0.0467801 -0.0608433 110.868
-0.0619657 0.0269514 0.997714 15.4886 -0.0446786 0.998558 -0.0297491 0.0315014 -0.997078 -0.0464199 -0.0606722 110.826
-0.0616667 0.0257121 0.997765 16.2206 -0.0462811 0.998519 -0.0285919 -0.0132593 -0.997023 -0.0479409 -0.0603853 110.796
-0.06238 0.0237072 0.99777 16.9646 -0.0449985 0.998635 -0.026541 -0.042295 -0.997037 -0.0465538 -0.061228 110.761
-0.0632242 0.0211999 0.997774 17.7324 -0.0458935 0.998655 -0.0241267 -0.093873 -0.996943 -0.0473168 -0.0621662 110.72
-0.0638075 0.0199825 0.997762 18.5105 -0.0479005 0.998586 -0.0230623 -0.131927 -0.996812 -0.0492648 -0.0627601 110.678
-0.0648498 0.0191002 0.997712 19.3097 -0.0489734 0.998551 -0.0222995 -0.147627 -0.996692 -0.0503075 -0.0638204 110.625
-0.0656227 0.0171723 0.997696 20.1044 -0.0469781 0.99869 -0.0202794 -0.173488 -0.996738 -0.0482007 -0.06473 110.569
-0.0682321 0.0145993 0.997562 20.8919 -0.0457489 0.998795 -0.0177465 -0.194095 -0.99662 -0.0468483 -0.067482 110.51
-0.0694456 0.0148731 0.997474 21.7144 -0.0486127 0.99865 -0.0182752 -0.211848 -0.9964 -0.0497591 -0.0686289 110.462
-0.0708637 0.0180644 0.997322 22.5263 -0.0524032 0.998388 -0.0218072 -0.242133 -0.996108 -0.0538083 -0.0698028 110.426
-0.0725038 0.022666 0.99711 23.3563 -0.0514784 0.998324 -0.0264368 -0.256495 -0.996038 -0.0532464 -0.0712155 110.369
-0.0724312 0.024121 0.997081 24.1423 -0.0504444 0.998339 -0.0278159 -0.280279 -0.996096 -0.0523119 -0.0710941 110.311
-0.0730138 0.022922 0.997067 24.921 -0.0524822 0.998262 -0.0267927 -0.307321 -0.995949 -0.0542846 -0.0716839 110.281
-0.0740316 0.0192603 0.997069 25.7352 -0.0546672 0.998232 -0.0233418 -0.325019 -0.995756 -0.0562351 -0.0728477 110.231
-0.0756394 0.0137727 0.99704 26.5816 -0.0567325 0.998225 -0.018093 -0.351222 -0.99552 -0.0579331 -0.0747238 110.178
-0.07582 0.00853661 0.997085 27.428 -0.0611352 0.998042 -0.0131937 -0.371751 -0.995245 -0.0619574 -0.0751496 110.131
-0.0771482 0.00690947 0.996995 28.2879 -0.0624496 0.997979 -0.0117487 -0.38337 -0.995061 -0.0631684 -0.0765608 110.068
-0.0769818 0.0150803 0.996918 29.1243 -0.0595376 0.998032 -0.0196946 -0.411673 -0.995253 -0.0608703 -0.0759324 109.998
-0.0746683 0.0262653 0.996862 29.9495 -0.0559861 0.997966 -0.0304879 -0.427059 -0.995635 -0.058087 -0.0730459 109.94
-0.0742268 0.0317458 0.996736 30.7758 -0.055474 0.997814 -0.0359113 -0.449766 -0.995697 -0.0579585 -0.0723034 109.874
-0.0710398 0.0276346 0.99709 31.6028 -0.0541192 0.998037 -0.0315167 -0.474568 -0.996004 -0.0562007 -0.0694048 109.818
-0.0694211 0.0207548 0.997371 32.432 -0.0521516 0.998341 -0.024405 -0.513774 -0.996223 -0.0537087 -0.0682235 109.761
-0.0699608 0.0173291 0.997399 33.2401 -0.0520235 0.998425 -0.020996 -0.55926 -0.996192 -0.0533571 -0.0689491 109.707
-0.0691264 0.0177265 0.99745 34.0261 -0.0552296 0.998241 -0.0215682 -0.600913 -0.996077 -0.0565798 -0.0680257 109.659
-0.0714607 0.017853 0.997283 34.8211 -0.0579637 0.998076 -0.0220206 -0.629672 -0.995757 -0.0593799 -0.0702884 109.613
-0.0730793 0.0178929 0.997165 35.6011 -0.059476 0.997981 -0.0222664 -0.6559 -0.99555 -0.0609346 -0.0718676 109.564
-0.0763854 0.0173676 0.996927 36.3918 -0.0603773 0.997933 -0.0220113 -0.69262 -0.995248 -0.0618731 -0.0751788 109.51
-0.0781519 0.0177004 0.996784 37.1854 -0.0611779 0.997873 -0.0225163 -0.726566 -0.995062 -0.0627409 -0.0769028 109.461
-0.0801884 0.0176057 0.996624 37.9729 -0.0625194 0.997786 -0.0226566 -0.754315 -0.994816 -0.0641252 -0.0789102 109.405
-0.083017 0.0166017 0.996409 38.7575 -0.0629944 0.997774 -0.0218729 -0.780345 -0.994554 -0.0645841 -0.0817864 109.358
-0.0851339 0.0155388 0.996248 39.5413 -0.0617462 0.997874 -0.0208407 -0.811652 -0.994454 -0.0632888 -0.0839934 109.294
-0.0880779 0.0160709 0.995984 40.3169 -0.0620789 0.997838 -0.0215906 -0.832736 -0.994176 -0.0637312 -0.0868897 109.24
-0.089274 0.0164492 0.995871 41.0918 -0.062547 0.997797 -0.0220881 -0.88219 -0.99404 -0.0642606 -0.0880485 109.177
-0.0908132 0.0166053 0.995729 41.8514 -0.0615765 0.997854 -0.0222567 -0.912518 -0.993962 -0.0633347 -0.0895958 109.111
-0.0911973 0.0157802 0.995707 42.602 -0.0580039 0.998093 -0.0211306 -0.948138 -0.994141 -0.059682 -0.090108 109.034
-0.0931386 0.0146035 0.995546 43.3581 -0.0571991 0.998163 -0.0199932 -0.978395 -0.994008 -0.0588065 -0.0921322 108.968
-0.0962175 0.0135319 0.995268 44.1163 -0.0571547 0.998183 -0.0190969 -1.02123 -0.993717 -0.0587217 -0.0952692 108.9
-0.096935 0.0149411 0.995178 44.8314 -0.0587579 0.998057 -0.0207076 -1.05094 -0.993554 -0.0604819 -0.0958688 108.835
-0.0996669 0.0145765 0.994914 45.5506 -0.0588819 0.998054 -0.0205211 -1.07071 -0.993276 -0.0606277 -0.0986146 108.777
-0.099013 0.0139932 0.994987 46.2387 -0.0589239 0.998064 -0.0199001 -1.09439 -0.993339 -0.0605989 -0.0979967 108.71
-0.100836 0.0160105 0.994774 46.918 -0.0580935 0.99807 -0.0219522 -1.12379 -0.993205 -0.0600035 -0.0997107 108.63
-0.100057 0.016962 0.994837 47.6042 -0.0590027 0.997994 -0.0229501 -1.1565 -0.99323 -0.0609944 -0.098855 108.565
-0.10096 0.0190674 0.994707 48.2716 -0.0596877 0.997899 -0.0251867 -1.17328 -0.993098 -0.0619146 -0.0996095 108.499
-0.103269 0.0191293 0.994469 48.9346 -0.0580945 0.997992 -0.0252298 -1.20384 -0.992955 -0.0603787 -0.101951 108.431
-0.103631 0.018662 0.99444 49.6275 -0.056422 0.998103 -0.0246105 -1.23537 -0.993013 -0.0586587 -0.102381 108.359
-0.106118 0.0166727 0.994213 50.307 -0.0549182 0.998235 -0.0226019 -1.27791 -0.992835 -0.0569989 -0.105015 108.292
-0.106063 0.0167354 0.994218 50.9878 -0.0585812 0.998016 -0.0230488 -1.30214 -0.992631 -0.0606871 -0.104872 108.229
-0.10788 0.016561 0.994026 51.6522 -0.0602202 0.997916 -0.0231614 -1.33944 -0.992337 -0.0623591 -0.106657 108.166
-0.107711 0.0151232 0.994067 52.3003 -0.0592375 0.99801 -0.0216019 -1.37594 -0.992415 -0.0612129 -0.106601 108.109
-0.109071 0.0131411 0.993947 52.9781 -0.0600327 0.998 -0.0197824 -1.40326 -0.992219 -0.061827 -0.108064 108.04
-0.112603 0.0121827 0.993565 53.642 -0.0642023 0.997746 -0.0195102 -1.43547 -0.991563 -0.0659861 -0.111567 107.979
-0.116809 0.0124118 0.993077 54.301 -0.0668159 0.997558 -0.0203269 -1.44861 -0.990903 -0.0687277 -0.115694 107.916
-0.12246 0.0146826 0.992365 54.9515 -0.0671713 0.997475 -0.0230473 -1.49383 -0.990197 -0.0694808 -0.121165 107.833
-0.129674 0.0178655 0.991395 55.6037 -0.0643127 0.997581 -0.026389 -1.51463 -0.989468 -0.0671813 -0.128211 107.758
-0.137331 0.0200397 0.990322 56.27 -0.064218 0.997512 -0.0290905 -1.53928 -0.98844 -0.0675916 -0.135702 107.674
-0.144333 0.0193453 0.98934 56.9113 -0.0674157 0.997293 -0.029336 -1.56474 -0.987229 -0.0709312 -0.142638 107.599
-0.150685 0.0179184 0.988419 57.5822 -0.0674958 0.997316 -0.0283694 -1.59684 -0.986274 -0.070989 -0.149071 107.508
-0.155373 0.0181353 0.987689 58.2508 -0.0689473 0.997194 -0.0291559 -1.62403 -0.985446 -0.0726285 -0.153686 107.41
-0.160277 0.0176886 0.986914 58.9194 -0.0705268 0.997079 -0.0293245 -1.64525 -0.984548 -0.0743039 -0.158561 107.316
-0.163845 0.0152455 0.986368 59.5808 -0.0701405 0.99717 -0.0270635 -1.67243 -0.983988 -0.0736186 -0.162312 107.209
-0.165955 0.0109667 0.986072 60.2788 -0.0691414 0.997348 -0.0227286 -1.69649 -0.983705 -0.0719504 -0.164757 107.096
-0.169134 0.00928481 0.985549 61.0013 -0.0681938 0.997449 -0.0211 -1.72967 -0.98323 -0.0707771 -0.168069 106.977
-0.170506 0.0091117 0.985314 61.6856 -0.0701831 0.997305 -0.0213676 -1.73 -0.982853 -0.0727957 -0.169407 106.867
-0.171214 0.0119706 0.985161 62.3826 -0.0675567 0.99743 -0.0238605 -1.75846 -0.982914 -0.0706395 -0.169965 106.754
-0.172973 0.0187611 0.984748 63.0928 -0.0606459 0.997718 -0.0296608 -1.77591 -0.983057 -0.0648515 -0.17144 106.623
-0.173156 0.0215945 0.984657 63.8242 -0.0553724 0.997965 -0.0316238 -1.81391 -0.983336 -0.0599988 -0.171607 106.49
-0.175132 0.0234979 0.984264 64.5607 -0.0539563 0.997984 -0.033426 -1.83819 -0.983064 -0.0589613 -0.173511 106.363
-0.174625 0.0195872 0.98444 65.292 -0.0575475 0.99789 -0.0300629 -1.85836 -0.982951 -0.0619019 -0.17313 106.248
-0.175113 0.0143564 0.984443 66.0298 -0.0580711 0.998002 -0.0248839 -1.88039 -0.982833 -0.0615252 -0.17393 106.117
-0.175744 0.0115074 0.984369 66.7682 -0.0577407 0.99809 -0.0219766 -1.89136 -0.98274 -0.0607004 -0.174744 105.985
-0.176088 0.0110158 0.984313 67.5034 -0.0552457 0.998251 -0.021055 -1.923 -0.982822 -0.0580866 -0.175171 105.853
-0.178229 0.0116649 0.98392 68.238 -0.0586924 0.998023 -0.0224637 -1.94162 -0.982236 -0.0617523 -0.177192 105.735
-0.179869 0.0114045 0.983624 68.9715 -0.05895 0.998011 -0.0223511 -1.97441 -0.981922 -0.0620049 -0.178839 105.609
-0.183497 0.0116754 0.982951 69.7056 -0.0594232 0.997969 -0.0229469 -1.9982 -0.981222 -0.0626208 -0.182431 105.478
-0.184849 0.0109253 0.982706 70.4297 -0.0601399 0.997938 -0.0224071 -2.02228 -0.980924 -0.0632418 -0.18381 105.348
-0.186837 0.0101791 0.982338 71.156 -0.060923 0.997901 -0.0219277 -2.05374 -0.980499 -0.0639439 -0.185825 105.217
-0.188901 0.00966399 0.981948 71.8793 -0.0631557 0.997762 -0.0219691 -2.07416 -0.979962 -0.0661657 -0.187868 105.106
-0.189782 0.0111966 0.981762 72.6043 -0.0643621 0.997642 -0.0238194 -2.10276 -0.979713 -0.0677088 -0.188614 105
-0.190538 0.011196 0.981616 73.3521 -0.0652861 0.997576 -0.0240505 -2.12303 -0.979506 -0.0686684 -0.189345 104.87
-0.190888 0.0108399 0.981552 74.0727 -0.0678476 0.997402 -0.0242097 -2.14478 -0.979263 -0.0712173 -0.189657 104.733
-0.192642 0.00934599 0.981224 74.8265 -0.0681053 0.997416 -0.0228712 -2.16132 -0.978902 -0.0712326 -0.191508 104.596
-0.193249 0.00714658 0.981123 75.5855 -0.0702768 0.997304 -0.0211067 -2.18521 -0.978629 -0.0730292 -0.192226 104.45
-0.194489 0.00512108 0.980891 76.3462 -0.073639 0.997088 -0.0198067 -2.20468 -0.978136 -0.0760841 -0.193546 104.312
-0.197852 0.00551477 0.980216 77.0855 -0.0758262 0.996902 -0.0209138 -2.21698 -0.977294 -0.078464 -0.196821 104.191
-0.198645 0.00520866 0.980057 77.847 -0.0764724 0.996855 -0.0207979 -2.23477 -0.977082 -0.0790788 -0.197622 104.042
-0.201753 0.00515175 0.979423 78.6286 -0.0790957 0.996634 -0.0215354 -2.26286 -0.976236 -0.0818129 -0.200667 103.878
-0.201897 0.00866846 0.979368 79.3894 -0.0800345 0.99647 -0.0253189 -2.28638 -0.97613 -0.0834951 -0.20049 103.718
-0.204324 0.00805338 0.97887 80.1593 -0.0814978 0.996355 -0.0252086 -2.33255 -0.975504 -0.0849265 -0.202922 103.561
-0.202877 0.01122 0.97914 80.9692 -0.0829703 0.996141 -0.0286062 -2.35583 -0.975682 -0.0870431 -0.201163 103.397
-0.202818 0.013491 0.979123 81.7801 -0.0816019 0.996194 -0.0306294 -2.38133 -0.97581 -0.0861105 -0.200945 103.231
-0.201673 0.0129796 0.979367 82.5972 -0.0781002 0.996515 -0.0292894 -2.41517 -0.976333 -0.0823957 -0.199956 103.056
-0.198728 0.0119546 0.979982 83.3981 -0.0776363 0.996591 -0.0279009 -2.45151 -0.976974 -0.0816269 -0.197122 102.875
-0.198912 0.010126 0.979965 84.2258 -0.0782961 0.996586 -0.0261902 -2.48404 -0.976884 -0.081937 -0.19744 102.708
-0.194849 0.00911994 0.980791 85.0536 -0.0782599 0.996624 -0.0248147 -2.51365 -0.977705 -0.0815918 -0.193477 102.545
-0.194394 0.00723548 0.980897 85.8994 -0.0784298 0.996656 -0.022895 -2.54165 -0.977782 -0.0813822 -0.193177 102.375
-0.191502 0.00434148 0.981482 86.7384 -0.0792535 0.996656 -0.0198722 -2.57452 -0.978286 -0.0815915 -0.190517 102.214
-0.190488 0.00444626 0.981679 87.5715 -0.0808083 0.996525 -0.0201938 -2.61218 -0.978357 -0.0831746 -0.189467 102.057
-0.190233 0.00706808 0.981713 88.4171 -0.0803529 0.996507 -0.0227451 -2.64502 -0.978444 -0.0832104 -0.189 101.898
-0.188664 0.0109246 0.981981 89.2232 -0.0796811 0.996471 -0.0263946 -2.66107 -0.978803 -0.083225 -0.187127 101.745
-0.189173 0.0141385 0.981842 90.0665 -0.0822432 0.996155 -0.0301905 -2.70301 -0.978493 -0.0864611 -0.187282 101.593
-0.186528 0.0139495 0.98235 90.9097 -0.0821822 0.996173 -0.0297504 -2.73327 -0.979005 -0.086281 -0.184667 101.445
-0.1869 0.0106472 0.982321 91.7746 -0.0815103 0.996325 -0.0263075 -2.77684 -0.978991 -0.0849862 -0.185345 101.286
-0.184742 0.0100794 0.982735 92.6182 -0.0793471 0.99653 -0.0251372 -2.81113 -0.979578 -0.0826211 -0.183301 101.135
-0.184299 0.00953609 0.982824 93.4708 -0.0807761 0.996423 -0.0248152 -2.85092 -0.979544 -0.0839621 -0.182869 100.986
-0.18465 0.00919481 0.982761 94.3335 -0.081528 0.996366 -0.0246403 -2.87905 -0.979416 -0.0846724 -0.183229 100.822
-0.183569 0.00842717 0.98297 95.1688 -0.079438 0.996565 -0.0233788 -2.90459 -0.979791 -0.0823769 -0.182269 100.672
-0.182973 0.00749937 0.983089 96.0221 -0.0764768 0.996832 -0.0218381 -2.92971 -0.980138 -0.0791793 -0.18182 100.515
-0.181945 0.00856721 0.983271 96.8704 -0.0761722 0.996834 -0.0227804 -2.96303 -0.980353 -0.0790427 -0.180717 100.36
-0.182052 0.0111092 0.983226 97.6967 -0.0741203 0.996936 -0.0249881 -2.98117 -0.98049 -0.0774262 -0.180671 100.221
-0.18022 0.0115521 0.983558 98.5186 -0.0781878 0.996598 -0.0260319 -3.00857 -0.980513 -0.0815938 -0.178704 100.08
-0.179512 0.00941952 0.98371 99.3444 -0.0786735 0.996614 -0.0238998 -3.04184 -0.980604 -0.0816823 -0.178163 99.9521
-0.180184 0.00777269 0.983602 100.186 -0.081714 0.996394 -0.0228428 -3.08657 -0.980232 -0.08449 -0.178899 99.8137
-0.181045 0.00875319 0.983436 101.026 -0.0855167 0.996032 -0.0246085 -3.10487 -0.979749 -0.0885555 -0.179578 99.6711
-0.182399 0.0114634 0.983158 101.842 -0.0891202 0.995623 -0.0281426 -3.12865 -0.979177 -0.0927525 -0.180578 99.5235
-0.182446 0.0124636 0.983137 102.658 -0.0910307 0.99541 -0.0295123 -3.16053 -0.978992 -0.0948801 -0.180474 99.3846
-0.182582 0.012431 0.983112 103.472 -0.090632 0.995449 -0.029419 -3.19871 -0.979004 -0.0944729 -0.180624 99.2409
-0.183087 0.0130161 0.98301 104.269 -0.0898557 0.995505 -0.0299173 -3.21051 -0.978981 -0.0938067 -0.181095 99.0961
-0.183019 0.0131727 0.983021 105.078 -0.0887984 0.995601 -0.0298738 -3.25188 -0.97909 -0.0927582 -0.181044 98.9498
-0.184056 0.0157121 0.98279 105.894 -0.0890437 0.995494 -0.0325912 -3.2723 -0.978873 -0.0935099 -0.181828 98.8104
-0.183933 0.0163191 0.982803 106.697 -0.0889151 0.995486 -0.0331702 -3.30059 -0.978908 -0.0934872 -0.181651 98.6659
-0.18509 0.0161114 0.982589 107.461 -0.0899576 0.995389 -0.0332666 -3.33503 -0.978595 -0.0945488 -0.182788 98.521
-0.186398 0.0156745 0.982349 108.224 -0.09014 0.995382 -0.0329863 -3.36373 -0.97833 -0.0946976 -0.184124 98.3965
-0.189222 0.0162332 0.9818 109.004 -0.089991 0.995368 -0.0338016 -3.40527 -0.977801 -0.0947492 -0.186885 98.258
-0.192597 0.0173674 0.981124 109.773 -0.0898435 0.995331 -0.0352554 -3.46544 -0.977156 -0.0949377 -0.190137 98.1205
-0.19543 0.0179595 0.980553 110.547 -0.0904407 0.995241 -0.0362539 -3.51047 -0.976538 -0.0957671 -0.192876 97.9762
-0.199184 0.017891 0.979799 111.325 -0.0896388 0.995309 -0.0363969 -3.55125 -0.975853 -0.0950777 -0.196645 97.8243
-0.201483 0.0172165 0.979341 112.095 -0.0884913 0.995436 -0.0357051 -3.60322 -0.975486 -0.0938571 -0.19904 97.6691
-0.204777 0.0177883 0.978647 112.861 -0.0869361 0.995552 -0.0362866 -3.64342 -0.97494 -0.0925105 -0.20232 97.5175
-0.206097 0.0207941 0.97831 113.621 -0.0893366 0.995198 -0.0399733 -3.68124 -0.974444 -0.0956374 -0.20325 97.3704
-0.208084 0.026893 0.977741 114.38 -0.0903421 0.99482 -0.0465895 -3.7045 -0.973929 -0.0980257 -0.204576 97.2229
-0.211683 0.0291206 0.976904 115.145 -0.0873663 0.99499 -0.0485909 -3.74203 -0.973425 -0.0956345 -0.208078 97.0576
-0.213902 0.026651 0.976491 115.9 -0.0862691 0.995206 -0.0460592 -3.78988 -0.973038 -0.0940932 -0.210577 96.8957
-0.217513 0.0202182 0.975848 116.67 -0.0863678 0.995464 -0.0398757 -3.82895 -0.972228 -0.0929554 -0.21478 96.7392
-0.219114 0.0183853 0.975526 117.431 -0.0868923 0.995481 -0.0382784 -3.8747 -0.971822 -0.0931531 -0.216527 96.5826
-0.221592 0.0202588 0.974929 118.181 -0.0886205 0.995228 -0.0408232 -3.90305 -0.971103 -0.0954449 -0.218739 96.4118
-0.223857 0.0227659 0.974356 118.944 -0.0911022 0.994861 -0.0441756 -3.94357 -0.970354 -0.098655 -0.220632 96.2479
-0.22632 0.0257717 0.973712 119.691 -0.0909536 0.994723 -0.0474682 -3.98276 -0.969797 -0.0993057 -0.222781 96.0735
-0.228385 0.0291007 0.973136 120.42 -0.0879583 0.994848 -0.0503929 -4.04276 -0.969589 -0.0971044 -0.224648 95.9044
-0.230194 0.0337496 0.972559 121.171 -0.0879708 0.994584 -0.0553356 -4.08651 -0.96916 -0.0982947 -0.225978 95.7293
-0.232999 0.0349499 0.971849 121.909 -0.089909 0.994299 -0.0573129 -4.11754 -0.968311 -0.100732 -0.228528 95.5582
-0.235 0.0333345 0.971424 122.645 -0.0887941 0.994496 -0.0556067 -4.16921 -0.96793 -0.0993242 -0.230746 95.3908
-0.238981 0.0305852 0.970542 123.374 -0.084774 0.99503 -0.0522312 -4.22654 -0.967316 -0.094759 -0.2352 95.2105
-0.244176 0.0290996 0.969294 124.121 -0.084876 0.995072 -0.0512547 -4.27994 -0.966008 -0.094785 -0.240503 95.0232
-0.250016 0.0279002 0.967839 124.864 -0.0845113 0.99514 -0.0505186 -4.32105 -0.964545 -0.0944238 -0.246444 94.8432
-0.258759 0.0276363 0.965546 125.573 -0.08479 0.995081 -0.0512048 -4.36633 -0.962212 -0.0951184 -0.255143 94.6621
-0.268648 0.0281899 0.962826 126.295 -0.0835672 0.99512 -0.0524525 -4.40635 -0.959606 -0.0945519 -0.264981 94.4764
-0.281169 0.0285202 0.959234 127.011 -0.0837033 0.995019 -0.0541192 -4.45127 -0.956 -0.0955077 -0.277381 94.285
-0.292964 0.0289835 0.955684 127.704 -0.0830447 0.994991 -0.0556329 -4.49482 -0.952509 -0.0956629 -0.289089 94.0804
-0.305209 0.0291151 0.95184 128.409 -0.0802648 0.995188 -0.0561781 -4.54084 -0.948896 -0.0935454 -0.301404 93.8655
-0.316185 0.029158 0.948249 129.104 -0.0792532 0.995221 -0.0570287 -4.58704 -0.94538 -0.0931834 -0.312363 93.6395
-0.326837 0.0302091 0.944598 129.791 -0.0757907 0.995431 -0.0580589 -4.64391 -0.942036 -0.0905675 -0.323054 93.4097
-0.335953 0.0314555 0.941353 130.469 -0.0698005 0.995862 -0.0581875 -4.69046 -0.939288 -0.0852552 -0.332367 93.1624
-0.343247 0.0324655 0.938684 131.12 -0.0691552 0.995816 -0.0597295 -4.74358 -0.936695 -0.0854168 -0.339566 92.9125
-0.349656 0.0321917 0.936325 131.774 -0.0726658 0.995466 -0.061361 -4.77075 -0.934055 -0.089494 -0.345731 92.6678
-0.35397 0.0306144 0.934756 132.444 -0.0682633 0.995952 -0.0584684 -4.82235 -0.932762 -0.0845055 -0.350447 92.4208
-0.356786 0.0297629 0.933712 133.113 -0.0645741 0.996315 -0.0564333 -4.87601 -0.931951 -0.0804282 -0.35355 92.1641
-0.357403 0.0287022 0.933509 133.768 -0.0602278 0.996738 -0.0537052 -4.92886 -0.932005 -0.0754176 -0.354509 91.9148
-0.358713 0.0283843 0.933016 134.423 -0.0577448 0.996948 -0.0525302 -4.9815 -0.931659 -0.0727201 -0.355979 91.6639
-0.358952 0.0309937 0.932841 135.054 -0.0572095 0.996838 -0.055134 -5.03332 -0.9316 -0.0731579 -0.356044 91.4231
-0.357428 0.0348825 0.933289 135.69 -0.0560076 0.996702 -0.0587023 -5.06875 -0.932259 -0.0732531 -0.354296 91.1642
-0.357194 0.0355542 0.933353 136.322 -0.0532401 0.996875 -0.0583489 -5.09796 -0.932511 -0.0705337 -0.354185 90.9152
-0.355274 0.0337971 0.934151 136.951 -0.0527251 0.99703 -0.0561244 -5.14559 -0.933273 -0.0691928 -0.352437 90.6673
-0.35395 0.0333156 0.934671 137.585 -0.0493305 0.997308 -0.0542292 -5.20194 -0.933962 -0.0653022 -0.351354 90.432
-0.35191 0.0330559 0.93545 138.216 -0.0504693 0.997252 -0.0542261 -5.24622 -0.934672 -0.0662942 -0.349275 90.2036
-0.349873 0.0358863 0.93611 138.837 -0.0477125 0.997286 -0.0560642 -5.29187 -0.935581 -0.0642794 -0.347211 89.9805
-0.346463 0.0377705 0.937303 139.46 -0.0466012 0.997262 -0.0574123 -5.31069 -0.936905 -0.0635707 -0.343754 89.7433
-0.342286 0.0359827 0.938906 140.065 -0.0472305 0.997343 -0.0554407 -5.37427 -0.938407 -0.0633216 -0.339678 89.5187
-0.339293 0.0352124 0.940022 140.658 -0.0464951 0.997449 -0.0541457 -5.41375 -0.93953 -0.0620777 -0.33679 89.3121
-0.334276 0.033379 0.941884 141.275 -0.0467796 0.997552 -0.051954 -5.45843 -0.941313 -0.061428 -0.331896 89.1055
-0.330714 0.0328854 0.943158 141.878 -0.0474449 0.997549 -0.0514183 -5.48737 -0.942537 -0.0617528 -0.328343 88.9087
-0.328946 0.0315182 0.943823 142.45 -0.0479919 0.997593 -0.0500403 -5.54059 -0.943128 -0.0617564 -0.326642 88.7347
-0.324365 0.0293307 0.945477 143.069 -0.0473528 0.997762 -0.0471982 -5.57646 -0.944745 -0.0600805 -0.32225 88.5209
-0.321288 0.0280975 0.946565 143.66 -0.0457699 0.99793 -0.0451578 -5.62717 -0.945874 -0.0578328 -0.319337 88.3297
-0.318178 0.0270615 0.947645 144.275 -0.0472236 0.997898 -0.0443523 -5.66382 -0.946854 -0.0588631 -0.316231 88.129
-0.314829 0.0274459 0.948752 144.856 -0.0490872 0.997773 -0.0451529 -5.69753 -0.947878 -0.060787 -0.31278 87.9452
-0.311436 0.0296247 0.949805 145.426 -0.0491873 0.997671 -0.047246 -5.74859 -0.948993 -0.0614325 -0.309253 87.7558
-0.305506 0.0317718 0.95166 146.002 -0.047886 0.997665 -0.0486804 -5.78786 -0.950985 -0.0604433 -0.303272 87.5743
-0.299912 0.0334596 0.95338 146.555 -0.0506727 0.997414 -0.0509456 -5.82077 -0.95262 -0.0635896 -0.297441 87.4118
-0.291175 0.0319323 0.956137 147.099 -0.055534 0.997193 -0.0502154 -5.84406 -0.955056 -0.0677195 -0.288584 87.2434
