1 0 0 0 0 1 0 0 0 0 1 0
<<<<<<< HEAD
<<<<<<< HEAD
-0.984133 -0.176351 -0.0195681 -0.121912 -0.173395 0.932474 0.316901 0.238371 -0.037639 0.315266 -0.948257 -0.812407
0.999857 0.0157157 -0.00625345 -0.0354442 -0.0153828 0.998625 0.0501239 -0.0113882 0.00703257 -0.0500205 0.998723 1.14247
-0.975281 -0.219326 -0.0269116 -0.159607 -0.214418 0.909879 0.35517 0.564668 -0.0534117 0.352161 -0.934414 -1.82639
0.996924 -0.0614827 -0.0486046 -0.235576 0.0624575 0.997871 0.0187961 0.258472 0.0473455 -0.0217738 0.998641 2.39695
-0.968402 -0.24933 -0.00568878 -0.194784 -0.239368 0.922822 0.301834 1.08281 -0.0700065 0.293658 -0.953343 -2.80193
0.981488 -0.188561 -0.0335639 -0.254085 0.181805 0.972377 -0.146389 -0.162031 0.0602401 0.137577 0.988657 3.52422
-0.979799 -0.198534 0.0240673 -0.108143 -0.190468 0.963067 0.190323 1.03424 -0.0609641 0.181895 -0.981426 -3.92481
0.978911 -0.202269 -0.028661 -0.266676 0.192656 0.960704 -0.199828 -0.629511 0.0679538 0.190093 0.979412 4.60337
-0.975854 -0.216796 0.0266063 -0.109655 -0.207436 0.958016 0.197926 1.42511 -0.0683987 0.187628 -0.979856 -5.0642
0.973898 -0.224797 -0.0314499 -0.365752 0.214752 0.957393 -0.193081 -0.627285 0.0735139 0.181287 0.980679 5.80506
-0.102539 -0.299165 -0.948676 -10.856 -0.990111 -0.061094 0.126284 0.523458 -0.0957382 0.952243 -0.289942 3.36903
0.368575 -0.896687 0.245163 -8.58899 0.333108 0.373614 0.865709 10.6663 -0.867866 -0.237412 0.436399 7.85867
0.576336 0.584377 -0.571262 -14.2713 -0.815187 0.460295 -0.351566 6.95303 0.0575024 0.668305 0.741661 16.4357
0.737883 -0.667912 -0.0970739 -15.1751 -0.132137 -0.284005 0.949674 17.6911 -0.661868 -0.687921 -0.297818 11.9042
0.425842 0.561577 -0.709429 -22.6818 -0.904795 0.265977 -0.332568 11.7556 0.00192964 0.78351 0.621377 19.7469
0.822428 -0.560118 -0.0993948 -21.2197 -0.0688978 -0.271512 0.959966 24.0592 -0.564681 -0.782655 -0.26189 15.0746
0.364682 0.626714 -0.688648 -29.4493 -0.931103 0.23963 -0.274998 16.4335 -0.00732471 0.741489 0.670925 23.4648
0.740607 -0.656996 -0.140917 -26.9581 -0.0553851 -0.268691 0.961633 29.857 -0.669651 -0.704388 -0.235382 17.5406
0.396412 0.642199 -0.656078 -34.7017 -0.917296 0.306453 -0.254273 20.6263 0.0377627 0.702615 0.710567 27.0641
0.709177 -0.657783 -0.253752 -32.6105 0.0126468 -0.347989 0.937413 34.5502 -0.704917 -0.668001 -0.238467 19.5195
0.394814 0.61627 -0.68142 -39.8247 -0.906627 0.381471 -0.180299 23.9609 0.148829 0.688978 0.709337 29.6091
0.734158 -0.63643 -0.236579 -35.8805 0.00131024 -0.347104 0.937826 38.8053 -0.678978 -0.688822 -0.253995 21.2769
0.410683 0.61339 -0.674605 -44.2603 -0.895052 0.412283 -0.170014 27.1194 0.173843 0.673629 0.718333 32.7206
0.716552 -0.637052 -0.284109 -40.6021 -0.0153583 -0.421616 0.906645 43.1652 -0.697364 -0.645295 -0.311893 22.2058
0.428885 0.626787 -0.650535 -49.0546 -0.879878 0.452965 -0.143657 30.1205 0.204627 0.634004 0.745766 36.1336
0.660559 -0.67584 -0.326959 -47.1896 -0.039045 -0.465831 0.884012 46.5419 -0.749758 -0.571176 -0.334096 24.264
0.418531 0.685434 -0.595829 -55.1756 -0.873732 0.482912 -0.0582035 36.4009 0.247838 0.544955 0.801 40.1144
0.693318 -0.694279 -0.193099 -51.5143 -0.22111 -0.459982 0.859957 50.407 -0.685872 -0.553528 -0.472426 26.2141
0.478812 0.654729 -0.584867 -58.4037 -0.830886 0.553081 -0.0610741 40.8681 0.283492 0.515201 0.808827 41.4534
0.627924 -0.71955 -0.296581 -55.9934 -0.252176 -0.548623 0.797132 53.7774 -0.736287 -0.425748 -0.525947 25.8776
0.469093 0.688615 -0.552957 -62.9324 -0.765704 0.629106 0.133873 47.0358 0.440055 0.360603 0.822385 43.8858
0.566902 -0.737331 -0.367376 -62.3644 -0.343781 -0.617022 0.707883 58.4425 -0.748624 -0.275004 -0.603271 26.0994
0.537826 0.733938 -0.414823 -67.6041 -0.749778 0.64138 0.16268 52.9803 0.385456 0.223532 0.895242 46.681
0.443431 -0.785955 -0.430864 -70.1442 -0.47538 -0.613757 0.63033 63.2279 -0.759857 -0.0746842 -0.645786 27.0182
0.620391 0.744657 -0.246173 -71.5179 -0.671553 0.666502 0.323714 61.7686 0.405131 -0.0355108 0.913569 49.4212
0.35794 -0.727696 -0.585096 -78.6266 -0.492947 -0.679443 0.54347 69.9854 -0.793021 0.0938915 -0.601916 29.2956
0.660791 0.749179 -0.0456722 -74.8789 -0.715272 0.64699 0.264175 67.461 0.227464 -0.141896 0.963393 52.3303
0.320931 -0.715156 -0.62093 -84.0824 -0.48443 -0.687311 0.541231 75.7401 -0.813837 0.127099 -0.567023 32.292
0.657086 0.752221 0.0489946 -78.1819 -0.749023 0.644212 0.154771 71.2636 0.084859 -0.138396 0.986735 54.6967
0.282811 -0.735267 -0.615954 -87.8049 -0.459962 -0.667478 0.585583 80.464 -0.841696 0.117706 -0.526966 35.6811
0.718922 0.694623 -0.0254882 -81.7101 -0.681918 0.711929 0.167762 77.0924 0.134677 -0.103227 0.985498 56.9272
0.266981 -0.78219 -0.562938 -90.4424 -0.572745 -0.59857 0.560068 82.7585 -0.775038 0.172892 -0.607803 37.0297
0.620529 0.784183 0.0001688 -84.4265 -0.770346 0.60954 0.187159 78.5242 0.146664 -0.116267 0.98233 58.0025
0.126745 -0.861378 -0.491897 -92.9063 -0.566178 -0.470004 0.677155 86.1907 -0.814481 0.192675 -0.547264 39.2673
0.58149 -0.5225 -0.623588 -99.7758 -0.742544 -0.0276759 -0.669225 66.4852 0.332412 0.85219 -0.404073 34.0753
0.843475 -0.533357 0.0638682 -90.3494 0.0705117 -0.00793506 -0.997479 47.447 0.53252 0.845853 0.0309146 39.9802
0.465803 -0.512854 0.721116 -72.1668 0.80398 -0.0951449 -0.586995 45.5292 0.369654 0.853187 0.368005 51.5913
-0.403302 -0.419036 0.813484 -61.2883 0.903002 -0.326134 0.279686 61.6066 0.148106 0.847375 0.509921 63.4107
-0.870427 -0.427884 0.243457 -67.9804 0.390431 -0.298769 0.870804 83.6874 -0.299866 0.853025 0.427117 68.3136
-0.834319 -0.406494 -0.372391 -86.2023 -0.302701 -0.226765 0.925715 98.2164 -0.460744 0.885065 0.0661479 64.1534
-0.279136 -0.492904 -0.824093 -106.553 -0.854458 -0.264099 0.447384 96.2355 -0.43816 0.829034 -0.347446 51.8971
0.474577 -0.530269 -0.702561 -114.856 -0.874708 -0.373246 -0.309148 78.363 -0.0982966 0.76125 -0.640965 38.1275
0.870976 -0.488737 -0.0503697 -104.123 -0.321863 -0.490105 -0.810062 57.0586 0.371221 0.721756 -0.584177 31.8756
0.509673 -0.334938 0.792496 -82.0322 0.586102 -0.53916 -0.604806 51.3912 0.629856 0.772736 -0.0784873 39.225
-0.33898 -0.281794 0.897599 -68.5493 0.850976 -0.498672 0.164819 65.3137 0.401163 0.819706 0.40884 54.0806
-0.957646 -0.229498 0.173908 -78.3078 0.249188 -0.357884 0.899902 87.9278 -0.144288 0.905124 0.399915 61.8767
-0.631374 -0.318418 -0.70709 -103.67 -0.679026 -0.213399 0.702413 93.4919 -0.374554 0.923618 -0.0814796 55.394
0.459757 -0.329429 -0.824681 -115.364 -0.878674 -0.303299 -0.368701 73.1658 -0.128664 0.89414 -0.428905 45.1989
0.942503 -0.31157 0.120882 -99.3108 -0.00305349 -0.369721 -0.929137 52.5136 0.334185 0.875346 -0.349415 43.0694
0.313269 -0.288652 0.904733 -74.8157 0.822046 -0.394592 -0.410531 55.4955 0.475502 0.87234 0.113672 53.1017
-0.67316 -0.250486 0.695782 -69.1513 0.735573 -0.323594 0.595162 80.0929 0.0760714 0.912438 0.402082 64.1672
-0.953471 -0.300537 0.0238915 -82.4886 0.12024 -0.3064 0.944278 103.736 -0.276471 0.903214 0.32828 67.8595
-0.69196 -0.33721 -0.638342 -108.237 -0.54888 -0.328635 0.768589 114.295 -0.468958 0.882206 0.0423149 61.4146
-0.000119507 -0.35219 -0.935928 -131.096 -0.928924 -0.346507 0.130509 103.061 -0.37027 0.869422 -0.327117 47.2976
0.668716 -0.376213 -0.641313 -136.159 -0.743171 -0.311873 -0.591973 76.4759 0.0226996 0.872467 -0.488146 34.788
0.917625 -0.397387 0.00691947 -120.187 -0.111738 -0.27465 -0.955029 50.8185 0.381417 0.875586 -0.296429 32.9665
0.645216 -0.420788 0.637678 -92.1068 0.613962 -0.211169 -0.760564 41.9406 0.454695 0.882238 0.122099 43.058
-0.0551231 -0.421617 0.905097 -69.3804 0.977333 -0.20835 -0.0375324 58.8917 0.204402 0.882513 0.423546 57.1333
-0.694621 -0.457559 0.555104 -67.1765 0.693832 -0.222327 0.684957 90.7172 -0.189994 0.860936 0.471903 65.7489
-0.885257 -0.428623 -0.180557 -88.8153 -0.0773251 -0.247172 0.965881 115.259 -0.458629 0.869015 0.185668 61.7008
-0.533312 -0.457198 -0.711722 -117.628 -0.700955 -0.232141 0.674367 119.218 -0.47354 0.858534 -0.196672 47.9264
0.13327 -0.476666 -0.868924 -137.379 -0.971182 -0.237611 -0.0186071 100.367 -0.197597 0.846363 -0.494596 31.7642
0.73029 -0.487764 -0.478291 -136.092 -0.643307 -0.255456 -0.721732 69.4644 0.229853 0.834763 -0.500339 23.3514
0.895997 -0.432242 0.10176 -117.275 -0.0189151 -0.266101 -0.963759 45.0496 0.443657 0.861601 -0.246603 25.8684
0.670207 -0.445504 0.593589 -89.3006 0.51488 -0.296933 -0.804194 34.7404 0.534529 0.844604 0.0303745 37.3794
0.231724 -0.381068 0.895036 -62.0412 0.84009 -0.385498 -0.381627 42.052 0.490461 0.840344 0.230803 53.7125
-0.333921 -0.344604 0.877351 -46.6862 0.88937 -0.423544 0.172137 64.933 0.312278 0.83777 0.447911 71.8945
-0.787363 -0.25672 0.560494 -49.3343 0.613988 -0.408354 0.675473 95.2692 0.0554725 0.87598 0.479147 85.8513
-0.957754 -0.284933 0.0389949 -69.6189 0.137511 -0.334635 0.93226 122.196 -0.252584 0.898238 0.35968 90.349
-0.813536 -0.349431 -0.464819 -100.25 -0.38925 -0.266614 0.881703 136.11 -0.432022 0.898229 0.0808842 83.765
-0.365036 -0.416468 -0.832648 -131.049 -0.804992 -0.308097 0.507014 130.388 -0.467692 0.855354 -0.222787 68.2685
0.0562923 -0.447624 -0.892448 -153.502 -0.915315 -0.380163 0.132943 112.746 -0.398785 0.809388 -0.431117 48.9802
0.497604 -0.461033 -0.734737 -161.137 -0.846331 -0.443632 -0.294811 85.7949 -0.190036 0.76853 -0.610941 30.0874
0.832157 -0.405399 -0.378372 -151.935 -0.548782 -0.503969 -0.666973 55.9787 0.0797019 0.76267 -0.641858 16.2402
0.934541 -0.337863 0.111721 -127.298 -0.0941232 -0.537458 -0.838021 32.127 0.343182 0.772649 -0.534078 11.0402
0.752015 -0.301004 0.586404 -94.0192 0.376738 -0.533728 -0.757101 21.6293 0.540872 0.790272 -0.287971 16.964
0.343573 -0.263103 0.901517 -62.7699 0.756266 -0.491628 -0.431696 29.4633 0.556793 0.830107 0.0300657 31.8822
-0.264439 -0.283844 0.921685 -45.7001 0.877926 -0.466398 0.108251 53.8072 0.399147 0.837797 0.372529 50.9802
-0.76421 -0.265416 0.587823 -50.6841 0.63532 -0.466824 0.615177 84.3991 0.111132 0.843581 0.525377 66.2407
-0.924282 -0.31603 0.214072 -68.6464 0.348259 -0.4686 0.811867 112.196 -0.156261 0.824947 0.54318 75.5334
-0.898308 -0.396741 -0.188785 -96.0588 0.0177172 -0.462035 0.886684 133.437 -0.43901 0.793171 0.422079 75.2345
-0.642839 -0.468829 -0.605769 -126.42 -0.391445 -0.478701 0.785885 141.431 -0.658429 0.742324 0.124207 61.9698
-0.110315 -0.485845 -0.867055 -149.438 -0.596498 -0.665434 0.448761 135.844 -0.794997 0.566702 -0.216399 37.2915
0.489697 -0.425707 -0.7609 -154.65 -0.581895 -0.809476 0.0783903 121.528 -0.649303 0.404377 -0.644116 6.10909
0.916894 -0.156411 -0.367207 -138.605 -0.283004 -0.903526 -0.32179 105.677 -0.28145 0.398968 -0.872703 -20.7726
0.950969 0.292181 0.101427 -111.075 0.279082 -0.669299 -0.688586 97.0679 -0.133306 0.683131 -0.718026 -38.4865
0.793677 0.398724 0.459452 -79.814 0.598847 -0.64498 -0.474745 101.564 0.107046 0.651936 -0.750681 -50.3597
0.491533 0.49707 0.715064 -50.7707 0.81389 -0.554307 -0.174145 118.653 0.309803 0.667582 -0.677021 -55.2717
0.114599 0.546743 0.829421 -29.975 0.879501 -0.444041 0.171188 145.45 0.461893 0.709859 -0.531747 -52.1537
-0.267024 0.589984 0.761982 -20.7439 0.78334 -0.327668 0.528215 177.232 0.561316 0.737938 -0.374663 -42.6995
-0.469964 0.577338 0.667694 -19.9252 0.726007 -0.177408 0.664409 209.568 0.502043 0.796999 -0.335776 -33.4586
-0.679249 0.519787 0.518114 -27.9742 0.637361 0.067785 0.767578 241.917 0.363857 0.851603 -0.377334 -28.228
-0.865672 0.389704 0.314234 -45.2267 0.4346 0.273484 0.858096 270.103 0.248466 0.879396 -0.406112 -26.4177
-0.983681 0.166776 0.0675096 -70.5373 0.127191 0.379198 0.916532 290.632 0.127256 0.910162 -0.394222 -27.5235
-0.932003 0.0549729 -0.358257 -100.71 -0.291328 0.474432 0.830687 297.201 0.215634 0.878574 -0.426157 -27.6848
-0.594614 0.0368128 -0.803168 -129.315 -0.718254 0.42459 0.55121 288.881 0.361309 0.904637 -0.226027 -22.0834
-0.074621 0.00112083 -0.997211 -148.551 -0.898903 0.432876 0.067751 267.098 0.431744 0.901453 -0.0312944 -10.9877
0.478617 0.000680892 -0.878024 -152.052 -0.808317 0.390824 -0.440317 238.911 0.342853 0.920465 0.187605 1.42774
0.883311 0.0407419 -0.467013 -137.667 -0.445217 0.384814 -0.808517 212.997 0.146773 0.922095 0.358049 12.0776
0.992945 0.107957 0.0490502 -110.988 0.00525132 0.373215 -0.927729 196.413 -0.118461 0.921442 0.370015 16.8202
0.851318 0.141952 0.505082 -80.2328 0.437076 0.34063 -0.832427 193.507 -0.29021 0.92942 0.227941 14.2057
0.541091 0.104279 0.834474 -51.105 0.774228 0.325621 -0.542717 203.857 -0.328315 0.939733 0.0954548 8.18344
0.0212648 0.144158 0.989326 -30.8648 0.919211 0.38635 -0.0760541 226.73 -0.39319 0.911017 -0.124296 -3.40049
-0.519501 0.145373 0.842013 -26.9498 0.804336 0.41577 0.424473 256.638 -0.288377 0.897776 -0.332921 -16.7905
-0.914641 0.121293 0.385642 -42.4535 0.395426 0.466825 0.791019 283.759 -0.0840822 0.875993 -0.474939 -28.007
-0.973793 0.130243 -0.18645 -71.4223 -0.0894711 0.534318 0.840534 299.776 0.209097 0.83519 -0.508662 -32.9006
-0.681039 0.0516363 -0.730424 -105.02 -0.568501 0.591412 0.571872 298.629 0.461511 0.804715 -0.37342 -28.7603
-0.160636 -0.0182285 -0.986845 -131.249 -0.792903 0.597807 0.118024 281.513 0.587792 0.801433 -0.110483 -15.5707
0.368448 -0.052975 -0.928137 -142.739 -0.759055 0.559268 -0.333248 255.016 0.536731 0.827293 0.16585 2.5955
0.76444 -0.0248855 -0.644215 -137.882 -0.546066 0.50618 -0.667528 226.056 0.3427 0.862069 0.373354 20.4075
0.95954 0.0532096 -0.276499 -118.279 -0.265622 0.496866 -0.826177 202.16 0.0934227 0.866195 0.490896 34.3424
0.981342 0.191789 0.0135708 -92.9672 -0.0940677 0.540486 -0.836077 182.47 -0.167685 0.819202 0.548443 42.9884
0.891498 0.295417 0.343452 -63.3496 0.11302 0.589127 -0.800097 167.426 -0.438699 0.752103 0.491818 44.3658
0.754182 0.328659 0.568501 -32.3104 0.316084 0.577155 -0.752982 157.235 -0.575587 0.74758 0.331396 39.1558
0.480792 0.372442 0.793804 -1.51776 0.48745 0.638993 -0.595045 153.857 -0.728856 0.673034 0.125676 26.5962
0.282734 0.416902 0.86386 26.9249 0.640463 0.58838 -0.493573 155.3 -0.71405 0.692821 -0.100655 9.05116
0.00326075 0.419617 0.907695 50.7208 0.70448 0.643248 -0.299897 162.243 -0.709715 0.640432 -0.293515 -12.6353
-0.223013 0.432845 0.873447 69.7342 0.732988 0.665154 -0.142472 173.389 -0.642645 0.608454 -0.465609 -37.451
-0.481021 0.362396 0.798303 83.0726 0.653705 0.755018 0.0511471 187.641 -0.584198 0.546459 -0.60008 -64.4635
-0.627266 0.427418 0.651038 90.2748 0.648704 0.749314 0.133081 203.731 -0.430951 0.505809 -0.747288 -93.2265
-0.670247 0.491648 0.555923 94.2568 0.663533 0.732506 0.152173 220.877 -0.332402 0.470868 -0.817186 -122.768
-0.650424 0.512993 0.560166 98.5651 0.673419 0.730595 0.112856 237.057 -0.35136 0.450632 -0.820657 -152.939
-0.633233 0.545464 0.549076 103.443 0.676979 0.734206 0.0513657 251.407 -0.375117 0.404241 -0.834193 -183.533
-0.543099 0.384907 0.74625 115.767 0.513006 0.855686 -0.068002 259.792 -0.664731 0.3459 -0.662183 -214.816
-0.321749 0.210494 0.92313 136.701 0.232912 0.962611 -0.138316 261.26 -0.917731 0.170506 -0.358746 -241.819
0.109028 0.133893 0.98498 167.382 -0.0634053 0.989805 -0.12753 257.72 -0.992015 -0.0485482 0.116406 -256.616
0.649782 0.173456 0.740065 200.22 -0.279406 0.959957 0.0203269 254.648 -0.706906 -0.219986 0.672228 -250.2
0.974817 0.207672 0.0812673 219.79 -0.216897 0.96763 0.12902 255.934 -0.0518428 -0.143397 0.988307 -223.777
0.689712 0.211426 -0.692528 212.228 -0.0903347 0.974073 0.207413 261.401 0.718427 -0.0804954 0.69093 -192.954
-0.13241 0.162913 -0.977715 182.828 0.0951333 0.983935 0.151065 268.091 0.98662 -0.0730104 -0.145781 -182.267
-0.953844 0.0976867 -0.283969 162.696 0.140832 0.98069 -0.13569 267.339 0.265231 -0.169419 -0.949184 -204.145
-0.531387 -0.0440701 0.845982 177.969 -0.224642 0.970223 -0.0905615 263.08 -0.816801 -0.238166 -0.525465 -228.338
0.692924 0.00863261 0.720958 205.473 -0.164296 0.975512 0.146227 265.674 -0.702042 -0.219775 0.677375 -219.092
0.809722 0.0198342 -0.586477 199.22 0.105316 0.978289 0.178489 271.815 0.577285 -0.206292 0.790055 -192.09
-0.609084 -0.0649612 -0.79044 172.968 0.131612 0.974542 -0.181508 268.482 0.782109 -0.214585 -0.585029 -199.042
-0.744813 -0.102925 0.659287 182.488 -0.256316 0.956362 -0.140262 262.131 -0.616081 -0.273454 -0.738693 -224.241
0.748678 -0.118419 0.652271 206.16 -0.14359 0.931592 0.333943 269.31 -0.647196 -0.343675 0.68046 -212.531
0.478882 -0.106437 -0.871403 188.058 0.329861 0.941701 0.0662519 273.788 0.813551 -0.319168 0.486073 -193.611
-0.971933 -0.121276 -0.201586 175.527 -0.0485615 0.941853 -0.332496 265.263 0.230188 -0.313374 -0.921309 -214.551
-0.734204 -0.285562 -0.615953 153.751 -0.00855346 0.911061 -0.412181 256.137 0.678875 -0.297357 -0.671348 -225.223
-0.258221 -0.394049 -0.88207 130.264 0.116409 0.89369 -0.433319 247.784 0.959047 -0.214572 -0.1849 -221.329
0.285982 -0.46668 -0.836913 112.288 0.297655 0.873448 -0.385342 242.036 0.910833 -0.13891 0.3887 -204.485
0.798637 -0.468628 -0.377578 110.648 0.44485 0.882252 -0.154072 243.512 0.405323 -0.044918 0.91307 -180.55
0.874171 -0.415265 0.251751 123.952 0.387308 0.908928 0.154407 251.254 -0.292944 -0.0374725 0.955396 -163.131
0.507635 -0.388932 0.76879 145.145 0.204576 0.921203 0.330956 261.064 -0.836932 -0.0107285 0.547203 -161.294
-0.00295419 -0.322976 0.946402 163.276 -0.0529253 0.94513 0.322377 267.945 -0.998595 -0.0491359 -0.0198853 -173.099
-0.531085 -0.319255 0.784872 172.442 -0.248163 0.944288 0.216179 270.302 -0.810163 -0.0799664 -0.580725 -194.176
-0.876974 -0.321181 0.357432 168.928 -0.350499 0.936378 -0.0185525 266.516 -0.328734 -0.14155 -0.933755 -217.013
-0.911396 -0.366803 -0.186581 152.851 -0.313737 0.912706 -0.261793 258.032 0.26632 -0.18006 -0.946918 -232.831
-0.624446 -0.445 -0.641905 131.211 -0.15068 0.875024 -0.460029 247.248 0.766396 -0.190541 -0.613459 -234.886
-0.177017 -0.498386 -0.848691 111.069 0.07504 0.852963 -0.516547 238.173 0.981343 -0.155123 -0.113591 -223.684
0.35103 -0.501494 -0.790747 99.461 0.302783 0.859909 -0.410946 234.84 0.886059 -0.0951703 0.453699 -201.702
0.707043 -0.540446 -0.456079 100.295 0.49346 0.839017 -0.229231 238.093 0.506546 -0.0629806 0.85991 -176.948
0.869498 -0.482305 0.106556 115.213 0.483279 0.875276 0.0182108 245.762 -0.102048 0.0356622 0.99414 -159.379
0.746552 -0.502377 0.436207 135.084 0.451749 0.86408 0.222005 257.466 -0.488448 0.031318 0.872031 -151.443
0.5874 -0.365907 0.721854 156.508 0.285757 0.928274 0.23801 266.096 -0.757169 0.0664679 0.64983 -151.128
0.483054 -0.214333 0.848952 177.321 0.212729 0.969253 0.123664 270.818 -0.849356 0.120861 0.513798 -155.543
0.371137 -0.199699 0.90685 195.708 0.251482 0.961719 0.108861 275.63 -0.893876 0.187655 0.407152 -162.323
0.253595 -0.147873 0.95594 213.851 0.345459 0.936919 0.053287 280.821 -0.90352 0.316726 0.288683 -170.913
0.105273 -0.0741338 0.991676 230.332 0.349445 0.936378 0.0329045 285.898 -0.931024 0.343074 0.124482 -182.093
-0.0996179 -0.0562521 0.993434 244.394 0.300671 0.950025 0.0839449 290.925 -0.948511 0.307061 -0.0777257 -196.256
-0.253434 0.0321047 0.966819 256.608 0.30753 0.950272 0.0490588 295.624 -0.917168 0.30976 -0.250705 -213.336
-0.410811 0.0952315 0.906733 265.505 0.307601 0.950693 0.0395159 300.041 -0.858264 0.295147 -0.419849 -232.405
-0.491116 0.190551 0.849997 270.997 0.378136 0.925684 0.0109636 305.363 -0.784741 0.3268 -0.526673 -251.981
-0.51797 0.322472 0.792286 275.295 0.458216 0.886721 -0.0613418 310.709 -0.722319 0.331266 -0.607058 -272.283
-0.562026 0.426155 0.708884 277.946 0.538318 0.839154 -0.0776723 316.762 -0.627965 0.337952 -0.701035 -292.217
-0.578608 0.52649 0.622912 278.886 0.606304 0.788499 -0.103263 323.514 -0.545534 0.317926 -0.775446 -312.299
-0.59855 0.628301 0.496966 277.477 0.693976 0.716575 -0.0701147 331.952 -0.400167 0.302917 -0.864933 -331.692
-0.58706 0.706841 0.394633 273.968 0.753207 0.655581 -0.0537554 341.678 -0.296711 0.265684 -0.917265 -350.243
-0.529924 0.819338 0.21878 268.669 0.820346 0.560659 -0.112662 352.277 -0.214969 0.119774 -0.969249 -367.344
-0.505338 0.860534 0.0641325 262.114 0.861059 0.507732 -0.0279746 363.529 -0.0566352 0.0410859 -0.99755 -381.056
-0.531312 0.840089 -0.109344 254.506 0.826958 0.542324 0.148406 376.813 0.183974 -0.0115722 -0.982863 -390.509
-0.571503 0.806712 -0.150327 246.65 0.786426 0.59075 0.180407 389.024 0.234343 -0.0151176 -0.972037 -400.597
-0.586766 0.773986 -0.238016 237.391 0.742966 0.631482 0.221879 401.297 0.322034 -0.046646 -0.945579 -409.374
-0.5523 0.757611 -0.347835 226.868 0.697305 0.648505 0.305295 413.961 0.456868 -0.073933 -0.886457 -415.745
-0.541521 0.737403 -0.40372 215.427 0.679382 0.666711 0.306488 426.42 0.495171 -0.10831 -0.862018 -421.28
-0.526985 0.709372 -0.468057 203.261 0.664879 0.687153 0.29284 438.72 0.52936 -0.156878 -0.833767 -426.157
-0.567943 0.713763 -0.409855 191.112 0.694686 0.682759 0.226386 450.514 0.441419 -0.156146 -0.883611 -433.245
-0.587076 0.722627 -0.364898 179.357 0.729378 0.667721 0.148843 461.715 0.351209 -0.178766 -0.919074 -442.071
-0.601321 0.739736 -0.302 168.441 0.753705 0.65061 0.0929167 472.183 0.265218 -0.171746 -0.94877 -452.197
-0.659974 0.679062 -0.321418 156.499 0.700655 0.710723 0.06288 482.078 0.271139 -0.183704 -0.944848 -462.57
-0.692954 0.603286 -0.394791 143.78 0.655868 0.754871 0.00232111 489.442 0.299417 -0.257323 -0.918768 -471.685
-0.626237 0.647746 -0.433879 131.109 0.728065 0.684922 -0.0283156 496.946 0.278832 -0.333624 -0.900527 -480.371
-0.624663 0.664637 -0.409942 119.018 0.735523 0.677108 -0.0229881 504.938 0.262297 -0.315882 -0.911822 -490.244
-0.638002 0.676198 -0.368387 106.983 0.724875 0.68882 0.00897682 512.921 0.259823 -0.261307 -0.92963 -500.496
-0.652133 0.67085 -0.353104 95.6487 0.714946 0.699134 0.00785392 521.062 0.252136 -0.247328 -0.935552 -510.396
-0.53971 0.703193 -0.462852 85.2079 0.797584 0.603047 -0.013841 529.631 0.269389 -0.376634 -0.886328 -518.207
-0.598231 0.645279 -0.475114 74.291 0.718639 0.694334 0.0381531 537.812 0.354508 -0.318611 -0.879097 -524.61
-0.57034 0.697232 -0.434258 63.8594 0.6655 0.702118 0.253255 546.646 0.481478 -0.144557 -0.864455 -529.171
-0.470353 0.809463 -0.351478 54.7298 0.631296 0.586937 0.506921 558.071 0.61663 0.0165458 -0.787079 -532.272
-0.287922 0.896671 -0.336275 47.6843 0.561648 0.442522 0.699087 571.146 0.775662 0.0124152 -0.631027 -532.115
-0.237847 0.934367 -0.265305 42.711 0.528356 0.353657 0.771858 584.669 0.815027 0.0434088 -0.577796 -529.493
-0.214336 0.955821 -0.20116 39.5622 0.462663 0.280726 0.840913 596.865 0.860234 0.0871696 -0.502393 -525.029
-0.0488359 0.967906 -0.24652 37.7269 0.350641 0.24772 0.903152 608.409 0.935236 -0.0423333 -0.351485 -518.625
0.164512 0.957002 -0.238919 37.8995 0.0532112 0.233256 0.970958 617.133 0.984939 -0.172447 -0.0125494 -510.004
0.356576 0.922439 -0.148186 40.5798 -0.247085 0.246075 0.937227 623.068 0.901001 -0.297578 0.315666 -499.285
0.54404 0.839036 -0.00625199 46.0382 -0.525285 0.346392 0.77723 625.256 0.65429 -0.41956 0.629186 -487.834
0.572563 0.815739 0.0820984 52.6066 -0.701319 0.43545 0.564387 623.976 0.424644 -0.380724 0.821418 -476.943
0.448794 0.843849 0.294112 59.5121 -0.893327 0.432279 0.122884 618.333 -0.0234435 -0.317888 0.947839 -468.228
0.20436 0.806628 0.554605 67.5152 -0.753094 0.491501 -0.43735 607.547 -0.625369 -0.328292 0.707911 -466.17
-0.143173 0.818593 0.556242 72.3905 -0.29626 0.500812 -0.813274 596.588 -0.944316 -0.281231 0.170814 -473.092
-0.560278 0.792256 0.241697 70.1423 0.603459 0.590305 -0.536075 596.774 -0.567384 -0.154496 -0.80883 -486.312
-0.428794 0.806269 -0.40751 62.6636 0.625951 0.590414 0.509505 607.768 0.651399 -0.0366077 -0.757852 -489.466
0.343732 0.932496 -0.110899 63.1708 -0.636118 0.318086 0.702975 611.44 0.690797 -0.17109 0.702515 -477.245
-0.00599173 0.892645 0.450719 67.8745 -0.41609 0.40763 -0.812838 599.608 -0.909304 -0.19241 0.368978 -477.572
-0.572542 0.819798 -0.0112177 64.9771 0.81987 0.572532 -0.00441107 604.146 0.00280669 -0.0117219 -0.999928 -488.735
0.292247 0.794343 -0.53255 61.5066 -0.329213 0.606388 0.723817 609.737 0.897893 -0.0362104 0.438724 -480.228
0.306326 0.791682 0.528585 68.8784 -0.471393 0.608572 -0.638299 601.08 -0.827014 -0.0536433 0.559616 -479.062
-0.571511 0.820586 -0.00350571 65.3897 0.819051 0.57017 -0.0637192 604.606 -0.0502881 -0.0392869 -0.997962 -490.415
0.391737 0.822119 -0.413112 62.1035 -0.459122 0.563767 0.686565 610.08 0.797338 -0.0792837 0.598303 -478.544
0.121343 0.81228 0.570505 69.6415 -0.206011 0.582846 -0.786034 598.958 -0.970998 -0.0221499 0.238063 -480.298
-0.496661 0.816246 -0.295074 63.4588 0.664097 0.576275 0.47632 607.898 0.55884 0.0406126 -0.828281 -487.962
0.376547 0.926307 -0.0129376 65.7756 -0.907128 0.371513 0.197727 605.141 0.187962 -0.0627169 0.980172 -475.947
-0.403324 0.827487 0.390633 66.5999 0.401372 0.543617 -0.737143 601.448 -0.822332 -0.140518 -0.551385 -485.93
-0.120064 0.871354 -0.475737 62.7428 0.0234001 0.481555 0.876103 609.284 0.992491 0.0940571 -0.078207 -480.791
0.235816 0.893825 0.3814 67.457 -0.53482 0.447055 -0.717014 600.016 -0.811393 -0.0348964 0.583459 -481.56
-0.618524 0.768949 -0.161696 63.5336 0.705567 0.634078 0.316416 606.744 0.345836 0.081625 -0.934738 -486.009
0.324194 0.872706 -0.365077 64.0498 -0.792149 0.461396 0.399514 604.852 0.517104 0.159677 0.840897 -477.399
-0.0664985 0.897702 0.435554 66.8699 0.150629 0.44055 -0.885 601.171 -0.986352 0.00675648 -0.164517 -484.558
-0.44672 0.839413 -0.309559 62.588 0.53598 0.528131 0.658636 608.999 0.716357 0.12831 -0.685835 -483.003
0.349333 0.851618 -0.390783 63.9123 -0.680623 0.517268 0.518829 606.117 0.643985 0.0847326 0.760332 -475.885
0.404563 0.840938 0.359376 68.3246 -0.57387 0.539415 -0.6162 599.951 -0.712041 0.0430568 0.700818 -477.387
-0.401276 0.767395 0.500082 68.9674 0.556461 0.637907 -0.532376 600.409 -0.727549 0.0646468 -0.683003 -485.074
-0.558021 0.772492 -0.303097 64.0736 0.494155 0.602769 0.626481 607.255 0.66665 0.199814 -0.71809 -485.562
0.228686 0.807723 -0.543401 63.1907 -0.645436 0.543672 0.536499 605.969 0.728776 0.228042 0.645665 -474.828
0.438793 0.857456 0.268756 68.8254 -0.464032 0.472343 -0.749376 596.934 -0.769503 0.204111 0.605149 -476.638
-0.37396 0.854672 0.360124 69.194 0.807806 0.490924 -0.326253 600.956 -0.455633 0.168906 -0.873997 -487.363
-0.443972 0.875545 -0.190547 64.4329 0.340034 0.361375 0.868207 611.546 0.829015 0.320669 -0.458156 -485.244
0.332301 0.862803 -0.380982 63.2897 -0.79395 0.473939 0.38082 610.463 0.509135 0.175935 0.842514 -473.834
0.404993 0.881716 0.241984 68.6687 -0.531293 0.442335 -0.722541 599.713 -0.744115 0.164061 0.647593 -472.757
-0.194394 0.86497 0.462642 72.0004 0.59607 0.478736 -0.644601 597.576 -0.779045 0.150462 -0.608647 -485.14
-0.554059 0.822925 -0.125747 65.833 0.651118 0.522503 0.550485 609.616 0.518713 0.223126 -0.82532 -490.137
0.0509308 0.812334 -0.580964 59.6122 -0.301523 0.56708 0.766487 615.533 0.952098 0.136137 0.27382 -478.447
0.520678 0.845986 -0.114897 63.5329 -0.85355 0.512888 -0.0916334 606.269 -0.0185915 0.145783 0.989142 -467.046
0.298798 0.837282 0.457906 71.7484 -0.125365 0.510107 -0.850925 595.857 -0.946047 0.19685 0.257385 -474.014
-0.376791 0.837025 0.396759 72.1184 0.769545 0.52127 -0.368884 600.603 -0.515584 0.166332 -0.84054 -489.263
-0.50473 0.8261 -0.250613 64.1909 0.527918 0.525059 0.667543 613.106 0.683045 0.204627 -0.701126 -489.479
0.132977 0.851993 -0.506385 59.8596 -0.611482 0.472617 0.634603 614.387 0.780004 0.225258 0.583826 -475.039
0.504851 0.848127 0.160638 66.5079 -0.658127 0.498605 -0.564145 601.489 -0.558563 0.17909 0.809898 -471.238
-0.191075 0.803855 0.563301 71.1803 0.57637 0.556405 -0.598505 599.952 -0.794536 0.210311 -0.569634 -485.78
-0.506262 0.824782 -0.251857 62.8368 0.566928 0.538378 0.62349 613.55 0.649839 0.172866 -0.740154 -488.537
0.377928 0.82706 -0.416102 61.526 -0.73083 0.542412 0.414336 611.696 0.568381 0.147512 0.809435 -473.226
0.248205 0.797838 0.549407 70.1902 -0.117014 0.587695 -0.800575 601.385 -0.961615 0.13442 0.239227 -479.685
-0.625489 0.777513 0.0650798 64.3169 0.770315 0.602132 0.209881 612.063 0.124 0.181412 -0.975559 -490.665
0.16936 0.810606 -0.560566 58.6171 -0.504051 0.560008 0.657512 615.294 0.846906 0.171199 0.503431 -474.408
0.547335 0.818008 0.176878 66.6562 -0.609783 0.534543 -0.585172 602.036 -0.573225 0.212429 0.791383 -470.812
-0.159093 0.780416 0.604681 72.016 0.555422 0.577113 -0.598702 601.52 -0.816208 0.240606 -0.525276 -486.791
-0.588495 0.804813 -0.0771292 63.4704 0.643275 0.523884 0.558338 616.779 0.489766 0.278965 -0.82602 -491.126
0.0247432 0.851299 -0.524096 56.5818 -0.5153 0.460104 0.723027 619.629 0.856653 0.252178 0.45006 -473.446
0.538983 0.842186 0.014822 63.9608 -0.778857 0.505 -0.37196 603.732 -0.320746 0.188937 0.928131 -464.012
0.0877456 0.834823 0.543481 74.0035 0.28045 0.502814 -0.817633 595.019 -0.95585 0.224164 -0.190007 -480.528
-0.482555 0.850025 0.211181 70.8664 0.875865 0.468385 0.116083 609.612 -0.000239879 0.240984 -0.97053 -496.067
-0.241951 0.836511 -0.491639 59.4383 0.0729336 0.520939 0.850471 625.348 0.967544 0.169917 -0.187052 -484.445
0.507347 0.821408 -0.260552 62.5866 -0.83583 0.542646 0.0831984 615.05 0.209727 0.175568 0.961869 -464.209
0.294984 0.853582 0.429397 75.1784 -0.220324 0.498048 -0.838692 596.977 -0.929754 0.152795 0.334981 -470.593
-0.460826 0.854344 0.240281 74.3366 0.768881 0.519544 -0.372685 601.009 -0.443238 0.0130056 -0.89631 -494.126
-0.29853 0.808332 -0.507423 60.383 0.412468 0.588723 0.695178 621.69 0.860668 -0.00176318 -0.509164 -492.206
0.48928 0.811661 -0.319077 61.2564 -0.715695 0.582756 0.384934 620.369 0.498381 0.0400224 0.866035 -466.487
0.195526 0.834499 0.515151 74.9934 -0.27201 0.550827 -0.789049 600.458 -0.942221 0.0141545 0.334694 -471.448
-0.636343 0.759398 0.135584 70.2084 0.759053 0.647733 -0.0654132 608.874 -0.137497 0.061291 -0.988605 -494.757
-0.074674 0.752411 -0.654447 55.5716 -0.0177352 0.655173 0.755269 624.836 0.997051 0.0680068 -0.03558 -483.273
0.638211 0.769636 -0.0186078 63.3507 -0.76797 0.634766 -0.085394 614.17 -0.0539111 0.0687907 0.996174 -461.502
-0.0913348 0.764236 0.638436 77.6332 0.121232 0.64488 -0.754606 598.599 -0.988414 0.00847786 -0.15155 -477.218
-0.633969 0.760022 -0.143001 67.0302 0.714667 0.646413 0.267205 613.539 0.295521 0.0672028 -0.95297 -495.537
0.311779 0.774175 -0.55086 58.6305 -0.484065 0.628298 0.609032 621.238 0.817603 0.0767698 0.570643 -472.539
0.467501 0.786189 0.404165 74.0186 -0.481822 0.609942 -0.629139 601.116 -0.741141 0.0993885 0.663953 -467.954
-0.606832 0.755059 0.248272 71.5991 0.752651 0.646278 -0.125849 608.655 -0.255477 0.110494 -0.960481 -493.145
0.101188 0.728082 -0.67798 57.4316 -0.233403 0.679831 0.695234 621.871 0.967101 0.0878942 0.238728 -474.045
0.491244 0.750085 0.442777 74.7533 -0.576165 0.661068 -0.480646 603.503 -0.653232 -0.0189976 0.75692 -465.575
-0.768924 0.565644 0.297997 72.0151 0.556631 0.821574 -0.123193 608.623 -0.314511 0.0711496 -0.946584 -491.169
0.0781731 0.621242 -0.77971 56.3134 -0.27988 0.764326 0.580923 619.09 0.956847 0.172814 0.233623 -472.814
0.483317 0.662679 0.572067 76.946 -0.439858 0.748806 -0.495794 603.026 -0.756922 -0.0120013 0.653397 -467.657
-0.813913 0.580755 -0.0163938 67.1904 0.580758 0.812482 -0.050891 610.185 -0.0162356 -0.0509408 -0.99857 -490.678
0.468535 0.638161 -0.610921 59.6607 -0.383694 0.769888 0.509949 617.633 0.795772 -0.00452165 0.60558 -466.993
0.14511 0.65249 0.743774 78.6382 -0.102696 0.757603 -0.644585 602.139 -0.984072 0.0171537 0.176944 -474.386
-0.642362 0.606875 -0.468052 60.7781 0.478808 0.794643 0.373207 616.825 0.598426 0.0156278 -0.801027 -486.082
0.82696 0.546528 -0.132072 67.4838 -0.549954 0.835104 0.0122417 610.918 0.116985 0.0625115 0.991165 -461.176
-0.432875 0.561324 0.705361 79.14 0.366386 0.824479 -0.431268 605.496 -0.823639 0.0717502 -0.562559 -483.489
-0.210816 0.555117 -0.804612 58.7193 -0.0131684 0.821423 0.570165 619.096 0.977438 0.130797 -0.16586 -476.368
0.663955 0.616532 0.423145 76.7775 -0.484552 0.785723 -0.384508 605.465 -0.569537 0.0502613 0.820429 -463.762
-0.812694 0.552208 0.185998 73.0838 0.541229 0.833631 -0.110128 609.531 -0.215868 0.0111679 -0.97636 -487.881
0.353238 0.530965 -0.770259 60.4866 -0.349525 0.838616 0.417795 616.862 0.867788 0.121645 0.481817 -468.66
0.3 0.589379 0.750088 80.879 -0.122491 0.803596 -0.582432 604.018 -0.946043 0.0828518 0.313274 -471.279
-0.809871 0.531444 -0.248345 67.4209 0.460614 0.838276 0.291764 616.4 0.363238 0.121901 -0.923688 -487.644
0.721152 0.53758 -0.436976 66.0143 -0.558023 0.824545 0.0934584 613.435 0.410549 0.176446 0.894605 -463.148
-0.20324 0.54526 0.813256 83.39 0.238718 0.833121 -0.49892 606.045 -0.949584 0.0927392 -0.299487 -481.216
-0.533311 0.472887 -0.701396 60.1763 0.175043 0.872898 0.45542 620.815 0.827611 0.120107 -0.548303 -483.742
0.855278 0.518115 -0.00753605 72.5877 -0.509537 0.838297 -0.193981 610.209 -0.0941867 0.169749 0.980977 -459.604
-0.579319 0.498401 0.644969 82.3872 0.415734 0.861287 -0.292143 609.757 -0.70111 0.0988927 -0.706164 -487.895
-0.271327 0.450068 -0.850777 57.6354 -0.0735148 0.871662 0.484561 622.59 0.959676 0.19402 -0.203419 -479.249
0.853827 0.478494 0.204996 76.0624 -0.362617 0.829249 -0.425269 608.138 -0.373481 0.288773 0.881546 -461.119
-0.677001 0.467757 0.568219 82.3831 0.490493 0.86236 -0.125499 613.855 -0.548714 0.193746 -0.813251 -489.603
-0.224089 0.39397 -0.891387 56.7297 -0.199009 0.876876 0.437586 624.919 0.954034 0.275453 -0.118095 -478.167
0.851251 0.48848 0.191727 76.0296 -0.371609 0.819107 -0.436999 609.729 -0.370511 0.300749 0.878791 -459.238
-0.539863 0.461169 0.704181 87.9036 0.439891 0.867809 -0.231085 612.519 -0.717666 0.18501 -0.671364 -487.664
-0.476813 0.363401 -0.800368 59.5014 -0.0486638 0.898228 0.436825 626.229 0.877657 0.247234 -0.410603 -484.556
0.88469 0.424637 -0.192371 69.3211 -0.464748 0.835677 -0.292662 612.789 0.0364852 0.348321 0.936666 -456.471
-0.197404 0.413274 0.888952 92.9953 0.343047 0.878584 -0.332275 611.192 -0.918342 0.239361 -0.315208 -479.724
-0.756195 0.310669 -0.575894 64.4704 0.0487833 0.904422 0.423839 626.575 0.652525 0.292412 -0.699076 -488.14
0.736346 0.449683 -0.505548 63.347 -0.554004 0.829652 -0.0689508 617.442 0.388424 0.330849 0.860039 -456.312
0.176105 0.446281 0.877393 91.7726 0.111649 0.876516 -0.468244 608.336 -0.97802 0.180422 0.104533 -468.865
-0.962294 0.254945 -0.0948288 74.1365 0.21556 0.927376 0.305788 622.327 0.165901 0.273818 -0.947366 -491.735
0.358994 0.291809 -0.886549 55.5332 -0.454547 0.884272 0.106998 620.12 0.815175 0.364569 0.45009 -466.287
0.647966 0.386389 0.656386 83.4731 -0.0703817 0.88846 -0.453523 608.307 -0.758411 0.247671 0.602888 -460.813
-0.873341 0.355541 0.332965 80.1449 0.411248 0.904512 0.11283 619.173 -0.261056 0.235472 -0.936165 -490.202
-0.0296998 0.435241 -0.899824 55.0838 -0.489499 0.778553 0.392739 624.371 0.871498 0.452129 0.189927 -471.189
0.728294 0.528458 0.436257 79.0251 -0.20968 0.777943 -0.592315 605.792 -0.652397 0.339906 0.67738 -460.638
-0.843681 0.3684 0.390492 78.6723 0.458607 0.872706 0.167517 618.757 -0.279072 0.320415 -0.905237 -489.533
0.0815353 0.385986 -0.918894 54.3515 -0.522161 0.80185 0.290488 621.243 0.848941 0.456127 0.266926 -469.061
0.619091 0.45987 0.636588 82.199 -0.00367339 0.812298 -0.58323 606.044 -0.785311 0.358735 0.504577 -465.272
-0.965042 0.221561 0.140013 72.8937 0.260563 0.868671 0.421325 623.109 -0.0282764 0.44308 -0.896037 -490.37
0.50115 0.242479 -0.830694 56.3007 -0.52251 0.849986 -0.0671158 614.783 0.689806 0.467683 0.552669 -463.671
0.308556 0.25039 0.917659 87.3738 0.359996 0.862232 -0.356311 610.761 -0.880453 0.440297 0.175908 -470.79
-0.875669 0.21849 -0.430656 63.1963 0.00829607 0.898467 0.438961 624.239 0.48284 0.380813 -0.788574 -485.7
0.915999 0.179231 -0.358916 66.2117 -0.301248 0.89813 -0.320327 611.819 0.264942 0.401544 0.876681 -456.522
-0.405994 0.293055 0.865614 84.7062 0.536942 0.842951 -0.0335422 619.151 -0.739501 0.451169 -0.499587 -480.093
-0.298266 0.294988 -0.907755 54.9462 -0.391917 0.829323 0.398274 625.652 0.870309 0.474558 -0.131748 -471.16
0.697483 0.385027 0.604376 82.4206 -0.041621 0.863735 -0.502222 611.479 -0.715392 0.325138 0.618468 -463.736
-0.919695 0.381032 -0.0947358 66.7425 0.313876 0.858455 0.405628 627.891 0.235884 0.34332 -0.909116 -485.563
0.817891 0.387573 -0.425254 66.7261 -0.483899 0.863199 -0.143971 617.507 0.31128 0.323534 0.89355 -456.265
-0.454909 0.379068 0.805832 82.91 0.497413 0.858727 -0.123149 621.631 -0.738673 0.344811 -0.579197 -482.821
-0.0696732 0.414821 -0.907231 55.8845 -0.363235 0.83646 0.410357 628.579 0.929089 0.358131 0.0923989 -466.192
0.573726 0.375004 0.728155 86.0736 0.154887 0.82331 -0.546047 615.381 -0.804269 0.426065 0.414272 -465.934
-0.883752 0.368057 -0.288989 64.1335 0.136192 0.793123 0.593637 635.462 0.447697 0.485272 -0.751053 -481.11
0.877377 0.442079 -0.186483 71.7798 -0.478692 0.780127 -0.402808 616.421 -0.0325926 0.442684 0.896086 -454.935
-0.670437 0.344367 0.65721 80.8323 0.550647 0.824607 0.129649 628.542 -0.497294 0.448814 -0.742473 -484.019
0.281708 0.422228 -0.861605 60.8495 -0.576236 0.792449 0.199934 625.839 0.767198 0.440167 0.466543 -459.45
0.176628 0.410032 0.894805 88.4272 0.441778 0.779357 -0.444333 619.973 -0.879565 0.473789 -0.0434866 -473.277
-0.556139 0.416805 -0.719015 60.0673 -0.202332 0.771214 0.603562 634.224 0.806084 0.481146 -0.34457 -471.319
0.767339 0.451383 0.45546 83.9728 -0.126085 0.802619 -0.583012 616.198 -0.628724 0.389943 0.672795 -461.158
-0.897113 0.440662 -0.0317021 70.9464 0.37928 0.804974 0.456247 634.322 0.226571 0.397283 -0.889289 -482.492
0.736548 0.463115 -0.492971 67.6544 -0.603641 0.778875 -0.170199 621.387 0.305142 0.422939 0.853237 -454.825
-0.312447 0.455404 0.833657 86.1538 0.59594 0.777385 -0.20131 624.246 -0.739751 0.433912 -0.514286 -479.199
-0.169435 0.500366 -0.849073 60.5187 -0.439981 0.732506 0.51947 632.101 0.881878 0.461594 0.0960398 -464.338
0.567408 0.495103 0.657967 86.4247 0.131703 0.734196 -0.666039 615.686 -0.812836 0.464574 0.351383 -466.339
-0.829447 0.485792 -0.275721 67.8561 0.210466 0.729026 0.651324 635.651 0.517418 0.482211 -0.706933 -478.112
0.869738 0.46052 -0.177414 73.5848 -0.490423 0.766359 -0.414942 617.902 -0.0551266 0.4479 0.892384 -456.559
-0.556201 0.527022 0.642564 81.9668 0.733914 0.67424 0.0822726 627.45 -0.389883 0.517348 -0.761803 -480.159
0.184238 0.566501 -0.803201 63.9077 -0.639446 0.689686 0.339762 627.395 0.746434 0.451008 0.489315 -460.068
0.245951 0.510258 0.824102 87.126 0.385197 0.728743 -0.566175 617.146 -0.889456 0.456695 -0.0173148 -472.095
-0.63273 0.534477 -0.560344 63.8088 -0.0601337 0.687513 0.723676 634.527 0.772035 0.491589 -0.402871 -472.772
0.842668 0.517713 0.147931 77.3368 -0.343255 0.728209 -0.593199 615.026 -0.414832 0.449093 0.791348 -458.667
-0.818569 0.43803 0.371581 76.3834 0.565498 0.728024 0.387544 631.144 -0.100764 0.527362 -0.843646 -480.969
0.554622 0.51581 -0.652942 66.2655 -0.710591 0.701887 -0.0491157 621.549 0.432959 0.491217 0.755814 -456.959
-0.217426 0.48738 0.845686 84.5875 0.632158 0.730465 -0.258448 622.728 -0.743708 0.478416 -0.466925 -477.496
-0.0627237 0.504948 -0.860867 63.2174 -0.488184 0.736807 0.467749 628.549 0.870484 0.449602 0.200293 -463.234
0.367043 0.480066 0.796753 85.3848 0.265707 0.76674 -0.584386 617.65 -0.891448 0.426199 0.15387 -469.162
-0.627952 0.506306 -0.591041 64.4029 -0.0162275 0.750764 0.660369 633.381 0.778083 0.424273 -0.463229 -472.419
0.832663 0.453244 0.318184 81.1026 -0.170003 0.756035 -0.632066 615.167 -0.52704 0.472208 0.706577 -459.903
-0.85185 0.516125 0.0892421 74.3985 0.479094 0.698914 0.531023 633.331 0.211702 0.495109 -0.842645 -480.071
0.791574 0.467584 -0.393414 72.042 -0.590666 0.750459 -0.296516 619.584 0.156596 0.467093 0.870232 -456.403
-0.503695 0.493209 0.709249 83.8224 0.714595 0.699213 0.0212626 627.183 -0.485431 0.517538 -0.704638 -478.951
0.0509869 0.496275 -0.866666 62.9932 -0.516471 0.755847 0.402432 631.154 0.854786 0.42709 0.294851 -464.039
0.515709 0.420059 0.746721 85.5941 0.280714 0.740608 -0.610489 618.117 -0.809472 0.524452 0.264022 -465.969
