1 0 0 0 0 1 0 0 0 0 1 0
0.999998 -0.000938352 -0.00160626 -0.0103798 0.000937763 0.999999 -0.000366899 -0.0216523 0.00160661 0.000365392 0.999999 0.564703
0.999997 -0.00106551 -0.00199848 -0.0188923 0.00106477 0.999999 -0.000371705 -0.0143353 0.00199888 0.000369576 0.999998 1.12817
0.999991 -0.00100151 -0.00404882 -0.0265359 0.000996106 0.999999 -0.00133566 -0.0182717 0.00405015 0.00133161 0.999991 1.69407
0.99998 -0.00250538 -0.00584634 -0.0298763 0.0024954 0.999995 -0.00171395 -0.0188358 0.00585061 0.00169932 0.999981 2.25691
0.999968 -0.00447761 -0.00668906 -0.0321279 0.00446082 0.999987 -0.00252311 -0.0294044 0.00670027 0.00249319 0.999974 2.82447
0.999951 -0.00523988 -0.0084194 -0.0371751 0.00521509 0.999982 -0.00296397 -0.0417771 0.00843478 0.00291992 0.99996 3.40615
0.999951 -0.00480468 -0.00867002 -0.0425376 0.00478203 0.999985 -0.00263142 -0.0576571 0.00868254 0.00258983 0.999959 3.98554
0.999943 -0.0045424 -0.0096816 -0.0556258 0.00451055 0.999984 -0.00330995 -0.0730637 0.00969648 0.00326609 0.999948 4.56206
0.999951 -0.00263179 -0.00954463 -0.0599098 0.00257337 0.999978 -0.00612814 -0.10189 0.00956055 0.00610328 0.999936 5.1532
0.999944 -0.00226756 -0.0103299 -0.0793714 0.0021697 0.999953 -0.00947464 -0.0992613 0.0103509 0.00945169 0.999902 5.74827
0.999941 -0.00120238 -0.0107724 -0.0958119 0.00106336 0.999916 -0.012902 -0.111415 0.010787 0.0128898 0.999859 6.35033
0.999942 0.000480234 -0.0107529 -0.104359 -0.000614314 0.999922 -0.0124695 -0.131733 0.0107461 0.0124753 0.999864 6.96165
0.999921 0.00254105 -0.0123025 -0.11789 -0.00262052 0.999976 -0.00644754 -0.129264 0.0122859 0.00647927 0.999904 7.62257
0.999919 0.00244819 -0.0125285 -0.140061 -0.00241013 0.999992 0.00305174 -0.106694 0.0125359 -0.00302129 0.999917 8.27807
0.999899 0.00345426 -0.013776 -0.162152 -0.00331982 0.999947 0.00976959 -0.112358 0.013809 -0.00972287 0.999857 8.96217
0.999888 0.00403287 -0.0143869 -0.17832 -0.00390698 0.999954 0.00876729 -0.135271 0.0144216 -0.0087101 0.999858 9.64368
0.999872 0.007229 -0.0142607 -0.18446 -0.00718916 0.99997 0.00284262 -0.146336 0.0142809 -0.00273974 0.999894 10.3225
0.99985 0.00746887 -0.0156094 -0.200404 -0.00751992 0.999967 -0.00321448 -0.158223 0.0155848 0.00333138 0.999873 11.0511
0.999856 0.00594551 -0.0158922 -0.211416 -0.00597671 0.99998 -0.00191664 -0.166764 0.0158805 0.00201135 0.999872 11.7648
0.99985 0.00464306 -0.0166589 -0.236464 -0.00453185 0.999967 0.00670732 -0.168751 0.0166895 -0.00663082 0.999839 12.5414
0.999869 0.00333939 -0.0158361 -0.24091 -0.0031333 0.99991 0.0130205 -0.16964 0.0158782 -0.0129692 0.99979 13.3186
0.999857 0.00298817 -0.0166599 -0.260715 -0.00272282 0.999869 0.0159277 -0.163844 0.0167053 -0.0158801 0.999734 14.12
0.999862 0.00142754 -0.0165617 -0.276473 -0.00117428 0.999882 0.0152916 -0.178003 0.0165816 -0.01527 0.999746 14.9328
0.999883 0.00243332 -0.0150782 -0.278577 -0.00223712 0.999913 0.0130151 -0.201062 0.0151086 -0.0129798 0.999801 15.7376
0.999869 0.0042996 -0.0156076 -0.291966 -0.0041494 0.999945 0.00964355 -0.185559 0.0156482 -0.00957753 0.999831 16.6035
0.999909 0.00153401 -0.0134018 -0.298325 -0.00145263 0.999981 0.00607929 -0.185338 0.0134108 -0.00605927 0.999892 17.4535
0.999916 -0.000410794 -0.0129323 -0.311123 0.000419692 1 0.000685215 -0.221958 0.012932 -0.000690589 0.999916 18.3382
0.999945 0.000842573 -0.0104975 -0.311831 -0.000887571 0.99999 -0.0042828 -0.230711 0.0104938 0.00429188 0.999936 19.2185
0.999944 0.0024219 -0.0102756 -0.324471 -0.00247767 0.999982 -0.00541838 -0.247457 0.0102623 0.00544353 0.999932 20.1414
0.999957 0.00197651 -0.00909195 -0.336247 -0.00203373 0.999978 -0.00628823 -0.244961 0.00907932 0.00630644 0.999939 21.077
0.999973 0.00320496 -0.00654105 -0.339951 -0.00324357 0.999977 -0.00590196 -0.262533 0.00652198 0.00592302 0.999961 21.9982
0.999952 0.00665989 -0.00718901 -0.351235 -0.00672316 0.999938 -0.00881261 -0.289376 0.00712988 0.00886052 0.999935 22.95
0.999927 0.0110371 -0.00485171 -0.360623 -0.0110849 0.999889 -0.00993519 -0.306128 0.00474152 0.00998824 0.999939 23.9051
0.999896 0.0137869 -0.00429196 -0.374573 -0.0138308 0.99985 -0.0103733 -0.340611 0.00414831 0.0104316 0.999937 24.877
0.999894 0.0141874 -0.00319341 -0.379122 -0.0142168 0.999855 -0.00938078 -0.341168 0.00305986 0.00942518 0.999951 25.8718
0.999875 0.0154645 -0.00320072 -0.382257 -0.0154915 0.999843 -0.00858537 -0.368758 0.00306745 0.00863388 0.999958 26.8551
0.999853 0.0168203 -0.00328344 -0.388273 -0.0168436 0.999832 -0.00719929 -0.396212 0.00316179 0.00725353 0.999969 27.8634
0.999855 0.0168253 -0.00250597 -0.40007 -0.0168388 0.999843 -0.00547869 -0.41338 0.0024134 0.00552009 0.999982 28.8727
0.999851 0.0169791 -0.0031276 -0.413097 -0.016994 0.999844 -0.00479833 -0.42387 0.00304564 0.00485076 0.999983 29.8924
0.999873 0.0158389 -0.00187911 -0.4232 -0.0158478 0.999863 -0.00478472 -0.414975 0.00180307 0.00481388 0.999987 30.9249
0.999838 0.0177967 -0.00267685 -0.433583 -0.017812 0.999824 -0.0058274 -0.42276 0.00257267 0.00587413 0.999979 31.9552
0.999881 0.015159 -0.00292001 -0.443725 -0.0151755 0.999868 -0.00571199 -0.3965 0.00283304 0.00575562 0.999979 33.0033
0.9999 0.0138845 -0.00258801 -0.453589 -0.0138919 0.999899 -0.0028502 -0.413512 0.00254818 0.00288587 0.999992 34.0674
0.999893 0.014171 -0.00346409 -0.471996 -0.0141664 0.999899 0.00132825 -0.440219 0.00348257 -0.00127904 0.999993 35.1187
0.999912 0.0127957 -0.0035798 -0.500574 -0.0127782 0.999906 0.00486281 -0.432581 0.00364169 -0.00481664 0.999982 36.1974
0.99991 0.0126086 -0.00452469 -0.511738 -0.0125797 0.999901 0.0063626 -0.428594 0.00460447 -0.00630511 0.999969 37.2617
0.999898 0.0138324 -0.00350715 -0.52767 -0.0138117 0.999887 0.00585054 -0.433059 0.00358768 -0.00580151 0.999977 38.3284
0.999887 0.0143488 -0.00440856 -0.53652 -0.014326 0.999884 0.00516061 -0.420013 0.0044821 -0.00509688 0.999977 39.3831
0.999892 0.0138308 -0.00502358 -0.544357 -0.0137987 0.999884 0.00637669 -0.434049 0.0051112 -0.00630668 0.999967 40.4692
0.999882 0.0147114 -0.00428721 -0.561079 -0.014674 0.999855 0.00862213 -0.439705 0.00441344 -0.00855821 0.999954 41.5622
0.999869 0.0151009 -0.00576711 -0.572223 -0.0150374 0.999827 0.0108966 -0.440178 0.00593067 -0.0108084 0.999924 42.6556
0.999845 0.0167511 -0.00532117 -0.586396 -0.0166926 0.999802 0.0108515 -0.452066 0.00550189 -0.010761 0.999927 43.7519
0.999795 0.0191516 -0.00647124 -0.600348 -0.019095 0.99978 0.00868945 -0.450221 0.00663623 -0.00856411 0.999941 44.8566
0.99975 0.0215864 -0.00578055 -0.615098 -0.0215484 0.999746 0.0065642 -0.455224 0.00592078 -0.006438 0.999962 45.9643
0.999706 0.0234371 -0.00614212 -0.635236 -0.0234033 0.999711 0.00551904 -0.468033 0.0062697 -0.00537368 0.999966 47.0723
0.999722 0.0228331 -0.00582942 -0.646269 -0.0227816 0.999702 0.0087472 -0.485267 0.00602741 -0.00861197 0.999945 48.1828
0.999674 0.0251576 -0.00431597 -0.66558 -0.0251105 0.999628 0.0106496 -0.500837 0.00458228 -0.0105378 0.999934 49.2741
0.999682 0.0247999 -0.0043993 -0.669638 -0.0247449 0.99962 0.0121387 -0.521381 0.00469866 -0.012026 0.999917 50.3729
0.999675 0.0252421 -0.00353397 -0.684561 -0.025196 0.999604 0.0125371 -0.517886 0.00384903 -0.012444 0.999915 51.4513
0.999682 0.0249377 -0.00369239 -0.681411 -0.0248941 0.999625 0.0114005 -0.536517 0.0039753 -0.0113049 0.999928 52.543
0.999697 0.0244206 -0.00311031 -0.712956 -0.0243916 0.999661 0.00904752 -0.517561 0.0033302 -0.00896892 0.999954 53.6351
0.999747 0.0223785 -0.00220049 -0.709706 -0.022361 0.99972 0.00765975 -0.499776 0.00237129 -0.00760862 0.999968 54.7114
0.999791 0.0202125 -0.00295079 -0.712036 -0.0201968 0.999782 0.0052603 -0.49451 0.00305647 -0.00519961 0.999982 55.8045
0.99982 0.0188781 -0.00180767 -0.712844 -0.0188726 0.999817 0.00303899 -0.483886 0.00186471 -0.00300433 0.999994 56.8741
0.999846 0.0173364 -0.0025592 -0.715372 -0.0173237 0.999838 0.00487558 -0.475698 0.00264331 -0.0048305 0.999985 57.927
0.999869 0.0160832 -0.00134576 -0.724592 -0.0160684 0.999817 0.0103296 -0.471322 0.00151164 -0.0103066 0.999946 58.9453
0.999894 0.0144232 -0.00187599 -0.730685 -0.0143925 0.999777 0.0154295 -0.462117 0.00209811 -0.0154009 0.999879 60.033
0.999931 0.0116132 -0.00162287 -0.744844 -0.0115841 0.999789 0.0169268 -0.447444 0.0018191 -0.0169068 0.999855 61.1204
0.999954 0.00951523 -0.000741076 -0.752013 -0.00950242 0.999832 0.0156805 -0.444201 0.000890155 -0.0156728 0.999877 62.1772
0.999967 0.00800606 -0.00133498 -0.753101 -0.00798832 0.999886 0.0127967 -0.425965 0.00143728 -0.0127856 0.999917 63.2777
0.999957 0.00925957 -0.000450148 -0.769618 -0.00925452 0.999906 0.0101287 -0.414965 0.000543892 -0.0101241 0.999949 64.3175
0.999957 0.00922935 -0.000502357 -0.77624 -0.00922587 0.999936 0.00651474 -0.405479 0.000562451 -0.00650983 0.999979 65.386
0.999932 0.0115901 0.000290779 -0.791219 -0.0115918 0.999912 0.0064392 -0.391207 -0.000216123 -0.00644214 0.999979 66.4747
0.999878 0.0155106 0.00182235 -0.801527 -0.0155284 0.999827 0.0101889 -0.373614 -0.00166401 -0.0102159 0.999946 67.5599
0.999824 0.0186969 0.000885783 -0.81102 -0.018708 0.999714 0.014845 -0.365264 -0.000607977 -0.0148589 0.999889 68.6372
0.999815 0.0191187 0.00173256 -0.818573 -0.0191461 0.999663 0.0175379 -0.348113 -0.00139667 -0.0175679 0.999845 69.7087
0.999837 0.0179923 0.000944912 -0.821858 -0.0180077 0.999632 0.0202747 -0.3258 -0.000579778 -0.0202884 0.999794 70.7916
0.99986 0.0166466 0.00117156 -0.825091 -0.0166682 0.999623 0.0217959 -0.318297 -0.000808294 -0.0218124 0.999762 71.8695
0.999897 0.0143594 -3.12712e-05 -0.828872 -0.0143537 0.999561 0.0259177 -0.315022 0.000403419 -0.0259146 0.999664 72.9575
0.999914 0.0129727 -0.00181809 -0.832353 -0.0129178 0.999537 0.0275158 -0.306396 0.0021742 -0.02749 0.99962 74.0225
0.999922 0.0123548 -0.00141857 -0.837525 -0.0123108 0.999541 0.0276542 -0.291822 0.00175958 -0.0276346 0.999617 75.0805
0.999919 0.0122515 -0.00335723 -0.842858 -0.0121586 0.999577 0.0264104 -0.286189 0.00367938 -0.0263674 0.999646 76.1544
0.999917 0.0122205 -0.00409469 -0.852419 -0.012115 0.999617 0.024872 -0.280069 0.00439707 -0.0248203 0.999682 77.2084
0.999894 0.0137369 -0.00477102 -0.861857 -0.0135961 0.999504 0.0283984 -0.268958 0.00515876 -0.0283305 0.999585 78.2716
0.999878 0.0147373 -0.00516148 -0.871702 -0.0145572 0.999337 0.0333477 -0.260423 0.00564952 -0.0332685 0.999431 79.3278
0.999865 0.0157647 -0.00460126 -0.88561 -0.0155786 0.999155 0.0380177 -0.23455 0.00519671 -0.0379409 0.999267 80.3733
0.999838 0.0171887 -0.00533499 -0.894347 -0.0169574 0.999026 0.0407361 -0.220408 0.00602999 -0.040639 0.999156 81.3675
0.999842 0.0169987 -0.00514849 -0.906168 -0.0167727 0.999012 0.041137 -0.180698 0.00584268 -0.0410441 0.99914 82.3955
0.99984 0.0167686 -0.00616991 -0.917635 -0.0164959 0.998987 0.0418637 -0.142665 0.00686566 -0.0417553 0.999104 83.4317
0.999854 0.0161956 -0.00543825 -0.931571 -0.0159443 0.998929 0.0434306 -0.105161 0.00613581 -0.0433376 0.999042 84.4545
0.999867 0.0146191 -0.00717758 -0.942483 -0.0142772 0.998859 0.0455692 -0.0724142 0.00783557 -0.0454607 0.998935 85.4798
0.999871 0.0140167 -0.00783751 -0.953315 -0.0136286 0.998776 0.0475416 -0.0516284 0.00849429 -0.0474287 0.998839 86.4907
0.999883 0.0133883 -0.00729509 -0.969091 -0.0130026 0.998635 0.0505792 -0.021658 0.00796231 -0.0504784 0.998693 87.4813
0.999883 0.0124503 -0.0088578 -0.980958 -0.0119665 0.998537 0.0527171 0.00255873 0.00950119 -0.0526049 0.99857 88.4354
0.999885 0.0120117 -0.00918128 -0.993801 -0.0115023 0.998493 0.053653 0.0263584 0.00981191 -0.0535413 0.998518 89.3267
0.999849 0.0114196 -0.0130303 -1.01188 -0.0106987 0.998477 0.0541159 0.0563757 0.0136284 -0.0539684 0.99845 90.2294
0.99981 0.0109942 -0.0160436 -1.03367 -0.0101137 0.998491 0.0539672 0.0823449 0.0166127 -0.0537948 0.998414 91.0901
0.999755 0.0110685 -0.0191523 -1.05218 -0.0100005 0.998437 0.0549833 0.110667 0.019731 -0.0547783 0.998304 91.9447
0.999651 0.0126325 -0.0231704 -1.07169 -0.0112888 0.998297 0.0572315 0.114708 0.0238539 -0.0569501 0.998092 92.8097
0.999604 0.0134665 -0.0246932 -1.10022 -0.0119964 0.9982 0.0587469 0.137106 0.0254399 -0.0584274 0.997968 93.6051
0.999518 0.0139549 -0.0277132 -1.12809 -0.0122702 0.998119 0.0600561 0.160365 0.0284992 -0.0596872 0.99781 94.3842
0.999472 0.0154529 -0.0285636 -1.15665 -0.0137133 0.998096 0.0601239 0.182711 0.0294383 -0.0597005 0.997782 95.1145
0.999357 0.0174553 -0.0313108 -1.18693 -0.0155084 0.997994 0.0613787 0.204594 0.0323194 -0.0608537 0.997623 95.8348
0.999304 0.0193697 -0.0318624 -1.21955 -0.0174219 0.998027 0.0603123 0.231048 0.0329678 -0.0597153 0.997671 96.4933
0.999146 0.0213421 -0.035359 -1.24693 -0.0192863 0.998159 0.0574944 0.254538 0.036521 -0.0567634 0.99772 97.163
0.99899 0.0241943 -0.0378598 -1.28219 -0.0221071 0.998263 0.0546077 0.272962 0.0391153 -0.0537156 0.99779 97.8127
0.998829 0.0257292 -0.04095 -1.31605 -0.0235217 0.99829 0.0535056 0.293393 0.0422567 -0.0524798 0.997728 98.4387
0.998724 0.028202 -0.0418716 -1.34959 -0.0259782 0.99827 0.0527357 0.307259 0.0432864 -0.0515808 0.99773 99.0492
0.99873 0.029382 -0.0409031 -1.38241 -0.0271554 0.998173 0.0539658 0.327112 0.042414 -0.0527866 0.997705 99.6133
0.998762 0.0331584 -0.0370752 -1.41337 -0.0310692 0.99797 0.0555747 0.34225 0.0388427 -0.054354 0.997766 100.169
0.99884 0.0358351 -0.0321497 -1.44159 -0.0339656 0.9978 0.0569241 0.356339 0.0341189 -0.0557661 0.997861 100.714
0.999059 0.0362469 -0.0237888 -1.45322 -0.0347862 0.99764 0.0591838 0.373804 0.0258779 -0.0583006 0.997964 101.224
0.99923 0.0363006 -0.0148263 -1.46532 -0.0353207 0.997467 0.0617276 0.388967 0.0170295 -0.0611564 0.997983 101.736
0.999367 0.0354799 -0.00244626 -1.46165 -0.035258 0.997424 0.0624606 0.407923 0.00465604 -0.0623349 0.998045 102.217
0.999345 0.0345688 0.010693 -1.45355 -0.0351776 0.997376 0.0632648 0.423001 -0.00847794 -0.0635995 0.99794 102.66
0.999094 0.0335035 0.0262353 -1.43824 -0.0350959 0.997408 0.0627966 0.445359 -0.0240634 -0.0636605 0.997682 103.108
0.99852 0.032674 0.0434713 -1.41349 -0.0352957 0.997514 0.0609743 0.455557 -0.0413711 -0.0624185 0.997192 103.544
0.997369 0.0324736 0.0647984 -1.37994 -0.0361774 0.997728 0.0568292 0.470965 -0.0628058 -0.059024 0.996279 103.954
0.995531 0.0315165 0.0890124 -1.32991 -0.0362939 0.997957 0.0525733 0.487559 -0.0871737 -0.0555691 0.994642 104.377
0.992789 0.0292731 0.116243 -1.26906 -0.0353452 0.998097 0.0505224 0.492478 -0.114543 -0.0542668 0.991935 104.768
0.988818 0.0263303 0.14678 -1.19462 -0.033928 0.998197 0.0495018 0.507158 -0.145212 -0.0539283 0.98793 105.159
0.983605 0.0245229 0.178658 -1.10167 -0.0334171 0.998338 0.0469449 0.51438 -0.17721 -0.0521455 0.982791 105.533
0.976449 0.0227893 0.21454 -1.00046 -0.0332336 0.998424 0.0452015 0.524014 -0.213172 -0.051267 0.975669 105.906
0.967559 0.0190594 0.251924 -0.885895 -0.0311295 0.998545 0.0440131 0.536115 -0.250719 -0.0504276 0.966746 106.262
0.956207 0.0177286 0.292152 -0.756138 -0.0315078 0.998598 0.0425268 0.535898 -0.290989 -0.0498695 0.955426 106.614
0.942877 0.0178463 0.332663 -0.62266 -0.0333898 0.998598 0.0410662 0.555465 -0.331464 -0.0498279 0.942151 106.947
0.926146 0.0200988 0.376629 -0.473372 -0.037509 0.998536 0.0389492 0.560306 -0.375295 -0.0501996 0.925545 107.27
0.906704 0.0191363 0.421332 -0.302712 -0.0391631 0.998474 0.0389297 0.577589 -0.419944 -0.0517984 0.906071 107.597
0.885474 0.0186747 0.464313 -0.125829 -0.0411849 0.998413 0.0383861 0.575083 -0.46286 -0.0531126 0.884839 107.889
0.860594 0.0171516 0.509002 0.0681996 -0.0416908 0.99845 0.0368443 0.584917 -0.507582 -0.0529287 0.859977 108.19
0.834667 0.01755 0.550474 0.276421 -0.0428686 0.998529 0.0331657 0.583524 -0.549083 -0.0512804 0.834193 108.469
0.80532 0.0190769 0.592532 0.494285 -0.044701 0.99859 0.0286037 0.587169 -0.591152 -0.049522 0.805039 108.741
0.773842 0.0233571 0.632946 0.714489 -0.0485766 0.998564 0.0225408 0.58841 -0.631512 -0.0481894 0.773867 108.998
0.738251 0.0283915 0.673927 0.959575 -0.0537512 0.998412 0.01682 0.595376 -0.67238 -0.0486418 0.738606 109.259
0.700635 0.0336031 0.712728 1.20527 -0.0597305 0.998146 0.0116573 0.597354 -0.711015 -0.0507392 0.701344 109.502
0.660165 0.0329338 0.750397 1.48733 -0.0600299 0.998155 0.0090041 0.600487 -0.748717 -0.0509905 0.660925 109.721
0.61776 0.0296782 0.785806 1.78727 -0.0587799 0.998234 0.00850861 0.599894 -0.784166 -0.0514459 0.618415 109.933
0.573244 0.0275832 0.81892 2.09208 -0.0595373 0.998193 0.00805461 0.610581 -0.817219 -0.0533736 0.573851 110.118
0.525174 0.026122 0.850593 2.41937 -0.0614736 0.998081 0.00730374 0.615737 -0.848771 -0.0561249 0.525773 110.313
0.477243 0.0234805 0.878457 2.76135 -0.0619926 0.998051 0.0070019 0.621532 -0.876582 -0.0577995 0.47777 110.465
0.425233 0.0193752 0.904876 3.1252 -0.0619795 0.998047 0.00775618 0.603099 -0.902959 -0.059382 0.425604 110.61
0.373603 0.018571 0.927402 3.48376 -0.0646987 0.997886 0.00608146 0.608847 -0.92533 -0.0622739 0.374015 110.742
0.321652 0.0225942 0.946588 3.84603 -0.0693183 0.997594 -0.000257162 0.607314 -0.944317 -0.0655333 0.322445 110.859
0.270466 0.0263364 0.962369 4.2369 -0.0715063 0.997413 -0.00719921 0.596154 -0.96007 -0.0668683 0.27165 110.937
0.222963 0.0287678 0.974402 4.61923 -0.0711817 0.997376 -0.0131583 0.589999 -0.972225 -0.0664258 0.224426 111.018
0.18082 0.0282394 0.98311 5.04412 -0.0647945 0.997757 -0.0167427 0.587657 -0.98138 -0.0606728 0.182244 111.065
0.145301 0.0276896 0.988999 5.44685 -0.0582094 0.998115 -0.0193928 0.584592 -0.987674 -0.0547514 0.14664 111.097
0.113873 0.0276271 0.99311 5.86796 -0.0555429 0.998226 -0.0214006 0.574174 -0.991942 -0.0527233 0.115206 111.132
0.0857695 0.0260653 0.995973 6.31623 -0.0571071 0.998142 -0.0212042 0.585513 -0.994677 -0.0550585 0.0870989 111.174
0.0597458 0.0228693 0.997951 6.78054 -0.0625292 0.997859 -0.0191236 0.589495 -0.996253 -0.0612586 0.0610481 111.217
0.0350232 0.0190187 0.999205 7.24562 -0.0669808 0.997615 -0.0166406 0.583616 -0.997139 -0.0663448 0.0362137 111.252
0.0127007 0.0166237 0.99978 7.76057 -0.0634216 0.997861 -0.0157861 0.571098 -0.997906 -0.0632072 0.013728 111.257
-0.00788052 0.0163132 0.999835 8.29854 -0.058179 0.998165 -0.0167445 0.543309 -0.998275 -0.0583015 -0.00691683 111.244
-0.0262972 0.0180136 0.999491 8.79807 -0.0530817 0.998401 -0.0193906 0.541749 -0.998244 -0.0535646 -0.0252989 111.211
-0.040624 0.0224079 0.998923 9.32476 -0.0520366 0.998344 -0.0245111 0.540328 -0.997818 -0.0529763 -0.0393906 111.196
-0.0520048 0.0266089 0.998292 9.88735 -0.0553789 0.998029 -0.0294867 0.531082 -0.99711 -0.0568178 -0.0504286 111.185
-0.0582252 0.0275175 0.997924 10.4946 -0.0531055 0.998119 -0.0306213 0.516144 -0.99689 -0.0547782 -0.0566542 111.148
-0.0612353 0.0239231 0.997836 11.1177 -0.0472583 0.998521 -0.0268397 0.47666 -0.997004 -0.0487996 -0.0600141 111.102
-0.0613826 0.0235867 0.997835 11.7698 -0.0450652 0.998635 -0.0263778 0.46389 -0.997096 -0.0465868 -0.0602358 111.056
-0.0597329 0.0231699 0.997945 12.4474 -0.0447031 0.998665 -0.0258624 0.439482 -0.997213 -0.0461561 -0.0586173 111.015
-0.0585617 0.0236956 0.998002 13.1269 -0.0477946 0.998504 -0.026512 0.420408 -0.997139 -0.0492518 -0.0573415 110.979
-0.0569604 0.0245136 0.998075 13.7955 -0.0489733 0.998426 -0.0273171 0.394044 -0.997174 -0.0504351 -0.0556702 110.949
-0.0558725 0.0246954 0.998132 14.5167 -0.049178 0.998412 -0.0274551 0.348993 -0.997226 -0.0506202 -0.0545692 110.905
-0.0556573 0.0241601 0.998157 15.2584 -0.0485299 0.998459 -0.0268735 0.319463 -0.99727 -0.0499363 -0.054399 110.865
-0.0550067 0.0234622 0.99821 15.9971 -0.0503802 0.998384 -0.0262425 0.274629 -0.997214 -0.0517335 -0.0537357 110.838
-0.0553741 0.0215429 0.998233 16.7515 -0.0493197 0.998487 -0.0242843 0.253758 -0.997247 -0.0505773 -0.0542278 110.808
-0.0562818 0.0197513 0.998219 17.5285 -0.0515283 0.998414 -0.0226604 0.193089 -0.997084 -0.052712 -0.0551747 110.77
-0.0571324 0.0186349 0.998192 18.3132 -0.0535026 0.998331 -0.0216997 0.155818 -0.996932 -0.0546457 -0.05604 110.732
-0.0584652 0.0174211 0.998137 19.1072 -0.0544491 0.998303 -0.0206133 0.13692 -0.996803 -0.0555529 -0.0574174 110.686
-0.0595007 0.0155542 0.998107 19.8862 -0.0525101 0.998445 -0.0186898 0.10844 -0.996846 -0.0535228 -0.0585913 110.631
-0.0617497 0.0132855 0.998003 20.674 -0.0513038 0.998547 -0.016467 0.0863799 -0.996772 -0.0522182 -0.0609783 110.577
-0.0629745 0.0132372 0.997927 21.4847 -0.0540536 0.998398 -0.0166545 0.0675986 -0.99655 -0.0549904 -0.062158 110.537
-0.0642589 0.0158595 0.997807 22.2919 -0.057643 0.998145 -0.0195771 0.0429108 -0.996267 -0.0587747 -0.0632254 110.503
-0.0659915 0.0206447 0.997606 23.111 -0.0567553 0.998089 -0.024409 0.0344085 -0.996204 -0.0582303 -0.0646937 110.451
-0.0659497 0.0220833 0.997578 23.8999 -0.0557556 0.998111 -0.025781 0.0122339 -0.996264 -0.0573208 -0.0645938 110.397
-0.0684171 0.0197446 0.997461 24.6882 -0.0590386 0.997971 -0.0238042 -0.0089381 -0.995908 -0.0605174 -0.0671126 110.363
-0.0690528 0.0160229 0.997484 25.4994 -0.0616001 0.997894 -0.0202938 -0.0238748 -0.995709 -0.0628465 -0.0679203 110.32
-0.0703778 0.0103724 0.997466 26.3278 -0.063425 0.997875 -0.0148516 -0.0469199 -0.995502 -0.0643096 -0.0695704 110.275
-0.0704759 0.00504202 0.9975 27.1518 -0.0679837 0.997637 -0.00984589 -0.066376 -0.995194 -0.0685077 -0.0699666 110.238
-0.0711313 0.00365119 0.99746 28.0052 -0.0695736 0.997539 -0.00861291 -0.0742895 -0.995037 -0.0700096 -0.0707022 110.179
-0.0714995 0.0123221 0.997364 28.8228 -0.0654156 0.997712 -0.0170159 -0.0958844 -0.995293 -0.0664599 -0.0705298 110.112
-0.0698078 0.0230255 0.997294 29.6425 -0.0623239 0.997679 -0.0273969 -0.110071 -0.995611 -0.0640678 -0.0682107 110.06
-0.0699955 0.028864 0.997129 30.4644 -0.0613922 0.997561 -0.033186 -0.12965 -0.995656 -0.0635389 -0.0680528 110
-0.0669113 0.0245434 0.997456 31.29 -0.0601505 0.997779 -0.0285863 -0.15303 -0.995944 -0.0619103 -0.0652864 109.946
-0.0661511 0.0173796 0.997658 32.12 -0.057285 0.998132 -0.0211862 -0.189127 -0.996164 -0.0585524 -0.0650319 109.891
-0.0667042 0.0139877 0.997674 32.9278 -0.0572603 0.9982 -0.0178234 -0.232488 -0.996128 -0.0583161 -0.0657831 109.838
-0.0663218 0.0133131 0.997709 33.7179 -0.0585665 0.998134 -0.0172119 -0.26732 -0.996078 -0.0595739 -0.0654183 109.792
-0.0685964 0.013634 0.997551 34.5003 -0.0612735 0.997961 -0.017853 -0.294925 -0.995761 -0.0623482 -0.0676211 109.747
-0.0701405 0.0136559 0.997443 35.28 -0.0627908 0.997862 -0.0180771 -0.317663 -0.995559 -0.0638983 -0.069133 109.702
-0.0733042 0.0129023 0.997225 36.063 -0.0635199 0.997825 -0.0175793 -0.349302 -0.995284 -0.0646324 -0.0723251 109.656
-0.075186 0.01311 0.997083 36.8612 -0.0641997 0.997775 -0.0179601 -0.380624 -0.9951 -0.0653628 -0.074177 109.608
-0.0768684 0.0131923 0.996953 37.6164 -0.0655115 0.997684 -0.0182531 -0.402479 -0.994886 -0.0667151 -0.0758262 109.558
-0.0794805 0.0123191 0.99676 38.3762 -0.0659326 0.997669 -0.0175876 -0.425332 -0.994653 -0.0671169 -0.0784829 109.514
-0.0815352 0.0112937 0.996606 39.1564 -0.0646899 0.997767 -0.0165993 -0.453555 -0.994568 -0.0658239 -0.0806225 109.453
-0.0844424 0.0109434 0.996368 39.932 -0.0643434 0.997792 -0.0164122 -0.470259 -0.994348 -0.0654957 -0.0835518 109.402
-0.0855079 0.0107555 0.996279 40.7103 -0.0640636 0.997813 -0.0162704 -0.512095 -0.994275 -0.0652166 -0.0846318 109.345
-0.0872573 0.0104994 0.99613 41.4568 -0.0633556 0.997861 -0.0160674 -0.531686 -0.994169 -0.0645124 -0.0864054 109.286
-0.0874115 0.00924525 0.996129 42.209 -0.0607227 0.998047 -0.0145915 -0.561783 -0.994319 -0.0617632 -0.0866794 109.215
-0.0893761 0.00807158 0.995965 42.9662 -0.0600628 0.998103 -0.0134788 -0.582203 -0.994185 -0.0610252 -0.0887218 109.147
-0.0917181 0.00673096 0.995762 43.7287 -0.0602739 0.998106 -0.0122985 -0.617496 -0.993959 -0.0611465 -0.0911386 109.082
-0.0922287 0.007275 0.995711 44.4442 -0.0615881 0.998017 -0.0129965 -0.640305 -0.993831 -0.0625227 -0.0915977 109.019
-0.0940342 0.00614324 0.995549 45.1605 -0.0619077 0.998009 -0.0120058 -0.651908 -0.993642 -0.0627612 -0.0934666 108.964
-0.0934612 0.00516733 0.995609 45.8501 -0.0619591 0.998018 -0.0109961 -0.66848 -0.993693 -0.0627148 -0.0929557 108.9
-0.095112 0.00581747 0.995449 46.5373 -0.0617081 0.998025 -0.0117285 -0.6897 -0.993551 -0.0625429 -0.0945652 108.828
-0.0938593 0.00755889 0.995556 47.1899 -0.0636363 0.99788 -0.013576 -0.710472 -0.993549 -0.0646279 -0.0931793 108.766
-0.0949918 0.00935924 0.995433 47.8546 -0.0644967 0.997797 -0.0155362 -0.720342 -0.993386 -0.0656781 -0.0941788 108.705
-0.0976973 0.00951307 0.99517 48.5167 -0.0626796 0.99791 -0.0156926 -0.744261 -0.99324 -0.0639101 -0.0968968 108.638
-0.0980131 0.00902836 0.995143 49.211 -0.0609833 0.998025 -0.0150608 -0.76955 -0.993314 -0.0621634 -0.0972689 108.567
-0.099792 0.00738691 0.99498 49.893 -0.059721 0.998125 -0.0134 -0.805655 -0.993214 -0.0607585 -0.0991637 108.505
-0.099475 0.0073128 0.995012 50.5833 -0.0632228 0.997906 -0.0136546 -0.826972 -0.993029 -0.0642659 -0.0988043 108.451
-0.10082 0.00735131 0.994877 51.2471 -0.0644631 0.997823 -0.0139057 -0.861106 -0.992813 -0.0655349 -0.100127 108.392
-0.100005 0.00595412 0.994968 51.8978 -0.0631158 0.99793 -0.0123156 -0.891941 -0.992982 -0.0640299 -0.0994223 108.338
-0.101326 0.00429583 0.994843 52.5763 -0.0638039 0.997903 -0.0108075 -0.91438 -0.992804 -0.0645701 -0.10084 108.276
-0.104981 0.00337686 0.994468 53.2795 -0.0684244 0.997599 -0.0106107 -0.937596 -0.992117 -0.0691599 -0.104498 108.221
-0.109464 0.00352758 0.993984 53.9805 -0.0704309 0.997452 -0.0112961 -0.950254 -0.991492 -0.0712438 -0.108936 108.161
-0.11551 0.00580581 0.993289 54.6337 -0.0682433 0.997573 -0.0137668 -0.988378 -0.990959 -0.0693756 -0.114833 108.083
-0.121984 0.00808933 0.992498 55.2834 -0.0663398 0.997664 -0.016285 -1.00432 -0.990312 -0.0678287 -0.121163 108.012
-0.12956 0.0101246 0.991519 55.9622 -0.0662688 0.997623 -0.0188461 -1.0222 -0.989354 -0.0681487 -0.128581 107.931
-0.136307 0.00940123 0.990621 56.6081 -0.0698262 0.997376 -0.0190732 -1.03949 -0.988202 -0.0717713 -0.135293 107.862
-0.142294 0.00806434 0.989791 57.2949 -0.0700036 0.99738 -0.0181899 -1.06438 -0.987345 -0.0718773 -0.141356 107.776
-0.14779 0.00910661 0.988976 57.9834 -0.0709801 0.997281 -0.0197901 -1.08584 -0.986468 -0.0731225 -0.146742 107.681
-0.151633 0.00789423 0.988404 58.6598 -0.0725736 0.99718 -0.019098 -1.1045 -0.985768 -0.0746281 -0.150633 107.591
-0.155174 0.00500438 0.987874 59.326 -0.0724661 0.997235 -0.0164347 -1.12475 -0.985225 -0.0741378 -0.154382 107.49
-0.157613 0.000550361 0.9875 60.0219 -0.071488 0.997369 -0.0119659 -1.14178 -0.984909 -0.0724805 -0.157159 107.383
-0.160094 -0.00278123 0.987097 60.7449 -0.0714592 0.997404 -0.00877939 -1.16382 -0.984511 -0.0719429 -0.159877 107.271
-0.161724 -0.00274959 0.986831 61.4312 -0.073273 0.997269 -0.0092294 -1.15589 -0.984111 -0.0738009 -0.161483 107.167
-0.162283 -0.000132941 0.986743 62.1248 -0.0707985 0.997424 -0.0115094 -1.17622 -0.9842 -0.0717279 -0.161875 107.06
-0.163495 0.00594529 0.986525 62.8403 -0.0643757 0.997786 -0.016682 -1.18547 -0.984441 -0.0662358 -0.16275 106.935
-0.163689 0.00854088 0.986474 63.5667 -0.0589665 0.998089 -0.0184259 -1.2152 -0.984747 -0.0611852 -0.162873 106.809
-0.166058 0.0105435 0.986059 64.3046 -0.0573209 0.998148 -0.0203259 -1.23005 -0.984448 -0.0598972 -0.165146 106.687
-0.165406 0.00694844 0.9862 65.0403 -0.0608478 0.997998 -0.017237 -1.24072 -0.984346 -0.0628594 -0.164652 106.579
-0.166286 0.00179976 0.986075 65.7769 -0.0602662 0.99811 -0.0119846 -1.257 -0.984233 -0.06142 -0.165864 106.449
-0.167355 -0.000739965 0.985896 66.52 -0.059447 0.998187 -0.00934187 -1.25978 -0.984102 -0.0601721 -0.167096 106.323
-0.167672 -0.000634974 0.985842 67.2558 -0.0561653 0.998381 -0.00890952 -1.29641 -0.984241 -0.0568641 -0.167437 106.2
-0.169992 -6.46221e-05 0.985445 67.9991 -0.0594083 0.998181 -0.0101826 -1.30762 -0.983652 -0.0602747 -0.169687 106.087
-0.17228 -3.83739e-05 0.985047 68.7493 -0.0596074 0.998167 -0.0103861 -1.34226 -0.983242 -0.0605056 -0.171967 105.969
-0.176046 0.000485296 0.984381 69.4852 -0.0598404 0.998145 -0.0111938 -1.3585 -0.982561 -0.0608766 -0.17569 105.843
-0.177508 -0.000570311 0.984118 70.2151 -0.0609263 0.998087 -0.010411 -1.37229 -0.982231 -0.0618068 -0.177203 105.716
-0.179246 -0.00161237 0.983802 70.91 -0.0632131 0.99795 -0.00988164 -1.38185 -0.981771 -0.0639606 -0.17898 105.623
-0.180785 -0.00199866 0.98352 71.6347 -0.0652 0.997822 -0.00995696 -1.38982 -0.981358 -0.0659258 -0.180522 105.504
-0.18175 0.000285378 0.983344 72.3639 -0.0658082 0.997754 -0.0124528 -1.41531 -0.98114 -0.0669756 -0.181323 105.408
-0.182287 0.000968996 0.983244 73.1071 -0.0665694 0.997692 -0.0133247 -1.42351 -0.980989 -0.0678831 -0.181802 105.283
-0.182947 0.000609705 0.983122 73.8333 -0.0672157 0.997651 -0.0131267 -1.43767 -0.980822 -0.0684829 -0.182477 105.151
-0.184575 -0.00108398 0.982817 74.5782 -0.0670857 0.99768 -0.0114984 -1.45468 -0.980526 -0.0680555 -0.184219 105.023
-0.184721 -0.00271701 0.982786 75.3329 -0.0688388 0.997575 -0.0101807 -1.46661 -0.980377 -0.0695346 -0.18446 104.867
-0.186128 -0.00441504 0.982515 76.074 -0.0722571 0.997343 -0.00920666 -1.46571 -0.979864 -0.0727074 -0.185952 104.758
-0.189408 -0.00480909 0.981886 76.8223 -0.0725234 0.997324 -0.00910518 -1.46975 -0.979216 -0.0729345 -0.18925 104.639
-0.190106 -0.00499714 0.98175 77.5699 -0.0731876 0.997276 -0.00909582 -1.46952 -0.979031 -0.0735813 -0.189954 104.502
-0.192802 -0.00463131 0.981226 78.3424 -0.0743881 0.997179 -0.00990992 -1.47153 -0.978413 -0.0749024 -0.192602 104.351
-0.193496 -0.000855966 0.9811 79.093 -0.0732418 0.997221 -0.0135749 -1.46769 -0.978363 -0.0744844 -0.193021 104.206
-0.19518 0.00104274 0.980766 79.8709 -0.0737218 0.997154 -0.0157313 -1.50102 -0.977992 -0.0753744 -0.194548 104.052
-0.194756 0.0037901 0.980844 80.6779 -0.0736174 0.997115 -0.0184704 -1.51682 -0.978085 -0.0758045 -0.193915 103.895
-0.194396 0.00520017 0.980908 81.4866 -0.072035 0.99721 -0.0195624 -1.5311 -0.978274 -0.0744628 -0.193479 103.735
-0.194558 0.00458787 0.980879 82.3046 -0.068124 0.997511 -0.0181781 -1.55613 -0.978522 -0.0703583 -0.193761 103.564
-0.192738 0.00316435 0.981244 83.1144 -0.0674541 0.997586 -0.0164665 -1.5833 -0.978929 -0.0693628 -0.192059 103.39
-0.192928 0.00125537 0.981211 83.951 -0.0680372 0.997575 -0.0146539 -1.60456 -0.978851 -0.0695861 -0.192375 103.224
-0.189485 -0.000442347 0.981883 84.7797 -0.067969 0.997606 -0.0126673 -1.62312 -0.979528 -0.069138 -0.189061 103.063
-0.188972 -0.0021834 0.981979 85.6257 -0.0683441 0.997601 -0.0109339 -1.64116 -0.979601 -0.0691788 -0.188667 102.898
-0.186154 -0.0047072 0.982508 86.4629 -0.0691979 0.997568 -0.00833139 -1.67774 -0.98008 -0.0695386 -0.186027 102.738
-0.185148 -0.00445688 0.9827 87.2747 -0.0704705 0.997475 -0.00875325 -1.70653 -0.98018 -0.0708721 -0.184995 102.585
-0.184825 -0.00222363 0.982768 88.1345 -0.0700582 0.997483 -0.0109186 -1.72349 -0.980271 -0.0708691 -0.184516 102.429
-0.184088 0.00122359 0.982908 88.9326 -0.0696923 0.997465 -0.0142943 -1.73098 -0.980436 -0.0711327 -0.183536 102.28
-0.183868 0.00409711 0.982942 89.7729 -0.0721069 0.99724 -0.0176449 -1.76671 -0.980302 -0.0741214 -0.183065 102.13
-0.18117 0.00405503 0.983443 90.6187 -0.0720357 0.99725 -0.0173823 -1.79143 -0.98081 -0.0739923 -0.18038 101.987
-0.181465 0.00138575 0.983395 91.4817 -0.0712119 0.997354 -0.0145461 -1.82969 -0.980815 -0.0726692 -0.180887 101.823
-0.17963 0.00181506 0.983732 92.327 -0.0682515 0.997565 -0.0143033 -1.85795 -0.981363 -0.0697106 -0.179069 101.682
-0.178965 0.00125825 0.983854 93.1779 -0.0693516 0.997495 -0.0138909 -1.88725 -0.981408 -0.0707179 -0.17843 101.536
-0.179396 0.000732749 0.983776 94.0374 -0.0693357 0.997503 -0.0133866 -1.9059 -0.98133 -0.0706124 -0.178897 101.374
-0.178526 0.000115637 0.983934 94.8752 -0.0669348 0.997681 -0.0122619 -1.92426 -0.981655 -0.0680487 -0.178104 101.228
-0.178047 -0.000906877 0.984021 95.7251 -0.064021 0.997891 -0.0106641 -1.93783 -0.981937 -0.0648969 -0.17773 101.069
-0.176903 -0.000114425 0.984227 96.5799 -0.0634858 0.997918 -0.0112948 -1.96133 -0.982178 -0.0644827 -0.176542 100.916
-0.177044 0.0024256 0.984199 97.4069 -0.0616062 0.998008 -0.0135417 -1.96762 -0.982273 -0.0630304 -0.176541 100.781
-0.175259 0.00264524 0.984518 98.2293 -0.0659338 0.997719 -0.0144179 -1.98693 -0.982312 -0.06744 -0.174685 100.637
-0.173619 0.00170459 0.984811 99.0503 -0.0648817 0.997805 -0.0131655 -2.02938 -0.982673 -0.0661821 -0.173128 100.539
-0.174152 -0.000537404 0.984718 99.8898 -0.0683428 0.997594 -0.0115423 -2.06533 -0.982344 -0.0693086 -0.17377 100.405
-0.17511 0.000328677 0.984548 100.74 -0.0731301 0.997232 -0.0133396 -2.06382 -0.981829 -0.0743361 -0.174601 100.262
-0.176488 0.00305529 0.984297 101.564 -0.0766719 0.996913 -0.016842 -2.07857 -0.981312 -0.0784405 -0.175709 100.115
-0.176399 0.00430183 0.984308 102.383 -0.079002 0.996702 -0.018514 -2.09767 -0.981143 -0.0810283 -0.175478 99.9869
-0.175968 0.00454641 0.984385 103.198 -0.0786999 0.996723 -0.0186717 -2.12991 -0.981245 -0.0807568 -0.175034 99.8406
-0.176565 0.00504096 0.984275 104.004 -0.0778691 0.99678 -0.0190736 -2.1332 -0.981204 -0.0800125 -0.175604 99.7
-0.176555 0.00523867 0.984276 104.822 -0.0769373 0.996852 -0.0191062 -2.1589 -0.981279 -0.0791009 -0.175596 99.5589
-0.177487 0.00847179 0.984086 105.646 -0.0767586 0.996797 -0.0224251 -2.16498 -0.981125 -0.0795173 -0.176268 99.4301
-0.177552 0.00905514 0.984069 106.467 -0.0765875 0.996797 -0.0229906 -2.18669 -0.981127 -0.0794496 -0.176289 99.2932
-0.178488 0.00887393 0.983901 107.218 -0.0776052 0.996716 -0.0230677 -2.21444 -0.980877 -0.0804733 -0.177213 99.1524
-0.179756 0.00800093 0.983678 107.981 -0.0783312 0.996674 -0.0224208 -2.23481 -0.980587 -0.0810831 -0.178532 99.0288
-0.182474 0.00858792 0.983172 108.75 -0.0782529 0.996662 -0.0232292 -2.2681 -0.980091 -0.081175 -0.181193 98.9015
-0.185876 0.00981005 0.982523 109.519 -0.0782585 0.996625 -0.0247559 -2.31848 -0.979451 -0.0814925 -0.184481 98.7708
-0.188626 0.0103095 0.981994 110.286 -0.0789693 0.996547 -0.025631 -2.34351 -0.978868 -0.0823822 -0.187161 98.6325
-0.192339 0.0102253 0.981274 111.064 -0.078191 0.996606 -0.0257112 -2.37465 -0.978208 -0.0816723 -0.190887 98.4883
-0.194751 0.00958271 0.980805 111.842 -0.0770413 0.996713 -0.0250355 -2.41695 -0.977822 -0.0804383 -0.193372 98.3343
-0.197814 0.010374 0.980184 112.608 -0.0753934 0.99682 -0.0257654 -2.44676 -0.977336 -0.0789963 -0.196403 98.1931
-0.199596 0.0129166 0.979792 113.377 -0.0782934 0.996505 -0.0290862 -2.47366 -0.976745 -0.0825169 -0.197887 98.0526
-0.201643 0.0191552 0.979271 114.142 -0.0791811 0.996217 -0.0357908 -2.49473 -0.976253 -0.0847569 -0.199363 97.9133
-0.205264 0.0213801 0.978472 114.907 -0.0762855 0.996369 -0.0377743 -2.52365 -0.975729 -0.0823971 -0.202888 97.7535
-0.207469 0.018884 0.978058 115.666 -0.0753419 0.996535 -0.0352224 -2.55762 -0.975335 -0.0809965 -0.205328 97.5954
-0.210955 0.0125434 0.977415 116.432 -0.0755573 0.996716 -0.0290985 -2.58784 -0.974571 -0.0799894 -0.209314 97.4441
-0.212315 0.0111377 0.977137 117.195 -0.0755989 0.99675 -0.0277875 -2.6328 -0.974272 -0.0797703 -0.210784 97.2854
-0.214957 0.0129962 0.976536 117.958 -0.0768863 0.996582 -0.0301873 -2.66387 -0.973592 -0.0815713 -0.213223 97.1187
-0.217135 0.0155103 0.976018 118.726 -0.0795315 0.996268 -0.0335255 -2.69818 -0.972896 -0.0849038 -0.215091 96.9572
-0.219822 0.0185765 0.975362 119.48 -0.0792834 0.99617 -0.0368412 -2.72977 -0.972312 -0.0854287 -0.217507 96.7874
-0.221979 0.0218332 0.974806 120.216 -0.0764985 0.996277 -0.0397339 -2.77628 -0.972045 -0.0833915 -0.219482 96.6245
-0.223796 0.0263092 0.97428 120.971 -0.0759296 0.996126 -0.0443404 -2.81345 -0.971673 -0.0839001 -0.220931 96.4548
-0.226661 0.0275774 0.973583 121.716 -0.0776932 0.995901 -0.0462974 -2.84039 -0.970869 -0.0861347 -0.223589 96.2829
-0.228743 0.0259426 0.97314 122.464 -0.0768066 0.996047 -0.0446071 -2.87998 -0.970452 -0.0849474 -0.225846 96.1167
-0.232498 0.0238137 0.972304 123.203 -0.0735594 0.996406 -0.0419935 -2.91795 -0.96981 -0.0812857 -0.229911 95.9412
-0.237622 0.0223999 0.971099 123.951 -0.0738245 0.996425 -0.0410484 -2.96339 -0.968548 -0.081445 -0.235119 95.7559
-0.243363 0.0214405 0.969698 124.699 -0.0731153 0.996505 -0.0403827 -3.0043 -0.967175 -0.0807275 -0.240945 95.5803
-0.25222 0.0215209 0.96743 125.439 -0.0741194 0.996385 -0.0414888 -3.0444 -0.964826 -0.0821698 -0.249713 95.4009
-0.262271 0.0223157 0.964736 126.166 -0.0730513 0.996404 -0.0429077 -3.07884 -0.962225 -0.0817288 -0.259698 95.2203
-0.275283 0.0224652 0.9611 126.88 -0.0734612 0.996312 -0.0443293 -3.1142 -0.958552 -0.0828069 -0.272618 95.0383
-0.288184 0.0236592 0.957282 127.594 -0.0730364 0.996239 -0.0466091 -3.1502 -0.954785 -0.0833486 -0.285372 94.8607
-0.300522 0.0238009 0.953477 128.305 -0.0704157 0.996406 -0.0470664 -3.18854 -0.951171 -0.0812844 -0.297766 94.6602
-0.312189 0.0229626 0.949742 129.013 -0.071646 0.996291 -0.0476387 -3.22737 -0.947314 -0.0829176 -0.309386 94.451
-0.322588 0.0233077 0.946252 129.698 -0.0682143 0.996524 -0.047801 -3.27881 -0.944077 -0.0799681 -0.319877 94.2281
-0.331716 0.024919 0.943049 130.366 -0.0620642 0.996908 -0.0481731 -3.30359 -0.941335 -0.0745096 -0.329144 93.989
-0.339286 0.0247498 0.940357 131.021 -0.0610753 0.996964 -0.0482758 -3.346 -0.938698 -0.073812 -0.336744 93.7404
-0.345868 0.0243052 0.937968 131.675 -0.0649139 0.996649 -0.0497622 -3.37145 -0.936034 -0.0780985 -0.343131 93.4976
-0.350109 0.0227114 0.936433 132.343 -0.060487 0.997071 -0.0467966 -3.41056 -0.934754 -0.0730261 -0.347709 93.2545
-0.353099 0.0219799 0.935327 133.014 -0.0567043 0.997383 -0.0448449 -3.453 -0.933865 -0.0688719 -0.350929 93.0012
-0.353707 0.0209626 0.935121 133.668 -0.0528283 0.997704 -0.0423476 -3.49182 -0.933863 -0.0643796 -0.351787 92.7611
-0.354939 0.0207879 0.934658 134.325 -0.0496915 0.997919 -0.0410653 -3.53422 -0.933567 -0.0610204 -0.353168 92.5124
-0.355203 0.024543 0.934466 134.96 -0.0483128 0.997836 -0.0445716 -3.57676 -0.933539 -0.0609788 -0.353249 92.273
-0.353888 0.0278297 0.934873 135.596 -0.0475717 0.997727 -0.0477085 -3.60115 -0.934077 -0.0613571 -0.35176 92.0185
-0.353523 0.0289452 0.934977 136.228 -0.0457286 0.997791 -0.0481801 -3.61764 -0.934307 -0.0597881 -0.351419 91.7746
-0.351671 0.0274122 0.935721 136.856 -0.0452882 0.997902 -0.0462543 -3.65029 -0.935027 -0.0586436 -0.349692 91.5305
-0.350543 0.0264228 0.936173 137.486 -0.0427945 0.998105 -0.0441949 -3.68856 -0.935568 -0.0555554 -0.348748 91.2991
-0.348729 0.0267368 0.936841 138.105 -0.0441774 0.998012 -0.0449271 -3.7108 -0.936181 -0.0570548 -0.346855 91.07
-0.346285 0.0293296 0.93767 138.722 -0.0435371 0.997931 -0.0472929 -3.73352 -0.937118 -0.0572004 -0.344292 90.846
-0.34287 0.0305973 0.938884 139.34 -0.0432446 0.997895 -0.0483127 -3.74278 -0.938386 -0.0571668 -0.340825 90.6175
-0.337533 0.0299227 0.940837 139.946 -0.0422395 0.998006 -0.0468946 -3.79325 -0.940365 -0.0555692 -0.335596 90.3947
-0.333936 0.0287186 0.942158 140.542 -0.0417974 0.998101 -0.0452383 -3.82358 -0.941668 -0.0544865 -0.332101 90.1908
-0.328879 0.0270973 0.943983 141.151 -0.0419362 0.998182 -0.0432634 -3.86416 -0.94344 -0.0538156 -0.327145 89.9885
-0.325158 0.0263039 0.945293 141.752 -0.0429444 0.99817 -0.042547 -3.87948 -0.944683 -0.0544298 -0.323433 89.7946
-0.322113 0.0250456 0.946369 142.342 -0.0427514 0.998244 -0.0409696 -3.92168 -0.945735 -0.0536556 -0.320477 89.6066
-0.318256 0.0240554 0.947699 142.962 -0.0409356 0.998396 -0.0390892 -3.94915 -0.94712 -0.0512351 -0.316761 89.3983
-0.315482 0.0228279 0.948656 143.581 -0.0394238 0.998531 -0.0371386 -3.99657 -0.948112 -0.0491163 -0.314119 89.2039
-0.311879 0.022256 0.94986 144.197 -0.0400923 0.998526 -0.0365602 -4.02708 -0.949275 -0.0494846 -0.310527 89.0074
-0.308606 0.0225161 0.950923 144.795 -0.041845 0.99843 -0.037221 -4.06047 -0.950268 -0.0512781 -0.307179 88.8175
-0.30512 0.0249915 0.951985 145.369 -0.0411302 0.998376 -0.0393919 -4.10646 -0.951425 -0.0511748 -0.303597 88.6326
-0.2996 0.026479 0.953697 145.955 -0.0396531 0.998405 -0.040177 -4.1427 -0.95324 -0.0498542 -0.298072 88.4324
-0.29401 0.0279679 0.955392 146.508 -0.041858 0.998235 -0.0421033 -4.16969 -0.954884 -0.0523698 -0.292321 88.2673
