1 0 0 0 0 1 0 0 0 0 1 0
-0.977508 -0.208035 -0.0346432 -0.119565 -0.205933 0.906079 0.36961 0.264073 -0.0455024 0.368431 -0.928541 -0.784586
0.999988 -0.00374297 -0.0031224 -0.0252142 0.00375301 0.999988 0.00322309 -0.0355309 0.0031103 -0.00323474 0.99999 1.15182
-0.972476 -0.230078 -0.0367988 -0.170102 -0.225778 0.891477 0.3928 0.672499 -0.0575695 0.390297 -0.918887 -1.77735
0.99977 0.00175524 -0.0213778 -0.102319 -0.00131868 0.999791 0.0204192 0.0356489 0.0214092 -0.0203862 0.999563 2.31067
-0.978849 -0.20367 -0.0193361 -0.166507 -0.197373 0.915238 0.351259 0.971924 -0.0538436 0.347645 -0.936079 -2.84064
0.9996 -0.0179429 -0.0218501 -0.105069 0.0174198 0.999563 -0.0238977 -0.13522 0.0222694 0.0235076 0.999475 3.42978
-0.992723 -0.120269 0.00597188 -0.0791415 -0.116558 0.972184 0.203157 0.76358 -0.0302392 0.200983 -0.979128 -4.07038
0.993552 -0.112683 -0.0124917 -0.0836844 0.108343 0.976145 -0.188157 -0.916816 0.0333957 0.18559 0.98206 4.46839
0.919711 -0.0662201 0.386971 2.10608 0.152372 0.968614 -0.196389 -1.69867 -0.361821 0.239585 0.900935 9.15934
-0.600462 -0.723903 -0.339718 0.633281 -0.229634 0.563037 -0.793888 -2.95828 0.765972 -0.398689 -0.504315 8.68924
0.218294 0.196028 0.955992 2.61245 -0.227469 0.962855 -0.145495 -2.89572 -0.949002 -0.185698 0.254775 8.15047
0.319831 -0.592769 -0.739143 2.04663 0.149527 0.801922 -0.578414 -3.55707 0.935601 0.074473 0.345115 10.2747
-0.618648 0.363653 0.696442 1.68857 -0.345157 0.670515 -0.656716 -5.44693 -0.705792 -0.646658 -0.289295 7.99792
0.859401 -0.213341 -0.464667 2.98258 0.0699497 0.949304 -0.306479 -5.70567 0.506495 0.230885 0.830756 10.6315
-0.962068 -0.00805764 0.27269 1.75922 -0.181273 0.765873 -0.61691 -7.02277 -0.203875 -0.642941 -0.738283 8.87766
0.999585 0.0272503 0.00935981 3.36413 -0.0251015 0.983083 -0.181432 -7.29296 -0.0141455 0.181121 0.983359 10.6165
-0.94755 -0.302082 -0.104381 1.70008 -0.082421 0.546502 -0.833392 -8.87479 0.308797 -0.781077 -0.542736 10.1118
0.880904 0.339594 0.329673 4.07467 -0.210681 0.905085 -0.36937 -9.91044 -0.423818 0.255924 0.868839 10.7361
-0.689113 -0.695381 -0.203882 2.05843 -0.0336081 0.311717 -0.94958 -11.5533 0.723874 -0.647516 -0.238179 11.966
0.631479 0.573405 0.521959 4.3244 -0.382245 0.815883 -0.433848 -12.9842 -0.674628 0.0744498 0.734394 11.8731
-0.364691 -0.902903 0.227521 3.6294 0.0430615 -0.260443 -0.964528 -14.1042 0.930132 -0.341958 0.133861 12.8927
0.564968 0.64958 0.50878 5.34083 -0.474627 0.760238 -0.443583 -14.2866 -0.674937 0.00912977 0.737819 12.4794
-0.362587 -0.911132 0.195883 4.12944 -0.00564882 -0.208034 -0.978105 -15.4507 0.931933 -0.355754 0.0702834 12.9052
0.694304 0.403268 0.596085 5.55827 -0.329487 0.914475 -0.23489 -14.1898 -0.639829 -0.0333176 0.767795 13.4148
-0.823427 -0.555259 -0.116857 4.3995 -0.208207 0.487244 -0.848082 -14.2867 0.527843 -0.674003 -0.516819 11.7038
0.962156 0.272402 0.00721132 4.37188 -0.221571 0.797471 -0.5612 -13.3507 -0.158623 0.538365 0.827649 14.2303
-0.911284 0.0183407 0.411371 5.42379 -0.266958 0.734312 -0.624114 -12.5538 -0.313521 -0.678564 -0.664271 12.0068
0.53642 -0.402774 -0.741638 2.75103 -0.104483 0.840314 -0.531936 -11.6802 0.837459 0.362829 0.408678 12.7568
-0.00301747 0.737561 0.675274 5.69769 -0.438761 0.605829 -0.663672 -11.3269 -0.898599 -0.298286 0.321785 13.9032
-0.500389 -0.777978 -0.379949 3.9078 -0.115285 0.494803 -0.861324 -12.2724 0.858091 -0.387195 -0.337283 11.0065
0.941712 0.316605 0.113755 3.07077 -0.209134 0.815786 -0.539218 -11.8143 -0.263519 0.483998 0.834449 14.9386
-0.874272 -0.000157822 0.485436 6.26166 -0.470479 0.246591 -0.847256 -12.9337 -0.119571 -0.96912 -0.215662 12.4919
0.580224 -0.62712 -0.519673 1.71019 0.0789963 0.678386 -0.730446 -14.4968 0.810617 0.382771 0.443156 12.9478
-0.0518962 0.832296 0.551897 5.60166 -0.787377 0.305836 -0.535259 -14.0962 -0.614284 -0.462329 0.639459 16.1871
-0.463654 -0.859544 -0.214965 4.40911 0.0921933 0.1945 -0.97656 -17.6181 0.881207 -0.472605 -0.0109366 13.3319
0.825281 0.54755 -0.138203 2.41686 -0.536597 0.684062 -0.494088 -17.524 -0.175999 0.481921 0.858357 18.607
-0.92814 -0.136448 0.34632 6.47843 -0.304258 -0.257883 -0.917019 -21.778 0.214435 -0.956493 0.197836 17.7327
0.792232 -0.439717 -0.423104 1.0133 0.0472241 0.735463 -0.675917 -24.9977 0.60839 0.515503 0.603422 20.2425
-0.49697 0.72253 0.480595 6.59428 -0.804095 -0.175197 -0.5681 -26.2833 -0.326271 -0.668773 0.66805 24.5779
0.350761 -0.904307 -0.243303 2.24782 0.203029 0.327065 -0.922934 -33.6568 0.914192 0.274331 0.298322 23.8337
-0.348188 0.920017 0.179817 6.28292 -0.835784 -0.2178 -0.504012 -34.8112 -0.424536 -0.325779 0.84477 31.8552
0.293692 -0.928271 -0.228161 1.85672 0.241942 0.303101 -0.921734 -43.1225 0.924775 0.215504 0.313606 31.0279
-0.180702 0.966595 0.181772 5.91478 -0.861931 -0.0666141 -0.50263 -43.8411 -0.473732 -0.247501 0.845176 40.5754
-0.0803895 -0.983889 -0.159684 3.12868 0.297885 0.129167 -0.945823 -54.0927 0.951211 -0.123602 0.282702 38.3208
0.127167 0.991331 -0.0330331 3.75897 -0.867296 0.094973 -0.488649 -54.5898 -0.481276 0.0907896 0.871855 49.9966
-0.289387 -0.953489 -0.0843496 2.64477 0.352043 -0.0240725 -0.935674 -65.5905 0.890124 -0.300466 0.342636 49.3799
0.385307 0.920439 -0.0658079 1.52829 -0.853196 0.328172 -0.405413 -65.9748 -0.351562 0.212356 0.911762 61.2737
-0.654102 -0.756189 -0.0181209 2.94444 0.239485 -0.184311 -0.953245 -77.8635 0.717494 -0.627859 0.301654 60.4513
0.735277 0.649401 -0.194025 -1.1459 -0.62422 0.537323 -0.567126 -81.0397 -0.264039 0.53811 0.800451 71.6386
-0.779811 -0.545704 0.306761 2.98069 -0.0928484 -0.38378 -0.918745 -90.9077 0.619092 -0.74493 0.248608 71.6977
0.786321 0.397811 -0.4727 -2.466 -0.605525 0.344369 -0.71746 -95.5739 -0.122631 0.850386 0.511669 77.467
-0.904373 -0.24099 0.352184 3.19354 -0.219004 -0.446217 -0.867714 -103.566 0.36626 -0.861867 0.350769 78.5602
0.859431 -0.0611784 -0.507579 -4.44521 -0.430883 0.447683 -0.78353 -108.885 0.27517 0.892097 0.358392 82.2097
-0.857988 0.385302 0.339705 2.5837 -0.498293 -0.463703 -0.732587 -115.399 -0.124745 -0.797824 0.589844 87.3875
0.599377 -0.648746 -0.468909 -5.17987 -0.287422 0.372303 -0.882484 -123.284 0.747085 0.663715 0.0366858 86.5473
-0.435668 0.87956 0.191227 -0.673048 -0.808909 -0.289407 -0.51177 -127.416 -0.394791 -0.377647 0.83757 96.0282
0.137947 -0.987998 0.0694996 -1.09733 0.00670056 -0.0692379 -0.997577 -138.328 0.990417 0.138078 -0.00293128 94.4253
0.308505 0.915525 -0.258145 -3.36576 -0.72677 0.0517758 -0.684926 -144.099 -0.613701 0.398916 0.68135 102.917
-0.676838 -0.643965 0.35665 0.904428 -0.181312 -0.323731 -0.928614 -153.898 0.713454 -0.693186 0.102355 101.787
0.894397 -0.158901 -0.418096 -6.47469 -0.387162 0.193019 -0.901581 -162.724 0.223963 0.968243 0.111115 104.124
0.101793 0.926766 -0.361585 -8.42384 -0.735123 -0.174812 -0.655007 -168.813 -0.670248 0.332484 0.663492 114.208
-0.724285 0.689106 0.0233145 -4.00897 -0.60922 -0.623753 -0.489676 -174.282 -0.322897 -0.368869 0.871592 122.517
-0.889335 -0.116085 0.442275 2.93519 -0.191948 -0.78311 -0.591518 -181.951 0.415017 -0.610952 0.674165 126.769
-0.438857 -0.567063 0.697025 9.66648 -0.0364639 -0.763838 -0.644377 -190.27 0.897817 -0.308206 0.314538 126.621
0.156351 -0.757086 0.63433 14.5918 0.0152602 -0.6403 -0.767973 -199.708 0.987584 0.129753 -0.0885584 122.847
0.640906 -0.70708 0.298794 14.6215 -0.0986621 -0.461898 -0.881428 -209.911 0.761252 0.535433 -0.365795 117.255
0.916201 -0.366741 -0.161483 9.03167 -0.291201 -0.332511 -0.897016 -220.122 0.275278 0.868871 -0.411443 112.696
0.870752 -0.1702 -0.461327 0.337278 -0.489636 -0.386455 -0.781607 -228.539 -0.0452526 0.906468 -0.419843 108.964
0.440634 -0.0811956 -0.894007 -12.1723 -0.765757 -0.553714 -0.327133 -231.003 -0.468463 0.828739 -0.306161 107.668
-0.264678 -0.108941 -0.958164 -23.2061 -0.639018 -0.724321 0.258872 -226.443 -0.72222 0.680801 0.122097 112.531
-0.824574 -0.276091 -0.493814 -26.0322 -0.0813818 -0.80588 0.586458 -219.515 -0.559871 0.523765 0.642039 123.325
-0.805363 -0.540968 0.242373 -20.2842 0.591722 -0.709207 0.383263 -217.482 -0.0354402 0.452083 0.891271 135.31
-0.172857 -0.629596 0.757449 -9.47968 0.815244 -0.523006 -0.248679 -224.394 0.552719 0.574519 0.60368 141.922
0.497094 -0.633725 0.592698 -3.3776 0.232951 -0.560524 -0.794699 -236.536 0.835842 0.533109 -0.131006 137.546
0.730426 -0.676606 -0.0931762 -7.73962 -0.595269 -0.563773 -0.572551 -242.717 0.334861 0.473671 -0.814558 125.417
0.167299 -0.776863 -0.607038 -17.3522 -0.849699 -0.425886 0.310856 -235.164 -0.500022 0.463794 -0.73135 117.643
-0.517464 -0.791952 -0.324104 -20.1772 -0.0665133 -0.340385 0.93793 -221.789 -0.853116 0.506903 0.123462 123.437
-0.492199 -0.754619 0.433924 -12.6745 0.860071 -0.344716 0.376096 -220.45 -0.134229 0.55832 0.818695 135.256
0.234951 -0.735138 0.635902 -5.31727 0.56855 -0.426687 -0.703341 -233.024 0.788384 0.526793 0.317711 136.315
0.618221 -0.785789 -0.0184157 -9.36857 -0.558694 -0.422832 -0.713494 -240.577 0.552868 0.451385 -0.70042 123.202
0.0466266 -0.837028 -0.54517 -17.26 -0.861807 -0.309666 0.401739 -229.915 -0.505088 0.4511 -0.735796 116.148
-0.592502 -0.801669 -0.079174 -14.5755 0.278152 -0.295831 0.913846 -219.196 -0.756025 0.519433 0.398267 126.038
-0.178185 -0.762914 0.62146 -5.84146 0.886448 -0.398618 -0.235187 -227.076 0.427153 0.508985 0.747312 132.574
0.554172 -0.810271 0.190669 -6.97921 -0.300247 -0.408214 -0.862098 -235.306 0.776366 0.420503 -0.469502 122.226
-0.0195929 -0.825841 -0.563563 -12.9869 -0.747678 -0.362118 0.556639 -223.911 -0.663772 0.43227 -0.610368 119.015
-0.597484 -0.796423 0.0934007 -7.55895 0.677721 -0.439277 0.589687 -220.665 -0.428611 0.415627 0.802213 131.46
0.232742 -0.802018 0.550089 -1.61373 0.384797 -0.443524 -0.809455 -233.579 0.893176 0.400067 0.205387 127.614
0.555347 -0.813108 -0.174485 -8.19936 -0.7776 -0.433331 -0.455589 -232.929 0.294833 0.38869 -0.872922 113.368
-0.158459 -0.795182 -0.585301 -14.356 -0.609702 -0.387466 0.691471 -217.328 -0.77663 0.466428 -0.423427 115.235
-0.650522 -0.748998 0.12579 -5.71745 0.619461 -0.427431 0.658461 -214.292 -0.439419 0.506265 0.742029 129.896
0.0247393 -0.770221 0.637296 3.82354 0.63005 -0.482934 -0.608121 -230.255 0.776161 0.416573 0.47333 128.476
0.662653 -0.74891 -0.00495307 -2.92626 -0.620525 -0.545327 -0.563531 -231.854 0.419333 0.376498 -0.826081 112.412
-0.0588177 -0.779186 -0.624027 -11.2159 -0.455294 -0.535369 0.711398 -217.158 -0.888396 0.325958 -0.323269 116.022
-0.637278 -0.74854 0.183205 -2.18195 0.76167 -0.575655 0.297456 -220.55 -0.117194 0.329104 0.936993 130.166
0.295207 -0.739253 0.605275 3.01226 0.12735 -0.597411 -0.791759 -232.982 0.946908 0.310814 -0.0822169 118.797
0.48362 -0.753556 -0.445269 -9.6903 -0.795679 -0.590466 0.135071 -221.398 -0.3647 0.288968 -0.88515 109.58
-0.573869 -0.763014 -0.297463 -7.09442 0.364482 -0.563232 0.741567 -214.049 -0.733367 0.317142 0.601327 128.712
-0.167609 -0.747761 0.642465 5.97332 0.635383 -0.580215 -0.509547 -231.025 0.753788 0.322806 0.572363 128.536
0.640455 -0.753083 0.15061 0.0261927 -0.543457 -0.582971 -0.603985 -234.109 0.542652 0.304975 -0.782636 107.914
0.160119 -0.746725 -0.645572 -13.5044 -0.610798 -0.588718 0.529468 -216.676 -0.775427 0.309536 -0.550363 108.697
-0.610613 -0.759054 -0.225807 -9.01781 0.496703 -0.589161 0.637319 -212.147 -0.616795 0.276996 0.736775 130.542
-0.217664 -0.766144 0.604686 5.58499 0.635263 -0.581555 -0.508167 -230.764 0.740988 0.273525 0.613286 131.675
0.609212 -0.749797 0.258197 2.08779 -0.487566 -0.610934 -0.62373 -235.776 0.625412 0.254094 -0.737764 108.699
0.246295 -0.764733 -0.595418 -11.9575 -0.596381 -0.603847 0.528865 -217.631 -0.763982 0.224839 -0.604796 108.24
-0.582919 -0.791502 -0.183657 -6.72534 0.584321 -0.565412 0.582131 -214.94 -0.5646 0.23202 0.792082 131.02
-0.102519 -0.770365 0.629308 6.58215 0.533515 -0.576533 -0.618846 -233.245 0.839554 0.272301 0.470106 127.855
0.597562 -0.801816 0.00336762 -1.56567 -0.71241 -0.53285 -0.456664 -230.788 0.367954 0.270485 -0.889633 106.57
0.0105961 -0.803897 -0.594675 -11.3439 -0.42558 -0.541782 0.724812 -212.347 -0.904859 0.245401 -0.347863 113.066
-0.604263 -0.796785 8.44141e-05 -2.28164 0.725815 -0.550397 0.412619 -215.468 -0.328721 0.249391 0.910904 133.763
-0.00852939 -0.808047 0.589056 7.94236 0.374919 -0.548689 -0.747245 -233.505 0.927018 0.214474 0.307632 124.964
0.554184 -0.832249 -0.0155504 -0.681809 -0.782408 -0.514438 -0.350984 -227.727 0.284106 0.206676 -0.936252 103.976
-0.034896 -0.844427 -0.534532 -9.92133 -0.342217 -0.492427 0.800252 -207.614 -0.938973 0.210851 -0.271793 113.689
-0.563343 -0.824675 0.0505521 -0.323503 0.789957 -0.519678 0.325425 -213.948 -0.242099 0.223259 0.944215 134.545
-0.0312681 -0.848869 0.527677 9.73215 0.293906 -0.512404 -0.806883 -233.027 0.955323 0.129857 0.265509 123.829
0.472352 -0.881325 0.0122841 2.24931 -0.831752 -0.450308 -0.324669 -224.873 0.291669 0.14314 -0.945748 101.725
0.00905437 -0.877114 -0.480198 -6.18071 -0.357198 -0.451371 0.817724 -203.962 -0.933985 0.164121 -0.317389 112.147
-0.482619 -0.872699 -0.0739938 1.33096 0.768379 -0.46244 0.442428 -209.083 -0.420324 0.156669 0.893746 135.982
-0.108726 -0.86317 0.493068 12.8225 0.501441 -0.475902 -0.722547 -231.405 0.858333 0.168685 0.484571 129.619
0.507445 -0.844704 0.17022 6.84229 -0.682297 -0.514536 -0.519348 -228.175 0.526279 0.1474 -0.837438 104.021
0.138874 -0.848658 -0.510386 -5.07882 -0.450202 -0.513147 0.730751 -205.825 -0.882061 0.128294 -0.45333 112.048
-0.523657 -0.846755 -0.0937514 3.26869 0.775363 -0.519294 0.359367 -213.69 -0.35298 0.115493 0.928475 135.558
-0.0187943 -0.849791 0.526785 13.1999 0.245966 -0.514615 -0.821384 -232.872 0.969096 0.114133 0.218691 121.467
0.514436 -0.857514 -0.00507404 4.09542 -0.833336 -0.498518 -0.238809 -222.219 0.202252 0.12708 -0.971053 100.166
-0.0990217 -0.854313 -0.510239 -3.30371 -0.0787134 -0.504428 0.859858 -204.971 -0.991967 0.125307 -0.017296 117.262
-0.484727 -0.852888 0.193963 8.71766 0.85321 -0.50988 -0.109797 -221.344 0.192543 0.112269 0.974845 132.303
0.243845 -0.866629 0.43531 12.7831 -0.228873 -0.487605 -0.842531 -232.753 0.94242 0.105815 -0.317249 110.812
0.419349 -0.865599 -0.27365 1.11086 -0.782712 -0.497444 0.374045 -213.121 -0.459899 0.0573335 -0.886118 101.324
-0.319885 -0.890993 -0.322188 0.115415 0.514404 -0.448896 0.730671 -207.188 -0.795652 0.067995 0.601926 125.48
-0.197459 -0.883161 0.425484 11.1761 0.559037 -0.457983 -0.691179 -228.86 0.805287 0.101381 0.584152 123.874
0.47189 -0.876047 0.099311 5.57161 -0.82483 -0.478451 -0.301231 -221.53 0.311407 0.0602327 -0.948366 100.93
-0.0368667 -0.87061 -0.49059 -2.68364 -0.09334 -0.485778 0.869084 -204.646 -0.994951 0.0778316 -0.0633532 115.052
-0.491682 -0.85889 0.143377 7.47965 0.850621 -0.508966 -0.131899 -220.516 0.186261 0.0571069 0.980839 129.095
0.185034 -0.866463 0.463687 12.4863 -0.280336 -0.498767 -0.820148 -230.47 0.941899 0.021767 -0.33519 107.991
0.424088 -0.88659 -0.184682 2.12703 -0.805407 -0.462478 0.370719 -210.95 -0.414088 -0.00847326 -0.910197 98.6292
-0.312886 -0.871498 -0.377617 0.281521 0.490691 -0.488732 0.721362 -206.164 -0.813218 0.0404099 0.580554 122.369
-0.305549 -0.847482 0.434067 13.0417 0.585641 -0.526711 -0.616116 -227.154 0.750776 0.0659533 0.657256 122.192
0.484973 -0.847799 0.214564 8.59567 -0.759052 -0.529919 -0.378186 -221.371 0.434327 0.0205441 -0.900521 98.4001
0.0347829 -0.868793 -0.493952 -1.043 -0.105308 -0.494686 0.862668 -204.166 -0.993831 0.0220104 -0.108697 113.388
-0.458879 -0.861532 0.21724 10.5507 0.837205 -0.501137 -0.218972 -222.552 0.297519 0.0813924 0.95124 125.819
0.413748 -0.843505 0.342508 9.6776 -0.573281 -0.533659 -0.621737 -224.281 0.70722 0.0608893 -0.704366 100.705
0.0254969 -0.835796 -0.548448 -1.28091 -0.294316 -0.530586 0.794894 -204.092 -0.955368 0.141149 -0.259516 112.281
-0.574838 -0.783896 0.23467 13.1311 0.744282 -0.620066 -0.248118 -221.46 0.34001 0.0320322 0.939876 124.723
0.4678 -0.832538 0.296724 10.7763 -0.690597 -0.553824 -0.465139 -218.444 0.551578 0.0126752 -0.834027 98.3887
-0.162471 -0.80445 -0.57137 2.01866 0.0442448 -0.584421 0.810243 -203.006 -0.985721 0.10636 0.130544 118.446
-0.368788 -0.779068 0.506999 18.8135 0.494146 -0.626306 -0.602959 -224.416 0.787283 0.0281675 0.615948 116.888
0.636333 -0.768463 -0.0674181 5.86554 -0.755892 -0.638587 0.144338 -208.216 -0.153971 -0.0408869 -0.987229 99.6773
-0.524904 -0.800712 -0.28868 8.65056 0.688795 -0.598846 0.408588 -212.177 -0.500036 0.0156278 0.865863 126.425
0.247209 -0.757181 0.60462 16.9576 -0.280937 -0.653194 -0.703144 -222.948 0.927341 0.00396257 -0.374196 102.015
0.0399109 -0.768036 -0.639163 1.56249 -0.158078 -0.63647 0.754928 -203.669 -0.986619 0.0709072 -0.146811 116.211
-0.418373 -0.744772 0.519884 20.791 0.435485 -0.666788 -0.604769 -225.9 0.797068 -0.0266179 0.603302 115.879
0.637316 -0.750078 -0.176667 4.35397 -0.685058 -0.656461 0.315837 -205.895 -0.352878 -0.0802613 -0.93222 99.9937
-0.618731 -0.775079 -0.12816 12.3446 0.767352 -0.63122 0.112836 -217.753 -0.168353 -0.0285289 0.985313 127.386
0.496604 -0.744991 0.445391 13.9295 -0.615578 -0.664052 -0.424379 -217.535 0.611921 -0.0634255 -0.788371 95.8399
-0.285837 -0.717308 -0.635426 2.35369 0.304464 -0.696712 0.649533 -206.818 -0.908624 -0.00780428 0.417541 123.968
-0.00148078 -0.701635 0.712536 20.7143 -0.0304426 -0.712174 -0.701342 -224.96 0.999535 -0.0227305 -0.0203055 104.802
0.282312 -0.730095 -0.622304 -1.87113 -0.228814 -0.681215 0.695406 -201.927 -0.931635 -0.0539296 -0.35937 112.543
-0.479621 -0.706744 0.520074 21.7853 0.532862 -0.705481 -0.467283 -225.371 0.697152 0.0530084 0.71496 119.426
0.642284 -0.727543 -0.241149 2.38871 -0.686003 -0.685994 0.242512 -205.227 -0.341865 0.00966685 -0.939699 99.715
-0.692472 -0.721437 0.00347382 16.0796 0.718399 -0.689099 0.0951054 -216.729 -0.0662182 0.0683528 0.995461 129.727
0.618628 -0.713966 0.327953 12.4599 -0.62251 -0.700074 -0.349823 -213.833 0.479352 0.0122562 -0.877536 94.85
-0.472165 -0.6677 -0.575533 5.90725 0.384104 -0.74349 0.547436 -206.374 -0.793425 0.0374156 0.607516 128.489
0.127854 -0.695442 0.707117 23.1995 -0.163376 -0.717997 -0.676601 -222.23 0.978244 -0.0290205 -0.205417 102.245
0.0610052 -0.668694 -0.741031 0.916906 -0.0577072 -0.743535 0.666202 -202.313 -0.996467 0.00212043 -0.0839474 120.566
-0.30467 -0.673551 0.673429 25.7021 0.233615 -0.738291 -0.632732 -224.666 0.923364 -0.0354521 0.382285 112.504
0.428579 -0.688926 -0.584553 0.40519 -0.493968 -0.720393 0.486856 -200.938 -0.756516 0.0800935 -0.649052 109.719
-0.573092 -0.709241 0.41054 23.5041 0.647387 -0.698982 -0.30383 -222.697 0.502449 0.0916555 0.859734 123.605
0.846812 -0.530465 -0.038947 5.22084 -0.510774 -0.831436 0.218686 -206.332 -0.148387 -0.165293 -0.975017 99.4082
-0.673787 -0.721199 -0.160881 14.3695 0.711819 -0.691929 0.120611 -217.424 -0.198302 -0.0332524 0.979576 130.618
0.674755 -0.50183 0.541177 15.6909 -0.429205 -0.86333 -0.265413 -216.132 0.600406 -0.0531877 -0.797924 96.534
-0.206606 -0.766011 -0.608721 3.17641 0.54807 -0.605983 0.576544 -211.324 -0.810513 -0.214505 0.545028 127.405
0.343686 -0.267108 0.900297 21.3322 0.270914 -0.889734 -0.367394 -227.151 0.899158 0.37017 -0.233426 102.78
0.569101 -0.598474 -0.563873 -6.19461 0.490113 -0.303733 0.817028 -214.189 -0.660236 -0.741333 0.120466 119.48
0.276196 -0.224073 0.934616 14.0313 0.755146 -0.550955 -0.355249 -239.188 0.594534 0.80389 0.0170362 108.167
0.67072 -0.429514 -0.604693 -15.5986 0.341695 -0.54467 0.765884 -225.248 -0.658315 -0.720315 -0.218557 115.148
0.0815398 -0.463804 0.882178 6.98507 0.845083 -0.437072 -0.307901 -250.677 0.528381 0.770618 0.356314 114.491
0.855114 -0.138911 -0.499485 -24.4556 0.33552 -0.586191 0.737432 -236.887 -0.395231 -0.798175 -0.454652 109.608
-0.460485 -0.741617 0.48781 -1.79208 0.622532 -0.661552 -0.418093 -261.065 0.632777 0.111152 0.766314 118.111
0.990138 0.0591143 -0.127017 -25.2715 0.126665 -0.765134 0.631288 -246.19 -0.0598668 -0.641151 -0.765075 97.9812
-0.0813668 -0.951841 0.2956 -15.5095 0.967658 -0.146497 -0.205365 -271.559 0.23878 0.26933 0.932976 119.279
0.955818 0.277473 0.097066 -32.057 0.191568 -0.838402 0.510278 -261.373 0.222969 -0.469138 -0.854513 90.9481
-0.0435196 -0.994624 0.0939711 -28.7418 0.997665 -0.0482213 -0.0483491 -282.785 0.0526214 0.0916476 0.9944 117.396
0.93008 0.199193 0.308666 -38.8689 0.0973046 -0.943799 0.31587 -276.115 0.354238 -0.263751 -0.89719 85.2186
-0.153356 -0.963258 -0.220492 -41.9206 0.968506 -0.190808 0.159962 -290.689 -0.196155 -0.189016 0.962182 114.474
0.617856 0.606893 0.499936 -40.7664 0.517875 -0.792521 0.322048 -292.332 0.591659 0.0599244 -0.803958 82.8522
-0.157405 -0.876249 -0.455425 -49.6204 0.938334 -0.276458 0.207601 -304.874 -0.307815 -0.394663 0.865731 110.999
0.568856 0.428479 0.702004 -42.1306 0.429855 -0.882597 0.190383 -308.241 0.701162 0.193459 -0.686254 79.5436
0.0686017 -0.795568 -0.601968 -58.7993 0.921965 -0.179968 0.342916 -316.844 -0.381147 -0.578518 0.72114 105.083
0.310344 0.389432 0.867196 -42.4147 0.590445 -0.793905 0.145217 -324.349 0.745025 0.466963 -0.476322 78.7842
0.294411 -0.599741 -0.744066 -67.1812 0.895292 -0.0992836 0.434273 -330.186 -0.334324 -0.794011 0.507713 98.1513
0.174355 -0.0116434 0.984614 -44.6062 0.411485 -0.907574 -0.0835973 -340.442 0.894584 0.419729 -0.153449 76.8179
0.530664 -0.333863 -0.779058 -76.1123 0.774734 -0.181743 0.605603 -339.405 -0.343776 -0.924935 0.162211 87.8813
-0.0436381 -0.334303 0.941455 -49.4645 0.488311 -0.829254 -0.271826 -356.692 0.871578 0.44786 0.19943 75.9881
0.749831 -0.0216556 -0.661276 -82.8069 0.649999 -0.162473 0.742363 -349.247 -0.123515 -0.986475 -0.10775 75.3728
-0.147708 -0.575394 0.804428 -57.6197 0.660845 -0.662554 -0.35257 -372.392 0.735844 0.479524 0.47811 73.8679
0.839399 0.232771 -0.491148 -88.8997 0.540336 -0.259789 0.800341 -360.733 0.0587018 -0.937191 -0.343841 62.6878
-0.0778415 -0.742313 0.665517 -67.8176 0.844373 -0.404009 -0.351867 -389.044 0.530071 0.534555 0.658237 70.9761
0.820707 0.456316 -0.343826 -95.5812 0.505631 -0.299861 0.808962 -375.767 0.266043 -0.83777 -0.476825 50.8117
0.204053 -0.737656 0.643605 -80.7405 0.940025 -0.0359271 -0.339208 -406.288 0.273342 0.674221 0.686083 65.7287
0.827251 0.475714 -0.298918 -107.262 0.500061 -0.380901 0.777723 -393.843 0.256116 -0.79285 -0.552986 43.6172
0.15638 -0.811879 0.562493 -94.034 0.942406 -0.0478274 -0.331032 -423.701 0.295661 0.581863 0.75764 59.8832
0.823627 0.516425 -0.234403 -118.353 0.492122 -0.445361 0.747976 -412.099 0.28188 -0.731408 -0.620955 35.4448
0.129827 -0.876 0.46451 -107.426 0.948768 -0.0263528 -0.314871 -441.692 0.288069 0.481591 0.827699 54.0127
0.831973 0.538012 -0.135515 -129.401 0.462297 -0.537191 0.705483 -430.368 0.306761 -0.649592 -0.695649 26.1965
0.113509 -0.924147 0.364787 -120.88 0.959138 0.00615013 -0.282869 -459.704 0.25917 0.381989 0.887082 47.6348
0.704516 0.701738 -0.105933 -139.612 0.552011 -0.448036 0.70324 -449.85 0.446029 -0.55392 -0.703015 15.7323
-0.0478998 -0.973913 0.221811 -131.564 0.958666 -0.10718 -0.263573 -479.568 0.280472 0.200017 0.938791 39.5008
0.761814 0.644642 0.0638481 -146.473 0.459354 -0.60707 0.648428 -469.009 0.456764 -0.464653 -0.758593 4.72786
0.0697198 -0.994609 0.0767641 -145.722 0.973636 0.0510914 -0.222308 -498.033 0.217189 0.0902398 0.971949 31.2534
0.758742 0.600188 0.253152 -154.44 0.393341 -0.731927 0.556385 -489.297 0.519225 -0.322579 -0.791422 -5.45038
0.273582 -0.961848 -0.00118777 -160.81 0.95765 0.272501 -0.0930011 -513.579 0.0897776 0.0243063 0.995665 24.2727
0.627865 0.722953 0.288316 -165.475 0.604826 -0.686343 0.403879 -514.506 0.489869 -0.079201 -0.868191 -14.6518
0.472687 -0.878739 -0.0662229 -178.721 0.876922 0.476467 -0.0631352 -536.399 0.0870331 -0.0282284 0.995805 16.3646
0.451403 0.867614 0.208523 -181.932 0.740221 -0.494591 0.455469 -538.605 0.498305 -0.0512476 -0.865485 -25.3512
0.403179 -0.91512 -0.00129267 -192.15 0.913548 0.402568 -0.0580438 -562.743 0.0536383 0.0222217 0.998313 8.63514
0.451568 0.866818 0.211455 -195.439 0.724118 -0.494504 0.480747 -563.701 0.521286 -0.0639719 -0.85098 -35.3167
0.39689 -0.917692 0.0179099 -205.245 0.916907 0.395507 -0.0534269 -588.864 0.0419467 0.0376268 0.998411 1.07745
0.4632 0.854717 0.234319 -207.972 0.687681 -0.513406 0.513331 -587.437 0.559054 -0.0766386 -0.825581 -44.9431
0.436207 -0.899739 0.0139128 -219.155 0.897855 0.434161 -0.0732095 -613.275 0.0598298 0.0444268 0.997219 -8.62948
0.453327 0.862443 0.225137 -221.942 0.685988 -0.498849 0.529688 -611.134 0.569135 -0.0856811 -0.817767 -54.6445
0.335778 -0.941926 -0.00538941 -231.273 0.93968 0.335362 -0.0673295 -637.858 0.0652276 0.0175439 0.997716 -18.3743
0.478161 0.844811 0.240119 -234.079 0.683465 -0.529625 0.502365 -636.675 0.551578 -0.0760988 -0.830645 -63.8453
0.357731 -0.933614 -0.0198426 -244.217 0.92943 0.358026 -0.0893076 -663.325 0.0904838 0.0135063 0.995806 -28.7334
0.502777 0.834179 0.226629 -248.086 0.69179 -0.545497 0.473137 -663.271 0.518307 -0.0811035 -0.85134 -73.8653
0.383232 -0.92363 0.00636682 -257.89 0.921498 0.381858 -0.0708886 -689.075 0.0630445 0.0330344 0.997464 -38.0169
0.497176 0.852729 0.16022 -264.147 0.738272 -0.512775 0.438196 -691.622 0.45582 -0.0995751 -0.884484 -82.8087
0.37409 -0.925871 0.0531084 -271.97 0.925171 0.36862 -0.0904232 -718.147 0.0641441 0.0829613 0.994486 -47.2866
0.327507 0.840094 0.432413 -263.665 0.199334 -0.508785 0.837498 -691.982 0.923583 -0.188092 -0.334089 -83.1854
0.373164 -0.927627 0.0160421 -273.221 0.924578 0.370394 -0.0892339 -719.405 0.0768347 0.0481315 0.995881 -47.1185
0.249817 0.914389 0.318565 -267.155 0.354377 -0.392509 0.848736 -696.339 0.901115 -0.0991369 -0.422094 -86.6613
0.370281 -0.928642 0.0227212 -276.115 0.920714 0.363656 -0.141557 -725.071 0.123194 0.0733363 0.989669 -52.4577
0.241081 0.933189 0.26653 -271.854 0.37384 -0.342731 0.861846 -702.184 0.895614 -0.108136 -0.431489 -91.8062
0.308739 -0.948842 0.0661784 -277.613 0.933929 0.289236 -0.210042 -733.667 0.180156 0.126654 0.97545 -60.0508
0.230119 0.960211 0.158243 -277.199 0.382128 -0.238703 0.892747 -710.164 0.894999 -0.14497 -0.421853 -98.653
0.245066 -0.960051 0.135072 -278.746 0.944644 0.205103 -0.256084 -743.522 0.218152 0.190352 0.957171 -68.5745
0.197815 0.980077 0.0178322 -282.758 0.399354 -0.0971901 0.91163 -719.783 0.895202 -0.173213 -0.410622 -106.721
0.142805 -0.970269 0.195411 -279.468 0.954178 0.082506 -0.287638 -754.892 0.262965 0.227534 0.937591 -78.3587
0.266548 0.959293 -0.0933228 -289.503 0.430924 -0.0320035 0.90182 -732.095 0.862124 -0.280593 -0.421912 -116.559
0.0532571 -0.951343 0.303496 -279.761 0.953065 -0.0422878 -0.299797 -768.008 0.298045 0.305217 0.90444 -90.0128
0.362064 0.912019 -0.192693 -295.989 0.451447 0.00929625 0.892249 -746.501 0.81554 -0.410043 -0.408361 -126.457
0.159709 -0.859394 0.485732 -282.347 0.948826 -0.00215675 -0.31579 -782.806 0.272436 0.51131 0.815071 -103.008
0.414182 0.863219 -0.288627 -303.477 0.435966 0.0902162 0.895429 -760.786 0.798992 -0.496702 -0.338968 -136.414
0.0565696 -0.857583 0.511226 -286.311 0.919266 -0.155048 -0.361815 -798.002 0.389552 0.49042 0.779575 -117.48
0.421525 0.824422 -0.377685 -310.685 0.44057 0.17785 0.879924 -776.896 0.7926 -0.537307 -0.288246 -148.46
-0.0088152 -0.796318 0.604814 -288.651 0.929011 -0.230288 -0.289663 -811.177 0.369947 0.559325 0.741819 -130.655
0.381112 0.755143 -0.533397 -317.289 0.449033 0.353132 0.820771 -792.674 0.80816 -0.552319 -0.204501 -158.503
-0.0743173 -0.686044 0.723754 -289.44 0.922903 -0.322262 -0.210704 -823.549 0.377793 0.652296 0.657102 -144.022
0.420562 0.6608 -0.621668 -322.406 0.487104 0.413621 0.769185 -807.745 0.765414 -0.626307 -0.147924 -168.828
-0.0284553 -0.57526 0.817476 -292.176 0.911918 -0.349872 -0.214462 -838.626 0.409384 0.739368 0.534545 -159.546
0.480351 0.552465 -0.681209 -329.655 0.495814 0.469627 0.730491 -824.108 0.723486 -0.688645 -0.0483334 -180.121
-0.158628 -0.504596 0.848658 -295.032 0.880125 -0.461804 -0.11007 -850.297 0.447456 0.729465 0.517363 -172.388
0.496037 0.477882 -0.724966 -333.635 0.488438 0.536732 0.688001 -837.449 0.717897 -0.695375 0.0328236 -189.382
-0.145448 -0.404674 0.90282 -297.444 0.872593 -0.482543 -0.0757135 -862.145 0.46629 0.776781 0.423301 -185.546
0.548283 0.380202 -0.744871 -337.705 0.529048 0.532118 0.661027 -851.386 0.647684 -0.756502 0.0906067 -198.547
-0.202127 -0.380829 0.902283 -300.217 0.812421 -0.579692 -0.062675 -874.005 0.546916 0.720365 0.426565 -196.577
0.588697 0.346125 -0.730503 -341.337 0.502299 0.551414 0.666061 -862.266 0.63335 -0.759038 0.150758 -207.137
-0.222992 -0.3475 0.910779 -302.612 0.783766 -0.619462 -0.0444555 -883.806 0.579643 0.703924 0.410494 -206.605
0.564655 0.32803 -0.757338 -344.112 0.492588 0.602317 0.628147 -873.094 0.66221 -0.727742 0.178518 -216.791
-0.128456 -0.325087 0.936919 -306.997 0.77779 -0.619142 -0.108187 -896.494 0.615257 0.714829 0.332382 -219.825
0.605127 0.301986 -0.736631 -348.762 0.480808 0.598846 0.640473 -884.843 0.634543 -0.741746 0.217181 -227.739
-0.205868 -0.340608 0.91739 -310.524 0.749424 -0.657711 -0.0760188 -906.234 0.629271 0.671864 0.390661 -228.904
0.589483 0.329678 -0.737443 -351.088 0.471555 0.600778 0.645523 -894.453 0.655855 -0.728269 0.198688 -237.847
-0.189225 -0.353148 0.916232 -314.024 0.733933 -0.670747 -0.106954 -915.753 0.652331 0.652214 0.386109 -239.479
0.645594 0.339473 -0.684081 -353.339 0.402682 0.609797 0.682637 -901.183 0.648888 -0.716173 0.256983 -245.87
-0.163787 -0.317372 0.93405 -316.437 0.773456 -0.629018 -0.0781011 -922.284 0.612323 0.709654 0.348499 -247.929
0.602777 0.269279 -0.751098 -356.909 0.531393 0.566725 0.629636 -912.235 0.595215 -0.778659 0.198517 -254.746
-0.217676 -0.235868 0.947092 -319.612 0.791788 -0.610055 0.0300505 -928.796 0.570692 0.756437 0.319552 -256.51
0.595424 0.188375 -0.781016 -359.759 0.534699 0.632645 0.560228 -921.883 0.599639 -0.751181 0.275969 -260.678
-0.255707 -0.156164 0.954058 -321.088 0.748335 -0.656759 0.0930681 -935.808 0.612053 0.737752 0.2848 -264.992
0.678174 0.0957055 -0.728643 -360.907 0.491413 0.678162 0.54645 -928.411 0.546437 -0.728652 0.412881 -263.16
-0.258729 -0.0477152 0.964771 -322.507 0.699902 -0.697616 0.153195 -938.84 0.665731 0.71488 0.213889 -271.029
0.641151 0.00765127 -0.767376 -362.92 0.526748 0.722806 0.44731 -935.705 0.558088 -0.691007 0.459398 -267.888
-0.322181 0.0158548 0.946545 -322.937 0.645672 -0.727531 0.231958 -942.254 0.69232 0.685889 0.22416 -276.058
0.634459 -0.0432802 -0.771744 -364.541 0.502023 0.782254 0.368849 -941.08 0.587737 -0.621452 0.518037 -271.367
-0.33206 0.0722966 0.940484 -325.029 0.469861 -0.851876 0.231381 -943.458 0.817904 0.518728 0.248905 -281.179
0.574858 -0.102159 -0.811851 -365.156 0.526469 0.805712 0.271397 -945.982 0.626394 -0.583428 0.516954 -277.224
-0.298309 0.146246 0.943199 -326.651 0.524528 -0.800477 0.290011 -947.471 0.797423 0.581246 0.16208 -289.373
0.549138 -0.199706 -0.81152 -366.019 0.572396 0.797398 0.191097 -953.965 0.608942 -0.569448 0.552194 -284.087
-0.310754 0.227604 0.922837 -328.531 0.50556 -0.782594 0.363256 -952.747 0.804886 0.579431 0.128127 -297.723
0.542041 -0.243005 -0.80445 -367.262 0.585956 0.795472 0.154526 -960.778 0.602368 -0.555131 0.573569 -291.69
-0.261048 0.261271 0.929296 -331.034 0.476493 -0.802348 0.359431 -959.067 0.839529 0.536631 0.0849583 -307.414
0.508018 -0.300972 -0.807052 -369.116 0.594362 0.80064 0.0755541 -970.093 0.62342 -0.518063 0.585626 -301.564
-0.217386 0.319213 0.922413 -333.351 0.429509 -0.81732 0.384068 -966.465 0.876508 0.479675 0.0405694 -320.022
0.447029 -0.351091 -0.822739 -370.567 0.641153 0.767125 0.0210068 -980.358 0.62377 -0.536892 0.56803 -314.708
-0.176177 0.377659 0.90903 -336.987 0.462171 -0.783622 0.41513 -976.397 0.869115 0.493262 -0.0364865 -335.003
0.456064 -0.421841 -0.783617 -372.618 0.63727 0.769422 -0.043309 -992.021 0.621203 -0.479623 0.619732 -327.826
-0.103865 0.440135 0.891904 -341.059 0.433044 -0.787279 0.438934 -986.555 0.895369 0.431822 -0.108827 -351.014
0.423118 -0.473469 -0.772528 -376.115 0.693073 0.718311 -0.0606407 -1004.22 0.583628 -0.509759 0.632079 -342.486
-0.0876797 0.442827 0.89231 -344.483 0.400983 -0.804293 0.438548 -997.974 0.91188 0.396252 -0.107045 -366.328
0.456333 -0.46674 -0.757571 -379.717 0.616207 0.779955 -0.10935 -1015.55 0.641911 -0.41692 0.643528 -358.677
-0.124681 0.477455 0.869765 -348.033 0.398826 -0.778551 0.484555 -1007.65 0.908511 0.407299 -0.0933499 -381.826
0.523292 -0.494252 -0.694176 -382.444 0.592104 0.796736 -0.120928 -1025.02 0.612845 -0.347742 0.709574 -371.398
-0.111862 0.526205 0.842968 -352.152 0.352886 -0.771967 0.528712 -1014.77 0.928956 0.356614 -0.099336 -395.229
0.505454 -0.533706 -0.677993 -385.546 0.60427 0.779846 -0.163392 -1033.68 0.615935 -0.327102 0.716679 -384.26
-0.070589 0.552907 0.830248 -356.743 0.32672 -0.773596 0.542957 -1022.23 0.942482 0.309584 -0.126037 -408.694
0.47995 -0.571144 -0.665915 -389.257 0.617159 0.75928 -0.206413 -1042.49 0.623509 -0.311907 0.716903 -397.044
-0.101094 0.608749 0.786896 -360.211 0.382508 -0.706367 0.595593 -1029.57 0.918405 0.361204 -0.16144 -422.011
0.508536 -0.628319 -0.588733 -391.33 0.620031 0.741653 -0.255952 -1052.16 0.597456 -0.234871 0.766734 -407.888
-0.0478542 0.670515 0.740351 -365.136 0.307908 -0.695201 0.649528 -1035.75 0.950212 0.259042 -0.173188 -433.924
0.518874 -0.703752 -0.485286 -392.369 0.672173 0.686616 -0.27702 -1059.8 0.52816 -0.182457 0.829311 -416.136
-0.101375 0.768297 0.632015 -368.781 0.227059 -0.600651 0.76659 -1037.7 0.968591 0.221217 -0.113557 -440.809
0.543632 -0.769224 -0.335795 -392.018 0.773164 0.614644 -0.156293 -1060.48 0.32662 -0.174658 0.928878 -414.938
-0.149027 0.787643 0.597837 -368.448 0.158091 -0.577833 0.800696 -1035.62 0.976114 0.213837 -0.0384055 -437.95
0.562346 -0.7821 -0.268488 -389.779 0.795107 0.600596 -0.0841819 -1056.84 0.227093 -0.166137 0.959597 -409.833
-0.114297 0.800724 0.588029 -367.743 0.140877 -0.572862 0.807454 -1032.04 0.983407 0.175128 -0.0473259 -433.843
0.540438 -0.803897 -0.248347 -388.365 0.81541 0.573192 -0.0809709 -1054.3 0.207444 -0.158744 0.965281 -404.968
-0.190194 0.837674 0.511984 -366.971 0.0789552 -0.506762 0.858462 -1026.1 0.978566 0.203697 0.0302458 -426.928
0.499308 -0.831292 -0.244224 -386.191 0.831986 0.5387 -0.132665 -1050.41 0.241848 -0.136949 0.960601 -399.543
-0.136082 0.865624 0.481847 -367.303 0.0741746 -0.476104 0.876254 -1021.69 0.987917 0.154982 0.000583128 -422.643
0.50324 -0.848861 -0.161816 -383.596 0.823324 0.527859 -0.208567 -1048.16 0.262462 -0.0282668 0.964528 -395.991
-0.0987329 0.886355 0.452356 -366.748 -0.00623784 -0.455119 0.890408 -1017.37 0.995094 0.08509 0.0504656 -417.286
0.460226 -0.883332 -0.0889751 -379.382 0.856437 0.468134 -0.217632 -1044.53 0.233895 0.0239589 0.971967 -389.766
-0.0531633 0.912161 0.406368 -365.305 -0.0426808 -0.408647 0.911693 -1012.47 0.997673 0.0311237 0.0606582 -410.631
0.373339 -0.923851 -0.0843637 -375.247 0.861342 0.378974 -0.338331 -1042.59 0.344541 0.0536471 0.937237 -386.903
-0.0319338 0.955848 0.292121 -365.837 -0.123758 -0.293801 0.94782 -1008.09 0.991798 -0.00588538 0.127678 -404.063
0.349148 -0.937065 -0.00228592 -372.326 0.879867 0.328673 -0.34323 -1038.53 0.322382 0.117828 0.939248 -380.077
0.0274098 0.962462 0.27003 -364.797 -0.123733 -0.264787 0.956335 -1003.3 0.991937 -0.0596251 0.111832 -397.797
0.256579 -0.963729 -0.0734389 -371.81 0.815403 0.256631 -0.5189 -1038.77 0.518927 0.0732571 0.851673 -379.941
0.0263477 0.969885 0.242133 -364.972 -0.137103 -0.236422 0.961928 -1001.9 0.990206 -0.0585423 0.126747 -397.502
0.169363 -0.981035 -0.0942748 -371.073 0.819999 0.193332 -0.538724 -1039.79 0.546735 0.013935 0.837189 -379.786
0.0192629 0.969473 0.244442 -363.806 -0.198488 -0.235912 0.951287 -1000.67 0.979913 -0.0668439 0.187886 -395.221
0.171517 -0.975743 -0.13604 -371.406 0.826686 0.217656 -0.518859 -1038.27 0.535885 -0.0234687 0.843964 -376.991
-0.0834009 0.97583 0.201989 -363.652 -0.211518 -0.215411 0.95334 -999.96 0.973808 0.0367845 0.224373 -390.79
0.12664 -0.972587 -0.195033 -372.375 0.841675 0.209403 -0.497727 -1037.25 0.524925 -0.101121 0.84512 -372.914
-0.0134048 0.930244 0.366698 -359.935 -0.240391 -0.358972 0.901859 -998.697 0.970583 -0.0760621 0.228435 -387.515
0.0217121 -0.794104 -0.607394 -381.571 0.8841 0.29891 -0.359192 -1033.18 0.466794 -0.529197 0.708557 -372.278
-0.336623 0.740735 0.581375 -352.752 -0.253709 -0.66592 0.701556 -1000.24 0.906816 0.0886585 0.412097 -379.535
0.197306 -0.354061 -0.914173 -391.38 0.875015 0.484093 0.00136364 -1022.85 0.442063 -0.800183 0.405323 -374.396
-0.595362 0.0703434 0.800373 -346.474 -0.391922 -0.895032 -0.21287 -1019.44 0.701385 -0.44042 0.560437 -370.279
0.711674 0.415035 -0.566804 -386.136 0.380454 0.450567 0.807615 -999.424 0.590572 -0.790401 0.162756 -377.612
-0.77737 -0.620684 0.102214 -361.721 0.367015 -0.579495 -0.727656 -1035.03 0.510878 -0.528145 0.678282 -364.077
0.352654 0.93238 0.0793884 -369.187 -0.292168 0.029114 0.955923 -991.418 0.888972 -0.360305 0.28268 -375.496
-0.414506 -0.669295 -0.616627 -380.895 0.796467 0.0609899 -0.601597 -1035.5 0.440256 -0.740489 0.50779 -366.376
-0.196687 0.752046 0.62908 -352.608 -0.526312 -0.622319 0.579408 -998.155 0.827229 -0.217131 0.518214 -368.001
0.0854016 -0.0214512 -0.996116 -392.817 0.870375 0.488197 0.0641076 -1019.04 0.484927 -0.872468 0.0603638 -376.743
-0.805115 0.0923692 0.585882 -349.526 -0.214124 -0.966447 -0.141879 -1017.22 0.553119 -0.239683 0.797879 -360.133
0.415225 0.652101 -0.634313 -385.727 0.481743 0.433856 0.761374 -1001.34 0.771695 -0.621717 -0.133996 -384.223
-0.893906 -0.448168 -0.00885198 -362.006 0.355583 -0.696938 -0.622765 -1033.26 0.272935 -0.559842 0.782357 -360.37
0.210322 0.976393 0.0492149 -367.227 -0.0642516 -0.0364264 0.997268 -993.631 0.975518 -0.21291 0.0550752 -382.959
-0.557623 -0.495552 -0.665947 -377.351 0.791902 -0.0770326 -0.605768 -1037.12 0.248891 -0.865155 0.435383 -371.27
-0.231026 0.772284 0.591781 -349.911 -0.376547 -0.631806 0.677519 -1000.1 0.897128 -0.06631 0.436766 -377.88
-0.0367321 0.0251429 -0.999009 -387.756 0.933839 0.35679 -0.0253568 -1026.66 0.355801 -0.933845 -0.0365849 -387.143
-0.771727 0.170269 0.612736 -343.378 -0.290489 -0.951483 -0.101463 -1021.1 0.565732 -0.256296 0.783747 -371.363
0.317506 0.642538 -0.697378 -380.485 0.512977 0.502144 0.696207 -1008.65 0.797524 -0.578788 -0.170173 -398.664
-0.903728 -0.423432 0.0630937 -352.051 0.290337 -0.714513 -0.636533 -1040.72 0.31461 -0.556936 0.768662 -375.875
0.195665 0.980652 -0.00612055 -359.573 -0.0128018 0.00879541 0.999878 -1000.51 0.980587 -0.195563 0.0142766 -402.437
-0.582527 -0.523809 -0.621519 -367.062 0.759869 -0.0795032 -0.645194 -1047.52 0.288548 -0.848117 0.444339 -391.256
-0.121978 0.694447 0.70913 -336.446 -0.412982 -0.685189 0.599966 -1010.52 0.902533 -0.219677 0.370373 -401.544
0.0591238 -0.0746223 -0.995458 -377.842 0.849598 0.527316 0.010931 -1035.02 0.524107 -0.846385 0.0945762 -411.006
-0.665679 0.0479743 0.744695 -329.88 -0.220745 -0.965929 -0.135095 -1032.5 0.712842 -0.25432 0.653588 -404.471
0.358715 0.546661 -0.756628 -370.936 0.483361 0.584653 0.651569 -1021.16 0.798553 -0.599451 -0.0545093 -427.843
-0.854451 -0.460178 0.241144 -336.637 0.161467 -0.676388 -0.718628 -1053.03 0.493805 -0.575097 0.652242 -414.672
0.294843 0.951522 -0.0876033 -350.248 -0.0516637 0.10742 0.99287 -1011.9 0.954148 -0.288215 0.0808326 -437.961
-0.56763 -0.674547 -0.471998 -351.775 0.65007 -0.0154396 -0.759717 -1061.59 0.505179 -0.73807 0.447266 -433.02
-0.120982 0.812977 0.569589 -326.564 -0.32823 -0.574289 0.74997 -1020.45 0.936818 -0.0962247 0.336323 -446.305
-0.105981 -0.259994 -0.959777 -362.314 0.733513 0.631235 -0.251992 -1053.45 0.671362 -0.730714 0.12381 -459.538
-0.60227 0.15395 0.783308 -312.466 -0.280936 -0.959333 -0.0274597 -1044.46 0.747225 -0.236599 0.621027 -455.621
0.298647 0.474146 -0.828249 -356.277 0.41538 0.716762 0.560098 -1035.01 0.859226 -0.511309 0.017109 -479.348
-0.805352 -0.505141 0.310228 -318.813 0.177006 -0.704371 -0.687408 -1067.2 0.565754 -0.498694 0.656678 -468.094
0.22671 0.96555 -0.127739 -332.491 -0.0859091 0.150468 0.984874 -1024.57 0.970166 -0.212307 0.117064 -491.345
