1 0 0 0 0 1 0 0 0 0 1 0
0.999997 -0.00102482 -0.00235219 -0.0110993 0.00102366 0.999999 -0.000494064 -0.0198077 0.00235269 0.000491655 0.999997 0.572129
0.999996 -0.0011714 -0.00253202 -0.0164504 0.00116966 0.999999 -0.000687477 -0.0219269 0.00253283 0.000684513 0.999997 1.12467
0.99999 -0.00114964 -0.00441609 -0.0231858 0.00113964 0.999997 -0.00226645 -0.0308434 0.00441868 0.00226139 0.999988 1.68427
0.999977 -0.00265775 -0.00621086 -0.026069 0.00264079 0.999993 -0.00273626 -0.0295327 0.00621809 0.00271979 0.999977 2.23806
0.999966 -0.00446295 -0.00697265 -0.0286348 0.00443827 0.999984 -0.00355095 -0.0395631 0.00698839 0.00351988 0.999969 2.79491
0.999951 -0.00439415 -0.00886785 -0.0354198 0.00436472 0.999985 -0.00333552 -0.042641 0.00888237 0.00329665 0.999955 3.36383
0.999952 -0.00286815 -0.00934117 -0.036446 0.00282355 0.999985 -0.00478493 -0.0763561 0.00935475 0.00475833 0.999945 3.9645
0.999946 -0.00226083 -0.0101345 -0.0555181 0.00220568 0.999983 -0.00544952 -0.0965648 0.0101466 0.00542688 0.999934 4.52913
0.99995 -0.000257087 -0.010003 -0.0587711 0.000173345 0.999965 -0.00837167 -0.130491 0.0100048 0.00836951 0.999915 5.11814
0.999939 0.000240196 -0.0110864 -0.0768925 -0.00036643 0.999935 -0.0113859 -0.13355 0.0110829 0.0113893 0.999874 5.7179
0.999935 0.000873753 -0.0113397 -0.0956669 -0.00104682 0.999883 -0.0152652 -0.152953 0.011325 0.015276 0.999819 6.32644
0.999938 0.00217559 -0.0109183 -0.0998675 -0.00234614 0.999875 -0.0156323 -0.179099 0.0108829 0.015657 0.999818 6.92744
0.999898 0.00437989 -0.0136114 -0.103791 -0.00450811 0.999946 -0.00940376 -0.178093 0.0135695 0.00946416 0.999863 7.60638
0.999885 0.00566284 -0.014062 -0.115278 -0.00566601 0.999984 -0.000185804 -0.185359 0.0140607 0.000265461 0.999901 8.28418
0.999854 0.00711405 -0.0155186 -0.137245 -0.00701982 0.999957 0.00611835 -0.200295 0.0155615 -0.00600852 0.999861 8.97089
0.999844 0.00724579 -0.0160972 -0.156725 -0.00717724 0.999965 0.00431187 -0.23423 0.0161279 -0.00419567 0.999861 9.6483
0.999813 0.0105879 -0.0161697 -0.160408 -0.010614 0.999942 -0.00153193 -0.247598 0.0161526 0.00170327 0.999868 10.3275
0.999784 0.0107698 -0.0177517 -0.177921 -0.0109222 0.999904 -0.0085148 -0.265056 0.0176583 0.00870686 0.999806 11.0712
0.99979 0.00930967 -0.0182328 -0.188826 -0.00944359 0.999929 -0.00727285 -0.276805 0.0181638 0.00744351 0.999807 11.7862
0.999793 0.00797501 -0.0187087 -0.212489 -0.00794891 0.999967 0.0014688 -0.281058 0.0187197 -0.00131978 0.999824 12.5666
0.999827 0.0071781 -0.0171677 -0.21568 -0.00706957 0.999955 0.00637407 -0.286455 0.0172127 -0.00625159 0.999832 13.3593
0.999832 0.00672672 -0.0170745 -0.231791 -0.00656847 0.999935 0.00930769 -0.281358 0.017136 -0.00919397 0.999811 14.1597
0.999844 0.00545892 -0.0168097 -0.249752 -0.00532514 0.999954 0.0079932 -0.306244 0.0168526 -0.00790243 0.999826 14.9779
0.999858 0.0069118 -0.0153979 -0.250683 -0.00682971 0.999962 0.00537708 -0.340626 0.0154345 -0.00527115 0.999867 15.7824
0.999841 0.00827338 -0.0157726 -0.271148 -0.00823757 0.999963 0.00233414 -0.314756 0.0157914 -0.00220384 0.999873 16.6441
0.480679 -0.669545 0.566266 0.209258 0.833356 0.147838 -0.532599 -0.552108 0.272883 0.72791 0.629032 17.153
-0.197679 0.0583344 0.97853 0.59602 0.350583 -0.927997 0.126145 -0.510481 0.915431 0.367992 0.162995 17.2136
0.121506 0.875876 0.466988 0.734133 -0.591887 -0.313742 0.742453 -0.205043 0.79681 -0.366616 0.480298 17.4754
0.880373 0.473986 -0.0167818 0.834285 -0.446091 0.839541 0.310118 -0.161624 0.16108 -0.265533 0.95055 18.0153
0.713867 -0.571534 0.404652 1.0275 0.689912 0.47492 -0.546326 -0.66693 0.120066 0.669178 0.733338 18.3679
-0.142741 -0.128803 0.981344 2.111 0.481548 -0.875273 -0.0448376 -0.499847 0.864718 0.466163 0.186962 18.2863
0.191656 0.831464 0.521476 2.45697 -0.648969 -0.291233 0.702868 0.437493 0.73628 -0.47313 0.483777 18.8349
0.968014 0.23621 0.084585 2.41726 -0.244298 0.964189 0.103244 0.279976 -0.0571687 -0.120605 0.991053 20.2666
0.55775 -0.583896 0.589899 3.56428 0.826629 0.326693 -0.45821 -0.524907 0.0748308 0.743194 0.664878 21.1983
-0.223724 0.00142485 0.974652 5.58268 0.44797 -0.887965 0.104126 -0.0514226 0.865604 0.45991 0.198021 21.6939
0.113637 0.840336 0.530021 6.55974 -0.638589 -0.346904 0.686922 1.32416 0.761111 -0.416525 0.497208 22.9088
0.113939 0.840015 0.530464 7.08204 -0.63855 -0.347126 0.686846 2.01122 0.761099 -0.416986 0.496841 23.3985
0.11341 0.839419 0.531521 7.60967 -0.639483 -0.347761 0.685656 2.7159 0.760395 -0.417658 0.497354 23.8992
0.113853 0.839127 0.531887 8.15077 -0.639097 -0.348036 0.685877 3.42072 0.760653 -0.418017 0.496658 24.3988
0.113909 0.838868 0.532283 8.71169 -0.640604 -0.347499 0.684742 4.12368 0.759375 -0.418981 0.497798 24.8978
0.112006 0.839621 0.531499 9.24255 -0.639243 -0.348625 0.685441 4.83274 0.760804 -0.41653 0.497673 25.4045
0.11336 0.839172 0.531921 9.79627 -0.639671 -0.348011 0.685354 5.54116 0.760244 -0.417946 0.497343 25.9122
0.113995 0.837323 0.534692 10.3483 -0.640335 -0.349569 0.683939 6.26878 0.759589 -0.420348 0.496318 26.4318
0.114193 0.835273 0.537848 10.8805 -0.639115 -0.352719 0.683463 7.0086 0.760586 -0.421793 0.493557 26.9495
0.114468 0.83359 0.540393 11.4329 -0.639801 -0.354274 0.682015 7.73885 0.759968 -0.423813 0.492779 27.4628
0.114544 0.832141 0.542606 12.0071 -0.639194 -0.356384 0.681485 8.46734 0.760467 -0.42489 0.491077 27.9798
0.113224 0.832086 0.542968 12.5692 -0.639547 -0.357182 0.680736 9.19888 0.760368 -0.424329 0.491716 28.4983
0.112831 0.832661 0.542167 13.1395 -0.639775 -0.356608 0.680822 9.93792 0.760235 -0.423683 0.492479 29.0091
0.113134 0.832088 0.542983 13.7118 -0.639461 -0.35729 0.68076 10.6744 0.760454 -0.424234 0.491666 29.5418
0.110585 0.831282 0.54474 14.279 -0.641492 -0.35894 0.677975 11.4292 0.759117 -0.42442 0.493567 30.0714
0.111057 0.828936 0.548208 14.8578 -0.641639 -0.361438 0.676508 12.1694 0.758924 -0.426882 0.491737 30.6099
0.108633 0.829428 0.54795 15.431 -0.6407 -0.363034 0.676543 12.9225 0.760067 -0.424567 0.491977 31.1576
0.106987 0.830937 0.545984 15.9894 -0.638896 -0.363301 0.678104 13.6612 0.761817 -0.421375 0.492013 31.6854
0.105098 0.831725 0.545149 16.5643 -0.638894 -0.363618 0.677936 14.3991 0.762082 -0.419542 0.493169 32.2155
0.104283 0.832373 0.544317 17.1493 -0.637714 -0.364016 0.678832 15.1679 0.763181 -0.417909 0.492855 32.7596
0.10459 0.830451 0.547185 17.727 -0.638131 -0.365965 0.677391 15.9216 0.762791 -0.420024 0.49166 33.3037
0.102397 0.828741 0.550185 18.3044 -0.637275 -0.370033 0.675986 16.688 0.763803 -0.419838 0.490245 33.8352
0.102307 0.828474 0.550603 18.8818 -0.637485 -0.370307 0.675638 17.4331 0.76364 -0.420123 0.490255 34.3934
0.101882 0.82787 0.55159 19.4656 -0.637494 -0.371328 0.675068 18.1708 0.763689 -0.420413 0.48993 34.9146
0.102766 0.828575 0.550367 20.043 -0.63784 -0.369677 0.675648 18.9159 0.763282 -0.420479 0.490507 35.4735
0.103498 0.82956 0.548743 20.6524 -0.637979 -0.367892 0.67649 19.6731 0.763066 -0.420102 0.491166 35.976
0.104625 0.83003 0.547818 21.245 -0.639364 -0.365782 0.676326 20.3949 0.761752 -0.421016 0.492421 36.5034
0.106811 0.830406 0.546825 21.8309 -0.639792 -0.363583 0.677107 21.1183 0.761089 -0.422176 0.492452 37.0513
0.107505 0.831969 0.544307 22.4145 -0.640983 -0.360504 0.677627 21.83 0.759989 -0.42174 0.494522 37.579
0.109657 0.831007 0.545347 22.971 -0.641765 -0.359774 0.677274 22.5229 0.75902 -0.424252 0.49386 38.0806
0.110119 0.827759 0.550172 23.5493 -0.643368 -0.36256 0.674261 23.2496 0.757595 -0.428212 0.492629 38.6081
0.111856 0.824899 0.554104 24.1403 -0.643404 -0.364827 0.673003 23.9828 0.75731 -0.431792 0.489935 39.1385
0.114979 0.823959 0.554863 24.7404 -0.643824 -0.363557 0.673288 24.7241 0.756485 -0.434648 0.488683 39.6689
0.115795 0.824526 0.553849 25.3202 -0.644765 -0.361757 0.673357 25.4511 0.755558 -0.435074 0.489736 40.1908
0.117686 0.825995 0.551256 25.9144 -0.645103 -0.358441 0.674805 26.1822 0.754978 -0.435032 0.490668 40.7221
0.11565 0.827461 0.549486 26.5082 -0.644969 -0.358155 0.675085 26.9135 0.755406 -0.432475 0.492266 41.2356
0.115097 0.829839 0.546004 27.0831 -0.644953 -0.355619 0.67644 27.6396 0.755505 -0.430003 0.494276 41.7512
0.112945 0.83024 0.545844 27.6813 -0.644669 -0.356797 0.67609 28.3859 0.756072 -0.42825 0.494931 42.2783
0.110214 0.829375 0.547714 28.2743 -0.642994 -0.360718 0.675605 29.1083 0.757899 -0.426638 0.493527 42.7961
0.108336 0.827142 0.551452 28.856 -0.640494 -0.366163 0.67505 29.8461 0.760283 -0.426334 0.490111 43.3215
0.107933 0.826102 0.553088 29.4345 -0.640038 -0.367966 0.674502 30.5599 0.760723 -0.426799 0.489021 43.8293
0.109264 0.824413 0.555342 30.0402 -0.639925 -0.369173 0.673949 31.2973 0.760629 -0.429016 0.487225 44.3572
0.1108 0.823539 0.556333 30.6246 -0.64039 -0.368917 0.673648 32.0315 0.760015 -0.430911 0.48651 44.8853
0.113561 0.820903 0.559663 31.213 -0.640478 -0.37015 0.672887 32.7761 0.759533 -0.434866 0.483736 45.4225
0.1159 0.820224 0.560179 31.791 -0.639614 -0.369849 0.673874 33.5011 0.759908 -0.4364 0.481761 45.9429
0.116656 0.819697 0.560793 32.3705 -0.640639 -0.369369 0.673164 34.2222 0.758929 -0.437794 0.482041 46.4556
-0.496123 0.842007 0.211867 32.846 -0.807405 -0.357667 -0.469224 32.4338 -0.319312 -0.403856 0.857286 48.8598
-0.49687 0.841735 0.211196 33.0603 -0.806882 -0.358499 -0.469489 31.9449 -0.319472 -0.403685 0.857307 49.784
-0.497585 0.840632 0.213886 33.2774 -0.806479 -0.357556 -0.470899 31.4486 -0.319377 -0.406807 0.855866 50.6968
-0.498034 0.839674 0.216591 33.4792 -0.806349 -0.356546 -0.471886 30.964 -0.319006 -0.409663 0.854641 51.5908
-0.49883 0.838236 0.220295 33.7038 -0.805817 -0.354973 -0.473976 30.4755 -0.319105 -0.413951 0.852535 52.5046
-0.499022 0.837684 0.221952 33.9294 -0.806267 -0.354913 -0.473255 29.9893 -0.317664 -0.415117 0.852506 53.4222
-0.499729 0.837686 0.220349 34.1567 -0.805857 -0.356354 -0.472871 29.5214 -0.317595 -0.413877 0.853134 54.2952
-0.500167 0.837291 0.220858 34.3852 -0.805932 -0.35683 -0.472383 29.0338 -0.316713 -0.414267 0.853273 55.1912
-0.500129 0.837173 0.221392 34.6031 -0.805908 -0.35644 -0.472719 28.5676 -0.316835 -0.414842 0.852949 56.0594
-0.497405 0.838312 0.22321 34.8167 -0.807392 -0.353223 -0.472601 28.0962 -0.317344 -0.415292 0.85254 56.9337
-0.496146 0.838531 0.22518 35.0229 -0.808123 -0.351163 -0.472887 27.6304 -0.317456 -0.416594 0.851863 57.8071
-0.494854 0.83887 0.226754 35.2406 -0.808476 -0.348786 -0.474041 27.1614 -0.318571 -0.417906 0.850803 58.6794
-0.493277 0.839104 0.229311 35.4382 -0.809909 -0.346847 -0.473018 26.7241 -0.317376 -0.419049 0.850688 59.4977
-0.492844 0.839101 0.230251 35.6223 -0.810315 -0.346201 -0.472794 26.3205 -0.317009 -0.41959 0.850558 60.256
-0.491263 0.839511 0.232128 35.8132 -0.812293 -0.34538 -0.469993 25.9122 -0.314392 -0.419445 0.8516 61.0244
-0.490164 0.839837 0.23327 35.9993 -0.814047 -0.345421 -0.466919 25.5268 -0.311559 -0.418759 0.852978 61.7664
-0.489871 0.83928 0.235872 36.1894 -0.814987 -0.3448 -0.465736 25.1319 -0.309555 -0.420384 0.852909 62.5173
-0.490172 0.837998 0.239775 36.3602 -0.81624 -0.344818 -0.463522 24.7477 -0.305752 -0.422919 0.853027 63.2732
-0.490631 0.837368 0.241033 36.5336 -0.81658 -0.345303 -0.462562 24.4083 -0.304105 -0.42377 0.853193 63.9404
-0.490643 0.836632 0.243551 36.7129 -0.817855 -0.345724 -0.459987 24.0495 -0.300638 -0.424879 0.85387 64.6464
-0.491445 0.835786 0.244834 36.8883 -0.81818 -0.346737 -0.458646 23.7047 -0.298437 -0.425718 0.854224 65.3219
-0.492398 0.834482 0.247355 37.0493 -0.818851 -0.347824 -0.456621 23.3925 -0.295006 -0.427386 0.854583 65.9438
-0.493645 0.83389 0.246866 37.2026 -0.818586 -0.349687 -0.455672 23.1182 -0.293655 -0.427021 0.85523 66.4991
-0.494341 0.833645 0.246302 37.3556 -0.819618 -0.352613 -0.451544 22.8236 -0.289578 -0.42509 0.85758 67.0819
-0.496009 0.833006 0.245106 37.506 -0.819804 -0.356219 -0.448364 22.5441 -0.286179 -0.423331 0.859588 67.6567
-0.496199 0.832692 0.245789 37.6531 -0.821096 -0.358084 -0.444498 22.2762 -0.282117 -0.422375 0.861399 68.2048
-0.497519 0.831894 0.245819 37.7982 -0.821152 -0.360313 -0.442589 22.0142 -0.279615 -0.422051 0.862373 68.7487
-0.498245 0.831261 0.24649 37.932 -0.820623 -0.360347 -0.44354 21.7793 -0.279876 -0.423267 0.861692 69.2356
-0.502187 0.828828 0.246683 38.074 -0.817991 -0.362748 -0.446437 21.5526 -0.280535 -0.425979 0.86014 69.724
-0.505658 0.826811 0.246362 38.2034 -0.815319 -0.364605 -0.449799 21.316 -0.282074 -0.428308 0.858479 70.205
-0.508037 0.825901 0.244513 38.3173 -0.81149 -0.363775 -0.457333 21.0876 -0.288764 -0.430761 0.85502 70.6452
-0.509803 0.825376 0.242604 38.432 -0.807722 -0.362155 -0.46522 20.8602 -0.296122 -0.433127 0.8513 71.0932
-0.511715 0.825641 0.237626 38.5419 -0.802438 -0.360463 -0.475563 20.6325 -0.306989 -0.434032 0.846979 71.5089
-0.513905 0.825907 0.231907 38.6309 -0.796552 -0.359065 -0.486393 20.4209 -0.318446 -0.434686 0.842401 71.8819
-0.51585 0.826915 0.223855 38.7255 -0.789607 -0.357584 -0.498654 20.1956 -0.332298 -0.433988 0.837396 72.2604
-0.518569 0.827908 0.213671 38.8024 -0.781352 -0.357358 -0.511649 19.9689 -0.347242 -0.432277 0.832201 72.6286
-0.522698 0.828799 0.199699 38.8774 -0.770325 -0.35881 -0.52712 19.7512 -0.365222 -0.429357 0.825993 72.9696
-0.526138 0.830183 0.184327 38.9422 -0.758134 -0.359709 -0.543915 19.5026 -0.385245 -0.425918 0.818645 73.3109
-0.529601 0.831219 0.169115 38.9881 -0.743682 -0.359099 -0.563902 19.2774 -0.407997 -0.424411 0.80834 73.63
-0.531736 0.833054 0.152578 39.0383 -0.7272 -0.356761 -0.586432 19.0336 -0.434095 -0.422781 0.795498 73.9409
-0.534711 0.834318 0.134161 39.0659 -0.708744 -0.356323 -0.608865 18.7865 -0.460182 -0.420653 0.781846 74.2301
-0.537406 0.835632 0.113642 39.0854 -0.68665 -0.355341 -0.634228 18.5385 -0.4896 -0.41887 0.764748 74.5076
-0.538462 0.837463 0.0933541 39.1046 -0.663383 -0.352985 -0.659792 18.2885 -0.519599 -0.417202 0.745626 74.7698
-0.541248 0.837897 0.0705699 39.1022 -0.635363 -0.352554 -0.687038 18.0244 -0.550787 -0.416695 0.723186 75.036
-0.543436 0.838123 0.0471975 39.1202 -0.605913 -0.352716 -0.713065 17.7512 -0.580988 -0.416102 0.699507 75.2817
0.443981 -0.84049 0.310577 40.7383 0.893168 0.387409 -0.228399 19.8394 0.0716468 0.378802 0.9227 74.7857
-0.552126 0.828507 -0.0934555 38.4483 -0.409049 -0.366841 -0.835528 17.7943 -0.726524 -0.423088 0.541441 74.2514
0.422342 -0.835534 0.351442 41.0508 0.906435 0.390301 -0.161376 19.6586 -0.00233261 0.386715 0.922196 75.5177
-0.532526 0.831433 -0.158543 38.1665 -0.295593 -0.358199 -0.885618 17.3712 -0.793121 -0.424751 0.436515 74.4794
0.383149 -0.819677 0.425826 41.3327 0.917183 0.392225 -0.0702608 19.7143 -0.109428 0.41748 0.902072 76.0062
-0.543588 0.815138 -0.200158 37.9702 -0.216576 -0.366606 -0.904818 16.8349 -0.81093 -0.448499 0.37582 74.8369
0.338533 -0.818242 0.464625 41.623 0.920136 0.391165 0.0184484 19.7406 -0.196839 0.421273 0.885315 76.6247
-0.531659 0.803276 -0.268491 37.8441 -0.114784 -0.382417 -0.916833 16.0944 -0.839144 -0.456624 0.295518 74.9875
0.327405 -0.817418 0.473957 41.7099 0.901388 0.420636 0.102789 19.6643 -0.283384 0.393566 0.874527 77.5527
-0.480465 0.81205 -0.331254 37.2204 0.0171811 -0.368918 -0.929304 15.3469 -0.876845 -0.452189 0.1633 74.9837
0.265904 -0.811425 0.520466 42.0296 0.886272 0.418167 0.199147 20.038 -0.379234 0.40832 0.830334 77.8024
-0.431258 0.79299 -0.430331 36.7106 0.130409 -0.417167 -0.899425 15.1462 -0.892753 -0.444003 0.0764928 74.8627
0.216786 -0.797912 0.562442 42.3066 0.857576 0.430939 0.280813 19.8935 -0.466441 0.42146 0.777691 78.2846
-0.376763 0.795734 -0.474192 36.4149 0.236657 -0.412238 -0.879804 14.7221 -0.895568 -0.443698 -0.0330004 74.6892
0.157032 -0.806458 0.570058 42.8614 0.820883 0.427508 0.378669 20.2811 -0.549084 0.408488 0.729139 78.8763
-0.321124 0.799974 -0.506875 35.9216 0.340303 -0.402001 -0.850053 13.8274 -0.883782 -0.445464 -0.143142 74.6982
0.104019 -0.799879 0.591079 43.2945 0.775784 0.437145 0.455044 20.808 -0.622366 0.411215 0.666004 79.1359
-0.264924 0.790262 -0.552541 35.324 0.42924 -0.416462 -0.801445 13.3639 -0.863462 -0.449495 -0.228881 74.3864
0.0432245 -0.795649 0.604214 43.4894 0.703107 0.453881 0.547388 21.0145 -0.709769 0.401166 0.579045 79.3938
-0.197994 0.791958 -0.577583 34.9 0.503118 -0.423595 -0.753286 12.7547 -0.841231 -0.439738 -0.314579 74.1321
-0.0106481 -0.793479 0.608505 43.964 0.663656 0.449582 0.59786 21.5469 -0.747961 0.410204 0.521809 79.7436
-0.126787 0.789826 -0.600084 34.6598 0.569612 -0.437303 -0.695924 12.9435 -0.812075 -0.430049 -0.39445 73.737
-0.0476263 -0.803319 0.593643 44.2384 0.643951 0.429633 0.633044 22.0578 -0.763583 0.412426 0.496835 80.2828
-0.100449 0.820891 -0.562182 34.3942 0.612047 -0.394496 -0.685399 11.8787 -0.784415 -0.41293 -0.462797 73.6645
-0.0306829 -0.827101 0.561217 44.4809 0.629189 0.420295 0.653815 22.3667 -0.776646 0.373172 0.507506 81.4683
-0.0777867 0.829674 -0.552803 33.9671 0.638743 -0.38426 -0.666598 11.2041 -0.765477 -0.404951 -0.500058 73.3692
-0.0433227 -0.826711 0.560957 45.0906 0.602327 0.426351 0.674854 22.9291 -0.797072 0.367116 0.479479 82.0756
-0.0534669 0.823439 -0.564881 33.7949 0.594245 -0.428381 -0.680708 10.7496 -0.802504 -0.372073 -0.46642 74.357
-0.105006 -0.817417 0.566396 45.6289 0.51228 0.443703 0.735322 24.292 -0.852374 0.367366 0.372155 81.3082
-0.161808 0.842039 -0.514577 34.0885 0.426299 -0.410639 -0.806006 8.24504 -0.889992 -0.349782 -0.292516 75.9488
-0.164867 -0.836308 0.522886 45.8535 0.433785 0.414634 0.799944 24.5328 -0.885804 0.358704 0.294418 81.8458
-0.217742 0.819788 -0.529657 33.1239 0.50643 -0.369007 -0.779335 8.50484 -0.834335 -0.437928 -0.334817 75.5158
-0.176583 -0.825236 0.536475 46.5895 0.436582 0.422823 0.794115 25.5447 -0.882164 0.374442 0.28562 81.6991
-0.11369 0.832973 -0.541508 32.3137 0.583586 -0.385113 -0.714924 8.22906 -0.804053 -0.397295 -0.442328 72.1307
-0.152341 -0.848074 0.507508 46.4838 0.439247 0.401902 0.803453 28.522 -0.885355 0.34532 0.311288 80.2477
-0.125789 0.840648 -0.526773 31.6431 0.594105 -0.361411 -0.718625 8.97621 -0.794491 -0.403353 -0.453971 69.1832
-0.238228 -0.825347 0.511909 46.696 0.494543 0.350544 0.795328 30.0304 -0.835867 0.44263 0.32466 78.4516
-0.169135 0.837671 -0.519329 32.3723 0.569448 -0.347016 -0.745191 10.046 -0.804438 -0.421768 -0.418318 68.8205
-0.227395 -0.830708 0.508149 47.6335 0.501914 0.347187 0.792177 31.3324 -0.83449 0.435184 0.337995 79.1659
-0.177049 0.826052 -0.535062 31.4372 0.596566 -0.342323 -0.725895 9.05177 -0.782791 -0.447719 -0.432187 68.2473
-0.277046 -0.818324 0.50358 48.1084 0.432784 0.361646 0.825779 32.8621 -0.857871 0.446719 0.253965 77.5178
-0.333546 0.771155 -0.54228 31.878 0.580383 -0.28532 -0.762724 9.78603 -0.742901 -0.569134 -0.352398 69.3357
-0.339259 -0.788085 0.51364 48.3349 0.513657 0.302239 0.803 32.065 -0.788073 0.536259 0.302268 78.5429
-0.350149 0.799063 -0.488769 33.7003 0.452534 -0.312559 -0.835177 8.00749 -0.820127 -0.51362 -0.252161 72.8199
-0.349087 -0.784949 0.511853 48.5972 0.508766 0.299946 0.806963 30.0125 -0.786953 0.542113 0.294649 80.5215
-0.38414 0.787591 -0.481806 34.1431 0.420172 -0.315547 -0.850815 7.54041 -0.822126 -0.529272 -0.20971 74.1879
-0.305852 -0.796015 0.522316 48.713 0.482162 0.343549 0.805912 29.9338 -0.820959 0.498331 0.278733 80.4466
-0.288608 0.846511 -0.447352 34.8511 0.270752 -0.376005 -0.886179 6.20651 -0.918367 -0.37688 -0.120677 76.1344
-0.228014 -0.839418 0.493342 49.1349 0.372932 0.392755 0.840634 29.2631 -0.899405 0.375659 0.223493 80.1346
-0.164699 0.865269 -0.47348 34.8105 0.264014 -0.423846 -0.866402 6.35402 -0.950352 -0.2677 -0.158636 74.182
-0.145825 -0.849846 0.506455 49.069 0.411272 0.413519 0.812317 28.5377 -0.899772 0.326746 0.289216 79.9249
-0.268466 0.848433 -0.456167 35.7095 0.214286 -0.409085 -0.886979 7.14272 -0.939152 -0.335874 -0.0719819 75.9905
-0.210683 -0.838284 0.502885 49.1368 0.389274 0.399941 0.829767 28.5728 -0.896704 0.370577 0.242061 79.8832
-0.149792 0.841405 -0.519231 35.5573 0.352389 -0.445235 -0.823157 8.97878 -0.923787 -0.306274 -0.229809 74.5898
-0.22455 -0.816898 0.531278 49.2582 0.441358 0.400813 0.80284 27.6299 -0.86878 0.414761 0.270542 79.95
-0.265044 0.813375 -0.517855 36.1175 0.422643 -0.384725 -0.820585 9.24552 -0.866673 -0.436359 -0.241799 74.5238
-0.29823 -0.791151 0.533985 48.9162 0.487178 0.354916 0.797931 26.8038 -0.820802 0.498112 0.279584 79.7261
-0.215007 0.826306 -0.520568 36.3223 0.381029 -0.419816 -0.823755 9.49613 -0.899215 -0.375464 -0.224583 74.7447
-0.208539 -0.821346 0.530945 48.1731 0.455651 0.398769 0.795843 26.1576 -0.865385 0.40789 0.291089 79.8275
-0.126165 0.850218 -0.51109 37.1058 0.30243 -0.457715 -0.836082 11.0898 -0.944784 -0.260053 -0.199384 75.5009
-0.160334 -0.837642 0.522158 47.5342 0.508419 0.383345 0.771075 24.8467 -0.846051 0.389104 0.36441 80.2804
-0.160419 0.843752 -0.5122 36.3589 0.373761 -0.428352 -0.822689 10.8168 -0.913546 -0.323416 -0.246646 75.4822
-0.169636 -0.834657 0.523997 47.4889 0.471556 0.398139 0.786842 24.7191 -0.865365 0.38057 0.326049 80.109
-0.15385 0.837966 -0.523587 36.1189 0.421194 -0.423724 -0.801906 11.6444 -0.893826 -0.343905 -0.287756 75.5883
-0.15275 -0.841897 0.517569 46.0526 0.468475 0.399448 0.788018 23.4341 -0.87017 0.362838 0.333392 79.8236
-0.0642153 0.856705 -0.511794 36.2434 0.406245 -0.445993 -0.797531 12.6967 -0.911504 -0.259128 -0.319393 75.8189
-0.166837 -0.838845 0.518174 45.7501 0.450833 0.402484 0.796716 22.9085 -0.876877 0.366532 0.31103 79.547
-0.204143 0.835707 -0.509824 36.4244 0.443224 -0.38545 -0.809309 11.2799 -0.872855 -0.391181 -0.291718 75.6155
-0.152109 -0.847494 0.508545 46.4329 0.436969 0.403849 0.803719 24.1677 -0.886521 0.344471 0.3089 80.0831
-0.146131 0.838455 -0.525014 36.4557 0.5376 -0.3782 -0.753625 10.9918 -0.83044 -0.392375 -0.395487 74.3158
-0.14912 -0.843687 0.51571 46.8395 0.4429 0.40931 0.797687 24.6348 -0.884082 0.347359 0.312633 80.3226
-0.175197 0.84038 -0.512902 35.6933 0.452399 -0.393985 -0.800069 10.412 -0.874436 -0.372206 -0.311162 75.1844
-0.165318 -0.842943 0.511974 46.7195 0.447869 0.398337 0.800463 24.8333 -0.878682 0.361628 0.311676 80.5025
-0.0492705 0.883345 -0.466126 36.601 0.402601 -0.409533 -0.818655 10.6289 -0.914048 -0.227998 -0.335458 75.1149
-0.0597137 -0.879401 0.472323 45.5573 0.349053 0.424901 0.835238 23.1103 -0.935198 0.214741 0.281585 79.6067
-0.151245 0.867988 -0.472994 37.6211 0.39375 -0.385997 -0.834247 11.7494 -0.906689 -0.312417 -0.28339 76.0225
-0.0670869 -0.867521 0.492856 46.6176 0.330442 0.446773 0.831386 24.7448 -0.941438 0.218636 0.256693 80.3536
-0.119698 0.851153 -0.511089 36.9053 0.394916 -0.431491 -0.811084 10.5942 -0.910885 -0.298922 -0.284485 76.1011
-0.059465 -0.8595 0.507665 47.4692 0.349057 0.458555 0.817243 25.5632 -0.935212 0.225801 0.272747 81.1183
-0.157805 0.842759 -0.51464 36.2544 0.398514 -0.422491 -0.814057 9.40783 -0.903483 -0.333554 -0.26918 75.8845
-0.0681794 -0.863403 0.499887 47.8082 0.344079 0.449962 0.824102 26.8183 -0.936461 0.228187 0.266401 81.4099
-0.164141 0.863182 -0.477468 35.9407 0.39816 -0.384877 -0.83267 8.08904 -0.90251 -0.326783 -0.28051 75.2392
-0.132948 -0.872541 0.470103 48.4477 0.348292 0.402932 0.846368 28.4588 -0.927909 0.276256 0.250331 81.2335
-0.207945 0.860715 -0.464681 35.1482 0.377769 -0.367536 -0.849828 7.27772 -0.902246 -0.35226 -0.248724 75.1743
-0.100154 -0.868226 0.485956 48.8912 0.463971 0.391304 0.794741 27.7079 -0.88017 0.305066 0.363641 82.4794
-0.210268 0.862177 -0.46091 34.5722 0.361499 -0.369468 -0.856044 6.29504 -0.908352 -0.346617 -0.233989 74.9284
-0.116968 -0.865906 0.486339 49.7883 0.457824 0.38755 0.800126 28.8214 -0.881313 0.316247 0.351102 82.4382
-0.297016 0.837131 -0.45934 33.6506 0.388471 -0.333504 -0.858991 5.08679 -0.872278 -0.433574 -0.226146 75.0784
-0.0342716 -0.875792 0.481471 49.5568 0.473931 0.4099 0.77934 28.9859 -0.879893 0.254893 0.401017 84.4338
-0.39565 0.80634 -0.439632 34.3402 0.422473 -0.265243 -0.866697 4.76717 -0.81546 -0.528641 -0.235714 76.0117
-0.0664827 -0.866467 0.494788 49.8074 0.503111 0.399122 0.766539 29.0148 -0.86166 0.299894 0.409394 85.2747
-0.362342 0.806358 -0.467436 34.1231 0.438852 -0.294843 -0.848809 4.51082 -0.822262 -0.512694 -0.247038 75.9439
-0.138376 -0.85062 0.507245 49.7221 0.511948 0.377 0.771868 28.9807 -0.847797 0.366491 0.383305 85.4304
-0.370097 0.797429 -0.476587 33.7815 0.481594 -0.274008 -0.832458 3.97246 -0.794414 -0.537611 -0.282628 75.6982
-0.0777854 -0.866714 0.492704 50.0157 0.428616 0.417125 0.801433 29.4 -0.900131 0.27352 0.339042 85.1239
-0.328087 0.814357 -0.47873 34.5048 0.480239 -0.292618 -0.826889 4.52674 -0.813466 -0.501196 -0.295081 75.7732
-0.199743 -0.852395 0.483246 50.4739 0.495311 0.337697 0.800392 29.6948 -0.845439 0.399229 0.354748 85.1883
-0.321489 0.825724 -0.463493 34.8001 0.459862 -0.291734 -0.838701 5.26894 -0.82775 -0.482775 -0.28593 76.5141
-0.115334 -0.873018 0.473854 50.1062 0.446765 0.380473 0.809717 28.948 -0.887185 0.305089 0.346152 85.7541
-0.261925 0.848088 -0.46059 34.6959 0.480214 -0.299445 -0.824456 4.63593 -0.837131 -0.437127 -0.328831 76.0762
-0.201364 -0.870056 0.44995 49.6237 0.406696 0.343629 0.846474 29.9113 -0.891094 0.353442 0.284653 83.7059
-0.225137 0.849807 -0.476594 33.8916 0.44646 -0.344797 -0.825705 5.77641 -0.866017 -0.398677 -0.301778 74.2552
-0.189289 -0.862888 0.468609 48.9982 0.401611 0.367459 0.838858 31.2393 -0.896033 0.346985 0.27699 81.3132
-0.228009 0.851052 -0.472993 33.4968 0.444009 -0.341454 -0.828412 7.18784 -0.866525 -0.398898 -0.30002 71.8132
-0.0244256 -0.895728 0.443932 47.8417 0.321371 0.413458 0.851923 32.694 -0.946637 0.163476 0.277762 78.9902
-0.23727 0.875821 -0.420286 34.2705 0.461441 -0.279105 -0.842124 8.32557 -0.854853 -0.393748 -0.337917 68.5387
-0.198316 -0.888344 0.414146 47.4766 0.393856 0.314695 0.863623 33.5125 -0.897522 0.334384 0.287471 76.41
-0.277648 0.859766 -0.42862 33.4582 0.526491 -0.237015 -0.816475 9.00846 -0.803565 -0.452357 -0.386852 65.9793
-0.0286669 -0.901877 0.431041 46.9932 0.38548 0.387888 0.837226 33.407 -0.92227 0.190158 0.336536 76.531
-0.253096 0.861746 -0.4397 33.1516 0.520345 -0.261901 -0.812803 9.0267 -0.815587 -0.434513 -0.382119 66.0507
0.00972923 -0.897176 0.441567 46.7177 0.410228 0.406298 0.816477 32.3078 -0.91193 0.1732 0.372 76.7271
-0.0413822 0.894098 -0.445956 33.3651 0.448544 -0.382209 -0.807914 9.96084 -0.892801 -0.233464 -0.385225 66.358
-0.0108383 -0.89249 0.450937 47.5751 0.415792 0.406106 0.813754 33.2965 -0.909394 0.196316 0.366688 77.1339
-0.10582 0.889519 -0.444476 33.6588 0.465657 -0.350618 -0.812546 9.45186 -0.878615 -0.292957 -0.377108 66.3637
0.0282794 -0.89741 0.440291 46.957 0.451869 0.40437 0.795173 33.1515 -0.891635 0.176467 0.416947 78.1402
-0.0106806 0.904056 -0.427281 33.6583 0.496253 -0.366177 -0.787177 10.3919 -0.868111 -0.220447 -0.444729 65.7466
0.191669 -0.879843 0.434903 47.862 0.346763 0.475247 0.808639 33.7495 -0.91816 -0.00418267 0.396186 78.0183
0.121463 0.89752 -0.423916 35.0538 0.406171 -0.434627 -0.803819 11.1233 -0.905688 -0.0745484 -0.417338 66.5607
0.261692 -0.866523 0.425036 47.08 0.314577 0.492912 0.81122 33.2838 -0.912446 -0.0785828 0.40158 78.0126
0.160333 0.894626 -0.417059 34.4252 0.440686 -0.442955 -0.78076 11.923 -0.883226 -0.0586108 -0.46527 66.0854
0.373858 -0.82164 0.430277 46.4522 0.244517 0.534819 0.808814 32.0892 -0.894673 -0.197171 0.400851 77.3048
0.310024 0.851294 -0.423302 34.3141 0.373765 -0.518523 -0.769048 12.0402 -0.874176 0.0802079 -0.478938 65.6188
0.379282 -0.797817 0.468651 47.1574 0.206229 0.566645 0.797737 32.3597 -0.902005 -0.205917 0.379451 77.0783
0.261866 0.856178 -0.445406 33.7201 0.384447 -0.515853 -0.765569 10.9177 -0.885226 0.0292418 -0.464239 65.0035
0.334275 -0.808967 0.483563 46.6507 0.192523 0.560869 0.805209 31.5853 -0.922602 -0.176063 0.343229 75.7386
0.276457 0.850695 -0.44709 33.7084 0.362106 -0.523141 -0.771494 11.3242 -0.890196 0.0513912 -0.452667 65.119
0.266455 -0.852227 0.450236 45.4444 0.319016 0.518773 0.793161 30.695 -0.909521 -0.067709 0.410104 76.3098
0.245163 0.873673 -0.420229 34.513 0.385238 -0.485557 -0.784746 11.9187 -0.889655 0.0305023 -0.455612 65.8203
0.235692 -0.877841 0.416948 45.0399 0.353016 0.477063 0.804855 30.7838 -0.905443 -0.0425085 0.422332 76.5983
0.267028 0.884717 -0.382063 34.8656 0.474291 -0.46577 -0.747065 12.7624 -0.838894 0.0182777 -0.543987 65.0362
0.215102 -0.871242 0.441213 45.568 0.304515 0.4891 0.817345 30.7229 -0.927901 -0.0414562 0.370512 75.3537
0.179724 0.886482 -0.426437 34.569 0.388296 -0.462225 -0.797229 11.789 -0.903838 -0.0223032 -0.42729 65.8483
0.140012 -0.877657 0.458383 45.974 0.214554 0.478836 0.851283 30.92 -0.966624 -0.0208419 0.255348 73.702
0.128174 0.887564 -0.442495 35.4101 0.388013 -0.455488 -0.801234 13.3335 -0.912697 -0.0689964 -0.402768 66.5807
0.140979 -0.885579 0.442578 45.6718 0.345161 0.462959 0.816415 30.1355 -0.927894 0.0376631 0.370935 74.7412
0.112283 0.899884 -0.421429 35.0377 0.439183 -0.42538 -0.791309 12.2511 -0.891353 -0.0962339 -0.442976 65.5012
0.103293 -0.892001 0.440075 46.356 0.314948 0.449007 0.836183 31.7032 -0.943471 0.052229 0.327313 74.7688
0.0996063 0.907144 -0.408864 34.6369 0.475307 -0.404373 -0.781388 11.1116 -0.874163 -0.116505 -0.471449 64.4773
0.0778855 -0.900035 0.428802 46.8419 0.245802 0.434166 0.866649 32.966 -0.966185 0.0379011 0.255046 73.4629
0.0840294 0.904322 -0.4185 35.1341 0.400222 -0.415249 -0.81694 11.7757 -0.912557 -0.0988462 -0.396823 65.8003
0.0822299 -0.897174 0.433957 46.3327 0.216368 0.441117 0.870977 32.1087 -0.972842 0.022274 0.230392 73.3604
0.138695 0.897217 -0.419245 34.2086 0.390678 -0.438573 -0.809336 11.1173 -0.910018 -0.0515391 -0.41135 64.9933
0.0930463 -0.887996 0.450341 46.8364 0.152745 0.459679 0.874851 33.0342 -0.983875 -0.0126142 0.178408 73.2394
0.161596 0.892858 -0.420349 33.6913 0.399008 -0.448691 -0.799669 10.4127 -0.902595 -0.0384995 -0.428763 64.6822
0.110276 -0.890585 0.441247 46.484 0.198506 0.454744 0.868219 32.77 -0.973875 -0.00815372 0.226934 73.913
0.173148 0.89212 -0.417303 33.9774 0.399838 -0.450887 -0.798017 11.0785 -0.900082 -0.0286791 -0.434773 64.8784
0.0839724 -0.893923 0.440285 46.6391 0.238107 0.447046 0.862239 32.2627 -0.967601 0.0324307 0.250389 73.8237
0.169912 0.894339 -0.41387 34.6068 0.365946 -0.447208 -0.816143 12.4736 -0.914993 -0.0127817 -0.403266 66.1548
0.147527 -0.898704 0.412998 45.4444 0.273319 0.43835 0.85624 31.8209 -0.950542 -0.0134377 0.310301 74.671
0.0910616 0.914285 -0.394705 35.5487 0.312147 -0.402582 -0.860519 12.9799 -0.945659 -0.0448458 -0.322051 67.6151
0.247267 -0.887151 0.389645 45.5719 0.264032 0.448604 0.853839 30.9383 -0.932279 -0.108247 0.345161 74.7861
-0.0220547 0.910965 -0.411894 35.7146 0.274379 -0.390659 -0.878694 13.0951 -0.961368 -0.132394 -0.241334 68.5863
0.14558 -0.897515 0.416261 45.6075 0.238711 0.440178 0.865599 30.5837 -0.960116 -0.0266471 0.278328 73.9452
-0.0676701 0.90755 -0.414457 35.901 0.281129 -0.381232 -0.880698 13.0689 -0.95728 -0.176113 -0.22934 68.8291
0.0965253 -0.91098 0.400999 44.817 0.19495 0.41238 0.889909 29.3718 -0.976051 -0.00772366 0.217401 72.9668
0.0495045 0.921157 -0.386031 35.6447 0.203935 -0.387684 -0.898951 13.0605 -0.977731 -0.0342234 -0.207049 68.8759
0.131264 -0.911265 0.390343 44.117 0.162832 0.40822 0.898244 28.0714 -0.977882 -0.0543464 0.201968 72.4824
0.0409856 0.925292 -0.377035 35.7603 0.21498 -0.37668 -0.901053 12.5961 -0.975757 -0.0441251 -0.214358 68.733
0.137653 -0.914138 0.38132 43.2035 0.160258 0.400467 0.902188 26.1859 -0.977429 -0.0630795 0.201623 72.0412
0.00441108 0.92442 -0.381353 35.9 0.227325 -0.372298 -0.899843 13.0943 -0.973808 -0.0827217 -0.211786 68.9326
0.0876976 -0.920169 0.381574 42.1139 0.317219 0.388905 0.864942 25.0051 -0.944288 0.0451893 0.326001 72.5514
0.0239756 0.929499 -0.368046 35.1431 0.369344 -0.35034 -0.860725 13.613 -0.928983 -0.115299 -0.351704 67.9723
0.0761911 -0.923357 0.376309 42.2406 0.318696 0.38016 0.868281 25.3794 -0.944789 0.053773 0.323235 72.6975
-0.00576759 0.919019 -0.394172 35.4746 0.396831 -0.359708 -0.844473 14.7796 -0.917872 -0.16129 -0.362621 68.3786
0.0319073 -0.925582 0.3772 42.8079 0.333394 0.365634 0.869 26.9042 -0.942247 0.098029 0.32025 73.2436
0.00264432 0.930951 -0.365136 35.4663 0.4005 -0.33556 -0.852643 14.3241 -0.916292 -0.143982 -0.373733 68.1358
0.00884459 -0.935028 0.354466 43.1 0.341757 0.33596 0.877686 28.1809 -0.939746 0.113378 0.322523 73.7218
0.0425835 0.937245 -0.346062 35.54 0.376776 -0.335866 -0.863269 14.0441 -0.925324 -0.093627 -0.367434 68.0792
0.0259414 -0.937912 0.345903 42.7133 0.330486 0.334609 0.882505 27.8759 -0.943453 0.091423 0.318647 73.5793
0.0349577 0.938167 -0.344415 35.9422 0.440794 -0.323767 -0.837184 14.9035 -0.896927 -0.12255 -0.424856 67.9172
0.0514575 -0.935138 0.350528 42.6203 0.38263 0.34267 0.858005 26.8882 -0.922467 0.0899719 0.375445 73.6588
0.122073 0.929327 -0.348497 35.7302 0.493219 -0.3615 -0.791235 14.4955 -0.861297 -0.0752967 -0.502491 66.8529
0.138521 -0.942125 0.305309 41.7861 0.420305 0.335065 0.843253 27.6877 -0.896746 0.0115147 0.442393 74.5688
0.0295615 0.956376 -0.290641 36.0821 0.601822 -0.249188 -0.75876 16.0085 -0.798082 -0.152484 -0.582934 66.929
0.1445 -0.946144 0.289709 41.3847 0.526033 0.321434 0.787381 26.8911 -0.838098 0.0386207 0.54415 75.0028
0.0879588 0.951678 -0.294233 35.4095 0.634931 -0.281161 -0.719591 15.8539 -0.767545 -0.123523 -0.62898 66.1031
0.138003 -0.941793 0.306566 41.3915 0.558363 0.32963 0.761298 26.9529 -0.818037 0.0661139 0.571352 75.3008
0.11277 0.939874 -0.322369 35.5264 0.60309 -0.322586 -0.729535 17.3903 -0.789661 -0.112147 -0.603205 67.4958
0.0874803 -0.935378 0.342661 41.3097 0.530779 0.334851 0.778555 26.3979 -0.842982 0.113769 0.525772 74.3606
0.0393115 0.954863 -0.294437 35.7963 0.589134 -0.26015 -0.765012 16.1306 -0.807078 -0.143389 -0.572768 67
0.248019 -0.920816 0.300974 40.1563 0.467298 0.385863 0.795451 25.2134 -0.848598 -0.0566421 0.525996 73.5921
0.0637935 0.957673 -0.280704 35.312 0.595197 -0.262286 -0.75957 15.0141 -0.801043 -0.118618 -0.586736 66.1699
0.262531 -0.922312 0.283581 40.4788 0.455822 0.377572 0.806018 26.3917 -0.850472 -0.082342 0.519535 74.4874
0.06981 0.963682 -0.257769 35.0508 0.615238 -0.244995 -0.749306 13.9074 -0.785243 -0.106281 -0.609996 65.2528
0.253594 -0.930303 0.265005 40.4898 0.439837 0.354899 0.824979 27.1436 -0.861529 -0.0926501 0.499182 74.8479
0.218863 0.947117 -0.23467 36.3017 0.594301 -0.320135 -0.737781 14.5063 -0.773889 0.022008 -0.632937 65.7447
0.312775 -0.902922 0.294796 41.0449 0.394116 0.40576 0.824641 26.4926 -0.864201 -0.141743 0.482767 74.5424
0.244704 0.945864 -0.213221 36.1333 0.601372 -0.320556 -0.731845 13.854 -0.760573 0.0508598 -0.647256 65.1314
0.277461 -0.930155 0.240477 40.2913 0.392253 0.338168 0.855442 27.05 -0.877013 -0.143023 0.458684 74.4327
0.162781 0.968249 -0.189731 35.5861 0.612938 -0.249925 -0.749563 13.1084 -0.773181 0.00572142 -0.634159 64.6835
0.216685 -0.952031 0.216068 40.5158 0.412789 0.289916 0.863455 27.2125 -0.884676 -0.0979066 0.455808 74.4563
0.0771546 0.979263 -0.187329 36.2252 0.638759 -0.192815 -0.744856 14.1041 -0.765529 -0.0621891 -0.640388 65.2809
0.168513 -0.959007 0.227838 41.1724 0.413814 0.278616 0.866678 28.4387 -0.894628 -0.0517641 0.443801 75.0349
0.134865 0.973904 -0.182549 36.2114 0.614995 -0.226724 -0.755234 12.7938 -0.776912 -0.0104122 -0.629522 64.4373
0.215292 -0.952235 0.216563 41.6869 0.371908 0.285001 0.883436 29.4245 -0.902958 -0.109655 0.415501 75.4206
0.234788 0.962923 -0.132876 36.0634 0.669195 -0.259265 -0.696391 12.3887 -0.705019 0.0745842 -0.705254 62.8379
0.20645 -0.954941 0.213232 41.6758 0.341497 0.274545 0.898891 30.4731 -0.916928 -0.112758 0.382788 75.339
0.203155 0.966674 -0.155788 35.6669 0.636206 -0.251263 -0.729458 11.5287 -0.744291 0.0490798 -0.666048 62.9719
0.152046 -0.960389 0.23353 41.7121 0.231653 0.264323 0.9362 31.6715 -0.960842 -0.0882466 0.262666 73.4065
0.16204 0.970542 -0.178303 35.3936 0.534805 -0.238227 -0.810699 11.3136 -0.829292 0.0360084 -0.557652 63.511
0.126628 -0.968241 0.215581 42.054 0.310875 0.245118 0.9183 31.8085 -0.941977 -0.0492638 0.33204 74.3948
0.138748 0.973837 -0.179976 36.2356 0.502252 -0.225823 -0.834714 11.8033 -0.853517 0.0254214 -0.520443 64.3643
0.131402 -0.972622 0.191681 41.4215 0.310692 0.224021 0.923735 31.564 -0.941384 -0.0618268 0.331622 74.0094
0.0942985 0.981092 -0.169021 36.0809 0.520332 -0.193312 -0.831797 10.9801 -0.848741 -0.00951003 -0.528722 63.648
0.0393559 -0.985937 0.162419 40.2485 0.359759 0.165625 0.918228 30.6767 -0.932214 0.0222942 0.361217 73.6003
0.0872085 0.987251 -0.133161 36.0914 0.515772 -0.159106 -0.841823 10.9841 -0.852275 0.00473315 -0.523071 63.5405
0.030484 -0.992755 0.116228 39.8801 0.368525 0.119253 0.921937 30.4561 -0.929117 0.014729 0.36949 73.3572
0.0931357 0.989592 -0.109705 36.3532 0.509784 -0.142041 -0.848496 12.0466 -0.855246 0.0230994 -0.517706 63.9635
0.020581 -0.993676 0.110392 39.6459 0.37401 0.11005 0.920873 30.4254 -0.927196 0.0223353 0.373909 73.184
0.0668236 0.993422 -0.0929982 36.8815 0.508548 -0.114102 -0.853441 13.4049 -0.858436 0.00973575 -0.512826 64.547
-0.00827034 -0.99564 0.0929122 39.5474 0.390738 0.0823103 0.916815 28.7935 -0.920464 0.0438868 0.388353 72.3324
0.00977681 0.994238 -0.106757 36.6635 0.514337 -0.0965561 -0.852136 13.1153 -0.857532 -0.0465781 -0.512317 64.2615
-0.0703474 -0.988995 0.130159 40.1168 0.406136 0.0907803 0.909293 28.6574 -0.9111 0.116829 0.39528 72.1445
-0.0324211 0.988589 -0.147111 36.5351 0.522703 -0.108684 -0.845559 13.3014 -0.851898 -0.104309 -0.513214 64.1789
-0.132531 -0.979543 0.151433 40.6146 0.4186 0.0831728 0.904355 28.5741 -0.898448 0.183245 0.399013 71.9056
-0.104889 0.983579 -0.146872 37.3324 0.485797 -0.0781906 -0.870568 14.4799 -0.867755 -0.162663 -0.469618 64.9919
-0.12712 -0.983251 0.130611 40.2191 0.440459 0.0620262 0.895628 27.9025 -0.888727 0.171381 0.425197 71.6111
-0.114319 0.979648 -0.164991 37.138 0.492064 -0.0884389 -0.866056 15.5039 -0.86302 -0.180193 -0.471938 65.0347
-0.12493 -0.979225 0.159722 40.6138 0.487479 0.0796306 0.869497 29.2224 -0.86415 0.186488 0.467403 72.2391
-0.125953 0.97991 -0.154638 36.8245 0.467525 -0.0788492 -0.880457 14.4974 -0.87496 -0.183193 -0.4482 64.5065
-0.158018 -0.979232 0.127029 40.0535 0.48963 0.0340118 0.871267 30.3104 -0.857491 0.199873 0.474087 72.3923
-0.201653 0.972925 -0.112936 36.8106 0.363099 -0.0328311 -0.931172 14.1257 -0.909667 -0.22878 -0.346647 64.5964
-0.0832115 -0.983646 0.15974 40.5534 0.530335 0.0920005 0.842782 31.375 -0.843694 0.154845 0.514006 72.8143
-0.222647 0.965521 -0.134901 36.387 0.319545 -0.0584539 -0.945767 13.027 -0.921042 -0.253679 -0.295513 64.4163
-0.0893428 -0.976062 0.198297 41.0441 0.607596 0.104345 0.787363 32.4381 -0.789205 0.19083 0.583728 73.9811
-0.195772 0.973501 -0.118199 36.709 0.275918 -0.0609803 -0.959245 11.7404 -0.941032 -0.220407 -0.256667 64.3895
-0.0201151 -0.985659 0.16755 41.4898 0.584436 0.124377 0.801851 32.9742 -0.81119 0.114051 0.573552 74.1827
-0.034748 0.988697 -0.145847 36.8473 0.263663 -0.131695 -0.955583 10.5087 -0.963988 -0.0716591 -0.256106 63.6255
0.014481 -0.989458 0.144101 41.4632 0.5832 0.125421 0.802588 34.0422 -0.812199 0.0724179 0.578867 74.9208
-0.0897913 0.987639 -0.128483 36.6631 0.265663 -0.100578 -0.958805 9.24561 -0.959875 -0.120226 -0.253348 63.4206
-0.0549199 -0.990526 0.125871 40.8938 0.572836 0.0719953 0.816503 35.1841 -0.817828 0.116946 0.563454 75.6514
-0.0609864 0.994685 -0.0829628 37.1459 0.269339 -0.0636341 -0.960941 8.04425 -0.961112 -0.0809496 -0.264026 63.6024
0.0364029 -0.994435 0.0988725 41.5392 0.530484 0.103076 0.841405 35.5855 -0.846912 0.0218209 0.531283 76.0688
-0.00801938 0.995223 -0.0973043 37.0249 0.221726 -0.0931151 -0.970653 6.91804 -0.975075 -0.0293591 -0.21992 65.1371
0.0352749 -0.995023 0.0932035 41.4521 0.548818 0.097227 0.830269 34.7366 -0.835197 0.0218643 0.549515 77.633
-0.0350002 0.995402 -0.0891714 37.2531 0.203516 -0.080257 -0.975777 5.83305 -0.978445 -0.0523003 -0.19977 66.5176
-0.120972 -0.986979 0.106013 41.017 0.514324 0.0290233 0.857105 35.2227 -0.84902 0.158211 0.504115 77.8716
-0.0297585 0.996372 -0.0797397 37.2843 0.321101 -0.066017 -0.944742 7.91614 -0.946576 -0.0537187 -0.317971 64.1214
