1 0 0 0 0 1 0 0 0 0 1 0
0.730971 0.0155416 -0.682232 -1.12593 0.000727315 0.999722 0.0235535 -0.21296 0.682408 -0.0177131 0.730757 0.607194
0.00446804 0.0804763 -0.996747 -2.69317 0.0548132 0.995238 0.0806002 -0.310143 0.998487 -0.0549949 3.5615e-05 0.581138
-0.720762 0.0728157 -0.689348 -3.70139 0.0889174 0.995964 0.0122341 -0.168985 0.687456 -0.0524772 -0.724327 -0.126155
-0.995304 0.07305 -0.0635107 -4.72192 0.0763018 0.995811 -0.0503774 0.0504285 0.0595647 -0.0549868 -0.996709 -1.50803
-0.765839 0.0563756 0.640557 -4.42893 0.0316934 0.998248 -0.049964 0.0442959 -0.642251 -0.017963 -0.766284 -3.11442
-0.240198 0.0632157 0.968663 -3.32255 0.00538519 0.997949 -0.0637915 0.0925298 -0.970709 -0.0101062 -0.240046 -4.30902
0.426177 0.0219781 0.904373 -1.51139 -0.028441 0.999536 -0.0108882 0.0424793 -0.904193 -0.021081 0.426604 -4.01399
0.866315 -0.00254296 0.499492 -0.469417 -0.00568867 0.999872 0.0149568 0.0276232 -0.499467 -0.0157988 0.866189 -2.74144
0.996942 -0.00348104 -0.0780682 0.127205 0.00780001 0.998451 0.0550864 0.206681 0.0777554 -0.0555269 0.995425 -1.12287
0.756507 0.00622541 -0.653956 -0.608782 0.0633181 0.99456 0.0827153 0.401807 0.650913 -0.103982 0.751998 0.464207
0.228811 0.0279627 -0.973069 -2.63038 0.118316 0.991378 0.05631 0.422277 0.966254 -0.128014 0.223529 1.71462
-0.382397 0.0597686 -0.922063 -5.75038 0.127925 0.99172 0.011231 0.483812 0.9151 -0.11366 -0.386877 1.41299
-0.881906 0.0740795 -0.46557 -7.58532 0.0937579 0.99541 -0.0192156 0.446218 0.462009 -0.0605972 -0.884803 -1.40645
-0.967506 0.0928614 0.235181 -6.31421 0.0838116 0.995315 -0.0482102 0.284972 -0.238556 -0.0269328 -0.970755 -5.03219
-0.604577 0.0413136 0.795475 -2.51037 0.00803089 0.998919 -0.045776 0.00761017 -0.796506 -0.0212867 -0.604255 -6.45141
-0.0387082 0.0125126 0.999172 1.34054 -0.0255674 0.999582 -0.0135082 0.0337472 -0.998923 -0.0260691 -0.0383722 -4.76324
0.467711 -0.0200389 0.883654 3.47883 -0.0276738 0.998921 0.0373003 0.270586 -0.883448 -0.0418999 0.466651 -1.09339
0.749088 -0.0130895 0.662342 3.69039 -0.0264406 0.998417 0.0496346 0.390703 -0.661943 -0.0546934 0.747556 2.35006
0.907832 -0.0152506 0.419057 2.82698 -0.014317 0.997629 0.0673222 0.651704 -0.41909 -0.0671169 0.905461 5.44805
0.990653 -0.0182352 0.135185 0.7254 0.00329361 0.993933 0.109936 1.13701 -0.13637 -0.108463 0.984702 8.32578
0.98542 -0.0151398 -0.169462 -2.57784 0.0365182 0.99164 0.12376 1.49925 0.166171 -0.128144 0.977735 10.3965
0.918987 -0.0566599 -0.390196 -5.74836 0.103329 0.989642 0.099655 1.49544 0.380508 -0.1319 0.915323 11.5363
0.802232 -0.0634529 -0.593631 -9.34737 0.115074 0.992125 0.0494635 0.913921 0.585817 -0.107993 0.803216 11.6835
0.638639 -0.073708 -0.765969 -13.1404 0.122733 0.992416 0.00683179 0.276714 0.759656 -0.0983726 0.642842 10.849
0.443893 -0.087594 -0.891788 -16.7153 0.106551 0.99331 -0.0445293 -0.510775 0.889722 -0.0752547 0.450257 8.89061
0.339105 -0.080124 -0.93733 -19.4468 0.0857637 0.99485 -0.0540135 -0.902709 0.936831 -0.0620726 0.344231 6.10294
0.227035 -0.0661603 -0.971637 -20.7646 0.0784211 0.995692 -0.0494742 -0.934109 0.970724 -0.0649644 0.231246 2.72069
0.0806875 -0.0661634 -0.994541 -20.8655 0.0815824 0.994885 -0.0595674 -0.965448 0.993395 -0.0763307 0.0856727 -1.23793
-0.0327657 -0.275507 -0.960741 -20.0418 -0.0878221 0.958332 -0.271821 -0.10232 0.995597 0.0754679 -0.0555959 -5.39147
-0.124417 -0.314502 -0.941068 -19.1151 -0.149916 0.943508 -0.295497 0.797873 0.980839 0.104316 -0.164537 -9.38629
-0.248941 -0.318643 -0.914601 -18.1319 -0.196578 0.941297 -0.274439 1.56827 0.948359 0.111471 -0.296966 -13.5898
-0.363984 -0.343853 -0.86561 -16.6007 -0.25658 0.930417 -0.261707 2.66117 0.895367 0.126841 -0.426883 -17.7345
-0.425762 -0.326643 -0.843819 -14.4281 -0.264847 0.936712 -0.228968 4.04959 0.865206 0.125997 -0.485327 -21.3713
-0.52278 -0.343043 -0.780399 -11.7322 -0.316256 0.928175 -0.196145 5.67416 0.791633 0.144265 -0.593721 -25.0822
-0.619539 -0.359392 -0.697861 -8.67693 -0.355703 0.921052 -0.158551 7.63558 0.699748 0.150003 -0.698464 -28.638
-0.667325 -0.392511 -0.63294 -5.5093 -0.381665 0.910006 -0.161931 9.73112 0.639539 0.13351 -0.757077 -31.5453
-0.707417 -0.409322 -0.576209 -1.84212 -0.442868 0.89206 -0.0899796 12.2375 0.550844 0.191531 -0.812334 -34.3459
-0.746754 -0.392736 -0.536765 1.99942 -0.459275 0.888226 -0.0109412 14.9376 0.481066 0.238352 -0.843661 -36.8258
-0.785712 -0.397046 -0.474354 6.16015 -0.479558 0.875342 0.06165 17.7229 0.390744 0.27592 -0.878173 -38.9801
-0.816821 -0.399992 -0.415705 10.308 -0.483463 0.867781 0.114978 20.4615 0.314751 0.294895 -0.902202 -40.7753
-0.852046 -0.395442 -0.342992 14.5943 -0.463712 0.874195 0.144059 23.1155 0.242875 0.281795 -0.928226 -42.6434
-0.864807 -0.398519 -0.305438 18.7393 -0.461743 0.870176 0.172007 25.6405 0.197237 0.289787 -0.936547 -44.0882
-0.876187 -0.408508 -0.255769 23.0436 -0.4606 0.865978 0.194754 28.2857 0.141932 0.288449 -0.946918 -45.1152
-0.884382 -0.411146 -0.22097 27.3964 -0.456146 0.861682 0.222341 30.8873 0.098991 0.297429 -0.949598 -46.1429
-0.894566 -0.421282 -0.14924 32.431 -0.446783 0.851667 0.27395 33.7 0.0116927 0.311745 -0.950094 -46.5345
-0.907629 -0.415097 -0.0624784 37.5537 -0.41243 0.854105 0.316867 36.498 -0.0781673 0.313366 -0.94641 -46.4412
-0.914024 -0.404645 0.0286695 42.9929 -0.370619 0.861718 0.346532 38.9385 -0.164927 0.306113 -0.9376 -45.9203
-0.908511 -0.403289 0.109391 48.4516 -0.333126 0.85706 0.393033 41.4611 -0.25226 0.320634 -0.912994 -44.7442
-0.894019 -0.407886 0.185363 53.974 -0.298144 0.850447 0.433416 43.8918 -0.334425 0.332218 -0.881925 -43.1884
-0.868913 -0.413887 0.271456 59.5067 -0.244292 0.835588 0.492051 45.8212 -0.430479 0.361235 -0.827162 -40.6024
-0.835304 -0.422798 0.351438 65.0636 -0.19834 0.827918 0.524608 47.6955 -0.512765 0.368503 -0.775421 -37.6429
-0.837181 -0.4182 0.352473 70.8406 -0.196853 0.831673 0.519201 49.75 -0.510271 0.36528 -0.778585 -35.2933
-0.840923 -0.4115 0.351448 76.6521 -0.195149 0.836338 0.512304 51.716 -0.504742 0.362224 -0.7836 -32.9635
-0.848703 -0.398834 0.347325 82.5265 -0.179597 0.83505 0.520035 53.4905 -0.497441 0.378977 -0.780339 -30.7352
-0.857857 -0.389761 0.334913 88.4836 -0.167984 0.828609 0.53403 55.1633 -0.485656 0.401862 -0.776302 -28.5728
-0.848365 -0.383526 0.364944 94.0678 -0.148289 0.833892 0.531633 56.7684 -0.508219 0.396902 -0.764318 -26.4231
-0.85193 -0.373763 0.366766 99.9478 -0.14354 0.840246 0.52286 58.378 -0.503599 0.392794 -0.769481 -24.1537
-0.856751 -0.361358 0.367965 105.878 -0.134094 0.845027 0.517637 59.8512 -0.497993 0.394144 -0.772434 -21.9647
-0.868265 -0.342508 0.358894 111.851 -0.114965 0.84265 0.526046 61.1397 -0.482596 0.415487 -0.77102 -19.8591
-0.874004 -0.345818 0.34136 118.026 -0.115413 0.830138 0.545482 62.1945 -0.472013 0.437356 -0.765456 -18.0005
-0.855075 -0.3338 0.396767 124.168 -0.0677699 0.830599 0.552731 63.3471 -0.514056 0.445738 -0.732846 -15.6657
-0.811442 -0.373097 0.449844 130.086 -0.0542184 0.814449 0.577696 64.3318 -0.581912 0.444377 -0.681108 -12.7478
-0.816662 -0.375549 0.438209 135.926 -0.0575448 0.808512 0.585659 65.3245 -0.57424 0.453069 -0.681892 -9.98915
-0.835562 -0.350813 0.422807 141.635 -0.0507511 0.815582 0.576411 66.3204 -0.547046 0.46017 -0.699274 -7.28108
-0.878992 -0.37573 0.293599 146.698 -0.117436 0.767334 0.630402 67.9714 -0.462149 0.519639 -0.718605 -5.19469
-0.896562 -0.403207 0.183306 151.739 -0.211428 0.753267 0.622806 69.7059 -0.389198 0.519628 -0.7606 -3.737
-0.900568 -0.395955 0.179434 157.653 -0.213035 0.761782 0.611804 71.807 -0.378936 0.512746 -0.770389 -2.14454
-0.907034 -0.384671 0.171225 163.566 -0.214192 0.771639 0.598911 73.7867 -0.362508 0.506557 -0.782297 -0.615619
-0.924182 -0.36436 0.114584 168.938 -0.232797 0.775171 0.587295 75.7278 -0.302809 0.516093 -0.801221 0.437508
-0.949047 -0.315105 0.00442762 173.639 -0.248513 0.756974 0.604343 77.7411 -0.193783 0.57245 -0.796712 1.17685
-0.95061 -0.299207 -0.0825608 178.344 -0.288642 0.754351 0.58961 79.758 -0.114135 0.584319 -0.803457 1.27585
-0.948968 -0.305239 -0.0793036 182.82 -0.287332 0.733159 0.616375 81.7191 -0.129999 0.607707 -0.783449 1.11274
-0.948893 -0.309387 -0.0622977 188.128 -0.280754 0.737362 0.614389 83.9521 -0.144148 0.60048 -0.786539 1.46335
-0.976973 -0.16184 -0.139041 193.156 -0.212623 0.792769 0.571235 85.9874 0.017779 0.587644 -0.808924 1.06769
-0.969605 -0.182384 -0.163104 197.258 -0.242854 0.798583 0.550714 87.9265 0.0298108 0.573586 -0.818603 0.180661
-0.958103 -0.178861 -0.223716 201.742 -0.277359 0.77432 0.56877 89.6032 0.0714971 0.60699 -0.791487 -0.442294
-0.952654 -0.172999 -0.250046 205.999 -0.291681 0.752209 0.590849 91.43 0.0858705 0.635808 -0.767056 -1.62109
-0.944368 -0.175701 -0.278025 210.195 -0.316059 0.718638 0.619407 93.3673 0.090969 0.672821 -0.734191 -2.79199
-0.94336 -0.161495 -0.289812 214.224 -0.314225 0.71522 0.624278 95.2614 0.106462 0.679985 -0.725456 -3.99096
-0.950535 -0.153188 -0.270216 218.267 -0.300247 0.67604 0.67292 96.8346 0.0795941 0.720765 -0.688594 -4.81258
-0.966062 -0.147494 -0.212062 222.35 -0.255545 0.665519 0.701271 98.1615 0.0376985 0.731663 -0.680624 -5.25911
-0.975082 -0.156596 -0.157138 226.581 -0.221765 0.706958 0.671588 99.4055 0.00592197 0.689701 -0.72407 -5.67479
-0.978068 -0.17599 -0.111404 230.917 -0.206058 0.739545 0.64079 100.571 -0.0303839 0.649692 -0.75959 -5.908
-0.981698 -0.179789 -0.0628187 235.339 -0.179548 0.763724 0.620071 101.633 -0.0635058 0.620001 -0.782026 -6.05098
-0.982695 -0.185196 -0.00357499 239.865 -0.145753 0.761201 0.631925 102.546 -0.114308 0.621511 -0.775022 -5.71019
-0.977207 -0.205845 0.0519105 244.451 -0.119549 0.735668 0.666708 103.53 -0.175427 0.645306 -0.743509 -5.01664
-0.969319 -0.234651 0.0732116 249.102 -0.118326 0.706492 0.697759 104.344 -0.215453 0.667689 -0.712581 -3.74458
-0.963576 -0.226116 0.142808 253.622 -0.0675248 0.722388 0.688183 104.761 -0.258771 0.653473 -0.711344 -2.76601
-0.950728 -0.246734 0.187721 258.416 -0.077565 0.775542 0.626513 105.452 -0.300167 0.581083 -0.756467 -1.55887
-0.940932 -0.237655 0.241181 263.002 -0.0181114 0.746599 0.665027 105.76 -0.338112 0.621377 -0.706803 -0.116658
-0.945155 -0.204849 0.2544 267.619 0.0118067 0.756943 0.653374 105.568 -0.326409 0.620543 -0.71301 1.0221
-0.931723 -0.260594 0.25295 272.198 -0.0447787 0.773622 0.632063 105.387 -0.3604 0.577581 -0.732471 2.30871
-0.937849 -0.266504 0.222295 276.412 -0.085064 0.797526 0.597257 105.405 -0.336457 0.541228 -0.770629 3.71769
-0.932895 -0.321143 0.163019 280.559 -0.166015 0.785137 0.596656 105.633 -0.319604 0.529554 -0.785765 5.26005
-0.917804 -0.383933 0.101149 284.639 -0.254054 0.763685 0.5935 106.413 -0.30511 0.51902 -0.798453 6.6759
-0.923264 -0.381098 0.0484537 288.645 -0.293321 0.780758 0.551706 107.185 -0.248084 0.495158 -0.83263 7.91544
-0.930823 -0.365414 0.00650261 292.63 -0.316001 0.813635 0.487997 108.024 -0.183611 0.452184 -0.872821 8.77379
-0.904073 -0.417534 0.0912035 296.394 -0.33624 0.826622 0.451264 108.872 -0.263808 0.377309 -0.887718 9.71415
-0.898967 -0.404662 0.167655 299.74 -0.302314 0.850182 0.431041 109.439 -0.316963 0.336807 -0.886621 11.3658
-0.890417 -0.419364 0.176893 303.317 -0.341522 0.872518 0.349393 110.449 -0.300865 0.250693 -0.920127 12.9255
-0.849883 -0.462903 0.251834 306.33 -0.391839 0.874659 0.285366 111.396 -0.352365 0.14385 -0.924741 14.195
-0.846179 -0.463853 0.262338 310.038 -0.40737 0.880417 0.242726 112.633 -0.343555 0.0985209 -0.933951 15.466
-0.88894 -0.385922 0.246677 314.072 -0.35554 0.920942 0.159554 113.192 -0.28875 0.0541304 -0.955873 16.2406
-0.884037 -0.35911 0.299196 317.75 -0.335363 0.933193 0.129164 113.412 -0.325591 0.013847 -0.945409 17.0808
-0.930713 -0.235822 0.279572 321.55 -0.2391 0.970726 0.022837 113.265 -0.276773 -0.0455912 -0.959853 18.2518
-0.953396 -0.067621 0.294048 325.407 -0.0979426 0.991148 -0.0896304 112.337 -0.285383 -0.114253 -0.951579 19.157
-0.905151 0.0210413 0.42457 329.346 -0.0456854 0.988174 -0.146371 110.884 -0.422628 -0.151885 -0.893486 20.4398
-0.829778 0.18035 0.52815 332.796 0.0933071 0.977858 -0.18732 108.502 -0.550239 -0.106154 -0.828233 22.3491
-0.730512 0.291341 0.617634 335.901 0.173114 0.953891 -0.245203 105.619 -0.660593 -0.0722027 -0.747264 24.8109
-0.384434 0.504724 0.772959 336.082 0.261803 0.862534 -0.433006 102.628 -0.885252 0.0359005 -0.463725 28.4974
0.0750437 0.669173 0.739308 333.337 0.307532 0.68973 -0.655513 99.5696 -0.948574 0.276553 -0.154032 32.1213
0.506257 0.697798 0.506737 328.812 0.171851 0.494186 -0.852202 96.9136 -0.845087 0.518516 0.130268 35.1315
0.754423 0.635488 0.164318 323.018 -0.0625011 0.318748 -0.945777 96.244 -0.653406 0.703246 0.280189 36.4846
0.889744 0.424746 -0.167172 317.679 -0.295123 0.2559 -0.920553 96.9611 -0.348222 0.868393 0.353038 35.5412
0.895421 0.184297 -0.405284 313.005 -0.443063 0.279368 -0.85185 98.1215 -0.0437705 0.942331 0.331807 33.3116
0.782549 0.0470514 -0.620809 308.871 -0.610168 0.256153 -0.749721 99.9381 0.123746 0.965491 0.229161 30.7326
0.611619 -0.0924698 -0.78573 305.578 -0.743 0.274056 -0.61061 102.59 0.271797 0.957258 0.0989127 27.5714
0.393844 -0.223131 -0.891684 303.692 -0.790142 0.413469 -0.452459 105.695 0.469641 0.882755 -0.0134625 23.533
-0.110625 -0.34568 -0.931809 305.24 -0.764965 0.628173 -0.142221 108.074 0.634501 0.697068 -0.333924 19.2537
-0.579428 -0.305219 -0.755715 309.165 -0.565656 0.81815 0.103269 109.156 0.586769 0.487312 -0.646707 15.7669
-0.901393 -0.166814 -0.399579 314.803 -0.278214 0.930243 0.23926 109.024 0.331794 0.326835 -0.884925 13.7801
-0.997779 0.0505959 0.0433341 321.106 0.0594394 0.969887 0.236193 107.087 -0.0300785 0.238243 -0.97074 14.082
-0.842063 0.230538 0.487629 326.601 0.325238 0.938232 0.118068 103.691 -0.43029 0.258016 -0.865031 17.3072
-0.499656 0.349764 0.792471 329.92 0.496082 0.865512 -0.069219 99.2913 -0.710103 0.358545 -0.60597 22.5617
-0.0877792 0.38826 0.91736 329.741 0.547403 0.788205 -0.281218 94.7165 -0.832253 0.47748 -0.281723 28.9261
0.421332 0.34677 0.837992 325.104 0.466418 0.70959 -0.528145 91.1102 -0.777775 0.613378 0.137233 34.6716
0.842954 0.236017 0.483452 316.871 0.210165 0.68276 -0.699764 89.803 -0.495238 0.691473 0.525932 38.11
0.978881 0.201475 0.0346556 308.678 -0.115093 0.683219 -0.721087 91.7292 -0.168959 0.701869 0.691978 38.6032
0.866542 0.190169 -0.461456 302.245 -0.452675 0.688874 -0.566161 96.22 0.210219 0.699492 0.683023 36.1828
0.317469 0.193223 -0.928374 301.183 -0.696107 0.712301 -0.089791 102.147 0.643932 0.674754 0.360638 30.5077
-0.508153 0.233386 -0.829042 306.609 -0.523002 0.681169 0.512326 105.738 0.684288 0.693931 -0.224077 25.3662
-0.93955 0.245697 -0.238494 314.534 -0.0142767 0.667796 0.744208 104.754 0.342115 0.702625 -0.623919 23.7831
-0.847766 0.214345 0.485128 321.394 0.501523 0.621537 0.601803 99.9837 -0.172531 0.753491 -0.634417 25.9992
-0.143546 0.161283 0.976413 321.762 0.769562 0.638526 0.00766508 93.7721 -0.622229 0.752511 -0.215776 31.7723
0.558179 0.173473 0.811384 317.053 0.542293 0.663852 -0.514994 89.5246 -0.627976 0.727467 0.276475 36.8727
0.952269 0.172519 0.251836 309.472 0.0724229 0.673749 -0.735402 88.4981 -0.296545 0.71854 0.629096 39.9132
0.871297 0.160653 -0.463716 301.429 -0.439634 0.675425 -0.59205 92.0152 0.218091 0.719717 0.659124 38.9022
0.258314 0.143783 -0.955301 298.369 -0.72253 0.685157 -0.0922486 98.0803 0.641268 0.714063 0.280874 34.3117
-0.710212 0.141656 -0.68959 303.292 -0.430594 0.687538 0.584705 102.105 0.556946 0.712198 -0.427301 29.8594
-0.963785 0.158828 0.214225 311.435 0.260015 0.738135 0.622534 100.648 -0.0592507 0.655691 -0.752701 29.984
-0.341927 0.135949 0.929841 315.905 0.656351 0.742681 0.132773 94.6919 -0.672525 0.655701 -0.343173 35.7288
0.205225 -0.391845 0.89685 314.658 0.743267 0.658567 0.117655 87.8171 -0.636739 0.642454 0.4264 42.402
0.785183 -0.385918 0.484309 306.96 0.59996 0.66781 -0.440542 81.0291 -0.153414 0.636473 0.755888 45.4146
0.907671 -0.390435 -0.153929 296.34 0.162456 0.665049 -0.728915 77.9932 0.386964 0.636609 0.667074 43.1826
0.749214 -0.361933 -0.554692 286.921 -0.268256 0.599902 -0.753761 79.8731 0.605572 0.713528 0.352365 37.05
0.514067 -0.34587 -0.784926 279.568 -0.514248 0.608125 -0.604758 84.8044 0.686501 0.714534 0.134754 29.1039
0.197812 -0.355828 -0.913377 275.605 -0.714231 0.58587 -0.382923 92.6597 0.671375 0.728109 -0.138251 20.9102
-0.173459 -0.360288 -0.916572 275.863 -0.763246 0.637339 -0.106084 101.794 0.622389 0.681169 -0.385541 12.7259
-0.480037 -0.349174 -0.804762 280.174 -0.74111 0.652269 0.159059 111.424 0.469382 0.672772 -0.57189 6.14872
-0.747906 -0.301267 -0.591502 288.437 -0.605046 0.675926 0.420765 120.253 0.27305 0.672579 -0.68781 1.29127
-0.917668 -0.253467 -0.306008 299.758 -0.392488 0.698309 0.598596 126.846 0.0619638 0.669417 -0.740299 -0.795546
-0.977093 -0.212012 0.0184559 312.95 -0.14056 0.708035 0.692047 130.425 -0.15979 0.6736 -0.721616 0.178014
-0.923361 -0.182499 0.337787 326.437 0.114863 0.708198 0.696608 130.382 -0.36635 0.682019 -0.63296 4.05906
-0.764836 -0.162469 0.623402 338.666 0.357693 0.697718 0.620682 126.769 -0.5358 0.697706 -0.475525 10.8621
-0.520362 -0.148297 0.840971 348.214 0.565842 0.677697 0.469627 119.589 -0.639567 0.720233 -0.268736 19.799
-0.244264 -0.138912 0.959708 354.151 0.725507 0.630485 0.275914 109.694 -0.643409 0.76367 -0.0532227 29.4115
0.0853406 -0.126865 0.988242 355.459 0.790279 0.612658 0.0104044 98.372 -0.606775 0.7801 0.152543 39.1863
0.410931 -0.109065 0.90512 351.701 0.755314 0.5967 -0.271016 86.4681 -0.510527 0.795018 0.32758 48.2007
0.687702 -0.134166 0.713488 342.902 0.643662 0.567255 -0.513732 75.1687 -0.335805 0.81254 0.47646 55.3532
0.8777 -0.151413 0.454663 330.007 0.45733 0.548086 -0.700322 66.2113 -0.143156 0.822603 0.550301 59.589
0.971084 -0.193231 0.140206 314.404 0.223366 0.528047 -0.819313 60.5033 0.0842808 0.826939 0.555939 60.2457
0.956523 -0.229629 -0.179818 297.73 -0.0401365 0.507035 -0.86099 58.9034 0.288883 0.830774 0.475774 56.9505
0.796762 -0.284662 -0.533046 282.257 -0.330018 0.533962 -0.778442 61.9132 0.506219 0.796148 0.331498 49.9992
0.492153 -0.330448 -0.805351 270.448 -0.619028 0.517602 -0.590671 70.0651 0.612037 0.789235 0.0501832 40.0221
0.161844 -0.353044 -0.921503 263.211 -0.768769 0.540369 -0.342045 82.0843 0.618708 0.763781 -0.183954 28.4335
-0.177291 -0.429491 -0.885497 262.05 -0.850177 0.520067 -0.0820282 96.9862 0.495749 0.738287 -0.457347 17.5362
-0.52713 -0.382052 -0.759059 267.719 -0.785669 0.559486 0.264007 112.627 0.323818 0.735535 -0.595088 8.78889
-0.803671 -0.309797 -0.508074 279.783 -0.584348 0.572226 0.575408 126.247 0.112474 0.759331 -0.640911 3.53552
-0.952486 -0.289604 -0.0943425 296.516 -0.251622 0.573632 0.779508 134.678 -0.17163 0.766209 -0.619247 3.51195
-0.893365 -0.28765 0.345192 314.91 0.134304 0.562172 0.816043 136.58 -0.428792 0.775384 -0.463592 8.92232
-0.615455 -0.273061 0.739361 330.936 0.519923 0.564368 0.641225 130.447 -0.592364 0.779055 -0.205372 18.9511
-0.173048 -0.298752 0.938511 339.836 0.74717 0.581022 0.322722 117.642 -0.641709 0.757074 0.122673 32.3754
0.304698 -0.415771 0.85691 338.96 0.834158 0.550743 -0.0293887 100.472 -0.459718 0.723753 0.514628 44.9594
0.623607 -0.695101 0.3577 328.113 0.776274 0.604627 -0.178396 83.0599 -0.0922723 0.388922 0.916638 52.6811
0.612921 -0.556106 -0.561315 311.206 0.705109 0.705542 0.0709406 68.351 0.35658 -0.439269 0.824557 50.3884
0.271404 0.207132 -0.939913 298.931 0.697636 0.630435 0.340377 55.2223 0.663057 -0.748097 0.0266002 35.861
-0.19161 0.833301 -0.518552 299.841 0.770465 0.455006 0.446489 40.8047 0.608004 -0.313975 -0.729213 17.1737
-0.456334 0.87278 0.173251 311.622 0.863068 0.386774 0.324839 23.1194 0.216504 0.297762 -0.929766 6.00225
-0.345645 0.813813 0.467159 322.993 0.902752 0.424243 -0.0711154 1.4309 -0.256064 0.397148 -0.881309 6.23048
-0.103924 0.805161 0.583881 329.591 0.761574 0.442002 -0.473962 -19.7185 -0.639691 0.395412 -0.659124 17.2896
0.148873 0.807479 0.570802 330.062 0.452743 0.457521 -0.76531 -35.5607 -0.879125 0.37236 -0.297468 36.9638
0.378093 0.819827 0.430034 323.967 0.0584475 0.442451 -0.894886 -42.5116 -0.923921 0.363484 0.119371 60.9459
0.527681 0.813038 0.246013 312.767 -0.326559 0.461527 -0.824835 -39.1573 -0.784164 0.354912 0.509043 84.151
0.615047 0.786878 0.0504047 297.949 -0.608663 0.514443 -0.604052 -27.0176 -0.501245 0.34084 0.79535 101.967
0.558547 0.812863 -0.165164 283.156 -0.813817 0.498526 -0.29862 -7.70319 -0.160398 0.301206 0.939972 111.817
0.411157 0.853301 -0.320669 270.863 -0.893288 0.447249 0.0447701 15.8531 0.181621 0.268042 0.946133 112.408
0.216556 0.883894 -0.414531 263.061 -0.838214 0.386021 0.385209 40.1257 0.500501 0.264046 0.824487 103.884
0.00552114 0.897252 -0.441485 260.754 -0.666843 0.332298 0.667007 61.3337 0.745178 0.290718 0.600161 87.3562
-0.184464 0.89804 -0.399371 263.884 -0.416827 0.296509 0.859266 76.8643 0.890072 0.324972 0.319632 65.5119
-0.36019 0.890303 -0.27861 272.487 -0.106674 0.25739 0.960402 84.5994 0.92676 0.375647 0.00226323 40.723
-0.491133 0.862268 -0.123622 284.997 0.173419 0.235864 0.956187 84.7764 0.853648 0.448176 -0.265375 16.9404
-0.575644 0.816097 0.0511971 300.682 0.447659 0.262129 0.854921 77.2202 0.684278 0.515049 -0.516226 -3.70117
-0.582909 0.785313 0.208572 316.813 0.649417 0.296004 0.700457 63.4254 0.488339 0.543752 -0.682539 -19.7369
-0.542161 0.753026 0.372845 332.832 0.789047 0.303686 0.534022 45.1877 0.288904 0.583718 -0.75882 -31.19
-0.461161 0.720127 0.518409 347.412 0.884461 0.326226 0.333626 23.3286 0.0711344 0.612367 -0.787367 -37.121
-0.354798 0.728297 0.586261 359.823 0.920523 0.381824 0.0827594 -0.751268 -0.163575 0.569029 -0.805884 -36.919
-0.199447 0.708939 0.676481 368.646 0.906153 0.396195 -0.148042 -25.7835 -0.372971 0.583468 -0.721427 -30.8467
-0.0837214 0.741076 0.666181 374.427 0.789935 0.456884 -0.408974 -49.2708 -0.607448 0.492 -0.623653 -17.851
-0.00242601 0.792438 0.609949 377.647 0.601434 0.488459 -0.632207 -69.5102 -0.798919 0.36531 -0.477783 1.43906
0.0628911 0.85507 0.514685 378.359 0.35166 0.463645 -0.813246 -83.7039 -0.934013 0.23214 -0.271535 25.6645
0.166111 0.872605 0.459313 375.947 0.08206 0.451936 -0.888268 -90.8048 -0.982687 0.185242 0.00346596 52.5778
0.282658 0.862459 0.419845 370.263 -0.188877 0.479168 -0.85716 -90.2898 -0.940441 0.162984 0.298339 79.9715
0.385422 0.853668 0.350289 361.372 -0.451019 0.505466 -0.735586 -81.9645 -0.805005 0.125524 0.579838 105.195
0.445327 0.871409 0.205746 350.083 -0.675707 0.477847 -0.561323 -66.4462 -0.587456 0.110948 0.801614 125.843
0.433567 0.901094 0.00711222 338.05 -0.850972 0.412022 -0.325707 -44.7231 -0.296423 0.135163 0.945444 139.35
0.329629 0.916215 -0.227806 327.586 -0.943492 0.328416 -0.0443498 -18.9703 0.0341811 0.229552 0.972696 144.097
0.171604 0.910074 -0.377252 320.443 -0.91515 0.289041 0.280992 8.30301 0.364765 0.297023 0.882454 139.335
-0.0150536 0.895456 -0.444897 318.148 -0.755535 0.281258 0.591659 33.0178 0.654935 0.345042 0.672314 125.179
-0.196435 0.892081 -0.406946 321.23 -0.479206 0.274745 0.833593 51.5114 0.855439 0.358758 0.373521 103.426
-0.343001 0.892533 -0.292806 329.3 -0.12654 0.264971 0.955918 60.8252 0.930773 0.364932 0.0220559 77.1611
-0.444122 0.885532 -0.136343 341.326 0.245349 0.266559 0.932068 59.3124 0.861719 0.3805 -0.335649 50.4142
-0.478156 0.876778 0.0512629 355.473 0.584602 0.274171 0.763591 46.7673 0.655445 0.395083 -0.643663 27.784
-0.409886 0.879945 0.240191 368.862 0.840195 0.26173 0.474943 24.9938 0.355058 0.396479 -0.846604 12.8322
-0.283536 0.883041 0.373962 379.463 0.958882 0.266089 0.0987018 -2.48783 -0.0123493 0.386571 -0.922177 8.18615
-0.104451 0.877062 0.468884 385.427 0.918469 0.265899 -0.292767 -31.2517 -0.38145 0.400075 -0.833328 14.8273
0.262345 0.850141 0.456548 380.565 0.467304 0.302016 -0.830911 -49.771 -0.844276 0.431332 -0.318042 38.129
0.496051 0.853875 0.157585 367.207 -0.225704 0.302051 -0.926188 -48.3393 -0.838446 0.423868 0.342555 65.0598
0.458828 0.85899 -0.227188 352.889 -0.802036 0.29036 -0.521949 -27.5399 -0.382382 0.421697 0.822165 81.2184
0.185842 0.858924 -0.477192 345.113 -0.948279 0.283983 0.141848 1.70024 0.257351 0.42615 0.867276 78.5833
-0.226286 0.844659 -0.485127 349.407 -0.633827 0.250498 0.731789 24.7108 0.739634 0.473079 0.478683 59.4677
-0.543777 0.814937 -0.200463 364.406 -0.023196 0.22418 0.974272 31.0643 0.838909 0.534437 -0.103001 34.3236
-0.567003 0.797795 0.205017 382.673 0.636377 0.266235 0.723978 16.5883 0.523003 0.540965 -0.658654 14.9703
-0.25682 0.804911 0.534941 393.528 0.959864 0.276986 0.0440491 -11.2364 -0.112715 0.524783 -0.84374 13.7689
0.186961 0.848567 0.494956 391.146 0.686877 0.247287 -0.683411 -34.6552 -0.702315 0.467744 -0.536627 31.3677
0.496336 0.852573 0.16362 378.061 0.0293022 0.171914 -0.984676 -40.7434 -0.867636 0.493524 0.0603449 56.9499
0.473779 0.853237 -0.217996 363.345 -0.655519 0.176386 -0.734291 -25.6833 -0.588072 0.490792 0.64288 78.0391
0.200054 0.845171 -0.495647 354.987 -0.979302 0.188362 -0.0740767 2.69429 0.0307532 0.500207 0.86536 82.3458
-0.193142 0.84276 -0.502447 358.205 -0.768239 0.18865 0.611736 28.6436 0.610332 0.504151 0.611004 68.2674
-0.499103 0.85159 -0.160285 372.299 -0.141954 0.102121 0.984592 38.4544 0.854836 0.514166 0.0699181 43.922
-0.501932 0.827635 0.251171 388.52 0.538504 0.0717949 0.839559 27.5559 0.676815 0.556657 -0.48172 22.1477
-0.239352 0.856929 0.456492 398.685 0.956649 0.12779 0.261712 0.768629 0.165933 0.499344 -0.850366 12.7745
0.13447 0.861963 0.488814 397.97 0.895536 0.105456 -0.432313 -27.9361 -0.424186 0.495884 -0.757737 21.3977
0.444811 0.831582 0.332588 387.307 0.418952 0.135021 -0.897914 -45.0095 -0.791595 0.53874 -0.288334 43.2902
0.529009 0.843217 -0.0955842 371.616 -0.186928 0.00591705 -0.982356 -45.0844 -0.827773 0.537542 0.160751 69.13
0.366025 0.800931 -0.473852 358.239 -0.747491 -0.0502709 -0.662368 -26.5521 -0.554332 0.596643 0.580288 89.8189
0.00463925 0.718199 -0.695823 354.211 -0.997756 -0.0431528 -0.0511935 3.69228 -0.0667939 0.694498 0.716387 96.9372
-0.388491 0.694058 -0.606102 362.649 -0.839403 0.0047694 0.543489 32.5617 0.380103 0.719904 0.580741 89.6428
-0.655415 0.679691 -0.329322 381.3 -0.368653 0.0926631 0.924937 50.086 0.659187 0.727622 0.189837 71.0765
-0.72159 0.682938 0.1136 405.161 0.261831 0.117303 0.957959 48.35 0.6409 0.720997 -0.263459 49.914
-0.515035 0.668631 0.536351 425.247 0.77168 0.0892788 0.629715 28.5845 0.373162 0.738216 -0.56195 35.1952
-0.114942 0.688438 0.71613 433.935 0.993371 0.0783418 0.0841285 -1.44339 0.00181452 0.721052 -0.692878 31.2452
0.258716 0.71036 0.654566 430.833 0.910789 0.0463288 -0.410265 -32.111 -0.32176 0.702313 -0.635001 37.5051
0.534053 0.701377 0.47208 418.072 0.624136 0.0495871 -0.779741 -56.2783 -0.570301 0.711064 -0.411272 52.8633
0.690994 0.705326 0.158252 398.39 0.186643 0.0374144 -0.981716 -68.1999 -0.698349 0.707896 -0.105791 74.189
0.688521 0.701227 -0.184991 376.378 -0.293033 0.0356701 -0.955437 -65.1871 -0.663379 0.712046 0.230042 96.8695
0.521718 0.713061 -0.468355 357.461 -0.709955 0.058477 -0.701815 -47.2351 -0.473049 0.69866 0.536749 115.923
0.274584 0.682704 -0.677141 344.717 -0.946737 0.0687592 -0.314583 -18.6986 -0.168207 0.727453 0.665221 126.454
-0.0267437 0.71579 -0.697804 341.516 -0.986075 0.0957302 0.135989 14.7757 0.16414 0.691724 0.703261 126.526
-0.329409 0.717851 -0.613336 348.846 -0.813416 0.114079 0.570386 45.4763 0.47942 0.686787 0.546333 115.174
-0.549689 0.714393 -0.432996 364.806 -0.461485 0.172368 0.870242 66.8931 0.696329 0.678184 0.234933 94.3777
-0.687371 0.705739 -0.171626 387.449 -0.0227922 0.215223 0.976299 74.526 0.725949 0.674991 -0.131853 69.7792
-0.694492 0.70548 0.14135 412.757 0.41038 0.22703 0.883203 66.7977 0.59099 0.671384 -0.447184 47.3437
-0.544365 0.737767 0.39921 434.557 0.775766 0.261704 0.574194 44.7924 0.319146 0.622264 -0.714796 32.4107
-0.295332 0.780717 0.550692 448.716 0.953758 0.274653 0.122119 14.1097 -0.0559084 0.561292 -0.825727 29.5345
0.0121853 0.826757 0.562428 452.888 0.89552 0.241214 -0.37398 -18.337 -0.444856 0.508222 -0.737437 40.188
0.285873 0.874839 0.39107 446.743 0.57136 0.172016 -0.802471 -42.6153 -0.769301 0.452846 -0.450673 63.6073
0.453799 0.879241 0.144924 433.247 0.0884579 0.117383 -0.98914 -52.1535 -0.886703 0.46169 -0.0245077 94.0341
0.487043 0.867553 -0.100708 416.745 -0.430983 0.138445 -0.891677 -43.3981 -0.759633 0.477689 0.441328 123.678
0.353742 0.825422 -0.439939 402.188 -0.827919 0.0574617 -0.557897 -18.6013 -0.43522 0.561585 0.703708 144.448
0.054198 0.729004 -0.682361 396.045 -0.998121 0.0199763 -0.0579366 16.0956 -0.0286052 0.684218 0.728716 151.582
-0.279218 0.635805 -0.719577 401.162 -0.912644 0.0572584 0.404726 50.9467 0.298528 0.769724 0.564275 146.174
-0.581904 0.521852 -0.623746 417.703 -0.624141 0.205141 0.753901 78.6106 0.52138 0.828002 0.206337 130.223
-0.798309 0.504929 -0.328252 444.312 -0.217573 0.266435 0.938976 93.4379 0.561573 0.821011 -0.102838 110.406
-0.837107 0.546744 0.0179989 474.99 0.22454 0.313414 0.922689 92.373 0.498833 0.77643 -0.385126 90.6781
-0.724283 0.57273 0.383922 504.513 0.610841 0.274707 0.74257 75.9047 0.319826 0.772345 -0.548812 76.1151
-0.477762 0.630488 0.611743 526.936 0.87557 0.28502 0.390054 47.0673 0.0715655 0.721976 -0.688207 69.5182
-0.178551 0.586715 0.789864 539.413 0.963611 0.266574 0.0198151 12.8108 -0.198931 0.76466 -0.612962 73.378
0.157754 0.589593 0.792146 539.863 0.88674 0.268406 -0.376365 -21.6881 -0.434518 0.7618 -0.480473 86.7023
0.446039 0.643676 0.621877 528.616 0.671649 0.218515 -0.707912 -51.1441 -0.591554 0.733439 -0.334858 106.955
0.66886 0.548553 0.501714 508.037 0.370913 0.338631 -0.864727 -70.6319 -0.644244 0.764474 0.0230314 131.89
0.820859 0.51612 0.244566 479.811 0.0154415 0.408001 -0.912851 -77.1839 -0.570923 0.753098 0.326941 156.312
0.868767 0.494785 -0.020782 447.696 -0.318693 0.526471 -0.788203 -70.2354 -0.379049 0.691388 0.615065 175.659
0.812709 0.504417 -0.291666 415.538 -0.573478 0.603897 -0.553563 -51.8847 -0.10309 0.617149 0.780064 185.817
0.654501 0.506229 -0.561571 387.221 -0.735157 0.599566 -0.316332 -25.546 0.176562 0.619882 0.764573 185.296
0.433388 0.477269 -0.764454 365.76 -0.788715 0.611258 -0.0655182 4.69402 0.436009 0.631331 0.641341 174.047
0.172573 0.40239 -0.899056 353.152 -0.759663 0.635385 0.138562 35.3073 0.627002 0.659067 0.415331 153.965
-0.0837235 0.410723 -0.907908 350.401 -0.68261 0.64013 0.352532 64.5751 0.725971 0.649262 0.22677 128.661
-0.313725 0.419306 -0.851915 356.775 -0.550341 0.650838 0.523005 89.9364 0.773758 0.632924 0.0265772 100.203
-0.486114 0.446319 -0.751328 370.595 -0.374005 0.670777 0.640452 109.537 0.789819 0.592333 -0.159148 69.5841
-0.627299 0.43274 -0.647483 390.691 -0.209324 0.707122 0.675398 123.176 0.75012 0.559209 -0.352994 38.9265
-0.72141 0.450068 -0.526315 415.36 -0.0448687 0.728038 0.684068 130.625 0.691053 0.517108 -0.505019 9.29533
-0.774103 0.487224 -0.4042 442.911 0.0934707 0.719455 0.688222 132.76 0.626121 0.494974 -0.602473 -18.5041
-0.800982 0.509363 -0.314609 472.211 0.202152 0.724738 0.658704 130.49 0.563528 0.46401 -0.68347 -44.5328
-0.837314 0.525371 -0.151303 504.161 0.297328 0.669819 0.680396 124.625 0.458805 0.524718 -0.717055 -66.7218
-0.844599 0.533984 0.0389161 537.706 0.399245 0.579718 0.710303 114.99 0.35673 0.615458 -0.702819 -84.7215
-0.837051 0.495909 0.231131 572.22 0.4743 0.447122 0.758368 102.658 0.272738 0.744417 -0.609473 -98.6271
-0.804504 0.496913 0.325349 606.192 0.546498 0.40476 0.733151 87.25 0.232624 0.767625 -0.597192 -110.853
-0.763768 0.537964 0.356728 638.961 0.617862 0.449331 0.645251 68.4096 0.186832 0.71323 -0.675571 -121.969
-0.724208 0.566502 0.393191 670.303 0.677334 0.477393 0.559745 46.8094 0.12939 0.671694 -0.729442 -131.24
-0.676941 0.587397 0.443528 700.279 0.733539 0.488791 0.472233 22.2899 0.0605958 0.645018 -0.761761 -138.046
-0.645152 0.568547 0.510425 729.569 0.763768 0.498174 0.410464 -3.9512 -0.0209126 0.654658 -0.755636 -141.613
-0.607935 0.600329 0.519635 757.472 0.787994 0.536449 0.302141 -31.7451 -0.0973734 0.593151 -0.799181 -142.612
-0.62855 0.557086 0.542753 786.164 0.763952 0.57316 0.29642 -58.4942 -0.145953 0.600952 -0.785846 -141.602
-0.638595 0.56971 0.517328 815.266 0.755232 0.593018 0.279202 -85.2651 -0.14772 0.568999 -0.808961 -140.505
-0.622914 0.58223 0.522482 844.176 0.769189 0.577572 0.273423 -112.884 -0.142576 0.572206 -0.807622 -139.519
-0.587869 0.64243 0.491624 871.648 0.796021 0.567635 0.2101 -142.116 -0.144088 0.514854 -0.845082 -138.724
-0.581947 0.69066 0.429334 898.532 0.804892 0.564565 0.1828 -171.879 -0.116134 0.451947 -0.884453 -139.379
-0.667207 0.713126 0.215143 927.455 0.734484 0.58179 0.349364 -197.757 0.123972 0.391117 -0.911953 -149.839
-0.692493 0.721366 0.0092918 955.982 0.632878 0.601263 0.4878 -218.68 0.346295 0.343679 -0.872906 -168.823
-0.68094 0.705799 -0.195372 982.619 0.484419 0.634172 0.602632 -232.839 0.549236 0.315714 -0.773734 -195.192
-0.605264 0.662075 -0.441943 1004.59 0.304533 0.705542 0.6399 -239.556 0.73547 0.252722 -0.628662 -228.104
-0.497536 0.636146 -0.589727 1021.1 0.194055 0.74424 0.639102 -241.553 0.845459 0.203536 -0.493733 -264.625
-0.386613 0.60277 -0.697997 1032.33 0.0875442 0.777416 0.622865 -239.424 0.918078 0.179702 -0.353328 -302.786
-0.223384 0.558089 -0.799148 1036.22 0.0190952 0.822214 0.568859 -234.796 0.974543 0.111814 -0.194326 -342.28
0.0198085 0.560738 -0.827757 1030.33 -0.101574 0.824764 0.55628 -225.522 0.994631 0.0730598 0.0732938 -380.762
0.261349 0.513086 -0.817582 1014.9 -0.222146 0.856256 0.466345 -212.133 0.939334 0.0597436 0.337761 -415.115
0.476752 0.55499 -0.681685 992.199 -0.356006 0.830949 0.427533 -193.894 0.803721 0.0388565 0.593736 -442.169
0.644046 0.540385 -0.541471 963.631 -0.437462 0.840827 0.318807 -172.777 0.627561 0.0315462 0.777928 -461.014
0.795766 0.506412 -0.332122 930.566 -0.438498 0.860069 0.260771 -152.031 0.417705 -0.0618772 0.906473 -470.793
0.872464 0.467738 -0.141526 895.737 -0.435744 0.875714 0.207972 -131.682 0.221213 -0.119779 0.967842 -472.363
0.889422 0.456399 0.0251011 861.448 -0.45563 0.880865 0.128372 -111.173 0.0364785 -0.125614 0.991408 -466.382
0.866663 0.456124 0.202106 829.532 -0.469935 0.882382 0.0237502 -90.9618 -0.167502 -0.11556 0.979075 -452.406
0.79377 0.474315 0.380731 801.878 -0.465955 0.876556 -0.120564 -72.0065 -0.390916 -0.0817036 0.916793 -429.989
0.654461 0.493019 0.57325 781.286 -0.431456 0.866128 -0.252327 -55.5334 -0.620909 -0.0821936 0.779562 -399.759
0.460991 0.465398 0.755575 769.697 -0.349731 0.877813 -0.327313 -42.9066 -0.815583 -0.113359 0.567427 -363.556
0.247756 0.473073 0.84547 767.162 -0.25081 0.874247 -0.415677 -34.8303 -0.935794 -0.109065 0.335251 -324.164
0.0160247 0.416261 0.909105 774.214 -0.125947 0.90282 -0.411163 -31.5998 -0.991907 -0.10791 0.0668941 -284.733
-0.208668 0.285406 0.935416 789.955 -0.0341731 0.953759 -0.298625 -31.0033 -0.977389 -0.0942794 -0.189265 -247.639
-0.461475 0.26916 0.845337 815.007 0.0275345 0.956751 -0.289603 -32.6997 -0.886726 -0.110369 -0.448927 -215.763
-0.715315 0.248683 0.653056 848.557 0.138084 0.96641 -0.21676 -38.2296 -0.685024 -0.0648748 -0.725626 -193.957
-0.89694 0.219992 0.383541 887.219 0.17494 0.973223 -0.149111 -44.6507 -0.406073 -0.0666466 -0.911407 -184.697
-0.976811 0.178259 0.118596 926.943 0.173885 0.983675 -0.0463424 -50.2609 -0.124921 -0.0246457 -0.991861 -187.158
-0.980845 0.171154 -0.0930105 965.315 0.161528 0.981508 0.102727 -54.261 0.108872 0.0857358 -0.990351 -198.787
-0.952061 0.128153 -0.277772 1000.75 0.0784492 0.979938 0.183219 -54.3003 0.295679 0.152644 -0.943013 -217.312
-0.869137 0.107463 -0.482757 1031.38 -0.0130956 0.970766 0.239671 -50.3678 0.4944 0.214628 -0.84232 -242.588
-0.763134 0.077286 -0.641604 1056.57 -0.0669108 0.978038 0.197397 -44.6453 0.642768 0.19357 -0.741202 -272.881
-0.569352 0.0634879 -0.819639 1072.73 -0.137233 0.975685 0.170902 -36.3807 0.810559 0.209784 -0.546795 -308.204
-0.365139 0.0816392 -0.927367 1080 -0.189212 0.968848 0.159791 -26.1629 0.911522 0.233815 -0.338317 -345.915
-0.268211 0.201769 -0.941994 1083.57 -0.156395 0.95573 0.249241 -16.5669 0.95058 0.214172 -0.224782 -384.286
-0.142026 0.297921 -0.943967 1082.22 -0.161761 0.933828 0.319059 -6.36558 0.976556 0.198012 -0.0844356 -422.047
0.0213065 0.278421 -0.960223 1074.44 -0.208907 0.94048 0.268061 5.18555 0.977703 0.194886 0.0782023 -458.309
0.148321 0.312614 -0.93823 1062.1 -0.204256 0.937951 0.280231 16.5741 0.967616 0.150074 0.20297 -492.93
0.302825 0.356978 -0.883666 1044.45 -0.218068 0.928557 0.300382 28.568 0.927763 0.101736 0.359035 -524.684
0.499404 0.378571 -0.779282 1020.44 -0.252309 0.924043 0.287202 41.6493 0.828816 0.0531901 0.556987 -551.135
0.67569 0.372081 -0.636395 990.938 -0.25958 0.928076 0.26701 54.8726 0.689972 -0.0152203 0.723676 -571.307
0.815061 0.34399 -0.466206 958.063 -0.263069 0.936666 0.231197 67.7367 0.516209 -0.065795 0.853932 -583.876
0.922071 0.303984 -0.23954 923.103 -0.2718 0.949236 0.158361 80.3218 0.275519 -0.0809129 0.957884 -586.781
0.96656 0.253114 0.0411828 888.928 -0.256365 0.957656 0.131047 92.051 -0.00626901 -0.137222 0.99052 -579.155
0.929776 0.184585 0.318506 857.687 -0.233749 0.964431 0.123434 103.044 -0.284393 -0.189216 0.93985 -561.869
0.813773 0.190411 0.549107 832.369 -0.245847 0.968894 0.0283657 113.82 -0.526625 -0.158079 0.835271 -536.321
0.622189 0.178962 0.762138 815.827 -0.235063 0.971307 -0.0361785 123.657 -0.746744 -0.15664 0.646404 -504.246
0.435055 0.110673 0.893577 806.948 -0.163626 0.985611 -0.0424078 130.95 -0.885412 -0.127762 0.446903 -468.13
0.208681 0.0247677 0.977671 807.022 -0.0939902 0.99556 -0.00515882 135.948 -0.973457 -0.0908147 0.210083 -430.75
-0.043724 -0.13244 0.990227 816.238 -0.0398298 0.990618 0.130734 139.973 -0.998249 -0.0337243 -0.0485885 -394.659
-0.29822 -0.204121 0.932417 834.038 -0.0206186 0.978016 0.207509 143.837 -0.954275 0.0426582 -0.295872 -362.394
-0.55505 -0.193383 0.809026 859.923 -0.0393509 0.977617 0.206684 148.319 -0.830886 0.0828842 -0.550235 -336.877
-0.741502 -0.186497 0.644511 890.896 -0.0515299 0.973586 0.222434 153.306 -0.668969 0.131724 -0.731525 -318.748
-0.881081 -0.176854 0.438658 924.815 -0.0723027 0.966923 0.244609 159.12 -0.467408 0.183804 -0.864723 -308.976
-0.966647 -0.144566 0.211413 959.85 -0.0804 0.95502 0.285436 165.549 -0.243168 0.258918 -0.934789 -307.596
-0.99249 -0.121819 -0.0111879 993.262 -0.11953 0.946233 0.300595 173.323 -0.026032 0.299674 -0.953686 -313.918
-0.973015 -0.0985557 -0.208638 1024.1 -0.161219 0.937256 0.30913 182.542 0.16508 0.334425 -0.927852 -326.579
-0.922533 -0.0217137 -0.385309 1051.92 -0.176869 0.911177 0.372122 192.793 0.343004 0.411444 -0.84443 -344.462
-0.861924 -0.0287937 -0.50622 1076.93 -0.225374 0.916095 0.331629 204.583 0.454196 0.399927 -0.796093 -366.127
-0.811421 0.0217748 -0.584057 1099.69 -0.219879 0.91452 0.339569 216.156 0.541525 0.403955 -0.737273 -390.049
-0.77507 0.0750144 -0.627408 1120.9 -0.208664 0.906841 0.366197 227.525 0.596429 0.414745 -0.687211 -415.353
-0.708052 0.0576374 -0.703805 1139.33 -0.227204 0.925074 0.304333 238.935 0.668611 0.37539 -0.641904 -442.598
-0.62491 0.0935675 -0.775071 1154.53 -0.205131 0.93823 0.278653 249.347 0.753266 0.333123 -0.567115 -472.103
-0.544656 0.122152 -0.829717 1166.64 -0.184693 0.947577 0.260743 258.941 0.81807 0.295257 -0.493542 -503.274
-0.439038 0.088376 -0.894112 1174.52 -0.181923 0.965794 0.184791 267.831 0.879858 0.243789 -0.407943 -535.838
-0.339823 0.0858584 -0.936563 1178.71 -0.148345 0.978466 0.143525 275.171 0.928716 0.187707 -0.319768 -569.174
-0.2438 0.0977819 -0.964884 1179.35 -0.120471 0.984146 0.130173 281.468 0.962314 0.147977 -0.228155 -602.891
-0.155143 0.073904 -0.985125 1176.9 -0.11214 0.989435 0.0918875 287.166 0.981507 0.124727 -0.145216 -636.54
-0.0819536 0.0690845 -0.99424 1171.89 -0.0982322 0.992178 0.0770382 292.264 0.991783 0.10398 -0.0745263 -669.88
-0.0192086 0.0731448 -0.997137 1164.8 -0.078231 0.994153 0.0744327 296.666 0.99675 0.0794366 -0.0133743 -702.74
0.0659198 0.0578952 -0.996145 1155.01 -0.0570407 0.996902 0.0541644 300.174 0.996193 0.0532502 0.0690176 -734.763
