1 0 0 0 0 1 0 0 0 0 1 0
1 0.000171782 -0.000282557 0.00910474 -0.000172091 0.999999 -0.00109322 -0.0135691 0.000282369 0.00109327 0.999999 0.631212
0.999993 0.000966158 0.0035535 0.0172687 -0.000959171 0.999998 -0.00196747 -0.0422903 -0.00355539 0.00196405 0.999992 1.54815
0.999989 0.00123031 0.00445012 0.0251893 -0.00122197 0.999997 -0.00187731 -0.0706716 -0.00445242 0.00187185 0.999988 2.63008
0.999985 0.000956035 0.00532365 0.0356592 -0.000948874 0.999999 -0.00134755 -0.0857487 -0.00532493 0.00134248 0.999985 3.77793
0.99998 0.000547606 0.00625172 0.0485514 -0.000540151 0.999999 -0.00119413 -0.099619 -0.00625237 0.00119073 0.99998 4.95664
0.999975 0.00134845 0.00702316 0.0565176 -0.00132867 0.999995 -0.00281961 -0.125349 -0.00702692 0.0028102 0.999971 6.16074
0.999969 0.000665912 0.0078101 0.0613823 -0.000645381 0.999996 -0.00263105 -0.138642 -0.00781183 0.00262593 0.999966 7.3771
0.999969 0.000400406 0.00784789 0.0639112 -0.000386025 0.999998 -0.00183385 -0.157218 -0.00784861 0.00183076 0.999968 8.60785
0.99998 -0.000218165 0.00639475 0.0701091 0.000224558 0.999999 -0.000999112 -0.173798 -0.00639453 0.00100053 0.999979 9.83525
0.999993 -0.000154508 0.00370262 0.073513 0.00015799 1 -0.000940133 -0.191577 -0.00370247 0.000940712 0.999993 11.0646
0.999999 -0.000251572 0.0013997 0.0796741 0.00025334 0.999999 -0.00126259 -0.20898 -0.00139938 0.00126295 0.999998 12.2988
1 2.92013e-05 -0.000432996 0.0788463 -2.9745e-05 0.999999 -0.00125567 -0.21625 0.000432961 0.00125569 0.999999 13.5394
0.999997 0.00129879 -0.0021399 0.0664685 -0.00130159 0.999998 -0.00130664 -0.218544 0.0021382 0.00130942 0.999997 14.7709
0.999997 0.000667813 -0.00219277 0.0708113 -0.000670336 0.999999 -0.00115004 -0.21704 0.002192 0.00115151 0.999997 16.0012
0.999997 0.000207698 -0.00247013 0.0678268 -0.000209204 1 -0.00060921 -0.237509 0.00247001 0.000609724 0.999997 17.2346
0.999991 0.000622186 -0.00430424 0.0688227 -0.000624969 1 -0.000645143 -0.251461 0.00430384 0.000647827 0.999991 18.4566
0.999992 -0.000687205 -0.00400009 0.0670377 0.000680886 0.999998 -0.00158101 -0.271796 0.00400117 0.00157828 0.999991 19.6825
0.999982 -3.60915e-05 -0.00601543 0.0589433 2.35372e-05 0.999998 -0.00208708 -0.296993 0.00601549 0.0020869 0.99998 20.9068
0.999976 0.00074689 -0.00691648 0.0460411 -0.000756875 0.999999 -0.0014411 -0.316471 0.0069154 0.0014463 0.999975 22.1372
0.999972 0.000522802 -0.00748585 0.0356835 -0.000540016 0.999997 -0.0022977 -0.338457 0.00748463 0.00230168 0.99997 23.377
0.999958 0.00090794 -0.00908607 0.0187499 -0.000928098 0.999997 -0.00221464 -0.356269 0.00908404 0.00222298 0.999956 24.6034
0.999957 0.0012194 -0.00918149 0.000454634 -0.00125576 0.999991 -0.00395606 -0.385868 0.00917658 0.00396742 0.99995 25.8284
0.999942 0.000675457 -0.0107834 -0.0157268 -0.000707246 0.999995 -0.00294439 -0.410863 0.0107814 0.00295185 0.999938 27.0763
0.999929 0.000348719 -0.0118983 -0.0286207 -0.000379769 0.999996 -0.0026075 -0.426977 0.0118974 0.00261184 0.999926 28.3296
0.999915 -0.00166948 -0.0129523 -0.052107 0.00163576 0.999995 -0.00261337 -0.453737 0.0129566 0.00259196 0.999913 29.5937
0.999888 -0.0018729 -0.0148778 -0.0718897 0.00182907 0.999994 -0.00295915 -0.476284 0.0148833 0.0029316 0.999885 30.8445
0.999888 -0.00020156 -0.014957 -0.0972688 0.000153761 0.999995 -0.0031968 -0.491881 0.0149576 0.00319414 0.999883 32.0906
0.999863 -0.000427284 -0.0165373 -0.122066 0.0003844 0.999997 -0.00259623 -0.499248 0.0165384 0.00258952 0.99986 33.3433
0.999855 -0.000481449 -0.017047 -0.159129 0.000449099 0.999998 -0.00190144 -0.506606 0.0170479 0.00189351 0.999853 34.6051
0.999856 -0.000444123 -0.0169815 -0.190894 0.000422475 0.999999 -0.00127833 -0.5285 0.0169821 0.00127098 0.999855 35.8755
0.99983 -0.000411267 -0.0184653 -0.219048 0.000394079 0.999999 -0.000934427 -0.541978 0.0184657 0.000926991 0.999829 37.1281
0.999837 -0.000936528 -0.0180213 -0.240722 0.000940239 1 0.000197459 -0.556324 0.0180211 -0.000214371 0.999838 38.3825
0.999803 -0.000187869 -0.0198451 -0.275793 0.000214182 0.999999 0.00132381 -0.563829 0.0198448 -0.0013278 0.999802 39.6397
0.999807 0.000904011 -0.0196189 -0.298761 -0.000856332 0.999997 0.00243855 -0.573242 0.019621 -0.00242128 0.999805 40.8836
0.999842 0.00235795 -0.0176583 -0.316381 -0.00232954 0.999996 0.0016292 -0.582758 0.0176621 -0.00158781 0.999843 42.127
0.999832 0.0032633 -0.0180669 -0.347567 -0.00322625 0.999993 0.00207955 -0.594378 0.0180735 -0.00202091 0.999835 43.3656
0.999845 0.0052915 -0.0168058 -0.375111 -0.00523088 0.99998 0.00364856 -0.61509 0.0168248 -0.00356008 0.999852 44.601
0.999887 0.00525251 -0.0141171 -0.401241 -0.00516431 0.999967 0.00627656 -0.631454 0.0141496 -0.00620294 0.999881 45.8418
0.999892 0.00703912 -0.0128778 -0.429469 -0.00693203 0.999941 0.00834122 -0.644955 0.0129357 -0.00825106 0.999883 47.1058
0.999919 0.00736219 -0.0103842 -0.453105 -0.00724827 0.999914 0.0109662 -0.651448 0.010464 -0.0108901 0.999886 48.364
0.999935 0.00654494 -0.00933769 -0.473147 -0.00642974 0.999904 0.0123141 -0.655133 0.00941738 -0.0122533 0.999881 49.623
0.999956 0.00596893 -0.00730416 -0.4897 -0.00588182 0.999912 0.0118897 -0.656306 0.00737449 -0.0118462 0.999903 50.8674
0.999961 0.00718388 -0.00526657 -0.511924 -0.00712414 0.999911 0.0112747 -0.65467 0.00534711 -0.0112367 0.999923 52.1157
0.999961 0.00717273 -0.0051061 -0.533088 -0.00711715 0.999916 0.0108209 -0.650455 0.0051833 -0.0107842 0.999929 53.3684
0.999973 0.00622624 -0.00403321 -0.547978 -0.00617917 0.999914 0.0115801 -0.647997 0.00410496 -0.0115549 0.999925 54.621
0.999972 0.00541719 -0.00528642 -0.560811 -0.00535702 0.999922 0.011331 -0.644697 0.00534739 -0.0113023 0.999922 55.8747
0.999968 0.00520683 -0.00612399 -0.578355 -0.00513321 0.999915 0.0119772 -0.63162 0.00618583 -0.0119454 0.99991 57.1437
0.999973 0.00432216 -0.00602851 -0.60508 -0.00424537 0.999911 0.0126926 -0.646418 0.00608283 -0.0126666 0.999902 58.383
0.999965 0.0038759 -0.00747048 -0.620477 -0.00377636 0.999905 0.0132929 -0.645838 0.00752129 -0.0132642 0.999884 59.6492
0.999965 0.00422518 -0.00728976 -0.648624 -0.0041261 0.9999 0.0135539 -0.65097 0.0073463 -0.0135233 0.999882 60.9189
0.999953 0.00484991 -0.00836418 -0.663872 -0.00473665 0.999898 0.0135078 -0.658227 0.00842884 -0.0134675 0.999874 62.1742
0.999955 0.00427 -0.00844092 -0.675793 -0.00415609 0.999901 0.0134659 -0.671161 0.00849759 -0.0134302 0.999874 63.4307
0.999965 0.0034798 -0.00761159 -0.695025 -0.00337485 0.9999 0.0137581 -0.681059 0.0076587 -0.0137319 0.999877 64.6798
0.999954 0.00455914 -0.0084224 -0.714115 -0.0044441 0.999897 0.0136266 -0.689209 0.00848367 -0.0135886 0.999872 65.9277
0.99996 0.00431587 -0.0079 -0.735137 -0.00419613 0.999877 0.0151109 -0.679455 0.00796425 -0.0150772 0.999855 67.1521
0.99995 0.0051373 -0.00859243 -0.754612 -0.0050092 0.999877 0.0148644 -0.668624 0.00866774 -0.0148207 0.999853 68.3874
0.999942 0.00676353 -0.00844406 -0.780772 -0.00664071 0.999873 0.0144894 -0.674938 0.008541 -0.0144325 0.99986 69.6071
0.99994 0.00825376 -0.00721303 -0.821505 -0.00814151 0.999848 0.0154551 -0.675761 0.00733949 -0.0153954 0.999855 70.8381
0.99992 0.00975327 -0.008053 -0.847688 -0.0096222 0.999823 0.0161561 -0.666779 0.00820916 -0.0160773 0.999837 72.0709
0.999911 0.0118018 -0.00623667 -0.873907 -0.0116958 0.999791 0.0167617 -0.671963 0.00643319 -0.0166873 0.99984 73.3152
0.999909 0.0124855 -0.00509385 -0.893817 -0.0123897 0.999754 0.0184256 -0.678764 0.00532265 -0.0183608 0.999817 74.58
0.999899 0.0139483 -0.00283774 -0.90748 -0.0138907 0.999716 0.0193823 -0.687241 0.00310729 -0.0193409 0.999808 75.8258
0.999912 0.0132605 0.000877985 -0.915223 -0.0132748 0.999733 0.0189111 -0.67933 -0.000626975 -0.0189211 0.999821 77.0589
0.99993 0.0116063 0.00234752 -0.918441 -0.0116422 0.999806 0.015899 -0.687473 -0.00216253 -0.0159252 0.999871 78.2918
0.999898 0.012663 0.00662101 -0.921542 -0.0127623 0.999803 0.0151875 -0.693321 -0.00642738 -0.0152705 0.999863 79.5103
0.999883 0.0125448 0.00876882 -0.910755 -0.0127055 0.999748 0.018514 -0.712797 -0.00853435 -0.0186233 0.99979 80.7287
0.999861 0.0114602 0.0121412 -0.904831 -0.0117035 0.999728 0.0201692 -0.719763 -0.0119067 -0.0203085 0.999723 81.9485
0.999753 0.0137422 0.0174686 -0.882211 -0.0140681 0.999727 0.0186722 -0.7274 -0.0172072 -0.0189134 0.999673 83.1642
0.999732 0.0123258 0.0196094 -0.850562 -0.0126603 0.999775 0.0170224 -0.715759 -0.0193952 -0.0172661 0.999663 84.3704
0.999608 0.0128272 0.0249103 -0.800679 -0.0131823 0.999813 0.0141434 -0.731427 -0.0247242 -0.0144662 0.99959 85.5606
0.99957 0.011795 0.0268495 -0.762251 -0.0121673 0.999832 0.0137459 -0.739129 -0.0266829 -0.0140667 0.999545 86.7514
0.999476 0.01033 0.0306928 -0.707565 -0.0108123 0.99982 0.0155918 -0.718517 -0.0305262 -0.0159155 0.999408 87.9258
0.999355 9.84693e-05 0.0359053 -0.641395 -0.000982022 0.999697 0.0245912 -0.603366 -0.035892 -0.0246106 0.999053 89.0467
0.999124 -0.00820372 0.0410447 -0.635398 0.00716553 0.999652 0.0253776 -0.453917 -0.0412386 -0.0250613 0.998835 90.0684
0.998877 -0.0101272 0.0462906 -0.618671 0.00906112 0.99969 0.0231832 -0.354733 -0.046511 -0.0227378 0.998659 91.1362
0.998743 -0.0115719 0.0487849 -0.586796 0.0104492 0.999676 0.0232057 -0.278826 -0.0490376 -0.0226667 0.99854 92.2497
0.998565 -0.0123121 0.0521221 -0.544341 0.0110161 0.999625 0.025078 -0.22839 -0.0524113 -0.0244679 0.998326 93.3969
0.998337 -0.013022 0.0561705 -0.501533 0.0115159 0.999568 0.0270537 -0.17523 -0.0564985 -0.0263619 0.998055 94.5608
0.998213 -0.013493 0.0582199 -0.440835 0.0118329 0.999516 0.0287649 -0.131484 -0.0585798 -0.0280246 0.99789 95.7355
0.997963 -0.0152512 0.0619579 -0.351705 0.0134362 0.999471 0.0296057 -0.0982742 -0.0623766 -0.0287129 0.99764 96.9105
0.997875 -0.0150927 0.0633945 -0.271558 0.0132386 0.999475 0.0295666 -0.0613986 -0.0638075 -0.0286645 0.997551 98.0946
0.997679 -0.0155378 0.0662928 -0.194537 0.0138044 0.999553 0.0265258 -0.0471126 -0.0666753 -0.0255491 0.997448 99.2757
0.997442 -0.0156035 0.0697573 -0.117718 0.0139045 0.999596 0.0247761 -0.0295758 -0.0701157 -0.0237427 0.997256 100.456
0.997436 -0.0150651 0.0699667 -0.0438542 0.0133682 0.999607 0.0246578 -0.0168525 -0.0703106 -0.0236592 0.997245 101.655
0.997326 -0.0155822 0.0714019 0.042628 0.0137966 0.999581 0.0254326 -0.00487288 -0.0717683 -0.0243795 0.997124 102.844
0.997476 -0.015849 0.0692166 0.123061 0.01404 0.999549 0.0265442 0.00973677 -0.069606 -0.0255054 0.997249 104.046
0.997593 -0.0160755 0.0674563 0.203158 0.014232 0.999515 0.0277198 0.0292786 -0.0678692 -0.0266931 0.997337 105.253
0.997659 -0.0158003 0.066536 0.284149 0.0139077 0.999488 0.0288125 0.0391545 -0.0669572 -0.0278197 0.997368 106.462
0.997899 -0.0165145 0.062659 0.352158 0.0147323 0.999477 0.0287994 0.0516175 -0.0631018 -0.0278157 0.99762 107.687
0.998025 -0.0161614 0.0607044 0.425609 0.0144112 0.999471 0.0291604 0.0675624 -0.0611435 -0.028228 0.99773 108.9
0.998343 -0.0160342 0.0552681 0.482031 0.0144746 0.999489 0.0285053 0.0847166 -0.0556969 -0.0276581 0.998065 110.114
0.998548 -0.0158864 0.0514813 0.536154 0.0144171 0.999482 0.0287876 0.0906522 -0.051912 -0.0280036 0.998259 111.337
0.998713 -0.0156427 0.0482483 0.595713 0.0142412 0.999471 0.029255 0.113315 -0.0486804 -0.0285302 0.998407 112.557
0.99897 -0.0162498 0.0423663 0.634037 0.0149793 0.999434 0.0301363 0.134624 -0.042832 -0.0294706 0.998648 113.778
0.999146 -0.0156858 0.0382322 0.676901 0.0145273 0.999433 0.0303927 0.171226 -0.0386872 -0.0298113 0.998807 114.996
0.999374 -0.0149516 0.03207 0.705149 0.0139717 0.999435 0.0305645 0.201369 -0.0325088 -0.0300973 0.999018 116.221
0.999552 -0.0141216 0.0264026 0.716984 0.0133338 0.999467 0.0297811 0.230448 -0.0268091 -0.0294157 0.999208 117.458
0.999662 -0.0137432 0.022095 0.720483 0.0130851 0.999474 0.0296596 0.248112 -0.022491 -0.0293605 0.999316 118.687
0.999769 -0.0133676 0.0168069 0.741004 0.0128764 0.999496 0.0290022 0.256963 -0.0171861 -0.0287791 0.999438 119.934
0.99985 -0.0106073 0.013672 0.75286 0.0102101 0.999533 0.0288019 0.272346 -0.0139711 -0.028658 0.999492 121.145
0.999912 -0.00785911 0.0106997 0.770572 0.00755576 0.999577 0.0281029 0.312258 -0.010916 -0.0280196 0.999548 122.369
0.999933 -0.0071771 0.00905326 0.772023 0.00692237 0.999588 0.0278616 0.319119 -0.00924949 -0.0277971 0.999571 123.623
0.99994 -0.00663134 0.00870388 0.748783 0.006386 0.99959 0.0279189 0.324304 -0.00888545 -0.0278616 0.999573 124.861
0.99996 -0.00578599 0.00687592 0.738792 0.00558488 0.999566 0.0289168 0.333143 -0.00704025 -0.0288773 0.999559 126.102
0.999961 -0.00560352 0.00690548 0.744359 0.00539667 0.999547 0.029618 0.329106 -0.00706831 -0.0295796 0.999538 127.358
0.999982 -0.00313534 0.00516868 0.746803 0.00296902 0.999487 0.0318778 0.346955 -0.00526598 -0.0318619 0.999479 128.626
0.999989 -0.000785119 0.00457711 0.767975 0.000628203 0.999415 0.0341847 0.397425 -0.00460127 -0.0341814 0.999405 129.889
0.999986 0.00238197 0.00466395 0.778965 -0.00253433 0.999454 0.0329382 0.472029 -0.00458294 -0.0329495 0.999447 131.115
0.999941 0.0105496 0.00270203 0.772397 -0.0106286 0.999459 0.0311199 0.585728 -0.00237226 -0.0311468 0.999512 132.355
0.999794 0.0201067 0.00262215 0.749885 -0.0201753 0.999362 0.0294742 0.737907 -0.00202784 -0.029521 0.999562 133.581
0.999425 0.0339122 0.000731072 0.713717 -0.0339191 0.998995 0.029292 0.917363 0.000263025 -0.0293 0.999571 134.814
0.998986 0.0450295 0.000164813 0.684925 -0.045015 0.998556 0.0293201 1.0926 0.0011557 -0.0292978 0.99957 136.031
0.998669 0.0515775 0.000758669 0.67028 -0.0515781 0.998259 0.0286098 1.25514 0.000718277 -0.0286108 0.999591 137.268
0.998488 0.054977 0.000166597 0.66322 -0.0549607 0.998109 0.0275192 1.36101 0.00134665 -0.0274867 0.999622 138.551
0.998489 0.0549323 0.00144201 0.662995 -0.0549512 0.998118 0.0272342 1.42451 5.67403e-05 -0.0272723 0.999628 139.836
0.998498 0.0547688 0.00122405 0.647418 -0.054782 0.998148 0.0264477 1.47165 0.000226727 -0.026475 0.99965 141.13
0.998506 0.05462 0.0016603 0.627124 -0.054645 0.998139 0.0270749 1.50211 -0.00017837 -0.0271251 0.999632 142.43
0.998438 0.0557709 0.00346019 0.635713 -0.0558482 0.998015 0.0290997 1.52865 -0.0018304 -0.0292474 0.999571 143.728
0.998301 0.0581743 0.00318636 0.635496 -0.0582433 0.997863 0.0296277 1.56046 -0.00145597 -0.029763 0.999556 145.032
0.998253 0.0589508 0.00386067 0.63926 -0.059038 0.997838 0.0288808 1.58719 -0.00214977 -0.0290583 0.999576 146.342
0.998197 0.0596977 0.00628049 0.625681 -0.0598507 0.997817 0.0279297 1.61462 -0.00459943 -0.0282553 0.99959 147.65
0.998178 0.0600154 0.00614993 0.629831 -0.0601545 0.997858 0.0257012 1.64578 -0.00459428 -0.0260244 0.999651 148.964
0.998182 0.059714 0.00815077 0.641722 -0.0598855 0.997946 0.0227408 1.65967 -0.00677608 -0.0231876 0.999708 150.254
0.998203 0.0594212 0.00770317 0.652844 -0.0595656 0.998022 0.0201119 1.67599 -0.00649285 -0.0205346 0.999768 151.562
0.998217 0.0590876 0.00843569 0.664003 -0.059241 0.998057 0.0192797 1.68006 -0.00728011 -0.0197451 0.999779 152.879
0.998236 0.0584654 0.0103038 0.682073 -0.0586591 0.998085 0.0196225 1.67683 -0.0091368 -0.0201924 0.999755 154.186
0.998208 0.0590648 0.00959258 0.690492 -0.0592481 0.998041 0.0201126 1.68982 -0.00838583 -0.020645 0.999752 155.507
0.998141 0.0598965 0.0112929 0.70629 -0.0601265 0.997964 0.0212681 1.6972 -0.00999599 -0.0219076 0.99971 156.821
0.998117 0.0604038 0.0106508 0.704949 -0.0606215 0.99793 0.0214626 1.70391 -0.00933237 -0.0220679 0.999713 158.138
0.998124 0.0603214 0.0104647 0.695562 -0.0605369 0.997931 0.0216655 1.71417 -0.00913619 -0.0222584 0.999711 159.428
0.998138 0.0598697 0.0116468 0.715233 -0.0601106 0.997959 0.0215734 1.71231 -0.0103314 -0.0222333 0.9997 160.735
0.998194 0.0590885 0.0108506 0.726236 -0.0593215 0.997984 0.0225841 1.71058 -0.00949426 -0.023187 0.999686 162.052
0.99819 0.0589987 0.0116923 0.745004 -0.059257 0.997975 0.0231412 1.72036 -0.0103033 -0.0237922 0.999664 163.359
0.998188 0.0592819 0.0103292 0.75676 -0.0595057 0.997965 0.0229065 1.74228 -0.00895025 -0.0234796 0.999685 164.669
0.998175 0.0595483 0.0100353 0.756849 -0.0597631 0.997955 0.0226763 1.76063 -0.00866447 -0.0232347 0.999693 165.982
0.998147 0.0599322 0.0105405 0.755241 -0.0601589 0.997931 0.0226958 1.79752 -0.00915848 -0.0232879 0.999687 167.277
0.998189 0.0594778 0.00898901 0.755526 -0.0596646 0.997972 0.0221811 1.81856 -0.00765148 -0.0226773 0.999714 168.575
0.998136 0.0602353 0.00983344 0.762162 -0.0604349 0.997942 0.0214546 1.85641 -0.00852087 -0.0220089 0.999722 169.851
0.998117 0.0608083 0.00807788 0.782745 -0.0609697 0.997907 0.0215317 1.89647 -0.00675166 -0.0219836 0.999736 171.134
0.998052 0.0619303 0.00757042 0.792338 -0.0620858 0.997819 0.0224058 1.94216 -0.00616631 -0.0228322 0.999721 172.404
0.997917 0.0640121 0.00803232 0.823234 -0.0641791 0.997682 0.0226197 2.01356 -0.00656576 -0.0230881 0.999712 173.632
0.997748 0.0667991 0.00609017 0.842878 -0.0669234 0.997488 0.0232088 2.11183 -0.00452454 -0.0235641 0.999712 174.869
0.997519 0.0700736 0.00670972 0.860017 -0.0702167 0.997237 0.0242352 2.20563 -0.00499293 -0.0246462 0.999684 176.122
0.997236 0.0741121 0.00527803 0.88321 -0.0742243 0.996907 0.0258268 2.315 -0.00334762 -0.0261471 0.999653 177.409
0.99692 0.0782796 0.00481439 0.911252 -0.0783855 0.996516 0.0285056 2.44168 -0.0025662 -0.0287952 0.999582 178.683
0.996798 0.0797476 0.00587658 0.93215 -0.0798893 0.996348 0.0301475 2.52322 -0.00345092 -0.0305205 0.999528 179.964
0.996736 0.0806109 0.00436155 0.92614 -0.080707 0.996267 0.030632 2.58486 -0.00187599 -0.030884 0.999521 181.253
0.996807 0.0796413 0.00581551 0.934883 -0.0797811 0.996358 0.0301135 2.62255 -0.00339604 -0.0304813 0.99953 182.535
0.996969 0.0776883 0.00422401 0.934946 -0.0777803 0.996519 0.0299939 2.64828 -0.00187912 -0.0302315 0.999541 183.823
0.997004 0.0772049 0.00462367 0.930234 -0.0773192 0.996401 0.0347358 2.6832 -0.00192525 -0.0349893 0.999386 185.115
0.997129 0.0754769 0.00599258 0.942523 -0.075652 0.996395 0.0383847 2.71573 -0.00307381 -0.0387279 0.999245 186.408
0.99709 0.0760844 0.00462551 0.944979 -0.0762056 0.996365 0.0380851 2.7401 -0.00171101 -0.0383267 0.999264 187.701
0.996966 0.0776497 0.00546937 0.952167 -0.0777959 0.996332 0.035642 2.76267 -0.00268171 -0.0359593 0.99935 188.994
0.996948 0.0779558 0.00415534 0.958203 -0.0780525 0.996362 0.0342247 2.78502 -0.0014722 -0.0344446 0.999406 190.279
0.996951 0.0779323 0.00396906 0.960494 -0.0780229 0.996359 0.0343798 2.80356 -0.0012753 -0.0345847 0.999401 191.569
0.996969 0.0776516 0.00482162 0.97005 -0.0777748 0.996327 0.035836 2.83244 -0.00202118 -0.0361023 0.999346 192.861
0.996974 0.0776377 0.00392674 0.973943 -0.0777307 0.996261 0.0377127 2.86683 -0.000984128 -0.0379038 0.999281 194.149
0.997027 0.0768788 0.0052291 0.979201 -0.0770242 0.996275 0.0387822 2.89235 -0.00222808 -0.0390697 0.999234 195.437
0.997024 0.0769124 0.00516015 0.9797 -0.077054 0.996291 0.0383031 2.92189 -0.00219502 -0.0385867 0.999253 196.724
0.997119 0.0756057 0.00615547 0.98604 -0.0757843 0.996417 0.0375673 2.94383 -0.0032931 -0.0379255 0.999276 198.009
0.997055 0.0762931 0.00781721 0.988573 -0.0765283 0.996405 0.0363411 2.96646 -0.00501652 -0.0368324 0.999309 199.291
0.997055 0.0762953 0.0077804 0.990542 -0.0765267 0.996422 0.0358648 2.98364 -0.00501624 -0.0363546 0.999327 200.57
0.996976 0.0771146 0.00956931 0.989698 -0.077418 0.996314 0.0369592 3.00092 -0.00668393 -0.0375883 0.999271 201.845
0.996971 0.0771646 0.00969089 0.990951 -0.0774829 0.996251 0.0384912 3.01443 -0.0066844 -0.0391255 0.999212 203.118
0.9969 0.0779969 0.0103578 0.97381 -0.0783475 0.996147 0.0394241 3.0302 -0.0072429 -0.0401134 0.999169 204.395
0.996842 0.0784638 0.0122024 0.965596 -0.0788896 0.996097 0.039583 3.04915 -0.00904896 -0.0404207 0.999142 205.65
0.996809 0.0788502 0.0124445 0.967263 -0.0792902 0.996046 0.0400803 3.08924 -0.00923498 -0.0409391 0.999119 206.884
0.996797 0.0786469 0.0145195 0.988385 -0.0791761 0.99604 0.0404363 3.12829 -0.0112818 -0.0414564 0.999077 208.12
0.996747 0.079261 0.0145952 1.00696 -0.0797916 0.995996 0.0403144 3.19556 -0.0113414 -0.0413478 0.999081 209.323
0.996708 0.0795993 0.0153668 1.00798 -0.0801601 0.995971 0.0401975 3.26564 -0.0121052 -0.041297 0.999074 210.518
0.996736 0.0789767 0.0167255 1.03604 -0.0795942 0.996017 0.0402049 3.32614 -0.0134836 -0.0414049 0.999052 211.738
0.996754 0.0789931 0.0155598 1.04386 -0.0795701 0.995993 0.0408281 3.37231 -0.0122723 -0.0419337 0.999045 212.94
0.996754 0.0788331 0.0163506 1.04148 -0.0794586 0.995953 0.0419965 3.42288 -0.0129737 -0.0431594 0.998984 214.118
0.996747 0.0791961 0.0149041 1.05202 -0.079759 0.995929 0.0420044 3.49059 -0.0115168 -0.0430566 0.999007 215.269
0.996733 0.0794762 0.0143652 1.05773 -0.0800128 0.99592 0.0417362 3.53932 -0.0109896 -0.0427493 0.999026 216.413
0.996716 0.0795855 0.0149363 1.08213 -0.0801409 0.99593 0.0412578 3.57291 -0.0115919 -0.0423193 0.999037 217.525
0.996743 0.0794734 0.013672 1.08692 -0.07998 0.995924 0.0416953 3.60128 -0.0103026 -0.042653 0.999037 218.63
0.996778 0.0790753 0.0133849 1.09344 -0.0795704 0.995955 0.0417372 3.6266 -0.0100304 -0.0426678 0.999039 219.722
0.996834 0.0787392 0.0110195 1.09254 -0.0791404 0.995953 0.0425977 3.64609 -0.00762075 -0.043335 0.999032 220.801
0.996874 0.0784767 0.00909784 1.09273 -0.0788045 0.995906 0.0442807 3.66174 -0.00558558 -0.0448593 0.998978 221.875
0.996859 0.0788483 0.007368 1.10509 -0.0791072 0.995773 0.046676 3.6756 -0.00365653 -0.0471123 0.998883 222.935
0.996852 0.0791723 0.00426163 1.11005 -0.0792854 0.995726 0.0473638 3.69491 -0.000493495 -0.0475526 0.998869 223.976
0.996832 0.0795016 0.00204796 1.10723 -0.0795083 0.995684 0.0478839 3.71394 0.00176774 -0.047895 0.998851 224.998
0.996832 0.0795283 -0.00125234 1.10122 -0.0793733 0.995656 0.0486833 3.73975 0.00511861 -0.0484296 0.998814 226.002
0.996805 0.0797764 -0.00393822 1.09636 -0.0794851 0.995608 0.0494752 3.77694 0.00786789 -0.0490041 0.998768 226.992
0.996787 0.0798379 -0.00636918 1.08442 -0.0794249 0.9956 0.0497381 3.8033 0.0103122 -0.0490724 0.998742 227.961
0.996748 0.0799466 -0.0101039 1.0614 -0.0793456 0.995588 0.0500969 3.84295 0.0140644 -0.0491323 0.998694 228.916
0.996694 0.0802595 -0.0126046 1.03757 -0.0795325 0.995564 0.0502825 3.87563 0.0165843 -0.0491138 0.998656 229.84
0.996588 0.080902 -0.0162942 1.01787 -0.0799927 0.995525 0.0503257 3.90977 0.0202928 -0.0488506 0.9986 230.735
0.996514 0.0811692 -0.0192344 0.991195 -0.0801116 0.995505 0.0505304 3.9397 0.0232495 -0.0488134 0.998538 231.616
0.996379 0.0823659 -0.0210821 0.954946 -0.0812084 0.995398 0.0508732 3.96952 0.0251754 -0.0489769 0.998483 232.475
0.996315 0.0828374 -0.0222181 0.913763 -0.081603 0.995325 0.0516613 3.98906 0.0263937 -0.0496579 0.998418 233.317
0.996352 0.0826132 -0.0213539 0.880507 -0.0814062 0.995309 0.0522768 4.01314 0.0255725 -0.0503478 0.998405 234.147
0.996351 0.0825911 -0.0215244 0.849469 -0.0813529 0.995267 0.0531505 4.03384 0.0258123 -0.0512055 0.998355 234.956
0.996349 0.0826769 -0.0212526 0.823847 -0.0814429 0.99524 0.0535314 4.05552 0.0255772 -0.0516052 0.99834 235.747
0.996345 0.0829185 -0.0205052 0.808289 -0.0817517 0.995276 0.0523674 4.07726 0.0247506 -0.0504997 0.998418 236.522
0.996358 0.0827556 -0.0205071 0.79146 -0.0816154 0.995343 0.0512972 4.09632 0.0246568 -0.0494367 0.998473 237.289
0.996371 0.082981 -0.0189334 0.76872 -0.0819374 0.995359 0.0504777 4.11364 0.0230343 -0.0487432 0.998546 238.048
0.996356 0.0833571 -0.0180346 0.752417 -0.0823612 0.995333 0.0502854 4.14038 0.0221421 -0.0486169 0.998572 238.806
0.996393 0.083279 -0.0162566 0.729929 -0.082376 0.995347 0.0499849 4.15547 0.0203437 -0.0484655 0.998618 239.558
0.996457 0.0829525 -0.0138065 0.713121 -0.0821588 0.995337 0.0505398 4.17641 0.0179345 -0.0492264 0.998627 240.313
0.996475 0.0829348 -0.0125523 0.701069 -0.0822033 0.995335 0.0505194 4.19291 0.0166836 -0.0493095 0.998645 241.052
0.996501 0.0829628 -0.0100823 0.689434 -0.0823594 0.995343 0.050098 4.1983 0.0141917 -0.0490924 0.998694 241.791
0.996511 0.0831097 -0.0075726 0.671399 -0.0826288 0.995317 0.0501648 4.20835 0.0117063 -0.0493641 0.998713 242.53
0.996593 0.082363 -0.00426886 0.653875 -0.0820416 0.995336 0.0507539 4.23138 0.0084292 -0.0502308 0.998702 243.253
0.996706 0.0810932 -0.000491946 0.65019 -0.0809614 0.995398 0.0512682 4.23324 0.00464719 -0.0510595 0.998685 243.979
0.996712 0.0809934 0.00216866 0.648266 -0.0809975 0.995387 0.0514331 4.24972 0.00200709 -0.0514397 0.998674 244.703
0.996722 0.0806983 0.0055953 0.64739 -0.0808786 0.995429 0.0507888 4.27604 -0.00147115 -0.0510749 0.998694 245.424
0.996734 0.080307 0.00837846 0.643903 -0.0806327 0.99542 0.0513652 4.30163 -0.00421509 -0.0518731 0.998645 246.135
0.996655 0.0808832 0.0116498 0.640228 -0.0813759 0.995376 0.051042 4.32937 -0.00746745 -0.0518194 0.998629 246.844
0.996589 0.0810511 0.0155095 0.64051 -0.0817431 0.995351 0.0509395 4.35967 -0.0113087 -0.0520336 0.998582 247.565
0.996558 0.0808398 0.0183149 0.638794 -0.0816871 0.995324 0.0515601 4.39279 -0.0140612 -0.0528788 0.998502 248.283
0.996493 0.0808256 0.0216028 0.649546 -0.0818508 0.9953 0.0517579 4.4295 -0.0173179 -0.0533447 0.998426 249.003
0.996432 0.0809756 0.0237508 0.663152 -0.0821155 0.995278 0.0517632 4.46058 -0.0194471 -0.0535289 0.998377 249.729
0.996349 0.081137 0.02653 0.683401 -0.0824028 0.995308 0.0507288 4.49109 -0.0222895 -0.0527298 0.99836 250.464
0.996122 0.0831545 0.0287056 0.705289 -0.0844457 0.995312 0.0471582 4.51897 -0.0246496 -0.0493995 0.998475 251.198
0.99613 0.0826424 0.0298806 0.726401 -0.0839719 0.995389 0.0463799 4.54671 -0.0259098 -0.0487096 0.998477 251.939
0.996045 0.0831732 0.0312378 0.755482 -0.0845738 0.995329 0.0465707 4.57594 -0.0272184 -0.0490285 0.998427 252.687
0.996153 0.0819876 0.0309269 0.780663 -0.0833741 0.995429 0.0465821 4.61138 -0.0269664 -0.0489814 0.998436 253.439
0.996038 0.0830249 0.0318356 0.809249 -0.0844451 0.995356 0.0462143 4.64012 -0.0278508 -0.0487196 0.998424 254.191
0.99604 0.0828836 0.0321411 0.827304 -0.0843232 0.995359 0.046374 4.68861 -0.0281483 -0.0489007 0.998407 254.952
0.996039 0.082711 0.0326199 0.859912 -0.0841565 0.995402 0.0457584 4.71689 -0.0286852 -0.0483224 0.99842 255.736
0.996295 0.0793842 0.0330538 0.8922 -0.0808151 0.995737 0.0444762 4.73517 -0.0293821 -0.0469828 0.998464 256.533
0.996451 0.0774623 0.0329151 0.924018 -0.0788551 0.995943 0.0433646 4.73929 -0.0294224 -0.0458062 0.998517 257.332
0.99624 0.0794858 0.0344361 0.95016 -0.0810504 0.995615 0.0467111 4.74326 -0.0305722 -0.0493266 0.998315 258.155
0.995712 0.0859744 0.0341328 0.973663 -0.0876877 0.994772 0.05235 4.7605 -0.0294536 -0.0551186 0.998046 258.992
0.995768 0.0850694 0.0347554 0.990157 -0.0869189 0.994657 0.055715 4.78685 -0.0298301 -0.0585002 0.997842 259.844
0.99586 0.0828346 0.0374275 1.00947 -0.0848015 0.99491 0.0544402 4.82612 -0.0327274 -0.0573888 0.997816 260.682
0.995577 0.0844241 0.0412068 1.03211 -0.0863965 0.99507 0.048695 4.87188 -0.0368927 -0.0520398 0.997964 261.517
0.995166 0.0867096 0.0460911 1.05222 -0.088775 0.995043 0.0448279 4.91365 -0.0419757 -0.048703 0.997931 262.362
0.994926 0.0875997 0.0494592 1.07498 -0.0898765 0.994897 0.0458555 4.94137 -0.0451899 -0.0500682 0.997723 263.226
0.994845 0.0864584 0.0529824 1.1165 -0.0890263 0.994863 0.048188 4.96463 -0.048544 -0.0526564 0.997432 264.104
0.994898 0.0834721 0.056643 1.17242 -0.0863801 0.994957 0.0509926 5.00818 -0.0521009 -0.0556254 0.997092 264.99
0.994934 0.0811349 0.0593467 1.23086 -0.0842904 0.995044 0.0527528 5.07144 -0.0547725 -0.0574879 0.996843 265.877
0.994711 0.0810188 0.0631229 1.28796 -0.0844394 0.994989 0.0535485 5.13014 -0.0584682 -0.0585954 0.996568 266.769
0.994482 0.0823829 0.0649369 1.34629 -0.0858566 0.994916 0.0526514 5.18428 -0.0602692 -0.0579362 0.9965 267.675
0.994362 0.0822599 0.0668997 1.40613 -0.0857974 0.994963 0.0518428 5.23847 -0.0622982 -0.0572904 0.996412 268.582
0.994217 0.081712 0.06967 1.47055 -0.0854566 0.994954 0.052574 5.28978 -0.0650226 -0.0582238 0.996184 269.493
0.994042 0.0819666 0.0718366 1.53683 -0.0859568 0.994817 0.0543326 5.3348 -0.0670108 -0.0601838 0.995936 270.409
0.993817 0.0819463 0.0749077 1.59839 -0.0862401 0.9947 0.0560032 5.38805 -0.0699215 -0.062117 0.995617 271.331
0.993639 0.0822575 0.0768949 1.66811 -0.086764 0.994585 0.0572232 5.43652 -0.0717715 -0.063531 0.995396 272.25
0.99349 0.0819677 0.0791083 1.73355 -0.0866069 0.994605 0.0571091 5.4903 -0.0740005 -0.0635886 0.995229 273.164
0.993333 0.0808111 0.0822049 1.80167 -0.085613 0.994716 0.056666 5.53054 -0.0771913 -0.0633261 0.995003 274.071
0.993341 0.0792175 0.0836431 1.87974 -0.0841936 0.994776 0.0577392 5.57585 -0.0786323 -0.064397 0.994822 274.982
0.993294 0.0786211 0.0847608 1.95358 -0.0837276 0.994772 0.0584721 5.60134 -0.0797206 -0.0651768 0.994685 275.893
0.993334 0.0782869 0.0846066 2.02247 -0.0834051 0.994783 0.058752 5.63258 -0.0795658 -0.0654171 0.994681 276.812
0.993312 0.0783545 0.0847979 2.09215 -0.0835454 0.994726 0.0595005 5.66678 -0.0796886 -0.0661871 0.99462 277.757
0.993274 0.0787911 0.0848339 2.15833 -0.0840441 0.99464 0.0602372 5.6945 -0.0796331 -0.0669619 0.994573 278.696
0.993297 0.0795644 0.083835 2.2235 -0.0848269 0.994515 0.0611972 5.72747 -0.0785061 -0.0678986 0.994599 279.65
0.993354 0.0795736 0.0831584 2.28898 -0.0848201 0.994492 0.0615845 5.76709 -0.0777999 -0.0682287 0.994632 280.618
0.993587 0.0804341 0.079454 2.35339 -0.0853841 0.994479 0.0609989 5.80401 -0.0741091 -0.0673919 0.994971 281.605
0.993735 0.0811327 0.0768587 2.41701 -0.0859496 0.994395 0.0615835 5.85142 -0.0714315 -0.0678037 0.995139 282.6
0.99389 0.0811581 0.0748018 2.4784 -0.0859 0.994341 0.0625172 5.91638 -0.0693047 -0.0685608 0.995237 283.583
0.994011 0.0819083 0.0723353 2.5383 -0.086518 0.994252 0.0630751 5.97184 -0.0667532 -0.0689557 0.995384 284.548
0.994162 0.0821743 0.0699155 2.59455 -0.0867005 0.994153 0.064372 6.03015 -0.064217 -0.0700579 0.995474 285.515
0.994442 0.081843 0.0662209 2.65189 -0.086248 0.994042 0.0666454 6.08244 -0.0603719 -0.0719865 0.995577 286.488
0.994841 0.080516 0.061707 2.70715 -0.0847605 0.99397 0.0695677 6.13789 -0.0557336 -0.0744392 0.995667 287.461
0.995201 0.0801284 0.0561598 2.75765 -0.0840875 0.993848 0.0720901 6.17868 -0.0500379 -0.0764665 0.995816 288.419
0.995483 0.0802868 0.050653 2.80082 -0.0839128 0.993717 0.0740628 6.22618 -0.0443885 -0.0779787 0.995967 289.364
0.995729 0.0801426 0.0458158 2.83516 -0.083445 0.993656 0.0754012 6.27918 -0.0394823 -0.0789023 0.9961 290.291
0.995975 0.0798744 0.040642 2.86574 -0.0828115 0.993616 0.0766168 6.33338 -0.0342628 -0.0796741 0.996232 291.201
0.996173 0.0798317 0.0355677 2.8925 -0.0823919 0.99358 0.0775287 6.36259 -0.0291501 -0.0801625 0.996356 292.109
0.99628 0.0804639 0.0308254 2.90295 -0.0826627 0.993494 0.0783416 6.3987 -0.0243212 -0.0805983 0.99645 293.019
0.996333 0.0815845 0.0257533 2.90935 -0.0833998 0.993317 0.0797897 6.43729 -0.0190716 -0.0816449 0.996479 293.93
0.9964 0.0821289 0.0210057 2.91406 -0.083574 0.993199 0.081069 6.4841 -0.0142047 -0.0825327 0.996487 294.813
0.996499 0.0819775 0.0163575 2.91127 -0.0830517 0.993145 0.0822625 6.53227 -0.00950166 -0.0833331 0.996477 295.671
0.996599 0.0815602 0.0117119 2.90549 -0.0822545 0.993127 0.0832698 6.58148 -0.00483986 -0.0839501 0.996459 296.509
0.996519 0.0831028 0.00658053 2.89292 -0.0833617 0.992965 0.0841006 6.62608 0.000454771 -0.0843564 0.996436 297.328
0.996475 0.0838827 -0.000382843 2.87585 -0.0835547 0.992963 0.0839306 6.69191 0.00742049 -0.0836028 0.996472 298.155
0.996372 0.0846393 -0.00884487 2.85758 -0.0835977 0.992924 0.0843388 6.75443 0.0159207 -0.0832934 0.996398 298.93
0.996221 0.0845728 -0.0197386 2.82995 -0.0826022 0.992923 0.0853272 6.80817 0.0268153 -0.0833744 0.996158 299.652
0.995826 0.0851694 -0.0327849 2.79621 -0.082056 0.99284 0.0868078 6.85101 0.0399436 -0.0837553 0.995686 300.335
0.995137 0.0855593 -0.0487826 2.75146 -0.0809921 0.992738 0.0889556 6.8933 0.0560393 -0.0845721 0.994841 300.994
0.993846 0.0870892 -0.0684425 2.69776 -0.0807074 0.992571 0.0910456 6.94933 0.0758632 -0.0849616 0.993492 301.639
0.991996 0.088188 -0.090362 2.62789 -0.0797458 0.992456 0.0931261 6.99948 0.097893 -0.0851748 0.991546 302.274
0.989201 0.0896401 -0.115946 2.5435 -0.0787362 0.992317 0.0954357 7.03999 0.12361 -0.0852761 0.98866 302.907
0.985509 0.0907144 -0.143325 2.44985 -0.0770193 0.992164 0.09838 7.07592 0.151127 -0.0859156 0.984774 303.522
0.980671 0.0914509 -0.172972 2.33361 -0.074603 0.992032 0.101525 7.11879 0.180879 -0.0866586 0.97968 304.095
0.974165 0.0913001 -0.206554 2.20196 -0.0706761 0.991945 0.105127 7.16948 0.214488 -0.0878123 0.972772 304.66
0.965981 0.0914131 -0.241916 2.05414 -0.0666055 0.991828 0.108824 7.21476 0.249887 -0.0890089 0.964176 305.184
0.956054 0.091981 -0.278387 1.89133 -0.0625082 0.99163 0.112971 7.26117 0.286449 -0.0906053 0.953802 305.685
0.943928 0.0932794 -0.316698 1.7102 -0.0587549 0.991406 0.116885 7.3103 0.32488 -0.0917235 0.941297 306.185
0.929875 0.093692 -0.355744 1.51127 -0.0538773 0.991282 0.120243 7.35678 0.363908 -0.0926449 0.926816 306.659
0.913449 0.0942216 -0.395893 1.29861 -0.0485942 0.991122 0.123762 7.40655 0.40404 -0.0938125 0.909918 307.126
0.894549 0.094431 -0.436878 1.07076 -0.0426294 0.990997 0.126915 7.46127 0.44493 -0.0949084 0.890522 307.57
0.872715 0.0937498 -0.479142 0.824187 -0.0354744 0.990973 0.129282 7.51495 0.486938 -0.095829 0.868164 307.991
0.848346 0.0930107 -0.521206 0.555068 -0.0278833 0.990931 0.13145 7.57172 0.528706 -0.096982 0.843247 308.401
0.820685 0.0925568 -0.563834 0.276381 -0.0201979 0.990876 0.133259 7.63271 0.571024 -0.0979755 0.815066 308.793
0.789809 0.0935559 -0.606174 -0.0154289 -0.0138429 0.990766 0.134877 7.69176 0.613196 -0.0981356 0.783812 309.155
0.755927 0.0933893 -0.64796 -0.331331 -0.00595944 0.990713 0.135837 7.74619 0.654629 -0.0988216 0.749464 309.493
0.718345 0.0924213 -0.68952 -0.655049 0.0046278 0.99048 0.137582 7.7942 0.695672 -0.102023 0.711079 309.812
0.676776 0.0911609 -0.730523 -1.00666 0.017709 0.990001 0.139947 7.84676 0.735976 -0.107649 0.668395 310.11
0.63036 0.0913152 -0.770913 -1.371 0.0292964 0.989552 0.141168 7.896 0.77575 -0.111572 0.621099 310.374
0.580414 0.0942008 -0.808854 -1.73385 0.0361744 0.989324 0.141176 7.94709 0.813518 -0.111201 0.57081 310.597
0.528332 0.099704 -0.843163 -2.11857 0.0395854 0.989109 0.141766 7.99711 0.848115 -0.108277 0.518631 310.793
0.473962 0.104017 -0.87438 -2.51368 0.0439436 0.988967 0.141468 8.04594 0.879449 -0.105474 0.464162 310.959
0.41774 0.106043 -0.902356 -2.90798 0.0508252 0.988883 0.13974 8.09289 0.907144 -0.104238 0.407706 311.094
0.360757 0.108018 -0.926383 -3.30969 0.0586918 0.988673 0.138138 8.14429 0.930812 -0.104205 0.350331 311.201
0.302786 0.11054 -0.946626 -3.71042 0.0674942 0.98827 0.136992 8.18788 0.950666 -0.105371 0.291774 311.282
0.244577 0.113701 -0.96294 -4.11886 0.0754605 0.987857 0.13581 8.2377 0.96669 -0.10588 0.233027 311.337
0.183864 0.116306 -0.976046 -4.52611 0.0835967 0.987528 0.133421 8.28583 0.979391 -0.106126 0.171847 311.366
0.12009 0.119837 -0.985503 -4.93724 0.0899576 0.987291 0.131016 8.33506 0.988679 -0.104387 0.107783 311.374
0.0571764 0.125461 -0.990449 -5.35937 0.0977098 0.986607 0.130615 8.38463 0.993572 -0.104245 0.0441516 311.35
-0.0084918 0.130656 -0.991391 -5.79011 0.105376 0.986024 0.129046 8.43104 0.994397 -0.103373 -0.0221414 311.301
-0.0755758 0.135836 -0.987844 -6.22282 0.113206 0.985442 0.126844 8.47122 0.990693 -0.102243 -0.0898533 311.229
-0.140781 0.142061 -0.979795 -6.66248 0.119985 0.984806 0.125547 8.5169 0.982744 -0.099886 -0.155688 311.119
-0.206447 0.147504 -0.967275 -7.10786 0.127435 0.984205 0.122887 8.56427 0.970124 -0.0978956 -0.221984 310.987
-0.269707 0.151316 -0.950979 -7.55859 0.135506 0.983714 0.118094 8.60545 0.953361 -0.0970121 -0.285819 310.819
-0.330787 0.15377 -0.931093 -8.00561 0.142575 0.983454 0.111765 8.64492 0.932873 -0.0957806 -0.347238 310.621
-0.390087 0.153998 -0.907808 -8.45319 0.148513 0.983529 0.103027 8.68304 0.908722 -0.0946317 -0.406533 310.391
-0.445188 0.153984 -0.882097 -8.9043 0.153613 0.983633 0.0941808 8.72251 0.882163 -0.0935739 -0.461556 310.121
-0.496586 0.154103 -0.854198 -9.34864 0.157528 0.983772 0.085901 8.76426 0.853573 -0.0919026 -0.512803 309.822
-0.542919 0.154556 -0.82544 -9.79597 0.161141 0.983827 0.0782252 8.80156 0.82418 -0.0905423 -0.559044 309.479
-0.584044 0.154472 -0.796888 -10.2495 0.163108 0.984036 0.0712071 8.83508 0.795165 -0.0883904 -0.599916 309.105
-0.621651 0.156095 -0.767583 -10.7043 0.166393 0.983894 0.0653249 8.87297 0.765417 -0.0871115 -0.637612 308.695
-0.658224 0.161951 -0.735195 -11.1664 0.174147 0.982854 0.0605914 8.89269 0.732402 -0.0881496 -0.675142 308.265
-0.693918 0.166332 -0.700579 -11.6265 0.179705 0.982171 0.0551911 8.90813 0.697269 -0.0875997 -0.711438 307.792
-0.727342 0.167107 -0.665619 -12.0677 0.181988 0.982143 0.0477084 8.91603 0.661705 -0.0864346 -0.744766 307.279
-0.758339 0.164172 -0.630847 -12.4971 0.181494 0.982675 0.0375585 8.90624 0.626084 -0.0860128 -0.774998 306.722
-0.786501 0.161379 -0.596131 -12.9233 0.181365 0.98305 0.0268388 8.89461 0.590357 -0.0870088 -0.802439 306.117
-0.812342 0.156435 -0.561807 -13.3263 0.178658 0.983788 0.0156056 8.8903 0.55514 -0.087694 -0.827121 305.471
-0.835267 0.154861 -0.527585 -13.7137 0.17844 0.983931 0.00630694 8.87522 0.520084 -0.0888744 -0.849479 304.796
-0.857085 0.153888 -0.491653 -14.1005 0.177373 0.984143 -0.00117216 8.86565 0.483676 -0.0882108 -0.870791 304.064
-0.877098 0.149845 -0.456337 -14.4569 0.173302 0.984821 -0.0097135 8.85356 0.447955 -0.087604 -0.889754 303.3
-0.895779 0.148569 -0.418934 -14.7994 0.17133 0.985067 -0.0170036 8.83571 0.410152 -0.0870074 -0.907858 302.487
-0.912035 0.150609 -0.381454 -15.112 0.172237 0.984788 -0.0229861 8.81764 0.372189 -0.0866646 -0.924102 301.642
-0.926988 0.152898 -0.342511 -15.4198 0.172808 0.984552 -0.0281882 8.76607 0.33291 -0.0853188 -0.939091 300.763
-0.940234 0.152274 -0.304584 -15.7048 0.170196 0.984857 -0.0330128 8.72359 0.294944 -0.0828785 -0.951914 299.848
-0.950202 0.157843 -0.2687 -15.9669 0.173803 0.984103 -0.036525 8.67541 0.258663 -0.081407 -0.962532 298.894
-0.959443 0.158567 -0.233074 -16.2017 0.172845 0.984052 -0.0420334 8.61942 0.222692 -0.0806145 -0.97155 297.914
-0.967221 0.156686 -0.199827 -16.4076 0.16968 0.984254 -0.0495399 8.56317 0.188918 -0.0818227 -0.978578 296.917
-0.973644 0.155561 -0.166782 -16.5838 0.167026 0.984304 -0.0569883 8.49391 0.155299 -0.0833434 -0.984346 295.889
-0.97863 0.154943 -0.135186 -16.7233 0.164433 0.984435 -0.0620461 8.41604 0.123468 -0.0829492 -0.988876 294.832
-0.98224 0.155067 -0.105625 -16.8225 0.162587 0.984437 -0.0667047 8.35178 0.0936368 -0.0826933 -0.992167 293.754
-0.98523 0.153166 -0.0765535 -16.9144 0.158655 0.984732 -0.0716409 8.27915 0.0644113 -0.0827284 -0.994489 292.637
-0.986857 0.153315 -0.0510611 -16.9634 0.156866 0.984777 -0.0748826 8.18581 0.0388028 -0.0819082 -0.995885 291.503
-0.988201 0.151103 -0.0249936 -16.983 0.152609 0.985257 -0.077329 8.09393 0.0129401 -0.0802309 -0.996693 290.344
-0.988595 0.150575 -0.00257766 -16.9865 0.150312 0.985526 -0.0783963 7.99786 -0.00926462 -0.0778896 -0.996919 289.164
-0.988719 0.14865 0.0183481 -16.9455 0.146694 0.985799 -0.0817443 7.8814 -0.0302393 -0.0781306 -0.996485 287.951
-0.988859 0.144695 0.0349387 -16.8907 0.141305 0.986286 -0.0852779 7.76843 -0.0467993 -0.0793907 -0.995745 286.716
-0.988878 0.141214 0.0466676 -16.835 0.136781 0.986735 -0.0874427 7.65972 -0.0583972 -0.0800869 -0.995076 285.454
-0.988733 0.139146 0.055167 -16.7525 0.134088 0.987169 -0.0867026 7.54879 -0.0665239 -0.0783285 -0.994706 284.191
-0.98893 0.136488 0.0582063 -16.6503 0.131264 0.987635 -0.0857115 7.43741 -0.0691856 -0.0771223 -0.994619 282.916
-0.988977 0.135547 0.0595855 -16.5635 0.130189 0.987742 -0.0861204 7.32215 -0.070529 -0.0774137 -0.994502 281.607
-0.989238 0.134712 0.0570983 -16.4807 0.129528 0.987802 -0.0864275 7.20096 -0.0680451 -0.0781016 -0.994621 280.263
-0.98929 0.134974 0.0555597 -16.4025 0.129984 0.987838 -0.0853262 7.08649 -0.0664013 -0.0771905 -0.994803 278.9
-0.989481 0.134443 0.0533958 -16.3366 0.129696 0.987975 -0.0841707 6.9589 -0.0640704 -0.0763601 -0.99502 277.533
