1 0 0 0 0 1 0 0 0 0 1 0
0.999998 0.000936367 0.00155708 0.00212687 -0.000936079 1 -0.000186031 -0.0274416 -0.00155726 0.000184573 0.999999 1.21899
0.999985 0.00166576 0.00515973 0.00824403 -0.00166485 0.999999 -0.000180317 -0.0571481 -0.00516002 0.000171724 0.999987 2.44221
0.999971 0.00114344 0.00754469 0.0165327 -0.00113082 0.999998 -0.00167624 -0.0793296 -0.00754659 0.00166766 0.99997 3.66883
0.999955 0.000733805 0.00949033 0.0325862 -0.000724628 0.999999 -0.000970351 -0.0790065 -0.00949104 0.00096343 0.999955 4.87788
0.999935 -0.000320112 0.0114408 0.0539261 0.000321498 1 -0.00011926 -0.0881701 -0.0114407 0.00012293 0.999935 6.08853
0.999925 0.00051044 0.0122197 0.060322 -0.000490223 0.999999 -0.0016574 -0.12046 -0.0122205 0.00165129 0.999924 7.29599
0.999911 -0.000680549 0.0133458 0.070602 0.000701738 0.999999 -0.00158308 -0.123068 -0.0133447 0.0015923 0.99991 8.52283
0.999908 -0.00108737 0.013506 0.0773233 0.00109592 0.999999 -0.000625643 -0.141634 -0.0135053 0.000640387 0.999909 9.74304
0.99992 -0.00210894 0.012504 0.0960353 0.00211061 0.999998 -0.000119685 -0.155984 -0.0125037 0.000146066 0.999922 10.9674
0.999943 -0.00155319 0.0105238 0.107366 0.00155323 0.999999 5.0722e-06 -0.174029 -0.0105238 1.12739e-05 0.999945 12.2003
0.99996 -0.00195155 0.00872082 0.118772 0.00195813 0.999998 -0.000745605 -0.198111 -0.00871935 0.000762651 0.999962 13.3966
0.999972 -0.00169496 0.00732491 0.121317 0.00170079 0.999998 -0.000789611 -0.210993 -0.00732355 0.000802047 0.999973 14.5982
0.999981 -0.000402927 0.00610454 0.120583 0.000408213 0.999999 -0.00086474 -0.216626 -0.00610419 0.000867215 0.999981 15.7833
0.999979 -0.00108823 0.00630751 0.129198 0.00109365 0.999999 -0.000855161 -0.215526 -0.00630657 0.000862042 0.99998 17.0015
0.999979 -0.00141062 0.00630127 0.136095 0.00141335 0.999999 -0.000427584 -0.242345 -0.00630066 0.000436481 0.99998 18.2119
0.999986 -0.00117363 0.00514287 0.153281 0.00117919 0.999999 -0.00107898 -0.25238 -0.0051416 0.00108503 0.999986 19.42
0.999982 -0.00239951 0.00553172 0.160524 0.00241126 0.999995 -0.00211904 -0.276637 -0.00552661 0.00213234 0.999982 20.6492
0.99999 -0.00201541 0.00387207 0.164028 0.00202586 0.999994 -0.00269746 -0.29736 -0.00386661 0.00270528 0.999989 21.8438
0.999994 -0.000793451 0.00341711 0.162274 0.000800257 0.999998 -0.00199087 -0.313453 -0.00341552 0.00199359 0.999992 23.0792
0.999996 -0.00124816 0.00269677 0.165291 0.00125665 0.999994 -0.00314826 -0.337959 -0.00269282 0.00315163 0.999991 24.3286
0.999999 -0.00104176 0.00133341 0.154996 0.00104731 0.999991 -0.00416993 -0.359212 -0.00132905 0.00417132 0.99999 25.5395
0.999997 -0.00108441 0.00206339 0.150727 0.0010978 0.999978 -0.00649731 -0.39807 -0.0020563 0.00649956 0.999977 26.7639
0.999999 -0.00170124 0.000366103 0.152753 0.00170341 0.99998 -0.00601441 -0.412971 -0.000355865 0.00601503 0.999982 27.9586
0.999997 -0.0021772 -0.000677406 0.155841 0.00217218 0.999971 -0.00731858 -0.429215 0.00069332 0.00731709 0.999973 29.2194
0.999997 -0.00224306 -0.000579245 0.151913 0.00223867 0.999969 -0.00747661 -0.458297 0.000595997 0.00747529 0.999972 30.4243
0.999994 -0.00244579 -0.00243511 0.140732 0.00242563 0.999963 -0.0082491 -0.484923 0.0024552 0.00824315 0.999963 31.6231
0.999995 -0.00227081 -0.00223333 0.137613 0.00225249 0.999964 -0.00817333 -0.504302 0.00225181 0.00816826 0.999964 32.8275
0.99999 -0.00248255 -0.00384032 0.129336 0.00245233 0.999966 -0.00785211 -0.526595 0.00385968 0.00784261 0.999962 34.0277
0.999987 -0.00297872 -0.00412659 0.115316 0.00294684 0.999966 -0.00770895 -0.54988 0.00414941 0.00769669 0.999962 35.2259
0.999981 -0.00313948 -0.00528602 0.097721 0.00310042 0.999968 -0.00738149 -0.59383 0.00530903 0.00736496 0.999959 36.5169
0.999968 -0.00324173 -0.00728102 0.0850064 0.00319115 0.999971 -0.00694807 -0.606464 0.00730333 0.00692461 0.999949 37.7669
0.999964 -0.00328843 -0.00781007 0.0732698 0.0032412 0.999976 -0.00605188 -0.632432 0.00782978 0.00602635 0.999951 39.0344
0.999959 -0.00296078 -0.00854759 0.0591961 0.00291401 0.999981 -0.00547805 -0.650616 0.00856364 0.00545292 0.999949 40.2361
0.999952 -0.0020191 -0.00963606 0.052362 0.00197397 0.999987 -0.00469032 -0.672313 0.00964541 0.00467107 0.999943 41.4685
0.999963 -0.000520907 -0.00862437 0.0454765 0.000472668 0.999984 -0.00559429 -0.693305 0.00862715 0.00559001 0.999947 42.7107
0.999957 -8.52605e-05 -0.00924208 0.0327861 3.80647e-05 0.999987 -0.00510658 -0.707368 0.0092424 0.00510601 0.999944 43.9021
0.999965 0.00193088 -0.00809858 0.0177247 -0.00196073 0.999991 -0.00367945 -0.739857 0.0080914 0.00369521 0.999961 45.1077
0.999975 0.0023076 -0.006667 0.00118591 -0.00231298 0.999997 -0.000799875 -0.769285 0.00666514 0.000815276 0.999978 46.3293
0.999982 0.00319423 -0.00499684 -0.0140423 -0.00319109 0.999995 0.000636043 -0.789312 0.00499884 -0.000620087 0.999987 47.5324
0.99999 0.00346327 -0.00275807 -0.0276253 -0.00345462 0.999989 0.00313316 -0.79229 0.00276889 -0.0031236 0.999991 48.7348
0.999996 0.00221058 -0.00155596 -0.0364737 -0.00220378 0.999988 0.00435889 -0.801375 0.00156557 -0.00435545 0.999989 49.9641
0.999999 0.00127248 0.000171094 -0.0451039 -0.00127305 0.999993 0.0033904 -0.811533 -0.000166781 -0.00339062 0.999994 51.1777
0.999993 0.00265024 0.00264226 -0.064305 -0.00265648 0.999994 0.002361 -0.817715 -0.00263599 -0.002368 0.999994 52.4318
0.999994 0.00265111 0.00246559 -0.0667201 -0.00265509 0.999995 0.0016133 -0.822321 -0.0024613 -0.00161984 0.999996 53.6498
0.999991 0.00157135 0.00398267 -0.0688667 -0.00157866 0.999997 0.0018326 -0.83588 -0.00397978 -0.00183887 0.99999 54.8931
0.999998 0.000657679 0.00208196 -0.0672844 -0.000660473 0.999999 0.00134083 -0.854076 -0.00208108 -0.00134221 0.999997 56.1102
1 0.000203553 0.000709917 -0.0711942 -0.000204951 0.999998 0.00196636 -0.856054 -0.000709518 -0.00196651 0.999998 57.3206
1 -0.000369792 0.000499668 -0.0775823 0.000368526 0.999997 0.00252768 -0.861402 -0.000500603 -0.0025275 0.999997 58.5184
0.999999 -0.00148326 0.000772369 -0.0765983 0.001482 0.999997 0.00162675 -0.862107 -0.000774782 -0.00162561 0.999998 59.8206
0.999999 -0.00126659 0.000788841 -0.0839242 0.00126515 0.999997 0.00182155 -0.862924 -0.000791148 -0.00182055 0.999998 61.0183
1 -0.000337217 -0.000477014 -0.0875556 0.000338035 0.999998 0.00171944 -0.874258 0.000476431 -0.0017196 0.999998 62.2317
0.999998 -0.00132758 -0.00129608 -0.0919588 0.00132916 0.999998 0.00122506 -0.905924 0.00129445 -0.00122678 0.999998 63.4614
0.999998 -0.00175929 -0.000912796 -0.100491 0.00176023 0.999998 0.00103417 -0.931755 0.000910971 -0.00103577 0.999999 64.6621
0.999998 -0.00073471 -0.00176618 -0.109056 0.000736272 0.999999 0.000884923 -0.951671 0.00176553 -0.000886223 0.999998 65.902
0.999998 -0.00121372 -0.00150208 -0.115477 0.00121719 0.999996 0.00230966 -0.966328 0.00149927 -0.00231149 0.999996 67.0906
0.999996 -0.000342626 -0.00276892 -0.12506 0.000346433 0.999999 0.00137535 -0.980466 0.00276845 -0.00137631 0.999995 68.3033
0.999997 0.00043768 -0.00244164 -0.14229 -0.000436901 1 0.000320514 -1.00703 0.00244178 -0.000319448 0.999997 69.4947
0.999994 0.00241527 -0.00238172 -0.169445 -0.00241155 0.999996 0.00156545 -1.01139 0.00238549 -0.0015597 0.999996 70.7094
0.999982 0.00398857 -0.00439087 -0.182398 -0.00398014 0.99999 0.00192921 -1.02628 0.00439852 -0.0019117 0.999988 71.9103
0.999979 0.00588883 -0.00253069 -0.200603 -0.00588325 0.99998 0.00220485 -1.05774 0.00254362 -0.00218992 0.999994 73.1157
0.999978 0.00633159 -0.00209108 -0.215686 -0.00632385 0.999973 0.00368938 -1.0782 0.00211438 -0.00367608 0.999991 74.3174
0.999971 0.00758047 0.000876836 -0.220343 -0.00758451 0.99996 0.00469445 -1.10728 -0.000841219 -0.00470097 0.999989 75.5197
0.999968 0.00657434 0.0044966 -0.216855 -0.0065931 0.999969 0.00416981 -1.10346 -0.00446905 -0.00419932 0.999981 76.7042
0.99997 0.00497476 0.00592213 -0.217501 -0.00497883 0.999987 0.000672271 -1.12951 -0.00591872 -0.000701737 0.999982 77.8765
0.999928 0.00610182 0.0103437 -0.206774 -0.00609857 0.999981 -0.000345549 -1.14586 -0.0103456 0.000282441 0.999946 79.0452
0.999908 0.00592935 0.0122279 -0.200893 -0.00596364 0.999978 0.0027698 -1.18729 -0.0122112 -0.00284247 0.999921 80.223
0.999867 0.0049395 0.0155686 -0.190449 -0.00500318 0.999979 0.0040538 -1.21694 -0.0155483 -0.00413116 0.999871 81.3934
0.999755 0.00681498 0.0210535 -0.168928 -0.00687054 0.999973 0.00256747 -1.22507 -0.0210354 -0.00271149 0.999775 82.5634
0.999709 0.0064764 0.0232359 -0.1518 -0.00652609 0.999976 0.00206319 -1.23088 -0.023222 -0.00221423 0.999728 83.7169
0.999579 0.00708442 0.0281312 -0.120262 -0.00711638 0.999974 0.00103586 -1.25324 -0.0281231 -0.00123561 0.999604 84.8767
0.999528 0.00564171 0.0301988 -0.093188 -0.00566307 0.999984 0.000621925 -1.26334 -0.0301948 -0.000792649 0.999544 86.0213
0.999297 0.00111838 0.0374736 -0.00330526 -0.00125663 0.999992 0.00366591 -1.19974 -0.0374692 -0.00371042 0.999291 87.1664
0.999041 -0.00455438 0.0435548 0.0402139 0.00414119 0.999945 0.00957218 -1.05687 -0.043596 -0.00938263 0.999005 88.268
0.998751 -0.00748829 0.049404 0.0248773 0.00709908 0.999942 0.00804892 -0.951806 -0.0494614 -0.00768815 0.998747 89.2377
0.998489 -0.00850948 0.0542931 0.0624379 0.00818144 0.999947 0.00626131 -0.931033 -0.0543435 -0.00580765 0.998505 90.3885
0.998358 -0.0090191 0.0565771 0.126312 0.00863953 0.999938 0.00694983 -0.927474 -0.0566363 -0.00644961 0.998374 91.5397
0.998152 -0.00978771 0.0599769 0.190277 0.00926979 0.999917 0.00890753 -0.940897 -0.0600591 -0.00833509 0.99816 92.6943
0.997873 -0.0109062 0.0642629 0.249934 0.0101713 0.999879 0.0117523 -0.904373 -0.0643834 -0.0110737 0.997864 93.8614
0.997734 -0.0113033 0.0663306 0.317712 0.0104553 0.999859 0.0131182 -0.90452 -0.0664696 -0.012395 0.997712 95.0252
0.997433 -0.0138292 0.0702594 0.403784 0.0129058 0.999824 0.0135789 -0.892101 -0.0704348 -0.0126373 0.997436 96.1774
0.997324 -0.0136571 0.071816 0.480271 0.0127396 0.999831 0.0132183 -0.881073 -0.0719845 -0.012268 0.99733 97.3294
0.997127 -0.0143342 0.0743838 0.55899 0.013585 0.999852 0.0105681 -0.885648 -0.0745243 -0.00952719 0.997174 98.4824
0.996879 -0.0143944 0.077618 0.638912 0.0137574 0.999867 0.00873569 -0.88764 -0.0777334 -0.00764061 0.996945 99.6386
0.996873 -0.0142266 0.0777228 0.720453 0.0135812 0.999869 0.0088267 -0.891293 -0.0778382 -0.00774354 0.996936 100.815
0.996749 -0.0149113 0.0791732 0.823983 0.0142013 0.999854 0.00952354 -0.895325 -0.0793037 -0.00836822 0.996816 101.975
0.996909 -0.014892 0.0771421 0.899484 0.0141102 0.999843 0.0106704 -0.896025 -0.077289 -0.00954888 0.996963 103.165
0.997183 -0.0140658 0.0736746 0.989363 0.0131961 0.999837 0.0122777 -0.888236 -0.0738353 -0.0112709 0.997207 104.378
0.99724 -0.0140253 0.0729121 1.07309 0.0131209 0.999831 0.0128678 -0.884019 -0.0730803 -0.0118756 0.997255 105.554
0.997511 -0.0148045 0.0689468 1.14274 0.0139539 0.99982 0.0128033 -0.887343 -0.069124 -0.0118094 0.997538 106.782
0.997651 -0.0144231 0.0669696 1.22129 0.0135705 0.999821 0.0131685 -0.886031 -0.0671476 -0.0122287 0.997668 107.969
0.998014 -0.0140966 0.0613898 1.27793 0.0133484 0.999831 0.0125819 -0.881342 -0.0615568 -0.0117374 0.998035 109.182
0.998244 -0.0142519 0.0574917 1.34243 0.0135289 0.999824 0.0129456 -0.881116 -0.0576661 -0.0121451 0.998262 110.391
0.998416 -0.014256 0.0544247 1.41939 0.0135355 0.999816 0.0135836 -0.870773 -0.0546084 -0.0128254 0.998426 111.599
0.998721 -0.0148969 0.0483237 1.45078 0.014211 0.999794 0.0145053 -0.87189 -0.0485299 -0.0138001 0.998726 112.821
0.998904 -0.0145226 0.0444989 1.51333 0.0138913 0.999799 0.0144639 -0.866705 -0.0447 -0.0138299 0.998905 114.034
0.999204 -0.0145455 0.0371562 1.53971 0.0140154 0.999797 0.0144855 -0.86936 -0.0373594 -0.0139532 0.999205 115.27
0.99942 -0.0161352 0.0300048 1.54741 0.0157154 0.999776 0.0141736 -0.861681 -0.0302268 -0.0136938 0.999449 116.524
0.99954 -0.0161824 0.0256415 1.56512 0.0158207 0.999773 0.0142465 -0.87845 -0.0258662 -0.0138343 0.99957 117.731
0.999671 -0.015513 0.0204094 1.59595 0.0152381 0.999792 0.0135554 -0.880802 -0.0206154 -0.0132399 0.9997 118.973
0.999797 -0.0117007 0.0164243 1.61319 0.0114837 0.999846 0.0132399 -0.895426 -0.0165767 -0.0130486 0.999778 120.158
0.999902 -0.00752264 0.0117922 1.63525 0.0073659 0.999884 0.0132792 -0.890985 -0.0118908 -0.013191 0.999842 121.407
0.999918 -0.00728636 0.0105583 1.64442 0.00714514 0.999885 0.0133519 -0.893967 -0.0106544 -0.0132754 0.999855 122.645
0.999945 -0.00493874 0.00922453 1.612 0.00482204 0.999908 0.0126317 -0.909236 -0.00928607 -0.0125865 0.999878 123.87
0.999964 -0.00408336 0.00734951 1.60947 0.00398635 0.999905 0.0131665 -0.904825 -0.00740258 -0.0131368 0.999886 125.123
0.999965 -0.00392926 0.00732454 1.61472 0.00382669 0.999895 0.0139654 -0.905535 -0.00737864 -0.0139369 0.999876 126.354
0.999984 -0.000666655 0.00560882 1.60263 0.000576761 0.999871 0.0160142 -0.895914 -0.00561878 -0.0160107 0.999856 127.624
0.99999 0.00192271 0.00402099 1.62266 -0.00199907 0.999816 0.0190759 -0.86126 -0.00398358 -0.0190838 0.99981 128.905
0.999988 0.00178551 0.00455051 1.62785 -0.00186252 0.999854 0.0169771 -0.871669 -0.00451953 -0.0169854 0.999846 130.155
0.999992 0.00206136 0.0033117 1.62137 -0.00211671 0.999856 0.0168005 -0.864733 -0.0032766 -0.0168074 0.999854 131.432
0.999995 0.000135641 0.00316787 1.61701 -0.000190728 0.999848 0.0173966 -0.854148 -0.00316503 -0.0173971 0.999844 132.667
0.999998 -0.00161372 0.0014192 1.61571 0.00158691 0.999824 0.0186988 -0.848707 -0.00144912 -0.0186965 0.999824 133.941
0.999992 -0.00399727 0.000417834 1.61401 0.00398811 0.999791 0.0200202 -0.835195 -0.000497771 -0.0200183 0.9998 135.186
0.999985 -0.00539063 0.000881129 1.61204 0.00537173 0.999781 0.0202121 -0.809138 -0.000989892 -0.0202071 0.999796 136.428
0.99997 -0.00776565 5.70213e-05 1.61877 0.007763 0.999774 0.0197612 -0.812509 -0.000210466 -0.0197602 0.999805 137.714
0.999931 -0.0117678 -0.000488847 1.62285 0.0117752 0.99973 0.020031 -0.813322 0.000252995 -0.0200354 0.999799 139.007
0.999932 -0.0116799 -0.000143069 1.59683 0.0116804 0.999733 0.0199125 -0.79261 -8.9543e-05 -0.0199128 0.999802 140.307
0.999914 -0.0130923 0.000437369 1.57636 0.0130805 0.999702 0.0206008 -0.794213 -0.000706949 -0.0205934 0.999788 141.609
0.999924 -0.0122104 0.00168894 1.58962 0.0121673 0.99965 0.0234907 -0.784404 -0.00197517 -0.0234684 0.999723 142.894
0.999952 -0.00973698 0.00130271 1.58842 0.00970351 0.999674 0.0236145 -0.761752 -0.00153222 -0.0236008 0.999721 144.185
0.999952 -0.00965562 0.00182754 1.59972 0.00961196 0.999699 0.022557 -0.765126 -0.0020448 -0.0225383 0.999744 145.467
0.999951 -0.0092315 0.00355956 1.59378 0.00915109 0.999716 0.0219811 -0.751867 -0.00376147 -0.0219475 0.999752 146.738
0.999953 -0.00910048 0.00336889 1.59349 0.00903354 0.999771 0.0193797 -0.738305 -0.00354448 -0.0193484 0.999807 148.016
0.999924 -0.00944079 0.00797816 1.60226 0.00930961 0.999823 0.0163232 -0.741495 -0.00813085 -0.0162477 0.999835 149.27
0.999923 -0.0097781 0.00763635 1.61929 0.0096801 0.999871 0.0127668 -0.732679 -0.0077602 -0.0126919 0.99989 150.547
0.999918 -0.00985125 0.00811758 1.6215 0.0097564 0.999884 0.0116424 -0.738815 -0.00823134 -0.0115622 0.9999 151.824
0.999902 -0.00982985 0.0099541 1.63236 0.00971123 0.999882 0.0118959 -0.742283 -0.0100699 -0.0117981 0.99988 153.081
0.999918 -0.00935035 0.00877171 1.63843 0.00924108 0.99988 0.012417 -0.742457 -0.00888676 -0.0123349 0.999885 154.363
0.999913 -0.00871696 0.00987218 1.64729 0.00858272 0.999871 0.0135599 -0.751666 -0.00998912 -0.013474 0.99986 155.618
0.999932 -0.00772154 0.0087388 1.65024 0.00760195 0.999878 0.0136371 -0.746056 -0.00884304 -0.0135698 0.999869 156.895
0.999929 -0.00652409 0.00999711 1.63188 0.00639897 0.999901 0.0124975 -0.748785 -0.0100777 -0.0124326 0.999872 158.156
0.999926 -0.00643096 0.0102909 1.63548 0.00629958 0.999899 0.0127489 -0.740814 -0.0103719 -0.0126831 0.999866 159.406
0.999932 -0.00672814 0.00954145 1.63888 0.00659821 0.999886 0.0135836 -0.753326 -0.00963175 -0.0135197 0.999862 160.709
0.999927 -0.00635204 0.0103099 1.64742 0.00620711 0.999882 0.0140286 -0.733485 -0.0103978 -0.0139636 0.999849 161.967
0.999938 -0.00613557 0.00931013 1.65294 0.00601213 0.999894 0.0132302 -0.711112 -0.00939032 -0.0131734 0.999869 163.276
0.999932 -0.00650933 0.00962634 1.64548 0.00641557 0.999932 0.00973945 -0.712136 -0.00968909 -0.00967704 0.999906 164.601
0.999929 -0.00522165 0.0106591 1.64995 0.00509265 0.999914 0.0120943 -0.669162 -0.0107213 -0.0120392 0.99987 165.872
0.999943 -0.00559466 0.00904847 1.65608 0.00548463 0.999911 0.0121402 -0.675566 -0.00911559 -0.0120899 0.999886 167.141
0.999935 -0.0050586 0.0102295 1.67635 0.00493447 0.999914 0.012124 -0.634705 -0.0102899 -0.0120727 0.999874 168.392
0.999952 -0.00488747 0.00842953 1.68951 0.00478247 0.999911 0.0124324 -0.623784 -0.00848955 -0.0123915 0.999887 169.669
0.999965 -0.00466382 0.00700649 1.69191 0.00457014 0.999901 0.0133273 -0.591314 -0.00706795 -0.0132949 0.999887 170.934
0.999954 -0.00413794 0.00867466 1.70804 0.00401059 0.999884 0.0146468 -0.596048 -0.00873427 -0.0146114 0.999855 172.128
0.999958 -0.0042898 0.00808319 1.70328 0.00417466 0.99989 0.0142084 -0.585459 -0.00814326 -0.0141741 0.999867 173.405
0.999958 -0.0042271 0.00809934 1.70048 0.00411616 0.999898 0.0136665 -0.614827 -0.00815629 -0.0136326 0.999874 174.683
0.999978 -0.00290293 0.00603469 1.70479 0.00282149 0.999905 0.0134617 -0.606316 -0.0060732 -0.0134443 0.999891 175.979
0.999984 -0.00272616 0.00496177 1.71361 0.00266404 0.999918 0.0124847 -0.585202 -0.0049954 -0.0124713 0.99991 177.25
0.999981 -0.00289368 0.00542499 1.7221 0.00282509 0.999916 0.01261 -0.607933 -0.00546103 -0.0125945 0.999906 178.521
0.999992 -0.00305039 0.0027016 1.69562 0.00301716 0.999921 0.0122192 -0.615277 -0.00273866 -0.0122109 0.999922 179.813
0.999981 -0.00425765 0.00438905 1.71025 0.00420701 0.999925 0.0114852 -0.62562 -0.00443763 -0.0114665 0.999925 181.088
0.999974 -0.00650923 0.00300648 1.70986 0.00647533 0.999917 0.0111501 -0.632668 -0.00307881 -0.0111304 0.999933 182.354
0.999969 -0.00721644 0.00308085 1.69803 0.00716576 0.999844 0.016155 -0.619664 -0.00319695 -0.0161324 0.999865 183.653
0.999943 -0.00949831 0.00493032 1.72994 0.00940387 0.999778 0.0188368 -0.619121 -0.00510815 -0.0187894 0.999811 184.947
0.99995 -0.00866895 0.00486016 1.72453 0.00857996 0.9998 0.0180411 -0.636809 -0.00501559 -0.0179985 0.999826 186.246
0.999955 -0.00730774 0.00606991 1.73234 0.00721009 0.999847 0.0159572 -0.620806 -0.00618559 -0.0159127 0.999854 187.51
0.999963 -0.00704281 0.00493704 1.73048 0.00696848 0.999864 0.0149162 -0.62336 -0.00504143 -0.0148812 0.999877 188.754
0.999964 -0.00621043 0.00579106 1.72922 0.00612282 0.999868 0.015026 -0.638874 -0.00588362 -0.01499 0.99987 190.049
0.999955 -0.00646753 0.00689614 1.73485 0.00635399 0.999846 0.0163619 -0.632498 -0.0070009 -0.0163173 0.999843 191.299
0.999959 -0.00651714 0.00632317 1.73721 0.00640305 0.999819 0.0178987 -0.620459 -0.00643868 -0.0178575 0.99982 192.534
0.999945 -0.00673931 0.00806937 1.74723 0.00658702 0.999802 0.0187531 -0.606476 -0.00819416 -0.018699 0.999792 193.776
0.999939 -0.00634776 0.00905034 1.74588 0.0061873 0.999825 0.0176491 -0.611751 -0.0091608 -0.017592 0.999803 195.014
0.999898 -0.00747338 0.0121908 1.77062 0.00726007 0.999821 0.0174493 -0.637768 -0.012319 -0.017359 0.999774 196.285
0.999876 -0.00707705 0.0140839 1.78231 0.00683145 0.999825 0.0174106 -0.623551 -0.0142046 -0.0173123 0.999749 197.526
0.999862 -0.00723974 0.0149382 1.79846 0.00698045 0.999825 0.0173378 -0.618938 -0.0150611 -0.0172311 0.999738 198.738
0.999803 -0.0062227 0.0188582 1.80237 0.0058715 0.999809 0.0186216 -0.628886 -0.0189705 -0.0185073 0.999649 199.992
0.999797 -0.00603119 0.0192021 1.82155 0.00565157 0.999789 0.0197634 -0.620729 -0.0193172 -0.0196509 0.99962 201.207
0.999778 -0.00538933 0.0203761 1.8376 0.00497731 0.999783 0.0202181 -0.613125 -0.0204806 -0.0201123 0.999588 202.413
0.999726 -0.00509882 0.0228585 1.86277 0.00463862 0.999786 0.0201407 -0.613833 -0.0229564 -0.0200292 0.999536 203.622
0.999724 -0.00463434 0.0230258 1.88633 0.00416005 0.999779 0.0206037 -0.600299 -0.0231162 -0.0205023 0.999523 204.815
0.999666 -0.00527596 0.0252768 1.92417 0.00474304 0.999766 0.0210972 -0.598841 -0.0253822 -0.0209703 0.999458 206.033
0.999633 -0.00675067 0.0262289 1.95406 0.00620882 0.999767 0.0206857 -0.564931 -0.0263624 -0.0205152 0.999442 207.221
0.999608 -0.00575619 0.0274065 1.95949 0.00519763 0.999778 0.0204086 -0.554051 -0.0275179 -0.0202582 0.999416 208.403
0.999559 -0.00924892 0.0282068 2.01215 0.00868792 0.999763 0.0199471 -0.544959 -0.0283847 -0.0196932 0.999403 209.633
0.999583 -0.00913332 0.0273892 2.04253 0.0085757 0.999755 0.0204081 -0.53305 -0.0275689 -0.0201647 0.999417 210.772
0.999508 -0.00856322 0.0301783 2.05511 0.0079423 0.999755 0.0206355 -0.53775 -0.0303476 -0.0203857 0.999332 211.92
0.999492 -0.00865302 0.0306658 2.0974 0.00806637 0.999783 0.0192029 -0.518441 -0.0308253 -0.0189458 0.999345 213.056
0.999501 -0.00851311 0.0304265 2.12319 0.00794243 0.999791 0.018828 -0.512431 -0.0305804 -0.0185769 0.99936 214.154
0.999413 -0.00929891 0.0329745 2.17748 0.00870985 0.999801 0.0179631 -0.511745 -0.033135 -0.0176653 0.999295 215.242
0.999452 -0.0094283 0.031708 2.20034 0.00885274 0.999794 0.0182436 -0.511367 -0.0318735 -0.017953 0.999331 216.317
0.999441 -0.0102598 0.0318139 2.2279 0.00970021 0.999796 0.017694 -0.509151 -0.031989 -0.0173755 0.999337 217.382
0.999501 -0.0105823 0.0297538 2.24791 0.0100301 0.999776 0.0186465 -0.517042 -0.0299445 -0.0183388 0.999383 218.437
0.99954 -0.00992194 0.0286465 2.27543 0.00934122 0.999749 0.0203351 -0.533317 -0.0288411 -0.0200582 0.999383 219.508
0.999591 -0.00919496 0.0270687 2.32904 0.00855319 0.999682 0.0237303 -0.546961 -0.0272783 -0.023489 0.999352 220.557
0.999666 -0.00890628 0.0242693 2.35003 0.00833149 0.999685 0.0236831 -0.537235 -0.0244726 -0.023473 0.999425 221.564
0.999695 -0.00931617 0.0228721 2.36746 0.00879372 0.9997 0.0228373 -0.543071 -0.023078 -0.0226292 0.999478 222.574
0.999765 -0.00924738 0.0195793 2.37806 0.00879328 0.999693 0.0231534 -0.539414 -0.0197874 -0.0229758 0.99954 223.534
0.999816 -0.00904543 0.0168886 2.39099 0.00864628 0.999685 0.0235596 -0.527815 -0.0170964 -0.0234093 0.99958 224.484
0.999859 -0.00836916 0.0145694 2.40095 0.00802689 0.999694 0.0233944 -0.538714 -0.0147607 -0.0232742 0.99962 225.427
0.999906 -0.00847263 0.0107634 2.40445 0.00822125 0.999697 0.0231888 -0.526419 -0.0109567 -0.0230981 0.999673 226.34
0.999924 -0.0086506 0.00881075 2.40718 0.00844728 0.999703 0.022858 -0.528738 -0.00900588 -0.0227818 0.9997 227.22
0.999948 -0.00805338 0.00619805 2.41676 0.00791443 0.999724 0.0221255 -0.517973 -0.00637453 -0.0220753 0.999736 228.086
0.999965 -0.00772171 0.00311938 2.41105 0.00765156 0.999731 0.0219048 -0.515497 -0.00328769 -0.0218801 0.999755 228.921
0.99998 -0.00610477 0.00132883 2.39282 0.00607475 0.99975 0.0215312 -0.509602 -0.00145994 -0.0215228 0.999767 229.743
0.999983 -0.0058246 0.000327646 2.37706 0.00581594 0.999739 0.0220934 -0.517099 -0.000456249 -0.0220911 0.999756 230.549
0.99998 -0.00622564 0.00115972 2.36962 0.00619798 0.999728 0.0224945 -0.511532 -0.00129945 -0.0224869 0.999746 231.33
0.999982 -0.00591607 0.00110861 2.36144 0.00588889 0.999716 0.0231012 -0.521312 -0.00124497 -0.0230943 0.999733 232.11
0.999983 -0.00543979 0.00198148 2.36121 0.00539311 0.999724 0.0228448 -0.523315 -0.00210521 -0.0228337 0.999737 232.868
0.999979 -0.00557008 0.00331318 2.37747 0.00549494 0.999737 0.0222741 -0.522509 -0.00343638 -0.0222554 0.999747 233.624
0.999978 -0.00559034 0.00364835 2.37624 0.00551181 0.99976 0.0211916 -0.518933 -0.00376595 -0.021171 0.999769 234.356
0.999972 -0.00505629 0.00556763 2.3661 0.00494899 0.999805 0.0191195 -0.526101 -0.00566323 -0.0190914 0.999802 235.103
0.999968 -0.00444195 0.00662473 2.36606 0.0043174 0.999816 0.0186976 -0.520062 -0.00670657 -0.0186684 0.999803 235.848
0.999952 -0.00445651 0.00875151 2.36092 0.00429806 0.999828 0.0180412 -0.538278 -0.00883041 -0.0180027 0.999799 236.586
0.999928 -0.00481722 0.0110031 2.36348 0.00460967 0.999812 0.0188111 -0.536273 -0.0110916 -0.018759 0.999763 237.324
0.999912 -0.00457588 0.0124635 2.38213 0.00433493 0.999804 0.0192915 -0.533024 -0.0125493 -0.0192357 0.999736 238.031
0.999876 -0.00465008 0.0150367 2.39052 0.00437028 0.999818 0.0185872 -0.56372 -0.0151204 -0.0185192 0.999714 238.765
0.999825 -0.00510336 0.0179728 2.38892 0.00479678 0.999843 0.0170603 -0.574977 -0.0180571 -0.0169711 0.999693 239.515
0.999723 -0.00526018 0.0229425 2.39123 0.00487819 0.999849 0.0166743 -0.563551 -0.0230267 -0.0165577 0.999598 240.219
0.999629 -0.00612892 0.0265294 2.43029 0.00565442 0.999823 0.017924 -0.613 -0.0266346 -0.0177673 0.999487 240.934
0.999554 -0.00530713 0.0293712 2.45559 0.00478778 0.999831 0.0177245 -0.599139 -0.0294603 -0.017576 0.999411 241.638
0.999443 -0.00547324 0.0329238 2.47783 0.00492335 0.999847 0.0167597 -0.590141 -0.0330106 -0.0165882 0.999317 242.342
0.999352 -0.00538295 0.0355947 2.48967 0.00477228 0.99984 0.0172191 -0.590492 -0.0356818 -0.017038 0.999218 243.044
0.999236 -0.00524164 0.0387176 2.50096 0.00454522 0.999826 0.0180534 -0.584198 -0.0388055 -0.0178636 0.999087 243.753
0.999094 -0.00492658 0.0422755 2.52564 0.00417466 0.999832 0.0178562 -0.576229 -0.0423564 -0.0176635 0.998946 244.462
0.998948 -0.00525401 0.0455609 2.54049 0.00439088 0.999809 0.019024 -0.565653 -0.0456521 -0.018804 0.99878 245.179
0.998778 -0.00517043 0.0491394 2.57401 0.00423531 0.999808 0.0191151 -0.547005 -0.0492288 -0.0188837 0.998609 245.886
0.998672 -0.00494849 0.051279 2.60835 0.00397391 0.99981 0.01909 -0.551642 -0.0513637 -0.0188609 0.998502 246.607
0.998501 -0.00472831 0.0545271 2.65121 0.00375966 0.999833 0.0178534 -0.55037 -0.0546025 -0.0176217 0.998352 247.317
0.998367 -0.00275507 0.0570612 2.69615 0.00192722 0.999892 0.0145581 -0.547173 -0.0570952 -0.0144244 0.998264 248.045
0.998283 -0.00331799 0.0584749 2.73906 0.00251839 0.999902 0.0137426 -0.548705 -0.0585148 -0.0135718 0.998194 248.76
0.998237 -0.00314216 0.0592631 2.78227 0.00231763 0.999899 0.0139768 -0.546504 -0.0593011 -0.0138148 0.998144 249.492
0.998234 -0.00422038 0.0592472 2.8235 0.00338712 0.999894 0.0141576 -0.525017 -0.0593007 -0.0139319 0.998143 250.251
0.99816 -0.00331115 0.0605472 2.86495 0.00249923 0.999906 0.0134805 -0.535097 -0.0605862 -0.0133044 0.998074 250.983
0.998154 -0.00325897 0.0606374 2.90977 0.00242791 0.999902 0.0137741 -0.525292 -0.0606764 -0.0136015 0.998065 251.724
0.99812 -0.00338872 0.0612019 2.95595 0.00253165 0.999897 0.0140761 -0.515412 -0.0612434 -0.0138947 0.998026 252.466
0.998035 -0.00702582 0.0622579 3.00382 0.00624861 0.9999 0.0126697 -0.508422 -0.0623408 -0.0122558 0.99798 253.21
0.99802 -0.00717376 0.062483 3.05459 0.00636813 0.999894 0.0130832 -0.499396 -0.0625702 -0.0126594 0.99796 253.971
0.997949 -0.00496703 0.0638165 3.10112 0.00392267 0.999856 0.0164801 -0.536545 -0.0638892 -0.016196 0.997825 254.761
0.99794 -0.000838369 0.0641386 3.13953 -0.00054704 0.999767 0.0215797 -0.491818 -0.0641417 -0.0215703 0.997707 255.538
0.997843 -0.00336295 0.0655498 3.18846 0.00172581 0.999685 0.0250161 -0.466877 -0.0656133 -0.0248491 0.997536 256.349
0.997654 -0.00415686 0.0683247 3.24038 0.00252148 0.999708 0.0240043 -0.463625 -0.0684046 -0.0237758 0.997374 257.154
0.997362 -0.00260439 0.0725415 3.29525 0.00127774 0.999831 0.0183287 -0.435842 -0.072577 -0.0181877 0.997197 257.956
0.99698 7.7437e-05 0.0776569 3.34453 -0.00126795 0.999882 0.0152812 -0.418375 -0.0776466 -0.0153335 0.996863 258.766
0.99675 0.00276742 0.0805009 3.39606 -0.00409669 0.999857 0.0163521 -0.437552 -0.0804442 -0.0166288 0.99662 259.652
0.996576 0.000689109 0.08268 3.47698 -0.00226333 0.999817 0.0189477 -0.429467 -0.0826519 -0.01907 0.996396 260.519
0.996256 -0.001494 0.0864426 3.54817 -0.000359682 0.99977 0.0214245 -0.424205 -0.0864548 -0.0213754 0.996026 261.35
0.99605 -0.0021616 0.0887678 3.62418 0.000178392 0.99975 0.0223434 -0.402203 -0.088794 -0.0222394 0.995802 262.188
0.995706 -0.00194337 0.0925515 3.69643 -0.000229302 0.999724 0.0234589 -0.404669 -0.0925716 -0.0233794 0.995431 263.019
0.995484 -0.000120942 0.0949285 3.77197 -0.00198506 0.999753 0.0220904 -0.397736 -0.0949078 -0.0221791 0.995239 263.873
0.995232 0.000207527 0.0975297 3.84902 -0.0022713 0.999775 0.0210499 -0.387447 -0.0975035 -0.0211711 0.99501 264.707
0.994884 0.000129099 0.101019 3.92636 -0.00233825 0.99976 0.0217506 -0.377815 -0.100992 -0.0218755 0.994647 265.54
0.994666 0.000828288 0.10314 4.02347 -0.00323918 0.999725 0.0232096 -0.371892 -0.103093 -0.0234199 0.994396 266.467
0.994256 0.00111465 0.107022 4.10401 -0.00381486 0.999679 0.0250291 -0.355197 -0.106959 -0.0252937 0.993941 267.318
0.993993 0.00215044 0.109419 4.19008 -0.00504868 0.999643 0.0262173 -0.349987 -0.109324 -0.0266123 0.99365 268.156
0.993686 0.00210103 0.112173 4.27963 -0.00508447 0.99964 0.0263173 -0.331661 -0.112078 -0.0267215 0.99334 268.986
0.99343 0.000991051 0.114436 4.3803 -0.0040292 0.999645 0.0263206 -0.329666 -0.11437 -0.0266088 0.993082 269.883
0.99333 -0.00182063 0.115286 4.49234 -0.00133285 0.999627 0.0272706 -0.307185 -0.115292 -0.0272425 0.992958 270.803
0.99314 -0.00262311 0.116896 4.59614 -0.000647002 0.999609 0.0279279 -0.311213 -0.116923 -0.027812 0.992751 271.648
0.993115 -0.00314729 0.117096 4.6912 -0.000154972 0.999602 0.0281816 -0.293202 -0.117138 -0.0280058 0.992721 272.492
0.993062 -0.0028712 0.117556 4.7869 -0.000509754 0.999587 0.0287201 -0.279853 -0.11759 -0.0285808 0.992651 273.348
0.99302 -0.00163112 0.117932 4.88549 -0.00168937 0.999605 0.0280506 -0.290129 -0.117931 -0.0280541 0.992625 274.283
0.993108 -0.00134406 0.11719 4.98304 -0.00203977 0.999584 0.0287501 -0.276636 -0.11718 -0.028791 0.992693 275.139
0.993108 -0.00149158 0.117191 5.07756 -0.00190768 0.99958 0.0288888 -0.264885 -0.117185 -0.0289133 0.992689 275.982
0.993325 -0.00111323 0.115341 5.1715 -0.00219139 0.99959 0.0285202 -0.257243 -0.115325 -0.0285826 0.992916 276.846
0.993475 -0.000488132 0.114046 5.26384 -0.00279466 0.999586 0.0286231 -0.240978 -0.114013 -0.0287551 0.993063 277.699
0.993585 -0.000361488 0.113086 5.35407 -0.00294808 0.999572 0.0290972 -0.216872 -0.113049 -0.029244 0.993159 278.555
0.993816 0.000187491 0.111035 5.44389 -0.00349561 0.999555 0.0295997 -0.206319 -0.11098 -0.0298049 0.993376 279.403
0.993934 0.000810983 0.109967 5.53054 -0.00417085 0.999531 0.0303267 -0.192261 -0.109891 -0.0306015 0.993472 280.245
0.994281 0.000371677 0.106791 5.62038 -0.00379056 0.999486 0.0318136 -0.174305 -0.106724 -0.0320365 0.993772 281.101
0.994695 -0.000889115 0.102855 5.70711 -0.00260538 0.999424 0.0338357 -0.151756 -0.102826 -0.0339242 0.994121 281.944
0.995203 0.000175627 0.0978225 5.8008 -0.00379243 0.999315 0.0367884 -0.164136 -0.0977492 -0.036983 0.994524 282.893
0.995687 0.00043041 0.0927643 5.87642 -0.00395352 0.999277 0.0377988 -0.14182 -0.0926811 -0.0380026 0.99497 283.72
0.996035 9.67739e-05 0.0889537 5.94426 -0.00350406 0.999265 0.0381487 -0.125719 -0.0888847 -0.0383092 0.995305 284.54
0.996443 -0.000389498 0.0842617 6.01223 -0.00288257 0.999246 0.0387071 -0.0998075 -0.0842133 -0.0388124 0.995691 285.361
0.996807 -0.000736929 0.0798368 6.07095 -0.00239093 0.999233 0.0390755 -0.0852947 -0.0798044 -0.0391417 0.996042 286.153
0.997069 -0.000480174 0.0764985 6.12767 -0.00254383 0.999219 0.0394279 -0.0651944 -0.0764578 -0.039507 0.99629 286.927
0.997377 6.34769e-05 0.0723741 6.1784 -0.00296061 0.999198 0.0399234 -0.0485827 -0.0723135 -0.040033 0.996578 287.702
0.997584 -0.0001441 0.0694694 6.22673 -0.00265599 0.999187 0.0402128 -0.0207658 -0.0694188 -0.0403002 0.996773 288.442
0.997862 -0.0011824 0.0653335 6.27204 -0.00145547 0.999186 0.0403131 0.0173275 -0.065328 -0.0403221 0.997049 289.19
0.998117 -0.00189434 0.0612985 6.31386 -0.000608346 0.999167 0.0407836 0.0467331 -0.0613247 -0.0407441 0.997286 289.898
0.998375 -0.00159537 0.0569499 6.34611 -0.000737485 0.999162 0.0409189 0.0789154 -0.0569675 -0.0408945 0.997538 290.574
0.998726 -0.00178675 0.0504216 6.37643 -0.000296371 0.999147 0.0412765 0.115751 -0.0504524 -0.0412389 0.997875 291.249
0.999129 -0.00171238 0.0416796 6.39626 7.82075e-05 0.999232 0.0391782 0.141978 -0.0417147 -0.0391409 0.998363 291.974
0.999546 -0.00230361 0.0300165 6.40024 0.00118179 0.999301 0.0373377 0.153522 -0.0300815 -0.0372853 0.998852 292.642
0.999848 -0.00270718 0.0172094 6.40161 0.00206411 0.999302 0.0372762 0.153207 -0.0172983 -0.0372351 0.999157 293.287
0.999995 -0.00274738 0.00127701 6.39299 0.00269712 0.99928 0.0378213 0.17176 -0.00137999 -0.0378177 0.999284 293.898
0.999842 -0.000800039 -0.0177356 6.37315 0.00146735 0.99929 0.0376446 0.205358 0.0176929 -0.0376647 0.999134 294.544
0.99921 0.000751363 -0.0397284 6.33493 0.000724134 0.99931 0.037112 0.211666 0.039729 -0.0371115 0.998521 295.141
0.997876 0.00103859 -0.0651245 6.28696 0.0014038 0.999297 0.0374464 0.22264 0.0651177 -0.0374584 0.997174 295.723
0.995703 0.00127011 -0.0925951 6.22776 0.00224359 0.999281 0.037833 0.238302 0.0925767 -0.0378782 0.994985 296.282
0.992456 0.00221656 -0.12258 6.14424 0.00241184 0.99929 0.037597 0.237911 0.122576 -0.037609 0.991746 296.825
0.987633 0.00217561 -0.156764 6.04694 0.0038561 0.999264 0.0381618 0.248179 0.156732 -0.0382945 0.986898 297.37
0.981338 0.00330812 -0.192258 5.92667 0.00429235 0.999225 0.0391027 0.248384 0.192238 -0.0391983 0.980565 297.879
0.973381 0.00324193 -0.22917 5.79891 0.00624274 0.999153 0.04065 0.263009 0.229108 -0.0409986 0.972537 298.374
0.963259 0.00484976 -0.268529 5.64627 0.00671979 0.999088 0.0421491 0.261689 0.268488 -0.042405 0.962349 298.884
0.951469 0.00512674 -0.307699 5.4714 0.00829334 0.99907 0.0422908 0.26184 0.30763 -0.0427903 0.950543 299.355
0.937109 0.00525743 -0.348996 5.28271 0.010479 0.999011 0.0431873 0.271485 0.348878 -0.0441284 0.936128 299.839
0.920575 0.00507384 -0.390532 5.08181 0.0129875 0.998964 0.0435932 0.290223 0.39035 -0.0452029 0.919556 300.283
0.900961 0.0042672 -0.433878 4.85957 0.0161252 0.998931 0.0433089 0.299848 0.4336 -0.0460161 0.89993 300.705
0.878814 0.00319105 -0.477154 4.60983 0.0198605 0.998866 0.0432589 0.315148 0.476751 -0.0474931 0.877754 301.135
0.853267 0.00260277 -0.521467 4.34902 0.0229703 0.998829 0.0425712 0.332561 0.520968 -0.0483029 0.852208 301.532
0.824938 0.00393622 -0.565209 4.08099 0.0239791 0.998831 0.0419542 0.34411 0.564714 -0.0481628 0.82388 301.897
0.793383 0.00390271 -0.60871 3.7758 0.0265034 0.998809 0.0409479 0.345608 0.608146 -0.0486203 0.792335 302.247
0.758063 0.00303389 -0.652174 3.47842 0.0315247 0.998649 0.0412888 0.339325 0.651419 -0.0518591 0.756944 302.581
0.718288 0.00185139 -0.695743 3.13108 0.0385813 0.998351 0.0424881 0.349656 0.694675 -0.0573614 0.717033 302.897
0.673984 0.00131032 -0.738744 2.78367 0.0445127 0.998109 0.0423809 0.350129 0.737404 -0.0614476 0.672651 303.17
0.62692 0.0046714 -0.779069 2.44856 0.0444358 0.998139 0.0417427 0.36568 0.777815 -0.060788 0.625547 303.402
0.577331 0.0102809 -0.816445 2.06297 0.0417031 0.998244 0.0420596 0.370367 0.815444 -0.0583306 0.575889 303.62
0.525048 0.0149051 -0.850941 1.67839 0.0395981 0.998335 0.0419197 0.37599 0.850151 -0.0557056 0.523584 303.805
0.470699 0.016942 -0.88213 1.30875 0.040171 0.998367 0.0406094 0.377439 0.881379 -0.054551 0.46925 303.961
0.414809 0.0189859 -0.90971 0.90335 0.0419349 0.998321 0.0399567 0.393812 0.908941 -0.054723 0.413317 304.099
0.358289 0.0221844 -0.933347 0.514715 0.0445693 0.998171 0.0408343 0.389476 0.932546 -0.0562291 0.356645 304.206
0.300923 0.0252936 -0.953313 0.104337 0.0468055 0.998051 0.0412552 0.413973 0.952499 -0.0570349 0.299153 304.288
0.240289 0.0281497 -0.970293 -0.302792 0.0494211 0.997928 0.0411903 0.409376 0.969442 -0.0578506 0.2384 304.352
0.176918 0.0317821 -0.983712 -0.718238 0.0499558 0.9979 0.0412249 0.426455 0.982957 -0.0564357 0.174959 304.395
0.114064 0.037927 -0.992749 -1.15789 0.0516125 0.997695 0.0440461 0.440049 0.992132 -0.0562624 0.111844 304.394
0.048297 0.043085 -0.997903 -1.60471 0.054074 0.997491 0.0456843 0.448366 0.997368 -0.0561671 0.045846 304.377
-0.018544 0.0479955 -0.998675 -2.0474 0.0559052 0.997334 0.0468929 0.448288 0.998264 -0.0549616 -0.0211778 304.34
-0.084691 0.0548175 -0.994898 -2.5089 0.0575827 0.997085 0.0500363 0.471519 0.994742 -0.0530513 -0.0876008 304.255
-0.151781 0.0600327 -0.986589 -2.97559 0.0602542 0.996859 0.0513879 0.489998 0.986576 -0.0516465 -0.154922 304.158
-0.216699 0.064032 -0.974136 -3.45389 0.0638927 0.996637 0.0512979 0.501664 0.974145 -0.051124 -0.220062 304.018
-0.279268 0.0666536 -0.957897 -3.92179 0.0670564 0.996505 0.0497903 0.513152 0.957869 -0.0503283 -0.282762 303.847
-0.340452 0.0670269 -0.937869 -4.39377 0.0694098 0.996526 0.0460227 0.527384 0.937696 -0.0494289 -0.343922 303.647
-0.397605 0.0668541 -0.915117 -4.87871 0.0707956 0.996604 0.0420474 0.54619 0.914821 -0.0480681 -0.400988 303.401
-0.450104 0.0675551 -0.890417 -5.34994 0.0723358 0.996615 0.0390466 0.56846 0.890041 -0.046834 -0.453468 303.131
-0.498585 0.0681542 -0.864157 -5.83222 0.0735435 0.996635 0.0361707 0.582424 0.863715 -0.0455189 -0.50192 302.812
-0.540783 0.0668879 -0.838498 -6.32165 0.0721076 0.99685 0.0330145 0.596239 0.838065 -0.0426084 -0.543903 302.468
-0.580347 0.0679883 -0.811526 -6.81394 0.0736668 0.996806 0.0308293 0.620248 0.81103 -0.0418908 -0.583502 302.084
-0.619351 0.0723258 -0.781775 -7.31451 0.0782683 0.996475 0.0301817 0.611426 0.781202 -0.0424952 -0.622829 301.686
-0.657162 0.0758005 -0.749928 -7.81246 0.0812048 0.996259 0.0295392 0.608882 0.749362 -0.0414858 -0.660859 301.239
-0.692342 0.0773763 -0.717408 -8.28865 0.0835792 0.996141 0.0267802 0.60295 0.716712 -0.0414194 -0.696138 300.749
-0.725396 0.0743804 -0.684301 -8.76094 0.0822625 0.996387 0.0211 0.576336 0.683398 -0.0409864 -0.728894 300.208
-0.755781 0.0739484 -0.650635 -9.23832 0.082686 0.996427 0.0172011 0.573942 0.649583 -0.0407982 -0.759195 299.643
-0.783774 0.0691789 -0.617181 -9.69211 0.0800424 0.99674 0.0100753 0.597221 0.615867 -0.0415039 -0.786756 299.033
-0.808376 0.0687435 -0.584638 -10.1358 0.0805082 0.996736 0.00588091 0.579412 0.583134 -0.0423142 -0.811273 298.366
-0.832184 0.067731 -0.550347 -10.6009 0.0797711 0.996811 0.00205464 0.591301 0.548731 -0.042192 -0.834933 297.614
-0.853703 0.0632314 -0.516906 -11.0144 0.0761087 0.997092 -0.00372738 0.594423 0.515167 -0.0425232 -0.856034 296.856
-0.873913 0.0636659 -0.481894 -11.4318 0.0760137 0.997087 -0.0061194 0.587632 0.480101 -0.0419784 -0.876208 296.028
-0.892667 0.0650646 -0.445996 -11.8076 0.0773268 0.996962 -0.00932756 0.591331 0.444034 -0.0428139 -0.894986 295.186
-0.910654 0.0657901 -0.407897 -12.1902 0.0772386 0.996944 -0.0116417 0.575387 0.405885 -0.042107 -0.912953 294.353
-0.926454 0.065294 -0.370702 -12.5409 0.0752965 0.997082 -0.0125582 0.55981 0.3688 -0.0395472 -0.928667 293.467
-0.939218 0.0710942 -0.335878 -12.8728 0.0801292 0.996698 -0.0130979 0.539617 0.333838 -0.0392155 -0.941814 292.519
-0.950496 0.0716131 -0.302372 -13.183 0.0801059 0.996661 -0.0157631 0.508796 0.300233 -0.0392046 -0.95306 291.54
-0.959904 0.0706742 -0.271274 -13.4685 0.0787521 0.996713 -0.0189942 0.491122 0.26904 -0.039596 -0.962315 290.549
-0.968814 0.0696343 -0.237803 -13.7222 0.0772641 0.996747 -0.0229043 0.454701 0.235435 -0.0405637 -0.971043 289.537
-0.975851 0.068588 -0.20739 -13.9399 0.0754941 0.996818 -0.0255614 0.421417 0.204977 -0.0406009 -0.977924 288.469
-0.981286 0.0695233 -0.179564 -14.1139 0.0759016 0.996696 -0.0288894 0.424883 0.176963 -0.041978 -0.983322 287.378
-0.986337 0.0681222 -0.149993 -14.2879 0.0735642 0.996807 -0.0310308 0.391318 0.147401 -0.0416411 -0.9882 286.278
-0.989952 0.0679326 -0.124012 -14.422 0.0724039 0.996864 -0.031907 0.339887 0.121455 -0.0405654 -0.991767 285.164
-0.992982 0.0658212 -0.0982569 -14.5327 0.0692693 0.997081 -0.0321006 0.309846 0.0958572 -0.0386816 -0.994643 284
-0.994957 0.0659722 -0.0755532 -14.6177 0.0685787 0.997118 -0.0324368 0.266916 0.0731955 -0.0374546 -0.996614 282.852
-0.996492 0.0637432 -0.0542249 -14.6756 0.0656317 0.997271 -0.0337901 0.214325 0.0519231 -0.0372305 -0.997957 281.669
