1 0 0 0 0 1 0 0 0 0 1 0
0.999998 0.000933146 0.00153381 -0.000833364 -0.000932875 1 -0.000177822 -0.0270018 -0.00153397 0.000176391 0.999999 1.20777
0.999995 0.00115509 0.00302415 -0.00211209 -0.00115585 0.999999 0.000247149 -0.0390044 -0.00302386 -0.000250643 0.999995 2.40245
0.999991 0.00128876 0.00414195 -0.00202523 -0.0012912 0.999999 0.000585926 -0.0567034 -0.00414119 -0.000591268 0.999991 3.60316
0.999987 0.00093627 0.00502445 0.000528528 -0.000942805 0.999999 0.00129846 -0.0688706 -0.00502323 -0.00130318 0.999987 4.80442
0.999983 0.000562131 0.00588855 0.00560669 -0.000571032 0.999999 0.00151001 -0.0783893 -0.0058877 -0.00151334 0.999982 6.0034
0.999977 0.00113959 0.00667121 0.00511895 -0.00114093 0.999999 0.000196867 -0.100801 -0.00667098 -0.000204474 0.999978 7.2088
0.999972 0.00114732 0.00740219 0.0125969 -0.00115159 0.999999 0.000572729 -0.116267 -0.00740152 -0.000581238 0.999972 8.40985
0.99997 0.000637023 0.00770165 0.0179517 -0.000649905 0.999998 0.00167033 -0.130861 -0.00770058 -0.00167528 0.999969 9.61342
0.999979 5.85322e-05 0.00645908 0.0224834 -7.4765e-05 0.999997 0.00251298 -0.144605 -0.00645891 -0.00251341 0.999976 10.8169
0.999992 9.26319e-05 0.00391066 0.0210635 -0.000102214 0.999997 0.00245018 -0.157544 -0.00391042 -0.00245056 0.999989 12.0182
0.999998 6.42297e-05 0.00203561 0.0239174 -6.81197e-05 0.999998 0.00191107 -0.176797 -0.00203548 -0.00191121 0.999996 13.2108
1 0.000478973 0.000616095 0.019432 -0.000480132 0.999998 0.00188317 -0.192152 -0.000615194 -0.00188347 0.999998 14.4132
0.999998 0.00187525 -0.000621428 0.0101687 -0.00187415 0.999997 0.00176347 -0.201203 0.00062473 -0.00176231 0.999998 15.603
0.999999 0.00150827 -0.000389743 0.00430092 -0.00150753 0.999997 0.00189087 -0.20807 0.000392592 -0.00189028 0.999998 16.8088
1 0.000903784 -0.000345051 0.00210006 -0.000902983 0.999997 0.00231401 -0.220968 0.000347139 -0.0023137 0.999997 18.0124
0.999997 0.00135566 -0.00200709 -0.00221949 -0.00135119 0.999997 0.00222885 -0.233868 0.00201011 -0.00222613 0.999995 19.216
0.999999 0.000333016 -0.00166871 -0.0062175 -0.000330292 0.999999 0.00163244 -0.247401 0.00166925 -0.00163189 0.999997 20.4197
0.999994 0.000921384 -0.00348813 -0.0122704 -0.000918078 0.999999 0.000949248 -0.26184 0.003489 -0.00094604 0.999993 21.6232
0.99999 0.00090072 -0.00445231 -0.0196265 -0.000894373 0.999999 0.00142723 -0.275929 0.00445359 -0.00142323 0.999989 22.8274
0.999991 0.000900733 -0.00417627 -0.028906 -0.000895512 0.999999 0.00125154 -0.292883 0.00417739 -0.00124779 0.99999 24.033
0.999983 0.00132916 -0.00567867 -0.0434698 -0.00132194 0.999998 0.00127477 -0.311174 0.00568035 -0.00126725 0.999983 25.2301
0.999982 0.00169555 -0.00582361 -0.0570044 -0.00169059 0.999998 0.000856415 -0.336123 0.00582505 -0.000846554 0.999983 26.4383
0.999972 0.000979015 -0.00749846 -0.0668924 -0.000968244 0.999999 0.00143979 -0.361202 0.00749986 -0.00143249 0.999971 27.6442
0.999965 0.000708415 -0.00839198 -0.0779395 -0.000696977 0.999999 0.00136573 -0.382367 0.00839293 -0.00135983 0.999964 28.8526
0.999965 0.000609178 -0.00835626 -0.0918149 -0.000598877 0.999999 0.0012351 -0.402664 0.008357 -0.00123005 0.999964 30.0628
0.999948 0.000484066 -0.0102331 -0.111227 -0.000482678 1 0.000138058 -0.423082 0.0102331 -0.000133113 0.999948 31.2687
0.99995 0.00066939 -0.0100337 -0.126148 -0.000667745 1 0.000167273 -0.440207 0.0100338 -0.000160565 0.99995 32.4746
0.999933 6.12822e-05 -0.0115696 -0.144801 -5.61852e-05 1 0.000440832 -0.455638 0.0115696 -0.000440153 0.999933 33.6803
0.99993 -0.000395288 -0.0118653 -0.167746 0.00040231 1 0.000589405 -0.470355 0.0118651 -0.000594138 0.999929 34.8802
0.999935 -0.000253833 -0.0113976 -0.186214 0.000264216 1 0.000909503 -0.490246 0.0113974 -0.000912456 0.999935 36.0837
0.999916 -0.000233183 -0.0129246 -0.208609 0.000246361 0.999999 0.00101802 -0.506084 0.0129243 -0.00102112 0.999916 37.2879
0.999921 -0.000733745 -0.0125364 -0.230465 0.000757122 0.999998 0.0018601 -0.521948 0.012535 -0.00186945 0.99992 38.4944
0.999908 -0.000538582 -0.0135358 -0.255552 0.00057644 0.999996 0.00279308 -0.528188 0.0135343 -0.00280063 0.999904 39.7072
0.99991 0.000182615 -0.0134301 -0.277178 -0.000135832 0.999994 0.00348422 -0.544294 0.0134306 -0.00348208 0.999904 40.9057
0.999918 0.000684181 -0.0127766 -0.300405 -0.000641612 0.999994 0.00333554 -0.556746 0.0127788 -0.00332707 0.999913 42.1125
0.999909 0.00164155 -0.0133693 -0.322672 -0.00159764 0.999993 0.00329432 -0.562262 0.0133746 -0.00327267 0.999905 43.3078
0.999917 0.00391696 -0.0122359 -0.343152 -0.00385988 0.999982 0.00468475 -0.570179 0.012254 -0.00463714 0.999914 44.5093
0.999928 0.00421746 -0.0112437 -0.364833 -0.00413706 0.999966 0.00716508 -0.593793 0.0112735 -0.00711804 0.999911 45.7161
0.999939 0.00474735 -0.00998677 -0.38801 -0.00465361 0.999945 0.00938892 -0.606944 0.0100308 -0.00934187 0.999906 46.9322
0.999958 0.00504016 -0.00766039 -0.407096 -0.00494894 0.999917 0.0118815 -0.607099 0.00771964 -0.0118431 0.9999 48.1353
0.999966 0.00439377 -0.00694746 -0.422885 -0.00430287 0.999906 0.0130461 -0.606864 0.00700413 -0.0130157 0.999891 49.3488
0.999978 0.00389123 -0.0053529 -0.43504 -0.00382424 0.999915 0.0124692 -0.607131 0.00540096 -0.0124484 0.999908 50.552
0.99998 0.00514705 -0.0035566 -0.445209 -0.00510593 0.999921 0.0114749 -0.60863 0.00361538 -0.0114565 0.999928 51.7555
0.99998 0.00505605 -0.00377662 -0.455404 -0.00501487 0.999929 0.0108358 -0.607331 0.00383113 -0.0108166 0.999934 52.9665
0.999987 0.00410323 -0.00312508 -0.467469 -0.00406735 0.999927 0.011404 -0.611906 0.00317164 -0.0113911 0.99993 54.1715
0.999983 0.00315261 -0.00494971 -0.47519 -0.00309841 0.999936 0.0109199 -0.618094 0.00498382 -0.0109044 0.999928 55.384
0.999975 0.00295615 -0.00638074 -0.487157 -0.00288402 0.999932 0.0112843 -0.615351 0.00641366 -0.0112656 0.999916 56.5928
0.999974 0.00208269 -0.00688189 -0.501353 -0.00200237 0.99993 0.0116585 -0.619837 0.00690569 -0.0116444 0.999908 57.7922
0.999958 0.00163126 -0.00901594 -0.517488 -0.00152319 0.999927 0.0119797 -0.612774 0.00903482 -0.0119655 0.999887 59.0168
0.999955 0.00202314 -0.00927575 -0.53953 -0.00191257 0.999927 0.0119136 -0.607257 0.00929918 -0.0118953 0.999886 60.223
0.999939 0.00272153 -0.0107143 -0.557952 -0.00259552 0.999928 0.0117571 -0.602908 0.0107455 -0.0117286 0.999873 61.432
0.999934 0.0019643 -0.0112823 -0.578511 -0.00183708 0.999935 0.0112759 -0.603215 0.0113037 -0.0112545 0.999873 62.6421
0.999942 0.00110532 -0.0106831 -0.597976 -0.000983901 0.999935 0.0113643 -0.606386 0.010695 -0.0113532 0.999878 63.8446
0.999928 0.00087483 -0.0119327 -0.621257 -0.000729026 0.999925 0.0122178 -0.605205 0.0119425 -0.0122082 0.999854 65.0542
0.999931 0.000421965 -0.011722 -0.640529 -0.000260002 0.999905 0.0138151 -0.605123 0.0117267 -0.0138111 0.999836 66.2451
0.999918 0.00116868 -0.0127808 -0.659325 -0.00100019 0.999913 0.0131822 -0.604897 0.0127951 -0.0131683 0.999831 67.4486
0.999913 0.00272097 -0.0128753 -0.688813 -0.00255696 0.999916 0.0127375 -0.614228 0.0129089 -0.0127035 0.999836 68.6381
0.999915 0.00433871 -0.0122746 -0.716972 -0.00417194 0.999899 0.0135796 -0.61294 0.0123323 -0.0135272 0.999832 69.8353
0.999886 0.00571161 -0.0139566 -0.744477 -0.00551347 0.999884 0.0141942 -0.610716 0.0140361 -0.0141156 0.999802 71.0327
0.99989 0.00778372 -0.0126448 -0.774655 -0.00759753 0.999863 0.0147067 -0.616448 0.0127576 -0.014609 0.999812 72.2202
0.999889 0.0083057 -0.0123837 -0.802132 -0.00810742 0.99984 0.0159765 -0.619529 0.0125144 -0.0158743 0.999795 73.418
0.999905 0.00929286 -0.0102151 -0.822738 -0.00912299 0.999821 0.0165528 -0.611011 0.0103671 -0.016458 0.999811 74.6025
0.999944 0.00833933 -0.00656765 -0.832413 -0.00823406 0.99984 0.0158966 -0.599304 0.00669916 -0.0158416 0.999852 75.7868
0.999966 0.00636788 -0.00521639 -0.847335 -0.00630214 0.999902 0.0125234 -0.604969 0.00529563 -0.0124901 0.999908 76.9605
0.999972 0.00743099 -0.000846352 -0.848141 -0.00742072 0.999906 0.0115552 -0.606055 0.000932139 -0.0115486 0.999933 78.1271
0.999973 0.00718396 0.00111991 -0.856255 -0.00719975 0.999865 0.0148016 -0.622 -0.00101342 -0.0148093 0.99989 79.3059
0.999974 0.00569558 0.00443595 -0.860616 -0.0057656 0.999856 0.0159348 -0.636932 -0.00434455 -0.01596 0.999863 80.4776
0.999923 0.00736708 0.0099905 -0.852209 -0.00751372 0.999864 0.0147199 -0.632588 -0.00988069 -0.0147938 0.999841 81.6472
0.999909 0.00569146 0.0122563 -0.844409 -0.00584463 0.999905 0.0124972 -0.625927 -0.012184 -0.0125677 0.999846 82.8118
0.999829 0.00603326 0.0174525 -0.819732 -0.00620274 0.999934 0.00967243 -0.641168 -0.017393 -0.00977904 0.999801 83.9696
0.999794 0.00504252 0.019658 -0.803587 -0.00522303 0.999945 0.00914184 -0.651049 -0.0196108 -0.00924263 0.999765 85.1142
0.999726 0.00310892 0.0232137 -0.778677 -0.00337248 0.99993 0.0113232 -0.621669 -0.0231768 -0.0113983 0.999666 86.2855
0.999567 -0.00240108 0.0293066 -0.750745 0.00191066 0.999858 0.0167503 -0.471425 -0.0293427 -0.016687 0.99943 87.3869
0.999374 -0.00888995 0.0342364 -0.72077 0.00830548 0.999818 0.0171762 -0.326421 -0.0343829 -0.0168811 0.999266 88.4387
0.999195 -0.0103123 0.0387644 -0.687323 0.00971528 0.999832 0.0155572 -0.288558 -0.0389183 -0.015168 0.999127 89.5845
0.999102 -0.0107695 0.0409819 -0.641662 0.0101085 0.999816 0.0163028 -0.270321 -0.0411499 -0.0158739 0.999027 90.7363
0.998956 -0.0115776 0.0441965 -0.594344 0.0107927 0.999781 0.017956 -0.264768 -0.0443947 -0.0174602 0.998861 91.8894
0.998768 -0.0120637 0.0481322 -0.541058 0.0111302 0.999746 0.0196168 -0.251638 -0.0483566 -0.0190569 0.998648 93.0463
0.998655 -0.0128315 0.0502282 -0.48849 0.0117873 0.999709 0.0210314 -0.238453 -0.0504834 -0.020411 0.998516 94.2055
0.998442 -0.0140845 0.0539982 -0.42678 0.0129201 0.999678 0.0218527 -0.217958 -0.0542886 -0.021121 0.998302 95.3581
0.998353 -0.0140049 0.0556308 -0.367221 0.0128285 0.999688 0.0214481 -0.198263 -0.0559138 -0.0206991 0.998221 96.511
0.99819 -0.0148085 0.0582846 -0.306844 0.0137694 0.99974 0.0181887 -0.194563 -0.0585387 -0.0173532 0.998134 97.666
0.997994 -0.0148915 0.061524 -0.245201 0.0139143 0.999771 0.0162809 -0.190664 -0.0617523 -0.0153921 0.997972 98.8227
0.997998 -0.0144901 0.0615559 -0.183012 0.0135143 0.999777 0.0162398 -0.186225 -0.0617775 -0.0153754 0.997971 99.9992
0.997914 -0.014874 0.0628138 -0.108065 0.0138323 0.99976 0.0169861 -0.182487 -0.0630514 -0.0160819 0.99788 101.162
0.99804 -0.0148694 0.0607821 -0.0513874 0.0137916 0.999741 0.0181123 -0.175054 -0.0610356 -0.0172385 0.997986 102.351
0.998152 -0.015129 0.0588549 0.014944 0.0140221 0.999718 0.0191759 -0.166397 -0.0591284 -0.0183152 0.998082 103.539
0.998211 -0.0146905 0.0579476 0.0874638 0.0135331 0.999702 0.0203141 -0.160187 -0.0582288 -0.0194936 0.998113 104.719
0.998421 -0.0147352 0.0541962 0.145926 0.0136241 0.999691 0.0208152 -0.155084 -0.0544861 -0.0200439 0.998313 105.929
0.998532 -0.0144684 0.0521895 0.205583 0.0133821 0.999688 0.0211035 -0.148706 -0.0524786 -0.0203741 0.998414 107.125
0.998793 -0.0138069 0.0471346 0.252186 0.0128393 0.999702 0.0207699 -0.140695 -0.0474073 -0.0201396 0.998672 108.33
0.998966 -0.013881 0.0432767 0.30149 0.0129706 0.99969 0.0212477 -0.139887 -0.0435583 -0.0206644 0.998837 109.539
0.999097 -0.013962 0.040125 0.357996 0.0130902 0.999674 0.0219073 -0.131147 -0.0404178 -0.0213623 0.998954 110.748
0.999305 -0.0141516 0.0344868 0.385258 0.0133705 0.999651 0.0227769 -0.117498 -0.0347971 -0.0222999 0.999145 111.975
0.999436 -0.0138005 0.0306148 0.429395 0.0131057 0.999655 0.0227787 -0.102988 -0.0309186 -0.0223646 0.999271 113.191
0.9996 -0.0136644 0.0247369 0.453057 0.0130952 0.999649 0.0230251 -0.0906894 -0.0250429 -0.022692 0.999428 114.414
0.999726 -0.013031 0.0194182 0.470407 0.0125922 0.999667 0.0225525 -0.0798935 -0.0197056 -0.0223018 0.999557 115.649
0.999801 -0.0130548 0.015035 0.481331 0.0127115 0.999662 0.0227095 -0.0735122 -0.0153263 -0.0225139 0.999629 116.871
0.999874 -0.0125035 0.00974918 0.49388 0.0122851 0.999679 0.0221571 -0.0653694 -0.0100231 -0.0220345 0.999707 118.107
0.999916 -0.0110243 0.0067187 0.494038 0.0108746 0.999701 0.0219237 -0.0608941 -0.00695838 -0.0218488 0.999737 119.328
0.999945 -0.00976158 0.00381876 0.486595 0.00967708 0.999721 0.0215527 -0.0487833 -0.00402808 -0.0215145 0.99976 120.561
0.999953 -0.0093466 0.00234067 0.483385 0.00929404 0.999725 0.0215428 -0.0544606 -0.00254138 -0.02152 0.999765 121.806
0.999965 -0.00812019 0.00188064 0.477557 0.00807817 0.999739 0.0213682 -0.0430037 -0.00205366 -0.0213523 0.99977 123.03
0.999974 -0.0071758 1.39839e-05 0.46596 0.00717377 0.999735 0.0218866 -0.0279168 -0.000171033 -0.0218859 0.99976 124.279
0.999977 -0.00673538 0.000213722 0.463756 0.00672871 0.999715 0.0229055 -0.0159939 -0.000367938 -0.0229036 0.999737 125.516
0.999991 -0.00391105 -0.00152716 0.448659 0.00394785 0.999683 0.0248912 0.00189304 0.00142932 -0.0248969 0.999689 126.779
0.999994 -0.00256041 -0.00206124 0.438691 0.00261569 0.999625 0.0272789 0.0284746 0.00199062 -0.0272841 0.999625 128.04
0.999992 -0.00327208 -0.00183275 0.430638 0.00332124 0.999617 0.0274946 0.0439571 0.00174208 -0.0275005 0.99962 129.274
0.99999 -0.00300187 -0.00321823 0.414429 0.00308837 0.999625 0.0272202 0.0603258 0.00313532 -0.0272299 0.999624 130.553
0.999981 -0.00514281 -0.00335152 0.402095 0.00523443 0.999597 0.0279268 0.0845504 0.00320655 -0.0279438 0.999604 131.79
0.999961 -0.00703584 -0.00514204 0.391547 0.00718393 0.999543 0.0293724 0.104439 0.00493303 -0.0294082 0.999555 133.064
0.999943 -0.00904894 -0.00552102 0.372566 0.00921567 0.999478 0.0309611 0.123773 0.00523797 -0.0310102 0.999505 134.327
0.999925 -0.0111231 -0.00500545 0.364116 0.0112742 0.999448 0.0312566 0.15481 0.00465501 -0.0313107 0.999499 135.575
0.999895 -0.0132486 -0.00574536 0.361022 0.0134185 0.999442 0.0306041 0.171619 0.00533669 -0.0306779 0.999515 136.859
0.999887 -0.0142316 -0.00473668 0.35562 0.0143694 0.999433 0.0304435 0.208502 0.00430074 -0.0305081 0.999525 138.12
0.999871 -0.0151471 -0.00521012 0.351317 0.0152953 0.999442 0.029689 0.239207 0.00475751 -0.0297648 0.999545 139.403
0.999866 -0.0154798 -0.00514962 0.341802 0.0156291 0.999418 0.0303268 0.26004 0.00467717 -0.0304032 0.999526 140.683
0.999887 -0.0146168 -0.00347731 0.33312 0.0147219 0.999366 0.032417 0.283185 0.00300127 -0.0324645 0.999468 141.962
0.999912 -0.0126082 -0.00399749 0.324615 0.0127337 0.999371 0.0330936 0.308874 0.00357772 -0.0331416 0.999444 143.242
0.999915 -0.0124949 -0.0034981 0.318521 0.0126042 0.99937 0.033185 0.326032 0.00308125 -0.0332263 0.999443 144.515
0.999924 -0.0121854 -0.00170622 0.307174 0.0122344 0.999397 0.0325187 0.348266 0.00130894 -0.0325371 0.999469 145.787
0.999921 -0.012365 -0.00216878 0.301756 0.0124257 0.999454 0.0306276 0.372502 0.00178888 -0.0306521 0.999528 147.062
0.999916 -0.0129493 -0.000120248 0.294499 0.0129477 0.999531 0.0277732 0.387259 -0.000239453 -0.0277724 0.999614 148.327
0.99991 -0.0133702 -0.000957115 0.299389 0.0133899 0.999602 0.0248609 0.407369 0.000624338 -0.0248715 0.99969 149.595
0.999909 -0.0134643 -0.000744019 0.292811 0.0134783 0.999622 0.0239847 0.423281 0.000420798 -0.0239926 0.999712 150.862
0.999908 -0.0134988 0.000941814 0.290969 0.013472 0.999615 0.02426 0.43897 -0.00126893 -0.0242451 0.999705 152.124
0.999916 -0.0129029 -0.000311774 0.283447 0.0129066 0.999614 0.0246109 0.456451 -5.8983e-06 -0.0246128 0.999697 153.407
0.999928 -0.0119337 0.00092699 0.281975 0.0119058 0.999596 0.0258086 0.466392 -0.00123461 -0.0257957 0.999666 154.667
0.999938 -0.0110572 -0.000140162 0.272298 0.0110572 0.999605 0.0258471 0.484155 -0.000145692 -0.025847 0.999666 155.944
0.999939 -0.0109905 -0.00046303 0.263307 0.0109988 0.999603 0.0259648 0.500746 0.000177479 -0.0259683 0.999662 157.208
0.99994 -0.0109098 0.000234418 0.255205 0.0109 0.999604 0.0259608 0.517185 -0.000517552 -0.0259567 0.999663 158.472
0.999934 -0.0113834 -0.0011357 0.242375 0.0114099 0.999574 0.0268822 0.528264 0.000829204 -0.0268933 0.999638 159.758
0.999937 -0.0111246 -0.000599336 0.235375 0.0111368 0.999566 0.027287 0.554042 0.000295518 -0.0272919 0.999627 161.018
0.999939 -0.0107763 -0.00209984 0.224814 0.0108288 0.999582 0.026808 0.578365 0.00181007 -0.0268291 0.999638 162.293
0.99994 -0.0105472 -0.0026556 0.21725 0.0106138 0.999594 0.0264545 0.590942 0.0023755 -0.0264811 0.999646 163.552
0.999944 -0.0102544 -0.00223352 0.206096 0.0103101 0.999594 0.0265774 0.620131 0.00196008 -0.026599 0.999644 164.818
0.999931 -0.0110248 -0.00391107 0.198405 0.0111233 0.999597 0.0261174 0.63416 0.00362155 -0.0261591 0.999651 166.091
0.999937 -0.0107765 -0.00307677 0.191766 0.0108523 0.999609 0.0257696 0.655726 0.00279786 -0.0258013 0.999663 167.346
0.999931 -0.010649 -0.00489049 0.186264 0.0107733 0.999601 0.0261351 0.68095 0.00461022 -0.026186 0.999646 168.621
0.99993 -0.0104122 -0.00544399 0.171708 0.0105561 0.999577 0.0271156 0.704407 0.00515935 -0.0271712 0.999617 169.886
0.999935 -0.0103127 -0.00476373 0.163597 0.0104413 0.999559 0.0278203 0.723246 0.00447472 -0.0278682 0.999601 171.13
0.999927 -0.0100402 -0.00658876 0.150893 0.0102243 0.999541 0.0285222 0.752529 0.00629937 -0.0285875 0.999571 172.397
0.999933 -0.00975991 -0.00613472 0.14145 0.00993336 0.999533 0.0289086 0.766266 0.00584971 -0.0289676 0.999563 173.648
0.999927 -0.00911337 -0.00789621 0.120846 0.00933736 0.999542 0.0288094 0.789336 0.00763004 -0.028881 0.999553 174.923
0.999925 -0.00841024 -0.00887024 0.109117 0.00865894 0.99956 0.0283814 0.815923 0.00862764 -0.0284561 0.999557 176.194
0.99993 -0.00837091 -0.0082607 0.0978774 0.00860444 0.999553 0.0286506 0.82882 0.00801717 -0.0287197 0.999555 177.463
0.999915 -0.00856996 -0.0098148 0.0778381 0.00884487 0.99956 0.0283174 0.84371 0.0095678 -0.0284017 0.99955 178.719
0.999916 -0.00971412 -0.00845623 0.0626835 0.00994334 0.999573 0.0274995 0.857286 0.00818548 -0.0275812 0.999586 179.991
0.99988 -0.012012 -0.00976988 0.046499 0.0122744 0.999553 0.0272605 0.869405 0.00943806 -0.0273771 0.99958 181.257
0.999875 -0.0118967 -0.0103066 0.0312945 0.0122014 0.999475 0.0300279 0.895179 0.00994398 -0.0301499 0.999496 182.527
0.999867 -0.0131702 -0.00958375 0.0189785 0.0134845 0.999347 0.0335114 0.922327 0.00913614 -0.0336362 0.999392 183.797
0.999862 -0.0125521 -0.010784 -0.00288706 0.0129051 0.999362 0.0333073 0.945453 0.0103591 -0.0334419 0.999387 185.061
0.99989 -0.0112197 -0.00960693 -0.0159198 0.0115138 0.999449 0.03113 0.974571 0.00925236 -0.0312372 0.999469 186.325
0.999883 -0.010874 -0.0107082 -0.0365267 0.0111887 0.999494 0.0297784 0.990539 0.010379 -0.0298947 0.999499 187.572
0.99988 -0.0110904 -0.0107971 -0.0570139 0.0114091 0.999487 0.0299154 1.00633 0.0104598 -0.030035 0.999494 188.825
0.999889 -0.011314 -0.00966621 -0.0738764 0.0116111 0.999444 0.0312552 1.02529 0.00930721 -0.031364 0.999464 190.078
0.999883 -0.0113181 -0.0102077 -0.0924462 0.0116475 0.999394 0.0328126 1.0531 0.00983015 -0.0329276 0.999409 191.315
0.99989 -0.0121961 -0.00835667 -0.102032 0.012473 0.999347 0.0339233 1.07275 0.00793747 -0.0340238 0.999389 192.561
0.999895 -0.0121078 -0.00785708 -0.122864 0.0123636 0.999367 0.0333689 1.0923 0.00744808 -0.0334625 0.999412 193.791
0.999906 -0.0121132 -0.00625799 -0.13205 0.0123144 0.999374 0.0331729 1.10705 0.00585224 -0.0332468 0.99943 195.02
0.999926 -0.0114229 -0.0039456 -0.142779 0.0115437 0.999418 0.0320846 1.1205 0.00357681 -0.0321278 0.999477 196.256
0.999926 -0.0116975 -0.00307455 -0.151144 0.0117891 0.999429 0.0316613 1.1388 0.00270243 -0.0316952 0.999494 197.473
0.999938 -0.0110809 -0.000403786 -0.158343 0.0110882 0.999406 0.0326354 1.16058 4.19116e-05 -0.0326379 0.999467 198.689
0.999936 -0.0112304 8.98991e-05 -0.165303 0.0112209 0.999359 0.03398 1.17987 -0.000471454 -0.0339768 0.999422 199.907
0.999943 -0.0105789 0.00131261 -0.172371 0.0105272 0.999347 0.0345557 1.20312 -0.00167732 -0.0345399 0.999402 201.113
0.99994 -0.0102841 0.00363721 -0.175905 0.0101526 0.999353 0.0344949 1.22508 -0.00398962 -0.0344559 0.999398 202.319
0.999942 -0.00997285 0.00392573 -0.18685 0.00982948 0.999339 0.0349893 1.24969 -0.00427209 -0.0349487 0.99938 203.513
0.999928 -0.0102788 0.00601169 -0.184612 0.0100594 0.99932 0.0354591 1.27413 -0.00637208 -0.0353961 0.999353 204.707
0.999931 -0.0099945 0.00606235 -0.179975 0.00977176 0.999314 0.035722 1.30568 -0.00641522 -0.0356603 0.999343 205.883
0.999925 -0.0101273 0.0068007 -0.183619 0.0098776 0.99931 0.0357943 1.33952 -0.00715851 -0.0357244 0.999336 207.051
0.999898 -0.0115543 0.00834724 -0.175005 0.0112465 0.999288 0.0360171 1.36272 -0.00875746 -0.0359196 0.999316 208.223
0.999904 -0.0117419 0.0072675 -0.167631 0.0114692 0.999268 0.0364942 1.38971 -0.0076907 -0.0364073 0.999307 209.374
0.999892 -0.0120806 0.00825331 -0.168114 0.0117606 0.999217 0.0377786 1.41007 -0.00870324 -0.0376774 0.999252 210.503
0.999902 -0.0120571 0.00697257 -0.165756 0.011785 0.999215 0.0378225 1.43848 -0.00742313 -0.0377366 0.99926 211.615
0.999905 -0.0119819 0.006776 -0.165817 0.0117202 0.999231 0.0374279 1.46532 -0.00721925 -0.0373449 0.999276 212.715
0.999901 -0.0118905 0.00749045 -0.155561 0.0116059 0.99925 0.0369525 1.49025 -0.00792422 -0.0368619 0.999289 213.803
0.999908 -0.0120669 0.00613392 -0.157287 0.0118303 0.999236 0.0372466 1.51387 -0.00657869 -0.0371706 0.999287 214.88
0.999903 -0.0125708 0.00596966 -0.158862 0.0123407 0.999234 0.0371289 1.53453 -0.00643183 -0.0370516 0.999292 215.945
0.999912 -0.0127492 0.00357194 -0.165638 0.0126054 0.999208 0.0377303 1.55696 -0.00405015 -0.037682 0.999281 216.997
0.999916 -0.012799 0.00167353 -0.166532 0.0127245 0.999166 0.038789 1.57747 -0.0021686 -0.0387644 0.999246 218.033
0.999921 -0.0124976 4.48345e-05 -0.169118 0.0124853 0.999085 0.0408958 1.60008 -0.000555893 -0.040892 0.999163 219.064
0.999921 -0.0121617 -0.0028355 -0.174914 0.0122679 0.999081 0.0410638 1.62206 0.00233348 -0.0410954 0.999152 220.073
0.999918 -0.0118189 -0.00482562 -0.190036 0.0120072 0.999084 0.0410637 1.64595 0.00433587 -0.0411183 0.999145 221.053
0.999897 -0.0118009 -0.00810596 -0.206729 0.0121263 0.999072 0.0413346 1.66795 0.00761065 -0.0414287 0.999112 222.017
0.999874 -0.0116119 -0.0108029 -0.220013 0.0120535 0.999055 0.0417555 1.6945 0.0103079 -0.0418804 0.999069 222.966
0.999846 -0.011571 -0.013144 -0.236593 0.0121106 0.999055 0.0417435 1.71168 0.0126486 -0.0418962 0.999042 223.884
0.999789 -0.0116698 -0.0168706 -0.259619 0.0123651 0.999053 0.0417125 1.73182 0.0163679 -0.0419123 0.998987 224.792
0.999749 -0.0114801 -0.0192321 -0.278297 0.0122706 0.999063 0.0415039 1.74287 0.0187376 -0.0417294 0.998953 225.665
0.999676 -0.0109326 -0.0229779 -0.30105 0.0118737 0.999079 0.0412261 1.7621 0.022506 -0.0414856 0.998885 226.524
0.999603 -0.0105996 -0.0260855 -0.331094 0.0116622 0.999094 0.0409286 1.7807 0.025628 -0.0412165 0.998821 227.358
0.999567 -0.0092721 -0.0279201 -0.365416 0.0104093 0.99911 0.0408655 1.80036 0.0275164 -0.0411384 0.998774 228.172
0.999535 -0.00877444 -0.029191 -0.391084 0.00997834 0.999095 0.0413553 1.81548 0.0288017 -0.0416273 0.998718 228.97
0.999557 -0.00912476 -0.0282994 -0.421079 0.0103059 0.99907 0.0418747 1.83449 0.027891 -0.0421478 0.998722 229.751
0.999554 -0.00902058 -0.0284551 -0.446246 0.0102277 0.999041 0.0425643 1.85453 0.0280439 -0.0428364 0.998688 230.524
0.999565 -0.00891784 -0.028106 -0.466301 0.0101149 0.999035 0.0427409 1.86933 0.0276977 -0.0430066 0.998691 231.269
0.999602 -0.0086367 -0.0268549 -0.4883 0.00974403 0.999096 0.0413799 1.88369 0.0264732 -0.0416251 0.998782 232.006
0.999608 -0.00882105 -0.0265546 -0.510294 0.00987518 0.999158 0.0398306 1.89711 0.0261809 -0.0400772 0.998853 232.742
0.999655 -0.00859404 -0.0248114 -0.530672 0.00956292 0.999186 0.0391989 1.90834 0.0244543 -0.0394226 0.998923 233.472
0.99968 -0.00824748 -0.0238741 -0.553841 0.00917497 0.999197 0.0390036 1.9227 0.0235333 -0.0392102 0.998954 234.203
0.999718 -0.0083713 -0.0222121 -0.573314 0.00924158 0.999182 0.0393712 1.93975 0.0218643 -0.0395653 0.998978 234.922
0.999764 -0.0087276 -0.0198819 -0.589036 0.00951956 0.999151 0.0400926 1.9585 0.0195151 -0.0402724 0.998998 235.643
0.999788 -0.00875562 -0.0186149 -0.593118 0.00949549 0.999153 0.0400359 1.98329 0.0182486 -0.0402041 0.999025 236.341
0.999833 -0.00873068 -0.0160557 -0.600725 0.00936657 0.999157 0.0399658 1.99363 0.0156932 -0.0401095 0.999072 237.055
0.999872 -0.00865221 -0.0134038 -0.627493 0.00917993 0.999165 0.0398229 2.00315 0.013048 -0.0399408 0.999117 237.758
0.999903 -0.00944599 -0.0101621 -0.637277 0.00984959 0.999134 0.0404268 2.03174 0.00977148 -0.040523 0.999131 238.455
0.999923 -0.0106081 -0.00642524 -0.634243 0.0108644 0.999089 0.0412582 2.0203 0.00598172 -0.0413248 0.999128 239.162
0.999934 -0.0107798 -0.00377726 -0.63741 0.0109276 0.999076 0.0415665 2.03213 0.0033257 -0.041605 0.999128 239.856
0.999938 -0.0110598 -0.000316895 -0.63656 0.0110635 0.999091 0.041177 2.05073 -0.000138799 -0.0411779 0.999152 240.554
0.999932 -0.0113985 0.00241606 -0.639448 0.0112872 0.999056 0.0419508 2.07143 -0.00289195 -0.0419207 0.999116 241.245
0.999925 -0.0107491 0.00576156 -0.639688 0.010499 0.99907 0.0418109 2.09211 -0.00620563 -0.0417473 0.999109 241.936
0.999901 -0.0105236 0.00927901 -0.638812 0.0101287 0.999082 0.0416305 2.11793 -0.0097086 -0.0415324 0.99909 242.64
0.999868 -0.0107334 0.0121554 -0.63325 0.0102092 0.999049 0.0423953 2.1424 -0.0125989 -0.0422656 0.999027 243.334
0.999823 -0.0107644 0.0154239 -0.626584 0.0100939 0.999028 0.0429098 2.17151 -0.0158709 -0.0427465 0.99896 244.036
0.999786 -0.0107367 0.0176422 -0.615715 0.00996728 0.999019 0.0431344 2.19107 -0.018088 -0.0429494 0.998913 244.742
0.99973 -0.0105046 0.0207208 -0.600356 0.00962513 0.999067 0.0420945 2.20887 -0.0211437 -0.0418837 0.998898 245.447
0.999699 -0.00999602 0.0223665 -0.588884 0.00908915 0.999147 0.0402868 2.23101 -0.0227502 -0.0400714 0.998937 246.161
0.999661 -0.0105178 0.0237975 -0.571196 0.00957352 0.999175 0.0394514 2.25026 -0.0241928 -0.0392102 0.998938 246.875
0.999639 -0.0107564 0.0246002 -0.557952 0.00977814 0.99917 0.039547 2.27331 -0.0250052 -0.0392921 0.998915 247.6
0.99964 -0.011623 0.0241761 -0.540333 0.0106598 0.999159 0.0395953 2.29966 -0.024616 -0.0393234 0.998923 248.336
0.999628 -0.0105638 0.025118 -0.524804 0.00957308 0.999184 0.0392413 2.31409 -0.0255121 -0.0389862 0.998914 249.067
0.999624 -0.0105822 0.025259 -0.508235 0.00958786 0.999187 0.0391687 2.34146 -0.0256529 -0.0389118 0.998913 249.81
0.999611 -0.0109876 0.0256295 -0.487526 0.0100266 0.999253 0.03733 2.35536 -0.0260205 -0.0370585 0.998974 250.56
0.999535 -0.014674 0.0267179 -0.466029 0.0137089 0.999259 0.0359536 2.37279 -0.0272257 -0.0355706 0.998996 251.305
0.999499 -0.0163791 0.0270508 -0.439003 0.0154351 0.999277 0.0347468 2.37211 -0.0276004 -0.0343119 0.99903 252.073
0.999497 -0.0143907 0.0282474 -0.420176 0.0133168 0.999195 0.0378474 2.36201 -0.0287693 -0.0374522 0.998884 252.858
0.999541 -0.00962491 0.0287042 -0.406602 0.00837638 0.999027 0.0433042 2.38866 -0.0290931 -0.0430439 0.998649 253.617
0.999482 -0.0113479 0.030107 -0.385335 0.0099355 0.998861 0.0466552 2.41715 -0.0306021 -0.0463318 0.998457 254.413
0.999363 -0.0132715 0.0331163 -0.361594 0.0117567 0.998894 0.0455252 2.44225 -0.0336838 -0.0451068 0.998414 255.22
0.999237 -0.0119701 0.0371581 -0.335688 0.0104708 0.999133 0.0402868 2.47681 -0.0376081 -0.039867 0.998497 256.018
0.999052 -0.0109418 0.0421176 -0.313282 0.00930329 0.999199 0.0389049 2.52447 -0.0425096 -0.0384762 0.998354 256.824
0.998944 -0.0103658 0.0447588 -0.279689 0.00859736 0.999181 0.0395241 2.56569 -0.0451319 -0.0390976 0.998215 257.647
0.998787 -0.011558 0.0478636 -0.237033 0.0095706 0.99909 0.0415458 2.59141 -0.0483003 -0.0410373 0.997989 258.477
0.99856 -0.0147926 0.0515532 -0.192454 0.0125017 0.998932 0.0444803 2.62043 -0.0521561 -0.0437717 0.997679 259.312
0.998388 -0.0179124 0.0538452 -0.144587 0.0154131 0.9988 0.0464802 2.67059 -0.0546132 -0.0455754 0.997467 260.155
0.998173 -0.0176261 0.0577904 -0.101757 0.0148743 0.99875 0.0477061 2.68902 -0.0585591 -0.0467593 0.997188 260.986
0.998065 -0.0157914 0.0601291 -0.0568911 0.0129975 0.99883 0.0465766 2.7119 -0.0607943 -0.045705 0.997103 261.831
0.997908 -0.015422 0.0627838 -0.00841265 0.012584 0.998892 0.045349 2.7389 -0.0634136 -0.044464 0.996996 262.67
0.997684 -0.0158732 0.0661334 0.0417538 0.0128189 0.998842 0.0463544 2.76724 -0.0667927 -0.0453993 0.996733 263.508
0.997524 -0.0150903 0.0686861 0.0985698 0.0117843 0.998764 0.0482842 2.79662 -0.0693298 -0.0473552 0.996469 264.359
0.997256 -0.0146335 0.0725693 0.15029 0.0110043 0.99868 0.0501608 2.83013 -0.0732076 -0.0492246 0.996101 265.21
0.997095 -0.0135511 0.0749483 0.207554 0.00971425 0.998635 0.0513235 2.86076 -0.0755415 -0.0504463 0.995865 266.053
0.996887 -0.0137434 0.0776245 0.268347 0.00977956 0.998639 0.0512152 2.89856 -0.0782228 -0.0502966 0.995666 266.887
0.996628 -0.0150919 0.0806503 0.336391 0.011005 0.998644 0.0508806 2.9316 -0.0813088 -0.0498215 0.995443 267.738
0.996491 -0.0167985 0.0819865 0.411596 0.0125479 0.998563 0.0520871 2.96144 -0.0827437 -0.0508756 0.995271 268.583
0.996351 -0.0172275 0.0835902 0.487339 0.0128427 0.998527 0.052714 2.98143 -0.0843752 -0.0514481 0.995105 269.431
0.996319 -0.0178818 0.0838287 0.553733 0.0134723 0.99851 0.0528752 3.01757 -0.0846493 -0.0515512 0.995076 270.277
0.99627 -0.0178133 0.0844234 0.622438 0.0133289 0.998485 0.0533867 3.05155 -0.0852464 -0.0520623 0.994998 271.137
0.996233 -0.0174954 0.0849268 0.688776 0.0129343 0.998459 0.053963 3.07914 -0.08574 -0.0526613 0.994924 271.996
0.996285 -0.0166913 0.0844759 0.754796 0.0120749 0.99842 0.054867 3.10762 -0.0852583 -0.0536431 0.994913 272.854
0.996278 -0.0169167 0.0845182 0.821749 0.0122897 0.998412 0.0549696 3.1403 -0.0853139 -0.0537263 0.994904 273.701
0.996444 -0.0164843 0.082619 0.887357 0.0119954 0.998439 0.0545373 3.17177 -0.0833891 -0.0533524 0.995087 274.569
0.996571 -0.0159106 0.0811879 0.951915 0.0115007 0.998447 0.0544978 3.21572 -0.081929 -0.0533772 0.995207 275.431
0.996643 -0.0156114 0.0803585 1.01367 0.0112052 0.998424 0.0549935 3.25957 -0.0810903 -0.0539085 0.995247 276.285
0.996808 -0.0141447 0.0785642 1.07612 0.00985562 0.998453 0.0547153 3.28475 -0.0792166 -0.0537663 0.995406 277.141
0.996901 -0.0134521 0.077502 1.13556 0.00916277 0.99842 0.055437 3.31594 -0.0781253 -0.054555 0.995449 277.985
0.997147 -0.0136559 0.0742378 1.19803 0.00943357 0.998333 0.0569321 3.35221 -0.0748915 -0.0560693 0.995614 278.844
0.997412 -0.0153783 0.070234 1.25723 0.0112477 0.998204 0.0588338 3.39018 -0.0710127 -0.0578916 0.995794 279.702
0.997662 -0.0164074 0.0663424 1.31181 0.0123737 0.998075 0.0607611 3.42982 -0.0672117 -0.0597981 0.995945 280.537
0.997983 -0.0169656 0.0611598 1.36503 0.013138 0.997961 0.0624526 3.48249 -0.0620946 -0.0615231 0.996172 281.375
0.998205 -0.0172159 0.0573621 1.4085 0.0135885 0.997918 0.0630383 3.52481 -0.0583279 -0.0621457 0.996361 282.19
0.998456 -0.0175203 0.0527023 1.45009 0.0141579 0.99788 0.0635111 3.5686 -0.0537033 -0.0626669 0.996588 283.01
0.998666 -0.0184033 0.0482304 1.48515 0.0153114 0.997851 0.0637104 3.60469 -0.0492992 -0.0628869 0.996802 283.806
0.998802 -0.0187909 0.0451749 1.51902 0.0158835 0.997831 0.063879 3.64865 -0.0462773 -0.063085 0.996934 284.575
0.998988 -0.0184119 0.04102 1.54705 0.0157496 0.997806 0.0643056 3.69005 -0.042114 -0.0635944 0.997086 285.354
0.999106 -0.0184859 0.0380037 1.57205 0.0159998 0.997775 0.0647116 3.734 -0.0391155 -0.0640457 0.99718 286.095
0.999237 -0.0193321 0.0339154 1.59394 0.0171046 0.997752 0.0647817 3.7827 -0.0350916 -0.0641521 0.997323 286.84
0.99935 -0.0203817 0.0297267 1.61198 0.0184256 0.997737 0.0646577 3.82594 -0.0309772 -0.0640679 0.997464 287.552
0.999488 -0.0193492 0.0254679 1.62156 0.0176784 0.997776 0.064269 3.86248 -0.0266548 -0.0637859 0.997607 288.228
0.999646 -0.0188645 0.0187384 1.63177 0.0176561 0.997877 0.0626843 3.92059 -0.0198811 -0.0623313 0.997857 288.908
0.999769 -0.0183016 0.0112023 1.63288 0.0175773 0.997943 0.0616516 3.96428 -0.0123075 -0.0614404 0.998035 289.549
0.999824 -0.0187105 0.000441533 1.63336 0.0186484 0.997951 0.0611969 3.99216 -0.00158564 -0.0611779 0.998125 290.197
0.999751 -0.0185092 -0.012448 1.61969 0.0192362 0.997948 0.0610652 4.01459 0.0112922 -0.0612894 0.998056 290.822
0.999425 -0.0185297 -0.0283941 1.59296 0.020244 0.997912 0.0613256 4.04559 0.0271985 -0.0618651 0.997714 291.432
0.998692 -0.0168345 -0.0482709 1.5542 0.0197643 0.997949 0.0608748 4.0769 0.0471472 -0.0617492 0.996977 292.044
0.997414 -0.0158731 -0.0700945 1.50142 0.0201368 0.997962 0.0605453 4.09944 0.0689906 -0.0618002 0.995701 292.62
0.995315 -0.0144647 -0.095588 1.43835 0.0202821 0.997982 0.0601709 4.11655 0.0945247 -0.0618277 0.9936 293.215
0.992319 -0.0137244 -0.122935 1.36479 0.0212484 0.997966 0.0601021 4.13761 0.12186 -0.0622526 0.990593 293.772
0.988145 -0.0129766 -0.152974 1.26239 0.0223539 0.997963 0.0597401 4.1546 0.151887 -0.0624514 0.986423 294.304
0.982259 -0.0131589 -0.187066 1.14777 0.0247816 0.997895 0.0599292 4.17993 0.185884 -0.0635017 0.980517 294.853
0.974733 -0.0131139 -0.222988 1.01418 0.0271597 0.997826 0.0600396 4.20233 0.221716 -0.0645788 0.97297 295.361
0.96554 -0.0126453 -0.259947 0.866697 0.0293951 0.997726 0.0606491 4.2214 0.258589 -0.0662002 0.963716 295.845
0.954144 -0.010997 -0.299144 0.697166 0.0306912 0.997652 0.0612166 4.235 0.297769 -0.0675905 0.952242 296.344
0.940841 -0.0106948 -0.338678 0.513744 0.0332423 0.997593 0.0608445 4.25899 0.337213 -0.0685034 0.938932 296.799
0.925093 -0.0106151 -0.379591 0.308983 0.0362333 0.997516 0.0604082 4.27923 0.378007 -0.069637 0.92318 297.264
0.906879 -0.0103281 -0.421262 0.0907732 0.0390677 0.997454 0.059649 4.2962 0.419574 -0.0705522 0.904975 297.7
0.8857 -0.0108865 -0.46413 -0.143412 0.0427199 0.997395 0.0581278 4.31262 0.462288 -0.0713113 0.883857 298.112
0.861647 -0.011136 -0.507385 -0.404538 0.0462408 0.997323 0.0566375 4.33 0.505396 -0.0722634 0.859856 298.521
0.834484 -0.0114348 -0.550912 -0.681479 0.0498194 0.997256 0.0547639 4.34627 0.548774 -0.0731458 0.832764 298.905
0.804306 -0.0106303 -0.59412 -0.966005 0.0520217 0.997261 0.0525824 4.36222 0.591933 -0.0731995 0.802656 299.262
0.770851 -0.0108494 -0.636922 -1.28589 0.0553699 0.997212 0.0500263 4.37289 0.634603 -0.0738292 0.769303 299.611
0.733495 -0.0119602 -0.679589 -1.60066 0.0608184 0.996989 0.0480964 4.38036 0.676968 -0.07661 0.732014 299.927
0.691655 -0.0133061 -0.722105 -1.94959 0.0686691 0.996512 0.0474109 4.38847 0.718956 -0.0823783 0.690156 300.237
0.645368 -0.0132464 -0.763756 -2.30296 0.0739981 0.996231 0.0452494 4.39411 0.760279 -0.085719 0.643916 300.503
0.595975 -0.0105335 -0.802933 -2.65621 0.074885 0.996285 0.0425131 4.40092 0.799503 -0.0854644 0.59455 300.731
0.544467 -0.00502761 -0.838767 -3.05327 0.0719148 0.99658 0.0407084 4.40761 0.835693 -0.0824841 0.542966 300.942
0.490605 -0.0009056 -0.871381 -3.44254 0.069685 0.996837 0.038198 4.40986 0.868591 -0.0794623 0.489116 301.114
0.434948 0.00111628 -0.900454 -3.81872 0.0700486 0.996927 0.0350716 4.41081 0.897726 -0.0783299 0.433533 301.258
0.377978 0.002315 -0.925811 -4.22279 0.0717331 0.996917 0.031779 4.41608 0.923031 -0.078423 0.376646 301.385
0.320262 0.00464082 -0.947317 -4.60661 0.073993 0.99681 0.0298983 4.41407 0.944434 -0.0796701 0.318897 301.491
0.261859 0.00727577 -0.965078 -5.02324 0.0755457 0.996749 0.0280127 4.42022 0.962144 -0.0802429 0.260458 301.561
0.200489 0.00952958 -0.979649 -5.43377 0.077133 0.996695 0.025481 4.41288 0.976654 -0.080672 0.199092 301.608
0.1365 0.0117211 -0.99057 -5.84438 0.0774459 0.996743 0.0224662 4.4237 0.987608 -0.0797822 0.135148 301.641
0.0727716 0.0167411 -0.997208 -6.28618 0.0784708 0.996663 0.0224584 4.42461 0.994256 -0.079886 0.071215 301.631
0.00649084 0.022165 -0.999733 -6.72877 0.0787529 0.996638 0.0226077 4.42405 0.996873 -0.0788786 0.00472332 301.594
-0.0612596 0.0274767 -0.997743 -7.17435 0.0791417 0.996607 0.0225863 4.41641 0.994979 -0.0775794 -0.0632264 301.54
-0.127459 0.033223 -0.991287 -7.63379 0.079151 0.996592 0.0232237 4.4163 0.98868 -0.0755013 -0.129654 301.441
-0.19399 0.0388141 -0.980235 -8.09279 0.0801769 0.996501 0.0235911 4.41852 0.977721 -0.0740158 -0.196423 301.325
-0.2584 0.0424942 -0.965103 -8.56063 0.0817251 0.996412 0.0219914 4.41894 0.962574 -0.0731906 -0.260946 301.166
-0.320643 0.0444892 -0.946154 -9.02327 0.0827584 0.996392 0.0188053 4.41861 0.943577 -0.0722725 -0.323168 300.979
-0.38082 0.0448434 -0.923561 -9.47943 0.0831605 0.996436 0.0140915 4.41676 0.920901 -0.0714374 -0.383193 300.764
-0.437182 0.0450264 -0.898245 -9.95556 0.0830623 0.996499 0.00952463 4.41439 0.895529 -0.0704463 -0.439391 300.499
-0.489683 0.04532 -0.870722 -10.4167 0.0826551 0.996563 0.00538571 4.42031 0.867973 -0.0693323 -0.491746 300.213
-0.537128 0.0456786 -0.842263 -10.8839 0.0820909 0.996623 0.00169901 4.41671 0.839496 -0.0682295 -0.539064 299.884
-0.579162 0.0456785 -0.813931 -11.3628 0.0805149 0.996752 -0.0013527 4.4159 0.811226 -0.066317 -0.580959 299.519
-0.617749 0.0474671 -0.784941 -11.8389 0.0807573 0.996728 -0.00328184 4.42234 0.782216 -0.065417 -0.619562 299.119
-0.655877 0.0536313 -0.75296 -12.3219 0.0855005 0.996332 -0.00351038 4.40577 0.75001 -0.0666808 -0.658056 298.7
-0.692898 0.0582926 -0.718675 -12.7978 0.0881558 0.996098 -0.00419928 4.3889 0.715625 -0.066265 -0.695333 298.236
-0.727326 0.0593939 -0.683716 -13.2579 0.0880049 0.996095 -0.00708823 4.37126 0.680625 -0.0653258 -0.729713 297.729
-0.758654 0.0572528 -0.648973 -13.7017 0.0855017 0.996265 -0.012061 4.35044 0.645858 -0.0646384 -0.760715 297.174
-0.787587 0.0543205 -0.613805 -14.1527 0.0831658 0.996363 -0.0185357 4.32116 0.610565 -0.065646 -0.78924 296.579
-0.81387 0.049976 -0.578894 -14.578 0.0793074 0.996525 -0.0254686 4.31215 0.575609 -0.0666386 -0.815005 295.949
-0.837513 0.0481112 -0.544294 -14.9877 0.076978 0.99657 -0.0303584 4.27385 0.540966 -0.0673242 -0.838345 295.292
-0.86002 0.0469746 -0.508092 -15.4106 0.0742596 0.996674 -0.0335498 4.24629 0.504826 -0.0665842 -0.860648 294.566
-0.880325 0.0445152 -0.472276 -15.7845 0.0699192 0.996889 -0.0363663 4.20576 0.469188 -0.0650354 -0.8807 293.829
-0.899532 0.043719 -0.43466 -16.1527 0.0673033 0.99697 -0.0390072 4.16479 0.431638 -0.0643423 -0.899749 293.04
-0.916631 0.0460125 -0.397076 -16.4941 0.0676267 0.996884 -0.0405958 4.12922 0.39397 -0.0640642 -0.916887 292.229
-0.932429 0.0485747 -0.358073 -16.8305 0.0678251 0.996838 -0.0413906 4.07433 0.35493 -0.0628801 -0.932775 291.371
-0.94615 0.0481481 -0.320127 -17.1316 0.0648965 0.997014 -0.0418505 4.02587 0.317156 -0.0603719 -0.946449 290.477
-0.957447 0.0519451 -0.283895 -17.3966 0.0662969 0.99695 -0.0411739 3.97694 0.28089 -0.0582432 -0.95797 289.567
-0.967606 0.0522178 -0.247005 -17.643 0.064684 0.996995 -0.0426214 3.9287 0.244037 -0.0572179 -0.968076 288.61
-0.975681 0.0499658 -0.213422 -17.8548 0.0612689 0.997029 -0.0466752 3.87681 0.210456 -0.0586162 -0.975844 287.644
-0.982556 0.0490066 -0.17939 -18.0447 0.0588154 0.997027 -0.0497718 3.81412 0.176417 -0.0594545 -0.982518 286.633
-0.987857 0.0487656 -0.147512 -18.2023 0.0568175 0.997088 -0.0508706 3.7524 0.144602 -0.0586342 -0.987751 285.587
-0.99192 0.0479772 -0.117437 -18.3214 0.0543855 0.997166 -0.0519841 3.7032 0.11461 -0.0579509 -0.991718 284.532
-0.995048 0.046837 -0.0876672 -18.4246 0.0516479 0.997235 -0.053437 3.64676 0.0849216 -0.0577001 -0.994715 283.434
-0.997022 0.0465306 -0.0614926 -18.4875 0.049858 0.99731 -0.0537322 3.57612 0.0588267 -0.0566381 -0.99666 282.316
-0.998375 0.0447068 -0.0353385 -18.5262 0.0465615 0.99748 -0.053532 3.51592 0.0328559 -0.0550903 -0.99794 281.161
-0.998962 0.0437698 -0.012559 -18.5411 0.0443762 0.997611 -0.0529429 3.44879 0.0102114 -0.0534452 -0.998518 280
-0.999095 0.0415965 0.00879501 -18.524 0.041066 0.997711 -0.0537201 3.37741 -0.0110097 -0.0533103 -0.998517 278.82
-0.998977 0.0374182 0.0253705 -18.4838 0.0359622 0.997805 -0.0555996 3.30339 -0.0273956 -0.0546304 -0.99813 277.625
-0.998754 0.0337198 0.0367719 -18.4298 0.0316072 0.997897 -0.0565947 3.23464 -0.0386032 -0.0553619 -0.997719 276.425
-0.99849 0.0308992 0.0454115 -18.3663 0.0283881 0.998086 -0.05494 3.16792 -0.0470225 -0.0535679 -0.997456 275.188
