1 0 0 0 0 1 0 0 0 0 1 0
-0.975431 0.0835524 0.203845 3.77302 0.0850745 0.996374 -0.0013005 -0.760551 -0.203214 0.0160735 -0.979002 -2.23807
0.976681 -0.07501 -0.201167 -0.525199 0.0855986 0.995338 0.0444518 -0.937419 0.196895 -0.0606348 0.978548 -0.369191
-0.987633 0.028569 0.154157 3.28964 0.0256087 0.999448 -0.0211555 -1.05481 -0.154676 -0.0169461 -0.98782 -3.97581
0.992552 -0.0831401 0.0890423 0.242638 0.0781619 0.995251 0.0580129 -0.842124 -0.0934427 -0.0506211 0.994337 0.491238
-0.948996 0.0962526 -0.300235 1.63839 0.114073 0.992569 -0.0423577 -0.938454 0.293927 -0.0744459 -0.952924 -4.1257
0.907947 -0.0232056 0.418441 0.374727 -0.0190014 0.99516 0.0964185 -0.134113 -0.418653 -0.0954939 0.903112 1.80078
-0.955288 0.052548 -0.290971 3.78086 0.0732363 0.995468 -0.0606653 -0.382501 0.286465 -0.0792624 -0.954807 -3.68989
0.990176 -0.04997 0.130593 -0.365694 0.0401936 0.996263 0.0764545 0.0842906 -0.133925 -0.0704544 0.988484 1.2873
-0.990107 0.067274 -0.123135 4.83697 0.0715848 0.996955 -0.0309208 -0.216966 0.120679 -0.0394295 -0.991908 -3.56267
0.991455 0.0490592 0.120872 0.527589 -0.0596137 0.99457 0.0853084 0.377175 -0.116031 -0.0917851 0.988996 0.638376
-0.977564 0.176818 -0.114477 3.80088 0.185494 0.980141 -0.0701121 -0.454428 0.0998068 -0.0897739 -0.990949 -4.55365
0.990937 0.0527692 0.123527 -0.390041 -0.0649883 0.993153 0.0970748 0.449494 -0.117559 -0.104223 0.987582 -0.714398
-0.982712 0.149357 -0.109407 2.74278 0.153558 0.987654 -0.0309864 -0.080988 0.103428 -0.047251 -0.993514 -5.48735
0.998078 0.000131534 0.0619622 0.0503116 -0.00315513 0.998808 0.048701 0.35481 -0.061882 -0.0488029 0.99689 -0.820539
-0.993066 0.116672 -0.0144033 3.26945 0.117157 0.992332 -0.0393844 0.0863943 0.00969791 -0.0407988 -0.99912 -4.7568
0.968477 0.0409858 -0.245708 -0.904578 -0.0168898 0.994906 0.0993851 0.635443 0.24853 -0.0921023 0.964235 -1.42546
-0.952429 0.120264 0.280027 2.00812 0.094679 0.990142 -0.103218 -0.195055 -0.28968 -0.0717949 -0.954427 -4.26901
0.93568 0.00329661 -0.352835 -1.49536 0.0497913 0.988717 0.141279 -0.237893 0.34932 -0.14976 0.924958 -1.97214
-0.908406 -0.0780039 0.410748 3.20522 -0.0858409 0.996309 -0.000638993 -0.417653 -0.409182 -0.0358394 -0.911749 -6.19755
0.908485 0.0371423 -0.416264 -2.09623 0.0452493 0.981445 0.186328 0.0223961 0.415461 -0.188111 0.889947 -1.49628
-0.85904 -0.136467 0.493383 3.17458 -0.140676 0.989637 0.0287939 -0.399403 -0.492199 -0.0446721 -0.869336 -6.48643
0.887368 0.216882 -0.406867 -2.70158 -0.10166 0.952773 0.286161 1.01786 0.449715 -0.212568 0.867508 -2.65453
-0.948751 -0.127924 0.288974 3.01776 -0.129293 0.991501 0.0144311 0.639825 -0.288364 -0.0236708 -0.957228 -8.07894
0.946549 -0.13228 -0.294187 -3.22861 0.148283 0.988405 0.0326683 -0.348015 0.286455 -0.074545 0.955189 -2.6079
-0.95039 -0.11771 0.287929 3.15281 -0.148854 0.984873 -0.088702 -0.626779 -0.273133 -0.127161 -0.953535 -7.45692
0.961199 -0.12355 -0.246643 -2.65647 0.133083 0.990854 0.0222954 -1.39653 0.241632 -0.0542542 0.96885 -4.33144
-0.938915 -0.0850687 0.333468 2.59673 -0.0863879 0.996202 0.0108992 -1.19844 -0.333129 -0.0185742 -0.942698 -8.91432
0.924636 -0.147279 -0.351224 -3.78698 0.164652 0.98615 0.0199426 -1.69615 0.343422 -0.0762693 0.936079 -3.49396
-0.934328 -0.0423084 0.353895 2.61645 -0.0664659 0.996194 -0.0563828 -1.66765 -0.350163 -0.0762019 -0.933584 -7.63777
0.764064 -0.0673775 0.641612 4.49589 -0.0072439 0.993573 0.112964 -0.871017 -0.6451 -0.0909595 0.758665 0.350406
0.101789 -0.0246249 -0.994501 -2.07183 0.120532 0.992634 -0.0122418 -1.62034 0.987477 -0.118623 0.104008 -4.05034
-0.921304 -0.00788175 0.388764 6.08301 -0.0203789 0.999399 -0.0280331 -1.81797 -0.388309 -0.0337495 -0.920911 -8.38024
0.791104 -0.0528859 0.609391 6.37374 0.00771127 0.997038 0.076517 -1.32911 -0.611633 -0.0558337 0.789169 1.50205
0.427847 0.00118222 -0.90385 -2.89011 0.107679 0.992811 0.0522696 -1.48447 0.897414 -0.119689 0.424644 0.207046
-0.987901 0.0556375 -0.144765 1.1386 0.0634975 0.996716 -0.0502494 -2.25566 0.141493 -0.0588335 -0.988189 -8.71181
0.289872 0.0106945 0.957006 8.71521 -0.00783112 0.99993 -0.00880226 -1.81733 -0.957033 -0.00494287 0.289936 -0.0906525
0.802069 -0.0490194 -0.595216 -2.42278 0.0853499 0.995804 0.0330012 -1.46858 0.591101 -0.0772709 0.802887 3.95974
-0.809925 0.00344687 -0.586524 -2.34938 0.0652632 0.994303 -0.0842777 -2.13406 0.582892 -0.106537 -0.805535 -8.21786
-0.291959 0.000452724 0.956431 8.42179 -0.0319504 0.999437 -0.0102263 -1.52646 -0.955897 -0.0335439 -0.29178 -4.60001
0.984853 -0.110563 -0.133571 -0.118566 0.122667 0.98871 0.0860571 -1.3378 0.122548 -0.101138 0.987296 4.02589
-0.536377 -0.0669099 -0.841322 -4.02143 0.0332295 0.994405 -0.10027 -2.24638 0.843323 -0.0817391 -0.531153 -6.44255
-0.513105 -0.0959235 0.852949 7.25302 -0.144328 0.989228 0.0244266 -0.896896 -0.846104 -0.110571 -0.521423 -5.96038
0.969921 -0.152351 -0.189848 -1.29977 0.186158 0.966763 0.175252 -0.552934 0.156839 -0.205323 0.966045 2.10037
-0.920341 -0.0656452 -0.385569 0.85655 0.00641095 0.98315 -0.182689 -2.67742 0.391064 -0.170608 -0.904412 -10.2093
0.501144 -0.175447 0.847392 6.88366 -0.0628565 0.969265 0.237853 0.260342 -0.863078 -0.172462 0.474713 1.49506
0.130819 -0.134538 -0.982235 -5.17655 0.292094 0.952003 -0.0914946 -2.7323 0.9474 -0.274936 0.163838 -2.93564
-0.739767 -0.145022 0.657048 7.8419 -0.212987 0.976755 -0.024214 -1.50615 -0.638264 -0.157855 -0.753459 -7.81564
0.981099 -0.190935 -0.031427 0.699599 0.193303 0.959681 0.204072 -0.374762 -0.00880426 -0.20629 0.978451 3.69682
-0.78923 -0.131288 -0.599899 -0.276128 0.0296464 0.967595 -0.25076 -3.59648 0.613381 -0.215693 -0.759763 -10.5999
0.00698123 -0.142634 0.989751 11.4919 -0.211257 0.967225 0.140878 -0.273233 -0.977406 -0.210075 -0.0233797 -3.62773
0.726831 -0.0884257 -0.6811 -0.600842 0.239095 0.962224 0.130225 -0.59439 0.643856 -0.2575 0.720516 -0.577721
-0.997837 -0.0657134 -0.00150244 6.41877 -0.0645724 0.984274 -0.164424 -1.5278 0.0122834 -0.163971 -0.986389 -10.32
0.774967 -0.162945 0.610634 7.048 -0.00293601 0.965253 0.2613 1.63422 -0.631994 -0.204292 0.747561 2.05054
-0.388723 -0.0620832 -0.91926 1.49264 0.169284 0.975929 -0.137495 -0.832554 0.905669 -0.209064 -0.368857 -9.73037
-0.143286 -0.154776 0.977504 12.8586 -0.211566 0.969654 0.122521 2.75261 -0.966804 -0.189251 -0.171682 -2.59214
0.551117 -0.157517 -0.819425 -1.34854 0.347596 0.936097 0.0538365 0.274384 0.758582 -0.314499 0.570652 -3.65173
-0.779043 -0.155686 0.607333 11.6401 -0.26677 0.958929 -0.0963776 1.87006 -0.567386 -0.237101 -0.788579 -6.07109
0.891166 -0.156287 -0.425907 0.578962 0.279084 0.928997 0.243057 1.67984 0.35768 -0.335468 0.871508 -1.14791
-0.892991 -0.165235 0.418645 10.9477 -0.275297 0.936401 -0.217636 1.61126 -0.356059 -0.309599 -0.881686 -6.09724
0.889196 -0.163643 -0.427259 1.28006 0.296356 0.917471 0.265368 1.32099 0.348572 -0.362585 0.864309 -1.98385
-0.836117 -0.154794 0.526258 10.5765 -0.291766 0.937895 -0.187683 1.83756 -0.464523 -0.310469 -0.829354 -4.54736
0.769668 -0.173197 -0.614503 1.47027 0.375574 0.90117 0.216415 0.358133 0.51629 -0.397359 0.758651 -3.90656
-0.746978 -0.14386 0.649097 10.3199 -0.311119 0.938452 -0.150044 2.22658 -0.587561 -0.314026 -0.745761 -2.70469
0.736715 -0.171532 -0.654085 2.11357 0.380571 0.90473 0.191385 -0.0682905 0.558942 -0.389922 0.731809 -5.1583
-0.760243 -0.162978 0.628863 9.73093 -0.265019 0.961613 -0.0711704 2.45195 -0.593124 -0.220767 -0.774252 -1.83258
0.758611 -0.182733 -0.625395 2.41104 0.329845 0.935485 0.126768 -0.176204 0.561883 -0.302451 0.769942 -6.32871
-0.931225 -0.148622 -0.332763 10.06 -0.0435985 0.951942 -0.303158 -0.0784712 0.361827 -0.2678 -0.892953 -11.0162
0.294418 -0.207372 0.932907 10.0053 -0.165842 0.950277 0.263571 2.71653 -0.941177 -0.232315 0.245388 -0.823547
0.547507 -0.213691 -0.809056 -0.157515 0.386556 0.922089 0.0180457 -0.961199 0.742166 -0.322626 0.587454 -6.16116
-0.989395 -0.134399 0.0550789 11.957 -0.144995 0.936228 -0.320083 -1.01407 -0.00854791 -0.324675 -0.945787 -12.6218
0.62885 -0.140536 0.76472 10.3428 -0.119656 0.954321 0.273776 3.35046 -0.768264 -0.263668 0.583309 2.2067
0.3174 -0.136323 -0.938442 -2.28334 0.397049 0.917797 0.000966213 -1.71051 0.861168 -0.372914 0.345436 -7.21106
-0.970191 -0.0689429 0.232328 14.77 -0.153603 0.916454 -0.369483 -2.29328 -0.187445 -0.394155 -0.899726 -13.1837
0.650702 -0.092888 0.75363 11.5535 -0.197463 0.937644 0.286063 4.04605 -0.733209 -0.334956 0.591785 3.56307
0.370294 -0.137771 -0.918641 -3.40574 0.426875 0.903571 0.0365574 -1.95329 0.825022 -0.405682 0.393398 -6.23695
-0.983984 -0.0566275 0.169023 14.6884 -0.121658 0.906372 -0.404584 -3.39577 -0.130287 -0.418668 -0.898745 -13.4548
0.590938 -0.136059 0.79516 12.0171 -0.223047 0.919694 0.323129 4.10887 -0.775269 -0.368307 0.513135 4.43097
0.935448 -0.176489 -0.306249 -7.69431 0.271884 0.91293 0.304365 3.31313 0.225867 -0.367982 0.901983 10.2888
-0.0242913 -0.19174 -0.981145 -19.5682 0.399264 0.897904 -0.185357 -5.70069 0.916514 -0.396238 0.0547432 -5.89693
-0.970991 -0.0836668 0.223998 0.475861 -0.163801 0.915202 -0.368204 -6.87425 -0.174197 -0.394214 -0.902358 -14.0853
0.315519 -0.108703 0.942672 5.98379 -0.260864 0.945205 0.196308 0.878878 -0.912358 -0.307848 0.269874 5.61627
0.84962 -0.176339 -0.497041 -15.247 0.326794 0.915739 0.233724 -1.53038 0.413946 -0.361007 0.835657 8.24359
-0.612831 -0.0960993 -0.784349 -13.3302 0.286937 0.897767 -0.334186 -10.6038 0.736278 -0.429858 -0.522605 -12.7808
-0.564174 -0.0597722 0.823489 8.10572 -0.348458 0.921436 -0.171848 -5.24944 -0.748521 -0.383904 -0.540679 -5.98774
0.929104 -0.0816668 0.360687 -4.20033 -0.0778522 0.910264 0.406643 2.40011 -0.36153 -0.405894 0.839372 11.5051
0.975881 -0.185961 -0.114338 -23.8593 0.215981 0.746346 0.629539 7.3843 -0.031734 -0.63905 0.76851 21.6818
0.778814 -0.157535 -0.60715 -46.7398 0.606982 0.433376 0.666152 5.23095 0.158183 -0.887337 0.43314 23.6534
0.374416 -0.188315 -0.907937 -66.0952 0.890738 0.345145 0.295737 -7.59018 0.257679 -0.919463 0.296967 21.7749
-0.10192 -0.573886 -0.812568 -75.5939 0.892763 0.307569 -0.329203 -29.3589 0.438846 -0.758984 0.480997 18.7863
-0.477989 -0.7541 -0.4504 -72.9859 0.592148 0.102083 -0.799337 -52.2725 0.648758 -0.648777 0.397744 10.5256
-0.683004 -0.720069 -0.122501 -61.2094 0.145488 0.0302363 -0.988898 -68.8584 0.715779 -0.693243 0.0841097 -3.94774
-0.673612 -0.698442 0.241714 -44.1055 -0.352893 0.0165879 -0.935517 -74.7134 0.649394 -0.715475 -0.257649 -22.4014
-0.458035 -0.678655 0.574135 -26.4471 -0.782918 0.00209557 -0.622121 -66.7123 0.421003 -0.734454 -0.532291 -40.3768
-0.137389 -0.585804 0.798722 -12.1701 -0.99001 0.0554135 -0.129651 -46.3479 0.0316903 -0.808556 -0.587566 -50.9406
0.296048 -0.469768 0.831669 -6.76971 -0.898189 0.159325 0.409721 -19.3351 -0.324979 -0.868293 -0.374773 -50.5725
0.659463 -0.421538 0.622426 -13.2096 -0.52833 0.32911 0.782658 6.071 -0.534767 -0.844981 -0.00567513 -39.4015
0.86197 -0.433237 0.263273 -30.4495 -0.0023199 0.515942 0.85662 21.0454 -0.506953 -0.738992 0.443722 -21.2179
0.821102 -0.532478 -0.205567 -55.286 0.533451 0.587797 0.608214 19.3994 -0.203029 -0.609066 0.766693 -4.25728
0.513582 -0.604941 -0.608506 -80.2386 0.821278 0.551936 0.14446 2.1623 0.248467 -0.573945 0.780289 1.95823
0.0126657 -0.664969 -0.746763 -95.4941 0.780158 0.473713 -0.408595 -24.6157 0.625455 -0.577418 0.524781 -6.07149
-0.483192 -0.674681 -0.557969 -94.416 0.419419 0.381039 -0.823952 -50.1913 0.768513 -0.63215 0.0988585 -26.087
-0.769483 -0.630754 -0.100222 -76.7117 -0.11975 0.29663 -0.947454 -64.4101 0.62734 -0.717049 -0.303785 -50.7334
-0.724252 -0.586801 0.36211 -51.1339 -0.605553 0.290106 -0.741042 -61.3815 0.329794 -0.755978 -0.56545 -72.4707
-0.419942 -0.539798 0.729566 -26.3813 -0.905461 0.303716 -0.296472 -41.2957 -0.0615464 -0.785095 -0.616309 -84.688
0.023145 -0.529968 0.847701 -11.4867 -0.891205 0.373285 0.257704 -10.262 -0.45301 -0.761441 -0.46367 -82.9519
0.454604 -0.567253 0.686701 -11.8315 -0.555713 0.421877 0.716381 21.2679 -0.696073 -0.707279 -0.123443 -67.3107
0.728535 -0.621701 0.287617 -28.2258 0.00497777 0.424668 0.905335 40.4605 -0.68499 -0.658137 0.312481 -43.1281
0.700938 -0.687394 -0.190196 -53.0331 0.559708 0.364866 0.744043 40.3094 -0.442055 -0.627982 0.640489 -19.8277
0.368963 -0.741708 -0.56012 -75.9927 0.92646 0.245248 0.285525 20.7431 -0.0744075 -0.624278 0.777651 -4.01041
-0.127711 -0.732968 -0.668166 -87.4437 0.938303 0.128999 -0.320854 -11.7568 0.321369 -0.667919 0.671272 -1.33144
-0.408031 -0.900176 -0.152294 -81.2343 0.491465 -0.0759924 -0.867575 -42.3635 0.769398 -0.428845 0.473412 -14.4163
-0.132761 -0.807415 0.574852 -67.9777 -0.110337 -0.564341 -0.818135 -56.9586 0.984987 -0.172044 -0.0141652 -42.948
0.542134 0.0862508 0.835853 -66.2318 -0.142948 -0.970752 0.192887 -51.404 0.828044 -0.224054 -0.513948 -77.8968
0.600103 0.717821 -0.353 -89.4259 0.505733 0.00144424 0.862688 -48.1241 0.619766 -0.696226 -0.36216 -105.796
0.019426 -0.544115 -0.838785 -109.828 0.52163 0.721228 -0.455776 -71.7317 0.852951 -0.428682 0.297837 -126.56
0.228246 -0.826803 0.5141 -108.114 -0.0476451 -0.536892 -0.842305 -90.3011 0.972437 0.167758 -0.161937 -159.385
0.711745 0.289088 0.640192 -115.274 0.0439819 -0.927939 0.370127 -86.3494 0.701059 -0.235279 -0.673171 -197.238
0.689726 0.617064 -0.378826 -143.678 0.517633 -0.0543792 0.853873 -83.7346 0.506294 -0.785032 -0.356919 -223.748
0.270675 -0.237954 -0.932798 -174.345 0.737117 0.674469 0.0418379 -104.365 0.619188 -0.698906 0.357962 -237.794
-0.108643 -0.704132 -0.701708 -189.142 0.628558 0.498208 -0.597246 -137.019 0.770137 -0.505951 0.388461 -255.738
-0.433377 -0.80497 -0.405224 -186.762 0.332327 0.275211 -0.902118 -168.035 0.837701 -0.525625 0.148243 -281.861
-0.670997 -0.733399 -0.109029 -169.764 -0.0147646 0.160234 -0.986968 -189.363 0.741313 -0.660644 -0.118345 -310.7
-0.762103 -0.60284 0.236182 -141.251 -0.394001 0.142346 -0.90802 -196.465 0.513771 -0.785062 -0.346002 -338.003
-0.698585 -0.461516 0.546791 -106.967 -0.682473 0.200195 -0.70296 -188.905 0.214963 -0.864248 -0.454826 -358.33
-0.433129 -0.348065 0.831414 -73.9611 -0.890407 0.308418 -0.334745 -165.293 -0.13991 -0.885285 -0.443504 -366.891
-0.0361986 -0.288762 0.956716 -50.8579 -0.885048 0.453849 0.103496 -131.002 -0.464091 -0.842993 -0.271997 -360.365
0.459297 -0.241773 0.854746 -46.8841 -0.616795 0.605648 0.502747 -96.3874 -0.639227 -0.758114 0.129048 -338.222
0.808306 -0.309488 0.500857 -63.272 -0.14347 0.721514 0.677373 -73.0781 -0.571015 -0.619383 0.538802 -308.162
0.900465 -0.434428 -0.0208164 -96.3792 0.382924 0.769196 0.511572 -71.1973 -0.206229 -0.468624 0.858988 -281.835
0.626037 -0.617108 -0.476712 -132.486 0.720587 0.691473 0.0511858 -92.7848 0.298047 -0.375557 0.877568 -272.179
0.0590434 -0.781698 -0.620855 -154.146 0.608834 0.521074 -0.598166 -127.904 0.791097 -0.34268 0.506691 -288.459
-0.522852 -0.827703 -0.203795 -144.817 -0.0666319 0.278032 -0.958258 -150.203 0.849815 -0.487449 -0.200521 -326.127
-0.559107 -0.683522 0.469251 -115.243 -0.77101 0.220532 -0.597419 -137.976 0.304864 -0.695819 -0.650304 -357.725
-0.0189316 -0.475005 0.879779 -93.0827 -0.931238 0.328661 0.15741 -99.2205 -0.36392 -0.816304 -0.448565 -360.427
0.624659 -0.393566 0.674468 -98.5819 -0.472109 0.497654 0.727635 -61.259 -0.622024 -0.772946 0.125058 -338.778
0.910165 -0.400259 0.106727 -128.24 0.186698 0.626351 0.756854 -45.2559 -0.369787 -0.668937 0.644811 -312.174
0.675109 -0.524566 -0.518707 -167.291 0.716518 0.633601 0.291807 -59.4702 0.175582 -0.568664 0.803612 -299.359
0.024633 -0.636355 -0.771003 -191.319 0.723096 0.543895 -0.425806 -93.5802 0.690308 -0.54702 0.473543 -313.047
-0.637653 -0.651964 -0.410295 -182.51 0.142812 0.423342 -0.894643 -120.538 0.75697 -0.629067 -0.176837 -347.071
-0.760092 -0.553931 0.339734 -149.385 -0.598816 0.394057 -0.697237 -116.212 0.252347 -0.733403 -0.631223 -375.449
-0.220882 -0.431426 0.874689 -120.136 -0.876129 0.481798 0.0163929 -82.2528 -0.428496 -0.76272 -0.484406 -376.168
0.496289 -0.443248 0.746477 -120.139 -0.464344 0.590987 0.659635 -45.8226 -0.733541 -0.673992 0.0874807 -350.537
0.842517 -0.51775 0.148659 -149.086 0.265127 0.638806 0.722243 -33.6381 -0.468906 -0.569088 0.675475 -318.044
0.583373 -0.664521 -0.466998 -185.89 0.799113 0.572423 0.183713 -55.6793 0.14524 -0.480357 0.864964 -302.494
-0.103558 -0.753653 -0.649062 -202.547 0.696309 0.411048 -0.588381 -95.4072 0.710232 -0.51288 0.482209 -318.432
-0.687112 -0.696906 -0.205421 -185.33 -0.0359191 0.314972 -0.948421 -117.508 0.725663 -0.644293 -0.241454 -354.686
-0.662315 -0.550504 0.508216 -149.213 -0.733312 0.337249 -0.590354 -104.05 0.153597 -0.763681 -0.627056 -380.801
-0.137619 -0.448107 0.883323 -122.278 -0.87656 0.470351 0.102042 -65.8098 -0.461198 -0.760243 -0.457523 -379.083
0.438486 -0.453444 0.775963 -120.525 -0.470788 0.619569 0.628087 -28.5264 -0.765565 -0.640721 0.0581965 -351.367
0.78218 -0.531322 0.32541 -143.891 0.172947 0.686911 0.705864 -13.5503 -0.598568 -0.495834 0.629178 -314.623
0.725763 -0.662994 -0.183591 -179.315 0.675812 0.637211 0.370459 -26.6079 -0.128626 -0.392939 0.910525 -287.575
0.35549 -0.766154 -0.535382 -210.722 0.816651 0.53322 -0.220809 -61.348 0.45465 -0.358725 0.815236 -285.007
-0.139753 -0.804868 -0.576763 -224.651 0.557709 0.417319 -0.717499 -100.393 0.818187 -0.421939 0.390561 -308.156
-0.566224 -0.7345 -0.37403 -216.266 0.109138 0.382978 -0.917288 -127.681 0.816994 -0.560211 -0.13669 -346.2
-0.81376 -0.57747 0.0657447 -185.458 -0.409551 0.489484 -0.769853 -130.391 0.412386 -0.653401 -0.634827 -382.778
-0.707573 -0.432476 0.558842 -143.868 -0.661276 0.684037 -0.307909 -109.271 -0.249106 -0.587417 -0.769992 -397.314
-0.261257 -0.38142 0.886714 -110.268 -0.506451 0.836188 0.210468 -78.3276 -0.821737 -0.394091 -0.411631 -377.5
0.293703 -0.495684 0.817334 -101.771 -0.0273996 0.850328 0.525539 -57.449 -0.955504 -0.176747 0.236163 -332.012
0.610613 -0.715179 0.340102 -121.691 0.548651 0.691733 0.469562 -62.9524 -0.571081 -0.100123 0.814765 -284.592
0.466574 -0.848165 -0.250845 -154.284 0.874129 0.485446 -0.0155156 -98.2066 0.134932 -0.212032 0.967903 -262.75
-0.0331103 -0.8466 -0.531197 -173.741 0.66611 0.377548 -0.643239 -144.016 0.745119 -0.375133 0.551428 -280.866
-0.592506 -0.760155 -0.266645 -160.45 0.00275491 0.32909 -0.944295 -170.575 0.805561 -0.560235 -0.192894 -325.341
-0.718776 -0.621349 0.311907 -123.247 -0.641292 0.41926 -0.642624 -159.323 0.268524 -0.661926 -0.699821 -362.361
-0.302268 -0.501579 0.810587 -89.0979 -0.819462 0.571134 0.0478307 -119.188 -0.486945 -0.649788 -0.583662 -362.493
0.327995 -0.47207 0.818272 -81.6932 -0.403945 0.712924 0.573209 -80.4635 -0.853961 -0.518546 0.0431454 -327.385
0.739003 -0.568913 0.360849 -106.228 0.245021 0.725908 0.642668 -67.8333 -0.627566 -0.386518 0.675844 -282.737
0.656665 -0.710789 -0.252131 -146.053 0.754179 0.619722 0.217159 -90.2263 0.00189686 -0.332752 0.943013 -256.993
0.120865 -0.780669 -0.613146 -174.088 0.761425 0.469203 -0.447303 -133.647 0.636886 -0.412801 0.651131 -267.609
-0.497988 -0.723544 -0.478008 -171.028 0.287272 0.382453 -0.878183 -170.059 0.81822 -0.574643 0.0173965 -306.056
-0.796765 -0.603551 0.0298443 -138.937 -0.330384 0.393735 -0.857799 -178.997 0.505975 -0.693325 -0.513119 -347.658
-0.647859 -0.47249 0.59752 -95.3495 -0.757337 0.483912 -0.438487 -156.2 -0.0819662 -0.736602 -0.671342 -368.764
-0.145111 -0.402934 0.903652 -64.3203 -0.765283 0.624602 0.155614 -114.608 -0.627125 -0.668967 -0.398995 -357.458
0.44067 -0.403276 0.801984 -61.8139 -0.37523 0.728859 0.572684 -76.9997 -0.815484 -0.553293 0.169865 -320.403
0.806844 -0.493428 0.324855 -89.4113 0.221279 0.76228 0.608248 -64.2459 -0.547758 -0.418877 0.724227 -278.409
0.790023 -0.577111 -0.206895 -131.539 0.612102 0.761515 0.213134 -79.3703 0.0345517 -0.295021 0.954866 -254.096
0.402402 -0.685652 -0.606592 -170.018 0.662591 0.675358 -0.323829 -112.863 0.631701 -0.271613 0.726072 -261.197
-0.164745 -0.758517 -0.630484 -186.038 0.318458 0.56408 -0.76184 -145.825 0.933512 -0.326291 0.148626 -298.825
-0.604647 -0.757617 -0.245799 -171.537 -0.25582 0.476975 -0.840864 -157.144 0.754293 -0.445546 -0.482215 -348.975
-0.706562 -0.652515 0.273851 -135.909 -0.690859 0.552248 -0.466622 -137.51 0.153244 -0.51889 -0.840994 -384.53
-0.453378 -0.558717 0.694466 -97.7858 -0.733635 0.676405 0.0652361 -98.6576 -0.506189 -0.479908 -0.716563 -386.892
0.0435129 -0.524743 0.850147 -76.8085 -0.394649 0.772719 0.49715 -60.8121 -0.917801 -0.357142 -0.173467 -353.109
0.492859 -0.595992 0.633942 -83.1478 0.164192 0.779193 0.604896 -44.7705 -0.854477 -0.19404 0.48189 -301.008
0.741941 -0.62642 0.238998 -112.947 0.573997 0.777678 0.256406 -57.879 -0.346482 -0.0530542 0.936556 -257.052
0.647383 -0.726823 -0.229398 -153.627 0.684854 0.686825 -0.243405 -91.9588 0.334469 0.000472074 0.942407 -243.084
0.294596 -0.823632 -0.484606 -187.146 0.407028 0.566959 -0.71616 -129.109 0.864605 0.0137302 0.502266 -266.573
-0.163045 -0.863359 -0.477521 -200.025 -0.0717319 0.493091 -0.867015 -149.806 0.984008 -0.107109 -0.142327 -316.435
-0.531052 -0.821259 -0.208608 -187.444 -0.534445 0.515688 -0.669652 -143.141 0.657535 -0.24413 -0.712776 -370.543
-0.618411 -0.737547 0.271278 -155.02 -0.785842 0.578459 -0.218718 -110.145 0.00439196 -0.348439 -0.937322 -402.699
-0.352325 -0.622912 0.69846 -120.772 -0.688984 0.677728 0.256876 -66.1553 -0.633378 -0.390724 -0.667958 -397.21
0.146928 -0.507095 0.849274 -103.925 -0.300188 0.79524 0.526764 -30.7867 -0.942497 -0.332338 -0.0353806 -357.298
0.6109 -0.520799 0.596296 -116.361 0.212633 0.833435 0.510072 -19.259 -0.76262 -0.18481 0.619885 -304.267
0.78801 -0.607361 0.10076 -152.994 0.590503 0.791925 0.155441 -36.3537 -0.174203 -0.0629897 0.982693 -265.877
0.570479 -0.722449 -0.390667 -195.94 0.628443 0.690215 -0.358696 -72.029 0.528784 -0.0408832 0.847771 -263.664
0.0731966 -0.798388 -0.597677 -223.161 0.283428 0.591228 -0.755062 -105.053 0.956197 -0.11413 0.269562 -299.704
-0.45686 -0.798447 -0.392124 -219.616 -0.257013 0.5405 -0.801127 -115.119 0.851601 -0.265222 -0.452144 -354.834
-0.656491 -0.735251 0.168597 -188.598 -0.707307 0.522312 -0.476349 -94.276 0.262176 -0.431968 -0.862942 -397.276
-0.363868 -0.576043 0.731966 -151.746 -0.819556 0.571436 0.042298 -51.0664 -0.442637 -0.584496 -0.680028 -402.447
0.265914 -0.390324 0.88144 -138.186 -0.517691 0.713503 0.472134 -7.1645 -0.813196 -0.58186 -0.0123373 -368.829
0.805185 -0.413509 0.425073 -164.403 0.0817602 0.787352 0.611058 13.724 -0.58736 -0.457261 0.667773 -323.183
0.80944 -0.51607 -0.280138 -214.163 0.575699 0.791417 0.2055 -1.19958 0.115654 -0.327615 0.937706 -300.464
0.255751 -0.659729 -0.706646 -253.139 0.57016 0.693231 -0.44085 -37.4487 0.780711 -0.290153 0.553446 -320.684
-0.423196 -0.77156 -0.474973 -253.901 0.0244765 0.514304 -0.857259 -63.2013 0.905708 -0.374414 -0.198767 -371.9
-0.689095 -0.70623 0.162439 -220.994 -0.615335 0.45184 -0.645913 -52.5427 0.382767 -0.54505 -0.745929 -417.669
-0.369655 -0.580052 0.725875 -183.752 -0.839557 0.543232 0.00655116 -9.39908 -0.398119 -0.606992 -0.687796 -425.407
0.285269 -0.474133 0.832958 -173.061 -0.472822 0.686343 0.552606 35.6937 -0.833704 -0.551482 -0.0283881 -390.499
0.735226 -0.582656 0.346343 -200.305 0.207734 0.68007 0.703102 53.4309 -0.645205 -0.444992 0.621043 -342.563
0.661257 -0.697714 -0.275562 -245.168 0.750123 0.61139 0.25203 30.2982 -0.00736885 -0.373362 0.927657 -314.23
0.120779 -0.774796 -0.620566 -276.272 0.743942 0.484547 -0.46018 -16.7942 0.65724 -0.406085 0.634926 -327.273
-0.500515 -0.716608 -0.485754 -273.111 0.222252 0.435928 -0.872107 -52.9347 0.836713 -0.544463 -0.0589212 -372.482
-0.790199 -0.605744 0.0930582 -236.568 -0.427934 0.436678 -0.791319 -55.5478 0.4387 -0.665122 -0.604281 -417.391
-0.550305 -0.471002 0.689435 -191.023 -0.797072 0.542261 -0.265764 -22.5079 -0.248679 -0.695781 -0.673831 -432.025
0.0384035 -0.447826 0.893295 -166.839 -0.650842 0.667125 0.362422 25.001 -0.758242 -0.595312 -0.265844 -408.245
0.555558 -0.482018 0.677504 -174.833 -0.161131 0.736962 0.656448 59.0371 -0.815716 -0.473862 0.331758 -361.376
0.785211 -0.585886 0.200452 -210.158 0.429584 0.748549 0.505106 59.6745 -0.445983 -0.310504 0.839457 -314.818
0.612363 -0.728832 -0.306292 -254.358 0.759342 0.650059 -0.0286954 26.5336 0.220022 -0.215009 0.951505 -296.159
0.103563 -0.844349 -0.525689 -282.109 0.594907 0.476153 -0.647584 -20.0198 0.797096 -0.245671 0.551621 -318.367
-0.37948 -0.865913 -0.325865 -280.244 0.0558626 0.330125 -0.942283 -51.1799 0.923512 -0.375782 -0.0769039 -367.978
-0.603999 -0.783184 0.147672 -251.626 -0.55486 0.280214 -0.783333 -47.8452 0.572114 -0.55507 -0.603807 -418.704
-0.440238 -0.633802 0.635991 -214.448 -0.896678 0.347002 -0.27488 -11.6727 -0.0464706 -0.691292 -0.72108 -444.101
0.0056368 -0.506143 0.862431 -190.291 -0.813709 0.498979 0.298158 40.0753 -0.581246 -0.703448 -0.40904 -434.146
0.572524 -0.403645 0.713643 -197.203 -0.328983 0.684174 0.650904 81.5642 -0.750991 -0.607434 0.258914 -393.809
0.868232 -0.44058 0.228172 -234.009 0.247586 0.783251 0.57028 93.3721 -0.42997 -0.438643 0.789125 -350.817
0.780447 -0.542164 -0.311382 -283.821 0.579466 0.814261 0.0346217 72.7304 0.234776 -0.207456 0.949654 -332.831
0.360807 -0.704174 -0.61152 -324.621 0.457332 0.705029 -0.542017 38.7443 0.812814 -0.0841037 0.576421 -352.844
-0.169213 -0.836734 -0.520809 -338.789 -0.0113737 0.530053 -0.847888 15.6173 0.985514 -0.13755 -0.0992089 -403.033
-0.48817 -0.870229 -0.0662574 -323.724 -0.55854 0.369853 -0.742457 20.4192 0.670614 -0.325438 -0.666609 -457.823
-0.481994 -0.716695 0.504013 -289.79 -0.873649 0.349489 -0.338518 52.6195 0.0664669 -0.603494 -0.794593 -490.205
-0.11354 -0.53145 0.839445 -261.096 -0.8586 0.477617 0.186246 101.944 -0.499915 -0.699602 -0.510533 -487.64
0.387403 -0.312853 0.867203 -253.526 -0.518302 0.704013 0.48552 146.247 -0.762419 -0.637565 0.110584 -452.613
0.822294 -0.306555 0.479433 -278.651 -0.010491 0.834188 0.551381 169.79 -0.568966 -0.458427 0.682732 -407.151
0.88719 -0.441015 -0.135644 -327.338 0.461051 0.835847 0.297978 163.247 -0.0180351 -0.326902 0.944887 -378.127
0.451629 -0.607748 -0.653203 -373.317 0.622871 0.738952 -0.256871 130.743 0.638798 -0.290851 0.712281 -387
-0.212512 -0.716808 -0.664096 -389.495 0.337076 0.58413 -0.738358 94.9124 0.91718 -0.380761 0.117484 -428.9
-0.689213 -0.687809 -0.227821 -368.813 -0.195541 0.47933 -0.855574 79.7028 0.697674 -0.545125 -0.464856 -480.625
-0.737213 -0.508867 0.444488 -322.77 -0.652284 0.364473 -0.664595 91.4297 0.176187 -0.779881 -0.60062 -513.803
-0.35678 -0.169023 0.91877 -276.976 -0.873372 0.409406 -0.263835 127.054 -0.331556 -0.896559 -0.293688 -513.671
0.244799 0.0592874 0.967759 -256.544 -0.807372 0.565141 0.169606 175.157 -0.536865 -0.822862 0.186213 -487.434
0.792838 0.0558625 0.606866 -274.692 -0.446089 0.73166 0.51544 219.055 -0.415226 -0.679377 0.605008 -451.972
0.996101 -0.0871794 -0.0134905 -324.876 0.0786283 0.808063 0.583826 240.347 -0.0399965 -0.58261 0.811768 -427.24
0.707927 -0.294428 -0.641991 -383.382 0.564288 0.782429 0.26341 226.751 0.424757 -0.548742 0.720045 -428.422
0.11747 -0.499008 -0.858598 -421.235 0.714762 0.642713 -0.275746 186.904 0.689432 -0.581302 0.432172 -452.371
-0.3397 -0.588728 -0.733487 -432.962 0.626 0.440508 -0.643489 137.59 0.701947 -0.677756 0.218903 -484.991
-0.730568 -0.554457 -0.398556 -413.67 0.330428 0.223731 -0.916931 92.2003 0.597569 -0.801575 0.0197577 -520.206
-0.91872 -0.38901 0.0679977 -368.283 -0.0959757 0.0529231 -0.993976 64.3708 0.383068 -0.919713 -0.0859573 -549.028
-0.836651 -0.140182 0.529494 -309.527 -0.534243 -0.00439648 -0.84532 63.3072 0.120827 -0.990117 -0.0712132 -564.904
-0.484688 0.177845 0.856416 -255.252 -0.861884 0.0698034 -0.502279 90.9206 -0.149109 -0.98158 0.119449 -560.78
0.0206138 0.389784 0.920675 -222.875 -0.964529 0.250153 -0.0843121 139 -0.263174 -0.88628 0.381115 -541.484
0.473053 0.479174 0.739332 -218.76 -0.843172 0.48959 0.222181 192.811 -0.255506 -0.728487 0.635629 -512.947
0.819498 0.419921 0.389986 -244.237 -0.561836 0.722851 0.402277 240.079 -0.112978 -0.548773 0.828303 -483.901
0.97311 0.226875 -0.0397981 -293.201 -0.19104 0.891471 0.410834 270.094 0.128687 -0.392184 0.910842 -463.198
0.895386 -0.0515749 -0.442293 -353.656 0.176275 0.953182 0.245708 276.472 0.408913 -0.297969 0.862558 -457.597
0.605808 -0.345635 -0.716612 -410.73 0.448041 0.892517 -0.0517116 258.755 0.657462 -0.289744 0.695553 -470.074
0.176959 -0.581597 -0.793996 -450.394 0.556137 0.724682 -0.406876 222.523 0.812033 -0.36957 0.451687 -499.073
-0.283667 -0.700317 -0.655048 -462.987 0.47347 0.491746 -0.730762 177.997 0.833883 -0.517439 0.192087 -538.895
-0.660614 -0.672037 -0.334597 -445.63 0.22076 0.252094 -0.942186 137.478 0.717534 -0.696287 -0.0181778 -581.131
-0.859397 -0.503846 0.0870361 -402.954 -0.13865 0.0657964 -0.988154 112.26 0.492151 -0.861285 -0.126404 -616.764
-0.830192 -0.237901 0.504167 -345.934 -0.514673 -0.0204503 -0.857143 109.805 0.214226 -0.971075 -0.105464 -638.435
-0.580318 0.0591377 0.81224 -289.142 -0.813057 0.0149715 -0.581993 131.868 -0.0465785 -0.998139 0.0393939 -642.283
-0.172408 0.312816 0.934035 -247.091 -0.95901 0.163183 -0.23167 174.057 -0.22489 -0.935692 0.27186 -628.913
0.291295 0.459548 0.839024 -230.601 -0.915951 0.387035 0.106015 226.938 -0.276014 -0.799387 0.533666 -603.249
0.694561 0.462556 0.551023 -244.085 -0.69467 0.630418 0.346421 278.396 -0.187136 -0.62339 0.759188 -573.295
0.936311 0.321085 0.142219 -284.441 -0.350633 0.832327 0.429289 316.671 0.019466 -0.451815 0.891901 -548.128
0.955948 0.0705957 -0.28492 -341.834 0.029925 0.942152 0.333848 333.31 0.292006 -0.327667 0.898537 -535.63
0.748551 -0.226126 -0.623328 -402.156 0.351617 0.932367 0.0840197 325.281 0.562172 -0.282066 0.777434 -540.503
0.366104 -0.494705 -0.788184 -450.566 0.533809 0.805422 -0.257574 295.737 0.762245 -0.32644 0.558947 -563.097
-0.0955302 -0.667822 -0.738164 -475.21 0.530834 0.593138 -0.605313 253.222 0.842076 -0.449668 0.29784 -599.321
-0.520642 -0.702084 -0.485808 -470.19 0.343437 0.348725 -0.872034 209.533 0.781655 -0.620862 0.0595612 -641.664
-0.802675 -0.588903 -0.0943681 -437.042 0.0185913 0.133445 -0.990883 176.759 0.596127 -0.797112 -0.0961644 -681.086
-0.870937 -0.356649 0.338039 -384.354 -0.36228 0.001259 -0.932069 164.256 0.331996 -0.934239 -0.130304 -709.276
-0.708318 -0.0635359 0.703029 -325.613 -0.703711 -0.0146996 -0.710335 176.297 0.0554658 -0.997872 -0.0342989 -720.739
-0.355578 0.216965 0.909115 -275.82 -0.920119 0.0895691 -0.381259 211.002 -0.164149 -0.972062 0.167785 -714.172
0.0988663 0.414546 0.904642 -247.735 -0.957263 0.28793 -0.0273261 260.814 -0.271801 -0.863278 0.425296 -692.794
0.541107 0.479682 0.69073 -248.678 -0.805829 0.530662 0.26275 314.385 -0.240508 -0.698787 0.673687 -663.533
0.860295 0.396047 0.320998 -278.69 -0.503778 0.756925 0.416261 359.428 -0.0781125 -0.519819 0.850699 -635.296
0.976424 0.184604 -0.11188 -330.529 -0.126819 0.910004 0.394728 385.792 0.17468 -0.371234 0.911962 -616.73
0.860387 -0.101648 -0.499402 -391.479 0.230562 0.951531 0.203549 388.007 0.454506 -0.290274 0.842121 -614.061
0.593618 -0.333148 -0.73255 -448.281 0.415864 0.906315 -0.0751792 371.257 0.688968 -0.260013 0.676549 -628.567
0.26321 -0.492176 -0.829749 -493.321 0.540741 0.787539 -0.295605 339.762 0.79895 -0.370873 0.473428 -656.331
-0.167492 -0.537237 -0.826633 -516.522 0.586353 0.619776 -0.521604 297.129 0.792553 -0.572063 0.211203 -694.109
-0.55398 -0.654501 -0.514523 -510.335 0.313125 0.408843 -0.857206 255.813 0.771402 -0.635985 -0.0215503 -738.97
-0.727977 -0.679369 -0.0922282 -481.682 -0.0394341 0.175791 -0.983638 226.923 0.684467 -0.71243 -0.154763 -783.831
-0.752087 -0.537294 0.38168 -435.019 -0.459039 0.0114954 -0.888342 221.066 0.472914 -0.843318 -0.255285 -822.517
-0.585342 -0.250608 0.771083 -381.771 -0.78643 -0.0558628 -0.615149 240.378 0.197236 -0.966477 -0.164387 -845.224
-0.406085 -0.0255112 0.913479 -330.729 -0.907804 0.125921 -0.400046 274.658 -0.104821 -0.991713 -0.0742936 -849.986
-0.20584 0.148852 0.967199 -287.007 -0.90414 0.349196 -0.246161 315.521 -0.374384 -0.925153 0.0627046 -835.833
-0.0591684 0.329753 0.942211 -250.349 -0.814372 0.529924 -0.236603 353.326 -0.577321 -0.78131 0.237187 -804.477
0.0433532 0.444698 0.894631 -219.691 -0.645479 0.69595 -0.31466 381.257 -0.762548 -0.563824 0.317215 -759.361
0.183054 0.507782 0.841813 -197.512 -0.464216 0.799453 -0.381287 398.148 -0.866601 -0.320987 0.382064 -705.385
0.241781 0.514595 0.822639 -178.917 -0.259462 0.851208 -0.456209 402.428 -0.934999 -0.10314 0.339324 -648.092
0.31224 0.502292 0.806355 -164.638 -0.0271628 0.853166 -0.520934 393.052 -0.949616 0.140754 0.280037 -589.896
0.475715 0.699341 0.533496 -166.104 0.134497 0.541556 -0.829837 363.125 -0.869257 0.46652 0.163566 -537.141
0.586922 0.699168 0.408273 -177.409 0.274178 0.302833 -0.912754 321.663 -0.761807 0.647655 -0.0139573 -494.111
0.705289 0.605942 0.367969 -196.848 0.370637 0.12729 -0.920015 273.744 -0.604314 0.78526 -0.134808 -461.873
0.822674 0.4983 0.273685 -226.269 0.350061 -0.0646802 -0.934492 224.951 -0.447956 0.86459 -0.227646 -439.914
0.911438 0.350886 0.214848 -263.471 0.317202 -0.266699 -0.910086 177.04 -0.262037 0.897637 -0.354381 -431.212
0.979434 0.184855 0.0808575 -309.768 0.160638 -0.471953 -0.866867 136.977 -0.122084 0.862028 -0.491942 -434.468
0.998959 -0.0147413 -0.0431635 -362.561 -0.0428606 -0.627095 -0.777763 109.133 -0.0156023 0.778804 -0.627075 -448.22
0.964135 -0.250533 -0.0876129 -416.592 -0.248713 -0.737593 -0.627773 96.0123 0.0926553 0.627049 -0.773451 -473.398
0.852184 -0.515725 -0.0883675 -466.956 -0.498719 -0.74948 -0.435385 101.944 0.158309 0.415099 -0.895898 -507.388
0.674688 -0.718479 -0.169068 -512.251 -0.736309 -0.639186 -0.22202 127.719 0.0514506 0.27428 -0.960274 -539.001
0.482567 -0.85896 -0.17122 -548.869 -0.874444 -0.483603 -0.0384384 167.682 -0.0497857 0.168272 -0.984484 -567.002
0.332143 -0.940301 -0.0742596 -575.236 -0.923355 -0.340211 0.17797 218.207 -0.192609 0.00945637 -0.981231 -588.712
0.223875 -0.973968 0.0355831 -592.754 -0.902992 -0.193545 0.383597 275.381 -0.366724 -0.118009 -0.922816 -600.534
0.143466 -0.9751 0.169106 -601.773 -0.80461 -0.015436 0.593604 335.114 -0.576213 -0.221227 -0.786791 -597.958
0.176601 -0.926278 0.332899 -606.894 -0.553053 0.186396 0.812028 390.435 -0.814215 -0.327516 -0.479363 -574.253
0.22353 -0.870517 0.438444 -610.622 -0.296964 0.367617 0.88129 436.232 -0.928358 -0.327198 -0.176339 -535.133
0.289201 -0.821006 0.492253 -615.622 -0.000754974 0.514032 0.857772 467.591 -0.957269 -0.24844 0.148039 -483.35
0.3713 -0.77009 0.518747 -623.594 0.278308 0.625303 0.72907 481.634 -0.885823 -0.126332 0.446497 -424.271
0.406606 -0.78058 0.474727 -634.892 0.539964 0.624479 0.564328 476.887 -0.736961 0.0268763 0.675403 -364.159
0.434618 -0.796377 0.420584 -649.445 0.75277 0.577596 0.315789 452.816 -0.494415 0.179355 0.850522 -309.865
0.434767 -0.828297 0.353415 -666.393 0.880479 0.473361 0.0262542 411.934 -0.189039 0.299759 0.935099 -267.11
0.419705 -0.865304 0.274038 -685.425 0.888002 0.328958 -0.32131 358.223 0.187884 0.378202 0.906458 -244.179
0.33275 -0.926498 0.175722 -703.8 0.761798 0.154268 -0.62918 299.301 0.555826 0.343224 0.757137 -245.336
0.258358 -0.961906 0.0893756 -721.25 0.458963 0.0408101 -0.887518 247.031 0.850062 0.270318 0.452023 -272.041
0.0849267 -0.995858 -0.0324736 -733.944 0.0696243 0.038444 -0.996833 211.34 0.993953 0.0823967 0.0726007 -319.607
-0.169361 -0.981686 -0.0872328 -735.375 -0.383793 0.147219 -0.911609 202.199 0.907757 -0.120912 -0.401697 -379.723
-0.463458 -0.885359 -0.0366905 -719.521 -0.753777 0.415673 -0.508958 226.984 0.465861 -0.208224 -0.860011 -432.619
-0.64518 -0.749246 0.149578 -687.427 -0.763538 0.639321 -0.091003 267.398 -0.0274451 -0.172922 -0.984554 -464.35
-0.574968 -0.621773 0.531799 -645.563 -0.670311 0.730681 0.129578 310.922 -0.469144 -0.281968 -0.836899 -469.738
-0.288662 -0.321272 0.90192 -603.823 -0.613585 0.785221 0.0833223 350.667 -0.734976 -0.529353 -0.423791 -449.997
0.0552191 0.177927 0.982493 -573.292 -0.661873 0.743262 -0.0974043 386.685 -0.747581 -0.644907 0.158807 -411.467
0.246795 0.771029 0.587032 -561.06 -0.804235 0.500922 -0.319821 420.901 -0.540648 -0.393182 0.743713 -362.568
0.0673838 0.910351 -0.408315 -571.123 -0.953311 -0.0620027 -0.295559 459.101 -0.294379 0.409167 0.86367 -316.652
-0.232879 0.151829 -0.960581 -589.435 -0.936507 -0.301269 0.179425 510.169 -0.262152 0.941375 0.212348 -289.649
-0.362956 -0.585444 -0.724926 -598.834 -0.852695 -0.105023 0.511745 568.933 -0.375732 0.803882 -0.461086 -279.876
-0.312161 -0.943902 0.107723 -586.471 -0.742359 0.31311 0.59234 627.214 -0.59284 0.104936 -0.798456 -275.247
-0.0858566 -0.495722 0.864227 -557.899 -0.716043 0.633848 0.29244 676.804 -0.692758 -0.593716 -0.409378 -258.059
0.14455 0.402429 0.903967 -533.193 -0.791546 0.59523 -0.138412 716.023 -0.593769 -0.695524 0.404582 -220.36
0.13658 0.964354 0.226643 -525.907 -0.895264 0.2181 -0.388504 749.66 -0.424087 -0.149844 0.89314 -171.594
-0.0177476 0.776921 -0.629348 -539.75 -0.945126 -0.218411 -0.242971 787.048 -0.326226 0.590501 0.738165 -127.726
-0.151741 -0.0426395 -0.9875 -564.086 -0.914148 -0.373907 0.156615 834.096 -0.375912 0.926487 0.0177582 -102.432
-0.154379 -0.838668 -0.522306 -578.892 -0.85939 -0.146835 0.489787 890.026 -0.487461 0.524477 -0.698074 -97.5294
-0.0542403 -0.918912 0.390715 -570.118 -0.83008 0.258983 0.493859 947.424 -0.555002 -0.297538 -0.776818 -97.4393
0.063453 -0.215081 0.974533 -543.734 -0.851163 0.498174 0.165367 997.044 -0.521054 -0.839979 -0.151458 -82.833
0.0453512 0.67622 0.735303 -518.208 -0.920904 0.313555 -0.231563 1035.47 -0.387145 -0.666642 0.636954 -48.8516
-0.0802749 0.989893 -0.116908 -511.506 -0.956751 -0.109422 -0.269546 1071.55 -0.279614 0.0902137 0.955866 -4.89016
-0.265533 0.468123 -0.842825 -522.398 -0.918704 -0.387962 0.073958 1114.57 -0.292363 0.793945 0.533083 30.8763
-0.348437 -0.440944 -0.82714 -534.901 -0.829049 -0.266754 0.491448 1167.29 -0.437344 0.856979 -0.272617 48.5648
-0.258324 -0.962467 -0.0832213 -531.715 -0.764203 0.15089 0.627078 1223.97 -0.590985 0.225587 -0.7745 53.5413
-0.0720016 -0.651929 0.754854 -508.911 -0.779438 0.508994 0.365244 1275.52 -0.622329 -0.562064 -0.544786 62.0069
0.0517193 0.225985 0.972757 -479.281 -0.861768 0.502329 -0.0708808 1317.18 -0.504662 -0.834625 0.220727 87.1886
0.00738552 0.922988 0.384758 -461.437 -0.941019 0.136575 -0.309567 1352.66 -0.338275 -0.359778 0.869558 128.066
-0.167215 0.844992 -0.507964 -463.942 -0.949643 -0.276517 -0.147372 1390.92 -0.264989 0.457742 0.848679 170.24
-0.323263 0.0584773 -0.944501 -478.018 -0.880288 -0.384852 0.277459 1438.54 -0.347268 0.921125 0.175885 198.206
-0.327751 -0.766174 -0.552772 -485.023 -0.792069 -0.0960894 0.602822 1494.15 -0.514982 0.63541 -0.57537 208.571
-0.176853 -0.926073 0.333333 -472.341 -0.76018 0.343644 0.551396 1549.54 -0.625181 -0.155877 -0.764757 212.942
0.000812007 -0.284931 0.958548 -444.138 -0.8118 0.559544 0.167013 1596.71 -0.583937 -0.778284 -0.230853 228.037
-0.021372 0.577331 0.816231 -413.573 -0.909692 0.327444 -0.255425 1633.84 -0.414734 -0.747978 0.518195 259.002
-0.145975 0.973563 0.175691 -394.699 -0.924543 -0.0710614 -0.374396 1665.22 -0.352013 -0.217087 0.910474 302.838
-0.320828 0.755878 -0.570717 -392.517 -0.861955 -0.482763 -0.154841 1697.8 -0.392562 0.442255 0.806417 349.642
-0.399527 0.0382423 -0.915924 -402.237 -0.761421 -0.570242 0.308325 1739.63 -0.510507 0.820587 0.256946 387.228
-0.371169 -0.695143 -0.615638 -408.698 -0.689738 -0.23749 0.684004 1792.08 -0.621689 0.67851 -0.391317 408.696
-0.299232 -0.954179 0.00160988 -400.82 -0.68631 0.2164 0.694371 1847.81 -0.662903 0.206673 -0.719617 418.727
-0.269717 -0.746813 0.607885 -373.884 -0.656584 0.604406 0.451213 1896.99 -0.704381 -0.277427 -0.653364 429.581
-0.246715 -0.241875 0.938418 -334.371 -0.660325 0.750718 0.0198918 1933.63 -0.709299 -0.614753 -0.344929 448.099
-0.277408 0.347376 0.895754 -291.013 -0.666415 0.602019 -0.439848 1954.99 -0.692053 -0.718961 0.0644915 477.862
