1 0 0 0 0 1 0 0 0 0 1 0
<<<<<<< HEAD
<<<<<<< HEAD
0.209513 -0.670403 -0.711804 -3.78391 0.927496 -0.0942413 0.36176 -1.83967 -0.309606 -0.735988 0.602051 4.9662
0.436807 0.748071 -0.499589 -8.28609 -0.633002 -0.138988 -0.761571 -1.74194 -0.639146 0.6489 0.41282 9.61415
0.326755 -0.742473 -0.584778 -11.0473 0.940064 0.191484 0.282158 -6.00181 -0.0975189 -0.641925 0.76054 13.477
0.397988 0.706387 -0.58534 -15.9694 -0.722607 -0.151712 -0.674405 -3.78479 -0.565195 0.691376 0.45006 17.1731
0.332813 -0.719579 -0.60946 -19.7042 0.938731 0.191434 0.286597 -8.79949 -0.089558 -0.667502 0.739202 21.0464
0.424024 0.661709 -0.61834 -24.4718 -0.646394 -0.257092 -0.718386 -7.93502 -0.634333 0.704304 0.318711 24.7597
0.391913 -0.683258 -0.616087 -28.0777 0.919986 0.287065 0.26687 -10.6853 -0.00548428 -0.671381 0.741092 28.6263
0.377496 0.649768 -0.659771 -33.2266 -0.632558 -0.339406 -0.696186 -12.0383 -0.67629 0.680151 0.282891 31.3089
0.375244 -0.671228 -0.639254 -37.4688 0.920143 0.353023 0.169447 -13.494 0.111934 -0.651789 0.750095 36.3735
0.405178 0.609911 -0.681058 -43.7878 -0.619385 -0.364806 -0.695183 -16.377 -0.672453 0.70351 0.229959 38.1621
0.358045 -0.637871 -0.681854 -48.2071 0.927729 0.325523 0.18263 -16.4836 0.105465 -0.697966 0.708323 44.3893
0.275583 0.675787 -0.683641 -54.308 -0.757409 -0.28528 -0.587322 -20.1757 -0.591934 0.679652 0.433229 47.3497
0.358389 -0.63737 -0.682142 -59.085 0.922848 0.352306 0.15567 -18.8263 0.141103 -0.685303 0.714457 53.7716
0.0935838 0.672206 -0.734426 -64.9506 -0.669455 -0.50352 -0.546167 -22.7327 -0.736934 0.542777 0.40289 56.4705
0.374402 -0.73652 -0.563349 -68.7426 0.869673 0.48969 -0.062233 -23.0359 0.321702 -0.466629 0.823872 63.3188
0.0978406 0.711757 -0.695578 -74.9638 -0.584468 -0.524606 -0.61902 -27.0408 -0.805497 0.467108 0.364671 65.7017
0.38606 -0.754325 -0.530991 -78.3722 0.896791 0.441781 0.0244235 -28.1688 0.216158 -0.485617 0.847025 72.2687
0.183396 0.761606 -0.621548 -83.965 -0.656384 -0.375805 -0.654164 -32.7005 -0.731796 0.527945 0.430985 74.9208
0.200323 -0.809975 -0.551191 -86.6093 0.941597 0.3146 -0.120094 -33.6221 0.270678 -0.494942 0.825691 81.4197
0.154867 0.737475 -0.657379 -91.9763 -0.705211 -0.38348 -0.59634 -37.5647 -0.691877 0.555944 0.460687 83.0618
0.247114 -0.809832 -0.532078 -93.9407 0.919149 0.369737 -0.135864 -37.7461 0.306756 -0.455486 0.835723 90.02
0.0450858 0.766007 -0.641249 -99.0081 -0.714059 -0.424199 -0.556934 -41.9114 -0.698632 0.482999 0.527849 91.609
0.278427 -0.812756 -0.511768 -100.23 0.901373 0.405118 -0.15299 -41.696 0.33167 -0.418697 0.845392 98.6948
0.0300224 0.745936 -0.665341 -106.073 -0.719703 -0.445786 -0.532261 -46.2813 -0.693633 0.494828 0.523469 99.3846
0.267734 -0.747332 -0.608123 -108.005 0.915796 0.393514 -0.0804045 -44.4681 0.299394 -0.535389 0.789761 106.8
0.1045 0.748407 -0.654955 -113.298 -0.768562 -0.357189 -0.53078 -50.6731 -0.631183 0.558841 0.537871 107.235
0.254577 -0.6727 -0.694741 -116.467 0.945432 0.32419 0.0325332 -46.8807 0.203343 -0.665113 0.718524 115.081
0.260688 0.713062 -0.650834 -120.502 -0.782454 -0.23884 -0.575084 -54.6269 -0.565516 0.659165 0.495675 114.415
0.133115 -0.633872 -0.761897 -123.766 0.980019 0.198818 0.00581443 -48.7413 0.147794 -0.747448 0.647672 120.424
0.395331 0.696332 -0.59903 -126.093 -0.782165 -0.086727 -0.617005 -58.3475 -0.481592 0.712461 0.51036 119.848
0.00766584 -0.644437 -0.764619 -130.404 0.999923 0.0124303 -0.000451386 -50.8635 0.0097954 -0.764556 0.644483 125.549
0.492428 0.660679 -0.566585 -131.275 -0.808465 0.106127 -0.578897 -61.758 -0.322334 0.74313 0.586395 126.053
-0.146509 -0.55044 -0.821919 -137.645 0.981953 -0.181382 -0.0535631 -53.3049 -0.119598 -0.814934 0.56708 129.921
0.619639 0.567197 -0.542527 -136.647 -0.771537 0.313222 -0.553735 -65.2429 -0.144145 0.761696 0.631698 132.638
-0.22529 -0.570944 -0.789473 -142.877 0.929677 -0.368374 0.00110739 -55.8534 -0.291454 -0.733706 0.613784 134.954
0.557692 0.555577 -0.616696 -141.501 -0.822556 0.270311 -0.500334 -66.263 -0.111274 0.7863 0.607743 135.825
-0.0638685 -0.551764 -0.831552 -145.668 0.984286 -0.172283 0.0387165 -57.7453 -0.164625 -0.816013 0.554096 138.16
0.526446 0.55015 -0.648221 -144.906 -0.826677 0.153085 -0.541452 -67.9364 -0.198647 0.820915 0.535387 138.228
-0.0134572 -0.536299 -0.843921 -148.752 0.990383 -0.123375 0.0626104 -58.0976 -0.137697 -0.834963 0.532801 140.13
0.534675 0.557578 -0.635004 -147.205 -0.797844 0.0854199 -0.596781 -69.2689 -0.27851 0.825719 0.490532 139.273
0.072896 -0.478056 -0.875299 -150.395 0.995674 -0.015822 0.0915624 -57.9137 -0.0576207 -0.878187 0.474834 142.368
0.617379 0.514177 -0.595371 -147.21 -0.710732 0.0401659 -0.702316 -70.2604 -0.3372 0.856744 0.390239 139.76
0.168922 -0.379164 -0.909781 -150.251 0.981418 -0.0205362 0.190782 -57.8484 -0.0910207 -0.925102 0.368649 141.988
0.630586 0.464871 -0.621496 -146.941 -0.710806 0.0243817 -0.702965 -71.3038 -0.311635 0.885043 0.345807 139.321
0.242786 -0.363956 -0.899217 -150.335 0.967221 0.0197171 0.253167 -56.9125 -0.0744115 -0.931208 0.356813 141.952
0.609373 0.49816 -0.616849 -147.5 -0.696958 -0.0343936 -0.716287 -72.49 -0.378041 0.866403 0.326237 138.504
0.200517 -0.531371 -0.823067 -151.017 0.974727 0.0237458 0.222135 -56.003 -0.0984914 -0.846807 0.522702 142.681
0.626478 0.612924 -0.481507 -147.059 -0.615877 0.0106328 -0.78777 -70.4445 -0.477723 0.790071 0.384147 137.118
0.0565301 -0.60714 -0.792582 -150.807 0.997384 -0.00146684 0.0722612 -56.5416 -0.0450351 -0.794594 0.605469 142.399
0.655868 0.603094 -0.453999 -146.546 -0.589376 0.0333241 -0.807171 -69.4554 -0.471671 0.796975 0.377305 137.083
-0.119966 -0.625726 -0.770763 -152.128 0.989223 -0.00970373 -0.146091 -57.0642 0.0839337 -0.779983 0.620147 144.196
0.660464 0.662863 -0.352705 -147.177 -0.513211 0.0556382 -0.856457 -70.7775 -0.54809 0.746671 0.376935 137.924
-0.0488579 -0.649309 -0.758954 -151.766 0.998057 -0.0611491 -0.011935 -57.1858 -0.0386597 -0.758063 0.651035 143.31
0.714617 0.620319 -0.323307 -144.677 -0.457314 0.0645544 -0.886959 -70.4661 -0.529326 0.781689 0.329812 136.072
-0.0941051 -0.606026 -0.789859 -150.771 0.991939 -0.124704 -0.0225003 -54.4757 -0.0848631 -0.785609 0.612876 141.016
0.720358 0.634646 -0.27984 -142.567 -0.487409 0.176133 -0.855224 -70.0731 -0.493475 0.752465 0.436211 134.963
-0.190082 -0.704763 -0.683505 -149.943 0.971883 -0.233623 -0.0293907 -53.0214 -0.138969 -0.669874 0.729354 140.467
0.705656 0.682414 -0.190687 -141.244 -0.449629 0.223275 -0.864859 -69.5632 -0.547616 0.696032 0.464388 133.412
-0.193307 -0.697057 -0.690467 -149.086 0.955009 -0.295009 0.0304552 -52.7329 -0.224923 -0.653515 0.722723 137.821
0.742525 0.659361 -0.117906 -139.023 -0.422565 0.32454 -0.846234 -68.284 -0.519708 0.678173 0.519601 131.477
-0.212557 -0.611786 -0.761931 -147.155 0.947544 -0.319531 -0.00777373 -52.2019 -0.238705 -0.723616 0.647612 134.205
0.792445 0.566088 -0.227104 -136.999 -0.43883 0.270539 -0.856876 -66.4581 -0.423626 0.778687 0.462804 129.215
-0.0072936 -0.574369 -0.818565 -142.925 0.963809 -0.222192 0.147319 -50.1669 -0.266494 -0.787866 0.555202 130.795
0.763125 0.534486 -0.363271 -135.167 -0.499223 0.130593 -0.856576 -64.164 -0.410387 0.835028 0.366486 126.237
0.0308238 -0.490054 -0.871147 -140.267 0.991955 -0.0920593 0.0868855 -48.7375 -0.122776 -0.866818 0.483274 129.751
0.824428 0.462758 -0.325843 -132.432 -0.418075 0.109877 -0.901743 -62.4902 -0.381486 0.879649 0.284053 124.765
-0.0473267 -0.467465 -0.882744 -139.513 0.992799 -0.119376 0.00999001 -47.7906 -0.110049 -0.875915 0.469748 129.225
0.802296 0.424566 -0.419602 -133.183 -0.497779 0.0878943 -0.862838 -63.0913 -0.329451 0.901121 0.281857 124.648
-0.23347 -0.466506 -0.85315 -142.643 0.972301 -0.121975 -0.19938 -50.8199 -0.0110507 -0.876068 0.482061 130.835
0.79625 0.36085 -0.485565 -136.15 -0.507747 -0.0377483 -0.860678 -64.0392 -0.328905 0.93186 0.153163 125.633
-0.183087 -0.40031 -0.897904 -144.961 0.980408 -0.00684585 -0.196858 -51.4178 0.0726573 -0.916355 0.39372 131.417
0.829972 0.261562 -0.492679 -136.727 -0.499632 -0.044132 -0.865113 -66.1359 -0.248023 0.964178 0.094056 126.368
-0.143083 -0.428115 -0.892326 -145.601 0.989707 -0.064242 -0.127876 -51.5079 -0.00257923 -0.901439 0.4329 131.83
0.780415 0.534875 -0.323825 -136.49 -0.451598 0.123979 -0.883565 -67.3741 -0.432449 0.835787 0.338303 126.787
0.0180908 -0.57304 -0.819328 -143.197 0.978159 -0.159568 0.1332 -49.9068 -0.207068 -0.803843 0.557638 130.805
0.79363 0.493147 -0.356311 -135.364 -0.483216 0.155079 -0.861657 -66.1169 -0.369667 0.856013 0.361371 126.837
-0.0669359 -0.574387 -0.815843 -144.062 0.982094 -0.182245 0.0477325 -50.2678 -0.1761 -0.79804 0.5763 131.562
0.720222 0.547137 -0.426523 -137.849 -0.565952 0.107814 -0.817358 -67.5572 -0.401222 0.830071 0.387304 127.771
0.0494635 -0.47992 -0.875917 -145.136 0.994813 -0.0543733 0.0859694 -50.7827 -0.0888848 -0.875627 0.474741 132.981
0.703751 0.489786 -0.51463 -140.286 -0.624887 0.0821034 -0.776386 -68.8668 -0.33801 0.867969 0.363841 129.221
0.0245613 -0.559494 -0.828471 -146.673 0.979543 -0.152101 0.131759 -52.3168 -0.19973 -0.814759 0.544312 133.364
0.715131 0.482819 -0.505444 -141.188 -0.620591 0.105823 -0.776961 -70.5905 -0.321644 0.869304 0.37531 130.52
0.0428567 -0.543553 -0.83828 -148.552 0.981011 -0.135965 0.138316 -52.9282 -0.189159 -0.82829 0.527404 134.265
0.714363 0.500225 -0.489347 -142.449 -0.609373 0.100898 -0.786438 -72.3715 -0.344021 0.859997 0.376901 131.145
0.0857905 -0.550111 -0.830674 -149.897 0.975357 -0.123729 0.182673 -53.4546 -0.203268 -0.825876 0.525939 134.873
0.713852 0.480275 -0.509658 -144.047 -0.624571 0.107459 -0.773539 -73.0645 -0.316744 0.870511 0.376676 132.674
0.0764155 -0.513798 -0.854502 -152.288 0.973873 -0.145348 0.174486 -53.1152 -0.213851 -0.84551 0.489266 135.553
0.729613 0.45382 -0.511579 -145.108 -0.621563 0.12812 -0.772816 -74.8695 -0.285176 0.881836 0.375555 133.829
0.0793793 -0.525186 -0.847277 -154.521 0.988474 -0.0684485 0.135036 -54.6677 -0.128914 -0.848231 0.513699 139.248
0.742708 0.518908 -0.423226 -146.758 -0.53796 0.0860324 -0.838568 -76.0007 -0.398728 0.850491 0.343048 135.433
0.0130629 -0.464074 -0.8857 -157.624 0.993625 -0.0931715 0.0634736 -56.5053 -0.111978 -0.880883 0.459898 140.336
0.744397 0.451782 -0.491697 -149.951 -0.567865 0.0409285 -0.822104 -79.1439 -0.351287 0.89119 0.287018 136.338
-0.0233651 -0.465388 -0.884799 -161.797 0.999275 -0.0374878 -0.00666982 -58.9307 -0.0300651 -0.884313 0.465926 142.938
0.665941 0.49496 -0.558156 -156.065 -0.629613 -0.02841 -0.776389 -81.8914 -0.400139 0.868452 0.292714 138.08
0.0328183 -0.434012 -0.900309 -167.456 0.996475 0.0837958 -0.00407147 -60.8385 0.0772092 -0.897002 0.435231 146.136
0.659665 0.504586 -0.556988 -160.872 -0.603514 -0.0860251 -0.792698 -83.922 -0.447899 0.859065 0.247777 138.941
0.0753392 -0.483658 -0.872009 -170.576 0.992524 0.120579 0.0188728 -62.0512 0.096018 -0.866912 0.489126 148.79
0.61592 0.539713 -0.573892 -165.818 -0.633898 -0.0930224 -0.767802 -86.5017 -0.467777 0.836694 0.284828 141.26
0.07131 -0.628135 -0.77483 -173.852 0.997179 0.0266484 0.0701705 -63.4173 -0.0234285 -0.777648 0.628263 150.273
0.630264 0.551518 -0.546439 -167.521 -0.62894 -0.0499613 -0.775847 -87.551 -0.455194 0.832666 0.315383 143.122
0.0791107 -0.58949 -0.803893 -175.715 0.996697 0.0319373 0.0746653 -63.1864 -0.0183402 -0.807145 0.590069 151.837
0.591209 0.663895 -0.457947 -168.914 -0.622135 0.0140656 -0.782784 -89.1555 -0.513244 0.747694 0.421347 143.738
0.0254761 -0.710291 -0.703448 -177.3 0.996696 -0.0362374 0.0726867 -62.6902 -0.0771197 -0.702976 0.70702 153.175
0.579183 0.667423 -0.468075 -170.15 -0.634939 0.00922043 -0.772507 -91.1416 -0.511273 0.744622 0.429113 144.734
0.0753894 -0.65806 -0.749182 -178.469 0.994308 -0.00710917 0.106301 -62.9236 -0.0752785 -0.752933 0.653778 154.254
0.585114 0.671444 -0.454758 -171.281 -0.616247 0.00362282 -0.787545 -92.4485 -0.527144 0.741047 0.415895 145.124
0.0900753 -0.652557 -0.752367 -180.174 0.993437 0.00540454 0.11425 -62.6561 -0.070488 -0.757721 0.648761 155.864
0.598446 0.665635 -0.445862 -172.193 -0.607146 0.0136992 -0.794472 -94.3917 -0.52272 0.746153 0.412335 146.237
0.00715232 -0.631035 -0.775722 -184.855 0.996644 -0.0587614 0.056991 -63.6971 -0.0815457 -0.773527 0.628496 156.766
0.645047 0.634972 -0.425118 -174.552 -0.621326 0.111974 -0.77551 -96.4828 -0.444825 0.764377 0.466753 150.231
0.0258661 -0.623587 -0.781326 -186.263 0.986427 -0.110855 0.121132 -65.0148 -0.16215 -0.773855 0.612255 158.592
0.619788 0.618183 -0.483439 -178.722 -0.678666 0.112893 -0.725718 -97.7576 -0.39405 0.777885 0.48951 153.988
0.106303 -0.610091 -0.785169 -188.909 0.962207 -0.135985 0.235935 -65.7187 -0.250713 -0.780576 0.572577 159.471
0.671111 0.583105 -0.457821 -179.53 -0.655304 0.177799 -0.734142 -98.5184 -0.346682 0.792703 0.501433 156.906
0.15178 -0.553677 -0.818782 -188.658 0.929901 -0.200798 0.308163 -65.5917 -0.335032 -0.80816 0.484388 157.869
0.769211 0.478897 -0.423052 -176.116 -0.5599 0.186075 -0.807396 -96.5826 -0.30794 0.857924 0.411265 155.059
0.12012 -0.524426 -0.842941 -187.628 0.952253 -0.179202 0.247187 -65.4842 -0.280688 -0.832385 0.47786 158.107
0.7481 0.502963 -0.43287 -176.484 -0.568972 0.150478 -0.808472 -97.1479 -0.341494 0.851108 0.398744 154.622
0.159291 -0.454167 -0.876561 -188.254 0.950475 -0.169472 0.26053 -65.1087 -0.266876 -0.87465 0.404679 157.112
0.769849 0.501203 -0.395132 -175.488 -0.539185 0.179489 -0.822839 -96.1511 -0.341487 0.846511 0.40842 153.424
0.219384 -0.397182 -0.891133 -185.499 0.966316 -0.0375063 0.254611 -64.9364 -0.13455 -0.916974 0.375575 158.968
0.719679 0.467597 -0.513241 -176.867 -0.613942 0.0833599 -0.784937 -96.4261 -0.32425 0.880003 0.347069 154.905
0.113819 -0.522007 -0.845313 -188.074 0.971276 -0.120498 0.205191 -66.5444 -0.20897 -0.844387 0.493297 160.292
0.686019 0.610801 -0.395349 -178.237 -0.543575 0.0690684 -0.836514 -96.5618 -0.483637 0.788767 0.379398 152.452
0.170449 -0.585846 -0.792296 -186.756 0.98211 0.0356863 0.184898 -66.4104 -0.0800472 -0.809637 0.581447 162.578
0.63047 0.671195 -0.389878 -178.057 -0.522174 -0.00489146 -0.852825 -96.7096 -0.574319 0.741265 0.347396 151.478
0.224009 -0.647692 -0.728228 -183.588 0.959809 0.0169854 0.280139 -64.4559 -0.169074 -0.761714 0.625465 159.924
0.666222 0.655631 -0.355382 -173.056 -0.479481 0.011593 -0.877476 -93.636 -0.57118 0.754993 0.322086 147.743
0.238875 -0.636483 -0.733368 -177.945 0.953368 0.0102536 0.301636 -61.5918 -0.184466 -0.771223 0.609252 155.592
0.668849 0.69541 -0.262767 -166.142 -0.404153 0.043482 -0.913657 -89.1727 -0.623941 0.717297 0.310135 142.286
0.281666 -0.688455 -0.668352 -168.711 0.902888 -0.0455743 0.427454 -56.6285 -0.324742 -0.723846 0.60876 146.061
0.663745 0.722657 -0.192899 -156.101 -0.33613 0.0578015 -0.94004 -82.1895 -0.668177 0.688786 0.281272 132.077
0.219386 -0.709491 -0.669696 -160.815 0.923907 -0.0694678 0.376259 -50.8131 -0.313474 -0.701283 0.640263 136.521
0.595361 0.784582 -0.173139 -148.871 -0.396656 0.0996146 -0.912546 -77.1802 -0.69872 0.611972 0.370515 122.702
0.126753 -0.754677 -0.643737 -154.703 0.971105 -0.0378842 0.235627 -47.341 -0.202209 -0.655003 0.728068 130.577
0.594334 0.778764 -0.200736 -144.322 -0.389998 0.0608029 -0.918806 -72.6246 -0.703327 0.624365 0.339853 116.265
0.108618 -0.765232 -0.634525 -149.954 0.962147 -0.0795672 0.260659 -42.8493 -0.249952 -0.638819 0.727623 123.145
0.608987 0.778019 -0.154341 -138.565 -0.340186 0.0804143 -0.936913 -66.8473 -0.716525 0.623074 0.313642 108.148
0.0941976 -0.744347 -0.661116 -144.777 0.977292 -0.0574699 0.203953 -38.3895 -0.189806 -0.665316 0.722031 116.067
0.63341 0.755141 -0.168981 -132.799 -0.334168 0.0699703 -0.939913 -61.6957 -0.697942 0.651819 0.296663 101.437
-0.0344669 -0.77416 -0.632051 -141.329 0.969008 -0.180679 0.168461 -34.8943 -0.244614 -0.606657 0.756394 107.717
0.606695 0.785705 -0.120781 -129.734 -0.399825 0.170283 -0.900635 -58.2458 -0.687067 0.594703 0.417454 96.4443
-0.0208287 -0.804356 -0.593783 -137.809 0.973903 -0.15058 0.169818 -31.9739 -0.226006 -0.574751 0.786501 103.446
0.475391 0.833821 -0.280618 -131.348 -0.640242 0.109121 -0.760383 -58.2494 -0.603402 0.541143 0.585722 96.4352
-0.0347243 -0.859021 -0.510761 -138.82 0.980684 -0.127723 0.148139 -31.2786 -0.19249 -0.495752 0.846863 105.633
0.471055 0.867344 -0.160692 -131.456 -0.557628 0.151645 -0.816122 -58.9883 -0.68349 0.474045 0.555088 96.7087
-0.0319062 -0.848326 -0.528513 -139.758 0.973585 -0.145987 0.175553 -30.5587 -0.226082 -0.508952 0.830575 106.582
0.514169 0.846606 -0.137439 -130.368 -0.524714 0.183733 -0.831214 -60.8533 -0.678459 0.499501 0.538695 97.4473
-0.0552087 -0.824204 -0.563595 -141.366 0.975383 -0.165212 0.146061 -30.3762 -0.213496 -0.541658 0.813035 108.346
0.528188 0.846781 -0.063087 -129.727 -0.438785 0.208577 -0.87405 -60.1756 -0.72697 0.489345 0.481722 96.4624
-0.060305 -0.821051 -0.567661 -141.02 0.974281 -0.172113 0.145439 -29.7479 -0.217115 -0.544292 0.810313 107.985
0.563474 0.825014 -0.0429919 -128.418 -0.393135 0.222009 -0.892276 -58.9344 -0.726596 0.519677 0.449438 95.5511
-0.0650758 -0.817966 -0.571575 -139.848 0.984626 -0.145682 0.0963799 -28.7411 -0.162104 -0.556516 0.81487 108.697
0.529741 0.847022 -0.0439142 -127.688 -0.363057 0.17966 -0.914282 -57.8371 -0.766527 0.500277 0.402691 93.652
-0.0722466 -0.826518 -0.558256 -139.303 0.966165 -0.196944 0.166548 -26.6644 -0.2476 -0.527336 0.81278 104.777
0.590047 0.805571 0.0538534 -123.244 -0.243264 0.24099 -0.939546 -54.104 -0.769849 0.541276 0.338161 88.5801
-0.0468122 -0.783487 -0.619643 -135.691 0.946227 -0.233563 0.223837 -22.0752 -0.320099 -0.575845 0.75229 96.5182
0.639807 0.76809 0.0261716 -118.883 -0.232615 0.225996 -0.945947 -48.4289 -0.732487 0.599137 0.323262 81.2828
-0.030361 -0.771608 -0.635374 -131.227 0.952871 -0.214309 0.214728 -17.0091 -0.301852 -0.59891 0.741749 88.7475
0.63359 0.772851 0.0355744 -114.605 -0.219223 0.223437 -0.949746 -42.4982 -0.741961 0.593951 0.310994 73.6387
-0.0409755 -0.787928 -0.614404 -126.452 0.918379 -0.27192 0.28747 -11.8132 -0.393574 -0.552477 0.734758 79.4543
0.632893 0.769013 0.0898171 -109.74 -0.170908 0.251908 -0.95254 -36.0006 -0.75514 0.587506 0.290861 64.3252
0.0750572 -0.780502 -0.620631 -118.849 0.882254 -0.238096 0.406126 -4.7252 -0.464752 -0.578038 0.67073 66.1129
0.620625 0.779223 0.0873948 -101.918 -0.0894575 0.181094 -0.979389 -26.438 -0.778988 0.600015 0.182098 48.8125
0.222668 -0.760244 -0.610286 -106.608 0.840071 -0.168012 0.515804 4.3171 -0.494671 -0.627537 0.601247 48.2333
0.615122 0.782084 0.0998527 -90.4658 -0.0293839 0.149299 -0.988356 -15.6832 -0.787884 0.605026 0.114817 30.178
0.178115 -0.831023 -0.52695 -94.8957 0.801539 -0.188107 0.567584 15.2671 -0.570798 -0.523467 0.632592 28.6648
0.580023 0.80466 0.126875 -79.1359 0.0189061 0.142412 -0.989627 -3.3339 -0.814381 0.576406 0.0673889 8.60775
0.350021 -0.792501 -0.499429 -78.9678 0.77172 -0.0582517 0.633289 27.9779 -0.530974 -0.607084 0.591199 7.94823
0.61692 0.778491 -0.115597 -67.5021 -0.214973 0.0253887 -0.97629 4.98557 -0.757097 0.627144 0.183017 -8.03203
0.35901 -0.78015 -0.512326 -66.9222 0.813552 -0.0074546 0.581445 34.6934 -0.457433 -0.625549 0.632016 -6.7622
0.58588 0.771365 -0.248479 -58.5129 -0.363571 -0.0238411 -0.931261 9.63635 -0.724266 0.635948 0.266477 -21.2503
0.364844 -0.76762 -0.526925 -56.4489 0.831984 0.0147333 0.554604 39.593 -0.417961 -0.640737 0.644022 -19.539
0.632012 0.73342 -0.250315 -46.5349 -0.372089 0.00385208 -0.928189 14.7885 -0.679788 0.679766 0.275332 -33.2452
0.347701 -0.773578 -0.529794 -44.8378 0.787602 -0.0655981 0.612683 44.7166 -0.508711 -0.630298 0.586462 -34.2336
0.568822 0.788491 -0.233932 -36.4384 -0.449819 0.0601295 -0.891093 18.6532 -0.688552 0.612101 0.388881 -46.1168
0.372031 -0.751679 -0.544585 -34.6616 0.787148 -0.0554452 0.614267 48.9135 -0.491926 -0.657195 0.571055 -47.3116
0.610951 0.75529 -0.237227 -24.8723 -0.450448 0.0852276 -0.888725 22.155 -0.651027 0.649827 0.392288 -58.8791
0.30901 -0.773464 -0.553414 -24.5927 0.789472 -0.115863 0.602752 52.9978 -0.530326 -0.623162 0.574825 -61.2992
0.628418 0.743585 -0.228414 -13.5576 -0.456015 0.114268 -0.882606 24.7369 -0.630191 0.658806 0.410894 -72.5473
0.247129 -0.76646 -0.592846 -15.712 0.848637 -0.12411 0.514211 57.0053 -0.4677 -0.630188 0.619775 -72.3651
0.620565 0.759923 -0.193436 -4.69884 -0.452506 0.145573 -0.879799 28.764 -0.64042 0.633505 0.434207 -83.1494
0.23057 -0.798194 -0.55653 -7.30892 0.853074 -0.109315 0.510211 60.8448 -0.468084 -0.592401 0.655713 -83.3326
0.577837 0.749716 -0.322539 1.75243 -0.568995 0.0867376 -0.817754 30.8211 -0.585107 0.656052 0.476705 -91.8193
0.31668 -0.740968 -0.592184 1.19656 0.840052 -0.0708331 0.537862 63.7821 -0.440484 -0.667796 0.600019 -92.3281
0.595867 0.722616 -0.350386 9.38788 -0.57635 0.0809552 -0.813183 33.4515 -0.559253 0.686494 0.464718 -100.151
0.30849 -0.766929 -0.562721 8.32474 0.816764 -0.0896647 0.569963 65.4735 -0.487577 -0.635438 0.598739 -100.573
0.552857 0.774317 -0.307869 15.5401 -0.577985 0.0902044 -0.811047 35.784 -0.600236 0.626337 0.497413 -108.221
0.27781 -0.823615 -0.494449 15.1895 0.783021 -0.104031 0.613234 68.3679 -0.556506 -0.557528 0.616007 -110.364
0.54952 0.770152 -0.323874 22.2803 -0.576235 0.0686758 -0.814394 36.4664 -0.604964 0.634154 0.481527 -118.688
0.258816 -0.841711 -0.473854 21.8406 0.815044 -0.0729682 0.574787 71.0474 -0.51838 -0.534976 0.667145 -118.554
0.504455 0.79434 -0.338452 27.5309 -0.590281 0.03119 -0.806596 38.5004 -0.630154 0.606674 0.484617 -127.562
0.319691 -0.810499 -0.490806 28.4779 0.825216 -0.0163917 0.564581 73.2322 -0.465636 -0.585513 0.663595 -126.183
0.461158 0.809909 -0.362467 32.8318 -0.599795 -0.0165055 -0.799984 39.6824 -0.653896 0.586325 0.478167 -136.628
0.381407 -0.816562 -0.433308 37.075 0.759842 0.00997546 0.650032 74.6587 -0.526468 -0.577173 0.624263 -137.888
0.471975 0.796588 -0.377742 41.1892 -0.613747 -0.0107064 -0.789431 41.7709 -0.632894 0.60443 0.483849 -147.44
0.385571 -0.794617 -0.468956 44.9021 0.776137 0.00447637 0.630548 76.4338 -0.498944 -0.607096 0.618457 -148.492
0.528667 0.730377 -0.432505 50.5227 -0.597061 -0.0422069 -0.801085 44.1336 -0.603348 0.68174 0.413766 -159.732
0.417665 -0.796925 -0.436425 55.9458 0.737838 0.017175 0.67476 77.9161 -0.530237 -0.603836 0.595174 -162.698
0.456691 0.800035 -0.389074 59.9161 -0.622487 -0.0250757 -0.782229 44.9248 -0.635566 0.599431 0.486558 -172.705
0.363049 -0.858036 -0.363278 65.1065 0.76457 0.0514862 0.642482 79.8788 -0.532568 -0.511004 0.67472 -173.908
0.403562 0.823163 -0.399426 67.3434 -0.628414 -0.0679261 -0.774908 46.3335 -0.665007 0.563729 0.489874 -184.989
0.385662 -0.813248 -0.435768 71.8539 0.802227 0.0622767 0.593762 81.0945 -0.455737 -0.578577 0.676427 -184.274
0.446113 0.805582 -0.3899 75.7301 -0.603317 -0.0510933 -0.795863 49.5062 -0.661054 0.590279 0.463227 -195.949
0.3117 -0.807022 -0.501557 77.3341 0.874032 0.0364704 0.484498 83.6725 -0.372708 -0.589395 0.71673 -191.658
0.471223 0.798181 -0.375309 81.7038 -0.592507 -0.028741 -0.805053 51.2045 -0.653364 0.601733 0.459384 -203.197
0.279511 -0.824683 -0.491703 82.7034 0.925737 0.0956105 0.365883 83.8258 -0.254725 -0.557457 0.790163 -194.111
0.420667 0.831293 -0.363307 85.6444 -0.555415 -0.080655 -0.827653 52.7835 -0.717324 0.549953 0.427783 -207.868
0.227668 -0.856791 -0.462684 85.3614 0.92339 0.0391512 0.381863 86.2802 -0.309062 -0.514176 0.800065 -200.151
0.430908 0.849143 -0.30541 89.8014 -0.549617 -0.0214649 -0.835142 53.9432 -0.71571 0.527728 0.457453 -213.163
0.186004 -0.877954 -0.441134 88.0339 0.937642 0.0244256 0.346745 87.4934 -0.293651 -0.478123 0.827749 -203.849
0.378755 0.87239 -0.309 90.9638 -0.606055 -0.0185383 -0.795207 53.5807 -0.699458 0.488461 0.521694 -214.333
0.193289 -0.868276 -0.456877 88.7323 0.936396 0.0242315 0.350108 88.3079 -0.292919 -0.495491 0.817733 -204.758
0.394313 0.862691 -0.316676 91.8917 -0.597447 -0.0211844 -0.801629 53.4515 -0.698265 0.50529 0.507058 -215.544
0.182837 -0.879745 -0.438886 89.4868 0.922121 -0.00137219 0.386901 88.8494 -0.340976 -0.475446 0.810979 -207.134
0.370555 0.877859 -0.303403 92.0241 -0.607428 -0.0180768 -0.79417 53.646 -0.702653 0.47858 0.526537 -217.07
0.188911 -0.888371 -0.418463 89.8597 0.930097 0.0251693 0.366452 88.6984 -0.315012 -0.458438 0.831025 -206.972
0.348424 0.897461 -0.270493 92.2034 -0.588254 -0.0153103 -0.808532 53.2558 -0.729766 0.440831 0.522599 -217.388
0.181624 -0.889058 -0.420226 89.6704 0.927127 0.0123689 0.374543 88.286 -0.327792 -0.45763 0.826515 -206.911
0.369775 0.87691 -0.307079 91.6736 -0.599649 -0.0272174 -0.7998 53.3492 -0.70971 0.479886 0.515773 -216.194
0.16501 -0.904396 -0.393497 88.9322 0.927586 0.00671191 0.373551 88.8557 -0.335196 -0.426643 0.840012 -205.754
0.281523 0.93895 -0.197785 91.5923 -0.621171 0.0212268 -0.783388 52.0374 -0.731363 0.3434 0.589224 -214.576
0.132243 -0.920687 -0.367216 88.1609 0.93139 -0.0113396 0.363847 89.2996 -0.339153 -0.390138 0.856019 -204.424
0.294998 0.929 -0.223466 90.8905 -0.623206 0.00978986 -0.781997 50.8487 -0.724287 0.369953 0.581845 -213.75
0.129331 -0.916469 -0.378629 87.0507 0.927274 -0.0235113 0.373646 89.9471 -0.351336 -0.399417 0.846776 -203.504
0.321103 0.929859 -0.179603 91.2484 -0.575489 0.0409678 -0.816784 51.7011 -0.752135 0.365632 0.548277 -214.265
0.117003 -0.920645 -0.372458 87.0617 0.921865 -0.0388261 0.385563 91.0516 -0.369427 -0.388469 0.844166 -203.778
0.323921 0.928974 -0.179121 91.007 -0.478882 -0.00228924 -0.877877 52.5215 -0.815934 0.370141 0.444126 -218.59
0.158642 -0.946719 -0.280282 90.3149 0.866516 -0.00257162 0.499143 93.8198 -0.473268 -0.322054 0.819939 -210.432
0.313641 0.928086 -0.200715 92.7929 -0.488926 -0.0233592 -0.872013 54.0469 -0.813991 0.371635 0.446438 -224.871
0.157349 -0.946215 -0.282701 92.0477 0.888328 0.0105615 0.459089 95.0134 -0.43141 -0.32337 0.84221 -214.826
0.282234 0.941426 -0.184557 93.8853 -0.460588 -0.0357856 -0.886893 55.1664 -0.841548 0.335317 0.423509 -230.603
0.284972 -0.898714 -0.333325 95.1707 0.876174 0.103203 0.470818 96.8401 -0.388729 -0.426221 0.816839 -218.746
0.340762 0.89331 -0.293052 95.9473 -0.463545 -0.111543 -0.879025 56.9277 -0.817929 0.435382 0.376079 -235.183
0.290032 -0.905353 -0.310193 98.108 0.89228 0.138629 0.429674 97.2081 -0.346004 -0.401398 0.848034 -221.292
0.248478 0.912257 -0.325649 95.0967 -0.41573 -0.203218 -0.886494 59.5508 -0.874887 0.355657 0.328756 -240.722
0.410211 -0.881366 -0.234354 103.456 0.844168 0.26971 0.463291 98.5976 -0.345121 -0.387881 0.854658 -226.739
0.332469 0.811346 -0.480815 98.4173 -0.400585 -0.340059 -0.850819 62.8514 -0.853813 0.475478 0.211953 -248.307
0.415688 -0.866525 -0.276296 105.613 0.881151 0.30843 0.358391 99.9042 -0.225336 -0.392438 0.89175 -228.953
0.322172 0.805544 -0.497298 99.3629 -0.41751 -0.350558 -0.838329 63.5499 -0.849642 0.477713 0.223382 -250.348
0.526169 -0.778849 -0.341381 107.792 0.821998 0.362978 0.438824 100.465 -0.217863 -0.51151 0.8312 -232.309
0.310944 0.837835 -0.448718 102.393 -0.375582 -0.325376 -0.867796 65.2741 -0.873071 0.438367 0.213502 -253.964
0.496237 -0.789303 -0.361593 109.356 0.852123 0.363053 0.376935 100.964 -0.166237 -0.495172 0.852743 -233.497
0.409915 0.717471 -0.563211 103.891 -0.417987 -0.401063 -0.815129 66.0015 -0.810714 0.569549 0.135491 -255.962
0.55501 -0.725649 -0.406692 111.25 0.817618 0.385844 0.427348 102.436 -0.153184 -0.569701 0.80745 -235.683
0.445051 0.70675 -0.549941 107.266 -0.414587 -0.381723 -0.826079 67.0652 -0.793756 0.595645 0.123122 -258.587
0.52778 -0.723181 -0.445487 112.978 0.830818 0.330492 0.44779 104.572 -0.176603 -0.606454 0.775258 -240.027
0.497212 0.738828 -0.454879 113.491 -0.320817 -0.330564 -0.887583 71.2304 -0.806137 0.587251 0.0726676 -264.65
0.532811 -0.692096 -0.486947 118.773 0.829323 0.312588 0.463156 109.296 -0.168334 -0.650611 0.74052 -247.132
0.60357 0.658971 -0.448845 122.931 -0.328906 -0.307034 -0.893057 74.9823 -0.726309 0.686651 0.0314221 -270.405
0.579898 -0.635969 -0.509178 128.163 0.80018 0.327195 0.502649 112.551 -0.153067 -0.69892 0.698629 -253.283
0.643604 0.629234 -0.435706 132.487 -0.281912 -0.334357 -0.899295 78.5754 -0.711548 0.70162 -0.0378057 -277.38
0.615458 -0.6153 -0.492563 138.008 0.772699 0.347824 0.530995 116.054 -0.155395 -0.707409 0.689512 -259.584
0.611365 0.641336 -0.463597 140.729 -0.319105 -0.336298 -0.886046 82.8025 -0.724159 0.689633 -0.000947639 -282.47
0.64386 -0.59037 -0.486732 146.979 0.745988 0.342904 0.570894 119.46 -0.170135 -0.730672 0.661191 -266.457
0.589341 0.635951 -0.498242 147.973 -0.370217 -0.335567 -0.866219 85.2179 -0.718065 0.694956 0.0376757 -287.961
0.629354 -0.543075 -0.555864 151.739 0.769505 0.335619 0.543344 121.735 -0.108517 -0.769696 0.629121 -271.118
0.68359 0.540296 -0.4907 155.895 -0.342905 -0.355749 -0.869402 88.1818 -0.644299 0.762578 -0.0579172 -293.383
0.662897 -0.514195 -0.544217 161.356 0.745379 0.384742 0.544412 124.76 -0.07055 -0.766537 0.638314 -274.944
0.67748 0.525319 -0.514842 165.21 -0.353776 -0.380952 -0.854236 91.0655 -0.644875 0.760866 -0.0722429 -298.24
0.661011 -0.534682 -0.526479 170.96 0.743322 0.370599 0.556892 127.683 -0.102647 -0.759456 0.642411 -281.117
0.663657 0.526353 -0.53152 174.732 -0.372992 -0.383072 -0.845064 93.2919 -0.648411 0.759086 -0.057904 -304.153
0.697338 -0.523313 -0.489759 184.459 0.709869 0.409859 0.572802 130.484 -0.0990216 -0.747102 0.657293 -287.173
0.687515 0.501907 -0.524799 190.274 -0.328735 -0.429285 -0.841218 97.7067 -0.647501 0.75087 -0.130145 -313.249
0.699615 -0.507179 -0.503298 199.914 0.712119 0.437235 0.549283 134.522 -0.0585245 -0.742695 0.667068 -294.634
0.681776 0.510196 -0.524293 205.843 -0.312893 -0.444455 -0.83938 102.092 -0.661272 0.736317 -0.143383 -321.758
0.732907 -0.501224 -0.460025 217.521 0.676421 0.464485 0.571585 138.7 -0.0728168 -0.730089 0.679462 -302.826
0.62584 0.495708 -0.602163 218.568 -0.395841 -0.46336 -0.792848 103.228 -0.672038 0.734556 -0.0937684 -329.216
0.743343 -0.51594 -0.425732 231.053 0.661898 0.47543 0.579533 140.468 -0.0965979 -0.712583 0.694907 -310.147
0.711949 0.347402 -0.61028 235.004 -0.438933 -0.458221 -0.772899 105.43 -0.548148 0.818137 -0.173744 -334.294
0.830218 -0.335726 -0.445002 248.801 0.55575 0.436411 0.707593 142.75 -0.0433525 -0.834767 0.548895 -317.645
0.726258 0.29537 -0.620731 252.428 -0.459902 -0.462363 -0.758098 107.553 -0.510921 0.836049 -0.199954 -341.004
0.85911 -0.316763 -0.401986 267.934 0.510555 0.475868 0.716159 142.571 -0.0355594 -0.820495 0.570547 -323.797
0.716339 0.313944 -0.623136 271.821 -0.457557 -0.462883 -0.759198 108.411 -0.526783 0.828964 -0.187934 -347.075
0.856795 -0.333958 -0.392906 287.8 0.513224 0.478337 0.712598 142.958 -0.0500358 -0.812199 0.581231 -330.885
0.729342 0.279991 -0.624234 291.726 -0.447126 -0.495525 -0.744671 109.773 -0.517823 0.82223 -0.236216 -354.769
0.85057 -0.311757 -0.423485 306.486 0.525184 0.462702 0.714206 144.62 -0.0267105 -0.829889 0.557289 -337.865
0.760574 0.258741 -0.595467 312.318 -0.449721 -0.451549 -0.77062 110.828 -0.468272 0.853908 -0.227076 -360.46
0.850628 -0.298522 -0.432803 327.153 0.525581 0.46078 0.715155 145.188 -0.0140617 -0.835804 0.548849 -343.764
0.741008 0.277639 -0.611412 332.427 -0.468514 -0.43851 -0.766945 111.313 -0.481043 0.854767 -0.194862 -365.887
0.83972 -0.244707 -0.484759 345.488 0.542456 0.418714 0.7283 146.281 0.0247562 -0.874528 0.484344 -349.786
0.688307 0.287946 -0.665824 347.788 -0.551468 -0.388613 -0.738149 110.868 -0.471294 0.875254 -0.108693 -369.316
0.824278 -0.339274 -0.453277 361.599 0.561809 0.390763 0.729161 146.526 -0.0702604 -0.855687 0.512703 -355.378
0.654974 0.36882 -0.659532 362.702 -0.538029 -0.385242 -0.749743 111.479 -0.530598 0.845909 -0.0538889 -375.275
0.785359 -0.382322 -0.48687 374.809 0.614959 0.391679 0.684408 147.404 -0.0709666 -0.836911 0.54272 -360.427
0.625966 0.365888 -0.68869 374.539 -0.568244 -0.390822 -0.724125 111.815 -0.534103 0.844622 -0.0367278 -380.508
0.775334 -0.369933 -0.511868 385.957 0.62866 0.374595 0.681518 148.13 -0.0603718 -0.850194 0.522997 -365.796
0.573732 0.318554 -0.754557 382.406 -0.648976 -0.385215 -0.65608 112.187 -0.499662 0.866103 -0.0142767 -384.085
0.720942 -0.378032 -0.580806 390.105 0.692812 0.373894 0.616616 148.114 -0.0159395 -0.846934 0.53146 -368.076
0.56249 0.383216 -0.732633 386.576 -0.657822 -0.329374 -0.677336 111.166 -0.500875 0.862937 0.0668174 -384.239
0.698592 -0.380284 -0.606098 393.347 0.713191 0.301779 0.632684 149.572 -0.0576911 -0.874251 0.482034 -370.002
0.560363 0.368744 -0.741635 388.847 -0.695535 -0.276668 -0.663089 110.074 -0.449695 0.887403 0.101439 -384.295
0.677493 -0.4072 -0.61253 393.995 0.7312 0.282641 0.620856 147.589 -0.0796862 -0.868507 0.489231 -370.9
0.504268 0.404429 -0.762989 387.755 -0.726981 -0.278043 -0.627847 109.198 -0.466063 0.871281 0.153803 -383.845
0.632899 -0.402997 -0.661085 391.212 0.772952 0.279753 0.56946 148.136 -0.0445494 -0.871397 0.488552 -369.441
0.500784 0.3738 -0.780699 385.13 -0.750629 -0.261582 -0.606739 109.66 -0.431015 0.88986 0.149588 -381.468
0.607023 -0.396197 -0.688877 386.858 0.793086 0.247076 0.556749 148.741 -0.0503769 -0.884298 0.464198 -368.169
0.485387 0.366571 -0.793742 379.482 -0.776232 -0.237086 -0.584171 109.515 -0.402324 0.899677 0.169465 -378.586
0.556456 -0.352084 -0.752592 377.583 0.830065 0.19553 0.522265 148.95 -0.0367261 -0.915318 0.401055 -366.443
0.470043 0.39533 -0.789161 369.46 -0.795579 -0.197444 -0.572774 109.025 -0.382249 0.897069 0.221708 -374.74
0.51375 -0.412536 -0.752248 365.997 0.856852 0.202567 0.474102 148.267 -0.0432029 -0.888134 0.45755 -361.05
0.425313 0.43101 -0.795827 355.629 -0.81335 -0.203647 -0.544969 108.312 -0.396954 0.879068 0.263948 -368.356
0.492384 -0.423737 -0.760267 350.371 0.869714 0.205422 0.448776 147.425 -0.0339869 -0.882185 0.469675 -353.821
0.365187 0.428142 -0.82664 336.89 -0.852893 -0.202022 -0.481417 108.507 -0.373113 0.880843 0.291382 -359.161
0.556008 -0.389252 -0.734397 334.06 0.830232 0.217963 0.513039 147.674 -0.0396291 -0.894973 0.444357 -345.34
0.350796 0.242091 -0.904619 318.575 -0.892524 -0.205962 -0.401224 109.495 -0.283449 0.948142 0.14382 -352.595
0.519855 -0.384662 -0.76275 314.074 0.854017 0.21297 0.474657 149.28 -0.0201393 -0.898154 0.43922 -338
0.323454 0.38907 -0.862556 298.388 -0.875237 -0.22344 -0.428994 110.457 -0.359638 0.893701 0.268255 -344.121
0.533002 -0.35888 -0.766234 294.123 0.846114 0.225504 0.48295 150.012 -0.000531375 -0.905734 0.423846 -329.335
0.274394 0.356006 -0.893292 275.911 -0.901039 -0.229317 -0.368163 111.957 -0.335914 0.905911 0.25785 -335.078
0.484259 -0.383576 -0.786362 269.487 0.874728 0.231322 0.425843 150.785 0.0185601 -0.89407 0.447543 -318.988
0.256751 0.368643 -0.893411 251.01 -0.89989 -0.245998 -0.360117 112.642 -0.352531 0.896431 0.268577 -325.019
0.456182 -0.371906 -0.808446 243.546 0.88746 0.257176 0.382461 150.872 0.0656731 -0.891935 0.44737 -307.759
0.140627 0.387468 -0.911095 221.133 -0.919779 -0.289409 -0.265045 115.109 -0.366376 0.875278 0.315685 -312.841
0.412769 -0.370417 -0.832115 212.032 0.906619 0.254897 0.336259 152.609 0.0875481 -0.893208 0.441039 -295.447
0.109904 0.399916 -0.909939 189.241 -0.930227 -0.281119 -0.235905 117.381 -0.350143 0.872377 0.341115 -299.35
0.397679 -0.363269 -0.842549 179.423 0.905608 0.302925 0.296836 153.46 0.147398 -0.881064 0.449445 -279.919
0.0562998 0.439626 -0.896415 155.657 -0.908174 -0.350458 -0.228911 119.989 -0.414791 0.826988 0.379525 -284.59
0.367186 -0.474138 -0.80023 146.567 0.913462 0.346041 0.214114 152.937 0.175393 -0.809599 0.560167 -262.024
0.0233685 0.540072 -0.841295 123.677 -0.885715 -0.379089 -0.267958 120.304 -0.463642 0.75141 0.469489 -265.382
0.367548 -0.518254 -0.77222 115.776 0.906373 0.385611 0.172609 150.598 0.208321 -0.763361 0.61146 -241.511
-0.016444 0.563515 -0.825943 92.6408 -0.871425 -0.413109 -0.264501 119.245 -0.490254 0.715398 0.497853 -244.826
0.361406 -0.577251 -0.732236 85.5863 0.900805 0.418891 0.114379 147.371 0.240702 -0.700938 0.671378 -218.667
-0.0230319 0.580908 -0.813644 62.9073 -0.863041 -0.422345 -0.277105 116.861 -0.50461 0.695826 0.511073 -221.784
0.365833 -0.583167 -0.725317 56.468 0.90011 0.419809 0.116462 143.769 0.236578 -0.695471 0.678493 -196.545
-0.0416006 0.572983 -0.818511 33.2396 -0.869944 -0.423682 -0.252375 114.064 -0.491395 0.70156 0.516087 -199.184
0.394547 -0.522792 -0.75566 26.6606 0.87753 0.458286 0.141121 140.945 0.272532 -0.718794 0.63958 -173.636
-0.070982 0.547057 -0.834081 2.58897 -0.8419 -0.481306 -0.24403 112.711 -0.534946 0.684891 0.49473 -178.093
0.404072 -0.533081 -0.743339 -3.14018 0.860733 0.496647 0.111721 138.358 0.309621 -0.68496 0.659519 -151.163
-0.0512685 0.585386 -0.809133 -26.2539 -0.824057 -0.482499 -0.29686 109.243 -0.564183 0.651552 0.507127 -156.054
0.356368 -0.597596 -0.71825 -32.4273 0.880312 0.472374 0.0437551 134.107 0.313134 -0.647877 0.694408 -128.021
-0.0503052 0.589752 -0.806017 -55.5344 -0.82946 -0.474193 -0.295191 104.137 -0.556297 0.65371 0.513028 -133.171
0.345401 -0.617515 -0.706665 -61.3597 0.889506 0.455443 0.0367847 129.767 0.29913 -0.641288 0.706591 -104.844
0.0116145 0.585385 -0.810673 -83.2576 -0.822669 -0.455258 -0.340525 98.3878 -0.568403 0.670871 0.476289 -111.205
0.34897 -0.605585 -0.715184 -89.4753 0.890848 0.451248 0.0525897 124.968 0.290878 -0.655472 0.696955 -82.8679
0.0583106 0.587531 -0.807099 -110.5 -0.841074 -0.406601 -0.356751 91.366 -0.537769 0.699632 0.470447 -88.8111
0.330186 -0.582172 -0.743004 -118.383 0.914397 0.392592 0.0987428 121.066 0.234212 -0.712004 0.661963 -61.9315
0.0532236 0.624489 -0.779219 -139.399 -0.869805 -0.354314 -0.343367 86.2354 -0.490517 0.696044 0.524324 -65.0437
0.381118 -0.619683 -0.686107 -144.4 0.916572 0.350396 0.192665 119.185 0.121018 -0.702295 0.701525 -40.1171
0.0359125 0.64453 -0.763736 -165.411 -0.88197 -0.33893 -0.3275 83.9384 -0.469936 0.685354 0.556283 -42.0159
0.406325 -0.610262 -0.68006 -169.153 0.908718 0.347725 0.23091 117.592 0.0955587 -0.711808 0.695844 -18.9751
0.0909371 0.625107 -0.775225 -187.516 -0.876782 -0.318868 -0.35997 80.8206 -0.472213 0.712438 0.519084 -22.5435
0.351488 -0.610364 -0.709869 -193.316 0.932983 0.291103 0.211666 116.49 0.0774527 -0.736694 0.671777 -0.919924
0.133427 0.631929 -0.763456 -210.264 -0.892526 -0.258246 -0.369739 77.3102 -0.430807 0.730738 0.529554 -2.55893
0.289795 -0.615823 -0.732654 -219.216 0.954328 0.24403 0.172361 113.722 0.0726464 -0.749142 0.658414 19.044
0.177612 0.631436 -0.754814 -235.209 -0.877417 -0.245723 -0.412019 73.0931 -0.445638 0.735467 0.510388 16.6961
0.285248 -0.621258 -0.729845 -245.03 0.957076 0.225448 0.182154 110.674 0.0513777 -0.750476 0.658898 38.7045
0.104877 0.650697 -0.752061 -264.423 -0.925108 -0.213672 -0.31388 69.5226 -0.364935 0.728657 0.579554 41.2066
0.292383 -0.666039 -0.686225 -272.659 0.956028 0.186411 0.226414 109.863 -0.0228802 -0.72225 0.691254 61.9838
0.151154 0.711901 -0.685821 -288.867 -0.91752 -0.157137 -0.36533 66.0607 -0.367846 0.684476 0.62943 65.7858
0.278965 -0.66653 -0.691316 -297.756 0.958828 0.15346 0.238957 108.352 -0.0531816 -0.729514 0.681895 85.7069
0.233181 0.672998 -0.701927 -311.807 -0.908118 -0.107446 -0.404694 62.0093 -0.347777 0.7318 0.586106 88.8356
0.24101 -0.649993 -0.720711 -323.228 0.964634 0.0787508 0.251557 105.846 -0.106753 -0.755851 0.645983 106.075
0.255579 0.691123 -0.67604 -335.32 -0.91519 -0.0524387 -0.399598 60.4535 -0.311621 0.720835 0.619105 111.502
0.236306 -0.653509 -0.719088 -346.514 0.963808 0.0636406 0.258891 103.442 -0.123424 -0.754241 0.644894 127.537
0.24922 0.686097 -0.683492 -358.928 -0.904496 -0.0873149 -0.41745 58.2232 -0.34609 0.722253 0.59881 131.137
0.208363 -0.621128 -0.755504 -372.757 0.975859 0.0803332 0.203092 99.635 -0.0654535 -0.779583 0.62287 148.826
0.278857 0.694615 -0.663136 -383.927 -0.894643 -0.0631028 -0.442304 53.7601 -0.349077 0.71661 0.603834 152.891
0.235722 -0.703425 -0.670544 -394.551 0.953863 0.0354358 0.298147 97.3242 -0.185962 -0.709887 0.679323 168.268
0.334985 0.682045 -0.650078 -403.804 -0.90307 0.0355829 -0.428018 50.433 -0.268795 0.730446 0.627852 176.574
