1 0 0 0 0 1 0 0 0 0 1 0
<<<<<<< HEAD
0.999982 -1.61441e-05 -0.00607578 -0.00834472 1.68926e-05 1 0.000123137 -0.00105432 0.00607578 -0.000123237 0.999982 0.0925051
0.999917 2.87123e-05 -0.0129174 -0.0150395 -2.64959e-05 1 0.000171752 -0.00139094 0.0129174 -0.000171396 0.999916 0.186043
0.999798 0.000219296 -0.0200969 -0.0262148 -0.000214301 1 0.000250711 -0.00327722 0.0200969 -0.000246354 0.999798 0.285101
0.999577 0.000211531 -0.0290948 -0.0375749 -0.000208437 1 0.000109394 -0.000374433 0.0290948 -0.000103283 0.999577 0.390342
0.999179 0.000267347 -0.0405196 -0.0505769 -0.000260886 1 0.000164755 0.000999728 0.0405196 -0.000154048 0.999179 0.506549
0.998542 0.000271561 -0.0539736 -0.0702398 -0.000250722 1 0.000392856 -0.00118335 0.0539737 -0.000378751 0.998542 0.634603
0.997541 0.000210713 -0.070078 -0.0917948 -0.000165584 1 0.000649786 -0.00381121 0.0700781 -0.000636585 0.997541 0.773168
0.996086 4.66697e-05 -0.0883855 -0.117579 3.12042e-05 1 0.00087969 -0.00739223 0.0883855 -0.000879005 0.996086 0.922046
0.994145 -0.000158621 -0.108051 -0.144252 0.00027255 0.999999 0.00103963 -0.0133844 0.108051 -0.00106299 0.994145 1.08668
0.991482 -0.000218713 -0.13024 -0.179488 0.000357041 0.999999 0.00103875 -0.0123962 0.130239 -0.0010764 0.991482 1.2513
0.988066 0.000292609 -0.154033 -0.229946 -0.000169598 1 0.000811736 -0.00561865 0.154034 -0.000775925 0.988065 1.42494
0.983818 0.00520264 -0.179092 -0.285245 -0.00554041 0.999984 -0.00138592 -0.0106655 0.179082 0.00235574 0.983831 1.60342
0.978522 0.00536669 -0.206072 -0.347188 -0.00570272 0.999983 -0.00103672 -0.0084626 0.206063 0.00218962 0.978536 1.78656
0.97195 0.00562049 -0.23512 -0.415871 -0.00589387 0.999982 -0.000459995 -0.014801 0.235114 0.00183286 0.971966 1.97977
0.963976 0.00578161 -0.265925 -0.488823 -0.00602198 0.999982 -8.85027e-05 -0.0145922 0.26592 0.00168671 0.963994 2.1711
0.954734 0.00593839 -0.297402 -0.581182 -0.00611658 0.999981 0.00033144 -0.0148258 0.297399 0.00150265 0.954752 2.37273
0.943586 0.00622621 -0.331069 -0.678447 -0.00631693 0.99998 0.000802012 -0.01682 0.331067 0.00133457 0.943606 2.57029
0.931145 0.00647389 -0.364591 -0.77576 -0.00657329 0.999978 0.000968374 -0.011675 0.36459 0.00149487 0.931167 2.7608
0.917424 0.00682255 -0.397852 -0.897125 -0.00688295 0.999976 0.00127636 -0.00820496 0.397851 0.00156743 0.917449 2.96189
0.901583 0.0070784 -0.432548 -1.01691 -0.00696311 0.999974 0.0018504 -0.0116907 0.43255 0.00134359 0.901609 3.15822
0.88337 0.00674089 -0.468628 -1.14015 -0.00634185 0.999977 0.00242951 -0.0209475 0.468634 0.000825809 0.883392 3.34967
0.862324 0.0062344 -0.506319 -1.28395 -0.00556775 0.999981 0.00283039 -0.0330064 0.506326 0.000378341 0.862342 3.54773
0.837792 0.00648662 -0.545951 -1.43348 -0.00548769 0.999979 0.00345991 -0.0300262 0.545961 9.73189e-05 0.83781 3.73504
0.809198 0.0070568 -0.587493 -1.61816 -0.00595092 0.999975 0.00381476 -0.019321 0.587506 0.000409228 0.80922 3.92015
0.777202 0.00812186 -0.629198 -1.80856 -0.00661176 0.999967 0.00474081 -0.0222582 0.629216 0.000475541 0.777231 4.099
0.742001 0.00852572 -0.670344 -2.00464 -0.00657112 0.999964 0.00544441 -0.024958 0.670366 0.000365152 0.74203 4.26584
0.702426 0.00853835 -0.711706 -2.22882 -0.00551518 0.999963 0.00655331 -0.0430773 0.711736 -0.000678031 0.702447 4.4484
0.660434 0.00792964 -0.750843 -2.45586 -0.00442363 0.999968 0.00666967 -0.0483151 0.750871 -0.00108343 0.660448 4.61547
0.616514 0.00754836 -0.787308 -2.70025 -0.00362082 0.999971 0.00675193 -0.0423122 0.787335 -0.00131196 0.616524 4.76671
0.56857 0.0076525 -0.822599 -2.97773 -0.00301978 0.999969 0.00721531 -0.0396674 0.822629 -0.00161834 0.568576 4.93053
0.517947 0.00801054 -0.855375 -3.26159 -0.00271753 0.999966 0.0077191 -0.0360691 0.855408 -0.00167358 0.517952 5.06612
0.466224 0.00816999 -0.884629 -3.55691 -0.00228665 0.999965 0.00803005 -0.0303459 0.884664 -0.00172097 0.466226 5.1835
0.411226 0.00872898 -0.911492 -3.89115 -0.00191629 0.99996 0.00871166 -0.0278854 0.911531 -0.00183578 0.411227 5.30727
0.357256 0.00924835 -0.93396 -4.22268 -0.00154453 0.999955 0.00931103 -0.0222423 0.934005 -0.00188389 0.357255 5.39334
0.301311 0.00970929 -0.953476 -4.59679 -0.00084266 0.99995 0.00991625 -0.0229066 0.953526 -0.00218442 0.301304 5.48559
0.247784 0.0102525 -0.968761 -4.97366 -1.96789e-05 0.999944 0.0105775 -0.0261318 0.968815 -0.00260186 0.247771 5.55819
0.197585 0.0108637 -0.980226 -5.35589 0.00059947 0.999937 0.011203 -0.0290016 0.980286 -0.00280116 0.197566 5.60928
0.149362 0.0109182 -0.988722 -5.77922 0.000356124 0.999938 0.0110958 -0.0157729 0.988783 -0.00200941 0.149349 5.6463
0.10729 0.0111741 -0.994165 -6.20039 0.000145787 0.999937 0.0112547 -0.00654882 0.994228 -0.00135245 0.107281 5.66498
0.0684459 0.0113743 -0.99759 -6.6556 7.08536e-05 0.999935 0.0114059 -0.00395847 0.997655 -0.000851369 0.0684409 5.67248
0.0338606 0.0113037 -0.999362 -7.11663 0.000496523 0.999936 0.011327 -0.00465637 0.999427 -0.000879747 0.0338531 5.67095
0.00276533 0.0111433 -0.999934 -7.58074 0.000758646 0.999938 0.0111454 -0.0042829 0.999996 -0.000789419 0.00275697 5.65969
-0.024822 0.0110487 -0.999631 -8.07828 0.00118982 0.999939 0.0110225 0.00107272 0.999691 -0.000915784 -0.0248333 5.62969
-0.0451904 0.0109966 -0.998918 -8.577 0.00130725 0.999939 0.0109487 0.00245191 0.998978 -0.000811063 -0.0452018 5.59672
-0.0625094 0.0111975 -0.997981 -9.1106 0.00166805 0.999937 0.0111149 0.00948099 0.998043 -0.0009699 -0.0625238 5.55022
-0.0759148 0.011691 -0.997046 -9.64722 0.00268451 0.99993 0.0115204 0.0120449 0.997111 -0.00180201 -0.0759407 5.49967
-0.0854398 0.011913 -0.996272 -10.1984 0.0037822 0.999925 0.0116323 0.0139621 0.996336 -0.00277424 -0.0854782 5.44358
-0.0928156 0.0122239 -0.995608 -10.7766 0.00430743 0.99992 0.0118753 0.0147055 0.995674 -0.0031863 -0.0928606 5.38509
-0.0968615 0.0127067 -0.995216 -11.3554 0.00367695 0.999916 0.0124088 0.0158286 0.995291 -0.00245742 -0.0968999 5.32386
-0.0989006 0.0132583 -0.995009 -11.9626 0.00309102 0.99991 0.0130164 0.0218036 0.995093 -0.00178827 -0.0989325 5.262
-0.0980076 0.0137408 -0.995091 -12.5744 0.00417948 0.999902 0.0133956 0.027664 0.995177 -0.0028461 -0.0980552 5.20399
-0.0970057 0.0141012 -0.995184 -13.2214 0.00563121 0.999891 0.013619 0.0320868 0.995268 -0.00428298 -0.0970743 5.1378
-0.0953713 0.0144878 -0.995336 -13.8674 0.00525342 0.999887 0.0140506 0.0384128 0.995428 -0.00388889 -0.0954365 5.06961
-0.0933779 0.0148191 -0.99552 -14.5237 0.00395948 0.999887 0.0145127 0.037501 0.995623 -0.00258658 -0.0934258 5.00314
-0.0919672 0.0146881 -0.995653 -15.2128 0.00332027 0.99989 0.0144439 0.0546569 0.995757 -0.00197747 -0.0920056 4.93488
-0.0899974 0.0151224 -0.995827 -15.9042 0.00407451 0.999882 0.0148157 0.0626256 0.995934 -0.00272414 -0.0900482 4.8747
-0.0886877 0.0157491 -0.995935 -16.6313 0.00437022 0.999871 0.0154221 0.0788 0.99605 -0.0029847 -0.0887449 4.80215
-0.0865702 0.0162927 -0.996112 -17.3487 0.00420876 0.999863 0.0159882 0.0853242 0.996237 -0.0028083 -0.0866267 4.73977
-0.0850199 0.0170469 -0.996233 -18.0938 0.00257365 0.999854 0.0168892 0.0904386 0.996376 -0.00112804 -0.0850511 4.66963
-0.0833893 0.0171456 -0.996369 -18.853 0.00211149 0.999853 0.0170288 0.0935941 0.996515 -0.000683807 -0.083413 4.59924
-0.0815041 0.0170644 -0.996527 -19.6123 0.00142213 0.999854 0.017005 0.109028 0.996672 -3.1217e-05 -0.0815163 4.53083
-0.0805594 0.0175261 -0.996595 -20.4005 0.00117498 0.999846 0.0174882 0.124776 0.996749 0.000237857 -0.0805674 4.46686
-0.0791531 0.0183214 -0.996694 -21.1829 0.00264931 0.999831 0.0181687 0.127116 0.996859 -0.00120245 -0.079188 4.40515
-0.0784007 0.0188128 -0.996744 -21.9864 0.00285372 0.999822 0.0186464 0.143873 0.996918 -0.00138254 -0.0784403 4.3423
-0.0773514 0.018807 -0.996826 -22.7882 0.00231058 0.999823 0.0186842 0.151508 0.997001 -0.000858007 -0.0773809 4.27669
-0.076412 0.0137349 -0.996981 -23.5915 0.00420248 0.999901 0.013453 0.156557 0.997068 -0.00316182 -0.0764619 4.20635
-0.0771069 0.0130253 -0.996937 -24.4075 0.00376015 0.999911 0.0127733 0.172662 0.997016 -0.00276373 -0.0771488 4.14773
-0.0769535 0.0126278 -0.996954 -25.227 0.0032737 0.999918 0.0124126 0.196836 0.997029 -0.00230854 -0.0769883 4.07697
-0.0779849 0.0193741 -0.996766 -26.0612 0.00278469 0.999811 0.0192154 0.211104 0.996951 -0.00127717 -0.0780239 4.01023
-0.0783404 0.0262099 -0.996582 -26.9024 0.00222959 0.999656 0.0261155 0.225064 0.996924 -0.000176072 -0.0783717 3.94194
-0.0778046 0.0322359 -0.996447 -27.7386 0.00150395 0.99948 0.0322166 0.243252 0.996968 0.00100799 -0.0778124 3.8654
-0.0790638 0.0328764 -0.996327 -28.571 0.000308998 0.999457 0.0329551 0.263249 0.99687 0.00229769 -0.0790308 3.79217
-0.0787065 0.032269 -0.996375 -29.4088 8.25653e-05 0.999476 0.0323629 0.287635 0.996898 0.0024649 -0.0786677 3.71903
-0.0798578 0.0322718 -0.996283 -30.2378 -0.000289572 0.999475 0.0323983 0.308352 0.996806 0.00287575 -0.0798063 3.65029
-0.0801471 0.0326317 -0.996248 -31.0759 -4.85139e-05 0.999464 0.0327409 0.333093 0.996783 0.00267241 -0.0801024 3.57584
-0.0792095 0.0329581 -0.996313 -31.9082 2.89084e-05 0.999453 0.0330597 0.358892 0.996858 0.00258984 -0.079167 3.50183
-0.079926 0.0334988 -0.996237 -32.7361 -0.000520198 0.999434 0.033648 0.377978 0.996801 0.00320759 -0.0798631 3.43276
-0.0785376 0.0296519 -0.99647 -33.5589 -0.000938534 0.999555 0.0298177 0.396389 0.996911 0.00327703 -0.0784746 3.3616
-0.0792182 0.0292754 -0.996427 -34.3879 -0.00140146 0.999564 0.029479 0.416962 0.996856 0.00373173 -0.0791424 3.28968
-0.078937 0.0295236 -0.996442 -35.2135 -2.33548e-05 0.999561 0.0296178 0.427607 0.99688 0.00236121 -0.0789014 3.2196
-0.0776428 0.0304234 -0.996517 -36.0411 0.00180467 0.999537 0.030375 0.433806 0.99698 0.000560007 -0.0776615 3.15264
-0.0781428 0.0363062 -0.99628 -36.8752 0.00247343 0.999341 0.0362237 0.450912 0.996939 0.000366391 -0.0781808 3.08163
-0.0769179 0.0419729 -0.996153 -37.7068 0.00631383 0.999114 0.0416101 0.467809 0.997017 -0.00308899 -0.0771145 3.01833
-0.077541 0.0432259 -0.996051 -38.5387 0.00779374 0.999055 0.0427496 0.486645 0.996959 -0.00444813 -0.0778045 2.9483
-0.077517 0.0440639 -0.996016 -39.3634 0.00900267 0.999013 0.0434958 0.50063 0.99695 -0.00559515 -0.077837 2.87929
-0.0766364 0.0412064 -0.996207 -40.1805 0.00968443 0.999129 0.0405822 0.518364 0.997012 -0.00653763 -0.0769685 2.80997
-0.0765869 0.0406134 -0.996235 -41.0203 0.00974977 0.999153 0.0399828 0.536417 0.997015 -0.00665091 -0.0769178 2.73316
-0.0761751 0.0397592 -0.996301 -41.8322 0.00974865 0.999187 0.039129 0.554888 0.997047 -0.00673194 -0.0765005 2.66281
-0.0766903 0.0395023 -0.996272 -42.6675 0.00924573 0.9992 0.0389067 0.5749 0.997012 -0.0062275 -0.0769939 2.58765
-0.0773027 0.0395989 -0.99622 -43.4902 0.00957605 0.999194 0.038974 0.595305 0.996962 -0.00652707 -0.0776194 2.52091
-0.0778578 0.039437 -0.996184 -44.3016 0.0096068 0.999201 0.0388056 0.61386 0.996918 -0.00654882 -0.0781742 2.45588
-0.0793218 0.0393735 -0.996071 -45.1247 0.0109165 0.999194 0.0386277 0.642461 0.996789 -0.00780963 -0.0796874 2.39818
-0.0804765 0.0412258 -0.995903 -45.9422 0.0116809 0.999115 0.0404148 0.664021 0.996688 -0.00838057 -0.0808865 2.32422
-0.0825269 0.0472485 -0.995468 -46.7665 0.0143524 0.998828 0.0462181 0.68624 0.996485 -0.0104732 -0.0831081 2.25815
-0.0843729 0.049132 -0.995222 -47.5818 0.0152155 0.998731 0.0480153 0.719297 0.996318 -0.0110916 -0.0850131 2.18814
-0.0855508 0.0500982 -0.995073 -48.3803 0.01555 0.998681 0.0489429 0.73967 0.996212 -0.0112863 -0.0862167 2.11618
-0.0874834 0.0463733 -0.995085 -49.1786 0.0135446 0.998879 0.0453593 0.771651 0.996074 -0.00950984 -0.0880132 2.04138
-0.0887404 0.0445854 -0.995056 -49.9743 0.00877766 0.998994 0.043979 0.792635 0.996016 -0.00483156 -0.0890422 1.95687
-0.0896521 0.0438408 -0.995007 -50.7603 0.00803198 0.99903 0.0432943 0.822869 0.995941 -0.00411046 -0.089917 1.87535
-0.09136 0.0439458 -0.994847 -51.5536 0.0077586 0.999027 0.043418 0.853932 0.995788 -0.00375196 -0.0916118 1.79615
-0.091794 0.0445916 -0.994779 -52.3365 0.00783226 0.998998 0.044058 0.880806 0.995747 -0.00374711 -0.0920511 1.72049
-0.0933289 0.0448778 -0.994623 -53.1228 0.00754884 0.998987 0.0443664 0.908797 0.995607 -0.0033676 -0.0935729 1.63876
-0.0940643 0.0451701 -0.99454 -53.9001 0.00735118 0.998975 0.0446763 0.941556 0.995539 -0.00310861 -0.0942997 1.56126
-0.0939394 0.0457337 -0.994526 -54.6698 0.00802971 0.998947 0.0451785 0.969006 0.995545 -0.00374172 -0.0942074 1.48554
-0.0950686 0.0460782 -0.994403 -55.4427 0.00829839 0.99893 0.0454946 1.00535 0.995436 -0.00392685 -0.095349 1.41383
-0.0943401 0.0470595 -0.994427 -56.2091 0.00823298 0.998885 0.0464895 1.04081 0.995506 -0.00380129 -0.0946222 1.3355
-0.0957329 0.0480598 -0.994246 -56.9741 0.00819399 0.998838 0.0474928 1.06742 0.995373 -0.00360023 -0.0960152 1.26118
-0.0963489 0.0483254 -0.994173 -57.7241 0.00813756 0.998826 0.0477629 1.09419 0.995314 -0.00348826 -0.0966288 1.18451
-0.0957676 0.0482663 -0.994232 -58.4573 0.00838856 0.998828 0.0476814 1.1229 0.995368 -0.00377386 -0.0960599 1.10652
-0.0965982 0.0481456 -0.994158 -59.197 0.00881453 0.998832 0.0475155 1.15059 0.995284 -0.00417314 -0.0969094 1.03204
-0.0961328 0.047908 -0.994214 -59.9015 0.00969772 0.998839 0.0471932 1.17387 0.995321 -0.00510481 -0.0964855 0.961273
-0.095533 0.0477791 -0.994278 -60.6072 0.0099344 0.998844 0.047044 1.19812 0.995377 -0.00538332 -0.0958969 0.887425
-0.0931639 0.047799 -0.994502 -61.2929 0.0106505 0.998838 0.0470097 1.21187 0.995594 -0.00621237 -0.0935644 0.816396
-0.0887991 0.0482686 -0.994879 -61.9551 0.0110086 0.998812 0.0474769 1.23147 0.995989 -0.00673637 -0.0892247 0.750212
-0.0837012 0.0492422 -0.995273 -62.6234 0.0110395 0.998763 0.0484865 1.25195 0.99643 -0.00692899 -0.084141 0.693488
-0.0764155 0.0498063 -0.995831 -63.2595 0.011098 0.998732 0.0490998 1.2743 0.997014 -0.00729974 -0.0768712 0.639748
-0.067862 0.0507102 -0.996405 -63.8984 0.0109003 0.998686 0.0500839 1.29538 0.997635 -0.00746237 -0.0683253 0.59052
-0.0563456 0.0514098 -0.997086 -64.5118 0.0105356 0.998649 0.0508949 1.31459 0.998356 -0.00763724 -0.0568108 0.551493
-0.0412794 0.0521406 -0.997786 -65.1071 0.00976257 0.998611 0.0517798 1.33717 0.9991 -0.00760352 -0.0417308 0.523017
-0.0235289 0.0529501 -0.998319 -65.6903 0.00876797 0.998569 0.0527567 1.3571 0.999685 -0.00751194 -0.0239593 0.502295
-0.00167364 0.0535986 -0.998561 -66.2448 0.00764624 0.998534 0.0535843 1.38256 0.999969 -0.00754557 -0.00208073 0.503497
0.0236205 0.0541199 -0.998254 -66.7881 0.00686582 0.998501 0.0542958 1.40392 0.999697 -0.00813635 0.0232139 0.522007
0.0529004 0.0544721 -0.997112 -67.3045 0.00585256 0.998477 0.0548571 1.42273 0.998583 -0.00873764 0.0525014 0.554058
0.0864503 0.0547823 -0.994748 -67.7964 0.00481913 0.998452 0.0554051 1.44475 0.996244 -0.00958362 0.0860528 0.608117
0.123668 0.0551604 -0.990789 -68.2712 0.00355387 0.998423 0.056029 1.46433 0.992317 -0.0104502 0.123278 0.67981
0.163903 0.0556054 -0.984908 -68.7241 0.00222938 0.998387 0.0567374 1.48056 0.986474 -0.0114952 0.163515 0.773161
0.208449 0.0560347 -0.976426 -69.1698 -0.00016493 0.998359 0.0572582 1.50665 0.978033 -0.0117744 0.208117 0.881201
0.255557 0.0563123 -0.965152 -69.5993 -0.00222099 0.998334 0.0576602 1.53221 0.966791 -0.0125919 0.255257 1.02099
0.304889 0.0545044 -0.950826 -70.013 -0.00198362 0.998395 0.0565952 1.56506 0.952385 -0.0153692 0.304509 1.18491
0.355345 0.0541598 -0.933164 -70.4138 -0.00410301 0.998401 0.0563836 1.59498 0.934726 -0.0162069 0.354999 1.3738
0.40719 0.0535743 -0.91177 -70.7982 -0.00652405 0.998423 0.0557523 1.63015 0.91332 -0.0167534 0.406898 1.57611
0.457568 0.053403 -0.887569 -71.178 -0.00904671 0.998423 0.055409 1.66288 0.889128 -0.0173238 0.45733 1.80875
0.505702 0.0535011 -0.861047 -71.539 -0.0118488 0.998412 0.0550774 1.6923 0.862626 -0.0176504 0.505534 2.04564
0.550941 0.0522406 -0.832907 -71.883 -0.0104735 0.998393 0.0556922 1.7203 0.834479 -0.0219596 0.550603 2.31037
0.595198 0.0482955 -0.802126 -72.2076 -0.00532247 0.998408 0.056164 1.7356 0.803561 -0.0291594 0.594507 2.6036
0.637323 0.0464655 -0.769194 -72.5081 -0.00770735 0.998515 0.0539324 1.76739 0.770558 -0.028444 0.636735 2.88964
0.678772 0.0426828 -0.733107 -72.8123 -0.0121114 0.998825 0.0469395 1.79037 0.734249 -0.0229823 0.678491 3.19347
0.718907 0.0370131 -0.694119 -73.0868 -0.0170478 0.99922 0.0356256 1.79465 0.694897 -0.0137783 0.718977 3.50633
0.75835 0.0353446 -0.650888 -73.3729 -0.0213094 0.99934 0.0294386 1.80492 0.651499 -0.00845471 0.758602 3.86458
0.795487 0.0352233 -0.604946 -73.635 -0.0232436 0.999348 0.027623 1.82044 0.605525 -0.00791265 0.795787 4.23674
0.829824 0.0352474 -0.556911 -73.8847 -0.024902 0.999348 0.0261446 1.83219 0.557469 -0.00782721 0.830161 4.64479
0.860905 0.0357283 -0.507508 -74.1315 -0.0271135 0.999336 0.024359 1.85649 0.508042 -0.00721046 0.861302 5.08586
0.887178 0.0362219 -0.460003 -74.3521 -0.0284372 0.999311 0.0238437 1.86284 0.46055 -0.0080724 0.887597 5.54312
0.909042 0.0404123 -0.414739 -74.5743 -0.033792 0.999158 0.0232915 1.87464 0.415331 -0.00715809 0.909642 6.03542
0.926589 0.0427757 -0.373633 -74.7728 -0.0375248 0.999068 0.0213197 1.89414 0.374197 -0.00573408 0.927332 6.53427
0.940377 0.0469797 -0.336871 -74.9659 -0.0423169 0.99888 0.0211749 1.90394 0.337489 -0.00565703 0.941313 7.06821
0.951026 0.0475032 -0.305439 -75.1418 -0.0432154 0.99885 0.0207885 1.91099 0.306075 -0.0065707 0.951985 7.63099
0.958384 0.0481157 -0.281397 -75.3052 -0.0442767 0.998819 0.0199889 1.92029 0.282027 -0.00669776 0.959383 8.19339
0.964605 0.0487209 -0.259158 -75.4622 -0.0452307 0.998788 0.0194169 1.9323 0.25979 -0.00700769 0.96564 8.79316
0.969125 0.0503498 -0.241372 -75.6154 -0.0471376 0.998707 0.019068 1.93837 0.24202 -0.00710156 0.970245 9.39499
0.97273 0.053363 -0.225716 -75.7664 -0.0504118 0.998551 0.0188227 1.94358 0.226394 -0.00693067 0.974011 10.0178
0.975969 0.0543806 -0.211012 -75.9117 -0.051658 0.998495 0.018398 1.94904 0.211695 -0.00705544 0.97731 10.6624
0.978528 0.0552513 -0.198565 -76.0435 -0.0527191 0.998447 0.0180212 1.94116 0.199253 -0.00716611 0.979922 11.3103
0.981235 0.055364 -0.184694 -76.1694 -0.0530974 0.998441 0.0171999 1.95039 0.185358 -0.00707037 0.982646 11.9812
0.983998 0.0556815 -0.169253 -76.2917 -0.0536248 0.998422 0.0167026 1.95958 0.169916 -0.00735917 0.985431 12.6807
0.986234 0.0560673 -0.155555 -76.4074 -0.0542198 0.998399 0.0160979 1.96904 0.156209 -0.00744218 0.987696 13.3801
0.988221 0.0567778 -0.142107 -76.5141 -0.0552774 0.998366 0.0144876 1.97312 0.142698 -0.00646167 0.989745 14.107
0.989648 0.0571755 -0.13163 -76.614 -0.0559618 0.99835 0.0129048 1.98354 0.132151 -0.00540498 0.991215 14.8227
0.990957 0.0559161 -0.121971 -76.7059 -0.0553541 0.998435 0.00799425 1.96368 0.122227 -0.00117038 0.992501 15.5627
0.991972 0.0560988 -0.113326 -76.7946 -0.0555174 0.998424 0.0082827 1.96644 0.113612 -0.00192465 0.993523 16.3286
0.992687 0.0565096 -0.106665 -76.8798 -0.0554912 0.998381 0.0124948 1.97492 0.107199 -0.00648447 0.994217 17.0862
0.993147 0.0587551 -0.101025 -76.9664 -0.057105 0.998185 0.0191516 1.99455 0.101967 -0.0132514 0.9947 17.8526
0.993612 0.0588084 -0.0963129 -77.0495 -0.0571539 0.998168 0.0198504 2.00397 0.097304 -0.014219 0.995153 18.6258
0.993952 0.0578114 -0.0933578 -77.1213 -0.0562938 0.998237 0.0188107 2.01887 0.0942809 -0.0134414 0.995455 19.3798
0.994278 0.0580731 -0.0896532 -77.1975 -0.0566097 0.99822 0.0187823 2.02572 0.0905845 -0.0135996 0.995796 20.1501
0.994517 0.0577103 -0.0872038 -77.2666 -0.0562033 0.998226 0.019641 2.02821 0.0881828 -0.0146322 0.995997 20.9083
0.994772 0.0568999 -0.0847936 -77.33 -0.0553657 0.998259 0.0203391 2.03589 0.0858035 -0.0155381 0.996191 21.6781
0.99513 0.0559691 -0.0811337 -77.3944 -0.0544615 0.998302 0.0206801 2.04428 0.0821535 -0.0161607 0.996489 22.451
0.995295 0.0561753 -0.0789355 -77.4569 -0.0548825 0.998322 0.0184551 2.05094 0.07984 -0.0140361 0.996709 23.2079
0.99522 0.059904 -0.0771292 -77.5267 -0.0592101 0.998182 0.0112542 2.05689 0.0776634 -0.00663361 0.996958 23.9606
0.995352 0.0602721 -0.075107 -77.5892 -0.0600169 0.998182 0.00565259 2.06516 0.0753114 -0.00111864 0.997159 24.7192
0.995395 0.0606991 -0.0741845 -77.6467 -0.0605526 0.998156 0.00422412 2.06726 0.0743043 0.000287386 0.997236 25.4719
0.995557 0.0614643 -0.0713268 -77.7128 -0.061167 0.998108 0.00634755 2.06186 0.0715821 -0.00195652 0.997433 26.2375
0.99565 0.0619701 -0.0695716 -77.7732 -0.0616058 0.998074 0.00737266 2.06268 0.0698947 -0.00305458 0.99755 26.9999
0.995617 0.0650928 -0.0671402 -77.8297 -0.0644185 0.997849 0.0121623 2.06073 0.0677877 -0.00778397 0.997669 27.7603
0.99587 0.0640698 -0.0643133 -77.8772 -0.0632927 0.997896 0.0140522 2.05703 0.0650785 -0.00992366 0.997831 28.5179
0.996004 0.0626746 -0.0636088 -77.9202 -0.061872 0.997979 0.0145124 2.06951 0.06439 -0.0105188 0.997869 29.2642
0.996195 0.0614496 -0.0617983 -77.9678 -0.0606687 0.998054 0.0144359 2.07727 0.0625653 -0.0106318 0.997984 30.0155
0.996228 0.0613309 -0.0613693 -78.0154 -0.0605604 0.998062 0.0143403 2.08956 0.0621301 -0.0105696 0.998012 30.7685
0.99634 0.0605327 -0.060347 -78.062 -0.0597807 0.998111 0.0141914 2.09508 0.0610922 -0.0105319 0.998076 31.5254
0.996485 0.059729 -0.0587307 -78.112 -0.0589641 0.998153 0.0146745 2.09774 0.0594989 -0.0111599 0.998166 32.2857
0.99646 0.060096 -0.0587821 -78.1625 -0.0593299 0.998131 0.0146944 2.10741 0.0595555 -0.0111548 0.998163 33.0595
0.996442 0.0603931 -0.0587758 -78.2123 -0.0596041 0.998108 0.0150883 2.11358 0.0595761 -0.0115313 0.998157 33.8302
0.996439 0.0597393 -0.0594951 -78.2607 -0.0589342 0.998147 0.015198 2.12221 0.0602929 -0.0116376 0.998113 34.6014
0.996293 0.0595379 -0.0620883 -78.3112 -0.0586611 0.998152 0.015854 2.12556 0.0629177 -0.012153 0.997945 35.3908
0.996159 0.0593449 -0.0643776 -78.3669 -0.0584417 0.998166 0.0158257 2.13458 0.0651988 -0.0120026 0.9978 36.1707
0.995765 0.062266 -0.0676313 -78.435 -0.061296 0.997986 0.016326 2.13781 0.0685119 -0.0121113 0.997577 36.9667
0.99556 0.0628591 -0.0700608 -78.4989 -0.0618844 0.997955 0.0159995 2.14491 0.0709234 -0.0115928 0.997414 37.7636
0.995386 0.0634158 -0.0720032 -78.5658 -0.0624229 0.997923 0.0159608 2.15465 0.0728659 -0.0113926 0.997277 38.5547
0.995212 0.0631031 -0.0746342 -78.633 -0.0619973 0.997931 0.0170449 2.15427 0.0755555 -0.0123362 0.997065 39.3762
0.995134 0.0624658 -0.0761836 -78.7016 -0.061272 0.997961 0.017912 2.16227 0.0771473 -0.0131569 0.996933 40.1856
0.99495 0.0626304 -0.0784291 -78.7695 -0.0613748 0.997947 0.018322 2.17039 0.0794157 -0.0134159 0.996751 41.0242
0.99478 0.063162 -0.0801413 -78.8424 -0.0618371 0.997908 0.0189115 2.17409 0.0811682 -0.0138571 0.996604 41.8535
0.994785 0.0630132 -0.0801924 -78.915 -0.0615488 0.997892 0.0206068 2.18685 0.081322 -0.0155636 0.996566 42.6804
0.99471 0.0619447 -0.081935 -78.9917 -0.0599947 0.997859 0.0260539 2.18854 0.0833737 -0.0210004 0.996297 43.5392
0.994795 0.0620224 -0.0808416 -79.0691 -0.0599563 0.997816 0.0277423 2.19668 0.0823858 -0.0227509 0.996341 44.3906
0.994931 0.0635733 -0.0779088 -79.1451 -0.0615819 0.997718 0.0277059 2.21576 0.0794925 -0.0227677 0.996575 45.2465
0.994977 0.0640085 -0.0769499 -79.2233 -0.062034 0.997688 0.027785 2.22224 0.0785506 -0.0228719 0.996648 46.1119
0.99521 0.0637234 -0.0741192 -79.2921 -0.0618618 0.997716 0.027149 2.23785 0.0756801 -0.0224338 0.99688 46.9648
0.995387 0.0623321 -0.0729142 -79.3567 -0.0604937 0.997799 0.0271579 2.24945 0.0744467 -0.0226218 0.996968 47.8442
0.995489 0.0624694 -0.0713884 -79.4253 -0.0606687 0.99779 0.0271221 2.27143 0.072925 -0.0226687 0.99708 48.7145
0.995685 0.0617573 -0.0692552 -79.4871 -0.0599263 0.997804 0.0282147 2.28885 0.0708457 -0.0239428 0.9972 49.5847
0.99577 0.0602407 -0.0693596 -79.5505 -0.0582762 0.99785 0.0300103 2.29775 0.0710185 -0.0258414 0.99714 50.4585
0.995927 0.0599162 -0.0673639 -79.6146 -0.0579469 0.997844 0.030821 2.30232 0.0690655 -0.0267919 0.997252 51.3275
0.995808 0.0616933 -0.0675215 -79.6832 -0.0598051 0.99777 0.02964 2.32069 0.0691996 -0.0254776 0.997277 52.1899
0.99555 0.0663097 -0.0669383 -79.7527 -0.0647181 0.997574 0.0256748 2.32911 0.0684785 -0.0212284 0.997427 53.0501
0.995529 0.0687023 -0.0648147 -79.8186 -0.0674316 0.99749 0.021596 2.33116 0.0661358 -0.0171289 0.997664 53.9096
0.995217 0.0727013 -0.0652334 -79.8862 -0.0717513 0.997282 0.016793 2.34498 0.066277 -0.0120321 0.997729 54.7594
0.995379 0.0721298 -0.0633675 -79.9471 -0.0712198 0.997324 0.0165081 2.35975 0.0643888 -0.0119188 0.997854 55.6136
0.995574 0.0692853 -0.063489 -79.9999 -0.067988 0.997436 0.0223743 2.36331 0.0648765 -0.0179588 0.997732 56.4633
0.995565 0.0697305 -0.0631381 -80.0608 -0.0678707 0.997208 0.0311398 2.36858 0.0651334 -0.0267165 0.997519 57.3221
0.995714 0.0676253 -0.0630709 -80.1247 -0.0653293 0.997148 0.0377856 2.38823 0.0654464 -0.0335033 0.997293 58.177
0.995579 0.0666228 -0.0661947 -80.1819 -0.0642581 0.997239 0.0372344 2.41221 0.0684927 -0.0328162 0.997112 59.0068
0.995551 0.0653113 -0.0678989 -80.2363 -0.062882 0.997323 0.0373225 2.42356 0.0701549 -0.0328869 0.996994 59.8426
0.995341 0.0655197 -0.0707168 -80.2976 -0.0629908 0.997313 0.0374205 2.45409 0.0729787 -0.0327917 0.996794 60.6626
0.99505 0.0671615 -0.0732284 -80.3677 -0.0645674 0.997219 0.0372375 2.4769 0.0755258 -0.032325 0.99662 61.4867
0.994777 0.0678181 -0.0762661 -80.4415 -0.065166 0.997198 0.0367444 2.5061 0.0785445 -0.0315826 0.99641 62.3088
0.994363 0.0683875 -0.0810185 -80.5113 -0.0656073 0.997178 0.0364982 2.53429 0.0832861 -0.030977 0.996044 63.1102
0.994061 0.0698536 -0.08343 -80.5891 -0.067044 0.9971 0.0360198 2.55505 0.0857043 -0.0302124 0.995862 63.9218
0.993607 0.0715459 -0.0873153 -80.6715 -0.0685847 0.996979 0.036459 2.58339 0.0896602 -0.0302375 0.995513 64.7196
0.993249 0.0723913 -0.0906242 -80.7534 -0.0692426 0.996898 0.0374233 2.60451 0.0930524 -0.0308956 0.995182 65.5238
0.992893 0.0735875 -0.0935204 -80.8373 -0.0699377 0.996679 0.0417275 2.6299 0.0962806 -0.0348904 0.994743 66.336
0.992409 0.0740439 -0.0981795 -80.9257 -0.0695496 0.996402 0.0484397 2.6495 0.101413 -0.0412436 0.993989 67.1312
0.991992 0.0744044 -0.102042 -81.0081 -0.0694642 0.996273 0.0511462 2.6643 0.105468 -0.0436484 0.993464 67.9308
0.991101 0.0760977 -0.109204 -81.1003 -0.0707436 0.996133 0.0520987 2.69231 0.112747 -0.0439096 0.992653 68.7082
0.990552 0.0745986 -0.115064 -81.1956 -0.0687272 0.996163 0.0541834 2.71365 0.118664 -0.0457635 0.991879 69.498
0.989699 0.0766337 -0.120919 -81.2947 -0.0703908 0.995997 0.0550885 2.74398 0.124657 -0.0460095 0.991133 70.2857
0.988723 0.0787929 -0.127341 -81.4076 -0.0722321 0.995851 0.0553508 2.78544 0.131174 -0.0455285 0.990313 71.0516
0.987799 0.0808609 -0.133089 -81.5263 -0.0741056 0.995735 0.0549604 2.81987 0.136965 -0.0444273 0.989579 71.8178
0.987084 0.0810177 -0.138202 -81.6395 -0.0740202 0.995737 0.0550504 2.85351 0.142073 -0.0441096 0.988873 72.5838
0.986093 0.0823333 -0.144356 -81.7603 -0.0749567 0.995623 0.0558251 2.88762 0.148321 -0.0442284 0.98795 73.3406
0.985471 0.0837677 -0.147744 -81.8824 -0.0757917 0.995387 0.0588231 2.91891 0.15199 -0.0467707 0.987275 74.1113
0.984373 0.0846601 -0.154404 -82.0113 -0.0759824 0.995225 0.0612728 2.95594 0.158854 -0.0485833 0.986106 74.8759
0.983457 0.0835587 -0.160711 -82.1403 -0.0743732 0.995279 0.0623563 2.99276 0.165163 -0.0493721 0.98503 75.6311
0.982482 0.0831359 -0.166778 -82.2706 -0.0739454 0.995421 0.0605901 3.03135 0.171052 -0.0471962 0.984131 76.3756
0.980817 0.0834171 -0.176173 -82.4092 -0.0747035 0.995659 0.0555391 3.06856 0.180041 -0.041313 0.982791 77.1143
0.979452 0.0808316 -0.184766 -82.5538 -0.0720033 0.995941 0.0540126 3.11094 0.188382 -0.039599 0.981297 77.8509
0.977336 0.0803086 -0.195867 -82.7019 -0.0703955 0.995886 0.0570701 3.14767 0.199644 -0.0419885 0.978969 78.5874
0.975132 0.0800467 -0.206658 -82.8604 -0.0681497 0.995616 0.0640709 3.18497 0.210881 -0.0483939 0.976313 79.3226
0.972797 0.0813816 -0.216891 -83.0257 -0.0670664 0.995106 0.0725772 3.2355 0.221736 -0.0560568 0.973494 80.0504
0.970228 0.0791309 -0.228898 -83.2003 -0.0631684 0.995086 0.0762535 3.2696 0.233808 -0.0595241 0.970459 80.7746
0.967461 0.0804556 -0.239886 -83.3863 -0.0645287 0.995203 0.0735376 3.32206 0.244652 -0.0556652 0.968012 81.4773
0.964102 0.07903 -0.253495 -83.5772 -0.0648266 0.995848 0.0639159 3.36867 0.257494 -0.0451882 0.965223 82.1794
0.960784 0.0777936 -0.26616 -83.7767 -0.0633201 0.996032 0.0625487 3.41206 0.26997 -0.0432425 0.961897 82.8803
0.95781 0.076914 -0.276915 -83.9853 -0.0606028 0.995911 0.0670007 3.46028 0.280936 -0.0473922 0.958556 83.5845
0.954306 0.0767975 -0.28879 -84.206 -0.0573857 0.995524 0.075107 3.50227 0.293266 -0.0551026 0.954442 84.2974
0.950697 0.0769402 -0.300423 -84.4397 -0.0549343 0.995197 0.081035 3.54829 0.305215 -0.0605362 0.950358 85.0106
0.947033 0.0771066 -0.31174 -84.6735 -0.0537009 0.995103 0.0829936 3.59214 0.316613 -0.0618569 0.946536 85.7023
0.942783 0.0767098 -0.32446 -84.9199 -0.0521125 0.995116 0.0838449 3.64755 0.329307 -0.0621391 0.942176 86.4006
0.940005 0.0760349 -0.332579 -85.168 -0.0509276 0.995199 0.0835821 3.70423 0.337338 -0.0616301 0.939364 87.0881
0.936739 0.0753991 -0.34181 -85.4273 -0.0497302 0.995287 0.0832608 3.75836 0.346478 -0.0609952 0.936073 87.7843
0.934032 0.0753222 -0.349155 -85.6976 -0.0491057 0.99531 0.0833514 3.81733 0.353796 -0.0607073 0.933351 88.4799
0.931332 0.0778548 -0.355749 -85.9748 -0.0509322 0.995126 0.084443 3.87572 0.36059 -0.0605254 0.930759 89.1692
0.927827 0.0801448 -0.364298 -86.257 -0.0515588 0.994826 0.0875448 3.92566 0.36943 -0.0624436 0.927158 89.8686
0.924933 0.0821779 -0.37114 -86.5373 -0.0505086 0.994265 0.0942757 3.99451 0.376759 -0.0684529 0.923779 90.5582
0.921584 0.0852401 -0.378702 -86.8367 -0.0497953 0.993493 0.102442 4.05604 0.38497 -0.075551 0.919832 91.2649
0.91867 0.091937 -0.384176 -87.1405 -0.0542146 0.992681 0.107916 4.12348 0.391286 -0.0783112 0.916931 91.9588
0.91612 0.0972377 -0.388932 -87.4491 -0.0600022 0.99247 0.106796 4.19366 0.396388 -0.0745007 0.915055 92.6465
0.913137 0.0966996 -0.396016 -87.7591 -0.0622212 0.993137 0.0990351 4.25863 0.402875 -0.065792 0.912887 93.3358
0.911918 0.0915374 -0.400031 -88.0537 -0.0584888 0.993845 0.0940851 4.32099 0.406181 -0.0624006 0.91166 94.0201
0.909869 0.091822 -0.404606 -88.3695 -0.0584858 0.993851 0.0940247 4.40179 0.410752 -0.0618864 0.909644 94.7218
0.907664 0.0951329 -0.408771 -88.6992 -0.0597437 0.993341 0.0985199 4.49277 0.415422 -0.0650015 0.907303 95.4212
0.905887 0.0952776 -0.412661 -89.0226 -0.0581265 0.993117 0.101695 4.55401 0.41951 -0.0681379 0.90519 96.1156
0.903329 0.0940302 -0.418514 -89.3449 -0.0559845 0.993177 0.102305 4.62868 0.425278 -0.068985 0.90243 96.8142
0.901472 0.0927087 -0.422791 -89.6754 -0.0567123 0.993671 0.0969681 4.70423 0.429105 -0.0634365 0.901024 97.4946
0.899007 0.0890057 -0.428792 -90.0091 -0.0546888 0.994282 0.0917253 4.76187 0.434504 -0.0590116 0.898735 98.1884
0.896705 0.0890335 -0.433579 -90.35 -0.0543086 0.994291 0.0918546 4.843 0.439282 -0.0588193 0.896421 98.8778
0.895243 0.0875185 -0.436896 -90.6921 -0.0516008 0.994288 0.0934393 4.90051 0.442578 -0.0611067 0.894646 99.5692
0.892839 0.0877449 -0.441744 -91.0425 -0.0505616 0.994166 0.0952806 4.95853 0.447527 -0.0627349 0.892067 100.26
0.890831 0.0872793 -0.445871 -91.3909 -0.0492338 0.994141 0.0962361 5.02458 0.451658 -0.0637781 0.889909 100.935
0.888347 0.0869513 -0.450863 -91.7399 -0.0481486 0.994134 0.0968554 5.0945 0.45664 -0.0643328 0.887323 101.617
0.886228 0.0865173 -0.455097 -92.0887 -0.0470148 0.994131 0.0974378 5.15964 0.460856 -0.0649558 0.885095 102.289
0.884459 0.0856305 -0.458692 -92.4377 -0.045437 0.994151 0.0979797 5.22964 0.464399 -0.0658175 0.883177 102.95
0.88203 0.0856456 -0.463343 -92.7961 -0.0446522 0.99411 0.0987531 5.29728 0.469072 -0.0664139 0.88066 103.623
0.879937 0.0858334 -0.467271 -93.1531 -0.0442389 0.994075 0.0992942 5.36381 0.473025 -0.0667011 0.87852 104.271
0.877311 0.0836622 -0.472573 -93.5149 -0.0431852 0.994456 0.0958825 5.41607 0.477975 -0.0637106 0.87606 104.927
0.87524 0.080765 -0.476896 -93.8735 -0.0419814 0.994925 0.0914481 5.47937 0.481862 -0.0600182 0.874189 105.572
0.873269 0.0810469 -0.480449 -94.2263 -0.0419256 0.994911 0.0916268 5.54125 0.48543 -0.0598717 0.872223 106.2
0.871271 0.0809597 -0.484077 -94.5934 -0.0401749 0.994756 0.0940592 5.58822 0.489153 -0.0625034 0.869955 106.85
0.869512 0.0828388 -0.486913 -94.9557 -0.0377945 0.994104 0.101635 5.64284 0.492462 -0.0699705 0.867517 107.484
0.86859 0.0830936 -0.488512 -95.3049 -0.0344034 0.993574 0.107832 5.68903 0.494334 -0.0768552 0.865868 108.105
0.866841 0.0820312 -0.491789 -95.6621 -0.0314761 0.993409 0.110222 5.73334 0.497589 -0.080065 0.86371 108.731
0.865527 0.0813801 -0.494205 -96.0016 -0.0296371 0.993305 0.111661 5.78861 0.499984 -0.0819989 0.862144 109.321
0.863464 0.0811962 -0.497831 -96.342 -0.028829 0.99329 0.112003 5.86824 0.503585 -0.0823585 0.860011 109.903
0.861728 0.0812992 -0.500812 -96.6731 -0.0283838 0.993258 0.112401 5.93777 0.506574 -0.0826444 0.858226 110.466
0.860514 0.0811492 -0.50292 -97.0038 -0.0278146 0.993243 0.112674 6.00369 0.508666 -0.0829688 0.856957 111.013
0.859043 0.0811362 -0.50543 -97.3233 -0.0272945 0.993215 0.113049 6.06638 0.511173 -0.0833189 0.85543 111.552
0.858014 0.0807101 -0.507244 -97.6352 -0.0261405 0.993159 0.113809 6.12832 0.51296 -0.0843902 0.854254 112.065
0.856582 0.0807741 -0.509648 -97.9361 -0.025446 0.993083 0.114626 6.18463 0.515382 -0.0852179 0.852713 112.566
0.855321 0.0807104 -0.511772 -98.2272 -0.0246136 0.993007 0.115468 6.23605 0.517513 -0.0861659 0.851326 113.045
0.854261 0.0807079 -0.513539 -98.5064 -0.0240145 0.992947 0.116104 6.28933 0.519288 -0.086851 0.850175 113.5
0.852874 0.0808318 -0.51582 -98.7741 -0.023689 0.992917 0.116427 6.34946 0.521578 -0.0870785 0.848749 113.935
0.851987 0.0811305 -0.517237 -99.0336 -0.0239227 0.992922 0.116338 6.40933 0.523015 -0.086745 0.847898 114.344
0.850407 0.0776464 -0.520363 -99.2784 -0.0221578 0.993459 0.112028 6.45999 0.525658 -0.0837393 0.846564 114.736
0.848149 0.0779806 -0.523986 -99.5117 -0.0219718 0.993434 0.11228 6.51716 0.529301 -0.0837173 0.844294 115.118
0.845808 0.0774207 -0.527838 -99.7384 -0.0204501 0.993392 0.112937 6.5627 0.533094 -0.0847284 0.841803 115.484
0.842569 0.0773726 -0.533 -99.9628 -0.0194313 0.993351 0.113482 6.61497 0.538237 -0.0852594 0.83847 115.828
0.838978 0.0776922 -0.53859 -100.183 -0.0188157 0.993306 0.113976 6.66719 0.54384 -0.0854892 0.834823 116.15
0.835319 0.0840669 -0.543299 -100.397 -0.0231355 0.99274 0.11804 6.71035 0.549278 -0.0860316 0.831199 116.453
0.831427 0.0888645 -0.54848 -100.603 -0.0236696 0.991897 0.124826 6.75133 0.555129 -0.0908018 0.826793 116.751
0.827128 0.0890289 -0.554916 -100.796 -0.0218867 0.991728 0.126486 6.781 0.561587 -0.0924749 0.822234 117.025
0.821669 0.0891587 -0.562947 -100.976 -0.0199599 0.991585 0.127913 6.80406 0.569615 -0.0938654 0.816535 117.289
0.815129 0.0891198 -0.572381 -101.147 -0.0181014 0.991532 0.128603 6.83886 0.578996 -0.0944674 0.80984 117.533
0.80697 0.0890213 -0.583843 -101.316 -0.0158974 0.991491 0.129204 6.87649 0.590378 -0.0949826 0.801519 117.753
0.797248 0.0892234 -0.59702 -101.482 -0.013844 0.991459 0.129684 6.91325 0.603493 -0.0951254 0.791674 117.958
0.785757 0.089401 -0.612039 -101.651 -0.0115835 0.991453 0.129951 6.94767 0.618426 -0.0950203 0.780077 118.144
0.772483 0.0892782 -0.628727 -101.809 -0.00877373 0.991475 0.130008 6.97367 0.634975 -0.0949125 0.76668 118.321
0.758069 0.0876629 -0.646254 -101.961 -0.00822095 0.992131 0.124937 7.00253 0.652122 -0.0893979 0.752825 118.478
0.743853 0.0825821 -0.663221 -102.113 -0.00389153 0.992856 0.119262 7.02691 0.668332 -0.0861327 0.73886 118.625
0.728738 0.0831469 -0.679725 -102.272 -0.00552338 0.993283 0.115581 7.04699 0.68477 -0.080474 0.724303 118.765
0.713103 0.0850485 -0.69588 -102.434 -0.00790216 0.993527 0.113328 7.06975 0.701015 -0.0753157 0.709159 118.899
0.696923 0.0854059 -0.71204 -102.601 -0.00538036 0.993479 0.113897 7.0874 0.717125 -0.0755464 0.692838 119.024
0.678984 0.0855559 -0.72915 -102.769 -0.00197974 0.993397 0.114718 7.10127 0.73415 -0.0764482 0.67467 119.164
0.659796 0.0856722 -0.746543 -102.937 0.00117535 0.993361 0.115035 7.12472 0.751443 -0.0767774 0.655316 119.294
0.638665 0.0859223 -0.764671 -103.108 0.00442562 0.99332 0.115311 7.15227 0.769472 -0.0770291 0.634019 119.411
0.615446 0.086294 -0.78344 -103.291 0.00766303 0.993287 0.115428 7.18466 0.788142 -0.0770432 0.610653 119.524
0.591951 0.0868288 -0.801282 -103.471 0.0110973 0.993208 0.115824 7.20354 0.805898 -0.0774545 0.586967 119.627
0.567472 0.0869132 -0.818792 -103.662 0.0146191 0.993194 0.115558 7.23242 0.823263 -0.0775457 0.562339 119.728
0.542752 0.0869645 -0.835377 -103.853 0.0178786 0.993204 0.11501 7.25979 0.839702 -0.0773576 0.537509 119.818
0.516565 0.0873382 -0.851781 -104.041 0.0213838 0.993159 0.114803 7.28383 0.855981 -0.0775173 0.511163 119.901
0.489828 0.0876651 -0.867399 -104.24 0.0249521 0.993115 0.114461 7.30595 0.871462 -0.0777098 0.484268 119.985
0.460841 0.0876342 -0.883144 -104.439 0.028799 0.993113 0.113574 7.32307 0.887015 -0.0777733 0.455143 120.065
0.429388 0.0865987 -0.898958 -104.639 0.0320111 0.993308 0.110978 7.33776 0.902553 -0.0764291 0.423742 120.135
0.395662 0.082148 -0.914714 -104.877 0.0347785 0.993938 0.104306 7.36857 0.917738 -0.0730824 0.390406 120.211
0.357691 0.0822584 -0.930209 -105.119 0.0392441 0.99391 0.102982 7.38865 0.933015 -0.0733409 0.352284 120.275
0.317091 0.0824952 -0.944799 -105.392 0.0438388 0.993871 0.101493 7.41172 0.947382 -0.0736014 0.311531 120.341
0.274404 0.0824064 -0.958076 -105.681 0.0483845 0.993877 0.0993435 7.43771 0.960397 -0.0736163 0.268736 120.396
0.228382 0.0823528 -0.970081 -105.978 0.0528835 0.993896 0.0968245 7.46292 0.972134 -0.0734144 0.222633 120.432
0.17963 0.0823591 -0.98028 -106.299 0.0578624 0.99388 0.0941045 7.49001 0.982031 -0.0736253 0.173764 120.462
0.130091 0.0824353 -0.988068 -106.634 0.0627582 0.993856 0.0911809 7.51753 0.989514 -0.0738712 0.124118 120.476
0.0792623 0.0828129 -0.993407 -106.977 0.0677488 0.993793 0.0882505 7.54462 0.994549 -0.0742971 0.0731594 120.472
0.0265078 0.0835472 -0.99615 -107.348 0.0731068 0.993672 0.0852846 7.5723 0.996972 -0.0750861 0.0202317 120.462
-0.025924 0.0841686 -0.996113 -107.715 0.0782418 0.993564 0.0819168 7.59881 0.996598 -0.075814 -0.0323432 120.425
-0.0795388 0.0846661 -0.993229 -108.106 0.0831293 0.99348 0.0780303 7.62555 0.99336 -0.0763599 -0.086059 120.375
-0.132211 0.0850247 -0.987567 -108.499 0.0875329 0.993424 0.0738104 7.65453 0.987349 -0.076686 -0.138785 120.295
-0.182592 0.085376 -0.979474 -108.894 0.0916013 0.993367 0.0695108 7.68291 0.978913 -0.077029 -0.189202 120.191
-0.232331 0.0858612 -0.968839 -109.319 0.0953229 0.993312 0.0651712 7.7068 0.967955 -0.0772112 -0.238962 120.068
-0.280653 0.0864825 -0.955904 -109.747 0.0993298 0.993203 0.0606937 7.73063 0.954656 -0.0779159 -0.287336 119.926
-0.32722 0.086904 -0.940942 -110.177 0.102908 0.993118 0.0559356 7.75456 0.939328 -0.0785274 -0.333912 119.758
-0.37232 0.0873778 -0.923981 -110.629 0.106295 0.993023 0.051075 7.777 0.921997 -0.0791981 -0.379011 119.561
-0.41385 0.0878988 -0.906091 -111.077 0.109117 0.992942 0.0464859 7.79933 0.903782 -0.0796315 -0.420521 119.339
-0.453479 0.0881028 -0.886901 -111.542 0.111212 0.992919 0.0417708 7.82149 0.884301 -0.079692 -0.460067 119.085
-0.487748 0.0885321 -0.868482 -112.006 0.113107 0.992868 0.0376897 7.8379 0.865626 -0.0798487 -0.494284 118.804
-0.515888 0.088731 -0.852047 -112.473 0.114145 0.992873 0.0342851 7.8519 0.849017 -0.0795695 -0.522341 118.498
-0.539589 0.0883744 -0.837277 -112.96 0.114378 0.992951 0.0310944 7.86654 0.834123 -0.0789875 -0.545894 118.166
-0.556998 0.0880798 -0.825829 -113.449 0.114375 0.993022 0.0287694 7.87622 0.8226 -0.0784295 -0.563186 117.818
-0.571665 0.0881555 -0.815736 -113.957 0.114577 0.993048 0.0270221 7.88786 0.812448 -0.0780171 -0.577792 117.449
-0.582492 0.0889018 -0.807959 -114.47 0.11517 0.993 0.0262315 7.89795 0.804636 -0.077773 -0.588654 117.071
-0.592898 0.0896294 -0.800273 -114.997 0.115849 0.992943 0.0253794 7.91281 0.796901 -0.0776632 -0.599098 116.671
