1 0 0 0 0 1 0 0 0 0 1 0
0.999981 0.000334872 -0.00616512 -0.00496125 -0.000334821 1 9.26112e-06 -0.00798141 0.00616512 -7.19672e-06 0.999981 0.0785921
0.999918 0.00106115 -0.0127824 -0.00426215 -0.00105008 0.999999 0.000872735 -0.0050084 0.0127833 -0.000859241 0.999918 0.167742
0.999795 0.00105013 -0.0201965 -0.0168386 -0.00106501 0.999999 -0.000726281 -0.0105343 0.0201958 0.000747641 0.999796 0.262984
0.999581 0.00204015 -0.0288768 -0.0322002 -0.00210964 0.999995 -0.00237625 -0.0110372 0.0288718 0.00243618 0.99958 0.361027
0.999195 0.0017278 -0.0400741 -0.0384751 -0.00186033 0.999993 -0.00326999 -0.00513392 0.0400682 0.00334191 0.999191 0.463494
0.998574 0.000495024 -0.0533719 -0.0612161 -0.000714509 0.999991 -0.00409336 0.00263662 0.0533694 0.00412566 0.998566 0.585637
0.997579 0.000804278 -0.0695337 -0.0835051 -0.00113766 0.999988 -0.00475501 -0.00380669 0.0695291 0.00482261 0.997568 0.719125
0.996171 -0.0001059 -0.0874225 -0.104386 -0.000252421 0.999992 -0.00408767 -6.95083e-05 0.0874222 0.00409408 0.996163 0.865723
0.994261 -0.00217564 -0.106957 -0.129902 0.00170484 0.999988 -0.00449304 -0.00320505 0.106965 0.00428491 0.994254 1.02465
0.991616 -0.00191401 -0.129208 -0.163163 0.00118037 0.999983 -0.00575434 -0.00603418 0.129217 0.00555359 0.991601 1.18522
0.988284 0.00117467 -0.152619 -0.209325 -0.00215426 0.999978 -0.00625329 -0.0131294 0.152609 0.00650881 0.988265 1.34987
0.984077 0.00453868 -0.177684 -0.268156 -0.00624174 0.99994 -0.00902696 -0.0111323 0.177633 0.00999229 0.984046 1.52918
0.97884 0.00769772 -0.204483 -0.333093 -0.00973564 0.999912 -0.00896206 -0.0173684 0.204396 0.0107632 0.978829 1.71671
0.972469 0.00802928 -0.232893 -0.401733 -0.0106543 0.999893 -0.0100157 -0.0221144 0.232788 0.0122212 0.972451 1.91315
0.964644 0.00842317 -0.263422 -0.477188 -0.0113606 0.999889 -0.00962972 -0.024287 0.263312 0.0122819 0.964633 2.10568
0.955632 0.00991323 -0.294394 -0.570178 -0.0132187 0.99987 -0.00924034 -0.0247353 0.294264 0.0127219 0.955639 2.30865
0.944693 0.0116928 -0.327746 -0.66445 -0.0150923 0.999855 -0.00783072 -0.0362411 0.327607 0.0123441 0.944734 2.50692
0.932631 0.0151124 -0.360513 -0.768603 -0.0193924 0.999778 -0.0082576 -0.0548568 0.360308 0.0146925 0.932718 2.69557
0.919284 0.017828 -0.393191 -0.898719 -0.022569 0.999718 -0.00743739 -0.0559695 0.392947 0.015711 0.919427 2.89563
0.903803 0.0165983 -0.427626 -1.02359 -0.0220806 0.999725 -0.00786382 -0.0517351 0.427378 0.0165496 0.903922 3.097
0.886024 0.013412 -0.463445 -1.14853 -0.019395 0.999779 -0.00814649 -0.0542274 0.463234 0.0162065 0.886088 3.29952
0.86555 0.00956217 -0.500731 -1.28961 -0.0160685 0.999833 -0.00868236 -0.0702731 0.500564 0.015561 0.86556 3.51753
0.84193 0.0104049 -0.539486 -1.44651 -0.0161336 0.999852 -0.00589445 -0.0779188 0.539345 0.0136666 0.841974 3.7186
0.81394 0.0152349 -0.580749 -1.63529 -0.0208969 0.999777 -0.00306033 -0.0893727 0.580573 0.0146268 0.814077 3.92099
0.782822 0.0174888 -0.622 -1.83409 -0.0238934 0.999713 -0.00196217 -0.0871123 0.621787 0.0163977 0.783015 4.11381
0.748242 0.0157365 -0.663239 -2.0276 -0.0233413 0.999724 -0.00261254 -0.0889796 0.663015 0.0174357 0.748403 4.30027
0.709977 0.0118791 -0.704125 -2.25598 -0.0181165 0.999835 -0.00139908 -0.103336 0.703992 0.0137496 0.710075 4.49987
0.66874 0.00871483 -0.743445 -2.48375 -0.0140587 0.999901 -0.000924918 -0.111959 0.743363 0.0110704 0.668797 4.69265
0.62551 0.00814374 -0.780174 -2.73299 -0.0130384 0.999915 -1.61648e-05 -0.118948 0.780107 0.0101824 0.625563 4.86509
0.578675 0.00841914 -0.815515 -3.01532 -0.0115372 0.999931 0.00213642 -0.122192 0.815476 0.00817246 0.578733 5.0394
0.528745 0.00939898 -0.848728 -3.30314 -0.0107538 0.999932 0.00437397 -0.12276 0.848713 0.00681437 0.528811 5.19201
0.477457 0.00960185 -0.878603 -3.59371 -0.010153 0.999934 0.00541042 -0.128597 0.878597 0.0063372 0.477523 5.31783
0.42331 0.0110159 -0.905918 -3.93314 -0.0101824 0.999921 0.00740102 -0.123746 0.905928 0.00609148 0.423388 5.44823
0.369556 0.0125367 -0.929124 -4.26448 -0.00998425 0.999905 0.00952059 -0.124935 0.929155 0.00575821 0.369646 5.55177
0.31434 0.0137052 -0.949212 -4.63962 -0.00909933 0.999893 0.0114236 -0.131874 0.949267 0.00504629 0.314431 5.66724
0.261513 0.013607 -0.965104 -5.02946 -0.00708475 0.999901 0.0121779 -0.14095 0.965174 0.00365285 0.261584 5.76593
0.21122 0.0142792 -0.977334 -5.41542 -0.00549618 0.999895 0.013421 -0.178091 0.977423 0.00253681 0.211276 5.83146
0.163264 0.0146713 -0.986473 -5.85059 -0.00793128 0.999877 0.013558 -0.183369 0.986551 0.00561045 0.16336 5.87616
0.121198 0.0156948 -0.992504 -6.28009 -0.00971103 0.999846 0.014625 -0.17839 0.992581 0.00786571 0.121332 5.90843
0.0826765 0.014232 -0.996475 -6.74361 -0.0106034 0.999854 0.0134005 -0.167037 0.99652 0.00945815 0.0828153 5.9212
0.0481112 0.0132897 -0.998754 -7.22236 -0.0104308 0.999864 0.012802 -0.169318 0.998788 0.00980193 0.0482433 5.92812
0.0171998 0.0106132 -0.999796 -7.70406 -0.0103123 0.999892 0.0104368 -0.176616 0.999799 0.0101307 0.0173073 5.92867
-0.00928846 0.00971614 -0.99991 -8.21552 -0.0098112 0.999904 0.00980723 -0.175998 0.999909 0.00990141 -0.00919229 5.91652
-0.0303033 0.00786096 -0.99951 -8.72878 -0.00993404 0.999917 0.00816535 -0.175137 0.999492 0.0101766 -0.0302227 5.8791
-0.0478353 0.00610472 -0.998837 -9.26394 -0.00850541 0.999943 0.00651882 -0.180049 0.998819 0.00880735 -0.0477807 5.83704
-0.0608676 0.0076746 -0.998116 -9.81674 -0.00480777 0.999957 0.00798195 -0.197782 0.998135 0.00528455 -0.0608281 5.78352
-0.070933 0.00911808 -0.997439 -10.3779 -0.00354033 0.99995 0.0093928 -0.207627 0.997475 0.00419752 -0.0708972 5.72705
-0.0787815 0.0104669 -0.996837 -10.953 -0.00355057 0.999936 0.01078 -0.226724 0.996886 0.00438861 -0.0787394 5.67086
-0.083086 0.0116242 -0.996475 -11.5382 -0.00102703 0.99993 0.0117502 -0.241596 0.996542 0.00199969 -0.0830683 5.62123
-0.0853061 0.0122292 -0.99628 -12.1438 4.19854e-05 0.999925 0.0122704 -0.247459 0.996355 0.00100491 -0.0853003 5.56857
-0.084939 0.0142169 -0.996285 -12.7554 0.00530436 0.99989 0.0138161 -0.257822 0.996372 -0.00411113 -0.0850052 5.51288
-0.0845751 0.0160104 -0.996288 -13.3961 0.00521254 0.999864 0.0156254 -0.260271 0.996404 -0.00387167 -0.0846472 5.45286
-0.0828285 0.0155394 -0.996443 -14.0442 0.00495477 0.999873 0.015181 -0.265924 0.996552 -0.00367973 -0.082895 5.39356
-0.0819128 0.0139081 -0.996542 -14.7088 0.00385585 0.9999 0.013638 -0.270466 0.996632 -0.00272539 -0.0819582 5.33646
-0.0819398 0.0126967 -0.996556 -15.3938 0.00368884 0.999916 0.0124362 -0.266198 0.996631 -0.00265712 -0.0819798 5.28197
-0.0812218 0.0145847 -0.996589 -16.0893 0.00451783 0.999888 0.0142648 -0.263048 0.996686 -0.00334381 -0.0812787 5.22494
-0.0799777 0.0168633 -0.996654 -16.8256 0.00214678 0.999857 0.0167453 -0.263698 0.996795 -0.000800344 -0.0800026 5.16566
-0.0794012 0.0186263 -0.996669 -17.5674 0.00421479 0.999823 0.0183495 -0.258514 0.996834 -0.00274378 -0.0794657 5.11434
-0.0777771 0.0190832 -0.996788 -18.309 0.00202475 0.999818 0.0189832 -0.254044 0.996969 -0.000541784 -0.0778017 5.05649
-0.0773783 0.0170411 -0.996856 -19.0686 0.00373869 0.999852 0.0168021 -0.250807 0.996995 -0.00242682 -0.0774307 5.0061
-0.0764129 0.0164007 -0.996941 -19.8379 0.0032825 0.999863 0.0161972 -0.242814 0.997071 -0.00203478 -0.0764564 4.93282
-0.0759962 0.0183534 -0.996939 -20.6307 -0.000139273 0.99983 0.0184173 -0.239128 0.997108 0.00153849 -0.0759808 4.86547
-0.0752426 0.0189038 -0.996986 -21.425 0.00141057 0.999821 0.0188511 -0.242753 0.997165 1.20837e-05 -0.0752558 4.79581
-0.0758191 0.0200645 -0.99692 -22.243 0.00354381 0.999797 0.0198529 -0.243245 0.997116 -0.00202766 -0.0758749 4.73778
-0.0759922 0.0178629 -0.996948 -23.0605 0.00621611 0.999829 0.0174407 -0.249938 0.997089 -0.00487178 -0.0760903 4.67545
-0.0763889 0.0123275 -0.997002 -23.8838 0.00688225 0.999906 0.0118361 -0.263274 0.997055 -0.00595747 -0.0764666 4.61234
-0.0779891 0.0092959 -0.996911 -24.715 0.0139609 0.999869 0.00823132 -0.26783 0.996857 -0.0132758 -0.0781087 4.55951
-0.0794611 0.00941218 -0.996794 -25.5243 0.0159179 0.99984 0.00817203 -0.266972 0.996711 -0.0152176 -0.0795983 4.49234
-0.0804985 0.0145325 -0.996649 -26.3528 0.0141106 0.99981 0.0134389 -0.256008 0.996655 -0.0129815 -0.0806884 4.41826
-0.080717 0.0207041 -0.996522 -27.205 0.0113988 0.999738 0.0198476 -0.249215 0.996672 -0.00975713 -0.080932 4.34877
-0.0797371 0.026481 -0.996464 -28.0373 0.00903964 0.999625 0.0258416 -0.268729 0.996775 -0.00694714 -0.0799467 4.26107
-0.0808812 0.025961 -0.996386 -28.8993 0.00879076 0.99964 0.0253322 -0.253207 0.996685 -0.00671008 -0.0810804 4.19468
-0.0808787 0.0243434 -0.996427 -29.7324 0.0084194 0.999683 0.0237395 -0.246884 0.996689 -0.00646929 -0.0810581 4.13239
-0.0828581 0.0227583 -0.996302 -30.5601 0.00773432 0.999724 0.0221933 -0.240851 0.996532 -0.00586682 -0.0830113 4.05818
-0.0831982 0.0230822 -0.996266 -31.4087 0.006409 0.999723 0.0226271 -0.210676 0.996513 -0.00450253 -0.0833232 3.97921
-0.0827458 0.0238805 -0.996285 -32.2329 0.00679382 0.999703 0.0233981 -0.214379 0.996548 -0.00483247 -0.0828836 3.90643
-0.0836643 0.0230427 -0.996228 -33.0591 0.00635174 0.999725 0.0225902 -0.208791 0.996474 -0.00443778 -0.0837877 3.83871
-0.0827122 0.0186892 -0.996398 -33.8811 0.00364387 0.999823 0.018451 -0.192558 0.996567 -0.00210462 -0.0827658 3.76482
-0.0832532 0.0154349 -0.996409 -34.7216 -0.000576763 0.999879 0.0155368 -0.179629 0.996528 0.00186818 -0.0832343 3.68267
-0.082533 0.0153308 -0.99647 -35.5978 0.00115698 0.999883 0.0152875 -0.214857 0.996588 0.000108824 -0.0825411 3.61162
-0.0811765 0.016866 -0.996557 -36.462 0.00296269 0.999857 0.0166806 -0.216108 0.996695 -0.00159842 -0.0812149 3.54713
-0.0828063 0.0195796 -0.996373 -37.3045 0.00398283 0.999806 0.0193161 -0.217788 0.996558 -0.0023689 -0.0828682 3.46552
-0.0821013 0.024308 -0.996328 -38.1178 0.00742304 0.99969 0.0237784 -0.201081 0.996596 -0.00544355 -0.0822563 3.38962
-0.0836902 0.0261992 -0.996147 -38.9556 0.00710236 0.999645 0.0256945 -0.208615 0.996467 -0.00492462 -0.0838466 3.30249
-0.0841324 0.0253163 -0.996133 -39.7645 0.00736954 0.999666 0.0247837 -0.220636 0.996427 -0.00525594 -0.0842909 3.22718
-0.0837076 0.0213956 -0.996261 -40.5999 0.00524927 0.999765 0.0210299 -0.207615 0.996477 -0.00346928 -0.0838003 3.14672
-0.0846236 0.0180004 -0.996251 -41.43 -0.00164317 0.999833 0.0182047 -0.188749 0.996412 0.00317756 -0.0845799 3.08059
-0.0862812 0.015779 -0.996146 -42.2608 -0.00528911 0.999853 0.0162958 -0.17437 0.996257 0.00667475 -0.0861851 3.00845
-0.0879919 0.0138065 -0.996026 -43.1 -0.00640782 0.999875 0.014426 -0.166346 0.996101 0.00765173 -0.0878925 2.91562
-0.0898785 0.0118394 -0.995883 -43.9239 -0.00307727 0.999921 0.0121651 -0.167547 0.995948 0.00415798 -0.089835 2.84509
-0.0910798 0.00895313 -0.995804 -44.7477 -0.0040223 0.999948 0.0093583 -0.152104 0.995835 0.00485777 -0.0910391 2.77523
-0.0936426 0.00807096 -0.995573 -45.5803 -0.00193355 0.999964 0.00828843 -0.149876 0.995604 0.00270114 -0.0936236 2.7047
-0.0957969 0.0104235 -0.995346 -46.4015 -0.00152866 0.999942 0.0106188 -0.134657 0.9954 0.00253879 -0.0957755 2.62531
-0.0985621 0.0148468 -0.99502 -47.2309 0.000275338 0.999889 0.0148922 -0.136714 0.995131 0.00119384 -0.0985553 2.54963
-0.101339 0.0170398 -0.994706 -48.0582 0.00281666 0.999854 0.0168411 -0.134029 0.994848 -0.0010951 -0.101372 2.46486
-0.10246 0.0167049 -0.994597 -48.8761 0.00232324 0.99986 0.016554 -0.127814 0.994734 -0.000614563 -0.102485 2.378
-0.105161 0.0130478 -0.99437 -49.6745 0.00140287 0.999915 0.0129722 -0.127372 0.994454 -3.0797e-05 -0.10517 2.29402
-0.107441 0.0108993 -0.994152 -50.4831 -0.00215812 0.999935 0.011196 -0.12811 0.994209 0.00334841 -0.107411 2.18688
-0.108006 0.00896136 -0.99411 -51.3013 -0.00277859 0.999953 0.00931592 -0.128495 0.994146 0.00376841 -0.107976 2.07326
-0.109473 0.00898361 -0.993949 -52.1186 -0.0043209 0.999945 0.00951372 -0.119643 0.99398 0.00533625 -0.109428 1.97053
-0.110803 0.0093382 -0.993799 -52.8872 -0.0030618 0.999948 0.00973737 -0.123853 0.993838 0.00412175 -0.110769 1.86971
-0.113012 0.00909302 -0.993552 -53.6772 -0.00295548 0.99995 0.00948776 -0.138449 0.993589 0.00400865 -0.11298 1.78157
-0.113483 0.00973627 -0.993492 -54.4666 -0.00205605 0.999947 0.0100344 -0.150633 0.993538 0.00318141 -0.113458 1.68878
-0.112898 0.0108377 -0.993548 -55.2636 0.000133608 0.99994 0.0108923 -0.161487 0.993607 0.00109697 -0.112892 1.59067
-0.113695 0.0137882 -0.99342 -56.0582 0.00137263 0.999905 0.0137211 -0.161081 0.993515 0.000196414 -0.113703 1.49786
-0.112883 0.0172788 -0.993458 -56.8255 0.00097572 0.99985 0.0172791 -0.150348 0.993608 0.00098118 -0.112883 1.4023
-0.113595 0.0188016 -0.993349 -57.6218 0.00115572 0.999823 0.018792 -0.157511 0.993526 0.000986637 -0.113597 1.3095
-0.113739 0.0186076 -0.993336 -58.3934 0.000987781 0.999826 0.0186161 -0.161944 0.99351 0.00113619 -0.113738 1.20879
-0.112162 0.0176895 -0.993533 -59.1633 0.00218836 0.999843 0.0175549 -0.157296 0.993688 -0.000205214 -0.112183 1.10735
-0.111751 0.0156994 -0.993612 -59.9344 0.00480827 0.999872 0.0152576 -0.176106 0.993725 -0.0030725 -0.111812 1.01031
-0.110575 0.0143293 -0.993765 -60.6729 0.00856108 0.999873 0.0134648 -0.209716 0.993831 -0.00701883 -0.110684 0.925617
-0.109347 0.0134445 -0.993913 -61.4026 0.0106177 0.999867 0.012357 -0.237737 0.993947 -0.0092019 -0.109476 0.834745
-0.106615 0.0134375 -0.99421 -62.1069 0.0107158 0.999866 0.0123648 -0.253829 0.994243 -0.00933549 -0.106745 0.747703
-0.101905 0.0140094 -0.994696 -62.7938 0.010539 0.99986 0.0130025 -0.257904 0.994738 -0.00915806 -0.102039 0.67572
-0.0980315 0.0158591 -0.995057 -63.4923 0.0131004 0.999807 0.0146442 -0.27282 0.995097 -0.0116001 -0.0982204 0.612913
-0.0898628 0.0173324 -0.995804 -64.1621 0.0137987 0.999774 0.0161563 -0.283911 0.995859 -0.0122889 -0.0900818 0.557566
-0.0810751 0.0190973 -0.996525 -64.8242 0.0136579 0.999744 0.0180478 -0.291023 0.996615 -0.0121472 -0.0813153 0.501055
-0.0691756 0.0207699 -0.997388 -65.4591 0.0127336 0.99972 0.0199353 -0.301914 0.997523 -0.0113213 -0.0694208 0.451623
-0.0542683 0.0228053 -0.998266 -66.0705 0.0121307 0.99968 0.0221782 -0.305006 0.998453 -0.0109061 -0.0545277 0.417125
-0.0370643 0.0237374 -0.999031 -66.6607 0.0113917 0.999663 0.0233298 -0.311751 0.999248 -0.010516 -0.0373223 0.39025
-0.0147304 0.0249991 -0.999579 -67.2383 0.0113879 0.999627 0.0248325 -0.307189 0.999827 -0.0110173 -0.0150097 0.390402
0.0110004 0.0256346 -0.999611 -67.808 0.0128787 0.999584 0.0257757 -0.308686 0.999857 -0.0131572 0.0106656 0.404409
0.0405984 0.02577 -0.998843 -68.3448 0.0142523 0.99955 0.0263676 -0.308971 0.999074 -0.0153063 0.0402128 0.416702
0.0747345 0.02648 -0.996852 -68.861 0.0152918 0.999499 0.0276968 -0.308144 0.997086 -0.0173136 0.0742921 0.471651
0.111633 0.0268404 -0.993387 -69.3499 0.0158276 0.99946 0.0287831 -0.299876 0.993624 -0.018936 0.111147 0.538402
0.151404 0.027032 -0.988103 -69.8124 0.0167152 0.999413 0.0299026 -0.293289 0.988331 -0.0210437 0.150863 0.63092
0.195413 0.0279245 -0.980324 -70.2588 0.0162893 0.999364 0.0317139 -0.282511 0.980586 -0.0221661 0.194834 0.740433
0.242037 0.0272379 -0.969885 -70.691 0.0194911 0.999267 0.0329271 -0.272474 0.970071 -0.0268737 0.241329 0.881644
0.290736 0.0244455 -0.956491 -71.1101 0.0223795 0.999226 0.0323402 -0.267861 0.956542 -0.0308082 0.289964 1.04877
0.340702 0.0220671 -0.939913 -71.5195 0.0241525 0.999189 0.0322137 -0.263345 0.939861 -0.0336765 0.339893 1.2384
0.392361 0.0192261 -0.919611 -71.9013 0.0275765 0.999086 0.0326534 -0.254338 0.919398 -0.0381716 0.391472 1.43702
0.442622 0.019461 -0.896497 -72.2733 0.0262058 0.999056 0.0346257 -0.245691 0.896325 -0.0388195 0.441694 1.67948
0.490751 0.0173659 -0.871127 -72.64 0.0284263 0.99895 0.035928 -0.226113 0.870836 -0.0423946 0.489742 1.92491
0.535498 0.0146569 -0.84441 -72.9775 0.032341 0.99876 0.0378457 -0.210006 0.843917 -0.0475754 0.53436 2.19491
0.57955 0.0102118 -0.814873 -73.3083 0.0402949 0.998339 0.0411693 -0.200132 0.81394 -0.0566949 0.578176 2.49688
0.622059 0.00657939 -0.782943 -73.615 0.0404913 0.998356 0.0405605 -0.189796 0.781923 -0.0569334 0.62077 2.79839
0.664142 0.00221365 -0.747604 -73.9119 0.037071 0.998668 0.0358894 -0.166383 0.746688 -0.0515501 0.663175 3.10303
0.704373 -0.00362831 -0.709822 -74.1903 0.0328456 0.999082 0.0274865 -0.163102 0.709071 -0.0426753 0.703845 3.41812
0.74467 -0.00683254 -0.667398 -74.4702 0.0279 0.999392 0.0208989 -0.149152 0.66685 -0.0341832 0.744408 3.76703
0.783444 -0.00669965 -0.621427 -74.7584 0.0249376 0.999475 0.0206639 -0.138839 0.620963 -0.0316859 0.783199 4.15142
0.818729 -0.00784265 -0.574128 -75.0102 0.0239654 0.999502 0.0205223 -0.139386 0.573681 -0.0305614 0.818509 4.5611
0.850851 -0.00741402 -0.525356 -75.26 0.0206889 0.999597 0.0194004 -0.105843 0.525001 -0.0273759 0.850661 5.0074
0.878207 -0.00611807 -0.478242 -75.4911 0.0188877 0.999582 0.0218965 -0.109298 0.477908 -0.0282626 0.877955 5.47819
0.901082 -0.0017604 -0.433647 -75.7242 0.0135949 0.999615 0.0241911 -0.0872016 0.433437 -0.0276936 0.900758 5.98128
0.919568 0.00239178 -0.392925 -75.9299 0.00727337 0.999706 0.0231073 -0.0711354 0.392865 -0.0241066 0.91928 6.48416
0.9342 0.00634735 -0.356693 -76.128 0.00284517 0.999677 0.0252409 -0.0606041 0.356739 -0.0245949 0.933881 7.02719
0.945645 0.00643471 -0.325139 -76.3138 0.00252982 0.999628 0.0271411 -0.0460258 0.325193 -0.0264884 0.945277 7.5965
0.953388 0.00667607 -0.301675 -76.4746 0.00193952 0.999599 0.0282506 -0.0321694 0.301743 -0.0275189 0.952992 8.18468
0.960231 0.00712996 -0.279117 -76.6475 0.00122419 0.999556 0.0297449 -0.0186949 0.279206 -0.0289036 0.959796 8.7953
0.965774 0.00804818 -0.259261 -76.8049 0.000243419 0.99949 0.0319338 -0.00753626 0.259385 -0.0309039 0.965279 9.4054
0.96974 0.0118047 -0.243855 -76.9679 -0.00372192 0.999429 0.0335801 0.0169894 0.244113 -0.0316564 0.96923 10.0463
0.973392 0.0146302 -0.228682 -77.1289 -0.00680463 0.999365 0.0349716 0.0370228 0.229049 -0.032485 0.972873 10.6937
0.97638 0.013478 -0.215643 -77.2733 -0.00607237 0.99937 0.0349678 0.0454028 0.215978 -0.0328324 0.975846 11.3629
0.979376 0.0147748 -0.201508 -77.4127 -0.00796422 0.99937 0.0345671 0.0621078 0.201892 -0.0322493 0.978877 12.0361
0.982595 0.0157549 -0.185096 -77.5489 -0.00926816 0.999313 0.0358585 0.0891806 0.185534 -0.0335188 0.982066 12.7512
0.985314 0.017057 -0.169902 -77.6724 -0.0111401 0.999299 0.0357182 0.115081 0.170393 -0.0333009 0.984814 13.4712
0.987726 0.018469 -0.155103 -77.7918 -0.0135491 0.999372 0.0327176 0.124597 0.15561 -0.0302145 0.987357 14.1972
0.989702 0.0185961 -0.141931 -77.9095 -0.0146246 0.999473 0.0289738 0.146625 0.142396 -0.0265997 0.989453 14.9221
0.991382 0.019802 -0.129496 -78.0097 -0.0169365 0.999587 0.0231926 0.154557 0.129902 -0.0207995 0.991309 15.6871
0.992639 0.0210102 -0.119276 -78.1147 -0.0184129 0.999569 0.0228362 0.163184 0.119705 -0.0204718 0.992599 16.4609
0.993655 0.0208499 -0.110521 -78.2111 -0.0178189 0.999439 0.0283415 0.178603 0.111051 -0.0261923 0.99347 17.2569
0.994194 0.0262988 -0.104343 -78.3054 -0.0226829 0.999105 0.0356907 0.2066 0.105188 -0.0331167 0.993901 18.0421
0.994828 0.0273105 -0.097833 -78.3924 -0.0237195 0.999008 0.0376821 0.230221 0.0987654 -0.0351667 0.994489 18.8514
0.995109 0.0279205 -0.0947547 -78.4715 -0.0244306 0.998986 0.0377937 0.241236 0.0957142 -0.035294 0.994783 19.6406
0.995439 0.0281857 -0.0911425 -78.5483 -0.0248802 0.998997 0.0372025 0.258442 0.0920999 -0.0347652 0.995143 20.4503
0.995648 0.0284947 -0.0887323 -78.6203 -0.0251054 0.99892 0.039082 0.266387 0.0897504 -0.0366843 0.995289 21.2446
0.995884 0.0272375 -0.0864468 -78.6933 -0.0237287 0.998862 0.0413609 0.288515 0.0874753 -0.0391394 0.995398 22.0541
0.99621 0.0255073 -0.0831557 -78.7682 -0.0220393 0.998859 0.0423601 0.312394 0.0841416 -0.0403669 0.995636 22.8556
0.996377 0.0256274 -0.0810998 -78.8381 -0.0224384 0.998947 0.0399917 0.333625 0.0820395 -0.038027 0.995904 23.6239
0.996522 0.0282689 -0.0783918 -78.9217 -0.0258157 0.99915 0.0321329 0.346674 0.0792337 -0.0299974 0.996405 24.4001
0.996707 0.0289859 -0.0757372 -78.9941 -0.027037 0.999279 0.0266327 0.361767 0.0764549 -0.0244973 0.996772 25.155
0.996863 0.0308224 -0.0729049 -79.0688 -0.0291506 0.999289 0.0238852 0.362738 0.0735895 -0.021685 0.997053 25.9017
0.997031 0.0323679 -0.0698659 -79.1377 -0.0306165 0.999192 0.0259936 0.371797 0.0706511 -0.0237773 0.997218 26.6595
0.997195 0.0334327 -0.0669614 -79.1927 -0.0315823 0.999094 0.0285038 0.402121 0.0678539 -0.0263091 0.997349 27.4027
0.997165 0.0373221 -0.0653323 -79.2497 -0.0351579 0.998804 0.0339675 0.406357 0.0665221 -0.0315743 0.997285 28.0969
0.997429 0.0334868 -0.0633576 -79.3013 -0.0313151 0.998897 0.0349653 0.417675 0.0644589 -0.0328913 0.997378 28.8685
0.9976 0.0300908 -0.0623538 -79.3468 -0.0279224 0.998984 0.0353594 0.435105 0.0633547 -0.0335335 0.997428 29.6256
0.997763 0.0272913 -0.0610267 -79.3998 -0.0251836 0.999068 0.0350443 0.454677 0.0619264 -0.0334291 0.997521 30.384
0.997791 0.0270814 -0.0606635 -79.4508 -0.0250705 0.999118 0.0336661 0.496725 0.061522 -0.0320709 0.997591 31.1436
0.997846 0.0271841 -0.0596996 -79.5053 -0.0251795 0.999101 0.0340762 0.520174 0.0605725 -0.0324996 0.997635 31.8989
0.997932 0.026295 -0.0586574 -79.5551 -0.0243195 0.99912 0.0341409 0.539972 0.0595038 -0.0326438 0.997694 32.6509
0.997853 0.0283457 -0.0590465 -79.6012 -0.0264013 0.999091 0.033453 0.550862 0.0599413 -0.0318223 0.997695 33.4341
0.997811 0.0284593 -0.0597015 -79.651 -0.0264649 0.999073 0.0339347 0.56623 0.0606122 -0.0322804 0.997639 34.1885
0.997735 0.0277953 -0.0612636 -79.7 -0.0257807 0.999108 0.033432 0.571259 0.0621384 -0.0317768 0.997562 34.9512
0.997544 0.0276899 -0.0643362 -79.7562 -0.0255176 0.999084 0.0343441 0.600588 0.0652284 -0.0326181 0.997337 35.7391
0.997303 0.0295153 -0.0671957 -79.8151 -0.0272572 0.99904 0.0342758 0.636559 0.0681431 -0.0323518 0.997151 36.5144
0.996871 0.035095 -0.0708275 -79.8905 -0.0326641 0.998846 0.0351924 0.686554 0.0719811 -0.0327688 0.996868 37.3045
0.996567 0.0364177 -0.0743453 -79.9613 -0.0340761 0.998889 0.0325243 0.725764 0.0754474 -0.0298792 0.996702 38.098
0.996289 0.0390126 -0.0767169 -80.0287 -0.0367637 0.998857 0.0305116 0.766295 0.0778198 -0.027578 0.996586 38.879
0.995962 0.0414649 -0.079621 -80.1018 -0.039251 0.998803 0.0291723 0.814882 0.0807356 -0.0259293 0.996398 39.6956
0.995831 0.0410927 -0.081442 -80.1724 -0.0387261 0.998786 0.030428 0.844679 0.0825937 -0.0271472 0.996214 40.5065
0.995623 0.0409642 -0.0840052 -80.238 -0.0385014 0.998785 0.030731 0.870012 0.0851623 -0.0273622 0.995992 41.3357
0.995384 0.0426672 -0.0859699 -80.3152 -0.0401041 0.998703 0.0313246 0.898947 0.0871952 -0.0277322 0.995805 42.1694
0.995198 0.0444238 -0.0872158 -80.3777 -0.0417255 0.998599 0.0325224 0.94462 0.0885387 -0.0287272 0.995659 42.9666
0.995076 0.042754 -0.0894224 -80.4554 -0.0394577 0.998486 0.0383107 0.94489 0.0909252 -0.0345936 0.995257 43.8168
0.995134 0.0418327 -0.0892126 -80.5342 -0.0383467 0.998445 0.0404386 0.973215 0.0907659 -0.0368208 0.995192 44.6634
0.995273 0.0441144 -0.0865211 -80.61 -0.0407418 0.998353 0.0403663 1.00447 0.0881596 -0.0366505 0.995432 45.502
0.995306 0.0450004 -0.085684 -80.6895 -0.04173 0.998343 0.0395847 1.05661 0.0873237 -0.0358233 0.995536 46.365
0.995605 0.0437421 -0.0828039 -80.754 -0.0407644 0.998471 0.0373161 1.07588 0.0843098 -0.0337767 0.995867 47.2287
0.995949 0.0388911 -0.0810691 -80.8318 -0.0359508 0.998652 0.0374185 1.08316 0.0824153 -0.0343524 0.996006 48.1098
0.996134 0.0375628 -0.0794144 -80.8895 -0.0346668 0.998693 0.0375362 1.11491 0.0807209 -0.0346381 0.996135 48.9881
0.996453 0.0333139 -0.0772726 -80.9629 -0.0303054 0.998748 0.0397842 1.14594 0.0785015 -0.0373014 0.996216 49.8694
0.996517 0.0310743 -0.0773812 -81.0177 -0.0278681 0.998721 0.042173 1.17641 0.078593 -0.0398697 0.99611 50.7552
0.996748 0.031679 -0.0740932 -81.0781 -0.0286292 0.998712 0.041867 1.18623 0.0753243 -0.0396096 0.996372 51.6339
0.996508 0.0335205 -0.0764735 -81.1738 -0.0307228 0.998824 0.0374722 1.21594 0.0776399 -0.0349919 0.996368 52.4742
0.996427 0.0356363 -0.0765725 -81.2475 -0.0333814 0.998975 0.0305286 1.24907 0.0775822 -0.0278634 0.996597 53.319
0.996617 0.0344302 -0.0746197 -81.3093 -0.0324554 0.999093 0.0275175 1.27015 0.0754997 -0.0250027 0.996833 54.1769
0.996413 0.03913 -0.0750261 -81.3771 -0.0375963 0.999055 0.0217468 1.26738 0.0758064 -0.0188481 0.996945 55.0304
0.996649 0.0370335 -0.0729359 -81.4347 -0.0355454 0.999134 0.0215959 1.29417 0.0736728 -0.018931 0.997103 55.8927
0.996786 0.0337288 -0.0726592 -81.5073 -0.0318852 0.999142 0.0263849 1.32342 0.0734871 -0.0239833 0.997008 56.7463
0.996943 0.0282292 -0.0728551 -81.5746 -0.0256708 0.999028 0.0358169 1.36331 0.0737956 -0.0338372 0.996699 57.6275
0.997113 0.0243033 -0.0719392 -81.6412 -0.0214102 0.99894 0.0407164 1.39443 0.0728528 -0.0390586 0.996578 58.4942
0.99692 0.0231482 -0.074934 -81.7076 -0.020392 0.999094 0.0373393 1.40865 0.0757307 -0.0356963 0.996489 59.3304
0.996956 0.0175309 -0.0759625 -81.7747 -0.0149469 0.999294 0.0344524 1.43713 0.0765131 -0.0332122 0.996515 60.1869
0.996743 0.0172362 -0.0787747 -81.852 -0.0146422 0.999334 0.0333899 1.47247 0.0792981 -0.0321277 0.996333 61.0135
0.996622 0.017539 -0.0802343 -81.9194 -0.0150589 0.999392 0.0314117 1.50465 0.0807368 -0.0300974 0.996281 61.83
0.996394 0.0181156 -0.0828895 -82.001 -0.0157812 0.999462 0.0287318 1.54259 0.0833656 -0.0273201 0.996145 62.6567
0.996031 0.0170731 -0.0873576 -82.0751 -0.014891 0.999561 0.0255693 1.57693 0.0877561 -0.024167 0.995849 63.4605
0.99586 0.0186881 -0.0889584 -82.1557 -0.0167209 0.999599 0.0228069 1.61349 0.0893492 -0.021225 0.995774 64.2538
0.995515 0.0231086 -0.0917388 -82.2458 -0.0212579 0.99955 0.0210999 1.61198 0.0921855 -0.0190551 0.99556 65.0406
0.99512 0.0271228 -0.094864 -82.3219 -0.0250714 0.999426 0.0227505 1.60308 0.0954269 -0.0202611 0.99523 65.8565
0.994649 0.0309688 -0.0985581 -82.4059 -0.0284137 0.999225 0.0272234 1.59837 0.099325 -0.0242773 0.994759 66.6926
0.994223 0.0289673 -0.103347 -82.4943 -0.0256416 0.999113 0.0333644 1.64327 0.104222 -0.0305217 0.994086 67.4907
0.993863 0.0283692 -0.106916 -82.5639 -0.0245012 0.999002 0.03732 1.66138 0.107868 -0.0344715 0.993568 68.2937
0.993055 0.0286576 -0.114105 -82.6591 -0.0244624 0.998977 0.0379982 1.68986 0.115078 -0.0349431 0.992742 69.086
0.992558 0.0217461 -0.119811 -82.745 -0.0169558 0.99902 0.0408579 1.75046 0.120582 -0.0385224 0.991956 69.8638
0.991896 0.0230516 -0.124945 -82.8228 -0.0180165 0.998984 0.0412795 1.77467 0.12577 -0.0386939 0.991305 70.6464
0.990985 0.0262395 -0.131375 -82.9419 -0.0211823 0.998984 0.0397452 1.8001 0.132285 -0.0366041 0.990536 71.4295
0.990217 0.0266074 -0.13697 -83.063 -0.0218251 0.999102 0.0362991 1.83626 0.137814 -0.0329546 0.98991 72.2145
0.989406 0.0283507 -0.142379 -83.1825 -0.0236865 0.999128 0.0343474 1.84746 0.143229 -0.0306111 0.989216 73.0148
0.988446 0.0309437 -0.148379 -83.3043 -0.0261644 0.999076 0.0340547 1.86023 0.149296 -0.029779 0.988344 73.804
0.987877 0.0323441 -0.151828 -83.4297 -0.0269436 0.998933 0.0374937 1.87179 0.152879 -0.0329484 0.987696 74.5878
0.986884 0.0343814 -0.157728 -83.5646 -0.0281072 0.998728 0.041838 1.90143 0.158966 -0.036856 0.986596 75.3645
0.98598 0.026294 -0.164779 -83.6963 -0.0196952 0.998941 0.0415529 1.94715 0.165698 -0.037725 0.985455 76.1445
0.984899 0.0254508 -0.171248 -83.8398 -0.0190858 0.999067 0.0387122 1.9742 0.172074 -0.0348592 0.984467 76.9206
0.983343 0.0263026 -0.179843 -83.9995 -0.0206593 0.999235 0.0331803 1.98229 0.180579 -0.0289123 0.983136 77.6902
0.982652 0.0233699 -0.18398 -84.1728 -0.0184067 0.99942 0.0286387 1.99014 0.184543 -0.0247555 0.982513 78.4608
0.980605 0.0223608 -0.194712 -84.3273 -0.0164579 0.999355 0.0318813 1.98548 0.195299 -0.0280585 0.980342 79.2024
0.978552 0.0218891 -0.204833 -84.5094 -0.0145053 0.999191 0.0374804 2.00321 0.205488 -0.0337054 0.978079 79.9743
0.976317 0.022369 -0.215186 -84.6875 -0.013226 0.99895 0.0438355 2.04289 0.215941 -0.0399514 0.975589 80.7213
0.973802 0.0203331 -0.226487 -84.8786 -0.00972618 0.998806 0.0478502 2.04298 0.22719 -0.0443938 0.972838 81.4826
0.971336 0.022866 -0.236608 -85.0796 -0.0126361 0.998921 0.0446621 2.06773 0.237374 -0.0403922 0.970578 82.2343
0.969211 0.0197442 -0.245437 -85.3002 -0.0114795 0.999318 0.0350585 2.09357 0.245962 -0.0311616 0.968779 83.0145
0.966328 0.0177943 -0.256697 -85.5148 -0.010018 0.999451 0.0315694 2.12655 0.257118 -0.0279348 0.965976 83.771
0.963963 0.0169068 -0.265497 -85.7444 -0.00810262 0.999381 0.0342213 2.16109 0.265911 -0.0308369 0.963504 84.5439
0.960681 0.0166871 -0.277153 -85.9598 -0.00551551 0.999142 0.0410391 2.18651 0.2776 -0.0378969 0.959949 85.2729
0.957383 0.0146651 -0.288447 -86.1798 -0.00169885 0.998978 0.0451507 2.19998 0.288815 -0.0427366 0.956431 85.9824
0.95379 0.0140889 -0.300141 -86.3966 -0.000537693 0.998978 0.0451842 2.22234 0.300472 -0.0429349 0.952824 86.6528
0.949334 0.0132229 -0.313989 -86.6328 -0.000299117 0.999151 0.0411723 2.24307 0.314268 -0.0389924 0.948533 87.324
0.94666 0.0110833 -0.322043 -86.8589 0.000734215 0.999331 0.0365507 2.25456 0.322233 -0.0348376 0.946019 87.9947
0.943506 0.00744455 -0.33127 -87.0988 0.00355145 0.999462 0.0325757 2.25574 0.331335 -0.0319119 0.942974 88.6799
0.940739 0.00880579 -0.339016 -87.3607 0.00152997 0.999542 0.0302081 2.24862 0.339127 -0.0289367 0.940296 89.373
0.937973 0.00966891 -0.346572 -87.632 0.000184464 0.999596 0.0283866 2.25978 0.346707 -0.0266898 0.937594 90.0383
0.934538 0.0101399 -0.355717 -87.8989 0.000766057 0.999533 0.0305047 2.25307 0.355861 -0.0287804 0.934096 90.7506
0.931523 0.0115486 -0.363499 -88.1661 0.00135772 0.999377 0.0352302 2.27404 0.36368 -0.0333113 0.930928 91.4446
0.928561 0.0147193 -0.370888 -88.4447 0.00159537 0.999045 0.0436428 2.29247 0.371177 -0.0411167 0.927652 92.154
0.925898 0.0207659 -0.377202 -88.7403 -0.00233948 0.998783 0.0492428 2.33174 0.377766 -0.0447114 0.924821 92.8673
0.923611 0.0260962 -0.382442 -89.0533 -0.00892787 0.998873 0.0465976 2.34633 0.383227 -0.0396237 0.922804 93.5518
0.92119 0.0278788 -0.388113 -89.3592 -0.0133274 0.999104 0.0401345 2.35669 0.388885 -0.031799 0.920738 94.26
0.919915 0.0240201 -0.391381 -89.6358 -0.0125703 0.999414 0.0317908 2.32816 0.391916 -0.0243251 0.919679 94.9649
0.917628 0.0255527 -0.396618 -89.9547 -0.0143511 0.999409 0.0311852 2.3525 0.397181 -0.0229246 0.917454 95.6631
0.915588 0.0301184 -0.400987 -90.2839 -0.0177246 0.999244 0.0345824 2.39777 0.401726 -0.024556 0.915431 96.3961
0.914026 0.0307737 -0.404487 -90.6066 -0.0167969 0.999133 0.0380585 2.41007 0.405308 -0.0279923 0.913752 97.1538
0.911599 0.0288979 -0.410062 -90.938 -0.0143304 0.999153 0.0385545 2.4494 0.410829 -0.02927 0.911242 97.8894
0.909756 0.0301674 -0.414045 -91.2804 -0.0175878 0.99926 0.0341617 2.48785 0.41477 -0.0237967 0.909615 98.6006
0.907112 0.0270456 -0.420019 -91.6278 -0.016777 0.999463 0.0281235 2.45962 0.420555 -0.0184645 0.907079 99.2981
0.904778 0.0267319 -0.425043 -91.972 -0.0170103 0.999499 0.0266512 2.45005 0.425544 -0.0168833 0.904781 100.003
0.902602 0.0292078 -0.429483 -92.3259 -0.018489 0.999404 0.0291098 2.45156 0.430079 -0.0183338 0.902605 100.706
0.900276 0.0313052 -0.434191 -92.6928 -0.0196977 0.999318 0.0312084 2.4557 0.434872 -0.0195436 0.90028 101.405
0.897357 0.0344646 -0.439956 -93.0585 -0.0227166 0.999231 0.0319422 2.45652 0.440719 -0.0186693 0.897451 102.141
0.894846 0.0348458 -0.445013 -93.394 -0.0228604 0.999217 0.0322731 2.46891 0.44579 -0.0187063 0.894942 102.834
0.892719 0.0323173 -0.449453 -93.7434 -0.0203982 0.9993 0.0313376 2.47247 0.450152 -0.0188076 0.892754 103.511
0.890792 0.0295182 -0.453451 -94.071 -0.0169547 0.999351 0.0317475 2.48465 0.454095 -0.0205923 0.890715 104.147
0.888093 0.0286219 -0.458772 -94.4242 -0.0151067 0.999337 0.0331031 2.48713 0.459416 -0.0224681 0.887937 104.817
0.885783 0.0292563 -0.463177 -94.7568 -0.0156264 0.999324 0.0332376 2.49435 0.463837 -0.0222035 0.885642 105.47
0.883299 0.0270787 -0.468027 -95.105 -0.0148106 0.999443 0.0298731 2.50207 0.468576 -0.0194551 0.883209 106.123
0.881042 0.0230256 -0.472477 -95.4638 -0.0129101 0.999612 0.0246409 2.50392 0.472862 -0.0156099 0.880998 106.766
0.878934 0.0216858 -0.47645 -95.8236 -0.0125223 0.99967 0.0223997 2.51473 0.476779 -0.0137216 0.878916 107.407
0.877038 0.0221552 -0.479908 -96.1829 -0.011984 0.999633 0.0242477 2.51571 0.480271 -0.0155149 0.876983 108.048
0.875083 0.0244796 -0.483352 -96.5472 -0.011103 0.999472 0.0305173 2.52578 0.483845 -0.0213385 0.874894 108.692
0.874139 0.0249972 -0.485032 -96.8967 -0.0076434 0.999258 0.0377239 2.53469 0.485616 -0.0292686 0.873682 109.336
0.872296 0.0235001 -0.488412 -97.2342 -0.0033766 0.999109 0.0420418 2.5633 0.488966 -0.0350238 0.8716 109.974
0.871317 0.0197768 -0.490321 -97.569 0.000906645 0.99912 0.0419101 2.58682 0.490719 -0.0369615 0.870534 110.571
0.869785 0.0185335 -0.493082 -97.9086 0.000924142 0.99923 0.0391883 2.60713 0.493429 -0.0345411 0.8691 111.177
0.868893 0.0154968 -0.494757 -98.2455 0.00342403 0.999297 0.0373133 2.62367 0.494988 -0.0341153 0.86823 111.788
0.867631 0.0144322 -0.496999 -98.5874 0.00443839 0.999313 0.036767 2.64031 0.497189 -0.0341061 0.866972 112.38
0.866318 0.0136328 -0.499306 -98.9185 0.00539987 0.999312 0.0366536 2.6491 0.499463 -0.0344499 0.86565 112.952
0.865259 0.0136004 -0.50114 -99.2392 0.00602753 0.999276 0.0375262 2.67425 0.501289 -0.0354905 0.864552 113.5
0.863742 0.0138052 -0.503745 -99.5494 0.00641086 0.999242 0.0383767 2.69143 0.503894 -0.036377 0.863 114.029
0.862344 0.0133275 -0.506147 -99.851 0.00762434 0.999197 0.0392999 2.70548 0.506265 -0.0377491 0.861551 114.533
0.861243 0.012804 -0.508032 -100.139 0.00854158 0.999175 0.0396624 2.71641 0.508122 -0.0384984 0.860425 115.018
0.859923 0.0127002 -0.510264 -100.409 0.00832375 0.999207 0.0388973 2.73103 0.510355 -0.037696 0.859138 115.475
0.85903 0.0150383 -0.511704 -100.669 0.00437921 0.999315 0.0367202 2.7299 0.511907 -0.0337846 0.858377 115.907
0.85736 0.0120785 -0.514575 -100.92 0.0062097 0.999408 0.0338052 2.73491 0.514679 -0.0321786 0.856779 116.335
0.855051 0.00682262 -0.518498 -101.151 0.011483 0.999418 0.0320872 2.74264 0.518416 -0.0333901 0.854477 116.742
0.852529 0.00780654 -0.522621 -101.389 0.0106865 0.999418 0.0323611 2.73551 0.52257 -0.0331738 0.851951 117.131
0.849303 0.00732566 -0.527854 -101.616 0.0123393 0.999354 0.0337228 2.73815 0.527762 -0.0351543 0.848665 117.494
0.845524 0.0129717 -0.533779 -101.842 0.00743478 0.999321 0.036062 2.73649 0.533885 -0.0344599 0.844855 117.843
0.842256 0.0183604 -0.538764 -102.056 0.00335994 0.999221 0.0393048 2.75134 0.539067 -0.034915 0.841539 118.155
0.838524 0.0221897 -0.544411 -102.262 0.0030629 0.998962 0.0454344 2.75923 0.544855 -0.0397654 0.837587 118.459
0.834338 0.0246003 -0.550703 -102.46 0.00343288 0.998752 0.0498159 2.76233 0.551242 -0.0434538 0.833213 118.742
0.829085 0.0242586 -0.558595 -102.645 0.00534277 0.998668 0.0512998 2.76222 0.559097 -0.0455164 0.827852 119.013
0.82267 0.0213753 -0.568117 -102.826 0.00971919 0.998617 0.0516467 2.76909 0.568436 -0.0480099 0.821326 119.278
0.814631 0.0211505 -0.579593 -103.004 0.0110897 0.998583 0.052027 2.77985 0.579873 -0.0488104 0.813243 119.525
0.804813 0.0213838 -0.593143 -103.176 0.011912 0.998567 0.0521628 2.78196 0.593409 -0.0490468 0.803406 119.753
0.793325 0.0227013 -0.608374 -103.344 0.0112997 0.998582 0.0519966 2.78595 0.608694 -0.0481247 0.791945 119.963
0.780158 0.022736 -0.625168 -103.506 0.0111327 0.998675 0.0502124 2.78145 0.625483 -0.0461335 0.778873 120.163
0.765881 0.020604 -0.642651 -103.67 0.0113219 0.998898 0.0455184 2.78832 0.642882 -0.0421378 0.764805 120.342
0.75163 0.0174171 -0.659354 -103.825 0.0124389 0.999098 0.0405712 2.79236 0.659467 -0.0386962 0.750737 120.505
0.736366 0.0172824 -0.676361 -103.991 0.0102773 0.999272 0.0367225 2.80041 0.676505 -0.0339925 0.735654 120.659
0.721483 0.0204617 -0.692129 -104.155 0.00523467 0.999372 0.0350015 2.81072 0.692412 -0.0288761 0.720924 120.803
0.704717 0.0214769 -0.709163 -104.332 0.00402914 0.999403 0.0342707 2.82279 0.709477 -0.0270084 0.704211 120.948
0.687196 0.0189447 -0.726224 -104.507 0.00840638 0.999385 0.0340251 2.83093 0.726423 -0.0294869 0.686615 121.087
0.668712 0.018652 -0.743286 -104.685 0.010958 0.999328 0.0349357 2.83915 0.74344 -0.0315069 0.66806 121.221
0.647649 0.0193128 -0.761694 -104.867 0.0115277 0.999315 0.0351394 2.85093 0.761852 -0.0315386 0.646983 121.347
0.624933 0.0221371 -0.780364 -105.052 0.0111614 0.999241 0.0372844 2.86323 0.780598 -0.0320103 0.624213 121.463
0.601252 0.0244091 -0.798686 -105.24 0.00899597 0.999262 0.0373111 2.87508 0.799009 -0.0296183 0.600589 121.57
0.576917 0.0273094 -0.816346 -105.432 0.00817673 0.999197 0.0392048 2.89063 0.816762 -0.029293 0.576231 121.677
0.55199 0.0288376 -0.833352 -105.629 0.0065777 0.999219 0.0389341 2.91044 0.833825 -0.0269728 0.55137 121.782
0.525909 0.0326381 -0.849914 -105.822 0.00333428 0.999176 0.0404331 2.91591 0.850534 -0.024098 0.525368 121.874
0.499012 0.0362925 -0.865834 -106.016 0.00184375 0.999075 0.0429401 2.9271 0.866593 -0.023024 0.498485 121.965
0.470251 0.0351096 -0.881833 -106.219 0.00283505 0.999142 0.041292 2.93469 0.882528 -0.0219177 0.469749 122.044
0.438921 0.0322875 -0.897945 -106.417 0.00440482 0.999264 0.0380837 2.93916 0.898515 -0.020671 0.438456 122.119
0.405416 0.0281517 -0.913698 -106.653 0.00541468 0.999433 0.0331957 2.94099 0.914117 -0.0184055 0.405034 122.201
0.367613 0.0267789 -0.929593 -106.89 0.00637761 0.999488 0.0313144 2.94848 0.929957 -0.0174402 0.367255 122.278
0.3267 0.0256205 -0.94478 -107.163 0.00756733 0.999528 0.0297219 2.95114 0.945098 -0.0168596 0.326353 122.352
0.284159 0.023957 -0.958477 -107.44 0.00919492 0.999572 0.0277102 2.95309 0.958733 -0.0166872 0.283818 122.409
0.238491 0.021977 -0.970896 -107.75 0.00995864 0.999635 0.0250737 2.96453 0.971094 -0.0156487 0.238185 122.462
0.189836 0.0195155 -0.981621 -108.091 0.0115502 0.999688 0.0221084 2.96674 0.981748 -0.0155349 0.189552 122.493
0.140071 0.0194899 -0.989949 -108.439 0.0135262 0.999674 0.0215952 2.959 0.990049 -0.0164151 0.139761 122.521
0.0888387 0.0202319 -0.99584 -108.778 0.0156771 0.99964 0.0217076 2.95488 0.995923 -0.0175404 0.0884895 122.513
0.0354656 0.0219123 -0.99913 -109.14 0.0201167 0.99954 0.0226353 2.96193 0.999169 -0.020902 0.0350084 122.501
-0.017539 0.0235934 -0.999567 -109.513 0.0235593 0.999452 0.0231773 2.96154 0.999569 -0.0231426 -0.0180854 122.475
-0.0717129 0.0249372 -0.997113 -109.906 0.0273929 0.999358 0.0230232 2.95658 0.997049 -0.0256628 -0.0723503 122.435
-0.124863 0.0258283 -0.991837 -110.295 0.0306266 0.999284 0.0221665 2.95474 0.991701 -0.0276088 -0.125565 122.352
-0.176459 0.0278761 -0.983913 -110.699 0.0337708 0.999181 0.022252 2.95664 0.983729 -0.0293009 -0.177257 122.241
-0.226652 0.0284257 -0.973561 -111.12 0.0370678 0.9991 0.0205417 2.97314 0.97327 -0.031432 -0.227502 122.126
-0.274896 0.0287021 -0.961045 -111.542 0.042109 0.998953 0.0177894 2.97608 0.960551 -0.0355784 -0.275818 121.983
-0.32208 0.0289789 -0.946268 -111.975 0.0446688 0.998882 0.0153862 2.98057 0.945658 -0.0373131 -0.323015 121.805
-0.367581 0.0301902 -0.929501 -112.438 0.0478064 0.998764 0.0135344 2.97338 0.928762 -0.0394611 -0.36857 121.619
-0.409429 0.0309445 -0.911817 -112.895 0.0507732 0.998647 0.0110928 2.96763 0.910928 -0.0417542 -0.410447 121.395
-0.449232 0.0314448 -0.892861 -113.363 0.0530074 0.998557 0.00849718 2.95788 0.891841 -0.0435111 -0.450252 121.151
-0.48434 0.0321043 -0.87429 -113.824 0.0540193 0.998516 0.00674016 2.94722 0.873211 -0.0439641 -0.485356 120.873
-0.513059 0.0315366 -0.857773 -114.313 0.0535312 0.998554 0.00469386 2.9504 0.856683 -0.0435095 -0.514006 120.567
-0.537031 0.0310118 -0.842992 -114.797 0.0529577 0.998591 0.00299901 2.94014 0.841899 -0.0430324 -0.537917 120.23
-0.554625 0.0286592 -0.831606 -115.299 0.0501714 0.998739 0.000958074 2.95234 0.830586 -0.0411915 -0.555365 119.882
-0.569916 0.0281357 -0.821221 -115.807 0.0498807 0.998754 -0.000398378 2.95592 0.820188 -0.0411901 -0.57061 119.512
