1 0 0 0 0 1 0 0 0 0 1 0
0.999981 0.000314661 -0.00622935 -0.00522073 -0.000314753 1 -1.38347e-05 -0.00886016 0.00622934 1.57952e-05 0.999981 0.0894151
0.99992 0.00101951 -0.0126253 -0.00404405 -0.00099692 0.999998 0.00179545 -0.00222044 0.0126271 -0.00178272 0.999919 0.181785
0.999793 0.00113734 -0.020307 -0.0201299 -0.0011426 0.999999 -0.00024745 -0.0120147 0.0203067 0.000270601 0.999794 0.281127
0.99957 0.00188133 -0.0292724 -0.0351071 -0.00193756 0.999996 -0.00189274 -0.0124742 0.0292688 0.00194864 0.99957 0.379947
0.99918 0.000737625 -0.0404811 -0.0363773 -0.000843046 0.999996 -0.0025872 -0.00452952 0.040479 0.0026192 0.999177 0.481969
0.998553 -0.000589981 -0.0537764 -0.0616077 0.000392705 0.999993 -0.00367895 0.00318895 0.0537782 0.0036525 0.998546 0.611608
0.997551 -5.58171e-05 -0.0699389 -0.0855825 -0.000272372 0.999989 -0.00468297 -0.00827039 0.0699384 0.00469055 0.99754 0.750866
0.996177 -0.0010879 -0.0873546 -0.105262 0.000748327 0.999992 -0.00391998 -0.000353326 0.0873582 0.00383962 0.99617 0.902464
0.994221 -0.00403797 -0.10728 -0.136304 0.00361698 0.999985 -0.00411853 4.75371e-05 0.107295 0.0037067 0.99422 1.05626
0.991563 -0.00359272 -0.129576 -0.171757 0.00290721 0.999981 -0.00547917 -0.00444615 0.129593 0.00505624 0.991554 1.21793
0.988205 -0.000501358 -0.153135 -0.216381 -0.000327212 0.999986 -0.00538546 -0.0131163 0.153136 0.00537205 0.98819 1.38433
0.983991 0.00278347 -0.178194 -0.274702 -0.00434792 0.999956 -0.00838959 -0.0109025 0.178163 0.00903005 0.98396 1.57148
0.978748 0.00623791 -0.204969 -0.340321 -0.00810184 0.999933 -0.00825575 -0.0201372 0.204904 0.00974092 0.978734 1.76269
0.972371 0.00702424 -0.233335 -0.409516 -0.00957537 0.999906 -0.00980231 -0.0256262 0.233245 0.0117658 0.972347 1.96104
0.964531 0.00732846 -0.263866 -0.485454 -0.0101846 0.999904 -0.00945774 -0.0265352 0.263771 0.0118096 0.964513 2.15312
0.955483 0.00892092 -0.294909 -0.580145 -0.0121496 0.999885 -0.00911748 -0.0281744 0.294794 0.0122946 0.955482 2.36025
0.944577 0.0106408 -0.328119 -0.673167 -0.0138922 0.999875 -0.00756678 -0.0414251 0.327997 0.0117057 0.944606 2.55833
0.932558 0.0142679 -0.360737 -0.77744 -0.0184267 0.999798 -0.00809178 -0.0632301 0.360549 0.0141933 0.932632 2.74502
0.919239 0.0169802 -0.393333 -0.908186 -0.021573 0.999741 -0.00725843 -0.0626156 0.393107 0.0151576 0.919367 2.95054
0.903916 0.0153081 -0.427437 -1.03027 -0.0205005 0.999762 -0.00754792 -0.057029 0.427219 0.0155854 0.904014 3.15471
0.885855 0.0121001 -0.463805 -1.16103 -0.0178266 0.99981 -0.00796463 -0.0589495 0.46362 0.0153236 0.885902 3.35898
0.865263 0.00848569 -0.501246 -1.30405 -0.0147605 0.999855 -0.00855321 -0.0767505 0.5011 0.0147994 0.865262 3.58009
0.841708 0.00929382 -0.539853 -1.46311 -0.0146341 0.999877 -0.00560333 -0.0814076 0.539735 0.0126166 0.84174 3.77772
-0.0917178 -0.988244 -0.122317 -1.39313 -0.764059 0.148615 -0.627796 -0.228508 0.638594 0.035877 -0.768707 3.538
0.675666 -0.172757 0.71668 -1.14709 -0.648617 0.32275 0.689297 0.620226 -0.350389 -0.930585 0.106017 3.91007
0.682405 -0.171009 -0.710689 -2.58673 0.0404438 0.979593 -0.196879 0.303647 0.729854 0.105608 0.675396 4.06834
-0.657149 0.194547 0.728222 -1.05552 -0.292417 -0.956254 -0.00841181 0.837946 0.694729 -0.218472 0.68529 4.34979
0.611599 -0.181606 -0.770043 -2.99985 -0.0467494 0.963303 -0.264315 -0.0618085 0.789785 0.197654 0.580665 4.3111
-0.556945 0.182561 0.810237 -0.552505 -0.354361 -0.934526 -0.0330165 0.739015 0.75116 -0.305505 0.585172 4.63776
0.519079 -0.184386 -0.834601 -3.50585 -0.0835002 0.960844 -0.26421 -0.288805 0.850638 0.206835 0.483358 4.52365
-0.468928 0.170017 0.866718 -0.011982 -0.29201 -0.95596 0.0295341 0.89201 0.833569 -0.239241 0.497922 4.93194
0.430815 -0.164559 -0.88731 -4.09449 -0.173124 0.949901 -0.260224 -0.406906 0.885678 0.265723 0.380743 4.71983
-0.377961 0.129329 0.916744 0.579094 -0.34676 -0.937894 -0.0106518 0.926124 0.858431 -0.321916 0.399333 5.04754
0.40703 -0.150073 -0.901002 -4.50666 -0.259358 0.926823 -0.271539 -1.28097 0.87582 0.344207 0.338322 5.34584
-0.424282 0.184143 0.886609 0.679277 -0.403301 -0.915063 -0.00294541 -0.266408 0.81076 -0.35882 0.46251 7.88345
0.548603 -0.165346 -0.819571 -3.50478 -0.186314 0.931425 -0.312626 -2.75729 0.815059 0.324205 0.480176 10.3164
-0.490481 0.143782 0.859508 0.804587 -0.401453 -0.912687 -0.076413 -2.12536 0.773475 -0.382532 0.505377 13.649
0.507859 -0.18331 -0.84171 -4.19091 -0.18548 0.93091 -0.314649 -4.65704 0.841235 0.315918 0.438771 15.1822
-0.416479 0.197126 0.887517 1.69189 -0.425138 -0.905128 0.00153609 -3.48743 0.803619 -0.376677 0.460772 17.7982
0.466092 -0.187693 -0.864598 -4.52525 -0.217036 0.923122 -0.317399 -6.45432 0.857702 0.335586 0.389524 19.5552
-0.35693 0.146938 0.922502 3.5517 -0.432586 -0.901279 -0.0238162 -4.77636 0.827932 -0.407562 0.385256 22.0644
0.413614 -0.134334 -0.900487 -5.82419 -0.274937 0.924453 -0.264194 -8.05849 0.867947 0.356851 0.345433 23.2481
-0.334466 0.145444 0.931117 4.18541 -0.456035 -0.889615 -0.0248514 -6.48811 0.824721 -0.432933 0.363873 26.0435
0.316448 -0.125993 -0.940205 -6.39354 -0.315439 0.920762 -0.229556 -9.57153 0.894628 0.36922 0.251631 27.1903
-0.296431 0.131294 0.945986 4.96728 -0.436105 -0.89982 -0.01177 -8.76132 0.849671 -0.416038 0.323992 30.037
0.144092 -0.108776 -0.983567 -5.27441 -0.3514 0.923537 -0.153617 -11.0496 0.925071 0.36776 0.0948501 29.9204
-0.144701 0.10735 0.983635 4.96408 -0.37003 -0.927839 0.0468266 -10.4277 0.917681 -0.357199 0.173982 30.2869
0.131696 -0.0944486 -0.98678 -6.40972 -0.34259 0.929777 -0.134715 -11.4015 0.930208 0.355803 0.0900908 29.965
-0.124209 0.112801 0.985823 5.76752 -0.433222 -0.899988 0.0483953 -9.74402 0.892687 -0.421069 0.160654 30.7179
0.110655 -0.119084 -0.986699 -7.49668 -0.344937 0.926482 -0.1505 -11.7426 0.93208 0.357003 0.061444 29.8614
-0.123218 0.132896 0.983441 6.9513 -0.453466 -0.889022 0.0633207 -9.43954 0.882715 -0.438154 0.169807 31.0528
0.0602776 -0.113793 -0.991674 -8.61603 -0.36632 0.92164 -0.128023 -11.3958 0.928534 0.370987 0.0138698 29.6814
-0.0771404 0.0678784 0.994707 8.18404 -0.398734 -0.916522 0.0316209 -10.0469 0.913816 -0.394184 0.097766 30.4126
-0.0673789 -0.0861513 -0.994001 -9.23253 -0.312321 0.948017 -0.0609951 -11.358 0.947584 0.306337 -0.0907829 28.5571
-0.0773016 0.0916463 0.992787 9.50532 -0.36866 -0.927819 0.056944 -9.9008 0.926345 -0.361598 0.105508 30.5166
-0.0657674 -0.106513 -0.992134 -10.5694 -0.298643 0.950812 -0.0822803 -11.7515 0.952096 0.290883 -0.0943416 28.3256
-0.0838227 0.0759385 0.993583 10.9628 -0.302078 -0.95211 0.0472843 -10.1894 0.949591 -0.296176 0.102747 30.4904
-0.136375 -0.0869667 -0.986833 -9.61227 -0.282954 0.958062 -0.0453287 -11.4698 0.949389 0.273046 -0.155263 26.7224
-0.0905103 0.0666165 0.993665 10.7876 -0.257206 -0.965474 0.0412983 -9.93253 0.962108 -0.251839 0.104519 28.6011
-0.36004 -0.0664679 -0.930566 -6.78614 -0.264853 0.963702 0.0336383 -9.75896 0.894552 0.258575 -0.364576 20.6166
-0.105327 0.0776988 0.991398 13.8338 -0.306031 -0.951094 0.0420272 -7.94948 0.946177 -0.298972 0.123953 22.5461
-0.298503 -0.0387128 -0.953623 -4.2194 -0.248852 0.967772 0.0386084 -8.36341 0.921395 0.248835 -0.298517 15.1811
-0.0893202 0.0362252 0.995344 14.5897 -0.276788 -0.960878 0.0101324 -6.40133 0.95677 -0.274594 0.0958523 15.81
-0.316635 -0.0270572 -0.948161 -3.7507 -0.102412 0.994726 0.0058142 -7.64183 0.943002 0.0989442 -0.317736 8.37611
-0.0386045 0.0179799 0.999093 15.295 -0.222817 -0.97482 0.00893356 -5.62304 0.974095 -0.22227 0.0416384 9.37526
-0.286266 0.0191271 -0.957959 -3.45326 -0.0266463 0.999256 0.0279143 -6.82216 0.957779 0.033517 -0.285542 3.90618
-0.0161796 -0.104132 0.994432 15.4731 -0.0154127 -0.994418 -0.104382 -8.27889 0.99975 -0.0170157 0.0144842 3.59944
-0.248009 0.0742352 -0.965909 -4.00371 0.02259 0.997232 0.0708423 -7.41617 0.968494 -0.00425035 -0.249 -1.4936
-0.314646 -0.0850893 0.945388 15.5588 0.0476318 -0.996135 -0.0738038 -8.1763 0.948013 0.0218085 0.317482 4.14858
-0.216267 0.0936968 -0.971828 -3.76244 -0.0765497 0.990693 0.112551 -6.28622 0.973328 0.0987341 -0.207082 -1.17893
-0.229727 -0.119879 0.965844 15.2414 -0.00880043 -0.992089 -0.12523 -8.54147 0.973215 -0.0372685 0.226855 3.14494
-0.220025 0.115521 -0.96863 -2.83518 -0.0980407 0.985317 0.139781 -6.41971 0.970555 0.12572 -0.205469 -1.05121
-0.254173 -0.100398 0.961934 14.6983 -0.138681 -0.980537 -0.138983 -8.35286 0.957164 -0.168727 0.235302 3.04806
-0.178279 0.112821 -0.977491 -3.61174 -0.044847 0.991441 0.122611 -7.15267 0.982957 0.0656965 -0.171694 -0.559513
-0.193766 -0.119415 0.973753 14.3594 0.0133651 -0.992794 -0.119091 -8.47381 0.980956 -0.0100615 0.193966 2.81387
-0.187825 0.106793 -0.97638 -3.23119 -0.0376662 0.992558 0.115809 -7.10526 0.98148 0.0585282 -0.182404 -0.475935
-0.214489 -0.114954 0.969938 14.0679 0.00141242 -0.993086 -0.117385 -8.52354 0.976725 -0.023808 0.213168 3.06089
-0.240232 0.0927525 -0.966274 -3.20693 0.0635296 0.994793 0.0796954 -7.54737 0.968634 -0.0422416 -0.244873 -1.11741
-0.223317 -0.127446 0.966378 14.0648 0.193235 -0.977528 -0.0842626 -8.42816 0.9554 0.16792 0.242926 2.92279
-0.24979 0.128996 -0.959669 -2.98547 0.128815 0.986705 0.0991013 -7.93527 0.959693 -0.0988656 -0.263086 -1.49339
-0.265653 -0.107525 0.958054 14.7296 0.0665816 -0.993435 -0.0930343 -8.03426 0.961767 0.0390738 0.271068 3.18037
-0.247023 0.143204 -0.95837 -2.17343 0.167382 0.98046 0.103361 -7.93366 0.954444 -0.134881 -0.266166 -1.37091
-0.345813 -0.130776 0.929145 14.1054 0.0704012 -0.991065 -0.113289 -8.3334 0.935658 0.0262361 0.35193 3.97214
-0.335883 0.162858 -0.927717 -0.358207 0.160842 0.98039 0.113871 -7.59618 0.928069 -0.110968 -0.355491 -1.37949
-0.346907 -0.173738 0.921667 12.1161 0.0289695 -0.98421 -0.174623 -8.84952 0.937452 -0.0338778 0.346462 3.27884
-0.063498 0.240096 -0.96867 -0.827714 0.125143 0.964884 0.230954 -6.62604 0.990104 -0.106557 -0.0913143 0.473145
-0.386485 -0.216999 0.896405 10.3774 0.287376 -0.951876 -0.106525 -8.38828 0.876381 0.216435 0.430245 3.68173
-0.391514 0.179707 -0.902453 0.195429 0.218451 0.970859 0.0985575 -7.95903 0.893866 -0.158556 -0.419361 -0.888893
-0.391335 -0.218424 0.89395 9.55446 0.303934 -0.94759 -0.0984802 -8.28967 0.868608 0.233163 0.437212 3.41527
-0.436175 0.147388 -0.88771 1.63959 0.144345 0.985181 0.0926474 -8.65682 0.888209 -0.0877255 -0.450985 -0.216077
-0.303137 -0.0912426 0.948569 9.8141 -0.0504582 -0.992473 -0.111591 -6.74867 0.95161 -0.0816903 0.296251 2.87257
-0.46932 0.187427 -0.862908 0.977079 0.24521 0.966444 0.0765493 -9.11613 0.848298 -0.175668 -0.49953 -0.919259
-0.13272 -0.10615 0.985453 11.1142 -0.10679 -0.98693 -0.120692 -6.6989 0.985384 -0.121254 0.119649 1.4588
-0.611983 0.399748 -0.682407 3.15487 0.449486 0.885755 0.115768 -9.67974 0.650723 -0.235884 -0.721747 -3.97265
0.49186 0.860263 0.134243 0.87133 -0.0864134 0.201654 -0.975638 -19.8847 -0.866375 0.468277 0.173524 -6.07689
-0.270092 0.177254 -0.946378 -9.19632 -0.0646485 0.977352 0.201505 -22.5348 0.960661 0.115607 -0.252515 -7.3754
0.212131 0.799609 0.561806 -7.53065 0.347099 0.475756 -0.808195 -31.6869 -0.913522 0.366445 -0.176621 -11.7133
-0.0874599 0.237514 -0.967439 -16.7166 -0.218153 0.943021 0.251241 -33.806 0.971987 0.233023 -0.0306618 -12.8961
0.245962 0.734869 0.632037 -12.7757 0.415193 0.509339 -0.753784 -42.2645 -0.875852 0.447819 -0.179834 -15.4239
-0.0770885 0.161676 -0.983828 -24.4697 -0.165128 0.971067 0.172517 -42.8083 0.983255 0.175757 -0.0481607 -16.1805
0.216547 0.539315 0.813785 -15.442 0.346473 0.736851 -0.580524 -50.4573 -0.912723 0.407665 -0.0272954 -16.7409
-0.42752 0.013364 -0.903907 -25.7244 -0.25274 0.958252 0.133706 -49.1813 0.867957 0.285615 -0.406294 -22.4065
0.814797 0.296284 0.498318 -19.83 0.0507724 0.819776 -0.570431 -56.4385 -0.577518 0.490086 0.652907 -14.119
-0.842636 0.177429 -0.508412 -26.3074 -0.163109 0.815701 0.555003 -48.9561 0.513186 0.550592 -0.658398 -22.7788
0.810964 0.284788 0.51111 -19.3693 0.0483917 0.837909 -0.543661 -56.1304 -0.583092 0.465622 0.665732 -14.0715
-0.848841 0.124515 -0.513775 -25.1366 -0.219532 0.80108 0.556847 -50.0774 0.48091 0.585464 -0.652653 -21.4096
0.805152 0.28845 0.518196 -19.6966 0.0465108 0.840352 -0.540043 -55.8424 -0.591241 0.458918 0.663195 -14.2176
-0.836594 0.199515 -0.510201 -24.2665 -0.152468 0.809728 0.566653 -51.2669 0.526179 0.551847 -0.646993 -19.2953
0.843947 0.226669 0.486184 -19.2053 0.162632 0.755564 -0.634566 -57.6739 -0.51118 0.614609 0.600792 -13.2583
-0.861452 0.151447 -0.48473 -25.0897 -0.275517 0.662437 0.696612 -50.1545 0.426603 0.733649 -0.528931 -19.4148
0.856417 0.219313 0.467388 -18.9917 0.200384 0.693121 -0.692409 -58.5968 -0.475811 0.686648 0.549653 -12.9454
-0.867332 0.155404 -0.472848 -25.5428 -0.260592 0.667614 0.697412 -49.3307 0.424061 0.728108 -0.538545 -20.1687
0.849507 0.208464 0.484644 -18.587 0.246201 0.655818 -0.713645 -59.2212 -0.466607 0.725566 0.505798 -12.625
-0.866547 0.128729 -0.482208 -24.9847 -0.316009 0.606314 0.729742 -49.5732 0.386308 0.784737 -0.48472 -19.3169
0.854622 0.160714 0.493752 -18.4332 0.281732 0.65524 -0.70092 -59.4973 -0.436174 0.738127 0.514704 -12.3448
-0.85799 0.137149 -0.495018 -25.5141 -0.310094 0.629985 0.712013 -48.8228 0.409505 0.764401 -0.497992 -19.8856
0.849314 0.180028 0.496241 -18.9622 0.29474 0.618159 -0.728703 -59.0972 -0.437943 0.76516 0.471949 -13.2848
-0.864555 0.0723505 -0.497303 -25.3279 -0.399242 0.502117 0.767128 -48.5524 0.305206 0.861768 -0.405221 -19.5037
0.827369 0.213397 0.51954 -18.2719 0.29539 0.621425 -0.725656 -60.0429 -0.477708 0.753852 0.451112 -12.6017
-0.844184 0.0829144 -0.529603 -25.8155 -0.413667 0.527583 0.741982 -47.9192 0.34093 0.845447 -0.411078 -19.9992
0.772101 0.31043 0.55452 -17.6885 0.257732 0.644634 -0.719738 -60.5581 -0.58089 0.698628 0.417714 -11.9333
-0.795964 0.0894859 -0.598692 -26.7447 -0.422353 0.626416 0.65515 -47.5481 0.433657 0.774335 -0.46081 -20.9187
0.807563 0.322021 0.49411 -18.7868 0.202128 0.635934 -0.744805 -61.0772 -0.554063 0.701349 0.448467 -11.3935
-0.910112 0.153888 -0.384728 -24.6431 -0.20898 0.63128 0.74687 -46.6373 0.357805 0.760135 -0.542375 -21.9089
0.961475 0.274134 0.0203883 -25.067 -0.165507 0.636511 -0.753301 -60.3792 -0.219483 0.720905 0.65736 -9.97966
-0.893426 0.245298 0.376323 -17.8626 0.438259 0.659834 0.610369 -49.3492 -0.0985879 0.710245 -0.697016 -22.427
0.595178 0.294804 -0.747565 -30.7225 -0.715166 0.618564 -0.32545 -54.7129 0.366472 0.728333 0.578989 -12.4959
-0.104176 0.28497 0.952859 -14.566 0.796797 0.597277 -0.0915139 -57.179 -0.595199 0.749701 -0.289285 -16.6262
-0.446387 0.253074 -0.858308 -27.986 -0.619925 0.604252 0.500574 -47.1398 0.645315 0.755535 -0.112843 -19.0284
0.777872 0.32925 0.535265 -20.2837 0.291612 0.565382 -0.771561 -59.2332 -0.556666 0.756265 0.343782 -11.8309
-0.944447 0.260224 -0.200756 -20.9212 0.0059304 0.624219 0.781227 -47.2752 0.32861 0.736637 -0.591085 -20.7184
0.889936 0.370136 -0.266482 -26.5222 -0.441379 0.551768 -0.707628 -56.5445 -0.114882 0.747363 0.654408 -10.683
-0.625127 0.375639 0.684187 -15.2811 0.71983 0.616358 0.319294 -53.5699 -0.301764 0.692097 -0.655698 -19.0539
0.162566 0.241811 -0.956608 -29.4148 -0.798938 0.601196 0.0161987 -50.3447 0.579026 0.761637 0.290926 -15.6798
0.326847 0.363219 0.872493 -17.4443 0.687435 0.542154 -0.483221 -58.5072 -0.64854 0.757721 -0.0724881 -14.2727
-0.753186 0.307112 -0.581715 -23.2322 -0.343777 0.570179 0.746133 -46.9551 0.560828 0.761957 -0.323872 -19.9466
0.931572 0.338855 0.131722 -24.7401 -0.0687502 0.519973 -0.851412 -58.3484 -0.356997 0.784095 0.507688 -11.3474
-0.916904 0.334708 0.217387 -18.1577 0.385318 0.600442 0.700715 -49.5646 0.104007 0.726251 -0.679516 -21.1634
0.668858 0.363647 -0.648375 -29.6015 -0.704299 0.58909 -0.396153 -52.6267 0.237891 0.721619 0.650133 -13.0506
-0.403643 0.346808 0.846638 -17.1459 0.780164 0.613863 0.120494 -54.3011 -0.477931 0.709152 -0.518348 -18.0805
0.23197 0.250879 -0.939813 -29.4357 -0.802578 0.595259 -0.0391953 -50.3569 0.549598 0.763366 0.339432 -16.7136
-0.0781283 0.323967 0.942837 -18.2868 0.77741 0.611858 -0.14582 -55.4557 -0.624123 0.721578 -0.299659 -17.1416
-0.0979012 0.268497 -0.958292 -29.376 -0.753224 0.609351 0.247681 -48.3519 0.650438 0.746057 0.142582 -18.5172
0.269126 0.397219 0.877376 -18.8639 0.630879 0.615623 -0.47223 -57.2047 -0.72771 0.680607 -0.084917 -15.2813
-0.507276 0.268104 -0.819018 -26.6021 -0.511846 0.670855 0.536626 -46.7039 0.693314 0.691428 -0.20308 -21.0968
0.69373 0.368615 0.618759 -21.239 0.34304 0.586297 -0.733881 -57.3705 -0.633295 0.721373 0.280281 -13.5726
-0.72242 0.191462 -0.664418 -25.9734 -0.422589 0.638305 0.643417 -46.9133 0.547291 0.745593 -0.380214 -20.6478
0.696174 0.269828 0.665233 -18.7734 0.425995 0.590598 -0.685364 -57.6687 -0.577815 0.760518 0.296214 -13.4308
-0.745252 0.128734 -0.654238 -25.7712 -0.431437 0.65501 0.620342 -46.2376 0.508391 0.744573 -0.432606 -21.1774
0.718086 0.28433 0.635223 -17.9671 0.387841 0.594378 -0.704482 -58.9766 -0.577868 0.752244 0.316539 -12.8348
-0.744646 0.106185 -0.658959 -26.7798 -0.446959 0.653897 0.610449 -45.3751 0.495711 0.749095 -0.439461 -21.9229
0.728148 0.266504 0.631487 -16.9789 0.418394 0.556931 -0.717478 -59.8905 -0.542906 0.78664 0.294024 -13.0545
-0.595977 0.136069 -0.791389 -28.3811 -0.566077 0.627807 0.534243 -45.4997 0.569533 0.766383 -0.297133 -20.6181
0.540518 0.207623 0.815312 -13.7662 0.548608 0.647732 -0.528653 -57.9745 -0.637863 0.733032 0.236207 -13.2806
-0.459536 0.168835 -0.871964 -30.281 -0.577523 0.689067 0.437784 -45.9251 0.674755 0.704756 -0.219145 -20.1207
0.452362 0.151392 0.878891 -13.9188 0.60438 0.672644 -0.426938 -57.0636 -0.655816 0.724313 0.21278 -12.8707
-0.440068 0.169554 -0.881811 -31.3819 -0.5722 0.70387 0.420897 -45.1903 0.692045 0.689795 -0.212732 -20.3589
0.447117 0.154627 0.881009 -12.7446 0.601119 0.677427 -0.423968 -57.8067 -0.662376 0.719154 0.20994 -12.302
-0.432147 0.165397 -0.886506 -32.6736 -0.577186 0.704584 0.412818 -44.65 0.692896 0.690076 -0.209019 -20.6079
0.424231 0.184252 0.886611 -11.4485 0.572836 0.703691 -0.420333 -58.5454 -0.701347 0.6862 0.192981 -11.8377
-0.503626 0.247927 -0.827583 -31.0977 -0.485408 0.711227 0.508464 -43.0996 0.714661 0.657791 -0.237847 -20.9733
0.501775 0.235494 0.832325 -12.3603 0.483695 0.721339 -0.495692 -58.611 -0.71712 0.651316 0.248042 -11.0258
-0.492436 0.0737257 -0.867221 -31.9934 -0.642513 0.641338 0.419362 -44.5805 0.587099 0.763708 -0.268448 -20.8428
0.423946 0.224856 0.877331 -11.0816 0.486365 0.760641 -0.429971 -57.5373 -0.764015 0.608987 0.213109 -12.216
-0.394051 0.111975 -0.912242 -32.9593 -0.590864 0.729398 0.34476 -46.2706 0.703991 0.674863 -0.221258 -20.5795
0.285197 0.145939 0.947293 -11.354 0.520081 0.806624 -0.280846 -54.9565 -0.805095 0.572765 0.154147 -13.765
-0.171818 0.13454 -0.975898 -34.5918 -0.469911 0.859474 0.201222 -48.0523 0.86583 0.493158 -0.0844511 -19.093
0.0680573 0.156702 0.985298 -10.9424 0.499335 0.849644 -0.169618 -53.9848 -0.863732 0.503537 -0.0204224 -15.9017
0.715141 0.59681 -0.363855 -22.4173 -0.510631 0.801543 0.311103 -44.1121 0.477315 -0.0366875 0.877966 3.22499
-0.372617 0.907823 -0.19239 -24.5626 0.602475 0.394344 0.693915 -30.034 0.705819 0.142654 -0.693879 -16.8423
-0.0890345 0.93242 0.350236 -15.8471 0.514078 0.344196 -0.785655 -49.7725 -0.85311 0.110098 -0.509981 -25.1172
0.326842 0.939235 -0.104941 -19.0782 -0.901465 0.276488 -0.333042 -53.9533 -0.283789 0.203452 0.937054 -2.17272
-0.22765 0.90602 -0.356797 -26.4269 -0.0929371 0.344528 0.934165 -32.3326 0.969297 0.245822 0.00577096 -4.36095
-0.395174 0.894478 0.209155 -20.7309 0.821901 0.445975 -0.354382 -42.316 -0.410265 0.0318623 -0.911409 -24.4382
0.248832 0.934777 0.253522 -16.2905 -0.765532 0.35017 -0.539762 -53.3004 -0.593332 -0.0597695 0.802735 -5.30966
0.0851432 0.952737 -0.291622 -24.1026 -0.0622724 0.297201 0.952783 -31.209 0.99442 -0.062963 0.0846337 -5.6928
-0.432995 0.900832 0.0318916 -22.864 0.858216 0.422814 -0.291025 -40.6602 -0.275648 -0.0986423 -0.956183 -27.0754
0.0520256 0.906906 0.418108 -14.1677 -0.497412 0.386578 -0.776621 -57.2806 -0.865953 -0.167568 0.471218 -13.9654
0.383342 0.917117 -0.109289 -18.1567 -0.701597 0.366108 0.611333 -41.8784 0.600675 -0.157673 0.783791 2.50119
-0.258628 0.904847 -0.338176 -25.6545 0.753137 0.408107 0.51598 -32.2339 0.604894 -0.121246 -0.787021 -16.5443
-0.356337 0.910028 0.211835 -19.8715 0.314625 0.330341 -0.88988 -52.7911 -0.879792 -0.250448 -0.40403 -22.8844
0.205286 0.929909 0.305168 -13.5826 -0.933765 0.279495 -0.223534 -56.4305 -0.293159 -0.239067 0.925691 -2.11845
0.249181 0.919751 -0.303261 -20.4191 -0.082966 0.33226 0.939532 -35.273 0.964896 -0.208953 0.159101 -1.35416
-0.338202 0.89756 -0.282854 -24.4326 0.940972 0.326965 -0.0875634 -39.5223 0.0138897 -0.295771 -0.955157 -22.2708
-0.180484 0.928777 0.323728 -15.2285 -0.211214 0.284857 -0.935011 -59.5885 -0.960632 -0.23713 0.144759 -15.6321
0.35186 0.934165 0.0594198 -14.2626 -0.891565 0.315123 0.325286 -48.3619 0.285146 -0.167432 0.943747 4.38242
0.0611192 0.929817 -0.362912 -21.9356 0.344848 0.321532 0.881872 -30.1048 0.936666 -0.179049 -0.300993 -5.92469
-0.356728 0.931944 -0.0649978 -21.3037 0.876848 0.31001 -0.367467 -42.0548 -0.322308 -0.188079 -0.927762 -25.6453
-0.206801 0.946434 0.247982 -14.2484 0.0941138 0.271529 -0.957818 -64.1066 -0.973845 -0.17474 -0.145225 -24.5073
-0.0515573 0.963975 0.260948 -7.59858 -0.459173 0.209157 -0.863374 -81.4357 -0.886849 -0.164334 0.431847 -10.2567
0.0991303 0.975301 0.197386 -3.67881 -0.869408 0.181383 -0.459598 -87.0029 -0.484048 -0.126049 0.865914 11.7461
0.196115 0.978855 0.0581538 -3.58686 -0.976211 0.189304 0.105718 -78.8859 0.092474 -0.0775035 0.992694 33.6035
0.280157 0.949163 -0.143534 -8.6319 -0.716247 0.306235 0.627065 -59.4608 0.639141 -0.0728711 0.765629 47.2924
0.22193 0.929244 -0.295386 -16.9637 -0.263151 0.34878 0.899503 -36.9324 0.938881 -0.121895 0.321936 48.321
0.107568 0.907065 -0.407017 -27.4226 0.298684 0.360996 0.883443 -18.3324 0.94827 -0.216599 -0.232094 35.509
-0.200902 0.864239 -0.461225 -36.7247 0.642769 0.471597 0.603694 -10.1774 0.739247 -0.175178 -0.65025 13.8282
-0.500256 0.794314 -0.344689 -40.4974 0.787021 0.583097 0.201486 -13.4652 0.36103 -0.170483 -0.916838 -10.9792
-0.575736 0.817085 -0.0299898 -36.159 0.797688 0.553259 -0.239999 -27.0407 -0.179507 -0.162098 -0.970309 -32.1057
-0.374677 0.888789 0.263954 -26.2817 0.642645 0.454164 -0.617044 -48.1022 -0.6683 -0.0615631 -0.74134 -43.0274
-0.15852 0.899237 0.40773 -15.0794 0.208426 0.434122 -0.876412 -71.3716 -0.965106 -0.0539476 -0.256242 -39.4087
0.144341 0.906573 0.396599 -7.47931 -0.432469 0.418287 -0.798754 -85.9139 -0.89002 -0.056224 0.45244 -20.1079
0.294513 0.954123 0.0539614 -8.90016 -0.93593 0.299388 -0.185481 -82.3007 -0.193126 0.0041222 0.981165 5.26542
0.264491 0.954961 -0.134515 -14.6753 -0.6333 0.277182 0.722566 -59.2844 0.727307 -0.105923 0.678088 15.836
-0.0610241 0.943033 -0.327053 -21.9449 0.533185 0.307796 0.788021 -43.8758 0.843795 -0.126292 -0.521594 -3.76897
-0.286826 0.95695 -0.0444762 -20.3198 0.905489 0.255659 -0.338717 -60.0687 -0.312764 -0.137426 -0.939836 -25.5501
-0.191624 0.967125 0.167183 -13.5786 -0.187194 0.131198 -0.973523 -83.9177 -0.963451 -0.217846 0.155899 -13.4419
0.148683 0.984566 0.0923156 -10.8833 -0.988581 0.150303 -0.0108188 -76.1361 -0.0245269 -0.089653 0.99567 13.8963
0.0412811 0.976808 -0.210097 -17.2075 0.0262129 0.209146 0.977534 -49.4072 0.998803 -0.0458611 -0.0169714 6.60297
-0.126582 0.990338 -0.0566361 -17.5811 0.991217 0.124077 -0.0457639 -58.0114 -0.0382947 -0.0619317 -0.997345 -21.3842
0.0920741 0.989911 0.107691 -14.6791 -0.151592 0.120825 -0.981031 -85.862 -0.984145 0.0740023 0.161188 -9.18152
-0.0247787 0.973122 -0.228951 -20.421 -0.935387 0.0582456 0.348799 -69.7967 0.352759 0.2228 0.908801 14.2933
-0.395862 0.914155 -0.0872545 -19.5008 0.501908 0.294951 0.813076 -49.733 0.769013 0.278072 -0.575582 -7.67244
-0.0711147 0.925449 0.372137 -9.11146 0.684961 0.316517 -0.656237 -71.0915 -0.725101 0.208231 -0.656405 -21.6889
0.326795 0.945078 0.0057131 -10.3407 -0.789 0.276143 -0.54884 -83.0509 -0.520274 0.17485 0.835908 3.86783
-0.0759047 0.92751 -0.366011 -20.3499 -0.426203 0.301669 0.852847 -56.9918 0.901437 0.22073 0.372408 11.5561
-0.357392 0.915263 0.185916 -14.0244 0.933696 0.345456 0.0941966 -56.1645 0.0219886 0.207254 -0.978039 -17.3892
0.275569 0.93509 0.222864 -7.82341 -0.423257 0.326187 -0.845255 -80.8385 -0.863084 0.138597 0.48567 -2.2594
0.0182154 0.932845 -0.359816 -18.9656 -0.476599 0.32446 0.817056 -55.65 0.878932 0.156604 0.450503 10.4524
-0.296877 0.93021 0.215809 -12.1318 0.94019 0.324273 -0.104359 -59.8795 -0.167057 0.171919 -0.970842 -19.9025
0.468854 0.869051 0.157881 -7.00627 -0.645666 0.459181 -0.610139 -79.5452 -0.602737 0.184127 0.776405 3.85185
-0.248502 0.891127 -0.379656 -19.1337 0.130493 0.419178 0.898478 -52.0684 0.959801 0.173731 -0.220452 -1.65773
-0.0976109 0.900769 0.423187 -6.71678 0.619664 0.387746 -0.682401 -70.8904 -0.778774 0.195624 -0.596022 -20.3402
0.388878 0.898513 -0.20359 -11.5369 -0.921287 0.378693 -0.0884514 -75.4925 -0.0023764 0.221961 0.975052 8.372
-0.388227 0.906342 -0.166805 -17.54 0.563111 0.376585 0.735588 -51.8969 0.72951 0.191645 -0.656572 -9.39051
0.275474 0.866078 0.41716 -4.40886 0.196333 0.374116 -0.906362 -78.9622 -0.941045 0.331581 -0.0669801 -13.7759
0.164734 0.875484 -0.454302 -17.3095 -0.772248 0.401015 0.492769 -67.0097 0.613593 0.269657 0.74215 8.80935
-0.590744 0.790927 0.159548 -13.8214 0.803507 0.558666 0.205601 -59.3225 0.0734812 0.249654 -0.965542 -19.5044
0.37398 0.88351 0.282043 -4.39394 -0.512578 0.450346 -0.731063 -82.4576 -0.772918 0.128833 0.621288 -2.37654
-0.0753402 0.867165 -0.49229 -19.2784 -0.297743 0.451608 0.841071 -56.5213 0.951668 0.209942 0.224167 5.69943
-0.296908 0.883958 0.361197 -8.76261 0.828316 0.426615 -0.363172 -65.7175 -0.47512 0.191356 -0.858861 -20.6807
0.508033 0.861321 0.00533625 -7.32891 -0.816059 0.4833 -0.316971 -76.8802 -0.275592 0.156677 0.94842 6.77663
-0.404936 0.829571 -0.384497 -19.6005 0.350579 0.529244 0.772655 -52.829 0.844464 0.178078 -0.50514 -5.82958
0.0855554 0.837293 0.540019 -3.20754 0.178426 0.520368 -0.835094 -77.2283 -0.980226 0.1678 -0.104874 -11.6774
0.243105 0.849371 -0.468474 -17.3477 -0.650677 0.500979 0.570649 -61.3598 0.719388 0.166097 0.674456 11.0218
-0.49155 0.830993 0.26044 -10.4584 0.858937 0.511934 -0.0122992 -60.3576 -0.143549 0.217656 -0.965411 -19.9643
0.553047 0.824136 0.122226 -6.02548 -0.666818 0.525798 -0.528101 -79.1376 -0.499492 0.210562 0.840339 6.62799
-0.437448 0.776953 -0.452751 -22.6751 0.140868 0.556472 0.818839 -52.253 0.888141 0.294421 -0.352875 -3.86022
0.0493706 0.754305 0.654666 -1.55958 0.361648 0.597487 -0.715697 -75.7854 -0.931006 0.272092 -0.243294 -14.547
0.427067 0.72368 -0.542126 -19.1714 -0.650193 0.662429 0.372074 -65.8723 0.628381 0.193585 0.753432 11.9474
-0.633392 0.734918 0.242302 -14.1006 0.768627 0.63375 0.087033 -61.5237 -0.0895973 0.241365 -0.966289 -20.1739
0.68956 0.681676 0.24459 -5.05819 -0.523572 0.702559 -0.48196 -79.4733 -0.500378 0.204279 0.841362 5.3448
-0.404521 0.753853 -0.517752 -24.0927 0.219182 0.629558 0.745398 -55.1264 0.887874 0.188047 -0.4199 -5.14113
-0.0431053 0.745678 0.664911 -3.52481 0.0628306 0.666236 -0.743091 -79.3009 -0.997092 0.00974523 -0.0755693 -11.8531
0.351852 0.744865 -0.5669 -20.473 -0.377196 0.667104 0.642416 -60.9822 0.856693 -0.012203 0.51568 7.99714
-0.608018 0.707896 0.359442 -12.4686 0.605408 0.706296 -0.366918 -70.3229 -0.513612 -0.00548416 -0.858005 -21.9047
0.641368 0.762047 -0.0890563 -12.3618 -0.756713 0.647454 0.090498 -71.4881 0.126624 0.00934725 0.991906 10.4092
-0.661025 0.744476 -0.0938171 -19.5026 0.71778 0.663803 0.21014 -60.624 0.21872 0.0715676 -0.973159 -19.8972
0.508215 0.788027 0.347464 -5.38622 -0.666981 0.61537 -0.420069 -78.6722 -0.544843 -0.0182664 0.838338 4.55365
-0.385191 0.807319 -0.447061 -23.3461 0.470287 0.588542 0.657609 -53.8237 0.794013 0.043058 -0.606372 -10.8099
0.176111 0.808452 0.561596 -3.37063 -0.299223 0.587483 -0.751885 -81.3298 -0.937789 -0.0356277 0.34537 -5.74258
-0.0147491 0.817139 -0.576253 -22.5004 0.0308552 0.576413 0.816577 -54.372 0.999414 -0.00573686 -0.0337148 -0.0816598
-0.0830439 0.833059 0.546915 -4.69503 0.264758 0.547531 -0.793797 -79.0574 -0.960732 0.0788796 -0.266027 -15.3966
0.219644 0.822856 -0.524084 -19.721 -0.518056 0.55358 0.65205 -60.3072 0.826665 0.128286 0.547875 7.74391
-0.360354 0.819335 0.445909 -6.37384 0.667193 0.560465 -0.490646 -72.298 -0.651919 0.120701 -0.74862 -21.6363
0.435462 0.853208 -0.28707 -13.1502 -0.817519 0.508323 0.270687 -67.9263 0.376876 0.116811 0.918868 12.0552
-0.435707 0.896401 0.0813939 -13.2659 0.900013 0.435061 0.0264651 -60.5228 -0.0116883 0.0847864 -0.99633 -22.1817
0.475403 0.879764 0.00253171 -8.95995 -0.837188 0.453277 -0.306036 -77.106 -0.270386 0.143371 0.952016 9.58082
-0.489944 0.86203 -0.129843 -16.6915 0.71214 0.481681 0.510726 -53.9501 0.502803 0.15776 -0.849882 -16.9192
0.407152 0.888779 0.210473 -5.79457 -0.589842 0.431802 -0.682375 -81.8348 -0.697362 0.153684 0.700047 2.4745
-0.35749 0.868061 -0.344486 -19.9639 0.386709 0.473343 0.791457 -51.372 0.850092 0.149722 -0.504902 -9.18141
0.345872 0.850043 0.39724 -4.52933 -0.16044 0.470714 -0.867576 -81.6643 -0.924462 0.236337 0.299188 -5.21686
-0.0727203 0.861646 -0.502274 -21.2205 -0.155889 0.487598 0.859039 -54.7389 0.985094 0.140768 0.0988627 4.35403
0.0129311 0.888277 0.459127 -6.25823 0.367726 0.422764 -0.828281 -78.4952 -0.929844 0.179543 -0.321175 -12.3839
-0.00345632 0.870862 -0.491515 -20.7966 -0.364964 0.456515 0.811417 -56.3574 0.931015 0.182189 0.316255 4.69599
0.00444152 0.892411 0.451202 -6.52618 0.371901 0.417368 -0.829153 -78.3022 -0.928261 0.171485 -0.330034 -12.3641
-0.0505809 0.872288 -0.486369 -21.2042 -0.376167 0.434489 0.818364 -56.6642 0.92517 0.224349 0.306148 4.15223
0.158717 0.887863 0.431865 -7.46131 0.203845 0.398518 -0.894221 -80.8356 -0.966051 0.229961 -0.117735 -6.23029
-0.208152 0.870908 -0.445188 -20.8172 -0.0790322 0.438694 0.895155 -56.6916 0.974898 0.221512 -0.0224856 -0.795382
0.293906 0.895308 0.334728 -9.16829 -0.0667157 0.368556 -0.927209 -83.7043 -0.953503 0.25018 0.168052 -1.90705
-0.468525 0.808361 -0.356423 -21.8325 0.0795435 0.440405 0.894269 -57.1974 0.879861 0.390636 -0.270641 -4.92723
0.520974 0.811236 0.265485 -11.176 -0.132416 0.384074 -0.913759 -84.399 -0.843239 0.440889 0.307513 -0.15987
-0.505857 0.810788 -0.294503 -21.6224 0.193422 0.439325 0.877259 -57.4159 0.840652 0.386803 -0.37906 -7.828
0.598958 0.755798 0.264612 -11.7088 -0.139843 0.424087 -0.89476 -83.8122 -0.788475 0.498919 0.359703 0.260261
-0.47726 0.831475 -0.284379 -21.3947 0.21139 0.42274 0.881253 -57.2809 0.852957 0.360472 -0.377522 -7.94028
0.660509 0.704097 0.260721 -11.6412 -0.114601 0.437724 -0.891777 -82.8557 -0.74202 0.559147 0.36981 0.000438213
-0.515956 0.812148 -0.272407 -21.1009 0.20245 0.424605 0.882454 -56.7038 0.832348 0.400158 -0.383497 -8.22592
0.630934 0.735334 0.247398 -11.7402 -0.147492 0.426748 -0.892263 -82.5123 -0.761687 0.526469 0.377706 -0.22302
-0.439944 0.856132 -0.271085 -21.0784 0.251891 0.407395 0.877828 -56.3737 0.861974 0.317911 -0.394883 -8.25648
0.583437 0.776252 0.238818 -11.8676 -0.171023 0.404888 -0.898231 -83.1466 -0.793947 0.483217 0.368983 -0.393733
-0.446813 0.85497 -0.263412 -21.3565 0.237744 0.397326 0.886347 -56.0856 0.862459 0.333406 -0.380794 -8.35906
0.616496 0.747037 0.248734 -11.4655 -0.163721 0.430633 -0.887554 -83.0566 -0.770148 0.506449 0.387789 -0.255655
-0.558689 0.790582 -0.250694 -21.3965 0.187004 0.414562 0.8906 -55.9658 0.808019 0.450687 -0.379453 -8.10289
0.419714 0.870247 0.257897 -12.4293 -0.278231 0.393812 -0.876071 -82.9007 -0.86396 0.295945 0.407418 0.310459
-0.309695 0.918663 -0.245251 -20.9433 0.328908 0.345512 0.878887 -56.2822 0.892136 0.191522 -0.409159 -8.59034
0.47352 0.839451 0.266648 -11.6343 -0.260155 0.422533 -0.868209 -82.5305 -0.841485 0.341744 0.418465 0.45353
-0.519059 0.81618 -0.253826 -20.5853 0.240662 0.424505 0.872857 -56.1739 0.820158 0.391977 -0.416766 -9.00185
0.514853 0.843114 0.155195 -14.681 -0.427415 0.409377 -0.806057 -80.5561 -0.74313 0.348667 0.571128 5.39442
-0.623785 0.779193 -0.0612445 -17.6096 0.519305 0.471741 0.712589 -58.9768 0.584135 0.412698 -0.698903 -13.5947
0.537601 0.84311 -0.01228 -17.5574 -0.618512 0.384406 -0.68533 -78.8418 -0.573087 0.376029 0.72813 6.80774
-0.587097 0.806535 0.0694119 -16.3303 0.634769 0.405454 0.657782 -59.253 0.50238 0.430242 -0.750004 -15.2115
0.600372 0.794824 -0.088367 -18.885 -0.679449 0.44868 -0.580549 -77.1536 -0.421785 0.408586 0.809416 7.6259
-0.6376 0.729017 0.249 -13.1682 0.727524 0.463529 0.505817 -62.6066 0.25333 0.503661 -0.825922 -15.1829
0.507493 0.813 -0.285452 -21.2216 -0.832763 0.377712 -0.404772 -73.6189 -0.221261 0.443132 0.868721 7.76666
-0.633694 0.697316 0.334938 -11.7676 0.763096 0.492417 0.418583 -63.8147 0.126955 0.520842 -0.844159 -15.8487
0.492275 0.824904 -0.277849 -21.3326 -0.842244 0.370824 -0.391301 -73.8331 -0.219752 0.426643 0.877316 8.93578
-0.643264 0.688843 0.334228 -11.5478 0.757616 0.509616 0.407811 -63.695 0.110589 0.515546 -0.849695 -16.4555
0.525084 0.805191 -0.2756 -20.7773 -0.828259 0.409042 -0.382979 -73.8073 -0.195639 0.429363 0.881687 7.86186
-0.668451 0.662545 0.337946 -11.381 0.737616 0.53228 0.415454 -63.0814 0.0953745 0.526984 -0.844506 -16.9827
0.55634 0.781137 -0.283393 -21.0048 -0.812556 0.440035 -0.382261 -74.003 -0.173895 0.442939 0.879525 7.82806
-0.680913 0.642754 0.351034 -11.2307 0.727772 0.54026 0.422455 -63.1474 0.0818844 0.543127 -0.835647 -17.3064
0.573837 0.762646 -0.298467 -21.4621 -0.806413 0.462605 -0.368369 -74.2177 -0.142862 0.452071 0.880467 8.03005
-0.66382 0.655916 0.359329 -11.3939 0.742659 0.521369 0.420279 -62.4051 0.0883246 0.545847 -0.833216 -17.9827
0.532992 0.795201 -0.289095 -21.4771 -0.829398 0.423423 -0.364437 -74.0268 -0.167391 0.434016 0.885217 8.40156
-0.569187 0.737569 0.363343 -11.1208 0.810669 0.429653 0.397763 -62.8754 0.137265 0.520952 -0.842476 -18.476
0.520514 0.801664 -0.293938 -21.323 -0.831444 0.397524 -0.38817 -75.1978 -0.194334 0.446441 0.873455 8.0141
-0.675462 0.661476 0.325885 -11.8408 0.731446 0.545001 0.409832 -63.976 0.0934861 0.515192 -0.85196 -17.9928
0.571639 0.781364 -0.250401 -20.8273 -0.784014 0.430158 -0.447534 -77.1271 -0.241974 0.452145 0.858494 7.85575
-0.784673 0.567245 0.250043 -13.3174 0.605427 0.614557 0.505746 -62.6169 0.133216 0.548228 -0.82565 -17.7203
0.546645 0.821363 -0.162915 -19.2155 -0.759577 0.404499 -0.509337 -78.8619 -0.352451 0.402173 0.845005 8.24781
-0.826945 0.533849 0.176545 -14.5481 0.529345 0.63325 0.564615 -61.9467 0.189622 0.560357 -0.806252 -17.1594
0.662903 0.739755 -0.115419 -18.3603 -0.653079 0.495938 -0.572306 -80.816 -0.366125 0.454761 0.811877 7.37017
-0.727031 0.685302 -0.0422807 -20.6143 0.45487 0.526866 0.717988 -57.7604 0.514314 0.502767 -0.69477 -15.0263
0.611589 0.757516 0.228319 -12.9682 -0.320858 0.501261 -0.80361 -84.6517 -0.723194 0.41822 0.54962 1.96131
-0.452824 0.805747 -0.381735 -26.5878 0.135463 0.485351 0.863763 -56.064 0.881249 0.339421 -0.328927 -8.18587
0.195304 0.857985 0.475098 -10.8641 0.0520734 0.474672 -0.878622 -85.6729 -0.979359 0.196338 0.0480273 -7.80701
-0.256504 0.797798 -0.545641 -29.9929 -0.456216 0.397752 0.796029 -59.5688 0.852099 0.453114 0.261943 1.63433
-0.0779769 0.792082 0.605414 -10.2272 0.622154 0.513166 -0.591258 -79.0418 -0.779002 0.330556 -0.532811 -17.6666
0.119599 0.837863 -0.532618 -28.7002 -0.878089 0.339618 0.337078 -69.3242 0.463311 0.427371 0.776335 9.01178
-0.440627 0.752406 0.489626 -13.6361 0.866176 0.499602 0.0117593 -68.189 -0.23577 0.429283 -0.871853 -20.5492
0.443518 0.856971 -0.262476 -22.4069 -0.878917 0.358521 -0.314593 -80.2475 -0.175494 0.370222 0.912215 9.30605
-0.477128 0.875273 0.0790329 -20.9937 0.704125 0.326915 0.630346 -58.5678 0.525887 0.356404 -0.772281 -15.9378
0.497892 0.857898 0.126941 -16.4202 -0.370749 0.342883 -0.863121 -88.3423 -0.783995 0.382677 0.488783 -0.615893
-0.370218 0.866094 -0.335885 -28.6113 -0.0467903 0.343733 0.937902 -56.3565 0.927765 0.362944 -0.0867313 -2.63369
0.119354 0.879497 0.460695 -12.9117 0.433233 0.371373 -0.821214 -83.5156 -0.893344 0.297603 -0.336701 -15.3247
0.0346691 0.890544 -0.453574 -28.1285 -0.792286 0.301125 0.530667 -67.2623 0.609164 0.340962 0.716004 9.80805
-0.116564 0.912183 0.392855 -15.5642 0.974832 0.180767 -0.130486 -69.4436 -0.190042 0.367757 -0.910295 -20.7147
0.298383 0.891788 -0.34012 -26.2566 -0.942342 0.218686 -0.253315 -79.8217 -0.151524 0.396093 0.905621 8.69809
-0.473646 0.858811 0.195202 -20.972 0.738261 0.266303 0.619721 -57.7962 0.48024 0.437638 -0.760159 -15.3807
0.525099 0.850387 0.0333725 -18.8259 -0.366524 0.261365 -0.892945 -88.0399 -0.76807 0.456652 0.448929 -2.38528
-0.368792 0.878667 -0.303211 -29.6449 -0.0794764 0.295202 0.952124 -57.1325 0.926107 0.375234 -0.039035 -1.67769
0.0729465 0.866426 0.493949 -13.6627 0.480422 0.403494 -0.778709 -81.3612 -0.873998 0.294108 -0.386816 -15.901
0.119385 0.883296 -0.453361 -28.0157 -0.833031 0.337558 0.438309 -69.0098 0.540192 0.325336 0.776111 10.036
-0.276691 0.915414 0.292335 -19.3089 0.96062 0.2554 0.109458 -63.4976 0.0255373 0.311109 -0.950031 -20.3589
0.437061 0.89716 -0.0638888 -20.4455 -0.692476 0.290315 -0.660451 -85.833 -0.573981 0.332898 0.748146 1.85832
-0.310708 0.925831 -0.21517 -28.1406 0.141459 0.268894 0.952726 -55.2215 0.939919 0.265582 -0.214514 -2.85815
0.0545054 0.928141 0.368217 -16.2135 0.512189 0.290567 -0.808229 -80.0848 -0.857141 0.232649 -0.459546 -19.7621
0.179889 0.937038 -0.299331 -25.671 -0.941212 0.252412 0.224521 -75.0112 0.285939 0.241345 0.927356 11.1828
-0.360437 0.929813 0.0743868 -24.0461 0.802122 0.268256 0.533516 -55.6499 0.476115 0.251966 -0.842512 -15.6439
0.324229 0.915465 0.238325 -15.399 -0.112515 0.287467 -0.951159 -87.5824 -0.939263 0.281578 0.196208 -11.0945
0.0776065 0.917193 -0.390813 -28.3792 -0.652203 0.343188 0.67591 -65.9335 0.754061 0.202434 0.624828 11.5964
-0.342742 0.919041 0.194657 -22.4333 0.938558 0.326065 0.113104 -60.2779 0.0404762 0.221462 -0.974328 -20.6421
0.423204 0.895548 0.137447 -16.3937 -0.430634 0.332291 -0.839129 -89.0094 -0.797152 0.295933 0.52628 -4.71249
-0.137798 0.883755 -0.4472 -31.0915 -0.47572 0.336964 0.812494 -62.3549 0.868735 0.324702 0.373987 9.80756
-0.34679 0.885481 0.309289 -20.8424 0.921968 0.382419 -0.0610931 -62.517 -0.172375 0.263967 -0.949003 -22.585
0.103479 0.992222 0.0691944 -17.9481 -0.631565 0.119291 -0.766092 -88.9615 -0.768386 0.0355736 0.638996 -2.14097
-0.180872 0.976345 -0.118476 -21.9327 -0.413512 0.0338054 0.909871 -59.1922 0.892352 0.213561 0.397615 12.281
-0.230499 0.955116 0.186072 -16.0156 0.968955 0.242863 -0.0463201 -59.3962 -0.0894311 0.169619 -0.981443 -20.3324
0.343615 0.934388 0.0940586 -12.6003 -0.598844 0.295164 -0.74449 -84.1595 -0.723404 0.199491 0.660975 0.141144
-0.0864425 0.943922 -0.318651 -23.4505 -0.219623 0.293925 0.930255 -53.4382 0.971747 0.150396 0.181899 7.41537
-0.238429 0.938461 0.249885 -15.5624 0.879073 0.317917 -0.355191 -63.7222 -0.412776 0.134979 -0.900775 -22.8682
0.188815 0.980176 -0.0600223 -17.3591 -0.750575 0.104633 -0.65245 -86.0471 -0.633235 0.168243 0.755451 0.700359
-0.193348 0.979103 -0.0630417 -19.8628 -0.0265607 0.0590074 0.997905 -54.4671 0.98077 0.194617 0.0145965 2.42953
0.0126225 0.982406 0.186327 -14.0449 0.769406 0.109472 -0.62931 -74.1706 -0.638636 0.151305 -0.754487 -23.0607
0.10098 0.979157 -0.176221 -19.93 -0.99425 0.092971 -0.0531483 -77.665 -0.0356569 0.180574 0.982914 8.04041
-0.28242 0.957975 0.0502173 -19.0481 0.6924 0.167336 0.701842 -53.8104 0.663943 0.232985 -0.71056 -14.6002
0.14405 0.969423 0.198665 -12.7616 -0.0398015 0.206273 -0.977685 -85.1179 -0.988769 0.132928 0.0682981 -12.4943
-0.103238 0.97741 -0.184421 -18.6454 -0.631846 0.0787529 0.771084 -61.042 0.768188 0.196131 0.609441 6.45609
-0.00451678 0.982116 0.188222 -12.2525 0.998281 0.0154304 -0.0565571 -62.4748 -0.0584501 0.187642 -0.980496 -24.5101
