1 0 0 0 0 1 0 0 0 0 1 0
0.99998 0.000603594 -0.00625803 -0.00853822 -0.000603089 1 8.25552e-05 -0.00920025 0.00625807 -7.87794e-05 0.99998 0.0815689
0.999912 0.000979494 -0.0131993 -0.0143202 -0.000977777 1 0.000136542 -0.00972624 0.0131995 -0.000123624 0.999913 0.168901
0.999788 0.00137398 -0.0205296 -0.0284008 -0.00138361 0.999999 -0.000454755 -0.0124671 0.020529 0.000483064 0.999789 0.2559
0.999555 0.0019623 -0.0297644 -0.0458784 -0.00200983 0.999997 -0.00156723 -0.0127563 0.0297612 0.00162635 0.999556 0.350323
0.99915 0.00203226 -0.0411666 -0.0587176 -0.00209997 0.999996 -0.00160151 -0.00962917 0.0411632 0.0016866 0.999151 0.465078
0.998511 0.00142941 -0.0545305 -0.0792972 -0.00154014 0.999997 -0.00198859 -0.00422509 0.0545274 0.00206961 0.99851 0.584187
0.997496 0.00125903 -0.0707159 -0.101241 -0.00138537 0.999998 -0.00173751 -0.00655544 0.0707135 0.00183113 0.997495 0.714908
0.996023 0.000789442 -0.0890897 -0.12716 -0.000923217 0.999999 -0.00146037 -0.00804874 0.0890885 0.00153681 0.996022 0.857181
0.994073 0.000191629 -0.108716 -0.152708 -0.000344251 0.999999 -0.0013851 -0.016196 0.108715 0.00141431 0.994072 1.02401
0.991373 -0.0002575 -0.131068 -0.189993 -7.60599e-06 0.999998 -0.00202215 -0.0162184 0.131068 0.0020057 0.991371 1.18284
0.98795 0.00284629 -0.154745 -0.241488 -0.0032782 0.999991 -0.002536 -0.0230597 0.154737 0.00301273 0.987951 1.3572
0.983671 0.00654321 -0.179854 -0.297176 -0.00759396 0.999958 -0.0051543 -0.02522 0.179813 0.00643594 0.98368 1.54216
0.978376 0.0092663 -0.206626 -0.360505 -0.0106183 0.999929 -0.00543516 -0.0308797 0.20656 0.00751164 0.978405 1.73544
0.971857 0.0096876 -0.235373 -0.431592 -0.0113496 0.999919 -0.00570725 -0.0339771 0.235299 0.00821801 0.971888 1.92725
0.963838 0.0108388 -0.266269 -0.507885 -0.0126785 0.999906 -0.00519102 -0.0348942 0.266188 0.00837919 0.963885 2.11422
0.954617 0.0113151 -0.297622 -0.601455 -0.0132896 0.999901 -0.0046114 -0.034224 0.297541 0.00835739 0.954673 2.31866
0.94348 0.0129455 -0.331177 -0.701636 -0.0149074 0.999883 -0.00338454 -0.0409008 0.331095 0.00813025 0.943563 2.51106
0.931069 0.0155544 -0.364512 -0.802542 -0.0179991 0.999833 -0.00331009 -0.0483412 0.3644 0.00964281 0.931193 2.70257
0.917477 0.0172912 -0.397412 -0.927584 -0.0201105 0.999794 -0.00292728 -0.0463265 0.397279 0.0106779 0.917636 2.90764
0.901731 0.0168913 -0.431967 -1.05122 -0.0202126 0.999791 -0.00309875 -0.0408879 0.431824 0.0115254 0.901884 3.10782
0.883733 0.0137857 -0.467787 -1.17347 -0.0173603 0.999844 -0.00333108 -0.0412049 0.467668 0.0110647 0.883835 3.30535
0.862844 0.0105798 -0.50536 -1.3153 -0.014494 0.999888 -0.00381398 -0.0549631 0.505263 0.0106156 0.8629 3.50698
0.838593 0.0115125 -0.544636 -1.46618 -0.0148581 0.999888 -0.00174181 -0.0676166 0.544555 0.00955293 0.838671 3.70197
0.810232 0.0165774 -0.585875 -1.65562 -0.0192199 0.999814 0.00170976 -0.0688951 0.585794 0.00987516 0.8104 3.89123
0.778534 0.0188197 -0.627321 -1.85217 -0.0218355 0.999757 0.0028939 -0.0696782 0.627223 0.0114449 0.778756 4.07503
0.743613 0.0180396 -0.668367 -2.05085 -0.021918 0.999756 0.00259841 -0.0688039 0.668251 0.0127171 0.743828 4.24843
0.70491 0.0143822 -0.70915 -2.27647 -0.0166523 0.999854 0.00372531 -0.0768102 0.709101 0.00918294 0.705047 4.44374
0.663094 0.0122827 -0.748435 -2.50332 -0.0139957 0.999894 0.00400968 -0.0832279 0.748405 0.00781606 0.663196 4.61244
0.619537 0.0118011 -0.784878 -2.74717 -0.0123419 0.99991 0.00529223 -0.0859207 0.78487 0.00640817 0.619627 4.77417
0.572164 0.0117767 -0.820054 -3.02822 -0.0104347 0.99992 0.00707933 -0.0820436 0.820073 0.00450645 0.572242 4.94897
0.52188 0.0127004 -0.852924 -3.31388 -0.0094159 0.999914 0.00912787 -0.0811591 0.852967 0.00326739 0.521955 5.09088
0.470278 0.0130664 -0.882422 -3.60743 -0.00847942 0.999911 0.0102871 -0.0799104 0.882478 0.0026446 0.470347 5.21545
0.415954 0.0144586 -0.90927 -3.94863 -0.0081806 0.999893 0.0121573 -0.0796164 0.909349 0.0023815 0.416028 5.34911
0.361927 0.0158989 -0.932071 -4.28131 -0.00766558 0.999871 0.0140788 -0.0725925 0.932175 0.00204936 0.362002 5.4405
0.306414 0.0171838 -0.951743 -4.65965 -0.00654216 0.999851 0.0159461 -0.0728223 0.951876 0.00134033 0.306481 5.54296
0.253051 0.0181258 -0.967283 -5.04303 -0.00321327 0.999835 0.0178952 -0.0724316 0.967448 -0.00142027 0.253068 5.62418
0.202561 0.0187677 -0.97909 -5.42467 -0.0012133 0.99982 0.0189141 -0.0846118 0.979269 -0.00264334 0.202548 5.67786
0.1544 0.0191651 -0.987822 -5.85854 -0.00314844 0.999816 0.0189057 -0.0796154 0.988004 0.000191058 0.154432 5.71319
0.112196 0.0200102 -0.993484 -6.28333 -0.00460049 0.999797 0.0196178 -0.0665133 0.993676 0.00236946 0.112265 5.73528
0.0735055 0.0190717 -0.997112 -6.74112 -0.00553511 0.99981 0.0187153 -0.0563956 0.99728 0.00414344 0.0735972 5.74153
0.0390101 0.0175218 -0.999085 -7.20996 -0.00495536 0.999837 0.0173415 -0.05208 0.999227 0.00427433 0.0390907 5.74237
0.00801898 0.0153118 -0.99985 -7.68058 -0.00453778 0.999873 0.0152758 -0.0504424 0.999958 0.0044146 0.00808751 5.73683
-0.0192566 0.0138144 -0.999719 -8.18264 -0.00391694 0.999896 0.0138923 -0.0503696 0.999807 0.00418334 -0.0192004 5.70866
-0.0398662 0.0121536 -0.999131 -8.68256 -0.00398231 0.999916 0.0123221 -0.0473198 0.999197 0.00447007 -0.0398144 5.67168
-0.0574588 0.0112703 -0.998284 -9.21498 -0.00347167 0.999928 0.0114887 -0.0399233 0.998342 0.00412583 -0.0574155 5.62527
-0.0708032 0.0123594 -0.997414 -9.75195 -0.00266658 0.999917 0.0125797 -0.0348202 0.997487 0.00355036 -0.0707643 5.5734
-0.0805586 0.0132286 -0.996662 -10.3019 -0.0029674 0.999904 0.0135115 -0.0298744 0.996745 0.00404596 -0.0805116 5.51586
-0.0880069 0.0136903 -0.996026 -10.8771 -0.00370689 0.999894 0.014071 -0.0296629 0.996113 0.00493049 -0.0879468 5.45841
-0.0923795 0.0147462 -0.995615 -11.4589 -0.00374402 0.999878 0.0151568 -0.0211115 0.995717 0.00512776 -0.0923129 5.39912
-0.0945913 0.0149696 -0.995403 -12.0661 -0.0037334 0.999875 0.0153916 -0.0129213 0.995509 0.00517215 -0.0945235 5.33521
-0.0937927 0.016242 -0.995459 -12.6793 -0.00166077 0.999863 0.0164703 -0.0123148 0.99559 0.00319802 -0.0937528 5.27803
-0.0929273 0.0177538 -0.995514 -13.3294 -0.00212901 0.999835 0.0180296 -0.00222373 0.995671 0.00379489 -0.0928741 5.21196
-0.0912652 0.0176103 -0.995671 -13.9776 -0.00377595 0.999831 0.01803 0.0152938 0.99582 0.0054051 -0.0911832 5.14551
-0.0897557 0.0159374 -0.995836 -14.636 -0.00715782 0.999836 0.0166466 0.0289864 0.995938 0.00862213 -0.0896268 5.07671
-0.0887081 0.0153379 -0.995939 -15.3253 -0.00868463 0.999832 0.0161714 0.0472577 0.99602 0.0100839 -0.0885599 5.00872
-0.0871745 0.0166884 -0.996053 -16.0208 -0.0077616 0.999818 0.0174307 0.0524311 0.996163 0.00925046 -0.087029 4.94561
-0.0859312 0.0191541 -0.996117 -16.754 -0.0100287 0.999748 0.0200891 0.0608609 0.996251 0.011716 -0.0857174 4.87195
-0.0840703 0.0205909 -0.996247 -17.473 -0.00984433 0.999721 0.0214934 0.0679538 0.996411 0.0116143 -0.0838441 4.8124
-0.0828382 0.0207525 -0.996347 -18.2147 -0.0115087 0.999697 0.0217791 0.0767411 0.996497 0.0132708 -0.0825741 4.74214
-0.0816038 0.0185596 -0.996492 -18.9708 -0.0126156 0.999728 0.019653 0.0834169 0.996585 0.0141751 -0.0813473 4.68176
-0.0798744 0.0181806 -0.996639 -19.735 -0.012614 0.999735 0.0192481 0.0937281 0.996725 0.0141091 -0.0796239 4.60571
-0.0792663 0.0197079 -0.996658 -20.528 -0.0142428 0.99968 0.0209004 0.0981903 0.996752 0.0158519 -0.0789602 4.54454
-0.0777918 0.0212667 -0.996742 -21.3174 -0.0113525 0.999689 0.0222156 0.0908037 0.996905 0.0130437 -0.0775261 4.47817
-0.077724 0.0225901 -0.996719 -22.1295 -0.0099813 0.999676 0.0234354 0.095135 0.996925 0.01177 -0.0774732 4.41883
-0.076673 0.0217784 -0.996818 -22.93 -0.0100481 0.999694 0.0226141 0.10937 0.997006 0.01175 -0.0764307 4.35303
-0.0766844 0.0161875 -0.996924 -23.7328 -0.00864509 0.99982 0.0168996 0.110303 0.997018 0.00991441 -0.0765306 4.28841
-0.0772092 0.015421 -0.996895 -24.549 -0.00831656 0.999836 0.0161106 0.125497 0.99698 0.00953461 -0.0770682 4.22917
-0.0775594 0.0158521 -0.996861 -25.367 -0.00902439 0.999822 0.0166013 0.136236 0.996947 0.0102836 -0.0774025 4.1587
-0.0783453 0.0218007 -0.996687 -26.2059 -0.0106233 0.999686 0.0227013 0.153349 0.99687 0.0123666 -0.078089 4.08749
-0.0789567 0.0290412 -0.996455 -27.056 -0.0125457 0.999468 0.0301231 0.158993 0.996799 0.0148796 -0.0785503 4.01732
-0.0783165 0.0343762 -0.996335 -27.888 -0.0151526 0.999249 0.0356678 0.159987 0.996813 0.0178904 -0.0777367 3.93905
-0.079543 0.0339948 -0.996251 -28.7298 -0.0155937 0.999254 0.0353423 0.183354 0.996709 0.0183465 -0.0789534 3.87207
-0.0793721 0.0324401 -0.996317 -29.5597 -0.0159789 0.999301 0.0338102 0.196148 0.996717 0.0186036 -0.0787982 3.80143
-0.0812863 0.0308786 -0.996212 -30.396 -0.0166344 0.999339 0.0323328 0.215205 0.996552 0.0191996 -0.0807189 3.73066
-0.081664 0.0317295 -0.996154 -31.2353 -0.0171181 0.999301 0.033233 0.240866 0.996513 0.0197662 -0.0810637 3.65615
-0.0809872 0.032703 -0.996178 -32.0695 -0.0166245 0.999278 0.0341563 0.244948 0.996576 0.0193271 -0.080385 3.58257
-0.0817713 0.0320537 -0.996135 -32.9018 -0.0169899 0.999293 0.03355 0.253278 0.996506 0.0196677 -0.0811688 3.5136
-0.0808678 0.0277443 -0.996338 -33.7159 -0.0195492 0.999376 0.0294156 0.273378 0.996533 0.0218563 -0.0802749 3.44005
-0.0818183 0.0239707 -0.996359 -34.5383 -0.0251486 0.999343 0.0261076 0.30001 0.99633 0.0271931 -0.0811617 3.3639
-0.0819728 0.0239795 -0.996346 -35.37 -0.0254006 0.999336 0.0261413 0.292587 0.996311 0.0274506 -0.0813092 3.28956
-0.0813025 0.0252505 -0.996369 -36.1984 -0.0234475 0.999354 0.0272395 0.290557 0.996413 0.025577 -0.0806578 3.22221
-0.0830309 0.0276945 -0.996162 -37.0304 -0.0218047 0.999324 0.0295999 0.28923 0.996308 0.0241787 -0.0823709 3.1449
-0.0822845 0.0327029 -0.996072 -37.8508 -0.0190246 0.999228 0.0343781 0.308622 0.996427 0.0217786 -0.0815987 3.07114
-0.0835104 0.0345881 -0.995906 -38.687 -0.018467 0.999172 0.0362501 0.305181 0.996336 0.0214186 -0.0828025 2.98928
-0.083814 0.034789 -0.995874 -39.5151 -0.0163168 0.999209 0.0362787 0.310654 0.996347 0.0192902 -0.08318 2.91158
-0.0832091 0.0314536 -0.996035 -40.3321 -0.017861 0.999294 0.0330486 0.333657 0.996372 0.0205401 -0.0825885 2.84053
-0.0840788 0.0280071 -0.996065 -41.1633 -0.0202106 0.999351 0.0298055 0.355408 0.996254 0.0226371 -0.0834582 2.7583
-0.0839679 0.0261074 -0.996126 -41.9806 -0.0230947 0.999337 0.0281383 0.369634 0.996201 0.0253679 -0.0833093 2.68416
-0.0851312 0.0247136 -0.996063 -42.8092 -0.0236975 0.999359 0.0268207 0.373394 0.996088 0.0258875 -0.0844909 2.60244
-0.0861141 0.0235625 -0.996006 -43.6306 -0.0209954 0.999455 0.0254594 0.385157 0.996064 0.0231039 -0.0855725 2.52801
-0.0871536 0.0210938 -0.995971 -44.4415 -0.0210806 0.999513 0.0230135 0.402051 0.995972 0.0230013 -0.0866664 2.45882
-0.089071 0.0208689 -0.995806 -45.2664 -0.0183354 0.999577 0.0225879 0.406954 0.995856 0.0202704 -0.0886506 2.39534
-0.09073 0.0231302 -0.995606 -46.0795 -0.0171304 0.999546 0.0247828 0.419493 0.995728 0.0193037 -0.0902925 2.31463
-0.0932075 0.0285803 -0.995236 -46.9077 -0.0146444 0.99944 0.0300726 0.430248 0.995539 0.0173776 -0.0927367 2.23867
-0.0952831 0.0318072 -0.994942 -47.7259 -0.0122912 0.999376 0.0331261 0.446925 0.995374 0.0153854 -0.0948326 2.15736
-0.0966188 0.0315732 -0.99482 -48.5331 -0.012605 0.999378 0.0329421 0.464336 0.995241 0.0157225 -0.0961606 2.07169
-0.0988398 0.0279122 -0.994711 -49.3346 -0.0136223 0.999475 0.0293995 0.477351 0.99501 0.016456 -0.0984076 1.98352
-0.10039 0.0250479 -0.994632 -50.1348 -0.0175099 0.999484 0.0269373 0.489919 0.994794 0.0201201 -0.0998991 1.88845
-0.101341 0.0236848 -0.994569 -50.9296 -0.020268 0.99946 0.0258665 0.511123 0.994645 0.0227792 -0.100806 1.7969
-0.103564 0.0237346 -0.994339 -51.7226 -0.0214782 0.999429 0.0260931 0.529336 0.99439 0.0240589 -0.102995 1.70655
-0.104755 0.0244069 -0.994198 -52.4905 -0.0205315 0.999433 0.0266987 0.533826 0.994285 0.0232092 -0.104195 1.61793
-0.106878 0.0240449 -0.993981 -53.2752 -0.0208042 0.999435 0.0264138 0.540182 0.994054 0.023502 -0.106317 1.52559
-0.107795 0.0242783 -0.993876 -54.0452 -0.021071 0.999422 0.0266991 0.558677 0.993949 0.0238199 -0.107221 1.43814
-0.108065 0.0250226 -0.993828 -54.8152 -0.0191148 0.999446 0.0272425 0.562467 0.993959 0.0219408 -0.107527 1.3537
-0.10941 0.0280174 -0.993601 -55.5878 -0.0177553 0.999388 0.0301357 0.571756 0.993837 0.0209389 -0.108846 1.26978
-0.108773 0.031517 -0.993566 -56.3505 -0.0181209 0.999269 0.0336817 0.592616 0.993901 0.021668 -0.108122 1.18475
-0.110353 0.0330064 -0.993344 -57.1174 -0.0179798 0.999219 0.0351991 0.600981 0.993729 0.0217444 -0.109673 1.10145
-0.111115 0.0326071 -0.993272 -57.8676 -0.0184604 0.999222 0.0348676 0.61491 0.993635 0.0222105 -0.110427 1.01349
-0.110728 0.0315574 -0.993349 -58.6081 -0.0169794 0.99929 0.0336388 0.633432 0.993705 0.0205912 -0.110114 0.925046
-0.112364 0.0288134 -0.993249 -59.3481 -0.0159631 0.999398 0.0307977 0.640802 0.993538 0.0193159 -0.111836 0.837062
-0.112465 0.0267398 -0.993295 -60.0528 -0.0149004 0.99948 0.0285934 0.644867 0.993543 0.0180162 -0.112008 0.760124
-0.112451 0.0249811 -0.993343 -60.7512 -0.0151257 0.999525 0.0268488 0.646285 0.993541 0.0180442 -0.11202 0.671163
-0.11032 0.0246971 -0.993589 -61.4351 -0.0159666 0.999519 0.0266173 0.649915 0.993767 0.0188007 -0.109872 0.588509
-0.106389 0.0251604 -0.994006 -62.0997 -0.0167474 0.999493 0.0270918 0.659566 0.994183 0.0195292 -0.105913 0.514755
-0.101717 0.0266346 -0.994456 -62.7702 -0.0150605 0.999486 0.0283097 0.65721 0.994699 0.0178566 -0.101264 0.448332
-0.0950451 0.0281822 -0.995074 -63.4073 -0.0153789 0.999439 0.0297748 0.660202 0.995353 0.0181331 -0.0945582 0.384937
-0.0870287 0.0299199 -0.995756 -64.0495 -0.0158593 0.999381 0.031415 0.662922 0.996079 0.018526 -0.0865001 0.325315
-0.0757526 0.0314524 -0.99663 -64.6651 -0.0175701 0.999305 0.0328723 0.666964 0.996971 0.020001 -0.0751472 0.271744
-0.0613678 0.0333391 -0.997558 -65.2613 -0.0190624 0.999221 0.0345674 0.678337 0.997933 0.0211372 -0.0606844 0.231078
-0.0441126 0.0344379 -0.998433 -65.8402 -0.0199731 0.999176 0.035346 0.68092 0.998826 0.021501 -0.0433883 0.200573
-0.0224564 0.0357268 -0.999109 -66.4003 -0.0210573 0.999123 0.0362006 0.70006 0.999525 0.0218515 -0.0216843 0.192938
0.00257941 0.0363079 -0.999337 -66.946 -0.0202322 0.999138 0.0362485 0.706293 0.999791 0.0201252 0.00331186 0.1996
0.0315617 0.0364363 -0.998837 -67.4625 -0.0191187 0.999175 0.0358444 0.710336 0.999318 0.0179652 0.0322324 0.210507
0.0651752 0.0370692 -0.997185 -67.9603 -0.0186613 0.99918 0.0359237 0.717219 0.997699 0.0162674 0.0658136 0.255975
0.102083 0.0375218 -0.994068 -68.4361 -0.0177663 0.999198 0.035891 0.719411 0.994616 0.0139971 0.102668 0.317297
0.142275 0.0379012 -0.989101 -68.8922 -0.0170325 0.999213 0.0358386 0.724164 0.98968 0.011748 0.142808 0.406141
0.186586 0.0388639 -0.981669 -69.3388 -0.01754 0.99919 0.0362237 0.733848 0.982281 0.0104596 0.187116 0.50517
0.233689 0.0380078 -0.971568 -69.7701 -0.0148405 0.999259 0.0355215 0.748199 0.972197 0.00611757 0.23408 0.641467
0.283182 0.0354205 -0.958412 -70.1918 -0.011053 0.999372 0.0336685 0.749841 0.959002 0.00105897 0.283395 0.798919
0.33374 0.0320877 -0.942118 -70.5956 -0.00787396 0.999481 0.031252 0.762844 0.942631 -0.00301187 0.333819 0.990512
0.385849 0.0293991 -0.922093 -70.9817 -0.00533202 0.999547 0.0296374 0.773327 0.922546 -0.00651896 0.385831 1.18326
0.436499 0.0294262 -0.899223 -71.367 -0.00545597 0.999533 0.0300603 0.784117 0.899687 -0.00821518 0.436456 1.41072
0.48498 0.027504 -0.874092 -71.7366 -0.00322373 0.999555 0.0296631 0.797881 0.874518 -0.0115682 0.484853 1.64722
0.530346 0.0244231 -0.847429 -72.0779 0.00147804 0.999557 0.0297325 0.810703 0.847779 -0.017021 0.530074 1.9099
0.574912 0.0199872 -0.81797 -72.4125 0.0101134 0.999452 0.0315299 0.811131 0.818152 -0.0263994 0.574395 2.20427
0.617953 0.0160552 -0.78605 -72.7239 0.0109119 0.99952 0.0289938 0.818412 0.786138 -0.0264941 0.617481 2.48761
0.660324 0.0118947 -0.750886 -73.031 0.00819873 0.999701 0.0230461 0.826873 0.750935 -0.0213742 0.660029 2.78716
0.701651 0.00608046 -0.712494 -73.3196 0.00431167 0.999909 0.0127793 0.830409 0.712506 -0.0120387 0.701561 3.09714
0.742179 0.0027542 -0.670195 -73.6142 0.000316077 0.99999 0.00445952 0.837748 0.6702 -0.00352161 0.742171 3.44666
0.780706 0.00233154 -0.624894 -73.8919 -0.0013089 0.999997 0.00209582 0.841233 0.624897 -0.000818304 0.780706 3.82361
0.816292 0.00107589 -0.577637 -74.1526 -0.00111507 0.999999 0.000286786 0.837353 0.577637 0.000409988 0.816293 4.2306
0.848767 0.00200363 -0.528763 -74.4096 -0.00365291 0.999991 -0.00207439 0.848917 0.528754 0.00369218 0.848766 4.67151
0.876348 0.00342868 -0.481665 -74.6417 -0.00424757 0.999991 -0.000609759 0.834369 0.481659 0.00258025 0.876354 5.12841
0.899537 0.00789787 -0.436772 -74.8781 -0.00870391 0.999962 0.000155874 0.841436 0.436756 0.00366139 0.899571 5.62525
0.918144 0.0118923 -0.396066 -75.0892 -0.0138416 0.999902 -0.00206409 0.84748 0.396002 0.00737731 0.918219 6.12022
0.932928 0.0158689 -0.359712 -75.2933 -0.017382 0.999848 -0.000972061 0.849141 0.359642 0.00715935 0.933062 6.65676
0.944521 0.0164054 -0.328039 -75.4833 -0.0172832 0.999851 0.000239573 0.839287 0.327993 0.00544325 0.944663 7.21759
0.952467 0.0165883 -0.304186 -75.6603 -0.0170546 0.999854 0.00112402 0.829484 0.30416 0.00411717 0.952611 7.78056
0.959267 0.0173589 -0.281964 -75.832 -0.0174707 0.999845 0.00211788 0.82698 0.281957 0.00289447 0.959422 8.38098
0.964245 0.020045 -0.264251 -75.9985 -0.0199375 0.999796 0.00308899 0.816748 0.264258 0.00228993 0.964448 8.98211
0.968219 0.0240728 -0.248941 -76.1669 -0.0237475 0.999709 0.00431024 0.815873 0.248972 0.00173845 0.968508 9.60565
0.971849 0.0264405 -0.234115 -76.3289 -0.025989 0.999649 0.0050141 0.809149 0.234165 0.00121143 0.972195 10.2552
0.974727 0.026741 -0.22179 -76.4763 -0.0262392 0.999642 0.00520915 0.790725 0.22185 0.000742072 0.97508 10.9066
0.977781 0.0266146 -0.207928 -76.6163 -0.0262033 0.999645 0.00473286 0.792469 0.20798 0.000820685 0.978132 11.5788
0.980946 0.0276647 -0.192296 -76.7582 -0.0270672 0.999617 0.00573395 0.792638 0.192381 -0.000419791 0.981319 12.279
0.983514 0.0284034 -0.178586 -76.8902 -0.0278604 0.999596 0.00554846 0.798516 0.178671 -0.000481535 0.983908 12.9877
0.985903 0.0295877 -0.164675 -77.012 -0.0295302 0.99956 0.00279737 0.783889 0.164685 0.00210493 0.986343 13.7128
0.987633 0.0305685 -0.15377 -77.1285 -0.0311627 0.999513 -0.00145442 0.781569 0.15365 0.0062283 0.988105 14.4392
0.989194 0.0305671 -0.143388 -77.2385 -0.0319375 0.999463 -0.00726516 0.766598 0.143089 0.0117661 0.989639 15.1888
0.990478 0.0311831 -0.134088 -77.3447 -0.0324385 0.999448 -0.00718745 0.758636 0.13379 0.0114686 0.990942 15.9543
0.991429 0.0313229 -0.12683 -77.449 -0.0318026 0.999492 -0.00175887 0.754542 0.12671 0.0057773 0.991922 16.728
0.991994 0.0362693 -0.120959 -77.5565 -0.0358554 0.999341 0.00559788 0.757969 0.121082 -0.00121606 0.992641 17.4998
0.992585 0.0375788 -0.115593 -77.6604 -0.0369009 0.999287 0.00799993 0.763675 0.115811 -0.00367515 0.993264 18.2836
0.992968 0.0380047 -0.112114 -77.7448 -0.0373471 0.99927 0.00796021 0.75403 0.112335 -0.0037171 0.993663 19.0438
0.993417 0.0376764 -0.108179 -77.8366 -0.0370813 0.999284 0.00750747 0.754361 0.108384 -0.00344666 0.994102 19.814
0.993747 0.0371974 -0.105277 -77.9169 -0.0364297 0.999294 0.00920664 0.749365 0.105545 -0.00531388 0.994399 20.5757
0.994102 0.0359976 -0.102297 -77.9973 -0.035014 0.999322 0.011395 0.749892 0.102637 -0.00774598 0.994688 21.3475
0.99455 0.0338265 -0.098615 -78.0779 -0.0328003 0.99939 0.0120087 0.752228 0.0989608 -0.0087087 0.995052 22.1188
0.994755 0.033892 -0.096504 -78.1544 -0.0331162 0.999405 0.0096292 0.748882 0.0967727 -0.00638286 0.995285 22.8778
0.994833 0.03683 -0.0946048 -78.2412 -0.0367524 0.999321 0.00256327 0.740929 0.0946347 0.000926905 0.995511 23.6417
0.995061 0.0368637 -0.0921602 -78.3188 -0.0373295 0.999297 -0.0033352 0.740472 0.0919722 0.00675899 0.995738 24.3968
0.995195 0.0374585 -0.0904641 -78.3968 -0.0381943 0.99925 -0.00641595 0.730626 0.0901556 0.00984031 0.995878 25.1482
0.995412 0.038773 -0.0874698 -78.4772 -0.0393048 0.999218 -0.00436411 0.717792 0.0872319 0.00778205 0.996157 25.9128
0.995612 0.0398424 -0.0846717 -78.5465 -0.0401271 0.999193 -0.00166154 0.720432 0.084537 0.00505185 0.996407 26.6677
0.995695 0.0443472 -0.0813918 -78.6194 -0.044288 0.999015 0.00253303 0.705383 0.0814238 0.00108254 0.996678 27.4109
0.995999 0.0412911 -0.0792499 -78.6813 -0.0411247 0.999147 0.00373129 0.699561 0.0793362 -0.000457253 0.996847 28.1786
0.996211 0.0377555 -0.0783444 -78.7346 -0.0375691 0.999286 0.0038533 0.703099 0.0784338 -0.000895397 0.996918 28.9338
0.996415 0.0356232 -0.0767277 -78.7974 -0.0354456 0.999365 0.00367555 0.69677 0.0768096 -0.000942738 0.997045 29.6887
0.996448 0.03534 -0.0764333 -78.859 -0.0352283 0.999375 0.00280936 0.700325 0.0764846 -0.000106794 0.99707 30.4443
0.996531 0.0349827 -0.0755053 -78.9204 -0.0348539 0.999388 0.00302365 0.692733 0.0755646 -0.000381529 0.99714 31.2018
0.996682 0.0334203 -0.0742081 -78.9827 -0.0332974 0.999441 0.00289397 0.685399 0.0742631 -0.000413453 0.997238 31.9612
0.996571 0.0356522 -0.0746561 -79.0451 -0.0355993 0.999364 0.00204012 0.671901 0.0746811 0.000624558 0.997206 32.7453
0.996559 0.0353505 -0.07497 -79.1077 -0.0352649 0.999375 0.00246572 0.656096 0.0750101 0.000186552 0.997182 33.51
0.99649 0.0347024 -0.0761732 -79.1703 -0.034651 0.999397 0.00199741 0.636834 0.0761964 0.000649057 0.997092 34.2823
0.996261 0.033246 -0.0797385 -79.2366 -0.0331498 0.999447 0.00253059 0.622734 0.0797783 0.000122166 0.996812 35.0628
0.996034 0.0332783 -0.0825168 -79.3073 -0.0332188 0.999446 0.0020943 0.607641 0.0825405 0.000655091 0.996587 35.8436
0.995623 0.0360672 -0.0862209 -79.392 -0.0360117 0.999349 0.00219972 0.598003 0.0862439 0.000914849 0.996273 36.6355
0.995343 0.0364327 -0.08924 -79.4727 -0.0366387 0.999328 -0.000670716 0.5943 0.0891553 0.00393721 0.996009 37.4315
0.995112 0.037137 -0.0914948 -79.5521 -0.0375624 0.99929 -0.00293054 0.585977 0.0913208 0.00635296 0.9958 38.216
0.994874 0.0368501 -0.0941594 -79.6361 -0.0373179 0.999298 -0.00321091 0.572738 0.0939747 0.00670825 0.995551 39.0371
0.994731 0.0359768 -0.0959992 -79.7176 -0.0363509 0.999336 -0.00214983 0.56667 0.095858 0.00562813 0.995378 39.8423
0.994525 0.0351561 -0.0984044 -79.7991 -0.0354761 0.999369 -0.0015037 0.553195 0.0982892 0.00498645 0.995145 40.6786
0.994314 0.0357157 -0.100315 -79.8889 -0.0359422 0.999353 -0.000450763 0.539543 0.100233 0.00405371 0.994955 41.5137
0.994251 0.0355726 -0.100991 -79.9624 -0.0355383 0.999366 0.0021402 0.537433 0.101003 0.00146114 0.994884 42.3344
0.994083 0.0347677 -0.102909 -80.0533 -0.0341822 0.999388 0.00744849 0.52262 0.103105 -0.00388679 0.994662 43.1941
0.994149 0.0342746 -0.102428 -80.1459 -0.033471 0.999394 0.00955457 0.520659 0.102693 -0.00607034 0.994694 44.0463
0.994361 0.0367005 -0.0994943 -80.2328 -0.0359404 0.999309 0.00942134 0.519333 0.0997711 -0.00579236 0.994993 44.8986
0.994422 0.0373439 -0.0986409 -80.3211 -0.0366564 0.999289 0.00877396 0.526238 0.0988982 -0.00510922 0.995084 45.7636
0.994747 0.0360273 -0.0958052 -80.4032 -0.0355499 0.999345 0.00668641 0.520911 0.0959831 -0.00324545 0.995377 46.6287
0.994981 0.0322918 -0.0947107 -80.4892 -0.0318391 0.999473 0.00628831 0.511944 0.0948636 -0.00324127 0.995484 47.5068
0.995142 0.031921 -0.0931332 -80.576 -0.0314606 0.999484 0.0064089 0.513686 0.0932894 -0.00344776 0.995632 48.3743
0.995431 0.0287161 -0.0910558 -80.6592 -0.0280457 0.999569 0.00863424 0.519361 0.0912642 -0.0060411 0.995808 49.2477
0.995465 0.0270749 -0.0911891 -80.7321 -0.0262081 0.999599 0.0106903 0.512657 0.0914417 -0.00825198 0.995775 50.1213
0.995724 0.0241427 -0.0891638 -80.8055 -0.0231486 0.999658 0.0121667 0.501186 0.0894268 -0.0100506 0.995942 51.0001
0.995679 0.0243282 -0.0896129 -80.8997 -0.0235571 0.999676 0.00965332 0.500541 0.0898184 -0.00750062 0.995929 51.8555
0.995683 0.0268515 -0.0888499 -80.9863 -0.026574 0.999637 0.00430564 0.49941 0.0889331 -0.00192598 0.996035 52.7104
0.995859 0.0269873 -0.0868146 -81.0665 -0.0270272 0.999634 0.000715698 0.48711 0.086802 0.0016336 0.996223 53.5686
0.99572 0.0307278 -0.0871606 -81.1478 -0.031243 0.999501 -0.00455186 0.47171 0.086977 0.00725552 0.996183 54.423
0.995947 0.0300802 -0.0847636 -81.2255 -0.0305744 0.999522 -0.00453802 0.461623 0.0845864 0.0071112 0.99639 55.2814
0.996014 0.0283374 -0.0845706 -81.3034 -0.0284208 0.999596 0.000217338 0.452721 0.0845424 0.00218707 0.996417 56.1356
0.996146 0.0247044 -0.084153 -81.3799 -0.024014 0.999669 0.00920706 0.44529 0.0843524 -0.00715074 0.996409 57.0062
0.996266 0.0205758 -0.0838439 -81.4559 -0.0193861 0.999699 0.0149801 0.450995 0.0841267 -0.0132988 0.996365 57.8637
0.996041 0.0187758 -0.0868861 -81.5318 -0.0176783 0.999754 0.0133838 0.448911 0.0871157 -0.0117948 0.996127 58.6992
0.996065 0.0138954 -0.0875211 -81.603 -0.0130273 0.99986 0.0104825 0.445415 0.0876543 -0.00930109 0.996107 59.5464
0.995813 0.0143706 -0.0902698 -81.6819 -0.0135651 0.999862 0.0095315 0.45119 0.0903941 -0.0082671 0.995871 60.3707
0.995648 0.0156386 -0.0918703 -81.7634 -0.0150054 0.999858 0.00757876 0.453083 0.0919756 -0.00616724 0.995741 61.1948
0.995384 0.0181065 -0.0942438 -81.8536 -0.0177018 0.99983 0.0051287 0.451997 0.0943204 -0.00343676 0.995535 62.0163
0.994947 0.0188394 -0.0986192 -81.9402 -0.0187127 0.999822 0.00221016 0.447248 0.0986431 -0.000353583 0.995122 62.817
0.99467 0.021361 -0.100869 -82.0289 -0.0215294 0.999768 -0.000580388 0.435803 0.100833 0.00274892 0.994899 63.6312
0.994217 0.0255474 -0.104305 -82.1319 -0.0258673 0.999663 -0.001715 0.421439 0.104225 0.00440313 0.994543 64.4279
0.99381 0.0299819 -0.106965 -82.2245 -0.0301541 0.999545 7.71282e-06 0.393901 0.106917 0.00321776 0.994262 65.2339
0.99337 0.0341792 -0.109758 -82.3174 -0.033941 0.999415 0.00403861 0.367951 0.109831 -0.000286571 0.993949 66.049
0.99286 0.034696 -0.114126 -82.415 -0.0338149 0.999381 0.00964873 0.361495 0.11439 -0.00572071 0.993419 66.8434
0.992419 0.0355081 -0.117654 -82.4998 -0.034118 0.999322 0.0138094 0.35298 0.118065 -0.00969059 0.992958 67.6455
0.991535 0.0371942 -0.124398 -82.6031 -0.0356825 0.999259 0.0143589 0.346456 0.12484 -0.00979854 0.992128 68.4218
0.990862 0.0346528 -0.130347 -82.7069 -0.0325861 0.999307 0.0179558 0.3473 0.130879 -0.0135442 0.991305 69.2077
0.989975 0.0374821 -0.136175 -82.8134 -0.0352727 0.999204 0.0186024 0.339281 0.136763 -0.0136127 0.990509 69.997
0.988956 0.040921 -0.142445 -82.9414 -0.0387957 0.99909 0.0176672 0.344482 0.143038 -0.0119458 0.989644 70.7614
0.988101 0.0421682 -0.147909 -83.0674 -0.0404346 0.999073 0.0147098 0.355244 0.148392 -0.00855411 0.988891 71.527
0.987338 0.0442489 -0.152335 -83.1913 -0.0427732 0.999 0.0129519 0.358957 0.152755 -0.00627204 0.988243 72.3
0.986332 0.0467274 -0.158001 -83.3211 -0.0452763 0.998892 0.0127732 0.357783 0.158423 -0.00544495 0.987355 73.0603
0.985826 0.0472541 -0.160979 -83.4506 -0.0452069 0.998843 0.0163581 0.36156 0.161566 -0.00884891 0.986821 73.8261
0.984723 0.04871 -0.167173 -83.5922 -0.0458484 0.998728 0.0209368 0.37175 0.167981 -0.0129523 0.985704 74.5918
0.983786 0.0453342 -0.17352 -83.7354 -0.0420198 0.998857 0.0227293 0.380115 0.174352 -0.0150695 0.984567 75.3573
0.982653 0.0447148 -0.179979 -83.8717 -0.0418506 0.998929 0.0196817 0.38581 0.180666 -0.0118081 0.983473 76.1076
0.98098 0.0446593 -0.188898 -84.0223 -0.0427404 0.998984 0.0142217 0.388048 0.189341 -0.00587759 0.981893 76.8488
0.979542 0.0415306 -0.196908 -84.1809 -0.0401651 0.999133 0.0109249 0.387747 0.197191 -0.00279254 0.98036 77.5929
0.977365 0.0400323 -0.207737 -84.3393 -0.037952 0.999181 0.0139913 0.381666 0.208127 -0.00579058 0.978084 78.3334
0.975028 0.0392248 -0.218587 -84.5101 -0.0358089 0.999166 0.0195686 0.388179 0.219172 -0.0112525 0.97562 79.0723
0.972618 0.0398911 -0.22896 -84.6907 -0.0348314 0.999052 0.0260991 0.405739 0.229783 -0.0174094 0.973085 79.8005
0.969881 0.0378467 -0.240618 -84.8799 -0.0315034 0.999048 0.0301562 0.397471 0.24153 -0.0216676 0.97015 80.535
0.967101 0.0404768 -0.251152 -85.0779 -0.0348232 0.99903 0.0269161 0.414465 0.251998 -0.0172847 0.967572 81.2495
0.963948 0.0396764 -0.263113 -85.2832 -0.0360619 0.999177 0.0185545 0.422301 0.263633 -0.00839726 0.964586 81.9737
0.960693 0.0368496 -0.275154 -85.4845 -0.033949 0.999306 0.0152986 0.429311 0.275527 -0.00535605 0.961277 82.6638
0.957743 0.035098 -0.285476 -85.7063 -0.0313879 0.999352 0.0175631 0.440084 0.285907 -0.00786044 0.958224 83.3786
0.954045 0.0342915 -0.297695 -85.9272 -0.0282127 0.999296 0.0246937 0.442249 0.298332 -0.0151601 0.954341 84.0759
0.950315 0.0331181 -0.309521 -86.168 -0.0253476 0.999255 0.0290941 0.443616 0.310254 -0.019803 0.950446 84.7879
0.946737 0.0314896 -0.320464 -86.4043 -0.0232347 0.999292 0.0295516 0.441651 0.321168 -0.0205317 0.946799 85.4721
0.942415 0.029696 -0.333125 -86.6608 -0.0223814 0.999416 0.0257745 0.438058 0.333696 -0.0168344 0.942529 86.1704
0.939637 0.0278807 -0.341033 -86.9061 -0.0219237 0.999532 0.0213097 0.445642 0.341467 -0.0125467 0.939809 86.8427
0.936464 0.025759 -0.349816 -87.1691 -0.0209348 0.999626 0.0175656 0.451169 0.350137 -0.00912628 0.936653 87.5375
0.933456 0.0271293 -0.357665 -87.4402 -0.0229232 0.999609 0.0159953 0.447803 0.357958 -0.00673207 0.933712 88.2201
0.930738 0.0283777 -0.364584 -87.7224 -0.0246659 0.999585 0.0148347 0.446178 0.364853 -0.00481439 0.931051 88.8945
0.926923 0.0298031 -0.374066 -88.0029 -0.0249162 0.999529 0.0178944 0.443347 0.374423 -0.00726643 0.927229 89.5857
0.923845 0.0315016 -0.381469 -88.2898 -0.0242989 0.999423 0.023685 0.459888 0.381994 -0.012612 0.924078 90.2729
0.920577 0.0349568 -0.388993 -88.5928 -0.0245685 0.999196 0.0316497 0.461411 0.389786 -0.019579 0.920696 90.9732
0.917527 0.0411442 -0.395538 -88.9021 -0.0290658 0.998911 0.0364839 0.482184 0.396608 -0.0219783 0.917724 91.6635
0.915089 0.0465536 -0.400555 -89.2167 -0.0358594 0.998772 0.0341574 0.488233 0.401653 -0.0168934 0.915635 92.3421
0.912244 0.0475248 -0.406881 -89.5418 -0.0396766 0.998828 0.0277091 0.495364 0.40772 -0.00913383 0.91306 93.0388
0.910698 0.0433237 -0.410794 -89.8392 -0.0378789 0.999053 0.0213888 0.485668 0.411332 -0.00391827 0.911476 93.7245
0.908341 0.0448289 -0.415821 -90.1667 -0.0397889 0.998991 0.0207824 0.500655 0.416333 -0.00233241 0.909208 94.4237
0.90598 0.0489353 -0.420483 -90.5101 -0.0427012 0.998793 0.0242337 0.533831 0.421161 -0.00400017 0.906976 95.1236
0.904066 0.0493395 -0.424534 -90.8415 -0.0418535 0.99876 0.0269471 0.529994 0.425337 -0.00659377 0.90501 95.8201
0.901475 0.047323 -0.430236 -91.1749 -0.0395639 0.998852 0.0269686 0.547664 0.431018 -0.0072897 0.902313 96.5238
0.899523 0.0479983 -0.434227 -91.5176 -0.0424222 0.998845 0.02253 0.568415 0.434807 -0.00184538 0.900521 97.2097
0.896749 0.0453606 -0.440207 -91.8648 -0.0419914 0.998966 0.0173963 0.561642 0.440541 0.00288479 0.897727 97.8867
0.894226 0.0453011 -0.445316 -92.2174 -0.0424087 0.998964 0.0164628 0.573471 0.4456 0.00416375 0.895221 98.5709
0.892435 0.0454154 -0.448883 -92.5715 -0.0411586 0.998967 0.0192413 0.574426 0.449293 0.00130375 0.893382 99.2632
0.890067 0.0481407 -0.45328 -92.9363 -0.0430456 0.99884 0.0215571 0.577759 0.453791 0.000324372 0.891107 99.9571
0.887303 0.0508567 -0.458373 -93.3016 -0.0456576 0.998705 0.0224243 0.579474 0.45892 0.00103105 0.888476 100.66
0.884574 0.051612 -0.463536 -93.6527 -0.0463111 0.998666 0.0228193 0.589765 0.464095 0.00128153 0.885783 101.335
0.882382 0.0496931 -0.467901 -94.0139 -0.0444933 0.998763 0.0221659 0.595743 0.468424 0.00125965 0.883502 102.002
0.880627 0.0478047 -0.471392 -94.368 -0.0420518 0.998856 0.0227372 0.610161 0.471939 -0.000200166 0.88163 102.652
0.878025 0.0483305 -0.476167 -94.7396 -0.0423082 0.99883 0.0233665 0.620214 0.47674 -0.000370667 0.879043 103.321
0.875741 0.0495788 -0.480229 -95.099 -0.0434971 0.998769 0.0237921 0.633394 0.480817 5.28921e-05 0.87682 103.97
0.87324 0.0474949 -0.484969 -95.4689 -0.0425994 0.998868 0.0211183 0.638166 0.485423 0.00221803 0.874275 104.626
0.871126 0.042899 -0.489181 -95.8328 -0.0392556 0.999071 0.0177085 0.632302 0.489486 0.00377676 0.872002 105.272
0.869187 0.0412956 -0.492755 -96.1935 -0.0386763 0.99913 0.0155102 0.627063 0.492967 0.0055767 0.870029 105.904
0.867004 0.0424893 -0.496486 -96.5666 -0.0385157 0.999091 0.0182431 0.635896 0.49681 0.00330571 0.867852 106.551
0.865001 0.0448073 -0.499764 -96.9381 -0.0372005 0.99899 0.025179 0.64993 0.500388 -0.00318842 0.865794 107.185
0.863857 0.0467841 -0.501559 -97.2969 -0.0350698 0.998847 0.0327676 0.65476 0.502513 -0.010717 0.864502 107.809
0.862045 0.0450805 -0.504823 -97.6586 -0.0305499 0.998846 0.0370292 0.663209 0.50591 -0.0164986 0.862427 108.432
0.860932 0.0417531 -0.507003 -98.0044 -0.0265726 0.998956 0.0371445 0.669603 0.508024 -0.0185065 0.861143 109.015
0.859185 0.0406106 -0.510051 -98.3566 -0.0267885 0.999047 0.0344194 0.674575 0.510962 -0.0159092 0.859454 109.596
0.857497 0.039583 -0.512963 -98.6937 -0.0264676 0.999109 0.032852 0.692843 0.513806 -0.0145936 0.857781 110.163
0.856171 0.0387526 -0.515236 -99.0357 -0.0257007 0.999142 0.0324417 0.705598 0.516051 -0.0145337 0.856433 110.716
0.854782 0.0377338 -0.517612 -99.364 -0.0245931 0.999177 0.0322268 0.71384 0.518402 -0.0148172 0.855007 111.253
0.853614 0.0376306 -0.519545 -99.6832 -0.0239003 0.999165 0.0331012 0.719986 0.520356 -0.0158384 0.853801 111.769
0.851969 0.0379047 -0.522217 -99.9887 -0.023609 0.999142 0.0340052 0.729212 0.523057 -0.0166424 0.852134 112.268
0.850504 0.0373628 -0.524639 -100.286 -0.0223526 0.999139 0.0349186 0.733724 0.525492 -0.0179713 0.850607 112.747
0.849326 0.0369974 -0.526569 -100.572 -0.021629 0.999141 0.0353146 0.73762 0.527423 -0.0186045 0.849398 113.205
0.847944 0.0369959 -0.528793 -100.847 -0.0219001 0.999154 0.0347859 0.741461 0.529632 -0.0179159 0.848037 113.639
0.846885 0.0384921 -0.530379 -101.117 -0.0251543 0.999159 0.0323484 0.739252 0.531178 -0.0140541 0.847142 114.054
0.845168 0.0358284 -0.533298 -101.371 -0.0238142 0.999283 0.029394 0.747895 0.533968 -0.0121429 0.845416 114.452
0.843058 0.030921 -0.536932 -101.611 -0.0189382 0.999433 0.0278201 0.748397 0.537487 -0.0132855 0.843166 114.84
0.840479 0.0312498 -0.540941 -101.85 -0.0189547 0.999419 0.0282852 0.743574 0.54151 -0.0135198 0.840584 115.21
0.837104 0.0312717 -0.546148 -102.08 -0.018108 0.999401 0.0294696 0.753313 0.546742 -0.0147795 0.837169 115.557
0.833193 0.0362925 -0.551788 -102.309 -0.0224804 0.999241 0.0317775 0.753211 0.552523 -0.0140724 0.833377 115.884
0.82965 0.0413358 -0.55675 -102.525 -0.0260666 0.999035 0.0353296 0.773912 0.557673 -0.0147986 0.829927 116.186
0.825675 0.0456479 -0.562295 -102.738 -0.0269297 0.998773 0.0415381 0.783024 0.563501 -0.0191546 0.825892 116.488
0.821252 0.0468137 -0.56864 -102.935 -0.0257407 0.998653 0.045039 0.788429 0.569982 -0.0223513 0.821351 116.761
0.815658 0.0464776 -0.576664 -103.117 -0.0241481 0.998634 0.0463311 0.784963 0.578029 -0.023865 0.815666 117.027
0.809148 0.04378 -0.585971 -103.29 -0.0197881 0.998685 0.0472906 0.795426 0.58727 -0.0266699 0.80895 117.273
0.801009 0.0430941 -0.597098 -103.468 -0.0180383 0.99869 0.0478796 0.810449 0.598379 -0.0275814 0.800737 117.496
0.790969 0.0434683 -0.610309 -103.637 -0.0174536 0.99867 0.0485085 0.820123 0.611605 -0.0277167 0.790676 117.708
0.779237 0.044127 -0.625173 -103.81 -0.0176198 0.998666 0.0485276 0.829474 0.62648 -0.0267991 0.778975 117.896
0.765695 0.0438254 -0.641708 -103.968 -0.01764 0.998731 0.0471599 0.818061 0.64296 -0.0247904 0.765497 118.08
0.751219 0.0420851 -0.658709 -104.124 -0.0183875 0.998912 0.0428509 0.82299 0.659795 -0.0200784 0.751175 118.237
0.736624 0.0389119 -0.675182 -104.278 -0.0175337 0.999106 0.038451 0.826875 0.676074 -0.0164855 0.736648 118.382
0.721526 0.0388417 -0.691296 -104.44 -0.0204392 0.999184 0.0348079 0.832897 0.692084 -0.0109853 0.721732 118.525
0.705899 0.0420394 -0.707063 -104.608 -0.0263891 0.999104 0.0330574 0.841268 0.707819 -0.00467644 0.706376 118.658
0.688856 0.0429912 -0.723622 -104.781 -0.0275757 0.999071 0.033105 0.849844 0.724372 -0.00285023 0.689402 118.791
0.670791 0.0421927 -0.740445 -104.956 -0.0246951 0.999097 0.0345594 0.851594 0.741234 -0.00489683 0.671227 118.929
0.651426 0.0418468 -0.757557 -105.131 -0.0223172 0.999102 0.0359989 0.854358 0.758382 -0.0065441 0.651775 119.063
0.629939 0.0426299 -0.775473 -105.306 -0.0212014 0.999063 0.0376988 0.868201 0.776354 -0.00730685 0.630253 119.181
0.606485 0.04609 -0.793758 -105.497 -0.0228246 0.998916 0.0405631 0.88342 0.794766 -0.00648374 0.606879 119.294
0.582479 0.0495512 -0.811334 -105.688 -0.0245035 0.998756 0.0434061 0.896793 0.812475 -0.00540263 0.582969 119.4
0.55773 0.0510211 -0.828452 -105.88 -0.0245365 0.998685 0.0449867 0.9225 0.829658 -0.00476314 0.558249 119.506
0.532544 0.0528003 -0.844753 -106.075 -0.0256362 0.9986 0.0462549 0.933158 0.846012 -0.00297654 0.533152 119.598
0.506246 0.0569497 -0.860506 -106.268 -0.028716 0.998376 0.0491803 0.937554 0.861909 -0.000187076 0.50706 119.677
0.478878 0.0592246 -0.875881 -106.474 -0.0290414 0.998244 0.0516204 0.94549 0.877399 0.000716878 0.479757 119.762
0.449698 0.0590305 -0.891228 -106.677 -0.0271317 0.998255 0.0524293 0.947448 0.892767 0.000603132 0.450515 119.838
0.418179 0.0568201 -0.906585 -106.882 -0.0262013 0.99838 0.0504875 0.948912 0.907985 0.00264087 0.418991 119.908
0.384336 0.0528431 -0.921679 -107.126 -0.0246734 0.998591 0.046964 0.952999 0.922862 0.00469093 0.385099 119.985
0.346314 0.0510599 -0.936728 -107.372 -0.0228781 0.99868 0.0459786 0.95884 0.937838 0.00550749 0.347025 120.051
0.305426 0.0503447 -0.950884 -107.649 -0.0207323 0.998716 0.0462179 0.969781 0.951988 0.00559783 0.306078 120.113
0.262621 0.0485911 -0.963674 -107.937 -0.0183628 0.998801 0.0453581 0.980779 0.964723 0.00578376 0.263199 120.166
0.216394 0.0469265 -0.975177 -108.239 -0.0169911 0.998873 0.0442964 0.998772 0.976157 0.00698388 0.216948 120.201
0.167485 0.0448929 -0.984852 -108.566 -0.0146731 0.998965 0.0430409 1.01565 0.985764 0.0072421 0.167971 120.23
0.117644 0.0446194 -0.992052 -108.903 -0.0122675 0.998979 0.0434761 1.02662 0.992979 0.00705524 0.118072 120.242
0.0663073 0.0455119 -0.99676 -109.247 -0.00985379 0.99894 0.0449559 1.04057 0.997749 0.00684094 0.0666861 120.236
0.0130862 0.0472496 -0.998797 -109.613 -0.00457828 0.998875 0.0471933 1.06077 0.999903 0.00395517 0.0132885 120.221
-0.0395938 0.0487449 -0.998026 -109.983 0.000450087 0.99881 0.0487653 1.06573 0.999214 0.00148158 -0.0395679 120.181
-0.0932056 0.0505076 -0.994365 -110.376 0.0064386 0.998722 0.0501254 1.07437 0.995625 -0.00173037 -0.0934109 120.128
-0.146096 0.0513955 -0.987934 -110.769 0.010686 0.998673 0.0503739 1.08542 0.989211 -0.00319764 -0.146451 120.046
-0.197033 0.0524491 -0.978992 -111.165 0.0141487 0.998616 0.0506529 1.10999 0.980293 -0.00387117 -0.197502 119.935
-0.247068 0.0528303 -0.967556 -111.589 0.0180808 0.99859 0.0499078 1.13425 0.968828 -0.00516357 -0.247674 119.806
-0.295153 0.0536406 -0.953943 -112.014 0.0232819 0.99853 0.0489443 1.15575 0.955165 -0.00776352 -0.295967 119.656
-0.341406 0.0546236 -0.938327 -112.439 0.0282412 0.998455 0.0478484 1.17593 0.93949 -0.0101638 -0.34242 119.481
-0.386447 0.0554377 -0.920644 -112.89 0.032585 0.998389 0.0464414 1.19355 0.921735 -0.0120521 -0.38763 119.277
-0.427758 0.0566054 -0.902119 -113.336 0.0368283 0.998299 0.0451776 1.20849 0.903141 -0.0138984 -0.429115 119.052
-0.467212 0.0574714 -0.882275 -113.8 0.0399941 0.998237 0.0438461 1.22374 0.883239 -0.0148004 -0.468686 118.796
-0.501625 0.0577635 -0.863154 -114.261 0.041845 0.99822 0.0424839 1.23989 0.864071 -0.0148077 -0.503148 118.508
-0.529728 0.0576554 -0.846205 -114.728 0.0430138 0.998229 0.0410865 1.2601 0.847075 -0.0146339 -0.531269 118.198
-0.553361 0.0570391 -0.830985 -115.213 0.0433317 0.998272 0.0396667 1.27435 0.831812 -0.014058 -0.554876 117.859
-0.570609 0.0566934 -0.819262 -115.697 0.0434479 0.998301 0.0388219 1.29189 0.820071 -0.0134431 -0.572102 117.506
-0.585335 0.0559193 -0.808861 -116.198 0.042652 0.998361 0.0381548 1.31947 0.809668 -0.0121662 -0.586759 117.13
