1 0 0 0 0 1 0 0 0 0 1 0
-0.980531 0.151451 0.124986 0.0981783 0.150905 0.988451 -0.0138833 0.491792 -0.125645 0.005248 -0.992061 -0.176987
0.963146 0.0949653 -0.251656 -0.0827509 -0.0956087 0.995372 0.00969816 0.562013 0.251412 0.0147198 0.967768 0.0299443
-0.912616 0.1629 0.374961 -0.0485617 0.154617 0.986589 -0.0522956 0.536793 -0.378452 0.0102498 -0.925564 0.243548
0.85736 0.100692 -0.504772 -0.196283 -0.0912182 0.994879 0.0435233 0.56519 0.506569 0.00872919 0.862155 0.189899
-0.779156 0.161206 0.605747 0.172013 0.135563 0.98683 -0.0882516 0.542161 -0.611996 0.0133551 -0.790748 -0.00902268
0.699453 0.0866112 -0.709412 -0.337495 -0.0593712 0.99624 0.0630919 0.578581 0.712209 -0.00201113 0.701965 0.261198
-0.614714 0.194961 0.764276 0.093537 0.122235 0.980811 -0.151883 0.496672 -0.779221 5.67878e-05 -0.626749 0.0612258
0.532543 0.103218 -0.840086 -0.6394 -0.0397751 0.994492 0.0969749 0.621544 0.845468 -0.0182288 0.533715 0.243122
-0.399492 0.121536 0.908645 0.558339 0.0556268 0.99256 -0.108304 0.598855 -0.915047 0.00727859 -0.403281 -0.114352
0.294397 0.00362862 -0.955676 -0.475613 0.0488539 0.998628 0.0188412 0.619736 0.954434 -0.0522353 0.293816 -0.0623085
-0.178265 0.0949865 0.979387 0.43155 0.00843001 0.995441 -0.095009 0.571347 -0.983946 -0.00868049 -0.178253 0.466792
-0.011758 0.10501 -0.994402 0.130071 0.0133027 0.994399 0.104852 0.76021 0.999842 -0.0119954 -0.013089 0.0371828
0.219642 0.0500215 0.974297 -0.050284 -0.0711464 0.996847 -0.0351403 1.13432 -0.972983 -0.0615995 0.222508 0.688513
-0.416478 0.118089 -0.901444 -0.110531 0.00250928 0.991674 0.12875 1.48944 0.909142 0.0513596 -0.413307 -0.0848823
0.599232 0.0801031 0.796558 0.128396 -0.0689464 0.996449 -0.0483376 1.79743 -0.797601 -0.0259543 0.602627 0.934316
-0.753621 0.104731 -0.648913 -0.0770849 0.0256663 0.991161 0.13016 2.20218 0.656809 0.0814359 -0.749647 -0.308124
0.842685 0.0846065 0.531718 0.186079 -0.0622754 0.996264 -0.0598284 2.55286 -0.534794 0.0173035 0.844806 0.758805
-0.947633 0.0471931 -0.315856 0.562661 0.00221346 0.989968 0.141273 3.02421 0.319355 0.133176 -0.938231 -0.831922
0.987427 0.116307 0.107059 0.163252 -0.108561 0.991214 -0.0755606 3.2566 -0.114907 0.0629882 0.991377 0.614499
-0.994156 0.0627762 0.0878208 0.846905 0.0728607 0.990481 0.116787 3.68824 -0.0796532 0.122504 -0.989267 -1.28869
0.946885 0.130477 -0.293914 -0.240348 -0.151728 0.987126 -0.0505964 3.86298 0.283528 0.0925039 0.954492 0.828604
-0.875803 0.0459165 0.480479 1.4534 0.0790451 0.995669 0.0489309 4.34479 -0.476151 0.0808334 -0.87564 -1.54048
0.741115 0.113891 -0.661648 -0.83083 -0.134839 0.990676 0.0194937 4.5548 0.657698 0.0747688 0.749562 0.78237
-0.413901 0.103945 0.904368 1.84878 0.10624 0.992186 -0.0654161 4.10462 -0.904101 0.0690042 -0.421711 -0.181134
0.0125452 0.117669 -0.992974 -1.50567 -0.0939512 0.988797 0.115987 4.38177 0.995498 0.091836 0.0234602 -0.196299
0.385711 0.0161151 0.922479 2.12644 -0.0161598 0.999812 -0.0107092 4.55567 -0.922478 -0.0107764 0.385899 1.19939
-0.726844 -0.00375744 -0.686792 -1.18023 0.00426734 0.999941 -0.00998685 4.32336 0.68679 -0.0101896 -0.726785 -1.73239
0.914596 -0.0158447 0.404059 0.99242 0.00414005 0.999546 0.029825 4.59826 -0.404348 -0.025605 0.914247 1.96034
-0.99644 0.0131717 -0.0832748 0.884232 0.015201 0.999601 -0.0237825 5.29495 0.0829286 -0.0249637 -0.996243 -2.09601
0.97592 0.0050352 -0.21807 0.236182 0.0209245 0.992962 0.11657 6.11376 0.217122 -0.118326 0.968947 1.72341
-0.89655 -0.0254634 0.442211 2.01446 -0.0248379 0.999665 0.00720585 6.37497 -0.442246 -0.00452315 -0.896882 -1.88253
0.797662 0.0474731 -0.601233 -0.622229 0.100498 0.972497 0.21012 7.05791 0.594672 -0.228028 0.770953 1.11606
-0.59868 -0.00581343 0.800967 2.82547 -0.13959 0.985429 -0.0971838 6.53636 -0.788731 -0.169989 -0.590768 -0.943409
0.391598 0.0252997 -0.919789 -1.33056 0.198129 0.973855 0.11114 6.68293 0.898552 -0.225759 0.376347 0.767681
-0.224305 -0.0980079 0.969578 3.38187 -0.170395 0.983547 0.0600003 6.5976 -0.959507 -0.151753 -0.237315 0.331853
0.0792436 -0.0687074 -0.994485 -1.1701 0.202388 0.977954 -0.0514383 5.84428 0.976094 -0.197196 0.0914024 0.632712
0.135457 -0.13219 0.981925 2.68257 -0.161457 0.974867 0.153513 6.15748 -0.97754 -0.179333 0.110709 0.701637
-0.32619 -0.0461408 -0.944177 -0.926251 0.176399 0.978293 -0.108749 5.80865 0.9287 -0.202025 -0.31097 0.455632
0.494402 -0.0322979 0.868633 3.31247 -0.183554 0.972896 0.140649 6.61246 -0.849632 -0.228978 0.475073 1.61001
-0.664838 -0.0651878 -0.744137 -0.522633 0.141573 0.967134 -0.211209 6.14986 0.733449 -0.24577 -0.633759 -0.408163
0.840699 -0.0647159 0.537621 2.62969 -0.0870406 0.963773 0.252122 7.06094 -0.534461 -0.258754 0.80461 2.36186
-0.981113 0.0116888 -0.193081 1.27815 0.0768414 0.939586 -0.333577 5.29173 0.177517 -0.342114 -0.922738 -0.954241
0.986589 -0.0649419 -0.149747 1.49382 0.11053 0.940891 0.320169 6.16746 0.120103 -0.332426 0.935451 3.02955
-0.918338 -0.0363057 0.394127 2.89859 -0.156026 0.948354 -0.27619 4.73793 -0.363745 -0.31513 -0.876575 -0.131276
0.753133 -0.0785206 -0.653165 0.761282 0.276801 0.938512 0.206342 5.68308 0.596801 -0.3362 0.728559 3.78443
-0.5429 0.00818363 0.839758 4.32342 -0.190498 0.972686 -0.132635 5.22285 -0.817906 -0.231979 -0.526512 0.826194
0.109936 -0.0177069 -0.993781 -0.0395746 0.364285 0.930986 0.0237107 5.99864 0.924776 -0.364626 0.1088 1.80755
0.366573 -0.0130337 0.930298 4.45031 -0.196086 0.97636 0.0909442 6.84845 -0.909492 -0.215756 0.355351 2.71572
-0.72886 -0.0218114 -0.684316 0.96839 0.173704 0.960899 -0.215638 6.41145 0.662262 -0.276038 -0.696572 -0.34082
0.97014 -0.0155502 -0.242047 0.213608 0.0789395 0.963853 0.254473 8.32513 0.22934 -0.265981 0.9363 4.11583
-0.29155 0.111788 0.950001 5.15591 -0.174947 0.970165 -0.167851 7.97306 -0.940421 -0.215136 -0.263295 2.40279
-0.640165 0.0608847 -0.765821 0.515416 0.196258 0.976738 -0.0864028 8.21974 0.742746 -0.205611 -0.637222 -1.07117
0.989109 0.137194 -0.0532976 0.641229 -0.125706 0.975798 0.178932 9.87277 0.0765559 -0.170283 0.982417 4.35637
-0.590168 0.153029 0.792644 5.22184 -0.0887252 0.963625 -0.2521 8.9813 -0.80239 -0.219109 -0.555123 0.543122
-0.121378 0.0137949 -0.99251 -0.785147 0.256416 0.9664 -0.0179261 9.53797 0.958915 -0.256671 -0.120837 0.127426
0.93596 0.0783874 0.343268 2.05563 -0.0943009 0.995095 0.0298863 10.1902 -0.339242 -0.060343 0.938762 5.81276
-0.712784 0.266814 0.648652 4.8491 0.157368 0.962076 -0.22281 9.55916 -0.683501 -0.0567382 -0.727741 0.483413
-0.153013 0.221703 -0.963034 -0.758228 0.204357 0.960544 0.188661 11.1139 0.966864 -0.167936 -0.192282 0.5157
0.931915 0.0950234 0.350008 1.19927 -0.127064 0.989443 0.0696918 11.547 -0.339691 -0.10942 0.934151 5.57457
-0.863064 0.0753944 0.499437 4.17029 -0.0290078 0.979766 -0.198032 11.2228 -0.504261 -0.185402 -0.843414 2.46513
0.173578 0.0599261 -0.982995 0.420399 0.128836 0.988187 0.0829926 11.5945 0.976357 -0.141051 0.163807 1.76213
0.723811 0.0831254 0.684972 2.30533 -0.0478765 0.996375 -0.0703247 11.6921 -0.688335 0.0181077 0.725167 5.07599
-0.927699 0.181353 0.326321 5.023 0.159007 0.982779 -0.0941371 11.4085 -0.337773 -0.0354435 -0.94056 1.59472
0.108991 0.0431418 -0.993106 0.407753 0.182542 0.9812 0.0626582 11.5526 0.977138 -0.188113 0.0990671 1.16084
0.811274 0.0753113 0.579795 1.58217 -0.196702 0.96902 0.149365 12.4612 -0.550584 -0.235222 0.800954 5.24676
-0.869995 0.0216953 0.492584 4.69893 -0.0670735 0.984537 -0.161827 11.8824 -0.488478 -0.173828 -0.855087 2.49033
-0.120495 0.0436898 -0.991752 0.360469 0.186189 0.982297 0.0206519 11.4373 0.975097 -0.182165 -0.126496 0.966656
0.988463 0.0663901 0.136134 -0.514672 -0.0815374 0.990704 0.108892 11.702 -0.127639 -0.118735 0.984688 5.83439
-0.419468 0.0994975 0.902301 4.46628 -0.321844 0.913105 -0.25031 10.0127 -0.848801 -0.395397 -0.350996 5.14821
-0.665391 -0.116564 -0.737338 0.891752 0.21631 0.91525 -0.339893 7.32811 0.714468 -0.385655 -0.583785 0.846834
0.97169 -0.171371 -0.162639 -0.532486 0.221611 0.89974 0.375974 8.46461 0.0819012 -0.401372 0.912246 6.00103
-0.444073 -0.112806 0.888861 5.21282 -0.408619 0.908369 -0.0888635 8.87601 -0.797389 -0.402667 -0.449477 4.76269
-0.567053 -0.0764211 -0.820128 1.56533 0.348676 0.879804 -0.323064 6.26775 0.746241 -0.469153 -0.47225 -0.549082
0.995073 -0.0563623 0.0815696 -0.899891 0.0081437 0.866388 0.499305 9.03009 -0.0988132 -0.49618 0.862578 5.40353
-0.654301 -0.0305565 0.755617 5.46818 -0.308782 0.92289 -0.230059 8.27925 -0.690322 -0.383848 -0.613284 3.72577
-0.182393 0.0287884 -0.982804 0.4478 0.504807 0.860512 -0.0684783 6.60568 0.843743 -0.508617 -0.171484 0.610305
0.785129 0.00119651 0.619332 2.006 -0.263987 0.905253 0.332908 9.14697 -0.560254 -0.424871 0.711056 6.16131
-0.481254 0.117732 -0.868639 -1.97346 0.443819 0.887266 -0.125633 7.6108 0.755923 -0.445981 -0.479251 2.19471
-0.0936485 0.100617 0.990508 2.98922 -0.377438 0.917029 -0.128838 8.04636 -0.921288 -0.385921 -0.0479021 4.34206
0.674772 -0.0282821 -0.737484 -1.40806 0.310402 0.917463 0.248822 9.01765 0.669577 -0.396815 0.627857 5.82137
-0.942269 -0.114934 0.314514 2.45679 -0.181205 0.96486 -0.19029 7.93584 -0.281591 -0.236295 -0.929985 0.175849
0.995496 -0.0329363 -0.0889029 1.01309 0.0719034 0.873467 0.481544 11.044 0.0617933 -0.485767 0.871901 6.92417
-0.996225 0.0151993 0.0854723 1.20907 -0.00423825 0.974865 -0.222755 8.47863 -0.0867094 -0.222277 -0.97112 -0.0737371
0.978697 0.00633176 -0.205213 0.361585 0.0726959 0.924084 0.375212 11.2297 0.192009 -0.382137 0.903938 7.40392
-0.932745 -0.173707 0.315931 2.2828 -0.247051 0.946159 -0.209164 9.44695 -0.262588 -0.273148 -0.92544 -0.699562
0.948212 -0.0980918 -0.302112 -0.205736 0.171018 0.959154 0.225336 11.3513 0.267668 -0.265333 0.926257 7.38736
-0.937682 -0.200459 0.283847 2.36976 -0.262021 0.944402 -0.19862 9.11913 -0.22825 -0.260616 -0.938073 -1.66011
0.953308 -0.130966 -0.272125 -0.021235 0.190574 0.95989 0.205651 11.1567 0.234277 -0.247909 0.94003 7.60409
-0.917115 -0.304087 0.257744 2.32647 -0.381132 0.858348 -0.343478 8.21665 -0.116787 -0.413243 -0.903101 -1.43026
0.950804 -0.169733 -0.259156 -0.137096 0.217792 0.961158 0.169538 10.7982 0.220314 -0.21764 0.950839 7.81526
-0.893656 -0.340792 0.291958 2.64043 -0.431422 0.831511 -0.34995 8.05707 -0.123506 -0.438692 -0.89011 -1.51891
0.955009 -0.115744 -0.273061 0.034358 0.170117 0.967964 0.184676 10.5863 0.242938 -0.222819 0.944104 7.45156
-0.900468 -0.288276 0.325661 3.33583 -0.39 0.866623 -0.31123 7.70984 -0.192505 -0.40726 -0.892794 -2.84219
0.946947 -0.0518801 -0.317174 -0.171332 0.137807 0.957102 0.254882 10.9729 0.290344 -0.285069 0.913475 7.5619
-0.899925 -0.299143 0.317251 3.05665 -0.385124 0.886481 -0.256575 7.89673 -0.204484 -0.353079 -0.912974 -2.75468
0.878387 -0.254379 -0.404633 -1.20624 0.360086 0.90891 0.210285 10.5703 0.314283 -0.330414 0.889974 7.28255
-0.786618 -0.320731 0.527602 4.64964 -0.456244 0.877682 -0.146682 8.92233 -0.416022 -0.356098 -0.836732 -2.36771
0.742147 -0.250452 -0.621684 -2.85314 0.363113 0.929884 0.0588587 9.84342 0.563353 -0.269423 0.781054 7.11951
-0.636401 -0.275695 0.720407 6.29106 -0.407115 0.913321 -0.01012 9.81679 -0.655173 -0.299728 -0.693478 -1.59687
0.649405 -0.268463 -0.711478 -1.56977 0.387685 0.921772 0.00604696 10.2819 0.654197 -0.279756 0.702682 6.45837
-0.649109 -0.213598 0.730092 6.92671 -0.388526 0.918233 -0.0767894 9.61002 -0.653992 -0.333504 -0.679021 -1.3616
0.664312 -0.211292 -0.716969 -1.63297 0.312196 0.949972 0.00930898 9.97626 0.679134 -0.230019 0.697043 6.91328
-0.631707 -0.287131 0.720071 6.97954 -0.434204 0.90055 -0.021823 9.69946 -0.642194 -0.326444 -0.693557 -1.05196
0.641532 -0.184853 -0.744491 -1.30325 0.322272 0.945675 0.0428978 10.289 0.696116 -0.267449 0.666253 6.96361
-0.591384 -0.326326 0.737412 7.2319 -0.485485 0.874241 -0.00246862 9.97589 -0.643871 -0.359462 -0.675439 -1.23882
0.649197 -0.187241 -0.737214 -0.911794 0.299135 0.953977 0.0211256 10.0637 0.69933 -0.234241 0.675329 6.34021
-0.594517 -0.333451 0.731683 6.99326 -0.491658 0.870784 -0.00264539 10.1262 -0.636256 -0.361311 -0.68164 -0.874641
0.644612 -0.129775 -0.753414 -0.292671 0.28959 0.953499 0.0835298 10.6622 0.70754 -0.272025 0.652219 5.93564
-0.638712 -0.262939 0.723125 6.6362 -0.437593 0.89715 -0.0602933 9.59821 -0.632898 -0.354944 -0.688081 -1.18818
0.669592 -0.170325 -0.722936 -0.523155 0.334521 0.938195 0.0887974 10.5051 0.663131 -0.301295 0.685186 5.96855
-0.692259 -0.269787 0.669322 5.61678 -0.326595 0.944195 0.0427946 10.7547 -0.643516 -0.188972 -0.741739 -1.34677
0.711223 -0.173753 -0.681155 -0.423804 0.235461 0.971882 -0.00205852 10.557 0.66236 -0.158921 0.732137 5.27295
-0.721673 0.0742639 0.688239 5.5869 0.0103984 0.995279 -0.0964911 9.87348 -0.692156 -0.0624781 -0.719039 -1.35047
0.689725 -0.289613 -0.663629 -1.31827 0.292826 0.949799 -0.110159 9.58942 0.662218 -0.118348 0.739907 6.15247
-0.731687 0.0924739 0.675339 5.7401 0.0256064 0.993785 -0.108335 9.5767 -0.68116 -0.0619742 -0.729507 -1.61191
0.734528 -0.140202 -0.663937 -1.38787 0.170911 0.985105 -0.0189406 10.0584 0.656703 -0.099561 0.747549 6.19739
-0.736759 0.15485 0.658185 5.71085 0.0657339 0.985215 -0.158208 9.22622 -0.672953 -0.0732956 -0.736046 -1.40019
0.736541 0.180049 -0.651989 -1.21275 -0.118535 0.983362 0.137652 10.8116 0.665925 -0.0241027 0.74563 5.7844
-0.704215 0.221169 0.674659 5.97214 0.0368318 0.960343 -0.276378 8.44868 -0.709031 -0.16978 -0.684435 -0.845434
0.648599 0.324091 -0.688683 -0.95016 -0.209386 0.94588 0.247927 11.4167 0.731763 -0.016604 0.681358 5.32203
-0.608279 0.362918 0.705895 6.4776 0.136343 0.923902 -0.357513 8.0607 -0.781925 -0.121224 -0.611472 -0.555534
0.523465 0.343588 -0.7797 -1.99926 -0.155382 0.938239 0.309133 11.4499 0.83776 -0.0406691 0.544523 4.51341
-0.499378 0.144262 0.854289 7.72785 -0.15305 0.955843 -0.250877 8.47856 -0.852759 -0.256032 -0.455248 0.243207
0.326009 0.208381 -0.922115 -2.5803 -0.0243084 0.976929 0.212174 10.6345 0.945054 -0.0467553 0.323554 2.88081
-0.197089 0.202435 0.959258 8.75309 -0.137723 0.96303 -0.231527 8.53004 -0.970664 -0.177743 -0.161924 1.82062
0.0263104 0.0542661 -0.99818 -3.96392 0.0501155 0.997198 0.0555337 9.76524 0.998397 -0.0514851 0.0235175 0.809068
0.107557 0.189269 0.976017 8.90084 -0.139698 0.974849 -0.173648 8.50092 -0.984336 -0.11767 0.131292 4.18495
-0.218556 0.0294509 -0.97538 -2.77719 0.012395 0.999547 0.0274032 9.56278 0.975746 -0.00610033 -0.218822 -1.08524
0.296559 0.156582 0.942091 7.87211 -0.204091 0.974069 -0.0976516 9.33957 -0.932953 -0.163312 0.320826 5.6289
-0.454783 -0.0190086 -0.8904 -2.03907 0.121326 0.989129 -0.0830854 8.6646 0.8823 -0.145814 -0.447533 -2.47332
0.611585 0.153867 0.776072 6.02276 -0.231862 0.972696 -0.0101313 9.72014 -0.756442 -0.173745 0.630563 7.21201
-0.778624 -0.0360694 -0.626453 0.635689 0.0929266 0.98071 -0.171966 8.00946 0.620572 -0.192111 -0.760253 -3.38793
0.877534 0.117022 0.465015 3.49711 -0.179003 0.979605 0.0912791 9.84045 -0.44485 -0.16334 0.880585 8.28374
-0.897863 0.0210115 -0.439772 2.10993 0.097392 0.983594 -0.151847 7.62266 0.429368 -0.179168 -0.88518 -3.45319
0.922375 0.0899891 0.375667 2.97402 -0.138713 0.984784 0.104681 9.44156 -0.360532 -0.148665 0.920824 8.76074
-0.945586 0.0398115 -0.322928 3.08123 0.0948291 0.983119 -0.156474 7.15566 0.311248 -0.178582 -0.933399 -3.99692
0.977142 0.124453 0.17235 0.570269 -0.143033 0.984662 0.0999056 9.47717 -0.157273 -0.122273 0.979957 8.67265
-0.995304 0.078966 -0.0559889 4.80229 0.0880264 0.978952 -0.184129 6.85238 0.0402709 -0.188193 -0.981307 -3.65881
0.976754 0.126231 -0.173255 -2.23335 -0.108099 0.98799 0.110411 9.01826 0.185112 -0.0891155 0.978669 7.36806
-0.897957 0.0561194 0.43649 8.03674 0.000658012 0.992006 -0.126188 7.42763 -0.440082 -0.113024 -0.890817 -1.20227
0.79543 0.0890845 -0.599462 -3.34797 -0.036732 0.994405 0.099036 8.72078 0.604931 -0.0567565 0.794253 5.04905
-0.6962 0.0807089 0.713296 8.34391 -0.0188842 0.991256 -0.130591 7.44334 -0.7176 -0.104387 -0.688589 0.95922
0.531674 0.0310941 -0.846378 -4.1266 0.0532925 0.996117 0.0700722 7.97991 0.845271 -0.0823609 0.527954 2.36642
-0.328733 0.102982 0.938791 8.58695 -0.0675589 0.988926 -0.132138 6.73489 -0.942004 -0.106862 -0.318136 3.52412
0.261256 0.0620252 -0.963275 -3.69753 0.0569067 0.995208 0.0795153 7.24384 0.963591 -0.0755903 0.256475 1.62687
-0.191056 0.0577653 0.979878 8.75923 -0.100089 0.991917 -0.0779903 6.68913 -0.976463 -0.112975 -0.18373 4.0642
0.0261949 0.00368531 -0.99965 -3.86904 0.0463004 0.998915 0.0048958 6.99557 0.998585 -0.0464121 0.0259963 -0.0543942
-0.0381675 0.00659576 0.999249 9.31703 -0.0899685 0.995894 -0.01001 7.25563 -0.995214 -0.0902828 -0.0374178 3.84034
-0.0986968 0.0560849 -0.993536 -3.84346 0.102761 0.993647 0.0458829 6.86755 0.989798 -0.0975682 -0.103833 -1.31416
0.321027 -0.0461145 0.945947 7.73117 -0.0153484 0.998429 0.0538818 7.31232 -0.946947 -0.0318159 0.319814 7.13524
-0.650064 0.000557106 -0.759879 0.0747266 -0.00295098 0.99999 0.0032576 7.09536 0.759874 0.00436043 -0.650057 -4.12963
0.892448 -0.0185947 0.450766 2.40802 0.0226754 0.999736 -0.00365325 6.77138 -0.45058 0.0134821 0.892635 9.13618
-0.988566 -0.0271024 -0.148333 4.59527 -0.0224631 0.999207 -0.0328635 6.61956 0.149106 -0.0291554 -0.988392 -4.57317
0.977195 -0.0150768 -0.211806 -2.50987 0.00181548 0.998033 -0.0626665 6.31555 0.212334 0.0608533 0.975301 7.24144
-0.978504 -0.170581 -0.115892 -0.359315 -0.170763 0.985276 -0.00843536 7.30093 0.115625 0.0115364 -0.993227 -6.41247
0.858702 0.0101984 0.512374 3.24654 0.0140644 0.998956 -0.0434543 7.19167 -0.512283 0.044521 0.857663 6.36268
-0.685734 -0.0097714 -0.727787 -4.04932 -0.0511955 0.998081 0.0348369 7.62022 0.72605 0.0611486 -0.684918 -5.39129
0.41341 -0.0467049 0.909346 7.7381 0.031166 0.998824 0.0371319 7.63435 -0.910012 0.0129904 0.414379 4.38936
-0.186587 0.00924043 -0.982395 -6.86026 -0.0491752 0.998614 0.0187329 7.64273 0.981207 0.0518052 -0.185874 -1.7842
0.0113916 -0.0257499 0.999603 8.58721 -0.00361611 0.999661 0.0257926 7.62442 -0.999929 -0.00390809 0.0112942 0.741318
0.256033 -0.00800689 -0.966635 -7.17023 -0.00147724 0.999961 -0.00867425 7.81931 0.966667 0.00364925 0.256012 2.33774
-0.517728 -0.0746818 0.852279 7.98317 0.0150037 0.995237 0.0963228 9.55488 -0.855414 0.0626568 -0.514142 -3.57003
0.721464 -0.0612764 -0.689735 -5.18492 0.0206041 0.997535 -0.0670697 8.97863 0.692145 0.0341775 0.72095 6.3758
-0.87146 -0.00914458 0.490381 4.96824 0.0515303 0.992585 0.110085 11.1154 -0.487751 0.121204 -0.864528 -6.38462
0.966881 -0.0961478 -0.236423 -1.4039 0.0724652 0.991624 -0.106915 9.73149 0.244722 0.0862423 0.965751 8.60776
-0.997797 0.0641303 0.0169816 1.09417 0.0651729 0.995391 0.0703505 11.4569 -0.0123913 0.0713026 -0.997378 -7.25691
0.960481 -0.0781036 0.267161 3.21611 0.108792 0.988813 -0.102045 9.99259 -0.256203 0.127078 0.958234 8.98258
-0.840977 0.0826356 -0.534723 -3.11813 0.0450849 0.995534 0.0829423 11.7716 0.53919 0.045645 -0.840947 -5.97503
0.65822 -0.038774 0.751826 7.64835 0.155262 0.984194 -0.0851732 10.4782 -0.736641 0.172793 0.653837 6.79458
-0.452097 0.00232379 -0.891966 -5.9957 -0.0815129 0.995704 0.0439092 11.7498 0.888237 0.0925584 -0.449965 -2.55365
0.216322 -0.0135176 0.976228 9.95765 0.247039 0.968123 -0.0413359 10.9772 -0.944551 0.250109 0.212766 3.21569
0.00639441 -0.0570135 -0.998353 -7.04762 -0.139423 0.988571 -0.0573478 11.0425 0.990213 0.13956 -0.00162737 0.953515
-0.193825 0.0259753 0.980692 10.6218 0.176605 0.984242 0.00883509 11.5237 -0.96501 0.174908 -0.195359 -0.428425
0.377843 -0.105102 -0.919885 -6.41684 -0.0313893 0.991511 -0.126178 9.93913 0.925338 0.0765505 0.371337 4.07056
-0.647395 -0.0671591 0.75919 8.13808 0.0311409 0.992947 0.114393 12.3906 -0.761518 0.0976997 -0.640739 -5.33486
0.847745 -0.0799334 -0.524347 -2.44403 0.0289895 0.994084 -0.104673 10.6639 0.529612 0.0735354 0.845047 8.02365
-0.961707 -0.0843706 0.26077 3.55308 -0.0672668 0.994998 0.0738489 12.359 -0.265697 0.0534802 -0.962573 -8.10594
0.999843 -0.0132646 -0.0117163 1.70482 0.0123196 0.996928 -0.0773464 11.2671 0.0127061 0.0771903 0.996936 8.70503
-0.975683 -0.000608354 -0.219186 -0.535525 -0.00482425 0.999813 0.0186998 11.6944 0.219134 0.0193028 -0.975505 -7.78951
0.898989 -0.146357 0.412793 5.60954 0.201272 0.975149 -0.0925907 10.2292 -0.388984 0.166322 0.906107 7.76842
-0.825233 -0.152178 -0.543905 -2.70294 -0.210051 0.976634 0.0454465 11.0594 0.524281 0.151752 -0.837915 -6.59277
0.703732 -0.106446 0.702447 7.90883 0.197755 0.978987 -0.0497651 9.8741 -0.68239 0.173934 0.709995 5.8176
-0.547508 -0.120943 -0.828015 -5.26902 -0.208848 0.977937 -0.00474447 10.1118 0.81032 0.170332 -0.560687 -4.94312
0.30703 -0.103098 0.946099 9.73115 0.188529 0.981003 0.0457202 10.6086 -0.93284 0.16433 0.320635 2.53127
-0.0273226 -0.118405 -0.992589 -6.79344 -0.215816 0.970241 -0.109799 9.58781 0.976052 0.211217 -0.0520632 -0.678433
-0.289141 -0.101156 0.951927 9.6495 0.259497 0.948887 0.179653 11.5897 -0.921445 0.298968 -0.248112 -1.76665
0.574082 -0.0594176 -0.816639 -4.98133 -0.271011 0.927359 -0.257989 8.08803 0.772647 0.369426 0.516277 4.25301
-0.803056 -0.185269 0.566372 6.42781 0.0358503 0.933699 0.356259 13.5705 -0.594825 0.306401 -0.743171 -6.30811
0.891656 -0.28805 -0.349253 -1.41196 0.134558 0.905226 -0.403063 6.95082 0.432256 0.312399 0.84591 6.30011
-0.952437 -0.267592 0.145802 2.65716 -0.21295 0.926687 0.309683 12.3978 -0.217982 0.263906 -0.939595 -7.95521
0.971343 -0.233431 0.0447656 1.13805 0.23723 0.940498 -0.24328 8.08277 0.0146871 0.246929 0.968923 6.78003
-0.961715 -0.124093 -0.244348 0.163623 -0.172284 0.967152 0.186911 10.9316 0.213127 0.221853 -0.951504 -8.18163
0.890928 -0.277309 0.359648 3.36878 0.32991 0.939429 -0.0929078 8.05834 -0.3121 0.201426 0.928452 6.56778
-0.696038 -0.063155 -0.715222 -5.03443 -0.213966 0.96911 0.122654 9.90349 0.685383 0.238406 -0.688051 -5.59307
0.404867 -0.146595 0.902548 6.53235 0.266276 0.963187 0.0369967 9.37272 -0.874746 0.225349 0.428997 3.45846
-0.125172 -0.0795284 -0.988943 -6.46023 -0.152832 0.98643 -0.059982 9.17637 0.980294 0.143634 -0.135628 -2.19666
-0.252462 -0.183689 0.950011 7.08093 0.184848 0.954578 0.233694 11.3056 -0.949787 0.234608 -0.20704 -1.42623
0.557222 -0.0644645 -0.827857 -5.86211 0.0244893 0.997824 -0.0612159 9.57569 0.830003 0.0138376 0.557589 2.40977
-0.861684 -0.150109 0.484735 3.8997 -0.113794 0.988078 0.103697 10.9088 -0.494522 0.0341943 -0.868493 -7.62794
0.991414 -0.103 -0.0805553 -0.659373 0.0999423 0.994143 -0.041115 9.87292 0.0843183 0.0327115 0.995903 6.24962
-0.950588 -0.172054 -0.25842 -1.77254 -0.167627 0.985069 -0.0392417 10.0971 0.261314 0.00601588 -0.965236 -9.33043
0.802423 -0.133223 0.581695 5.34399 0.130859 0.99032 0.0462937 10.6459 -0.582232 0.0389733 0.812089 4.70573
-0.472241 -0.0115756 -0.881394 -6.6738 -0.0344676 0.999392 0.00534218 11.0218 0.880796 0.0329026 -0.472353 -4.83312
0.0949751 -0.152571 0.983718 9.37947 0.194195 0.97204 0.132011 12.718 -0.976355 0.178496 0.121948 -0.786185
-0.0123667 -0.00878416 -0.999885 -7.5684 -0.0899706 0.995915 -0.0076364 12.4505 0.995869 0.0898662 -0.0131064 -1.91404
-0.202618 -0.128864 0.970742 8.76393 0.175172 0.970545 0.165401 14.203 -0.963464 0.203561 -0.174077 -4.1283
0.485184 -0.112895 -0.867094 -5.93977 -0.0600325 0.98499 -0.161836 11.3824 0.87235 0.130575 0.471124 1.77407
-0.676129 -0.139304 0.723495 5.83765 -0.0251933 0.985761 0.166257 13.6896 -0.736353 0.0941843 -0.670011 -7.71605
0.854644 -0.148474 -0.497534 -2.04289 0.0875256 0.985727 -0.143813 11.536 0.511785 0.079362 0.855441 5.46359
-0.934172 -0.152661 0.322519 2.25213 -0.129316 0.987257 0.0927459 13.2879 -0.332567 0.0449342 -0.94201 -10.1524
0.943999 -0.222392 -0.243736 -0.191683 0.216679 0.974943 -0.0503598 12.4195 0.248829 -0.00527267 0.968534 6.45312
-0.968781 -0.226247 0.101372 0.722712 -0.226281 0.973997 0.0113118 12.2972 -0.101296 -0.0119797 -0.994785 -10.4165
0.949819 -0.295723 0.101942 3.57099 0.282375 0.950824 0.127274 14.047 -0.134567 -0.0921015 0.986616 6.05001
-0.911986 -0.215796 -0.348875 -2.78339 -0.189744 0.975915 -0.107646 12.3166 0.363702 -0.0319745 -0.930968 -8.66385
0.802235 -0.206444 0.560179 6.84825 0.143863 0.977508 0.154215 14.8586 -0.579416 -0.0431269 0.813891 3.66912
-0.659175 -0.198421 -0.72534 -5.51372 -0.0769559 0.977296 -0.197409 11.1469 0.748043 -0.0743075 -0.659479 -6.66118
0.454375 -0.172772 0.873895 9.25038 0.0427837 0.984112 0.172317 13.7563 -0.889783 -0.0409079 0.454548 0.328313
-0.242163 -0.164417 -0.956203 -6.54825 0.0102225 0.98505 -0.171966 11.0218 0.970183 -0.0514184 -0.236862 -2.97589
0.0245832 -0.180287 0.983307 9.29703 -0.026189 0.98315 0.180913 13.5998 -0.999356 -0.030199 0.0194474 -2.69161
0.193065 -0.16103 -0.967882 -5.53311 0.0356368 0.986941 -0.157092 10.9378 0.98054 -0.00416295 0.196282 0.415051
-0.442763 -0.218904 0.869507 7.86303 -0.154742 0.973845 0.166375 13.0693 -0.883186 -0.0608847 -0.465057 -6.6263
0.67891 -0.0991487 -0.727497 -3.53443 0.063749 0.995059 -0.0761225 11.6645 0.73145 0.00530344 0.681876 4.28967
-0.841105 -0.0971516 0.532076 4.37913 -0.10302 0.994503 0.0187316 11.9368 -0.530971 -0.0390592 -0.84649 -9.42048
0.932684 -0.0355218 -0.358942 -0.284369 0.0586298 0.996835 0.0536963 12.5435 0.355899 -0.0711261 0.931815 4.74209
-0.946371 -0.1659 0.277235 2.50418 -0.167164 0.985741 0.0192465 12.1855 -0.276476 -0.0281291 -0.96061 -9.90469
0.986395 -0.000994499 -0.164394 1.56486 0.0126403 0.99748 0.0698103 12.5816 0.16391 -0.0709383 0.983923 4.64377
-0.992173 -0.0738919 -0.10066 -1.00764 -0.0743817 0.997229 0.00111757 11.8356 0.100298 0.00859638 -0.994921 -10.0823
0.920725 -0.063894 0.384947 6.2388 0.0474155 0.997513 0.0521588 12.0875 -0.387323 -0.0297712 0.921465 3.41486
-0.757506 -0.140352 -0.637563 -4.80555 -0.147175 0.988189 -0.0426754 10.6782 0.636023 0.0615066 -0.769217 -7.1042
0.534164 -0.139198 0.833842 8.92779 0.0745757 0.990264 0.117536 11.9535 -0.842086 -0.00059912 0.539345 -0.358654
-0.324916 -0.129105 -0.93689 -5.30318 -0.11085 0.989009 -0.097844 10.5429 0.939225 0.0720637 -0.335656 -3.91714
-0.0288938 -0.17888 0.983447 9.89797 -0.0590863 0.982443 0.176961 12.956 -0.997836 -0.0529949 -0.0389558 -5.55856
0.278946 -0.13968 -0.950095 -4.01337 0.0315226 0.990164 -0.136315 10.3958 0.95979 0.00807539 0.280605 -0.322559
-0.483955 -0.268333 0.832938 8.6449 -0.14488 0.963261 0.226138 13.247 -0.863017 -0.0112352 -0.505051 -9.21057
0.598089 -0.313632 -0.737513 -1.7311 0.266521 0.945706 -0.186031 10.0296 0.755816 -0.0852995 0.649206 1.78733
-0.697782 -0.276582 0.66076 7.45015 -0.257116 0.957685 0.129348 11.0684 -0.668576 -0.079635 -0.739369 -10.1933
0.829152 -0.242442 -0.503716 0.782965 0.213206 0.970101 -0.115963 9.24064 0.51677 -0.0112445 0.856052 2.69263
-0.915191 -0.303607 0.265047 4.3486 -0.297846 0.952553 0.0626897 9.44578 -0.271505 -0.02157 -0.962196 -11.8216
0.959552 -0.279685 -0.0322104 4.65151 0.280434 0.959629 0.021652 9.05698 0.0248546 -0.0298089 0.999248 3.05545
-0.947649 -0.253571 -0.194073 1.05128 -0.241385 0.966747 -0.0844556 7.12548 0.209035 -0.0331878 -0.977346 -11.274
0.859902 -0.337091 0.383326 7.71862 0.331126 0.939867 0.0837009 8.03879 -0.38849 0.0549548 0.919814 2.25203
-0.877063 -0.253214 -0.40822 1.43804 -0.207514 0.966125 -0.153429 5.3402 0.433242 -0.0498551 -0.899899 -11.0451
0.834247 -0.242637 0.495137 9.13618 0.224208 0.969661 0.0974081 6.94276 -0.50375 0.0297517 0.863338 1.5031
-0.775938 -0.249671 -0.579298 0.236272 -0.205171 0.968295 -0.142509 5.04913 0.596512 0.00827786 -0.802563 -10.2665
0.776877 -0.24404 0.580437 8.7244 0.222131 0.968791 0.110012 7.03805 -0.589169 0.0434681 0.806841 0.521712
-0.791666 -0.249913 -0.557503 0.779354 -0.203196 0.968266 -0.145505 4.9426 0.576175 -0.00190853 -0.817326 -9.58332
0.795871 -0.249686 0.551586 8.96565 0.201301 0.968304 0.147869 7.23633 -0.571024 -0.00664928 0.820908 1.04379
-0.794036 -0.244161 -0.55668 1.03413 -0.19914 0.969734 -0.14128 5.44245 0.574326 -0.00132416 -0.818627 -8.83597
0.855467 -0.106136 0.506865 7.58639 0.108363 0.993792 0.0252061 6.46638 -0.506394 0.0333631 0.861658 1.02766
-0.835592 -0.166581 -0.523486 0.935733 -0.149457 0.985907 -0.0751672 5.89805 0.52863 0.0154299 -0.848713 -9.28534
0.817849 -0.0825039 0.569489 7.51674 0.0856588 0.996097 0.0212929 6.4664 -0.569023 0.0313678 0.821724 -0.147369
-0.807076 -0.138325 -0.574017 0.87597 -0.124031 0.990198 -0.0642271 6.11332 0.577275 0.0193598 -0.816322 -8.02598
0.818543 -0.0149843 0.574251 7.28478 0.0380268 0.99888 -0.0281391 6.19226 -0.573186 0.0448704 0.818197 -0.0939102
-0.786168 -0.111946 -0.60779 1.81168 -0.152544 0.988178 0.0153057 5.71671 0.598891 0.104748 -0.793952 -7.49223
0.806101 -0.0462164 0.589972 6.64469 -0.0017411 0.996756 0.0804615 6.11437 -0.591777 -0.065887 0.803406 -0.532814
-0.804501 0.0799338 -0.588548 2.30954 -0.00877179 0.989196 0.146338 6.35781 0.593887 0.122892 -0.795109 -7.00681
0.783931 0.183079 0.593241 6.43977 -0.135673 0.982955 -0.124065 5.33484 -0.605843 0.0167716 0.795409 -0.523084
-0.827238 0.136308 -0.545067 2.93071 0.101533 0.990421 0.0935847 6.19352 0.552602 0.0220748 -0.833154 -6.84144
0.772106 0.11761 0.624516 6.74393 -0.117597 0.992195 -0.0414635 5.5972 -0.624519 -0.0414266 0.779912 -0.875007
-0.694684 0.128653 -0.707717 2.48686 0.121244 0.990741 0.0610925 5.75462 0.709024 -0.0433657 -0.703851 -6.44633
0.629962 0.166914 0.758478 7.42777 -0.175136 0.982007 -0.0706433 5.57231 -0.756622 -0.0883338 0.64786 -1.02288
-0.638525 0.196758 -0.744025 2.77665 0.160193 0.979571 0.12157 6.20692 0.752745 -0.0415616 -0.657 -5.76164
0.674887 0.162677 0.719767 7.36842 -0.114392 0.98667 -0.115741 5.2274 -0.729002 -0.00422264 0.684501 -0.682828
-0.64218 0.186398 -0.743547 1.77534 0.108456 0.982321 0.152585 6.27534 0.758844 0.0173456 -0.651044 -6.65269
0.628633 0.270694 0.729072 7.93728 -0.237598 0.959495 -0.15138 5.58085 -0.740519 -0.0780632 0.667488 -0.359581
-0.623384 0.271256 -0.733358 2.70377 0.22865 0.960141 0.160776 6.56115 0.747739 -0.0674568 -0.66056 -5.91813
0.637302 0.278083 0.718691 7.62245 -0.181626 0.96055 -0.210609 5.39625 -0.748906 0.00368885 0.662668 -0.659635
-0.67713 0.255355 -0.690138 3.55392 0.230496 0.964265 0.130632 6.29784 0.698833 -0.0706181 -0.711792 -5.87538
0.726736 0.260171 0.635741 7.68671 -0.198625 0.965554 -0.168089 5.39872 -0.657575 -0.00411781 0.75338 -0.0587497
-0.721815 0.167314 -0.671557 3.85302 0.256954 0.965769 -0.0355699 5.36875 0.642618 -0.198234 -0.7401 -5.92391
0.680176 0.230578 0.695842 9.0747 -0.22857 0.968628 -0.0975454 5.64254 -0.696504 -0.0927004 0.711542 0.376443
-0.673154 0.201624 -0.711486 4.53392 0.271415 0.962331 0.0159172 6.22036 0.687894 -0.182393 -0.702522 -5.88838
0.691778 0.232837 0.683543 9.28218 -0.166705 0.972515 -0.162557 5.82963 -0.702605 -0.00149582 0.71158 0.130593
-0.718813 0.214069 -0.661425 4.2456 0.217712 0.97287 0.0782652 6.92461 0.660235 -0.087742 -0.745918 -7.12427
0.769789 0.179795 0.612453 10.1525 -0.0526053 0.974115 -0.219848 5.35301 -0.636127 0.137019 0.759322 1.10055
-0.727582 0.223077 -0.648739 3.28747 0.19552 0.973864 0.115593 7.22912 0.657569 -0.0427374 -0.752182 -8.31929
0.742451 0.235186 0.62726 10.8233 -0.0275977 0.946291 -0.322138 4.54041 -0.669333 0.221861 0.709065 1.48056
-0.742458 0.21124 -0.635716 3.88363 0.178366 0.977061 0.11635 7.04568 0.645711 -0.0270047 -0.763106 -8.06865
0.759003 0.260318 0.596783 10.8797 -0.101696 0.952743 -0.28625 4.82241 -0.643097 0.156575 0.749609 1.79212
-0.71712 0.211001 -0.664243 3.68796 0.219098 0.973003 0.0725421 6.56644 0.661617 -0.0935123 -0.74399 -7.93657
0.739211 0.278798 0.613058 11.1714 -0.110357 0.94813 -0.298112 4.23162 -0.664372 0.152713 0.731636 2.13693
-0.729952 0.174333 -0.660893 3.99399 0.175931 0.982268 0.0647922 6.07278 0.66047 -0.0689757 -0.747679 -7.31896
0.831346 0.141487 0.537443 9.39414 -0.155752 0.987612 -0.0190726 6.02377 -0.533484 -0.0678516 0.843086 1.85011
-0.916404 0.134189 -0.377091 5.23765 0.154035 0.987802 -0.022822 5.56821 0.369429 -0.078999 -0.925896 -8.5372
0.986211 -0.00892086 0.165255 6.81586 -0.00332136 0.997278 0.0736573 6.29121 -0.165462 -0.0731902 0.983498 3.00141
-0.993097 0.117179 -0.00527791 7.60898 0.117289 0.992568 -0.0324381 5.37473 0.00143718 -0.0328328 -0.999461 -9.27879
0.998673 -0.050006 0.0123906 5.80017 0.0495883 0.998257 0.0320002 5.95648 -0.0139687 -0.031343 0.999412 3.47862
-0.997149 0.0650584 -0.0382482 7.26611 0.0683526 0.993384 -0.0922891 5.26329 0.0319905 -0.09464 -0.994999 -10.1963
0.9987 0.045532 0.0229164 5.70102 -0.0465341 0.99789 0.0452891 6.33075 -0.0208055 -0.0462962 0.998712 4.32947
-0.998285 0.0553237 0.0191439 7.84145 0.0537598 0.995784 -0.0743192 5.23421 -0.0231753 -0.0731623 -0.997052 -10.7094
0.996818 0.0703902 -0.0374217 5.2395 -0.0660471 0.992086 0.106786 7.03839 0.0446427 -0.103974 0.993579 4.81695
-0.994299 0.0880559 0.0601461 8.04942 0.0789988 0.987108 -0.139198 4.85719 -0.0716284 -0.133653 -0.988438 -10.7492
0.995337 -0.00874107 -0.0960705 4.89583 0.0118416 0.999426 0.0317503 5.95455 0.0957383 -0.0327395 0.994869 4.21417
-0.991207 0.0956109 0.0914734 8.34092 0.0763973 0.977954 -0.194345 4.14204 -0.108039 -0.185647 -0.97666 -10.9654
0.994359 -0.0340396 -0.100458 4.88737 0.034744 0.999382 0.00526906 5.74062 0.100217 -0.00872929 0.994929 5.06511
-0.994168 0.0318844 0.103028 8.52221 0.0113063 0.980848 -0.194445 3.93364 -0.107255 -0.192146 -0.975489 -11.8996
0.99706 -0.0534126 -0.0549492 5.32434 0.0548625 0.998175 0.0252218 5.8605 0.0535023 -0.028162 0.998172 5.73161
-0.999762 0.0108191 0.0189581 7.81423 0.00695161 0.981114 -0.193306 3.90984 -0.0206919 -0.193128 -0.980957 -12.769
0.999877 0.0149341 0.00496539 6.08809 -0.0151868 0.998342 0.0555216 6.45442 -0.00412753 -0.0555898 0.998446 6.13133
-0.993131 0.054069 -0.103775 6.43155 0.0760814 0.97217 -0.22158 3.44474 0.0889063 -0.227953 -0.969606 -13.2879
0.977597 0.044061 0.205825 8.31551 -0.0503971 0.9984 0.0256411 5.71749 -0.204366 -0.0354393 0.978254 6.82873
-0.937402 0.0142768 -0.347957 3.52063 0.0909733 0.974504 -0.205099 2.90016 0.336158 -0.223915 -0.914802 -13.3244
0.86859 0.0281939 0.49473 11.4684 -0.0894722 0.990894 0.100616 6.82527 -0.487388 -0.131658 0.863204 5.78074
-0.753379 -0.0558278 -0.655213 -0.383327 0.102995 0.974075 -0.201422 3.87296 0.649471 -0.219231 -0.728099 -12.0445
0.607327 0.0310963 0.793844 14.8191 -0.148817 0.985999 0.0752288 7.4099 -0.78039 -0.163826 0.603453 2.47271
-0.409278 0.000840122 -0.91241 -3.74659 0.236527 0.965912 -0.105209 5.93912 0.88122 -0.258869 -0.395526 -8.54231
0.193494 0.0745004 0.978269 16.693 -0.220382 0.974932 -0.0306561 7.04533 -0.95603 -0.209661 0.205063 -2.29296
0.0691163 0.0272374 -0.997237 -4.69327 0.300876 0.952511 0.0468687 8.49381 0.951157 -0.303284 0.0576385 -3.77692
-0.340773 0.0827994 0.936493 15.8693 -0.0577206 0.992393 -0.108745 7.65243 -0.938374 -0.091112 -0.333401 -8.11954
0.608459 0.0185186 -0.79337 -2.33032 0.14303 0.980797 0.132587 11.1628 0.780592 -0.194149 0.594126 2.1024
-0.809506 0.10392 0.577842 12.1251 0.00155926 0.984588 -0.174885 8.43716 -0.587112 -0.140669 -0.797192 -13.9772
0.949279 0.0133235 -0.314156 3.43935 0.0417018 0.984942 0.167781 13.0127 0.311661 -0.172372 0.934429 6.05223
-0.991392 0.127296 0.0306537 5.73202 0.120235 0.977768 -0.171798 9.81434 -0.051842 -0.166634 -0.984657 -16.2948
0.964249 0.0239225 0.263917 10.3881 -0.0559063 0.991866 0.114353 13.4035 -0.259035 -0.125019 0.957744 5.7381
-0.83402 0.0419065 -0.550141 -1.04943 0.112165 0.989168 -0.0946939 11.9614 0.540214 -0.140683 -0.829687 -13.9671
0.593421 -0.0158681 0.804736 16.5391 -0.0383223 0.998115 0.0479406 13.9972 -0.80398 -0.059288 0.591696 0.528028
-0.267658 0.0177265 -0.963351 -4.97092 0.0481505 0.998828 0.00500094 14.9509 0.962312 -0.0450469 -0.268199 -6.81646
-0.124034 0.0257504 0.991944 17.3744 -0.0387866 0.998774 -0.0307775 15.1507 -0.991521 -0.0422912 -0.122883 -8.56505
0.513237 0.00918163 -0.858198 -2.45911 -0.0164017 0.999865 0.000888257 15.981 0.858092 0.0136205 0.513319 2.07333
-0.833207 -0.0191281 0.55263 10.4818 -0.017573 0.999813 0.0081116 16.9076 -0.552683 -0.00295235 -0.833388 -15.6328
0.993445 0.0281904 -0.110781 7.14984 -0.0281624 0.999602 0.00181649 17.6698 0.110789 0.0013157 0.993845 6.29704
-0.927621 0.0398315 -0.371396 -0.27253 0.0384314 0.999199 0.0111734 18.5255 0.371543 -0.00390819 -0.928409 -14.6599
0.618669 -0.00498335 0.785637 16.6912 0.0204164 0.999744 -0.0097358 18.8029 -0.785388 0.0220636 0.618613 -0.139931
-0.137565 -0.0101156 -0.990442 -4.76954 0.0465746 0.998776 -0.0166698 18.8181 0.989399 -0.0484223 -0.136926 -3.88699
-0.418986 0.0441264 0.90692 15.6712 0.0551406 0.998212 -0.0230938 18.7276 -0.906319 0.0403326 -0.42067 -12.4878
0.843024 -0.00210146 -0.537873 2.96273 -0.00111349 0.999983 -0.00565238 19.0871 0.537877 0.00536442 0.843009 5.90687
-0.997138 0.0727295 -0.0206893 3.43118 0.0724771 0.997289 0.0126929 19.786 0.021556 0.0111575 -0.999707 -16.7743
0.822084 0.0291357 0.568622 15.5779 -0.000292743 0.998711 -0.0507496 19.1011 -0.569368 0.0415544 0.821034 2.91912
-0.38922 0.00446542 -0.921135 -5.07633 -0.0463608 0.998626 0.0244304 20.1777 0.919979 0.0522138 -0.388479 -7.0097
-0.228138 0.0378669 0.972893 18.0193 0.0682472 0.997407 -0.0228174 19.9804 -0.971236 0.0611922 -0.23013 -11.0225
0.749203 -0.0241716 -0.661899 1.58739 -0.011088 0.998736 -0.0490231 19.2497 0.662249 0.0440678 0.747989 5.45645
-0.993534 0.020416 0.111686 5.49623 0.0251648 0.998831 0.0412771 20.4295 -0.110713 0.0438212 -0.992888 -17.4934
0.85901 -0.0584811 0.508608 16.5334 0.0891705 0.99536 -0.0361545 19.775 -0.504134 0.0764104 0.860241 3.25098
-0.375833 -0.0119001 -0.926611 -4.8261 0.0321207 0.999149 -0.02586 19.4179 0.926132 -0.0394821 -0.375132 -6.4727
-0.281382 0.0164435 0.959455 17.8857 0.0442894 0.99901 -0.00413243 19.5289 -0.958575 0.0413314 -0.281832 -12.1663
0.85146 0.0600569 -0.520971 5.1022 -0.102401 0.993338 -0.052851 18.6195 0.514327 0.0983492 0.851938 7.58584
-0.980106 0.00642795 -0.198375 1.09915 -0.0173581 0.99287 0.117932 21.6682 0.197719 0.11903 -0.973007 -15.232
0.614877 0.0213578 0.788334 18.7564 0.0912157 0.990998 -0.0979938 19.7572 -0.783331 0.132163 0.607395 -0.615709
0.0756189 0.00311495 -0.997132 -4.14616 -0.0157627 0.999874 0.00192802 20.2353 0.997014 0.0155721 0.0756579 0.333966
-0.715922 0.135466 0.684913 12.0357 0.168367 0.985542 -0.0189364 20.0709 -0.677577 0.101761 -0.72838 -15.569
0.972969 0.228663 -0.0323284 10.6232 -0.230819 0.967357 -0.104604 18.1993 0.00735465 0.10924 0.99399 7.44872
-0.760419 0.191345 -0.620606 -3.28313 0.105903 0.979354 0.172192 22.6317 0.640741 0.0652146 -0.764985 -10.78
0.130046 0.182486 0.974571 19.5327 0.0197161 0.982247 -0.186554 18.6739 -0.991313 0.0434759 0.12414 -6.88053
0.576329 0.228389 -0.784656 0.193541 -0.158399 0.973164 0.166914 23.0117 0.801722 0.0280918 0.597039 6.46528
-0.945287 0.240117 0.220856 6.93244 0.241262 0.970206 -0.0221921 22.1694 -0.219605 0.0323067 -0.975055 -16.5521
0.862545 0.219228 0.456022 16.1981 -0.186832 0.975566 -0.115607 19.8089 -0.470223 0.0145174 0.88243 5.1584
-0.392424 0.22681 -0.891382 -3.90339 -0.125653 0.946814 0.296232 27.2292 0.911162 0.228254 -0.343054 -4.88814
-0.247069 0.163645 0.95508 19.3175 0.163154 0.97859 -0.125467 24.1146 -0.955165 0.124826 -0.268479 -9.03633
0.733524 0.209587 -0.646542 2.34505 -0.232453 0.971263 0.0511247 26.0186 0.638678 0.11279 0.761165 7.85418
-0.971033 0.216297 0.101543 6.16988 0.224621 0.971222 0.079203 27.589 -0.0814904 0.0997182 -0.991675 -15.9523
0.897708 0.255349 0.359053 13.7806 -0.18079 0.95665 -0.228332 22.005 -0.401792 0.140063 0.904958 6.83088
-0.708541 0.26288 -0.654878 -1.95055 0.0731416 0.950382 0.302365 29.2416 0.70187 0.16634 -0.692613 -11.2682
0.456506 0.266541 0.848858 18.2878 0.0177093 0.95116 -0.308188 21.5995 -0.889545 0.155723 0.429491 0.102637
-0.224133 0.300808 -0.926974 -4.42306 -0.192625 0.918734 0.344708 29.8076 0.955334 0.255819 -0.147976 -4.1814
-0.084364 0.205811 0.974949 18.9204 0.248162 0.951946 -0.179482 24.7755 -0.96504 0.226804 -0.131384 -7.32755
0.360661 0.235455 -0.902489 -2.96646 -0.266618 0.953261 0.142152 27.6601 0.893779 0.189352 0.40658 1.76614
-0.5558 0.278823 0.783164 15.2014 0.362256 0.929159 -0.0737121 25.0721 -0.748237 0.242738 -0.617432 -12.8669
