1 0 0 0 0 1 0 0 0 0 1 0
<<<<<<< HEAD
0.99998 0.000690128 -0.00625247 -0.00796867 -0.000689683 1 7.32056e-05 -0.00996716 0.00625252 -6.88919e-05 0.99998 0.0833452
0.999918 0.0012175 -0.0127287 -0.00667772 -0.00119976 0.999998 0.00140127 -0.00338952 0.0127304 -0.00138588 0.999918 0.175659
0.999789 0.00119875 -0.0205139 -0.0229682 -0.00121578 0.999999 -0.000817656 -0.0131013 0.0205129 0.000842424 0.999789 0.275205
0.999563 0.00193453 -0.0294805 -0.0379387 -0.00200798 0.999995 -0.00246188 -0.0135261 0.0294756 0.00252 0.999562 0.37409
0.999165 0.00176172 -0.0408169 -0.0502085 -0.00189807 0.999993 -0.00330204 -0.00719794 0.0408108 0.00337675 0.999161 0.479881
0.998538 0.000425993 -0.0540568 -0.0757512 -0.000670507 0.99999 -0.00450523 0.000506787 0.0540543 0.00453489 0.998528 0.608817
0.997531 0.000987146 -0.0702213 -0.0979153 -0.00135915 0.999985 -0.00525004 -0.00961303 0.0702151 0.00533252 0.997518 0.743777
0.996153 -4.72379e-05 -0.0876338 -0.117562 -0.000345916 0.99999 -0.00447114 -0.00180349 0.0876331 0.00448426 0.996143 0.895281
0.994194 -0.00297755 -0.107557 -0.148487 0.0024921 0.999986 -0.00464755 -0.00176379 0.107569 0.00435253 0.994188 1.04925
0.991537 -0.00227039 -0.129802 -0.182814 0.00148615 0.99998 -0.00613831 -0.00538705 0.129814 0.00589346 0.991521 1.21092
0.988184 0.000791384 -0.153266 -0.23021 -0.00178497 0.999978 -0.00634523 -0.013743 0.153258 0.00654384 0.988165 1.37721
0.983953 0.00427338 -0.178374 -0.286506 -0.00600753 0.99994 -0.00918295 -0.01408 0.178324 0.0101072 0.98392 1.5668
0.978694 0.00769375 -0.205177 -0.352217 -0.00976167 0.999911 -0.00906839 -0.0234494 0.205089 0.0108781 0.978683 1.7578
0.972306 0.00804594 -0.233574 -0.421466 -0.0107283 0.99989 -0.0102155 -0.027038 0.233466 0.0124385 0.972285 1.95796
0.964449 0.00842557 -0.264134 -0.497761 -0.0114178 0.999887 -0.00979513 -0.0277486 0.264022 0.0124627 0.964436 2.15114
0.955387 0.0100308 -0.295184 -0.592672 -0.0133985 0.999866 -0.00938845 -0.0300716 0.295051 0.0129246 0.955394 2.35797
0.944423 0.0119749 -0.328515 -0.686858 -0.0154204 0.99985 -0.00788476 -0.0455791 0.328372 0.0125124 0.944466 2.55567
0.932419 0.0156164 -0.361041 -0.791964 -0.0199948 0.999765 -0.00839464 -0.0677182 0.360825 0.0150463 0.932512 2.74091
0.919122 0.0183359 -0.393546 -0.923239 -0.0231546 0.999704 -0.00749968 -0.0665718 0.393292 0.0160055 0.919274 2.94634
0.903749 0.0167191 -0.427737 -1.04566 -0.0221776 0.999724 -0.00778142 -0.0608041 0.427489 0.0165186 0.90387 3.15003
0.885805 0.0133573 -0.463866 -1.17154 -0.0194042 0.999778 -0.00826543 -0.0634949 0.463652 0.0163225 0.885867 3.35299
0.865257 0.0096342 -0.501236 -1.31401 -0.0162342 0.99983 -0.00880671 -0.0805776 0.501065 0.0157573 0.865266 3.57477
0.841294 0.0104411 -0.540477 -1.46535 -0.0165889 0.999841 -0.00650659 -0.0894604 0.540324 0.0144399 0.841334 3.77196
0.813077 0.0150064 -0.581963 -1.65783 -0.021306 0.999765 -0.00398745 -0.1032 0.581766 0.0156414 0.813206 3.9764
0.781949 0.0171972 -0.623105 -1.85698 -0.024366 0.999699 -0.00298648 -0.098426 0.622866 0.0175178 0.782133 4.16907
0.747296 0.0153743 -0.664313 -2.04744 -0.0237952 0.99971 -0.00363112 -0.101469 0.664065 0.018521 0.747445 4.35613
0.709078 0.0113584 -0.705039 -2.27877 -0.0184574 0.999827 -0.00245561 -0.116411 0.704889 0.0147544 0.709164 4.56038
0.667765 0.00804657 -0.744328 -2.50557 -0.0142815 0.999896 -0.00200308 -0.121554 0.744235 0.0119677 0.667811 4.74273
0.624553 0.00774964 -0.780944 -2.75259 -0.0129934 0.999916 -0.000468741 -0.126696 0.780875 0.0104399 0.624601 4.91139
0.577831 0.00836984 -0.816114 -3.03904 -0.0115539 0.999931 0.00207454 -0.12868 0.816075 0.00823057 0.577888 5.08789
0.528052 0.00845864 -0.84917 -3.33048 -0.00973889 0.999945 0.00390444 -0.129939 0.849156 0.00620823 0.528105 5.24866
0.476973 0.0085543 -0.878876 -3.61927 -0.00944667 0.999945 0.0046059 -0.138785 0.878868 0.00610558 0.477027 5.37253
0.422875 0.0102182 -0.90613 -3.96216 -0.00965 0.999931 0.00677247 -0.137988 0.906137 0.00588027 0.422944 5.51037
0.369001 0.011633 -0.929356 -4.29313 -0.00939347 0.999918 0.0087866 -0.131089 0.929382 0.00548763 0.369079 5.60279
0.31452 0.0118274 -0.949177 -4.67079 -0.00829473 0.999919 0.00971117 -0.140402 0.949215 0.00481882 0.314593 5.72213
0.261316 0.0127501 -0.965169 -5.0529 -0.00534929 0.999917 0.0117609 -0.1438 0.965239 0.00208969 0.261362 5.80697
0.210985 0.0121705 -0.977414 -5.43641 -0.00339846 0.999926 0.0117172 -0.167353 0.977484 0.000849552 0.211011 5.87501
0.162974 0.0125773 -0.98655 -5.87199 -0.00564061 0.999915 0.0118158 -0.163501 0.986615 0.00363908 0.16303 5.914
0.120878 0.0135717 -0.992575 -6.29648 -0.00727739 0.999892 0.0127855 -0.151717 0.992641 0.00567788 0.120963 5.94048
0.0822124 0.0127258 -0.996534 -6.75512 -0.00839883 0.999892 0.0120758 -0.145146 0.99658 0.00737694 0.0823102 5.95097
0.0477289 0.0112286 -0.998797 -7.22465 -0.00808563 0.999909 0.0108547 -0.144995 0.998828 0.00755784 0.0478151 5.95647
0.0167985 0.00867126 -0.999821 -7.69761 -0.00790892 0.999933 0.00853934 -0.147623 0.999828 0.00776407 0.0168657 5.95721
-0.00934596 0.00861638 -0.999919 -8.22188 -0.00782679 0.999932 0.00868964 -0.131304 0.999926 0.00790738 -0.0092781 5.94517
-0.02973 0.00851827 -0.999522 -8.72036 -0.00774353 0.999932 0.00875209 -0.130559 0.999528 0.00800004 -0.0296622 5.91936
-0.0470328 0.0065149 -0.998872 -9.26923 -0.00633891 0.999957 0.00682044 -0.140433 0.998873 0.00665256 -0.0469897 5.88166
-0.0604267 0.0074521 -0.998145 -9.80803 -0.00549148 0.999955 0.00779806 -0.141895 0.998158 0.00595251 -0.0603833 5.83664
-0.070049 0.00777389 -0.997513 -10.3601 -0.00501832 0.999955 0.00814532 -0.14214 0.997531 0.00557642 -0.070007 5.78723
-0.0774831 0.00821836 -0.99696 -10.937 -0.00539555 0.999948 0.00866233 -0.147849 0.996979 0.00605034 -0.077435 5.73717
-0.0815201 0.00873253 -0.996633 -11.5165 -0.00615191 0.999938 0.00926468 -0.146825 0.996653 0.00688646 -0.0814616 5.6848
-0.0829936 0.0101799 -0.996498 -12.1397 -0.00637469 0.999922 0.0107458 -0.137088 0.99653 0.00724421 -0.0829224 5.63654
-0.0825832 0.0122781 -0.996509 -12.7536 1.02637e-05 0.999924 0.0123193 -0.161754 0.996584 0.00100715 -0.0825772 5.58462
-0.0813679 0.0142896 -0.996582 -13.4194 -0.00119513 0.999895 0.0144347 -0.150951 0.996684 0.00236557 -0.0813425 5.5238
-0.0796645 0.0144659 -0.996717 -14.0661 -0.0026928 0.999888 0.0147272 -0.136796 0.996818 0.00385721 -0.0796169 5.46562
-0.0766643 0.0158287 -0.996931 -14.7217 -0.00233587 0.999869 0.016055 -0.14413 0.997054 0.00355956 -0.0766175 5.4077
-0.0748359 0.0153702 -0.997077 -15.4154 -0.00350838 0.999871 0.0156766 -0.12742 0.99719 0.0046713 -0.0747725 5.34685
-0.0728991 0.0153905 -0.997221 -16.1018 -0.00249728 0.999875 0.015614 -0.118474 0.997336 0.00362861 -0.0728518 5.29674
-0.0715987 0.0160428 -0.997304 -16.83 -0.0022102 0.999866 0.0162427 -0.102173 0.997431 0.00336721 -0.0715538 5.23671
-0.0710849 0.0177664 -0.997312 -17.5603 -0.000316423 0.999841 0.017834 -0.0965253 0.99747 0.00158331 -0.0710682 5.19292
-0.069627 0.0182556 -0.997406 -18.2999 -0.00228237 0.999827 0.0184592 -0.0931723 0.997571 0.00356172 -0.0695735 5.13454
-0.0682674 0.0167706 -0.997526 -19.0565 -0.00379567 0.999847 0.0170694 -0.0915582 0.99766 0.00495157 -0.0681935 5.0787
-0.0674306 0.0159687 -0.997596 -19.8342 -0.0048632 0.999855 0.0163336 -0.0761007 0.997712 0.00595291 -0.0673434 5.00772
-0.0667866 0.0181184 -0.997603 -20.6338 -0.00697816 0.999802 0.0186255 -0.0837545 0.997743 0.00820538 -0.0666472 4.95337
-0.0659479 0.0189557 -0.997643 -21.4305 -0.00442004 0.999804 0.0192889 -0.0999734 0.997814 0.0056817 -0.0658514 4.88575
-0.0650685 0.0193471 -0.997693 -22.2353 -0.00449677 0.999796 0.0196811 -0.0816517 0.997871 0.00576703 -0.0649685 4.83188
-0.0652864 0.0172498 -0.997717 -23.0516 -0.00167336 0.999848 0.0173961 -0.0907161 0.997865 0.00280528 -0.0652478 4.77585
-0.0625942 0.0118137 -0.997969 -23.8619 0.00141882 0.99993 0.0117479 -0.0911943 0.998038 -0.000680576 -0.0626068 4.7041
-0.0646943 0.00809789 -0.997872 -24.6954 0.00736033 0.999944 0.00763752 -0.0904971 0.997878 -0.00685056 -0.0647505 4.66359
-0.0648778 0.00857297 -0.997856 -25.5151 0.00665115 0.999945 0.00815848 -0.0864615 0.997871 -0.00610758 -0.0649315 4.60192
-0.0656656 0.0131003 -0.997756 -26.3493 0.00502233 0.999906 0.012798 -0.0739557 0.997829 -0.00417066 -0.0657254 4.53675
-0.0659315 0.0195602 -0.997632 -27.2053 0.00248637 0.999808 0.0194386 -0.0709854 0.997821 -0.00119886 -0.0659677 4.48012
-0.0649453 0.0267413 -0.99753 -28.0445 0.00322352 0.999642 0.026588 -0.0544107 0.997884 -0.00148878 -0.0650085 4.41362
-0.067043 0.0262867 -0.997404 -28.8778 0.00269892 0.999654 0.0261646 -0.0302146 0.997747 -0.000937739 -0.067091 4.3533
-0.0672339 0.024585 -0.997434 -29.7101 0.00169997 0.999698 0.0245262 -0.0249978 0.997736 -4.65953e-05 -0.0672556 4.30241
-0.0692722 0.0227455 -0.997338 -30.5493 0.00113148 0.999741 0.0227217 -0.0189083 0.997597 0.00044553 -0.0692802 4.23952
-0.0703107 0.022385 -0.997274 -31.4131 0.000393643 0.999749 0.0224128 0.00604936 0.997525 0.0011833 -0.070302 4.17119
-0.0696222 0.0232907 -0.997301 -32.2445 0.000806558 0.999729 0.0232911 0.00256547 0.997573 0.000817209 -0.0696223 4.10712
-0.070776 0.0223392 -0.997242 -33.0755 0.000734861 0.99975 0.0223432 0.00027566 0.997492 0.000848543 -0.070775 4.04981
-0.0702155 0.0166869 -0.997392 -33.8789 -0.00299817 0.999852 0.0169392 0.0152562 0.997528 0.00417976 -0.0701554 3.98756
-0.0720428 0.0120214 -0.997329 -34.7035 -0.0106479 0.999861 0.012821 0.0242634 0.997345 0.0115432 -0.0719051 3.91491
-0.0722445 0.0119524 -0.997315 -35.5392 -0.0104338 0.999865 0.0127388 0.0109887 0.997333 0.0113261 -0.0721102 3.84874
-0.0715584 0.0133341 -0.997347 -36.3629 -0.00830088 0.999868 0.0139634 -0.000352078 0.997402 0.00927807 -0.0714385 3.78893
-0.0736318 0.0153451 -0.997167 -37.1992 -0.00617613 0.999856 0.0158425 -0.0147514 0.997267 0.00732516 -0.0735266 3.71766
-0.0731826 0.0190709 -0.997136 -38.0048 -0.00200981 0.999813 0.0192696 -0.0026523 0.997317 0.00341427 -0.0731308 3.64939
-0.0752179 0.0207844 -0.99695 -38.8401 -0.00263079 0.999775 0.0210418 -0.0170006 0.997164 0.0042055 -0.0751466 3.57141
-0.0758232 0.0205413 -0.99691 -39.6615 -0.00102635 0.999786 0.0206786 -0.0257918 0.997121 0.00259111 -0.0757861 3.49984
-0.075097 0.0202479 -0.996971 -40.468 -6.84664e-05 0.999794 0.0203104 -0.0164587 0.997176 0.00159353 -0.0750804 3.42952
-0.0761228 0.0166739 -0.996959 -41.3023 -0.00291062 0.999852 0.0169445 -0.00239747 0.997094 0.00419164 -0.0760632 3.35511
-0.0758405 0.0153846 -0.997001 -42.1162 -0.00459281 0.999865 0.0157782 -0.0017845 0.99711 0.00577568 -0.0757598 3.28788
-0.0766872 0.0145742 -0.996949 -42.9461 -0.0049519 0.999876 0.0149979 -0.0173832 0.997043 0.00608695 -0.0766057 3.21456
-0.07772 0.0133306 -0.996886 -43.7674 -0.0023342 0.999906 0.013553 -0.0128065 0.996973 0.00338028 -0.0776818 3.14699
-0.0782655 0.0132416 -0.996844 -44.5793 -0.00239952 0.999907 0.0134707 -0.0144955 0.99693 0.00344625 -0.0782267 3.08158
-0.0820556 0.0114247 -0.996562 -45.4194 -0.00125742 0.999933 0.0115669 -0.0172743 0.996627 0.00220224 -0.0820359 3.02106
-0.0852367 0.0135587 -0.996268 -46.2403 -0.000113269 0.999907 0.013618 0.00752052 0.996361 0.00127361 -0.0852275 2.94939
-0.0880534 0.0181584 -0.99595 -47.0747 0.00233491 0.999835 0.0180228 -0.00545976 0.996113 -0.000738472 -0.0880815 2.8833
-0.0902297 0.0212188 -0.995695 -47.8987 0.004861 0.999771 0.0208652 -0.00220906 0.995909 -0.0029574 -0.0903123 2.80762
-0.0915137 0.0214385 -0.995573 -48.6984 0.004559 0.999767 0.0211098 0.000327721 0.995793 -0.00260697 -0.0915903 2.72889
-0.094379 0.0179918 -0.995374 -49.4873 0.00493441 0.999833 0.0176045 0.00265275 0.995524 -0.00325008 -0.0944522 2.65915
-0.0955372 0.0157283 -0.995301 -50.2842 9.9333e-05 0.999876 0.015791 0.00376781 0.995426 0.00140978 -0.0955271 2.56864
-0.0967499 0.0141998 -0.995207 -51.0812 -0.00256162 0.999892 0.0145157 0.0195149 0.995306 0.00395374 -0.0967032 2.48117
-0.09867 0.0144577 -0.995015 -51.8739 -0.00285963 0.999887 0.014812 0.0225877 0.995116 0.00430689 -0.0986176 2.39487
-0.0988731 0.0150577 -0.994986 -52.6565 -0.00297387 0.999877 0.0154272 0.0267462 0.995096 0.00448431 -0.0988163 2.31389
-0.101106 0.0145429 -0.994769 -53.4441 -0.00371772 0.999881 0.0149955 0.0288773 0.994869 0.00521442 -0.10104 2.22577
-0.102103 0.0148294 -0.994663 -54.214 -0.00373022 0.999876 0.01529 0.0358799 0.994767 0.00527148 -0.102035 2.14523
-0.10182 0.0153641 -0.994684 -54.984 -0.00342789 0.99987 0.015795 0.0427817 0.994797 0.00501793 -0.101754 2.06663
-0.103287 0.0183604 -0.994482 -55.7576 -0.00195773 0.999824 0.0186624 0.0446911 0.99465 0.00387451 -0.103233 1.98711
-0.102713 0.021957 -0.994468 -56.5231 -0.00236294 0.999748 0.0223176 0.0580515 0.994708 0.00464219 -0.102635 1.9048
-0.104587 0.0234462 -0.994239 -57.2993 -0.00179702 0.999716 0.0237644 0.0517112 0.994514 0.00427212 -0.104515 1.82202
-0.105474 0.0226025 -0.994165 -58.0508 -0.00246567 0.999733 0.0229907 0.0579776 0.994419 0.00487621 -0.10539 1.73877
-0.105191 0.0215161 -0.994219 -58.7929 -0.000892634 0.999764 0.0217305 0.0708949 0.994452 0.00317334 -0.105147 1.65231
-0.105998 0.0213173 -0.994138 -59.5336 -0.00050861 0.999769 0.0214923 0.0819327 0.994366 0.00278377 -0.105963 1.57274
-0.105821 0.0206646 -0.99417 -60.2339 0.000256743 0.999785 0.020754 0.0894279 0.994385 0.00194097 -0.105803 1.49819
-0.105691 0.0193111 -0.994211 -60.933 0.000452895 0.999812 0.0193717 0.084896 0.994399 0.00159715 -0.10568 1.41418
-0.103819 0.019191 -0.994411 -61.6177 -0.000611404 0.999812 0.019359 0.0838777 0.994596 0.00261784 -0.103788 1.3356
-0.100085 0.0196123 -0.994785 -62.2812 -0.00183567 0.9998 0.0198959 0.0929489 0.994977 0.00381739 -0.100029 1.26673
-0.0949147 0.0207399 -0.995269 -62.9504 -0.00181029 0.999778 0.0210065 0.0965179 0.995484 0.00379556 -0.0948562 1.20296
-0.0880148 0.0220083 -0.995876 -63.5847 -0.00205228 0.99975 0.0222753 0.0975545 0.996117 0.00400438 -0.0879478 1.14305
-0.0795034 0.0229763 -0.99657 -64.2231 -0.00196373 0.999729 0.0232058 0.0998713 0.996833 0.00380195 -0.0794369 1.08621
-0.0687789 0.024499 -0.997331 -64.8405 -0.00351914 0.999686 0.0247996 0.0957533 0.997626 0.00521545 -0.0686713 1.03766
-0.0545709 0.0265319 -0.998157 -65.4357 -0.00503574 0.999627 0.0268463 0.103635 0.998497 0.0064915 -0.0544171 1.00115
-0.0407943 0.0268035 -0.998808 -66.0185 -0.0078999 0.9996 0.0271475 0.0937271 0.999137 0.00899796 -0.0405665 0.968894
-0.0189185 0.0275723 -0.999441 -66.5754 -0.00854295 0.999579 0.0277379 0.106222 0.999785 0.00906294 -0.0186751 0.960477
0.00615101 0.0281435 -0.999585 -67.1181 -0.00781174 0.999575 0.0280952 0.106871 0.999951 0.0076357 0.00636809 0.969536
0.0345296 0.0280201 -0.999011 -67.6407 -0.00563682 0.999597 0.0278418 0.107036 0.999388 0.00466989 0.0346735 0.974042
0.0672386 0.0283981 -0.997332 -68.1596 -0.00282617 0.999596 0.028272 0.106411 0.997733 0.000917674 0.0672916 1.03338
0.101967 0.0283066 -0.994385 -68.632 -0.00358993 0.999599 0.0280869 0.122814 0.994781 0.000705852 0.102027 1.0897
0.14075 0.0281053 -0.989646 -69.0838 -0.00257025 0.999604 0.0280226 0.12466 0.990042 -0.00140052 0.140766 1.18041
0.184763 0.028996 -0.982355 -69.5306 -0.00331027 0.999577 0.0288818 0.138229 0.982778 -0.0020844 0.18478 1.27877
0.231954 0.0282192 -0.972317 -69.9612 -0.000650795 0.999583 0.0288554 0.152721 0.972727 -0.00606033 0.231876 1.41425
0.280786 0.0255877 -0.959429 -70.382 0.00314447 0.999615 0.0275797 0.146676 0.959765 -0.0107609 0.280597 1.57564
0.330883 0.0230582 -0.94339 -70.7911 0.0052749 0.999641 0.0262832 0.149789 0.943657 -0.0136729 0.330642 1.76286
0.38114 0.0207575 -0.924284 -71.1645 0.0086958 0.999623 0.0260353 0.157116 0.924477 -0.0179605 0.380816 1.95501
0.432039 0.0210871 -0.901608 -71.5402 0.00745582 0.999609 0.0269519 0.160525 0.901824 -0.0183665 0.431713 2.20226
0.48034 0.0195367 -0.876865 -71.9098 0.00972756 0.999572 0.0275994 0.17798 0.877029 -0.0217868 0.479944 2.44259
0.525122 0.0172498 -0.850852 -72.2434 0.0139537 0.999486 0.028875 0.188837 0.850912 -0.0270354 0.524612 2.71108
0.569576 0.0130387 -0.821835 -72.58 0.0224583 0.999254 0.0314184 0.187615 0.821632 -0.0363522 0.568858 3.00958
0.612483 0.00940174 -0.790428 -72.8907 0.0231806 0.999286 0.0298481 0.19442 0.790144 -0.036604 0.611827 3.30551
0.654626 0.00468064 -0.755938 -73.1861 0.020864 0.999488 0.0242564 0.21954 0.755665 -0.0316507 0.654193 3.60789
0.695204 -0.00102353 -0.718811 -73.4679 0.0171346 0.999738 0.0151484 0.213622 0.718608 -0.0228477 0.69504 3.91797
0.735735 -0.00402932 -0.677257 -73.7494 0.0133022 0.999875 0.00850206 0.22286 0.677139 -0.0152642 0.735697 4.26663
0.775395 -0.00384344 -0.631464 -74.0511 0.010974 0.999912 0.00738934 0.226302 0.631381 -0.0126593 0.77537 4.65257
0.81091 -0.00368016 -0.585159 -74.3008 0.00920177 0.999937 0.00646303 0.212558 0.585098 -0.0106254 0.810893 5.05811
0.843669 -0.00350273 -0.536851 -74.5609 0.00708963 0.999964 0.00461716 0.240146 0.536816 -0.00770142 0.843664 5.50645
0.871649 -0.00173993 -0.490127 -74.8012 0.00561664 0.999963 0.00643894 0.225211 0.490098 -0.00836535 0.871627 5.97727
0.895153 0.00251821 -0.445751 -75.0416 0.0011188 0.999968 0.007896 0.241795 0.445757 -0.00756683 0.895122 6.47535
0.914197 0.00649118 -0.405217 -75.2578 -0.00439787 0.999972 0.00609673 0.252553 0.405245 -0.00379151 0.9142 6.9659
0.929283 0.00997511 -0.369232 -75.4663 -0.0076779 0.999941 0.00769056 0.257514 0.369287 -0.00431178 0.929305 7.50572
0.941325 0.0107255 -0.337331 -75.662 -0.00814962 0.999926 0.00905129 0.258218 0.337403 -0.00577108 0.941343 8.07023
0.949464 0.0111002 -0.313679 -75.8388 -0.00834085 0.999914 0.0101374 0.25608 0.313765 -0.00700873 0.949475 8.63927
0.956509 0.0116015 -0.291472 -76.0176 -0.00865236 0.999898 0.0114052 0.259105 0.291574 -0.00838723 0.956511 9.24238
0.96228 0.0125815 -0.27177 -76.185 -0.0092957 0.999867 0.0133744 0.258802 0.271902 -0.0103436 0.962269 9.85001
0.966391 0.0164778 -0.256546 -76.3598 -0.0131164 0.999804 0.0148084 0.266844 0.25674 -0.0109457 0.966419 10.477
0.970152 0.0193658 -0.241724 -76.5308 -0.0159344 0.999743 0.0161429 0.279229 0.241974 -0.0118094 0.970211 11.1245
0.973325 0.0182835 -0.2287 -76.6838 -0.0150535 0.999761 0.0158602 0.271037 0.228936 -0.0119944 0.973368 11.7993
0.976511 0.0182273 -0.214692 -76.83 -0.0153087 0.999767 0.0152495 0.294861 0.21492 -0.0116046 0.976563 12.4738
0.979809 0.019338 -0.198996 -76.9767 -0.0164039 0.999731 0.0163829 0.301464 0.199259 -0.0127878 0.979863 13.1779
0.982539 0.020372 -0.184935 -77.1122 -0.0176517 0.999711 0.0163443 0.316995 0.185214 -0.0127945 0.982615 13.8921
0.985219 0.0225565 -0.169808 -77.2417 -0.0206496 0.999703 0.0129879 0.304474 0.17005 -0.00928941 0.985392 14.6182
0.987108 0.023285 -0.158352 -77.363 -0.0221703 0.999716 0.00880242 0.310734 0.158512 -0.00517823 0.987344 15.3464
0.988694 0.0229738 -0.148178 -77.4751 -0.0227507 0.999736 0.00320084 0.300317 0.148212 0.000206506 0.988956 16.0923
0.98999 0.0234262 -0.139182 -77.5833 -0.0231707 0.999726 0.00345645 0.303531 0.139224 -0.00019691 0.990261 16.8584
0.991208 0.0230158 -0.130294 -77.694 -0.0220435 0.999717 0.00890043 0.302835 0.130462 -0.00595004 0.991435 17.6651
0.991846 0.0283743 -0.124243 -77.8034 -0.0267408 0.999533 0.0147964 0.319448 0.124605 -0.0113534 0.992142 18.4445
0.992574 0.0294415 -0.118022 -77.9105 -0.0276244 0.999474 0.0170028 0.327506 0.11846 -0.0136163 0.992865 19.2465
0.992952 0.0286054 -0.115012 -77.9988 -0.0268712 0.999501 0.0166013 0.337485 0.115429 -0.0133938 0.993225 19.9994
0.993503 0.0295448 -0.109903 -78.092 -0.0280594 0.999493 0.0150381 0.342624 0.110292 -0.0118565 0.993829 20.7895
0.993828 0.0296246 -0.106902 -78.1725 -0.0280004 0.999469 0.016663 0.339731 0.107339 -0.0135669 0.99413 21.5492
0.994174 0.0282388 -0.104024 -78.254 -0.0264155 0.999473 0.0188646 0.34751 0.104501 -0.0160068 0.994396 22.3222
0.994609 0.0259236 -0.100401 -78.3375 -0.0240909 0.999521 0.0194236 0.356473 0.100857 -0.0169001 0.994758 23.096
0.994805 0.0265231 -0.098286 -78.414 -0.0249626 0.999543 0.0170741 0.355102 0.0986939 -0.0145319 0.995012 23.8474
0.994996 0.0291151 -0.0955821 -78.5131 -0.0283784 0.999556 0.00905812 0.348897 0.0958034 -0.0063003 0.995381 24.6274
0.995216 0.0300722 -0.0929522 -78.5942 -0.0298615 0.999547 0.00365738 0.351942 0.0930201 -0.000864175 0.995664 25.3771
0.995415 0.0319754 -0.0901488 -78.6802 -0.0320171 0.999487 0.000983911 0.333379 0.090134 0.00190693 0.995928 26.119
0.995619 0.0338505 -0.0871653 -78.7626 -0.033707 0.999427 0.00311907 0.325392 0.087221 -0.000167312 0.996189 26.8864
0.995828 0.0362446 -0.0837472 -78.8319 -0.0359054 0.99934 0.00555357 0.335029 0.0838932 -0.0025234 0.996472 27.625
0.996053 0.0404619 -0.0790039 -78.9042 -0.0398352 0.999161 0.00949391 0.319968 0.0793218 -0.0063093 0.99683 28.2721
0.996384 0.0362638 -0.0768387 -78.97 -0.0356004 0.999316 0.00998686 0.30878 0.0771484 -0.00721525 0.996994 29.0502
0.996542 0.0345948 -0.0755496 -79.0288 -0.0338898 0.999369 0.010595 0.301421 0.0758685 -0.00799801 0.997086 29.8112
0.996691 0.0308267 -0.0752102 -79.0897 -0.0301365 0.999493 0.0102952 0.30595 0.0754894 -0.00799459 0.997115 30.5651
0.996724 0.0307805 -0.0747989 -79.1494 -0.0302146 0.999506 0.00868564 0.328813 0.0750292 -0.00639715 0.997161 31.3241
0.996709 0.0288168 -0.0757735 -79.2202 -0.0281796 0.999558 0.00946578 0.333289 0.0760128 -0.00729935 0.997081 32.0716
0.99673 0.02928 -0.0753156 -79.2832 -0.0286544 0.999545 0.00937474 0.328429 0.0755558 -0.00718595 0.997116 32.8338
0.99638 0.0324337 -0.0785866 -79.3412 -0.0319689 0.999463 0.00716693 0.306221 0.0787768 -0.00462864 0.996882 33.5985
0.996322 0.029355 -0.0804976 -79.4078 -0.0290625 0.999566 0.00480376 0.296638 0.0806037 -0.00244662 0.996744 34.3556
0.996237 0.0287112 -0.0817782 -79.4749 -0.0284902 0.999586 0.00386904 0.273218 0.0818555 -0.00152459 0.996643 35.1306
0.995907 0.0279943 -0.085935 -79.5463 -0.0277224 0.999606 0.00435543 0.262447 0.0860231 -0.00195527 0.996291 35.9109
0.995496 0.0282748 -0.0904884 -79.6233 -0.0280672 0.999599 0.00356605 0.269081 0.090553 -0.00101022 0.995891 36.6808
0.995065 0.0312838 -0.0941611 -79.7143 -0.0310714 0.99951 0.00372096 0.262657 0.0942314 -0.000776862 0.99555 37.473
0.994729 0.0314587 -0.0975977 -79.803 -0.0315185 0.999503 0.000929876 0.263607 0.0975785 0.00215118 0.995226 38.266
0.994438 0.0317058 -0.100433 -79.8808 -0.0320604 0.999484 -0.0019178 0.253764 0.10032 0.00512708 0.994942 39.0363
0.994176 0.0314759 -0.103068 -79.9707 -0.0318094 0.999492 -0.00159235 0.241663 0.102965 0.0048616 0.994673 39.8566
0.993919 0.0286441 -0.106322 -80.0599 -0.0287587 0.999586 0.000455698 0.227737 0.106292 0.00260479 0.994332 40.6636
0.993518 0.028475 -0.110048 -80.1436 -0.0287569 0.999586 -0.000974304 0.21294 0.109975 0.00413266 0.993926 41.4934
0.993175 0.0297807 -0.112771 -80.2404 -0.0301187 0.999545 -0.00129433 0.193898 0.112681 0.00468202 0.99362 42.3329
0.993087 0.0297952 -0.113532 -80.3243 -0.0298534 0.999553 0.00118825 0.193652 0.113517 0.0022093 0.993534 43.1502
0.992862 0.0312377 -0.115101 -80.4203 -0.0308594 0.999511 0.00506865 0.152477 0.115203 -0.00148052 0.993341 44.0043
0.992916 0.029728 -0.115037 -80.5235 -0.0291457 0.999552 0.00674134 0.139151 0.115186 -0.00334072 0.993338 44.8463
0.993164 0.0324259 -0.112133 -80.6199 -0.0319158 0.99947 0.00634197 0.136664 0.112279 -0.00271979 0.993673 45.6952
0.993168 0.0321486 -0.112179 -80.7271 -0.0319153 0.999483 0.00387625 0.164969 0.112246 -0.000269525 0.993681 46.5565
0.993602 0.0315455 -0.108443 -80.8105 -0.0318128 0.999493 -0.000735266 0.153282 0.108365 0.00418045 0.994103 47.4138
0.993996 0.0269651 -0.106035 -80.9118 -0.0271909 0.99963 -0.000683793 0.10602 0.105978 0.0035629 0.994362 48.2912
0.994144 0.024666 -0.10521 -80.9791 -0.0251365 0.999679 -0.00314778 0.104259 0.105098 0.00577396 0.994445 49.18
0.994462 0.020332 -0.103109 -81.0793 -0.0205484 0.999788 -0.00103659 0.097097 0.103066 0.00314959 0.99467 50.0535
0.994488 0.0186066 -0.103185 -81.1616 -0.0185934 0.999826 0.00108992 0.0834707 0.103188 0.000834679 0.994662 50.9253
0.994854 0.0194579 -0.0994317 -81.2461 -0.0195051 0.999809 0.000498385 0.052102 0.0994224 0.00144362 0.995044 51.7985
0.994751 0.0202453 -0.100304 -81.3534 -0.0206351 0.999783 -0.00284983 0.0401368 0.100225 0.00490468 0.994953 52.6484
0.994712 0.0220079 -0.100316 -81.4474 -0.0231003 0.999685 -0.00974015 0.0434389 0.100071 0.012006 0.994908 53.4915
0.994902 0.0217725 -0.0984634 -81.5368 -0.0231529 0.999649 -0.0128983 0.0192381 0.0981479 0.0151123 0.995057 54.3483
0.994778 0.0262598 -0.0986243 -81.6264 -0.0282294 0.999428 -0.0186279 -0.0146572 0.0980787 0.0213147 0.99495 55.2032
0.99505 0.0247656 -0.0962417 -81.7102 -0.0266858 0.999468 -0.0187151 -0.0266277 0.0957271 0.0211907 0.995182 56.0624
0.995315 0.0235213 -0.0937729 -81.8084 -0.0251587 0.99955 -0.0163165 -0.0356207 0.0933469 0.0185993 0.99546 56.9202
0.995348 0.022283 -0.0937245 -81.894 -0.0230388 0.99971 -0.00698865 -0.0604314 0.0935416 0.00911546 0.995574 57.7843
0.99551 0.0210702 -0.0922742 -81.9806 -0.0214424 0.999765 -0.00304309 -0.0857456 0.0921884 0.00500803 0.995729 58.6534
0.995245 0.0208799 -0.0951333 -82.0656 -0.0216905 0.999736 -0.00749406 -0.120865 0.0949518 0.00952194 0.995436 59.4904
0.995333 0.0154026 -0.095255 -82.1663 -0.0167229 0.999774 -0.0130785 -0.13453 0.095032 0.0146105 0.995367 60.3556
0.99507 0.0156219 -0.0979376 -82.2514 -0.0170797 0.999755 -0.0140639 -0.146168 0.0976939 0.0156673 0.995093 61.1777
0.994897 0.0152234 -0.0997353 -82.3271 -0.0169696 0.999717 -0.016683 -0.162569 0.0994531 0.0182903 0.994874 61.9963
0.994629 0.0179296 -0.101939 -82.4245 -0.0199732 0.999618 -0.0190613 -0.186521 0.101558 0.020995 0.994608 62.8163
0.994208 0.0186629 -0.105842 -82.5165 -0.0211142 0.999533 -0.0220866 -0.209201 0.105381 0.0241935 0.994138 63.612
0.993952 0.0211779 -0.107749 -82.6095 -0.0240521 0.999386 -0.0254452 -0.244321 0.107144 0.027883 0.993852 64.4278
0.993445 0.0243902 -0.111673 -82.7142 -0.0274052 0.999298 -0.025543 -0.272647 0.110972 0.028436 0.993417 65.2253
0.993151 0.0285872 -0.113284 -82.8036 -0.0315353 0.999206 -0.0243176 -0.321329 0.112499 0.0277235 0.993265 66.0367
0.993081 0.0341704 -0.112347 -82.8996 -0.0368222 0.999088 -0.0216127 -0.372017 0.111506 0.0256001 0.993434 66.8901
0.992729 0.0343823 -0.115357 -82.9956 -0.0365804 0.999186 -0.0169912 -0.375525 0.114679 0.0210875 0.993179 67.6938
0.99263 0.0351609 -0.11597 -83.0623 -0.0369384 0.99923 -0.0132131 -0.410183 0.115416 0.0173995 0.993165 68.5022
0.991779 0.0369528 -0.122509 -83.1636 -0.0388009 0.999165 -0.0127331 -0.43809 0.121936 0.0173819 0.992386 69.2766
0.991101 0.0345566 -0.128549 -83.266 -0.0360401 0.999307 -0.00923174 -0.45968 0.128141 0.0137825 0.99166 70.0635
0.990253 0.0375423 -0.134124 -83.3662 -0.0390661 0.999198 -0.0087467 -0.490719 0.133688 0.0139012 0.990926 70.852
0.989278 0.0410141 -0.140168 -83.4925 -0.042859 0.999029 -0.0101673 -0.507375 0.139615 0.0160658 0.990075 71.6182
0.988376 0.0429002 -0.145847 -83.6205 -0.0449701 0.998928 -0.0109234 -0.523428 0.145222 0.0173552 0.989247 72.3831
0.987601 0.0440226 -0.150687 -83.7421 -0.0464744 0.998837 -0.0127856 -0.542573 0.149949 0.0196302 0.988499 73.1516
0.986604 0.0468249 -0.156268 -83.8701 -0.0494402 0.998693 -0.0128892 -0.564032 0.15546 0.0204424 0.987631 73.9125
0.986539 0.045217 -0.15715 -84.0036 -0.0474117 0.998822 -0.0102431 -0.596994 0.156502 0.017556 0.987522 74.7041
0.985529 0.0482031 -0.162507 -84.1425 -0.0498304 0.998739 -0.00594967 -0.603357 0.162016 0.0139614 0.986689 75.477
0.984683 0.0391906 -0.169888 -84.2751 -0.0409719 0.999135 -0.0069908 -0.590466 0.169468 0.0138444 0.985438 76.2597
0.983608 0.0384337 -0.176173 -84.4089 -0.0407776 0.999121 -0.00970203 -0.607832 0.175645 0.0167269 0.984311 77.0048
0.98204 0.0394353 -0.184502 -84.5615 -0.0430172 0.998954 -0.0154499 -0.631153 0.1837 0.0231092 0.982711 77.754
0.981281 0.0363924 -0.189111 -84.7366 -0.040888 0.998965 -0.0199237 -0.660486 0.188191 0.0272832 0.981753 78.5251
0.979395 0.0350232 -0.198892 -84.8957 -0.0392267 0.999081 -0.0172321 -0.706677 0.198106 0.024679 0.97987 79.2601
0.97714 0.0344132 -0.20979 -85.061 -0.0377368 0.999217 -0.0118589 -0.723616 0.209218 0.0195046 0.977674 80.0013
0.974823 0.0351243 -0.220194 -85.2347 -0.0372 0.999293 -0.00528576 -0.728864 0.219853 0.0133439 0.975442 80.7297
0.972657 0.0330499 -0.22988 -85.4366 -0.0342069 0.999414 -0.00104871 -0.770186 0.229711 0.00888355 0.973218 81.4993
0.969948 0.0346298 -0.240835 -85.6233 -0.0365897 0.999323 -0.00366915 -0.770298 0.240545 0.012371 0.970559 82.2031
0.966786 0.0336626 -0.25336 -85.8137 -0.0380729 0.999196 -0.0125225 -0.780222 0.252735 0.0217527 0.967291 82.9132
0.965692 0.0283816 -0.258133 -86.0587 -0.0337686 0.999294 -0.0164588 -0.776543 0.257483 0.0246109 0.965969 83.7108
0.963525 0.0307287 -0.265846 -86.3114 -0.0358495 0.999252 -0.0144297 -0.789649 0.265205 0.0234339 0.963907 84.5241
0.960115 0.0295527 -0.278038 -86.5174 -0.0329208 0.99943 -0.00745153 -0.805075 0.277659 0.0163076 0.960541 85.2254
0.957215 0.0275165 -0.288064 -86.734 -0.0295831 0.999558 -0.00282258 -0.839089 0.287859 0.0112237 0.957607 85.9263
0.954372 0.026963 -0.297399 -86.9419 -0.0291233 0.999571 -0.00283448 -0.852563 0.297195 0.0113664 0.954749 86.5672
0.95032 0.0254829 -0.310228 -87.1815 -0.0288909 0.999561 -0.00639504 -0.878061 0.309929 0.0150401 0.950641 87.2717
0.947817 0.0233135 -0.317958 -87.4082 -0.0281532 0.999546 -0.0106338 -0.898603 0.317566 0.0190305 0.948045 87.9499
0.944344 0.0191548 -0.328398 -87.644 -0.0250617 0.999591 -0.0137634 -0.944003 0.328 0.0212277 0.944439 88.6256
0.941555 0.0198103 -0.336275 -87.8996 -0.0264485 0.999534 -0.0151709 -0.961952 0.335818 0.0231782 0.941641 89.3149
0.938673 0.0202401 -0.344211 -88.1684 -0.0276913 0.999476 -0.016744 -0.982087 0.343692 0.0252488 0.938743 89.9725
0.934952 0.0213255 -0.35413 -88.4331 -0.0279884 0.999514 -0.0137032 -1.01034 0.353666 0.0227234 0.935096 90.6702
0.931939 0.0227794 -0.361898 -88.7034 -0.0276497 0.999583 -0.00828362 -1.019 0.361558 0.0177262 0.932181 91.3601
0.928805 0.0263086 -0.369633 -88.9838 -0.0285893 0.99959 -0.000692599 -1.04072 0.369464 0.0112109 0.929177 92.0572
0.925964 0.0323537 -0.37622 -89.2789 -0.0333101 0.999436 0.0039646 -1.04778 0.376137 0.00886088 0.926521 92.7545
0.923514 0.0360129 -0.38187 -89.5956 -0.0391991 0.99923 -0.000564908 -1.06661 0.381556 0.0154907 0.924216 93.4323
0.921582 0.0379727 -0.38632 -89.8956 -0.04409 0.999002 -0.00698307 -1.09322 0.385669 0.0234683 0.922338 94.156
0.920203 0.0333067 -0.390019 -90.1819 -0.0411567 0.999082 -0.0117848 -1.11216 0.389269 0.0268963 0.920731 94.8466
0.917988 0.0348136 -0.395075 -90.4905 -0.0430022 0.999003 -0.0118879 -1.11821 0.394268 0.0279021 0.918572 95.5511
0.915763 0.0389604 -0.399824 -90.8181 -0.0461513 0.998898 -0.00836891 -1.10853 0.399058 0.0261164 0.916554 96.2595
0.913926 0.0394297 -0.403959 -91.1334 -0.0455999 0.998943 -0.00566115 -1.13782 0.403309 0.0235944 0.91476 96.962
0.911373 0.0381858 -0.409805 -91.4469 -0.0441166 0.999013 -0.00502316 -1.14811 0.40921 0.0226572 0.912159 97.6679
0.909521 0.0390875 -0.413814 -91.7744 -0.0471919 0.998841 -0.00937574 -1.14973 0.412969 0.0280562 0.910313 98.36
0.907009 0.0361864 -0.419553 -92.1007 -0.0465127 0.998813 -0.0144056 -1.1691 0.418534 0.0325806 0.907616 99.0589
0.90462 0.0362311 -0.424674 -92.4377 -0.0470863 0.998776 -0.0150902 -1.17715 0.423608 0.0336473 0.905221 99.7518
0.903072 0.0347614 -0.428079 -92.7726 -0.04485 0.998901 -0.0135011 -1.2024 0.42714 0.0313918 0.903641 100.449
0.900664 0.0385519 -0.432801 -93.1287 -0.0482167 0.998771 -0.0113736 -1.22813 0.431831 0.031112 0.901418 101.156
0.897454 0.0415451 -0.439145 -93.4913 -0.0513294 0.998626 -0.0104241 -1.26395 0.43811 0.0318963 0.898356 101.896
0.894848 0.0414128 -0.444443 -93.8292 -0.0511388 0.998641 -0.00991099 -1.27507 0.44343 0.0315972 0.895752 102.578
0.892367 0.0402643 -0.44951 -94.1751 -0.0499337 0.998705 -0.00967031 -1.30556 0.448539 0.0310752 0.893223 103.249
0.890571 0.0391921 -0.453152 -94.5194 -0.0485955 0.998776 -0.00912181 -1.31629 0.45224 0.0301448 0.891387 103.917
0.88771 0.0374301 -0.458878 -94.8814 -0.0459825 0.998913 -0.00747394 -1.34861 0.458101 0.0277351 0.888468 104.603
0.885427 0.0389583 -0.463141 -95.2277 -0.0476193 0.99884 -0.00701799 -1.35794 0.462331 0.0282684 0.886257 105.261
0.882586 0.0394393 -0.468493 -95.584 -0.0476923 0.998844 -0.00576051 -1.3716 0.467725 0.0274277 0.883448 105.922
0.880428 0.0373208 -0.472708 -95.941 -0.0477273 0.998809 -0.010036 -1.3863 0.471771 0.0313971 0.881162 106.571
0.878565 0.0360551 -0.476258 -96.2889 -0.0474372 0.998802 -0.0118941 -1.40959 0.47526 0.0330422 0.879225 107.208
0.876458 0.0369659 -0.480056 -96.6494 -0.0471124 0.998847 -0.00910049 -1.41686 0.479167 0.0305929 0.87719 107.86
0.874466 0.03929 -0.483493 -97.0073 -0.0462256 0.998927 -0.00242979 -1.42441 0.482879 0.0244745 0.875345 108.5
0.873405 0.0405193 -0.485304 -97.3535 -0.0434182 0.999042 0.00527272 -1.43337 0.485054 0.0164658 0.87433 109.134
0.871533 0.0396816 -0.488727 -97.7082 -0.0412102 0.99912 0.0076335 -1.46001 0.488601 0.0134877 0.872403 109.762
0.870937 0.0346268 -0.490172 -98.0261 -0.0356528 0.999337 0.00724745 -1.47398 0.490099 0.011164 0.871595 110.315
0.869222 0.0335463 -0.493281 -98.3685 -0.0359761 0.999341 0.0045674 -1.48825 0.49311 0.0137763 0.869858 110.903
0.867473 0.0337862 -0.496334 -98.6978 -0.0359914 0.999338 0.00512221 -1.48816 0.496179 0.0134204 0.868117 111.472
0.866602 0.0337811 -0.497854 -99.027 -0.0358084 0.999343 0.00547818 -1.49043 0.497713 0.01308 0.867243 112.024
0.865291 0.0322265 -0.500232 -99.3432 -0.0342943 0.999398 0.00506288 -1.50475 0.500095 0.0127743 0.865876 112.568
0.86447 0.0327524 -0.501615 -99.6577 -0.0356546 0.999356 0.00380582 -1.47522 0.501417 0.0145949 0.865083 113.105
0.862868 0.0331608 -0.504339 -99.9526 -0.0355901 0.999354 0.00481802 -1.48176 0.504174 0.0137922 0.863492 113.608
0.861512 0.0327055 -0.506682 -100.238 -0.0345288 0.999386 0.00579947 -1.49326 0.506562 0.0124988 0.862113 114.092
0.860395 0.0320357 -0.508618 -100.514 -0.0336535 0.999415 0.00601949 -1.50303 0.508514 0.0119377 0.860971 114.553
0.859466 0.0305029 -0.510281 -100.765 -0.0321887 0.999466 0.00552931 -1.49941 0.510178 0.0116731 0.85999 114.981
0.859196 0.0338266 -0.510527 -101.01 -0.0372481 0.999299 0.00352483 -1.52959 0.510289 0.0159877 0.859855 115.385
0.857568 0.0310339 -0.513433 -101.252 -0.0364003 0.999336 -0.000394091 -1.52991 0.513081 0.0190271 0.85813 115.784
0.855521 0.0259797 -0.517115 -101.483 -0.0315165 0.999501 -0.00192651 -1.54423 0.516808 0.0179459 0.855914 116.176
0.853109 0.0250297 -0.521131 -101.707 -0.03009 0.999546 -0.00125049 -1.55186 0.520863 0.0167476 0.853476 116.548
0.849854 0.0251079 -0.526418 -101.93 -0.029632 0.99956 -0.000163367 -1.55288 0.526183 0.0157377 0.850226 116.899
0.845866 0.0318816 -0.532441 -102.151 -0.0359217 0.99935 0.0027722 -1.57047 0.532184 0.0167813 0.846463 117.238
0.842446 0.0367195 -0.537527 -102.36 -0.0393943 0.999202 0.00651613 -1.55764 0.537338 0.015686 0.843222 117.546
0.838621 0.0408833 -0.543178 -102.566 -0.0404353 0.9991 0.0127706 -1.56712 0.543211 0.0112539 0.839521 117.852
0.83479 0.0438049 -0.548821 -102.75 -0.0407548 0.999011 0.0177469 -1.58065 0.549057 0.00755217 0.835751 118.113
0.829765 0.0445464 -0.556331 -102.921 -0.0404098 0.998988 0.0197198 -1.59322 0.556647 0.00611836 0.830727 118.371
0.823506 0.0413104 -0.5658 -103.09 -0.0361631 0.999138 0.0203151 -1.5841 0.566153 0.00373152 0.824292 118.623
0.815686 0.0414399 -0.577008 -103.255 -0.0358221 0.999134 0.0211166 -1.57852 0.577384 0.00344514 0.816466 118.846
0.806037 0.0416542 -0.590396 -103.419 -0.0355972 0.999126 0.0218923 -1.58792 0.590792 0.00337042 0.806817 119.058
0.794695 0.0430961 -0.605476 -103.582 -0.0370173 0.99906 0.0225246 -1.59114 0.605879 0.00451295 0.795544 119.254
0.781323 0.0440784 -0.622567 -103.73 -0.0381257 0.99901 0.0228832 -1.61824 0.62296 0.00585663 0.782232 119.443
0.767256 0.0424539 -0.639933 -103.882 -0.0393652 0.999042 0.0190802 -1.61321 0.640131 0.0105517 0.768194 119.604
0.7535 0.0390168 -0.656288 -104.028 -0.0386602 0.999139 0.0150128 -1.61317 0.65631 0.0140601 0.754361 119.754
0.738741 0.0388724 -0.672866 -104.19 -0.041768 0.999056 0.0118597 -1.60677 0.672694 0.0193431 0.739669 119.903
0.723838 0.0416475 -0.688711 -104.352 -0.0472517 0.998824 0.0107389 -1.58782 0.68835 0.0247696 0.724956 120.042
0.707338 0.0423966 -0.705601 -104.54 -0.0487298 0.998749 0.0111608 -1.57315 0.705193 0.0264894 0.70852 120.195
0.689924 0.0401768 -0.722765 -104.71 -0.0450348 0.998906 0.0125383 -1.57942 0.722479 0.0238992 0.69098 120.332
0.67127 0.0402646 -0.740117 -104.884 -0.0430777 0.998954 0.0152756 -1.58273 0.739959 0.0216285 0.672304 120.468
0.650337 0.0405647 -0.758561 -105.062 -0.0430475 0.998936 0.0165131 -1.5639 0.758425 0.0219152 0.651392 120.593
0.627432 0.0442184 -0.777414 -105.251 -0.0451635 0.998771 0.0203587 -1.55268 0.777361 0.0223371 0.628659 120.71
0.603835 0.0465015 -0.795751 -105.438 -0.0478803 0.998609 0.0220233 -1.54394 0.79567 0.0248024 0.605222 120.812
0.579503 0.049198 -0.813483 -105.628 -0.0492238 0.998466 0.0253198 -1.5201 0.813482 0.0253699 0.581036 120.927
0.554899 0.0491917 -0.830461 -105.818 -0.0484948 0.998465 0.02674 -1.50899 0.830503 0.0254351 0.556433 121.022
0.528472 0.0494296 -0.847509 -106.004 -0.0475685 0.998458 0.0285717 -1.50028 0.847617 0.0252154 0.53001 121.112
0.50161 0.0527665 -0.863482 -106.199 -0.0494618 0.998254 0.0322692 -1.48087 0.863679 0.026523 0.503345 121.209
0.473074 0.0520032 -0.879486 -106.402 -0.0485156 0.998279 0.0329309 -1.48583 0.879686 0.0270901 0.474783 121.289
0.441862 0.0493476 -0.895724 -106.602 -0.0479528 0.998357 0.0313467 -1.48486 0.8958 0.0291016 0.443503 121.364
0.408507 0.0450447 -0.911642 -106.85 -0.0470121 0.998493 0.02827 -1.48188 0.911544 0.0313098 0.410009 121.453
0.370894 0.0431612 -0.927671 -107.088 -0.0461326 0.998541 0.0280142 -1.46645 0.927529 0.0324057 0.372344 121.53
0.330096 0.0420872 -0.943008 -107.365 -0.0446475 0.998583 0.0289389 -1.46742 0.942891 0.0325504 0.331507 121.602
0.288 0.0404246 -0.956776 -107.635 -0.0417875 0.998687 0.0296169 -1.4657 0.956718 0.0314517 0.289311 121.654
0.242744 0.0379869 -0.969345 -107.954 -0.0411134 0.998737 0.0288431 -1.44303 0.969219 0.0328517 0.244 121.712
0.194134 0.0359719 -0.980314 -108.285 -0.0394722 0.998804 0.0288336 -1.43304 0.980181 0.0330976 0.195322 121.749
0.144493 0.0358583 -0.988855 -108.621 -0.0376883 0.998817 0.0307125 -1.42633 0.988788 0.0328306 0.145674 121.771
0.0930945 0.0366387 -0.994982 -108.968 -0.0357219 0.998801 0.0334371 -1.41752 0.995016 0.0324299 0.0942916 121.772
0.0396653 0.0377735 -0.998498 -109.337 -0.03134 0.99884 0.0365415 -1.39659 0.998722 0.0298436 0.0408029 121.764
-0.0132934 0.0398667 -0.999116 -109.712 -0.0264986 0.998839 0.0402082 -1.39915 0.999561 0.0270097 -0.0122219 121.741
-0.0673165 0.0406882 -0.996901 -110.111 -0.0223894 0.998854 0.0422798 -1.39144 0.997481 0.0251662 -0.0663288 121.696
-0.120385 0.0414069 -0.991862 -110.506 -0.0184124 0.998864 0.043934 -1.37898 0.992557 0.0235516 -0.119487 121.622
-0.171345 0.0420681 -0.984312 -110.903 -0.0154494 0.99885 0.0453788 -1.35273 0.98509 0.0229825 -0.170499 121.524
-0.221643 0.0424052 -0.974205 -111.332 -0.0115607 0.998869 0.046109 -1.32878 0.97506 0.0214823 -0.220902 121.406
-0.269653 0.0427081 -0.962009 -111.759 -0.00401 0.998957 0.0454724 -1.32103 0.962949 0.0161195 -0.269201 121.263
-0.316865 0.0427823 -0.947504 -112.196 -0.000225495 0.998978 0.0451819 -1.29916 0.948471 0.0145302 -0.316532 121.088
-0.362342 0.0438434 -0.931012 -112.66 0.00433183 0.998961 0.0453574 -1.28584 0.932035 0.0124019 -0.362157 120.895
-0.404301 0.0446819 -0.913533 -113.12 0.00904289 0.998952 0.0448578 -1.27651 0.914581 0.00987508 -0.404282 120.679
-0.443973 0.043828 -0.894967 -113.591 0.0112476 0.998996 0.0433429 -1.24958 0.895969 0.00917688 -0.444022 120.432
-0.479169 0.0446249 -0.876587 -114.059 0.0137323 0.998965 0.0433484 -1.23733 0.877615 0.0087337 -0.479287 120.151
-0.508511 0.0421014 -0.860024 -114.561 0.0137991 0.999073 0.0407493 -1.20382 0.860944 0.00885391 -0.508622 119.841
-0.532841 0.0416137 -0.845191 -115.051 0.01416 0.999088 0.040264 -1.1966 0.846097 0.00948641 -0.532945 119.51
