1 0 0 0 0 1 0 0 0 0 1 0
-0.682983 0.0985553 0.723755 -0.336914 -0.619981 -0.602122 -0.503063 -0.54031 0.386209 -0.792298 0.472342 1.73502
0.774713 -0.618346 -0.132166 0.542595 0.503772 0.729913 -0.461996 -1.5262 0.382143 0.291333 0.876979 2.98233
-0.228712 0.651407 0.723436 1.18981 -0.973418 -0.143732 -0.178323 -2.17513 -0.0121802 -0.74499 0.666965 4.5345
0.032173 -0.999399 -0.0128765 1.84386 0.700894 0.0317441 -0.712558 -3.5368 0.712539 0.0139001 0.701495 6.23022
0.396363 0.860805 0.319235 2.11775 -0.902186 0.429639 -0.0383492 -4.08049 -0.170167 -0.272809 0.946899 8.90891
-0.472211 -0.840587 0.265387 3.44331 0.430987 -0.482796 -0.762338 -5.82097 0.768939 -0.245606 0.590263 10.329
0.556495 0.825859 -0.0909385 2.56697 -0.806631 0.510793 -0.297382 -6.58658 -0.199144 0.238845 0.950418 12.0109
-0.489929 -0.837969 0.240368 4.03373 0.440932 -0.476054 -0.760889 -8.0178 0.75203 -0.266796 0.60272 13.2202
0.557771 0.824208 -0.0978411 2.89737 -0.795751 0.497519 -0.345333 -9.8437 -0.235949 0.270474 0.933366 16.0743
-0.539097 -0.822167 0.182799 4.17889 0.480579 -0.478512 -0.734894 -11.2696 0.691678 -0.30833 0.653081 18.37
0.581867 0.803147 -0.128008 2.73282 -0.781461 0.508531 -0.361546 -12.7709 -0.225279 0.310405 0.923525 20.6643
-0.561961 -0.794395 0.230513 4.74433 0.449147 -0.527071 -0.721432 -14.7363 0.694599 -0.301882 0.652993 22.6319
0.610099 0.784189 -0.113252 2.98328 -0.759311 0.537845 -0.366292 -15.9286 -0.22633 0.309468 0.923583 25.5213
-0.585312 -0.77995 0.221557 5.23036 0.432569 -0.5315 -0.72828 -18.1632 0.68578 -0.330432 0.648475 27.1574
0.627776 0.769088 -0.120005 3.06786 -0.745205 0.549284 -0.378096 -18.9386 -0.224872 0.326788 0.917955 30.0507
-0.598022 -0.777996 0.192591 5.34133 0.45206 -0.525844 -0.720506 -21.1807 0.661824 -0.343817 0.666168 31.6019
0.621472 0.767556 -0.15694 2.74309 -0.757059 0.53683 -0.372391 -21.5783 -0.201581 0.350243 0.91471 34.6187
-0.623383 -0.762504 0.173152 5.54901 0.435182 -0.522314 -0.733351 -24.466 0.649623 -0.381806 0.65743 35.8293
0.640483 0.749436 -0.16771 2.70522 -0.739946 0.543756 -0.395992 -24.6107 -0.205577 0.377723 0.902809 38.9079
-0.647295 -0.738012 0.190649 5.95925 0.402645 -0.543432 -0.736586 -27.8142 0.647214 -0.400025 0.648917 39.9544
0.663677 0.732498 -0.151592 2.80484 -0.716461 0.564242 -0.410261 -27.923 -0.214981 0.380891 0.899281 43.4584
-0.655674 -0.726522 0.205567 6.2216 0.398008 -0.563931 -0.723583 -31.1321 0.641624 -0.392617 0.658916 44.4413
0.684978 0.714418 -0.142868 2.86377 -0.699291 0.589667 -0.404085 -31.0789 -0.204441 0.376696 0.903495 47.8608
-0.692961 -0.686374 0.220672 6.66287 0.370766 -0.601757 -0.707404 -34.1139 0.618335 -0.408386 0.671478 48.7783
0.73568 0.66246 -0.141147 2.97408 -0.649291 0.630406 -0.425452 -34.2187 -0.192865 0.404642 0.893906 52.1822
-0.713921 -0.667892 0.210326 6.80791 0.361057 -0.608478 -0.706677 -37.2751 0.599963 -0.428572 0.675552 53.0448
0.749418 0.643935 -0.154014 2.99522 -0.636294 0.636148 -0.436402 -37.3052 -0.183039 0.425045 0.886472 56.4468
-0.749491 -0.628095 0.209189 7.1009 0.328771 -0.62741 -0.705879 -40.3096 0.574607 -0.460275 0.676738 57.3595
0.76315 0.626024 -0.160299 3.04326 -0.62206 0.644464 -0.444644 -40.4228 -0.175051 0.439046 0.881247 60.6214
-0.749039 -0.631036 0.201826 7.27073 0.332338 -0.621409 -0.709508 -43.4287 0.573142 -0.464375 0.675177 61.4564
0.76882 0.619058 -0.160258 3.09844 -0.614451 0.64576 -0.453259 -43.5238 -0.177106 0.446946 0.876854 64.7378
-0.770061 -0.60056 0.215254 7.45186 0.310237 -0.647335 -0.696211 -46.4465 0.557458 -0.469345 0.684803 65.6231
0.793739 0.585961 -0.163185 3.10568 -0.585929 0.664545 -0.463754 -46.5601 -0.163298 0.463714 0.870806 68.8689
-0.780117 -0.594927 0.193595 7.49126 0.299524 -0.626824 -0.71929 -49.6421 0.549275 -0.503144 0.667191 69.6638
0.793784 0.577221 -0.191634 2.92231 -0.588079 0.648054 -0.48393 -49.6735 -0.155146 0.496832 0.853867 72.8738
-0.803066 -0.562218 0.197475 7.44637 0.282143 -0.650644 -0.705023 -52.6316 0.524863 -0.510464 0.681136 73.689
0.818495 0.535665 -0.207674 2.7776 -0.560203 0.663964 -0.495303 -52.8065 -0.127428 0.521743 0.843532 76.6978
-0.830653 -0.516396 0.208207 7.51017 0.243439 -0.673136 -0.698302 -55.6449 0.500753 -0.529361 0.684853 77.62
0.836887 0.499984 -0.222794 2.66733 -0.538204 0.677418 -0.50144 -55.9072 -0.099787 0.539557 0.836015 80.5264
-0.859679 -0.45575 0.230746 7.61584 0.188161 -0.702455 -0.686405 -58.6681 0.474918 -0.546671 0.689641 81.5878
0.873295 0.432448 -0.224379 2.59194 -0.484884 0.726709 -0.486602 -58.992 -0.0473722 0.533745 0.844318 84.4927
-0.873478 -0.415687 0.253456 7.72523 0.149861 -0.724873 -0.672385 -61.6459 0.463226 -0.54933 0.695456 85.5122
0.885568 0.39618 -0.242508 2.51716 -0.464173 0.734912 -0.494416 -61.8596 -0.0176555 0.550405 0.834711 88.3358
-0.881976 -0.376375 0.283656 7.71722 0.0998418 -0.737416 -0.668018 -64.3173 0.460598 -0.560856 0.687961 89.1638
0.897935 0.357902 -0.256162 2.31325 -0.439974 0.745313 -0.50093 -64.6277 0.0116371 0.562508 0.82671 91.92
-0.885383 -0.341631 0.315255 7.96355 0.0508369 -0.745257 -0.664836 -66.9922 0.462075 -0.572608 0.677205 92.786
0.898396 0.328021 -0.292039 2.2827 -0.435718 0.749099 -0.499 -67.5089 0.0550831 0.575546 0.815912 95.5281
-0.879937 -0.312444 0.357897 8.16698 -0.00055829 -0.752642 -0.65843 -69.7272 0.475091 -0.579577 0.662102 96.4538
0.881298 0.31738 -0.35012 2.01383 -0.457432 0.758919 -0.463464 -70.0129 0.118618 0.568606 0.814013 99.1331
-0.876711 -0.29942 0.376466 8.24403 -0.0238036 -0.754679 -0.655663 -72.5782 0.480429 -0.583788 0.654507 100.319
0.859282 0.291098 -0.42059 1.70504 -0.470089 0.773543 -0.425027 -72.7255 0.20162 0.562933 0.801533 102.84
-0.861019 -0.288353 0.418925 8.49222 -0.0640096 -0.755733 -0.651744 -75.2437 0.504528 -0.587979 0.632243 104.129
0.831709 0.286235 -0.475742 1.43466 -0.490968 0.77927 -0.389473 -75.4742 0.25925 0.557502 0.788658 106.763
-0.815446 -0.277268 0.508104 8.69676 -0.129641 -0.768024 -0.627162 -77.6784 0.564128 -0.577288 0.590337 107.614
0.719989 0.275051 -0.637153 1.74633 -0.550497 0.785399 -0.28302 -76.5864 0.422574 0.554523 0.716894 108.176
-0.753019 -0.307307 0.581829 8.89987 -0.172187 -0.761398 -0.625 -78.1242 0.635071 -0.570821 0.520432 107.732
0.640956 0.325543 -0.695124 1.26518 -0.593958 0.783983 -0.180515 -76.5341 0.486199 0.528576 0.695857 108.456
-0.698032 -0.329838 0.635578 9.25476 -0.216353 -0.748965 -0.626293 -78.5473 0.682601 -0.574682 0.451439 108.116
0.701458 0.353725 -0.618737 0.357278 -0.586112 0.780235 -0.218419 -76.7937 0.4055 0.515861 0.754624 110.039
-0.632257 -0.347128 0.692643 10.0019 -0.250382 -0.754489 -0.606676 -78.9213 0.733185 -0.557 0.390116 108.212
0.6393 0.34946 -0.684962 -0.166924 -0.598205 0.785721 -0.157461 -76.6508 0.483163 0.510412 0.71136 110.265
-0.651694 -0.35901 0.668137 10.2922 -0.168783 -0.790159 -0.589204 -79.8826 0.739464 -0.496752 0.454346 109.505
0.632176 0.360717 -0.685739 -0.227852 -0.592985 0.794888 -0.128535 -77.4669 0.498721 0.48789 0.716408 111.494
-0.611413 -0.369381 0.699809 10.4382 -0.212445 -0.775275 -0.594824 -80.4048 0.762261 -0.512354 0.39554 110.041
0.762563 0.344268 -0.547702 0.0406981 -0.558218 0.778052 -0.288145 -79.1175 0.326941 0.525466 0.78549 113.107
-0.602507 -0.346239 0.7191 9.05319 -0.246535 -0.776197 -0.580292 -80.7486 0.759083 -0.526913 0.382304 111.277
0.714667 0.338221 -0.612256 0.609826 -0.590953 0.760241 -0.269829 -79.7389 0.3742 0.554653 0.743192 113.558
-0.531569 -0.336278 0.777401 9.83742 -0.309361 -0.777324 -0.54778 -81.385 0.788498 -0.531681 0.30917 111.475
0.744852 0.352765 -0.56635 1.1279 -0.576551 0.767511 -0.280206 -80.3153 0.335833 0.535242 0.775069 114.625
-0.423127 -0.360662 0.831196 11.0255 -0.389981 -0.755551 -0.526363 -81.9624 0.81785 -0.546869 0.179043 111.309
0.672297 0.380136 -0.635227 0.658407 -0.617488 0.761262 -0.197964 -80.3397 0.40832 0.525336 0.746523 115.489
-0.308564 -0.404304 0.861004 11.783 -0.413208 -0.758331 -0.504176 -82.6535 0.856766 -0.511344 0.0669317 111.218
0.560082 0.390548 -0.730603 -0.766167 -0.658496 0.745003 -0.106559 -80.4069 0.502684 0.54078 0.674437 116.145
-0.246056 -0.388844 0.887839 12.2439 -0.467454 -0.754824 -0.460138 -83.3907 0.849084 -0.528244 0.00396182 111.41
0.481904 0.397595 -0.780825 -1.58665 -0.661199 0.749749 -0.0263037 -80.2753 0.574964 0.528957 0.624197 116.966
-0.150354 -0.400681 0.903797 13.4251 -0.520183 -0.745348 -0.416973 -83.949 0.840716 -0.532833 -0.0963614 111.261
0.410506 0.394614 -0.822049 -2.64451 -0.648242 0.760315 0.0412674 -80.3736 0.641301 0.515947 0.567919 117.601
-0.0671744 -0.413365 0.908085 14.4652 -0.542783 -0.748538 -0.38089 -84.6749 0.837182 -0.518479 -0.174085 110.839
0.373152 0.438653 -0.817521 -2.84804 -0.656155 0.74774 0.101714 -80.1396 0.65591 0.498467 0.566845 118.621
0.00685761 -0.452754 0.891609 14.0142 -0.597739 -0.716658 -0.359318 -84.0293 0.801661 -0.530486 -0.275544 110.203
0.335172 0.443525 -0.831232 -3.10334 -0.624805 0.764988 0.156243 -79.5994 0.70518 0.46699 0.533519 118.057
-0.0501571 -0.469768 0.881364 13.5402 -0.639571 -0.662686 -0.38961 -84.5016 0.767094 -0.583237 -0.267212 111.065
0.308456 0.452866 -0.836521 -4.43571 -0.622017 0.761362 0.182816 -79.3328 0.719687 0.46394 0.516537 118.739
-0.0542265 -0.480529 0.875301 14.7423 -0.627623 -0.665384 -0.40417 -85.1491 0.776626 -0.571276 -0.26551 110.891
0.271741 0.457979 -0.846411 -5.90672 -0.653745 0.733276 0.186879 -79.1958 0.70624 0.502554 0.498663 119.121
-0.0768715 -0.4823 0.872627 15.7235 -0.647643 -0.641278 -0.411486 -85.9605 0.758056 -0.596782 -0.263062 110.655
0.199777 0.475609 -0.856671 -5.71509 -0.726378 0.65867 0.196289 -79.747 0.65762 0.583053 0.477059 119.186
-0.147852 -0.471157 0.869569 15.7084 -0.625319 -0.636651 -0.451278 -86.8771 0.766235 -0.610481 -0.200493 111.844
0.156216 0.531028 -0.83283 -5.60853 -0.699813 0.654538 0.28608 -77.1417 0.697035 0.538135 0.47387 118.996
-0.0843587 -0.540202 0.837297 16.3185 -0.625995 -0.625035 -0.466327 -84.6938 0.77525 -0.563483 -0.285437 108.076
0.107592 0.550373 -0.827957 -5.54249 -0.683373 0.645808 0.340489 -72.9726 0.722098 0.52917 0.445594 114.775
-0.132992 -0.561292 0.816863 16.3666 -0.590313 -0.61719 -0.520199 -82.197 0.796142 -0.551388 -0.249257 104.19
0.285869 0.564364 -0.77445 -5.56104 -0.758951 0.626748 0.176581 -73.3857 0.58504 0.537291 0.607492 115.623
-0.260288 -0.575955 0.774936 16.4308 -0.537401 -0.580374 -0.611855 -85.0351 0.802153 -0.57571 -0.158455 106.523
0.29393 0.574458 -0.76394 -6.63913 -0.754715 0.629925 0.183303 -74.6204 0.586525 0.522679 0.618705 118.254
-0.209095 -0.58494 0.783661 17.4479 -0.575907 -0.574003 -0.58211 -85.972 0.790323 -0.573032 -0.216851 106.214
0.307519 0.566117 -0.764817 -8.27116 -0.734878 0.651895 0.187051 -74.9114 0.604472 0.504525 0.616496 119.303
-0.174183 -0.568284 0.804185 17.5839 -0.617138 -0.573387 -0.538858 -85.8892 0.767334 -0.590153 -0.250836 106.405
0.260168 0.552773 -0.791678 -8.87282 -0.740419 0.640479 0.203878 -74.915 0.619751 0.533131 0.575916 119.18
-0.110849 -0.518543 0.847836 17.9573 -0.633481 -0.620465 -0.462305 -84.0076 0.765777 -0.588334 -0.259709 106.422
0.215764 0.485054 -0.847449 -9.73636 -0.693034 0.68746 0.217032 -73.3442 0.687859 0.540484 0.484488 115.996
-0.00591818 -0.449755 0.893133 17.7944 -0.670972 -0.660458 -0.337033 -78.4121 0.741459 -0.601262 -0.297864 102.548
0.0155315 0.431226 -0.902111 -10.3473 -0.670577 0.673729 0.31051 -65.218 0.741678 0.600112 0.299634 106.398
0.00701515 -0.422049 0.906546 17.1841 -0.681471 -0.665471 -0.304541 -69.5058 0.731811 -0.615649 -0.292283 93.5609
0.00655857 0.432999 -0.90137 -9.00124 -0.667582 0.673001 0.318438 -56.8668 0.744507 0.599651 0.293477 96.9189
-0.356068 -0.499701 0.789629 15.6155 -0.475317 -0.630679 -0.613447 -70.9751 0.804543 -0.593754 -0.0129526 92.4853
0.0109855 0.560071 -0.828372 -8.58812 -0.659416 0.626818 0.415054 -56.0106 0.751698 0.541682 0.376206 98.6768
-0.376232 -0.595613 0.709715 14.931 -0.432796 -0.564314 -0.703021 -73.8049 0.81923 -0.571661 -0.0454656 93.1076
0.0515692 0.648186 -0.759734 -8.03991 -0.696479 0.568551 0.437798 -57.2106 0.715722 0.506562 0.480767 102.437
-0.390806 -0.646782 0.654938 14.9218 -0.350984 -0.553057 -0.755605 -76.4769 0.850929 -0.525168 -0.0108723 95.6354
0.0796462 0.659277 -0.74767 -8.46096 -0.688987 0.578457 0.436675 -58.2744 0.720384 0.480355 0.500305 104.345
-0.405178 -0.654862 0.637955 14.9106 -0.326397 -0.548198 -0.770029 -78.443 0.853988 -0.520226 0.00837244 97.5702
-0.0372479 0.665527 -0.745444 -8.00073 -0.626447 0.565638 0.5363 -57.1521 0.778573 0.486958 0.395849 102.692
-0.522946 -0.61906 0.585911 14.6429 -0.336968 -0.481247 -0.80923 -78.2206 0.78293 -0.620618 0.0430628 97.4659
-0.0701575 0.662913 -0.745402 -8.23554 -0.652389 0.534794 0.537015 -56.447 0.75463 0.523968 0.394957 102.843
-0.497702 -0.629956 0.596194 14.4978 -0.330701 -0.497627 -0.801876 -77.8274 0.801829 -0.596257 0.0393425 98.0925
-0.121898 0.659687 -0.741589 -8.22498 -0.608701 0.540473 0.580838 -55.988 0.783979 0.522209 0.33567 102.413
-0.454639 -0.640657 0.618759 14.1045 -0.362141 -0.501728 -0.785572 -76.9985 0.813731 -0.581229 -0.00390253 97.7521
-0.113361 0.667102 -0.736291 -8.66579 -0.620088 0.531519 0.577043 -55.7832 0.776299 0.52198 0.353408 103.319
-0.473471 -0.64182 0.603235 13.5033 -0.364445 -0.48074 -0.797539 -77.4599 0.801875 -0.597458 -0.0062916 98.6225
-0.0956393 0.690192 -0.717278 -8.78396 -0.574459 0.550207 0.606027 -55.5102 0.812927 0.470007 0.343866 103.686
-0.3781 -0.65461 0.654619 14.8106 -0.423101 -0.506752 -0.751124 -76.2518 0.823423 -0.56097 -0.0853634 96.7507
-0.0942371 0.686715 -0.720792 -8.47752 -0.563015 0.560353 0.60747 -54.9453 0.821056 0.463063 0.333825 102.887
-0.319764 -0.667542 0.672412 15.6662 -0.466207 -0.506971 -0.725004 -76.2065 0.824865 -0.545314 -0.149102 95.5452
-0.112376 0.688069 -0.716891 -8.46808 -0.557496 0.553554 0.618689 -54.7692 0.822539 0.46919 0.32139 102.706
-0.318502 -0.670563 0.670001 15.7484 -0.481439 -0.49443 -0.723709 -76.7635 0.816561 -0.553068 -0.165358 95.3673
-0.1078 0.6963 -0.709609 -8.11687 -0.567053 0.543213 0.619169 -55.3098 0.816596 0.469133 0.336281 103.245
-0.282207 -0.678691 0.67804 15.0632 -0.528565 -0.479823 -0.700278 -75.6691 0.800611 -0.556012 -0.223323 94.7652
-0.0776923 0.705924 -0.704014 -8.55585 -0.578774 0.543038 0.608383 -54.7623 0.811778 0.454732 0.366381 103.96
-0.2902 -0.67134 0.681973 14.8788 -0.477465 -0.516026 -0.711157 -76.0276 0.829344 -0.531996 -0.170791 97.2313
-0.116184 0.696505 -0.708084 -9.10477 -0.519715 0.564893 0.640931 -54.0427 0.846403 0.442468 0.296353 104.428
-0.316421 -0.66469 0.676805 14.5366 -0.41485 -0.544662 -0.728864 -76.3872 0.853099 -0.511401 -0.103404 99.6214
-0.15108 0.675175 -0.72202 -9.77105 -0.481155 0.587815 0.650357 -54.1524 0.863519 0.44566 0.236057 104.791
-0.282703 -0.658752 0.697227 14.6505 -0.472316 -0.537051 -0.698924 -75.9863 0.834863 -0.5269 -0.159313 98.3498
-0.198895 0.679256 -0.706437 -9.54055 -0.43772 0.583371 0.684164 -52.4225 0.876836 0.445298 0.181294 102.129
-0.313563 -0.649753 0.692459 14.2964 -0.449674 -0.540678 -0.710957 -73.9451 0.836344 -0.534311 -0.12264 96.4896
-0.196047 0.676568 -0.709804 -8.13524 -0.441027 0.585673 0.680061 -52.0054 0.87582 0.446367 0.183565 99.8346
-0.271518 -0.642883 0.716226 15.1954 -0.479686 -0.554767 -0.679805 -71.2635 0.834373 -0.528143 -0.157753 93.4093
-0.195483 0.627889 -0.753354 -8.68001 -0.495594 0.599624 0.628361 -51.3331 0.84627 0.496192 0.193962 97.3165
-0.284085 -0.598644 0.748946 14.9919 -0.47969 -0.587601 -0.651631 -69.1087 0.830177 -0.54438 -0.120235 92.8607
-0.247579 0.634099 -0.732546 -6.70693 -0.406326 0.618427 0.672642 -49.4674 0.879547 0.464185 0.104542 93.4964
-0.426638 -0.604149 0.673041 14.2044 -0.334399 -0.58606 -0.738046 -68.8647 0.840332 -0.539942 0.048008 93.601
-0.322216 0.635404 -0.70174 -5.77804 -0.346958 0.610429 0.712037 -49.7013 0.880794 0.472904 0.0237686 92.5557
-0.453933 -0.605334 0.653847 14.089 -0.298271 -0.58824 -0.75167 -69.3065 0.83963 -0.536232 0.0864683 94.5747
-0.197992 0.63044 -0.750563 -7.50872 -0.450364 0.621604 0.640922 -51.8057 0.870616 0.464924 0.160855 97.0109
-0.413323 -0.604751 0.680764 12.7395 -0.339313 -0.591481 -0.731449 -70.658 0.845003 -0.533317 0.0392728 98.0299
-0.217718 0.637666 -0.738906 -7.94837 -0.43547 0.614069 0.658244 -52.4343 0.873478 0.465083 0.143991 99.1019
-0.440139 -0.621797 0.647801 11.3844 -0.333929 -0.556349 -0.760899 -71.7737 0.833528 -0.551221 0.0372343 99.4901
-0.336677 0.657732 -0.673823 -6.9454 -0.347041 0.57855 0.738134 -52.2797 0.875335 0.482357 0.0334758 97.8089
-0.451142 -0.620317 0.641621 11.5814 -0.328124 -0.553295 -0.765637 -70.4326 0.829943 -0.555942 0.0460735 98.083
-0.349492 0.660551 -0.664476 -6.0366 -0.32693 0.578647 0.747184 -51.3765 0.87805 0.478372 0.0137219 96.0544
-0.503245 -0.633357 0.587881 10.6426 -0.267841 -0.532479 -0.802949 -69.9621 0.821588 -0.561539 0.0983286 97.6235
-0.277156 0.66997 -0.688712 -7.36972 -0.424928 0.557416 0.713249 -51.837 0.861754 0.490335 0.130198 98.3041
-0.452116 -0.647315 0.613657 9.40934 -0.312167 -0.529646 -0.788687 -70.1582 0.83555 -0.548141 0.0373906 99.1192
-0.292511 0.676868 -0.675491 -8.13597 -0.386733 0.562308 0.730922 -52.2733 0.874572 0.475037 0.0972859 99.6727
-0.444814 -0.65073 0.615379 8.469 -0.357058 -0.501287 -0.788175 -70.2019 0.821371 -0.570318 -0.00936906 99.0552
-0.366933 0.693244 -0.620301 -7.10966 -0.318866 0.532685 0.783946 -52.6218 0.873891 0.485448 0.0255925 98.6121
-0.458065 -0.652685 0.603473 8.07062 -0.347981 -0.493041 -0.797383 -69.8795 0.817977 -0.57525 -0.0012776 99.2236
-0.327774 0.684422 -0.651253 -8.00305 -0.411387 0.517153 0.750542 -52.8439 0.850485 0.513925 0.112053 99.6934
-0.41949 -0.655351 0.628126 7.53134 -0.397138 -0.489725 -0.776177 -68.7911 0.816277 -0.575052 -0.0548305 98.9867
-0.267786 0.685904 -0.676629 -8.84948 -0.467307 0.521679 0.713775 -53.3673 0.842564 0.507332 0.18083 101.557
-0.404609 -0.688998 0.60131 4.94081 -0.399689 -0.458173 -0.793931 -68.8691 0.822521 -0.561568 -0.090004 100.763
-0.415903 0.726692 -0.546757 -7.14545 -0.422106 0.378278 0.823852 -53.1305 0.805513 0.573432 0.149414 102.629
-0.455523 -0.716132 0.528824 4.33492 -0.417033 -0.353159 -0.837474 -68.6672 0.7865 -0.602026 -0.137778 100.715
-0.464146 0.723116 -0.511539 -6.75183 -0.441548 0.311752 0.841336 -52.5636 0.767856 0.616372 0.174593 103.07
-0.443262 -0.751755 0.488246 2.92518 -0.413515 -0.311772 -0.855455 -67.1573 0.795314 -0.581088 -0.172666 100.729
-0.43738 0.738105 -0.513712 -7.17753 -0.471995 0.297821 0.829773 -52.3242 0.765454 0.605396 0.218121 103.491
-0.499981 -0.747975 0.436523 2.05225 -0.348517 -0.287654 -0.892071 -67.5196 0.792815 -0.598155 -0.116861 101.297
-0.536011 0.736287 -0.413005 -5.24999 -0.349031 0.252171 0.902545 -53.8267 0.76868 0.627926 0.121821 102.552
-0.530932 -0.751104 0.392371 1.80571 -0.318766 -0.251995 -0.913721 -67.7624 0.785175 -0.610199 -0.105634 101.493
-0.538218 0.734133 -0.413969 -5.01466 -0.339966 0.260336 0.903686 -54.8342 0.771197 0.627115 0.109463 102.314
-0.50937 -0.755457 0.412101 1.15663 -0.32705 -0.273005 -0.904714 -66.6249 0.795978 -0.595612 -0.108011 101.452
-0.570123 0.712208 -0.409538 -4.55553 -0.374147 0.218714 0.901209 -55.3569 0.73142 0.667027 0.141777 102.596
-0.548144 -0.757448 0.3547 1.25266 -0.252458 -0.254467 -0.933548 -66.9536 0.797373 -0.601266 -0.0517392 101.829
-0.615017 0.699521 -0.363904 -4.40129 -0.286599 0.231632 0.929628 -54.5792 0.734585 0.676031 0.0580247 101.903
-0.542354 -0.724427 0.42551 1.6702 -0.406823 -0.216683 -0.887436 -66.9355 0.735083 -0.654412 -0.177195 100.706
-0.572671 0.70053 -0.4258 -5.24647 -0.426455 0.189024 0.884537 -54.0318 0.700131 0.688134 0.190496 102.78
-0.567807 -0.746103 0.347745 1.70418 -0.269998 -0.230272 -0.93492 -68.2665 0.777623 -0.624744 -0.0706968 101.55
-0.574849 0.741436 -0.346152 -4.62236 -0.281539 0.217986 0.934461 -53.8496 0.768299 0.63463 0.0834348 102.013
-0.557524 -0.758481 0.337451 1.25379 -0.269323 -0.219246 -0.937761 -67.1405 0.785259 -0.613708 -0.0820422 101.566
-0.570513 0.755961 -0.320996 -5.07632 -0.268965 0.197313 0.942722 -52.2516 0.775998 0.624172 0.0907582 102.087
-0.542539 -0.780775 0.309905 0.843748 -0.258171 -0.196086 -0.945991 -66.7141 0.799374 -0.593246 -0.095189 101.455
-0.567054 0.773367 -0.283466 -4.1311 -0.203533 0.201912 0.958022 -54.5277 0.798138 0.600945 0.0429107 101.455
-0.543449 -0.788695 0.287445 0.639946 -0.199579 -0.211209 -0.956848 -66.5335 0.815372 -0.577366 -0.0426255 101.807
-0.598226 0.744589 -0.296164 -3.65645 -0.21099 0.21019 0.954622 -56.2528 0.773052 0.633568 0.0313602 101.323
-0.526125 -0.794791 0.30249 0.645758 -0.207969 -0.224649 -0.951988 -66.9742 0.824585 -0.563774 -0.0470984 101.576
-0.626681 0.754692 -0.194195 -3.52043 -0.0598945 0.201814 0.977591 -55.7176 0.776971 0.624268 -0.081271 100.878
-0.546537 -0.799276 0.249911 0.236575 -0.117725 -0.222129 -0.967884 -66.6766 0.829119 -0.558405 0.0273066 102.205
-0.597059 0.768133 -0.231285 -3.92684 -0.119729 0.199757 0.972503 -54.3525 0.793212 0.608334 -0.0272989 101.044
-0.532577 -0.81124 0.241354 0.167208 -0.123162 -0.207843 -0.970377 -66.4883 0.837373 -0.546526 0.0107775 102.018
-0.577369 0.783909 -0.228325 -3.68871 -0.128569 0.188866 0.97355 -55.0313 0.806297 0.591453 -0.00825838 101.121
-0.519405 -0.820098 0.240121 0.0372772 -0.134417 -0.19909 -0.970719 -66.1285 0.84389 -0.536473 -0.00682694 101.937
-0.602834 0.769121 -0.212238 -3.20689 -0.138055 0.161444 0.977178 -55.5278 0.785833 0.618376 0.00885736 101.317
-0.570175 -0.791848 0.218809 0.205777 -0.128567 -0.177054 -0.975767 -65.8462 0.811401 -0.58449 -0.000854331 102.055
-0.598852 0.777125 -0.193531 -2.87327 -0.134029 0.140994 0.980896 -55.6282 0.789565 0.61335 0.0197232 101.473
-0.533102 -0.824465 0.189896 -0.0595036 -0.118662 -0.14937 -0.981635 -65.0488 0.837689 -0.545845 -0.0182033 101.956
-0.610552 0.765763 -0.202074 -2.87478 -0.140591 0.146302 0.979199 -56.3552 0.779398 0.626261 0.018335 101.348
-0.589417 -0.765252 0.2588 0.401568 -0.126768 -0.228776 -0.96519 -64.5935 0.797821 -0.601707 0.0378344 102.463
-0.651227 0.710921 -0.26551 -2.43621 -0.160119 0.213273 0.963782 -57.2393 0.741799 0.670154 -0.0250569 101.678
-0.593708 -0.76521 0.248928 0.584735 -0.136 -0.209478 -0.968309 -65.987 0.793105 -0.608747 0.0202999 102.245
-0.650954 0.713707 -0.258616 -2.59893 -0.158263 0.205599 0.965755 -56.366 0.742437 0.669591 -0.0208817 101.478
-0.605145 -0.752521 0.259831 0.629386 -0.11831 -0.237743 -0.964096 -65.5542 0.787275 -0.614159 0.0548381 102.498
-0.677586 0.684354 -0.269327 -2.65624 -0.151681 0.228296 0.961704 -56.755 0.719632 0.692488 -0.0508861 101.239
-0.595494 -0.765213 0.244613 0.505941 -0.106236 -0.226805 -0.968129 -65.0787 0.796305 -0.602502 0.0537676 102.414
-0.611628 0.749011 -0.254743 -2.52941 -0.138042 0.216017 0.966582 -57.03 0.77901 0.626354 -0.0287271 101.381
-0.570668 -0.783193 0.246874 0.252529 -0.112591 -0.22317 -0.968255 -64.0957 0.813426 -0.580348 0.0391753 102.322
-0.614127 0.737676 -0.280505 -2.48057 -0.132175 0.254269 0.958059 -58.3662 0.778061 0.625445 -0.058651 101.226
-0.535196 -0.805067 0.255798 0.125773 -0.0958703 -0.242971 -0.965284 -64.1305 0.83927 -0.54114 0.0528547 102.216
-0.583024 0.769992 -0.259221 -2.05435 -0.113871 0.238465 0.964452 -58.9923 0.804436 0.591816 -0.0513504 101.381
-0.52416 -0.807384 0.270901 0.010854 -0.114462 -0.248424 -0.961865 -63.3495 0.843893 -0.535179 0.0377991 102.116
-0.58467 0.769392 -0.257288 -2.26922 -0.116336 0.23435 0.965166 -57.7301 0.802887 0.594236 -0.0475093 101.362
-0.567135 -0.76777 0.29814 0.975207 -0.152434 -0.257886 -0.954075 -64.5321 0.809396 -0.586536 0.0292216 102.561
-0.611134 0.739304 -0.282746 -1.88809 -0.191028 0.208896 0.959099 -58.6033 0.768131 0.64015 0.0135649 101.717
-0.594431 -0.75279 0.28277 0.74745 -0.15086 -0.241002 -0.958728 -63.2932 0.789869 -0.612556 0.0296927 102.633
-0.557806 0.731533 -0.392061 -2.28681 -0.317611 0.248279 0.915139 -58.7369 0.766795 0.634994 0.0938518 101.871
-0.549605 -0.746277 0.375507 0.838606 -0.268013 -0.268218 -0.925326 -63.3606 0.791267 -0.609204 -0.0525982 102.579
-0.558481 0.732405 -0.389463 -2.62928 -0.298688 0.260459 0.918121 -58.8005 0.773876 0.629082 0.0732995 101.841
-0.559234 -0.748679 0.356003 1.12392 -0.263473 -0.246654 -0.9326 -64.4333 0.786028 -0.615339 -0.0593196 102.507
-0.550944 0.738848 -0.388026 -2.75647 -0.311471 0.249312 0.916967 -58.5201 0.774239 0.626057 0.0927738 101.901
-0.565476 -0.733494 0.377126 0.565956 -0.29209 -0.249515 -0.923269 -63.342 0.771311 -0.632241 -0.073152 102.39
-0.522724 0.753498 -0.398748 -2.45057 -0.318877 0.260967 0.911161 -59.3086 0.790618 0.603437 0.10386 101.981
-0.568452 -0.745331 0.348345 0.144932 -0.243126 -0.252312 -0.936604 -62.8062 0.785972 -0.617107 -0.0377826 102.645
-0.540706 0.725967 -0.424981 -1.59701 -0.283782 0.318168 0.904564 -61.5293 0.7919 0.609705 0.0339817 101.877
-0.617458 -0.704802 0.349286 0.71405 -0.154374 -0.326831 -0.932389 -64.2242 0.771308 -0.629631 0.093001 102.901
-0.593856 0.709864 -0.378721 -1.87477 -0.179837 0.341688 0.922447 -60.7216 0.784216 0.615908 -0.075253 101.635
-0.636882 -0.704584 0.312958 1.141 -0.075246 -0.347186 -0.934773 -65.5115 0.767281 -0.618889 0.168099 103.352
-0.608837 0.715424 -0.342764 -2.14859 -0.139213 0.329016 0.934006 -59.5755 0.780985 0.616375 -0.100721 101.586
-0.645791 -0.697798 0.309891 1.73616 -0.0679996 -0.351696 -0.933641 -66.7849 0.76048 -0.624009 0.179672 103.819
-0.626488 0.695265 -0.352305 -2.63654 -0.106044 0.371768 0.922249 -58.7918 0.772184 0.615138 -0.159179 101.188
-0.649465 -0.68991 0.319718 2.04927 -0.0657764 -0.367915 -0.92753 -67.7036 0.757541 -0.623428 0.193568 104.116
-0.642527 0.709663 -0.289029 -2.51212 -0.118247 0.280846 0.952441 -57.3671 0.757085 0.646146 -0.0965348 101.52
-0.708706 -0.682766 0.17767 1.44469 -0.0650107 -0.187561 -0.980099 -68.6677 0.702502 -0.706153 0.0885386 103.821
-0.643355 0.749365 -0.156674 -2.2099 -0.109807 0.11221 0.987599 -55.3181 0.757652 0.652581 0.0100944 102.008
-0.66685 -0.740291 0.085326 0.872593 -0.0657056 -0.0556444 -0.996286 -69.2804 0.74229 -0.66998 -0.0115351 103.081
-0.608646 0.787378 -0.0979082 -1.96479 -0.160441 -0.00128582 0.987044 -54.2745 0.777051 0.61647 0.127111 102.99
-0.723493 -0.68719 0.0657981 0.845365 -0.157635 0.0716594 -0.984894 -69.8408 0.672094 -0.722935 -0.16017 102.22
-0.717403 0.693356 0.0677564 -0.253701 -0.107859 -0.206631 0.972456 -53.4972 0.688258 0.690335 0.223022 104.357
-0.72308 -0.683477 -0.100076 -0.589195 -0.161976 0.308602 -0.937298 -70.5123 0.671506 -0.661531 -0.333851 100.969
-0.694172 0.693741 0.191963 0.9318 -0.182857 -0.427895 0.885138 -53.174 0.696196 0.579336 0.423888 106.887
-0.675993 -0.658034 -0.331699 -2.82609 -0.126378 0.546977 -0.827553 -70.0105 0.72599 -0.517501 -0.452914 99.6764
-0.735431 0.621444 0.270092 1.52463 -0.264058 -0.629932 0.730383 -54.3119 0.624031 0.465826 0.627368 108.964
-0.650382 -0.599292 -0.466748 -4.17482 -0.141902 0.699498 -0.700405 -68.4787 0.746236 -0.389298 -0.539981 99.0758
-0.674792 0.610473 0.414703 2.1459 -0.340303 -0.756001 0.559158 -56.3178 0.654866 0.23619 0.717889 110.212
-0.675105 -0.482492 -0.558064 -6.23065 -0.230185 0.856472 -0.462029 -66.9213 0.700891 -0.183459 -0.689271 98.0317
-0.725538 0.431136 0.536393 2.26755 -0.242999 -0.889725 0.386447 -57.5058 0.643853 0.150038 0.750294 110.845
-0.730303 -0.402959 -0.551617 -6.66096 -0.245294 0.908326 -0.338785 -65.9481 0.637565 -0.112107 -0.762197 97.366
-0.799383 0.375818 0.468774 1.20434 -0.255089 -0.9187 0.301531 -58.4281 0.543983 0.121459 0.830259 110.582
-0.700059 -0.402843 -0.589607 -6.60911 -0.237574 0.910037 -0.339694 -65.6951 0.673407 -0.0977301 -0.732784 98.0716
-0.712059 0.380061 0.590361 1.0607 -0.206814 -0.917057 0.340932 -58.8035 0.670969 0.120669 0.731601 108.276
-0.753439 -0.395955 -0.524929 -6.05152 -0.254073 0.91166 -0.322992 -65.7376 0.606447 -0.109984 -0.787481 97.5577
-0.677614 0.386304 0.625787 1.30457 -0.201482 -0.915885 0.347216 -58.8602 0.70728 0.109193 0.69845 107.945
-0.756083 -0.396515 -0.520687 -6.3982 -0.284746 0.91563 -0.283798 -65.6505 0.589287 -0.0663105 -0.805198 96.519
-0.742757 0.382184 0.549772 -0.0349684 -0.257349 -0.920972 0.292544 -59.6783 0.61813 0.0758056 0.782413 107.599
-0.864654 -0.406912 -0.294614 -4.96687 -0.360982 0.911103 -0.198954 -65.2466 0.349381 -0.0656758 -0.934677 95.5003
-0.659787 0.353688 0.663014 1.48225 -0.202596 -0.933362 0.296296 -59.4907 0.723628 0.0611673 0.687475 107.267
-0.915529 -0.377831 -0.138027 -3.32082 -0.366349 0.924893 -0.101792 -64.495 0.16612 -0.0426271 -0.985184 94.9483
-0.571772 0.332399 0.750059 2.86608 -0.16318 -0.942056 0.293093 -59.2446 0.804021 0.0451878 0.592882 106.51
-0.929997 -0.362405 -0.0613906 -2.05279 -0.359368 0.93156 -0.055238 -64.0243 0.0772074 -0.029309 -0.996584 94.3828
-0.437891 0.333508 0.83488 4.37254 -0.11611 -0.941849 0.315339 -58.7344 0.891499 0.0411454 0.451151 105.054
-0.932388 -0.361346 -0.00905676 -1.05281 -0.361017 0.932193 -0.0261266 -63.7379 0.0178833 -0.02109 -0.999618 93.3268
-0.378044 0.330007 0.864973 5.71186 -0.0906538 -0.943016 0.320161 -58.2399 0.921339 0.0426212 0.386418 104.41
-0.931476 -0.36304 0.0235782 -0.21945 -0.363484 0.931418 -0.0184205 -63.5416 -0.0152739 -0.0257282 -0.999552 92.1069
-0.309825 0.336054 0.889425 7.00133 -0.059693 -0.940485 0.334552 -57.7632 0.948918 0.0505598 0.311446 103.256
-0.930093 -0.36136 0.0659258 1.24684 -0.361611 0.93229 0.00850189 -62.6618 -0.0645343 -0.0159315 -0.997788 91.3331
-0.25213 0.321265 0.912809 8.78895 -0.0315635 -0.945511 0.324056 -57.2348 0.967179 0.0528924 0.248532 102.323
-0.929323 -0.339587 0.145052 3.04002 -0.340275 0.940096 0.0208141 -61.6205 -0.143431 -0.030014 -0.989205 90.5576
-0.222037 0.301099 0.927383 10.4641 -0.0405627 -0.953154 0.299754 -57.2196 0.974194 0.028939 0.223849 101.731
-0.907506 -0.329414 0.260616 5.71014 -0.322241 0.943985 0.071088 -60.8068 -0.269435 -0.0194678 -0.962822 89.5294
-0.0923769 0.310854 0.945958 13.9635 -0.0217707 -0.950424 0.310195 -56.5811 0.995486 0.00806021 0.0945648 98.9893
-0.904322 -0.341314 0.256334 9.39124 -0.328017 0.939949 0.0943462 -59.538 -0.273142 0.00123792 -0.961973 86.2939
0.0647652 0.330263 0.941665 20.1212 0.0304708 -0.94386 0.328937 -54.6245 0.997436 0.00738915 -0.0711926 94.1037
-0.842927 -0.330834 0.424291 18.2824 -0.291937 0.94366 0.155819 -56.3302 -0.451937 0.00747796 -0.892019 80.8811
0.010133 0.304898 0.952332 28.6299 0.00308226 -0.952385 0.304882 -51.905 0.999944 -0.000154436 -0.0105902 88.7246
-0.843448 -0.328612 0.424984 25.8985 -0.296239 0.944447 0.142344 -53.8962 -0.448151 -0.00583662 -0.893939 77.1581
-0.177263 0.334564 0.925552 31.1403 -0.0425051 -0.94217 0.33243 -51.1125 0.983246 0.0195865 0.181233 86.551
-0.871754 -0.345091 0.347789 26.6472 -0.326883 0.938429 0.111797 -53.6204 -0.364956 -0.0162267 -0.930884 76.05
-0.0140518 0.314826 0.949046 33.0107 0.0554711 -0.947432 0.315112 -50.2693 0.998362 0.0570721 -0.00415054 84.9419
-0.961705 -0.246494 0.119858 26.4415 -0.252634 0.966783 -0.0388202 -52.9835 -0.106308 -0.0676133 -0.992032 75.814
-0.182844 0.250433 0.950711 33.9554 0.0447726 -0.963889 0.262515 -49.6997 0.982122 0.0905647 0.165029 85.0648
-0.954708 -0.253274 0.156162 27.1335 -0.262703 0.963932 -0.0426819 -53.1622 -0.13972 -0.0817726 -0.986809 73.3492
-0.220137 0.261523 0.939759 35.7644 0.0729024 -0.956286 0.283199 -48.4857 0.972741 0.130853 0.191449 85.3813
-0.962601 -0.211912 0.168798 27.5661 -0.233871 0.964472 -0.122879 -53.3636 -0.136761 -0.15776 -0.977962 71.547
-0.384197 0.207802 0.899562 34.2515 0.103477 -0.95851 0.265614 -48.0355 0.917435 0.195131 0.346754 86.3363
-0.822091 -0.182981 0.539153 30.1332 -0.245427 0.968343 -0.0455799 -52.3499 -0.513744 -0.169793 -0.840974 69.5024
-0.375304 0.197748 0.905563 36.5707 0.0893509 -0.964709 0.247695 -47.2502 0.922586 0.173873 0.34439 87.2584
-0.774849 -0.184484 0.604629 32.3091 -0.254673 0.966515 -0.0314688 -52.4087 -0.578577 -0.178366 -0.795886 67.3444
-0.368435 0.221747 0.90282 38.6884 0.0546836 -0.964285 0.25916 -47.0321 0.928044 0.144853 0.34315 88.4532
-0.785405 -0.191376 0.588655 33.5096 -0.231362 0.972839 0.00758598 -51.9243 -0.574118 -0.130234 -0.808349 65.3209
-0.365073 0.205717 0.907966 41.118 0.0229177 -0.973 0.229666 -46.9133 0.930697 0.104653 0.350501 89.2856
-0.782202 -0.148025 0.605185 35.4361 -0.181239 0.983419 0.00628831 -51.5442 -0.596081 -0.104764 -0.796061 63.1988
-0.404258 0.194856 0.893648 42.7349 -0.0296754 -0.979324 0.200112 -47.4884 0.914164 0.0543773 0.401682 90.4253
-0.773425 -0.144177 0.617274 37.2794 -0.144225 0.988275 0.0501223 -50.9674 -0.617263 -0.0502598 -0.785151 61.1427
-0.450791 0.191118 0.87193 44.4072 -0.0766256 -0.98149 0.175516 -47.8623 0.889335 0.0123086 0.457091 92.5141
-0.736939 -0.230897 0.635301 39.362 -0.162083 0.972793 0.165543 -49.7396 -0.656239 0.0190242 -0.754314 59.9472
-0.428508 0.20635 0.87966 46.5357 -0.136367 -0.97719 0.1628 -48.6618 0.893188 -0.0501952 0.446873 93.5473
-0.728697 -0.222449 0.647703 40.7944 -0.103477 0.970682 0.216958 -48.0343 -0.676975 0.0910748 -0.73035 58.341
-0.408274 0.202204 0.890184 49.0265 -0.197451 -0.971636 0.130147 -49.4555 0.89125 -0.122632 0.436619 94.8572
-0.627168 -0.185905 0.756373 48.1843 0.00558173 0.970001 0.24304 -45.002 -0.778864 0.156649 -0.607316 57.0924
-0.387779 0.191812 0.901574 57.578 -0.223652 -0.96846 0.109847 -47.7352 0.894208 -0.159043 0.418447 94.1907
-0.751942 -0.15685 0.640299 50.5796 -0.0141306 0.974895 0.222219 -44.3413 -0.659079 0.158048 -0.73528 57.1811
-0.284078 0.140289 0.948483 64.4544 -0.212901 -0.973772 0.0802638 -47.3701 0.934865 -0.179132 0.306495 92.4505
-0.71449 -0.144779 0.684503 58.9857 0.0224053 0.973119 0.229211 -42.7709 -0.699288 0.179106 -0.69204 56.2656
-0.318824 0.137902 0.937729 70.4496 -0.198615 -0.977114 0.0761655 -45.7292 0.926771 -0.161964 0.338917 91.7902
-0.679684 -0.0929718 0.72759 65.706 0.0407836 0.985611 0.16404 -42.1235 -0.732371 0.141169 -0.666112 53.8435
-0.229326 0.148054 0.962024 79.4149 -0.177998 -0.978076 0.108094 -44.0548 0.956936 -0.146449 0.250651 90.1578
-0.687149 -0.103918 0.719047 72.885 0.0125127 0.987878 0.154728 -41.6404 -0.726409 0.115319 -0.677519 51.2445
-0.231811 0.10422 0.967162 86.0124 -0.12443 -0.989254 0.0767766 -42.5808 0.96477 -0.102547 0.242288 87.6921
-0.742622 -0.0914443 0.663439 76.38 -0.0149114 0.992647 0.120129 -42.0513 -0.669545 0.0793179 -0.738525 51.1588
-0.276403 0.112506 0.954434 87.1704 -0.0869373 -0.99198 0.0917547 -41.3966 0.957102 -0.057615 0.283967 87.4349
-0.789902 -0.0259023 0.612687 75.0249 -0.00154431 0.999189 0.0402509 -42.155 -0.613232 0.0308484 -0.789301 52.7559
-0.369865 0.0664248 0.926709 82.2188 -0.0457792 -0.997533 0.0532299 -40.964 0.927957 -0.0227364 0.371993 88.3416
-0.796985 -0.0582828 0.601181 69.8813 -0.0693085 0.997584 0.00483029 -44.4705 -0.60001 -0.0378169 -0.799099 54.1979
-0.310574 0.0950453 0.945786 78.8027 0.0223914 -0.993981 0.107241 -40.2212 0.950286 0.0544834 0.306577 88.551
-0.725777 -0.0512374 0.686021 70.3113 -0.110638 0.992935 -0.0428895 -45.7846 -0.678976 -0.107027 -0.726318 54.7053
-0.378787 0.0999471 0.920072 75.8953 0.0633295 -0.989023 0.133509 -39.9223 0.923315 0.108839 0.368299 88.122
-0.517244 -0.067296 0.853189 76.4289 -0.133921 0.990988 -0.00302472 -45.179 -0.845296 -0.115824 -0.521594 55.9259
-0.4481 0.0840028 0.890029 79.1248 0.032933 -0.993349 0.110335 -40.9565 0.893377 0.078752 0.442353 87.55
-0.587077 -0.0931388 0.804156 77.0695 -0.080791 0.995142 0.056277 -43.6458 -0.80549 -0.0319292 -0.591749 55.6278
-0.417962 0.0742899 0.905423 81.4299 -0.0441522 -0.997135 0.061433 -42.2661 0.907391 -0.0143 0.420044 88.4171
-0.669927 -0.108811 0.734411 76.3279 -0.0507462 0.9936 0.100922 -43.2856 -0.740692 0.0303418 -0.67116 57.5552
-0.31378 0.137174 0.939535 83.671 -0.0978306 -0.988914 0.11171 -42.6173 0.944443 -0.0568632 0.323721 88.2508
-0.634989 -0.128832 0.761704 79.3161 -0.0122791 0.987555 0.156795 -41.7275 -0.772424 0.0902104 -0.628668 56.076
-0.262082 0.15261 0.952903 87.6591 -0.160465 -0.980563 0.112906 -42.8787 0.951612 -0.123317 0.281476 88.0678
-0.648892 -0.13957 0.747971 81.2875 0.0223709 0.979108 0.202108 -40.3368 -0.760552 0.147879 -0.632213 54.4724
-0.0965912 0.115429 0.988609 94.3195 -0.205641 -0.974137 0.0936467 -43.3651 0.973849 -0.194254 0.11783 85.7363
-0.650451 -0.124323 0.749305 86.9825 0.092922 0.966079 0.240952 -38.2145 -0.753843 0.226355 -0.616834 52.6186
-0.0609606 0.124501 0.990346 101.048 -0.274304 -0.956078 0.103308 -43.4033 0.959709 -0.265358 0.0924342 84.2156
-0.61037 -0.117176 0.783402 95.0307 0.180955 0.94222 0.281919 -34.976 -0.77117 0.313836 -0.553899 51.2774
-0.0773384 0.120193 0.989734 108.31 -0.364082 -0.927554 0.0841919 -43.1523 0.928151 -0.353833 0.115495 81.7541
-0.654102 -0.0861074 0.75149 100.903 0.233801 0.921834 0.309127 -32.7076 -0.719367 0.3779 -0.582842 50.3632
-0.0566532 0.112985 0.991981 115 -0.414282 -0.906661 0.0796069 -42.3697 0.908384 -0.40645 0.0981727 79.7124
-0.655569 -0.11403 0.746477 107.484 0.252205 0.898707 0.358774 -30.4188 -0.711774 0.423466 -0.560406 48.5798
-0.0383305 0.107874 0.993426 121.809 -0.460095 -0.884412 0.0782842 -41.7158 0.887042 -0.45407 0.0835322 77.3682
-0.648824 -0.0917546 0.755387 114.053 0.321424 0.866747 0.381362 -27.1718 -0.689721 0.490236 -0.532874 47.1888
0.0356431 0.0565578 0.997763 130.973 -0.508742 -0.858322 0.0668273 -40.129 0.860181 -0.509986 -0.00182012 73.7667
-0.703061 -0.057049 0.708839 121.16 0.358182 0.832698 0.422279 -23.9504 -0.614339 0.550781 -0.565003 45.7405
-0.0537847 0.0444894 0.997562 135.102 -0.571263 -0.820747 0.00580325 -39.7468 0.819003 -0.569558 0.0695585 71.9648
-0.694247 -0.0450148 0.718329 125.44 0.41336 0.792091 0.44914 -21.2846 -0.589199 0.608742 -0.531299 45.0204
-0.0273791 0.0414285 0.998767 140.138 -0.614945 -0.788412 0.0158454 -38.656 0.788095 -0.613752 0.047062 70.4474
-0.585775 -0.0576835 0.808419 135.057 0.467378 0.790862 0.39509 -19.4596 -0.662137 0.609271 -0.436307 42.9023
-0.106516 0.0521753 0.992942 147.215 -0.593443 -0.804592 -0.0213829 -36.6807 0.797797 -0.591532 0.116665 69.5654
-0.567614 -0.058076 0.821244 142.815 0.454099 0.809971 0.371135 -18.3437 -0.686738 0.583588 -0.433379 41.5194
-0.0850785 0.00958308 0.996329 155.489 -0.580213 -0.813396 -0.0417222 -35.6007 0.810009 -0.581633 0.0747623 67.9533
-0.559752 -0.0280736 0.828185 150.838 0.482799 0.801226 0.353473 -16.0969 -0.673486 0.597704 -0.434934 39.4515
-0.182331 0.0195733 0.983043 160.413 -0.612253 -0.784574 -0.0979369 -35.8561 0.769352 -0.619727 0.155035 66.8756
-0.55087 -0.0531114 0.8329 156.011 0.515216 0.763472 0.389442 -14.4514 -0.656579 0.643655 -0.39321 39.1232
-0.23925 0.0317446 0.970439 163.329 -0.648445 -0.749131 -0.135361 -36.1069 0.722688 -0.661662 0.199814 65.9365
-0.591215 -0.0526083 0.804797 157.318 0.515053 0.743259 0.42695 -14.1551 -0.620634 0.666932 -0.41233 39.0983
-0.323527 0.0749948 0.943243 161.818 -0.672798 -0.719174 -0.173586 -36.8387 0.665337 -0.690772 0.283128 64.9785
-0.601121 -0.0959589 0.793377 156.918 0.528941 0.69642 0.484996 -13.4495 -0.599062 0.711191 -0.367875 39.6888
-0.337043 0.101061 0.93605 162.302 -0.703524 -0.687743 -0.179065 -37.5091 0.625665 -0.718886 0.302897 65.1859
-0.506092 -0.104726 0.856098 160.614 0.58112 0.692061 0.428195 -13.8244 -0.637315 0.714202 -0.289388 40.2857
-0.362025 -0.0284443 0.931735 164.601 -0.650454 -0.708265 -0.274356 -37.0699 0.667718 -0.705374 0.237907 65.2235
-0.522317 -0.0481734 0.85139 163.015 0.597117 0.692123 0.405485 -13.5743 -0.608799 0.720171 -0.332742 40.8615
-0.394421 0.0606118 0.916929 166.336 -0.680717 -0.689567 -0.247231 -36.7609 0.617298 -0.721682 0.313239 65.0013
-0.601238 -0.115826 0.790632 162.071 0.536181 0.675144 0.506647 -13.5348 -0.592472 0.728537 -0.343819 41.2035
-0.44444 0.106091 0.889505 164.294 -0.702652 -0.657205 -0.272695 -37.483 0.555656 -0.746209 0.366633 64.24
-0.576622 -0.0692928 0.814068 161.346 0.58769 0.657001 0.472197 -13.9543 -0.567563 0.750699 -0.338119 41.8099
-0.290336 0.11599 0.94987 168.152 -0.740882 -0.655483 -0.146416 -36.3653 0.60564 -0.746251 0.276244 64.0572
-0.520486 -0.021276 0.853606 166.355 0.638092 0.654597 0.405392 -11.9394 -0.567392 0.755679 -0.327132 41.3032
-0.317417 0.0610843 0.946317 171.547 -0.73859 -0.64181 -0.206312 -36.6021 0.594753 -0.764427 0.248837 63.8881
