1 0 0 0 0 1 0 0 0 0 1 0
0.999996 0.00276357 -0.000299811 -0.0233367 -0.0027633 0.999996 0.000915216 -0.0228911 0.000302339 -0.000914384 1 0.758456
0.99999 0.00450035 -0.000185149 -0.00996287 -0.00450006 0.999989 0.00153274 -0.0307086 0.000192045 -0.00153189 0.999999 1.52756
0.999988 0.00485635 0.00067106 -0.0224853 -0.00485757 0.999986 0.00182755 -0.075148 -0.000662176 -0.00183078 0.999998 2.2967
0.999975 0.00697915 0.000864778 -0.02747 -0.00698035 0.999975 0.0013916 -0.091487 -0.000855044 -0.00139761 0.999999 3.036
0.999976 0.00685766 0.000353939 -0.0404444 -0.00685814 0.999976 0.00135758 -0.102488 -0.00034462 -0.00135997 0.999999 3.76071
0.999975 0.00694908 0.0013018 -0.0366672 -0.0069519 0.999973 0.00217488 -0.118394 -0.00128666 -0.00218388 0.999997 4.47141
0.999973 0.00725447 0.0010517 -0.0353912 -0.00725884 0.999965 0.00421299 -0.128139 -0.0010211 -0.00422051 0.999991 5.16387
0.999978 0.00613545 0.00249656 -0.0364889 -0.00615477 0.99995 0.00780793 -0.131 -0.00244854 -0.00782312 0.999966 5.83513
0.999977 0.00599834 0.00326008 -0.0368919 -0.00603379 0.999921 0.0109786 -0.136745 -0.00319397 -0.010998 0.999934 6.49156
0.999977 0.0051312 0.00433677 -0.034629 -0.00518641 0.999904 0.0128173 -0.145902 -0.00427058 -0.0128395 0.999908 7.11918
0.99997 0.00491668 0.00592957 -0.0359211 -0.00499143 0.999907 0.0126586 -0.153434 -0.00586679 -0.0126878 0.999902 7.71136
0.999964 0.0056903 0.00634612 -0.0464368 -0.00576206 0.999919 0.0113474 -0.161415 -0.00628104 -0.0113836 0.999915 8.28028
0.999959 0.00532542 0.00736372 -0.0425796 -0.00539095 0.999946 0.00890793 -0.166232 -0.00731589 -0.00894726 0.999933 8.81772
0.999955 0.0041951 0.00850012 -0.0343937 -0.00426372 0.999958 0.00807169 -0.161883 -0.0084659 -0.00810757 0.999931 9.3296
0.999945 0.00104401 0.010417 -0.0225806 -0.001109 0.99998 0.00623534 -0.169225 -0.0104103 -0.00624655 0.999926 9.81381
0.999922 -0.000932893 0.0124808 -0.0161397 0.000859264 0.999982 0.00590352 -0.182221 -0.0124861 -0.00589234 0.999905 10.2706
0.999891 0.00294245 0.0144437 -0.0170618 -0.00299911 0.999988 0.00390274 -0.179733 -0.014432 -0.00394563 0.999888 10.6958
0.999833 0.00571922 0.0173394 -0.0206024 -0.00577872 0.999977 0.00338373 -0.188177 -0.0173197 -0.00348337 0.999844 11.0963
0.99977 0.00680207 0.020325 -0.0193394 -0.00688254 0.999969 0.00389162 -0.190798 -0.0202979 -0.00403062 0.999786 11.4627
0.999716 0.00268008 0.0236636 -0.0035343 -0.00279308 0.999985 0.00474353 -0.195117 -0.0236506 -0.00480827 0.999709 11.7977
0.99965 -0.00155716 0.0264131 0.00274564 0.00143215 0.999988 0.00475125 -0.203935 -0.0264201 -0.00471176 0.99964 12.1034
0.999577 -0.00449629 0.0287146 0.0134726 0.00433305 0.999974 0.00574483 -0.201189 -0.0287397 -0.00561798 0.999571 12.3704
0.999518 -0.00551884 0.0305594 0.0242037 0.00531985 0.999964 0.00658932 -0.206112 -0.0305946 -0.00642357 0.999511 12.614
0.999445 -0.00433256 0.033036 0.0317316 0.00413712 0.999973 0.00598187 -0.214863 -0.033061 -0.00584188 0.999436 12.8297
0.999371 -0.00318331 0.0353294 0.0326816 0.00298634 0.99998 0.00562682 -0.21612 -0.0353466 -0.00551777 0.99936 13.0164
0.999276 -0.0017176 0.0379949 0.0341528 0.00152881 0.999986 0.0049974 -0.216167 -0.0380029 -0.00493569 0.999265 13.1997
0.999212 0.00038517 0.0396976 0.0420736 -0.000557825 0.99999 0.0043383 -0.218456 -0.0396956 -0.00435702 0.999202 13.3714
0.999189 0.00116344 0.0402569 0.0427334 -0.00129465 0.999994 0.00323329 -0.223058 -0.0402529 -0.00328279 0.999184 13.534
0.999098 0.00104792 0.0424509 0.0467823 -0.00114616 0.999996 0.0022899 -0.224834 -0.0424484 -0.00233649 0.999096 13.6909
0.999039 -5.13546e-05 0.0438199 0.0607734 -1.81409e-05 0.999999 0.00158557 -0.223302 -0.0438199 -0.00158484 0.999038 13.8383
0.998963 -0.000865704 0.0455173 0.0631688 0.000836028 0.999999 0.00067103 -0.231822 -0.0455178 -0.000632279 0.998963 13.9855
0.998912 -0.000454784 0.0466299 0.0742264 0.000455349 1 -1.46204e-06 -0.230559 -0.0466299 2.26956e-05 0.998912 14.1239
0.998844 0.000276508 0.0480745 0.0816397 -0.000189406 0.999998 -0.00181631 -0.227611 -0.0480749 0.00180511 0.998842 14.2527
0.998795 0.0010938 0.0490571 0.085264 -0.000916914 0.999993 -0.00362814 -0.222954 -0.0490607 0.00357879 0.998789 14.3865
0.998756 0.000245749 0.0498641 0.0953028 1.41596e-05 0.999986 -0.00521189 -0.224516 -0.0498647 0.00520611 0.998742 14.5176
0.99877 -0.000364671 0.0495766 0.103076 0.000697144 0.999977 -0.00668909 -0.225735 -0.049573 0.00671543 0.998748 14.65
0.998858 -0.000338224 0.0477815 0.108168 0.000688025 0.999973 -0.00730455 -0.232187 -0.0477777 0.00732908 0.998831 14.7842
0.999002 -0.000452733 0.0446565 0.104206 0.000816272 0.999967 -0.00812286 -0.232878 -0.0446513 0.00815121 0.998969 14.9103
0.99916 0.000148262 0.0409863 0.106469 0.000217515 0.99996 -0.00891975 -0.229145 -0.040986 0.00892117 0.99912 15.0432
0.999373 0.000142989 0.0354002 0.100042 0.000200124 0.999953 -0.00968861 -0.23102 -0.0354 0.00968962 0.999326 15.1792
0.999585 1.93883e-05 0.0287931 0.098711 0.00027162 0.999949 -0.0101029 -0.225814 -0.0287918 0.0101065 0.999534 15.3086
0.99977 -0.000155875 0.0214433 0.0844907 0.000374268 0.999948 -0.010181 -0.225727 -0.0214406 0.0101867 0.999718 15.4523
0.999908 -0.00064069 0.0135199 0.0731826 0.000789179 0.999939 -0.0109805 -0.21502 -0.013512 0.0109901 0.999848 15.5917
0.999992 -0.00108637 0.00367813 0.0678351 0.00113109 0.999925 -0.012177 -0.202428 -0.00366461 0.0121811 0.999919 15.7368
0.999955 -0.00267474 -0.00910056 0.0580595 0.00255328 0.999908 -0.0133323 -0.199667 0.0091354 0.0133084 0.99987 15.8876
0.999682 -0.00373581 -0.0249158 0.0443251 0.00336352 0.999882 -0.0149671 -0.204581 0.0249688 0.0148785 0.999577 16.0458
0.999011 -0.00325964 -0.0443401 0.0130957 0.00257452 0.999877 -0.0154998 -0.207362 0.0443852 0.0153703 0.998896 16.2251
0.99784 -0.0024787 -0.0656403 -0.011709 0.0014918 0.999885 -0.0150798 -0.216697 0.0656702 0.0149493 0.997729 16.4137
0.996016 -0.00255094 -0.0891408 -0.046429 0.00124141 0.999891 -0.014743 -0.222925 0.0891687 0.0145736 0.99591 16.6177
0.993272 -0.00159736 -0.115794 -0.0887314 -5.85594e-05 0.999898 -0.0142957 -0.238822 0.115805 0.0142063 0.99317 16.8667
0.989351 -0.00132224 -0.14554 -0.145712 -0.000633298 0.99991 -0.0133892 -0.23806 0.145545 0.0133388 0.989262 17.1116
0.983878 -0.00157906 -0.178835 -0.212074 -0.000419489 0.999938 -0.011137 -0.252864 0.178842 0.0110324 0.983816 17.3768
0.976518 -0.00123193 -0.215431 -0.289959 -0.00053716 0.999967 -0.0081531 -0.250324 0.215434 0.00807737 0.976485 17.6382
0.967035 -0.000521784 -0.254641 -0.380081 -0.000691304 0.999989 -0.00467441 -0.250414 0.25464 0.00469636 0.967024 17.9016
0.955233 0.002789 -0.295842 -0.502299 -0.00324764 0.999994 -0.00105891 -0.251939 0.295837 0.0019723 0.955236 18.1908
0.941322 0.00581664 -0.33746 -0.636713 -0.00567153 0.999983 0.00141589 -0.259245 0.337462 0.00058111 0.941339 18.4805
0.924905 0.00758205 -0.380123 -0.787047 -0.00594642 0.999967 0.00547698 -0.261143 0.380152 -0.00280531 0.92492 18.7634
0.905872 0.0101004 -0.42343 -0.963401 -0.00598329 0.999921 0.0110515 -0.264922 0.423508 -0.00747771 0.905861 19.0679
0.884191 0.0125267 -0.466957 -1.15696 -0.00618275 0.999867 0.0151156 -0.268816 0.467084 -0.010478 0.884151 19.3606
0.859854 0.0157411 -0.510297 -1.36653 -0.00771283 0.999811 0.017845 -0.273302 0.510481 -0.0114083 0.859813 19.6443
0.832417 0.0186844 -0.553835 -1.60075 -0.00908715 0.999757 0.0200703 -0.276401 0.554075 -0.011674 0.832385 19.9509
0.802035 0.0210588 -0.596906 -1.85799 -0.0113285 0.999735 0.0200491 -0.274747 0.59717 -0.00931804 0.80206 20.2377
0.76881 0.0233356 -0.639052 -2.14542 -0.0123072 0.999689 0.0216984 -0.274088 0.639359 -0.008817 0.768857 20.5316
0.732256 0.0256079 -0.680548 -2.4541 -0.0134529 0.999642 0.0231398 -0.27545 0.680897 -0.00778891 0.732338 20.8152
0.693796 0.025632 -0.719715 -2.76621 -0.0114614 0.999633 0.0245524 -0.271546 0.72008 -0.00878546 0.693835 21.0871
0.653144 0.0253379 -0.75681 -3.12665 -0.0101374 0.999643 0.0247191 -0.272344 0.757166 -0.00847308 0.653168 21.3637
0.610895 0.0242649 -0.791339 -3.50776 -0.00656042 0.999651 0.0255879 -0.260267 0.791684 -0.01044 0.610841 21.6348
0.567044 0.0242899 -0.82333 -3.90108 -0.00275727 0.999616 0.0275917 -0.24232 0.823683 -0.0133755 0.566893 21.8857
0.520295 0.0247719 -0.853628 -4.34216 -0.00204822 0.999613 0.0277599 -0.227295 0.853984 -0.0126949 0.520144 22.1319
0.4713 0.0235156 -0.881659 -4.79064 -0.000910151 0.999657 0.0261763 -0.20637 0.881972 -0.0115344 0.47116 22.3281
0.419197 0.0225025 -0.907617 -5.28154 0.00204361 0.999667 0.0257285 -0.202378 0.907893 -0.0126401 0.419011 22.5421
0.365598 0.0213412 -0.930528 -5.7907 0.00653399 0.999654 0.0254937 -0.18701 0.93075 -0.0154005 0.365332 22.7305
0.312395 0.02095 -0.949721 -6.32176 0.00743274 0.999672 0.0244968 -0.195802 0.949923 -0.0147117 0.312137 22.8857
0.258694 0.0243799 -0.965652 -6.89028 0.00710608 0.999607 0.0271409 -0.164896 0.965933 -0.0138832 0.258419 23.0133
0.207326 0.0284909 -0.977857 -7.46943 0.00848044 0.999486 0.0309191 -0.14911 0.978235 -0.014703 0.206978 23.104
0.159428 0.0309658 -0.986724 -8.0659 0.0127485 0.99936 0.0334222 -0.129453 0.987127 -0.0179077 0.158932 23.1956
0.11443 0.0316737 -0.992926 -8.69537 0.014648 0.999329 0.0335661 -0.109579 0.993323 -0.0183853 0.113889 23.2592
0.074734 0.0302505 -0.996745 -9.34186 0.0151977 0.999389 0.0314702 -0.0757428 0.997088 -0.0175001 0.0742287 23.2843
0.0384003 0.0267822 -0.998904 -10.0073 0.0112856 0.999566 0.0272338 -0.0627312 0.999199 -0.0123191 0.0380814 23.2961
0.010251 0.0260755 -0.999608 -10.6923 0.00937653 0.999614 0.0261718 -0.0327421 0.999904 -0.00964112 0.0100026 23.2768
-0.0116016 0.0299228 -0.999485 -11.42 0.00894595 0.999516 0.0298198 0.00958256 0.999893 -0.00859538 -0.0118635 23.2526
-0.0253227 0.0350294 -0.999066 -12.1721 0.0100061 0.999345 0.0347856 0.0366253 0.999629 -0.00911586 -0.0256565 23.2223
-0.0334025 0.0376851 -0.998731 -12.9398 0.0118201 0.999234 0.0373088 0.0747645 0.999372 -0.0105589 -0.0338222 23.1888
-0.0380949 0.0361207 -0.998621 -13.7258 0.0122773 0.999288 0.0356764 0.114563 0.999199 -0.0109013 -0.0385111 23.1672
-0.0377025 0.0324625 -0.998762 -14.5345 0.0192175 0.999311 0.0317549 0.172093 0.999104 -0.0179965 -0.0383002 23.1301
-0.0341976 0.0322929 -0.998893 -15.3524 0.0333763 0.998958 0.0311523 0.212678 0.998858 -0.032274 -0.0352396 23.1253
-0.0285493 0.0324355 -0.999066 -16.2161 0.0360768 0.998856 0.0313978 0.272744 0.998941 -0.0351467 -0.0296867 23.1067
-0.0243688 0.0316427 -0.999202 -17.0881 0.0353953 0.9989 0.0307699 0.322863 0.999076 -0.0346173 -0.0254618 23.0735
-0.0208561 0.0277286 -0.999398 -17.9842 0.0393315 0.998865 0.026893 0.332172 0.999008 -0.038747 -0.0219229 23.0664
-0.0202744 0.0167565 -0.999654 -18.9029 0.0375121 0.999169 0.0159875 0.35141 0.99909 -0.037175 -0.0208859 23.0348
-0.020178 0.00882664 -0.999758 -19.8432 0.030447 0.999503 0.00820987 0.374096 0.999333 -0.030274 -0.0204366 22.9904
-0.0214665 0.00674903 -0.999747 -20.8173 0.0262844 0.999636 0.0061839 0.404377 0.999424 -0.026145 -0.021636 22.9434
-0.0259815 0.0133283 -0.999574 -21.8144 0.018486 0.999747 0.0128501 0.434314 0.999491 -0.0181443 -0.0262212 22.8783
-0.0306129 0.0217181 -0.999296 -22.8598 0.0135148 0.999682 0.0213125 0.444499 0.99944 -0.0128529 -0.0308965 22.8254
-0.0362209 0.0319366 -0.998834 -23.8921 0.0122517 0.999429 0.0315114 0.479929 0.999269 -0.0110961 -0.0365914 22.7767
-0.0388552 0.0402464 -0.998434 -24.9443 0.00980395 0.999156 0.039894 0.475914 0.999197 -0.00823851 -0.0392169 22.7233
-0.0390443 0.0454278 -0.998205 -26.0453 0.0117578 0.998918 0.0450003 0.505432 0.999168 -0.00997972 -0.039536 22.6722
-0.0409692 0.0480536 -0.998004 -27.1285 0.0124054 0.998791 0.0475822 0.551867 0.999083 -0.0104312 -0.0415156 22.6247
-0.0418857 0.044967 -0.99811 -28.1908 0.011225 0.998945 0.0445335 0.596708 0.999059 -0.00933843 -0.0423461 22.5872
-0.0453947 0.0404656 -0.99815 -29.2549 0.00613955 0.999172 0.0402278 0.637128 0.99895 -0.00430207 -0.0456054 22.5362
-0.049656 0.0359313 -0.99812 -30.3133 0.00499502 0.99935 0.0357271 0.658571 0.998754 -0.00321158 -0.049803 22.4842
-0.055223 0.0325021 -0.997945 -31.3841 0.00729652 0.999457 0.0321476 0.679156 0.998447 -0.00550625 -0.05543 22.4311
-0.0624712 0.0302056 -0.99759 -32.4503 0.00538041 0.999538 0.0299277 0.685589 0.998032 -0.00349784 -0.0626046 22.3635
-0.0682581 0.0333763 -0.99711 -33.5473 0.0070892 0.999432 0.0329687 0.704141 0.997642 -0.00481834 -0.0684557 22.2917
-0.0751134 0.0373373 -0.996476 -34.6507 0.00558304 0.999299 0.0370223 0.753758 0.997159 -0.00278251 -0.075269 22.2121
-0.0815355 0.0401287 -0.995862 -35.7421 0.00432755 0.999194 0.0399086 0.780857 0.996661 -0.00105569 -0.0816432 22.1231
-0.0856057 0.041446 -0.995467 -36.8184 0.00163732 0.999139 0.0414581 0.801291 0.996328 0.00191913 -0.0855997 22.0219
-0.0896661 0.0428311 -0.995051 -37.8949 -0.001661 0.999068 0.0431537 0.833422 0.99597 0.00552219 -0.0895111 21.9155
-0.0909488 0.0441314 -0.994878 -38.9832 -0.00462691 0.998989 0.0447367 0.867393 0.995845 0.00867194 -0.0906524 21.801
-0.0937664 0.0434648 -0.994645 -40.0758 -0.0060853 0.999003 0.0442289 0.911827 0.995575 0.0101999 -0.0934083 21.6894
-0.0952544 0.0429184 -0.994528 -41.156 -0.00661373 0.999021 0.0437457 0.952119 0.995431 0.0107445 -0.0948771 21.59
-0.0959544 0.0430814 -0.994453 -42.2394 -0.00664468 0.999013 0.0439201 0.982077 0.995363 0.0108221 -0.0955732 21.483
-0.097306 0.0423326 -0.994354 -43.3281 -0.00837116 0.999025 0.0433507 1.00396 0.995219 0.0125421 -0.0968566 21.3693
-0.0985415 0.0403366 -0.994315 -44.4227 -0.0116715 0.999063 0.0416859 1.04668 0.995064 0.0157129 -0.0979782 21.2452
-0.0984388 0.0363112 -0.994481 -45.5215 -0.0162188 0.999143 0.0380869 1.10245 0.995011 0.0198785 -0.0977653 21.126
-0.097838 0.0360799 -0.994548 -46.5907 -0.017814 0.999119 0.0379982 1.15213 0.995043 0.0214345 -0.0971088 20.9977
-0.0952861 0.0387661 -0.994695 -47.6949 -0.0174337 0.999023 0.0406048 1.18041 0.995297 0.0212102 -0.094517 20.8881
-0.0945916 0.041214 -0.994663 -48.8214 -0.0170002 0.99893 0.0430075 1.22267 0.995371 0.0209776 -0.0937896 20.7796
-0.0918323 0.041728 -0.9949 -49.9247 -0.0158225 0.998935 0.0433577 1.25861 0.995649 0.0197234 -0.091074 20.6587
-0.089467 0.0420054 -0.995104 -51.0128 -0.0160727 0.99892 0.0436115 1.28177 0.99586 0.0198957 -0.088695 20.5523
-0.0850716 0.043127 -0.995441 -52.1167 -0.0191662 0.998807 0.0449108 1.3231 0.99619 0.0228994 -0.0841433 20.4519
-0.079115 0.0436281 -0.995911 -53.234 -0.0239566 0.99867 0.0456521 1.37274 0.996577 0.0274704 -0.0779644 20.3495
-0.074239 0.0434043 -0.996296 -54.3754 -0.0271897 0.998593 0.0455304 1.41738 0.99687 0.0304691 -0.0729542 20.2548
-0.0674797 0.043147 -0.996788 -55.5088 -0.0283558 0.998578 0.0451441 1.46644 0.997317 0.031311 -0.0661601 20.1592
-0.0633377 0.0425102 -0.997087 -56.6519 -0.0276405 0.998635 0.044332 1.50833 0.997609 0.0303678 -0.062076 20.0801
-0.0588058 0.0421415 -0.99738 -57.8082 -0.025254 0.998726 0.0436874 1.55011 0.99795 0.0277569 -0.0576664 20.0088
-0.0534352 0.0429561 -0.997647 -58.9626 -0.0238699 0.998734 0.0442814 1.59392 0.998286 0.0261799 -0.052342 19.9403
-0.0486962 0.0444422 -0.997825 -60.1234 -0.0220147 0.998719 0.0455564 1.62668 0.998571 0.0241852 -0.0476553 19.8868
-0.0438657 0.0450872 -0.99802 -61.2845 -0.0229388 0.998673 0.0461249 1.6731 0.998774 0.0249166 -0.042773 19.8176
-0.0391596 0.045213 -0.99821 -62.4506 -0.0210289 0.998718 0.0460609 1.71919 0.999012 0.0227949 -0.0381584 19.7545
-0.0356152 0.0414126 -0.998507 -63.6133 -0.0208614 0.998893 0.0421727 1.7643 0.999148 0.0223322 -0.0347116 19.7034
-0.0313868 0.0376689 -0.998797 -64.7674 -0.0199239 0.999068 0.0383052 1.80254 0.999309 0.0211022 -0.0306068 19.6487
-0.0292162 0.0366305 -0.998902 -65.9247 -0.0192754 0.999122 0.0372023 1.85887 0.999387 0.0203411 -0.0284843 19.6038
-0.026347 0.0385348 -0.99891 -67.0948 -0.0183701 0.99907 0.0390255 1.90511 0.999484 0.0193782 -0.0256144 19.5726
-0.0241495 0.0386599 -0.998961 -68.2742 -0.0186787 0.99906 0.0391153 1.93384 0.999534 0.0196039 -0.0234045 19.5382
-0.0244954 0.0378792 -0.998982 -69.4528 -0.0202142 0.999059 0.0383778 1.97836 0.999496 0.0211337 -0.0237065 19.5152
-0.023645 0.0387328 -0.99897 -70.6333 -0.0211679 0.999006 0.0392352 2.01749 0.999496 0.0220738 -0.0228014 19.4799
-0.0244147 0.0393717 -0.998927 -71.8245 -0.0218012 0.998966 0.0399061 2.04388 0.999464 0.022752 -0.0235309 19.4402
-0.0232957 0.0382166 -0.998998 -73.0048 -0.0226736 0.998992 0.038745 2.0747 0.999471 0.0235534 -0.0224056 19.4051
-0.0214132 0.0368673 -0.999091 -74.1774 -0.0213319 0.999076 0.0373239 2.1096 0.999543 0.0221117 -0.0206067 19.3687
-0.0227364 0.0372216 -0.999049 -75.3746 -0.0179558 0.99913 0.0376333 2.1374 0.99958 0.0187943 -0.0220481 19.3394
-0.022864 0.0375971 -0.999032 -76.5724 -0.0133839 0.999192 0.0379094 2.18145 0.999649 0.0142377 -0.0223422 19.3013
-0.0226812 0.0396436 -0.998957 -77.7553 -0.0137284 0.999107 0.0399613 2.22026 0.999648 0.0146204 -0.0221165 19.2678
-0.0228642 0.042144 -0.99885 -78.9525 -0.0153723 0.998978 0.0425013 2.25348 0.99962 0.0163263 -0.0221928 19.232
-0.0219486 0.0422259 -0.998867 -80.1363 -0.0167679 0.998952 0.042598 2.29602 0.999618 0.0176838 -0.0212173 19.1964
-0.0228603 0.0410511 -0.998896 -81.3108 -0.0191088 0.998956 0.0414909 2.33313 0.999556 0.0200362 -0.0220519 19.1626
-0.0224607 0.0394953 -0.998968 -82.4987 -0.0187779 0.999026 0.0399198 2.3742 0.999571 0.0196551 -0.021697 19.1285
-0.0214501 0.0393479 -0.998996 -83.6556 -0.0170933 0.999065 0.0397177 2.40629 0.999624 0.017928 -0.0207573 19.1014
-0.0224095 0.0415932 -0.998884 -84.8357 -0.0135838 0.999029 0.041904 2.41483 0.999656 0.0145076 -0.0218226 19.0779
-0.021942 0.0435686 -0.99881 -86.003 -0.013247 0.99895 0.0438658 2.45763 0.999671 0.0141937 -0.0213416 19.0354
-0.0206999 0.0448456 -0.99878 -87.1776 -0.0136892 0.998887 0.0451341 2.50092 0.999692 0.0146067 -0.0200628 19.0068
-0.0209826 0.0430271 -0.998854 -88.3713 -0.0140436 0.998962 0.0433268 2.55237 0.999681 0.0149366 -0.0203564 18.9894
-0.0202614 0.0414867 -0.998934 -89.5241 -0.0128156 0.999046 0.0417513 2.59107 0.999712 0.0136478 -0.0197102 18.959
-0.0211297 0.0404251 -0.99896 -90.7076 -0.0116465 0.999104 0.0406774 2.6259 0.999709 0.0124939 -0.0206398 18.9341
-0.0213772 0.041744 -0.9989 -91.8681 -0.00890398 0.99908 0.0419421 2.65752 0.999732 0.00979075 -0.0209856 18.919
-0.0201512 0.0437067 -0.998842 -93.0333 -0.00757069 0.999009 0.0438668 2.69828 0.999768 0.00844585 -0.0198002 18.8969
-0.02149 0.0438696 -0.998807 -94.2087 -0.00742213 0.999002 0.044038 2.74021 0.999741 0.0083596 -0.0211427 18.8684
-0.0212264 0.0456372 -0.998733 -95.3901 -0.00837828 0.998914 0.0458236 2.78044 0.999739 0.00934029 -0.0208208 18.8342
-0.0201375 0.0456401 -0.998755 -96.5295 -0.010216 0.998896 0.0458525 2.81126 0.999745 0.0111266 -0.0196489 18.804
-0.0210478 0.0456826 -0.998735 -97.6979 -0.0120401 0.998871 0.0459426 2.85634 0.999706 0.0129918 -0.0204739 18.7719
-0.0195499 0.0431383 -0.998878 -98.8682 -0.014565 0.99895 0.0434265 2.89309 0.999703 0.0153976 -0.0189009 18.7384
-0.0205502 0.0416511 -0.998921 -100.04 -0.0155799 0.998997 0.0419748 2.93273 0.999667 0.0164256 -0.0198805 18.7034
-0.0211533 0.0403308 -0.998963 -101.19 -0.0144766 0.999069 0.0406416 2.96448 0.999671 0.0153213 -0.0205495 18.6776
-0.0207698 0.0410743 -0.998941 -102.348 -0.0138408 0.999048 0.0413665 2.99914 0.999688 0.0146853 -0.0201814 18.6529
-0.0225855 0.0426356 -0.998836 -103.525 -0.0131697 0.998991 0.04294 3.02752 0.999658 0.0141241 -0.022001 18.622
-0.0212553 0.0447024 -0.998775 -104.699 -0.0121771 0.998914 0.0449678 3.06935 0.9997 0.0131179 -0.0206877 18.5984
-0.0234189 0.0449431 -0.998715 -105.885 -0.0164125 0.998837 0.0453335 3.10132 0.999591 0.017453 -0.0226539 18.5659
-0.0245126 0.0454405 -0.998667 -107.059 -0.0203489 0.998737 0.0459432 3.14397 0.999492 0.0214479 -0.0235568 18.522
-0.0240781 0.0443684 -0.998725 -108.243 -0.0226958 0.998733 0.0449159 3.18893 0.999452 0.0237483 -0.0230404 18.4818
-0.025894 0.0413159 -0.998811 -109.43 -0.0234005 0.998847 0.041924 3.21927 0.999391 0.0244582 -0.0248971 18.4355
-0.0268665 0.0381096 -0.998913 -110.624 -0.0239511 0.998962 0.0387557 3.24984 0.999352 0.0249662 -0.0259257 18.3898
-0.0267485 0.036835 -0.998964 -111.823 -0.0204452 0.999092 0.0373872 3.2883 0.999433 0.0214241 -0.0259709 18.3558
-0.0306417 0.0358819 -0.998887 -113.036 -0.0155853 0.999217 0.0363719 3.31615 0.999409 0.0166824 -0.0300583 18.3201
-0.0312723 0.0374769 -0.998808 -114.257 -0.0156279 0.999156 0.0379792 3.34909 0.999389 0.0167969 -0.03066 18.2791
-0.0355254 0.040776 -0.998537 -115.469 -0.0148058 0.999036 0.0413231 3.39153 0.999259 0.0162521 -0.0348872 18.2347
-0.0372463 0.0420077 -0.998423 -116.696 -0.0131388 0.999009 0.0425225 3.44283 0.99922 0.0147019 -0.0366572 18.1942
-0.0373181 0.0390357 -0.998541 -117.936 -0.014536 0.99911 0.0396011 3.47561 0.999198 0.0159926 -0.0367173 18.1379
-0.0393538 0.0362062 -0.998569 -119.167 -0.0156028 0.999199 0.0368439 3.51192 0.999103 0.0170304 -0.0387571 18.0694
-0.0396285 0.0348022 -0.998609 -120.396 -0.0142539 0.999272 0.035391 3.52748 0.999113 0.0156365 -0.0391034 18.022
-0.040878 0.0355916 -0.99853 -121.646 -0.0171783 0.999193 0.0363185 3.55357 0.999016 0.0186377 -0.0402334 17.9555
-0.0412347 0.0381612 -0.998421 -122.915 -0.0218328 0.998997 0.0390849 3.59971 0.998911 0.02341 -0.04036 17.8832
-0.0407182 0.0409118 -0.998333 -124.184 -0.0269042 0.998754 0.0420264 3.63388 0.998808 0.0285705 -0.0395666 17.8172
-0.0419611 0.0405122 -0.998298 -125.443 -0.0333989 0.998562 0.0419268 3.6755 0.998561 0.0351013 -0.0405475 17.7415
-0.0417112 0.0388198 -0.998376 -126.713 -0.0376878 0.998473 0.0403981 3.71918 0.998419 0.0393116 -0.0401842 17.6679
-0.0426678 0.0371648 -0.998398 -127.987 -0.0387494 0.998494 0.0388244 3.75244 0.998338 0.0403439 -0.0411632 17.6086
-0.0448709 0.0362304 -0.998336 -129.248 -0.0383996 0.998541 0.0379637 3.80197 0.998254 0.0400392 -0.043414 17.5417
-0.0447137 0.0354217 -0.998372 -130.523 -0.036285 0.998654 0.0370568 3.82101 0.998341 0.0378828 -0.043368 17.4753
-0.0469759 0.0358747 -0.998252 -131.804 -0.0371881 0.998599 0.0376371 3.84527 0.998204 0.0388911 -0.0455758 17.4056
-0.0484559 0.0389533 -0.998066 -133.09 -0.036085 0.998518 0.0407228 3.87895 0.998173 0.0379884 -0.0469783 17.3352
-0.0479176 0.0421715 -0.997961 -134.361 -0.0348437 0.99843 0.0438644 3.90337 0.998243 0.0368745 -0.0463728 17.2677
-0.050188 0.0403552 -0.997924 -135.646 -0.0364614 0.998443 0.0422099 3.938 0.998074 0.0385041 -0.0486383 17.1849
-0.0496559 0.0389016 -0.998009 -136.913 -0.0364022 0.998507 0.0407322 3.98182 0.998103 0.0383523 -0.0481655 17.1175
-0.0479909 0.0383441 -0.998112 -138.181 -0.0359444 0.998549 0.0400892 3.99383 0.998201 0.0378003 -0.0465428 17.0465
-0.0484148 0.036909 -0.998145 -139.459 -0.0356338 0.998617 0.0386548 4.02556 0.998192 0.0374391 -0.0470325 16.9729
-0.0467582 0.0382108 -0.998175 -140.731 -0.0356406 0.998568 0.0398954 4.05388 0.99827 0.0374409 -0.0453292 16.9027
-0.0475656 0.0405692 -0.998044 -142.003 -0.0359381 0.998458 0.0422988 4.07809 0.998221 0.0378798 -0.0460341 16.8316
-0.0462538 0.0415759 -0.998064 -143.269 -0.0369963 0.998377 0.0433035 4.10731 0.998244 0.0389276 -0.0446404 16.765
-0.0449899 0.0391302 -0.998221 -144.515 -0.0392804 0.998391 0.0409072 4.15307 0.998215 0.0410509 -0.0433803 16.6965
-0.0462686 0.0358823 -0.998284 -145.757 -0.0389341 0.998531 0.0376957 4.1726 0.99817 0.0406114 -0.0448033 16.6325
-0.0468467 0.0331893 -0.998351 -147.009 -0.0367708 0.998713 0.0349268 4.19309 0.998225 0.0383463 -0.0455658 16.5689
-0.046709 0.0321075 -0.998393 -148.261 -0.0364561 0.998763 0.0338249 4.20625 0.998243 0.0379774 -0.0454805 16.5092
-0.0485553 0.0315868 -0.998321 -149.516 -0.0343278 0.998857 0.0332733 4.22987 0.99823 0.0358857 -0.0474153 16.4497
-0.0479755 0.0306267 -0.998379 -150.767 -0.0325855 0.99895 0.03221 4.23911 0.998317 0.0340779 -0.046927 16.3885
-0.0494542 0.0304492 -0.998312 -152.006 -0.0318175 0.99898 0.0320457 4.26957 0.998269 0.0333485 -0.0484348 16.3136
-0.0505386 0.0320761 -0.998207 -153.242 -0.0310273 0.998951 0.0336709 4.27378 0.99824 0.0326733 -0.0494902 16.2403
-0.0503273 0.0330462 -0.998186 -154.48 -0.0286413 0.998994 0.034517 4.28821 0.998322 0.0303265 -0.04933 16.1709
-0.0515575 0.0316115 -0.99817 -155.684 -0.0269439 0.999091 0.0330323 4.31085 0.998307 0.0285977 -0.0506587 16.1064
-0.0529152 0.0313595 -0.998107 -156.912 -0.0280806 0.999065 0.0328783 4.33174 0.998204 0.0297672 -0.051985 16.0397
-0.0527028 0.0343614 -0.998019 -158.136 -0.0280995 0.998961 0.0358777 4.35199 0.998215 0.0299347 -0.0516824 15.9645
-0.0545965 0.0386656 -0.99776 -159.363 -0.0314262 0.998689 0.0404211 4.38457 0.998014 0.0335626 -0.0533096 15.8638
-0.0531882 0.0381486 -0.997856 -160.58 -0.0355662 0.998564 0.0400714 4.41612 0.997951 0.0376213 -0.0517548 15.781
-0.0536664 0.0341155 -0.997976 -161.769 -0.0382953 0.998611 0.0361965 4.45571 0.997824 0.0401603 -0.0522852 15.6948
-0.0529996 0.0290021 -0.998174 -162.96 -0.0404974 0.998694 0.0311675 4.46594 0.997773 0.0420753 -0.0517557 15.6122
-0.0515348 0.0271088 -0.998303 -164.143 -0.041704 0.998701 0.0292724 4.49037 0.9978 0.0431417 -0.0503372 15.5314
-0.0521705 0.0252419 -0.998319 -165.326 -0.0373884 0.99893 0.0272112 4.48871 0.997938 0.0387452 -0.0511707 15.4516
-0.0524277 0.0217115 -0.998389 -166.496 -0.0331756 0.999174 0.0234707 4.50916 0.998073 0.0343526 -0.0516639 15.3799
-0.0525945 0.0207606 -0.9984 -167.638 -0.0282933 0.999352 0.0222709 4.51067 0.998215 0.0294193 -0.0519728 15.32
-0.0550608 0.0223761 -0.998233 -168.778 -0.0249832 0.999405 0.0237804 4.53817 0.99817 0.0262483 -0.0544688 15.241
-0.0542306 0.0279893 -0.998136 -169.949 -0.0252441 0.999249 0.0293921 4.55904 0.998209 0.026791 -0.0534831 15.1725
-0.0538584 0.030251 -0.998091 -171.155 -0.0260881 0.999157 0.031691 4.58612 0.998208 0.027745 -0.0530237 15.0991
-0.0527698 0.028356 -0.998204 -172.306 -0.0278921 0.999165 0.0298578 4.58991 0.998217 0.0294176 -0.0519346 15.0226
-0.0517975 0.0283861 -0.998254 -173.444 -0.0291365 0.999128 0.0299227 4.59632 0.998232 0.0306355 -0.050925 14.9567
-0.0519647 0.0296609 -0.998209 -174.566 -0.0286543 0.999103 0.0311792 4.60649 0.998238 0.0302231 -0.051068 14.8993
-0.0517474 0.0285019 -0.998254 -175.702 -0.0289027 0.999131 0.0300252 4.61864 0.998242 0.0304059 -0.0508784 14.8402
-0.0500212 0.0285545 -0.99834 -176.836 -0.0296155 0.999109 0.0300603 4.62659 0.998309 0.0310699 -0.0491308 14.7874
-0.0508651 0.0295209 -0.998269 -177.938 -0.0309947 0.999035 0.0311228 4.64632 0.998224 0.0325241 -0.0499009 14.7231
-0.04898 0.0310295 -0.998318 -179.028 -0.0312295 0.998981 0.0325823 4.66899 0.998311 0.0327728 -0.0479609 14.6715
-0.0498735 0.0315998 -0.998256 -180.094 -0.0322216 0.998928 0.0332309 4.67676 0.998236 0.0338227 -0.0488017 14.6138
-0.0506209 0.0325833 -0.998187 -181.123 -0.0333424 0.998855 0.034296 4.69492 0.998161 0.0350179 -0.0494763 14.5614
-0.0518633 0.0335541 -0.998091 -182.132 -0.0335052 0.998814 0.0353194 4.7091 0.998092 0.035273 -0.0506774 14.5125
-0.053719 0.0332976 -0.998001 -183.132 -0.0335701 0.998819 0.0351318 4.74354 0.997992 0.0353902 -0.0525375 14.4608
-0.0521829 0.0334833 -0.998076 -184.092 -0.0345478 0.998779 0.0353131 4.75563 0.99804 0.036324 -0.0509622 14.397
-0.0517236 0.0342658 -0.998074 -185.052 -0.0344458 0.998755 0.0360743 4.78564 0.998067 0.0362452 -0.0504788 14.3465
-0.0524937 0.0338966 -0.998046 -185.97 -0.0334428 0.998804 0.0356813 4.80651 0.998061 0.0352504 -0.0512971 14.3045
-0.0557284 0.031747 -0.997942 -186.857 -0.0314978 0.998941 0.0335377 4.81211 0.997949 0.0333019 -0.0546693 14.2489
-0.0619944 0.0300509 -0.997624 -187.742 -0.0308041 0.999013 0.032007 4.83881 0.997601 0.0327151 -0.0610073 14.1931
-0.0674082 0.0277489 -0.99734 -188.631 -0.0322132 0.999032 0.0299732 4.85696 0.997205 0.0341479 -0.0664489 14.1286
-0.0709117 0.0276784 -0.997099 -189.515 -0.0332821 0.998993 0.030098 4.86354 0.996927 0.0353198 -0.0699189 14.0638
-0.0761779 0.0296019 -0.996655 -190.417 -0.0351687 0.998857 0.0323554 4.88777 0.996474 0.0375158 -0.0750496 13.9856
-0.077971 0.0314416 -0.99646 -191.321 -0.0346097 0.998815 0.034224 4.90825 0.996355 0.0371556 -0.0767902 13.9157
-0.0812093 0.0333617 -0.996139 -192.224 -0.0315159 0.998854 0.0360219 4.90724 0.996199 0.0343194 -0.0800646 13.8379
-0.0830785 0.0339615 -0.995965 -193.121 -0.0304306 0.998867 0.0365988 4.93244 0.996078 0.0333484 -0.0819507 13.7591
-0.0838518 0.0340897 -0.995895 -194.006 -0.030921 0.998844 0.0367941 4.94715 0.995999 0.0338793 -0.0827006 13.6858
-0.0857895 0.033116 -0.995763 -194.884 -0.0321374 0.998835 0.035987 4.96725 0.995795 0.0350884 -0.0846251 13.593
-0.0861738 0.0331017 -0.99573 -195.754 -0.0352723 0.99872 0.0362537 4.98574 0.995656 0.0382458 -0.0848957 13.5064
-0.0865591 0.0318217 -0.995739 -196.643 -0.0379758 0.998658 0.0352162 5.01233 0.995523 0.0408622 -0.0852343 13.4129
-0.0862824 0.0305618 -0.995802 -197.538 -0.0386031 0.998676 0.0339948 5.03359 0.995523 0.0413741 -0.0849882 13.3353
-0.0860274 0.0290831 -0.995869 -198.415 -0.0383488 0.998736 0.0324796 5.0552 0.995555 0.0409844 -0.0848032 13.2532
-0.0863814 0.0287419 -0.995848 -199.315 -0.0382585 0.998751 0.0321443 5.08229 0.995527 0.0408762 -0.0851737 13.1634
-0.0863591 0.031437 -0.995768 -200.227 -0.0364878 0.998732 0.034695 5.09675 0.995596 0.0393296 -0.0851023 13.075
-0.0860144 0.0326487 -0.995759 -201.138 -0.035562 0.998725 0.0358179 5.11461 0.995659 0.038492 -0.0847436 13.0088
-0.0864479 0.030488 -0.99579 -202.062 -0.0308353 0.998971 0.0332623 5.11193 0.995779 0.0335809 -0.0854186 12.9165
-0.0862708 0.0298985 -0.995823 -202.987 -0.0294534 0.999036 0.0325466 5.12232 0.995836 0.0321382 -0.0853069 12.8352
-0.0871381 0.0300672 -0.995743 -203.932 -0.032856 0.998914 0.0330382 5.1506 0.995654 0.035595 -0.0860554 12.7255
-0.0864224 0.0326356 -0.995724 -204.874 -0.0331947 0.998814 0.035618 5.18507 0.995706 0.0361309 -0.0852364 12.6296
-0.0840446 0.0333173 -0.995905 -205.827 -0.0311313 0.998865 0.0360435 5.20971 0.995976 0.034033 -0.0829119 12.5608
-0.0832064 0.0360122 -0.995882 -206.788 -0.0302347 0.998795 0.0386437 5.22075 0.996074 0.0333256 -0.0820171 12.4635
-0.0811418 0.0391688 -0.995933 -207.761 -0.0303029 0.998668 0.0417452 5.26554 0.996242 0.0335669 -0.0798467 12.3796
-0.0805893 0.0430455 -0.995818 -208.756 -0.0280628 0.998573 0.0454357 5.28122 0.996352 0.031607 -0.0792661 12.2924
-0.080531 0.0438087 -0.995789 -209.742 -0.0278102 0.998546 0.0461791 5.29888 0.996364 0.0314119 -0.0791954 12.2072
-0.077804 0.0443961 -0.99598 -210.741 -0.0299494 0.998453 0.0468459 5.34379 0.996519 0.0334737 -0.0763538 12.1294
-0.0755884 0.0455541 -0.996098 -211.758 -0.0307686 0.998373 0.0479931 5.39665 0.996664 0.0342762 -0.0740637 12.0379
-0.071678 0.0463243 -0.996352 -212.776 -0.031723 0.998309 0.0486975 5.43283 0.996923 0.0350978 -0.0700871 11.9515
-0.0696929 0.0444859 -0.996576 -213.803 -0.0344245 0.998303 0.0469703 5.47318 0.996974 0.0375801 -0.068043 11.8608
-0.0678052 0.0422843 -0.996803 -214.832 -0.0362754 0.998336 0.0448169 5.50709 0.997039 0.0391982 -0.0661583 11.7953
-0.0649495 0.0418378 -0.997012 -215.879 -0.0349716 0.998411 0.0441747 5.53055 0.997276 0.0377361 -0.063383 11.7277
-0.064373 0.0445303 -0.996932 -216.934 -0.0347816 0.998296 0.0468372 5.55897 0.99732 0.0376899 -0.0627143 11.6491
-0.0623371 0.0467752 -0.996959 -217.996 -0.0356653 0.998158 0.0490616 5.60497 0.997418 0.0386152 -0.0605539 11.5832
-0.0622242 0.0477498 -0.99692 -219.067 -0.0359671 0.998098 0.0500512 5.64696 0.997414 0.0389706 -0.0603883 11.5116
-0.0615889 0.0458426 -0.997049 -220.143 -0.0353341 0.998218 0.048079 5.68521 0.997476 0.0381909 -0.0598592 11.4458
-0.0605702 0.0439585 -0.997196 -221.223 -0.0326255 0.998408 0.0459936 5.74299 0.997631 0.0353198 -0.0590395 11.3801
-0.0614631 0.0436478 -0.997155 -222.31 -0.0303322 0.9985 0.0455763 5.77477 0.997648 0.0330471 -0.0600469 11.3121
-0.060596 0.0434523 -0.997217 -223.395 -0.0311165 0.998484 0.0453984 5.82511 0.997677 0.0337808 -0.0591518 11.2377
-0.0612195 0.0435307 -0.997175 -224.505 -0.0302984 0.998507 0.0454489 5.86224 0.997664 0.0329951 -0.059809 11.1701
-0.0618394 0.0440004 -0.997116 -225.596 -0.0318041 0.998433 0.0460309 5.91239 0.997579 0.0345589 -0.060343 11.092
-0.0616277 0.0455646 -0.997059 -226.715 -0.0318131 0.99836 0.0475904 5.95712 0.997592 0.0346524 -0.0600769 11.0176
-0.0638053 0.0475527 -0.996829 -227.831 -0.0316974 0.998263 0.0496501 6.00915 0.997459 0.0347648 -0.062187 10.9452
-0.064315 0.0490127 -0.996726 -228.964 -0.0323874 0.998164 0.0511733 6.05127 0.997404 0.0355725 -0.0626094 10.869
-0.0642116 0.050334 -0.996667 -230.111 -0.0342018 0.998029 0.0526063 6.0985 0.99735 0.0374657 -0.0623633 10.795
-0.067069 0.0495757 -0.996517 -231.259 -0.0347974 0.998041 0.0519936 6.15221 0.997141 0.0381632 -0.0652123 10.6966
-0.067319 0.0464006 -0.996653 -232.413 -0.0335248 0.998248 0.0487394 6.18754 0.997168 0.0366936 -0.0656454 10.6205
-0.0705947 0.0421578 -0.996614 -233.559 -0.0308994 0.998534 0.0444278 6.23595 0.997026 0.0339311 -0.0691884 10.5372
-0.0731583 0.0387625 -0.996567 -234.731 -0.0265528 0.998814 0.0407992 6.27097 0.996967 0.0294464 -0.0720421 10.451
-0.074125 0.0397119 -0.996459 -235.943 -0.0208804 0.998926 0.0413635 6.31893 0.99703 0.0238725 -0.0732161 10.3707
-0.0779014 0.0429952 -0.996034 -237.116 -0.0161952 0.998883 0.0443849 6.35915 0.996829 0.0195886 -0.0771179 10.2733
-0.0807753 0.0458983 -0.995676 -238.312 -0.013738 0.998793 0.0471566 6.39788 0.996638 0.0174877 -0.0800471 10.1705
-0.0815695 0.0463121 -0.995592 -239.527 -0.0133293 0.998779 0.0475525 6.43169 0.996578 0.0171493 -0.0808525 10.0752
-0.0852177 0.0466879 -0.995268 -240.735 -0.0130282 0.998764 0.0479674 6.48886 0.996277 0.0170542 -0.0845039 9.96211
-0.087294 0.0486337 -0.994995 -241.944 -0.0116012 0.99869 0.0498321 6.53936 0.996115 0.0158931 -0.0866153 9.85157
-0.0881325 0.0486947 -0.994918 -243.175 -0.0110934 0.998694 0.0498622 6.58211 0.996047 0.0154315 -0.087477 9.73973
-0.0917699 0.0474368 -0.99465 -244.407 -0.0111249 0.998753 0.0486589 6.63546 0.995718 0.0155307 -0.0911276 9.61534
-0.0923669 0.0475147 -0.994591 -245.646 -0.0120351 0.998734 0.0488303 6.68577 0.995652 0.0164802 -0.0916779 9.4957
-0.0962995 0.0483491 -0.994178 -246.891 -0.0115573 0.998698 0.0496884 6.73985 0.995285 0.0162749 -0.0956151 9.37231
-0.0996631 0.0483946 -0.993844 -248.155 -0.0131498 0.998665 0.049948 6.77794 0.994934 0.0180468 -0.0988935 9.24301
-0.100417 0.0497277 -0.993702 -249.413 -0.014564 0.998569 0.051443 6.82975 0.994839 0.0196379 -0.0995485 9.11207
-0.104443 0.0512683 -0.993209 -250.687 -0.0161109 0.998452 0.0532331 6.88377 0.9944 0.0215613 -0.103455 8.9663
-0.105842 0.0517842 -0.993034 -251.958 -0.0181223 0.998376 0.0539944 6.9118 0.994218 0.0237109 -0.104731 8.82688
-0.105389 0.0521062 -0.993065 -253.225 -0.0205887 0.998298 0.0545657 6.97562 0.994218 0.0261965 -0.104137 8.6818
-0.109089 0.0518432 -0.99268 -254.496 -0.0208339 0.9983 0.0544263 7.03272 0.993813 0.0266187 -0.107824 8.51692
-0.10776 0.0513166 -0.992852 -255.776 -0.0206028 0.998337 0.0538362 7.07756 0.993963 0.0262569 -0.106524 8.37591
-0.108722 0.0503627 -0.992796 -257.045 -0.0192634 0.998421 0.0527576 7.12815 0.993885 0.0248605 -0.10758 8.23638
-0.108799 0.0509294 -0.992759 -258.3 -0.0174903 0.998434 0.0531374 7.18624 0.99391 0.0231449 -0.107738 8.08544
-0.107668 0.0513934 -0.992858 -259.551 -0.01704 0.998421 0.0535292 7.24763 0.994041 0.0226816 -0.106622 7.9534
-0.108284 0.0522141 -0.992748 -260.823 -0.0158339 0.998402 0.0542386 7.31135 0.993994 0.0215922 -0.107284 7.80711
-0.106967 0.0525568 -0.992873 -262.067 -0.0153478 0.998395 0.0545026 7.37146 0.994144 0.0210684 -0.105988 7.67623
-0.108036 0.0532689 -0.992719 -263.336 -0.0129535 0.998403 0.0549836 7.43152 0.994062 0.0187994 -0.107174 7.52784
-0.107905 0.0557456 -0.992598 -264.594 -0.009323 0.998326 0.0570808 7.48968 0.994117 0.0154133 -0.107205 7.39294
-0.10714 0.0579865 -0.992552 -265.831 -0.00677489 0.998232 0.0590496 7.52947 0.994221 0.013051 -0.106558 7.2549
-0.107626 0.0607072 -0.992337 -267.074 -0.004087 0.998098 0.061503 7.60036 0.994183 0.010675 -0.107173 7.11319
-0.107744 0.0602514 -0.992352 -268.298 -0.00447542 0.998122 0.0610877 7.66571 0.994168 0.011023 -0.107272 6.98576
-0.107278 0.0588405 -0.992487 -269.522 -0.00655998 0.998183 0.0598873 7.73283 0.994207 0.0129352 -0.106697 6.83756
-0.109166 0.0604418 -0.992185 -270.756 -0.0112176 0.998011 0.0620309 7.79147 0.99396 0.0179016 -0.108271 6.67867
-0.108311 0.0635564 -0.992084 -271.992 -0.0161589 0.99771 0.065681 7.85113 0.993985 0.0231449 -0.107035 6.53334
-0.110082 0.0633813 -0.9919 -273.235 -0.0194477 0.997636 0.0659062 7.90335 0.993732 0.0265451 -0.108589 6.36351
-0.109951 0.0566704 -0.992321 -274.457 -0.0207314 0.998025 0.0592933 7.94926 0.993721 0.0270915 -0.108558 6.23258
-0.110207 0.051231 -0.992588 -275.673 -0.0170567 0.998426 0.0534262 7.99552 0.993762 0.0228182 -0.10916 6.09817
-0.111423 0.0502565 -0.992502 -276.917 -0.0127699 0.998565 0.0519971 8.0514 0.993691 0.0184678 -0.110621 5.95146
-0.110802 0.0523425 -0.992464 -278.148 -0.00814497 0.998531 0.0535718 8.11181 0.993809 0.0140194 -0.110213 5.80924
-0.108465 0.0543909 -0.992612 -279.369 -0.00784019 0.998424 0.0555661 8.16702 0.994069 0.0138092 -0.107868 5.6724
-0.108478 0.0561577 -0.992512 -280.58 -0.00821282 0.998318 0.0573839 8.21938 0.994065 0.0143762 -0.107834 5.54258
-0.106496 0.0573408 -0.992659 -281.807 -0.00968551 0.998228 0.0587016 8.25249 0.994266 0.0158658 -0.105752 5.40324
-0.106907 0.0584187 -0.992552 -283.025 -0.00936953 0.998169 0.0597585 8.31822 0.994225 0.0156883 -0.106164 5.25681
-0.107367 0.0583956 -0.992504 -284.252 -0.00894162 0.998176 0.0596967 8.38228 0.994179 0.015284 -0.106649 5.12475
-0.106024 0.0575938 -0.992695 -285.458 -0.00939785 0.998218 0.058918 8.45458 0.994319 0.0155759 -0.105294 4.99038
-0.107042 0.0566117 -0.992642 -286.677 -0.00973988 0.99827 0.0579829 8.5145 0.994206 0.0158748 -0.106306 4.85235
-0.107235 0.0565148 -0.992627 -287.894 -0.0109535 0.998255 0.0580186 8.5645 0.994173 0.0170943 -0.106428 4.71626
-0.106411 0.0563131 -0.992727 -289.12 -0.0109072 0.998269 0.0577967 8.62481 0.994262 0.016978 -0.105612 4.581
-0.107551 0.0563959 -0.992599 -290.342 -0.0114039 0.998254 0.0579528 8.68735 0.994134 0.0175523 -0.10672 4.44399
-0.108176 0.0564939 -0.992526 -291.58 -0.011077 0.998253 0.0580272 8.74745 0.99407 0.0172713 -0.107361 4.29954
-0.110724 0.0555217 -0.9923 -292.84 -0.0110025 0.998308 0.0570856 8.81343 0.99379 0.0172385 -0.109925 4.17247
-0.110067 0.053163 -0.992502 -294.033 -0.0108969 0.998444 0.0546897 8.88089 0.993864 0.0168347 -0.109317 4.01655
-0.111147 0.0512114 -0.992484 -295.226 -0.0119136 0.998531 0.0528576 8.95819 0.993732 0.017699 -0.110374 3.87408
-0.111508 0.0499326 -0.992509 -296.443 -0.0137211 0.998564 0.0517788 9.01261 0.993668 0.019392 -0.110663 3.73482
-0.11209 0.0496674 -0.992456 -297.625 -0.0158975 0.998532 0.051767 9.07421 0.99357 0.0215801 -0.111136 3.58674
-0.11191 0.0504632 -0.992437 -298.812 -0.0179954 0.998443 0.0527978 9.13135 0.993555 0.0237679 -0.110828 3.44008
-0.112954 0.0509004 -0.992296 -300.032 -0.0201334 0.998365 0.0535035 9.17718 0.993396 0.0260216 -0.111745 3.29631
-0.112254 0.0508516 -0.992378 -301.226 -0.0210909 0.998343 0.053543 9.24957 0.993455 0.0269405 -0.110995 3.15079
-0.113646 0.0493567 -0.992295 -302.429 -0.020446 0.998437 0.0520038 9.27389 0.99331 0.0261984 -0.112459 2.99562
-0.114529 0.047154 -0.992301 -303.652 -0.0184123 0.9986 0.0495785 9.30598 0.993249 0.0239487 -0.113501 2.85879
-0.115368 0.0470282 -0.992209 -304.88 -0.0150611 0.998681 0.0490861 9.34654 0.993208 0.0206067 -0.114508 2.72336
-0.117322 0.0485383 -0.991908 -306.102 -0.0122123 0.998659 0.0503132 9.39565 0.993018 0.0180162 -0.116571 2.57881
-0.117955 0.0471487 -0.9919 -307.321 -0.0118152 0.998735 0.0488787 9.45572 0.992948 0.0174848 -0.117248 2.42401
-0.11875 0.0452814 -0.991892 -308.566 -0.013952 0.998785 0.0472664 9.49141 0.992826 0.0194518 -0.117974 2.27383
-0.120951 0.0440025 -0.991683 -309.812 -0.0156913 0.998807 0.0462324 9.52578 0.992534 0.0211526 -0.120116 2.11912
-0.119922 0.0430019 -0.991852 -311.048 -0.016693 0.998833 0.0453229 9.57304 0.992642 0.0219922 -0.119064 1.96632
