1 0 0 0 0 1 0 0 0 0 1 0
<<<<<<< HEAD
0.122125 0.30476 0.944567 2.71344 -0.303114 0.917675 -0.256893 -2.01307 -0.945097 -0.254938 0.204448 -1.18281
-0.925015 0.344507 0.160192 0.571058 0.269812 0.892512 -0.361419 -2.5009 -0.267485 -0.291097 -0.918539 -3.85667
-0.0985089 0.311915 -0.94499 -2.44454 0.394831 0.883917 0.250598 -1.60551 0.913457 -0.348425 -0.210227 -1.92302
0.961609 0.249933 -0.113321 -0.261755 -0.196567 0.915473 0.3511 -2.12544 0.191494 -0.315346 0.929455 1.51652
0.233288 0.224307 0.946184 2.37454 -0.282616 0.94667 -0.154741 -3.55072 -0.930433 -0.231308 0.284239 -1.32853
-0.918532 0.220925 0.327857 -1.00746 0.136968 0.955762 -0.260305 -3.25709 -0.370862 -0.194192 -0.908158 -5.11968
-0.422319 0.238654 -0.874466 -5.51943 0.3191 0.942106 0.103006 -0.925111 0.848423 -0.235541 -0.474024 -1.99972
0.836504 0.188663 -0.514458 -2.20793 -0.00888415 0.943406 0.331521 0.353237 0.547889 -0.272748 0.790839 3.8482
0.651032 0.188749 0.735208 4.72806 -0.336545 0.939959 0.0566985 -1.21034 -0.680364 -0.284343 0.675466 1.1019
-0.621934 0.17945 0.762231 3.04367 -0.129666 0.936351 -0.326241 -2.82142 -0.77226 -0.301736 -0.55908 -6.96929
-0.875854 0.159363 -0.455503 -5.75962 0.288411 0.92964 -0.22932 -0.650127 0.386909 -0.332223 -0.860191 -7.67658
0.283768 0.149057 -0.947237 -7.42415 0.252499 0.941365 0.223775 3.18562 0.925051 -0.302677 0.229493 1.13846
0.985659 0.137181 0.098275 2.18829 -0.159668 0.946618 0.280035 4.20618 -0.0546135 -0.29171 0.954946 5.30876
0.123049 0.134026 0.983309 8.75767 -0.299572 0.949633 -0.0919486 1.47327 -0.946106 -0.283257 0.157001 -2.65846
-0.956462 0.0970312 0.275255 2.00001 0.00901625 0.95249 -0.304436 0.554246 -0.291718 -0.288699 -0.911896 -10.2246
-0.450082 0.0791039 -0.889477 -7.18265 0.288888 0.955404 -0.0612125 3.42743 0.844968 -0.28451 -0.452862 -5.33095
0.783046 0.0873724 -0.615796 -3.88177 0.0923498 0.962776 0.254036 6.49166 0.61507 -0.25579 0.745829 4.7976
0.722005 0.0793229 0.687326 6.84975 -0.182621 0.980026 0.078733 6.11705 -0.667351 -0.182366 0.72207 3.28547
-0.679114 0.117994 0.724487 7.06951 -0.0119438 0.985089 -0.171633 4.27298 -0.733936 -0.125211 -0.667578 -7.32509
-0.740591 0.155022 -0.65383 -3.89833 0.209917 0.977701 -0.00596013 5.35693 0.638326 -0.141664 -0.756618 -8.61578
0.634497 0.127822 -0.762283 -5.44034 0.0879143 0.967896 0.235476 7.39575 0.767909 -0.216425 0.602889 2.60889
0.791901 0.0304642 0.609889 6.37487 -0.136386 0.982349 0.12802 6.69328 -0.595224 -0.184559 0.782079 4.7165
-0.603481 0.0757605 0.79377 7.96333 -0.0189244 0.993835 -0.109243 4.81358 -0.797153 -0.0809477 -0.598327 -7.1754
-0.77738 0.134231 -0.614543 -4.59284 0.178852 0.983811 -0.0113549 5.62402 0.603069 -0.118739 -0.788802 -8.81922
0.599714 0.130258 -0.789542 -6.49253 0.0653077 0.975404 0.210527 7.70371 0.797545 -0.177819 0.576457 3.67296
0.843228 0.0387879 0.536155 5.41029 -0.106781 0.989604 0.0963455 7.12717 -0.526844 -0.138492 0.838603 7.25822
-0.463623 0.0561635 0.884251 9.90834 -0.0138139 0.99741 -0.0705935 5.68173 -0.885925 -0.0449436 -0.461645 -4.4797
-0.908548 0.154738 -0.388069 -1.6737 0.160838 0.986836 0.0169349 6.61498 0.38558 -0.0470299 -0.921475 -10.0986
0.354977 0.151469 -0.922523 -7.63187 0.0438976 0.982998 0.17829 8.15837 0.933844 -0.103785 0.342292 2.12963
0.956122 0.0650573 0.285657 3.59202 -0.0949969 0.991197 0.0922226 7.60746 -0.277142 -0.115312 0.953885 9.2767
-0.205436 0.0704775 0.97613 11.5425 -0.028159 0.996565 -0.0778792 5.87553 -0.978266 -0.043486 -0.202745 -1.46176
-0.980288 0.155986 -0.121264 1.33917 0.162462 0.985669 -0.0454276 6.34922 0.11244 -0.0642328 -0.99158 -10.5224
0.0610021 0.171178 -0.98335 -8.41208 0.141969 0.97368 0.178302 8.86055 0.98799 -0.150482 0.0350943 -1.0253
0.995021 0.0985601 -0.0148421 0.609509 -0.0941677 0.978394 0.184058 9.42124 0.0326625 -0.181744 0.982803 9.70384
0.103543 0.104028 0.98917 11.9975 -0.115056 0.989092 -0.0919761 6.75184 -0.987948 -0.104287 0.114383 1.6815
-0.977411 0.152981 0.145826 3.21915 0.141365 0.986127 -0.0870015 6.70991 -0.157113 -0.0644215 -0.985477 -10.472
-0.212692 0.169234 -0.962353 -9.35089 0.170267 0.976238 0.134044 9.22145 0.96217 -0.135347 -0.236453 -3.66759
0.949221 0.104958 -0.296587 -3.29759 -0.0494549 0.980769 0.188802 10.2096 0.3107 -0.164547 0.936157 9.58264
0.383206 0.0824824 0.919973 10.5493 -0.122531 0.991742 -0.0378777 8.01662 -0.915499 -0.0982103 0.390148 4.78923
-0.875431 0.147239 0.460372 6.65113 0.107205 0.987898 -0.112097 7.26986 -0.471306 -0.0487793 -0.88062 -9.65528
-0.526566 0.191357 -0.828319 -8.05769 0.176548 0.97771 0.113637 9.85318 0.8316 -0.0864006 -0.548612 -7.06513
0.803927 0.157005 -0.57363 -5.674 -0.0503728 0.979034 0.19737 10.9714 0.592592 -0.129776 0.79498 8.34038
0.651729 0.131446 0.746975 9.60409 -0.136231 0.989138 -0.0551995 8.34718 -0.746117 -0.0657864 0.662557 7.72865
-0.69207 0.138872 0.708346 9.23687 0.0702885 0.989621 -0.125342 7.21159 -0.7184 -0.0369571 -0.694648 -8.39866
-0.758255 0.183492 -0.625603 -6.41626 0.203084 0.978311 0.0407971 9.34548 0.61952 -0.0961156 -0.779074 -10.04
0.560057 0.133678 -0.817598 -9.11725 0.0419869 0.981048 0.189163 11.3405 0.82739 -0.140271 0.543829 5.67988
0.870898 0.131836 0.473452 6.91939 -0.162267 0.98646 0.0237979 8.93569 -0.463904 -0.0975512 0.880498 9.37719
-0.386408 0.152245 0.909676 11.606 -0.0283741 0.983854 -0.176712 6.06784 -0.921892 -0.094094 -0.375849 -6.57767
-0.937313 0.168707 -0.304931 -4.22559 0.19859 0.977611 -0.0695605 7.2864 0.286369 -0.125756 -0.949831 -12.8999
0.21131 0.147767 -0.966185 -11.9259 0.144252 0.972967 0.180353 10.5896 0.966716 -0.177485 0.184282 2.03024
0.991731 0.0850021 0.0961459 2.71663 -0.0991966 0.983067 0.154074 10.3135 -0.0814211 -0.162338 0.98337 11.3515
0.0226528 0.0714437 0.997188 13.3701 -0.101531 0.992451 -0.0687978 7.49082 -0.994574 -0.0996872 0.0297357 -2.5385
-0.9838 0.141625 0.109911 -0.87479 0.128204 0.984358 -0.120846 7.65456 -0.125306 -0.104798 -0.986567 -14.3452
-0.198135 0.146134 -0.96922 -13.5701 0.155901 0.980934 0.11603 10.7048 0.967697 -0.128113 -0.21714 -0.684703
0.970883 0.0572579 -0.232611 0.450549 -0.0215196 0.987936 0.153364 11.199 0.238586 -0.143893 0.960402 12.637
0.295731 0.077376 0.952133 13.7129 -0.17899 0.98355 -0.0243351 7.03976 -0.938352 -0.163225 0.304716 -1.09529
-0.91094 0.118282 0.395219 0.0439548 0.0538564 0.983914 -0.170334 5.87764 -0.409009 -0.133879 -0.902656 -15.9665
-0.484526 0.141662 -0.863231 -16.0064 0.212034 0.976393 0.0412188 9.50806 0.848691 -0.163063 -0.503125 -3.38365
0.816074 0.102879 -0.568718 -3.98275 0.0327769 0.974207 0.223263 10.987 0.577017 -0.20084 0.791653 13.8807
0.664772 0.0380731 0.746076 14.3745 -0.131075 0.989152 0.0663135 8.08527 -0.735457 -0.141875 0.662551 4.1297
-0.665471 0.0816851 0.741941 5.53128 0.0110023 0.994959 -0.0996731 7.02664 -0.746343 -0.0581665 -0.663015 -15.3572
-0.805688 0.148523 -0.573418 -14.8001 0.171111 0.985142 0.0147432 10.1433 0.567087 -0.0862396 -0.81913 -8.02035
0.501976 0.157328 -0.850452 -8.21098 0.0478505 0.976758 0.208937 11.6804 0.863557 -0.145576 0.482781 13.1502
0.900036 0.0738545 0.429512 13.5256 -0.102673 0.993729 0.0442793 8.86161 -0.423548 -0.0839525 0.901975 7.48716
-0.322696 0.134566 0.936889 9.25955 0.0530193 0.990858 -0.124056 8.57847 -0.945017 0.00964094 -0.32688 -15.3944
-0.966005 0.152479 -0.208772 -13.8413 0.156832 0.987616 -0.00435659 10.9245 0.205521 -0.0369505 -0.977955 -13.5598
0.13256 0.105089 -0.985589 -12.8577 0.122665 0.98498 0.121523 12.7428 0.983555 -0.137006 0.117678 10.5648
0.998928 0.0398344 0.0235778 11.7542 -0.0415149 0.996266 0.0757016 10.5466 -0.0204738 -0.0765993 0.996851 11.1206
0.0508181 0.0319295 0.998198 12.7812 0.0231745 0.999182 -0.0331407 10.0338 -0.998439 0.0248168 0.0500369 -14.0453
-0.981725 0.0882593 0.168603 -12.4796 0.0918529 0.995679 0.0136205 11.0656 -0.166673 0.0288582 -0.98559 -18.0331
-0.271405 0.0963816 -0.957628 -18.8893 0.0649495 0.994539 0.0816889 11.2524 0.960271 -0.0400267 -0.276183 7.24002
0.848302 0.0294122 -0.528696 3.38431 0.00176136 0.998294 0.0583626 9.71644 0.529511 -0.0504404 0.846802 20.1685
0.744371 0.008167 0.667717 21.4666 0.0174608 0.999345 -0.0316884 8.93773 -0.667538 0.0352468 0.743741 1.47968
-0.323194 -0.0047271 0.946321 12.3161 0.0764683 0.996587 0.0310943 9.24181 -0.943238 0.0824129 -0.321729 -21.4399
-0.984134 0.0383515 0.173235 -12.5456 0.0554967 0.993906 0.0952375 8.7282 -0.168527 0.10334 -0.980265 -24.1191
-0.631962 0.0952563 -0.769124 -28.1049 0.00256138 0.992669 0.120838 6.77228 0.774995 0.0743948 -0.627573 -3.17018
0.495071 0.044089 -0.867734 -13.8111 -0.0540596 0.99834 0.0198822 3.58039 0.867169 0.0370662 0.496631 18.9376
0.989064 -0.0155875 0.146663 12.1144 0.0186321 0.999638 -0.0194076 2.38963 -0.146306 0.0219279 0.988996 13.6148
0.215453 -0.0407906 0.975662 16.6216 0.102719 0.994531 0.0188964 3.21645 -0.971096 0.0961476 0.218465 -12.9902
-0.849759 0.000491846 0.527173 -7.53614 0.0825502 0.987787 0.132143 3.44261 -0.52067 0.155807 -0.83942 -26.3201
-0.742879 0.0541776 -0.667231 -27.5301 -0.0474619 0.989949 0.133224 0.129882 0.667741 0.130637 -0.73284 -6.84344
0.411934 0.0267886 -0.91082 -14.7636 -0.0943694 0.995447 -0.0134026 -4.53039 0.906314 0.0914744 0.412586 18.3894
0.991779 -0.025899 0.125321 14.088 0.0356012 0.996487 -0.0758088 -5.50053 -0.122917 0.079647 0.989215 13.9219
0.196289 -0.00540005 0.980532 19.2014 0.138283 0.990143 -0.0222293 -3.46925 -0.970746 0.139954 0.195101 -15.4824
-0.851168 0.0272832 0.524185 -7.42354 0.132019 0.977673 0.163486 -1.67434 -0.508021 0.208356 -0.835764 -30.4556
-0.829957 0.111718 -0.546527 -32.9399 -0.0171019 0.974184 0.225107 -4.70771 0.557565 0.196176 -0.80662 -11.7422
0.132524 0.151543 -0.979527 -27.1809 -0.14026 0.981166 0.13282 -11.6338 0.981205 0.119786 0.151283 19.3933
0.942828 0.132921 -0.305628 3.54424 -0.129998 0.991061 0.0299931 -18.0836 0.306883 0.0114527 0.951678 27.3797
0.651279 0.126382 0.748241 22.4362 -0.0126928 0.98771 -0.155781 -20.876 -0.758732 0.0919597 0.644879 1.88076
-0.402329 0.257468 0.878546 8.09197 0.215615 0.959293 -0.182391 -16.663 -0.889742 0.116046 -0.441465 -26.6471
-0.951463 0.303526 -0.0509088 -23.9426 0.305101 0.95195 -0.0265354 -9.61867 0.040408 -0.0407797 -0.99835 -25.2659
-0.361868 0.177113 -0.91525 -36.8633 0.201872 0.973379 0.108547 -5.79827 0.910109 -0.145484 -0.387989 5.75098
0.669344 0.0455033 -0.741559 -14.8256 0.0286667 0.995798 0.0869787 -7.56545 0.7424 -0.0794766 0.665226 32.2944
0.969032 0.0369722 0.244153 19.6229 -0.0287392 0.998895 -0.0371985 -11.3673 -0.245258 0.0290298 0.969023 24.6471
0.248643 0.142665 0.958032 29.251 0.025962 0.987757 -0.153829 -12.6834 -0.968247 0.0631209 0.241895 -10.0094
-0.707914 0.159171 0.688131 3.85859 0.169921 0.984042 -0.0528114 -8.11682 -0.685555 0.0795421 -0.723662 -36.0776
-0.954812 0.148166 -0.257645 -32.2777 0.133466 0.988307 0.0737348 -4.60845 0.265557 0.0360159 -0.963422 -27.4547
-0.25929 0.118708 -0.958477 -43.7705 0.0156321 0.992804 0.118731 -5.5465 0.965673 0.0158027 -0.25928 8.04319
0.740052 0.0287744 -0.671935 -17.4165 -0.119367 0.988842 -0.0891225 -11.1401 0.661873 0.146162 0.735228 33.6585
0.945256 0.0853055 0.314983 19.0329 -0.0036144 0.967906 -0.251287 -12.5457 -0.32631 0.236392 0.915227 22.8591
0.166653 0.234128 0.957816 27.4169 0.195369 0.944301 -0.264817 -6.03331 -0.966466 0.23126 0.11163 -14.2918
-0.777708 0.307352 0.548367 -1.63861 0.301952 0.947747 -0.102963 5.22581 -0.551358 0.0855053 -0.829875 -38.0591
-0.838641 0.214028 -0.500873 -36.6921 0.218335 0.974548 0.0508622 13.7959 0.49901 -0.0667028 -0.864025 -20.3971
0.0654756 0.114532 -0.99126 -36.4893 0.0198984 0.993044 0.116053 14.659 0.997655 -0.027323 0.0627408 20.444
0.908995 0.138724 -0.393046 0.232059 -0.148875 0.988845 0.00470713 8.28662 0.389315 0.0542358 0.919506 38.7209
0.757848 0.196414 0.622165 33.6637 -0.122431 0.979481 -0.160085 2.50845 -0.640841 0.0451478 0.766344 13.4958
-0.222343 0.222342 0.949278 26.628 0.0402581 0.974913 -0.218916 3.31196 -0.974137 -0.0104584 -0.225716 -28.8739
-0.958066 0.185775 0.218171 -14.5766 0.164916 0.980113 -0.110372 10.0254 -0.234336 -0.0697638 -0.969649 -41.7475
-0.64968 0.138405 -0.747503 -44.7897 0.107226 0.990141 0.0901376 14.8613 0.752608 -0.0215908 -0.658115 -11.0063
0.32293 0.205384 -0.923869 -33.8338 -0.107543 0.97781 0.179785 10.7277 0.940292 0.0412978 0.337851 30.4292
0.951287 0.274951 -0.139483 6.64792 -0.280628 0.959555 -0.0224205 -1.07957 0.127677 0.0604713 0.98997 39.3563
0.483739 0.298208 0.822842 30.2262 -0.16646 0.95435 -0.248008 -8.6786 -0.859236 -0.0169993 0.511295 4.33081
-0.595943 0.266848 0.757393 7.18167 0.0920992 0.959662 -0.265646 -4.94932 -0.797728 -0.0885541 -0.59648 -31.3164
-0.955625 0.201119 -0.215249 -33.8138 0.213804 0.976171 -0.0371183 4.7038 0.202655 -0.0814922 -0.975853 -26.0345
-0.152328 0.110086 -0.98218 -43.7568 0.0537598 0.993229 0.102987 8.02064 0.986866 -0.0371141 -0.157214 15.3553
0.839779 0.138423 -0.524987 -9.58108 -0.127884 0.990178 0.0565142 3.26602 0.527652 0.019678 0.849232 41.7093
0.817533 0.182188 0.546304 28.0515 -0.182888 0.981667 -0.0536891 -4.37144 -0.54607 -0.05602 0.835864 21.2494
-0.083089 0.289539 0.953554 28.7552 -0.126226 0.946098 -0.298273 -10.7572 -0.988515 -0.145146 -0.042063 -21.747
-0.867418 0.311938 0.387663 -6.5525 0.12386 0.889933 -0.438952 -7.14167 -0.481919 -0.332738 -0.810579 -46.0129
-0.806525 0.325154 -0.493754 -43.3319 0.415383 0.905951 -0.0819104 10.8463 0.420683 -0.27116 -0.865735 -31.6343
-0.0781539 0.175737 -0.981331 -50.4094 0.233034 0.960292 0.15341 22.1401 0.969323 -0.216693 -0.116003 10.289
0.740047 0.130031 -0.659867 -19.8734 -0.0283354 0.986289 0.162576 22.1828 0.671958 -0.101616 0.733584 43.0542
0.956543 0.210204 0.202089 24.5957 -0.211067 0.977315 -0.0175209 13.1694 -0.201188 -0.0258948 0.97921 38.2212
0.38991 0.323198 0.862273 47.2465 -0.165038 0.945749 -0.279859 4.94931 -0.905943 -0.0331875 0.422097 -1.56457
-0.488428 0.409383 0.770613 28.5796 0.0346009 0.89151 -0.451678 4.99624 -0.871918 -0.193948 -0.449603 -44.7858
-0.930257 0.363263 0.0516069 -15.0852 0.325119 0.881298 -0.342944 19.4321 -0.17006 -0.302247 -0.937937 -57.8017
-0.655252 0.145888 -0.74119 -50.2091 0.367871 0.918595 -0.144412 37.1088 0.659784 -0.367288 -0.655579 -29.6716
0.12055 0.0539893 -0.991239 -48.4028 0.276078 0.957305 0.0857164 51.5879 0.953545 -0.283992 0.100498 16.5662
0.813665 0.0569473 -0.578539 -10.835 0.0261272 0.990603 0.134254 54.3321 0.580747 -0.124353 0.80453 48.2296
0.806349 0.197662 0.557434 31.6544 -0.194289 0.978722 -0.066002 44.9828 -0.558618 -0.0550823 0.827593 23.1604
-0.369762 0.281168 0.885563 16.5303 -0.0502158 0.945673 -0.32122 41.9251 -0.927768 -0.163244 -0.335555 -24.5545
-0.962118 0.208958 -0.175116 -32.176 0.242398 0.949626 -0.198632 53.9747 0.124789 -0.233554 -0.964302 -22
0.0507099 0.0869394 -0.994923 -32.9937 0.17249 0.980471 0.0944681 63.9379 0.983705 -0.176404 0.0347236 27.8079
0.978631 0.159338 -0.129977 15.9855 -0.135675 0.975332 0.174125 58.4882 0.154515 -0.152769 0.976107 39.0458
0.387116 0.233797 0.891897 39.3301 -0.253631 0.957002 -0.140778 45.7615 -0.88646 -0.171716 0.429769 -4.14149
-0.740393 0.167653 0.650931 4.88383 -0.033407 0.958021 -0.284745 43.5033 -0.671343 -0.232568 -0.703711 -40.8259
-0.955674 0.0912368 -0.279936 -43.9718 0.155787 0.963474 -0.217828 51.1244 0.249836 -0.251783 -0.934979 -31.9199
-0.222338 0.0347887 -0.974349 -59.8451 0.189819 0.981785 -0.00826088 61.0662 0.956312 -0.186786 -0.224892 15.4157
0.808292 0.0581677 -0.585903 -21.6547 0.0112313 0.993404 0.114118 62.3622 0.588675 -0.0988211 0.802306 49.6037
0.848685 0.15715 0.505014 23.9375 -0.164289 0.985934 -0.0307119 53.9029 -0.502737 -0.0569034 0.862564 28.5405
-0.0984782 0.179611 0.978797 24.044 -0.0742594 0.979509 -0.187213 49.3302 -0.992364 -0.0911211 -0.0831223 -21.4
-0.94476 0.145756 0.293574 -22.2148 0.117137 0.986677 -0.112909 54.7387 -0.306119 -0.0722835 -0.949244 -42.5571
-0.540657 0.0534341 -0.839545 -53.8104 0.0981813 0.995169 0.000111444 59.4872 0.835494 -0.0823672 -0.54329 -3.52229
0.669455 0.0427479 -0.741622 -24.1654 -0.0102164 0.998779 0.0483484 59.0262 0.742782 -0.0247903 0.669073 37.5332
0.96141 0.144839 0.233908 25.1452 -0.117236 0.984827 -0.127954 52.1759 -0.248891 0.0955941 0.963802 30.2691
0.316283 0.174347 0.932507 46.1788 0.00503585 0.982645 -0.185429 51.2071 -0.948651 0.0633439 0.309915 -15.2582
-0.523763 0.22556 0.82146 24.3931 0.0884298 0.973495 -0.210924 54.2022 -0.847262 -0.0378325 -0.529826 -61.5081
-0.970528 0.172951 0.167821 -23.2399 0.139816 0.971302 -0.19242 59.8326 -0.196283 -0.163285 -0.966855 -76.8236
-0.841645 0.0638305 -0.536247 -67.79 0.138855 0.985183 -0.100666 65.6595 0.521875 -0.159186 -0.838036 -55.855
-0.304171 0.0833391 -0.948966 -87.6803 0.127976 0.990711 0.0459853 71.8482 0.943982 -0.107457 -0.31201 -10.956
0.307979 0.0602402 -0.949485 -77.274 -0.0468746 0.997742 0.0480975 69.4217 0.950237 0.0296936 0.310107 37.4909
0.702433 0.0605039 -0.709174 -46.1797 -0.110713 0.993541 -0.0248962 63.345 0.703086 0.0960028 0.704594 75.4025
0.922745 0.179866 -0.340869 -3.09656 -0.225514 0.969191 -0.0990623 51.2826 0.312548 0.16828 0.934876 97.8747
0.943682 0.290229 0.15885 44.6825 -0.252726 0.942182 -0.220053 36.9681 -0.213531 0.167514 0.962467 94.5583
0.621287 0.417132 0.663329 80.1129 -0.144533 0.893011 -0.426194 26.2479 -0.770138 0.168916 0.615104 61.8381
0.0410202 0.430668 0.901578 87.879 0.100499 0.895983 -0.432568 27.4815 -0.99409 0.108351 -0.00652844 13.3621
-0.693692 0.457268 0.556506 58.2454 0.325646 0.888265 -0.323944 40.0717 -0.642453 -0.0434934 -0.765088 -23.698
-0.894403 0.37456 -0.244437 11.9574 0.390382 0.920479 -0.0179383 58.5556 0.218279 -0.111468 -0.969499 -21.6318
-0.365739 0.3589 -0.858736 -14.7528 0.198826 0.931489 0.304626 71.0346 0.909232 -0.0593251 -0.412039 19.1731
0.487595 0.262205 -0.832767 0.948439 -0.235599 0.957968 0.16368 60.4016 0.84068 0.116389 0.528875 67.1817
0.941337 0.318318 -0.112074 47.4786 -0.333853 0.926892 -0.171508 41.2222 0.049286 0.198862 0.978787 81.3894
0.765042 0.41714 0.490618 92.8057 -0.291816 0.903702 -0.313317 22.4608 -0.574069 0.0965305 0.813096 62.4756
0.434348 0.636168 0.637679 123.758 -0.241164 0.764232 -0.598155 2.42929 -0.86786 0.106022 0.485362 24.9031
0.224287 0.732909 0.642293 144.155 -0.278029 0.679816 -0.678639 -20.6655 -0.93402 -0.0263656 0.356243 -19.0021
0.108808 0.73894 0.664929 158.564 -0.166969 0.672982 -0.720567 -38.8448 -0.979939 -0.0326193 0.196606 -67.0405
-0.0411287 0.722987 0.689638 165.978 -0.0419075 0.688366 -0.724153 -50.8912 -0.998274 -0.0586844 0.0019868 -118.279
-0.191827 0.695683 0.692264 166.194 0.105406 0.715887 -0.690215 -55.3071 -0.975751 -0.0594333 -0.210655 -171.296
-0.400785 0.639811 0.655756 155.629 0.259384 0.765712 -0.588563 -50.4751 -0.878687 -0.0657946 -0.472842 -223.178
-0.568844 0.649637 0.504371 134.687 0.379857 0.751453 -0.539469 -38.3627 -0.729469 -0.115285 -0.674228 -270.829
-0.719123 0.688701 0.0924892 99.9166 0.551627 0.646732 -0.526732 -17.1472 -0.422575 -0.327765 -0.844984 -305.735
-0.716326 0.599486 -0.357066 58.6586 0.694855 0.566155 -0.443448 12.6814 -0.0636855 -0.56576 -0.822106 -322.548
-0.549775 0.35273 -0.757186 18.8516 0.774023 0.555939 -0.30302 49.4966 0.314065 -0.75267 -0.578661 -316.742
-0.24096 0.096991 -0.965677 -8.84317 0.744716 0.656526 -0.119884 87.4382 0.622364 -0.748041 -0.230427 -289.694
0.233956 -0.0623019 -0.97025 -12.9192 0.594081 0.799134 0.0919365 122.029 0.769631 -0.597915 0.223974 -247.389
0.705898 -0.360861 -0.609499 13.668 0.327615 0.929255 -0.170745 138.584 0.627994 -0.0791522 0.774181 -202.467
0.974871 -0.221852 0.0202596 65.1382 0.19583 0.810053 -0.552689 141.913 0.106204 0.542767 0.83314 -182.703
0.848064 0.351316 0.396694 117.195 0.173484 0.523289 -0.83431 139.155 -0.500691 0.776367 0.382834 -201.839
0.395515 0.789828 0.468765 147.312 0.222514 0.412776 -0.883235 138.254 -0.891097 0.453639 -0.012489 -248.926
-0.146021 0.958685 0.244138 145.24 0.373417 0.28194 -0.883782 145.152 -0.916099 -0.0378853 -0.399157 -304.343
-0.562909 0.814151 -0.142452 114.404 0.490298 0.190173 -0.850555 159.047 -0.665388 -0.548627 -0.506226 -349.265
-0.70699 0.600666 -0.373319 71.7586 0.650548 0.345293 -0.676432 184.355 -0.277405 -0.721091 -0.63488 -375.654
-0.898095 0.186402 -0.398348 17.3094 0.367146 0.816422 -0.445712 198.774 0.242138 -0.546543 -0.80166 -376.147
-0.816069 -0.0810215 -0.572249 -36.3491 0.142547 0.931322 -0.335143 203.029 0.5601 -0.355072 -0.748472 -358.445
-0.621282 -0.257013 -0.740239 -81.4888 0.085249 0.916903 -0.3899 203.322 0.778936 -0.305342 -0.547744 -325.55
-0.464016 -0.33544 -0.81986 -119.444 0.19165 0.865594 -0.462621 208.118 0.864846 -0.371789 -0.337362 -284.99
-0.287338 -0.354832 -0.889681 -148.866 0.340016 0.83057 -0.441071 221.098 0.895447 -0.429241 -0.118006 -239.735
-0.010692 -0.423471 -0.905847 -163.87 0.470821 0.797065 -0.378174 242.017 0.882164 -0.430534 0.190856 -190.414
0.304952 -0.479445 -0.822884 -160.738 0.569912 0.784125 -0.245659 270.058 0.763023 -0.394057 0.512361 -142.859
0.554658 -0.567653 -0.608379 -141.234 0.637497 0.759792 -0.127725 302.981 0.534745 -0.316996 0.783301 -104.052
0.744576 -0.585404 -0.320797 -107.515 0.630517 0.774565 0.0499837 338.149 0.219217 -0.239484 0.945828 -79.4639
0.828979 -0.551782 -0.0912805 -65.7214 0.543247 0.755615 0.365964 373.535 -0.132959 -0.352964 0.926141 -73.8974
0.811808 -0.535602 0.232591 -20.8214 0.310994 0.733713 0.60411 399.092 -0.494217 -0.418086 0.762202 -89.6477
0.651752 -0.506779 0.564266 20.9245 0.000297546 0.744161 0.668001 409.383 -0.758432 -0.435202 0.485158 -123.522
0.375093 -0.467665 0.800372 51.5514 -0.338104 0.734913 0.587868 400.061 -0.863128 -0.491113 0.117542 -168.91
0.00106815 -0.518336 0.855177 62.4986 -0.598021 0.685077 0.415982 373.995 -0.801479 -0.511857 -0.309243 -216.919
-0.384742 -0.522545 0.76087 51.1587 -0.768858 0.637536 0.0490614 332.997 -0.510718 -0.566123 -0.647048 -254.322
-0.752176 -0.552872 0.358561 14.1259 -0.658406 0.608151 -0.443459 291.297 0.0271161 -0.569636 -0.821449 -264.327
-0.74332 -0.606197 -0.282848 -30.6259 -0.140849 0.555185 -0.819715 273.137 0.65394 -0.56947 -0.498061 -235.788
-0.230618 -0.654219 -0.720288 -53.8583 0.531466 0.535384 -0.656436 293.859 0.815082 -0.534193 0.224226 -188.261
0.449405 -0.656428 -0.60592 -37.9168 0.820828 0.57109 -0.00989422 340.045 0.35253 -0.492908 0.795464 -157.957
0.774854 -0.623768 -0.102546 4.12103 0.53884 0.566919 0.623101 380.495 -0.330534 -0.538067 0.77539 -165.956
0.638637 -0.618134 0.458317 47.6107 -0.130114 0.500278 0.856034 386.583 -0.758428 -0.606327 0.239068 -207.237
0.123809 -0.640066 0.75828 65.8558 -0.758809 0.431352 0.488001 350.087 -0.639437 -0.635807 -0.432282 -252.285
-0.452548 -0.7079 0.542291 46.5962 -0.890296 0.393268 -0.229595 293.806 -0.050736 -0.586701 -0.808212 -268.999
-0.664186 -0.747033 0.0282753 5.60158 -0.465078 0.383296 -0.79799 253.038 0.585286 -0.543163 -0.602008 -243.772
-0.416874 -0.789124 -0.451111 -27.815 0.18207 0.413741 -0.892003 250.275 0.890543 -0.453986 -0.0288022 -190.85
0.0634254 -0.830352 -0.55362 -33.7346 0.702082 0.431375 -0.566567 284.791 0.709266 -0.352751 0.610333 -138.133
0.400056 -0.819324 -0.410689 -16.5591 0.865341 0.48529 -0.125215 337.122 0.301894 -0.305292 0.903136 -105.381
0.613559 -0.761641 -0.208446 17.156 0.780473 0.544793 0.306697 391.053 -0.120032 -0.350863 0.928701 -98.4842
0.660499 -0.687727 0.301287 61.7618 0.263289 0.587942 0.764856 420.187 -0.70315 -0.42586 0.569405 -133.136
0.325518 -0.69021 0.646259 91.5572 -0.39834 0.519767 0.755757 408.101 -0.857533 -0.503442 -0.105745 -189.033
-0.15593 -0.696791 0.700122 92.1938 -0.830258 0.476444 0.289263 361.72 -0.535124 -0.536176 -0.652807 -233.297
-0.556474 -0.708342 0.43427 64.125 -0.830485 0.458373 -0.316529 306.346 0.0251532 -0.536794 -0.843338 -245.431
-0.688911 -0.723292 -0.0474496 20.3983 -0.415954 0.448095 -0.791325 268.959 0.59362 -0.525414 -0.609553 -219.056
-0.399272 -0.744326 -0.535316 -12.6717 0.374179 0.400745 -0.836298 279.282 0.837002 -0.534213 0.118504 -166.854
0.183443 -0.726724 -0.661984 -12.3695 0.885963 0.414003 -0.208981 330.287 0.425934 -0.548156 0.719794 -130.273
0.67025 -0.706207 -0.228119 23.8445 0.678064 0.457797 0.575023 379.213 -0.301653 -0.540087 0.785691 -137.298
0.557741 -0.702064 0.442756 63.5314 -0.142578 0.444463 0.884378 384.437 -0.817677 -0.55638 0.147796 -184.303
-0.0669598 -0.727529 0.682803 69.6475 -0.826421 0.423886 0.370608 340.886 -0.559057 -0.539466 -0.629627 -228.001
-0.596272 -0.740793 0.309334 38.2576 -0.77805 0.438366 -0.449972 287.584 0.197734 -0.508982 -0.837758 -229.49
-0.593425 -0.783144 -0.185833 -0.480431 -0.214958 0.376695 -0.901052 261.169 0.775654 -0.49476 -0.391883 -189.4
-0.246894 -0.771369 -0.586545 -24.7007 0.537717 0.394493 -0.745142 282.202 0.806166 -0.499365 0.31738 -136.506
0.337372 -0.667267 -0.664031 -15.1671 0.914748 0.398948 0.0638602 337.314 0.222302 -0.628964 0.744973 -112.518
0.73068 -0.667731 -0.142278 25.7882 0.495622 0.375467 0.783189 378.897 -0.469539 -0.642775 0.605287 -131.67
0.609448 -0.645508 0.46032 68.8719 -0.265676 0.38076 0.885686 376.762 -0.746988 -0.662073 0.0605573 -175.811
0.100375 -0.622577 0.776096 86.5811 -0.848668 0.353566 0.393389 332.05 -0.519315 -0.698132 -0.492871 -215.03
-0.403819 -0.580211 0.70731 72.7935 -0.910526 0.329891 -0.249228 273.679 -0.08873 -0.744665 -0.661513 -230.84
-0.747019 -0.606827 0.271523 31.6468 -0.537437 0.310832 -0.783929 229.613 0.391311 -0.731535 -0.558328 -215.967
-0.739356 -0.668621 -0.0793761 -13.4846 -0.0235323 0.143477 -0.989374 213.297 0.672904 -0.72963 -0.121815 -178.084
-0.489882 -0.777083 -0.39517 -48.2778 0.562934 0.0641538 -0.824009 233.893 0.665674 -0.626121 0.406017 -132.995
-0.214538 -0.834671 -0.507247 -68.4077 0.930755 -0.0172733 -0.365235 282.611 0.296089 -0.550478 0.780579 -104.094
0.0865285 -0.922972 -0.375016 -69.3311 0.970451 -0.00702291 0.2412 342.845 -0.225254 -0.384804 0.89509 -103.306
0.274963 -0.952984 -0.127354 -55.2856 0.627048 0.0773347 0.775133 392.458 -0.728839 -0.292989 0.618829 -136.383
0.34261 -0.934256 0.0989265 -33.5104 -0.0216471 0.0974213 0.995008 407.509 -0.939228 -0.34304 0.0131538 -191.7
0.204355 -0.871682 0.445434 -14.2381 -0.71916 0.175024 0.672441 376.224 -0.664115 -0.457754 -0.59111 -240.213
-0.111306 -0.750754 0.651138 -9.79587 -0.982788 0.180365 0.0399595 318.846 -0.147442 -0.635481 -0.757907 -261.699
-0.529177 -0.656125 0.538027 -31.1275 -0.75117 0.0673644 -0.656664 264.557 0.394608 -0.751639 -0.528508 -247.926
-0.746941 -0.626947 0.2214 -69.8707 -0.125025 -0.194608 -0.972881 241.029 0.65303 -0.754363 0.066976 -209.652
-0.665473 -0.636229 -0.390334 -113.339 0.570301 -0.0960078 -0.815806 259.958 0.481564 -0.765502 0.426732 -175.721
-0.20044 -0.581 -0.788837 -137.466 0.977114 -0.060017 -0.204075 312.159 0.0712245 -0.811687 0.579733 -162.249
0.382036 -0.493392 -0.781418 -128.211 0.885256 -0.0473351 0.46269 370.401 -0.265275 -0.868517 0.418694 -170.571
0.79625 -0.498024 -0.343454 -87.3622 0.330731 -0.117023 0.936442 405.086 -0.506562 -0.85923 0.071533 -198.716
0.853866 -0.459876 0.243781 -33.2464 -0.36091 -0.185631 0.91394 398.499 -0.375045 -0.868363 -0.324477 -225.719
0.547468 -0.471603 0.691282 10.4938 -0.836306 -0.279196 0.47185 356.593 -0.0295236 -0.836444 -0.547254 -236.153
-0.00779179 -0.52517 0.850963 23.9381 -0.939543 -0.287494 -0.18603 297.458 0.342343 -0.800964 -0.491179 -223.53
-0.60189 -0.458353 0.653944 -1.46713 -0.623448 -0.242028 -0.743462 248.242 0.49904 -0.85518 -0.140086 -195.8
-0.884656 -0.455187 0.10095 -52.5732 -0.0106412 -0.196747 -0.980397 232.111 0.466125 -0.868386 0.169209 -165.185
-0.785676 -0.405313 -0.467373 -107.053 0.580987 -0.223877 -0.782518 254.755 0.212531 -0.886341 0.411375 -145.847
-0.368137 -0.386353 -0.8457 -142.328 0.916362 -0.304693 -0.259699 305.853 -0.157343 -0.87057 0.466207 -147.932
0.265918 -0.329557 -0.905915 -140.421 0.858725 -0.346043 0.377951 363.461 -0.43804 -0.878434 0.19098 -171.28
0.839379 -0.212691 -0.500208 -97.7022 0.370802 -0.448811 0.813066 398.245 -0.39743 -0.867946 -0.297855 -199.696
0.955761 -0.234162 0.178021 -37.8475 -0.272707 -0.478558 0.834634 394.668 -0.110246 -0.846256 -0.521243 -214.264
0.579393 -0.270564 0.768831 8.63637 -0.753901 -0.536381 0.37938 355.189 0.309739 -0.799431 -0.514753 -203.489
-0.13527 -0.304493 0.942862 14.9257 -0.80559 -0.520203 -0.283574 302.605 0.576824 -0.797918 -0.174928 -171.41
-0.794485 -0.386559 0.468366 -25.2302 -0.29948 -0.421549 -0.855926 272.141 0.528305 -0.820285 0.219147 -136.49
-0.876714 -0.360325 -0.318653 -82.3045 0.451406 -0.387492 -0.803793 287.17 0.166152 -0.848537 0.502371 -118.813
-0.385426 -0.348013 -0.854597 -118.143 0.87765 -0.424233 -0.223065 336.271 -0.284917 -0.83601 0.468944 -128.462
0.438247 -0.28669 -0.85191 -104.868 0.715654 -0.462164 0.523684 386.949 -0.543856 -0.839174 0.00262925 -160.606
0.930453 -0.302451 -0.206839 -52.7301 0.0513023 -0.451401 0.890846 403.507 -0.362804 -0.839499 -0.40449 -188.01
0.797015 -0.333593 0.503472 1.92432 -0.603781 -0.460452 0.650718 377.778 0.0147493 -0.822617 -0.568402 -195.582
0.251763 -0.274401 0.928074 30.9093 -0.899561 -0.420035 0.119837 326.535 0.356939 -0.865028 -0.35259 -179.666
-0.43864 -0.25281 0.862371 18.1827 -0.762754 -0.40268 -0.506019 273.708 0.475186 -0.879735 -0.016201 -151.583
-0.91649 -0.256059 0.307378 -31.2066 -0.206969 -0.354043 -0.912041 247.606 0.342361 -0.899492 0.271479 -127.029
-0.874157 -0.255815 -0.412807 -89.2195 0.485592 -0.447809 -0.750779 265.024 0.00720163 -0.856752 0.515676 -118.585
-0.280713 -0.250056 -0.926647 -119.851 0.866481 -0.481274 -0.132614 314.359 -0.412809 -0.840147 0.351768 -137.521
0.448541 -0.24423 -0.859747 -106.356 0.68644 -0.521899 0.506382 362.721 -0.572373 -0.817296 -0.0664431 -172.198
0.918948 -0.352677 -0.176507 -55.0298 0.106229 -0.209664 0.971986 383.831 -0.379804 -0.911953 -0.155205 -196.469
0.768571 -0.321156 0.553316 -1.42333 -0.616721 -0.14188 0.774291 359.466 -0.170164 -0.936337 -0.307107 -210.773
0.0248718 -0.335705 0.94164 14.4575 -0.995918 -0.0900862 -0.00581187 300.811 0.0867793 -0.937649 -0.336575 -210.608
-0.782151 -0.341697 0.521042 -23.759 -0.540933 -0.0426573 -0.839984 256.053 0.309246 -0.938841 -0.151471 -194.413
-0.77811 -0.309369 -0.546661 -77.8204 0.579726 -0.018685 -0.814598 277.931 0.241797 -0.950758 0.193887 -177.011
0.272113 -0.334626 -0.902209 -75.2857 0.955988 -0.0129108 0.293122 338.767 -0.109734 -0.942262 0.316385 -178.547
0.944305 -0.326124 -0.0439698 -19.9329 0.04697 0.00132844 0.998896 356.601 -0.325705 -0.945325 0.0165728 -197.481
0.261908 -0.294719 0.918992 9.38507 -0.960343 0.0147828 0.278433 303.815 -0.0956451 -0.955469 -0.279159 -207.171
-0.838196 -0.27184 0.472791 -32.7213 -0.490187 -0.00446738 -0.871607 261.582 0.239049 -0.962331 -0.129508 -194.701
-0.729485 -0.285904 -0.621379 -84.8829 0.65533 -0.0318868 -0.754671 288.476 0.19595 -0.957727 0.210622 -179.534
0.360917 -0.279289 -0.889796 -77.1795 0.919707 -0.0514962 0.389214 348.419 -0.154524 -0.958824 0.238279 -184.498
0.957348 -0.278974 0.0752324 -19.844 -0.094409 -0.0559323 0.993962 358.147 -0.273081 -0.958668 -0.0798838 -201.251
0.293497 -0.214127 0.931671 11.6839 -0.95437 -0.00943109 0.29848 307.008 -0.0551262 -0.976759 -0.207124 -207.169
-0.728571 -0.265917 0.631248 -21.0896 -0.670222 0.0865416 -0.737099 256.5 0.141377 -0.960103 -0.241275 -202.132
-0.854067 -0.259936 -0.45056 -77.6177 0.455899 0.042997 -0.888993 269.417 0.250454 -0.964667 0.081782 -185.809
0.0834371 -0.161299 -0.983373 -87.7771 0.99651 0.0161542 0.0819025 328.648 0.00267509 -0.986773 0.162084 -182.665
0.931691 -0.167531 -0.322315 -38.3799 0.32772 0.00491511 0.944763 362.238 -0.156693 -0.985854 0.0594831 -190.353
0.653493 -0.213027 0.726339 10.9317 -0.747215 -0.0282726 0.663982 328.948 -0.120911 -0.976636 -0.177653 -199.6
-0.401258 -0.301173 0.865037 1.01171 -0.911149 0.0345146 -0.410632 269.579 0.0938144 -0.952944 -0.288262 -198.061
-0.966446 -0.25443 -0.0353389 -55.7028 -0.0239269 0.226143 -0.973801 253.17 0.255755 -0.940278 -0.224643 -186.115
-0.370088 -0.25403 -0.893592 -90.7296 0.8865 0.191034 -0.421457 297.711 0.277768 -0.948142 0.154498 -167.26
0.645058 -0.335326 -0.686628 -64.2101 0.758401 0.17108 0.628937 351.041 -0.0934298 -0.926438 0.364667 -166.512
0.88388 -0.312607 0.347901 -7.58278 -0.21192 0.395427 0.893716 352.624 -0.416951 -0.863663 0.283262 -185.864
0.284398 -0.260947 0.922511 23.2778 -0.799477 0.466509 0.378428 311.835 -0.529108 -0.845148 -0.0759468 -217.474
-0.449677 -0.181515 0.874554 10.7448 -0.818032 0.476831 -0.321648 259.864 -0.35863 -0.860049 -0.362904 -243.374
-0.909346 -0.193311 0.368405 -35.9151 -0.415219 0.477372 -0.77441 223.944 -0.0261639 -0.857173 -0.514362 -252.604
-0.936818 -0.215334 -0.275689 -94.3191 0.160715 0.435062 -0.885942 219.327 0.310715 -0.874272 -0.372966 -240.224
-0.499311 -0.255786 -0.827807 -136.015 0.73314 0.384433 -0.560997 253.171 0.461731 -0.887008 -0.00442404 -213.188
0.199763 -0.278523 -0.939426 -138.679 0.913623 0.399426 0.0758533 307.002 0.354104 -0.873431 0.334255 -187.541
0.777021 -0.42441 -0.464883 -100.695 0.62945 0.517172 0.579938 352.1 -0.00570668 -0.743242 0.668997 -177.237
0.803003 -0.268897 0.531866 -46.7033 0.0845728 0.934812 0.344929 361.658 -0.589944 -0.231997 0.773396 -199.161
0.104657 0.209087 0.972281 -26.2598 -0.131528 0.971972 -0.194863 350.706 -0.985771 -0.107488 0.129224 -253.37
-0.669594 0.295232 0.681531 -53.9651 0.0566725 0.935238 -0.349456 348.166 -0.740562 -0.195369 -0.64296 -304.236
-0.950231 0.274181 -0.147945 -108.868 0.300159 0.932913 -0.198943 361.277 0.0834737 -0.233448 -0.968779 -313.269
-0.417791 0.193856 -0.887622 -143.935 0.366332 0.929979 0.0306796 381.046 0.831415 -0.312346 -0.459551 -273.664
0.556271 0.136869 -0.819653 -124.666 0.170122 0.946697 0.27354 393.123 0.8134 -0.291602 0.503335 -221.916
0.977682 0.0752837 0.196142 -68.6624 -0.153187 0.894368 0.420287 389.385 -0.143783 -0.440952 0.885938 -217.832
0.169794 0.0952889 0.980863 -46.3988 -0.409507 0.912135 -0.0177242 365.412 -0.896367 -0.398659 0.193896 -264.781
-0.876591 0.120629 0.465874 -89.3398 -0.122855 0.879902 -0.459 351.617 -0.46529 -0.459589 -0.756493 -300.313
-0.738011 0.0667991 -0.671475 -139.253 0.374803 0.868054 -0.325586 367.301 0.561127 -0.491956 -0.665668 -277.536
0.347538 -0.0395885 -0.936831 -131.971 0.445804 0.88594 0.127943 392.881 0.824909 -0.462107 0.325546 -227.15
0.999692 -0.024827 0.00150308 -76.5868 0.0236038 0.966041 0.257312 396.426 -0.00784075 -0.257196 0.966326 -215.127
0.374201 0.22878 0.898685 -44.349 -0.281742 0.951331 -0.124869 378.096 -0.883513 -0.206471 0.420445 -258.725
-0.688356 0.406861 0.600527 -75.3133 -0.0233898 0.815005 -0.578982 368.403 -0.724996 -0.412591 -0.551496 -305.854
-0.847571 0.269581 -0.457112 -128.719 0.486882 0.737689 -0.46772 388.621 0.211118 -0.618984 -0.756496 -303.331
-0.00475901 -0.00036874 -0.99999 -142.03 0.597866 0.80159 -0.0031403 420.968 0.801582 -0.597873 -0.00359389 -258.202
0.843977 -0.0720301 -0.531523 -101.971 0.267001 0.915863 0.299844 438.75 0.465203 -0.394978 0.792198 -221.602
0.908086 -0.00501446 0.418756 -45.8004 -0.13348 0.944313 0.300762 434.174 -0.396944 -0.329012 0.856846 -232.352
0.196707 -0.0638489 0.978382 -22.4399 -0.295022 0.947777 0.121166 418.348 -0.935023 -0.312478 0.167597 -281.904
-0.659405 -0.0628455 0.749158 -49.5544 -0.251355 0.957583 -0.140912 401.384 -0.708523 -0.281222 -0.647231 -329.449
-0.993086 0.017647 -0.116064 -107.104 0.04698 0.965765 -0.255133 399.306 0.107588 -0.25882 -0.959914 -335.667
-0.453364 -0.022451 -0.891044 -144.163 0.232983 0.961943 -0.142778 409.076 0.860337 -0.272327 -0.430878 -292.762
0.436783 -0.108888 -0.892953 -131.511 0.304427 0.951971 0.032825 425.101 0.846489 -0.286175 0.448953 -239.166
0.951001 -0.255436 -0.174214 -80.8692 0.290811 0.930333 0.223409 442.374 0.10501 -0.263124 0.959029 -221.091
0.695963 -0.454378 0.556037 -35.1792 0.12754 0.840247 0.526991 454.494 -0.706661 -0.295848 0.642731 -251.29
-0.0420669 -0.427708 0.902939 -25.9892 -0.240544 0.881491 0.406341 444.725 -0.969726 -0.200102 -0.139964 -305.147
-0.740408 -0.35148 0.572939 -59.053 -0.410388 0.911457 0.0288048 420.949 -0.532332 -0.213799 -0.819092 -343.774
-0.941157 -0.176258 -0.288372 -114.798 -0.139264 0.979688 -0.144286 409.658 0.307946 -0.0956357 -0.946584 -338.191
-0.379797 0.175172 -0.908334 -147.966 0.190391 0.975689 0.108555 420.175 0.905265 -0.131709 -0.403914 -291.76
0.620212 0.293313 -0.727534 -121.993 0.0434018 0.913211 0.40517 426.074 0.783232 -0.282867 0.553653 -239.651
0.957078 0.194717 0.214681 -64.0132 -0.268713 0.873705 0.405504 414.13 -0.108609 -0.445786 0.888526 -233.759
0.316738 0.00746606 0.948484 -33.198 -0.407456 0.904076 0.128949 390.463 -0.856537 -0.427308 0.289397 -279.22
-0.518784 0.00826503 0.854866 -52.4451 -0.285105 0.941037 -0.182117 369.686 -0.805964 -0.338205 -0.485837 -332.041
-0.986774 0.119633 0.109392 -109.642 0.0711901 0.926064 -0.370591 367.069 -0.145638 -0.357901 -0.922331 -352.213
-0.770883 0.178443 -0.611473 -162.948 0.402596 0.880399 -0.25063 385.394 0.493616 -0.439381 -0.750524 -332.475
-0.176351 0.251101 -0.951761 -186.306 0.493905 0.858956 0.135102 414.22 0.851444 -0.446253 -0.275497 -285.591
0.393972 0.352233 -0.848952 -175.298 0.337945 0.803441 0.49018 438.56 0.854739 -0.480015 0.197497 -232.999
0.761923 0.256336 -0.594782 -140.455 0.139004 0.832224 0.536734 452.018 0.632575 -0.491626 0.598458 -188.727
0.964325 0.173426 -0.200004 -88.4537 -0.0159914 0.792305 0.609917 457.314 0.26424 -0.584958 0.766812 -163.164
0.989655 0.106482 0.0961519 -31.9181 -0.139026 0.877288 0.459391 453.379 -0.0354357 -0.468005 0.883015 -153.905
0.887664 0.0973391 0.450087 22.4428 -0.221233 0.947363 0.231433 442.153 -0.403867 -0.305008 0.862473 -166.045
0.733518 0.183173 0.654523 70.7387 -0.227439 0.973634 -0.0175907 427.116 -0.640487 -0.13596 0.755838 -193.595
0.606672 0.162185 0.778233 113.18 -0.143533 0.985226 -0.0934319 415.995 -0.781887 -0.0550189 0.620987 -230.542
0.490358 0.0482899 0.870183 150.036 -0.0062014 0.998632 -0.051924 413.276 -0.871499 0.0200656 0.489986 -273.504
0.46229 -0.0210383 0.88648 185.323 0.107632 0.993659 -0.0325478 417.155 -0.880172 0.110461 0.461622 -317.243
0.481974 -0.114584 0.868661 221.5 0.271694 0.962089 -0.0238412 430.264 -0.832996 0.247501 0.494833 -358.232
0.643169 -0.189934 0.741795 264.362 0.394968 0.91222 -0.108885 449.263 -0.655997 0.363017 0.661729 -387.644
0.775124 -0.313003 0.548829 311.075 0.468314 0.867726 -0.166537 470.918 -0.424105 0.386111 0.819177 -401.497
0.841002 -0.397423 0.367114 359.28 0.478877 0.86257 -0.16325 493.219 -0.251782 0.313096 0.915738 -404.672
0.869285 -0.464463 0.169171 407.295 0.485662 0.866243 -0.117289 516.683 -0.0920665 0.184118 0.978582 -398.25
0.88291 -0.469254 0.0164724 453.552 0.466738 0.873268 -0.139856 538.853 0.0512437 0.131169 0.990034 -383.978
0.876524 -0.465792 -0.121428 497.366 0.446236 0.880881 -0.157873 559.841 0.180499 0.0841946 0.979964 -362.808
0.858716 -0.479306 -0.181311 539.445 0.441813 0.871715 -0.211933 579.913 0.259632 0.101885 0.960317 -337.71
0.845778 -0.505282 -0.17132 581.38 0.451981 0.849176 -0.273157 599.964 0.283502 0.153597 0.94659 -311.441
0.833928 -0.527473 -0.162289 622.863 0.430158 0.805489 -0.40762 617.361 0.34573 0.270116 0.898614 -282.743
0.826865 -0.535186 -0.172836 663.563 0.413014 0.786435 -0.459283 633.042 0.381726 0.308381 0.871312 -252.459
0.808429 -0.56244 -0.173509 703.492 0.421222 0.758735 -0.496885 648.587 0.411115 0.32861 0.850293 -220.809
0.793079 -0.593301 -0.137916 742.852 0.437938 0.712763 -0.547889 664.331 0.423363 0.37412 0.825104 -188.861
0.810047 -0.565043 -0.156692 782.942 0.375079 0.704721 -0.602234 676.366 0.450711 0.429066 0.78279 -155.624
0.810404 -0.542681 -0.22078 821.961 0.29942 0.707548 -0.640098 684.1 0.50358 0.452632 0.735887 -120.426
0.802235 -0.582914 -0.128959 861.412 0.312988 0.594596 -0.740605 690.831 0.508387 0.553776 0.659449 -85.9247
0.809474 -0.577529 -0.105896 901.678 0.297373 0.558758 -0.774184 696.565 0.506283 0.59519 0.624039 -52.1718
0.825044 -0.548109 -0.137406 942.228 0.282245 0.610391 -0.74011 701.822 0.489531 0.57184 0.658299 -18.6945
0.83456 -0.538297 -0.117247 983.584 0.260282 0.572829 -0.777253 705.53 0.485555 0.618146 0.618167 14.0381
