1 0 0 0 0 1 0 0 0 0 1 0
0.324298 0.0549166 0.944359 0.865184 0.046838 0.996157 -0.0740131 -0.970753 -0.944795 0.0682342 0.32048 -0.0361858
-0.807751 0.135612 0.573714 1.19806 0.166651 0.986015 0.00156436 -1.11332 -0.565479 0.0968738 -0.819054 -0.879543
-0.761625 0.162671 -0.627268 -0.254291 0.0562011 0.980914 0.186144 -1.07326 0.645576 0.106519 -0.756231 -1.88412
0.386217 0.125197 -0.913872 -1.39822 -0.141129 0.987102 0.0755856 -1.71793 0.911548 0.0997813 0.398904 -0.302128
0.993371 0.07898 0.0835213 0.457576 -0.0564894 0.968205 -0.243697 -3.01389 -0.100113 0.237363 0.966249 1.19019
0.145335 0.0904815 0.985236 2.4182 0.292929 0.947228 -0.130202 -3.2144 -0.945024 0.307527 0.111161 -0.503509
-0.930767 0.214914 0.29578 0.931663 0.290931 0.925327 0.243164 -2.63375 -0.221434 0.312381 -0.923789 -2.36089
-0.319651 0.199572 -0.92628 -1.27756 -0.204942 0.939866 0.273222 -2.63192 0.925107 0.277169 -0.259528 -1.10062
0.907683 0.193733 -0.372261 0.0333387 -0.277661 0.942387 -0.18658 -3.5586 0.314667 0.272718 0.909181 1.6387
0.486345 0.187075 0.853505 3.0795 0.181613 0.933836 -0.308169 -3.82484 -0.854684 0.304884 0.420191 0.499727
-0.783678 0.22 0.580904 2.24863 0.350091 0.928934 0.12049 -2.55116 -0.513114 0.297794 -0.805005 -3.22312
-0.66634 0.210814 -0.715227 -2.09425 -0.0574055 0.941851 0.331093 -1.8981 0.743435 0.261678 -0.61549 -2.7031
0.724969 0.174024 -0.666435 -0.800087 -0.302363 0.949752 -0.0809145 -3.15844 0.618867 0.260166 0.741159 1.14521
0.703477 0.191235 0.684506 3.30458 0.0685872 0.940358 -0.333202 -3.2775 -0.707401 0.281348 0.648404 -0.145968
-0.624431 0.218573 0.749874 2.46436 0.370799 0.927923 0.0382993 -1.48815 -0.687454 0.301968 -0.660471 -4.35443
-0.810237 0.225468 -0.540999 -2.07097 0.017956 0.932161 0.361599 -0.359876 0.585827 0.283267 -0.75932 -3.58267
0.435867 0.213373 -0.874353 -2.15505 -0.343651 0.93734 0.0574326 -1.49112 0.831819 0.275439 0.481881 0.951082
0.923894 0.236271 0.300992 2.41417 -0.126174 0.930714 -0.343297 -2.66184 -0.361249 0.279193 0.889691 1.44578
-0.156746 0.26275 0.952047 4.26407 0.299782 0.931141 -0.207624 -1.76715 -0.941043 0.252862 -0.22472 -3.2006
-0.949884 0.308357 0.0513391 0.000198841 0.31217 0.927072 0.207575 0.0780164 0.0164123 0.213199 -0.976871 -5.79326
-0.226418 0.27259 -0.935109 -3.75712 -0.138952 0.941183 0.308005 -0.126397 0.964068 0.199673 -0.175224 -1.67893
0.890238 0.206499 -0.405998 -0.604726 -0.274234 0.954671 -0.115752 -2.42411 0.363692 0.214385 0.906514 2.7765
0.566751 0.255225 0.783361 4.75692 0.0717229 0.931915 -0.355515 -3.69292 -0.820762 0.257673 0.509857 -0.0603349
-0.657081 0.321306 0.681915 3.25023 0.396491 0.916683 -0.0498727 -2.20649 -0.641124 0.237603 -0.729729 -6.30292
-0.781459 0.315477 -0.538328 -3.39729 0.148724 0.932074 0.330331 -0.818231 0.605973 0.178078 -0.775296 -5.69509
0.396802 0.255186 -0.881719 -4.50292 -0.266135 0.951302 0.155556 -2.50667 0.878476 0.172931 0.445392 1.0931
0.946953 0.226131 0.228351 2.18498 -0.161829 0.94942 -0.269097 -5.18227 -0.277652 0.217869 0.935651 2.98844
-0.041613 0.264996 0.963351 5.63204 0.262439 0.93323 -0.245374 -5.12805 -0.964051 0.24261 -0.10838 -3.67092
-0.94289 0.306201 0.131144 0.0135226 0.325599 0.930311 0.16884 -3.03046 -0.0703058 0.201898 -0.97688 -8.25949
-0.307496 0.302045 -0.902339 -5.7336 -0.0549511 0.941065 0.333734 -2.51602 0.949961 0.152206 -0.272776 -3.43955
0.831296 0.249989 -0.496439 -2.58472 -0.294887 0.955448 -0.0126634 -5.00969 0.471156 0.15692 0.867979 3.07498
0.687594 0.270141 0.673972 4.0176 -0.0315257 0.938446 -0.343984 -7.27596 -0.725411 0.215274 0.653786 0.882894
-0.463169 0.320459 0.826305 4.04647 0.347418 0.92337 -0.163365 -6.33157 -0.815337 0.211408 -0.539009 -6.04645
-0.910891 0.335427 -0.240345 -2.51189 0.275538 0.927988 0.250834 -4.04964 0.307173 0.162258 -0.937719 -7.70967
-0.0231173 0.287897 -0.957382 -6.16094 -0.163393 0.943674 0.287721 -4.2043 0.98629 0.16308 0.0252252 -1.76228
0.912596 0.271542 -0.305668 -1.72817 -0.318895 0.940604 -0.116494 -6.70077 0.255879 0.203788 0.944985 3.33467
0.585894 0.279933 0.760504 4.27579 0.0256721 0.931562 -0.362676 -7.86225 -0.809981 0.232013 0.53861 0.467476
-0.527359 0.2966 0.796192 3.93173 0.368632 0.924169 -0.10011 -6.03375 -0.765508 0.240708 -0.596705 -6.10397
-0.910414 0.322089 -0.259623 -2.34764 0.237671 0.920882 0.309014 -3.47581 0.338612 0.219626 -0.914935 -7.23242
-0.0355068 0.329045 -0.943646 -5.80692 -0.219383 0.918643 0.328582 -3.57696 0.974992 0.218687 0.0395688 -1.16986
0.869957 0.342698 -0.354587 -1.93969 -0.400151 0.910814 -0.10147 -5.99413 0.28819 0.230163 0.929501 3.62306
0.621843 0.357765 0.696646 4.21496 -0.0467649 0.904929 -0.422986 -7.66615 -0.781745 0.230452 0.579454 0.896291
-0.494027 0.361628 0.790672 4.34622 0.375018 0.909083 -0.181467 -5.92114 -0.78441 0.206867 -0.584728 -5.58342
-0.908373 0.315721 -0.274189 -1.9868 0.235786 0.928242 0.2877 -3.22162 0.345346 0.196689 -0.917632 -7.18005
-0.0210153 0.303885 -0.952477 -5.88797 -0.192661 0.9336 0.302113 -2.71038 0.98104 0.189854 0.0389269 -1.38516
0.894897 0.321642 -0.309364 -1.74927 -0.371095 0.921382 -0.115513 -5.13577 0.247889 0.218176 0.943902 4.0116
0.581784 0.338636 0.739495 4.91552 -0.0201548 0.914928 -0.403115 -6.54975 -0.813094 0.219621 0.539115 1.25723
-0.516401 0.337556 0.78701 4.94329 0.36258 0.918776 -0.156163 -4.59222 -0.7758 0.204712 -0.596848 -6.11745
-0.915799 0.321933 -0.240148 -2.10787 0.258983 0.930351 0.259569 -1.77904 0.306985 0.175518 -0.935389 -7.80055
-0.0806463 0.292146 -0.952967 -6.28059 -0.16665 0.938672 0.301866 -1.78436 0.982712 0.183157 -0.0270142 -1.14109
0.8708 0.27331 -0.408667 -1.59327 -0.336564 0.937322 -0.0902936 -4.56624 0.358375 0.21617 0.908206 5.05189
0.68307 0.297648 0.666949 6.05162 -0.0258469 0.922467 -0.38521 -6.29084 -0.729895 0.245887 0.637803 1.94404
-0.368377 0.330038 0.869122 6.39025 0.363366 0.911614 -0.192161 -4.24163 -0.855724 0.245022 -0.455743 -6.37279
-0.92972 0.363949 -0.0562218 -1.37197 0.344414 0.913361 0.217142 -0.874827 0.13038 0.182518 -0.974519 -9.13854
-0.262724 0.309544 -0.91387 -7.386 -0.0364196 0.943286 0.329978 -0.153528 0.964183 0.119976 -0.236551 -2.26633
0.762913 0.241289 -0.599786 -3.66448 -0.263713 0.963196 0.0520498 -2.30981 0.59027 0.118462 0.798466 5.98195
0.871184 0.228184 0.434708 5.39362 -0.127184 0.960095 -0.249082 -4.4195 -0.474198 0.161708 0.86544 5.31076
0.0222236 0.260137 0.965316 9.42256 0.184716 0.947862 -0.259686 -3.89657 -0.982541 0.184081 -0.0269868 -3.0359
-0.836768 0.2618 0.480915 3.76956 0.307162 0.951515 0.0164616 -1.16881 -0.453288 0.161493 -0.876613 -10.5129
-0.830278 0.263341 -0.491212 -5.62654 0.170159 0.959027 0.226523 0.998377 0.530739 0.104493 -0.841069 -9.11779
-0.0745129 0.278578 -0.957519 -9.78181 -0.0417284 0.958476 0.282104 1.49579 0.996347 0.060976 -0.0597941 -0.826962
0.769265 0.275017 -0.576713 -5.55386 -0.265446 0.958602 0.103055 -0.349535 0.58118 0.0738094 0.810421 6.93278
0.883414 0.297398 0.362125 3.29327 -0.235572 0.949898 -0.205426 -2.85556 -0.405075 0.0961693 0.909211 7.06514
0.133738 0.323044 0.936887 7.93556 0.0527781 0.941716 -0.332243 -3.33119 -0.98961 0.0938807 0.108894 -1.32117
-0.752136 0.343316 0.562517 3.20808 0.321304 0.936295 -0.141829 -0.62129 -0.575373 0.0740646 -0.814531 -9.4528
-0.86109 0.320647 -0.3946 -6.32922 0.270361 0.94602 0.178746 2.84482 0.430614 0.0472323 -0.9013 -8.2995
-0.0908702 0.286664 -0.953712 -9.99047 -0.0666124 0.95378 0.293031 3.39153 0.993633 0.0901568 -0.0675745 1.74241
0.794714 0.294008 -0.531025 -3.11459 -0.303694 0.950081 0.0715243 0.812731 0.525546 0.104428 0.844332 9.96098
0.838199 0.287504 0.463425 7.4852 -0.19543 0.951667 -0.236931 -1.90727 -0.509146 0.108028 0.853874 7.02245
-0.0437598 0.330068 0.942942 9.90003 0.161801 0.933727 -0.319334 -0.971804 -0.985853 0.138595 -0.0942653 -4.36689
-0.874237 0.337262 0.349233 0.726851 0.376452 0.925142 0.0489443 3.54902 -0.306584 0.174259 -0.935757 -10.7916
-0.667012 0.337606 -0.664167 -9.4278 0.125783 0.929674 0.346245 5.95498 0.734353 0.147408 -0.662569 -3.8043
0.41396 0.304028 -0.858023 -7.67501 -0.287744 0.937951 0.193525 3.22868 0.863621 0.16678 0.475757 8.65698
0.944314 0.285786 0.163083 5.10305 -0.24282 0.939723 -0.240745 -0.851005 -0.222055 0.187739 0.956789 9.90521
0.0785391 0.299352 0.950905 10.141 0.150798 0.939308 -0.308157 0.252552 -0.98544 0.167597 0.0286304 -3.45814
-0.889604 0.259326 0.375971 -0.604755 0.310821 0.946896 0.0823266 5.3935 -0.334656 0.190098 -0.922967 -11.7749
-0.651598 0.262467 -0.71171 -12.7274 -0.00945421 0.93535 0.353597 7.28984 0.758506 0.237132 -0.60699 -3.25331
0.409102 0.293759 -0.86391 -10.2934 -0.374195 0.917503 0.134783 3.06738 0.832234 0.268131 0.485276 10.8119
0.949554 0.309852 0.0483521 3.85444 -0.281962 0.911033 -0.30086 -2.02376 -0.137273 0.27205 0.952442 12.8668
0.350956 0.314144 0.882124 12.6927 0.152847 0.910192 -0.384951 -1.20215 -0.923833 0.269931 0.271421 0.708878
-0.652812 0.319694 0.686755 5.93576 0.392055 0.918307 -0.0548083 4.10199 -0.648174 0.233466 -0.72482 -11.7445
-0.865809 0.306602 -0.395437 -8.24916 0.176964 0.926832 0.331157 7.87162 0.468037 0.216741 -0.856718 -8.59789
0.859429 0.324039 -0.395449 2.6334 -0.389054 0.916338 -0.0946645 1.43894 0.33169 0.235208 0.913597 0.486056
-0.274143 0.355088 0.893733 2.51518 0.262953 0.921599 -0.285501 4.11558 -0.925042 0.156742 -0.346021 -14.7883
-0.556002 0.339583 -0.758647 -8.73859 0.185833 0.940416 0.284751 7.95727 0.810141 0.0173401 -0.585979 -5.47514
0.965006 0.262211 0.00279165 5.01291 -0.260042 0.958284 -0.11862 3.95108 -0.0337788 0.113743 0.992936 -2.10305
-0.662761 0.373203 0.649205 -1.86777 0.379122 0.914865 -0.138883 8.99625 -0.645767 0.154082 -0.747827 -13.8541
0.0845722 0.336757 -0.937786 -4.12971 -0.162667 0.933197 0.32044 8.11964 0.98305 0.125447 0.133702 0.708184
0.293085 -0.00801444 0.956053 4.06937 0.036356 0.999335 -0.00276803 8.94996 -0.955395 0.0355695 0.293181 -10.7874
-0.68844 0.0202814 -0.725009 -9.77035 -0.0536678 0.995444 0.0788075 9.03022 0.723305 0.093164 -0.684216 -4.31987
0.948531 0.0477121 0.31307 5.27626 -0.0467093 0.998851 -0.0107076 8.79634 -0.313222 -0.00446683 0.94967 -3.10163
-0.976979 -0.0929991 0.191998 -7.34416 -0.0628186 0.985488 0.157694 9.06868 -0.203877 0.142003 -0.968643 -11.3222
0.720969 -0.0686884 -0.689554 -0.105455 -0.171049 0.946645 -0.273139 5.81507 0.671525 0.314872 0.670754 2.18178
-0.0769617 -0.258794 0.962861 2.65567 0.175236 0.947182 0.268586 11.0248 -0.981514 0.189399 -0.0275468 -12.4649
-0.432844 -0.226086 -0.872657 -8.61983 -0.418749 0.907687 -0.027459 5.13202 0.798308 0.353539 -0.48756 -1.69758
0.491566 -0.117439 0.862885 3.17743 0.418796 0.900641 -0.116001 11.8244 -0.763527 0.418395 0.491908 -11.5615
-0.666875 -0.291791 -0.685665 -11.6578 -0.375765 0.92627 -0.0287152 5.78634 0.64349 0.238499 -0.727351 -4.51262
0.858972 -0.224144 0.460353 5.47968 0.393899 0.863693 -0.314447 11.3193 -0.327123 0.451435 0.83018 -5.50727
-0.975898 -0.204457 -0.0762871 -11.4833 -0.217661 0.886823 0.407638 9.89924 -0.0156912 0.414418 -0.909952 -9.81972
0.85815 -0.2993 -0.41713 0.471254 0.0516823 0.858722 -0.509828 9.08282 0.510791 0.415951 0.752382 2.034
-0.527997 -0.205911 0.823905 -4.27539 0.263332 0.882647 0.389347 15.9679 -0.807388 0.422535 -0.411813 -13.0404
0.114821 -0.316071 -0.941762 -7.17493 -0.374302 0.864393 -0.33574 8.85312 0.920171 0.391054 -0.0190549 2.11409
0.567396 -0.277208 0.775382 6.28101 0.454271 0.890754 -0.0139636 16.7168 -0.686804 0.360157 0.631338 -5.47101
-0.948386 -0.303358 -0.092397 -9.93244 -0.315821 0.877209 0.361608 13.8542 -0.028645 0.372126 -0.927741 -11.059
0.740067 -0.0378348 -0.671468 -2.03808 -0.279777 0.890602 -0.358542 6.74629 0.611576 0.453207 0.64852 3.52056
0.0903798 -0.140175 0.985993 6.00525 0.223126 0.967727 0.117125 10.825 -0.970591 0.209415 0.118739 -11.8836
-0.698942 -0.357538 -0.619392 -9.53125 -0.593602 0.773075 0.223589 2.13936 0.398895 0.523949 -0.75257 -10.2009
0.993792 0.0184987 -0.109703 6.37576 -0.0691353 0.875251 -0.478702 -2.26473 0.0871619 0.483315 0.871097 -3.33457
-0.477919 -0.343529 0.808444 3.38659 0.0933411 0.895283 0.435609 1.80237 -0.873431 0.283647 -0.395808 -20.4352
-0.290013 -0.253628 -0.922803 -6.72781 -0.526771 0.847336 -0.0673362 -7.47147 0.799003 0.466578 -0.379342 -9.48866
0.966072 -0.136062 0.219524 10.8135 0.208849 0.911596 -0.354083 -6.11929 -0.151941 0.387918 0.909084 -6.76379
-0.667686 -0.0880338 0.73922 4.04233 0.199646 0.935434 0.291727 -1.21353 -0.717173 0.342365 -0.607001 -22.4663
-0.294705 -0.162121 -0.941735 -6.1404 -0.264473 0.960845 -0.0826473 -6.39186 0.918261 0.224707 -0.326043 -9.25684
0.91495 -0.241698 0.323184 10.8506 0.311969 0.931612 -0.186479 -3.04339 -0.25601 0.271443 0.927781 -8.49879
-0.834407 -0.158299 0.527927 0.931443 0.0253341 0.945837 0.323652 -1.49591 -0.550566 0.283432 -0.785203 -21.9462
0.0393793 -0.177633 -0.983308 -3.74782 -0.242685 0.952906 -0.18186 -7.44771 0.969306 0.245796 -0.0055836 -6.70897
0.733701 -0.194637 0.650999 12.0418 0.331175 0.939024 -0.0924959 -3.52693 -0.593301 0.283459 0.753422 -11.7805
-0.966239 -0.101973 -0.23661 -4.35501 -0.157888 0.960056 0.231005 -5.63379 0.203603 0.260564 -0.943744 -14.2195
0.932031 -0.194411 -0.305816 9.22886 0.107104 0.953993 -0.280047 -6.22 0.34619 0.228259 0.909973 -3.8164
-0.703478 -0.118878 0.700705 1.18336 0.12797 0.948611 0.289413 -3.40657 -0.699101 0.293265 -0.652115 -18.6847
0.288572 -0.14476 -0.946452 1.60203 -0.170968 0.964826 -0.199698 -7.79221 0.94207 0.21944 0.253673 -1.68428
0.119564 -0.141791 0.982649 8.43496 0.319755 0.942512 0.0970929 -2.66117 -0.939926 0.302599 0.158029 -16.8457
-0.531634 -0.0843782 -0.842761 -4.45614 -0.247245 0.967146 0.0591363 -7.08182 0.810084 0.239808 -0.53503 -6.14145
0.844535 -0.131617 0.519074 12.0707 0.259375 0.948572 -0.181483 -3.97705 -0.468493 0.287904 0.83524 -10.5085
-0.989491 -0.0581592 -0.132385 -4.93558 -0.0918872 0.959825 0.265128 -4.5807 0.111647 0.274507 -0.955082 -13.2815
0.933453 -0.0841566 -0.348689 9.07041 -0.00714503 0.967533 -0.252643 -6.28181 0.358629 0.238322 0.902545 -3.09588
-0.593478 -0.0620331 0.802456 2.77894 0.208941 0.950968 0.228041 -2.2605 -0.777256 0.303004 -0.551418 -18.7593
0.0756923 -0.0514919 -0.995801 -0.439986 -0.239683 0.968446 -0.068296 -7.30638 0.967896 0.243846 0.0609626 -2.53017
0.501018 -0.0789489 0.861828 11.8578 0.299207 0.950223 -0.0868956 -3.18756 -0.812069 0.301401 0.499701 -14.2884
-0.905164 -0.0115293 -0.424906 -5.55094 -0.130734 0.958728 0.252484 -4.94612 0.404459 0.28409 -0.869314 -12.1087
0.988929 -0.0592969 -0.13603 10.7656 0.0179974 0.957852 -0.286697 -6.7364 0.147297 0.281075 0.948315 -5.07424
-0.755696 -0.0303023 0.654221 0.670067 0.183146 0.949297 0.255524 -2.92518 -0.628792 0.312917 -0.711831 -19.4043
0.258192 -0.0626195 -0.964062 0.701653 -0.233338 0.964311 -0.125127 -8.28088 0.937492 0.25726 0.234366 -2.01239
0.392047 -0.0791887 0.916531 11.5383 0.327005 0.943217 -0.0583825 -3.45571 -0.859865 0.322599 0.39568 -15.6136
-0.889006 -0.0202724 -0.457447 -6.56216 -0.149258 0.957284 0.247645 -5.64453 0.432887 0.288436 -0.854057 -12.1313
0.989075 -0.116721 -0.090043 10.8846 0.085148 0.950951 -0.297392 -6.46103 0.120338 0.286476 0.9505 -5.67513
-0.7815 -0.0689122 0.620088 -0.169351 0.14483 0.946694 0.287738 -3.17315 -0.606863 0.314675 -0.729862 -20.281
0.234514 -0.121972 -0.96443 -0.145004 -0.190946 0.96699 -0.168727 -8.19069 0.953175 0.223724 0.203483 -2.59085
0.426515 -0.137957 0.893898 11.6997 0.322224 0.946632 -0.00765029 -3.2853 -0.845137 0.291299 0.448206 -15.922
-0.922569 -0.0550283 -0.381887 -6.40883 -0.148752 0.963988 0.220452 -5.59375 0.356004 0.260189 -0.897532 -14.4132
0.959308 -0.111879 -0.25925 9.02739 0.0408213 0.963458 -0.264728 -6.88052 0.279394 0.243373 0.928821 -4.79369
-0.587345 -0.0674801 0.806518 3.13027 0.228456 0.942169 0.245202 -2.33159 -0.776423 0.328273 -0.537963 -21.038
-0.0956382 -0.064372 -0.993332 -3.23738 -0.231416 0.972002 -0.0407089 -7.36704 0.968143 0.22598 -0.107857 -5.32012
0.694787 -0.151074 0.70317 12.0947 0.321516 0.9398 -0.115769 -3.45071 -0.64335 0.306515 0.701534 -13.0007
-0.997947 -0.0434092 -0.0470943 -5.33298 -0.0550794 0.956906 0.285126 -4.09115 0.0326881 0.287135 -0.957332 -17.4093
0.756815 -0.131282 -0.640309 4.98714 -0.0648873 0.959692 -0.273459 -7.37515 0.6504 0.248506 0.717792 -2.76105
-0.204615 -0.116969 0.971829 5.70375 0.329542 0.926645 0.180915 -2.07703 -0.921702 0.357276 -0.15106 -19.5507
-0.459774 -0.0777029 -0.88463 -5.92741 -0.266321 0.962377 0.0538849 -7.53384 0.847161 0.260371 -0.46317 -6.79903
0.909398 -0.170376 0.37943 11.939 0.265737 0.939785 -0.214912 -4.90848 -0.319968 0.29627 0.899914 -8.39366
-0.926179 -0.0634241 0.371712 -1.9792 0.0610328 0.947542 0.313749 -3.19489 -0.372112 0.313275 -0.873723 -19.3916
0.438853 -0.0800403 -0.894987 1.5787 -0.183463 0.967061 -0.176446 -8.00192 0.87963 0.241632 0.409714 -2.91363
0.25853 -0.10805 0.959941 10.4612 0.342552 0.939402 0.0134826 -2.83489 -0.903228 0.325344 0.279876 -16.6246
-0.869596 -0.00246155 -0.493758 -5.94125 -0.145387 0.956932 0.251282 -4.50845 0.471875 0.2903 -0.832503 -13.1267
0.92696 -0.0870349 -0.364925 7.44182 -0.0154658 0.963025 -0.268968 -6.58658 0.374841 0.254966 0.89134 -2.98903
-0.242639 -0.0731641 0.967354 7.53686 0.275681 0.950842 0.141064 -1.88745 -0.930122 0.300909 -0.210542 -19.3985
-0.763454 -0.0482427 -0.644058 -7.70732 -0.173478 0.975878 0.13254 -4.68112 0.622128 0.212918 -0.753407 -12.2405
0.914269 -0.0645194 -0.399936 5.52659 -0.0185341 0.97954 -0.200393 -6.60757 0.404682 0.190626 0.894368 -1.46452
-0.15141 -0.0594604 0.986681 7.94947 0.144808 0.986085 0.0816458 -4.29779 -0.977807 0.155241 -0.140693 -18.5317
-0.782144 -0.0224177 -0.622694 -7.60902 -0.0998182 0.990954 0.0897027 -5.99548 0.615051 0.132317 -0.777306 -12.1561
0.903485 -0.0732059 -0.422322 5.1957 0.0194859 0.991303 -0.130147 -7.07863 0.428177 0.109357 0.897054 -0.482863
-0.0280193 -0.117474 0.99268 9.46143 0.168277 0.978343 0.120527 -4.51516 -0.985342 0.170423 -0.00764484 -16.614
-0.92694 -0.038174 -0.373261 -7.13761 -0.109623 0.978958 0.172114 -5.96737 0.358837 0.200458 -0.911621 -14.8019
0.720304 -0.0143852 -0.693509 1.31202 -0.0810412 0.991193 -0.104732 -7.88753 0.688908 0.131642 0.712795 -0.702719
0.349733 -0.051865 0.935412 10.6108 0.13982 0.990173 0.0026251 -5.61363 -0.926357 0.129871 0.353548 -13.7448
-0.998814 -0.0142611 0.046539 -4.61502 -0.00787677 0.99087 0.134585 -5.2783 -0.048033 0.134059 -0.989809 -18.6923
0.254025 -0.0116104 -0.967128 -4.95205 -0.092608 0.995041 -0.0362698 -7.14527 0.962754 0.0987774 0.251691 -3.19571
0.877128 -0.0609309 0.476375 10.5922 0.0948817 0.994353 -0.0475185 -6.28396 -0.470791 0.0868792 0.877957 -6.1869
-0.626437 0.00231205 0.779468 4.66224 0.0881492 0.99379 0.0678952 -4.97635 -0.774472 0.111242 -0.622752 -21.1318
-0.654834 -0.00191409 -0.75577 -9.29556 -0.0935936 0.992504 0.0785802 -5.96391 0.749956 0.122192 -0.650105 -13.0109
0.880168 -0.00328013 -0.474651 1.59266 -0.0390171 0.996092 -0.0792347 -7.31857 0.473056 0.0882595 0.876601 -1.21905
0.216444 -0.0742402 0.973468 9.73778 0.120168 0.991548 0.0489004 -5.86736 -0.968872 0.106396 0.223536 -14.6138
-0.99622 -0.0438951 0.0749518 -4.24901 -0.0253984 0.972407 0.231902 -5.28241 -0.0830626 0.229123 -0.969847 -20.6779
-0.0664493 -0.0304992 -0.997323 -10.4631 -0.184272 0.982714 -0.0177748 -7.97843 0.980627 0.182598 -0.0709204 -7.09329
0.990222 -0.137646 0.0226434 4.03292 0.139201 0.964471 -0.224538 -7.03414 0.00906744 0.225495 0.974202 -2.44019
-0.125734 -0.19729 0.972249 6.59066 0.17074 0.961099 0.217108 -3.3031 -0.977261 0.1933 -0.0871577 -16.5134
-0.969473 -0.214525 -0.11875 -7.57593 -0.237176 0.943313 0.232178 -5.39874 0.0622113 0.253256 -0.965397 -19.8506
0.121989 -0.175972 -0.976807 -10.164 -0.228527 0.952736 -0.200175 -9.18336 0.965865 0.247646 0.0760097 -5.67365
0.979244 -0.18033 0.0925337 3.58204 0.196034 0.958646 -0.206322 -7.11919 -0.0515013 0.22018 0.974099 -1.52952
-0.129764 -0.18474 0.974183 6.02403 0.197224 0.95805 0.207951 -3.45204 -0.971733 0.219117 -0.0878854 -14.8612
-0.980459 -0.188239 -0.0571514 -6.51203 -0.196552 0.949489 0.244617 -5.0698 0.00821873 0.251071 -0.967934 -19.169
-0.0956563 -0.128727 -0.987056 -12.1763 -0.279605 0.955155 -0.0974698 -9.19393 0.955338 0.266663 -0.127359 -7.92447
0.968756 -0.133882 -0.208775 -1.58488 0.0757782 0.961311 -0.264838 -9.79954 0.236154 0.240743 0.941421 -0.0939407
0.206277 -0.163193 0.964789 6.0601 0.305317 0.947501 0.0949904 -5.58894 -0.929641 0.274972 0.245272 -9.90531
-0.962487 -0.238682 0.129037 -5.54825 -0.193589 0.937311 0.289779 -6.16678 -0.190112 0.253928 -0.948355 -17.5167
-0.207647 -0.25859 -0.943405 -13.5446 -0.339115 0.923648 -0.178534 -11.4285 0.917542 0.282851 -0.279484 -6.64095
0.931455 -0.266881 -0.247317 -2.50346 0.18242 0.930641 -0.317223 -10.6345 0.314824 0.250364 0.915535 2.98004
0.246 -0.301042 0.921335 6.45415 0.351113 0.913664 0.204787 -4.4685 -0.90344 0.273116 0.330461 -8.06872
-0.913132 -0.301355 0.274544 -4.85852 -0.190191 0.910593 0.366944 -5.10606 -0.360577 0.282853 -0.888807 -18.528
-0.398493 -0.270016 -0.876524 -15.7726 -0.385688 0.916409 -0.106958 -11.1549 0.832135 0.295442 -0.469324 -9.90354
0.856441 -0.274439 -0.437255 -6.84086 0.109503 0.924292 -0.365642 -12.112 0.504497 0.26527 0.821653 2.4407
0.396001 -0.272784 0.876796 4.26742 0.361633 0.924018 0.124145 -6.07617 -0.844041 0.267918 0.464559 -6.14035
-0.880429 -0.297791 0.369006 -5.82555 -0.155379 0.916417 0.368832 -5.79761 -0.447998 0.267395 -0.853111 -17.7583
-0.34014 -0.26426 -0.90248 -16.3913 -0.384507 0.914894 -0.122976 -12.2447 0.858172 0.305181 -0.412802 -8.20914
0.925 -0.280652 -0.256143 -4.72499 0.177356 0.915085 -0.362167 -12.0756 0.336035 0.289577 0.896229 1.98536
0.20229 -0.305354 0.930504 3.2301 0.328661 0.916211 0.229213 -6.08838 -0.922529 0.259453 0.285698 -9.00187
-0.927939 -0.331316 0.17076 -8.38902 -0.250039 0.893075 0.374029 -7.57266 -0.276422 0.30438 -0.911561 -17.4268
-0.101436 -0.291673 -0.951124 -14.9202 -0.35941 0.902228 -0.238347 -13.5386 0.927651 0.317667 -0.196348 -5.57193
0.959042 -0.280683 0.0381576 -1.97863 0.280528 0.922442 -0.265337 -11.2499 0.039277 0.265174 0.9634 0.211318
-0.226732 -0.31764 0.920705 -0.472409 0.215569 0.905511 0.365484 -6.16227 -0.949801 0.281343 -0.136836 -13.2144
-0.849846 -0.330463 -0.410556 -14.1681 -0.432288 0.882693 0.184337 -10.895 0.301479 0.334137 -0.893008 -13.4419
0.563938 -0.288786 -0.773677 -10.4741 -0.104428 0.904404 -0.4137 -14.2117 0.819188 0.314095 0.479871 0.110156
0.621296 -0.33905 0.706424 1.06532 0.445254 0.894607 0.0377712 -8.04989 -0.644779 0.291071 0.706779 -4.94289
-0.777041 -0.347992 0.524509 -6.60969 -0.0742353 0.878129 0.472628 -6.69175 -0.625057 0.328315 -0.708176 -16.7762
-0.319993 -0.326215 -0.889488 -15.4573 -0.424636 0.888653 -0.173146 -13.1459 0.846929 0.322303 -0.422885 -7.64002
0.948445 -0.304503 -0.0879197 -3.12204 0.258557 0.9038 -0.341017 -11.4372 0.183302 0.300704 0.935937 -0.327479
-0.14158 -0.336217 0.931081 -0.547244 0.277819 0.889261 0.363361 -5.95586 -0.950143 0.310117 -0.032495 -13.0825
-0.869125 -0.33262 -0.366041 -13.7248 -0.42429 0.881737 0.206199 -10.8585 0.254166 0.33452 -0.907467 -13.877
0.56623 -0.310891 -0.763367 -9.54728 -0.0962837 0.894851 -0.435857 -14.1296 0.818604 0.320296 0.476758 -0.896029
0.565604 -0.367567 0.738231 1.02227 0.470457 0.879037 0.0772285 -7.77991 -0.67732 0.303626 0.670111 -6.63892
-0.855861 -0.368313 0.363109 -8.81798 -0.178195 0.869059 0.461502 -8.46207 -0.485539 0.330277 -0.809425 -16.2357
-0.141939 -0.33909 -0.929984 -14.4076 -0.408253 0.875925 -0.257069 -14.6964 0.901766 0.343181 -0.262762 -5.55608
0.936303 -0.342255 -0.0787246 -2.6315 0.304533 0.902892 -0.303391 -11.6309 0.174917 0.260093 0.949608 0.659569
0.0452788 -0.359069 0.932212 1.82692 0.292313 0.897088 0.331341 -6.55937 -0.95525 0.257495 0.145579 -11.1192
-0.933218 -0.358742 -0.0201858 -10.1837 -0.349772 0.894154 0.279552 -9.9041 -0.0822375 0.267944 -0.959918 -16.7097
0.0969262 -0.342844 -0.934379 -13.4849 -0.240909 0.902802 -0.356247 -14.8063 0.965696 0.25963 0.00491139 -4.64011
0.909933 -0.336548 0.242399 -0.68753 0.379911 0.910803 -0.161573 -10.8835 -0.166401 0.239111 0.956628 -2.30398
-0.346604 -0.35615 0.867769 -1.33185 0.114154 0.902224 0.415886 -7.84946 -0.931039 0.243207 -0.272059 -14.9081
-0.8485 -0.338672 -0.406632 -13.589 -0.404226 0.910703 0.0849805 -12.4645 0.341541 0.236477 -0.909631 -14.6667
0.510282 -0.340366 -0.789786 -10.2224 0.00380744 0.919234 -0.393693 -14.0006 0.859998 0.197888 0.470365 -1.93088
0.67134 -0.366862 0.643983 0.634474 0.409375 0.907874 0.0904277 -8.96198 -0.617831 0.202924 0.759676 -6.80812
-0.801486 -0.357551 0.47935 -7.29252 -0.196714 0.914597 0.353294 -10.3571 -0.564732 0.188866 -0.803372 -16.6959
-0.174381 -0.347594 -0.921287 -12.6198 -0.255726 0.919506 -0.298518 -14.6486 0.950892 0.183541 -0.249233 -5.8265
0.934307 -0.334629 0.122856 -0.717565 0.350055 0.926369 -0.138932 -10.9501 -0.0673198 0.172811 0.982652 -3.73032
-0.397772 -0.345704 0.849862 -2.91071 0.00357235 0.925706 0.378228 -10.0596 -0.917477 0.153485 -0.366985 -16.0586
-0.628669 -0.409625 -0.661046 -12.6065 -0.405012 0.898112 -0.171351 -16.0126 0.663883 0.160009 -0.730518 -10.0401
0.833388 -0.391712 -0.389906 -2.92413 0.264556 0.902129 -0.340842 -13.8789 0.485257 0.180902 0.855453 -2.0657
0.0787984 -0.3847 0.919672 0.109224 0.228758 0.904901 0.358921 -10.4999 -0.970289 0.182101 0.159307 -13.7927
-0.90543 -0.361716 -0.222165 -11.2426 -0.391492 0.913868 0.107611 -15.1854 0.164106 0.184411 -0.969052 -13.8592
0.47407 -0.382641 -0.792996 -7.2186 0.0714416 0.914381 -0.398502 -15.5567 0.877584 0.132266 0.460818 -1.84406
0.619146 -0.421587 0.662513 1.9071 0.41933 0.890811 0.174982 -10.315 -0.663944 0.169472 0.728325 -8.50795
-0.801599 -0.435628 0.409471 -6.92493 -0.297934 0.884859 0.358135 -13.4085 -0.518337 0.165086 -0.839091 -17.0142
-0.0896708 -0.41027 -0.907545 -10.0257 -0.21068 0.898409 -0.385324 -16.9464 0.973434 0.15665 -0.166996 -5.04656
0.83815 -0.426161 0.340427 1.56689 0.453383 0.891316 -0.000466583 -11.3112 -0.30323 0.154735 0.940271 -6.78374
-0.704612 -0.457831 0.542137 -6.04305 -0.255472 0.876453 0.408123 -13.6501 -0.662009 0.149068 -0.734523 -17.6819
-0.0991679 -0.452326 -0.886322 -9.73841 -0.211023 0.880013 -0.425495 -17.6654 0.972438 0.14484 -0.18272 -5.3538
0.787305 -0.496396 0.365707 1.3941 0.502554 0.860279 0.0857956 -10.7356 -0.357199 0.11624 0.926767 -7.14855
-0.693809 -0.503146 0.515241 -5.27165 -0.327303 0.8576 0.396731 -13.5044 -0.641484 0.106616 -0.759691 -17.6474
-0.0441765 -0.497416 -0.866386 -8.67929 -0.14652 0.861081 -0.4869 -17.1257 0.988221 0.105434 -0.11092 -5.69751
0.750489 -0.498701 0.433662 1.67197 0.478799 0.862593 0.163358 -10.6775 -0.455541 0.0850386 0.886144 -8.78611
-0.780864 -0.519656 0.34671 -7.22329 -0.425132 0.848708 0.314575 -15.0133 -0.457726 0.0982433 -0.883649 -17.0843
0.19047 -0.490494 -0.850374 -7.35331 -0.0175663 0.864391 -0.502514 -16.4762 0.981536 0.110652 0.156025 -4.56426
0.574045 -0.502751 0.646308 1.88929 0.404886 0.860347 0.309631 -10.4021 -0.711716 0.0839392 0.697434 -11.5927
-0.861075 -0.507138 -0.0368914 -9.33329 -0.507518 0.852727 0.12362 -16.4361 -0.0312338 0.12517 -0.991644 -15.05
0.615274 -0.474809 -0.629281 -2.52157 0.247062 0.874189 -0.418036 -13.9454 0.748597 0.101735 0.655174 -3.6683
0.0261259 -0.496681 0.86754 -0.096247 0.104963 0.864402 0.491724 -11.1694 -0.994133 0.0782132 0.0747159 -16.6346
-0.617086 -0.480895 -0.622852 -9.91149 -0.425705 0.869718 -0.249733 -17.378 0.661802 0.111045 -0.741409 -9.16227
0.882146 -0.470946 -0.00535819 2.33624 0.467734 0.877349 -0.107168 -11.1297 0.0551707 0.092032 0.994227 -6.58137
-0.597111 -0.492621 0.633075 -4.82128 -0.266459 0.866209 0.422709 -13.7141 -0.75661 0.0837157 -0.648486 -18.3383
-0.0177009 -0.510228 -0.859857 -6.70691 -0.122123 0.854657 -0.504627 -16.5192 0.992357 0.0960764 -0.0774381 -4.36131
0.582213 -0.522655 0.622784 2.54529 0.417336 0.8495 0.322772 -9.89688 -0.697753 0.0719885 0.712712 -13.3188
-0.847709 -0.53045 -0.00345666 -9.74061 -0.527423 0.842138 0.112376 -17.1512 -0.0566985 0.097086 -0.99366 -15.9117
0.614524 -0.521401 -0.592031 -2.24683 0.281267 0.845943 -0.453067 -13.8704 0.737054 0.111903 0.666506 -4.16299
-0.107001 -0.544447 0.831942 -1.91636 0.0698998 0.830557 0.552531 -11.5925 -0.991799 0.117274 -0.0508141 -18.1121
-0.392068 -0.501189 -0.771422 -8.48411 -0.358874 0.855449 -0.373386 -17.0429 0.84705 0.130451 -0.515257 -7.69594
0.740495 -0.497734 0.451584 2.19548 0.485885 0.860716 0.151936 -10.2278 -0.464309 0.106911 0.879197 -12.172
-0.870124 -0.492009 -0.0284866 -8.97108 -0.490855 0.860008 0.139457 -16.3195 -0.0441148 0.135328 -0.989818 -14.226
0.70438 -0.483137 -0.520027 -0.0551186 0.342355 0.873006 -0.347354 -12.5735 0.621805 0.0666359 0.780332 -5.31994
-0.310725 -0.51545 0.7986 -3.18317 -0.0286161 0.844882 0.534188 -12.7714 -0.950069 0.143133 -0.277276 -17.7568
-0.242518 -0.452287 -0.858267 -6.74307 -0.206521 0.888468 -0.409846 -16.2233 0.947911 0.0778558 -0.308876 -5.57629
0.675091 -0.549296 0.492469 2.6344 0.478844 0.834077 0.273908 -10.3457 -0.561214 0.0509031 0.826104 -12.0028
-0.865064 -0.501026 -0.0252512 -8.07483 -0.501635 0.863401 0.053871 -17.5161 -0.00518835 0.0592693 -0.998229 -12.9354
0.722317 -0.52951 -0.444834 1.39953 0.446627 0.848277 -0.284521 -12.6851 0.527998 0.00683989 0.849218 -5.50964
-0.414779 -0.514384 0.750578 -3.32869 -0.144659 0.851668 0.503722 -14.5591 -0.89835 0.100356 -0.427665 -17.8788
-0.159501 -0.433778 -0.88679 -6.33765 -0.170917 0.896859 -0.407961 -17.4506 0.97229 0.0864982 -0.217189 -4.71928
0.66703 -0.475026 0.573952 3.32826 0.408873 0.877398 0.25099 -12.039 -0.622812 0.0672562 0.779476 -12.5378
-0.913466 -0.404107 0.0477082 -8.68618 -0.393707 0.907352 0.147332 -17.6002 -0.102825 0.1158 -0.987936 -14.9253
0.545337 -0.349441 -0.761904 -2.70406 0.180246 0.936582 -0.300543 -15.7072 0.818607 0.0265672 0.573739 -3.17275
0.256765 -0.393932 0.882547 1.58785 0.157038 0.918032 0.364083 -13.3455 -0.953631 0.0451103 0.297581 -15.4097
-0.854087 -0.32612 -0.405193 -9.6901 -0.334588 0.940927 -0.0520447 -17.9511 0.39823 0.0911223 -0.912748 -11.0118
0.868739 -0.345091 -0.355253 1.35047 0.288228 0.935583 -0.203986 -14.9711 0.402762 0.0748169 0.912242 -5.14072
-0.298026 -0.383579 0.874098 -1.65841 -0.0209966 0.918123 0.39574 -14.9975 -0.954327 0.0995879 -0.281679 -17.0319
-0.522012 -0.322331 -0.789687 -8.90285 -0.206268 0.94607 -0.249812 -18.0752 0.827622 0.0324825 -0.560346 -6.78738
0.921078 -0.341642 0.186803 3.29577 0.343506 0.938861 0.0233307 -14.0817 -0.183354 0.0426791 0.98212 -7.9951
-0.819919 -0.30739 0.482953 -6.81949 -0.196733 0.943532 0.266541 -16.928 -0.537613 0.123529 -0.834094 -15.7445
0.315486 -0.277213 -0.907536 -2.89697 0.0477761 0.959806 -0.27657 -16.9116 0.947727 0.0438957 0.31605 -3.54335
0.191569 -0.339305 0.920963 -0.352093 0.128247 0.938951 0.319255 -15.7148 -0.973065 0.0569517 0.223388 -15.7908
-0.751602 -0.290015 -0.592441 -9.35851 -0.23283 0.956991 -0.17309 -18.955 0.61716 0.00784322 -0.786799 -7.10802
0.894368 -0.318278 0.31433 2.5717 0.325721 0.944988 0.0300776 -14.9944 -0.306612 0.0754838 0.948837 -12.7432
-0.909838 -0.27402 0.311621 -10.2337 -0.218026 0.954625 0.202868 -18.3769 -0.353071 0.116636 -0.928298 -15.9321
0.595551 -0.302951 -0.744002 -0.207292 0.102061 0.947192 -0.303991 -16.5534 0.796807 0.105109 0.595021 -6.09609
0.0499543 -0.331282 0.942208 -0.712832 0.189595 0.929378 0.316718 -14.7002 -0.980591 0.162817 0.109235 -19.8622
-0.655877 -0.228761 -0.71937 -8.19172 -0.242391 0.966333 -0.0862972 -18.1974 0.714894 0.117769 -0.689244 -7.94364
0.964099 -0.254774 -0.0748559 6.19961 0.245003 0.962161 -0.119246 -14.3312 0.102403 0.0966254 0.990039 -9.04738
-0.411986 -0.265092 0.871776 -2.55571 -0.00843647 0.957814 0.287267 -15.415 -0.911151 0.110995 -0.396843 -21.4754
-0.668842 -0.184896 -0.720044 -10.6293 -0.173659 0.980639 -0.0905013 -17.9793 0.722837 0.0645113 -0.688001 -9.1705
0.860525 -0.204226 -0.466677 2.7012 0.15524 0.977677 -0.141593 -15.3832 0.485176 0.0493977 0.873021 -3.58828
0.186976 -0.21452 0.958656 3.6678 0.139614 0.971763 0.190222 -13.7288 -0.972393 0.0982748 0.211645 -18.4997
-0.960422 -0.111669 -0.255185 -10.0643 -0.150263 0.979096 0.137086 -15.9056 0.234543 0.170006 -0.957125 -13.4784
0.59136 -0.122497 -0.797049 0.251078 -0.0771082 0.975277 -0.207097 -16.5124 0.802712 0.183928 0.567295 -2.73937
0.449592 -0.170854 0.876741 4.96847 0.280516 0.958885 0.0430126 -12.4475 -0.848044 0.226602 0.479034 -16.3467
-0.990062 -0.12171 0.0704573 -9.34472 -0.102571 0.967697 0.230312 -14.4815 -0.0962116 0.220796 -0.970563 -16.0042
0.214795 -0.135122 -0.967267 -4.84656 -0.172585 0.969547 -0.173765 -16.8283 0.96129 0.20426 0.184935 -2.48407
0.827389 -0.131903 0.545921 6.43807 0.215383 0.972232 -0.0915254 -13.7994 -0.51869 0.193309 0.832822 -10.9505
-0.801649 -0.127951 0.583941 -5.6003 0.0100781 0.973794 0.227209 -14.321 -0.597709 0.188027 -0.779353 -18.814
-0.211716 -0.119773 -0.969964 -7.49117 -0.201183 0.976549 -0.0766735 -17.3471 0.956401 0.178907 -0.230847 -5.07952
0.963676 -0.193116 0.184481 5.26843 0.218301 0.967511 -0.127547 -15.024 -0.153857 0.163187 0.974525 -8.46163
-0.560074 -0.146274 0.815427 -2.71975 0.0586452 0.97482 0.215146 -15.0266 -0.826364 0.168319 -0.537394 -18.7522
-0.492614 -0.167465 -0.853983 -8.62746 -0.16515 0.981468 -0.0971982 -17.5185 0.854434 0.093154 -0.511141 -7.12984
0.973046 -0.21337 -0.0874843 4.69628 0.203445 0.972888 -0.109998 -14.7468 0.108582 0.0892349 0.990075 -6.31888
-0.375907 -0.208572 0.90288 -0.920311 0.0426165 0.969419 0.241685 -14.3929 -0.925677 0.129329 -0.355523 -18.4329
-0.703506 -0.234138 -0.671012 -9.52628 -0.239442 0.967059 -0.0864011 -17.2714 0.669139 0.0998852 -0.736394 -9.52751
0.893434 -0.271568 -0.357807 1.75111 0.193607 0.951575 -0.238793 -14.5671 0.405328 0.144072 0.902747 -4.32836
-0.00872397 -0.270067 0.962802 2.35496 0.202926 0.942327 0.266162 -12.0068 -0.979156 0.1977 0.0465819 -16.1447
-0.914853 -0.266091 -0.303708 -8.89466 -0.302811 0.949679 0.0801021 -15.5328 0.267112 0.165248 -0.949392 -14.2947
0.543141 -0.283042 -0.790497 -3.26283 0.029025 0.947237 -0.31922 -15.7308 0.839139 0.150438 0.522699 -3.60201
0.587104 -0.317793 0.744525 4.47982 0.303017 0.939131 0.16191 -11.7204 -0.75066 0.130546 0.647663 -11.4306
-0.852322 -0.318372 0.414953 -4.37044 -0.239347 0.942863 0.231785 -13.6417 -0.465037 0.0982383 -0.879824 -18.3607
-0.243596 -0.275687 -0.92987 -8.97399 -0.130174 0.95937 -0.250331 -15.3982 0.961102 0.0600657 -0.269585 -8.05634
0.960581 -0.277671 -0.0135246 1.42958 0.27678 0.959786 -0.0469473 -12.1814 0.0260157 0.0413537 0.998806 -6.00911
-0.404697 -0.283096 0.869527 -1.06697 -0.0175673 0.953105 0.30213 -11.8741 -0.914282 0.106996 -0.390693 -16.7957
-0.475897 -0.288944 -0.830682 -8.11373 -0.175414 0.9567 -0.232284 -14.5097 0.861831 0.0351701 -0.505975 -8.79553
0.939554 -0.334435 0.0734291 2.35649 0.338955 0.938807 -0.0612444 -11.4398 -0.0484545 0.0824321 0.995418 -6.72062
-0.590186 -0.316525 0.742625 -2.2081 -0.0731661 0.937113 0.341273 -11.4659 -0.803944 0.14708 -0.576231 -17.042
-0.433848 -0.300242 -0.849489 -9.57302 -0.301266 0.936916 -0.17728 -15.6046 0.849127 0.17901 -0.49693 -9.52508
0.90965 -0.232413 -0.34427 -0.492875 0.17844 0.967088 -0.181387 -14.1759 0.375095 0.103567 0.921183 -3.04206
0.276159 -0.2247 0.934476 4.87034 0.141291 0.971215 0.191779 -12.3961 -0.95067 0.0790715 0.299957 -13.5925
-0.928849 -0.232626 0.288312 -6.41024 -0.227388 0.972414 0.0520251 -15.2164 -0.29246 -0.0172349 -0.956123 -19.1563
-0.178666 -0.261932 -0.948404 -10.1775 -0.0333043 0.964972 -0.260233 -16.1456 0.983346 -0.0149084 -0.18113 -7.29683
0.962291 -0.240555 -0.127004 1.70965 0.246036 0.968822 0.0291615 -13.1438 0.116028 -0.059309 0.991474 -4.38905
0.113855 -0.294273 0.948915 4.56912 -0.0221003 0.95414 0.298545 -13.1554 -0.993252 -0.0549616 0.102129 -16.8995
-0.962402 -0.271588 -0.00476215 -7.87913 -0.271315 0.961983 -0.0312776 -17.1131 0.0130766 -0.0288092 -0.9995 -18.0316
0.106289 -0.298649 -0.948426 -7.47038 0.0871303 0.952958 -0.290311 -16.4872 0.990511 -0.0517794 0.127311 -4.60165
0.92475 -0.323983 0.19968 5.43144 0.316061 0.94606 0.0712611 -12.4098 -0.211997 -0.00278724 0.977266 -6.3603
-0.265522 -0.275273 0.923971 2.83576 -0.0303629 0.960285 0.277366 -12.8159 -0.963627 0.0455927 -0.263336 -20.0288
-0.943988 -0.233832 -0.232831 -10.5095 -0.223666 0.972183 -0.0695355 -16.4886 0.242614 -0.0135641 -0.970028 -18.0101
0.208097 -0.250891 -0.945383 -8.85158 0.052781 0.968015 -0.245279 -16.6877 0.976683 0.00114384 0.214684 -4.80687
0.949761 -0.282051 0.135649 4.39835 0.281749 0.959241 0.0218274 -13.2425 -0.136278 0.0174885 0.990517 -5.07168
-0.000180717 -0.26759 0.963533 5.73272 0.0590314 0.96185 0.267134 -12.3752 -0.998256 0.0569273 0.0156214 -18.8957
-0.966149 -0.247666 0.0722389 -7.63637 -0.243638 0.967997 0.060201 -15.8629 -0.0848358 0.0405633 -0.995569 -22.4082
-0.226755 -0.26004 -0.938595 -13.2015 -0.0956967 0.964984 -0.244231 -17.88 0.969239 0.0344401 -0.243699 -9.59241
0.929661 -0.275157 -0.24499 -1.10071 0.249243 0.959435 -0.131773 -15.0835 0.271309 0.0614427 0.960529 -3.00985
0.264195 -0.315762 0.911315 5.93595 0.172396 0.945132 0.277501 -11.9445 -0.948937 0.083793 0.304134 -15.2586
-0.903282 -0.272358 0.331515 -5.21765 -0.200076 0.950914 0.236079 -14.1765 -0.379539 0.146918 -0.913436 -23.7575
-0.393682 -0.268224 -0.879244 -14.1063 -0.217469 0.956509 -0.194422 -18.2378 0.893153 0.114668 -0.434889 -12.8322
0.824145 -0.340702 -0.452446 -3.5689 0.23563 0.932677 -0.273117 -16.2142 0.515037 0.118479 0.848941 -1.91168
0.459818 -0.321049 0.827946 6.86478 0.272772 0.938348 0.212368 -11.5872 -0.845082 0.12819 0.519041 -13.2436
-0.794547 -0.334735 0.506604 -3.95699 -0.212302 0.934813 0.2847 -14.1112 -0.568878 0.118655 -0.813818 -25.2155
-0.533472 -0.362534 -0.764183 -14.8935 -0.300491 0.925781 -0.229426 -20.0028 0.790641 0.107238 -0.602816 -14.3605
0.697049 -0.371035 -0.61356 -5.77478 0.254364 0.928009 -0.272213 -16.6233 0.670388 0.0336793 0.741246 -1.74442
0.680216 -0.317446 0.660708 6.72083 0.279689 0.945568 0.166362 -11.7193 -0.677556 0.0716309 0.731975 -10.7379
-0.576381 -0.306613 0.757479 -0.554202 -0.113841 0.94803 0.29712 -12.714 -0.809212 0.0850222 -0.581332 -25.3381
-0.8341 -0.287455 -0.470794 -15.1632 -0.301291 0.95234 -0.0476802 -17.5692 0.462062 0.102076 -0.880954 -19.8496
0.300023 -0.26602 -0.91609 -12.3525 0.00902052 0.961079 -0.276129 -17.952 0.953889 0.0745819 0.290746 -3.85281
0.973089 -0.222611 0.0595086 4.11958 0.226093 0.972254 -0.0600573 -14.0662 -0.0444891 0.0718959 0.99642 -2.68466
0.16709 -0.220329 0.961008 8.47545 0.0706282 0.974882 0.21123 -12.4408 -0.983409 0.0325804 0.178453 -18.8195
-0.853545 -0.298362 0.427132 -5.33098 -0.236619 0.952362 0.192406 -15.8369 -0.46419 0.0631605 -0.883481 -27.9565
-0.621776 -0.296729 -0.724808 -17.1494 -0.290584 0.946798 -0.138332 -20.7707 0.727294 0.124607 -0.67492 -16.9258
0.594968 -0.278042 -0.754126 -7.86052 0.0373379 0.946809 -0.319626 -20.4677 0.802881 0.16201 0.573703 -2.53866
0.862432 -0.283471 0.419351 6.75886 0.312921 0.949779 -0.00152379 -15.3621 -0.397859 0.132538 0.907823 -8.0283
-0.155498 -0.309739 0.938021 5.73584 0.0564582 0.945233 0.321479 -14.1791 -0.986222 0.102949 -0.129495 -24.1087
-0.935799 -0.348677 -0.052003 -9.52037 -0.352396 0.929331 0.110283 -19.8663 0.00987591 0.121529 -0.992539 -26.0744
-0.0583145 -0.34088 -0.938297 -13.4359 -0.180751 0.927968 -0.325894 -23.8191 0.981799 0.150595 -0.115727 -9.99992
0.923077 -0.346572 -0.166786 0.710343 0.303334 0.922603 -0.238315 -19.8399 0.236469 0.169392 0.95676 -3.74245
0.310159 -0.316948 0.896295 8.79482 0.37699 0.9065 0.1901 -13.4433 -0.872743 0.278933 0.400644 -16.8928
-0.772499 -0.202611 0.601826 -2.29765 0.0766609 0.911047 0.405115 -11.4555 -0.630371 0.359087 -0.68825 -29.5554
-0.814349 -0.0792623 -0.574937 -17.6333 -0.205893 0.965654 0.158502 -14.9212 0.542627 0.247452 -0.802698 -22.9921
0.295071 -0.172411 -0.939791 -15.5602 -0.0567091 0.978692 -0.197353 -16.4735 0.953791 0.111528 0.279007 -6.4138
0.935603 -0.337151 0.104769 0.465256 0.347368 0.932115 -0.102465 -11.4228 -0.0631115 0.132261 0.989204 -4.03108
-0.0939101 -0.304883 0.947749 1.93317 0.138094 0.938765 0.315676 -8.51186 -0.985957 0.160524 -0.0460581 -20.4507
