1 0 0 0 0 1 0 0 0 0 1 0
0.999996 0.00276173 -0.000278009 -0.00928387 -0.00276144 0.999996 0.00102072 -0.016129 0.000280826 -0.00101995 0.999999 0.7773
0.99999 0.004446 -6.80571e-05 0.0165877 -0.00444587 0.999988 0.00183807 -0.0186877 7.62283e-05 -0.00183775 0.999998 1.55072
0.999988 0.00489337 0.000889875 0.00121572 -0.00489533 0.999986 0.00221398 -0.0698544 -0.000879029 -0.00221831 0.999997 2.31336
0.999975 0.00701158 0.000902364 -0.000515696 -0.00701337 0.999973 0.00199995 -0.0760443 -0.000888317 -0.00200623 0.999998 3.04565
0.999977 0.0067862 0.000306012 -0.0153276 -0.00678679 0.999975 0.00197039 -0.0855222 -0.000292633 -0.00197242 0.999998 3.76686
0.999975 0.00699521 0.00128451 -0.0125732 -0.00699874 0.999972 0.00276318 -0.10374 -0.00126514 -0.0027721 0.999995 4.47062
0.999974 0.00710264 0.00113924 -0.0140048 -0.007108 0.999963 0.004766 -0.110039 -0.00110535 -0.00477397 0.999988 5.16018
0.999978 0.00605066 0.00259866 -0.0193198 -0.00607199 0.999947 0.00828101 -0.116203 -0.00254842 -0.00829661 0.999962 5.82614
0.999975 0.00626308 0.00340587 -0.0227824 -0.00629979 0.999921 0.0108775 -0.125238 -0.00333748 -0.0108986 0.999935 6.49071
0.999975 0.00542492 0.00447785 -0.0206796 -0.00548094 0.999906 0.0125946 -0.138608 -0.0044091 -0.0126188 0.999911 7.09964
0.999964 0.0054426 0.00654748 -0.024774 -0.0055225 0.99991 0.0122465 -0.14577 -0.00648023 -0.0122822 0.999904 7.68531
0.999958 0.00611872 0.00687245 -0.0399452 -0.00619401 0.999921 0.010988 -0.152963 -0.00680467 -0.0110301 0.999916 8.24792
0.99995 0.0055841 0.0082756 -0.0323903 -0.00565202 0.99995 0.00820776 -0.15658 -0.00822936 -0.00825412 0.999932 8.77827
0.999946 0.00448074 0.00938842 -0.0221572 -0.00454795 0.999964 0.00715051 -0.148001 -0.00935605 -0.00719282 0.99993 9.28677
0.999935 0.00146722 0.0113068 -0.0138872 -0.00152665 0.999985 0.00524974 -0.162579 -0.0112989 -0.00526667 0.999922 9.76186
0.999907 -0.000557147 0.0136544 -0.00888636 0.00049258 0.999989 0.00473156 -0.17939 -0.0136569 -0.00472439 0.999896 10.2165
0.999873 0.00324655 0.015631 -0.0120589 -0.00328978 0.999991 0.00274073 -0.167769 -0.015622 -0.0027918 0.999874 10.6336
0.999808 0.00602204 0.0186377 -0.0164884 -0.006069 0.999979 0.00246396 -0.182305 -0.0186225 -0.0025766 0.999823 11.0274
0.999741 0.00705104 0.0216605 -0.0133217 -0.00711736 0.99997 0.00298622 -0.179387 -0.0216388 -0.00313961 0.999761 11.3853
0.999681 0.00273008 0.0251114 0.00284061 -0.00282619 0.999989 0.00379268 -0.188745 -0.0251007 -0.00386244 0.999678 11.7122
0.999609 -0.00117024 0.0279287 0.00760789 0.00106536 0.999992 0.00376981 -0.200803 -0.0279329 -0.00373858 0.999603 12.0091
0.999535 -0.00376866 0.0302635 0.0169022 0.00363214 0.999983 0.00456471 -0.191604 -0.0302801 -0.00445266 0.999532 12.2632
0.999476 -0.00454249 0.0320368 0.0279658 0.00437776 0.999977 0.00521009 -0.200053 -0.0320598 -0.00506711 0.999473 12.5017
0.999401 -0.00354484 0.0344284 0.0326984 0.00338367 0.999983 0.00473834 -0.203317 -0.0344446 -0.004619 0.999396 12.711
0.999319 -0.00236429 0.0368278 0.0316865 0.00219765 0.999987 0.00456469 -0.202191 -0.0368381 -0.00448065 0.999311 12.8897
0.999217 -0.00125256 0.0395529 0.0326572 0.00110068 0.999992 0.0038616 -0.201191 -0.0395574 -0.00381504 0.99921 13.0704
0.999138 0.000638608 0.0415104 0.0467046 -0.000757686 0.999996 0.00285296 -0.202912 -0.0415084 -0.00288195 0.999134 13.24
0.999112 0.00164906 0.0420968 0.0424303 -0.00172188 0.999997 0.00169346 -0.207936 -0.0420939 -0.00176445 0.999112 13.3981
0.999012 0.00123766 0.0444327 0.0478583 -0.00128235 0.999999 0.000977308 -0.209771 -0.0444314 -0.00103332 0.999012 13.5559
0.99895 1.30381e-05 0.0458234 0.0661611 -3.11232e-05 1 0.000393941 -0.208004 -0.0458234 -0.000394954 0.99895 13.701
0.998867 -0.000966705 0.0475888 0.0686764 0.00100137 0.999999 -0.00070468 -0.219681 -0.0475881 0.000751535 0.998867 13.8443
0.998811 -0.000660683 0.0487517 0.0839704 0.000727508 0.999999 -0.001353 -0.213438 -0.0487507 0.00138685 0.99881 13.9851
0.998741 0.00020147 0.0501723 0.0896879 -4.06497e-05 0.999995 -0.00320637 -0.20867 -0.0501727 0.0032003 0.998736 14.1108
0.998697 0.000994186 0.051032 0.090568 -0.000751646 0.999988 -0.00477168 -0.202274 -0.0510362 0.0047271 0.998686 14.2493
0.998656 -0.000103864 0.0518263 0.103738 0.0004212 0.999981 -0.0061122 -0.205137 -0.0518247 0.00612581 0.998638 14.3841
0.998676 -0.000698469 0.0514412 0.111038 0.00108739 0.999971 -0.00753285 -0.206531 -0.0514344 0.00757881 0.998648 14.5182
0.998747 -0.0006662 0.0500456 0.114231 0.00107929 0.999966 -0.00822777 -0.212169 -0.0500384 0.00827147 0.998713 14.6572
0.998901 -0.000791223 0.0468726 0.107707 0.00121908 0.999958 -0.00910029 -0.21017 -0.0468635 0.00914743 0.99886 14.781
0.999065 -0.000220669 0.0432363 0.113525 0.000649805 0.999951 -0.00991159 -0.204363 -0.043232 0.00993041 0.999016 14.916
0.999299 -0.000360464 0.0374446 0.104937 0.000762213 0.999942 -0.0107155 -0.208933 -0.0374386 0.0107365 0.999241 15.0543
0.999524 -0.000432403 0.0308557 0.104675 0.000776117 0.999938 -0.0111283 -0.200282 -0.0308489 0.011147 0.999462 15.1861
0.999724 -0.000186989 0.02348 0.101681 0.000450265 0.999937 -0.011208 -0.204847 -0.0234764 0.0112155 0.999662 15.3179
0.999882 -0.000712665 0.0153443 0.0902865 0.00089585 0.999928 -0.0119348 -0.190456 -0.0153347 0.0119471 0.999811 15.4616
0.999984 -0.000969738 0.00561976 0.0870855 0.00104429 0.999911 -0.0132778 -0.172256 -0.00560638 0.0132835 0.999896 15.6097
0.999971 -0.0025156 -0.0071312 0.0778493 0.00241259 0.999893 -0.0144164 -0.174837 0.00716672 0.0143987 0.999871 15.7629
0.999726 -0.00377469 -0.0231084 0.0652043 0.00340754 0.999868 -0.0159073 -0.185328 0.0231654 0.0158242 0.999607 15.9257
0.999097 -0.003025 -0.0423785 0.0294112 0.00232728 0.999861 -0.0165038 -0.187525 0.0424226 0.0163902 0.998966 16.1124
0.997959 -0.00204273 -0.0638311 0.00907916 0.00103105 0.999873 -0.0158783 -0.200233 0.0638554 0.0157801 0.997835 16.3053
0.996165 -0.00210047 -0.0874716 -0.026715 0.000739013 0.999878 -0.015594 -0.20455 0.0874938 0.0154696 0.996045 16.5159
0.993451 -0.00186046 -0.11424 -0.0695656 9.69988e-05 0.999881 -0.01544 -0.2084 0.114256 0.0153278 0.993333 16.7501
0.989587 -0.00144013 -0.143929 -0.130958 -0.00063374 0.999897 -0.0143621 -0.201932 0.143935 0.0143038 0.989484 16.9866
0.98415 -0.00170775 -0.177328 -0.194905 -0.00045297 0.999926 -0.0121437 -0.223321 0.177335 0.0120315 0.984077 17.2576
0.976843 -0.00136322 -0.213951 -0.271682 -0.000636262 0.999957 -0.0092764 -0.217121 0.213954 0.00919772 0.976801 17.5251
0.967421 -0.000598107 -0.253173 -0.366819 -0.000906936 0.999983 -0.00582797 -0.219162 0.253172 0.00586772 0.967404 17.7872
0.95566 0.00257755 -0.294462 -0.492691 -0.00339859 0.999992 -0.00227657 -0.222122 0.294454 0.00317638 0.955661 18.0861
0.941848 0.00550401 -0.335993 -0.626632 -0.00581705 0.999983 7.48006e-05 -0.234417 0.335988 0.00188404 0.941864 18.3813
0.925492 0.0071992 -0.378699 -0.778547 -0.00607414 0.999973 0.00416542 -0.233055 0.378719 -0.00155479 0.925511 18.6649
0.906725 0.00938355 -0.421617 -0.960793 -0.00640997 0.999944 0.00846962 -0.236781 0.421673 -0.00497707 0.906734 18.9814
0.885124 0.0118349 -0.465205 -1.15695 -0.00677896 0.999899 0.0125396 -0.242752 0.465306 -0.00794547 0.885114 19.2745
0.860922 0.0147662 -0.508522 -1.36784 -0.00819403 0.999852 0.0151609 -0.24927 0.50867 -0.00888547 0.860916 19.559
0.833659 0.0180352 -0.551985 -1.60349 -0.00985402 0.999793 0.0177842 -0.252904 0.552191 -0.00938673 0.833665 19.8759
0.803245 0.0197035 -0.595323 -1.86391 -0.0116495 0.999781 0.0173718 -0.253694 0.595535 -0.00701866 0.803299 20.1696
0.770141 0.0222319 -0.637486 -2.15597 -0.0130802 0.999733 0.0190629 -0.253651 0.63774 -0.00634266 0.770226 20.469
0.733632 0.0243433 -0.67911 -2.46949 -0.0142124 0.999689 0.0204813 -0.257467 0.679398 -0.00537394 0.73375 20.7586
0.695175 0.0244811 -0.718424 -2.77629 -0.012431 0.99968 0.0220364 -0.251998 0.718733 -0.00638843 0.695256 21.0333
0.654627 0.0239414 -0.755573 -3.1505 -0.0110037 0.999694 0.0221431 -0.254601 0.755872 -0.00618141 0.65469 21.317
0.612544 0.0230915 -0.7901 -3.53478 -0.00781948 0.999701 0.0231551 -0.236541 0.790398 -0.00800531 0.612541 21.5945
0.568784 0.0230872 -0.822163 -3.92334 -0.00405314 0.999673 0.0252678 -0.2198 0.822477 -0.0110396 0.568691 21.8441
0.521981 0.0239816 -0.85262 -4.37246 -0.00384869 0.999661 0.0257613 -0.205583 0.852948 -0.0101654 0.521896 22.0946
0.473101 0.0227319 -0.880715 -4.81882 -0.00278928 0.999701 0.0243046 -0.182844 0.881004 -0.00904197 0.473022 22.2834
0.421112 0.0218165 -0.906747 -5.3178 -0.000196391 0.999713 0.0239621 -0.183297 0.907009 -0.00991264 0.420995 22.5101
0.367711 0.0209834 -0.929704 -5.8296 0.00426709 0.999697 0.0242508 -0.162354 0.929931 -0.0128844 0.367509 22.7013
0.314612 0.0205766 -0.948997 -6.36474 0.0048765 0.999717 0.023293 -0.181842 0.949208 -0.011956 0.314422 22.8559
0.26069 0.0239955 -0.965124 -6.94784 0.0048772 0.999646 0.0261712 -0.140777 0.96541 -0.0115297 0.26048 22.9898
0.209152 0.0277584 -0.977489 -7.52728 0.00609608 0.999541 0.029689 -0.1327 0.977864 -0.0121683 0.208886 23.0804
-0.708401 0.0509085 -0.703972 -7.77444 0.0458931 0.998607 0.0260336 -0.598793 0.704317 -0.0138653 -0.70975 23.2676
-0.956078 0.132193 0.261611 -8.03477 0.104929 0.987734 -0.115634 -0.654954 -0.273688 -0.0831039 -0.958221 24.0076
-0.240236 0.214855 0.946638 -8.36387 0.00499754 0.975458 -0.220128 -0.732804 -0.970702 -0.0481518 -0.235414 24.6208
0.705967 0.22181 0.672615 -9.24192 -0.152188 0.975018 -0.1618 -0.658239 -0.6917 0.0118613 0.722088 25.3049
0.946748 0.156831 -0.281198 -10.9228 -0.172775 0.984419 -0.032672 -0.504224 0.271693 0.0795162 0.959093 25.0161
0.262685 0.17153 -0.949513 -11.9869 -0.0539616 0.985143 0.163039 -0.667502 0.963372 0.0084095 0.268038 22.8308
-0.762224 0.153485 -0.628854 -10.0315 0.144692 0.9873 0.0655929 -0.953567 0.630935 -0.0409935 -0.774752 21.7603
-0.792025 0.149228 0.59197 -8.5882 0.118705 0.988802 -0.0904429 -1.32188 -0.598837 -0.00136329 -0.800869 23.2808
-0.78958 0.149699 0.595108 -8.14099 0.117537 0.988726 -0.092766 -1.39906 -0.602286 -0.00329876 -0.798274 22.663
-0.866896 0.494446 -0.0633595 -8.29568 0.49492 0.868891 0.00907994 -0.199708 0.0595419 -0.0234864 -0.997949 21.4992
-0.423197 0.678795 -0.600117 -8.83373 0.655199 0.686761 0.314758 0.896524 0.625794 -0.259992 -0.735382 22.0902
0.250275 0.608803 -0.752809 -9.01479 0.423746 0.630246 0.650561 1.79389 0.870518 -0.481819 -0.100243 23.6293
0.835852 0.409977 -0.365061 -8.72096 0.00779647 0.656079 0.754652 2.78168 0.548899 -0.633624 0.545189 25.5772
0.00275731 0.370498 0.928829 -6.85352 -0.648325 0.70784 -0.280424 1.43364 -0.761358 -0.60141 0.242155 25.6269
-0.803179 0.376379 -0.461782 -9.44075 0.562896 0.733276 -0.381385 0.542538 0.195068 -0.566255 -0.800814 22.9617
0.783898 0.410338 -0.465968 -10.5676 0.0196583 0.733706 0.679183 4.06087 0.620578 -0.54157 0.567084 26.8857
-0.0724176 0.36506 0.928163 -5.22595 -0.578968 0.742374 -0.337159 0.714703 -0.812128 -0.561793 0.157597 25.7258
0.87091 0.378421 -0.313549 -4.70341 -0.113653 0.775813 0.620642 3.55025 0.47812 -0.504887 0.718672 31.2855
-0.689595 0.327384 -0.645971 -12.1347 0.584518 0.778223 -0.229581 3.49422 0.427548 -0.535899 -0.728021 26.9452
-0.171387 0.417638 0.892303 -4.15718 -0.438001 0.778975 -0.448723 -2.23465 -0.882486 -0.467735 0.0494197 24.4875
0.877475 0.3164 -0.360456 -5.37288 -0.0844791 0.84175 0.533217 3.653 0.472123 -0.437434 0.765344 34.7753
-0.928083 0.371481 0.0257723 -10.2724 0.299236 0.785202 -0.542141 -0.630652 -0.221632 -0.495439 -0.839893 23.6033
0.732576 0.286127 0.617627 -0.3301 -0.559248 0.770261 0.306495 -0.629331 -0.388037 -0.569938 0.724291 29.5897
0.868293 0.30348 0.392387 8.61328 -0.466574 0.768265 0.438266 1.48452 -0.168452 -0.563621 0.808675 37.5896
0.939321 0.318188 0.128186 15.046 -0.334149 0.764185 0.551694 5.5869 0.077584 -0.561051 0.824137 47.1209
0.935759 0.320862 -0.146297 18.2407 -0.157329 0.751146 0.641114 11.44 0.315599 -0.576911 0.753373 57.2933
0.837216 0.330838 -0.435448 18.0305 0.0735138 0.720941 0.689086 18.9258 0.541908 -0.608926 0.579262 67.4401
0.643435 0.360882 -0.675097 13.9055 0.306399 0.686763 0.659148 27.3616 0.701506 -0.630968 0.331314 75.4006
0.380393 0.38845 -0.83929 6.42948 0.491693 0.683678 0.539279 35.4784 0.783287 -0.617811 0.0690681 80.4038
0.127643 0.414556 -0.901027 -3.2254 0.627226 0.669991 0.397114 42.3876 0.768306 -0.615837 -0.174501 82.1994
-0.131962 0.434907 -0.890753 -13.9037 0.71373 0.665276 0.219082 47.4939 0.687877 -0.606847 -0.398197 80.8719
-0.394754 0.451056 -0.800448 -24.4772 0.742077 0.670213 0.0117006 50.3044 0.541748 -0.589375 -0.599287 76.6029
-0.594475 0.483141 -0.642786 -33.7285 0.725167 0.667531 -0.168924 50.8024 0.347466 -0.566548 -0.747189 69.7157
-0.739329 0.498275 -0.452897 -41.2256 0.658861 0.674091 -0.333921 48.8083 0.138909 -0.545273 -0.826669 61.1008
-0.832004 0.497504 -0.245478 -46.3997 0.550061 0.682258 -0.481619 44.7529 -0.0721277 -0.535737 -0.841299 51.4498
-0.86485 0.501843 -0.0137368 -49.1065 0.410854 0.69179 -0.593823 39.211 -0.288503 -0.519212 -0.804478 41.7238
-0.834218 0.498299 0.236175 -48.7961 0.230372 0.704053 -0.671742 32.0619 -0.501009 -0.505971 -0.702128 32.5507
-0.750402 0.488009 0.445807 -45.7002 0.045886 0.711296 -0.701394 24.0101 -0.659387 -0.505871 -0.55615 25.0383
-0.618951 0.471143 0.62843 -39.961 -0.142822 0.719257 -0.679905 15.834 -0.772335 -0.510581 -0.377895 19.6061
-0.441927 0.455321 0.772906 -32.0703 -0.306592 0.733057 -0.607148 8.28818 -0.843031 -0.505282 -0.18436 16.0813
-0.264045 0.449004 0.853625 -22.7714 -0.42832 0.738393 -0.520882 1.10577 -0.864189 -0.50316 -0.00265129 14.0433
-0.0429651 0.427092 0.903187 -12.2097 -0.535188 0.753534 -0.381785 -4.38997 -0.843639 -0.499778 0.196199 15.0058
0.226962 0.394363 0.890487 -0.958616 -0.598527 0.777779 -0.1919 -7.86848 -0.76828 -0.489426 0.412563 18.5063
0.48509 0.377898 0.788594 9.27309 -0.608428 0.793587 -0.00602626 -8.77088 -0.628095 -0.476879 0.614884 24.7796
0.705613 0.364376 0.607734 17.1289 -0.573964 0.796858 0.188635 -7.30506 -0.415543 -0.48192 0.771412 32.9801
0.844639 0.365774 0.39089 22.1026 -0.496866 0.807435 0.318078 -4.18751 -0.199273 -0.462881 0.863731 42.2811
0.929441 0.3593 0.0839275 23.7938 -0.353359 0.801313 0.482736 0.881852 0.106195 -0.478331 0.871735 51.8786
0.907741 0.364437 -0.207828 22.3926 -0.182248 0.788742 0.587088 6.31005 0.377879 -0.495047 0.782391 59.5052
0.79748 0.369626 -0.476868 17.8484 0.0226863 0.771443 0.635894 12.3213 0.60292 -0.517931 0.606824 65.5113
0.56335 0.38062 -0.733324 10.3613 0.260775 0.760287 0.594946 17.9299 0.783985 -0.526395 0.329052 68.6128
0.214253 0.391113 -0.895057 1.04259 0.484035 0.753402 0.44508 22.0392 0.848414 -0.528598 -0.0278941 67.6546
-0.0679861 0.40366 -0.91238 -7.75092 0.610202 0.740331 0.282072 24.3029 0.789324 -0.537558 -0.296646 63.8072
-0.354024 0.430116 -0.830462 -15.263 0.68014 0.727896 0.0870522 24.324 0.641932 -0.534011 -0.550231 57.2519
-0.599155 0.440175 -0.668775 -20.6621 0.678199 0.722972 -0.131752 21.8158 0.425512 -0.532501 -0.731698 49.0561
-0.779397 0.44555 -0.440483 -23.2521 0.602474 0.725924 -0.331753 17.1099 0.171944 -0.523946 -0.834215 40.319
-0.872758 0.42468 -0.240709 -23.8736 0.487993 0.746354 -0.452569 11.5717 -0.0125427 -0.512447 -0.858627 32.4857
-0.911891 0.408507 -0.0397186 -22.3679 0.363073 0.757752 -0.542209 5.43332 -0.191399 -0.508856 -0.839305 25.1292
-0.908845 0.392694 0.140684 -19.075 0.236495 0.762903 -0.601706 -0.736781 -0.343615 -0.513586 -0.786231 18.7467
-0.863533 0.37288 0.339517 -13.551 0.0834447 0.769626 -0.633019 -7.14432 -0.497342 -0.518301 -0.695712 13.6913
-0.780175 0.365809 0.507454 -6.74048 -0.0496459 0.772433 -0.633153 -13.6324 -0.623588 -0.519163 -0.584473 8.85322
-0.637651 0.363002 0.679433 1.36571 -0.198761 0.774612 -0.600392 -19.3419 -0.744241 -0.517885 -0.421782 5.7911
-0.4253 0.373633 0.824329 10.6489 -0.355027 0.768932 -0.531695 -24.3351 -0.832512 -0.518788 -0.194378 5.14255
-0.161104 0.355718 0.920603 20.4161 -0.507109 0.770401 -0.386424 -27.6801 -0.846691 -0.5291 0.056273 7.2756
0.0768056 0.36623 0.927349 29.8441 -0.596148 0.762397 -0.251712 -28.9307 -0.799192 -0.533504 0.276884 11.8842
0.336609 0.383608 0.859965 37.8816 -0.63745 0.765011 -0.0917398 -28.1594 -0.693075 -0.517304 0.50204 18.8844
0.556254 0.377574 0.740283 44.0562 -0.643848 0.759024 0.0966596 -25.34 -0.525397 -0.530397 0.66531 27.7117
0.740686 0.3698 0.56092 47.6106 -0.591664 0.754576 0.283812 -20.4279 -0.318303 -0.542092 0.777701 37.1509
0.795079 0.366609 0.483164 50.2938 -0.56155 0.745961 0.358057 -14.746 -0.229155 -0.556004 0.798967 46.8679
0.843483 0.366842 0.392382 51.7176 -0.52004 0.740621 0.425487 -8.32215 -0.13452 -0.562945 0.815473 56.5205
0.879777 0.363609 0.306237 51.965 -0.473331 0.729857 0.493221 -1.16359 -0.0441703 -0.578875 0.814219 65.751
0.884757 0.372974 0.279454 51.2381 -0.465522 0.735847 0.491751 6.02812 -0.0222249 -0.565172 0.824673 74.5814
0.903568 0.371604 0.213249 50.1068 -0.426485 0.732557 0.530539 13.26 0.0409331 -0.570325 0.820399 82.9548
0.92925 0.360204 0.0821412 47.0044 -0.335075 0.728036 0.598071 21.0606 0.155626 -0.583281 0.797223 90.3233
0.939986 0.340955 -0.0132237 42.2125 -0.260134 0.741171 0.618867 29.3644 0.220807 -0.578286 0.785385 97.9042
0.944573 0.328085 0.011883 36.7599 -0.264834 0.74008 0.618178 38.6866 0.194021 -0.587062 0.785948 105.914
0.948434 0.316805 0.0103722 31.2769 -0.253684 0.739031 0.624082 47.8028 0.190047 -0.594531 0.781291 113.967
0.954656 0.297411 0.0133575 25.7602 -0.241492 0.747361 0.618978 56.9257 0.174108 -0.594137 0.785295 122.013
0.948948 0.314702 0.0214666 20.444 -0.253385 0.719982 0.646083 66.0111 0.187868 -0.618538 0.762966 129.785
0.954617 0.293449 0.0509266 15.5457 -0.256493 0.723088 0.64137 75.5207 0.151385 -0.625325 0.76554 137.919
0.960735 0.268172 0.0712214 10.7723 -0.250453 0.727664 0.638576 84.839 0.119423 -0.63134 0.766256 146.12
0.960925 0.262368 0.0882439 6.20054 -0.257014 0.727263 0.636423 94.1085 0.1028 -0.634234 0.766276 154.534
0.963328 0.24574 0.107752 1.84971 -0.258139 0.73914 0.622123 103.275 0.0732365 -0.627123 0.775469 163.265
0.937102 0.249468 0.244143 -1.59421 -0.348133 0.718796 0.601778 112.182 -0.0253646 -0.648921 0.760433 171.834
0.925874 0.190207 0.326464 -3.89908 -0.353301 0.742106 0.569613 120.771 -0.133926 -0.642729 0.754296 180.341
0.777119 0.223898 0.58818 -3.63679 -0.524302 0.747284 0.408259 127.194 -0.348129 -0.62565 0.698118 189.137
0.54979 0.258961 0.794147 0.680117 -0.65026 0.729441 0.212315 132.669 -0.524302 -0.633131 0.569432 198.191
0.299076 0.226772 0.926891 7.46471 -0.688475 0.72386 0.0450484 136.496 -0.660724 -0.651614 0.372616 205.684
-0.0141475 0.228364 0.973473 15.0645 -0.681019 0.710651 -0.176607 138.396 -0.73213 -0.665452 0.145466 211.087
-0.397918 0.230553 0.887979 23.7939 -0.559414 0.706169 -0.434031 137.99 -0.72713 -0.669456 -0.152023 213.799
-0.626699 0.193393 0.754882 30.809 -0.449766 0.701309 -0.553062 136.292 -0.636364 -0.686123 -0.352528 214.444
-0.803878 0.191718 0.563049 36.7122 -0.279616 0.713695 -0.642227 133.08 -0.524972 -0.673709 -0.520116 213.038
-0.89562 0.187979 0.403149 41.1587 -0.147257 0.729919 -0.667485 128.645 -0.419738 -0.657178 -0.626048 210.021
-0.952532 0.193283 0.235211 44.3717 -0.0209822 0.729089 -0.684098 124.205 -0.303714 -0.65656 -0.690425 206.221
-0.980855 0.188696 0.0481424 46.1868 0.107878 0.732301 -0.672383 119.562 -0.16213 -0.654316 -0.738637 201.802
-0.97545 0.196683 -0.0990659 47.1104 0.214262 0.74363 -0.633331 114.904 -0.0508973 -0.639008 -0.767514 197.154
-0.939816 0.197563 -0.278774 46.5098 0.325656 0.764859 -0.555823 110.57 0.103413 -0.613156 -0.783164 192.211
-0.875994 0.213272 -0.432609 44.8962 0.419822 0.778723 -0.466199 106.698 0.237455 -0.590006 -0.771692 186.901
-0.801179 0.231302 -0.551917 41.599 0.490198 0.782672 -0.383577 103.283 0.343248 -0.577862 -0.740444 181.131
-0.731399 0.243834 -0.636868 37.3827 0.53322 0.786667 -0.311179 100.55 0.425127 -0.567187 -0.705384 175.573
-0.729986 0.246524 -0.637454 33.0488 0.537274 0.78347 -0.31227 98.4036 0.422444 -0.570439 -0.704372 170.795
-0.732285 0.255189 -0.631377 28.8851 0.542217 0.779425 -0.313847 96.3124 0.41202 -0.572168 -0.709128 166.192
-0.582682 0.270539 -0.766349 23.4259 0.595438 0.783887 -0.176002 94.9141 0.553115 -0.558866 -0.617845 161.663
-0.387234 0.291745 -0.874605 17.2419 0.631791 0.774848 -0.0212589 94.6994 0.671483 -0.5608 -0.484369 158.118
-0.248402 0.30038 -0.920906 11.0982 0.637066 0.766824 0.0782819 95.4545 0.729687 -0.567233 -0.381842 155.704
-0.120538 0.306248 -0.94429 4.96312 0.619862 0.766215 0.169371 97.041 0.775398 -0.564914 -0.282189 154.384
0.0441882 0.339299 -0.93964 -1.70245 0.584414 0.754056 0.299769 99.7144 0.810252 -0.562385 -0.164971 153.81
0.182659 0.352956 -0.917637 -7.89355 0.530948 0.750127 0.394213 102.829 0.827484 -0.559224 -0.0503845 154.237
0.340108 0.354771 -0.870899 -13.7772 0.444763 0.755295 0.48137 106.833 0.828561 -0.551061 0.0990923 155.818
0.478322 0.358596 -0.801634 -18.6155 0.350812 0.75881 0.548763 110.929 0.805071 -0.543707 0.237155 158.19
0.622191 0.365518 -0.692297 -22.446 0.220735 0.766523 0.603091 115.354 0.751102 -0.528052 0.396241 161.479
0.769194 0.397674 -0.500196 -24.9474 0.00838728 0.776411 0.630172 119.589 0.638961 -0.48892 0.593875 165.748
0.883203 0.398986 -0.246502 -26.3736 -0.190964 0.785998 0.587997 123.122 0.428353 -0.472247 0.770387 170.749
0.911843 0.403918 0.0734305 -25.117 -0.390142 0.796889 0.461256 125.74 0.127794 -0.449241 0.884224 176.507
0.85276 0.409797 0.323833 -22.1523 -0.505213 0.804488 0.312346 127.102 -0.132521 -0.42996 0.893069 182.159
0.728671 0.392389 0.561311 -17.4073 -0.56941 0.802511 0.178182 127.203 -0.380541 -0.449452 0.808196 186.629
0.496634 0.410436 0.764786 -11.1548 -0.603831 0.796333 -0.035254 125.472 -0.623493 -0.444292 0.64332 189.162
0.202144 0.459527 0.864854 -5.00069 -0.569939 0.773342 -0.277691 121.954 -0.796435 -0.43678 0.418229 189.507
-0.0985222 0.47177 0.8762 0.618589 -0.44832 0.765028 -0.462322 117.258 -0.888428 -0.438366 0.136131 187.243
-0.364216 0.482875 0.796353 4.23919 -0.282304 0.757612 -0.588497 112.362 -0.887497 -0.439153 -0.139617 183.101
-0.564246 0.494138 0.661403 6.14031 -0.110953 0.74846 -0.653834 107.971 -0.818117 -0.442308 -0.367489 178.034
-0.711499 0.490989 0.502692 6.19589 0.0571252 0.753433 -0.65504 104.5 -0.700362 -0.437343 -0.564114 172.218
-0.816973 0.495448 0.295103 4.30551 0.234885 0.753249 -0.614366 101.926 -0.526673 -0.432605 -0.731757 165.824
-0.863949 0.497087 0.0806019 0.652279 0.378515 0.746583 -0.547121 101.136 -0.332143 -0.442175 -0.833164 160.414
-0.855315 0.500572 -0.133659 -4.29766 0.503097 0.740769 -0.445148 101.652 -0.123818 -0.447985 -0.885426 156.026
-0.799101 0.495819 -0.340003 -10.0119 0.595484 0.730556 -0.334197 103.593 0.0826901 -0.469523 -0.87904 153.041
-0.712001 0.488151 -0.50474 -15.9692 0.6524 0.725715 -0.218431 106.462 0.25967 -0.484815 -0.83518 151.615
-0.58709 0.496454 -0.639421 -21.6034 0.691302 0.718463 -0.0769008 109.783 0.421222 -0.48718 -0.765002 151.066
-0.455898 0.511455 -0.728403 -25.965 0.705767 0.706365 0.0542508 113.319 0.542265 -0.489349 -0.682998 151.268
-0.334024 0.519131 -0.786722 -29.9338 0.701194 0.694635 0.160655 117.377 0.629885 -0.497982 -0.596036 152.642
-0.249197 0.538835 -0.80471 -33.0416 0.700508 0.674047 0.234414 121.836 0.668723 -0.50529 -0.545429 155.161
-0.229652 0.551079 -0.80223 -35.2966 0.703911 0.663275 0.25412 126.414 0.672139 -0.506339 -0.540232 158.47
-0.292937 0.570908 -0.766976 -38.3208 0.74262 0.641122 0.193594 131.714 0.602249 -0.512861 -0.611776 161.588
-0.277699 0.578251 -0.767144 -40.6078 0.757597 0.622841 0.195238 136.511 0.590705 -0.526967 -0.611043 164.571
-0.248037 0.581286 -0.774974 -43.1093 0.752877 0.619089 0.223397 141.309 0.609635 -0.52805 -0.591193 167.564
-0.258206 0.582684 -0.770591 -44.8411 0.779688 0.596672 0.189922 146.1 0.570454 -0.551781 -0.608375 170.489
-0.315687 0.573686 -0.755796 -46.5125 0.781691 0.608754 0.135571 150.663 0.537869 -0.548 -0.64062 173.611
-0.354366 0.528786 -0.77124 -48.7969 0.778572 0.623655 0.0698626 155.201 0.51793 -0.575708 -0.6327 176.399
-0.381743 0.517009 -0.766142 -51.2973 0.781808 0.622763 0.0307048 159.724 0.493 -0.587255 -0.641937 178.957
-0.39297 0.512772 -0.763308 -53.6671 0.800546 0.599195 -0.00961584 164.495 0.45244 -0.614842 -0.645963 181.09
-0.410552 0.49737 -0.764245 -56.5501 0.800889 0.597377 -0.0414646 168.985 0.435919 -0.629098 -0.643592 183.428
-0.422273 0.500505 -0.755765 -59.651 0.799102 0.599138 -0.049707 173.448 0.427929 -0.624923 -0.652954 185.807
-0.401529 0.51705 -0.755932 -61.0933 0.813248 0.580885 -0.034654 178.396 0.421192 -0.628675 -0.653732 188.828
-0.398254 0.533165 -0.746411 -62.5781 0.832838 0.551195 -0.0506455 183.356 0.384416 -0.641809 -0.663556 191.288
-0.379938 0.535209 -0.754453 -64.3486 0.84324 0.535681 -0.0446382 188.281 0.380255 -0.653144 -0.654835 193.39
-0.42157 0.544412 -0.725186 -66.5696 0.828505 0.556313 -0.0639959 192.844 0.36859 -0.627798 -0.685573 196.215
-0.50869 0.560538 -0.653476 -69.644 0.826197 0.5313 -0.187403 197.721 0.242145 -0.63523 -0.733382 197.232
-0.651626 0.556992 -0.514921 -73.5615 0.757304 0.516449 -0.399714 201.928 0.0432933 -0.650415 -0.758344 196.673
-0.743604 0.558278 -0.367939 -78.1492 0.656568 0.505676 -0.559653 204.999 -0.126384 -0.657736 -0.74257 194.721
-0.814734 0.538871 -0.214071 -83.0215 0.509523 0.489139 -0.707905 206.504 -0.276759 -0.685828 -0.673086 191.748
-0.846591 0.530089 -0.0478445 -88.0707 0.349068 0.485123 -0.801753 206.514 -0.401789 -0.695458 -0.595738 187.768
-0.856021 0.510804 0.0794251 -92.8605 0.233495 0.519138 -0.822178 205.318 -0.461204 -0.685256 -0.563663 183.263
-0.842053 0.503645 0.193105 -96.3157 0.120607 0.524738 -0.842677 203.147 -0.525739 -0.686289 -0.5026 179.239
-0.84549 0.477593 0.238854 -99.3391 0.0491839 0.515048 -0.85575 200.045 -0.531722 -0.71178 -0.458958 175.391
-0.83361 0.470927 0.288656 -101.916 0.00663919 0.531098 -0.847285 196.695 -0.552314 -0.704388 -0.445855 171.422
-0.81721 0.454852 0.353947 -104.668 -0.0707549 0.530304 -0.84485 193.005 -0.571981 -0.715463 -0.401187 167.519
-0.794774 0.458275 0.397892 -106.363 -0.106107 0.540587 -0.834571 189.42 -0.597558 -0.705514 -0.381018 163.457
-0.782242 0.469303 0.409698 -108.53 -0.103447 0.550664 -0.828293 186.541 -0.614326 -0.690307 -0.382204 159.56
-0.748783 0.466697 0.470658 -110.071 -0.124387 0.59853 -0.791385 183.325 -0.65104 -0.651119 -0.390118 155.554
-0.714869 0.429119 0.552104 -111.073 -0.172365 0.657055 -0.733873 179.547 -0.677682 -0.619786 -0.395743 151.486
-0.672554 0.415577 0.612346 -111.544 -0.222553 0.67556 -0.702915 175.971 -0.705791 -0.609027 -0.361863 147.205
-0.625949 0.426002 0.653231 -111.558 -0.265805 0.670927 -0.692247 172.263 -0.733169 -0.606942 -0.306733 143.011
-0.490532 0.4105 0.768679 -110.952 -0.417749 0.663357 -0.620842 167.379 -0.764764 -0.625658 -0.153912 138.967
-0.321317 0.405126 0.855937 -109.608 -0.550988 0.655135 -0.516925 162.71 -0.770174 -0.637708 0.0127133 135.608
-0.155167 0.366391 0.917432 -107.577 -0.647475 0.663687 -0.374563 158.322 -0.746124 -0.652133 0.134247 132.941
0.0507794 0.368474 0.92825 -104.957 -0.728926 0.649035 -0.217763 154.26 -0.682707 -0.665568 0.301548 131.092
0.242009 0.367569 0.897956 -102.187 -0.772542 0.632924 -0.0508734 150.708 -0.587037 -0.681396 0.437135 129.768
0.441347 0.351762 0.825516 -99.013 -0.770207 0.620538 0.147358 147.661 -0.460429 -0.700854 0.544802 129.234
0.574931 0.380044 0.724584 -94.9181 -0.750889 0.596835 0.282762 145.482 -0.324995 -0.70665 0.628509 129.781
0.670904 0.440642 0.596425 -90.9272 -0.719601 0.581086 0.380152 143.908 -0.179063 -0.684233 0.706939 131.069
0.741367 0.457673 0.490827 -86.9619 -0.668513 0.567809 0.480296 142.859 -0.0588779 -0.684199 0.726915 133.425
0.769656 0.538444 0.343086 -82.9412 -0.62755 0.539084 0.561756 142.81 0.117522 -0.647662 0.75281 136.639
0.782426 0.543807 0.303454 -79.2093 -0.599917 0.527476 0.601556 143.018 0.167065 -0.65272 0.73895 140.594
0.795471 0.558106 0.236103 -75.8265 -0.559255 0.526064 0.640697 143.464 0.233371 -0.641697 0.730591 144.463
0.800868 0.569762 0.184344 -72.7067 -0.522342 0.514088 0.680348 144.258 0.292867 -0.641159 0.709327 148.576
0.807809 0.571264 0.145269 -69.6484 -0.483791 0.501772 0.717058 145.342 0.336737 -0.649525 0.681708 152.662
0.812398 0.57792 0.0775811 -66.7821 -0.434787 0.511715 0.741019 146.761 0.38855 -0.635734 0.666988 156.24
0.814733 0.570366 -0.104375 -64.5988 -0.27181 0.534687 0.800144 147.945 0.512183 -0.623533 0.590657 158.807
0.767794 0.557665 -0.315442 -62.5913 -0.0517886 0.544748 0.837 148.965 0.638601 -0.626306 0.447135 161.265
0.770725 0.561853 -0.300508 -61.7484 -0.0707915 0.544219 0.835952 149.941 0.633224 -0.623015 0.459217 162.916
0.725696 0.566552 -0.390365 -62.5255 0.0197209 0.550015 0.834923 149.713 0.687733 -0.613598 0.387971 162.061
0.727923 0.565136 -0.388265 -62.8941 0.0189932 0.549428 0.835326 150.509 0.685396 -0.615427 0.389208 162.454
0.729554 0.56497 -0.385436 -63.294 0.0196062 0.546057 0.837519 151.299 0.683643 -0.618572 0.387301 162.826
0.730347 0.566201 -0.382112 -63.6635 0.0177905 0.543441 0.83926 152.129 0.682845 -0.619748 0.386828 163.202
0.731996 0.565843 -0.379479 -64.0574 0.0185618 0.540215 0.841323 152.952 0.681056 -0.622889 0.384932 163.595
0.732024 0.565986 -0.379212 -64.4495 0.0187794 0.539641 0.841686 153.766 0.681021 -0.623255 0.384401 163.987
0.732103 0.567273 -0.37713 -64.8217 0.0150907 0.539988 0.841538 154.611 0.681027 -0.621783 0.386767 164.38
0.732646 0.568125 -0.374785 -65.2203 0.0130136 0.538865 0.842292 155.482 0.680485 -0.621979 0.387404 164.761
0.732635 0.569416 -0.372843 -65.629 0.010244 0.538509 0.842558 156.341 0.680545 -0.621107 0.388698 165.156
0.731895 0.570743 -0.372267 -66.0187 0.00691097 0.540066 0.841595 157.2 0.681383 -0.618531 0.391327 165.547
0.731974 0.57095 -0.371794 -66.4103 0.00440693 0.541707 0.840556 158.061 0.681319 -0.616903 0.393999 165.964
0.733111 0.570154 -0.370772 -66.8246 0.00270479 0.542717 0.839912 158.938 0.680104 -0.616751 0.39633 166.403
0.73286 0.571269 -0.369551 -67.2382 0.00330747 0.540157 0.841559 159.815 0.680371 -0.617967 0.39397 166.822
0.733195 0.572685 -0.366685 -67.6364 0.00107267 0.538252 0.842784 160.71 0.680018 -0.618318 0.394029 167.238
0.731459 0.574777 -0.366879 -68.03 0.00134589 0.536818 0.843698 161.603 0.681885 -0.617624 0.391886 167.668
0.731756 0.57419 -0.367205 -68.4309 0.00149275 0.537414 0.843318 162.51 0.681565 -0.617651 0.392399 168.106
0.733754 0.571128 -0.367992 -68.8193 0.00278507 0.539097 0.84224 163.439 0.67941 -0.619021 0.393974 168.537
0.734327 0.569691 -0.369075 -69.2319 0.00445949 0.539659 0.841873 164.359 0.678782 -0.619855 0.393746 168.983
0.733064 0.571425 -0.368905 -69.6485 0.00196663 0.540597 0.841281 165.277 0.680157 -0.617438 0.395168 169.425
0.733136 0.570966 -0.369472 -70.0697 0.00301197 0.540543 0.841312 166.195 0.680075 -0.617909 0.394572 169.87
0.731865 0.572057 -0.370303 -70.4899 0.00300193 0.540692 0.841216 167.112 0.681443 -0.616768 0.393997 170.291
0.732005 0.572693 -0.369041 -70.9148 0.00274484 0.539188 0.842182 168.046 0.681294 -0.617494 0.393117 170.733
0.730359 0.574251 -0.36988 -71.3311 0.00504005 0.536956 0.843596 168.979 0.683045 -0.617992 0.389277 171.174
0.729469 0.575895 -0.369081 -71.7688 0.00442743 0.535594 0.844465 169.92 0.684 -0.617644 0.388149 171.627
0.729117 0.577095 -0.3679 -72.2088 0.0043314 0.533657 0.845691 170.882 0.684376 -0.6182 0.386599 172.079
0.727705 0.57726 -0.370427 -72.6592 0.00650881 0.534231 0.845315 171.853 0.68586 -0.61755 0.385005 172.513
0.727907 0.575705 -0.372445 -73.103 0.00774333 0.536243 0.844029 172.815 0.685632 -0.617259 0.385877 172.976
0.72784 0.572457 -0.377548 -73.5437 0.012252 0.539621 0.84182 173.785 0.685638 -0.617336 0.385744 173.419
0.728296 0.568718 -0.382289 -74.0053 0.0162891 0.543346 0.839352 174.768 0.685069 -0.617524 0.386453 173.882
0.73175 0.56539 -0.380626 -74.4724 0.0183674 0.54189 0.840249 175.816 0.681326 -0.621843 0.386144 174.365
0.732782 0.563104 -0.382027 -74.9313 0.0244851 0.539237 0.841799 176.796 0.680023 -0.626209 0.381356 174.817
0.732573 0.562751 -0.382946 -75.4134 0.0271406 0.537989 0.842516 177.793 0.680147 -0.627597 0.378843 175.278
0.731846 0.563255 -0.383595 -75.8951 0.0280077 0.537557 0.842763 178.812 0.680894 -0.627516 0.377634 175.755
0.730191 0.5633 -0.386672 -76.3753 0.0317224 0.537374 0.842748 179.838 0.682507 -0.627633 0.374517 176.202
0.729074 0.563824 -0.388012 -76.8516 0.0347673 0.535667 0.843714 180.862 0.683551 -0.62862 0.370939 176.659
0.729446 0.561925 -0.390063 -77.3624 0.0367131 0.537252 0.842623 181.902 0.683053 -0.628968 0.371266 177.126
0.726584 0.561914 -0.395384 -77.8682 0.0413173 0.538681 0.841497 182.954 0.685834 -0.627754 0.368181 177.573
0.724995 0.563125 -0.396575 -78.373 0.0419487 0.538615 0.841508 184.004 0.687476 -0.626725 0.366871 178.044
0.722976 0.5633 -0.399998 -78.8745 0.0462624 0.538202 0.841546 185.048 0.689323 -0.626922 0.363048 178.505
0.720502 0.564618 -0.402596 -79.4086 0.0483761 0.538227 0.841411 186.106 0.691764 -0.625714 0.36048 178.981
0.717152 0.567076 -0.405115 -79.9318 0.0495827 0.538306 0.841291 187.18 0.695151 -0.62342 0.35793 179.445
0.714525 0.569035 -0.407005 -80.4648 0.0520487 0.536911 0.842033 188.242 0.697671 -0.622837 0.354019 179.894
0.710882 0.571834 -0.409453 -81.0233 0.053842 0.536222 0.842359 189.3 0.701247 -0.620863 0.350403 180.381
0.709853 0.573474 -0.408946 -81.5498 0.0524019 0.535993 0.842596 190.347 0.702398 -0.619548 0.350425 180.82
0.708073 0.573125 -0.412505 -82.1073 0.0560489 0.53671 0.841904 191.42 0.703912 -0.619249 0.347907 181.257
0.708757 0.572871 -0.411684 -82.6373 0.0550896 0.536846 0.841881 192.462 0.703299 -0.619367 0.348934 181.703
0.708443 0.571957 -0.41349 -83.1762 0.057249 0.537371 0.841402 193.531 0.703442 -0.619757 0.347953 182.155
0.709686 0.570262 -0.4137 -83.7145 0.0590817 0.536967 0.841533 194.58 0.702037 -0.621666 0.347386 182.593
0.709981 0.569461 -0.414297 -84.2399 0.0601459 0.53712 0.84136 195.641 0.701649 -0.622267 0.347094 183.038
0.710367 0.568874 -0.414441 -84.7795 0.061396 0.536506 0.841661 196.71 0.701149 -0.623333 0.34619 183.477
0.711337 0.568336 -0.413516 -85.2972 0.0610776 0.536129 0.841924 197.751 0.700193 -0.624147 0.346656 183.918
0.712518 0.566546 -0.413938 -85.8456 0.063379 0.535566 0.842113 198.829 0.698786 -0.626255 0.345693 184.361
0.714458 0.564756 -0.413039 -86.377 0.0656127 0.533646 0.84316 199.87 0.696596 -0.629502 0.344212 184.802
0.715657 0.563961 -0.412048 -86.9159 0.066283 0.532443 0.843868 200.89 0.6953 -0.631231 0.343665 185.249
0.716766 0.563148 -0.411233 -87.4484 0.06812 0.530369 0.845027 201.938 0.69398 -0.633698 0.341789 185.679
0.716446 0.56325 -0.411651 -87.9685 0.0680549 0.530818 0.84475 202.98 0.694317 -0.633231 0.34197 186.113
0.716169 0.563436 -0.411876 -88.4969 0.0671595 0.531768 0.844224 204.02 0.694689 -0.632268 0.342996 186.526
0.712861 0.567657 -0.41182 -89.0381 0.0660705 0.530245 0.845267 205.068 0.698187 -0.629766 0.340486 186.945
0.71058 0.57275 -0.408699 -89.566 0.0627327 0.52697 0.847566 206.113 0.700815 -0.627901 0.338524 187.364
0.707912 0.575119 -0.41 -90.13 0.0624942 0.527208 0.847436 207.16 0.703531 -0.625532 0.337275 187.784
0.707087 0.573461 -0.413728 -90.6534 0.0617937 0.532734 0.844025 208.185 0.704422 -0.622364 0.341253 188.213
0.708499 0.568867 -0.417638 -91.1773 0.0643527 0.537251 0.840965 209.201 0.702773 -0.622698 0.344033 188.644
0.710138 0.565645 -0.419227 -91.7189 0.0672972 0.53818 0.84014 210.262 0.70084 -0.624827 0.344115 189.079
0.712757 0.563212 -0.418055 -92.2439 0.0695569 0.536327 0.84114 211.298 0.697954 -0.628607 0.343095 189.505
0.714072 0.563828 -0.414971 -92.7635 0.067175 0.534834 0.842283 212.332 0.696843 -0.629326 0.344035 189.932
0.713695 0.565364 -0.413525 -93.2782 0.0662898 0.533198 0.84339 213.355 0.697313 -0.629335 0.343063 190.366
0.71426 0.566258 -0.411321 -93.8005 0.0641918 0.53222 0.84417 214.381 0.696931 -0.629359 0.343795 190.791
0.71494 0.565948 -0.410566 -94.3215 0.0647808 0.531061 0.844854 215.419 0.696179 -0.630616 0.343014 191.193
0.714784 0.565779 -0.411071 -94.8308 0.0658697 0.530715 0.844988 216.461 0.696237 -0.63106 0.342078 191.628
0.715085 0.565729 -0.410615 -95.3315 0.0645628 0.531439 0.844633 217.484 0.69605 -0.630494 0.343499 192.046
0.713758 0.56634 -0.412079 -95.8412 0.0647722 0.532458 0.843975 218.512 0.697391 -0.629085 0.343363 192.469
0.712682 0.567641 -0.412151 -96.3621 0.0642048 0.532288 0.844126 219.533 0.698543 -0.628055 0.342907 192.906
0.713055 0.567665 -0.411473 -96.8753 0.0631969 0.532459 0.844094 220.562 0.698255 -0.627888 0.343798 193.326
0.712404 0.567962 -0.41219 -97.3887 0.0640549 0.532278 0.844144 221.594 0.698841 -0.627774 0.342817 193.746
0.713123 0.567647 -0.41138 -97.9109 0.0635102 0.532088 0.844305 222.626 0.698157 -0.628219 0.343393 194.168
0.712629 0.567717 -0.41214 -98.4263 0.0640641 0.532359 0.844092 223.657 0.698611 -0.627927 0.343004 194.595
0.712986 0.566799 -0.412785 -98.9423 0.0634821 0.534103 0.843034 224.682 0.6983 -0.627275 0.344826 195.013
0.712117 0.5668 -0.414282 -99.4583 0.0638038 0.535402 0.842185 225.708 0.699157 -0.626166 0.345104 195.436
0.710973 0.567375 -0.415458 -99.9808 0.0634855 0.536594 0.84145 226.732 0.700349 -0.624623 0.345483 195.884
0.710187 0.568282 -0.415562 -100.504 0.0631437 0.536478 0.841549 227.753 0.701177 -0.623896 0.345116 196.307
0.709222 0.570075 -0.414753 -101.024 0.0618042 0.535771 0.842099 228.773 0.702272 -0.622868 0.344747 196.729
0.707456 0.572118 -0.414956 -101.554 0.0612189 0.535313 0.842433 229.804 0.704102 -0.621387 0.343686 197.151
0.707466 0.572285 -0.414708 -102.049 0.0604857 0.535602 0.842303 230.816 0.704155 -0.620984 0.344305 197.544
0.706969 0.572294 -0.415543 -102.575 0.0613605 0.535702 0.842175 231.844 0.704578 -0.620889 0.343609 197.973
0.7076 0.569856 -0.417814 -103.102 0.063377 0.537723 0.840737 232.873 0.703766 -0.621384 0.344377 198.415
0.708965 0.567305 -0.41897 -103.626 0.0659895 0.538108 0.840289 233.909 0.702151 -0.623382 0.344064 198.858
0.709332 0.566032 -0.420069 -104.148 0.069412 0.536958 0.840749 234.936 0.70145 -0.625527 0.341592 199.281
0.709284 0.56597 -0.420232 -104.689 0.0704798 0.536214 0.841135 235.963 0.701391 -0.626221 0.340439 199.715
0.707753 0.566821 -0.421663 -105.239 0.0701177 0.537559 0.840307 237.007 0.702972 -0.624295 0.340715 200.165
0.705782 0.56769 -0.423794 -105.789 0.0709212 0.538591 0.839578 238.05 0.704871 -0.622615 0.339866 200.604
0.705621 0.567937 -0.423731 -106.325 0.0694736 0.53966 0.839012 239.091 0.705176 -0.621462 0.341339 201.027
0.706291 0.567002 -0.423867 -106.862 0.0708728 0.539105 0.839252 240.134 0.704366 -0.622796 0.34058 201.459
0.706389 0.56691 -0.423827 -107.399 0.0723891 0.537773 0.839977 241.155 0.704114 -0.62403 0.338839 201.934
0.70827 0.565432 -0.422661 -107.935 0.0732241 0.536646 0.840625 242.201 0.702135 -0.626338 0.338687 202.373
0.708944 0.564588 -0.422659 -108.472 0.0746675 0.535836 0.841015 243.243 0.701302 -0.62779 0.337721 202.807
0.709412 0.563852 -0.422855 -109.035 0.0752958 0.535903 0.840916 244.324 0.700761 -0.628395 0.33772 203.237
0.708356 0.56446 -0.423814 -109.581 0.0760636 0.535887 0.840857 245.382 0.701746 -0.627862 0.336664 203.666
0.707806 0.565736 -0.42303 -110.133 0.0752484 0.535056 0.841459 246.46 0.702389 -0.627421 0.336145 204.102
0.708257 0.567021 -0.420548 -110.674 0.0727327 0.533935 0.842392 247.516 0.702199 -0.627217 0.336922 204.522
0.707169 0.567847 -0.421263 -111.228 0.073529 0.533514 0.84259 248.627 0.703212 -0.626828 0.335531 204.966
0.706562 0.569585 -0.419934 -111.776 0.0709272 0.533429 0.842867 249.685 0.704089 -0.625321 0.336501 205.384
0.707183 0.568642 -0.420167 -112.314 0.0694345 0.53554 0.841652 250.735 0.703614 -0.624375 0.339241 205.817
0.705185 0.572206 -0.418683 -112.865 0.0691299 0.532204 0.84379 251.801 0.705646 -0.623971 0.335746 206.252
0.703522 0.575428 -0.417063 -113.417 0.0674712 0.530122 0.845233 252.857 0.707464 -0.622779 0.334128 206.688
0.70187 0.577886 -0.416445 -113.976 0.0648073 0.530412 0.84526 253.912 0.709351 -0.620251 0.334829 207.118
