1 0 0 0 0 1 0 0 0 0 1 0
0.999992 0.00398968 -8.62914e-05 -0.0201699 -0.00398959 0.999992 0.00102244 -0.0247904 9.03699e-05 -0.00102209 0.999999 0.785439
0.999986 0.00533499 0.000398828 -0.0284618 -0.00533569 0.999984 0.00175901 -0.0367282 -0.000389438 -0.00176111 0.999998 1.54581
0.999982 0.00585503 0.00104318 -0.0358977 -0.005857 0.999981 0.00190022 -0.0554589 -0.00103203 -0.00190629 0.999998 2.30484
0.999972 0.00739216 0.000908519 -0.0433789 -0.00739384 0.999971 0.00186106 -0.0635621 -0.000894735 -0.00186772 0.999998 3.03775
0.999972 0.00746105 0.000800978 -0.0509744 -0.00746263 0.99997 0.00198343 -0.0759887 -0.000786155 -0.00198935 0.999998 3.75538
0.999969 0.00764064 0.00181208 -0.0530507 -0.00764579 0.999967 0.00284907 -0.0893479 -0.00179025 -0.00286283 0.999994 4.458
0.999964 0.00830885 0.00153829 -0.0574361 -0.0083161 0.999954 0.00476903 -0.0971134 -0.00149859 -0.00478165 0.999987 5.14172
0.999969 0.00726435 0.00298628 -0.0611572 -0.0072891 0.999938 0.00836184 -0.105215 -0.00292535 -0.00838335 0.999961 5.80876
0.999968 0.00709019 0.00375 -0.060551 -0.00713242 0.99991 0.0113697 -0.114151 -0.00366905 -0.0113961 0.999928 6.44933
0.999965 0.00683451 0.00491744 -0.0597761 -0.00689366 0.999903 0.0121137 -0.124678 -0.00483417 -0.0121472 0.999915 7.05505
0.999956 0.00671883 0.00654417 -0.0582809 -0.0067978 0.999903 0.0121204 -0.132461 -0.0064621 -0.0121643 0.999905 7.63914
0.999944 0.00796125 0.00700597 -0.0621235 -0.00803711 0.999909 0.010867 -0.138061 -0.00691881 -0.0109227 0.999916 8.20091
0.999937 0.00777061 0.00808757 -0.0603105 -0.00784962 0.999921 0.00978445 -0.141543 -0.0080109 -0.00984732 0.999919 8.72561
0.999934 0.00688264 0.009207 -0.0585893 -0.00696769 0.999933 0.00923745 -0.144608 -0.00914281 -0.009301 0.999915 9.22528
0.999931 0.00403015 0.0110233 -0.0512486 -0.0041127 0.999964 0.00747628 -0.155319 -0.0109928 -0.0075211 0.999911 9.6993
0.999912 0.00221594 0.0131074 -0.0452658 -0.00230831 0.999973 0.00703576 -0.168545 -0.0130914 -0.00706539 0.999889 10.1457
0.999876 0.0047892 0.0150104 -0.0482774 -0.00487667 0.999971 0.00579564 -0.166108 -0.0149822 -0.00586812 0.999871 10.5565
0.999809 0.00779767 0.0179212 -0.0496192 -0.00788548 0.999957 0.00483432 -0.172693 -0.0178828 -0.00497472 0.999828 10.941
0.999745 0.0084518 0.0209336 -0.0457313 -0.00856295 0.99995 0.00522584 -0.173574 -0.0208884 -0.00540376 0.999767 11.2967
0.999696 0.00448984 0.0242428 -0.0332453 -0.00463731 0.999971 0.00603009 -0.179272 -0.024215 -0.00614068 0.999688 11.6207
0.999636 0.000152775 0.0269613 -0.0223969 -0.000318289 0.999981 0.00613467 -0.188387 -0.0269599 -0.00614102 0.999618 11.919
0.999567 -0.00269148 0.0293102 -0.00736428 0.00248655 0.999972 0.00702577 -0.194555 -0.0293283 -0.00694984 0.999546 12.1837
0.99951 -0.00346508 0.0311109 0.00282357 0.00323518 0.999967 0.00743673 -0.196895 -0.0311356 -0.00733243 0.999488 12.4249
0.999434 -0.00239649 0.0335516 0.00623926 0.0021643 0.999973 0.00695475 -0.198817 -0.0335674 -0.0068782 0.999413 12.635
0.999358 -0.00167042 0.0357997 0.0089257 0.00144018 0.999978 0.0064561 -0.199922 -0.0358097 -0.00640039 0.999338 12.8232
0.999265 -0.000856414 0.0383138 0.0118386 0.000632083 0.999983 0.00586674 -0.198673 -0.0383182 -0.00583822 0.999249 13.0005
0.999197 0.0011696 0.0400456 0.0146665 -0.00138258 0.999985 0.005291 -0.203193 -0.0400388 -0.00534212 0.999184 13.169
0.99916 0.0016065 0.0409466 0.0185323 -0.00180741 0.999986 0.00487009 -0.211129 -0.0409382 -0.00494 0.99915 13.3241
0.99907 0.00147445 0.0430928 0.0269494 -0.00165772 0.99999 0.00421734 -0.217277 -0.0430861 -0.00428485 0.999062 13.4787
0.999006 0.000710437 0.0445711 0.0380996 -0.000866535 0.999993 0.00348295 -0.22084 -0.0445683 -0.00351811 0.999 13.6275
0.998931 0.000251747 0.0462324 0.0459938 -0.000391042 0.999995 0.00300386 -0.224766 -0.0462315 -0.00301873 0.998926 13.7675
0.998872 0.000470129 0.0474766 0.0518575 -0.000589828 0.999997 0.00250719 -0.218895 -0.0474753 -0.00253236 0.998869 13.9016
0.998793 0.00095311 0.0491059 0.0567246 -0.00101534 0.999999 0.00124225 -0.218236 -0.0491047 -0.00129061 0.998793 14.0293
0.998759 0.00135605 0.0497883 0.0615033 -0.00134085 0.999999 -0.000338745 -0.217371 -0.0497887 0.000271567 0.99876 14.1549
0.998708 0.000765175 0.0508178 0.0714594 -0.000680813 0.999998 -0.00167743 -0.221427 -0.050819 0.00164066 0.998707 14.2813
0.998725 0.000100652 0.0504787 0.0801671 3.65933e-05 0.999996 -0.002718 -0.225991 -0.0504788 0.00271638 0.998721 14.4075
0.998826 0.000325619 0.0484347 0.0872762 -0.000165564 0.999994 -0.00330858 -0.23084 -0.0484355 0.00329668 0.998821 14.5357
0.998964 0.000129955 0.0454996 0.0872287 4.84049e-05 0.999992 -0.00391897 -0.233607 -0.0454998 0.00391711 0.998957 14.6617
0.99913 0.000810134 0.0416999 0.0870211 -0.000621959 0.999989 -0.00452545 -0.234642 -0.0417031 0.00449558 0.99912 14.7902
0.999342 0.000950756 0.0362547 0.085354 -0.000767337 0.999987 -0.00507281 -0.23584 -0.0362591 0.00504166 0.99933 14.919
0.99956 0.000836486 0.0296504 0.0843747 -0.000676135 0.999985 -0.00541774 -0.237063 -0.0296545 0.00539531 0.999546 15.0446
0.999752 0.00105276 0.0222657 0.0803682 -0.000928711 0.999984 -0.00558107 -0.240329 -0.0222713 0.00555901 0.999736 15.1747
0.999897 0.000678378 0.0143586 0.0729847 -0.00058966 0.999981 -0.00618225 -0.2362 -0.0143625 0.00617315 0.999878 15.3062
0.99999 0.000532438 0.00447993 0.0689461 -0.000503162 0.999978 -0.00653391 -0.237361 -0.00448332 0.00653159 0.999969 15.4506
0.999966 -0.000492397 -0.00825027 0.0619775 0.000428759 0.99997 -0.00771311 -0.239313 0.00825381 0.00770931 0.999936 15.5978
0.99971 -0.0010813 -0.0240596 0.0469535 0.000870985 0.999961 -0.00875003 -0.246121 0.0240682 0.00872654 0.999672 15.7516
0.99905 -0.000856229 -0.0435653 0.022158 0.00045255 0.999957 -0.00927501 -0.246362 0.0435714 0.00924648 0.999007 15.9339
0.997889 -0.000247525 -0.0649431 -0.00857212 -0.000345184 0.999958 -0.00911517 -0.251518 0.0649427 0.00911834 0.997847 16.1259
0.996089 -0.000349268 -0.0883567 -0.045916 -0.000408252 0.999963 -0.00855518 -0.252098 0.0883564 0.0085578 0.996052 16.3293
0.993364 0.000150875 -0.115012 -0.0892621 -0.00108835 0.999967 -0.00808831 -0.256902 0.115007 0.00815981 0.993331 16.5642
0.98947 0.000323147 -0.14474 -0.150672 -0.00139644 0.999972 -0.00731378 -0.255446 0.144734 0.00743889 0.989443 16.7973
0.984032 0.00042127 -0.177992 -0.21074 -0.00143278 0.999983 -0.00555439 -0.263917 0.177987 0.00572072 0.984016 17.0649
0.976693 0.000824335 -0.21464 -0.28841 -0.00152018 0.999994 -0.00307685 -0.264332 0.214636 0.00333143 0.976688 17.3329
0.967241 0.0014917 -0.253855 -0.384973 -0.00134708 0.999999 0.000743531 -0.27277 0.253856 -0.000377209 0.967242 17.5942
0.955462 0.0048361 -0.295075 -0.50505 -0.00367683 0.999983 0.00448345 -0.271708 0.295092 -0.00319883 0.955463 17.8842
0.941505 0.0079841 -0.336905 -0.639679 -0.00580142 0.999955 0.00748484 -0.271448 0.33695 -0.00509248 0.941509 18.1732
0.925102 0.00972605 -0.379594 -0.787375 -0.00569766 0.999915 0.0117344 -0.26989 0.379675 -0.00869275 0.925079 18.4559
0.906053 0.0123157 -0.422985 -0.961363 -0.00547924 0.999834 0.0173746 -0.273855 0.423129 -0.0134247 0.90597 18.7645
0.884436 0.0154863 -0.466404 -1.1518 -0.00577095 0.999736 0.0222514 -0.275823 0.466626 -0.0169884 0.884292 19.0661
0.860008 0.0193365 -0.509913 -1.35707 -0.00750986 0.999653 0.025242 -0.276602 0.510225 -0.017879 0.859855 19.3577
0.832535 0.0221056 -0.553531 -1.59735 -0.00841918 0.999593 0.0272566 -0.27689 0.553908 -0.0180318 0.832383 19.6605
0.802305 0.0242922 -0.596419 -1.8448 -0.00995851 0.999577 0.0273166 -0.268175 0.596831 -0.0159768 0.802208 19.9366
0.769093 0.0261603 -0.638602 -2.1315 -0.0101244 0.999535 0.0287527 -0.260596 0.639057 -0.0156481 0.769 20.2287
0.732731 0.0284592 -0.679923 -2.43511 -0.0107331 0.999484 0.0302682 -0.251276 0.680434 -0.0148808 0.732659 20.5087
0.694462 0.0287665 -0.718955 -2.74684 -0.00883665 0.999466 0.0314546 -0.240903 0.719476 -0.0154909 0.694345 20.7776
0.653937 0.028745 -0.756003 -3.10667 -0.00710943 0.999467 0.0318525 -0.233406 0.756516 -0.0154548 0.653793 21.0611
0.611739 0.0277874 -0.790572 -3.48479 -0.00332005 0.999464 0.0325606 -0.223488 0.791053 -0.0172938 0.611503 21.3267
0.567888 0.0274208 -0.822649 -3.87679 0.000947001 0.999422 0.0339668 -0.21305 0.823105 -0.0200684 0.567534 21.5714
0.521204 0.0277913 -0.85298 -4.32099 0.00222099 0.999422 0.0339197 -0.194665 0.853429 -0.0195736 0.520841 21.8224
0.472367 0.0275284 -0.880972 -4.76585 0.00340143 0.999448 0.0330543 -0.169121 0.881396 -0.0186103 0.472012 22.0264
0.420539 0.027373 -0.906862 -5.25855 0.00613391 0.999436 0.0330118 -0.167003 0.907254 -0.0194453 0.420134 22.2368
0.367003 0.0259531 -0.929858 -5.76051 0.0110371 0.999419 0.0322508 -0.149569 0.930154 -0.0220991 0.366504 22.4181
0.313677 0.025474 -0.949188 -6.27991 0.0127906 0.999436 0.0310494 -0.146351 0.949444 -0.0218802 0.313174 22.5718
0.260024 0.0290502 -0.965165 -6.85725 0.0127083 0.999358 0.0335031 -0.112595 0.965519 -0.0209772 0.259488 22.7054
0.208565 0.0334489 -0.977436 -7.44223 0.0148059 0.999193 0.0373527 -0.0855318 0.977896 -0.0222623 0.207902 22.8069
0.160503 0.0353192 -0.986403 -8.02932 0.0189634 0.999065 0.0388582 -0.0809102 0.986853 -0.0249424 0.159683 22.8891
0.115404 0.035801 -0.992673 -8.66219 0.0205317 0.999051 0.0384179 -0.0632132 0.993106 -0.0248148 0.11456 22.9564
0.0754113 0.0346665 -0.99655 -9.29942 0.0211239 0.999116 0.0363543 -0.0382191 0.996929 -0.0237925 0.0746125 22.9858
0.039167 0.0310889 -0.998749 -9.96553 0.0170933 0.999349 0.0317779 -0.0245937 0.999086 -0.0183166 0.0386103 22.9935
0.0110779 0.0300805 -0.999486 -10.639 0.0149843 0.99943 0.0302449 0.000689428 0.999826 -0.0153117 0.010621 22.9811
-0.0106895 0.0338336 -0.999371 -11.356 0.0143049 0.99933 0.0336792 0.0296102 0.99984 -0.0139359 -0.0111661 22.9596
-0.0241899 0.0387333 -0.998957 -12.0881 0.0153193 0.999146 0.0383697 0.0547617 0.99959 -0.0143751 -0.0247624 22.9325
-0.0319693 0.041173 -0.998641 -12.8363 0.0164952 0.999037 0.0406612 0.0795314 0.999353 -0.0151729 -0.0326174 22.9033
-0.0362296 0.0392284 -0.998573 -13.5958 0.0159963 0.999124 0.0386697 0.102141 0.999215 -0.0145725 -0.0368251 22.8825
-0.0354288 0.035202 -0.998752 -14.3795 0.0216297 0.999173 0.0344495 0.133348 0.999138 -0.0203822 -0.0361606 22.8563
-0.0317828 0.0343019 -0.998906 -15.1845 0.0336503 0.998881 0.0332303 0.133691 0.998928 -0.0325573 -0.0329013 22.8495
-0.0256666 0.0339499 -0.999094 -16.0191 0.03529 0.998831 0.0330343 0.169747 0.999047 -0.0344102 -0.0268345 22.8318
-0.0209523 0.0323842 -0.999256 -16.8621 0.033778 0.998928 0.0316653 0.206356 0.99921 -0.0330894 -0.0220235 22.8081
-0.0168721 0.028321 -0.999457 -17.7268 0.0378339 0.998901 0.0276666 0.213136 0.999141 -0.0373465 -0.0179249 22.8022
-0.0150781 0.0183863 -0.999718 -18.5983 0.0360551 0.999191 0.0178328 0.232983 0.999236 -0.035776 -0.0157286 22.7872
-0.0142732 0.0106106 -0.999842 -19.5009 0.0293888 0.999516 0.0101876 0.258801 0.999466 -0.0292388 -0.0145779 22.7586
-0.0149779 0.00862161 -0.999851 -20.4291 0.0251216 0.999651 0.00824357 0.285039 0.999572 -0.0249944 -0.015189 22.7323
-0.0189228 0.0149679 -0.999709 -21.3727 0.0174255 0.999741 0.0146385 0.314703 0.999669 -0.0171434 -0.0191785 22.6907
-0.0226559 0.0223383 -0.999494 -22.3529 0.0130039 0.999673 0.0220475 0.321965 0.999658 -0.0124978 -0.0229387 22.6542
-0.0278267 0.0324742 -0.999085 -23.3394 0.0113592 0.999418 0.0321687 0.354783 0.999548 -0.0104537 -0.0281792 22.6144
-0.0299566 0.041075 -0.998707 -24.3455 0.00988445 0.999119 0.0407954 0.384934 0.999502 -0.0086496 -0.030336 22.5768
-0.0299246 0.047776 -0.99841 -25.3742 0.0123235 0.998799 0.0474253 0.4183 0.999476 -0.0108848 -0.0304772 22.5464
-0.0323177 0.0498396 -0.998234 -26.401 0.0129527 0.998693 0.0494432 0.442556 0.999393 -0.011332 -0.0329208 22.5088
-0.0329545 0.0469852 -0.998352 -27.4144 0.0118563 0.998843 0.0466169 0.490282 0.999386 -0.0103005 -0.0334732 22.4829
-0.0360009 0.0420488 -0.998467 -28.4454 0.00667063 0.999103 0.0418351 0.534468 0.999329 -0.00515434 -0.0362488 22.4449
-0.0402255 0.0375345 -0.998486 -29.4819 0.0056819 0.999287 0.0373357 0.561888 0.999174 -0.00417148 -0.0404098 22.4041
-0.045454 0.0341414 -0.998383 -30.5182 0.00686109 0.999403 0.033864 0.585672 0.998943 -0.00531078 -0.0456609 22.3579
-0.052749 0.0322897 -0.998086 -31.5717 0.00491782 0.999474 0.0320747 0.612197 0.998596 -0.00321653 -0.0528798 22.2941
-0.0584748 0.034971 -0.997676 -32.6272 0.00651572 0.999379 0.0346488 0.641551 0.998267 -0.00447453 -0.058666 22.2294
-0.0655297 0.0387952 -0.997096 -33.7001 0.00505269 0.999244 0.0385468 0.681028 0.997838 -0.0025121 -0.0656759 22.1589
-0.0720324 0.0417091 -0.99653 -34.7696 0.00386512 0.99913 0.0415386 0.713938 0.997395 -0.000859626 -0.0721306 22.0733
-0.0758567 0.0430678 -0.996188 -35.8316 0.0010194 0.99907 0.0431148 0.742608 0.997118 0.00225499 -0.0758297 21.9798
-0.0796107 0.0446675 -0.995825 -36.9095 -0.00274241 0.998982 0.0450283 0.777238 0.996822 0.00631566 -0.0794069 21.8846
-0.0807787 0.0455943 -0.995689 -37.976 -0.00625134 0.998911 0.046249 0.820262 0.996712 0.00996029 -0.0804054 21.7882
-0.0831524 0.0460467 -0.995473 -39.0576 -0.00664355 0.998884 0.0467594 0.858805 0.996514 0.0105016 -0.0827534 21.6887
-0.0845302 0.0454957 -0.995382 -40.127 -0.0072843 0.998902 0.0462752 0.890037 0.996394 0.0111623 -0.0841058 21.5962
-0.0850481 0.0452548 -0.995349 -41.2015 -0.00772145 0.998908 0.0460764 0.930757 0.996347 0.0116042 -0.0846055 21.5
-0.0865075 0.0446182 -0.995252 -42.2865 -0.00888284 0.998923 0.0455549 0.967613 0.996211 0.0127815 -0.0860177 21.3946
-0.0872217 0.0430048 -0.99526 -43.368 -0.0125986 0.998941 0.0442679 1.00471 0.996109 0.0164 -0.0865872 21.282
-0.0868992 0.038933 -0.995456 -44.4558 -0.0174441 0.999024 0.0405953 1.04776 0.996064 0.0208925 -0.086135 21.1723
-0.0867456 0.0384767 -0.995487 -45.5421 -0.0189258 0.99901 0.0402621 1.0938 0.996051 0.0223329 -0.0859312 21.0679
-0.0840658 0.0411018 -0.995612 -46.6465 -0.0186678 0.998909 0.0428142 1.13204 0.996285 0.0221851 -0.0832065 20.9719
-0.0832591 0.0430917 -0.995596 -47.7596 -0.0183363 0.99883 0.044765 1.17503 0.996359 0.0219826 -0.0823713 20.8807
-0.0805699 0.0438066 -0.995786 -48.8639 -0.0170296 0.998828 0.0453183 1.20852 0.996603 0.0206091 -0.0797291 20.7752
-0.0787684 0.0433566 -0.99595 -49.9694 -0.0170628 0.998849 0.0448323 1.25488 0.996747 0.020525 -0.0779377 20.6831
-0.0747957 0.0438334 -0.996235 -51.0799 -0.0199848 0.998767 0.0454452 1.29858 0.996998 0.0233086 -0.0738272 20.5892
-0.0686039 0.0443494 -0.996658 -52.2051 -0.0246881 0.99863 0.0461366 1.34742 0.997338 0.0277707 -0.0674147 20.4954
-0.0638556 0.0441342 -0.996983 -53.3317 -0.0279369 0.998551 0.0459929 1.39167 0.997568 0.0307895 -0.0625298 20.4114
-0.0571594 0.0437606 -0.997406 -54.4586 -0.0291243 0.998541 0.0454795 1.43637 0.99794 0.0316483 -0.0558012 20.3321
-0.052579 0.0432858 -0.997678 -55.5871 -0.0288038 0.998579 0.0448428 1.47853 0.998201 0.0310947 -0.0512573 20.2596
-0.047085 0.043375 -0.997949 -56.7258 -0.0272522 0.99863 0.0446904 1.51094 0.998519 0.0293005 -0.0458381 20.2016
-0.0410226 0.0441621 -0.998182 -57.8653 -0.0264778 0.998624 0.0452699 1.55132 0.998807 0.0282867 -0.0397966 20.1489
-0.0366356 0.0456681 -0.998285 -59.007 -0.0246043 0.998612 0.046586 1.5907 0.999026 0.0262687 -0.0354608 20.1058
-0.0313081 0.0462203 -0.998441 -60.1506 -0.025765 0.998562 0.0470338 1.64369 0.999177 0.0271973 -0.030072 20.0596
-0.0256146 0.0465103 -0.99859 -61.3088 -0.0249417 0.998577 0.0471495 1.67741 0.999361 0.0261141 -0.0244179 20.0214
-0.021657 0.0427197 -0.998853 -62.4571 -0.024407 0.998767 0.0432452 1.73511 0.999467 0.0253155 -0.0205874 19.991
-0.0169239 0.038035 -0.999133 -63.6178 -0.0236486 0.998982 0.0384298 1.77321 0.999577 0.0242784 -0.016007 19.9673
-0.0139094 0.0374464 -0.999202 -64.7729 -0.0238982 0.999001 0.0377715 1.8124 0.999617 0.0244045 -0.0130004 19.9468
-0.0107129 0.0394158 -0.999166 -65.9408 -0.023298 0.998942 0.0396567 1.85081 0.999671 0.0237033 -0.00978299 19.9327
-0.00804287 0.0395799 -0.999184 -67.1104 -0.0231811 0.998941 0.0397569 1.88215 0.999699 0.0234819 -0.00711662 19.9182
-0.00828287 0.0391141 -0.999201 -68.2795 -0.0246422 0.998924 0.0393075 1.91608 0.999662 0.024948 -0.00730987 19.9042
-0.00689446 0.0400665 -0.999173 -69.4502 -0.0255955 0.998863 0.0402306 1.94862 0.999648 0.0258516 -0.00586088 19.8887
-0.00700013 0.0404909 -0.999156 -70.628 -0.0261688 0.998831 0.040661 1.97986 0.999633 0.0264313 -0.00593211 19.873
-0.00594838 0.0393356 -0.999209 -71.7981 -0.0270117 0.998856 0.0394825 2.01134 0.999617 0.0272251 -0.00487883 19.8569
-0.00443433 0.0384766 -0.99925 -72.977 -0.0260294 0.998917 0.0385793 2.04056 0.999651 0.0261809 -0.00342778 19.8457
-0.00573805 0.0386998 -0.999235 -74.1632 -0.0226742 0.998989 0.0388205 2.07407 0.999726 0.0228796 -0.00485453 19.841
-0.00577342 0.039544 -0.999201 -75.3465 -0.0201447 0.999011 0.0396529 2.10611 0.99978 0.0203575 -0.00497088 19.8302
-0.00548019 0.0417318 -0.999114 -76.5342 -0.0203419 0.998918 0.0418351 2.13952 0.999778 0.0205531 -0.00462513 19.819
-0.005798 0.0441416 -0.999009 -77.7202 -0.0220617 0.998777 0.0442594 2.17525 0.99974 0.0222963 -0.00481684 19.806
-0.0048423 0.0443231 -0.999006 -78.8972 -0.0234679 0.998738 0.0444249 2.21806 0.999713 0.0236596 -0.00379579 19.7868
-0.00539266 0.0430641 -0.999058 -80.0748 -0.025293 0.998747 0.0431872 2.25222 0.999665 0.0255021 -0.00429645 19.7747
-0.00520222 0.0420045 -0.999104 -81.2448 -0.0251968 0.998795 0.0421227 2.29004 0.999669 0.0253933 -0.00413734 19.7653
-0.00395205 0.0416229 -0.999126 -82.4087 -0.023399 0.998857 0.0417042 2.32398 0.999718 0.0235433 -0.00297337 19.7573
-0.00500095 0.0434606 -0.999043 -83.5821 -0.0207194 0.998837 0.0435553 2.34287 0.999773 0.0209173 -0.00409442 19.7528
-0.00446786 0.0452205 -0.998967 -84.7489 -0.0204187 0.998765 0.0453027 2.38273 0.999781 0.0205999 -0.00353877 19.739
-0.00336298 0.0465579 -0.99891 -85.9181 -0.0208451 0.998696 0.046618 2.42598 0.999777 0.0209791 -0.00238786 19.7268
-0.00411697 0.0464024 -0.998915 -87.0922 -0.0211617 0.998696 0.0464794 2.47325 0.999767 0.02133 -0.00312942 19.718
-0.00329114 0.0450925 -0.998978 -88.2461 -0.0199895 0.998781 0.0451495 2.51097 0.999795 0.0201176 -0.00238552 19.7051
-0.00412364 0.0441112 -0.999018 -89.4248 -0.0187209 0.998849 0.044181 2.54885 0.999816 0.0188847 -0.00329287 19.6943
-0.00419839 0.045133 -0.998972 -90.5849 -0.0163751 0.998845 0.0451961 2.58786 0.999857 0.016548 -0.00345425 19.6931
-0.00322735 0.0471949 -0.998881 -91.7437 -0.014833 0.998774 0.0472378 2.62838 0.999885 0.0149688 -0.00252312 19.6925
-0.00401551 0.0490772 -0.998787 -92.9152 -0.0135671 0.998701 0.0491275 2.67007 0.9999 0.0137479 -0.00334422 19.6863
-0.0047342 0.0510783 -0.998684 -94.0858 -0.0145409 0.998586 0.0511422 2.71338 0.999883 0.0147638 -0.00398456 19.6757
-0.00391219 0.0521569 -0.998631 -95.2375 -0.0162501 0.998504 0.0522139 2.75524 0.99986 0.016432 -0.00305856 19.6637
-0.00473146 0.051865 -0.998643 -96.3984 -0.0179934 0.998489 0.0519422 2.80488 0.999827 0.0182147 -0.00379086 19.6505
-0.00380451 0.0489194 -0.998796 -97.55 -0.0201862 0.998596 0.0489865 2.84423 0.999789 0.0203482 -0.00281144 19.6362
-0.00525523 0.0471138 -0.998876 -98.7075 -0.0211137 0.998662 0.0472148 2.89084 0.999763 0.021338 -0.00425323 19.619
-0.00544023 0.0462499 -0.998915 -99.8526 -0.0204916 0.998716 0.0463522 2.92939 0.999775 0.0207215 -0.00448528 19.6109
-0.00488535 0.0470738 -0.998879 -101.011 -0.0194741 0.998698 0.0471605 2.96316 0.999798 0.0196826 -0.00396204 19.6057
-0.00632781 0.048734 -0.998792 -102.174 -0.0191866 0.998623 0.0488473 3.00212 0.999796 0.0194725 -0.00538382 19.5939
-0.00549663 0.0505327 -0.998707 -103.336 -0.0180687 0.998555 0.0506244 3.04299 0.999821 0.0183236 -0.0045754 19.5865
-0.00737895 0.0504922 -0.998697 -104.503 -0.0222679 0.998469 0.0506452 3.08512 0.999725 0.0226125 -0.00624307 19.5692
-0.00817869 0.0506914 -0.998681 -105.673 -0.0261795 0.998362 0.0508896 3.13088 0.999623 0.0265611 -0.00683798 19.5517
-0.00776777 0.049585 -0.99874 -106.845 -0.0285271 0.998353 0.0497877 3.17988 0.999563 0.0288778 -0.00634023 19.5343
-0.00930141 0.0467999 -0.998861 -108.026 -0.0290773 0.99847 0.0470523 3.21849 0.999534 0.0294818 -0.00792613 19.5133
-0.0101563 0.0439411 -0.998983 -109.205 -0.0297115 0.99858 0.0442254 3.25979 0.999507 0.0301304 -0.00883604 19.4964
-0.0100465 0.0426701 -0.999039 -110.394 -0.0263143 0.998732 0.0429216 3.30838 0.999603 0.0267201 -0.00891072 19.4846
-0.0118678 0.0423385 -0.999033 -111.593 -0.0218347 0.998855 0.0425903 3.34145 0.999691 0.022319 -0.0109295 19.4738
-0.0118847 0.0443271 -0.998947 -112.798 -0.02156 0.998774 0.0445759 3.38323 0.999697 0.022067 -0.0109142 19.4545
-0.0141888 0.0469865 -0.998795 -114.009 -0.0207348 0.998667 0.047275 3.43018 0.999684 0.0213805 -0.0131954 19.4319
-0.0150023 0.0470108 -0.998782 -115.225 -0.0190858 0.998699 0.0472936 3.47649 0.999705 0.019772 -0.0140854 19.4131
-0.0148744 0.0437128 -0.998934 -116.45 -0.0196842 0.998838 0.0440017 3.52139 0.999695 0.0203177 -0.0139964 19.3885
-0.0169743 0.0406088 -0.999031 -117.675 -0.0208456 0.998944 0.0409594 3.56512 0.999638 0.0215206 -0.0161096 19.3583
-0.017183 0.0391844 -0.999084 -118.913 -0.0195025 0.999029 0.0395176 3.5936 0.999662 0.0201636 -0.0164019 19.3365
-0.018866 0.0406609 -0.998995 -120.153 -0.0214657 0.998926 0.0410635 3.62585 0.999591 0.0222188 -0.0179727 19.3047
-0.0194429 0.0438819 -0.998848 -121.405 -0.0258913 0.99868 0.0443785 3.66724 0.999475 0.0267243 -0.0182808 19.2668
-0.0188391 0.0470819 -0.998713 -122.667 -0.0308006 0.99839 0.0476476 3.71499 0.999348 0.0316586 -0.0173584 19.2283
-0.0199549 0.0470718 -0.998692 -123.923 -0.0373365 0.99816 0.0477927 3.76374 0.999103 0.0382413 -0.0181604 19.1829
-0.0198566 0.0454321 -0.99877 -125.184 -0.0415415 0.998067 0.046226 3.81436 0.998939 0.0424082 -0.0179306 19.1438
-0.0197369 0.0443963 -0.998819 -126.452 -0.0426774 0.998066 0.0452062 3.85977 0.998894 0.0435192 -0.0178038 19.1117
-0.0216305 0.0435141 -0.998819 -127.709 -0.0426855 0.998102 0.0444072 3.90777 0.998854 0.0435956 -0.0197317 19.0766
-0.0212267 0.0432217 -0.99884 -128.976 -0.0406859 0.998201 0.0440586 3.94507 0.998946 0.0415739 -0.0194297 19.0455
-0.0228162 0.0440371 -0.998769 -130.231 -0.0406103 0.998164 0.0449381 3.99015 0.998914 0.0415855 -0.0209857 19.007
-0.0236275 0.0476244 -0.998586 -131.502 -0.0401875 0.998012 0.0485479 4.0353 0.998912 0.0412777 -0.0216664 18.971
-0.0231044 0.0510109 -0.998431 -132.763 -0.0388249 0.997899 0.0518821 4.07965 0.998979 0.0399626 -0.0210751 18.9409
-0.0244045 0.0501719 -0.998443 -134.02 -0.0401227 0.997886 0.0511246 4.12277 0.998896 0.0413078 -0.0223396 18.9018
-0.0238927 0.0494613 -0.99849 -135.272 -0.0404084 0.997912 0.0503995 4.18193 0.998897 0.0415515 -0.021844 18.8664
-0.0218517 0.0491002 -0.998555 -136.526 -0.0399554 0.997953 0.0499449 4.21975 0.998962 0.040989 -0.019845 18.832
-0.0217083 0.0487462 -0.998576 -137.787 -0.0403024 0.997956 0.0495922 4.26392 0.998951 0.0413215 -0.0196991 18.7943
-0.0201861 0.0500676 -0.998542 -139.043 -0.0403387 0.997892 0.0508505 4.30693 0.998982 0.0413063 -0.0181237 18.7614
-0.0204365 0.0525012 -0.998412 -140.299 -0.0409149 0.99774 0.0533034 4.35296 0.998953 0.0419392 -0.018242 18.7281
-0.0193061 0.0535644 -0.998378 -141.554 -0.0420158 0.997639 0.0543372 4.39962 0.99893 0.0429966 -0.0170098 18.6948
-0.0180294 0.0514511 -0.998513 -142.79 -0.0438568 0.997674 0.0521998 4.46085 0.998875 0.0447326 -0.0157307 18.6632
-0.0189489 0.0484531 -0.998646 -144.03 -0.0437093 0.99783 0.0492429 4.5075 0.998864 0.0445832 -0.0167897 18.6358
-0.0191665 0.0470355 -0.998709 -145.273 -0.0412883 0.998004 0.0477946 4.5516 0.998963 0.042151 -0.017186 18.6091
-0.0188297 0.0466246 -0.998735 -146.516 -0.0404957 0.998057 0.0473564 4.59326 0.999002 0.0413362 -0.0169047 18.5822
-0.0206276 0.0462658 -0.998716 -147.759 -0.0384622 0.998153 0.047034 4.63452 0.999047 0.039383 -0.0188098 18.5531
-0.0198828 0.0453213 -0.998775 -149 -0.0365431 0.998272 0.046026 4.66967 0.999134 0.0374134 -0.0181921 18.5273
-0.0210482 0.0452656 -0.998753 -150.24 -0.0359573 0.998294 0.0460026 4.71211 0.999131 0.0368807 -0.0193844 18.4926
-0.0214487 0.0470987 -0.99866 -151.476 -0.0345807 0.998257 0.0478224 4.7478 0.999171 0.0355601 -0.0197823 18.4592
-0.0211304 0.0480135 -0.998623 -152.71 -0.0321704 0.998297 0.0486784 4.78791 0.999259 0.0331547 -0.0195496 18.4289
-0.0224763 0.0467642 -0.998653 -153.937 -0.0306737 0.998403 0.0474428 4.82697 0.999276 0.0316986 -0.0210057 18.3948
-0.0231996 0.0465905 -0.998645 -155.164 -0.0320565 0.998365 0.0473222 4.86587 0.999217 0.0331108 -0.0216679 18.36
-0.0223802 0.0498321 -0.998507 -156.39 -0.0323025 0.9982 0.0505408 4.9046 0.999227 0.0333853 -0.02073 18.3237
-0.0235894 0.0543418 -0.998244 -157.621 -0.0357241 0.997838 0.0551639 4.95248 0.999083 0.0369626 -0.0215968 18.272
-0.0213825 0.054921 -0.998262 -158.842 -0.0404145 0.997627 0.0557517 5.00758 0.998954 0.0415363 -0.0191119 18.2317
-0.0213294 0.0513619 -0.998452 -160.06 -0.0432494 0.997698 0.0522469 5.06152 0.998836 0.0442968 -0.0190587 18.1876
-0.0203433 0.0466607 -0.998704 -161.275 -0.0455969 0.997828 0.0475486 5.10694 0.998753 0.046505 -0.0181713 18.1423
-0.0185542 0.0446724 -0.99883 -162.489 -0.0468585 0.997865 0.0454997 5.15683 0.998729 0.0476478 -0.016421 18.1052
-0.0185392 0.0429515 -0.998905 -163.703 -0.0428506 0.998125 0.0437132 5.1903 0.998909 0.043614 -0.0166638 18.0747
-0.0186229 0.0391261 -0.999061 -164.91 -0.0386302 0.99846 0.0398226 5.23254 0.99908 0.0393355 -0.0170825 18.0501
-0.0181296 0.0378546 -0.999119 -166.125 -0.0340342 0.998681 0.0384556 5.26464 0.999256 0.0347014 -0.0168171 18.0302
-0.0205101 0.0400144 -0.998989 -167.322 -0.0306711 0.998704 0.0406327 5.30675 0.999319 0.0314734 -0.019256 17.9899
-0.0193416 0.0458619 -0.998761 -168.533 -0.0307083 0.998449 0.0464423 5.3507 0.999341 0.0315684 -0.017903 17.9575
-0.0186653 0.0483517 -0.998656 -169.745 -0.0315589 0.998304 0.0489245 5.39761 0.999327 0.0324296 -0.0171074 17.9263
-0.0169694 0.0461957 -0.998788 -170.941 -0.0328563 0.998367 0.0467344 5.43419 0.999316 0.0336095 -0.0154236 17.8908
-0.0160632 0.045901 -0.998817 -172.152 -0.0351451 0.998303 0.0464426 5.47354 0.999253 0.0358495 -0.0144225 17.8685
-0.0163291 0.0470103 -0.998761 -173.352 -0.034216 0.998283 0.0475472 5.50891 0.999281 0.0349499 -0.0146923 17.8518
-0.0156572 0.0456257 -0.998836 -174.55 -0.0343091 0.998346 0.0461412 5.54211 0.999288 0.0349915 -0.0140657 17.8353
-0.0134839 0.0456473 -0.998867 -175.73 -0.0350209 0.998323 0.0460952 5.57982 0.999295 0.0356027 -0.0118625 17.8189
-0.0128267 0.046536 -0.998834 -176.872 -0.0360977 0.998244 0.046972 5.61322 0.999266 0.0366581 -0.0111241 17.7978
-0.0104863 0.0480815 -0.998789 -177.996 -0.0364124 0.998163 0.0484337 5.64902 0.999282 0.0368761 -0.00871602 17.7855
-0.0107099 0.0487003 -0.998756 -179.081 -0.0371284 0.998105 0.0490667 5.68172 0.999253 0.0376077 -0.0088812 17.7688
-0.0106265 0.049697 -0.998708 -180.142 -0.0377015 0.998034 0.0500646 5.72012 0.999232 0.0381847 -0.00873169 17.7555
-0.0102751 0.0505525 -0.998669 -181.192 -0.0374442 0.998002 0.050904 5.75437 0.999246 0.0379173 -0.00836148 17.7394
-0.010723 0.0502357 -0.99868 -182.205 -0.0378565 0.998001 0.050608 5.7928 0.999225 0.0383491 -0.00879959 17.7251
-0.00857768 0.0504341 -0.998691 -183.181 -0.038788 0.997959 0.0507303 5.82522 0.99921 0.0391723 -0.00660371 17.7085
-0.00773985 0.0509819 -0.99867 -184.134 -0.0390932 0.997921 0.0512466 5.8685 0.999205 0.0394377 -0.00573048 17.697
-0.00827227 0.0506787 -0.998681 -185.062 -0.0383148 0.997966 0.0509597 5.90358 0.999231 0.0386857 -0.00631346 17.688
-0.0109822 0.0483356 -0.998771 -185.971 -0.0362167 0.998157 0.0487041 5.91926 0.999283 0.036707 -0.00921114 17.6696
-0.0166237 0.0463073 -0.998789 -186.883 -0.0354295 0.998273 0.046873 5.96451 0.999234 0.0361658 -0.0149541 17.6532
-0.021701 0.0440715 -0.998793 -187.792 -0.0370066 0.998308 0.0448541 5.9983 0.999079 0.0379352 -0.0200331 17.6281
-0.0249762 0.0437758 -0.998729 -188.699 -0.0388254 0.998245 0.0447255 6.02708 0.998934 0.039893 -0.0232325 17.602
-0.028747 0.0447968 -0.998583 -189.616 -0.0399338 0.998147 0.0459269 6.05796 0.998788 0.0411974 -0.0269046 17.57
-0.0298972 0.0464599 -0.998473 -190.531 -0.0393791 0.998089 0.0476212 6.0888 0.998777 0.0407426 -0.0280103 17.5424
-0.0326895 0.0480819 -0.998308 -191.447 -0.0366048 0.998115 0.0492712 6.11029 0.998795 0.0381535 -0.0308676 17.5114
-0.0340759 0.0486235 -0.998236 -192.358 -0.0355298 0.998126 0.049831 6.14625 0.998787 0.0371651 -0.0322842 17.4785
-0.0343528 0.0486264 -0.998226 -193.26 -0.0359624 0.998109 0.0498582 6.17543 0.998762 0.0376113 -0.0325388 17.4493
-0.0356004 0.0478955 -0.998218 -194.155 -0.0373801 0.998088 0.0492224 6.21063 0.998667 0.0390658 -0.0337418 17.4063
-0.0346929 0.0475634 -0.998266 -195.054 -0.0401434 0.997995 0.0489455 6.24451 0.998591 0.0417718 -0.0327137 17.3715
-0.0347174 0.0463849 -0.99832 -195.956 -0.0425703 0.997947 0.0478479 6.27453 0.99849 0.0441599 -0.0326712 17.324
-0.0338867 0.0449772 -0.998413 -196.861 -0.0432393 0.997986 0.0464255 6.30676 0.99849 0.0447438 -0.0318734 17.2906
-0.0329116 0.0437131 -0.998502 -197.766 -0.0431718 0.998049 0.0451162 6.33781 0.998525 0.0445919 -0.03096 17.2581
-0.0329268 0.0434593 -0.998513 -198.683 -0.043101 0.998063 0.044861 6.37598 0.998528 0.0445139 -0.0309896 17.2234
-0.0326188 0.0459468 -0.998411 -199.615 -0.0414551 0.998021 0.0472832 6.40451 0.998608 0.0429315 -0.0306493 17.1888
-0.0319488 0.0470422 -0.998382 -200.541 -0.0407756 0.997999 0.048329 6.43707 0.998657 0.0422536 -0.0299665 17.173
-0.0320164 0.0442482 -0.998507 -201.483 -0.0360436 0.998319 0.0453956 6.45769 0.998837 0.0374432 -0.0303675 17.1376
-0.0311823 0.0426871 -0.998602 -202.42 -0.0348324 0.998435 0.0437676 6.47364 0.998906 0.0361485 -0.0296464 17.1114
-0.0315818 0.0431561 -0.998569 -203.372 -0.0386399 0.998268 0.0443652 6.52112 0.998754 0.0399857 -0.0298593 17.0619
-0.0305139 0.04548 -0.998499 -204.326 -0.0391265 0.998144 0.0466595 6.56518 0.998768 0.0404915 -0.0286775 17.0269
-0.0278611 0.0458168 -0.998561 -205.286 -0.0382974 0.998167 0.0468672 6.59519 0.998878 0.0395481 -0.0260551 17.0025
-0.0265431 0.0477163 -0.998508 -206.259 -0.0374506 0.998112 0.0486929 6.6224 0.998946 0.0386871 -0.0247058 16.9658
-0.0243934 0.0510547 -0.998398 -207.24 -0.0377379 0.997936 0.0519531 6.67702 0.99899 0.0389447 -0.0224161 16.9429
-0.0235823 0.0548406 -0.998217 -208.233 -0.0354949 0.997819 0.0556573 6.71201 0.999091 0.0367441 -0.0215841 16.9159
-0.0225289 0.0554373 -0.998208 -209.227 -0.0352329 0.997797 0.0562096 6.74585 0.999125 0.0364361 -0.0205258 16.8947
-0.0196834 0.0560704 -0.998233 -210.232 -0.0374469 0.997684 0.056778 6.80536 0.999104 0.0384982 -0.0175379 16.8674
-0.0173264 0.056995 -0.998224 -211.237 -0.0390444 0.997574 0.0576356 6.86437 0.999087 0.0399736 -0.0150588 16.8384
-0.0132301 0.0577429 -0.998244 -212.261 -0.0398121 0.997509 0.058228 6.9052 0.999119 0.0405125 -0.010898 16.8225
-0.0111582 0.0559336 -0.998372 -213.282 -0.0425997 0.997501 0.0563609 6.95992 0.99903 0.0431592 -0.00874733 16.8005
-0.00873737 0.0545768 -0.998472 -214.311 -0.0429469 0.997568 0.0549032 7.00294 0.999039 0.0433609 -0.00637198 16.7909
-0.00590085 0.0537923 -0.998535 -215.358 -0.0417242 0.997669 0.0539923 7.04786 0.999112 0.0419816 -0.00364242 16.7839
-0.00495931 0.0558684 -0.998426 -216.41 -0.0419924 0.997546 0.0560278 7.09085 0.999105 0.0422041 -0.00260086 16.7713
-0.00283907 0.05811 -0.998306 -217.469 -0.0429228 0.997383 0.0581784 7.14729 0.999074 0.0430152 -0.000337167 16.7618
-0.00236113 0.0588435 -0.998265 -218.533 -0.0430909 0.997334 0.0588906 7.19878 0.999068 0.0431551 0.00018102 16.7491
-0.00162823 0.0568407 -0.998382 -219.602 -0.0422922 0.997486 0.0568586 7.24883 0.999104 0.0423162 0.00078001 16.7457
-0.000573102 0.0550206 -0.998485 -220.677 -0.0396764 0.997698 0.0549999 7.30506 0.999212 0.0396478 0.00161147 16.7403
-0.00144997 0.0544229 -0.998517 -221.757 -0.0372683 0.997821 0.0544391 7.34764 0.999304 0.0372919 0.000581671 16.7394
-0.000605753 0.0542433 -0.998528 -222.844 -0.0382576 0.997795 0.0542268 7.40382 0.999267 0.0382341 0.00147103 16.7323
-0.00122408 0.0543703 -0.99852 -223.945 -0.0374657 0.997817 0.0543779 7.44488 0.999297 0.0374767 0.000815846 16.7284
-0.00188596 0.0551748 -0.998475 -225.048 -0.0393489 0.997699 0.0552063 7.50154 0.999224 0.039393 0.000289683 16.722
-0.00151411 0.0569018 -0.998379 -226.161 -0.0392494 0.997607 0.0569173 7.55518 0.999228 0.0392719 0.000723101 16.7147
-0.00364508 0.0590365 -0.998249 -227.278 -0.0392837 0.997477 0.0591342 7.61083 0.999221 0.0394304 -0.00131648 16.706
-0.0040476 0.0604757 -0.998162 -228.403 -0.0398213 0.997368 0.0605891 7.66659 0.999198 0.0399933 -0.00162849 16.6967
-0.00401969 0.0616979 -0.998087 -229.547 -0.0417285 0.997215 0.061812 7.72289 0.999121 0.041897 -0.00143371 16.6861
-0.00669613 0.0608932 -0.998122 -230.687 -0.04346 0.997183 0.0611275 7.79284 0.999032 0.0437876 -0.00403061 16.6703
-0.00688511 0.0575833 -0.998317 -231.84 -0.0419438 0.997445 0.0578223 7.84709 0.999096 0.0422713 -0.00445203 16.6618
-0.00972864 0.0529954 -0.998547 -232.988 -0.0392705 0.997804 0.0533386 7.90539 0.999181 0.0397323 -0.00762588 16.6486
-0.0123215 0.0492241 -0.998712 -234.152 -0.034946 0.998156 0.0496279 7.94961 0.999313 0.0355125 -0.0105784 16.6385
-0.0128358 0.0499486 -0.998669 -235.341 -0.02927 0.998305 0.0503066 8.00261 0.999489 0.0298767 -0.0113518 16.6344
-0.0165812 0.0532926 -0.998441 -236.523 -0.024504 0.998257 0.0536897 8.05519 0.999562 0.025356 -0.0152461 16.6161
-0.0192094 0.0558374 -0.998255 -237.717 -0.0217027 0.998181 0.0562508 8.10854 0.999579 0.0227453 -0.0179624 16.5911
-0.020137 0.0563737 -0.998207 -238.928 -0.0211877 0.998161 0.0567985 8.15929 0.999572 0.0222934 -0.0189053 16.566
-0.0238103 0.0566396 -0.998111 -240.133 -0.0208417 0.998149 0.057139 8.22337 0.999499 0.0221628 -0.0225855 16.5333
-0.0258937 0.0584861 -0.997952 -241.341 -0.0193574 0.998071 0.0589953 8.28222 0.999477 0.0208453 -0.0247114 16.4926
-0.0267799 0.0585167 -0.997927 -242.565 -0.0188343 0.998078 0.059031 8.33967 0.999463 0.0203761 -0.0256261 16.4614
-0.0304915 0.0571941 -0.997897 -243.791 -0.0187706 0.998153 0.0577823 8.39985 0.999358 0.0204929 -0.0293613 16.4151
-0.0314948 0.0574075 -0.997854 -245.024 -0.0193011 0.998128 0.0580325 8.45575 0.999317 0.0210874 -0.0303276 16.3723
-0.0355138 0.0582475 -0.99767 -246.27 -0.0187702 0.998085 0.0589399 8.52287 0.999192 0.0208196 -0.0343522 16.3192
-0.0380117 0.0585978 -0.997558 -247.524 -0.0196849 0.998042 0.0593763 8.57244 0.999083 0.0218938 -0.0367835 16.2662
-0.0391183 0.0599801 -0.997433 -248.776 -0.0213642 0.997918 0.0608472 8.63123 0.999006 0.0236896 -0.0377552 16.2097
-0.043539 0.0616896 -0.997145 -250.042 -0.0227879 0.997771 0.0627233 8.69756 0.998791 0.0254537 -0.0420359 16.144
-0.0450675 0.0625001 -0.997027 -251.297 -0.0240649 0.997683 0.063629 8.75809 0.998694 0.0268609 -0.0434588 16.0788
-0.045058 0.0627124 -0.997014 -252.55 -0.0264684 0.997602 0.0639456 8.82346 0.998633 0.0292705 -0.0432899 16.0141
-0.0467044 0.0635069 -0.996888 -253.811 -0.027095 0.997529 0.0648172 8.88843 0.998541 0.0300379 -0.044868 15.9362
-0.0460894 0.0629349 -0.996953 -255.072 -0.0266987 0.997579 0.0642088 8.94632 0.99858 0.0295767 -0.0442973 15.8751
-0.0472258 0.0617914 -0.996971 -256.333 -0.0252122 0.997693 0.0630305 9.00327 0.998566 0.0281124 -0.0455588 15.8137
-0.0473018 0.0620445 -0.996952 -257.586 -0.0234408 0.997725 0.0632048 9.06252 0.998605 0.026359 -0.0457396 15.7466
-0.0462114 0.062372 -0.996983 -258.832 -0.0230581 0.997716 0.0634867 9.12929 0.998665 0.0259222 -0.0446674 15.6873
-0.0469787 0.0629904 -0.996908 -260.093 -0.0222388 0.997696 0.0640882 9.20143 0.998648 0.0251807 -0.0454694 15.6213
-0.0456269 0.0632684 -0.996953 -261.339 -0.0217287 0.997693 0.0643099 9.26604 0.998722 0.0245967 -0.0441467 15.5638
-0.0463821 0.0642485 -0.996856 -262.598 -0.0197345 0.997676 0.0652196 9.33589 0.998728 0.0226974 -0.0450062 15.499
-0.0464659 0.0664035 -0.996711 -263.844 -0.0160612 0.997609 0.0672122 9.39747 0.99879 0.0191314 -0.0452881 15.4382
-0.045402 0.0697717 -0.99653 -265.084 -0.0125954 0.997439 0.0704092 9.46208 0.998889 0.0157483 -0.0444066 15.3822
-0.0460002 0.0719666 -0.996346 -266.329 -0.0101147 0.997317 0.0725037 9.53212 0.99889 0.0134129 -0.0451487 15.3183
-0.0460814 0.0715702 -0.996371 -267.565 -0.0107671 0.997337 0.0721375 9.60677 0.998879 0.0140522 -0.0451878 15.2564
-0.0453908 0.0700732 -0.996509 -268.797 -0.0132036 0.997407 0.0707378 9.68116 0.998882 0.0163682 -0.0443476 15.1889
-0.0469869 0.0721636 -0.996286 -270.034 -0.0181147 0.997161 0.0730814 9.7584 0.998731 0.0214812 -0.0455461 15.1146
-0.0462807 0.0767892 -0.995973 -271.27 -0.0224423 0.996709 0.0778889 9.84228 0.998676 0.0259566 -0.0444048 15.0423
-0.0472637 0.0767072 -0.995933 -272.506 -0.0254471 0.996631 0.0779686 9.91998 0.998558 0.0290287 -0.0451523 14.9631
-0.0471967 0.0702207 -0.996414 -273.732 -0.0265262 0.997086 0.0715245 9.9877 0.998533 0.0298067 -0.0451962 14.8967
-0.0467708 0.0649758 -0.99679 -274.951 -0.0237577 0.997527 0.0661386 10.0485 0.998622 0.0267747 -0.0451113 14.8395
-0.0480242 0.0640234 -0.996792 -276.179 -0.0189659 0.997705 0.0649958 10.1128 0.998665 0.0220264 -0.0466995 14.7771
-0.0470977 0.0653803 -0.996748 -277.413 -0.0148578 0.997699 0.0661448 10.1761 0.998779 0.0179247 -0.0460177 14.7169
-0.0445267 0.0671746 -0.996747 -278.641 -0.0147831 0.997583 0.0678913 10.242 0.998898 0.017758 -0.0434258 14.6624
-0.0444249 0.0689945 -0.996627 -279.869 -0.0151987 0.99745 0.0697289 10.3102 0.998896 0.018245 -0.0432628 14.608
-0.042473 0.0705535 -0.996603 -281.098 -0.0164285 0.997319 0.0713043 10.3803 0.998962 0.0194012 -0.0411998 14.5509
-0.0428292 0.0712506 -0.996539 -282.322 -0.0166505 0.997264 0.0720181 10.4554 0.998943 0.0196773 -0.0415254 14.4904
-0.0424221 0.0712925 -0.996553 -283.545 -0.0164233 0.997266 0.0720427 10.5286 0.998964 0.0194228 -0.041135 14.4312
-0.0411612 0.0703957 -0.99667 -284.762 -0.0169423 0.997322 0.0711414 10.6068 0.999008 0.0198141 -0.0398581 14.378
-0.0419656 0.0698039 -0.996678 -285.987 -0.0171496 0.997359 0.0705738 10.6761 0.998971 0.0200542 -0.0406574 14.3191
-0.0419765 0.0697839 -0.996679 -287.209 -0.0180882 0.997341 0.0705921 10.7453 0.998954 0.0209912 -0.0406024 14.2618
-0.0408751 0.0696101 -0.996736 -288.431 -0.0183851 0.997349 0.0704068 10.8195 0.998994 0.0212029 -0.0394867 14.2058
-0.0414016 0.0701162 -0.996679 -289.652 -0.0188914 0.997301 0.0709447 10.8977 0.998963 0.0217659 -0.0399651 14.1571
-0.0403052 0.0703794 -0.996706 -290.878 -0.0184458 0.997294 0.0711669 10.9749 0.999016 0.0212534 -0.0388978 14.099
-0.041114 0.0700897 -0.996693 -292.105 -0.0187108 0.997307 0.0709047 11.0498 0.998979 0.021564 -0.0396916 14.0479
-0.0404473 0.0676625 -0.996888 -293.326 -0.0183729 0.997485 0.0684485 11.1256 0.999012 0.0210843 -0.0391022 13.9854
-0.0414578 0.0658999 -0.996965 -294.547 -0.0190807 0.997588 0.0667346 11.1999 0.998957 0.0217894 -0.0401002 13.929
-0.0416907 0.0649189 -0.997019 -295.77 -0.0206125 0.997618 0.0658199 11.2605 0.998917 0.0232951 -0.040253 13.8692
-0.0420603 0.0647605 -0.997014 -296.984 -0.022544 0.997581 0.0657484 11.3315 0.99886 0.025242 -0.0404984 13.8062
-0.0416693 0.0656632 -0.996971 -298.201 -0.0244418 0.997472 0.0667177 11.4013 0.998832 0.0271478 -0.0399588 13.7475
-0.0427287 0.0662886 -0.996885 -299.429 -0.0268486 0.99736 0.0674709 11.4716 0.998725 0.0296479 -0.0408359 13.6819
-0.0420378 0.0663599 -0.99691 -300.637 -0.0278472 0.997326 0.0675619 11.5496 0.998727 0.0306012 -0.0400772 13.6176
-0.0433759 0.0649605 -0.996945 -301.867 -0.0274547 0.997429 0.0661866 11.6096 0.998681 0.0302417 -0.0414807 13.5574
-0.0438453 0.0634665 -0.99702 -303.09 -0.0260274 0.997569 0.064646 11.6731 0.998699 0.0287842 -0.0420866 13.5043
-0.0439021 0.0630421 -0.997045 -304.317 -0.0223175 0.997696 0.064066 11.7391 0.998786 0.0250641 -0.0423938 13.4533
-0.045528 0.0646451 -0.996869 -305.554 -0.020153 0.997641 0.0656156 11.8069 0.998759 0.0230772 -0.0441176 13.3969
-0.046245 0.0655526 -0.996777 -306.792 -0.0193445 0.997598 0.0665041 11.8695 0.998742 0.0223576 -0.0448656 13.3362
