1 0 0 0 0 1 0 0 0 0 1 0
0.999938 -0.00177753 0.0109814 0.00968925 0.00176867 0.999998 0.000816636 -0.00144808 -0.0109828 -0.000797163 0.999939 0.301446
0.999866 -0.00294537 0.0160755 0.0154863 0.00292801 0.999995 0.00110342 0.00295217 -0.0160787 -0.00105621 0.99987 0.618437
0.999833 -0.00436093 0.0177637 0.0348607 0.00437757 0.99999 -0.000897847 0.00814578 -0.0177596 0.000975458 0.999842 0.919309
0.999864 -0.00669907 0.0150976 0.0426195 0.00672197 0.999976 -0.00146665 -0.0032297 -0.0150874 0.00156794 0.999885 1.23686
0.99993 -0.00900903 0.00768389 0.0474545 0.00903105 0.999955 -0.00283613 -0.00509875 -0.007658 0.00290532 0.999966 1.56332
0.99993 -0.0106223 -0.00524326 0.0448592 0.0105993 0.999934 -0.00439169 -0.00357057 0.00528957 0.00433581 0.999977 1.87344
0.999714 -0.00899043 -0.0221565 0.0332373 0.00887422 0.999946 -0.00533751 -0.000141492 0.0222033 0.00513936 0.99974 2.20425
0.999092 -0.00636425 -0.0421223 0.00720306 0.0061698 0.99997 -0.00474462 -0.000412745 0.0421512 0.00448042 0.999101 2.57716
0.998007 -0.00363426 -0.0630021 -0.0108597 0.00320581 0.999971 -0.00690018 -0.00555402 0.0630254 0.00668445 0.997989 2.90981
0.996536 -0.00357648 -0.0830876 -0.0493346 0.00296147 0.999967 -0.00752399 -0.00543316 0.0831118 0.00725186 0.996514 3.28242
0.994444 -0.00449138 -0.10517 -0.0947432 0.00379406 0.999969 -0.00682946 -0.0205775 0.105197 0.00639249 0.994431 3.67594
0.991923 -0.00727597 -0.126634 -0.132765 0.00642942 0.999954 -0.0070924 -0.0552453 0.12668 0.00622094 0.991924 4.04626
0.989361 -0.00596627 -0.145357 -0.201353 0.00496062 0.999961 -0.00727995 -0.0456742 0.145395 0.00648144 0.989352 4.433
0.986756 -0.00503578 -0.162132 -0.263054 0.00403915 0.999971 -0.00647601 -0.0523659 0.16216 0.00573537 0.986748 4.85566
0.984142 -0.00459149 -0.177324 -0.335238 0.00337435 0.999969 -0.00716483 -0.0644111 0.177351 0.00645285 0.984126 5.27829
0.981576 -0.00668949 -0.190952 -0.429197 0.00529338 0.999956 -0.00782044 -0.0701288 0.190996 0.00666558 0.981568 5.72597
0.979674 -0.00712225 -0.200468 -0.525404 0.00533553 0.999941 -0.00945161 -0.06264 0.200523 0.0081899 0.979655 6.19283
0.977894 -0.0073843 -0.208969 -0.622179 0.00503398 0.999918 -0.0117768 -0.0819964 0.209039 0.0104646 0.977851 6.63791
0.976086 -0.00748427 -0.217256 -0.727805 0.00468624 0.9999 -0.0133913 -0.0817341 0.217334 0.012053 0.976023 7.119
0.974218 -0.0071323 -0.225496 -0.835755 0.00361005 0.999865 -0.0160285 -0.0751425 0.22558 0.0148012 0.974112 7.57996
0.972116 -0.0104676 -0.234266 -0.955609 0.00651484 0.999823 -0.0176404 -0.0794639 0.23441 0.0156223 0.972012 8.08796
0.97002 -0.015084 -0.242558 -1.07741 0.0108883 0.999767 -0.0186291 -0.094753 0.242782 0.0154296 0.969958 8.59884
0.967786 -0.0163941 -0.251241 -1.21213 0.0116951 0.999728 -0.020185 -0.115427 0.251504 0.0165965 0.967714 9.11181
0.965282 -0.0131665 -0.260876 -1.37168 0.00711609 0.999684 -0.0241238 -0.116786 0.261111 0.0214298 0.965071 9.64612
0.962946 -0.0103732 -0.269495 -1.52364 0.00319512 0.999629 -0.0270604 -0.104558 0.269675 0.0251967 0.962621 10.1593
0.960042 -0.0134399 -0.279533 -1.70023 0.00554246 0.999564 -0.0290234 -0.132897 0.279801 0.0263144 0.959697 10.72
0.957526 -0.0145416 -0.28798 -1.86013 0.00610009 0.999526 -0.0301884 -0.153248 0.288283 0.0271495 0.95716 11.2735
0.954841 -0.015094 -0.296731 -2.07731 0.00558767 0.999444 -0.032859 -0.184083 0.297062 0.0297171 0.954395 11.8491
0.95206 -0.0149394 -0.305545 -2.27028 0.00401041 0.999331 -0.0363653 -0.202067 0.305883 0.0333966 0.951483 12.4358
0.949469 -0.0169176 -0.313404 -2.4748 0.00437314 0.999162 -0.0406865 -0.239241 0.31383 0.03726 0.948748 13.0183
0.947342 -0.0180795 -0.319713 -2.68484 0.00305201 0.998869 -0.0474417 -0.265181 0.32021 0.0439677 0.946326 13.6268
0.9458 -0.0191341 -0.324185 -2.90354 0.00135503 0.998487 -0.0549795 -0.295707 0.324746 0.0515603 0.944394 14.2396
0.94427 -0.0207788 -0.328513 -3.12504 -4.22779e-05 0.997998 -0.0632458 -0.333807 0.32917 0.059735 0.942379 14.8643
0.942453 -0.0205817 -0.333704 -3.35218 -0.00352163 0.997437 -0.0714643 -0.362154 0.33432 0.068527 0.939965 15.5008
0.940939 -0.0201008 -0.337977 -3.59359 -0.00653733 0.996972 -0.0774939 -0.412853 0.338511 0.0751266 0.937958 16.1407
0.938514 -0.0195651 -0.344685 -3.85184 -0.00980437 0.99648 -0.0832581 -0.470278 0.3451 0.0815184 0.935019 16.7963
0.936426 -0.0185415 -0.350374 -4.12323 -0.0134016 0.995984 -0.0885243 -0.526769 0.350609 0.087592 0.932417 17.4692
0.934635 -0.0164373 -0.355229 -4.39572 -0.0178648 0.9955 -0.0930679 -0.583978 0.35516 0.0933306 0.930135 18.1327
0.932443 -0.0143317 -0.361031 -4.67666 -0.0219166 0.99513 -0.096108 -0.654365 0.36065 0.0975279 0.927588 18.8279
0.930454 -0.013913 -0.366144 -4.9587 -0.0234116 0.99498 -0.0973021 -0.724489 0.36566 0.0991071 0.925457 19.5082
0.927478 -0.0132203 -0.373642 -5.23974 -0.0247157 0.995021 -0.096557 -0.802322 0.373058 0.0987894 0.922534 20.2193
0.924506 -0.0133027 -0.380935 -5.535 -0.0248942 0.99515 -0.0951683 -0.880551 0.380354 0.0974667 0.919691 20.931
0.921308 -0.0133525 -0.388603 -5.82755 -0.0251431 0.995273 -0.0938077 -0.959165 0.388018 0.0961965 0.916618 21.6357
0.918 -0.0131204 -0.396363 -6.14729 -0.025018 0.995546 -0.0908977 -1.02963 0.39579 0.0933603 0.913583 22.3376
0.912895 -0.0120606 -0.408016 -6.51079 -0.0256492 0.995893 -0.0868254 -1.12387 0.407387 0.0897278 0.908837 23.1373
0.90894 -0.00759285 -0.416857 -6.85122 -0.029599 0.996136 -0.0826834 -1.18711 0.415875 0.0874928 0.905203 23.8407
0.90477 -0.00544141 -0.425865 -7.20276 -0.0312558 0.996374 -0.0791353 -1.26407 0.424752 0.08491 0.901319 24.5793
0.900575 -0.0044779 -0.434678 -7.56754 -0.0324292 0.996469 -0.0774528 -1.32831 0.433489 0.0838483 0.897249 25.3076
0.895334 -0.00731085 -0.445335 -7.9484 -0.0303971 0.996531 -0.0774721 -1.42316 0.444357 0.0829003 0.892006 26.0734
0.890751 -0.00731073 -0.454433 -8.33308 -0.0307041 0.996619 -0.0762174 -1.48618 0.453454 0.0818437 0.887514 26.8235
0.885876 -0.00791771 -0.463855 -8.75257 -0.0301468 0.996759 -0.0745887 -1.5587 0.462942 0.08006 0.882766 27.5919
0.881529 -0.00816364 -0.472058 -9.16945 -0.0294103 0.996959 -0.0721624 -1.63085 0.471212 0.0774966 0.878609 28.3606
0.876672 -0.00693738 -0.481039 -9.58784 -0.0298509 0.997185 -0.0687829 -1.69064 0.480162 0.0746594 0.873997 29.1178
0.871666 -0.00562964 -0.490067 -10.0511 -0.0298609 0.997466 -0.064571 -1.76821 0.489189 0.0709182 0.86929 29.9221
0.866356 -0.00586529 -0.499392 -10.4954 -0.0286019 0.997707 -0.0613371 -1.83392 0.498607 0.0674233 0.864202 30.6891
0.861327 -0.00688651 -0.508003 -10.9824 -0.0270155 0.997873 -0.0593323 -1.89964 0.507331 0.0648285 0.859309 31.4974
0.856689 -0.0066697 -0.51579 -11.4749 -0.0267687 0.997994 -0.0573659 -1.96487 0.515138 0.0629518 0.854792 32.3039
0.852922 -0.00739326 -0.521986 -11.9712 -0.0257935 0.998082 -0.056283 -2.01485 0.521401 0.0614688 0.851095 33.0885
0.849343 -0.00820428 -0.527777 -12.4885 -0.0244309 0.998197 -0.0548332 -2.07831 0.527275 0.0594663 0.847611 33.9144
0.846448 -0.00884751 -0.532397 -13.0085 -0.0238839 0.998225 -0.0545614 -2.13296 0.531935 0.0588991 0.844734 34.7354
0.843562 -0.00904331 -0.536955 -13.5347 -0.0239408 0.998231 -0.0544233 -2.18656 0.536498 0.0587646 0.841853 35.5472
0.841466 -0.00863172 -0.540241 -14.0905 -0.0246429 0.998219 -0.0543323 -2.23485 0.539748 0.0590319 0.839755 36.4003
0.840569 -0.00875516 -0.541634 -14.6364 -0.0239012 0.998297 -0.0532294 -2.30334 0.541177 0.0576886 0.838928 37.2299
0.839854 -0.00831552 -0.542748 -15.2061 -0.0236473 0.998373 -0.0518883 -2.36372 0.542296 0.0564132 0.838291 38.1046
0.838467 -0.0100445 -0.544859 -15.7833 -0.0215448 0.998438 -0.0515608 -2.43062 0.544526 0.0549709 0.836941 38.9904
0.837944 -0.012384 -0.545615 -16.3452 -0.0191397 0.998461 -0.0520567 -2.49227 0.54542 0.0540635 0.836417 39.8537
0.836292 -0.0141251 -0.548101 -16.9411 -0.0172837 0.998492 -0.0521037 -2.55005 0.548011 0.0530472 0.834788 40.7577
0.834176 -0.0151648 -0.551289 -17.5258 -0.0159053 0.998545 -0.0515349 -2.59863 0.551268 0.0517576 0.832721 41.6224
0.831429 -0.0136648 -0.555463 -18.1257 -0.0155502 0.998734 -0.0478456 -2.65741 0.555413 0.0484178 0.830164 42.5238
0.82786 -0.013517 -0.560771 -18.727 -0.0133545 0.998952 -0.0437941 -2.72621 0.560775 0.0437443 0.826812 43.4034
0.823008 -0.0156905 -0.567812 -19.32 -0.0112918 0.998969 -0.0439715 -2.80564 0.567917 0.0426005 0.821983 44.2834
0.816028 -0.0189052 -0.577703 -19.9395 -0.00887288 0.998938 -0.0452233 -2.88882 0.577944 0.0420294 0.814993 45.1745
0.808828 -0.0213248 -0.587659 -20.5428 -0.00857102 0.998809 -0.0480413 -2.94963 0.587983 0.043894 0.807681 45.9936
0.801438 -0.0214784 -0.597692 -21.1945 -0.00871506 0.99883 -0.0475795 -3.0107 0.598014 0.0433409 0.800313 46.8677
0.79336 -0.0209224 -0.608392 -21.8634 -0.00896993 0.998899 -0.0460488 -3.06866 0.608686 0.0419905 0.792299 47.7255
0.78698 -0.0155713 -0.616781 -22.5214 -0.013542 0.999005 -0.0424999 -3.11145 0.616829 0.0417991 0.785986 48.5538
0.781809 -0.015925 -0.623314 -23.2009 -0.0140435 0.998971 -0.0431372 -3.17868 0.623359 0.0424786 0.780781 49.3992
0.776197 -0.017112 -0.630258 -23.8641 -0.0159514 0.998779 -0.0467625 -3.22838 0.630289 0.0463504 0.774976 50.2154
0.771912 -0.0204387 -0.635401 -24.5177 -0.0162531 0.998522 -0.051864 -3.31283 0.635522 0.0503617 0.770439 51.0095
0.767596 -0.0220122 -0.640556 -25.2219 -0.0163819 0.99841 -0.0539406 -3.37464 0.640725 0.0518981 0.766014 51.8448
0.764032 -0.020281 -0.644859 -25.9001 -0.015835 0.998616 -0.0501681 -3.43851 0.644984 0.0485414 0.762653 52.6424
0.759147 -0.0187006 -0.65065 -26.6097 -0.0157603 0.998767 -0.0470943 -3.51276 0.650728 0.046006 0.757916 53.4781
0.753911 -0.018117 -0.656727 -27.3226 -0.0163799 0.998791 -0.0463572 -3.58874 0.656772 0.0457063 0.752702 54.2708
0.749168 -0.0170279 -0.662161 -28.0303 -0.0176456 0.998802 -0.0456491 -3.63973 0.662145 0.0458831 0.74797 55.0475
0.742352 -0.0196247 -0.669722 -28.7597 -0.0180036 0.998626 -0.0492186 -3.7051 0.669767 0.048595 0.740979 55.8449
0.735218 -0.0207091 -0.677513 -29.5236 -0.0176547 0.998609 -0.0496822 -3.77079 0.6776 0.0484886 0.73383 56.6445
0.728781 -0.023604 -0.684339 -30.2493 -0.0159317 0.998551 -0.051408 -3.8421 0.684561 0.0483679 0.727349 57.3887
0.722785 -0.0242495 -0.690647 -31.0155 -0.0150473 0.998595 -0.0508094 -3.90273 0.690909 0.0471167 0.721405 58.1822
0.717039 -0.0240424 -0.696618 -31.764 -0.0153493 0.998618 -0.0502646 -3.9541 0.696864 0.0467343 0.715679 58.9467
0.710521 -0.0249783 -0.703232 -32.5398 -0.0150371 0.998603 -0.0506625 -4.02488 0.703515 0.0465713 0.709153 59.728
0.703525 -0.0256768 -0.710206 -33.3217 -0.0140123 0.998652 -0.0499857 -4.09335 0.710532 0.0451178 0.702217 60.5092
0.697211 -0.026521 -0.716375 -34.093 -0.0140541 0.998618 -0.0506482 -4.14581 0.716728 0.0453805 0.695875 61.2513
0.689115 -0.0284516 -0.724093 -34.8961 -0.0131663 0.998573 -0.0517669 -4.21042 0.724532 0.045207 0.687757 62.0129
0.682552 -0.0298453 -0.730228 -35.6817 -0.0122416 0.998559 -0.0522547 -4.27772 0.730735 0.0446057 0.681203 62.7382
-0.738269 0.0151239 -0.674337 -38.01 0.032238 -0.997815 -0.0576732 -3.67603 -0.673736 -0.0643176 0.736168 62.331
0.664974 -0.0224485 -0.746529 -37.3381 -0.0061462 0.99935 -0.0355257 -4.40309 0.746842 0.028212 0.664403 64.1202
-0.744775 -0.015829 -0.667127 -39.2655 0.0420679 -0.998844 -0.0232646 -3.84103 -0.665988 -0.0453915 0.74458 63.953
0.652369 0.00571923 -0.75788 -39.1041 -0.0438648 0.998581 -0.0302224 -4.28281 0.756631 0.0529604 0.651694 65.6396
-0.700269 -0.0196997 -0.713608 -40.5297 0.0293656 -0.999568 -0.00122278 -3.95215 -0.713275 -0.0218118 0.700544 65.5012
0.677327 0.0438487 -0.734374 -40.1653 -0.0370842 0.998988 0.0254451 -4.24248 0.734747 0.00999906 0.678267 67.4513
-0.709527 -0.0115909 -0.704583 -42.1516 0.0164734 -0.999865 -0.000140496 -4.02148 -0.704486 -0.0117066 0.709622 66.936
0.649451 0.0452617 -0.759055 -42.3548 -0.0428375 0.99882 0.0229066 -4.23331 0.759196 0.0176393 0.650624 69.0569
-0.661073 -0.00616412 -0.750296 -43.5285 0.0496512 -0.998134 -0.0355465 -3.91714 -0.748677 -0.0607519 0.660145 69.1957
0.630937 0.0315287 -0.775194 -44.0937 -0.0452949 0.998967 0.00376421 -4.55619 0.774511 0.0327373 0.631713 70.3472
-0.644888 -0.00208441 -0.764274 -45.3989 0.0591174 -0.997137 -0.0471632 -4.11692 -0.761987 -0.0755969 0.643164 70.508
0.659145 -0.0160762 -0.751844 -46.1245 -0.047412 0.996894 -0.0628823 -4.49075 0.75052 0.077095 0.656336 71.7549
-0.681007 0.0343116 -0.731473 -46.9898 0.0312071 -0.996634 -0.0758037 -4.25633 -0.731612 -0.0744499 0.677644 71.8251
0.635074 -0.0501151 -0.770824 -46.9499 -0.018439 0.996626 -0.0799873 -4.41559 0.772231 0.0650111 0.632007 72.5695
-0.64079 0.0441649 -0.766445 -47.2821 0.0100703 -0.997775 -0.0659141 -4.36827 -0.76765 -0.0499554 0.638919 72.1627
0.524593 -0.0574932 -0.84941 -46.8649 -0.0313772 0.995734 -0.0867758 -4.36999 0.850775 0.072174 0.520551 73.2629
-0.631034 0.0546878 -0.773825 -47.4851 0.0243497 -0.995624 -0.0902194 -4.11782 -0.775373 -0.0757739 0.626941 72.6946
0.630538 -0.0773651 -0.772294 -47.051 -0.0323391 0.991537 -0.125731 -4.40883 0.775485 0.104253 0.622699 73.2375
-0.665584 0.0768032 -0.742361 -46.8026 0.0402474 -0.98955 -0.138462 -4.08831 -0.745237 -0.122036 0.655537 71.8766
0.639253 -0.0669347 -0.766078 -45.66 -0.0646683 0.987997 -0.140287 -4.12227 0.766273 0.13922 0.627251 71.5886
-0.672617 0.0466787 -0.738517 -45.2168 0.0912125 -0.985168 -0.145342 -3.68476 -0.734348 -0.165121 0.658383 70.6543
0.643532 -0.0360606 -0.764569 -44.1009 -0.105266 0.985229 -0.13507 -3.71256 0.758146 0.167405 0.63023 69.9117
-0.686304 0.0473276 -0.725774 -43.0388 0.101601 -0.981858 -0.160102 -3.72155 -0.720184 -0.183618 0.669044 69.914
0.497226 -0.0337108 -0.866966 -43.9032 -0.141973 0.982615 -0.119633 -3.65837 0.855926 0.18257 0.483796 69.4076
-0.648635 -0.000576782 -0.7611 -44.1533 0.120119 -0.987545 -0.101621 -3.97829 -0.751561 -0.157337 0.640625 71.2892
0.4264 -0.0259531 -0.904163 -46.1141 -0.153965 0.982919 -0.100823 -4.06007 0.891335 0.1822 0.41512 70.7358
-0.655587 0.017596 -0.754915 -46.0589 0.13378 -0.981208 -0.139048 -4.32682 -0.743175 -0.19215 0.640913 72.8032
0.430559 -0.0472998 -0.901322 -48.2594 -0.147323 0.98155 -0.121886 -4.26907 0.890457 0.185265 0.415647 71.3219
-0.674723 0.043446 -0.736792 -47.8426 0.110659 -0.981028 -0.159184 -4.59825 -0.729729 -0.188938 0.657114 74.4284
0.463746 -0.0759515 -0.882707 -50.9183 -0.12674 0.980385 -0.150941 -4.33815 0.876856 0.181873 0.445023 72.6628
-0.738699 0.0704107 -0.670348 -49.9313 0.063772 -0.982767 -0.173501 -4.82784 -0.671012 -0.170914 0.721479 76.1136
0.43261 -0.0647531 -0.899253 -53.313 -0.133929 0.981736 -0.135123 -4.64073 0.891578 0.178891 0.416036 73.7653
-0.73235 0.0410939 -0.679688 -51.3563 0.068031 -0.988768 -0.133083 -5.10662 -0.677521 -0.143703 0.721328 78.0387
0.436741 -0.0627219 -0.897398 -55.4648 -0.124665 0.983721 -0.129427 -4.63306 0.890907 0.1684 0.421812 74.8997
-0.745402 0.0387903 -0.665485 -53.2327 0.0759699 -0.986859 -0.142616 -5.26256 -0.662272 -0.156863 0.732659 79.7906
0.417148 -0.0419117 -0.907872 -57.869 -0.125669 0.986681 -0.103292 -4.90243 0.900108 0.157179 0.406324 75.6966
-0.81112 0.0210722 -0.5845 -54.4145 0.0697073 -0.988745 -0.13238 -5.54639 -0.580711 -0.14812 0.800522 81.7736
0.480671 -0.0210187 -0.876649 -60.0019 -0.102813 0.991467 -0.0801443 -5.17269 0.870853 0.128654 0.474408 77.0825
-0.845676 0.0258686 -0.53307 -54.9731 0.0368 -0.993621 -0.106598 -5.61074 -0.532427 -0.109765 0.839329 83.7528
0.542357 -0.0321678 -0.839532 -61.8343 -0.0661515 0.99453 -0.080842 -5.23109 0.83754 0.0993816 0.537262 78.5056
-0.873192 0.0506452 -0.484739 -56.8918 0.00626349 -0.993338 -0.115066 -5.60147 -0.487337 -0.103511 0.867057 85.218
0.489575 -0.0320864 -0.871371 -63.4928 -0.0537891 0.996309 -0.0669081 -5.59214 0.8703 0.0796268 0.486042 79.9072
-0.885769 0.0549924 -0.460858 -57.9018 -0.0151628 -0.995855 -0.0896885 -5.50061 -0.463879 -0.0724554 0.88293 87.2206
0.403934 -0.0294355 -0.914315 -65.0385 -0.0257852 0.998719 -0.0435444 -5.78667 0.914424 0.0411649 0.402658 81.5468
-0.932807 0.0269223 -0.359369 -59.1448 -0.00258366 -0.99768 -0.0680351 -6.02054 -0.360366 -0.0625352 0.930712 88.6742
0.296629 -0.0287138 -0.954561 -66.3318 -0.0535311 0.997477 -0.0466395 -5.51584 0.953491 0.0649334 0.294343 82.7308
-0.96942 0.0391117 -0.242272 -60.7723 -0.0234554 -0.997466 -0.0671746 -5.93718 -0.244285 -0.0594379 0.96788 89.744
0.19148 -0.00775678 -0.981466 -67.278 -0.0427553 0.998954 -0.0162364 -5.76395 0.980565 0.0450718 0.190949 84.8109
-0.932683 0.00982507 -0.360563 -63.2381 0.0195982 -0.996772 -0.0778565 -5.99859 -0.360164 -0.0796818 0.92948 91.6488
0.314377 -0.0361969 -0.948608 -69.3597 -0.0249585 0.998612 -0.0463764 -6.15163 0.94897 0.0382555 0.313038 87.1622
-0.92315 0.0306365 -0.383219 -64.825 -0.00082704 -0.996976 -0.0777112 -6.39416 -0.38444 -0.0714221 0.920383 93.5563
0.367353 -0.0331195 -0.929492 -71.1974 -0.0228878 0.998741 -0.0446326 -6.1039 0.9298 0.03767 0.366133 89.1575
-0.892523 0.0687888 -0.445725 -67.8063 -0.0480639 -0.997179 -0.0576513 -6.12338 -0.448433 -0.0300319 0.893311 94.6938
0.398689 -0.103191 -0.911262 -72.955 0.0511694 0.994605 -0.0902414 -6.4348 0.915657 -0.0106504 0.401818 89.8345
-0.889109 0.0616784 -0.453521 -68.5396 -0.0860885 -0.995729 0.0333546 -6.39483 -0.449527 0.0686988 0.890621 96.2859
0.384166 -0.0538631 -0.921692 -75.1907 0.0701004 0.997117 -0.0290527 -6.44221 0.920599 -0.0534498 0.386834 90.7401
-0.956225 0.0312515 -0.29096 -69.5547 -0.0500506 -0.997097 0.0573923 -6.34951 -0.288322 0.0694426 0.955012 96.6761
0.1695 0.0271574 -0.985156 -74.8652 0.0608012 0.997428 0.0379568 -6.54325 0.983653 -0.0663322 0.167413 91.1117
-0.953376 -0.000458743 -0.301787 -69.4975 -0.0125357 -0.999076 0.0411204 -6.46504 -0.301526 0.0429862 0.952488 98.1129
0.00789435 0.0541102 -0.998504 -75.3009 0.0372518 0.997826 0.054368 -6.4408 0.999274 -0.0376252 0.00586169 91.1593
-0.978584 -0.00304354 -0.205826 -70.2771 0.0017267 -0.999977 0.00657726 -6.42428 -0.205841 0.00608097 0.978566 99.0423
-0.258367 0.00518121 -0.966033 -74.3941 -0.0146197 0.99985 0.00927266 -5.97851 0.965936 0.0165189 -0.258252 91.459
-0.999945 0.0100096 -0.00311452 -69.1557 -0.00978743 -0.997862 -0.0646223 -6.34267 -0.00375451 -0.0645882 0.997905 97.8843
-0.525885 0.0214488 -0.850286 -73.3304 -0.0400552 0.997949 0.049947 -5.61239 0.849612 0.0603247 -0.523946 91.4849
-0.993231 0.0259559 0.113223 -69.5622 -0.0335312 -0.997288 -0.065523 -6.21627 0.111215 -0.068876 0.991406 98.887
-0.680094 -0.00196506 -0.733122 -73.3608 -0.0433953 0.998351 0.0375805 -5.71775 0.731839 0.0573724 -0.679057 92.2183
-0.971696 0.0529629 0.230221 -69.5224 -0.0654251 -0.996758 -0.0468338 -6.09555 0.226994 -0.0605704 0.97201 98.7382
-0.985292 -0.0468713 -0.164324 -70.21 -0.0575961 0.996468 0.0611183 -5.65796 0.160879 0.0696838 -0.984511 92.1671
-0.944483 0.05562 0.32382 -68.4519 -0.0801876 -0.994786 -0.063016 -6.21974 0.318626 -0.0854838 0.944018 98.2421
-0.995574 -0.0708716 -0.0617156 -69.7652 -0.0758906 0.993641 0.0831849 -5.65445 0.0554279 0.0875004 -0.994621 91.6335
-0.931143 0.0634766 0.359087 -67.5709 -0.0810509 -0.996127 -0.0340844 -6.21263 0.355532 -0.0608418 0.932681 99.148
-0.935128 -0.0712891 -0.347065 -69.9529 -0.0884015 0.995515 0.0337035 -5.85411 0.343106 0.0621982 -0.937235 92.4989
-0.951314 0.034333 0.306306 -67.6259 -0.0502034 -0.997766 -0.0440831 -6.31547 0.304108 -0.0573145 0.950912 99.423
-0.967351 -0.0471567 -0.249013 -69.6944 -0.0601303 0.997187 0.0447493 -5.86861 0.246203 0.0582616 -0.967465 92.5162
-0.96497 0.0216832 0.261462 -67.5362 -0.0298887 -0.999177 -0.0274472 -6.13907 0.260652 -0.0343005 0.964823 100.497
-0.952367 -0.0335776 -0.303099 -69.9327 -0.0391984 0.999154 0.012478 -5.72812 0.302424 0.0237647 -0.952877 92.5045
-0.970167 0.0129725 0.24209 -67.9982 -0.0148083 -0.999874 -0.00576509 -6.0389 0.241985 -0.00917808 0.970236 99.5686
-0.972904 0.0291947 -0.22936 -69.575 0.0324189 0.999422 -0.010301 -6.07022 0.228927 -0.0174575 -0.973287 92.6838
-0.978269 -0.0224146 0.206125 -68.0886 0.0224873 -0.999745 -0.00199037 -6.09789 0.206118 0.00268806 0.978523 98.431
-0.978858 -0.0364093 -0.201273 -68.6935 -0.0352131 0.999335 -0.00952161 -5.95048 0.201486 -0.0022328 -0.979489 92.5478
-0.983615 0.00520193 0.180209 -67.4809 -0.00320816 -0.999931 0.0113531 -5.89697 0.180256 0.0105889 0.983563 97.7301
-0.980379 0.0202835 -0.196076 -68.1163 0.0243479 0.999536 -0.01834 -6.52078 0.195614 -0.0227541 -0.980417 93.5618
-0.990917 0.0316777 0.130688 -67.3765 -0.0298307 -0.999426 0.0160666 -6.12695 0.131122 0.0120221 0.991293 97.6938
-0.975406 0.0112822 -0.220128 -68.0245 0.0123916 0.999917 -0.00365921 -6.49093 0.220069 -0.00629692 -0.975464 94.5237
-0.987311 0.0192599 0.157624 -67.4246 -0.0153166 -0.99954 0.0261936 -6.13776 0.158056 0.0234469 0.987151 97.5047
-0.967191 0.018518 -0.253374 -68.0023 0.0276549 0.999088 -0.0325464 -6.28689 0.252541 -0.0384856 -0.96682 95.7647
-0.982686 -0.045609 0.17958 -67.7498 0.0518579 -0.998196 0.0302552 -6.16674 0.177876 0.0390439 0.983278 96.8501
-0.915942 -0.0166567 -0.400965 -68.0772 -0.00504682 0.999538 -0.0299936 -6.21581 0.401279 -0.0254488 -0.915602 95.8977
-0.968386 -0.0258536 0.248112 -68.0667 0.0351 -0.998842 0.0329156 -6.3178 0.246974 0.0405837 0.968172 96.4326
-0.927696 -0.0483341 -0.370194 -68.1475 -0.0297102 0.997997 -0.0558497 -6.50877 0.372152 -0.040813 -0.927274 96.7673
-0.919097 -0.0252524 0.393221 -68.2209 0.0423423 -0.998496 0.0348462 -6.33688 0.391749 0.0486769 0.918783 96.4264
-0.83517 -0.0287701 -0.549239 -67.5004 -0.0335062 0.999438 -0.00140281 -6.86199 0.54897 0.0172313 -0.835664 97.6467
-0.889879 -0.0503854 0.453406 -68.5446 0.0544985 -0.998506 -0.00399883 -6.26424 0.45293 0.0211514 0.891295 96.3684
-0.89563 -0.00134045 -0.444799 -67.7431 -0.00922108 0.999837 0.0155542 -6.61231 0.444705 0.0180323 -0.895495 98.2066
-0.930566 -0.0767316 0.357992 -68.2867 0.0751553 -0.997004 -0.0183377 -6.22285 0.358326 0.00984058 0.933544 97.5325
-0.836857 -0.0227518 -0.546949 -68.947 -0.0394419 0.999046 0.0187901 -7.07204 0.545999 0.0372974 -0.836954 97.0049
-0.792437 -0.043144 0.608425 -68.7467 0.0218928 -0.998865 -0.0423165 -6.74644 0.60956 -0.020213 0.792481 97.279
-0.894978 -0.0324997 -0.444925 -68.8819 -0.0701593 0.995186 0.0684337 -7.14421 0.44056 0.0924622 -0.892949 96.8489
-0.736717 -0.0331177 0.675389 -68.3543 -0.0100035 -0.998157 -0.0598566 -6.96945 0.676127 -0.0508536 0.735027 97.4362
-0.627476 -0.0162412 -0.778466 -69.4247 -0.0903774 0.994544 0.0520988 -7.21355 0.773373 0.103046 -0.62552 96.6574
-0.851209 -0.0658939 0.520673 -68.4462 0.0583702 -0.997819 -0.0308541 -6.43729 0.521571 0.0041285 0.853198 97.9824
-0.499264 -0.010271 -0.866389 -70.0584 -0.0935701 0.994721 0.0421283 -7.01687 0.861383 0.102101 -0.497589 96.6906
-0.93372 -0.0705675 0.350979 -68.8296 0.0524231 -0.996764 -0.0609457 -6.52877 0.354144 -0.0385068 0.934397 98.3967
-0.464934 0.0229397 -0.885048 -71.3965 -0.039046 0.998161 0.0463833 -6.67635 0.884484 0.0561227 -0.463182 95.9211
-0.969233 -0.0593429 0.238885 -68.7389 0.046962 -0.997258 -0.0571954 -6.52519 0.241625 -0.0442171 0.969361 99.7175
-0.503313 0.0526606 -0.862498 -72.3183 -0.0610504 0.99348 0.0962841 -6.37304 0.861945 0.101117 -0.496816 94.762
-0.981163 -0.12056 0.150945 -68.6045 0.101697 -0.986674 -0.127015 -6.59939 0.164247 -0.109271 0.980348 100.631
-0.595119 0.0784855 -0.799795 -72.2801 -0.0659428 0.987095 0.145933 -6.2553 0.800927 0.139588 -0.582263 95.2238
-0.979064 -0.148908 0.138782 -68.3704 0.132998 -0.984109 -0.117654 -6.74743 0.154097 -0.0967329 0.983309 101.851
-0.399525 0.128136 -0.907723 -73.4024 -0.0638146 0.983894 0.166976 -6.14739 0.914499 0.124637 -0.384912 95.7325
-0.987152 -0.156953 -0.0299379 -69.7283 0.159155 -0.982455 -0.097226 -6.5897 -0.0141521 -0.100741 0.994812 102.577
-0.391709 0.163251 -0.905491 -74.7827 -0.0518181 0.978658 0.198859 -5.9667 0.918629 0.124815 -0.374888 96.2015
-0.981836 -0.189729 -0.00066576 -70.1368 0.188693 -0.9761 -0.10782 -6.89887 0.0198074 -0.105987 0.99417 103.751
-0.245648 0.120852 -0.961796 -75.8728 -0.0992803 0.983844 0.148979 -6.40908 0.964262 0.132084 -0.22968 97.3391
-0.988903 -0.135672 -0.0605377 -70.8357 0.140709 -0.986079 -0.0886034 -6.84752 -0.0476732 -0.0961382 0.994226 105.288
-0.29928 0.13259 -0.944908 -76.648 -0.0966631 0.980991 0.16827 -6.22503 0.949256 0.141697 -0.280774 98.1423
-0.946195 -0.160062 -0.281238 -72.6615 0.172449 -0.984822 -0.0196915 -6.14923 -0.273817 -0.0671311 0.959436 106.555
-0.302351 0.122511 -0.945291 -77.8828 -0.0336318 0.989718 0.139027 -6.22551 0.952603 0.0738266 -0.295121 98.1628
-0.925504 -0.148719 -0.348318 -73.963 0.16302 -0.986551 -0.0119335 -6.00521 -0.341857 -0.0678272 0.937301 107.416
-0.25562 0.0886742 -0.962702 -79.0508 -0.0785353 0.99059 0.112096 -7.12887 0.963582 0.10426 -0.246249 99.1951
-0.916773 -0.160707 -0.365651 -74.5738 0.181198 -0.983197 -0.0221833 -6.17882 -0.355941 -0.0865922 0.930488 109.105
-0.178847 0.0942831 -0.979349 -80.4951 -0.079186 0.99079 0.109845 -7.15687 0.980685 0.0971962 -0.169734 99.3192
-0.877874 -0.203375 -0.433562 -75.5096 0.2224 -0.974931 0.0070052 -6.89918 -0.424117 -0.0902743 0.901097 109.932
-0.111346 0.136428 -0.984373 -81.8318 -0.139374 0.978599 0.151393 -6.498 0.98396 0.154053 -0.0899478 100.331
-0.827227 -0.219334 -0.51729 -77.5436 0.263196 -0.96467 -0.0118644 -6.75801 -0.496411 -0.145963 0.855729 110.591
-0.0144612 0.126002 -0.991925 -83.6569 -0.290614 0.948675 0.124745 -4.76514 0.956731 0.290071 0.0228997 101.515
-0.72294 -0.283209 -0.630199 -79.4901 0.373888 -0.927395 -0.0121425 -7.48914 -0.581003 -0.244402 0.776339 112.286
0.00788004 0.151984 -0.988352 -85.5939 -0.347939 0.927039 0.139782 -4.034 0.937484 0.342784 0.060187 101.685
-0.684846 -0.302135 -0.663099 -80.8765 0.414085 -0.910146 -0.0129658 -7.72989 -0.599599 -0.283459 0.74842 113.849
0.0398512 0.196232 -0.979747 -87.6382 -0.379023 0.910215 0.166889 -3.44554 0.924529 0.364696 0.11065 101.914
-0.651992 -0.313834 -0.690228 -82.3196 0.421853 -0.906561 0.0137124 -7.70273 -0.630036 -0.282234 0.723462 115.446
0.228353 0.213506 -0.949879 -90.2671 -0.377557 0.918725 0.115738 -3.55131 0.897388 0.332204 0.290405 103.714
-0.619151 -0.348219 -0.703844 -83.706 0.4579 -0.888249 0.0366509 -7.89015 -0.63795 -0.299597 0.709409 116.998
0.188282 0.261418 -0.946684 -91.6105 -0.33661 0.922716 0.187853 -4.3997 0.922628 0.283294 0.261728 104.427
-0.627425 -0.285264 -0.724543 -85.0738 0.374566 -0.926322 0.0403488 -6.71891 -0.682669 -0.246073 0.688048 118.289
0.21297 0.240782 -0.946926 -93.4492 -0.289175 0.941274 0.174307 -4.54198 0.933285 0.236705 0.270092 105.101
-0.63824 -0.301299 -0.708427 -86.6764 0.393597 -0.918576 0.0360752 -6.77369 -0.661612 -0.25581 0.704862 119.213
0.147291 0.302531 -0.94169 -94.9266 -0.296796 0.921719 0.249693 -4.38629 0.943513 0.242712 0.225552 105.873
-0.571439 -0.51171 -0.641569 -88.8715 0.481465 -0.842148 0.242855 -7.89583 -0.664567 -0.170116 0.727607 119.77
0.111276 0.314222 -0.942806 -97.0969 -0.362862 0.896043 0.25581 -3.23817 0.925175 0.313642 0.213728 106.392
-0.612886 -0.558418 -0.559053 -90.396 0.549879 -0.809505 0.205756 -7.72834 -0.567453 -0.181306 0.803197 120.063
-0.041378 0.31851 -0.947016 -97.9565 -0.327379 0.891182 0.314036 -2.75846 0.943987 0.323027 0.0673989 106.087
-0.591761 -0.553194 -0.586341 -91.5655 0.5494 -0.809044 0.208827 -7.26318 -0.589897 -0.19856 0.782685 121.513
-0.0223064 0.403121 -0.914875 -100.072 -0.296211 0.87135 0.391165 -3.09295 0.954862 0.279721 0.0999728 106.791
-0.556017 -0.585166 -0.590276 -93.7993 0.54697 -0.792332 0.270249 -5.84696 -0.625834 -0.1726 0.760618 122.057
-0.0250936 0.429152 -0.902884 -101.852 -0.285436 0.862495 0.417887 -2.42588 0.958069 0.268202 0.100853 107.419
-0.565624 -0.593598 -0.572461 -94.7008 0.547426 -0.789436 0.277697 -5.04235 -0.616761 -0.156307 0.771475 122.778
-0.158403 0.421249 -0.893005 -100.718 -0.204589 0.870793 0.447062 -3.05908 0.965946 0.253514 -0.0517522 106.372
-0.494888 -0.617809 -0.611063 -94.3014 0.554702 -0.765903 0.325116 -5.51077 -0.668873 -0.178061 0.721736 122.995
-0.209642 0.417247 -0.884282 -100.156 -0.189547 0.869881 0.455389 -3.13311 0.95923 0.263082 -0.103275 105.608
-0.526824 -0.603889 -0.598143 -93.7359 0.55929 -0.776199 0.291051 -5.66419 -0.64004 -0.181202 0.746669 123.759
-0.321623 0.398562 -0.858899 -98.3357 -0.108182 0.885688 0.451503 -4.27795 0.940668 0.238131 -0.241739 104.387
-0.558171 -0.611221 -0.56112 -91.2754 0.536467 -0.781754 0.317908 -6.5319 -0.632968 -0.123575 0.764251 123.54
-0.245198 0.474788 -0.845254 -98.3272 -0.0802046 0.858947 0.505746 -3.53186 0.96615 0.191801 -0.172531 104.894
-0.595302 -0.578829 -0.557291 -92.3398 0.54401 -0.80078 0.250613 -6.69497 -0.591328 -0.153981 0.791594 124.257
-0.297 0.470646 -0.830833 -99.0434 -0.0832986 0.854007 0.513551 -3.04188 0.951237 0.221731 -0.214435 104.749
-0.586417 -0.591241 -0.553669 -93.803 0.566962 -0.78778 0.240744 -6.15779 -0.578506 -0.172733 0.797178 124.148
-0.197176 0.494922 -0.846271 -102.675 -0.134406 0.84142 0.523401 -0.796493 0.971111 0.216945 -0.0993869 106.687
-0.600052 -0.572159 -0.559081 -98.3192 0.537518 -0.805983 0.247927 -3.26217 -0.592462 -0.151746 0.791177 125.356
-0.087455 0.546664 -0.832773 -107.399 -0.0901203 0.828207 0.553131 1.85546 0.992083 0.123423 -0.0231644 110.767
-0.626865 -0.570583 -0.530543 -101.806 0.516441 -0.814158 0.2654 -0.8021 -0.583377 -0.107623 0.805039 127.184
-0.094246 0.525173 -0.845761 -109.617 -0.151433 0.832094 0.533562 3.71791 0.983964 0.178361 0.00110768 111.898
-0.610966 -0.504771 -0.609858 -103.672 0.508169 -0.840758 0.186792 0.542566 -0.607029 -0.195787 0.770183 128.678
-0.110359 0.543349 -0.832222 -111.337 -0.21533 0.804378 0.553724 5.28525 0.970285 0.24031 0.0282293 112.501
-0.582466 -0.499331 -0.641407 -105.543 0.564421 -0.816285 0.122918 0.531891 -0.584946 -0.290427 0.757291 130.22
-0.161399 0.563534 -0.810173 -112.868 -0.205 0.783885 0.586088 6.35826 0.965363 0.260679 -0.0109931 112.863
-0.55702 -0.527498 -0.641463 -107.284 0.573917 -0.802774 0.161785 1.22676 -0.60029 -0.278028 0.749901 131.405
-0.145128 0.572064 -0.807267 -115.037 -0.196198 0.783064 0.590185 7.14165 0.969765 0.244036 -0.00140631 113.165
-0.490145 -0.526444 -0.694705 -111.165 0.539672 -0.809159 0.232415 3.37343 -0.684479 -0.260995 0.680713 133.628
-0.150154 0.573889 -0.80505 -119.433 -0.170937 0.786949 0.592869 9.20361 0.973773 0.226634 -0.0200636 114.913
-0.501998 -0.554296 -0.663893 -114.895 0.572774 -0.788228 0.225006 4.58093 -0.648018 -0.267307 0.713176 135.176
-0.193644 0.564554 -0.80236 -121.694 -0.190155 0.780733 0.59523 11.2294 0.962467 0.267835 -0.0438306 115.999
-0.502285 -0.538842 -0.676283 -117.16 0.54448 -0.804671 0.236745 6.73858 -0.671752 -0.249309 0.697563 136.491
-0.224014 0.547558 -0.806225 -123.395 -0.158457 0.795778 0.584491 12.3738 0.961618 0.258686 -0.0914998 116.823
-0.549507 -0.552092 -0.627086 -117.939 0.577117 -0.793547 0.192927 6.96821 -0.604134 -0.255887 0.754681 136.755
-0.275637 0.539595 -0.795526 -123.096 -0.12884 0.79938 0.58685 12.6715 0.952588 0.264253 -0.150817 116.526
-0.563636 -0.600948 -0.566724 -116.461 0.627523 -0.757668 0.17932 5.41712 -0.537149 -0.25456 0.804158 135.261
-0.318214 0.557386 -0.766852 -119.997 -0.135265 0.773928 0.618659 11.3151 0.93832 0.300593 -0.170879 115.608
-0.544084 -0.605398 -0.580918 -113.885 0.643827 -0.745215 0.173615 3.67993 -0.538014 -0.279549 0.795231 133.897
-0.332887 0.537885 -0.77451 -117.051 -0.144721 0.782481 0.605623 10.1124 0.931795 0.313691 -0.182633 114.79
-0.384436 -0.579414 -0.718672 -115.837 0.602429 -0.747345 0.280277 4.32382 -0.699491 -0.325199 0.636362 134.597
-0.357143 0.535204 -0.76551 -118.951 -0.169397 0.768857 0.616575 11.7353 0.918561 0.34988 -0.183929 115.097
-0.448241 -0.600748 -0.661954 -116.412 0.655988 -0.724107 0.212953 4.29374 -0.607256 -0.338779 0.718658 134.767
-0.327246 0.544161 -0.772528 -120.804 -0.175996 0.768138 0.615622 12.5742 0.928405 0.337421 -0.155599 115.014
-0.467158 -0.606774 -0.643109 -118.218 0.633684 -0.737015 0.235063 5.50551 -0.61661 -0.297716 0.728806 135.362
-0.394457 0.627056 -0.671717 -120.15 0.0792782 0.751487 0.654968 9.64573 0.915488 0.205103 -0.346141 114.516
-0.649575 -0.572794 -0.49996 -112.294 0.559559 -0.80536 0.195677 4.00107 -0.514729 -0.15265 0.843654 132.808
-0.33673 0.599642 -0.725977 -116.077 0.0942467 0.788594 0.607649 6.46086 0.936873 0.136192 -0.322057 112.122
-0.622189 -0.594445 -0.509427 -108.841 0.583582 -0.785927 0.204334 1.33131 -0.521837 -0.170157 0.835902 131.419
-0.138022 0.646991 -0.749902 -116.778 -0.0669409 0.749323 0.658813 7.36234 0.988164 0.141129 -0.0601122 113.412
-0.655648 -0.576448 -0.487681 -109.35 0.583982 -0.796553 0.156425 2.02129 -0.478634 -0.182237 0.858894 132.184
-0.191456 0.645283 -0.739564 -117.413 -0.00714153 0.752567 0.658477 7.84923 0.981475 0.131351 -0.139475 113.549
-0.683961 -0.591748 -0.426652 -109.534 0.586339 -0.79388 0.161125 2.14203 -0.434055 -0.139959 0.889948 132.752
-0.164233 0.642908 -0.748129 -118.093 0.0193318 0.760379 0.649192 7.60243 0.986232 0.0921552 -0.137307 114.057
-0.572307 -0.580934 -0.578775 -113.451 0.502539 -0.806189 0.312275 5.5285 -0.648012 -0.112139 0.75333 134.946
-0.181128 0.644721 -0.742649 -121.752 0.0656279 0.76138 0.644976 10.2789 0.981267 0.068084 -0.180218 115.178
-0.61719 -0.628791 -0.472968 -115.114 0.546174 -0.77508 0.317718 6.75821 -0.566365 -0.0622301 0.821801 135.352
-0.241526 0.645431 -0.724627 -122.059 0.140038 0.7621 0.632134 11.0116 0.960237 0.051201 -0.274451 115.778
-0.681216 -0.619846 -0.389533 -114.854 0.577605 -0.781991 0.234229 6.37793 -0.449796 -0.0654349 0.890731 134.971
-0.328331 0.642666 -0.692227 -120.1 0.200518 0.763574 0.613798 9.68738 0.923034 0.0627248 -0.379571 114.788
-0.696554 -0.607907 -0.381133 -112.234 0.587146 -0.788247 0.184194 3.48328 -0.412399 -0.0954789 0.905986 133.139
-0.318737 0.641875 -0.697426 -115.939 0.163085 0.761968 0.626744 7.17097 0.933708 0.0860262 -0.347547 113.491
-0.462402 -0.628299 -0.625639 -114.002 0.477439 -0.771011 0.42142 4.78797 -0.747152 -0.103838 0.656492 134.615
-0.29282 0.65443 -0.697121 -117.66 0.124921 0.749013 0.650672 8.88656 0.947972 0.103444 -0.301077 112.701
-0.410177 -0.597608 -0.688926 -116.132 0.361666 -0.800047 0.478669 8.15917 -0.837229 -0.0528213 0.544296 135.898
-0.225303 0.61852 -0.752776 -121.001 0.171615 0.785756 0.594254 10.3562 0.959055 0.00469867 -0.283179 112.262
-0.41273 -0.72323 -0.553707 -117.599 0.418187 -0.690502 0.590192 8.93086 -0.80918 0.0120376 0.587437 137.222
-0.167639 0.678064 -0.71563 -123.425 0.152287 0.735001 0.660744 12.6257 0.974015 0.00178497 -0.226474 111.821
-0.397235 -0.785716 -0.474188 -119.003 0.435742 -0.616227 0.656044 10.8797 -0.807671 0.0539813 0.587157 138.868
-0.17781 0.646973 -0.741491 -124.841 0.181989 0.762121 0.621332 13.8539 0.967091 -0.0244651 -0.253253 111.721
-0.390415 -0.81645 -0.425424 -119.804 0.453344 -0.572681 0.68302 12.1046 -0.801283 0.0737984 0.593716 140.005
-0.162711 0.733459 -0.659972 -124.987 0.254994 0.677421 0.689985 13.9047 0.953155 -0.0560218 -0.29725 113.553
-0.45848 -0.682071 -0.569714 -120.302 0.297421 -0.721858 0.62487 15.1307 -0.837458 0.117046 0.533821 139.357
-0.255152 0.572964 -0.778851 -123.733 0.266616 0.815976 0.512932 14.1261 0.929416 -0.0767796 -0.360958 114.67
-0.414955 -0.691897 -0.590839 -120.871 0.181531 -0.699289 0.691406 18.0671 -0.891548 0.179647 0.415775 138.8
-0.0888382 0.70047 -0.708131 -126.672 0.443684 0.664343 0.601493 14.3411 0.891769 -0.260751 -0.369805 114.949
-0.444066 -0.703656 -0.554683 -121.596 0.0782618 -0.647165 0.758323 21.0726 -0.892569 0.293336 0.342454 138.834
-0.0509783 0.783894 -0.618799 -127.475 0.494125 0.558249 0.666483 16.1765 0.867895 -0.271788 -0.415799 115.966
-0.393589 -0.736042 -0.550754 -123.263 0.0810132 -0.624551 0.776771 22.7142 -0.91571 0.26111 0.305446 139.576
-0.123673 0.742932 -0.657843 -128.016 0.515496 0.614562 0.597142 16.0239 0.847921 -0.265265 -0.458982 115.012
-0.376825 -0.707005 -0.598454 -124.704 0.0092203 -0.648911 0.760809 24.597 -0.926238 0.281174 0.251045 139.987
-0.13676 0.77436 -0.617789 -128.548 0.521365 0.586549 0.61979 17.8042 0.842304 -0.237331 -0.48394 113.499
-0.342484 -0.645689 -0.682488 -127.074 0.0249244 -0.732408 0.680411 25.1089 -0.939193 0.21602 0.266932 140.815
-0.166371 0.817098 -0.551971 -129.064 0.450796 0.560877 0.694407 21.0341 0.876986 -0.133298 -0.461657 112.243
-0.206668 -0.587886 -0.782099 -132.144 0.0634339 -0.805725 0.588884 25.3708 -0.976352 0.0720925 0.20381 140.712
-0.327764 0.686857 -0.64869 -130.192 0.362541 0.725494 0.584999 22.4711 0.872431 -0.0434364 -0.486804 111.861
-0.215421 -0.509717 -0.832936 -134.236 0.0696367 -0.858809 0.507541 26.1395 -0.974035 0.0513327 0.220502 140.968
-0.370123 0.622815 -0.689282 -132.027 0.330279 0.78172 0.528991 23.5002 0.868289 -0.0318639 -0.495034 111.06
-0.241757 -0.5102 -0.825378 -135.705 0.082875 -0.858359 0.506313 27.4702 -0.966791 0.0540021 0.249798 140.601
-0.39839 0.637401 -0.659549 -133.435 0.328887 0.770532 0.545999 25.5739 0.856224 0.000602645 -0.516604 110.124
-0.277716 -0.511834 -0.812957 -136.851 0.143252 -0.858849 0.491792 28.3407 -0.949922 0.0201214 0.311838 140.176
-0.415018 0.610862 -0.674246 -134.692 0.330179 0.791683 0.514024 26.2748 0.847787 -0.0092936 -0.530255 109.657
-0.307572 -0.531477 -0.78926 -137.458 0.151217 -0.846229 0.510911 29.5126 -0.939432 0.0377932 0.340645 140.473
-0.427318 0.610696 -0.66667 -135.618 0.349003 0.791652 0.501483 27.4213 0.834025 -0.0183781 -0.551421 109.907
-0.309018 -0.546346 -0.778469 -138.751 0.152892 -0.836423 0.526329 30.9095 -0.938686 0.0436245 0.342002 139.451
-0.375721 0.610081 -0.697592 -138.435 0.356841 0.789943 0.498654 28.5473 0.855277 -0.0615747 -0.514499 109.597
-0.30663 -0.581723 -0.753377 -140.386 0.114164 -0.808267 0.577643 33.1445 -0.944957 0.0911146 0.314251 138.875
-0.3549 0.621132 -0.698742 -140.252 0.398818 0.776562 0.487746 28.9374 0.845571 -0.105571 -0.52332 108.499
-0.349479 -0.584654 -0.73215 -140.932 0.0797199 -0.797145 0.598503 35.2337 -0.933546 0.150797 0.325194 139.52
-0.315168 0.565389 -0.762237 -143.255 0.412142 0.805019 0.426712 29.7354 0.854873 -0.179665 -0.486736 108.05
-0.462223 -0.720646 -0.51674 -137.283 -0.0137728 -0.57682 0.816755 41.9482 -0.886656 0.38464 0.256695 136.808
-0.0386166 0.619012 -0.784432 -147.088 0.619265 0.63092 0.467388 30.6577 0.784232 -0.467723 -0.407695 109.423
-0.528418 -0.606039 -0.594551 -139.719 -0.235472 -0.568212 0.788472 48.0654 -0.815675 0.556643 0.157548 134.493
0.132282 0.550708 -0.824149 -154.945 0.722299 0.515851 0.460634 33.1698 0.678813 -0.656215 -0.329537 111.124
-0.600449 -0.542338 -0.587649 -144.97 -0.396283 -0.43648 0.807741 54.458 -0.694565 0.717882 0.0471655 130.236
0.25795 0.483031 -0.836745 -162.934 0.781294 0.405192 0.474763 37.7938 0.568367 -0.77621 -0.272869 111.587
-0.747365 -0.522577 -0.410316 -146.342 -0.333548 -0.239005 0.911934 58.2054 -0.574622 0.818407 0.00432022 126.659
0.351685 0.41189 -0.840633 -166.374 0.833526 0.270956 0.481475 39.5901 0.426088 -0.870017 -0.248029 113.161
-0.759334 -0.42584 -0.492008 -149.248 -0.430961 -0.237391 0.870585 60.174 -0.487528 0.873101 -0.00326091 124.945
0.296394 0.358682 -0.885154 -166.979 0.878168 0.261999 0.400223 40.1362 0.375461 -0.895938 -0.237327 114.221
-0.833802 -0.297728 -0.4649 -149.171 -0.40815 -0.234594 0.882259 60.4756 -0.371735 0.925378 0.0740872 122.788
0.203805 0.105718 -0.973287 -164.831 0.933733 0.277852 0.225704 38.4119 0.29429 -0.954789 -0.0420841 117.505
-0.796191 -0.242733 -0.55422 -150.504 -0.539321 -0.130474 0.831932 61.4666 -0.274248 0.961279 -0.027028 120.347
0.131478 0.0771073 -0.988316 -164.335 0.959465 0.240804 0.146428 39.8659 0.24928 -0.967506 -0.0423205 118.042
-0.626162 -0.0809514 -0.775479 -158.105 -0.750511 -0.206981 0.627609 63.613 -0.211315 0.97499 0.0688496 119.625
-0.0129609 0.209283 -0.977769 -168.86 0.964746 0.259682 0.0427952 43.3741 0.262865 -0.942744 -0.205269 116.081
-0.779896 -0.13324 -0.611563 -158.991 -0.572743 -0.24216 0.783151 63.7389 -0.252443 0.961044 0.112548 118.44
-0.0423204 0.229704 -0.97234 -169.22 0.993251 0.114863 -0.0160947 43.411 0.107989 -0.966459 -0.233014 117.141
-0.810364 -0.0611297 -0.582729 -158.989 -0.567219 -0.167462 0.806362 64.457 -0.146877 0.983981 0.101032 118.032
