1 0 0 0 0 1 0 0 0 0 1 0
0.999941 -0.00199064 0.0106445 0.0103422 0.00198027 0.999998 0.000984898 -0.00460375 -0.0106464 -0.000963761 0.999943 0.303485
0.999853 -0.00396215 0.0166985 0.0211066 0.00394367 0.999992 0.00113906 -0.00591307 -0.0167028 -0.00107304 0.99986 0.603814
0.999813 -0.00587677 0.0184027 0.0333617 0.00587053 0.999983 0.000393223 -0.00613318 -0.0184047 -0.000285116 0.999831 0.905819
0.999845 -0.00726485 0.0160245 0.0417518 0.00727395 0.999973 -0.000509922 -0.0102183 -0.0160204 0.000626404 0.999871 1.21083
0.999914 -0.00978871 0.00871337 0.0448863 0.00980435 0.99995 -0.00175491 -0.0165839 -0.00869576 0.00184018 0.99996 1.53051
0.99994 -0.0103087 -0.00372576 0.0377553 0.0102997 0.999944 -0.00243311 -0.0193854 0.00375063 0.00239459 0.99999 1.85081
0.999748 -0.00970976 -0.0202464 0.0246264 0.00965613 0.99995 -0.00274504 -0.0232579 0.020272 0.00254884 0.999791 2.17774
0.99919 -0.00636139 -0.0397294 -0.00964867 0.00626898 0.999977 -0.00244993 -0.0272692 0.039744 0.00219889 0.999207 2.52212
0.998199 -0.00290204 -0.059919 -0.0413126 0.00268692 0.99999 -0.00367042 -0.0324664 0.0599291 0.00350282 0.998196 2.87246
0.996777 -0.00262875 -0.0801766 -0.0781507 0.0023281 0.99999 -0.00384302 -0.0345144 0.0801859 0.00364397 0.996773 3.22625
0.994824 -0.00336258 -0.101555 -0.124685 0.00304682 0.99999 -0.00326422 -0.043263 0.101565 0.0029379 0.994825 3.61322
0.992549 -0.0040888 -0.121774 -0.175931 0.0037977 0.999989 -0.00262249 -0.0510347 0.121784 0.00214049 0.992554 3.99745
0.990147 -0.00369958 -0.139983 -0.241439 0.00339161 0.999991 -0.00243852 -0.0532573 0.139991 0.00193973 0.990151 4.39101
0.987738 -0.00330905 -0.156087 -0.313314 0.00304639 0.999993 -0.00192198 -0.0580949 0.156092 0.00142292 0.987741 4.80939
0.985401 -0.00336252 -0.170217 -0.390972 0.00303923 0.999993 -0.00215982 -0.0632623 0.170223 0.00161096 0.985404 5.22418
0.983105 -0.00381044 -0.183005 -0.480104 0.00343778 0.999991 -0.00235352 -0.0680483 0.183012 0.00168462 0.983109 5.66229
0.981079 -0.00558683 -0.193525 -0.567549 0.00491761 0.99998 -0.00393825 -0.0710562 0.193543 0.00291206 0.981088 6.10883
0.979353 -0.00514153 -0.202094 -0.662875 0.0040176 0.999974 -0.0059712 -0.076484 0.20212 0.00503598 0.979348 6.55677
0.977589 -0.00521487 -0.210456 -0.77519 0.00377052 0.999966 -0.00726359 -0.0765766 0.210487 0.00630728 0.977576 7.0393
0.975809 -0.00568026 -0.218551 -0.884454 0.00360008 0.999944 -0.00991504 -0.078744 0.218595 0.00888838 0.975775 7.51157
0.973784 -0.00894339 -0.227299 -0.999964 0.00650999 0.999913 -0.0114532 -0.0788887 0.227381 0.00967321 0.973758 8.01839
0.971759 -0.0133954 -0.235595 -1.11822 0.0107625 0.999865 -0.0124581 -0.087383 0.23573 0.00957069 0.971771 8.52985
0.969572 -0.0146017 -0.244372 -1.24785 0.0115079 0.999835 -0.0140832 -0.103074 0.244537 0.0108425 0.969579 9.04412
0.9672 -0.0111852 -0.253768 -1.40008 0.0067556 0.999809 -0.0183201 -0.0994581 0.253925 0.0160048 0.967091 9.57633
0.964902 -0.00872575 -0.262467 -1.56047 0.00321621 0.999766 -0.0214137 -0.107663 0.262592 0.0198179 0.964703 10.1143
0.962284 -0.0108654 -0.271828 -1.72028 0.00483095 0.999727 -0.022859 -0.12532 0.272002 0.0206837 0.962074 10.6705
0.959797 -0.0120021 -0.280438 -1.88088 0.00550575 0.999698 -0.0239414 -0.143102 0.28064 0.0214348 0.959573 11.2332
0.957418 -0.0120122 -0.288456 -2.06785 0.0046737 0.999648 -0.0261158 -0.162392 0.288668 0.0236556 0.957137 11.8029
0.954731 -0.0117088 -0.297239 -2.2567 0.00311664 0.999564 -0.0293641 -0.178319 0.297453 0.0271084 0.954351 12.3883
0.952348 -0.0129841 -0.304737 -2.45362 0.00278845 0.999422 -0.0338685 -0.203772 0.305001 0.0314048 0.951834 12.9702
0.950228 -0.0140071 -0.311241 -2.65928 0.00143949 0.999175 -0.0405719 -0.224276 0.311553 0.0381045 0.949464 13.579
0.948674 -0.0149985 -0.315899 -2.87054 -0.000282217 0.998834 -0.0482711 -0.251186 0.316254 0.0458827 0.947564 14.1924
0.947202 -0.0162115 -0.320228 -3.08471 -0.00195595 0.99841 -0.0563297 -0.284003 0.320632 0.0539819 0.945664 14.8122
0.945504 -0.0159565 -0.325219 -3.30976 -0.00553914 0.997866 -0.0650631 -0.315678 0.325563 0.0633188 0.943397 15.4514
0.943999 -0.0153169 -0.329592 -3.54524 -0.0086876 0.997422 -0.0712349 -0.359553 0.329834 0.070109 0.941432 16.0927
0.942021 -0.0137703 -0.335271 -3.78766 -0.0129195 0.996928 -0.0772464 -0.408362 0.335305 0.0770993 0.93895 16.7482
0.940153 -0.0126684 -0.340516 -4.0415 -0.0165049 0.996443 -0.0826407 -0.466051 0.340352 0.0833151 0.9366 17.4093
0.938329 -0.0106081 -0.345582 -4.30475 -0.0208123 0.995984 -0.0870829 -0.522752 0.345117 0.0889047 0.934339 18.0745
0.9362 -0.00826177 -0.35137 -4.57521 -0.0250328 0.995617 -0.0901081 -0.586993 0.350574 0.093155 0.93189 18.7696
0.934225 -0.00786835 -0.356597 -4.85177 -0.0265021 0.995462 -0.0913962 -0.652825 0.355698 0.0948351 0.929777 19.4556
0.931667 -0.00707644 -0.363246 -5.13568 -0.0277233 0.995511 -0.0904995 -0.723808 0.362255 0.0943857 0.927288 20.1687
0.928791 -0.00701082 -0.370539 -5.42389 -0.0280368 0.995627 -0.0891149 -0.794743 0.369543 0.0931577 0.924532 20.8836
0.92603 -0.00650484 -0.377393 -5.71729 -0.0286476 0.995756 -0.0874572 -0.864356 0.376361 0.0917994 0.921914 21.5964
0.922974 -0.0066178 -0.384807 -6.02051 -0.0282143 0.995998 -0.0848018 -0.935314 0.383828 0.0891269 0.919093 22.2981
0.91876 -0.00409148 -0.394796 -6.36836 -0.0292225 0.996499 -0.0783332 -1.0043 0.393734 0.0835063 0.915423 23.1049
0.915288 -0.000680092 -0.4028 -6.69922 -0.0316417 0.996787 -0.0735828 -1.06719 0.401556 0.0800947 0.912325 23.8194
0.911371 0.00185705 -0.411583 -7.04189 -0.0337126 0.996966 -0.0701518 -1.13381 0.410204 0.0778098 0.908668 24.5597
0.907326 0.00225198 -0.420421 -7.39291 -0.0341651 0.997073 -0.0683922 -1.19795 0.419037 0.0764178 0.904748 25.2957
0.902809 0.00243432 -0.430035 -7.76386 -0.0346946 0.997136 -0.0671928 -1.26746 0.42864 0.0755821 0.900308 26.0626
0.898772 0.0018863 -0.438412 -8.13366 -0.0342732 0.997233 -0.0659716 -1.32656 0.437074 0.0743192 0.896349 26.8071
0.894387 0.00212399 -0.44729 -8.5355 -0.0346761 0.997308 -0.0646013 -1.3866 0.445949 0.0732888 0.892053 27.5845
0.890201 0.00198713 -0.455564 -8.93804 -0.0340179 0.997489 -0.0621221 -1.448 0.454296 0.0707985 0.888033 28.3611
0.886307 0.00187513 -0.463095 -9.34901 -0.0325815 0.997766 -0.0583169 -1.50602 0.461951 0.066775 0.884388 29.1339
0.882196 0.00328171 -0.47087 -9.78486 -0.0322061 0.998055 -0.0533835 -1.561 0.469779 0.0622596 0.880585 29.9409
0.878267 0.00361565 -0.478156 -10.2182 -0.031125 0.998283 -0.0496211 -1.61218 0.477156 0.0584632 0.876872 30.7252
0.874311 0.00291579 -0.485358 -10.6741 -0.029714 0.998428 -0.0475279 -1.66469 0.484457 0.0559761 0.873022 31.5395
0.87057 0.00286198 -0.492036 -11.1374 -0.029205 0.998521 -0.0458651 -1.71547 0.491177 0.0542987 0.869366 32.3519
0.867347 0.00245247 -0.497699 -11.604 -0.0284147 0.998601 -0.044598 -1.76189 0.496893 0.0528238 0.866202 33.1509
0.863925 0.00158555 -0.503618 -12.0967 -0.0269733 0.998705 -0.0431268 -1.81385 0.502897 0.0508426 0.862849 33.9907
0.861179 0.000461401 -0.508302 -12.5931 -0.0258374 0.998746 -0.0428679 -1.86292 0.507645 0.0500501 0.860111 34.8273
0.859088 -0.000358362 -0.511828 -13.0937 -0.0251872 0.998758 -0.0429752 -1.91042 0.511208 0.049811 0.858012 35.6576
0.857413 -0.000451968 -0.514629 -13.6197 -0.0253162 0.998752 -0.0430559 -1.95527 0.514006 0.0499452 0.856331 36.5201
0.856992 -0.000122026 -0.515331 -14.1378 -0.0251418 0.998799 -0.0420472 -2.00146 0.514717 0.0489904 0.855959 37.3669
0.856444 0.000273159 -0.51624 -14.6794 -0.024848 0.998863 -0.0406943 -2.04693 0.515642 0.0476799 0.855476 38.2529
0.855969 -0.000457385 -0.517026 -15.2191 -0.0236949 0.998914 -0.0401121 -2.09334 0.516483 0.0465856 0.855029 39.144
0.855525 -0.00264575 -0.517755 -15.7537 -0.0215062 0.998942 -0.040641 -2.14094 0.517315 0.0459043 0.854563 40.0277
0.854049 -0.00442142 -0.520174 -16.3167 -0.0194249 0.998995 -0.0403841 -2.18878 0.51983 0.0445943 0.853105 40.9489
0.852573 -0.00500586 -0.522585 -16.8652 -0.0180562 0.999075 -0.0390279 -2.23305 0.522297 0.04271 0.851693 41.8372
0.849978 -0.00371396 -0.526805 -17.4335 -0.0175078 0.999223 -0.0352927 -2.27895 0.526527 0.0392212 0.849253 42.7577
0.8469 -0.00344397 -0.531741 -18.0023 -0.0155703 0.999389 -0.0312716 -2.32625 0.531524 0.0347633 0.846329 43.6632
0.842941 -0.00452935 -0.537987 -18.5667 -0.0140317 0.999439 -0.0303998 -2.36912 0.537823 0.0331741 0.842405 44.5428
0.837205 -0.00758849 -0.546836 -19.1549 -0.0115825 0.999433 -0.031602 -2.41529 0.546767 0.0327911 0.836642 45.4417
0.831265 -0.0101106 -0.555785 -19.7328 -0.0105116 0.99937 -0.0339018 -2.46221 0.555778 0.0340235 0.830634 46.2996
0.824359 -0.0103452 -0.565973 -20.3482 -0.0103978 0.999387 -0.0334121 -2.50743 0.565972 0.0334284 0.823746 47.197
0.818108 -0.00838438 -0.575003 -20.9703 -0.0104781 0.99951 -0.0294824 -2.55194 0.574969 0.0301447 0.817619 48.0765
0.812839 -0.00436664 -0.582473 -21.5954 -0.0133625 0.999569 -0.0261407 -2.58581 0.582336 0.0290315 0.812429 48.9256
0.808152 -0.0038531 -0.588961 -22.233 -0.0146864 0.999536 -0.0266913 -2.62854 0.588791 0.0302203 0.80772 49.798
0.804535 -0.00544842 -0.593881 -22.8732 -0.015598 0.999419 -0.0302996 -2.66734 0.593701 0.0336404 0.803982 50.6472
0.801311 -0.00768326 -0.598198 -23.4991 -0.0169658 0.999223 -0.0355603 -2.71931 0.598007 0.0386438 0.800558 51.4755
0.797769 -0.00879235 -0.6029 -24.1605 -0.0171599 0.999157 -0.0372774 -2.76525 0.60272 0.0400844 0.796945 52.3371
0.794595 -0.00722173 -0.607097 -24.8019 -0.0165787 0.999298 -0.0335861 -2.81045 0.606914 0.0367522 0.793917 53.172
0.790915 -0.00515072 -0.611904 -25.4755 -0.0161289 0.999441 -0.0292602 -2.85191 0.611713 0.0330117 0.79039 54.0326
0.787454 -0.00345018 -0.616364 -26.1431 -0.0164806 0.999509 -0.0266501 -2.89233 0.616153 0.0311438 0.78701 54.8712
0.784389 -0.00275397 -0.620263 -26.8011 -0.0172193 0.999508 -0.0262135 -2.93055 0.62003 0.0312421 0.783955 55.6938
0.780074 -0.00418115 -0.625673 -27.4863 -0.0168823 0.999473 -0.0277275 -2.96631 0.62546 0.0321923 0.779592 56.537
0.775639 -0.00557879 -0.631152 -28.17 -0.016443 0.999443 -0.0290413 -3.00841 0.630963 0.0329036 0.775115 57.3728
0.771398 -0.00655217 -0.63632 -28.8488 -0.015668 0.999448 -0.0292853 -3.04677 0.636161 0.0325605 0.770869 58.1815
0.766218 -0.00696455 -0.642543 -29.561 -0.0148809 0.99948 -0.0285786 -3.08687 0.642408 0.0314591 0.765716 59.024
0.761352 -0.00645145 -0.648307 -30.2564 -0.0152828 0.999494 -0.0278939 -3.11719 0.648158 0.031145 0.760868 59.826
0.755021 -0.00745938 -0.655658 -30.9772 -0.0152015 0.999467 -0.0288761 -3.16141 0.655524 0.031769 0.754505 60.6562
0.749193 -0.00795005 -0.662304 -31.6992 -0.014808 0.999477 -0.028748 -3.19722 0.662186 0.0313452 0.748683 61.467
0.743571 -0.00889151 -0.668599 -32.4214 -0.0144553 0.999464 -0.0293678 -3.23103 0.668501 0.0315018 0.743043 62.2617
0.73678 -0.0101071 -0.676057 -33.1757 -0.013914 0.99945 -0.0301056 -3.26623 0.675989 0.0315878 0.736234 63.0807
0.73093 -0.0114313 -0.682357 -33.9148 -0.0129795 0.999446 -0.0306467 -3.30724 0.682329 0.0312572 0.730376 63.8635
0.723921 -0.0122696 -0.689774 -34.6876 -0.0120943 0.999462 -0.0304714 -3.35075 0.689777 0.0304012 0.723383 64.6725
0.716902 -0.0124517 -0.697063 -35.4626 -0.0110195 0.999513 -0.0291875 -3.39119 0.697087 0.0286059 0.716416 65.4669
0.710307 -0.012806 -0.703776 -36.2278 -0.0104584 0.999532 -0.028743 -3.42944 0.703814 0.0277767 0.709841 66.2423
0.703231 -0.013594 -0.710831 -37.0322 -0.00991196 0.999532 -0.0289212 -3.47485 0.710892 0.027384 0.702767 67.0391
0.696277 -0.0151994 -0.717612 -37.843 -0.00932503 0.9995 -0.0302177 -3.51907 0.717713 0.0277316 0.695787 67.8189
0.6902 -0.0150432 -0.723462 -38.6489 -0.00980697 0.999497 -0.0301389 -3.5585 0.723552 0.0278969 0.689706 68.58
0.683989 -0.0148277 -0.729341 -39.4998 -0.0100243 0.999508 -0.0297212 -3.60042 0.729423 0.0276401 0.683504 69.3605
0.679155 -0.0143268 -0.733855 -40.3227 -0.0106985 0.99951 -0.0294142 -3.64082 0.733917 0.027828 0.678669 70.1188
0.673507 -0.0143733 -0.739041 -41.1889 -0.0114103 0.999489 -0.0298371 -3.68113 0.739093 0.0285282 0.672999 70.8916
0.667782 -0.0159217 -0.744186 -42.0464 -0.0113305 0.999438 -0.03155 -3.73086 0.74427 0.0295005 0.667226 71.652
0.662617 -0.0174669 -0.748755 -42.8898 -0.0112045 0.999385 -0.0332291 -3.77156 0.748874 0.0304076 0.662013 72.3924
0.656952 -0.0180419 -0.753716 -43.7799 -0.0113504 0.999363 -0.0338152 -3.8129 0.753846 0.03077 0.656329 73.1556
0.651885 -0.01744 -0.758118 -44.6637 -0.0113648 0.999398 -0.0327627 -3.85497 0.758233 0.0299733 0.651294 73.9162
0.646999 -0.0172239 -0.762297 -45.5429 -0.0108203 0.999437 -0.0317657 -3.90033 0.762414 0.0288006 0.646448 74.6627
0.64065 -0.0179197 -0.767624 -46.4506 -0.010326 0.999436 -0.0319491 -3.94879 0.767764 0.0283946 0.640103 75.4096
0.636105 -0.0183634 -0.771384 -47.3391 -0.0100401 0.999435 -0.0320716 -3.98499 0.771537 0.0281456 0.635561 76.1407
0.630921 -0.0185602 -0.775625 -48.268 -0.00969298 0.999447 -0.0318008 -4.03052 0.775787 0.0275819 0.630392 76.8888
0.626634 -0.0199039 -0.77906 -49.1876 -0.00796086 0.999458 -0.031938 -4.07357 0.779273 0.0262154 0.626135 77.6224
0.623188 -0.021849 -0.781767 -50.1103 -0.00600326 0.999446 -0.0327182 -4.11618 0.782049 0.0250827 0.622712 78.3485
0.617706 -0.0252885 -0.786002 -51.0557 -0.00342568 0.999387 -0.034846 -4.16294 0.786401 0.0242172 0.617241 79.0946
0.612432 -0.0289493 -0.789993 -51.9979 0.000843182 0.999352 -0.0359677 -4.20728 0.790522 0.0213616 0.61206 79.8265
0.606178 -0.032042 -0.794683 -52.9398 0.00551543 0.999333 -0.0360864 -4.25687 0.795309 0.0174918 0.605951 80.5514
0.597038 -0.0348551 -0.801456 -53.9164 0.00977934 0.999297 -0.0361742 -4.31083 0.802153 0.0137596 0.596959 81.2867
0.588944 -0.0350643 -0.807413 -54.8782 0.0120241 0.999328 -0.0346281 -4.36188 0.808084 0.0106856 0.58897 81.9974
0.578896 -0.0347305 -0.814661 -55.883 0.0128394 0.999357 -0.0334808 -4.40399 0.8153 0.00892212 0.57897 82.7087
0.568984 -0.0347368 -0.821615 -56.8879 0.0129398 0.999362 -0.0332906 -4.46163 0.822246 0.00831028 0.56907 83.4
0.559951 -0.0347741 -0.827796 -57.8909 0.0119391 0.999354 -0.0339049 -4.49826 0.828439 0.00910188 0.560004 84.0761
0.548782 -0.0358428 -0.835197 -58.9244 0.0117408 0.999312 -0.0351714 -4.54689 0.835883 0.00949557 0.548825 84.7535
0.538633 -0.0368971 -0.841732 -59.9615 0.0122091 0.999277 -0.0359904 -4.59103 0.842451 0.00910884 0.538695 85.4238
0.52903 -0.0379271 -0.847755 -60.993 0.0149993 0.999262 -0.0353451 -4.65086 0.84847 0.0059829 0.529209 86.0715
0.517225 -0.0380957 -0.855001 -62.07 0.0163139 0.999266 -0.0346546 -4.70459 0.855693 0.00397584 0.517467 86.723
0.50646 -0.0385227 -0.861403 -63.1342 0.0166971 0.999252 -0.0348704 -4.75531 0.862101 0.00327756 0.506724 87.3542
0.496814 -0.0389622 -0.866982 -64.2006 0.0161915 0.999234 -0.0356272 -4.8033 0.867705 0.00366239 0.497065 87.9652
0.484974 -0.0398115 -0.873622 -65.3111 0.015772 0.999199 -0.0367785 -4.85475 0.874386 0.00405781 0.485213 88.5736
0.475954 -0.0402964 -0.878546 -66.3962 0.0153627 0.999178 -0.0375066 -4.9076 0.879335 0.00435462 0.476182 89.16
0.465125 -0.0397429 -0.884353 -67.5359 0.0141786 0.999198 -0.0374468 -4.95445 0.885131 0.00487852 0.465315 89.7502
0.456087 -0.0382933 -0.889111 -68.6632 0.0131289 0.999254 -0.0363024 -5.00655 0.889838 0.00488401 0.45625 90.3307
0.448966 -0.0369005 -0.892787 -69.783 0.0139206 0.999314 -0.0343031 -5.06304 0.89344 0.00297283 0.449172 90.8952
0.440159 -0.0375847 -0.897133 -70.9415 0.0146934 0.999291 -0.0346556 -5.1197 0.897799 0.00207206 0.440399 91.4576
0.431866 -0.0394402 -0.901075 -72.0887 0.0159061 0.999221 -0.0361125 -5.17114 0.901797 0.00126315 0.432157 92.0027
0.425682 -0.0419206 -0.903901 -73.2203 0.018237 0.999121 -0.0377481 -5.22789 0.904688 -0.000415778 0.426073 92.542
0.418359 -0.0437916 -0.907225 -74.395 0.0184885 0.99904 -0.0396977 -5.27816 0.908093 -0.000165324 0.418768 93.0801
0.413466 -0.0460253 -0.909356 -75.5427 0.0201273 0.998939 -0.0414079 -5.33921 0.910296 -0.00118214 0.413954 93.6032
0.40772 -0.0470534 -0.911894 -76.7054 0.0221695 0.998887 -0.0416299 -5.40185 0.912837 -0.00324289 0.40831 94.1183
0.403166 -0.0455859 -0.913991 -77.868 0.024387 0.998939 -0.0390655 -5.45943 0.914801 -0.00653961 0.40385 94.6406
0.399935 -0.0436975 -0.915501 -79.0276 0.0271388 0.998989 -0.0358269 -5.52012 0.916141 -0.0105172 0.400717 95.1445
0.396128 -0.0430407 -0.917186 -80.1833 0.0289493 0.998989 -0.0343765 -5.58044 0.917738 -0.0129344 0.396973 95.6467
0.392908 -0.043399 -0.918553 -81.3443 0.0309928 0.998943 -0.0339401 -5.64513 0.919055 -0.0151332 0.393838 96.137
0.391132 -0.0425198 -0.919352 -82.505 0.0324652 0.998948 -0.0323889 -5.69606 0.919761 -0.0171786 0.392101 96.6304
0.387898 -0.0414279 -0.920771 -83.6467 0.034357 0.998945 -0.0304714 -5.74844 0.921061 -0.0198151 0.388912 97.11
0.386713 -0.0419328 -0.921246 -84.7945 0.0369153 0.998869 -0.0299699 -5.80421 0.92146 -0.0224183 0.387824 97.5921
0.383689 -0.0418075 -0.922516 -85.9198 0.0386487 0.998826 -0.0291913 -5.8508 0.922653 -0.0244536 0.384855 98.0547
0.381089 -0.0414637 -0.923608 -87.0476 0.0417047 0.998748 -0.0276293 -5.90384 0.923597 -0.0279896 0.382341 98.5293
0.380046 -0.0405908 -0.924076 -88.1634 0.043756 0.998707 -0.0258734 -5.94626 0.923931 -0.0306008 0.381331 98.9839
0.377432 -0.0406931 -0.925143 -89.2656 0.044536 0.998675 -0.025758 -5.99894 0.924965 -0.0314803 0.378744 99.4382
0.376456 -0.0415326 -0.925503 -90.3615 0.0449988 0.998635 -0.0265108 -6.04368 0.925341 -0.0316664 0.377811 99.883
0.376952 -0.0425735 -0.925254 -91.4419 0.0463349 0.998559 -0.0270694 -6.09253 0.925072 -0.0326677 0.378382 100.322
0.376612 -0.0429009 -0.925377 -92.5103 0.045405 0.998581 -0.0278156 -6.13851 0.925257 -0.0315411 0.378026 100.756
0.379676 -0.0425861 -0.924139 -93.5668 0.0433755 0.99866 -0.0281996 -6.18628 0.924101 -0.0293782 0.381015 101.185
0.382461 -0.0423991 -0.922999 -94.6267 0.0425232 0.998695 -0.0282561 -6.23115 0.922992 -0.0284421 0.383765 101.616
0.387789 -0.0426933 -0.920759 -95.6634 0.0419946 0.998707 -0.028621 -6.27384 0.920791 -0.027568 0.38908 102.046
0.395293 -0.0423331 -0.917579 -96.6967 0.0419888 0.998725 -0.027988 -6.31594 0.917594 -0.0274646 0.396567 102.485
0.401176 -0.040744 -0.915094 -97.7234 0.0407944 0.998813 -0.0265873 -6.3592 0.915091 -0.0266646 0.402362 102.931
0.409395 -0.0393063 -0.91151 -98.7408 0.0393756 0.998901 -0.0253897 -6.39469 0.911507 -0.0254969 0.410493 103.376
0.419706 -0.0380826 -0.906861 -99.7517 0.0375487 0.998992 -0.0245736 -6.42855 0.906883 -0.0237378 0.420713 103.836
0.428704 -0.0383631 -0.90263 -100.752 0.0374001 0.998995 -0.0246956 -6.46159 0.90267 -0.0231714 0.429708 104.305
0.439187 -0.0383455 -0.897577 -101.746 0.0365035 0.999025 -0.0248182 -6.49776 0.897653 -0.0218649 0.440158 104.778
0.448558 -0.0396718 -0.892873 -102.719 0.0352785 0.999021 -0.026665 -6.52928 0.893056 -0.0195384 0.449519 105.256
0.460167 -0.0397708 -0.886941 -103.694 0.0334468 0.999063 -0.0274454 -6.56945 0.887202 -0.0170358 0.461066 105.745
0.473569 -0.0377592 -0.879947 -104.663 0.0309261 0.999177 -0.0262317 -6.60191 0.880213 -0.0147908 0.474347 106.246
0.485604 -0.0355852 -0.873455 -105.617 0.0294515 0.999269 -0.0243372 -6.64492 0.873682 -0.0139063 0.486298 106.766
0.499514 -0.0335786 -0.865655 -106.565 0.0292336 0.999332 -0.0218951 -6.68031 0.865812 -0.0143693 0.500163 107.307
0.510792 -0.0324871 -0.85909 -107.492 0.0289736 0.999368 -0.0205648 -6.71936 0.859215 -0.0143866 0.511411 107.838
0.522369 -0.0325716 -0.852097 -108.403 0.0289319 0.999371 -0.0204648 -6.74846 0.852228 -0.0139626 0.522983 108.386
0.53488 -0.0327741 -0.844293 -109.299 0.0283585 0.99938 -0.0208286 -6.77559 0.844452 -0.0128021 0.535478 108.954
0.545133 -0.0338936 -0.837664 -110.191 0.0300631 0.999329 -0.0208705 -6.80414 0.83781 -0.0138056 0.545787 109.508
0.556232 -0.0336594 -0.830345 -111.058 0.0303697 0.999335 -0.0201656 -6.84132 0.830471 -0.0140006 0.556885 110.085
0.567851 -0.0324837 -0.82249 -111.917 0.0306738 0.999361 -0.0182917 -6.87205 0.822559 -0.0148419 0.568485 110.668
0.577264 -0.0292612 -0.816033 -112.755 0.0294879 0.999452 -0.0149784 -6.90382 0.816024 -0.0154166 0.577811 111.248
0.588459 -0.0274319 -0.808062 -113.585 0.0281029 0.999514 -0.0134658 -6.93404 0.808038 -0.0147849 0.588944 111.84
0.597661 -0.0272771 -0.801285 -114.414 0.0266666 0.999544 -0.0141362 -6.96034 0.801305 -0.0129189 0.598116 112.437
0.607691 -0.0265442 -0.79373 -115.205 0.0247695 0.999588 -0.0144647 -6.98898 0.793787 -0.0108702 0.608098 113.034
0.617711 -0.0257991 -0.785982 -115.981 0.0243335 0.999609 -0.0136873 -7.01098 0.786028 -0.010671 0.618097 113.634
0.625883 -0.0236494 -0.779558 -116.755 0.0236721 0.999655 -0.0113209 -7.03892 0.779557 -0.0113682 0.626227 114.243
0.634983 -0.0220118 -0.772212 -117.509 0.0232949 0.999684 -0.00934067 -7.05274 0.772174 -0.0120574 0.635296 114.856
0.644476 -0.0207031 -0.764344 -118.243 0.0229722 0.999706 -0.00770861 -7.06966 0.764279 -0.0125906 0.644763 115.47
0.651328 -0.0200881 -0.75853 -118.977 0.0211013 0.999742 -0.00835705 -7.08449 0.758502 -0.0105628 0.651584 116.087
0.65972 -0.0185858 -0.751282 -119.699 0.0201533 0.999771 -0.00703604 -7.09835 0.751241 -0.010499 0.659944 116.711
0.666243 -0.0162796 -0.745557 -120.4 0.0191667 0.999805 -0.00470352 -7.11071 0.745488 -0.0111562 0.666426 117.329
0.674178 -0.0135308 -0.738445 -121.095 0.0175921 0.999842 -0.00225939 -7.1264 0.738359 -0.0114676 0.67431 117.954
0.682414 -0.0120971 -0.730866 -121.775 0.0169956 0.999855 -0.000680387 -7.14295 0.730768 -0.0119572 0.682521 118.577
0.689124 -0.010507 -0.724567 -122.428 0.0154485 0.99988 0.000193366 -7.16488 0.724478 -0.0113267 0.689204 119.195
0.697474 -0.00816874 -0.716563 -123.076 0.0131768 0.999911 0.00142688 -7.16999 0.716488 -0.0104373 0.69752 119.814
0.707377 -0.00472129 -0.706821 -123.714 0.0113661 0.999924 0.00469593 -7.16741 0.706745 -0.0113556 0.707377 120.436
0.716599 -0.00114495 -0.697485 -124.338 0.00927355 0.999925 0.00788622 -7.17792 0.697424 -0.0121194 0.716556 121.06
0.727444 0.00101279 -0.686167 -124.944 0.00713095 0.999933 0.00903578 -7.18499 0.68613 -0.011466 0.727388 121.697
0.737363 0.00152652 -0.675495 -125.523 0.00589554 0.999944 0.00869517 -7.18902 0.675471 -0.0103939 0.737313 122.32
0.747641 0.00161145 -0.664101 -126.089 0.00519708 0.999951 0.00827718 -7.19031 0.664083 -0.00963975 0.747596 122.953
0.758551 0.00216284 -0.65161 -126.645 0.00448131 0.999953 0.00853578 -7.18898 0.651598 -0.0093949 0.758506 123.599
0.76872 0.00370801 -0.639575 -127.189 0.00360177 0.999942 0.0101263 -7.19003 0.639575 -0.0100879 0.768662 124.24
0.779802 0.00501965 -0.626006 -127.732 0.00331556 0.99992 0.0121479 -7.18928 0.626017 -0.0115486 0.779723 124.899
0.78944 0.00653923 -0.613793 -128.251 0.00292803 0.999891 0.0144185 -7.18473 0.613821 -0.0131798 0.789335 125.559
0.798886 0.00803232 -0.60143 -128.757 0.00273822 0.999851 0.0169905 -7.18132 0.601476 -0.0152204 0.798745 126.232
0.807986 0.00876344 -0.589137 -129.264 0.0027064 0.999823 0.0185841 -7.17135 0.589195 -0.0166101 0.807819 126.925
0.815267 0.00879942 -0.579019 -129.747 0.00330959 0.999797 0.0198539 -7.16555 0.579076 -0.0181026 0.815072 127.609
0.822585 0.00947913 -0.568564 -130.226 0.0026711 0.999785 0.0205329 -7.15915 0.568636 -0.0184088 0.822383 128.296
0.830222 0.0099136 -0.557345 -130.708 0.00189464 0.999785 0.0206056 -7.14521 0.557429 -0.0181632 0.830025 129.004
0.836797 0.0114112 -0.547394 -131.178 0.000339407 0.999771 0.0213604 -7.13289 0.547513 -0.0180601 0.836602 129.707
0.843904 0.0120823 -0.536358 -131.644 -0.000400741 0.999759 0.0218905 -7.1171 0.536494 -0.0182585 0.843706 130.43
0.849812 0.0121981 -0.526944 -132.098 -0.000509048 0.99975 0.0223219 -7.1076 0.527085 -0.0187012 0.849606 131.154
0.855289 0.0116379 -0.51802 -132.545 -0.000249352 0.999756 0.022049 -7.09853 0.51815 -0.0187291 0.855084 131.882
0.860416 0.0111636 -0.509471 -132.992 -0.000177978 0.999766 0.0216064 -7.08624 0.509592 -0.0184998 0.860216 132.629
0.863906 0.0114121 -0.503524 -133.441 -0.00034303 0.999755 0.0220704 -7.07172 0.503652 -0.0188941 0.863699 133.375
0.86729 0.0137186 -0.497615 -133.886 -0.00118984 0.999674 0.0254859 -7.05426 0.497802 -0.0215116 0.867023 134.137
0.871056 0.0170788 -0.490887 -134.333 -0.00302053 0.999562 0.0294165 -7.03587 0.491175 -0.0241407 0.870726 134.917
0.874321 0.0196928 -0.484948 -134.78 -0.00457786 0.999466 0.0323328 -7.00882 0.485326 -0.0260492 0.873945 135.706
0.878046 0.0221087 -0.478066 -135.221 -0.00654073 0.999393 0.0342048 -6.97991 0.478532 -0.0269065 0.877657 136.499
0.881377 0.0234477 -0.471831 -135.665 -0.00731484 0.999324 0.0359975 -6.94979 0.472356 -0.028276 0.880954 137.312
0.884854 0.0245811 -0.46522 -136.108 -0.00753679 0.999231 0.0384618 -6.92276 0.465807 -0.0305268 0.884359 138.144
0.888829 0.025041 -0.457554 -136.548 -0.00745597 0.999163 0.0401985 -6.89363 0.458177 -0.0323181 0.888273 138.989
0.892349 0.0252292 -0.45064 -136.988 -0.00743253 0.999122 0.0412182 -6.85756 0.451284 -0.0334316 0.891753 139.847
0.896378 0.0241835 -0.442631 -137.423 -0.00668223 0.999134 0.0410562 -6.81852 0.44324 -0.0338441 0.895763 140.718
0.900879 0.0235769 -0.433429 -137.858 -0.00631353 0.999129 0.0412263 -6.78263 0.434023 -0.0344034 0.900244 141.607
0.905073 0.0223227 -0.424671 -138.284 -0.0057229 0.999169 0.0403241 -6.74385 0.425218 -0.0340659 0.904449 142.503
0.910146 0.0215377 -0.413727 -138.709 -0.00598062 0.999226 0.0388608 -6.71404 0.414244 -0.0328947 0.909571 143.418
0.91563 0.0225794 -0.401387 -139.133 -0.00798747 0.999245 0.0379902 -6.68401 0.401942 -0.0315789 0.91512 144.345
0.922255 0.0261709 -0.385695 -139.546 -0.0119478 0.999158 0.0392275 -6.64964 0.386397 -0.0315695 0.921792 145.295
0.92984 0.0293191 -0.366794 -139.949 -0.0151543 0.999025 0.0414387 -6.61306 0.367651 -0.0329729 0.929379 146.269
0.936903 0.0320987 -0.348113 -140.337 -0.0183557 0.998918 0.0427057 -6.57953 0.349107 -0.0336213 0.936479 147.256
0.944457 0.0339227 -0.326879 -140.699 -0.0208379 0.998837 0.0434496 -6.53871 0.327973 -0.0342249 0.944066 148.269
0.951147 0.0352608 -0.306717 -141.044 -0.022523 0.998733 0.0449713 -6.49275 0.307914 -0.0358662 0.950737 149.289
0.957717 0.0366882 -0.285362 -141.37 -0.0241223 0.998583 0.0474271 -6.45151 0.286697 -0.0385383 0.957245 150.337
0.964083 0.0383042 -0.262825 -141.681 -0.0259937 0.998402 0.0501583 -6.3981 0.264326 -0.041525 0.963538 151.41
0.96961 0.0402478 -0.241322 -141.965 -0.0280092 0.998151 0.0539333 -6.35234 0.243047 -0.045535 0.968945 152.487
0.974986 0.0420695 -0.218248 -142.235 -0.0303537 0.997925 0.0567603 -6.28393 0.220183 -0.0487159 0.974241 153.601
0.979429 0.0436684 -0.197007 -142.477 -0.0329728 0.997814 0.0572487 -6.22692 0.199076 -0.0495752 0.978729 154.713
0.983494 0.0437026 -0.17558 -142.689 -0.0344326 0.997864 0.0555014 -6.17357 0.177631 -0.0485397 0.982899 155.846
0.987123 0.0440766 -0.153767 -142.883 -0.0360318 0.997851 0.0547196 -6.11629 0.155848 -0.0484746 0.986591 157.002
0.989912 0.0436534 -0.13479 -143.054 -0.0363463 0.997757 0.0562046 -6.05942 0.13694 -0.0507385 0.989279 158.16
0.992403 0.0440887 -0.114856 -143.2 -0.0376381 0.997621 0.057739 -5.99424 0.117128 -0.0529775 0.991702 159.337
0.99464 0.044864 -0.0931541 -143.331 -0.0394969 0.997494 0.0586814 -5.92705 0.0955529 -0.0546876 0.993921 160.54
0.996151 0.0463918 -0.0743637 -143.438 -0.0420383 0.997367 0.0590766 -5.86644 0.0769081 -0.0557232 0.995479 161.746
0.997535 0.0469691 -0.0521368 -143.517 -0.0438342 0.997251 0.0597245 -5.79409 0.0547982 -0.0572919 0.996852 162.974
0.998241 0.0488097 -0.0336368 -143.579 -0.0467752 0.997171 0.0588259 -5.72756 0.0364124 -0.0571491 0.997701 164.205
0.998662 0.049789 -0.0139637 -143.619 -0.0489094 0.997146 0.057501 -5.65151 0.0167863 -0.0567412 0.998247 165.445
0.998731 0.0499149 0.00671487 -143.628 -0.0502137 0.99716 0.0561043 -5.58541 -0.00389588 -0.0563703 0.998402 166.708
0.998378 0.0516661 0.0238904 -143.618 -0.0528895 0.99715 0.0537818 -5.52541 -0.0210441 -0.0549582 0.998266 167.97
0.997737 0.0519447 0.0426843 -143.578 -0.0541524 0.997161 0.0523067 -5.46246 -0.0398466 -0.0544998 0.997718 169.251
0.996676 0.0518684 0.0628214 -143.516 -0.0550797 0.997203 0.0505125 -5.39774 -0.0600262 -0.0538048 0.996745 170.538
0.995396 0.0533316 0.079637 -143.429 -0.0570031 0.997378 0.0445637 -5.33916 -0.0770521 -0.0488982 0.995827 171.825
0.993543 0.0549385 0.0992655 -143.306 -0.0590172 0.997508 0.0386286 -5.28605 -0.0968966 -0.0442376 0.99431 173.151
0.991764 0.0571316 0.114631 -143.18 -0.061312 0.997563 0.0332783 -5.2433 -0.112451 -0.0400325 0.99285 174.456
0.989427 0.0591356 0.132427 -143.019 -0.0635204 0.997554 0.0291315 -5.21523 -0.130381 -0.0372353 0.990764 175.79
0.986349 0.0621397 0.15249 -142.818 -0.0667212 0.997455 0.0251092 -5.1944 -0.150542 -0.0349409 0.987985 177.155
0.983846 0.0610572 0.16828 -142.618 -0.0662486 0.997479 0.0254049 -5.1758 -0.166305 -0.0361429 0.985411 178.476
0.980869 0.0593683 0.185393 -142.384 -0.0651001 0.997565 0.0249792 -5.15113 -0.183459 -0.0365705 0.982346 179.824
0.977185 0.0592136 0.203969 -142.107 -0.0647086 0.997695 0.0203717 -5.14409 -0.202293 -0.0331055 0.978765 181.209
0.973834 0.0605751 0.219036 -141.836 -0.0654666 0.997739 0.0151368 -5.13077 -0.217624 -0.0290804 0.975599 182.542
0.969476 0.0619463 0.237229 -141.511 -0.0673134 0.997624 0.0145836 -5.10655 -0.235763 -0.0301072 0.971344 183.94
0.965176 0.0638576 0.253686 -141.186 -0.069771 0.997459 0.0143723 -5.1117 -0.252124 -0.0315718 0.967179 185.299
0.96008 0.0671661 0.27154 -140.827 -0.072716 0.997297 0.0104169 -5.09177 -0.270107 -0.0297464 0.96237 186.68
0.954559 0.0678962 0.290186 -140.428 -0.0730402 0.997304 0.00691968 -5.08989 -0.288934 -0.0278005 0.956945 188.064
0.949326 0.0689214 0.306643 -140.011 -0.0736485 0.997276 0.00385726 -5.0862 -0.305542 -0.0262456 0.951816 189.432
0.943476 0.069216 0.324134 -139.558 -0.0728209 0.997344 -0.00100995 -5.09543 -0.323343 -0.0226509 0.94601 190.798
0.936209 0.0721728 0.343953 -139.086 -0.0742853 0.997211 -0.00705041 -5.11315 -0.343503 -0.01895 0.93896 192.173
0.928234 0.0750193 0.364353 -138.586 -0.0763584 0.997021 -0.0107516 -5.12594 -0.364075 -0.0178415 0.931198 193.538
0.91777 0.0776753 0.389442 -138.036 -0.0786966 0.996808 -0.0133578 -5.15027 -0.389237 -0.0183884 0.920953 194.923
0.906596 0.0822118 0.413915 -137.457 -0.0828627 0.996425 -0.0164162 -5.18571 -0.413785 -0.0194153 0.910167 196.269
0.894144 0.0864511 0.439355 -136.841 -0.0858858 0.996078 -0.021208 -5.22597 -0.439466 -0.0187714 0.898063 197.617
0.880683 0.0896271 0.465149 -136.182 -0.087969 0.9958 -0.0253206 -5.27171 -0.465466 -0.0186193 0.884869 198.967
0.867666 0.0902188 0.488893 -135.488 -0.0878151 0.995745 -0.0279012 -5.32591 -0.489331 -0.0187233 0.871897 200.278
0.853204 0.0913025 0.513524 -134.748 -0.087879 0.995647 -0.0310138 -5.38952 -0.514121 -0.0186669 0.857514 201.593
0.83917 0.0919099 0.536047 -133.976 -0.086919 0.995612 -0.0346365 -5.44638 -0.536879 -0.0175268 0.843477 202.857
0.824417 0.0933592 0.558229 -133.164 -0.0860852 0.995509 -0.0393562 -5.50965 -0.559397 -0.0156094 0.828752 204.117
0.809205 0.0946018 0.57986 -132.319 -0.0853314 0.99541 -0.0433155 -5.58036 -0.581296 -0.0144292 0.813564 205.358
0.794938 0.0953232 0.599156 -131.433 -0.0845672 0.995347 -0.046155 -5.65908 -0.600768 -0.0139786 0.799301 206.592
0.78029 0.095705 0.618052 -130.509 -0.08378 0.99531 -0.048351 -5.73422 -0.619781 -0.0140527 0.784648 207.801
0.765507 0.0959199 0.636238 -129.568 -0.0827555 0.99529 -0.0504814 -5.81646 -0.638084 -0.0140084 0.769839 208.993
0.75221 0.0963753 0.651838 -128.593 -0.0811529 0.995264 -0.0535023 -5.9028 -0.653907 -0.0126537 0.756468 210.163
0.737946 0.0970962 0.667838 -127.594 -0.0795389 0.995211 -0.0568038 -5.99427 -0.670156 -0.0112011 0.742135 211.311
0.724584 0.0987184 0.682079 -126.569 -0.0781418 0.995073 -0.0610071 -6.10078 -0.684742 -0.00909413 0.728729 212.444
0.710729 0.0995464 0.696387 -125.514 -0.0770846 0.994996 -0.0635595 -6.19189 -0.69923 -0.00850722 0.714846 213.549
0.695319 0.0994042 0.711794 -124.441 -0.0758482 0.995007 -0.064863 -6.30682 -0.714688 -0.00888792 0.699386 214.645
0.680576 0.100163 0.725799 -123.346 -0.0765213 0.99491 -0.0655481 -6.42286 -0.728671 -0.0109287 0.684776 215.719
0.664128 0.101185 0.74074 -122.238 -0.0796357 0.994735 -0.064482 -6.54875 -0.743365 -0.0161651 0.66869 216.767
0.64656 0.102013 0.756011 -121.105 -0.0820082 0.994569 -0.0640675 -6.66407 -0.758442 -0.0205757 0.651415 217.793
0.630403 0.104065 0.769261 -119.974 -0.0857087 0.994245 -0.0642635 -6.78323 -0.771521 -0.0254205 0.635695 218.774
0.612548 0.106075 0.783284 -118.829 -0.0866784 0.993992 -0.0668247 -6.91021 -0.785666 -0.0269605 0.618062 219.732
0.595978 0.108739 0.795604 -117.67 -0.0889212 0.993632 -0.0691943 -7.03086 -0.798062 -0.0295078 0.601852 220.64
0.577694 0.108796 0.80897 -116.503 -0.0899132 0.993527 -0.0694089 -7.15464 -0.811286 -0.03264 0.583737 221.519
0.557194 0.107914 0.82334 -115.314 -0.0905933 0.9935 -0.0689082 -7.27786 -0.825426 -0.036194 0.563348 222.37
0.537858 0.106078 0.836335 -114.127 -0.0906397 0.993577 -0.0677307 -7.3998 -0.838148 -0.0393757 0.544018 223.173
0.517215 0.104671 0.849431 -112.921 -0.0917078 0.993556 -0.0665908 -7.52167 -0.850928 -0.0434577 0.523481 223.949
0.495588 0.102555 0.862482 -111.71 -0.09021 0.993711 -0.0663236 -7.63844 -0.86386 -0.0449353 0.501723 224.699
0.475848 0.101741 0.873623 -110.496 -0.0900566 0.993702 -0.0666727 -7.75597 -0.874904 -0.0469495 0.482014 225.397
0.455942 0.100345 0.884335 -109.272 -0.0883876 0.993816 -0.0671971 -7.86696 -0.885609 -0.0475263 0.461992 226.064
0.434652 0.0994946 0.895086 -108.046 -0.0860456 0.993919 -0.0686969 -7.97831 -0.896478 -0.0471591 0.44057 226.695
0.415447 0.0984901 0.904269 -106.822 -0.0833548 0.994059 -0.0699741 -8.09646 -0.90579 -0.0463047 0.421189 227.279
0.394465 0.0964921 0.913831 -105.593 -0.0813992 0.994231 -0.0698447 -8.22268 -0.915298 -0.0468339 0.400043 227.837
0.374807 0.0965428 0.922062 -104.364 -0.0811022 0.994164 -0.0711249 -8.32791 -0.923548 -0.0481231 0.38045 228.367
0.354989 0.0997784 0.92953 -103.155 -0.0822076 0.993767 -0.0752785 -8.44769 -0.931249 -0.0496915 0.360979 228.871
0.335267 0.10755 0.935964 -101.952 -0.0830091 0.99297 -0.0843666 -8.55404 -0.938459 -0.0494083 0.341837 229.339
0.316595 0.114541 0.94162 -100.735 -0.0851986 0.992103 -0.0920362 -8.68581 -0.944727 -0.0510866 0.323853 229.787
0.297285 0.117533 0.947527 -99.5291 -0.0882578 0.991528 -0.0952999 -8.81599 -0.9507 -0.0552954 0.30514 230.202
0.276803 0.118378 0.953607 -98.3335 -0.0903467 0.991192 -0.0968184 -8.95138 -0.95667 -0.0593557 0.28506 230.588
0.258786 0.11873 0.95861 -97.1301 -0.0916434 0.990957 -0.0979964 -9.10522 -0.961577 -0.0624902 0.267327 230.955
0.238826 0.118281 0.963832 -95.9426 -0.0928375 0.990788 -0.0985845 -9.24727 -0.966614 -0.0659352 0.247607 231.294
0.221207 0.118597 0.967988 -94.749 -0.0925452 0.990651 -0.100225 -9.3893 -0.970825 -0.0674123 0.230115 231.599
0.202782 0.118072 0.972079 -93.558 -0.0926127 0.990566 -0.100998 -9.5272 -0.974834 -0.0695464 0.211804 231.883
0.182531 0.117222 0.976187 -92.3621 -0.0917786 0.990563 -0.101787 -9.67741 -0.978907 -0.0710138 0.191567 232.141
0.165267 0.119952 0.978927 -91.1807 -0.0947859 0.989913 -0.105296 -9.81436 -0.981683 -0.0753867 0.174969 232.374
0.146422 0.120481 0.981858 -90.0073 -0.0955725 0.989635 -0.107182 -9.95506 -0.984594 -0.0781449 0.156419 232.585
0.128255 0.117576 0.984747 -88.8383 -0.0945985 0.98987 -0.105867 -10.0906 -0.987219 -0.0795777 0.138078 232.772
0.114663 0.113645 0.986882 -87.6819 -0.0933302 0.990273 -0.103192 -10.2245 -0.98901 -0.0802737 0.124154 232.937
0.0990174 0.11033 0.98895 -86.5191 -0.0929574 0.990513 -0.101197 -10.3531 -0.990734 -0.08191 0.108334 233.079
0.0878056 0.107788 0.990288 -85.3742 -0.0923162 0.99073 -0.0996506 -10.4805 -0.99185 -0.0826699 0.0969419 233.213
0.0769513 0.107721 0.991198 -84.2403 -0.0925758 0.990623 -0.100472 -10.6068 -0.992727 -0.0840296 0.0862018 233.325
0.0666048 0.110416 0.991651 -83.127 -0.0937716 0.990151 -0.10395 -10.7363 -0.993363 -0.0860651 0.0763024 233.421
0.0610263 0.112241 0.991805 -82.0295 -0.0954829 0.989756 -0.106134 -10.8684 -0.993558 -0.0882235 0.0711179 233.522
0.0551789 0.11645 0.991662 -80.9483 -0.0958294 0.989208 -0.11083 -11.0049 -0.993867 -0.0889151 0.0657425 233.601
0.0490298 0.123531 0.991128 -79.8776 -0.0971492 0.988206 -0.118361 -11.1503 -0.994061 -0.0904841 0.0604523 233.674
0.0453922 0.126545 0.990921 -78.8149 -0.0993674 0.987596 -0.121569 -11.3054 -0.994015 -0.0929471 0.0574034 233.754
0.0403189 0.120415 0.991904 -77.741 -0.0986064 0.988345 -0.115975 -11.439 -0.994309 -0.0931323 0.0517224 233.819
0.038725 0.111738 0.992983 -76.687 -0.0969617 0.989459 -0.10756 -11.5802 -0.994534 -0.0921161 0.0491508 233.886
0.0374696 0.107681 0.993479 -75.6408 -0.0966886 0.989903 -0.103647 -11.6993 -0.994609 -0.0921745 0.0475025 233.947
0.03579 0.109261 0.993368 -74.5917 -0.097594 0.989636 -0.105334 -11.8236 -0.994582 -0.0931769 0.046082 234.004
0.0364148 0.112908 0.992938 -73.5693 -0.0990087 0.989116 -0.108842 -11.9384 -0.99442 -0.094346 0.047197 234.077
0.0368137 0.114921 0.992692 -72.5418 -0.100236 0.98878 -0.110751 -12.0662 -0.994282 -0.0954262 0.0479196 234.154
0.0379124 0.115249 0.992613 -71.5267 -0.100881 0.988693 -0.110941 -12.1846 -0.994175 -0.0959295 0.0491099 234.218
0.0407214 0.116104 0.992402 -70.5078 -0.10265 0.988456 -0.11143 -12.31 -0.993883 -0.0973322 0.052169 234.294
0.0433227 0.117071 0.992178 -69.5055 -0.103564 0.988286 -0.11209 -12.4228 -0.993678 -0.0978979 0.0549393 234.368
0.0480188 0.1179 0.991864 -68.4983 -0.106452 0.987957 -0.112282 -12.5401 -0.993157 -0.100195 0.059991 234.438
0.0538976 0.116976 0.991671 -67.4996 -0.105938 0.988179 -0.110806 -12.6559 -0.992911 -0.0990833 0.0656524 234.513
0.0597 0.115876 0.991468 -66.5141 -0.105472 0.988411 -0.109168 -12.7748 -0.992628 -0.0980544 0.0712295 234.592
0.0673649 0.115438 0.991027 -65.5129 -0.104062 0.988679 -0.108091 -12.8972 -0.992287 -0.0958465 0.0786147 234.667
0.0746572 0.116272 0.990407 -64.5303 -0.103382 0.98873 -0.108282 -13.0064 -0.991835 -0.0943068 0.085836 234.752
0.080696 0.116319 0.989928 -63.5755 -0.10043 0.989061 -0.10803 -13.1202 -0.991666 -0.0907009 0.0914949 234.836
0.0878006 0.115733 0.989392 -62.6072 -0.101171 0.989128 -0.106724 -13.2147 -0.990987 -0.0907278 0.0985546 234.935
0.0929811 0.114818 0.989025 -61.6515 -0.102632 0.989142 -0.105183 -13.3204 -0.990364 -0.0917254 0.103755 235.038
0.100195 0.11371 0.988449 -60.6872 -0.100955 0.989482 -0.103595 -13.4368 -0.989832 -0.0894088 0.110621 235.154
0.106558 0.114225 0.987724 -59.7158 -0.102842 0.989317 -0.103314 -13.5422 -0.988973 -0.0905711 0.117166 235.283
0.112407 0.115472 0.98693 -58.7667 -0.103037 0.989225 -0.104005 -13.6553 -0.988305 -0.0899995 0.123094 235.407
0.119726 0.116424 0.985957 -57.8001 -0.103374 0.989164 -0.10425 -13.7667 -0.98741 -0.0894411 0.130464 235.539
0.125803 0.117649 0.985054 -56.8428 -0.104048 0.989031 -0.104836 -13.8812 -0.986583 -0.0893041 0.136664 235.685
0.131432 0.117755 0.984306 -55.8993 -0.105937 0.988902 -0.10416 -13.9883 -0.985648 -0.0905843 0.142448 235.827
0.138784 0.117225 0.98336 -54.9479 -0.106973 0.988934 -0.102792 -14.0963 -0.984528 -0.0909273 0.149788 235.984
0.145309 0.115726 0.982595 -54.0019 -0.107698 0.989084 -0.100564 -14.2022 -0.983507 -0.091211 0.156186 236.144
0.150568 0.113598 0.982051 -53.0598 -0.108458 0.989278 -0.0978054 -14.3061 -0.982632 -0.0917854 0.161274 236.307
0.158238 0.112952 0.980919 -52.1137 -0.109183 0.989345 -0.0963087 -14.414 -0.981346 -0.0918601 0.168884 236.473
0.164197 0.113325 0.979896 -51.187 -0.109987 0.989287 -0.0959812 -14.5097 -0.980276 -0.0920159 0.174902 236.649
0.171946 0.113635 0.97853 -50.2586 -0.110326 0.989296 -0.0954989 -14.6037 -0.978909 -0.0915372 0.182642 236.824
0.180468 0.114311 0.976916 -49.3301 -0.111358 0.989212 -0.0951778 -14.6993 -0.977257 -0.0916105 0.19125 237.002
0.188735 0.116205 0.975128 -48.4185 -0.111586 0.98908 -0.0962706 -14.788 -0.975668 -0.0906412 0.199641 237.202
0.198766 0.116872 0.973053 -47.5005 -0.111861 0.989081 -0.0959473 -14.8821 -0.973642 -0.0897758 0.209668 237.399
0.205375 0.115554 0.971838 -46.6056 -0.113497 0.989117 -0.0936235 -14.9714 -0.97208 -0.0910733 0.216254 237.611
