1 0 0 0 0 1 0 0 0 0 1 0
<<<<<<< HEAD
<<<<<<< HEAD
0.999939 -0.00189507 0.0108837 0.00942641 0.00188554 0.999998 0.000885842 -0.00247039 -0.0108854 -0.000865266 0.99994 0.303503
0.999862 -0.00374137 0.0162096 0.0171574 0.00372347 0.999992 0.00113464 -0.000276628 -0.0162138 -0.00107412 0.999868 0.617125
0.999829 -0.00495161 0.0178196 0.0362267 0.00496466 0.999988 -0.000688097 0.00490161 -0.017816 0.000776448 0.999841 0.91785
0.999859 -0.00727034 0.0151347 0.044112 0.00729034 0.999973 -0.00126696 -0.00589497 -0.0151251 0.00137712 0.999885 1.23464
0.999922 -0.00968748 0.0079305 0.0458983 0.00970618 0.99995 -0.00232212 -0.0131132 -0.00790761 0.00239891 0.999966 1.55341
0.999926 -0.0111641 -0.00491146 0.043369 0.0111454 0.999931 -0.00382228 -0.0123259 0.00495379 0.00376725 0.999981 1.86439
0.999716 -0.00957003 -0.0218086 0.0315151 0.00946712 0.999944 -0.00481701 -0.0108441 0.0218535 0.00460918 0.999751 2.19621
0.99913 -0.00644875 -0.0412131 -0.0038996 0.00626822 0.99997 -0.00450793 -0.016477 0.0412409 0.00424567 0.99914 2.5391
0.998063 -0.00365894 -0.0621069 -0.0238224 0.00325252 0.999973 -0.00664372 -0.0219873 0.0621295 0.00642884 0.998047 2.8729
0.996607 -0.00354547 -0.0822245 -0.0614482 0.00295677 0.999969 -0.00728033 -0.0212034 0.0822478 0.00701251 0.996587 3.24288
0.994548 -0.00446477 -0.104182 -0.106395 0.00380075 0.999971 -0.00657128 -0.0360259 0.104209 0.00613948 0.994537 3.63667
0.992047 -0.00725104 -0.125659 -0.144032 0.00644314 0.999956 -0.00683451 -0.0706321 0.125703 0.00597052 0.99205 4.00674
0.98952 -0.00598618 -0.144273 -0.213156 0.00503067 0.999963 -0.00698685 -0.062574 0.14431 0.00618783 0.989513 4.39456
0.986932 -0.00504342 -0.161057 -0.274325 0.00410055 0.999973 -0.00618604 -0.0688561 0.161084 0.00544478 0.986926 4.8172
0.984388 -0.00488308 -0.175943 -0.346719 0.00373734 0.99997 -0.00684277 -0.0785275 0.175972 0.00607839 0.984376 5.23893
0.981894 -0.00614705 -0.189329 -0.438617 0.00484723 0.999962 -0.00732766 -0.0812984 0.189367 0.00627727 0.981886 5.68109
0.979808 -0.00780284 -0.19979 -0.528274 0.00614178 0.999942 -0.00893244 -0.0843355 0.199848 0.007525 0.979798 6.12958
0.978061 -0.007341 -0.208187 -0.629353 0.00522165 0.999929 -0.0107277 -0.0929712 0.208251 0.00940531 0.97803 6.57893
0.976259 -0.00744828 -0.216478 -0.734817 0.00489187 0.999912 -0.0123426 -0.0923608 0.21655 0.0109906 0.97621 7.0601
0.974375 -0.00712837 -0.224814 -0.843228 0.00385814 0.999881 -0.0149823 -0.0863385 0.224894 0.013731 0.974286 7.5227
0.972332 -0.0103592 -0.233373 -0.962212 0.00669759 0.999842 -0.0164771 -0.0896012 0.233507 0.0144582 0.972248 8.02913
0.970195 -0.0152926 -0.241842 -1.08671 0.0115243 0.99979 -0.0169884 -0.112845 0.242051 0.013695 0.970167 8.5319
0.968077 -0.0157039 -0.250162 -1.21784 0.0113754 0.99976 -0.018739 -0.104162 0.250396 0.0152951 0.968023 9.06029
0.965458 -0.0129564 -0.260237 -1.38826 0.00751648 0.999732 -0.021888 -0.117506 0.260451 0.0191759 0.965297 9.59577
0.963106 -0.0108986 -0.268903 -1.55365 0.00437243 0.999682 -0.0248568 -0.132276 0.269088 0.0227639 0.962847 10.1327
0.96023 -0.0139117 -0.278864 -1.72996 0.0066964 0.999618 -0.0268099 -0.159753 0.27913 0.0238763 0.959957 10.6929
0.957718 -0.0149975 -0.287318 -1.88916 0.00725533 0.999582 -0.0279923 -0.178516 0.287618 0.0247241 0.957426 11.2469
0.955084 -0.0155299 -0.295929 -2.10209 0.00677192 0.999509 -0.0305971 -0.206358 0.296259 0.0272187 0.95472 11.8207
0.952311 -0.0153752 -0.304741 -2.29464 0.00521925 0.999404 -0.0341134 -0.223032 0.305084 0.030896 0.951824 12.4077
0.949794 -0.017089 -0.31241 -2.49606 0.00530636 0.999244 -0.0385267 -0.256547 0.312832 0.0349346 0.949166 12.9878
0.947635 -0.0180771 -0.318843 -2.70719 0.00382589 0.998968 -0.0452666 -0.278247 0.319332 0.0416764 0.946726 13.5962
0.946088 -0.0191456 -0.323345 -2.9249 0.00211221 0.998595 -0.0529477 -0.30797 0.323904 0.0494102 0.944799 14.2097
0.944663 -0.0202876 -0.327415 -3.14475 0.000314415 0.998141 -0.0609407 -0.344678 0.328043 0.0574655 0.942914 14.8282
0.942765 -0.0201518 -0.332848 -3.36734 -0.00303352 0.997613 -0.0689912 -0.370022 0.333444 0.0660522 0.940454 15.4644
0.941273 -0.0197451 -0.33707 -3.60781 -0.00594822 0.997164 -0.0750231 -0.419605 0.337595 0.0726222 0.938486 16.1039
0.938784 -0.0192715 -0.343966 -3.8658 -0.00910888 0.996697 -0.0807029 -0.476095 0.344385 0.0788958 0.935508 16.7596
0.936898 -0.0183592 -0.34912 -4.13005 -0.0125498 0.996211 -0.0860663 -0.536832 0.349377 0.0850167 0.933117 17.4218
0.935133 -0.0163019 -0.353921 -4.40193 -0.0169365 0.995742 -0.0906143 -0.592253 0.353891 0.0907306 0.930876 18.0858
0.932989 -0.0141158 -0.359628 -4.67977 -0.0210384 0.995383 -0.0936502 -0.660543 0.359289 0.0949407 0.928385 18.7793
0.931 -0.0137315 -0.364761 -4.96089 -0.0224956 0.995234 -0.0948824 -0.729167 0.364325 0.0965411 0.926254 19.4604
0.927871 -0.0129512 -0.372677 -5.23675 -0.0239205 0.995271 -0.0941434 -0.803743 0.372134 0.0962676 0.923174 20.1745
0.924908 -0.0130274 -0.379968 -5.53136 -0.0240889 0.995397 -0.0927643 -0.879985 0.379427 0.0949515 0.920337 20.8868
0.921986 -0.0124741 -0.387024 -5.82768 -0.0248052 0.995526 -0.0911788 -0.950394 0.386429 0.0936657 0.917551 21.5923
0.918804 -0.0123785 -0.39452 -6.13971 -0.0245925 0.995771 -0.088517 -1.02337 0.393948 0.091032 0.914614 22.2946
0.914533 -0.00984659 -0.404393 -6.4957 -0.0257041 0.996269 -0.0823879 -1.096 0.403695 0.085741 0.910867 23.0968
0.910873 -0.00614695 -0.412642 -6.83433 -0.0285627 0.996552 -0.0778951 -1.16077 0.411698 0.0827387 0.907557 23.8037
-0.943713 0.0302228 -0.329381 -8.0244 -0.00939059 -0.997864 -0.0646552 -0.31598 -0.330631 -0.0579229 0.941981 27.1541
0.925892 -0.061952 -0.372675 -9.57376 0.0137488 0.991335 -0.130637 -1.51257 0.377539 0.115832 0.918721 29.7602
-0.955641 0.034305 -0.29253 -10.005 -0.00342653 -0.994422 -0.105422 -1.20923 -0.294514 -0.0997432 0.950428 32.2772
0.933147 -0.0265084 -0.358518 -11.5924 -0.0193197 0.992139 -0.123643 -2.13292 0.358977 0.122303 0.925299 33.011
-0.939175 0.0388588 -0.341235 -10.9975 -0.0203603 -0.998131 -0.0576267 -1.31872 -0.342836 -0.0471739 0.93821 34.5479
0.897231 -0.0283129 -0.440653 -12.3702 -0.0111287 0.996175 -0.086666 -2.40073 0.441422 0.0826634 0.893484 34.6092
-0.92982 0.0394522 -0.365894 -11.4841 -0.00405617 -0.995276 -0.0970071 -1.62367 -0.367992 -0.088715 0.925587 35.3689
0.884965 -0.0350926 -0.464334 -12.7433 -0.0162869 0.994214 -0.10618 -2.5783 0.465373 0.101528 0.879273 35.6213
-0.934419 0.00844512 -0.356077 -12.0018 0.0251331 -0.995664 -0.0895685 -1.62773 -0.35529 -0.0926438 0.930154 36.9571
0.884311 -0.0246028 -0.46625 -13.7638 -0.0214139 0.995423 -0.0931403 -2.56674 0.466407 0.0923492 0.879736 37.1014
-0.939907 0.0461309 -0.338301 -12.8264 -0.0126149 -0.994846 -0.100609 -1.66959 -0.341199 -0.0902959 0.935644 39.1002
0.879055 -0.0609782 -0.472805 -14.9368 -0.00462975 0.990647 -0.136373 -2.94862 0.476699 0.122068 0.87055 39.605
-0.939271 0.0657777 -0.336815 -13.2714 -0.0209797 -0.990629 -0.134957 -2.12386 -0.342536 -0.119695 0.931849 41.0765
0.872329 -0.0396388 -0.48731 -15.8654 -0.018198 0.993385 -0.11338 -3.59769 0.488581 0.107773 0.865837 41.3187
-0.936257 0.0357786 -0.34949 -13.9099 0.0052492 -0.993265 -0.115747 -2.54375 -0.351277 -0.110203 0.929763 43.1201
0.835319 -0.0389314 -0.548387 -16.6017 -0.043542 0.989671 -0.136584 -3.76922 0.54804 0.137969 0.824995 42.6615
-0.919745 0.0668981 -0.386774 -14.9342 -0.0060526 -0.987669 -0.156438 -2.85757 -0.39247 -0.141542 0.908809 45.143
0.846848 -0.0771609 -0.526209 -17.8759 0.0172835 0.99289 -0.117778 -4.16974 0.531555 0.0906453 0.84216 44.7144
-0.888494 0.118702 -0.44327 -16.3542 -0.0530725 -0.986064 -0.157676 -3.21351 -0.455809 -0.116568 0.882412 47.0192
0.850214 -0.104926 -0.515876 -19.0852 0.0254572 0.986984 -0.15879 -4.50824 0.525822 0.121872 0.841819 46.568
-0.894873 0.0739714 -0.440148 -16.8542 -0.00808584 -0.988696 -0.149721 -3.53422 -0.446248 -0.130422 0.885355 48.702
0.834857 -0.0515317 -0.54805 -19.5488 -0.00971282 0.994075 -0.108266 -4.8101 0.550382 0.0957097 0.829409 48.2402
-0.88835 0.0448506 -0.456973 -17.4532 0.00257573 -0.994716 -0.102636 -3.75039 -0.459162 -0.0923532 0.883539 50.8637
0.844439 -0.0390001 -0.534232 -20.4122 -0.0128921 0.995578 -0.0930573 -4.7463 0.535498 0.0854686 0.840201 50.1754
-0.884901 0.0507168 -0.463011 -18.7514 0.00166665 -0.993703 -0.112033 -3.96622 -0.465777 -0.0999093 0.879244 52.7302
0.94741 -0.0460802 -0.316689 -21.6003 0.0331745 0.99839 -0.0460266 -5.22134 0.3183 0.0331 0.947412 54.0793
-0.882734 0.0400364 -0.468165 -20.6173 -0.0167756 -0.998414 -0.0537513 -4.22629 -0.469574 -0.0395944 0.882005 57.2734
0.955181 -0.0291158 -0.29459 -23.4404 0.0298615 0.999552 -0.00196765 -5.25901 0.294515 -0.00691738 0.955622 58.506
-0.895172 0.0370336 -0.444182 -22.248 -0.0231067 -0.999058 -0.0367287 -3.91822 -0.445123 -0.0226149 0.895184 60.3948
0.943251 0.00808026 -0.331984 -24.1396 -0.0107895 0.999922 -0.00631819 -4.8951 0.331907 0.00954161 0.943264 60.9455
-0.871479 -0.00342123 -0.490423 -23.5398 0.0125591 -0.999804 -0.0153427 -4.06987 -0.490274 -0.0195301 0.87135 62.5175
0.945055 0.0471504 -0.323495 -24.8795 -0.04324 0.998879 0.0192689 -4.81146 0.324041 -0.00422223 0.946034 63.3889
-0.857571 -0.0649205 -0.510253 -24.8951 0.0701386 -0.997497 0.009033 -4.00095 -0.509562 -0.028042 0.859977 64.9756
0.930906 0.0896876 -0.354079 -25.8134 -0.0878315 0.995907 0.0213445 -4.6463 0.354544 0.0112297 0.934972 65.7967
-0.821579 -0.0802972 -0.564413 -25.8116 0.0808027 -0.996438 0.0241409 -3.58101 -0.564341 -0.0257725 0.82514 66.9419
0.922615 0.115747 -0.367948 -26.5794 -0.113995 0.993126 0.0265725 -4.42228 0.368495 0.0174282 0.929467 67.7455
-0.830248 -0.121471 -0.543998 -27.0093 0.111824 -0.992422 0.0509352 -3.31057 -0.546062 -0.0185433 0.837539 68.7848
0.925431 0.146531 -0.349439 -27.6877 -0.142654 0.989083 0.0369599 -4.08868 0.35104 0.0156451 0.93623 69.5171
-0.849567 -0.148393 -0.506179 -28.1809 0.144621 -0.988369 0.0470232 -2.92962 -0.50727 -0.033255 0.861146 70.661
0.928138 0.143532 -0.343453 -28.983 -0.149096 0.988769 0.0103016 -3.85538 0.341074 0.0416461 0.939114 71.4828
-0.82892 -0.142327 -0.540958 -29.1626 0.149048 -0.988324 0.0316412 -2.70101 -0.539145 -0.0544005 0.840454 72.8418
0.903217 0.180994 -0.389154 -29.675 -0.194594 0.980874 0.00455377 -3.45435 0.382535 0.0716139 0.921161 73.7217
-0.861147 -0.19994 -0.467387 -31.6097 0.214736 -0.976424 0.0220515 -2.44057 -0.460776 -0.0813752 0.883778 73.7414
0.889984 0.194631 -0.412369 -30.2118 -0.2027 0.978933 0.0245691 -3.54403 0.408463 0.0617209 0.910686 75.5478
-0.882581 -0.190325 -0.429917 -32.5528 0.204885 -0.978704 0.0126624 -2.3062 -0.423171 -0.0769081 0.90278 75.5964
0.889684 0.189269 -0.415501 -31.4292 -0.196076 0.980226 0.0266693 -3.27407 0.412332 0.0577423 0.909202 77.4527
-0.910375 -0.183301 -0.37097 -33.2673 0.193839 -0.980992 0.00903384 -2.18231 -0.365574 -0.0636841 0.928601 77.9822
0.87859 0.212097 -0.427898 -32.338 -0.212107 0.976053 0.0482888 -3.32438 0.427892 0.048334 0.902536 79.9127
-0.904675 -0.231989 -0.357414 -34.4377 0.238833 -0.970725 0.0255493 -2.22511 -0.352878 -0.0622483 0.933597 80.3875
0.869564 0.210854 -0.446542 -33.3659 -0.203669 0.976902 0.0646757 -3.2255 0.449864 0.0347068 0.892422 81.818
-0.90517 -0.250919 -0.343086 -35.0544 0.248245 -0.967275 0.0524783 -2.28202 -0.345026 -0.0376675 0.937837 82.3604
0.856297 0.244481 -0.454957 -34.4607 -0.238339 0.96852 0.0718657 -2.85426 0.458204 0.0468959 0.887609 83.828
-0.919341 -0.242881 -0.309552 -35.7798 0.241191 -0.969464 0.0443456 -2.20376 -0.31087 -0.0338925 0.949848 84.3994
0.907164 0.258601 -0.331935 -34.6583 -0.247071 0.965911 0.0772812 -2.7863 0.340605 0.0119048 0.940131 85.9553
-0.926989 -0.230124 -0.296204 -36.5675 0.228387 -0.972709 0.0409553 -2.14962 -0.297545 -0.029684 0.954246 86.4234
0.890283 0.273423 -0.364195 -35.8047 -0.263065 0.961553 0.0788272 -2.57264 0.371745 0.0256285 0.927981 88.387
-0.893767 -0.259241 -0.366027 -36.7014 0.270617 -0.962461 0.0208777 -2.04531 -0.357699 -0.0803931 0.93037 89.0417
0.879484 0.271222 -0.391086 -36.8256 -0.266352 0.961487 0.0678235 -2.7038 0.394419 0.0445167 0.917852 90.3047
-0.882293 -0.262995 -0.390377 -37.7893 0.279837 -0.959942 0.0142452 -2.05095 -0.378485 -0.0966735 0.920545 91.0503
0.892927 0.247863 -0.375829 -37.9851 -0.269375 0.963023 -0.00487993 -2.42733 0.360722 0.105596 0.926676 92.4762
-0.908241 -0.229779 -0.349715 -38.6565 0.254099 -0.966865 -0.0246439 -2.05251 -0.332464 -0.111245 0.936532 92.9455
0.891907 0.218077 -0.396164 -38.2738 -0.243415 0.969819 -0.0141561 -2.32955 0.38112 0.109058 0.918071 93.4549
-0.893907 -0.219666 -0.390741 -38.7606 0.240148 -0.97073 -0.00366776 -2.15254 -0.378498 -0.0971142 0.920493 93.235
0.826985 0.214757 -0.519593 -37.9179 -0.244939 0.969478 0.0108577 -2.38468 0.506066 0.11829 0.854345 93.9979
-0.886123 -0.219599 -0.408123 -38.6444 0.248774 -0.968374 -0.0190888 -1.92873 -0.391024 -0.118446 0.912727 93.7893
0.882852 0.21189 -0.419137 -38.1077 -0.256055 0.965298 -0.051348 -2.36724 0.393712 0.152655 0.90647 94.0667
-0.906487 -0.212181 -0.36505 -38.4438 0.249742 -0.966553 -0.0583586 -1.91763 -0.340457 -0.14407 0.929157 92.6405
0.887606 0.230924 -0.398537 -37.6013 -0.273628 0.960378 -0.052942 -2.13516 0.370521 0.156042 0.915623 91.8659
-0.895019 -0.259474 -0.362789 -37.555 0.302677 -0.950755 -0.0667206 -1.6875 -0.327611 -0.169524 0.92948 90.8399
0.877837 0.269527 -0.395928 -36.9444 -0.311916 0.949019 -0.0455252 -1.86076 0.363473 0.16346 0.917152 89.6446
-0.896789 -0.269568 -0.350863 -36.0445 0.31631 -0.945073 -0.082374 -2.07955 -0.309385 -0.184853 0.932797 89.1379
0.803175 0.264626 -0.533746 -36.5857 -0.341013 0.938849 -0.0476798 -1.70362 0.488489 0.220309 0.8443 88.8629
-0.886844 -0.283124 -0.365171 -35.9663 0.329892 -0.94132 -0.0713426 -2.25229 -0.323543 -0.183736 0.928203 90.6055
0.755642 0.272311 -0.595696 -37.9287 -0.349982 0.936624 -0.0157923 -1.9349 0.553642 0.220416 0.803055 91.0783
-0.884819 -0.284844 -0.368728 -36.95 0.345999 -0.931702 -0.110532 -2.50878 -0.31206 -0.22538 0.922942 92.827
0.758257 0.255397 -0.59985 -39.5244 -0.346012 0.937451 -0.0382491 -1.89063 0.552561 0.236557 0.799198 92.6401
-0.90133 -0.246458 -0.35618 -37.7815 0.316166 -0.93643 -0.152111 -2.80596 -0.296049 -0.249714 0.921953 95.1114
0.785677 0.216014 -0.579699 -41.2027 -0.325193 0.941359 -0.0899593 -1.8414 0.526273 0.259193 0.80985 95.1055
-0.937756 -0.215955 -0.27199 -38.8597 0.271172 -0.944597 -0.184941 -2.99145 -0.216982 -0.247185 0.944361 97.6015
0.765492 0.222041 -0.603921 -42.8369 -0.329619 0.941389 -0.071687 -1.97505 0.552607 0.25394 0.793814 97.2313
-0.93993 -0.209085 -0.269846 -39.3659 0.251927 -0.958283 -0.135007 -3.14385 -0.230361 -0.194879 0.953392 99.932
0.77863 0.204017 -0.593392 -44.2784 -0.298026 0.952437 -0.0635967 -1.72061 0.552193 0.226364 0.802397 99.1913
-0.944309 -0.218291 -0.246234 -40.145 0.259409 -0.95422 -0.148901 -3.29193 -0.202457 -0.204484 0.957704 102.315
0.765624 0.218002 -0.605224 -46.0164 -0.296722 0.954442 -0.0315703 -1.82635 0.570769 0.203754 0.795429 101.075
-0.961651 -0.231872 -0.146509 -40.2798 0.253917 -0.954582 -0.155884 -3.72627 -0.10371 -0.187107 0.97685 104.626
0.811075 0.226605 -0.539267 -47.2361 -0.27638 0.960975 -0.0118735 -1.86454 0.515531 0.158673 0.842051 103.393
-0.972449 -0.219656 -0.0780792 -39.801 0.228849 -0.963314 -0.140193 -3.8489 -0.0444205 -0.154199 0.987041 106.703
0.851138 0.211724 -0.480352 -48.127 -0.256274 0.966192 -0.0282263 -1.78419 0.458136 0.147126 0.876621 105.532
-0.979919 -0.197714 -0.025859 -40.7611 0.199299 -0.967059 -0.158358 -3.77648 0.00630265 -0.160332 0.987043 108.929
0.820091 0.20961 -0.532463 -48.9392 -0.242837 0.970035 0.00785106 -2.1483 0.518153 0.122863 0.846417 107.522
-0.979818 -0.185491 0.0745077 -41.6562 0.171949 -0.972179 -0.159065 -3.44928 0.10194 -0.143043 0.984452 110.529
0.770085 0.15129 -0.619744 -49.5939 -0.187526 0.982236 0.00676404 -2.09409 0.609757 0.111009 0.784775 109.811
-0.944774 -0.147186 0.292814 -42.6448 0.102343 -0.981296 -0.163045 -3.45885 0.311335 -0.124073 0.942166 111.974
0.770238 0.155031 -0.618627 -50.1594 -0.200588 0.979667 -0.00423719 -1.96137 0.605391 0.127353 0.785673 111.923
-0.934643 -0.159998 0.317561 -44.719 0.111787 -0.979982 -0.164738 -2.86572 0.337562 -0.118472 0.933818 113.818
0.846896 0.176574 -0.501587 -50.101 -0.205602 0.978632 -0.00263786 -2.35635 0.490403 0.105361 0.865103 114.815
-0.926427 -0.179279 0.331048 -43.773 0.127828 -0.976889 -0.171312 -3.17508 0.354109 -0.116391 0.927933 116.199
0.82892 0.204531 -0.520635 -50.9194 -0.233468 0.972311 0.0102588 -1.92929 0.508316 0.113048 0.853718 116.111
-0.931077 -0.22812 0.284707 -43.4866 0.17358 -0.963404 -0.204264 -3.8916 0.320885 -0.140766 0.936599 117.841
0.857745 0.217701 -0.465705 -50.9678 -0.246425 0.969162 -0.000821009 -2.05827 0.451164 0.115466 0.88494 118.762
-0.934603 -0.206663 0.289498 -44.087 0.154417 -0.968936 -0.193181 -3.85092 0.320428 -0.135844 0.937482 120.333
0.906618 0.247049 -0.342071 -50.869 -0.278195 0.9595 -0.044357 -2.43246 0.317259 0.135377 0.938627 122.146
-0.909978 -0.292797 0.293617 -43.6821 0.231515 -0.946204 -0.22605 -4.88868 0.344008 -0.137723 0.928811 124.111
0.800362 0.281168 -0.529496 -50.4608 -0.307198 0.950782 0.0405299 -2.57947 0.514831 0.130221 0.847344 124.885
-0.800416 -0.295851 0.521352 -43.3839 0.161452 -0.943981 -0.287807 -5.01614 0.577294 -0.146192 0.803343 125.709
0.828209 0.297165 -0.475147 -50.5844 -0.305339 0.95022 0.0620611 -2.71267 0.469935 0.0936808 0.877716 126.706
-0.809115 -0.298122 0.506416 -42.1059 0.190462 -0.948283 -0.253938 -5.61878 0.55593 -0.109011 0.82405 127.598
0.728591 0.330656 -0.599853 -50.6551 -0.306171 0.940619 0.146616 -2.63047 0.612711 0.0768345 0.786563 127.883
-0.75589 -0.320903 0.57066 -41.9061 0.1668 -0.937267 -0.306118 -5.79321 0.633095 -0.136205 0.761997 128.841
0.527762 0.341971 -0.777512 -49.79 -0.318306 0.928294 0.192229 -2.42298 0.787496 0.146035 0.598769 127.485
-0.646497 -0.365567 0.66963 -41.9903 0.125114 -0.916641 -0.379625 -5.83332 0.752588 -0.161646 0.638343 127.525
0.21442 0.371025 -0.90353 -48.8291 -0.214881 0.9203 0.326917 -2.73442 0.952812 0.124053 0.277057 125.524
-0.592388 -0.347723 0.726751 -41.5078 0.0776144 -0.922499 -0.378116 -6.08702 0.801906 -0.167585 0.573465 127.657
0.0370488 0.358784 -0.932686 -48.4013 -0.161645 0.923186 0.348709 -3.05914 0.986153 0.137845 0.0921991 126.071
-0.509255 -0.324882 0.796939 -41.5579 0.0126555 -0.928737 -0.370524 -5.94944 0.860523 -0.178605 0.477075 127.579
-0.507238 0.338107 -0.792713 -46.6789 0.0451715 0.928993 0.367329 -3.59654 0.860622 0.150515 -0.486493 123.352
-0.37463 -0.346967 0.859807 -41.3837 -0.0235765 -0.923475 -0.382933 -6.15397 0.926875 -0.163729 0.337781 125.763
-0.595829 0.338273 -0.728396 -46.7774 0.0644872 0.924189 0.376451 -3.50009 0.800519 0.177328 -0.572472 122.676
-0.351573 -0.322331 0.87892 -40.3063 -0.0365558 -0.933413 -0.356938 -6.56004 0.935447 -0.157619 0.316379 125.616
-0.365088 0.317842 -0.875036 -46.4406 -0.0409839 0.933517 0.356184 -3.93444 0.930071 0.165901 -0.327789 123.235
-0.391001 -0.338325 0.855954 -40.1818 0.0076813 -0.931156 -0.364541 -6.72693 0.920359 -0.135961 0.366681 125.82
-0.446888 0.33056 -0.831278 -46.2438 0.016006 0.932033 0.362021 -3.97354 0.894447 0.148477 -0.421805 123.041
-0.568967 -0.31423 0.759959 -40.1741 0.0830482 -0.941349 -0.327056 -6.83638 0.818157 -0.122971 0.561692 126.732
-0.538623 0.298872 -0.787758 -46.5941 0.0613139 0.946396 0.317137 -3.90483 0.840314 0.122516 -0.528075 122.23
-0.580095 -0.305825 0.754958 -41.0538 0.103716 -0.947029 -0.303938 -6.40324 0.807919 -0.0980112 0.581086 126.329
-0.575273 0.32702 -0.749747 -46.3073 0.155657 0.943621 0.292149 -4.2881 0.803015 0.0513614 -0.593742 122.127
-0.584294 -0.326411 0.743006 -41.7723 0.152524 -0.9434 -0.294503 -6.15224 0.797081 -0.0587498 0.601008 125.583
-0.600419 0.28795 -0.746045 -45.7724 0.0987913 0.952484 0.288122 -4.34931 0.79356 0.099291 -0.600336 121.561
-0.624459 -0.301937 0.720338 -41.6686 0.135921 -0.950195 -0.280455 -5.93835 0.769141 -0.0772231 0.634397 124.856
-0.589338 0.288935 -0.754453 -45.1441 0.134118 0.955891 0.261315 -5.14073 0.796677 0.0528174 -0.602093 121.892
-0.646286 -0.240676 0.724149 -41.9021 0.102164 -0.967707 -0.230446 -5.74073 0.756226 -0.0749521 0.650003 124.396
-0.565704 0.279526 -0.775787 -44.4702 0.122665 0.958852 0.25604 -5.26804 0.815434 0.0496805 -0.576714 122.441
-0.620491 -0.249045 0.743619 -42.056 0.113652 -0.966781 -0.228951 -5.71375 0.775935 -0.0575481 0.628183 124.279
-0.536508 0.265043 -0.801194 -43.6008 0.12899 0.963999 0.232525 -5.35783 0.833979 0.021405 -0.551381 123.373
-0.58684 -0.285739 0.75761 -42.6879 0.172434 -0.958303 -0.227866 -5.52189 0.79113 -0.00308336 0.61164 124.045
-0.415114 0.248127 -0.87528 -43.544 0.0546603 0.967153 0.248248 -5.29976 0.908126 0.0552081 -0.415041 123.56
-0.538333 -0.270929 0.797995 -43.2229 0.138875 -0.962488 -0.233091 -5.52291 0.831211 -0.0146594 0.555764 123.946
-0.447512 0.215718 -0.867871 -43.1141 0.0416091 0.974442 0.220753 -5.77499 0.89331 0.0626781 -0.44505 124.231
-0.408748 -0.263476 0.873789 -43.3445 0.10237 -0.964616 -0.242976 -5.52203 0.906888 -0.0098661 0.421256 124.034
-0.271842 0.267077 -0.924539 -42.2093 -0.02153 0.958789 0.283302 -6.43276 0.962101 0.0969185 -0.254889 124.424
-0.346533 -0.300178 0.888712 -43.604 0.0940757 -0.95376 -0.285467 -5.39038 0.933309 -0.0153175 0.358749 124.21
-0.373847 0.287327 -0.881863 -41.9642 0.0354267 0.954535 0.295987 -6.28486 0.926814 0.079412 -0.367029 125.015
-0.432483 -0.320645 0.842702 -42.687 0.14025 -0.947177 -0.28842 -5.66942 0.890668 -0.00654813 0.454608 124.905
-0.277735 0.278921 -0.919276 -43.7317 -0.0282063 0.954142 0.298022 -6.25748 0.960244 0.1087 -0.257131 124.902
-0.193456 -0.301249 0.933716 -43.3283 0.00428279 -0.951944 -0.306243 -6.02464 0.9811 -0.0552456 0.185449 124.997
-0.400732 0.294393 -0.86761 -43.8006 -0.0297936 0.942282 0.333492 -6.30226 0.915711 0.15949 -0.368831 124.734
-0.121534 -0.319936 0.939613 -42.9936 -0.0488088 -0.943558 -0.327593 -6.36735 0.991387 -0.0856749 0.0990586 124.821
-0.00141773 0.315128 -0.949049 -44.3309 -0.164796 0.936 0.311042 -6.26016 0.986327 0.15684 0.0506051 124.931
-0.264706 -0.390217 0.881852 -42.5962 0.023436 -0.916804 -0.398649 -6.56011 0.964045 -0.0848574 0.251828 125.192
0.141055 0.403875 -0.903875 -44.7488 -0.287311 0.890409 0.353022 -6.40046 0.947395 0.209897 0.241634 125.357
-0.425902 -0.423563 0.799502 -42.6616 0.0916963 -0.899309 -0.427592 -6.72614 0.900111 -0.108801 0.421856 125.799
0.201451 0.400687 -0.893795 -46.0519 -0.249763 0.903351 0.348677 -5.6119 0.94712 0.152995 0.282058 125.746
-0.519972 -0.415386 0.746381 -41.8015 0.126805 -0.90165 -0.413459 -7.20068 0.844719 -0.120342 0.521506 126.638
0.240438 0.431421 -0.869521 -46.7855 -0.247762 0.893403 0.37476 -5.02583 0.938511 0.125327 0.321698 126.324
-0.372996 -0.44059 0.816551 -42.3229 0.143335 -0.89686 -0.418447 -6.51966 0.916695 -0.0390387 0.397677 126.803
0.240021 0.389445 -0.889226 -47.0658 -0.210195 0.915122 0.344051 -5.21796 0.947739 0.104331 0.301508 126.695
-0.57492 -0.341257 0.743647 -42.9658 0.151733 -0.937573 -0.312944 -6.40169 0.804018 -0.0670822 0.590809 128.456
0.221233 0.324876 -0.919518 -46.4665 -0.191664 0.938976 0.285638 -5.69664 0.956202 0.113046 0.269999 128.148
-0.700641 -0.242575 0.671015 -43.1275 0.111582 -0.966115 -0.232747 -6.06753 0.704736 -0.0881991 0.703966 129.491
0.435011 0.222436 -0.872519 -46.769 -0.216084 0.966479 0.138658 -6.22427 0.874113 0.12822 0.468494 129.495
-0.85893 -0.254894 0.44415 -43.4798 0.221391 -0.966911 -0.126762 -5.56371 0.461764 -0.0105487 0.88694 131.052
0.526395 0.220061 -0.821269 -47.0184 -0.221981 0.967994 0.117098 -6.23818 0.820751 0.120666 0.558397 130.737
-0.91785 -0.253462 0.305465 -44.1562 0.23437 -0.967166 -0.0982901 -5.38174 0.320348 -0.0186236 0.947117 132.385
0.568978 0.283507 -0.771938 -47.6414 -0.278519 0.949652 0.143486 -6.41559 0.773752 0.133359 0.619293 132.84
-0.874739 -0.27953 0.395848 -43.5905 0.228772 -0.958311 -0.17118 -5.06325 0.427196 -0.0591787 0.90222 134.01
0.724549 0.277481 -0.6309 -47.6194 -0.318883 0.946471 0.0500588 -5.7231 0.611019 0.164913 0.774248 134.399
-0.900096 -0.262814 0.347501 -44.0296 0.20958 -0.960417 -0.183508 -4.72603 0.381974 -0.0923455 0.919548 136.179
0.775416 0.234223 -0.586405 -47.8109 -0.286018 0.958214 0.00452387 -5.7235 0.56296 0.164215 0.810006 136.334
-0.937398 -0.210545 0.277411 -44.3042 0.172753 -0.972765 -0.154546 -4.90052 0.302395 -0.0969472 0.94824 138.131
0.826945 0.162278 -0.538359 -48.3633 -0.221933 0.973912 -0.0473325 -6.21378 0.516633 0.158621 0.841386 138.422
-0.918691 -0.170552 0.35626 -44.3266 0.117884 -0.979255 -0.164812 -4.8214 0.376978 -0.109414 0.919737 139.796
0.843182 0.145155 -0.517663 -48.9001 -0.199543 0.978581 -0.0506207 -6.76565 0.499226 0.145978 0.854086 140.074
-0.892633 -0.229971 0.387712 -44.1698 0.178022 -0.97001 -0.165498 -5.6948 0.414144 -0.0787079 0.906802 141.595
0.804968 0.268406 -0.529136 -49.462 -0.296183 0.95454 0.0336155 -6.97495 0.514104 0.129662 0.847871 142.128
-0.914352 -0.18884 0.358193 -43.9187 0.135702 -0.976345 -0.16833 -6.08879 0.381507 -0.105305 0.918348 143.585
0.821929 0.12849 -0.55491 -49.8532 -0.204758 0.975752 -0.0773489 -7.53903 0.531515 0.177197 0.828307 143.884
-0.860254 -0.118659 0.495868 -43.7955 0.0649782 -0.990127 -0.124206 -6.15333 0.50571 -0.074628 0.85947 145.122
0.821457 0.0798358 -0.564655 -50.1112 -0.167404 0.980288 -0.104936 -7.79969 0.545147 0.180725 0.818629 145.558
-0.842033 -0.0590658 0.536183 -44.0201 0.0184247 -0.996556 -0.0808466 -6.38321 0.539112 -0.0581964 0.840221 146.741
0.801539 0.0611182 -0.594812 -50.2309 -0.176765 0.974521 -0.138065 -7.63832 0.571218 0.215807 0.79192 147.124
-0.859858 -0.0965279 0.501326 -43.766 0.0681726 -0.994878 -0.0746324 -7.33839 0.505962 -0.0299965 0.862034 148.391
0.731381 0.0790565 -0.677372 -50.6194 -0.151229 0.98733 -0.0480552 -8.88686 0.66499 0.137585 0.73407 148.297
-0.826857 -0.0946501 0.554392 -43.9485 0.0693964 -0.995375 -0.0664364 -7.28502 0.558115 -0.0164606 0.8296 149.774
0.71316 0.066048 -0.697883 -50.3181 -0.121181 0.992179 -0.0299331 -9.26245 0.690448 0.105917 0.715586 149.871
-0.911997 -0.0403185 0.408211 -44.7181 0.0347942 -0.999175 -0.0209533 -7.24777 0.408719 -0.00490597 0.912647 151.814
0.634041 0.041994 -0.772159 -50.3153 -0.0262853 0.999118 0.0327542 -10.2892 0.772853 -0.000471134 0.634585 151.317
-0.889057 -0.0400594 0.456042 -44.4712 0.0402371 -0.999147 -0.00932491 -7.26846 0.456027 0.0100595 0.88991 153.657
0.445405 0.0214808 -0.895072 -50.2352 -0.0313484 0.999474 0.00838725 -9.86291 0.894781 0.0243233 0.445843 152.068
-0.845785 -0.0398163 0.532037 -44.5361 0.0715628 -0.996667 0.0391755 -7.67365 0.528703 0.0712082 0.845815 153.447
0.320233 0.0212627 -0.947101 -50.6197 -0.0130364 0.999753 0.0180373 -10.3459 0.947249 0.00657062 0.320431 151.535
-0.913387 -0.021786 0.406511 -44.7102 0.0545587 -0.99611 0.0692024 -7.59195 0.403422 0.0853873 0.911022 154.33
0.170732 0.00930899 -0.985274 -50.5592 0.0801731 0.996509 0.0233082 -11.059 0.98205 -0.0829719 0.16939 151.432
-0.896642 -0.0673725 0.437602 -43.6032 0.134131 -0.983244 0.123453 -7.69524 0.421952 0.169389 0.890654 154.925
0.272744 0.0378267 -0.961344 -51.9052 0.076608 0.9952 0.0608939 -10.6172 0.959032 -0.090255 0.268537 152.438
-0.937471 -0.0961746 0.334515 -44.7501 0.164684 -0.969249 0.182857 -7.33523 0.306642 0.226512 0.92448 156.381
0.213925 0.048572 -0.975643 -52.6669 0.14975 0.985327 0.0818895 -10.582 0.965304 -0.16362 0.203512 153.542
-0.902033 -0.0929877 0.421534 -45.5925 0.178917 -0.969231 0.169055 -7.26749 0.392844 0.227913 0.890915 157.226
0.280385 0.0203794 -0.959672 -53.4096 0.148019 0.986899 0.0642043 -10.4452 0.948406 -0.160052 0.273695 154.757
-0.956409 -0.128427 0.26228 -45.3837 0.203838 -0.936717 0.284627 -6.947 0.209128 0.325682 0.922061 159.414
0.257395 0.0569788 -0.964626 -54.693 0.192896 0.975138 0.109071 -10.2606 0.946858 -0.214147 0.240004 156.024
-0.91466 -0.0393583 0.402305 -45.4376 0.109446 -0.982187 0.152741 -7.31324 0.389128 0.183737 0.902674 160.853
0.245165 0.0816729 -0.966036 -55.6805 0.176178 0.976101 0.127235 -9.95838 0.953339 -0.201387 0.224917 157.073
0.243022 -0.398102 0.884566 -47.9592 0.63286 -0.626024 -0.455613 -15.9987 0.735139 0.67053 0.0998049 151.483
0.264769 0.396766 -0.878906 -58.5314 0.60768 0.639039 0.471545 -17.6085 0.748747 -0.658944 -0.0719084 148.065
0.403089 -0.377047 0.83388 -52.1883 0.584993 -0.594561 -0.551617 -24.8441 0.703777 0.710164 -0.0190918 141.546
0.121077 0.400347 -0.90833 -61.9867 0.710652 0.603921 0.360907 -26.7631 0.693047 -0.689204 -0.211386 136.706
0.596814 -0.375605 0.709038 -57.9862 0.4391 -0.586717 -0.680408 -34.067 0.671569 0.717415 -0.185233 129.973
-0.197403 0.378081 -0.904482 -65.4838 0.774926 0.625284 0.0922469 -38.0944 0.600435 -0.682697 -0.416418 124.912
0.474037 -0.392159 0.788353 -59.6597 0.497346 -0.619582 -0.607261 -44.1203 0.726592 0.679948 -0.0986665 119.391
-0.319453 0.392652 -0.862424 -67.0244 0.781239 0.624211 -0.0051845 -49.2115 0.536298 -0.675415 -0.506161 114.153
0.446506 -0.403247 0.798765 -60.9314 0.507902 -0.620721 -0.597279 -55.2532 0.73666 0.672382 -0.0723459 108.456
-0.307202 0.427849 -0.850043 -68.2166 0.789128 0.613771 0.0237398 -60.1333 0.531888 -0.663499 -0.526178 103.097
0.451369 -0.414066 0.790453 -62.789 0.458537 -0.652299 -0.603532 -66.028 0.765513 0.634867 -0.104564 96.8218
-0.308776 0.430218 -0.848275 -69.5346 0.778587 0.626595 0.0343805 -71.5393 0.546316 -0.64984 -0.528439 91.3251
0.582395 -0.426419 0.692087 -65.9845 0.408016 -0.583026 -0.70257 -77.8051 0.703093 0.691556 -0.165566 84.034
-0.280319 0.464081 -0.840269 -72.8647 0.818098 0.573412 0.0437732 -83.3985 0.502134 -0.675151 -0.540401 78.6581
0.614623 -0.424515 0.664851 -69.3375 0.346513 -0.611868 -0.711019 -89.765 0.708638 0.667387 -0.228969 71.2511
-0.344169 0.463256 -0.816666 -76.0545 0.76959 0.637451 0.0372657 -95.0793 0.537848 -0.615672 -0.575907 65.0981
0.561467 -0.450379 0.694201 -72.2127 0.409665 -0.577611 -0.706074 -101.497 0.718979 0.680827 -0.139805 58.2336
-0.123954 0.488039 -0.863976 -80.0472 0.758345 0.60813 0.234718 -105.282 0.639961 -0.626097 -0.445481 52.6848
0.613118 -0.459403 0.642679 -76.8498 0.37981 -0.541916 -0.749715 -111.852 0.692698 0.70376 -0.157772 46.0122
-0.0406713 0.484889 -0.87363 -85.0597 0.740662 0.601498 0.299367 -114.722 0.670646 -0.634889 -0.383602 40.8432
0.542728 -0.484482 0.686094 -81.4635 0.437423 -0.534302 -0.723314 -121.355 0.717013 0.692676 -0.0780571 34.5472
0.0287317 0.527908 -0.848816 -89.6374 0.775702 0.523799 0.352026 -124.267 0.630445 -0.668542 -0.394449 30.2343
0.30231 -0.528105 0.793546 -83.8011 0.658259 -0.486455 -0.574507 -130.592 0.689424 0.696037 0.200569 26.204
0.034685 0.569258 -0.821428 -91.4808 0.699372 0.573312 0.426842 -132.578 0.713917 -0.589288 -0.378237 20.7893
0.342258 -0.533797 0.773254 -86.2864 0.652006 -0.457651 -0.60452 -139.825 0.67657 0.711068 0.191403 17.0432
0.0927935 0.564696 -0.820066 -94.3245 0.649806 0.589698 0.479593 -140.664 0.754415 -0.577387 -0.312222 11.6303
0.30871 -0.532248 0.788296 -88.7099 0.667088 -0.469615 -0.578322 -147.704 0.678005 0.704397 0.210081 8.31936
0.141048 0.536974 -0.831724 -97.4307 0.710749 0.529902 0.462645 -148.902 0.68916 -0.656402 -0.306912 3.93818
0.371563 -0.478758 0.795445 -92.1528 0.691169 -0.429396 -0.581297 -156.368 0.61986 0.765775 0.171355 0.477785
0.219585 0.531244 -0.818269 -100.405 0.624017 0.568246 0.536378 -156.067 0.749924 -0.628394 -0.206726 -3.8246
0.38998 -0.456205 0.799871 -95.5924 0.69673 -0.421764 -0.580245 -163.335 0.602066 0.783578 0.153371 -6.80523
0.47859 0.582125 -0.657331 -104.023 0.375158 0.541289 0.752505 -159.705 0.793857 -0.606744 0.0406669 -9.89698
0.310626 -0.488686 0.815291 -98.5877 0.759899 -0.387596 -0.521847 -167.414 0.571022 0.781637 0.250953 -11.8171
0.527695 0.565761 -0.633603 -107.3 0.374819 0.51428 0.771381 -163.695 0.762265 -0.644541 0.0593254 -14.4345
0.166357 -0.549311 0.818892 -99.7413 0.744252 -0.47483 -0.469709 -170.583 0.64685 0.687601 0.329834 -17.1928
0.429737 0.574042 -0.696996 -109.635 0.443464 0.538224 0.716699 -168.616 0.786554 -0.617084 -0.023272 -20.1334
0.252497 -0.529071 0.810142 -102.387 0.697085 -0.481209 -0.531518 -175.932 0.671058 0.698945 0.247303 -23.3425
0.382323 0.557109 -0.737198 -112.442 0.474449 0.566257 0.673983 -173.961 0.792924 -0.607441 -0.0478264 -26.4763
0.201166 -0.509488 0.836633 -104.887 0.718766 -0.5035 -0.479443 -180.688 0.665514 0.697791 0.264915 -29.7448
0.42098 0.536182 -0.731633 -115.292 0.439252 0.585203 0.681614 -178.941 0.793621 -0.608316 0.0108405 -32.6302
0.219266 -0.527716 0.820633 -109.301 0.667125 -0.532663 -0.520784 -186.303 0.711946 0.661655 0.235257 -36.6327
0.288453 0.563156 -0.774372 -117.483 0.547052 0.566822 0.615994 -185.954 0.78583 -0.601306 -0.144574 -41.5707
0.283131 -0.54202 0.791234 -112.79 0.661976 -0.486523 -0.570162 -193.541 0.693992 0.685208 0.221054 -45.7128
0.249179 0.571019 -0.782207 -121.076 0.568731 0.567462 0.595428 -193.856 0.783872 -0.593234 -0.183356 -51.2195
0.349542 -0.536279 0.768262 -116.76 0.607408 -0.494617 -0.62162 -201.626 0.713356 0.68393 0.15285 -55.8261
0.254928 0.631321 -0.732425 -125.214 0.533221 0.540095 0.651133 -200.252 0.806652 -0.556536 -0.198948 -60.5367
0.0675708 -0.647178 0.759339 -118.356 0.714097 -0.500147 -0.489816 -206.829 0.696778 0.575339 0.428352 -61.5646
0.312822 0.620618 -0.719011 -126.782 0.505958 0.531775 0.679134 -204.793 0.803834 -0.576237 -0.147655 -66.7858
0.0339307 -0.565011 0.824386 -119.69 0.751295 -0.529555 -0.393864 -212.165 0.659095 0.632721 0.406521 -67.5499
0.35064 0.523681 -0.776409 -129.027 0.459769 0.626 0.629872 -209.564 0.815883 -0.577827 -0.0212708 -72.3447
-0.277844 -0.484713 0.829371 -119.531 0.712176 -0.683341 -0.160785 -213.322 0.644678 0.545985 0.535062 -72.1755
0.568582 0.454957 -0.685368 -128.653 0.346998 0.622754 0.701264 -210.099 0.74586 -0.636547 0.196218 -72.8274
-0.222134 -0.449851 0.865038 -119.158 0.66932 -0.715493 -0.200207 -213.195 0.708991 0.534514 0.460029 -73.6113
0.740712 0.416235 -0.527347 -127.944 0.182424 0.630846 0.75416 -209.638 0.646582 -0.654815 0.391344 -71.937
-0.280934 -0.482933 0.829369 -117.274 0.637132 -0.740119 -0.215147 -213.639 0.717733 0.467975 0.515616 -72.436
0.666453 0.466041 -0.581934 -128.571 0.121666 0.702098 0.701611 -208.392 0.735553 -0.538391 0.411214 -71.683
-0.333046 -0.448702 0.829305 -116.543 0.484223 -0.836072 -0.257902 -213.061 0.80908 0.315675 0.495721 -71.8411
0.517702 0.549119 -0.65609 -128.61 -0.0587535 0.787861 0.613045 -206.51 0.853541 -0.278827 0.44014 -72.5591
-0.488691 -0.53772 0.687052 -116.86 0.421754 -0.834965 -0.353496 -211.861 0.763745 0.117016 0.634823 -70.9695
0.420471 0.544236 -0.725956 -129.081 -0.0597124 0.814987 0.576395 -205.675 0.905339 -0.199009 0.375176 -72.2918
-0.216525 -0.588702 0.778812 -117.726 0.392488 -0.782922 -0.482689 -212.942 0.893908 0.20116 0.400579 -73.7525
0.610477 0.602287 -0.514364 -127.691 -0.301716 0.777296 0.552069 -205.771 0.732315 -0.181834 0.65624 -71.1013
-0.174302 -0.522413 0.834688 -118.046 0.378986 -0.817958 -0.432801 -211.535 0.908839 0.240896 0.340558 -72.5147
0.427543 0.552097 -0.715819 -128.137 -0.138573 0.822507 0.551617 -206.009 0.893311 -0.136646 0.428163 -72.2299
-0.309946 -0.526792 0.79147 -118.975 0.421868 -0.822229 -0.382059 -210.805 0.852034 0.215478 0.477082 -71.6318
0.314378 0.539396 -0.781165 -127.482 -0.0101102 0.824744 0.565418 -206.029 0.949244 -0.169857 0.264735 -72.8218
-0.363035 -0.540712 0.758839 -119.598 0.501169 -0.799878 -0.330191 -210.131 0.785517 0.260435 0.56137 -71.352
0.295656 0.506243 -0.810127 -129.2 0.00926486 0.84648 0.532341 -205.217 0.95525 -0.164895 0.245577 -72.4658
-0.23823 -0.496242 0.83486 -118.79 0.382573 -0.838056 -0.388974 -209.968 0.892684 0.226729 0.389499 -71.3216
0.212714 0.503409 -0.837456 -127.976 0.0428629 0.851439 0.522701 -205.753 0.976174 -0.147081 0.159536 -72.1246
-0.331694 -0.502775 0.798246 -118.678 0.425887 -0.834823 -0.348845 -209.91 0.841784 0.224252 0.49103 -70.2101
0.331385 0.505812 -0.796454 -127.678 0.0122354 0.841777 0.539687 -205.282 0.943416 -0.188589 0.272764 -70.8767
-0.0955677 -0.529678 0.842798 -119.133 0.384396 -0.800635 -0.459591 -210.014 0.918209 0.280046 0.28012 -70.6612
0.0714574 0.541925 -0.837384 -128.161 0.209116 0.812733 0.543817 -205.753 0.975277 -0.21397 -0.0552485 -72.573
0.0767177 -0.529121 0.845072 -119.127 0.314696 -0.791395 -0.524082 -210.559 0.946087 0.306147 0.105797 -71.9362
0.0600029 0.559326 -0.826773 -127.846 0.202702 0.804181 0.558754 -205.519 0.9774 -0.201116 -0.0651228 -72.6584
0.296486 -0.546209 0.783424 -118.787 0.0816225 -0.802814 -0.590618 -211.004 0.951543 0.239054 -0.19344 -73.6685
0.121983 0.565026 -0.816007 -129.106 0.123097 0.807187 0.57732 -204.472 0.984869 -0.170871 0.0289112 -71.7298
0.329632 -0.563172 0.757747 -119.058 -0.00253217 -0.80313 -0.595799 -210.966 0.944106 0.194476 -0.266164 -73.7457
0.129629 0.582537 -0.802401 -128.631 0.0416858 0.805312 0.591385 -205.298 0.990686 -0.110109 0.0801088 -71.5907
0.343635 -0.540613 0.767888 -117.535 -0.00427447 -0.818575 -0.574385 -211.958 0.939093 0.194097 -0.283603 -74.1998
0.146633 0.570018 -0.808443 -130.409 0.0849318 0.807004 0.584408 -204.116 0.985538 -0.154356 0.0699213 -71.3327
0.305826 -0.562835 0.767911 -116.121 0.00112475 -0.806341 -0.59145 -213.158 0.952087 0.181744 -0.245967 -74.2995
0.195243 0.536325 -0.821119 -131.204 0.198549 0.798281 0.568619 -203.678 0.960447 -0.274051 0.0493724 -71.3972
0.375466 -0.528618 0.761307 -116.556 0.123442 -0.785565 -0.606342 -212.8 0.918579 0.321638 -0.2297 -74.2731
0.257078 0.561002 -0.786885 -130.316 0.14363 0.783028 0.605177 -203.309 0.955658 -0.268598 0.120724 -71.28
0.243749 -0.565184 0.788134 -117.103 0.107966 -0.79178 -0.60119 -212.751 0.96381 0.231631 -0.131975 -73.5727
0.423877 0.456334 -0.782361 -129.996 0.241489 0.775589 0.583221 -205.243 0.872933 -0.436145 0.218555 -70.1167
0.343464 -0.539457 0.768778 -116.446 0.0269532 -0.812576 -0.582233 -212.879 0.938779 0.220697 -0.264551 -74.5339
0.424008 0.447639 -0.787297 -130.534 0.233594 0.785841 0.572616 -205.198 0.875015 -0.426702 0.228638 -69.6504
0.369076 -0.524382 0.767338 -116.22 0.0937427 -0.800414 -0.592074 -213.308 0.92466 0.290452 -0.246257 -74.466
0.382564 0.54552 -0.74569 -129.773 0.00389684 0.806126 0.591733 -204.536 0.923921 -0.229281 0.306269 -69.2567
0.466635 -0.514304 0.719544 -116.318 0.0271364 -0.804841 -0.59287 -214.195 0.884034 0.296179 -0.361611 -75.3937
0.331965 0.5218 -0.785827 -128.962 0.122656 0.802119 0.584433 -204.637 0.935284 -0.290397 0.202274 -70.6662
0.419179 -0.552118 0.720732 -115.925 0.0377772 -0.782548 -0.621444 -214.106 0.907118 0.287723 -0.307171 -75.1036
0.379251 0.49644 -0.780844 -129.753 0.145703 0.801319 0.580225 -205.059 0.913751 -0.333822 0.231568 -69.8571
0.480086 -0.502724 0.718879 -115.468 0.0411354 -0.805692 -0.590905 -214.142 0.876257 0.313256 -0.366122 -75.8438
0.2755 0.508293 -0.815928 -129.33 0.144515 0.81723 0.5579 -205.946 0.950377 -0.271615 0.151691 -71.2254
0.4144 -0.519192 0.747471 -116.832 0.0736609 -0.799483 -0.596157 -214.344 0.907109 0.302106 -0.293062 -74.8686
0.206579 0.551194 -0.8084 -128.225 0.11423 0.806986 0.57942 -207.18 0.971739 -0.212039 0.103744 -71.9263
0.375679 -0.531322 0.759318 -116.639 0.0907892 -0.794293 -0.600714 -214.75 0.922292 0.294614 -0.250162 -74.6933
0.200449 0.535159 -0.820625 -127.112 0.150407 0.810885 0.565547 -208.484 0.96809 -0.236791 0.0820503 -72.2176
0.417666 -0.509108 0.752572 -117.575 0.0885224 -0.801535 -0.59136 -214.179 0.904278 0.313611 -0.289707 -74.7327
0.298885 0.515734 -0.802924 -127.444 0.0310743 0.835678 0.548341 -209.016 0.953783 -0.188841 0.233746 -71.071
0.394616 -0.517241 0.759434 -118.914 0.0611815 -0.809883 -0.583393 -213.369 0.916807 0.276679 -0.287947 -74.0015
0.321514 0.497107 -0.805924 -126.753 0.0178938 0.847773 0.530059 -209.775 0.946736 -0.184842 0.263676 -71.002
0.241109 -0.504303 0.829184 -119.598 0.155512 -0.823274 -0.545928 -213.509 0.957958 0.260576 -0.120074 -72.6533
0.392772 0.492735 -0.776494 -127.027 0.0320373 0.836506 0.547022 -210.198 0.919078 -0.239731 0.31277 -70.3691
