1 0 0 0 0 1 0 0 0 0 1 0
<<<<<<< HEAD
0.999935 -0.000243766 0.0113719 0.00771908 0.000239554 1 0.000371773 -0.00400318 -0.011372 -0.000369025 0.999935 0.295039
0.999838 -0.000563145 0.018003 0.0185038 0.000554626 1 0.000478187 -0.0033173 -0.0180033 -0.000468124 0.999838 0.587638
0.999796 -0.000423014 0.0202041 0.0235081 0.000412839 1 0.000507792 -0.0012427 -0.0202043 -0.000499348 0.999796 0.887618
0.999834 -0.000691974 0.0182293 0.0245735 0.000683402 1 0.000476462 -0.000798544 -0.0182296 -0.000463925 0.999834 1.19199
0.999935 -0.0010476 0.0113538 0.0245254 0.00104109 0.999999 0.000579175 -0.00698954 -0.0113544 -0.000567317 0.999935 1.50951
0.999999 -0.00108623 -0.000911318 0.0184989 0.00108682 0.999999 0.000648889 -0.00909634 0.00091061 -0.000649878 0.999999 1.82773
0.999856 -0.00155793 -0.0169168 0.00104687 0.00157089 0.999998 0.000752854 -0.00964188 0.0169156 -0.00077932 0.999857 2.15423
0.999339 0.00220648 -0.0362786 -0.0349799 -0.00216241 0.999997 0.00125416 -0.0155683 0.0362813 -0.00117488 0.999341 2.49432
0.998423 0.00298951 -0.0560587 -0.0721282 -0.00291288 0.999995 0.00144856 -0.0173981 0.0560627 -0.00128298 0.998426 2.84437
0.997115 0.00348988 -0.0758186 -0.113071 -0.00335254 0.999992 0.00193864 -0.02504 0.0758248 -0.00167887 0.99712 3.202
0.995307 0.00364643 -0.0967017 -0.160336 -0.00341205 0.999991 0.00258899 -0.032125 0.0967103 -0.00224689 0.99531 3.58873
0.993197 0.00353459 -0.116395 -0.213086 -0.00319063 0.99999 0.00314127 -0.0364338 0.116405 -0.00274852 0.993198 3.9746
0.990978 0.00339975 -0.13398 -0.277823 -0.00296938 0.99999 0.00341195 -0.0339357 0.13399 -0.00298333 0.990978 4.36893
0.988687 0.00351451 -0.149949 -0.348936 -0.00295698 0.999988 0.00394094 -0.0363107 0.149961 -0.00345296 0.988686 4.78703
0.986567 0.00393813 -0.163306 -0.427966 -0.00329793 0.999986 0.0041912 -0.0366665 0.16332 -0.00359633 0.986567 5.19961
0.984412 0.00434164 -0.175821 -0.516302 -0.0035858 0.999983 0.00461642 -0.0420617 0.175838 -0.00391401 0.984411 5.63691
0.982611 0.00514888 -0.185604 -0.604452 -0.00428063 0.999978 0.00507838 -0.0391645 0.185626 -0.00419557 0.982611 6.08194
0.98103 0.00471425 -0.193797 -0.701887 -0.00383494 0.999981 0.00491214 -0.0360025 0.193817 -0.00407576 0.981029 6.52725
0.979416 0.00463889 -0.201796 -0.812059 -0.00369677 0.99998 0.00504531 -0.0379061 0.201816 -0.00419546 0.979414 7.00864
0.97777 0.00508179 -0.209617 -0.922836 -0.00401909 0.999977 0.00549537 -0.0428941 0.20964 -0.00453074 0.977768 7.4792
0.975944 0.000326147 -0.21802 -1.03317 0.000515062 0.999993 0.00380156 -0.0436604 0.21802 -0.0038224 0.975937 7.98108
0.974142 -0.005063 -0.225879 -1.14694 0.00582981 0.999979 0.0027279 -0.0473326 0.22586 -0.00397419 0.974151 8.49525
0.972177 -0.00611223 -0.23417 -1.27728 0.00680943 0.999974 0.00216891 -0.0475904 0.23415 -0.00370312 0.972193 9.00371
0.969964 -0.00285395 -0.24323 -1.42337 0.00227501 0.999994 -0.00266106 -0.0311265 0.243237 0.00202778 0.969965 9.53898
0.967867 0.000414848 -0.251463 -1.57449 -0.00198174 0.99998 -0.0059779 -0.0300132 0.251456 0.00628415 0.967848 10.0797
0.9655 0.000830465 -0.2604 -1.73158 -0.00233478 0.999982 -0.00546768 -0.0423255 0.260391 0.00588702 0.965485 10.6401
0.963143 0.00117123 -0.268988 -1.89391 -0.00265203 0.999983 -0.00514179 -0.0492731 0.268978 0.00566565 0.96313 11.203
0.96095 0.000575894 -0.276723 -2.06546 -0.00226161 0.999981 -0.0057726 -0.0581275 0.276714 0.00617302 0.960932 11.7706
0.958452 0.00061835 -0.285251 -2.24904 -0.00253433 0.999977 -0.00634773 -0.0723504 0.285241 0.00680692 0.958432 12.3655
0.956327 -0.00042679 -0.2923 -2.43722 -0.00312971 0.999927 -0.0116996 -0.0747104 0.292283 0.0121034 0.956255 12.9571
0.954375 -0.00184542 -0.298604 -2.63302 -0.00382375 0.999823 -0.0184003 -0.0843624 0.298585 0.0187026 0.9542 13.5717
0.953011 -0.00362338 -0.302914 -2.83687 -0.00441245 0.999656 -0.0258398 -0.102904 0.302904 0.0259622 0.952667 14.1927
0.951855 -0.00495159 -0.306507 -3.05081 -0.00562355 0.999419 -0.0336094 -0.126753 0.306496 0.0337149 0.951275 14.8165
0.950265 -0.00533903 -0.311395 -3.26785 -0.00844032 0.999044 -0.0428859 -0.144912 0.311327 0.0433813 0.949312 15.4632
0.949044 -0.00566357 -0.315093 -3.49462 -0.0106086 0.998698 -0.0499033 -0.171474 0.314965 0.0507031 0.947748 16.1075
0.947249 -0.00261295 -0.320487 -3.72582 -0.0159437 0.998344 -0.0552638 -0.205029 0.320101 0.0574584 0.945639 16.7761
0.945506 -0.00207465 -0.325599 -3.97004 -0.0188197 0.99796 -0.0610092 -0.244223 0.325061 0.0638122 0.943538 17.4445
0.943871 -2.44934e-05 -0.330313 -4.21923 -0.0226224 0.997647 -0.0647174 -0.291741 0.329538 0.0685574 0.94165 18.1149
0.941932 0.00244663 -0.335795 -4.47987 -0.0266965 0.997354 -0.067619 -0.340822 0.334741 0.0726571 0.939505 18.8154
0.940095 0.00296664 -0.340899 -4.7417 -0.0279412 0.997268 -0.0683747 -0.3878 0.339764 0.0738038 0.93761 19.5018
0.937707 0.00326169 -0.34741 -5.01576 -0.0284952 0.997309 -0.0675491 -0.442224 0.346255 0.0732408 0.935277 20.2239
0.935297 0.00319883 -0.353848 -5.29198 -0.0285876 0.997374 -0.0665468 -0.492217 0.352705 0.0723567 0.932933 20.9415
0.932736 0.00338067 -0.360545 -5.57537 -0.0288552 0.997449 -0.0652963 -0.541719 0.359404 0.0713078 0.930454 21.6577
0.929867 0.00333033 -0.367881 -5.86155 -0.0286139 0.997585 -0.0632944 -0.588411 0.366781 0.0693818 0.927716 22.3622
0.925916 0.00591876 -0.377683 -6.19663 -0.0295774 0.997943 -0.056872 -0.636296 0.37657 0.0638296 0.924187 23.1796
0.922625 0.00826677 -0.38561 -6.51477 -0.0304195 0.998216 -0.0513828 -0.688391 0.384497 0.0591371 0.92123 23.897
0.919034 0.00858955 -0.394084 -6.84868 -0.0303297 0.998339 -0.0489712 -0.744366 0.393009 0.0569587 0.917769 24.6468
0.915308 0.00946841 -0.402643 -7.18503 -0.0310922 0.998401 -0.0472022 -0.787694 0.401552 0.0557236 0.914139 25.3866
0.911158 0.010284 -0.41193 -7.54458 -0.0320467 0.998429 -0.0459588 -0.830766 0.41081 0.0550767 0.910056 26.1617
0.907355 0.0104988 -0.420233 -7.89892 -0.0323623 0.998466 -0.044931 -0.865017 0.419116 0.0543681 0.906303 26.9102
0.903167 0.010844 -0.429153 -8.28361 -0.0327689 0.998506 -0.0437326 -0.90327 0.428037 0.0535607 0.902173 27.6994
0.899229 0.0112244 -0.437335 -8.66788 -0.0325922 0.998611 -0.0413848 -0.940237 0.436263 0.0514681 0.898346 28.4828
0.895665 0.0117497 -0.444575 -9.0603 -0.0317334 0.998791 -0.0375347 -0.97691 0.443596 0.0477264 0.894955 29.2595
0.891735 0.0132055 -0.452365 -9.47893 -0.0313056 0.99898 -0.0325497 -1.00942 0.451473 0.0431873 0.891239 30.0738
0.88811 0.0138332 -0.459423 -9.89333 -0.0304764 0.99912 -0.0288304 -1.04184 0.45862 0.0396061 0.887749 30.8604
0.884377 0.0131914 -0.466587 -10.3326 -0.0289454 0.999227 -0.0266132 -1.07464 0.465875 0.0370417 0.884075 31.6879
0.881011 0.0130961 -0.472914 -10.7776 -0.0282638 0.999288 -0.0249811 -1.10301 0.47225 0.035375 0.880754 32.5048
0.877982 0.0128698 -0.47852 -11.2247 -0.0273876 0.999352 -0.0233729 -1.12552 0.477909 0.0336265 0.877765 33.3101
0.874824 0.0119893 -0.484293 -11.6988 -0.0258295 0.999426 -0.0219162 -1.15427 0.483752 0.0316818 0.874631 34.1598
0.872194 0.011415 -0.489026 -12.1748 -0.0249841 0.999462 -0.0212302 -1.1763 0.488521 0.0307347 0.872011 34.9992
0.870228 0.0108952 -0.492528 -12.6523 -0.0242455 0.999491 -0.0207286 -1.20055 0.492051 0.0299801 0.87005 35.8328
0.868736 0.0105819 -0.495162 -13.1583 -0.0239413 0.9995 -0.020644 -1.22024 0.494695 0.029789 0.868556 36.706
0.868371 0.010595 -0.495803 -13.6569 -0.0233512 0.999536 -0.019539 -1.24707 0.495365 0.0285446 0.868215 37.561
0.867972 0.0107548 -0.496497 -14.1769 -0.0227096 0.999579 -0.0180484 -1.27098 0.496094 0.0269408 0.867851 38.4562
0.867622 0.0104812 -0.497113 -14.6941 -0.021811 0.999618 -0.0169911 -1.29176 0.496745 0.0255843 0.867519 39.3526
0.867362 0.00915623 -0.497593 -15.2092 -0.0203555 0.999647 -0.0170875 -1.31288 0.497261 0.0249498 0.867242 40.2445
-0.26754 -0.023763 -0.963254 -16.7216 -0.0359092 0.999247 -0.0146773 -1.46972 0.962877 0.0306629 -0.268191 39.2394
-0.97713 -0.0255709 -0.211098 -17.452 -0.0321326 0.999099 0.0277116 -1.44212 0.210199 0.033861 -0.977072 38.6123
-0.730057 -0.0249443 0.682931 -17.33 -0.0040263 0.999473 0.032202 -1.37993 -0.683374 0.0207596 -0.729773 37.9166
0.12914 -0.00659872 0.991605 -15.9265 0.00997933 0.999936 0.00535454 -1.36763 -0.991576 0.00920406 0.129197 38.3865
0.136387 -0.00789171 0.990624 -14.8961 0.0109254 0.999919 0.00646159 -1.36444 -0.990595 0.00994164 0.136462 38.5353
-0.814775 -0.0595207 0.576714 -13.6791 -0.0398698 0.998114 0.0466843 -0.977736 -0.578404 0.0150437 -0.815611 37.5315
-0.996459 -0.0829688 0.0136098 -13.0331 -0.082725 0.996417 0.0175937 -0.492493 -0.0150204 0.0164056 -0.999753 36.3117
-0.996257 -0.0826515 0.0252968 -13.0089 -0.0821802 0.996434 0.0191379 -0.476172 -0.0267881 0.0169874 -0.999497 35.2265
-0.995962 -0.0823507 0.0357473 -12.9661 -0.081511 0.996375 0.0243467 -0.462465 -0.0376223 0.0213346 -0.999064 34.155
-0.995359 -0.0854043 0.0443521 -12.9038 -0.0842049 0.996048 0.0282451 -0.434658 -0.0465888 0.0243793 -0.998617 33.1086
-0.994895 -0.0863163 0.0522842 -12.8448 -0.084908 0.995979 0.0285875 -0.412593 -0.0545412 0.0240022 -0.998223 32.0267
-0.994543 -0.0864176 0.058457 -12.7731 -0.0850618 0.996054 0.0253011 -0.391996 -0.0604125 0.0201906 -0.997969 30.9669
-0.994176 -0.086618 0.0641229 -12.695 -0.0854547 0.996128 0.0206719 -0.388313 -0.0656649 0.015072 -0.997728 29.9291
-0.993718 -0.0871894 0.0701638 -12.6106 -0.0860043 0.996099 0.0197435 -0.365821 -0.0716112 0.013585 -0.99734 28.8481
-0.993412 -0.0867224 0.0749107 -12.5296 -0.0851591 0.996083 0.0238239 -0.350089 -0.0766831 0.0172877 -0.996906 27.8021
-0.993061 -0.0860226 0.0801898 -12.4355 -0.0839765 0.996059 0.0285545 -0.329861 -0.0823297 0.0216223 -0.996371 26.7115
-0.992634 -0.0861329 0.0851986 -12.3354 -0.0837125 0.995989 0.0315916 -0.306421 -0.0875776 0.0242267 -0.995863 25.6434
-0.992196 -0.0864919 0.0898152 -12.2335 -0.083869 0.995944 0.0325847 -0.284274 -0.0922689 0.0247977 -0.995425 24.5979
-0.991576 -0.0864818 0.0964258 -12.1237 -0.0837419 0.99597 0.0321158 -0.250524 -0.0988143 0.0237704 -0.994822 23.5139
-0.990958 -0.0859952 0.102994 -12.0106 -0.083127 0.996031 0.0318315 -0.224532 -0.105322 0.0229822 -0.994173 22.4452
-0.990291 -0.0857665 0.109397 -11.8899 -0.0827115 0.996054 0.0321732 -0.192211 -0.111724 0.0228125 -0.993477 21.3997
-0.989454 -0.085165 0.117165 -11.7584 -0.0817936 0.996093 0.0332972 -0.160415 -0.119543 0.0233627 -0.992554 20.3045
-0.988605 -0.0849085 0.124302 -11.6154 -0.0812204 0.996101 0.0344523 -0.1268 -0.126743 0.0239638 -0.991646 19.2545
-0.987482 -0.0842538 0.133343 -11.4644 -0.0802158 0.99615 0.0353805 -0.0996549 -0.13581 0.0242414 -0.990438 18.1614
-0.986347 -0.0835468 0.141916 -11.3037 -0.0792002 0.996208 0.036015 -0.0647408 -0.144386 0.0242835 -0.989223 17.0884
-0.985228 -0.0826958 0.149958 -11.1361 -0.0781052 0.996286 0.0362579 -0.0298615 -0.152399 0.0240097 -0.988027 16.0312
-0.983799 -0.082119 0.15936 -10.9578 -0.0772176 0.996338 0.0367195 0.00641042 -0.161792 0.0238192 -0.986537 14.9312
-0.9825 -0.0811475 0.167659 -10.7711 -0.0759493 0.996418 0.0371982 0.0409848 -0.170077 0.0238137 -0.985143 13.8695
-0.980878 -0.0804031 0.177242 -10.5722 -0.0748286 0.996475 0.0379251 0.0774913 -0.179667 0.0239371 -0.983436 12.7656
-0.979227 -0.0798186 0.186396 -10.365 -0.0736969 0.996496 0.0395552 0.114708 -0.1889 0.0249967 -0.981678 11.6772
-0.977574 -0.079179 0.195141 -10.1533 -0.072619 0.996535 0.0405564 0.151793 -0.197675 0.0254759 -0.979936 10.6127
-0.975672 -0.0780419 0.204875 -9.92157 -0.0710793 0.996622 0.0411383 0.188333 -0.207393 0.0255751 -0.977923 9.50382
-0.973778 -0.0772827 0.21397 -9.67825 -0.0700307 0.996691 0.0412791 0.227112 -0.216452 0.0252122 -0.975968 8.4126
-0.971908 -0.0777175 0.222158 -9.42395 -0.0701512 0.996662 0.0417613 0.269093 -0.224662 0.0250035 -0.974116 7.34363
-0.97004 -0.077915 0.230115 -9.15189 -0.069958 0.996642 0.0425499 0.313795 -0.232657 0.0251768 -0.972233 6.22291
-0.968494 -0.078196 0.236444 -8.8811 -0.0698873 0.996613 0.0433329 0.355055 -0.239032 0.0254432 -0.970678 5.14065
-0.966672 -0.0786782 0.243628 -8.59199 -0.0701197 0.996585 0.0436184 0.401777 -0.246228 0.0250815 -0.968887 4.01535
-0.964873 -0.0781463 0.250827 -8.29821 -0.0696543 0.996662 0.0425711 0.440218 -0.253317 0.0236045 -0.967095 2.90869
-0.963185 -0.0773712 0.257464 -8.00404 -0.0688046 0.99674 0.0421316 0.481515 -0.259884 0.0228658 -0.965369 1.82498
-0.9613 -0.0767139 0.26461 -7.68523 -0.0679526 0.996799 0.0421209 0.526242 -0.266994 0.0225099 -0.963435 0.694029
-0.959549 -0.076447 0.270963 -7.36896 -0.0672022 0.996802 0.0432482 0.572608 -0.273402 0.0232895 -0.961618 -0.425968
-0.957896 -0.0759877 0.276879 -7.04362 -0.0662355 0.996815 0.0444202 0.617792 -0.279372 0.0242107 -0.959877 -1.52515
-0.95583 -0.0758676 0.283959 -6.7053 -0.0656673 0.996813 0.0452852 0.661391 -0.28649 0.0246382 -0.957766 -2.65948
-0.95418 -0.0757422 0.289489 -6.37212 -0.0652499 0.99682 0.0457399 0.712913 -0.292032 0.024755 -0.956088 -3.76021
-0.952357 -0.0756541 0.295454 -6.014 -0.0647435 0.996815 0.0465534 0.763011 -0.298035 0.0252067 -0.954222 -4.90316
-0.950834 -0.0747067 0.300556 -5.65746 -0.06349 0.996878 0.0469298 0.814814 -0.303124 0.0255402 -0.952609 -6.02701
-0.949738 -0.0726933 0.304487 -5.29388 -0.0612922 0.99702 0.0468499 0.857837 -0.306985 0.0258325 -0.951363 -7.14455
-0.948033 -0.0692009 0.310555 -4.92285 -0.0579755 0.997292 0.0452444 0.905063 -0.312844 0.0248887 -0.949478 -8.28837
-0.946312 -0.0649149 0.316669 -4.54704 -0.0535584 0.997575 0.0444454 0.953795 -0.318786 0.0250989 -0.947494 -9.41874
-0.944276 -0.0602303 0.323596 -4.17219 -0.0483281 0.997831 0.0446997 0.99949 -0.325586 0.0265701 -0.945139 -10.5405
-0.940961 -0.0554861 0.333937 -3.76973 -0.0427281 0.998053 0.0454354 1.04537 -0.335808 0.0284844 -0.9415 -11.6939
-0.937706 -0.0539563 0.343214 -3.36712 -0.0401578 0.998078 0.0471904 1.09196 -0.345101 0.030468 -0.938071 -12.8142
-0.933518 -0.0532873 0.354549 -2.92914 -0.0385292 0.998077 0.0485609 1.15419 -0.356455 0.031672 -0.933776 -13.9676
-0.929377 -0.0529098 0.36532 -2.47875 -0.0373339 0.998072 0.0495747 1.19818 -0.367238 0.0324348 -0.929561 -15.0999
-0.9253 -0.0532656 0.375475 -2.02965 -0.0371675 0.998058 0.049993 1.259 -0.377409 0.0323031 -0.925483 -16.2104
-0.920357 -0.0526946 0.387513 -1.5465 -0.0363351 0.998117 0.0494283 1.31423 -0.389387 0.0314114 -0.920538 -17.3514
-0.91568 -0.0521784 0.398507 -1.06046 -0.0354113 0.998155 0.0493258 1.37609 -0.400345 0.031055 -0.915838 -18.481
-0.911377 -0.0499998 0.408524 -0.567873 -0.0321026 0.998205 0.0505539 1.4244 -0.410318 0.032959 -0.911347 -19.5905
-0.906062 -0.049281 0.420264 -0.0384091 -0.0303202 0.998203 0.0516829 1.48504 -0.422055 0.0340854 -0.905929 -20.7376
-0.900822 -0.0483056 0.431492 0.499513 -0.0286035 0.998235 0.0520373 1.53992 -0.433244 0.0345342 -0.900615 -21.8549
-0.895999 -0.0480944 0.441443 1.03869 -0.0278103 0.998244 0.05231 1.59921 -0.443183 0.0345931 -0.895763 -22.9448
-0.890143 -0.0475754 0.453191 1.62094 -0.0269059 0.998287 0.0519511 1.66151 -0.454886 0.0340504 -0.889898 -24.0772
-0.885373 -0.0471258 0.462486 2.19229 -0.0261269 0.99832 0.0517088 1.71722 -0.464146 0.0336982 -0.885117 -25.1602
-0.879624 -0.0471338 0.473328 2.81189 -0.0255811 0.998326 0.0518734 1.77961 -0.47498 0.0335209 -0.879358 -26.2877
-0.874751 -0.0476216 0.482226 3.42182 -0.024731 0.99825 0.0537191 1.84164 -0.48394 0.0350649 -0.874398 -27.3951
-0.870999 -0.047536 0.488979 4.03011 -0.0232068 0.998178 0.0557004 1.90136 -0.490736 0.0371674 -0.870515 -28.4798
-0.866272 -0.047229 0.497335 4.67788 -0.0222737 0.998183 0.0559947 1.96347 -0.499076 0.0374292 -0.86575 -29.5969
-0.862133 -0.0462763 0.504564 5.32222 -0.0210965 0.998236 0.0555066 2.02655 -0.506242 0.0372096 -0.861588 -30.6916
-0.85888 -0.0440914 0.510275 5.95786 -0.0188384 0.998333 0.0545549 2.08671 -0.51183 0.0372434 -0.858279 -31.7696
-0.854832 -0.0428023 0.517136 6.62291 -0.0178402 0.998427 0.0531478 2.15556 -0.518598 0.0362067 -0.854251 -32.8743
-0.852255 -0.0416872 0.521463 7.28015 -0.0170809 0.998506 0.0519072 2.2133 -0.522848 0.0353311 -0.851693 -33.9458
-0.849136 -0.0399111 0.526664 7.94652 -0.0146988 0.998541 0.0519716 2.27335 -0.527969 0.0363897 -0.848483 -35.035
-0.846633 -0.0395668 0.530704 8.6219 -0.0119717 0.998396 0.0553373 2.33244 -0.532042 0.040497 -0.845749 -36.1108
-0.845135 -0.037727 0.53322 9.29667 -0.00811738 0.998297 0.057767 2.39588 -0.534491 0.0444926 -0.844002 -37.1732
-0.842729 -0.0375864 0.537024 9.96373 -0.00680628 0.998224 0.059185 2.45622 -0.538295 0.0462218 -0.841488 -38.2298
-0.84101 -0.0367428 0.53977 10.6426 -0.0050467 0.998181 0.0600842 2.51749 -0.540995 0.0478074 -0.839666 -39.2779
-0.840198 -0.0358574 0.541093 11.3205 -0.00269747 0.998076 0.0619524 2.58357 -0.542273 0.0505927 -0.838678 -40.3313
-0.838337 -0.0350334 0.544025 11.9963 -0.00053792 0.997986 0.0634381 2.65007 -0.545151 0.0528899 -0.836668 -41.3675
-0.837721 -0.0340968 0.545034 12.6732 0.0010591 0.997946 0.0640585 2.7062 -0.546098 0.0542404 -0.835963 -42.4031
-0.835939 -0.03308 0.547824 13.3385 0.00283893 0.997908 0.06459 2.77439 -0.548814 0.0555486 -0.834096 -43.4201
-0.834722 -0.0319286 0.549745 14.0056 0.00620679 0.997709 0.0673702 2.83752 -0.550636 0.0596475 -0.832612 -44.4334
-0.834332 -0.0307304 0.550405 14.6713 0.00871062 0.997586 0.0689016 2.91047 -0.551194 0.0622812 -0.83205 -45.4298
-0.832723 -0.0304067 0.552854 15.3331 0.00958323 0.99755 0.0692994 2.98169 -0.553606 0.0630053 -0.830392 -46.4189
-0.832138 -0.029678 0.553775 15.9897 0.0102952 0.997569 0.0689321 3.0524 -0.554474 0.0630622 -0.829809 -47.3976
-0.832437 -0.0287132 0.553376 16.6386 0.0109524 0.997609 0.0682388 3.11872 -0.554012 0.0628653 -0.830132 -48.3625
-0.832112 -0.028687 0.553866 17.2807 0.0105827 0.997659 0.0675719 3.18965 -0.554507 0.0620888 -0.82986 -49.3168
-0.833959 -0.0291478 0.551056 17.9146 0.00952639 0.997695 0.0671897 3.25956 -0.551744 0.0612831 -0.831759 -50.26
-0.835879 -0.0299798 0.548095 18.5418 0.00803838 0.997732 0.0668332 3.32829 -0.548855 0.0602702 -0.833742 -51.2001
-0.839 -0.0302145 0.543292 19.1595 0.0069642 0.997779 0.0662449 3.39317 -0.544087 0.059363 -0.836926 -52.1355
-0.843073 -0.0305249 0.536932 19.7745 0.00597137 0.997795 0.0661013 3.46136 -0.537766 0.0589345 -0.841032 -53.0733
-0.846492 -0.0317532 0.531454 20.3704 0.00447443 0.997761 0.0667408 3.52397 -0.532383 0.0588735 -0.844454 -54.0124
-0.851261 -0.0327859 0.523718 20.9641 0.00280008 0.997749 0.0670126 3.59454 -0.524735 0.0585117 -0.849252 -54.9517
-0.856907 -0.0329087 0.514419 21.5473 0.00197476 0.997743 0.0671178 3.66215 -0.515466 0.0585296 -0.854908 -55.8902
-0.861827 -0.0336673 0.506084 22.108 0.000607285 0.997726 0.0674079 3.72832 -0.507202 0.0584013 -0.859846 -56.8318
-0.867805 -0.0338517 0.49575 22.6611 -0.000790967 0.99777 0.0667469 3.79536 -0.496904 0.0575313 -0.865896 -57.7823
-0.872761 -0.034931 0.486897 23.196 -0.00361607 0.997872 0.0651076 3.8558 -0.488135 0.0550628 -0.871029 -58.7214
-0.878974 -0.0358512 0.475519 23.7243 -0.00602408 0.997925 0.0641021 3.91726 -0.476831 0.0534795 -0.877366 -59.6729
-0.886036 -0.0380886 0.46205 24.2431 -0.00930251 0.99788 0.0644205 3.97841 -0.463523 0.0527807 -0.884511 -60.6306
-0.892173 -0.0402664 0.449895 24.7398 -0.0119755 0.997777 0.0655544 4.03504 -0.451535 0.0530982 -0.890672 -61.5893
-0.899194 -0.0412278 0.435603 25.2226 -0.013539 0.997696 0.0664795 4.09969 -0.43734 0.0538804 -0.897681 -62.5634
-0.904745 -0.0422836 0.423849 25.6876 -0.015376 0.997655 0.0667055 4.15828 -0.425675 0.0538345 -0.903273 -63.527
-0.910411 -0.0425965 0.411505 26.1346 -0.0167975 0.997671 0.0661099 4.22086 -0.413363 0.053275 -0.909006 -64.4923
-0.916426 -0.0425398 0.397937 26.5599 -0.0180521 0.997717 0.0650837 4.28348 -0.399797 0.0524609 -0.915101 -65.4651
-0.921316 -0.0412103 0.386624 26.9757 -0.0176641 0.997777 0.06426 4.34318 -0.388413 0.0523745 -0.919996 -66.4239
-0.926309 -0.0412815 0.374495 27.3724 -0.0185775 0.997775 0.0640359 4.39985 -0.376305 0.0523599 -0.925015 -67.3836
-0.931449 -0.0420906 0.36143 27.7642 -0.019783 0.997676 0.065202 4.46179 -0.363334 0.0535822 -0.930117 -68.3493
-0.935442 -0.043593 0.350781 28.1307 -0.0208859 0.997449 0.0682598 4.52013 -0.352862 0.0565268 -0.933966 -69.2977
-0.939988 -0.0440155 0.338355 28.4847 -0.0218457 0.997374 0.0690549 4.58087 -0.340506 0.0575192 -0.938481 -70.2437
-0.943848 -0.0460798 0.327149 28.8265 -0.0252089 0.997384 0.0677544 4.63807 -0.329415 0.0557028 -0.94254 -71.1857
-0.947694 -0.0478005 0.315579 29.1511 -0.0281529 0.997388 0.0665292 4.69173 -0.317935 0.0541649 -0.946564 -72.1185
-0.951751 -0.0480277 0.303088 29.4531 -0.0290964 0.997351 0.0666734 4.74706 -0.305487 0.0546378 -0.950627 -73.0447
-0.955118 -0.0488759 0.292164 29.7526 -0.030088 0.997201 0.0684595 4.79897 -0.294692 0.0565963 -0.953914 -73.9854
-0.958447 -0.0493526 0.280968 30.0317 -0.0309247 0.997093 0.0696497 4.86056 -0.283589 0.0580667 -0.957186 -74.9112
-0.961775 -0.0494818 0.269335 30.2988 -0.0316162 0.997027 0.0702734 4.91732 -0.272011 0.0590719 -0.960479 -75.8295
-0.964313 -0.0497157 0.260054 30.5613 -0.0324542 0.997001 0.0702569 4.9835 -0.262767 0.0593098 -0.963035 -76.7506
-0.967095 -0.0503669 0.249379 30.8046 -0.0336322 0.996915 0.07092 5.0425 -0.252182 0.0601992 -0.965805 -77.6639
-0.969273 -0.0515405 0.240526 31.0377 -0.0349804 0.996747 0.0726209 5.10528 -0.243486 0.0619758 -0.967922 -78.5704
-0.971638 -0.0527289 0.23052 31.2629 -0.036405 0.996557 0.0745043 5.16424 -0.233655 0.0639991 -0.970211 -79.4742
-0.97423 -0.0528208 0.219283 31.472 -0.0371194 0.996484 0.0751184 5.22665 -0.22248 0.065043 -0.972765 -80.3684
-0.976297 -0.0536879 0.20967 31.666 -0.0385889 0.996403 0.0754544 5.28196 -0.212966 0.065575 -0.974856 -81.2481
-0.978556 -0.0557431 0.198294 31.8535 -0.0412937 0.996232 0.0762751 5.34797 -0.201798 0.0664512 -0.97717 -82.1214
-0.981139 -0.0567947 0.184772 32.0287 -0.0429215 0.996011 0.0782375 5.40554 -0.188478 0.0688311 -0.979662 -82.9987
-0.983461 -0.0582169 0.171508 32.186 -0.0449138 0.995747 0.0804524 5.46495 -0.175462 0.0714187 -0.981892 -83.8565
-0.986083 -0.0590999 0.155397 32.3278 -0.0468796 0.995598 0.0811634 5.5267 -0.159509 0.0727489 -0.984512 -84.7158
-0.988198 -0.0595296 0.141143 32.4575 -0.0484209 0.995548 0.0808766 5.59239 -0.14533 0.0730877 -0.98668 -85.5546
-0.990238 -0.059857 0.125877 32.5693 -0.049945 0.995505 0.0804787 5.6553 -0.130129 0.0734062 -0.988776 -86.3909
-0.992197 -0.0603181 0.109116 32.6664 -0.0516759 0.995425 0.080368 5.72131 -0.113464 0.0741022 -0.990775 -87.2373
-0.993798 -0.0605202 0.0932929 32.7486 -0.0530102 0.995306 0.0809785 5.78602 -0.0977557 0.0755307 -0.99234 -88.0677
-0.995305 -0.0607074 0.0753764 32.8207 -0.0545004 0.995155 0.0818385 5.8511 -0.0799794 0.0773463 -0.993791 -88.9169
-0.996358 -0.0609402 0.0596334 32.8751 -0.0558941 0.994989 0.0829103 5.91438 -0.0643871 0.0792753 -0.994771 -89.749
-0.997177 -0.0610336 0.0437308 32.9154 -0.0572038 0.99482 0.0840385 5.97945 -0.0486334 0.0812997 -0.995502 -90.5887
-0.997746 -0.0608387 0.0283253 32.9449 -0.05825 0.994706 0.0846595 6.04784 -0.033326 0.0828187 -0.996007 -91.4321
-0.998036 -0.0605701 0.0159536 32.9569 -0.0589983 0.994607 0.0853082 6.11244 -0.0210347 0.0841995 -0.996227 -92.2597
-0.998147 -0.0607495 0.00348209 32.9613 -0.0602302 0.994515 0.0855131 6.18542 -0.00865793 0.0851449 -0.996331 -93.0996
-0.998093 -0.0608571 -0.0102918 32.9598 -0.0615154 0.994446 0.0854029 6.2603 0.00503717 0.0858732 -0.996293 -93.949
-0.997873 -0.0611657 -0.0225516 32.9507 -0.0628813 0.994357 0.0854467 6.3347 0.0171979 0.086683 -0.996087 -94.787
-0.997472 -0.0612972 -0.035961 32.9264 -0.0641761 0.994289 0.0852787 6.40652 0.0305282 0.0873709 -0.995708 -95.6442
-0.996987 -0.0614937 -0.0472758 32.8907 -0.0653599 0.994225 0.0851266 6.47349 0.0417679 0.08796 -0.995248 -96.4858
-0.996428 -0.0615223 -0.0578469 32.844 -0.0662968 0.994207 0.0846041 6.54374 0.0523067 0.088137 -0.994734 -97.3402
-0.995789 -0.06164 -0.0678517 32.788 -0.0672773 0.994176 0.084199 6.6219 0.0622663 0.0884094 -0.994136 -98.2047
-0.995287 -0.0615845 -0.0749067 32.728 -0.0678797 0.994099 0.0846217 6.69981 0.0692532 0.0893075 -0.993593 -99.069
-0.99472 -0.0617002 -0.0820062 32.6613 -0.0687707 0.993885 0.086392 6.77474 0.0761743 0.0915755 -0.99288 -99.9488
-0.993991 -0.0626188 -0.0897873 32.5909 -0.0707169 0.993424 0.090045 6.84903 0.0835583 0.0958533 -0.991882 -100.84
-0.993312 -0.0629781 -0.0967744 32.5092 -0.0719228 0.993167 0.091905 6.93341 0.0903251 0.0982505 -0.991054 -101.738
-0.99244 -0.0633304 -0.105126 32.4179 -0.0732256 0.992961 0.093102 7.02243 0.0984894 0.100096 -0.990091 -102.643
-0.991652 -0.0634218 -0.112264 32.3174 -0.0741637 0.992783 0.0942474 7.1082 0.105476 0.101786 -0.989198 -103.561
-0.990752 -0.0633925 -0.119963 32.2101 -0.0750923 0.992578 0.0956619 7.19961 0.113009 0.103786 -0.988158 -104.491
-0.989625 -0.0634433 -0.128908 32.0922 -0.076245 0.992367 0.0969291 7.2964 0.121774 0.105752 -0.986908 -105.43
-0.988559 -0.0632603 -0.13693 31.9653 -0.0770136 0.992243 0.0975896 7.39097 0.129694 0.107018 -0.985762 -106.382
-0.98727 -0.0631527 -0.145979 31.8252 -0.0778928 0.992176 0.0975665 7.49153 0.138675 0.107695 -0.984464 -107.34
-0.985697 -0.0630652 -0.156284 31.6765 -0.0788976 0.992127 0.0972615 7.5785 0.14892 0.108201 -0.982911 -108.314
-0.984114 -0.0627601 -0.166075 31.5141 -0.0795262 0.99217 0.0963066 7.67708 0.15873 0.107984 -0.981399 -109.284
-0.981917 -0.0629582 -0.178537 31.3367 -0.0808907 0.992185 0.095004 7.77283 0.171161 0.107728 -0.979335 -110.277
-0.979398 -0.063229 -0.191787 31.1536 -0.0824055 0.992183 0.0937136 7.8699 0.184363 0.107587 -0.976952 -111.27
-0.975681 -0.0668565 -0.20875 30.9511 -0.0880478 0.991679 0.0939232 7.94382 0.200733 0.110019 -0.973448 -112.285
-0.9711 -0.0670072 -0.229072 30.724 -0.0906319 0.991419 0.0942083 8.04588 0.220794 0.112247 -0.96884 -113.314
-0.966227 -0.0675554 -0.248682 30.4731 -0.0934942 0.991172 0.0940059 8.14337 0.240136 0.114081 -0.964012 -114.333
-0.960196 -0.0680566 -0.270909 30.1927 -0.0964612 0.990988 0.0929406 8.24359 0.262142 0.115373 -0.958107 -115.373
-0.954145 -0.0681154 -0.291494 29.8933 -0.0989147 0.990811 0.0922471 8.34657 0.282532 0.11685 -0.952114 -116.394
-0.9474 -0.0675427 -0.312845 29.56 -0.101177 0.990556 0.0925395 8.44118 0.30364 0.119325 -0.945285 -117.438
-0.939702 -0.0669994 -0.335367 29.1966 -0.103605 0.990312 0.0924588 8.55385 0.325923 0.121629 -0.937539 -118.495
-0.932087 -0.0664911 -0.356081 28.8134 -0.106008 0.990043 0.0926193 8.65549 0.346377 0.124077 -0.929853 -119.528
-0.923385 -0.0658211 -0.37819 28.3959 -0.108425 0.989796 0.0924618 8.76484 0.368245 0.126383 -0.921099 -120.591
-0.91486 -0.066418 -0.398271 27.9597 -0.111363 0.989626 0.0907744 8.86503 0.38811 0.127399 -0.912765 -121.628
-0.905808 -0.0669185 -0.418371 27.4899 -0.113871 0.989568 0.0882592 8.9599 0.4081 0.127586 -0.903978 -122.68
-0.896247 -0.0669492 -0.438473 26.9854 -0.11605 0.989503 0.0861235 9.06082 0.428104 0.128073 -0.894608 -123.737
-0.88764 -0.0658411 -0.455808 26.464 -0.117383 0.989385 0.0856758 9.15471 0.445327 0.129553 -0.885945 -124.778
-0.878279 -0.0650871 -0.473699 25.9086 -0.119228 0.98921 0.0851392 9.25928 0.463046 0.131254 -0.876562 -125.825
-0.867765 -0.0645341 -0.492768 25.3239 -0.121476 0.989 0.0843972 9.35861 0.4819 0.133096 -0.866058 -126.886
-0.858078 -0.0643517 -0.509471 24.7229 -0.123903 0.988751 0.0837941 9.45946 0.498347 0.135027 -0.856398 -127.924
-0.846731 -0.0638431 -0.528177 24.0844 -0.126081 0.988573 0.0826299 9.55802 0.516865 0.136558 -0.845104 -128.978
-0.836631 -0.0641187 -0.544001 23.4295 -0.128647 0.988348 0.0813569 9.6619 0.532445 0.13805 -0.835131 -130.015
-0.825488 -0.0640627 -0.560772 22.7439 -0.130779 0.98821 0.0796203 9.76541 0.549059 0.139063 -0.824133 -131.053
-0.813408 -0.0638347 -0.578181 22.0213 -0.132596 0.988141 0.0774442 9.85623 0.56638 0.139658 -0.812224 -132.099
-0.803306 -0.0640213 -0.592116 21.2916 -0.134568 0.988006 0.0757386 9.95566 0.580164 0.140521 -0.802285 -133.119
-0.791871 -0.0635883 -0.607368 20.5233 -0.136083 0.987931 0.0739906 10.0416 0.595332 0.141244 -0.790967 -134.149
-0.779037 -0.0630454 -0.623801 19.7141 -0.13724 0.987951 0.0715446 10.1329 0.611773 0.141347 -0.778302 -135.181
-0.768037 -0.0667232 -0.636921 18.9078 -0.139333 0.988143 0.0644996 10.2139 0.625064 0.138282 -0.768226 -136.182
-0.754959 -0.0710709 -0.65191 18.0467 -0.141974 0.988247 0.0566781 10.2782 0.640219 0.135344 -0.756175 -137.203
-0.744119 -0.0755486 -0.663761 17.1943 -0.14469 0.988227 0.0497275 10.3429 0.652189 0.133043 -0.746289 -138.19
-0.731887 -0.0789606 -0.676836 16.2996 -0.146834 0.988205 0.0434914 10.3732 0.665418 0.131213 -0.734847 -139.188
-0.717483 -0.0827024 -0.691649 15.3532 -0.148792 0.988207 0.0361869 10.3927 0.680499 0.128875 -0.721326 -140.189
-0.706241 -0.0808888 -0.703336 14.4304 -0.148462 0.988284 0.0354154 10.4104 0.69223 0.129431 -0.709975 -141.158
-0.693813 -0.0794698 -0.715757 13.4559 -0.148042 0.988405 0.0337616 10.4372 0.704775 0.129386 -0.697532 -142.132
-0.679762 -0.0802716 -0.729027 12.4289 -0.146543 0.988815 0.0277639 10.4396 0.718643 0.125707 -0.683922 -143.108
-0.66819 -0.0831055 -0.739335 11.4397 -0.146341 0.98901 0.0210881 10.4726 0.729456 0.122286 -0.673007 -144.037
-0.654554 -0.0820915 -0.751545 10.3712 -0.146762 0.988974 0.0197954 10.5097 0.741633 0.123255 -0.659384 -145
-0.641693 -0.0812726 -0.762644 9.32861 -0.147368 0.988907 0.0186113 10.526 0.752671 0.124332 -0.646551 -145.915
-0.627125 -0.0848464 -0.774284 8.24135 -0.1501 0.988583 0.0132425 10.5477 0.76432 0.124525 -0.632699 -146.839
-0.611898 -0.0851051 -0.786345 7.12824 -0.150573 0.988547 0.01018 10.5548 0.776472 0.124632 -0.617703 -147.744
-0.598033 -0.0858341 -0.796862 6.00884 -0.151105 0.988494 0.0069261 10.5778 0.787098 0.124552 -0.604121 -148.621
-0.582794 -0.0855647 -0.808103 4.85431 -0.151081 0.988512 0.00429048 10.5775 0.798452 0.124589 -0.589025 -149.49
-0.565024 -0.0906779 -0.820077 3.68227 -0.153384 0.98816 -0.00358357 10.577 0.810692 0.123762 -0.572242 -150.348
-0.546442 -0.0946373 -0.832133 2.49673 -0.155382 0.987801 -0.0103055 10.5671 0.822956 0.123667 -0.554481 -151.176
-0.523586 -0.0951973 -0.846638 1.24973 -0.155729 0.98769 -0.01475 10.5575 0.837619 0.124123 -0.531964 -151.998
-0.500354 -0.0977949 -0.860281 0.0133412 -0.160519 0.986854 -0.0188228 10.5194 0.850811 0.128673 -0.509473 -152.768
-0.475205 -0.102214 -0.873918 -1.26204 -0.16298 0.986267 -0.0267319 10.4632 0.864649 0.129728 -0.485337 -153.521
-0.448776 -0.105659 -0.887376 -2.57207 -0.164443 0.985793 -0.034213 10.4028 0.878384 0.130569 -0.459774 -154.254
-0.424296 -0.105504 -0.899356 -3.88998 -0.163655 0.985769 -0.0384321 10.3271 0.890612 0.130878 -0.435524 -154.934
-0.398125 -0.10572 -0.911219 -5.24603 -0.162847 0.985705 -0.0432115 10.2533 0.902761 0.131186 -0.40965 -155.588
-0.373643 -0.106221 -0.921471 -6.59507 -0.161581 0.985687 -0.0481043 10.1783 0.91339 0.130918 -0.385458 -156.179
-0.348624 -0.107634 -0.931062 -7.98292 -0.160324 0.985592 -0.0539065 10.101 0.923448 0.130479 -0.360857 -156.751
-0.323286 -0.108215 -0.940094 -9.39328 -0.158868 0.985547 -0.0588148 10.0152 0.93287 0.130336 -0.335804 -157.295
-0.300538 -0.108493 -0.947579 -10.8144 -0.157438 0.985524 -0.062904 9.91862 0.940686 0.13028 -0.313268 -157.798
-0.277765 -0.108329 -0.954522 -12.2558 -0.15586 0.985539 -0.0664942 9.80794 0.947921 0.130302 -0.290632 -158.267
-0.254999 -0.10827 -0.960861 -13.7153 -0.154287 0.985536 -0.0701052 9.69734 0.954553 0.130372 -0.268015 -158.709
-0.235059 -0.10841 -0.965917 -15.1726 -0.152661 0.985545 -0.0734627 9.57972 0.959917 0.13019 -0.248211 -159.105
-0.213433 -0.108669 -0.970895 -16.6508 -0.150999 0.985522 -0.0771115 9.46265 0.965218 0.130146 -0.226751 -159.484
-0.194327 -0.108915 -0.974872 -18.1293 -0.14951 0.985494 -0.0802988 9.33601 0.969476 0.130149 -0.207791 -159.826
-0.174582 -0.10913 -0.978577 -19.6208 -0.14778 0.985486 -0.0835361 9.21314 0.97349 0.13003 -0.188174 -160.136
-0.153018 -0.108707 -0.982226 -21.1296 -0.145953 0.985517 -0.0863338 9.06875 0.977386 0.130148 -0.166667 -160.421
-0.133041 -0.10841 -0.985164 -22.6307 -0.14465 0.98548 -0.0889107 8.92488 0.980498 0.130676 -0.14679 -160.676
-0.111113 -0.106288 -0.988108 -24.1349 -0.146998 0.985086 -0.0894329 8.75722 0.982876 0.135313 -0.125079 -160.903
-0.0877527 -0.103935 -0.990705 -25.6449 -0.14981 0.984608 -0.0900257 8.60771 0.984813 0.140517 -0.101972 -161.106
-0.0669788 -0.102584 -0.992467 -27.1246 -0.153143 0.983971 -0.0913702 8.44861 0.985931 0.14587 -0.0816148 -161.261
-0.0440799 -0.103764 -0.993625 -28.6087 -0.15395 0.983417 -0.0958686 8.28158 0.987095 0.148742 -0.0593229 -161.394
-0.023538 -0.104705 -0.994225 -30.0684 -0.155588 0.982766 -0.0998149 8.11245 0.987541 0.15234 -0.0394228 -161.479
-0.00088131 -0.103268 -0.994653 -31.5239 -0.154985 0.982649 -0.101884 7.93194 0.987916 0.154067 -0.0168706 -161.536
0.0245693 -0.0995616 -0.994728 -32.9893 -0.15579 0.982491 -0.102185 7.7529 0.987484 0.15748 0.00862885 -161.57
0.0475989 -0.0963417 -0.99421 -34.4152 -0.154863 0.982591 -0.10263 7.58555 0.986788 0.158852 0.0318509 -161.551
0.0720021 -0.0925899 -0.993098 -35.8409 -0.155556 0.982456 -0.102876 7.40902 0.985199 0.16189 0.0563363 -161.503
0.097204 -0.0909441 -0.991101 -37.2628 -0.153327 0.98256 -0.105198 7.24607 0.983383 0.162188 0.081565 -161.426
0.119087 -0.0895636 -0.988836 -38.642 -0.15169 0.982591 -0.107266 7.08027 0.981228 0.162771 0.103428 -161.304
0.141923 -0.0886077 -0.985904 -40.0147 -0.149197 0.982693 -0.109796 6.91613 0.978569 0.162677 0.126247 -161.157
0.165804 -0.0878497 -0.982238 -41.3772 -0.146329 0.982807 -0.112601 6.74891 0.975242 0.1624 0.150099 -160.975
0.186378 -0.0870903 -0.978611 -42.7014 -0.143818 0.982916 -0.114864 6.58194 0.971895 0.16215 0.170669 -160.754
0.209314 -0.0857119 -0.974085 -44.0269 -0.140631 0.983157 -0.116729 6.4041 0.967683 0.16142 0.193735 -160.516
0.229894 -0.0854065 -0.969461 -45.3315 -0.138517 0.983129 -0.119458 6.23455 0.963308 0.161749 0.214186 -160.247
0.250554 -0.0863891 -0.964241 -46.6082 -0.138584 0.982552 -0.12404 6.05479 0.958132 0.164707 0.23421 -159.971
0.270651 -0.0927435 -0.9582 -47.85 -0.138659 0.981214 -0.134137 5.88637 0.952639 0.169168 0.252708 -159.671
0.289632 -0.0974529 -0.952164 -49.1017 -0.139694 0.979847 -0.142779 5.6923 0.946889 0.174365 0.270182 -159.345
0.308963 -0.0970457 -0.94611 -50.323 -0.142298 0.978866 -0.146875 5.50157 0.940368 0.180008 0.288625 -159
0.329296 -0.0955808 -0.939377 -51.5196 -0.14363 0.978216 -0.149882 5.30183 0.933238 0.184278 0.308395 -158.64
0.347369 -0.0933078 -0.933075 -52.7136 -0.144076 0.977912 -0.151429 5.07724 0.926594 0.187035 0.326253 -158.254
0.366682 -0.0914934 -0.925837 -53.8757 -0.143374 0.977707 -0.153403 4.87048 0.919232 0.188992 0.34539 -157.854
0.383552 -0.0895726 -0.919165 -55.0257 -0.142474 0.977631 -0.154722 4.65838 0.912463 0.190301 0.362211 -157.422
0.400838 -0.0881994 -0.911894 -56.1571 -0.141146 0.977526 -0.156591 4.45698 0.905211 0.191478 0.379381 -156.976
0.419102 -0.086828 -0.903778 -57.2704 -0.139334 0.977475 -0.15852 4.24668 0.897184 0.192363 0.397564 -156.514
0.43542 -0.0871083 -0.896004 -58.3655 -0.141374 0.976341 -0.16362 4.05004 0.889057 0.197915 0.412804 -156.034
0.45222 -0.0860237 -0.887749 -59.4426 -0.140259 0.976095 -0.166033 3.83435 0.880809 0.199598 0.429344 -155.54
0.468977 -0.0833179 -0.879272 -60.5 -0.138335 0.976324 -0.166298 3.62921 0.872309 0.199624 0.446348 -155.03
0.48096 -0.0799661 -0.873088 -61.5365 -0.136114 0.976948 -0.16446 3.41396 0.866112 0.197938 0.458989 -154.505
0.494566 -0.0775207 -0.865676 -62.5546 -0.13357 0.977404 -0.163835 3.21168 0.858815 0.196655 0.473037 -153.966
0.504171 -0.0757876 -0.860272 -63.5514 -0.131908 0.977696 -0.163438 3.00832 0.85347 0.195878 0.482929 -153.424
0.513209 -0.0748727 -0.854992 -64.5306 -0.131298 0.977613 -0.164422 2.80733 0.848161 0.196641 0.491889 -152.876
0.522073 -0.0749081 -0.849606 -65.4871 -0.131445 0.977168 -0.166927 2.60523 0.842711 0.198825 0.500307 -152.319
0.526466 -0.0745973 -0.846917 -66.4303 -0.132172 0.976851 -0.168204 2.40864 0.839859 0.200493 0.50442 -151.781
0.531366 -0.0774182 -0.843597 -67.357 -0.130675 0.976406 -0.171916 2.21579 0.837002 0.201588 0.508713 -151.233
0.537 -0.0807995 -0.839704 -68.2636 -0.130658 0.975424 -0.177417 2.00445 0.833402 0.204987 0.513246 -150.69
0.539859 -0.0803062 -0.837916 -69.1706 -0.131292 0.975223 -0.178055 1.80639 0.831453 0.206137 0.515939 -150.148
0.544124 -0.0749612 -0.83565 -70.0768 -0.130111 0.976412 -0.172309 1.6202 0.828854 0.202485 0.521536 -149.592
0.545173 -0.0677572 -0.835581 -70.9654 -0.128041 0.978304 -0.162871 1.41518 0.828487 0.195782 0.52467 -149.042
0.546172 -0.0644958 -0.835187 -71.849 -0.127733 0.97896 -0.15913 1.23844 0.827877 0.193593 0.526442 -148.498
0.547387 -0.0651301 -0.834342 -72.7213 -0.128717 0.978552 -0.160835 1.06361 0.826921 0.195433 0.527263 -147.945
0.545849 -0.0653013 -0.835335 -73.5812 -0.129388 0.978431 -0.161036 0.899832 0.827833 0.195983 0.525626 -147.412
0.544498 -0.0653577 -0.836212 -74.4462 -0.130134 0.978305 -0.1612 0.731951 0.828605 0.196592 0.52418 -146.882
0.543202 -0.0652257 -0.837065 -75.3053 -0.130602 0.978279 -0.160982 0.566501 0.829382 0.196768 0.522884 -146.356
0.540072 -0.0646084 -0.839135 -76.1626 -0.132284 0.97814 -0.16045 0.394736 0.831157 0.197659 0.51972 -145.834
0.537625 -0.064557 -0.840709 -77.0145 -0.133346 0.978008 -0.160374 0.232951 0.832573 0.198326 0.517194 -145.321
0.53274 -0.063713 -0.843877 -77.8659 -0.13553 0.977869 -0.159389 0.0637144 0.835356 0.199283 0.512315 -144.811
0.527557 -0.0634235 -0.847149 -78.7184 -0.136139 0.97801 -0.158 -0.0937316 0.83854 0.198684 0.507322 -144.31
0.522507 -0.0625798 -0.850335 -79.5635 -0.136862 0.978216 -0.156089 -0.259352 0.841578 0.197936 0.50256 -143.817
0.515975 -0.0623245 -0.854334 -80.4162 -0.13794 0.978289 -0.154676 -0.413868 0.845424 0.197656 0.496175 -143.321
0.509632 -0.0618766 -0.858165 -81.2607 -0.139708 0.978223 -0.153501 -0.562736 0.848974 0.198121 0.489889 -142.842
0.504243 -0.0615138 -0.861369 -82.1003 -0.140917 0.978229 -0.152352 -0.712712 0.851986 0.198204 0.484597 -142.376
0.497858 -0.0607161 -0.865131 -82.954 -0.142466 0.97827 -0.150642 -0.856969 0.855477 0.19825 0.478389 -141.907
0.49261 -0.0597943 -0.868194 -83.7986 -0.143679 0.978358 -0.148904 -1.00125 0.858307 0.198093 0.473358 -141.451
0.485943 -0.0591539 -0.871987 -84.6563 -0.144647 0.978505 -0.146989 -1.15131 0.861938 0.197559 0.466941 -140.998
0.479929 -0.0588292 -0.875333 -85.5112 -0.146807 0.978296 -0.146241 -1.29653 0.864937 0.19869 0.460876 -140.558
0.474793 -0.0589612 -0.878121 -86.3554 -0.148051 0.978185 -0.14573 -1.43991 0.867555 0.199198 0.455706 -140.127
0.468109 -0.0591299 -0.881691 -87.2191 -0.149337 0.978115 -0.144883 -1.5867 0.87096 0.19949 0.449034 -139.691
0.462278 -0.0594373 -0.884741 -88.0792 -0.150735 0.977963 -0.144459 -1.7331 0.87383 0.200141 0.443131 -139.273
0.457175 -0.0588627 -0.887427 -88.9323 -0.152625 0.977813 -0.143486 -1.87889 0.876183 0.201042 0.438048 -138.862
0.450333 -0.0582647 -0.890958 -89.7942 -0.154122 0.977818 -0.141846 -2.02375 0.879458 0.201194 0.431364 -138.451
0.444455 -0.0574173 -0.893959 -90.6589 -0.154922 0.977981 -0.139837 -2.1651 0.882303 0.200645 0.425773 -138.049
0.439512 -0.0568796 -0.896434 -91.5172 -0.155546 0.978097 -0.138323 -2.30046 0.884666 0.200231 0.421038 -137.658
0.432845 -0.0563726 -0.899704 -92.3809 -0.157004 0.978075 -0.136817 -2.44208 0.887691 0.200478 0.414504 -137.261
0.427508 -0.0563693 -0.902253 -93.2423 -0.15821 0.977986 -0.136064 -2.57178 0.890059 0.200913 0.409179 -136.884
0.420138 -0.0568085 -0.90568 -94.1073 -0.158678 0.978064 -0.134958 -2.6973 0.893479 0.200412 0.401908 -136.502
0.412214 -0.0571616 -0.909293 -94.965 -0.159568 0.978075 -0.133823 -2.82501 0.897005 0.200257 0.394055 -136.126
0.404515 -0.0574743 -0.912724 -95.8244 -0.160865 0.977991 -0.132879 -2.94878 0.900272 0.200576 0.386366 -135.772
0.394958 -0.0576998 -0.916886 -96.6894 -0.162117 0.977987 -0.131379 -3.07291 0.904282 0.200532 0.37691 -135.417
0.388724 -0.0564112 -0.919626 -97.5514 -0.163991 0.977951 -0.129308 -3.19651 0.906642 0.201075 0.370902 -135.08
0.382576 -0.0552301 -0.922272 -98.4229 -0.165683 0.97793 -0.127292 -3.32069 0.908947 0.201503 0.364982 -134.74
