1 0 0 0 0 1 0 0 0 0 1 0
0.999952 -0.00179845 0.00965507 0.0216794 0.00179079 0.999998 0.000801673 -0.0149707 -0.00965649 -0.000784344 0.999953 0.239493
0.999876 -0.00409005 0.0152069 0.0339293 0.00407644 0.999991 0.000926193 -0.0192225 -0.0152106 -0.000864088 0.999884 0.523474
0.99985 -0.0056036 0.0163658 0.049879 0.00561238 0.999984 -0.000490644 -0.0181552 -0.0163628 0.000582422 0.999866 0.816221
0.999879 -0.0075958 0.0135988 0.0600101 0.00761517 0.99997 -0.00137313 -0.0247747 -0.013588 0.00147652 0.999907 1.12263
0.999934 -0.00988697 0.00593215 0.0683746 0.00990368 0.999947 -0.00279436 -0.0248912 -0.00590421 0.00285293 0.999979 1.43732
0.999912 -0.0113246 -0.00685474 0.0687994 0.0112956 0.999927 -0.00425611 -0.0242074 0.00690243 0.0041783 0.999968 1.74948
0.999667 -0.0098016 -0.0238885 0.0592075 0.00968037 0.99994 -0.00518562 -0.0222359 0.0239379 0.00495264 0.999701 2.07298
0.999005 -0.00667871 -0.0440976 0.0352197 0.00647141 0.999967 -0.00484209 -0.0203822 0.0441285 0.0045519 0.999016 2.42505
0.9979 -0.00353444 -0.0646836 0.0108727 0.00309136 0.999971 -0.00694873 -0.022355 0.0647063 0.00673417 0.997882 2.76795
0.996365 -0.00346114 -0.0851104 -0.0260409 0.00283013 0.999968 -0.00753355 -0.0233842 0.0851338 0.00726529 0.996343 3.12681
0.994219 -0.00397584 -0.107299 -0.0748973 0.00325422 0.999971 -0.0068996 -0.0296238 0.107323 0.00651054 0.994203 3.50724
0.991739 -0.00579839 -0.128142 -0.121245 0.00499238 0.999966 -0.00661029 -0.048336 0.128176 0.00591594 0.991734 3.88178
0.989145 -0.00530449 -0.146844 -0.185457 0.00438801 0.999969 -0.00656437 -0.0517154 0.146875 0.00584876 0.989138 4.26375
0.986457 -0.00436933 -0.163963 -0.251202 0.00343168 0.999976 -0.00600149 -0.0569296 0.163985 0.00535755 0.986448 4.67022
0.983912 -0.00443726 -0.178598 -0.32462 0.00332698 0.999973 -0.00651567 -0.0649104 0.178622 0.00581665 0.983901 5.08415
0.981345 -0.00582376 -0.192168 -0.413327 0.00458064 0.999966 -0.00691254 -0.0707294 0.192202 0.00590333 0.981338 5.51543
0.979221 -0.00710115 -0.202672 -0.508005 0.0054842 0.999949 -0.00853863 -0.0709252 0.202722 0.00724972 0.97921 5.96487
0.977411 -0.00702371 -0.211231 -0.607044 0.0048283 0.999929 -0.0109074 -0.0806036 0.211292 0.00964116 0.977375 6.40897
0.975452 -0.00730937 -0.220093 -0.70932 0.00466587 0.999911 -0.0125283 -0.0840566 0.220164 0.0111938 0.975399 6.87597
0.973533 -0.00727783 -0.22843 -0.817433 0.00393378 0.999879 -0.0150912 -0.0838231 0.228512 0.0137931 0.973443 7.33895
0.971278 -0.0112461 -0.237682 -0.928163 0.00744045 0.99983 -0.0169027 -0.0952974 0.237832 0.0146488 0.971196 7.83878
0.969056 -0.0161145 -0.246315 -1.05709 0.0121619 0.999772 -0.0175599 -0.116273 0.246542 0.0140209 0.969031 8.33127
0.966793 -0.0168755 -0.255005 -1.18995 0.0123838 0.999739 -0.0192095 -0.120579 0.255262 0.0154137 0.966749 8.84518
0.964187 -0.0142074 -0.264843 -1.35076 0.00841476 0.9997 -0.0229937 -0.132091 0.26509 0.0199417 0.964018 9.37189
0.961725 -0.0117876 -0.273761 -1.51582 0.00484204 0.99965 -0.0260327 -0.135923 0.273972 0.0237107 0.961445 9.89759
0.958831 -0.0141574 -0.283625 -1.69053 0.0064182 0.999582 -0.0281976 -0.155401 0.283906 0.0252164 0.958521 10.4497
0.956307 -0.0152393 -0.291966 -1.85978 0.00695429 0.999544 -0.0293935 -0.174092 0.292281 0.0260788 0.955977 11.0039
0.95366 -0.0155434 -0.300484 -2.06487 0.00621499 0.99947 -0.0319756 -0.196865 0.300822 0.0286263 0.953251 11.5724
0.950795 -0.0156043 -0.309426 -2.25313 0.00481978 0.999355 -0.0355872 -0.211357 0.309782 0.0323448 0.950257 12.1631
0.948209 -0.0172979 -0.317175 -2.46643 0.00484066 0.999187 -0.0400217 -0.241658 0.31761 0.0364136 0.947522 12.7462
0.945882 -0.0174351 -0.324041 -2.6791 0.00253932 0.998923 -0.046335 -0.250212 0.3245 0.0430046 0.944908 13.3543
0.944456 -0.017802 -0.328157 -2.909 0.000179081 0.99856 -0.0536549 -0.268496 0.328639 0.0506159 0.943098 13.9689
0.943082 -0.0185617 -0.332041 -3.13588 -0.00217145 0.998076 -0.0619619 -0.295729 0.332552 0.0591562 0.941228 14.6012
0.941246 -0.0179585 -0.337244 -3.36553 -0.00617616 0.997503 -0.0703555 -0.314249 0.337666 0.0683047 0.938785 15.2378
0.939733 -0.0164117 -0.341516 -3.60724 -0.0105537 0.996979 -0.0769503 -0.343915 0.341747 0.075917 0.936721 15.8816
0.937488 -0.0150566 -0.34769 -3.86652 -0.0148235 0.99643 -0.0831191 -0.388406 0.3477 0.0830772 0.933918 16.5357
0.935633 -0.0136018 -0.352711 -4.1365 -0.0189098 0.995891 -0.0885671 -0.441114 0.352466 0.089536 0.931531 17.2018
0.933582 -0.0104314 -0.358212 -4.40051 -0.0246511 0.99534 -0.0932314 -0.486617 0.357515 0.0958695 0.928974 17.8606
0.931316 -0.00828969 -0.364116 -4.68765 -0.0287743 0.994942 -0.0962486 -0.555219 0.363072 0.100115 0.926367 18.5522
0.92889 -0.00875791 -0.370252 -4.97 -0.0295902 0.99477 -0.0977661 -0.636434 0.369172 0.10177 0.923772 19.2331
0.925995 -0.00791235 -0.377453 -5.25062 -0.0309754 0.994818 -0.0968448 -0.714239 0.376263 0.10137 0.920951 19.9413
0.922894 -0.00781703 -0.384974 -5.5394 -0.0313772 0.994943 -0.095423 -0.78954 0.383772 0.100145 0.917981 20.6455
0.919713 -0.00743282 -0.39252 -5.83631 -0.0320806 0.995055 -0.0940105 -0.86284 0.391278 0.099055 0.914926 21.351
0.916537 -0.00660056 -0.399896 -6.15673 -0.0327073 0.995278 -0.091391 -0.927972 0.398611 0.0968427 0.911993 22.0508
0.911759 -0.00475937 -0.410697 -6.51708 -0.0335798 0.995722 -0.0860871 -1.00671 0.40935 0.0922819 0.907699 22.8433
0.908272 0.000104942 -0.41838 -6.866 -0.0376317 0.995968 -0.0814458 -1.05994 0.416685 0.0897193 0.904613 23.5573
0.904151 0.0037793 -0.427196 -7.21942 -0.0409701 0.996119 -0.0778998 -1.11929 0.425244 0.0879354 0.900797 24.2965
0.900141 0.00636696 -0.435552 -7.59225 -0.0438917 0.996131 -0.076148 -1.1636 0.433382 0.087661 0.896937 25.0306
0.895579 0.006762 -0.444851 -7.981 -0.0447424 0.996185 -0.0749332 -1.23641 0.442647 0.0870123 0.892464 25.8017
0.891603 0.00733356 -0.452758 -8.3672 -0.0456121 0.996238 -0.0736859 -1.28838 0.450515 0.0863498 0.888583 26.552
0.886978 0.00848025 -0.461733 -8.78829 -0.0470403 0.996291 -0.0720653 -1.34142 0.459409 0.0856404 0.884086 27.3234
0.882995 0.00954028 -0.469285 -9.2096 -0.0477882 0.996426 -0.0696604 -1.39507 0.466943 0.083936 0.880295 28.1068
0.879042 0.0109903 -0.476617 -9.63738 -0.0480798 0.996681 -0.0656929 -1.44101 0.474313 0.0806625 0.876653 28.874
0.874705 0.0133658 -0.48447 -10.0934 -0.0489105 0.996951 -0.060803 -1.49714 0.48218 0.0768804 0.872692 29.6814
0.870486 0.014645 -0.491974 -10.5356 -0.0489513 0.997178 -0.0569293 -1.54143 0.489752 0.073639 0.868746 30.4569
0.866404 0.0146473 -0.499128 -11.0101 -0.0483926 0.997328 -0.0547344 -1.59185 0.496992 0.0715762 0.864798 31.2673
0.862538 0.0154464 -0.505756 -11.4909 -0.0488388 0.997409 -0.0528297 -1.63993 0.503629 0.0702682 0.861057 32.0755
0.85922 0.0163706 -0.511343 -11.9749 -0.0496332 0.997441 -0.0514666 -1.67461 0.509192 0.0696008 0.857834 32.8675
0.855888 0.0172784 -0.516872 -12.4906 -0.0502045 0.997498 -0.0497885 -1.71059 0.514718 0.0685628 0.854613 33.7087
0.853212 0.0174077 -0.521273 -13.0022 -0.0504904 0.997506 -0.0493309 -1.74993 0.519114 0.068409 0.851963 34.5442
0.850924 0.0179518 -0.524982 -13.5182 -0.0513766 0.997469 -0.0491658 -1.78593 0.52277 0.0688082 0.849692 35.364
0.849238 0.0196488 -0.527644 -14.0614 -0.0535401 0.997362 -0.0490319 -1.8143 0.525288 0.0698899 0.84805 36.2252
0.848791 0.0195659 -0.528366 -14.597 -0.0528966 0.997444 -0.0480393 -1.87265 0.526075 0.0687241 0.847657 37.0652
0.847998 0.0202689 -0.529611 -15.1502 -0.0529726 0.997507 -0.0466423 -1.92389 0.527345 0.0676075 0.846957 37.9483
0.847761 0.0194154 -0.530023 -15.7093 -0.0516453 0.997603 -0.0460621 -1.9791 0.527858 0.0664228 0.846731 38.8384
0.847188 0.0165332 -0.531036 -16.2522 -0.0487032 0.997724 -0.0466357 -2.04366 0.529056 0.0653724 0.846065 39.7117
0.8457 0.0147671 -0.533454 -16.8333 -0.0468593 0.997811 -0.0466659 -2.09625 0.531597 0.0644627 0.844541 40.631
0.844014 0.0141424 -0.536134 -17.404 -0.0456259 0.997922 -0.0455032 -2.14104 0.534377 0.062867 0.842905 41.5129
0.841092 0.0166655 -0.540635 -17.9787 -0.0465139 0.998052 -0.0415982 -2.17758 0.538888 0.060135 0.840228 42.4182
0.837552 0.0170127 -0.546092 -18.5672 -0.044588 0.99831 -0.0372846 -2.23717 0.544535 0.055577 0.836895 43.3084
0.833695 0.0151176 -0.552018 -19.1453 -0.0421217 0.998454 -0.0362713 -2.29871 0.550616 0.0534912 0.833043 44.1879
0.827765 0.0111586 -0.560964 -19.7473 -0.0386136 0.998565 -0.0371154 -2.36998 0.559744 0.0523838 0.827008 45.0765
0.821395 0.00813828 -0.570301 -20.336 -0.0374523 0.99851 -0.039693 -2.42766 0.569128 0.0539628 0.820476 45.9138
0.814126 0.0069303 -0.580647 -20.9632 -0.0361936 0.998591 -0.0388284 -2.49393 0.579559 0.052627 0.813229 46.7982
0.807013 0.00798332 -0.590479 -21.6119 -0.0360074 0.998714 -0.035709 -2.54623 0.589434 0.0500793 0.806262 47.6701
0.801637 0.0125138 -0.59768 -22.2528 -0.0395464 0.998702 -0.0321313 -2.57981 0.596502 0.0493937 0.80109 48.5154
0.796964 0.0127285 -0.603892 -22.9158 -0.040614 0.998645 -0.03255 -2.63251 0.602659 0.0504677 0.796401 49.3809
0.792743 0.0116318 -0.609445 -23.5648 -0.0422881 0.998459 -0.0359503 -2.6732 0.608087 0.0542717 0.792013 50.2156
0.789053 0.00896474 -0.614259 -24.2002 -0.0433844 0.998211 -0.0411617 -2.74131 0.61279 0.059128 0.78803 51.0297
0.785216 0.00752253 -0.619176 -24.8777 -0.0435148 0.998125 -0.0430574 -2.79222 0.617691 0.0607527 0.784071 51.8796
0.781577 0.00913745 -0.623741 -25.5338 -0.0428673 0.998316 -0.03909 -2.84429 0.622333 0.0572901 0.780653 52.6875
0.777395 0.010936 -0.628918 -26.2194 -0.0423357 0.998492 -0.034968 -2.90058 0.627587 0.0538096 0.776685 53.5358
0.773627 0.0123659 -0.63352 -26.9054 -0.0424571 0.998575 -0.0323553 -2.95007 0.632216 0.0519284 0.77305 54.353
0.77043 0.0137383 -0.637376 -27.5865 -0.0441741 0.998516 -0.031873 -2.98261 0.635992 0.0527115 0.769894 55.1577
0.765182 0.0116594 -0.643708 -28.2887 -0.044239 0.998425 -0.0345029 -3.02452 0.642292 0.0548781 0.764493 55.9788
0.760905 0.0104682 -0.648779 -29.002 -0.044202 0.998384 -0.0357321 -3.06916 0.647356 0.0558661 0.760137 56.8044
0.756311 0.00941592 -0.654144 -29.6996 -0.0433977 0.998416 -0.0358042 -3.11327 0.652771 0.0554675 0.755522 57.5848
0.751013 0.00993005 -0.660213 -30.4358 -0.043958 0.998421 -0.0349866 -3.14469 0.658823 0.0552971 0.750263 58.4121
0.746193 0.0111218 -0.665637 -31.1554 -0.0454414 0.99838 -0.0342593 -3.16807 0.664177 0.0558116 0.745489 59.2115
0.739729 0.0108294 -0.672818 -31.8997 -0.0463573 0.998315 -0.0348991 -3.20652 0.671306 0.0570059 0.738984 60.0169
0.734154 0.0105675 -0.6789 -32.6501 -0.0462539 0.998335 -0.0344787 -3.24764 0.677405 0.0567145 0.73342 60.8277
0.728373 0.011101 -0.68509 -33.3862 -0.0479588 0.998243 -0.0348136 -3.26362 0.6835 0.0582135 0.727626 61.6055
0.721089 0.0101554 -0.692768 -34.1564 -0.0479363 0.998228 -0.0352628 -3.29843 0.691182 0.0586364 0.720298 62.4022
0.714718 0.00971467 -0.699345 -34.9082 -0.0480492 0.998224 -0.0352391 -3.33208 0.69776 0.058789 0.713915 63.1595
0.707243 0.00835818 -0.706921 -35.7025 -0.0464146 0.998322 -0.0346322 -3.39054 0.705445 0.0573048 0.706444 63.9597
0.699344 0.00815437 -0.714739 -36.4886 -0.0452446 0.998435 -0.0328791 -3.43805 0.713352 0.0553319 0.698618 64.7381
0.692454 0.00719983 -0.721426 -37.2781 -0.0440485 0.998507 -0.0323145 -3.48662 0.720116 0.0541541 0.691737 65.5033
0.685276 0.00532041 -0.728264 -38.0978 -0.0420707 0.998593 -0.032292 -3.54743 0.727067 0.0527675 0.684536 66.2791
0.676311 0.00291408 -0.736611 -38.924 -0.0417773 0.998535 -0.0344071 -3.60069 0.735431 0.0540435 0.675441 67.0288
0.669538 0.00399802 -0.742767 -39.7428 -0.0433693 0.99849 -0.0337191 -3.63326 0.741511 0.0547895 0.6687 67.7625
0.662221 0.00380145 -0.749299 -40.6228 -0.0435705 0.998491 -0.0334413 -3.69599 0.748041 0.0547929 0.661387 68.5191
0.657246 0.00419567 -0.753665 -41.4649 -0.0442562 0.998474 -0.0330358 -3.741 0.752376 0.055067 0.656428 69.2651
0.650995 0.00379013 -0.759072 -42.3481 -0.0452268 0.998405 -0.0338022 -3.78827 0.757733 0.0563355 0.650128 70.0127
0.645072 0.00261442 -0.764117 -43.2291 -0.0457838 0.99833 -0.0352352 -3.83579 0.762749 0.0577134 0.644114 70.7587
0.639021 0.0010309 -0.769189 -44.091 -0.046973 0.998185 -0.0376861 -3.87514 0.767754 0.0602133 0.63791 71.4721
0.632851 0.000578577 -0.774273 -44.9943 -0.0476428 0.998134 -0.0381949 -3.91509 0.772807 0.0610603 0.631697 72.2042
0.627635 0.00194509 -0.778506 -45.8987 -0.0487615 0.998132 -0.0368179 -3.95082 0.77698 0.0610693 0.626557 72.939
0.623017 0.00245573 -0.782205 -46.8121 -0.0486142 0.998184 -0.0355869 -3.99432 0.780696 0.0601975 0.622004 73.6614
0.616001 0.00162719 -0.787744 -47.7362 -0.0484895 0.99818 -0.0358559 -4.04355 0.786252 0.0602846 0.614958 74.374
0.611322 0.000872055 -0.791382 -48.6447 -0.047651 0.998226 -0.0357091 -4.09479 0.789946 0.0595399 0.610278 75.0819
0.605434 0.000465306 -0.795895 -49.5951 -0.0470029 0.998276 -0.0351713 -4.14686 0.794506 0.0587034 0.604412 75.7915
0.600899 -0.000776723 -0.799325 -50.5381 -0.0456055 0.998338 -0.0352544 -4.18874 0.798023 0.057638 0.599864 76.4838
0.59721 -0.00259767 -0.802081 -51.4804 -0.0443914 0.998355 -0.0362861 -4.22711 0.800855 0.0572759 0.596112 77.1766
0.591962 -0.00612722 -0.805943 -52.4639 -0.0417323 0.998397 -0.0382426 -4.27732 0.804885 0.056272 0.590757 77.8841
0.586933 -0.00971645 -0.809578 -53.4352 -0.0374668 0.998531 -0.0391472 -4.32613 0.808768 0.053309 0.585706 78.5958
0.580761 -0.0126377 -0.813976 -54.4087 -0.0328535 0.998701 -0.0389462 -4.38189 0.813411 0.0493604 0.579592 79.2988
0.571015 -0.015819 -0.820787 -55.402 -0.0281909 0.998847 -0.0388629 -4.44629 0.820455 0.04533 0.569911 79.9912
0.562294 -0.0159628 -0.826784 -56.3875 -0.0261751 0.998969 -0.0370888 -4.49904 0.826523 0.0424959 0.561296 80.6636
0.552355 -0.0157006 -0.833462 -57.4286 -0.0252372 0.999049 -0.0355453 -4.5459 0.833227 0.0406679 0.551433 81.338
0.541144 -0.0162172 -0.840773 -58.4497 -0.0253661 0.999044 -0.0355963 -4.6071 0.840547 0.0405899 0.540216 82.0053
0.532119 -0.0166703 -0.846505 -59.4904 -0.0257275 0.999026 -0.0358465 -4.65475 0.846278 0.0408531 0.531172 82.6513
0.520327 -0.0190318 -0.853755 -60.5441 -0.0248277 0.998992 -0.0374008 -4.71812 0.853606 0.0406574 0.51933 83.3011
0.509083 -0.0202406 -0.860479 -61.6175 -0.0247254 0.998967 -0.0381264 -4.75748 0.860362 0.0406852 0.508057 83.9426
0.498748 -0.0223843 -0.866458 -62.6616 -0.0208965 0.999066 -0.0378385 -4.83104 0.866495 0.0369778 0.497814 84.5506
0.486331 -0.0225655 -0.873483 -63.7569 -0.019796 0.999126 -0.0368332 -4.88616 0.87355 0.0352046 0.485459 85.1552
0.474145 -0.022769 -0.880152 -64.8411 -0.0202238 0.99912 -0.0367414 -4.93152 0.880214 0.0352208 0.473267 85.7347
0.464288 -0.0234659 -0.885374 -65.9389 -0.0204139 0.9991 -0.0371851 -4.98459 0.885449 0.0353385 0.46339 86.3031
0.451623 -0.0241327 -0.891883 -67.0715 -0.0216732 0.999043 -0.038007 -5.03153 0.891945 0.0364948 0.450667 86.8728
0.442491 -0.024774 -0.896431 -68.1869 -0.0217733 0.999027 -0.038357 -5.08789 0.896508 0.0364909 0.441521 87.4154
0.431549 -0.0248996 -0.901746 -69.3514 -0.0219314 0.999034 -0.0380817 -5.15175 0.901823 0.0362107 0.430586 87.9709
0.42215 -0.0240881 -0.906206 -70.5107 -0.0224092 0.999064 -0.0369955 -5.21397 0.906249 0.0359251 0.421215 88.5022
0.415725 -0.0238215 -0.909178 -71.6575 -0.0202661 0.999166 -0.0354461 -5.29715 0.909264 0.0331614 0.414895 89.0471
0.405847 -0.0253258 -0.91359 -72.8489 -0.0184215 0.999186 -0.035882 -5.35495 0.913755 0.0313924 0.40505 89.5628
0.397285 -0.027393 -0.917287 -74.0255 -0.0171243 0.999159 -0.0372547 -5.40739 0.917535 0.0305087 0.396481 90.072
0.390118 -0.0296533 -0.920287 -75.1843 -0.0150365 0.999143 -0.0385683 -5.47285 0.920642 0.0288842 0.389337 90.5662
0.38206 -0.0316647 -0.923595 -76.3652 -0.0148832 0.999073 -0.0404091 -5.52655 0.924017 0.0291848 0.381234 91.0412
0.376841 -0.0350171 -0.925616 -77.5431 -0.0120397 0.999016 -0.0426956 -5.60447 0.9262 0.0272336 0.376048 91.5129
0.370263 -0.0362834 -0.928218 -78.7283 -0.0100811 0.999021 -0.0430724 -5.66129 0.928872 0.0253056 0.369534 91.9649
0.366333 -0.0341081 -0.929859 -79.8924 -0.0104753 0.999114 -0.0407753 -5.69811 0.930425 0.0246779 0.36565 92.4424
0.362985 -0.0321599 -0.93124 -81.0989 -0.00777924 0.999265 -0.0375413 -5.76028 0.931763 0.0208713 0.362468 92.9224
0.359043 -0.0313278 -0.932795 -82.2941 -0.00588578 0.999341 -0.0358283 -5.83571 0.933302 0.0183541 0.358622 93.3749
0.355689 -0.0320709 -0.934054 -83.4677 -0.00210993 0.999381 -0.0351174 -5.90226 0.934602 0.0144617 0.355401 93.8038
0.3536 -0.0307375 -0.934892 -84.6348 -0.00177377 0.999436 -0.0335305 -5.9586 0.935395 0.0135147 0.353346 94.2364
0.349501 -0.0301393 -0.936451 -85.7934 0.00113185 0.999496 -0.0317459 -5.99464 0.936935 0.0100353 0.349358 94.6534
0.348615 -0.0303394 -0.936775 -86.9498 0.0036145 0.999512 -0.0310262 -6.05139 0.937259 0.00743027 0.348555 95.0743
0.345611 -0.0304547 -0.937884 -88.0928 0.00602738 0.999525 -0.0302352 -6.10001 0.938358 0.00479667 0.34563 95.4898
0.34346 -0.029702 -0.938698 -89.2726 0.00808355 0.999557 -0.0286699 -6.14555 0.939133 0.002259 0.343547 95.9194
0.343343 -0.0286864 -0.938772 -90.4181 0.0108707 0.999588 -0.026569 -6.18818 0.939147 -0.00108275 0.343514 96.3192
0.34071 -0.0284387 -0.939738 -91.5514 0.0113411 0.999594 -0.0261382 -6.24771 0.9401 -0.00175207 0.340894 96.725
0.340008 -0.0296528 -0.939955 -92.6699 0.0122999 0.999558 -0.0270838 -6.28315 0.940342 -0.00235256 0.340222 97.138
0.341674 -0.030327 -0.939329 -93.79 0.0140255 0.999533 -0.027169 -6.32414 0.939714 -0.00389158 0.341939 97.5504
0.341393 -0.0308334 -0.939415 -94.8966 0.0130837 0.999521 -0.0280514 -6.36756 0.939829 -0.00271437 0.341633 97.9367
0.344492 -0.0307701 -0.938285 -95.9988 0.0111213 0.999527 -0.0286952 -6.40437 0.938723 -0.000549664 0.344671 98.3302
0.347485 -0.0292197 -0.93723 -97.094 0.0104796 0.999573 -0.027278 -6.45697 0.937627 -0.000343054 0.347643 98.7183
0.352909 -0.0301752 -0.935171 -98.1729 0.00951551 0.999544 -0.0286614 -6.48038 0.935609 0.00121629 0.353035 99.1327
0.360556 -0.0298845 -0.932259 -99.2201 0.00978175 0.999553 -0.0282585 -6.52011 0.932686 0.00106971 0.360687 99.5297
0.366607 -0.02729 -0.929976 -100.266 0.00853342 0.999627 -0.0259699 -6.56713 0.930337 0.0015849 0.366702 99.9395
0.374397 -0.0279446 -0.926847 -101.297 0.00908424 0.999609 -0.0264688 -6.59567 0.927224 0.00149018 0.374504 100.346
0.384641 -0.026477 -0.922686 -102.308 0.00692723 0.999644 -0.0257976 -6.62823 0.92304 0.00353119 0.384687 100.774
0.394006 -0.0265395 -0.918725 -103.314 0.00593351 0.999636 -0.0263321 -6.64369 0.919089 0.00492379 0.394019 101.196
0.404351 -0.0257691 -0.914241 -104.323 0.00490446 0.99965 -0.0260073 -6.67432 0.914591 0.00603224 0.404335 101.64
0.413765 -0.0270245 -0.909982 -105.311 0.00394252 0.999604 -0.0278933 -6.69585 0.910375 0.00795371 0.413707 102.092
0.425702 -0.0273189 -0.904451 -106.322 0.00249773 0.999576 -0.0290165 -6.73297 0.90486 0.0100933 0.425589 102.538
0.439227 -0.0252697 -0.898021 -107.312 -7.07432e-05 0.999604 -0.0281628 -6.76425 0.898376 0.0124334 0.439051 103.01
0.451672 -0.0233731 -0.891878 -108.301 -0.00103125 0.999643 -0.0267195 -6.80732 0.892183 0.0129882 0.451487 103.486
0.465834 -0.0221602 -0.884595 -109.293 -0.000503194 0.99968 -0.0253082 -6.84414 0.884872 0.0122346 0.465673 103.989
0.477591 -0.0210758 -0.878329 -110.261 -0.000915416 0.9997 -0.0244859 -6.88773 0.878582 0.0124983 0.477428 104.501
0.489419 -0.0216774 -0.871779 -111.192 6.12981e-05 0.999692 -0.0248236 -6.9332 0.872049 0.0120957 0.48927 105.018
0.502584 -0.0229576 -0.864223 -112.116 0.000243273 0.999652 -0.0264137 -6.95416 0.864528 0.0130649 0.502414 105.553
0.512836 -0.0241475 -0.858147 -113.037 0.00232626 0.99964 -0.0267387 -6.9925 0.858484 0.0117163 0.512707 106.067
0.524379 -0.0238024 -0.851152 -113.945 0.00306658 0.999656 -0.0260661 -7.03023 0.85148 0.0110584 0.524271 106.625
0.536237 -0.02259 -0.843765 -114.859 0.00343929 0.999693 -0.0245788 -7.0657 0.84406 0.0102781 0.53615 107.18
0.545894 -0.0192851 -0.837632 -115.739 0.00225979 0.999766 -0.0215452 -7.10185 0.837851 0.00986858 0.545809 107.733
0.557581 -0.0173743 -0.829941 -116.608 0.000861307 0.999793 -0.0203513 -7.1316 0.830123 0.0106327 0.55748 108.306
0.566528 -0.0175151 -0.823857 -117.473 4.52553e-05 0.999775 -0.0212239 -7.17451 0.824043 0.0119867 0.566401 108.872
0.57623 -0.0172223 -0.817106 -118.299 -0.00101026 0.999763 -0.0217845 -7.2026 0.817287 0.0133784 0.576075 109.432
0.586618 -0.0162203 -0.809701 -119.108 -0.00170889 0.999773 -0.0212659 -7.22163 0.809862 0.0138587 0.586457 110.004
0.594912 -0.0149612 -0.803651 -119.904 -0.0010968 0.999811 -0.0194249 -7.27949 0.80379 0.0124376 0.594783 110.578
0.604511 -0.0141151 -0.796472 -120.683 -0.00041244 0.999838 -0.0180321 -7.3188 0.796597 0.0112291 0.604406 111.176
0.614542 -0.0125261 -0.788785 -121.438 -0.000791515 0.999864 -0.0164947 -7.33923 0.788884 0.010761 0.614448 111.769
0.621148 -0.0114368 -0.78361 -122.208 -0.00329853 0.999847 -0.0172074 -7.34726 0.783686 0.0132731 0.621015 112.351
0.629825 -0.00981118 -0.776675 -122.969 -0.00415084 0.999864 -0.0159965 -7.3686 0.776726 0.0132989 0.629698 112.943
0.636651 -0.00746987 -0.771116 -123.697 -0.0050907 0.999891 -0.013889 -7.38447 0.771136 0.012768 0.636543 113.547
0.643296 -0.00437451 -0.765605 -124.415 -0.00631788 0.99992 -0.0110219 -7.42976 0.765591 0.0119274 0.643216 114.146
0.651881 -0.00296391 -0.758316 -125.114 -0.00672037 0.999931 -0.00968535 -7.45416 0.758292 0.0114099 0.651815 114.752
0.658392 -0.000410134 -0.752675 -125.81 -0.00800552 0.99994 -0.00754755 -7.47657 0.752633 0.0109948 0.658349 115.372
0.666703 0.000545616 -0.745323 -126.479 -0.00963247 0.999923 -0.00788436 -7.50139 0.745261 0.0124359 0.666656 115.968
0.677818 0.0055356 -0.73521 -127.15 -0.0121414 0.99992 -0.00366486 -7.50094 0.73513 0.0114106 0.67783 116.571
0.687367 0.00801817 -0.726266 -127.808 -0.0131597 0.999913 -0.00141548 -7.51811 0.726191 0.0105304 0.687412 117.178
0.698844 0.00951244 -0.715211 -128.43 -0.0150812 0.999886 -0.00143735 -7.52903 0.715115 0.0117907 0.698907 117.803
0.709385 0.010264 -0.704747 -129.042 -0.0165122 0.999862 -0.0020588 -7.541 0.704628 0.0130975 0.709456 118.412
0.72042 0.0118577 -0.693437 -129.648 -0.0191183 0.999814 -0.00276544 -7.53932 0.693274 0.0152497 0.720512 119.032
0.731951 0.0112756 -0.681264 -130.232 -0.0189937 0.999813 -0.00385897 -7.54984 0.681092 0.0157643 0.732028 119.678
0.742607 0.0129717 -0.669603 -130.807 -0.0196492 0.999805 -0.00242305 -7.55102 0.66944 0.0149566 0.742716 120.305
0.754228 0.0143604 -0.656456 -131.385 -0.0197431 0.999805 -0.000812112 -7.56081 0.656316 0.013573 0.754364 120.957
0.764393 0.0159821 -0.644553 -131.952 -0.019941 0.999801 0.00114216 -7.56643 0.644443 0.01198 0.764558 121.608
0.774217 0.0174149 -0.632682 -132.492 -0.0198188 0.999799 0.00326767 -7.58112 0.632611 0.0100091 0.774405 122.267
0.784044 0.0172259 -0.620466 -133.031 -0.0190727 0.999812 0.00365676 -7.59186 0.620412 0.00896693 0.784225 122.943
0.792169 0.0174455 -0.610053 -133.559 -0.0186885 0.999817 0.00432393 -7.59598 0.610016 0.00797575 0.792349 123.624
0.799687 0.0182943 -0.60014 -134.068 -0.0194525 0.999801 0.00455696 -7.60554 0.600103 0.00803009 0.799882 124.298
0.807733 0.0183075 -0.589265 -134.58 -0.020061 0.999793 0.00356336 -7.60307 0.589208 0.00894307 0.807932 125.004
0.814704 0.0197364 -0.579542 -135.082 -0.0213818 0.999764 0.00398934 -7.60823 0.579484 0.00914155 0.814932 125.706
0.822235 0.0191929 -0.568824 -135.589 -0.0212337 0.999771 0.00304035 -7.61441 0.568752 0.00957839 0.822453 126.421
0.828634 0.0188282 -0.559474 -136.089 -0.0208003 0.99978 0.00283892 -7.62777 0.559405 0.00928485 0.828843 127.133
0.834538 0.0180443 -0.550655 -136.568 -0.0201914 0.999795 0.00216134 -7.64143 0.550581 0.00931481 0.83473 127.859
0.840314 0.0175508 -0.541817 -137.056 -0.0198249 0.999803 0.00163931 -7.64976 0.541738 0.00936396 0.840495 128.606
0.844024 0.0181344 -0.536 -137.545 -0.0204598 0.99979 0.00160837 -7.65445 0.535916 0.00960899 0.844216 129.339
0.847609 0.0209235 -0.530209 -138.037 -0.0214283 0.999758 0.00519719 -7.6494 0.530188 0.00695632 0.847851 130.087
0.851488 0.02423 -0.523815 -138.521 -0.0234384 0.999693 0.00814243 -7.64659 0.523851 0.00534425 0.851793 130.86
0.854964 0.0272238 -0.517973 -139.009 -0.0247101 0.999626 0.0117525 -7.64905 0.518099 0.00275127 0.855316 131.639
0.858664 0.0290569 -0.511716 -139.488 -0.0264187 0.999574 0.0124283 -7.64723 0.511859 0.00284718 0.859065 132.421
0.861859 0.0316141 -0.506162 -139.977 -0.0280701 0.9995 0.0146313 -7.63121 0.506371 0.00159795 0.862314 133.214
0.865513 0.0329703 -0.499801 -140.459 -0.0283591 0.999457 0.0168211 -7.62551 0.500083 -0.000384931 0.865977 134.03
0.869829 0.0329854 -0.49225 -140.939 -0.0276334 0.999454 0.0181434 -7.61699 0.49258 -0.00217902 0.870265 134.865
0.873623 0.0330627 -0.48548 -141.417 -0.0272943 0.999449 0.0189494 -7.6065 0.485838 -0.00330375 0.874042 135.71
0.877879 0.0317245 -0.477832 -141.891 -0.026312 0.999492 0.0180182 -7.58929 0.47816 -0.00324504 0.878266 136.567
0.882571 0.0310128 -0.469157 -142.363 -0.025532 0.999512 0.0180408 -7.57707 0.469487 -0.00394368 0.88293 137.439
0.886942 0.0304725 -0.460875 -142.833 -0.0255065 0.999531 0.0170012 -7.54702 0.461176 -0.00332367 0.887302 138.32
0.892192 0.0294032 -0.450699 -143.299 -0.0254652 0.999567 0.0148007 -7.52223 0.450939 -0.00172788 0.892553 139.216
0.898014 0.031149 -0.438863 -143.76 -0.0280154 0.999515 0.0136164 -7.5093 0.439074 6.72789e-05 0.89845 140.126
0.905119 0.0345349 -0.423754 -144.219 -0.0315211 0.999404 0.0141214 -7.49328 0.423989 0.000575752 0.905667 141.058
0.913413 0.0379285 -0.405265 -144.663 -0.0343075 0.999281 0.0161976 -7.4862 0.405587 -0.000891442 0.914056 142.019
0.920971 0.0411787 -0.387451 -145.102 -0.0376424 0.999152 0.016715 -7.47217 0.38781 -0.000809384 0.921739 142.986
0.929254 0.0429189 -0.366942 -145.511 -0.0394907 0.999079 0.0168489 -7.46146 0.367327 -0.00116607 0.930091 143.989
0.936232 0.0439577 -0.348624 -145.901 -0.0401372 0.99903 0.018178 -7.44892 0.349085 -0.00302599 0.937086 145.001
0.943468 0.0455708 -0.328317 -146.281 -0.0412562 0.998947 0.0200994 -7.44204 0.328887 -0.005418 0.944354 146.034
0.950686 0.0479005 -0.306434 -146.651 -0.0433192 0.998825 0.0217381 -7.40703 0.307115 -0.00739153 0.951644 147.096
0.957128 0.0502266 -0.28528 -146.996 -0.0448924 0.998674 0.0252111 -7.3873 0.286168 -0.0113232 0.958112 148.167
0.963388 0.0526815 -0.262886 -147.321 -0.0471215 0.998514 0.0274148 -7.36288 0.263939 -0.0140235 0.964437 149.265
0.968539 0.0536397 -0.243015 -147.62 -0.0485239 0.998458 0.0269935 -7.34 0.244088 -0.0143521 0.969647 150.367
0.973455 0.0538319 -0.222461 -147.891 -0.0496096 0.998468 0.0245294 -7.31846 0.22344 -0.012842 0.974633 151.494
0.9781 0.054014 -0.201008 -148.139 -0.0504382 0.998466 0.0228728 -7.29977 0.201935 -0.0122333 0.979322 152.643
0.981604 0.0541694 -0.183083 -148.369 -0.0505001 0.998421 0.0246482 -7.29062 0.184129 -0.014949 0.982788 153.802
0.984875 0.0543239 -0.16453 -148.573 -0.0507057 0.998373 0.0261153 -7.26988 0.165681 -0.0173777 0.986026 154.977
0.988177 0.0552902 -0.143006 -148.758 -0.0519927 0.998291 0.0266968 -7.23683 0.144238 -0.0189458 0.989362 156.172
0.990572 0.0573586 -0.12441 -148.925 -0.0544303 0.998158 0.0268141 -7.21682 0.125719 -0.0197895 0.991868 157.368
0.993001 0.0577546 -0.103023 -149.067 -0.0552178 0.998101 0.0273105 -7.18154 0.104404 -0.0214306 0.994304 158.59
0.994536 0.0598704 -0.0855266 -149.196 -0.0578415 0.997988 0.0260092 -7.15281 0.0869117 -0.02092 0.995996 159.808
0.995961 0.0607854 -0.0660867 -149.297 -0.0592942 0.997945 0.0242994 -7.11574 0.0674281 -0.0202826 0.997518 161.032
0.99709 0.0609751 -0.045754 -149.375 -0.0599937 0.997945 0.0225279 -7.0896 0.0470338 -0.0197174 0.998699 162.292
0.99762 0.0624699 -0.0291945 -149.428 -0.0619052 0.997885 0.0198649 -7.07139 0.0303739 -0.0180102 0.999376 163.546
0.997976 0.0626612 -0.0109222 -149.455 -0.0624567 0.997883 0.0181573 -7.05031 0.012037 -0.0174383 0.999775 164.807
0.997993 0.062659 0.0091724 -149.462 -0.0628009 0.997897 0.0160889 -7.02778 -0.00814478 -0.0166326 0.999828 166.079
0.997684 0.063484 0.024452 -149.444 -0.0637488 0.997914 0.0102048 -7.0094 -0.0237529 -0.0117399 0.999649 167.32
0.996919 0.0647233 0.0443129 -149.394 -0.0649769 0.997878 0.00430277 -6.99377 -0.0439401 -0.00716876 0.999008 168.632
0.995995 0.0665584 0.0597009 -149.335 -0.0666074 0.997779 -0.00117174 -6.99504 -0.0596461 -0.00280942 0.998215 169.946
0.994615 0.0684238 0.077843 -149.246 -0.0682025 0.997657 -0.00550124 -7.00997 -0.0780367 0.000162588 0.99695 171.278
0.992673 0.0711296 0.0976855 -149.125 -0.0705254 0.997464 -0.00962899 -7.03464 -0.0981224 0.00266919 0.995171 172.646
0.991077 0.0702165 0.113303 -149 -0.0695928 0.997531 -0.00945553 -7.05898 -0.113687 0.00148612 0.993515 173.974
0.989051 0.0685756 0.130677 -148.84 -0.0678704 0.997646 -0.00984815 -7.07953 -0.131044 0.000871313 0.991376 175.315
0.986431 0.0682241 0.149331 -148.644 -0.0668478 0.997663 -0.0142226 -7.11313 -0.149952 0.00404723 0.988685 176.694
0.983944 0.0697367 0.164292 -148.448 -0.0674478 0.997533 -0.0194766 -7.14584 -0.165244 0.00808278 0.986219 178.036
0.980605 0.0711116 0.182641 -148.209 -0.0686221 0.997445 -0.019923 -7.16957 -0.183591 0.00700342 0.982978 179.422
0.977238 0.0729686 0.199202 -147.959 -0.0705363 0.997323 -0.0192895 -7.21015 -0.200076 0.0047995 0.979768 180.8
0.973219 0.076212 0.21688 -147.69 -0.0728968 0.997069 -0.0232575 -7.23836 -0.218016 0.00682488 0.975921 182.19
0.968893 0.0765224 0.235356 -147.383 -0.0722149 0.997028 -0.0268808 -7.28298 -0.236713 0.00904842 0.971537 183.58
0.964774 0.0775342 0.251396 -147.052 -0.0724596 0.996939 -0.0293949 -7.33413 -0.252905 0.0101435 0.967438 184.959
0.960138 0.0775157 0.268568 -146.685 -0.0708094 0.996891 -0.0345835 -7.39027 -0.270413 0.0141879 0.96264 186.341
0.954246 0.0802366 0.288061 -146.294 -0.0715757 0.996614 -0.0404919 -7.45972 -0.290334 0.0180211 0.956756 187.725
0.947803 0.0829972 0.307866 -145.877 -0.072852 0.996358 -0.0443229 -7.52777 -0.310423 0.0195808 0.950397 189.109
0.939018 0.0857354 0.33301 -145.414 -0.0743883 0.996136 -0.046702 -7.59916 -0.335726 0.019082 0.941766 190.497
0.929598 0.0900344 0.357412 -144.916 -0.0774112 0.99577 -0.0495011 -7.67804 -0.360357 0.0183484 0.932634 191.876
0.918849 0.0942488 0.38319 -144.383 -0.0795808 0.995366 -0.0539925 -7.76382 -0.386502 0.0191165 0.92209 193.246
0.907297 0.0975287 0.409026 -143.805 -0.0808834 0.995044 -0.0578453 -7.85642 -0.41264 0.0193994 0.910688 194.613
0.896309 0.0990659 0.432225 -143.191 -0.0808171 0.994895 -0.060439 -7.95568 -0.436005 0.0192409 0.899738 195.964
0.883703 0.100451 0.457143 -142.533 -0.0801648 0.99475 -0.0636155 -8.06326 -0.461132 0.0195705 0.887116 197.304
0.871905 0.101313 0.47908 -141.843 -0.0775934 0.994587 -0.0691138 -8.17899 -0.483488 0.0230873 0.875046 198.628
0.858748 0.10322 0.501895 -141.114 -0.0759844 0.994324 -0.0744835 -8.30003 -0.506734 0.0258264 0.861716 199.937
0.845353 0.104329 0.523923 -140.35 -0.0743901 0.994179 -0.077942 -8.42708 -0.529004 0.0269138 0.848192 201.232
0.832793 0.105094 0.543519 -139.55 -0.0727713 0.994078 -0.080711 -8.56272 -0.548781 0.027663 0.835508 202.513
0.819727 0.105565 0.562943 -138.711 -0.0712088 0.994027 -0.0827133 -8.69174 -0.568311 0.0277159 0.822347 203.773
0.806877 0.106121 0.581111 -137.848 -0.0698404 0.99397 -0.0845418 -8.82271 -0.586577 0.0276298 0.809422 205.011
0.795424 0.106656 0.596595 -136.955 -0.0676355 0.993866 -0.0875014 -8.9577 -0.602267 0.0292498 0.797758 206.234
0.782792 0.107655 0.612901 -136.034 -0.0655764 0.993709 -0.0907901 -9.09886 -0.618819 0.0308779 0.784927 207.447
0.770798 0.110185 0.627479 -135.082 -0.0644331 0.993363 -0.0952847 -9.25323 -0.633813 0.0330148 0.772782 208.643
0.758369 0.111292 0.642255 -134.1 -0.0627157 0.993204 -0.0980517 -9.40507 -0.648801 0.0340799 0.760194 209.815
0.744377 0.112362 0.658239 -133.099 -0.0620671 0.993117 -0.0993369 -9.57223 -0.664868 0.0330892 0.746227 210.972
0.730847 0.113102 0.673106 -132.08 -0.0620235 0.993101 -0.0995268 -9.7373 -0.679718 0.0309904 0.732819 212.117
0.71608 0.114855 0.688504 -131.045 -0.0644299 0.993035 -0.0986457 -9.9028 -0.695038 0.026278 0.718493 213.24
0.699881 0.116361 0.704718 -129.978 -0.0659283 0.992954 -0.0984775 -10.0747 -0.71121 0.0224618 0.702621 214.341
0.684659 0.119146 0.71906 -128.913 -0.0688068 0.992709 -0.0989745 -10.2482 -0.725609 0.0182875 0.687864 215.411
0.667971 0.121002 0.734285 -127.835 -0.0687224 0.992507 -0.101038 -10.4266 -0.741007 0.0170287 0.671281 216.446
0.6524 0.123708 0.747711 -126.734 -0.0698902 0.992205 -0.103178 -10.5991 -0.754646 0.0150555 0.65596 217.433
0.635298 0.123982 0.762251 -125.627 -0.0700391 0.992212 -0.103012 -10.7727 -0.769085 0.012056 0.639033 218.392
0.616253 0.123348 0.777829 -124.513 -0.0699234 0.992328 -0.101965 -10.945 -0.784438 0.00844809 0.62015 219.32
0.597715 0.121708 0.792417 -123.368 -0.0696999 0.992556 -0.0998738 -11.1167 -0.798673 0.00446478 0.601749 220.208
0.57802 0.120405 0.807091 -122.215 -0.06991 0.992725 -0.0980308 -11.2848 -0.813022 0.000240087 0.582233 221.076
0.557284 0.118432 0.821833 -121.055 -0.0676114 0.992962 -0.0972457 -11.4452 -0.827565 -0.00137181 0.561369 221.914
0.537983 0.117758 0.834691 -119.893 -0.0668179 0.993036 -0.0970316 -11.6066 -0.840303 -0.00357084 0.542105 222.714
0.518714 0.116177 0.847018 -118.718 -0.0644275 0.993219 -0.0967751 -11.7654 -0.852517 -0.00437257 0.522681 223.478
0.498453 0.114874 0.859273 -117.54 -0.0610364 0.993373 -0.0973947 -11.9182 -0.864765 -0.00390012 0.502161 224.201
0.479844 0.113637 0.869964 -116.365 -0.0575158 0.993518 -0.0980518 -12.083 -0.875466 -0.00298694 0.48327 224.878
0.45969 0.111351 0.881072 -115.183 -0.0546443 0.993775 -0.0970847 -12.2502 -0.886397 -0.00351663 0.462913 225.526
0.440425 0.111629 0.890823 -114.007 -0.0542181 0.993737 -0.0977197 -12.3854 -0.896151 -0.00526049 0.443718 226.143
0.42159 0.114863 0.899483 -112.832 -0.0539555 0.993365 -0.101563 -12.5479 -0.90518 -0.00571417 0.42499 226.742
0.402302 0.122493 0.907276 -111.666 -0.0537616 0.99246 -0.110155 -12.6864 -0.913927 -0.00446079 0.405854 227.298
0.384749 0.129299 0.913921 -110.496 -0.0558921 0.991587 -0.116758 -12.8306 -0.921327 -0.00615841 0.388739 227.826
0.366039 0.132397 0.921134 -109.31 -0.0573313 0.991156 -0.11968 -13.0027 -0.928832 -0.00900231 0.370392 228.311
0.346002 0.133455 0.928694 -108.15 -0.0583291 0.990978 -0.120674 -13.1702 -0.936418 -0.0124164 0.350665 228.777
0.328148 0.133695 0.935118 -106.972 -0.0593381 0.990897 -0.120847 -13.3458 -0.942761 -0.0158324 0.333094 229.225
0.30857 0.134549 0.941638 -105.811 -0.0610307 0.990707 -0.121561 -13.5055 -0.949242 -0.0199587 0.313914 229.636
0.291397 0.135776 0.946918 -104.642 -0.0607008 0.990506 -0.123346 -13.6683 -0.954674 -0.0215357 0.296873 230.021
0.273207 0.135327 0.952389 -103.488 -0.0602983 0.990518 -0.123448 -13.8356 -0.960063 -0.0237005 0.278777 230.393
0.253291 0.135292 0.957884 -102.319 -0.0593659 0.990481 -0.124198 -14.0134 -0.965567 -0.0254072 0.258911 230.73
0.236557 0.138587 0.961684 -101.163 -0.0625321 0.989896 -0.12727 -14.1788 -0.969603 -0.0300293 0.242833 231.034
0.217601 0.139194 0.966062 -100.012 -0.0629285 0.989721 -0.128429 -14.3477 -0.974007 -0.0328465 0.224124 231.322
0.199909 0.136281 0.970291 -98.8641 -0.0614325 0.990076 -0.126403 -14.517 -0.977886 -0.0343382 0.206298 231.58
0.18653 0.13233 0.973497 -97.7287 -0.0600511 0.990571 -0.123145 -14.6623 -0.980612 -0.0354892 0.192718 231.832
0.171447 0.12771 0.976881 -96.5578 -0.0586209 0.991129 -0.119285 -14.8025 -0.983447 -0.0368145 0.177413 232.048
0.160326 0.125205 0.979092 -95.4292 -0.0579464 0.991406 -0.117291 -14.9425 -0.985361 -0.0379298 0.166204 232.274
0.148882 0.124925 0.980933 -94.2853 -0.0586577 0.991358 -0.117349 -15.0846 -0.987113 -0.0400679 0.154923 232.448
0.138284 0.128687 0.981997 -93.1815 -0.0608752 0.990753 -0.121262 -15.2254 -0.98852 -0.0430105 0.14484 232.616
0.131202 0.132388 0.982477 -92.0923 -0.0639473 0.99011 -0.124877 -15.3872 -0.989291 -0.0464425 0.138371 232.829
0.126094 0.137224 0.982482 -91.0273 -0.0651153 0.989396 -0.129833 -15.541 -0.989879 -0.0476034 0.133693 232.972
0.120079 0.144454 0.982199 -89.9824 -0.0663257 0.988315 -0.137244 -15.7078 -0.990546 -0.0486647 0.128258 233.102
0.116718 0.147713 0.98212 -88.9471 -0.0681292 0.98774 -0.140461 -15.897 -0.990825 -0.0505166 0.125351 233.237
0.11068 0.142996 0.983516 -87.8851 -0.0676002 0.988387 -0.136097 -16.0705 -0.991554 -0.0514225 0.119062 233.381
0.109014 0.134641 0.98488 -86.8352 -0.0647866 0.989641 -0.128121 -16.2266 -0.991926 -0.0498399 0.116609 233.532
0.105347 0.132486 0.985571 -85.7667 -0.0650011 0.989884 -0.126117 -16.379 -0.992308 -0.050777 0.112894 233.676
0.103727 0.134072 0.985529 -84.7151 -0.0659809 0.989618 -0.127684 -16.5309 -0.992415 -0.0517816 0.111497 233.814
0.103032 0.136884 0.985215 -83.7063 -0.0688796 0.98909 -0.130219 -16.6741 -0.99229 -0.0544445 0.111336 233.964
0.102866 0.138979 0.984939 -82.7011 -0.0700525 0.988745 -0.1322 -16.8539 -0.992225 -0.0553985 0.111444 234.105
0.103304 0.139379 0.984837 -81.6838 -0.0704271 0.988674 -0.132534 -16.9927 -0.992153 -0.0556677 0.111951 234.25
0.105864 0.14016 0.984454 -80.6612 -0.072561 0.988467 -0.132929 -17.1344 -0.991729 -0.0573604 0.114814 234.4
0.108036 0.141334 0.98405 -79.659 -0.0737022 0.988258 -0.133847 -17.2671 -0.991411 -0.0580661 0.117185 234.563
0.111403 0.142239 0.983544 -78.6592 -0.0770853 0.987959 -0.134146 -17.4009 -0.990781 -0.0608725 0.121026 234.703
0.117133 0.141309 0.983012 -77.6573 -0.07677 0.988152 -0.1329 -17.5441 -0.990144 -0.0598987 0.126594 234.837
0.122778 0.139969 0.982515 -76.6736 -0.076046 0.988421 -0.131307 -17.7007 -0.989516 -0.0585944 0.132001 234.987
0.12996 0.138986 0.98173 -75.6501 -0.074388 0.988703 -0.130126 -17.8557 -0.988725 -0.0561175 0.138832 235.126
0.136913 0.139599 0.980698 -74.6606 -0.0749656 0.988642 -0.130264 -17.9787 -0.987742 -0.0556835 0.145824 235.262
0.143298 0.139892 0.979743 -73.7201 -0.0759162 0.988597 -0.130053 -18.0871 -0.986763 -0.0557419 0.152285 235.39
0.14963 0.139657 0.97883 -72.7938 -0.0759008 0.988676 -0.129459 -18.2084 -0.985824 -0.0549228 0.158536 235.555
0.154513 0.138898 0.978179 -71.8543 -0.0770088 0.98875 -0.128235 -18.3444 -0.984985 -0.0555144 0.163471 235.712
0.162038 0.137789 0.977118 -70.9233 -0.0762585 0.988991 -0.126817 -18.4771 -0.983833 -0.0539642 0.170762 235.883
0.168385 0.138318 0.975969 -69.953 -0.0789748 0.988817 -0.126513 -18.598 -0.982552 -0.055774 0.177426 236.076
0.17423 0.139427 0.974785 -69.003 -0.0783803 0.988748 -0.127415 -18.7486 -0.98158 -0.0542043 0.183198 236.254
0.17885 0.14076 0.973756 -68.0149 -0.0814154 0.988437 -0.127928 -18.8758 -0.980502 -0.0563987 0.188242 236.444
0.184706 0.141715 0.972524 -67.0502 -0.0818502 0.98833 -0.128473 -19.0253 -0.979379 -0.0558714 0.19415 236.657
0.189918 0.142033 0.971473 -66.0926 -0.0842039 0.988192 -0.128016 -19.1581 -0.978182 -0.0574891 0.199636 236.862
0.194412 0.142008 0.970587 -65.0923 -0.0889399 0.987942 -0.126732 -19.3029 -0.976879 -0.0616855 0.204699 237.119
0.20019 0.140202 0.969675 -64.1291 -0.08988 0.988164 -0.124319 -19.4441 -0.975625 -0.0622668 0.210422 237.358
0.205334 0.138323 0.968868 -63.1909 -0.0903183 0.988416 -0.121973 -19.5788 -0.974515 -0.0624613 0.215449 237.583
0.212657 0.13753 0.9674 -62.2485 -0.0908025 0.988543 -0.120575 -19.7201 -0.972898 -0.0622011 0.222709 237.803
0.218606 0.137706 0.966048 -61.3293 -0.0913483 0.988534 -0.12024 -19.8526 -0.971528 -0.0619616 0.228679 238.032
0.226859 0.137637 0.964154 -60.4273 -0.0912216 0.988615 -0.119665 -19.9736 -0.969646 -0.0608043 0.236832 238.249
0.235474 0.138045 0.962027 -59.518 -0.0920823 0.988578 -0.119316 -20.1013 -0.967508 -0.0604897 0.245496 238.471
0.243519 0.140081 0.959727 -58.6292 -0.0932047 0.988316 -0.120604 -20.1993 -0.965407 -0.0600814 0.253731 238.724
0.253376 0.140784 0.957069 -57.7174 -0.0939868 0.988256 -0.12049 -20.3134 -0.962791 -0.0594225 0.263632 238.975
0.259872 0.139725 0.955481 -56.8454 -0.095881 0.988321 -0.11845 -20.4197 -0.960871 -0.0608307 0.270234 239.237
0.265768 0.138837 0.953988 -55.936 -0.0981431 0.988331 -0.116494 -20.5375 -0.959028 -0.0626668 0.276293 239.507
0.269554 0.139385 0.952845 -55.0415 -0.100923 0.98811 -0.115993 -20.6429 -0.957682 -0.0648972 0.280416 239.774
