1 0 0 0 0 1 0 0 0 0 1 0
-0.559273 0.371255 -0.741204 -1.53658 0.659566 0.740914 -0.126563 -0.585937 0.502181 -0.559657 -0.659241 -0.532197
0.136078 0.49912 0.855781 -0.199173 -0.121521 0.865703 -0.485583 -2.05432 -0.983217 -0.0379185 0.178457 -0.837044
0.630611 0.23531 -0.739567 -1.36771 -0.0146307 0.956363 0.291813 -1.98936 0.775961 -0.1732 0.606536 1.0203
-0.969709 0.243255 0.0221742 -2.05713 0.229043 0.937076 -0.263493 -2.86164 -0.0848749 -0.250432 -0.964406 -1.0229
0.627368 0.305046 0.716489 0.269981 -0.392942 0.918365 -0.0469292 -3.59574 -0.672314 -0.252097 0.696019 0.0892264
0.16404 0.262824 -0.950797 -2.38729 0.192383 0.936822 0.292153 -2.56477 0.967512 -0.230842 0.103114 1.98447
-0.852814 0.29114 0.433526 -2.09796 0.106009 0.909401 -0.402184 -3.57378 -0.511341 -0.297031 -0.806414 -1.30554
0.854655 0.320684 0.408322 0.562712 -0.387143 0.917653 0.0896278 -3.53454 -0.345956 -0.23468 0.908427 1.35739
-0.127739 0.250416 -0.959674 -1.94087 0.280108 0.937319 0.207298 -2.58417 0.951432 -0.242332 -0.189876 1.87427
-0.734754 0.25712 0.627715 -0.643993 -0.0175116 0.917879 -0.396473 -3.63673 -0.678108 -0.302302 -0.669913 -0.765672
0.919346 0.28468 0.271589 0.76835 -0.345953 0.913671 0.213359 -2.85752 -0.187404 -0.290108 0.938465 2.34477
-0.284626 0.260622 -0.922531 -2.87822 0.331207 0.929809 0.160491 -2.00508 0.899605 -0.259869 -0.350968 1.03882
-0.618527 0.247024 0.745925 0.633299 -0.0766741 0.925795 -0.370169 -3.59008 -0.782014 -0.286153 -0.553688 -1.26313
0.952716 0.277434 0.12395 0.437908 -0.300555 0.920411 0.250021 -2.04168 -0.0447204 -0.275453 0.960274 3.3524
-0.415236 0.268944 -0.86905 -3.56998 0.335986 0.933097 0.128228 -1.82623 0.845395 -0.238744 -0.477817 -0.298987
-0.495687 0.26293 0.827745 2.15547 -0.103295 0.92846 -0.356779 -3.67647 -0.862337 -0.262353 -0.433066 -1.48815
0.959402 0.279632 -0.0367917 -0.225248 -0.258239 0.923377 0.284054 -1.11172 0.113404 -0.263021 0.958102 4.19496
-0.550101 0.282708 -0.785789 -3.69612 0.364502 0.927875 0.0786528 -1.62558 0.75135 -0.243155 -0.613473 -2.08938
-0.361526 0.242628 0.900239 4.01516 -0.163862 0.933983 -0.317528 -3.44652 -0.91785 -0.26231 -0.297901 -0.926877
0.938602 0.285325 -0.193947 -1.40867 -0.208918 0.917433 0.338628 -0.067868 0.274553 -0.277318 0.920715 4.98326
-0.69137 0.276242 -0.667606 -3.37683 0.357604 0.933736 0.0160276 -1.8326 0.627795 -0.227658 -0.744343 -4.03729
-0.189265 0.244148 0.951089 5.68501 -0.226452 0.931633 -0.284218 -3.0122 -0.955457 -0.269169 -0.121037 0.392873
0.889172 0.271961 -0.367981 -3.17862 -0.132571 0.922825 0.361688 1.06967 0.437947 -0.272819 0.856605 5.3104
-0.827178 0.273583 -0.490846 -2.79952 0.364119 0.92625 -0.0973525 -1.92919 0.428012 -0.259254 -0.86579 -5.3027
0.182042 0.277397 0.943351 5.08259 -0.32327 0.922936 -0.209011 -1.91259 -0.928632 -0.266909 0.257688 2.52998
0.563704 0.299747 -0.769668 -5.11419 0.0413112 0.92043 0.388717 1.55646 0.824943 -0.250918 0.506467 2.47377
-0.950166 0.297251 0.09395 1.34584 0.264076 0.927618 -0.264176 -2.34166 -0.165676 -0.226201 -0.959888 -5.35087
0.715838 0.276975 0.640985 2.96654 -0.35824 0.933623 -0.0033516 0.0149636 -0.599367 -0.227227 0.767547 5.78651
-0.0288555 0.263965 -0.964101 -6.03725 0.260871 0.933065 0.24766 0.739681 0.964943 -0.244359 -0.0957852 -1.43139
-0.674874 0.269542 0.686944 5.2578 0.0316243 0.940612 -0.338007 -2.7202 -0.737255 -0.206388 -0.643319 -3.1103
0.966485 0.25375 -0.0389657 -1.18131 -0.235641 0.937071 0.257627 1.53287 0.101887 -0.23981 0.965459 5.77868
-0.723118 0.291688 -0.626114 -2.83814 0.37473 0.927134 -0.00086199 -0.50195 0.58024 -0.235247 -0.779732 -5.7035
0.0609254 0.262684 0.962957 6.24867 -0.253958 0.937079 -0.239557 -1.00164 -0.965295 -0.229955 0.123803 1.68686
0.739653 0.275092 -0.614197 -4.52744 -0.0273312 0.924167 0.38101 2.84616 0.672434 -0.265029 0.691081 3.35042
-0.932325 0.312472 -0.18202 0.629086 0.346295 0.916451 -0.200494 -1.2724 0.104163 -0.249959 -0.962637 -6.77785
0.48727 0.260438 0.833511 5.5355 -0.33118 0.938299 -0.0995723 0.313793 -0.808015 -0.227524 0.543457 4.25322
0.29604 0.284003 -0.911978 -6.06382 0.146026 0.930095 0.337046 2.81697 0.943948 -0.232951 0.233873 0.174323
-0.924455 0.26365 0.27545 2.88269 0.187144 0.943152 -0.274665 -1.36866 -0.332207 -0.202366 -0.921242 -7.25959
0.819677 0.191247 0.539957 2.96594 -0.300006 0.946328 0.120243 1.95755 -0.487981 -0.260551 0.833059 4.33009
-0.0626059 0.202679 -0.977242 -6.42139 0.325047 0.929917 0.172041 1.75565 0.943623 -0.306879 -0.124099 -3.07329
-0.747272 0.174566 0.641179 4.91184 -0.049848 0.947434 -0.316042 -0.900769 -0.662646 -0.268131 -0.69929 -5.78266
0.857325 0.15165 0.491932 4.36094 -0.299703 0.924007 0.237465 3.56213 -0.418536 -0.351018 0.837624 5.26312
0.0920068 0.233829 -0.967915 -6.21832 0.287555 0.924385 0.250647 4.3718 0.953335 -0.30139 0.0178105 -0.299345
-0.919424 0.213548 0.330237 2.78091 0.114774 0.948875 -0.294044 0.727908 -0.376147 -0.232448 -0.896929 -6.99831
0.664657 0.166035 0.728466 5.72396 -0.329581 0.940163 0.0864256 3.54219 -0.670527 -0.297532 0.679609 3.72285
0.395507 0.190321 -0.898528 -4.96303 0.19206 0.939529 0.283545 4.955 0.898158 -0.284716 0.335037 1.05866
-0.991163 0.113004 0.0694714 1.96748 0.0919172 0.962687 -0.254528 2.09486 -0.0956425 -0.245893 -0.964567 -6.9278
0.522796 0.107654 0.845633 5.7333 -0.359202 0.927446 0.104001 4.90245 -0.773083 -0.358125 0.523536 2.7055
0.476732 0.179059 -0.860619 -4.34233 0.230994 0.919109 0.319186 5.90416 0.848156 -0.350964 0.396806 0.580135
-0.981186 0.121525 0.15002 2.91404 0.068353 0.945369 -0.318755 2.79104 -0.180561 -0.302504 -0.93589 -5.67739
0.654031 0.116074 0.747509 4.95622 -0.382722 0.90313 0.194623 6.20501 -0.652508 -0.413378 0.6351 3.3393
0.216326 0.20665 -0.954201 -3.33329 0.313331 0.910949 0.268318 5.81843 0.924677 -0.357026 0.132312 -1.09574
-0.852159 0.13218 0.506314 5.54851 -0.0537616 0.940336 -0.335972 3.24634 -0.520515 -0.313521 -0.79421 -3.71385
0.948351 0.13144 0.288711 2.5219 -0.232348 0.907445 0.350082 6.84248 -0.215975 -0.399082 0.891117 4.53063
-0.375882 0.141728 -0.915765 -1.95423 0.380818 0.924555 -0.0132208 4.56672 0.844802 -0.353709 -0.401497 -2.92674
-0.329583 0.0788636 0.940827 7.00226 -0.31381 0.930698 -0.187946 4.43326 -0.890449 -0.357185 -0.281994 -1.03911
0.817865 0.144573 -0.556952 -1.43356 0.103902 0.914905 0.390067 6.93368 0.565952 -0.376891 0.733248 2.8816
-0.994724 0.0964786 -0.0348659 2.51488 0.102433 0.952637 -0.286339 3.62905 0.00558845 -0.2884 -0.957494 -5.04567
0.823066 0.0835489 0.561768 3.72936 -0.238029 0.948804 0.207633 6.09047 -0.51566 -0.304612 0.800816 3.70351
-0.321446 0.0669165 -0.944561 -2.58238 0.296302 0.954516 -0.0332132 4.61227 0.899377 -0.290551 -0.326653 -2.50288
-0.271095 0.0709197 0.959936 6.6331 -0.292302 0.94412 -0.1523 4.34965 -0.917098 -0.321879 -0.235216 -1.63273
0.800888 0.0560003 -0.59619 -1.0604 0.142109 0.9494 0.280079 6.66862 0.581708 -0.309036 0.752405 3.59069
-0.993796 0.0303541 0.106999 2.60555 -0.00252748 0.955625 -0.294573 3.91112 -0.111193 -0.293016 -0.94962 -5.1439
0.93501 0.0462169 0.351597 4.10314 -0.147809 0.952032 0.267928 7.19432 -0.322349 -0.302485 0.896992 4.98901
-0.748273 0.0739595 -0.659255 -1.20625 0.278831 0.936786 -0.211386 4.16001 0.601947 -0.341995 -0.721595 -3.77588
0.435124 0.0416263 0.899408 7.24376 -0.350448 0.927986 0.126594 6.58315 -0.829369 -0.37028 0.418378 2.81099
-0.15706 0.0546689 -0.986075 -2.88757 0.376767 0.926267 -0.00865727 5.45877 0.912896 -0.37288 -0.166077 -1.82803
-0.0944873 0.0286941 0.995112 8.34366 -0.405897 0.911616 -0.064827 5.85852 -0.909022 -0.410039 -0.0744889 0.0583075
0.387186 0.0526164 -0.920499 -3.20959 0.341222 0.919305 0.196075 6.66305 0.856537 -0.390012 0.337988 0.948778
-0.683545 0.0322109 0.729198 7.3763 -0.252544 0.926885 -0.277677 4.36063 -0.684828 -0.373959 -0.625433 -3.16854
0.966309 0.109178 -0.233079 0.353538 -0.0253428 0.941533 0.335964 7.81561 0.256133 -0.318739 0.91258 5.58513
-0.96317 0.113264 -0.243875 2.501 0.184535 0.938095 -0.293126 3.5931 0.195577 -0.327334 -0.924447 -5.28496
0.764958 0.151503 0.626008 4.73825 -0.325421 0.929672 0.172657 7.10355 -0.555824 -0.335792 0.760463 5.89355
-0.545508 0.149164 -0.824725 -1.48619 0.325368 0.944545 -0.0443759 4.61795 0.772371 -0.292546 -0.563791 -4.24665
0.3384 0.0895605 0.936731 8.56965 -0.232059 0.972658 -0.00916286 5.43124 -0.91194 -0.214276 0.349932 4.56603
-0.128012 0.0927988 -0.987421 -4.84913 0.275937 0.959634 0.0544141 5.03889 0.952613 -0.2655 -0.148452 -1.97895
-0.207442 0.0928001 0.973836 9.12111 -0.195849 0.971395 -0.134286 3.85596 -0.958442 -0.218581 -0.183333 -0.666669
0.497407 0.160237 -0.85259 -4.01505 0.0505769 0.975765 0.212894 6.25016 0.866042 -0.149016 0.477248 1.80939
-0.765371 0.147657 0.626423 7.04106 -0.0088053 0.970832 -0.239597 3.17107 -0.64353 -0.188897 -0.741746 -4.64991
0.913893 0.194857 -0.356133 -1.99829 -0.110575 0.963584 0.243471 6.57938 0.390607 -0.183128 0.902159 5.74308
-0.971629 0.231761 0.0471563 2.87852 0.217456 0.953819 -0.207224 2.23774 -0.0930055 -0.191091 -0.977157 -6.50248
0.922429 0.286171 0.259288 1.89564 -0.330826 0.931959 0.148345 5.44548 -0.199193 -0.222617 0.95434 6.54828
-0.817316 0.227441 -0.5294 -1.0625 0.310929 0.947632 -0.072908 2.84527 0.485095 -0.224195 -0.845234 -6.09096
0.654225 0.237232 0.71813 4.72761 -0.362104 0.931877 0.0220385 4.41106 -0.663981 -0.274456 0.69556 4.97117
-0.420888 0.251917 -0.87143 -3.59258 0.368763 0.925218 0.0893592 3.452 0.828775 -0.283741 -0.482311 -4.27083
0.124745 0.272601 0.954006 7.57065 -0.262616 0.936295 -0.233201 2.05801 -0.956803 -0.221447 0.188388 1.7087
0.224485 0.265898 -0.937499 -4.46354 0.264608 0.909273 0.321254 5.16228 0.937864 -0.320187 0.133759 -0.657792
-0.449813 0.321918 0.833089 7.50171 -0.0473595 0.922872 -0.382182 1.05461 -0.891867 -0.211365 -0.399874 -1.67487
0.73828 0.240771 -0.630057 -3.33471 0.0118754 0.929333 0.369051 5.93503 0.67439 -0.279945 0.683249 3.58573
-0.889857 0.315821 0.329259 4.41463 0.188242 0.91154 -0.365595 0.789017 -0.415596 -0.263347 -0.870591 -5.18056
0.966354 0.257184 0.00389957 0.254334 -0.248211 0.928445 0.276369 5.12629 0.0674576 -0.268038 0.961044 6.36095
-0.853323 0.361066 -0.376125 -0.949605 0.443232 0.882258 -0.158634 0.708264 0.274562 -0.302077 -0.912889 -6.32432
0.682503 0.338473 0.647785 4.00135 -0.424867 0.904905 -0.0251827 1.77138 -0.594708 -0.258036 0.761407 6.19904
-0.451796 0.421305 -0.786373 -4.18172 0.475104 0.859693 0.187625 1.07256 0.755087 -0.288841 -0.58857 -4.85538
0.27723 0.367032 0.887936 4.33212 -0.440137 0.870003 -0.222201 0.283538 -0.854063 -0.329213 0.402736 5.78998
-0.138663 0.345102 -0.928266 -5.93458 0.225428 0.923713 0.309735 1.95578 0.964342 -0.166308 -0.205881 -2.48505
-0.0805991 0.216893 0.972862 6.69054 -0.272604 0.934028 -0.23082 -0.533628 -0.958745 -0.28381 -0.0161556 2.65786
0.0728651 0.311787 -0.947354 -6.05069 0.245124 0.915143 0.32004 1.52526 0.96675 -0.255539 -0.00974471 -3.05675
-0.0578624 0.177284 0.982457 7.42582 -0.234755 0.954094 -0.185992 -0.547599 -0.970331 -0.241399 -0.0135875 2.52554
0.025807 0.145185 -0.989068 -4.42119 0.276207 0.949846 0.146634 -0.149972 0.960752 -0.276972 -0.0155887 -2.59987
0.00153919 0.145887 0.9893 8.07821 -0.261396 0.954963 -0.140417 -0.671397 -0.965231 -0.258383 0.0396044 2.96882
-0.0380998 0.269641 -0.962206 -3.64455 0.269577 0.929978 0.249936 0.401223 0.962225 -0.249866 -0.108121 -3.49148
0.0475054 0.211781 0.976162 7.90572 -0.177848 0.963443 -0.200366 -1.77401 -0.982911 -0.16409 0.083434 2.80382
-0.0581144 0.293998 -0.954037 -3.43704 0.145214 0.947977 0.283285 0.413415 0.987692 -0.122077 -0.0977841 -3.81377
-0.0136479 0.298819 0.954212 7.71699 -0.122442 0.946619 -0.298193 -2.24185 -0.992382 -0.120906 0.0236691 2.7896
-0.819934 0.225147 -0.526324 7.19542 0.21762 0.972976 0.077193 -2.85283 0.52948 -0.0512452 -0.846774 -10.7039
0.882308 0.364379 -0.297926 -1.37624 -0.304115 0.924449 0.230013 1.17782 0.35923 -0.112338 0.926463 -2.52192
-0.754956 0.249354 0.606517 9.2055 0.104839 0.958883 -0.263723 -2.92655 -0.647341 -0.135512 -0.750058 -6.7324
0.396478 0.316412 -0.861793 -1.9932 0.00973798 0.937225 0.348587 -0.488122 0.917993 -0.146599 0.368508 -8.50833
0.0484199 0.363723 0.930248 6.94694 -0.207984 0.914596 -0.346778 -3.70606 -0.976933 -0.176686 0.119934 -0.997381
-0.631959 0.406855 -0.659618 4.3547 0.33955 0.910435 0.236247 -4.17018 0.696658 -0.0746752 -0.713507 -12.323
0.89378 0.384824 0.230365 0.518906 -0.393909 0.919121 -0.00708185 -1.72832 -0.214458 -0.0844131 0.973079 -2.59784
-0.867243 0.411351 0.2805 9.1417 0.353791 0.905545 -0.234133 -6.0738 -0.350317 -0.103812 -0.930861 -8.2351
0.504877 0.399107 -0.765384 -1.11343 -0.22828 0.916856 0.327509 -1.52917 0.832459 0.00937009 0.554008 -9.5235
0.0399386 0.399459 0.91588 6.79602 -0.157327 0.907692 -0.389027 -4.21229 -0.986739 -0.128555 0.0990984 -0.979216
-0.707066 -0.161712 -0.688409 5.74524 0.0170086 0.969329 -0.245172 -7.10054 0.706943 -0.185062 -0.68263 -12.7026
0.974124 0.222236 -0.0411474 -1.83568 -0.225925 0.962569 -0.149726 -7.31108 0.00633312 0.155149 0.987871 -3.88205
-0.55041 0.200457 0.810472 9.65302 0.0526694 0.977151 -0.205914 -10.1939 -0.833232 -0.0706501 -0.548392 -3.32714
-0.397905 0.165537 -0.902368 4.06671 -0.11177 0.967512 0.226773 -6.85706 0.910593 0.191093 -0.366477 -13.128
0.840175 0.540565 0.0435275 -1.1675 -0.527534 0.83325 -0.165531 -5.76191 -0.125749 0.116113 0.985244 -3.22952
-0.308929 0.516312 0.798739 8.10186 0.244799 0.854689 -0.457797 -11.9512 -0.919041 0.0541038 -0.390431 -0.673777
-0.657774 0.653239 -0.374982 9.32661 0.42426 0.732678 0.532151 -9.50598 0.622363 0.190946 -0.759081 -11.495
0.615825 0.589306 -0.522951 0.691687 -0.539499 0.799126 0.265212 -3.35892 0.574196 0.118808 0.810052 -7.74102
0.383829 0.578363 0.719841 5.33474 -0.0456216 0.790477 -0.610789 -9.0735 -0.922276 0.201599 0.329795 1.43255
-0.74066 0.669218 0.0597416 11.382 0.66349 0.714508 0.22194 -11.4262 0.10584 0.204021 -0.973229 -8.42779
0.36003 0.569611 -0.738865 1.73546 -0.391624 0.811092 0.434464 -4.65763 0.846764 0.132937 0.515091 -8.58493
0.552414 0.529868 0.643489 4.42139 -0.124682 0.815806 -0.564724 -9.28444 -0.824192 0.231731 0.516729 0.726252
-0.798052 0.534289 0.278654 11.2082 0.589458 0.788187 0.176916 -10.819 -0.125108 0.305444 -0.943956 -7.14154
0.31782 0.568721 -0.758648 2.44083 -0.354259 0.813413 0.461366 -4.29681 0.879484 0.122127 0.459994 -7.97961
0.403487 0.448119 0.797739 7.93494 -0.0397511 0.879621 -0.474009 -8.42672 -0.914122 0.159546 0.37273 0.961712
-0.817426 0.484737 -0.311197 8.93104 0.428856 0.872798 0.233035 -8.27822 0.384573 0.0570305 -0.921332 -10.5308
0.811169 0.513035 -0.280713 1.62828 -0.487769 0.858332 0.159206 -4.00905 0.322624 0.00778031 0.946496 -2.96604
-0.350756 0.506973 0.787367 10.9294 0.303331 0.856963 -0.416657 -9.09713 -0.88598 0.0926885 -0.454366 -2.14984
-0.298118 0.528544 -0.794838 5.24701 0.195624 0.848856 0.491093 -5.29362 0.934268 -0.00908542 -0.356456 -10.3993
0.856711 0.421495 0.297301 3.33449 -0.374086 0.904572 -0.204469 -5.18857 -0.355113 0.063955 0.932634 0.0466499
-0.702401 0.397663 0.590336 11.7362 0.371138 0.912325 -0.17297 -8.45258 -0.607363 0.0976019 -0.788406 -3.81086
-0.0151579 0.418423 -0.908125 4.0665 -0.0634434 0.905997 0.418501 -4.51454 0.997871 0.0639585 0.0128128 -8.22236
0.777826 0.326503 0.537013 4.77733 -0.178668 0.934084 -0.309133 -6.19789 -0.602548 0.144505 0.784892 1.29056
-0.772773 0.475854 0.419982 12.5106 0.5393 0.841199 0.0392124 -8.41097 -0.334629 0.256799 -0.906685 -4.75685
0.184159 0.459352 -0.868954 3.99469 -0.291192 0.869884 0.398131 -3.11183 0.938772 0.179713 0.293957 -6.89642
0.792813 0.45521 0.405253 3.70342 -0.267437 0.857338 -0.439827 -5.37434 -0.547653 0.240321 0.80145 3.73422
-0.416775 0.519441 0.745976 13.78 0.538606 0.802191 -0.257666 -11.1925 -0.732258 0.294399 -0.614107 2.4401
-0.612069 0.578198 -0.539498 11.992 0.258774 0.791095 0.55426 -7.17497 0.747267 0.199638 -0.633828 -8.66991
0.687059 0.420308 -0.592698 2.14352 -0.487071 0.871718 0.0535563 -3.84416 0.539176 0.25189 0.803642 -3.25056
0.465208 0.358044 0.809559 9.42223 0.0869716 0.891635 -0.444321 -8.53381 -0.880919 0.277111 0.383657 5.64762
-0.861713 0.430299 0.268873 17.1063 0.49208 0.837934 0.236058 -7.22683 -0.123723 0.335723 -0.933801 -4.07629
-0.0591174 0.427552 -0.902055 7.25547 -0.214413 0.877106 0.429779 -0.283647 0.974953 0.218821 0.0398204 -8.05287
0.915695 0.379492 0.132239 4.85404 -0.347052 0.912654 -0.215907 -1.00925 -0.202624 0.151812 0.967418 4.16248
-0.182215 0.494927 0.849614 15.5251 0.428266 0.81776 -0.384521 -6.87785 -0.885091 0.293796 -0.360969 3.35474
-0.707933 0.550055 -0.443024 13.1868 0.239901 0.777244 0.581668 -1.63161 0.664287 0.305501 -0.682197 -5.72
0.705603 0.582638 -0.403309 6.10846 -0.606101 0.791101 0.0824645 1.27805 0.367105 0.186259 0.911341 2.60559
-0.108192 0.467931 0.877117 15.1965 0.25398 0.866027 -0.430686 -4.69206 -0.96114 0.176174 -0.212542 4.67743
-0.618082 0.504117 -0.603191 10.7261 0.190317 0.840441 0.507383 -0.385916 0.762728 0.198808 -0.615404 -4.34219
0.811512 0.569725 -0.129853 6.32542 -0.573159 0.819342 0.0128942 0.959204 0.11374 0.0639631 0.99145 5.70713
-0.333436 0.400164 0.853633 16.1259 0.345724 0.894271 -0.284171 -3.84334 -0.877095 0.200369 -0.436529 3.826
-0.456351 0.498381 -0.737129 9.5623 0.0776286 0.847562 0.524987 1.75924 0.886407 0.182356 -0.425475 -3.93005
0.918493 0.353173 0.177874 7.84028 -0.30327 0.917791 -0.256292 0.493842 -0.253767 0.181459 0.950093 7.29666
-0.67889 0.542715 0.494538 15.7549 0.645896 0.761737 0.0507273 -1.37802 -0.349178 0.35386 -0.867674 -0.2488
0.192949 0.636575 -0.746688 6.88741 -0.572032 0.691265 0.441508 6.03731 0.797213 0.341942 0.497521 1.22483
0.238609 0.518243 0.821273 14.9335 0.360575 0.737964 -0.570433 -1.84535 -0.901694 0.432242 -0.0107804 5.65144
-0.652326 0.593727 -0.471125 13.5659 0.0112166 0.629081 0.777258 6.61111 0.757855 0.501742 -0.417026 -2.66108
0.802529 0.587192 0.105605 11.0905 -0.427423 0.689359 -0.584886 2.55642 -0.41624 0.424251 0.804211 7.88254
-0.792575 0.532272 0.297509 17.9211 0.609769 0.689896 0.390157 3.19459 0.00241874 0.490642 -0.871358 -0.633293
0.493979 0.543957 -0.678303 8.75777 -0.671081 0.73456 0.100352 8.00533 0.552842 0.405626 0.727897 2.79231
0.0395056 0.56856 0.821693 15.4978 0.520666 0.690159 -0.50258 0.892997 -0.852846 0.447683 -0.268765 4.92337
-0.568198 0.564386 -0.598848 13.129 -0.0162244 0.71991 0.693877 7.12322 0.822732 0.403976 -0.399895 -3.16723
0.864298 0.497372 -0.0748961 7.28248 -0.462347 0.726987 -0.507664 5.0587 -0.19805 0.473402 0.858293 5.31468
-0.589733 0.460126 0.663701 16.864 0.705314 0.693749 0.145751 1.69062 -0.393378 0.554072 -0.733661 1.65703
-0.0963716 0.512797 -0.853084 10.4327 -0.58816 0.662093 0.464434 9.39268 0.802982 0.546509 0.2378 -2.51952
0.666586 0.49804 0.554634 10.4549 0.0676565 0.700554 -0.710384 2.35098 -0.742351 0.511058 0.433285 6.68835
-0.848958 0.52473 0.062677 17.8546 0.447215 0.65018 0.614218 4.77114 0.281547 0.549476 -0.786643 -2.70579
0.545311 0.719713 -0.429708 9.84157 -0.809694 0.584893 -0.0478929 10.336 0.216864 0.374049 0.901697 3.54124
-0.134568 0.467685 0.873591 18.8608 0.56464 0.760669 -0.320255 3.87703 -0.814293 0.450169 -0.366435 6.01214
-0.367626 0.582471 -0.724968 15.7368 -0.154937 0.730301 0.665323 10.5994 0.916976 0.356915 -0.178232 -1.84534
0.784911 0.573392 0.234809 11.7378 -0.369014 0.73702 -0.566241 8.73975 -0.497737 0.357802 0.790086 7.18275
-0.784271 0.494109 0.3752 18.9138 0.578414 0.801051 0.154122 5.45926 -0.224402 0.337895 -0.914041 2.16511
0.00810947 0.640728 -0.767725 13.2656 -0.542953 0.647539 0.534689 11.9541 0.839724 0.412504 0.353137 -1.30386
0.591022 0.643747 0.486089 12.6351 -0.141191 0.675851 -0.723387 7.86185 -0.794203 0.358908 0.490335 6.79326
-0.796596 0.584964 0.152486 18.3423 0.567978 0.637888 0.520095 7.79845 0.206967 0.500915 -0.840386 0.154079
0.394463 0.265663 -0.879672 10.6727 -0.750986 0.644866 -0.142006 11.2012 0.529545 0.716639 0.453885 -0.143567
0.468472 0.298067 0.831679 13.7377 0.538775 0.649675 -0.536322 4.49441 -0.700182 0.699341 0.143764 4.72088
-0.946718 0.308944 -0.0909894 18.4732 0.153962 0.682283 0.714691 9.10284 0.28288 0.662603 -0.693496 -1.72019
0.447843 0.331081 -0.830555 9.57703 -0.761382 0.628217 -0.160121 12.0711 0.468756 0.704081 0.533421 -0.0462066
0.501064 0.47188 0.725441 11.8917 0.478718 0.547195 -0.686589 3.61693 -0.720946 0.691308 0.0482829 5.06953
-0.897861 0.425166 -0.114363 17.3868 0.236788 0.685294 0.688696 7.09909 0.371182 0.591275 -0.715973 -2.19685
0.575492 0.30446 -0.759021 7.91585 -0.70932 0.64776 -0.277977 9.83094 0.407032 0.698363 0.58874 -0.8343
0.398686 0.427471 0.811368 11.7893 0.603698 0.543665 -0.583074 1.09376 -0.69036 0.722286 -0.0413113 3.29472
-0.924512 0.368928 -0.0957577 17.1423 0.19506 0.673796 0.712705 5.9632 0.327458 0.640227 -0.694896 -5.06308
0.684012 0.35847 -0.635316 6.6071 -0.682825 0.621075 -0.384726 7.42067 0.256667 0.696968 0.669595 -1.09348
-0.157277 0.342417 0.926291 16.918 0.660803 0.733532 -0.158963 0.996781 -0.733896 0.587095 -0.341637 0.589326
-0.15926 0.261721 -0.951913 7.83832 -0.452948 0.837373 0.306011 7.74838 0.877197 0.479903 -0.0148151 -5.7666
0.492074 0.230344 0.839526 13.684 0.378812 0.811617 -0.444721 0.304001 -0.783814 0.536859 0.31212 3.13306
-0.532047 0.0547359 -0.844944 8.66598 -0.523511 0.763043 0.379077 7.67214 0.665478 0.644025 -0.377321 -5.19502
0.626471 -0.0734977 0.775972 12.9009 0.576844 0.713249 -0.398152 -0.270621 -0.524197 0.697047 0.489228 3.38301
-0.664785 0.0983972 -0.740526 10.0575 -0.452723 0.735446 0.504141 7.53958 0.594223 0.6704 -0.444368 -4.7979
0.613569 0.0944986 0.783966 13.856 0.460514 0.763671 -0.452473 -0.155454 -0.64145 0.638652 0.425048 3.6698
-0.539123 0.185201 -0.821612 9.32004 -0.414221 0.791081 0.450122 6.94627 0.733325 0.583001 -0.349777 -4.48314
0.448803 0.117399 0.885885 14.4269 0.475376 0.808064 -0.34792 -0.0500951 -0.756698 0.577277 0.306854 3.73684
-0.330545 0.189042 -0.924663 7.8294 -0.499437 0.796275 0.341331 6.83527 0.800813 0.574638 -0.168791 -4.181
0.238141 0.150011 0.959575 15.7549 0.457896 0.853962 -0.247139 0.662861 -0.856516 0.498241 0.134675 3.54171
-0.107378 0.12075 -0.986858 7.13931 -0.537906 0.827718 0.159807 6.36547 0.836138 0.547997 -0.0239275 -3.29853
-0.0667145 0.149468 0.986513 16.7606 0.573169 0.815044 -0.0847274 1.29097 -0.816716 0.559787 -0.140045 2.00127
0.214927 0.157164 -0.963901 5.95139 -0.800322 0.59399 -0.0816027 6.51319 0.559723 0.788971 0.253446 -0.118694
-0.431591 0.0739045 0.899036 17.9568 0.58313 0.78326 0.21555 3.50346 -0.68825 0.617286 -0.381143 1.47833
0.436782 0.132693 -0.889726 6.13834 -0.63709 0.743899 -0.201814 6.05475 0.635089 0.654985 0.409459 0.362176
-0.479036 0.0982055 0.872284 17.7291 0.575232 0.785734 0.22744 3.73481 -0.663048 0.610719 -0.432885 1.2241
0.539607 0.154985 -0.827528 6.29078 -0.660989 0.68677 -0.302388 5.7499 0.521457 0.710159 0.473029 1.67672
-0.628663 0.21026 0.748715 17.9535 0.626115 0.707882 0.326928 3.88668 -0.461263 0.67431 -0.576666 -0.217243
0.678166 0.231187 -0.697598 6.76656 -0.643631 0.645013 -0.411941 4.75479 0.354726 0.728361 0.586225 2.03581
-0.771767 0.17074 0.612554 17.9719 0.519138 0.725482 0.451852 4.69018 -0.367249 0.666726 -0.648541 -1.34768
0.802218 0.264973 -0.53501 6.40397 -0.554014 0.664377 -0.501668 3.87079 0.22252 0.698851 0.679774 3.31061
-0.872851 0.0982783 0.477988 17.6282 0.373791 0.764336 0.525422 5.86919 -0.313707 0.637284 -0.703887 -1.35939
0.879021 0.10375 -0.465357 7.24261 -0.371434 0.760961 -0.531952 3.98063 0.29893 0.640448 0.707437 2.26157
-0.900232 0.0853013 0.426971 17.6994 0.319695 0.795228 0.515175 5.79711 -0.295596 0.600279 -0.743161 -2.30967
0.904085 0.0884788 -0.418093 7.18277 -0.354888 0.700487 -0.619169 2.36722 0.238087 0.708158 0.6647 1.74735
-0.900762 0.116875 0.418291 17.5028 0.368744 0.714657 0.594383 4.66331 -0.229468 0.689641 -0.686833 -2.23227
0.919351 0.137138 -0.368764 7.29544 -0.316054 0.815629 -0.48462 3.05848 0.234317 0.562086 0.793193 2.40073
-0.91309 0.0557988 0.403921 17.407 0.28423 0.797368 0.532368 5.42519 -0.29237 0.600908 -0.743928 -1.63264
0.900146 0.0387737 -0.433858 7.37867 -0.29623 0.784728 -0.54447 3.15414 0.319351 0.618625 0.717856 1.61188
-0.796466 0.17443 0.578978 17.0519 0.505953 0.716584 0.480122 2.80515 -0.33114 0.675338 -0.658988 -1.04897
0.66409 0.173615 -0.727215 6.78237 -0.564318 0.754435 -0.335218 4.62117 0.490439 0.632997 0.598986 -0.412795
-0.441964 0.138863 0.886219 16.0371 0.571301 0.805243 0.158737 1.7555 -0.69158 0.576455 -0.43522 1.47184
0.115729 0.139435 -0.983445 8.70791 -0.604994 0.795144 0.0415439 6.96895 0.787775 0.590171 0.176378 -3.67721
-0.106764 0.149953 0.982911 15.7643 0.572166 0.817744 -0.0626069 2.5138 -0.813159 0.555705 -0.173103 1.09056
0.0841548 0.0662708 -0.994246 7.56047 -0.607584 0.794253 0.00151403 6.75827 0.789784 0.603962 0.107104 -3.71556
-0.108117 0.154455 0.982066 16.4329 0.413208 0.905464 -0.0969174 3.13722 -0.904196 0.39532 -0.161717 1.21573
0.19019 0.112462 -0.975284 7.14919 -0.571839 0.82019 -0.0169358 6.39531 0.798015 0.560928 0.220301 -1.85968
-0.172155 0.106869 0.979255 15.9078 0.377498 0.925362 -0.0346231 3.88602 -0.909867 0.363707 -0.199648 0.71933
0.149373 0.133729 -0.979696 5.94333 -0.660045 0.751222 0.00190611 6.40712 0.736225 0.64636 0.200478 -1.17536
-0.141872 0.0618506 0.987951 17.0831 0.383012 0.923738 -0.00283 3.91073 -0.912784 0.377996 -0.154741 0.780834
0.359254 0.24481 -0.900558 5.18566 -0.61275 0.789715 -0.0297618 5.15896 0.703899 0.56251 0.433715 2.4597
-0.666354 0.169634 0.726083 15.3236 0.457448 0.861991 0.21843 5.04409 -0.588825 0.477698 -0.651989 -3.34326
0.885383 0.276778 -0.373483 8.01148 -0.398091 0.866306 -0.301723 2.07034 0.240042 0.415822 0.877196 4.99137
-0.946069 0.319773 0.0519501 11.238 0.303388 0.818271 0.488248 5.19495 0.113618 0.477679 -0.871157 -4.47346
0.901119 0.284414 0.327249 11.4673 -0.0914656 0.862491 -0.497737 -0.553247 -0.423813 0.418589 0.803222 4.8736
-0.671314 0.434387 -0.600537 6.30882 0.0210043 0.821076 0.570431 4.92523 0.740874 0.370326 -0.560325 -4.05206
0.241779 0.537136 0.808101 14.6291 -0.0875914 0.84149 -0.533123 -1.89033 -0.96637 0.0581161 0.250504 1.87049
-0.143447 0.551213 -0.821941 4.84111 -0.406454 0.724438 0.556762 5.27042 0.90234 0.413948 0.120123 0.206991
-0.233386 0.463668 0.854718 15.6818 0.447113 0.83173 -0.329111 -0.993844 -0.863494 0.305346 -0.401425 -2.46018
0.461274 0.542329 -0.702214 4.34378 -0.60995 0.768595 0.192929 2.57131 0.644351 0.339323 0.685326 4.29109
-0.638163 0.516704 0.570758 12.8399 0.650542 0.758372 0.0408182 0.605204 -0.411757 0.397352 -0.820102 -5.43354
0.833207 0.439866 -0.335087 6.15801 -0.516021 0.836288 -0.185316 -1.39359 0.198717 0.32732 0.923782 5.57672
-0.948573 0.296937 0.109718 9.45682 0.316536 0.885435 0.340306 1.63238 0.00389999 0.357536 -0.933891 -7.24512
0.912346 0.398078 0.0956973 8.81173 -0.332464 0.856747 -0.394272 -3.72606 -0.238938 0.327897 0.913998 5.62381
-0.965031 0.101678 -0.241612 7.09396 -0.0361978 0.861187 0.506996 2.3502 0.259623 0.498013 -0.827393 -6.03625
0.817352 0.350626 0.457162 11.7297 -0.131078 0.885853 -0.445064 -4.05501 -0.561029 0.303851 0.770014 4.52818
-0.758319 0.152902 -0.633697 4.20197 -0.227498 0.84891 0.477069 1.58095 0.610897 0.505936 -0.608962 -4.41602
0.569648 0.283786 0.771341 13.0991 0.116618 0.901093 -0.417648 -4.52994 -0.813572 0.327866 0.480213 2.46093
-0.444628 0.230972 -0.865423 2.44431 -0.436509 0.787811 0.434524 0.580399 0.782153 0.570968 -0.249463 -1.04648
0.358428 0.25503 0.898047 13.6223 0.372194 0.843166 -0.387996 -4.44161 -0.856154 0.473318 0.207295 0.875204
-0.264683 0.227233 -0.937181 1.40763 -0.449229 0.830896 0.328336 -0.702717 0.853309 0.507914 -0.117846 -0.0316579
0.308419 0.277988 0.909725 13.4149 0.384537 0.838288 -0.386527 -4.64877 -0.870062 0.469036 0.151648 1.08452
-0.339886 0.230494 -0.911783 0.693493 -0.429311 0.824568 0.368482 -0.0713601 0.836761 0.516681 -0.181307 -0.213211
0.300776 0.281377 0.911241 13.9791 0.232857 0.904898 -0.356279 -4.9484 -0.92483 0.31935 0.206653 1.8372
-0.342111 0.337218 -0.877065 0.670938 -0.301052 0.84485 0.442261 0.924932 0.890127 0.415346 -0.187514 -0.0943638
0.27169 0.331305 0.90356 13.9652 0.132999 0.916941 -0.376203 -4.65459 -0.95315 0.222384 0.205062 1.75334
-0.247943 0.332702 -0.909853 0.45031 -0.236039 0.890129 0.389813 0.535906 0.939579 0.311413 -0.142173 0.616964
0.0918874 0.365871 0.926118 14.2742 0.138978 0.916237 -0.375757 -4.94303 -0.986023 0.163238 0.033344 -0.232602
-0.0021273 0.340137 -0.940373 0.223728 -0.277752 0.903172 0.32731 -0.536035 0.96065 0.261888 0.0925512 2.39565
-0.178438 0.330352 0.926837 13.7317 0.15743 0.939404 -0.304523 -4.99876 -0.971276 0.0915737 -0.219631 -2.07513
0.239004 0.349941 -0.90577 0.636511 -0.344227 0.902757 0.257947 -1.77811 0.907957 0.250141 0.33622 3.88224
-0.370507 0.353727 0.858837 12.6067 0.369242 0.904533 -0.213256 -5.06021 -0.852283 0.238107 -0.465746 -3.48967
0.502318 0.298535 -0.811513 0.47407 -0.319825 0.936097 0.146399 -3.05683 0.803361 0.186004 0.565697 5.46336
-0.585028 0.325755 0.742715 11.615 0.346831 0.928311 -0.133963 -4.70336 -0.733111 0.179225 -0.656069 -4.48164
0.631713 0.319958 -0.706091 1.66743 -0.400063 0.914738 0.0565838 -3.49396 0.663995 0.246737 0.705855 6.2094
-0.699756 0.329181 0.63402 11.0043 0.333032 0.935484 -0.118139 -4.44082 -0.632006 0.128481 -0.764238 -4.9306
0.739431 0.297311 -0.604026 2.32883 -0.388666 0.921105 -0.0224107 -3.85386 0.54971 0.251337 0.796648 7.22863
-0.815239 0.278488 0.507769 10.0075 0.309488 0.950588 -0.0244627 -3.3978 -0.489493 0.137206 -0.861145 -5.68266
0.807827 0.269609 -0.524143 2.78495 -0.344146 0.937683 -0.0480826 -3.91096 0.478518 0.219225 0.850271 6.59839
-0.828893 0.226363 0.511563 9.87519 0.248172 0.968356 -0.0263742 -3.68828 -0.501347 0.105095 -0.85884 -4.85942
0.842383 0.253877 -0.475329 3.97827 -0.321747 0.944542 -0.0657148 -4.21137 0.432286 0.208293 0.87735 6.29203
-0.883968 0.117414 0.452564 9.99446 0.130639 0.991427 -0.00204979 -3.90994 -0.448927 0.0573107 -0.891729 -5.73038
0.869569 0.119912 -0.479031 4.07306 -0.188171 0.977341 -0.096928 -4.61296 0.456555 0.174425 0.87243 5.87108
-0.854933 0.0978302 0.50943 10.779 0.101595 0.994614 -0.0205075 -4.12203 -0.508694 0.0342232 -0.860267 -6.17787
0.861065 0.138211 -0.489351 3.7225 -0.209735 0.973211 -0.0941785 -4.76809 0.463228 0.183728 0.866986 6.2765
-0.871071 0.12217 0.475721 11.124 0.143317 0.989642 0.0082699 -4.09366 -0.469784 0.0753826 -0.879557 -6.31769
0.846738 0.197624 -0.493942 3.82298 -0.285836 0.952049 -0.10908 -4.86911 0.448702 0.233549 0.862625 6.12124
-0.841252 0.145416 0.520719 12.1004 0.204236 0.977257 0.0570445 -3.29724 -0.500583 0.154339 -0.851819 -5.46499
0.809452 0.169628 -0.562151 3.68146 -0.260526 0.961723 -0.0849375 -3.30387 0.526227 0.215208 0.822661 5.81155
-0.671125 0.114103 0.73251 14.4046 0.137434 0.990105 -0.028313 -3.11404 -0.728494 0.0816704 -0.680166 -2.84467
0.603276 0.199565 -0.77216 2.75428 -0.333736 0.94251 -0.0171498 -2.32883 0.724347 0.268044 0.635196 4.533
-0.655779 0.134179 0.742933 15.2774 0.0739068 0.990761 -0.113703 -3.49676 -0.751328 -0.0196557 -0.659637 -3.79906
0.584227 0.197454 -0.787204 1.91333 -0.309214 0.950948 0.00904235 -2.13416 0.750378 0.238133 0.616625 4.72195
-0.513665 0.0863248 0.853637 16.6225 0.10995 0.993345 -0.0342925 -2.59472 -0.850918 0.0762429 -0.519737 -2.35466
0.369941 0.174452 -0.912529 1.01677 -0.328645 0.943277 0.0470977 -1.51542 0.868986 0.282476 0.406289 2.43114
-0.272051 0.1111 0.955848 17.102 0.156567 0.985186 -0.0699488 -3.62413 -0.949461 0.130625 -0.285414 0.113836
0.0157856 0.121461 -0.99247 0.834045 -0.351115 0.930054 0.108238 -1.80745 0.936199 0.346763 0.0573269 -1.22424
0.186814 0.116333 0.975483 15.854 0.173404 0.973467 -0.149301 -5.0269 -0.96697 0.197045 0.161686 3.52135
-0.421129 0.0787066 -0.903579 2.96747 -0.303604 0.926524 0.222206 -1.19028 0.854678 0.367908 -0.366292 -4.35165
0.559474 0.122342 0.819769 14.6399 0.162641 0.953613 -0.253316 -6.41308 -0.812733 0.275053 0.513626 5.573
-0.689354 0.0528606 -0.722493 5.369 -0.215737 0.937101 0.274405 -1.82915 0.691554 0.345031 -0.634592 -6.49814
0.935494 0.074904 0.345312 8.03129 0.0171041 0.966526 -0.255995 -6.2973 -0.352927 0.245388 0.902899 7.71068
-0.98859 -0.0260032 0.148365 12.5893 0.0236096 0.946061 0.323124 -2.56411 -0.148766 0.32294 -0.934654 -6.52684
0.782981 0.149315 -0.603859 1.68698 -0.294281 0.944172 -0.148109 -5.07176 0.548034 0.293671 0.783209 3.31847
-0.472746 -0.0294443 0.880706 15.8112 0.17005 0.977607 0.123962 -4.5425 -0.864636 0.208367 -0.457152 -1.50267
0.0409473 0.0327462 -0.998624 1.15786 -0.317382 0.948125 0.0180771 -4.02751 0.947414 0.316205 0.0492146 -3.44163
0.400134 -0.00837297 0.916418 13.6587 0.206216 0.975136 -0.0811312 -6.22144 -0.892954 0.221444 0.391914 4.77935
-0.609967 -0.0305638 -0.791837 3.73137 -0.269836 0.947548 0.171287 -3.09372 0.745069 0.318146 -0.586222 -5.70004
0.805403 0.00375956 0.592715 10.2447 0.117945 0.978965 -0.166479 -6.18646 -0.580872 0.20399 0.78802 7.41749
-0.801957 -0.0781583 -0.592246 3.6894 -0.211092 0.96452 0.158552 -3.13934 0.558841 0.252171 -0.790005 -6.49361
0.694117 -0.0131921 0.719741 12.6296 0.164096 0.976407 -0.140358 -6.05915 -0.700909 0.215532 0.679907 6.91974
-0.567799 0.0239501 -0.822818 1.8645 -0.218621 0.959291 0.178786 -2.4556 0.793604 0.2814 -0.539451 -4.01083
0.433013 0.0435446 0.900335 14.0372 0.15718 0.979881 -0.122988 -4.44019 -0.887577 0.19477 0.417459 5.5536
-0.393708 0.0837281 -0.915414 0.973546 -0.153424 0.975888 0.155246 -1.72657 0.906341 0.201569 -0.371372 -3.48354
0.376968 -0.0135531 0.926127 14.5907 0.1588 0.986032 -0.0502083 -3.9127 -0.912511 0.165996 0.373857 5.69299
-0.366771 0.035715 -0.929625 1.20847 -0.20511 0.971568 0.11825 -2.16265 0.907418 0.234046 -0.34902 -2.89616
0.249899 -0.0617808 0.966299 15.8713 0.186546 0.982337 0.0145621 -3.26153 -0.950132 0.17662 0.257012 3.88902
-0.118683 0.00923832 -0.992889 0.800879 -0.309519 0.949787 0.0458358 -2.8098 0.943457 0.312758 -0.109866 -0.694444
-0.00290136 -0.160799 0.986983 16.8028 0.194102 0.968124 0.158296 -1.90423 -0.980977 0.192035 0.0284042 2.60496
0.177463 -0.0788559 -0.980963 1.1437 -0.111485 0.988756 -0.0996501 -4.09483 0.977793 0.127047 0.166675 1.70548
-0.376324 -0.176858 0.909451 15.9649 0.240321 0.92938 0.280175 -1.56407 -0.894778 0.323996 -0.307244 0.0491138
0.552571 -0.118522 -0.824995 2.5854 -0.187553 0.946768 -0.261636 -5.65342 0.81209 0.299302 0.500926 4.35242
-0.692243 -0.235239 0.682247 14.1403 0.0523531 0.92652 0.372584 -1.48163 -0.719764 0.293636 -0.629061 -2.7863
0.753419 -0.203836 -0.625148 4.63382 -0.0033289 0.949542 -0.313619 -5.802 0.657534 0.238367 0.714724 5.62015
-0.783661 -0.202331 0.587313 14.1057 0.048673 0.92256 0.382768 -0.642633 -0.61928 0.328547 -0.713126 -3.93489
0.837909 -0.163962 -0.5206 5.17004 -0.0494774 0.927068 -0.371611 -6.23678 0.543564 0.337134 0.768686 6.56706
-0.869422 -0.216585 0.444068 13.2644 -0.00339876 0.901395 0.432981 -0.0310454 -0.49406 0.374934 -0.784429 -4.59185
0.915842 -0.211535 -0.341299 6.89313 0.0656247 0.917405 -0.392504 -6.06447 0.39614 0.337074 0.854081 7.37516
-0.962546 -0.225584 0.15039 10.1468 -0.141474 0.89111 0.431169 0.11564 -0.231281 0.393744 -0.889649 -5.51504
0.966983 -0.254271 -0.0170187 8.64822 0.227424 0.891162 -0.392565 -5.8569 0.114986 0.375733 0.919567 7.19117
-0.973225 -0.225767 -0.0431546 9.16763 -0.221903 0.873899 0.432502 0.40477 -0.0599335 0.430498 -0.9006 -6.02896
0.966428 -0.238789 0.0948437 9.98016 0.256708 0.881906 -0.3954 -5.62002 0.0107754 0.406473 0.913599 6.98274
-0.967325 -0.189656 -0.168262 8.29242 -0.244601 0.872734 0.422498 0.58109 0.0667171 0.44985 -0.890609 -6.06395
0.977059 -0.189955 0.0962913 9.11434 0.21284 0.855444 -0.472137 -6.44333 0.00731462 0.481801 0.87625 6.71628
-0.955186 -0.226088 0.191061 12.7546 -0.110337 0.870891 0.478928 0.825262 -0.274675 0.436384 -0.85681 -6.06703
0.894668 -0.232191 -0.38165 5.56971 0.0133396 0.86782 -0.496699 -7.59009 0.446534 0.439289 0.779508 6.11373
-0.857999 -0.186841 0.478463 14.796 0.0807609 0.870839 0.484887 0.41118 -0.507263 0.454674 -0.73209 -5.5081
0.720072 -0.170104 -0.672725 2.34342 -0.202707 0.875631 -0.438383 -6.58899 0.663632 0.452034 0.596036 3.46614
-0.596964 -0.157668 0.786622 16.6323 0.30572 0.861808 0.404747 -0.580647 -0.741735 0.482106 -0.466265 -3.29248
0.594679 -0.155185 -0.788843 3.5911 -0.315198 0.857637 -0.406334 -6.78003 0.7396 0.490281 0.461104 3.45958
-0.71372 -0.0633464 0.697561 16.3778 0.298268 0.873605 0.38451 -0.0724897 -0.633752 0.482493 -0.604615 -5.68505
0.798254 -0.159918 -0.580704 4.39232 -0.185291 0.852159 -0.489378 -8.32006 0.573114 0.498247 0.650608 6.00269
-0.898158 -0.0936805 0.429576 13.2481 0.159607 0.840918 0.517089 1.60117 -0.409681 0.532991 -0.740326 -7.01512
0.954315 -0.0736333 -0.289588 6.92204 -0.112452 0.809406 -0.576381 -8.3345 0.276837 0.582614 0.764148 6.66486
-0.0585079 -0.0900449 0.994217 25.0987 0.515079 0.850395 0.10733 -6.53264 -0.855143 0.518381 -0.00337308 6.71253
-0.972254 -0.0729765 -0.222253 21.3109 -0.190388 0.798889 0.57055 3.70434 0.135917 0.597034 -0.790618 -8.02909
0.79827 -0.0581707 -0.599484 9.60242 -0.330269 0.790065 -0.516447 -5.35812 0.503675 0.610256 0.611473 2.63432
-0.115557 -0.00315361 0.993296 28.7623 0.694403 0.714777 0.0830536 -3.88708 -0.710247 0.699345 -0.0804064 1.34484
-0.585263 0.0832692 -0.806556 13.7189 -0.303849 0.899708 0.31337 2.37343 0.751759 0.428476 -0.501266 -8.42931
0.966649 -0.0811571 0.242905 17.6962 0.190707 0.861159 -0.471205 -6.19215 -0.170937 0.501814 0.847917 7.43215
-0.963025 -0.117384 0.242494 22.8403 0.0207563 0.865088 0.50119 2.69092 -0.268612 0.487692 -0.830665 -6.4783
0.779037 -0.14801 -0.609256 11.0482 -0.197384 0.864428 -0.462388 -4.71543 0.595098 0.480475 0.644207 4.0904
-0.457918 -0.0584759 0.887069 27.2097 0.518884 0.792647 0.320106 0.533844 -0.721853 0.606869 -0.332624 -0.425213
0.0677927 -0.0694735 -0.995277 10.0105 -0.567484 0.817799 -0.095738 0.154658 0.820589 0.571295 0.0160141 -1.88676
0.354707 -0.112602 0.928172 24.2169 0.638362 0.754493 -0.152423 -3.65366 -0.683136 0.646576 0.339507 5.26049
-0.698158 -0.129873 -0.704066 14.0052 -0.583856 0.672426 0.454921 4.74347 0.41435 0.72868 -0.545288 -4.49839
0.904071 -0.15905 0.396684 19.0209 0.387707 0.69576 -0.604649 -5.2374 -0.179826 0.700443 0.690683 7.42355
-0.926009 -0.37109 -0.0692802 19.0282 -0.314595 0.657157 0.684962 6.80804 -0.208656 0.656076 -0.725278 -3.52464
0.895792 -0.347382 -0.277276 13.8831 0.00630316 0.633697 -0.773555 -5.04312 0.44443 0.691197 0.56985 5.79282
-0.709466 -0.425078 0.562109 22.7141 0.159452 0.680106 0.715562 7.05203 -0.686466 0.597296 -0.414732 -0.236429
0.603869 -0.283456 -0.74498 10.8109 -0.478328 0.618768 -0.623159 -2.59119 0.637609 0.732651 0.238069 4.27863
-0.380909 -0.264881 0.885859 24.5579 0.590227 0.667824 0.453477 5.40514 -0.711717 0.695592 -0.0980391 2.76
0.403427 -0.0439565 -0.913955 10.1955 -0.7862 0.494356 -0.37081 -1.34863 0.46812 0.868147 0.164877 7.06158
-0.467253 -0.131108 0.874348 24.1238 0.715678 0.524571 0.461118 7.34449 -0.519115 0.841211 -0.151275 4.39517
0.616909 -0.133157 -0.775688 12.638 -0.645544 0.478187 -0.595491 -2.43708 0.450219 0.868105 0.209038 8.75187
-0.569231 -0.23434 0.788074 24.613 0.551628 0.601902 0.577424 7.44414 -0.609659 0.763412 -0.213352 5.16437
0.598175 -0.133546 -0.79016 11.8438 -0.655866 0.484978 -0.578476 -2.33146 0.460465 0.864269 0.202513 8.81504
-0.551242 -0.201987 0.809526 24.9946 0.643631 0.51445 0.566638 7.00021 -0.530916 0.833392 -0.15358 5.89978
0.531583 -0.17174 -0.829412 10.7066 -0.699381 0.463379 -0.544192 -2.74297 0.477793 0.869359 0.126211 8.27278
-0.534321 -0.16247 0.82952 23.1596 0.729476 0.407158 0.549624 6.46173 -0.427044 0.898791 -0.0990342 6.16167
0.574992 -0.106419 -0.811208 11.0209 -0.759924 0.297911 -0.577723 -3.73924 0.30315 0.948643 0.0904249 8.09201
-0.53202 -0.237446 0.812757 23.263 0.6877 0.438823 0.578361 6.82503 -0.493987 0.866633 -0.07017 6.10069
0.465717 -0.328181 -0.82183 10.4915 -0.658682 0.491637 -0.569588 -3.8257 0.590971 0.806592 0.0127958 7.42148
-0.392258 -0.212636 0.894941 23.6879 0.753647 0.48353 0.445213 5.29899 -0.5274 0.849108 -0.0294152 5.11579
