1 0 0 0 0 1 0 0 0 0 1 0
0.999881 0.000883468 0.0154169 0.00720511 -0.000878676 1 -0.00031764 -0.00882723 -0.0154171 0.000304055 0.999881 0.112006
0.999333 0.00235073 0.0364389 0.0182106 -0.0023533 0.999997 2.75583e-05 -0.00287096 -0.0364387 -0.000113291 0.999336 0.259061
0.997986 0.00366746 0.0633321 0.0351212 -0.00375766 0.999992 0.00130524 -0.00254869 -0.0633269 -0.00154059 0.997992 0.41051
0.995299 0.00365209 0.0967847 0.0712472 -0.00393517 0.999988 0.00273417 -0.00477259 -0.0967736 -0.00310218 0.995301 0.589497
0.990941 0.000626677 0.134295 0.123225 -0.00129583 0.999987 0.00489537 -0.00186771 -0.13429 -0.00502505 0.990929 0.789103
0.984736 -0.00144862 0.174051 0.185481 0.000402016 0.999982 0.00604828 -0.00481613 -0.174057 -0.00588598 0.984718 0.97949
0.976068 -0.0014961 0.217461 0.255822 -3.61888e-05 0.999975 0.00704208 -0.00296991 -0.217467 -0.00688142 0.976043 1.19764
0.964215 -0.00146376 0.265118 0.336789 -0.00122439 0.99995 0.0099739 0.00522758 -0.265119 -0.00994159 0.964164 1.41446
0.949835 -0.00512227 0.312711 0.44392 -0.000170736 0.999857 0.0168965 0.013995 -0.312753 -0.0161022 0.949698 1.65742
0.93306 -0.0139181 0.359452 0.57269 0.0052029 0.999669 0.0252019 0.00431598 -0.359683 -0.0216447 0.932823 1.86766
0.912016 -0.0195279 0.409689 0.718339 0.00771493 0.999506 0.0304672 0.00254809 -0.410081 -0.0246259 0.911716 2.09848
0.887055 -0.0210237 0.461185 0.878539 0.00574605 0.999388 0.0345062 0.00992972 -0.461629 -0.0279589 0.886632 2.35154
0.85885 -0.0231497 0.511704 1.04979 0.00397881 0.99925 0.0385284 0.0231004 -0.512212 -0.0310541 0.858297 2.57741
0.826956 -0.0279906 0.56157 1.25658 0.00453843 0.99906 0.0431134 0.0308718 -0.562249 -0.0331042 0.826305 2.819
0.791408 -0.0332998 0.610381 1.47642 0.00614982 0.998898 0.0465219 0.0384382 -0.611257 -0.0330641 0.790741 3.04299
0.753693 -0.0373484 0.656165 1.72218 0.00666408 0.998767 0.0491945 0.0540539 -0.657193 -0.0327048 0.753012 3.26727
0.714085 -0.040126 0.698909 1.99446 0.0064389 0.99869 0.0507584 0.067709 -0.70003 -0.0317456 0.713408 3.50317
0.672491 -0.0417789 0.738925 2.28066 0.00482001 0.998632 0.0520761 0.081564 -0.740089 -0.0314591 0.671772 3.71974
0.630199 -0.042121 0.775291 2.60448 0.000910869 0.998567 0.053511 0.109017 -0.776433 -0.0330164 0.629334 3.95311
0.588639 -0.0427949 0.807262 2.94132 -0.00220871 0.998509 0.0545438 0.131203 -0.808393 -0.0338896 0.587667 4.17938
0.548641 -0.0438913 0.834905 3.31077 -0.00452808 0.998451 0.0554644 0.152787 -0.836046 -0.0342105 0.547592 4.3918
0.510302 -0.0452084 0.858806 3.72086 -0.00653734 0.998385 0.0564404 0.173419 -0.859971 -0.0344159 0.509182 4.60308
0.473034 -0.0456525 0.879861 4.13209 -0.00934513 0.998341 0.0568241 0.197401 -0.880995 -0.0351021 0.471822 4.81697
0.436811 -0.045657 0.898394 4.58564 -0.0112969 0.998354 0.0562297 0.225802 -0.899482 -0.0347108 0.435576 5.01901
0.403205 -0.0452544 0.91399 5.07213 -0.0104122 0.998485 0.0540313 0.247407 -0.91505 -0.0313023 0.402123 5.21597
0.373673 -0.0441312 0.92651 5.57675 -0.00841215 0.998665 0.0509608 0.273839 -0.927522 -0.0268366 0.372803 5.40466
0.348468 -0.0429482 0.936336 6.11754 -0.00782838 0.998782 0.0487259 0.30003 -0.937288 -0.0243094 0.347707 5.59464
0.327897 -0.0425912 0.943753 6.68439 -0.00710164 0.998844 0.0475448 0.328019 -0.944687 -0.022292 0.327215 5.78008
0.313436 -0.0431936 0.948627 7.26985 -0.00677778 0.998838 0.0477193 0.357361 -0.949585 -0.0213865 0.312779 5.96584
0.301378 -0.0443409 0.952473 7.88567 -0.00639359 0.998802 0.0485207 0.382545 -0.953483 -0.0207128 0.300733 6.15695
0.290806 -0.0453958 0.955704 8.52767 -0.0073908 0.998738 0.0496888 0.415132 -0.956753 -0.0215132 0.290103 6.34889
0.280333 -0.0467869 0.958762 9.19415 -0.00823375 0.998658 0.0511412 0.449072 -0.959867 -0.0222308 0.279571 6.54839
0.269842 -0.0482554 0.961695 9.88722 -0.00881715 0.998578 0.0525801 0.486312 -0.962864 -0.0226677 0.269032 6.74777
0.260114 -0.0497753 0.964294 10.6008 -0.00979492 0.998483 0.0541822 0.519868 -0.965528 -0.0235387 0.259232 6.94184
0.249945 -0.0512609 0.966902 11.338 -0.0100652 0.998406 0.055533 0.557248 -0.968208 -0.0236122 0.24903 7.13654
0.238999 -0.0526539 0.969591 12.0871 -0.0103704 0.998334 0.056771 0.59316 -0.970964 -0.0236233 0.238055 7.321
0.229339 -0.0551682 0.971782 12.856 -0.0115068 0.998169 0.0593818 0.632665 -0.973278 -0.0248007 0.228284 7.50329
0.218344 -0.0583482 0.974126 13.6349 -0.0133531 0.997939 0.0627675 0.678818 -0.97578 -0.0267125 0.217115 7.68861
0.205669 -0.0619728 0.976657 14.427 -0.0139514 0.997706 0.0662463 0.712019 -0.978522 -0.0272505 0.204332 7.85956
0.193033 -0.0644042 0.979076 15.2227 -0.0147003 0.997542 0.0685172 0.746773 -0.981082 -0.0276188 0.191612 8.01737
0.17874 -0.0656441 0.981704 16.0245 -0.01516 0.99747 0.0694586 0.786626 -0.983779 -0.0272976 0.177292 8.16181
0.164994 -0.0654666 0.984119 16.8233 -0.0165514 0.997471 0.0691297 0.834143 -0.986156 -0.0276946 0.163493 8.29961
0.148385 -0.0649797 0.986793 17.6334 -0.017656 0.997506 0.0683402 0.872132 -0.988772 -0.0275635 0.146867 8.41864
0.12757 -0.064091 0.989757 18.4524 -0.0200674 0.997539 0.0671815 0.918469 -0.991626 -0.0284322 0.12597 8.52812
0.102675 -0.0627255 0.992735 19.2712 -0.0245398 0.997547 0.0655676 0.963809 -0.994412 -0.0310936 0.100884 8.62007
0.0725725 -0.0633667 0.995348 20.0981 -0.0278203 0.997463 0.0655298 1.01481 -0.996975 -0.0324466 0.0706253 8.68367
0.0384793 -0.0632841 0.997253 20.9404 -0.031074 0.997434 0.0644946 1.05767 -0.998776 -0.0334704 0.0364139 8.72365
0.00508071 -0.0637302 0.997954 21.7794 -0.0328828 0.997417 0.0638633 1.0993 -0.999446 -0.03314 0.00297182 8.72668
-0.0294958 -0.0639001 0.99752 22.6349 -0.0345737 0.997423 0.0628715 1.14495 -0.998967 -0.0326335 -0.0316292 8.70719
-0.0612471 -0.0627263 0.99615 23.4638 -0.0377124 0.997456 0.0604899 1.17956 -0.99741 -0.0338624 -0.063457 8.65844
-0.0934843 -0.0600866 0.993806 24.3031 -0.0404743 0.997582 0.0565076 1.22937 -0.994798 -0.034941 -0.0956903 8.58527
-0.126974 -0.0573781 0.990245 25.1445 -0.0388364 0.997848 0.0528388 1.25698 -0.991145 -0.0317484 -0.128929 8.48132
-0.157812 -0.0532196 0.986034 25.9742 -0.034621 0.998231 0.0483369 1.28942 -0.986862 -0.0265093 -0.159376 8.34197
-0.189604 -0.0482161 0.980676 26.813 -0.029456 0.998624 0.0434035 1.31984 -0.981419 -0.0206573 -0.190763 8.17177
-0.217549 -0.0432853 0.975089 27.6441 -0.0243587 0.998946 0.0389097 1.34454 -0.975745 -0.0152872 -0.218374 7.98073
-0.245717 -0.0382372 0.968587 28.4621 -0.0166767 0.999241 0.0352167 1.37442 -0.969198 -0.00749953 -0.246168 7.7564
-0.27366 -0.0297035 0.961368 29.275 -0.0113156 0.999554 0.0276623 1.38708 -0.96176 -0.00330837 -0.273874 7.51653
-0.297963 -0.0146188 0.954466 30.0564 -0.00709645 0.999889 0.0130992 1.39691 -0.954551 -0.00287025 -0.298033 7.26206
-0.322556 0.00176856 0.946549 30.839 -0.00690704 0.999968 -0.00422208 1.3998 -0.946525 -0.00789971 -0.322533 6.99989
-0.349776 0.0157818 0.936701 31.6045 -0.00795299 0.999772 -0.0198142 1.39517 -0.936799 -0.0143801 -0.349571 6.70563
-0.373605 0.0247008 0.927259 32.3637 -0.00537368 0.999571 -0.0287922 1.37698 -0.927572 -0.0157397 -0.373312 6.39765
-0.398668 0.0287622 0.916644 33.1217 -0.00187269 0.999481 -0.0321758 1.33934 -0.917093 -0.0145441 -0.398407 6.06622
-0.420473 0.0272218 0.906897 33.8615 -7.11588e-05 0.999549 -0.0300359 1.31114 -0.907305 -0.0126938 -0.420281 5.72037
-0.440364 0.0231949 0.89752 34.608 0.00262486 0.999695 -0.0245476 1.27952 -0.897816 -0.00845401 -0.44029 5.35227
-0.459293 0.0212747 0.88803 35.342 0.00955366 0.999774 -0.0190105 1.2493 -0.888233 -0.000247479 -0.459393 4.96222
-0.472013 0.0215465 0.881328 36.0552 0.0121149 0.999766 -0.0179537 1.22024 -0.881508 0.00220285 -0.472163 4.57719
-0.482909 0.0236651 0.875351 36.7495 0.0147774 0.999713 -0.0188749 1.20035 -0.875546 0.00382052 -0.48312 4.18291
-0.493343 0.0256108 0.869457 37.4451 0.0157474 0.999666 -0.0205109 1.17955 -0.869692 0.00357273 -0.493582 3.78987
-0.503094 0.0246168 0.863881 38.1314 0.0101933 0.999694 -0.0225506 1.15569 -0.864172 -0.00253923 -0.50319 3.39558
-0.515066 0.0231487 0.856838 38.8215 0.00941828 0.999728 -0.0213476 1.14129 -0.857099 -0.00292547 -0.515144 2.98636
-0.522571 0.0244851 0.852244 39.5152 0.0110962 0.999698 -0.0219177 1.11043 -0.852524 -0.00199684 -0.522685 2.57024
-0.529723 0.0266487 0.847752 40.1994 0.0133524 0.999645 -0.0230801 1.07678 -0.848066 -0.000906534 -0.52989 2.13698
-0.534647 0.0292792 0.844568 40.8851 0.0143014 0.99957 -0.0255994 1.0617 -0.844954 -0.00160814 -0.534836 1.70171
-0.533056 0.0303957 0.845534 41.5945 0.0136992 0.999534 -0.0272953 1.03799 -0.845969 -0.00296683 -0.533223 1.26011
-0.529871 0.0307513 0.847521 42.3228 0.0156116 0.999527 -0.0265063 1.00994 -0.847934 -0.000813778 -0.5301 0.803868
-0.525019 0.0297621 0.85057 43.0614 0.0146442 0.999556 -0.025936 0.985506 -0.850964 -0.00116104 -0.525222 0.344627
-0.517093 0.0286374 0.85545 43.8378 0.0126222 0.999587 -0.0258329 0.959056 -0.855836 -0.00256028 -0.51724 -0.110702
-0.510317 0.0277097 0.85954 44.61 0.0110767 0.99961 -0.0256489 0.925799 -0.859915 -0.00356823 -0.510425 -0.565368
-0.503905 0.0264455 0.863354 45.4202 0.00902011 0.999638 -0.0253554 0.892145 -0.863711 -0.00498918 -0.503962 -1.0312
-0.498348 0.0240632 0.866643 46.2473 0.00514095 0.999679 -0.0248009 0.861762 -0.866962 -0.0079041 -0.498312 -1.48484
-0.497222 0.0206748 0.867377 47.0928 0.000231902 0.999719 -0.0236964 0.830166 -0.867623 -0.0115812 -0.497088 -1.95171
-0.496425 0.0183725 0.867885 47.9496 -0.00232912 0.999744 -0.0224961 0.797142 -0.868076 -0.0131891 -0.496255 -2.43332
-0.497251 0.0169206 0.867442 48.8094 -0.00315864 0.999768 -0.0213125 0.769993 -0.867601 -0.0133376 -0.497082 -2.91739
-0.498683 0.0163045 0.866631 49.6689 -0.00339834 0.999779 -0.0207651 0.742367 -0.866778 -0.0133003 -0.498517 -3.41055
-0.498257 0.0156685 0.866888 50.5549 -0.00376552 0.999788 -0.0202349 0.709256 -0.867021 -0.0133465 -0.498093 -3.91827
-0.498597 0.0152379 0.8667 51.4474 -0.0035281 0.999802 -0.0196077 0.679882 -0.866827 -0.0128341 -0.498444 -4.42864
-0.499727 0.0142387 0.866066 52.3318 -0.00406512 0.999816 -0.0187832 0.65286 -0.866173 -0.0129072 -0.499577 -4.94928
-0.499192 0.0133179 0.866389 53.2352 -0.00520554 0.999818 -0.0183682 0.623862 -0.866476 -0.0136793 -0.499032 -5.46621
-0.500153 0.0127158 0.865844 54.0809 -0.00500304 0.999833 -0.0175736 0.600664 -0.865922 -0.0131214 -0.500006 -5.96957
-0.499515 0.0119738 0.866223 54.9602 -0.00662185 0.999823 -0.0176391 0.56713 -0.86628 -0.014547 -0.499347 -6.48452
-0.498863 0.0104564 0.866618 55.8123 -0.00743305 0.999839 -0.0163426 0.52918 -0.866649 -0.0145943 -0.498705 -6.98444
-0.498057 0.00950895 0.867092 56.6633 -0.00729593 0.999859 -0.0151557 0.506913 -0.867113 -0.0138747 -0.497917 -7.47398
-0.495051 0.00852052 0.868822 57.5598 -0.0082599 0.999861 -0.0145121 0.471724 -0.868824 -0.0143606 -0.494912 -7.979
-0.493188 0.00783295 0.869888 58.4246 -0.00812164 0.999875 -0.013608 0.455383 -0.869885 -0.0137762 -0.493063 -8.44945
-0.491883 0.00870599 0.870618 59.2921 -0.0072921 0.999874 -0.0141184 0.43477 -0.870631 -0.0132932 -0.491757 -8.92912
-0.490535 0.00861499 0.871379 60.1694 -0.00770543 0.999869 -0.014223 0.408969 -0.871387 -0.0136913 -0.490405 -9.42227
-0.492124 0.00960209 0.870473 61.019 -0.00814157 0.999845 -0.0156321 0.386206 -0.870487 -0.0147799 -0.491969 -9.8999
-0.494249 0.0107225 0.869255 61.9033 -0.00901445 0.999807 -0.0174584 0.347605 -0.869273 -0.0164646 -0.494057 -10.3949
-0.49873 0.00978116 0.866702 62.7637 -0.0104692 0.999796 -0.0173075 0.304136 -0.866694 -0.0177054 -0.498526 -10.8841
-0.504889 0.00887236 0.863139 63.6226 -0.00967871 0.999826 -0.0159389 0.268276 -0.86313 -0.0164015 -0.504716 -11.3744
-0.509876 0.00589783 0.860228 64.5036 -0.00789616 0.999903 -0.0115357 0.222542 -0.860211 -0.0126743 -0.50978 -11.8892
-0.515926 0.0038441 0.856625 65.3383 -0.0101339 0.999893 -0.0105905 0.209216 -0.856573 -0.0141448 -0.515832 -12.3924
-0.520521 0.00581876 0.853829 66.1955 -0.00918435 0.999881 -0.0124132 0.173385 -0.853799 -0.0143032 -0.520406 -12.9038
-0.525629 0.0066117 0.850688 67.0351 -0.00888639 0.999873 -0.013262 0.14336 -0.850667 -0.0145304 -0.525504 -13.4152
-0.531366 0.00687664 0.847114 67.8351 -0.0101967 0.999843 -0.0145125 0.104841 -0.847081 -0.0163492 -0.531213 -13.9157
-0.534684 0.00654453 0.845027 68.6689 -0.0112115 0.999827 -0.0148374 0.076307 -0.844977 -0.0174073 -0.534518 -14.4224
-0.538072 0.00544122 0.842882 69.4883 -0.01111 0.999847 -0.0135468 0.0514015 -0.842826 -0.0166536 -0.537929 -14.9384
-0.541578 -0.000505592 0.84065 70.3012 -0.00964355 0.999938 -0.00561135 0.015924 -0.840595 -0.0111458 -0.54155 -15.4594
-0.542871 -0.00755861 0.839782 71.1331 -0.00906475 0.999954 0.00314041 0.0131605 -0.839767 -0.00590758 -0.542915 -15.9953
-0.545382 -0.00943693 0.838135 71.9341 -0.00772739 0.999951 0.0062306 0.0137871 -0.838152 -0.00307855 -0.545428 -16.5162
-0.5461 -0.00619306 0.837698 72.7403 -0.00833951 0.999964 0.0019561 -0.0109689 -0.837679 -0.00591776 -0.546131 -17.0393
-0.547151 -0.00183268 0.837032 73.5328 -0.00820376 0.999962 -0.00317322 -0.0189139 -0.836994 -0.00860304 -0.547145 -17.5613
-0.548665 0.00248746 0.836039 74.3178 -0.00318959 0.999982 -0.00506847 -0.0339099 -0.836036 -0.00544752 -0.548648 -18.0864
-0.547773 0.00279518 0.836623 75.1068 -0.000787526 0.999992 -0.00385664 -0.0561957 -0.836627 -0.00277143 -0.547766 -18.6311
-0.547308 0.000459811 0.836931 75.8962 -0.00062395 1 -0.000957439 -0.0653004 -0.836931 -0.00104622 -0.547307 -19.1649
-0.547675 -0.00361289 0.836684 76.6784 -0.00224036 0.999994 0.00285158 -0.084691 -0.836688 -0.000312734 -0.54768 -19.6858
-0.54606 -0.00942524 0.837693 77.4828 -0.00547361 0.999956 0.00768289 -0.112173 -0.837728 -0.000389886 -0.546088 -20.2036
-0.546788 -0.0152522 0.837132 78.2663 -0.0135861 0.999864 0.00934307 -0.135617 -0.837161 -0.00626471 -0.546921 -20.7051
-0.54396 -0.0186597 0.838904 79.0775 -0.0201797 0.999755 0.00915257 -0.134822 -0.838868 -0.0119502 -0.544203 -21.2046
-0.541357 -0.0185205 0.840589 79.8711 -0.0175292 0.999789 0.0107389 -0.143217 -0.84061 -0.0089213 -0.541567 -21.724
-0.539821 -0.0155199 0.841637 80.6554 -0.0125557 0.999867 0.0103846 -0.152394 -0.841686 -0.00496153 -0.539945 -22.2314
-0.533843 -0.0144721 0.84546 81.4433 -0.0118159 0.999884 0.00965456 -0.158765 -0.845501 -0.00483588 -0.533952 -22.73
-0.526506 -0.0125956 0.850078 82.2359 -0.00674846 0.999921 0.0106361 -0.164452 -0.850145 -0.000136772 -0.526549 -23.2244
-0.519688 -0.0100662 0.854297 83.015 0.000634157 0.999926 0.0121679 -0.157472 -0.854356 0.00686525 -0.519643 -23.7295
-0.508014 -0.0112954 0.861275 83.8289 -0.00109772 0.999922 0.0124663 -0.162589 -0.861348 0.0053876 -0.507987 -24.1996
-0.49804 -0.0145361 0.867032 84.6232 -0.004064 0.999888 0.014429 -0.163187 -0.867144 0.00366261 -0.498044 -24.6592
-0.485548 -0.0166223 0.874052 85.4503 -0.00214498 0.999839 0.0178229 -0.157559 -0.874207 0.00677903 -0.485506 -25.1062
-0.474176 -0.0183896 0.880238 86.2768 -0.0034237 0.999813 0.0190434 -0.166917 -0.880424 0.00601625 -0.47415 -25.5454
-0.462979 -0.0192321 0.886161 87.0961 -0.0027244 0.999791 0.0202747 -0.14347 -0.886365 0.00697252 -0.462934 -25.9721
-0.450041 -0.0184584 0.892817 87.9285 5.77615e-05 0.999786 0.020699 -0.130665 -0.893008 0.00936698 -0.449943 -26.3906
-0.437448 -0.013963 0.899135 88.7579 0.00106711 0.999871 0.0160465 -0.124594 -0.899243 0.00797901 -0.437377 -26.7904
-0.427395 -0.00820339 0.904028 89.5859 0.00133834 0.999952 0.00970655 -0.124033 -0.904064 0.00535843 -0.427364 -27.1841
-0.413817 -0.00434707 0.91035 90.4136 0.000705821 0.999987 0.00509594 -0.126959 -0.91036 0.00275133 -0.413808 -27.5564
-0.402419 -0.00695734 0.915429 91.2634 -0.000697683 0.999973 0.00729318 -0.127469 -0.915455 0.00229623 -0.402414 -27.9312
-0.389866 -0.0101026 0.920816 92.1181 -0.00142864 0.999945 0.0103659 -0.140494 -0.920871 0.00272579 -0.389859 -28.2771
-0.380142 -0.00983287 0.924876 92.9525 -0.00400657 0.999952 0.00898425 -0.143241 -0.92492 -0.000290296 -0.380163 -28.6111
-0.374305 -0.00687255 0.92728 93.7813 -0.00905551 0.999952 0.00375581 -0.139711 -0.927262 -0.00699118 -0.374349 -28.9412
-0.368514 -0.00304425 0.929617 94.6297 -0.0148863 0.999886 -0.00262679 -0.135794 -0.929503 -0.0148066 -0.368518 -29.2616
-0.365008 -0.00109576 0.931004 95.4828 -0.0178132 0.999825 -0.00580706 -0.153751 -0.930834 -0.0187038 -0.364964 -29.5919
-0.363296 -0.00169426 0.931672 96.3244 -0.0189872 0.999804 -0.00558573 -0.170402 -0.93148 -0.0197192 -0.363257 -29.9201
-0.358757 -0.00201392 0.933429 97.1748 -0.0191417 0.999803 -0.00519988 -0.183842 -0.933235 -0.0197329 -0.358726 -30.2422
-0.354251 -0.00444846 0.93514 98.0075 -0.0190528 0.999815 -0.00246148 -0.185581 -0.934956 -0.018689 -0.35427 -30.5443
-0.348303 -0.00754802 0.937352 98.8435 -0.0194465 0.999811 0.000824983 -0.207544 -0.93718 -0.0179409 -0.348384 -30.8348
-0.342898 -0.00993801 0.93932 99.679 -0.0204003 0.999787 0.00313063 -0.220292 -0.939151 -0.018089 -0.343028 -31.132
-0.337747 -0.0103854 0.94118 100.51 -0.0247838 0.999691 0.0021372 -0.232437 -0.940911 -0.0226041 -0.3379 -31.4212
-0.330796 -0.0103465 0.943646 101.347 -0.0350521 0.999385 -0.00132989 -0.245852 -0.943051 -0.0335167 -0.330955 -31.7041
-0.323979 -0.00708158 0.946038 102.185 -0.0333345 0.999436 -0.0039344 -0.268519 -0.945477 -0.0328104 -0.324032 -31.9936
-0.317401 -0.00512218 0.948278 103.008 -0.0340766 0.999401 -0.00600755 -0.299352 -0.947679 -0.0342209 -0.317385 -32.2919
-0.310802 -0.00609745 0.950455 103.827 -0.0339217 0.999414 -0.004681 -0.304048 -0.949869 -0.0336959 -0.310827 -32.5601
-0.304238 -0.00929849 0.952551 104.69 -0.0318344 0.999493 -0.000410944 -0.310423 -0.952064 -0.0304489 -0.30438 -32.8335
-0.297231 -0.0107165 0.954746 105.56 -0.0310391 0.999517 0.00155591 -0.318523 -0.954301 -0.0291719 -0.29742 -33.1201
-0.291036 -0.00846535 0.956675 106.402 -0.0323589 0.999476 -0.00100002 -0.33271 -0.956165 -0.031248 -0.291157 -33.3792
-0.284596 -0.00606543 0.958629 107.26 -0.0332203 0.999442 -0.00353873 -0.34108 -0.958072 -0.0328531 -0.284638 -33.6373
-0.27763 -0.00561258 0.960672 108.121 -0.0324359 0.999467 -0.00353462 -0.355077 -0.96014 -0.0321416 -0.277665 -33.884
-0.27224 -0.00577583 0.962212 108.974 -0.0303176 0.999537 -0.00257792 -0.373439 -0.961752 -0.0298737 -0.272289 -34.127
-0.264674 -0.00510962 0.964325 109.826 -0.0222577 0.999752 -0.000811624 -0.379649 -0.964081 -0.0216784 -0.264722 -34.362
-0.257924 -0.00441403 0.966155 110.688 -0.0201997 0.999796 -0.000824776 -0.391964 -0.965954 -0.0197288 -0.257961 -34.5858
-0.251806 -0.00390139 0.96777 111.563 -0.0187244 0.999824 -0.000841335 -0.404497 -0.967597 -0.0183328 -0.251835 -34.8103
-0.244867 -0.00468839 0.969545 112.423 -0.0225533 0.999745 -0.00086161 -0.415141 -0.969294 -0.0220775 -0.24491 -35.015
-0.239882 -0.00494898 0.97079 113.276 -0.0243249 0.999704 -0.000914277 -0.42566 -0.970497 -0.0238336 -0.239931 -35.2115
-0.235765 -0.00448642 0.9718 114.149 -0.0200373 0.999799 -0.000245496 -0.451204 -0.971604 -0.0195301 -0.235808 -35.4232
-0.231609 -0.00598868 0.97279 114.996 -0.0232262 0.99973 0.000624645 -0.480333 -0.972532 -0.0224496 -0.231686 -35.6191
-0.227062 -0.00502799 0.973867 115.88 -0.022486 0.999747 -8.11204e-05 -0.484508 -0.973621 -0.0219168 -0.227117 -35.82
-0.222251 -0.00765103 0.974959 116.731 -0.0222586 0.999748 0.0027715 -0.516602 -0.974735 -0.0210853 -0.222366 -36.0216
-0.2183 -0.00977443 0.975833 117.607 -0.0191962 0.999799 0.00572017 -0.539028 -0.975693 -0.0174836 -0.218444 -36.2267
-0.215118 -0.00936756 0.976543 118.476 -0.012238 0.999901 0.00689577 -0.5484 -0.976511 -0.0104675 -0.215211 -36.4233
-0.210294 -0.00795548 0.977606 119.327 -0.0153244 0.999871 0.00484022 -0.548413 -0.977518 -0.0139633 -0.210389 -36.5872
-0.206073 -0.00723011 0.97851 120.175 -0.0188481 0.999817 0.00341815 -0.555251 -0.978355 -0.0177387 -0.206171 -36.7688
-0.205285 -0.00701718 0.978677 121.046 -0.0190564 0.999813 0.00317149 -0.556151 -0.978517 -0.017999 -0.205381 -36.9484
-0.202436 -0.00738271 0.979268 121.906 -0.0201447 0.999791 0.00337308 -0.56625 -0.979088 -0.0190443 -0.202542 -37.118
-0.202273 -0.0111438 0.979266 122.782 -0.0192899 0.999787 0.00739288 -0.573257 -0.979139 -0.0173946 -0.202445 -37.3007
-0.200247 -0.0172432 0.979594 123.64 -0.0227764 0.999657 0.0129405 -0.571022 -0.979481 -0.0197203 -0.200571 -37.4745
-0.200626 -0.0203126 0.979457 124.507 -0.0216115 0.999634 0.0163042 -0.552624 -0.979429 -0.0178965 -0.200991 -37.6521
-0.200539 -0.0159884 0.979555 125.372 -0.0226638 0.999675 0.011677 -0.55692 -0.979423 -0.0198587 -0.200836 -37.8319
-0.199594 -0.0140529 0.979778 126.232 -0.0235475 0.999677 0.00954135 -0.553217 -0.979596 -0.0211669 -0.199861 -37.9892
-0.200849 -0.0127121 0.97954 127.094 -0.0247854 0.999662 0.00789111 -0.553842 -0.979309 -0.0226934 -0.201096 -38.1612
-0.200375 -0.0129246 0.979634 127.955 -0.0256511 0.999639 0.00794178 -0.551484 -0.979383 -0.0235374 -0.200635 -38.3234
-0.198321 -0.0120866 0.980062 128.813 -0.0218687 0.99973 0.00790383 -0.572356 -0.979893 -0.0198652 -0.198532 -38.487
-0.199665 -0.0108756 0.979804 129.645 -0.0260755 0.999643 0.00578217 -0.58396 -0.979517 -0.0243944 -0.199877 -38.6493
-0.198912 -0.00708863 0.979992 130.473 -0.0303535 0.999539 0.00106909 -0.591536 -0.979547 -0.0295335 -0.199035 -38.7956
-0.19846 -0.00620111 0.980089 131.313 -0.0347823 0.999395 -0.000719888 -0.612351 -0.979491 -0.0342326 -0.198556 -38.937
-0.199001 -0.00571699 0.979982 132.14 -0.0356128 0.999365 -0.00140168 -0.639473 -0.979352 -0.0351788 -0.199078 -39.1009
-0.197823 -0.00381509 0.98023 132.956 -0.0319538 0.999486 -0.00255867 -0.653362 -0.979717 -0.0318283 -0.197844 -39.2623
-0.196942 -0.00204535 0.980413 133.776 -0.031418 0.999497 -0.00422599 -0.665151 -0.979912 -0.0316349 -0.196907 -39.4173
-0.193798 -0.00275155 0.981037 134.591 -0.0261942 0.999654 -0.00237075 -0.691485 -0.980692 -0.0261569 -0.193803 -39.5694
-0.190925 -0.00547122 0.981589 135.41 -0.0220227 0.999757 0.00128892 -0.71285 -0.981358 -0.0213712 -0.190999 -39.733
-0.190773 -0.00913272 0.981591 136.22 -0.0181285 0.999819 0.00577901 -0.726395 -0.981467 -0.0166923 -0.190904 -39.9027
-0.187511 -0.00699758 0.982237 137.032 -0.0149819 0.999879 0.00426317 -0.752932 -0.982148 -0.0139164 -0.187593 -40.0729
-0.184126 -0.00448292 0.982892 137.824 -0.0183643 0.999831 0.00111997 -0.775465 -0.982731 -0.0178439 -0.184177 -40.2335
-0.179036 -0.00127644 0.983841 138.636 -0.0180189 0.999836 -0.00198184 -0.78874 -0.983677 -0.0180826 -0.17903 -40.3836
-0.17082 -0.000640598 0.985302 139.406 -0.0276167 0.99961 -0.00413798 -0.847534 -0.984915 -0.0279177 -0.170771 -40.5038
-0.161961 -0.0020304 0.986795 140.205 -0.020467 0.99979 -0.00130209 -0.850659 -0.986585 -0.0204076 -0.161969 -40.6433
-0.15108 -0.00395443 0.988513 141.018 -0.0139539 0.999901 0.00186733 -0.850438 -0.988423 -0.0135115 -0.15112 -40.7787
-0.137452 -0.00270379 0.990504 141.786 -0.011607 0.999932 0.00111882 -0.851942 -0.99044 -0.011343 -0.137474 -40.8916
-0.124987 -0.0015019 0.992157 142.578 -0.00617262 0.999981 0.000736144 -0.843683 -0.992139 -0.00603221 -0.124994 -41.0098
-0.111449 -0.00162776 0.993769 143.367 -0.0043524 0.99999 0.00114983 -0.844364 -0.99376 -0.00419714 -0.111455 -41.1032
-0.0986001 -0.000605441 0.995127 144.136 -0.0041051 0.999992 0.000201644 -0.837047 -0.995118 -0.00406523 -0.0986018 -41.1852
-0.0857955 0.00447759 0.996302 144.914 -0.011366 0.999921 -0.00547264 -0.862413 -0.996248 -0.0117936 -0.0857378 -41.2461
-0.0729449 0.0141021 0.997236 145.685 -0.0200829 0.999677 -0.0156057 -0.889677 -0.997134 -0.0211657 -0.0726382 -41.2998
-0.0601536 0.0193633 0.998001 146.438 -0.0319121 0.999264 -0.0213113 -0.919702 -0.997679 -0.0331302 -0.0594914 -41.322
-0.0474924 0.020473 0.998661 147.19 -0.036073 0.999103 -0.0221975 -0.930177 -0.99822 -0.0370789 -0.0467113 -41.3577
-0.0351547 0.0184089 0.999212 147.946 -0.0284995 0.999406 -0.0194152 -0.906479 -0.998975 -0.0291596 -0.0346092 -41.3849
-0.0246467 0.0174478 0.999544 148.716 -0.0345255 0.999237 -0.0182937 -0.924002 -0.9991 -0.0349606 -0.0240256 -41.3908
-0.0159543 0.0217201 0.999637 149.475 -0.0444911 0.998759 -0.0224111 -1.00217 -0.998882 -0.0448325 -0.0149682 -41.3833
-0.00987122 0.0265996 0.999597 150.203 -0.0393865 0.99886 -0.026969 -1.03633 -0.999175 -0.0396369 -0.00881235 -41.3773
-0.00708482 0.0284555 0.99957 150.957 -0.0410911 0.998743 -0.0287232 -1.06641 -0.99913 -0.0412769 -0.00590669 -41.3765
-0.00687263 0.0257393 0.999645 151.71 -0.0436134 0.99871 -0.0260151 -1.0793 -0.999025 -0.0437767 -0.00574124 -41.3804
-0.00840376 0.0212535 0.999739 152.46 -0.0452797 0.998741 -0.0216129 -1.10652 -0.998939 -0.0454494 -0.00743087 -41.3806
-0.0120452 0.0190062 0.999747 153.213 -0.0477432 0.998668 -0.0195609 -1.14028 -0.998787 -0.0479668 -0.0111218 -41.3877
-0.0151044 0.0184889 0.999715 153.962 -0.0454766 0.998782 -0.0191587 -1.15762 -0.998851 -0.045753 -0.0142453 -41.4018
-0.0198015 0.0186065 0.999631 154.724 -0.0434622 0.998866 -0.0194533 -1.17134 -0.998859 -0.0438314 -0.0189704 -41.4259
-0.0238739 0.0177318 0.999557 155.461 -0.0435789 0.998874 -0.0187606 -1.20416 -0.998765 -0.0440075 -0.0230743 -41.4417
-0.0289197 0.0164071 0.999447 156.204 -0.0470628 0.998734 -0.0177572 -1.23108 -0.998473 -0.0475502 -0.028111 -41.4601
-0.0345225 0.0150543 0.99929 156.965 -0.0465668 0.998777 -0.0166553 -1.23599 -0.998318 -0.0471087 -0.0337793 -41.49
-0.0404379 0.0147878 0.999072 157.729 -0.0449455 0.998852 -0.0166038 -1.24201 -0.998171 -0.0455752 -0.0397269 -41.534
-0.0453743 0.0134471 0.998879 158.453 -0.0430257 0.998956 -0.0154026 -1.28248 -0.998043 -0.0436764 -0.0447484 -41.5751
-0.0499073 0.0131599 0.998667 159.205 -0.0210228 0.999678 -0.0142238 -1.24636 -0.998532 -0.0217047 -0.0496146 -41.6504
-0.0544243 0.014909 0.998406 159.934 -0.0100006 0.999831 -0.0154755 -1.23937 -0.998468 -0.010827 -0.054266 -41.7145
-0.0576064 0.0147726 0.99823 160.636 -0.00926783 0.99984 -0.0153312 -1.25236 -0.998296 -0.0101346 -0.0574603 -41.752
-0.0585724 0.014802 0.998173 161.348 -0.00680157 0.999861 -0.0152261 -1.26629 -0.99826 -0.00768098 -0.0584636 -41.7925
-0.0587333 0.0130124 0.998189 162.057 -0.0102558 0.999855 -0.0136375 -1.32081 -0.998221 -0.0110382 -0.0585914 -41.843
-0.0550461 0.00927625 0.998441 162.766 -0.0126502 0.999871 -0.00998698 -1.37233 -0.998404 -0.0131802 -0.0549217 -41.8906
-0.047936 0.00900778 0.99881 163.462 -0.0103636 0.999901 -0.00951502 -1.3791 -0.998797 -0.0108074 -0.0478379 -41.9175
-0.0377499 0.00908307 0.999246 164.159 -0.00299896 0.999954 -0.00920281 -1.38186 -0.999283 -0.00334411 -0.0377209 -41.9385
-0.0235633 0.00908733 0.999681 164.855 -0.00140332 0.999958 -0.00912294 -1.37987 -0.999721 -0.00161784 -0.0235495 -41.9618
-0.00859958 0.00818854 0.999929 165.538 -0.00196761 0.999965 -0.00820577 -1.38274 -0.999961 -0.00203804 -0.0085832 -41.9695
0.00697452 0.00454991 0.999965 166.209 0.00153417 0.999989 -0.00456073 -1.36791 -0.999974 0.00156591 0.00696743 -41.9551
0.024034 -0.00120086 0.99971 166.897 0.00477789 0.999988 0.00108632 -1.37519 -0.9997 0.00475039 0.0240394 -41.9355
0.0410828 -0.007854 0.999125 167.572 0.0070968 0.999947 0.00756864 -1.36646 -0.99913 0.00677964 0.0411363 -41.9048
0.0584678 -0.014971 0.998177 168.247 0.00854552 0.999859 0.0144957 -1.37415 -0.998253 0.0076824 0.0585875 -41.8532
0.075304 -0.0214457 0.99693 168.902 0.00878067 0.999745 0.020843 -1.3709 -0.997122 0.00718414 0.0754731 -41.7962
0.0932969 -0.0234438 0.995362 169.576 0.0104035 0.999692 0.0225706 -1.38168 -0.995584 0.00824946 0.093512 -41.726
0.11117 -0.0244023 0.993502 170.222 0.0115686 0.999663 0.0232592 -1.38509 -0.993734 0.00890767 0.111414 -41.6436
0.128148 -0.0244966 0.991452 170.865 0.00977669 0.999678 0.0234362 -1.38594 -0.991707 0.00668982 0.128346 -41.5492
0.143892 -0.0249694 0.989278 171.51 0.00352488 0.999689 0.0247195 -1.37916 -0.989587 -6.9855e-05 0.143935 -41.4333
0.158289 -0.0269703 0.987024 172.128 0.00595071 0.999635 0.0263605 -1.37584 -0.987375 0.00170092 0.158391 -41.3137
0.170049 -0.0304798 0.984964 172.749 0.0108904 0.999519 0.0290501 -1.36894 -0.985375 0.00578668 0.170299 -41.2069
0.180583 -0.031232 0.983064 173.386 0.01266 0.999487 0.0294282 -1.35606 -0.983478 0.00713134 0.180886 -41.0904
0.190346 -0.0279759 0.981318 173.98 0.00878199 0.999603 0.0267937 -1.34436 -0.981678 0.00351785 0.190516 -40.9558
0.199316 -0.0218804 0.979691 174.583 0.0039321 0.999761 0.0215286 -1.35269 -0.979927 -0.000438765 0.199355 -40.8181
0.208193 -0.0124354 0.978009 175.165 0.00663157 0.999915 0.0113023 -1.33778 -0.978065 0.00413268 0.208257 -40.6781
0.215642 -0.00655778 0.97645 175.748 0.0141723 0.999894 0.00358538 -1.32154 -0.97637 0.0130653 0.215711 -40.5522
0.221578 -0.00776852 0.975112 176.331 0.0183078 0.999826 0.00380527 -1.30529 -0.974971 0.0170089 0.221681 -40.4092
0.226804 -0.0141304 0.973838 176.9 0.0179893 0.999785 0.0103172 -1.28473 -0.973774 0.0151786 0.227009 -40.2423
0.231046 -0.0230304 0.97267 177.443 0.0134782 0.9997 0.0204688 -1.26747 -0.972849 0.00838059 0.231287 -40.0947
0.233166 -0.0300665 0.971972 178.04 0.0140156 0.999523 0.0275565 -1.26773 -0.972336 0.00719753 0.233476 -39.9416
0.233635 -0.0310443 0.971828 178.639 0.0179281 0.999458 0.0276169 -1.27019 -0.972159 0.0109707 0.234065 -39.7856
0.233918 -0.0292545 0.971816 179.245 0.0230425 0.999434 0.0245395 -1.2683 -0.971983 0.0166529 0.23446 -39.6289
0.234756 -0.0297052 0.9716 179.86 0.0260947 0.999366 0.0242491 -1.26726 -0.971704 0.019661 0.235383 -39.4778
0.235317 -0.0318574 0.971396 180.472 0.0266147 0.9993 0.0263252 -1.25145 -0.971554 0.0196586 0.236 -39.3025
0.237885 -0.0351094 0.970658 181.092 0.0251922 0.999234 0.0299689 -1.24302 -0.970966 0.0173239 0.238588 -39.1451
0.240251 -0.0399946 0.969886 181.726 0.0271183 0.999038 0.0344792 -1.23647 -0.970332 0.0180179 0.241104 -38.9762
0.244217 -0.0423622 0.968795 182.347 0.0286284 0.998925 0.036463 -1.22813 -0.969298 0.0188301 0.245167 -38.8092
0.249098 -0.0438722 0.967484 182.969 0.03087 0.998826 0.0373454 -1.22051 -0.967986 0.0205635 0.25016 -38.6384
0.257783 -0.0457527 0.965119 183.598 0.0313133 0.99875 0.0389832 -1.19568 -0.965695 0.0201718 0.258894 -38.4685
0.267102 -0.0468698 0.962528 184.225 0.0330511 0.998675 0.0394582 -1.18367 -0.963101 0.0212732 0.268297 -38.2915
0.27878 -0.0452845 0.959286 184.852 0.0326052 0.998759 0.0376723 -1.1747 -0.959801 0.0207755 0.279911 -38.1098
0.290632 -0.0416243 0.955929 185.463 0.0318004 0.998922 0.033828 -1.15747 -0.956306 0.0205674 0.291642 -37.9096
0.302165 -0.0383289 0.952485 186.083 0.0299522 0.99908 0.0307019 -1.13527 -0.952785 0.019252 0.303035 -37.7007
0.314198 -0.0381528 0.94859 186.717 0.0309645 0.999073 0.029927 -1.11461 -0.948852 0.0199696 0.315088 -37.4838
0.32574 -0.040576 0.944588 187.356 0.0314777 0.998991 0.0320579 -1.10911 -0.944936 0.0192909 0.326688 -37.26
0.336901 -0.041575 0.940622 187.985 0.0311153 0.998971 0.0330094 -1.09252 -0.941026 0.0181469 0.337847 -37.0278
0.348957 -0.0419935 0.936197 188.625 0.0301195 0.998982 0.033583 -1.0823 -0.936655 0.0164787 0.349867 -36.7842
0.358597 -0.0428451 0.932508 189.257 0.0280546 0.99899 0.0351112 -1.05907 -0.933071 0.0135704 0.359437 -36.5339
0.366578 -0.0418209 0.929447 189.913 0.0236931 0.999085 0.0356097 -1.04277 -0.930086 0.00896777 0.367233 -36.2706
0.3713 -0.0443147 0.927454 190.553 0.023576 0.998989 0.0382941 -1.02203 -0.928213 0.00764702 0.37197 -36.0065
0.37376 -0.0464725 0.92636 191.199 0.0255317 0.998881 0.0398093 -0.999578 -0.927174 0.00877247 0.374528 -35.7477
0.374419 -0.0469731 0.926069 191.866 0.0294382 0.998815 0.0387609 -0.987249 -0.926792 0.012749 0.375358 -35.484
0.373723 -0.046434 0.926377 192.53 0.0307649 0.998818 0.0376537 -0.971817 -0.92703 0.0144278 0.374709 -35.2198
0.373107 -0.0458183 0.926656 193.187 0.032776 0.998808 0.0361889 -0.943175 -0.927209 0.0168697 0.374164 -34.9532
0.373254 -0.0476467 0.926504 193.876 0.0349575 0.998694 0.037276 -0.921139 -0.92707 0.0184748 0.374432 -34.6918
0.372499 -0.0524896 0.926547 194.549 0.0372294 0.998441 0.0415951 -0.889664 -0.927286 0.0190007 0.373872 -34.414
0.372529 -0.0555888 0.926354 195.237 0.0378194 0.998285 0.0446964 -0.872854 -0.92725 0.0183834 0.373992 -34.1345
0.371506 -0.0573654 0.926656 195.924 0.0384316 0.998184 0.0463858 -0.849818 -0.927635 0.0183804 0.373036 -33.8615
0.370032 -0.0584566 0.927178 196.605 0.0380676 0.998135 0.0477377 -0.822739 -0.928239 0.017631 0.371567 -33.5749
0.369465 -0.0583301 0.927412 197.29 0.0365903 0.998168 0.0482034 -0.794764 -0.928524 0.0161248 0.370922 -33.293
0.367863 -0.057183 0.92812 197.968 0.0344352 0.998261 0.047856 -0.76075 -0.929242 0.0143555 0.369192 -33.0181
0.367497 -0.0547099 0.928414 198.66 0.0357505 0.998362 0.0446806 -0.739433 -0.929337 0.0167712 0.368851 -32.752
0.36804 -0.0495121 0.928491 199.334 0.0334108 0.998641 0.0400093 -0.70729 -0.92921 0.0162966 0.369194 -32.4851
0.366879 -0.0475309 0.929053 200.023 0.0317506 0.998752 0.0385586 -0.682314 -0.929727 0.0153517 0.36793 -32.2146
0.36648 -0.0492666 0.92912 200.723 0.0307675 0.998693 0.0408198 -0.660036 -0.929917 0.0136271 0.367517 -31.9285
0.365186 -0.0526023 0.929447 201.428 0.0295183 0.998555 0.0449156 -0.643115 -0.930467 0.0110332 0.366211 -31.6531
0.362327 -0.0531095 0.930537 202.117 0.0277622 0.998548 0.0461813 -0.63072 -0.931638 0.00910101 0.363275 -31.3721
0.358201 -0.0531193 0.932132 202.819 0.0254041 0.998566 0.0471428 -0.621303 -0.933299 0.00679332 0.359036 -31.0935
0.350577 -0.0545818 0.934942 203.519 0.0248501 0.998491 0.0489738 -0.611974 -0.936204 0.00606433 0.351404 -30.8262
0.342691 -0.0530121 0.937951 204.224 0.0234451 0.998579 0.0478728 -0.593361 -0.939156 0.00558473 0.343447 -30.5655
0.332553 -0.0533351 0.941575 204.919 0.0264013 0.998535 0.0472369 -0.570831 -0.942715 0.00914998 0.333474 -30.3216
0.321233 -0.0515998 0.945593 205.613 0.0249385 0.99863 0.0460219 -0.547709 -0.946672 0.00879797 0.322079 -30.0868
0.310292 -0.0509736 0.949273 206.314 0.0231788 0.998671 0.0460496 -0.518638 -0.950359 0.00771417 0.311061 -29.851
0.299269 -0.056539 0.952492 207.033 0.0253009 0.998363 0.0513123 -0.494158 -0.953833 0.00874267 0.30021 -29.6292
0.289814 -0.0642332 0.954925 207.752 0.0273 0.997895 0.0588381 -0.479267 -0.956694 0.00901732 0.290957 -29.4178
0.282905 -0.068545 0.956695 208.463 0.0275794 0.997613 0.0633211 -0.45468 -0.958751 0.00847124 0.28412 -29.2056
0.277443 -0.0694889 0.958225 209.179 0.0228311 0.997577 0.0657321 -0.40844 -0.960471 0.0036404 0.278358 -28.9879
0.275525 -0.0705412 0.958702 209.893 0.0224464 0.997505 0.0669453 -0.370371 -0.961032 0.00307431 0.276421 -28.7731
0.273636 -0.0714775 0.959173 210.615 0.0240777 0.997432 0.0674595 -0.337312 -0.961532 0.00463537 0.274654 -28.5649
0.271706 -0.0703918 0.959802 211.339 0.0235564 0.99751 0.0664888 -0.310008 -0.962092 0.00454405 0.272688 -28.3528
0.271863 -0.0686093 0.959887 212.051 0.0207004 0.997642 0.065445 -0.26328 -0.962113 0.00207794 0.272642 -28.1409
0.272094 -0.0693429 0.959769 212.779 0.0197833 0.997593 0.0664671 -0.230168 -0.962067 0.000902082 0.272811 -27.9223
0.272815 -0.0700348 0.959514 213.5 0.0190027 0.997545 0.0674078 -0.188035 -0.961879 -0.000156532 0.273476 -27.7082
0.274706 -0.0706163 0.958931 214.237 0.019263 0.997504 0.0679385 -0.147342 -0.961335 -0.000191135 0.27538 -27.4903
0.275642 -0.0720498 0.958556 214.968 0.0230037 0.997396 0.0683542 -0.116039 -0.960985 0.00320901 0.276582 -27.2825
0.279249 -0.0727645 0.957457 215.713 0.0242832 0.997342 0.0687132 -0.083326 -0.959911 0.00406203 0.280273 -27.0714
0.283559 -0.0736932 0.956119 216.454 0.0219144 0.997281 0.0703666 -0.0459231 -0.958704 0.000999696 0.284402 -26.8604
0.288078 -0.0771125 0.954497 217.182 0.0217071 0.997023 0.0739966 0.00505046 -0.957361 -0.00059734 0.288893 -26.626
0.293118 -0.0806439 0.952669 217.937 0.020881 0.996739 0.0779498 0.0529835 -0.955848 -0.0029558 0.293846 -26.3972
0.297039 -0.0811277 0.951412 218.686 0.019855 0.996694 0.07879 0.0832279 -0.954659 -0.00451334 0.297667 -26.161
0.300444 -0.0778067 0.95062 219.421 0.0163364 0.996941 0.0764348 0.132549 -0.953659 -0.00743463 0.300796 -25.9195
0.305307 -0.0722938 0.949505 220.168 0.0114067 0.997321 0.0722665 0.169649 -0.952185 -0.0112328 0.305314 -25.6729
0.309622 -0.0705319 0.94824 220.906 0.00886197 0.997417 0.0712961 0.218095 -0.950818 -0.0136715 0.309446 -25.4151
0.314402 -0.0709484 0.946634 221.643 0.00821707 0.99737 0.0720217 0.261149 -0.949254 -0.0148652 0.314158 -25.164
0.318099 -0.0695697 0.945501 222.383 0.00620086 0.997436 0.0713048 0.308864 -0.948037 -0.0168191 0.317715 -24.9098
0.321844 -0.0672903 0.944398 223.109 0.00365909 0.997553 0.0698307 0.350669 -0.946785 -0.0190189 0.321303 -24.6444
0.326089 -0.0676366 0.942916 223.855 0.00505484 0.997549 0.0698073 0.403188 -0.945325 -0.0179971 0.325631 -24.3866
0.33058 -0.0675559 0.941357 224.614 0.00478512 0.997543 0.0699076 0.446596 -0.943766 -0.0186055 0.33009 -24.1177
0.335144 -0.0695102 0.939599 225.349 0.00961868 0.997476 0.0703609 0.474601 -0.942118 -0.0145433 0.334966 -23.8528
0.340128 -0.0686595 0.937869 226.07 0.00990261 0.997538 0.0694364 0.519256 -0.940327 -0.0143299 0.33997 -23.5931
0.344396 -0.0669795 0.936432 226.799 0.00796699 0.997625 0.0684262 0.560334 -0.93879 -0.0161052 0.344112 -23.3191
0.349463 -0.0667634 0.934568 227.531 0.00538558 0.997586 0.0692513 0.604719 -0.936935 -0.0191675 0.348978 -23.027
0.354773 -0.0669184 0.932554 228.27 0.00373524 0.99753 0.0701598 0.651939 -0.934945 -0.0214075 0.354146 -22.7316
0.358459 -0.0648073 0.931293 229.014 0.00553704 0.997719 0.0672984 0.690586 -0.933529 -0.0189671 0.357999 -22.441
0.362471 -0.0593832 0.930101 229.743 0.00613839 0.9981 0.0613323 0.726624 -0.931974 -0.0165219 0.362147 -22.1506
0.366116 -0.0544717 0.928973 230.478 0.00284785 0.998347 0.0574171 0.766739 -0.930565 -0.0183757 0.365665 -21.8487
0.368944 -0.0554762 0.927794 231.215 0.000620386 0.998233 0.0594412 0.818339 -0.929451 -0.0213549 0.368326 -21.5415
0.372433 -0.0643395 0.925826 231.951 -0.001523 0.997551 0.0699366 0.86146 -0.928057 -0.0274567 0.371423 -21.2335
0.374909 -0.0751847 0.924008 232.693 -0.00141114 0.99666 0.0816687 0.896015 -0.92706 -0.0319222 0.37355 -20.9315
0.376205 -0.0826822 0.922839 233.44 -0.00105239 0.995973 0.0896635 0.956302 -0.926535 -0.034703 0.374603 -20.6296
0.379643 -0.0852528 0.921196 234.183 -0.000656397 0.995721 0.0924202 1.01786 -0.925133 -0.0356913 0.377962 -20.3252
0.382073 -0.0817162 0.920512 234.907 -0.000839341 0.996053 0.0887704 1.06785 -0.924131 -0.0346894 0.380496 -20.0212
0.386725 -0.0760667 0.919052 235.624 -1.08041e-06 0.996593 0.0824848 1.13383 -0.922195 -0.0318999 0.385406 -19.7179
0.391364 -0.0717791 0.917432 236.353 -0.00100747 0.99692 0.0784279 1.18179 -0.920235 -0.0316181 0.390085 -19.4068
0.394678 -0.069433 0.916192 237.069 -0.000480577 0.997126 0.0757735 1.21922 -0.918819 -0.0303464 0.39351 -19.092
0.399304 -0.0674744 0.914332 237.809 -0.00124795 0.997248 0.0741382 1.26159 -0.916818 -0.0307447 0.39812 -18.7646
0.403056 -0.0691823 0.912556 238.542 0.00103572 0.997173 0.0751397 1.30834 -0.915175 -0.0293403 0.401988 -18.4381
0.406006 -0.0739918 0.91087 239.273 0.0050544 0.996884 0.078726 1.35899 -0.913856 -0.0273593 0.405115 -18.1161
0.409489 -0.0799923 0.908801 240.022 0.00743708 0.996409 0.0843524 1.41478 -0.912285 -0.0277825 0.408613 -17.7838
0.411232 -0.0871172 0.907358 240.751 0.0135596 0.995898 0.0894725 1.4658 -0.91143 -0.0244905 0.410726 -17.4556
0.413588 -0.0943165 0.905565 241.49 0.0185448 0.995287 0.0951914 1.53561 -0.910275 -0.0225764 0.413387 -17.1257
0.415922 -0.0994082 0.903951 242.235 0.0199163 0.994766 0.100231 1.59953 -0.909182 -0.023685 0.415724 -16.7886
0.416486 -0.102006 0.903401 242.931 0.0223238 0.994534 0.102005 1.65333 -0.908868 -0.0223161 0.416486 -16.4862
0.418994 -0.0915031 0.903366 243.638 0.0161376 0.995503 0.0933509 1.73684 -0.907845 -0.0245353 0.418586 -16.1352
0.420211 -0.0790767 0.903974 244.352 0.0135437 0.996632 0.0808862 1.79204 -0.907325 -0.0217462 0.419866 -15.7981
0.420288 -0.0717216 0.904552 245.063 0.0129762 0.997245 0.073042 1.85719 -0.907298 -0.018961 0.42006 -15.4541
0.420747 -0.0732259 0.904217 245.799 0.0131712 0.997126 0.0746209 1.91573 -0.907082 -0.0194869 0.420502 -15.1094
0.420128 -0.0774413 0.904154 246.531 0.0147202 0.996804 0.0785367 1.98062 -0.907345 -0.0196861 0.419925 -14.7628
