1 0 0 0 0 1 0 0 0 0 1 0
<<<<<<< HEAD
<<<<<<< HEAD
-0.00313146 -0.0209343 0.999776 -0.740874 -0.115198 0.993132 0.0204344 -0.323147 -0.993338 -0.115108 -0.00552155 0.57475
-0.993401 -0.114525 -0.00628131 -0.78016 -0.113002 0.98663 -0.11744 -0.503904 0.0196471 -0.115955 -0.99306 1.76651
0.146331 -0.112116 -0.982862 1.07737 0.0294651 0.99361 -0.108955 -0.528207 0.988797 -0.0130166 0.1487 1.73262
0.967121 -0.00515415 0.254263 0.833101 0.0117916 0.999628 -0.0245874 -0.893975 -0.254042 0.0267772 0.966823 -0.48643
-0.369808 0.0251436 0.928768 -1.23518 -0.0755273 0.995512 -0.0570232 -1.23749 -0.926033 -0.0912349 -0.36625 -0.256505
-0.876061 -0.0831621 -0.474974 -1.06527 -0.0224392 0.99098 -0.132121 -1.34552 0.481677 -0.105088 -0.870025 1.7868
0.587145 -0.0905977 -0.804396 0.895548 0.0458659 0.995844 -0.0786817 -1.49169 0.808181 0.00930321 0.58886 1.77022
0.73288 0.0165004 0.680157 1.05713 -8.21982e-05 0.999708 -0.0241641 -1.82713 -0.680357 0.0176535 0.732668 -0.21051
-0.78622 0.0132945 0.617803 -0.452425 -0.0510971 0.994946 -0.0864366 -2.20905 -0.61583 -0.0995261 -0.781567 -0.999135
-0.50593 -0.0810762 -0.858756 -1.25905 0.0374418 0.99257 -0.115768 -2.45065 0.861761 -0.0907241 -0.499136 0.856839
0.923088 -0.06812 -0.378508 1.03943 0.0682461 0.997582 -0.0130993 -2.57792 0.378486 -0.0137398 0.925505 1.55579
0.274724 0.00932209 0.961478 1.34635 -0.0289752 0.999579 -0.00141238 -2.87905 -0.961086 -0.027471 0.274878 -1.21703
-0.978407 -0.00426299 0.206642 -1.89421 -0.0245759 0.995094 -0.0958333 -3.07838 -0.205219 -0.0988424 -0.973712 -1.16753
-0.160491 -0.0751306 -0.984174 -1.72461 0.0821105 0.992627 -0.0891658 -2.85672 0.983616 -0.0951212 -0.153139 2.46631
0.971567 -0.0521196 -0.230955 2.22182 0.0579973 0.998141 0.018729 -2.82726 0.22955 -0.0315912 0.972784 2.09782
0.279725 0.0180552 0.95991 2.12635 -0.0183724 0.999741 -0.0134505 -3.12181 -0.959904 -0.0138734 0.279985 -2.38496
-0.934052 0.0195643 0.3566 -2.41403 -0.0119588 0.996225 -0.0859804 -3.46176 -0.356936 -0.0845747 -0.930292 -3.28474
-0.391729 -0.0043342 -0.92007 -3.34654 0.10257 0.99355 -0.0483506 -3.18377 0.914345 -0.113312 -0.388758 1.72622
0.865152 -0.00195524 -0.501507 0.662781 0.0660684 0.991721 0.110108 -3.16138 0.497139 -0.128394 0.858118 3.16783
0.586155 -0.0129015 0.810096 2.62467 -0.0896418 0.992702 0.080671 -3.72045 -0.805225 -0.119904 0.58072 -0.425727
-0.723593 -0.0233302 0.689832 -0.794913 -0.0867088 0.994584 -0.0573156 -4.25112 -0.684758 -0.101288 -0.721697 -4.09231
-0.794365 -0.0100939 -0.607357 -5.40782 0.05185 0.995086 -0.0843526 -4.21254 0.605224 -0.0984981 -0.789938 -1.5043
0.444117 -0.0200401 -0.895744 -4.01983 0.10807 0.993649 0.0313513 -3.76252 0.889427 -0.110726 0.443462 3.63383
0.962143 -0.0314104 0.270727 1.73258 8.38737e-05 0.993371 0.114955 -3.67679 -0.272543 -0.110581 0.955768 3.21705
-0.179273 -0.0234116 0.983521 1.90791 -0.110916 0.993824 0.00343954 -4.34209 -0.977527 -0.108471 -0.180762 -2.68608
-0.961052 -0.0130718 -0.276058 -4.06516 0.0139747 0.995304 -0.0957799 -4.43208 0.276014 -0.0959072 -0.956357 -1.97892
0.280571 -0.0162975 -0.959695 -2.61801 0.0994594 0.994967 0.0121809 -4.01518 0.954666 -0.0988682 0.28078 4.35908
0.966523 -0.0341824 0.254291 4.46911 0.00588957 0.99378 0.111201 -4.18427 -0.25651 -0.105981 0.960714 2.8152
-0.07205 -0.034695 0.996797 3.77131 -0.108084 0.993781 0.0267776 -5.25393 -0.991527 -0.105809 -0.0753519 -4.76213
-0.991962 -0.06606 0.107918 -4.51421 -0.0747317 0.994118 -0.0783885 -6.19462 -0.102105 -0.0858233 -0.991064 -5.72378
-0.331922 -0.0486682 -0.94205 -7.50599 0.0325698 0.997482 -0.0630076 -6.12281 0.942744 -0.051596 -0.329501 2.96666
0.794971 -0.0630049 -0.603367 0.225101 0.0846642 0.996381 0.00750565 -5.43407 0.60071 -0.0570503 0.797428 8.80248
0.786936 -0.071847 0.612837 9.33964 0.0200526 0.995651 0.0909775 -5.31496 -0.616708 -0.0593044 0.784955 3.38156
-0.456685 -0.0674737 0.887066 5.81767 -0.0692543 0.99679 0.0401658 -6.22995 -0.886929 -0.0430899 -0.459892 -6.47781
-0.976179 -0.064437 -0.20718 -3.76105 -0.0548205 0.99715 -0.0518332 -6.92553 0.209929 -0.0392407 -0.976929 -6.42692
0.201925 -0.0384268 -0.978647 -4.88384 0.0263216 0.999082 -0.0337983 -6.98161 0.979047 -0.0189348 0.202751 3.13893
0.994814 -0.0247251 0.0986621 4.44049 0.0196017 0.998425 0.0525647 -6.94037 -0.0998064 -0.0503581 0.993732 5.16191
0.0371904 -0.044961 0.998296 6.63091 -0.0346952 0.998327 0.0462549 -7.44265 -0.998706 -0.0363562 0.0355682 -3.22464
-0.998771 0.0130516 0.0478233 -0.90177 0.0127591 0.999898 -0.00641493 -7.65184 -0.0479021 -0.00579681 -0.998835 -5.54395
0.0618248 0.0371911 -0.997394 -3.25876 0.0538472 0.997726 0.0405412 -7.25626 0.996633 -0.0562133 0.0596816 2.49713
0.982645 -0.0118666 0.185117 4.10512 -0.00187092 0.997267 0.0738594 -7.15094 -0.185487 -0.0729238 0.979937 5.01734
-0.423687 -0.0428005 0.904797 4.77891 -0.013887 0.999073 0.0407573 -7.3759 -0.905702 0.00470348 -0.423889 -2.24414
-0.824921 0.0398761 -0.56384 -1.76135 0.0229847 0.99905 0.0370277 -7.3569 0.564781 0.0175852 -0.825053 -0.793966
0.739186 0.0462648 -0.671911 1.03715 -0.0128796 0.998426 0.054578 -7.47866 0.673379 -0.0316893 0.738618 5.49608
0.354107 -0.0154414 0.935077 6.50702 0.00840302 0.999876 0.0133293 -7.61141 -0.935167 0.00313753 0.354193 1.53621
-0.988774 0.0323409 -0.145878 0.70576 0.0236018 0.997844 0.0612453 -7.54043 0.147545 0.0571148 -0.987405 -1.92589
0.682298 0.0621627 -0.728426 0.268911 0.0109392 0.995399 0.0951922 -7.31101 0.730992 -0.0729179 0.678479 4.79792
0.23867 -0.020104 0.970893 5.6254 -0.0604151 0.997542 0.0355074 -7.76806 -0.96922 -0.0671311 0.236869 1.94459
-0.843227 0.0300813 -0.536716 0.316382 0.0297355 0.999514 0.00930283 -7.9003 0.536735 -0.00811508 -0.843712 -0.0724978
0.965913 0.0916577 -0.242097 3.29306 -0.0723551 0.993536 0.0874711 -8.13868 0.248549 -0.0669725 0.966301 4.4179
-0.536369 0.0647235 0.841498 4.12241 -0.0162043 0.996082 -0.0869418 -8.53665 -0.843828 -0.0602688 -0.533219 -0.460119
0.357509 0.0955115 -0.929013 2.16032 0.0226552 0.993577 0.110868 -8.12171 0.933635 -0.0606831 0.353049 1.12055
-0.392738 -0.0459184 0.918503 4.29871 -0.0383354 0.998702 0.033536 -8.11972 -0.918851 -0.0220403 -0.393989 -0.0909445
0.411394 0.0701399 -0.908755 0.738402 -0.000816554 0.997063 0.0765861 -7.95016 0.911457 -0.030765 0.410243 1.87161
-0.419838 0.0172966 0.907434 5.7924 -0.000270576 0.999816 -0.0191827 -8.30912 -0.907599 -0.00829914 -0.419756 -0.706224
0.405327 0.112639 -0.907206 -0.723679 -0.00308231 0.992543 0.121858 -7.78635 0.914167 -0.0465958 0.402652 2.38925
-0.218997 0.0705981 0.973168 5.66736 0.00762413 0.997472 -0.0706456 -8.67652 -0.975696 -0.00805159 -0.218982 0.399448
-0.193353 0.0717582 -0.978502 -0.240596 0.0149587 0.997422 0.0701899 -8.19616 0.981015 -0.00106568 -0.193928 -0.0357765
0.685616 0.0465635 0.726473 4.75005 -0.0528332 0.998503 -0.0141375 -8.37644 -0.726044 -0.0286889 0.687049 3.34014
-0.826709 0.0287051 -0.561898 -0.412706 0.0344676 0.999406 0.000344161 -8.38082 0.561574 -0.0190827 -0.827207 -2.40935
0.846308 0.0494968 0.53039 4.52023 -0.0698158 0.997392 0.0183223 -8.63998 -0.5281 -0.0525359 0.847556 1.67209
-0.8687 0.0268468 -0.494611 -0.74722 0.0164204 0.999542 0.0254141 -8.65724 0.495067 0.0139555 -0.868743 -4.10662
0.849996 0.0369183 0.525494 5.39443 -0.0296073 0.999313 -0.0223159 -9.11996 -0.525957 0.00341002 0.850505 2.80417
-0.839374 0.0428945 -0.541859 -2.27003 0.000220856 0.996908 0.0785749 -8.65189 0.543554 0.0658341 -0.836788 -4.81472
0.82507 0.0283126 0.564321 6.28558 -0.00401518 0.999012 -0.0442511 -9.43896 -0.565017 0.0342444 0.824368 4.14632
-0.833657 0.059813 -0.549034 -2.31197 0.0298709 0.997546 0.0633187 -8.75061 0.551474 0.0363859 -0.833398 -5.59766
0.833368 0.0150303 0.552515 6.94682 0.030325 0.996881 -0.0728584 -9.75494 -0.551887 0.0774728 0.830313 5.36029
-0.832042 0.000560296 -0.554713 -2.12945 -0.0556114 0.994877 0.0844191 -8.5229 0.551919 0.101089 -0.827748 -6.32258
0.84019 -0.00417705 0.542277 7.38768 0.0570144 0.995109 -0.0806716 -9.74583 -0.539287 0.098697 0.836318 6.89237
-0.829267 0.0173607 -0.558583 -2.95892 -0.0337989 0.99613 0.0811371 -8.2907 0.55783 0.0861639 -0.82547 -7.49952
0.785507 0.0233616 0.618412 8.53246 0.0378959 0.995596 -0.0857457 -9.91957 -0.617692 0.0907891 0.781162 6.61812
-0.816041 -0.0099896 -0.577909 -3.46403 -0.0940915 0.988809 0.11577 -7.89728 0.570285 0.14885 -0.807848 -8.65324
0.848132 0.0298556 0.528944 8.57437 0.0242054 0.995185 -0.094984 -10.0414 -0.529233 0.0933622 0.843324 8.50405
-0.858038 -0.0296162 -0.512732 -3.81315 -0.101274 0.988491 0.112381 -7.80126 0.503502 0.148354 -0.851162 -10.0398
0.857251 0.0387921 0.513436 9.81781 0.0084958 0.995957 -0.0894334 -10.1358 -0.514829 0.0810289 0.853455 9.95419
-0.797416 0.0515403 -0.601225 -5.63444 -0.0132704 0.994607 0.102864 -7.70208 0.603285 0.0900038 -0.792431 -9.19634
0.717375 0.0616618 0.693954 11.499 0.0107663 0.994976 -0.0995389 -10.2236 -0.696605 0.078878 0.713106 6.9821
-0.748569 0.0522467 -0.660996 -4.56356 -0.0495425 0.989697 0.134334 -7.50591 0.661204 0.133306 -0.738267 -8.77326
0.730423 0.152366 0.665784 10.995 -0.129104 0.988027 -0.0844737 -10.016 -0.670683 -0.0242536 0.741347 8.34747
-0.766254 0.134609 -0.62828 -3.7773 0.0822243 0.990313 0.111893 -7.88782 0.637256 0.0340786 -0.769899 -10.2652
0.818153 0.185607 0.544221 9.89012 -0.185959 0.981016 -0.0550149 -9.7774 -0.544101 -0.0561921 0.837136 10.8968
-0.886262 0.12496 -0.446009 -2.77788 0.0995448 0.991806 0.0800732 -8.12664 0.452361 0.026568 -0.891439 -13.1246
0.83116 0.186403 0.523859 12.3609 -0.182051 0.981434 -0.0603758 -10.4414 -0.525387 -0.0451874 0.849662 9.92616
-0.77859 0.145185 -0.610508 -6.18772 0.0984373 0.989081 0.109674 -7.73699 0.619765 0.0252946 -0.78438 -12.1412
0.538912 0.162179 0.826603 18.1386 -0.150647 0.984027 -0.0948504 -11.3322 -0.828782 -0.0734089 0.554735 3.5413
-0.0980793 0.183807 -0.978057 -10.4131 0.0159135 0.98296 0.183133 -6.66505 0.995051 0.00239721 -0.0993325 1.12573
-0.369168 0.14042 0.918694 16.2296 0.0114737 0.989133 -0.146575 -11.4678 -0.929292 -0.04357 -0.366767 -10.0556
0.719951 0.167774 -0.673441 -3.45998 -0.0926753 0.984891 0.14629 -7.70521 0.687809 -0.0429102 0.724622 11.6255
-0.904084 0.119147 0.41041 8.07842 0.0918127 0.992077 -0.0857589 -10.6425 -0.417375 -0.0398525 -0.90786 -15.4128
0.97775 0.17902 -0.109349 5.44507 -0.172095 0.9826 0.0698632 -9.05313 0.119953 -0.0494904 0.991545 13.5511
-0.953197 0.115736 -0.279322 -3.09887 0.122181 0.992492 -0.00571372 -9.52498 0.276563 -0.039574 -0.96018 -13.888
0.789899 0.143537 0.596202 14.2414 -0.150141 0.987899 -0.0389198 -10.9139 -0.594574 -0.0587717 0.80189 8.05992
-0.512208 0.140086 -0.84736 -10.6413 0.105175 0.989414 0.099995 -8.28801 0.852398 -0.0379031 -0.521518 -5.86621
0.168952 0.161137 0.972363 17.2173 -0.127627 0.981817 -0.140528 -12.7258 -0.977326 -0.100357 0.186445 -2.1305
0.106388 0.169763 -0.979726 -11.0869 0.018044 0.984826 0.172606 -7.85645 0.994161 -0.0360414 0.101711 2.81391
-0.350327 0.152347 0.924154 15.2355 -0.0102887 0.985998 -0.166442 -12.9583 -0.936571 -0.0678175 -0.343855 -9.73616
0.527277 0.296449 -0.796302 -7.90729 -0.225385 0.95239 0.205317 -7.38738 0.819256 0.0712157 0.568989 9.59571
-0.764856 0.112583 0.634287 10.4892 0.0675007 0.993197 -0.0948912 -10.5698 -0.640654 -0.0297632 -0.767252 -16.279
0.891748 0.210656 -0.400512 -0.541364 -0.201599 0.977298 0.0651608 -9.05757 0.405146 0.022636 0.913972 13.7081
-0.984296 0.0896047 0.152092 2.6566 0.0883038 0.995976 -0.0153006 -9.57113 -0.15285 -0.00162997 -0.988248 -18.2117
0.982009 0.160581 0.0993542 7.836 -0.159631 0.987022 -0.0174966 -10.523 -0.100875 0.00132185 0.994898 14.4199
-0.923844 0.0958311 -0.370579 -6.22578 0.0943185 0.995294 0.0222475 -9.67955 0.370968 -0.0143992 -0.928534 -15.5798
0.808695 0.187669 0.557488 14.8341 -0.186769 0.98062 -0.0591817 -12.278 -0.557791 -0.0562617 0.828073 10.5755
-0.741133 0.0777574 -0.66684 -9.58028 0.0238421 0.995692 0.0896051 -9.3292 0.670935 0.0505105 -0.739794 -11.7259
0.556858 0.140238 0.818684 19.5997 -0.0927141 0.989979 -0.106518 -13.2621 -0.825418 -0.0165882 0.564279 4.55495
-0.355044 0.113598 -0.927922 -12.2563 0.0994626 0.991546 0.08333 -10.2554 0.929544 -0.0627078 -0.36334 -4.41437
0.217919 0.141785 0.965613 20.3019 -0.00139421 0.989436 -0.144968 -15.0423 -0.975966 0.030245 0.215814 -0.314023
-0.111327 0.131897 -0.984992 -12.3632 0.0307023 0.991137 0.12925 -10.7443 0.99331 -0.0158525 -0.114389 -0.645177
-0.026918 0.203404 0.978725 19.8868 0.0864947 0.975882 -0.200434 -17.0953 -0.995889 0.0792592 -0.0438626 -5.413
0.187841 0.180736 -0.965428 -11.0196 -0.0975734 0.981496 0.16476 -12.1155 0.977341 0.0632513 0.202001 4.64032
-0.462184 0.210526 0.861432 15.7969 0.164377 0.974915 -0.150068 -16.5398 -0.871416 0.0722403 -0.485197 -14.5637
0.78052 0.239078 -0.577607 -0.610529 -0.227932 0.96921 0.0931615 -14.3056 0.582095 0.0589409 0.810982 14.5912
-0.962052 0.21967 0.161866 0.817297 0.226978 0.973501 0.0278964 -12.5384 -0.151448 0.0635777 -0.986419 -18.7616
0.929441 0.235531 0.284017 14.0129 -0.213548 0.971111 -0.106496 -17.0516 -0.300895 0.0383308 0.952887 11.6918
-0.663241 0.300722 -0.685331 -10.9684 0.203819 0.953686 0.221226 -9.21131 0.720118 0.00704309 -0.693816 -7.93715
0.277777 0.258341 0.925257 19.7967 -0.00710216 0.963688 -0.266939 -18.0155 -0.96062 0.0675781 0.269525 -2.84292
0.103449 0.293486 -0.95035 -10.4106 -0.100827 0.953649 0.28353 -9.51198 0.989511 0.06649 0.128246 4.97117
-0.49301 0.252061 0.832711 13.4937 0.198231 0.964482 -0.174585 -14.4334 -0.84714 0.0789966 -0.525465 -14.3248
0.823209 0.277863 -0.495096 1.16841 -0.2747 0.958115 0.0809723 -13.1835 0.496858 0.0693458 0.865057 14.1214
-0.953557 0.291518 -0.075811 -4.63102 0.281321 0.951862 0.121731 -8.70749 0.107649 0.0947499 -0.989664 -16.0165
0.675853 0.255257 0.691424 18.7896 -0.132468 0.964906 -0.226736 -16.3549 -0.725035 0.0616485 0.685947 2.37276
-0.119188 0.282669 -0.951784 -10.417 -0.103274 0.949888 0.295038 -8.06781 0.987486 0.13346 -0.084022 3.09034
-0.519898 0.216866 0.826242 11.9994 0.217062 0.969029 -0.117761 -11.0598 -0.82619 0.118122 -0.55087 -16.0065
0.900157 0.208419 -0.382465 3.74125 -0.220033 0.975397 0.013666 -11.8361 0.375903 0.0718535 0.923869 12.6586
-0.9465 0.31108 -0.085835 -2.22496 0.302946 0.948182 0.0957835 -8.28202 0.111184 0.0646556 -0.991695 -16.6627
0.845342 0.216836 0.488241 15.1104 -0.140714 0.972025 -0.18806 -14.8249 -0.515361 0.0902726 0.852205 7.91491
-0.480409 0.288082 -0.828381 -10.6301 0.129807 0.957468 0.257694 -7.25197 0.867386 0.0162687 -0.497371 -4.90276
0.512319 0.210838 0.832512 15.4654 -0.0254958 0.972702 -0.230652 -14.6352 -0.858417 0.096942 0.503709 6.6056
-0.50115 0.292178 -0.814543 -10.2426 0.148145 0.956348 0.251897 -7.45203 0.852585 0.00556726 -0.522558 -4.89474
0.427154 0.191627 0.883639 17.1312 0.0172583 0.975378 -0.219865 -14.3649 -0.904014 0.109166 0.413329 3.13222
-0.397539 0.215977 -0.891806 -9.71902 0.0168453 0.973459 0.228242 -8.7171 0.917431 0.0757123 -0.390625 -2.76441
0.378588 0.190004 0.905853 18.8387 0.0340791 0.975177 -0.218788 -15.6712 -0.924938 0.113701 0.362715 2.51693
-0.34984 0.171199 -0.921034 -10.2511 -0.0916855 0.972183 0.215532 -10.6711 0.932312 0.159847 -0.324412 -1.37184
0.208841 0.128397 0.969485 18.0354 0.0378747 0.989538 -0.139212 -14.9848 -0.977216 0.065792 0.201793 -1.77504
0.0601307 0.196052 -0.978748 -8.92192 -0.053914 0.979729 0.192937 -10.6511 0.996734 0.0411667 0.069482 5.67245
-0.271737 0.16987 0.947261 16.5894 0.171873 0.97704 -0.125906 -14.0619 -0.9469 0.128595 -0.294694 -8.1665
0.425117 0.218623 -0.878339 -5.42936 -0.172045 0.972219 0.15872 -11.5295 0.888637 0.0836391 0.45092 9.80051
-0.512502 0.212812 0.831897 14.3457 0.270417 0.959508 -0.0788621 -12.9546 -0.814995 0.184542 -0.549298 -10.8504
0.593254 0.19259 -0.781639 -3.33112 -0.180033 0.97811 0.104356 -12.206 0.784626 0.0788107 0.61494 10.8207
-0.754684 0.153695 0.637833 8.71778 0.18967 0.981773 -0.0121554 -12.1754 -0.628075 0.111804 -0.770079 -15.1256
0.881585 0.179041 -0.436752 2.70805 -0.19527 0.980718 0.00788063 -14.2668 0.429742 0.0783372 0.899548 12.619
-0.943042 0.179079 0.280361 4.23318 0.190988 0.98147 0.0155117 -13.4177 -0.272388 0.0681737 -0.95977 -14.713
0.94366 0.214561 -0.251933 3.67036 -0.216432 0.976081 0.0206029 -14.8274 0.250328 0.0350843 0.967526 11.7569
-0.933121 0.238663 0.268936 4.40761 0.239705 0.970399 -0.0294692 -14.5159 -0.268008 0.0369668 -0.962708 -15.7293
0.881013 0.279618 -0.381616 0.682383 -0.261454 0.960039 0.099838 -14.3273 0.394283 0.0118167 0.918913 11.7433
-0.845671 0.222427 0.485147 7.25743 0.216561 0.973829 -0.0689821 -15.174 -0.487793 0.0467278 -0.871708 -14.686
0.687963 0.183502 -0.702164 -7.46007 -0.105775 0.982528 0.153136 -12.0735 0.717997 -0.0310804 0.695353 8.71355
-0.37206 0.21564 0.902813 14.3335 0.122042 0.975561 -0.182721 -16.5605 -0.920151 0.0421977 -0.389285 -7.18929
0.00945572 0.229306 -0.973309 -11.6937 0.0425586 0.972378 0.2295 -10.7451 0.999049 -0.0435928 -0.000564446 -1.5325
0.400512 0.181622 0.898111 13.5933 0.0342764 0.976503 -0.212761 -16.4714 -0.91565 0.115997 0.384876 4.17335
-0.680362 0.293439 -0.671567 -7.36051 0.181442 0.955259 0.23358 -9.89639 0.710062 0.0370684 -0.703164 -10.8855
0.892831 0.15299 0.423613 8.95083 -0.0347455 0.961135 -0.273887 -17.9199 -0.449051 0.229816 0.863446 9.52191
-0.977338 0.202042 -0.0631632 0.670704 0.179529 0.949213 0.25839 -10.5498 0.112161 0.241195 -0.963974 -15.3389
0.969353 0.15204 -0.192974 2.20144 -0.192338 0.958356 -0.211093 -18.267 0.152843 0.241739 0.958228 11.6143
-0.817872 0.307243 0.486506 9.58354 0.398654 0.912266 0.0940604 -13.2082 -0.414923 0.270877 -0.868599 -16.1598
0.599974 0.251744 -0.759379 -7.30126 -0.309123 0.948429 0.0701835 -14.5827 0.737885 0.192633 0.646853 8.67577
-0.197458 0.278935 0.93979 18.6185 0.354338 0.914158 -0.196878 -17.8394 -0.914032 0.294128 -0.279345 -8.73223
-0.196047 0.314683 -0.928731 -11.076 -0.166378 0.922703 0.347762 -10.0007 0.966377 0.222698 -0.128536 -3.22007
0.550697 0.238157 0.800009 16.9481 0.158725 0.911067 -0.380479 -20.2385 -0.819475 0.336509 0.463921 2.24687
-0.755943 0.351155 -0.552487 -7.28562 0.104731 0.89796 0.427435 -7.57592 0.646206 0.265253 -0.715583 -12.0637
0.939866 0.219475 0.261692 9.90471 -0.116613 0.92637 -0.358108 -20.0427 -0.32102 0.306057 0.896257 10.1687
-0.954394 0.292442 -0.060088 -1.0336 0.256423 0.906027 0.336694 -8.67622 0.152905 0.30593 -0.939695 -15.9728
0.918044 0.350811 -0.184737 2.04294 -0.385693 0.898145 -0.211133 -19.1869 0.0918524 0.265081 0.959842 11.8885
-0.801248 0.378496 0.463402 7.29336 0.475285 0.873095 0.108671 -12.4374 -0.363463 0.30732 -0.87946 -16.8955
0.580871 0.464857 -0.668205 -5.92238 -0.548687 0.829975 0.100423 -16.357 0.601275 0.308302 0.737169 10.0012
-0.370736 0.408167 0.834239 12.6128 0.480011 0.853185 -0.20412 -17.7269 -0.795076 0.324769 -0.512231 -12.8808
0.0779869 0.48248 -0.872429 -11.7441 -0.437454 0.802911 0.40493 -11.8449 0.895853 0.350068 0.273679 4.32061
0.13138 0.400505 0.906827 14.1778 0.250066 0.871785 -0.421258 -21.7178 -0.959274 0.282111 0.0143821 -5.51941
-0.49775 0.410712 -0.763911 -11.6096 -0.176406 0.814421 0.552811 -9.43538 0.849191 0.40992 -0.332926 -6.43004
0.723889 0.420739 0.546775 8.85303 -0.132006 0.862349 -0.488804 -24.446 -0.67717 0.281662 0.679785 5.08313
-0.923592 0.344411 -0.168404 -3.65334 0.230775 0.850216 0.473155 -11.2108 0.30614 0.398138 -0.864734 -14.9081
0.89172 0.428728 -0.145013 0.0887613 -0.452458 0.836778 -0.308359 -24.1848 -0.0108585 0.340581 0.940153 9.4686
-0.853733 0.377347 0.358818 2.23333 0.476294 0.844392 0.245247 -14.7413 -0.21044 0.380278 -0.900613 -16.0572
0.757472 0.492692 -0.428358 -3.34842 -0.587136 0.800997 -0.116945 -23.8365 0.285495 0.340086 0.89601 9.84508
-0.62856 0.540075 0.559671 5.18942 0.66579 0.745605 0.0282434 -18.0014 -0.402039 0.390376 -0.828234 -16.728
0.462426 0.667871 -0.583191 -7.41847 -0.736034 0.655893 0.167511 -21.1058 0.494386 0.351787 0.794877 8.54004
-0.533661 0.397317 0.746556 7.32523 0.485469 0.866756 -0.11426 -21.453 -0.692479 0.301454 -0.655438 -15.3056
0.32815 0.594266 -0.73428 -10.0449 -0.638646 0.712322 0.291083 -20.3326 0.696024 0.373426 0.613274 6.01438
-0.339021 0.373764 0.863346 9.59112 0.381013 0.893612 -0.23725 -24.6007 -0.860171 0.248513 -0.445362 -14.1672
0.00318124 0.628831 -0.777535 -12.5544 -0.623178 0.609343 0.490256 -17.8723 0.782074 0.482983 0.393812 2.94462
-0.192275 0.229274 0.954182 11.3708 -0.00495527 0.972086 -0.234574 -25.6415 -0.981329 -0.0498311 -0.185772 -11.3417
-0.210591 0.547006 -0.810207 -12.6482 -0.519629 0.639375 0.566733 -16.2487 0.828032 0.540356 0.149594 -0.392166
-0.017543 0.222699 0.974729 14.1027 -0.319865 0.922397 -0.216499 -26.8872 -0.947301 -0.31558 0.0550521 -7.86124
-0.507759 0.338253 -0.792317 -14.0214 -0.542614 0.588776 0.599094 -16.3014 0.669142 0.734117 -0.115416 -5.08133
0.3032 0.441788 0.84433 13.3762 -0.231909 0.893609 -0.384294 -31.3003 -0.924277 -0.07929 0.373397 -4.04584
-0.536527 0.39019 -0.748259 -14.3194 -0.198247 0.803593 0.561194 -18.358 0.820267 0.449435 -0.353795 -6.29158
0.0518037 0.3093 0.949553 13.6051 -0.513665 0.823663 -0.24027 -32.0281 -0.856426 -0.475305 0.201545 -8.98622
-0.119281 0.51291 -0.850115 -13.3657 -0.122333 0.842112 0.525246 -19.124 0.985296 0.166649 -0.0377024 0.22495
-0.209627 -0.104831 0.972146 12.7023 -0.815035 0.567987 -0.1145 -31.7031 -0.540163 -0.816334 -0.204507 -10.2071
0.017734 0.579037 -0.815109 -13.1984 -0.058837 0.814429 0.577274 -16.4566 0.99811 0.0377211 0.0485118 1.98164
-0.334826 -0.120781 0.934507 12.9041 -0.7553 0.627376 -0.189531 -32.3527 -0.563396 -0.769293 -0.301287 -12.1381
-0.0790925 0.684141 -0.725049 -13.6399 -0.347876 0.662661 0.663222 -16.1333 0.934199 0.304683 0.185585 4.30007
-0.383652 -0.219498 0.897013 13.1242 -0.754073 0.635183 -0.167088 -32.9075 -0.533092 -0.740516 -0.409207 -14.471
-0.0247076 0.7455 -0.666048 -13.0526 -0.382925 0.60838 0.695157 -14.7477 0.923449 0.272222 0.270439 6.29516
-0.456303 -0.129329 0.880376 12.244 -0.748303 0.591132 -0.30101 -36.1722 -0.481489 -0.796139 -0.366513 -10.3979
0.0945773 0.590705 -0.801326 -15.7986 -0.0393511 0.806523 0.589892 -18.373 0.99474 -0.0242574 0.0995236 5.4644
-0.321317 0.0614499 0.944976 12.9495 -0.669268 0.691242 -0.272519 -38.0945 -0.669953 -0.720007 -0.180981 -7.42755
0.0278971 0.487547 -0.872651 -18.2585 0.125389 0.864389 0.486939 -21.7991 0.991716 -0.123005 -0.0370193 4.07925
-0.0588159 0.325174 0.943824 13.473 -0.443715 0.838415 -0.316508 -40.8121 -0.894236 -0.437404 0.0949725 -3.0836
-0.131787 0.434152 -0.891148 -21.2204 0.295311 0.875365 0.38279 -25.411 0.946269 -0.212719 -0.243571 1.24115
0.205054 0.392128 0.896766 12.7579 -0.400004 0.8698 -0.288871 -43.2872 -0.893281 -0.299476 0.335209 2.13282
-0.331245 0.414103 -0.847818 -23.4722 0.393015 0.877442 0.27502 -30.2325 0.857797 -0.242106 -0.453397 -2.15806
0.468297 0.377918 0.798672 11.221 -0.355635 0.908081 -0.221164 -45.4855 -0.80884 -0.180465 0.559652 7.76012
-0.481762 0.457943 -0.747124 -24.3512 0.535096 0.828912 0.163032 -34.1398 0.693958 -0.32124 -0.644381 -5.73817
0.642058 0.360054 0.676848 8.32322 -0.378541 0.916619 -0.128518 -46.3225 -0.666684 -0.173699 0.724818 12.1691
-0.613696 0.534083 -0.581491 -22.8155 0.628867 0.775968 0.0490077 -37.8692 0.477392 -0.335605 -0.812075 -10.3478
0.842036 0.284889 0.458054 4.67354 -0.322616 0.94652 0.00437112 -44.4421 -0.432312 -0.151457 0.888914 16.7408
-0.740015 0.582767 -0.335798 -19.2934 0.645292 0.755957 -0.110123 -41.5873 0.189673 -0.298181 -0.935475 -14.464
0.941484 0.318579 0.110072 -3.07256 -0.33632 0.909522 0.244253 -39.4372 -0.0222988 -0.266979 0.963445 21.6631
-0.792809 0.58968 0.154052 -9.70455 0.511536 0.781222 -0.357804 -47.6834 -0.331339 -0.204867 -0.921002 -16.5064
0.841251 0.371345 -0.392938 -13.7493 -0.157637 0.863691 0.478737 -34.0737 0.517154 -0.340796 0.785118 21.0361
-0.585813 0.527469 0.615305 0.0304594 0.211107 0.832322 -0.512518 -52.6637 -0.782469 -0.170344 -0.598937 -12.1075
0.381788 0.403446 -0.831547 -27.0054 0.286711 0.803617 0.521533 -31.0984 0.878656 -0.437529 0.191138 8.34353
0.207587 0.445646 0.870809 7.71502 -0.168211 0.893203 -0.417007 -51.4844 -0.963646 -0.0599143 0.26038 4.93375
-0.41534 0.556219 -0.719801 -26.7829 0.619497 0.752382 0.223933 -36.2716 0.666121 -0.352906 -0.65707 -9.78586
0.847299 0.330629 0.415656 -0.0351448 -0.372289 0.927884 0.0208219 -43.0421 -0.378795 -0.172386 0.909284 19.8577
-0.743726 0.667842 -0.0293071 -13.3061 0.644093 0.704166 -0.298825 -47.1986 -0.178931 -0.24112 -0.953858 -18.4808
0.878944 0.296601 -0.373478 -15.9613 -0.106475 0.885365 0.452541 -33.7463 0.464889 -0.357992 0.809766 19.7159
-0.428258 0.6152 0.66191 1.57769 0.250765 0.784618 -0.567003 -53.7229 -0.868166 -0.0768399 -0.490289 -10.7517
0.35385 0.305856 -0.88388 -28.1676 0.503624 0.734015 0.455616 -30.9578 0.788134 -0.606362 0.105694 6.04371
0.328403 0.389827 0.860341 8.60683 -0.0551593 0.917221 -0.394544 -49.2845 -0.942926 0.0821136 0.322721 4.88375
-0.322075 0.558607 -0.764347 -26.9433 0.816338 0.572738 0.0745904 -36.2475 0.479437 -0.599941 -0.640477 -11.5081
0.895378 0.0324915 0.444121 2.94217 -0.0492317 0.998444 0.02621 -38.4801 -0.442578 -0.0453328 0.895584 16.9692
-0.599426 0.781061 -0.175023 -14.4586 0.786331 0.533758 -0.311105 -40.6729 -0.149572 -0.32411 -0.934121 -20.697
0.947709 -0.235732 -0.215123 -8.62661 0.292393 0.911487 0.289306 -27.4838 0.127883 -0.337078 0.932751 18.4301
-0.40123 0.789133 0.465063 1.88742 0.612007 0.608718 -0.504886 -40.0753 -0.681514 0.0820462 -0.727191 -20.4584
0.648521 -0.0691066 -0.758053 -18.3583 0.527232 0.75909 0.38185 -19.3386 0.549042 -0.647308 0.528721 9.95496
-0.104681 0.431856 0.895847 14.0961 0.143225 0.897953 -0.416135 -35.784 -0.984139 0.0847461 -0.155851 -10.4851
0.049909 0.209753 -0.97648 -23.8101 0.731459 0.658044 0.178737 -19.9653 0.680057 -0.723175 -0.120584 -3.66619
0.500548 0.15162 0.852329 16.1435 0.208634 0.934398 -0.288744 -30.6111 -0.840193 0.322354 0.436078 0.46751
-0.236884 0.472141 -0.849099 -21.7875 0.932636 0.355349 -0.0625986 -20.5355 0.272171 -0.806728 -0.524512 -14.0936
0.736491 -0.319404 0.596291 13.1249 0.555843 0.78813 -0.264369 -24.8805 -0.385514 0.526149 0.757989 8.81819
-0.268697 0.79164 -0.548734 -14.1633 0.957693 0.158596 -0.240151 -20.9045 -0.103086 -0.590046 -0.800762 -22.4721
0.556913 -0.766732 0.319329 8.43399 0.824019 0.461851 -0.328158 -23.0115 0.104127 0.445888 0.889012 12.9537
-0.23103 0.9355 -0.26733 -8.24842 0.944148 0.149207 -0.293808 -21.1352 -0.23497 -0.320277 -0.917721 -26.6962
0.582419 -0.812561 -0.0231025 2.11593 0.78427 0.569161 -0.246935 -20.8955 0.213799 0.1257 0.968757 16.6211
-0.00210116 0.999793 -0.0202307 -1.76236 0.923002 -0.0058453 -0.384751 -22.6219 -0.38479 -0.0194811 -0.922799 -28.8777
0.594285 -0.739537 -0.316086 -3.56368 0.750186 0.651396 -0.113601 -17.4539 0.289909 -0.169612 0.941905 17.6674
-0.0557507 0.954269 0.293707 5.37626 0.874405 0.188668 -0.447013 -23.5076 -0.481984 0.231897 -0.844935 -28.6756
0.469847 -0.695579 -0.543521 -8.63073 0.807586 0.587318 -0.0535106 -14.5676 0.35644 -0.413798 0.837689 15.5504
-0.0218782 0.848226 0.529183 11.4523 0.813748 0.322608 -0.483465 -23.7331 -0.580806 0.420044 -0.6973 -26.0573
0.425156 -0.413402 -0.805197 -15.4861 0.740579 0.670334 0.046875 -12.0183 0.520372 -0.616241 0.591152 10.2227
0.316317 0.662433 0.679063 17.2887 0.793762 0.207184 -0.571854 -25.058 -0.519506 0.719902 -0.460277 -21.0136
0.224082 -0.221745 -0.949008 -20.2394 0.848152 0.524005 0.0778288 -9.64179 0.480027 -0.822343 0.305493 3.20948
0.478043 0.375489 0.79403 21.5232 0.689516 0.399575 -0.604076 -26.5921 -0.544098 0.836271 -0.0678912 -11.698
0.0365105 0.0959754 -0.994714 -22.4318 0.943075 0.325954 0.0660646 -9.32224 0.330571 -0.940502 -0.0786116 -6.42726
0.629354 0.0509724 0.775445 22.1946 0.646442 0.519476 -0.558801 -25.3821 -0.431309 0.852963 0.293984 -3.46362
-0.132747 0.33593 -0.932486 -22.9232 0.924931 0.3801 0.00526048 -11.2335 0.356204 -0.861786 -0.36117 -10.6316
0.694453 -0.0989638 0.7127 20.8312 0.625883 0.57173 -0.530469 -26.6947 -0.354974 0.814452 0.458979 1.11213
-0.225662 0.491726 -0.841001 -21.3719 0.926303 0.375672 -0.0288987 -14.3342 0.30173 -0.785543 -0.540261 -14.8962
0.694738 -0.346197 0.630465 18.6317 0.683646 0.59025 -0.429225 -24.1508 -0.223535 0.729214 0.646746 7.24166
-0.242262 0.682088 -0.689975 -17.9005 0.962485 0.258534 -0.0823674 -13.1162 0.1222 -0.684045 -0.719132 -19.8841
0.734105 -0.507905 0.450692 15.3598 0.671299 0.642755 -0.369087 -20.6786 -0.102223 0.573497 0.812805 11.9428
-0.187347 0.836605 -0.514776 -13.1511 0.977741 0.108424 -0.179631 -13.1195 -0.094466 -0.536971 -0.838295 -24.4361
0.725015 -0.651983 0.22197 10.7277 0.684694 0.64745 -0.334669 -18.9521 0.0744837 0.394621 0.91582 15.8189
0.0247966 0.925256 -0.378532 -8.56341 0.930966 -0.159343 -0.328502 -17.738 -0.364265 -0.344254 -0.865332 -26.7553
0.631649 -0.775254 -0.00153702 4.21229 0.744694 0.607298 -0.276807 -19.8394 0.215529 0.173699 0.960925 18.1991
-0.102844 0.992704 -0.0629467 -3.43961 0.912684 0.0690137 -0.402798 -22.9797 -0.395515 -0.0988756 -0.913122 -27.1797
0.384697 -0.907218 -0.170191 -1.6937 0.860206 0.419228 -0.290336 -23.3189 0.334746 -0.0347079 0.941669 18.6006
-0.0580276 0.982792 0.175364 1.7189 0.883684 0.132294 -0.449001 -29.1352 -0.464474 0.128912 -0.876154 -27.7523
0.239995 -0.895244 -0.375421 -7.9367 0.889153 0.357928 -0.285124 -28.3229 0.389629 -0.265379 0.881909 18.9253
0.115027 0.931086 0.346191 6.44008 0.862602 0.0792092 -0.499645 -36.5584 -0.492633 0.356098 -0.794045 -26.7135
0.0761127 -0.830843 -0.551278 -14.1256 0.930885 0.257327 -0.259301 -33.5068 0.357297 -0.49344 0.793004 16.5502
0.216798 0.809057 0.546284 11.2475 0.856886 0.110388 -0.503549 -42.1013 -0.467702 0.577271 -0.669337 -23.3842
0.00640467 -0.649352 -0.760461 -20.1334 0.920046 0.301757 -0.24992 -39.1227 0.39176 -0.698058 0.599365 11.9667
0.368903 0.611924 0.699614 14.612 0.915818 -0.110778 -0.386013 -40.9008 -0.158709 0.783121 -0.601277 -19.6683
-0.0177555 -0.479346 -0.877447 -22.8791 0.921492 0.332704 -0.200402 -36.0761 0.387992 -0.812118 0.435806 8.59088
0.500579 0.447646 0.740968 16.6097 0.864547 -0.214506 -0.454475 -41.6021 -0.044502 0.868102 -0.494388 -17.0372
-0.101323 -0.397818 -0.911852 -24.2643 0.955896 0.215053 -0.20004 -35.6665 0.275676 -0.891904 0.358483 6.4398
0.494996 0.352843 0.794028 18.7148 0.868491 -0.173025 -0.464528 -41.5969 -0.0265187 0.919546 -0.392087 -14.9489
-0.152784 -0.313129 -0.937341 -25.8583 0.967809 0.14455 -0.206039 -34.8624 0.20001 -0.938646 0.280964 4.75169
0.482713 0.261245 0.835906 19.7249 0.874186 -0.0861833 -0.477883 -41.5726 -0.0528033 0.961417 -0.269978 -11.9095
-0.135045 -0.176597 -0.974975 -26.5381 0.979914 0.121918 -0.157813 -33.0566 0.146736 -0.976704 0.156584 1.09101
0.504302 0.130429 0.853621 20.4743 0.863375 -0.094798 -0.495579 -41.3197 0.0162841 0.986915 -0.160415 -9.40443
-0.231947 -0.0467336 -0.971605 -28.2657 0.966086 0.105467 -0.235703 -36.367 0.113488 -0.993324 0.0206854 -3.05239
0.712381 -0.104139 0.694024 15.8598 0.69387 -0.043669 -0.718775 -57.7343 0.10516 0.993604 0.0411502 -2.7931
-0.343642 0.249119 -0.905456 -31.7585 0.934931 -7.89196e-06 -0.354831 -58.1926 -0.0884024 -0.968473 -0.232907 -11.6094
0.679196 -0.393675 0.619446 9.63459 0.67762 0.0120652 -0.735314 -80.5358 0.282001 0.91917 0.274957 2.69492
-0.200326 0.519103 -0.830904 -33.3052 0.940251 -0.136461 -0.311942 -78.458 -0.275316 -0.843748 -0.46075 -20.0846
0.541033 -0.655167 0.527296 2.3405 0.763486 0.119711 -0.634633 -94.8563 0.352667 0.74594 0.564978 9.29264
-0.105666 0.77099 -0.62802 -31.6081 0.918248 -0.166737 -0.359193 -94.6362 -0.381649 -0.614632 -0.690342 -27.5238
0.444699 -0.855842 0.264154 -8.27581 0.765746 0.21029 -0.607793 -110.176 0.464626 0.472559 0.748873 14.0469
0.0108598 0.923699 -0.382966 -29.2385 0.818956 -0.22797 -0.526632 -118.656 -0.573754 -0.307913 -0.758944 -30.7114
0.285577 -0.957737 -0.034454 -22.0111 0.766437 0.249823 -0.591747 -132.638 0.575345 0.142582 0.805387 16.7396
0.0962061 0.840523 -0.533166 -47.8322 0.717865 -0.429645 -0.547792 -142.423 -0.689503 -0.33004 -0.644717 -25.1084
0.57305 -0.753741 0.321697 -19.1679 0.622113 0.144569 -0.769465 -166.421 0.53347 0.641073 0.551757 8.25903
-0.312355 0.42485 -0.849669 -65.9473 0.833354 -0.306812 -0.45977 -170.351 -0.456022 -0.851686 -0.258217 -9.32874
0.849402 -0.201981 0.487566 -26.1018 0.494593 -0.0176307 -0.868947 -200.625 0.184107 0.979231 0.0849227 -5.44768
-0.439925 -0.193066 -0.877036 -74.4251 0.897781 -0.117785 -0.424403 -202.086 -0.0213641 -0.974091 0.225147 8.12831
0.849725 0.40113 0.342146 -43.2103 0.453123 -0.223862 -0.862882 -231.894 -0.269533 0.888246 -0.371982 -17.7054
-0.290514 -0.723846 -0.625819 -75.0926 0.86881 0.0745196 -0.489506 -237.337 0.400963 -0.685926 0.607235 20.8191
0.517906 0.854771 0.0337715 -66.4445 0.608563 -0.340408 -0.716781 -256.945 -0.601187 0.391777 -0.696481 -24.663
0.108534 -0.985077 -0.133583 -66.738 0.762819 0.168694 -0.62422 -271.135 0.637439 -0.0341507 0.769744 23.5703
0.0634337 0.877709 -0.474978 -90.6428 0.779474 -0.340782 -0.525631 -278.687 -0.623214 -0.33689 -0.705768 -19.9622
0.555188 -0.745483 0.368811 -59.9179 0.640776 0.100671 -0.7611 -301.47 0.530258 0.658878 0.533578 12.6026
-0.313428 0.407744 -0.857618 -107.118 0.881833 -0.210106 -0.42217 -302.728 -0.352327 -0.888595 -0.293709 -4.54706
0.808771 -0.111847 0.577391 -64.1573 0.572629 -0.074113 -0.816458 -328.75 0.134111 0.990958 0.00410601 -5.42078
-0.407743 -0.299635 -0.862534 -110.797 0.906095 -0.0160214 -0.422771 -330.283 0.112858 -0.953919 0.27803 13.178
0.730433 0.568881 0.377945 -81.1133 0.595694 -0.259952 -0.759983 -352.554 -0.334091 0.780256 -0.528757 -20.6805
-0.16787 -0.857099 -0.487034 -103.644 0.838977 0.135198 -0.527104 -360.781 0.517627 -0.497095 0.69639 23.4581
0.363068 0.923962 -0.120317 -105.48 0.69734 -0.35509 -0.622598 -374.365 -0.61798 0.142144 -0.773238 -24.8705
0.274849 -0.959403 0.0632744 -93.5539 0.717229 0.160752 -0.678042 -392.04 0.640345 0.231741 0.732294 20.6148
-0.0921708 0.75897 -0.644569 -127.893 0.82191 -0.307433 -0.479529 -396.757 -0.56211 -0.573976 -0.595469 -15.746
0.677998 -0.550532 0.487066 -90.0298 0.607516 0.046648 -0.792937 -421.46 0.413817 0.83351 0.366084 6.15551
-0.386014 0.164248 -0.907753 -140.059 0.901196 -0.143076 -0.409115 -421.985 -0.197074 -0.975987 -0.0927905 1.64741
0.820832 0.145635 0.552291 -98.98 0.56991 -0.144636 -0.808878 -447.448 -0.0379198 0.978709 -0.201721 -12.052
-0.357567 -0.534561 -0.765762 -139.295 0.891783 0.047986 -0.44991 -450.752 0.27725 -0.843767 0.459554 17.7363
0.625141 0.747908 0.223235 -119.482 0.625005 -0.30836 -0.717136 -470.291 -0.467514 0.587833 -0.660214 -24.0875
-0.0224045 -0.954819 -0.296343 -129.997 0.798827 0.161136 -0.579578 -481.824 0.601144 -0.249712 0.759124 23.6617
0.198076 0.926507 -0.319925 -144.288 0.742631 -0.354877 -0.567945 -491.998 -0.639739 -0.12509 -0.758345 -23.4104
0.435952 -0.866411 0.24347 -121.234 0.673225 0.134418 -0.727118 -512.703 0.597256 0.480899 0.641889 16.1296
-0.226521 0.583639 -0.779778 -163.794 0.858383 -0.258716 -0.442996 -515.2 -0.460291 -0.769696 -0.442382 -10.4408
0.766526 -0.317746 0.5581 -121.785 0.583751 -0.0175385 -0.811743 -540.997 0.267716 0.948014 0.17204 -0.785225
-0.416157 -0.0929551 -0.904529 -171.298 0.908879 -0.0725304 -0.410705 -541.708 -0.0274281 -0.993025 0.114669 7.67004
0.788311 0.390752 0.475267 -135.324 0.579399 -0.211529 -0.787117 -565.732 -0.207034 0.895862 -0.393152 -17.8704
-0.266998 -0.732803 -0.62587 -166.668 0.86647 0.101733 -0.488754 -571.525 0.421832 -0.672793 0.607789 20.9561
0.489377 0.87114 0.0403288 -158.417 0.66255 -0.341333 -0.666723 -587.879 -0.567042 0.352999 -0.744214 -25.8203
0.139285 -0.985551 -0.096381 -156.42 0.754378 0.168654 -0.634405 -602.841 0.641495 0.0156553 0.766968 22.093
0.0334079 0.860377 -0.508562 -182.398 0.787675 -0.335874 -0.516484 -609.828 -0.615183 -0.383327 -0.688919 -20.3314
0.580228 -0.712806 0.394011 -150.141 0.633978 0.091591 -0.767908 -633.025 0.511282 0.695355 0.505046 10.4087
-0.329927 0.364358 -0.870857 -198.114 0.886261 -0.198143 -0.418665 -634.078 -0.325097 -0.909936 -0.257544 -4.45858
0.81439 -0.0639101 0.57679 -155.25 0.571198 -0.0872606 -0.816161 -660.066 0.102493 0.994133 -0.0345596 -7.74836
-0.401682 -0.34532 -0.848178 -200.938 0.904326 -0.00355455 -0.426827 -661.867 0.144377 -0.938479 0.313709 13.0573
0.794495 0.540579 0.276682 -175.05 0.53302 -0.402451 -0.744259 -684.849 -0.290979 0.738787 -0.607885 -23.1681
-0.220676 -0.865347 -0.449975 -196.986 0.788278 0.113452 -0.604768 -698.126 0.574386 -0.488163 0.657098 19.928
0.444401 0.881052 -0.162037 -198.859 0.674118 -0.448022 -0.587231 -710.383 -0.589976 0.151734 -0.793035 -28.928
0.170489 -0.959035 -0.226244 -202.077 0.675242 0.280928 -0.682002 -728.443 0.717623 -0.0364955 0.695475 18.456
0.301375 0.921387 -0.245395 -210.524 0.789054 -0.385483 -0.478326 -732.672 -0.535319 -0.0494742 -0.8432 -31.2944
0.223784 -0.96224 -0.154966 -209.608 0.587599 0.260052 -0.766224 -756.896 0.777591 0.0804109 0.623607 12.6767
0.259089 0.915366 -0.308185 -221.821 0.831608 -0.373697 -0.410825 -757.332 -0.491222 -0.149849 -0.858047 -36.2933
0.279415 -0.95598 -0.0896054 -216.687 0.568163 0.239846 -0.787187 -782.731 0.774028 0.169041 0.610169 7.01861
0.203501 0.905202 -0.37309 -232.987 0.850495 -0.35221 -0.390646 -781.931 -0.48502 -0.237814 -0.841546 -40.7421
0.246517 -0.969135 -0.00258596 -224.305 0.588835 0.151898 -0.793851 -806.815 0.769743 0.194175 0.608105 2.84686
0.198848 0.924458 -0.325326 -238.536 0.878533 -0.315259 -0.358872 -805.18 -0.434324 -0.214449 -0.874857 -44.5858
0.278406 -0.958404 -0.0628712 -232.49 0.587737 0.221771 -0.778062 -829.842 0.759642 0.179665 0.625032 -1.65731
0.199275 0.948687 -0.245526 -243.145 0.918814 -0.26799 -0.28976 -824.003 -0.340689 -0.167851 -0.925071 -50.1329
0.181811 -0.98282 0.0317885 -234.634 0.582039 0.0815012 -0.809066 -849.895 0.792576 0.165599 0.586857 -8.23351
0.132525 0.946359 -0.294688 -248.927 0.936866 -0.216664 -0.274476 -842.89 -0.3236 -0.239709 -0.915326 -56.1061
0.165021 -0.953285 0.253014 -230.725 0.545839 -0.125395 -0.828453 -869.724 0.82148 0.274816 0.499647 -18.0411
0.0153421 0.852596 -0.522346 -257.431 0.919147 -0.217675 -0.328305 -865.85 -0.393613 -0.475076 -0.787002 -60.2767
0.317258 -0.878961 0.356055 -231.235 0.519253 -0.153168 -0.840782 -893.477 0.793552 0.451628 0.407809 -26.8146
-0.127079 0.832259 -0.539626 -261.604 0.928301 -0.0918676 -0.360299 -891.167 -0.349436 -0.546722 -0.760914 -66.8186
0.41488 -0.883947 0.215667 -240.603 0.56897 0.0670731 -0.819618 -917.969 0.710034 0.462751 0.530766 -30.4839
-0.0406191 0.930547 -0.363912 -261.294 0.906105 -0.119189 -0.405914 -918.477 -0.421096 -0.346231 -0.838333 -75.7275
0.295598 -0.953088 -0.0651618 -254.997 0.521915 0.218247 -0.824604 -946.537 0.800142 0.209742 0.561944 -34.9262
0.148606 0.985702 0.0794252 -251.919 0.870384 -0.0922479 -0.483653 -950.849 -0.46941 0.141004 -0.871649 -84.5207
-0.0981379 -0.824422 -0.557402 -276.364 0.568119 0.413454 -0.711544 -973.303 0.817074 -0.3865 0.427794 -47.1197
0.59042 0.719193 0.366287 -250.293 0.694078 -0.220829 -0.685193 -989.726 -0.411899 0.658783 -0.629559 -86.5349
-0.343061 -0.464961 -0.816162 -292.809 0.745707 0.393529 -0.537638 -1000.54 0.571165 -0.79306 0.21172 -62.4473
0.795273 0.275074 0.540255 -252.626 0.596874 -0.199123 -0.777232 -1022.81 -0.106218 0.940576 -0.322542 -82.7579
-0.479351 0.0628407 -0.875371 -302.99 0.839069 0.325198 -0.436128 -1025.85 0.257263 -0.943555 -0.208613 -83.2882
0.795265 -0.251574 0.551602 -260.33 0.529791 -0.153962 -0.834036 -1052.26 0.294748 0.955513 0.0108399 -80.0902
-0.356693 0.604898 -0.711947 -302.014 0.934157 0.22204 -0.27937 -1047.03 -0.0109086 -0.76472 -0.644271 -106.977
0.57727 -0.788609 0.211791 -277.319 0.406816 0.052869 -0.911978 -1080.16 0.707998 0.612618 0.351338 -78.292
-0.0667224 0.984716 -0.160884 -289.79 0.949612 0.0131823 -0.313149 -1073.87 -0.306241 -0.173671 -0.935978 -126.871
0.0275266 -0.889249 -0.456594 -306.395 0.388113 0.43044 -0.814916 -1103.7 0.921201 -0.154778 0.356977 -89.0838
0.582137 0.628699 0.51561 -271.85 0.771571 -0.227085 -0.59423 -1111.45 -0.256504 0.743754 -0.617281 -126.077
