1 0 0 0 0 1 0 0 0 0 1 0
<<<<<<< HEAD
-0.00515718 0.00226434 0.999984 -0.784247 -0.113013 0.99359 -0.0028327 -0.521049 -0.99358 -0.113026 -0.00486822 0.570574
-0.995619 -0.0915012 -0.0192497 -0.372336 -0.0879794 0.986442 -0.138532 -0.807017 0.0316646 -0.136232 -0.990171 1.27574
0.0504648 -0.113291 -0.992279 0.210813 0.04392 0.992836 -0.111121 -1.27952 0.99776 -0.0379732 0.055079 1.24737
0.994499 -0.0571201 0.0877958 0.226602 0.0586141 0.998175 -0.0145317 -1.5321 -0.0868056 0.0195978 0.996032 1.33863
-0.129088 -0.0381557 0.990899 0.342395 -0.0305783 0.998938 0.0344816 -1.79574 -0.991162 -0.0258488 -0.130118 1.29521
-0.976511 -0.128207 -0.173176 -0.0476328 -0.118445 0.99079 -0.0656221 -2.26193 0.179994 -0.043569 -0.982702 1.11929
0.217991 -0.129975 -0.967257 -0.553676 -0.0312061 0.989657 -0.140018 -2.63165 0.975452 0.0607069 0.21168 1.64821
0.95747 -0.0860905 0.275391 0.48961 0.110295 0.991169 -0.0736196 -2.72599 -0.266621 0.100863 0.958509 2.29709
-0.316744 -0.040298 0.947654 1.23538 0.0016439 0.999072 0.0430339 -2.9654 -0.94851 0.0151886 -0.316384 0.877977
-0.929005 -0.068576 -0.363657 -0.233175 -0.0473044 0.996625 -0.067092 -3.40805 0.36703 -0.0451263 -0.929114 0.250104
0.402743 -0.109528 -0.908736 -0.987972 0.0567383 0.993893 -0.0946458 -3.6892 0.913553 -0.0134421 0.406498 2.40342
0.886054 -0.0765783 0.457214 1.15984 0.0956021 0.995246 -0.0185782 -3.97648 -0.453618 0.0601719 0.889163 3.22571
-0.504985 -0.0262228 0.862729 1.62928 0.013854 0.999164 0.0384789 -4.20539 -0.863017 0.0313835 -0.5042 1.13804
-0.834166 -0.094274 -0.543396 -0.0808326 -0.0833772 0.995514 -0.04472 -4.64197 0.545175 0.008003 -0.838284 0.342272
0.61757 -0.0544929 -0.784626 -0.623387 0.0314309 0.99851 -0.0446084 -4.87253 0.785887 0.00288736 0.618363 1.80344
0.741113 -0.0555773 0.669076 1.06141 0.0783609 0.996917 -0.00398812 -4.81334 -0.666792 0.0553851 0.743183 1.59452
-0.656609 -0.0681692 0.751144 -0.222975 -0.00155003 0.996027 0.0890384 -5.01433 -0.754229 0.0572991 -0.654106 0.345239
-0.752393 -0.0251057 -0.658235 -1.60279 -0.0461624 0.998826 0.0146696 -5.11107 0.657094 0.041423 -0.752669 1.45528
0.620802 -0.0371918 -0.783085 -0.50819 -0.0204072 0.997769 -0.0635661 -4.97844 0.783702 0.0554425 0.618658 3.04518
0.816011 -0.0369334 0.576855 1.67527 0.0722054 0.996653 -0.0383296 -4.69243 -0.573509 0.0729294 0.815947 2.05872
-0.511486 -0.0132789 0.859189 0.508922 0.0629418 0.996616 0.0528729 -4.33959 -0.856983 0.0811227 -0.508919 -0.116175
-0.829012 0.0299507 -0.558429 -1.35821 -0.00620129 0.998011 0.0627333 -4.60697 0.559197 0.0554696 -0.827177 0.795764
0.583033 -0.00469382 -0.812435 -0.297934 -0.0345171 0.998937 -0.0305421 -4.94237 0.811715 0.04585 0.582251 3.49902
0.823042 -0.0259365 0.567387 2.81638 0.0644545 0.996769 -0.0479321 -5.0781 -0.564311 0.0760208 0.822055 2.34576
-0.593957 -0.0403329 0.803486 1.40661 0.0478541 0.995203 0.0853316 -5.09929 -0.803073 0.0891333 -0.589177 -1.77455
-0.805803 -0.0298833 -0.591429 -3.32185 -0.0694975 0.996597 0.0443329 -5.59319 0.588092 0.0768264 -0.805137 -0.434942
0.513067 -0.0438169 -0.85723 -2.45912 -0.0286633 0.997265 -0.0681302 -6.12775 0.85787 0.0595264 0.510407 4.74562
0.894986 -0.0497056 0.443317 3.55848 0.0732064 0.996665 -0.0360437 -6.17471 -0.440047 0.0647122 0.89564 4.70743
-0.359572 -0.0391877 0.932294 4.53424 0.0519841 0.996725 0.0619455 -5.97928 -0.931669 0.0707383 -0.356357 -1.9848
-0.970767 -0.0392248 -0.236795 -2.27695 -0.0572157 0.995934 0.0695869 -6.55028 0.233103 0.0811011 -0.969065 -4.23182
0.161698 -0.046859 -0.985727 -5.18907 -0.00954192 0.998751 -0.0490434 -6.98553 0.986794 0.0173359 0.161049 2.28125
0.997701 -0.0599696 0.0315726 1.27749 0.0606214 0.997958 -0.0201063 -6.82728 -0.0303022 0.021974 0.999299 6.12782
0.169393 -0.0855423 0.981829 5.84478 0.0683163 0.994849 0.0748902 -6.25536 -0.983178 0.054389 0.174365 -0.24783
-0.934889 -0.0520466 0.351104 -0.0901179 -0.0151578 0.994143 0.107008 -5.98947 -0.354617 0.0947187 -0.930202 -6.0819
-0.369779 -0.0173592 -0.928958 -5.58288 -0.0753318 0.997094 0.011354 -6.70691 0.926061 0.0741785 -0.370012 0.682616
0.916169 -0.0135644 -0.400563 1.56911 -0.00887636 0.998495 -0.0541147 -7.20212 0.400694 0.0531337 0.91467 6.95627
0.482584 -0.0308696 0.875306 8.0844 0.0541258 0.99852 0.00537379 -6.94658 -0.874176 0.0447833 0.483541 0.261943
-0.864739 -0.0252022 0.501588 2.2135 0.0251993 0.995305 0.0934526 -6.71075 -0.501589 0.0934518 -0.860044 -5.38542
-0.466854 0.0439814 -0.88324 -3.14862 -0.0354779 0.997027 0.0684 -6.99535 0.883622 0.0632683 -0.463906 0.272914
0.951349 0.053742 -0.303391 2.69994 -0.0615388 0.997973 -0.01619 -7.67001 0.301907 0.0340726 0.952729 5.10019
0.13072 -0.0128469 0.991336 7.03267 0.085913 0.996301 0.0015826 -7.42739 -0.98769 0.0849617 0.13134 -0.631811
-0.994753 0.0232753 -0.0996257 0.448335 0.0139934 0.99558 0.0928708 -7.25033 0.101347 0.0909894 -0.990682 -3.54903
0.431214 0.0481044 -0.900967 -0.524996 -0.0586241 0.997961 0.0252248 -7.70444 0.900343 0.0419411 0.433155 3.50056
0.690416 -0.0231957 0.723041 6.61528 0.0444065 0.99896 -0.0103554 -7.87283 -0.722049 0.0392572 0.690728 2.24762
-0.926241 0.00624991 0.376882 2.77623 0.045678 0.994355 0.0957708 -7.5557 -0.374156 0.105922 -0.921297 -3.32879
0.120965 0.0574198 -0.990995 -0.849106 -0.0654868 0.996612 0.0497516 -7.95825 0.990494 0.0588788 0.124316 2.3804
0.755365 -0.0618714 0.652378 6.04568 0.0596036 0.997893 0.0256273 -7.83948 -0.652589 0.0195261 0.757461 2.97517
-0.957175 -0.0348178 0.287409 3.24799 -0.00117489 0.993201 0.116407 -7.61758 -0.289508 0.111084 -0.950708 -2.73481
0.336322 0.0334587 -0.941153 -0.623744 -0.0420879 0.998904 0.0204715 -8.0211 0.940806 0.0327261 0.337361 3.25816
0.675948 -0.0654262 0.734039 6.35079 0.0389748 0.997831 0.053048 -7.92441 -0.735918 -0.00724872 0.677032 3.40007
-0.992927 -0.116347 0.0236622 3.19412 -0.114771 0.991601 0.0596146 -8.37871 -0.0303995 0.0564772 -0.997941 -2.27689
0.941578 -0.103626 -0.320458 2.72396 0.085704 0.993888 -0.0695731 -8.78253 0.325709 0.038044 0.944705 1.27749
-0.949541 -0.149949 0.275476 3.13089 -0.106674 0.98035 0.165937 -8.43021 -0.294945 0.128178 -0.946878 -1.0867
0.958695 -0.0983629 -0.266886 2.37183 0.0775817 0.993152 -0.0873486 -8.94527 0.27365 0.0630352 0.959762 2.88771
-0.9639 -0.135155 0.229411 3.57378 -0.0989619 0.981721 0.162571 -8.22488 -0.24719 0.133999 -0.959657 -2.85292
0.957033 -0.12017 -0.263907 1.9048 0.103628 0.991725 -0.0757841 -9.12828 0.27083 0.0451796 0.961567 4.07794
-0.891144 -0.13666 0.43265 4.50775 -0.0719158 0.984051 0.162703 -8.57186 -0.447985 0.113878 -0.886759 -2.20606
0.694371 -0.0934865 -0.713519 0.408786 -0.00970783 0.990218 -0.139187 -9.37495 0.719552 0.103574 0.686672 2.89477
-0.41748 -0.0754267 0.90555 6.03086 0.0502088 0.993112 0.105868 -8.60137 -0.907298 0.0896642 -0.410818 -0.465264
-0.0901919 -0.149779 -0.984597 -0.641115 -0.130106 0.981926 -0.137454 -9.54928 0.98739 0.115705 -0.108049 0.0144343
0.140972 -0.152234 0.978239 5.61595 0.0886507 0.986078 0.140679 -8.65647 -0.986037 0.0668897 0.152505 -1.26801
-0.197044 -0.150582 -0.968762 -2.08732 -0.11734 0.984653 -0.129186 -9.86341 0.973347 0.0882192 -0.21169 -1.27664
0.16476 -0.144831 0.975643 6.47692 0.0697092 0.988397 0.134953 -8.50125 -0.983868 0.0457764 0.172944 -1.61033
-0.136995 -0.0925118 -0.986243 -4.21737 -0.0959096 0.99219 -0.0797473 -9.91679 0.985918 0.0836651 -0.144798 -0.959446
0.105916 -0.14343 0.983977 7.86882 0.0749645 0.987878 0.135929 -8.41911 -0.991546 0.0593662 0.115385 -1.26104
-0.126129 -0.118417 -0.984921 -5.02825 -0.0535622 0.992215 -0.112435 -10.1555 0.990567 0.0385733 -0.131489 -1.16349
0.114839 -0.130554 0.984768 8.19729 0.0442731 0.991014 0.126219 -8.51444 -0.992397 0.0291038 0.119587 -0.525388
-0.100997 -0.121905 -0.98739 -6.23287 -0.0268657 0.992437 -0.119781 -10.3322 0.994524 0.0144294 -0.103508 -1.34925
0.0049061 -0.121346 0.992598 9.40529 0.00878567 0.992577 0.1213 -8.52331 -0.99995 0.00812551 0.00593577 -2.00215
-0.0381688 -0.130973 -0.990651 -7.00481 -0.0503078 0.990368 -0.128997 -10.48 0.998004 0.0449138 -0.0443901 -1.50486
0.0420295 -0.14122 0.989086 9.84147 -0.00363947 0.989932 0.141495 -8.11504 -0.99911 -0.00954675 0.0410924 -1.78988
-0.108031 -0.145272 -0.983477 -8.16842 -0.0612799 0.988358 -0.139261 -10.7949 0.992257 0.0452229 -0.115675 -1.31272
0.325664 -0.14848 0.933754 10.6856 0.0387834 0.988859 0.143716 -7.85124 -0.94469 -0.0105888 0.327794 1.46675
-0.557677 -0.169629 -0.812541 -7.98002 -0.0971313 0.985507 -0.139074 -10.8003 0.824356 0.00136496 -0.566071 -6.22546
0.744755 -0.177741 0.643232 8.81024 0.171144 0.982513 0.0733373 -7.49135 -0.645019 0.0554667 0.762151 6.15604
-0.903781 -0.200614 -0.378067 -4.84092 -0.230906 0.972308 0.0360515 -7.93539 0.360365 0.119881 -0.925076 -9.53127
0.982988 -0.0770921 0.16671 4.66293 0.0851321 0.9955 -0.0416209 -8.24548 -0.162751 0.0551053 0.985127 10.1612
-0.988508 -0.106822 -0.106964 -3.62842 -0.109001 0.993933 0.0147204 -8.20574 0.104742 0.0262104 -0.994154 -10.8151
0.99155 -0.0687042 0.110036 4.14646 0.076174 0.994962 -0.0651815 -8.70676 -0.105003 0.0730126 0.991788 10.2297
-0.995074 -0.0849616 -0.0510748 -1.62163 -0.0861969 0.996025 0.0224867 -8.09097 0.048961 0.0267784 -0.998442 -10.6715
0.99971 -0.023765 -0.00391598 3.20661 0.0236516 0.99936 -0.0268288 -8.32798 0.00455125 0.0267284 0.999633 10.7372
-0.997197 -0.0645632 0.0378221 -0.774084 -0.0644918 0.997914 0.00310338 -8.30581 -0.0379437 0.000655474 -0.99928 -11.2273
0.992011 0.119022 -0.0418243 2.82124 -0.117216 0.992164 0.0432609 -7.83438 0.0466457 -0.0380127 0.998188 11.0711
-0.996427 0.0761954 0.0364374 -0.058352 0.0738424 0.995337 -0.0620659 -8.63904 -0.0409968 -0.0591535 -0.997407 -11.2254
0.991301 0.121594 -0.0503827 1.83155 -0.11993 0.992171 0.0348402 -8.07057 0.0542248 -0.0284947 0.998122 10.1268
-0.97467 0.076536 0.210148 2.20726 0.0668691 0.996367 -0.0527378 -8.79587 -0.213421 -0.0373495 -0.976247 -11.863
0.891007 0.101123 -0.442586 -2.54422 -0.0832148 0.994739 0.0597523 -7.78128 0.4463 -0.01641 0.894733 9.32567
-0.889736 0.114718 0.441826 2.50025 0.0805731 0.992177 -0.0953573 -8.94565 -0.449309 -0.0492435 -0.892019 -11.341
0.915389 -0.0261059 -0.401724 -1.54835 0.0184562 0.999568 -0.0229015 -8.96747 0.402148 0.0135495 0.915475 10.3617
-0.986259 0.0240071 0.163452 -3.42 0.0152029 0.998376 -0.0549029 -9.46672 -0.164505 -0.0516635 -0.985023 -11.5624
0.993907 -0.0576759 0.0939311 4.20119 0.0577392 0.99833 0.00204605 -8.65317 -0.093892 0.00338992 0.995577 9.49352
-0.947899 -0.104218 -0.301042 -8.89541 -0.108192 0.994124 -0.00348862 -9.23559 0.299637 0.0292635 -0.953605 -10.3042
0.87682 -0.0510547 0.4781 7.90364 0.0485335 0.998666 0.0176353 -8.16413 -0.478362 0.00774086 0.878129 6.49867
-0.791383 -0.0665589 -0.607687 -11.2002 -0.0103937 0.995377 -0.0954865 -10.0858 0.611232 -0.0692503 -0.788416 -7.21731
0.701504 -0.0143488 0.712521 10.608 -0.0539757 0.995856 0.0731958 -8.21194 -0.710618 -0.089806 0.697823 4.22217
-0.566205 -0.0459567 -0.822982 -12.5726 0.0695615 0.992219 -0.103265 -9.65513 0.821324 -0.115717 -0.558603 -3.97014
0.409907 -0.0299212 0.911637 12.2185 0.0214189 0.999502 0.0231744 -8.31134 -0.911876 0.010027 0.410344 0.417377
-0.251336 -0.0565796 -0.966245 -12.5013 -0.0279435 0.998298 -0.051188 -9.41982 0.967497 0.0141349 -0.25249 0.137439
0.0466387 -0.124062 0.991178 11.7324 -0.0748558 0.989034 0.127316 -6.35684 -0.996103 -0.0801333 0.0368408 -4.91148
0.297193 -0.10322 -0.949222 -9.39061 0.0741468 0.993633 -0.0848352 -7.05651 0.951934 -0.0451693 0.302954 7.6664
-0.612557 -0.0437588 0.789214 6.01877 -0.0446961 0.998787 0.0206875 -6.10102 -0.789162 -0.0226025 -0.613769 -11.5805
0.815522 -0.0817984 -0.572917 -3.35073 0.0702903 0.996632 -0.0422394 -6.14779 0.574443 -0.0058233 0.818524 11.4337
-0.98879 -0.0704418 0.131652 -5.80091 -0.0757337 0.996492 -0.0356244 -7.10822 -0.128681 -0.0451956 -0.990656 -13.3284
0.958858 -0.0560545 0.278299 6.87478 0.0468462 0.998116 0.0396341 -5.99602 -0.279996 -0.0249662 0.959677 8.38178
-0.802869 -0.0742819 -0.591509 -13.2156 -0.0587676 0.997236 -0.0454667 -7.92352 0.593252 -0.00174225 -0.805015 -7.51054
0.605475 -0.113781 0.787689 11.0406 -0.0382853 0.984418 0.171627 -4.83366 -0.794943 -0.134073 0.591684 2.15476
-0.384713 -0.0838883 -0.919217 -14.8172 0.0405659 0.993363 -0.107633 -8.17051 0.922145 -0.0786965 -0.378757 0.190139
-0.0347904 -0.110513 0.993266 9.13194 -0.0442834 0.993062 0.108939 -7.00965 -0.998413 -0.0401952 -0.0394427 -8.61269
0.421125 0.00537566 -0.906987 -9.76427 0.0233385 0.999587 0.0167608 -7.74851 0.906702 -0.028226 0.420826 9.22526
-0.731726 -0.0928707 0.675242 0.940454 -0.0485968 0.995261 0.0842234 -7.28997 -0.679864 0.0288139 -0.732772 -14.674
0.940124 0.0122561 -0.340613 0.460456 -0.00191297 0.999528 0.0306852 -7.57097 0.340828 -0.0281963 0.939703 12.1489
-0.991347 -0.0239428 -0.129065 -11.8489 -0.0290428 0.998864 0.0377774 -7.99457 0.128014 0.041199 -0.990916 -11.95
0.804287 -0.0022807 0.594237 9.72478 -0.0153074 0.999582 0.0245548 -8.30738 -0.594044 -0.0288453 0.803915 3.06577
-0.441026 0.0231989 -0.897194 -16.9024 0.0413977 0.999128 0.005485 -8.74626 0.896539 -0.0347228 -0.441602 -0.466187
-0.018975 -0.0452716 0.998795 7.68121 -0.108135 0.993208 0.0429641 -9.42191 -0.993955 -0.10719 -0.0237414 -9.35139
0.465533 0.0263106 -0.88464 -10.3964 0.0584657 0.996461 0.0604032 -8.20065 0.883098 -0.0798407 0.462346 9.83003
-0.724183 -0.124729 0.678235 0.18309 -0.132061 0.990388 0.0411272 -9.30847 -0.676845 -0.0597845 -0.733694 -14.74
0.851029 -0.15836 -0.500672 -4.37195 0.16175 0.986139 -0.0369724 -9.5726 0.499587 -0.049519 0.864847 11.4362
-0.970885 -0.155834 0.181929 -8.25887 -0.165938 0.985258 -0.041613 -13.0356 -0.172763 -0.0705905 -0.982431 -14.4955
0.987726 -0.0646695 0.142182 5.0403 0.0445556 0.989098 0.140355 -10.1392 -0.149708 -0.132297 0.979839 9.92263
-0.872237 -0.0985077 -0.47906 -16.2923 -0.0799192 0.995048 -0.0590979 -12.7143 0.482509 -0.0132613 -0.875791 -8.76051
0.660045 -0.0760581 0.747366 10.2174 -0.0698289 0.984343 0.161845 -8.80112 -0.747974 -0.159013 0.644399 0.885481
-0.0905429 -0.12689 -0.987776 -16.6337 0.0873931 0.987011 -0.134802 -11.1108 0.992051 -0.0985302 -0.0782779 8.44812
-0.612071 -0.132637 0.7796 -1.11543 -0.209151 0.977881 0.0021647 -12.4843 -0.762643 -0.161729 -0.626274 -15.213
0.998237 -0.0576939 -0.0139296 6.47147 0.0588659 0.992382 0.108231 -8.63548 0.00757948 -0.10886 0.994028 11.6789
-0.607427 -0.162186 -0.777642 -19.4045 -0.0743429 0.986246 -0.147622 -13.2584 0.790889 -0.0318577 -0.61113 0.66784
-0.231929 -0.154391 0.960402 6.00978 -0.0835268 0.986838 0.13847 -10.748 -0.96914 -0.0481041 -0.241772 -12.3942
0.894271 -0.147527 -0.422511 -0.986324 0.161082 0.986934 -0.00366712 -10.9374 0.417532 -0.0647795 0.90635 15.2031
-0.894931 -0.0873791 -0.437565 -17.9397 -0.0423791 0.99285 -0.111591 -15.0484 0.444187 -0.0813223 -0.892236 -8.52584
0.231717 -0.112857 0.966215 12.6208 -0.034258 0.991685 0.124048 -12.3672 -0.97218 -0.0618444 0.225924 -5.75803
0.551187 -0.0977801 -0.828633 -10.4894 0.0607062 0.995177 -0.0770525 -15.1058 0.832171 -0.0078328 0.554465 15.809
-0.971002 -0.0898274 0.221553 -8.59158 -0.0934495 0.995607 -0.0058985 -16.3196 -0.22005 -0.0264315 -0.975131 -16.2704
0.961659 -0.0109191 0.27403 4.99485 -0.0113455 0.996768 0.0795331 -14.3335 -0.274012 -0.0795928 0.958427 12.5913
-0.711585 -0.137554 -0.689003 -20.3717 -0.152704 0.987485 -0.0394345 -16.8117 0.685805 0.0771523 -0.723685 -6.49734
0.278294 -0.119149 0.953077 10.6818 -0.0378726 0.990143 0.134841 -13.0343 -0.959749 -0.073621 0.271038 -3.28144
0.203978 -0.0380814 -0.978235 -19.1274 -0.0815982 0.995105 -0.0557527 -15.4207 0.975569 0.0911944 0.199871 8.53867
-0.563159 -0.0460004 0.825067 3.75965 0.0409622 0.995668 0.0834713 -12.457 -0.825333 0.0808042 -0.558835 -13.9553
0.847432 0.0162445 -0.530655 -8.83578 -0.0821692 0.991501 -0.100869 -15.8678 0.524506 0.129083 0.841565 16.511
-0.981208 0.121412 0.149969 -8.94304 0.129484 0.990548 0.0452546 -13.4567 -0.143057 0.0638227 -0.987655 -17.7961
0.987958 0.105081 0.11357 -0.0119228 -0.0948533 0.991231 -0.0919967 -16.9107 -0.122241 0.0801163 0.989262 14.9744
-0.900773 0.131676 -0.413846 -18.0536 0.0799459 0.986918 0.140003 -12.3264 0.426867 0.093026 -0.899517 -12.7729
0.82513 0.0559918 0.562162 4.55888 0.0254042 0.990393 -0.135932 -16.8437 -0.564372 0.126443 0.81578 11.0969
-0.709856 0.0238952 -0.703942 -21.4132 -0.0919799 0.987721 0.126281 -13.3917 0.698315 0.15439 -0.698942 -8.97097
0.661602 -0.0210506 0.74956 5.64329 0.172295 0.977129 -0.124635 -16.714 -0.729793 0.211604 0.650097 8.67457
-0.669783 -0.0454934 -0.741162 -20.7012 -0.245554 0.955537 0.163253 -12.891 0.700781 0.291339 -0.651174 -8.88967
0.681509 -0.139037 0.718481 5.53346 0.400985 0.892231 -0.20769 -17.4538 -0.612174 0.429642 0.663815 9.44086
-0.715843 0.0152412 -0.698095 -19.9448 -0.15098 0.972733 0.176056 -12.6215 0.681743 0.231427 -0.694023 -9.79041
0.713507 0.0438861 0.699273 5.54394 0.103712 0.980426 -0.167355 -17.5776 -0.69293 0.191932 0.69499 9.62251
-0.669244 0.257579 -0.696969 -19.3992 0.236174 0.96309 0.12915 -12.9404 0.70451 -0.0781736 -0.705376 -10.3017
0.683373 0.153242 0.713805 5.81795 -0.119581 0.988013 -0.0976277 -17.2575 -0.720209 -0.0186413 0.693506 8.91776
-0.686066 0.18456 -0.703741 -19.425 0.111411 0.982532 0.149061 -12.8367 0.718958 0.0238614 -0.694644 -11.037
0.746842 0.125885 0.652978 3.56282 -0.0658971 0.991096 -0.115699 -17.3268 -0.661729 0.0433795 0.748488 10.0801
-0.748258 0.189802 -0.635677 -18.1839 0.113898 0.980726 0.158758 -12.8475 0.653557 0.0463894 -0.755454 -10.9746
0.757842 0.190066 0.62414 3.12226 -0.122926 0.98109 -0.149507 -18.1638 -0.640753 0.0365802 0.766875 10.9686
-0.763049 0.192431 -0.617031 -18.0077 0.14084 0.981215 0.131839 -13.8694 0.630809 0.0136975 -0.775817 -11.5197
0.815013 0.0444331 0.577737 1.69423 0.0336137 0.991751 -0.123693 -17.8197 -0.578467 0.120231 0.806796 11.6456
-0.842939 0.168473 -0.510951 -16.7481 0.124963 0.985043 0.118634 -14.1071 0.523295 0.0361514 -0.851385 -13.4361
0.885419 0.143682 0.442029 -0.562275 -0.119808 0.989435 -0.0816314 -17.4381 -0.449087 0.0193192 0.893279 13.1322
-0.890771 0.156008 -0.426836 -16.24 0.132605 0.987584 0.0842255 -14.6567 0.434676 0.018425 -0.900398 -14.1247
0.900951 0.128569 0.414437 -1.28234 -0.109401 0.991546 -0.0697744 -17.3573 -0.419904 0.0175233 0.9074 13.957
-0.852629 0.321993 -0.411515 -16.277 0.325302 0.943429 0.0641919 -14.786 0.408904 -0.0791347 -0.90914 -14.7499
0.87238 0.157843 0.462644 0.260569 -0.139391 0.987464 -0.0740573 -17.2146 -0.468534 0.000117488 0.883446 13.1572
-0.716836 0.428636 -0.549924 -18.5513 0.455552 0.885017 0.0960024 -13.3798 0.527843 -0.181701 -0.829679 -13.1116
0.723836 0.357008 0.590429 0.909014 -0.340786 0.929052 -0.143972 -18.4238 -0.599938 -0.0969981 0.794145 10.2493
-0.658674 0.478766 -0.580459 -18.8614 0.474641 0.862973 0.173188 -12.5082 0.583836 -0.161435 -0.79566 -12.7122
0.752183 0.298762 0.587335 0.835716 -0.269194 0.952864 -0.139949 -18.1794 -0.601461 -0.0528394 0.797153 10.8114
-0.679248 0.456728 -0.574475 -19.0995 0.43813 0.880325 0.181854 -12.1644 0.588782 -0.128171 -0.798065 -12.1082
0.653128 0.46226 0.599783 1.07297 -0.486422 0.863145 -0.135552 -18.3181 -0.58036 -0.203215 0.788598 11.1549
-0.300192 0.735457 -0.607444 -19.1671 0.867391 0.47543 0.146967 -11.6247 0.396885 -0.482774 -0.780649 -12.0864
0.321472 0.71719 0.6183 0.325785 -0.854436 0.501153 -0.137061 -17.9341 -0.408161 -0.484236 0.773899 11.0737
-0.102379 0.784966 -0.611021 -18.0488 0.93998 0.277341 0.198796 -9.72438 0.325509 -0.553995 -0.766246 -10.5672
0.0940152 0.725989 0.68125 1.03983 -0.966198 0.231525 -0.113391 -15.9365 -0.240047 -0.647561 0.723216 10.0244
-0.125732 0.7711 -0.624177 -18.545 0.939938 0.293853 0.173685 -8.65668 0.317344 -0.564849 -0.761733 -10.5672
0.0985797 0.716959 0.69011 1.29489 -0.927055 0.318251 -0.198206 -17.4603 -0.361733 -0.620231 0.696033 9.81495
0.0167442 0.729723 -0.683538 -20.2376 0.960314 0.178626 0.21422 -8.58739 0.278419 -0.659998 -0.697772 -10.3311
-0.124527 0.685413 0.717428 1.62293 -0.97087 0.0650033 -0.230621 -17.9541 -0.204706 -0.725248 0.657352 10.3164
0.224191 0.648905 -0.727091 -20.3841 0.97096 -0.0847925 0.223711 -8.62486 0.0835151 -0.75613 -0.64907 -8.83348
-0.29907 0.637437 0.710093 0.0239964 -0.945727 -0.0988715 -0.309556 -20.9421 -0.127115 -0.764133 0.632411 10.4367
0.278112 0.657003 -0.700715 -20.1194 0.927119 0.00717534 0.374698 -6.57235 0.251206 -0.753855 -0.607124 -7.32634
-0.432863 0.645874 0.628869 -2.52779 -0.858679 -0.0830614 -0.505739 -24.6389 -0.274409 -0.758912 0.590553 9.20234
0.522545 0.585679 -0.619619 -19.4989 0.797545 -0.0788266 0.598087 -3.01204 0.301445 -0.806701 -0.508296 -5.43899
-0.69015 0.482807 0.539064 -6.12084 -0.677319 -0.168662 -0.716095 -26.9856 -0.254816 -0.859331 0.443417 6.78816
0.652819 0.666658 -0.359715 -14.2407 0.522118 -0.0519404 0.85129 -0.0781403 0.548836 -0.743552 -0.381982 -2.45872
-0.836483 0.528508 0.144831 -13.1132 -0.21728 -0.0772427 -0.973048 -29.4718 -0.503076 -0.845407 0.179446 0.543347
0.848345 0.495328 0.186979 -3.78154 -0.207605 -0.0136606 0.978117 -1.90376 0.487043 -0.868599 0.0912439 4.19623
-0.579034 0.497474 -0.64594 -24.0007 0.676479 -0.149072 -0.721217 -20.8276 -0.455078 -0.854574 -0.250213 -5.66907
-0.0473099 0.552447 0.832204 0.290775 -0.986729 -0.155405 0.0470691 -22.8401 0.155332 -0.818933 0.552468 9.66433
0.672167 0.426235 -0.605405 -14.3849 0.736138 -0.297123 0.608128 -3.61531 0.079325 -0.854425 -0.513484 -5.44103
-0.736314 0.662812 0.1361 -11.7743 -0.328786 -0.17467 -0.928111 -29.8066 -0.59139 -0.728129 0.346535 2.00375
0.710403 0.625068 0.323447 -0.716833 -0.311154 -0.133279 0.940968 -3.44308 0.631277 -0.769108 0.0998108 5.60439
-0.201207 0.729256 -0.653989 -18.9284 0.773982 -0.290856 -0.562455 -17.7641 -0.60039 -0.619346 -0.505908 -10.159
0.0966844 0.735202 0.670918 1.37181 -0.982992 0.176277 -0.05151 -20.8929 -0.156137 -0.654526 0.739741 10.6405
0.812055 0.378256 -0.444397 -10.7884 0.582465 -0.478262 0.657267 -0.336185 0.0360771 -0.792583 -0.608696 -8.72154
-0.32156 0.945869 -0.0439568 -11.3334 -0.184009 -0.107958 -0.976978 -31.955 -0.928838 -0.306068 0.208763 -3.05783
0.753748 0.240196 0.611695 9.47987 -0.647231 0.110108 0.7543 -6.69821 0.113827 -0.96446 0.238455 3.55729
0.295051 0.426758 -0.854882 -19.3082 0.744651 -0.663325 -0.0741268 -10.6376 -0.598698 -0.614718 -0.5135 -14.8063
-0.300793 0.724623 0.620037 4.08926 -0.639087 0.329419 -0.695019 -33.957 -0.707879 -0.605314 0.36401 -2.37731
0.983561 0.161324 0.0811298 5.5304 -0.0893261 0.0442095 0.995021 2.69988 0.156934 -0.985911 0.0578933 -2.32201
-0.191193 0.698498 -0.689598 -18.9054 0.783365 -0.314734 -0.535986 -20.4039 -0.591425 -0.642684 -0.487004 -20.4333
-0.102495 0.530954 0.84118 15.4222 -0.816833 0.437681 -0.375793 -31.2674 -0.567697 -0.72562 0.38884 -4.61755
0.969147 0.164322 -0.183722 4.32624 0.186543 -0.00176752 0.982445 7.1016 0.161113 -0.986405 -0.032366 -8.74838
-0.452871 0.623061 -0.637733 -18.1634 0.745922 -0.12703 -0.653807 -23.54 -0.488373 -0.771789 -0.407227 -24.811
-0.124513 0.442841 0.887913 20.7509 -0.844286 0.422806 -0.329267 -31.6677 -0.521228 -0.79065 0.321239 -10.3724
0.936311 -0.166939 -0.308954 2.22534 0.302682 -0.0624484 0.951044 6.37856 -0.17806 -0.983988 -0.00794181 -12.0672
-0.368154 0.735856 -0.568312 -17.8617 0.618169 -0.262852 -0.740795 -28.7426 -0.6945 -0.62404 -0.358113 -24.697
0.0625684 0.496161 0.865974 19.8588 -0.883922 0.430443 -0.182758 -30.2983 -0.46343 -0.754018 0.465499 -3.83424
0.984537 -0.104065 -0.140917 7.65286 0.0832466 -0.429854 0.899053 6.97949 -0.154134 -0.896881 -0.414544 -22.5808
0.129259 0.914329 -0.383791 -7.9036 0.310124 -0.404897 -0.860164 -33.4941 -0.941868 -0.00783946 -0.335892 -31.0624
0.31697 0.0221908 0.948176 31.4603 -0.578229 0.796963 0.174647 -20.6777 -0.751786 -0.603621 0.265444 -16.0386
0.881034 -0.205588 -0.426043 6.8477 0.11155 -0.784936 0.609452 3.72932 -0.459713 -0.584473 -0.668622 -43.479
0.177978 0.971291 0.157853 14.4336 0.228768 0.115178 -0.966643 -40.0288 -0.957073 0.208153 -0.201701 -45.5818
0.487281 -0.386701 0.782956 44.8376 -0.532672 0.578851 0.617407 -7.38925 -0.691967 -0.71791 0.0760779 -38.5157
0.844168 0.192027 -0.500506 15.5117 0.208264 -0.977781 -0.0238775 -12.4616 -0.49397 -0.0840806 -0.865404 -73.5804
0.176301 0.602161 0.778666 50.5077 0.0914913 0.777608 -0.622057 -39.6607 -0.980075 0.18091 0.0820007 -61.2175
0.769362 -0.604239 0.207312 51.3676 -0.342599 -0.116373 0.932247 5.69106 -0.539174 -0.78826 -0.296544 -71.6733
0.596575 0.776616 -0.202401 38.0187 0.561431 -0.58406 -0.586233 -28.895 -0.573493 0.236097 -0.784451 -101.125
0.15738 0.135033 0.978263 81.9684 -0.176248 0.978544 -0.106717 -28.8825 -0.971683 -0.155622 0.177803 -82.6477
0.924347 -0.377102 -0.0581116 67.1485 -0.109018 -0.40698 0.906909 13.1784 -0.365647 -0.831962 -0.417301 -100.494
0.201676 0.870164 -0.449601 46.7416 0.659718 -0.459971 -0.594306 -23.9036 -0.723947 -0.176752 -0.666828 -123.347
-0.0808834 0.510951 0.855797 88.6644 -0.422007 0.760298 -0.493819 -39.6344 -0.902977 -0.401094 0.154129 -107.432
0.66784 -0.633915 0.390054 97.6286 -0.663761 -0.270129 0.697461 -1.37206 -0.336766 -0.724695 -0.601171 -133.643
0.621218 0.323899 -0.713567 59.0638 0.195459 -0.945847 -0.259171 -18.3818 -0.758871 0.0215287 -0.650885 -155.208
-0.231094 0.97293 0.00176525 64.5207 -0.244628 -0.0563485 -0.967978 -60.4007 -0.941675 -0.224126 0.251027 -134.398
0.0812486 0.601106 0.795029 101.805 -0.95754 0.268453 -0.105116 -55.3158 -0.276613 -0.752732 0.597394 -106.511
0.884178 0.287036 0.368566 110.39 -0.403141 0.0702147 0.91244 -9.31805 0.236024 -0.955343 0.177798 -103.734
0.698382 -0.0772163 -0.711548 70.6499 0.713773 0.00176246 0.700375 15.3824 -0.0528267 -0.997013 0.056346 -103.588
-0.264566 0.143079 -0.953695 29.6541 0.946687 -0.149963 -0.285121 -6.69468 -0.183814 -0.978284 -0.0957751 -108.979
-0.91773 0.328761 -0.22291 28.4742 0.251386 0.0462298 -0.966782 -53.2441 -0.307535 -0.943281 -0.125072 -114.533
-0.635455 0.158092 0.75578 69.1441 -0.608025 0.50086 -0.615992 -75.104 -0.475923 -0.850968 -0.22215 -122.871
0.29772 -0.338258 0.892718 106.857 -0.655214 0.607698 0.448774 -47.2984 -0.694304 -0.718529 -0.0407081 -120.659
0.754761 -0.655799 -0.0162441 98.0009 0.185971 0.190157 0.963979 -4.00209 -0.629087 -0.730594 0.265482 -104.932
0.149851 -0.521436 -0.840029 56.9621 0.939979 -0.188308 0.28457 1.00163 -0.306569 -0.832252 0.461921 -83.2565
-0.858931 -0.178933 -0.479814 41.4799 0.504355 -0.133335 -0.85314 -42.715 0.0886797 -0.974784 0.204771 -76.8529
-0.59005 -0.0260331 0.806947 82.9687 -0.792392 0.210285 -0.572622 -62.1577 -0.154782 -0.977293 -0.144707 -84.5006
0.559338 -0.435139 0.705546 108.996 -0.652051 0.294579 0.698607 -23.6115 -0.511831 -0.850809 -0.118964 -87.6357
0.664907 -0.553042 -0.50204 78.5757 0.508679 -0.1569 0.846539 10.0194 -0.546942 -0.818246 0.176997 -76.8434
-0.415496 -0.334349 -0.845916 43.1246 0.866062 -0.429681 -0.25556 -10.5681 -0.278027 -0.8388 0.468098 -55.4208
-0.99847 -0.041176 0.0369099 53.7258 -0.0247804 -0.263528 -0.964334 -54.4158 0.0494346 -0.963772 0.262104 -46.7493
-0.337131 0.0312782 0.940938 99.3584 -0.94041 0.0359576 -0.338137 -60.732 -0.0444101 -0.998864 0.0172915 -48.3914
0.714819 -0.159917 0.68078 122.61 -0.639872 0.243182 0.72899 -21.1272 -0.282132 -0.956707 0.0715043 -45.2573
0.843296 -0.359161 -0.399819 95.7937 0.473036 0.142871 0.869382 13.698 -0.255126 -0.922275 0.290379 -32.5546
-0.103397 -0.386003 -0.916685 54.7179 0.993833 -0.0772281 -0.0795789 0.356718 -0.040076 -0.919259 0.391608 -17.3898
-0.879407 -0.30114 -0.368727 44.4527 0.409079 -0.0818205 -0.908823 -43.7645 0.243514 -0.950063 0.195144 -13.2382
-0.822931 -0.267971 0.500975 72.9155 -0.528229 0.0362141 -0.848329 -77.1588 0.209185 -0.962746 -0.171352 -25.3298
-0.0098424 -0.130203 0.991439 116.963 -0.978015 0.207791 0.0175796 -67.6088 -0.208301 -0.969469 -0.129386 -32.0266
0.874438 -0.168195 0.455049 129.433 -0.369098 0.378074 0.849015 -25.5074 -0.314842 -0.910369 0.268521 -19.8867
0.768003 -0.345201 -0.539451 97.6595 0.640145 0.439581 0.630066 -1.70594 0.0196322 -0.829219 0.558578 2.52845
-0.221383 -0.48965 -0.843346 60.5611 0.87862 0.275062 -0.390344 -26.1056 0.423105 -0.827396 0.369322 12.9033
-0.879239 -0.449101 -0.158894 60.1849 0.151813 0.0520025 -0.987041 -71.3257 0.451544 -0.891966 0.0224568 7.1643
-0.57585 -0.204834 0.79148 100.257 -0.8127 0.0380612 -0.581438 -89.3213 0.0889737 -0.978056 -0.188386 -5.02862
0.437194 -0.072023 0.896479 135.741 -0.859418 0.260327 0.440035 -60.7663 -0.26507 -0.962831 0.051915 -3.11188
0.968825 -0.235877 0.075773 129.024 0.0425256 0.459634 0.88709 -20.3465 -0.244072 -0.856212 0.455335 16.8569
0.462316 -0.493481 -0.736709 90.3053 0.876064 0.382593 0.293488 -14.5965 0.137029 -0.781088 0.6092 40.2111
-0.522468 -0.560096 -0.642899 65.0669 0.719854 0.114361 -0.68464 -51.6268 0.456987 -0.820496 0.343437 48.5425
-0.897008 -0.362089 0.253511 83.8905 -0.253439 -0.048575 -0.966131 -92.2611 0.36214 -0.930877 -0.0481953 40.0481
-0.247311 -0.118326 0.961684 128.654 -0.967997 0.0738843 -0.239843 -93.3396 -0.0426737 -0.990222 -0.132811 31.5231
0.827298 -0.173023 0.534455 144.403 -0.482533 0.268279 0.83378 -51.0879 -0.287646 -0.947676 0.138457 37.5195
0.750636 -0.315122 -0.580727 110.908 0.653491 0.224458 0.72289 -24.1289 -0.0974496 -0.922126 0.374415 52.3793
-0.290469 -0.287946 -0.912532 72.1425 0.935257 0.116175 -0.334362 -47.2466 0.202292 -0.950574 0.235559 58.1889
-0.977428 -0.16198 -0.135636 74.543 0.104045 0.189695 -0.976315 -91.0739 0.183874 -0.96839 -0.16856 46.1684
-0.585102 -0.240651 0.774431 113.605 -0.79506 0.3584 -0.489316 -104.6 -0.159802 -0.902018 -0.401032 27.128
0.301354 -0.462053 0.834083 146.71 -0.783748 0.378179 0.492667 -74.5386 -0.54307 -0.802177 -0.248167 18.6174
0.841897 -0.535466 0.0669802 140.586 0.0503871 0.201579 0.978176 -30.8452 -0.537282 -0.820148 0.196689 29.8122
0.450938 -0.429099 -0.782643 100.443 0.879395 0.0635708 0.471829 -17.5363 -0.152709 -0.901017 0.406014 46.6444
-0.471384 -0.251817 -0.845213 66.3002 0.854803 0.105403 -0.508136 -47.5246 0.217046 -0.962018 0.165568 49.2758
-0.98109 -0.185064 -0.0566921 72.0371 0.00177985 0.284262 -0.958745 -89.4092 0.193545 -0.940716 -0.278557 32.4022
-0.455322 -0.144216 0.878569 115.026 -0.763698 0.570505 -0.302142 -94.5708 -0.457654 -0.808533 -0.369901 17.5848
0.718181 -0.250706 0.649125 137.223 -0.370185 0.652238 0.661475 -59.5127 -0.589219 -0.715354 0.375617 37.778
0.665888 -0.442504 -0.600653 102.982 0.745943 0.381127 0.546179 -40.4483 -0.0127614 -0.811746 0.583871 61.8848
-0.619421 -0.226258 -0.751748 73.7609 0.72898 0.189648 -0.65774 -75.2693 0.291387 -0.955427 0.0474662 59.5291
-0.898806 0.0486967 0.435633 101.27 -0.409276 0.262659 -0.873787 -110.143 -0.156973 -0.963659 -0.21615 48.8498
0.124722 -0.150727 0.980676 143.439 -0.810152 0.555135 0.188358 -92.9147 -0.572799 -0.817989 -0.0528748 49.5907
0.9008 -0.396122 0.177898 141.248 0.0866735 0.565455 0.820213 -55.7012 -0.425497 -0.723428 0.543694 75.8551
0.295848 -0.555224 -0.777303 101.878 0.949522 0.259795 0.175825 -57.1057 0.104317 -0.790083 0.604058 99.1077
-0.776234 -0.297657 -0.555753 84.8086 0.573161 0.0339635 -0.818739 -99.7103 0.262579 -0.954068 0.144241 99.5777
-0.821216 0.0578662 0.567676 120.066 -0.565406 0.0516398 -0.823195 -129.309 -0.0769497 -0.996988 -0.00968974 96.5466
0.247707 0.089761 0.964668 160.068 -0.912369 0.35657 0.2011 -107.378 -0.325921 -0.929946 0.17022 104.675
0.948665 -0.260921 0.178761 154.09 -0.0487156 0.437905 0.897701 -64.8874 -0.31251 -0.860325 0.402714 123.323
0.413092 -0.479891 -0.77399 113.092 0.909918 0.182503 0.372482 -60.1315 -0.0374956 -0.858136 0.512052 142.665
-0.705304 -0.31828 -0.633438 93.826 0.689442 -0.100032 -0.717401 -100.742 0.164971 -0.942704 0.289989 149.33
-0.849298 0.0464303 0.525868 127.88 -0.523515 0.0542707 -0.850287 -130.148 -0.0680182 -0.997446 -0.0217853 145.412
0.442303 -0.0685068 0.894246 159.63 -0.810224 0.397035 0.431162 -100.405 -0.384585 -0.915243 0.120104 152.067
0.885835 -0.269156 -0.377957 131.858 0.459458 0.395116 0.795476 -72.0084 -0.0647708 -0.878315 0.473673 169.734
-0.304136 -0.421982 -0.854068 98.3571 0.865699 0.25174 -0.432658 -100.534 0.397577 -0.870952 0.288746 173.95
-0.95296 -0.237269 0.188605 117.626 -0.235251 0.186642 -0.953846 -137.064 0.191116 -0.953346 -0.23368 158.636
-0.0756736 -0.096211 0.99248 159.781 -0.923212 0.382849 -0.0332781 -125.181 -0.376769 -0.918787 -0.117795 155.738
0.939711 -0.164791 0.299644 159.247 -0.162027 0.557079 0.8145 -86.8005 -0.301148 -0.813945 0.496793 178.261
0.430015 -0.340578 -0.836118 116.743 0.824163 0.526162 0.209543 -87.5468 0.368568 -0.779204 0.50695 192.356
-0.795182 -0.437377 -0.419985 108.769 0.296491 0.323725 -0.898496 -128.598 0.528941 -0.838989 -0.127742 177.203
-0.323289 -0.294874 0.899185 150.914 -0.944355 0.039634 -0.326532 -129.492 0.0606474 -0.954713 -0.291279 161.518
0.927946 -0.0143465 0.372439 154.498 -0.364224 0.177179 0.914303 -84.9979 -0.0791054 -0.984074 0.159187 167.124
0.097864 -0.0315845 -0.994698 111.284 0.968911 -0.22519 0.102477 -93.885 -0.227232 -0.973803 0.00856469 168.675
-0.91377 0.28863 0.285861 136.073 -0.333299 -0.13038 -0.933763 -129.322 -0.232242 -0.948522 0.215337 179.28
0.716609 0.122249 0.686678 155.577 -0.696203 0.0659466 0.714809 -90.5496 0.0421001 -0.990306 0.132368 182.761
0.132663 0.0419227 -0.990274 112.45 0.956434 -0.267567 0.116802 -98.5822 -0.260068 -0.962627 -0.0755925 181.145
-0.905304 0.0972537 0.413482 141.528 -0.423502 -0.281678 -0.86099 -129.339 0.0327342 -0.954567 0.296191 191.613
0.796668 0.197621 0.571198 155.004 -0.538651 -0.196561 0.81928 -87.7945 0.274182 -0.960369 -0.0501447 184.537
0.239278 0.0135583 -0.970856 110.836 0.970159 0.0370469 0.239623 -91.4274 0.0392162 -0.999221 -0.00428915 182.622
-0.968578 -0.078148 0.236115 133.809 -0.219124 -0.18096 -0.958769 -128.164 0.117653 -0.98038 0.158149 186.857
0.7042 0.117526 0.700208 153.469 -0.687424 -0.133868 0.713813 -89.5988 0.177627 -0.984005 -0.0134796 183.432
0.248245 0.0609518 -0.966778 110.286 0.968452 -0.0380825 0.246273 -92.4791 -0.0218063 -0.997414 -0.0684825 180.427
-0.971958 0.0283063 0.233446 133.153 -0.235128 -0.132577 -0.96288 -129.151 0.00369408 -0.990768 0.135515 185.58
0.649296 0.0150078 0.760388 154.733 -0.753298 -0.124915 0.645708 -92.4374 0.104674 -0.992054 -0.0698014 181.544
0.426412 0.000885788 -0.904529 112.023 0.903416 -0.0500133 0.425838 -87.9664 -0.0448611 -0.998748 -0.0221263 181.896
-0.99436 -0.0263631 -0.102729 122.271 0.104149 -0.0598352 -0.99276 -128.776 0.0200255 -0.99786 0.0622432 185.071
0.152428 -0.0702472 0.985815 158.792 -0.986554 -0.0703225 0.147532 -108.462 0.0589611 -0.995048 -0.0800217 182.219
0.937727 -0.00366073 -0.347355 130.322 0.34714 -0.0268892 0.937428 -77.3378 -0.0127717 -0.999631 -0.0239437 182.916
-0.503547 -0.175572 -0.84594 105.685 0.857608 0.0170106 -0.514024 -110.274 0.104639 -0.984319 0.142006 188.062
-0.846915 -0.225173 0.481697 137.448 -0.492315 -0.0102128 -0.870357 -135.763 0.2009 -0.974265 -0.102207 182.321
0.492499 -0.131092 0.860384 162.701 -0.87012 -0.0533424 0.489946 -103.334 -0.0183331 -0.989934 -0.140336 179.104
0.899597 -0.131115 -0.416574 132.723 0.435318 0.192824 0.879385 -77.3523 -0.0349748 -0.972434 0.23054 190.219
-0.246109 -0.434454 -0.866418 104.897 0.912343 0.197931 -0.358405 -105.826 0.327201 -0.878676 0.347658 200.343
-0.79236 -0.609895 0.0139601 120.179 -0.108057 0.117788 -0.987142 -142.019 0.600408 -0.78368 -0.159234 186.838
-0.0932596 -0.58418 0.806248 154.283 -0.972443 -0.120343 -0.19968 -133.561 0.213675 -0.802652 -0.556859 164.749
0.806896 -0.360869 0.467647 160.085 -0.525078 -0.075547 0.847694 -92.5 -0.270577 -0.929551 -0.250443 162.684
0.79953 -0.271377 -0.535824 126.99 0.580584 0.120653 0.805211 -71.8335 -0.153867 -0.95488 0.254023 178.279
-0.0573457 -0.479378 -0.875733 96.3718 0.95507 0.229143 -0.187975 -96.2274 0.290779 -0.847165 0.444699 193.183
-0.72893 -0.656031 -0.195666 104.112 0.293371 -0.0411014 -0.955115 -137.635 0.618543 -0.753614 0.22242 193.419
-0.641193 0.477859 0.600436 136.861 -0.719639 -0.646115 -0.254274 -131.795 0.266443 -0.595136 0.758169 220.04
0.346808 0.855686 -0.38409 112.822 -0.765049 0.49498 0.41194 -104.612 0.542608 0.150983 0.826305 242.146
0.172147 -0.503904 -0.846432 78.8416 0.279713 0.848896 -0.448483 -129.626 0.944524 -0.159552 0.287083 237.762
-0.943911 -0.205867 0.25817 105.3 -0.00458747 -0.773606 -0.63365 -151.811 0.330169 -0.599293 0.72927 262.426
0.0963964 0.929191 -0.356809 86.8346 -0.887809 0.242339 0.391238 -122.477 0.450002 0.279064 0.848304 287.046
0.0773443 -0.659879 -0.74738 58.5275 0.442029 0.694619 -0.567552 -154.265 0.89366 -0.286466 0.34541 286.569
-0.966995 -0.112107 0.228806 84.2799 -0.0321638 -0.837111 -0.546086 -172.141 0.252756 -0.535422 0.805876 315.3
0.00922748 0.971691 -0.236077 71.7747 -0.918884 0.101361 0.381284 -141.744 0.394419 0.213409 0.893806 342.203
0.395026 -0.419833 -0.817127 34.6874 0.358545 0.889383 -0.283626 -161.97 0.845813 -0.180937 0.501858 347.6
-0.862943 -0.50527 0.00565162 51.8812 0.35865 -0.620336 -0.697534 -193.032 0.355949 -0.599905 0.716529 370.91
-0.175739 0.963184 -0.203451 43.8089 -0.952508 -0.11416 0.282306 -165.016 0.248686 0.2434 0.937502 401.928
0.357554 -0.455934 -0.815034 7.60821 0.273657 0.885569 -0.375339 -187.351 0.892898 -0.0888353 0.441408 403.612
-0.939425 -0.277838 0.200718 32.6356 0.129285 -0.829578 -0.543218 -207.834 0.317438 -0.484363 0.815245 431.325
0.0451306 0.93488 -0.352084 15.0466 -0.894791 0.194545 0.401872 -177.387 0.444198 0.296905 0.845302 455.358
0.178498 -0.676484 -0.714499 -13.4451 0.4599 0.699318 -0.547217 -208.94 0.869845 -0.23092 0.435942 457.927
-0.963679 0.0152121 0.266629 13.5651 -0.117085 -0.921378 -0.370613 -218.147 0.240028 -0.38837 0.889694 489.545
0.252852 0.809085 -0.530517 -14.1177 -0.789858 0.489292 0.369754 -191.764 0.558739 0.325539 0.76278 508.295
-0.0427457 -0.820861 -0.569526 -32.6627 0.582254 0.442767 -0.681864 -229.79 0.811883 -0.360755 0.459023 513.204
-0.909921 0.311641 0.273723 -7.31435 -0.366623 -0.912917 -0.179361 -227.284 0.19399 -0.263557 0.944936 547.339
0.410561 0.603123 -0.683874 -42.9798 -0.617291 0.735842 0.278367 -208.272 0.671112 0.307863 0.67441 560.774
-0.282894 -0.873871 -0.395373 -50.4285 0.627841 0.142916 -0.765108 -249.299 0.725111 -0.464676 0.508222 569.447
-0.783806 0.580254 0.221255 -30.2118 -0.593069 -0.805085 0.0104105 -235.874 0.18417 -0.12306 0.97516 604.448
0.501659 0.338669 -0.796016 -70.9086 -0.395251 0.90825 0.137327 -226.766 0.76949 0.245735 0.589491 613.095
-0.516675 -0.829935 -0.210368 -67.2793 0.591865 -0.168679 -0.78819 -267.008 0.618662 -0.531747 0.578362 626.561
-0.598607 0.792782 0.114746 -55.1239 -0.77259 -0.609229 0.178729 -244.607 0.2116 0.0183363 0.977184 660.685
0.516559 0.0435542 -0.855143 -97.3713 -0.147105 0.988371 -0.038521 -246.891 0.84352 0.145694 0.516959 665.576
-0.719484 -0.693678 -0.0339791 -83.8481 0.478112 -0.459226 -0.74868 -282.645 0.503738 -0.554909 0.66206 684.359
-0.296239 0.949239 -0.105774 -86.0383 -0.863714 -0.218966 0.45393 -249.372 0.407726 0.22583 0.884737 710.871
0.228129 -0.42878 -0.874131 -122.429 0.31545 0.881928 -0.350279 -271.479 0.921113 -0.195836 0.336452 708.394
-0.986313 -0.0212106 0.163515 -98.4654 -0.0349315 -0.942303 -0.332935 -280.474 0.161142 -0.33409 0.928664 742.528
0.171156 0.81074 -0.559827 -126.034 -0.68667 0.505634 0.522321 -249.527 0.706533 0.295018 0.643253 753.389
-0.18332 -0.801451 -0.569271 -141.814 0.755883 0.255321 -0.60287 -287.526 0.628518 -0.54082 0.558997 765.311
-0.8575 0.502009 0.112608 -123.504 -0.463588 -0.848855 0.254031 -266.264 0.223113 0.165627 0.960618 797.68
0.403814 0.18792 -0.895333 -166.077 -0.222082 0.969537 0.10333 -261.586 0.887476 0.157111 0.433246 797.37
-0.671982 -0.731732 -0.114052 -155.249 0.643799 -0.501092 -0.578299 -294.002 0.36601 -0.462034 0.807813 823.149
-0.434913 0.87175 -0.225616 -158.892 -0.823862 -0.284087 0.490456 -258.774 0.36346 0.399182 0.841754 847.193
0.373871 -0.410728 -0.831579 -196.307 0.357733 0.891082 -0.279285 -279.347 0.855715 -0.193067 0.48008 850.339
-0.966229 -0.248614 0.067775 -174.774 0.222222 -0.93707 -0.26929 -290.47 0.130459 -0.245135 0.960671 885.631
