1 0 0 0 0 1 0 0 0 0 1 0
0.99988 0.000953564 0.015459 0.00523686 -0.000948533 1 -0.000332741 -0.00612062 -0.0154593 0.000318038 0.99988 0.113669
0.99934 0.00366602 0.0361337 0.0193901 -0.00368408 0.999993 0.000433246 0.00584833 -0.0361318 -0.000566079 0.999347 0.270443
0.403965 -0.0467101 -0.913581 0.0155535 0.0338599 0.998775 -0.0360938 -0.686194 0.914148 -0.0163531 0.405051 0.904794
-0.689017 -0.0664857 -0.721689 -0.567599 0.0233389 0.993231 -0.113784 -0.850388 0.724369 -0.0952426 -0.682802 1.43773
-0.84642 0.0064883 0.532476 -1.12246 -0.0527719 0.993982 -0.0959975 -1.22434 -0.529895 -0.109354 -0.840984 0.451888
0.350672 0.0673128 0.934076 -0.707867 -0.0748323 0.996238 -0.0436988 -1.70222 -0.933504 -0.0545751 0.35439 -0.115105
0.977969 0.0460981 -0.203598 0.0440201 -0.0458573 0.998931 0.00590263 -1.72177 0.203652 0.00356387 0.979037 0.448595
-0.146159 -0.0506372 -0.987964 -0.45909 0.0789987 0.994902 -0.0626799 -1.51312 0.986102 -0.0872091 -0.141414 0.814189
-0.993836 0.0508243 0.0985275 -0.745381 0.0335847 0.984987 -0.16933 -1.24797 -0.105654 -0.164977 -0.980622 -0.0412918
0.0235734 0.144478 0.989227 -0.0729833 -0.0891068 0.985868 -0.141864 -1.31972 -0.995743 -0.0848026 0.0361142 -0.675512
0.987562 0.142673 0.0660783 1.77633 -0.145312 0.988694 0.0369947 -1.49419 -0.0600531 -0.0461366 0.997128 -0.714631
0.197511 0.0939197 -0.975791 2.13709 0.0170322 0.994921 0.0992084 -1.40311 0.980153 -0.0362147 0.194908 1.38503
-0.946512 0.0868635 -0.310758 0.393018 0.0882127 0.996054 0.00973857 -1.13889 0.310377 -0.0181951 -0.950439 2.3494
-0.423213 0.0881956 0.901728 -1.1352 0.0506685 0.995997 -0.0736353 -0.902757 -0.904612 0.0145258 -0.425988 1.43628
0.784995 0.0874153 0.613304 -0.609392 -0.0628685 0.996125 -0.0615113 -0.862665 -0.616304 0.0097285 0.787448 -0.494429
0.746928 0.0531426 -0.662778 1.61722 0.00810799 0.995999 0.0889983 -0.731526 0.664855 -0.0718491 0.743509 -0.00259396
-0.526654 0.108633 -0.84311 1.35478 0.145514 0.988683 0.0364936 -0.518063 0.837533 -0.103465 -0.536501 2.14983
-0.913946 0.149199 0.377417 -0.422589 0.10914 0.98607 -0.125518 -0.515867 -0.390887 -0.0735248 -0.917498 1.78194
0.223922 0.0956549 0.969902 -0.00790471 -0.0589096 0.994681 -0.0844982 -0.56496 -0.972825 -0.0382155 0.228366 0.238038
0.99641 0.0760966 -0.0370941 1.26863 -0.0730172 0.994253 0.0782939 -0.480431 0.042839 -0.0753043 0.99624 0.241562
0.255335 0.0918959 -0.962476 1.1455 0.0548463 0.992493 0.109312 -0.718445 0.965296 -0.0806995 0.248378 0.935166
-0.906128 0.142204 -0.398385 0.309246 0.147721 0.988883 0.0169895 -0.53987 0.396372 -0.0434552 -0.917061 -0.156959
-0.555753 0.0978254 0.825572 1.49322 0.0673239 0.995087 -0.0725912 -0.609342 -0.828617 0.0152379 -0.559608 -0.78385
0.727856 0.0434625 0.684352 2.49137 -0.0307227 0.999054 -0.0307731 -0.67821 -0.685042 0.00137323 0.728503 1.19368
0.783559 0.0711812 -0.617227 -0.0293515 -0.063285 0.997393 0.0346843 -0.457912 0.618087 0.0118841 0.78602 2.77363
-0.489504 0.0718773 -0.869034 -2.28608 0.0084979 0.996943 0.0776699 -0.0616862 0.87196 0.0306347 -0.488618 -0.201222
-0.934368 0.0571978 0.351689 0.529576 0.063274 0.99798 0.00579771 -0.0705583 -0.350647 0.02767 -0.936099 -2.63027
0.251717 0.0572022 0.966109 4.11437 0.0182456 0.997794 -0.063832 -0.266502 -0.967629 0.0336948 0.250118 0.516177
0.96938 0.0526561 -0.239855 1.63509 -0.0607781 0.997797 -0.026587 -0.0778917 0.237927 0.0403508 0.970445 4.4982
-0.305112 0.048079 -0.951102 -2.17623 -0.00906394 0.998533 0.0533843 0.431346 0.952273 0.0249089 -0.304229 2.55565
-0.906245 -0.0203784 0.422262 0.525088 0.0104147 0.997458 0.0704893 1.06672 -0.422625 0.0682783 -0.903729 -2.21065
0.544133 -0.0191809 0.83878 5.24145 0.0655985 0.997651 -0.019741 0.880907 -0.836431 0.0657644 0.544113 1.25639
0.741809 0.0286155 -0.670001 0.845867 -0.0758631 0.996257 -0.041444 0.762432 0.666307 0.0815718 0.741203 5.24093
-0.838006 0.0471025 -0.543625 -1.68292 -0.0126797 0.994317 0.105699 1.24335 0.545514 0.0954691 -0.832646 0.322995
-0.286295 0.0248766 0.957819 4.40872 0.102987 0.994671 0.00494943 1.22268 -0.952591 0.10006 -0.287331 -0.228605
0.996644 0.0255501 -0.0777746 2.80755 -0.0310864 0.997004 -0.0708278 0.89225 0.0757322 0.0730078 0.994452 5.78899
-0.199795 0.0826825 -0.976343 -3.91668 -0.0833974 0.991383 0.101022 1.49138 0.976282 0.101608 -0.191177 4.34975
-0.9579 0.0744709 0.277277 -2.2802 0.103522 0.990397 0.0916335 2.02246 -0.26779 0.11648 -0.956411 -2.6122
0.377851 0.0532599 0.924333 3.10093 0.0603621 0.994803 -0.0819952 1.17312 -0.923897 0.0867766 0.372673 0.181556
0.773404 0.0987432 -0.626176 -0.827031 -0.109633 0.993744 0.021296 1.05309 0.624361 0.052179 0.779391 5.06225
-0.777432 0.119779 -0.617457 -4.65573 0.0297858 0.987609 0.154081 2.02316 0.628261 0.101396 -0.771367 0.059989
-0.321596 0.02932 0.946423 1.36351 0.0812844 0.996686 -0.0032566 2.03481 -0.943382 0.0758821 -0.322913 -2.02205
0.997166 0.0664324 -0.0353106 0.843168 -0.0657108 0.997613 0.021219 2.01801 0.0366362 -0.0188386 0.999151 4.38328
-0.336907 0.100992 -0.936106 -4.77361 0.0219379 0.994803 0.0994287 2.43627 0.941283 0.012962 -0.337372 2.44882
-0.718541 0.0264436 0.694982 -0.45849 0.0393451 0.999223 0.00265916 2.35085 -0.694371 0.0292548 -0.719022 -2.10111
0.95953 0.0353193 0.279383 1.05067 -0.0464566 0.998364 0.0333413 2.20836 -0.277748 -0.0449712 0.959601 3.61601
-0.302632 0.0814354 -0.949622 -4.89799 0.00326761 0.996426 0.0844078 2.573 0.953102 0.0224415 -0.301817 1.26013
-0.541324 -0.0375333 0.839976 1.30829 0.00236857 0.998931 0.0461624 2.53943 -0.840811 0.0269783 -0.540656 -1.75451
0.994649 0.00571646 -0.103153 0.008443 -0.00196647 0.999335 0.0364184 2.5451 0.103293 -0.0360207 0.993999 4.80644
-0.85062 0.0177417 -0.525483 -2.79257 -0.0279371 0.996494 0.0788672 2.79412 0.525039 0.0817664 -0.847142 -1.17427
0.513478 -0.0775942 0.854587 2.82168 0.020957 0.99674 0.0779094 2.81784 -0.857847 -0.0220953 0.513431 2.00525
-0.227996 0.0331158 -0.973099 -3.49421 -0.0411723 0.9982 0.0436166 2.63031 0.972792 0.0500091 -0.226222 1.04616
0.24367 -0.0308292 0.969368 2.12295 0.0225973 0.999404 0.0261042 2.58236 -0.969595 0.0155442 0.244222 0.740114
-0.225458 0.0449767 -0.973215 -1.92393 -0.04985 0.997093 0.0576286 2.61025 0.972977 0.0615076 -0.222561 0.145269
0.195027 -0.040897 0.979945 3.90796 0.034168 0.998807 0.0348842 2.61192 -0.980203 0.0266793 0.196192 1.11774
-0.217347 0.0545088 -0.974571 -3.12042 -0.0338505 0.997418 0.0633359 2.68616 0.975507 0.0467555 -0.214941 -0.264736
0.426548 0.0229451 0.904174 3.04687 0.0225234 0.999099 -0.0359795 2.35733 -0.904185 0.035712 0.425647 1.66102
-0.754283 0.0432667 -0.655123 -1.37702 -0.0156145 0.996362 0.0837812 2.86739 0.656364 0.0734241 -0.750863 -2.3003
0.987358 0.0377058 0.153958 0.746639 -0.0306421 0.998378 -0.0479992 2.56342 -0.155518 0.0426748 0.986911 3.35371
-0.919689 0.000656355 0.392647 1.6202 0.0275514 0.997642 0.0628654 2.97065 -0.39168 0.0686346 -0.917538 -2.89186
0.900108 0.0473146 -0.43309 0.9929 -0.077236 0.99567 -0.0517469 2.32499 0.428766 0.0800279 0.899864 3.49179
-0.873132 0.0265391 0.486762 3.25425 0.0612529 0.996576 0.0555378 2.82227 -0.483622 0.0783073 -0.871768 -3.94619
0.88026 0.0519804 -0.471636 0.677625 -0.0908397 0.994058 -0.059985 2.30411 0.465715 0.0956457 0.879751 4.50578
-0.885933 0.0148001 0.463578 3.99979 0.0577324 0.995237 0.0785574 3.09493 -0.460208 0.09636 -0.882567 -5.23806
0.900881 0.0564211 -0.430384 0.32405 -0.0740213 0.996962 -0.0242451 2.39871 0.427708 0.0536995 0.902321 6.3442
-0.891748 0.0712137 0.446894 4.45309 0.100018 0.994134 0.041162 2.92997 -0.441341 0.0814037 -0.89364 -5.99407
0.894986 0.0234832 -0.445477 -0.517608 -0.0485939 0.997804 -0.0450288 2.28132 0.443441 0.0619476 0.89416 6.58856
-0.896883 0.0345666 0.440915 5.29396 0.0652364 0.996376 0.0545868 3.06319 -0.43743 0.0777216 -0.895888 -6.85012
0.90228 0.0289788 -0.430175 -1.10054 -0.0573466 0.99694 -0.053124 2.14841 0.42732 0.0726018 0.901181 7.94982
-0.886775 0.0022929 0.462196 5.39316 0.0280713 0.998409 0.0489049 3.25713 -0.461349 0.0563421 -0.885428 -7.53073
0.889713 0.0539886 -0.453318 -1.47198 -0.078439 0.996294 -0.0352944 2.52438 0.449733 0.0669597 0.89065 8.01432
-0.892671 -0.000382172 0.45071 5.68309 0.0221638 0.998753 0.0447444 3.2198 -0.450165 0.0499314 -0.891548 -9.1868
0.880343 0.0615546 -0.470327 -3.12429 -0.0862082 0.995794 -0.0310361 2.39773 0.466438 0.0678685 0.881947 9.27469
-0.873029 -0.0167432 0.487382 6.86096 0.00663721 0.99891 0.0462049 3.27307 -0.487625 0.043573 -0.871965 -10.7686
0.925694 0.023468 -0.377545 -1.28052 -0.0332456 0.999259 -0.0194007 2.70333 0.37681 0.0305108 0.925788 10.5788
-0.974428 0.00239899 0.224688 3.72705 0.00838359 0.999636 0.0256849 3.22183 -0.224545 0.0269118 -0.974092 -11.5734
0.971298 0.0473821 -0.233098 -0.632779 -0.054429 0.998232 -0.0238891 2.67981 0.231555 0.0358907 0.97216 10.6421
-0.962356 -0.123602 0.242063 4.54932 -0.117428 0.992283 0.0398255 3.2364 -0.245118 0.00990118 -0.969443 -10.052
0.967108 -0.0229257 -0.253331 -1.77545 0.0178565 0.999593 -0.0222915 2.56583 0.253739 0.0170347 0.967123 10.9449
-0.987049 -0.0895528 0.133098 2.66567 -0.085859 0.995753 0.0332494 3.38468 -0.135511 0.0213911 -0.990545 -11.2085
0.984362 -0.119856 0.129095 3.96988 0.123618 0.992098 -0.0214983 2.60577 -0.125498 0.0371205 0.991399 12.2016
-0.93787 -0.188503 -0.29132 -1.49841 -0.194107 0.980932 -0.00982294 2.34795 0.287616 0.0473345 -0.956576 -10.6026
0.869602 -0.169286 0.463827 8.6227 0.172279 0.98438 0.0362795 2.71286 -0.462723 0.0483589 0.885183 10.4507
-0.84426 -0.241806 -0.478283 -2.38866 -0.275985 0.961162 0.00122918 2.39009 0.45941 0.133037 -0.878205 -9.97775
0.837318 -0.166314 0.520805 9.66523 0.163383 0.985195 0.0519356 3.42505 -0.521731 0.0416041 0.852095 9.84136
-0.794061 -0.206756 -0.571593 -4.5703 -0.213652 0.975305 -0.0559809 1.73434 0.569052 0.0776694 -0.818626 -8.84853
0.671286 -0.192476 0.715771 13.1966 0.201707 0.976687 0.0734672 4.21104 -0.713225 0.0950586 0.69446 6.86974
-0.430113 -0.247581 -0.868163 -8.28401 -0.140492 0.968301 -0.206534 -0.163626 0.891776 0.0331363 -0.451262 -3.17682
0.28859 -0.206292 0.934965 13.8469 0.0924659 0.977954 0.187236 4.92456 -0.952977 0.0324177 0.301303 2.6434
-0.172497 -0.234925 -0.956585 -9.45418 -0.0839791 0.971115 -0.22335 -0.158101 0.981424 0.0418059 -0.187243 -0.0662839
0.00256535 -0.193677 0.981062 14.0719 0.106173 0.975573 0.192315 4.72916 -0.994345 0.103669 0.0230663 -1.36527
0.16257 -0.219651 -0.961938 -9.02726 -0.0483905 0.97196 -0.230117 -0.617369 0.98551 0.0839586 0.147382 4.37097
-0.294747 -0.238425 0.925353 14.4507 -0.0697992 0.971158 0.227995 5.07531 -0.953023 0.00261175 -0.302887 -5.6864
0.46139 -0.20735 -0.862627 -8.42559 0.0343473 0.975752 -0.21617 -0.886531 0.886533 0.0701098 0.457323 9.22147
-0.543867 -0.251041 0.800742 12.8917 -0.140754 0.967977 0.20787 4.5993 -0.827284 0.000345751 -0.561785 -9.27674
0.671986 -0.183098 -0.717572 -6.36094 0.0793408 0.981178 -0.17606 -0.643559 0.736302 0.0613767 0.673864 12.3873
-0.736073 -0.469844 0.487281 6.05803 -0.424854 0.881092 0.207791 4.10149 -0.526969 -0.0540747 -0.848163 -14.0985
0.925703 -0.280043 -0.254263 0.972057 0.275452 0.959783 -0.0542519 3.02647 0.25923 -0.0198161 0.965612 15.3049
-0.931209 -0.364156 0.0154859 -1.19503 -0.364474 0.930677 -0.0316152 0.960465 -0.00289981 -0.0350847 -0.99938 -14.8401
0.919638 -0.342724 0.191852 7.40545 0.329601 0.939062 0.0976028 4.86023 -0.213611 -0.0265248 0.976559 13.9084
-0.815906 -0.440026 -0.375065 -7.1784 -0.420836 0.896788 -0.136637 -1.25832 0.396477 0.0463578 -0.916874 -12.8464
0.776954 -0.375277 0.50548 12.1409 0.304331 0.926752 0.22026 6.7809 -0.551113 -0.017299 0.834252 10.7827
-0.633044 -0.418658 -0.651138 -10.3986 -0.333316 0.906586 -0.258848 -2.0922 0.698681 0.0531725 -0.713455 -7.98832
0.444944 -0.405971 0.798256 15.4118 0.160532 0.913069 0.374881 10.4846 -0.881053 -0.0386554 0.471436 2.89313
-0.219196 -0.41115 -0.884821 -12.8289 -0.0294864 0.909253 -0.415199 -2.78028 0.975235 -0.0649197 -0.211428 0.313115
-0.0115658 -0.454599 0.890621 15.2091 -0.0646242 0.889159 0.453013 10.9013 -0.997843 -0.0523164 -0.0396617 -5.36019
0.267836 -0.422306 -0.86598 -10.3489 0.137081 0.906379 -0.39961 -0.875423 0.953663 -0.0116793 0.300651 8.3974
-0.543897 -0.428789 0.72133 8.8966 -0.287259 0.902797 0.320062 7.26978 -0.788454 -0.0331276 -0.614202 -14.7573
0.696988 -0.464387 -0.5464 -4.17049 0.380949 0.88535 -0.266524 1.3484 0.607525 -0.0223867 0.793985 12.3278
-0.757735 -0.498086 0.421601 4.3459 -0.433501 0.867122 0.245309 6.61332 -0.487765 0.00311449 -0.87297 -16.9665
0.728542 -0.579297 -0.36557 -2.03413 0.515951 0.81511 -0.263421 1.58507 0.450579 0.00329676 0.892731 13.5265
-0.774844 -0.543047 0.323599 2.97565 -0.483483 0.838873 0.250074 5.5887 -0.407261 0.0373138 -0.91255 -16.7122
0.722449 -0.600573 -0.342607 -2.8352 0.531433 0.799305 -0.28052 0.0727572 0.44232 0.0205883 0.896621 13.9469
-0.687021 -0.610942 0.393384 5.16921 -0.523874 0.791613 0.314495 6.119 -0.503546 0.00998071 -0.863911 -15.9734
0.562122 -0.596839 -0.572541 -8.23548 0.459066 0.800994 -0.384276 -2.991 0.687952 -0.0468246 0.724244 10.3571
-0.488232 -0.624028 0.610097 7.68625 -0.407468 0.781202 0.472962 8.10214 -0.771751 -0.0176801 -0.635679 -13.7452
0.453415 -0.565845 -0.688647 -9.47795 0.392506 0.820444 -0.415708 -3.26389 0.800222 -0.0818097 0.594098 9.69137
-0.407052 -0.631651 0.659792 9.48141 -0.316183 0.775126 0.547 9.75572 -0.856935 0.0140421 -0.515234 -11.922
0.337753 -0.562258 -0.754844 -10.5613 0.294754 0.824817 -0.482491 -4.72007 0.893892 -0.0595307 0.444312 8.16276
-0.317041 -0.62548 0.712923 9.60062 -0.226201 0.779878 0.58363 9.66384 -0.921042 0.0237704 -0.388737 -9.04646
0.290869 -0.590222 -0.753016 -9.48841 0.257283 0.806307 -0.532611 -5.0833 0.921521 -0.0388185 0.386383 7.09082
-0.350195 -0.588503 0.728716 9.60811 -0.192508 0.806592 0.558883 8.96021 -0.916681 0.055434 -0.395756 -9.16661
0.291935 -0.54485 -0.786074 -10.2007 0.283365 0.834249 -0.473004 -3.82954 0.913499 -0.0846596 0.397937 7.42458
-0.380026 -0.559059 0.736908 9.97518 -0.20755 0.827902 0.521059 8.95524 -0.90139 0.0450705 -0.430656 -10.753
0.333503 -0.526645 -0.781934 -9.41769 0.275007 0.847692 -0.453641 -3.70907 0.901747 -0.0637467 0.427539 6.52161
-0.405263 -0.561556 0.721399 9.10913 -0.193225 0.823892 0.532791 8.45056 -0.893548 0.0765275 -0.442399 -9.99787
0.295119 -0.560788 -0.773577 -9.9579 0.309305 0.822115 -0.477974 -4.26974 0.904011 -0.0982127 0.416076 5.10091
-0.31359 -0.641161 0.70041 7.90701 -0.287494 0.767105 0.573497 8.38916 -0.904992 -0.0215208 -0.424886 -10.885
0.174946 -0.64622 -0.742828 -10.4622 0.377638 0.740803 -0.55552 -5.04503 0.909277 -0.183334 0.373637 4.81949
-0.167448 -0.696888 0.697358 6.98932 -0.378629 0.698559 0.607171 7.67304 -0.910276 -0.162371 -0.380834 -10.424
0.207979 -0.69039 -0.692897 -9.33076 0.449377 0.696644 -0.559239 -4.73423 0.868796 -0.195063 0.455132 7.34639
-0.306245 -0.730622 0.61025 5.37381 -0.507242 0.667707 0.544861 5.04546 -0.805556 -0.142683 -0.575084 -13.7876
0.362604 -0.678351 -0.63903 -8.61965 0.495348 0.721103 -0.484399 -4.65134 0.789399 -0.140897 0.597493 8.09429
-0.496536 -0.667422 0.554977 2.34674 -0.49587 0.742871 0.44973 2.58308 -0.712436 -0.0518896 -0.699816 -15.1852
0.503441 -0.632079 -0.589086 -8.78177 0.525631 0.765166 -0.371799 -3.7975 0.685755 -0.122463 0.717456 7.91128
-0.528545 -0.642984 0.554267 1.73966 -0.497265 0.76368 0.411729 2.35664 -0.688019 -0.0580004 -0.723372 -14.4344
0.506539 -0.649431 -0.567148 -8.86285 0.581705 0.742929 -0.331174 -2.67801 0.636427 -0.16216 0.7541 8.83175
-0.521588 -0.625858 0.579869 2.74021 -0.525422 0.771098 0.35964 2.69874 -0.67222 -0.117092 -0.731034 -12.8516
0.545264 -0.617596 -0.566799 -7.93757 0.47483 0.784778 -0.398322 -3.5101 0.690814 -0.0519433 0.721164 8.86473
-0.550684 -0.558925 0.61996 2.97747 -0.385757 0.829059 0.404788 3.66515 -0.74023 -0.0162435 -0.672158 -11.9599
0.466434 -0.604083 -0.646161 -9.25701 0.329352 0.796571 -0.506954 -5.49379 0.820956 0.0236457 0.570503 7.53954
-0.442769 -0.600431 0.665912 3.35408 -0.373288 0.798695 0.471956 3.66583 -0.815238 -0.0396099 -0.57777 -11.4949
0.412653 -0.666665 -0.620706 -9.74414 0.453865 0.741299 -0.494453 -5.87913 0.789764 -0.0776793 0.608474 8.57734
-0.489949 -0.629792 0.602754 3.11917 -0.468499 0.773318 0.427188 2.44318 -0.73516 -0.0730897 -0.673942 -13.0796
0.579352 -0.608984 -0.541747 -7.09874 0.547845 0.783073 -0.294388 -2.79894 0.603506 -0.126239 0.787303 10.1838
-0.718696 -0.595356 0.359204 -1.2535 -0.567151 0.800799 0.192513 -1.25237 -0.402264 -0.0653648 -0.913188 -16.0448
0.721937 -0.651655 -0.232705 -3.17666 0.65822 0.750469 -0.059531 0.822146 0.213433 -0.110194 0.970724 11.9
-0.664271 -0.744185 0.070228 -5.06682 -0.746883 0.664586 -0.0221878 -4.70532 -0.0301616 -0.0671913 -0.997285 -14.9374
0.585238 -0.803362 -0.110029 -3.83253 0.807952 0.589231 -0.00474293 0.25714 0.0686434 -0.0861227 0.993917 11.7684
-0.776545 -0.614182 0.140568 -4.79433 -0.622431 0.782422 -0.019893 -4.45088 -0.0977665 -0.102942 -0.989871 -13.7655
0.651552 -0.749738 -0.11564 -3.16485 0.75725 0.651894 0.0401096 0.961996 0.0453139 -0.113702 0.992481 10.88
-0.743459 -0.666022 0.0606993 -6.23974 -0.668642 0.742094 -0.0470678 -5.11402 -0.0136974 -0.0755794 -0.997046 -12.957
0.7207 -0.688934 -0.0772116 -2.67577 0.693119 0.713939 0.0993924 1.55626 -0.0133495 -0.125149 0.992049 11.2962
-0.717229 -0.675243 -0.172131 -9.93754 -0.649213 0.737256 -0.187023 -7.41188 0.25319 -0.0223892 -0.967158 -10.0966
0.73413 -0.664862 0.137883 -1.01303 0.632968 0.743594 0.215453 1.70498 -0.245775 -0.0708958 0.966731 10.4859
-0.677142 -0.692658 -0.248401 -10.9435 -0.640657 0.720998 -0.264047 -9.34803 0.361991 -0.0196577 -0.931975 -8.38455
0.662457 -0.724779 0.189331 -0.673803 0.649915 0.681766 0.335867 2.99937 -0.372508 -0.099449 0.922686 10.471
-0.693509 -0.694399 -0.191976 -9.63277 -0.640473 0.716255 -0.277083 -8.51682 0.329909 -0.0692043 -0.941473 -8.19407
0.652738 -0.757532 0.0088221 -2.85993 0.736431 0.637203 0.227252 2.19957 -0.177771 -0.141839 0.973797 12.6356
-0.673278 -0.738968 0.0249685 -6.92563 -0.736722 0.6676 -0.107478 -6.39728 0.062753 -0.090758 -0.993894 -9.03608
0.581642 -0.805574 -0.112886 -3.93098 0.809912 0.586433 -0.0118452 -0.492521 0.0757432 -0.0845387 0.993538 13.1851
-0.624462 -0.764233 0.161232 -4.69192 -0.745324 0.644782 0.169557 -3.30474 -0.233541 -0.0142888 -0.972242 -8.41523
0.453447 -0.848655 -0.272342 -5.86237 0.828853 0.513864 -0.221241 -2.19609 0.327705 -0.125411 0.93642 13.1324
-0.426178 -0.86482 0.265442 -2.77839 -0.788314 0.498968 0.359989 -1.5537 -0.443773 -0.055833 -0.894399 -8.04266
0.236403 -0.921267 -0.308837 -6.44431 0.819717 0.359755 -0.445692 -5.06637 0.521708 -0.147797 0.840225 12.2936
-0.269984 -0.93228 0.240756 -2.75594 -0.776182 0.358689 0.518542 -1.17379 -0.569783 -0.0468731 -0.820458 -7.18815
0.242557 -0.923109 -0.298389 -5.93725 0.820157 0.359403 -0.445167 -4.50851 0.51818 -0.136748 0.844269 10.9309
-0.39583 -0.87099 0.291024 -2.93209 -0.773674 0.487016 0.405271 -2.23921 -0.494721 -0.0647399 -0.866637 -7.11168
0.383445 -0.846304 -0.369783 -7.29968 0.680181 0.529622 -0.506809 -6.68271 0.62476 -0.0571873 0.77872 11.4633
-0.207704 -0.829252 0.518845 0.449129 -0.429558 0.553857 0.713248 3.23714 -0.878829 -0.07473 -0.47125 -3.32044
0.0349041 -0.798403 -0.601111 -9.6369 0.00134791 0.601515 -0.798861 -9.719 0.99939 0.0270727 0.0220706 5.25467
0.197095 -0.795964 0.572359 1.18897 0.381339 0.600079 0.703198 5.12601 -0.90318 0.0796656 0.421805 5.41696
-0.434088 -0.821535 -0.36966 -9.16999 -0.748184 0.557324 -0.360017 -6.30655 0.501786 0.120294 -0.856587 -4.65155
0.695963 -0.707878 -0.120598 -5.43524 0.674301 0.701994 -0.229179 -3.94612 0.246891 0.0781808 0.965885 12.2078
-0.314852 -0.738154 0.596655 0.59965 -0.33764 0.674612 0.656429 4.43406 -0.887056 0.00522307 -0.461632 -3.48288
-0.223176 -0.767899 -0.600436 -12.8788 -0.346695 0.638226 -0.687366 -9.5957 0.911041 0.0547642 -0.408664 -1.90464
0.688649 -0.696906 0.20021 -3.17648 0.676943 0.716866 0.166891 0.906135 -0.25983 0.0206006 0.965435 13.0954
-0.522119 -0.778125 0.34916 -2.28303 -0.682175 0.626734 0.37662 2.2985 -0.511889 -0.0415479 -0.858047 -7.947
-0.108719 0.666198 0.737807 11.6825 0.235423 -0.703837 0.670216 17.4397 0.965793 0.246562 -0.080317 -0.09093
-0.597102 -0.650224 0.469764 15.0875 -0.673138 0.724669 0.147446 13.1106 -0.436297 -0.228176 -0.870392 -22.7421
-0.0887091 0.663663 0.742753 29.6697 0.272486 -0.701079 0.65897 30.4057 0.958062 0.260847 -0.118646 -14.4545
-0.427363 -0.707736 0.562557 36.4399 -0.779234 0.603869 0.167742 25.1686 -0.458429 -0.366678 -0.809563 -36.7652
-0.268911 0.783651 0.55998 44.5219 0.424753 -0.425322 0.799179 48.0049 0.86445 0.452761 -0.218484 -31.7593
-0.178207 -0.709315 0.681992 58.127 -0.935882 0.33625 0.105173 38.2026 -0.303921 -0.619523 -0.723757 -50.9017
-0.458895 0.773097 0.437876 61.063 0.503114 -0.180101 0.845246 63.921 0.732319 0.608181 -0.306308 -48.7898
-0.0584701 -0.665629 0.743988 78.3446 -0.98868 0.141766 0.0491347 51.0085 -0.138178 -0.732694 -0.666384 -65.6781
-0.578139 0.705827 0.409345 80.0052 0.515976 -0.0723778 0.85354 79.3258 0.632079 0.704677 -0.322345 -65.7653
0.0110932 -0.676546 0.736316 99.0941 -0.982435 0.129803 0.134068 69.9364 -0.18628 -0.72487 -0.663222 -84.3246
-0.57947 0.707032 0.405363 101.968 0.597151 0.0298473 0.801574 97.8643 0.554639 0.706552 -0.4395 -90.1082
0.396398 -0.46112 0.793874 127.663 -0.91514 -0.267593 0.301518 95.8798 0.0733992 -0.846028 -0.528063 -102.005
-0.970062 0.0805766 0.2291 122.621 0.21462 0.725917 0.65344 114.342 -0.113656 0.683047 -0.721478 -122.858
0.524628 0.296704 0.797955 148.882 -0.325231 -0.796359 0.509939 124.459 0.78676 -0.527048 -0.321294 -121.232
-0.799295 -0.474459 0.368802 149.475 -0.297998 0.845878 0.442368 131.182 -0.521847 0.243681 -0.817494 -148.722
0.354902 0.651956 0.670072 169.906 0.218598 -0.75473 0.618546 150.566 0.908989 -0.0730464 -0.410371 -148.218
-0.460936 -0.75589 0.464939 177.019 -0.676238 0.638442 0.367553 150.512 -0.574667 -0.144991 -0.805442 -175.064
0.168387 0.790038 0.589478 192.412 0.534131 -0.575743 0.619053 173.199 0.828463 0.210618 -0.518931 -178.073
-0.015885 -0.775149 0.631579 209.002 -0.902888 0.282504 0.324015 169.722 -0.429584 -0.565098 -0.70436 -199.827
-0.343712 0.773121 0.533052 216.776 0.817755 -0.0326485 0.574641 194.053 0.46167 0.633418 -0.621002 -210.549
0.35152 -0.648555 0.675137 238.891 -0.923327 -0.121085 0.364426 191.949 -0.154601 -0.751476 -0.641392 -227.219
-0.584035 0.624079 0.519065 243.363 0.799769 0.333041 0.499454 213.622 0.138829 0.706831 -0.693626 -243.607
0.568065 -0.488882 0.662039 266.99 -0.82251 -0.36456 0.436549 214.253 0.0279323 -0.792522 -0.609204 -256.327
-0.671031 0.492632 0.554103 270.842 0.740158 0.488841 0.461738 233.639 -0.0434021 0.719965 -0.692653 -274.489
0.689606 -0.37525 0.619379 294.472 -0.708837 -0.524911 0.47119 236.516 0.148305 -0.763974 -0.627973 -285.759
-0.733599 0.384203 0.560554 297.445 0.65047 0.635815 0.415487 253.123 -0.196778 0.669425 -0.716345 -305.891
0.658158 -0.0618847 0.750332 322.809 -0.542014 -0.730655 0.415169 256.964 0.522542 -0.679937 -0.514428 -309.813
-0.807884 -0.0473292 0.587437 325.845 0.206734 0.910671 0.357687 265.987 -0.551892 0.410413 -0.725932 -333.725
0.39115 0.552051 0.73637 346.305 0.0361708 -0.808722 0.587079 280.903 0.919616 -0.203001 -0.336299 -329.048
-0.388456 -0.549089 0.740002 358.627 -0.652676 0.73085 0.199683 275.808 -0.650475 -0.405414 -0.64228 -350.984
-0.558036 0.732006 0.390848 359.208 0.777136 0.29586 0.555453 297.593 0.290958 0.613705 -0.733968 -364.712
0.65331 0.251694 0.714028 382.952 -0.391184 -0.69525 0.602995 307.219 0.648198 -0.673259 -0.355755 -363.335
-0.382694 -0.549293 0.742848 395.566 -0.646478 0.733626 0.209428 302.458 -0.66001 -0.400088 -0.63586 -385.154
-0.688049 0.629856 0.360373 393.658 0.707279 0.471 0.527178 322.231 0.162311 0.617609 -0.769555 -401.25
0.603954 0.539736 0.586451 413.359 -0.05394 -0.706439 0.705717 338.59 0.795192 -0.457853 -0.397543 -399.189
-0.0251133 -0.652302 0.757543 431.089 -0.865878 0.39292 0.30963 333.724 -0.499626 -0.648164 -0.574681 -417.067
-0.862897 0.352567 0.362085 427.614 0.49865 0.710501 0.496526 349.762 -0.0822034 0.609005 -0.788896 -436.88
0.438883 0.72709 0.527941 443.581 0.185689 -0.64826 0.738431 369.861 0.879149 -0.226052 -0.419522 -434.773
0.206819 -0.607898 0.766607 464.489 -0.926221 0.130767 0.353576 365.837 -0.315185 -0.783174 -0.536002 -449.246
-0.91221 0.0646639 0.404588 462.367 0.259054 0.856068 0.447258 377.619 -0.317434 0.512804 -0.797665 -472.346
0.150112 0.899327 0.410703 471.813 0.467534 -0.430598 0.772009 401.797 0.871137 0.0761294 -0.485104 -472.709
0.566503 -0.337165 0.751926 496.685 -0.82322 -0.272735 0.497922 403.685 0.0371946 -0.901075 -0.432066 -480.434
-0.758116 -0.38147 0.528904 500.505 -0.203931 0.909061 0.363348 407.872 -0.619413 0.1676 -0.766967 -506.023
-0.276821 0.880643 0.384496 504.338 0.71866 -0.0758844 0.69121 432.723 0.637887 0.467663 -0.611876 -513.373
0.687185 -0.0291835 0.725896 529.506 -0.599032 -0.588073 0.543445 439.199 0.41102 -0.808282 -0.421596 -516.582
-0.58146 -0.546769 0.602451 537.667 -0.476844 0.829013 0.292162 438.708 -0.659185 -0.117395 -0.742761 -541.586
-0.426137 0.817231 0.387995 540.139 0.779096 0.113539 0.616539 462.245 0.459803 0.565015 -0.685084 -553.275
0.574014 -0.247569 0.780524 565.639 -0.733653 -0.578842 0.355945 463.016 0.363679 -0.776951 -0.513893 -559.511
-0.844802 -0.174735 0.505744 567.956 0.0136652 0.937823 0.346845 469.531 -0.534905 0.299927 -0.789887 -584.887
0.310997 0.646254 0.696876 586.475 0.297631 -0.762579 0.57436 487.832 0.902606 0.0287878 -0.429505 -584.586
-0.2494 -0.634661 0.73144 601.54 -0.838797 0.519043 0.164362 480.665 -0.483963 -0.572539 -0.661801 -604.255
-0.788512 0.610996 -0.0702304 589.408 0.537369 0.739993 0.404531 494.695 0.299137 0.281239 -0.911824 -622.288
0.434809 0.90019 0.0244561 593.223 0.157156 -0.102594 0.982231 518.769 0.886704 -0.423239 -0.186079 -614.414
0.615024 0.362904 0.700033 615.061 -0.756199 0.0199268 0.65404 523.41 0.223404 -0.931614 0.286683 -603.589
-0.0844775 -0.0137114 0.996331 635.112 -0.701701 0.710736 -0.0497149 511.911 -0.707446 -0.703326 -0.069662 -612.51
-0.736747 0.199907 0.645941 638.835 0.191831 0.977842 -0.0838252 510.454 -0.648386 0.062154 -0.758771 -636.794
-0.428166 0.860719 0.275385 636.985 0.832145 0.25667 0.491586 530.627 0.352434 0.439641 -0.82614 -650.357
0.389319 0.829441 0.400573 647.704 0.111657 -0.474175 0.873323 551.37 0.914311 -0.295274 -0.277218 -643.047
0.498875 0.416512 0.760027 668.127 -0.790285 -0.141369 0.59621 552.964 0.355773 -0.898072 0.258638 -630.117
0.094971 0.0350069 0.994864 688.872 -0.569859 0.821348 0.0254985 542.647 -0.816237 -0.569354 0.0979536 -637.112
-0.457062 0.248662 0.853968 698.389 0.44309 0.896162 -0.0237971 544.452 -0.771211 0.367508 -0.519781 -659.742
-0.274644 0.743257 0.610032 704.227 0.88986 -0.0439021 0.454117 565.712 0.364308 0.667564 -0.649337 -670.58
-0.025774 0.946498 0.321679 706.658 0.277575 -0.302356 0.911885 588.953 0.960359 0.112793 -0.254931 -663.288
0.286776 0.916665 0.27836 712.252 -0.411873 -0.144365 0.899734 601.345 0.86494 -0.372671 0.336149 -643.727
0.612265 0.716983 0.333266 723.989 -0.727451 0.345703 0.592711 602.164 0.309752 -0.605331 0.733232 -623.175
0.717023 0.433085 0.546182 742.131 -0.59762 0.785267 0.161888 594.421 -0.358787 -0.442486 0.821875 -610.464
0.539007 0.20103 0.817959 763.563 -0.144618 0.978769 -0.145253 586.106 -0.829793 -0.0399985 0.556636 -610.797
0.150531 0.174117 0.973151 783.074 0.398927 0.889968 -0.220942 583.761 -0.904543 0.421475 0.0645078 -623.007
-0.175463 0.405452 0.897118 796.874 0.905429 0.424246 -0.0146494 593.485 -0.386539 0.809706 -0.441548 -639.606
-0.26196 0.701544 0.662731 803.735 0.895428 -0.0794663 0.438059 613.547 0.359983 0.708182 -0.607364 -649.342
0.813505 0.123591 0.568273 824.544 0.135286 -0.990568 0.0217673 619.262 0.565604 0.0591715 -0.822552 -658.285
0.448126 -0.884958 0.126611 835.851 -0.891589 -0.432097 0.135508 612.228 -0.0652109 -0.17361 -0.982654 -677.522
-0.645456 -0.762913 0.0367376 831.201 -0.625638 0.555682 0.547536 613.213 -0.438138 0.330426 -0.835975 -701.139
-0.911432 -0.155752 0.380831 827.917 0.199076 0.643097 0.739457 628.402 -0.360083 0.74978 -0.555132 -719.843
0.165856 -0.243496 0.955615 850.957 0.90361 0.425617 -0.0483802 637.605 -0.394946 0.871528 0.290617 -722.37
0.90309 -0.409643 -0.128919 861.732 0.120586 0.530003 -0.839379 619.799 0.412174 0.742489 0.528037 -708.935
-0.214337 -0.30936 -0.926475 841.016 -0.676755 0.730988 -0.08752 606.385 0.704317 0.608238 -0.366039 -709.816
-0.920556 0.295725 0.255192 833.074 0.388053 0.767014 0.510985 618.24 -0.0446243 0.569419 -0.820836 -728.708
0.323557 0.293007 0.899698 853.83 0.854328 0.318267 -0.410891 619.479 -0.406738 0.901584 -0.147346 -740.011
0.896892 -0.322654 -0.302455 859.331 -0.199409 0.315389 -0.927775 596.898 0.394741 0.892426 0.21853 -733.704
-0.379426 -0.350065 -0.85644 838.349 -0.569584 0.817839 -0.0819465 586.161 0.729117 0.456722 -0.509701 -737.209
-0.935405 0.318834 0.152847 830.383 0.351929 0.881252 0.315504 594.388 -0.0341037 0.348916 -0.936534 -758.451
0.343231 0.380177 0.85887 851.954 0.763189 0.420123 -0.49096 590.76 -0.547482 0.823993 -0.145948 -769.535
0.737503 -0.324804 -0.592107 847.508 -0.305715 0.621209 -0.721553 569.779 0.602186 0.713164 0.358845 -757.033
-0.859003 0.247273 -0.448295 827.879 0.0642898 0.920797 0.384709 576.572 0.507917 0.301646 -0.806865 -771.04
0.0334576 0.396282 0.917519 848.751 0.836309 0.491563 -0.242805 577.704 -0.547237 0.775454 -0.314967 -785.785
0.773273 -0.403735 -0.488923 845.926 -0.0924869 0.691019 -0.716896 558.836 0.627292 0.599576 0.497006 -770.603
-0.858801 0.335975 -0.386757 828.189 0.276499 0.939508 0.202175 562.886 0.431287 0.0666906 -0.899747 -787.104
0.45446 0.282025 0.844942 850.592 0.724452 0.434905 -0.534816 555.762 -0.5183 0.855173 -0.00666663 -794.642
0.389443 -0.225622 -0.892988 834.249 -0.23807 0.911928 -0.334233 543.127 0.889752 0.342759 0.30143 -781.036
-0.995505 0.0395972 0.0860301 828.279 0.0688249 0.926486 0.369983 549.825 -0.0650557 0.374242 -0.925047 -803.386
0.492842 -0.103075 0.863991 851.194 0.544375 0.811152 -0.213753 547.458 -0.678795 0.575683 0.455882 -799.257
0.550301 -0.166312 -0.818234 837.378 -0.278088 0.887508 -0.36742 536.143 0.787297 0.429734 0.442147 -784.913
-0.988656 -0.00272757 -0.150172 827.743 -0.0712154 0.888815 0.452701 545.055 0.13224 0.45826 -0.878926 -804.794
0.291903 -0.0930815 0.951907 851.401 0.542979 0.835453 -0.0848101 545.591 -0.78738 0.541623 0.294413 -802.679
0.767688 -0.200532 -0.608639 841.496 -0.134332 0.878316 -0.458821 534.079 0.626586 0.433992 0.647335 -785.246
-0.903469 -0.0210133 -0.428137 828.693 -0.20741 0.895522 0.39373 541.71 0.375132 0.444523 -0.813435 -802.938
0.118052 -0.0377284 0.99229 852.136 0.576043 0.81656 -0.037484 541.612 -0.80885 0.576027 0.11813 -802.611
0.741866 -0.153147 -0.652824 838.304 -0.19552 0.88186 -0.429065 530.793 0.641409 0.44595 0.624279 -787.352
-0.959991 -0.201115 -0.194855 834.438 -0.262036 0.890564 0.371798 540.11 0.098756 0.407983 -0.907633 -808.511
0.35744 -0.139712 0.923426 855.806 0.441253 0.896695 -0.0351322 538.484 -0.823124 0.420023 0.382163 -796.684
0.812454 -0.237847 -0.532304 838.257 -0.104584 0.838739 -0.534397 526.04 0.573569 0.489844 0.656561 -781.88
-0.705259 -0.188924 -0.683312 822.997 -0.345229 0.933361 0.0982589 530.814 0.619214 0.305198 -0.723484 -802.777
-0.457915 -0.160254 0.874432 847.546 0.103045 0.967421 0.231258 536.882 -0.883004 0.196003 -0.426483 -809.959
0.999491 0.0272436 0.0165963 843.905 -0.0211842 0.955819 -0.293194 530.155 -0.0238505 0.292694 0.955909 -784.564
-0.522781 -0.176187 -0.834061 822.54 -0.435913 0.896066 0.0839399 535.135 0.732584 0.407461 -0.545249 -802.126
-0.485861 -0.214426 0.847325 849.517 0.0753273 0.955561 0.28501 543.318 -0.870785 0.202302 -0.448117 -809.653
0.998726 0.0484308 -0.0141144 843.778 -0.0504452 0.958973 -0.278974 536.162 2.47112e-05 0.279331 0.960195 -780.796
-0.378534 -0.09728 -0.920461 818.245 -0.408233 0.910058 0.0717025 541.208 0.830697 0.402905 -0.384201 -797.44
-0.691042 -0.192045 0.696835 844.091 0.0176555 0.959286 0.281885 549.777 -0.722599 0.207098 -0.659517 -813.178
0.939544 -0.0540302 0.338136 849.216 0.127986 0.971316 -0.200415 542.976 -0.317608 0.231576 0.91951 -783.99
-0.105829 -0.114867 -0.987727 820.923 -0.285674 0.954945 -0.0804474 541.981 0.952466 0.273655 -0.133876 -792.579
-0.89034 -0.116336 0.440181 837.241 0.0187133 0.956637 0.290684 550.101 -0.454911 0.267045 -0.849555 -815.197
0.689932 -0.0693853 0.72054 855.229 0.224068 0.966979 -0.121433 545.29 -0.688322 0.245231 0.682697 -792.592
0.640806 -0.0567088 -0.765605 830.175 -0.153321 0.967724 -0.20001 539.76 0.752237 0.245552 0.611429 -778.622
-0.824115 -0.231817 -0.516812 819.35 -0.327386 0.939517 0.100631 543.672 0.462225 0.252129 -0.850164 -805.717
-0.373399 -0.199595 0.905944 848.586 0.0186546 0.974767 0.222447 549.627 -0.927484 0.099962 -0.360253 -810.975
0.928381 -0.169578 0.330684 851.961 0.194615 0.979899 -0.0438702 546.526 -0.316597 0.105085 0.942722 -781.828
0.505409 -0.155111 -0.848824 823.775 -0.0651431 0.974045 -0.216782 539.871 0.860418 0.164859 0.482186 -774.43
-0.763707 -0.134225 -0.631454 811.303 -0.236055 0.968472 0.0796313 543.737 0.600857 0.209874 -0.771314 -801.895
-0.730363 -0.138374 0.668896 836.267 -0.0464453 0.98706 0.153479 547.955 -0.681478 0.0810294 -0.727339 -817.413
0.580292 0.017819 0.814213 855.094 0.0411774 0.99784 -0.0511844 545.477 -0.813367 0.0632298 0.578306 -793.488
0.851865 0.0385177 -0.522342 832.019 -0.140273 0.977638 -0.156676 541.14 0.504627 0.206738 0.838219 -773.306
-0.449362 -0.0865314 -0.889149 809.833 -0.269971 0.961916 0.0428255 543.668 0.851581 0.259289 -0.45561 -795.266
-0.918845 -0.148833 0.365475 829.816 -0.148136 0.988509 0.0301236 544.715 -0.365759 -0.0264604 -0.930334 -819.369
0.262077 0.0990182 0.959953 856.015 -0.155665 0.986034 -0.0592098 542.406 -0.95241 -0.133913 0.273831 -801.842
0.953062 0.220613 -0.207368 839.69 -0.219219 0.975216 0.0299714 543.137 0.208841 0.0168951 0.977804 -774.785
-0.0877789 0.0549966 -0.99462 810.879 -0.184291 0.980342 0.070471 544.09 0.978944 0.189486 -0.0759182 -787.376
-0.984706 -0.157227 0.0750587 823.581 -0.14813 0.982332 0.11438 545.785 -0.0917166 0.101513 -0.990598 -816.077
0.156805 0.0777585 0.984564 851.39 -0.0889329 0.993958 -0.0643362 541.665 -0.983618 -0.0774712 0.162773 -801.987
0.948209 0.107332 -0.298962 833.491 -0.185432 0.951203 -0.246633 532.985 0.257902 0.289298 0.921843 -776.965
-0.432249 -0.144572 -0.890089 808.496 -0.373627 0.927066 0.0308637 533.715 0.820709 0.345903 -0.45474 -799.172
-0.840674 -0.144044 0.522032 832.254 -0.101471 0.988802 0.109433 534.684 -0.53195 0.0390266 -0.845877 -822.894
0.481527 0.215891 0.849425 854.665 0.00381369 0.968661 -0.248357 522.842 -0.876423 0.122831 0.465613 -801.588
0.869158 0.222588 -0.441608 832.591 -0.394951 0.849841 -0.348976 511.46 0.297619 0.47773 0.826558 -779.695
-0.315413 0.0173139 -0.948796 804.528 -0.58634 0.782586 0.209201 519.899 0.746136 0.622303 -0.236687 -796.111
-0.995878 -0.0296666 0.0857145 815.938 0.00457067 0.927383 0.374086 528.309 -0.0905884 0.372937 -0.923424 -826.843
-0.240072 0.231402 0.942771 848 0.264982 0.949914 -0.165678 516.564 -0.93389 0.210044 -0.289365 -828.922
0.763384 0.457996 0.455504 854.226 -0.25685 0.862255 -0.436514 501.375 -0.592682 0.216233 0.775868 -798.725
0.563364 0.642527 -0.519403 830.066 -0.702812 0.703193 0.107587 508.801 0.434368 0.304433 0.84773 -775.756
-0.342077 0.554557 -0.758584 807.161 -0.297051 0.702069 0.647195 530.805 0.891484 0.446729 -0.0754296 -788.264
-0.916457 0.399309 -0.0256418 814.812 0.334852 0.800447 0.497151 541.615 0.219042 0.447032 -0.867285 -820.451
-0.471838 0.275685 0.837476 846.91 0.44749 0.893305 -0.0419448 533.176 -0.759685 0.354972 -0.544862 -830.837
0.483119 0.338396 0.807517 867.015 -0.0322252 0.92854 -0.369831 518.823 -0.874962 0.152651 0.4595 -805.666
0.858378 0.51073 -0.0483921 853.408 -0.513016 0.854775 -0.0785806 520.072 0.00123086 0.0922784 0.995733 -772.63
0.254962 0.627621 -0.735585 823.701 -0.440873 0.752508 0.489248 540.071 0.860596 0.199561 0.468562 -768.596
-0.664307 0.605383 -0.438414 815.95 0.198937 0.708582 0.677005 558.131 0.7205 0.362524 -0.591149 -798.153
-0.622661 0.262005 0.737323 847.302 0.6976 0.612719 0.371389 559.869 -0.354466 0.745607 -0.564292 -814.281
0.835829 -0.303256 0.457629 852.494 0.461147 0.84013 -0.285526 542.571 -0.29788 0.449686 0.842051 -784.258
0.438702 -0.114744 -0.891276 817.344 -0.278814 0.925489 -0.256386 535.287 0.854285 0.360978 0.374022 -784.526
-0.888382 0.154367 -0.432374 814.437 -0.21289 0.695894 0.685865 559.013 0.406761 0.701359 -0.585356 -811.599
-0.472144 -0.148377 0.868944 850.148 0.646489 0.611839 0.455748 564.091 -0.599276 0.776942 -0.192952 -812.708
0.848297 -0.324849 0.418168 853.819 0.467117 0.831011 -0.302033 544.908 -0.249387 0.451548 0.856687 -781.64
0.464373 0.118625 -0.877659 816.78 -0.318141 0.947186 -0.0403081 545.059 0.826525 0.297938 0.477587 -778.018
-0.854834 0.0866853 -0.511608 812.407 -0.186166 0.869075 0.458313 560.929 0.484355 0.487027 -0.726778 -812.335
-0.557326 -0.280309 0.781546 849.458 0.352707 0.77221 0.528479 570.976 -0.751655 0.570193 -0.331505 -813.509
0.75162 -0.411165 0.515762 855.994 0.479957 0.877293 -6.3006e-05 559.814 -0.452448 0.247591 0.856732 -776.63
0.630709 -0.0481506 -0.774524 817.771 -0.033964 0.995404 -0.0895404 553.986 0.775276 0.0827807 0.626175 -768.781
-0.65485 0.438872 -0.615274 806.448 -0.180691 0.699587 0.691324 579.066 0.733841 0.563889 -0.378824 -796.983
-0.770213 -0.417105 0.482488 838.679 0.561538 -0.0848008 0.823094 598.009 -0.302401 0.904894 0.299536 -784.168
0.437691 -0.863495 -0.250604 824.681 0.89311 0.449722 0.010269 579.791 0.103835 -0.228311 0.968036 -751.556
-0.0126474 0.372253 -0.928045 791.228 0.0234942 0.927974 0.371904 588.969 0.999644 -0.0170992 -0.0204822 -771.467
-0.986383 0.113575 0.118946 814.427 0.140116 0.201667 0.969381 619.213 0.0861098 0.972848 -0.214833 -784.192
0.127331 -0.944434 0.303037 825.837 0.939022 0.213173 0.269807 610.97 -0.319413 0.250203 0.913988 -747.213
0.457806 0.0128077 -0.888959 786.209 0.175009 0.979034 0.104233 608.012 0.871657 -0.203294 0.445967 -747.095
-0.887967 0.39212 -0.240325 793.508 -0.122499 0.30202 0.945399 642.188 0.443293 0.868923 -0.220149 -766.442
-0.261233 -0.902514 0.342382 813.777 0.835318 -0.0336117 0.54874 645.217 -0.483737 0.429347 0.762667 -732.101
0.594593 -0.216858 -0.774229 776.078 0.466247 0.877501 0.112284 636.839 0.655038 -0.427745 0.622865 -721.617
-0.689259 0.598468 -0.408359 772.886 -0.187415 0.397172 0.898405 670.416 0.699855 0.695767 -0.161592 -743.167
-0.710279 -0.54957 0.43986 803.507 0.606844 -0.161405 0.778261 686.164 -0.356713 0.819708 0.448146 -723.85
0.634817 -0.665516 -0.392549 780.186 0.767646 0.60104 0.222423 677.344 0.0879127 -0.442536 0.892432 -693.099
-0.153693 0.797162 -0.583875 760.16 -0.122188 0.571029 0.811786 705.865 0.980535 0.196109 0.00964107 -711.807
-0.863723 -0.396958 0.310493 788.104 0.436131 -0.280035 0.855203 728.677 -0.25253 0.874074 0.414999 -695.569
0.577447 -0.765569 -0.283652 770.195 0.810705 0.49661 0.31006 723.096 -0.0965071 -0.409001 0.907417 -660.772
0.20625 0.569816 -0.795468 736.758 -0.0590967 0.818718 0.571147 741.388 0.976714 -0.070789 0.202536 -671.336
-0.977184 0.206581 -0.0493511 752.313 -0.0575487 -0.0338572 0.997769 777.341 0.204449 0.977844 0.044974 -676.806
-0.103785 -0.992603 0.062995 759.821 0.799224 -0.0455315 0.599307 783.244 -0.592005 0.112546 0.798038 -638.482
0.688575 -0.000853668 -0.725164 721.798 0.433502 0.802132 0.410684 786.346 0.581328 -0.597146 0.552699 -628.47
-0.544634 0.697625 -0.465503 713.886 -0.249807 0.394912 0.884105 820.031 0.800607 0.5978 -0.0408105 -647.323
-0.813597 -0.552292 0.18175 737.737 0.376265 -0.261815 0.888751 844.022 -0.443265 0.791471 0.420821 -627.169
0.515026 -0.806108 -0.291439 720.664 0.825234 0.374346 0.422913 841.211 -0.231814 -0.458317 0.858026 -591.796
0.335793 0.529431 -0.779067 685.73 0.0477075 0.816471 0.575412 857.074 0.940727 -0.230387 0.248908 -600.659
