1 0 0 0 0 1 0 0 0 0 1 0
0.999882 0.000671066 0.0153722 0.00825486 -0.000663863 1 -0.000473669 -0.0139485 -0.0153725 0.000463408 0.999882 0.0930614
0.999343 0.00270245 0.0361429 0.0234085 -0.00270425 0.999996 8.9429e-07 -0.0110281 -0.0361428 -9.86331e-05 0.999347 0.230527
0.997991 0.00452734 0.0631964 0.0440512 -0.00464121 0.999988 0.00165511 -0.0113389 -0.0631882 -0.00194509 0.998 0.376149
0.995345 0.00423061 0.0962784 0.0768944 -0.00459935 0.999983 0.00360834 -0.0122356 -0.0962615 -0.00403437 0.995348 0.551608
0.991 0.00119663 0.13386 0.116887 -0.00197583 0.999982 0.00568837 -0.00817557 -0.133851 -0.00590166 0.990984 0.744418
0.984873 -0.000823784 0.173276 0.183264 -0.000286289 0.99998 0.00638128 -0.00440759 -0.173278 -0.00633436 0.984853 0.931086
0.976261 -0.000875834 0.216595 0.25353 -0.000697723 0.999974 0.00718839 0.00100588 -0.216596 -0.00716887 0.976235 1.13867
0.964482 -0.000563707 0.264147 0.329432 -0.00217322 0.999947 0.0100691 0.0204946 -0.264138 -0.0102855 0.96443 1.34412
0.950229 -0.00398712 0.311527 0.435359 -0.00127422 0.99986 0.0166835 0.0348434 -0.31155 -0.0162501 0.950091 1.57987
0.933493 -0.01238 0.358383 0.56284 0.00376086 0.999687 0.0247373 0.0319312 -0.358577 -0.0217442 0.933247 1.80009
0.912503 -0.0173604 0.408701 0.704175 0.00569516 0.999541 0.029742 0.0401544 -0.40903 -0.024812 0.912183 2.02584
0.887689 -0.0186358 0.460066 0.86686 0.00361324 0.999432 0.033512 0.0512143 -0.460429 -0.028086 0.887252 2.25957
0.859413 -0.0206111 0.510866 1.04322 0.0018546 0.999306 0.0371974 0.0695743 -0.511278 -0.0310205 0.858855 2.49115
0.827701 -0.0248012 0.560621 1.24631 0.00185602 0.999138 0.0414605 0.0941638 -0.561166 -0.0332763 0.827034 2.72244
0.792245 -0.0299897 0.609466 1.47305 0.00343939 0.998995 0.0446862 0.106964 -0.610193 -0.0333063 0.791552 2.93058
0.754641 -0.0337397 0.65527 1.7238 0.0039026 0.99889 0.0469382 0.121552 -0.656126 -0.0328642 0.753935 3.14389
0.71518 -0.0369734 0.697962 1.98867 0.00422611 0.99881 0.0485801 0.12922 -0.698928 -0.0317938 0.714485 3.37412
0.67345 -0.0389721 0.738205 2.26884 0.002849 0.998739 0.0501274 0.137512 -0.739228 -0.0316552 0.672711 3.6033
0.631299 -0.0393749 0.774539 2.59287 -0.00122586 0.998658 0.0517675 0.166773 -0.775538 -0.0336303 0.630404 3.82415
0.589867 -0.0400857 0.806505 2.92994 -0.00422703 0.9986 0.052725 0.186195 -0.807489 -0.0345099 0.588872 4.0365
0.549961 -0.0413981 0.834163 3.29549 -0.00624604 0.998539 0.0536738 0.208316 -0.835167 -0.0347287 0.548899 4.24977
0.511753 -0.0429628 0.858057 3.69802 -0.00796389 0.998469 0.0547429 0.223331 -0.859095 -0.0348484 0.510628 4.45327
0.47482 -0.0430232 0.87903 4.11507 -0.0109672 0.998438 0.0547916 0.245342 -0.880014 -0.0356567 0.473607 4.67028
0.438919 -0.0426177 0.897515 4.55924 -0.0121895 0.9985 0.0533741 0.277941 -0.898444 -0.0343672 0.437741 4.86429
0.405459 -0.0421637 0.91314 5.04287 -0.011412 0.998624 0.0511782 0.294366 -0.914042 -0.0311715 0.404421 5.05147
0.375962 -0.0413097 0.925714 5.54718 -0.00934913 0.998786 0.0483675 0.322242 -0.926588 -0.0268389 0.375119 5.23986
0.350922 -0.039475 0.935572 6.08807 -0.00899387 0.998923 0.0455215 0.351095 -0.936361 -0.0243889 0.350189 5.42189
0.330466 -0.0390796 0.943008 6.64619 -0.00819763 0.998986 0.0442722 0.376334 -0.943782 -0.0223609 0.329811 5.6063
0.316037 -0.0398207 0.94791 7.23879 -0.00727166 0.998988 0.0443908 0.401452 -0.948719 -0.020922 0.315428 5.77857
0.304142 -0.0407912 0.951753 7.8522 -0.00666452 0.998967 0.0449445 0.424625 -0.952603 -0.0200125 0.303556 5.95471
0.293695 -0.0418951 0.95498 8.48952 -0.00769546 0.998903 0.0461887 0.453262 -0.955868 -0.0209144 0.29305 6.14014
0.28345 -0.0434024 0.958004 9.15385 -0.00869259 0.998818 0.0478234 0.482718 -0.958948 -0.0218831 0.282737 6.3273
0.272878 -0.0449745 0.960996 9.85483 -0.00939686 0.998734 0.0494089 0.510413 -0.962002 -0.022513 0.27211 6.51932
0.263569 -0.0461225 0.963537 10.5634 -0.0103184 0.998664 0.0506265 0.531048 -0.964585 -0.0232857 0.262741 6.72207
0.253437 -0.0478225 0.966169 11.3049 -0.0101893 0.99859 0.0521 0.568238 -0.967298 -0.0230486 0.252592 6.91409
0.243599 -0.0486442 0.968655 12.057 -0.010813 0.998543 0.0528644 0.595089 -0.969816 -0.0233518 0.242718 7.1064
0.233862 -0.051107 0.970926 12.8491 -0.011392 0.998405 0.0552974 0.634641 -0.972203 -0.0239927 0.232906 7.28954
0.22308 -0.0537682 0.973316 13.6363 -0.0131363 0.998221 0.0581548 0.672962 -0.974712 -0.0257589 0.221977 7.48337
0.210753 -0.0574191 0.975851 14.4213 -0.0137531 0.998 0.0616926 0.719051 -0.977443 -0.0264229 0.209542 7.65998
0.199147 -0.0591956 0.97818 15.2283 -0.0143042 0.997892 0.0633007 0.755288 -0.979865 -0.0265982 0.19788 7.8145
0.185447 -0.060069 0.980816 16.0417 -0.0153997 0.997829 0.0640226 0.796756 -0.982533 -0.0269771 0.18412 7.96187
0.171656 -0.0591734 0.983378 16.8404 -0.0169297 0.99787 0.0630006 0.847193 -0.985011 -0.0274628 0.170289 8.09851
0.154976 -0.0583896 0.986191 17.664 -0.0182945 0.997911 0.0619584 0.897063 -0.987749 -0.0276439 0.153584 8.21759
0.1343 -0.0571283 0.989292 18.4786 -0.0209955 0.997948 0.0604784 0.946768 -0.990718 -0.028893 0.132826 8.33246
0.109267 -0.0555454 0.992459 19.3089 -0.0255439 0.997951 0.0586651 0.995659 -0.993684 -0.0317614 0.107624 8.43188
0.0791567 -0.0563814 0.995266 20.1287 -0.0285095 0.997863 0.058796 1.04516 -0.996454 -0.0330286 0.0773801 8.49858
0.044913 -0.0560119 0.997419 20.9781 -0.0318237 0.99784 0.0574685 1.09265 -0.998484 -0.0343226 0.0430335 8.54919
0.0114866 -0.0564736 0.998338 21.8275 -0.0334447 0.997823 0.0568293 1.12893 -0.999375 -0.0340419 0.00957289 8.55642
-0.0230895 -0.0565503 0.998133 22.6928 -0.034963 0.997834 0.0557246 1.1783 -0.999122 -0.033611 -0.0250166 8.53104
-0.0542229 -0.0553721 0.996992 23.512 -0.0378497 0.997858 0.0533617 1.20597 -0.997811 -0.0348424 -0.0562026 8.48673
-0.0864659 -0.0524263 0.994874 24.3592 -0.040352 0.997979 0.0490828 1.25886 -0.995437 -0.0359011 -0.0884067 8.41283
-0.120067 -0.0498921 0.991511 25.1975 -0.0385263 0.998218 0.0455642 1.27473 -0.992018 -0.0327285 -0.121775 8.33502
-0.151121 -0.0460073 0.987444 26.0399 -0.0345563 0.998551 0.0412362 1.30709 -0.987911 -0.0278907 -0.152492 8.2014
-0.182713 -0.0427623 0.982236 26.8867 -0.0303158 0.998823 0.0378452 1.3251 -0.982699 -0.0228624 -0.183794 8.02906
-0.210356 -0.0377467 0.976896 27.725 -0.0253976 0.999128 0.0331369 1.34516 -0.977295 -0.0178402 -0.211131 7.85623
-0.23851 -0.032778 0.970587 28.5504 -0.0177978 0.99941 0.0293777 1.37495 -0.970977 -0.0102675 -0.238952 7.62943
-0.266451 -0.0244618 0.963538 29.3771 -0.0122797 0.999683 0.0219837 1.38205 -0.96377 -0.00597441 -0.266667 7.39949
-0.290919 -0.0116171 0.956677 30.168 -0.0102145 0.999907 0.00903592 1.38383 -0.956693 -0.00714329 -0.291011 7.13744
-0.314241 0.00436005 0.949333 30.9603 -0.00983503 0.999921 -0.0078479 1.37015 -0.949292 -0.0118028 -0.314173 6.88733
-0.341554 0.018363 0.939683 31.7317 -0.0105813 0.999671 -0.0233813 1.35604 -0.939803 -0.017929 -0.341247 6.595
-0.365555 0.0276936 0.930378 32.5142 -0.00751204 0.999437 -0.0327008 1.32888 -0.93076 -0.018943 -0.365141 6.28893
-0.390502 0.0313497 0.920068 33.2999 -0.00400055 0.999353 -0.0357491 1.28154 -0.920594 -0.0176409 -0.390124 5.95628
-0.412279 0.0298685 0.910568 34.0642 -0.00185138 0.999433 -0.0336217 1.25079 -0.911056 -0.0155473 -0.41199 5.61263
-0.432622 0.0255445 0.901213 34.8382 0.00105419 0.999612 -0.0278275 1.21871 -0.901575 -0.0110887 -0.432482 5.24606
-0.451478 0.0236504 0.891969 35.5941 0.0081201 0.999716 -0.0223973 1.17978 -0.892246 -0.00286899 -0.451542 4.85976
-0.463961 0.024293 0.885522 36.3183 0.010773 0.999705 -0.021781 1.14205 -0.885791 -0.000565824 -0.464086 4.48562
-0.475242 0.0255781 0.879483 37.0272 0.0127305 0.999673 -0.0221945 1.13208 -0.879763 0.000648489 -0.475413 4.0937
-0.485465 0.0276877 0.873817 37.7165 0.0137922 0.999617 -0.0240113 1.11339 -0.874147 0.00039521 -0.485661 3.71056
-0.495246 0.0263661 0.868353 38.4046 0.00801915 0.999636 -0.0257787 1.09498 -0.868716 -0.00580334 -0.495277 3.32711
-0.507393 0.0247057 0.86136 39.1092 0.00719969 0.999676 -0.0244319 1.08204 -0.861685 -0.00619503 -0.507406 2.91908
-0.514824 0.0259932 0.856902 39.8181 0.00879172 0.999648 -0.0250412 1.04722 -0.857251 -0.00535816 -0.514871 2.51259
-0.522298 0.0280326 0.852302 40.5157 0.0111601 0.999599 -0.0260382 1.01279 -0.85269 -0.00408794 -0.522401 2.07203
-0.527404 0.0301209 0.84908 41.2214 0.0118522 0.999535 -0.0280963 1.00282 -0.849532 -0.00475458 -0.527516 1.62852
-0.525557 0.030952 0.850195 41.9447 0.0111469 0.999503 -0.0294971 0.980873 -0.850686 -0.00602536 -0.525641 1.18866
-0.522307 0.0307127 0.852204 42.6916 0.0128158 0.999521 -0.0281672 0.966142 -0.852661 -0.00379024 -0.522451 0.731429
-0.516986 0.029622 0.855481 43.4619 0.0119485 0.999553 -0.0273899 0.946164 -0.855911 -0.0039385 -0.517109 0.273687
-0.508953 0.0287076 0.860315 44.2567 0.00997322 0.999573 -0.0274544 0.910662 -0.860737 -0.00539286 -0.509022 -0.187777
-0.501888 0.0279747 0.86448 45.0594 0.00841806 0.999587 -0.0274595 0.864662 -0.864892 -0.00650433 -0.501916 -0.649518
-0.495143 0.0267579 0.868399 45.901 0.00627927 0.99961 -0.0272206 0.833309 -0.868789 -0.00802515 -0.495118 -1.1148
-0.489563 0.0248363 0.871614 46.7762 0.00314625 0.999638 -0.0267171 0.795754 -0.871962 -0.0103374 -0.489464 -1.5657
-0.488511 0.0214928 0.872293 47.6712 -0.00164056 0.999672 -0.0255501 0.764266 -0.872557 -0.0139125 -0.488315 -2.04105
-0.488296 0.019435 0.872462 48.569 -0.00412035 0.999689 -0.0245752 0.722044 -0.872669 -0.0155948 -0.488064 -2.52868
-0.489493 0.0177659 0.871826 49.4596 -0.00530534 0.999713 -0.0233507 0.705634 -0.871992 -0.0160554 -0.489258 -3.03317
-0.491328 0.0169377 0.87081 50.3515 -0.00559761 0.999729 -0.0226035 0.678011 -0.870957 -0.0159802 -0.4911 -3.54268
-0.491156 0.0162671 0.87092 51.2491 -0.00590671 0.99974 -0.0220043 0.643938 -0.871052 -0.0159518 -0.490932 -4.05861
-0.491499 0.0157474 0.870736 52.167 -0.00595722 0.999752 -0.0214434 0.610477 -0.870858 -0.0157266 -0.491284 -4.56625
-0.492911 0.01424 0.869963 53.0592 -0.00670216 0.999774 -0.0201622 0.600535 -0.870054 -0.0157688 -0.492704 -5.1028
-0.493013 0.0133775 0.869919 53.9601 -0.00815004 0.999767 -0.0199932 0.566503 -0.869984 -0.0169468 -0.492789 -5.67196
-0.494357 0.0131292 0.869159 54.7916 -0.00807345 0.999773 -0.0196942 0.526378 -0.869222 -0.0167531 -0.494139 -6.1883
-0.493652 0.0120598 0.869576 55.64 -0.00949696 0.999769 -0.0192568 0.517348 -0.869608 -0.0177645 -0.493424 -6.66864
-0.492987 0.0106823 0.869971 56.48 -0.0102586 0.999784 -0.0180895 0.473501 -0.869976 -0.0178426 -0.492771 -7.16138
-0.492149 0.00871827 0.870467 57.2779 -0.0108208 0.999811 -0.0161316 0.468772 -0.870444 -0.0173583 -0.491961 -7.62281
-0.489013 0.00758725 0.872243 58.134 -0.0120699 0.999807 -0.0154637 0.449087 -0.872193 -0.0180899 -0.488827 -8.07409
-0.487351 0.0072639 0.873176 58.9764 -0.0120858 0.999813 -0.0150629 0.420776 -0.873123 -0.017894 -0.487172 -8.51531
-0.485997 0.00829078 0.873921 59.8301 -0.0111288 0.999815 -0.015674 0.413268 -0.87389 -0.0173432 -0.485815 -8.99503
-0.485262 0.00886474 0.874324 60.6449 -0.0106394 0.999815 -0.0160421 0.426361 -0.874304 -0.0170869 -0.485078 -9.45284
-0.47488 0.00577547 0.880031 61.4162 -0.0233145 0.999545 -0.0191407 0.453696 -0.879742 -0.0296071 -0.474529 -9.89358
-0.477254 0.00707308 0.878737 62.3041 -0.0245382 0.99947 -0.0213719 0.428627 -0.878423 -0.0317625 -0.476828 -10.3603
-0.4816 0.00655365 0.876366 63.164 -0.0262193 0.999417 -0.0218824 0.404663 -0.875999 -0.0335163 -0.481147 -10.8305
-0.487748 0.00544759 0.872967 64.0274 -0.0258151 0.999453 -0.0206604 0.373636 -0.872603 -0.0326128 -0.48734 -11.2921
-0.493388 0.00190715 0.869807 64.9347 -0.0256545 0.999531 -0.0167438 0.349275 -0.869431 -0.0305757 -0.493107 -11.79
-0.499283 -3.6526e-05 0.866439 65.774 -0.0276897 0.99949 -0.015914 0.324771 -0.865997 -0.031937 -0.499029 -12.2659
-0.504195 0.00197385 0.863587 66.654 -0.0257295 0.999519 -0.0173064 0.29266 -0.863207 -0.0309455 -0.503902 -12.7682
-0.509615 0.0028251 0.860397 67.5173 -0.0250462 0.999522 -0.0181168 0.247998 -0.860038 -0.0307823 -0.509301 -13.2751
-0.515691 0.00300341 0.856769 68.3588 -0.0260733 0.999476 -0.0191972 0.199841 -0.856378 -0.0322386 -0.515342 -13.7672
-0.518781 0.00289774 0.854902 69.1895 -0.0267746 0.999449 -0.0196353 0.159316 -0.854488 -0.0330761 -0.518417 -14.2312
-0.522176 0.00186285 0.852835 69.9857 -0.0266383 0.999474 -0.0184933 0.121703 -0.852422 -0.0323748 -0.521852 -14.6991
-0.525834 -0.00398251 0.850578 70.8055 -0.0252689 0.999621 -0.0109411 0.0918777 -0.850212 -0.0272463 -0.525735 -15.1959
-0.527204 -0.0110853 0.849666 71.6482 -0.0244716 0.999698 -0.00214151 0.0827626 -0.849387 -0.0219217 -0.527316 -15.7018
-0.529874 -0.0129144 0.847978 72.484 -0.0228025 0.999739 0.00097715 0.0682586 -0.84777 -0.0188182 -0.530031 -16.2
-0.530598 -0.0097965 0.847567 73.3211 -0.0233173 0.999723 -0.00304203 0.0423027 -0.847303 -0.0213771 -0.53068 -16.7223
-0.531655 -0.00532277 0.846944 74.1405 -0.0232463 0.999695 -0.00830974 0.0163155 -0.846642 -0.0241063 -0.531617 -17.2397
-0.532945 -0.000714266 0.846149 74.9318 -0.0181288 0.99978 -0.0105744 0.00539607 -0.845956 -0.0209752 -0.532841 -17.7617
-0.531806 0.000225632 0.846866 75.7213 -0.0154509 0.999831 -0.00996906 -0.0493724 -0.846725 -0.0183864 -0.531713 -18.3078
-0.531319 -0.00198914 0.847169 76.5065 -0.0152462 0.999858 -0.00721429 -0.0748298 -0.847035 -0.0167492 -0.531274 -18.8483
-0.531818 -0.00650927 0.846834 77.2636 -0.0169054 0.999853 -0.00293122 -0.0875332 -0.84669 -0.0158749 -0.53185 -19.3808
-0.530358 -0.0126113 0.84768 78.0611 -0.0198488 0.9998 0.00245587 -0.104907 -0.847541 -0.0155229 -0.530502 -19.9027
-0.531225 -0.0187391 0.847023 78.8438 -0.0277097 0.999605 0.00473619 -0.118027 -0.846777 -0.0209547 -0.531535 -20.4146
-0.528515 -0.0221217 0.848636 79.6614 -0.0343421 0.999399 0.00466407 -0.122829 -0.848229 -0.0266789 -0.528957 -20.9224
-0.525292 -0.0213369 0.850654 80.472 -0.031265 0.999495 0.00576365 -0.144536 -0.850347 -0.0235682 -0.525694 -21.4428
-0.523848 -0.018149 0.851618 81.2653 -0.0266348 0.999633 0.00491975 -0.16612 -0.851395 -0.0201055 -0.524139 -21.9443
-0.517896 -0.0166215 0.855282 82.0698 -0.0248041 0.999683 0.00440829 -0.169322 -0.855084 -0.0189315 -0.518144 -22.431
-0.511132 -0.0149356 0.859372 82.864 -0.0199201 0.999786 0.00552805 -0.183117 -0.859271 -0.0142932 -0.51132 -22.9189
-0.503872 -0.0134801 0.863673 83.6538 -0.014259 0.999872 0.00728709 -0.193059 -0.86366 -0.00864339 -0.504 -23.4238
-0.491231 -0.0145116 0.870908 84.49 -0.0163538 0.999839 0.00743563 -0.195366 -0.870876 -0.0105901 -0.491389 -23.8867
-0.481541 -0.017663 0.876245 85.2855 -0.0191058 0.999771 0.00965337 -0.204842 -0.876215 -0.0120929 -0.481769 -24.3322
-0.468761 -0.0199669 0.883099 86.1175 -0.0178679 0.999754 0.0131199 -0.218263 -0.883144 -0.00962907 -0.469003 -24.7516
-0.45719 -0.0216438 0.889105 86.96 -0.0201912 0.999699 0.0139534 -0.242016 -0.88914 -0.0115728 -0.457489 -25.1709
-0.445467 -0.0228393 0.895007 87.798 -0.020304 0.999675 0.0154045 -0.239103 -0.895068 -0.01131 -0.445786 -25.5703
-0.432753 -0.0218673 0.901247 88.6492 -0.017181 0.999724 0.0160068 -0.237474 -0.901349 -0.00855734 -0.43301 -25.9712
-0.419205 -0.0187969 0.907697 89.5053 -0.016939 0.999774 0.0128807 -0.215274 -0.907734 -0.00997583 -0.419428 -26.3497
-0.409424 -0.0124559 0.912259 90.3495 -0.0169391 0.999838 0.00604934 -0.221656 -0.912187 -0.0129761 -0.409569 -26.7201
-0.395616 -0.00873887 0.918374 91.2054 -0.0179937 0.999837 0.00176273 -0.224729 -0.91824 -0.0158276 -0.395709 -27.0683
-0.384144 -0.0122051 0.923192 92.0764 -0.0203443 0.999782 0.00475236 -0.22994 -0.923049 -0.0169561 -0.384309 -27.4184
-0.371491 -0.0154458 0.928308 92.9533 -0.0211288 0.999744 0.00817901 -0.24202 -0.928196 -0.0165756 -0.371722 -27.7362
-0.361703 -0.0154249 0.932165 93.8158 -0.0241609 0.999683 0.00716707 -0.229808 -0.93198 -0.0199297 -0.361961 -28.051
-0.355925 -0.0132864 0.93442 94.6504 -0.030287 0.999538 0.0026759 -0.197499 -0.934024 -0.0273483 -0.356163 -28.3697
-0.350617 -0.0103184 0.936462 95.4887 -0.0346091 0.999399 -0.00194594 -0.188436 -0.935879 -0.0330924 -0.350763 -28.6691
-0.347546 -0.008507 0.937624 96.3675 -0.03771 0.999277 -0.00491149 -0.216304 -0.936904 -0.0370648 -0.347616 -28.9995
-0.34627 -0.00940486 0.938087 97.2187 -0.0399176 0.999192 -0.00471708 -0.235681 -0.937285 -0.0390796 -0.346366 -29.3223
-0.343086 -0.00905292 0.93926 98.0693 -0.0392691 0.999218 -0.00471314 -0.250695 -0.938483 -0.0385009 -0.343173 -29.6735
-0.338679 -0.0115726 0.94083 98.9193 -0.0388508 0.999244 -0.00169435 -0.241059 -0.940099 -0.0371258 -0.338873 -29.9849
-0.332868 -0.0149379 0.942854 99.7398 -0.0402875 0.999187 0.00160711 -0.278433 -0.942112 -0.0374503 -0.3332 -30.2875
-0.32583 -0.0184411 0.945248 100.56 -0.0436 0.999039 0.00446147 -0.323651 -0.944422 -0.0397592 -0.326321 -30.6079
-0.321003 -0.0187996 0.946891 101.381 -0.0485412 0.998816 0.00337467 -0.352282 -0.945833 -0.04488 -0.321536 -30.906
-0.31172 -0.0143943 0.950065 102.21 -0.0536564 0.998557 -0.00247591 -0.378613 -0.948658 -0.0517488 -0.312042 -31.2011
-0.303304 -0.0106503 0.952834 103.083 -0.0536903 0.99854 -0.00592939 -0.410799 -0.95138 -0.0529564 -0.303433 -31.4776
-0.296328 -0.00886397 0.955045 103.923 -0.0540658 0.998509 -0.00750798 -0.457084 -0.953555 -0.0538601 -0.296365 -31.7886
-0.289089 -0.00957197 0.957254 104.795 -0.0541821 0.998511 -0.00637838 -0.460328 -0.955768 -0.05371 -0.289177 -32.0936
-0.283213 -0.0115976 0.958987 105.646 -0.0479082 0.99885 -0.00206883 -0.451236 -0.95786 -0.0465293 -0.283443 -32.355
-0.276536 -0.012825 0.960917 106.517 -0.0463332 0.998926 -1.68084e-06 -0.45025 -0.959886 -0.0445229 -0.276834 -32.6253
-0.270453 -0.00980802 0.962683 107.387 -0.0459041 0.998943 -0.00271874 -0.445603 -0.961638 -0.0449264 -0.270618 -32.8788
-0.265444 -0.00777263 0.964094 108.254 -0.0478202 0.998843 -0.0051136 -0.461223 -0.96294 -0.0474606 -0.265509 -33.1073
-0.259686 -0.00794225 0.96566 109.121 -0.047377 0.998867 -0.00452531 -0.491597 -0.96453 -0.0469253 -0.259768 -33.3299
-0.256513 -0.00867336 0.966501 109.959 -0.0470387 0.998887 -0.00352026 -0.520314 -0.965395 -0.046366 -0.256636 -33.5454
-0.25115 -0.0106207 0.967889 110.801 -0.0415991 0.999135 0.000169337 -0.559414 -0.967054 -0.0402209 -0.251375 -33.7515
-0.245478 -0.00985248 0.969352 111.654 -0.0383572 0.999264 0.000442944 -0.586401 -0.968643 -0.0370729 -0.245675 -33.9654
-0.240101 -0.00832222 0.970712 112.512 -0.0355872 0.999367 -0.000234448 -0.587616 -0.970095 -0.0346012 -0.240245 -34.1807
-0.236983 -0.00915444 0.97147 113.385 -0.0414187 0.999142 -0.000688627 -0.588264 -0.97063 -0.0404003 -0.237159 -34.3535
-0.232883 -0.00847415 0.972467 114.239 -0.0442247 0.99902 -0.0018853 -0.604456 -0.971498 -0.0434462 -0.23303 -34.5323
-0.229159 -0.00713347 0.973362 115.092 -0.0386039 0.999253 -0.00176531 -0.618341 -0.972623 -0.0379801 -0.229263 -34.7269
-0.2261 -0.00730036 0.974076 115.938 -0.0426312 0.999088 -0.00240761 -0.651376 -0.973171 -0.0420704 -0.226205 -34.9163
-0.221951 -0.00792308 0.975025 116.816 -0.0449592 0.998987 -0.00211655 -0.67879 -0.974021 -0.0443062 -0.222082 -35.1114
-0.218827 -0.0114171 0.975696 117.654 -0.0459718 0.998942 0.00137858 -0.712519 -0.97468 -0.0445529 -0.21912 -35.2926
-0.215279 -0.0140381 0.976451 118.535 -0.0434255 0.999046 0.00478881 -0.739471 -0.975586 -0.041372 -0.215683 -35.4674
-0.212242 -0.0141936 0.977113 119.422 -0.0375042 0.999277 0.00636914 -0.756115 -0.976497 -0.0352941 -0.212621 -35.6526
-0.207705 -0.0126554 0.978109 120.296 -0.0404792 0.999171 0.00433203 -0.744593 -0.977354 -0.0386934 -0.208045 -35.8117
-0.203336 -0.0121314 0.979033 121.161 -0.0440488 0.999025 0.00323059 -0.751841 -0.978118 -0.0424684 -0.203672 -35.9983
-0.201619 -0.0115708 0.979395 122.015 -0.0446028 0.999002 0.00262041 -0.749154 -0.978448 -0.0431555 -0.201934 -36.2024
-0.198205 -0.011842 0.980088 122.863 -0.0452872 0.99897 0.0029116 -0.755202 -0.979114 -0.0438084 -0.198538 -36.3957
-0.197829 -0.0158773 0.980107 123.714 -0.0462651 0.998906 0.00684347 -0.765473 -0.979144 -0.0439909 -0.198347 -36.5876
-0.195789 -0.0218365 0.980402 124.594 -0.0496877 0.998689 0.012321 -0.758191 -0.979386 -0.0463017 -0.196617 -36.7671
-0.199783 -0.0241104 0.979543 125.471 -0.0480955 0.998734 0.0147734 -0.747182 -0.978659 -0.0441601 -0.20069 -36.9236
-0.199639 -0.0196247 0.979672 126.347 -0.0492189 0.998738 0.00997675 -0.758704 -0.978633 -0.0462267 -0.200353 -37.0872
-0.200267 -0.0179991 0.979575 127.226 -0.0499851 0.998717 0.00813168 -0.750872 -0.978465 -0.0473357 -0.20091 -37.2385
-0.202946 -0.0151537 0.979072 128.096 -0.050718 0.998701 0.00494449 -0.764083 -0.977875 -0.0486532 -0.203451 -37.409
-0.202075 -0.0163456 0.979233 128.959 -0.0527721 0.99859 0.00577862 -0.755171 -0.977947 -0.0505085 -0.202653 -37.5703
-0.199922 -0.0162418 0.979677 129.82 -0.0499004 0.998734 0.00637458 -0.768539 -0.97854 -0.0476119 -0.200479 -37.7216
-0.201792 -0.0147196 0.979317 130.652 -0.0533475 0.998568 0.00401649 -0.780177 -0.977974 -0.0514336 -0.202289 -37.8781
-0.201174 -0.0115015 0.979487 131.487 -0.0575417 0.998343 -9.54497e-05 -0.785401 -0.977864 -0.0563807 -0.201503 -38.0118
-0.199646 -0.0126439 0.979786 132.328 -0.0611755 0.998127 0.00041522 -0.776709 -0.977957 -0.0598561 -0.200045 -38.1354
-0.19916 -0.0124853 0.979887 133.16 -0.0635211 0.997981 -0.000194695 -0.804191 -0.977906 -0.0622823 -0.199551 -38.275
-0.197815 -0.00928142 0.980195 133.99 -0.0592329 0.998241 -0.00250165 -0.810353 -0.978448 -0.0585547 -0.198018 -38.421
-0.196865 -0.00617999 0.980411 134.839 -0.0598977 0.998188 -0.00573531 -0.815033 -0.978599 -0.0598534 -0.196878 -38.5561
-0.193415 -0.00767065 0.981086 135.667 -0.0558516 0.998434 -0.00320451 -0.833388 -0.979526 -0.0554151 -0.193541 -38.6889
-0.190467 -0.0102506 0.98164 136.507 -0.0515898 0.998669 0.000418461 -0.858901 -0.980337 -0.0505629 -0.190742 -38.8321
-0.190265 -0.0138824 0.981634 137.335 -0.0475776 0.998856 0.00490416 -0.876388 -0.980579 -0.0457707 -0.190708 -38.9911
-0.187877 -0.0100118 0.982141 138.164 -0.0470218 0.998893 0.00118755 -0.896945 -0.981066 -0.045959 -0.18814 -39.1481
-0.185383 -0.00758007 0.982636 138.976 -0.049583 0.998769 -0.00164979 -0.925068 -0.981414 -0.0490279 -0.185531 -39.3089
-0.182033 -0.00362212 0.983285 139.774 -0.0537473 0.998535 -0.0062718 -0.952314 -0.981822 -0.0539906 -0.181961 -39.4632
-0.174735 -0.00433461 0.984605 140.575 -0.064905 0.997866 -0.00712555 -0.985908 -0.982474 -0.065151 -0.174644 -39.6057
-0.166665 -0.00336368 0.986007 141.364 -0.0528119 0.99859 -0.00552025 -1.02202 -0.984598 -0.052993 -0.166608 -39.7476
-0.155704 -0.00546547 0.987788 142.166 -0.0521607 0.998635 -0.00269655 -1.05295 -0.986425 -0.0519436 -0.155776 -39.8784
-0.142516 -0.00353753 0.989785 142.957 -0.0494765 0.998769 -0.00355435 -1.0834 -0.988555 -0.0494777 -0.142516 -39.9971
-0.129387 -0.00227964 0.991591 143.748 -0.0511697 0.998681 -0.00438091 -1.11261 -0.990273 -0.0513063 -0.129333 -40.1075
-0.116814 -0.00201735 0.993151 144.54 -0.0553524 0.998457 -0.00448241 -1.14568 -0.99161 -0.0554969 -0.116745 -40.2082
-0.10395 -0.000135316 0.994582 145.324 -0.0584435 0.998273 -0.00597248 -1.17402 -0.992864 -0.0587477 -0.103778 -40.297
-0.0921903 0.00419854 0.995732 146.107 -0.0661725 0.997755 -0.0103337 -1.20744 -0.99354 -0.0668428 -0.0917057 -40.372
-0.0808475 0.013622 0.996633 146.884 -0.0751828 0.996975 -0.0197256 -1.24768 -0.993887 -0.0765244 -0.079579 -40.4412
-0.0691994 0.0181642 0.997437 147.654 -0.0865009 0.99596 -0.0241385 -1.28632 -0.993845 -0.0879496 -0.0673487 -40.4872
-0.0567707 0.0199289 0.998188 148.423 -0.0819049 0.996338 -0.0245503 -1.31937 -0.995022 -0.0831503 -0.0549306 -40.5289
-0.0463979 0.016396 0.998788 149.187 -0.0729782 0.997138 -0.0197591 -1.33988 -0.996253 -0.0738066 -0.0450687 -40.5673
-0.0367335 0.0147473 0.999216 149.939 -0.0685848 0.997497 -0.0172433 -1.35873 -0.996969 -0.0691644 -0.0356302 -40.5932
-0.0290149 0.0185957 0.999405 150.683 -0.0736013 0.997074 -0.0206891 -1.37908 -0.996865 -0.0741578 -0.0275615 -40.6058
-0.0231084 0.0236401 0.999453 151.419 -0.0587904 0.997959 -0.024964 -1.40149 -0.998003 -0.0593352 -0.0216715 -40.6133
-0.0177366 0.0256645 0.999513 152.151 -0.0587665 0.997916 -0.0266664 -1.42381 -0.998114 -0.0592109 -0.0161915 -40.6154
-0.0162293 0.0220104 0.999625 152.894 -0.0652969 0.997601 -0.023026 -1.44896 -0.997734 -0.0656462 -0.0147533 -40.6135
-0.0163582 0.0187112 0.99969 153.635 -0.0663772 0.997599 -0.0197582 -1.47141 -0.99766 -0.06668 -0.0150771 -40.6062
-0.0195072 0.0170906 0.999663 154.378 -0.0709482 0.99731 -0.0184349 -1.49501 -0.997289 -0.0712839 -0.0182423 -40.607
-0.0229075 0.0173432 0.999587 155.123 -0.0618683 0.997909 -0.018732 -1.51497 -0.997821 -0.0622719 -0.0217868 -40.6173
-0.0281331 0.0164136 0.999469 155.878 -0.0616598 0.997933 -0.0181241 -1.53929 -0.9977 -0.062137 -0.027063 -40.6342
-0.0324418 0.0161406 0.999343 156.636 -0.0588605 0.998104 -0.0180314 -1.55698 -0.997739 -0.0594068 -0.0314304 -40.6564
-0.0367297 0.0156115 0.999203 157.4 -0.0635158 0.99782 -0.0179247 -1.58078 -0.997304 -0.0641236 -0.0356582 -40.669
-0.04255 0.012985 0.999009 158.177 -0.0608429 0.998026 -0.0155637 -1.60125 -0.99724 -0.0614449 -0.0416762 -40.6893
-0.0475634 0.0136827 0.998774 158.959 -0.0591948 0.998111 -0.0164926 -1.61619 -0.997112 -0.0599067 -0.0466637 -40.7224
-0.0514213 0.0130632 0.998591 159.747 -0.0646355 0.997775 -0.0163809 -1.64111 -0.996583 -0.0653868 -0.0504626 -40.7574
-0.0562707 0.0122082 0.99834 160.531 -0.0398691 0.999101 -0.0144647 -1.65568 -0.997619 -0.0406169 -0.0557336 -40.8021
-0.0610852 0.0142065 0.998031 161.302 -0.0306723 0.9994 -0.0161033 -1.67795 -0.997661 -0.0315956 -0.060613 -40.8585
-0.0641918 0.0148887 0.997826 162.062 -0.0267255 0.999505 -0.0166331 -1.6893 -0.997579 -0.0277352 -0.0637623 -40.9185
-0.0649315 0.0147719 0.99778 162.807 -0.00807048 0.99985 -0.0153278 -1.68941 -0.997857 -0.0090479 -0.0648027 -40.9917
-0.0645758 0.0140597 0.997813 163.548 -0.0104476 0.999837 -0.0147644 -1.70342 -0.997858 -0.0113782 -0.0644185 -41.0606
-0.0608334 0.0112376 0.998084 164.291 -0.0122575 0.999853 -0.0120047 -1.7206 -0.998072 -0.0129643 -0.0606868 -41.1213
-0.0525968 0.0115839 0.998548 165.039 -0.00583514 0.999912 -0.0119071 -1.73744 -0.998598 -0.00645303 -0.0525247 -41.174
-0.0413405 0.0115495 0.999078 165.798 0.0057872 0.99992 -0.0113198 -1.74773 -0.999128 0.00531381 -0.0414041 -41.2161
-0.0269128 0.0119469 0.999566 166.552 0.00557125 0.999915 -0.0118011 -1.75767 -0.999622 0.00525115 -0.0269772 -41.2472
-0.0108571 0.00979914 0.999893 167.294 0.0148597 0.999844 -0.00963734 -1.75046 -0.99983 0.0147534 -0.0110011 -41.277
0.00490912 0.00568138 0.999971 167.994 0.0181092 0.99982 -0.00576945 -1.75503 -0.999824 0.0181369 0.00480518 -41.2654
0.0223694 0.00149935 0.999748 168.697 0.0268234 0.999638 -0.00209939 -1.75922 -0.999389 0.0268636 0.0223209 -41.2435
0.0390503 -0.00392837 0.999229 169.401 0.0189213 0.999816 0.0031912 -1.76547 -0.999058 0.018782 0.0391173 -41.2111
0.0553206 -0.0106349 0.998412 170.104 0.0233175 0.999685 0.00935643 -1.7682 -0.998196 0.0227628 0.055551 -41.1704
0.072007 -0.0167836 0.997262 170.795 0.0207469 0.999668 0.0153261 -1.77529 -0.997188 0.0195864 0.0723311 -41.1213
0.0889649 -0.0186748 0.995859 171.483 0.0203284 0.99965 0.0169298 -1.78146 -0.995827 0.018738 0.0893132 -41.0575
0.10662 -0.0191701 0.994115 172.158 0.0157227 0.999722 0.0175919 -1.78474 -0.994175 0.0137545 0.106891 -40.9777
0.123098 -0.0196329 0.9922 172.815 0.0148018 0.99973 0.0179455 -1.79366 -0.992284 0.0124772 0.123355 -40.8849
0.138444 -0.0198013 0.990172 173.462 0.00498014 0.999802 0.0192975 -1.79839 -0.990357 0.00225949 0.138515 -40.7787
0.151098 -0.0221511 0.98827 174.099 0.00470991 0.999754 0.0216884 -1.80182 -0.988507 0.0013775 0.151165 -40.6625
0.162722 -0.0255766 0.98634 174.732 0.00492195 0.999673 0.0251103 -1.80548 -0.986659 0.000768642 0.162795 -40.5491
0.17212 -0.0263721 0.984722 175.373 0.00277522 0.999651 0.0262868 -1.80238 -0.985072 -0.00179173 0.172133 -40.4229
0.181583 -0.0227461 0.983112 175.999 -0.00430168 0.999705 0.0239245 -1.79882 -0.983366 -0.00857338 0.181431 -40.2788
0.190064 -0.0167195 0.981629 176.615 -0.00977294 0.999774 0.0189207 -1.80977 -0.981723 -0.0131896 0.189857 -40.132
0.198836 -0.00798058 0.98 177.222 -0.00810925 0.99992 0.00978807 -1.80883 -0.979999 -0.00989335 0.198755 -39.978
0.205514 -0.00297441 0.978649 177.814 0.00205927 0.999995 0.0026068 -1.81163 -0.978651 0.00147948 0.205519 -39.8365
0.211404 -0.00401904 0.97739 178.394 0.00701132 0.999973 0.00259535 -1.79892 -0.977373 0.00630404 0.211426 -39.7044
0.216414 -0.0113136 0.976236 178.963 0.0117517 0.999891 0.00898258 -1.79097 -0.97623 0.00952837 0.216523 -39.544
0.220172 -0.0194025 0.975268 179.51 0.00655909 0.99981 0.01841 -1.77024 -0.975439 0.00234343 0.220257 -39.4013
0.22071 -0.0273574 0.974955 180.052 0.00711941 0.999626 0.0264379 -1.79037 -0.975313 0.00110592 0.220822 -39.2362
0.220786 -0.0292974 0.974882 180.627 0.0119676 0.999556 0.0273285 -1.81786 -0.975248 0.0056332 0.221038 -39.0784
0.221048 -0.0279331 0.974862 181.22 0.0186802 0.999528 0.0244041 -1.83779 -0.975084 0.0128161 0.221465 -38.9254
0.221327 -0.0278494 0.974801 181.848 0.0240663 0.999444 0.0230892 -1.83865 -0.974902 0.0183495 0.221873 -38.7766
0.22165 -0.0312258 0.974626 182.463 0.0255799 0.99933 0.0261999 -1.83701 -0.97479 0.0191235 0.2223 -38.6011
0.224733 -0.0342419 0.973818 183.083 0.0246367 0.999263 0.029451 -1.83507 -0.974108 0.017373 0.22541 -38.4559
0.226817 -0.0387108 0.973167 183.73 0.0273204 0.99907 0.0333735 -1.8373 -0.973554 0.0190175 0.227663 -38.3047
0.230837 -0.0413313 0.972114 184.357 0.0299257 0.998927 0.0353652 -1.83829 -0.972532 0.0209275 0.231826 -38.1493
0.235987 -0.0429689 0.970805 184.993 0.0323853 0.998816 0.0363362 -1.83808 -0.971216 0.0228648 0.237099 -37.9935
0.244295 -0.0447335 0.968668 185.635 0.0351445 0.998688 0.0372565 -1.82094 -0.969063 0.0249417 0.245546 -37.8423
0.25267 -0.0461342 0.966451 186.293 0.0383967 0.998555 0.0376281 -1.80578 -0.96679 0.0276009 0.254076 -37.6936
0.264697 -0.0431142 0.963367 186.95 0.0374652 0.998706 0.0344017 -1.79184 -0.963603 0.0269867 0.265969 -37.5357
0.276635 -0.0393692 0.960168 187.591 0.0362643 0.998877 0.0305082 -1.76691 -0.96029 0.0263801 0.277752 -37.37
0.287945 -0.0356664 0.956982 188.237 0.0336338 0.999067 0.0271149 -1.74452 -0.957055 0.0243792 0.288876 -37.213
0.299913 -0.0350013 0.953324 188.893 0.0347396 0.999066 0.0257517 -1.71732 -0.953333 0.0253947 0.300848 -37.0091
0.311535 -0.0373547 0.9495 189.556 0.0348789 0.999004 0.0278583 -1.70664 -0.949594 0.0244386 0.312527 -36.8116
0.32241 -0.0385882 0.945813 190.207 0.0347361 0.998979 0.0289163 -1.69504 -0.945962 0.0235309 0.323421 -36.5859
0.334995 -0.0380383 0.941451 190.85 0.0326235 0.999055 0.0287573 -1.67894 -0.941654 0.0210798 0.335919 -36.352
0.344915 -0.0387012 0.937835 191.492 0.0298792 0.999097 0.0302403 -1.66077 -0.938158 0.0175914 0.345759 -36.088
0.353143 -0.0372462 0.934827 192.158 0.0247613 0.99923 0.0304582 -1.64903 -0.935241 0.0123914 0.353793 -35.845
0.357824 -0.0396984 0.932944 192.808 0.0244418 0.999153 0.0331411 -1.6335 -0.933469 0.0109441 0.35849 -35.5875
0.360519 -0.0419261 0.931808 193.466 0.0262646 0.99905 0.0347897 -1.61955 -0.932381 0.0119312 0.361277 -35.3605
0.361871 -0.0413504 0.93131 194.138 0.0298479 0.999018 0.0327589 -1.61132 -0.93175 0.015943 0.36275 -35.1243
0.361647 -0.0401722 0.931449 194.795 0.0305461 0.999046 0.0312276 -1.59096 -0.931814 0.0171587 0.362528 -34.872
0.36174 -0.0398997 0.931424 195.44 0.0331437 0.999003 0.0299225 -1.56324 -0.931689 0.0200466 0.362702 -34.6279
0.362266 -0.0420247 0.931126 196.122 0.0359921 0.99887 0.031079 -1.5533 -0.931379 0.0222543 0.363368 -34.3791
0.361441 -0.0467024 0.931224 196.785 0.0378939 0.998656 0.0353762 -1.52472 -0.931624 0.0225013 0.362724 -34.0972
0.361856 -0.0498233 0.930901 197.464 0.0383211 0.998523 0.0385464 -1.51368 -0.931445 0.0217248 0.36323 -33.8301
0.361745 -0.0518252 0.930835 198.114 0.0395313 0.998409 0.0402246 -1.49965 -0.931438 0.022246 0.363218 -33.5746
0.360731 -0.0528608 0.93117 198.775 0.0394896 0.998364 0.0413771 -1.48081 -0.931833 0.0218455 0.362227 -33.3008
0.360326 -0.0527295 0.931334 199.456 0.0381125 0.9984 0.0417811 -1.45913 -0.932047 0.0204406 0.361758 -33.0287
0.358906 -0.0512552 0.931965 200.131 0.0350933 0.998527 0.0414012 -1.42615 -0.932713 0.0178465 0.360175 -32.7588
0.358377 -0.0486407 0.932308 200.829 0.0362911 0.998614 0.0381498 -1.40791 -0.932871 0.0201624 0.359645 -32.5047
0.359218 -0.0428256 0.93227 201.483 0.0342653 0.998879 0.0326824 -1.37604 -0.932624 0.0202043 0.360282 -32.2619
0.358154 -0.0408747 0.932767 202.164 0.0327567 0.998977 0.0311985 -1.36101 -0.933087 0.0193804 0.359127 -32.002
0.357973 -0.0426328 0.932758 202.854 0.0318415 0.998934 0.0334374 -1.34668 -0.933188 0.0177306 0.358948 -31.7203
0.357847 -0.0457736 0.932657 203.549 0.0308738 0.998833 0.0371756 -1.33598 -0.933269 0.0154914 0.358842 -31.4367
0.355416 -0.0463291 0.933559 204.227 0.0288232 0.99884 0.0385954 -1.32885 -0.934263 0.0131907 0.356339 -31.1596
0.35135 -0.0462604 0.9351 204.927 0.0261834 0.998874 0.0395774 -1.32779 -0.935877 0.0105785 0.352165 -30.8825
0.344203 -0.0488661 0.937622 205.626 0.0260102 0.998758 0.0425039 -1.32141 -0.938534 0.00975768 0.345047 -30.6053
0.33675 -0.0473304 0.940403 206.326 0.0246006 0.998838 0.0414621 -1.30255 -0.941272 0.009172 0.337523 -30.3554
0.326608 -0.0457516 0.944051 207.037 0.0260612 0.998885 0.0393927 -1.29335 -0.9448 0.0117371 0.327435 -30.105
0.315394 -0.0436987 0.947954 207.733 0.0244218 0.998983 0.0379256 -1.28033 -0.948646 0.0111891 0.31614 -29.8806
0.304506 -0.0433609 0.951522 208.448 0.0230206 0.999007 0.0381577 -1.26955 -0.952231 0.0102853 0.305201 -29.6317
0.293543 -0.0493867 0.954669 209.184 0.0255039 0.998714 0.0438233 -1.26727 -0.955605 0.0114837 0.294425 -29.4038
0.284064 -0.0571642 0.957099 209.914 0.0276583 0.998295 0.0514157 -1.26321 -0.958405 0.0118663 0.285161 -29.2049
0.276608 -0.0597049 0.959126 210.619 0.0267876 0.99816 0.0544093 -1.2558 -0.960609 0.0106426 0.277698 -28.9805
0.271183 -0.0606788 0.960613 211.34 0.0219295 0.998142 0.0568587 -1.22318 -0.962277 0.00564664 0.272009 -28.7686
0.269414 -0.0610112 0.961089 212.076 0.0220296 0.998121 0.0571866 -1.20096 -0.962772 0.00576547 0.270251 -28.5191
0.267198 -0.06149 0.961677 212.809 0.0237584 0.99808 0.0572164 -1.19108 -0.963348 0.0075597 0.268145 -28.3355
0.265145 -0.0603255 0.962319 213.538 0.023076 0.998153 0.0562138 -1.17207 -0.963932 0.00730161 0.266047 -28.1186
0.265115 -0.0585944 0.962434 214.264 0.0201545 0.998271 0.0552243 -1.1344 -0.964005 0.00475648 0.265838 -27.8938
0.26523 -0.0592868 0.96236 215.009 0.01815 0.998239 0.0564949 -1.08741 -0.964014 0.00248269 0.265838 -27.673
0.266037 -0.059647 0.962115 215.728 0.0158886 0.99822 0.057492 -1.02731 -0.963831 -8.43324e-06 0.266511 -27.459
0.267624 -0.0602327 0.961638 216.477 0.0152717 0.998185 0.0582717 -0.97635 -0.963402 -0.000909115 0.268058 -27.2448
0.268502 -0.0614257 0.961318 217.223 0.017313 0.998112 0.0589411 -0.926141 -0.963123 0.000817441 0.269058 -27.0488
0.272115 -0.062151 0.960255 217.977 0.0188269 0.998066 0.0592631 -0.908775 -0.96208 0.00195217 0.272758 -26.8424
0.276305 -0.0629348 0.959007 218.73 0.016036 0.998017 0.0608746 -0.864323 -0.960936 -0.00144137 0.276766 -26.6435
0.280821 -0.0663198 0.957465 219.471 0.015748 0.997795 0.0644943 -0.821146 -0.95963 -0.00303325 0.281246 -26.4184
0.284936 -0.0703125 0.955963 220.246 0.0155907 0.997515 0.0687217 -0.773863 -0.958419 -0.00467721 0.285324 -26.2139
0.28876 -0.07087 0.954774 221.008 0.014676 0.997468 0.0696004 -0.758045 -0.957288 -0.00608565 0.289069 -25.9938
0.291926 -0.0678447 0.954031 221.764 0.0116769 0.99766 0.0673742 -0.73106 -0.956369 -0.00852817 0.292034 -25.7745
0.296207 -0.0619505 0.953112 222.52 0.00582081 0.997994 0.0630587 -0.71749 -0.955105 -0.0131306 0.295973 -25.5412
0.300276 -0.0600214 0.951961 223.273 0.00309148 0.998075 0.0619536 -0.667046 -0.953847 -0.0156603 0.299883 -25.2972
0.303166 -0.0609959 0.950983 224.042 0.00320396 0.99801 0.0629907 -0.633614 -0.952932 -0.0160498 0.302758 -25.0702
0.306797 -0.0598429 0.949891 224.806 0.00178801 0.998057 0.0622998 -0.594817 -0.951773 -0.017415 0.306307 -24.8419
0.310619 -0.0577198 0.94878 225.547 -0.000382419 0.998148 0.0608483 -0.551373 -0.950534 -0.0192635 0.310021 -24.5928
0.315119 -0.0581438 0.947269 226.318 0.00136368 0.998149 0.0608132 -0.499277 -0.94905 -0.0178717 0.314615 -24.3473
0.319551 -0.0577214 0.945809 227.092 0.00291659 0.998199 0.0599332 -0.458167 -0.947564 -0.0163932 0.319144 -24.088
0.324331 -0.0599273 0.944043 227.838 0.00832541 0.998134 0.0605007 -0.43272 -0.945906 -0.0117628 0.324224 -23.8238
0.329206 -0.0590607 0.942409 228.563 0.0080213 0.998182 0.0597539 -0.400682 -0.944223 -0.0121121 0.329081 -23.5567
0.332941 -0.0580851 0.941156 229.302 0.00895544 0.998251 0.0584408 -0.361306 -0.942904 -0.0110289 0.332878 -23.2878
0.337073 -0.0594205 0.939601 230.032 0.00987954 0.998175 0.0595806 -0.323716 -0.941426 -0.0108002 0.337044 -23.0034
0.343185 -0.0594635 0.937383 230.779 0.00794933 0.998143 0.0604075 -0.292007 -0.939233 -0.0132794 0.34302 -22.7123
0.346669 -0.0569195 0.936258 231.54 0.00982825 0.998323 0.0570536 -0.2694 -0.937935 -0.010577 0.346647 -22.4193
0.350428 -0.0517948 0.935156 232.292 0.0113892 0.998632 0.0510427 -0.245751 -0.93652 -0.00723622 0.350539 -22.1239
0.353511 -0.0487179 0.93416 233.035 0.012704 0.998801 0.0472814 -0.216811 -0.935343 -0.00484705 0.353706 -21.7904
0.35589 -0.0502757 0.933174 233.788 0.012797 0.998721 0.0489266 -0.176512 -0.934439 -0.00547076 0.356078 -21.4787
0.35937 -0.0589538 0.931331 234.543 0.0100482 0.99819 0.0593087 -0.148381 -0.93314 -0.0119556 0.359311 -21.1795
0.36175 -0.0705454 0.929601 235.296 0.0113666 0.997393 0.0712666 -0.110187 -0.932205 -0.0152144 0.361609 -20.8972
0.365277 -0.0768711 0.927719 236.022 0.0118671 0.996889 0.07793 -0.063062 -0.930822 -0.0174567 0.365053 -20.6152
0.368751 -0.079437 0.926127 236.765 0.0123858 0.996674 0.0805564 -0.0218629 -0.929445 -0.0182345 0.368508 -20.3252
0.371358 -0.0762251 0.925355 237.492 0.0134816 0.996963 0.0767133 0.0115915 -0.928391 -0.0160129 0.371258 -20.0242
0.375643 -0.0704408 0.924083 238.212 0.0136484 0.99742 0.0704829 0.0629238 -0.926663 -0.0138642 0.375635 -19.7297
0.380261 -0.0662377 0.922504 238.939 0.0123697 0.997708 0.0665386 0.0999734 -0.924796 -0.013891 0.380208 -19.4332
0.383872 -0.0632966 0.921214 239.663 0.0127354 0.997916 0.06326 0.116762 -0.923298 -0.0125518 0.383877 -19.1258
0.388339 -0.0612939 0.919475 240.419 0.0118364 0.998036 0.0615318 0.142091 -0.92144 -0.013012 0.388301 -18.798
0.392018 -0.0627066 0.917817 241.161 0.0134082 0.997958 0.062455 0.183204 -0.919859 -0.0121772 0.392058 -18.4696
0.395409 -0.0665846 0.916088 241.896 0.0162528 0.997721 0.0655028 0.23152 -0.918361 -0.0110114 0.395589 -18.1583
0.398856 -0.0720492 0.914178 242.645 0.0178202 0.99733 0.0708277 0.289274 -0.91684 -0.0119593 0.399074 -17.8286
0.400821 -0.0790076 0.912743 243.382 0.0233836 0.996833 0.0760179 0.335225 -0.915858 -0.00912636 0.401398 -17.5204
0.40306 -0.0848591 0.91123 244.132 0.0258998 0.996351 0.0813299 0.408756 -0.914807 -0.00918021 0.403786 -17.1791
0.405795 -0.0895933 0.909561 244.892 0.027912 0.995935 0.0856484 0.461185 -0.913537 -0.00936808 0.406646 -16.8341
0.406598 -0.090943 0.909069 245.605 0.0284739 0.995812 0.0868852 0.522409 -0.913163 -0.00944267 0.407484 -16.5316
0.409045 -0.0810853 0.908904 246.331 0.0228109 0.996642 0.0786468 0.573468 -0.912228 -0.0114372 0.409521 -16.203
0.409529 -0.0709664 0.909532 247.058 0.0221975 0.99745 0.0678315 0.634776 -0.912026 -0.00758972 0.41006 -15.8771
0.409567 -0.0637972 0.910046 247.783 0.0216862 0.997951 0.0601997 0.687598 -0.912022 -0.0049205 0.410111 -15.5324
0.410135 -0.0651687 0.909693 248.537 0.0218417 0.99786 0.0616375 0.740888 -0.911763 -0.00541049 0.41068 -15.1895
0.407796 -0.067817 0.91055 249.266 0.0236329 0.997688 0.0637228 0.792548 -0.912767 -0.00446704 0.408456 -14.859
0.409603 -0.070541 0.909532 250.015 0.0264938 0.997506 0.0654327 0.845565 -0.911878 -0.00270452 0.41045 -14.5231
0.411179 -0.0710457 0.908781 250.769 0.0293827 0.997474 0.0646852 0.884725 -0.91108 0.000105169 0.412227 -14.2016
