1 0 0 0 0 1 0 0 0 0 1 0
0.999994 -0.00144657 -0.00297277 -0.00486931 0.00144429 0.999999 -0.000760434 -0.00457984 0.00297385 0.000756234 0.999996 0.679996
0.999976 -0.00127403 -0.00679978 -0.0134239 0.00126794 0.999999 -0.000917888 -0.00626123 0.00680096 0.000909233 0.999977 1.37431
0.999946 -0.00139023 -0.0104033 -0.0281046 0.00137759 0.999998 -0.00121114 -0.00631924 0.0104051 0.00119691 0.999947 2.08809
0.999883 7.53528e-07 -0.0152988 -0.0417564 -3.75943e-05 0.999997 -0.00241453 -6.5166e-05 0.0152988 0.0024148 0.99988 2.85217
0.999808 -0.000200353 -0.0196176 -0.0585519 0.00015437 0.999997 -0.00234188 -0.00459978 0.019618 0.00233853 0.999806 3.59309
0.999713 0.000409314 -0.0239807 -0.0851453 -0.000465034 0.999997 -0.00232312 -0.00668072 0.0239797 0.00233356 0.99971 4.35068
0.99959 0.00167632 -0.0286234 -0.117578 -0.00174154 0.999996 -0.00225188 -0.0126574 0.0286196 0.00230099 0.999589 5.12314
0.999457 0.00225579 -0.0329381 -0.148163 -0.00231945 0.999995 -0.00189715 -0.014273 0.0329337 0.00197248 0.999456 5.91099
0.999302 0.00253405 -0.0372735 -0.181757 -0.00258454 0.999996 -0.00130732 -0.0172401 0.0372702 0.00140297 0.999306 6.71005
0.99917 0.00389728 -0.0405944 -0.211378 -0.00387599 0.999992 0.000601639 -0.0646568 0.0405965 -0.000443837 0.999177 7.52468
0.999054 0.00461643 -0.0432633 -0.25522 -0.00457985 0.999989 0.000943347 -0.0642137 0.0432673 -0.000744155 0.999066 8.33707
0.998965 0.00436013 -0.0453272 -0.295158 -0.00432595 0.99999 0.000851096 -0.0617105 0.0453305 -0.000654134 0.998973 9.15689
0.998881 0.00317023 -0.0472274 -0.331138 -0.00313797 0.999995 0.000756615 -0.0618321 0.0472296 -0.000607389 0.998887 9.98802
0.998783 0.00319246 -0.0492809 -0.374762 -0.00314148 0.999994 0.00111106 -0.0582127 0.0492841 -0.000954863 0.998786 10.8283
0.998715 0.00249241 -0.0506553 -0.420448 -0.00241359 0.999996 0.00161711 -0.0702443 0.0506592 -0.00149263 0.998717 11.6799
0.998627 0.00397017 -0.0522968 -0.469782 -0.00393459 0.999991 0.000784318 -0.0664285 0.0522994 -0.000577489 0.998633 12.5356
0.998556 0.00446995 -0.0535794 -0.522899 -0.0044575 0.99999 0.000352383 -0.070839 0.0535805 -0.000112904 0.998566 13.3997
0.998503 0.00686108 -0.0543195 -0.583843 -0.00687889 0.999975 -0.000139321 -0.075479 0.0543171 0.000512734 0.998526 14.2766
0.998408 0.00686991 -0.0560305 -0.638343 -0.00685212 0.999977 0.000510862 -0.0795304 0.0560329 -0.00012593 0.998431 15.1636
0.998342 0.00652666 -0.0572592 -0.691211 -0.00645612 0.999977 0.00141807 -0.0838551 0.0572669 -0.00104608 0.998361 16.0579
0.998324 0.00612734 -0.0576075 -0.748647 -0.00603082 0.999981 0.00185072 -0.0842341 0.0576179 -0.0015 0.99834 16.9573
0.998226 0.00600023 -0.0593096 -0.803937 -0.00588933 0.999979 0.0020449 -0.0918265 0.0593205 -0.00169201 0.99824 17.8608
0.998191 0.00590356 -0.0598945 -0.861341 -0.00580918 0.999982 0.00175194 -0.0873432 0.059904 -0.00140076 0.998206 18.7611
0.99809 0.00566373 -0.0616045 -0.919924 -0.00556882 0.999981 0.00171292 -0.0959927 0.0616129 -0.00136658 0.998102 19.6774
0.99805 0.00522852 -0.0622625 -0.976964 -0.00507305 0.999985 0.00265792 -0.101187 0.0622756 -0.00233682 0.998059 20.5964
0.998116 0.00531064 -0.0612007 -1.04322 -0.00508468 0.999978 0.00384836 -0.0971655 0.0612195 -0.00352988 0.998121 21.5211
0.9981 0.0053805 -0.0614468 -1.10609 -0.00503398 0.999972 0.0057953 -0.103106 0.0614764 -0.00547493 0.998097 22.455
0.998191 0.0051976 -0.0599833 -1.16344 -0.00478134 0.999961 0.00708228 -0.107834 0.0600176 -0.00678263 0.998177 23.3925
0.998335 0.00536487 -0.0575109 -1.22108 -0.0049374 0.999959 0.00757504 -0.109722 0.0575494 -0.00727842 0.998319 24.3402
0.998382 0.00631005 -0.0566039 -1.27433 -0.00596614 0.99996 0.00624289 -0.118182 0.0566408 -0.00589513 0.998381 25.2778
0.998494 0.00746797 -0.0544503 -1.34007 -0.00725979 0.999966 0.00402465 -0.118748 0.0544786 -0.0036234 0.998512 26.2295
0.998514 0.00729911 -0.0541196 -1.39107 -0.00714574 0.999967 0.00302966 -0.121201 0.0541398 -0.00263849 0.998534 27.1867
0.998566 0.00580025 -0.053335 -1.44658 -0.0055787 0.999974 0.00430897 -0.126866 0.0533587 -0.0040053 0.998571 28.1583
0.998628 0.00387519 -0.0523292 -1.5021 -0.00342977 0.999955 0.00860187 -0.12553 0.0523601 -0.00841061 0.998597 29.1318
0.998546 0.000257137 -0.0540147 -1.55115 0.000374872 0.999931 0.0116971 -0.114283 0.0540142 -0.0117003 0.998476 30.1074
0.998481 -0.00671225 -0.0547976 -1.59791 0.00742288 0.999888 0.0127798 -0.109517 0.0547055 -0.0131672 0.99842 31.0849
0.998465 -0.00564514 -0.0551972 -1.65028 0.00627531 0.999916 0.0112594 -0.104725 0.0551292 -0.0115885 0.998417 32.0641
0.99835 -0.00482062 -0.0573398 -1.70881 0.00539847 0.999934 0.00993217 -0.0873059 0.057288 -0.0102254 0.99831 33.039
0.998256 -0.00520371 -0.0589104 -1.77281 0.00579456 0.999933 0.00987263 -0.0726649 0.0588553 -0.0101969 0.998219 34.0241
0.998267 -0.0062393 -0.058617 -1.83543 0.00691869 0.999908 0.0113995 -0.064557 0.0585405 -0.0117854 0.998219 35.0328
0.998168 -0.00565023 -0.060353 -1.91198 0.00644327 0.999894 0.0129626 -0.0381457 0.0602736 -0.0133279 0.998098 36.0732
0.998215 -0.00544141 -0.0595774 -1.97652 0.00622061 0.999894 0.0129065 -0.0478541 0.0595009 -0.0132541 0.998144 37.1125
0.99811 -0.00467661 -0.0613846 -2.04057 0.00552317 0.99989 0.013637 -0.0385373 0.0613145 -0.0139504 0.998026 38.1052
0.998097 -0.00529665 -0.0615362 -2.10358 0.0062392 0.999863 0.01514 -0.0300847 0.0614475 -0.0154952 0.997994 39.1127
0.99814 -0.00374208 -0.0609714 -2.17693 0.00466178 0.999875 0.0149553 0.00436132 0.0609083 -0.015212 0.998033 40.1136
0.998111 -0.0030617 -0.0614882 -2.24484 0.00399428 0.999876 0.0150524 0.00240728 0.0614345 -0.0152696 0.997999 41.1037
0.99811 -0.00157524 -0.0615657 -2.30837 0.00248152 0.999888 0.014655 -0.00239113 0.0615364 -0.0147802 0.998001 42.0927
0.998161 0.000387529 -0.0607335 -2.38002 0.000469637 0.999897 0.0141026 0.00409017 0.0607327 -0.0141053 0.99806 43.0933
0.998068 0.000364187 -0.0622655 -2.44285 0.000553784 0.99989 0.0147333 0.00832315 0.0622645 -0.0147395 0.997957 44.0768
0.997992 -0.000446085 -0.0634514 -2.50493 0.00142788 0.999877 0.015432 0.0142718 0.0634366 -0.0154917 0.997872 45.0675
0.997993 0.000139811 -0.0634376 -2.57176 0.000857622 0.999874 0.0157041 0.0228422 0.0634323 -0.0157272 0.997869 46.0656
0.997941 0.00149077 -0.0642477 -2.64274 -0.000580438 0.999896 0.0141902 0.03305 0.0642621 -0.0141238 0.99784 47.0309
0.997957 0.00244136 -0.0639822 -2.71334 -0.00166701 0.999923 0.0121621 0.0416509 0.0640075 -0.0120306 0.997885 48.008
0.997883 0.00256183 -0.0651004 -2.78085 -0.00176946 0.999921 0.012231 0.0520394 0.0651266 -0.01209 0.99781 48.9783
0.997864 0.00106603 -0.0654498 -2.84377 -0.000170388 0.999905 0.0136998 0.071029 0.0654586 -0.0136594 0.99777 49.9528
0.997908 0.000533232 -0.0647686 -2.90887 0.000412195 0.99989 0.0145877 0.0760186 0.0647693 -0.0145841 0.9978 50.9291
0.99786 0.000751052 -0.0655118 -2.97012 0.000202261 0.999893 0.0145547 0.0930222 0.0655162 -0.0145369 0.997753 51.8905
0.997861 -0.000108871 -0.065502 -3.03591 0.00106857 0.999889 0.0146219 0.103377 0.0654932 -0.0146608 0.997751 52.8517
0.997911 -0.00052084 -0.0647578 -3.09577 0.00145743 0.999893 0.0144304 0.112932 0.064744 -0.0144947 0.997804 53.8081
0.997792 -0.000742015 -0.0665363 -3.16026 0.00174245 0.999883 0.0149857 0.130963 0.0665174 -0.0150687 0.997678 54.7547
0.997822 -0.00180217 -0.0660838 -3.22115 0.00292886 0.99985 0.0169706 0.144048 0.0660439 -0.0171273 0.997677 55.7072
0.997712 -0.00170987 -0.0677131 -3.28368 0.00327236 0.999728 0.0229796 0.151302 0.0676553 -0.0231489 0.997447 56.6585
0.997682 -0.00102182 -0.0681758 -3.35145 0.00260874 0.999725 0.0232077 0.172921 0.0681339 -0.0233321 0.99741 57.6033
0.997681 -0.000263877 -0.0682071 -3.42292 0.00173149 0.999766 0.0214669 0.184827 0.0681854 -0.0215355 0.997447 58.536
0.997508 0.00191194 -0.0706662 -3.49418 -0.000916875 0.999899 0.0141246 0.192621 0.0706863 -0.0140251 0.997408 59.4597
0.997446 0.00324109 -0.0714824 -3.56733 -0.00247356 0.999937 0.0108308 0.188824 0.0715128 -0.0106266 0.99739 60.3788
0.997454 0.00533983 -0.0712555 -3.64284 -0.00456029 0.999926 0.0111122 0.202783 0.07131 -0.0107593 0.997404 61.2795
0.997326 0.00639042 -0.0729353 -3.71432 -0.00549961 0.999907 0.012417 0.200022 0.0730077 -0.0119829 0.997267 62.1782
0.997229 0.00738991 -0.0741703 -3.78965 -0.00645288 0.999895 0.012878 0.200054 0.0742581 -0.012364 0.99717 63.0578
0.99745 0.0091912 -0.0709117 -3.84851 -0.00840334 0.999899 0.011409 0.197798 0.0710093 -0.0107843 0.997425 63.9815
0.997439 0.0101104 -0.0709533 -3.91041 -0.00932537 0.99989 0.0113993 0.19469 0.0710612 -0.0107088 0.997422 64.9105
0.997398 0.0108385 -0.0714267 -3.97806 -0.0100196 0.99988 0.0118211 0.193861 0.0715462 -0.0110749 0.997384 65.7503
0.997257 0.0114254 -0.073287 -4.04177 -0.0105698 0.99987 0.0120641 0.187962 0.0734157 -0.0112566 0.997246 66.5779
0.997246 0.0134515 -0.073078 -4.10278 -0.012598 0.999847 0.012135 0.179656 0.07323 -0.0111812 0.99726 67.4435
0.997207 0.0145151 -0.0734274 -4.16892 -0.0135946 0.999821 0.0130315 0.181131 0.073604 -0.011997 0.997224 68.25
0.997067 0.0149737 -0.0751935 -4.23557 -0.0139432 0.999801 0.0142173 0.179446 0.0753914 -0.0131274 0.997076 69.0402
0.99693 0.0162606 -0.0767567 -4.29718 -0.0151961 0.999779 0.0144433 0.181056 0.0769751 -0.0132327 0.996954 69.8149
0.996855 0.0178583 -0.0773646 -4.36434 -0.0169296 0.999776 0.0126482 0.188067 0.0775731 -0.011299 0.996932 70.5666
0.996672 0.0195495 -0.0792951 -4.44512 -0.0190615 0.999794 0.00691582 0.188433 0.0794144 -0.00538148 0.996837 71.3363
0.996613 0.0195674 -0.0800315 -4.50574 -0.0194982 0.999808 0.00165102 0.171845 0.0800484 -8.51533e-05 0.996801 72.0444
0.996575 0.0190592 -0.0806192 -4.5758 -0.0192005 0.999815 -0.000968465 0.131869 0.0805863 0.00251284 0.996754 72.8214
0.996501 0.0203195 -0.0812309 -4.63978 -0.020313 0.999792 0.000912292 0.114072 0.0812326 0.000740689 0.996705 73.5006
0.996444 0.0200891 -0.0819825 -4.69515 -0.0200445 0.999798 0.0013751 0.102125 0.081994 0.000272823 0.996643 74.1556
0.996428 0.0183456 -0.0825898 -4.74506 -0.0185508 0.999825 -0.0017121 0.082083 0.0825441 0.00323785 0.996592 74.8261
0.996582 0.0120088 -0.0818995 -4.79166 -0.01249 0.999907 -0.00535654 0.0348586 0.0818281 0.0063609 0.996637 75.4637
0.996735 0.00818933 -0.0804893 -4.83954 -0.00890627 0.999923 -0.00854374 0.0264457 0.0804131 0.00923237 0.996731 76.0569
0.996903 0.0107473 -0.0780769 -4.89168 -0.0114625 0.999896 -0.00870778 0.00487838 0.0779758 0.00957555 0.99692 76.6456
0.997188 0.0147815 -0.0736435 -4.95115 -0.0152808 0.999864 -0.00621324 0.00863387 0.0735416 0.00732081 0.997277 77.2365
0.997561 0.0143212 -0.0685142 -4.99154 -0.0147336 0.999876 -0.00550598 -0.0121912 0.0684273 0.00650175 0.997646 77.7955
0.997943 0.0110418 -0.0633742 -5.01746 -0.011092 0.999938 -0.00043147 -0.026325 0.0633656 0.00113325 0.998002 78.3341
0.998439 0.00800821 -0.0555093 -5.04254 -0.00787917 0.999965 0.00255898 -0.0448416 0.0555284 -0.00211786 0.998466 78.8959
0.998935 0.0102509 -0.0452964 -5.06822 -0.0101587 0.999946 0.00227884 -0.0345428 0.0453174 -0.00181651 0.998984 79.4332
0.999435 0.0151257 -0.0304455 -5.09547 -0.015081 0.999885 0.00172187 -0.0319822 0.0304685 -0.00126204 0.999546 79.9608
0.999742 0.0199197 -0.0121324 -5.10895 -0.0198961 0.9998 0.00211245 -0.0279245 0.0121723 -0.00187079 0.999938 80.4769
0.999776 0.0196901 0.00929799 -5.10051 -0.0197142 0.999803 0.00242425 -0.0357802 -0.00924789 -0.00260723 0.999965 80.9708
0.999228 0.0169175 0.0358459 -5.07264 -0.0170476 0.99985 0.00331252 -0.0469302 -0.0357841 -0.0039213 0.999366 81.456
0.997767 0.0164635 0.0649245 -5.0317 -0.0167552 0.999852 0.00393876 -0.0481791 -0.0648496 -0.00501809 0.997893 81.9159
0.995068 0.0164878 0.0979605 -4.97703 -0.0169434 0.999849 0.00381517 -0.0488773 -0.0978824 -0.0054564 0.995197 82.364
0.990647 0.0159478 0.135614 -4.90718 -0.016691 0.999852 0.00433948 -0.0511084 -0.135524 -0.00656273 0.990763 82.8263
0.984203 0.0168771 0.176323 -4.81101 -0.0178973 0.999831 0.00419422 -0.0604668 -0.176221 -0.00728388 0.984339 83.2668
0.975083 0.0167739 0.221265 -4.70167 -0.0180419 0.99983 0.00370713 -0.0642854 -0.221165 -0.00760699 0.975218 83.6881
0.962647 0.0186917 0.270171 -4.57458 -0.0199668 0.999799 0.00196976 -0.0638333 -0.270079 -0.00729084 0.962827 84.1255
0.946428 0.0199037 0.322346 -4.42257 -0.0209351 0.999781 -0.000269069 -0.0748094 -0.32228 -0.00649396 0.946635 84.5077
0.925701 0.0197465 0.377783 -4.24689 -0.0203526 0.999791 -0.00238939 -0.0806704 -0.377749 -0.00547726 0.925909 84.8986
0.900808 0.0197986 0.433801 -4.05199 -0.0202674 0.999789 -0.00354618 -0.0824002 -0.433779 -0.00559789 0.901016 85.2404
0.871092 0.0202723 0.490734 -3.83845 -0.0202579 0.999781 -0.00534339 -0.0843976 -0.490733 -0.00528691 0.871312 85.5757
0.836855 0.019008 0.547122 -3.59638 -0.0180533 0.999812 -0.00712361 -0.094762 -0.547154 -0.00391617 0.837039 85.9029
0.79956 0.0187046 0.600323 -3.3466 -0.0171235 0.999819 -0.00834673 -0.0988881 -0.600369 -0.00360622 0.799736 86.1825
0.758938 0.0175612 0.650949 -3.06727 -0.0157501 0.99984 -0.00861225 -0.111274 -0.650995 -0.00371656 0.759091 86.464
0.715461 0.0173545 0.698462 -2.7884 -0.0166649 0.99983 -0.00777327 -0.112767 -0.698477 -0.00607855 0.715629 86.7173
0.669496 0.016107 0.742661 -2.47699 -0.0156147 0.99985 -0.00761003 -0.12315 -0.742671 -0.00650177 0.669645 86.9535
0.622182 0.0149283 0.782752 -2.15686 -0.0136683 0.999872 -0.00820579 -0.129368 -0.782774 -0.00559364 0.622307 87.1687
0.574785 0.012364 0.818229 -1.8319 -0.00863519 0.999922 -0.00904477 -0.135291 -0.818276 -0.00186697 0.574846 87.3597
0.527343 0.0141559 0.849556 -1.49543 -0.00940018 0.999896 -0.0108271 -0.134511 -0.84962 -0.00227669 0.527422 87.5447
0.4795 0.0167092 0.877399 -1.15637 -0.0119796 0.999851 -0.0124955 -0.126691 -0.877476 -0.00451946 0.479628 87.6983
0.433476 0.0176376 0.901013 -0.81988 -0.0116581 0.999834 -0.0139643 -0.149095 -0.901108 -0.0044512 0.433611 87.8527
0.390317 0.0155014 0.920566 -0.448633 -0.00687163 0.99988 -0.0139247 -0.159668 -0.92067 -0.000890977 0.390376 87.9783
0.35052 0.00900982 0.936532 -0.0814005 0.00449634 0.999925 -0.0113035 -0.177282 -0.936562 0.00817265 0.350454 88.0662
0.314419 0.0059349 0.949281 0.289713 0.00964208 0.999909 -0.00944621 -0.171766 -0.94925 0.0121229 0.314332 88.1498
0.28078 0.00931718 0.959746 0.660257 0.00725475 0.999903 -0.0118304 -0.161299 -0.959761 0.0102841 0.280686 88.2626
0.249121 0.0158589 0.968357 1.02547 -0.00129488 0.999871 -0.0160429 -0.166471 -0.968486 0.00274242 0.249109 88.3624
0.220382 0.0198257 0.975231 1.41138 -0.0055057 0.999802 -0.019082 -0.174639 -0.975415 -0.00116434 0.220449 88.4469
0.194008 0.0207035 0.980796 1.80882 -0.00479975 0.999785 -0.0201558 -0.194706 -0.981003 -0.000797457 0.194065 88.5212
0.170802 0.0216377 0.985087 2.21558 0.000956254 0.999754 -0.0221266 -0.199504 -0.985322 0.00472077 0.170741 88.5662
0.149878 0.025689 0.988385 2.63285 0.0054725 0.999625 -0.0268119 -0.209259 -0.988704 0.00942719 0.149681 88.6055
0.129611 0.0317707 0.991076 3.06656 0.00669237 0.999435 -0.0329148 -0.199046 -0.991559 0.0108982 0.129327 88.6524
0.111599 0.0328883 0.993223 3.50442 0.00569669 0.999415 -0.0337342 -0.209011 -0.993751 0.00942248 0.111346 88.6929
0.0956959 0.0293459 0.994998 3.96326 0.00564183 0.999532 -0.0300231 -0.224995 -0.995411 0.00848613 0.0954868 88.7365
0.0805268 0.0266499 0.99641 4.4433 0.00855321 0.999587 -0.0274269 -0.245155 -0.99673 0.0107308 0.0802657 88.7762
0.0674027 0.0254084 0.997422 4.93064 0.00973877 0.999609 -0.0261232 -0.261515 -0.997695 0.0114738 0.0671301 88.7994
0.0551304 0.0246047 0.998191 5.43193 0.0137154 0.999583 -0.0253973 -0.281693 -0.9984 0.0150904 0.0547701 88.8196
0.0452333 0.0249447 0.998685 5.93959 0.0150582 0.999555 -0.0256493 -0.295616 -0.998881 0.016198 0.0448388 88.8317
0.0372927 0.0250716 0.999005 6.47206 0.0159202 0.999543 -0.0256801 -0.311231 -0.999193 0.0168615 0.0368768 88.8482
0.0310418 0.0249784 0.999227 7.02244 0.0166874 0.999534 -0.0255053 -0.324017 -0.999397 0.0174654 0.0306118 88.866
0.0256871 0.0251212 0.99937 7.58059 0.0166481 0.999534 -0.0255541 -0.340027 -0.999546 0.0172934 0.0252572 88.8782
0.0196509 0.0251734 0.999511 8.16628 0.0165823 0.999536 -0.0255009 -0.354013 -0.999688 0.0170745 0.0192257 88.8931
0.0145685 0.0248196 0.999602 8.77585 0.0180202 0.999523 -0.0250811 -0.370556 -0.999747 0.0183779 0.0141146 88.9033
0.0116749 0.0247072 0.999648 9.38593 0.0181065 0.999524 -0.0249164 -0.390613 -0.999787 0.0183902 0.0112234 88.9062
0.00869574 0.024454 0.999679 10.0233 0.0183804 0.999527 -0.024611 -0.407289 -0.999808 0.018588 0.00824259 88.9122
0.00561852 0.0241701 0.999714 10.6841 0.0189946 0.999524 -0.024273 -0.420916 -0.999823 0.0191246 0.00515827 88.9176
0.00508074 0.0237458 0.999721 11.35 0.0200766 0.999513 -0.0238436 -0.442319 -0.999801 0.0201917 0.00460205 88.9176
0.00557999 0.0235366 0.999727 12.0453 0.0213863 0.99949 -0.0236511 -0.459433 -0.999774 0.0215115 0.00507534 88.9199
0.00830459 0.0233268 0.99971 12.7374 0.0222572 0.999475 -0.0235068 -0.474767 -0.999734 0.0224454 0.00778164 88.9209
0.0120403 0.0231314 0.999679 13.4561 0.0225145 0.999472 -0.0233985 -0.494774 -0.999692 0.0227883 0.0115147 88.9314
0.0161484 0.0228192 0.999626 14.2023 0.0223496 0.999481 -0.0231775 -0.516807 -0.999636 0.0227149 0.0156307 88.9451
0.0204181 0.0220969 0.999567 14.9463 0.022695 0.999487 -0.0225594 -0.536717 -0.999552 0.0231451 0.0199077 88.9602
0.0246192 0.0215469 0.999482 15.7174 0.022457 0.999502 -0.0221011 -0.550922 -0.999461 0.022989 0.0241238 88.9813
0.0279402 0.0209969 0.999408 16.5182 0.0214174 0.999537 -0.021599 -0.570103 -0.999399 0.0220076 0.0274791 89.0055
0.0325311 0.0206498 0.999275 17.3075 0.0203988 0.999564 -0.0213207 -0.591063 -0.99928 0.021077 0.0320965 89.0365
0.0358189 0.0208179 0.999161 18.1203 0.0190268 0.999588 -0.0215095 -0.61146 -0.999196 0.0197808 0.0354095 89.0701
0.0400706 0.0214985 0.998984 18.9173 0.0178799 0.999592 -0.0222298 -0.632048 -0.999055 0.0187519 0.0396706 89.112
0.0415226 0.0229967 0.998893 19.7281 0.0150424 0.999608 -0.0236391 -0.642736 -0.999043 0.0160068 0.041162 89.1609
0.0405556 0.0240739 0.998906 20.5523 0.013652 0.999603 -0.0246461 -0.670859 -0.999103 0.014636 0.0402115 89.2003
0.0414775 0.0237361 0.998878 21.3649 0.0126198 0.999626 -0.0242786 -0.692972 -0.999079 0.0136123 0.0411639 89.2385
0.0416231 0.0225586 0.998898 22.1873 0.0124655 0.999655 -0.0230964 -0.723294 -0.999074 0.0134125 0.0413283 89.2785
0.0407769 0.0214827 0.998958 23.012 0.0126128 0.999679 -0.0220137 -0.751411 -0.999108 0.0134969 0.0404943 89.3183
0.041771 0.0209501 0.998927 23.8287 0.0116257 0.999702 -0.0214537 -0.775325 -0.999079 0.0125087 0.0415157 89.3584
0.0420466 0.0206756 0.998922 24.649 0.010748 0.999719 -0.0211452 -0.801497 -0.999077 0.0116252 0.041814 89.4
0.0415247 0.0208092 0.99894 25.4754 0.00890845 0.999735 -0.0211974 -0.824555 -0.999117 0.00977863 0.0413289 89.4428
0.040891 0.0206853 0.998969 26.2849 0.00802053 0.999748 -0.0210304 -0.846589 -0.999152 0.00887201 0.0407162 89.4856
0.0375721 0.0205048 0.999104 27.1057 0.00620583 0.999765 -0.0207532 -0.867293 -0.999294 0.0069794 0.0374367 89.5284
0.0341506 0.0195829 0.999244 27.9143 0.00531594 0.999791 -0.0197759 -0.886369 -0.999423 0.00598707 0.0340407 89.564
0.0292218 0.0181564 0.999429 28.7315 0.00437204 0.999823 -0.0182928 -0.912544 -0.999583 0.00490346 0.0291379 89.5943
0.0221024 0.0169096 0.999632 29.5496 0.00367712 0.99985 -0.0169951 -0.936981 -0.999769 0.00405113 0.0220382 89.6203
0.0151454 0.0166925 0.999767 30.3555 0.00352325 0.999854 -0.0167487 -0.962442 -0.999899 0.00377547 0.0150852 89.6359
0.00618328 0.0167671 0.99986 31.1574 0.00263193 0.999857 -0.0167838 -0.980498 -0.999998 0.00273503 0.00613958 89.647
-0.00465143 0.0165193 0.999874 31.9614 0.00272471 0.99986 -0.0165079 -1.0017 -1.00001 0.00264697 -0.00469503 89.6483
-0.0145389 0.0160632 0.999785 32.759 0.0024702 0.999869 -0.0160292 -1.02568 -0.999913 0.00223625 -0.0145752 89.6422
-0.0261159 0.0155635 0.99956 33.5619 0.00210725 0.999878 -0.0155148 -1.04145 -0.999678 0.0017006 -0.0261448 89.6306
-0.0367662 0.0150394 0.999231 34.3515 0.002255 0.999886 -0.0149668 -1.06418 -0.999343 0.00170257 -0.0367943 89.6007
-0.0479251 0.0147262 0.998764 35.1349 0.00229777 0.999891 -0.0146341 -1.08177 -0.998869 0.00159305 -0.047953 89.5672
-0.0596659 0.0147381 0.998131 35.9204 0.00218823 0.99989 -0.0146338 -1.09935 -0.998238 0.0013106 -0.05969 89.5236
-0.0699468 0.0147722 0.997464 36.6895 0.00219657 0.999891 -0.0146557 -1.11503 -0.997569 0.0011653 -0.069971 89.4709
-0.0804797 0.0146486 0.996669 37.4567 0.00218145 0.999892 -0.0145203 -1.1345 -0.996776 0.00100508 -0.0805013 89.4131
-0.0908499 0.014491 0.995782 38.2168 0.0026198 0.999894 -0.0143134 -1.15478 -0.995883 0.00130768 -0.0908777 89.3469
-0.0996457 0.0146296 0.994936 38.9881 0.00271764 0.999892 -0.0144308 -1.17126 -0.995042 0.00126539 -0.099673 89.2564
-0.109687 0.0143059 0.993886 39.735 0.00269236 0.999897 -0.0140968 -1.18608 -0.993984 0.0011289 -0.109714 89.1743
-0.118237 0.0138793 0.99291 40.4715 0.00364557 0.999902 -0.0135433 -1.20417 -0.993002 0.00201788 -0.118274 89.0826
-0.125756 0.0140541 0.991985 41.2327 0.00525457 0.999895 -0.0135015 -1.22593 -0.992069 0.00351379 -0.125816 88.9877
-0.13158 0.0129466 0.991243 41.952 0.00732852 0.9999 -0.0120873 -1.24382 -0.991302 0.00567331 -0.13166 88.8887
-0.135386 0.0119184 0.990745 42.6671 0.00964565 0.999896 -0.010712 -1.26034 -0.990768 0.00810539 -0.135486 88.7822
-0.138047 0.0121374 0.990374 43.3753 0.0125188 0.999867 -0.0105091 -1.26639 -0.99037 0.0109468 -0.138179 88.6819
-0.140296 0.0118003 0.990064 44.0593 0.0127294 0.999868 -0.0101149 -1.27419 -0.990051 0.0111831 -0.140428 88.5815
-0.140991 0.0117591 0.989963 44.7265 0.0120068 0.999877 -0.0101672 -1.28824 -0.989963 0.0104522 -0.141113 88.4871
-0.141169 0.0126043 0.989929 45.3685 0.0143702 0.99984 -0.0106827 -1.30505 -0.989904 0.0127166 -0.141327 88.3947
-0.138694 0.0129418 0.990274 46.0041 0.0148953 0.999829 -0.0109808 -1.3214 -0.990247 0.0132268 -0.138861 88.3088
-0.133508 0.0129471 0.990988 46.6224 0.0147479 0.99983 -0.0110772 -1.33263 -0.990961 0.0131353 -0.133675 88.2258
-0.126608 0.0134257 0.991886 47.2325 0.0163835 0.999801 -0.0114419 -1.32366 -0.991841 0.0148014 -0.126801 88.157
-0.115458 0.0134211 0.993246 47.8129 0.0159205 0.999806 -0.0116606 -1.33695 -0.993208 0.0144658 -0.115649 88.0935
-0.102044 0.0133279 0.994714 48.3803 0.01568 0.999808 -0.011788 -1.35254 -0.99468 0.0143937 -0.102232 88.043
-0.0854647 0.0143006 0.996263 48.9252 0.0147913 0.999806 -0.0130841 -1.36154 -0.996255 0.013617 -0.0856589 88.0054
-0.0644881 0.0161581 0.997811 49.4636 0.0142017 0.999782 -0.0152725 -1.37811 -0.997841 0.0131852 -0.064702 87.982
-0.0404435 0.0191201 0.999024 49.9851 0.0134005 0.999738 -0.0185927 -1.39241 -0.999115 0.0126347 -0.0406884 87.972
-0.0125493 0.0208209 0.999727 50.5093 0.0119828 0.999714 -0.0206706 -1.4059 -0.999873 0.0117197 -0.0127938 87.9814
0.0202814 0.020857 0.999602 51.0362 0.00929911 0.999736 -0.0210499 -1.42954 -0.999774 0.00972149 0.0200828 88.0082
0.0579292 0.019323 0.998157 51.5566 0.00880036 0.999764 -0.0198652 -1.43845 -0.998306 0.00993453 0.0577468 88.0504
0.0990141 0.0169179 0.994967 52.0761 0.00754413 0.999815 -0.0177525 -1.44258 -0.995081 0.00926302 0.0988688 88.1225
0.14486 0.0140756 0.989376 52.6061 0.00203083 0.999893 -0.014523 -1.44228 -0.989475 0.00411273 0.144817 88.2112
0.192948 0.0129271 0.981149 53.1161 -0.00153304 0.999917 -0.0128744 -1.4368 -0.981232 0.000979019 0.192952 88.3308
0.24374 0.01265 0.969783 53.5931 -0.00652112 0.999914 -0.0114045 -1.42747 -0.969844 -0.00354463 0.243802 88.4732
0.298779 0.0136663 0.95425 54.0797 -0.00735925 0.999901 -0.0120173 -1.42885 -0.954319 -0.00343293 0.298851 88.6406
0.35681 0.0141718 0.934095 54.5317 -0.00620516 0.999899 -0.0128004 -1.44612 -0.934183 -0.00122908 0.356863 88.8319
0.417421 0.0179761 0.908563 54.9511 -0.00546114 0.999837 -0.0172744 -1.46164 -0.908723 0.00224793 0.417451 89.0468
0.47819 0.0213086 0.878026 55.3762 -0.00545593 0.999759 -0.0212921 -1.46407 -0.878267 0.0053911 0.478192 89.2965
0.537075 0.0255138 0.843178 55.7671 -0.00788478 0.999651 -0.0252277 -1.47527 -0.843526 0.0068999 0.537089 89.5657
0.594255 0.028203 0.803813 56.1312 -0.0121256 0.999586 -0.0261085 -1.47886 -0.804216 0.00576827 0.594352 89.8764
0.648859 0.0293147 0.760378 56.4737 -0.0128762 0.999538 -0.0275488 -1.48447 -0.760832 0.00808349 0.648937 90.1974
0.699276 0.0289911 0.714299 56.7882 -0.0137479 0.999539 -0.0271103 -1.5034 -0.714754 0.00913747 0.699352 90.5379
0.746634 0.0263983 0.664749 57.0899 -0.0148906 0.999625 -0.0229736 -1.52006 -0.665105 0.00725329 0.746748 90.9158
0.790074 0.0227558 0.61263 57.3605 -0.0156224 0.999734 -0.0169887 -1.52647 -0.612852 0.00385162 0.79022 91.31
0.828505 0.0197995 0.559678 57.5946 -0.0165779 0.999804 -0.0108308 -1.54033 -0.559781 -0.000306006 0.828671 91.7021
0.861597 0.0166588 0.50737 57.8143 -0.0161276 0.999856 -0.00544348 -1.55395 -0.507386 -0.00349249 0.861741 92.1379
0.888985 0.0161693 0.457708 58.0146 -0.0181339 0.999836 -0.000102218 -1.57009 -0.457633 -0.00821036 0.889132 92.573
0.910822 0.0177152 0.412482 58.1848 -0.0208137 0.99978 0.00301914 -1.57981 -0.412337 -0.0113351 0.910988 93.0028
0.927866 0.0217113 0.372351 58.3388 -0.0253604 0.999667 0.00490455 -1.58001 -0.372119 -0.0139949 0.928108 93.4655
0.940973 0.0257558 0.337577 58.4743 -0.0293922 0.999553 0.0056637 -1.57432 -0.337279 -0.0152515 0.941308 93.9148
0.951512 0.0268819 0.306521 58.612 -0.0302865 0.999522 0.00635551 -1.56265 -0.306203 -0.0153319 0.951871 94.3825
0.958548 0.023445 0.284059 58.7469 -0.0265425 0.999624 0.00705811 -1.57169 -0.283785 -0.0143051 0.958808 94.8481
0.963018 0.0222723 0.268617 58.873 -0.025241 0.999653 0.00760206 -1.56737 -0.268353 -0.0141021 0.963245 95.3205
0.966468 0.0243445 0.25574 58.9888 -0.0272518 0.999599 0.00782912 -1.56187 -0.255446 -0.0145363 0.966742 95.8179
0.968701 0.030768 0.24643 59.0937 -0.0340972 0.999376 0.00925264 -1.53569 -0.245991 -0.0173669 0.969144 96.3067
0.970079 0.0368557 0.240091 59.202 -0.0400926 0.99916 0.0086098 -1.52971 -0.239571 -0.0179784 0.97074 96.824
0.97048 0.0423122 0.23756 59.3117 -0.0448008 0.998983 0.00508487 -1.52067 -0.237103 -0.0155789 0.971387 97.3328
0.970827 0.0413943 0.2363 59.4338 -0.0439683 0.999019 0.00563217 -1.53448 -0.235834 -0.015858 0.971692 97.8676
0.97029 0.0403198 0.238679 59.5649 -0.0426882 0.999076 0.00476012 -1.53167 -0.238267 -0.0148088 0.971115 98.4018
0.969236 0.0399203 0.242995 59.6994 -0.041102 0.999158 -0.000206235 -1.53625 -0.242797 -0.00978801 0.970056 98.941
0.968871 0.0415534 0.244171 59.8524 -0.0417508 0.999118 -0.00436911 -1.54106 -0.244137 -0.00596264 0.969751 99.5234
0.967615 0.0449167 0.248524 59.9897 -0.045318 0.998968 -0.00410722 -1.53295 -0.24845 -0.00728875 0.968646 100.096
0.966764 0.0462996 0.251559 60.1369 -0.0470629 0.998887 -0.00298399 -1.52945 -0.251417 -0.00895565 0.967865 100.686
0.966304 0.0450767 0.253548 60.2998 -0.047487 0.998869 0.00339282 -1.53418 -0.253107 -0.0153191 0.967346 101.3
0.965365 0.0418129 0.257645 60.4604 -0.0457653 0.998908 0.00936093 -1.52655 -0.256971 -0.0208293 0.966223 101.899
0.964606 0.0390645 0.260904 60.6281 -0.04412 0.998937 0.0135477 -1.52295 -0.260096 -0.0245796 0.9653 102.53
0.963879 0.0376374 0.26378 60.8043 -0.0429492 0.998974 0.014398 -1.51004 -0.262967 -0.0252083 0.964505 103.157
0.96365 0.0357229 0.264884 60.9768 -0.0404296 0.999109 0.0123375 -1.49667 -0.264206 -0.0225985 0.964231 103.788
0.963858 0.0353756 0.264173 61.1511 -0.0385423 0.999234 0.00681287 -1.49611 -0.263729 -0.0167498 0.964482 104.438
0.964039 0.0371888 0.263265 61.3259 -0.0389011 0.999245 0.00129357 -1.49512 -0.263016 -0.0114886 0.964753 105.094
0.964594 0.0374452 0.26119 61.4947 -0.0386879 0.999252 -0.000383366 -1.49329 -0.261009 -0.0097365 0.965318 105.757
0.965396 0.0358124 0.258438 61.6785 -0.0378445 0.999283 0.00289185 -1.49451 -0.258147 -0.0125725 0.966055 106.453
0.965815 0.032982 0.257251 61.8646 -0.0366922 0.999281 0.00963529 -1.49587 -0.256747 -0.0187463 0.966328 107.154
0.966588 0.0321897 0.25443 62.0458 -0.0371467 0.999205 0.0147016 -1.49408 -0.253753 -0.0236618 0.967011 107.871
0.966976 0.0341854 0.252692 62.2281 -0.0394762 0.999095 0.0158972 -1.48954 -0.251919 -0.0253489 0.967448 108.592
0.967277 0.0381558 0.250964 62.4041 -0.0425375 0.999026 0.0120575 -1.48803 -0.250258 -0.0223385 0.967953 109.322
0.968316 0.0395795 0.246702 62.5894 -0.0427691 0.999058 0.00758344 -1.48706 -0.246168 -0.0178958 0.969094 110.067
0.96928 0.0400351 0.242812 62.7765 -0.0429426 0.999059 0.00669297 -1.47545 -0.242313 -0.0169145 0.970083 110.814
0.97018 0.0398096 0.239232 62.9617 -0.0427278 0.999064 0.00702432 -1.45807 -0.238727 -0.0170382 0.970969 111.572
0.971164 0.0397031 0.23522 63.1522 -0.0428719 0.999049 0.00837283 -1.44874 -0.234662 -0.0182158 0.971939 112.356
0.971728 0.0390863 0.232988 63.3391 -0.0423703 0.999062 0.00910661 -1.43662 -0.232413 -0.0187224 0.972469 113.144
0.971921 0.0388341 0.232221 63.5294 -0.0423356 0.999055 0.0101133 -1.42318 -0.231607 -0.0196606 0.972643 113.926
0.972211 0.038162 0.23112 63.7249 -0.0420514 0.999046 0.0119253 -1.41202 -0.230444 -0.0213141 0.972884 114.736
0.972242 0.0381617 0.230982 63.9045 -0.0421663 0.999036 0.0124252 -1.39829 -0.230283 -0.0218201 0.972911 115.529
0.972184 0.0411295 0.230727 64.0906 -0.0453156 0.998892 0.0128726 -1.38639 -0.22994 -0.0229714 0.972966 116.351
0.971976 0.0435107 0.231157 64.272 -0.0477673 0.998778 0.0128492 -1.37866 -0.230313 -0.0235309 0.972864 117.168
0.971403 0.0473505 0.23281 64.4489 -0.0517428 0.998581 0.0127955 -1.37304 -0.231872 -0.0244773 0.972472 117.985
0.971269 0.049591 0.232899 64.6363 -0.0547157 0.998382 0.0155945 -1.36521 -0.231747 -0.0278898 0.972408 118.834
0.970531 0.0521396 0.235408 64.8289 -0.057529 0.998217 0.0160834 -1.34804 -0.234148 -0.0291536 0.971797 119.671
0.969719 0.052962 0.238552 65.0228 -0.058621 0.998143 0.0166888 -1.34241 -0.237224 -0.0301677 0.971019 120.496
0.969418 0.0522335 0.239934 65.2264 -0.0578611 0.998191 0.0164698 -1.32401 -0.238638 -0.0298502 0.970683 121.335
0.96904 0.0517159 0.241566 65.4377 -0.0572882 0.99823 0.0160991 -1.30956 -0.240305 -0.0294396 0.970284 122.163
0.969277 0.0483224 0.241321 65.6526 -0.0538825 0.998413 0.016494 -1.29729 -0.24014 -0.0289916 0.970339 122.99
0.969126 0.0469864 0.24219 65.861 -0.052559 0.998482 0.0165989 -1.28965 -0.241041 -0.0288157 0.97012 123.829
0.968472 0.0490105 0.244398 66.0576 -0.0551167 0.998317 0.0182078 -1.28137 -0.243093 -0.0311054 0.969538 124.657
0.968313 0.0502111 0.244786 66.2599 -0.0578024 0.998044 0.0239259 -1.26003 -0.243104 -0.0373169 0.969316 125.5
0.967871 0.0539765 0.245732 66.4628 -0.061843 0.997791 0.0244077 -1.22858 -0.24387 -0.0388216 0.969065 126.336
0.96748 0.0540531 0.247245 66.6596 -0.0607379 0.997966 0.0194883 -1.21931 -0.245687 -0.0338716 0.968791 127.146
0.967857 0.0520482 0.246204 66.8746 -0.0554301 0.998443 0.00682433 -1.2035 -0.245464 -0.0202534 0.969229 127.957
0.968253 0.0479938 0.245468 67.0843 -0.0505879 0.998714 0.00427166 -1.23048 -0.244945 -0.0165538 0.969431 128.771
0.968204 0.046798 0.245897 67.2908 -0.0511144 0.998634 0.0111999 -1.21284 -0.245036 -0.023414 0.969266 129.592
0.968928 0.0406153 0.244132 67.5055 -0.0493317 0.998345 0.0296955 -1.19741 -0.24252 -0.0408162 0.969322 130.433
0.969125 0.0343712 0.244315 67.7094 -0.0461868 0.998019 0.042799 -1.18856 -0.242359 -0.0527628 0.968787 131.254
0.969475 0.0373655 0.242478 67.899 -0.0485042 0.998021 0.0401302 -1.17837 -0.240496 -0.0506662 0.969362 132.066
0.969524 0.0469547 0.240612 68.0849 -0.0550364 0.998123 0.0269784 -1.15598 -0.238892 -0.0393998 0.970282 132.866
0.969658 0.0468204 0.240093 68.2758 -0.0530351 0.998407 0.0194868 -1.13462 -0.238796 -0.0316288 0.970589 133.666
0.970504 0.0434436 0.237297 68.479 -0.0493492 0.998604 0.0190037 -1.13408 -0.236139 -0.0301548 0.971287 134.476
0.97131 0.0409712 0.234417 68.6717 -0.0467656 0.998725 0.0192117 -1.1244 -0.233329 -0.0296231 0.971981 135.281
0.972103 0.0405563 0.231187 68.8546 -0.0465068 0.998715 0.020348 -1.12389 -0.230063 -0.0305332 0.972733 136.081
0.973332 0.0409086 0.225889 69.0328 -0.0467103 0.998704 0.0203976 -1.11416 -0.224761 -0.0304049 0.973975 136.882
0.973863 0.0423428 0.223328 69.2009 -0.0478665 0.998669 0.0193787 -1.10408 -0.222209 -0.0295632 0.974587 137.678
0.974333 0.0456446 0.220604 69.3675 -0.0513993 0.998473 0.020415 -1.09269 -0.219333 -0.0312297 0.975186 138.485
0.974717 0.0455589 0.218931 69.5348 -0.0516443 0.998423 0.0221548 -1.08928 -0.217575 -0.0329022 0.975525 139.282
0.974923 0.0434667 0.218425 69.7053 -0.0500672 0.998443 0.0247737 -1.07809 -0.217007 -0.0350882 0.975575 140.075
0.975465 0.0420807 0.216279 69.879 -0.0488902 0.998464 0.0262324 -1.07156 -0.214842 -0.0361637 0.976016 140.871
0.97614 0.0404979 0.213508 70.0447 -0.0467957 0.998608 0.0245248 -1.05293 -0.212216 -0.0339306 0.976669 141.655
0.977132 0.0370245 0.209575 70.2139 -0.0426032 0.998851 0.0221688 -1.03723 -0.208512 -0.0305914 0.977578 142.434
0.978629 0.036186 0.202611 70.3804 -0.0416409 0.998878 0.022724 -1.01622 -0.201561 -0.030675 0.979032 143.223
0.979977 0.0342389 0.196347 70.5389 -0.0402142 0.998844 0.0265284 -0.998225 -0.195211 -0.0338942 0.980212 144.014
0.981135 0.0314683 0.190947 70.6859 -0.0384458 0.998721 0.0329467 -0.979402 -0.189665 -0.0396659 0.981084 144.787
0.98219 0.0287015 0.185901 70.8365 -0.0370201 0.998461 0.0414333 -0.973747 -0.184425 -0.0475784 0.981731 145.592
0.98277 0.0308909 0.182442 70.9642 -0.0392114 0.998346 0.0421761 -0.938236 -0.180836 -0.0486028 0.982349 146.374
0.983714 0.0341243 0.176703 71.0994 -0.0418096 0.998331 0.039955 -0.929204 -0.175044 -0.0466931 0.98349 147.169
0.984871 0.0351192 0.169921 71.2253 -0.0409126 0.998696 0.0307136 -0.91454 -0.168619 -0.0372005 0.985017 147.953
0.985968 0.0319106 0.164106 71.3538 -0.0366803 0.998991 0.0261171 -0.90024 -0.163106 -0.031771 0.986135 148.737
0.987209 0.0309325 0.156652 71.4837 -0.0356306 0.998998 0.0272696 -0.880693 -0.15565 -0.0325021 0.987315 149.544
0.988204 0.0358701 0.149163 71.5902 -0.0408076 0.998717 0.0301751 -0.841105 -0.147889 -0.0359069 0.98839 150.345
0.989045 0.0410815 0.142064 71.6848 -0.0456951 0.99853 0.0293676 -0.813256 -0.140648 -0.0355372 0.989459 151.153
0.990393 0.0433554 0.131636 71.7846 -0.0471906 0.99855 0.0261596 -0.791688 -0.130311 -0.0321211 0.990991 151.959
0.991541 0.0428575 0.122839 71.8828 -0.0463914 0.99859 0.0260538 -0.771893 -0.121548 -0.0315318 0.992123 152.772
0.992374 0.0430021 0.115885 71.9592 -0.0466187 0.998508 0.0286844 -0.748009 -0.114478 -0.0338689 0.992887 153.587
0.993289 0.0444452 0.107154 72.043 -0.0483781 0.998243 0.0343878 -0.718051 -0.105437 -0.0393404 0.993686 154.416
0.993978 0.0453847 0.100175 72.1066 -0.0496427 0.997955 0.0404372 -0.699329 -0.0981345 -0.0451672 0.994186 155.239
0.994827 0.0448149 0.0916053 72.1765 -0.0489537 0.997862 0.0434444 -0.677546 -0.0894621 -0.0477034 0.994886 156.065
0.995355 0.0449813 0.0856248 72.243 -0.0490003 0.997772 0.0454371 -0.651617 -0.0833902 -0.0494223 0.99533 156.889
0.995649 0.044554 0.0823347 72.3067 -0.0484217 0.997792 0.04559 -0.62245 -0.0801214 -0.0493778 0.9956 157.704
0.995935 0.0478772 0.0768737 72.36 -0.0511875 0.997826 0.0416936 -0.598668 -0.0747104 -0.0454596 0.996208 158.528
0.99594 0.053194 0.0731808 72.4056 -0.0559649 0.997777 0.0363508 -0.570268 -0.0710843 -0.0402984 0.996695 159.34
0.996065 0.0536485 0.0711688 72.4555 -0.0563466 0.997752 0.036474 -0.554393 -0.0690521 -0.0403411 0.996837 160.159
0.996297 0.054168 0.0673906 72.5031 -0.0571058 0.997471 0.042462 -0.534481 -0.0649199 -0.0461527 0.996862 160.988
0.996336 0.0547411 0.0663785 72.5498 -0.0581584 0.997026 0.0507073 -0.500102 -0.0634054 -0.0543823 0.996545 161.817
0.996655 0.0545411 0.0615514 72.5892 -0.0581104 0.996643 0.0577741 -0.476079 -0.0581937 -0.0611572 0.996469 162.65
0.99713 0.0509522 0.0567962 72.6371 -0.0540013 0.997113 0.053525 -0.439558 -0.0539052 -0.0564387 0.99699 163.459
0.997725 0.0437247 0.052122 72.6844 -0.0461862 0.997834 0.046994 -0.415027 -0.0499543 -0.0492941 0.997574 164.27
0.998077 0.0443308 0.044369 72.7214 -0.04634 0.997904 0.045341 -0.365022 -0.0422664 -0.0473103 0.998026 165.086
0.998288 0.0460541 0.0372413 72.7415 -0.0477466 0.997811 0.0459099 -0.31847 -0.0350458 -0.047609 0.998291 165.907
0.998691 0.0424027 0.0301831 72.7681 -0.0439159 0.997722 0.0513855 -0.291577 -0.027936 -0.0526441 0.998264 166.728
0.999075 0.0380997 0.0220201 72.7878 -0.0392688 0.997703 0.0553324 -0.260024 -0.019862 -0.0561453 0.998266 167.57
0.999394 0.032427 0.0159608 72.8055 -0.0333181 0.997702 0.0591421 -0.215966 -0.0140071 -0.0596383 0.998163 168.404
0.999592 0.0281073 0.0106773 72.8153 -0.0286984 0.997802 0.0598685 -0.173526 -0.00897191 -0.0601499 0.998191 169.231
0.999705 0.0259813 0.00309088 72.8163 -0.0261119 0.998172 0.0546771 -0.13151 -0.00166552 -0.0547419 0.998541 170.064
0.999896 0.0169448 -0.0032079 72.8218 -0.0167832 0.998838 0.0453781 -0.0831757 0.00397205 -0.0453191 0.999007 170.878
0.999924 0.0113171 -0.0109295 72.8281 -0.0108149 0.998937 0.0450502 -0.0568897 0.0114267 -0.044929 0.998967 171.719
0.999805 0.0132736 -0.0174276 72.8112 -0.0123686 0.998624 0.0511297 -0.00277253 0.0180809 -0.0509036 0.998583 172.565
0.999548 0.0231764 -0.0215252 72.774 -0.0218124 0.997874 0.0616011 0.0623789 0.0229058 -0.0611039 0.997912 173.411
0.999303 0.0276201 -0.0268902 72.74 -0.0256755 0.997213 0.070194 0.101832 0.0287525 -0.0694539 0.997214 174.265
0.999207 0.0274163 -0.0305224 72.7023 -0.0253054 0.997407 0.0675373 0.155296 0.0322935 -0.0667114 0.997294 175.104
0.999117 0.0289976 -0.0319018 72.6683 -0.0270026 0.997764 0.0613163 0.181658 0.0336068 -0.0604001 0.997653 175.948
0.998657 0.0390797 -0.0354382 72.6179 -0.037194 0.997945 0.0523991 0.235583 0.0374117 -0.0510108 0.998041 176.773
0.998639 0.0383975 -0.0365761 72.5806 -0.0365065 0.998039 0.0510605 0.282481 0.0384633 -0.0496553 0.998071 177.624
0.998675 0.0348639 -0.0391465 72.5563 -0.0326556 0.997924 0.0557102 0.322646 0.0410061 -0.0543581 0.997723 178.471
0.998717 0.0335592 -0.0391475 72.5276 -0.0310794 0.997581 0.0623492 0.375948 0.0411435 -0.0610518 0.997332 179.326
0.998713 0.0352162 -0.0378507 72.4834 -0.032589 0.997169 0.0679315 0.428042 0.0401344 -0.0666105 0.997016 180.194
0.998603 0.0357492 -0.040127 72.4426 -0.0329874 0.997183 0.0675233 0.472518 0.0424261 -0.0661044 0.996956 181.038
0.998599 0.0331877 -0.0424003 72.4081 -0.0306805 0.997829 0.0584872 0.53306 0.0442477 -0.0571045 0.997433 181.88
0.99868 0.0282376 -0.0440124 72.3793 -0.0259974 0.998387 0.0506954 0.563092 0.045371 -0.0494838 0.99779 182.719
0.998721 0.0217471 -0.0467376 72.3562 -0.019507 0.998675 0.0478829 0.593731 0.0477154 -0.0469101 0.997805 183.56
0.9987 0.0217545 -0.047149 72.3117 -0.0193451 0.998522 0.0509993 0.638337 0.048187 -0.0500202 0.997632 184.42
0.998519 0.0254035 -0.0491541 72.2621 -0.0224518 0.997975 0.0597174 0.6794 0.05057 -0.0585252 0.997052 185.274
0.998482 0.0244671 -0.05032 72.2127 -0.0212992 0.997823 0.0625819 0.718359 0.0517398 -0.0614143 0.996817 186.119
0.998472 0.0247128 -0.0504349 72.1666 -0.0215864 0.997877 0.0616398 0.765094 0.0518497 -0.0604568 0.996871 186.956
0.998466 0.023302 -0.0511887 72.1197 -0.0203515 0.998152 0.0574495 0.807189 0.0524308 -0.0563188 0.997083 187.788
0.998466 0.0227366 -0.0514654 72.0702 -0.0197726 0.998167 0.0574071 0.862573 0.0526748 -0.0563013 0.997072 188.631
0.998495 0.023243 -0.0506633 72.018 -0.0201883 0.998004 0.0600207 0.902082 0.0519553 -0.0589066 0.996959 189.466
0.998306 0.0273322 -0.0523351 71.9685 -0.0239197 0.997626 0.0647757 0.952725 0.0539798 -0.0634139 0.996575 190.297
0.998241 0.0292783 -0.052507 71.9195 -0.0258018 0.997514 0.0657309 1.00155 0.0542991 -0.0642595 0.996503 191.125
0.998244 0.0300483 -0.0520261 71.8658 -0.0266055 0.997499 0.0656633 1.05005 0.0538677 -0.0641636 0.996533 191.941
0.998156 0.030683 -0.0533189 71.8165 -0.0271472 0.997472 0.0658414 1.08963 0.0552024 -0.0642715 0.996453 192.761
0.998163 0.0303192 -0.053411 71.7702 -0.027033 0.99777 0.0612271 1.13356 0.0551468 -0.0596704 0.996742 193.563
