1 0 0 0 0 1 0 0 0 0 1 0
0.999034 -0.000748949 0.0439715 0.0319009 0.000844817 0.999998 -0.00216543 -0.0285804 -0.0439678 0.00220085 0.999031 0.995393
0.995882 -0.00292555 0.0906181 0.114325 0.00355716 0.999971 -0.00680783 -0.0417036 -0.0905952 0.00710205 0.995863 2.01683
0.990806 -0.00324414 0.135271 0.239624 0.00469714 0.999935 -0.0104248 -0.074477 -0.135226 0.0109646 0.990755 2.98174
0.983144 -3.20377e-05 0.18284 0.39363 0.00253955 0.999906 -0.0134797 -0.0975954 -0.182821 0.0137167 0.983051 3.98829
0.973725 -0.00254593 0.227725 0.601336 0.00551239 0.999909 -0.0123921 -0.120231 -0.22767 0.0133221 0.973648 4.94407
0.9619 -0.00342759 0.273386 0.861179 0.00704337 0.9999 -0.0122454 -0.1267 -0.273316 0.0137043 0.961827 5.90122
0.947685 -0.00532056 0.319176 1.1776 0.0101717 0.999857 -0.0135344 -0.13155 -0.319056 0.0160731 0.947601 6.86858
0.932609 -0.00698925 0.360827 1.51505 0.0131691 0.999806 -0.0146715 -0.19126 -0.360654 0.0184345 0.932518 7.77295
0.914839 -0.00624779 0.403784 1.90236 0.0132165 0.999808 -0.0144741 -0.184981 -0.403613 0.018578 0.914743 8.67856
0.894485 -0.00732276 0.447045 2.34435 0.0146823 0.999808 -0.0130004 -0.207546 -0.446863 0.0181922 0.894419 9.57696
0.873127 -0.00740782 0.487448 2.78936 0.0152695 0.99981 -0.0121568 -0.24235 -0.487262 0.0180576 0.873072 10.4377
0.848039 -0.00751963 0.529886 3.30437 0.0156793 0.999818 -0.010905 -0.253222 -0.529706 0.0175559 0.848002 11.2984
0.822415 -0.00771209 0.568846 3.8467 0.0165873 0.999808 -0.0104263 -0.276525 -0.568654 0.0180104 0.822383 12.0975
0.794869 -0.00868161 0.606725 4.41991 0.01844 0.999782 -0.00985256 -0.316784 -0.606505 0.0190193 0.794855 12.8722
0.764837 -0.00859694 0.644176 5.04802 0.0191889 0.999771 -0.00944028 -0.316062 -0.643944 0.0195813 0.764825 13.64
0.73436 -0.010574 0.678684 5.68518 0.0225174 0.999709 -0.00878918 -0.34783 -0.678391 0.0217363 0.734383 14.3543
0.702591 -0.0102592 0.711529 6.35191 0.0227435 0.999709 -0.00804326 -0.363506 -0.711236 0.0218338 0.702619 15.0358
0.667559 -0.0098484 0.744497 7.06836 0.0235097 0.999693 -0.00785609 -0.378679 -0.744189 0.022747 0.667586 15.6876
0.631314 -0.0107969 0.77546 7.80532 0.0272485 0.999595 -0.00826557 -0.420169 -0.775055 0.0263482 0.63135 16.315
0.594111 -0.0104366 0.804321 8.57882 0.0274615 0.999596 -0.0073142 -0.41922 -0.803918 0.026433 0.594158 16.8815
0.55583 -0.00902922 0.831255 9.39213 0.0299405 0.999509 -0.00916297 -0.44194 -0.830763 0.0299811 0.555825 17.4242
0.515985 -0.00815388 0.856565 10.2376 0.034381 0.999347 -0.0111979 -0.473593 -0.855911 0.0352272 0.515928 17.952
0.476916 -0.00623247 0.878935 11.0901 0.036002 0.999274 -0.0124488 -0.46945 -0.878217 0.0375801 0.476793 18.4267
0.437654 -0.00930242 0.899102 11.962 0.0405969 0.999132 -0.00942415 -0.493133 -0.898231 0.0406249 0.437651 18.8649
0.39993 -0.00964046 0.916503 12.8572 0.0436516 0.999011 -0.00853936 -0.522958 -0.915512 0.0434217 0.399954 19.2528
0.363766 -0.0101909 0.931441 13.7726 0.0443631 0.998996 -0.00639579 -0.534322 -0.930438 0.0436478 0.363853 19.6158
0.3297 -0.0106262 0.944035 14.7237 0.0445882 0.998997 -0.00432698 -0.545891 -0.943039 0.0435189 0.329841 19.9491
0.295708 -0.0116735 0.955215 15.6604 0.0448969 0.998992 -0.00169062 -0.554558 -0.954229 0.0433858 0.295933 20.2485
0.263599 -0.0121546 0.964565 16.6196 0.0455196 0.998964 0.000148781 -0.571292 -0.963565 0.0438669 0.263877 20.5236
0.230941 -0.0123202 0.972897 17.5919 0.0452467 0.998975 0.00190999 -0.561148 -0.971923 0.0435787 0.231263 20.7713
0.198634 -0.0107892 0.980024 18.6245 0.0442806 0.999018 0.00202378 -0.566013 -0.979081 0.0429935 0.198916 20.9812
0.168608 -0.0115891 0.985623 19.6153 0.0444008 0.999006 0.00415023 -0.578147 -0.984692 0.0430621 0.168957 21.1623
0.137299 -0.0125291 0.99046 20.6429 0.0453205 0.998953 0.0063546 -0.582581 -0.9895 0.044015 0.137722 21.3161
0.10646 -0.0125374 0.994246 21.7152 0.0444602 0.998981 0.00783589 -0.588147 -0.993332 0.0433696 0.10691 21.4562
0.0774412 -0.0131687 0.99692 22.7623 0.0441243 0.998979 0.0097686 -0.589511 -0.996028 0.0432312 0.0779423 21.5473
0.0493323 -0.0136763 0.998699 23.8336 0.0444107 0.998948 0.0114855 -0.59829 -0.997806 0.0437856 0.0498895 21.6097
0.0242397 -0.0130797 0.999632 24.9392 0.0473097 0.998811 0.011922 -0.585599 -0.998595 0.0470027 0.0248288 21.6278
0.00107642 -0.0126199 0.999931 26.0333 0.0510471 0.998618 0.0125479 -0.564436 -0.998707 0.0510292 0.00172102 21.6293
-0.020498 -0.0130395 0.999716 27.1568 0.0560854 0.998327 0.0141716 -0.560771 -0.998226 0.0563593 -0.0197332 21.6063
-0.0381812 -0.0138433 0.999186 28.2861 0.0600923 0.998064 0.0161235 -0.544122 -0.997474 0.0606582 -0.0372734 21.5578
-0.0546715 -0.0135351 0.998424 29.4443 0.0622234 0.99792 0.0169357 -0.539539 -0.996575 0.0630506 -0.0537163 21.4933
-0.0695149 -0.0146463 0.997485 30.5916 0.0641628 0.997757 0.0191213 -0.526317 -0.995527 0.0653297 -0.0684172 21.4114
-0.0826897 -0.0156991 0.996464 31.7481 0.0644028 0.997704 0.0210631 -0.513014 -0.994504 0.0659161 -0.0814894 21.3261
-0.0951826 -0.0158596 0.995346 32.9081 0.0641921 0.997695 0.0220352 -0.504323 -0.9934 0.0659897 -0.0939431 21.2335
-0.107272 -0.0145172 0.994136 34.0678 0.0638861 0.997728 0.0214634 -0.48132 -0.992188 0.0658131 -0.106101 21.1196
-0.116818 -0.0115381 0.993099 35.2488 0.0643296 0.997746 0.0191587 -0.470368 -0.99108 0.0661227 -0.11581 20.9764
-0.126468 -0.00956802 0.991937 36.4889 0.0641691 0.997782 0.0178059 -0.438843 -0.989906 0.0659029 -0.125574 20.8155
-0.133318 -0.00916053 0.991044 37.7181 0.0637077 0.997811 0.0177928 -0.415463 -0.989036 0.0655082 -0.132441 20.6566
-0.139254 -0.00882468 0.990231 38.9578 0.0633544 0.997835 0.0178023 -0.391759 -0.988242 0.0652137 -0.138394 20.4871
-0.145146 -0.00676204 0.9894 40.2349 0.0647755 0.997768 0.0163214 -0.365711 -0.987301 0.0664567 -0.144381 20.3074
-0.149364 -0.00529674 0.988783 41.5541 0.0634349 0.997878 0.0149285 -0.350108 -0.98676 0.0649522 -0.148711 20.1106
-0.153334 -0.00503212 0.988175 42.8679 0.0635375 0.997869 0.0149401 -0.341496 -0.986143 0.0650759 -0.152685 19.9176
-0.157273 -0.00600935 0.987553 44.2044 0.063285 0.997868 0.0161514 -0.319038 -0.985541 0.0650364 -0.156558 19.7166
-0.158858 -0.00807261 0.987282 45.5704 0.0637804 0.997795 0.0184208 -0.292491 -0.985252 0.0658943 -0.157991 19.5045
-0.161188 -0.0089036 0.9869 46.9445 0.063756 0.99778 0.0194157 -0.267652 -0.984878 0.0660493 -0.160263 19.2881
-0.163664 -0.00912823 0.986487 48.3484 0.0657365 0.997635 0.020137 -0.252628 -0.984337 0.0681428 -0.162674 19.0719
-0.163465 -0.00922456 0.986522 49.7576 0.0655423 0.997648 0.0201897 -0.213765 -0.984384 0.0679583 -0.162476 18.8349
-0.1653 -0.00943156 0.986212 51.1898 0.0661248 0.9976 0.0206235 -0.201219 -0.984038 0.0686208 -0.164277 18.604
-0.164116 -0.00904892 0.986415 52.6475 0.0658237 0.997631 0.0201044 -0.165888 -0.984257 0.0682281 -0.163132 18.3641
-0.16355 -0.00929007 0.986505 54.1172 0.0656105 0.99764 0.020272 -0.145597 -0.984365 0.0680392 -0.162552 18.1276
-0.163631 -0.0099032 0.986487 55.6017 0.065689 0.997623 0.0209121 -0.116783 -0.984347 0.0682223 -0.162592 17.8902
-0.161096 -0.0105864 0.986896 57.1246 0.0656901 0.997611 0.0214238 -0.0781059 -0.984765 0.0682792 -0.160014 17.6468
-0.159942 -0.0110057 0.98708 58.6608 0.0660924 0.997576 0.0218333 -0.0524806 -0.984926 0.0687296 -0.158828 17.3985
-0.160531 -0.0109293 0.986985 60.2094 0.065871 0.997592 0.0217602 -0.0206863 -0.984845 0.0685054 -0.159422 17.1507
-0.158119 -0.0112052 0.987372 61.7917 0.0665518 0.997542 0.0219795 0.0109111 -0.985189 0.0691857 -0.156985 16.8979
-0.158539 -0.0116935 0.987299 63.3751 0.0663175 0.997546 0.0224638 0.0456587 -0.985138 0.069035 -0.157373 16.6503
-0.156357 -0.0133574 0.987626 65.0089 0.0675098 0.997427 0.0241792 0.0842897 -0.985406 0.0704539 -0.155054 16.4002
-0.155673 -0.0148507 0.987712 66.6396 0.0686249 0.997309 0.0258107 0.12582 -0.985437 0.0717982 -0.154233 16.148
-0.156523 -0.0143795 0.987586 68.2717 0.0695126 0.997255 0.0255387 0.158642 -0.985241 0.0726458 -0.155095 15.8986
-0.154613 -0.014034 0.987891 69.9282 0.0703705 0.997204 0.0251796 0.19589 -0.985481 0.0734099 -0.153191 15.6386
-0.153982 -0.0145118 0.987984 71.6012 0.0702796 0.9972 0.0256019 0.243504 -0.985588 0.0733759 -0.152532 15.3894
-0.155233 -0.0153699 0.987774 73.2748 0.0707702 0.997139 0.0266371 0.275251 -0.985355 0.0740384 -0.153699 15.138
-0.153886 -0.0160291 0.987975 74.9924 0.0706669 0.997131 0.0271859 0.33018 -0.985575 0.0739993 -0.152312 14.8786
-0.154998 -0.0167866 0.987789 76.6936 0.0715393 0.997042 0.028169 0.36404 -0.985337 0.0750303 -0.153336 14.6208
-0.153462 -0.0168242 0.988028 78.4466 0.0720821 0.997002 0.0281741 0.418816 -0.985538 0.0755414 -0.15179 14.3555
-0.153529 -0.016836 0.988017 80.1999 0.0722058 0.996992 0.0282087 0.459839 -0.985519 0.0756698 -0.15185 14.0903
-0.155566 -0.0163832 0.987706 81.9553 0.0717431 0.997036 0.0278389 0.512291 -0.985234 0.0751904 -0.15393 13.8299
-0.15549 -0.0160845 0.987723 83.7422 0.0712405 0.997083 0.0274512 0.561797 -0.985282 0.0746326 -0.153889 13.5533
-0.156606 -0.0161549 0.987546 85.5353 0.0708451 0.997108 0.0275473 0.603788 -0.985134 0.0742753 -0.15501 13.2726
-0.158931 -0.0165487 0.987169 87.3363 0.070177 0.997143 0.0280137 0.652421 -0.98481 0.073727 -0.157313 13.0028
-0.158416 -0.0174801 0.987235 89.1665 0.0697582 0.997148 0.0288507 0.690922 -0.984923 0.0734367 -0.156745 12.7118
-0.158858 -0.0179193 0.987157 91.0021 0.0682022 0.997249 0.0290774 0.751038 -0.984961 0.0719436 -0.157197 12.4318
-0.162027 -0.0177394 0.986644 92.8483 0.0680241 0.99726 0.0291025 0.792649 -0.984457 0.0718294 -0.160376 12.1473
-0.163252 -0.0172158 0.986453 94.7139 0.0674104 0.997318 0.0285608 0.853879 -0.984297 0.0711579 -0.161652 11.8513
-0.168953 -0.0169512 0.985496 96.5865 0.0673475 0.997317 0.0287019 0.896776 -0.983339 0.0712183 -0.167358 11.5469
-0.171835 -0.0173226 0.984992 98.4893 0.0655841 0.997428 0.028982 0.939831 -0.982959 0.069578 -0.170255 11.2352
-0.176542 -0.0176514 0.984153 100.389 0.0647083 0.997469 0.0294992 0.996196 -0.982182 0.068889 -0.174953 10.9145
-0.182867 -0.0174659 0.983001 102.294 0.064128 0.997503 0.0296527 1.04357 -0.981063 0.0684585 -0.181288 10.5827
-0.185934 -0.016775 0.982438 104.21 0.0641114 0.997518 0.0291674 1.09094 -0.980487 0.0684069 -0.184398 10.2361
-0.190596 -0.0155472 0.981564 106.128 0.0637959 0.997567 0.0281878 1.14017 -0.979613 0.0679903 -0.189139 9.884
-0.197298 -0.0151399 0.980246 108.063 0.0631974 0.997606 0.0281296 1.19155 -0.978324 0.067497 -0.195869 9.5207
-0.200672 -0.0154004 0.979557 110.007 0.0624131 0.997646 0.0284702 1.24398 -0.977688 0.0668482 -0.199236 9.14404
-0.207731 -0.0156511 0.978081 111.966 0.0610754 0.997716 0.0289384 1.29662 -0.976297 0.0657462 -0.206301 8.7521
-0.211847 -0.0165458 0.977182 113.929 0.0607253 0.997704 0.0300577 1.34812 -0.975435 0.0657052 -0.210354 8.34726
-0.217304 -0.0169482 0.975977 115.898 0.0607707 0.997677 0.0308574 1.40483 -0.974231 0.0660143 -0.21577 7.92847
-0.224704 -0.0164911 0.974307 117.869 0.0606869 0.997681 0.0308825 1.45842 -0.972556 0.066065 -0.22318 7.49593
-0.228698 -0.0160487 0.973385 119.849 0.0601067 0.997726 0.0305736 1.52068 -0.971661 0.0654972 -0.227213 7.04291
-0.234649 -0.0163267 0.971963 121.837 0.0603367 0.997688 0.0313246 1.57168 -0.970227 0.0659931 -0.233119 6.58084
-0.242048 -0.0166686 0.970141 123.824 0.0594734 0.997719 0.0319825 1.63157 -0.968461 0.065437 -0.240505 6.11123
-0.245463 -0.0165115 0.969285 125.822 0.0586744 0.99777 0.031855 1.69052 -0.967649 0.0646892 -0.243944 5.6125
-0.253255 -0.0168118 0.967275 127.813 0.0580294 0.997786 0.0325373 1.75658 -0.965679 0.0643685 -0.251719 5.12074
-0.255909 -0.0177106 0.966559 129.828 0.0586396 0.997708 0.0338065 1.82367 -0.964942 0.0653277 -0.254281 4.59856
-0.259959 -0.0183797 0.965466 131.837 0.0596223 0.997607 0.0350471 1.88334 -0.9638 0.066672 -0.258241 4.07694
-0.266616 -0.0177822 0.963659 133.833 0.0590365 0.997653 0.0347428 1.93356 -0.962015 0.0661517 -0.264938 3.544
-0.267056 -0.0178041 0.963537 135.881 0.0586708 0.997676 0.034698 1.99375 -0.961915 0.0657958 -0.265391 3.00245
-0.270407 -0.0182412 0.962594 137.92 0.0574935 0.997732 0.0350575 2.0559 -0.96105 0.0648203 -0.268742 2.45523
-0.277629 -0.0174019 0.960552 139.934 0.0563365 0.997822 0.0343619 2.10287 -0.959058 0.0636519 -0.276043 1.87147
-0.279815 -0.017556 0.959915 142.018 0.054235 0.997949 0.0340607 2.15791 -0.958544 0.061589 -0.278286 1.29624
-0.286375 -0.0178934 0.957972 144.054 0.0530995 0.997994 0.0345163 2.22472 -0.956669 0.0607502 -0.28485 0.704533
-0.289511 -0.0188441 0.957012 146.124 0.0528125 0.99797 0.0356268 2.2756 -0.955741 0.0608537 -0.287925 0.100888
-0.294064 -0.0187523 0.955623 148.201 0.0526165 0.997975 0.0357763 2.34406 -0.954361 0.0607998 -0.292482 -0.516877
-0.300181 -0.0189917 0.953715 150.271 0.0523508 0.997968 0.0363498 2.40259 -0.952469 0.0608365 -0.298574 -1.14908
-0.303328 -0.0201592 0.952696 152.356 0.0518956 0.997945 0.0376415 2.47473 -0.951498 0.0608559 -0.301658 -1.79352
-0.307732 -0.0204361 0.951276 154.442 0.051959 0.997918 0.0382461 2.54584 -0.950078 0.0611941 -0.306026 -2.44941
-0.313271 -0.0197823 0.949481 156.545 0.0527371 0.99788 0.0381927 2.61799 -0.948224 0.0620348 -0.311563 -3.10917
-0.315136 -0.0197399 0.948864 158.626 0.0526661 0.997881 0.0382506 2.69229 -0.947609 0.0620242 -0.313425 -3.78726
-0.318803 -0.0182615 0.947668 160.726 0.0530168 0.997907 0.0370668 2.7625 -0.946363 0.0620567 -0.317168 -4.47162
-0.32413 -0.0177642 0.945868 162.834 0.0532457 0.997897 0.0369872 2.83355 -0.944538 0.0623492 -0.322499 -5.17806
-0.325884 -0.0174363 0.945273 164.937 0.0530211 0.997921 0.0366885 2.90501 -0.943949 0.0620728 -0.324282 -5.8847
-0.331279 -0.0176591 0.943391 167.053 0.0524126 0.997938 0.0370848 2.98215 -0.942102 0.0617279 -0.329667 -6.59942
-0.333288 -0.0178111 0.942681 169.17 0.0524744 0.997923 0.0374093 3.05265 -0.941391 0.0619319 -0.331661 -7.33024
-0.337135 -0.017731 0.941312 171.296 0.0531977 0.997868 0.0378487 3.12267 -0.939978 0.0628329 -0.335469 -8.0738
-0.342407 -0.0172841 0.939418 173.426 0.0543506 0.997794 0.0381703 3.18854 -0.938006 0.0641248 -0.340712 -8.82977
-0.34348 -0.0176654 0.939018 175.555 0.0547148 0.99775 0.0387836 3.26637 -0.937592 0.0646968 -0.341737 -9.59835
-0.346142 -0.0185774 0.938024 177.695 0.054239 0.997738 0.0397767 3.34069 -0.936642 0.0646428 -0.34435 -10.3667
-0.350875 -0.0184318 0.936265 179.852 0.0534134 0.997786 0.0396596 3.42651 -0.934925 0.063922 -0.34911 -11.1472
-0.35164 -0.0170075 0.936006 181.992 0.05257 0.997901 0.0378835 3.51207 -0.934687 0.0625243 -0.350008 -11.9248
-0.354738 -0.0157436 0.934857 184.154 0.0519654 0.997983 0.0365248 3.58174 -0.933548 0.0615343 -0.3532 -12.7273
-0.359408 -0.0147224 0.93309 186.322 0.0509946 0.998074 0.0353918 3.66586 -0.931815 0.0602997 -0.357964 -13.5381
-0.360921 -0.0143264 0.932511 188.473 0.0500583 0.998145 0.034709 3.74084 -0.93128 0.0592042 -0.359531 -14.356
-0.366571 -0.0142635 0.930307 190.654 0.0499355 0.998142 0.0349816 3.80556 -0.929079 0.0592755 -0.365177 -15.1858
-0.368426 -0.0156617 0.929551 192.814 0.0498265 0.998091 0.0365647 3.88939 -0.92835 0.0597847 -0.366939 -16.0312
-0.372274 -0.0166333 0.928 194.997 0.0496552 0.998053 0.0378105 3.96617 -0.926824 0.0601528 -0.370722 -16.8847
-0.377905 -0.0171336 0.925712 197.213 0.0496959 0.998015 0.0387588 4.03958 -0.924539 0.0606481 -0.3763 -17.758
-0.379959 -0.0173309 0.924868 199.377 0.04885 0.998056 0.038773 4.12809 -0.923744 0.0599088 -0.378373 -18.6321
-0.383716 -0.0170551 0.92332 201.567 0.0485043 0.998079 0.0385931 4.21265 -0.922206 0.0595906 -0.382149 -19.5172
-0.388423 -0.0174285 0.921343 203.772 0.0481601 0.998074 0.0391852 4.28891 -0.920253 0.0595894 -0.386834 -20.4144
-0.389872 -0.0172808 0.920733 205.955 0.0487154 0.99804 0.0393592 4.36578 -0.91961 0.0601957 -0.388262 -21.3224
-0.39441 -0.0174464 0.918796 208.154 0.049239 0.997985 0.0400886 4.44563 -0.917646 0.0610489 -0.392755 -22.2396
-0.395472 -0.0179732 0.91833 210.341 0.0502974 0.997888 0.04119 4.53199 -0.917131 0.0624757 -0.393728 -23.1725
-0.39797 -0.018364 0.917243 212.534 0.0507811 0.997829 0.0420119 4.61948 -0.916024 0.0632948 -0.396172 -24.1108
-0.402508 -0.0181201 0.915265 214.729 0.0504249 0.99785 0.0419302 4.70036 -0.914058 0.0630259 -0.400725 -25.0627
-0.403478 -0.0179914 0.91484 216.915 0.0498313 0.997894 0.0416041 4.78896 -0.913663 0.0623708 -0.401731 -26.0135
-0.406254 -0.0175321 0.91362 219.104 0.0494662 0.997931 0.0411455 4.87522 -0.912452 0.0619055 -0.404542 -26.9724
-0.410944 -0.0168256 0.911534 221.311 0.0489953 0.99798 0.0405115 4.95552 -0.910376 0.0613054 -0.409288 -27.9631
-0.412197 -0.0172253 0.910961 223.479 0.0473173 0.998071 0.0402824 5.03954 -0.909898 0.0597051 -0.410583 -28.911
-0.415212 -0.0168736 0.909597 225.665 0.0475628 0.998061 0.0402281 5.12116 -0.908514 0.0599627 -0.413603 -29.8983
-0.419745 -0.0178481 0.907496 227.869 0.0487989 0.99792 0.0421968 5.19555 -0.906363 0.0619933 -0.417997 -30.9061
-0.420895 -0.0195858 0.906927 230.039 0.0486005 0.997847 0.0441063 5.2868 -0.905841 0.0626378 -0.419036 -31.8882
-0.425425 -0.0202876 0.904796 232.249 0.0478975 0.997846 0.0448943 5.38436 -0.90376 0.0624332 -0.423533 -32.9099
-0.426781 -0.0207247 0.904147 234.42 0.0468534 0.997892 0.0449915 5.47388 -0.903175 0.0615604 -0.424909 -33.9065
-0.429884 -0.0209998 0.90267 236.604 0.0455672 0.997955 0.0449169 5.57022 -0.901768 0.0604377 -0.428044 -34.9238
-0.435492 -0.0220736 0.899952 238.791 0.0447767 0.997935 0.0461464 5.67052 -0.899114 0.0603897 -0.433603 -35.9618
-0.437112 -0.022402 0.89916 240.951 0.0443803 0.997939 0.0464376 5.76305 -0.898347 0.0601998 -0.435212 -36.9836
-0.440742 -0.0230737 0.897368 243.12 0.0437205 0.997935 0.0471347 5.8627 -0.896604 0.0600041 -0.438822 -38.0239
-0.446772 -0.0242673 0.894351 245.285 0.0429776 0.997901 0.0485463 5.95704 -0.893651 0.0601226 -0.444787 -39.0856
-0.449026 -0.0245228 0.893213 247.437 0.0424462 0.997914 0.0487373 6.06702 -0.892546 0.0597943 -0.447047 -40.1319
-0.452719 -0.0245337 0.891348 249.592 0.0423363 0.997907 0.0489694 6.16824 -0.890684 0.0599021 -0.450728 -41.1948
-0.457941 -0.0251244 0.888659 251.734 0.0425682 0.997838 0.0501492 6.27517 -0.888 0.0607904 -0.45588 -42.2735
-0.460055 -0.0259847 0.887543 253.864 0.0423076 0.997799 0.0511427 6.38557 -0.886919 0.0610746 -0.457939 -43.359
-0.465252 -0.0262048 0.884822 256.007 0.0413612 0.997831 0.0513018 6.49402 -0.884249 0.060462 -0.463157 -44.4567
-0.467205 -0.0260592 0.883799 258.152 0.0415839 0.997816 0.0514037 6.61104 -0.883208 0.060764 -0.465097 -45.5715
-0.4707 -0.0258174 0.881948 260.296 0.0417568 0.997804 0.0514966 6.7244 -0.881343 0.0610632 -0.468586 -46.687
-0.475754 -0.0257202 0.879237 262.443 0.042321 0.99775 0.0520869 6.82552 -0.878598 0.0619868 -0.473591 -47.8111
-0.477363 -0.0253626 0.878373 264.56 0.0426911 0.997738 0.052012 6.93566 -0.877708 0.0623238 -0.475198 -48.9551
-0.48027 -0.0250815 0.876797 266.689 0.0432094 0.997706 0.0522083 7.05938 -0.876095 0.062956 -0.478079 -50.1008
-0.484697 -0.0247798 0.874364 268.837 0.0435812 0.997678 0.0524353 7.17031 -0.873635 0.0635175 -0.482489 -51.2583
-0.48558 -0.0244198 0.873886 270.952 0.0437051 0.997686 0.0521642 7.28272 -0.873138 0.0635191 -0.483384 -52.4227
-0.490418 -0.0245342 0.871176 273.103 0.0438836 0.997645 0.0528015 7.4054 -0.870422 0.0641214 -0.488184 -53.6068
-0.491603 -0.0242844 0.870516 275.241 0.0439401 0.997651 0.0526452 7.52621 -0.86975 0.064127 -0.489377 -54.7836
-0.494846 -0.0242002 0.868678 277.399 0.043592 0.997667 0.052628 7.65715 -0.867928 0.0639064 -0.492634 -55.9892
-0.500496 -0.0239125 0.865445 279.541 0.0439189 0.997635 0.0529638 7.77794 -0.864665 0.0645135 -0.498257 -57.2057
-0.501767 -0.0237292 0.864712 281.708 0.0436626 0.997659 0.0527158 7.90658 -0.863942 0.0642027 -0.499554 -58.4353
-0.504564 -0.0238883 0.863081 283.877 0.0429112 0.997693 0.0527005 8.04077 -0.862348 0.0636225 -0.50237 -59.6763
-0.509855 -0.024046 0.85996 286.057 0.0429523 0.997656 0.0533642 8.16172 -0.85923 0.0641414 -0.507625 -60.9271
-0.510416 -0.0240302 0.859629 288.236 0.0434383 0.997618 0.05368 8.28338 -0.858871 0.0647357 -0.508152 -62.2052
-0.5124 -0.0249849 0.85842 290.416 0.0434153 0.99755 0.0549519 8.41214 -0.857692 0.065422 -0.510057 -63.4847
-0.516818 -0.0250578 0.855766 292.588 0.0431883 0.997541 0.0552919 8.55259 -0.855047 0.0655307 -0.51446 -64.7619
-0.517426 -0.0260356 0.855368 294.785 0.0425765 0.997521 0.05612 8.68942 -0.854711 0.0654526 -0.515033 -66.0701
-0.52175 -0.026727 0.852717 296.985 0.0423177 0.997473 0.0571572 8.82198 -0.852091 0.0659026 -0.519296 -67.3792
-0.522338 -0.0274514 0.852333 299.181 0.0423013 0.997422 0.0580503 8.95843 -0.851731 0.0663727 -0.519829 -68.7239
-0.524388 -0.027017 0.851089 301.389 0.0420791 0.997459 0.0575902 9.10496 -0.850482 0.0660084 -0.521914 -70.0598
-0.528296 -0.0262605 0.84869 303.619 0.0417333 0.997516 0.0568463 9.25928 -0.848077 0.0654463 -0.525886 -71.4171
-0.530392 -0.0260317 0.847391 305.826 0.0413851 0.997547 0.0565481 9.41215 -0.846786 0.0650578 -0.528009 -72.7738
-0.534826 -0.0269864 0.844568 308.069 0.0406028 0.99752 0.057588 9.55785 -0.84403 0.0650872 -0.532403 -74.1465
-0.54118 -0.0278193 0.840485 310.32 0.0396488 0.997502 0.0585464 9.71393 -0.840015 0.0650041 -0.538721 -75.5329
-0.544331 -0.028388 0.838428 312.549 0.0392877 0.997474 0.0592821 9.8605 -0.837995 0.0652047 -0.541838 -76.9457
-0.548498 -0.0287667 0.835696 314.782 0.0391874 0.997431 0.0600546 10.0098 -0.835277 0.0656843 -0.545957 -78.3731
-0.554583 -0.0290723 0.831658 317.016 0.0395076 0.997349 0.061212 10.1502 -0.831236 0.0667997 -0.551962 -79.8111
-0.556465 -0.0286542 0.830416 319.248 0.0399065 0.997336 0.0611558 10.3059 -0.829957 0.0671657 -0.553834 -81.2806
-0.562597 -0.0289434 0.826263 321.47 0.0400036 0.997269 0.0621744 10.4614 -0.825809 0.0680282 -0.5599 -82.7436
-0.564532 -0.029956 0.824908 323.706 0.040334 0.997153 0.0638143 10.6207 -0.824471 0.0692927 -0.561712 -84.2494
-0.568365 -0.031004 0.822231 325.931 0.0395116 0.997115 0.0649132 10.7807 -0.821874 0.0693776 -0.565497 -85.747
-0.575134 -0.0315996 0.81749 328.125 0.0387574 0.997086 0.0658096 10.9451 -0.817187 0.0695288 -0.572228 -87.2665
-0.576596 -0.0322212 0.816433 330.343 0.0383023 0.997064 0.0664032 11.113 -0.816179 0.0695545 -0.573666 -88.7943
-0.580593 -0.0325368 0.813586 332.553 0.039034 0.996947 0.0677258 11.2795 -0.813305 0.0710744 -0.577545 -90.328
-0.587275 -0.0332961 0.808743 334.726 0.0382219 0.996905 0.0688006 11.4501 -0.808534 0.0713117 -0.584182 -91.8836
-0.587561 -0.0355889 0.80844 336.952 0.036536 0.996855 0.0704374 11.6264 -0.808403 0.0709192 -0.584407 -93.4319
-0.591035 -0.0362487 0.805873 339.155 0.0361208 0.996806 0.0713312 11.8075 -0.805887 0.0712631 -0.587834 -95.0117
-0.595913 -0.0374695 0.802218 341.339 0.0359674 0.996672 0.0732699 11.99 -0.802292 0.0725119 -0.592576 -96.5965
-0.596111 -0.0385165 0.80202 343.524 0.0339022 0.996758 0.0730698 12.1654 -0.802237 0.0707429 -0.592869 -98.1835
-0.601147 -0.0388171 0.79824 345.708 0.0313557 0.996914 0.0720924 12.3491 -0.798573 0.0683631 -0.598068 -99.7775
-0.602036 -0.0399308 0.797513 347.885 0.0287162 0.997028 0.0716007 12.5223 -0.798005 0.0660027 -0.599096 -101.39
-0.605114 -0.0416822 0.795092 350.069 0.0275366 0.996944 0.0732219 12.7076 -0.795712 0.0661972 -0.602111 -103.012
-0.610276 -0.0426221 0.791086 352.236 0.0277052 0.996801 0.0750812 12.8955 -0.791758 0.0677324 -0.607138 -104.633
-0.61167 -0.0433559 0.789971 354.391 0.0265319 0.996821 0.0752527 13.0801 -0.79072 0.0669844 -0.608568 -106.281
-0.614483 -0.0449891 0.787691 356.55 0.0243886 0.996821 0.075962 13.2636 -0.788607 0.0658829 -0.611428 -107.926
-0.619163 -0.0469134 0.783908 358.715 0.0227815 0.996731 0.0776446 13.458 -0.784985 0.0659284 -0.616063 -109.584
-0.620929 -0.0490403 0.782377 360.863 0.021047 0.996647 0.0791778 13.6521 -0.783639 0.0656253 -0.617811 -111.263
-0.624013 -0.049603 0.779886 363.005 0.0199365 0.996658 0.0793431 13.8478 -0.781213 0.0650545 -0.620932 -112.93
-0.628925 -0.0499927 0.775904 365.123 0.0190668 0.996648 0.0796735 14.0487 -0.777287 0.0648974 -0.625859 -114.586
-0.629511 -0.0508143 0.775378 367.251 0.0185644 0.996601 0.0803854 14.2484 -0.776825 0.0649929 -0.626421 -116.288
-0.635345 -0.0513329 0.770569 369.339 0.0178246 0.996557 0.0810869 14.4528 -0.77208 0.0652479 -0.632237 -117.957
-0.635462 -0.0531477 0.77035 371.469 0.0151411 0.996589 0.0812473 14.6379 -0.772039 0.0632887 -0.632482 -119.668
-0.637883 -0.0574233 0.768039 373.577 0.00498545 0.996898 0.0786776 14.8161 -0.770175 0.0540108 -0.635612 -121.358
-0.643426 -0.0535951 0.76368 375.653 -0.00296722 0.997723 0.0675216 15.0285 -0.765557 0.0411744 -0.642114 -123.045
-0.642696 -0.0462305 0.764775 377.748 0.00517984 0.997903 0.064679 15.161 -0.766162 0.045525 -0.641104 -124.76
-0.644448 -0.0460389 0.763311 379.819 0.0124449 0.997432 0.070668 15.3074 -0.764602 0.0550365 -0.642214 -126.482
-0.649818 -0.0540381 0.758218 381.862 0.0134577 0.996506 0.0825575 15.5122 -0.76003 0.0638455 -0.646814 -128.217
-0.651069 -0.0643334 0.756339 383.918 0.00801349 0.995774 0.0915989 15.7353 -0.759032 0.0656934 -0.647795 -129.937
-0.654391 -0.0708424 0.752883 386.03 0.00198822 0.99545 0.0953973 15.9808 -0.756215 0.0639186 -0.651264 -131.713
-0.65574 -0.0717409 0.751624 388.07 0.000726633 0.995425 0.0956469 16.2217 -0.755044 0.0632608 -0.652682 -133.44
-0.658403 -0.0675014 0.749686 390.109 0.00519562 0.995552 0.0942048 16.437 -0.75271 0.0659144 -0.655115 -135.194
-0.660877 -0.0602914 0.748122 392.189 0.0110771 0.995888 0.0900453 16.6614 -0.75047 0.0677914 -0.657484 -136.995
-0.662627 -0.057556 0.746789 394.189 0.0115855 0.996149 0.0870571 16.8786 -0.748922 0.0663328 -0.6594 -138.738
-0.665563 -0.0577644 0.744157 396.21 0.0116483 0.996088 0.0877395 17.1021 -0.746309 0.0670597 -0.662279 -140.512
-0.669117 -0.0583254 0.740922 398.258 0.0124763 0.995907 0.089668 17.3255 -0.743118 0.0692367 -0.665642 -142.319
-0.671119 -0.0596753 0.739 400.229 0.0123053 0.995734 0.0915832 17.542 -0.741308 0.0705521 -0.667513 -144.073
-0.672931 -0.0601101 0.737317 402.221 0.0119913 0.995689 0.0921213 17.7633 -0.739674 0.070827 -0.669301 -145.866
-0.67468 -0.0598595 0.735738 404.258 0.0127102 0.995631 0.092661 18.0111 -0.738064 0.0718628 -0.670961 -147.701
-0.675467 -0.0603537 0.734975 406.208 0.0124974 0.995579 0.093242 18.2304 -0.737351 0.0721615 -0.671718 -149.467
-0.677034 -0.0623522 0.733366 408.237 0.0125001 0.995302 0.0961639 18.4626 -0.735911 0.0742683 -0.673062 -151.311
-0.677717 -0.0648378 0.732519 410.178 0.0127678 0.994932 0.0998802 18.6938 -0.73528 0.0770376 -0.673446 -153.084
-0.679144 -0.0678187 0.730926 412.145 0.0123226 0.994545 0.103729 18.9373 -0.733968 0.0794491 -0.674591 -154.889
-0.682141 -0.0687969 0.728038 414.108 0.0105041 0.994555 0.103826 19.186 -0.731214 0.078466 -0.677695 -156.693
-0.682791 -0.0692639 0.727384 416.042 0.00639558 0.994908 0.100743 19.4221 -0.730653 0.0734334 -0.678858 -158.475
-0.684197 -0.0734916 0.725647 418.002 0.000562389 0.994873 0.101291 19.6626 -0.729367 0.0697053 -0.680636 -160.278
-0.685977 -0.0748013 0.72383 419.988 2.86458e-05 0.994716 0.102823 19.9053 -0.727691 0.0705501 -0.682338 -162.126
-0.686169 -0.0764887 0.723472 421.92 -0.00152937 0.994623 0.103708 20.1396 -0.727511 0.070049 -0.682586 -163.929
-0.687299 -0.0758608 0.722466 423.867 -0.00225875 0.994768 0.102306 20.4048 -0.72644 0.0686777 -0.683861 -165.744
-0.689535 -0.0758685 0.720331 425.804 -0.00212318 0.994724 0.102739 20.6644 -0.72432 0.069307 -0.686047 -167.562
-0.689215 -0.0777748 0.720434 427.733 -0.00184533 0.994426 0.10559 20.9181 -0.724624 0.0714393 -0.685503 -169.381
-0.690246 -0.0802672 0.719173 429.685 -0.00141506 0.993995 0.109584 21.1821 -0.723644 0.0746167 -0.686203 -171.234
-0.689524 -0.0819014 0.719681 431.635 0.00301492 0.99327 0.115927 21.457 -0.724326 0.0820985 -0.684624 -173.081
-0.688471 -0.0836949 0.720482 433.567 0.0064957 0.992588 0.121514 21.733 -0.725305 0.0883329 -0.682813 -174.914
-0.68767 -0.0860729 0.720966 435.488 0.00181043 0.992759 0.120249 22.0355 -0.726091 0.0839915 -0.682522 -176.704
-0.6852 -0.0885433 0.72302 437.459 -0.00593776 0.993251 0.116012 22.3422 -0.728404 0.075192 -0.681089 -178.538
-0.683231 -0.0912873 0.724537 439.408 -0.0109862 0.993345 0.114797 22.6356 -0.730189 0.0704674 -0.679674 -180.346
-0.681731 -0.0933553 0.725687 441.323 -0.0104679 0.992989 0.11791 22.9119 -0.7316 0.0727809 -0.677916 -182.132
-0.679041 -0.0924606 0.728318 443.3 -0.00743407 0.99287 0.119116 23.2036 -0.734132 0.0754649 -0.674875 -183.964
-0.676488 -0.0921905 0.730726 445.25 -0.00576854 0.992787 0.119915 23.5018 -0.736503 0.0768995 -0.672128 -185.759
-0.676823 -0.093421 0.730258 447.187 -0.00843616 0.992853 0.119197 23.7927 -0.736167 0.0745092 -0.672762 -187.525
-0.672518 -0.0982443 0.733595 449.15 -0.0146163 0.99274 0.119552 24.0859 -0.740008 0.0696726 -0.66906 -189.302
-0.672127 -0.105127 0.733 451.091 -0.0256425 0.992601 0.118847 24.3994 -0.740061 0.0610785 -0.669837 -191.031
-0.669519 -0.109057 0.734811 453.076 -0.0324492 0.992534 0.117743 24.6865 -0.742158 0.054981 -0.668047 -192.804
-0.668735 -0.110472 0.735313 455.056 -0.0347805 0.992485 0.117479 24.9744 -0.742756 0.0529824 -0.66754 -194.567
-0.669582 -0.111301 0.734418 457.011 -0.0334058 0.992242 0.119919 25.2609 -0.742059 0.0557561 -0.668093 -196.318
-0.66745 -0.112897 0.736112 458.999 -0.0314968 0.991857 0.123563 25.5611 -0.744058 0.0592807 -0.665558 -198.112
-0.666376 -0.114988 0.736762 460.972 -0.0322645 0.99158 0.125579 25.8791 -0.744991 0.0599056 -0.664462 -199.869
-0.667964 -0.116208 0.735129 462.943 -0.035049 0.99157 0.1249 26.1912 -0.743437 0.0576574 -0.666393 -201.613
-0.664536 -0.116203 0.738233 464.905 -0.0357679 0.991671 0.123901 26.5007 -0.746474 0.0559256 -0.663144 -203.373
-0.663037 -0.116612 0.739513 466.889 -0.0361368 0.991648 0.123972 26.8137 -0.747783 0.0554686 -0.6617 -205.126
-0.666403 -0.115918 0.736593 468.871 -0.0330978 0.991488 0.12609 27.1224 -0.744931 0.0596409 -0.664554 -206.899
-0.663978 -0.115755 0.738803 470.823 -0.0294705 0.99125 0.128824 27.4413 -0.747241 0.0637572 -0.661566 -208.629
-0.664082 -0.117634 0.738414 472.814 -0.03113 0.99106 0.129889 27.7602 -0.747083 0.0632641 -0.661795 -210.399
-0.661646 -0.118593 0.740444 474.793 -0.0315133 0.990961 0.130558 28.0853 -0.749225 0.0630434 -0.659388 -212.154
-0.660561 -0.120035 0.741181 476.789 -0.0316597 0.990734 0.132237 28.4183 -0.750176 0.0638788 -0.658229 -213.903
-0.661347 -0.121604 0.740224 478.775 -0.032651 0.990525 0.133553 28.7448 -0.74944 0.0641493 -0.659037 -215.64
-0.659536 -0.121692 0.741824 480.757 -0.0333132 0.990593 0.132886 29.0768 -0.751007 0.0629245 -0.657373 -217.373
-0.658838 -0.121508 0.742474 482.744 -0.0339534 0.990689 0.132001 29.4091 -0.75159 0.0617517 -0.656815 -219.124
-0.659256 -0.122785 0.741893 484.746 -0.03459 0.990508 0.133197 29.7365 -0.751195 0.0621429 -0.657233 -220.879
-0.657378 -0.12475 0.743232 486.717 -0.0353732 0.990247 0.134924 30.0698 -0.752804 0.0623993 -0.655364 -222.616
-0.657368 -0.125936 0.74304 488.708 -0.0366974 0.99014 0.135353 30.4041 -0.752749 0.061703 -0.655495 -224.349
-0.659621 -0.127172 0.74083 490.692 -0.037777 0.98997 0.136305 30.7428 -0.750723 0.0619166 -0.657793 -226.069
-0.658443 -0.126709 0.741957 492.668 -0.0369376 0.990003 0.136292 31.0914 -0.751799 0.0623281 -0.656527 -227.8
-0.660464 -0.12682 0.740139 494.657 -0.0372184 0.989975 0.136418 31.4286 -0.750009 0.0625457 -0.658547 -229.532
-0.659595 -0.128268 0.740666 496.631 -0.0372288 0.989721 0.138249 31.771 -0.750775 0.0636077 -0.657576 -231.264
-0.659516 -0.130612 0.740326 498.625 -0.0383411 0.989376 0.140395 32.1225 -0.750788 0.0642013 -0.657501 -233.011
-0.661275 -0.131328 0.738628 500.617 -0.0385837 0.989231 0.141346 32.4725 -0.749227 0.0649634 -0.659208 -234.768
-0.660056 -0.131865 0.739623 502.601 -0.0391188 0.989195 0.141451 32.8164 -0.750273 0.0644258 -0.658067 -236.518
-0.659921 -0.131866 0.739743 504.583 -0.0389034 0.989178 0.141628 33.1704 -0.750404 0.0646784 -0.657896 -238.255
-0.661231 -0.132409 0.738476 506.561 -0.0391873 0.989077 0.142255 33.5211 -0.749235 0.0651174 -0.659181 -239.996
-0.659592 -0.133193 0.739799 508.53 -0.0390331 0.98894 0.14325 33.8786 -0.750687 0.0656035 -0.657481 -241.741
-0.660389 -0.133218 0.739084 510.504 -0.0393391 0.988948 0.143107 34.2282 -0.749969 0.0654245 -0.658316 -243.466
-0.659619 -0.134111 0.739608 512.503 -0.0402627 0.988868 0.143403 34.5976 -0.750598 0.0648063 -0.657662 -245.246
-0.659465 -0.135511 0.739493 514.494 -0.0412695 0.988685 0.144373 34.9587 -0.75068 0.0646835 -0.65758 -246.991
-0.659866 -0.136647 0.738925 516.444 -0.0418952 0.98851 0.145392 35.3094 -0.750293 0.0649752 -0.657994 -248.699
-0.658485 -0.13821 0.739867 518.436 -0.0422006 0.988252 0.147052 35.6818 -0.751487 0.0656017 -0.656566 -250.456
-0.658025 -0.137813 0.740349 520.409 -0.0425076 0.988365 0.146203 36.046 -0.751874 0.0647277 -0.656213 -252.194
-0.660014 -0.137538 0.73863 522.391 -0.0422671 0.988365 0.146273 36.4138 -0.750143 0.0653148 -0.658132 -253.926
-0.658206 -0.137996 0.740155 524.367 -0.0422777 0.988306 0.146668 36.7811 -0.751729 0.0652383 -0.656328 -255.671
-0.658421 -0.139168 0.739747 526.335 -0.0421638 0.988059 0.148356 37.1576 -0.751546 0.0664821 -0.656412 -257.394
-0.65992 -0.140458 0.738163 528.289 -0.0434301 0.987884 0.149151 37.5208 -0.750159 0.066362 -0.658011 -259.087
-0.658868 -0.140896 0.739022 530.279 -0.0439842 0.987864 0.149126 37.8878 -0.751051 0.065741 -0.657054 -260.837
-0.659366 -0.141569 0.738447 532.247 -0.043609 0.987684 0.150415 38.263 -0.750636 0.0669683 -0.657405 -262.574
-0.66131 -0.141804 0.736664 534.208 -0.0431479 0.98756 0.151368 38.6392 -0.748952 0.0683073 -0.659185 -264.28
-0.660018 -0.142785 0.737631 536.184 -0.0429145 0.987361 0.152729 39.0145 -0.750104 0.0691414 -0.657789 -266.032
-0.662395 -0.141503 0.735748 538.155 -0.0429361 0.987583 0.151284 39.3874 -0.748005 0.0686109 -0.660228 -267.763
-0.661558 -0.14062 0.736667 540.129 -0.0436045 0.987839 0.14941 39.7605 -0.748706 0.0667135 -0.65963 -269.5
-0.661471 -0.140365 0.736796 542.09 -0.0428268 0.987823 0.14974 40.1315 -0.748828 0.0674855 -0.659411 -271.232
-0.663453 -0.143598 0.734387 544.069 -0.0434858 0.987179 0.153746 40.5143 -0.747036 0.0700597 -0.661177 -272.975
-0.662109 -0.145999 0.735128 546.011 -0.0433427 0.986684 0.156923 40.8986 -0.748237 0.0720289 -0.659603 -274.701
-0.662257 -0.145551 0.735081 547.996 -0.0426184 0.986707 0.156982 41.283 -0.748147 0.0726264 -0.659641 -276.459
-0.663855 -0.144825 0.733785 549.952 -0.0423317 0.986801 0.156467 41.6852 -0.746747 0.0727997 -0.661206 -278.191
-0.662379 -0.144586 0.735161 551.92 -0.0416494 0.986816 0.156556 42.0751 -0.748092 0.0730728 -0.659653 -279.929
-0.663652 -0.144889 0.733957 553.87 -0.0405484 0.986616 0.158104 42.4646 -0.747027 0.0751555 -0.660627 -281.638
-0.66264 -0.145699 0.734705 555.857 -0.0395918 0.986365 0.1599 42.8672 -0.747972 0.0768599 -0.659359 -283.418
-0.662327 -0.147316 0.734669 557.835 -0.0405653 0.986119 0.161168 43.2696 -0.7482 0.0769346 -0.659092 -285.169
-0.663627 -0.149208 0.73311 559.809 -0.0426403 0.985886 0.162058 43.677 -0.74693 0.0762783 -0.660608 -286.916
-0.661541 -0.150205 0.734793 561.77 -0.0434726 0.985797 0.162378 44.0818 -0.748731 0.0754668 -0.658658 -288.659
-0.661503 -0.15041 0.734782 563.742 -0.0431391 0.985718 0.162943 44.4937 -0.748783 0.0760815 -0.658529 -290.402
-0.661893 -0.152914 0.733918 565.697 -0.0462678 0.985468 0.163601 44.8923 -0.748254 0.0743198 -0.659332 -292.125
-0.660412 -0.15455 0.734905 567.667 -0.0474399 0.98525 0.16457 45.3036 -0.749487 0.0738117 -0.657988 -293.876
-0.660729 -0.154615 0.734611 569.613 -0.0483723 0.985322 0.163878 45.7186 -0.74915 0.0727341 -0.658493 -295.596
-0.659596 -0.152944 0.735975 571.578 -0.0463539 0.98552 0.163262 46.1301 -0.750274 0.0735632 -0.65712 -297.354
-0.658935 -0.152233 0.736717 573.556 -0.044753 0.985536 0.163623 46.5403 -0.750953 0.0748364 -0.656199 -299.098
-0.659284 -0.153104 0.736221 575.498 -0.0443025 0.985287 0.165229 46.9493 -0.750671 0.076308 -0.656352 -300.802
-0.657819 -0.153358 0.737482 577.473 -0.0431239 0.985144 0.166396 47.3591 -0.752028 0.0776448 -0.654642 -302.54
-0.657702 -0.153322 0.737591 579.379 -0.0431745 0.98516 0.166288 47.7629 -0.752125 0.0775143 -0.654546 -304.225
-0.656011 -0.153722 0.739016 581.359 -0.043329 0.985125 0.166455 48.189 -0.753594 0.0771652 -0.652896 -305.951
-0.65565 -0.154006 0.739274 583.325 -0.0429998 0.985035 0.167071 48.6073 -0.753926 0.0777424 -0.652445 -307.665
-0.654678 -0.155126 0.739904 585.295 -0.0430352 0.984808 0.168396 49.0224 -0.754769 0.0783925 -0.651391 -309.392
-0.655171 -0.155515 0.739384 587.225 -0.0426524 0.984667 0.169315 49.443 -0.754362 0.0793845 -0.651743 -311.077
-0.653774 -0.156858 0.74034 589.186 -0.0437658 0.98451 0.169947 49.866 -0.755511 0.0786939 -0.650495 -312.786
-0.653573 -0.158047 0.740261 591.157 -0.0451989 0.98439 0.170267 50.297 -0.7556 0.0778136 -0.650499 -314.492
-0.651906 -0.158239 0.741692 593.135 -0.0464921 0.984517 0.169184 50.726 -0.756961 0.0757981 -0.649152 -316.215
-0.652462 -0.15861 0.741121 595.122 -0.0455413 0.984322 0.170568 51.149 -0.75654 0.0775283 -0.649441 -317.93
-0.653382 -0.159684 0.740081 597.056 -0.0451814 0.984015 0.172431 51.5726 -0.755768 0.0792143 -0.650134 -319.612
-0.652075 -0.160299 0.741099 599.049 -0.0446752 0.983849 0.173501 52.0205 -0.756925 0.0800171 -0.64869 -321.345
-0.652319 -0.160111 0.740927 601.029 -0.0452984 0.983954 0.17275 52.4581 -0.756678 0.0791141 -0.649087 -323.055
-0.653139 -0.15916 0.740408 602.978 -0.0456034 0.984186 0.171339 52.8876 -0.755953 0.0781328 -0.650053 -324.738
-0.651772 -0.158711 0.741711 604.973 -0.0454505 0.984307 0.170686 53.3254 -0.757142 0.0775254 -0.648739 -326.458
-0.652678 -0.159092 0.74083 606.903 -0.0451036 0.984161 0.171614 53.7571 -0.756383 0.0785838 -0.649499 -328.138
-0.652633 -0.160269 0.740618 608.942 -0.0449085 0.983868 0.173338 54.1992 -0.756433 0.0798539 -0.649284 -329.9
-0.652705 -0.162137 0.740146 610.929 -0.0449479 0.983429 0.175798 54.6349 -0.756369 0.0814653 -0.649161 -331.618
-0.653718 -0.163092 0.739044 612.896 -0.0452119 0.983205 0.176985 55.0773 -0.755478 0.0822724 -0.650094 -333.327
-0.652817 -0.163509 0.739747 614.872 -0.0459225 0.983205 0.1768 55.5307 -0.756216 0.0814358 -0.649345 -335.051
-0.652491 -0.163858 0.739959 616.855 -0.0461183 0.983152 0.177048 55.9756 -0.756484 0.0813838 -0.649037 -336.767
-0.652575 -0.164236 0.7398 618.815 -0.0459376 0.983039 0.177719 56.4224 -0.756423 0.0819787 -0.649035 -338.468
-0.651873 -0.165025 0.740244 620.819 -0.0453656 0.982805 0.179154 56.8787 -0.757063 0.0831913 -0.648133 -340.209
-0.651607 -0.16521 0.740437 622.805 -0.0448976 0.982717 0.179762 57.3331 -0.75732 0.0838782 -0.647746 -341.92
-0.651794 -0.165734 0.740157 624.757 -0.0438432 0.982466 0.181386 57.7764 -0.757222 0.0857627 -0.647612 -343.607
-0.651154 -0.166106 0.740635 626.782 -0.043255 0.982326 0.182286 58.2391 -0.757806 0.0866475 -0.646813 -345.359
-0.651685 -0.166395 0.740104 628.734 -0.0429201 0.982201 0.183035 58.6966 -0.757369 0.087503 -0.647208 -347.035
-0.650798 -0.167408 0.740656 630.739 -0.0422634 0.981899 0.184804 59.1585 -0.758169 0.0889543 -0.646075 -348.771
-0.649872 -0.167757 0.741391 632.711 -0.0420219 0.98181 0.185327 59.6178 -0.758977 0.0892707 -0.64508 -350.466
-0.650042 -0.168008 0.741184 634.657 -0.0425774 0.981808 0.185215 60.0704 -0.758801 0.0888264 -0.645351 -352.136
-0.648488 -0.167623 0.742633 636.638 -0.0422974 0.981916 0.184702 60.5391 -0.760145 0.0883518 -0.643831 -353.843
-0.647829 -0.168569 0.742992 638.63 -0.0420565 0.981672 0.186056 60.9978 -0.760719 0.0892711 -0.643026 -355.532
-0.647269 -0.168746 0.743443 640.583 -0.0411088 0.981532 0.187 61.463 -0.76125 0.0904632 -0.642232 -357.191
-0.646579 -0.169623 0.743842 642.606 -0.0411246 0.981334 0.188036 61.9425 -0.761835 0.0909764 -0.641466 -358.908
-0.645868 -0.170532 0.744255 644.54 -0.0426197 0.981303 0.187866 62.4008 -0.762357 0.0896024 -0.641039 -360.555
-0.644514 -0.171388 0.74523 646.567 -0.0430485 0.981177 0.188425 62.893 -0.763478 0.0893471 -0.63974 -362.277
-0.644769 -0.170754 0.745157 648.53 -0.0419013 0.981195 0.18859 63.3642 -0.763327 0.0903593 -0.639777 -363.958
