1 0 0 0 0 1 0 0 0 0 1 0
0.951331 0.307523 0.0200809 -0.0587119 -0.305992 0.934821 0.180228 0.117112 0.0366513 -0.177601 0.983423 1.56209
0.951335 0.30748 0.0204253 -0.0427042 -0.305956 0.93455 0.181679 0.376567 0.0367741 -0.179087 0.983146 3.03859
0.951036 0.308561 0.018055 -0.0304182 -0.306542 0.934099 0.183013 0.644818 0.0396046 -0.179586 0.982948 4.54863
0.950867 0.30906 0.018271 -0.0151453 -0.307047 0.933823 0.18357 0.911343 0.0396723 -0.180161 0.982837 6.01417
0.950832 0.309305 0.0158921 -0.00344814 -0.306789 0.933575 0.185259 1.18187 0.0424642 -0.181025 0.982564 7.51604
0.950902 0.309149 0.0145745 0.00680471 -0.306353 0.933522 0.186243 1.45494 0.0439709 -0.181564 0.982396 8.99334
0.951184 0.308264 0.0150668 0.0162005 -0.305534 0.933609 0.187152 1.7131 0.0436247 -0.182619 0.982219 10.4521
0.951439 0.307578 0.0126618 0.0314969 -0.304354 0.933702 0.188603 1.98801 0.0461875 -0.183297 0.981973 11.9337
0.951398 0.307742 0.0119251 0.0343282 -0.304331 0.933498 0.18965 2.25727 0.04723 -0.184061 0.981783 13.3978
0.951216 0.308271 0.0125914 0.0389138 -0.304949 0.9332 0.190118 2.52616 0.0468572 -0.184682 0.981682 14.843
0.950979 0.309067 0.0109943 0.0424975 -0.305356 0.932737 0.191735 2.79947 0.0490028 -0.185692 0.981389 16.3113
0.950628 0.310138 0.0110817 0.0453677 -0.306354 0.932125 0.19311 3.07568 0.049561 -0.18697 0.981116 17.7625
0.950484 0.310533 0.0124762 0.0499642 -0.306983 0.931842 0.193484 3.34468 0.0484561 -0.187733 0.981028 19.1945
0.950483 0.310589 0.0108963 0.0523478 -0.306665 0.93163 0.194997 3.61982 0.0504125 -0.188682 0.980745 20.6513
0.950416 0.310743 0.0124274 0.0621531 -0.307112 0.931511 0.194867 3.88808 0.0489761 -0.18902 0.980755 22.0717
0.950204 0.311433 0.0112134 0.0599405 -0.307479 0.931065 0.196408 4.16398 0.0507273 -0.190075 0.98046 23.5157
0.950072 0.311821 0.0117823 0.0629326 -0.30794 0.930798 0.196954 4.43684 0.0504462 -0.190748 0.980346 24.9398
0.949915 0.312217 0.0136732 0.0713832 -0.308718 0.930671 0.196332 4.70175 0.0485728 -0.19072 0.980444 26.3431
0.949822 0.312567 0.0120987 0.0687785 -0.308764 0.930659 0.196321 4.98335 0.0501027 -0.190205 0.980468 27.7637
0.950018 0.311941 0.0127837 0.0729269 -0.308263 0.930755 0.196653 5.24924 0.0494455 -0.190764 0.980391 29.1719
0.950424 0.310599 0.0151881 0.091378 -0.307363 0.93085 0.197608 5.51013 0.047238 -0.192479 0.980167 30.56
0.950722 0.309721 0.0143681 0.0967902 -0.306269 0.930885 0.199139 5.78334 0.0483023 -0.193726 0.979868 31.9633
0.950929 0.309013 0.0159451 0.112653 -0.305923 0.931181 0.198281 6.03948 0.0464223 -0.193427 0.980019 33.3347
0.95089 0.309174 0.0150185 0.114413 -0.305919 0.93126 0.197917 6.3093 0.0472045 -0.192791 0.980106 34.6956
0.950762 0.309542 0.0156771 0.12374 -0.306432 0.931204 0.197384 6.57707 0.046499 -0.192468 0.980204 36.0404
0.950676 0.309668 0.0180601 0.142524 -0.307053 0.931183 0.196517 6.82821 0.0440378 -0.192369 0.980337 37.3709
0.950428 0.310384 0.0189191 0.155283 -0.307881 0.930725 0.197388 7.08689 0.0436565 -0.193427 0.980146 38.6943
0.950513 0.309979 0.0211052 0.164946 -0.307868 0.930533 0.198315 7.34065 0.0418342 -0.194997 0.979915 39.9974
0.950595 0.309476 0.0245745 0.183117 -0.308046 0.930431 0.198517 7.57536 0.0385704 -0.196278 0.979793 41.2834
0.950456 0.309781 0.0260194 0.202085 -0.30862 0.930195 0.19873 7.8275 0.0373597 -0.196913 0.979712 42.5447
0.950409 0.309541 0.0303069 0.234793 -0.309281 0.930282 0.197294 8.06063 0.0328755 -0.196882 0.97988 43.7846
0.950672 0.308485 0.0326791 0.251324 -0.308792 0.930978 0.194754 8.28335 0.0296551 -0.195237 0.980311 45.0239
0.95063 0.30805 0.0376741 0.293018 -0.309428 0.93146 0.191416 8.49869 0.0238727 -0.193621 0.98079 46.2434
0.950559 0.308099 0.0390059 0.316749 -0.309746 0.931471 0.190844 8.73217 0.0224659 -0.193489 0.980848 47.4669
0.950345 0.307952 0.0449677 0.359491 -0.310789 0.931472 0.189139 8.93921 0.0163585 -0.193721 0.980924 48.6632
0.94967 0.309072 0.0510992 0.407653 -0.313103 0.931152 0.186879 9.16071 0.0101779 -0.193472 0.981056 49.8421
0.948703 0.310632 0.0590221 0.463727 -0.316182 0.930564 0.184619 9.38375 0.00242379 -0.193809 0.981041 50.9991
0.948155 0.310803 0.0664365 0.511872 -0.317787 0.930364 0.182854 9.5855 -0.00497873 -0.194484 0.980896 52.1659
0.946664 0.312824 0.0773454 0.595011 -0.321856 0.929686 0.179156 9.78201 -0.0158637 -0.194492 0.98078 53.3161
0.945001 0.314703 0.089142 0.672381 -0.325917 0.928994 0.175358 9.98096 -0.0276269 -0.194764 0.980464 54.4605
0.94304 0.31626 0.103288 0.766601 -0.330058 0.928375 0.170839 10.1644 -0.0418617 -0.195197 0.979874 55.581
0.940665 0.317469 0.119896 0.890156 -0.334307 0.927618 0.166629 10.3351 -0.0583178 -0.196822 0.978707 56.6838
0.938277 0.317888 0.136373 1.01173 -0.337706 0.927172 0.162206 10.511 -0.0748788 -0.198246 0.977292 57.7844
0.935531 0.317638 0.154596 1.16946 -0.340574 0.927207 0.155879 10.6757 -0.0938296 -0.198479 0.975608 58.865
0.93229 0.316989 0.174264 1.35036 -0.343099 0.927513 0.148348 10.8288 -0.114608 -0.198091 0.973465 59.9308
0.929202 0.314934 0.193426 1.53533 -0.344007 0.928304 0.141108 10.9859 -0.135118 -0.197655 0.97092 60.9885
0.925913 0.310079 0.215758 1.75482 -0.342817 0.929637 0.135119 11.1001 -0.15868 -0.199071 0.967058 62.0313
0.922185 0.305299 0.237452 1.99101 -0.341483 0.930963 0.129224 11.2326 -0.181606 -0.200252 0.962772 63.0545
0.917406 0.301065 0.260275 2.24806 -0.340233 0.932595 0.120469 11.3511 -0.206463 -0.19907 0.957995 64.0562
0.911841 0.295916 0.284597 2.54367 -0.337707 0.934803 0.110006 11.4316 -0.233489 -0.196415 0.952322 65.0561
0.904828 0.293321 0.308651 2.83836 -0.337872 0.935738 0.101213 11.5366 -0.259128 -0.195862 0.945782 66.0213
0.895873 0.291975 0.334932 3.17293 -0.339398 0.936164 0.0917088 11.6226 -0.286773 -0.195831 0.937777 66.9644
0.885924 0.291081 0.361149 3.52348 -0.341163 0.936411 0.0821532 11.6935 -0.31427 -0.195989 0.928889 67.9024
0.875146 0.28893 0.388147 3.89743 -0.341326 0.93719 0.0719379 11.7448 -0.342981 -0.195437 0.918794 68.8166
0.862747 0.289193 0.414792 4.29626 -0.341912 0.937995 0.0571815 11.8079 -0.372535 -0.191153 0.908125 69.7052
0.850152 0.289017 0.440147 4.71241 -0.341161 0.939053 0.0423286 11.8442 -0.401086 -0.186143 0.896937 70.5749
0.836242 0.287984 0.466671 5.15306 -0.340005 0.939974 0.0291947 11.8816 -0.43025 -0.183081 0.883956 71.4144
0.819798 0.286786 0.495686 5.61978 -0.340377 0.940099 0.0190196 11.8856 -0.460536 -0.184309 0.868304 72.2667
0.801327 0.28704 0.524884 6.09772 -0.343678 0.939026 0.0111557 11.8975 -0.489676 -0.189327 0.85111 73.0779
0.781141 0.286135 0.554944 6.61396 -0.343531 0.939143 -0.000687234 11.8816 -0.521366 -0.1901 0.831897 73.8739
0.759018 0.290602 0.582634 7.12591 -0.346614 0.937871 -0.0162472 11.8602 -0.551156 -0.189614 0.812581 74.6372
0.736061 0.296617 0.608484 7.6768 -0.348673 0.936601 -0.0347963 11.8298 -0.580225 -0.186546 0.792814 75.3772
0.713136 0.297709 0.634686 8.25572 -0.347108 0.936533 -0.0492903 11.7811 -0.609077 -0.185151 0.771207 76.1061
0.690477 0.295562 0.660232 8.86794 -0.344489 0.936926 -0.059168 11.7026 -0.636073 -0.186585 0.74874 76.8079
0.666051 0.294306 0.685405 9.48804 -0.3407 0.937457 -0.0714624 11.6333 -0.663567 -0.185916 0.724659 77.4807
0.640622 0.296283 0.708407 10.1351 -0.337829 0.937228 -0.0864904 11.5449 -0.689561 -0.183909 0.700499 78.1405
0.614911 0.298302 0.730015 10.7789 -0.334338 0.937002 -0.101268 11.4506 -0.714231 -0.181797 0.675901 78.75
0.587492 0.299524 0.751771 11.4664 -0.331554 0.936521 -0.114038 11.3572 -0.738203 -0.182253 0.649503 79.3652
0.560545 0.301546 0.771285 12.1409 -0.327654 0.93611 -0.127865 11.2372 -0.760562 -0.181037 0.623529 79.9404
0.53174 0.306723 0.789427 12.8592 -0.324335 0.934804 -0.144751 11.1048 -0.782354 -0.179065 0.59655 80.499
0.501392 0.314411 0.806085 13.585 -0.320281 0.932906 -0.164666 10.9705 -0.803771 -0.175607 0.568447 81.0382
0.471211 0.321501 0.821352 14.323 -0.315828 0.930961 -0.183222 10.8097 -0.823548 -0.173066 0.540214 81.5372
0.439991 0.325319 0.837017 15.0948 -0.311835 0.929426 -0.197321 10.6299 -0.842134 -0.174188 0.510381 82.0257
0.407707 0.324834 0.853392 15.8857 -0.306711 0.929003 -0.207091 10.4395 -0.860071 -0.177309 0.478388 82.5012
0.374913 0.323533 0.868787 16.6799 -0.303193 0.928388 -0.214896 10.2318 -0.876093 -0.182839 0.446153 82.9326
0.339716 0.324463 0.882801 17.5175 -0.299178 0.927139 -0.225638 10.0103 -0.891686 -0.187458 0.412033 83.3412
0.304402 0.325562 0.895195 18.3375 -0.296472 0.925487 -0.235772 9.78586 -0.905245 -0.193627 0.378237 83.7208
0.268507 0.32761 0.905868 19.1825 -0.291772 0.923875 -0.247646 9.55374 -0.918037 -0.197808 0.343652 84.0814
0.232992 0.32709 0.915835 20.0493 -0.285367 0.923281 -0.257157 9.31354 -0.92968 -0.20143 0.308454 84.4
0.197948 0.326404 0.924283 20.9264 -0.27668 0.923193 -0.266772 9.05508 -0.940363 -0.20292 0.273051 84.685
0.163862 0.325282 0.931325 21.8046 -0.26677 0.923513 -0.275622 8.79367 -0.94974 -0.203282 0.238102 84.9374
0.129604 0.324949 0.936821 22.7029 -0.25644 0.923621 -0.2849 8.51711 -0.957842 -0.20331 0.203033 85.1358
0.0981579 0.323738 0.941056 23.6003 -0.241359 0.925125 -0.293088 8.23436 -0.965471 -0.198359 0.168943 85.3115
0.0659561 0.325771 0.943158 24.5178 -0.230669 0.924581 -0.30323 7.95007 -0.970805 -0.197552 0.136124 85.4493
0.0355732 0.330304 0.943218 25.4285 -0.220324 0.923177 -0.314983 7.66822 -0.97479 -0.196604 0.105612 85.5471
0.00898431 0.332229 0.943169 26.3375 -0.206698 0.923443 -0.323319 7.34011 -0.978374 -0.192042 0.0769657 85.6279
-0.0155733 0.33145 0.943359 27.2604 -0.196767 0.923999 -0.327903 7.02043 -0.980339 -0.190724 0.0508276 85.6851
-0.0363494 0.328431 0.943842 28.1995 -0.190263 0.924905 -0.329176 6.69658 -0.98107 -0.191539 0.0288668 85.7155
-0.0545337 0.327088 0.943434 29.1314 -0.183933 0.925371 -0.331464 6.36782 -0.981437 -0.1916 0.0096976 85.7344
-0.0708591 0.327802 0.942098 30.0523 -0.177647 0.925216 -0.335297 6.03332 -0.98155 -0.191115 -0.00732861 85.7353
-0.082483 0.331577 0.939831 30.9814 -0.171262 0.924289 -0.341131 5.70203 -0.981779 -0.18909 -0.0194521 85.7096
-0.0936593 0.334106 0.937884 31.9211 -0.165718 0.923641 -0.345589 5.36824 -0.981726 -0.187788 -0.0311416 85.6831
-0.101957 0.337126 0.935938 32.8593 -0.159309 0.923155 -0.349883 5.02673 -0.981963 -0.184771 -0.0404155 85.6324
-0.105427 0.340995 0.934148 33.8034 -0.156114 0.922049 -0.354205 4.67224 -0.982107 -0.183172 -0.0439758 85.5815
-0.107945 0.344995 0.932392 34.7396 -0.153682 0.920798 -0.358504 4.32525 -0.98222 -0.181985 -0.046376 85.5358
-0.111035 0.348145 0.930856 35.6803 -0.15163 0.919735 -0.362081 3.95671 -0.982192 -0.181344 -0.0493355 85.4861
-0.112797 0.350496 0.929762 36.6183 -0.149816 0.919027 -0.364632 3.58185 -0.982272 -0.180418 -0.0511538 85.4422
-0.115807 0.352399 0.928672 37.5531 -0.148698 0.918263 -0.367 3.20835 -0.982089 -0.180588 -0.0539412 85.3915
-0.1158 0.355659 0.92743 38.4926 -0.146866 0.917307 -0.370122 2.83823 -0.982368 -0.179063 -0.0539902 85.3284
-0.118029 0.356582 0.926793 39.4514 -0.14425 0.917249 -0.371288 2.45551 -0.982488 -0.177508 -0.0568265 85.2859
-0.120628 0.356092 0.926648 40.4025 -0.142446 0.917585 -0.37116 2.08306 -0.982439 -0.176765 -0.0599623 85.2255
-0.122076 0.355265 0.926775 41.3629 -0.142295 0.917836 -0.37059 1.69027 -0.982279 -0.177111 -0.0614947 85.1696
-0.124224 0.355523 0.926392 42.3075 -0.14194 0.917644 -0.371207 1.30071 -0.982065 -0.177599 -0.0635308 85.1095
-0.127813 0.35661 0.925484 43.2598 -0.141601 0.917005 -0.372907 0.928237 -0.981649 -0.178707 -0.0667102 85.0426
-0.129629 0.357583 0.924857 44.2215 -0.14168 0.916465 -0.374204 0.527406 -0.981403 -0.179536 -0.0681383 84.9838
-0.133459 0.359331 0.923633 45.1683 -0.142046 0.9154 -0.376661 0.137768 -0.980833 -0.181462 -0.0711284 84.9214
-0.135757 0.362341 0.922122 46.1521 -0.143005 0.913814 -0.380137 -0.266198 -0.980382 -0.183469 -0.0722402 84.8623
-0.138528 0.363472 0.921263 47.1211 -0.143548 0.913026 -0.381816 -0.674415 -0.979911 -0.185133 -0.074305 84.7974
-0.142895 0.361551 0.921353 48.1072 -0.144254 0.913346 -0.380789 -1.09057 -0.979184 -0.187317 -0.0783571 84.7276
-0.145252 0.359764 0.921682 49.1028 -0.144582 0.913831 -0.379493 -1.48452 -0.978785 -0.188376 -0.0807219 84.6513
-0.147761 0.358496 0.92178 50.0816 -0.144303 0.91421 -0.378692 -1.90766 -0.978456 -0.188966 -0.0833525 84.5721
-0.150446 0.358373 0.921391 51.0582 -0.143812 0.914139 -0.379043 -2.31305 -0.978114 -0.189528 -0.0859915 84.4926
-0.150845 0.359781 0.920778 52.0497 -0.143327 0.913622 -0.380474 -2.7237 -0.978129 -0.189359 -0.0862493 84.4012
-0.15165 0.361049 0.92015 53.0402 -0.143259 0.913045 -0.381881 -3.12882 -0.978011 -0.189726 -0.0867413 84.313
-0.153801 0.361639 0.919561 54.046 -0.144652 0.912354 -0.383007 -3.55777 -0.977473 -0.191917 -0.0880091 84.2386
-0.153596 0.360629 0.919991 55.0591 -0.146551 0.912415 -0.382136 -3.97575 -0.977219 -0.193514 -0.0872944 84.1594
-0.155111 0.359895 0.920025 56.0561 -0.149002 0.912106 -0.381928 -4.39497 -0.976613 -0.19632 -0.087853 84.0758
-0.155715 0.36027 0.919776 57.0603 -0.152307 0.911228 -0.382716 -4.82017 -0.976003 -0.199677 -0.0870219 83.9948
-0.15698 0.359927 0.919696 58.0591 -0.155783 0.910545 -0.382946 -5.24564 -0.975255 -0.203381 -0.0868672 83.9092
-0.159833 0.358872 0.919616 59.0563 -0.158796 0.910099 -0.382767 -5.67775 -0.974302 -0.207204 -0.0884777 83.8228
-0.160288 0.354735 0.921141 60.0843 -0.15906 0.911714 -0.378793 -6.12055 -0.974187 -0.207227 -0.0897128 83.7445
-0.16008 0.34772 0.923848 61.1082 -0.157285 0.914961 -0.371638 -6.55418 -0.974507 -0.204793 -0.0917773 83.6435
-0.160955 0.343693 0.925203 62.1356 -0.152658 0.917459 -0.367384 -6.98687 -0.975101 -0.200365 -0.0952019 83.5335
-0.157506 0.34499 0.925314 63.1666 -0.146908 0.918383 -0.367422 -7.40965 -0.976545 -0.193801 -0.0939697 83.4236
-0.156839 0.349325 0.9238 64.1833 -0.143224 0.917429 -0.371242 -7.83105 -0.977201 -0.190529 -0.0938568 83.3132
-0.154442 0.354151 0.922365 65.2205 -0.141183 0.91606 -0.37538 -8.24734 -0.977878 -0.188191 -0.0914795 83.2083
-0.153975 0.356248 0.921636 66.2534 -0.141171 0.915243 -0.377373 -8.69618 -0.977955 -0.188208 -0.0906329 83.1096
-0.154977 0.355831 0.921629 67.3032 -0.14196 0.915182 -0.377223 -9.10276 -0.977681 -0.189289 -0.0913198 83.0053
-0.153951 0.351291 0.923542 68.3602 -0.143004 0.916906 -0.372616 -9.53387 -0.977694 -0.189428 -0.0909221 82.9084
-0.153929 0.349685 0.924153 69.4221 -0.143885 0.917383 -0.371099 -9.95469 -0.977566 -0.190088 -0.0908983 82.8125
-0.155206 0.349738 0.923921 70.4836 -0.145374 0.916971 -0.371539 -10.3849 -0.977146 -0.191973 -0.0914763 82.7125
-0.15412 0.353191 0.922787 71.5605 -0.144843 0.915765 -0.374705 -10.8227 -0.977394 -0.191403 -0.0899813 82.6077
-0.154673 0.354835 0.922066 72.6199 -0.144463 0.915128 -0.376409 -11.265 -0.977365 -0.191418 -0.0902851 82.511
-0.153996 0.353575 0.922662 73.6879 -0.145836 0.915425 -0.375152 -11.7063 -0.977267 -0.192323 -0.0894088 82.4105
-0.152447 0.348813 0.924731 74.774 -0.142825 0.918054 -0.369851 -12.1342 -0.977955 -0.188451 -0.0901347 82.3066
-0.153635 0.347118 0.92517 75.8538 -0.143599 0.918488 -0.368468 -12.5781 -0.977655 -0.189457 -0.0912672 82.207
-0.15358 0.348633 0.924612 76.9336 -0.146099 0.9174 -0.370192 -13.01 -0.977295 -0.191932 -0.0899593 82.11
-0.153845 0.350184 0.923979 78.0146 -0.14729 0.916521 -0.371892 -13.4553 -0.977073 -0.1933 -0.0894247 82.012
-0.154599 0.349986 0.923929 79.1143 -0.147534 0.916493 -0.371866 -13.8966 -0.976918 -0.193794 -0.090054 81.9146
-0.153201 0.348323 0.92479 80.2142 -0.147839 0.917211 -0.36997 -14.3264 -0.977091 -0.193393 -0.0890235 81.8128
-0.152696 0.34752 0.925176 81.3157 -0.148068 0.917526 -0.369095 -14.7759 -0.977137 -0.193341 -0.0886455 81.7118
-0.15211 0.347987 0.925096 82.4225 -0.147511 0.917496 -0.369394 -15.225 -0.977312 -0.192644 -0.0882295 81.6071
-0.150425 0.348061 0.925344 83.5226 -0.147035 0.917692 -0.369096 -15.6653 -0.977645 -0.191572 -0.0868661 81.5069
-0.150842 0.348306 0.925184 84.6452 -0.14685 0.917598 -0.369403 -16.1224 -0.977608 -0.191577 -0.0872644 81.402
-0.148816 0.348652 0.925382 85.7641 -0.146005 0.917783 -0.369279 -16.5504 -0.978045 -0.190059 -0.0856757 81.2995
-0.147611 0.347426 0.926037 86.8882 -0.145848 0.918395 -0.367818 -17.0044 -0.978251 -0.189347 -0.0848951 81.2027
-0.147761 0.347054 0.926152 88.0264 -0.147231 0.918262 -0.367598 -17.4606 -0.978021 -0.190668 -0.0845859 81.1051
-0.145277 0.346641 0.9267 89.1606 -0.146362 0.918786 -0.366637 -17.923 -0.978524 -0.188891 -0.0827439 81.0142
-0.144262 0.346755 0.926816 90.2959 -0.14843 0.918418 -0.366727 -18.3739 -0.978363 -0.190465 -0.0810241 80.9238
-0.143629 0.348134 0.926398 91.4448 -0.148707 0.917866 -0.367995 -18.8337 -0.978415 -0.190609 -0.0800632 80.8309
-0.142102 0.347359 0.926925 92.5885 -0.150517 0.917939 -0.367078 -19.2844 -0.978361 -0.191673 -0.078157 80.7409
-0.143753 0.345465 0.927378 93.7659 -0.153412 0.917986 -0.365759 -19.7462 -0.97767 -0.194842 -0.0789654 80.6485
-0.144315 0.345516 0.927272 94.9229 -0.155391 0.917525 -0.36608 -20.2077 -0.977275 -0.196914 -0.0787227 80.5655
-0.145427 0.344989 0.927294 96.085 -0.157049 0.917308 -0.365915 -20.6681 -0.976845 -0.198837 -0.0792226 80.4822
-0.147757 0.343153 0.927608 97.258 -0.157829 0.917686 -0.364634 -21.1343 -0.97637 -0.200274 -0.0814347 80.3943
-0.148349 0.342136 0.927888 98.4306 -0.159186 0.917756 -0.363862 -21.5975 -0.97606 -0.201678 -0.081686 80.3027
-0.150115 0.341544 0.927823 99.6001 -0.159841 0.917711 -0.363693 -22.0594 -0.975684 -0.202893 -0.0831695 80.2107
-0.152655 0.341404 0.92746 100.772 -0.15923 0.917683 -0.364026 -22.5246 -0.97539 -0.203242 -0.0857275 80.1159
-0.153981 0.340172 0.927695 101.935 -0.158771 0.918155 -0.36304 -22.9877 -0.975257 -0.203184 -0.0873684 80.0115
-0.158565 0.337593 0.927863 103.126 -0.157675 0.919015 -0.361332 -23.4448 -0.974699 -0.203588 -0.0924942 79.897
-0.161828 0.336584 0.927668 104.278 -0.157313 0.919221 -0.360974 -23.9088 -0.974223 -0.204342 -0.0958057 79.7922
-0.168319 0.339624 0.925401 105.435 -0.159532 0.917014 -0.365577 -24.3619 -0.972761 -0.209156 -0.100171 79.6869
-0.176825 0.342103 0.9229 106.584 -0.157525 0.915733 -0.36964 -24.8184 -0.971579 -0.210733 -0.108034 79.5602
-0.183828 0.339116 0.922633 107.724 -0.15324 0.917246 -0.367681 -25.2883 -0.970964 -0.208966 -0.116649 79.4218
-0.193906 0.337495 0.921164 108.873 -0.148349 0.918082 -0.367606 -25.7523 -0.969763 -0.207926 -0.127954 79.2732
-0.207069 0.338222 0.918027 110.015 -0.14359 0.917675 -0.370494 -26.2318 -0.967756 -0.208528 -0.141457 79.1082
-0.219601 0.337989 0.915197 111.135 -0.138519 0.917771 -0.372189 -26.6871 -0.965732 -0.208497 -0.154725 78.9268
-0.233517 0.336117 0.912436 112.293 -0.13194 0.918727 -0.372215 -27.1586 -0.963384 -0.207297 -0.170192 78.7262
-0.246573 0.336623 0.908809 113.39 -0.125027 0.918857 -0.374279 -27.6274 -0.961052 -0.205904 -0.184477 78.5095
-0.260554 0.339577 0.903795 114.497 -0.119195 0.917631 -0.379153 -28.0846 -0.958099 -0.206508 -0.198617 78.2775
-0.276676 0.341631 0.898212 115.625 -0.113346 0.916553 -0.383534 -28.5575 -0.954281 -0.207915 -0.214865 78.0272
-0.291564 0.339855 0.894168 116.704 -0.110065 0.916631 -0.384297 -29.0205 -0.950224 -0.210454 -0.229851 77.768
-0.307768 0.335903 0.890222 117.807 -0.106412 0.917593 -0.383033 -29.5039 -0.945519 -0.212607 -0.24666 77.4953
-0.324535 0.332988 0.88535 118.904 -0.102928 0.917997 -0.383012 -29.9739 -0.940283 -0.215418 -0.263649 77.1953
-0.338714 0.332818 0.880087 119.962 -0.0998156 0.917367 -0.385344 -30.4469 -0.935608 -0.218359 -0.277503 76.8854
-0.353204 0.334197 0.873846 121.037 -0.0936313 0.916707 -0.38845 -30.9249 -0.930876 -0.219012 -0.292494 76.544
-0.365563 0.334498 0.868633 122.089 -0.0880736 0.916583 -0.390043 -31.3957 -0.926639 -0.219079 -0.305606 76.1897
-0.378448 0.334457 0.863112 123.126 -0.0815089 0.916777 -0.391008 -31.8723 -0.922053 -0.218318 -0.319692 75.8174
-0.392437 0.333274 0.857305 124.163 -0.0754103 0.917256 -0.391113 -32.3481 -0.916712 -0.218127 -0.334831 75.4314
-0.405133 0.332228 0.851787 125.177 -0.0703951 0.917542 -0.391374 -32.8239 -0.911571 -0.21851 -0.34834 75.0308
-0.418821 0.334079 0.844411 126.199 -0.0635529 0.916808 -0.394258 -33.2928 -0.905872 -0.218779 -0.362744 74.614
-0.43353 0.334805 0.836664 127.203 -0.0570773 0.916357 -0.396288 -33.7662 -0.899358 -0.219547 -0.378159 74.1799
-0.446014 0.335486 0.829802 128.191 -0.0507004 0.916139 -0.397659 -34.2337 -0.893619 -0.219423 -0.391599 73.7278
-0.459202 0.336243 0.822267 129.169 -0.0436195 0.91595 -0.398929 -34.7097 -0.887289 -0.219046 -0.405939 73.2535
-0.473695 0.338546 0.81305 130.155 -0.0368247 0.914747 -0.402363 -35.1909 -0.879949 -0.220528 -0.420842 72.7621
-0.486604 0.339298 0.805073 131.123 -0.0305583 0.914328 -0.403832 -35.6741 -0.873118 -0.221098 -0.434547 72.2523
-0.501719 0.337312 0.796586 132.108 -0.0243754 0.914967 -0.40281 -36.1777 -0.864718 -0.221505 -0.450832 71.7231
-0.516087 0.334614 0.788503 133.077 -0.0205128 0.915447 -0.40193 -36.6562 -0.856322 -0.223595 -0.465587 71.1731
-0.53119 0.333649 0.778824 134.035 -0.0142034 0.915567 -0.401934 -37.1556 -0.847166 -0.224555 -0.481598 70.6061
-0.547181 0.33264 0.768111 134.992 -0.00824661 0.915458 -0.402344 -37.6478 -0.837007 -0.226479 -0.498178 70.0121
-0.561126 0.331942 0.758291 135.93 -0.00179997 0.915582 -0.402146 -38.1452 -0.827762 -0.227009 -0.513156 69.4005
-0.575643 0.331352 0.747592 136.86 0.00430815 0.915439 -0.402449 -38.6388 -0.817725 -0.228435 -0.528393 68.766
-0.590557 0.330875 0.736082 137.787 0.0113114 0.915393 -0.402421 -39.1424 -0.806952 -0.229316 -0.544331 68.1096
-0.604002 0.328496 0.726173 138.688 0.0166537 0.916114 -0.400588 -39.6442 -0.796845 -0.229851 -0.558805 67.4333
-0.618797 0.327225 0.71419 139.595 0.023978 0.916562 -0.399192 -40.1405 -0.785222 -0.229883 -0.575008 66.7369
-0.631595 0.326202 0.703374 140.484 0.0307995 0.917026 -0.397653 -40.6438 -0.774724 -0.229481 -0.589236 66.0171
-0.645163 0.325427 0.691315 141.362 0.0371931 0.917069 -0.397008 -41.1431 -0.763179 -0.230412 -0.603758 65.278
-0.65973 0.3249 0.677682 142.224 0.0432628 0.916644 -0.397372 -41.6453 -0.750297 -0.232828 -0.618793 64.5221
-0.6734 0.324039 0.664519 143.071 0.0483911 0.91622 -0.39776 -42.1492 -0.737733 -0.235684 -0.632659 63.7455
-0.688374 0.320406 0.650797 143.907 0.0538397 0.917252 -0.394667 -42.6556 -0.723397 -0.236628 -0.648663 62.9481
-0.704469 0.316038 0.635531 144.732 0.0595159 0.918546 -0.390828 -43.1498 -0.707279 -0.237491 -0.665891 62.1267
-0.719308 0.313628 0.619912 145.538 0.0664006 0.91925 -0.38805 -43.6584 -0.691556 -0.237953 -0.682049 61.2782
-0.735223 0.311753 0.601925 146.325 0.0741856 0.919639 -0.385715 -44.1641 -0.673799 -0.238922 -0.699262 60.4078
-0.751895 0.30925 0.582302 147.095 0.0811349 0.919859 -0.383783 -44.6619 -0.65432 -0.241307 -0.716728 59.5077
-0.766274 0.30836 0.563734 147.833 0.0897633 0.920092 -0.381299 -45.1588 -0.636262 -0.241566 -0.732718 58.5899
-0.781298 0.307465 0.543228 148.542 0.0987821 0.920203 -0.378789 -45.656 -0.616344 -0.242274 -0.749323 57.6458
-0.793107 0.309575 0.524597 149.237 0.110664 0.920118 -0.375703 -46.1522 -0.598997 -0.239907 -0.764006 56.6804
-0.805365 0.309816 0.505429 149.897 0.121035 0.92054 -0.371441 -46.6431 -0.580346 -0.237959 -0.778868 55.6938
-0.818294 0.309453 0.48445 150.53 0.129501 0.920309 -0.369157 -47.1071 -0.560078 -0.239331 -0.793153 54.6881
-0.830027 0.308915 0.46442 151.144 0.136778 0.919925 -0.367482 -47.5725 -0.540752 -0.241485 -0.805813 53.6742
-0.840943 0.309036 0.444265 151.73 0.145673 0.919878 -0.36417 -48.0346 -0.521209 -0.241517 -0.818578 52.6389
-0.851344 0.308006 0.424741 152.29 0.153875 0.920519 -0.359139 -48.5077 -0.501599 -0.240381 -0.83107 51.5887
-0.859653 0.308903 0.406981 152.826 0.161725 0.920088 -0.35679 -48.9572 -0.48467 -0.240885 -0.840909 50.5259
-0.868426 0.30817 0.388493 153.333 0.168091 0.919994 -0.354076 -49.4111 -0.466527 -0.242175 -0.850744 49.4575
-0.875899 0.307213 0.372129 153.827 0.173344 0.919994 -0.351538 -49.8601 -0.450352 -0.243393 -0.859071 48.3702
-0.882894 0.305899 0.356347 154.3 0.17838 0.920327 -0.348124 -50.3154 -0.434448 -0.243779 -0.867115 47.2737
-0.889406 0.304983 0.340592 154.748 0.183659 0.920557 -0.344762 -50.766 -0.418679 -0.244068 -0.874756 46.1623
-0.894562 0.304299 0.327445 155.181 0.188191 0.920803 -0.341639 -51.2176 -0.405474 -0.243983 -0.880979 45.0456
-0.899862 0.3027 0.314137 155.597 0.191908 0.921339 -0.338115 -51.6612 -0.391773 -0.24396 -0.887163 43.9199
-0.905651 0.298596 0.301159 156 0.194104 0.923209 -0.331694 -52.0862 -0.377077 -0.24193 -0.894061 42.7798
-0.909978 0.294842 0.291668 156.389 0.195399 0.925105 -0.325601 -52.5134 -0.365824 -0.239286 -0.899432 41.6307
-0.913043 0.295293 0.281455 156.759 0.200278 0.925531 -0.321392 -52.9319 -0.355402 -0.237063 -0.904186 40.4736
-0.915682 0.296198 0.271764 157.105 0.204761 0.925449 -0.318799 -53.3555 -0.345931 -0.23626 -0.908062 39.3131
-0.91588 0.300632 0.26617 157.445 0.210212 0.92377 -0.320112 -53.7804 -0.342118 -0.23722 -0.909255 38.1367
-0.917104 0.301456 0.260974 157.782 0.212748 0.923508 -0.319198 -54.1909 -0.337235 -0.237204 -0.911082 36.9709
-0.91929 0.299951 0.254948 158.117 0.213505 0.923986 -0.317301 -54.6058 -0.330745 -0.237246 -0.913446 35.7998
-0.921905 0.293951 0.252485 158.463 0.209615 0.9263 -0.313125 -55.013 -0.32592 -0.235735 -0.915571 34.6249
-0.925245 0.288166 0.246875 158.797 0.206291 0.928035 -0.31018 -55.4124 -0.318493 -0.236051 -0.918099 33.4501
-0.927874 0.28257 0.243451 159.134 0.201442 0.928975 -0.310554 -55.8199 -0.313913 -0.239101 -0.918888 32.2741
-0.929816 0.279602 0.239436 159.455 0.199184 0.929126 -0.311557 -56.2271 -0.30958 -0.241986 -0.919602 31.0941
-0.930863 0.279184 0.235835 159.764 0.199725 0.929019 -0.311528 -56.6335 -0.306069 -0.242875 -0.920544 29.9186
-0.930648 0.279789 0.235963 160.078 0.199975 0.928644 -0.312486 -57.04 -0.306558 -0.243615 -0.920184 28.741
-0.930426 0.280301 0.236232 160.381 0.20026 0.928425 -0.312952 -57.4491 -0.307045 -0.243858 -0.919958 27.5614
-0.930438 0.280589 0.23584 160.686 0.200429 0.928164 -0.313618 -57.8486 -0.306898 -0.24452 -0.919832 26.3801
-0.929575 0.281235 0.238462 161.001 0.19994 0.927829 -0.314919 -58.254 -0.309819 -0.245049 -0.918711 25.2062
-0.929258 0.281864 0.238954 161.305 0.200572 0.927828 -0.31452 -58.6674 -0.310362 -0.244329 -0.91872 24.0289
-0.928141 0.282119 0.242964 161.62 0.199375 0.927701 -0.315654 -59.0817 -0.314451 -0.244516 -0.917278 22.863
-0.927377 0.281413 0.246672 161.947 0.197439 0.927877 -0.316352 -59.4772 -0.317909 -0.244661 -0.916048 21.6971
-0.926389 0.281934 0.249771 162.264 0.197255 0.928035 -0.316004 -59.8787 -0.320889 -0.24346 -0.915328 20.5298
-0.924248 0.282054 0.257453 162.61 0.195007 0.928204 -0.316902 -60.2802 -0.328354 -0.242677 -0.912887 19.372
-0.922454 0.281614 0.264278 162.95 0.192496 0.928499 -0.317574 -60.6781 -0.334815 -0.242061 -0.910701 18.2197
-0.920214 0.282519 0.271038 163.282 0.191167 0.928377 -0.318732 -61.0896 -0.341675 -0.241473 -0.908308 17.0488
-0.917431 0.282999 0.27983 163.633 0.188151 0.927972 -0.321691 -61.4925 -0.350713 -0.242464 -0.904589 15.9136
-0.914421 0.2836 0.288927 163.989 0.185456 0.927781 -0.323799 -61.9198 -0.359892 -0.24249 -0.900973 14.7735
-0.911165 0.284533 0.29815 164.356 0.183029 0.927531 -0.325889 -62.3433 -0.36927 -0.242353 -0.897204 13.6223
-0.907947 0.282901 0.309308 164.722 0.177462 0.927925 -0.327844 -62.7645 -0.379762 -0.242759 -0.892706 12.4984
-0.903834 0.283151 0.320913 165.115 0.173288 0.927742 -0.33058 -63.1959 -0.391329 -0.243164 -0.887584 11.361
-0.898765 0.282988 0.334984 165.523 0.168283 0.927979 -0.332496 -63.6449 -0.404951 -0.242448 -0.881652 10.249
-0.89384 0.282265 0.3485 165.963 0.1631 0.928459 -0.333734 -64.0763 -0.41777 -0.241449 -0.875924 9.12722
-0.888852 0.282418 0.360913 166.414 0.158719 0.9285 -0.335727 -64.5225 -0.429923 -0.241112 -0.87012 8.00652
-0.883139 0.282308 0.37476 166.878 0.153553 0.928636 -0.337747 -64.9706 -0.443365 -0.240716 -0.863456 6.90929
-0.876465 0.283978 0.388899 167.357 0.150562 0.928711 -0.338886 -65.4089 -0.457412 -0.238452 -0.856734 5.82119
-0.869611 0.285581 0.402865 167.855 0.148141 0.9291 -0.338893 -65.8421 -0.471083 -0.235008 -0.850252 4.74005
-0.86223 0.285768 0.418301 168.362 0.14366 0.92973 -0.33909 -66.2941 -0.485808 -0.232264 -0.842689 3.69324
-0.853883 0.287899 0.433684 168.894 0.140466 0.929655 -0.340633 -66.72 -0.501244 -0.229926 -0.834247 2.64856
-0.844785 0.289483 0.450131 169.438 0.136625 0.929858 -0.341637 -67.1686 -0.517456 -0.227094 -0.825075 1.60592
-0.834363 0.291509 0.467915 169.993 0.132403 0.929873 -0.343259 -67.6013 -0.535164 -0.224432 -0.814439 0.604387
-0.824456 0.292459 0.484584 170.586 0.127364 0.930057 -0.344664 -68.0398 -0.55149 -0.222425 -0.804032 -0.408939
-0.814211 0.293578 0.500958 171.18 0.121658 0.929862 -0.347243 -68.4691 -0.567764 -0.221766 -0.79281 -1.35981
-0.802625 0.294679 0.518691 171.809 0.11592 0.929943 -0.348984 -68.9041 -0.58519 -0.21996 -0.780546 -2.3278
-0.78982 0.296036 0.537246 172.467 0.11089 0.930311 -0.349641 -69.3506 -0.60331 -0.216561 -0.767595 -3.29848
-0.775261 0.298549 0.556708 173.127 0.106981 0.930589 -0.350113 -69.7727 -0.622591 -0.211854 -0.753382 -4.20108
-0.759735 0.301739 0.57606 173.811 0.1017 0.930064 -0.353076 -70.2039 -0.642306 -0.209641 -0.737278 -5.10693
-0.744348 0.304258 0.594525 174.569 0.0964342 0.929831 -0.355158 -70.6291 -0.660864 -0.207011 -0.721451 -6.00755
-0.728724 0.304698 0.613358 175.285 0.0881794 0.929868 -0.357201 -71.0495 -0.679177 -0.206198 -0.704475 -6.8381
-0.711477 0.305189 0.633046 176.043 0.0799906 0.930096 -0.358531 -71.4956 -0.69821 -0.204431 -0.686147 -7.67883
-0.694053 0.305242 0.652077 176.786 0.0706223 0.930176 -0.360286 -71.9185 -0.716518 -0.203989 -0.667139 -8.4627
-0.676077 0.305492 0.670583 177.57 0.061236 0.93016 -0.362042 -72.3537 -0.734347 -0.203687 -0.64756 -9.23071
-0.65801 0.305192 0.688453 178.382 0.0506383 0.930061 -0.363929 -72.7945 -0.751368 -0.204589 -0.627434 -9.9942
-0.640435 0.305248 0.704808 179.175 0.0434606 0.930566 -0.363564 -73.2095 -0.766844 -0.20219 -0.609228 -10.6858
-0.619881 0.305473 0.722857 180.02 0.0351554 0.931014 -0.36332 -73.6452 -0.783969 -0.199785 -0.587847 -11.3853
-0.599387 0.305692 0.739849 180.875 0.0257164 0.931091 -0.363908 -74.0819 -0.800107 -0.199077 -0.56594 -12.059
-0.576035 0.307525 0.757431 181.752 0.0165786 0.93075 -0.365314 -74.5228 -0.817316 -0.197858 -0.541234 -12.6926
-0.551503 0.308275 0.775177 182.655 0.00680752 0.930848 -0.365371 -74.9575 -0.834203 -0.196208 -0.515459 -13.3166
-0.526885 0.307546 0.792399 183.57 -0.00436983 0.931256 -0.364372 -75.3851 -0.849981 -0.195427 -0.489313 -13.8925
-0.500981 0.306383 0.809467 184.511 -0.0152465 0.931979 -0.362219 -75.8172 -0.86538 -0.193788 -0.462227 -14.4449
-0.473923 0.306862 0.825422 185.472 -0.0260311 0.932034 -0.361469 -76.2578 -0.880236 -0.192777 -0.433716 -14.9638
-0.444764 0.308214 0.840999 186.446 -0.0371487 0.931776 -0.361157 -76.678 -0.894931 -0.191853 -0.402965 -15.4354
-0.415599 0.308173 0.855801 187.407 -0.0472564 0.932274 -0.358685 -77.0931 -0.908372 -0.189493 -0.372882 -15.8656
-0.385914 0.308693 0.869408 188.414 -0.05598 0.932791 -0.356075 -77.5259 -0.920888 -0.186065 -0.342691 -16.2759
-0.355719 0.308327 0.882319 189.431 -0.0672747 0.933127 -0.353229 -77.9438 -0.93222 -0.18499 -0.311182 -16.6481
-0.323793 0.308233 0.894563 190.481 -0.0759452 0.933934 -0.349315 -78.355 -0.943127 -0.181025 -0.278987 -16.9971
-0.291376 0.306948 0.906076 191.526 -0.0870297 0.934698 -0.344656 -78.7624 -0.952692 -0.179262 -0.245629 -17.2969
-0.258295 0.306286 0.916277 192.586 -0.0970839 0.935388 -0.340068 -79.17 -0.961227 -0.176775 -0.211866 -17.5603
-0.225541 0.305858 0.925026 193.657 -0.107113 0.935908 -0.335597 -79.5761 -0.968377 -0.174755 -0.178318 -17.7783
-0.19147 0.305611 0.932756 194.734 -0.117102 0.936396 -0.330867 -79.9628 -0.974539 -0.17256 -0.143499 -17.9576
-0.157562 0.305677 0.939057 195.825 -0.12732 0.936669 -0.326287 -80.3504 -0.979316 -0.170952 -0.108659 -18.0987
-0.1244 0.306068 0.943896 196.924 -0.138633 0.936552 -0.321983 -80.7322 -0.982551 -0.170891 -0.0740717 -18.1931
-0.0917841 0.306045 0.947631 198.014 -0.148686 0.936727 -0.31695 -81.0991 -0.984665 -0.169971 -0.040467 -18.2507
-0.0603054 0.305766 0.950244 199.122 -0.158532 0.936919 -0.311564 -81.4627 -0.985561 -0.169414 -0.00802391 -18.2703
-0.0284109 0.30621 0.951588 200.221 -0.168808 0.93679 -0.306512 -81.8219 -0.985289 -0.169325 0.0250801 -18.2548
0.00301387 0.306113 0.952039 201.324 -0.177423 0.937063 -0.300761 -82.1783 -0.984181 -0.167989 0.0571391 -18.2005
0.0335309 0.305205 0.951744 202.439 -0.185498 0.937594 -0.294157 -82.528 -0.982122 -0.166665 0.0880575 -18.1141
0.0647317 0.304183 0.95046 203.549 -0.191915 0.938433 -0.287288 -82.8727 -0.979325 -0.163792 0.119126 -17.9884
0.0940634 0.304271 0.947979 204.66 -0.199508 0.938607 -0.281491 -83.2078 -0.975421 -0.162632 0.148996 -17.8236
0.122949 0.303902 0.944786 205.768 -0.205439 0.93914 -0.275377 -83.5413 -0.970968 -0.16022 0.177903 -17.6261
0.153331 0.303335 0.940516 206.874 -0.211557 0.93974 -0.268619 -83.8648 -0.965314 -0.157766 0.208267 -17.3988
0.183233 0.302024 0.935577 207.977 -0.214743 0.94096 -0.261732 -84.1804 -0.959382 -0.152931 0.237275 -17.1318
0.213685 0.301304 0.929327 209.073 -0.220864 0.941527 -0.2545 -84.4891 -0.951659 -0.150853 0.26774 -16.8348
0.243829 0.300421 0.922167 210.165 -0.224312 0.942507 -0.247765 -84.7984 -0.943576 -0.146422 0.2972 -16.4988
0.271367 0.300244 0.914499 211.247 -0.230795 0.942687 -0.241038 -85.0907 -0.934447 -0.145633 0.325111 -16.1301
0.299629 0.299167 0.905991 212.323 -0.23659 0.943211 -0.23324 -85.3843 -0.924312 -0.144443 0.353395 -15.7203
0.32742 0.298604 0.896508 213.396 -0.242976 0.943463 -0.225531 -85.6585 -0.913157 -0.143968 0.381464 -15.2765
0.355575 0.299092 0.885556 214.455 -0.246664 0.943865 -0.219772 -85.9326 -0.901569 -0.14027 0.409391 -14.7976
0.384595 0.300061 0.87301 215.501 -0.251073 0.944052 -0.213898 -86.1983 -0.888339 -0.136906 0.438416 -14.2905
0.412056 0.298823 0.860822 216.533 -0.253958 0.94493 -0.206486 -86.4554 -0.875111 -0.13351 0.465253 -13.7406
0.439355 0.296939 0.847874 217.56 -0.258344 0.945693 -0.197354 -86.707 -0.86042 -0.132315 0.492208 -13.161
0.46451 0.295831 0.834755 218.57 -0.263766 0.946 -0.188511 -86.9484 -0.845436 -0.132596 0.517456 -12.5431
0.486853 0.296222 0.821781 219.559 -0.269443 0.945804 -0.181328 -87.1767 -0.830947 -0.133124 0.540282 -11.8977
0.508287 0.296315 0.808668 220.539 -0.274197 0.945771 -0.174239 -87.3981 -0.816435 -0.133151 0.56197 -11.2267
0.52773 0.295588 0.796383 221.504 -0.278364 0.945919 -0.166659 -87.6115 -0.802566 -0.133714 0.581471 -10.5256
0.545506 0.293239 0.785199 222.454 -0.280968 0.946579 -0.158341 -87.8064 -0.789675 -0.13422 0.598753 -9.80471
0.563643 0.290756 0.773217 223.402 -0.283051 0.947328 -0.149925 -87.9971 -0.776072 -0.134336 0.616253 -9.05992
0.579862 0.288439 0.762015 224.336 -0.283909 0.948159 -0.142889 -88.1816 -0.763716 -0.133468 0.631689 -8.29519
0.596367 0.286836 0.749779 225.255 -0.285136 0.948773 -0.136202 -88.3594 -0.750429 -0.132543 0.647604 -7.51299
0.611907 0.28659 0.73725 226.162 -0.286979 0.948986 -0.130745 -88.5281 -0.737102 -0.131552 0.662934 -6.70407
0.627116 0.285492 0.724788 227.057 -0.287956 0.949479 -0.12488 -88.6868 -0.723814 -0.130373 0.677641 -5.86937
0.642435 0.283928 0.711876 227.936 -0.29026 0.949794 -0.11691 -88.8378 -0.70932 -0.131503 0.69259 -5.01878
0.65729 0.281207 0.699279 228.804 -0.291189 0.950499 -0.108563 -88.9843 -0.695183 -0.132245 0.706636 -4.14265
0.671685 0.279359 0.686223 229.665 -0.29189 0.951065 -0.101507 -89.1222 -0.68099 -0.132101 0.720354 -3.25549
0.686366 0.279016 0.671678 230.502 -0.292564 0.951399 -0.0962872 -89.2497 -0.66589 -0.130401 0.734635 -2.35388
0.699506 0.278323 0.65828 231.324 -0.293119 0.951753 -0.0909667 -89.3631 -0.651829 -0.129303 0.747334 -1.42668
0.710882 0.277899 0.646156 232.135 -0.294613 0.951818 -0.0852713 -89.4795 -0.63871 -0.129728 0.7585 -0.481897
0.723193 0.275871 0.63324 232.934 -0.29514 0.952293 -0.0778417 -89.5882 -0.624495 -0.130581 0.770107 0.485019
0.733823 0.273637 0.621872 233.72 -0.294862 0.952883 -0.0713852 -89.6964 -0.612095 -0.130962 0.77993 1.46356
0.745072 0.272648 0.6088 234.498 -0.294767 0.953287 -0.0662208 -89.7965 -0.598407 -0.130095 0.790629 2.46318
0.755368 0.271107 0.596673 235.262 -0.292726 0.954133 -0.0629848 -89.8768 -0.586372 -0.127065 0.800078 3.47398
0.764291 0.269454 0.585971 236.022 -0.291858 0.954694 -0.0583783 -89.9674 -0.575143 -0.126382 0.8083 4.50889
0.773399 0.266908 0.575077 236.76 -0.290369 0.95546 -0.0529911 -90.0447 -0.563598 -0.125982 0.816449 5.54727
0.781194 0.265649 0.565044 237.496 -0.289408 0.955948 -0.0493573 -90.1156 -0.553255 -0.12495 0.823655 6.60149
0.787152 0.263915 0.557531 238.236 -0.288312 0.956458 -0.0457437 -90.1927 -0.545318 -0.124716 0.828962 7.69075
0.791965 0.262874 0.551178 238.948 -0.288544 0.956575 -0.0416714 -90.2497 -0.538188 -0.126017 0.833417 8.77331
0.794785 0.261381 0.547812 239.673 -0.287995 0.956862 -0.0387665 -90.3051 -0.534303 -0.126936 0.835771 9.88008
0.798357 0.260391 0.543077 240.377 -0.287412 0.957128 -0.0364525 -90.3553 -0.529278 -0.126965 0.838962 10.9741
0.800954 0.259412 0.539703 241.091 -0.286743 0.957394 -0.0346783 -90.4007 -0.525695 -0.126961 0.841208 12.0794
0.803128 0.256797 0.537729 241.812 -0.284959 0.958022 -0.0319588 -90.4418 -0.523354 -0.127543 0.842583 13.1897
0.806368 0.25487 0.533774 242.514 -0.283513 0.958531 -0.0294327 -90.4795 -0.51913 -0.127578 0.845183 14.305
0.809109 0.254127 0.529976 243.217 -0.282765 0.958793 -0.0281046 -90.5259 -0.515271 -0.127099 0.847618 15.4307
0.811158 0.25311 0.527315 243.929 -0.281982 0.959065 -0.0266304 -90.5711 -0.51246 -0.127072 0.84932 16.5688
0.813735 0.252827 0.523475 244.616 -0.282143 0.959071 -0.0246757 -90.6021 -0.508279 -0.127595 0.851755 17.6931
0.816224 0.251686 0.520131 245.305 -0.281588 0.95929 -0.0223512 -90.6403 -0.504572 -0.128199 0.853862 18.8382
0.817998 0.251193 0.517584 246.004 -0.281563 0.959336 -0.0206507 -90.6725 -0.501716 -0.12882 0.855454 19.9913
0.819346 0.251797 0.515146 246.678 -0.282758 0.959017 -0.0190747 -90.7016 -0.498827 -0.130013 0.856958 21.1207
0.819959 0.251729 0.514212 247.371 -0.283356 0.958869 -0.017623 -90.7214 -0.497489 -0.131234 0.857554 22.2894
0.820768 0.251506 0.513021 248.046 -0.283229 0.958917 -0.0170242 -90.746 -0.496216 -0.131309 0.858275 23.4143
0.821339 0.251483 0.512127 248.719 -0.283427 0.958871 -0.0163595 -90.7695 -0.495169 -0.131693 0.858826 24.5672
0.821256 0.254249 0.510883 249.413 -0.285576 0.958206 -0.0178452 -90.7952 -0.494058 -0.13122 0.859534 25.7269
0.822025 0.253758 0.509899 250.063 -0.284432 0.958533 -0.0185393 -90.8285 -0.493451 -0.129771 0.860106 26.8525
0.821069 0.256439 0.510089 250.728 -0.287387 0.957644 -0.018894 -90.8644 -0.493318 -0.131059 0.859983 27.9932
0.820992 0.25666 0.510109 251.418 -0.288246 0.957407 -0.0178553 -90.9017 -0.492956 -0.132357 0.859995 29.1699
0.821208 0.255336 0.510418 252.072 -0.287626 0.95762 -0.0163391 -90.9306 -0.492948 -0.133371 0.85984 30.2907
0.82215 0.252132 0.510502 252.756 -0.284955 0.958448 -0.0145093 -90.9595 -0.492939 -0.133521 0.859826 31.4429
0.82228 0.250888 0.5109 253.447 -0.283935 0.95876 -0.0138843 -90.988 -0.493303 -0.133625 0.859598 32.6136
0.822726 0.249699 0.510771 254.107 -0.282046 0.959306 -0.0147181 -91.0168 -0.493651 -0.131932 0.859663 33.7393
0.822764 0.249909 0.510602 254.808 -0.281181 0.959528 -0.0165976 -91.0517 -0.494075 -0.129895 0.859727 34.9099
0.822778 0.249817 0.510629 255.484 -0.2812 0.959527 -0.0163874 -91.0818 -0.494047 -0.130085 0.859717 36.0449
0.822488 0.249285 0.511351 256.168 -0.281788 0.959385 -0.0145082 -91.1066 -0.494188 -0.132139 0.85932 37.2032
0.822142 0.248662 0.512215 256.864 -0.28207 0.959324 -0.0130254 -91.1303 -0.494608 -0.133751 0.858831 38.3898
0.821861 0.24844 0.512769 257.539 -0.282606 0.95918 -0.0118224 -91.1517 -0.494765 -0.135174 0.858516 39.5293
0.821764 0.248489 0.512906 258.229 -0.28282 0.95912 -0.0115955 -91.1741 -0.494811 -0.135511 0.858439 40.6966
0.821765 0.248367 0.512959 258.932 -0.282571 0.959191 -0.0117974 -91.1937 -0.494946 -0.135232 0.858403 41.8886
0.821634 0.248647 0.513037 259.617 -0.283022 0.95906 -0.0116065 -91.2149 -0.494911 -0.135643 0.85836 43.0307
