1 0 0 0 0 1 0 0 0 0 1 0
0.999999 0.00110827 0.00140535 -0.00718798 -0.00110241 0.99999 -0.00441853 -0.00789904 -0.00141026 0.00441673 0.999989 0.954021
0.999998 -3.6773e-06 0.0022584 -0.00957587 1.43068e-05 0.999989 -0.00469604 -0.0229033 -0.00225846 0.00469606 0.999987 1.90532
0.999995 -0.0011797 0.00346224 -0.00999533 0.00118258 0.999999 -0.00094236 -0.0276705 -0.00346122 0.000946183 0.999994 2.85339
0.999992 -0.00389232 0.00183582 -0.00919813 0.00388422 0.999984 0.00434094 -0.0350178 -0.00185284 -0.00433379 0.99999 3.80457
0.999989 -0.00500845 0.000530842 -0.00863633 0.00500498 0.999972 0.00561013 -0.0520521 -0.000558988 -0.00560768 0.999986 4.74238
0.99997 -0.00792529 0.000687769 -0.00922355 0.00792321 0.999966 0.00281526 -0.0615886 -0.000710169 -0.00280973 0.999997 5.67694
0.999974 -0.00739851 -0.000839156 -0.00838481 0.00739977 0.999971 0.00205221 -0.066835 0.000823822 -0.00205859 0.999999 6.60379
0.999971 -0.00774573 -0.00146886 -0.0153235 0.0077485 0.999969 0.00198966 -0.0710457 0.00145345 -0.00200111 0.999999 7.52899
0.999972 -0.00767819 -0.00141436 -0.0257267 0.00768214 0.999967 0.00313525 -0.0765847 0.00139012 -0.00314625 0.999996 8.45768
0.999966 -0.00787255 -0.0031741 -0.0296498 0.00788935 0.999956 0.0053979 -0.0866934 0.00313167 -0.00542281 0.999983 9.37704
0.999964 -0.00782163 -0.00407458 -0.0349785 0.00784956 0.999946 0.00701444 -0.0946942 0.00401937 -0.00704641 0.99997 10.2925
0.999959 -0.00865765 -0.00352218 -0.0406351 0.00868607 0.99993 0.0082457 -0.104362 0.0034509 -0.00827594 0.999962 11.2112
0.999948 -0.00906753 -0.00520055 -0.0425041 0.00911252 0.999922 0.00878905 -0.103166 0.00512044 -0.00883616 0.999951 12.1207
0.999946 -0.00894326 -0.00577701 -0.0509361 0.00899201 0.999925 0.00854404 -0.10063 0.00570065 -0.00859551 0.99995 13.026
0.999943 -0.00907554 -0.00612737 -0.0579402 0.00912523 0.999926 0.00822623 -0.0959938 0.00605236 -0.00828183 0.999952 13.9275
0.999926 -0.00901395 -0.00858981 -0.065832 0.00908375 0.999927 0.00816605 -0.0940013 0.00851593 -0.00824337 0.999934 14.8261
0.999915 -0.00868743 -0.0100979 -0.0809478 0.00876964 0.999929 0.00819136 -0.0910413 0.0100262 -0.00827935 0.999919 15.7219
0.999914 -0.00824654 -0.0105476 -0.0972555 0.00833414 0.999932 0.00833709 -0.0916767 0.0104787 -0.00842395 0.999914 16.6036
0.999892 -0.00755289 -0.0129043 -0.116248 0.007663 0.999935 0.00855861 -0.0888792 0.012839 -0.00865675 0.999884 17.5004
0.999871 -0.00779892 -0.0143384 -0.135885 0.00793263 0.999927 0.00932729 -0.0885685 0.0142651 -0.00943959 0.999859 18.3823
0.99986 -0.00797666 -0.0150009 -0.155873 0.00812927 0.999916 0.0101882 -0.0872821 0.0149185 -0.0103089 0.99984 19.2658
0.999828 -0.00788922 -0.0170858 -0.175573 0.00807566 0.99991 0.0108999 -0.0861698 0.0169988 -0.0110358 0.999801 20.1493
0.999798 -0.00809984 -0.0186317 -0.190992 0.00831404 0.9999 0.0114878 -0.0889795 0.0185369 -0.0116405 0.999765 21.0229
0.999782 -0.00777664 -0.0196345 -0.213752 0.00800647 0.999901 0.0116849 -0.0890579 0.0195423 -0.0118393 0.999744 21.8841
0.999709 -0.00769518 -0.0230655 -0.22606 0.00796287 0.999902 0.0115651 -0.0933355 0.0229744 -0.0117455 0.999672 22.7704
0.999701 -0.00788102 -0.0233893 -0.252878 0.00818646 0.999883 0.0130185 -0.0903196 0.0232844 -0.0132059 0.999647 23.6201
0.999654 -0.00856723 -0.0251044 -0.276066 0.00894573 0.999848 0.0150278 -0.0884768 0.0249719 -0.0152473 0.999577 24.4795
0.999588 -0.00912985 -0.0274004 -0.298753 0.00958801 0.999817 0.0166588 -0.0877771 0.0272437 -0.0169144 0.999491 25.3391
0.999601 -0.00868502 -0.027099 -0.326927 0.0091367 0.999822 0.016611 -0.0854212 0.0269499 -0.016852 0.999501 26.1596
0.999559 -0.00731768 -0.0289753 -0.346158 0.00774587 0.999863 0.0147171 -0.0758571 0.0288641 -0.0149349 0.999478 26.9905
0.99954 -0.00705633 -0.0296866 -0.374581 0.0074861 0.999869 0.0144121 -0.0708055 0.0295811 -0.0146279 0.999461 27.7907
0.999505 -0.00691528 -0.0308827 -0.402716 0.0073788 0.999863 0.0149425 -0.0626524 0.0307756 -0.0151628 0.999417 28.5953
0.99945 -0.00678473 -0.032667 -0.429962 0.0072845 0.999859 0.0152229 -0.0612619 0.0325591 -0.0154527 0.999357 29.3837
0.999394 -0.00627336 -0.0344512 -0.457634 0.00680452 0.999861 0.0153454 -0.0566887 0.0343506 -0.0155704 0.999296 30.1546
0.999352 -0.00586714 -0.0357076 -0.48973 0.00642988 0.999858 0.0156826 -0.0551777 0.0356106 -0.0159024 0.999246 30.9195
0.999258 -0.00578855 -0.0382725 -0.519827 0.00642405 0.999844 0.0165229 -0.0491388 0.0381714 -0.0167563 0.999138 31.6793
0.999178 -0.00580003 -0.0402902 -0.552827 0.00652484 0.99982 0.0178952 -0.0450577 0.0401792 -0.0181436 0.999034 32.427
0.999129 -0.00516964 -0.0415878 -0.587425 0.00594381 0.999813 0.0185338 -0.0398395 0.0414848 -0.0187647 0.998971 33.163
0.999014 -0.00418675 -0.0443556 -0.622608 0.00503908 0.999806 0.0191339 -0.0339063 0.0442669 -0.0193388 0.998839 33.9009
0.998957 -0.00319964 -0.0457189 -0.669731 0.00406455 0.999816 0.0188552 -0.0232818 0.0456507 -0.0190211 0.998784 34.6209
0.998856 -0.0026282 -0.0478834 -0.709018 0.00354037 0.999815 0.0189869 -0.0177006 0.0478248 -0.019135 0.998679 35.323
0.998791 -0.00258832 -0.0492342 -0.744954 0.00356928 0.999798 0.0198626 -0.00921427 0.0491733 -0.0200142 0.998598 36.0165
0.998761 -0.00202639 -0.049871 -0.785919 0.00306065 0.999783 0.0206819 -0.00530828 0.0498184 -0.0208091 0.998549 36.7032
0.998739 -0.000729821 -0.0503492 -0.826507 0.00178292 0.999782 0.0208892 -0.000127282 0.0503234 -0.0209525 0.998521 37.3794
0.998796 0.0014158 -0.0491973 -0.869375 -0.000421435 0.999797 0.0202281 0.000819048 0.0492162 -0.0201832 0.998591 38.0411
0.998918 0.0024167 -0.0466257 -0.906307 -0.00153455 0.999821 0.0189639 0.0113655 0.0466635 -0.0188716 0.99874 38.6901
0.998995 0.0024442 -0.0449408 -0.937111 -0.00161012 0.999828 0.018599 0.0175781 0.0449787 -0.0185082 0.998824 39.3328
0.99913 0.00291725 -0.0417934 -0.96764 -0.00212033 0.999817 0.0191187 0.0261842 0.0418418 -0.0190132 0.998951 39.9715
0.999266 0.00668697 -0.0379193 -1.00009 -0.00586594 0.999749 0.0217375 0.0288493 0.0380553 -0.0214994 0.999052 40.6039
0.999348 0.0109556 -0.0346534 -1.03092 -0.0100743 0.999626 0.0255268 0.0387281 0.0349203 -0.0251607 0.999082 41.2246
0.99944 0.015043 -0.0301622 -1.06033 -0.0142398 0.999545 0.0266848 0.0454933 0.03055 -0.0262406 0.999197 41.8228
0.999548 0.018278 -0.0242563 -1.08034 -0.0176197 0.99948 0.0271067 0.0564194 0.0247394 -0.0266668 0.999347 42.4103
0.999584 0.0218216 -0.0193501 -1.10283 -0.0212602 0.999362 0.0287824 0.0619331 0.019966 -0.0283593 0.999407 42.9901
0.999599 0.0250173 -0.0139056 -1.11697 -0.0246165 0.999298 0.0283214 0.083524 0.0146047 -0.0279674 0.999511 43.5454
0.999608 0.027666 -0.00613786 -1.1248 -0.0274805 0.999217 0.0285556 0.0978483 0.00692331 -0.0283759 0.999582 44.0824
0.999561 0.0299387 0.000859957 -1.13017 -0.0299516 0.999145 0.0285934 0.0963752 -2.94311e-06 -0.0286061 0.9996 44.5911
0.999433 0.0329763 0.00816317 -1.13406 -0.0331894 0.999075 0.027446 0.103431 -0.00725027 -0.0277015 0.999599 45.085
0.999209 0.0363861 0.0166307 -1.13005 -0.0368164 0.998978 0.0263147 0.113767 -0.0156559 -0.0269056 0.999524 45.5524
0.999006 0.0376379 0.0242972 -1.12368 -0.0382391 0.998964 0.0247566 0.11774 -0.02334 -0.0256612 0.999407 45.9949
0.998724 0.0386023 0.0328461 -1.09918 -0.0394113 0.998929 0.0243342 0.130903 -0.0318713 -0.0255972 0.999173 46.4173
0.998475 0.0383966 0.039928 -1.08223 -0.0393726 0.99894 0.0239441 0.11386 -0.0389659 -0.0254797 0.998925 46.831
0.998092 0.0396854 0.0475021 -1.06793 -0.0408835 0.998866 0.0245114 0.11992 -0.0464752 -0.0264062 0.99858 47.2132
0.997541 0.0417593 0.0564752 -1.05958 -0.0431947 0.99877 0.0244324 0.117117 -0.0553851 -0.0268118 0.998114 47.5817
0.996992 0.0425582 0.0649279 -1.04544 -0.0441972 0.998737 0.0240114 0.117206 -0.0638236 -0.0268084 0.997611 47.9055
0.99634 0.0429842 0.074028 -1.02952 -0.0448526 0.998714 0.0237578 0.114402 -0.0729112 -0.0269912 0.996983 48.2095
0.9957 0.0421477 0.0826164 -1.00678 -0.044274 0.998732 0.02407 0.114794 -0.0814967 -0.0276238 0.9963 48.5055
0.994912 0.0408937 0.0921932 -0.985569 -0.0432264 0.998793 0.0234438 0.117479 -0.0911228 -0.0273097 0.995475 48.7876
0.993719 0.0408014 0.104302 -0.948397 -0.0433596 0.998811 0.022372 0.126522 -0.103265 -0.0267535 0.994304 49.053
0.992192 0.041055 0.117869 -0.911315 -0.0438916 0.998806 0.021567 0.137213 -0.116842 -0.0265721 0.992805 49.3146
0.990252 0.0410137 0.133195 -0.874712 -0.0441603 0.998811 0.0207517 0.145085 -0.132185 -0.0264308 0.990883 49.5746
0.987848 0.0411922 0.14994 -0.830052 -0.044705 0.9988 0.0201284 0.147456 -0.14893 -0.026587 0.9885 49.835
0.985162 0.0411876 0.166676 -0.781425 -0.0450611 0.998796 0.0195207 0.145783 -0.165671 -0.0267412 0.985829 50.0817
0.981962 0.0407683 0.184694 -0.719287 -0.0449863 0.998815 0.0187006 0.143372 -0.183712 -0.026672 0.982629 50.3449
0.978104 0.0406378 0.204165 -0.655173 -0.0452526 0.998816 0.0179814 0.143778 -0.203191 -0.0268261 0.978783 50.5927
0.973747 0.0407612 0.224007 -0.586335 -0.0458011 0.998803 0.0173447 0.141509 -0.223031 -0.0271492 0.974444 50.831
0.96855 0.0412078 0.24543 -0.518967 -0.0466195 0.998783 0.016277 0.145967 -0.244459 -0.0272064 0.969289 51.0741
0.962426 0.0412881 0.268432 -0.438008 -0.0471158 0.998775 0.0152998 0.144623 -0.26747 -0.0273724 0.963188 51.3171
0.955445 0.0412997 0.292308 -0.35803 -0.0475525 0.998769 0.0143141 0.141777 -0.291355 -0.0275757 0.95623 51.5545
0.947187 0.0415889 0.318013 -0.267239 -0.0482556 0.998752 0.0131103 0.144177 -0.31707 -0.0277639 0.948007 51.8008
0.937577 0.0432148 0.345119 -0.171799 -0.0506167 0.998643 0.0124593 0.142573 -0.344111 -0.0291498 0.938489 52.0597
0.926796 0.0433728 0.373085 -0.0657085 -0.0514158 0.998612 0.0116287 0.147637 -0.372062 -0.02996 0.927736 52.3063
0.914156 0.0429071 0.403118 0.0626044 -0.051378 0.998629 0.0102161 0.140688 -0.402125 -0.0300498 0.915106 52.5397
0.899169 0.0410628 0.435701 0.200797 -0.0495465 0.998741 0.00812129 0.142683 -0.434818 -0.02889 0.900067 52.7815
0.882128 0.0403194 0.46931 0.349283 -0.0485703 0.998807 0.00548255 0.143865 -0.468526 -0.0276301 0.883032 53.0055
0.862663 0.0409422 0.504145 0.511057 -0.0491005 0.998792 0.00290249 0.149472 -0.503416 -0.0272579 0.863627 53.247
0.841061 0.0417711 0.539352 0.679032 -0.0496363 0.99877 4.89713e-05 0.154659 -0.538683 -0.0268119 0.842097 53.4736
0.816971 0.0433776 0.575068 0.871951 -0.0510103 0.998696 -0.002866 0.157658 -0.574442 -0.0269932 0.818115 53.7271
0.78984 0.045985 0.611609 1.07697 -0.0544212 0.99851 -0.00479583 0.153513 -0.610914 -0.0294959 0.791164 53.9754
0.760468 0.0482356 0.647602 1.2923 -0.0571264 0.998343 -0.00727921 0.147826 -0.646879 -0.0314598 0.76196 54.2114
0.72832 0.0483889 0.683548 1.54286 -0.0576706 0.998297 -0.00922319 0.140201 -0.682825 -0.0327025 0.729869 54.4517
0.691923 0.0467526 0.720475 1.82252 -0.0563063 0.998359 -0.0107114 0.126904 -0.719792 -0.033156 0.693416 54.6966
0.65344 0.0455465 0.755628 2.11623 -0.055341 0.998396 -0.0123236 0.119792 -0.754971 -0.0337638 0.65491 54.9233
0.61154 0.0442939 0.78999 2.44563 -0.05469 0.998413 -0.0136453 0.125903 -0.789339 -0.0348601 0.612989 55.163
0.566175 0.0437168 0.823145 2.78528 -0.0536108 0.998436 -0.0161526 0.119254 -0.822557 -0.0349835 0.567631 55.3705
0.518415 0.0426995 0.854078 3.16224 -0.0523391 0.998467 -0.0181502 0.107882 -0.853542 -0.0352924 0.519853 55.5765
0.469716 0.0406613 0.8819 3.56382 -0.0518271 0.998491 -0.0184336 0.0927727 -0.881311 -0.0370471 0.471112 55.7761
0.420575 0.0377639 0.906486 3.97239 -0.0531427 0.998447 -0.0169399 0.0817329 -0.905716 -0.0410486 0.421927 55.9568
0.371008 0.037419 0.927894 4.41509 -0.0553425 0.998308 -0.0181311 0.0604701 -0.926995 -0.0446245 0.37245 56.1255
0.321807 0.0372521 0.946086 4.88012 -0.0534003 0.998352 -0.0211474 0.0571045 -0.945314 -0.0437158 0.323264 56.2622
0.274873 0.0330367 0.960931 5.35253 -0.0463911 0.998706 -0.0210659 0.0451254 -0.960376 -0.0387875 0.276048 56.3713
0.230675 0.0279895 0.972642 5.84967 -0.0362048 0.999144 -0.0201667 0.0420693 -0.972371 -0.0305623 0.231491 56.4543
0.188408 0.0252433 0.981785 6.36008 -0.0290899 0.99938 -0.0201138 0.0227604 -0.981675 -0.0247699 0.189025 56.5275
0.150052 0.0271971 0.988318 6.88273 -0.0266303 0.999373 -0.0234593 0.0308006 -0.988334 -0.022799 0.150682 56.5896
0.116968 0.0270767 0.992786 7.41373 -0.0203279 0.99949 -0.0248651 0.00526019 -0.992943 -0.0172724 0.117458 56.6369
0.0875259 0.0253632 0.995854 7.96042 -0.0141177 0.99961 -0.0242191 -0.00968888 -0.996078 -0.0119393 0.0878501 56.6693
0.0623214 0.0234875 0.997799 8.52105 -0.00982926 0.999694 -0.0229188 -0.0145412 -0.998023 -0.00837896 0.0625332 56.6914
0.0419794 0.0218403 0.998895 9.09348 -0.00610751 0.999751 -0.0216034 -0.0272141 -0.999116 -0.00519384 0.0421029 56.7059
0.025446 0.0222463 0.999448 9.67687 -0.00557899 0.999744 -0.0221115 -0.0293404 -0.999676 -0.00501298 0.0255639 56.7187
0.0122156 0.0221917 0.999695 10.2666 -0.00497999 0.999746 -0.0221331 -0.0373076 -0.99993 -0.00470798 0.0123237 56.7205
0.00100165 0.0236257 0.99974 10.8705 -0.00516067 0.999712 -0.0236205 -0.0481174 -1 -0.00513533 0.00112356 56.7176
-0.00778769 0.0253782 0.999663 11.4768 -0.00069793 0.999681 -0.0253851 -0.0678662 -0.999986 -0.00089526 -0.00776666 56.7042
-0.0148505 0.0263299 0.999562 12.0749 0.00332814 0.999653 -0.0262834 -0.0803264 -0.9999 0.00293663 -0.0149327 56.6855
-0.0192321 0.0261216 0.999489 12.7088 0.00344152 0.999658 -0.0260608 -0.0861516 -0.999825 0.00293871 -0.0193145 56.6717
-0.0235063 0.0246798 0.999439 13.3537 0.00222367 0.999698 -0.0246345 -0.0976105 -0.999737 0.0016436 -0.0235536 56.665
-0.0256872 0.0187435 0.99951 14.0219 0.000547103 0.999827 -0.0187365 -0.105411 -0.999686 6.57001e-05 -0.0256921 56.6538
-0.0269789 0.0128709 0.999573 14.6951 0.00138501 0.999921 -0.0128385 -0.120999 -0.999652 0.00103834 -0.0269942 56.6366
-0.0271374 0.0117126 0.999578 15.3823 0.00374756 0.999928 -0.0116161 -0.125085 -0.999641 0.00343089 -0.0271784 56.6148
-0.02767 0.0132986 0.999548 16.0608 0.00542543 0.999903 -0.0131536 -0.136048 -0.999619 0.00505929 -0.0277391 56.5952
-0.0254643 0.0203033 0.999485 16.7649 0.00575108 0.999783 -0.0201638 -0.143558 -0.999676 0.00523487 -0.0255746 56.5757
-0.0235925 0.0266232 0.999387 17.4619 0.00581873 0.999636 -0.026493 -0.159184 -0.999722 0.0051904 -0.0237384 56.5622
-0.0221663 0.0276796 0.999387 18.1717 0.00627639 0.999604 -0.0275475 -0.165331 -0.999752 0.00566206 -0.0223304 56.5511
-0.0195045 0.0248935 0.99952 18.908 0.00611233 0.999678 -0.0247787 -0.187324 -0.999809 0.00562639 -0.01965 56.5395
-0.0169784 0.0179827 0.999711 19.6414 0.00689634 0.99982 -0.0178686 -0.214174 -0.99985 0.00659102 -0.0170986 56.5296
-0.0151017 0.015731 0.999782 20.3659 0.00653947 0.99986 -0.0156339 -0.228852 -0.999883 0.00630225 -0.0152021 56.5224
-0.0115038 0.020075 0.99975 21.0923 0.0124954 0.999727 -0.0199318 -0.263143 -0.999874 0.0122631 -0.0117508 56.5099
-0.00849244 0.0246196 0.999681 21.8106 0.0150803 0.99959 -0.0244897 -0.291828 -0.999869 0.0148678 -0.00885995 56.5017
-0.0074345 0.0255112 0.999664 22.5147 0.0101521 0.999629 -0.0254358 -0.302236 -0.99994 0.00995974 -0.00769 56.5019
-0.00249579 0.0235536 0.99974 23.2769 0.00594689 0.999709 -0.0235385 -0.320075 -0.999998 0.00588693 -0.00263488 56.5154
0.00219165 0.0208356 0.999797 24.014 0.00892581 0.999747 -0.0208551 -0.371942 -0.999977 0.00896982 0.00200579 56.5152
0.00468317 0.0211656 0.999784 24.7422 0.0141671 0.999678 -0.0212303 -0.409934 -0.999907 0.0142637 0.00438197 56.5171
0.00825739 0.0224252 0.999732 25.4826 0.012882 0.999667 -0.0225313 -0.433091 -0.999903 0.0130648 0.00796646 56.5273
0.0120829 0.024139 0.999655 26.2157 0.00973027 0.999662 -0.0242573 -0.443192 -0.999899 0.0100203 0.011844 56.5407
0.0149391 0.0230339 0.999641 26.9539 0.00964297 0.999689 -0.0231802 -0.474506 -0.999862 0.00998601 0.0147129 56.5606
0.0191897 0.0219645 0.999595 27.6947 0.0114787 0.999692 -0.0221877 -0.498746 -0.99977 0.0119001 0.0189317 56.5736
0.0225166 0.0204754 0.999555 28.432 0.0161336 0.999657 -0.0208421 -0.531972 -0.999636 0.0165959 0.0221791 56.5852
0.0248294 0.0210387 0.99949 29.1618 0.0163655 0.99964 -0.0214492 -0.553216 -0.999578 0.01689 0.0244762 56.6017
0.0282472 0.0209071 0.9994 29.9071 0.0158942 0.99965 -0.0213627 -0.570924 -0.999495 0.0164883 0.0279055 56.6247
0.031407 0.0204257 0.999319 30.6494 0.016367 0.999651 -0.0209477 -0.589209 -0.999394 0.0170141 0.0310617 56.6487
0.0342677 0.0195533 0.99924 31.3896 0.0181215 0.999636 -0.0201838 -0.622899 -0.999269 0.0187996 0.0339016 56.6725
0.0376995 0.0197189 0.999115 32.1345 0.0168588 0.999655 -0.0203665 -0.637646 -0.999169 0.0176121 0.037354 56.7036
0.041244 0.022072 0.998925 32.9032 0.0148902 0.999635 -0.0227038 -0.652402 -0.999059 0.0158108 0.0409009 56.7347
0.0433218 0.0219283 0.998842 33.6497 0.0160179 0.99962 -0.0226409 -0.681963 -0.998954 0.0169806 0.0429541 56.7693
0.0466939 0.0218858 0.998689 34.4036 0.0149057 0.999637 -0.0226048 -0.695646 -0.99882 0.0159419 0.0463514 56.8117
0.0473065 0.021872 0.998661 35.1646 0.0134682 0.99966 -0.0225327 -0.721053 -0.998812 0.0145165 0.0469957 56.848
0.0530821 0.0217484 0.998374 35.914 0.0126003 0.999672 -0.0224479 -0.737385 -0.998534 0.0137717 0.0527913 56.8939
0.0551157 0.0229285 0.998237 36.6739 0.0108476 0.999668 -0.0235612 -0.752401 -0.998443 0.0121275 0.0548485 56.9403
0.0580532 0.0257701 0.998002 37.4314 0.0105762 0.999598 -0.0264279 -0.778084 -0.998281 0.0120896 0.057758 56.9903
0.0616528 0.0274641 0.997741 38.212 0.0102937 0.999555 -0.028151 -0.79771 -0.998067 0.0120064 0.0613425 57.0346
0.0647299 0.0299664 0.997474 38.9889 0.00562611 0.999526 -0.0303944 -0.825366 -0.997911 0.00757961 0.0645313 57.086
0.0671912 0.0298508 0.997315 39.7766 0.00122876 0.999553 -0.0300015 -0.842381 -0.997763 0.00324172 0.0671243 57.1554
0.070498 0.0293462 0.997102 40.5621 0.00279036 0.999561 -0.0296171 -0.880388 -0.997532 0.00487052 0.0703858 57.2131
0.0735814 0.0301807 0.996854 41.3505 0.00292844 0.999535 -0.0304789 -0.910049 -0.997308 0.00516234 0.0734586 57.2728
0.0767202 0.0308088 0.996598 42.1393 -0.000612852 0.999526 -0.0308535 -0.934401 -0.997077 0.00175667 0.0767034 57.3416
0.0810069 0.0295265 0.996298 42.9326 -0.00151678 0.999568 -0.029501 -0.956864 -0.996735 0.000879051 0.0810165 57.4113
0.0854326 0.0289393 0.995946 43.7342 -0.000678045 0.999582 -0.0289882 -0.986868 -0.996369 0.0018016 0.0854172 57.4687
0.0889811 0.0332666 0.9955 44.5301 -0.00420075 0.99945 -0.0330239 -1.00814 -0.996048 -0.00124294 0.0890716 57.5616
0.0952822 0.04031 0.994657 45.3318 -0.00629891 0.999187 -0.0398916 -1.04811 -0.995456 -0.00246389 0.0954593 57.6498
0.102635 0.044931 0.993726 46.1302 -0.00772829 0.998989 -0.0443715 -1.08428 -0.994712 -0.00312539 0.102879 57.7318
0.109247 0.0477154 0.992891 46.9339 -0.0113703 0.998844 -0.0467519 -1.1238 -0.993975 -0.00618156 0.109664 57.8379
0.117234 0.04664 0.992031 47.7458 -0.0137251 0.998882 -0.0453408 -1.15984 -0.993033 -0.00829996 0.117743 57.9406
0.125019 0.0452738 0.991144 48.5582 -0.0140701 0.99894 -0.0438567 -1.20089 -0.99208 -0.0084621 0.125525 58.0483
0.13178 0.0433654 0.990353 49.3751 -0.0141971 0.999026 -0.0418568 -1.23839 -0.991201 -0.00854387 0.132267 58.16
0.140236 0.0380959 0.989409 50.1927 -0.0156728 0.999222 -0.0362538 -1.27181 -0.99002 -0.0104223 0.140725 58.2875
0.14801 0.0323513 0.98848 51.0301 -0.0168409 0.999406 -0.0301879 -1.31085 -0.988866 -0.0121784 0.148466 58.3995
0.154907 0.029773 0.987504 51.8373 -0.0168531 0.999482 -0.0274919 -1.3426 -0.987812 -0.0123834 0.15533 58.533
0.162895 0.0314128 0.986167 52.6333 -0.0173029 0.999434 -0.028978 -1.37385 -0.986516 -0.0123427 0.163347 58.6655
0.169047 0.0363184 0.984963 53.4197 -0.0174783 0.999277 -0.0338479 -1.41279 -0.98548 -0.0114932 0.16956 58.8043
0.17356 0.039599 0.984051 54.1999 -0.0180139 0.999156 -0.0370304 -1.44698 -0.984683 -0.0112991 0.174127 58.9476
0.179512 0.0408059 0.982935 54.9779 -0.0183678 0.999107 -0.0381243 -1.48255 -0.983612 -0.0112101 0.180102 59.0961
0.184953 0.0403121 0.981945 55.7452 -0.0190812 0.999122 -0.0374241 -1.51082 -0.982587 -0.0118145 0.18556 59.2497
0.189514 0.0375308 0.981187 56.5017 -0.0172238 0.999247 -0.0348962 -1.55407 -0.981755 -0.010286 0.190018 59.3965
0.195002 0.0317913 0.980312 57.2669 -0.0160249 0.999448 -0.0292251 -1.57825 -0.980697 -0.01001 0.195404 59.55
0.19865 0.0248297 0.979783 58.0191 -0.0167933 0.999623 -0.021929 -1.61021 -0.979956 -0.0120971 0.198992 59.7086
0.201251 0.0215438 0.979328 58.753 -0.0185979 0.999666 -0.0181702 -1.61808 -0.979389 -0.0145564 0.201585 59.8728
0.205237 0.0208255 0.978518 59.4816 -0.019978 0.999659 -0.0170866 -1.64757 -0.978538 -0.0160415 0.205583 60.0313
0.206956 0.0214732 0.97814 60.1946 -0.0211401 0.999628 -0.017473 -1.66067 -0.978148 -0.0170615 0.207333 60.1906
0.209767 0.0238403 0.977487 60.9026 -0.0230481 0.99955 -0.0194336 -1.67598 -0.977509 -0.0184521 0.210222 60.3542
0.211691 0.0277964 0.976968 61.5941 -0.024112 0.999445 -0.023212 -1.69601 -0.977065 -0.0186425 0.212244 60.513
0.212977 0.0327039 0.976537 62.2726 -0.0256632 0.999287 -0.02787 -1.71277 -0.976749 -0.0191249 0.213665 60.6716
0.215402 0.0330545 0.975993 62.958 -0.0244501 0.999301 -0.0284485 -1.74004 -0.976246 -0.0177349 0.216059 60.8252
0.216822 0.0331094 0.975677 63.6244 -0.02557 0.999279 -0.0282292 -1.74691 -0.975905 -0.0188269 0.217513 60.9823
0.217134 0.0305126 0.975692 64.2906 -0.0259102 0.999344 -0.0254869 -1.78054 -0.975824 -0.019746 0.217782 61.1357
0.21863 0.029821 0.97538 64.9405 -0.0268961 0.999342 -0.0245261 -1.80097 -0.975466 -0.0208713 0.219288 61.2811
0.218468 0.0291654 0.975435 65.5842 -0.0272025 0.999352 -0.0237887 -1.82377 -0.975491 -0.0213369 0.219119 61.4271
0.216866 0.0286711 0.975808 66.219 -0.0274844 0.999357 -0.023256 -1.84351 -0.975842 -0.0217755 0.217515 61.5733
0.215644 0.0286331 0.976079 66.8374 -0.0281655 0.999341 -0.0230938 -1.86382 -0.976092 -0.0225112 0.216309 61.7138
0.212499 0.0289048 0.976762 67.4502 -0.0288346 0.999318 -0.0233004 -1.88555 -0.976764 -0.0232128 0.213188 61.8519
0.211193 0.0335869 0.976895 68.0499 -0.0287006 0.999196 -0.0281499 -1.91208 -0.97705 -0.0220919 0.211987 61.9844
0.20899 0.0334453 0.977375 68.6448 -0.0272448 0.999231 -0.0283687 -1.93207 -0.977567 -0.0206991 0.209742 62.1108
0.206108 0.0330505 0.977998 69.2558 -0.0276375 0.999232 -0.0279446 -1.95191 -0.978166 -0.0212693 0.206864 62.2438
0.2045 0.031547 0.978388 69.8321 -0.0275821 0.999275 -0.0264565 -1.9633 -0.978507 -0.0215752 0.205223 62.3677
0.202501 0.0300083 0.97885 70.397 -0.0274298 0.999317 -0.0249622 -1.98838 -0.978925 -0.0217942 0.203186 62.4878
0.199943 0.0284157 0.979425 70.9558 -0.0256342 0.999394 -0.0237631 -2.01813 -0.979502 -0.020355 0.200551 62.5954
0.198714 0.0305361 0.979611 71.4963 -0.0224084 0.9994 -0.0266085 -2.04253 -0.97983 -0.0166634 0.199279 62.704
0.196155 0.0304652 0.98013 72.0389 -0.0198875 0.999441 -0.0270864 -2.06793 -0.980402 -0.0141787 0.196652 62.8082
0.193893 0.0307944 0.980569 72.5819 -0.0200339 0.999428 -0.0274263 -2.08006 -0.980847 -0.0143263 0.194399 62.9138
0.192998 0.0308788 0.980744 73.1149 -0.0202697 0.999422 -0.0274792 -2.09848 -0.98102 -0.0145754 0.193514 63.0241
0.191822 0.0301441 0.980997 73.664 -0.0189197 0.999462 -0.027013 -2.11744 -0.981277 -0.0133778 0.192289 63.132
0.19141 0.0282276 0.981135 74.214 -0.0159646 0.99955 -0.025644 -2.15007 -0.981411 -0.0107544 0.191775 63.2313
0.194106 0.0265218 0.980653 74.7491 -0.0119189 0.999631 -0.0246771 -2.17378 -0.980938 -0.00689779 0.19435 63.328
0.195894 0.0257562 0.980318 75.3038 -0.0100147 0.999662 -0.0242644 -2.19385 -0.980605 -0.0050639 0.196087 63.437
0.198716 0.0256422 0.979752 75.8585 -0.0111588 0.999658 -0.0239011 -2.21032 -0.980024 -0.0061829 0.198934 63.5582
0.204008 0.0267229 0.978636 76.4222 -0.0136086 0.999615 -0.02446 -2.22898 -0.978906 -0.00832747 0.204294 63.6958
0.210339 0.0258297 0.977319 76.982 -0.0123098 0.999648 -0.0237717 -2.25039 -0.977582 -0.00703009 0.210583 63.8121
0.217809 0.0255968 0.975687 77.5508 -0.0131317 0.99965 -0.023295 -2.26431 -0.975935 -0.00773816 0.218069 63.9458
0.226052 0.0247334 0.973833 78.1223 -0.0126911 0.999674 -0.0224449 -2.27839 -0.974063 -0.00728484 0.226292 64.0854
0.235257 0.0243251 0.971662 78.6996 -0.0137046 0.999678 -0.0217095 -2.29517 -0.971869 -0.00820851 0.235514 64.2366
0.244329 0.0244607 0.969416 79.2882 -0.0151423 0.999662 -0.0214085 -2.3181 -0.969605 -0.00944799 0.244617 64.3929
0.254336 0.0269563 0.966773 79.866 -0.019242 0.999562 -0.0228096 -2.32708 -0.966957 -0.0128009 0.254744 64.5605
0.263514 0.0288498 0.964257 80.4668 -0.0219308 0.999479 -0.0239112 -2.34059 -0.964437 -0.0148455 0.264009 64.7356
0.274978 0.0301336 0.961012 81.0624 -0.0240347 0.999419 -0.0244619 -2.34848 -0.961183 -0.0163706 0.275542 64.9195
0.285431 0.0308192 0.957936 81.6757 -0.025106 0.999386 -0.024673 -2.36971 -0.958102 -0.0170069 0.286029 65.1102
0.295664 0.0316663 0.954801 82.2941 -0.0268286 0.999339 -0.0248369 -2.38001 -0.954948 -0.0182721 0.296317 65.3138
0.305454 0.0317624 0.95171 82.9284 -0.0272271 0.999333 -0.0246141 -2.4003 -0.95185 -0.0183932 0.306114 65.5264
0.315532 0.0328633 0.94838 83.5719 -0.0302096 0.999249 -0.0245763 -2.41219 -0.948467 -0.020895 0.316287 65.7539
0.327588 0.0288558 0.944414 84.1864 -0.0297231 0.99936 -0.0202256 -2.42413 -0.944386 -0.0214446 0.328235 65.9794
0.336796 0.0215477 0.941366 84.8624 -0.0262075 0.999573 -0.0135051 -2.44549 -0.941247 -0.0201217 0.337216 66.2243
0.348306 0.0174216 0.937254 85.5373 -0.0239295 0.999674 -0.00968998 -2.454 -0.937109 -0.0190524 0.348608 66.4733
0.35868 0.0149361 0.933376 86.2189 -0.0223534 0.99973 -0.00740933 -2.45759 -0.933228 -0.0182059 0.358916 66.7414
0.366981 0.012329 0.930183 86.9133 -0.018704 0.999815 -0.0058737 -2.46951 -0.930075 -0.015242 0.367142 67.0146
0.375427 0.008543 0.926849 87.608 -0.0128767 0.999917 -0.00400208 -2.46317 -0.926799 -0.0104318 0.375504 67.2896
0.383428 -0.00118692 0.923607 88.3184 -0.00307421 0.999999 0.00256032 -2.46692 -0.923601 -0.00382057 0.383423 67.5672
0.38925 -0.00632683 0.921148 89.0407 0.00288101 0.999988 0.00564937 -2.47857 -0.921164 0.000455084 0.389262 67.8673
0.39682 -0.00756383 0.917903 89.7456 0.0064367 0.999972 0.00545638 -2.46676 -0.917909 0.00374345 0.396856 68.169
0.403186 -0.00250085 0.915152 90.4602 0.0085087 0.999971 -0.00101757 -2.46907 -0.915115 0.00819723 0.403195 68.4842
0.410931 0.00177378 0.911703 91.1588 0.0123228 0.999904 -0.00750066 -2.46848 -0.911619 0.0143173 0.410867 68.795
0.416465 0.00240753 0.909187 91.8683 0.0122726 0.999899 -0.00827087 -2.46327 -0.909107 0.0146027 0.416391 69.1208
0.420894 0.00437645 0.907138 92.5712 0.00598767 0.999962 -0.00760354 -2.46772 -0.907127 0.00863235 0.420849 69.4625
0.425584 0.0072224 0.904929 93.2523 0.00152884 0.99997 -0.0087015 -2.46985 -0.904956 0.00508681 0.425557 69.7994
0.429549 0.0083023 0.903045 93.93 0.000633922 0.999964 -0.00949592 -2.49505 -0.903081 0.00465182 0.429526 70.1251
0.433268 0.0100088 0.901249 94.6044 -0.000679345 0.99995 -0.0107799 -2.4966 -0.901303 0.00405851 0.433251 70.4564
0.437113 0.0117281 0.899371 95.265 -0.00237288 0.999936 -0.0118871 -2.50374 -0.899442 0.00306242 0.43711 70.7871
0.440994 0.0110704 0.897481 95.9203 -0.00254122 0.999943 -0.0110871 -2.51309 -0.897545 0.00260885 0.440995 71.1145
0.444155 0.00865862 0.895949 96.5711 -0.00174743 0.999969 -0.00879868 -2.53549 -0.895987 0.00234294 0.444154 71.4379
0.448031 0.00719072 0.894029 97.2082 -0.00169228 0.99998 -0.00719642 -2.54428 -0.894056 0.00171138 0.448033 71.7602
0.450674 0.00613264 0.892709 97.8337 -0.00139587 0.999989 -0.00616599 -2.55442 -0.892727 0.00153333 0.450674 72.0827
0.45452 0.00751429 0.890746 98.4459 -0.00321576 0.99998 -0.00679639 -2.56496 -0.890771 0.000224822 0.454532 72.4024
0.457104 0.00755084 0.889422 99.0524 -0.00276214 0.999979 -0.00707092 -2.58257 -0.889449 0.000776061 0.457112 72.7147
0.458974 0.00610915 0.888471 99.6519 -0.00122013 0.999988 -0.00624717 -2.59486 -0.888489 0.00178338 0.458974 73.0223
0.458674 0.00419305 0.888636 100.238 0.001892 0.99999 -0.00569602 -2.60701 -0.888644 0.0042945 0.458658 73.3338
0.459493 0.00428175 0.888214 100.814 0.000990003 0.999993 -0.0053343 -2.6151 -0.888221 0.00333052 0.459484 73.6374
0.459569 0.00377068 0.888175 101.385 0.00311641 0.999986 -0.00585885 -2.62676 -0.888178 0.00546104 0.459547 73.942
0.460065 0.00558789 0.88791 101.949 0.00183644 0.99998 -0.0072462 -2.64936 -0.887924 0.00496441 0.460044 74.2256
0.462362 0.00555631 0.886715 102.492 0.00373833 0.999967 -0.00821621 -2.66193 -0.886724 0.00711427 0.462323 74.5168
0.465411 0.00503578 0.885124 103.041 0.00428545 0.999968 -0.00794402 -2.67735 -0.885126 0.00749056 0.465372 74.806
0.467794 0.00437674 0.883868 103.585 0.00471914 0.999969 -0.00745034 -2.69446 -0.883866 0.00765696 0.467756 75.0895
0.470734 0.0032258 0.882313 104.11 0.00614079 0.999965 -0.00693348 -2.70711 -0.882296 0.00868222 0.470696 75.3645
0.473287 0.00205671 0.880948 104.64 0.00741492 0.999961 -0.00631918 -2.71256 -0.880919 0.00952365 0.47325 75.6518
0.476219 0.00147665 0.87937 105.157 0.00745088 0.999964 -0.00571544 -2.72513 -0.879338 0.00927413 0.476188 75.9341
0.479694 0.000990236 0.877479 105.658 0.00764967 0.999965 -0.00531142 -2.73618 -0.877445 0.00926087 0.479665 76.2102
0.48234 0.00221306 0.876027 106.181 0.00696799 0.999964 -0.00636403 -2.74805 -0.876 0.0091741 0.482304 76.4852
0.486175 0.00156382 0.873903 106.679 0.00956926 0.999937 -0.00711403 -2.75779 -0.873852 0.0118219 0.486126 76.7759
0.490249 0.00394847 0.871619 107.172 0.00807162 0.999935 -0.00907102 -2.76361 -0.871589 0.0114828 0.490183 77.0593
0.495205 0.00938643 0.868769 107.663 0.00530135 0.999898 -0.0138261 -2.77079 -0.868803 0.011453 0.495101 77.3508
0.500453 0.0160195 0.865662 108.15 0.000712171 0.999829 -0.0189155 -2.78152 -0.865808 0.0100832 0.500353 77.6521
0.506549 0.0219762 0.861975 108.629 -0.00412863 0.999734 -0.0230632 -2.79341 -0.862245 0.00812454 0.506501 77.952
0.512306 0.0264402 0.858442 109.126 -0.00685374 0.999628 -0.0266999 -2.80565 -0.858821 0.00779541 0.512294 78.2578
0.518 0.0269176 0.855002 109.606 -0.00994459 0.999635 -0.0254471 -2.82396 -0.855367 0.00467971 0.518074 78.5649
0.52307 0.0261197 0.851937 110.105 -0.0156326 0.999665 -0.0210523 -2.84579 -0.852192 -0.00230566 0.5233 78.8971
0.528826 0.0236041 0.848447 110.616 -0.0200291 0.99969 -0.0153289 -2.85446 -0.848538 -0.00888643 0.529131 79.2329
0.535477 0.0222121 0.844305 111.127 -0.0253017 0.999636 -0.0102532 -2.86391 -0.844217 -0.0158714 0.535841 79.5772
0.541291 0.0206618 0.840627 111.643 -0.026668 0.999625 -0.00739893 -2.87613 -0.840457 -0.0184118 0.541635 79.929
0.547352 0.0234214 0.836623 112.163 -0.0305645 0.99951 -0.00798638 -2.88471 -0.836391 -0.021199 0.547795 80.2839
0.554092 0.0272289 0.832056 112.678 -0.0339505 0.999381 -0.0100969 -2.88647 -0.831808 -0.0226529 0.554669 80.6532
0.559714 0.0297191 0.828201 113.207 -0.0352487 0.999315 -0.0120391 -2.88799 -0.827984 -0.022454 0.560374 81.0287
0.565913 0.0317467 0.8239 113.749 -0.0367453 0.999245 -0.0132648 -2.89546 -0.823692 -0.0227663 0.566648 81.4199
0.573088 0.0323647 0.818904 114.293 -0.0381576 0.999199 -0.0127882 -2.89552 -0.818653 -0.0239181 0.573859 81.8189
0.579732 0.03407 0.814142 114.855 -0.0413027 0.999079 -0.0123994 -2.89639 -0.813807 -0.0264366 0.5806 82.2378
0.586086 0.0327531 0.809638 115.422 -0.0413167 0.999099 -0.0105105 -2.91187 -0.809245 -0.0272909 0.586906 82.6624
0.594581 0.0307814 0.803495 115.996 -0.0406579 0.999148 -0.00819135 -2.9201 -0.803056 -0.0277967 0.59532 83.0996
0.601803 0.0300966 0.798129 116.586 -0.0405092 0.999162 -0.00713428 -2.92151 -0.797667 -0.0280374 0.602514 83.5492
0.609063 0.0319831 0.792526 117.173 -0.0425689 0.999074 -0.00760513 -2.90485 -0.792028 -0.0291036 0.609854 84.0285
0.6165 0.0327885 0.786725 117.764 -0.0435808 0.999031 -0.00748715 -2.90158 -0.7862 -0.0296696 0.617326 84.5111
0.623177 0.0331056 0.78143 118.363 -0.0441446 0.999009 -0.00711996 -2.90244 -0.780884 -0.0300576 0.624015 85.002
0.628077 0.0320079 0.777547 118.964 -0.043376 0.999049 -0.00609002 -2.91151 -0.776994 -0.0299012 0.628864 85.497
0.632282 0.030339 0.774195 119.582 -0.0410553 0.99915 -0.00562593 -2.92847 -0.773701 -0.0282263 0.632984 86.021
0.635122 0.0285109 0.77194 120.203 -0.0376448 0.999282 -0.00593644 -2.94164 -0.771547 -0.0252886 0.635735 86.5442
0.638971 0.0258705 0.768847 120.834 -0.0335 0.999431 -0.00578921 -2.95158 -0.768552 -0.0220559 0.639468 87.0599
0.642171 0.0202768 0.766348 121.487 -0.026895 0.999639 -0.0039139 -2.96112 -0.766143 -0.0180971 0.64248 87.5859
0.645752 0.014634 0.763459 122.125 -0.0209361 0.999789 -0.00145683 -2.9539 -0.763313 -0.0150419 0.645916 88.1247
0.648721 0.00990452 0.761018 122.778 -0.015945 0.999881 0.000577444 -2.96887 -0.760914 -0.0125086 0.648798 88.672
0.652451 0.00877507 0.757833 123.429 -0.0145381 0.999903 0.000937369 -2.96269 -0.757744 -0.0116279 0.652509 89.2368
0.654865 0.00988521 0.755739 124.076 -0.0155794 0.999888 0.00041979 -2.97301 -0.75564 -0.0120484 0.654942 89.8012
0.659856 0.0137566 0.75132 124.727 -0.0193123 0.999822 -0.00134645 -2.96141 -0.751197 -0.01362 0.659998 90.3782
0.662622 0.0165569 0.748829 125.371 -0.0238302 0.999725 -0.00101887 -2.96541 -0.74863 -0.0171691 0.662831 90.9729
0.665932 0.0147579 0.745921 126.033 -0.024211 0.999715 0.0018346 -2.97663 -0.745674 -0.01928 0.666092 91.5686
0.669875 0.0121739 0.742434 126.69 -0.0253834 0.999667 0.00650963 -2.95739 -0.742096 -0.0232056 0.669957 92.1887
0.673249 0.00672953 0.73944 127.347 -0.0242186 0.999633 0.012952 -2.96069 -0.739073 -0.0266268 0.673158 92.7961
0.678328 0.00293379 0.734816 128.004 -0.021742 0.999645 0.0160782 -2.94859 -0.734497 -0.026882 0.678146 93.405
0.682286 0.000368281 0.731141 128.667 -0.0174231 0.999734 0.015754 -2.94902 -0.730934 -0.0234862 0.682103 94.0189
0.687812 -0.00209659 0.72595 129.314 -0.00690385 0.999943 0.00942788 -2.94216 -0.725916 -0.011496 0.687754 94.6199
0.692234 -0.000101696 0.72173 129.981 -0.00299518 1 0.00301253 -2.94041 -0.721724 -0.00424597 0.692227 95.2518
0.698519 0.000539203 0.715657 130.621 -0.000395036 1.00001 -0.000369042 -2.94996 -0.715654 -2.46004e-05 0.698521 95.8774
0.704159 -0.00307235 0.710095 131.275 0.00209448 1.00001 0.0022484 -2.94515 -0.710099 -9.48013e-05 0.70416 96.5201
0.709927 -0.0089321 0.704286 131.924 0.00613106 0.999972 0.00650084 -2.9607 -0.704312 -0.000296716 0.709956 97.1718
0.714833 -0.0116906 0.699257 132.59 0.0111286 0.999934 0.00533971 -2.9505 -0.699267 0.00396595 0.714906 97.8406
0.719883 -0.00980194 0.694095 133.216 0.0135716 0.99992 4.36924e-05 -2.95859 -0.694028 0.00938871 0.719952 98.4974
0.722997 -0.0091808 0.69085 133.861 0.014027 0.999911 -0.00139308 -2.94759 -0.69077 0.0106988 0.723052 99.1786
0.726622 -0.0113655 0.687013 134.488 0.0157066 0.999889 -7.20828e-05 -2.95311 -0.686924 0.0108433 0.726714 99.8462
0.729013 -0.0175792 0.684336 135.128 0.0201835 0.999798 0.00418007 -2.95735 -0.684265 0.010766 0.729211 100.526
0.729964 -0.0207395 0.683242 135.783 0.0226223 0.999738 0.00617598 -2.96344 -0.683178 0.0109485 0.730236 101.216
0.730868 -0.0247689 0.682131 136.411 0.0261092 0.999635 0.00832157 -2.96181 -0.682082 0.0117288 0.731238 101.897
0.731053 -0.0268929 0.681861 137.047 0.0277238 0.999581 0.00969876 -2.9535 -0.681824 0.0118136 0.731486 102.583
0.730355 -0.0274904 0.682576 137.689 0.0280966 0.999563 0.010192 -2.94365 -0.682552 0.0117352 0.7308 103.28
0.73046 -0.0258911 0.682535 138.315 0.0263696 0.999618 0.00969669 -2.93901 -0.682513 0.0109153 0.730856 103.962
0.727927 -0.0219129 0.685367 138.977 0.0224679 0.999725 0.00809922 -2.92191 -0.685349 0.00950388 0.72821 104.688
0.726615 -0.0200601 0.686822 139.606 0.0205939 0.999773 0.0074121 -2.91145 -0.686803 0.0087588 0.726856 105.369
0.724956 -0.0189164 0.688599 140.245 0.0188082 0.999805 0.00766307 -2.89989 -0.688602 0.00739658 0.72516 106.057
0.722758 -0.0180031 0.690937 140.884 0.0170498 0.999834 0.00821527 -2.89612 -0.690957 0.00584297 0.722937 106.744
0.71987 -0.0188841 0.693915 141.538 0.0168777 0.999821 0.00969874 -2.89581 -0.693967 0.00473058 0.72005 107.437
0.717121 -0.0200477 0.696729 142.154 0.0161148 0.999809 0.0121807 -2.89659 -0.696828 0.0024929 0.7173 108.103
0.714212 -0.023164 0.699609 142.802 0.0189262 0.999737 0.0137788 -2.89298 -0.699736 0.0034007 0.714453 108.767
0.71175 -0.0203977 0.702206 143.44 0.0183316 0.999791 0.0104598 -2.90884 -0.702259 0.00542796 0.711968 109.416
0.707587 -0.0097448 0.70662 144.09 0.0130473 0.999925 0.000723355 -2.89163 -0.706568 0.00870837 0.707652 110.097
0.705364 -0.00393432 0.708905 144.728 0.0105975 0.999946 -0.00499636 -2.8925 -0.708833 0.0110371 0.705359 110.736
0.70174 -0.0065608 0.712465 145.377 0.0104178 0.999956 -0.00105405 -2.89827 -0.712419 0.00816263 0.701767 111.388
0.698043 -0.00909349 0.716069 146.021 0.00750544 0.999972 0.00538103 -2.90104 -0.716084 0.00161846 0.698084 112.036
0.694253 -0.0117411 0.719697 146.667 0.00636345 0.99994 0.0101731 -2.90151 -0.719766 -0.0024822 0.694275 112.676
0.69119 -0.011503 0.722652 147.311 0.00564556 0.999943 0.0105158 -2.89806 -0.722718 -0.00318829 0.691208 113.301
0.687921 -0.0127533 0.725735 147.959 0.00685254 0.999927 0.0110748 -2.89797 -0.725816 -0.00264472 0.687947 113.927
0.683856 -0.0132381 0.729568 148.619 0.00877624 0.999927 0.00991622 -2.90209 -0.729631 -0.000378194 0.683915 114.544
0.681608 -0.012584 0.73167 149.278 0.0103567 0.99993 0.00754843 -2.91321 -0.731706 0.00243324 0.681681 115.168
0.677806 -0.012282 0.73521 149.935 0.0113647 0.999931 0.00622568 -2.918 -0.735221 0.0041357 0.677891 115.78
0.673041 -0.0123863 0.739563 150.598 0.0113856 0.999927 0.00638416 -2.91182 -0.739581 0.00412425 0.673122 116.387
0.669596 -0.0121802 0.742697 151.259 0.0101824 0.999937 0.0072176 -2.90618 -0.742724 0.00272966 0.66967 116.987
0.664484 -0.0125664 0.747258 151.931 0.0101146 0.99993 0.00782021 -2.91243 -0.747297 0.00236248 0.664555 117.594
0.658282 -0.0113818 0.752758 152.603 0.00855877 0.999949 0.00763381 -2.89868 -0.752791 0.00141757 0.658338 118.19
0.652975 -0.00680621 0.757409 153.275 0.00542413 0.999988 0.00430861 -2.89702 -0.757423 0.00129564 0.652994 118.789
0.647295 -0.00169497 0.762309 153.962 0.00274371 1.00001 -0.000107113 -2.8929 -0.762302 0.00216083 0.647299 119.425
0.639859 0.000207876 0.768553 154.654 0.00133742 1.00001 -0.00138524 -2.89119 -0.768555 0.00191502 0.639855 120.01
0.633001 -0.00638417 0.774195 155.381 0.00214961 0.999992 0.00648788 -2.89791 -0.774214 -0.00244255 0.633002 120.613
0.626371 -0.0108408 0.779511 156.091 -0.00367946 0.999865 0.0168603 -2.87396 -0.779579 -0.0134281 0.626236 121.214
0.618172 -0.0158034 0.785954 156.819 -0.00359805 0.999746 0.0229316 -2.88092 -0.7861 -0.0170033 0.617951 121.8
0.611571 -0.0147679 0.791112 157.556 -0.00720572 0.999695 0.0242303 -2.85757 -0.791219 -0.0205181 0.611268 122.388
0.603451 -0.0136702 0.797352 158.295 -0.00777031 0.99972 0.0230198 -2.84174 -0.797427 -0.0200867 0.603169 122.959
0.595665 -0.0139912 0.803172 159.048 -0.00292923 0.999819 0.0195876 -2.83806 -0.80329 -0.0140194 0.595505 123.513
0.589404 -0.00654545 0.80788 159.797 -0.0034186 0.999954 0.010595 -2.81924 -0.807896 -0.00900643 0.589347 124.067
0.581849 -0.0048619 0.813343 160.557 -0.000469401 0.999995 0.00631199 -2.81939 -0.813359 -0.00405363 0.581833 124.616
0.573712 -0.00854121 0.81908 161.335 0.00167671 0.999972 0.00925228 -2.80595 -0.819119 -0.00393468 0.573704 125.161
0.567031 -0.0150541 0.823619 162.111 0.00537495 0.999895 0.0145742 -2.81059 -0.82374 -0.00383633 0.567042 125.69
0.558991 -0.0153731 0.829099 162.89 0.00387492 0.999882 0.0159263 -2.80234 -0.829227 -0.0056898 0.558979 126.215
0.55197 -0.0151671 0.833784 163.653 0.00331013 0.999881 0.0159956 -2.78819 -0.833918 -0.00606834 0.551945 126.731
0.545552 -0.0149309 0.838011 164.437 0.0047535 0.999897 0.0147197 -2.77006 -0.838126 -0.00404674 0.545561 127.248
0.539737 -0.0200734 0.841652 165.21 0.00768392 0.999807 0.0189161 -2.76792 -0.841858 -0.00374162 0.539778 127.718
0.532916 -0.0223674 0.845939 165.999 0.00915677 0.999761 0.0206653 -2.76527 -0.84618 -0.00326667 0.532988 128.212
0.529459 -0.0231248 0.848079 166.745 0.00825716 0.999736 0.0221036 -2.74714 -0.848356 -0.00469923 0.5295 128.686
0.524321 -0.0217155 0.851311 167.51 0.00734477 0.99977 0.0209779 -2.73686 -0.851551 -0.0047463 0.524354 129.169
