1 0 0 0 0 1 0 0 0 0 1 0
0.999999 -0.00036284 -0.000787251 -0.0101899 0.000363474 1 0.000710303 -0.0193321 0.000787129 -0.000710551 0.999999 1.33919
1 -0.000833186 0.000615356 -0.0278591 0.000832075 0.999998 0.0016475 -0.0628609 -0.000616731 -0.00164689 0.999999 2.68352
0.999999 -0.00143712 -0.000488468 -0.0340197 0.0014377 0.999999 0.000923672 -0.0918232 0.000487434 -0.000924336 0.999999 4.07537
0.999999 -0.00138068 0.000745735 -0.0505068 0.00137976 0.999999 0.00111716 -0.107626 -0.000747193 -0.00111598 1 5.42203
0.999999 -0.000926561 -0.00126839 -0.0800265 0.000930261 0.999997 0.0027636 -0.127563 0.00126625 -0.00276469 0.999995 6.80539
0.999996 -0.00273228 -0.00102887 -0.0931745 0.00273623 0.999989 0.00396725 -0.151719 0.00101811 -0.00396992 0.999992 8.14734
0.999999 -0.00202411 -0.000372028 -0.124669 0.00202584 0.999991 0.00406556 -0.148779 0.000364445 -0.00406625 0.999992 9.49421
1 0.000165777 -0.000804507 -0.159396 -0.000162957 0.999995 0.00365418 -0.17565 0.000805615 -0.003654 0.999993 10.9056
0.999999 0.00127586 -0.000415603 -0.186757 -0.00127461 0.999999 0.00212677 -0.170924 0.000419027 -0.00212628 0.999998 12.1682
0.99999 0.00394943 0.00204529 -0.1704 -0.0039504 0.999994 0.000465056 -0.187689 -0.00204272 -0.000473244 0.999998 13.5173
0.999978 0.00615412 0.00287603 -0.165689 -0.00614875 0.999981 -0.00171921 -0.163481 -0.00288527 0.0017014 0.999994 14.8424
0.999958 0.00687586 0.00607465 -0.111801 -0.00686629 0.999977 -0.00159835 -0.126478 -0.00608405 0.00155649 0.999981 16.0864
0.999966 0.00538763 0.00625649 -0.084369 -0.0053973 0.999986 0.00160112 -0.109819 -0.00624581 -0.00163488 0.999979 17.4464
0.999978 0.00226878 0.00630896 -0.0199693 -0.00228195 0.999999 0.00207728 -0.0183214 -0.006302 -0.00209165 0.99998 18.6852
0.999989 0.00207595 0.00465685 -0.00317325 -0.00208543 0.999999 0.00213062 -0.00327777 -0.00464935 -0.00214026 0.999989 20.0361
0.999997 0.00262617 0.00112911 0.0548027 -0.00262221 0.999994 -0.00351842 0.133131 -0.00113546 0.00351554 0.999995 21.302
0.999978 0.00653603 -0.00309782 0.0501327 -0.00655686 0.999958 -0.00691099 0.246413 0.00305658 0.00693126 0.999973 22.6051
0.999979 0.00682246 -0.00210949 0.0385929 -0.00683455 0.999966 -0.00568791 0.242186 0.00207506 0.00570235 0.999984 23.9629
0.999985 0.0066832 8.14195e-05 0.0266946 -0.00668248 0.99998 -0.00235877 0.221652 -9.2004e-05 0.00235854 0.999997 25.3168
0.999987 0.00644847 -0.000805735 0.024985 -0.0064497 0.999984 -0.00125414 0.205164 0.000802083 0.00125914 1 26.6935
0.999988 0.00637016 0.000452385 0.0163501 -0.00636968 0.999985 -6.52035e-05 0.173887 -0.000447731 6.22773e-05 1 28.0431
