1 0 0 0 0 1 0 0 0 0 1 0
0.999999 -0.000362679 -0.0014082 0.00028556 0.000363087 1 0.000250097 -0.00303536 0.001408 -0.000250736 1 0.557054
0.999998 -0.000435224 -0.00185261 -0.00340648 0.000435641 1 0.000231075 -0.00143707 0.00185246 -0.000231875 0.999998 1.11182
0.999992 -0.000586608 -0.00404614 -0.00600248 0.000587043 1 9.37008e-05 -0.000370799 0.004046 -9.6158e-05 0.999993 1.66634
0.999983 -0.00120227 -0.00583596 -0.00737185 0.0012034 0.999999 0.000196308 -0.00133903 0.00583568 -0.000203313 0.999983 2.21876
0.999977 -0.00175447 -0.00657841 -0.00913679 0.00175358 0.999999 -0.000154932 -0.00748602 0.00657854 0.000143289 0.999979 2.77333
0.999963 -0.00174798 -0.00852381 -0.0171459 0.00174782 0.999999 -1.91393e-05 -0.010273 0.00852378 4.22407e-06 0.999964 3.34319
0.999959 -0.00156713 -0.00904124 -0.023745 0.00157033 0.999999 0.000340507 -0.0151597 0.00904051 -0.000354845 0.99996 3.9114
0.999944 -0.00137979 -0.0105781 -0.0341465 0.00138443 0.999999 0.000439989 -0.0258396 0.0105774 -0.000454618 0.999945 4.49523
0.999944 -0.000912367 -0.0106396 -0.0414221 0.000905693 0.999999 -0.000637562 -0.0308071 0.01064 0.000627736 0.999944 5.08127
0.999927 1.63535e-06 -0.0121637 -0.0588993 -3.80777e-05 0.999996 -0.00298298 -0.036753 0.0121635 0.00298323 0.999923 5.67673
0.999915 0.00124929 -0.0130654 -0.0725406 -0.00131869 0.999985 -0.00530799 -0.0498673 0.0130583 0.00532459 0.999902 6.27806
0.999908 0.00199184 -0.0134324 -0.0867377 -0.00205339 0.999988 -0.00455514 -0.0612834 0.013423 0.0045824 0.999901 6.89393
0.999882 0.00334633 -0.0150757 -0.110329 -0.00333025 0.999994 0.00108762 -0.0611886 0.0150791 -0.00103744 0.999886 7.5411
0.999884 0.00382552 -0.01481 -0.124919 -0.0036597 0.999931 0.0112252 -0.0564564 0.0148516 -0.0111698 0.999829 8.19854
0.999862 0.00401667 -0.0162476 -0.148211 -0.00373034 0.999838 0.0176094 -0.0670023 0.0163155 -0.0175466 0.999714 8.87626
0.999838 0.00552632 -0.0172041 -0.166288 -0.00523348 0.999842 0.0170358 -0.0760123 0.0172952 -0.0169431 0.999708 9.55401
0.999821 0.00835419 -0.0170454 -0.181813 -0.00816851 0.999907 0.0109261 -0.0658355 0.0171349 -0.0107851 0.999796 10.2334
0.999793 0.00867878 -0.0184649 -0.200726 -0.00858337 0.99995 0.00525247 -0.0755825 0.0185091 -0.00509298 0.999817 10.9572
0.999799 0.00753399 -0.0186446 -0.210844 -0.00741232 0.99995 0.00658277 -0.0808238 0.018693 -0.00644359 0.999805 11.674
0.999801 0.00524168 -0.0192683 -0.23772 -0.00493378 0.99986 0.0160108 -0.0552455 0.019349 -0.0159128 0.999688 12.4548
0.999821 0.00420031 -0.0185382 -0.248434 -0.00378347 0.99974 0.0224598 -0.0472141 0.0186274 -0.022386 0.999577 13.2204
0.999806 0.0039631 -0.0193599 -0.267893 -0.00347398 0.999676 0.0252512 -0.0406359 0.019453 -0.0251792 0.999495 14.0261
0.999806 0.00314957 -0.0194864 -0.283005 -0.00266164 0.999683 0.0250116 -0.0330888 0.0195585 -0.0249553 0.999498 14.8294
0.999838 0.00377016 -0.0176482 -0.284089 -0.00337455 0.999744 0.0224112 -0.041284 0.0177275 -0.0223482 0.999594 15.6348
0.999824 0.00494603 -0.0182112 -0.308203 -0.00458287 0.999791 0.0199287 -0.00442673 0.0183054 -0.0198421 0.999637 16.4876
0.999877 0.00272975 -0.0155392 -0.310654 -0.0024831 0.999871 0.015893 -0.00071553 0.0155799 -0.0158526 0.999754 17.3377
0.999879 0.000242982 -0.0157129 -0.327625 -7.80817e-05 0.999945 0.0104988 -0.00293901 0.015714 -0.0104967 0.999823 18.219
0.999911 0.00164771 -0.0133461 -0.333668 -0.00156992 0.999982 0.00586288 -0.00675955 0.0133548 -0.0058416 0.999895 19.0971
0.999899 0.00269823 -0.0141067 -0.352936 -0.00262751 0.999984 0.00504029 0.00604726 0.0141195 -0.00500312 0.99989 20.0105
0.999905 0.00243508 -0.0137034 -0.370391 -0.0023652 0.999984 0.00513207 0.0172318 0.013715 -0.00509929 0.999894 20.9392
0.999921 0.00291569 -0.01243 -0.380934 -0.00285428 0.999984 0.00496696 0.0219116 0.0124437 -0.00493147 0.999912 21.8641
0.999903 0.00514367 -0.0131632 -0.402344 -0.00508775 0.999978 0.00429356 0.0120918 0.0131844 -0.00422622 0.999906 22.8143
0.999893 0.00866967 -0.0119612 -0.42184 -0.00862857 0.999956 0.00349461 0.0138556 0.0119904 -0.00339139 0.999924 23.7681
0.999883 0.00896755 -0.0126153 -0.44316 -0.00891652 0.999951 0.00411419 0.00220229 0.012651 -0.00400126 0.999914 24.7321
0.99989 0.00916561 -0.0119164 -0.461417 -0.00911102 0.999947 0.00463689 0.00142649 0.0119576 -0.00452817 0.99992 25.7129
0.999882 0.00916248 -0.0125353 -0.481692 -0.00910028 0.999945 0.00502916 0.000726324 0.0125801 -0.00491453 0.999911 26.6902
0.999879 0.00918855 -0.0128007 -0.50068 -0.0091165 0.999942 0.00568194 -0.000461898 0.0128515 -0.00556491 0.999904 27.6834
0.999882 0.00902458 -0.0126764 -0.520263 -0.00894221 0.999938 0.00655561 0.00212416 0.0127343 -0.00644154 0.999901 28.6968
0.999877 0.0085087 -0.013415 -0.538065 -0.0084155 0.99994 0.00699839 0.0143766 0.0134732 -0.00688495 0.999888 29.6955
0.999893 0.00747014 -0.0128565 -0.5556 -0.00738735 0.999951 0.00649357 0.0243563 0.0129039 -0.00639794 0.999899 30.719
0.99988 0.00780102 -0.0136506 -0.574078 -0.00771458 0.999949 0.00638499 0.0307498 0.0136992 -0.00627918 0.999889 31.7329
0.999887 0.00610186 -0.0140149 -0.592448 -0.00600364 0.999957 0.00705303 0.0491315 0.0140569 -0.00696814 0.99988 32.7638
0.999895 0.00494728 -0.0139119 -0.604988 -0.00483296 0.999954 0.00825181 0.0622101 0.0139517 -0.00818396 0.999872 33.8096
0.999873 0.00472491 -0.0154566 -0.625911 -0.00458062 0.999946 0.0093679 0.0681905 0.0154995 -0.00929595 0.99984 34.8579
0.999879 0.00497521 -0.014973 -0.651036 -0.00482175 0.999935 0.0102842 0.0670362 0.0150229 -0.010211 0.999838 35.9162
0.999862 0.00493229 -0.0161274 -0.671141 -0.00476427 0.999934 0.0104451 0.0748038 0.0161775 -0.0103669 0.999819 36.9684
0.999871 0.00471124 -0.0155964 -0.695695 -0.00455413 0.999938 0.0101101 0.0901287 0.0156429 -0.010038 0.999831 38.0346
0.999848 0.00462092 -0.0170754 -0.714318 -0.0044483 0.999938 0.0101412 0.105435 0.017121 -0.0100637 0.999806 39.105
0.999835 0.00443147 -0.0178251 -0.736134 -0.00423541 0.99993 0.0110351 0.110338 0.0178727 -0.0109579 0.999784 40.1784
0.999842 0.00482454 -0.0173916 -0.763986 -0.00460351 0.999907 0.012738 0.105904 0.0174512 -0.0126559 0.999771 41.248
0.999807 0.00583242 -0.0189725 -0.78952 -0.00555727 0.999879 0.0145302 0.0918723 0.0190548 -0.0144219 0.999718 42.3307
0.999812 0.00773367 -0.0180323 -0.820271 -0.00746535 0.999861 0.0149099 0.0794502 0.0181447 -0.0147724 0.999729 43.3966
0.999773 0.00953785 -0.0192993 -0.850605 -0.00927461 0.999863 0.0136959 0.0707981 0.0194268 -0.0135137 0.999724 44.4636
0.999783 0.0106296 -0.0182501 -0.878912 -0.0103928 0.999861 0.0130337 0.0779166 0.0183857 -0.0128412 0.999752 45.5363
0.999768 0.0109823 -0.018812 -0.904449 -0.010729 0.999851 0.0135287 0.0839533 0.0189573 -0.0133237 0.999736 46.606
0.999768 0.0109382 -0.0188207 -0.932008 -0.0106504 0.999826 0.0153297 0.0808897 0.0189846 -0.0151257 0.999709 47.6854
0.999782 0.0117719 -0.0175397 -0.961504 -0.0114839 0.999799 0.0164364 0.0842519 0.0177292 -0.0162313 0.999716 48.7624
0.999771 0.0113091 -0.0184566 -0.984544 -0.0109889 0.99979 0.0173643 0.0861657 0.0186486 -0.0171576 0.999683 49.844
0.999786 0.0120141 -0.0171269 -1.00932 -0.0117189 0.999783 0.0172438 0.0978853 0.01733 -0.0170392 0.99971 50.9195
0.999782 0.0118136 -0.0175736 -1.03073 -0.0115111 0.999786 0.0172169 0.10192 0.0177726 -0.0170109 0.999702 51.999
0.999782 0.0121514 -0.0172849 -1.05456 -0.011863 0.999791 0.0167004 0.123476 0.0174839 -0.0164917 0.999717 53.0747
0.999814 0.0117668 -0.0157248 -1.07627 -0.0115022 0.999793 0.0168196 0.133945 0.015919 -0.0166358 0.999739 54.148
0.999794 0.0117082 -0.0169334 -1.09739 -0.0114237 0.999794 0.0168157 0.144974 0.0171267 -0.0166189 0.999721 55.2227
0.999818 0.0115176 -0.0156165 -1.11919 -0.0112541 0.999795 0.0168568 0.15607 0.015807 -0.0166782 0.999741 56.2915
0.99981 0.01078 -0.0166099 -1.13584 -0.0104757 0.999778 0.0183166 0.172943 0.0168035 -0.0181392 0.9997 57.376
0.99985 0.0100431 -0.0145911 -1.15763 -0.00968091 0.999649 0.0246894 0.187694 0.0148335 -0.0245447 0.999593 58.4402
0.999849 0.00885072 -0.0153909 -1.17537 -0.00836858 0.99948 0.0311329 0.210089 0.0156582 -0.0309995 0.999402 59.5304
0.999856 0.00843625 -0.0151713 -1.19576 -0.00794962 0.999462 0.0318676 0.238811 0.0154315 -0.0317428 0.999382 60.6112
0.999879 0.00784412 -0.0138822 -1.21755 -0.00740586 0.999481 0.0313615 0.267114 0.0141207 -0.0312549 0.999418 61.6771
0.999869 0.0077317 -0.0147035 -1.23128 -0.0072684 0.999483 0.0313251 0.29561 0.0149377 -0.0312146 0.999406 62.758
0.999867 0.00949353 -0.0137814 -1.25385 -0.00907139 0.999497 0.0304001 0.326293 0.0140628 -0.030271 0.999449 63.8284
0.999854 0.00977366 -0.0144916 -1.26814 -0.00933612 0.999507 0.0299776 0.350965 0.014777 -0.0298384 0.99945 64.9036
0.999847 0.0113142 -0.0138475 -1.29151 -0.0108853 0.999471 0.0306895 0.376165 0.0141872 -0.0305339 0.999439 65.9847
0.99985 0.013113 -0.0119052 -1.31716 -0.0127068 0.999355 0.0336011 0.395889 0.0123377 -0.0334453 0.999369 67.073
0.999834 0.0135653 -0.0127327 -1.33581 -0.0131032 0.999277 0.0357235 0.414635 0.0132079 -0.0355506 0.999287 68.1593
0.999845 0.0137929 -0.0115854 -1.35652 -0.013354 0.999219 0.0371785 0.441838 0.0120888 -0.0370184 0.999246 69.2404
0.999841 0.0135319 -0.0122167 -1.37217 -0.0130503 0.999167 0.0386985 0.475342 0.0127301 -0.0385328 0.999183 70.3313
0.999854 0.0132994 -0.01138 -1.39106 -0.0128295 0.999099 0.0404503 0.508762 0.0119074 -0.040299 0.999122 71.4062
0.999848 0.0127946 -0.0125111 -1.40604 -0.0122442 0.998995 0.0431418 0.544062 0.0130505 -0.0429819 0.998998 72.4953
0.999846 0.0125016 -0.0129183 -1.42301 -0.0119079 0.998912 0.0450877 0.582534 0.0134676 -0.0449275 0.998905 73.5759
0.999855 0.0126416 -0.0120762 -1.44001 -0.0120754 0.998876 0.0458733 0.623142 0.0126425 -0.0457206 0.998882 74.6479
0.999829 0.0130872 -0.013616 -1.46153 -0.012447 0.998859 0.0461136 0.657838 0.0142036 -0.0459368 0.998848 75.7221
0.999832 0.0137618 -0.0127133 -1.48488 -0.0131513 0.998813 0.0469253 0.68849 0.013344 -0.0467502 0.998825 76.7849
0.999792 0.0151305 -0.0141999 -1.5125 -0.0144188 0.998696 0.0489767 0.716348 0.0149221 -0.0487622 0.998704 77.8546
0.999763 0.0166463 -0.0145936 -1.5407 -0.0158618 0.998506 0.052325 0.737584 0.0154428 -0.0520809 0.998532 78.9252
0.999751 0.0180883 -0.0136398 -1.56664 -0.0173062 0.998311 0.05545 0.768715 0.0146194 -0.0552004 0.998373 79.9892
0.999712 0.0190993 -0.0151117 -1.59375 -0.0182199 0.998247 0.0563406 0.806191 0.0161612 -0.0560489 0.998306 81.0478
0.999708 0.0197671 -0.014478 -1.61614 -0.0189223 0.998232 0.0563516 0.850352 0.0155659 -0.0560615 0.998311 82.0989
0.999692 0.0195703 -0.0158003 -1.63392 -0.0186413 0.998205 0.0569519 0.907445 0.0168865 -0.0566396 0.998261 83.1457
0.999707 0.0192321 -0.0152716 -1.65333 -0.0183236 0.998173 0.0575723 0.966214 0.0163506 -0.0572758 0.99823 84.178
0.999693 0.018666 -0.0167666 -1.67041 -0.017652 0.998121 0.0587119 1.02524 0.0178312 -0.0583978 0.998143 85.2008
0.999691 0.0182805 -0.0173774 -1.68794 -0.0172039 0.998037 0.0602243 1.08104 0.0184437 -0.0599068 0.99804 86.2074
0.999702 0.0180537 -0.0169412 -1.70878 -0.0169758 0.99795 0.0617505 1.13595 0.0180214 -0.0614442 0.997957 87.1967
0.999679 0.0178123 -0.0185289 -1.72876 -0.0166105 0.997867 0.0631316 1.18277 0.0196135 -0.0628036 0.997839 88.163
0.999659 0.017717 -0.0196694 -1.74892 -0.0164227 0.997809 0.0641192 1.23118 0.0207624 -0.063774 0.997757 89.1066
0.999572 0.0178364 -0.0235767 -1.77483 -0.0162724 0.997756 0.0649533 1.27531 0.0246819 -0.0645418 0.997617 90.0363
0.999484 0.0182285 -0.0268163 -1.80513 -0.0164413 0.997723 0.0654234 1.32049 0.0279481 -0.0649484 0.997505 90.9349
0.999419 0.0186466 -0.0288742 -1.83892 -0.0166899 0.99764 0.0665987 1.35961 0.0300474 -0.0660782 0.997369 91.8108
0.999295 0.019648 -0.0323313 -1.87432 -0.0174189 0.997545 0.0678407 1.39787 0.0335851 -0.067229 0.997181 92.6644
0.999209 0.0208073 -0.034162 -1.91043 -0.018416 0.997454 0.0688946 1.43143 0.035508 -0.0682112 0.997047 93.4952
0.999072 0.0216379 -0.0375317 -1.94634 -0.0189599 0.997347 0.0703017 1.46855 0.0389535 -0.0695242 0.996828 94.302
0.998986 0.0227599 -0.0390949 -1.98271 -0.0199386 0.99727 0.0711131 1.50658 0.0406056 -0.0702616 0.996711 95.08
0.998838 0.0240149 -0.042061 -2.02221 -0.0209456 0.99719 0.0719551 1.54283 0.0436709 -0.07099 0.99653 95.8307
0.998716 0.025131 -0.0441997 -2.06463 -0.0218942 0.997146 0.0722602 1.57694 0.0458886 -0.0711997 0.996415 96.5469
0.998619 0.0263878 -0.0456689 -2.10221 -0.0230519 0.997134 0.0720933 1.60911 0.0474406 -0.0709404 0.996361 97.2296
0.998439 0.0279884 -0.0485279 -2.14467 -0.0244766 0.99714 0.0715191 1.64198 0.0503899 -0.0702198 0.996268 97.8873
0.998354 0.0290962 -0.0496663 -2.1853 -0.0255113 0.997127 0.071347 1.6714 0.0515997 -0.0699617 0.996224 98.51
0.998275 0.0300237 -0.0506718 -2.2264 -0.0263589 0.997092 0.0715156 1.69786 0.0526707 -0.0700566 0.996162 99.1131
0.998279 0.031178 -0.0498965 -2.26393 -0.0275088 0.996983 0.0726049 1.74258 0.0520099 -0.0711066 0.996121 99.7214
0.998371 0.0338477 -0.0461762 -2.29777 -0.0303721 0.996796 0.0740112 1.76583 0.0485323 -0.0724883 0.996199 100.272
0.998546 0.0354093 -0.0409549 -2.32754 -0.0322601 0.996653 0.0751525 1.78877 0.0434788 -0.0737212 0.996342 100.805
0.998821 0.0361794 -0.0327099 -2.34304 -0.0335842 0.996491 0.0766924 1.81167 0.0353687 -0.0755036 0.996529 101.313
0.999085 0.0355267 -0.0243638 -2.3623 -0.0335151 0.996352 0.0785183 1.85488 0.0270642 -0.0776291 0.996626 101.852
0.999317 0.035289 -0.0119502 -2.36236 -0.0342364 0.996279 0.0791203 1.88328 0.0146969 -0.0786573 0.996805 102.32
0.999388 0.0353294 0.0011655 -2.36115 -0.0353104 0.996219 0.0794047 1.91112 0.0016442 -0.0793964 0.996853 102.768
0.999247 0.0352296 0.0169715 -2.35 -0.0364681 0.996194 0.0791956 1.94104 -0.0141177 -0.0797551 0.996727 103.2
0.998795 0.0352947 0.0344839 -2.33227 -0.0379019 0.996225 0.0781326 1.96397 -0.0315961 -0.0793448 0.996358 103.617
0.997871 0.0346973 0.0554523 -2.30396 -0.0387401 0.996539 0.0735647 1.98715 -0.0527086 -0.0755564 0.99576 104.03
0.996233 0.0330413 0.0803459 -2.25829 -0.0387343 0.996772 0.0703633 2.01152 -0.0777615 -0.0732096 0.994292 104.434
0.993769 0.0303669 0.107365 -2.2009 -0.037837 0.996954 0.0682318 2.02954 -0.104966 -0.071869 0.991888 104.825
0.990051 0.0286839 0.137845 -2.13016 -0.0382409 0.997009 0.067192 2.0527 -0.135505 -0.0717942 0.988185 105.213
0.985068 0.0266882 0.17016 -2.04676 -0.038251 0.997152 0.0650364 2.06815 -0.16794 -0.0705741 0.983281 105.586
0.978201 0.0245998 0.206261 -1.94797 -0.0382916 0.997303 0.0626544 2.08449 -0.204163 -0.0691861 0.976502 105.958
0.969612 0.0212932 0.243776 -1.83462 -0.0373986 0.997401 0.061627 2.09951 -0.24183 -0.068871 0.967885 106.313
0.958513 0.0196388 0.284419 -1.70519 -0.0382848 0.997458 0.0601484 2.10241 -0.282514 -0.0685413 0.956824 106.665
0.945518 0.0202679 0.32498 -1.57417 -0.0413611 0.997455 0.0581272 2.11934 -0.322975 -0.0684017 0.943947 107.001
0.929268 0.0212079 0.368834 -1.42706 -0.0450506 0.997409 0.0561524 2.14051 -0.366686 -0.0687963 0.927811 107.328
0.909963 0.0203887 0.414222 -1.25979 -0.0473967 0.997362 0.0550266 2.15523 -0.412006 -0.0697047 0.908526 107.655
0.889112 0.0196924 0.457295 -1.08491 -0.0498296 0.997304 0.0539362 2.16737 -0.454998 -0.0707416 0.887692 107.953
0.864524 0.0189836 0.502261 -0.887898 -0.0520549 0.997298 0.0519037 2.18419 -0.499917 -0.0710168 0.863173 108.25
0.838949 0.0193406 0.543891 -0.680621 -0.0538487 0.997418 0.0475933 2.18875 -0.541564 -0.0692157 0.83782 108.532
0.809804 0.0204606 0.586369 -0.468049 -0.0559581 0.997533 0.0424711 2.19455 -0.584051 -0.0672049 0.808947 108.798
0.778665 0.0242607 0.626993 -0.244781 -0.0601337 0.997541 0.0360817 2.20411 -0.624574 -0.0657986 0.778206 109.051
0.743758 0.0298186 0.667805 0.0121921 -0.0662619 0.997376 0.029262 2.21435 -0.665178 -0.0660134 0.74378 109.313
0.70632 0.0348517 0.707056 0.262362 -0.0729589 0.997056 0.0237367 2.22491 -0.704144 -0.0683514 0.706779 109.553
0.665935 0.0341268 0.745248 0.541846 -0.0743788 0.997016 0.0208056 2.23342 -0.742312 -0.0692853 0.666483 109.77
0.624021 0.0311473 0.780806 0.832298 -0.0740135 0.997073 0.0193772 2.23593 -0.777913 -0.0698816 0.624496 109.99
0.579806 0.0289335 0.814259 1.14099 -0.0753664 0.996993 0.0182379 2.2463 -0.81128 -0.0719416 0.58024 110.18
0.53213 0.0273081 0.846239 1.47001 -0.0780533 0.996809 0.0169142 2.24601 -0.843074 -0.0750522 0.53256 110.373
0.484906 0.0250006 0.874226 1.8063 -0.0784882 0.996805 0.0150277 2.25036 -0.871054 -0.0759028 0.485317 110.53
0.433068 0.0199302 0.901157 2.16613 -0.0784915 0.996796 0.0156751 2.23909 -0.897952 -0.0775215 0.433242 110.677
0.38151 0.0199975 0.924164 2.52507 -0.0820025 0.99656 0.0122868 2.24728 -0.920736 -0.0804706 0.381835 110.805
0.329849 0.0228999 0.943771 2.89234 -0.0858293 0.996297 0.0058228 2.2466 -0.940139 -0.0829237 0.33059 110.919
0.278576 0.0270233 0.96005 3.28194 -0.09 0.995944 -0.0019195 2.25419 -0.956204 -0.0858689 0.279876 111.018
0.231634 0.0273627 0.972433 3.6755 -0.090026 0.995921 -0.00657977 2.26549 -0.968644 -0.08602 0.23315 111.097
0.188918 0.0262503 0.981658 4.09753 -0.0875401 0.996117 -0.00979074 2.26388 -0.978098 -0.0840839 0.190481 111.162
0.153711 0.0258507 0.987793 4.51827 -0.081056 0.996622 -0.013469 2.25858 -0.984801 -0.0779961 0.155285 111.198
0.122218 0.0259103 0.992181 4.9622 -0.0798484 0.99668 -0.0161926 2.25656 -0.989302 -0.0772441 0.12388 111.238
0.0946424 0.0237812 0.995243 5.41485 -0.0820302 0.996505 -0.0160111 2.25782 -0.992142 -0.0801246 0.0962605 111.279
0.0686846 0.0197241 0.99746 5.86408 -0.0855791 0.99624 -0.0138077 2.29015 -0.993976 -0.0844122 0.0701133 111.333
0.0438817 0.0154789 0.998934 6.36377 -0.0900278 0.995878 -0.0114771 2.29118 -0.994989 -0.089428 0.0450927 111.359
0.0218103 0.0133273 0.99969 6.87751 -0.0888371 0.995986 -0.0113404 2.28235 -0.995823 -0.088561 0.0229058 111.364
0.00138105 0.0145464 0.99991 7.40517 -0.0846011 0.996316 -0.0143776 2.2773 -0.996431 -0.0845735 0.00260522 111.353
-0.0169418 0.0170092 0.999729 7.95466 -0.0804676 0.996593 -0.0183202 2.26439 -0.996629 -0.080755 -0.0155161 111.328
-0.0309605 0.0199112 0.99934 8.50879 -0.0799433 0.996553 -0.0223325 2.25535 -0.996336 -0.0805818 -0.0292633 111.315
-0.0425872 0.0204491 0.998901 9.10115 -0.0808829 0.996443 -0.0238479 2.24299 -0.99583 -0.0818083 -0.0407823 111.296
-0.0486753 0.0199465 0.998634 9.71184 -0.0785012 0.996636 -0.0237331 2.22317 -0.995742 -0.079549 -0.0469467 111.264
-0.0515008 0.0138139 0.998595 10.3467 -0.0728598 0.997193 -0.0175528 2.19278 -0.996029 -0.0736601 -0.0503502 111.225
-0.0518537 0.0116258 0.998606 10.9948 -0.0714709 0.99733 -0.0153223 2.17749 -0.996111 -0.0721657 -0.0508854 111.19
-0.0493552 0.0112542 0.998736 11.6626 -0.0723919 0.997271 -0.0148159 2.16738 -0.996172 -0.0730302 -0.0484063 111.164
-0.0484222 0.0109794 0.998785 12.3447 -0.074731 0.997102 -0.0145842 2.16389 -0.996045 -0.0753463 -0.0474624 111.144
-0.0466134 0.0103918 0.998878 13.0445 -0.0760752 0.997011 -0.0139232 2.14581 -0.99603 -0.0766376 -0.0456841 111.118
-0.0455642 0.010129 0.998929 13.764 -0.0756065 0.997051 -0.0135587 2.13451 -0.996114 -0.076143 -0.0446649 111.087
-0.0456185 0.00959228 0.998932 14.4931 -0.0754939 0.997067 -0.0130228 2.10941 -0.99612 -0.0760059 -0.0447612 111.055
-0.0444972 0.00899769 0.998988 15.2377 -0.07592 0.997043 -0.012362 2.08706 -0.99614 -0.0763927 -0.0436837 111.031
-0.0447 0.00808154 0.998988 15.9923 -0.0758259 0.997062 -0.0114596 2.06462 -0.996138 -0.0762598 -0.0439565 111.004
-0.0448736 0.00695241 0.998988 16.7569 -0.0758822 0.997069 -0.010348 2.04253 -0.996126 -0.0762692 -0.0442157 110.977
-0.0459922 0.00642834 0.998942 17.5373 -0.0767359 0.997009 -0.0099497 2.03481 -0.99601 -0.0771105 -0.045362 110.947
-0.0477116 0.00591293 0.998864 18.329 -0.0772847 0.99697 -0.0095937 2.02155 -0.995886 -0.077654 -0.0471112 110.915
-0.0487272 0.00446357 0.998824 19.1222 -0.075463 0.997122 -0.0081382 2.00176 -0.995978 -0.0757688 -0.0482507 110.875
-0.0504792 0.0033568 0.99874 19.9245 -0.0746989 0.997188 -0.00712746 1.98108 -0.995947 -0.074964 -0.0500877 110.838
-0.051709 0.0027819 0.998681 20.7343 -0.0749108 0.997175 -0.00665729 1.96939 -0.99587 -0.0751542 -0.051355 110.803
-0.0527044 0.00507082 0.998619 21.5539 -0.0767033 0.99702 -0.00911134 1.95348 -0.99568 -0.0770768 -0.0521595 110.772
-0.0545226 0.00874778 0.998497 22.3826 -0.0784504 0.99684 -0.0130179 1.94059 -0.995447 -0.0790401 -0.0536645 110.733
-0.0551046 0.00839585 0.998468 23.2094 -0.0782259 0.996862 -0.0127 1.92892 -0.995432 -0.0788051 -0.0542761 110.691
-0.0571597 0.00555419 0.998373 24.0484 -0.0817595 0.996607 -0.0102262 1.9265 -0.995034 -0.0822086 -0.056512 110.656
-0.0573871 0.000656511 0.998374 24.8887 -0.0844163 0.996422 -0.00550801 1.92053 -0.994797 -0.0845943 -0.0571275 110.622
-0.0584949 -0.00560283 0.998296 25.7319 -0.0856192 0.996335 0.000574208 1.91466 -0.994631 -0.0854373 -0.0587607 110.585
-0.0579193 -0.0120984 0.998271 26.5771 -0.0887023 0.996041 0.00692446 1.91107 -0.994393 -0.0881469 -0.0587642 110.55
-0.057694 -0.0142988 0.998256 27.4199 -0.0894788 0.995955 0.00909375 1.91175 -0.994338 -0.0887957 -0.0587405 110.507
-0.0577283 -0.00898821 0.998315 28.2496 -0.0867338 0.996231 0.00395351 1.89079 -0.994578 -0.0863585 -0.0582914 110.461
-0.0560703 0.00107001 0.998451 29.0679 -0.0847386 0.996394 -0.00582726 1.88356 -0.994846 -0.0849317 -0.0557779 110.415
-0.0562064 0.00479062 0.998431 29.8936 -0.0842788 0.996404 -0.00952588 1.87523 -0.994876 -0.0846811 -0.0556018 110.375
-0.0542023 -0.000975157 0.998555 30.723 -0.0830405 0.996548 -0.00353499 1.86924 -0.995093 -0.0831096 -0.0540967 110.336
-0.0532846 -0.00927801 0.99856 31.5536 -0.0804564 0.996754 0.00496737 1.8554 -0.995354 -0.080075 -0.0538594 110.297
-0.0536375 -0.0136368 0.998493 32.3721 -0.0789227 0.996845 0.00937401 1.84342 -0.995458 -0.0782986 -0.0545451 110.256
-0.0528502 -0.014938 0.998515 33.189 -0.0797414 0.996766 0.0106906 1.83766 -0.995435 -0.0790571 -0.0538718 110.217
-0.0545535 -0.0158562 0.998411 33.994 -0.0816084 0.996608 0.0113678 1.83748 -0.995192 -0.0808563 -0.055663 110.185
-0.0559148 -0.0169936 0.998316 34.7979 -0.0824896 0.996524 0.0123423 1.83227 -0.995044 -0.0816597 -0.0571235 110.148
-0.0588772 -0.0180809 0.998128 35.6016 -0.0823345 0.996525 0.0131945 1.8275 -0.994886 -0.0814011 -0.0601618 110.106
-0.060174 -0.0189206 0.998035 36.4037 -0.0829958 0.996461 0.0138861 1.81839 -0.994754 -0.0819962 -0.0615326 110.068
-0.0622175 -0.0194911 0.9979 37.1968 -0.08389 0.996381 0.0142303 1.8172 -0.994553 -0.0828259 -0.063628 110.027
-0.0652631 -0.0205448 0.997683 37.9869 -0.0840612 0.996356 0.015018 1.81894 -0.994344 -0.0828853 -0.0667534 109.982
-0.066674 -0.0218064 0.997564 38.7712 -0.0836093 0.996376 0.0161914 1.81328 -0.994289 -0.0823236 -0.0682559 109.932
-0.0693309 -0.0222579 0.997373 39.5479 -0.0831661 0.996408 0.0164545 1.81178 -0.994144 -0.0818057 -0.070934 109.879
-0.0704693 -0.0225132 0.997288 40.3213 -0.0828976 0.996428 0.0166352 1.80559 -0.994087 -0.081498 -0.0720842 109.829
-0.0723844 -0.0229237 0.997141 41.0904 -0.0826243 0.996446 0.0169092 1.80216 -0.993972 -0.0811631 -0.0740223 109.776
-0.0729 -0.0240268 0.997078 41.8561 -0.081488 0.996519 0.0180545 1.79212 -0.994028 -0.0799312 -0.0746046 109.721
-0.0743566 -0.0247089 0.996954 42.6197 -0.0809902 0.996549 0.0186577 1.79499 -0.993962 -0.0793552 -0.0761024 109.669
-0.0765673 -0.0253483 0.996771 43.3828 -0.0809633 0.996542 0.0191224 1.80041 -0.993796 -0.0792352 -0.0783552 109.618
-0.0774114 -0.0262028 0.996684 44.1197 -0.0811766 0.99651 0.0198928 1.80653 -0.993713 -0.0793665 -0.0792696 109.565
-0.0790089 -0.0272788 0.99653 44.8384 -0.0816023 0.996456 0.0208062 1.81332 -0.993553 -0.0796727 -0.0809553 109.513
-0.0787744 -0.0280548 0.996527 45.5503 -0.0817573 0.996427 0.0215885 1.82284 -0.993558 -0.0797719 -0.0807879 109.46
-0.0798873 -0.0288181 0.996417 46.2431 -0.0818759 0.996403 0.0222526 1.82981 -0.99346 -0.0798023 -0.0819598 109.408
-0.0788435 -0.0285348 0.996508 46.9113 -0.0833906 0.996284 0.0219299 1.83954 -0.993417 -0.0813694 -0.0809313 109.36
-0.0788999 -0.0284434 0.996507 47.6046 -0.0837677 0.996255 0.0218031 1.84839 -0.993382 -0.0817522 -0.0809873 109.31
-0.079797 -0.0290272 0.996419 48.2946 -0.0836415 0.996255 0.0223236 1.85544 -0.99332 -0.0815596 -0.0819271 109.26
-0.0806409 -0.0301835 0.996316 48.993 -0.0815203 0.996401 0.0235872 1.86171 -0.993429 -0.0793153 -0.0828115 109.206
-0.0819418 -0.0314928 0.99617 49.6803 -0.0815383 0.996371 0.0247915 1.86709 -0.993321 -0.0791936 -0.0842133 109.155
-0.0812368 -0.0322252 0.996204 50.364 -0.083806 0.996167 0.0253894 1.8748 -0.99319 -0.0814227 -0.0836264 109.108
-0.0819098 -0.032923 0.996126 51.0379 -0.0849283 0.996058 0.0259368 1.87702 -0.99304 -0.0824738 -0.0843841 109.061
-0.080979 -0.0342566 0.996158 51.7071 -0.0844176 0.996063 0.0273903 1.87829 -0.99316 -0.0818727 -0.0835524 109.011
-0.0819746 -0.035335 0.996039 52.374 -0.0851929 0.995971 0.0283207 1.88232 -0.993012 -0.0825327 -0.0846556 108.96
-0.0859115 -0.0369411 0.995649 53.0415 -0.0895701 0.995562 0.0292085 1.88672 -0.992294 -0.0866683 -0.0888391 108.914
-0.089996 -0.0375804 0.995264 53.7016 -0.0917218 0.995363 0.0292899 1.89749 -0.991735 -0.0886502 -0.0930265 108.865
-0.0967725 -0.0355121 0.994704 54.3579 -0.0898516 0.995604 0.0268021 1.90841 -0.991268 -0.0867794 -0.099538 108.801
-0.102606 -0.0349289 0.99414 55.0095 -0.0883406 0.995764 0.0258678 1.91828 -0.990817 -0.0851677 -0.105257 108.729
-0.110307 -0.0345393 0.99333 55.6796 -0.0881778 0.995805 0.0248328 1.93328 -0.990004 -0.0848477 -0.11289 108.657
-0.115821 -0.0350761 0.992682 56.3404 -0.0897605 0.995667 0.0247083 1.95032 -0.989232 -0.0862408 -0.118468 108.582
-0.121002 -0.0362518 0.992023 57.0139 -0.0899905 0.995628 0.0254064 1.95841 -0.988591 -0.0861956 -0.123735 108.503
-0.126126 -0.0370409 0.991354 57.6952 -0.0914999 0.995487 0.0255538 1.96884 -0.987812 -0.0874846 -0.128946 108.424
-0.129538 -0.0382548 0.990869 58.3694 -0.0935154 0.995283 0.0261991 1.98523 -0.987181 -0.089265 -0.132504 108.342
-0.13298 -0.0415423 0.99028 59.0698 -0.0940761 0.995149 0.0291133 1.99936 -0.98667 -0.0892888 -0.136243 108.25
-0.134467 -0.0470935 0.989832 59.7608 -0.0928944 0.995081 0.0347232 2.01093 -0.986581 -0.0872781 -0.138179 108.156
-0.136864 -0.0506193 0.989329 60.4782 -0.0942094 0.994842 0.0378683 2.02704 -0.986126 -0.08802 -0.140928 108.063
-0.137594 -0.0520718 0.989153 61.1871 -0.0952495 0.994695 0.0391136 2.05156 -0.985925 -0.0888321 -0.141823 107.969
-0.13827 -0.0522242 0.98905 61.9059 -0.0953289 0.994684 0.0391945 2.07609 -0.985822 -0.0888643 -0.142513 107.872
-0.139518 -0.0490913 0.989036 62.6225 -0.0899605 0.99528 0.0367105 2.10168 -0.986152 -0.0838499 -0.143275 107.765
-0.139968 -0.0464888 0.989097 63.3445 -0.0839211 0.99587 0.0349314 2.11313 -0.98662 -0.0781157 -0.143291 107.651
-0.141485 -0.0464274 0.988886 64.0761 -0.0832061 0.995933 0.0348531 2.14081 -0.986465 -0.0773475 -0.144772 107.548
-0.141457 -0.0490311 0.988763 64.8092 -0.0850029 0.995696 0.0372139 2.16382 -0.986315 -0.0787825 -0.145017 107.448
-0.141491 -0.0554637 0.98842 65.5434 -0.0846298 0.995463 0.0437438 2.1898 -0.986344 -0.0774576 -0.145542 107.346
-0.142864 -0.0589627 0.988019 66.2793 -0.0806333 0.995609 0.0477565 2.20586 -0.98648 -0.0728435 -0.146991 107.24
-0.143643 -0.0597221 0.987862 67.0091 -0.0793623 0.995669 0.0486539 2.23295 -0.986471 -0.0714073 -0.14776 107.134
-0.146016 -0.0605453 0.987463 67.7439 -0.0816096 0.995471 0.0489689 2.26081 -0.985938 -0.073435 -0.150296 107.034
-0.147692 -0.0611628 0.987177 68.4703 -0.0820645 0.995414 0.0493949 2.28249 -0.985652 -0.073714 -0.152033 106.93
-0.150339 -0.061903 0.986729 69.2038 -0.0823736 0.995362 0.0498941 2.306 -0.985225 -0.0737783 -0.154741 106.822
-0.151908 -0.0626119 0.986446 69.9351 -0.0822766 0.99534 0.0505058 2.33114 -0.984994 -0.0734863 -0.15635 106.712
-0.153946 -0.0634027 0.986078 70.6708 -0.0825824 0.995284 0.0511019 2.3555 -0.98465 -0.0735647 -0.158456 106.601
-0.156123 -0.0638623 0.985708 71.4139 -0.083332 0.995214 0.051279 2.39136 -0.984246 -0.0741323 -0.160696 106.487
-0.156652 -0.0644513 0.985585 72.1495 -0.0842331 0.995116 0.0516863 2.41577 -0.984084 -0.074921 -0.161316 106.373
-0.15813 -0.0649787 0.985315 72.9024 -0.0840244 0.99511 0.0521394 2.45212 -0.983867 -0.0745428 -0.162815 106.258
-0.158705 -0.0654955 0.985188 73.6523 -0.0845337 0.995046 0.0525334 2.48744 -0.983729 -0.0749431 -0.163455 106.141
-0.160453 -0.0667213 0.984822 74.4139 -0.084449 0.994994 0.053651 2.52282 -0.983454 -0.0745559 -0.165283 106.022
-0.160828 -0.068392 0.984647 75.1761 -0.0859767 0.994787 0.0550533 2.55909 -0.98326 -0.0758015 -0.165869 105.904
-0.162192 -0.0697921 0.984325 75.9425 -0.087105 0.994626 0.0561692 2.59946 -0.982937 -0.0766263 -0.167398 105.782
-0.165056 -0.0707757 0.983779 76.7204 -0.0870111 0.99459 0.056955 2.631 -0.982468 -0.0761978 -0.17032 105.653
-0.165986 -0.0709492 0.983609 77.4909 -0.0867523 0.994604 0.0571018 2.66921 -0.982335 -0.0758491 -0.171244 105.523
-0.168844 -0.0713243 0.983096 78.278 -0.0873396 0.99455 0.057155 2.71429 -0.981795 -0.0762118 -0.174153 105.39
-0.168996 -0.0701319 0.983154 79.0502 -0.086991 0.994646 0.0559976 2.75311 -0.9818 -0.0760592 -0.174191 105.252
-0.170773 -0.0686935 0.98295 79.8425 -0.086663 0.99476 0.0544623 2.78836 -0.98152 -0.0758835 -0.175831 105.112
-0.170421 -0.0680558 0.983055 80.6392 -0.0861313 0.994834 0.0539388 2.82583 -0.981629 -0.0754764 -0.1754 104.97
-0.170045 -0.0682898 0.983104 81.4453 -0.0857326 0.994851 0.0542767 2.86631 -0.981729 -0.0750535 -0.175023 104.824
-0.170665 -0.0693447 0.982923 82.2637 -0.0849727 0.994852 0.0554316 2.89555 -0.981689 -0.0740582 -0.175677 104.679
-0.169572 -0.0703019 0.983044 83.0806 -0.0839846 0.994867 0.0566603 2.93773 -0.981962 -0.0729514 -0.174606 104.535
-0.169761 -0.0713405 0.982937 83.9143 -0.0840546 0.994802 0.0576839 2.97826 -0.981924 -0.0728248 -0.174873 104.395
-0.166897 -0.0727983 0.983322 84.7417 -0.0839486 0.994712 0.0593931 3.02123 -0.982424 -0.0726348 -0.172125 104.254
-0.166558 -0.0754792 0.983177 85.5825 -0.0834081 0.994584 0.0622241 3.06071 -0.982528 -0.0716378 -0.17195 104.112
-0.163469 -0.0778708 0.983509 86.4225 -0.0836566 0.994397 0.0648283 3.10211 -0.983025 -0.0716784 -0.169067 103.972
-0.161788 -0.0784398 0.983742 87.2607 -0.0841372 0.994316 0.0654448 3.15212 -0.983263 -0.0721779 -0.167467 103.834
-0.161053 -0.075313 0.984106 88.1032 -0.0833519 0.994573 0.0624731 3.19624 -0.98345 -0.0719645 -0.166456 103.698
-0.159426 -0.0709813 0.984694 88.9107 -0.0825598 0.99489 0.0583489 3.2519 -0.983782 -0.0719905 -0.16447 103.56
-0.158874 -0.0700071 0.984852 89.7577 -0.0839196 0.994844 0.0571797 3.29846 -0.983756 -0.0735628 -0.16393 103.428
-0.156014 -0.070987 0.98524 90.6034 -0.0832472 0.994824 0.0584945 3.34671 -0.984271 -0.0728892 -0.161115 103.296
-0.156502 -0.074039 0.984937 91.4575 -0.0818631 0.994741 0.0617683 3.37816 -0.984309 -0.070962 -0.16174 103.159
-0.155334 -0.074352 0.9851 92.2987 -0.0794661 0.994886 0.0625595 3.4138 -0.984692 -0.0685611 -0.160447 103.03
-0.154562 -0.0749912 0.985172 93.1562 -0.0800018 0.994804 0.0631731 3.45528 -0.984769 -0.0690503 -0.159758 102.899
-0.154913 -0.075509 0.985078 94.0157 -0.0800319 0.99477 0.0636655 3.50278 -0.984712 -0.0689718 -0.160145 102.766
-0.153321 -0.0765388 0.985247 94.8639 -0.0788603 0.994777 0.0650073 3.54847 -0.985055 -0.0677289 -0.158556 102.635
-0.15334 -0.0777386 0.985151 95.7128 -0.0748883 0.994962 0.0668556 3.59557 -0.985363 -0.0635214 -0.158388 102.5
-0.151895 -0.0778216 0.985368 96.556 -0.0748964 0.994949 0.0670332 3.64049 -0.985586 -0.0636175 -0.156956 102.367
-0.15234 -0.0772595 0.985345 97.4111 -0.0744618 0.995017 0.0665052 3.68854 -0.985551 -0.0632358 -0.157332 102.236
-0.150524 -0.077065 0.985639 98.2481 -0.0781386 0.994779 0.0658468 3.73081 -0.985545 -0.0671036 -0.155759 102.11
-0.149825 -0.0814812 0.985391 99.0898 -0.081647 0.994228 0.0697972 3.7896 -0.985368 -0.0699933 -0.155612 101.989
-0.150107 -0.0850443 0.985047 99.9298 -0.0866037 0.993609 0.0725866 3.84375 -0.984902 -0.0744114 -0.156513 101.873
-0.150428 -0.0852383 0.984981 100.761 -0.0900294 0.993332 0.0722109 3.88981 -0.984547 -0.0778109 -0.157098 101.754
-0.151987 -0.0835543 0.984886 101.591 -0.094627 0.993087 0.0696475 3.94261 -0.983875 -0.0826095 -0.158843 101.637
-0.152201 -0.0832982 0.984875 102.413 -0.0950388 0.993073 0.0693038 3.99781 -0.983803 -0.0830493 -0.159062 101.513
-0.152726 -0.0834749 0.984779 103.236 -0.0944794 0.993109 0.0695289 4.04308 -0.983774 -0.0824207 -0.15956 101.387
-0.153848 -0.0839406 0.984565 104.052 -0.0935974 0.993158 0.0700472 4.08917 -0.983685 -0.0813719 -0.160651 101.257
-0.154044 -0.0841799 0.984514 104.865 -0.092765 0.99321 0.070409 4.13143 -0.983732 -0.0804806 -0.160806 101.126
-0.155153 -0.083977 0.984357 105.67 -0.0921595 0.993281 0.0702115 4.1732 -0.983616 -0.0798203 -0.161849 100.997
-0.1553 -0.0839531 0.984335 106.469 -0.0917271 0.993317 0.0702476 4.22281 -0.983632 -0.0793789 -0.161962 100.867
-0.157035 -0.0843695 0.984025 107.268 -0.0918303 0.993291 0.0705084 4.27364 -0.983348 -0.0792869 -0.163728 100.739
-0.158564 -0.0849194 0.983732 108.056 -0.0920122 0.993244 0.0709097 4.3253 -0.983085 -0.0792697 -0.165306 100.618
-0.161636 -0.0851639 0.983212 108.843 -0.0920973 0.993238 0.0708913 4.36959 -0.982578 -0.0790884 -0.168385 100.494
-0.165501 -0.0852939 0.982557 109.621 -0.0924633 0.993221 0.0706455 4.41376 -0.981899 -0.0791566 -0.172265 100.365
-0.168324 -0.0853385 0.982074 110.396 -0.0928127 0.993206 0.0703976 4.46452 -0.981387 -0.0792951 -0.175099 100.235
-0.172226 -0.0855159 0.981381 111.177 -0.0924871 0.993242 0.070319 4.51176 -0.98074 -0.0786524 -0.17897 100.098
-0.174729 -0.0862831 0.980872 111.951 -0.092402 0.993208 0.0709076 4.55111 -0.980306 -0.0782406 -0.181514 99.9598
-0.177895 -0.0867954 0.980257 112.716 -0.0923987 0.993189 0.0711725 4.59697 -0.979736 -0.0779112 -0.184703 99.8195
-0.179287 -0.0838408 0.980262 113.488 -0.0953862 0.993164 0.067498 4.64614 -0.979196 -0.0813977 -0.186057 99.6875
-0.180986 -0.0780997 0.980423 114.245 -0.0963817 0.993467 0.0613471 4.69298 -0.978786 -0.0833899 -0.18733 99.5545
-0.184516 -0.0760296 0.979929 115.001 -0.0929017 0.993903 0.0596206 4.73789 -0.978464 -0.0800318 -0.190452 99.4093
-0.18671 -0.0782115 0.979341 115.751 -0.0916275 0.993882 0.0619047 4.78057 -0.978167 -0.0781745 -0.192733 99.2691
-0.190176 -0.0847103 0.978133 116.507 -0.0922067 0.993423 0.0681066 4.82694 -0.977445 -0.0772339 -0.196734 99.1361
-0.191828 -0.0865196 0.977652 117.261 -0.0926787 0.993267 0.0697175 4.87415 -0.977078 -0.0772319 -0.198553 98.9986
-0.193826 -0.0848637 0.977403 118.025 -0.094267 0.993267 0.067547 4.92416 -0.976531 -0.0790401 -0.200519 98.8426
-0.195768 -0.0830274 0.977175 118.775 -0.0955899 0.993295 0.0652473 4.96361 -0.976016 -0.0806326 -0.20239 98.6983
-0.198332 -0.0802903 0.976886 119.517 -0.095231 0.993517 0.0623229 5.00427 -0.975533 -0.0806648 -0.20469 98.5348
-0.201071 -0.0772429 0.976572 120.252 -0.0918213 0.993998 0.0597165 5.02398 -0.9753 -0.0776609 -0.206955 98.3793
-0.202592 -0.073104 0.976576 120.985 -0.0915931 0.994267 0.0554272 5.05718 -0.975006 -0.0782142 -0.208124 98.2238
-0.205537 -0.0726486 0.975995 121.718 -0.0923124 0.994249 0.054568 5.09625 -0.974323 -0.0788788 -0.211059 98.0708
-0.207593 -0.0743544 0.975431 122.459 -0.0914516 0.99423 0.0563244 5.13356 -0.973967 -0.0775078 -0.213193 97.9151
-0.211738 -0.0770826 0.974328 123.207 -0.0891141 0.994271 0.0592951 5.16418 -0.973293 -0.0742695 -0.217392 97.7484
-0.217018 -0.0784604 0.973055 123.939 -0.0889873 0.994219 0.0603204 5.19306 -0.97214 -0.0734947 -0.222743 97.5799
-0.22333 -0.0790619 0.971578 124.654 -0.0894765 0.994175 0.0603343 5.23641 -0.970666 -0.073457 -0.229101 97.4183
-0.231954 -0.0794021 0.969527 125.368 -0.0907326 0.994098 0.0597073 5.27352 -0.968523 -0.074114 -0.237786 97.2509
-0.24174 -0.0796138 0.967117 126.075 -0.0923773 0.994006 0.0587377 5.31615 -0.965973 -0.0751383 -0.247642 97.0747
-0.254034 -0.0797842 0.963946 126.786 -0.0937494 0.993945 0.0575612 5.35172 -0.962679 -0.0757423 -0.259972 96.8866
-0.265806 -0.0794902 0.960792 127.481 -0.0943054 0.993974 0.0561466 5.39134 -0.959442 -0.0756816 -0.271697 96.6969
-0.27811 -0.0799019 0.957268 128.182 -0.0938813 0.994039 0.0556966 5.42907 -0.955989 -0.0743753 -0.283949 96.4908
-0.289442 -0.0799769 0.953897 128.883 -0.0932874 0.994132 0.0550449 5.46753 -0.952679 -0.0730522 -0.2952 96.2779
-0.29998 -0.0796076 0.950666 129.575 -0.0906282 0.994398 0.0546724 5.498 -0.94967 -0.0697522 -0.305509 96.0553
-0.309201 -0.0786702 0.947786 130.247 -0.0860528 0.994814 0.0545013 5.53087 -0.947135 -0.064706 -0.314363 95.8092
-0.316791 -0.0788936 0.945257 130.925 -0.0843772 0.994943 0.0547628 5.56475 -0.944774 -0.0624056 -0.321841 95.5699
-0.323473 -0.0793451 0.942954 131.602 -0.0855094 0.994868 0.054381 5.59945 -0.942406 -0.0630389 -0.328592 95.3385
-0.328171 -0.0806497 0.941217 132.274 -0.0841201 0.994901 0.0559198 5.63279 -0.940905 -0.0608199 -0.333276 95.0982
-0.331499 -0.0826253 0.93988 132.948 -0.0797738 0.99506 0.0593407 5.66546 -0.940118 -0.0553048 -0.336448 94.8513
-0.331789 -0.0836287 0.939688 133.616 -0.0771004 0.99515 0.0613418 5.69469 -0.940238 -0.0520937 -0.336622 94.6019
-0.333005 -0.08391 0.939233 134.277 -0.0757552 0.995209 0.0620527 5.73856 -0.939918 -0.0504865 -0.337761 94.3657
-0.33346 -0.0804182 0.939377 134.931 -0.0751288 0.99547 0.0585511 5.76991 -0.939806 -0.0510458 -0.337985 94.1343
-0.331922 -0.0799352 0.939963 135.578 -0.075546 0.995471 0.0579793 5.8037 -0.940319 -0.0517645 -0.336451 93.9067
-0.331782 -0.0802296 0.939987 136.222 -0.0733729 0.99557 0.0590757 5.83803 -0.940539 -0.0493653 -0.336193 93.6798
-0.329812 -0.0810936 0.940607 136.867 -0.072147 0.995571 0.0605355 5.87876 -0.941328 -0.0478955 -0.334196 93.4501
-0.328936 -0.0820097 0.940834 137.5 -0.0704684 0.995592 0.0621457 5.91601 -0.941759 -0.0458533 -0.333259 93.2284
-0.326721 -0.0828146 0.941536 138.135 -0.070394 0.995535 0.0631375 5.95379 -0.942538 -0.045649 -0.331086 93.0047
-0.324821 -0.0824811 0.942221 138.761 -0.0702891 0.995557 0.0629186 5.98885 -0.9432 -0.0457867 -0.329169 92.7887
-0.321724 -0.0827438 0.94326 139.372 -0.0695785 0.995563 0.0636007 6.02457 -0.944315 -0.0451677 -0.326048 92.5822
-0.316199 -0.0835325 0.945057 139.995 -0.0687681 0.99553 0.0649851 6.05718 -0.946237 -0.0444378 -0.320524 92.3695
-0.311888 -0.0795005 0.946837 140.625 -0.05999 0.996169 0.0638826 6.19257 -0.948265 -0.0368756 -0.315457 92.1348
-0.30676 -0.0806285 0.948415 141.243 -0.0599468 0.996081 0.0652912 6.22602 -0.949937 -0.0368222 -0.310385 91.9373
-0.302919 -0.081619 0.949564 141.85 -0.0599782 0.996001 0.0664774 6.25996 -0.951168 -0.0368152 -0.306598 91.7486
-0.299995 -0.0827154 0.950397 142.443 -0.0596528 0.995928 0.0678484 6.29466 -0.952113 -0.0363361 -0.303703 91.5605
-0.296146 -0.0835865 0.951527 143.047 -0.0577672 0.995925 0.0695081 6.33512 -0.953435 -0.0343819 -0.299763 91.3668
-0.293303 -0.0848051 0.952299 143.637 -0.0566994 0.995865 0.0712215 6.36296 -0.954377 -0.0331019 -0.296893 91.1852
-0.289378 -0.0857758 0.953414 144.234 -0.0574331 0.995756 0.072154 6.40317 -0.955532 -0.0338771 -0.293071 91.0067
-0.285856 -0.0858663 0.954467 144.819 -0.058686 0.995694 0.0719991 6.43845 -0.956514 -0.035429 -0.289659 90.8361
-0.282326 -0.0853216 0.955567 145.39 -0.0581749 0.995743 0.0717219 6.47309 -0.957595 -0.0353404 -0.286083 90.669
-0.276669 -0.084633 0.957281 145.967 -0.0563262 0.995848 0.0717636 6.50835 -0.959354 -0.0340618 -0.280282 90.503
-0.270927 -0.0853926 0.958855 146.532 -0.0571166 0.995746 0.0725406 6.54576 -0.960946 -0.0351126 -0.274648 90.3503
-0.262082 -0.0870959 0.961158 147.11 -0.0580342 0.995558 0.0743886 6.5841 -0.96334 -0.0362806 -0.265967 90.202
-0.252074 -0.0885477 0.963699 147.674 -0.0574337 0.995436 0.076442 6.61922 -0.966044 -0.036079 -0.256005 90.062
-0.239568 -0.0897612 0.966772 148.242 -0.0561756 0.995349 0.078494 6.65653 -0.969294 -0.0355008 -0.243493 89.9221
-0.226631 -0.0908708 0.969783 148.806 -0.0550321 0.99526 0.0803987 6.69634 -0.972467 -0.0351475 -0.230555 89.7961
-0.211794 -0.0918206 0.973042 149.368 -0.0542853 0.995163 0.0820922 6.73651 -0.975847 -0.0354316 -0.215751 89.6805
