0.998739 -0.000184041 0.0500871 0.0695197 0.000183083 1 2.41075e-05 0.00193451 -0.0500871 -1.49737e-05 0.998738 0.0396103
0.995283 -0.000193616 0.0970145 0.0584941 0.000202869 1 -8.62711e-05 0.00186472 -0.0970141 0.00010555 0.995282 0.16275
0.991573 -8.77729e-05 0.129698 0.0217188 9.43117e-05 1 -4.43504e-05 -0.0033054 -0.129698 5.61059e-05 0.991571 0.307256
0.986872 0.00134895 0.161638 0.0341118 -0.00027124 0.99998 -0.00668911 -7.10906e-05 -0.161644 0.00655781 0.986839 0.501384
0.981213 0.00133544 0.193018 0.068922 -0.00016392 0.999981 -0.0060856 -0.00255663 -0.193022 0.00593945 0.981193 0.745138
0.977353 0.00117894 0.211739 0.0720303 3.01778e-05 0.999987 -0.00570697 -0.00843757 -0.211743 0.00558433 0.977325 1.03268
0.973518 0.000981154 0.228615 0.128231 0.000138635 0.999989 -0.0048821 -0.00118993 -0.228616 0.00478456 0.973504 1.36849
0.965668 0.000657421 0.2599 0.195015 0.000629662 0.999991 -0.00486884 0.00903775 -0.259901 0.00486546 0.965644 1.73517
0.961205 0.00122705 0.275841 0.308444 0.000224797 0.999989 -0.00523184 0.0117168 -0.275842 0.00509093 0.961191 2.09904
0.957493 0.00776333 0.288466 0.475441 -0.00637537 0.999967 -0.00575103 0.0125813 -0.2885 0.0036677 0.957496 2.47188
0.954541 0.00787428 0.297984 0.688589 -0.00651629 0.999967 -0.00555047 -0.00782316 -0.298014 0.00335643 0.954556 2.92154
0.96214 0.010806 0.27246 1.1922 -0.00957478 0.999943 -0.00584907 0.0472944 -0.272506 0.00301925 0.962169 3.62163
0.968013 0.0150124 0.250461 1.63908 -0.0146366 0.999891 -0.00336134 0.126177 -0.250479 -0.000412138 0.968124 4.45051
0.967717 0.0135822 0.251806 1.97548 -0.0135889 0.999916 -0.00171408 0.125466 -0.251803 -0.00176176 0.967799 5.75693
0.968085 0.0134662 0.250273 2.3234 -0.0134529 0.999912 -0.0017622 0.13088 -0.25027 -0.00166105 0.968177 7.06427
0.96777 0.013271 0.251616 2.66364 -0.0133013 0.99992 -0.00158163 0.145495 -0.251612 -0.00181488 0.967849 8.36441
0.967802 0.0136738 0.251355 3.00529 -0.0137494 0.999909 -0.00145333 0.157552 -0.251347 -0.00204952 0.967899 9.67843
0.967579 0.0135949 0.252326 3.33916 -0.0139837 0.999912 -0.000252846 0.159513 -0.252302 -0.00328229 0.967662 10.9955
0.966976 0.0125872 0.254571 3.67294 -0.013813 0.999906 0.00303 0.146762 -0.254503 -0.00644654 0.967055 12.3102
0.967226 0.0121284 0.253743 4.02221 -0.0136066 0.999908 0.00407038 0.137788 -0.253666 -0.00738789 0.967282 13.6427
0.966845 0.0118061 0.255107 4.35715 -0.0135639 0.999901 0.00513392 0.119226 -0.255015 -0.00842427 0.966905 14.9518
0.967157 0.0126449 0.253978 4.69695 -0.0142995 0.999896 0.00466866 0.119466 -0.253887 -0.00814552 0.967217 16.2928
0.966595 0.0132289 0.255982 5.03449 -0.0151057 0.999878 0.00536809 0.101233 -0.255874 -0.00905611 0.966673 17.6086
0.966717 0.0146637 0.255537 5.37492 -0.0165776 0.999857 0.0053366 0.0925315 -0.255417 -0.00939363 0.966802 18.9582
0.966564 0.0147932 0.256016 5.71948 -0.0168286 0.999848 0.00576212 0.079245 -0.255886 -0.00987841 0.966661 20.2964
0.966265 0.014861 0.257235 6.06089 -0.017132 0.99984 0.00658852 0.0740072 -0.257091 -0.0107716 0.966345 21.619
0.966611 0.0143929 0.255863 6.41712 -0.0171148 0.999825 0.00841589 0.0739998 -0.255691 -0.0125144 0.966683 22.9736
0.966323 0.014922 0.257013 6.7575 -0.0179697 0.999802 0.00951267 0.0749773 -0.256816 -0.013809 0.96638 24.3103
0.966625 0.0161279 0.25571 7.11222 -0.0192532 0.999774 0.0097248 0.0741514 -0.255489 -0.014324 0.966712 25.6737
0.96653 0.0171611 0.256093 7.45849 -0.0204807 0.999747 0.0103002 0.065491 -0.255846 -0.0151987 0.966616 27.0249
0.966151 0.0175322 0.257403 7.80112 -0.0211306 0.99972 0.0112215 0.0668214 -0.257129 -0.0162812 0.966246 28.3709
0.966563 0.0177547 0.255926 8.1542 -0.0214843 0.999708 0.0117834 0.0702476 -0.255638 -0.016886 0.966641 29.7353
0.966273 0.0175432 0.256946 8.50363 -0.0213134 0.999709 0.0118969 0.0742601 -0.256657 -0.0169724 0.96636 31.0942
0.966764 0.017644 0.255169 8.85968 -0.0213691 0.999709 0.0118326 0.0843922 -0.254881 -0.0168903 0.96684 32.4583
0.966572 0.0175986 0.255817 9.21297 -0.021543 0.999695 0.0126261 0.0908413 -0.255511 -0.0177154 0.96665 33.8118
0.967216 0.017918 0.253427 9.56833 -0.0220007 0.999677 0.0132844 0.0992683 -0.253102 -0.0184226 0.967279 35.1952
0.967455 0.0185726 0.252387 9.91712 -0.0227386 0.999656 0.013601 0.101879 -0.252042 -0.0188976 0.967538 36.5704
0.967289 0.0187213 0.253096 10.2664 -0.0230568 0.999641 0.0141739 0.10634 -0.252735 -0.0195438 0.967353 37.9304
0.967883 0.0188882 0.250722 10.6183 -0.0235037 0.999612 0.0154282 0.112996 -0.250327 -0.0208259 0.967944 39.3267
0.967723 0.0184587 0.251449 10.9709 -0.0233374 0.999601 0.0164332 0.121634 -0.25104 -0.0217688 0.967747 40.7045
0.968211 0.0184607 0.249487 11.3278 -0.0233644 0.999596 0.0167092 0.134258 -0.249071 -0.0220074 0.968243 42.1018
0.968333 0.0178078 0.249135 11.6762 -0.0226977 0.99961 0.0167686 0.14742 -0.248735 -0.0218903 0.968339 43.4819
0.967824 0.0178695 0.251027 12.0277 -0.0228987 0.999599 0.0171291 0.157574 -0.250614 -0.0223264 0.967838 44.841
0.968101 0.017808 0.250032 12.3841 -0.0229294 0.99959 0.0175849 0.172616 -0.249612 -0.022755 0.968093 46.2319
0.967573 0.0176255 0.252011 12.7346 -0.0229199 0.999582 0.0180893 0.187578 -0.25158 -0.0232789 0.967565 47.5966
0.9678 0.0174522 0.251217 13.0878 -0.0227476 0.999584 0.0181902 0.198038 -0.25079 -0.0233171 0.967774 48.9817
0.967657 0.017238 0.251717 13.4419 -0.0224438 0.999597 0.0178257 0.206994 -0.251302 -0.0228987 0.967647 50.355
0.967156 0.0173643 0.25369 13.7867 -0.0225106 0.999603 0.0173973 0.21047 -0.253282 -0.0225346 0.967143 51.7178
0.96728 0.0184828 0.253073 14.1384 -0.0237608 0.999567 0.0178163 0.218038 -0.252628 -0.0232466 0.967293 53.0966
0.966719 0.0199932 0.255158 14.4834 -0.025772 0.999489 0.0193244 0.219823 -0.254636 -0.0252552 0.966721 54.4546
0.966754 0.0229482 0.254714 14.8356 -0.0292394 0.999361 0.0209417 0.228441 -0.254064 -0.0276932 0.9668 55.8286
0.966215 0.0259256 0.256524 15.1809 -0.0326654 0.999232 0.0220473 0.234942 -0.25575 -0.0296799 0.9663 57.186
0.966158 0.0297826 0.256263 15.5325 -0.0367943 0.999075 0.0226119 0.249255 -0.255346 -0.0312756 0.966353 58.5508
0.965941 0.032399 0.25682 15.8788 -0.0395653 0.998966 0.0227852 0.263867 -0.255812 -0.0321684 0.966203 59.9065
0.965503 0.0331499 0.258309 16.2231 -0.0403991 0.998931 0.0228085 0.275734 -0.257271 -0.0324572 0.965804 61.2441
0.965622 0.033255 0.257904 16.5809 -0.0405863 0.998917 0.0231539 0.287357 -0.25685 -0.0328233 0.965906 62.6049
0.965321 0.0328986 0.259025 16.9268 -0.0402327 0.998932 0.0230648 0.30127 -0.257983 -0.0326862 0.965606 63.9311
0.965608 0.0328601 0.258005 17.2827 -0.0401133 0.998942 0.0228978 0.319628 -0.256974 -0.0324578 0.965885 65.2823
0.965721 0.0327001 0.257554 17.6387 -0.0399117 0.99895 0.0228231 0.337743 -0.256531 -0.0323202 0.966006 66.6241
0.965538 0.032736 0.258286 17.9884 -0.0399381 0.998953 0.022685 0.358246 -0.257268 -0.0322167 0.965815 67.9426
0.965821 0.0333317 0.257098 18.341 -0.040491 0.998932 0.0226039 0.377656 -0.256064 -0.0322415 0.966132 69.2909
0.965717 0.0335775 0.257505 18.6816 -0.0407944 0.998917 0.0227337 0.39859 -0.256457 -0.0324572 0.966021 70.6005
0.966234 0.0334697 0.255526 19.0317 -0.0407464 0.998907 0.0232374 0.418861 -0.254462 -0.0328645 0.966535 71.9368
0.966486 0.0327305 0.254712 19.3733 -0.0402647 0.998899 0.0244198 0.43605 -0.253627 -0.0338553 0.966721 73.2654
0.966559 0.0310862 0.254597 19.7099 -0.0386787 0.998951 0.024871 0.455193 -0.25355 -0.0338867 0.96674 74.5731
0.967 0.0308727 0.252985 20.0568 -0.0385317 0.998943 0.0253748 0.48259 -0.251929 -0.0342834 0.96715 75.9105
0.966951 0.0293777 0.253312 20.3905 -0.0370751 0.998992 0.0256688 0.499831 -0.252295 -0.034212 0.967057 77.2135
0.967236 0.0286038 0.252339 20.732 -0.0363024 0.999013 0.0259051 0.51724 -0.251343 -0.0342149 0.967305 78.5409
0.967044 0.0287565 0.253029 21.0637 -0.0363977 0.999019 0.025571 0.540585 -0.252039 -0.0339379 0.967134 79.8484
0.967235 0.0286131 0.252346 21.4008 -0.0362253 0.999025 0.0255706 0.558292 -0.251362 -0.033872 0.967312 81.1675
0.967143 0.0294607 0.252572 21.7326 -0.0370538 0.999 0.0253608 0.578685 -0.251565 -0.0338862 0.967259 82.479
0.966832 0.0296966 0.253763 22.0597 -0.0373347 0.99899 0.0253349 0.597591 -0.252748 -0.0339668 0.966948 83.7769
0.966902 0.0307022 0.253343 22.4005 -0.0388726 0.99888 0.0273093 0.618253 -0.252214 -0.0362534 0.967004 85.09
0.966644 0.0310328 0.254312 22.7271 -0.0394202 0.998841 0.027949 0.645413 -0.253143 -0.0370398 0.966732 86.3746
0.96672 0.0310393 0.253998 23.0624 -0.0393911 0.998844 0.0278625 0.664358 -0.252833 -0.0369404 0.966817 87.6897
0.96665 0.0313515 0.254254 23.3928 -0.0394532 0.99887 0.026826 0.683281 -0.253119 -0.0359604 0.966779 88.9812
0.966481 0.0308578 0.254926 23.7163 -0.0388065 0.998912 0.0262107 0.704139 -0.253833 -0.0352248 0.966619 90.2485
0.966514 0.0298289 0.254948 24.0593 -0.0380434 0.998911 0.0273489 0.731228 -0.253847 -0.0361302 0.966582 91.5603
0.966288 0.0271604 0.256081 24.3892 -0.035639 0.998967 0.0285278 0.751031 -0.255034 -0.0366924 0.966248 92.8217
0.96629 0.0253306 0.256278 24.7313 -0.0340212 0.998994 0.0295329 0.769678 -0.255264 -0.0372543 0.966166 94.1267
0.966086 0.0248484 0.257075 25.0678 -0.0335288 0.999013 0.0294393 0.788513 -0.256083 -0.0370602 0.965957 95.4085
0.96558 0.0270919 0.258766 25.3957 -0.0354484 0.998998 0.027681 0.815376 -0.257749 -0.0358991 0.965558 96.67
0.965425 0.0292599 0.259087 25.7311 -0.0374931 0.998944 0.0268943 0.831672 -0.25802 -0.0356782 0.965493 97.9684
0.964688 0.0320192 0.261515 26.0588 -0.040428 0.998832 0.0268358 0.860788 -0.260342 -0.0364587 0.964841 99.2353
0.964598 0.0327593 0.261734 26.4003 -0.0418032 0.998712 0.0290616 0.883792 -0.260438 -0.0389738 0.964716 100.536
0.963986 0.0327453 0.264005 26.7369 -0.042325 0.998643 0.0306783 0.911331 -0.262634 -0.0407454 0.964048 101.805
0.964002 0.0323766 0.263966 27.0835 -0.0423065 0.998601 0.0320214 0.937077 -0.262553 -0.0420359 0.964014 103.109
0.963664 0.0327971 0.265174 27.4268 -0.042749 0.998589 0.0318444 0.967386 -0.263747 -0.042021 0.963691 104.396
0.962965 0.0345555 0.267455 27.7657 -0.0445961 0.998516 0.0315584 1.00119 -0.265961 -0.0423169 0.963067 105.66
0.962833 0.0366486 0.267672 28.1143 -0.0467021 0.99843 0.0312875 1.0311 -0.266097 -0.0426233 0.963017 106.968
0.962194 0.0371305 0.269876 28.4583 -0.0472196 0.998414 0.0309891 1.06101 -0.26829 -0.0425606 0.96241 108.235
0.962175 0.0378151 0.269866 28.8108 -0.0478514 0.998393 0.0307066 1.092 -0.268263 -0.0424564 0.962423 109.543
0.961826 0.0376351 0.271116 29.1642 -0.0477192 0.998399 0.0306995 1.12267 -0.26952 -0.0424646 0.962071 110.829
0.961227 0.036392 0.273417 29.5188 -0.0470564 0.998373 0.0325461 1.1454 -0.271779 -0.044148 0.96136 112.098
0.961307 0.0354849 0.273237 29.8785 -0.0462679 0.99839 0.0331225 1.1826 -0.271615 -0.0444827 0.961391 113.412
0.960937 0.0341115 0.274724 30.2311 -0.045136 0.998417 0.0339062 1.20561 -0.273123 -0.0449795 0.960941 114.681
0.961134 0.0339816 0.274036 30.5951 -0.0450707 0.998406 0.0342726 1.24288 -0.272427 -0.0452911 0.961124 115.991
0.961303 0.0311527 0.273796 30.9577 -0.0423862 0.998493 0.0352078 1.26432 -0.272277 -0.0454484 0.961159 117.279
0.961246 0.0285383 0.274266 31.3198 -0.0397534 0.998592 0.0354222 1.28034 -0.272861 -0.0449521 0.961017 118.545
0.961852 0.0264706 0.272355 31.68 -0.0376857 0.998652 0.036029 1.30468 -0.271025 -0.0449163 0.961538 119.85
0.961976 0.0232625 0.2722 32.0398 -0.0345438 0.99874 0.0367281 1.32427 -0.270996 -0.044734 0.961555 121.122
0.962536 0.0211852 0.270393 32.3992 -0.0325631 0.998773 0.0376619 1.35238 -0.269255 -0.0450538 0.962029 122.432
0.962583 0.0207379 0.270252 32.7539 -0.032034 0.998797 0.0374568 1.39322 -0.269143 -0.0447121 0.962076 123.707
0.963299 0.0209076 0.267683 33.1036 -0.0321483 0.998785 0.0376781 1.43605 -0.266561 -0.0448988 0.962786 125.014
0.963531 0.0214575 0.266795 33.4588 -0.0325062 0.998796 0.0370676 1.47997 -0.265672 -0.0443878 0.963056 126.311
0.963439 0.0210568 0.267171 33.8157 -0.0318864 0.998847 0.0362597 1.51601 -0.266091 -0.0434509 0.962983 127.578
0.964101 0.0155553 0.265144 34.1741 -0.0261083 0.999011 0.0363252 1.53207 -0.264309 -0.0419432 0.963541 128.887
0.96415 0.00805022 0.265312 34.536 -0.0191085 0.999065 0.0391249 1.5718 -0.264739 -0.0427897 0.963386 130.173
0.964838 0.00352971 0.262886 34.8979 -0.0144791 0.999118 0.0397271 1.60726 -0.262507 -0.0421361 0.964026 131.476
0.965155 0.00114908 0.261757 35.2508 -0.0117555 0.999185 0.0389563 1.64362 -0.26149 -0.0406736 0.964366 132.768
0.964803 0.00301355 0.263023 35.5998 -0.0131256 0.999253 0.0366987 1.67301 -0.262709 -0.0388589 0.964109 134.072
0.964911 0.00509537 0.262608 35.9419 -0.0147937 0.999293 0.0349648 1.72094 -0.262235 -0.0376205 0.964289 135.377
0.964501 0.00506387 0.264097 36.2877 -0.0148779 0.999283 0.0351758 1.75241 -0.263722 -0.0378559 0.963873 136.676
0.964601 0.00152033 0.263788 36.642 -0.0118889 0.999231 0.0377126 1.78424 -0.263519 -0.0395114 0.963863 137.971
0.964404 -0.00435615 0.264464 37.0039 -0.00651532 0.999182 0.0402182 1.81075 -0.264416 -0.0405093 0.963574 139.27
0.964053 -0.00834651 0.265661 37.3584 -0.0027687 0.999151 0.0414358 1.84058 -0.265771 -0.0406793 0.963197 140.558
0.964299 -0.0106691 0.264669 37.7182 -0.000352676 0.999149 0.0415628 1.87919 -0.26488 -0.040172 0.963461 141.855
0.963685 -0.00945369 0.266958 38.0656 -0.00180618 0.999134 0.0418989 1.92967 -0.267114 -0.0408568 0.962818 143.142
0.963739 -0.00566212 0.266853 38.4208 -0.00586432 0.999097 0.0423789 1.97317 -0.266844 -0.0424068 0.962823 144.45
0.963119 -0.0026946 0.269143 38.7665 -0.00871864 0.999126 0.0411991 2.01122 -0.26901 -0.0420233 0.96224 145.735
0.96327 -0.000401641 0.268601 39.1259 -0.0110408 0.999107 0.0410902 2.05195 -0.268371 -0.0425461 0.962392 147.048
0.963099 0.000121372 0.26923 39.4842 -0.0116829 0.99909 0.0413387 2.09105 -0.268971 -0.0429556 0.96221 148.359
0.962859 0.000968911 0.27007 39.8318 -0.0124672 0.999099 0.040865 2.12616 -0.26978 -0.0427137 0.961991 149.645
0.963289 0.00312732 0.268529 40.1942 -0.0141506 0.999148 0.0391225 2.16683 -0.268168 -0.0414832 0.962499 150.974
0.963075 0.00593388 0.269234 40.5388 -0.0165536 0.999183 0.0371923 2.19875 -0.268786 -0.0402753 0.962375 152.262
0.963345 0.011545 0.268096 40.8928 -0.022355 0.999067 0.0373016 2.24442 -0.267406 -0.0419247 0.962691 153.591
0.963242 0.0149908 0.268283 41.2429 -0.0263255 0.998917 0.0387031 2.28922 -0.267405 -0.0443425 0.962581 154.914
0.962714 0.0169627 0.270067 41.6027 -0.028945 0.998776 0.0404452 2.32981 -0.269041 -0.0467511 0.962013 156.23
0.963014 0.0170817 0.268975 41.9663 -0.029449 0.998696 0.0420127 2.37351 -0.2679 -0.0483792 0.962249 157.561
0.962976 0.0137117 0.269317 42.3352 -0.0265235 0.998694 0.043988 2.41719 -0.268352 -0.0494995 0.962068 158.883
0.963722 0.0112749 0.266741 42.7061 -0.0241587 0.998705 0.0450691 2.4582 -0.265881 -0.0498774 0.962732 160.211
0.963835 0.0118192 0.266314 43.0648 -0.0235669 0.998897 0.0409568 2.51115 -0.265526 -0.0457487 0.963037 161.533
0.964508 0.0138164 0.263762 43.4322 -0.0248497 0.998961 0.0385406 2.55128 -0.262949 -0.0437263 0.963836 162.87
0.964654 0.0167054 0.263066 43.7907 -0.0271643 0.99899 0.0361682 2.59116 -0.262186 -0.0420328 0.964121 164.203
0.964354 0.020335 0.263901 44.1402 -0.0315172 0.998786 0.0382089 2.62677 -0.262797 -0.0451635 0.963812 165.523
0.96462 0.0212112 0.262865 44.5008 -0.0331675 0.998617 0.0411287 2.66998 -0.261619 -0.0483891 0.963977 166.886
0.964097 0.0203078 0.264845 44.8513 -0.0330384 0.998512 0.0437025 2.70999 -0.263557 -0.0508825 0.963319 168.215
0.964315 0.0205735 0.264032 45.2223 -0.0335381 0.998452 0.0446866 2.76527 -0.262694 -0.0519441 0.963499 169.594
0.96437 0.0172397 0.264068 45.5898 -0.0302757 0.998526 0.045377 2.80772 -0.262889 -0.0517541 0.963456 170.948
0.964132 0.0132236 0.265172 45.9505 -0.0264149 0.998595 0.04624 2.84459 -0.264178 -0.0515832 0.963113 172.279
0.964295 0.0102211 0.264704 46.3308 -0.0233867 0.998652 0.0466342 2.88914 -0.263863 -0.0511585 0.963222 173.659
0.963872 0.007586 0.266336 46.6979 -0.0210546 0.998651 0.0477489 2.94402 -0.265604 -0.0516286 0.962718 175.003
0.964125 0.00343035 0.265497 47.0778 -0.0171947 0.998638 0.0495374 2.99349 -0.264958 -0.0523243 0.962859 176.385
0.963747 0.000436678 0.266894 47.4466 -0.0144409 0.998632 0.0505082 3.03703 -0.266497 -0.0525286 0.962423 177.725
0.964031 0.00340359 0.265838 47.821 -0.0164989 0.998771 0.0470439 3.0936 -0.265344 -0.0497369 0.96289 179.111
0.963846 0.011288 0.266299 48.1822 -0.023539 0.998817 0.0428552 3.14908 -0.265491 -0.0475715 0.962959 180.484
0.963045 0.0202235 0.268653 48.5354 -0.0328243 0.998571 0.0424956 3.19724 -0.267402 -0.0497424 0.96232 181.844
0.963183 0.02412 0.267844 48.8968 -0.037742 0.998249 0.0458236 3.23439 -0.26626 -0.0542428 0.962394 183.25
0.962494 0.0248849 0.270236 49.268 -0.0394124 0.998061 0.0484663 3.28206 -0.268498 -0.0572976 0.961595 184.623
0.963031 0.0237717 0.26842 49.6547 -0.0385008 0.998033 0.0497414 3.3408 -0.2667 -0.0582342 0.962039 186.027
0.963353 0.0211979 0.26748 50.0404 -0.0360289 0.99808 0.0506623 3.39795 -0.265885 -0.0584411 0.962253 187.415
0.963236 0.0183039 0.268116 50.4217 -0.03327 0.998139 0.0513812 3.44634 -0.266667 -0.0584097 0.962037 188.782
0.963679 0.0197365 0.266417 50.8031 -0.0347042 0.998079 0.0515915 3.52007 -0.26488 -0.0589619 0.962499 190.195
0.96352 0.0201751 0.266958 51.1751 -0.0352747 0.998044 0.0518858 3.58007 -0.265379 -0.0594071 0.962332 191.57
0.963768 0.0221356 0.265908 51.5582 -0.037544 0.997903 0.0530043 3.64972 -0.26417 -0.0610654 0.962563 193.003
0.963928 0.0210153 0.265418 51.9352 -0.0366993 0.997866 0.0542695 3.71149 -0.263701 -0.0620498 0.962627 194.412
0.963685 0.0214085 0.266268 52.3136 -0.0371788 0.997845 0.0543292 3.78011 -0.264523 -0.0622541 0.96239 195.797
0.964082 0.0218509 0.264791 52.6977 -0.0375671 0.997825 0.0544334 3.84749 -0.263016 -0.0624229 0.96279 197.242
0.963829 0.0232158 0.265598 53.0748 -0.039042 0.997768 0.0544652 3.92033 -0.263733 -0.0628628 0.962567 198.626
0.964178 0.0253535 0.264128 53.4607 -0.0413496 0.997636 0.0551767 3.99499 -0.262094 -0.0641189 0.962931 200.07
0.963934 0.0275994 0.264796 53.8393 -0.0437523 0.997527 0.0553001 4.07628 -0.262607 -0.0648892 0.962741 201.465
0.964322 0.0293772 0.263183 54.2212 -0.045537 0.997435 0.0555109 4.15323 -0.260866 -0.0655121 0.963171 202.908
0.964413 0.0303891 0.262738 54.6033 -0.0466681 0.997359 0.0559438 4.2268 -0.260337 -0.0662124 0.963267 204.341
0.964216 0.0318828 0.263285 54.9799 -0.0481442 0.997311 0.0555408 4.30474 -0.260796 -0.066226 0.963142 205.766
0.964502 0.0320171 0.262217 55.3658 -0.0482142 0.997306 0.0555721 4.3692 -0.259724 -0.06624 0.963431 207.22
0.964274 0.0324389 0.263008 55.7489 -0.048696 0.997286 0.0555271 4.44295 -0.260483 -0.0663479 0.963218 208.645
0.964389 0.0332063 0.262485 56.1447 -0.049497 0.997237 0.0556981 4.52125 -0.259902 -0.0667049 0.963351 210.101
0.964364 0.0326216 0.262652 56.5313 -0.0490601 0.997227 0.0562699 4.5923 -0.260078 -0.0671474 0.963272 211.546
0.964001 0.0327491 0.263966 56.9117 -0.0493107 0.997209 0.0563623 4.66939 -0.261376 -0.0673477 0.962907 212.983
0.964249 0.0332643 0.262994 57.3023 -0.0497198 0.9972 0.0561601 4.73932 -0.260378 -0.0672252 0.963186 214.434
0.963848 0.0324931 0.264557 57.691 -0.049081 0.997222 0.0563344 4.80355 -0.261984 -0.0672806 0.962747 215.88
0.964088 0.0329426 0.263627 58.0791 -0.0495975 0.997172 0.0567684 4.88001 -0.261 -0.0678019 0.962978 217.338
0.963957 0.0311336 0.264325 58.4676 -0.0482079 0.997149 0.0583576 4.94502 -0.261746 -0.0689949 0.962692 218.794
0.963306 0.0303358 0.26678 58.8587 -0.0476854 0.997148 0.0587947 5.0122 -0.264224 -0.0693557 0.961988 220.235
0.963499 0.0309978 0.266004 59.2504 -0.0481395 0.997164 0.0581661 5.08668 -0.263438 -0.0688464 0.962241 221.71
0.962976 0.0315787 0.267824 59.6493 -0.048637 0.99719 0.0572954 5.15869 -0.265251 -0.0681972 0.961789 223.164
0.963167 0.0323266 0.267046 60.0468 -0.0494013 0.997142 0.0574703 5.23435 -0.264417 -0.0685441 0.961994 224.637
0.963132 0.0318394 0.267233 60.4471 -0.0491361 0.997109 0.0582864 5.30494 -0.264594 -0.0692652 0.961893 226.106
0.962965 0.0313636 0.26789 60.8426 -0.048861 0.997085 0.0589013 5.37499 -0.265254 -0.0698074 0.961673 227.562
0.96327 0.0313045 0.2668 61.251 -0.0488112 0.997069 0.0592375 5.44938 -0.264152 -0.0700813 0.961956 229.043
0.96292 0.0316406 0.268021 61.6418 -0.0493964 0.997007 0.0597665 5.52036 -0.26532 -0.0707877 0.961584 230.503
0.963151 0.032846 0.267043 62.0481 -0.0505316 0.99696 0.0596244 5.59554 -0.264262 -0.0709183 0.961864 231.991
0.9628 0.0328135 0.26831 62.443 -0.0506434 0.996943 0.0598044 5.67761 -0.265519 -0.0711658 0.961501 233.449
0.963266 0.0323506 0.266687 62.8527 -0.0501349 0.996948 0.0601466 5.7542 -0.263916 -0.0713043 0.961931 234.942
0.963264 0.0314098 0.266806 63.2561 -0.0493139 0.996957 0.060672 5.84386 -0.264081 -0.0715987 0.961864 236.416
0.962959 0.029915 0.268078 63.6602 -0.0481289 0.996957 0.0616275 5.91981 -0.265408 -0.0722439 0.961451 237.879
0.963391 0.0299345 0.266515 64.075 -0.0480003 0.996968 0.0615313 6.00157 -0.263858 -0.0720698 0.961891 239.357
0.963069 0.0304677 0.267623 64.4751 -0.0486083 0.996947 0.0614196 6.08111 -0.264924 -0.0721567 0.961591 240.821
0.963271 0.0299776 0.266944 64.9024 -0.048256 0.996916 0.0621787 6.16675 -0.264249 -0.0727748 0.961731 242.303
0.963189 0.0296968 0.267276 65.3132 -0.0480268 0.99692 0.0623046 6.26261 -0.264591 -0.0728442 0.961631 243.787
0.96285 0.0287391 0.268596 65.7099 -0.0472979 0.996918 0.0628824 6.33458 -0.265953 -0.0732486 0.961225 245.259
0.962992 0.0294537 0.268011 66.1196 -0.0479385 0.9969 0.0626875 6.41481 -0.265323 -0.0732123 0.961401 246.734
0.962393 0.0303291 0.270056 66.52 -0.0490096 0.996847 0.0627011 6.50083 -0.267294 -0.0735767 0.960828 248.216
0.96252 0.0315858 0.26946 66.9291 -0.050319 0.996769 0.0628969 6.5799 -0.266591 -0.074095 0.960983 249.7
0.96221 0.0326466 0.270437 67.3355 -0.0514128 0.996732 0.0626016 6.66069 -0.267501 -0.074138 0.960727 251.182
0.961401 0.0337581 0.273166 67.7376 -0.0528193 0.996651 0.062725 6.7384 -0.270123 -0.0747289 0.959947 252.659
0.961584 0.0340709 0.272481 68.1538 -0.0530818 0.996638 0.0627053 6.82295 -0.26942 -0.0747584 0.960143 254.142
0.960731 0.0348366 0.275381 68.5596 -0.0541078 0.996584 0.0626926 6.90253 -0.272245 -0.0751274 0.959316 255.617
0.960901 0.0346605 0.274808 68.981 -0.0538899 0.996593 0.0627353 6.9878 -0.271689 -0.0750901 0.959477 257.1
0.960615 0.0348538 0.275785 69.4008 -0.0542998 0.996542 0.0631895 7.07196 -0.272618 -0.0756723 0.959168 258.578
0.95979 0.0342039 0.278719 69.8176 -0.0540733 0.996508 0.0639144 7.15703 -0.275551 -0.0764139 0.958271 260.045
0.960281 0.0342152 0.277023 70.2427 -0.0540416 0.996489 0.0642507 7.2431 -0.273841 -0.0766658 0.95874 261.534
0.959575 0.0343045 0.279449 70.6656 -0.0539386 0.996582 0.0628754 7.32674 -0.276329 -0.0754049 0.958127 262.997
0.960245 0.0344482 0.27712 71.0904 -0.0537075 0.996636 0.0622076 7.4145 -0.274033 -0.0746142 0.958847 264.491
0.960491 0.0342503 0.276293 71.5128 -0.0535377 0.996623 0.0625693 7.50087 -0.273209 -0.0748876 0.959062 265.979
0.960113 0.0332949 0.277719 71.9321 -0.052701 0.996659 0.062704 7.58103 -0.274692 -0.0748352 0.958642 267.452
0.960902 0.0337354 0.274922 72.3551 -0.0529616 0.996638 0.0628126 7.66659 -0.27187 -0.0749153 0.95944 268.961
0.960348 0.0339997 0.276819 72.7753 -0.0532579 0.996652 0.0623483 7.74889 -0.273761 -0.0746151 0.958926 270.437
0.961057 0.0342361 0.27432 73.2001 -0.0534252 0.996615 0.0627883 7.83628 -0.271234 -0.074997 0.959614 271.957
0.961278 0.0339727 0.273576 73.6211 -0.0531696 0.996612 0.0630613 7.91862 -0.270495 -0.0751616 0.959809 273.464
0.960896 0.0341774 0.274891 74.0434 -0.0536957 0.996537 0.0637949 8.00221 -0.27175 -0.076059 0.959384 274.951
0.961424 0.0351763 0.272912 74.4682 -0.0549007 0.996395 0.0649744 8.08826 -0.269631 -0.0774471 0.959871 276.481
0.960672 0.03555 0.275498 74.8936 -0.0555553 0.996347 0.0651546 8.17381 -0.272168 -0.0778959 0.959119 277.983
0.960791 0.0364335 0.274972 75.3247 -0.0564028 0.996305 0.0650656 8.26025 -0.271574 -0.0780197 0.959276 279.524
0.960714 0.0361479 0.275273 75.7524 -0.0561396 0.996318 0.0650953 8.34882 -0.271899 -0.0779899 0.959187 281.051
0.960159 0.0356389 0.277272 76.1882 -0.055494 0.99642 0.0640905 8.43755 -0.273984 -0.0769201 0.95868 282.56
0.960402 0.0357055 0.276418 76.6278 -0.0553126 0.996469 0.0634639 8.52677 -0.273168 -0.0762385 0.958968 284.1
0.960046 0.0358505 0.277639 77.0665 -0.0554301 0.996494 0.0629936 8.61793 -0.274395 -0.0758624 0.958647 285.641
0.96086 0.0364333 0.274729 77.5032 -0.0558383 0.996461 0.0631461 8.70629 -0.271448 -0.0760131 0.959474 287.177
0.961406 0.0368423 0.27276 77.9393 -0.0562648 0.996401 0.0637282 8.80218 -0.269419 -0.0766115 0.959998 288.721
0.961055 0.0369479 0.27398 78.3671 -0.0571309 0.996199 0.0660564 8.90116 -0.27049 -0.0791345 0.959493 290.274
0.96133 0.0353337 0.273226 78.8172 -0.0562394 0.996047 0.0690621 8.9922 -0.269694 -0.0817535 0.959497 291.838
0.960873 0.0346691 0.274915 79.2463 -0.0557801 0.996051 0.0693482 9.09469 -0.271417 -0.0819676 0.958993 293.387
0.961145 0.0341965 0.274022 79.6944 -0.0552532 0.996072 0.0694946 9.19335 -0.270558 -0.081931 0.959238 294.951
0.960673 0.0339946 0.275701 80.1284 -0.0551637 0.996083 0.069395 9.30077 -0.272255 -0.0818726 0.958764 296.499
0.960956 0.0339162 0.274721 80.5771 -0.0551637 0.996042 0.0699865 9.40507 -0.271249 -0.0824045 0.959003 298.064
0.960802 0.0336032 0.275301 81.0191 -0.0550557 0.996007 0.0705701 9.50016 -0.271823 -0.0829588 0.958794 299.622
0.960158 0.0342407 0.277459 81.4518 -0.0558003 0.995993 0.0701815 9.61407 -0.273933 -0.0828633 0.958201 301.167
0.960269 0.0346687 0.277021 81.9012 -0.0563072 0.995939 0.0705425 9.71907 -0.273442 -0.0833359 0.958301 302.726
0.959577 0.0337878 0.27952 82.3387 -0.0561236 0.995824 0.0722924 9.81957 -0.275899 -0.0850533 0.957445 304.271
0.959863 0.0334308 0.278576 82.7941 -0.0559444 0.995762 0.073263 9.92667 -0.274939 -0.0859051 0.957646 305.826
0.959855 0.0335074 0.278596 83.2385 -0.0562076 0.995702 0.0738943 10.0351 -0.274911 -0.0865826 0.957592 307.372
0.959407 0.0337373 0.280108 83.6754 -0.0567951 0.995614 0.074613 10.1428 -0.276355 -0.0874907 0.957095 308.914
0.959759 0.034799 0.278769 84.1232 -0.057684 0.995586 0.0743131 10.2693 -0.274942 -0.0873987 0.957509 310.461
0.959429 0.0364405 0.279695 84.5543 -0.0595589 0.995453 0.074607 10.3627 -0.275696 -0.0882359 0.957217 311.99
0.959956 0.036835 0.27783 84.9988 -0.0601162 0.995335 0.0757465 10.4741 -0.273733 -0.0894107 0.95767 313.537
0.960161 0.0365423 0.277157 85.438 -0.0604253 0.995131 0.0781255 10.5789 -0.272945 -0.0917579 0.957674 315.08
0.960076 0.0364478 0.277467 85.8657 -0.060832 0.994976 0.0797847 10.6963 -0.273154 -0.0934734 0.957448 316.6
0.960709 0.0365052 0.275262 86.3085 -0.0609517 0.994886 0.0807873 10.8082 -0.270897 -0.094388 0.958001 318.15
0.960817 0.036442 0.274892 86.7319 -0.0609476 0.994859 0.0811368 10.9204 -0.270511 -0.0947067 0.958077 319.662
0.961624 0.0354694 0.272186 87.1681 -0.0599557 0.994833 0.0821789 11.0352 -0.267857 -0.0953415 0.958761 321.207
0.961935 0.0344484 0.271216 87.5974 -0.0591 0.994796 0.0832551 11.149 -0.266926 -0.0961098 0.958943 322.736
0.961712 0.034047 0.272058 88.0132 -0.0588974 0.994769 0.083705 11.2632 -0.267777 -0.0965207 0.958666 324.243
0.962047 0.0339021 0.270889 88.4465 -0.0587364 0.994746 0.0841007 11.3867 -0.266603 -0.0968148 0.958962 325.787
0.961763 0.0336614 0.271926 88.8628 -0.0586356 0.994739 0.0842452 11.5083 -0.267652 -0.0969656 0.958657 327.291
0.961992 0.0332905 0.271161 89.2945 -0.0583155 0.994715 0.0847592 11.6314 -0.266895 -0.0973454 0.958828 328.833
0.961966 0.0329552 0.271292 89.7197 -0.0580679 0.994703 0.0850668 11.7515 -0.267044 -0.0975819 0.958763 330.356
0.961674 0.0328118 0.272348 90.1357 -0.0580582 0.994695 0.0851635 11.8738 -0.268098 -0.0977063 0.958456 331.861
0.961922 0.0324603 0.271511 90.5674 -0.0577679 0.994662 0.0857437 11.998 -0.26727 -0.0981605 0.958641 333.399
0.96163 0.0323171 0.272562 90.9865 -0.0577058 0.994674 0.0856519 12.1232 -0.268331 -0.0980885 0.958353 334.904
0.961902 0.0317349 0.271668 91.4192 -0.0571112 0.994676 0.0860199 12.242 -0.267483 -0.0982551 0.958572 336.439
0.961892 0.0303384 0.271863 91.8481 -0.0560135 0.994637 0.0871839 12.3694 -0.267749 -0.0990842 0.958413 337.964
0.961542 0.0292102 0.273222 92.2691 -0.055266 0.994593 0.0881611 12.4866 -0.269161 -0.0998675 0.957936 339.477
0.961795 0.029254 0.272325 92.705 -0.0552405 0.994586 0.0882522 12.618 -0.268258 -0.0999186 0.958184 341.011
0.961362 0.0296779 0.273804 93.1275 -0.0558479 0.994549 0.0882862 12.7493 -0.269683 -0.100163 0.957759 342.525
0.961488 0.0301741 0.273309 93.5617 -0.0564988 0.994452 0.0889652 12.883 -0.269098 -0.100975 0.957838 344.062
0.960989 0.0301257 0.275065 93.9836 -0.0568825 0.994353 0.0898225 13.0136 -0.270798 -0.101962 0.957255 345.585
0.961198 0.0302924 0.274315 94.4241 -0.057068 0.994312 0.0901606 13.1447 -0.270012 -0.102311 0.957439 347.123
0.961101 0.0303088 0.274653 94.8577 -0.0571178 0.99431 0.0901455 13.2746 -0.27035 -0.102323 0.957343 348.655
0.960555 0.0303855 0.276549 95.2834 -0.0574375 0.994283 0.0902513 13.413 -0.272214 -0.10257 0.956787 350.175
0.96082 0.0304169 0.275622 95.7267 -0.0575178 0.994229 0.0907837 13.5511 -0.271263 -0.103077 0.957003 351.722
0.960252 0.0304827 0.27759 96.1546 -0.0578956 0.994179 0.091098 13.6871 -0.273186 -0.103543 0.956406 353.247
0.960486 0.0307964 0.276744 96.5995 -0.0583273 0.994088 0.0918085 13.8279 -0.272272 -0.104319 0.956582 354.802
0.960355 0.0314847 0.277124 97.0356 -0.0591459 0.994019 0.0920296 13.9642 -0.272557 -0.104766 0.956453 356.342
0.95977 0.0318213 0.279102 97.4677 -0.0596964 0.993993 0.0919509 14.0964 -0.274492 -0.10491 0.955883 357.87
0.96005 0.0320582 0.278114 97.9133 -0.0599765 0.993929 0.0924651 14.2263 -0.27345 -0.105446 0.956124 359.432
0.959504 0.0321568 0.279977 98.3471 -0.0605026 0.993829 0.0931973 14.3583 -0.275245 -0.106359 0.955506 360.961
0.442773 0.0628518 0.894472 99.7717 -0.11257 0.993556 -0.0140916 14.5764 -0.88958 -0.0944438 0.44699 361.762
-0.261712 0.10517 0.959434 101.391 -0.0751362 0.98883 -0.128889 14.5981 -0.962252 -0.105815 -0.250879 361.443
-0.754594 0.0782131 0.651579 102.528 -0.0245722 0.988821 -0.14715 14.6215 -0.655794 -0.127043 -0.744224 360.297
