0.999995 -0.0011067 -0.0029949 -0.00449965 0.00110525 0.999999 -0.00045511 -0.00198417 0.00299539 0.000451893 0.999996 0.681
0.999976 -0.000973031 -0.00680248 -0.0129325 0.00096943 0.999999 -0.000521171 -0.00359604 0.00680302 0.000514555 0.999977 1.37536
0.999945 -0.00117596 -0.0104686 -0.0279703 0.00116898 0.999999 -0.000672041 -0.0023333 0.0104695 0.000659831 0.999946 2.08896
0.999884 -0.000752325 -0.0152483 -0.0469453 0.000742527 0.999999 -0.000636705 -0.00348492 0.0152489 0.000625242 0.999883 2.8151
0.999809 -0.000870152 -0.0196065 -0.0623835 0.000859608 1 -0.000542476 -0.00674765 0.019607 0.000525501 0.999808 3.55603
0.999711 -0.000315157 -0.024058 -0.0891662 0.000303409 1 -0.000479724 -0.0080109 0.0240584 0.000472243 0.999711 4.31357
0.999588 0.000779893 -0.0287573 -0.12089 -0.00079221 1 -0.000416277 -0.00982582 0.0287571 0.000438844 0.999588 5.08617
0.999451 0.00121884 -0.0331446 -0.152458 -0.00122235 1 -8.18816e-05 -0.00863016 0.0331446 0.000122337 0.999451 5.87384
0.999296 0.00148415 -0.0375085 -0.18709 -0.00146662 0.999999 0.000494735 -0.00728527 0.0375092 -0.000439295 0.999297 6.67338
0.999153 0.00174604 -0.04113 -0.217326 -0.00170538 0.999998 0.00102605 -0.00915454 0.0411319 -0.000955352 0.999155 7.48101
0.999037 0.00234765 -0.0438493 -0.261361 -0.00229183 0.999997 0.00132462 -0.0089945 0.0438522 -0.00122276 0.999039 8.29349
0.998941 0.00226774 -0.0459784 -0.303019 -0.00221407 0.999997 0.00122354 -0.00748156 0.0459812 -0.0011209 0.998943 9.1143
0.998851 0.00126319 -0.0479352 -0.340499 -0.00120997 0.999999 0.00114064 -0.00843627 0.0479365 -0.0010812 0.998851 9.94627
0.998751 0.00148658 -0.0499658 -0.383905 -0.00141432 0.999998 0.00148585 -0.00763382 0.0499681 -0.0014137 0.998751 10.7869
0.998681 0.00123078 -0.0513609 -0.430406 -0.00112442 0.999997 0.00210111 -0.0171985 0.0513633 -0.00204046 0.998679 11.639
0.998595 0.00251683 -0.0529734 -0.480268 -0.00244872 0.999996 0.00135559 -0.00926779 0.0529767 -0.00122445 0.998597 12.4948
0.998525 0.00298551 -0.0542539 -0.533484 -0.0029247 0.999995 0.0012035 -0.0132032 0.0542573 -0.00104291 0.998528 13.3591
0.998467 0.00507485 -0.0551503 -0.594908 -0.00503253 0.999987 0.00091217 -0.0177197 0.0551543 -0.000633752 0.99848 14.2375
0.998363 0.00509563 -0.0569967 -0.649713 -0.00501679 0.999986 0.00152949 -0.0210803 0.057004 -0.00124092 0.998375 15.1229
0.99829 0.00477307 -0.0582915 -0.704518 -0.00464399 0.999987 0.00235644 -0.0250893 0.0583022 -0.00208221 0.998299 16.0169
0.998272 0.00445373 -0.0586212 -0.762826 -0.00430374 0.999987 0.00268854 -0.0240584 0.0586326 -0.00243151 0.998279 16.9154
0.998166 0.00427711 -0.0604193 -0.81919 -0.00411005 0.999987 0.00289635 -0.0296849 0.0604311 -0.00264322 0.998171 17.8178
0.998141 0.00404846 -0.0608428 -0.879833 -0.00389821 0.999988 0.00259241 -0.0257266 0.0608528 -0.00235041 0.998146 18.7198
0.998027 0.00375987 -0.0627147 -0.938335 -0.00360296 0.99999 0.00262345 -0.0348004 0.0627241 -0.00239291 0.998031 19.6349
0.997987 0.00330054 -0.0633793 -0.996662 -0.00308934 0.999989 0.00343385 -0.0377848 0.0633902 -0.00323114 0.997985 20.5528
0.998061 0.0033504 -0.0621882 -1.06438 -0.00307183 0.999985 0.00458235 -0.0326114 0.0622027 -0.00438307 0.998056 21.479
0.99804 0.00337504 -0.0625383 -1.12937 -0.00299717 0.999976 0.00613966 -0.0374999 0.0625578 -0.00594019 0.998026 22.4124
0.998133 0.00330897 -0.0610299 -1.18746 -0.00286573 0.999968 0.00735673 -0.0424965 0.0610525 -0.0071687 0.998111 23.3486
0.998282 0.00338274 -0.0585431 -1.24654 -0.0029292 0.999964 0.00783625 -0.041817 0.0585679 -0.0076513 0.998256 24.2981
0.998333 0.00391588 -0.0576362 -1.3004 -0.00353486 0.999971 0.00671875 -0.0460342 0.0576611 -0.00650447 0.998318 25.2345
0.998456 0.0041923 -0.0554389 -1.36709 -0.00390456 0.999978 0.00530429 -0.0377149 0.0554602 -0.0050797 0.99845 26.1879
0.998469 0.00425895 -0.0552099 -1.41977 -0.00400602 0.999981 0.00470044 -0.0412253 0.0552291 -0.0044727 0.998467 27.1454
0.998516 0.00321888 -0.0544153 -1.47655 -0.00288732 0.999976 0.00617896 -0.0463907 0.0544341 -0.00601271 0.998502 28.1163
0.99858 0.00179416 -0.0533227 -1.53531 -0.00123661 0.999943 0.0104985 -0.0471817 0.0533388 -0.0104182 0.998525 29.0885
0.998485 -0.00143069 -0.0550781 -1.58464 0.00217437 0.999906 0.0134527 -0.0365589 0.0550539 -0.0135522 0.998395 30.0628
0.998406 -0.00810879 -0.0558971 -1.63256 0.00895552 0.999847 0.0149268 -0.0322244 0.0557679 -0.0154042 0.998328 31.0406
0.99839 -0.00716867 -0.0563291 -1.68546 0.00795144 0.999874 0.0136926 -0.0201511 0.0562239 -0.0141186 0.998322 32.0202
0.998273 -0.00593517 -0.0584936 -1.74427 0.00667885 0.999897 0.0125401 -0.00373483 0.0584135 -0.0129097 0.998213 32.9946
0.998178 -0.00610996 -0.0601058 -1.80939 0.00687133 0.999897 0.0124785 0.00921877 0.0600235 -0.0128691 0.998118 33.9809
0.998193 -0.00689771 -0.059749 -1.87213 0.00774834 0.99987 0.0140303 0.0169216 0.0596447 -0.0144685 0.998119 34.9898
0.998065 -0.00594515 -0.0619625 -1.94308 0.00688147 0.999863 0.0149208 0.037375 0.0618656 -0.0153189 0.997971 35.9829
0.998072 -0.00497405 -0.0619149 -2.01096 0.0059453 0.99986 0.0155247 0.0391835 0.0618293 -0.0158635 0.997965 36.9905
0.997952 -0.0044931 -0.0639008 -2.07828 0.00553853 0.999851 0.0162033 0.0545216 0.0638189 -0.0165246 0.997829 37.9858
0.997941 -0.0050972 -0.0639848 -2.14274 0.00623283 0.999824 0.0175732 0.0651284 0.0638843 -0.0179363 0.9978 38.9932
0.997993 -0.00370754 -0.0632857 -2.21643 0.00481042 0.999837 0.0172945 0.102654 0.0632116 -0.0175648 0.99785 39.9928
0.997961 -0.0029073 -0.0638274 -2.28582 0.00402618 0.999838 0.0174189 0.102356 0.0637669 -0.0176409 0.997813 40.9835
0.997962 -0.00124072 -0.0638685 -2.35128 0.00233386 0.999849 0.0170558 0.0991141 0.063838 -0.0171706 0.997817 41.971
0.998015 0.000317686 -0.0630381 -2.42498 0.000726609 0.999861 0.0165529 0.113281 0.063035 -0.0165664 0.997879 42.9719
0.997923 0.000199586 -0.064497 -2.48957 0.000915152 0.999848 0.0172667 0.121922 0.0644909 -0.0172904 0.997773 43.9535
0.997842 -0.000270594 -0.0657158 -2.55382 0.00144888 0.999837 0.0178924 0.127894 0.0657005 -0.0179495 0.997683 44.9435
0.99785 0.000361237 -0.0656014 -2.62263 0.000828298 0.999833 0.0181182 0.139379 0.0655971 -0.0181341 0.997687 45.9392
0.997793 0.00159409 -0.0664567 -2.69561 -0.0004966 0.999861 0.0165394 0.152056 0.0664743 -0.0164704 0.997658 46.9052
0.997814 0.00202186 -0.0661307 -2.76875 -0.00104801 0.999887 0.0147698 0.166707 0.0661534 -0.0146688 0.997708 47.8817
0.997735 0.00207746 -0.0673084 -2.83871 -0.00108795 0.999888 0.0147451 0.181462 0.0673319 -0.0146389 0.99763 48.8518
0.997712 0.000595447 -0.0676805 -2.90374 0.000498466 0.999867 0.0161559 0.203823 0.0676815 -0.0161533 0.997583 49.8263
0.997764 0.000101852 -0.0669143 -2.97262 0.00104712 0.99985 0.0171487 0.209742 0.0669063 -0.0171809 0.997618 50.8011
0.997701 0.000163564 -0.0678521 -3.03642 0.000999877 0.999851 0.0171253 0.23081 0.0678451 -0.0171542 0.997555 51.7642
0.997702 -0.000388964 -0.067846 -3.10463 0.0015566 0.999849 0.017173 0.243663 0.0678294 -0.0172397 0.997555 52.7234
0.997758 -0.000769682 -0.0670099 -3.16701 0.00191114 0.999852 0.0169859 0.256599 0.0669873 -0.0170764 0.997615 53.6777
0.997631 -0.000990207 -0.0688699 -3.23353 0.00219976 0.999843 0.0175044 0.27802 0.068842 -0.0176148 0.997479 54.6263
0.997669 -0.00203676 -0.068305 -3.2965 0.00335954 0.999807 0.0192709 0.294746 0.0682529 -0.0194559 0.997485 55.5773
0.997547 -0.00198582 -0.0700662 -3.36192 0.00376074 0.999673 0.0252258 0.303937 0.0699935 -0.0254278 0.997231 56.5294
0.99752 -0.0012406 -0.0704656 -3.43138 0.00303742 0.999671 0.0254123 0.3268 0.0704113 -0.025564 0.997198 57.4729
0.997531 -0.000328499 -0.070319 -3.50438 0.00201113 0.999711 0.023876 0.341872 0.0702911 -0.0239589 0.997247 58.4029
0.997342 0.00153127 -0.0729328 -3.57648 -0.000328292 0.999862 0.0165163 0.349693 0.0729485 -0.016449 0.997208 59.3273
0.997276 0.00278949 -0.0737965 -3.65238 -0.00183866 0.999912 0.012965 0.348603 0.0738264 -0.0127944 0.997197 60.2456
0.997291 0.0041408 -0.0735258 -3.73078 -0.00313879 0.999899 0.0137506 0.361835 0.0735757 -0.0134831 0.997207 61.1458
0.997163 0.00507884 -0.0751848 -3.80329 -0.00396189 0.999877 0.0150119 0.36017 0.0752521 -0.0146718 0.997064 62.0415
0.997072 0.00598817 -0.0763316 -3.88025 -0.00482603 0.999868 0.0154118 0.362427 0.0764142 -0.0149987 0.996971 62.9205
0.997047 0.00758489 -0.0765029 -3.95077 -0.00642706 0.999859 0.0153844 0.356534 0.0766091 -0.0148476 0.996959 63.7842
0.99686 0.00870414 -0.0787964 -4.02235 -0.0074803 0.999845 0.0158268 0.359289 0.0789223 -0.0151881 0.996774 64.6416
0.996828 0.00929861 -0.079139 -4.09643 -0.00803835 0.999834 0.0162437 0.364654 0.0792772 -0.0155563 0.99674 65.4805
0.996678 0.00957805 -0.080972 -4.16683 -0.00826581 0.999827 0.0165393 0.364731 0.0811169 -0.0158156 0.996588 66.306
0.996555 0.0106673 -0.0823497 -4.23644 -0.00930199 0.999812 0.0169586 0.363429 0.0825154 -0.0161345 0.996469 67.1177
0.99652 0.0114204 -0.0826664 -4.30968 -0.00999245 0.999792 0.017679 0.372126 0.0828515 -0.016792 0.99643 67.923
0.996362 0.011834 -0.0845107 -4.38349 -0.0102847 0.99977 0.018756 0.374933 0.0847137 -0.0178189 0.996257 68.7109
0.99621 0.0131695 -0.0860823 -4.45184 -0.0115736 0.999751 0.0190224 0.380365 0.0863117 -0.0179546 0.996117 69.4839
0.996157 0.0140696 -0.086552 -4.52415 -0.0126021 0.999766 0.0174893 0.396093 0.0867782 -0.0163317 0.996105 70.2357
0.995971 0.0140896 -0.0886696 -4.59688 -0.0131769 0.999852 0.0108812 0.399268 0.0888102 -0.00966947 0.996012 70.9605
0.995937 0.0146012 -0.088972 -4.66219 -0.0142038 0.999885 0.00510849 0.365271 0.0890366 -0.00382432 0.996033 71.6981
0.995908 0.0135521 -0.0894569 -4.73502 -0.0133887 0.999905 0.0024377 0.325686 0.0894818 -0.00123053 0.995999 72.47
0.995888 0.0174647 -0.089008 -4.80429 -0.0170863 0.99984 0.00502126 0.312734 0.0890818 -0.00348011 0.996031 73.22
0.995894 0.0174702 -0.0889356 -4.86405 -0.016909 0.99983 0.00706962 0.278579 0.0890443 -0.00553736 0.996023 73.9258
0.995823 0.0199035 -0.0892155 -4.9171 -0.0196591 0.999799 0.00362547 0.293917 0.08927 -0.00185682 0.996018 74.6043
0.995906 0.0154473 -0.0891711 -4.96842 -0.0154279 0.999879 0.000917713 0.284362 0.0891748 0.000461213 0.996027 75.216
0.996091 0.0116341 -0.0876749 -5.02041 -0.0118843 0.999925 -0.00232488 0.281826 0.0876418 0.00335728 0.996159 75.8091
0.996231 0.0138594 -0.0857427 -5.0776 -0.0141516 0.999895 -0.00279091 0.258348 0.0856952 0.00399317 0.996325 76.3871
0.996554 0.0174135 -0.0812229 -5.14561 -0.0175041 0.999845 -0.000394725 0.255696 0.0812039 0.00181457 0.996709 77.0026
0.996967 0.0169223 -0.0760895 -5.19141 -0.0169471 0.999855 0.00033065 0.237947 0.0760842 0.000959364 0.997113 77.5611
0.997347 0.0159367 -0.0711795 -5.22281 -0.0158884 0.999871 0.00125568 0.224017 0.0711908 -0.000121924 0.997476 78.0997
0.997904 0.0129607 -0.0635578 -5.2529 -0.0127115 0.999909 0.00433524 0.205117 0.0636083 -0.00351873 0.997981 78.6605
0.998484 0.0148195 -0.0532279 -5.28064 -0.0146231 0.999883 0.00409285 0.207278 0.0532831 -0.00330879 0.998588 79.1771
0.999083 0.0193851 -0.0384427 -5.31137 -0.0192721 0.999808 0.0033284 0.209672 0.0384998 -0.00258497 0.999268 79.7021
0.999529 0.023828 -0.0199652 -5.32733 -0.0237533 0.999709 0.00400401 0.208975 0.0200554 -0.00352841 0.999807 80.2059
0.999738 0.0232604 0.00150441 -5.31794 -0.0232673 0.99972 0.00424927 0.198115 -0.00140525 -0.00428362 1 80.6814
0.999412 0.0205176 0.0279163 -5.29388 -0.0206681 0.999773 0.0050935 0.184819 -0.027805 -0.00566801 0.999612 81.1551
0.99818 0.0203058 0.0569605 -5.25549 -0.0206533 0.999771 0.00550596 0.184296 -0.0568359 -0.00667279 0.998375 81.6119
0.995742 0.0199194 0.0901365 -5.20728 -0.0205726 0.999768 0.00631637 0.174997 -0.0899895 -0.00814437 0.995925 82.0721
0.991595 0.019626 0.127966 -5.14025 -0.0206056 0.999767 0.00633033 0.177005 -0.127813 -0.00891438 0.991772 82.5226
0.985434 0.0204846 0.168895 -5.05126 -0.0217652 0.999746 0.00573025 0.176152 -0.168735 -0.00932331 0.985634 82.9566
0.97665 0.0203955 0.213921 -4.94617 -0.0219889 0.999745 0.00506835 0.173522 -0.213764 -0.00965435 0.976853 83.378
0.96454 0.021895 0.263075 -4.82461 -0.0236491 0.999714 0.0035005 0.169957 -0.262923 -0.00959834 0.964786 83.797
0.948728 0.0228074 0.315309 -4.67393 -0.0244793 0.999699 0.0013403 0.160463 -0.315185 -0.00899054 0.949004 84.1764
0.92834 0.0227805 0.371067 -4.50435 -0.0243897 0.999702 -0.000357674 0.155829 -0.370966 -0.00871868 0.928623 84.5636
0.903817 0.0231362 0.427323 -4.31132 -0.0245894 0.999695 -0.00211979 0.154708 -0.427243 -0.00859209 0.904114 84.9114
0.874526 0.0235088 0.484436 -4.09839 -0.0245466 0.99969 -0.00420239 0.151552 -0.484385 -0.00821663 0.874836 85.246
0.84056 0.0226664 0.541267 -3.86071 -0.0231704 0.999714 -0.00588387 0.142535 -0.541248 -0.00759591 0.840848 85.5749
0.803694 0.0223585 0.594647 -3.61262 -0.0222568 0.999724 -0.00750973 0.13814 -0.594652 -0.00720003 0.803972 85.8537
0.763357 0.0214442 0.64564 -3.3364 -0.0211262 0.999743 -0.00822855 0.130772 -0.645652 -0.00735891 0.763617 86.1385
0.720369 0.0212401 0.693287 -3.06323 -0.0213348 0.999736 -0.00846189 0.134059 -0.693286 -0.00869595 0.720635 86.3906
0.67493 0.0204573 0.737615 -2.7632 -0.0207572 0.999746 -0.00873516 0.125436 -0.73761 -0.00941551 0.675186 86.6281
0.627809 0.0196365 0.778139 -2.44705 -0.0195943 0.999763 -0.00942153 0.115352 -0.778142 -0.00933276 0.628047 86.8463
0.580958 0.0174575 0.813762 -2.13316 -0.0154758 0.999825 -0.0104017 0.10473 -0.813805 -0.00655088 0.581129 87.0295
0.533621 0.0190924 0.845526 -1.80227 -0.0159364 0.999794 -0.0125192 0.106542 -0.845594 -0.00679467 0.533817 87.2143
0.486087 0.0216907 0.873656 -1.46359 -0.0185154 0.999723 -0.0145198 0.112852 -0.873732 -0.00911848 0.486356 87.3742
0.440273 0.0226731 0.897595 -1.13079 -0.0183509 0.999699 -0.0162522 0.0917219 -0.897697 -0.00931683 0.440557 87.5329
0.397217 0.0204479 0.917511 -0.760072 -0.0132404 0.999775 -0.0165499 0.0816096 -0.917647 -0.00557454 0.397401 87.6606
0.357657 0.0137864 0.933769 -0.394997 -0.0014982 0.999898 -0.0141899 0.0679149 -0.933872 0.00367559 0.357641 87.7485
0.321687 0.0105589 0.946801 -0.0229091 0.0037371 0.999915 -0.0124217 0.0697888 -0.946856 0.00753394 0.321622 87.839
0.287977 0.0139742 0.957552 0.349253 0.00131094 0.999886 -0.0149872 0.0684563 -0.957657 0.00557077 0.287926 87.9482
0.256497 0.0206814 0.966338 0.711619 -0.00781114 0.999781 -0.0193247 0.0606498 -0.96653 -0.00259182 0.256604 88.0518
0.227749 0.0246351 0.973425 1.09428 -0.011842 0.999676 -0.0225298 0.0525455 -0.973668 -0.00639679 0.227967 88.1398
0.201392 0.025006 0.979206 1.48937 -0.0106144 0.99967 -0.0233464 0.0329302 -0.979471 -0.00569222 0.201592 88.2121
0.178053 0.0259373 0.983696 1.90011 -0.00438979 0.999664 -0.0255648 0.0231553 -0.984031 0.000233065 0.178107 88.2562
0.157266 0.0299632 0.987116 2.31533 0.000164892 0.999538 -0.0303673 0.00660849 -0.987574 0.00493824 0.15719 88.2977
0.137077 0.0360833 0.98992 2.7442 0.0014446 0.999328 -0.0366272 0.0140384 -0.99058 0.00645021 0.136933 88.3482
0.11908 0.0371974 0.992202 3.18181 0.000175288 0.999296 -0.0374851 0.00123223 -0.992903 0.00463736 0.118991 88.3926
0.103187 0.033774 0.994106 3.63735 0.000239729 0.999423 -0.0339806 -0.0118116 -0.994682 0.00374406 0.103119 88.4427
0.088058 0.0313359 0.995637 4.11519 0.00329065 0.99949 -0.031749 -0.0295607 -0.996128 0.00607164 0.0879107 88.4846
0.0749963 0.0301799 0.996745 4.60139 0.00421017 0.999524 -0.030582 -0.0492055 -0.997196 0.00648942 0.0748331 88.5138
0.0627839 0.0295813 0.997604 5.1055 0.00841057 0.999508 -0.0301678 -0.0693527 -0.99801 0.0102841 0.0625049 88.5391
0.052912 0.029683 0.998177 5.61081 0.00880372 0.999505 -0.0301904 -0.086841 -0.998582 0.0103846 0.0526241 88.5568
0.0448865 0.0297417 0.998564 6.14189 0.00944951 0.999498 -0.0301949 -0.105325 -0.998966 0.0107908 0.0445836 88.5785
0.0386523 0.0296207 0.998833 6.69087 0.0102178 0.999497 -0.0300368 -0.122047 -0.999222 0.0113663 0.0383301 88.6001
0.0333408 0.0297134 0.999017 7.24956 0.0100649 0.999496 -0.0300642 -0.141464 -0.999413 0.011057 0.0330256 88.6164
0.0272627 0.0297041 0.999207 7.83529 0.00997991 0.999501 -0.0299862 -0.158448 -0.999601 0.010789 0.0269525 88.6354
0.0221537 0.0292789 0.999341 8.44486 0.0111571 0.9995 -0.0295316 -0.178561 -0.999712 0.0118036 0.0218166 88.6504
0.0193769 0.0291303 0.999408 9.05629 0.0112429 0.999506 -0.0293522 -0.200338 -0.999772 0.0118044 0.0190397 88.657
0.0163863 0.0288648 0.999464 9.69307 0.01158 0.99951 -0.0290564 -0.217883 -0.999818 0.0120495 0.0160447 88.6673
0.0133474 0.0285772 0.999523 10.3537 0.012259 0.999512 -0.0287417 -0.235172 -0.999858 0.0126362 0.0129904 88.6777
0.0128415 0.0281253 0.999537 11.02 0.0135394 0.999507 -0.0282988 -0.260498 -0.999845 0.0138962 0.0124552 88.6829
0.0132887 0.0278694 0.999543 11.7145 0.0150774 0.999492 -0.0280696 -0.280676 -0.99982 0.0154428 0.0128616 88.6901
0.0160545 0.0276517 0.999504 12.4072 0.0158638 0.999484 -0.0279063 -0.299852 -0.999765 0.0163036 0.0156084 88.6962
0.019845 0.0274265 0.999445 13.1262 0.0162383 0.999483 -0.027751 -0.323204 -0.999693 0.0167794 0.0193892 88.7122
0.0239076 0.0271194 0.999361 13.8727 0.0161264 0.999491 -0.027509 -0.3481 -0.999604 0.0167735 0.023459 88.7318
0.0282857 0.0264166 0.999269 14.6177 0.0165269 0.999501 -0.0268915 -0.370362 -0.999486 0.0172749 0.0278348 88.7525
0.0324549 0.0258418 0.999155 15.3879 0.0164257 0.999516 -0.0263851 -0.388143 -0.999359 0.0172678 0.0320157 88.7792
0.0357028 0.0252804 0.999061 16.1877 0.0151661 0.999551 -0.0258358 -0.412173 -0.99927 0.0160738 0.0353032 88.8104
0.0403719 0.0249091 0.99889 16.9781 0.0140099 0.999576 -0.0254927 -0.436696 -0.999107 0.0150231 0.0400067 88.8473
0.0435955 0.0251139 0.998752 17.7899 0.0124618 0.999592 -0.0256801 -0.459376 -0.998995 0.0135653 0.0432647 88.8877
0.0478515 0.0257988 0.998538 18.5877 0.0113184 0.999587 -0.0263687 -0.482149 -0.998811 0.0125633 0.0475407 88.9358
0.0492738 0.0273975 0.998428 19.3979 0.00795766 0.99958 -0.027823 -0.494315 -0.998777 0.00931564 0.0490352 88.9912
0.0481887 0.0283175 0.998452 20.2216 0.00661393 0.999566 -0.0286686 -0.524232 -0.998837 0.00798487 0.0479814 89.0381
0.0491813 0.0279385 0.998417 21.0347 0.00566977 0.999584 -0.0282516 -0.54905 -0.998797 0.00704982 0.0490025 89.0822
0.0492734 0.0267384 0.998444 21.8566 0.00563979 0.999618 -0.0270485 -0.583114 -0.998791 0.00696352 0.0491046 89.1277
0.0483677 0.0256304 0.99852 22.6795 0.00577423 0.999646 -0.0259403 -0.615566 -0.998837 0.00701999 0.0482027 89.175
0.0494012 0.0250845 0.99848 23.496 0.00486592 0.999666 -0.0253553 -0.642134 -0.998789 0.00611073 0.0492635 89.2212
0.0496743 0.02494 0.998473 24.3165 0.00391258 0.999675 -0.0251659 -0.669585 -0.998781 0.0051564 0.0495607 89.2679
0.04917 0.0250039 0.998494 25.1413 0.00252941 0.999679 -0.0251585 -0.697261 -0.998809 0.00376233 0.0490919 89.3187
0.0486369 0.0249595 0.998524 25.9507 0.00183546 0.999683 -0.025079 -0.718989 -0.998838 0.00305214 0.0485758 89.3674
0.0452175 0.0247772 0.998687 26.7695 0.000723318 0.99969 -0.0248352 -0.739187 -0.998999 0.0018451 0.0451865 89.4171
0.0419551 0.0241468 0.998848 27.578 0.000280209 0.999707 -0.0241804 -0.761235 -0.999144 0.00129399 0.0419361 89.4597
0.0371384 0.0229803 0.999063 28.3924 0.000135342 0.999735 -0.023001 -0.785475 -0.999332 0.000989049 0.0371265 89.4954
0.0300536 0.0219592 0.999328 29.2091 -0.000234335 0.999759 -0.0219628 -0.808549 -0.999573 0.000425499 0.0300514 89.5275
0.0232768 0.0218394 0.999508 30.0134 -0.000308805 0.999761 -0.0218381 -0.83433 -0.999751 0.000199365 0.023279 89.5495
0.0144339 0.0218944 0.999677 30.8155 -0.000912992 0.99976 -0.0218841 -0.855373 -0.99992 -0.000597117 0.0144503 89.5669
0.00364869 0.0216165 0.999777 31.6196 -0.000805687 0.999765 -0.0216136 -0.880135 -1.00002 -0.000727006 0.00366616 89.5744
-0.00610286 0.0211431 0.99978 32.4151 -0.000744668 0.999777 -0.0211485 -0.904675 -1.00001 -0.000873872 -0.00608593 89.5744
-0.0176516 0.0207229 0.999647 33.2185 -0.00107247 0.999784 -0.020745 -0.924297 -0.999866 -0.00143871 -0.0176247 89.5687
-0.0282202 0.0201205 0.999422 34.0067 -0.000790842 0.999797 -0.0201513 -0.951312 -0.999627 -0.00135932 -0.0281988 89.5464
-0.0394097 0.0198467 0.999045 34.7896 -0.000823576 0.999802 -0.0198946 -0.973623 -0.999246 -0.00160733 -0.0393846 89.52
-0.0511802 0.0197801 0.998516 35.575 -0.00081699 0.999803 -0.0198485 -0.9965 -0.998715 -0.00183192 -0.0511542 89.4835
-0.0613133 0.0197226 0.997943 36.3429 -0.000684015 0.999804 -0.0198017 -1.0175 -0.998142 -0.00189732 -0.061287 89.4396
-0.0718002 0.0194745 0.997252 37.1107 -0.000427544 0.999809 -0.0195562 -1.03985 -0.997446 -0.00183084 -0.0717785 89.3889
-0.0821543 0.0192018 0.996455 37.8708 0.000201482 0.999815 -0.0192503 -1.06114 -0.996644 -0.00138134 -0.0821423 89.3319
-0.0915493 0.0188579 0.995646 38.6175 0.000606801 0.999822 -0.0188822 -1.08022 -0.995827 -0.00112491 -0.0915448 89.2651
-0.101591 0.0184885 0.994676 39.3647 0.000715584 0.999829 -0.0185118 -1.09765 -0.994851 -0.00116949 -0.101586 89.1905
-0.110145 0.0179915 0.993777 40.1013 0.00140416 0.999839 -0.0179467 -1.11772 -0.993942 -0.000581734 -0.110152 89.1073
-0.117622 0.0173634 0.992929 40.8325 0.00248781 0.99985 -0.0171903 -1.13491 -0.99308 0.000447826 -0.117647 89.0195
-0.123528 0.0165543 0.992228 41.5516 0.00416476 0.999862 -0.0161643 -1.15303 -0.99236 0.00213512 -0.12358 88.929
-0.127306 0.0159079 0.991759 42.265 0.00484737 0.999869 -0.0154164 -1.16908 -0.991877 0.00284439 -0.127366 88.8322
-0.130048 0.0154498 0.991413 42.9626 0.0052547 0.999875 -0.0148936 -1.1809 -0.991522 0.00327218 -0.130113 88.7355
-0.132289 0.0150751 0.99112 43.6473 0.00545859 0.99988 -0.0144804 -1.19096 -0.991222 0.00349405 -0.132355 88.6441
-0.133016 0.0149352 0.991026 44.3161 0.0047652 0.999885 -0.0144304 -1.2062 -0.99113 0.0028024 -0.133072 88.5549
-0.132315 0.0148947 0.991119 44.9696 0.0047187 0.999885 -0.0143971 -1.21889 -0.991222 0.00277157 -0.13237 88.4657
-0.129729 0.0146839 0.991467 45.6068 0.0049161 0.999888 -0.0141668 -1.23174 -0.991565 0.00303583 -0.129787 88.3868
-0.124501 0.0145223 0.992137 46.2253 0.0048647 0.99989 -0.0140261 -1.24169 -0.992234 0.00308 -0.124557 88.3079
-0.117179 0.014435 0.993032 46.8306 0.0047857 0.999891 -0.0139713 -1.2519 -0.993127 0.0031147 -0.117236 88.2406
-0.105872 0.0142757 0.994302 47.4122 0.00430368 0.999894 -0.0138985 -1.26492 -0.994397 0.00280751 -0.105922 88.1821
-0.0924115 0.0141091 0.995648 47.9792 0.00411924 0.999896 -0.0137884 -1.28107 -0.99574 0.00282655 -0.0924603 88.137
-0.0757521 0.0145695 0.997045 48.5216 0.00341746 0.999892 -0.0143521 -1.29017 -0.997148 0.00232 -0.0757929 88.1039
-0.054746 0.0156839 0.998404 49.0597 0.00246065 0.999876 -0.0155734 -1.30911 -0.998525 0.00160356 -0.054778 88.0841
-0.0305634 0.0173861 0.999406 49.5849 0.00112167 0.999849 -0.0173601 -1.32677 -0.999559 0.00059027 -0.0305764 88.0793
-0.00275949 0.0185429 0.99985 50.1083 0.000108524 0.999828 -0.0185435 -1.34276 -1.00002 5.66959e-05 -0.00276102 88.0893
0.0302078 0.0179185 0.999408 50.6335 -0.00146632 0.999838 -0.0178826 -1.36801 -0.99957 -0.000925374 0.0302312 88.1196
0.0678871 0.0168763 0.997577 51.1516 -0.00205806 0.999857 -0.016776 -1.37643 -0.99772 -0.000914947 0.0679123 88.1682
0.10923 0.0150748 0.993928 51.6547 -0.00272754 0.999885 -0.0148661 -1.38833 -0.994041 -0.00108729 0.10926 88.2473
0.154464 0.0114094 0.98796 52.1692 -0.00572811 0.999927 -0.0106532 -1.40481 -0.98801 -0.00401442 0.154518 88.3458
0.202428 0.00900589 0.979283 52.668 -0.00853504 0.999935 -0.00743226 -1.40845 -0.979289 -0.00685381 0.202494 88.4715
0.253233 0.00891781 0.967392 53.1417 -0.0132704 0.999895 -0.00574481 -1.40264 -0.967343 -0.0113837 0.253326 88.6226
0.308038 0.00875828 0.951361 53.6155 -0.013422 0.999897 -0.00485998 -1.40802 -0.951309 -0.0112722 0.308126 88.7961
0.365829 0.00900575 0.930668 54.0643 -0.0125989 0.999909 -0.0047245 -1.42142 -0.930626 -0.00999782 0.36591 88.9935
0.426122 0.0131389 0.904598 54.4836 -0.0113913 0.999892 -0.00915785 -1.42522 -0.904625 -0.00640225 0.426229 89.2107
0.486283 0.0162411 0.873682 54.8991 -0.0101736 0.999865 -0.0129253 -1.44006 -0.873774 -0.00260391 0.486384 89.4696
0.545086 0.0206312 0.838156 55.2848 -0.0126423 0.999785 -0.0163888 -1.44272 -0.838317 -0.00166293 0.545233 89.7416
0.602019 0.0237376 0.798164 55.6468 -0.0162294 0.999716 -0.0174918 -1.44222 -0.798352 -0.00242411 0.602235 90.0587
0.655801 0.0239668 0.754587 55.9828 -0.0169856 0.99971 -0.0169914 -1.45889 -0.754778 -0.0016743 0.656022 90.3863
0.706007 0.0228733 0.707875 56.291 -0.0173146 0.999739 -0.0150365 -1.46721 -0.708032 -0.00164149 0.706219 90.721
0.752908 0.021048 0.65783 56.5904 -0.017908 0.999772 -0.0114938 -1.47177 -0.657924 -0.00312687 0.753116 91.0992
0.795613 0.0184662 0.60557 56.8509 -0.018742 0.999809 -0.00586564 -1.463 -0.60556 -0.00668377 0.795807 91.484
0.833478 0.0149673 0.552399 57.0801 -0.0182446 0.999832 0.00043603 -1.4728 -0.552302 -0.010442 0.833615 91.8776
0.866235 0.0123602 0.499538 57.2958 -0.0181753 0.999813 0.0067772 -1.4707 -0.499359 -0.0149509 0.866298 92.3067
0.893189 0.0125982 0.449566 57.4805 -0.0202375 0.99972 0.0121902 -1.47757 -0.449288 -0.0199865 0.893197 92.7394
0.91459 0.0143229 0.404196 57.6466 -0.0224554 0.999631 0.0153867 -1.48118 -0.403825 -0.0231499 0.914575 93.1694
0.931315 0.0180489 0.363845 57.7974 -0.0261849 0.999504 0.0174399 -1.47703 -0.363351 -0.0257695 0.931328 93.6318
0.94413 0.0210112 0.328986 57.9288 -0.0286608 0.99942 0.0184199 -1.47224 -0.328406 -0.0268207 0.944186 94.0814
0.954402 0.0216198 0.297834 58.0622 -0.0286866 0.9994 0.0193757 -1.45911 -0.297237 -0.0270363 0.954452 94.5482
0.961221 0.0181081 0.275286 58.1922 -0.0245585 0.999499 0.0200028 -1.46336 -0.274784 -0.0259888 0.961185 95.0157
0.965529 0.0170026 0.259851 58.3135 -0.0231388 0.999519 0.020572 -1.45159 -0.259377 -0.0258758 0.965461 95.4896
0.968883 0.019093 0.246895 58.4256 -0.025022 0.999468 0.0208991 -1.44027 -0.246362 -0.0264276 0.968848 95.9882
0.97108 0.0253183 0.23753 58.5259 -0.0314942 0.999255 0.0222406 -1.40972 -0.23679 -0.0290787 0.971157 96.4783
0.972453 0.0315223 0.23108 58.6287 -0.037419 0.999074 0.0211804 -1.39999 -0.230196 -0.0292447 0.972735 96.9957
0.972879 0.036575 0.22853 58.734 -0.0416476 0.998979 0.0174129 -1.38761 -0.22766 -0.0264588 0.973414 97.506
0.973222 0.0354926 0.227238 58.8504 -0.0405811 0.999017 0.0177608 -1.39727 -0.226383 -0.0265077 0.973709 98.042
0.972699 0.0346592 0.229596 58.9765 -0.0396857 0.999061 0.0173111 -1.38668 -0.22878 -0.0259508 0.973166 98.577
0.97166 0.0334463 0.234131 59.1064 -0.0375018 0.999213 0.0128914 -1.39257 -0.233514 -0.0213074 0.972152 99.1186
0.971336 0.0355842 0.23516 59.2532 -0.0386664 0.999215 0.00850778 -1.38681 -0.234673 -0.0173574 0.971954 99.6993
0.970178 0.0379397 0.239533 59.386 -0.0413717 0.999097 0.00931638 -1.37665 -0.238962 -0.0189493 0.970877 100.272
0.968687 0.038483 0.245412 59.5257 -0.0425055 0.999033 0.0111139 -1.37769 -0.244746 -0.0211978 0.969391 100.862
0.9677 0.0365481 0.249564 59.6815 -0.0420953 0.998967 0.0169266 -1.37321 -0.248686 -0.0268862 0.968244 101.464
0.967298 0.0316303 0.251784 59.8406 -0.0377784 0.999092 0.019621 -1.35405 -0.250934 -0.028492 0.96762 102.071
0.967224 0.0280869 0.252487 59.9796 -0.0353436 0.999077 0.024252 -1.32967 -0.251572 -0.0323818 0.96733 102.702
0.966487 0.0271458 0.255398 60.1503 -0.0347043 0.99908 0.0251343 -1.30725 -0.254481 -0.033156 0.966544 103.331
0.966204 0.0253227 0.256649 60.3174 -0.0323445 0.999204 0.0231752 -1.28371 -0.255857 -0.0306939 0.966261 103.965
0.966441 0.0252046 0.255773 60.4862 -0.0307717 0.999367 0.0177863 -1.27674 -0.255163 -0.0250606 0.966609 104.613
0.966615 0.0271187 0.254915 60.656 -0.0312668 0.999432 0.012234 -1.26944 -0.254438 -0.0197966 0.96692 105.27
0.967107 0.0273935 0.253016 60.8205 -0.0311538 0.999455 0.0108669 -1.25557 -0.25258 -0.0183926 0.967437 105.935
0.967857 0.0259193 0.250289 60.9987 -0.0303348 0.99944 0.0137998 -1.2514 -0.24979 -0.0209493 0.968108 106.634
0.968204 0.0239425 0.249146 61.1779 -0.0300392 0.999333 0.0206969 -1.24223 -0.248484 -0.0275236 0.968282 107.335
0.968972 0.0218538 0.246332 61.3541 -0.0290388 0.999247 0.0255724 -1.24175 -0.245587 -0.0319328 0.968883 108.055
0.969372 0.0237762 0.244576 61.5312 -0.0312761 0.999149 0.0268267 -1.22952 -0.24373 -0.0336551 0.969295 108.777
0.9697 0.0275117 0.242878 61.7023 -0.034067 0.999155 0.0228314 -1.22032 -0.242043 -0.0304145 0.969823 109.509
0.970684 0.0290949 0.23873 61.8814 -0.0344543 0.999237 0.0183075 -1.20952 -0.238015 -0.0259966 0.970949 110.257
0.971595 0.0295203 0.234941 62.0624 -0.0346418 0.999239 0.0177018 -1.18972 -0.234239 -0.0253385 0.971884 111.006
0.972435 0.029546 0.231443 62.2408 -0.0346393 0.999236 0.0179743 -1.16357 -0.230735 -0.0254965 0.972719 111.766
0.973376 0.0295554 0.227449 62.4254 -0.0348461 0.999202 0.0192807 -1.14486 -0.226697 -0.0266938 0.973634 112.551
0.973917 0.0289147 0.225205 62.6049 -0.0342968 0.999209 0.0200234 -1.12505 -0.224448 -0.0272255 0.974142 113.339
0.97409 0.0290191 0.224442 62.7883 -0.0346183 0.999174 0.0210519 -1.09966 -0.223645 -0.0282769 0.974295 114.12
0.97435 0.0288702 0.223335 62.9771 -0.0348622 0.999127 0.0229339 -1.07439 -0.222478 -0.0301322 0.974508 114.931
0.974385 0.028801 0.223186 63.1505 -0.034893 0.999112 0.0233998 -1.05172 -0.222313 -0.0305887 0.974531 115.725
0.974364 0.0314435 0.222921 63.3304 -0.0377145 0.998999 0.0239308 -1.03239 -0.221945 -0.0317254 0.974579 116.548
0.974191 0.0335306 0.223375 63.5046 -0.0398638 0.998914 0.0239038 -1.01751 -0.22233 -0.032192 0.974475 117.366
0.973669 0.0368408 0.225124 63.6745 -0.0433773 0.998763 0.0241599 -1.00479 -0.223956 -0.0332896 0.974068 118.184
0.973073 0.0393373 0.227272 63.8559 -0.0464543 0.998575 0.0260518 -0.996732 -0.225923 -0.0359085 0.973519 119.027
0.972382 0.0418161 0.229771 64.0438 -0.0492338 0.99843 0.0266477 -0.971457 -0.228296 -0.0372247 0.972917 119.864
0.971566 0.0427476 0.23303 64.2321 -0.0504512 0.998351 0.0271997 -0.954155 -0.231483 -0.0381834 0.972126 120.69
0.971235 0.0423957 0.234469 64.4297 -0.0501102 0.998374 0.0270446 -0.925031 -0.232942 -0.0380163 0.971785 121.528
0.970815 0.0428082 0.236128 64.6354 -0.0504958 0.998365 0.0266066 -0.896164 -0.234603 -0.037754 0.971395 122.356
0.970941 0.0415584 0.235834 64.8459 -0.0492316 0.998425 0.0267437 -0.870074 -0.234351 -0.0375775 0.971463 123.183
0.970785 0.0401955 0.236713 65.0481 -0.047903 0.998485 0.0269 -0.853502 -0.235273 -0.0374537 0.971245 124.022
0.970165 0.0418409 0.238957 65.2385 -0.0499728 0.998352 0.0280758 -0.834171 -0.237389 -0.03918 0.970662 124.852
0.969989 0.0441662 0.239257 65.4372 -0.0537253 0.997987 0.0335803 -0.799197 -0.237292 -0.045427 0.970413 125.696
0.969699 0.045537 0.240167 65.636 -0.0553455 0.997874 0.0342566 -0.77036 -0.238097 -0.0465111 0.970165 126.533
0.969273 0.0456347 0.241866 65.8255 -0.0543402 0.998084 0.0294462 -0.752545 -0.240058 -0.0416847 0.969901 127.346
0.969616 0.043395 0.240897 66.0356 -0.0489006 0.998654 0.0169255 -0.729051 -0.239839 -0.0281916 0.970442 128.158
0.969955 0.0395442 0.240206 66.2418 -0.0443855 0.998902 0.0147793 -0.748397 -0.239357 -0.0249971 0.970648 128.972
0.969887 0.0385249 0.240634 66.4419 -0.0450039 0.99875 0.0214892 -0.718872 -0.239506 -0.0316719 0.970417 129.795
0.97059 0.032423 0.238702 66.6525 -0.0432538 0.998249 0.040278 -0.693467 -0.236978 -0.0494185 0.970296 130.636
0.970767 0.0258763 0.238776 66.8511 -0.0396796 0.99779 0.0531871 -0.67904 -0.236872 -0.0611073 0.969657 131.457
0.971141 0.0288498 0.236916 67.0377 -0.0419669 0.997839 0.0505132 -0.66078 -0.234946 -0.0589984 0.970256 132.269
0.971224 0.0386676 0.235166 67.2187 -0.0485613 0.998151 0.0364288 -0.629827 -0.233323 -0.046801 0.971313 133.07
0.97123 0.0406864 0.234801 67.4039 -0.0488114 0.998387 0.028898 -0.589885 -0.233246 -0.0395277 0.971653 133.87
0.972024 0.0375839 0.232016 67.6031 -0.0454235 0.998557 0.0285424 -0.579854 -0.230608 -0.0382834 0.972334 134.68
0.972786 0.0354777 0.229142 67.7924 -0.0431634 0.998654 0.0286182 -0.558239 -0.227818 -0.0377299 0.973012 135.486
0.973534 0.0347022 0.226061 67.9705 -0.0425914 0.998635 0.0301181 -0.551816 -0.224708 -0.0389498 0.973689 136.287
0.974766 0.0348986 0.220666 68.1442 -0.0426289 0.998626 0.0303682 -0.535331 -0.219303 -0.0390086 0.974917 137.087
0.97534 0.0349728 0.218092 68.3093 -0.0423963 0.998663 0.0294557 -0.51374 -0.21677 -0.0379762 0.975525 137.881
0.975888 0.0366664 0.215358 68.4727 -0.0442732 0.998546 0.0306058 -0.499366 -0.213923 -0.0394022 0.976096 138.688
0.97626 0.0361597 0.213744 68.6356 -0.0439637 0.998521 0.0318749 -0.48498 -0.212275 -0.0405157 0.976411 139.486
0.976429 0.034639 0.213226 68.8044 -0.0426771 0.998532 0.0332121 -0.464178 -0.211762 -0.0415289 0.976479 140.278
0.976963 0.0335143 0.210943 68.9727 -0.0417518 0.998521 0.0347233 -0.450766 -0.209467 -0.0427311 0.976923 141.075
0.977496 0.0333568 0.208493 69.1386 -0.0414741 0.998534 0.0346849 -0.429258 -0.20703 -0.0425513 0.97745 141.863
0.978446 0.0295044 0.204577 69.3028 -0.0367659 0.998816 0.0317891 -0.406494 -0.203397 -0.0386259 0.978377 142.642
0.979903 0.0287831 0.197593 69.464 -0.0358556 0.998831 0.0323105 -0.378172 -0.196432 -0.0387459 0.979793 143.431
0.981202 0.0267652 0.191326 69.618 -0.0341551 0.998786 0.0354355 -0.359003 -0.190145 -0.0413046 0.98093 144.22
0.982176 0.0247245 0.186549 69.764 -0.033064 0.998578 0.0417265 -0.325704 -0.185252 -0.0471508 0.981601 145.006
0.983253 0.0223316 0.181097 69.9106 -0.0318802 0.998238 0.0499919 -0.312137 -0.179662 -0.0549286 0.982237 145.807
0.983796 0.0246861 0.177824 70.0354 -0.0342045 0.998127 0.0506629 -0.263589 -0.176239 -0.0559242 0.982801 146.589
0.984739 0.0278099 0.172036 70.1683 -0.0366778 0.998142 0.0485908 -0.247885 -0.170365 -0.0541597 0.983935 147.383
0.985839 0.0296594 0.165307 70.2896 -0.0365551 0.998574 0.0388314 -0.214939 -0.163919 -0.0443241 0.985522 148.166
0.986872 0.0266358 0.159544 70.4135 -0.0324879 0.998884 0.0341899 -0.196017 -0.158456 -0.0389248 0.986641 148.951
0.988097 0.025385 0.152008 70.5397 -0.0311012 0.998888 0.0353476 -0.17245 -0.150941 -0.0396541 0.987792 149.758
0.989071 0.0306824 0.144498 70.6413 -0.036573 0.998594 0.0382949 -0.127519 -0.14312 -0.0431614 0.988807 150.561
0.989888 0.0360204 0.137514 70.7319 -0.0415419 0.99843 0.0374994 -0.0927901 -0.135946 -0.0428324 0.989835 151.369
0.991212 0.0383708 0.12692 70.8271 -0.042964 0.998507 0.0336623 -0.0660316 -0.125439 -0.0388197 0.991385 152.173
0.992313 0.0379381 0.118158 70.9205 -0.0421757 0.998543 0.0335768 -0.0389447 -0.116711 -0.0383016 0.992472 152.986
0.993111 0.0379858 0.111219 70.9934 -0.0422194 0.998458 0.0359723 -0.00881018 -0.109681 -0.0404203 0.993188 153.802
0.994038 0.0389168 0.102288 71.0738 -0.0433435 0.998199 0.0414224 0.0258436 -0.10049 -0.0456084 0.993938 154.628
0.994694 0.0391868 0.0955514 71.1353 -0.0438792 0.997903 0.0475261 0.0499689 -0.0934886 -0.0514669 0.994333 155.454
0.995522 0.0385553 0.0868281 71.2018 -0.0430681 0.997782 0.0507214 0.0773625 -0.0846789 -0.0542331 0.994977 156.279
0.996023 0.0385899 0.0808171 71.2643 -0.0429316 0.997684 0.0527093 0.112774 -0.0785958 -0.0559696 0.995379 157.102
0.996297 0.0382841 0.0775557 71.3233 -0.0424722 0.997684 0.0531008 0.150195 -0.0753421 -0.0561974 0.995619 157.921
0.996582 0.0414578 0.0720363 71.3735 -0.0450394 0.997788 0.0488486 0.177572 -0.0698516 -0.0519264 0.99625 158.744
0.996598 0.0469176 0.0684053 71.4159 -0.0499136 0.997835 0.0427808 0.214156 -0.0662489 -0.0460489 0.996786 159.558
0.9967 0.0474106 0.0665208 71.4611 -0.0503316 0.997806 0.0429712 0.237116 -0.0643373 -0.0461776 0.996904 160.378
0.996935 0.0478652 0.0625996 71.5057 -0.0509673 0.997498 0.0489519 0.266783 -0.0600988 -0.0519918 0.996884 161.206
0.996976 0.0481775 0.0616629 71.5484 -0.0517216 0.997016 0.0572629 0.307118 -0.0587199 -0.0602792 0.996498 162.037
0.99729 0.0477385 0.0567756 71.5842 -0.0513732 0.996599 0.0644031 0.337025 -0.0535068 -0.0671447 0.996354 162.866
0.997694 0.044418 0.0521457 71.6295 -0.0475346 0.997053 0.0601655 0.382874 -0.0493195 -0.0625056 0.996871 163.676
0.998185 0.0381218 0.0475698 71.6722 -0.0406687 0.997722 0.0537864 0.417005 -0.0454097 -0.0556229 0.997466 164.486
0.998488 0.0391169 0.0397377 71.7051 -0.0411418 0.997821 0.051522 0.474135 -0.0376356 -0.0530791 0.997927 165.302
0.998703 0.0402003 0.0326626 71.7217 -0.0418777 0.997744 0.0524299 0.521297 -0.0304799 -0.053729 0.998138 166.123
0.999015 0.0373505 0.0258017 71.7458 -0.0388047 0.997534 0.05842 0.55638 -0.023556 -0.0593635 0.998007 166.947
0.999341 0.0331682 0.0175569 71.7625 -0.034202 0.997469 0.0623091 0.592176 -0.0154446 -0.0628678 0.99795 167.788
0.999615 0.0270464 0.0115124 71.7776 -0.0277513 0.997408 0.0663164 0.643317 -0.00968878 -0.0666101 0.997781 168.621
0.999777 0.0222752 0.0062777 71.7841 -0.0226483 0.997466 0.0674189 0.688273 -0.00475881 -0.0675454 0.997753 169.448
0.999838 0.0203999 -0.00126911 71.7824 -0.0202817 0.997867 0.0619851 0.744108 0.00253099 -0.061949 0.998126 170.279
0.999953 0.0113471 -0.00766546 71.7849 -0.010936 0.998595 0.051804 0.799952 0.0082437 -0.0517168 0.998677 171.093
0.999909 0.00635848 -0.0153905 71.7883 -0.00555212 0.998632 0.0519107 0.839611 0.0156997 -0.05182 0.998583 171.933
0.999772 0.00841208 -0.0218771 71.7669 -0.00713259 0.998291 0.0579698 0.899839 0.0223286 -0.0577997 0.998128 172.778
0.999536 0.0186516 -0.0259711 71.726 -0.0168483 0.997539 0.0679986 0.96921 0.0271757 -0.0675289 0.997398 173.622
0.99929 0.0229523 -0.0313963 71.6889 -0.0204823 0.99683 0.0768598 1.01324 0.033062 -0.0761615 0.996598 174.477
0.999175 0.0226825 -0.0350796 71.6489 -0.0200505 0.997079 0.0736339 1.06904 0.0366477 -0.0728691 0.996719 175.314
0.999091 0.0245041 -0.0362014 71.6106 -0.0219837 0.99741 0.0684574 1.10625 0.0377863 -0.0675985 0.997047 176.158
0.998669 0.0343029 -0.0397743 71.5583 -0.0319077 0.997722 0.0593472 1.16832 0.0417198 -0.0579983 0.997497 176.981
0.998667 0.0330356 -0.0408417 71.517 -0.0306279 0.997832 0.0582338 1.22117 0.042678 -0.0569044 0.997518 177.832
0.998632 0.0307371 -0.0434384 71.4892 -0.027971 0.997623 0.0628953 1.26864 0.0452688 -0.0615934 0.997126 178.678
0.998656 0.0298471 -0.0434899 71.4551 -0.0267958 0.997246 0.0691346 1.32953 0.0454347 -0.0678754 0.99671 179.529
0.998662 0.0315356 -0.0421607 71.4058 -0.0283254 0.996802 0.074669 1.38761 0.0443809 -0.0733741 0.996369 180.399
0.998546 0.0321283 -0.0444141 71.3627 -0.0287681 0.996816 0.0743328 1.43769 0.0466621 -0.0729459 0.996295 181.242
0.998521 0.0297522 -0.0465665 71.3214 -0.026679 0.997507 0.065271 1.49846 0.0483927 -0.0639313 0.996833 182.084
0.998575 0.0250922 -0.0481345 71.2892 -0.0223317 0.998119 0.0570656 1.52617 0.0494771 -0.0559081 0.997262 182.928
0.998519 0.0212872 -0.0510457 71.2633 -0.0184439 0.998283 0.0555391 1.57334 0.0521407 -0.0545143 0.997204 183.767
0.998494 0.0215613 -0.0514303 71.2153 -0.0185358 0.998107 0.0586094 1.63081 0.0525979 -0.0575665 0.997008 184.626
0.998294 0.0253297 -0.0535387 71.1626 -0.021697 0.997488 0.0673751 1.67634 0.0551112 -0.0660975 0.996344 185.478
0.998244 0.0248068 -0.0547196 71.1098 -0.0209415 0.997317 0.0701238 1.72257 0.0563137 -0.0688535 0.996089 186.322
0.998242 0.0246913 -0.0547988 71.0594 -0.0208606 0.997367 0.0694083 1.77754 0.0563689 -0.068142 0.996136 187.159
0.998207 0.024155 -0.055685 71.011 -0.0205376 0.997694 0.0646556 1.82751 0.0571197 -0.0633946 0.996406 187.988
0.998162 0.025197 -0.0560179 70.9555 -0.0215765 0.997692 0.0643222 1.88758 0.0575099 -0.062994 0.99641 188.831
0.998198 0.0255843 -0.0551945 70.899 -0.0218675 0.997516 0.0669277 1.93147 0.0567715 -0.0656001 0.996284 189.666
0.998055 0.0271138 -0.0570342 70.8467 -0.0231854 0.997381 0.0684434 1.98604 0.0587413 -0.0669863 0.996078 190.494
0.998003 0.0287185 -0.0571678 70.7944 -0.0247265 0.997283 0.0693505 2.03422 0.0590062 -0.0677993 0.996007 191.323
0.998016 0.0293465 -0.056606 70.7366 -0.0253862 0.997258 0.0694469 2.08577 0.0584898 -0.0678738 0.996033 192.138
0.997919 0.0299523 -0.0579859 70.6825 -0.025875 0.99722 0.069832 2.12446 0.0599182 -0.0681871 0.995926 192.96
0.997946 0.0290504 -0.0579797 70.6327 -0.0252584 0.997555 0.065088 2.16332 0.0597299 -0.0634915 0.996249 193.763
0.997775 0.029903 -0.0604337 70.5684 -0.0258928 0.997474 0.0660847 2.2062 0.0622591 -0.0643735 0.996037 194.568
