0.999955 0.00226759 0.00937275 -0.0709867 -0.00222678 0.999981 -0.004364 0.0389103 -0.00938252 0.00434299 0.999932 0.122744
0.999736 0.00562321 0.0224308 -0.171356 -0.0055643 0.999983 -0.00268577 0.0965713 -0.0224452 0.00256025 0.999752 0.358212
0.998964 0.00836344 0.0439606 -0.215122 -0.00812841 0.999939 -0.0055185 0.169051 -0.044003 0.00515572 0.999033 0.761968
0.995693 0.0114371 0.09204 -0.150929 -0.0106312 0.999902 -0.00924168 0.145378 -0.0921406 0.00822344 0.99572 1.77219
0.990413 0.0092307 0.13759 -0.0327848 -0.00811727 0.999918 -0.00865103 0.127588 -0.137658 0.00745177 0.990468 2.74237
0.982886 0.00834034 0.184039 0.137851 -0.00685874 0.999939 -0.00868549 0.134423 -0.184109 0.00727463 0.982887 3.71807
0.972948 0.0060003 0.23081 0.362054 -0.0036916 0.999927 -0.0104332 0.140974 -0.230857 0.00929947 0.972959 4.70506
0.961871 0.00372563 0.273487 0.611495 -0.000471946 0.999929 -0.0119612 0.087765 -0.273525 0.0113763 0.961808 5.6366
0.948128 0.00406378 0.317771 0.913542 -0.0002619 0.999916 -0.0120056 0.112267 -0.317796 0.0113002 0.948108 6.57346
0.931863 0.00334359 0.362798 1.26643 0.000737756 0.999938 -0.0111096 0.0853518 -0.36283 0.0106204 0.931808 7.50495
0.91411 0.00307555 0.405389 1.63102 0.00145402 0.999928 -0.0108646 0.0584735 -0.405398 0.0105214 0.914096 8.40182
0.893069 0.00246518 0.449911 2.0749 0.00265538 0.999939 -0.0107489 0.0405728 -0.449932 0.0107942 0.893012 9.3037
0.871027 0.0021157 0.491183 2.53584 0.0034883 0.999927 -0.0104929 0.0203181 -0.491175 0.0108534 0.871009 10.1503
0.847133 0.00103741 0.531376 3.03365 0.00541439 0.99993 -0.0105829 -0.0270921 -0.531375 0.0118423 0.847072 10.9741
0.820678 0.00124444 0.571352 3.58462 0.005935 0.999914 -0.0107027 -0.0278896 -0.571323 0.0121749 0.82065 11.7894
0.793537 -0.000965077 0.608515 4.15438 0.00933082 0.999901 -0.010581 -0.0610377 -0.608474 0.0140744 0.793472 12.5563
0.764264 -0.000503308 0.644874 4.76139 0.00933434 0.999892 -0.0102819 -0.0772233 -0.644808 0.013878 0.764232 13.3036
0.732774 -0.000299553 0.680464 5.40917 0.0101877 0.999893 -0.0105296 -0.096563 -0.680422 0.0146482 0.732703 14.0072
0.69951 -0.00146877 0.714598 6.08388 0.0138727 0.999826 -0.0115249 -0.143226 -0.714466 0.0179758 0.699451 14.7029
0.665307 -0.00154103 0.746557 6.80093 0.0146174 0.999833 -0.0109619 -0.144292 -0.746453 0.0182058 0.665223 15.3373
0.629583 -0.00118901 0.776916 7.54878 0.0177312 0.999749 -0.0128388 -0.177482 -0.776717 0.0218594 0.629484 15.9422
0.59244 -0.00109175 0.805601 8.32971 0.0224123 0.999635 -0.0151264 -0.217201 -0.80533 0.0270171 0.592252 16.5481
0.556206 0.000561298 0.831032 9.11884 0.0240214 0.99956 -0.0167528 -0.211452 -0.830688 0.0292814 0.555981 17.0826
0.519271 -0.00248947 0.854593 9.94042 0.028235 0.999498 -0.0142438 -0.246802 -0.854173 0.0315261 0.519085 17.5998
0.483531 -0.00349253 0.875311 10.7821 0.0315452 0.9994 -0.0134384 -0.281856 -0.874752 0.0341108 0.483381 18.0689
0.44908 -0.00214389 0.893475 11.6565 0.0331788 0.999345 -0.0142775 -0.301088 -0.892906 0.0360565 0.448861 18.5093
0.416442 -0.00280404 0.909151 12.5577 0.0334933 0.999352 -0.0122597 -0.325019 -0.908542 0.0355569 0.416291 18.9301
0.383714 -0.00382553 0.92343 13.4593 0.0344347 0.999352 -0.0101678 -0.343797 -0.922842 0.0356998 0.383601 19.3111
0.352428 -0.00476678 0.935821 14.3863 0.0355971 0.99932 -0.00831559 -0.374968 -0.93516 0.0362442 0.35238 19.6768
0.320429 -0.00122205 0.947257 15.3615 0.0330978 0.9994 -0.00990585 -0.378624 -0.946728 0.0345266 0.32028 20.0182
0.289494 -0.000478092 0.957176 16.3229 0.0326619 0.999411 -0.00937931 -0.391004 -0.956623 0.0339792 0.289357 20.3112
0.259747 0.000167006 0.965661 17.3185 0.0348132 0.999346 -0.00953611 -0.370746 -0.965084 0.036095 0.259574 20.5915
0.229266 -0.000931752 0.973361 18.3237 0.0364611 0.999295 -0.00763126 -0.392743 -0.972683 0.0372403 0.229151 20.8378
0.199025 -0.00108505 0.979979 19.36 0.0360478 0.999328 -0.0062138 -0.407371 -0.979366 0.0365631 0.198933 21.0708
0.170072 -0.00161752 0.985428 20.394 0.0361991 0.999323 -0.00460682 -0.41918 -0.984769 0.0364561 0.170025 21.2676
0.142127 -0.00229678 0.989832 21.459 0.0367817 0.999316 -0.00296197 -0.444367 -0.989201 0.0368289 0.142116 21.4292
0.117278 -0.00248501 0.993095 22.5298 0.0395957 0.999202 -0.00217532 -0.467203 -0.992313 0.0395785 0.117289 21.562
0.0943196 -0.00237019 0.995525 23.614 0.0441781 0.99902 -0.00180654 -0.453164 -0.994597 0.0441512 0.0943329 21.6656
0.072982 -0.00322445 0.997327 24.7284 0.0497276 0.998751 -0.000409373 -0.46127 -0.996097 0.049626 0.0730549 21.7449
0.055922 -0.00598184 0.998404 25.8462 0.0537964 0.998545 0.00296985 -0.460631 -0.997021 0.0535451 0.0561631 21.7998
0.0403194 -0.00684231 0.999164 26.9678 0.054155 0.99851 0.00465318 -0.474719 -0.997723 0.0539236 0.0406317 21.858
0.0250939 -0.00781399 0.999641 28.0916 0.0545525 0.998486 0.00643579 -0.478811 -0.998233 0.054372 0.0254826 21.8925
0.0122598 -0.00886771 0.999886 29.2378 0.0544428 0.998472 0.00818848 -0.477506 -0.998447 0.0543377 0.0127241 21.9213
-0.000106048 -0.00944754 0.999942 30.3919 0.0541959 0.998481 0.0094396 -0.485387 -0.998568 0.0541943 0.000406208 21.9352
-0.0123356 -0.00851744 0.999889 31.5531 0.0538815 0.998495 0.0091712 -0.478516 -0.998477 0.05399 -0.0118592 21.9311
-0.0217976 -0.00604917 0.999731 32.7304 0.0539137 0.998514 0.00721746 -0.478209 -0.998346 0.054057 -0.0214393 21.9154
-0.0322172 -0.00465384 0.999472 33.9426 0.0541312 0.998504 0.00639499 -0.471932 -0.99802 0.05431 -0.0319194 21.8836
-0.0390247 -0.00443408 0.999216 35.1934 0.0532844 0.998553 0.00651228 -0.469376 -0.997856 0.0534971 -0.0387325 21.831
-0.0450411 -0.00397547 0.998979 36.4678 0.0528406 0.998573 0.00635712 -0.468283 -0.997593 0.0530742 -0.0447698 21.7671
-0.0512821 -0.00373793 0.998665 37.7416 0.0528251 0.998577 0.00645023 -0.467359 -0.997325 0.0530857 -0.0510124 21.7184
-0.0550239 -0.00262609 0.998481 39.041 0.0523329 0.998604 0.00551121 -0.459863 -0.997119 0.052558 -0.0548131 21.6517
-0.0589789 -0.0025876 0.998244 40.3631 0.0524512 0.998601 0.00568759 -0.461353 -0.99692 0.0526949 -0.0587614 21.5809
-0.0630609 -0.00344795 0.998004 41.7077 0.0523678 0.998594 0.00675993 -0.450869 -0.996642 0.0526907 -0.0627956 21.507
-0.0645002 -0.00513699 0.997893 43.0696 0.0525528 0.998575 0.00853746 -0.438705 -0.996573 0.052993 -0.0641394 21.4254
-0.0668148 -0.00604649 0.997747 44.4536 0.0524723 0.998566 0.00956626 -0.42679 -0.996393 0.0529944 -0.0664059 21.339
-0.0700258 -0.00692698 0.99751 45.8631 0.0529218 0.998533 0.0106491 -0.42579 -0.996181 0.0535358 -0.0695578 21.2506
-0.0697225 -0.00703181 0.99754 47.2859 0.0527372 0.99854 0.0107257 -0.400579 -0.99618 0.0533566 -0.0692539 21.1462
-0.071568 -0.00768276 0.997396 48.7341 0.0528795 0.998526 0.011486 -0.403495 -0.996074 0.0535638 -0.0710577 21.0521
-0.070281 -0.00735737 0.997499 50.2056 0.0526238 0.998543 0.0110736 -0.378082 -0.996147 0.0532716 -0.0697954 20.948
-0.069728 -0.0077071 0.997526 51.6915 0.0524341 0.99855 0.0113803 -0.370837 -0.996227 0.0530979 -0.0692242 20.8493
-0.0697545 -0.00840767 0.997527 53.1909 0.0525212 0.998537 0.0120897 -0.355397 -0.996189 0.0532359 -0.0692147 20.7534
-0.0672225 -0.00920903 0.997686 54.7282 0.0525457 0.998528 0.0127573 -0.331323 -0.996392 0.0532817 -0.0666412 20.6493
-0.0660854 -0.00978151 0.997764 56.2808 0.0528507 0.998504 0.0132901 -0.320445 -0.996422 0.0536121 -0.0654734 20.5468
-0.0667091 -0.00980021 0.997715 57.8431 0.0526882 0.998512 0.0133309 -0.30015 -0.996419 0.0534572 -0.0660951 20.4449
-0.0641814 -0.0102906 0.997883 59.4453 0.0533446 0.998472 0.0137285 -0.283147 -0.996521 0.0541142 -0.0635379 20.3409
-0.0646992 -0.0108099 0.997838 61.0436 0.0531819 0.998474 0.014265 -0.261485 -0.996525 0.0539899 -0.0640271 20.2451
-0.0625241 -0.0126115 0.997962 62.6946 0.0543187 0.998386 0.016021 -0.236448 -0.996574 0.0552112 -0.0617415 20.1463
-0.0617417 -0.01433 0.997981 64.3396 0.0552828 0.998304 0.0177547 -0.207374 -0.996599 0.0562674 -0.0608461 20.0495
-0.0626572 -0.0139313 0.997936 65.9872 0.0561531 0.99826 0.0174626 -0.186785 -0.996464 0.0571328 -0.0617694 19.9571
-0.060738 -0.0135777 0.998053 67.6642 0.0570396 0.998217 0.017051 -0.164254 -0.996561 0.0579642 -0.0598568 19.8538
-0.0600674 -0.0140778 0.998093 69.3542 0.0569374 0.998215 0.0175073 -0.129478 -0.99658 0.0578819 -0.0591621 19.7642
-0.0613207 -0.0151583 0.997995 71.0408 0.0574343 0.998165 0.0186896 -0.112365 -0.996503 0.0584651 -0.0603391 19.6711
-0.0599236 -0.0157768 0.998075 72.7752 0.0572814 0.998164 0.0192184 -0.0723446 -0.996569 0.0583242 -0.0589131 19.5718
-0.0611751 -0.0168042 0.997978 74.4914 0.0581478 0.998091 0.0203702 -0.050826 -0.99647 0.0592762 -0.0600828 19.4751
-0.0595448 -0.0168818 0.998079 76.2618 0.0586798 0.998059 0.0203835 -0.00912342 -0.996511 0.0597823 -0.0584416 19.3764
-0.059711 -0.0168635 0.998066 78.0305 0.0588191 0.998051 0.0203819 0.0204621 -0.996518 0.0599222 -0.0586044 19.2796
-0.0619613 -0.0163885 0.99794 79.8011 0.0584285 0.998082 0.0200198 0.0591518 -0.996379 0.0595501 -0.060888 19.1852
-0.0618242 -0.0161792 0.997949 81.6091 0.0578629 0.99812 0.0197664 0.0927868 -0.996444 0.0589662 -0.0607735 19.077
-0.0630248 -0.0162244 0.997877 83.4207 0.0574916 0.998139 0.0198611 0.123513 -0.996367 0.0586226 -0.0619779 18.9651
-0.0653273 -0.016697 0.997717 85.2372 0.0568419 0.998165 0.0204261 0.156501 -0.99628 0.0580463 -0.0642602 18.8671
-0.0647953 -0.017569 0.997741 87.0821 0.0565442 0.998165 0.0212497 0.181182 -0.996309 0.0577947 -0.0636861 18.7474
-0.065138 -0.0179658 0.997708 88.9326 0.0556289 0.998209 0.0216066 0.229874 -0.996361 0.0569086 -0.0640237 18.64
-0.068518 -0.0176299 0.997491 90.7987 0.055531 0.998217 0.0214584 0.25828 -0.996117 0.0568633 -0.0674203 18.5317
-0.0696169 -0.0171477 0.99742 92.6848 0.0551374 0.998249 0.0210102 0.303792 -0.996083 0.0564577 -0.0685516 18.4096
-0.0755367 -0.0168488 0.996997 94.5795 0.0551344 0.998248 0.0210482 0.334154 -0.995632 0.0565601 -0.0744793 18.2852
-0.0783944 -0.0175786 0.996761 96.4895 0.0542562 0.998279 0.0218722 0.375504 -0.995479 0.0557951 -0.0773083 18.1475
-0.083246 -0.0177559 0.996368 98.4071 0.0537261 0.998298 0.0222802 0.417984 -0.995094 0.0553868 -0.0821546 18.006
-0.0896881 -0.0172387 0.995815 100.337 0.0532743 0.998327 0.0220801 0.450727 -0.994578 0.0550316 -0.0886225 17.8542
-0.0926433 -0.0164521 0.995561 102.275 0.0532336 0.998342 0.0214528 0.482155 -0.99429 0.0549859 -0.0916186 17.6864
-0.0974726 -0.0151963 0.995117 104.218 0.0529864 0.998378 0.0204359 0.516755 -0.99386 0.0547196 -0.0965123 17.5143
-0.104597 -0.0146483 0.994404 106.178 0.0525582 0.998404 0.0202366 0.551392 -0.99314 0.054382 -0.103665 17.3328
-0.108134 -0.0146275 0.994023 108.15 0.0521313 0.998425 0.0203631 0.589009 -0.992802 0.0540216 -0.107204 17.1383
-0.115494 -0.0149843 0.993192 110.137 0.0512778 0.998454 0.0210277 0.622445 -0.991999 0.0533584 -0.114553 16.9334
-0.11949 -0.0158811 0.992703 112.127 0.0510409 0.998443 0.0221165 0.65753 -0.991555 0.0533111 -0.118497 16.7101
-0.125101 -0.0162098 0.992009 114.123 0.051017 0.99843 0.0227495 0.696199 -0.990848 0.0534564 -0.124083 16.4758
-0.132863 -0.0158691 0.991002 116.125 0.0508659 0.998436 0.0228076 0.732992 -0.989861 0.0534385 -0.131852 16.2293
-0.136745 -0.0151911 0.990488 118.138 0.0504133 0.998471 0.0222746 0.777155 -0.989339 0.0529805 -0.135776 15.9609
-0.142828 -0.0154662 0.989621 120.161 0.0505717 0.998449 0.0229028 0.812722 -0.988487 0.053318 -0.141828 15.6877
-0.150565 -0.0158109 0.988472 122.182 0.0497797 0.998474 0.0235545 0.855977 -0.987363 0.0527532 -0.149556 15.4035
-0.153937 -0.0155686 0.987952 124.217 0.0489391 0.99852 0.0233605 0.895472 -0.9869 0.0519456 -0.152952 15.0918
-0.16205 -0.0157672 0.986655 126.245 0.0482329 0.998542 0.0238803 0.941418 -0.985621 0.0514598 -0.161062 14.7854
-0.164741 -0.0169856 0.986185 128.299 0.0486994 0.998484 0.0253327 0.987987 -0.985165 0.0521999 -0.163669 14.4533
-0.168867 -0.0177418 0.985478 130.347 0.0495152 0.998414 0.0264606 1.03301 -0.984412 0.0532652 -0.167729 14.118
-0.175882 -0.0170752 0.984258 132.387 0.0492082 0.998438 0.0261145 1.07015 -0.983212 0.0530266 -0.174772 13.7707
-0.175846 -0.0169753 0.98427 134.478 0.048675 0.99847 0.0259174 1.11318 -0.983232 0.0524675 -0.174759 13.4245
-0.179223 -0.0173015 0.983651 136.562 0.0476903 0.998509 0.0262519 1.15977 -0.982683 0.0516155 -0.178136 13.0701
-0.186849 -0.0159586 0.982257 138.626 0.0465806 0.998592 0.0250857 1.18109 -0.981302 0.0504422 -0.185851 12.6792
-0.188741 -0.0159982 0.981891 140.757 0.0445086 0.998692 0.0248273 1.21473 -0.981048 0.0483884 -0.187788 12.3041
-0.195583 -0.0166342 0.980546 142.83 0.0437051 0.998707 0.0256608 1.26852 -0.979732 0.0478743 -0.194613 11.9103
-0.198716 -0.018451 0.979879 144.948 0.0430912 0.998684 0.0275438 1.29829 -0.979138 0.0476974 -0.197666 11.4999
-0.20347 -0.0176667 0.978921 147.074 0.0433159 0.998688 0.0270277 1.35579 -0.978142 0.0479029 -0.202448 11.0789
-0.209584 -0.0156777 0.97766 149.198 0.045 0.99865 0.025661 1.40826 -0.976784 0.0493728 -0.208602 10.6451
-0.212638 -0.0167864 0.976987 151.331 0.0444749 0.998643 0.0268392 1.46165 -0.976138 0.0491592 -0.211612 10.1938
-0.217103 -0.017438 0.975989 153.472 0.0439831 0.998643 0.0276265 1.50325 -0.975186 0.0489247 -0.216049 9.73263
-0.223279 -0.0166288 0.974612 155.634 0.0442815 0.998642 0.0271843 1.55154 -0.973768 0.0492277 -0.222249 9.26729
-0.225004 -0.0163964 0.974216 157.767 0.0440575 0.998657 0.0269831 1.60113 -0.97339 0.0489928 -0.223987 8.78324
-0.228801 -0.0148865 0.97336 159.926 0.0444332 0.998674 0.025719 1.64615 -0.972478 0.0491348 -0.227847 8.29795
-0.23441 -0.0144377 0.972028 162.089 0.0446712 0.998667 0.0256057 1.68996 -0.97114 0.0494238 -0.233459 7.79322
-0.236129 -0.0137217 0.971625 164.25 0.0444471 0.998694 0.0249065 1.7387 -0.970725 0.0490677 -0.235221 7.28006
-0.241803 -0.0139562 0.970222 166.424 0.043934 0.998707 0.0253152 1.78872 -0.96936 0.0487468 -0.240884 6.77113
-0.243628 -0.0140294 0.969767 168.597 0.0440016 0.998699 0.025503 1.83495 -0.968891 0.0488852 -0.242704 6.23487
-0.247617 -0.0139907 0.968754 170.782 0.044627 0.998663 0.0258293 1.87807 -0.967859 0.0496282 -0.246669 5.69554
-0.253242 -0.0136789 0.967306 172.973 0.0456374 0.998611 0.0260704 1.91607 -0.966346 0.0507481 -0.252278 5.13815
-0.254257 -0.0139383 0.967034 175.163 0.0460345 0.998582 0.0264964 1.96724 -0.96607 0.0512538 -0.253262 4.57214
-0.257151 -0.0148687 0.966257 177.367 0.0455426 0.998577 0.0274872 2.01442 -0.965318 0.051075 -0.256119 4.00512
-0.262146 -0.0147689 0.964913 179.585 0.0447852 0.998613 0.0274515 2.07278 -0.964019 0.05041 -0.261129 3.42951
-0.262774 -0.0132042 0.964767 181.793 0.0441901 0.998685 0.0257053 2.13293 -0.963866 0.0493885 -0.261857 2.85492
-0.26602 -0.0119343 0.963892 184.018 0.0437455 0.998737 0.0244383 2.17474 -0.963004 0.0486669 -0.26517 2.2568
-0.270995 -0.0108632 0.96252 186.252 0.0429306 0.998798 0.0233604 2.23305 -0.961645 0.0476526 -0.270214 1.65332
-0.27256 -0.0103686 0.962082 188.469 0.0420231 0.998853 0.0226696 2.28126 -0.96125 0.0466082 -0.27182 1.03851
-0.278432 -0.0103753 0.9604 190.72 0.042047 0.998845 0.0229812 2.32073 -0.959558 0.046781 -0.277686 0.413776
-0.280335 -0.0118685 0.959828 192.95 0.042027 0.998807 0.0246245 2.37753 -0.959012 0.0472416 -0.27951 -0.227231
-0.284278 -0.0128455 0.958657 195.203 0.0418775 0.998783 0.0258023 2.42568 -0.95785 0.0474816 -0.283406 -0.876693
-0.290274 -0.0133025 0.956851 197.489 0.0419456 0.998759 0.0266093 2.47158 -0.956054 0.0478594 -0.289365 -1.54067
-0.292456 -0.0134795 0.956185 199.721 0.041244 0.998786 0.0266956 2.53039 -0.955413 0.0472446 -0.291557 -2.21267
-0.296331 -0.0131869 0.954994 201.985 0.0409043 0.998806 0.0264838 2.58794 -0.95424 0.046911 -0.295447 -2.8906
-0.301232 -0.0136789 0.953454 204.262 0.0405841 0.998801 0.0271523 2.63614 -0.952711 0.0468746 -0.300328 -3.57971
-0.302602 -0.0135844 0.95302 206.52 0.0411335 0.998775 0.0272968 2.68668 -0.95226 0.0474607 -0.301682 -4.28266
-0.30736 -0.0137871 0.951495 208.792 0.0416424 0.998736 0.0279242 2.73812 -0.950707 0.0482057 -0.30641 -4.98968
-0.308343 -0.0144886 0.951165 211.053 0.0426643 0.998662 0.029042 2.79673 -0.95035 0.0495354 -0.307321 -5.71769
-0.3109 -0.0149257 0.950328 213.319 0.0430927 0.998621 0.0297829 2.85596 -0.949491 0.0502121 -0.30984 -6.44618
-0.315735 -0.0147611 0.948733 215.589 0.0427605 0.998636 0.0297675 2.90766 -0.947916 0.0499667 -0.314682 -7.19269
-0.316773 -0.0147482 0.948388 217.85 0.0422117 0.998663 0.0296302 2.97059 -0.947588 0.0494196 -0.315739 -7.93596
-0.31968 -0.0143219 0.947418 220.117 0.0418196 0.998693 0.0292073 3.0281 -0.946635 0.0489574 -0.318672 -8.68616
-0.324542 -0.0137566 0.945772 222.41 0.0415548 0.998715 0.028787 3.08394 -0.944984 0.0486443 -0.323566 -9.46437
-0.32599 -0.0140506 0.945269 224.651 0.039889 0.998789 0.0286017 3.13822 -0.944564 0.0470293 -0.325044 -10.2063
-0.329105 -0.0139009 0.944192 226.924 0.0401445 0.998775 0.0286977 3.19215 -0.943467 0.047349 -0.328156 -10.9855
-0.333832 -0.0153679 0.942508 229.212 0.0411244 0.998673 0.030849 3.23961 -0.941768 0.0490581 -0.332767 -11.7888
-0.335071 -0.0171659 0.942039 231.461 0.0408482 0.998623 0.0327267 3.30264 -0.941335 0.0494467 -0.333921 -12.5659
-0.33962 -0.0181818 0.940388 233.759 0.0402094 0.998614 0.0338284 3.3715 -0.939737 0.0493008 -0.338427 -13.3811
-0.341122 -0.0183891 0.939841 236.007 0.0395421 0.998637 0.0338919 3.44026 -0.939216 0.0487249 -0.339942 -14.1704
-0.344464 -0.0185748 0.938617 238.271 0.0387519 0.998666 0.0339838 3.51483 -0.938034 0.0480788 -0.343293 -14.987
-0.350333 -0.0198826 0.936417 240.544 0.0382457 0.998631 0.0355126 3.5896 -0.935873 0.0482555 -0.349106 -15.8163
-0.351995 -0.0201263 0.935787 242.786 0.0379506 0.998635 0.0357522 3.65895 -0.935268 0.0480976 -0.35076 -16.6359
-0.355707 -0.0209757 0.934366 245.043 0.037438 0.99862 0.0366711 3.73534 -0.933878 0.0480251 -0.354444 -17.4713
-0.362151 -0.0225603 0.931848 247.295 0.0367397 0.998579 0.0384534 3.80759 -0.931431 0.048161 -0.360818 -18.3301
-0.36431 -0.0230537 0.930995 249.537 0.036391 0.998572 0.0389677 3.89601 -0.930597 0.0480763 -0.362964 -19.1744
-0.368162 -0.0229387 0.92948 251.783 0.0364753 0.998564 0.0390904 3.97308 -0.929082 0.048294 -0.366807 -20.0327
-0.373582 -0.0235493 0.927301 254.011 0.0366939 0.998515 0.0401412 4.05837 -0.926901 0.0490225 -0.372176 -20.906
-0.375883 -0.0246439 0.926342 256.223 0.0363902 0.998477 0.0413281 4.14552 -0.92599 0.0492434 -0.374423 -21.7897
-0.381212 -0.0252012 0.924147 258.469 0.0356224 0.99848 0.0419229 4.23428 -0.923831 0.0489021 -0.379749 -22.6789
-0.383168 -0.0257826 0.923321 260.7 0.0356636 0.998447 0.0426794 4.33106 -0.923028 0.0492814 -0.381663 -23.5929
-0.386992 -0.0256749 0.921729 262.934 0.0358127 0.998434 0.042848 4.42005 -0.921418 0.0495916 -0.38548 -24.5022
-0.392205 -0.025966 0.919514 265.177 0.0361048 0.998392 0.0435924 4.50001 -0.919207 0.0502951 -0.390647 -25.4253
-0.393991 -0.025681 0.918758 267.388 0.0364567 0.998381 0.0435406 4.58975 -0.918422 0.0506496 -0.392431 -26.3624
-0.397043 -0.0254303 0.917451 269.611 0.0370743 0.998351 0.0437162 4.69392 -0.917089 0.0513702 -0.395455 -27.3088
-0.401806 -0.0254969 0.915373 271.856 0.0371563 0.99833 0.0441178 4.78536 -0.915002 0.0517387 -0.400201 -28.2601
-0.402639 -0.0252987 0.915013 274.07 0.0371114 0.998339 0.0439321 4.87944 -0.914645 0.0516452 -0.401042 -29.2253
-0.407682 -0.0256521 0.912767 276.322 0.0373593 0.998295 0.0447424 4.98184 -0.912392 0.052341 -0.406042 -30.2068
-0.408879 -0.0254366 0.912239 278.559 0.0374724 0.998295 0.044631 5.08308 -0.911858 0.0524314 -0.407239 -31.1829
-0.412342 -0.0253848 0.910679 280.82 0.0372729 0.998299 0.0447042 5.19489 -0.910299 0.052377 -0.410708 -32.1855
-0.418465 -0.0251422 0.907889 283.064 0.0376333 0.998273 0.0449903 5.29704 -0.907493 0.0529927 -0.416807 -33.1982
-0.419673 -0.0248661 0.907339 285.338 0.0374472 0.998294 0.0446799 5.40675 -0.906936 0.0527282 -0.418041 -34.2269
-0.42265 -0.0249628 0.905953 287.615 0.0367139 0.998323 0.0446349 5.5212 -0.905589 0.052125 -0.421035 -35.2628
-0.428526 -0.0255997 0.903172 289.892 0.0365127 0.998286 0.0456204 5.61665 -0.902825 0.0525266 -0.426871 -36.303
-0.429075 -0.0256939 0.902907 292.178 0.0369277 0.998256 0.0459549 5.71935 -0.902552 0.0530595 -0.427389 -37.3724
-0.431181 -0.0268046 0.901872 294.47 0.0369252 0.998192 0.0473218 5.82483 -0.901543 0.053706 -0.429427 -38.443
-0.436373 -0.026895 0.899368 296.742 0.0366969 0.998185 0.0476544 5.9483 -0.899056 0.0537982 -0.434606 -39.5243
-0.436898 -0.027955 0.89908 299.055 0.0361012 0.998162 0.0485793 6.0648 -0.89882 0.0536819 -0.4351 -40.6275
-0.441597 -0.0286147 0.896762 301.354 0.0358744 0.998125 0.049514 6.18025 -0.896535 0.0540352 -0.439755 -41.7321
-0.442188 -0.0295292 0.89644 303.663 0.0357732 0.998077 0.0505237 6.29764 -0.896242 0.0544094 -0.440296 -42.871
-0.44441 -0.0291134 0.895355 305.983 0.0355514 0.998107 0.0500997 6.42475 -0.895156 0.0540951 -0.442546 -44.0028
-0.448528 -0.0282282 0.893327 308.326 0.0352629 0.99816 0.0492465 6.56171 -0.893107 0.0535897 -0.446723 -45.1553
-0.450636 -0.0281514 0.892268 310.647 0.0349054 0.998178 0.0491207 6.69339 -0.892063 0.0532797 -0.448845 -46.3064
-0.455259 -0.0287009 0.889901 313.004 0.0344429 0.99816 0.0498139 6.8188 -0.889727 0.0533289 -0.453449 -47.4694
-0.462175 -0.0293919 0.886306 315.371 0.0337248 0.99814 0.0506858 6.95471 -0.886185 0.0533155 -0.460337 -48.6491
-0.465361 -0.029966 0.884618 317.718 0.0334254 0.998114 0.0513953 7.08046 -0.884524 0.053486 -0.463498 -49.8555
-0.469775 -0.0305054 0.882264 320.071 0.0333805 0.99807 0.0522825 7.20908 -0.882193 0.0540107 -0.467863 -51.0763
-0.476278 -0.0311309 0.878748 322.428 0.0337813 0.997984 0.0536654 7.32852 -0.87868 0.0552449 -0.474282 -52.3045
-0.478192 -0.0306948 0.877724 324.783 0.0341815 0.997977 0.0535215 7.46481 -0.877628 0.0555949 -0.476189 -53.5665
-0.48457 -0.0310106 0.874206 327.125 0.034367 0.997921 0.0544497 7.59997 -0.874111 0.0564285 -0.482514 -54.8209
-0.486565 -0.0322577 0.873054 329.492 0.0347016 0.997812 0.0562058 7.7383 -0.872993 0.0576437 -0.484395 -56.1166
-0.490655 -0.033344 0.87072 331.845 0.0339342 0.997775 0.0573327 7.87801 -0.870727 0.0576777 -0.488448 -57.4058
-0.49781 -0.0341555 0.866618 334.165 0.033195 0.997738 0.0583902 8.02136 -0.866688 0.0578342 -0.495565 -58.7156
-0.499179 -0.0347324 0.865807 336.516 0.0327754 0.997721 0.0589221 8.1699 -0.865913 0.0577896 -0.49692 -60.0374
-0.503378 -0.0352095 0.863354 338.861 0.033578 0.997614 0.0602613 8.31497 -0.863451 0.0593236 -0.50101 -61.3609
-0.51061 -0.0360097 0.859063 341.16 0.0328441 0.997573 0.0613388 8.46683 -0.85922 0.0595352 -0.508205 -62.7147
-0.510607 -0.038107 0.858975 343.524 0.0314167 0.99752 0.0629275 8.62631 -0.859277 0.0591171 -0.508159 -64.0442
-0.5142 -0.0387619 0.856799 345.862 0.0310783 0.997477 0.0637788 8.78769 -0.857143 0.0594228 -0.511714 -65.418
-0.519444 -0.0401187 0.853568 348.185 0.0309122 0.997358 0.0656876 8.95131 -0.853983 0.0605062 -0.516846 -66.7969
-0.519299 -0.0410987 0.85361 350.517 0.0290139 0.997416 0.0656746 9.10867 -0.854136 0.058871 -0.516781 -68.177
-0.524674 -0.0414306 0.850301 352.841 0.0262935 0.997547 0.0648282 9.27118 -0.850935 0.0563705 -0.522313 -69.5634
-0.525343 -0.0421855 0.84985 355.153 0.024051 0.997633 0.0643897 9.41606 -0.850587 0.054266 -0.5231 -70.969
-0.528704 -0.0440655 0.847668 357.475 0.0228544 0.997547 0.0661104 9.5801 -0.848536 0.0543252 -0.526416 -72.3833
-0.53442 -0.0451145 0.84402 359.777 0.0230406 0.997423 0.0679042 9.74903 -0.844942 0.0557357 -0.53202 -73.7968
-0.535882 -0.0457584 0.843058 362.079 0.0218466 0.997441 0.0680231 9.91469 -0.844049 0.0548696 -0.533527 -75.2435
-0.538722 -0.047081 0.841173 364.382 0.0198753 0.997447 0.0685578 10.0806 -0.842286 0.0536518 -0.536428 -76.6824
-0.543684 -0.0492572 0.83785 366.69 0.0182651 0.997343 0.0704849 10.2534 -0.83913 0.0536241 -0.541355 -78.1336
-0.545488 -0.0509384 0.836577 368.983 0.016857 0.997281 0.0717163 10.4295 -0.837987 0.053222 -0.543162 -79.6109
-0.548748 -0.0513054 0.834419 371.271 0.0158591 0.997294 0.0717483 10.6063 -0.835876 0.0526042 -0.546466 -81.0724
-0.554197 -0.0515493 0.830795 373.533 0.0150552 0.997295 0.0719243 10.7898 -0.832288 0.0523674 -0.551939 -82.5256
-0.554758 -0.0522557 0.830376 375.811 0.0143588 0.997273 0.0723504 10.9653 -0.831927 0.0520591 -0.552511 -84.026
-0.56096 -0.0529251 0.826157 378.044 0.0135256 0.997233 0.0730699 11.1476 -0.827771 0.0521628 -0.558709 -85.4959
-0.5606 -0.054038 0.826329 380.323 0.0110038 0.997292 0.0726824 11.3074 -0.828052 0.0498374 -0.558504 -87.0011
-0.563251 -0.0573504 0.824302 382.578 0.000904652 0.997544 0.0700233 11.464 -0.826325 0.0401849 -0.561832 -88.4888
-0.569639 -0.0522432 0.820242 384.795 -0.00687315 0.998244 0.0588065 11.6526 -0.821906 0.0278588 -0.569014 -89.9753
-0.568599 -0.0453884 0.82137 387.042 0.00121342 0.998428 0.056014 11.7594 -0.822653 0.0328445 -0.567667 -91.4881
-0.57057 -0.0461305 0.819961 389.259 0.00860531 0.998029 0.0621355 11.8817 -0.821243 0.0425073 -0.569065 -93.0119
-0.576315 -0.0548457 0.815395 391.458 0.00983682 0.997207 0.074029 12.0677 -0.817208 0.0506838 -0.574183 -94.5545
-0.577903 -0.0653354 0.813495 393.66 0.00450069 0.996518 0.0832313 12.2649 -0.816132 0.0517599 -0.575614 -96.0747
-0.581261 -0.0715824 0.810574 395.94 -0.00150455 0.996216 0.0868991 12.4814 -0.813757 0.0492902 -0.579186 -97.6541
-0.582966 -0.0721398 0.809298 398.119 -0.00262673 0.996211 0.0869083 12.6996 -0.812532 0.0485373 -0.580964 -99.1796
-0.585836 -0.068282 0.807561 400.31 0.00181504 0.99633 0.0855619 12.8898 -0.81047 0.0515897 -0.58358 -100.738
-0.590233 -0.0622148 0.804842 402.477 0.00715741 0.996582 0.0822846 13.0751 -0.807242 0.0543265 -0.587787 -102.289
-0.592551 -0.0591107 0.803377 404.605 0.00783814 0.996834 0.0791282 13.2734 -0.80554 0.0531831 -0.590229 -103.83
-0.595788 -0.0594508 0.800949 406.778 0.00790199 0.996773 0.0798634 13.4751 -0.803145 0.0539095 -0.593412 -105.417
-0.599284 -0.0603797 0.798274 408.998 0.00869968 0.996602 0.0819143 13.6754 -0.800536 0.0560333 -0.59674 -107.047
-0.601667 -0.0621308 0.796341 411.114 0.00825777 0.996431 0.0839809 13.8677 -0.798749 0.0571031 -0.599023 -108.612
-0.603581 -0.0627812 0.794845 413.261 0.00780151 0.996383 0.0846264 14.0652 -0.797312 0.0572785 -0.600926 -110.221
-0.605111 -0.0627755 0.793677 415.462 0.00850531 0.996319 0.0852878 14.2969 -0.796142 0.0583576 -0.602366 -111.873
-0.60638 -0.0635381 0.792653 417.553 0.00796403 0.996267 0.0859547 14.4949 -0.795184 0.0584325 -0.603629 -113.446
-0.607912 -0.0658342 0.791285 419.743 0.00789182 0.996007 0.0889293 14.7092 -0.794012 0.0603046 -0.604979 -115.104
-0.608724 -0.0686871 0.790425 421.833 0.00819301 0.995649 0.0928329 14.922 -0.793391 0.062984 -0.605529 -116.694
-0.610217 -0.0720678 0.788964 423.959 0.0076621 0.995272 0.0968382 15.1495 -0.792245 0.0651365 -0.606794 -118.317
-0.613588 -0.0729612 0.78627 426.076 0.00593474 0.995269 0.0969887 15.3825 -0.789656 0.0641759 -0.610268 -119.941
-0.614601 -0.0727156 0.785496 428.152 0.00210792 0.99559 0.0938132 15.6029 -0.788884 0.0593121 -0.61175 -121.536
-0.616181 -0.0765769 0.783895 430.267 -0.00377071 0.99554 0.0942901 15.825 -0.787649 0.0551421 -0.613736 -123.159
-0.617869 -0.0782864 0.782391 432.424 -0.00451372 0.995371 0.0960319 16.0446 -0.786318 0.0558021 -0.615375 -124.833
-0.618112 -0.0795567 0.782076 434.507 -0.00581365 0.995304 0.0966545 16.2659 -0.786122 0.0551949 -0.615686 -126.455
-0.619322 -0.0788862 0.781181 436.613 -0.00664319 0.995434 0.0952546 16.5098 -0.785158 0.0538022 -0.617032 -128.092
-0.621675 -0.078774 0.779327 438.71 -0.00639282 0.995411 0.0955181 16.7511 -0.783303 0.0543974 -0.61934 -129.734
-0.621363 -0.080965 0.779346 440.795 -0.0062257 0.995129 0.0984181 16.9825 -0.783548 0.0562999 -0.618854 -131.377
-0.622624 -0.0839055 0.778034 442.901 -0.00596588 0.994719 0.102502 17.2234 -0.782553 0.0591765 -0.619851 -133.043
-0.622282 -0.0859332 0.77808 445.022 -0.00149447 0.994089 0.108594 17.4833 -0.782841 0.066412 -0.618746 -134.72
-0.621119 -0.0883682 0.778742 447.11 0.0019931 0.993445 0.114324 17.744 -0.783768 0.0725594 -0.616887 -136.377
-0.620648 -0.0901926 0.778903 449.188 -0.00272774 0.993609 0.11288 18.0292 -0.784134 0.0679329 -0.616942 -137.985
-0.617775 -0.0923925 0.780932 451.32 -0.0106921 0.993973 0.109141 18.3166 -0.786337 0.0590729 -0.615054 -139.64
-0.615698 -0.0946581 0.782295 453.424 -0.0157915 0.994046 0.107851 18.5892 -0.787874 0.054048 -0.613541 -141.272
-0.614265 -0.0962643 0.783229 455.496 -0.0182064 0.994 0.107892 18.8546 -0.788945 0.0520126 -0.612346 -142.884
-0.610623 -0.0960286 0.786098 457.62 -0.0154179 0.99388 0.109434 19.1216 -0.791823 0.0547009 -0.608379 -144.526
-0.607777 -0.0959008 0.788319 459.72 -0.0137796 0.99381 0.110277 19.3953 -0.794044 0.0561591 -0.605349 -146.142
-0.608335 -0.0970903 0.78774 461.807 -0.0166667 0.993839 0.109621 19.6568 -0.793556 0.053555 -0.606218 -147.73
-0.603358 -0.101593 0.790996 463.923 -0.0229401 0.993657 0.110126 19.9251 -0.797196 0.0482973 -0.601875 -149.325
-0.602942 -0.107732 0.790498 465.995 -0.0314187 0.99328 0.111404 20.2061 -0.797217 0.0423309 -0.60229 -150.872
-0.6002 -0.111346 0.792086 468.139 -0.0382354 0.993129 0.110637 20.475 -0.798993 0.0361157 -0.600347 -152.47
-0.599372 -0.112681 0.792521 470.27 -0.0405015 0.993046 0.110561 20.7422 -0.799496 0.0341659 -0.599782 -154.05
-0.600254 -0.113853 0.791688 472.375 -0.0389406 0.992807 0.113254 21.0121 -0.798918 0.0371496 -0.600383 -155.623
-0.597631 -0.115799 0.793386 474.514 -0.0371481 0.992455 0.116872 21.2959 -0.800961 0.0403708 -0.597439 -157.227
-0.596363 -0.11794 0.794027 476.64 -0.0378433 0.992183 0.118953 21.5969 -0.801878 0.040888 -0.596178 -158.799
-0.599234 -0.119376 0.791645 478.748 -0.0406709 0.992086 0.118816 21.888 -0.799591 0.0389985 -0.599362 -160.356
-0.595553 -0.119387 0.794418 480.859 -0.0415678 0.992154 0.117943 22.1828 -0.802295 0.0372166 -0.595857 -161.94
-0.594058 -0.11991 0.795457 482.99 -0.0421408 0.992112 0.118083 22.4786 -0.803369 0.0366236 -0.594439 -163.513
-0.597251 -0.118942 0.79321 485.127 -0.0385048 0.992059 0.11977 22.7757 -0.801186 0.0409876 -0.597101 -165.102
-0.593802 -0.119512 0.795707 487.228 -0.0356198 0.991845 0.12239 23.0803 -0.803874 0.0443295 -0.593231 -166.652
-0.594245 -0.121203 0.795122 489.36 -0.036971 0.991655 0.123533 23.383 -0.803489 0.0440096 -0.593781 -168.217
-0.591579 -0.122147 0.796962 491.487 -0.0375092 0.991559 0.124129 23.6879 -0.805426 0.0435358 -0.591182 -169.786
-0.590364 -0.124052 0.797571 493.635 -0.0377809 0.991286 0.126219 24.0034 -0.806307 0.0443797 -0.58992 -171.35
-0.591615 -0.125796 0.796368 495.756 -0.0389049 0.991059 0.127648 24.3132 -0.805334 0.0445329 -0.591233 -172.886
-0.589543 -0.126102 0.797857 497.909 -0.0394961 0.991061 0.127457 24.6321 -0.806827 0.0436265 -0.589268 -174.464
-0.588825 -0.125882 0.79842 500.048 -0.0405714 0.991159 0.12635 24.9504 -0.807295 0.0420018 -0.58874 -176.032
-0.589604 -0.127419 0.797604 502.192 -0.0411439 0.990938 0.127893 25.2613 -0.806701 0.0425868 -0.589517 -177.592
-0.587474 -0.129302 0.79887 504.311 -0.0420248 0.990699 0.129448 25.578 -0.808205 0.0424714 -0.587457 -179.147
-0.587376 -0.130647 0.798725 506.447 -0.0434825 0.990557 0.130052 25.8947 -0.808203 0.0416559 -0.587524 -180.699
-0.589863 -0.13198 0.796669 508.579 -0.0443854 0.990365 0.131206 26.2218 -0.806338 0.0420294 -0.590051 -182.233
-0.589223 -0.132415 0.797071 510.725 -0.0459879 0.990381 0.130536 26.4803 -0.806718 0.0402565 -0.589658 -183.835
-0.591379 -0.132969 0.795381 512.858 -0.0465366 0.9903 0.130955 26.7997 -0.805106 0.0404259 -0.591843 -185.385
-0.590271 -0.134452 0.795955 514.986 -0.0466744 0.990071 0.132631 27.1257 -0.805913 0.0411347 -0.590698 -186.943
-0.590064 -0.136955 0.79568 517.125 -0.0479153 0.989715 0.134821 27.4622 -0.805989 0.041424 -0.59057 -188.506
-0.591759 -0.137928 0.794253 519.259 -0.0486375 0.989573 0.135612 27.7971 -0.804704 0.0416164 -0.59231 -190.06
-0.590306 -0.138009 0.795319 521.38 -0.0487432 0.989577 0.13554 28.1295 -0.805763 0.0412398 -0.590893 -191.619
-0.590137 -0.138037 0.79544 523.506 -0.0485654 0.989564 0.135697 28.4678 -0.805899 0.0414458 -0.590695 -193.176
-0.591514 -0.138162 0.794395 525.625 -0.0485973 0.989532 0.135915 28.8005 -0.804885 0.0417866 -0.59205 -194.727
-0.589659 -0.138946 0.795636 527.743 -0.0484303 0.989406 0.136895 29.1425 -0.806256 0.0421856 -0.590155 -196.293
-0.590762 -0.140118 0.794612 529.889 -0.0499121 0.989271 0.137337 29.479 -0.805357 0.0414689 -0.59143 -197.859
-0.589184 -0.140825 0.795659 532.008 -0.0504881 0.989192 0.137695 29.8156 -0.806478 0.040953 -0.58994 -199.427
-0.588874 -0.142022 0.795675 534.147 -0.0513679 0.989032 0.138518 30.1606 -0.806648 0.040694 -0.589723 -200.984
-0.589217 -0.143317 0.795189 536.25 -0.0520573 0.988838 0.139647 30.4965 -0.806354 0.0408827 -0.590114 -202.518
-0.588095 -0.14487 0.795739 538.402 -0.0524216 0.988592 0.141239 30.8504 -0.807149 0.0413437 -0.588992 -204.099
-0.587394 -0.144549 0.796315 540.532 -0.0529223 0.988681 0.140432 31.202 -0.807627 0.0403421 -0.588409 -205.656
-0.589673 -0.144417 0.794653 542.653 -0.0528478 0.988679 0.140464 31.5543 -0.80597 0.0408279 -0.590641 -207.2
-0.587825 -0.144865 0.79594 544.776 -0.0528708 0.988619 0.140888 31.9052 -0.807317 0.0407315 -0.588808 -208.763
-0.587646 -0.146373 0.795796 546.899 -0.0527569 0.988345 0.142832 32.2682 -0.807455 0.0419466 -0.588532 -210.308
-0.589231 -0.147858 0.794349 548.999 -0.054399 0.988148 0.143582 32.6137 -0.80619 0.0413868 -0.590305 -211.819
-0.58796 -0.148379 0.795192 551.151 -0.0552695 0.98811 0.143511 32.9659 -0.807058 0.040425 -0.589182 -213.39
-0.588562 -0.148748 0.794679 553.262 -0.0545401 0.988001 0.144542 33.3268 -0.806669 0.0417258 -0.589627 -214.942
-0.590827 -0.149533 0.79285 555.366 -0.0541315 0.987815 0.145966 33.6879 -0.80504 0.0433184 -0.591733 -216.463
-0.589586 -0.150529 0.793584 557.493 -0.0540041 0.987636 0.147218 34.0505 -0.805957 0.0439365 -0.590439 -218.034
-0.591968 -0.150011 0.791909 559.612 -0.0546471 0.987743 0.146259 34.4092 -0.804167 0.0433005 -0.592921 -219.581
-0.591022 -0.149268 0.792754 561.73 -0.0557267 0.987945 0.144476 34.7653 -0.804787 0.0412069 -0.592229 -221.138
-0.591032 -0.148951 0.792808 563.839 -0.0548294 0.987957 0.144741 35.125 -0.804843 0.0420728 -0.592092 -222.695
-0.593328 -0.152461 0.790422 565.962 -0.0555862 0.987324 0.148718 35.4939 -0.8031 0.0442977 -0.594295 -224.254
-0.591766 -0.154821 0.791136 568.055 -0.0552336 0.986873 0.151812 35.8689 -0.804278 0.0461356 -0.59256 -225.807
-0.591693 -0.154929 0.791168 570.187 -0.0550763 0.986844 0.152059 36.2363 -0.804341 0.0463935 -0.592454 -227.383
-0.593666 -0.154345 0.789804 572.29 -0.054899 0.986924 0.151603 36.623 -0.8029 0.0466376 -0.594387 -228.936
-0.59209 -0.15403 0.791046 574.405 -0.0543429 0.98697 0.151506 37.0038 -0.804098 0.0467134 -0.592758 -230.499
-0.593395 -0.154455 0.789988 576.5 -0.0531505 0.986803 0.153013 37.3817 -0.803219 0.0488044 -0.593783 -232.03
-0.592047 -0.155501 0.79079 578.627 -0.052189 0.986555 0.154926 37.7678 -0.804273 0.0504488 -0.592215 -233.623
-0.591728 -0.157149 0.790706 580.756 -0.0533512 0.986309 0.1561 38.16 -0.804433 0.0501789 -0.592021 -235.194
-0.592689 -0.158356 0.789743 582.875 -0.0548217 0.986149 0.156598 38.5556 -0.803625 0.049515 -0.593173 -236.758
-0.590411 -0.159103 0.7913 584.99 -0.0555079 0.986071 0.15685 38.9477 -0.805256 0.0486777 -0.591028 -238.324
-0.590103 -0.159458 0.791456 587.105 -0.0550556 0.985976 0.157602 39.3415 -0.805511 0.0494233 -0.590619 -239.883
-0.590857 -0.16195 0.79039 589.211 -0.0577654 0.985634 0.158774 39.7322 -0.804771 0.0481504 -0.591733 -241.42
-0.589365 -0.163685 0.791143 591.34 -0.0589254 0.985371 0.159976 40.1331 -0.805778 0.0476613 -0.5904 -242.988
-0.589831 -0.16373 0.79079 593.431 -0.0598636 0.985412 0.159376 40.5383 -0.805371 0.0466606 -0.591037 -244.526
-0.588425 -0.162168 0.792156 595.545 -0.057811 0.985622 0.158833 40.9385 -0.806546 0.0476614 -0.589352 -246.102
-0.587691 -0.161699 0.792798 597.673 -0.0561684 0.985626 0.159393 41.3386 -0.8072 0.0491387 -0.588336 -247.663
-0.588124 -0.162923 0.792225 599.766 -0.0557847 0.985351 0.161229 41.7403 -0.806908 0.0506245 -0.588609 -249.192
-0.586504 -0.163216 0.793367 601.889 -0.0546193 0.985237 0.162312 42.1424 -0.808169 0.0518586 -0.58677 -250.751
-0.586605 -0.163211 0.79329 603.944 -0.0545865 0.985235 0.162339 42.538 -0.808094 0.0519219 -0.586866 -252.26
-0.584864 -0.1635 0.794519 606.073 -0.0545195 0.985194 0.162607 42.9542 -0.809363 0.0517809 -0.585128 -253.806
-0.584312 -0.163955 0.794828 608.19 -0.0543465 0.985097 0.163254 43.3609 -0.809771 0.0521905 -0.584527 -255.339
-0.582991 -0.16516 0.795551 610.311 -0.0546702 0.984888 0.164406 43.7629 -0.810703 0.0523485 -0.58322 -256.88
-0.583388 -0.166086 0.795066 612.371 -0.0543864 0.984672 0.165789 44.1702 -0.810434 0.0534744 -0.583491 -258.379
-0.581992 -0.167095 0.79588 614.476 -0.0550499 0.984524 0.166447 44.5865 -0.811396 0.053052 -0.582194 -259.906
-0.582203 -0.168268 0.795477 616.594 -0.0564617 0.984368 0.166903 45.0069 -0.811146 0.0522532 -0.582614 -261.424
-0.580532 -0.168255 0.796702 618.725 -0.057704 0.984471 0.165865 45.4289 -0.812257 0.0503113 -0.581236 -262.967
-0.581081 -0.168678 0.79621 620.859 -0.0566346 0.984309 0.167197 45.8414 -0.811938 0.0520574 -0.581528 -264.504
-0.581886 -0.169721 0.795403 622.933 -0.056083 0.984041 0.168947 46.2568 -0.811403 0.0536931 -0.582129 -266.013
-0.580339 -0.170334 0.796399 625.071 -0.0555227 0.983896 0.169978 46.6947 -0.812546 0.054422 -0.580462 -267.558
-0.580469 -0.170171 0.796341 627.194 -0.0560912 0.983966 0.16938 47.1234 -0.812416 0.0536465 -0.580717 -269.085
-0.581097 -0.169082 0.796114 629.283 -0.056336 0.984204 0.167911 47.5442 -0.811948 0.0527177 -0.581455 -270.584
-0.579508 -0.168665 0.797362 631.425 -0.056215 0.984306 0.167355 47.9749 -0.813095 0.0521537 -0.579904 -272.117
-0.580659 -0.168905 0.796472 633.494 -0.055778 0.984211 0.168057 48.3938 -0.812302 0.0531528 -0.580924 -273.625
-0.580311 -0.170162 0.79646 635.687 -0.0553956 0.983925 0.169854 48.8256 -0.812577 0.0544413 -0.580419 -275.186
-0.580341 -0.17208 0.796024 637.821 -0.0553565 0.983509 0.172254 49.2513 -0.812558 0.0558959 -0.580308 -276.719
-0.581541 -0.17308 0.794933 639.932 -0.0557201 0.983299 0.173332 49.6824 -0.811675 0.0564996 -0.581484 -278.244
-0.580666 -0.173097 0.795567 642.059 -0.0562406 0.983344 0.172907 50.1267 -0.812266 0.0556526 -0.580741 -279.784
-0.580162 -0.173363 0.795878 644.189 -0.056693 0.983325 0.172869 50.5626 -0.812594 0.0551652 -0.580327 -281.313
-0.580336 -0.17381 0.795654 646.301 -0.0565396 0.983214 0.173547 50.9985 -0.812482 0.0557239 -0.580433 -282.834
-0.579932 -0.174567 0.795784 648.458 -0.0560652 0.983022 0.174785 51.4469 -0.812803 0.0567411 -0.579883 -284.39
-0.579525 -0.174805 0.796027 650.587 -0.0556779 0.982949 0.175321 51.8872 -0.81312 0.0572759 -0.579388 -285.916
-0.579705 -0.17558 0.795726 652.675 -0.0544557 0.982688 0.177164 52.3157 -0.813075 0.059364 -0.57924 -287.42
-0.579337 -0.175788 0.795948 654.868 -0.0540552 0.982618 0.177673 52.7694 -0.813364 0.0599016 -0.57878 -288.99
-0.579323 -0.176103 0.795889 656.948 -0.0536198 0.982516 0.17837 53.215 -0.813403 0.0606516 -0.578646 -290.475
-0.578225 -0.176855 0.796521 659.097 -0.0530556 0.982323 0.179597 53.6659 -0.814222 0.0615813 -0.577397 -292.021
-0.577234 -0.177354 0.797128 661.216 -0.052867 0.982213 0.180253 54.1149 -0.814936 0.0618993 -0.576352 -293.536
-0.577666 -0.177572 0.796766 663.312 -0.0535182 0.982206 0.180101 54.5558 -0.814588 0.0613904 -0.5769 -295.032
-0.575981 -0.176991 0.798115 665.444 -0.0534105 0.982357 0.179306 55.0107 -0.815787 0.0606424 -0.575282 -296.56
-0.575662 -0.177991 0.798122 667.568 -0.0537092 0.982159 0.180298 55.4597 -0.815993 0.0609179 -0.574962 -298.07
-0.575169 -0.178322 0.798406 669.658 -0.0526922 0.982016 0.181375 55.909 -0.816408 0.0622443 -0.57423 -299.548
-0.574229 -0.179188 0.798888 671.817 -0.0526726 0.981834 0.182364 56.3745 -0.817071 0.0626331 -0.573245 -301.076
-0.573636 -0.179839 0.799169 673.888 -0.0538976 0.981789 0.18225 56.8201 -0.817408 0.0614649 -0.57289 -302.547
-0.572541 -0.1808 0.799737 676.069 -0.0543286 0.981621 0.183027 57.2983 -0.818147 0.0613358 -0.57185 -304.086
