0.999982 -6.28096e-05 0.00590616 -0.0327767 5.99611e-05 1 0.000471332 0.00719746 -0.00590632 -0.000471042 0.999982 0.0304501
0.999807 -0.00025415 0.0196001 -0.0272882 0.000238979 1 0.000773853 0.00510396 -0.0196009 -0.000769134 0.999806 0.0461665
0.99982 -0.000304176 0.0189638 -0.0586999 0.000281804 0.999999 0.00118118 0.00272427 -0.0189642 -0.00117567 0.999819 0.11802
0.999862 0.000191103 0.0166179 -0.138476 -0.00020809 1 0.00101783 0.0051926 -0.0166188 -0.00102124 0.99986 0.277367
1.00001 0.000549941 -0.000210053 -0.295808 -0.000549645 0.999999 0.00193696 -0.00365698 0.000208934 -0.0019369 1 0.611499
1 0.000784617 -0.000311788 -0.41978 -0.000784177 1 0.00140356 0.00645911 0.000311106 -0.00140348 0.999997 1.12455
1.00001 0.000552011 0.00300533 -0.487268 -0.000557945 0.999999 0.0019461 0.0136088 -0.00300698 -0.00194788 0.999999 1.69792
0.998976 -0.000203828 0.0452789 -0.444172 0.000134432 1 0.00153269 0.0283317 -0.0452809 -0.00152529 0.998971 2.48136
0.999032 5.98903e-05 0.0442136 -0.387506 -0.000159809 0.999999 0.00224545 0.0135738 -0.0442161 -0.00225051 0.999021 3.96882
0.999 0.000514092 0.0447429 -0.332282 -0.000648413 0.999997 0.00298476 0.00519077 -0.0447429 -0.00301107 0.998992 5.43906
0.999101 0.00129031 0.0426221 -0.276226 -0.00146771 0.999992 0.00412001 -0.00540105 -0.0426192 -0.00417905 0.999084 6.93012
0.999107 0.00233879 0.0422477 -0.223758 -0.00257588 0.999983 0.00555626 -0.00855288 -0.0422356 -0.00566039 0.999089 8.40563
0.999058 0.00267099 0.0435524 -0.169057 -0.00295216 0.999977 0.00638217 -0.0154792 -0.0435371 -0.00650482 0.999032 9.86355
0.999138 0.00271418 0.04148 -0.115767 -0.00302327 0.99997 0.00738731 -0.0230126 -0.0414605 -0.00750661 0.99911 11.3438
0.999081 0.00294153 0.0430078 -0.0583388 -0.00328062 0.999966 0.00780584 -0.0272175 -0.0429861 -0.00793979 0.999045 12.7871
0.999143 0.00353941 0.0412958 -0.013142 -0.00391231 0.999954 0.00894916 -0.0328018 -0.0412639 -0.00910322 0.999105 14.2544
0.999134 0.00384923 0.0416784 0.0378981 -0.00426574 0.999945 0.00989624 -0.0336765 -0.0416407 -0.0100655 0.999083 15.7024
0.999042 0.00408816 0.0436363 0.0931685 -0.00454066 0.999939 0.0102739 -0.033118 -0.0435933 -0.0104623 0.998993 17.1295
0.999114 0.00440573 0.0420995 0.135843 -0.00483662 0.999939 0.0101239 -0.027104 -0.0420551 -0.0103186 0.999062 18.576
0.999085 0.00378954 0.0426682 0.189275 -0.00426204 0.999932 0.0109871 -0.0326143 -0.0426254 -0.011159 0.999028 20.0064
0.99901 0.00226374 0.0446592 0.252973 -0.00282807 0.999919 0.0125643 -0.0330482 -0.0446298 -0.0126781 0.998924 21.4145
0.999062 0.00150905 0.0433784 0.303664 -0.00210976 0.999904 0.013804 -0.0282762 -0.0433552 -0.0138826 0.998963 22.84
0.998986 0.000875256 0.0452397 0.366762 -0.0014907 0.999909 0.0135611 -0.0295342 -0.0452264 -0.0136148 0.998885 24.2312
0.999015 0.00104722 0.0444663 0.410313 -0.00163622 0.999913 0.0132118 -0.0191431 -0.0444504 -0.0132716 0.998923 25.6162
0.998986 0.0013377 0.045203 0.461817 -0.00193171 0.999915 0.0130874 -0.0067694 -0.0451843 -0.0131615 0.998892 26.9858
0.998864 0.00145013 0.0477342 0.525103 -0.00209619 0.999909 0.0134893 -0.00129592 -0.0477119 -0.0135742 0.998769 28.3352
0.998853 0.00207858 0.0480317 0.579175 -0.00277829 0.999893 0.014494 0.00481632 -0.0479991 -0.0146108 0.998741 29.6747
0.998763 0.00173502 0.0497893 0.632549 -0.00253494 0.999871 0.0160101 0.0116112 -0.0497566 -0.0161166 0.998632 30.9998
0.998609 0.00130965 0.0528929 0.697445 -0.00221146 0.999856 0.0169831 0.00519939 -0.0528656 -0.0170764 0.998456 32.2984
0.998543 0.00156088 0.0540305 0.753751 -0.00251838 0.999844 0.0176606 0.0223129 -0.0539959 -0.017771 0.998384 33.5799
0.998287 0.00132772 0.0586445 0.826905 -0.00237643 0.999841 0.0178065 0.0283511 -0.0586141 -0.0179153 0.99812 34.8382
0.998134 0.00106051 0.0611323 0.888578 -0.00210711 0.999855 0.0170612 0.0344145 -0.0611067 -0.0171583 0.997985 36.0884
0.997759 0.00105535 0.0670438 0.965963 -0.00216345 0.999865 0.0164497 0.0439932 -0.0670199 -0.0165578 0.997615 37.3102
0.997683 0.00119055 0.0681058 1.02735 -0.00230638 0.999867 0.0163104 0.0568503 -0.0680787 -0.0164297 0.997546 38.5526
0.997233 0.00129529 0.0744781 1.11299 -0.00252496 0.999864 0.0164118 0.0596116 -0.0744493 -0.0165544 0.997089 39.7525
0.996725 0.00213757 0.0809102 1.19836 -0.00348224 0.99986 0.0164845 0.0750806 -0.0808649 -0.0167122 0.996586 40.9459
0.996018 0.0028318 0.089239 1.29438 -0.00434714 0.999852 0.0167849 0.0886041 -0.0891807 -0.0171059 0.995871 42.1262
0.99532 0.00308212 0.0966437 1.39017 -0.00478334 0.999839 0.0173788 0.0941575 -0.0965757 -0.0177597 0.995169 43.2992
0.994162 0.00485956 0.107901 1.51231 -0.00681533 0.999822 0.0177601 0.102462 -0.107798 -0.0183917 0.994005 44.4507
0.992759 0.00655323 0.12 1.62806 -0.00876284 0.999802 0.0178974 0.117009 -0.11986 -0.0188193 0.992614 45.6075
0.990858 0.00802634 0.134757 1.76166 -0.0105712 0.999781 0.0181768 0.119423 -0.134584 -0.019435 0.990713 46.7347
0.988349 0.00892322 0.151981 1.92384 -0.0119065 0.999753 0.0187331 0.128262 -0.151777 -0.0203243 0.988207 47.8445
0.985646 0.00915742 0.168643 2.08531 -0.012654 0.999728 0.0196677 0.13561 -0.168419 -0.0215192 0.985482 48.9499
0.982193 0.00900313 0.187694 2.28275 -0.0129161 0.999723 0.0196365 0.144753 -0.187466 -0.021711 0.982032 50.0359
0.977998 0.00845079 0.208497 2.50408 -0.0127508 0.999734 0.0192867 0.154818 -0.20828 -0.0215206 0.977834 51.1001
0.973533 0.00641413 0.228489 2.72672 -0.0110402 0.999758 0.0189752 0.169239 -0.228312 -0.0209955 0.973363 52.1578
0.967987 0.00136023 0.251046 2.99448 -0.00680828 0.999762 0.0208321 0.157426 -0.250959 -0.0218739 0.967753 53.1903
0.962027 -0.00386491 0.272955 3.26949 -0.00240442 0.999741 0.0226307 0.17134 -0.272971 -0.0224275 0.961761 54.2098
0.954936 -0.00836346 0.296735 3.5719 0.00156041 0.999733 0.0231538 0.188115 -0.29685 -0.0216468 0.954682 55.205
0.946602 -0.0137113 0.322138 3.91064 0.00685615 0.999726 0.0224052 0.182999 -0.322356 -0.019 0.946429 56.1834
0.937684 -0.0166715 0.347124 4.25201 0.0092715 0.999695 0.0229663 0.194678 -0.347402 -0.0183162 0.937541 57.1393
0.927118 -0.0188606 0.374317 4.63143 0.0104628 0.999645 0.0244545 0.217769 -0.374645 -0.0187556 0.926978 58.0751
0.915638 -0.0231408 0.401369 5.03269 0.0134811 0.999551 0.0268732 0.221138 -0.40181 -0.0191946 0.915526 58.9968
0.902892 -0.0243241 0.4292 5.45329 0.0136628 0.999516 0.0279041 0.229368 -0.429671 -0.0193301 0.902778 59.889
0.888655 -0.0240646 0.457973 5.89057 0.014125 0.999588 0.0251146 0.265924 -0.458387 -0.0158487 0.888616 60.7555
0.873981 -0.0243028 0.485371 6.34913 0.0161963 0.99965 0.0208894 0.272894 -0.485707 -0.0103956 0.87406 61.6
0.858052 -0.0251504 0.512972 6.83723 0.0166424 0.999641 0.0211721 0.294268 -0.513318 -0.00962912 0.85815 62.4144
0.839843 -0.025991 0.542225 7.35076 0.0155525 0.999595 0.0238256 0.296276 -0.542622 -0.0115766 0.839897 63.2399
0.820923 -0.0253603 0.570499 7.86802 0.011359 0.999546 0.0280865 0.321734 -0.570948 -0.0165759 0.820825 64.0179
0.799133 -0.0263046 0.600595 8.42736 0.010811 0.999509 0.0293915 0.333001 -0.601071 -0.0169944 0.799017 64.7793
0.77638 -0.0226725 0.629881 8.99462 0.00686982 0.999603 0.0275121 0.334119 -0.630249 -0.017032 0.776214 65.5083
0.752711 -0.0166214 0.658157 9.59166 0.0015533 0.999725 0.0234711 0.36431 -0.65836 -0.0166445 0.75252 66.2107
0.728047 -0.0146471 0.685395 10.2156 -0.000597656 0.999763 0.0219995 0.39894 -0.685547 -0.0164256 0.727854 66.8924
0.703311 -0.0167696 0.710701 10.8609 -0.000351442 0.999716 0.0239372 0.402328 -0.710894 -0.017085 0.703095 67.5433
0.677167 -0.0173361 0.735648 11.5283 -0.000772568 0.999709 0.0242696 0.424634 -0.735847 -0.0170022 0.676947 68.1638
0.649654 -0.0162786 0.760071 12.2174 -0.00161947 0.999741 0.0227959 0.427286 -0.760239 -0.0160403 0.649449 68.7621
0.62206 -0.0142452 0.782863 12.9072 -0.0026413 0.999795 0.0202909 0.450947 -0.782982 -0.0146892 0.621885 69.3236
0.592949 -0.0133318 0.805144 13.64 -0.00414124 0.999801 0.0196049 0.470255 -0.80524 -0.0149589 0.592766 69.877
0.56407 -0.0129257 0.825647 14.3713 -0.00489894 0.99981 0.0189988 0.470479 -0.825728 -0.0147607 0.563891 70.3915
0.534011 -0.00718868 0.845461 15.1323 -0.00764065 0.999884 0.0133279 0.477208 -0.845453 -0.0135771 0.533885 70.8821
0.501718 0.00207874 0.86505 15.9183 -0.00999958 0.999947 0.00339648 0.490342 -0.864988 -0.0103535 0.501704 71.3524
0.470348 0.00907215 0.882448 16.7079 -0.0121044 0.99992 -0.00382782 0.481712 -0.882406 -0.00888108 0.470412 71.7868
0.437536 0.0128861 0.89913 17.5266 -0.0144468 0.999873 -0.00729993 0.473895 -0.899098 -0.00979495 0.437659 72.1992
0.403287 0.0123777 0.915003 18.375 -0.0171407 0.999836 -0.00597017 0.470893 -0.914921 -0.0132761 0.403425 72.5904
0.369593 0.0106384 0.929154 19.2177 -0.0220067 0.999758 -0.00269325 0.461965 -0.928946 -0.0194514 0.369731 72.9466
0.333734 0.0112771 0.942613 20.1027 -0.0269946 0.999634 -0.00240147 0.451636 -0.942288 -0.0246438 0.333909 73.2787
0.298041 0.0124465 0.954492 20.9843 -0.0334734 0.999441 -0.00258064 0.446275 -0.953978 -0.03118 0.298285 73.5764
0.261328 0.01384 0.965164 21.8873 -0.0391752 0.999227 -0.00372106 0.442797 -0.964462 -0.0368378 0.261661 73.8453
0.224008 0.0132541 0.974518 22.8064 -0.0410868 0.999151 -0.00414471 0.434475 -0.973734 -0.0391102 0.224357 74.0769
0.187314 0.0124013 0.982234 23.7377 -0.0414149 0.999132 -0.00471651 0.426018 -0.981432 -0.0397955 0.187659 74.2711
0.150867 0.0119098 0.988503 24.6739 -0.0410904 0.999143 -0.00576673 0.410197 -0.987713 -0.0397467 0.151222 74.4296
0.114655 0.0115671 0.993352 25.6233 -0.0405564 0.999155 -0.00695339 0.402927 -0.992584 -0.0394893 0.115022 74.5452
0.0799984 0.00991033 0.996767 26.5715 -0.034587 0.999381 -0.00716046 0.379827 -0.996208 -0.0339012 0.0802875 74.6234
0.0451584 0.0111271 0.998932 27.536 -0.0339172 0.99938 -0.00959862 0.376965 -0.99841 -0.0334473 0.0455035 74.6765
0.0128209 0.0121885 0.999865 28.4926 -0.0338651 0.999362 -0.0117481 0.378149 -0.999358 -0.0337087 0.0132223 74.6914
-0.0168685 0.0142497 0.99977 29.4607 -0.0293835 0.999461 -0.0147407 0.349356 -0.999432 -0.0296252 -0.0164444 74.6787
-0.0434758 0.0144346 0.998972 30.4339 -0.0285992 0.999472 -0.0156865 0.341421 -0.998659 -0.0292506 -0.0430426 74.6487
-0.0652762 0.0140859 0.997781 31.4137 -0.0279813 0.999482 -0.0159401 0.333628 -0.997481 -0.0289596 -0.0648514 74.586
-0.0843877 0.013651 0.996362 32.3961 -0.0278497 0.999488 -0.0160525 0.318704 -0.996057 -0.0291018 -0.0839663 74.5134
-0.10198 0.014097 0.9947 33.3748 -0.0276264 0.999475 -0.0169967 0.302645 -0.99441 -0.0292132 -0.10154 74.4224
-0.115874 0.0145271 0.993181 34.3471 -0.0276493 0.999463 -0.0178448 0.285706 -0.992893 -0.0295272 -0.115412 74.3065
-0.128209 0.0149253 0.991649 35.328 -0.027116 0.999461 -0.0185484 0.25884 -0.991384 -0.0292674 -0.127737 74.1821
-0.138314 0.0182228 0.990245 36.3069 -0.0223638 0.999524 -0.0215173 0.233581 -0.990151 -0.0251206 -0.137842 74.0453
-0.143461 0.0227629 0.989409 37.2942 -0.0190862 0.999488 -0.0257618 0.223942 -0.98948 -0.0225797 -0.142955 73.8902
-0.147368 0.0235223 0.988826 38.2767 -0.01876 0.999476 -0.0265716 0.209065 -0.988918 -0.022465 -0.146851 73.745
-0.1511 0.0238409 0.988247 39.266 -0.0185755 0.999467 -0.0269513 0.178354 -0.988353 -0.0224293 -0.150579 73.5964
-0.152982 0.0245325 0.987948 40.2564 -0.0183033 0.999455 -0.0276525 0.156522 -0.988074 -0.0223118 -0.152451 73.4412
-0.156356 0.0248248 0.987405 41.2442 -0.0182007 0.999444 -0.0280092 0.124003 -0.987542 -0.0223506 -0.155819 73.2931
-0.157487 0.0253002 0.98722 42.2394 -0.0179732 0.999437 -0.0284805 0.0947446 -0.987373 -0.0222277 -0.156945 73.137
-0.159765 0.0252194 0.986849 43.2413 -0.0170468 0.999457 -0.028301 0.0516329 -0.987018 -0.0213438 -0.15925 72.9754
-0.16282 0.0249841 0.986362 44.2462 -0.0164945 0.999474 -0.028039 0.0291182 -0.986534 -0.0208336 -0.162323 72.8154
-0.16424 0.0248775 0.986123 45.2576 -0.0164601 0.999477 -0.0279555 0.00254836 -0.986294 -0.0208229 -0.163746 72.6521
-0.166394 0.024957 0.985766 46.2649 -0.0169417 0.999463 -0.0281636 -0.0356039 -0.985929 -0.0213856 -0.165883 72.4855
-0.16998 0.0252279 0.985141 47.266 -0.016788 0.999456 -0.0284908 -0.059804 -0.985316 -0.0213811 -0.169465 72.3169
-0.171499 0.0254468 0.984879 48.2901 -0.0169944 0.999445 -0.0287824 -0.0979398 -0.985054 -0.0216722 -0.170972 72.1479
-0.174807 0.025754 0.984283 49.3009 -0.0175459 0.999421 -0.0292659 -0.1283 -0.984458 -0.0223857 -0.174255 71.9807
-0.176037 0.0261868 0.984058 50.3346 -0.0183368 0.999389 -0.0298752 -0.159363 -0.984228 -0.0233023 -0.17545 71.8074
-0.17845 0.0261609 0.983618 51.3659 -0.0188929 0.999375 -0.0300073 -0.193452 -0.98378 -0.0239379 -0.177846 71.6326
-0.181841 0.0246954 0.983041 52.4028 -0.0198795 0.999392 -0.0287835 -0.234666 -0.983143 -0.0247751 -0.18124 71.4533
-0.183888 0.0242362 0.982665 53.4597 -0.0201436 0.999396 -0.0284181 -0.257969 -0.982754 -0.0250198 -0.18329 71.2693
-0.186275 0.0232878 0.982245 54.5091 -0.0206865 0.999409 -0.0276178 -0.303802 -0.982296 -0.0254624 -0.185684 71.0783
-0.189015 0.023139 0.981719 55.5498 -0.0210888 0.999399 -0.0276157 -0.332308 -0.981761 -0.0259226 -0.188415 70.8898
-0.189675 0.0229499 0.981602 56.6012 -0.021461 0.999395 -0.0275129 -0.364992 -0.981629 -0.0262833 -0.189069 70.6879
-0.190563 0.0230634 0.981422 57.6547 -0.0216675 0.999385 -0.0276923 -0.391478 -0.98145 -0.0265416 -0.189947 70.489
-0.191619 0.0229245 0.981226 58.7097 -0.0222482 0.999373 -0.0276932 -0.422849 -0.981235 -0.0271357 -0.190989 70.2924
-0.19076 0.0220878 0.981407 59.7773 -0.0237036 0.999355 -0.0270987 -0.456408 -0.981365 -0.0284316 -0.190114 70.0951
-0.191343 0.0215903 0.98131 60.8428 -0.0254072 0.999317 -0.0269405 -0.486341 -0.981212 -0.0300857 -0.190664 69.9021
-0.190563 0.0214033 0.981461 61.9135 -0.0279009 0.999244 -0.0272081 -0.523417 -0.981293 -0.032568 -0.189823 69.7049
-0.190524 0.0209101 0.981484 62.9847 -0.0307057 0.999159 -0.0272473 -0.557315 -0.981219 -0.0353268 -0.189723 69.5064
-0.191842 0.0202478 0.981237 64.058 -0.0329923 0.999093 -0.0270663 -0.594966 -0.980887 -0.0375651 -0.191 69.3111
-0.191182 0.0161886 0.981447 65.1477 -0.0328325 0.999202 -0.0228772 -0.629854 -0.981023 -0.0365956 -0.190499 69.1062
-0.191599 0.00862889 0.981456 66.2405 -0.030826 0.99942 -0.0148045 -0.665467 -0.981005 -0.0330902 -0.191223 68.8929
-0.193024 0.00412176 0.981211 67.3227 -0.026014 0.999622 -0.00931665 -0.684831 -0.980867 -0.0273222 -0.192844 68.6779
-0.191686 0.0053571 0.981463 68.4196 -0.0196532 0.999768 -0.00929516 -0.709861 -0.981275 -0.0210701 -0.191537 68.4571
-0.192241 0.0104414 0.981319 69.5024 -0.01576 0.999785 -0.0137254 -0.740223 -0.981239 -0.0181028 -0.192036 68.2385
-0.190481 0.0157291 0.981586 70.6044 -0.0124017 0.999758 -0.0184265 -0.748074 -0.981629 -0.0156829 -0.19024 68.0243
-0.189915 0.0175955 0.98167 71.7122 -0.0120981 0.999726 -0.0202598 -0.790818 -0.981743 -0.0157227 -0.189651 67.8118
-0.190538 0.0173485 0.981548 72.8256 -0.0133508 0.99971 -0.0202608 -0.795636 -0.981606 -0.0169645 -0.190251 67.6005
-0.189255 0.0121666 0.981879 73.9476 -0.0134728 0.999801 -0.0149855 -0.817908 -0.981852 -0.0160636 -0.189054 67.3913
-0.188917 0.0110537 0.981952 75.0732 -0.0142996 0.999804 -0.0140054 -0.837994 -0.981907 -0.0166869 -0.188722 67.1839
-0.189638 0.0110558 0.981818 76.2022 -0.0162838 0.999769 -0.0144031 -0.861185 -0.981737 -0.018718 -0.189414 66.9722
-0.188647 0.0140807 0.981965 77.3278 -0.0152791 0.999739 -0.0172705 -0.880078 -0.981944 -0.0182611 -0.188383 66.7585
-0.189206 0.0146958 0.981853 78.4581 -0.0150804 0.999731 -0.0178694 -0.900442 -0.98184 -0.0181866 -0.188934 66.549
-0.188028 0.0130686 0.982099 79.5961 -0.0167092 0.99973 -0.0165018 -0.939765 -0.98204 -0.0195125 -0.187759 66.3352
-0.18753 0.00956069 0.98224 80.7467 -0.0136981 0.999839 -0.012347 -0.947181 -0.982184 -0.015769 -0.187368 66.1178
-0.188259 0.00789621 0.982109 81.8978 -0.015415 0.999827 -0.0109931 -0.984198 -0.982018 -0.0172084 -0.188104 65.904
-0.187415 0.00900007 0.982268 83.0424 -0.0168744 0.999789 -0.0123801 -0.99201 -0.982156 -0.0188942 -0.187224 65.6941
-0.187295 0.00910488 0.982283 84.1956 -0.0170254 0.999783 -0.012513 -1.00899 -0.982176 -0.0190669 -0.187099 65.4824
-0.187926 0.0088237 0.982172 85.3649 -0.0171134 0.999786 -0.0122562 -1.0229 -0.982055 -0.0191103 -0.187734 65.2714
-0.186563 0.0075042 0.982436 86.5296 -0.0173375 0.999797 -0.0109288 -1.0373 -0.98231 -0.0190716 -0.186395 65.055
-0.185841 0.00691885 0.982583 87.7029 -0.0175161 0.9998 -0.0103529 -1.05845 -0.982444 -0.0191338 -0.185682 64.8351
-0.185511 0.00721495 0.982637 88.8803 -0.0172906 0.999801 -0.0106049 -1.07894 -0.98251 -0.0189573 -0.185348 64.613
-0.184048 0.0071475 0.98292 90.0494 -0.0169752 0.999808 -0.0104487 -1.09496 -0.982791 -0.0186071 -0.183892 64.3968
-0.183705 0.00699193 0.982979 91.2417 -0.017631 0.999797 -0.0104062 -1.10928 -0.982843 -0.0192422 -0.183544 64.1782
-0.181928 0.0071316 0.983314 92.4131 -0.0170559 0.999808 -0.0104068 -1.12216 -0.983185 -0.0186633 -0.181771 63.9619
-0.180901 0.00623351 0.983504 93.6085 -0.0167373 0.999823 -0.00941514 -1.13864 -0.98338 -0.018164 -0.180764 63.7475
-0.180551 0.00576485 0.983577 94.818 -0.0179457 0.999804 -0.00915414 -1.15715 -0.983424 -0.0193025 -0.180411 63.5333
-0.178604 0.00567358 0.983927 96.0298 -0.0161941 0.999838 -0.00870451 -1.18027 -0.983808 -0.017488 -0.178483 63.3229
-0.176916 0.00558048 0.984239 97.2364 -0.0176051 0.999813 -0.0088333 -1.19561 -0.98409 -0.0188892 -0.176784 63.1145
-0.176233 0.00600087 0.984353 98.4584 -0.0180781 0.9998 -0.00933123 -1.21715 -0.984204 -0.0194392 -0.176089 62.9043
-0.174038 0.00499881 0.984756 99.6707 -0.0193943 0.999783 -0.00850268 -1.23176 -0.98457 -0.0205772 -0.173903 62.6949
-0.174351 0.00360681 0.984701 100.904 -0.0218135 0.999742 -0.00752383 -1.24578 -0.984465 -0.022791 -0.174227 62.4931
-0.173286 0.00376794 0.984895 102.127 -0.0231148 0.999709 -0.00789152 -1.25925 -0.984622 -0.0241318 -0.173148 62.2871
-0.173695 0.00311562 0.984819 103.364 -0.0244082 0.999683 -0.00746721 -1.27011 -0.984519 -0.0253339 -0.173563 62.0833
-0.17571 0.00164748 0.984472 104.611 -0.0251854 0.999671 -0.00616803 -1.28149 -0.984142 -0.0258768 -0.17561 61.8791
-0.175849 0.00100559 0.984441 105.855 -0.0263215 0.999646 -0.0057225 -1.29506 -0.984089 -0.0269176 -0.175759 61.6651
-0.177263 0.000466069 0.984196 107.096 -0.0274041 0.999618 -0.00540913 -1.30741 -0.983805 -0.0279285 -0.177182 61.4547
-0.179985 0.000387153 0.983695 108.34 -0.0273675 0.999619 -0.00540043 -1.31819 -0.983313 -0.0278925 -0.179905 61.243
-0.181463 -0.00025435 0.98343 109.574 -0.0274902 0.999619 -0.00481393 -1.33311 -0.983037 -0.0279069 -0.181401 61.021
-0.185275 -0.000680834 0.982712 110.822 -0.0281964 0.999601 -0.00462308 -1.33175 -0.982307 -0.0285648 -0.18522 60.8012
-0.188281 -0.00115898 0.982147 112.044 -0.0287016 0.999587 -0.00432251 -1.35109 -0.981721 -0.0290017 -0.188236 60.578
-0.193501 -0.000380204 0.981127 113.268 -0.0322104 0.999472 -0.00596487 -1.35466 -0.980596 -0.0327559 -0.19341 60.3559
-0.202196 0.00299891 0.979373 114.487 -0.0327175 0.999425 -0.00981484 -1.37405 -0.978824 -0.0340258 -0.201981 60.1193
-0.209991 0.000303351 0.977731 115.7 -0.0320258 0.99947 -0.0071879 -1.39769 -0.977205 -0.0328212 -0.209868 59.8613
-0.221041 -0.000170789 0.975298 116.919 -0.0316442 0.999483 -0.0069966 -1.40113 -0.974777 -0.0324077 -0.220931 59.5961
-0.234894 0.000246525 0.972049 118.135 -0.0322104 0.999457 -0.00803659 -1.42618 -0.971514 -0.033197 -0.234757 59.3122
-0.248159 -4.24399e-05 0.968753 119.322 -0.032247 0.999454 -0.00821651 -1.43807 -0.968209 -0.033277 -0.248024 59.0157
-0.263486 -0.000482138 0.964691 120.529 -0.0318688 0.999467 -0.00820434 -1.44882 -0.964163 -0.0329045 -0.263359 58.7053
-0.277813 -0.000567709 0.96067 121.696 -0.0311543 0.999487 -0.00841842 -1.47915 -0.960157 -0.0322663 -0.277687 58.3752
-0.292677 0.00103385 0.95624 122.862 -0.0312327 0.999464 -0.0106395 -1.48028 -0.955728 -0.0329791 -0.292485 58.0307
-0.308623 0.00118448 0.951219 124.035 -0.0323065 0.999418 -0.011726 -1.50076 -0.950664 -0.034348 -0.308403 57.6686
-0.323123 -0.00134535 0.946386 125.174 -0.0354172 0.999325 -0.0106715 -1.5288 -0.945722 -0.0369659 -0.322949 57.2959
-0.338628 -0.00654846 0.940934 126.327 -0.0407231 0.999149 -0.00770157 -1.54683 -0.940068 -0.0409241 -0.338605 56.9049
-0.35471 -0.0081089 0.934972 127.486 -0.0431879 0.999047 -0.0077196 -1.55756 -0.934007 -0.0431169 -0.354719 56.4953
-0.368582 -0.00834907 0.929595 128.605 -0.0457333 0.998919 -0.00916094 -1.57827 -0.928499 -0.0458884 -0.368564 56.0737
-0.383593 -0.00807318 0.923499 129.726 -0.0458485 0.998905 -0.0103112 -1.59249 -0.922393 -0.0462955 -0.383539 55.6317
-0.396205 -0.00802626 0.918165 130.825 -0.0455799 0.998908 -0.0109359 -1.61201 -0.91706 -0.046181 -0.396136 55.1684
-0.410143 -0.00805569 0.912018 131.924 -0.0445738 0.998953 -0.0112212 -1.6317 -0.910962 -0.0452536 -0.410068 54.6872
-0.424891 -0.00913321 0.905236 133.022 -0.0448214 0.998942 -0.0109585 -1.64982 -0.904164 -0.0452285 -0.424849 54.191
-0.437972 -0.0100947 0.898966 134.095 -0.0450172 0.998938 -0.0107143 -1.66907 -0.897892 -0.0451607 -0.437956 53.6804
-0.452223 -0.00996979 0.891887 135.161 -0.0460266 0.998873 -0.012171 -1.67693 -0.890747 -0.0465529 -0.45217 53.1586
-0.467626 -0.00983627 0.883907 136.223 -0.0461669 0.998854 -0.0133082 -1.69994 -0.882753 -0.0470296 -0.467538 52.6191
-0.480892 -0.00954943 0.876768 137.265 -0.0455313 0.998871 -0.0140931 -1.71518 -0.875629 -0.0466959 -0.480781 52.0624
-0.495086 -0.00933143 0.86883 138.3 -0.0450145 0.998884 -0.0149218 -1.73936 -0.867711 -0.0464966 -0.494947 51.4834
-0.510393 -0.00786695 0.859946 139.342 -0.0450289 0.998838 -0.0175871 -1.76063 -0.858794 -0.0476969 -0.510151 50.8874
-0.524029 -0.00740235 0.851706 140.368 -0.0447007 0.998832 -0.0188213 -1.78569 -0.850562 -0.0479337 -0.523742 50.2695
-0.539802 -0.00923869 0.841783 141.407 -0.0450167 0.998833 -0.0179043 -1.81607 -0.840622 -0.0475573 -0.539584 49.6313
-0.553959 -0.0117903 0.8325 142.426 -0.0476675 0.998718 -0.0175737 -1.82323 -0.831215 -0.0494173 -0.553803 48.9748
-0.569311 -0.0125959 0.822069 143.442 -0.0481241 0.998686 -0.0180243 -1.85483 -0.820749 -0.0498208 -0.569166 48.2995
-0.585333 -0.0132792 0.810725 144.452 -0.0490995 0.998621 -0.0190918 -1.87217 -0.809344 -0.0509802 -0.58517 47.6014
-0.599661 -0.0136871 0.800183 145.44 -0.0491377 0.998604 -0.0197417 -1.8978 -0.798782 -0.0511555 -0.599493 46.884
-0.614498 -0.0140532 0.788837 146.421 -0.0494783 0.998569 -0.0207528 -1.91929 -0.787407 -0.0517817 -0.614305 46.1458
-0.629925 -0.0144542 0.77657 147.399 -0.0497029 0.998535 -0.0217303 -1.94633 -0.775105 -0.0522842 -0.629716 45.3826
-0.643298 -0.0163423 0.765487 148.351 -0.0506575 0.9985 -0.0212539 -1.98087 -0.763981 -0.0524491 -0.643152 44.6005
-0.658629 -0.0173316 0.752318 149.307 -0.0506767 0.998494 -0.0213617 -2.00612 -0.750802 -0.0521923 -0.658511 43.7999
-0.671911 -0.0182835 0.740454 150.241 -0.0506627 0.998499 -0.021317 -2.03842 -0.738942 -0.0518354 -0.671819 42.9752
-0.685741 -0.0189566 0.72765 151.166 -0.0512232 0.998447 -0.0222602 -2.06593 -0.726086 -0.0525352 -0.685641 42.1326
-0.700432 -0.0195782 0.713501 152.076 -0.0519412 0.998382 -0.0235939 -2.09308 -0.711874 -0.0535849 -0.700305 41.2756
-0.713931 -0.020412 0.699973 152.968 -0.0526683 0.998317 -0.024605 -2.12722 -0.698281 -0.0544304 -0.713798 40.3957
-0.728555 -0.0236963 0.68463 153.85 -0.0545659 0.998244 -0.023515 -2.16918 -0.68286 -0.0544882 -0.728557 39.4932
-0.744305 -0.026326 0.667378 154.719 -0.0561919 0.998156 -0.0232933 -2.20484 -0.665522 -0.0548363 -0.744406 38.5708
-0.759058 -0.0279321 0.65048 155.564 -0.0570261 0.998102 -0.0236847 -2.24588 -0.648574 -0.0550712 -0.759198 37.6223
-0.775047 -0.0297687 0.631264 156.392 -0.0582587 0.99801 -0.024463 -2.28322 -0.629268 -0.0557343 -0.775232 36.6516
-0.791427 -0.0318619 0.610492 157.202 -0.0600035 0.997877 -0.0257063 -2.32053 -0.608369 -0.0569752 -0.791646 35.652
-0.806222 -0.0326478 0.590779 157.979 -0.0599894 0.997851 -0.0267206 -2.35941 -0.588625 -0.0569809 -0.806439 34.6371
-0.821741 -0.0336915 0.568929 158.729 -0.0602203 0.997806 -0.0278897 -2.40335 -0.566733 -0.057178 -0.821953 33.5948
-0.834998 -0.0335689 0.549301 159.446 -0.0586831 0.997888 -0.0282196 -2.43775 -0.547182 -0.0557956 -0.835195 32.5437
-0.848293 -0.0331534 0.528559 160.138 -0.0568051 0.997987 -0.0285684 -2.49002 -0.52654 -0.054258 -0.848455 31.4644
-0.861787 -0.0331476 0.506265 160.806 -0.0567265 0.997911 -0.0312221 -2.52021 -0.504162 -0.0556231 -0.861858 30.3741
-0.873496 -0.0335718 0.485749 161.444 -0.0569507 0.997827 -0.0334468 -2.55626 -0.483563 -0.0568781 -0.873496 29.273
-0.884911 -0.0336359 0.464622 162.056 -0.0562419 0.997817 -0.0348794 -2.5953 -0.462425 -0.0569943 -0.884863 28.1521
-0.89571 -0.0344149 0.443389 162.647 -0.0555484 0.997861 -0.0347626 -2.65221 -0.441238 -0.0557655 -0.895691 27.0139
-0.904524 -0.033978 0.425154 163.201 -0.0547383 0.997835 -0.0367084 -2.68892 -0.422977 -0.0564736 -0.904417 25.8713
-0.913234 -0.0347817 0.406042 163.734 -0.0549296 0.997774 -0.0380716 -2.74355 -0.403808 -0.0570707 -0.913096 24.7223
-0.920462 -0.03568 0.389298 164.247 -0.0554971 0.997676 -0.0397761 -2.79074 -0.386965 -0.058215 -0.920293 23.5578
-0.927286 -0.0367501 0.372647 164.744 -0.0558486 0.997624 -0.0405859 -2.84802 -0.370265 -0.0584452 -0.927119 22.3805
-0.933777 -0.0375051 0.355991 165.219 -0.0558374 0.997592 -0.0413601 -2.91057 -0.353575 -0.0584964 -0.933613 21.1917
-0.938963 -0.0381569 0.342008 165.674 -0.0557585 0.99758 -0.0417829 -2.97391 -0.33958 -0.058301 -0.938801 19.9968
-0.94397 -0.0392722 0.327802 166.111 -0.0561738 0.997536 -0.0422505 -3.03384 -0.325327 -0.0582948 -0.94384 18.797
-0.948841 -0.0437892 0.312826 166.53 -0.0590038 0.997494 -0.039336 -3.07699 -0.310314 -0.0557802 -0.949029 17.587
-0.95229 -0.0482902 0.301478 166.933 -0.0616935 0.997487 -0.0350938 -3.12597 -0.299018 -0.0520165 -0.952866 16.3682
-0.955815 -0.0482087 0.290121 167.316 -0.0606689 0.997586 -0.0341079 -3.17643 -0.287771 -0.0502008 -0.956416 15.1428
-0.958903 -0.048011 0.279783 167.679 -0.0599548 0.997621 -0.0342867 -3.23119 -0.277464 -0.0496498 -0.95949 13.9126
-0.960588 -0.0430524 0.274766 168.035 -0.0550691 0.997838 -0.0361715 -3.27951 -0.27261 -0.0498757 -0.960864 12.6874
-0.962113 -0.0425164 0.269462 168.383 -0.0544023 0.997851 -0.0367952 -3.32533 -0.267311 -0.0500583 -0.962348 11.4552
-0.963838 -0.044129 0.262961 168.734 -0.0556248 0.997798 -0.0364347 -3.37768 -0.260769 -0.049743 -0.964153 10.2161
-0.964536 -0.0508384 0.259163 169.084 -0.0615249 0.997561 -0.0332892 -3.41796 -0.256831 -0.0480515 -0.9653 8.97937
-0.96583 -0.0567781 0.253037 169.428 -0.0672685 0.997201 -0.0330004 -3.45618 -0.250449 -0.048893 -0.966928 7.74076
-0.966321 -0.0626917 0.249753 169.772 -0.0735604 0.996707 -0.0344191 -3.50744 -0.246766 -0.0516294 -0.967739 6.50178
-0.967117 -0.0645522 0.246166 170.104 -0.0756186 0.996505 -0.0357669 -3.56387 -0.242993 -0.0532041 -0.968602 5.26054
-0.968002 -0.0647632 0.242615 170.429 -0.075773 0.996473 -0.0363214 -3.61895 -0.2394 -0.0535404 -0.969483 4.01997
-0.967946 -0.0643266 0.242944 170.751 -0.0754532 0.996481 -0.0367726 -3.67078 -0.239719 -0.0539234 -0.969378 2.7796
-0.967852 -0.0641025 0.243384 171.067 -0.0753083 0.996483 -0.0370147 -3.72892 -0.240149 -0.0541512 -0.969264 1.5356
-0.96786 -0.0639391 0.24339 171.383 -0.0752826 0.996463 -0.0375913 -3.77632 -0.240121 -0.0547047 -0.969236 0.290713
-0.967104 -0.0633715 0.246533 171.708 -0.0749424 0.99648 -0.0378329 -3.82407 -0.243261 -0.0550616 -0.968436 -0.946442
-0.967077 -0.0628464 0.246768 172.024 -0.0742569 0.996555 -0.0372065 -3.87527 -0.243575 -0.0543042 -0.968396 -2.18649
-0.96596 -0.0628653 0.251106 172.355 -0.0745248 0.996535 -0.0371915 -3.93066 -0.247891 -0.0546365 -0.967286 -3.41985
-0.964919 -0.0635016 0.254913 172.688 -0.0753118 0.996489 -0.0368366 -3.97171 -0.251675 -0.0547409 -0.966298 -4.64979
-0.964241 -0.0627022 0.257668 173.016 -0.0743246 0.996609 -0.0356105 -4.01136 -0.254555 -0.0534857 -0.965619 -5.88012
-0.962128 -0.0622101 0.265563 173.371 -0.0739544 0.996676 -0.0344523 -4.0446 -0.262533 -0.0527857 -0.963515 -7.10294
-0.960152 -0.0629017 0.272471 173.72 -0.0747178 0.996662 -0.0332029 -4.08481 -0.269466 -0.0522356 -0.961635 -8.32005
-0.958179 -0.0621664 0.279487 174.066 -0.0741209 0.996733 -0.032405 -4.13432 -0.276554 -0.0517641 -0.959641 -9.55696
-0.955355 -0.0622281 0.288989 174.429 -0.0747973 0.996675 -0.0326477 -4.17907 -0.285989 -0.052803 -0.956822 -10.7555
-0.952405 -0.0620267 0.298602 174.807 -0.0749618 0.996681 -0.0320564 -4.23731 -0.295618 -0.0529129 -0.953879 -11.9663
-0.949586 -0.0611468 0.307637 175.183 -0.0743989 0.996741 -0.0315259 -4.28792 -0.304698 -0.0528215 -0.951029 -13.1858
-0.945412 -0.0602523 0.320395 175.587 -0.0740394 0.996783 -0.0310182 -4.33085 -0.31749 -0.0530452 -0.946816 -14.3766
-0.941166 -0.0603074 0.332659 176.002 -0.0746522 0.996753 -0.0305006 -4.38231 -0.329731 -0.053537 -0.942601 -15.5889
-0.936081 -0.0601653 0.346726 176.43 -0.0747373 0.996798 -0.0288024 -4.44071 -0.343877 -0.0528732 -0.937565 -16.7687
-0.930915 -0.0596307 0.360463 176.886 -0.0743054 0.996881 -0.0269794 -4.47186 -0.357722 -0.0518969 -0.932432 -17.9652
-0.925699 -0.0589284 0.373759 177.362 -0.0739744 0.996931 -0.0260314 -4.51573 -0.371072 -0.0517442 -0.927203 -19.1683
-0.919764 -0.0587059 0.388178 177.846 -0.0740962 0.996954 -0.0247869 -4.55855 -0.385531 -0.0515575 -0.921301 -20.3274
-0.913604 -0.0574862 0.402631 178.346 -0.072564 0.997125 -0.0222853 -4.59396 -0.400187 -0.0495747 -0.915134 -21.4909
-0.907554 -0.0559714 0.416303 178.862 -0.0701853 0.997368 -0.0189065 -4.62296 -0.414138 -0.0463741 -0.909081 -22.6478
-0.900514 -0.0552674 0.431405 179.391 -0.0689417 0.9975 -0.0161155 -4.66165 -0.42943 -0.0442524 -0.902059 -23.7674
-0.892937 -0.0535493 0.447094 179.941 -0.066879 0.997674 -0.0140724 -4.68332 -0.44529 -0.0424639 -0.89443 -24.8867
-0.884506 -0.0517717 0.463746 180.511 -0.0645017 0.997859 -0.0116225 -4.71499 -0.462144 -0.0401908 -0.885939 -26.008
-0.874746 -0.0502407 0.482073 181.087 -0.0623728 0.998023 -0.00916173 -4.74482 -0.480648 -0.0380793 -0.876139 -27.0848
-0.865059 -0.0488662 0.499377 181.701 -0.0605682 0.998149 -0.0072449 -4.75931 -0.498091 -0.036512 -0.866404 -28.1822
-0.854904 -0.0475223 0.516702 182.32 -0.0590383 0.99825 -0.00586516 -4.77569 -0.515507 -0.0355162 -0.856204 -29.2103
-0.843786 -0.0464846 0.534748 182.967 -0.0574636 0.99835 -0.00388486 -4.79132 -0.533678 -0.0340049 -0.845053 -30.2558
-0.831698 -0.0451941 0.553477 183.65 -0.0547419 0.998512 -0.000721842 -4.8063 -0.552608 -0.0308956 -0.832925 -31.3073
-0.818404 -0.0430363 0.573112 184.328 -0.050538 0.998728 0.00283149 -4.80568 -0.572497 -0.026645 -0.819526 -32.2867
-0.803499 -0.0408522 0.593988 185.032 -0.0481501 0.998845 0.00356714 -4.81483 -0.593435 -0.0257312 -0.80453 -33.2691
-0.787993 -0.0397291 0.614477 185.766 -0.0471461 0.99889 0.00412701 -4.81952 -0.613951 -0.0257166 -0.788979 -34.2515
-0.772136 -0.0394184 0.634314 186.507 -0.0463639 0.99892 0.00564237 -4.81454 -0.633838 -0.0250494 -0.773121 -35.1599
-0.754761 -0.0388715 0.654921 187.292 -0.0447131 0.998981 0.00776594 -4.81463 -0.654546 -0.0234205 -0.755718 -36.0854
-0.736676 -0.0388815 0.675203 188.066 -0.0442178 0.99899 0.00928682 -4.8064 -0.674869 -0.0230115 -0.737643 -36.9452
-0.71788 -0.0384197 0.695175 188.882 -0.0436773 0.999006 0.01011 -4.79731 -0.694863 -0.023104 -0.718834 -37.7995
-0.698418 -0.0383786 0.714733 189.734 -0.0437191 0.998995 0.0109248 -4.78609 -0.71442 -0.0236143 -0.699386 -38.6543
-0.678868 -0.038046 0.733339 190.579 -0.0425979 0.999027 0.0123987 -4.77612 -0.733087 -0.02282 -0.679819 -39.445
-0.657952 -0.0381754 0.752162 191.466 -0.0409579 0.999061 0.014882 -4.77009 -0.752008 -0.0210121 -0.658892 -40.2311
-0.635836 -0.0376438 0.770968 192.371 -0.0394358 0.999102 0.0162615 -4.75549 -0.770877 -0.0200625 -0.63674 -40.9958
-0.612372 -0.0366774 0.789785 193.281 -0.0380187 0.999146 0.0169247 -4.75027 -0.789715 -0.0196592 -0.613237 -41.7122
-0.587192 -0.0364516 0.808686 194.23 -0.0364349 0.999176 0.0185847 -4.73902 -0.808685 -0.01855 -0.588027 -42.4232
-0.561632 -0.0371568 0.826618 195.182 -0.0354853 0.999166 0.020806 -4.71837 -0.826685 -0.0176443 -0.562475 -43.0763
-0.534681 -0.0379258 0.84426 196.168 -0.0336812 0.999167 0.023556 -4.69178 -0.844438 -0.0158389 -0.535505 -43.7192
-0.506547 -0.0376272 0.861454 197.175 -0.0321949 0.999188 0.024715 -4.67358 -0.861667 -0.015212 -0.507341 -44.3283
-0.476636 -0.0369317 0.87838 198.189 -0.0310515 0.999214 0.0251648 -4.65425 -0.878606 -0.0152788 -0.477402 -44.8853
-0.446007 -0.0368305 0.894333 199.236 -0.0294783 0.999228 0.0264519 -4.63304 -0.894599 -0.0145627 -0.446743 -45.4242
-0.41599 -0.0364863 0.90869 200.295 -0.026589 0.999268 0.0279531 -4.6098 -0.909032 -0.0125312 -0.41665 -45.9232
-0.3844 -0.0369518 0.922486 201.362 -0.025531 0.999254 0.0293905 -4.58251 -0.922866 -0.0122514 -0.385052 -46.3849
-0.352162 -0.0372272 0.935251 202.462 -0.0225387 0.999269 0.0312907 -4.54837 -0.935718 -0.0100583 -0.35274 -46.8198
-0.318708 -0.0384933 0.947128 203.554 -0.0214599 0.999225 0.0333916 -4.51774 -0.947661 -0.00968021 -0.319283 -47.2038
-0.284703 -0.0396309 0.957848 204.668 -0.0198471 0.999188 0.0354442 -4.4913 -0.95846 -0.00891784 -0.285255 -47.5554
-0.250926 -0.0400654 0.967233 205.791 -0.0182099 0.999174 0.0366668 -4.46024 -0.967886 -0.00840981 -0.251446 -47.8624
-0.215711 -0.0405856 0.975664 206.922 -0.016507 0.999158 0.0379155 -4.42462 -0.976367 -0.00792488 -0.216198 -48.129
-0.180835 -0.0408253 0.982722 208.064 -0.0143462 0.999153 0.0388704 -4.38863 -0.983459 -0.00706646 -0.181265 -48.3539
-0.146051 -0.0405503 0.988496 209.218 -0.0133232 0.999163 0.0390215 -4.35223 -0.989236 -0.00746912 -0.146469 -48.5341
-0.112134 -0.0407181 0.992914 210.359 -0.0115567 0.999159 0.0396713 -4.31058 -0.993677 -0.00702353 -0.11251 -48.6751
-0.0793358 -0.0410321 0.996053 211.522 -0.00991962 0.999149 0.0403718 -4.26347 -0.996848 -0.0066759 -0.0796761 -48.7775
-0.0457809 -0.0405829 0.998183 212.675 -0.00852112 0.999167 0.0402343 -4.21946 -0.998966 -0.00666103 -0.0460889 -48.8466
-0.0132154 -0.0406929 0.999135 213.835 -0.00608355 0.99917 0.0406162 -4.17866 -0.999943 -0.00553991 -0.013454 -48.8767
0.018274 -0.041624 0.999022 215.008 -0.00347209 0.999138 0.0416944 -4.1309 -0.999878 -0.00422812 0.0181125 -48.8727
0.0498948 -0.0424535 0.997903 216.174 0.000479539 0.999111 0.0424833 -4.08541 -0.998804 -0.00163959 0.0498677 -48.828
0.0803705 -0.0423885 0.995919 217.343 0.00250094 0.999114 0.0423247 -4.04132 -0.996814 -0.000908547 0.0804031 -48.7465
0.109806 -0.0426863 0.993088 218.513 0.00616257 0.999101 0.0422658 -4.00156 -0.993985 0.00148043 0.109966 -48.6305
0.140936 -0.0432323 0.989132 219.677 0.00981514 0.999072 0.0422702 -3.95585 -0.990023 0.00375336 0.141227 -48.4834
0.170546 -0.044488 0.984398 220.841 0.016326 0.998985 0.0423213 -3.91063 -0.985266 0.00885498 0.171093 -48.2948
0.201784 -0.0451856 0.978445 221.996 0.019803 0.998933 0.0420499 -3.867 -0.979284 0.0108931 0.202459 -48.0768
0.231928 -0.0459136 0.971702 223.153 0.0256412 0.998841 0.0410784 -3.82958 -0.972448 0.0153898 0.23283 -47.8202
0.260529 -0.0460559 0.964426 224.296 0.0277032 0.998821 0.0402168 -3.78573 -0.965124 0.0162419 0.261492 -47.5256
0.289964 -0.0470062 0.955938 225.438 0.0300037 0.998763 0.0400137 -3.75199 -0.956622 0.0170806 0.291008 -47.1913
0.319146 -0.0476272 0.946568 226.572 0.0318881 0.998725 0.0395021 -3.70577 -0.947226 0.0175791 0.320252 -46.8225
0.347645 -0.0470287 0.936502 227.695 0.0366131 0.998676 0.0365622 -3.66624 -0.936966 0.0215791 0.348898 -46.4175
0.377301 -0.0462247 0.924998 228.8 0.0412145 0.998617 0.0330946 -3.62684 -0.925233 0.0256382 0.378677 -45.9847
0.404999 -0.0475669 0.913137 229.896 0.046304 0.998447 0.0314766 -3.59015 -0.913201 0.0295352 0.406563 -45.5066
0.433351 -0.0490051 0.899955 230.989 0.0479241 0.998375 0.0312898 -3.56525 -0.900011 0.0295715 0.434987 -45.0007
0.460021 -0.0500093 0.886559 232.063 0.0485632 0.998351 0.0311195 -3.53944 -0.88664 0.02874 0.461679 -44.4545
0.48392 -0.0496748 0.873767 233.117 0.0485286 0.998389 0.0298853 -3.51287 -0.87383 0.027942 0.485542 -43.8765
0.506765 -0.0495936 0.86072 234.163 0.0490389 0.998401 0.0286571 -3.48645 -0.860751 0.0276879 0.508375 -43.2738
0.527501 -0.0502081 0.848138 235.193 0.0494634 0.998388 0.0283409 -3.46555 -0.84818 0.0270033 0.529125 -42.639
0.546122 -0.0522158 0.836142 236.206 0.0505956 0.998305 0.0292995 -3.4374 -0.836242 0.0263056 0.547825 -41.9812
0.564955 -0.0546684 0.823379 237.217 0.0523524 0.998182 0.0303555 -3.40693 -0.823528 0.0259577 0.56678 -41.3002
0.58151 -0.0567689 0.811624 238.214 0.0542448 0.998063 0.0309473 -3.38079 -0.811797 0.0260317 0.58345 -40.5957
0.598469 -0.0580695 0.799111 239.197 0.0559661 0.997979 0.0306089 -3.35539 -0.799259 0.0264061 0.600498 -39.874
0.614888 -0.0581641 0.786537 240.166 0.0566658 0.997972 0.0295035 -3.32703 -0.786646 0.02643 0.616924 -39.1234
0.6305 -0.0593754 0.773989 241.121 0.0586509 0.99788 0.0287754 -3.29442 -0.774044 0.0272537 0.632634 -38.3483
0.646819 -0.0611921 0.760258 242.061 0.0595477 0.9978 0.0296525 -3.26119 -0.760389 0.0260934 0.649026 -37.5536
0.662298 -0.0638903 0.746589 242.991 0.0608978 0.997667 0.0313568 -3.23321 -0.746838 0.0246995 0.664631 -36.7343
0.677038 -0.0657137 0.733085 243.908 0.0625401 0.997556 0.0316656 -3.20436 -0.733362 0.0244099 0.679479 -35.9016
0.692429 -0.0660234 0.718538 244.81 0.0637581 0.997523 0.0302193 -3.17203 -0.718742 0.0248893 0.694911 -35.0495
0.705911 -0.0667321 0.705229 245.688 0.0654692 0.997453 0.0288547 -3.13743 -0.705348 0.0258035 0.708467 -34.1729
0.71799 -0.0671601 0.692888 246.556 0.0657871 0.997442 0.0285119 -3.1133 -0.69302 0.0251133 0.720558 -33.2797
0.730951 -0.069217 0.678993 247.419 0.0671661 0.997326 0.0293659 -3.08423 -0.6792 0.0241418 0.73363 -32.358
0.741707 -0.0710231 0.66704 248.26 0.0685054 0.997215 0.0300074 -3.06137 -0.667303 0.0234407 0.744493 -31.4266
0.753478 -0.0716879 0.653639 249.101 0.0696928 0.997162 0.0290297 -3.03436 -0.653856 0.0236822 0.756319 -30.4731
0.76341 -0.0733128 0.64183 249.92 0.0735093 0.99696 0.026446 -2.99416 -0.641807 0.0269928 0.766464 -29.5057
0.772273 -0.0749573 0.630942 250.737 0.0753173 0.99683 0.0262413 -2.97178 -0.6309 0.0272569 0.775454 -28.5186
0.781302 -0.0774483 0.619423 251.535 0.0778959 0.99663 0.0263611 -2.94355 -0.619367 0.0276559 0.784687 -27.5219
0.789066 -0.0785096 0.609364 252.327 0.0796323 0.996519 0.0252785 -2.91354 -0.609219 0.0285801 0.792554 -26.5101
0.794765 -0.0803551 0.601671 253.121 0.0812408 0.996378 0.0257591 -2.88726 -0.601552 0.0284093 0.7984 -25.47
0.799933 -0.0815003 0.594625 253.89 0.0817134 0.996315 0.0266343 -2.8545 -0.594597 0.0272848 0.803627 -24.4283
0.802615 -0.0828922 0.590809 254.673 0.0823912 0.996227 0.0278482 -2.82458 -0.590879 0.0263276 0.806402 -23.363
0.806253 -0.0839349 0.585683 255.436 0.0833594 0.996141 0.0280099 -2.79285 -0.585766 0.0262408 0.810122 -22.3048
0.808876 -0.0850843 0.581891 256.2 0.0843467 0.996048 0.0283971 -2.75886 -0.581998 0.0261123 0.812842 -21.2393
0.81045 -0.0878552 0.579282 256.973 0.0864698 0.995817 0.0300559 -2.71188 -0.579491 0.0257333 0.814639 -20.1638
0.813386 -0.0896373 0.574879 257.729 0.0880576 0.995659 0.0306593 -2.67827 -0.575122 0.0256859 0.817734 -19.0857
0.815982 -0.0904583 0.571058 258.488 0.0891789 0.995571 0.0302807 -2.64484 -0.57126 0.0262194 0.820417 -17.9978
0.817878 -0.0916564 0.56815 259.258 0.0903861 0.995456 0.0304803 -2.60631 -0.568353 0.026425 0.822431 -16.8938
0.82062 -0.092284 0.564077 259.996 0.0908254 0.995409 0.0307223 -2.56048 -0.564314 0.0260228 0.825217 -15.8062
0.823149 -0.0932189 0.560227 260.741 0.0913763 0.995338 0.0313627 -2.53728 -0.56053 0.0253766 0.827815 -14.6948
0.825045 -0.0939499 0.557307 261.496 0.0917505 0.995285 0.0319595 -2.49629 -0.557675 0.0247668 0.829757 -13.5755
0.826865 -0.0935168 0.554678 262.221 0.0907897 0.995356 0.032476 -2.45634 -0.555131 0.023507 0.831502 -12.4833
0.827717 -0.09435 0.553264 262.966 0.0909342 0.995302 0.0336941 -2.40283 -0.553836 0.0224231 0.83239 -11.3462
0.828518 -0.0947743 0.551992 263.691 0.091318 0.995263 0.0338212 -2.35635 -0.552575 0.0223866 0.833233 -10.2583
