0.999998 0.00109698 0.00145364 -0.00895714 -0.00109012 0.999989 -0.00471163 -0.00664255 -0.00145881 0.00471 0.999988 0.953063
0.999998 0.000196801 0.00230495 -0.0110095 -0.000185625 0.999988 -0.00487991 -0.0212127 -0.00230597 0.00487932 0.999985 1.90409
0.999994 -0.000844095 0.00352164 -0.0127985 0.000848622 0.999999 -0.00127214 -0.0258456 -0.00352063 0.0012751 0.999993 2.85166
0.999995 -0.00304398 0.00193716 -0.0115776 0.00303628 0.999988 0.00389704 -0.0299799 -0.00194913 -0.00389133 0.999991 3.80303
0.999992 -0.00403861 0.000527285 -0.0119726 0.00403589 0.99998 0.00489853 -0.0448143 -0.000547213 -0.00489642 0.999988 4.7403
0.999974 -0.00732636 0.000776908 -0.0124613 0.00732431 0.999971 0.00230125 -0.0557685 -0.000793993 -0.00229577 0.999998 5.67471
0.999978 -0.00677551 -0.000801139 -0.0107152 0.00677668 0.999977 0.00163009 -0.0593142 0.000789958 -0.00163549 1 6.60217
0.999976 -0.00707243 -0.00143173 -0.016854 0.00707461 0.999974 0.00165755 -0.0642509 0.00141981 -0.00166794 0.999999 7.52727
0.999976 -0.0069762 -0.00142615 -0.0268405 0.00698007 0.999973 0.00281945 -0.0684711 0.00140635 -0.00282936 0.999996 8.45448
0.999973 -0.00691286 -0.00315469 -0.0309011 0.00692825 0.999964 0.00493024 -0.0777227 0.00312042 -0.00495234 0.999985 9.37491
0.99997 -0.00671637 -0.00407906 -0.0359472 0.00674274 0.999958 0.00653182 -0.0842742 0.00403493 -0.00655915 0.999973 10.2918
0.999968 -0.00736356 -0.00351809 -0.041408 0.00739034 0.999944 0.00772652 -0.0938277 0.00346094 -0.00775272 0.999967 11.2082
0.999959 -0.00760936 -0.00518489 -0.043936 0.00765184 0.999938 0.00825491 -0.0920929 0.00512178 -0.00829427 0.999955 12.1175
0.999957 -0.00750018 -0.00576839 -0.051014 0.00754616 0.99994 0.00803646 -0.0884426 0.00570765 -0.00808009 0.999954 13.0236
0.999955 -0.00758633 -0.00608226 -0.0571178 0.00763311 0.999942 0.00770856 -0.0834541 0.00602348 -0.00775477 0.999955 13.9233
0.999937 -0.00747157 -0.00857903 -0.0646415 0.00753769 0.999943 0.00773753 -0.08102 0.00852058 -0.00780208 0.999937 14.8211
0.999926 -0.00724136 -0.0100779 -0.0792156 0.00732044 0.999944 0.00782421 -0.0786381 0.0100208 -0.00789759 0.999922 15.7163
0.999924 -0.00682474 -0.0104486 -0.0959228 0.00690742 0.999946 0.00793411 -0.0793373 0.0103939 -0.00800594 0.999917 16.5982
0.999901 -0.0061868 -0.0128365 -0.114508 0.00629214 0.999948 0.00816887 -0.0773418 0.0127856 -0.00824907 0.999888 17.4944
0.99988 -0.00645497 -0.0142031 -0.134267 0.0065829 0.99994 0.00900396 -0.077807 0.0141441 -0.00909668 0.999863 18.377
0.999871 -0.00665366 -0.0148465 -0.154188 0.00680128 0.999929 0.00990293 -0.0777034 0.0147798 -0.0100029 0.999844 19.259
0.999837 -0.00661111 -0.0169718 -0.172339 0.00679104 0.999923 0.0105883 -0.0759751 0.0169004 -0.0107021 0.999804 20.1404
0.999809 -0.00678888 -0.0185423 -0.189267 0.00699723 0.999914 0.011184 -0.0778366 0.0184651 -0.0113118 0.99977 21.0131
0.999792 -0.00662526 -0.0194536 -0.211171 0.00684889 0.999912 0.0114704 -0.0750392 0.0193758 -0.0116015 0.99975 21.8729
0.999751 -0.00667162 -0.0214913 -0.230459 0.00692986 0.999906 0.0119529 -0.0693005 0.0214098 -0.0120991 0.999702 22.7399
0.999746 -0.00690524 -0.0216448 -0.254487 0.00719353 0.999888 0.0132889 -0.0644448 0.0215504 -0.0134415 0.999683 23.5886
0.999705 -0.00749276 -0.0232675 -0.276252 0.0078474 0.999856 0.0151757 -0.0606881 0.0231507 -0.0153539 0.999618 24.4466
0.999688 -0.00732916 -0.0240612 -0.298374 0.00771811 0.999842 0.0161314 -0.0552319 0.0239389 -0.0163122 0.999586 25.2853
0.999698 -0.00702527 -0.0237378 -0.323328 0.00741367 0.999841 0.0162981 -0.0508684 0.02362 -0.0164693 0.99959 26.1057
0.999668 -0.00660076 -0.0250747 -0.34685 0.00701069 0.999844 0.0163145 -0.0426283 0.0249629 -0.0164851 0.999559 26.9226
0.999651 -0.00652237 -0.0258006 -0.372102 0.00694869 0.999842 0.0164555 -0.035355 0.0256896 -0.0166293 0.999536 27.7217
0.999649 -0.00640574 -0.0258763 -0.398022 0.00684347 0.999836 0.0168821 -0.0244309 0.0257637 -0.0170535 0.999528 28.51
0.999603 -0.0062999 -0.0276523 -0.422222 0.00677993 0.999829 0.0172872 -0.0202831 0.027539 -0.017468 0.999474 29.2961
0.999555 -0.00579847 -0.0293994 -0.446721 0.00631619 0.999828 0.0175619 -0.0141617 0.0292924 -0.0177402 0.999419 30.0651
0.999523 -0.00537968 -0.030564 -0.475343 0.00593271 0.999822 0.018022 -0.0103286 0.0304619 -0.0181951 0.999376 30.8277
0.999438 -0.00536882 -0.0332238 -0.50363 0.0059982 0.999806 0.0188853 -0.00151255 0.0331157 -0.0190743 0.999275 31.5853
0.999371 -0.00526747 -0.035231 -0.531119 0.00597767 0.999783 0.0200751 0.00590145 0.0351178 -0.0202733 0.999185 32.3324
0.999329 -0.00478526 -0.0364362 -0.561959 0.00554422 0.999771 0.0207691 0.0144594 0.0363282 -0.0209576 0.999126 33.0666
0.999246 -0.00410016 -0.0387541 -0.593334 0.00492237 0.999767 0.0211347 0.0193341 0.0386586 -0.0213098 0.999033 33.7897
0.999206 -0.00296558 -0.0398626 -0.628392 0.00381257 0.99977 0.0211993 0.0270761 0.0397903 -0.0213349 0.998986 34.4982
0.999117 -0.00250707 -0.0420892 -0.661786 0.00341416 0.999766 0.021483 0.0331403 0.0420256 -0.021608 0.99889 35.2005
0.999057 -0.00246394 -0.0434837 -0.693322 0.00343699 0.999747 0.0223274 0.0449656 0.0434173 -0.0224562 0.998811 35.8926
0.999033 -0.00196484 -0.0440627 -0.731689 0.00298324 0.999732 0.0230503 0.0527408 0.0440057 -0.0231597 0.998771 36.5774
0.99901 -0.00105604 -0.0446061 -0.768711 0.00209758 0.999728 0.0233196 0.0617813 0.044569 -0.0233905 0.998738 37.2534
0.999064 0.000255241 -0.0434055 -0.807282 0.000751005 0.999734 0.0231553 0.0646737 0.0434 -0.0231663 0.998797 37.9143
0.999176 0.000809459 -0.0407462 -0.840864 0.000117463 0.999744 0.0227517 0.0766339 0.0407539 -0.0227382 0.998917 38.562
0.999243 0.000829276 -0.0390583 -0.867838 5.37769e-05 0.999747 0.0225926 0.0852831 0.0390672 -0.0225777 0.99899 39.2038
0.999361 0.00126128 -0.0359274 -0.894707 -0.000436521 0.999739 0.0229655 0.0973281 0.0359466 -0.0229356 0.999097 39.8403
0.999482 0.00458823 -0.0320498 -0.924256 -0.00375851 0.99966 0.025887 0.10496 0.0321578 -0.0257532 0.99916 40.4736
0.999554 0.00865575 -0.028844 -0.951437 -0.00778326 0.999515 0.0302371 0.119647 0.0290914 -0.0299995 0.999134 41.0919
0.99963 0.012736 -0.0243477 -0.977544 -0.0119638 0.999432 0.0315831 0.131123 0.0247364 -0.0312801 0.999214 41.6885
0.999734 0.0145438 -0.0183231 -0.995051 -0.0139576 0.999401 0.0317413 0.144283 0.0187735 -0.0314776 0.999336 42.2751
0.99975 0.0182069 -0.0135542 -1.01467 -0.0177413 0.999277 0.0336801 0.149715 0.0141579 -0.0334311 0.99935 42.8542
0.999756 0.0214001 -0.0068368 -1.02722 -0.0211516 0.999181 0.0345852 0.166522 0.00757092 -0.0344326 0.999386 43.4026
0.99974 0.0231556 0.000917421 -1.03301 -0.023173 0.999134 0.0346333 0.174161 -0.000114408 -0.0346455 0.999409 43.9326
0.999681 0.0244044 0.0078382 -1.03254 -0.0246625 0.999097 0.0346864 0.178743 -0.00698501 -0.0348689 0.999376 44.4403
0.999537 0.0265105 0.0155065 -1.03307 -0.0270322 0.999041 0.0345036 0.187771 -0.0145766 -0.0349067 0.999294 44.9302
0.999267 0.0301483 0.0239933 -1.02552 -0.0309415 0.998966 0.0334023 0.204195 -0.0229618 -0.0341205 0.999163 45.3992
0.999027 0.0308615 0.0317787 -1.01407 -0.0319001 0.998957 0.0327335 0.205227 -0.030735 -0.0337153 0.998969 45.8419
0.998713 0.0313159 0.0401786 -0.994962 -0.0326226 0.998949 0.032287 0.218906 -0.0391256 -0.0335565 0.99868 46.2608
0.998398 0.0307958 0.0476551 -0.970729 -0.0323711 0.998945 0.0326606 0.212513 -0.0465985 -0.0341509 0.99834 46.6613
0.99796 0.0316276 0.0556729 -0.952172 -0.0334876 0.998904 0.0327979 0.218603 -0.0545748 -0.0345956 0.99792 47.0357
0.997343 0.0333514 0.0649352 -0.933885 -0.0355132 0.998846 0.0324378 0.217746 -0.0637778 -0.0346575 0.997373 47.3944
0.996641 0.0368447 0.0733163 -0.918346 -0.0392888 0.998712 0.0321774 0.225804 -0.0720366 -0.03495 0.9968 47.7194
0.995811 0.0398862 0.0824109 -0.901131 -0.0426762 0.998567 0.0323843 0.235049 -0.0810005 -0.0357654 0.996083 48.0292
0.995114 0.0391759 0.0907692 -0.872516 -0.0422815 0.998578 0.0325479 0.235924 -0.0893653 -0.036227 0.995351 48.3285
0.99413 0.0389009 0.101078 -0.843588 -0.0423167 0.998599 0.0318798 0.245183 -0.0996959 -0.0359698 0.994379 48.5947
0.992863 0.038084 0.113141 -0.804191 -0.0416504 0.998705 0.0293265 0.249126 -0.111878 -0.0338297 0.993157 48.8642
0.991259 0.0386325 0.126245 -0.763734 -0.0422704 0.998764 0.0262714 0.252659 -0.125073 -0.0313781 0.991663 49.1333
0.989195 0.0385799 0.141536 -0.724993 -0.042606 0.998769 0.0255254 0.261091 -0.140377 -0.0312801 0.989616 49.3926
0.986642 0.0387796 0.158299 -0.67783 -0.043253 0.998756 0.0249161 0.264394 -0.157135 -0.03143 0.987089 49.6521
0.983821 0.0387771 0.17499 -0.627689 -0.0436918 0.998752 0.0243199 0.263264 -0.173828 -0.0315721 0.984282 49.8972
0.980454 0.0382312 0.193062 -0.563233 -0.0435739 0.998777 0.023506 0.263777 -0.191926 -0.0314588 0.980917 50.1554
0.976446 0.0371538 0.212603 -0.488596 -0.0430502 0.998807 0.0231716 0.270327 -0.211488 -0.0317785 0.976876 50.4086
0.97186 0.0373335 0.232638 -0.421046 -0.0437548 0.998791 0.0225047 0.274519 -0.231516 -0.0320502 0.972315 50.6462
0.966458 0.0384498 0.253985 -0.348666 -0.0453846 0.998741 0.0214996 0.28239 -0.252838 -0.0323055 0.966982 50.8891
0.960108 0.0387695 0.276979 -0.26228 -0.0462208 0.998725 0.0204249 0.28421 -0.275833 -0.0324121 0.960672 51.1339
0.952984 0.0393851 0.300499 -0.18801 -0.0475417 0.998675 0.0198775 0.275604 -0.299317 -0.0332292 0.953588 51.3842
0.944647 0.0404779 0.325625 -0.0901772 -0.049384 0.998599 0.0191314 0.283694 -0.324392 -0.0341529 0.945319 51.6428
0.934674 0.041166 0.353157 0.010145 -0.0508098 0.998547 0.0180766 0.280205 -0.351899 -0.0348395 0.935404 51.8935
0.923581 0.0412189 0.381217 0.114892 -0.0515238 0.998532 0.0168627 0.27759 -0.379961 -0.0352157 0.924346 52.1268
0.910672 0.0409509 0.411133 0.243073 -0.0518612 0.998538 0.0154133 0.270432 -0.4099 -0.0353582 0.91146 52.3562
0.895304 0.0401637 0.443673 0.381744 -0.0514039 0.998591 0.0133327 0.274792 -0.442511 -0.0347432 0.896105 52.5952
0.877987 0.0400427 0.477039 0.530378 -0.0515598 0.998611 0.0110709 0.283319 -0.475933 -0.034316 0.878828 52.8165
0.858176 0.0405103 0.511782 0.692789 -0.052293 0.998597 0.00864346 0.291201 -0.510711 -0.0341801 0.859087 53.0536
0.836292 0.0409598 0.546782 0.86021 -0.0529132 0.998583 0.00612414 0.294973 -0.545755 -0.0340533 0.837269 53.2762
0.811682 0.0414344 0.582654 1.05061 -0.0535882 0.998559 0.00364239 0.293112 -0.581661 -0.0341797 0.812729 53.5101
0.784165 0.0436184 0.619043 1.25712 -0.0568806 0.998382 0.00170486 0.287286 -0.617966 -0.0365481 0.785373 53.7551
0.754527 0.0445429 0.65478 1.47409 -0.0581127 0.998312 -0.000946419 0.277161 -0.653714 -0.0373369 0.755838 53.9881
0.721549 0.0443227 0.690967 1.72229 -0.058147 0.998305 -0.00331735 0.263182 -0.689942 -0.0377837 0.722899 54.2215
0.68466 0.0432777 0.727599 2.00325 -0.0573086 0.998345 -0.00545458 0.248945 -0.726627 -0.0379631 0.686003 54.4625
0.645691 0.0427836 0.762422 2.29701 -0.0570614 0.998344 -0.00769822 0.245075 -0.761487 -0.0385337 0.647058 54.6839
0.603171 0.0425522 0.796497 2.62705 -0.0567347 0.998338 -0.010371 0.239227 -0.79561 -0.0389335 0.60458 54.9114
0.557429 0.0420094 0.829182 2.96748 -0.0558498 0.998357 -0.0130352 0.232296 -0.828365 -0.0390429 0.558856 55.1144
0.509256 0.0412173 0.859647 3.34514 -0.0546826 0.998387 -0.015475 0.223818 -0.858893 -0.0391269 0.510685 55.3157
0.460096 0.0401638 0.88698 3.74777 -0.0537863 0.998406 -0.0173098 0.210501 -0.886258 -0.0397426 0.46152 55.5097
0.41074 0.0371286 0.911015 4.15767 -0.0552573 0.998351 -0.0157744 0.200257 -0.910093 -0.0438611 0.412111 55.6842
0.360799 0.0366632 0.931943 4.59984 -0.0588383 0.998136 -0.0164886 0.193603 -0.930805 -0.0488842 0.36228 55.8468
0.311177 0.0363134 0.949677 5.05841 -0.058534 0.998109 -0.0189854 0.201105 -0.948564 -0.0496805 0.312712 55.987
0.263999 0.0324217 0.963998 5.52977 -0.0513961 0.998494 -0.0195069 0.181698 -0.963172 -0.0443952 0.265265 56.0876
0.219658 0.0272383 0.975216 6.02692 -0.0405519 0.999005 -0.0187686 0.17145 -0.97475 -0.0354243 0.220542 56.1654
0.177205 0.0243363 0.983894 6.5372 -0.0331785 0.999281 -0.0187415 0.148768 -0.983634 -0.0293224 0.177883 56.2313
0.138781 0.0266191 0.989985 7.05648 -0.030928 0.999272 -0.0225331 0.160629 -0.989856 -0.0274913 0.139501 56.2897
0.105254 0.0260754 0.994125 7.58659 -0.0252026 0.999412 -0.0235459 0.145148 -0.994146 -0.0225757 0.105848 56.332
0.0757465 0.0243932 0.996848 8.13245 -0.0191098 0.999557 -0.0230073 0.13225 -0.99696 -0.0173072 0.076178 56.3577
0.0505161 0.0226611 0.998488 8.69378 -0.0150177 0.999653 -0.021928 0.130052 -0.99863 -0.0138869 0.0508379 56.3734
0.0301733 0.0211404 0.999341 9.26623 -0.0116902 0.99972 -0.0207953 0.11861 -0.999492 -0.0110554 0.0304112 56.3806
0.0135847 0.0215142 0.999699 9.84945 -0.0113063 0.999714 -0.0213612 0.116572 -0.999864 -0.0110123 0.0138236 56.387
0.000406829 0.0214734 0.99979 10.4396 -0.0107657 0.999717 -0.0214674 0.107895 -0.999958 -0.0107552 0.000637219 56.383
-0.0116849 0.0217163 0.999718 11.0434 -0.0105354 0.999711 -0.0218396 0.099619 -0.999897 -0.0107873 -0.0114529 56.3745
-0.0209339 0.0233739 0.999529 11.6533 -0.00718359 0.999702 -0.0235283 0.0882837 -0.999771 -0.00767316 -0.0207603 56.3581
-0.0282462 0.0233539 0.99935 12.2771 -0.0054294 0.999713 -0.0235162 0.0829244 -0.999607 -0.00608985 -0.0281114 56.3395
-0.0325767 0.0232003 0.999221 12.9128 -0.00541082 0.999716 -0.0233881 0.0780986 -0.99947 -0.00616893 -0.0324424 56.3178
-0.0368864 0.0221017 0.999098 13.5599 -0.00629705 0.999735 -0.0223486 0.0683439 -0.999321 -0.00711541 -0.0367374 56.3018
-0.0381685 0.0163097 0.99916 14.2376 -0.00798949 0.999835 -0.0166259 0.0609378 -0.999255 -0.00861783 -0.0380323 56.2851
-0.0394282 0.0101267 0.999195 14.9124 -0.00730354 0.999924 -0.0104226 0.0474511 -0.999219 -0.00770828 -0.0393511 56.2605
-0.0398889 0.00739573 0.9992 15.5977 -0.00435784 0.999967 -0.00757534 0.035261 -0.999211 -0.00465702 -0.0398558 56.2294
-0.0404963 0.00879843 0.999165 16.2779 -0.00364686 0.999958 -0.0089536 0.0328917 -0.999196 -0.00400615 -0.0404625 56.2022
-0.0391448 0.014381 0.999153 16.9757 -0.00208189 0.999898 -0.0144732 0.0230172 -0.999249 -0.00264719 -0.0391113 56.1742
-0.0372263 0.0207562 0.999115 17.6747 -0.00210432 0.999785 -0.020849 0.0132274 -0.999328 -0.00287835 -0.0371746 56.1511
-0.0349015 0.0217486 0.999177 18.3796 -0.00144385 0.999766 -0.0218117 0.0210232 -0.999407 -0.00220444 -0.0348624 56.1346
-0.0320906 0.0191456 0.999326 19.1178 -0.00162778 0.999819 -0.019208 0.00279048 -0.999507 -0.00224282 -0.0320537 56.1135
-0.029467 0.0119625 0.999518 19.8534 -0.00106805 0.999932 -0.0119988 -0.0204977 -0.999583 -0.00142162 -0.0294529 56.0945
-0.0275587 0.00965811 0.999598 20.5813 -0.000224217 0.999959 -0.0096685 -0.0412611 -0.999645 -0.000490315 -0.0275555 56.0785
-0.0238802 0.0140449 0.99964 21.309 0.00568419 0.999892 -0.0139125 -0.0686262 -0.999717 0.00534939 -0.0239581 56.0571
-0.0206959 0.0186062 0.999638 22.0304 0.00844236 0.9998 -0.0184352 -0.093044 -0.999776 0.00805796 -0.020849 56.0407
-0.0190577 0.0182368 0.999676 22.7581 0.00613751 0.999822 -0.0181223 -0.106046 -0.999818 0.00578966 -0.019167 56.0362
-0.0148887 0.0144659 0.99981 23.4981 0.00149354 0.999901 -0.0144458 -0.113574 -0.999914 0.00127842 -0.014909 56.0387
-0.0106824 0.0123755 0.999891 24.2265 0.00367474 0.999923 -0.0123366 -0.128124 -0.999955 0.00354222 -0.0107278 56.0304
-0.00826936 0.0129577 0.999907 24.9567 0.00903487 0.999883 -0.0128835 -0.163283 -0.999951 0.00892769 -0.00838576 56.0237
-0.00454699 0.0138469 0.999919 25.6983 0.00763831 0.999881 -0.0138115 -0.175355 -0.99998 0.00757458 -0.00465296 56.0246
-0.00100499 0.0137301 0.999931 26.4335 0.00682041 0.999889 -0.0137235 -0.182168 -1 0.0068063 -0.00109884 56.0302
0.00191099 0.0126856 0.999943 27.1708 0.00686249 0.999901 -0.012698 -0.204817 -0.999995 0.00688608 0.00182286 56.0403
0.00622864 0.0116327 0.99994 27.9136 0.00843775 0.999903 -0.0116858 -0.21744 -0.999971 0.00851015 0.00612949 56.0433
0.00957407 0.010305 0.999927 28.6504 0.013282 0.999863 -0.0104314 -0.245585 -0.999887 0.0133806 0.00943492 56.0458
0.0118959 0.0104135 0.999902 29.3808 0.0129107 0.999867 -0.0105679 -0.25394 -0.999872 0.0130352 0.0117594 56.0544
0.0153535 0.0102187 0.999855 30.1274 0.0124293 0.999874 -0.0104096 -0.261352 -0.999825 0.0125871 0.0152235 56.068
0.0186045 0.00977603 0.999807 30.871 0.0129044 0.999873 -0.0100179 -0.26999 -0.99977 0.0130885 0.0184755 56.0831
0.0214508 0.00920442 0.999753 31.6114 0.0136611 0.999867 -0.00949847 -0.288567 -0.999698 0.0138613 0.0213212 56.1007
0.0250411 0.00930882 0.999672 32.3576 0.0124947 0.999882 -0.0096249 -0.295508 -0.999635 0.0127318 0.0249213 56.1224
0.0291824 0.0115023 0.999533 33.1288 0.01076 0.999877 -0.0118203 -0.298354 -0.999538 0.0110998 0.0290539 56.1469
0.0313232 0.0112729 0.999476 33.8767 0.0120452 0.999866 -0.0116559 -0.317623 -0.999464 0.0124042 0.0311826 56.1724
0.0347296 0.0111137 0.999361 34.6297 0.0109549 0.999879 -0.0115001 -0.321319 -0.999359 0.0113471 0.0346025 56.2054
0.0352558 0.011019 0.999347 35.3893 0.00995923 0.999891 -0.0113776 -0.33371 -0.999355 0.0103541 0.0351416 56.2388
0.0397537 0.0109152 0.999177 36.0896 0.0098014 0.999894 -0.0113129 -0.33805 -0.999185 0.010243 0.0396407 56.2703
0.0416711 0.0116077 0.999093 36.8462 0.00853365 0.999898 -0.0119742 -0.344487 -0.999121 0.00902519 0.041567 56.3061
0.0445541 0.0142317 0.998933 37.607 0.00818965 0.999865 -0.0146101 -0.363211 -0.998997 0.00883176 0.0444298 56.3467
0.0481478 0.0158101 0.998744 38.3853 0.00787165 0.999844 -0.0162081 -0.370992 -0.998835 0.00864249 0.048015 56.3799
0.0513334 0.017167 0.998561 39.1571 0.00307147 0.99985 -0.0173469 -0.386115 -0.9987 0.00395748 0.0512711 56.4288
0.0536045 0.0171267 0.998445 39.9365 -0.000585811 0.99986 -0.0171206 -0.386645 -0.998588 0.000333316 0.053606 56.4867
0.0573427 0.0161193 0.998251 40.7204 0.000215704 0.999875 -0.0161578 -0.41782 -0.998378 0.00114186 0.0573301 56.5354
0.0612187 0.01656 0.998016 41.5028 -8.43825e-05 0.999868 -0.0165866 -0.434555 -0.998151 0.000931673 0.061211 56.5841
0.0643149 0.016897 0.997814 42.2923 -0.00251532 0.999861 -0.0167693 -0.444686 -0.99795 -0.00143128 0.0643465 56.6421
0.0691607 0.0155375 0.997513 43.0874 -0.00254582 0.999884 -0.0153991 -0.455683 -0.997629 -0.001474 0.0691912 56.7025
0.0738383 0.0151019 0.997184 43.8823 -0.00203813 0.999891 -0.0149918 -0.47717 -0.997292 -0.000925277 0.073859 56.7622
0.0781355 0.0183668 0.996803 44.6791 -0.00476777 0.999831 -0.01805 -0.482417 -0.996959 -0.00334169 0.0782087 56.8379
0.084785 0.0258539 0.996092 45.4751 -0.00625274 0.999663 -0.0254141 -0.5055 -0.996404 -0.0040734 0.084916 56.9142
0.0922847 0.0304745 0.995295 46.2756 -0.00742869 0.99953 -0.0299165 -0.534529 -0.995733 -0.00463243 0.0924663 56.9873
0.0991056 0.0329512 0.99456 47.0798 -0.0107454 0.999434 -0.0320417 -0.558161 -0.995044 -0.00751134 0.0994015 57.087
0.107327 0.0315853 0.993751 47.8926 -0.0117767 0.999471 -0.0304964 -0.583286 -0.994183 -0.00842953 0.10764 57.1783
0.115167 0.0303112 0.992913 48.7067 -0.0121668 0.999508 -0.0291012 -0.61419 -0.993297 -0.00872893 0.115477 57.2775
0.121874 0.0287503 0.992159 49.5221 -0.0123098 0.999552 -0.0274536 -0.639328 -0.992499 -0.00886684 0.122172 57.3814
0.130479 0.0242818 0.991183 50.3408 -0.0130374 0.999661 -0.0227731 -0.654879 -0.991392 -0.00995086 0.130749 57.4988
0.137855 0.0178527 0.990322 51.1543 -0.0139907 0.999778 -0.0160768 -0.669819 -0.990384 -0.0116385 0.138073 57.6214
0.14469 0.0158744 0.98938 51.9606 -0.014126 0.999808 -0.0139757 -0.689244 -0.989403 -0.0119537 0.144884 57.7473
0.152672 0.0174332 0.988154 52.7542 -0.0146313 0.999779 -0.015379 -0.70851 -0.988199 -0.0121094 0.152891 57.8715
0.158727 0.0220389 0.987107 53.5418 -0.0150579 0.999694 -0.0198984 -0.740552 -0.987235 -0.0117051 0.159008 58.0023
0.163157 0.023928 0.986341 54.3224 -0.0149498 0.999656 -0.0217794 -0.767962 -0.986518 -0.0111916 0.163456 58.1355
0.169099 0.0247757 0.985319 55.0999 -0.0150592 0.999637 -0.0225511 -0.788931 -0.985513 -0.0110245 0.169408 58.2737
0.17461 0.0242699 0.98437 55.8686 -0.0154986 0.999645 -0.0218986 -0.804219 -0.984547 -0.0114321 0.174922 58.4191
0.178933 0.0216394 0.983655 56.6254 -0.0141938 0.999716 -0.0194106 -0.83647 -0.983788 -0.0104882 0.179186 58.5594
0.184438 0.0156816 0.98275 57.3885 -0.0126831 0.999832 -0.0135751 -0.848645 -0.982794 -0.00996 0.184603 58.7032
0.187905 0.00883298 0.982181 58.1415 -0.0129291 0.9999 -0.0065185 -0.86669 -0.982132 -0.0114734 0.187998 58.8534
0.190427 0.00599516 0.981715 58.8753 -0.0143503 0.999896 -0.00332372 -0.861635 -0.981629 -0.0134544 0.190491 59.0096
0.19453 0.00519949 0.980916 59.6061 -0.0155261 0.999883 -0.00222064 -0.880506 -0.980804 -0.0147974 0.194585 59.1611
0.196152 0.00553596 0.98059 60.3195 -0.0165372 0.999866 -0.0023379 -0.883166 -0.980466 -0.0157571 0.196215 59.3114
0.198978 0.00723887 0.980012 61.0313 -0.0181445 0.999834 -0.00370094 -0.88892 -0.979867 -0.0170451 0.199073 59.4665
0.20083 0.0116612 0.979589 61.7245 -0.0188608 0.999795 -0.00803607 -0.896529 -0.979478 -0.0168614 0.201006 59.619
0.202133 0.0170213 0.979245 62.4043 -0.0203485 0.999712 -0.0131764 -0.903473 -0.979178 -0.0172624 0.202418 59.7696
0.204727 0.0173754 0.978698 63.0842 -0.0192788 0.999726 -0.013717 -0.919754 -0.978663 -0.0160594 0.205003 59.9144
0.206232 0.0172222 0.978385 63.7515 -0.0196425 0.999722 -0.013457 -0.915249 -0.978337 -0.0164423 0.20651 60.0629
0.20655 0.0155871 0.978345 64.4165 -0.019633 0.999744 -0.011784 -0.932052 -0.978271 -0.0167734 0.206801 60.2076
0.207991 0.0148008 0.978053 65.0676 -0.0202057 0.999743 -0.0108319 -0.939685 -0.977954 -0.0175089 0.208233 60.349
0.207876 0.0142811 0.978084 65.7137 -0.0207302 0.999739 -0.0101924 -0.955874 -0.977968 -0.0181567 0.208115 60.4876
0.206126 0.013844 0.978462 66.3478 -0.0209813 0.999738 -0.00972485 -0.966712 -0.978332 -0.0185245 0.20636 60.627
0.2049 0.0138118 0.978719 66.9673 -0.0217337 0.999725 -0.00955915 -0.978315 -0.978574 -0.0193121 0.205142 60.7613
0.201805 0.0140974 0.97936 67.581 -0.0225144 0.999705 -0.0097508 -0.992581 -0.979199 -0.0200815 0.20206 60.8922
0.200401 0.0187964 0.979568 68.1826 -0.0228059 0.999642 -0.0145168 -1.01345 -0.979481 -0.0194304 0.200756 61.0186
0.198161 0.0186031 0.980029 68.7784 -0.0214095 0.999669 -0.0146467 -1.02495 -0.979968 -0.0180792 0.198491 61.1384
0.195307 0.0180617 0.980611 69.3697 -0.0213332 0.999678 -0.0141649 -1.0286 -0.980543 -0.0181527 0.195628 61.2608
0.193745 0.0167568 0.980945 69.9482 -0.0214116 0.999694 -0.0128478 -1.03399 -0.980851 -0.0185141 0.194042 61.3794
0.191753 0.0153193 0.981359 70.5156 -0.0213224 0.999714 -0.0114403 -1.05053 -0.981245 -0.018731 0.192023 61.4932
0.189075 0.0137148 0.981903 71.0757 -0.0201136 0.999752 -0.0100908 -1.07613 -0.98179 -0.0178414 0.189302 61.5966
0.18787 0.0159585 0.9821 71.6177 -0.0169523 0.999778 -0.0130037 -1.094 -0.982081 -0.0142056 0.188097 61.6997
0.18535 0.0158328 0.982581 72.1627 -0.0144934 0.99981 -0.0133763 -1.11266 -0.982599 -0.0117614 0.185542 61.7986
0.182976 0.0159473 0.983024 72.707 -0.0143641 0.999811 -0.0135468 -1.11561 -0.983046 -0.0116414 0.183169 61.8986
0.182179 0.0158554 0.983174 73.2422 -0.0144223 0.99981 -0.0134512 -1.12432 -0.983193 -0.0117288 0.182371 62.0027
0.180959 0.0151597 0.98341 73.7923 -0.013158 0.999835 -0.0129927 -1.13522 -0.983437 -0.0105882 0.181127 62.1037
0.180437 0.013393 0.983532 74.3432 -0.0107716 0.999879 -0.0116394 -1.16317 -0.983562 -0.00849376 0.180557 62.1977
0.183214 0.0116362 0.983041 74.8815 -0.00669732 0.999928 -0.0105889 -1.1799 -0.983086 -0.00464342 0.183277 62.2889
0.185028 0.0107851 0.982711 75.4379 -0.00464839 0.999943 -0.0100989 -1.19005 -0.982756 -0.00269917 0.185065 62.3907
0.187843 0.010628 0.982179 75.9933 -0.00543198 0.999943 -0.00978249 -1.19373 -0.98222 -0.00349727 0.187888 62.5057
0.193292 0.0112201 0.981115 76.5634 -0.00747102 0.999928 -0.00996333 -1.1942 -0.981147 -0.00540385 0.19336 62.6395
0.199569 0.0103011 0.979868 77.1241 -0.0062976 0.999944 -0.00923068 -1.20648 -0.979901 -0.00432835 0.19962 62.7497
0.207107 0.00982554 0.978307 77.6921 -0.0063918 0.999947 -0.00868976 -1.20922 -0.978332 -0.00445321 0.207156 62.8757
0.215491 0.00913647 0.976502 78.2643 -0.00598386 0.999956 -0.00803656 -1.21357 -0.976525 -0.00411118 0.215534 63.0087
0.224799 0.0085774 0.974407 78.8414 -0.00627916 0.999958 -0.00735382 -1.21845 -0.974421 -0.00446499 0.224841 63.153
0.234039 0.00858899 0.972228 79.4294 -0.0073557 0.999954 -0.00706437 -1.23145 -0.972237 -0.00549785 0.234089 63.3027
0.244178 0.0108615 0.969709 80.009 -0.0111231 0.999908 -0.00839904 -1.22986 -0.969702 -0.0087349 0.244274 63.4643
0.253416 0.0122327 0.96732 80.6102 -0.0130368 0.999878 -0.00923037 -1.23065 -0.967308 -0.0102714 0.253542 63.6331
0.264941 0.0131947 0.964214 81.2079 -0.014524 0.999853 -0.00969179 -1.22597 -0.964191 -0.0114361 0.265091 63.811
0.275469 0.0136963 0.961252 81.8228 -0.0152756 0.99984 -0.00986978 -1.23616 -0.961228 -0.0119646 0.275631 63.9949
0.285763 0.0143519 0.958233 82.4436 -0.0164842 0.999818 -0.0100591 -1.2355 -0.958195 -0.0129207 0.285945 64.1917
0.295619 0.0142943 0.955239 83.0788 -0.0167035 0.999817 -0.00979344 -1.24653 -0.9552 -0.0130603 0.295801 64.3982
0.305736 0.0149554 0.95204 83.7216 -0.0184197 0.999787 -0.00979046 -1.24355 -0.951976 -0.0145425 0.305943 64.6159
0.316692 0.0109257 0.948506 84.3244 -0.0170142 0.999844 -0.00583752 -1.24106 -0.948417 -0.0142889 0.316825 64.8302
0.325725 0.00361253 0.9455 84.9995 -0.0144668 0.999899 0.00116332 -1.25988 -0.945392 -0.0140567 0.325743 65.072
0.337262 -0.000134409 0.941452 85.679 -0.0121079 0.999923 0.00447891 -1.26076 -0.941376 -0.0129091 0.33723 65.3107
0.347729 -0.00220389 0.937636 86.3616 -0.0106671 0.999928 0.00630611 -1.25422 -0.937573 -0.0121942 0.347678 65.5695
0.35592 -0.00471107 0.934547 87.0596 -0.00708898 0.999951 0.00773927 -1.25975 -0.934533 -0.00937897 0.355865 65.8342
0.364373 -0.00828661 0.93126 87.7568 -0.00125438 0.999958 0.00938841 -1.24605 -0.931291 -0.0045887 0.364346 66.1019
0.372238 -0.0178889 0.928009 88.4697 0.00882243 0.999842 0.0157334 -1.24576 -0.928139 0.0023313 0.372333 66.3723
0.378174 -0.0228882 0.925496 89.1981 0.0145514 0.99972 0.0187777 -1.24984 -0.92566 0.00636623 0.378399 66.6659
0.385801 -0.0237873 0.922319 89.9061 0.0170735 0.999684 0.0186395 -1.23764 -0.922469 0.00855663 0.386082 66.9606
0.392324 -0.0185711 0.919685 90.6259 0.0189997 0.999749 0.0120827 -1.23278 -0.919671 0.0127335 0.392576 67.2677
0.400021 -0.0146262 0.916434 91.3298 0.022735 0.999728 0.00603041 -1.22076 -0.91627 0.0184233 0.40024 67.5708
0.405566 -0.0141234 0.914002 92.0417 0.0219717 0.999745 0.00569872 -1.21277 -0.913842 0.0177711 0.405771 67.8874
0.410207 -0.0121674 0.911956 92.749 0.0158267 0.999861 0.00621981 -1.2088 -0.911902 0.0118825 0.410337 68.2222
0.415092 -0.0092039 0.909779 93.4361 0.0113294 0.999926 0.00494657 -1.20236 -0.909751 0.00825425 0.415164 68.5504
0.419102 -0.00831653 0.907947 94.1178 0.0103248 0.999943 0.0043919 -1.21942 -0.907927 0.00753428 0.419159 68.87
0.422966 -0.0069607 0.906165 94.7963 0.00931201 0.999954 0.00333442 -1.2097 -0.90614 0.00702819 0.423009 69.1942
0.426861 -0.00551498 0.904347 95.4596 0.00799584 0.999971 0.00232258 -1.20303 -0.90433 0.00624018 0.426887 69.5173
0.430831 -0.00630399 0.902457 96.1182 0.00813259 0.999964 0.00310252 -1.19963 -0.902439 0.00600299 0.430865 69.8377
0.434196 -0.00831836 0.900827 96.7745 0.0086155 0.999956 0.00507955 -1.21577 -0.900826 0.00555613 0.434243 70.1575
0.4382 -0.00977607 0.898871 97.4148 0.00927145 0.999939 0.0063553 -1.20882 -0.898873 0.00554919 0.438262 70.471
0.440965 -0.0104047 0.897511 98.045 0.00935788 0.999937 0.00699282 -1.20994 -0.897524 0.00531574 0.44103 70.7886
0.444966 -0.00983711 0.895541 98.6591 0.00844371 0.999943 0.00678836 -1.21113 -0.895551 0.00454144 0.445022 71.1024
0.447602 -0.009998 0.894225 99.2705 0.0086223 0.999944 0.00686264 -1.21963 -0.89424 0.00463903 0.447658 71.4099
0.449539 -0.0112446 0.893238 99.8753 0.00979559 0.999925 0.00765771 -1.22398 -0.893251 0.0053077 0.449613 71.714
0.450744 -0.0119953 0.892621 100.474 0.0104938 0.999916 0.00813663 -1.23376 -0.89264 0.00569997 0.450828 72.0186
0.45291 -0.012103 0.891524 101.054 0.010083 0.999915 0.00845203 -1.22555 -0.891544 0.00516146 0.452992 72.3188
0.453342 -0.0121692 0.891302 101.628 0.0115943 0.999907 0.00775335 -1.233 -0.891309 0.00681961 0.453437 72.622
0.455412 -0.0111312 0.890261 102.194 0.0110841 0.999917 0.00683211 -1.23484 -0.890257 0.00675658 0.455496 72.9177
0.458591 -0.0119856 0.888616 102.746 0.0122656 0.999903 0.00715535 -1.24055 -0.888611 0.00761862 0.45869 73.2006
0.46083 -0.0127604 0.887447 103.308 0.0142754 0.999875 0.00696415 -1.25296 -0.887419 0.00945958 0.460953 73.4876
0.46299 -0.0135578 0.886309 103.853 0.0154191 0.999858 0.0072389 -1.26358 -0.886279 0.0103153 0.46313 73.7655
0.466344 -0.0143207 0.884537 104.379 0.016316 0.999839 0.00758553 -1.26718 -0.884499 0.010895 0.466502 74.0397
0.469154 -0.0148977 0.88304 104.898 0.0167314 0.999831 0.00797761 -1.27036 -0.883008 0.0110325 0.46932 74.3187
0.471751 -0.0153327 0.881649 105.428 0.0162164 0.999832 0.00871112 -1.27909 -0.88163 0.010188 0.471919 74.5966
0.475102 -0.0160477 0.879835 105.932 0.0174597 0.999812 0.00880686 -1.27886 -0.879809 0.0111784 0.475288 74.8683
0.478458 -0.0155336 0.878024 106.442 0.0170548 0.999821 0.00839514 -1.27456 -0.877992 0.0109583 0.478636 75.1483
0.482191 -0.0161277 0.875968 106.939 0.0198678 0.999778 0.00746952 -1.27408 -0.875892 0.0138026 0.4824 75.4309
0.486535 -0.0136234 0.873607 107.434 0.0186226 0.999815 0.00522057 -1.26988 -0.873511 0.0137293 0.486697 75.7139
0.491972 -0.00814718 0.870623 107.923 0.0161856 0.999872 0.000209444 -1.26813 -0.870512 0.0139893 0.492036 76.0011
0.497723 -0.00121315 0.867387 108.411 0.0113304 0.999925 -0.00510271 -1.27299 -0.86731 0.012368 0.497698 76.2987
0.504285 0.00489924 0.863574 108.891 0.00688353 0.999932 -0.00969355 -1.27408 -0.863562 0.0108336 0.504212 76.5972
0.510307 0.00922428 0.859995 109.386 0.00406769 0.999908 -0.0131383 -1.28095 -0.860031 0.0102033 0.510221 76.9
0.516172 0.00958682 0.856484 109.868 0.00135008 0.999931 -0.0120073 -1.28838 -0.856537 0.00735492 0.516118 77.206
0.521921 0.00833947 0.853007 110.364 -0.0038338 0.999969 -0.00743013 -1.29459 -0.853035 0.000608132 0.521935 77.5285
0.527821 0.00572546 0.84939 110.876 -0.00829222 0.999968 -0.00158885 -1.29547 -0.849369 -0.00620378 0.527847 77.8623
0.534444 0.00389874 0.84525 111.379 -0.0136319 0.999904 0.00400767 -1.30123 -0.845144 -0.0136638 0.534443 78.1986
0.540651 0.00219527 0.841299 111.895 -0.0151771 0.999864 0.00714308 -1.30552 -0.841165 -0.0166295 0.540606 78.5451
0.546856 0.00470073 0.83727 112.417 -0.0187073 0.999808 0.00660564 -1.30492 -0.837069 -0.0192749 0.546835 78.898
0.553729 0.00851637 0.83271 112.933 -0.0220356 0.999753 0.004427 -1.29653 -0.832461 -0.0207996 0.553774 79.2646
0.559867 0.0114406 0.828561 113.46 -0.0240128 0.999714 0.00242224 -1.29718 -0.828286 -0.0212516 0.559979 79.6366
0.565719 0.0134562 0.824545 114.005 -0.0255968 0.999677 0.00124636 -1.28652 -0.824257 -0.0218097 0.565875 80.0196
0.572786 0.0137868 0.819647 114.548 -0.0264788 0.999654 0.00168986 -1.27759 -0.819329 -0.0226705 0.57295 80.4158
0.579499 0.0154489 0.814885 115.104 -0.0299884 0.999554 0.0023749 -1.27556 -0.814478 -0.0258123 0.579697 80.8247
0.585808 0.0141483 0.810386 115.674 -0.0297479 0.999556 0.00405354 -1.28237 -0.809957 -0.026481 0.585965 81.2467
0.594295 0.0122728 0.804213 116.247 -0.0290432 0.999566 0.00620707 -1.27707 -0.803781 -0.0270447 0.594387 81.6812
0.60169 0.0123288 0.798695 116.828 -0.0293958 0.999551 0.00671635 -1.27453 -0.798243 -0.0275185 0.60178 82.1269
0.609283 0.0135795 0.792897 117.407 -0.0309483 0.999506 0.00666233 -1.254 -0.792408 -0.0285969 0.609395 82.5921
0.617313 0.0146712 0.786642 117.998 -0.0321201 0.999469 0.00656608 -1.24146 -0.786117 -0.0293194 0.617453 83.074
0.624404 0.014792 0.781023 118.59 -0.0322558 0.999463 0.0068573 -1.22751 -0.780495 -0.0294732 0.624539 83.5633
0.629283 0.0137342 0.777118 119.192 -0.0314118 0.999483 0.00777268 -1.22639 -0.776598 -0.0293009 0.629385 84.0593
0.63354 0.0130139 0.773663 119.806 -0.0306773 0.999501 0.00830725 -1.2222 -0.773163 -0.0289958 0.633616 84.571
0.636743 0.0118443 0.771049 120.427 -0.02893 0.99955 0.00853708 -1.22151 -0.770591 -0.0277413 0.636796 85.0819
0.640468 0.00963748 0.767988 121.057 -0.0253344 0.999649 0.00858204 -1.22061 -0.767629 -0.024952 0.640481 85.599
0.643755 0.00554242 0.765276 121.695 -0.0196654 0.999769 0.00930264 -1.21046 -0.765037 -0.0210371 0.643713 86.1283
0.647032 -0.000311388 0.762528 122.333 -0.0133494 0.999849 0.0117346 -1.19568 -0.76241 -0.017771 0.646922 86.6675
0.650181 -0.00413417 0.759834 122.983 -0.00898051 0.99988 0.0131253 -1.18956 -0.759786 -0.0153565 0.650062 87.2147
0.653831 -0.00498337 0.75669 123.63 -0.00779164 0.999888 0.0133164 -1.16633 -0.756665 -0.0146016 0.653711 87.7793
0.656173 -0.00423923 0.754665 124.275 -0.0084049 0.999887 0.0129253 -1.16387 -0.754624 -0.0148231 0.65606 88.3408
0.661541 0.000616192 0.749976 124.928 -0.0129413 0.999867 0.0105926 -1.1393 -0.749863 -0.0167121 0.661453 88.9131
0.664414 0.00283846 0.747428 125.567 -0.0179385 0.999772 0.0121501 -1.1324 -0.747212 -0.0214794 0.66431 89.5077
0.667575 0.000549391 0.74461 126.223 -0.018396 0.999714 0.0157539 -1.12872 -0.744381 -0.0242138 0.667387 90.1013
0.671461 -0.00149838 0.741108 126.873 -0.0211217 0.999561 0.0211586 -1.10262 -0.740802 -0.0298593 0.67113 90.7024
0.674725 -0.00733597 0.738102 127.527 -0.0192202 0.999446 0.0275021 -1.09258 -0.737887 -0.0327417 0.674202 91.3082
0.679676 -0.00958377 0.733521 128.187 -0.0180977 0.9994 0.0298279 -1.07319 -0.733354 -0.033547 0.67909 91.9209
0.683364 -0.0112958 0.730062 128.848 -0.0136336 0.999518 0.0282252 -1.05625 -0.73002 -0.0292403 0.682872 92.5397
0.688609 -0.0138052 0.725073 129.492 -0.00305604 0.999763 0.0219386 -1.03927 -0.725192 -0.0173218 0.688399 93.1378
0.692933 -0.0116624 0.720981 130.158 0.000759255 0.999889 0.0154429 -1.02586 -0.721073 -0.0101526 0.692856 93.77
0.699252 -0.0109088 0.714864 130.798 0.00337855 0.999931 0.0119551 -1.02609 -0.714934 -0.00594328 0.699237 94.3963
0.704947 -0.0143333 0.70919 131.45 0.00586981 0.999888 0.0143727 -1.01059 -0.709309 -0.00596832 0.704943 95.0415
0.710606 -0.0200755 0.703378 132.099 0.00993611 0.999788 0.0184983 -1.01556 -0.703589 -0.00615506 0.71065 95.6931
0.715468 -0.0229525 0.698345 132.765 0.0151809 0.999744 0.0173043 -0.992743 -0.698556 -0.00177834 0.715623 96.3647
0.720662 -0.0209697 0.693046 133.392 0.0175419 0.999782 0.0120108 -0.990356 -0.693135 0.00350271 0.720868 97.0254
0.723768 -0.020401 0.689819 134.036 0.0180636 0.999789 0.0106143 -0.967275 -0.689883 0.00477907 0.723975 97.708
0.727358 -0.0226279 0.685962 134.661 0.0197251 0.999741 0.0120641 -0.962175 -0.686046 0.00475679 0.727611 98.3755
0.729695 -0.0289403 0.683238 135.302 0.0242514 0.99958 0.016438 -0.955613 -0.68342 0.0045753 0.730081 99.0564
0.73068 -0.0321262 0.682042 135.954 0.0268122 0.999481 0.0183556 -0.949834 -0.682266 0.00487587 0.731157 99.7472
0.731582 -0.0360177 0.68088 136.581 0.0299977 0.999345 0.0206314 -0.939893 -0.68117 0.00533176 0.732175 100.429
0.731698 -0.0381435 0.68064 137.217 0.0316136 0.999267 0.0220156 -0.921161 -0.680968 0.00540951 0.732361 101.115
0.73091 -0.0388712 0.681445 137.855 0.0320876 0.999239 0.022581 -0.898549 -0.681796 0.00536157 0.731593 101.812
0.731044 -0.0375429 0.681376 138.48 0.0305775 0.999294 0.0222547 -0.880644 -0.681718 0.00456635 0.73167 102.495
0.729366 -0.0356392 0.683275 139.118 0.0285097 0.999368 0.0216925 -0.852836 -0.683607 0.00365826 0.729912 103.187
0.728054 -0.0339254 0.684759 139.746 0.0268436 0.999429 0.0209759 -0.82708 -0.685067 0.0031105 0.728544 103.87
0.72636 -0.0326489 0.686619 140.383 0.0248439 0.999476 0.0212425 -0.803814 -0.686943 0.00162877 0.72678 104.559
0.724243 -0.0318409 0.688889 141.02 0.0231241 0.999503 0.0218883 -0.786147 -0.68923 7.82214e-05 0.724613 105.247
0.72135 -0.0327675 0.691875 141.671 0.0228324 0.999473 0.0235295 -0.772404 -0.692272 -0.00117557 0.721708 105.939
0.719526 -0.0338714 0.693718 142.308 0.0214454 0.999427 0.0265562 -0.752727 -0.694208 -0.00423011 0.719834 106.61
0.716592 -0.0367744 0.696603 142.952 0.0239078 0.999327 0.028161 -0.738621 -0.69716 -0.00352555 0.71698 107.278
0.714207 -0.0340986 0.699183 143.587 0.0233351 0.999427 0.0249062 -0.741346 -0.699619 -0.00147212 0.714587 107.93
0.710039 -0.0237425 0.703841 144.234 0.0185982 0.999726 0.0149611 -0.70583 -0.703994 0.00246725 0.710277 108.611
0.707967 -0.0183522 0.706086 144.87 0.0163915 0.99983 0.00955371 -0.693612 -0.706129 0.0048106 0.708141 109.255
0.704361 -0.0208488 0.709616 145.516 0.0160608 0.999791 0.0134318 -0.686824 -0.709738 0.00193629 0.704539 109.909
0.700724 -0.0235075 0.713124 146.157 0.0132195 0.999724 0.0199673 -0.675276 -0.713383 -0.00456379 0.700835 110.559
0.696939 -0.026423 0.716724 146.802 0.0123378 0.999626 0.0248549 -0.660929 -0.717103 -0.00847923 0.696994 111.201
0.693986 -0.0262683 0.719588 147.441 0.0116158 0.999623 0.0252904 -0.643528 -0.719968 -0.00919213 0.694023 111.827
0.690824 -0.0274526 0.722582 148.087 0.0126539 0.999597 0.0258787 -0.629596 -0.72299 -0.00873384 0.690883 112.454
0.686735 -0.0280906 0.726443 148.744 0.0147026 0.999596 0.0247558 -0.619043 -0.726831 -0.00631956 0.686864 113.074
0.683835 -0.0283534 0.729167 149.389 0.016982 0.999605 0.0229426 -0.613278 -0.729517 -0.00330614 0.684036 113.683
0.680049 -0.028213 0.732702 150.042 0.0179992 0.999611 0.0217863 -0.60443 -0.733018 -0.00162745 0.680286 114.297
0.675267 -0.0284082 0.737107 150.703 0.0180106 0.999606 0.0220248 -0.583837 -0.737432 -0.00159657 0.675503 114.905
0.671785 -0.0283248 0.740283 151.36 0.0168564 0.999606 0.022952 -0.561813 -0.740627 -0.00293996 0.671991 115.508
0.666704 -0.0287126 0.744849 152.03 0.0166537 0.999593 0.0236256 -0.553687 -0.745214 -0.00334646 0.666902 116.116
0.660511 -0.0276768 0.750385 152.697 0.0151162 0.999619 0.0235652 -0.524263 -0.750737 -0.00422171 0.660671 116.714
0.655291 -0.0227426 0.755114 153.371 0.0118474 0.999745 0.0198287 -0.506127 -0.755361 -0.00404712 0.655384 117.316
0.649374 -0.0171051 0.760355 154.045 0.00894884 0.999861 0.0148519 -0.49033 -0.760489 -0.00283979 0.64943 117.908
0.642068 -0.0152989 0.766574 154.735 0.00746621 0.99989 0.0137014 -0.475383 -0.766688 -0.00307358 0.642103 118.496
0.636017 -0.0207259 0.771475 155.446 0.00664267 0.999762 0.0213843 -0.470417 -0.771719 -0.00847565 0.635996 119.084
0.629519 -0.025224 0.776655 156.156 0.000812705 0.999505 0.0318027 -0.431673 -0.777061 -0.0193888 0.62922 119.69
0.621278 -0.0304562 0.783075 156.883 0.000864098 0.999283 0.0381809 -0.423703 -0.783661 -0.0230438 0.620852 120.278
0.61523 -0.0302144 0.787846 157.605 -0.00315102 0.999175 0.0407792 -0.381094 -0.788416 -0.0275705 0.614619 120.859
0.607113 -0.0292164 0.794155 158.341 -0.00395732 0.999213 0.0397868 -0.349472 -0.794676 -0.0272972 0.606513 121.434
0.599185 -0.0297459 0.800135 159.092 0.000687552 0.99934 0.0366362 -0.330869 -0.800685 -0.0214011 0.598803 121.991
0.593243 -0.0223763 0.804788 159.835 0.000217883 0.999631 0.0276342 -0.296399 -0.805094 -0.016218 0.593022 122.551
0.585684 -0.0207347 0.810351 160.59 0.00324194 0.999736 0.0232368 -0.278783 -0.810607 -0.0109819 0.58559 123.106
0.577526 -0.0244828 0.816079 161.368 0.00488161 0.999648 0.0265365 -0.250708 -0.816426 -0.0113414 0.577437 123.655
0.570885 -0.0311232 0.820515 162.142 0.00840238 0.999462 0.0320642 -0.240488 -0.82106 -0.0114102 0.570833 124.186
0.563646 -0.0315767 0.825486 162.903 0.007606 0.999437 0.0330383 -0.214994 -0.82605 -0.012343 0.563563 124.711
0.556662 -0.0314815 0.830217 163.663 0.0070619 0.999437 0.0331623 -0.182821 -0.830782 -0.0125967 0.556563 125.232
0.550133 -0.0324593 0.834519 164.424 0.00838578 0.99942 0.0333461 -0.154116 -0.835104 -0.0113463 0.55008 125.733
0.544618 -0.0389823 0.837852 165.189 0.0126337 0.999199 0.0382762 -0.150046 -0.838661 -0.0102602 0.544668 126.221
0.538767 -0.0405558 0.841551 165.948 0.0120724 0.999122 0.0404216 -0.124815 -0.842437 -0.011618 0.538777 126.712
0.535345 -0.0412018 0.843703 166.691 0.0116407 0.999087 0.0414027 -0.0881295 -0.844626 -0.0123428 0.535329 127.192
