1.000000000000000000e+00 0.000000000000000000e+00 -2.983140000000000619e-10 -4.656609999999999805e-10 -0.000000000000000000e+00 1.000000000000000000e+00 0.000000000000000000e+00 0.000000000000000000e+00 2.983140000000000619e-10 0.000000000000000000e+00 1.000000000000000000e+00 0.000000000000000000e+00
9.999960680478912067e-01 2.754850398441038937e-03 5.241068970754055902e-04 -1.289749999999999924e-02 -2.755610620589296882e-03 9.999951442573158378e-01 1.455359714195121699e-03 -3.077459999999999918e-02 -5.200950538586490268e-04 -1.456798226322329401e-03 9.999988036193157015e-01 7.522780000000000022e-01
9.999856604217260969e-01 5.263897760147630625e-03 9.850539553526872077e-04 -2.896649999999999919e-02 -5.266115797624157727e-03 9.999835737229757493e-01 2.262809897438733744e-03 -5.465899999999999925e-02 -9.731265746327650299e-04 -2.267964857894885257e-03 9.999969546753996186e-01 1.522639999999999993e+00
9.999804929485133220e-01 6.087811086251656255e-03 1.397239645371017901e-03 -4.148890000000000217e-02 -6.090042754291148143e-03 9.999801778287490395e-01 1.598539594279713713e-03 -7.586220000000000463e-02 -1.387480341983620422e-03 -1.607017660663844676e-03 9.999977461937297196e-01 2.276679999999999815e+00
9.999639136564034692e-01 8.434472523248826362e-03 1.015410371928553721e-03 -4.354269999999999669e-02 -8.435985882903463892e-03 9.999632982114107227e-01 1.495450547759580697e-03 -9.474280000000000201e-02 -1.002759767996796352e-03 -1.503962569980225742e-03 9.999983662833833442e-01 3.002180000000000071e+00
9.999645930526390725e-01 8.290186237591406354e-03 1.444109835123252080e-03 -5.369759999999999811e-02 -8.292299903450716519e-03 9.999645468098861123e-01 1.463859832868357694e-03 -1.151419999999999944e-01 -1.431922966182514172e-03 -1.475782993906676280e-03 9.999978858283520289e-01 3.713010000000000144e+00
9.999646213476504064e-01 8.141662843751512266e-03 2.114090629274040754e-03 -5.230569999999999664e-02 -8.146357361287015833e-03 9.999643501517450073e-01 2.221550661260280994e-03 -1.355570000000000108e-01 -2.095928145789615130e-03 -2.238694203551974161e-03 9.999952976556792938e-01 4.418449999999999989e+00
9.999570979676259963e-01 9.013133103534630083e-03 2.136739530610888907e-03 -6.432970000000000355e-02 -9.024308609359614833e-03 9.999453427209651357e-01 5.279528840217389933e-03 -1.505380000000000051e-01 -2.089037646081310165e-03 -5.298584934642218934e-03 9.999837803281629300e-01 5.099639999999999951e+00
9.999604801089925221e-01 8.095497453514427511e-03 3.674389904916078829e-03 -6.657109999999999417e-02 -8.128601159012694560e-03 9.999256860079142051e-01 9.085609764887387502e-03 -1.638010000000000022e-01 -3.600564315618492821e-03 -9.115118352619508424e-03 9.999519741237710146e-01 5.749340000000000117e+00
9.999603720168723786e-01 7.600898432523118045e-03 4.634731804188048192e-03 -6.139460000000000056e-02 -7.659306061442321123e-03 9.998897952484465668e-01 1.271740495057556257e-02 -1.796099999999999919e-01 -4.537557331366458800e-03 -1.275239981486773165e-02 9.999083892399475149e-01 6.382279999999999731e+00
9.999641716951001014e-01 6.748730098303042449e-03 5.109791404020531252e-03 -6.777850000000000541e-02 -6.824088950634854545e-03 9.998660443076194948e-01 1.487700408776357688e-02 -1.937979999999999980e-01 -5.008706033115418316e-03 -1.491134074098534809e-02 9.998762747366195525e-01 7.000709999999999766e+00
9.999556009392410738e-01 6.461050762807871856e-03 6.859371201625826669e-03 -6.409489999999999632e-02 -6.561450602323420228e-03 9.998701745882921932e-01 1.471670257807448576e-02 -2.061910000000000132e-01 -6.763395318517433086e-03 -1.476105659560501826e-02 9.998681751570788201e-01 7.565559999999999619e+00
9.999361949658120974e-01 7.879271703469239649e-03 8.094632463328985464e-03 -6.631189999999999307e-02 -7.981243876114518451e-03 9.998882157948140170e-01 1.264340384759448169e-02 -2.201100000000000001e-01 -7.994106797100915610e-03 -1.270720237055707538e-02 9.998873042820527468e-01 8.111560000000000770e+00
9.999376519326489410e-01 7.286229297414174855e-03 8.461862090943319398e-03 -7.076509999999999745e-02 -7.367273549983458653e-03 9.999269109478385875e-01 9.586242368779966661e-03 -2.289110000000000034e-01 -8.391396061464054951e-03 -9.647985537861329675e-03 9.999182470818305246e-01 8.646919999999999717e+00
9.999365136482736283e-01 5.820020293514367726e-03 9.648628748105252464e-03 -4.990880000000000316e-02 -5.896788862935273615e-03 9.999510340738837488e-01 7.947158968868344234e-03 -2.359499999999999931e-01 -9.601903667588252214e-03 -8.003550359283245416e-03 9.999218702616743393e-01 9.143359999999999488e+00
9.999320915136892252e-01 1.999780673495106520e-03 1.148099465712710751e-02 -4.263639999999999791e-02 -2.067911288336506982e-03 9.999803064520390583e-01 5.925407242512633829e-03 -2.490350000000000064e-01 -1.146891904072202401e-02 -5.948746535528823959e-03 9.999165346721161640e-01 9.605940000000000367e+00
9.999150302862046535e-01 -1.035869598443331591e-04 1.303539326143214432e-02 -3.206409999999999816e-02 4.093387386031246961e-05 9.999884475979061715e-01 4.806557515279107941e-03 -2.654059999999999753e-01 -1.303574056800806298e-02 -4.805615514319210545e-03 9.999034831059306905e-01 1.004119999999999990e+01
9.998779735905743982e-01 4.214731854532873488e-03 1.504240551909984645e-02 -2.908339999999999884e-02 -4.260267780800881289e-03 9.999864357274849125e-01 2.996411099391450839e-03 -2.750239999999999907e-01 -1.502957241050222222e-02 -3.060130133682591354e-03 9.998823668595833158e-01 1.045950000000000024e+01
9.998115021230747912e-01 7.783282563039864606e-03 1.778709461786350324e-02 -3.617619999999999864e-02 -7.820949223676125148e-03 9.999673165203440961e-01 2.049059379982087238e-03 -2.849519999999999831e-01 -1.777056486557557560e-02 -2.187785100482299815e-03 9.998396974619043753e-01 1.083050000000000068e+01
9.997371524547387089e-01 8.836706564791399141e-03 2.115510857401528555e-02 -2.077069999999999958e-02 -8.896979254775628718e-03 9.999566213489586852e-01 2.756661117255177883e-03 -2.910119999999999929e-01 -2.112983108855095993e-02 -2.944153097762929831e-03 9.997724052006567996e-01 1.118229999999999968e+01
9.997100808728234256e-01 5.030658811787054596e-03 2.354669134236141506e-02 -7.084059999999999663e-03 -5.120796243394067429e-03 9.999797847125667660e-01 3.769298614105709780e-03 -3.019339999999999802e-01 -2.352725328394051837e-02 -3.888783630911763628e-03 9.997156324249337755e-01 1.150709999999999944e+01
9.996562429392467086e-01 -3.717848640502721983e-04 2.621560086293703642e-02 9.015300000000000397e-03 2.789923500622342335e-04 9.999936840698828711e-01 3.543160116629945344e-03 -3.098750000000000115e-01 -2.621675258033627151e-02 -3.534628178229430075e-03 9.996500329054079925e-01 1.179229999999999912e+01
9.995925269587482287e-01 -3.528790455955297355e-03 2.832538942613693767e-02 9.650580000000000616e-03 3.390629148109973109e-03 9.999821277935138086e-01 4.924198161797662364e-03 -3.181649999999999756e-01 -2.834225965240489559e-02 -4.826150792777122132e-03 9.995866268544818523e-01 1.204260000000000019e+01
9.995219331865718981e-01 -5.022109602232582674e-03 3.050710563330011685e-02 3.850399999999999656e-02 4.844535270245025650e-03 9.999709076844488509e-01 5.891881087967337262e-03 -3.255190000000000028e-01 -3.053580778354357192e-02 -5.741271625916901690e-03 9.995171845661904308e-01 1.228330000000000055e+01
9.994546007487983275e-01 -3.584739480864818865e-03 3.282759030015099111e-02 4.040089999999999654e-02 3.423602833889008174e-03 9.999818212966442577e-01 4.963468533401480497e-03 -3.314349999999999796e-01 -3.284478627873875511e-02 -4.848372830198655579e-03 9.994487046843392175e-01 1.248339999999999961e+01
9.994026805517153278e-01 -2.489419360374266112e-03 3.446860741739170286e-02 4.778690000000000021e-02 2.365939483198859893e-03 9.999906391046715637e-01 3.622710779580809969e-03 -3.382229999999999959e-01 -3.447730320671726911e-02 -3.538996224756967360e-03 9.993992150633865812e-01 1.266960000000000086e+01
9.993267152542014697e-01 -6.149160626922817782e-04 3.668430260321266928e-02 5.002680000000000321e-02 5.137169799928700559e-04 9.999960370993562497e-01 2.768010196425137875e-03 -3.441069999999999962e-01 -3.668585932089774709e-02 -2.747301188237203338e-03 9.993230709145408674e-01 1.284019999999999939e+01
9.992652356607717445e-01 2.380509246765945188e-03 3.825339168686275187e-02 4.376850000000000185e-02 -2.464112743916454119e-03 9.999946774271264438e-01 2.138519535261956470e-03 -3.517859999999999876e-01 -3.824809731486975700e-02 -2.231208897322329437e-03 9.992657828419068133e-01 1.300549999999999962e+01
9.992216047515430910e-01 3.050379213334123568e-03 3.933039262969199867e-02 5.849200000000000232e-02 -3.089984065230669437e-03 9.999947783111128308e-01 9.462288226817124883e-04 -3.590519999999999823e-01 -3.932730090188611694e-02 -1.067022569167198117e-03 9.992258127503559351e-01 1.315189999999999948e+01
9.991530336273023449e-01 3.036539892594134881e-03 4.103650592874077269e-02 5.993769999999999654e-02 -2.997902990270911051e-03 9.999950032416108359e-01 -1.003030144912574586e-03 -3.650900000000000256e-01 -4.103934662028401598e-02 8.791571482749897110e-04 9.991571443530236074e-01 1.330809999999999960e+01
9.991168761460286207e-01 1.673749958948607787e-03 4.198412034658221409e-02 7.102759999999999629e-02 -1.575934406123467727e-03 9.999959667689867215e-01 -2.362811145078920483e-03 -3.699040000000000106e-01 -4.198790576998304852e-02 2.294560270429264227e-03 9.991154841970053546e-01 1.345129999999999981e+01
9.990603580993034916e-01 7.958242661468007675e-04 4.333321518453300131e-02 6.934170000000000611e-02 -6.550871781687942234e-04 9.999944654481645046e-01 -3.261891143009893260e-03 -3.749080000000000190e-01 -4.333557124673249189e-02 3.230439099760193042e-03 9.990553500822375588e-01 1.359200000000000053e+01
9.990113426515855322e-01 1.340780102344911375e-03 4.443579145456512391e-02 8.630100000000000271e-02 -1.129487340604474945e-03 9.999879389124082252e-01 -4.779779080801996663e-03 -3.794969999999999732e-01 -4.444166414327732628e-02 4.724863853172292516e-03 9.990008078824287319e-01 1.371690000000000076e+01
9.989499524406716402e-01 1.934060871055141894e-03 4.577392191332355087e-02 8.142620000000000413e-02 -1.623099822454802639e-03 9.999753607295267521e-01 -6.829603269532079010e-03 -3.825560000000000072e-01 -4.578600294572933438e-02 6.748136216757150488e-03 9.989284782164605803e-01 1.384259999999999913e+01
9.989326896881846052e-01 2.262419144877785438e-03 4.613418398478485311e-02 9.422429999999999695e-02 -1.853966932704780458e-03 9.999587250475014955e-01 -8.894436912347668256e-03 -3.870020000000000127e-01 -4.615240274288572725e-02 8.799412536538219615e-03 9.988956532391509713e-01 1.396560000000000024e+01
9.989006130462709798e-01 1.766414410578422394e-03 4.684490405491240073e-02 9.697440000000000226e-02 -1.241762547327819773e-03 9.999362098162596357e-01 -1.122650097177011787e-02 -3.918119999999999936e-01 -4.686174646297235069e-02 1.115598845567717344e-02 9.988390864598846175e-01 1.409159999999999968e+01
9.989457199522577824e-01 3.551481206473171238e-04 4.590558200129771227e-02 1.128920000000000062e-01 2.509585359962439354e-04 9.999128856989349945e-01 -1.319689482574949377e-02 -3.970730000000000093e-01 -4.590626982100243225e-02 1.319450200049565244e-02 9.988586083666097792e-01 1.421940000000000026e+01
9.990448035120881309e-01 2.653435544653012790e-04 4.369679814690339420e-02 1.103269999999999945e-01 3.645588615318460417e-04 9.998961516625365364e-01 -1.440669938903976766e-02 -4.010500000000000176e-01 -4.369608303188735748e-02 1.440886821536597681e-02 9.989409576368477595e-01 1.433779999999999966e+01
9.991715098279595475e-01 -2.027470012396503929e-04 4.069708640393247812e-02 1.162860000000000005e-01 8.253152719528557106e-04 9.998828920552502719e-01 -1.528139489479726429e-02 -4.032540000000000013e-01 -4.068922219479673141e-02 1.530232233624500768e-02 9.990546662361875496e-01 1.445560000000000045e+01
9.993187053304608547e-01 9.322410011885854655e-04 3.689520434104111984e-02 1.099320000000000019e-01 -3.262635417860304575e-04 9.998650161121712676e-01 -1.642690193276763119e-02 -4.087470000000000270e-01 -3.690553791442115900e-02 1.640367281200056856e-02 9.991841175626862137e-01 1.459029999999999916e+01
9.995220282029496639e-01 1.500887491811406932e-03 3.087818767024518019e-02 1.144040000000000057e-01 -9.636792316352594222e-04 9.998480537447822503e-01 -1.740519305005315542e-02 -4.132009999999999850e-01 -3.089961908180215849e-02 1.736711719048466412e-02 9.993716009478613715e-01 1.471729999999999983e+01
9.997070562648028291e-01 8.839046510570747065e-04 2.418719427569420918e-02 1.043369999999999992e-01 -4.397083695553298316e-04 9.998312690886230758e-01 -1.836409565382830442e-02 -4.166590000000000016e-01 -2.419934525792129601e-02 1.834808069529486954e-02 9.995387634423623657e-01 1.483730000000000082e+01
9.998598223420174236e-01 1.182861002970712547e-03 1.670139233827501804e-02 1.078210000000000002e-01 -8.650556658929496037e-04 9.998186703983409362e-01 -1.902309127320101628e-02 -4.198419999999999930e-01 -1.672086555427819074e-02 1.900597702674822198e-02 9.996795413993297963e-01 1.495770000000000088e+01
9.999649612174564828e-01 9.350659068771616971e-04 8.318773294226545698e-03 1.024270000000000042e-01 -7.681239448282063459e-04 9.997987093888306420e-01 -2.004870793926983794e-02 -4.208500000000000019e-01 -8.335845666536919121e-03 2.004161560799317884e-02 9.997643959057780361e-01 1.508680000000000021e+01
9.999981970780454921e-01 5.961295567253204099e-05 -1.897969165727556029e-03 9.507469999999999810e-02 -1.002719591202602125e-04 9.997703570715611443e-01 -2.142949058044050364e-02 -4.259310000000000040e-01 1.896255835258194977e-03 2.142964225782805626e-02 9.997685605411428256e-01 1.523039999999999949e+01
9.998885752463974042e-01 -1.441080636988756629e-03 -1.485800721252233079e-02 7.675450000000000328e-02 1.098721809287801906e-03 9.997342970486987612e-01 -2.302451117678829332e-02 -4.294040000000000079e-01 1.488723957338850858e-02 2.300562085973664392e-02 9.996244852477067511e-01 1.537959999999999994e+01
9.995207394168841297e-01 -2.419250204921557547e-03 -3.086160566093621230e-02 6.391460000000000197e-02 1.652968486563009820e-03 9.996902964958620519e-01 -2.483100455474463591e-02 -4.368389999999999773e-01 3.091212012637717041e-02 2.476809077142011484e-02 9.992151832857780747e-01 1.553030000000000044e+01
9.987121589315083314e-01 -1.707230329292575314e-03 -5.070610384330832138e-02 3.162279999999999952e-02 4.004571734046115297e-04 9.996678052548894078e-01 -2.577050195329510726e-02 -4.424870000000000192e-01 5.073325572460230665e-02 2.571700801950456070e-02 9.983810756730653324e-01 1.570289999999999964e+01
9.973718256912893487e-01 -1.122892312129931394e-03 -7.244432641746272050e-02 5.551740000000000320e-03 -7.211915900346916111e-04 9.996764974907003110e-01 -2.542400927108925957e-02 -4.499360000000000026e-01 7.244943892063616941e-02 2.540943678205655892e-02 9.970483635824812785e-01 1.588630000000000031e+01
9.953468453773304248e-01 -7.209899140848413527e-04 -9.635422964738200868e-02 -4.939940000000000303e-02 -1.596799592927750176e-03 9.997112685580570313e-01 -2.397560737709173231e-02 -4.560799999999999854e-01 9.634369532282156812e-02 2.401790356347151614e-02 9.950583061710299715e-01 1.608210000000000051e+01
9.924267176809848934e-01 7.307139386521579755e-04 -1.228359722967448803e-01 -9.997910000000000130e-02 -3.510726907512293216e-03 9.997425434251804299e-01 -2.241699494428448999e-02 -4.642419999999999880e-01 1.227879669573842397e-01 2.267846826598010276e-02 9.921737762345773648e-01 1.631779999999999831e+01
9.881809586486921537e-01 1.644314963751101729e-03 -1.532830362187930784e-01 -1.641980000000000106e-01 -4.794027684088336509e-03 9.997848490275783595e-01 -2.018100476850964026e-02 -4.705079999999999818e-01 1.532168732963704594e-01 2.067732775777369331e-02 9.879762334459678552e-01 1.654390000000000072e+01
9.824886174599974931e-01 2.493381986918391004e-03 -1.863059301466539197e-01 -2.413740000000000052e-01 -5.717650088804061663e-03 9.998430088005703098e-01 -1.677099371190157034e-02 -4.791850000000000276e-01 1.862348652615953837e-01 1.754254254348422415e-02 9.823486316792554573e-01 1.680270000000000152e+01
9.748631868571407955e-01 3.548982455741112388e-03 -2.227760571387065180e-01 -3.423080000000000012e-01 -6.536527155733631161e-03 9.998983089520533385e-01 -1.267460325084501793e-02 -4.826159999999999894e-01 2.227084208634279583e-01 1.381218586440307455e-02 9.747872500182619415e-01 1.705689999999999884e+01
9.648406243341796085e-01 5.000021756930840382e-03 -2.627880693959689373e-01 -4.495879999999999876e-01 -7.123195418905666799e-03 9.999492292535250293e-01 -7.127341882158490932e-03 -4.927270000000000261e-01 2.627390905850411351e-01 8.748639763489374915e-03 9.648272547875262894e-01 1.731250000000000000e+01
9.526696537510944696e-01 9.469930320527990969e-03 -3.038599204263272013e-01 -5.969560000000000421e-01 -1.069852706394110523e-02 9.999399397789913158e-01 -2.378729377067455818e-03 -4.919410000000000172e-01 3.038191441308984442e-01 5.516996874346462125e-03 9.527137505069698253e-01 1.759090000000000131e+01
9.381622363028526701e-01 1.346679191537683909e-02 -3.459339010428703065e-01 -7.410940000000000305e-01 -1.345605838186709688e-02 9.999065037653781518e-01 2.432739304095671989e-03 -4.975470000000000170e-01 3.459343187196873282e-01 2.372602622827657201e-03 9.382557316045236906e-01 1.788090000000000046e+01
9.211443635020643006e-01 1.594830126387367791e-02 -3.888942186188598105e-01 -9.036729999999999485e-01 -1.402445822768138770e-02 9.998713427487121441e-01 7.785404376604605249e-03 -4.986920000000000242e-01 3.889683485321097645e-01 -1.717450635086642703e-03 9.212495178850945710e-01 1.815609999999999857e+01
9.014930196789907590e-01 1.989469714167047334e-02 -4.323361383179713524e-01 -1.097490000000000077e+00 -1.463013585389912399e-02 9.997728286821808696e-01 1.550000495894062955e-02 -5.047580000000000400e-01 4.325462918520412980e-01 -7.648009837332676170e-03 9.015792884436603094e-01 1.846290000000000120e+01
8.793150593691135830e-01 2.440159565724751844e-02 -4.756149582341502868e-01 -1.299739999999999895e+00 -1.565833461170046403e-02 9.996278638278237594e-01 2.233719803847199897e-02 -5.053499999999999659e-01 4.759830279788139218e-01 -1.219409645697839238e-02 8.793699227786436756e-01 1.874129999999999896e+01
8.544003303464227095e-01 2.931588772202371046e-02 -5.187876774085844467e-01 -1.527069999999999927e+00 -1.764777650149546018e-02 9.994683734481939474e-01 2.741398295349725331e-02 -5.058289999999999731e-01 5.193155413508023788e-01 -1.426706710894263055e-02 8.544634686793999290e-01 1.901889999999999858e+01
8.260644952028503019e-01 3.353779297725101305e-02 -5.625768091625136247e-01 -1.780310000000000059e+00 -1.951659086077350141e-02 9.993313853306742267e-01 3.091738951219316633e-02 -5.056119999999999504e-01 5.632375630641419662e-01 -1.456017634819552209e-02 8.261667197474588109e-01 1.930979999999999919e+01
7.953140010516738245e-01 3.686181376061337112e-02 -6.050759013689573917e-01 -2.051779999999999937e+00 -2.165627020425604787e-02 9.992400232832537865e-01 3.240959471703944855e-02 -4.926679999999999948e-01 6.058107342165691689e-01 -1.267211723274191786e-02 7.955078703273910090e-01 1.956919999999999860e+01
7.611820899024905884e-01 4.026550196488546535e-02 -6.472870424805308165e-01 -2.346509999999999874e+00 -2.291703280849020224e-02 9.991174178042144804e-01 3.520220231027062358e-02 -4.875869999999999926e-01 6.481331928075673154e-01 -1.196138753466516325e-02 7.614330499717715250e-01 1.984949999999999903e+01
7.240989372101764854e-01 4.426830945217049423e-02 -6.882739613768196207e-01 -2.667289999999999939e+00 -2.396876861671006637e-02 9.989503717132304228e-01 3.903399780956823967e-02 -4.705799999999999983e-01 6.892794986521009193e-01 -1.176739700382529140e-02 7.243999593495729084e-01 2.010610000000000142e+01
6.854658830838311623e-01 4.564992806245563028e-02 -7.266722832171292890e-01 -3.001570000000000071e+00 -2.172200471258255161e-02 9.988705144725834595e-01 4.225931647037127481e-02 -4.563420000000000254e-01 7.277806521469019074e-01 -1.318254092233652787e-02 6.856832672418520236e-01 2.035429999999999851e+01
6.436949404702946298e-01 4.607386937980703645e-02 -7.638939862136082670e-01 -3.372419999999999973e+00 -1.952164646320277488e-02 9.988497814213890269e-01 4.379519920960527057e-02 -4.448739999999999917e-01 7.650331554464222528e-01 -1.327827981388280884e-02 6.438539883800322716e-01 2.062440000000000140e+01
6.009039093551414856e-01 4.543437586276644763e-02 -7.980289526149216828e-01 -3.758989999999999831e+00 -1.446825968701467326e-02 9.988379150629630443e-01 4.597269727024958647e-02 -4.321059999999999901e-01 7.991903159969703241e-01 -1.607908338910441631e-02 6.008629643221732319e-01 2.087470000000000070e+01
5.566800768978579228e-01 4.589520246208329823e-02 -8.294582101444046840e-01 -4.167699999999999960e+00 -9.565044220852386703e-03 9.987606426106148128e-01 4.884351237457258688e-02 -4.226019999999999777e-01 8.306718978718662383e-01 -1.925640576525823600e-02 5.564291409721058290e-01 2.109750000000000014e+01
5.090903403778148650e-01 4.727864612115162402e-02 -8.594136111064054617e-01 -4.623230000000000395e+00 -7.733774990346928280e-03 9.987011872525470846e-01 5.035997721158671364e-02 -3.966589999999999838e-01 8.606783452942217139e-01 -1.899126644812722947e-02 5.087947697650763157e-01 2.130300000000000082e+01
4.603969990254282441e-01 4.693878979607385427e-02 -8.864712929931006791e-01 -5.082840000000000025e+00 -6.077197244591745623e-03 9.987443375200077966e-01 4.972741643571544634e-02 -3.709430000000000227e-01 8.876923289980769294e-01 -1.750709239710378576e-02 4.601041520718641697e-01 2.148659999999999926e+01
4.073748153182946696e-01 4.679542731184760385e-02 -9.120613728401651965e-01 -5.565540000000000376e+00 -1.815249404142769279e-03 9.987258895381950774e-01 5.043116532206905894e-02 -3.536259999999999959e-01 9.132592538343020649e-01 -1.888876779577452342e-02 4.069407201757662129e-01 2.167399999999999949e+01
3.519908008244973519e-01 4.609654413634003967e-02 -9.348676830191614551e-01 -6.078120000000000189e+00 3.596061570603801411e-03 9.987125971746726449e-01 5.059858284379542548e-02 -3.327720000000000122e-01 9.359965515300306960e-01 -2.117207744427683849e-02 3.513718808621203449e-01 2.182469999999999999e+01
2.993116139910533269e-01 4.618464123800869459e-02 -9.530370069644656938e-01 -6.599660000000000082e+00 5.971307296996773012e-03 9.987176270300506253e-01 5.027370036738285780e-02 -3.188699999999999868e-01 9.541367308825478011e-01 -2.073837923225885921e-02 2.986520021824455862e-01 2.195749999999999957e+01
2.457200313475275677e-01 5.091333268341168006e-02 -9.680028402590759029e-01 -7.180889999999999773e+00 6.556907945851030151e-03 9.985095324000725636e-01 5.418229105877701846e-02 -2.772069999999999812e-01 9.693186643992570684e-01 -1.966077977234464980e-02 2.450199595665293328e-01 2.205079999999999885e+01
1.904123953650093681e-01 5.639474076366890465e-02 -9.800830336790642416e-01 -7.766420000000000101e+00 9.849869541021172986e-03 9.981886262565295986e-01 5.935020203947950768e-02 -2.483019999999999949e-01 9.816547762637251040e-01 -2.095470415684160329e-02 1.895120065122920527e-01 2.214099999999999824e+01
1.411048371296314552e-01 5.896159543603145259e-02 -9.882372970103174836e-01 -8.338770000000000238e+00 1.522070238887141339e-02 9.979776867612389912e-01 6.171601854847445778e-02 -2.305750000000000022e-01 9.898776465591139218e-01 -2.375009453294857700e-02 1.399220420529461162e-01 2.220299999999999940e+01
9.259741176511272764e-02 6.009573802107504026e-02 -9.938884351908443548e-01 -8.996380000000000265e+00 1.801254509755650587e-02 9.979125271059972047e-01 6.201722715529077445e-02 -2.057080000000000020e-01 9.955406910586384051e-01 -2.364509498024395737e-02 9.132163998672271354e-02 2.223440000000000083e+01
5.367712973277122268e-02 5.916889403497421762e-02 -9.968037960011636445e-01 -9.634859999999999758e+00 1.848908162909261924e-02 9.980128974657355156e-01 6.023628767246609617e-02 -1.772110000000000074e-01 9.983871591743175289e-01 -2.166329778047040508e-02 5.247648926053138929e-02 2.222579999999999956e+01
1.758871536016382367e-02 5.525084165572859141e-02 -9.983175755180877520e-01 -1.029690000000000083e+01 1.438140706765917223e-02 9.983547607995292283e-01 5.550627639888255221e-02 -1.434829999999999994e-01 9.997418727965401430e-01 -1.533349553260671821e-02 1.676519287148559023e-02 2.221580000000000155e+01
-9.647802263332108316e-03 5.488998396165743754e-02 -9.984457970126257020e-01 -1.097059999999999924e+01 1.222261516498105230e-02 9.984241480051397888e-01 5.477068886493552391e-02 -1.033929999999999988e-01 9.998787564450086762e-01 -1.167520196398274049e-02 -1.030349790526474685e-02 2.219590000000000174e+01
-3.211288668854179323e-02 5.896741108872083359e-02 -9.977432570245829968e-01 -1.168459999999999965e+01 1.111741664384345574e-02 9.982174277891157077e-01 5.863761510539756971e-02 -6.952310000000000434e-02 9.994224159761959658e-01 -9.209304402361728759e-03 -3.271120842660157901e-02 2.214420000000000144e+01
-5.129381549670773699e-02 6.464039522932375770e-02 -9.965894660272036631e-01 -1.241670000000000051e+01 1.232765540418052919e-02 9.978680527932516364e-01 6.408882996934969767e-02 -2.986000000000000112e-02 9.986075171978356924e-01 -8.998250896771940732e-03 -5.198132430761315259e-02 2.210040000000000049e+01
-5.913751980425945715e-02 6.784340835243353462e-02 -9.959417782654395035e-01 -1.316339999999999932e+01 1.342412433515303635e-02 9.976517193843571496e-01 6.716278504700680385e-02 6.142299999999999843e-03 9.981595797452605945e-01 -9.397805731182096167e-03 -5.990938666188949657e-02 2.204380000000000095e+01
-5.731373653712137917e-02 6.524005872730823108e-02 -9.962222996607791314e-01 -1.394790000000000063e+01 1.266806963717873741e-02 9.978297577380547123e-01 6.461651943646166962e-02 4.140780000000000155e-02 9.982758414465519037e-01 -8.916799295285951499e-03 -5.801581745098971510e-02 2.199139999999999873e+01
-5.611664075849615713e-02 6.083365951464689281e-02 -9.965692090868744080e-01 -1.470819999999999972e+01 1.932669067574445745e-02 9.980212272137615193e-01 5.983401255357534421e-02 8.958729999999999472e-02 9.982371470034093752e-01 -1.590270105338499260e-02 -5.718131199702125578e-02 2.196450000000000102e+01
-5.466415705268549974e-02 6.080529154633483591e-02 -9.966516675617840271e-01 -1.552660000000000018e+01 3.015473320612563693e-02 9.977893521441538738e-01 5.922078024660853979e-02 1.155400000000000038e-01 9.980493584983596289e-01 -2.681651110258264845e-02 -5.637688119520578578e-02 2.194539999999999935e+01
-5.359998049799664932e-02 6.055647146776673567e-02 -9.967246138497775076e-01 -1.632580000000000098e+01 3.258541833941707572e-02 9.977339555744920707e-01 5.886547719438568749e-02 1.592699999999999949e-01 9.980306771849548619e-01 -2.932350008186460077e-02 -5.545177851691796000e-02 2.191310000000000002e+01
-4.345242192029278444e-02 5.738020542311380451e-02 -9.974063359809091089e-01 -1.720939999999999870e+01 3.012141348561917648e-02 9.979706626194644326e-01 5.610041889768399570e-02 2.092390000000000083e-01 9.986013155803918906e-01 -2.760558958741003710e-02 -4.509261518965446136e-02 2.187709999999999866e+01
-3.069323395282200911e-02 5.233313060121368154e-02 -9.981578877266830130e-01 -1.806559999999999988e+01 3.393758184169951009e-02 9.981071560803745912e-01 5.128689423122353291e-02 2.333189999999999986e-01 9.989525343720067063e-01 -3.230090436230963896e-02 -3.241119635437184066e-02 2.183889999999999887e+01
-2.568433387562788286e-02 4.173656465395939041e-02 -9.987984652392348783e-01 -1.893629999999999924e+01 3.000751599189709073e-02 9.987100317487062062e-01 4.096121907969114267e-02 2.550060000000000104e-01 9.992196274980597037e-01 -2.891939929155307870e-02 -2.690361253167317113e-02 2.184080000000000155e+01
-2.061824293866444668e-02 3.294580415587567562e-02 -9.992444455920908020e-01 -1.982959999999999923e+01 2.260732051115634661e-02 9.992167240653910820e-01 3.247841448306734713e-02 2.874749999999999805e-01 9.995317889479193862e-01 -2.192059161041860771e-02 -2.134690951920636959e-02 2.183089999999999975e+01
-2.037327838188192700e-02 3.071674432989061204e-02 -9.993204746955537399e-01 -2.074810000000000088e+01 1.623564952717337917e-02 9.994062986597190834e-01 3.038838402599201502e-02 3.087400000000000144e-01 9.996606090130817357e-01 -1.560550598514847190e-02 -2.085988903475655132e-02 2.176910000000000167e+01
-2.533250036967915619e-02 3.563669619456360377e-02 -9.990436878882509308e-01 -2.168580000000000041e+01 7.140823818092792430e-03 9.993453576677981953e-01 3.546638891992731635e-02 3.291729999999999934e-01 9.996535765254979111e-01 -6.235542651362443317e-03 -2.557039201154087671e-02 2.173049999999999926e+01
-3.320016356415386727e-02 4.334740629614125540e-02 -9.985082631138867404e-01 -2.265609999999999857e+01 3.100465577193765171e-03 9.990586814573615415e-01 4.326821140147528444e-02 3.650599999999999956e-01 9.994439135101670368e-01 -1.659328802670778646e-03 -3.330330877565412795e-02 2.167909999999999826e+01
-3.756084064537191375e-02 5.332326750369827117e-02 -9.978706391074658733e-01 -2.365559999999999974e+01 6.136136689241754316e-04 9.985763335667759977e-01 5.333788070968099870e-02 3.933240000000000069e-01 9.992941542550315415e-01 1.391108573723733727e-03 -3.754008642315342925e-02 2.164659999999999940e+01
-3.097543012398215612e-02 6.282509187875714995e-02 -9.975437486942916321e-01 -2.468669999999999831e+01 -9.330503743719582854e-04 9.980204012827661453e-01 6.288408415795863904e-02 4.459469999999999823e-01 9.995197107339269804e-01 2.878620122917077695e-03 -3.085549222674555114e-02 2.159410000000000096e+01
-3.158256834209442060e-02 7.074049735934734295e-02 -9.969946456276829183e-01 -2.567770000000000152e+01 1.420023357083265159e-03 9.974944173924544799e-01 7.073097485934397299e-02 4.903379999999999961e-01 9.995001375240436525e-01 8.181101637199234000e-04 -3.160388876669684155e-02 2.157469999999999999e+01
-3.571627582369548554e-02 7.310759841392555636e-02 -9.966843164690785128e-01 -2.671669999999999945e+01 2.790554276044604487e-03 9.973240443543801570e-01 7.305452319640956538e-02 5.359260000000000135e-01 9.993580741896862518e-01 -1.720661805378678744e-04 -3.582471137512988069e-02 2.153539999999999921e+01
-3.604088488902839477e-02 6.929183041675963939e-02 -9.969451824718904565e-01 -2.771349999999999980e+01 1.644662617001191318e-03 9.975960642796476430e-01 6.927761267995187489e-02 5.945099999999999829e-01 9.993489629260101648e-01 8.571879911738883306e-04 -3.606820660160059422e-02 2.150240000000000151e+01
-3.516848929541086660e-02 6.493674456976424036e-02 -9.972694703866953336e-01 -2.875280000000000058e+01 -6.345724591116954499e-03 9.978521392932401257e-01 6.519846537548204535e-02 6.433820000000000094e-01 9.993612505696287673e-01 8.621328933837886510e-03 -3.468088158225368645e-02 2.139740000000000109e+01
-4.250478113272346259e-02 5.964871351052480897e-02 -9.973140801961029034e-01 -2.977449999999999974e+01 -9.037019568451650636e-03 9.981524155361896078e-01 6.008400483147999238e-02 6.791279999999999539e-01 9.990553917867510680e-01 1.156660433356409071e-02 -4.188720336823736901e-02 2.135480000000000089e+01
-4.716796212108902153e-02 5.483212590184337321e-02 -9.973808807664342746e-01 -3.080359999999999943e+01 -6.945953115579519416e-03 9.984500850458150056e-01 5.521939339870525487e-02 7.204519999999999813e-01 9.988628219553773446e-01 9.532347092358700591e-03 -4.671399441549739517e-02 2.129990000000000094e+01
-5.543089902233369615e-02 5.198703031578576911e-02 -9.971082008049686474e-01 -3.185839999999999961e+01 -1.058521778555224918e-02 9.985568708125187598e-01 5.265101060324700599e-02 7.636389999999999567e-01 9.984064145416978731e-01 1.347310031345315753e-02 -5.480061103614952689e-02 2.122060000000000102e+01
-5.895981242243616277e-02 5.510307704222103253e-02 -9.967383766162467573e-01 -3.290729999999999933e+01 -8.205211575982820915e-03 9.984148873403428937e-01 5.568112103903621879e-02 8.020230000000000414e-01 9.982266350995174786e-01 1.146139771797046944e-02 -5.841422207173518899e-02 2.115749999999999886e+01
-7.008962333149090784e-02 5.983690269851241195e-02 -9.957444399928622181e-01 -3.398089999999999833e+01 -1.072647988584699008e-02 9.980963946679854981e-01 6.073326584358294811e-02 8.400539999999999674e-01 9.974830260864134823e-01 1.493760443369542348e-02 -6.931436101757126877e-02 2.108539999999999992e+01
-7.640013617821148073e-02 6.278247001404999028e-02 -9.950986788509394998e-01 -3.505740000000000123e+01 -1.190978208865707891e-02 9.978869801455834132e-01 6.387277938628246887e-02 8.875009999999999843e-01 9.970061064419570851e-01 1.673129746501810303e-02 -7.549097563673179412e-02 2.098519999999999897e+01
-8.099318439131139580e-02 6.506451493544657128e-02 -9.945887154891566162e-01 -3.608809999999999718e+01 -1.624896851574553908e-02 9.976482471956250597e-01 6.658788095195142254e-02 9.351469999999999505e-01 9.965821968630232952e-01 2.155420524426717929e-02 -7.974547718810554020e-02 2.087969999999999970e+01
-8.448458570841664572e-02 6.670991212065077725e-02 -9.941891884357486608e-01 -3.718789999999999907e+01 -1.964785978702179164e-02 9.974508606138970945e-01 6.859841300194516323e-02 9.848590000000000400e-01 9.962310557212453732e-01 2.532919827888276826e-02 -8.295851572371770732e-02 2.077319999999999922e+01
-8.639653786604165053e-02 6.744943073069914474e-02 -9.939749556899643013e-01 -3.825659999999999883e+01 -2.439870806696631950e-02 9.972630539401664551e-01 6.979329688871085957e-02 1.042089999999999961e+00 9.959620179953775354e-01 3.028160398719661681e-02 -8.451439623246448374e-02 2.067210000000000036e+01
-9.044538443542247952e-02 6.766131105636367937e-02 -9.936003117050954403e-01 -3.933709999999999951e+01 -2.496816128569748564e-02 9.972217693067283451e-01 7.018072201658795417e-02 1.091059999999999919e+00 9.955883804847965868e-01 3.115589521891793529e-02 -8.850472776506224104e-02 2.058500000000000085e+01
-9.023162478332574787e-02 6.687343962160920141e-02 -9.936730835451546007e-01 -4.045459999999999923e+01 -2.596424090595675707e-02 9.972459847881335326e-01 6.947160584097139546e-02 1.143510000000000026e+00 9.955822979960713415e-01 3.206850319426893942e-02 -8.824680741953561114e-02 2.047550000000000026e+01
-9.206476815259140301e-02 6.628882603541205731e-02 -9.935440956534625778e-01 -4.149260000000000304e+01 -2.770692781602163840e-02 9.972247823175676151e-01 6.910180665277676493e-02 1.192390000000000061e+00 9.953674721508672940e-01 3.388989634871806406e-02 -8.997260866211331809e-02 2.036159999999999926e+01
-9.295033752398977611e-02 6.571451066059361135e-02 -9.934997925731113844e-01 -4.259440000000000026e+01 -2.827081865172546837e-02 9.972431140939586047e-01 6.860708567593630514e-02 1.246709999999999985e+00 9.952693080603550735e-01 3.446410423647684740e-02 -9.083628103483554206e-02 2.024409999999999954e+01
-9.449118158913814847e-02 6.328567368378720803e-02 -9.935121237852498899e-01 -4.368739999999999668e+01 -3.347574942215148647e-02 9.972110121362675050e-01 6.670510831102945126e-02 1.296890000000000098e+00 9.949627082471553807e-01 3.956160740604518222e-02 -9.210911147620581829e-02 2.012780000000000058e+01
-9.326837667719097003e-02 5.841964623095026454e-02 -9.939256284281293707e-01 -4.474340000000000117e+01 -3.890898493260569468e-02 9.973006770889047967e-01 6.226917672112097790e-02 1.344410000000000105e+00 9.948804454825291854e-01 4.448038233044483702e-02 -9.074356607617739545e-02 2.000159999999999982e+01
-9.549059836664626488e-02 5.768049394187915735e-02 -9.937577704059477046e-01 -4.587060000000000315e+01 -4.244648416892871090e-02 9.971757886941069460e-01 6.195758568555276985e-02 1.396400000000000086e+00 9.945249326212370899e-01 4.809789039975215924e-02 -9.277257856617271425e-02 1.988789999999999836e+01
-9.443711960506828706e-02 6.127422018100287665e-02 -9.936433466701760642e-01 -4.692340000000000089e+01 -4.203710833040783662e-02 9.969683888577729469e-01 6.547452284327111294e-02 1.444939999999999891e+00 9.946429067579557470e-01 4.795311835059797023e-02 -9.157503194942362423e-02 1.977680000000000149e+01
-8.896575769274533974e-02 6.467456189445022763e-02 -9.939327416892537181e-01 -4.807679999999999865e+01 -4.033719731108544732e-02 9.968371033320069241e-01 6.847408220443844395e-02 1.499949999999999894e+00 9.952175664000523225e-01 4.618430972110072752e-02 -8.607557763002904316e-02 1.965449999999999875e+01
-8.648044185077335966e-02 6.496310433424189179e-02 -9.941332547765181493e-01 -4.918540000000000134e+01 -3.986619147347539305e-02 9.968468146180541334e-01 6.860841758296855331e-02 1.549500000000000099e+00 9.954555841195001920e-01 4.556559295232745499e-02 -8.361792142960500218e-02 1.954939999999999856e+01
-8.503191985470473502e-02 6.421553864200753303e-02 -9.943067621226058250e-01 -5.027559999999999718e+01 -4.008403405455791824e-02 9.968926765223197206e-01 6.781048377705774233e-02 1.602970000000000006e+00 9.955716161179648527e-01 4.562188173543927500e-02 -8.219368033603002832e-02 1.945260000000000034e+01
-8.198777700211486164e-02 6.481528173011499860e-02 -9.945234957890627392e-01 -5.137639999999999674e+01 -4.278555943782665766e-02 9.967341602854750127e-01 6.848656527817047202e-02 1.655620000000000092e+00 9.957145174827191081e-01 4.816630538306549553e-02 -7.894685997493244844e-02 1.934929999999999950e+01
-7.689928764565015507e-02 6.539140432291502825e-02 -9.948921870234325171e-01 -5.251460000000000150e+01 -4.909405139851506089e-02 9.963881995633797617e-01 6.928441302433460680e-02 1.711589999999999945e+00 9.958294400533013180e-01 5.417121017222779195e-02 -7.341121380010551256e-02 1.924769999999999825e+01
-7.377836940241357111e-02 6.543935865420530407e-02 -9.951253401191466619e-01 -5.363669999999999760e+01 -5.124338773144194309e-02 9.962778928316727844e-01 6.931432369061230059e-02 1.766170000000000018e+00 9.959572618451688619e-01 5.610749142323293026e-02 -7.015042397637905047e-02 1.915259999999999962e+01
-6.919651564246677433e-02 6.398437320000086026e-02 -9.955490154729425001e-01 -5.473049999999999926e+01 -5.416197181167872743e-02 9.962282088215795861e-01 6.779260105364076638e-02 1.820289999999999964e+00 9.961316795647114919e-01 5.861190949244177856e-02 -6.547000101754274493e-02 1.906569999999999965e+01
-6.378426445807990064e-02 6.327887297243108000e-02 -9.959554969188536555e-01 -5.589000000000000057e+01 -5.339925424806905851e-02 9.963415706375402525e-01 6.672326629646867235e-02 1.872239999999999904e+00 9.965340371775025519e-01 5.743917526269266827e-02 -6.017186960573739363e-02 1.897279999999999944e+01
-5.412181530246566036e-02 6.348803162465460614e-02 -9.965139732832617447e-01 -5.700410000000000110e+01 -5.154492010340169794e-02 9.964685008819712531e-01 6.628459822289670123e-02 1.923210000000000086e+00 9.972030637337112591e-01 5.495267591722682865e-02 -5.065819864184384347e-02 1.888779999999999859e+01
-4.763705540930614907e-02 6.441668539230084589e-02 -9.967854340804745972e-01 -5.813559999999999661e+01 -5.110964034998104200e-02 9.964539674584158568e-01 6.683782910656153875e-02 1.977950000000000097e+00 9.975562719041098925e-01 5.412930241053980074e-02 -4.417581923770108610e-02 1.883030000000000115e+01
-4.089701413786018397e-02 6.573221653046155966e-02 -9.969988515262195872e-01 -5.930239999999999867e+01 -4.911711825630959982e-02 9.964950332788445886e-01 6.771378991601409436e-02 2.026170000000000027e+00 9.979553812314476691e-01 5.173900231534148131e-02 -3.752509441173634830e-02 1.876340000000000074e+01
-3.645469635225363769e-02 6.666772479941357465e-02 -9.971090560134004965e-01 -6.042499999999999716e+01 -5.035729149635168739e-02 9.963821273399789957e-01 6.846020384580682461e-02 2.085220000000000073e+00 9.980657284502941762e-01 5.270740733073115553e-02 -3.296560185186880876e-02 1.872680000000000078e+01
-3.298529247919693153e-02 6.647451083028406427e-02 -9.972427537415029519e-01 -6.156450000000000244e+01 -4.910392381690301122e-02 9.964729591443528545e-01 6.804738319642208988e-02 2.136660000000000004e+00 9.982488543173215767e-01 5.121309504385931910e-02 -2.960479268941118569e-02 1.867520000000000024e+01
