1.000000000000000000e+00 3.926340000000000709e-32 -1.894750000000000489e-21 0.000000000000000000e+00 -3.926340000000000709e-32 1.000000000000000000e+00 -8.093559999999996719e-38 0.000000000000000000e+00 1.894750000000000489e-21 8.093560000000005071e-38 1.000000000000000000e+00 0.000000000000000000e+00
9.999960084444745601e-01 2.715625637873936120e-03 -7.800464814178221162e-04 -3.478130000000000110e-02 -2.714284969025054610e-03 9.999948463010894795e-01 1.714651091976658040e-03 -2.727790000000000076e-02 7.846988117585011442e-04 -1.712526979411964313e-03 9.999982257479858028e-01 7.727079999999999504e-01
9.999874480537321864e-01 4.986581134145911740e-03 -4.875895577563700307e-04 -3.836149999999999977e-02 -4.985381445872993575e-03 9.999846168649638711e-01 2.431461550266533506e-03 -4.061300000000000326e-02 4.997067373953211714e-04 -2.429000210757362253e-03 9.999969251208489229e-01 1.533300000000000107e+00
9.999799297946110332e-01 6.329184644576732119e-03 2.853588962589913270e-04 -3.549569999999999809e-02 -6.329751217362615534e-03 9.999779057669079263e-01 2.030326957754394722e-03 -6.133269999999999694e-02 -2.725022772685331530e-04 -2.032092459496326504e-03 9.999978981691636237e-01 2.284209999999999852e+00
9.999639191227914781e-01 8.494047258362221603e-03 -1.077671562810883716e-04 -4.465870000000000256e-02 -8.493868827444617936e-03 9.999627091628148223e-01 1.560280777935628719e-03 -6.962029999999999608e-02 1.210162362177089892e-04 -1.559309121547111177e-03 9.999987769543190463e-01 3.014380000000000059e+00
9.999613215946749900e-01 8.794426198164872685e-03 1.156826521514155468e-04 -4.504219999999999752e-02 -8.794598487093368069e-03 9.999600717466244904e-01 1.584282151765419684e-03 -8.817750000000000588e-02 -1.017451806843984826e-04 -1.585238256735798301e-03 9.999987383329979052e-01 3.735520000000000174e+00
9.999594401920927078e-01 8.943238504279171427e-03 1.066046796369644238e-03 -5.201069999999999999e-02 -8.945926432106709666e-03 9.999567486137396211e-01 2.543875411570058979e-03 -1.042700000000000016e-01 -1.043250203837040686e-03 -2.553309008685532028e-03 9.999961961138243982e-01 4.432220000000000049e+00
9.999534337977750154e-01 9.571396825148891299e-03 1.232314429929395232e-03 -4.824019999999999697e-02 -9.577559925216539913e-03 9.999411465810228439e-01 5.096441906679262217e-03 -1.149909999999999960e-01 -1.183461836126793254e-03 -5.108007150034165993e-03 9.999862537460390000e-01 5.112099999999999866e+00
9.999552775954066997e-01 9.073209329408088095e-03 2.668273141540630430e-03 -3.564939999999999776e-02 -9.097360035425492916e-03 9.999164548111052486e-01 9.182670547113287382e-03 -1.229579999999999979e-01 -2.584733928080048225e-03 -9.206534117447281659e-03 9.999542783948000002e-01 5.762290000000000134e+00
9.999576736125594945e-01 8.440152284705812122e-03 3.662623754741074159e-03 -3.697079999999999811e-02 -8.486282683784590955e-03 9.998824781200870149e-01 1.276765266776173045e-02 -1.376620000000000066e-01 -3.554432383477863343e-03 -1.279819431969528819e-02 9.999117822251053500e-01 6.401489999999999903e+00
9.999566607914268657e-01 7.667632560986622353e-03 5.280525520155730443e-03 -4.693680000000000074e-02 -7.748070720272726142e-03 9.998516260393938149e-01 1.538484015171819735e-02 -1.506540000000000101e-01 -5.161776726377333147e-03 -1.542508727009236913e-02 9.998677026205702312e-01 7.016619999999999635e+00
9.999493529263380198e-01 7.751840421387975154e-03 6.418765635175587361e-03 -3.823429999999999884e-02 -7.849813816038284445e-03 9.998508801454324413e-01 1.538173902579376140e-02 -1.577230000000000021e-01 -6.298571683446177460e-03 -1.543134610088918446e-02 9.998610911282942437e-01 7.581459999999999866e+00
9.999352186017481658e-01 8.966530519507633426e-03 7.011414287915406461e-03 -3.128349999999999881e-02 -9.055809815628002371e-03 9.998769779649946399e-01 1.280707789360361303e-02 -1.666499999999999926e-01 -6.895716674662732450e-03 -1.286974226752008420e-02 9.998934037313729206e-01 8.135550000000000281e+00
9.999267061412018265e-01 8.879532736738228460e-03 8.230203155679433058e-03 -2.702649999999999844e-02 -8.959958225720071612e-03 9.999119612018828596e-01 9.787185192774926559e-03 -1.706820000000000004e-01 -8.142572947165582775e-03 -9.860210128669453025e-03 9.999182340381730372e-01 8.662689999999999557e+00
9.999263427314012409e-01 7.396220284689984485e-03 9.623151110972448172e-03 -1.424650000000000048e-02 -7.476175199863829314e-03 9.999376120436700432e-01 8.299326766896689481e-03 -1.732950000000000046e-01 -9.561167093258588975e-03 -8.370659824836224408e-03 9.999192548090628518e-01 9.165699999999999292e+00
9.999282451953713791e-01 3.916768390390755472e-03 1.132092690026441015e-02 -1.775859999999999939e-02 -3.986135499946891203e-03 9.999733811408771933e-01 6.111279199806414313e-03 -1.917020000000000113e-01 -1.129668908491145846e-02 -6.155967434770848699e-03 9.999172410158057023e-01 9.617369999999999308e+00
9.999094975006743713e-01 1.835994593830021912e-03 1.332763789274982007e-02 -1.061649999999999920e-02 -1.909636682270271892e-03 9.999829694629606136e-01 5.514895446072907471e-03 -2.099270000000000025e-01 -1.331728559769451530e-02 -5.539847280459528518e-03 9.998959745875660721e-01 1.006439999999999912e+01
9.998616879594836027e-01 6.016731159906271373e-03 1.550496362336202527e-02 -6.295349999999999904e-03 -6.070591529942074779e-03 9.999756945431175215e-01 3.429029233827269284e-03 -2.125630000000000019e-01 -1.548395522109781430e-02 -3.522679258640989616e-03 9.998739109815556469e-01 1.047230000000000061e+01
9.997769210385337724e-01 9.902952444787643804e-03 1.865582192200980829e-02 -6.348849999999999633e-03 -9.950013036955678708e-03 9.999475413021777781e-01 2.431436672833460315e-03 -2.158629999999999993e-01 -1.863076486014139319e-02 -2.616519941804735204e-03 9.998230085490733554e-01 1.085699999999999932e+01
9.997089792361165683e-01 1.066040126595892840e-02 2.164053325430422697e-02 7.553530000000000140e-03 -1.073536419353493185e-02 9.999367600822641755e-01 3.350789730308575617e-03 -2.180999999999999883e-01 -2.160344394567852155e-02 -3.582133586748907639e-03 9.997602010125491434e-01 1.120599999999999952e+01
9.996679144771418724e-01 6.712121175013691619e-03 2.487987528613875773e-02 1.457729999999999963e-02 -6.816522617391937260e-03 9.999683053849469649e-01 4.113787180220631647e-03 -2.323300000000000087e-01 -2.485147449002713879e-02 -4.282015283659817116e-03 9.996819837132117081e-01 1.152280000000000015e+01
9.996211276226456555e-01 1.677025617686669998e-03 2.747341980001731174e-02 3.132139999999999924e-02 -1.787084209678567025e-03 9.999904751995792873e-01 3.981939244530581859e-03 -2.427410000000000123e-01 -2.746648030705569135e-02 -4.029527912453007010e-03 9.996146034169092198e-01 1.181320000000000014e+01
9.995572251675493014e-01 -1.658342534670052522e-03 2.970864378235492376e-02 4.675580000000000014e-02 1.501936121577355327e-03 9.999848999252962667e-01 5.286218807618479551e-03 -2.499619999999999898e-01 -2.971696154111071186e-02 -5.239257717751844706e-03 9.995446225033333132e-01 1.206690000000000040e+01
9.994854724064112794e-01 -2.666863064840845586e-03 3.196370269424971683e-02 5.070070000000000132e-02 2.461731816507505693e-03 9.999761344182678258e-01 6.455266869930734522e-03 -2.515450000000000186e-01 -3.198015517467971830e-02 -6.373259393106353934e-03 9.994681842058363852e-01 1.229589999999999961e+01
9.994124331106348791e-01 -1.693684385062125836e-03 3.423331677013524699e-02 6.362270000000000425e-02 1.507982784960502139e-03 9.999840133692263766e-01 5.449678329493369555e-03 -2.521639999999999993e-01 -3.424199952983016104e-02 -5.394853026587804676e-03 9.993990099199721033e-01 1.250939999999999941e+01
9.993320942072042579e-01 -7.195981641383471239e-04 3.653556713567761988e-02 4.726999999999999952e-02 5.567208910033311434e-04 9.999898633572450457e-01 4.468024687487665014e-03 -2.684980000000000144e-01 -3.653841197004815272e-02 -4.444700354427452010e-03 9.993223649501027372e-01 1.268950000000000067e+01
9.992400301993749068e-01 1.502668941571982681e-03 3.895001968169449491e-02 6.040449999999999986e-02 -1.644908638886120704e-03 9.999920946812267397e-01 3.620062240098385464e-03 -2.704540000000000277e-01 -3.894427201427792806e-02 -3.681380325978731143e-03 9.992346026415285243e-01 1.286400000000000077e+01
9.991561685754070110e-01 4.249607957692599566e-03 4.085207008119288302e-02 6.559589999999999865e-02 -4.377399217691270092e-03 9.999858007038098240e-01 3.039204969934604633e-03 -2.713780000000000081e-01 -4.083857458092452625e-02 -3.215466212889677832e-03 9.991605834915787687e-01 1.303459999999999930e+01
9.991073342120624368e-01 5.444880671575288468e-03 4.189138333999618130e-02 7.229130000000000278e-02 -5.523350015385766233e-03 9.999832014980506445e-01 1.757647950126633388e-03 -2.785270000000000246e-01 -4.188110944416040954e-02 -1.987459730749815707e-03 9.991206246873022279e-01 1.318239999999999945e+01
9.990266330322804533e-01 4.916347215886443002e-03 4.383624096838294876e-02 8.454019999999999591e-02 -4.929332170392747466e-03 9.999878330725259223e-01 1.881256708276550678e-04 -2.842219999999999747e-01 -4.383478272490034383e-02 -4.040259483484299726e-04 9.990387122561836808e-01 1.333740000000000059e+01
9.989678774383765614e-01 3.842338019425662731e-03 4.525943310304655909e-02 9.014650000000000440e-02 -3.788609022854976232e-03 9.999920131112266519e-01 -1.272853262717434184e-03 -2.918069999999999831e-01 -4.526396235347290853e-02 1.100069225523843917e-03 9.989744559095404819e-01 1.347310000000000052e+01
9.989012060565221063e-01 3.061403412469406587e-03 4.676546105804791492e-02 9.976920000000000233e-02 -2.960616261628536659e-03 9.999931436514813976e-01 -2.224275472880355049e-03 -2.963410000000000211e-01 -4.677194982227120962e-02 2.083376867971114751e-03 9.989034208824439931e-01 1.360979999999999990e+01
9.988494072264040291e-01 3.670001611917692291e-03 4.781623962243063131e-02 1.092199999999999976e-01 -3.512041416336400285e-03 9.999880965554923673e-01 -3.387080219478273875e-03 -2.975459999999999772e-01 -4.782810103434090299e-02 3.215250455526710328e-03 9.988504066755727884e-01 1.374789999999999957e+01
9.987767454268896561e-01 4.369638612977966470e-03 4.925361969299265480e-02 1.058489999999999986e-01 -4.096541133868301411e-03 9.999756798051305795e-01 -5.644302348860251797e-03 -2.981500000000000261e-01 -4.927708539685059924e-02 5.435628451135741251e-03 9.987703553861281280e-01 1.387059999999999960e+01
9.987389944567419686e-01 4.593685453364771201e-03 4.999318959109984306e-02 1.192919999999999953e-01 -4.205634534599539745e-03 9.999602303295276329e-01 -7.864502366929222027e-03 -3.038060000000000205e-01 -5.002732842854486217e-02 7.644332101210445617e-03 9.987185942982281794e-01 1.399460000000000015e+01
9.987037225492526593e-01 4.159456534994367127e-03 5.073040003389308467e-02 1.253319999999999990e-01 -3.667794972186473948e-03 9.999454391242148521e-01 -9.780902551556031055e-03 -3.082239999999999980e-01 -5.076831537787452470e-02 9.582155081949171593e-03 9.986644884332666061e-01 1.411379999999999946e+01
9.987246289901466900e-01 3.029682797467725657e-03 5.039778239804331567e-02 1.289200000000000068e-01 -2.437358091988999897e-03 9.999272854037383196e-01 -1.181030019272375636e-02 -3.146950000000000025e-01 -5.042989920697058676e-02 1.167240023549412017e-02 9.986593915538557464e-01 1.424290000000000056e+01
9.988193085036156660e-01 2.772603260072045717e-03 4.850053228080455220e-02 1.334100000000000008e-01 -2.144440848647069346e-03 9.999132111839262871e-01 -1.299890277275594398e-02 -3.165899999999999825e-01 -4.853236377723405687e-02 1.287954855618573917e-02 9.987385678420469537e-01 1.436829999999999963e+01
9.989609025527608210e-01 2.849887460272241494e-03 4.548618815022077710e-02 1.380029999999999868e-01 -2.221195370320920657e-03 9.999013929815976365e-01 -1.386616762438334753e-02 -3.149449999999999750e-01 -4.552121991006355395e-02 1.375072561446904519e-02 9.988687281534922580e-01 1.449150000000000027e+01
9.991275174209613974e-01 3.407218773596050986e-03 4.162444945527942614e-02 1.417869999999999964e-01 -2.785697697635633463e-03 9.998839051827955737e-01 -1.498052217846900826e-02 -3.214600000000000235e-01 -4.167065898883343805e-02 1.485149880083047082e-02 9.990210153759555567e-01 1.461989999999999945e+01
9.993434487585920456e-01 4.165030046978640717e-03 3.599060916393457404e-02 1.316519999999999913e-01 -3.586884938568720826e-03 9.998637363616426077e-01 -1.611344051942843400e-02 -3.273760000000000003e-01 -3.605281791650682272e-02 1.597376704611202028e-02 9.992222140678397313e-01 1.474840000000000018e+01
9.995588443580482041e-01 3.829908975630734545e-03 2.945247804246135456e-02 1.249409999999999965e-01 -3.335806138303502952e-03 9.998531853079436482e-01 -1.680714809141308289e-02 -3.302320000000000255e-01 -2.951252383329730847e-02 1.670148576616514377e-02 9.994248702679915386e-01 1.486599999999999966e+01
9.997486927771078724e-01 4.067693848616577013e-03 2.204552465281540627e-02 1.287149999999999961e-01 -3.679797313852943910e-03 9.998382071485606426e-01 -1.760734556032720471e-02 -3.317060000000000008e-01 -2.211357913574656456e-02 1.752179764481202884e-02 9.996019088742784664e-01 1.499750000000000050e+01
9.998977864783543668e-01 3.764994050171425414e-03 1.379280303236596339e-02 1.202990000000000032e-01 -3.506420329892542213e-03 9.998185520996244469e-01 -1.872345838462556589e-02 -3.305950000000000277e-01 -1.386079406663219202e-02 1.867318122904779165e-02 9.997295587760870461e-01 1.512420000000000009e+01
9.999871678455839463e-01 2.875946016903548324e-03 4.170501010160022198e-03 1.160859999999999947e-01 -2.791748299369725770e-03 9.997949591022853300e-01 -2.005606878459836179e-02 -3.362029999999999741e-01 -4.227326058024788100e-03 2.004416843292410738e-02 9.997901584963875266e-01 1.526989999999999981e+01
9.999612716180683591e-01 1.441618389591155106e-03 -8.681992881502511097e-03 9.698619999999999464e-02 -1.629533925643913582e-03 9.997637144566042799e-01 -2.167625140836336450e-02 -3.432729999999999948e-01 8.648692569449048170e-03 2.168955952416258548e-02 9.997273443917031877e-01 1.541680000000000028e+01
9.996870142316766072e-01 7.123839452119120220e-04 -2.500732064157066767e-02 7.906689999999999552e-02 -1.298900103460665133e-03 9.997242755824022886e-01 -2.344537629815709318e-02 -3.485269999999999757e-01 2.498372340298683422e-02 2.347052024041139384e-02 9.994123014274777228e-01 1.556639999999999979e+01
9.990271828136886301e-01 9.727004370325390177e-04 -4.408788782879537876e-02 5.392410000000000259e-02 -2.052275975161032325e-03 9.996989902379396220e-01 -2.444825311889660402e-02 -3.509939999999999727e-01 4.405083611767685731e-02 2.451494995107388053e-02 9.987284621288360364e-01 1.574210000000000065e+01
9.978302859723616747e-01 1.861362462933888575e-03 -6.581227640871051277e-02 2.480299999999999866e-02 -3.484011090444353795e-03 9.996925434265699906e-01 -2.454954753222919270e-02 -3.548899999999999832e-01 6.574634638545776011e-02 2.472557273547167436e-02 9.975299814992361069e-01 1.593329999999999913e+01
9.960013326873540240e-01 2.168969320718703957e-03 -8.931204206096937659e-02 -2.079529999999999920e-02 -4.256954419622566155e-03 9.997219034166699991e-01 -2.319470129188140953e-02 -3.582529999999999881e-01 8.923689609171667203e-02 2.348215069017594095e-02 9.957335813232774946e-01 1.613510000000000133e+01
9.932495209850535911e-01 2.151394004512671102e-03 -1.159774140373838469e-01 -8.138349999999999751e-02 -4.745827371914914869e-03 9.997445303639177494e-01 -2.209866805908297649e-02 -3.733250000000000179e-01 1.159002423876559218e-01 2.249990025015440043e-02 9.930059860359431445e-01 1.636769999999999925e+01
9.892741740527057903e-01 4.332120799432027589e-03 -1.460063056231335477e-01 -1.388679999999999914e-01 -7.266579164988648185e-03 9.997820662633267741e-01 -1.957081514581871309e-02 -3.755399999999999849e-01 1.458897027880162178e-01 2.042186836731601715e-02 9.890900575341015077e-01 1.658780000000000143e+01
9.837922269060079827e-01 4.843504554400236001e-03 -1.792467426285603571e-01 -2.088160000000000016e-01 -7.895414639751975258e-03 9.998356982306320084e-01 -1.631683092181264103e-02 -3.809600000000000208e-01 1.791382614267098272e-01 1.746759878449625700e-02 9.836688295792033188e-01 1.684949999999999903e+01
9.764682796691176447e-01 5.667580049254408031e-03 -2.155865889530681756e-01 -3.002679999999999794e-01 -8.617263550252822479e-03 9.998816513534035666e-01 -1.274464811975292364e-02 -3.838170000000000193e-01 2.154888432586229696e-01 1.430251107939200378e-02 9.764015550007509869e-01 1.710470000000000113e+01
9.668262027819835014e-01 6.871309409054006737e-03 -2.553426692136980258e-01 -4.029860000000000109e-01 -9.118297058342923408e-03 9.999294153300982702e-01 -7.617152772772468709e-03 -3.995319999999999983e-01 2.552723061221619516e-01 9.692753200870554697e-03 9.668206143139792541e-01 1.736220000000000141e+01
9.549489441429535042e-01 1.215434525069249497e-02 -2.965211391651282891e-01 -5.404879999999999685e-01 -1.348827884214582468e-02 9.999060197466980160e-01 -2.453162895616329414e-03 -3.921879999999999811e-01 2.964634554445707004e-01 6.342205124629461330e-03 9.550231389971775009e-01 1.763919999999999888e+01
9.407432390042171910e-01 1.559884805769625425e-02 -3.387607329770190301e-01 -6.788220000000000365e-01 -1.591522613171765174e-02 9.998716442214049538e-01 1.844087622795348392e-03 -3.962990000000000124e-01 3.387460167220134322e-01 3.656640706599595739e-03 9.408707483675492478e-01 1.792729999999999890e+01
9.243505369771737312e-01 1.787973899922708568e-02 -3.811251759243019510e-01 -8.479109999999999703e-01 -1.634811097440718244e-02 9.998400311309590949e-01 7.256129520014177603e-03 -3.953430000000000000e-01 3.811939454629087454e-01 -4.765305470500803310e-04 9.244949696245290394e-01 1.820070000000000121e+01
9.050782679489890459e-01 2.106489368767423473e-02 -4.247229675216362965e-01 -1.026140000000000052e+00 -1.646305199387650478e-02 9.997592962002465056e-01 1.450233016568979079e-02 -4.006569999999999854e-01 4.249262251326750839e-01 -6.133507570284671764e-03 9.052072046108451397e-01 1.850280000000000058e+01
8.833523395225204577e-01 2.520621175718327361e-02 -4.680312929163410463e-01 -1.229770000000000030e+00 -1.746197400136959010e-02 9.996295149403967573e-01 2.087851345288886315e-02 -3.990750000000000131e-01 4.683841625461574454e-01 -1.027033343562925444e-02 8.834652208927388228e-01 1.879139999999999944e+01
8.587889515042674837e-01 3.103561845298293334e-02 -5.113886263512729125e-01 -1.444339999999999957e+00 -2.056036802368228431e-02 9.994471526722461530e-01 2.612776840969095390e-02 -3.948570000000000135e-01 5.119167979671420676e-01 -1.192390047679730072e-02 8.589522760645598165e-01 1.905989999999999895e+01
8.309545642757668604e-01 3.442483187173550618e-02 -5.552742052894886760e-01 -1.699440000000000062e+00 -2.190832268390605769e-02 9.993343599469588501e-01 2.916954621826916075e-02 -3.951910000000000145e-01 5.559087492623661086e-01 -1.207344110039208426e-02 8.311556379605128386e-01 1.935519999999999996e+01
8.006956813349634938e-01 3.769813299481411528e-02 -5.978839993345229642e-01 -1.959880000000000067e+00 -2.417768500008874583e-02 9.992384712145119252e-01 3.062543375890933520e-02 -3.761079999999999979e-01 5.985832151335143125e-01 -1.006620154726533753e-02 8.009973821098510527e-01 1.961319999999999908e+01
7.671373916416421856e-01 4.018553451156194750e-02 -6.402228870957969997e-01 -2.255939999999999834e+00 -2.460007960989541928e-02 9.991446806381195644e-01 3.323767795344483023e-02 -3.745820000000000261e-01 6.410109659190273979e-01 -9.748331578796886124e-03 7.674698115254993125e-01 1.990719999999999956e+01
7.303997429659518925e-01 4.368207423156460212e-02 -6.816216632899072536e-01 -2.564760000000000151e+00 -2.573764512080215991e-02 9.990042732253712199e-01 3.644222415116121772e-02 -3.562199999999999811e-01 6.825348262901367313e-01 -9.074054676709226649e-03 7.307967381104112370e-01 2.017079999999999984e+01
6.920543116547293039e-01 4.588255016046825785e-02 -7.203857447998751606e-01 -2.889089999999999936e+00 -2.427466205205891514e-02 9.988926668251250085e-01 4.030112833715795984e-02 -3.396580000000000155e-01 7.214371563084043260e-01 -1.040344912814303129e-02 6.924017603558507705e-01 2.041769999999999996e+01
6.512709132913946375e-01 4.576433702394324537e-02 -7.574640737073617958e-01 -3.262379999999999836e+00 -2.177369063526452680e-02 9.988958149185368507e-01 4.163000521681226029e-02 -3.261479999999999935e-01 7.585328627664805756e-01 -1.061962310964753922e-02 6.515482481814347526e-01 2.069160000000000110e+01
6.092641919188924726e-01 4.445576997123960178e-02 -7.917201708695335016e-01 -3.645820000000000061e+00 -1.675886892419703456e-02 9.989261387041965534e-01 4.319386213232169480e-02 -3.133319999999999994e-01 7.927901896200536536e-01 -1.304813893965964255e-02 6.093549551061441250e-01 2.093809999999999860e+01
5.653364544406983550e-01 4.408585017904043113e-02 -8.236814500123281757e-01 -4.044979999999999798e+00 -1.166510928263266716e-02 9.988981599246048448e-01 4.545757719745668890e-02 -3.068540000000000156e-01 8.247779207191743289e-01 -1.609049139180335555e-02 5.652278103392700537e-01 2.116090000000000160e+01
5.187284028301418770e-01 4.499122970885385125e-02 -8.537544338664222465e-01 -4.496489999999999654e+00 -9.853439797011573353e-03 9.988626337121874199e-01 4.665135258188372880e-02 -2.802919999999999856e-01 8.548823040755122449e-01 -1.578696369913186806e-02 5.185817370055616493e-01 2.139669999999999916e+01
4.702770656268633331e-01 4.579900393860820290e-02 -8.813296391155912568e-01 -4.943889999999999674e+00 -8.850463238875214134e-03 9.988470386896273201e-01 4.718328731043930357e-02 -2.511599999999999944e-01 8.824744477013736210e-01 -1.438904233065891464e-02 4.701401967657756753e-01 2.158330000000000126e+01
4.180297054705249260e-01 4.442141046319086212e-02 -9.073466281618546292e-01 -5.442490000000000272e+00 -3.950648728073519189e-03 9.988831831477773537e-01 4.708268045886367104e-02 -2.309070000000000011e-01 9.084247672310864496e-01 -1.609735124251219021e-02 4.177383362394714306e-01 2.176219999999999999e+01
3.650430972099563687e-01 4.324689507249521170e-02 -9.299856145371021565e-01 -5.949029999999999596e+00 1.696143482521495632e-03 9.988879457086906610e-01 4.711682305884534044e-02 -2.161029999999999895e-01 9.309890763465753505e-01 -1.877706005903025804e-02 3.645637965279746595e-01 2.193230000000000146e+01
3.115451357769306040e-01 4.248705747398996008e-02 -9.492810323191628319e-01 -6.458210000000000228e+00 4.053605680116624532e-03 9.989313899442608946e-01 4.603961842823212774e-02 -2.102140000000000120e-01 9.502227089765450385e-01 -1.819143015897758259e-02 3.110399897345147435e-01 2.206660000000000110e+01
2.582160101364950333e-01 4.678904105907431832e-02 -9.649535106656496053e-01 -7.047659999999999592e+00 4.928521008050829044e-03 9.987497107136136254e-01 4.974660822755785916e-02 -1.555900000000000061e-01 9.660746357243122917e-01 -1.760116434345137745e-02 2.576625646536416792e-01 2.218189999999999884e+01
2.069575888896128812e-01 5.335997669550347766e-02 -9.768936837179637012e-01 -7.632500000000000284e+00 8.496695575687863988e-03 9.983758567169176423e-01 5.633342603690075223e-02 -1.203950000000000020e-01 9.783130187037744063e-01 -1.995899826685215359e-02 2.061680766338274129e-01 2.226559999999999917e+01
1.590940694445418802e-01 5.448835896414833124e-02 -9.857586397313335969e-01 -8.197910000000000252e+00 1.383420674627057478e-02 9.982547255713266621e-01 5.741182455049419209e-02 -1.146810000000000052e-01 9.871664964894606431e-01 -2.277106962593988815e-02 1.580626034102117217e-01 2.233830000000000027e+01
1.138597430681366068e-01 5.497494903558131085e-02 -9.919746538531079016e-01 -8.849380000000000024e+00 1.634955520234658566e-02 9.982289619718606177e-01 5.719817763938929434e-02 -8.675639999999999741e-02 9.933622959188371793e-01 -2.273091417248654031e-02 1.127592771692853546e-01 2.238370000000000104e+01
7.455549343635793635e-02 5.337112631883813435e-02 -9.957876286005563626e-01 -9.467050000000000409e+00 1.679604965097087482e-02 9.983579177166668206e-01 5.476642081205673751e-02 -6.097369999999999873e-02 9.970754089408598864e-01 -2.080843597918359891e-02 7.353664309388152631e-02 2.241280000000000072e+01
3.810172338702098871e-02 4.933395096234424043e-02 -9.980553190867649249e-01 -1.014710000000000001e+01 1.368123133502758410e-02 9.986611995919129070e-01 4.988619386963660113e-02 -2.919829999999999995e-02 9.991802052603406814e-01 -1.555537566523299692e-02 3.737576358841487867e-02 2.241079999999999828e+01
9.689258193042709494e-03 4.918072825849490598e-02 -9.987428969677994983e-01 -1.079989999999999917e+01 1.168328877704008506e-02 9.987160384740284558e-01 4.929275056329497640e-02 1.572580000000000158e-02 9.998848028843226876e-01 -1.214621186654541579e-02 9.102224907798550646e-03 2.238400000000000034e+01
-1.215473535686639218e-02 5.264973076471554658e-02 -9.985390669667398855e-01 -1.152820000000000000e+01 1.021480790476572698e-02 9.985672660474720352e-01 5.252687767177853517e-02 5.069930000000000270e-02 9.998739521099012650e-01 -9.561434457246279633e-03 -1.267512774083578986e-02 2.235559999999999903e+01
-2.548919295314961211e-02 5.843328679211290400e-02 -9.979658571500670261e-01 -1.225760000000000005e+01 1.179723555701248441e-02 9.982382703367426169e-01 5.814792230441716281e-02 8.885070000000000467e-02 9.996054853169872301e-01 -1.029109468321317070e-02 -2.613363913448862874e-02 2.233310000000000173e+01
-3.328806419952917012e-02 6.112047716221562232e-02 -9.975751560926682249e-01 -1.300619999999999976e+01 1.266179893864436898e-02 9.980740075215368545e-01 6.072853001297318087e-02 1.199940000000000034e-01 9.993655905770848502e-01 -1.060956084681725919e-02 -3.399784683112028194e-02 2.230249999999999844e+01
-3.743886201074183434e-02 5.873437179589775792e-02 -9.975713534284561534e-01 -1.377480000000000082e+01 1.303337943744795058e-02 9.982150110403301690e-01 5.828312581007417947e-02 1.603320000000000023e-01 9.992139223568595741e-01 -1.081967206040349017e-02 -3.813754140902614331e-02 2.226249999999999929e+01
-3.683920349431685226e-02 5.481234834299821695e-02 -9.978168567202250205e-01 -1.453589999999999982e+01 1.990756660269484696e-02 9.983367357197302505e-01 5.410592300693688184e-02 2.177439999999999931e-01 9.991228962834670657e-01 -1.787088642454911711e-02 -3.786911063831954749e-02 2.223900000000000077e+01
-3.214156934464382914e-02 5.429311965369976178e-02 -9.980076035172938953e-01 -1.534999999999999964e+01 3.104069368487734348e-02 9.980960737836338525e-01 5.329824418549401754e-02 2.169619999999999882e-01 9.990011986257197885e-01 -2.926575910452301407e-02 -3.376567026450028042e-02 2.221539999999999893e+01
-2.621550373732575018e-02 5.377474387084965612e-02 -9.982089081376818163e-01 -1.617200000000000060e+01 3.296841534925236405e-02 9.980554122037682552e-01 5.290064045099408113e-02 2.684039999999999759e-01 9.991125216676836063e-01 -3.152254895135681717e-02 -2.793739347991996969e-02 2.219620000000000104e+01
-2.150818249897900811e-02 5.139249203718385117e-02 -9.984468988623274033e-01 -1.702779999999999916e+01 3.181064311339014405e-02 9.982074477421618575e-01 5.069491351991597949e-02 3.328380000000000227e-01 9.992624685588382683e-01 -3.067088251562432796e-02 -2.310445618078105223e-02 2.217200000000000060e+01
-1.767576856835407009e-02 4.623477230473536231e-02 -9.987742052313164365e-01 -1.788410000000000011e+01 3.583630501539670360e-02 9.983177224013732864e-01 4.557942937530025385e-02 3.419769999999999754e-01 9.992013442987164318e-01 -3.498672561506444012e-02 -1.930291642148296294e-02 2.218290000000000006e+01
-1.660314581473649326e-02 3.658753754928127655e-02 -9.991925178088227888e-01 -1.875479999999999947e+01 3.236625535079983018e-02 9.988262161003405026e-01 3.603630870722827895e-02 3.639839999999999742e-01 9.993381615167218346e-01 -3.174180408791800467e-02 -1.776785889247245454e-02 2.215500000000000114e+01
-1.553688330987532985e-02 2.778573931440167510e-02 -9.994931505256886561e-01 -1.965719999999999956e+01 2.537574598468592124e-02 9.993027965539363899e-01 2.738598757033865530e-02 4.085329999999999795e-01 9.995572403683220530e-01 -2.493739140796727774e-02 -1.623113480412952114e-02 2.211400000000000077e+01
-1.633791436420835297e-02 2.517303410462473981e-02 -9.995495940213244834e-01 -2.057679999999999865e+01 1.880135196747867790e-02 9.995140067370000825e-01 2.486482456690826057e-02 4.186699999999999866e-01 9.996897427294241245e-01 -1.838664435169013248e-02 -1.680326132218623592e-02 2.209789999999999921e+01
-2.046567798215443226e-02 3.064597777488109118e-02 -9.993207593515468501e-01 -2.152639999999999887e+01 9.842980690244636927e-03 9.994878400345577063e-01 3.044952141144044444e-02 4.497280000000000166e-01 9.997421026224023732e-01 -9.213124837740628223e-03 -2.075684404869815314e-02 2.205989999999999895e+01
-2.480124997963344471e-02 3.845177656553923351e-02 -9.989526309482356092e-01 -2.249030000000000129e+01 5.352188631502257515e-03 9.992507876279540513e-01 3.833037309714568130e-02 4.894470000000000209e-01 9.996780742200465086e-01 -4.395941749775499063e-03 -2.498846973770163515e-02 2.202560000000000073e+01
-2.945647409740800859e-02 4.876161827435922941e-02 -9.983759916569581172e-01 -2.348870000000000147e+01 3.599141152751166028e-03 9.988081103637246327e-01 4.867653289428174046e-02 5.104959999999999498e-01 9.995595841753064370e-01 -2.159457087139275006e-03 -2.959686517821613627e-02 2.196689999999999898e+01
-3.230313991406751767e-02 5.868916575160869342e-02 -9.977535211539332316e-01 -2.449190000000000111e+01 2.700982317327484811e-03 9.982759840739479085e-01 5.863245104643301231e-02 5.680950000000000166e-01 9.994744678310765185e-01 -8.009023480303641140e-04 -3.240596718530797116e-02 2.194010000000000105e+01
-3.284926527473826241e-02 6.648129183358994498e-02 -9.972467917256224723e-01 -2.549729999999999919e+01 5.304578750393466879e-03 9.977828228202660910e-01 6.634229366778218728e-02 6.100179999999999492e-01 9.994462402826831404e-01 -3.110678536658244286e-03 -3.312908788135926486e-02 2.191920000000000002e+01
-3.482984655371287180e-02 6.841428027431135928e-02 -9.970488293175980843e-01 -2.653190000000000026e+01 6.332232911922530683e-03 9.976492302563870762e-01 6.823427434352441479e-02 6.544170000000000265e-01 9.993731958659857195e-01 -3.936956106709819936e-03 -3.518118476145826179e-02 2.187460000000000093e+01
-3.583088898094864000e-02 6.478979327424727597e-02 -9.972554487604040618e-01 -2.753740000000000165e+01 5.060062526185814258e-03 9.978952005567441885e-01 6.464955122076482263e-02 7.204199999999999493e-01 9.993450571059355747e-01 -2.729724032847748172e-03 -3.608331255079655353e-02 2.183559999999999945e+01
-3.929983210024133589e-02 6.087552858429472191e-02 -9.973713918177499194e-01 -2.854690000000000083e+01 4.350342030403041294e-04 9.981434414210271777e-01 6.090550954905947501e-02 7.685920000000000529e-01 9.992273684913434151e-01 1.959685630683053598e-03 -3.925335259686579814e-02 2.177029999999999887e+01
-4.361191957852340872e-02 5.578300934299322555e-02 -9.974899780645997138e-01 -2.957710000000000150e+01 -5.871513403904425610e-04 9.984383425644572929e-01 5.586171632203071336e-02 8.021580000000000377e-01 9.990483750669832963e-01 3.021914257401361187e-03 -4.351105963132850807e-02 2.171180000000000021e+01
-4.935747589202424401e-02 5.122158372984224328e-02 -9.974668861339583970e-01 -3.060089999999999932e+01 7.620983338752704284e-04 9.986857459640003931e-01 5.124646343366280610e-02 8.533610000000000362e-01 9.987808862707063806e-01 1.769228231460074491e-03 -4.933164351374530465e-02 2.167070000000000007e+01
-5.632679983276278612e-02 4.842572418297336201e-02 -9.972373041848938691e-01 -3.165510000000000090e+01 -1.811994178114558623e-03 9.988164468960275544e-01 4.860475374995253811e-02 8.983430000000000026e-01 9.984107412772051937e-01 4.544738424775991714e-03 -5.617238694369330876e-02 2.159880000000000067e+01
-6.234446883741808637e-02 5.125847706075177534e-02 -9.967375460645558904e-01 -3.269669999999999987e+01 1.583145124876804422e-04 9.986807826591634907e-01 5.134850809707856151e-02 9.347119999999999873e-01 9.980546789339227454e-01 3.043497444222845183e-03 -6.227033789382929729e-02 2.154119999999999990e+01
-6.928854451058026609e-02 5.595229158550364679e-02 -9.960263242836182584e-01 -3.376769999999999783e+01 -1.940748170156856439e-03 9.984164307090869217e-01 5.622156513889375873e-02 9.750830000000000330e-01 9.975947729895866534e-01 5.828546684862240257e-03 -6.907023199177064754e-02 2.143560000000000088e+01
-7.552999955653076636e-02 5.917827679565073468e-02 -9.953859305427655846e-01 -3.484060000000000201e+01 -3.248066955076185647e-03 9.982174685640112788e-01 5.959308277570916912e-02 1.025109999999999966e+00 9.971382397782392326e-01 7.734145664165349016e-03 -7.520314995264276714e-02 2.135060000000000002e+01
-7.956740325654738932e-02 6.076962224961461601e-02 -9.949754174604764634e-01 -3.587389999999999901e+01 -7.159788297009913455e-03 9.980794452094711167e-01 6.153176807061783854e-02 1.076889999999999903e+00 9.968037749580166418e-01 1.201973635290925352e-02 -7.897949206885657158e-02 2.126279999999999859e+01
-8.312662084089407488e-02 6.268362212426989433e-02 -9.945655978491092508e-01 -3.696419999999999817e+01 -1.055232054343642131e-02 9.979084300106103589e-01 6.377627964147378203e-02 1.124689999999999968e+00 9.964831225057064756e-01 1.579648160637789345e-02 -8.229129802194490306e-02 2.117109999999999914e+01
-8.447452814345440819e-02 6.365565276208443035e-02 -9.943902714560178824e-01 -3.801550000000000296e+01 -1.459841678860205813e-02 9.977711579534260800e-01 6.511223067554776367e-02 1.183969999999999967e+00 9.963186941547400588e-01 2.001684859593076335e-02 -8.335697601329228323e-02 2.107310000000000016e+01
-8.620122239975767930e-02 6.393046366329190044e-02 -9.942244440128112926e-01 -3.912749999999999773e+01 -1.542087786732067312e-02 9.977338544829017497e-01 6.549314578253988273e-02 1.233070000000000110e+00 9.961583939226675843e-01 2.097740294908683953e-02 -8.502001401389525093e-02 2.094429999999999836e+01
-8.792217461706154646e-02 6.328971385571505182e-02 -9.941147334843544181e-01 -4.020150000000000290e+01 -1.576047021042097790e-02 9.977662599877687999e-01 6.491608436101722890e-02 1.288899999999999935e+00 9.960026600312640310e-01 2.137527894746598864e-02 -8.672830368780792831e-02 2.085379999999999967e+01
-8.827329260193740590e-02 6.266855536848134345e-02 -9.941229692453747990e-01 -4.126279999999999859e+01 -1.739745875982252193e-02 9.977697107353880046e-01 6.444325230557819417e-02 1.334410000000000096e+00 9.959443529845997123e-01 2.298383142662950226e-02 -8.698614401753457237e-02 2.075870000000000104e+01
-8.966268126730876642e-02 6.171663370468249976e-02 -9.940581777301160660e-01 -4.236970000000000169e+01 -1.890675166305652924e-02 9.977929241674611260e-01 6.365387044711903752e-02 1.392859999999999987e+00 9.957927185561805672e-01 2.450178780230442485e-02 -8.829792786346879474e-02 2.065299999999999869e+01
-9.065469948587806526e-02 5.964788776147655902e-02 -9.940944899488776132e-01 -4.345049999999999812e+01 -2.307947371739803299e-02 9.978107872342867335e-01 6.197556592578294665e-02 1.441359999999999975e+00 9.956149172014513438e-01 2.856155395785441378e-02 -8.907959520260233521e-02 2.055180000000000007e+01
-9.041598238625628281e-02 5.502046846961058946e-02 -9.943830741613175483e-01 -4.451429999999999865e+01 -2.903040924255051447e-02 9.979028261638068775e-01 5.785486041377277400e-02 1.491910000000000069e+00 9.954808815182427661e-01 3.409835162689953125e-02 -8.862909763723247902e-02 2.042680000000000007e+01
-8.969537843990579851e-02 5.360532191525270440e-02 -9.945256198554587312e-01 -4.564200000000000301e+01 -3.194678222867246287e-02 9.978818568580641868e-01 5.666747619874838021e-02 1.542149999999999910e+00 9.954567505380412795e-01 3.685470412123891676e-02 -8.779287324367546219e-02 2.032059999999999889e+01
-8.816190950841167051e-02 5.768654568174613056e-02 -9.944343820278634949e-01 -4.672120000000000317e+01 -3.166441381466190280e-02 9.976548660375128552e-01 6.068058313370308654e-02 1.590689999999999937e+00 9.956027534160424297e-01 3.683789786320901261e-02 -8.612854736622055363e-02 2.022250000000000014e+01
-8.702908181525163822e-02 6.087766629474707786e-02 -9.943439287615226663e-01 -4.785660000000000025e+01 -3.036906026804397224e-02 9.975050404612326727e-01 6.372922746174376762e-02 1.653739999999999988e+00 9.957427675342817031e-01 3.574358685051317458e-02 -8.496315026074341414e-02 2.013139999999999930e+01
-8.472901361601101189e-02 6.123950474144508604e-02 -9.945203453477862165e-01 -4.895089999999999719e+01 -2.879712751940475060e-02 9.975420806429713405e-01 6.387896988150972011e-02 1.699880000000000058e+00 9.959878110189344103e-01 3.405173131448986645e-02 -8.275723470607765364e-02 2.003440000000000154e+01
-8.207785667604255986e-02 6.055867907322051019e-02 -9.947843343320068588e-01 -5.007679999999999865e+01 -2.890385533122296485e-02 9.975876765429099180e-01 6.311414070325382930e-02 1.753330000000000055e+00 9.962067017393825274e-01 3.393337588017249912e-02 -8.012947903809297667e-02 1.991900000000000048e+01
-7.770027607290302951e-02 6.120560540305822195e-02 -9.950962470864010978e-01 -5.119610000000000127e+01 -3.237759490160108111e-02 9.974323856654563336e-01 6.387744025948761950e-02 1.813120000000000065e+00 9.964508811008110367e-01 3.718211791925958576e-02 -7.551908143281271801e-02 1.982600000000000051e+01
-7.231077581399944498e-02 6.174171833558930733e-02 -9.954692923029552221e-01 -5.229319999999999879e+01 -3.859219394442943429e-02 9.971614811112846644e-01 6.465000506190599072e-02 1.869180000000000064e+00 9.966352363165439376e-01 4.309223601668496495e-02 -6.972277194252440857e-02 1.974879999999999924e+01
-6.719370933780369204e-02 6.229318536499898334e-02 -9.957934346452121943e-01 -5.343350000000000222e+01 -4.111480461878668641e-02 9.970284508348913333e-01 6.514477006587572616e-02 1.920050000000000034e+00 9.968924607331453025e-01 4.531917125079294728e-02 -6.443286778155654648e-02 1.966560000000000130e+01
-6.122136480040037132e-02 6.117752343641290336e-02 -9.962475872583899106e-01 -5.453909999999999769e+01 -4.350276884043864645e-02 9.970078302843767837e-01 6.389753872297924964e-02 1.977619999999999933e+00 9.971757385712868293e-01 4.725142302435370034e-02 -5.837678842641069732e-02 1.960030000000000072e+01
-5.297865352135426587e-02 6.113570269918307959e-02 -9.967224729715593590e-01 -5.569919999999999760e+01 -4.241588002708793909e-02 9.970856270161621016e-01 6.341250286272069603e-02 2.039390000000000036e+00 9.976944198463733038e-01 4.563636985195006213e-02 -5.023112933375128986e-02 1.949749999999999872e+01
-4.952922197694639705e-02 6.042588964698515641e-02 -9.969431117324242253e-01 -5.682260000000000133e+01 -4.078873735281883517e-02 9.972130878844042146e-01 6.246868221128204501e-02 2.081920000000000215e+00 9.979394445934689495e-01 4.375807596800566912e-02 -4.692649264602155590e-02 1.943550000000000111e+01
-4.412169263680098402e-02 6.127015412103791608e-02 -9.971455482791105052e-01 -5.793520000000000181e+01 -3.990286058820274179e-02 9.972129814145805904e-01 6.303991921887192040e-02 2.139510000000000023e+00 9.982289506700063875e-01 4.257038773875217175e-02 -4.155387024129253426e-02 1.939339999999999975e+01
-3.844685070402060340e-02 6.299938786233764965e-02 -9.972727394248341870e-01 -5.910020000000000095e+01 -3.797967995539363456e-02 9.971973749101346041e-01 6.445881927884092311e-02 2.190189999999999859e+00 9.985386239807794162e-01 4.035433807296492925e-02 -3.594640200721388457e-02 1.934829999999999828e+01
-3.313301487903655418e-02 6.361314677060098122e-02 -9.974244687609020721e-01 -6.023879999999999768e+01 -3.996028417466761240e-02 9.970900998927226810e-01 6.491924510189735209e-02 2.256600000000000161e+00 9.986517806591571622e-01 4.200833552834950385e-02 -3.049460169328754855e-02 1.930979999999999919e+01
-2.835389479447005673e-02 6.373646262925355965e-02 -9.975638926813128471e-01 -6.137199999999999989e+01 -3.927078829164550033e-02 9.971236558148254270e-01 6.482453394688200699e-02 2.308699999999999974e+00 9.988262420646230044e-01 4.101314845250805113e-02 -2.576935810367908530e-02 1.924579999999999913e+01
