1.000000000000000000e+00 6.096846912000000331e-38 2.811680000000000646e-19 -8.673619999999999689e-19 6.096846912000000331e-38 1.000000000000000000e+00 -4.336800000000000393e-19 0.000000000000000000e+00 -2.811680000000000646e-19 4.336800000000000393e-19 1.000000000000000000e+00 0.000000000000000000e+00
9.999967972251844195e-01 2.519316403534163726e-03 -2.420417985588104359e-04 -3.394929999999999996e-03 -2.518917197766548221e-03 9.999954897420382238e-01 1.635711384022822852e-03 -1.640180000000000110e-02 2.461615814090776784e-04 -1.635096461958628414e-03 9.999986329310834865e-01 7.716229999999999478e-01
9.999885653808937569e-01 4.781802730943554743e-03 5.890759040978565372e-05 -6.828479999999999620e-03 -4.781927701860240985e-03 9.999858182712616506e-01 2.344445309527272859e-03 -2.944139999999999951e-02 -4.769608001467250553e-05 -2.344700193526573582e-03 9.999972500492620986e-01 1.532219999999999915e+00
9.999809082774697711e-01 6.122201252754951376e-03 8.376946862388119164e-04 -2.681160000000000140e-03 -6.123811602494271325e-03 9.999793800596086246e-01 1.933490899345204593e-03 -4.993620000000000003e-02 -8.258401926181539515e-04 -1.938583870112376480e-03 9.999977799378130250e-01 2.283090000000000064e+00
9.999655873948813944e-01 8.283378346185654023e-03 4.578964770939730603e-04 -1.025859999999999966e-02 -8.284036896567110314e-03 9.999646274661273537e-01 1.455523694582212943e-03 -5.794259999999999688e-02 -4.458236266812644756e-04 -1.459266837531125261e-03 9.999988358901177321e-01 3.013220000000000010e+00
9.999632224042273032e-01 8.543759173593550721e-03 7.470061160707260929e-04 -3.010720000000000150e-03 -8.544831432177067698e-03 9.999624493708345607e-01 1.444196689095532393e-03 -7.435379999999999767e-02 -7.346391968101437416e-04 -1.450526616354114173e-03 9.999986781380191259e-01 3.734179999999999833e+00
9.999607937904381183e-01 8.691244668225964892e-03 1.695036316400907886e-03 -9.144080000000000610e-03 -8.695300553521682907e-03 9.999593143422162989e-01 2.400293425534700317e-03 -9.042730000000000212e-02 -1.674105815296551359e-03 -2.414938169347888731e-03 9.999956827123591685e-01 4.430880000000000152e+00
9.999548777570426150e-01 9.315185658517556588e-03 1.862730803189169846e-03 -4.302310000000000162e-03 -9.324300370755465167e-03 9.999442962239792898e-01 4.945894431397282638e-03 -1.011090000000000044e-01 -1.816555117173828662e-03 -4.963039923065903046e-03 9.999860340835906580e-01 5.110750000000000348e+00
9.999557491274000398e-01 8.811497083220803245e-03 3.295042672330341336e-03 8.643069999999999226e-03 -8.840922432803068748e-03 9.999201916379577559e-01 9.024879237253037936e-03 -1.090570000000000012e-01 -3.215257003296328499e-03 -9.053611095150527685e-03 9.999538460591771427e-01 5.760930000000000106e+00
9.999573930565085478e-01 8.174028748848606238e-03 4.289210375374708645e-03 8.355160000000000364e-03 -8.227516970638082752e-03 9.998867098039777579e-01 1.260458336771575275e-02 -1.237609999999999960e-01 -4.185694223075533960e-03 -1.263933587609850431e-02 9.999113596476849608e-01 6.400140000000000384e+00
9.999551166057047968e-01 7.324283819146714877e-03 6.009961780895190821e-03 1.221019999999999918e-02 -7.414450009185599710e-03 9.998581921299541930e-01 1.512023682621651752e-02 -1.325119999999999909e-01 -5.898364615088060904e-03 -1.516411873984677486e-02 9.998676206367077546e-01 7.014899999999999913e+00
9.999470578448536040e-01 7.403768975900065427e-03 7.146027733820076860e-03 2.139749999999999985e-02 -7.511088232187639741e-03 9.998576272431048961e-01 1.510989071292902740e-02 -1.395500000000000074e-01 -7.033140194061138911e-03 -1.516276520756904174e-02 9.998603029875077208e-01 7.579729999999999634e+00
9.999329031890343833e-01 8.619436277219382284e-03 7.739149708607786018e-03 2.907830000000000137e-02 -8.715979549391560458e-03 9.998835233905410957e-01 1.252882087875154329e-02 -1.485009999999999941e-01 -7.630256905496537317e-03 -1.259543450541532328e-02 9.998915612251040308e-01 8.133800000000000807e+00
9.999234911794441238e-01 8.531667738462079403e-03 8.956697667806830243e-03 3.383970000000000034e-02 -8.616737555703416623e-03 9.999177221788206893e-01 9.502668394443835806e-03 -1.524979999999999947e-01 -8.874887120867581275e-03 -9.579118869662115940e-03 9.999147347950587683e-01 8.660920000000000840e+00
9.999216002604726095e-01 7.049546090901945110e-03 1.034877927331833564e-02 4.725370000000000265e-02 -7.132625294626619185e-03 9.999424563944987465e-01 8.013086555285736656e-03 -1.552090000000000136e-01 -1.029169514424453993e-02 -8.086272296200368304e-03 9.999143429371385450e-01 9.163909999999999556e+00
9.999206747343718504e-01 3.493709646619820846e-03 1.210116654143516407e-02 5.871189999999999742e-02 -3.562482758773677632e-03 9.999776006604541578e-01 5.666294552395965446e-03 -1.692019999999999913e-01 -1.208109909535860782e-02 -5.708955269240380791e-03 9.999107234520399068e-01 9.615149999999999864e+00
9.998995070803126106e-01 1.409548278966393006e-03 1.410634304832937211e-02 6.627840000000000120e-02 -1.481120796738500528e-03 9.999860778441602704e-01 5.064622299689357059e-03 -1.874850000000000128e-01 -1.409900782797698232e-02 -5.085006539062156446e-03 9.998876740348209280e-01 1.006220000000000070e+01
9.998518142377048612e-01 5.589941369848236419e-03 1.628195691714082183e-02 7.120260000000000478e-02 -5.639107685827109487e-03 9.999796737115626000e-01 2.975336657316494070e-03 -1.902119999999999922e-01 -1.626499400791824035e-02 -3.066711463177600183e-03 9.998630132426761241e-01 1.047000000000000064e+01
9.997662684868553473e-01 9.476464652888889201e-03 1.943206148486873591e-02 7.183549999999999658e-02 -9.516575918820498192e-03 9.999527704136802475e-01 1.972745494724024475e-03 -1.935790000000000011e-01 -1.941244906369356954e-02 -2.157211090314434775e-03 9.998092334348894772e-01 1.085469999999999935e+01
9.996964155458674117e-01 1.023071895482610336e-02 2.241448492407877718e-02 8.629979999999999596e-02 -1.029797914539017784e-02 9.999428057100381295e-01 2.887374977037626429e-03 -1.958439999999999903e-01 -2.238366302162141108e-02 -3.117322313184172234e-03 9.997445943496419130e-01 1.120369999999999955e+01
9.996512364230368819e-01 6.196360654921489151e-03 2.567120239738810913e-02 1.102960000000000051e-01 -6.287413971774675862e-03 9.999742213817183201e-01 3.467707827026421732e-03 -2.055319999999999925e-01 -2.564905346091852709e-02 -3.627903893466398987e-03 9.996644258799542992e-01 1.151999999999999957e+01
9.995998627237113743e-01 1.163584752696979023e-03 2.826235151682437302e-02 1.275759999999999950e-01 -1.258392441989323284e-03 9.999936404085894015e-01 3.337003272199774717e-03 -2.161089999999999955e-01 -2.825828889368919156e-02 -3.371233142341088090e-03 9.995949699232687946e-01 1.181039999999999957e+01
9.995325718639778145e-01 -2.172927486936978864e-03 3.049452687153024477e-02 1.436820000000000042e-01 2.032451884837233654e-03 9.999871844152076195e-01 4.636824849097164435e-03 -2.233590000000000020e-01 -3.050421155050214023e-02 -4.572678808083628817e-03 9.995241786401168893e-01 1.206409999999999982e+01
9.994585798344316485e-01 -3.185130655250935101e-03 3.274755163443413691e-02 1.477640000000000065e-01 2.996609914571523887e-03 9.999786652362173678e-01 5.804257180115153861e-03 -2.250240000000000018e-01 -3.276534029063090520e-02 -5.702983000326006593e-03 9.994468012158210790e-01 1.229310000000000080e+01
9.993843210190082038e-01 -2.209617380140030656e-03 3.501566067361083084e-02 1.617649999999999921e-01 2.043036895890510459e-03 9.999864294548020949e-01 4.792380043185953675e-03 -2.257210000000000050e-01 -3.502577481824068611e-02 -4.717891188834269500e-03 9.993752731587430826e-01 1.250650000000000084e+01
9.993086884317404772e-01 -1.124801285541196516e-03 3.716019438730820690e-02 1.689060000000000006e-01 9.910405382199168750e-04 9.999929646755791879e-01 3.617794631718302800e-03 -2.352440000000000087e-01 -3.716400225333774121e-02 -3.578466349391854189e-03 9.993027726945923339e-01 1.268210000000000015e+01
9.992090786515939183e-01 8.617178081292947277e-04 3.975518309166585496e-02 1.712430000000000063e-01 -9.720942425211719345e-04 9.999957265509075155e-01 2.757156634324954732e-03 -2.401810000000000056e-01 -3.975263730894315617e-02 -2.793621724875751042e-03 9.992056462533834837e-01 1.286170000000000080e+01
9.991254190341203323e-01 3.604809322041344164e-03 4.165816114094826605e-02 1.766230000000000022e-01 -3.698586462368029081e-03 9.999907964870928812e-01 2.174258331007529639e-03 -2.412160000000000137e-01 -4.164993995282437189e-02 -2.326433076899381974e-03 9.991295562693882637e-01 1.303240000000000087e+01
9.990763324023979042e-01 4.802189175327912021e-03 4.270153407663185990e-02 1.835400000000000087e-01 -4.844780548955983021e-03 9.999878643692763358e-01 8.939885940279414939e-04 -2.485110000000000097e-01 -4.269672276423387008e-02 -1.100042407436059144e-03 9.990874735336721102e-01 1.318030000000000079e+01
9.989936247856576745e-01 4.269447792610009743e-03 4.464873405997913519e-02 1.963129999999999875e-01 -4.243412082163463758e-03 9.999907669195610138e-01 -6.778860738742894382e-04 -2.543110000000000093e-01 -4.465121601382780053e-02 4.877408885679756709e-04 9.990025180235092561e-01 1.333530000000000015e+01
9.989300218677209520e-01 2.991062986182956539e-03 4.615045994968391269e-02 2.093730000000000036e-01 -2.885799471541734135e-03 9.999930810673871573e-01 -2.347334395470406822e-03 -2.591649999999999787e-01 -4.615716166278795857e-02 2.211641826063900744e-03 9.989317419461994918e-01 1.347359999999999935e+01
9.988612255237842019e-01 2.205007741738599508e-03 4.765910286590388512e-02 2.192900000000000127e-01 -2.050134483210805034e-03 9.999924592445352811e-01 -3.298242360293430347e-03 -2.638179999999999970e-01 -4.766601613020207684e-02 3.196778835852873840e-03 9.988582139179463804e-01 1.361040000000000028e+01
9.988090017669676302e-01 2.809574528049127006e-03 4.871020714639880123e-02 2.289249999999999896e-01 -2.594961255069054649e-03 9.999866488128670294e-01 -4.468598448784292555e-03 -2.651109999999999856e-01 -4.872211166768568302e-02 4.336875255656367188e-03 9.988029572181184035e-01 1.374849999999999994e+01
9.987356269030842615e-01 3.508489677595314545e-03 5.014816102994729824e-02 2.255340000000000122e-01 -3.174801975976217477e-03 9.999722990503194797e-01 -6.732144118463954593e-03 -2.658119999999999927e-01 -5.017039153640975163e-02 6.564421695826558670e-03 9.987190997377004553e-01 1.387129999999999974e+01
9.986970088116748911e-01 3.722954976554287195e-03 5.089621004412648447e-02 2.393579999999999874e-01 -3.271219249667426613e-03 9.999545431378180638e-01 -8.956047267523048819e-03 -2.715469999999999828e-01 -5.092723942286580402e-02 8.777884954819780219e-03 9.986637897813688269e-01 1.399530000000000030e+01
9.986551480983142381e-01 3.061324884086288802e-03 5.175445359278803975e-02 2.515569999999999751e-01 -2.489920477151138980e-03 9.999352758074793179e-01 -1.110155357765753477e-02 -2.739369999999999861e-01 -5.178508928978920595e-02 1.095775915843250591e-02 9.985981334057630887e-01 1.411870000000000047e+01
9.986750879752506194e-01 1.928394505150017244e-03 5.142324330745894762e-02 2.554109999999999991e-01 -1.254719245246842859e-03 9.999130150170278952e-01 -1.312966409214720229e-02 -2.805610000000000048e-01 -5.144408942960523173e-02 1.304774670927971378e-02 9.985906378334263866e-01 1.424789999999999957e+01
9.987712673995251533e-01 1.667792770783929276e-03 4.952952538052544929e-02 2.602160000000000029e-01 -9.592652237470396118e-04 9.998969248769861151e-01 -1.432548190384601468e-02 -2.825790000000000246e-01 -4.954831205376125647e-02 1.426036776596700979e-02 9.986699187838805614e-01 1.437330000000000041e+01
9.989160707602816602e-01 1.739337081520459958e-03 4.651514036694761461e-02 2.648530000000000051e-01 -1.033412027288495945e-03 9.998840003015505573e-01 -1.519598633029868584e-02 -2.810869999999999758e-01 -4.653617556720628795e-02 1.513144565088269874e-02 9.988019942491567216e-01 1.449649999999999928e+01
9.990871081609984383e-01 2.298829428230536598e-03 4.265753965893173683e-02 2.688420000000000254e-01 -1.603988696445457062e-03 9.998656003254146052e-01 -1.631589734461172392e-02 -2.877520000000000078e-01 -4.268931396444675119e-02 1.623258048364874251e-02 9.989565184751970639e-01 1.462509999999999977e+01
9.993060758166909530e-01 2.807559800445262859e-03 3.714141144077321571e-02 2.650429999999999731e-01 -2.151784539433356392e-03 9.998413036460672698e-01 -1.768438143188768782e-02 -2.917299999999999893e-01 -3.718516719260155784e-02 1.759218949703425169e-02 9.991535308497682122e-01 1.475750000000000028e+01
9.995285091862206039e-01 2.468319980203599780e-03 3.060501136164900382e-02 2.584690000000000043e-01 -1.905819680347690080e-03 9.998289827520394635e-01 -1.839492050453136671e-02 -2.947359999999999980e-01 -3.064518192664772434e-02 1.832791983552298568e-02 9.993622767441171506e-01 1.487509999999999977e+01
9.997271777821727934e-01 2.702544964280077528e-03 2.320056582085725655e-02 2.624199999999999866e-01 -2.257167857081624016e-03 9.998130845881106898e-01 -1.920159055058865208e-02 -2.964120000000000088e-01 -2.324812243938944450e-02 1.914398435863188738e-02 9.995464134625863251e-01 1.500680000000000014e+01
9.998853703243125723e-01 2.392279026526995638e-03 1.495069270875332493e-02 2.543139999999999845e-01 -2.088000090355122268e-03 9.997910475244893291e-01 -2.033473740934857096e-02 -2.954620000000000024e-01 -1.499621509031555042e-02 2.030118939726740027e-02 9.996814368797798389e-01 1.513349999999999973e+01
9.999846556735488834e-01 1.499474216622796946e-03 5.332916137305375448e-03 2.505640000000000089e-01 -1.383478317571837585e-03 9.997638194678367674e-01 -2.168850550008790540e-02 -3.012690000000000090e-01 -5.364177961128549499e-03 2.168079473073388636e-02 9.997505532554833430e-01 1.527919999999999945e+01
9.999726035859998197e-01 -1.781658202078095614e-04 -7.400022593032420069e-03 2.378780000000000061e-01 3.813871316248209188e-06 9.997225581203060818e-01 -2.355433656135319867e-02 -3.065399999999999792e-01 7.402166094547336060e-03 2.355366303426335503e-02 9.996951699867200336e-01 1.543030000000000079e+01
9.997181491286194488e-01 -9.090648685692630715e-04 -2.372331983328358068e-02 2.202870000000000106e-01 3.076440262514574262e-04 9.996787721301283458e-01 -2.534280780718871015e-02 -3.120809999999999973e-01 2.373873749803567107e-02 2.532836657709546316e-02 9.993972914654790651e-01 1.557980000000000054e+01
9.990832723022164963e-01 -6.460411716868530788e-04 -4.280417779492690089e-02 1.954790000000000139e-01 -4.835782007235251193e-04 9.996520077252017966e-01 -2.637479105314304018e-02 -3.148960000000000092e-01 4.280632147264014364e-02 2.637131171894289278e-02 9.987352866301477672e-01 1.575559999999999938e+01
9.979161376661019878e-01 2.400628453889454587e-04 -6.452382936094055998e-02 1.668010000000000048e-01 -1.955285552379794865e-03 9.996463455779148743e-01 -2.652094702548719526e-02 -3.191430000000000100e-01 6.449464352935185829e-02 2.659184353425514055e-02 9.975636896025594780e-01 1.594689999999999941e+01
9.961178566335310292e-01 5.416348440144419258e-04 -8.802796332709122984e-02 1.215269999999999961e-01 -2.771170779319163772e-03 9.996784032440106937e-01 -2.520735408599761654e-02 -3.228670000000000151e-01 8.798600063835051999e-02 2.535343604328144443e-02 9.957990093249075025e-01 1.614890000000000114e+01
9.934042346190237183e-01 1.305858534592886687e-03 -1.146574087204105946e-01 7.177229999999999721e-02 -4.086312295646575728e-03 9.997031648820624561e-01 -2.401841328252608126e-02 -3.339070000000000094e-01 1.145920097249982922e-01 2.432851944273240613e-02 9.931146935016672561e-01 1.638230000000000075e+01
9.894844513156287880e-01 2.198547354426422587e-03 -1.446225673750098639e-01 9.822350000000000525e-03 -5.446868305571095879e-03 9.997416217028375351e-01 -2.206856272262005050e-02 -3.396319999999999895e-01 1.445366812621304564e-01 2.262423975542150398e-02 9.892407652059322931e-01 1.660610000000000142e+01
9.840505449837084750e-01 2.624650349844540129e-03 -1.778697167249317646e-01 -5.956070000000000114e-02 -6.089860587134357517e-03 9.998021023289267450e-01 -1.893857905671962952e-02 -3.457600000000000118e-01 1.777848095740906798e-01 1.971972081950991093e-02 9.838717874273583686e-01 1.686809999999999832e+01
9.767780384322440890e-01 3.428999844587965820e-03 -2.142262952966402789e-01 -1.508359999999999979e-01 -6.889670983874728732e-03 9.998575262761612015e-01 -1.540972363962368405e-02 -3.493649999999999811e-01 2.141429337386397402e-01 1.652782832018284340e-02 9.766624979084777003e-01 1.712349999999999994e+01
9.671926499048369985e-01 4.565574831755167540e-03 -2.540030186759894004e-01 -2.531200000000000117e-01 -7.445413337887847594e-03 9.999184320922979152e-01 -1.037761929869950896e-02 -3.658330000000000193e-01 2.539349203837223401e-01 1.192831457232674218e-02 9.671477506157868387e-01 1.738149999999999906e+01
9.554231108150184060e-01 8.695878393885777061e-03 -2.951119465889373572e-01 -3.869679999999999787e-01 -1.100089441579995587e-02 9.999205677815685700e-01 -6.151296565591041557e-03 -3.589680000000000093e-01 2.950350142654351027e-01 9.123586265508827967e-03 9.554428818778495369e-01 1.766460000000000008e+01
9.412913241755443972e-01 1.205885709045158294e-02 -3.373799445692084453e-01 -5.248760000000000092e-01 -1.352562396419347904e-02 9.999065299326219680e-01 -1.997221690666013509e-03 -3.642360000000000042e-01 3.373243254321119378e-01 6.443241713182684509e-03 9.413664451784947707e-01 1.795319999999999894e+01
9.249629949564850406e-01 1.426764656919996509e-02 -3.797892734431895789e-01 -6.935210000000000541e-01 -1.409167069929894399e-02 9.998954465028674354e-01 3.243590562005372550e-03 -3.645209999999999839e-01 3.797958435502315488e-01 2.351664135842351528e-03 9.250673418177511875e-01 1.822700000000000031e+01
9.057566111482802107e-01 1.739176031858835278e-02 -4.234412450791772420e-01 -8.711619999999999919e-01 -1.436370849253790563e-02 9.998433564950311991e-01 1.034148688976378565e-02 -3.712280000000000024e-01 4.235547724197242792e-01 -3.284683511472211419e-03 9.058645404334496609e-01 1.852959999999999852e+01
8.840997721076238047e-01 2.144642038605145198e-02 -4.668057883230160021e-01 -1.074249999999999927e+00 -1.551256860107180259e-02 9.997426742101817032e-01 1.655130141323149159e-02 -3.710849999999999982e-01 4.670406333228883655e-01 -7.391644992784365299e-03 8.842049595029740638e-01 1.881859999999999999e+01
8.596809104986262717e-01 2.591401653265777358e-02 -5.101736918652294284e-01 -1.286540000000000017e+00 -1.796644868950037291e-02 9.996283927173197359e-01 2.050080961512440458e-02 -3.685089999999999755e-01 5.105153659251996379e-01 -8.458145218259525283e-03 8.598270296598766738e-01 1.909509999999999863e+01
8.319254288991831947e-01 2.924794603156804021e-02 -5.541160874797306235e-01 -1.540980000000000016e+00 -1.958703127171010708e-02 9.995354213071483418e-01 2.335144017620002441e-02 -3.710019999999999984e-01 5.545416386141541754e-01 -8.573167750375681323e-03 8.321118145044287262e-01 1.939130000000000109e+01
8.017470928546144293e-01 3.246949578145623405e-02 -5.967808064464474871e-01 -1.801160000000000094e+00 -2.212243141943194547e-02 9.994511540126624904e-01 2.465742830973741834e-02 -3.540329999999999866e-01 5.972538799599937942e-01 -6.566779001558215381e-03 8.020253613734904530e-01 1.964979999999999905e+01
7.682587823654888348e-01 3.492072519630233518e-02 -6.391861906127673798e-01 -2.096839999999999815e+00 -2.285585912662402297e-02 9.993706557557833214e-01 2.712751588036656225e-02 -3.549189999999999845e-01 6.397312349900390327e-01 -6.231802790522019200e-03 7.685734262984244003e-01 1.994440000000000168e+01
7.315971120041299125e-01 3.836386087349514390e-02 -6.806569472840893198e-01 -2.405030000000000001e+00 -2.431754786631330073e-02 9.992485342244388224e-01 3.018316941741079618e-02 -3.389630000000000143e-01 6.813033997955579846e-01 -5.530011680789585771e-03 7.319802568360873618e-01 2.020909999999999940e+01
6.933782686048023391e-01 3.922238684239849615e-02 -7.195055114430964904e-01 -2.726710000000000189e+00 -2.259404649733776083e-02 9.992099179887612426e-01 3.269631257143823522e-02 -3.250390000000000224e-01 7.202194705015151355e-01 -6.414371619909169445e-03 6.937166353398476204e-01 2.046349999999999980e+01
6.526404810689432345e-01 3.904276320295665959e-02 -7.566611296423098043e-01 -3.099559999999999871e+00 -2.049625464491213259e-02 9.992157269505651529e-01 3.387970720334550212e-02 -3.149000000000000132e-01 7.573904580965020727e-01 -6.602549214610705167e-03 6.529288631453196157e-01 2.073819999999999908e+01
6.106568245717020060e-01 3.762820821081441086e-02 -7.910008600190326922e-01 -3.482660000000000089e+00 -1.588020611957149247e-02 9.992514607417491979e-01 3.527516490507730251e-02 -3.054259999999999753e-01 7.917361060717172938e-01 -8.979763489317090300e-03 6.107972676674890966e-01 2.098549999999999827e+01
5.667494917672635246e-01 3.723139227383831518e-02 -8.230485022226210479e-01 -3.881409999999999805e+00 -1.120182590097117126e-02 9.992342998542244059e-01 3.748777255749195098e-02 -3.023989999999999734e-01 8.238140158300493177e-01 -1.202653001449244426e-02 5.667325911731014854e-01 2.120929999999999893e+01
5.201815172223900330e-01 3.806938484837529835e-02 -8.532068395632318447e-01 -4.332629999999999981e+00 -9.819334534540662476e-03 9.992066059599472583e-01 3.859714076588338649e-02 -2.796890000000000209e-01 8.539992797476535502e-01 -1.169959585921383910e-02 5.201426243322304632e-01 2.144600000000000151e+01
4.718084556902100712e-01 3.741731016636084400e-02 -8.809067635335382507e-01 -4.777610000000000134e+00 -9.024379870799577319e-03 9.992517174009605263e-01 3.761071441994362496e-02 -2.542130000000000223e-01 8.816548880980393799e-01 -9.795415822995845109e-03 4.717930776534221549e-01 2.164089999999999847e+01
4.195687707794769628e-01 3.593303039172207614e-02 -9.070120527939340427e-01 -5.275890000000000413e+00 -4.654994905291500590e-03 9.992882074337179343e-01 3.743540445004597123e-02 -2.386199999999999988e-01 9.077116158830569326e-01 -1.148459014394460041e-02 4.194373929207971807e-01 2.182090000000000174e+01
3.665696232382029129e-01 3.472979069237282918e-02 -9.297421970403765279e-01 -5.782169999999999810e+00 4.279540634876538574e-04 9.992966608539836093e-01 3.749667267102418239e-02 -2.286610000000000031e-01 9.303905245510197819e-01 -1.414302812492292116e-02 3.662969377173881380e-01 2.199180000000000135e+01
3.130873418318679269e-01 3.392145281701619552e-02 -9.491183548027284367e-01 -6.291229999999999656e+00 2.242966686516228297e-03 9.993327418047384114e-01 3.645600440897530520e-02 -2.274940000000000018e-01 9.497216884356691757e-01 -1.354275436560054696e-02 3.128023470485711277e-01 2.212709999999999866e+01
2.597663613406456795e-01 3.814937396617694432e-02 -9.649176455956384180e-01 -6.880690000000000417e+00 2.591524873999873774e-03 9.991882130732635536e-01 4.020197575102370247e-02 -1.781429999999999958e-01 9.656680182726714579e-01 -1.294372903947079226e-02 2.594566213529425625e-01 2.224380000000000024e+01
2.081614806155986652e-01 4.275094003981701196e-02 -9.771597387907635657e-01 -7.455750000000000099e+00 5.114329288287325359e-03 9.989830994816374377e-01 4.479520717657035911e-02 -1.479429999999999912e-01 9.780811017619408521e-01 -1.432215332179016462e-02 2.077311587133100490e-01 2.233340000000000103e+01
1.606972867348591405e-01 4.474234426514999557e-02 -9.859890996688116527e-01 -8.030219999999999914e+00 1.039434129972070797e-02 9.988398860638145749e-01 4.701956695856369245e-02 -1.483800000000000119e-01 9.869490056254173194e-01 -1.780462405345119986e-02 1.600457923761692269e-01 2.241090000000000160e+01
1.154495371538770687e-01 4.520683768721480561e-02 -9.922841055853296455e-01 -8.681689999999999685e+00 1.243479202350498275e-02 9.988197770577567081e-01 4.695134615349547819e-02 -1.269210000000000060e-01 9.932355110034517542e-01 -1.775935766335575566e-02 1.147511433367758293e-01 2.245769999999999911e+01
7.617025700052945658e-02 4.363079026741101957e-02 -9.961397723658639292e-01 -9.299699999999999633e+00 1.248867498731995145e-02 9.989220505118575621e-01 4.470760559733818335e-02 -1.072039999999999937e-01 9.970166121712992213e-01 -1.584585566724772132e-02 7.554325855189447658e-02 2.248860000000000170e+01
3.976960342094729844e-02 3.956692831519227627e-02 -9.984251783821564974e-01 -9.980109999999999815e+00 9.000220067157537959e-03 9.991609615286185520e-01 3.995458666973304013e-02 -8.193449999999999345e-02 9.991683415133223445e-01 -1.057502439273357540e-02 3.938012413146740887e-02 2.248809999999999931e+01
1.164227119945481816e-02 3.881243128563651584e-02 -9.991786890736892301e-01 -1.063569999999999993e+01 6.693080368207815489e-03 9.992210016906902803e-01 3.889206159922942857e-02 -4.340519999999999795e-02 9.999098260325792742e-01 -7.140375196814860437e-03 1.137342716799361053e-02 2.247250000000000014e+01
-1.017063668684229684e-02 4.225961554034518564e-02 -9.990548949100674925e-01 -1.136469999999999914e+01 5.005532752766762156e-03 9.990962047396092505e-01 4.221040531397174389e-02 -1.569699999999999915e-02 9.999357493315481626e-01 -4.571495301431523911e-03 -1.037297640331613646e-02 2.244630000000000081e+01
-2.351125710033203156e-02 4.805183968073271916e-02 -9.985680955712828988e-01 -1.209450000000000003e+01 6.456494405517872875e-03 9.988306714050273483e-01 4.791245705005869188e-02 1.510290000000000070e-02 9.997027230479834659e-01 -5.320767226572070685e-03 -2.379401114917434334e-02 2.242670000000000030e+01
-3.130597005277616085e-02 5.070242096953104377e-02 -9.982230215472308599e-01 -1.284370000000000012e+01 7.237441731258863198e-03 9.986978591140958095e-01 5.049956077143994554e-02 3.873669999999999891e-02 9.994836445266334080e-01 -5.643643216060201251e-03 -3.163216108659827608e-02 2.239829999999999899e+01
-3.545457701661409999e-02 4.830801166723274614e-02 -9.982030399559655987e-01 -1.361289999999999978e+01 7.565613442241103659e-03 9.988153682096262420e-01 4.806892677719434848e-02 7.137190000000000201e-02 9.993426511771701382e-01 -5.847754870648758097e-03 -3.577805614000351131e-02 2.236039999999999850e+01
-3.454695462539259659e-02 4.384049440109750312e-02 -9.984410443169782212e-01 -1.437969999999999970e+01 1.452862512254343014e-02 9.989538541650518910e-01 4.336030789601193203e-02 1.216809999999999975e-01 9.992974667125695820e-01 -1.300800905041556328e-02 -3.514775558104155095e-02 2.235239999999999938e+01
-2.997635586178292247e-02 4.326763445294377203e-02 -9.986137040408036292e-01 -1.519379999999999953e+01 2.571833077894378899e-02 9.987653033803943758e-01 4.250219083075137960e-02 1.123009999999999980e-01 9.992196883324468981e-01 -2.440861676365965738e-02 -3.105211549141551064e-02 2.233139999999999858e+01
-2.405054988721179454e-02 4.272219504536556300e-02 -9.987974695105249490e-01 -1.601650000000000063e+01 2.771608290879831391e-02 9.987309204685772546e-01 4.205195891015148235e-02 1.549780000000000046e-01 9.993264680765315822e-01 -2.667138073842808058e-02 -2.520411972655367538e-02 2.231579999999999941e+01
-1.931223389892978287e-02 4.032391694976537183e-02 -9.990000096815121466e-01 -1.687330000000000041e+01 2.660569803756326207e-02 9.988532450938981677e-01 3.980366311437898846e-02 2.102729999999999877e-01 9.994594411249346777e-01 -2.581039494500998385e-02 -2.036293345801565291e-02 2.229489999999999839e+01
-1.551725868652138740e-02 3.513241345379926328e-02 -9.992621919235047390e-01 -1.772939999999999827e+01 3.068256088348724278e-02 9.989286051459494997e-01 3.464422432092837539e-02 2.100740000000000107e-01 9.994087227658596806e-01 -3.012233965147812637e-02 -1.657858599019568224e-02 2.230880000000000152e+01
-1.411470695296769898e-02 2.493899862498704517e-02 -9.995893263711925769e-01 -1.860600000000000165e+01 2.730682168244789182e-02 9.993256678431469142e-01 2.454683440795184593e-02 2.233030000000000015e-01 9.995274446143209701e-01 -2.694913611660509564e-02 -1.478619374057610347e-02 2.229939999999999856e+01
-1.296243218244042504e-02 1.609779576919289495e-02 -9.997863953481708199e-01 -1.950919999999999987e+01 2.033448787714873390e-02 9.996678691294789143e-01 1.583224661572443098e-02 2.578210000000000224e-01 9.997091996949362125e-01 -2.012491991289360599e-02 -1.328546739147307143e-02 2.226239999999999952e+01
-1.368333120917056972e-02 1.349828499448648897e-02 -9.998152643109766702e-01 -2.042899999999999849e+01 1.375301858654010001e-02 9.998168312928513712e-01 1.331008427021843944e-02 2.574569999999999914e-01 9.998117927524053927e-01 -1.356835162168399354e-02 -1.386646701549909544e-02 2.224899999999999878e+01
-1.769215983616981985e-02 1.898177917155301556e-02 -9.996632830807647974e-01 -2.137959999999999994e+01 4.747389262203405985e-03 9.998100977767023778e-01 1.890054705383058947e-02 2.777789999999999981e-01 9.998322108111561413e-01 -4.411399236449202108e-03 -1.777891395029851385e-02 2.221539999999999893e+01
-2.197469489597874207e-02 2.678046219136457143e-02 -9.993997796823079760e-01 -2.234400000000000119e+01 2.103804344591800324e-04 9.996412675304628959e-01 2.678230740922969005e-02 3.065669999999999784e-01 9.997585051022579439e-01 3.782788740801564659e-04 -2.197244594468217294e-02 2.218420000000000059e+01
-2.640359138306815068e-02 3.655718591302929699e-02 -9.989826938041500570e-01 -2.334779999999999944e+01 -1.519612784444433068e-03 9.993284737321657119e-01 3.661000362094522786e-02 3.169270000000000143e-01 9.996502093927962518e-01 2.484702449083605463e-03 -2.633030791081247823e-02 2.214389999999999858e+01
-2.919040615164077493e-02 4.646160379805772817e-02 -9.984934849868647433e-01 -2.435239999999999938e+01 -2.453133733290036034e-03 9.989128169984116123e-01 4.655283204257706919e-02 3.626030000000000086e-01 9.995708590808300986e-01 3.808334125323557112e-03 -2.904469431068346097e-02 2.212190000000000012e+01
-2.976448275824150960e-02 5.422130125688295887e-02 -9.980852298557194580e-01 -2.535859999999999914e+01 1.435692516500233773e-04 9.985278594859929857e-01 5.424106579143656015e-02 3.925239999999999840e-01 9.995569293211887807e-01 1.471162918004541992e-03 -2.972844976893962432e-02 2.210490000000000066e+01
-3.176065789437023529e-02 5.615092538099970138e-02 -9.979169976450815716e-01 -2.639389999999999858e+01 1.150157196619754074e-03 9.984220900426661327e-01 5.614273998708557700e-02 4.245900000000000230e-01 9.994948412816043737e-01 6.353689415117443062e-04 -3.177512482695099560e-02 2.206480000000000175e+01
-3.274793564458336470e-02 5.249472404436477529e-02 -9.980841029986019519e-01 -2.740040000000000120e+01 -1.283908859665422453e-04 9.986194909668382191e-01 5.252709564513783486e-02 4.785809999999999786e-01 9.994636342693005160e-01 1.848298850036976526e-03 -3.269598697947995181e-02 2.202939999999999898e+01
-3.631147441254471697e-02 4.764330268320898787e-02 -9.982041837897810410e-01 -2.841839999999999833e+01 -4.502430262192148175e-03 9.988449756342820951e-01 4.783767105414461762e-02 5.167119999999999491e-01 9.993303782772346988e-01 6.231401093380231626e-03 -3.605502312705144430e-02 2.198260000000000147e+01
-4.032318515414010096e-02 4.296949250685735966e-02 -9.982623219638854239e-01 -2.944510000000000005e+01 -5.840510580403478896e-03 9.990476758812182334e-01 4.323921544728116101e-02 5.355109999999999593e-01 9.991696198219724989e-01 7.573904543848687665e-03 -4.003382063675087199e-02 2.193270000000000053e+01
-4.606047422274724135e-02 3.839695398641167906e-02 -9.982004341007576498e-01 -3.046959999999999980e+01 -4.573679220112959742e-03 9.992424166921839435e-01 3.864808069691505477e-02 5.737609999999999655e-01 9.989281826902108863e-01 6.345597507653281955e-03 -4.584996422576270714e-02 2.189709999999999823e+01
-5.298836578051750734e-02 3.561435276767856151e-02 -9.979598443669212005e-01 -3.152449999999999974e+01 -7.238665449048824196e-03 9.993238654801593901e-01 3.604737999229656181e-02 6.055409999999999959e-01 9.985688933741262430e-01 9.133989201418090884e-03 -5.269473813239378135e-02 2.183030000000000115e+01
-5.902724490757241954e-02 3.844632560642755048e-02 -9.975157464451306355e-01 -3.256669999999999732e+01 -5.345006793380919358e-03 9.992315845270489660e-01 3.882874432610222692e-02 6.288730000000000153e-01 9.982420624582998281e-01 7.623682242044007781e-03 -5.877639158771286176e-02 2.177730000000000032e+01
-6.572133760890615239e-02 4.282803746124569377e-02 -9.969184846265586319e-01 -3.363960000000000150e+01 -7.637682282959839392e-03 9.990276182822676043e-01 4.342215700082600882e-02 6.550350000000000339e-01 9.978087850847177087e-01 1.046790888754566343e-02 -6.533032443881858775e-02 2.169969999999999999e+01
-7.195086744903922416e-02 4.605589208833702625e-02 -9.963442816001294444e-01 -3.471340000000000003e+01 -9.035541558631551839e-03 9.988622519965663082e-01 4.682478537153525466e-02 6.913430000000000408e-01 9.973672501451372741e-01 1.237159408869991511e-02 -7.145286556626972985e-02 2.162089999999999890e+01
-7.593462552065427529e-02 4.765954091152151129e-02 -9.959731426133642262e-01 -3.574770000000000181e+01 -1.299718371889172636e-02 9.987248748466640569e-01 4.878214404772045903e-02 7.299189999999999845e-01 9.970280867971650363e-01 1.664909975398611713e-02 -7.521835956045863636e-02 2.153790000000000049e+01
-7.945586071287698282e-02 4.957517886007946351e-02 -9.956048753593802481e-01 -3.683899999999999864e+01 -1.644543612680430048e-02 9.985614609639669181e-01 5.103485385603789837e-02 7.637209999999999832e-01 9.967027208897221158e-01 2.042817462474502688e-02 -7.852627491818153782e-02 2.145319999999999894e+01
-8.074252895614965342e-02 5.056166613959887923e-02 -9.954517376221476699e-01 -3.789150000000000063e+01 -2.050668778390084268e-02 9.984168829628521369e-01 5.237560091183775246e-02 8.095569999999999711e-01 9.965240186638246733e-01 2.464235646057875984e-02 -7.957785178157816830e-02 2.136210000000000164e+01
-8.239759215840374018e-02 5.066512424404256976e-02 -9.953108469176015216e-01 -3.900520000000000209e+01 -2.148209898490323691e-02 9.983845748483910487e-01 5.260000121673347878e-02 8.435040000000000315e-01 9.963679823387041612e-01 2.571547958201973044e-02 -8.117609180150608950e-02 2.126370000000000005e+01
-8.412520513198726291e-02 5.002442288916646856e-02 -9.951987273786611077e-01 -4.008010000000000161e+01 -2.184669916188380218e-02 9.984064066051079323e-01 5.203238400848020362e-02 8.854309999999999681e-01 9.962156752416773120e-01 2.611904218155096380e-02 -8.289827524313853058e-02 2.117729999999999890e+01
-8.446418920590872959e-02 4.940212733744205748e-02 -9.952011005602451332e-01 -4.114240000000000208e+01 -2.349327020104651637e-02 9.983938087782615600e-01 5.155452306535935475e-02 9.171510000000000495e-01 9.961495204019569227e-01 2.773503935045362051e-02 -8.316790604060997349e-02 2.108879999999999910e+01
-8.584309621793066725e-02 4.845036658808827418e-02 -9.951299034845648706e-01 -4.225030000000000285e+01 -2.502208287093517919e-02 9.983969721357721649e-01 5.076791702367111636e-02 9.612920000000000353e-01 9.959944067114632205e-01 2.925829809818340788e-02 -8.449315825484737807e-02 2.098819999999999908e+01
-8.679567645064258097e-02 4.639088186915932971e-02 -9.951454148157828916e-01 -4.333209999999999695e+01 -2.921303136441268794e-02 9.983671011705174125e-01 4.908900181180815558e-02 9.957880000000000065e-01 9.957977251168917965e-01 3.333192733370765604e-02 -8.529872960509565782e-02 2.089199999999999946e+01
-8.657941172997719870e-02 4.161568779825552955e-02 -9.953753764251803693e-01 -4.439770000000000039e+01 -3.526359143983864852e-02 9.983730240426178515e-01 4.480830260970181111e-02 1.031309999999999949e+00 9.956206529513415004e-01 3.897998708409992907e-02 -8.497103049668264241e-02 2.079779999999999873e+01
-8.584247930086601197e-02 4.020927802838820952e-02 -9.954970028623473244e-01 -4.552640000000000242e+01 -3.817218750260867322e-02 9.983189003376902182e-01 4.361487509795962392e-02 1.066759999999999931e+00 9.955771958259922449e-01 4.174430726435293670e-02 -8.416329343765738269e-02 2.069660000000000011e+01
-8.433145735814355504e-02 4.428105965581002890e-02 -9.954533605627189363e-01 -4.660649999999999693e+01 -3.787899991902338170e-02 9.981475242116831792e-01 4.760988631809519311e-02 1.101140000000000008e+00 9.957175235301358729e-01 4.172178886200728076e-02 -8.249791312007748179e-02 2.060360000000000014e+01
-8.322818315312947857e-02 4.746156198352727285e-02 -9.953996532363839078e-01 -4.774300000000000210e+01 -3.657162605232769370e-02 9.980468602597473149e-01 5.064564041997095950e-02 1.149259999999999948e+00 9.958592198182020239e-01 4.061852852755856030e-02 -8.132988038438315748e-02 2.051709999999999923e+01
-8.098208276331497757e-02 4.781252490227921176e-02 -9.955681115492723832e-01 -4.883809999999999718e+01 -3.496651004955835668e-02 9.980976456075431047e-01 5.077827298789748534e-02 1.181030000000000024e+00 9.961020256210052493e-01 3.892367268319159301e-02 -7.915618900996956864e-02 2.042539999999999978e+01
-7.867846237525540076e-02 4.696303499430688755e-02 -9.957932380280501983e-01 -4.996589999999999776e+01 -3.515385153709441046e-02 9.981378012213806272e-01 4.985114336758380421e-02 1.218140000000000001e+00 9.962800340669150101e-01 3.892817895909050224e-02 -7.688101587879536680e-02 2.034369999999999834e+01
-7.427487321405389087e-02 4.761176024071379909e-02 -9.961005790058639064e-01 -5.108639999999999759e+01 -3.857201642627786087e-02 9.979750076539227743e-01 5.057750139107056869e-02 1.262939999999999952e+00 9.964915668272600335e-01 4.217824539894445696e-02 -7.228798556620075200e-02 2.025730000000000075e+01
-6.881926848590654011e-02 4.816195042320591674e-02 -9.964659225565606349e-01 -5.218439999999999657e+01 -4.471743479732901566e-02 9.976811791423197961e-01 5.130902269910225105e-02 1.304230000000000000e+00 9.966264391988661764e-01 4.809044932856228888e-02 -6.650601005296918888e-02 2.018499999999999872e+01
-6.375413011587617584e-02 4.872401046450312162e-02 -9.967754921231875009e-01 -5.332560000000000144e+01 -4.716616195817786156e-02 9.975441622738907554e-01 5.177834952387329326e-02 1.339690000000000047e+00 9.968504221092062689e-01 5.031515793015504945e-02 -6.129943574912166682e-02 2.010900000000000176e+01
-5.778863028075837543e-02 4.760465264156057974e-02 -9.971931965557876421e-01 -5.443200000000000216e+01 -4.947431382285728818e-02 9.974985827534693650e-01 5.048633158170035690e-02 1.382370000000000099e+00 9.971021845738934353e-01 5.225298509842592892e-02 -5.528886928010401380e-02 2.004759999999999920e+01
-5.218549904020928359e-02 4.710673246252533586e-02 -9.975257537761257343e-01 -5.558599999999999852e+01 -4.849897252833701433e-02 9.975886090211489865e-01 4.964692150521197306e-02 1.422809999999999908e+00 9.974590334212325438e-01 5.096982350325660743e-02 -4.977503127499716129e-02 1.997869999999999990e+01
-4.652504291251566282e-02 4.675400029448364969e-02 -9.978223708849448537e-01 -5.671940000000000026e+01 -4.665523145803320004e-02 9.977122384178814807e-01 4.892421372672040719e-02 1.454879999999999951e+00 9.978269939020422141e-01 4.882983481073729232e-02 -4.423728600140586220e-02 1.992719999999999914e+01
-4.099445339750520945e-02 4.760661360742824560e-02 -9.980245814264662174e-01 -5.783330000000000126e+01 -4.569864756735574768e-02 9.977296167118501202e-01 4.946964267648672198e-02 1.497279999999999944e+00 9.981137652598298660e-01 4.763635457145826146e-02 -3.872582241848354645e-02 1.989120000000000132e+01
-3.518448044989515300e-02 4.932888656191164456e-02 -9.981626687499551842e-01 -5.899949999999999761e+01 -4.370650024230859909e-02 9.977495236095598186e-01 5.084909019309432482e-02 1.532059999999999977e+00 9.984246562320262530e-01 4.541529574337720837e-02 -3.294930561486175691e-02 1.985190000000000055e+01
-2.976275243818252147e-02 4.995343804243617541e-02 -9.983079848398709322e-01 -6.013929999999999865e+01 -4.561594883650573612e-02 9.976419897012851479e-01 5.128007016966918546e-02 1.583020000000000094e+00 9.985155801383615026e-01 4.706500199300319570e-02 -2.741389808746386159e-02 1.981830000000000069e+01
-2.411636591132748295e-02 5.013294258978574780e-02 -9.984513453155943186e-01 -6.128000000000000114e+01 -4.482911409322669349e-02 9.976829404065549189e-01 5.117715263031884232e-02 1.621380000000000043e+00 9.987035353020672357e-01 4.599389621482108392e-02 -2.181307145114697033e-02 1.979729999999999990e+01
