1 0 0 0 0 1 0 0 0 0 1 0
0.999989 -0.00282629 -0.00379919 0.0325523 0.00281248 0.999989 -0.0036356 0.0224425 0.00380943 0.00362487 0.999986 0.642283
0.999966 -0.00156251 -0.00808194 0.0294337 0.00151657 0.999983 -0.00568772 0.0260408 0.00809069 0.00567527 0.999951 1.36096
0.999929 -0.00185002 -0.011809 0.0169897 0.00176585 0.999973 -0.00713419 0.0192707 0.0118219 0.00711283 0.999905 2.06533
0.999854 -0.000507525 -0.0170665 0.00470651 0.000375746 0.99997 -0.00772375 0.0147533 0.01707 0.00771621 0.999825 2.83322
0.99977 -0.00125342 -0.021391 -0.00833145 0.00107951 0.999966 -0.00813937 0.00435213 0.0214005 0.00811441 0.999738 3.56645
0.99966 0.00048183 -0.026084 -0.037536 -0.000726876 0.999956 -0.00938583 -0.00458329 0.0260783 0.0094016 0.999616 4.37526
0.999514 0.00314239 -0.0309986 -0.0693651 -0.00345389 0.999944 -0.0100005 -0.0138438 0.0309655 0.0101027 0.99947 5.1789
0.999383 0.00408093 -0.0348961 -0.101788 -0.00438866 0.999952 -0.00874655 -0.0244719 0.0348587 0.0088943 0.999353 5.95858
0.99925 0.00326577 -0.0385829 -0.152873 -0.00351606 0.999973 -0.00642117 -0.0288985 0.0385609 0.00655201 0.999235 6.78964
0.999123 0.00313815 -0.0417589 -0.194884 -0.00330819 0.999986 -0.00400332 -0.0389584 0.0417458 0.00413796 0.99912 7.612
0.999041 0.00491103 -0.0434959 -0.263514 -0.00511438 0.999976 -0.00456492 -0.0499991 0.0434725 0.00478299 0.999043 8.47006
0.998972 0.00449629 -0.0451054 -0.307046 -0.00472291 0.999977 -0.00491888 -0.0612146 0.0450823 0.00512685 0.99897 9.28029
0.998927 0.00151814 -0.0462914 -0.359769 -0.00177728 0.999983 -0.0055574 -0.0679149 0.0462822 0.00563371 0.998913 10.135
0.998815 0.0019016 -0.0486389 -0.393233 -0.00211051 0.999989 -0.00424421 -0.0901579 0.0486302 0.00434183 0.998807 10.9876
0.998739 0.000389179 -0.0501952 -0.431559 -0.000587933 0.999992 -0.0039449 -0.111969 0.0501933 0.00396944 0.998732 11.8409
0.998704 0.0029338 -0.0508142 -0.497743 -0.00327647 0.999972 -0.00666172 -0.11703 0.0507932 0.00681957 0.998686 12.6937
0.99869 0.00363811 -0.051035 -0.583268 -0.00415176 0.999942 -0.00996221 -0.117795 0.0509958 0.010161 0.998647 13.6175
0.998604 0.00723671 -0.0523253 -0.638705 -0.00784936 0.999903 -0.0115125 -0.135486 0.0522369 0.0119071 0.998564 14.4915
0.998561 0.00803478 -0.0530122 -0.694888 -0.00863509 0.999901 -0.0111047 -0.154087 0.0529178 0.0115465 0.998532 15.3931
0.998463 0.00637799 -0.0550482 -0.701099 -0.00690093 0.999933 -0.00931487 -0.175361 0.0549851 0.00968044 0.99844 16.2457
0.998371 0.00650004 -0.0566833 -0.756319 -0.00696496 0.999944 -0.00800839 -0.18431 0.0566281 0.00839015 0.99836 17.1874
0.998324 0.00580641 -0.0575811 -0.814438 -0.00625965 0.999951 -0.00769409 -0.203329 0.0575336 0.00804163 0.998311 18.1045
0.998254 0.00536036 -0.05882 -0.866651 -0.00585732 0.999949 -0.00827965 -0.222759 0.0587726 0.00860972 0.998234 19.0031
0.998248 0.00399331 -0.0590376 -0.9614 -0.00455209 0.999946 -0.00933325 -0.233531 0.0589971 0.00958564 0.998212 19.983
0.998247 0.0045411 -0.0590132 -1.02697 -0.00500818 0.999957 -0.00776924 -0.249308 0.0589754 0.00805117 0.998227 20.9157
0.998252 0.00520779 -0.0588675 -1.08442 -0.00547215 0.999976 -0.00433042 -0.263415 0.0588435 0.00464499 0.998256 21.8518
0.998319 0.00611418 -0.0576305 -1.15721 -0.00615273 0.999981 -0.000491638 -0.276027 0.0576264 0.000845398 0.998338 22.8176
0.998447 0.00496088 -0.0554852 -1.21679 -0.00482968 0.999985 0.00249842 -0.289843 0.0554968 -0.00222657 0.998456 23.7668
0.998556 0.00464013 -0.0535228 -1.2631 -0.00445906 0.999984 0.00350197 -0.301938 0.0535382 -0.00325825 0.99856 24.6999
0.99863 0.00513614 -0.052068 -1.3111 -0.0051433 0.999987 -3.52074e-06 -0.299792 0.0520674 0.000271318 0.998643 25.6559
0.998697 0.00619567 -0.0506503 -1.38215 -0.00647496 0.999965 -0.00535191 -0.302208 0.0506154 0.00567289 0.998702 26.6491
0.998739 0.00473488 -0.0499715 -1.40755 -0.00515174 0.999953 -0.00821635 -0.314484 0.0499303 0.00846343 0.998716 27.5932
0.998787 0.00171446 -0.049198 -1.44814 -0.00206002 0.999973 -0.0069741 -0.331538 0.0491848 0.00706699 0.998764 28.5614
0.99874 -0.00113592 -0.0501755 -1.48034 0.00103447 0.999997 -0.00204777 -0.342593 0.0501777 0.00199329 0.998738 29.5499
0.998669 -0.00598591 -0.0512202 -1.52082 0.00606611 0.999981 0.0014105 -0.35356 0.0512108 -0.00171933 0.998686 30.552
0.998577 -0.0139084 -0.0514768 -1.56902 0.0139747 0.999902 0.00092848 -0.367817 0.0514588 -0.00164653 0.998673 31.5411
0.998464 -0.016273 -0.0529678 -1.60926 0.0161586 0.999866 -0.00258645 -0.384118 0.0530028 0.00172659 0.998592 32.5223
0.998374 -0.0163304 -0.0546167 -1.65236 0.0160217 0.999853 -0.00608414 -0.40279 0.0547081 0.00519919 0.998488 33.5099
0.998297 -0.0147547 -0.0564424 -1.718 0.014398 0.999874 -0.00672203 -0.418756 0.0565345 0.00589793 0.998383 34.524
0.998221 -0.0145472 -0.0578194 -1.78016 0.0142252 0.999881 -0.00597623 -0.421093 0.0578995 0.0051431 0.998309 35.5863
0.998247 -0.0109419 -0.0581626 -1.87776 0.0107176 0.999934 -0.00416537 -0.419725 0.0582044 0.0035347 0.998298 36.6226
0.998192 -0.0109229 -0.0591049 -1.94551 0.0107795 0.999938 -0.00274507 -0.437773 0.0591312 0.00210299 0.998248 37.6498
0.998153 -0.00961186 -0.0599796 -2.01273 0.00961494 0.999954 -0.000237212 -0.453636 0.0599792 -0.000339926 0.998199 38.674
0.998157 -0.0104973 -0.0597675 -2.0601 0.0106788 0.999939 0.00271938 -0.465121 0.0597354 -0.00335261 0.998208 39.6458
0.998185 -0.00427268 -0.0600688 -2.15416 0.00456102 0.999979 0.0046638 -0.467966 0.0600476 -0.00492931 0.998183 40.7132
0.998166 -0.00453166 -0.0603568 -2.20779 0.00476381 0.999982 0.00370283 -0.472414 0.0603389 -0.00398356 0.99817 41.7171
0.99813 -0.00440987 -0.0609621 -2.27093 0.00453512 0.999988 0.00191639 -0.478478 0.060953 -0.00218928 0.998138 42.7894
0.998196 -0.00249915 -0.0599884 -2.35003 0.0024618 0.999997 -0.000696531 -0.482412 0.0599899 0.000547595 0.998198 43.7902
0.998023 -0.00367775 -0.0627407 -2.3797 0.0036631 0.999993 -0.00034849 -0.500434 0.0627416 0.000117976 0.998029 44.8168
0.998062 -0.00557729 -0.0619659 -2.49401 0.00569473 0.999982 0.00171878 -0.532779 0.0619552 -0.00206833 0.998076 45.8515
0.998044 -0.00494214 -0.0623189 -2.55363 0.00514958 0.999982 0.00316851 -0.557765 0.0623021 -0.00348323 0.998051 46.8078
0.997983 -0.00307182 -0.0633964 -2.62978 0.00305883 0.999995 -0.000301866 -0.569108 0.063397 0.000107338 0.997988 47.8894
0.998067 -0.00252948 -0.0620844 -2.71388 0.00226634 0.999988 -0.00430844 -0.589484 0.0620946 0.00415941 0.998061 48.8064
0.997896 -0.0028708 -0.0647732 -2.74169 0.00250727 0.999981 -0.00569282 -0.599955 0.0647883 0.00551843 0.997883 49.8067
0.997815 -0.00473626 -0.0658941 -2.78249 0.00460985 0.999987 -0.0020703 -0.621989 0.0659031 0.00176201 0.997824 50.7892
0.99772 -0.00743257 -0.06707 -2.82661 0.00753962 0.999971 0.00134303 -0.643135 0.0670581 -0.00184566 0.997747 51.7674
0.997664 -0.00962857 -0.0676251 -2.88191 0.00979817 0.99995 0.00217679 -0.658465 0.0676007 -0.00283431 0.997708 52.7484
0.997675 -0.0125445 -0.0669881 -2.9656 0.012667 0.999919 0.00140478 -0.675122 0.0669651 -0.00225005 0.997752 53.7591
0.99755 -0.0160371 -0.0680834 -3.02489 0.0161202 0.99987 0.000670388 -0.693344 0.0680638 -0.00176626 0.997679 54.7471
0.997436 -0.0173897 -0.0694099 -3.08167 0.0175692 0.999844 0.00197606 -0.708146 0.0693647 -0.00319047 0.997586 55.7048
0.997321 -0.0206352 -0.0701677 -3.13458 0.0210577 0.999764 0.00528703 -0.708751 0.0700421 -0.00675043 0.997521 56.6273
0.997 -0.0226031 -0.0740212 -3.15502 0.0234232 0.999673 0.0102301 -0.709944 0.0737658 -0.0119333 0.997204 57.6132
0.997118 -0.0195051 -0.0733147 -3.25521 0.0203992 0.999726 0.0114656 -0.704913 0.073071 -0.0129281 0.997243 58.5757
0.996812 -0.0186826 -0.0775659 -3.27798 0.0193556 0.999781 0.00793365 -0.720584 0.0774007 -0.00940969 0.996955 59.4944
0.996886 -0.016992 -0.077001 -3.39146 0.0170381 0.999855 -5.81268e-05 -0.721625 0.0769908 -0.00125401 0.997031 60.4532
0.996848 -0.0146297 -0.0779608 -3.46822 0.0142628 0.999884 -0.0052616 -0.729114 0.0780288 0.00413309 0.996942 61.389
0.996771 -0.0103551 -0.0796202 -3.53649 0.0100341 0.99994 -0.00443047 -0.742043 0.0796613 0.00361725 0.996815 62.3051
0.996697 -0.0081973 -0.0807892 -3.61672 0.0080347 0.999965 -0.0023375 -0.753987 0.0808056 0.00168067 0.996728 63.2248
0.996697 -0.0058701 -0.0809903 -3.69512 0.00580582 0.999982 -0.00102902 -0.771831 0.080995 0.000555407 0.996714 64.0833
0.996682 -0.00506428 -0.0812312 -3.80079 0.00496971 0.999986 -0.00136632 -0.780892 0.081237 0.000958094 0.996694 64.9937
0.996553 -0.00340027 -0.0828812 -3.86994 0.00336754 0.999994 -0.000534622 -0.796695 0.0828826 0.000253675 0.996559 65.8419
0.996481 -0.00258666 -0.0837747 -3.95597 0.00258986 0.999996 -7.03804e-05 -0.81111 0.0837746 -0.000146831 0.996484 66.7005
0.99635 -0.00265587 -0.0853154 -4.0262 0.00268818 0.999996 0.000263912 -0.824851 0.0853144 -0.00049229 0.996354 67.5334
0.996234 -0.0029984 -0.0866502 -4.10014 0.00312929 0.999994 0.0013749 -0.836841 0.0866456 -0.00164088 0.996237 68.3625
0.996129 -0.000440778 -0.0878986 -4.18199 0.000792705 0.999992 0.003969 -0.845195 0.0878962 -0.00402332 0.996121 69.1887
0.996157 0.00113952 -0.0875713 -4.29401 -0.000469932 0.99997 0.00766657 -0.848692 0.0875774 -0.00759596 0.996128 69.9876
0.995962 0.00419879 -0.0896656 -4.36883 -0.00339632 0.999953 0.0091003 -0.851799 0.0896996 -0.00875903 0.99593 70.793
0.995882 0.00700641 -0.0903742 -4.44603 -0.00657097 0.999965 0.00511497 -0.867843 0.090407 -0.00450007 0.995894 71.5297
0.995776 0.00693668 -0.0915471 -4.53097 -0.00713765 0.999973 -0.00186791 -0.883371 0.0915317 0.00251346 0.995799 72.2926
0.995637 0.00634019 -0.0930852 -4.58411 -0.00706377 0.999947 -0.00744575 -0.901966 0.0930331 0.0080708 0.99563 72.9735
0.995599 0.00762578 -0.0933929 -4.66417 -0.00848994 0.999924 -0.00885901 -0.908694 0.0933184 0.00961293 0.995589 73.6954
0.995497 0.010473 -0.0942034 -4.72738 -0.0110305 0.999924 -0.0053984 -0.923788 0.0941398 0.00641321 0.995538 74.3593
0.995321 0.0103877 -0.0960564 -4.78785 -0.0107278 0.999938 -0.00302398 -0.941489 0.0960191 0.0040403 0.995371 75.0456
0.995239 0.00743755 -0.0971749 -4.8401 -0.00809232 0.999947 -0.00634559 -0.960027 0.0971226 0.00710175 0.995247 75.6667
0.995179 -0.000813843 -0.0980667 -4.87262 -0.000299557 0.999935 -0.0113382 -0.979201 0.0980697 0.0113129 0.995115 76.3189
0.995136 -0.00503922 -0.0983682 -4.90604 0.00351448 0.999871 -0.0156674 -1.00074 0.0984345 0.0152455 0.995026 76.9957
0.99531 -0.0025012 -0.0966969 -4.93309 0.0010054 0.999879 -0.0155146 -1.02199 0.0967241 0.0153446 0.995192 77.6008
0.995504 0.0023113 -0.0946767 -4.96108 -0.00350711 0.999916 -0.012466 -1.03657 0.09464 0.012742 0.99543 78.2708
0.995859 0.000610172 -0.090903 -4.99288 -0.00148208 0.999953 -0.00952432 -1.04749 0.090893 0.00961961 0.995814 78.858
0.996309 -0.00324501 -0.0857669 -5.01883 0.0027795 0.99998 -0.00554641 -1.05872 0.0857833 0.00528755 0.996299 79.4254
0.996927 -0.0074796 -0.0779717 -5.04011 0.00732682 0.99997 -0.00224531 -1.07245 0.0779863 0.00166713 0.996953 79.9516
0.997657 -0.00394262 -0.0682903 -5.05468 0.0037923 0.99999 -0.00233062 -1.0833 0.0682988 0.00206618 0.997662 80.5149
0.998488 0.000838485 -0.0549377 -5.04634 -0.000964398 0.999997 -0.00226532 -1.10025 0.0549357 0.00231488 0.998487 81.0318
0.999328 0.00589477 -0.0361484 -5.07755 -0.00595023 0.999981 -0.0014267 -1.1083 0.0361393 0.00164083 0.999345 81.5337
0.999857 0.0041313 -0.0163145 -5.02716 -0.00414339 0.999991 -0.000706975 -1.11559 0.0163115 0.000774472 0.999866 82.0409
0.999964 0.000197323 0.00842742 -4.96948 -0.000201629 1 0.000509368 -1.12325 -0.00842734 -0.000511049 0.999964 82.5411
0.999317 -0.000946147 0.0369304 -4.91057 0.000860392 0.999997 0.00233774 -1.13349 -0.0369325 -0.00230437 0.999315 82.9879
0.997618 -0.00151412 0.0689569 -4.83234 0.0012247 0.99999 0.00423913 -1.14511 -0.0689627 -0.00414458 0.99761 83.4477
0.994553 -0.00195349 0.104202 -4.70703 0.00140926 0.999985 0.00529621 -1.15326 -0.104211 -0.00512052 0.994542 83.9389
0.989532 -0.0023066 0.144293 -4.57966 0.00143455 0.99998 0.00614735 -1.16223 -0.144304 -0.00587601 0.989515 84.3716
0.982112 -0.0024202 0.188276 -4.44068 0.00118296 0.999977 0.00668347 -1.17092 -0.188288 -0.0063412 0.982093 84.8121
0.971612 -0.000726363 0.236577 -4.28469 -0.000602647 0.999984 0.00554528 -1.18236 -0.236577 -0.00553044 0.971596 85.2377
0.957653 -0.000240365 0.287921 -4.08564 -0.000991534 0.999991 0.00413274 -1.20073 -0.28792 -0.00424321 0.957645 85.6464
0.939604 -0.00127143 0.34226 -3.87391 -3.72178e-05 0.999992 0.00381692 -1.21887 -0.342263 -0.00359913 0.939597 86.0272
0.917462 -0.00177964 0.397818 -3.63428 0.000294077 0.999992 0.00379525 -1.23655 -0.397822 -0.00336501 0.917456 86.3878
0.890397 -0.00278771 0.455174 -3.40012 0.00134953 0.999993 0.00348453 -1.25082 -0.455181 -0.00248835 0.890395 86.7155
0.858599 -0.00484777 0.512624 -3.16612 0.0039686 0.999988 0.00280962 -1.26152 -0.512631 -0.000377934 0.858608 87.0183
0.824137 -0.00582584 0.566358 -2.87395 0.00532564 0.999982 0.00253669 -1.26612 -0.566363 0.000925645 0.824155 87.3236
0.786 -0.0068615 0.618187 -2.60215 0.00484666 0.999976 0.00493678 -1.27758 -0.618206 -0.000884161 0.786015 87.5918
0.745064 -0.00780519 0.666946 -2.29785 0.00297583 0.99996 0.00837803 -1.28689 -0.666985 -0.00425745 0.745058 87.8597
0.700757 -0.00885895 0.713344 -1.98991 0.00297394 0.99995 0.00949682 -1.2872 -0.713393 -0.00453353 0.700749 88.1148
0.655463 -0.0105371 0.755153 -1.66536 0.00643102 0.999944 0.00837074 -1.28627 -0.755199 -0.00063031 0.655494 88.3358
0.610993 -0.0140355 0.79151 -1.3307 0.0122383 0.999891 0.0082835 -1.28989 -0.791541 0.00462555 0.611098 88.5054
0.566644 -0.0113439 0.823884 -0.979795 0.00898204 0.999931 0.0075902 -1.2899 -0.823913 0.00309921 0.566707 88.6808
0.52235 -0.0087064 0.852685 -0.620961 0.00521973 0.999962 0.00701259 -1.28968 -0.852714 0.00078776 0.522376 88.8365
0.478401 -0.00640108 0.878117 -0.282621 0.00418813 0.999979 0.00500769 -1.2866 -0.878131 0.00128199 0.478417 88.9746
0.437784 -0.00947734 0.899029 0.0829204 0.011217 0.999924 0.00507881 -1.28848 -0.89901 0.007861 0.437857 89.0932
0.400445 -0.0178578 0.916146 0.455477 0.0266077 0.999615 0.00785463 -1.28437 -0.915934 0.0212312 0.400766 89.1676
0.367849 -0.0219922 0.929625 0.836962 0.0310565 0.999453 0.0113552 -1.28139 -0.929366 0.0246939 0.368331 89.2565
0.335944 -0.0177643 0.941713 1.19098 0.0283507 0.99956 0.0087418 -1.27481 -0.941455 0.0237615 0.3363 89.3481
0.306189 -0.00942632 0.951923 1.56746 0.0175972 0.999836 0.00424056 -1.26784 -0.951807 0.0154528 0.306305 89.4576
0.278825 -0.00578782 0.960324 1.92791 0.0144832 0.999893 0.00182118 -1.27775 -0.960232 0.0134008 0.278879 89.5611
0.254137 -0.00380966 0.96716 2.31843 0.0141046 0.999901 0.000232426 -1.2861 -0.967065 0.0135823 0.254165 89.6408
0.231262 -0.00255239 0.972887 2.70924 0.021058 0.999775 -0.00238271 -1.28816 -0.972663 0.0210381 0.231264 89.6952
0.211466 0.00334413 0.977379 3.11808 0.028262 0.999555 -0.0095348 -1.28276 -0.976976 0.029639 0.211277 89.755
0.19253 0.0100056 0.981239 3.54732 0.0294305 0.999439 -0.0159658 -1.27912 -0.980849 0.0319523 0.192127 89.8194
0.175642 0.0112943 0.984388 3.9837 0.0277841 0.999479 -0.0164249 -1.27532 -0.984061 0.0302352 0.175237 89.884
0.160325 0.00704544 0.987038 4.42775 0.026132 0.999594 -0.0113797 -1.29174 -0.986718 0.0276177 0.160076 89.9534
0.145378 0.00275527 0.989371 4.88295 0.02775 0.999591 -0.00686131 -1.31874 -0.988986 0.0284525 0.145242 90.0196
0.13147 -0.000351332 0.991319 5.36881 0.0299918 0.999544 -0.00362332 -1.34467 -0.990866 0.0302079 0.131421 90.0843
0.118911 -0.00260227 0.9929 5.85143 0.0343595 0.999408 -0.00149563 -1.36959 -0.99231 0.0342934 0.11893 90.1413
0.108372 -0.00241678 0.994106 6.36912 0.03739 0.999299 -0.00164666 -1.3792 -0.993406 0.0373481 0.108387 90.1939
0.0995233 -0.00213073 0.995032 6.90236 0.0393304 0.999225 -0.00179413 -1.38778 -0.994257 0.0393135 0.09953 90.2608
0.0938054 -0.00191654 0.995588 7.44749 0.0410933 0.999153 -0.00194847 -1.39447 -0.994742 0.0410948 0.0938048 90.3106
0.0888524 -0.00107093 0.996043 8.01133 0.0428468 0.999078 -0.00274797 -1.39839 -0.995122 0.0429214 0.0888164 90.3481
0.0830177 -0.000656737 0.996547 8.57343 0.0431524 0.999064 -0.00293644 -1.41029 -0.995613 0.0432472 0.0829684 90.3845
0.0788579 -0.000767748 0.996885 9.18968 0.0445078 0.999005 -0.00275139 -1.42095 -0.995891 0.0445861 0.0788137 90.4259
0.0754052 -0.000382919 0.997152 9.80846 0.0452737 0.99897 -0.00304001 -1.42008 -0.996124 0.0453741 0.0753448 90.4841
0.0719921 -0.000816464 0.997404 10.4397 0.0456465 0.998955 -0.00247702 -1.42644 -0.99636 0.0457063 0.0719542 90.5327
0.0681225 -0.00134505 0.997675 11.0947 0.047381 0.998875 -0.00188857 -1.43016 -0.996551 0.0473995 0.0681097 90.6205
0.0671845 -0.00196381 0.997738 11.7699 0.0537986 0.99855 -0.00165722 -1.43374 -0.996289 0.0537882 0.0671928 90.6648
0.0680426 -0.00250451 0.997678 12.4385 0.0576376 0.998337 -0.00142479 -1.44053 -0.996016 0.0576008 0.0680738 90.7025
0.0709443 -0.00220475 0.997477 13.1508 0.0594388 0.99823 -0.0020211 -1.43478 -0.995707 0.0594323 0.0709498 90.7411
0.074587 -0.00180372 0.997212 13.8766 0.0617882 0.998085 -0.00281619 -1.42784 -0.995298 0.061826 0.0745556 90.7992
0.0786915 -0.00141732 0.996897 14.6061 0.0619267 0.998075 -0.00346928 -1.41811 -0.994973 0.0620075 0.0786278 90.8542
0.0819367 -0.0028805 0.996632 15.3926 0.0632787 0.997993 -0.00231795 -1.42107 -0.994626 0.0632556 0.0819546 90.9421
0.0873142 -0.00432215 0.99617 16.213 0.0638432 0.997959 -0.00126595 -1.42089 -0.994132 0.0637093 0.087412 90.9877
0.0906835 -0.00584646 0.995861 17.0466 0.0610078 0.998137 0.000304416 -1.41985 -0.994009 0.0607277 0.0908713 91.0914
0.0933255 -0.00681023 0.995611 17.866 0.0597005 0.998216 0.00123189 -1.4281 -0.993844 0.0593236 0.0935656 91.2064
0.097523 -0.00566369 0.995216 18.6948 0.0570763 0.99837 8.86164e-05 -1.43521 -0.993595 0.0567947 0.0976873 91.2993
0.100823 -0.00169808 0.994902 19.4719 0.0548339 0.998488 -0.00385264 -1.44629 -0.993392 0.0549428 0.100763 91.3706
0.10272 0.00349396 0.994703 20.3246 0.0493309 0.998746 -0.00860242 -1.45775 -0.993486 0.0499533 0.102419 91.4767
0.10225 0.00662477 0.994735 21.1401 0.0459848 0.998877 -0.0113792 -1.47025 -0.993695 0.0469062 0.10183 91.5741
0.104698 0.00535682 0.994488 22.018 0.0446065 0.998954 -0.010077 -1.50198 -0.993503 0.0454157 0.10435 91.6375
0.103953 0.00330484 0.994575 22.8932 0.0418692 0.999094 -0.00769603 -1.53014 -0.9937 0.0424422 0.10372 91.7572
0.106284 0.00155662 0.994333 23.7192 0.0430181 0.999055 -0.0061622 -1.55511 -0.993404 0.0434292 0.106117 91.7991
0.107863 0.000582778 0.994164 24.5318 0.0408627 0.999152 -0.00501914 -1.57714 -0.993325 0.0411657 0.107747 91.871
0.109584 0.000641524 0.993976 25.3734 0.0394393 0.99921 -0.00499301 -1.59657 -0.993194 0.0397488 0.109472 91.9505
0.111326 0.00109698 0.993782 26.1977 0.0367782 0.99931 -0.00522308 -1.6161 -0.993103 0.037131 0.111209 92.0263
0.111203 0.00224744 0.993794 27.0216 0.0340226 0.999403 -0.00606717 -1.63794 -0.993215 0.0344862 0.11106 92.1099
0.109601 0.00207352 0.993972 27.8372 0.0304914 0.99952 -0.00544725 -1.65856 -0.993507 0.0309046 0.109485 92.1863
0.106526 0.00135448 0.994308 28.6611 0.027229 0.99962 -0.00427893 -1.66811 -0.993936 0.0275298 0.106449 92.2748
0.102294 -0.000692659 0.994753 29.4616 0.0259347 0.999662 -0.0019709 -1.67683 -0.994415 0.0260002 0.102278 92.3515
0.0967856 -0.00227335 0.995301 30.2699 0.0242044 0.999707 -7.02951e-05 -1.68376 -0.99501 0.0240975 0.0968124 92.4254
0.088321 -0.0027426 0.996087 31.0701 0.0261498 0.999658 0.000433773 -1.69659 -0.995748 0.0260092 0.0883626 92.5172
0.0793439 -0.00230995 0.996843 31.8475 0.0275434 0.99962 0.000124055 -1.70959 -0.996466 0.0274466 0.0793774 92.5817
0.0700736 -0.00211348 0.997538 32.6311 0.0281671 0.999603 0.000139209 -1.72108 -0.997144 0.028088 0.0701053 92.6196
0.060821 -0.00308755 0.998143 33.4259 0.0290554 0.999577 0.00132151 -1.72915 -0.997725 0.028921 0.060885 92.6548
0.0507776 -0.00397209 0.998701 34.2152 0.0280375 0.999604 0.00255014 -1.73728 -0.998316 0.0278716 0.0508688 92.6897
0.042575 -0.00491128 0.99908 34.9912 0.0291578 0.999568 0.00367114 -1.74441 -0.998667 0.0289747 0.0426998 92.686
0.031125 -0.00456837 0.999504 35.7838 0.02817 0.999596 0.00369156 -1.74977 -0.999118 0.0280411 0.0312411 92.7382
0.0189379 -0.00386543 0.999812 36.5667 0.0284007 0.999591 0.00332662 -1.75728 -0.999417 0.0283323 0.0190399 92.7768
0.00854 -0.00301053 0.999958 37.3433 0.0275205 0.999617 0.00277446 -1.76987 -0.999584 0.0274957 0.00861955 92.7825
-0.00110263 -0.00165086 0.999997 38.0987 0.0295487 0.999562 0.00168272 -1.77619 -0.999562 0.0295504 -0.00105341 92.771
-0.00986975 -0.00171742 0.999949 38.8635 0.0334456 0.999438 0.00204665 -1.80165 -0.999391 0.0334641 -0.00980682 92.7452
-0.0185189 -0.00205231 0.999825 39.6014 0.0361716 0.999342 0.00272128 -1.83209 -0.999173 0.0362156 -0.0184325 92.7045
-0.0267481 -0.00249031 0.999638 40.3481 0.0342872 0.999406 0.00340717 -1.86055 -0.999053 0.0343659 -0.0266469 92.6654
-0.0372688 -0.00351613 0.999298 41.0959 0.0353089 0.999365 0.0048332 -1.8796 -0.998681 0.0354643 -0.037121 92.665
-0.0448818 -0.00525505 0.998977 41.7674 0.0363783 0.999314 0.00689121 -1.89685 -0.998329 0.0366504 -0.0446599 92.6158
-0.0509652 -0.00729812 0.998673 42.4672 0.0393241 0.999183 0.00930867 -1.90925 -0.997925 0.0397463 -0.0506367 92.5883
-0.0562166 -0.00913156 0.998376 43.1221 0.0413552 0.999079 0.0114666 -1.91691 -0.997561 0.0419326 -0.0557873 92.5643
-0.0606865 -0.0103242 0.998102 43.804 0.0434429 0.998972 0.0129746 -1.92184 -0.99721 0.0441478 -0.0601756 92.5565
-0.0645804 -0.0116986 0.997843 44.4962 0.0432094 0.998961 0.0145082 -1.93845 -0.996976 0.0440531 -0.0640078 92.5635
-0.0663568 -0.0114728 0.997729 45.1844 0.0452277 0.998872 0.0144939 -1.94152 -0.99677 0.0460867 -0.0657631 92.5461
-0.0668124 -0.010253 0.997712 45.8851 0.0450506 0.998897 0.013282 -1.94071 -0.996747 0.0458349 -0.0662769 92.5256
-0.0638468 -0.00814587 0.997925 46.5601 0.0463327 0.998864 0.0111179 -1.93628 -0.996883 0.0469465 -0.0633969 92.4884
-0.05955 -0.0074769 0.998196 47.1714 0.0465358 0.998864 0.0102581 -1.93941 -0.997139 0.0470628 -0.0591345 92.4711
-0.0549645 -0.00684498 0.998464 47.7863 0.0465243 0.998873 0.00940889 -1.95006 -0.997403 0.0469699 -0.0545842 92.5107
-0.0433568 -0.00596338 0.999041 48.3547 0.0457612 0.998921 0.00794862 -1.94533 -0.99801 0.0460619 -0.0430372 92.4868
-0.0305264 -0.00565083 0.999517 48.936 0.0450824 0.998959 0.00702453 -1.95117 -0.998516 0.045275 -0.0302399 92.4941
-0.0136038 -0.00392394 0.999899 49.4942 0.044199 0.999013 0.00452179 -1.95477 -0.99893 0.044256 -0.013417 92.5055
0.00920965 -0.00118902 0.999956 50.0342 0.0429028 0.999079 0.000792836 -1.96172 -0.999036 0.0428936 0.00925212 92.4952
0.0346089 0.0016652 0.999398 50.5684 0.0408131 0.999162 -0.00307816 -1.97525 -0.998567 0.0408951 0.0345119 92.5168
0.0634374 0.00331107 0.997979 51.0834 0.0392374 0.999213 -0.00580934 -1.98742 -0.997214 0.0395266 0.0632575 92.557
0.0973451 0.00286041 0.995246 51.5971 0.0369336 0.999297 -0.00648454 -1.99958 -0.994565 0.0373892 0.0971709 92.6148
0.135528 0.000916895 0.990772 52.1043 0.0361124 0.999331 -0.00586467 -2.00378 -0.990115 0.036574 0.135404 92.7004
0.177299 -0.00347459 0.98415 52.638 0.0338904 0.999423 -0.00257701 -2.0266 -0.983573 0.0338101 0.177315 92.822
0.222039 -0.00822417 0.975002 53.1281 0.0313928 0.999507 0.00128173 -2.04781 -0.974532 0.0303234 0.222187 92.9629
0.270054 -0.0119973 0.962769 53.62 0.0270972 0.999621 0.00485577 -2.06973 -0.962463 0.024777 0.270277 93.1323
0.321148 -0.0136013 0.94693 54.1066 0.0245562 0.999681 0.00603087 -2.08334 -0.94671 0.0213162 0.321379 93.3228
0.37506 -0.0140596 0.926893 54.5501 0.0241607 0.999694 0.00538749 -2.0938 -0.926685 0.0203737 0.375285 93.5358
0.431104 -0.0143735 0.902187 54.9822 0.0270002 0.999631 0.00302412 -2.11441 -0.901898 0.0230555 0.431333 93.7857
0.488675 -0.0105507 0.872401 55.3756 0.0286198 0.999583 -0.00394263 -2.1188 -0.871996 0.0268946 0.488773 94.0614
0.543924 -0.00682917 0.839105 55.7309 0.0296243 0.9995 -0.0110685 -2.13511 -0.838611 0.0308784 0.543855 94.386
0.598381 -0.00194408 0.801208 56.0655 0.0260151 0.999517 -0.0170041 -2.13392 -0.800788 0.0310184 0.598143 94.736
0.650104 0.00249857 0.75984 56.3828 0.0229698 0.999473 -0.0229391 -2.11701 -0.759497 0.0323661 0.649704 95.1233
0.699242 0.00423458 0.714871 56.6601 0.0211298 0.999424 -0.026588 -2.13055 -0.714571 0.0336965 0.69875 95.504
0.747582 0.000786832 0.664168 56.9637 0.0225419 0.999393 -0.0265569 -2.15612 -0.663786 0.034825 0.747111 95.8689
0.790263 -0.00128334 0.612765 57.2199 0.0201891 0.99951 -0.0239439 -2.15658 -0.612434 0.0312931 0.789901 96.3041
0.830047 -0.00720375 0.557645 57.4465 0.0208905 0.999617 -0.018182 -2.17513 -0.557301 0.0267414 0.829879 96.6993
0.865087 -0.0109823 0.501499 57.6672 0.0201255 0.999716 -0.0128239 -2.19225 -0.501216 0.0211867 0.865062 97.1297
0.89338 -0.0135039 0.449097 57.8 0.0190583 0.999788 -0.00784977 -2.20242 -0.448896 0.0155719 0.893448 97.5515
0.917017 -0.0130637 0.398632 57.9434 0.0160491 0.999863 -0.0041529 -2.20903 -0.398523 0.010206 0.917101 98.0259
0.935206 -0.0104261 0.353947 58.0454 0.0120973 0.999924 -0.00250937 -2.21744 -0.353894 0.00662857 0.935261 98.4937
0.948873 -0.00565619 0.315604 58.1362 0.00662699 0.999976 -0.00200289 -2.20727 -0.315586 0.00399199 0.948888 98.9711
0.959368 -0.00142606 0.282151 58.2064 0.00254163 0.999991 -0.00358788 -2.22006 -0.282144 0.00415921 0.959363 99.4438
0.967831 0.0006308 0.251594 58.3 0.000476389 0.999991 -0.0043398 -2.22314 -0.251595 0.00432005 0.967823 99.9582
0.973312 -0.00481929 0.229432 58.4055 0.00607992 0.99997 -0.00478805 -2.2319 -0.229402 0.00605519 0.973312 100.446
0.976837 -0.00774702 0.213839 58.5014 0.00899689 0.999948 -0.00487235 -2.24067 -0.21379 0.00668337 0.976856 100.92
0.979474 -0.00367306 0.201531 58.583 0.00491314 0.999972 -0.00565346 -2.24458 -0.201504 0.00652756 0.979465 101.445
0.981512 0.000883669 0.191394 58.6681 0.000252294 0.999983 -0.00591083 -2.24138 -0.191396 0.00584983 0.981495 101.962
0.982614 0.00857619 0.185456 58.7502 -0.00730077 0.999945 -0.00755917 -2.24499 -0.18551 0.00607377 0.982623 102.485
0.983127 0.0128132 0.18247 58.8383 -0.0106954 0.999864 -0.0125862 -2.23333 -0.182606 0.0104222 0.98313 103.007
0.983368 0.0137909 0.181095 58.9426 -0.0111608 0.999817 -0.0155343 -2.24332 -0.181276 0.0132548 0.983342 103.549
0.983238 0.0114313 0.18196 59.0692 -0.00784675 0.999761 -0.0204074 -2.24338 -0.18215 0.0186375 0.983094 104.073
0.982705 0.00965058 0.184922 59.1958 -0.00452142 0.999594 -0.0281386 -2.2404 -0.185118 0.0268159 0.98235 104.636
0.982218 0.0097051 0.187488 59.3345 -0.00340418 0.99942 -0.0339 -2.24138 -0.187708 0.0326589 0.981681 105.217
0.981306 0.0152211 0.191848 59.4303 -0.00888287 0.999388 -0.0338546 -2.2603 -0.192245 0.0315176 0.98084 105.783
0.979898 0.0189577 0.198591 59.5269 -0.0139961 0.999555 -0.0263583 -2.3164 -0.199003 0.023049 0.979728 106.399
0.979483 0.0162112 0.200868 59.6951 -0.0119016 0.999673 -0.0226443 -2.32965 -0.201169 0.0197891 0.979356 107.019
0.979152 0.0112999 0.20281 59.8634 -0.00774329 0.999802 -0.0183218 -2.33519 -0.202977 0.0163694 0.979046 107.649
0.978267 0.0088747 0.207152 59.9828 -0.00624429 0.999892 -0.0133485 -2.35515 -0.207248 0.0117649 0.978217 108.276
0.977612 0.00407082 0.210374 60.1087 -0.00163361 0.99993 -0.0117577 -2.37707 -0.210407 0.0111508 0.97755 108.892
0.977508 -0.000202998 0.210893 60.2549 0.00344506 0.999882 -0.0150058 -2.39402 -0.210865 0.0153948 0.977394 109.548
0.977483 -0.000857264 0.211009 60.3885 0.00551626 0.999754 -0.0214921 -2.41304 -0.210938 0.0221721 0.977248 110.189
0.977302 0.00261567 0.21183 60.5111 0.00382884 0.999543 -0.0300071 -2.40383 -0.211812 0.0301371 0.976845 110.854
0.978131 0.00603706 0.207895 60.6916 0.00130181 0.999381 -0.035146 -2.40177 -0.207979 0.0346481 0.977519 111.538
0.978646 0.00467495 0.205495 60.8318 0.00190054 0.999493 -0.0317893 -2.41192 -0.20554 0.031501 0.978141 112.21
0.979163 0.00242948 0.203059 61.0014 0.00286352 0.999664 -0.0257686 -2.41344 -0.203053 0.0258131 0.978827 112.914
0.980042 0.00369123 0.198749 61.1759 0.000453266 0.999784 -0.0208034 -2.4329 -0.198783 0.0204783 0.979829 113.633
0.980308 0.0063899 0.197368 61.3137 -0.00205887 0.999753 -0.0221415 -2.45062 -0.19746 0.0212991 0.980079 114.357
0.980176 0.0117315 0.197774 61.3999 -0.0065815 0.999622 -0.0266769 -2.47512 -0.198013 0.0248464 0.979884 115.104
0.98091 0.0126857 0.194044 61.5574 -0.00656429 0.999461 -0.0321573 -2.49247 -0.194348 0.0302697 0.980465 115.879
0.981664 0.0110103 0.190293 61.692 -0.00431838 0.999359 -0.0355454 -2.51355 -0.190563 0.0340719 0.981083 116.63
0.982432 0.00931939 0.186383 61.8435 -0.00293394 0.9994 -0.0345064 -2.53995 -0.186593 0.0333534 0.981871 117.412
0.983205 0.00571792 0.182411 61.9997 0.000279193 0.999461 -0.0328344 -2.56787 -0.1825 0.0323339 0.982674 118.206
0.983611 0.00489523 0.180232 62.1636 0.000691139 0.999521 -0.0309197 -2.58021 -0.180297 0.0305375 0.983138 119.04
0.984033 0.00122192 0.177975 62.3234 0.00409749 0.999556 -0.029518 -2.59994 -0.177932 0.029776 0.983592 119.832
0.983963 -0.00346011 0.178336 62.4579 0.00843637 0.999596 -0.027153 -2.64979 -0.17817 0.0282221 0.983595 120.632
0.984167 -0.00254472 0.177221 62.6134 0.00717554 0.999649 -0.0254943 -2.68154 -0.177094 0.0263623 0.983841 121.457
0.984112 0.00340043 0.177512 62.7611 0.00152225 0.999618 -0.027588 -2.70996 -0.177538 0.0274199 0.983732 122.307
0.983863 0.00951045 0.178665 62.8926 -0.00401799 0.999509 -0.0310786 -2.73865 -0.178873 0.0298592 0.983419 123.177
0.983559 0.0190964 0.179568 63.0303 -0.013471 0.999381 -0.0324952 -2.76774 -0.180078 0.029542 0.983208 124.026
0.982941 0.0256532 0.182117 63.1819 -0.0201969 0.999292 -0.0317522 -2.80614 -0.182802 0.0275323 0.982764 124.851
0.982109 0.0285841 0.186124 63.3047 -0.0231846 0.999246 -0.0311234 -2.82204 -0.186873 0.0262514 0.982033 125.745
0.982606 0.0283308 0.183525 63.5547 -0.0227561 0.999215 -0.0324114 -2.85773 -0.184299 0.0276713 0.98248 126.491
0.982438 0.026329 0.184717 63.7259 -0.0200357 0.999156 -0.0358547 -2.87717 -0.185505 0.0315241 0.982137 127.39
0.982751 0.0198238 0.183861 63.9313 -0.0135916 0.999291 -0.0350949 -2.91309 -0.184427 0.0319906 0.982325 128.189
0.98265 0.0123881 0.185048 64.0826 -0.00559633 0.999293 -0.03718 -2.94536 -0.185377 0.0354994 0.982026 129.063
0.98217 0.011542 0.187632 64.2252 -0.00456825 0.999284 -0.037557 -2.97794 -0.187932 0.0360302 0.981521 129.968
0.981915 0.0145892 0.18875 64.3872 -0.00808332 0.999348 -0.0351925 -3.01189 -0.189141 0.0330304 0.981394 130.812
0.981704 0.0171032 0.189637 64.5434 -0.0116563 0.999488 -0.0298013 -3.04814 -0.19005 0.0270456 0.981402 131.645
0.981504 0.0206291 0.190323 64.6995 -0.0160935 0.999549 -0.0253464 -3.09068 -0.19076 0.0218146 0.981394 132.47
0.98128 0.0194257 0.191597 64.864 -0.0135174 0.999393 -0.0320963 -3.12659 -0.192105 0.0289055 0.980949 133.343
0.981329 0.0149036 0.191753 65.0257 -0.0061056 0.998905 -0.0463912 -3.16923 -0.192235 0.0443543 0.980346 134.174
0.981454 0.0122571 0.1913 65.1998 -0.00164705 0.998456 -0.0555237 -3.20935 -0.191685 0.0541789 0.97996 135.034
0.981772 0.00782512 0.189892 65.3588 0.00118891 0.998879 -0.0473089 -3.24011 -0.19005 0.0466724 0.980664 135.828
0.982076 0.00151575 0.188474 65.5298 0.00353382 0.999644 -0.0264531 -3.29043 -0.188447 0.026645 0.981722 136.704
0.982643 -0.00210599 0.185488 65.7178 0.00445548 0.999915 -0.0122507 -3.32246 -0.185446 0.0128645 0.98257 137.539
0.982742 0.001402 0.184971 65.8611 0.00205813 0.999826 -0.0185131 -3.34373 -0.184965 0.0185743 0.98257 138.372
0.982783 0.00885203 0.184545 65.9872 -0.00216839 0.999335 -0.0363873 -3.34389 -0.184745 0.0353606 0.98215 139.208
0.982882 0.00716644 0.184089 66.1211 0.00125198 0.99896 -0.0455735 -3.35586 -0.184224 0.0450238 0.981852 140.027
0.98331 0.00347745 0.181901 66.2724 0.00501315 0.99892 -0.0461965 -3.40656 -0.181865 0.0463374 0.982231 140.839
0.98382 0.0026393 0.179137 66.4228 0.00545062 0.998988 -0.0446534 -3.4629 -0.179073 0.0449073 0.98281 141.679
0.984494 0.00196127 0.1754 66.5667 0.00629975 0.998897 -0.0465291 -3.49975 -0.175298 0.0469126 0.983397 142.522
0.985455 0.000936669 0.169929 66.7105 0.00760299 0.99874 -0.0495965 -3.52909 -0.169762 0.0501671 0.984207 143.297
0.986093 0.00577747 0.166089 66.8436 0.00259957 0.998737 -0.0501757 -3.57204 -0.166169 0.0499096 0.984833 144.103
0.986346 0.0115383 0.164277 66.956 -0.00313325 0.998677 -0.0513314 -3.6078 -0.164652 0.0501158 0.985078 144.917
0.986838 0.012988 0.161185 67.0916 -0.00497594 0.998736 -0.0500119 -3.65093 -0.161631 0.0485516 0.985656 145.713
0.987109 0.0106901 0.159688 67.2206 -0.00333803 0.998925 -0.0462378 -3.68984 -0.160011 0.0451087 0.986084 146.52
0.987473 0.00933743 0.157504 67.3521 -0.00202174 0.998914 -0.0465441 -3.73803 -0.157768 0.0456426 0.986421 147.339
0.987945 0.00795451 0.154595 67.4818 -0.00033504 0.998786 -0.0492503 -3.78806 -0.1548 0.0486048 0.986749 148.153
0.988818 0.00294906 0.149094 67.6162 0.00503376 0.998574 -0.0531367 -3.83564 -0.149038 0.053293 0.987394 148.951
0.989883 0.000234517 0.141881 67.7361 0.00778044 0.998404 -0.0559333 -3.85306 -0.141668 0.0564713 0.988302 149.747
0.991001 -0.00170877 0.133839 67.8663 0.00867931 0.998634 -0.0515156 -3.89321 -0.133568 0.0522136 0.989663 150.542
0.99207 -0.00365106 0.125625 68.009 0.00922891 0.998996 -0.0438474 -3.93141 -0.125339 0.0446591 0.991108 151.366
0.992529 -0.00571481 0.121868 68.1012 0.0101664 0.999302 -0.0359371 -3.95597 -0.121578 0.0369076 0.991895 152.169
0.992849 0.00126998 0.119358 68.1498 0.00278308 0.999425 -0.0337844 -3.99673 -0.119332 0.033875 0.992276 153.02
0.993245 0.00383697 0.115966 68.2186 0.000678693 0.999244 -0.0388749 -4.04126 -0.116028 0.038691 0.992492 153.89
0.993803 0.00341033 0.111093 68.2615 0.00202793 0.998806 -0.0488028 -4.08886 -0.111127 0.0487256 0.992611 154.672
0.99436 0.00120884 0.106039 68.3192 0.00456498 0.99852 -0.0541903 -4.13088 -0.105948 0.0543688 0.992884 155.478
0.995012 0.000168091 0.0997422 68.3881 0.00522124 0.99854 -0.0537692 -4.17399 -0.0996056 0.0540218 0.993559 156.296
0.996098 0.00793322 0.0878908 68.5073 -0.00344045 0.998685 -0.0511519 -4.22403 -0.0881811 0.0506499 0.994816 157.091
0.996812 0.0132308 0.0786659 68.5792 -0.00902586 0.998523 -0.0535708 -4.27285 -0.0792585 0.05269 0.99546 157.938
0.997749 0.0150612 0.0653321 68.6743 -0.0111649 0.99816 -0.0595983 -4.32605 -0.0661096 0.0587347 0.996082 158.75
0.998143 0.0138152 0.0593182 68.6924 -0.0101598 0.998056 -0.0614899 -4.39803 -0.0600524 0.060773 0.996343 159.632
0.998528 0.0143588 0.0522879 68.7105 -0.0112503 0.998179 -0.0592657 -4.44969 -0.0530437 0.0585902 0.996872 160.461
0.99871 0.0189077 0.0471164 68.6925 -0.016342 0.998393 -0.0542558 -4.48734 -0.0480665 0.0534158 0.997415 161.272
0.998914 0.0239545 0.0399343 68.704 -0.0219466 0.998509 -0.0499822 -4.52853 -0.041072 0.0490515 0.997951 162.115
0.999177 0.0246532 0.0321863 68.7297 -0.0230952 0.998584 -0.047912 -4.57101 -0.0333219 0.0471292 0.998333 162.939
0.999337 0.0253019 0.026152 68.7461 -0.0240603 0.998617 -0.0467483 -4.6089 -0.0272986 0.046088 0.998564 163.781
0.999496 0.0231404 0.0217104 68.7616 -0.0220401 0.998525 -0.0496239 -4.64215 -0.0228267 0.0491203 0.998532 164.602
0.999474 0.0276655 0.0168935 68.7656 -0.0266879 0.998097 -0.0555817 -4.69041 -0.018399 0.0551016 0.998311 165.454
0.999359 0.0333254 0.0129907 68.7682 -0.0324542 0.997528 -0.062322 -4.74857 -0.0150355 0.0618604 0.997971 166.272
0.999381 0.0337896 0.00971695 68.7723 -0.0330978 0.997386 -0.0642222 -4.80186 -0.0118616 0.0638608 0.997888 167.117
0.999363 0.0351326 0.00607282 68.7773 -0.0347128 0.997645 -0.0591466 -4.84557 -0.00813648 0.0588981 0.998231 167.939
0.999334 0.0363316 0.0030856 68.7858 -0.0361361 0.998134 -0.049212 -4.89588 -0.00486778 0.0490677 0.998784 168.788
0.999286 0.0377386 -0.000997986 68.7838 -0.0377473 0.99841 -0.0418682 -4.95244 -0.000583619 0.0418759 0.999123 169.613
0.99944 0.0329681 -0.00560562 68.7665 -0.0331905 0.998401 -0.045747 -4.99548 0.00408849 0.0459074 0.998937 170.447
0.999743 0.0198042 -0.0109184 68.766 -0.0203862 0.99822 -0.0560463 -5.0429 0.00978903 0.0562544 0.998368 171.241
0.999671 0.0178718 -0.0183328 68.7533 -0.0189548 0.997975 -0.0607069 -5.08997 0.0172108 0.0610344 0.997987 172.066
0.999459 0.0219011 -0.0245025 68.7065 -0.0233365 0.99793 -0.0599183 -5.14214 0.0231396 0.0604577 0.997902 172.875
0.999288 0.0204867 -0.0316623 68.6601 -0.0221777 0.998294 -0.0540111 -5.19884 0.0305019 0.0546748 0.998038 173.731
0.999119 0.0157524 -0.0388819 68.6283 -0.0177201 0.998552 -0.0507918 -5.25222 0.0380256 0.051436 0.997952 174.548
0.999022 0.00661937 -0.043705 68.5905 -0.00866005 0.998873 -0.0466687 -5.30403 0.0433468 0.0470015 0.997954 175.338
0.998801 0.00277557 -0.0488543 68.515 -0.00506174 0.998894 -0.0467338 -5.35961 0.0486707 0.0469251 0.997712 176.232
0.99856 -0.00119546 -0.0536141 68.4443 -0.00172339 0.99852 -0.0543622 -5.40789 0.0535998 0.0543763 0.997081 177.086
0.998078 -0.0119813 -0.0607831 68.3963 0.00803541 0.997869 -0.0647511 -5.45885 0.0614294 0.0641383 0.996048 177.917
0.997338 -0.0242063 -0.0687605 68.3956 0.0194096 0.997387 -0.0695903 -5.5035 0.0702654 0.0680705 0.995203 178.707
0.996902 -0.0216422 -0.0756012 68.3043 0.0169225 0.9979 -0.0625204 -5.55954 0.0767956 0.0610473 0.995176 179.614
0.996603 -0.0114289 -0.0815448 68.209 0.00738072 0.998733 -0.0497731 -5.61396 0.0820104 0.0490022 0.995426 180.502
0.996366 -0.00590884 -0.0849559 68.1075 0.00229656 0.999091 -0.0425544 -5.66892 0.0851303 0.0422046 0.995475 181.331
0.996055 -0.00594051 -0.0885243 68.0249 0.00193497 0.998973 -0.0452651 -5.72754 0.0887024 0.0449152 0.995045 182.171
0.99589 -0.00406166 -0.0904653 67.9341 -0.00109601 0.99838 -0.05689 -5.76622 0.0905499 0.0567554 0.994273 183.03
0.995537 0.00499731 -0.0942312 67.8392 -0.0112819 0.997737 -0.0662783 -5.81822 0.0936869 0.0670456 0.993342 183.911
0.995422 0.00234846 -0.095534 67.7332 -0.00909786 0.997486 -0.0702749 -5.87329 0.0951289 0.0708224 0.992942 184.772
0.995358 -0.00274021 -0.0961898 67.6445 -0.00357522 0.997851 -0.0654221 -5.94112 0.0961624 0.0654623 0.99321 185.56
0.995257 -0.00277347 -0.0972313 67.5681 -0.0026997 0.998421 -0.0561134 -6.01166 0.0972335 0.0561097 0.993679 186.438
0.99525 -0.00113587 -0.0973302 67.4859 -0.00379855 0.998717 -0.0504973 -6.07595 0.0972628 0.0506271 0.99397 187.263
0.995092 -0.00123102 -0.0989352 67.3921 -0.0038154 0.998701 -0.0508017 -6.13945 0.0988694 0.0509299 0.993796 188.124
0.994856 -0.00466769 -0.101184 67.3109 -0.00140774 0.998204 -0.0598888 -6.19953 0.101282 0.0597231 0.993063 188.956
0.994484 -0.0159378 -0.103656 67.2404 0.00847703 0.997367 -0.0720226 -6.25173 0.104531 0.0707467 0.992002 189.803
0.993746 -0.027401 -0.108244 67.1987 0.0191006 0.996849 -0.0769883 -6.30534 0.110013 0.0744393 0.991139 190.659
0.993572 -0.0247933 -0.110442 67.0871 0.0168196 0.997223 -0.0725533 -6.37716 0.111934 0.0702293 0.991231 191.579
0.993378 -0.0181539 -0.113439 67.0039 0.0112501 0.998062 -0.0612052 -6.45727 0.11433 0.0595237 0.991658 192.423
0.993104 -0.0167778 -0.116017 66.9195 0.0102041 0.99832 -0.0570256 -6.53331 0.116779 0.0554485 0.991609 193.261
0.992874 -0.0182004 -0.117761 66.8404 0.0110999 0.998096 -0.0606728 -6.59996 0.118641 0.0589333 0.991186 194.093
0.992707 -0.0177985 -0.119217 66.7598 0.0099527 0.997764 -0.0660861 -6.67076 0.120127 0.0644177 0.990666 194.928
0.993037 -0.0127607 -0.117099 66.6121 0.00486935 0.997712 -0.067431 -6.72206 0.117691 0.0663913 0.990828 195.774
0.993022 -0.00636087 -0.117748 66.4984 -0.00128901 0.997899 -0.0647782 -6.78766 0.117913 0.0644779 0.990928 196.599
0.993 -0.00123822 -0.118098 66.3841 -0.00606232 0.998092 -0.061438 -6.85455 0.117949 0.0617239 0.991099 197.439
0.993236 0.00387717 -0.116037 66.2585 -0.0108238 0.998182 -0.0592951 -6.91377 0.115596 0.0601499 0.991473 198.254
0.993164 0.00675438 -0.116524 66.155 -0.0138582 0.998086 -0.0602621 -6.96728 0.115894 0.0614649 0.991358 199.066
0.993109 0.00391933 -0.117118 66.0625 -0.011626 0.997805 -0.0651923 -7.01824 0.116605 0.0661046 0.990976 199.855
0.993079 0.00441528 -0.117356 65.9566 -0.0128531 0.997376 -0.0712398 -7.06945 0.116733 0.0722551 0.990531 200.666
