1 0 0 0 0 1 0 0 0 0 1 0
0.999507 0.00351217 -0.0311906 -0.0791876 -0.0034994 0.999994 0.000463842 0.00269821 0.0311921 -0.000354465 0.999513 -0.775229
0.99746 0.00504207 -0.0710562 0.00622831 -0.00501732 0.999987 0.000526933 -0.0106082 0.0710579 -0.000169083 0.997472 -1.39568
0.993573 0.00494871 -0.113084 0.106448 -0.00546054 0.999976 -0.0042168 0.0467926 0.113061 0.0048072 0.993576 -2.08122
0.989211 0.00302329 -0.146468 0.180157 -0.00440403 0.999949 -0.00910356 0.114969 0.146433 0.00965039 0.989174 -2.82297
0.983979 -0.000532682 -0.178282 0.272231 -0.00130138 0.999947 -0.0101703 0.174291 0.178278 0.0102394 0.983927 -3.54712
0.983126 -0.000176897 -0.182931 0.263724 -0.00209612 0.999923 -0.0122321 0.199877 0.182919 0.0124092 0.98305 -3.85236
0.982276 0.000133827 -0.187442 0.290232 -0.00280323 0.999898 -0.0139763 0.200899 0.187421 0.014254 0.982176 -3.7117
0.984265 -0.00172383 -0.176691 0.23411 -0.000866196 0.999893 -0.0145803 0.194483 0.176698 0.0145039 0.984158 -3.54316
0.986819 0.00218778 -0.161811 0.176603 -0.00453302 0.99989 -0.0141259 0.173971 0.161763 0.0146732 0.986721 -3.42375
0.993405 0.00304534 -0.11462 0.0323522 -0.00465273 0.999894 -0.0137587 0.147296 0.114566 0.0142012 0.993314 -2.4067
0.997668 0.00287666 -0.0681862 -0.0337202 -0.00382139 0.999898 -0.0137287 0.123606 0.0681398 0.0139573 0.997578 -1.36085
0.999738 0.00241151 -0.0227617 -0.0204921 -0.00273754 0.999894 -0.0143032 0.0933765 0.0227248 0.0143618 0.999639 -0.474534
0.999748 0.00138584 0.0223835 0.037086 -0.00104165 0.999881 -0.0153815 0.0620133 -0.0224022 0.0153543 0.999631 0.522186
0.997804 -0.00138043 0.0662131 0.147815 0.00243241 0.999872 -0.0158097 0.0299168 -0.0661829 0.0159361 0.99768 1.49158
0.993703 -0.00187297 0.112034 0.268819 0.00390785 0.999831 -0.0179462 0.010408 -0.111981 0.018271 0.993542 2.50613
0.987194 -0.00462691 0.159458 0.415188 0.00754444 0.999815 -0.0176961 -0.012365 -0.159346 0.0186725 0.987046 3.52563
0.978833 -0.00475163 0.204605 0.625461 0.00871444 0.999791 -0.0184714 -0.0435852 -0.204475 0.0198635 0.97867 4.48063
0.968349 -0.0048607 0.249555 0.871024 0.0102374 0.999742 -0.0202517 -0.0796126 -0.249392 0.0221655 0.968149 5.41127
0.955678 -0.00856562 0.294289 1.16196 0.0155663 0.999649 -0.0214542 -0.114612 -0.294002 0.0250843 0.955476 6.34091
0.94116 -0.00636814 0.337902 1.49851 0.0143963 0.99967 -0.0212582 -0.157855 -0.337656 0.0248719 0.940941 7.29009
0.924226 -0.00802888 0.381761 1.87196 0.0183779 0.999555 -0.0234701 -0.192855 -0.381403 0.0287077 0.923963 8.2277
0.907166 -0.0110497 0.420628 2.34033 0.0230637 0.999458 -0.0234861 -0.262354 -0.420141 0.031007 0.906929 9.10348
0.886102 -0.0104139 0.463373 2.75034 0.024846 0.999377 -0.0250525 -0.284556 -0.462824 0.0337121 0.885809 9.97377
0.866602 -0.0156764 0.498754 3.27403 0.0332185 0.999101 -0.0263153 -0.294265 -0.497893 0.0393728 0.866344 10.7779
0.84644 -0.0191652 0.532139 3.81353 0.0395413 0.998855 -0.0269216 -0.315249 -0.531014 0.043829 0.846228 11.5526
0.824949 -0.0190484 0.564886 4.36168 0.0426129 0.998683 -0.0285547 -0.348526 -0.563599 0.0476276 0.824674 12.3654
0.805948 -0.0202567 0.591639 4.98445 0.0446024 0.998651 -0.0265667 -0.379509 -0.590303 0.0477999 0.805765 13.1205
0.783914 -0.0222303 0.620471 5.58299 0.047081 0.99861 -0.0237046 -0.415519 -0.619082 0.0477949 0.783871 13.8988
0.767493 -0.0263966 0.640514 6.34724 0.052876 0.998354 -0.0222147 -0.439493 -0.638873 0.0509175 0.767625 14.6235
0.743682 -0.0229198 0.66814 6.97152 0.0513366 0.998419 -0.0228913 -0.46937 -0.666559 0.0513239 0.743683 15.413
0.722417 -0.021632 0.691119 7.67158 0.051617 0.998409 -0.0227044 -0.502119 -0.689528 0.0520755 0.722384 16.1097
0.700652 -0.0218877 0.713168 8.41294 0.0538345 0.998302 -0.0222509 -0.529646 -0.71147 0.0539831 0.70064 16.8486
0.678417 -0.0241285 0.734281 9.18733 0.0576245 0.998129 -0.0204419 -0.558406 -0.732414 0.0561807 0.678538 17.5443
0.656083 -0.0236195 0.754319 9.97756 0.0569726 0.998208 -0.0182966 -0.582184 -0.752535 0.0549796 0.656253 18.2297
0.634649 -0.0241134 0.772424 10.7849 0.0584386 0.998149 -0.016855 -0.607528 -0.770588 0.0558364 0.634883 18.8816
0.613906 -0.0255402 0.788966 11.639 0.062025 0.997947 -0.0159573 -0.622212 -0.786938 0.0587319 0.61423 19.5433
0.594415 -0.0270062 0.803705 12.5239 0.067124 0.997614 -0.0161226 -0.628427 -0.801352 0.0635314 0.59481 20.1881
0.576819 -0.0286498 0.816369 13.4228 0.0720973 0.99727 -0.0159432 -0.639975 -0.813684 0.0680544 0.57731 20.8023
0.561421 -0.0316209 0.826926 14.3529 0.0787943 0.996772 -0.0153798 -0.650074 -0.82377 0.0737916 0.5621 21.391
0.548062 -0.0344186 0.835729 15.2845 0.08373 0.996392 -0.0138739 -0.665813 -0.832236 0.0775794 0.548966 21.9607
0.536917 -0.0363106 0.842853 16.2425 0.0886729 0.995968 -0.0135798 -0.684556 -0.838962 0.0820295 0.537972 22.518
0.524618 -0.0379613 0.850491 17.2387 0.0911373 0.995769 -0.0117716 -0.699023 -0.846446 0.0836871 0.525858 23.1478
0.513721 -0.0385808 0.857089 18.313 0.0918155 0.995724 -0.010211 -0.705499 -0.85303 0.0839398 0.515066 23.7624
0.504014 -0.0378103 0.862867 19.3697 0.091685 0.995739 -0.00992202 -0.71781 -0.858815 0.0841129 0.505333 24.363
0.494864 -0.0357295 0.868236 20.4812 0.0916535 0.995727 -0.0112633 -0.746543 -0.864123 0.0851507 0.496024 24.9567
0.486244 -0.032601 0.873214 21.7288 0.092302 0.995629 -0.0142265 -0.753417 -0.868934 0.087517 0.487128 25.5654
0.478979 -0.0303356 0.877302 22.7372 0.0930102 0.995531 -0.0163569 -0.769091 -0.872885 0.0894326 0.47966 26.1418
0.473114 -0.0292242 0.880516 23.8616 0.0922905 0.995595 -0.0165454 -0.790794 -0.876154 0.0890912 0.473727 26.7249
0.469154 -0.0284766 0.882657 24.9802 0.0923226 0.995585 -0.0169519 -0.812163 -0.878277 0.0894422 0.469712 27.3
0.465813 -0.0278124 0.884446 26.1327 0.0928674 0.995523 -0.0176053 -0.835737 -0.879996 0.090337 0.46631 27.8779
0.463013 -0.0250551 0.885997 27.2633 0.0915924 0.995601 -0.0197107 -0.851768 -0.881606 0.090277 0.463271 28.4681
0.459528 -0.0237916 0.887845 28.4931 0.0921438 0.995524 -0.0210144 -0.861315 -0.883371 0.0914661 0.459663 29.0872
0.456925 -0.0238411 0.889185 29.615 0.0913612 0.995612 -0.0202531 -0.886117 -0.884801 0.0904912 0.457098 29.7196
0.454757 -0.0252293 0.890258 30.8042 0.0913784 0.995645 -0.0184615 -0.910259 -0.885915 0.0897459 0.455082 30.3555
0.452364 -0.0266416 0.891435 32.0585 0.0895854 0.995855 -0.0156983 -0.94474 -0.887322 0.0869609 0.452876 31.0047
0.450045 -0.0274478 0.892584 33.3224 0.0910085 0.995733 -0.0152672 -0.976938 -0.888356 0.0881037 0.450622 31.6525
0.448466 -0.0275304 0.893376 34.5301 0.0904873 0.995788 -0.0147373 -1.0085 -0.889208 0.0874484 0.449068 32.3148
0.447471 -0.0273812 0.893879 35.7775 0.0922001 0.995617 -0.0156573 -1.0421 -0.889533 0.0894219 0.448034 32.9822
0.446967 -0.0273643 0.894132 37.0561 0.0910003 0.995738 -0.0150162 -1.08238 -0.88991 0.088078 0.447552 33.6653
0.44753 -0.0269372 0.893863 38.4089 0.0908695 0.995742 -0.0154882 -1.13103 -0.88964 0.0881563 0.448073 34.3426
0.447324 -0.0267331 0.893972 39.709 0.0906421 0.995762 -0.0155783 -1.15766 -0.889767 0.0880001 0.447851 35.0647
0.447242 -0.027591 0.893987 41.0919 0.0882509 0.996008 -0.0134103 -1.19869 -0.890049 0.0848929 0.447891 35.7946
0.446665 -0.0284317 0.894249 42.3501 0.0874223 0.996099 -0.0119963 -1.25582 -0.89042 0.0835357 0.447408 36.5365
0.446426 -0.0289242 0.894353 43.758 0.0860507 0.996233 -0.0107341 -1.30566 -0.890673 0.0817517 0.447233 37.2849
0.446591 -0.029983 0.894236 45.1808 0.0875849 0.996103 -0.0103423 -1.34981 -0.890441 0.0829403 0.447477 38.0272
0.44757 -0.0304837 0.893729 46.5529 0.0864308 0.996214 -0.00930432 -1.39465 -0.890062 0.0814101 0.44851 38.7812
0.447081 -0.0336054 0.893862 47.9564 0.0878298 0.996114 -0.00648003 -1.43495 -0.890171 0.0814048 0.448295 39.5637
0.446467 -0.0365136 0.894055 49.4782 0.08869 0.996053 -0.00361023 -1.4633 -0.890394 0.0809056 0.447943 40.3474
0.446064 -0.036861 0.894242 50.9449 0.0894207 0.995988 -0.00354973 -1.49555 -0.890522 0.0815472 0.44757 41.1394
0.445666 -0.037324 0.894421 52.3418 0.0910762 0.995837 -0.00382472 -1.53904 -0.890554 0.083165 0.447209 41.9392
0.445821 -0.037385 0.894341 53.9412 0.0891738 0.996012 -0.00281731 -1.55826 -0.890669 0.0810078 0.447377 42.7253
0.444781 -0.0381746 0.894825 55.3238 0.0893435 0.995999 -0.00191818 -1.60208 -0.891172 0.0808001 0.446412 43.5503
0.444282 -0.0394984 0.895016 56.7023 0.0879221 0.996127 0.000316472 -1.64041 -0.891562 0.0785511 0.446034 44.3805
0.444772 -0.0404817 0.894728 58.2495 0.089387 0.995997 0.000629061 -1.66159 -0.891172 0.0796974 0.44661 45.1815
0.444089 -0.0417637 0.895009 59.7786 0.0892174 0.99601 0.00220846 -1.69605 -0.89153 0.0788696 0.446043 46.0353
0.443065 -0.0413706 0.895534 61.4176 0.0876749 0.996146 0.00264133 -1.71685 -0.892192 0.0773457 0.444984 46.8952
0.441427 -0.0403013 0.896391 63.1372 0.0871277 0.996195 0.00188246 -1.72747 -0.893057 0.0772696 0.443259 47.7449
0.439866 -0.0392044 0.897207 64.616 0.0849189 0.996386 0.00190573 -1.74186 -0.894039 0.0753516 0.441605 48.5926
0.438661 -0.0382769 0.897837 66.1083 0.0833394 0.99652 0.00176642 -1.75584 -0.89478 0.0740504 0.440324 49.438
0.437979 -0.0385116 0.89816 67.8226 0.0823757 0.996598 0.00256273 -1.76211 -0.895203 0.0728642 0.439661 50.2625
0.437318 -0.0388955 0.898465 69.4161 0.0826752 0.996572 0.0029014 -1.77075 -0.895498 0.073012 0.439035 51.094
0.436475 -0.0379418 0.898916 70.9196 0.0788809 0.996877 0.00377543 -1.77536 -0.896252 0.0692595 0.438105 51.9654
0.434605 -0.0368913 0.899865 72.6909 0.0772733 0.997004 0.00355316 -1.77145 -0.8973 0.0679914 0.436153 52.812
0.428705 -0.0356842 0.90274 74.0704 0.0769182 0.997033 0.00288359 -1.80125 -0.900164 0.068201 0.430177 53.8081
0.422513 -0.0349506 0.905683 75.8361 0.076583 0.997059 0.00274988 -1.80573 -0.903115 0.0681981 0.423947 54.7218
0.417165 -0.0348109 0.908164 77.7167 0.0747391 0.997195 0.00389214 -1.81164 -0.905752 0.0662518 0.418597 55.5885
0.410447 -0.0351623 0.911206 79.1073 0.0721383 0.997377 0.00599329 -1.84051 -0.909027 0.063273 0.411906 56.5205
0.404571 -0.0341058 0.91387 80.9258 0.0715116 0.997424 0.00556576 -1.85439 -0.911706 0.0631006 0.405968 57.3909
0.398581 -0.0328701 0.916544 82.7446 0.0714766 0.997431 0.00468776 -1.86617 -0.914344 0.0636431 0.399906 58.2381
0.393635 -0.0308105 0.91875 84.5351 0.0707851 0.997487 0.0031233 -1.87552 -0.916537 0.0638045 0.394827 59.06
0.388763 -0.0294802 0.920866 86.4241 0.0689377 0.997617 0.00283378 -1.88168 -0.918755 0.0623808 0.389869 59.8709
0.381205 -0.0285091 0.924051 88.0666 0.0678391 0.997692 0.00279504 -1.89751 -0.921998 0.0616213 0.382259 60.7683
0.372668 -0.0275922 0.927554 89.9901 0.0657338 0.997832 0.00327254 -1.89988 -0.925633 0.0597522 0.373674 61.6282
0.36445 -0.0278643 0.930806 91.8496 0.064455 0.99791 0.00463633 -1.91736 -0.92899 0.0583055 0.365484 62.4716
0.355917 -0.0281975 0.934092 93.6988 0.0644468 0.997905 0.00556768 -1.93001 -0.932292 0.0582176 0.356989 63.2946
0.351406 -0.0271225 0.93583 95.5613 0.0641319 0.99793 0.00484058 -1.94441 -0.934024 0.0583157 0.352418 64.0322
0.347894 -0.0267047 0.937154 97.4369 0.0624178 0.998036 0.00526865 -1.96769 -0.935454 0.0566622 0.348877 64.7509
0.343575 -0.0276955 0.938717 99.3449 0.0623598 0.998032 0.00662149 -1.9799 -0.937052 0.0562632 0.344626 65.4613
0.338301 -0.0276576 0.940632 101.239 0.0600256 0.998167 0.00776092 -1.99048 -0.939121 0.0538365 0.339341 66.1627
0.335835 -0.0254332 0.941577 103.118 0.0598117 0.998194 0.00562923 -1.96988 -0.94002 0.0544269 0.33675 66.7989
0.332392 -0.0249828 0.94281 105.095 0.0609141 0.998131 0.0049732 -1.95305 -0.941172 0.0557775 0.333292 67.4851
0.329221 -0.0257175 0.943903 107.206 0.0620861 0.998055 0.00553811 -1.93818 -0.942209 0.0567801 0.330177 68.1602
0.326646 -0.0261665 0.944784 108.876 0.0627569 0.998011 0.00594335 -1.92909 -0.943061 0.0573505 0.327638 68.8718
0.324769 -0.025845 0.94544 110.766 0.0635699 0.997962 0.00544381 -1.92995 -0.943654 0.0583337 0.325751 69.5581
0.323363 -0.0252214 0.945939 112.774 0.0625663 0.998027 0.00522239 -1.93137 -0.944204 0.0574953 0.324302 70.2292
0.320962 -0.0249535 0.946763 114.888 0.0616286 0.998084 0.00541353 -1.93194 -0.945085 0.0566103 0.321885 70.9112
0.316279 -0.0239465 0.948364 116.948 0.0595712 0.99821 0.00533814 -1.94418 -0.946793 0.0548069 0.317139 71.6306
0.310127 -0.0281682 0.950278 118.921 0.0554834 0.998393 0.0114872 -2.03964 -0.949074 0.0491623 0.311192 72.3589
0.304438 -0.0316497 0.952006 120.894 0.0525001 0.998486 0.0164061 -2.08794 -0.951084 0.0449859 0.305639 73.0713
0.298998 -0.0318851 0.953721 122.892 0.0513988 0.998529 0.0172692 -2.07871 -0.952868 0.0438567 0.300197 73.7554
0.292237 -0.0333005 0.955766 125.003 0.0503873 0.998541 0.0193843 -2.07129 -0.955017 0.0424937 0.293488 74.4405
0.289405 -0.0339926 0.956603 126.907 0.0440344 0.998784 0.0221696 -2.09408 -0.956193 0.0357076 0.29055 75.0724
0.287443 -0.0347234 0.957168 128.984 0.0430421 0.998801 0.023308 -2.07045 -0.95683 0.0344989 0.288593 75.69
0.285069 -0.0349684 0.957869 131.049 0.0425442 0.998811 0.0238015 -2.03554 -0.957562 0.0339668 0.286218 76.3092
0.283945 -0.0343923 0.958224 133.147 0.0439548 0.998773 0.0228228 -1.99168 -0.957832 0.0356382 0.285108 76.9051
0.283586 -0.0333597 0.958367 135.199 0.0441573 0.998789 0.0217004 -1.96405 -0.957929 0.036165 0.284716 77.4874
0.282508 -0.0311059 0.958761 137.336 0.0446372 0.998818 0.0192527 -1.92459 -0.958225 0.0373574 0.283563 78.0978
0.278031 -0.0291591 0.96013 139.481 0.044138 0.998871 0.0175544 -1.8777 -0.959557 0.0374976 0.279004 78.7969
0.27743 -0.0274683 0.960353 141.576 0.0401683 0.999049 0.0169711 -1.86912 -0.959905 0.0338675 0.27827 79.3887
0.275798 -0.0293784 0.960767 143.767 0.0370503 0.999115 0.0199154 -1.89148 -0.960501 0.0301042 0.276642 80.017
0.273134 -0.0314056 0.961463 145.989 0.0358076 0.999106 0.022463 -1.90924 -0.961309 0.0282924 0.274014 80.6523
0.270282 -0.0325423 0.962231 148.132 0.0367522 0.999049 0.0234641 -1.90125 -0.962079 0.0290222 0.271221 81.2673
0.270792 -0.0325631 0.962087 150.314 0.0389927 0.998978 0.0228367 -1.84542 -0.961848 0.0313304 0.271785 81.8391
0.269824 -0.0324552 0.962363 152.471 0.0383004 0.999003 0.0229523 -1.80749 -0.962147 0.0306659 0.270798 82.4429
0.270482 -0.0326464 0.962172 154.701 0.0373859 0.999027 0.0233872 -1.75899 -0.961999 0.0296459 0.271439 83.024
0.270066 -0.0315418 0.962325 156.861 0.0350333 0.999123 0.0229162 -1.71885 -0.962204 0.0275246 0.270934 83.6504
0.269071 -0.029232 0.962677 159.197 0.0338159 0.99921 0.0208897 -1.68241 -0.962526 0.0269331 0.269847 84.2455
0.267778 -0.0267596 0.963109 161.349 0.0331271 0.999279 0.018554 -1.64987 -0.96291 0.0269368 0.268472 84.882
0.26705 -0.0251146 0.963356 163.522 0.0320499 0.999339 0.0171682 -1.62562 -0.963149 0.0262908 0.267678 85.5063
0.265106 -0.0235065 0.963933 166.055 0.0294265 0.999434 0.0162792 -1.59354 -0.96377 0.0240496 0.265648 86.0777
0.259987 -0.0232276 0.965333 168.831 0.0257131 0.999523 0.0171251 -1.50896 -0.965269 0.0203695 0.26046 86.6219
0.268406 -0.0256411 0.962965 170.419 0.0253074 0.999488 0.0195598 -1.53699 -0.962973 0.0191203 0.268917 87.0615
0.276055 -0.0250317 0.960816 172.253 0.0241926 0.999525 0.0190893 -1.47858 -0.960837 0.017975 0.276529 87.5189
0.274447 -0.0254942 0.961265 174.501 0.0245885 0.999508 0.0194883 -1.46624 -0.961287 0.0182877 0.274939 88.1666
0.275537 -0.0249098 0.960968 176.607 0.0227937 0.999552 0.0193744 -1.44534 -0.96102 0.0165658 0.275981 88.7896
0.274319 -0.0239637 0.96134 178.962 0.0218505 0.999587 0.018682 -1.4237 -0.96139 0.0158811 0.274729 89.4206
0.27227 -0.0235388 0.961933 181.297 0.0217607 0.999596 0.0183012 -1.40429 -0.961974 0.0159495 0.272672 90.064
0.270649 -0.0230657 0.962402 183.6 0.0210896 0.999615 0.0180267 -1.38288 -0.962446 0.0154178 0.271031 90.7216
0.267313 -0.0242625 0.963304 185.906 0.0218768 0.999578 0.0191054 -1.3568 -0.963361 0.015967 0.267731 91.4379
0.265393 -0.0257638 0.963796 188.211 0.0221894 0.999541 0.0206092 -1.33801 -0.963884 0.0159166 0.265843 92.0822
0.263893 -0.0260339 0.964201 190.52 0.0226884 0.999527 0.0207781 -1.3166 -0.964284 0.016393 0.264359 92.7259
0.26175 -0.0252476 0.964805 193.028 0.0220486 0.999553 0.0201751 -1.28615 -0.964883 0.0159919 0.26219 93.3522
0.259746 -0.0253075 0.965345 195.234 0.0191604 0.999595 0.0210499 -1.26746 -0.965486 0.0130289 0.260126 94.0199
0.259354 -0.0245733 0.96547 197.499 0.0167614 0.99964 0.0209405 -1.25579 -0.965636 0.0107517 0.259672 94.6102
0.259613 -0.0237243 0.965421 199.797 0.0157281 0.999669 0.0203365 -1.23282 -0.965584 0.00990479 0.2599 95.1854
0.261066 -0.0219432 0.965072 201.732 0.0164969 0.999697 0.0182678 -1.23909 -0.965179 0.0111516 0.261349 95.8834
0.261294 -0.022397 0.964999 204.003 0.0163167 0.99969 0.0187841 -1.23444 -0.965121 0.0108375 0.261578 96.4848
0.259895 -0.0238395 0.965343 206.291 0.0169587 0.999653 0.0201211 -1.20393 -0.965487 0.0111417 0.260209 97.143
0.256923 -0.0245442 0.96612 208.551 0.0173617 0.999633 0.0207785 -1.17309 -0.966275 0.0114351 0.257255 97.791
0.260643 -0.023835 0.965141 210.868 0.0130349 0.999691 0.0211681 -1.15108 -0.965346 0.00706329 0.260873 98.3382
0.257019 -0.0214716 0.966168 213.264 0.0108793 0.999754 0.0193239 -1.1011 -0.966344 0.00554476 0.25719 98.9944
0.252315 -0.0204899 0.967428 215.64 0.00834676 0.999784 0.0189983 -1.06565 -0.967608 0.00328143 0.252432 99.6462
0.249739 -0.0197887 0.968111 218.031 0.00795013 0.999799 0.0183855 -1.02518 -0.96828 0.00310513 0.249846 100.251
0.24667 -0.018502 0.968923 220.424 0.00735382 0.999824 0.0172199 -0.99364 -0.969071 0.00287776 0.246763 100.85
0.241511 -0.0176469 0.970238 222.804 0.00623832 0.999842 0.0166325 -0.961762 -0.970377 0.00203583 0.241583 101.503
0.234635 -0.017587 0.971924 225.053 0.00451396 0.999845 0.0170025 -0.950215 -0.972072 0.000397962 0.234678 102.152
0.219359 -0.0151708 0.975526 227.171 0.00198698 0.999884 0.0151029 -0.919201 -0.975641 -0.00137448 0.219364 103.038
0.213652 -0.0143418 0.976805 229.584 0.00220346 0.999896 0.0141989 -0.895023 -0.976907 -0.000881158 0.213661 103.632
0.210631 -0.012929 0.97748 232.004 0.0021685 0.999916 0.0127584 -0.860628 -0.977562 -0.000567548 0.210642 104.128
0.212334 -0.0136647 0.977102 234.292 0.00111445 0.999905 0.0137414 -0.874459 -0.977196 -0.00182872 0.212329 104.552
0.209296 -0.0111718 0.977789 236.715 -0.000711586 0.999932 0.0115771 -0.823638 -0.977851 -0.00311871 0.209274 105.091
0.205795 -0.0106045 0.978538 239.071 0.000685527 0.999942 0.0106923 -0.80144 -0.978594 -0.0015295 0.20579 105.607
0.202546 -0.00957942 0.979226 241.403 0.00182429 0.999954 0.00940486 -0.778449 -0.97927 -0.000118412 0.202554 106.116
0.200456 -0.0089736 0.979662 243.908 0.00155812 0.999959 0.00884072 -0.761137 -0.979701 -0.000245637 0.200462 106.578
0.198732 -0.0084318 0.980018 246.503 0.00194692 0.999964 0.00820862 -0.754273 -0.980051 0.000276815 0.198741 107.023
0.194113 -0.00529511 0.980965 248.955 0.000615246 0.999985 0.00527605 -0.688334 -0.980978 -0.000420505 0.194114 107.533
0.188917 -0.000546778 0.981993 251.224 0.000550157 0.999999 0.000450979 -0.639404 -0.981992 0.000455164 0.188918 108.094
0.184664 0.00336058 0.982796 253.691 0.00146478 0.999992 -0.00369459 -0.612434 -0.9828 0.00212195 0.184658 108.576
0.1823 0.00812353 0.983209 256.305 -0.00198792 0.999966 -0.00789338 -0.533073 -0.98324 -0.000515461 0.18231 109.053
0.179543 0.00915929 0.983707 258.621 -0.00134652 0.999957 -0.00906482 -0.563702 -0.983748 0.000303054 0.179548 109.472
0.17626 0.0105318 0.984287 261.029 -0.00234675 0.999944 -0.0102791 -0.579181 -0.98434 -0.000497962 0.176275 109.892
0.168937 0.0143185 0.985523 263.386 -0.00226574 0.999897 -0.0141389 -0.577211 -0.985623 0.000155771 0.168953 110.37
0.163597 0.0166488 0.986387 265.832 -0.00357609 0.999861 -0.016283 -0.606563 -0.98652 -0.000863429 0.163634 110.828
0.157556 0.0190546 0.987326 268.29 -0.00486565 0.999816 -0.0185191 -0.62746 -0.987497 -0.00188607 0.15762 111.298
0.155221 0.0190673 0.987696 270.923 -0.00382254 0.999817 -0.0187006 -0.670203 -0.987872 -0.000872673 0.155266 111.673
0.152752 0.0188529 0.988085 273.269 -0.00288907 0.999822 -0.0186302 -0.719251 -0.98826 -8.73952e-06 0.152779 112.094
0.153367 0.0178365 0.988008 275.792 -0.00261908 0.99984 -0.0176435 -0.783732 -0.988165 0.00011838 0.15339 112.458
0.153871 0.016931 0.987946 278.449 -0.00287237 0.999856 -0.0166877 -0.845599 -0.988086 -0.000269879 0.153898 112.767
0.153137 0.0163734 0.988069 280.816 -0.00405656 0.999864 -0.0159402 -0.886599 -0.988196 -0.00156702 0.153183 113.208
0.152431 0.0160737 0.988183 283.184 -0.00228436 0.99987 -0.0159114 -0.927808 -0.988311 0.00016814 0.152448 113.648
0.152044 0.0146755 0.988265 285.743 -0.00354282 0.999891 -0.014303 -0.987065 -0.988366 -0.00132643 0.15208 114.027
0.151204 0.0152619 0.988385 288.201 -0.0058389 0.999877 -0.0145461 -1.04003 -0.988485 -0.00357153 0.151274 114.47
0.148718 0.017505 0.988725 290.805 -0.00846213 0.999829 -0.0164288 -1.09713 -0.988843 -0.00592334 0.148841 114.88
0.145774 0.017839 0.989157 293.277 -0.0109435 0.999805 -0.0164183 -1.14074 -0.989256 -0.00843139 0.145941 115.316
0.140849 0.0169454 0.989886 295.806 -0.0141911 0.999785 -0.0150956 -1.19641 -0.989928 -0.0119212 0.14106 115.731
0.131318 0.0178569 0.99118 298.847 -0.0171305 0.999729 -0.0157414 -1.21993 -0.991191 -0.0149122 0.131588 116.082
0.124873 0.0164108 0.992037 300.881 -0.0150625 0.999779 -0.0146429 -1.27973 -0.992057 -0.013114 0.125093 116.702
0.120288 0.0139454 0.992641 303.496 -0.0143951 0.99982 -0.0123018 -1.38638 -0.992634 -0.0128092 0.120467 117.061
0.113936 0.0122844 0.993412 306.194 -0.0131295 0.999854 -0.0108582 -1.45335 -0.9934 -0.0118058 0.11408 117.423
0.106261 0.0132508 0.99425 308.565 -0.0104373 0.99987 -0.0122102 -1.4867 -0.994283 -0.00907974 0.106386 117.95
0.0971994 0.0111641 0.995202 311.443 -0.0117293 0.99988 -0.010071 -1.55956 -0.995195 -0.010694 0.0973189 118.254
0.0912564 0.00990708 0.995778 313.987 -0.0114417 0.999894 -0.00889946 -1.5939 -0.995761 -0.0105812 0.0913603 118.625
0.0854779 0.00914689 0.996298 316.612 -0.0130202 0.999882 -0.0080627 -1.64252 -0.996254 -0.0122827 0.0855871 118.947
0.0795568 0.00877202 0.996792 319.345 -0.0138497 0.999874 -0.00769374 -1.69491 -0.996733 -0.0131931 0.0796684 119.204
0.0680507 0.00711671 0.997657 321.783 -0.0142336 0.999879 -0.00616167 -1.75019 -0.997579 -0.0137808 0.068144 119.696
0.0588811 0.00560621 0.998249 324.644 -0.0139475 0.999891 -0.00479273 -1.80524 -0.998167 -0.0136408 0.0589531 119.918
0.052752 0.00435173 0.998598 327.305 -0.0164523 0.999858 -0.00348809 -1.82596 -0.998471 -0.0162451 0.0528163 120.131
0.0454482 0.00372061 0.99896 329.903 -0.0185002 0.999824 -0.00288214 -1.86329 -0.998794 -0.0183499 0.0455093 120.406
0.0395825 0.00145469 0.999215 332.589 -0.0202845 0.999794 -0.000651971 -1.90619 -0.999009 -0.0202427 0.0396041 120.599
0.0338671 -0.000592787 0.999426 335.23 -0.0221463 0.999753 0.00134346 -1.93961 -0.99918 -0.022179 0.0338458 120.821
0.0261254 -0.000580049 0.999659 337.983 -0.0263509 0.999651 0.00126872 -1.9714 -0.99931 -0.0263749 0.0261012 121
0.0178688 5.66116e-05 0.99984 340.612 -0.0310993 0.999516 0.00049922 -1.99708 -0.999356 -0.0311031 0.0178622 121.227
0.0104003 0.00100201 0.999945 343.464 -0.0361275 0.999346 -0.000625631 -2.02693 -0.999292 -0.0361189 0.01043 121.331
0.00405158 -0.000417607 0.999992 346.323 -0.0395999 0.999215 0.000577744 -2.04569 -0.999206 -0.0396018 0.00403211 121.351
-0.00710055 -0.00114663 0.999974 348.909 -0.0398781 0.999204 0.0008626 -2.04724 -0.999178 -0.0398708 -0.00714038 121.606
-0.0159906 -0.000520545 0.999872 351.846 -0.0419086 0.999121 -0.000150059 -2.0661 -0.998992 -0.0419055 -0.0159981 121.591
-0.0263849 0.0010587 0.999651 354.517 -0.0436453 0.999044 -0.00221002 -2.06896 -0.998698 -0.0436883 -0.0263132 121.679
-0.0359584 -0.000851586 0.999353 357.077 -0.0459195 0.998944 -0.000801005 -2.09363 -0.998297 -0.0459184 -0.0359593 121.798
-0.0388556 -0.00107324 0.999244 359.802 -0.0474268 0.998874 -0.000771326 -2.11374 -0.998118 -0.0474208 -0.0388624 121.706
-0.0420184 -0.000807616 0.999116 362.601 -0.0485869 0.998818 -0.00123596 -2.13041 -0.997934 -0.0485958 -0.0420077 121.595
-0.0481393 -0.000336191 0.998841 365.252 -0.0486014 0.998816 -0.00200615 -2.15822 -0.997656 -0.0486415 -0.0480983 121.553
-0.0548866 -0.000295754 0.998492 368.013 -0.0500443 0.998743 -0.00245506 -2.17545 -0.997237 -0.0501035 -0.0548321 121.478
-0.0609449 -0.000374246 0.998141 370.73 -0.048301 0.998829 -0.00257466 -2.21993 -0.996971 -0.048368 -0.0608914 121.37
-0.0663453 0.000233617 0.997797 373.488 -0.0522363 0.998627 -0.00370708 -2.25089 -0.996427 -0.052367 -0.0662418 121.231
-0.0678803 0.00716388 0.997668 376.117 -0.0628623 0.997956 -0.011443 -2.23617 -0.99571 -0.0634923 -0.0672909 121.044
-0.072977 0.0163375 0.9972 378.877 -0.0713079 0.997221 -0.0215563 -2.28477 -0.99478 -0.0726812 -0.071609 120.91
-0.0731423 0.024433 0.997022 381.587 -0.0623472 0.997632 -0.0290218 -2.35178 -0.99537 -0.0642842 -0.0714455 120.672
-0.0745357 0.0209558 0.996998 384.276 -0.055369 0.998149 -0.0251194 -2.44268 -0.995679 -0.0570749 -0.0732371 120.498
-0.0769341 0.0101792 0.996984 386.957 -0.0569626 0.998269 -0.0145879 -2.52104 -0.995407 -0.057913 -0.0762208 120.309
-0.0815368 0.00145466 0.996669 389.687 -0.0638524 0.997936 -0.00668021 -2.56248 -0.994622 -0.0641843 -0.0812754 120.126
-0.0847601 -0.0019622 0.996399 392.353 -0.0685458 0.99764 -0.00386628 -2.60835 -0.99404 -0.0686265 -0.0846942 119.921
-0.0901689 -0.00220608 0.995924 395.089 -0.0714003 0.997438 -0.00425498 -2.64252 -0.993363 -0.0714928 -0.0900951 119.753
-0.0927563 0.000621355 0.995688 397.744 -0.0656961 0.997816 -0.00674278 -2.6931 -0.993518 -0.0660382 -0.0925126 119.521
-0.0922292 0.00526213 0.995724 400.492 -0.0618903 0.998021 -0.0110069 -2.74583 -0.993811 -0.0626407 -0.0917208 119.206
-0.0973382 0.00918456 0.995209 403.096 -0.0599324 0.998088 -0.0150729 -2.79882 -0.993444 -0.0611123 -0.0966013 119.028
-0.0997368 0.0103897 0.994959 405.778 -0.0600849 0.998057 -0.0164451 -2.85671 -0.993197 -0.0614221 -0.0989185 118.755
-0.102647 0.00995233 0.994668 408.464 -0.0589658 0.99813 -0.0160721 -2.918 -0.992968 -0.060301 -0.101868 118.484
-0.107164 0.00892984 0.994201 411.102 -0.058363 0.998178 -0.0152564 -2.98542 -0.992526 -0.0596594 -0.106447 118.255
-0.108424 0.00985453 0.994056 413.821 -0.0567403 0.998259 -0.016085 -3.04597 -0.992483 -0.0581469 -0.107676 117.947
-0.108519 0.0105721 0.994038 416.503 -0.0560528 0.998287 -0.0167366 -3.11509 -0.992512 -0.0575347 -0.10774 117.642
-0.109792 0.0112644 0.993891 419.158 -0.054786 0.998346 -0.0173669 -3.18655 -0.992442 -0.0563579 -0.108993 117.352
-0.111695 0.00952971 0.993697 421.85 -0.0531595 0.998464 -0.0155507 -3.2589 -0.992319 -0.0545612 -0.111017 117.066
-0.113243 0.00729429 0.99354 424.518 -0.051252 0.998598 -0.0131731 -3.32812 -0.992243 -0.0524126 -0.11271 116.787
-0.114568 0.00574684 0.993399 427.187 -0.0491633 0.998724 -0.0114476 -3.3868 -0.992197 -0.0501502 -0.114139 116.481
-0.113855 0.00772512 0.993467 429.749 -0.0468651 0.998814 -0.0131376 -3.46145 -0.99239 -0.0480546 -0.113357 116.155
-0.116113 0.0109572 0.993175 432.414 -0.0490195 0.998657 -0.0167486 -3.53277 -0.992024 -0.0506296 -0.11542 115.854
-0.120009 0.0117078 0.992704 435.083 -0.0519822 0.998484 -0.0180601 -3.60784 -0.99141 -0.0537702 -0.119218 115.6
-0.1188 0.0115443 0.992851 437.802 -0.0502281 0.998582 -0.017621 -3.67656 -0.991646 -0.0519623 -0.118052 115.234
-0.122621 0.0113601 0.992388 440.376 -0.0508234 0.99855 -0.0177104 -3.76938 -0.99115 -0.0526081 -0.121866 114.998
-0.124041 0.0127248 0.992195 443.114 -0.0533554 0.998385 -0.0194745 -3.82872 -0.99084 -0.0553545 -0.123162 114.66
-0.124937 0.0138426 0.992068 445.719 -0.0534343 0.998357 -0.0206596 -3.90659 -0.990724 -0.0555915 -0.123992 114.352
-0.12561 0.0125901 0.992 448.334 -0.0513181 0.998498 -0.0191706 -3.99056 -0.99075 -0.0533155 -0.124775 114.021
-0.130359 0.00986894 0.991418 451.034 -0.0492977 0.998648 -0.0164229 -4.05368 -0.990239 -0.0510153 -0.129696 113.754
-0.128672 0.00555867 0.991672 453.723 -0.044535 0.998942 -0.0113779 -4.12468 -0.990686 -0.045628 -0.128288 113.386
-0.134548 0.00164831 0.990906 456.537 -0.0427109 0.999059 -0.00746124 -4.16002 -0.989985 -0.0433262 -0.13435 113.133
-0.136276 0.00194793 0.990669 459.167 -0.0484761 0.998786 -0.00863224 -4.23078 -0.989483 -0.0492 -0.136016 112.832
-0.134067 0.00889202 0.990932 461.76 -0.0540418 0.998405 -0.0162706 -4.27264 -0.989496 -0.055733 -0.133373 112.447
-0.133219 0.0111029 0.991024 464.303 -0.0598602 0.998021 -0.019228 -4.32892 -0.989276 -0.0618843 -0.13229 112.145
-0.129961 0.0127341 0.991437 466.969 -0.0631058 0.997783 -0.0210877 -4.38816 -0.989508 -0.0653059 -0.128869 111.831
-0.125678 0.0123337 0.991994 469.52 -0.060498 0.997966 -0.0200725 -4.47904 -0.990224 -0.0625362 -0.124675 111.473
-0.117822 0.0110961 0.992973 472.296 -0.0637697 0.997788 -0.0187165 -4.56667 -0.990984 -0.0655266 -0.116853 111.09
-0.116528 0.0138167 0.993091 474.879 -0.0641543 0.99771 -0.0214087 -4.65811 -0.991112 -0.0662056 -0.115375 110.819
-0.110815 0.0121216 0.993767 477.527 -0.0693863 0.997391 -0.0199031 -4.76193 -0.991415 -0.0711593 -0.109684 110.46
-0.111029 0.0101426 0.993765 480.176 -0.0777451 0.996794 -0.0188596 -4.85229 -0.99077 -0.0793542 -0.109884 110.211
-0.109489 0.0118939 0.993917 482.791 -0.0834425 0.996288 -0.0211142 -4.92146 -0.990478 -0.0852465 -0.10809 109.906
-0.107102 0.0125962 0.994168 485.415 -0.0861896 0.996037 -0.0219051 -5.00965 -0.990504 -0.0880329 -0.105591 109.62
-0.103584 0.0123193 0.994544 487.999 -0.0791783 0.996647 -0.0205918 -5.09755 -0.991463 -0.0808791 -0.102261 109.3
-0.10142 0.0099025 0.994794 490.685 -0.0779514 0.996796 -0.0178696 -5.17463 -0.991784 -0.0793578 -0.100323 109.032
-0.0938875 0.00977193 0.995535 493.422 -0.0794115 0.996692 -0.0172725 -5.22804 -0.99241 -0.0806784 -0.0928006 108.67
-0.0883766 0.0112955 0.996023 495.956 -0.0794767 0.996667 -0.0183547 -5.31864 -0.99291 -0.0807826 -0.0871841 108.347
-0.0847974 0.0116377 0.99633 498.455 -0.0824415 0.996421 -0.0186553 -5.42906 -0.992981 -0.0837207 -0.0835342 108.096
-0.0802252 0.0131716 0.99669 501.045 -0.0798857 0.996611 -0.0196007 -5.52666 -0.993569 -0.0811935 -0.0789008 107.83
-0.0809715 0.00899593 0.996676 503.766 -0.0802512 0.996653 -0.0155154 -5.64431 -0.993479 -0.0812406 -0.0799783 107.679
-0.0826529 0.00443949 0.996569 506.321 -0.0755308 0.997085 -0.0107061 -5.78324 -0.993711 -0.0761564 -0.0820764 107.52
-0.0819429 0.00591992 0.996619 509.068 -0.0753657 0.997082 -0.0121193 -5.79323 -0.993782 -0.0761038 -0.0812574 107.311
-0.0814967 0.00882413 0.996635 511.796 -0.0740026 0.997146 -0.01488 -5.79384 -0.993921 -0.0749661 -0.0806109 107.138
-0.0828784 0.00797632 0.996528 514.306 -0.068346 0.997567 -0.0136688 -5.8575 -0.994212 -0.0692413 -0.0821313 106.918
-0.0795448 0.00996144 0.996782 517.064 -0.0709037 0.99736 -0.0156254 -5.88013 -0.994305 -0.0719182 -0.0786282 106.702
-0.0765713 0.0126906 0.996983 519.815 -0.0713647 0.997284 -0.0181755 -5.93412 -0.994506 -0.0725409 -0.0754574 106.482
-0.0677029 0.0153931 0.997587 522.362 -0.0670057 0.997553 -0.01994 -6.02658 -0.995452 -0.0681938 -0.0665055 106.164
-0.0535504 0.0158783 0.998439 524.969 -0.0703565 0.997328 -0.0196341 -6.08178 -0.996082 -0.0712979 -0.0522899 105.873
-0.0485889 0.0139265 0.998722 527.566 -0.0669638 0.997607 -0.0171688 -6.18328 -0.99657 -0.0677122 -0.0475398 105.659
-0.048697 0.0163828 0.998679 530.084 -0.0699184 0.997356 -0.0197704 -6.22588 -0.996362 -0.0707886 -0.0474225 105.615
-0.0459576 0.0181477 0.998779 532.786 -0.0675256 0.997491 -0.0212314 -6.28027 -0.996657 -0.0684187 -0.0446167 105.449
-0.046942 0.0203345 0.998691 535.431 -0.0665856 0.997505 -0.0234401 -6.33886 -0.996674 -0.0675986 -0.0454707 105.375
-0.0455288 0.0217359 0.998727 538.208 -0.0653325 0.997557 -0.0246887 -6.39717 -0.996823 -0.0663732 -0.0439973 105.225
-0.0417368 0.020707 0.998914 540.853 -0.0653797 0.997585 -0.0234112 -6.47392 -0.996986 -0.0662857 -0.040282 105.092
-0.0400714 0.0202724 0.998991 543.411 -0.0639196 0.997694 -0.0228099 -6.56451 -0.997149 -0.064769 -0.038683 104.926
-0.0393806 0.0216794 0.998989 545.879 -0.0555954 0.998168 -0.0238532 -6.65122 -0.997675 -0.0564784 -0.0381029 104.795
-0.0369052 0.0219391 0.999078 548.613 -0.0580518 0.998023 -0.0240603 -6.744 -0.99763 -0.0588861 -0.0355584 104.696
-0.0379018 0.0231055 0.999014 551.38 -0.0599304 0.99788 -0.0253529 -6.8296 -0.997481 -0.0608321 -0.0364364 104.668
-0.0409117 0.0239754 0.998875 553.933 -0.0575223 0.997997 -0.0263103 -6.92154 -0.997504 -0.0585339 -0.0394504 104.619
-0.0390193 0.0247283 0.998932 556.61 -0.0541896 0.99817 -0.0268261 -7.00041 -0.997766 -0.0551783 -0.0376077 104.464
-0.0419268 0.0240697 0.998831 559.287 -0.057626 0.997987 -0.0264683 -7.11002 -0.997456 -0.0586682 -0.0404552 104.475
-0.0389384 0.0256213 0.998913 561.799 -0.0549365 0.998104 -0.027742 -7.2043 -0.997729 -0.0559569 -0.0374568 104.306
-0.0343351 0.0250554 0.999096 564.573 -0.0536428 0.998198 -0.0268764 -7.29994 -0.997968 -0.054517 -0.032929 104.132
-0.0310086 0.0248118 0.999211 567.247 -0.0518666 0.998304 -0.0263989 -7.38689 -0.998171 -0.0526442 -0.0296689 104.004
-0.0334217 0.0230113 0.999176 569.918 -0.0523717 0.998321 -0.0247433 -7.48566 -0.998067 -0.0531554 -0.0321602 104.004
-0.0333824 0.0236422 0.999163 572.577 -0.0506766 0.998394 -0.0253171 -7.58068 -0.998155 -0.0514792 -0.0321304 103.918
-0.0323068 0.0233022 0.999206 575.137 -0.0448609 0.998686 -0.0247405 -7.68692 -0.998469 -0.0456244 -0.0312188 103.799
-0.031847 0.0249687 0.999181 577.857 -0.0427105 0.99874 -0.026319 -7.73357 -0.998578 -0.0435136 -0.0307402 103.701
-0.0299681 0.0265831 0.999197 580.582 -0.0415876 0.998747 -0.0278184 -7.78652 -0.998684 -0.0423877 -0.0288248 103.606
-0.0313271 0.0262574 0.999164 583.211 -0.0398232 0.998828 -0.0274971 -7.8926 -0.998714 -0.0406511 -0.0302445 103.544
-0.0304079 0.0272476 0.999166 585.866 -0.0403882 0.998778 -0.0284661 -7.98499 -0.99872 -0.04122 -0.02927 103.484
-0.0216088 0.0264292 0.999417 588.444 -0.0351084 0.999013 -0.0271776 -8.09091 -0.999148 -0.0356751 -0.0206594 103.248
-0.0224069 0.024804 0.999441 591.099 -0.0339709 0.999095 -0.025557 -8.18673 -0.99917 -0.0345244 -0.0215438 103.194
-0.0210507 0.0257752 0.999446 593.77 -0.0340102 0.99907 -0.0264818 -8.25306 -0.999198 -0.0345487 -0.0201543 103.124
-0.0204167 0.027454 0.999414 596.376 -0.0299698 0.999156 -0.0280591 -8.36131 -0.999341 -0.030525 -0.0195765 103.024
-0.0243581 0.0313781 0.999211 599.111 -0.0327822 0.998944 -0.0321688 -8.45548 -0.999164 -0.0335398 -0.0233036 103.042
-0.0258079 0.0386549 0.998919 601.755 -0.0357791 0.998576 -0.0395659 -8.4529 -0.999025 -0.0367614 -0.0243879 103.056
-0.0268126 0.0364286 0.998976 604.261 -0.0317993 0.998798 -0.0372756 -8.57151 -0.999133 -0.0327661 -0.0256217 102.982
-0.0250184 0.0355902 0.999053 606.99 -0.03153 0.99884 -0.0363722 -8.68422 -0.999188 -0.03241 -0.023867 102.919
-0.0256582 0.0360569 0.99902 609.298 -0.0241189 0.999035 -0.0366769 -8.78682 -0.999378 -0.0250362 -0.0247636 102.76
-0.0264932 0.0388971 0.998892 611.966 -0.0258967 0.99888 -0.0395835 -8.88455 -0.999312 -0.0269165 -0.025456 102.731
-0.0259212 0.0398479 0.998869 614.661 -0.0237556 0.998898 -0.0404655 -9.02032 -0.99938 -0.0247775 -0.0249458 102.639
-0.0269198 0.0413533 0.998782 617.352 -0.0231245 0.99885 -0.0419794 -9.11958 -0.999369 -0.0242263 -0.0259323 102.586
-0.0219174 0.0422955 0.998865 620.122 -0.0251368 0.998765 -0.0428428 -9.21832 -0.999442 -0.0260472 -0.0208269 102.473
-0.0214713 0.0408772 0.998933 622.698 -0.0233051 0.998871 -0.0413756 -9.38363 -0.999496 -0.0241685 -0.0204942 102.41
-0.0246413 0.0430612 0.998768 625.428 -0.0258438 0.99871 -0.0436963 -9.47307 -0.999361 -0.0268886 -0.0234964 102.41
-0.0218364 0.0432732 0.998825 627.999 -0.0238129 0.998756 -0.0437908 -9.61872 -0.999476 -0.024741 -0.0207785 102.321
-0.0149458 0.0436633 0.998934 630.767 -0.0235342 0.998753 -0.0440075 -9.74177 -0.99961 -0.0241667 -0.0138994 102.208
-0.0223635 0.039638 0.998964 632.942 -0.0159972 0.999071 -0.0400004 -9.88402 -0.99962 -0.016875 -0.0217084 102.07
-0.019562 0.0387623 0.999057 635.575 -0.0145672 0.99913 -0.0390503 -10.0314 -0.999701 -0.0153173 -0.0189801 101.961
-0.0180411 0.0406201 0.999012 638.358 -0.0155285 0.999042 -0.0409018 -10.1503 -0.999715 -0.0162509 -0.0173928 101.917
-0.0260138 0.0420298 0.998778 640.997 -0.0143531 0.998996 -0.0424128 -10.2781 -0.999557 -0.0154387 -0.0253842 102.017
-0.0171526 0.042506 0.998949 643.703 -0.0102826 0.999035 -0.0426862 -10.4192 -0.999798 -0.0110038 -0.0166987 101.813
-0.0208348 0.0404989 0.998962 646.44 -0.0125506 0.999089 -0.0407658 -10.5744 -0.999703 -0.0133868 -0.0203073 101.874
-0.0201195 0.0404767 0.998978 649.026 -0.0116813 0.999102 -0.0407169 -10.6982 -0.999728 -0.0124885 -0.0196284 101.844
-0.0154834 0.0461747 0.998813 651.49 -0.0013982 0.99893 -0.0462018 -10.8586 -0.999877 -0.00211179 -0.0154021 101.816
-0.022441 0.0458009 0.998699 654.085 -0.00569997 0.998927 -0.0459395 -10.9934 -0.99973 -0.00672336 -0.0221556 101.924
-0.0257149 0.045784 0.99862 656.751 -0.00534168 0.998929 -0.0459357 -11.1424 -0.999653 -0.00651542 -0.0254426 101.917
-0.0259206 0.0451176 0.998645 659.378 -0.00569256 0.998957 -0.0452794 -11.3027 -0.999646 -0.0068584 -0.0256365 101.879
-0.0234755 0.044843 0.998718 662.119 -0.00828594 0.99895 -0.0450481 -11.4515 -0.999688 -0.00933272 -0.0230791 101.817
-0.0224446 0.0450684 0.998732 664.766 -0.00804665 0.998942 -0.0452587 -11.5834 -0.999714 -0.00905214 -0.0220579 101.736
-0.0232956 0.0467548 0.998635 667.314 -0.00713639 0.998872 -0.0469323 -11.7098 -0.999701 -0.00821984 -0.0229355 101.684
-0.0237473 0.0486517 0.998533 669.874 -0.00465173 0.998798 -0.0487753 -11.8589 -0.999706 -0.00580307 -0.0234923 101.605
-0.0225198 0.0504614 0.998472 672.6 -0.00445829 0.99871 -0.050574 -11.9874 -0.999735 -0.00559027 -0.0222656 101.529
-0.0207878 0.0498326 0.998541 675.332 -0.00373211 0.998746 -0.0499205 -12.1336 -0.999775 -0.00476428 -0.0205755 101.475
-0.0186834 0.0492612 0.998611 677.925 -0.00325561 0.998777 -0.0493303 -12.287 -0.999819 -0.00417262 -0.0184999 101.362
-0.0177677 0.0514373 0.998518 680.493 -0.00316534 0.998667 -0.0515013 -12.4414 -0.999835 -0.00407559 -0.017581 101.301
-0.0171936 0.0539797 0.998394 683.152 -0.00162804 0.998538 -0.0540155 -12.604 -0.999849 -0.00255403 -0.0170804 101.235
-0.0182892 0.0559672 0.998265 685.68 -0.00051406 0.998431 -0.0559859 -12.767 -0.999831 -0.00153699 -0.0182316 101.2
-0.0192404 0.0568061 0.9982 688.361 0.000538726 0.998384 -0.0568063 -12.9333 -0.999813 -0.000555101 -0.0192397 101.17
-0.0207211 0.0560147 0.998215 691.024 0.000655387 0.998429 -0.0560131 -13.1125 -0.999783 -0.000506319 -0.0207251 101.151
-0.0250047 0.0567459 0.998075 693.746 -0.00135899 0.998384 -0.0567975 -13.2649 -0.999685 -0.00277646 -0.024887 101.225
-0.0191765 0.0584326 0.998107 696.316 0.00319832 0.998289 -0.0583818 -13.4051 -0.999809 0.00207282 -0.0193304 101.021
-0.0174174 0.0600546 0.998043 698.965 0.00494041 0.998187 -0.059977 -13.5696 -0.999834 0.00388621 -0.0176823 100.943
-0.0199431 0.0611489 0.997929 701.677 0.00393357 0.998124 -0.0610823 -13.7588 -0.999792 0.00270737 -0.020146 100.987
-0.0167615 0.0615948 0.99796 704.247 0.00651329 0.998086 -0.0614931 -13.9313 -0.999837 0.00546941 -0.0171304 100.87
-0.0170085 0.0623149 0.997912 706.872 0.00823931 0.99803 -0.0621819 -14.1095 -0.99982 0.00716459 -0.0174882 100.831
-0.0171547 0.0627121 0.997884 709.423 0.0102632 0.997989 -0.0625422 -14.2975 -0.999798 0.00916871 -0.0177636 100.761
-0.0236933 0.0650005 0.997604 712.059 0.00896918 0.997857 -0.064804 -14.4711 -0.999677 0.00741238 -0.0242253 100.845
-0.0175017 0.0672125 0.997585 714.876 0.0106635 0.997693 -0.0670327 -14.6618 -0.999788 0.00946467 -0.0181779 100.696
-0.0190881 0.0692861 0.997414 717.556 0.0111735 0.997548 -0.0690815 -14.8328 -0.999754 0.00982613 -0.0198153 100.704
-0.0192224 0.0725672 0.997178 720.242 0.00930017 0.997332 -0.0723991 -14.9782 -0.99977 0.00788236 -0.0198458 100.682
-0.0190601 0.0720299 0.99722 722.782 0.0122464 0.997343 -0.0718047 -15.1988 -0.999742 0.0108439 -0.0198914 100.628
-0.0147062 0.0747108 0.997097 725.443 0.0131203 0.997132 -0.0745199 -15.4004 -0.999804 0.0119864 -0.015644 100.49
