1 0 0 0 0 1 0 0 0 0 1 0
0.999997 -0.000111637 -0.00263258 0.0457746 0.00011874 0.999996 0.00269812 -0.0318955 0.00263227 -0.00269842 0.999993 1.59359
0.99999 0.000115568 -0.00436843 0.0388723 -0.000103149 0.999996 0.0028432 -0.0380312 0.00436874 -0.00284272 0.999986 3.17324
0.999981 0.00184062 -0.005839 0.0337484 -0.00182948 0.999996 0.0019129 -0.0465609 0.0058425 -0.00190219 0.999981 4.73544
0.999972 0.00141375 -0.0073528 0.0172918 -0.0014022 0.999998 0.00157581 -0.0585785 0.00735501 -0.00156545 0.999972 6.28126
0.999967 0.00339337 -0.00744825 -0.0265173 -0.00339002 0.999994 0.000462729 -0.0585452 0.00744978 -0.000437464 0.999972 7.82472
0.999908 0.00195055 -0.0133913 0.0619514 -0.00195217 0.999998 -0.000108255 -0.0675666 0.013391 0.000134388 0.999911 9.39234
0.999905 0.000965179 -0.013743 0.0171508 -0.000992308 0.999998 -0.00196735 -0.0777579 0.013741 0.0019808 0.999904 10.9145
0.999926 -0.00089677 -0.0121295 -0.0728658 0.00087309 0.999998 -0.00195738 -0.0938959 0.0121312 0.00194665 0.999925 12.4361
0.99994 -0.000676103 -0.0109674 -0.13701 0.000648589 0.999997 -0.0025121 -0.109071 0.0109691 0.00250483 0.999937 13.9094
0.99995 -0.000275333 -0.0100227 -0.195793 0.000246375 0.999996 -0.00289034 -0.126992 0.0100234 0.00288773 0.999946 15.4334
0.999957 0.000816082 -0.00926158 -0.253416 -0.000833494 0.999998 -0.00187624 -0.155335 0.00926003 0.00188388 0.999956 16.998
0.999955 0.00276324 -0.00910398 -0.291945 -0.00277519 0.999995 -0.00130065 -0.172509 0.00910034 0.00132586 0.999958 18.5342
0.999938 0.00213915 -0.010949 -0.287833 -0.00215097 0.999997 -0.00106817 -0.180763 0.0109467 0.00109165 0.99994 20.0473
0.999921 0.00173879 -0.0124218 -0.289175 -0.00175841 0.999997 -0.0015687 -0.1955 0.0124191 0.00159042 0.999922 21.545
0.999904 0.00199436 -0.0137 -0.291848 -0.00202328 0.999996 -0.0020975 -0.204633 0.0136958 0.00212502 0.999904 23.071
0.999902 0.0029162 -0.0137032 -0.315331 -0.00294734 0.999993 -0.00225273 -0.216159 0.0136966 0.0022929 0.999904 24.5762
0.999913 0.0023616 -0.0129544 -0.349177 -0.00237781 0.999996 -0.00123603 -0.242277 0.0129515 0.00126673 0.999916 26.0186
0.999913 0.00168112 -0.0131045 -0.367856 -0.00172423 0.999993 -0.00327902 -0.254463 0.0130989 0.00330133 0.999909 27.5052
0.999928 0.00320442 -0.0115353 -0.421061 -0.0032721 0.999977 -0.00585333 -0.265382 0.0115163 0.00589066 0.999917 29.0183
0.999931 0.00236575 -0.0114659 -0.446923 -0.00243227 0.99998 -0.00579037 -0.300533 0.011452 0.00581787 0.999918 30.446
0.999909 0.000918016 -0.0134355 -0.431463 -0.000951898 0.999996 -0.00251555 -0.337321 0.0134332 0.00252811 0.999907 31.895
0.999913 3.25504e-05 -0.0131921 -0.455097 -4.90304e-05 0.999999 -0.00124885 -0.365011 0.013192 0.00124939 0.999912 33.2955
0.999923 9.98588e-06 -0.0124316 -0.488212 -4.24796e-05 0.999996 -0.00261348 -0.383988 0.0124315 0.00261381 0.99992 34.7041
0.999924 -0.000749706 -0.012325 -0.499088 0.000699506 0.999991 -0.00407681 -0.413479 0.012328 0.00406788 0.999916 36.1365
0.999935 0.000591772 -0.0113517 -0.533559 -0.000645727 0.999988 -0.00474988 -0.439414 0.0113488 0.00475691 0.999925 37.5503
0.999946 0.00174774 -0.0101815 -0.56093 -0.00180474 0.999983 -0.00559128 -0.465079 0.0101716 0.00560936 0.999933 38.9641
0.999958 0.00315427 -0.00860131 -0.589853 -0.00319196 0.999985 -0.00437211 -0.496742 0.0085874 0.00439939 0.999954 40.3146
0.999967 0.00341085 -0.00737293 -0.605897 -0.00343152 0.99999 -0.00279286 -0.520153 0.00736333 0.00281807 0.999969 41.6401
0.999977 0.00300728 -0.00602991 -0.616596 -0.00301892 0.999994 -0.00192196 -0.543757 0.00602409 0.00194012 0.99998 42.9559
0.999982 0.00347164 -0.00480648 -0.603579 -0.00347827 0.999993 -0.00137145 -0.564254 0.00480168 0.00138814 0.999988 44.333
0.999992 0.00372764 -0.0012991 -0.611845 -0.00373062 0.99999 -0.00230325 -0.588621 0.0012905 0.00230808 0.999997 45.6259
0.999992 0.00334263 0.00198328 -0.609164 -0.00333467 0.999986 -0.00400128 -0.614464 -0.00199663 0.00399464 0.99999 46.959
0.999977 0.00346407 0.00586706 -0.618366 -0.00343011 0.999977 -0.00579026 -0.640485 -0.00588699 0.00577001 0.999966 48.2229
0.999926 0.00432468 0.0113226 -0.633021 -0.00426262 0.999976 -0.00549979 -0.66235 -0.0113461 0.00545112 0.999921 49.4687
0.999848 0.00414228 0.0169534 -0.61863 -0.00404722 0.999976 -0.00563776 -0.689703 -0.0169764 0.00556829 0.999841 50.7071
0.999702 0.00581903 0.0237091 -0.602807 -0.00565059 0.999958 -0.00716532 -0.706105 -0.0237498 0.00702922 0.999694 51.9475
0.999486 0.00702199 0.0312709 -0.571975 -0.00679779 0.99995 -0.00727014 -0.7296 -0.0313204 0.00705383 0.999485 53.1627
0.999196 0.00796594 0.0393005 -0.528023 -0.00770899 0.999948 -0.00668551 -0.750748 -0.0393517 0.00637717 0.999205 54.3684
0.998691 0.0102272 0.0501202 -0.478239 -0.00991155 0.999929 -0.00654163 -0.769666 -0.0501835 0.0060363 0.998722 55.5722
0.997903 0.013632 0.0632739 -0.416207 -0.0132224 0.999889 -0.00688814 -0.790407 -0.0633608 0.00603707 0.997973 56.7454
0.996782 0.0160553 0.0785298 -0.349132 -0.0155605 0.999855 -0.0069089 -0.811798 -0.0786294 0.00566472 0.996888 57.8783
0.995366 0.0178502 0.0944837 -0.241519 -0.0173996 0.999833 -0.00559061 -0.834769 -0.0945678 0.00392072 0.995511 59.0425
0.993505 0.0179153 0.112372 -0.124197 -0.0174794 0.999835 -0.00486357 -0.860539 -0.112441 0.00286779 0.993655 60.1592
0.991196 0.0178851 0.131186 0.0241548 -0.0172432 0.999833 -0.00602701 -0.878514 -0.131272 0.00371187 0.99134 61.3039
0.98834 0.0170539 0.151303 0.180395 -0.0161722 0.999844 -0.00705615 -0.905395 -0.1514 0.00452697 0.988463 62.361
0.984951 0.0148768 0.17219 0.355471 -0.0138088 0.999877 -0.00739884 -0.931095 -0.172279 0.00490975 0.985036 63.4238
0.980697 0.0100785 0.195275 0.541342 -0.00915237 0.999942 -0.0056445 -0.957536 -0.195321 0.00374831 0.980733 64.4602
0.975994 0.00435635 0.217752 0.78547 -0.00351784 0.999985 -0.00423827 -0.982828 -0.217768 0.00337051 0.975995 65.5102
0.970389 -0.000927775 0.241548 1.04253 0.00213709 0.999986 -0.00474457 -1.00569 -0.24154 0.00512028 0.970378 66.5431
0.96377 -0.00596031 0.266669 1.32732 0.00800848 0.999946 -0.00659369 -1.02362 -0.266616 0.00849042 0.963766 67.589
0.95599 -0.0096052 0.29324 1.62384 0.0117734 0.999915 -0.0056296 -1.04993 -0.293161 0.00883427 0.956023 68.5694
0.946708 -0.0121624 0.321862 1.94185 0.0141548 0.999892 -0.00385083 -1.06096 -0.321781 0.00820153 0.946779 69.5777
0.936455 -0.0166738 0.350392 2.28077 0.018206 0.999834 -0.00107886 -1.08256 -0.350316 0.00738954 0.936603 70.5029
0.925147 -0.0197643 0.379095 2.6558 0.0221473 0.999753 -0.00192576 -1.09589 -0.378964 0.0101775 0.925356 71.4218
0.912943 -0.0187414 0.407656 3.06356 0.0231672 0.999714 -0.00592221 -1.11152 -0.407428 0.0148509 0.913117 72.3216
0.899859 -0.020251 0.435712 3.50472 0.027971 0.999545 -0.0113104 -1.13027 -0.435284 0.0223651 0.900016 73.1961
0.885555 -0.022649 0.463982 3.96244 0.0326341 0.999376 -0.0135014 -1.15554 -0.463387 0.0270979 0.885742 74.0452
0.869762 -0.0232507 0.492924 4.45357 0.0325646 0.999416 -0.0103187 -1.17363 -0.492397 0.0250268 0.870012 74.8979
0.852258 -0.0225883 0.522635 4.97921 0.0295449 0.999551 -0.00497807 -1.1881 -0.522288 0.0196838 0.852543 75.7267
0.832146 -0.0234166 0.554061 5.47202 0.0286629 0.999589 -0.000802729 -1.22285 -0.553815 0.016549 0.832476 76.4873
0.810442 -0.0169394 0.585574 6.02161 0.0248538 0.999676 -0.00547948 -1.24064 -0.585292 0.0189945 0.810601 77.2816
0.788018 -0.0100362 0.61557 6.60596 0.0224437 0.999671 -0.0124325 -1.25598 -0.615243 0.0236127 0.787984 78.05
0.765148 -0.00784022 0.643806 7.2073 0.0222542 0.99965 -0.014275 -1.27492 -0.64347 0.0252499 0.765056 78.7764
0.741771 -0.0105871 0.670569 7.83647 0.0240448 0.999652 -0.0108151 -1.29871 -0.670222 0.024146 0.741768 79.4507
0.717184 -0.0113796 0.696791 8.46751 0.0250887 0.99964 -0.00949742 -1.33366 -0.696432 0.024293 0.717212 80.0665
0.691364 -0.00982576 0.72244 9.13383 0.0262451 0.999589 -0.0115209 -1.36668 -0.72203 0.0269257 0.691338 80.7104
0.665106 -0.0080397 0.746706 9.84077 0.0271063 0.999543 -0.0133821 -1.3906 -0.746257 0.029141 0.66502 81.3279
0.638629 -0.0059307 0.769492 10.5514 0.0261957 0.999558 -0.0140368 -1.41008 -0.769069 0.0291217 0.638503 81.8774
0.61124 -0.00448312 0.791432 11.3086 0.0267319 0.99953 -0.0149837 -1.42916 -0.790994 0.0303152 0.611073 82.4259
0.582819 0.00191996 0.8126 12.0728 0.0258487 0.999448 -0.0209008 -1.45356 -0.812191 0.033186 0.582447 82.9509
0.55383 0.0104331 0.832564 12.827 0.025709 0.999231 -0.0296235 -1.48715 -0.832233 0.0378108 0.553136 83.3988
0.524384 0.0184539 0.851282 13.6546 0.0256987 0.998967 -0.0374857 -1.51248 -0.851094 0.0415337 0.523369 83.8652
0.492297 0.0228694 0.870127 14.4408 0.0235302 0.99894 -0.0395679 -1.56054 -0.870109 0.0399535 0.491237 84.3181
0.460181 0.0223434 0.887544 15.2778 0.0223509 0.999075 -0.0367398 -1.59656 -0.887544 0.0367444 0.459257 84.7427
0.427545 0.0211726 0.903746 16.1544 0.0183466 0.999317 -0.0320911 -1.62965 -0.903808 0.030301 0.426865 85.1523
0.394462 0.0230945 0.918622 17.0027 0.0143892 0.999407 -0.0313043 -1.65486 -0.9188 0.0255666 0.393896 85.4749
0.360882 0.0266078 0.932232 17.8815 0.00757505 0.999476 -0.0314595 -1.67702 -0.932581 0.0184149 0.360492 85.771
0.326819 0.0289223 0.944644 18.8237 0.00324162 0.999492 -0.0317231 -1.70159 -0.945082 0.0134299 0.326559 86.0634
0.293154 0.0287615 0.955633 19.7173 0.00100971 0.999538 -0.0303926 -1.72951 -0.956065 0.00987463 0.292989 86.2714
0.258941 0.0285695 0.96547 20.6529 0.000951439 0.999555 -0.0298333 -1.75946 -0.965893 0.00864366 0.258799 86.4758
0.223778 0.0283743 0.974227 21.5936 0.00194466 0.999561 -0.0295588 -1.78985 -0.974638 0.00850916 0.223625 86.6728
0.189212 0.0272107 0.981559 22.5183 0.00443458 0.999582 -0.0285651 -1.82402 -0.981927 0.00975766 0.189012 86.8293
0.155958 0.0260204 0.987421 23.4689 0.0133893 0.999506 -0.0284536 -1.86247 -0.987673 0.0176584 0.155533 86.9366
0.123705 0.0292183 0.991889 24.4234 0.0162171 0.999374 -0.0314613 -1.90262 -0.992187 0.0199775 0.123153 87.0127
0.0921724 0.0338357 0.995168 25.4218 0.0181294 0.9992 -0.0356519 -1.94238 -0.995578 0.0213279 0.0914854 87.0861
0.0636765 0.0375332 0.997265 26.3795 0.0256864 0.9989 -0.0392348 -1.98781 -0.99764 0.0281145 0.0626425 87.1244
0.0388488 0.0358863 0.9986 27.3132 0.0281316 0.99892 -0.0369922 -2.03031 -0.998849 0.0295293 0.0377974 87.1397
0.0167894 0.0324531 0.999332 28.3404 0.0301599 0.999002 -0.0329491 -2.07406 -0.999404 0.030693 0.0157939 87.1526
-0.00261973 0.0304417 0.999533 29.3448 0.0302906 0.999081 -0.0303485 -2.10917 -0.999538 0.030197 -0.00353934 87.1579
-0.0191068 0.0335243 0.999255 30.3584 0.0325029 0.998931 -0.0328919 -2.15156 -0.999289 0.0318502 -0.0201759 87.1341
-0.034124 0.0379056 0.998698 31.3513 0.0355607 0.998694 -0.0366904 -2.1911 -0.998785 0.0342624 -0.0354273 87.0973
-0.0458976 0.0429704 0.998021 32.3534 0.0402784 0.998342 -0.0411319 -2.2376 -0.998134 0.0383109 -0.0475522 87.0445
-0.0548473 0.046429 0.997415 33.3906 0.0455763 0.997994 -0.0439497 -2.28396 -0.997454 0.0430479 -0.0568533 86.9795
-0.061436 0.0521297 0.996749 34.362 0.0495739 0.997562 -0.0491167 -2.33598 -0.996879 0.0463952 -0.0638704 86.9188
-0.0653884 0.0570421 0.996228 35.3733 0.0517828 0.997214 -0.0536997 -2.39106 -0.996516 0.0480762 -0.0681599 86.8529
-0.0687958 0.061652 0.995724 36.3616 0.0536475 0.996873 -0.0580166 -2.44596 -0.996188 0.0494268 -0.071888 86.785
-0.0720512 0.0647988 0.995294 37.3694 0.0537469 0.99669 -0.0609989 -2.50897 -0.995952 0.0490989 -0.0752954 86.7202
-0.0751714 0.0688151 0.994793 38.3285 0.0547549 0.996396 -0.0647884 -2.57025 -0.995666 0.0495996 -0.0786683 86.6409
-0.077996 0.0725516 0.99431 39.3537 0.0563842 0.996073 -0.0682574 -2.64142 -0.995358 0.0507396 -0.0817804 86.5798
-0.0814688 0.0744199 0.993894 40.3535 0.0586793 0.995837 -0.0697555 -2.71189 -0.994947 0.052638 -0.0854964 86.5099
-0.0843185 0.0727967 0.993776 41.3657 0.0586583 0.995961 -0.0679798 -2.79859 -0.994711 0.0525613 -0.088248 86.4302
-0.0869018 0.0735283 0.9935 42.4273 0.0579839 0.995956 -0.0686382 -2.85657 -0.994528 0.0516422 -0.0908137 86.3421
-0.0885589 0.0768789 0.9931 43.459 0.057981 0.995725 -0.0719117 -2.90287 -0.994382 0.0512125 -0.0926377 86.2323
-0.0909289 0.0805762 0.992592 44.5305 0.0563896 0.995539 -0.0756497 -2.95994 -0.99426 0.0490931 -0.0950668 86.134
-0.0935852 0.08405 0.992057 45.5698 0.0551396 0.995339 -0.0791265 -3.03084 -0.994083 0.0472965 -0.0977833 86.0341
-0.0954784 0.0880157 0.991533 46.5978 0.0525788 0.995139 -0.0832728 -3.11497 -0.994042 0.0441828 -0.0996419 85.9245
-0.0989136 0.0912941 0.990899 47.6536 0.0493742 0.995007 -0.0867438 -3.22264 -0.993871 0.0403447 -0.102927 85.8432
-0.101222 0.0941693 0.990397 48.7494 0.0467796 0.99486 -0.0898126 -3.31182 -0.993764 0.0372393 -0.105107 85.7208
-0.103748 0.0931078 0.990236 49.8301 0.0442356 0.995056 -0.0889264 -3.4017 -0.99362 0.0345778 -0.107353 85.5973
-0.106832 0.0891708 0.99027 50.9343 0.0406974 0.995528 -0.0852538 -3.49567 -0.993444 0.0311936 -0.109983 85.4766
-0.109872 0.0879692 0.990045 51.9993 0.0402957 0.995651 -0.0839954 -3.58525 -0.993129 0.0306659 -0.112939 85.3715
-0.112256 0.0888362 0.9897 53.0871 0.0387584 0.99563 -0.0849722 -3.6744 -0.992923 0.0288205 -0.115209 85.2567
-0.113021 0.0920422 0.98932 54.1963 0.0397892 0.995321 -0.0880549 -3.76367 -0.992796 0.0294122 -0.116155 85.1194
-0.113299 0.0949899 0.98901 55.2829 0.0403016 0.99504 -0.0909521 -3.86123 -0.992743 0.0295539 -0.116565 84.9874
-0.113528 0.0959932 0.988887 56.3783 0.0386779 0.994994 -0.0921457 -3.96161 -0.992782 0.027787 -0.116672 84.8566
-0.113464 0.0952573 0.988965 57.4929 0.0357003 0.995142 -0.0917564 -4.06077 -0.992901 0.0248953 -0.116313 84.7331
-0.113837 0.095184 0.988929 58.5787 0.0313847 0.995248 -0.0921794 -4.16215 -0.993004 0.0205438 -0.116284 84.6025
-0.113527 0.0965059 0.988837 59.7159 0.02745 0.995196 -0.0939751 -4.2669 -0.993156 0.0164749 -0.11563 84.4588
-0.11407 0.0966899 0.988756 60.8082 0.0231792 0.995241 -0.0946499 -4.37722 -0.993203 0.0121218 -0.115768 84.3379
-0.113988 0.0961826 0.988815 61.9229 0.0195357 0.995327 -0.094564 -4.48681 -0.99329 0.00853794 -0.115335 84.196
-0.114585 0.091175 0.98922 63.038 0.0196652 0.995793 -0.0895028 -4.59235 -0.993219 0.00919748 -0.115896 84.0693
-0.115604 0.0828851 0.989831 64.1354 0.0225416 0.996475 -0.0808088 -4.69146 -0.99304 0.0129706 -0.117064 83.9519
-0.115593 0.077347 0.99028 65.255 0.0277992 0.996825 -0.0746132 -4.79084 -0.992908 0.0189043 -0.117376 83.8135
-0.115175 0.0793983 0.990167 66.3403 0.0359714 0.99648 -0.0757204 -4.88705 -0.992694 0.0268966 -0.117626 83.678
-0.11389 0.0847471 0.989872 67.4753 0.0417997 0.995882 -0.0804524 -4.98205 -0.992614 0.0322136 -0.116963 83.5286
-0.112921 0.0902865 0.989493 68.6086 0.0452306 0.995298 -0.0856544 -5.08355 -0.992574 0.0350832 -0.116474 83.3822
-0.112398 0.0944745 0.989162 69.7263 0.0457511 0.994907 -0.0898245 -5.19007 -0.99261 0.0351591 -0.116148 83.2441
-0.112465 0.0916304 0.989422 70.8621 0.0422837 0.995279 -0.0873666 -5.29326 -0.992756 0.0320108 -0.115808 83.1098
-0.112734 0.0876671 0.98975 71.9466 0.0408661 0.995667 -0.0835364 -5.39554 -0.992785 0.0310299 -0.115828 82.999
-0.112126 0.0852289 0.990032 73.1317 0.0377968 0.99596 -0.0814585 -5.49751 -0.992975 0.0282865 -0.114895 82.839
-0.112135 0.0855205 0.990006 74.2661 0.0356624 0.995995 -0.0819984 -5.60144 -0.993053 0.0261111 -0.114735 82.7126
-0.11224 0.0902502 0.989574 75.4182 0.0359706 0.995584 -0.0867184 -5.70713 -0.99303 0.0258622 -0.114991 82.5768
-0.112795 0.0928386 0.989271 76.5609 0.0348655 0.995382 -0.0894368 -5.81094 -0.993007 0.0244035 -0.115511 82.4649
-0.11255 0.0917778 0.989398 77.749 0.0345049 0.995486 -0.0884174 -5.91208 -0.993047 0.0241877 -0.115208 82.3229
-0.113136 0.0855346 0.989891 78.8842 0.0348465 0.996017 -0.0820812 -6.01351 -0.992968 0.0252079 -0.115666 82.2171
-0.113253 0.084119 0.989999 80.0279 0.0336218 0.996164 -0.0807966 -6.11583 -0.992997 0.0241352 -0.115646 82.0763
-0.112857 0.0868861 0.989805 81.1897 0.0305457 0.996002 -0.0839473 -6.22129 -0.993142 0.0207603 -0.11506 81.9315
-0.112456 0.0896769 0.989601 82.3837 0.0300074 0.995772 -0.086826 -6.32953 -0.993204 0.0199313 -0.114672 81.7858
-0.113209 0.0889633 0.98958 83.5801 0.0295565 0.995844 -0.0861452 -6.43875 -0.993132 0.0194961 -0.115368 81.6616
-0.113362 0.0854207 0.989875 84.7602 0.0292649 0.996152 -0.082611 -6.5478 -0.993123 0.0196036 -0.115425 81.5299
-0.113011 0.0842795 0.990012 85.9473 0.0301333 0.996229 -0.081369 -6.65412 -0.993137 0.0206368 -0.115124 81.4
-0.111859 0.0848574 0.990094 87.1662 0.0318715 0.996141 -0.081775 -6.75862 -0.993213 0.0224086 -0.114131 81.2589
-0.111013 0.0852428 0.990156 88.372 0.0341416 0.996054 -0.0819227 -6.86137 -0.993232 0.0247111 -0.113485 81.1234
-0.110415 0.0848286 0.990258 89.5601 0.0335584 0.996101 -0.0815873 -6.96685 -0.993319 0.0242231 -0.112831 80.9935
-0.1097 0.0857315 0.99026 90.7591 0.0348947 0.995992 -0.082362 -7.072 -0.993352 0.0255197 -0.112252 80.8597
-0.107934 0.0836745 0.99063 91.959 0.0347248 0.996161 -0.0803583 -7.18362 -0.993552 0.0257261 -0.110425 80.7034
-0.107632 0.0824724 0.990764 93.1866 0.0332648 0.996294 -0.079319 -7.29166 -0.993634 0.0244204 -0.109976 80.5822
-0.106028 0.0817252 0.990998 94.3664 0.034117 0.996329 -0.0785146 -7.39749 -0.993778 0.0254851 -0.108427 80.4421
-0.105208 0.0824048 0.99103 95.6098 0.0324752 0.996314 -0.0793966 -7.50277 -0.99392 0.0238308 -0.107496 80.3214
-0.104391 0.0849138 0.990904 96.8268 0.0330719 0.996094 -0.0818744 -7.60903 -0.993986 0.0242242 -0.106791 80.2
-0.103723 0.0838789 0.991062 98.0625 0.0307556 0.996232 -0.0810976 -7.7149 -0.99413 0.022069 -0.105912 80.0808
-0.106422 0.0841255 0.990755 99.31 0.0253394 0.996321 -0.0818761 -7.80061 -0.993998 0.0163918 -0.108162 80.0126
-0.107155 0.0850828 0.990595 100.539 0.0224742 0.996285 -0.0831404 -7.91011 -0.993988 0.013354 -0.108668 79.8939
-0.106479 0.0855359 0.990628 101.782 0.0194889 0.996281 -0.0839292 -7.99766 -0.994124 0.0103696 -0.10775 79.7419
-0.106834 0.0840252 0.990719 103.013 0.0173994 0.996428 -0.0826331 -8.09312 -0.994124 0.00840988 -0.107915 79.5914
-0.10825 0.0830159 0.990651 104.282 0.0152112 0.996529 -0.0818463 -8.20028 -0.994007 0.00620916 -0.109137 79.4594
-0.109232 0.0826928 0.99057 105.553 0.0135324 0.996565 -0.081701 -8.3082 -0.993924 0.00448038 -0.109976 79.3194
-0.110515 0.0833422 0.990373 106.818 0.0137707 0.996511 -0.082322 -8.41555 -0.993779 0.0045403 -0.111277 79.1759
-0.112246 0.0824462 0.990254 108.1 0.0131215 0.996588 -0.0814862 -8.51813 -0.993594 0.00384708 -0.112945 79.0261
-0.115114 0.0776725 0.99031 109.322 0.010497 0.996978 -0.0769752 -8.62961 -0.993297 0.00153435 -0.115581 78.882
-0.117781 0.0797223 0.989834 110.576 0.00906452 0.996817 -0.0792061 -8.70444 -0.992998 -0.000356617 -0.118129 78.7125
-0.123365 0.0858467 0.988641 111.82 0.00394454 0.996286 -0.0860183 -8.81357 -0.992353 -0.00671189 -0.123245 78.5699
-0.12991 0.0887592 0.987544 113.066 0.00508983 0.996032 -0.0888525 -8.93333 -0.991513 -0.00651642 -0.129847 78.4035
-0.139298 0.08424 0.98666 114.366 0.00703139 0.996434 -0.0840818 -9.05565 -0.990225 -0.00477482 -0.139393 78.2227
-0.149602 0.0818528 0.985352 115.578 0.0087754 0.996638 -0.0814579 -9.17463 -0.988707 -0.0035394 -0.149817 78.0326
-0.163071 0.0828037 0.983133 116.741 0.00815027 0.996551 -0.0825819 -9.28645 -0.986581 -0.00545389 -0.163183 77.8463
-0.176758 0.0831256 0.980737 117.946 0.0103757 0.99653 -0.082594 -9.39865 -0.984199 -0.00442328 -0.177007 77.6325
-0.19213 0.0810265 0.978018 119.151 0.0106717 0.9967 -0.0804777 -9.51061 -0.981311 -0.00502501 -0.19236 77.4127
-0.207202 0.0838248 0.9747 120.371 0.0123945 0.996468 -0.083062 -9.6006 -0.978219 -0.00512964 -0.207509 77.1407
-0.221988 0.0874209 0.971122 121.535 0.0131995 0.996151 -0.0866567 -9.71092 -0.97496 -0.00641841 -0.222287 76.8684
-0.236412 0.0913275 0.967351 122.705 0.0131434 0.995783 -0.0907995 -9.82464 -0.971564 -0.0087518 -0.236615 76.5719
-0.251343 0.0894929 0.963751 123.904 0.0106152 0.995912 -0.0897107 -9.94373 -0.96784 -0.0123177 -0.251265 76.2478
-0.268121 0.0836699 0.959745 125.124 0.00548063 0.996338 -0.0853289 -10.0657 -0.963369 -0.0176184 -0.267597 75.9442
-0.282682 0.079634 0.955902 126.288 0.00186573 0.996592 -0.082472 -10.1819 -0.959212 -0.0215299 -0.281867 75.5887
-0.297074 0.0810839 0.951405 127.47 0.000643131 0.996405 -0.0847182 -10.2957 -0.954854 -0.0245557 -0.296058 75.2175
-0.310236 0.0831967 0.947012 128.625 0.00100829 0.996192 -0.0871869 -10.409 -0.950659 -0.0260936 -0.309138 74.8255
-0.323563 0.0856973 0.942317 129.777 0.00317107 0.995983 -0.0894889 -10.5251 -0.946201 -0.0259671 -0.322534 74.4239
-0.336979 0.0858606 0.937588 130.926 0.00585341 0.996005 -0.0891064 -10.6412 -0.941494 -0.0245389 -0.336136 74.0032
-0.350901 0.083868 0.932649 132.049 0.00589422 0.996159 -0.0873615 -10.7603 -0.936394 -0.025158 -0.350047 73.5873
-0.365172 0.0825799 0.927269 133.182 0.00587359 0.996243 -0.0864093 -10.8764 -0.930921 -0.0261078 -0.364285 73.1444
-0.379605 0.0839438 0.921332 134.319 0.00487405 0.996043 -0.0887426 -10.9929 -0.925136 -0.0291965 -0.378512 72.677
-0.394361 0.0860788 0.914915 135.415 0.00619335 0.99583 -0.091022 -11.1108 -0.918935 -0.0302291 -0.393249 72.2096
-0.408795 0.0879465 0.908378 136.481 0.00789336 0.995649 -0.0928436 -11.2292 -0.912592 -0.0307838 -0.407711 71.7355
-0.423216 0.0904139 0.901506 137.577 0.010563 0.995433 -0.0948752 -11.3515 -0.905967 -0.0306301 -0.422238 71.2249
-0.437934 0.0937561 0.894104 138.679 0.0106105 0.995017 -0.0991408 -11.4765 -0.898944 -0.0339302 -0.436746 70.6955
-0.452497 0.0961557 0.886566 139.776 0.0119478 0.994734 -0.101789 -11.6012 -0.891686 -0.0354668 -0.451263 70.1322
-0.467024 0.0937978 0.879255 140.827 0.0112183 0.994906 -0.100177 -11.7268 -0.884173 -0.0369211 -0.465698 69.564
-0.482302 0.0898769 0.871382 141.877 0.00901771 0.995179 -0.0976545 -11.8512 -0.875958 -0.0392411 -0.480787 68.9758
-0.49826 0.0902629 0.862316 142.968 0.00902304 0.995052 -0.0989434 -11.976 -0.86698 -0.0415188 -0.496609 68.359
-0.514326 0.0896369 0.852897 144.091 0.00840362 0.995002 -0.099504 -12.1024 -0.857553 -0.0440101 -0.512509 67.7171
-0.5283 0.0886198 0.84442 145.075 0.00839677 0.995035 -0.0991732 -12.2336 -0.849016 -0.0453027 -0.526421 67.0584
-0.542374 0.0883151 0.835482 146.094 0.00764325 0.994937 -0.100209 -12.3648 -0.840102 -0.0479648 -0.540303 66.3684
-0.556782 0.0879569 0.825988 147.141 0.0078839 0.994893 -0.100629 -12.4947 -0.830621 -0.0495163 -0.554632 65.6568
-0.570984 0.0855924 0.816487 148.166 0.00793326 0.995079 -0.0987664 -12.6233 -0.820923 -0.0499166 -0.568853 64.9267
-0.585327 0.082583 0.80658 149.19 0.00889708 0.995394 -0.0954585 -12.7522 -0.810748 -0.0486982 -0.583365 64.1811
-0.599628 0.0810572 0.796163 150.162 0.0100317 0.99554 -0.0938004 -12.8782 -0.800216 -0.0482584 -0.597767 63.4498
-0.613556 0.0798981 0.785598 151.167 0.00986727 0.995566 -0.0935462 -13.0001 -0.789589 -0.0496441 -0.611624 62.6562
-0.627501 0.0812026 0.774369 152.165 0.00890035 0.99523 -0.0971504 -13.1239 -0.778564 -0.0540698 -0.62523 61.8351
-0.642604 0.0810704 0.761897 153.157 0.00759529 0.995012 -0.0994691 -13.2507 -0.766161 -0.0581324 -0.640014 61.0017
-0.658144 0.0782276 0.748816 154.114 0.00641968 0.995134 -0.0983177 -13.3788 -0.752864 -0.0599001 -0.655444 60.1715
-0.673711 0.0713731 0.735539 155.051 0.00376272 0.995643 -0.0931659 -13.5065 -0.738985 -0.0599993 -0.671045 59.3138
-0.689333 0.0698324 0.72107 155.944 0.00439191 0.995728 -0.0922331 -13.6358 -0.724431 -0.0604125 -0.686695 58.4329
-0.706683 0.0668171 0.704367 156.847 0.00238486 0.99575 -0.0920653 -13.7567 -0.707526 -0.0633812 -0.703839 57.5411
-0.723702 0.0637341 0.687162 157.74 0.00028403 0.995754 -0.0920568 -13.8818 -0.690111 -0.0664265 -0.720648 56.5996
-0.740595 0.0623712 0.66905 158.614 0.00130953 0.995815 -0.0913839 -14.003 -0.67195 -0.0668023 -0.737577 55.6481
-0.756548 0.0645934 0.650739 159.442 0.00366885 0.995513 -0.0945508 -14.1291 -0.653927 -0.0691448 -0.753391 54.6959
-0.771013 0.0641878 0.633575 160.265 0.007651 0.995769 -0.0915711 -14.2607 -0.636773 -0.065755 -0.768242 53.6677
-0.785349 0.0659191 0.615532 161.04 0.012281 0.995778 -0.0909716 -14.3884 -0.61893 -0.0638851 -0.782843 52.6626
-0.799199 0.0675072 0.597262 161.811 0.0151127 0.995616 -0.0923098 -14.527 -0.600875 -0.0647477 -0.796716 51.5872
-0.813572 0.0692293 0.577328 162.55 0.0166174 0.99525 -0.0959263 -14.6569 -0.581227 -0.0684492 -0.810857 50.5743
-0.826026 0.0697809 0.559295 163.249 0.0199309 0.995302 -0.0947437 -14.7974 -0.563279 -0.0671135 -0.823536 49.4994
-0.837813 0.0691908 0.541554 163.927 0.0229779 0.995527 -0.0916438 -14.9217 -0.545473 -0.0643366 -0.835655 48.4346
-0.848314 0.0715314 0.524639 164.58 0.0264737 0.995323 -0.0928999 -15.0465 -0.528831 -0.0649191 -0.84624 47.355
-0.857654 0.0742753 0.508833 165.182 0.0288017 0.994898 -0.096681 -15.1429 -0.513419 -0.0682636 -0.855418 46.2538
-0.867639 0.0721401 0.491932 165.816 0.0275267 0.99487 -0.0973443 -15.2813 -0.496431 -0.0709185 -0.865174 45.178
-0.876014 0.0697821 0.47721 166.362 0.0260378 0.994877 -0.0976827 -15.3603 -0.481582 -0.0731458 -0.873343 44.0874
-0.884236 0.0690591 0.461906 167.063 0.0260264 0.994757 -0.0989023 -15.4692 -0.466314 -0.0754312 -0.881397 42.8579
-0.89131 0.0681261 0.448245 167.681 0.0262689 0.994745 -0.0989513 -15.5895 -0.452631 -0.0764214 -0.888417 41.67
-0.897897 0.0661364 0.435207 168.238 0.025476 0.994799 -0.0986143 -15.7063 -0.439466 -0.0774582 -0.894913 40.5147
-0.90418 0.0619339 0.422635 168.773 0.0237156 0.995185 -0.0950998 -15.8217 -0.426491 -0.0759643 -0.901296 39.3849
-0.910259 0.0582308 0.409923 169.354 0.0221952 0.9955 -0.0921279 -15.9485 -0.413443 -0.0747619 -0.907455 38.1953
-0.915041 0.0572449 0.399276 169.857 0.0235754 0.995776 -0.088737 -16.0755 -0.40267 -0.0717849 -0.912526 37.058
-0.918592 0.0602864 0.390581 170.382 0.0268746 0.995538 -0.0904566 -16.2101 -0.394291 -0.0725961 -0.916113 35.8544
-0.919535 0.0653552 0.387535 170.763 0.0320973 0.99527 -0.0916859 -16.3379 -0.391695 -0.0718696 -0.917284 34.6954
-0.920409 0.0684445 0.384918 171.267 0.0351366 0.995053 -0.0929182 -16.4965 -0.389374 -0.071998 -0.918261 33.3881
-0.922668 0.0653155 0.380021 171.755 0.0325919 0.995232 -0.0919229 -16.621 -0.384213 -0.0724287 -0.920399 32.2227
-0.925086 0.0571852 0.375426 172.265 0.0255854 0.995736 -0.0886265 -16.7446 -0.378894 -0.0723817 -0.922605 31.0248
-0.927037 0.0516138 0.3714 172.753 0.0206797 0.996011 -0.086799 -16.8706 -0.374399 -0.0727854 -0.924406 29.8087
-0.928799 0.0455696 0.367769 173.237 0.0141523 0.996048 -0.0876768 -16.9982 -0.370312 -0.0762294 -0.925774 28.5894
-0.929422 0.043942 0.366391 173.688 0.0115092 0.995853 -0.0902395 -17.1232 -0.368837 -0.0796537 -0.926075 27.3659
-0.930011 0.0450977 0.364753 174.137 0.0120195 0.995644 -0.0924543 -17.2504 -0.367334 -0.0815993 -0.926502 26.2007
-0.930554 0.0456601 0.363294 174.626 0.0119979 0.995464 -0.0943815 -17.3813 -0.365956 -0.0834683 -0.926881 24.9935
-0.930872 0.0472168 0.362279 175.098 0.0130919 0.995288 -0.0960791 -17.5181 -0.365109 -0.0846944 -0.927104 23.8135
-0.930533 0.0492637 0.362877 175.561 0.0146653 0.995128 -0.097491 -17.6505 -0.365912 -0.0853969 -0.926723 22.6493
-0.93079 0.0489509 0.36226 176.055 0.0134509 0.994909 -0.099878 -17.7936 -0.365305 -0.0880927 -0.92671 21.4737
-0.929956 0.0506191 0.364169 176.521 0.0148928 0.994851 -0.100253 -17.9227 -0.367369 -0.0878069 -0.925921 20.2779
-0.928818 0.0521372 0.36685 177.004 0.0161628 0.99481 -0.100462 -18.0539 -0.370183 -0.0873812 -0.92484 19.0673
-0.927285 0.051583 0.370783 177.474 0.0148803 0.994757 -0.101176 -18.1809 -0.374058 -0.0883014 -0.923192 17.8814
-0.92562 0.0514756 0.374935 177.957 0.0150681 0.994934 -0.0993972 -18.3057 -0.378153 -0.0863545 -0.921707 16.6951
-0.923145 0.0501719 0.381163 178.441 0.0137218 0.995116 -0.0977526 -18.4282 -0.384206 -0.0850095 -0.919325 15.515
-0.920817 0.0478703 0.387045 178.965 0.0115694 0.995354 -0.0955824 -18.5537 -0.389823 -0.083536 -0.917093 14.3434
-0.918121 0.0498835 0.393147 179.52 0.0129651 0.995296 -0.0960082 -18.686 -0.396087 -0.0830499 -0.914449 13.1497
-0.914713 0.0503329 0.400957 180.029 0.0125508 0.995273 -0.0963062 -18.8195 -0.403909 -0.0830601 -0.91102 11.997
-0.910182 0.0539834 0.410674 180.575 0.0138813 0.994889 -0.100014 -18.9395 -0.413974 -0.0853302 -0.90628 10.8006
-0.905275 0.0564264 0.421061 181.101 0.0154178 0.994851 -0.100172 -19.0611 -0.424546 -0.0841912 -0.901483 9.63885
-0.899824 0.0583064 0.432339 181.655 0.0155523 0.994686 -0.101777 -19.2031 -0.435975 -0.0848577 -0.895949 8.47786
-0.89368 0.0608052 0.444565 182.244 0.0161452 0.994491 -0.103566 -19.3405 -0.448414 -0.085377 -0.889739 7.31686
-0.887266 0.0630064 0.456934 182.834 0.0166445 0.994355 -0.104791 -19.4715 -0.460957 -0.0853724 -0.883306 6.18183
-0.880436 0.062832 0.469982 183.457 0.0161769 0.994585 -0.102661 -19.6099 -0.473888 -0.0827839 -0.876685 5.04064
-0.873356 0.0648967 0.48274 184.051 0.0161915 0.994404 -0.104389 -19.7468 -0.486813 -0.0833523 -0.86952 3.93905
-0.865716 0.0675961 0.49595 184.691 0.0182696 0.994446 -0.103649 -19.8891 -0.500202 -0.0806694 -0.862143 2.82084
-0.857448 0.0701359 0.509768 185.327 0.0208505 0.994589 -0.101768 -20.0319 -0.514148 -0.076632 -0.854271 1.72416
-0.849526 0.0710156 0.522745 186.04 0.0217803 0.994774 -0.099746 -20.1806 -0.527097 -0.0733512 -0.846633 0.622382
-0.840718 0.0744157 0.536335 186.771 0.0252966 0.994827 -0.098378 -20.3176 -0.540882 -0.0691407 -0.838252 -0.474773
-0.830556 0.0785278 0.55137 187.472 0.0291549 0.994782 -0.0977626 -20.4459 -0.556171 -0.0651221 -0.828512 -1.5305
-0.822773 0.0774669 0.563066 188.104 0.0262015 0.994784 -0.0985766 -20.583 -0.567766 -0.0663529 -0.820512 -2.37894
-0.812745 0.0796157 0.577154 188.858 0.0268137 0.994681 -0.0994528 -20.7072 -0.582002 -0.065354 -0.810556 -3.37773
-0.780383 0.0800718 0.620154 189.453 0.0252753 0.994996 -0.0966643 -20.8613 -0.624791 -0.0597605 -0.778502 -4.63913
-0.765825 0.0818516 0.637818 190.28 0.0265173 0.995042 -0.0958553 -21.0188 -0.642502 -0.0564951 -0.764199 -5.66288
-0.750948 0.0865048 0.654671 191.072 0.0291684 0.99476 -0.0979846 -21.1319 -0.659717 -0.0544856 -0.749536 -6.60596
-0.738149 0.0885807 0.668797 191.916 0.0319605 0.994821 -0.0964873 -21.2558 -0.67388 -0.0498468 -0.737157 -7.48445
-0.721742 0.0906551 0.686199 192.724 0.0336145 0.994807 -0.0960703 -21.3749 -0.691345 -0.0462717 -0.721042 -8.37307
-0.71074 0.0902166 0.697645 193.647 0.027388 0.994539 -0.100708 -21.5135 -0.702921 -0.0524699 -0.70933 -9.13656
-0.687933 0.09157 0.719974 194.468 0.0263807 0.994508 -0.10128 -21.6726 -0.725294 -0.0506803 -0.686571 -10.0226
-0.668819 0.0914775 0.737775 195.33 0.0237789 0.994525 -0.101756 -21.8185 -0.743044 -0.0505126 -0.667333 -10.8312
-0.648971 0.0893533 0.755548 196.223 0.0198572 0.99473 -0.100584 -21.9698 -0.760554 -0.0502727 -0.647325 -11.6146
-0.628458 0.0879887 0.77285 197.123 0.0163769 0.994858 -0.099947 -22.1151 -0.777671 -0.0501556 -0.626667 -12.3469
-0.607809 0.0891713 0.78906 198.06 0.0130822 0.994664 -0.102329 -22.2373 -0.793975 -0.051874 -0.605733 -13.0637
-0.588777 0.0894099 0.803334 199.038 0.00874464 0.99451 -0.104278 -22.3519 -0.808248 -0.0543718 -0.586327 -13.7385
-0.565806 0.0892017 0.819698 200.014 0.006541 0.994585 -0.103718 -22.4932 -0.824512 -0.0533227 -0.563326 -14.4325
-0.538882 0.0881658 0.837754 200.961 0.00468464 0.994806 -0.101681 -22.6347 -0.842368 -0.0508692 -0.536496 -15.1085
-0.512646 0.0893394 0.853938 201.948 0.0050293 0.994867 -0.101064 -22.7734 -0.858585 -0.0475154 -0.510465 -15.7163
-0.484755 0.0916453 0.869835 202.967 0.00538378 0.994789 -0.10181 -22.9133 -0.874633 -0.0446699 -0.482722 -16.3136
-0.457591 0.0914938 0.884442 204.008 0.00508261 0.994945 -0.100295 -23.0564 -0.889148 -0.041399 -0.455743 -16.8573
-0.427529 0.0905285 0.899457 205.094 0.012216 0.995461 -0.0943846 -23.25 -0.903919 -0.0293643 -0.426695 -17.3944
-0.397064 0.0834292 0.91399 206.136 0.0166126 0.99635 -0.08373 -23.4642 -0.91764 -0.0180623 -0.397001 -17.9151
-0.364046 0.0844502 0.927544 207.186 0.0135178 0.996255 -0.0854006 -23.577 -0.931283 -0.0185513 -0.363824 -18.3526
-0.32881 0.0864173 0.940433 208.279 0.0142923 0.996146 -0.0865397 -23.7029 -0.944288 -0.0150141 -0.328778 -18.8095
-0.295965 0.0850396 0.951405 209.372 0.016564 0.996336 -0.083903 -23.8574 -0.955055 -0.00907318 -0.296289 -19.1787
-0.266352 0.0862013 0.960013 210.525 0.0188372 0.996268 -0.0842305 -23.9542 -0.963691 -0.00435099 -0.266982 -19.453
-0.232869 0.0865059 0.968652 211.691 0.0166367 0.996244 -0.0849705 -24.0515 -0.972366 -0.00367164 -0.233433 -19.7542
-0.197626 0.0852676 0.976561 212.814 0.0168634 0.996358 -0.0835836 -24.1624 -0.980132 -5.01299e-05 -0.198345 -20.0037
-0.161704 0.0836083 0.98329 213.971 0.0169499 0.996493 -0.0819435 -24.2658 -0.986694 0.00341624 -0.162554 -20.2209
-0.125097 0.0828396 0.988679 215.123 0.0168744 0.996542 -0.0813633 -24.364 -0.992001 0.00650515 -0.126062 -20.4012
-0.0910028 0.0826535 0.992414 216.31 0.0154039 0.996547 -0.0815853 -24.4639 -0.995731 0.00786262 -0.0919617 -20.5138
-0.0557146 0.0827658 0.99501 217.468 0.01539 0.996511 -0.082029 -24.5561 -0.998328 0.0107431 -0.0567939 -20.5886
-0.0193099 0.0841583 0.996265 218.623 0.0132142 0.996385 -0.0839124 -24.6385 -0.999726 0.0115446 -0.0203521 -20.632
0.0150367 0.0858045 0.996198 219.815 0.00930844 0.996256 -0.08595 -24.7283 -0.999843 0.0105655 0.0141818 -20.6177
0.0488718 0.0865822 0.995045 220.988 0.00658551 0.996186 -0.087005 -24.8173 -0.998783 0.0108051 0.0481153 -20.5611
0.0817561 0.0871417 0.992835 222.175 0.00227828 0.996151 -0.0876204 -24.914 -0.99665 0.00942556 0.081243 -20.4714
0.115828 0.0887877 0.989292 223.342 -0.000208203 0.995999 -0.0893653 -25.0041 -0.993269 0.0101451 0.115383 -20.3603
0.149969 0.0882871 0.98474 224.528 0.000335098 0.996 -0.0893478 -25.1182 -0.98869 0.0137295 0.14934 -20.2198
0.182015 0.0863159 0.979499 225.665 0.000197063 0.996136 -0.0878187 -25.2299 -0.983296 0.0161774 0.181295 -20.0209
0.211598 0.0893651 0.973262 226.79 -0.000321109 0.995817 -0.0913664 -25.2696 -0.977356 0.0190205 0.210742 -19.778
0.240036 0.0884539 0.966725 227.954 -0.000570123 0.995852 -0.0909776 -25.401 -0.970764 0.0212868 0.239091 -19.4805
0.271645 0.0871765 0.95844 229.091 0.000243171 0.995882 -0.0906511 -25.5277 -0.962397 0.024858 0.270505 -19.2073
0.301072 0.086635 0.949657 230.235 0.000646131 0.995845 -0.0910536 -25.6394 -0.953601 0.0280274 0.299765 -18.8575
0.330516 0.0841281 0.940043 231.365 0.00204283 0.995953 -0.0898501 -25.7676 -0.943798 0.0316174 0.329007 -18.4771
0.360236 0.0829103 0.929169 232.492 0.00273172 0.995944 -0.0899279 -25.8812 -0.932857 0.0349336 0.358548 -18.0664
0.389265 0.0823511 0.917436 233.607 0.00420871 0.995826 -0.0911733 -25.9963 -0.921116 0.0393519 0.387294 -17.62
0.417823 0.0807705 0.90493 234.69 0.00393925 0.99587 -0.0907063 -26.1225 -0.90852 0.041464 0.41578 -17.148
0.444634 0.07848 0.892267 235.763 0.0035675 0.995991 -0.089381 -26.2427 -0.895705 0.0429251 0.442572 -16.6161
0.471378 0.0774479 0.878523 236.805 0.00249107 0.996015 -0.0891424 -26.3555 -0.881927 0.0442084 0.469308 -16.0667
0.49853 0.0787675 0.863286 237.864 0.00220916 0.995744 -0.0921291 -26.4704 -0.86687 0.0478363 0.496234 -15.4726
0.525327 0.0796454 0.847164 238.9 0.00218484 0.99548 -0.0949442 -26.5902 -0.850897 0.0517278 0.522779 -14.8443
0.551571 0.0775527 0.830514 239.916 0.00272985 0.995495 -0.0947715 -26.7097 -0.834123 0.0545405 0.548875 -14.1834
0.576272 0.0744476 0.813859 240.856 0.00286051 0.995652 -0.0931026 -26.8291 -0.817252 0.0559806 0.573554 -13.5151
0.599432 0.0717461 0.797203 241.814 0.00175483 0.995854 -0.0909438 -26.958 -0.800424 0.0559137 0.596821 -12.7766
0.621086 0.0712174 0.7805 242.803 0.000405153 0.995833 -0.0911882 -27.0776 -0.783742 0.056952 0.618469 -11.9724
0.640506 0.0713106 0.764634 243.784 -0.0015924 0.9958 -0.0915356 -27.1991 -0.767951 0.0574116 0.63793 -11.1269
0.658923 0.069738 0.74897 244.702 -0.00304245 0.995932 -0.0900567 -27.3213 -0.752204 0.0570618 0.656455 -10.3331
0.67679 0.0669803 0.733122 245.621 -0.00363609 0.996144 -0.0876543 -27.4379 -0.736167 0.056658 0.674425 -9.51097
0.693788 0.0634103 0.717381 246.54 -0.00261248 0.996331 -0.0855407 -27.5513 -0.720174 0.0574731 0.691409 -8.66268
0.709182 0.0607773 0.7024 247.425 -0.00203256 0.996449 -0.0841688 -27.6587 -0.705022 0.0582634 0.706788 -7.78971
0.724137 0.0583099 0.687186 248.27 -0.000905745 0.996498 -0.0836018 -27.7729 -0.689655 0.0599168 0.721655 -6.92567
0.738494 0.0577338 0.671783 249.117 -0.00192439 0.996503 -0.0835253 -27.8863 -0.674257 0.0603903 0.736023 -6.01897
0.751378 0.0566827 0.657432 249.879 -0.00209782 0.996504 -0.0835195 -27.9894 -0.659868 0.0613757 0.748871 -5.10086
0.765024 0.0543951 0.6417 250.673 -0.00282409 0.9967 -0.0811209 -28.091 -0.643995 0.0602473 0.762653 -4.17456
0.777923 0.052122 0.626194 251.464 -0.00303229 0.996853 -0.0792074 -28.1975 -0.628352 0.0597185 0.775633 -3.16858
0.791015 0.0499687 0.609752 252.259 -0.0027092 0.996935 -0.0781838 -28.3065 -0.61179 0.0601927 0.788727 -2.14989
0.801454 0.0494172 0.596011 252.907 -0.0023254 0.99683 -0.0795237 -28.4141 -0.598051 0.0623487 0.799029 -1.19116
0.812664 0.0478374 0.580765 253.648 -0.00203437 0.996851 -0.0792639 -28.5298 -0.582728 0.0632335 0.810203 -0.152565
0.823144 0.0469559 0.565887 254.376 -0.00295959 0.996916 -0.0784168 -28.6438 -0.567824 0.0628736 0.820745 0.906393
0.832311 0.0443913 0.552527 255.052 -0.00289166 0.997122 -0.0757553 -28.7532 -0.554301 0.0614544 0.830045 1.97008
0.840682 0.0421151 0.539888 255.688 -0.00192727 0.997197 -0.0747876 -28.8561 -0.541525 0.0618322 0.838408 3.0407
0.849469 0.0417968 0.52598 256.376 -0.00239319 0.997152 -0.0753735 -28.9563 -0.527633 0.0627687 0.84715 4.17812
0.85745 0.038486 0.513126 257.032 0.00139942 0.99702 -0.0771184 -29.0614 -0.514565 0.0668433 0.854842 5.28429
0.864576 0.0374584 0.501104 257.659 0.00129932 0.997047 -0.0767732 -29.1598 -0.5025 0.0670274 0.861975 6.37967
0.871328 0.0343475 0.489496 258.291 0.00358766 0.997074 -0.0763503 -29.2631 -0.490687 0.0682824 0.868656 7.49568
0.877221 0.033521 0.478914 258.908 0.00392227 0.997025 -0.0769701 -29.3629 -0.48007 0.0693984 0.874481 8.62729
0.881993 0.0314056 0.470214 259.532 0.00492421 0.997108 -0.0758337 -29.4756 -0.471236 0.0692003 0.879288 9.8231
0.885458 0.02983 0.46376 260.143 0.0050425 0.997262 -0.0737739 -29.5843 -0.464691 0.0676623 0.882884 11.0107
0.887882 0.0283255 0.459198 260.743 0.00558921 0.997365 -0.0723294 -29.6865 -0.460037 0.0667866 0.885384 12.1657
0.889492 0.0289482 0.456031 261.32 0.00493725 0.997324 -0.0729391 -29.7808 -0.456923 0.0671304 0.88697 13.3407
0.89137 0.0293804 0.452323 261.907 0.00412743 0.997329 -0.072915 -29.8824 -0.453258 0.0668613 0.888868 14.5049
0.892842 0.0283474 0.449476 262.488 0.0039239 0.997489 -0.0707041 -29.9982 -0.450352 0.0648914 0.89049 15.668
0.895154 0.0265819 0.444963 263.112 0.00537398 0.997504 -0.0704018 -30.0955 -0.445724 0.0654118 0.892777 16.8461
0.899814 0.0312859 0.435149 263.936 0.00204227 0.997112 -0.0759127 -30.1627 -0.436268 0.0691961 0.897152 18.4192
0.90328 0.0307086 0.42795 264.644 0.00202879 0.997118 -0.0758331 -30.2816 -0.429046 0.0693669 0.900615 19.8326
0.906798 0.0326703 0.420296 265.34 -0.000406275 0.997059 -0.0766269 -30.4019 -0.421564 0.0693145 0.904146 21.2521
0.911374 0.036067 0.409996 266.078 -0.00363228 0.996819 -0.0796157 -30.5127 -0.411563 0.0710705 0.908606 22.7189
0.91518 0.037588 0.401289 266.765 -0.00517737 0.996656 -0.0815478 -30.6361 -0.403012 0.0725534 0.912314 24.2136
0.916984 0.0368565 0.397218 267.393 -0.0047337 0.996658 -0.0815492 -30.7629 -0.398896 0.0728991 0.914094 25.6692
0.919093 0.0392272 0.392082 268.013 -0.00758802 0.996609 -0.0819223 -30.8843 -0.393966 0.0723192 0.916275 27.1141
0.919363 0.0399203 0.39138 268.569 -0.00836912 0.996597 -0.0819928 -31.0211 -0.393321 0.0721058 0.916569 28.4718
0.920308 0.0404476 0.389098 269.13 -0.00879517 0.996528 -0.0827891 -31.1485 -0.391096 0.0727694 0.917469 29.8129
0.9214 0.0407788 0.38647 269.675 -0.00851652 0.996359 -0.0848277 -31.2645 -0.388522 0.074869 0.918393 30.9999
0.922141 0.0406339 0.384712 270.216 -0.00801522 0.996261 -0.0860151 -31.3856 -0.386769 0.0762346 0.91902 32.2725
0.922081 0.0425282 0.384653 270.736 -0.0100483 0.996239 -0.0860596 -31.518 -0.386867 0.0754889 0.919041 33.4531
