1 0 0 0 0 1 0 0 0 0 1 0
0.999986 -0.00451305 -0.00275905 0.0313885 0.00450131 0.999981 -0.00424667 0.00465466 0.00277816 0.00423419 0.999987 0.872386
0.999964 -0.0076386 -0.00378982 0.0594481 0.00761737 0.999955 -0.00558646 0.0086167 0.00383233 0.00555738 0.999977 1.80167
0.999939 -0.00951838 -0.00561771 0.072431 0.00950753 0.999953 -0.00195542 0.0138583 0.00563605 0.00190189 0.999982 2.75942
0.999877 -0.0127199 -0.00919049 0.104596 0.0127522 0.999913 0.00347264 0.0204726 0.00914551 -0.00358941 0.999952 3.69459
0.999796 -0.0168739 -0.0111272 0.102617 0.0169137 0.999851 0.0034935 0.0246546 0.0110666 -0.00368099 0.999932 4.65905
0.999711 -0.0197978 -0.0136075 0.104861 0.0198077 0.999804 0.000595655 0.0316766 0.0135931 -0.000865017 0.999907 5.6567
0.999708 -0.0200029 -0.0135178 0.0816627 0.0199533 0.999794 -0.00379828 0.0437889 0.013591 0.00352745 0.999901 6.56418
0.999724 -0.0194894 -0.0131195 0.0470956 0.0194218 0.999798 -0.00525963 0.0537056 0.0132194 0.00500337 0.9999 7.51094
0.999708 -0.0195304 -0.014221 0.026846 0.019461 0.999798 -0.00500473 0.0767176 0.0143159 0.00472651 0.999886 8.43988
0.99969 -0.0188169 -0.0163072 0.021757 0.0187695 0.999819 -0.00305457 0.0864263 0.0163618 0.00274755 0.999862 9.36767
0.999682 -0.0187313 -0.0168947 -0.00166126 0.018697 0.999823 -0.00218318 0.0909965 0.0169326 0.00186661 0.999855 10.3098
0.999681 -0.0191401 -0.0164755 -0.0277186 0.0191086 0.999815 -0.00206871 0.0949855 0.0165121 0.00175323 0.999862 11.2243
0.999676 -0.019394 -0.0165031 -0.0553026 0.0193577 0.99981 -0.0023553 0.097249 0.0165456 0.00203507 0.999861 12.1355
0.999657 -0.0198666 -0.0170754 -0.0728342 0.0197986 0.999795 -0.00413968 0.104201 0.0171541 0.00380019 0.999846 13.0609
0.999619 -0.0203366 -0.0186819 -0.0915835 0.02022 0.999775 -0.00641006 0.104708 0.018808 0.00602987 0.999805 14.0261
0.999567 -0.0212646 -0.0203572 -0.109123 0.0211062 0.999745 -0.00796242 0.0997837 0.0205214 0.00752931 0.999761 14.9417
0.999531 -0.0211358 -0.0221457 -0.129435 0.0209457 0.999742 -0.00878127 0.0949046 0.0223256 0.0083133 0.999716 15.8586
0.999523 -0.0191472 -0.0242497 -0.151782 0.0189096 0.999771 -0.00999076 0.0898571 0.0244354 0.00952744 0.999656 16.7426
0.99951 -0.0173699 -0.0260566 -0.175979 0.0171046 0.9998 -0.0103731 0.0846799 0.0262316 0.00992228 0.999607 17.624
0.999459 -0.017742 -0.0277069 -0.199805 0.0174688 0.999797 -0.0100685 0.0795398 0.0278799 0.00957907 0.999565 18.5095
0.999421 -0.0173725 -0.0292661 -0.233041 0.0171163 0.999813 -0.00898193 0.0747501 0.0294167 0.00847579 0.999531 19.4216
0.999375 -0.0171989 -0.0308907 -0.265032 0.0169548 0.999823 -0.00814555 0.063512 0.0310253 0.00761671 0.99949 20.3019
0.999327 -0.0182252 -0.0318241 -0.304061 0.0179724 0.999805 -0.00821154 0.0485587 0.0319675 0.00763406 0.99946 21.175
0.99933 -0.0185349 -0.0315433 -0.364287 0.018282 0.999798 -0.00828643 0.0337088 0.0316906 0.00770421 0.999468 22.0641
0.99937 -0.0175236 -0.0308471 -0.433262 0.017292 0.99982 -0.00775831 0.0203912 0.0309775 0.00722001 0.999494 22.9135
0.999384 -0.0170077 -0.0306889 -0.475476 0.0168411 0.999842 -0.00567762 0.00394328 0.0307806 0.00515729 0.999513 23.7723
0.999377 -0.0172049 -0.0307989 -0.510527 0.0171212 0.999849 -0.00298165 -0.00346769 0.0308456 0.00245247 0.999521 24.6276
0.999367 -0.0169116 -0.0313007 -0.543569 0.0168601 0.999856 -0.00190968 -0.00277283 0.0313285 0.00138074 0.999508 25.482
0.999287 -0.0170766 -0.0336582 -0.55098 0.0169995 0.999852 -0.00257553 -0.0139086 0.0336971 0.00200152 0.99943 26.3316
0.999227 -0.0160007 -0.0358966 -0.568482 0.0158367 0.999863 -0.00484824 -0.0209435 0.0359692 0.00427601 0.999344 27.157
0.999188 -0.015452 -0.0371981 -0.600253 0.0152134 0.999862 -0.00668813 -0.0231881 0.0372963 0.00611679 0.999286 27.9709
0.999152 -0.0145328 -0.0385321 -0.62666 0.0142662 0.999872 -0.00718665 -0.0257163 0.0386317 0.00663085 0.999232 28.7883
0.999102 -0.014138 -0.0399363 -0.661602 0.0138285 0.999872 -0.00801452 -0.0328585 0.0400445 0.00745506 0.99917 29.5779
0.999018 -0.0137899 -0.0420904 -0.692153 0.0134522 0.999875 -0.00829633 -0.0505014 0.0421995 0.00772198 0.999079 30.3633
0.998959 -0.0127271 -0.0437929 -0.73078 0.0124403 0.999899 -0.00681593 -0.0826704 0.0438752 0.00626404 0.999017 31.1349
0.998789 -0.0137509 -0.0472283 -0.741817 0.0135065 0.999894 -0.00549008 -0.0885594 0.0472987 0.00484554 0.998869 31.9048
0.99875 -0.0134214 -0.0481419 -0.805233 0.0132821 0.999907 -0.00321176 -0.0940997 0.0481805 0.00256832 0.998835 32.6449
0.998698 -0.0116623 -0.0496544 -0.857065 0.011594 0.999931 -0.00166419 -0.0974328 0.0496704 0.00108633 0.998765 33.4037
0.998669 -0.0103469 -0.0505293 -0.912356 0.0102521 0.999945 -0.00213379 -0.0879321 0.0505486 0.00161292 0.99872 34.1362
0.998623 -0.00745638 -0.0519237 -0.959649 0.00729609 0.999968 -0.00327584 -0.0837848 0.0519465 0.00289249 0.998646 34.8872
0.998581 -0.00534135 -0.0529779 -1.01751 0.00510597 0.999977 -0.00457738 -0.079135 0.0530011 0.00430038 0.998585 35.5966
0.998552 -0.00494962 -0.053565 -1.07733 0.00475375 0.999982 -0.0037835 -0.0740868 0.0535828 0.00352339 0.998557 36.303
0.998564 -0.00292415 -0.0534846 -1.13783 0.00279397 0.999993 -0.00250855 -0.0673308 0.0534916 0.00235551 0.998565 37.0128
0.998647 0.00136025 -0.051985 -1.21258 -0.00152727 0.999994 -0.00317321 -0.0571704 0.0519803 0.00324831 0.998643 37.6845
0.998707 0.00441374 -0.0506457 -1.2536 -0.00470966 0.999972 -0.00572489 -0.0541769 0.050619 0.00595601 0.9987 38.3709
0.998778 0.00591075 -0.049071 -1.28459 -0.00634757 0.999941 -0.00875076 -0.0597005 0.0490164 0.00905155 0.998757 39.0486
0.998893 0.00629683 -0.0465995 -1.32043 -0.00679508 0.999921 -0.0105414 -0.0644225 0.0465295 0.0108464 0.998858 39.7148
0.999003 0.00741231 -0.0440275 -1.3364 -0.00785943 0.999919 -0.00999089 -0.0617948 0.0439498 0.010327 0.99898 40.3903
0.999081 0.0121616 -0.0410992 -1.36213 -0.01248 0.999894 -0.00750126 -0.0650254 0.0410036 0.00800728 0.999127 41.0442
0.999163 0.0162817 -0.037525 -1.39069 -0.0164516 0.999856 -0.00422214 -0.0699758 0.0374509 0.00483595 0.999287 41.6503
0.999231 0.0218008 -0.0325954 -1.42463 -0.0219321 0.999753 -0.00367581 -0.0653745 0.0325072 0.00438787 0.999462 42.2732
0.999321 0.025489 -0.0265912 -1.45252 -0.0255957 0.999666 -0.00367841 -0.0625445 0.0264886 0.00435654 0.99964 42.8643
0.999354 0.0295816 -0.0203705 -1.46859 -0.0296285 0.999559 -0.00200005 -0.0589498 0.0203023 0.0026023 0.99979 43.4202
0.999331 0.0339913 -0.0134323 -1.48669 -0.0340157 0.99942 -0.00158758 -0.0440625 0.0133705 0.00204343 0.999908 43.9653
0.999276 0.0376148 -0.00553597 -1.50604 -0.0376306 0.999288 -0.00278399 -0.0321357 0.00542728 0.0029903 0.999981 44.4997
0.999198 0.0400094 0.00105987 -1.49369 -0.0400064 0.999196 -0.00278437 -0.035349 -0.00117045 0.00273974 0.999996 45.008
0.998964 0.044507 0.00947209 -1.51103 -0.0444761 0.999004 -0.00345011 -0.0337984 -0.00961625 0.00302526 0.999949 45.5352
0.998723 0.0477365 0.0164827 -1.49646 -0.0476432 0.998846 -0.00601179 -0.0389185 -0.0167507 0.00521883 0.999846 46.0132
0.998442 0.0499211 0.0248884 -1.49473 -0.0497084 0.998722 -0.00909622 -0.0388677 -0.0253107 0.00784489 0.999649 46.4842
0.998225 0.0499719 0.0323871 -1.47708 -0.0496971 0.998722 -0.0092364 -0.0439717 -0.0328073 0.00761046 0.999433 46.9006
0.99791 0.0497703 0.0412051 -1.47433 -0.0494571 0.998739 -0.00858832 -0.0382245 -0.0415806 0.00653249 0.999114 47.2945
0.997493 0.0513376 0.0486908 -1.44776 -0.0509825 0.998663 -0.0085076 -0.0303823 -0.0490625 0.0060039 0.998778 47.6725
0.99664 0.056032 0.0597274 -1.47667 -0.0555496 0.998409 -0.00970889 -0.0122503 -0.0601764 0.00635845 0.998168 48.0261
0.995829 0.0603397 0.0684359 -1.46597 -0.0596957 0.998151 -0.0114182 0.00419966 -0.0689984 0.00728523 0.99759 48.319
0.994765 0.0642795 0.0794284 -1.49339 -0.063493 0.997905 -0.0123916 0.0235078 -0.0800586 0.0072836 0.996764 48.6681
0.99395 0.0633864 0.0896904 -1.4816 -0.0625258 0.997967 -0.0123761 0.0297643 -0.0902926 0.00669325 0.995893 48.9104
0.992779 0.0626299 0.1023 -1.49289 -0.0615111 0.998007 -0.0140583 0.0163199 -0.102977 0.00766418 0.994654 49.1851
0.99198 0.060485 0.110978 -1.34418 -0.0586972 0.998089 -0.0193102 0.0303689 -0.111934 0.0126413 0.993635 49.316
0.990281 0.0614232 0.124774 -1.32074 -0.0589657 0.997988 -0.0232986 0.024659 -0.125954 0.0157147 0.991912 49.5841
0.98809 0.0630191 0.140373 -1.27643 -0.0599911 0.997868 -0.0257033 0.0210176 -0.141694 0.0169761 0.989765 49.8254
0.985594 0.0645136 0.156335 -1.22175 -0.0609649 0.997764 -0.0273946 0.0211915 -0.157752 0.017469 0.987324 50.0587
0.982746 0.0651925 0.173084 -1.16086 -0.0611595 0.99772 -0.0285385 0.015489 -0.17455 0.0174604 0.984494 50.3168
0.97941 0.0639032 0.191497 -1.10979 -0.0593516 0.997804 -0.0294173 0.000645152 -0.192956 0.017446 0.981052 50.5379
0.975526 0.0630858 0.210639 -1.03505 -0.0581889 0.997873 -0.0293719 -0.0139921 -0.212044 0.0163963 0.977123 50.7527
0.971001 0.0626979 0.230706 -0.95629 -0.0572457 0.997901 -0.0302581 -0.0279047 -0.232119 0.0161738 0.972553 50.9607
0.965971 0.0640539 0.25059 -0.850028 -0.0576894 0.9978 -0.0326694 -0.0263102 -0.252132 0.0171013 0.967542 51.2197
0.959885 0.0655995 0.27261 -0.743254 -0.0584195 0.9977 -0.0343813 -0.0383767 -0.274239 0.0170764 0.96151 51.4373
0.952726 0.0667349 0.296408 -0.628023 -0.0588891 0.997639 -0.0353303 -0.0472773 -0.298066 0.016205 0.954408 51.6903
0.944405 0.0695398 0.321345 -0.505466 -0.0611187 0.997473 -0.0362328 -0.0583629 -0.323053 0.0145783 0.946269 51.9247
0.93496 0.0712335 0.347526 -0.363536 -0.0621954 0.997374 -0.0371087 -0.0719947 -0.349257 0.0130807 0.936936 52.1813
0.924105 0.0718457 0.375322 -0.214212 -0.0619963 0.997342 -0.0382703 -0.086838 -0.377074 0.0120972 0.926104 52.4321
0.912382 0.0692884 0.403432 -0.0165292 -0.0582619 0.997517 -0.0395588 -0.111303 -0.405172 0.012588 0.914154 52.6786
0.898656 0.0655541 0.433726 0.215139 -0.0529092 0.99775 -0.0411768 -0.144124 -0.43545 0.0140557 0.900103 52.926
0.883428 0.0635794 0.464233 0.478494 -0.0486201 0.997842 -0.044137 -0.178686 -0.466037 0.0164208 0.884613 53.1349
0.865202 0.0647625 0.497222 0.718606 -0.0469704 0.997732 -0.0482215 -0.205889 -0.499217 0.0183667 0.866282 53.3932
0.844926 0.0660979 0.530782 0.966499 -0.0456514 0.997626 -0.0515633 -0.234259 -0.532931 0.0193362 0.845938 53.6271
0.823573 0.0681275 0.563103 1.26225 -0.0459908 0.997512 -0.0534207 -0.271165 -0.565342 0.0180983 0.824658 53.804
0.798262 0.0709297 0.598118 1.54824 -0.0474547 0.997361 -0.0549412 -0.30813 -0.600437 0.015474 0.799522 54.0484
0.771101 0.0744186 0.632347 1.87758 -0.0502372 0.997161 -0.0560915 -0.352279 -0.634727 0.0114849 0.772651 54.2896
0.7406 0.0747875 0.667771 2.17528 -0.0493727 0.997157 -0.0569199 -0.393487 -0.67013 0.00918524 0.742187 54.4917
0.707125 0.0713354 0.70348 2.45594 -0.0449523 0.997421 -0.0559569 -0.433863 -0.705658 0.0079455 0.708508 54.6602
0.669184 0.0709001 0.739706 2.8079 -0.0422439 0.997458 -0.057389 -0.437546 -0.741895 0.00715574 0.670478 54.9109
0.629247 0.0691772 0.77412 3.11549 -0.0394261 0.99759 -0.0570994 -0.481659 -0.776205 0.00540911 0.630458 55.0878
0.582799 0.0694079 0.809646 3.48333 -0.0349823 0.997565 -0.0603366 -0.480638 -0.811863 0.00684089 0.583808 55.3567
0.534252 0.0692673 0.842482 3.86671 -0.0312341 0.997574 -0.0622119 -0.480612 -0.844748 0.00692262 0.53512 55.603
0.486527 0.0670604 0.871087 4.29312 -0.0298861 0.997744 -0.0601188 -0.522045 -0.873154 0.00321601 0.487434 55.8055
0.437909 0.0645782 0.896696 4.73337 -0.0302311 0.99791 -0.0571039 -0.559662 -0.898511 -0.00210183 0.438947 55.9856
0.388931 0.0640802 0.919035 5.18256 -0.0308958 0.997924 -0.0565058 -0.569373 -0.920749 -0.00641749 0.390104 56.1447
0.340853 0.0642498 0.937918 5.68744 -0.0273952 0.997917 -0.058404 -0.580961 -0.939718 -0.00578732 0.341903 56.2979
0.295753 0.0609916 0.953315 6.15639 -0.0163495 0.998136 -0.0587871 -0.604665 -0.955125 0.00180024 0.2962 56.369
0.253396 0.0544886 0.965826 6.63468 -0.00227623 0.998443 -0.0557316 -0.628332 -0.96736 0.0119237 0.253125 56.4218
0.212304 0.0534977 0.975738 7.1552 0.00650459 0.998401 -0.0561556 -0.649855 -0.977182 0.0182688 0.211616 56.4795
0.17496 0.0547378 0.983052 7.71665 0.0103697 0.998295 -0.0574321 -0.663351 -0.984521 0.0202423 0.174094 56.5535
0.142315 0.055419 0.988268 8.20835 0.0187689 0.998101 -0.0586732 -0.689409 -0.989644 0.0268988 0.141005 56.5909
0.112761 0.0537651 0.992166 8.72349 0.0264737 0.998018 -0.057091 -0.714379 -0.99327 0.032704 0.111114 56.634
0.088118 0.0518805 0.994757 9.30028 0.0338845 0.997908 -0.0550465 -0.738557 -0.995534 0.0385574 0.0861759 56.6659
0.0681422 0.0510939 0.996366 9.8753 0.0382979 0.997817 -0.0537875 -0.755619 -0.99694 0.0418239 0.0660368 56.6882
0.0523877 0.0525919 0.99724 10.4502 0.0411013 0.997652 -0.0547729 -0.780586 -0.997781 0.0438574 0.0501032 56.6963
0.0403994 0.0516956 0.997845 11.0189 0.0417993 0.997699 -0.0533804 -0.816376 -0.998309 0.0438658 0.0381457 56.6748
0.0289691 0.0525901 0.998195 11.6737 0.0425161 0.997646 -0.053795 -0.841154 -0.998676 0.0439978 0.0266651 56.695
0.0205417 0.0554384 0.99825 12.3099 0.047002 0.997304 -0.056353 -0.867399 -0.998684 0.0480774 0.0178806 56.6906
0.0147769 0.0571458 0.998256 12.93 0.0511406 0.997015 -0.0578319 -0.893487 -0.998582 0.0519061 0.0118104 56.6704
0.0107809 0.0564497 0.998347 13.5489 0.0516128 0.997043 -0.0569334 -0.919854 -0.998609 0.0521413 0.00783556 56.656
0.00750922 0.0538739 0.998519 14.2397 0.0490602 0.997325 -0.0541785 -0.946333 -0.998768 0.0493944 0.00484609 56.6677
0.00496497 0.0471467 0.998875 14.9277 0.0472204 0.997762 -0.0473289 -0.968568 -0.998872 0.0474023 0.0027276 56.6767
0.00364429 0.0414826 0.999132 15.5619 0.0485298 0.997954 -0.0416108 -0.997425 -0.998815 0.0486393 0.00162372 56.6768
0.0040101 0.038724 0.999241 16.2708 0.0515176 0.997915 -0.0388794 -1.02237 -0.998664 0.0516344 0.0020068 56.6565
0.00451437 0.0404741 0.99917 16.9683 0.0553361 0.997639 -0.0406622 -1.05525 -0.998458 0.0554738 0.00226406 56.6448
0.0050131 0.0469811 0.998883 17.6955 0.0566383 0.997279 -0.04719 -1.08748 -0.998382 0.0568116 0.00233856 56.653
0.00676839 0.0545891 0.998485 18.4214 0.0573732 0.996843 -0.0548882 -1.11674 -0.99833 0.0576579 0.00361509 56.6623
0.00822922 0.0551028 0.998446 19.0959 0.058993 0.996714 -0.0554935 -1.14963 -0.998225 0.059358 0.00495154 56.6847
0.00944904 0.0507554 0.998666 19.8379 0.0585041 0.996972 -0.0512229 -1.17754 -0.998243 0.0589101 0.00645105 56.7049
0.00976999 0.0444575 0.998963 20.5741 0.0585097 0.997274 -0.0449546 -1.21409 -0.998239 0.0588883 0.00714219 56.7498
0.0111049 0.043673 0.998984 21.3689 0.0559774 0.997452 -0.0442283 -1.23977 -0.99837 0.0564117 0.00863188 56.7865
0.0140199 0.0489341 0.998703 22.0529 0.064337 0.996688 -0.0497386 -1.26475 -0.99783 0.0649509 0.0108252 56.7824
0.0163278 0.0549592 0.998355 22.7619 0.0663372 0.996228 -0.0559271 -1.28881 -0.997664 0.0671413 0.0126204 56.8
0.0188537 0.0552199 0.998296 23.5075 0.0609183 0.996555 -0.0562742 -1.32615 -0.997965 0.0618755 0.0154249 56.8267
0.0218551 0.0522113 0.998396 24.2619 0.0567093 0.996962 -0.0533778 -1.35561 -0.998152 0.057785 0.0188279 56.856
0.0262063 0.0486366 0.998472 25.002 0.061847 0.996823 -0.0501796 -1.38981 -0.997742 0.0630676 0.0231151 56.876
0.0304406 0.0494252 0.998313 25.6661 0.0665656 0.996459 -0.0513631 -1.42531 -0.997318 0.0680169 0.0270428 56.8262
0.0332743 0.0536379 0.998006 26.4807 0.0661265 0.996252 -0.0557484 -1.47551 -0.997256 0.0678497 0.0296028 56.8844
0.0357481 0.0542086 0.997889 27.2408 0.0626409 0.996442 -0.0563741 -1.516 -0.997396 0.064524 0.0322253 56.9525
0.0392102 0.0531724 0.997815 28.0556 0.062513 0.996496 -0.0555587 -1.57336 -0.997274 0.0645549 0.0357489 57.0136
0.0439948 0.0493271 0.997813 28.7386 0.0669483 0.996389 -0.0522086 -1.61439 -0.996786 0.0690988 0.0405336 56.992
0.0484252 0.0498552 0.997581 29.4788 0.071541 0.996015 -0.0532497 -1.64962 -0.996261 0.0739466 0.0446656 56.9978
0.0521657 0.0506416 0.997353 30.3525 0.075453 0.995658 -0.0545021 -1.69045 -0.995784 0.0780964 0.0481182 57.0781
0.052735 0.0512013 0.997295 31.1256 0.0754165 0.995628 -0.0551037 -1.72388 -0.995757 0.0781185 0.0486431 57.1634
0.0537824 0.0502301 0.997288 31.9285 0.0762041 0.995615 -0.0542554 -1.75843 -0.995641 0.0789155 0.0497188 57.2551
0.056168 0.049374 0.997199 32.728 0.0784767 0.995468 -0.0537086 -1.79747 -0.995332 0.0812737 0.0520388 57.322
0.0579025 0.0500246 0.997068 33.5321 0.07665 0.995572 -0.0544009 -1.83975 -0.995375 0.0795753 0.0538118 57.4057
0.0598534 0.0517243 0.996866 34.2754 0.0739929 0.995679 -0.0561054 -1.88198 -0.995461 0.0771192 0.0557676 57.4735
0.0665728 0.0511169 0.996471 35.0881 0.0763278 0.995499 -0.0561664 -1.92395 -0.994858 0.0797977 0.0623716 57.4615
0.070115 0.0506106 0.996254 35.7989 0.0740148 0.995695 -0.0557914 -1.96695 -0.994789 0.0776494 0.0660673 57.4904
0.0748721 0.0513256 0.995871 36.5626 0.072404 0.995758 -0.0567634 -1.99289 -0.994561 0.0763551 0.0708384 57.511
0.0785535 0.052117 0.995546 37.3508 0.0693821 0.995925 -0.0576114 -2.02742 -0.994492 0.0735988 0.0746175 57.5678
0.0828802 0.0546495 0.99506 38.1178 0.06804 0.995855 -0.0603604 -2.06465 -0.994234 0.0727066 0.0788183 57.6155
0.0848293 0.0580009 0.994706 38.9422 0.0670889 0.995706 -0.0637807 -2.11446 -0.994134 0.0721442 0.0805739 57.7297
0.0881496 0.0602957 0.99428 39.6541 0.0669519 0.99555 -0.0663085 -2.15807 -0.993855 0.0724141 0.0837205 57.7738
0.0904467 0.0624958 0.993938 40.4433 0.0611158 0.995799 -0.0681743 -2.2065 -0.994024 0.0669116 0.0862473 57.8686
0.0933011 0.0620362 0.993703 41.2075 0.0571261 0.996079 -0.0675483 -2.25257 -0.993998 0.0630688 0.0893915 57.9466
0.0970476 0.0626191 0.993308 41.9529 0.0592487 0.995885 -0.0685704 -2.29959 -0.993515 0.0655068 0.0929382 58.0042
0.102047 0.0641933 0.992706 42.7415 0.0586948 0.995788 -0.0704263 -2.34177 -0.993046 0.0654535 0.0978491 58.0834
0.105084 0.0652597 0.992319 43.5297 0.0548246 0.995946 -0.0713041 -2.39053 -0.992951 0.0618965 0.10108 58.1936
0.109247 0.0633985 0.991991 44.3002 0.054681 0.996069 -0.0696812 -2.43388 -0.992509 0.0618555 0.105351 58.2826
0.114627 0.0633871 0.991384 45.0639 0.0557613 0.995978 -0.0701281 -2.48519 -0.991842 0.0633195 0.110631 58.353
0.120707 0.0678751 0.990365 45.8224 0.0519701 0.995859 -0.0745859 -2.52711 -0.991327 0.0604724 0.116679 58.4432
0.124909 0.0762892 0.989231 46.6164 0.0502441 0.995273 -0.0830996 -2.58479 -0.990895 0.0600829 0.120485 58.5892
0.131897 0.0810312 0.987946 47.3774 0.050061 0.994837 -0.0882799 -2.63464 -0.989998 0.0611015 0.12716 58.6899
0.136726 0.0844122 0.987006 48.1938 0.0445907 0.994828 -0.0912582 -2.6981 -0.989605 0.0564887 0.132255 58.8595
0.142066 0.0832574 0.986349 48.9964 0.0407062 0.995122 -0.0898609 -2.76168 -0.98902 0.0529167 0.137984 59.0106
0.14799 0.0814797 0.985626 49.7697 0.0409313 0.995241 -0.0884204 -2.82705 -0.988141 0.0534284 0.143951 59.1497
0.15414 0.0787463 0.984906 50.5602 0.0399507 0.995507 -0.0858463 -2.88687 -0.987241 0.0525801 0.150301 59.2933
0.161706 0.0734606 0.984101 51.365 0.0372336 0.996061 -0.0804717 -2.95182 -0.986136 0.0496545 0.158334 59.4292
0.168698 0.06642 0.983427 52.172 0.0348556 0.996701 -0.0732957 -3.00964 -0.985051 0.0466429 0.165827 59.5765
0.176092 0.0633067 0.982336 52.9789 0.0359441 0.99685 -0.0706854 -3.07497 -0.983717 0.0477564 0.173262 59.7261
0.183388 0.0646365 0.980913 53.745 0.0354659 0.996751 -0.0723108 -3.14017 -0.9824 0.04805 0.1805 59.8562
0.189302 0.0696255 0.979447 54.5535 0.0357613 0.996332 -0.0777376 -3.217 -0.981267 0.0497422 0.186118 60.0276
0.194666 0.072666 0.978174 55.3732 0.0337578 0.996165 -0.0807206 -3.29012 -0.980288 0.0487346 0.191466 60.206
0.200248 0.0749747 0.976872 56.1482 0.0323991 0.996015 -0.0830854 -3.36338 -0.979209 0.0482875 0.197021 60.3636
0.207217 0.0745129 0.975453 56.9185 0.0305226 0.996117 -0.0825754 -3.4273 -0.977819 0.0468844 0.204138 60.5064
0.214 0.0712647 0.97423 57.6701 0.0347631 0.996147 -0.0805041 -3.48777 -0.976215 0.0510952 0.210698 60.6418
0.220322 0.0635305 0.973356 58.4389 0.0367792 0.996626 -0.0733745 -3.55716 -0.974733 0.0519654 0.217242 60.7921
0.223471 0.0558564 0.973108 59.2094 0.0354563 0.99723 -0.0653835 -3.63412 -0.974065 0.0491142 0.220872 60.9813
0.227847 0.0510744 0.972356 59.9734 0.0319757 0.997692 -0.0598979 -3.7065 -0.973172 0.0447394 0.225688 61.1612
0.232358 0.0504026 0.971323 60.6785 0.0306388 0.997781 -0.0591049 -3.76435 -0.972147 0.0434937 0.230299 61.3135
0.236158 0.0524193 0.970299 61.4191 0.028766 0.997729 -0.0609024 -3.8127 -0.971288 0.0422944 0.234114 61.481
0.238084 0.0556011 0.969651 62.1352 0.0249611 0.99768 -0.0633372 -3.87296 -0.970923 0.0392832 0.236144 61.6637
0.240832 0.0589168 0.968776 62.8148 0.0242247 0.99748 -0.0666845 -3.92802 -0.970264 0.0395282 0.238798 61.8197
0.243898 0.0643727 0.967662 63.504 0.0235612 0.997106 -0.0722701 -3.97236 -0.969514 0.0404258 0.241676 61.984
0.245744 0.0658333 0.967096 64.186 0.0247123 0.996941 -0.0741445 -4.02423 -0.969019 0.0421198 0.243365 62.1555
0.245612 0.0660874 0.967112 64.8915 0.0217668 0.997045 -0.0736609 -4.07095 -0.969123 0.039143 0.243448 62.3858
0.247466 0.0629336 0.96685 65.5217 0.0222398 0.997256 -0.0706051 -4.11928 -0.968641 0.038975 0.245387 62.5104
0.248544 0.0604782 0.96673 66.1948 0.0227869 0.997407 -0.0682558 -4.1636 -0.968352 0.0389934 0.246522 62.6835
0.249234 0.0590766 0.966639 66.8262 0.0244175 0.997437 -0.0672545 -4.20576 -0.968135 0.0403651 0.247153 62.8226
0.248915 0.0581292 0.966779 67.4751 0.0246484 0.997493 -0.0663222 -4.24856 -0.968211 0.0403382 0.246859 62.9832
0.248756 0.0587881 0.96678 68.091 0.024217 0.997466 -0.0668852 -4.29089 -0.968263 0.0400507 0.246702 63.1189
0.247468 0.0615568 0.966938 68.7196 0.0238118 0.997291 -0.0695833 -4.33402 -0.968603 0.0402442 0.245333 63.2854
0.24518 0.0646676 0.967318 69.3048 0.0260866 0.996971 -0.073262 -4.38234 -0.969126 0.0431966 0.242751 63.4235
0.242922 0.0652125 0.967851 69.9023 0.028918 0.996807 -0.0744218 -4.41616 -0.969614 0.0460671 0.240261 63.581
0.240185 0.0633088 0.96866 70.4823 0.0290367 0.996956 -0.072358 -4.46455 -0.970292 0.045506 0.237615 63.7355
0.237117 0.0602535 0.96961 71.0533 0.0279666 0.997237 -0.0688095 -4.51023 -0.971078 0.0434327 0.234777 63.8783
0.234486 0.0559007 0.97051 71.6185 0.0291582 0.997491 -0.0644998 -4.5542 -0.971682 0.0434227 0.232268 64.0208
0.229589 0.0541976 0.971777 72.1174 0.0333669 0.997423 -0.0635111 -4.59707 -0.972715 0.0470067 0.227189 64.1673
0.227703 0.0553554 0.972155 72.6482 0.0375119 0.997143 -0.0655645 -4.62791 -0.973007 0.0513967 0.224976 64.2794
0.223882 0.0573791 0.972925 73.1465 0.0416045 0.996792 -0.0683604 -4.65847 -0.973727 0.0557828 0.220777 64.3957
0.22203 0.0596054 0.973216 73.6664 0.0410221 0.996674 -0.070401 -4.68541 -0.974176 0.0555546 0.218847 64.5034
0.217161 0.0629153 0.974106 74.1654 0.0406897 0.996469 -0.0734309 -4.71251 -0.975287 0.0555825 0.213835 64.6618
0.215803 0.0613846 0.974505 74.7163 0.0430515 0.996453 -0.0723008 -4.745 -0.975487 0.0575568 0.212395 64.7753
0.216074 0.0591308 0.974584 75.2719 0.0497052 0.996204 -0.0714626 -4.78399 -0.975111 0.0638832 0.212315 64.8936
0.217975 0.0568944 0.974294 75.8095 0.0550644 0.995992 -0.0704808 -4.81764 -0.974399 0.0690121 0.213969 64.9902
0.21872 0.0563392 0.97416 76.3334 0.0575013 0.995852 -0.0705041 -4.85323 -0.974092 0.0714362 0.214573 65.1151
0.22152 0.0557929 0.973558 76.8879 0.0554898 0.996023 -0.0697063 -4.89312 -0.973575 0.0694639 0.217543 65.2597
0.225555 0.0569348 0.972565 77.4484 0.0540283 0.996023 -0.0708382 -4.93289 -0.972731 0.068524 0.221582 65.4357
0.230976 0.0562002 0.971335 77.9762 0.0546003 0.996008 -0.0706114 -4.96813 -0.971426 0.0693448 0.226986 65.5639
0.237388 0.0563578 0.969778 78.5534 0.0530345 0.996074 -0.0708681 -5.00483 -0.969966 0.0682551 0.233468 65.7475
0.245207 0.0529635 0.968023 79.0941 0.055858 0.996076 -0.0686476 -5.03203 -0.96786 0.0709047 0.241286 65.8828
0.253477 0.0525522 0.965913 79.6701 0.0533153 0.996246 -0.0681937 -5.06772 -0.965871 0.0687835 0.249724 66.0622
0.262229 0.0526699 0.963567 80.2263 0.0521462 0.996277 -0.0686491 -5.10251 -0.963596 0.0682482 0.258506 66.2208
0.271208 0.056074 0.960886 80.8181 0.047497 0.996305 -0.0715469 -5.14444 -0.961348 0.0650433 0.267543 66.4168
0.279675 0.0588585 0.958289 81.3785 0.0436332 0.996308 -0.0739279 -5.18089 -0.959103 0.0624891 0.276074 66.5835
0.288892 0.0611917 0.955404 82.0779 0.0405543 0.996277 -0.0760723 -5.23324 -0.956502 0.0607225 0.285335 66.9146
0.29897 0.0623846 0.952221 82.6507 0.0400087 0.996164 -0.077825 -5.27336 -0.953423 0.0613645 0.295327 67.0751
0.308205 0.063508 0.949197 83.2716 0.0364347 0.996249 -0.0784864 -5.31991 -0.950622 0.0587737 0.304735 67.3051
0.317677 0.0641653 0.946025 83.8785 0.0355318 0.996201 -0.0795002 -5.36281 -0.947533 0.0588694 0.314191 67.5145
0.327521 0.0646524 0.942629 84.5277 0.0322707 0.996308 -0.0795467 -5.40885 -0.944292 0.0564726 0.324226 67.768
0.337741 0.0594203 0.939361 85.1996 0.0334694 0.996616 -0.0750757 -5.45539 -0.940643 0.0567961 0.33461 68.0428
0.34902 0.0521514 0.935662 85.8201 0.0376649 0.996863 -0.0696123 -5.49197 -0.936357 0.0595378 0.345961 68.2197
0.359022 0.0481654 0.932085 86.4842 0.0394987 0.996988 -0.0667334 -5.53059 -0.932492 0.060775 0.356038 68.4864
0.368745 0.0445209 0.928464 87.1862 0.0397437 0.997183 -0.0636006 -5.57299 -0.92868 0.0603531 0.365937 68.8072
0.377679 0.0421091 0.924978 87.8518 0.045758 0.996896 -0.0640667 -5.6112 -0.924805 0.0665219 0.37458 69.0676
0.385713 0.0380086 0.921835 88.5268 0.0515188 0.996704 -0.062652 -5.63267 -0.921179 0.0716577 0.382484 69.3439
0.392118 0.0286091 0.91947 89.2128 0.0613121 0.996481 -0.0571525 -5.66823 -0.917869 0.0787852 0.388984 69.6173
0.398427 0.0249414 0.91686 89.9116 0.0664065 0.996222 -0.0559577 -5.69467 -0.914792 0.0831807 0.395266 69.9239
0.404679 0.0239862 0.914144 90.5999 0.0694392 0.995963 -0.0568729 -5.74729 -0.911818 0.0864928 0.40138 70.226
0.412512 0.030137 0.910453 91.3828 0.0715035 0.995297 -0.0653426 -5.79136 -0.908141 0.0920552 0.408418 70.6038
0.418926 0.0338203 0.90739 92.0747 0.0757588 0.99452 -0.0720444 -5.84008 -0.904854 0.0989241 0.414069 70.9181
0.423418 0.0364391 0.905201 92.7901 0.0734125 0.994524 -0.0743744 -5.89224 -0.902954 0.0979446 0.418425 71.2688
0.426886 0.0394833 0.903443 93.4801 0.0657596 0.995046 -0.0745586 -5.92859 -0.901911 0.0912381 0.422175 71.6216
0.430201 0.0417928 0.901765 94.2505 0.0591423 0.995476 -0.0743506 -6.02929 -0.900793 0.0853183 0.425784 72.0635
0.432629 0.0435741 0.900518 94.9754 0.058296 0.995389 -0.0761714 -6.12345 -0.899685 0.0854506 0.428095 72.4701
0.436433 0.0460516 0.898557 95.7417 0.0548614 0.995468 -0.0776649 -6.23504 -0.898062 0.0831917 0.43193 72.8986
0.440139 0.0517325 0.896438 96.4363 0.0497556 0.9954 -0.0818728 -6.26571 -0.89655 0.0806383 0.435541 73.2489
0.444492 0.0521881 0.894261 97.0924 0.0474777 0.995525 -0.0816966 -6.3009 -0.894523 0.078771 0.440026 73.5544
0.449387 0.0501198 0.89193 97.7888 0.0487271 0.995563 -0.0804937 -6.34274 -0.892007 0.0796341 0.444951 73.9019
0.452769 0.0499917 0.890225 98.4194 0.0471445 0.995688 -0.0798919 -6.37321 -0.89038 0.0781419 0.44846 74.2011
0.457025 0.0514923 0.887962 99.0718 0.0450617 0.9957 -0.0809328 -6.40895 -0.888312 0.0770015 0.452739 74.5301
0.460484 0.0541605 0.886014 99.7171 0.0425754 0.99564 -0.0829893 -6.46252 -0.886646 0.0759377 0.456171 74.8847
0.463118 0.0556563 0.884547 100.315 0.042983 0.995441 -0.0851383 -6.50804 -0.885253 0.0774496 0.458615 75.1883
0.464631 0.0538521 0.883865 100.942 0.0458392 0.995348 -0.0847412 -6.55885 -0.884317 0.0798892 0.460001 75.5443
0.46716 0.0531126 0.882576 101.543 0.0476493 0.995231 -0.0851136 -6.61216 -0.882887 0.0818158 0.462402 75.8448
0.468257 0.0534411 0.881974 102.137 0.0466221 0.995284 -0.0850594 -6.66516 -0.882361 0.0809493 0.463557 76.1801
0.47081 0.0528375 0.88065 102.699 0.0484664 0.995148 -0.0856181 -6.71362 -0.880902 0.0829919 0.465966 76.4553
0.473853 0.054895 0.878891 103.266 0.0480659 0.994955 -0.0880589 -6.7644 -0.87929 0.0839718 0.468824 76.7477
0.47705 0.054901 0.877159 103.827 0.0511457 0.994621 -0.0900689 -6.816 -0.877386 0.0878304 0.471676 77.0305
0.48071 0.0541861 0.875203 104.4 0.0530605 0.994462 -0.0907135 -6.87214 -0.875272 0.0900457 0.475173 77.3456
0.484413 0.0519914 0.873293 104.952 0.0569868 0.994237 -0.0908021 -6.92351 -0.872981 0.093752 0.478659 77.6353
0.488529 0.0505525 0.871081 105.481 0.0590828 0.994112 -0.090828 -6.97253 -0.870544 0.0958382 0.482667 77.9042
0.491844 0.049833 0.869256 106.015 0.0606218 0.993978 -0.0912843 -7.02834 -0.86857 0.0975935 0.485861 78.2279
0.495923 0.0489779 0.866983 106.502 0.0613327 0.993939 -0.0912328 -7.07429 -0.866197 0.098419 0.489914 78.4627
0.499855 0.0485684 0.864746 107.016 0.0626136 0.993787 -0.092009 -7.12712 -0.863842 0.100136 0.493709 78.7505
0.503757 0.0501843 0.862386 107.515 0.0616049 0.993682 -0.0938109 -7.18295 -0.861645 0.100385 0.497483 79.0518
0.50781 0.0501222 0.860009 108.012 0.063925 0.993361 -0.0956398 -7.23905 -0.859093 0.103543 0.501235 79.3524
0.51268 0.0536668 0.856901 108.496 0.0612454 0.993216 -0.0988469 -7.29482 -0.856392 0.103158 0.505915 79.6333
0.518333 0.0594318 0.853111 108.98 0.0574664 0.992906 -0.104086 -7.35342 -0.853245 0.102977 0.511241 79.9331
0.523976 0.0664215 0.849139 109.446 0.0519994 0.9926 -0.10973 -7.41228 -0.850143 0.101651 0.516645 80.2443
0.529177 0.072573 0.845401 109.884 0.0467709 0.992326 -0.114462 -7.46971 -0.84722 0.100111 0.521723 80.5493
0.535059 0.0770971 0.841289 110.369 0.0430199 0.992048 -0.118274 -7.5355 -0.843718 0.0994757 0.527488 80.8905
0.540519 0.0774181 0.837762 110.857 0.0386397 0.992422 -0.11664 -7.59929 -0.840443 0.0954174 0.533432 81.2205
0.546135 0.076594 0.834187 111.349 0.032209 0.993154 -0.112277 -7.66455 -0.837077 0.0881869 0.53993 81.5613
0.551947 0.0743141 0.83056 111.843 0.0252413 0.994075 -0.105719 -7.74356 -0.833496 0.0793156 0.546802 81.9088
0.556817 0.0730764 0.827414 112.342 0.0172864 0.994887 -0.0995006 -7.82551 -0.830454 0.0697068 0.552707 82.2938
0.563549 0.0710575 0.82302 112.832 0.0139838 0.99533 -0.0955095 -7.89424 -0.825963 0.0653333 0.559924 82.6128
0.569571 0.0746846 0.818542 113.331 0.00835207 0.995286 -0.0966225 -7.95436 -0.821899 0.06187 0.566262 82.984
0.575461 0.0785632 0.814047 113.846 0.00413523 0.995083 -0.0989581 -8.01821 -0.817818 0.0603129 0.572306 83.3823
0.581972 0.0817397 0.80909 114.357 0.000833778 0.994875 -0.101109 -8.0852 -0.813207 0.0595171 0.578922 83.7409
0.588111 0.083624 0.804445 114.892 -0.00165733 0.994762 -0.102196 -8.15317 -0.808778 0.0587697 0.58517 84.1537
0.594467 0.0841571 0.799704 115.421 -0.00566572 0.994922 -0.100489 -8.23208 -0.8041 0.0552067 0.591925 84.5668
0.600758 0.0854365 0.794852 115.98 -0.0119522 0.995121 -0.0979293 -8.31981 -0.799341 0.0493316 0.598848 85.0379
0.608745 0.0829545 0.789017 116.512 -0.0140467 0.995489 -0.0938249 -8.40559 -0.793241 0.0460325 0.607165 85.4043
0.616173 0.0807154 0.783464 117.091 -0.0151856 0.995767 -0.0906447 -8.48139 -0.787464 0.0439556 0.614791 85.8831
0.625378 0.0805697 0.776151 117.696 -0.0157134 0.995753 -0.090705 -8.54367 -0.780163 0.044529 0.623989 86.3499
0.634874 0.0825681 0.76819 118.309 -0.0201916 0.995706 -0.090335 -8.60743 -0.772351 0.0418404 0.633816 86.838
0.643979 0.0828961 0.760538 118.89 -0.0211267 0.99566 -0.0906347 -8.67209 -0.764751 0.0422993 0.642936 87.3006
0.650685 0.0833792 0.754756 119.464 -0.0226677 0.995643 -0.0904483 -8.73272 -0.759009 0.0417448 0.64974 87.8226
0.655108 0.0825154 0.751016 120.033 -0.0226453 0.995716 -0.0896477 -8.79016 -0.755195 0.041722 0.65417 88.3541
0.658709 0.0808685 0.748039 120.629 -0.0212862 0.995812 -0.0889104 -8.85186 -0.752096 0.0426432 0.657672 88.8954
0.662903 0.0784844 0.74458 121.224 -0.0181747 0.995884 -0.0887929 -8.91238 -0.748484 0.0453287 0.661602 89.4198
0.666775 0.074594 0.741516 121.863 -0.0126177 0.995965 -0.0888449 -8.97293 -0.745151 0.0498834 0.665026 89.9976
0.669888 0.0670599 0.739427 122.455 -0.00475984 0.99628 -0.0860422 -9.06196 -0.742446 0.0541192 0.667716 90.5437
0.673141 0.0605181 0.737034 123.072 0.000569909 0.996603 -0.0823519 -9.14304 -0.739514 0.0558545 0.67082 91.1151
0.675647 0.0548552 0.735182 123.68 0.00578559 0.996802 -0.079693 -9.21356 -0.737202 0.0580978 0.673169 91.6865
0.678404 0.0531879 0.732761 124.287 0.00581795 0.996955 -0.0777511 -9.28265 -0.734665 0.0570099 0.67603 92.2613
0.679767 0.0539596 0.73144 124.884 0.00564829 0.996875 -0.0787905 -9.34955 -0.733405 0.0576907 0.677338 92.8641
0.683041 0.0588949 0.728001 125.52 -0.000146185 0.996754 -0.0804998 -9.41393 -0.730379 0.0548783 0.680833 93.4878
0.685713 0.062179 0.725211 126.166 -0.00622802 0.996809 -0.0795767 -9.48121 -0.727845 0.0500502 0.683912 94.1415
0.687887 0.0586827 0.723441 126.774 -0.0064253 0.997179 -0.0747777 -9.55259 -0.725789 0.0467904 0.686324 94.7274
0.69198 0.0553945 0.719788 127.42 -0.00967587 0.997673 -0.0674784 -9.62237 -0.721851 0.0397292 0.690906 95.342
0.695174 0.0498941 0.717108 128.043 -0.00946278 0.998137 -0.0602739 -9.68999 -0.718779 0.0351151 0.694351 95.9527
0.699475 0.0451045 0.713232 128.677 -0.00731935 0.998406 -0.0559606 -9.7575 -0.714619 0.0339227 0.69869 96.5943
0.703446 0.0415076 0.709535 129.296 -0.00157945 0.998382 -0.0568392 -9.81654 -0.710746 0.0388627 0.702374 97.2144
0.70821 0.0388587 0.704931 129.921 0.00810125 0.997971 -0.0631512 -9.86233 -0.705954 0.0504352 0.706459 97.806
0.712674 0.0398099 0.700364 130.581 0.0138796 0.997392 -0.0708171 -9.92425 -0.701357 0.0601904 0.710264 98.5194
0.71744 0.0399796 0.695472 131.225 0.0167397 0.997074 -0.0745859 -9.98795 -0.696418 0.0651529 0.714671 99.2122
0.722355 0.0365602 0.690555 131.852 0.018055 0.997263 -0.0716849 -10.0471 -0.691286 0.06425 0.719719 99.8716
0.727764 0.0309248 0.68513 132.514 0.0227857 0.997341 -0.0692208 -10.1134 -0.685448 0.0659877 0.725125 100.626
0.732581 0.0268769 0.680148 133.113 0.027997 0.997184 -0.0695604 -10.1702 -0.680103 0.0700008 0.729767 101.196
0.737015 0.0286001 0.67527 133.761 0.0296625 0.996772 -0.0745917 -10.2483 -0.675224 0.0750055 0.733789 101.954
0.740621 0.0294567 0.671277 134.383 0.0290217 0.996703 -0.0757567 -10.3165 -0.671295 0.0755886 0.737325 102.617
0.743879 0.0268071 0.667777 135.007 0.0309303 0.996743 -0.0744685 -10.3874 -0.667598 0.0760501 0.740627 103.316
0.746502 0.0204813 0.665068 135.633 0.0352368 0.996906 -0.0702521 -10.4484 -0.664449 0.0758782 0.743471 103.979
0.747923 0.0162171 0.663587 136.27 0.0384908 0.996959 -0.067747 -10.5096 -0.662667 0.0762116 0.745025 104.693
0.749133 0.0112949 0.662323 136.908 0.0421273 0.997018 -0.0646517 -10.5729 -0.661077 0.0763347 0.746424 105.375
0.749467 0.00975375 0.661969 137.542 0.0427773 0.997088 -0.0631231 -10.638 -0.660657 0.075626 0.746868 106.11
0.749356 0.0105571 0.662083 138.159 0.0399566 0.99733 -0.0611264 -10.7208 -0.66096 0.07226 0.746933 106.813
0.74911 0.0128654 0.662321 138.783 0.0372044 0.997416 -0.0614542 -10.8028 -0.661399 0.0706772 0.746696 107.521
0.748018 0.0168252 0.663466 139.395 0.03227 0.997574 -0.0616806 -10.875 -0.662893 0.0675483 0.74566 108.208
0.746039 0.0210483 0.66557 140.015 0.0275484 0.997669 -0.0624298 -10.9488 -0.665332 0.0649105 0.74372 108.904
0.744231 0.0241127 0.667487 140.648 0.0225996 0.997866 -0.0612455 -11.0166 -0.667539 0.0606657 0.742098 109.628
0.742175 0.0258539 0.669708 141.281 0.0196398 0.997987 -0.0602921 -11.0827 -0.669918 0.0579002 0.740173 110.326
0.740844 0.0243079 0.671237 141.919 0.0197182 0.998127 -0.0579088 -11.1421 -0.671387 0.056137 0.738977 110.99
0.739254 0.0227658 0.673042 142.559 0.019079 0.998319 -0.0547244 -11.1913 -0.673155 0.0532963 0.737577 111.684
0.737047 0.0181372 0.675598 143.197 0.0239304 0.998312 -0.052908 -11.238 -0.675417 0.0551631 0.73537 112.355
0.734683 0.0221654 0.678049 143.823 0.0233928 0.998044 -0.0579728 -11.285 -0.678007 0.0584531 0.732727 112.995
0.732436 0.0314458 0.680109 144.467 0.0186154 0.997634 -0.0661748 -11.3417 -0.68058 0.0611294 0.730118 113.676
0.729834 0.0381988 0.682556 145.136 0.015731 0.997234 -0.0726303 -11.395 -0.683442 0.0637454 0.727215 114.416
0.728191 0.0365327 0.6844 145.743 0.0147659 0.99751 -0.0689569 -11.4378 -0.685215 0.0603196 0.725838 114.942
0.725451 0.0349617 0.687385 146.461 0.0118176 0.997929 -0.0632286 -11.5028 -0.688172 0.0539926 0.723535 115.714
0.722187 0.033086 0.690907 147.108 0.00985195 0.998262 -0.0581026 -11.5649 -0.691627 0.0487678 0.720606 116.394
0.718926 0.0325959 0.694322 147.761 0.0104732 0.998278 -0.05771 -11.6255 -0.695007 0.048761 0.717347 117.09
0.718991 0.0289084 0.694418 148.449 0.0133935 0.998372 -0.0554294 -11.6909 -0.69489 0.0491539 0.717434 117.663
0.718369 0.0266411 0.695152 149.132 0.0182837 0.998198 -0.0571494 -11.7436 -0.695422 0.0537644 0.716587 118.277
0.714833 0.0247799 0.698856 149.774 0.0223529 0.998051 -0.0582528 -11.8022 -0.698937 0.0572625 0.712886 118.913
0.711348 0.0234475 0.702449 150.421 0.0262945 0.997855 -0.0599357 -11.8613 -0.702348 0.0611057 0.709206 119.545
0.708422 0.0220534 0.705445 151.079 0.0271611 0.997919 -0.0584724 -11.9164 -0.705266 0.0605838 0.706349 120.177
0.703064 0.0228018 0.710761 151.725 0.0255235 0.998032 -0.0572649 -11.9765 -0.710667 0.058402 0.701099 120.891
0.698919 0.0214811 0.714878 152.366 0.0274729 0.998004 -0.0568484 -12.0155 -0.714672 0.0593723 0.696935 121.448
0.694142 0.0235205 0.719454 153.03 0.0254565 0.998038 -0.057189 -12.06 -0.719387 0.0580121 0.692182 122.062
0.688961 0.0302664 0.724166 153.717 0.0218719 0.997804 -0.0625117 -12.1095 -0.724468 0.058907 0.686787 122.721
0.68422 0.0352043 0.728425 154.398 0.0197052 0.997577 -0.0667217 -12.1572 -0.729008 0.0600061 0.681869 123.341
0.678936 0.0372743 0.733251 155.078 0.0199613 0.997404 -0.0691851 -12.2072 -0.733926 0.061609 0.676429 123.96
0.671924 0.0328909 0.739889 155.737 0.0184603 0.997959 -0.0611277 -12.2549 -0.740389 0.0547318 0.669946 124.573
0.665488 0.0294715 0.745827 156.427 0.0128384 0.99862 -0.0509163 -12.3015 -0.746298 0.0434594 0.664191 125.21
0.658376 0.0248458 0.75228 157.105 0.0133143 0.998914 -0.0446438 -12.3437 -0.752571 0.0394085 0.65733 125.812
0.650512 0.0274018 0.759001 157.833 0.00710601 0.999085 -0.0421599 -12.3815 -0.759462 0.032819 0.649723 126.511
0.643837 0.028644 0.764627 158.549 0.00797676 0.998993 -0.0441404 -12.4237 -0.765121 0.0345185 0.642961 127.013
0.638656 0.0279081 0.768986 159.262 0.0133245 0.998791 -0.0473145 -12.472 -0.769376 0.040464 0.637512 127.47
0.631871 0.0358177 0.774246 160.006 0.0146206 0.998203 -0.0581104 -12.5115 -0.774935 0.0480382 0.630212 128.073
0.625001 0.0366892 0.779762 160.811 0.0185158 0.997917 -0.0617948 -12.5495 -0.780404 0.0530598 0.62302 128.744
0.617514 0.0320572 0.785906 161.524 0.0219331 0.998078 -0.0579455 -12.6012 -0.786253 0.0530196 0.615625 129.312
0.610471 0.0254147 0.791631 162.275 0.0268221 0.998248 -0.052732 -12.6498 -0.791584 0.0534246 0.60872 129.862
0.603937 0.0240089 0.796671 163.052 0.0278955 0.998297 -0.0512322 -12.6992 -0.796543 0.0531645 0.602239 130.444
0.596722 0.0251296 0.802055 163.738 0.0270792 0.998309 -0.0514253 -12.7455 -0.801991 0.0524056 0.595033 130.938
0.58935 0.0226882 0.80756 164.543 0.0318572 0.998175 -0.0512926 -12.7979 -0.807249 0.0559559 0.587552 131.616
0.583491 0.0164189 0.811954 165.313 0.037215 0.998204 -0.0469289 -12.8449 -0.811266 0.0575995 0.581833 132.199
0.578286 0.0138152 0.815718 166.037 0.0375294 0.998347 -0.043514 -12.8901 -0.81497 0.055777 0.576812 132.708
0.573917 0.0121738 0.818824 166.804 0.0365957 0.998509 -0.0404954 -12.9348 -0.818095 0.0532064 0.572616 133.268
0.569621 0.0135557 0.821796 167.597 0.0368229 0.998439 -0.041993 -12.9773 -0.821082 0.0541811 0.568233 133.845
0.566334 0.0157381 0.824026 168.251 0.0385122 0.99822 -0.0455337 -13.0038 -0.823275 0.0575224 0.56472 134.223
0.563849 0.0214573 0.8256 168.983 0.0379443 0.997933 -0.0518507 -13.0395 -0.825005 0.0605627 0.56187 134.714
0.561091 0.0241549 0.827402 169.76 0.0359569 0.997919 -0.0535166 -13.0787 -0.826972 0.0597785 0.559055 135.272
0.559078 0.0195319 0.828885 170.47 0.0369676 0.99814 -0.0484547 -13.1102 -0.82829 0.0577319 0.557317 135.721
0.557441 0.0113968 0.830139 171.207 0.0410742 0.998302 -0.041287 -13.1401 -0.8292 0.0571124 0.556027 136.206
0.555814 0.00666827 0.83128 171.908 0.045561 0.99822 -0.0384707 -13.1662 -0.830057 0.0592565 0.554521 136.625
