1 0 0 0 0 1 0 0 0 0 1 0
0.999996 0.00243251 0.00119899 -0.035287 -0.00243143 0.999997 -0.00090136 0.0139765 -0.00120117 0.000898442 0.999999 1.33554
0.999995 0.00150197 0.00266999 -0.0676752 -0.00149948 0.999999 -0.000935565 -0.00396553 -0.00267139 0.000931557 0.999996 2.70275
0.999991 3.18724e-05 0.00433671 -0.11085 -2.18233e-05 0.999997 -0.00231717 -0.0240781 -0.00433677 0.00231705 0.999988 4.03119
0.999984 -0.000368864 0.00571701 -0.123676 0.000381224 0.999998 -0.00216086 -0.047723 -0.0057162 0.00216301 0.999981 5.43393
0.999981 -0.0011946 0.00597627 -0.12609 0.00120563 0.999998 -0.00184303 -0.0661069 -0.00597406 0.0018502 0.999981 6.77255
0.999977 -0.00242454 0.00629372 -0.128275 0.00243036 0.999997 -0.00091665 -0.0833776 -0.00629148 0.000931925 0.99998 8.11015
0.99998 -0.00157335 0.00617128 -0.115559 0.00158044 0.999998 -0.00114374 -0.0938859 -0.00616947 0.00115347 0.99998 9.49791
0.99998 -0.000214798 0.00626556 -0.12082 0.000233971 0.999995 -0.00305947 -0.114545 -0.00626487 0.00306087 0.999976 10.8688
0.999975 0.00266349 0.00654242 -0.116351 -0.00263047 0.999984 -0.00505091 -0.138191 -0.00655577 0.00503358 0.999966 12.259
0.999956 0.00581723 0.00741091 -0.130453 -0.00577088 0.999964 -0.00626111 -0.167457 -0.00744707 0.00621806 0.999953 13.6031
0.999927 0.00840302 0.00867761 -0.156446 -0.00835321 0.999949 -0.00576061 -0.206143 -0.00872557 0.00568771 0.999946 14.9538
0.999909 0.00853674 0.0104101 -0.18344 -0.00848795 0.999953 -0.00472151 -0.238143 -0.0104499 0.00463273 0.999935 16.3145
0.999902 0.00586164 0.0127077 -0.202048 -0.00583731 0.999981 -0.00195065 -0.266756 -0.0127189 0.00187628 0.999917 17.6929
0.999871 0.00215178 0.0159257 -0.243049 -0.00214688 0.999998 -0.000325365 -0.288701 -0.0159264 0.000291134 0.999873 19.0515
0.999846 -6.64416e-05 0.0175517 -0.252592 0.000115203 0.999996 -0.00277716 -0.313114 -0.0175514 0.00277876 0.999842 20.4344
0.999799 -0.000787086 0.0200391 -0.269609 0.000891388 0.999986 -0.00519653 -0.338492 -0.0200347 0.00521335 0.999786 21.7713
0.999771 0.00164193 0.0213335 -0.255908 -0.00149579 0.999976 -0.0068645 -0.368861 -0.0213442 0.00683102 0.999749 23.1843
0.999673 0.00504538 0.0250719 -0.289714 -0.00491047 0.999973 -0.00543948 -0.392568 -0.0250987 0.00531459 0.999671 24.5636
0.999659 0.00518832 0.0255879 -0.254699 -0.00516308 0.999986 -0.0010525 -0.438347 -0.025593 0.000920029 0.999672 25.989
0.999591 0.00325759 0.0284201 -0.265753 -0.00327469 0.999995 0.000555048 -0.457435 -0.0284181 -0.000647885 0.999596 27.3733
0.99954 9.86336e-06 0.0303419 -0.259487 2.41132e-05 1 -0.00111943 -0.48543 -0.0303419 0.00111965 0.999539 28.7696
0.999497 -0.000542017 0.0317028 -0.251721 0.000649483 0.999994 -0.00337958 -0.515984 -0.0317008 0.00339848 0.999492 30.1632
0.999428 -0.00109309 0.0338088 -0.244864 0.00128235 0.999984 -0.00557673 -0.550101 -0.0338021 0.00561689 0.999413 31.5282
0.999366 0.00253848 0.0355233 -0.211506 -0.00228529 0.999972 -0.00716611 -0.570265 -0.0355404 0.00708039 0.999343 32.8942
0.999333 0.00437743 0.0362683 -0.175433 -0.00402758 0.999945 -0.00971372 -0.597721 -0.0363088 0.00956117 0.999295 34.2957
0.99931 0.00533994 0.0367691 -0.133747 -0.00498333 0.99994 -0.00978338 -0.622452 -0.0368192 0.00959339 0.999276 35.7265
0.999294 0.00643431 0.0370068 -0.0946345 -0.00608978 0.999937 -0.00941508 -0.645397 -0.037065 0.00918307 0.999271 37.15
0.999286 0.00745808 0.0370392 -0.0581226 -0.00716042 0.999941 -0.00816241 -0.674204 -0.0370979 0.00789137 0.99928 38.5976
0.99924 0.0105331 0.0375318 -0.0212666 -0.0102237 0.999913 -0.008425 -0.702594 -0.0376172 0.00803488 0.99926 40.0499
0.999178 0.0134311 0.0382405 0.0171381 -0.0130898 0.999873 -0.00916063 -0.734401 -0.0383587 0.00865254 0.999227 41.4883
0.99911 0.015717 0.0391362 0.0565144 -0.0153677 0.99984 -0.00921132 -0.766056 -0.0392747 0.00860169 0.999191 42.9255
0.999087 0.016643 0.039357 0.103159 -0.0162935 0.999825 -0.00918573 -0.802845 -0.039503 0.00853608 0.999183 44.4063
0.999096 0.0158886 0.039435 0.152239 -0.0155336 0.999837 -0.00929149 -0.838824 -0.0395761 0.00867052 0.999179 45.8753
0.999116 0.0153826 0.039133 0.202033 -0.0149834 0.999833 -0.0104719 -0.859319 -0.0392876 0.00987628 0.999179 47.3112
0.999121 0.0162717 0.0386188 0.249523 -0.0158468 0.999811 -0.0112829 -0.886664 -0.038795 0.010661 0.99919 48.7134
0.999141 0.0178505 0.0374024 0.308655 -0.0174538 0.999788 -0.0109075 -0.915513 -0.0375892 0.0102453 0.999241 50.1602
0.99917 0.0186807 0.0362006 0.364407 -0.0182661 0.999764 -0.0117493 -0.954349 -0.0364115 0.0110783 0.999275 51.6157
0.999152 0.0201909 0.0358857 0.404938 -0.0197494 0.999726 -0.0126161 -0.979771 -0.0361306 0.0118967 0.999276 53.0623
0.999115 0.0226661 0.0354351 0.43934 -0.0221608 0.999648 -0.0145892 -0.98394 -0.0357533 0.013791 0.999265 54.497
0.999117 0.0227974 0.035288 0.483249 -0.0222662 0.999634 -0.0153741 -1.00817 -0.0356255 0.0145748 0.999259 55.9687
0.999098 0.0220797 0.0362686 0.510995 -0.0214812 0.999628 -0.0168094 -1.02713 -0.0366263 0.0160152 0.999201 57.4195
0.999128 0.0202867 0.0364813 0.555782 -0.0196286 0.99964 -0.0183086 -1.06198 -0.0368395 0.0175765 0.999167 58.8572
0.999034 0.0219554 0.0380707 0.574063 -0.0212005 0.999573 -0.0201212 -1.09774 -0.0384962 0.0192947 0.999072 60.2944
0.998917 0.023629 0.0400805 0.612379 -0.022774 0.999506 -0.0216549 -1.13578 -0.0405724 0.0207186 0.998962 61.7292
0.998853 0.0234809 0.0417228 0.653323 -0.0225559 0.999492 -0.0225041 -1.1736 -0.0422301 0.0215372 0.998876 63.1721
0.998923 0.0215578 0.0410828 0.745087 -0.0205962 0.999507 -0.0236882 -1.2242 -0.0415733 0.0228166 0.998875 64.6082
0.998997 0.0173954 0.0412676 0.830154 -0.0164162 0.999579 -0.0239494 -1.28306 -0.0416669 0.0232479 0.998861 66.026
0.998959 0.0173583 0.0421879 0.895274 -0.016356 0.999579 -0.0239884 -1.34524 -0.0425865 0.0232734 0.998822 67.4593
0.99892 0.017935 0.0428533 0.953617 -0.0169268 0.999574 -0.0237742 -1.40967 -0.0432614 0.0230231 0.998798 68.9208
0.998771 0.020778 0.0449934 0.994505 -0.019772 0.999547 -0.0226884 -1.47071 -0.0454445 0.0217709 0.99873 70.3129
0.998588 0.0244437 0.0471601 1.03021 -0.0234219 0.999482 -0.022098 -1.51843 -0.0476758 0.0209622 0.998643 71.7396
0.998356 0.0283601 0.0498048 1.07354 -0.0273054 0.999391 -0.0217314 -1.58158 -0.0503908 0.0203357 0.998523 73.1178
0.998186 0.0320918 0.0509378 1.11247 -0.0309928 0.999273 -0.0222199 -1.63293 -0.0516138 0.0206009 0.998455 74.6024
0.998037 0.0349556 0.0519613 1.17218 -0.0337894 0.999161 -0.0231563 -1.68481 -0.0527271 0.0213551 0.998381 76.0322
0.997899 0.0372313 0.0530144 1.23497 -0.0360078 0.999067 -0.0238494 -1.73956 -0.0538529 0.0218904 0.998309 77.4533
0.997844 0.0371994 0.0540683 1.29348 -0.0359661 0.999074 -0.0236089 -1.79519 -0.0548965 0.0216133 0.998258 78.8774
0.997834 0.0364454 0.0547652 1.35308 -0.0351605 0.999088 -0.024245 -1.85183 -0.0555989 0.0222669 0.998205 80.3014
0.997883 0.0353513 0.0545816 1.44895 -0.0339499 0.999075 -0.0263922 -1.88866 -0.0554641 0.0244833 0.998161 81.6794
0.997876 0.03551 0.0546094 1.52335 -0.0340644 0.99905 -0.0271785 -1.93967 -0.0555226 0.0252605 0.998138 83.088
0.99788 0.0352375 0.0547075 1.58997 -0.0337681 0.99905 -0.0275555 -1.99563 -0.0556265 0.0256497 0.998122 84.5102
0.997965 0.0349376 0.0533463 1.68173 -0.0334347 0.999026 -0.0288104 -2.04206 -0.0543008 0.0269681 0.99816 85.9448
0.997985 0.0348141 0.0530335 1.76451 -0.033322 0.999031 -0.0287636 -2.10294 -0.0539835 0.0269385 0.998178 87.3095
0.998092 0.0335013 0.0518588 1.83508 -0.0320716 0.999089 -0.0281619 -2.16432 -0.052755 0.026445 0.998257 88.7533
0.998183 0.0313768 0.0514276 1.90474 -0.0300012 0.999177 -0.0273058 -2.23394 -0.052242 0.0257133 0.998303 90.1368
0.998291 0.0292489 0.0505948 1.96526 -0.0279048 0.999244 -0.0270704 -2.29432 -0.0513483 0.0256123 0.998352 91.5849
0.998372 0.0264991 0.0505087 2.03646 -0.0251502 0.999315 -0.027157 -2.35319 -0.0511937 0.0258425 0.998354 92.9691
0.998341 0.025387 0.051668 2.07406 -0.0239823 0.999331 -0.0276285 -2.42139 -0.0523348 0.0263435 0.998282 94.3457
0.998384 0.0239362 0.0515379 2.14788 -0.0225143 0.999355 -0.0279949 -2.48819 -0.0521747 0.0267893 0.998279 95.7757
0.998391 0.0241088 0.0513207 2.21855 -0.0226871 0.999348 -0.0281074 -2.56068 -0.0519648 0.0268978 0.998287 97.1899
0.998352 0.023937 0.0521593 2.27888 -0.022476 0.999344 -0.0284197 -2.63125 -0.0528053 0.0272005 0.998234 98.573
0.99825 0.025215 0.0534904 2.31851 -0.0236868 0.999299 -0.0290145 -2.70358 -0.0541844 0.0276967 0.998147 99.967
0.99811 0.0269118 0.0552441 2.37258 -0.0253029 0.999241 -0.02962 -2.7554 -0.0559993 0.0281662 0.998034 101.318
0.998067 0.0284298 0.0552505 2.44994 -0.0268664 0.999223 -0.0288368 -2.80965 -0.0560274 0.0272967 0.998056 102.663
0.998025 0.0302108 0.0550673 2.52712 -0.0286836 0.999188 -0.028315 -2.86511 -0.055878 0.0266795 0.998081 104.006
0.998024 0.0294325 0.0555038 2.59788 -0.0277755 0.999152 -0.0303927 -2.91887 -0.0563513 0.028791 0.997996 105.394
0.998042 0.0293427 0.0552249 2.67928 -0.0275558 0.999081 -0.0328439 -2.98085 -0.0561378 0.0312579 0.997934 106.765
0.998072 0.028641 0.0550552 2.75084 -0.0267813 0.999056 -0.0342252 -3.049 -0.0559834 0.0326847 0.997897 108.113
0.99816 0.0253578 0.0550784 2.82639 -0.0235705 0.999182 -0.0328607 -3.11788 -0.0558666 0.031502 0.997941 109.467
0.998149 0.0228759 0.0563495 2.89054 -0.0211531 0.999296 -0.0309841 -3.19039 -0.0570186 0.0297348 0.99793 110.83
0.998145 0.0214842 0.0569538 2.97839 -0.019714 0.999311 -0.0314632 -3.23535 -0.0575904 0.030282 0.997881 112.205
0.998062 0.0216801 0.0583331 3.04534 -0.0197036 0.999219 -0.034248 -3.28429 -0.05903 0.0330323 0.99771 113.527
0.997887 0.0251039 0.0599203 3.10296 -0.0228693 0.999028 -0.0376918 -3.34508 -0.0608082 0.0362419 0.997491 114.878
0.997678 0.0272263 0.0624307 3.15399 -0.0247578 0.998894 -0.0399788 -3.41248 -0.0634501 0.0383403 0.997248 116.228
0.997439 0.030526 0.0646847 3.22274 -0.027965 0.998803 -0.0401341 -3.48643 -0.0658323 0.0382224 0.997099 117.569
0.997269 0.0314732 0.066811 3.29165 -0.0289555 0.998846 -0.0383242 -3.56056 -0.06794 0.036285 0.99703 118.936
0.997093 0.0315152 0.0693675 3.34692 -0.0290346 0.998913 -0.0364828 -3.63316 -0.0704418 0.0343627 0.996924 120.277
0.996969 0.0311124 0.0713106 3.42835 -0.0285833 0.998935 -0.0362168 -3.70269 -0.0723615 0.0340687 0.996797 121.62
0.99692 0.031556 0.0717967 3.55109 -0.0289306 0.998885 -0.0373175 -3.76422 -0.0728942 0.0351254 0.996721 122.947
0.99682 0.0328806 0.0725795 3.67916 -0.0301677 0.998816 -0.0381636 -3.82638 -0.0737483 0.0358527 0.996633 124.27
0.996691 0.0347695 0.0734621 3.78769 -0.0319822 0.998736 -0.0387839 -3.89604 -0.0747177 0.0363061 0.996544 125.637
0.99661 0.0350841 0.07441 3.90382 -0.0321623 0.998678 -0.0401083 -3.96509 -0.0757187 0.0375791 0.996421 126.977
0.996526 0.0363623 0.0749143 4.00673 -0.0333521 0.998601 -0.041049 -4.03899 -0.076302 0.0384079 0.996345 128.333
0.996466 0.0355112 0.0761163 4.11195 -0.0324236 0.998616 -0.0414229 -4.11348 -0.0774819 0.0388085 0.996238 129.686
0.996405 0.0346543 0.0773024 4.22247 -0.0315764 0.998673 -0.0406892 -4.18963 -0.0786098 0.0381019 0.996177 131.001
0.996359 0.0323283 0.078889 4.3346 -0.0292497 0.998777 -0.0398733 -4.26463 -0.0800815 0.0374206 0.996086 132.332
0.996364 0.0312674 0.0792513 4.4463 -0.0281928 0.998817 -0.039621 -4.34081 -0.0803963 0.0372426 0.996067 133.665
0.996385 0.0288083 0.0799082 4.55959 -0.02568 0.998874 -0.0399041 -4.41381 -0.0809678 0.0377079 0.996003 134.992
0.996387 0.028064 0.0801521 4.6621 -0.0249607 0.99891 -0.03946 -4.49156 -0.0811721 0.0373168 0.996002 136.346
0.996395 0.0266938 0.0805233 4.74488 -0.0235015 0.99891 -0.0403355 -4.56116 -0.0815122 0.0382977 0.995937 137.74
0.996395 0.0258707 0.08079 4.83854 -0.0226355 0.998915 -0.0407074 -4.63807 -0.0817555 0.0387319 0.9959 139.07
0.996512 0.0238907 0.0799544 4.93518 -0.0207635 0.998995 -0.0397172 -4.71375 -0.080823 0.0379185 0.996007 140.47
0.996611 0.022282 0.0791842 5.03562 -0.0191722 0.999023 -0.0398188 -4.79009 -0.0799941 0.0381657 0.996065 141.858
0.99654 0.0223392 0.0800547 5.10541 -0.0191698 0.99901 -0.0401422 -4.86397 -0.0808721 0.0384687 0.995982 143.195
0.996598 0.022131 0.0793829 5.20374 -0.0189218 0.998982 -0.0409529 -4.94236 -0.0802084 0.0393115 0.996003 144.575
0.996589 0.0218054 0.0795848 5.28965 -0.0185493 0.99897 -0.041426 -5.02213 -0.0804061 0.0398084 0.995967 145.949
0.996662 0.0198083 0.079196 5.38571 -0.0163492 0.998894 -0.0440902 -5.10254 -0.0799817 0.0426483 0.995884 147.336
0.996769 0.0151715 0.0788767 5.48144 -0.0116474 0.998922 -0.0449488 -5.18401 -0.0794735 0.0438849 0.995871 148.724
0.996938 0.00706769 0.0778687 5.60286 -0.00378851 0.999103 -0.0421789 -5.27514 -0.078097 0.0417548 0.996071 150.028
0.996932 0.00167128 0.0782521 5.69805 0.00154447 0.999158 -0.0410159 -5.35818 -0.0782547 0.0410109 0.99609 151.392
0.99703 -0.000811837 0.0769991 5.82262 0.00422192 0.999017 -0.0441345 -5.45312 -0.0768875 0.0443286 0.996054 152.774
0.996816 0.000977254 0.0797306 5.88161 0.00278133 0.998891 -0.0470161 -5.54189 -0.079688 0.0470881 0.995707 154.125
0.996692 0.00470833 0.0811299 5.98364 -0.000737608 0.998804 -0.0489031 -5.63414 -0.081263 0.0486815 0.995503 155.48
0.996618 0.00453368 0.0820489 6.09829 -0.000513609 0.998801 -0.0489507 -5.7273 -0.0821724 0.048743 0.995426 156.858
0.996392 0.00129144 0.0848542 6.16747 0.00260522 0.998948 -0.0457948 -5.80686 -0.084824 0.0458507 0.995341 158.16
0.99639 -0.00386074 0.0848058 6.3173 0.00756054 0.999032 -0.0433487 -5.88437 -0.0845563 0.0438334 0.995454 159.569
0.996392 -0.00742768 0.0845376 6.45028 0.0110669 0.999029 -0.0426612 -5.96382 -0.0841385 0.0434429 0.995507 160.919
0.996295 -0.00912876 0.0855109 6.549 0.0128403 0.998995 -0.0429554 -6.0434 -0.0850328 0.0438942 0.995411 162.268
0.996074 -0.00643108 0.088286 6.63121 0.0102668 0.99902 -0.043061 -6.12353 -0.0879225 0.0437983 0.995164 163.614
0.99575 -0.00204529 0.0920701 6.69914 0.00610769 0.999019 -0.0438626 -6.20863 -0.0918901 0.0442385 0.994786 164.959
0.995621 0.00123437 0.0934729 6.82442 0.00328661 0.998833 -0.0481971 -6.25222 -0.0934232 0.0482932 0.994455 166.276
0.995432 0.00505568 0.0953379 6.93321 -0.000282217 0.998749 -0.0500158 -6.3236 -0.0954715 0.0497605 0.994188 167.657
0.995212 0.00762203 0.0974342 7.0364 -0.00271323 0.998725 -0.0504139 -6.40081 -0.0976943 0.0499082 0.993964 169.016
0.995065 0.00990558 0.0987246 7.13805 -0.00483358 0.998662 -0.0514824 -6.48604 -0.0991025 0.0507512 0.993782 170.405
0.994999 0.0129768 0.0990288 7.25651 -0.00757771 0.998474 -0.0547031 -6.57291 -0.0995876 0.0536792 0.99358 171.78
0.994865 0.0165505 0.0998418 7.38013 -0.0108469 0.998293 -0.0574014 -6.66485 -0.100621 0.0560237 0.993346 173.122
0.994783 0.0214728 0.0997269 7.50853 -0.0156796 0.998164 -0.0585155 -6.77499 -0.1008 0.0566466 0.993293 174.549
0.994422 0.0265684 0.102068 7.59515 -0.0207444 0.998118 -0.0577041 -6.87222 -0.103409 0.0552649 0.993103 175.913
0.994562 0.0288061 0.100078 7.77597 -0.023303 0.998174 -0.0557286 -6.97805 -0.1015 0.0530935 0.993418 177.399
0.994363 0.0299027 0.101717 7.88329 -0.0244904 0.998238 -0.0540487 -7.07345 -0.103154 0.051253 0.993344 178.768
0.994451 0.0269897 0.101675 8.01437 -0.0216767 0.998359 -0.0530025 -7.17225 -0.102939 0.0505045 0.993405 180.162
0.994666 0.024571 0.100171 8.15575 -0.0193721 0.998431 -0.0525469 -7.27147 -0.101305 0.0503262 0.993582 181.574
0.994824 0.024436 0.0986265 8.28454 -0.018955 0.998244 -0.0561329 -7.38025 -0.099825 0.0539729 0.99354 182.969
0.994869 0.0258564 0.0978055 8.40968 -0.0200397 0.997998 -0.0599945 -7.48575 -0.0991609 0.0577267 0.993396 184.375
0.994687 0.0300447 0.0984535 8.5183 -0.0241404 0.997869 -0.0606221 -7.58979 -0.100065 0.0579234 0.993294 185.789
0.994509 0.032665 0.099421 8.63474 -0.0268373 0.997874 -0.0594001 -7.70032 -0.10115 0.0564058 0.993271 187.179
0.994356 0.0334214 0.10069 8.75939 -0.0279407 0.998076 -0.0553586 -7.81032 -0.102347 0.0522328 0.993377 188.557
0.994194 0.0335051 0.102251 8.88204 -0.0282067 0.998205 -0.0528306 -7.91855 -0.103838 0.0496397 0.993355 189.929
0.994141 0.0325986 0.103052 9.00736 -0.0273876 0.998293 -0.0515831 -8.02192 -0.104557 0.0484585 0.993338 191.325
0.994124 0.03031 0.103911 9.13983 -0.025185 0.998418 -0.0502829 -8.12621 -0.105271 0.0473705 0.993315 192.765
0.994167 0.0277244 0.104218 9.29406 -0.0226734 0.998525 -0.049342 -8.23498 -0.105433 0.0466912 0.99333 194.19
0.994165 0.0249234 0.104949 9.43771 -0.0199067 0.998621 -0.04858 -8.34227 -0.106015 0.0462073 0.993291 195.625
0.994202 0.0217186 0.105301 9.60133 -0.0168044 0.998738 -0.0473332 -8.44303 -0.106197 0.0452893 0.993314 197.101
0.994022 0.0174247 0.107777 9.70196 -0.0125301 0.998866 -0.0459251 -8.53432 -0.108455 0.0443001 0.993114 198.503
0.993903 0.0146786 0.109267 9.83856 -0.00967036 0.998884 -0.0462246 -8.62273 -0.109824 0.0448861 0.992937 199.939
0.993799 0.0170902 0.109865 9.98816 -0.011577 0.998651 -0.0506252 -8.71449 -0.110582 0.0490394 0.992657 201.383
0.993403 0.025766 0.11174 10.0983 -0.0194472 0.998169 -0.0572753 -8.77846 -0.113011 0.0547244 0.992086 202.789
0.992906 0.0352435 0.113555 10.2392 -0.0288041 0.997909 -0.057858 -8.87636 -0.115357 0.0541767 0.991846 204.239
0.992408 0.0425231 0.115397 10.3775 -0.0363995 0.997841 -0.054664 -8.97463 -0.117473 0.0500486 0.991814 205.72
0.992089 0.0435736 0.117727 10.5091 -0.0375331 0.997886 -0.0530496 -9.06658 -0.11979 0.0482113 0.991628 207.168
0.992217 0.0419986 0.117216 10.6849 -0.0359648 0.99794 -0.053126 -9.15945 -0.119206 0.048497 0.991685 208.649
0.992238 0.0401173 0.117697 10.8183 -0.0338741 0.997935 -0.054575 -9.24938 -0.119643 0.0501645 0.991549 210.06
0.992323 0.038793 0.11743 10.9844 -0.0324251 0.997923 -0.0556604 -9.34541 -0.119346 0.0514253 0.99152 211.533
0.992003 0.0392353 0.119958 11.0963 -0.0326187 0.997862 -0.0566326 -9.44395 -0.121924 0.0522668 0.991163 212.991
0.991711 0.0407262 0.121861 11.237 -0.033981 0.9978 -0.0569284 -9.54706 -0.123911 0.0523155 0.990914 214.407
0.991648 0.04157 0.122085 11.4082 -0.0349425 0.997823 -0.0559346 -9.65491 -0.124145 0.0512015 0.990943 215.876
0.991678 0.040916 0.122061 11.5858 -0.0342614 0.997836 -0.0561294 -9.76551 -0.124093 0.0514803 0.990935 217.353
0.991719 0.0405452 0.121854 11.7684 -0.0336923 0.997761 -0.057783 -9.86181 -0.123924 0.053199 0.990865 218.85
0.991714 0.0381875 0.122656 11.9227 -0.0311952 0.997804 -0.0584308 -9.96354 -0.124618 0.0541204 0.990728 220.297
0.991757 0.0389744 0.122055 12.1127 -0.0320362 0.997785 -0.0583007 -10.0848 -0.124057 0.05391 0.99081 221.821
0.991762 0.0390597 0.12199 12.2868 -0.0321322 0.997785 -0.0582475 -10.1989 -0.123995 0.0538478 0.990821 223.331
0.991602 0.0395383 0.123133 12.4266 -0.0325191 0.997757 -0.0585029 -10.3061 -0.12517 0.0540075 0.990665 224.769
0.991519 0.0415726 0.123131 12.606 -0.0343723 0.997604 -0.0600354 -10.4015 -0.125332 0.0552939 0.990573 226.275
0.991689 0.04132 0.12184 12.8149 -0.0341909 0.997611 -0.0600343 -10.5247 -0.12403 0.0553695 0.990733 227.827
0.991665 0.0427699 0.121527 12.9909 -0.0355659 0.997513 -0.0608433 -10.6281 -0.123828 0.056014 0.990722 229.324
0.991749 0.0422702 0.121023 13.1755 -0.0350394 0.997506 -0.0612651 -10.74 -0.123311 0.056519 0.990758 230.863
0.991579 0.043182 0.122088 13.3316 -0.0356223 0.99735 -0.0634396 -10.8305 -0.124504 0.0585564 0.99049 232.365
0.991477 0.0438028 0.122693 13.5089 -0.0360416 0.997249 -0.0647789 -10.9298 -0.125193 0.0598048 0.990329 233.883
0.991301 0.0449985 0.123674 13.6764 -0.0370254 0.997131 -0.066029 -11.028 -0.12629 0.0608756 0.990124 235.384
0.991111 0.0473104 0.124335 13.8444 -0.0390963 0.99694 -0.0676949 -11.1338 -0.127158 0.0622321 0.989929 236.909
0.990912 0.0487078 0.125381 14.0259 -0.04026 0.9968 -0.0690525 -11.2474 -0.128343 0.0633771 0.989703 238.379
0.990746 0.0494557 0.126394 14.2209 -0.0407592 0.996679 -0.07049 -11.3609 -0.12946 0.064686 0.989473 239.846
0.99049 0.0510605 0.127756 14.4303 -0.0422706 0.996609 -0.0705937 -11.4792 -0.130927 0.0645221 0.989291 241.272
0.990587 0.0499228 0.127454 14.7186 -0.0414169 0.996789 -0.068538 -11.5995 -0.130466 0.0626141 0.989474 242.663
0.990647 0.0496361 0.127094 15.0063 -0.0411405 0.996794 -0.0686206 -11.72 -0.130093 0.0627501 0.989515 244.053
0.990354 0.0507987 0.128903 15.1408 -0.0419026 0.996609 -0.0708137 -11.8503 -0.132063 0.0647293 0.989126 245.693
0.990316 0.0513122 0.128993 15.3766 -0.0421975 0.996481 -0.0724289 -11.977 -0.132255 0.0662844 0.988997 247.174
0.99029 0.052565 0.128689 15.5868 -0.0434939 0.996433 -0.0723128 -12.118 -0.132032 0.0660135 0.989045 248.726
0.990373 0.0523348 0.128146 15.8069 -0.0434661 0.996525 -0.0710539 -12.2607 -0.131419 0.0647998 0.989207 250.207
0.990472 0.0523734 0.127363 16.0165 -0.0436609 0.996573 -0.0702637 -12.4042 -0.130606 0.0640335 0.989365 251.742
0.99047 0.0527636 0.127213 16.2275 -0.0440777 0.996562 -0.0701548 -12.5454 -0.130477 0.063879 0.989392 253.23
0.990273 0.0550726 0.127768 16.4026 -0.046347 0.996449 -0.0702906 -12.6835 -0.131185 0.0636853 0.989311 254.803
0.989921 0.0566318 0.129798 16.5519 -0.0477246 0.996353 -0.0707377 -12.8115 -0.133331 0.0638302 0.989014 256.313
0.989789 0.0576948 0.130333 16.7453 -0.0486325 0.996242 -0.0716784 -12.9326 -0.133978 0.0646082 0.988876 257.798
0.990039 0.0576257 0.12845 17.0278 -0.0484645 0.996129 -0.0733429 -13.0433 -0.132179 0.0663871 0.989001 259.257
0.990377 0.05682 0.126188 17.2938 -0.0477673 0.99614 -0.0736447 -13.1762 -0.129886 0.0669084 0.989269 260.785
0.990592 0.0560075 0.124851 17.5865 -0.0470285 0.996168 -0.0737419 -13.3251 -0.128503 0.0671767 0.989432 262.261
0.990633 0.0563942 0.124351 17.7905 -0.0469995 0.995905 -0.0772332 -13.4338 -0.128197 0.0706654 0.989228 263.806
0.990543 0.0554901 0.125469 17.9446 -0.0459838 0.995937 -0.0774347 -13.6028 -0.129257 0.0709329 0.989071 265.392
0.990208 0.0532172 0.129051 18.0653 -0.043739 0.996209 -0.0752007 -13.757 -0.132564 0.0688198 0.988783 266.881
0.989734 0.0511694 0.13344 18.187 -0.0416105 0.996429 -0.0734662 -13.9026 -0.136723 0.0671595 0.98833 268.344
0.989878 0.0499672 0.132822 18.3961 -0.0403502 0.996432 -0.074137 -14.0506 -0.136053 0.0680272 0.988364 269.98
0.990152 0.0484723 0.131329 18.6417 -0.0389418 0.996484 -0.0741914 -14.2115 -0.134463 0.0683467 0.988559 271.566
0.989827 0.0487141 0.133668 18.8138 -0.0390056 0.996472 -0.074314 -14.3574 -0.136817 0.0683442 0.988236 273.034
0.989755 0.0504958 0.133541 19.0369 -0.040831 0.996411 -0.0741484 -14.5069 -0.136806 0.0679361 0.988266 274.608
0.989549 0.0518024 0.134559 19.2414 -0.0420558 0.996349 -0.0742939 -14.6522 -0.137917 0.0678585 0.988117 276.144
0.989435 0.0525609 0.135102 19.4539 -0.0428064 0.99633 -0.0741207 -14.8045 -0.138502 0.0675545 0.988056 277.69
0.989272 0.0519763 0.13652 19.6537 -0.04216 0.996379 -0.0738388 -14.9556 -0.139863 0.067291 0.987882 279.223
0.989068 0.0516684 0.138102 19.8476 -0.0416736 0.996364 -0.0743107 -15.1006 -0.141439 0.0677432 0.987627 280.778
0.989091 0.0498822 0.138598 20.0589 -0.039796 0.996418 -0.0746166 -15.2413 -0.141823 0.068287 0.987534 282.375
0.988849 0.0486696 0.140736 20.2779 -0.0384593 0.996488 -0.0743815 -15.3846 -0.143862 0.0681395 0.987249 283.858
0.98887 0.0471144 0.14112 20.4928 -0.037051 0.996636 -0.07311 -15.5326 -0.14409 0.0670677 0.98729 285.449
0.988899 0.0455193 0.141436 20.708 -0.0354611 0.996713 -0.0728404 -15.6739 -0.144287 0.0670163 0.987264 287.017
0.988952 0.0443626 0.141434 20.9237 -0.0339758 0.996603 -0.0750278 -15.822 -0.144282 0.0693936 0.987101 288.572
0.989086 0.0435644 0.140744 21.1489 -0.0328696 0.996455 -0.0774394 -15.9674 -0.143618 0.0719681 0.987013 290.141
0.989191 0.0438451 0.139915 21.3682 -0.0332008 0.996438 -0.0775254 -16.115 -0.142816 0.0720422 0.987124 291.697
0.989288 0.0426627 0.139595 21.5929 -0.0320039 0.996461 -0.0777293 -16.2571 -0.142417 0.0724291 0.987154 293.217
0.989437 0.042166 0.138686 21.826 -0.0314605 0.996418 -0.0784995 -16.3942 -0.1415 0.0733072 0.987221 294.731
0.989464 0.0422789 0.138463 22.0378 -0.031507 0.99637 -0.0790855 -16.5348 -0.141304 0.0738897 0.987205 296.316
0.9895 0.0413409 0.138489 22.2429 -0.0306488 0.996446 -0.0784684 -16.6848 -0.14124 0.0734 0.987251 297.907
0.989476 0.0414507 0.138622 22.4356 -0.0307817 0.996459 -0.0782426 -16.833 -0.141375 0.0731522 0.98725 299.451
0.989761 0.0408482 0.13676 22.6832 -0.0304634 0.996551 -0.0771849 -16.9785 -0.139441 0.0722284 0.987593 301.054
0.989636 0.0425945 0.137129 22.8783 -0.0323492 0.996576 -0.0760936 -17.1213 -0.139901 0.070869 0.987627 302.623
0.989658 0.0428759 0.136881 23.1248 -0.0326017 0.996541 -0.076439 -17.2696 -0.139685 0.071186 0.987634 304.266
0.989561 0.0429302 0.137567 23.3466 -0.0325301 0.996502 -0.0769774 -17.4138 -0.140391 0.0716987 0.987497 305.856
0.989738 0.0416035 0.136696 23.5943 -0.0311632 0.996494 -0.0776484 -17.5501 -0.139447 0.0725917 0.987566 307.48
0.989911 0.0395214 0.136056 23.8264 -0.0288737 0.996428 -0.0793634 -17.6905 -0.138706 0.0746344 0.987518 309.087
0.990044 0.0381951 0.135466 24.0526 -0.0273487 0.996335 -0.0810442 -17.8532 -0.138065 0.0765325 0.987462 310.679
0.990296 0.0375227 0.133807 24.2911 -0.0265511 0.996208 -0.0828578 -18.0004 -0.136408 0.078501 0.987538 312.287
0.990735 0.0381546 0.130331 24.5092 -0.027272 0.996068 -0.0842874 -18.1539 -0.133035 0.0799521 0.987882 313.842
0.991063 0.0394877 0.127408 24.7287 -0.0289264 0.996071 -0.0837044 -18.3193 -0.130213 0.0792709 0.988313 315.479
0.991094 0.0402316 0.126936 24.9191 -0.0300578 0.996255 -0.0810706 -18.4741 -0.129722 0.0765332 0.988593 317.075
0.991137 0.0378967 0.127312 25.1253 -0.0280406 0.996533 -0.0783364 -18.6287 -0.12984 0.0740723 0.988765 318.729
0.990771 0.0375892 0.130223 25.2325 -0.0275882 0.99659 -0.0777701 -18.7775 -0.132702 0.0734598 0.98843 320.333
0.990718 0.0370199 0.130785 25.4302 -0.026785 0.996502 -0.0791686 -18.9327 -0.133258 0.0749307 0.988245 321.965
0.990707 0.0360058 0.13115 25.6416 -0.0256857 0.9965 -0.0795478 -19.0863 -0.133556 0.0754399 0.988166 323.597
0.990387 0.0366861 0.13336 25.797 -0.0262359 0.996506 -0.0792907 -19.2437 -0.135803 0.0750297 0.987891 325.202
0.990406 0.036307 0.133322 26.0386 -0.0256029 0.996374 -0.0811427 -19.3742 -0.135785 0.0769508 0.987746 326.884
0.990092 0.0393558 0.134786 26.2351 -0.0283785 0.996194 -0.0824172 -19.5352 -0.137516 0.0777756 0.987442 328.54
0.989917 0.0400277 0.135868 26.4533 -0.0288938 0.996135 -0.0829511 -19.7002 -0.138664 0.078189 0.987249 330.178
0.989811 0.0386155 0.13704 26.6457 -0.0275251 0.996259 -0.0819204 -19.8497 -0.13969 0.0773137 0.987173 331.765
0.989756 0.0381841 0.13756 26.8474 -0.027067 0.996282 -0.0817996 -20.0017 -0.140172 0.0772384 0.98711 333.364
0.989572 0.0369678 0.139206 27.0314 -0.0254397 0.996167 -0.083701 -20.1514 -0.141766 0.0792868 0.98672 334.959
0.989286 0.0383601 0.140855 27.2263 -0.0266051 0.996076 -0.08441 -20.3035 -0.14354 0.0797582 0.986426 336.559
0.989077 0.0402418 0.141792 27.4218 -0.0280592 0.995823 -0.0868946 -20.4601 -0.144696 0.081967 0.986076 338.156
0.988968 0.0426475 0.141846 27.6372 -0.0299685 0.995459 -0.0903503 -20.6274 -0.145056 0.0851027 0.985757 339.801
0.989081 0.0434301 0.140817 27.8729 -0.0308313 0.995424 -0.0904488 -20.7945 -0.144101 0.0851197 0.985896 341.481
0.98919 0.0426744 0.140285 28.0922 -0.0306538 0.995758 -0.0867581 -20.9762 -0.143392 0.08152 0.986303 343.062
0.989296 0.043312 0.139337 28.3148 -0.0318494 0.996002 -0.0834689 -21.1596 -0.142395 0.0781377 0.986721 344.652
0.989574 0.0429021 0.137476 28.548 -0.031579 0.996007 -0.0835122 -21.3437 -0.14051 0.0783002 0.986979 346.279
0.989723 0.0419602 0.136694 28.7493 -0.0303322 0.995828 -0.0860648 -21.4844 -0.139735 0.0810341 0.986868 347.867
0.989849 0.0406039 0.136186 28.9347 -0.0290807 0.995909 -0.0855609 -21.6385 -0.139103 0.0807321 0.986982 349.442
0.989953 0.0395141 0.135752 29.1455 -0.0280529 0.995958 -0.0853267 -21.8105 -0.138575 0.0806612 0.987062 351.043
0.990009 0.0388289 0.135539 29.3617 -0.0272953 0.995927 -0.0859394 -21.9794 -0.138324 0.0813813 0.987038 352.655
0.98999 0.0386688 0.135728 29.5739 -0.026996 0.995859 -0.0868122 -22.152 -0.138522 0.0822792 0.986936 354.271
0.989914 0.0384677 0.136337 29.7766 -0.0264411 0.995685 -0.088951 -22.2738 -0.13917 0.084449 0.986661 355.846
0.989836 0.0390251 0.136741 29.9837 -0.0267227 0.995522 -0.090677 -22.4213 -0.139668 0.0861014 0.986448 357.446
0.98978 0.03924 0.137089 30.1955 -0.0267539 0.995422 -0.0917639 -22.5916 -0.140062 0.0871585 0.9863 359.035
0.989777 0.0390052 0.137174 30.4111 -0.0264296 0.995378 -0.0923312 -22.7689 -0.140141 0.0877619 0.986235 360.638
0.989766 0.0380281 0.137532 30.6265 -0.0254232 0.99541 -0.0922732 -22.9449 -0.140409 0.0878324 0.98619 362.234
0.989711 0.0384362 0.137814 30.8436 -0.0256648 0.99531 -0.0932788 -23.12 -0.140753 0.0887821 0.986056 363.85
0.989724 0.0372584 0.138044 31.0596 -0.0242602 0.995213 -0.0946732 -23.2933 -0.14091 0.0903514 0.985891 365.414
0.989825 0.035149 0.137871 31.2886 -0.0223642 0.995396 -0.0932071 -23.4668 -0.140512 0.0891754 0.986055 367.018
0.990154 0.0336369 0.13587 31.5604 -0.021049 0.99544 -0.093043 -23.6349 -0.13838 0.089267 0.986348 368.663
0.9902 0.0327402 0.135756 31.8006 -0.0200232 0.995371 -0.0940038 -23.815 -0.138205 0.0903644 0.986273 370.208
0.989805 0.0344526 0.138188 31.9775 -0.0212364 0.995156 -0.0959978 -23.9665 -0.140826 0.0920846 0.985743 371.773
0.989483 0.0364483 0.139973 32.162 -0.0230149 0.995075 -0.096418 -24.131 -0.142798 0.0921826 0.98545 373.383
0.989257 0.0375232 0.141277 32.3757 -0.0239263 0.995023 -0.0967401 -24.2913 -0.144204 0.0923207 0.985232 374.985
0.989005 0.0381585 0.142864 32.5742 -0.0244258 0.995017 -0.0966729 -24.4886 -0.145841 0.0921205 0.98501 376.567
0.9889 0.0372841 0.143817 32.7751 -0.0234294 0.995023 -0.0968532 -24.6812 -0.146712 0.0924087 0.984854 378.136
0.988871 0.0367539 0.14415 33.0074 -0.0230393 0.995146 -0.0956814 -24.8972 -0.146967 0.0912955 0.984919 379.682
0.988666 0.0365746 0.145601 33.224 -0.022626 0.995093 -0.0963291 -25.0652 -0.14841 0.091943 0.984643 381.245
0.988136 0.0379565 0.14881 33.3918 -0.0235553 0.99497 -0.0973708 -25.2269 -0.151757 0.0927104 0.98406 382.859
0.98786 0.0392692 0.150292 33.6125 -0.0247834 0.994969 -0.0970719 -25.4167 -0.153347 0.0921688 0.983865 384.439
0.98781 0.0386299 0.150782 33.8562 -0.0240579 0.994965 -0.0972972 -25.6099 -0.153781 0.0924838 0.983768 386.05
0.987603 0.0402015 0.151726 34.0833 -0.0254127 0.994845 -0.0981807 -25.7958 -0.154891 0.0931079 0.983534 387.667
0.987603 0.0393372 0.151952 34.3239 -0.0243755 0.994779 -0.0991007 -25.9669 -0.155057 0.0941683 0.983407 389.245
0.98736 0.0419451 0.152832 34.5528 -0.0267641 0.994621 -0.100068 -26.1288 -0.156208 0.0947123 0.983173 390.864
0.987263 0.0430707 0.153144 34.7941 -0.0277492 0.994519 -0.100812 -26.3084 -0.156646 0.0952788 0.983048 392.488
0.987168 0.0449199 0.153227 35.036 -0.0294221 0.994355 -0.101951 -26.4928 -0.156942 0.0961348 0.982918 394.102
0.987127 0.0441699 0.153709 35.2705 -0.0286293 0.994384 -0.101888 -26.6815 -0.157347 0.0961756 0.982849 395.705
