1 0 0 0 0 1 0 0 0 0 1 0
0.999996 0.00252869 0.00122789 -0.056655 -0.002529 0.999997 0.000250244 0.0515181 -0.00122725 -0.000253349 0.999999 0.557746
0.999994 0.00309601 0.00146757 -0.079314 -0.00309239 0.999992 -0.00246377 0.0578045 -0.00147519 0.00245921 0.999996 1.08089
0.999997 0.00231232 -0.00117356 -0.0474831 -0.00231741 0.999988 -0.00435944 0.0563479 0.00116346 0.00436214 0.99999 1.59626
0.999996 0.0006297 -0.00289966 -0.0860296 -0.000650101 0.999975 -0.0070399 0.0630414 0.00289516 0.00704175 0.999971 2.25948
0.999988 -0.0017682 -0.0046474 -0.0457594 0.00172479 0.999955 -0.00932755 0.0582827 0.00466368 0.00931942 0.999946 2.72834
0.999975 -0.00288161 -0.00651494 -0.0521899 0.00281171 0.999939 -0.0107127 0.0572063 0.00654541 0.0106941 0.999921 3.35323
0.99996 -0.00294709 -0.00842783 -0.0270111 0.00285817 0.99994 -0.0105429 0.0537531 0.0084584 0.0105184 0.999909 3.88437
0.999957 -0.00357402 -0.00859933 -0.082007 0.00347723 0.999931 -0.0112443 0.0407338 0.00863892 0.0112139 0.9999 4.54816
0.999958 -0.00314708 -0.00860055 -0.109696 0.00302406 0.999893 -0.0142788 0.0247201 0.00864457 0.0142522 0.999861 5.1362
0.999957 -0.0015429 -0.00911474 -0.134064 0.00137731 0.999834 -0.0181459 0.00559355 0.00914122 0.0181326 0.999794 5.73093
0.999958 -0.000138463 -0.00919317 -0.196357 -6.12366e-05 0.999764 -0.0217187 -0.0167815 0.00919401 0.0217183 0.999722 6.4242
0.999955 0.00192707 -0.00934048 -0.244292 -0.00212802 0.999765 -0.0215526 -0.0369755 0.00929675 0.0215715 0.999724 7.09163
0.999946 0.00413296 -0.00958917 -0.282613 -0.00427517 0.99988 -0.0148576 -0.0502622 0.00952662 0.0148978 0.999844 7.74457
0.999945 0.00477491 -0.00929593 -0.286011 -0.0048238 0.999975 -0.00524334 -0.0547458 0.00927065 0.00528789 0.999943 8.35423
0.999923 0.00538438 -0.0111996 -0.253063 -0.00537028 0.999985 0.00128848 -0.0706038 0.0112064 -0.00122823 0.999937 9.00121
0.999906 0.00781869 -0.0112452 -0.299929 -0.0078113 0.999969 0.000701128 -0.0957465 0.0112503 -0.000613222 0.999937 9.68804
0.999867 0.00972045 -0.0131044 -0.291962 -0.00980271 0.999933 -0.00622827 -0.110909 0.013043 0.0063559 0.999895 10.378
0.99984 0.0101889 -0.0146888 -0.287613 -0.0103599 0.999879 -0.0116101 -0.127801 0.0145687 0.0117604 0.999825 11.0714
0.999852 0.00832148 -0.0150935 -0.314795 -0.00846563 0.999919 -0.00951179 -0.144124 0.0150132 0.00963815 0.999841 11.824
0.999855 0.00707118 -0.0155166 -0.315269 -0.0070759 0.999975 -0.000249007 -0.159017 0.0155144 0.000358765 0.99988 12.573
0.999856 0.00523599 -0.0161205 -0.327521 -0.00511579 0.999959 0.00748886 -0.173418 0.0161591 -0.00740531 0.999842 13.3639
0.999852 0.00283599 -0.0169694 -0.32922 -0.00266062 0.999943 0.0103479 -0.186802 0.0169978 -0.0103013 0.999803 14.1396
0.999849 0.00115992 -0.017358 -0.33618 -0.000987785 0.99995 0.00992238 -0.197837 0.0173686 -0.00990373 0.9998 14.9261
0.999848 0.000796561 -0.0174333 -0.332079 -0.000662185 0.99997 0.00771248 -0.203638 0.0174389 -0.00769976 0.999818 15.7341
0.999862 0.00251313 -0.0164323 -0.363289 -0.00243155 0.999985 0.00498227 -0.214362 0.0164446 -0.00494162 0.999853 16.5686
0.999893 -0.00100818 -0.0146039 -0.395254 0.00100367 0.999999 -0.000316322 -0.222044 0.0146042 0.000301632 0.999893 17.42
0.999872 -0.00366243 -0.0155641 -0.378704 0.00356109 0.999972 -0.00653358 -0.234382 0.0155876 0.00647732 0.999858 18.2903
0.999885 -0.00285396 -0.0148732 -0.388166 0.0026842 0.999931 -0.0114208 -0.252499 0.0149047 0.0113795 0.999824 19.2102
0.999884 -0.00197812 -0.0150879 -0.39723 0.00179713 0.999926 -0.0119998 -0.274369 0.0151105 0.0119713 0.999814 20.1374
0.999871 -0.00111887 -0.0160064 -0.392105 0.000956587 0.999948 -0.0101423 -0.320911 0.0160169 0.0101257 0.99982 21.0416
0.999879 0.00100945 -0.0155373 -0.411952 -0.00116983 0.999946 -0.0103165 -0.360885 0.015526 0.0103335 0.999826 21.9815
0.999872 0.00383076 -0.0155247 -0.42766 -0.00400293 0.999931 -0.011074 -0.398536 0.0154812 0.0111348 0.999818 22.9321
0.999837 0.00802831 -0.0161863 -0.4405 -0.00821046 0.999903 -0.0112187 -0.42985 0.0160947 0.0113497 0.999806 23.9002
0.99983 0.00935452 -0.0158821 -0.462143 -0.00952928 0.999894 -0.0109641 -0.457393 0.0157779 0.0111136 0.999814 24.8596
0.999806 0.0109656 -0.0163415 -0.47296 -0.0111241 0.999892 -0.00963896 -0.507996 0.0162341 0.00981888 0.99982 25.8197
0.999812 0.0107688 -0.0161575 -0.492658 -0.0109077 0.999904 -0.00853736 -0.545714 0.016064 0.00871199 0.999833 26.81
0.999783 0.0120409 -0.0170282 -0.511386 -0.0121532 0.999905 -0.00650403 -0.582185 0.0169483 0.00670956 0.999834 27.8201
0.999769 0.0124043 -0.0175369 -0.532142 -0.0124885 0.999911 -0.00470196 -0.599307 0.017477 0.00491989 0.999835 28.8129
0.99974 0.0127335 -0.018934 -0.534707 -0.0128029 0.999912 -0.00354719 -0.616921 0.0188871 0.00378867 0.999814 29.8499
0.99975 0.0124382 -0.0185889 -0.564952 -0.012537 0.999908 -0.00520891 -0.626576 0.0185224 0.00544066 0.999814 30.8488
0.999722 0.0132889 -0.0194977 -0.579369 -0.0134153 0.99989 -0.00636749 -0.641787 0.019411 0.00662729 0.99979 31.8899
0.999731 0.011986 -0.0198765 -0.60282 -0.0121015 0.99991 -0.00569691 -0.65457 0.0198064 0.00593591 0.999786 32.9322
0.999756 0.0105583 -0.019379 -0.64285 -0.010626 0.999938 -0.00339329 -0.663856 0.019342 0.00359839 0.999806 33.942
0.999759 0.0107645 -0.0191059 -0.680609 -0.0107716 0.999942 -0.000267509 -0.671235 0.0191019 0.000473248 0.999817 34.9928
0.99977 0.0104 -0.0187781 -0.721504 -0.0103662 0.999944 0.00189751 -0.683353 0.0187968 -0.00170241 0.999822 36.0417
0.999779 0.0109191 -0.0179822 -0.758621 -0.010882 0.999938 0.00215656 -0.697244 0.0180046 -0.0019604 0.999836 37.0648
0.999784 0.0105011 -0.0179418 -0.788308 -0.010491 0.999945 0.000658704 -0.711556 0.0179477 -0.000470332 0.999839 38.1311
0.999796 0.0107289 -0.0171003 -0.836526 -0.0107325 0.999942 -0.000119177 -0.72598 0.0170981 0.000302686 0.999854 39.2302
0.999776 0.00985298 -0.0187556 -0.849835 -0.00983849 0.999951 0.000864686 -0.743366 0.0187632 -0.000679963 0.999824 40.3383
0.999766 0.00908396 -0.0196078 -0.882377 -0.00902017 0.999953 0.0033391 -0.767947 0.0196372 -0.00316146 0.999802 41.4129
0.999747 0.009306 -0.0204603 -0.905416 -0.00918824 0.99994 0.00584168 -0.787593 0.0205134 -0.00565221 0.999774 42.5012
0.99971 0.0100191 -0.0219099 -0.921719 -0.00987232 0.999928 0.0067964 -0.819888 0.0219764 -0.00657812 0.999737 43.5881
0.999691 0.0115951 -0.0219945 -0.951286 -0.0115282 0.999928 0.00316879 -0.841921 0.0220296 -0.00291425 0.999753 44.6946
0.99967 0.0134947 -0.0218576 -0.982968 -0.0135105 0.999908 -0.000576502 -0.867972 0.0218478 0.000871623 0.999761 45.7977
0.99964 0.015327 -0.0220306 -1.01318 -0.0153522 0.999882 -0.000977195 -0.895165 0.022013 0.00131507 0.999757 46.8568
0.99959 0.0184829 -0.0218789 -1.04294 -0.0184642 0.999829 0.00105625 -0.92116 0.0218947 -0.000651835 0.99976 47.9181
0.999523 0.0210525 -0.0225792 -1.06001 -0.0209996 0.999776 0.00257943 -0.946657 0.0226284 -0.00210404 0.999742 48.9876
0.999592 0.0204168 -0.0199619 -1.11953 -0.0203369 0.999784 0.00420103 -0.977198 0.0200434 -0.00379335 0.999792 50.0601
0.999632 0.0197396 -0.0185995 -1.1359 -0.0196692 0.999799 0.00396208 -1.00318 0.0186739 -0.00359479 0.999819 51.1473
0.999627 0.019264 -0.019379 -1.12264 -0.019222 0.999812 0.00234937 -1.02558 0.0194206 -0.00197598 0.999809 52.1967
0.999686 0.0191951 -0.0161093 -1.20551 -0.0191978 0.999816 -1.74563e-05 -1.03728 0.016106 0.000326717 0.99987 53.3128
0.999701 0.0181482 -0.016384 -1.20644 -0.0181969 0.99983 -0.00283217 -1.05755 0.0163298 0.00312947 0.999862 54.3498
0.999712 0.0168201 -0.0170976 -1.20901 -0.0169262 0.999838 -0.00608454 -1.08651 0.0169925 0.0063722 0.999835 55.4201
0.999715 0.0151782 -0.0184197 -1.20302 -0.0153246 0.999852 -0.00783527 -1.11118 0.018298 0.00811531 0.9998 56.5074
0.999738 0.0131288 -0.0187393 -1.21999 -0.0132332 0.999897 -0.00545836 -1.13667 0.0186657 0.00570491 0.99981 57.6112
0.999735 0.0113418 -0.0200499 -1.21706 -0.011326 0.999935 0.000904301 -1.16502 0.0200589 -0.000676973 0.999799 58.7057
0.99976 0.00962377 -0.0196879 -1.23479 -0.00948299 0.999929 0.0072313 -1.1891 0.019756 -0.00704286 0.99978 59.7759
0.999799 0.00798977 -0.0184065 -1.2856 -0.00784316 0.999937 0.00802407 -1.20762 0.0184695 -0.00787809 0.999798 60.8923
0.999834 0.00409127 -0.0177768 -1.3162 -0.00399665 0.999978 0.00535543 -1.21926 0.0177984 -0.00528349 0.999828 61.9704
0.999865 0.00246164 -0.01623 -1.35409 -0.00242776 0.999995 0.00210683 -1.23352 0.0162351 -0.00206714 0.999866 63.0166
0.999847 0.00387615 -0.017058 -1.38095 -0.00390203 0.999991 -0.00148371 -1.25918 0.0170521 0.00155005 0.999853 64.146
0.99984 0.00367307 -0.0174716 -1.39612 -0.00377589 0.999976 -0.00585526 -1.27758 0.0174497 0.0059203 0.99983 65.2169
0.99987 0.00577058 -0.0150773 -1.44525 -0.00586217 0.999964 -0.00603729 -1.30041 0.0150419 0.00612489 0.999868 66.2715
0.999864 0.00988612 -0.0131903 -1.48834 -0.00991676 0.999948 -0.00225961 -1.3322 0.0131673 0.00239011 0.99991 67.3663
0.999862 0.0104845 -0.0129016 -1.50812 -0.0104809 0.999945 0.000349037 -1.35897 0.0129045 -0.000213766 0.999917 68.4329
0.999872 0.00921416 -0.0130816 -1.52309 -0.00919718 0.999957 0.00135793 -1.3775 0.0130936 -0.00123744 0.999914 69.5118
0.999909 0.00621488 -0.0120028 -1.5577 -0.00619378 0.999979 0.00179453 -1.38955 0.0120137 -0.00172002 0.999926 70.598
0.999944 0.00291928 -0.0101899 -1.59455 -0.0029029 0.999994 0.0016218 -1.37748 0.0101946 -0.00159213 0.999947 71.6354
0.999937 0.000610661 -0.0112196 -1.59146 -0.000573979 0.999994 0.00327279 -1.3827 0.0112215 -0.00326614 0.999932 72.7082
0.999912 -0.00148223 -0.0131542 -1.6001 0.00152841 0.999993 0.00350182 -1.38015 0.0131489 -0.00352161 0.999907 73.8226
0.99992 -0.00320941 -0.0122306 -1.63622 0.00324408 0.999991 0.0028161 -1.40764 0.0122214 -0.00285555 0.999921 74.8906
0.999917 -0.00273814 -0.0125712 -1.6634 0.00273027 0.999996 -0.000642803 -1.43109 0.0125729 0.000608429 0.999921 76.0048
0.99989 -0.00278129 -0.0145553 -1.66101 0.00273822 0.999992 -0.00297781 -1.44863 0.0145634 0.00293763 0.99989 77.0726
0.999861 -0.00192336 -0.0165494 -1.6656 0.00189951 0.999997 -0.00145673 -1.4692 0.0165522 0.0014251 0.999862 78.1661
0.999852 -0.00066139 -0.0171834 -1.68901 0.000716636 0.999994 0.00320931 -1.49381 0.0171812 -0.00322115 0.999847 79.2601
0.999851 0.00087448 -0.0172498 -1.72539 -0.000747721 0.999973 0.00735369 -1.51291 0.0172557 -0.0073397 0.999824 80.3633
0.999846 0.002194 -0.0174281 -1.75929 -0.00205402 0.999965 0.00804574 -1.53229 0.0174451 -0.0080087 0.999816 81.4592
0.999834 0.00168104 -0.0181386 -1.7873 -0.00157003 0.99998 0.0061323 -1.54471 0.0181485 -0.0061028 0.999817 82.5457
0.99983 0.00122748 -0.0184181 -1.82148 -0.00112927 0.999985 0.00534177 -1.55853 0.0184244 -0.00532006 0.999816 83.5546
0.999808 0.000518384 -0.0196081 -1.83951 -0.000409545 0.999984 0.00555446 -1.57921 0.0196107 -0.00554536 0.999792 84.5945
0.99982 -0.000677306 -0.0189491 -1.89347 0.000796364 0.99998 0.0062764 -1.60153 0.0189444 -0.00629036 0.999801 85.6261
0.999815 -0.00271075 -0.0190312 -1.92686 0.00285089 0.999969 0.0073407 -1.60747 0.0190107 -0.0073936 0.999792 86.6426
0.999803 -0.00349838 -0.0195234 -1.95487 0.00368787 0.999946 0.00967852 -1.61383 0.0194885 -0.00974862 0.999763 87.5959
0.99979 -0.00447999 -0.0199827 -1.98841 0.004688 0.999935 0.0103749 -1.62569 0.0199349 -0.0104664 0.999747 88.5936
0.999748 -0.00559672 -0.021721 -2.02263 0.00582588 0.999928 0.0105016 -1.63551 0.0216606 -0.0106255 0.999709 89.5409
0.99967 -0.00642463 -0.0248701 -2.05442 0.00666677 0.999931 0.00966585 -1.65232 0.0248063 -0.00982846 0.999644 90.4947
0.999579 -0.0064277 -0.0282771 -2.08795 0.00668198 0.999938 0.0089074 -1.66896 0.0282181 -0.0090926 0.99956 91.4034
0.999503 -0.00634816 -0.030868 -2.13333 0.00664021 0.999934 0.00936823 -1.68554 0.0308064 -0.00956855 0.99948 92.2853
0.999433 -0.00514753 -0.0332794 -2.18084 0.00550318 0.999929 0.0106041 -1.70198 0.0332224 -0.0107812 0.99939 93.1638
0.999359 -0.0041814 -0.0355611 -2.23075 0.0046081 0.999918 0.0119258 -1.71704 0.0355083 -0.012082 0.999296 94.0084
0.999236 -0.00338056 -0.0389299 -2.25396 0.00391153 0.9999 0.0135713 -1.73247 0.0388801 -0.0137132 0.99915 94.801
0.99914 -0.00204166 -0.0414098 -2.2993 0.0026308 0.999896 0.0141778 -1.7361 0.0413766 -0.0142745 0.999042 95.6127
0.999005 -0.00099374 -0.0445922 -2.33184 0.00164848 0.999891 0.0146485 -1.74297 0.0445727 -0.0147074 0.998898 96.3847
0.998878 0.000601212 -0.0473525 -2.38114 3.10517e-05 0.999911 0.0133505 -1.74948 0.0473563 -0.013337 0.998789 97.1143
0.998747 0.00159771 -0.0500146 -2.42961 -0.0011018 0.99995 0.00994137 -1.76549 0.0500279 -0.00987381 0.998699 97.8236
0.998485 0.00427173 -0.0548557 -2.43288 -0.00392393 0.999971 0.00644655 -1.77721 0.0548816 -0.00622153 0.998474 98.536
0.99827 0.00592652 -0.0584974 -2.45724 -0.00570663 0.999976 0.0039255 -1.79021 0.0585192 -0.00358488 0.99828 99.2309
0.998139 0.00777177 -0.0604844 -2.48025 -0.00760366 0.999966 0.00300924 -1.80366 0.0605057 -0.00254373 0.998165 99.8997
0.998071 0.00996771 -0.0612745 -2.48716 -0.00979099 0.999947 0.00318383 -1.81563 0.061303 -0.00257774 0.998116 100.505
0.998116 0.0140141 -0.0597246 -2.50465 -0.013752 0.999894 0.00479884 -1.83409 0.0597855 -0.00396847 0.998203 101.138
0.998233 0.0166701 -0.0570312 -2.48249 -0.0163291 0.999846 0.00643906 -1.85444 0.0571297 -0.00549642 0.998352 101.74
0.998528 0.0172523 -0.0514238 -2.46918 -0.0168193 0.999819 0.00884095 -1.87353 0.051567 -0.00796302 0.998638 102.284
0.998938 0.0172162 -0.0427398 -2.47102 -0.0167384 0.999793 0.0115144 -1.88421 0.0429292 -0.0107868 0.99902 102.799
0.999311 0.0170151 -0.0329982 -2.44967 -0.0166013 0.99978 0.0127751 -1.89436 0.0332083 -0.0122184 0.999374 103.337
0.999617 0.0160835 -0.022527 -2.39405 -0.0158051 0.999797 0.0124822 -1.89319 0.0227231 -0.0121213 0.999668 103.818
0.999819 0.0158729 -0.010532 -2.33116 -0.0157568 0.999815 0.0110221 -1.89123 0.010705 -0.0108542 0.999884 104.292
0.99987 0.015628 0.00403791 -2.25644 -0.0156526 0.999858 0.00614523 -1.86617 -0.00394133 -0.00620763 0.999973 104.753
0.999646 0.0151065 0.0218975 -2.1699 -0.0151044 0.999886 -0.000262518 -1.84541 -0.021899 -6.83153e-05 0.99976 105.178
0.999045 0.013031 0.0416919 -2.05705 -0.012743 0.999893 -0.00716787 -1.82122 -0.0417809 0.00662977 0.999105 105.586
0.9979 0.0113583 0.063771 -1.92584 -0.0105968 0.999868 -0.0122664 -1.79924 -0.063902 0.0115649 0.997889 106.024
0.995937 0.00883557 0.089614 -1.79291 -0.00747224 0.999851 -0.0155375 -1.78242 -0.089738 0.0148048 0.995856 106.395
0.993021 0.00674994 0.117747 -1.64266 -0.00452079 0.999805 -0.0191886 -1.76926 -0.117853 0.0185224 0.992858 106.779
0.988685 0.00444985 0.149943 -1.49824 -0.00108695 0.999746 -0.0225024 -1.75902 -0.150005 0.0220848 0.988439 107.158
0.982245 0.00164479 0.187593 -1.3721 0.00282743 0.999718 -0.02357 -1.76551 -0.187579 0.0236819 0.981964 107.553
0.973924 -0.000589389 0.226876 -1.23695 0.00644447 0.999665 -0.0250676 -1.77154 -0.226785 0.0258761 0.973601 107.933
0.963356 0.000709639 0.268225 -1.0975 0.00664338 0.999626 -0.0265051 -1.78122 -0.268144 0.0273158 0.962992 108.294
0.949934 0.00297633 0.312435 -0.949381 0.00585656 0.999609 -0.0273289 -1.79103 -0.312395 0.0277905 0.949546 108.643
0.93441 0.00271095 0.356189 -0.767802 0.00685519 0.999649 -0.0255919 -1.80961 -0.356133 0.0263551 0.934064 108.973
0.916571 0.00153419 0.39987 -0.566003 0.00865887 0.999682 -0.0236831 -1.82809 -0.399779 0.0251697 0.916266 109.293
0.895968 0.000112843 0.444119 -0.358581 0.0114661 0.99966 -0.0233858 -1.84847 -0.443971 0.0260453 0.895663 109.592
0.873065 0.000316266 0.487604 -0.134593 0.0134389 0.999604 -0.0247111 -1.87017 -0.487419 0.0281273 0.872716 109.889
0.848109 0.00216043 0.529817 0.0976986 0.014402 0.999528 -0.02713 -1.8928 -0.529626 0.0306396 0.847678 110.166
0.819429 0.00639892 0.573144 0.325536 0.0131455 0.999464 -0.0299529 -1.91963 -0.57303 0.0320786 0.818907 110.444
0.78771 0.012285 0.615924 0.570984 0.0105367 0.999386 -0.0334088 -1.93053 -0.615957 0.0328063 0.787097 110.711
0.754085 0.0167686 0.656563 0.853836 0.0081068 0.99936 -0.0348346 -1.94973 -0.656728 0.0315909 0.753466 110.953
0.71799 0.016478 0.695858 1.14905 0.0101447 0.999365 -0.0341325 -1.97524 -0.695979 0.0315661 0.717368 111.184
0.680122 0.0136546 0.732972 1.47231 0.0145612 0.999377 -0.0321288 -1.98755 -0.732954 0.0325244 0.6795 111.404
0.638947 0.0116445 0.769162 1.79091 0.0165434 0.999446 -0.0288735 -1.99538 -0.769073 0.0311732 0.638401 111.604
0.594563 0.0102595 0.803984 2.10379 0.0216197 0.999353 -0.0287408 -1.96893 -0.803759 0.0344701 0.593956 111.8
0.548815 0.00834155 0.835902 2.44694 0.0274272 0.999232 -0.0279788 -1.94218 -0.835494 0.0382817 0.548165 111.972
0.50112 0.00445839 0.865366 2.81065 0.0359523 0.999016 -0.0259664 -1.91797 -0.864631 0.0441243 0.500467 112.108
0.451574 0.00592819 0.892214 3.16175 0.0350932 0.999086 -0.0243999 -1.90593 -0.891543 0.0423291 0.450954 112.253
0.402485 0.01119 0.915358 3.54444 0.0330592 0.999095 -0.0267499 -1.90848 -0.91483 0.0410275 0.401751 112.382
0.354361 0.0169184 0.934956 3.92581 0.0333776 0.99897 -0.0307274 -1.90143 -0.934513 0.0420951 0.353431 112.487
0.308699 0.0186695 0.950976 4.2874 0.0363012 0.998847 -0.0313931 -1.91049 -0.950467 0.0442126 0.307665 112.574
0.269844 0.0187244 0.962722 4.70097 0.0444745 0.998501 -0.0318862 -1.90469 -0.961877 0.0514209 0.268607 112.627
0.235488 0.0188942 0.971694 5.12829 0.0532696 0.998057 -0.0323165 -1.90284 -0.970417 0.0593719 0.234024 112.693
0.205724 0.0204029 0.978397 5.57854 0.0585339 0.997736 -0.0331139 -1.90361 -0.976858 0.0640818 0.204064 112.758
0.178475 0.0187775 0.983765 6.0484 0.0565426 0.99797 -0.0293066 -1.9267 -0.982319 0.0608552 0.177051 112.825
0.154326 0.015004 0.987906 6.54455 0.0515597 0.9984 -0.0232178 -1.94801 -0.986674 0.0545193 0.153306 112.879
0.130769 0.012112 0.991339 7.03237 0.0466518 0.998742 -0.0183564 -1.95238 -0.990315 0.0486482 0.130039 112.936
0.1085 0.00976545 0.994048 7.52978 0.0501656 0.998624 -0.0152859 -1.96945 -0.99283 0.0515256 0.10786 112.965
0.0879657 0.0102517 0.996071 8.05427 0.0590934 0.998132 -0.0154917 -1.97523 -0.99437 0.060224 0.0871956 112.988
0.0713827 0.0126024 0.997369 8.61014 0.0646892 0.997756 -0.0172372 -1.98269 -0.99535 0.0657495 0.0704073 112.997
0.0570627 0.019756 0.998175 9.16744 0.0635007 0.997708 -0.0233769 -1.96469 -0.99635 0.0647188 0.0556773 113.025
0.045592 0.0257487 0.998628 9.74794 0.0599863 0.997793 -0.0284658 -1.9564 -0.997158 0.0612019 0.0439467 113.06
0.0387311 0.0256551 0.99892 10.3157 0.0631821 0.997607 -0.0280711 -1.96661 -0.997251 0.0642012 0.0370174 113.08
0.0354887 0.0232144 0.9991 10.8934 0.0685516 0.997319 -0.0256079 -1.97348 -0.997017 0.0693988 0.033802 113.091
0.0358048 0.0220976 0.999114 11.5462 0.0717858 0.997116 -0.0246259 -1.97589 -0.996778 0.0726041 0.0341151 113.112
0.037925 0.0228253 0.99902 12.2251 0.0701867 0.997209 -0.0254484 -1.97874 -0.996813 0.0710831 0.036217 113.136
0.0402068 0.0236814 0.998911 12.9684 0.0658947 0.99748 -0.0262997 -1.99631 -0.997017 0.0668804 0.0385449 113.172
0.0411942 0.0264875 0.9988 13.6648 0.0638388 0.997536 -0.0290869 -1.99296 -0.99711 0.0649605 0.0394017 113.208
0.0426132 0.0281681 0.998694 14.3627 0.0639708 0.997474 -0.0308632 -2.00038 -0.997042 0.0652025 0.0407036 113.224
0.0436135 0.0278723 0.998659 15.0857 0.0640235 0.997478 -0.0306353 -2.01951 -0.996995 0.0652738 0.0417189 113.255
0.0440107 0.0271893 0.998661 15.8443 0.0631737 0.997553 -0.0299432 -2.03665 -0.997032 0.064407 0.0421852 113.296
0.0439697 0.0266036 0.998678 16.6277 0.0632984 0.997562 -0.0293608 -2.05567 -0.997026 0.0645058 0.0421784 113.344
0.0434704 0.0248649 0.998745 17.3854 0.0642571 0.99755 -0.027632 -2.07757 -0.996987 0.0653777 0.0417661 113.372
0.0426491 0.02416 0.998798 18.1513 0.0618799 0.997724 -0.0267763 -2.09191 -0.997172 0.0629476 0.0410569 113.399
0.0414556 0.0244704 0.99884 18.9267 0.0602347 0.99782 -0.0269454 -2.09612 -0.997324 0.061282 0.0398912 113.432
0.0398757 0.0232346 0.998934 19.7125 0.0630245 0.99768 -0.0257213 -2.10011 -0.997216 0.063983 0.0383187 113.468
0.03825 0.0221583 0.999022 20.4884 0.0654196 0.997554 -0.0246305 -2.11382 -0.997125 0.0662978 0.0367067 113.504
0.035668 0.0225032 0.99911 21.3076 0.0632287 0.997692 -0.0247285 -2.12627 -0.997362 0.0640545 0.0341627 113.559
0.0342983 0.0280203 0.999019 22.1149 0.0610663 0.99768 -0.0300792 -2.14454 -0.997545 0.0620381 0.0325075 113.594
0.0334791 0.0345163 0.998843 22.8956 0.063108 0.997336 -0.0365794 -2.14287 -0.997445 0.0642597 0.0312115 113.621
0.031479 0.03705 0.998817 23.7054 0.0641175 0.997179 -0.03901 -2.17024 -0.997446 0.0652697 0.0290146 113.657
0.0294852 0.035483 0.998935 24.554 0.0604054 0.99748 -0.0372142 -2.20774 -0.997739 0.0614384 0.0272674 113.692
0.0287753 0.0318712 0.999078 25.409 0.0574426 0.997787 -0.0334844 -2.24828 -0.997934 0.0583532 0.0268807 113.727
0.0279054 0.027064 0.999244 26.2096 0.0566073 0.997986 -0.0286108 -2.28244 -0.998007 0.057363 0.0263171 113.759
0.0267484 0.0225813 0.999387 26.9859 0.0532626 0.998292 -0.0239821 -2.30194 -0.998223 0.0538714 0.0254999 113.802
0.0274959 0.0217418 0.999385 27.7976 0.0516387 0.998398 -0.0231411 -2.33257 -0.998288 0.0522433 0.026329 113.834
0.0294349 0.0286008 0.999157 28.6352 0.0547704 0.998043 -0.0301824 -2.37269 -0.998065 0.0556127 0.0278107 113.848
0.0301586 0.0389937 0.998784 29.466 0.0576331 0.997508 -0.0406841 -2.41509 -0.997882 0.05879 0.027836 113.882
0.0269855 0.043968 0.998668 30.2698 0.0590661 0.997216 -0.0455001 -2.45937 -0.99789 0.0602153 0.0243133 113.95
0.0295489 0.0393321 0.998789 31.124 0.062331 0.997208 -0.0411139 -2.49234 -0.997618 0.0634705 0.0270146 113.957
0.0302034 0.0327489 0.999007 31.9297 0.069498 0.996975 -0.0347835 -2.50312 -0.997125 0.0704797 0.027836 113.98
0.031387 0.0315772 0.999008 32.7518 0.0727097 0.99678 -0.0337911 -2.52665 -0.996859 0.0736982 0.0289898 114.002
0.0313377 0.0331552 0.998959 33.569 0.0751528 0.996542 -0.0354326 -2.55335 -0.99668 0.076185 0.0287375 114.037
0.0310728 0.0344598 0.998923 34.3607 0.0776469 0.996302 -0.0367847 -2.58392 -0.996497 0.0787063 0.028282 114.061
0.0285289 0.0339339 0.999017 35.1427 0.0753385 0.996508 -0.0360001 -2.64306 -0.99675 0.0762915 0.0258726 114.101
0.0263206 0.0308189 0.999178 35.8798 0.0773785 0.996463 -0.0327734 -2.73471 -0.996655 0.0781776 0.0238426 114.128
0.0241681 0.0307653 0.999234 36.6283 0.0754328 0.996621 -0.0325093 -2.78156 -0.996858 0.0761608 0.0217656 114.148
0.0219036 0.0319791 0.999248 37.4422 0.0734107 0.996739 -0.0335079 -2.80968 -0.997061 0.0740896 0.0194844 114.176
0.0199383 0.0303641 0.99934 38.2354 0.070732 0.996991 -0.031704 -2.86115 -0.997296 0.0713175 0.0177305 114.196
0.0172121 0.0290042 0.999431 38.9989 0.0708961 0.997028 -0.0301554 -2.9064 -0.997335 0.0713748 0.0151045 114.22
0.0157661 0.0286906 0.999464 39.7782 0.0708587 0.997043 -0.0297389 -2.95347 -0.997362 0.0712897 0.0136864 114.226
0.0144872 0.0302274 0.999438 40.5563 0.071132 0.996979 -0.0311841 -2.98177 -0.997362 0.0715438 0.0122931 114.23
0.0135705 0.028911 0.99949 41.3353 0.0723808 0.996931 -0.0298197 -3.04504 -0.997285 0.0727486 0.0114361 114.242
0.0121281 0.0272379 0.999555 42.1131 0.0727619 0.996955 -0.0280499 -3.09121 -0.997276 0.0730698 0.0101092 114.257
0.0102064 0.0256076 0.99962 42.8485 0.0737334 0.996931 -0.0262916 -3.14242 -0.997226 0.0739737 0.00828685 114.275
0.00801189 0.0247261 0.999662 43.6219 0.0721687 0.997073 -0.0252405 -3.1889 -0.99736 0.0723466 0.00620386 114.293
0.00645154 0.0246371 0.999676 44.3697 0.0701729 0.997221 -0.0250294 -3.21537 -0.997514 0.0703117 0.00470462 114.302
0.00532521 0.0234183 0.999712 45.11 0.0684305 0.997374 -0.023728 -3.25065 -0.997642 0.0685372 0.00370857 114.317
0.00472258 0.0220336 0.999746 45.821 0.0687445 0.997385 -0.0223063 -3.29988 -0.997623 0.0688324 0.00319541 114.319
0.00467684 0.0249024 0.999679 46.516 0.0691413 0.997289 -0.0251663 -3.32963 -0.997596 0.0692369 0.00294226 114.328
0.00415751 0.0277962 0.999605 47.1466 0.0689157 0.997229 -0.0280167 -3.36091 -0.997614 0.069005 0.00223027 114.352
0.00497369 0.0316064 0.999488 47.8286 0.0666476 0.997267 -0.0318678 -3.36813 -0.997764 0.0667721 0.00285348 114.356
0.0050252 0.0332878 0.999433 48.5192 0.0686516 0.997076 -0.0335545 -3.39501 -0.997628 0.0687814 0.00272512 114.362
0.00536783 0.0332812 0.999432 49.2321 0.0695795 0.997011 -0.0335743 -3.43099 -0.997562 0.0697202 0.00303596 114.37
0.00577942 0.0327818 0.999446 49.9083 0.0690693 0.997062 -0.0331031 -3.46743 -0.997595 0.0692224 0.0034981 114.362
0.00556457 0.0331195 0.999436 50.5852 0.0647497 0.997342 -0.0334107 -3.50338 -0.997886 0.0648992 0.00340517 114.377
0.00472904 0.0327004 0.999454 51.2773 0.0599207 0.99766 -0.0329252 -3.55709 -0.998192 0.0600438 0.00275842 114.402
0.00610462 0.0327366 0.999445 51.9401 0.0636433 0.997425 -0.0330592 -3.57077 -0.997954 0.0638099 0.00400531 114.393
0.00619384 0.0334963 0.99942 52.6037 0.0655483 0.997276 -0.0338307 -3.58119 -0.99783 0.0657199 0.00398121 114.386
0.00278634 0.0324677 0.999469 53.2818 0.0612167 0.997593 -0.0325774 -3.62835 -0.99812 0.061275 0.000791948 114.397
-0.00219541 0.0305337 0.999531 53.9506 0.0568795 0.997919 -0.0303596 -3.69012 -0.998379 0.0567862 -0.00392771 114.399
-0.00869185 0.034011 0.999384 54.5976 0.0595792 0.997664 -0.0334343 -3.72076 -0.998186 0.0592519 -0.010698 114.403
-0.0162642 0.0348875 0.999259 55.234 0.0608321 0.997574 -0.0338386 -3.78416 -0.998015 0.0602367 -0.0183472 114.405
-0.0227966 0.0348413 0.999133 55.9041 0.0598927 0.997645 -0.0334229 -3.84324 -0.997944 0.0590789 -0.0248298 114.384
-0.029078 0.0349016 0.998968 56.592 0.0576561 0.997785 -0.033182 -3.86675 -0.997913 0.0566318 -0.031026 114.371
-0.033755 0.0353108 0.998806 57.2745 0.0597689 0.997658 -0.0332503 -3.87676 -0.997641 0.0585752 -0.0357866 114.338
-0.0367373 0.0382253 0.998594 57.9821 0.0594146 0.997584 -0.0360008 -3.87982 -0.997557 0.0580085 -0.0389198 114.303
-0.0404034 0.0419956 0.998301 58.6757 0.0614819 0.997328 -0.0394663 -3.85576 -0.99729 0.0597829 -0.0428775 114.278
-0.0410826 0.0430714 0.998227 59.3574 0.0658473 0.997015 -0.0403091 -3.83207 -0.996983 0.0640746 -0.0437962 114.229
-0.0418289 0.0433584 0.998184 60.0514 0.0693666 0.996773 -0.0403903 -3.82038 -0.996714 0.0675512 -0.0447017 114.191
-0.0420263 0.0440007 0.998147 60.7318 0.0699797 0.996706 -0.0409907 -3.80836 -0.996663 0.0681274 -0.0449671 114.155
-0.0420738 0.0504996 0.997837 61.4674 0.0697049 0.996437 -0.0474896 -3.75107 -0.99668 0.0675561 -0.0454441 114.125
-0.041083 0.0555438 0.997611 62.165 0.0711084 0.996085 -0.0525304 -3.7782 -0.996622 0.0687804 -0.0448719 114.086
-0.040325 0.0597657 0.997398 62.9062 0.077444 0.995394 -0.0565145 -3.82066 -0.996181 0.0749635 -0.0447679 114.043
-0.0405977 0.0650986 0.997053 63.6446 0.0862586 0.994379 -0.0614117 -3.86391 -0.995445 0.0835112 -0.0459849 114.003
-0.0410316 0.0665327 0.99694 64.4113 0.0876425 0.994174 -0.062741 -3.91664 -0.995306 0.0848 -0.0466237 113.972
-0.041053 0.0649658 0.997043 65.1601 0.08563 0.994442 -0.0612705 -3.96711 -0.995481 0.0828614 -0.046388 113.937
-0.0420057 0.0606239 0.997276 65.8799 0.0856016 0.994706 -0.056862 -4.01839 -0.995443 0.0829799 -0.0469729 113.929
-0.041714 0.0590662 0.997382 66.6383 0.0876636 0.994618 -0.0552361 -4.06764 -0.995276 0.08513 -0.0466676 113.891
-0.0424038 0.0586613 0.997377 67.3866 0.0881566 0.994601 -0.05475 -4.12531 -0.995203 0.0856037 -0.0473464 113.857
-0.0448197 0.0590376 0.997249 68.1408 0.0873279 0.994663 -0.0549597 -4.19401 -0.995171 0.0846244 -0.0497363 113.833
-0.0475725 0.0594186 0.997099 68.9076 0.0861064 0.994757 -0.0551708 -4.2561 -0.995149 0.083232 -0.0524396 113.805
-0.050963 0.0606281 0.996859 69.6398 0.0863953 0.994682 -0.0560788 -4.29382 -0.994956 0.083266 -0.0559301 113.787
-0.0497651 0.0588642 0.997025 70.3636 0.0933434 0.994167 -0.0540363 -4.37259 -0.994389 0.0903766 -0.0549696 113.709
-0.0533647 0.0578521 0.996898 71.113 0.0916417 0.994392 -0.0528009 -4.44191 -0.994361 0.0885398 -0.0583672 113.691
-0.0547313 0.0585414 0.996784 71.8493 0.0896018 0.994541 -0.0534897 -4.49025 -0.994472 0.086386 -0.059678 113.651
-0.0565045 0.0592949 0.99664 72.6014 0.0906019 0.994421 -0.0540261 -4.55687 -0.994283 0.0872447 -0.0615616 113.624
-0.0569271 0.0589407 0.996637 73.3377 0.0897147 0.99452 -0.053691 -4.62436 -0.994339 0.0863565 -0.0619031 113.579
-0.0582549 0.0595244 0.996526 74.1059 0.0890849 0.994549 -0.0541986 -4.6713 -0.994319 0.0856181 -0.0632402 113.531
-0.0589449 0.0580866 0.99657 74.8648 0.0898356 0.994564 -0.052656 -4.71868 -0.99421 0.0864237 -0.0638428 113.481
-0.0598999 0.0554995 0.99666 75.6468 0.0874582 0.994906 -0.0501454 -4.77839 -0.994365 0.0841624 -0.0644488 113.437
-0.0623269 0.0534869 0.996622 76.4365 0.0846631 0.995247 -0.0481184 -4.83326 -0.994458 0.081378 -0.0665592 113.401
-0.0633018 0.0528738 0.996593 77.2399 0.0871963 0.99507 -0.0472544 -4.88352 -0.994178 0.083908 -0.0676003 113.333
-0.0663886 0.0548141 0.996287 77.9679 0.0876432 0.994951 -0.0489004 -4.90885 -0.993937 0.0840714 -0.0708577 113.304
-0.067656 0.0573505 0.996059 78.7451 0.0876133 0.994832 -0.0513288 -4.94106 -0.993854 0.0837953 -0.072331 113.235
-0.0689187 0.0620614 0.99569 79.5934 0.0902896 0.994355 -0.0557286 -4.9819 -0.993528 0.0860597 -0.0741333 113.184
-0.0694128 0.0666513 0.995359 80.3783 0.0937013 0.99379 -0.0600119 -5.02737 -0.993177 0.0891008 -0.0752272 113.126
-0.0694005 0.0714246 0.995029 81.2092 0.0958036 0.993301 -0.0646186 -5.07418 -0.992978 0.0908428 -0.0757784 113.053
-0.0692382 0.0732538 0.994907 82.0488 0.0980161 0.992975 -0.0662903 -5.13066 -0.992773 0.0929271 -0.075932 112.992
-0.068308 0.0748598 0.994852 82.8739 0.102761 0.992405 -0.0676199 -5.16101 -0.992357 0.0976134 -0.075482 112.924
-0.0683585 0.0756241 0.99479 83.7214 0.104348 0.992196 -0.0682564 -5.19305 -0.992188 0.0991388 -0.0757163 112.878
-0.0662845 0.0733339 0.995102 84.5421 0.104035 0.992368 -0.0662024 -5.27314 -0.992362 0.0991378 -0.073408 112.8
-0.0639375 0.0722494 0.995335 85.374 0.103415 0.992486 -0.0653995 -5.32454 -0.992581 0.0987507 -0.0709288 112.74
-0.0620678 0.0700071 0.995614 86.2128 0.104801 0.99248 -0.0632533 -5.37775 -0.992554 0.100415 -0.0689379 112.682
-0.0599395 0.0677865 0.995898 87.0407 0.10528 0.992557 -0.0612227 -5.42524 -0.992634 0.101178 -0.06663 112.62
-0.0591336 0.0677267 0.99595 87.8938 0.103186 0.992766 -0.0613836 -5.49309 -0.992902 0.0991384 -0.0656944 112.579
-0.0571121 0.07202 0.995767 88.7467 0.10463 0.992334 -0.0657707 -5.56336 -0.992869 0.100431 -0.0642099 112.518
-0.0547961 0.0782076 0.99543 89.5687 0.104958 0.991856 -0.0721491 -5.63468 -0.992965 0.100525 -0.0625584 112.457
-0.0527081 0.0819862 0.995239 90.4598 0.103582 0.991697 -0.0762086 -5.70687 -0.993223 0.0990723 -0.0607629 112.418
-0.0505318 0.0790378 0.99559 91.2908 0.103875 0.991873 -0.0734705 -5.79474 -0.993305 0.0997043 -0.0583313 112.36
-0.0493138 0.0766802 0.995835 92.1618 0.104917 0.99193 -0.071184 -5.86983 -0.993257 0.10097 -0.0569611 112.31
-0.0482448 0.0752439 0.995997 93.0326 0.106336 0.991879 -0.069782 -5.94413 -0.993158 0.102544 -0.0558543 112.26
-0.0473893 0.0748348 0.996069 93.8789 0.105498 0.991988 -0.0695089 -6.0228 -0.993289 0.101789 -0.0549046 112.221
-0.0471454 0.074514 0.996105 94.7369 0.103918 0.992169 -0.0693011 -6.10081 -0.993467 0.100246 -0.0545197 112.185
-0.0459449 0.0727045 0.996295 95.5537 0.106819 0.991987 -0.0674641 -6.16772 -0.993216 0.103324 -0.0533431 112.137
-0.0437167 0.0721382 0.996436 96.4061 0.108907 0.99179 -0.0670237 -6.23538 -0.99309 0.105589 -0.0512143 112.076
-0.0443855 0.0728628 0.996354 97.1977 0.110652 0.991559 -0.0675828 -6.3164 -0.992867 0.107249 -0.0520733 112.068
-0.0445773 0.0758267 0.996124 98.0074 0.111317 0.991283 -0.0704766 -6.37186 -0.992784 0.107744 -0.0526297 112.028
-0.0451062 0.0781145 0.995923 98.8486 0.108955 0.991376 -0.0728231 -6.43027 -0.993022 0.105226 -0.0532283 112.008
-0.0455607 0.0736571 0.996242 99.7217 0.104982 0.992109 -0.0685503 -6.51388 -0.993429 0.101465 -0.052934 111.982
-0.0459078 0.0715807 0.996378 100.574 0.0994937 0.992798 -0.0667394 -6.5972 -0.993978 0.0960695 -0.0526991 111.968
-0.0473215 0.073124 0.996199 101.401 0.0954406 0.993085 -0.0683617 -6.65476 -0.994309 0.091843 -0.0539734 111.933
-0.049189 0.0784457 0.995704 102.263 0.0924282 0.992991 -0.0736658 -6.72611 -0.994503 0.0884077 -0.056095 111.9
-0.0509078 0.0816471 0.99536 103.081 0.0907851 0.992905 -0.0768025 -6.79348 -0.994568 0.0864541 -0.057959 111.87
-0.0499027 0.082707 0.995324 103.92 0.0907851 0.992816 -0.0779468 -6.85781 -0.994619 0.0864708 -0.0570528 111.802
-0.0509449 0.0829661 0.995249 104.725 0.0920787 0.992689 -0.0780393 -6.92536 -0.994447 0.0876656 -0.0582119 111.769
-0.0518906 0.0844583 0.995075 105.579 0.0932753 0.992472 -0.0793733 -6.99267 -0.994287 0.0886972 -0.0593779 111.727
-0.0524416 0.0872826 0.994802 106.384 0.0940847 0.992174 -0.0820922 -7.08277 -0.994181 0.0892906 -0.0602432 111.679
-0.0541462 0.0888602 0.994571 107.209 0.0962112 0.991863 -0.0833803 -7.15413 -0.993887 0.0911742 -0.062255 111.651
-0.0576646 0.0896285 0.994304 107.982 0.0942306 0.992004 -0.0839562 -7.22564 -0.993878 0.0888527 -0.0656494 111.628
-0.0596595 0.0888986 0.994252 108.767 0.0933083 0.992163 -0.0831128 -7.30317 -0.993848 0.0878135 -0.067487 111.57
-0.0624549 0.0903997 0.993945 109.553 0.0934201 0.992047 -0.0843569 -7.37989 -0.993665 0.087586 -0.0704034 111.51
-0.0653465 0.0934782 0.993474 110.348 0.0935935 0.991788 -0.0871633 -7.4583 -0.993463 0.087287 -0.0735589 111.451
-0.0675029 0.0952467 0.993162 111.142 0.0932708 0.991676 -0.0887647 -7.53201 -0.993349 0.0866412 -0.0758249 111.382
-0.0696327 0.0957788 0.992964 111.924 0.0944487 0.991542 -0.0890183 -7.60915 -0.993091 0.0875856 -0.07809 111.311
-0.0716496 0.0948621 0.992909 112.697 0.0959192 0.991509 -0.0878067 -7.68616 -0.992806 0.0889477 -0.0801404 111.237
-0.0738101 0.096065 0.992635 113.473 0.098239 0.991209 -0.0886222 -7.7632 -0.992421 0.0909742 -0.0825987 111.17
-0.0752245 0.101807 0.991956 114.252 0.0941599 0.991055 -0.0945742 -7.83518 -0.99271 0.0862882 -0.0841378 111.108
-0.0772108 0.109377 0.990997 115.012 0.0925254 0.990461 -0.102109 -7.91833 -0.992711 0.0838085 -0.0865945 111.053
-0.0788019 0.112543 0.990517 115.742 0.0972875 0.989733 -0.104714 -7.9968 -0.992131 0.0881133 -0.0889419 110.967
-0.0809943 0.110988 0.990516 116.516 0.100036 0.989668 -0.102713 -8.07784 -0.991681 0.0907682 -0.0912604 110.893
-0.0844851 0.103614 0.991023 117.284 0.0991623 0.990516 -0.0951072 -8.17031 -0.991477 0.0902369 -0.0939585 110.834
-0.086884 0.101637 0.99102 118.054 0.0995335 0.990691 -0.0928768 -8.26304 -0.991233 0.0905702 -0.0961915 110.773
-0.0878172 0.105021 0.990585 118.806 0.100517 0.990286 -0.0960784 -8.34436 -0.991051 0.0911335 -0.0975206 110.696
-0.0901346 0.108859 0.989962 119.561 0.0986735 0.990094 -0.0998895 -8.42989 -0.991028 0.0886795 -0.0999833 110.625
-0.0915517 0.111332 0.989557 120.325 0.100029 0.989733 -0.102097 -8.52373 -0.990763 0.0896376 -0.101748 110.535
-0.0920853 0.116887 0.988867 121.049 0.107536 0.988446 -0.106824 -8.58448 -0.989926 0.0965017 -0.103591 110.442
-0.0940838 0.123203 0.987912 121.782 0.107663 0.987753 -0.11293 -8.64545 -0.989725 0.095737 -0.106196 110.362
-0.096988 0.126289 0.987241 122.54 0.107947 0.987401 -0.115704 -8.72762 -0.989413 0.0953476 -0.109399 110.285
-0.0986995 0.123931 0.98737 123.301 0.108903 0.987601 -0.113073 -8.82229 -0.989139 0.0963669 -0.110972 110.198
-0.100946 0.120932 0.987515 124.006 0.11391 0.987463 -0.109282 -8.90223 -0.988348 0.101456 -0.113456 110.074
-0.106435 0.119788 0.987078 124.746 0.11706 0.987323 -0.107196 -8.993 -0.987404 0.104137 -0.119108 109.984
-0.112026 0.118639 0.986598 125.484 0.116054 0.987615 -0.105584 -9.08611 -0.986904 0.102671 -0.124407 109.878
-0.119505 0.118776 0.985703 126.214 0.11589 0.987701 -0.104966 -9.17779 -0.986046 0.101689 -0.1318 109.766
-0.129782 0.119335 0.984335 126.937 0.115734 0.987769 -0.104492 -9.26756 -0.984764 0.10036 -0.142006 109.652
-0.141166 0.120041 0.982681 127.662 0.116809 0.987708 -0.103875 -9.3578 -0.98307 0.100122 -0.153452 109.527
-0.153817 0.121187 0.98064 128.354 0.119138 0.987485 -0.103345 -9.43749 -0.980889 0.100935 -0.16633 109.408
-0.164352 0.121095 0.978941 129.065 0.123034 0.987203 -0.101461 -9.52196 -0.978697 0.103768 -0.177148 109.249
-0.175391 0.120671 0.977076 129.796 0.126939 0.986948 -0.0991041 -9.61617 -0.97628 0.106647 -0.188419 109.102
-0.184985 0.120628 0.97531 130.494 0.13144 0.986559 -0.0970887 -9.69533 -0.973911 0.110235 -0.198354 108.941
-0.192105 0.121179 0.973864 131.192 0.137977 0.985826 -0.0954495 -9.76903 -0.971625 0.116035 -0.206101 108.756
-0.19843 0.120818 0.97264 131.88 0.142584 0.985375 -0.0933112 -9.84638 -0.969687 0.120167 -0.212754 108.568
-0.2044 0.121328 0.971339 132.615 0.143951 0.985227 -0.0927713 -9.92301 -0.968244 0.120863 -0.218846 108.401
-0.208798 0.119264 0.970659 133.343 0.147816 0.984982 -0.0892267 -9.99761 -0.966722 0.124849 -0.223291 108.233
-0.208996 0.116812 0.970915 134.003 0.153611 0.984437 -0.0853734 -10.056 -0.965775 0.131301 -0.223687 108.043
-0.208897 0.115145 0.971135 134.701 0.160343 0.983638 -0.0821368 -10.1259 -0.964702 0.138557 -0.223942 107.864
-0.208744 0.113386 0.971375 135.371 0.161512 0.983615 -0.080107 -10.1965 -0.96454 0.140167 -0.223637 107.687
-0.207763 0.11868 0.970953 136.057 0.163937 0.982798 -0.0850489 -10.2672 -0.964343 0.141505 -0.223645 107.527
-0.206877 0.122007 0.97073 136.722 0.163844 0.982503 -0.0885696 -10.3392 -0.964549 0.140725 -0.223248 107.381
-0.205042 0.121891 0.971134 137.394 0.166178 0.982145 -0.088187 -10.4065 -0.964541 0.143299 -0.221637 107.217
-0.201949 0.120344 0.971974 138.056 0.167283 0.982078 -0.0868381 -10.4747 -0.965003 0.145057 -0.218461 107.048
-0.198966 0.117986 0.972878 138.716 0.168581 0.982049 -0.0846217 -10.5424 -0.965397 0.147172 -0.215285 106.881
-0.196088 0.118019 0.973458 139.398 0.168692 0.981991 -0.0850733 -10.6186 -0.965966 0.147533 -0.212466 106.728
-0.193507 0.120111 0.973719 140.03 0.170478 0.981497 -0.087191 -10.6892 -0.966173 0.149126 -0.210403 106.586
-0.190086 0.121651 0.974202 140.677 0.169647 0.981437 -0.0894529 -10.7643 -0.966998 0.148266 -0.207195 106.462
-0.185737 0.12064 0.975165 141.297 0.16834 0.981669 -0.0893813 -10.8369 -0.968071 0.147557 -0.202641 106.334
-0.17873 0.119087 0.976665 141.941 0.171345 0.981247 -0.0882893 -10.8999 -0.968862 0.151567 -0.195783 106.194
-0.173204 0.11629 0.977996 142.568 0.170282 0.981586 -0.08656 -10.9834 -0.970053 0.151542 -0.189817 106.063
-0.168399 0.115395 0.978941 143.189 0.171229 0.98145 -0.0862358 -11.0528 -0.970732 0.153101 -0.185034 105.942
-0.16463 0.113755 0.979774 143.813 0.171721 0.981464 -0.0850971 -11.1231 -0.971291 0.154238 -0.181113 105.838
-0.161118 0.111968 0.980563 144.419 0.174053 0.981195 -0.0834416 -11.1887 -0.971465 0.157226 -0.177576 105.73
-0.156278 0.109977 0.981571 145.013 0.177109 0.980795 -0.0816918 -11.251 -0.971704 0.161078 -0.172754 105.606
-0.152982 0.109503 0.982144 145.62 0.175724 0.981018 -0.0820064 -11.3083 -0.972479 0.160041 -0.16932 105.504
-0.14845 0.11095 0.982677 146.241 0.174077 0.981102 -0.0844751 -11.371 -0.973477 0.158521 -0.164958 105.408
-0.143543 0.11441 0.983009 146.814 0.17601 0.980411 -0.088406 -11.4339 -0.973865 0.160329 -0.160869 105.316
-0.136458 0.118662 0.983514 147.398 0.178277 0.979533 -0.0934467 -11.4787 -0.974472 0.162586 -0.154819 105.212
-0.129744 0.120329 0.984219 147.97 0.1774 0.979411 -0.0963559 -11.5338 -0.975548 0.162099 -0.148419 105.13
-0.120884 0.118622 0.985554 148.549 0.174267 0.979952 -0.096573 -11.6091 -0.977249 0.160075 -0.139133 105.051
-0.110859 0.116422 0.986994 149.14 0.17344 0.980142 -0.0961333 -11.6888 -0.978584 0.160527 -0.12885 105
-0.0999304 0.114045 0.988437 149.712 0.174039 0.980098 -0.0954876 -11.7686 -0.979654 0.162484 -0.11779 104.95
-0.08668 0.112966 0.989811 150.28 0.1733 0.980112 -0.0966825 -11.8372 -0.981046 0.163154 -0.104533 104.902
-0.0711462 0.112689 0.99108 150.859 0.171319 0.980214 -0.0991547 -11.9066 -0.982642 0.162736 -0.0890443 104.864
-0.0544967 0.110237 0.99241 151.41 0.169215 0.980531 -0.0996252 -11.9971 -0.98407 0.162501 -0.0720895 104.858
-0.0348724 0.109372 0.993389 151.976 0.166588 0.980723 -0.10213 -12.0727 -0.985409 0.161925 -0.0524205 104.859
