1 0 0 0 0 1 0 0 0 0 1 0
0.999994 0.00311988 -0.00143214 0.101092 -0.00311766 0.999994 0.00154984 -0.0917096 0.00143696 -0.00154536 0.999998 1.16731
0.999995 0.00310834 -0.000838608 0.109668 -0.00310654 0.999993 0.00214017 -0.109445 0.000845255 -0.00213756 0.999997 2.39067
0.999997 0.00241161 0.00078711 0.0892145 -0.00241395 0.999993 0.0029935 -0.138543 -0.000779886 -0.00299539 0.999995 3.60846
0.999997 0.00163902 0.00180642 0.0807424 -0.00164405 0.999995 0.00278718 -0.154722 -0.00180184 -0.00279014 0.999995 4.84697
0.999995 0.000173988 0.00320392 0.0592365 -0.000183831 0.999995 0.00307201 -0.180313 -0.00320337 -0.00307259 0.99999 6.04592
0.999993 0.000627546 0.00360744 0.0526418 -0.000634252 0.999998 0.00185817 -0.195564 -0.00360627 -0.00186045 0.999992 7.25203
0.999994 0.00039097 0.00344445 0.0653909 -0.000393828 1 0.000829212 -0.201052 -0.00344413 -0.000830564 0.999994 8.45097
0.999995 0.00027615 0.00322978 0.0672522 -0.000282304 0.999998 0.00190512 -0.213262 -0.00322925 -0.00190602 0.999993 9.64764
0.999995 -0.000126958 0.0030621 0.0436374 0.000120744 0.999998 0.00202937 -0.212979 -0.00306235 -0.002029 0.999993 10.8856
0.999998 -0.00168512 0.000770794 0.0298977 0.00168416 0.999998 0.00124982 -0.23706 -0.000772899 -0.00124852 0.999999 12.1039
0.999998 -0.00139294 -0.00117231 0.0113308 0.0013939 0.999999 0.000816099 -0.262686 0.00117117 -0.000817732 0.999999 13.3099
0.999996 -0.00155365 -0.00248359 -0.00761706 0.00155584 0.999999 0.000879547 -0.290333 0.00248222 -0.000883408 0.999997 14.5206
0.999997 -0.000392462 -0.00261331 -0.0335685 0.000394403 1 0.000742142 -0.314938 0.00261302 -0.00074317 0.999996 15.7566
0.999996 -0.00212324 -0.00210914 -0.0765167 0.00212445 0.999998 0.000569875 -0.341794 0.00210793 -0.000574354 0.999998 16.9536
0.999992 -0.00349386 -0.00217611 -0.100621 0.00349715 0.999993 0.00150784 -0.375524 0.00217082 -0.00151544 0.999997 18.1922
0.999989 -0.00424673 -0.00210543 -0.121916 0.00425088 0.999989 0.00197043 -0.407124 0.00209703 -0.00197936 0.999996 19.4235
0.999987 -0.00464701 -0.00211269 -0.146603 0.00465106 0.999987 0.00191471 -0.44963 0.00210377 -0.00192451 0.999996 20.6434
0.999978 -0.00630036 -0.00217201 -0.174011 0.00630447 0.999978 0.00189065 -0.491547 0.00216005 -0.0019043 0.999996 21.86
0.999984 -0.00559836 -0.00136466 -0.232003 0.00560186 0.999981 0.00257034 -0.514793 0.00135025 -0.00257794 0.999996 23.0491
0.999981 -0.00594009 -0.00181198 -0.250528 0.00594451 0.999979 0.0024462 -0.536082 0.00179741 -0.00245693 0.999996 24.2523
0.999982 -0.00598473 -0.00036382 -0.31953 0.00598538 0.999981 0.00181365 -0.561693 0.000352957 -0.0018158 0.999998 25.4586
0.999982 -0.00585206 0.00130647 -0.382012 0.00584856 0.999979 0.00267045 -0.584894 -0.00132207 -0.00266276 0.999996 26.6824
0.99997 -0.00765406 0.000840851 -0.387784 0.00765008 0.99996 0.00463952 -0.608515 -0.00087633 -0.00463295 0.999989 27.9289
0.999967 -0.00812271 0.000382542 -0.416528 0.0081208 0.999956 0.00474932 -0.631061 -0.000421103 -0.00474606 0.999989 29.1054
0.99996 -0.00889026 -0.000254026 -0.42951 0.00889117 0.999953 0.00386791 -0.653144 0.000219626 -0.00387002 0.999993 30.327
0.999944 -0.0103988 -0.00184585 -0.42301 0.0104028 0.999944 0.00215706 -0.66242 0.00182332 -0.00217614 0.999996 31.5421
0.999947 -0.00973728 -0.00342429 -0.426174 0.00974326 0.999951 0.00173317 -0.679153 0.00340724 -0.00176645 0.999993 32.7361
0.999941 -0.00999765 -0.00426157 -0.44192 0.0100014 0.99995 0.000851866 -0.671738 0.00425284 -0.000894438 0.999991 33.9399
0.999932 -0.0103392 -0.00543617 -0.442571 0.0103427 0.999947 0.000615878 -0.684487 0.00542951 -0.000672061 0.999985 35.1893
0.999913 -0.0113333 -0.00674821 -0.443874 0.0113354 0.999936 0.000273294 -0.7008 0.00674468 -0.000349765 0.999977 36.4392
0.999875 -0.0126528 -0.00950376 -0.422848 0.0126441 0.99992 -0.000976797 -0.704864 0.00951536 0.000856508 0.999955 37.6092
0.999865 -0.0134366 -0.00947878 -0.438134 0.0134363 0.99991 -9.29285e-05 -0.737574 0.00947918 -3.4445e-05 0.999955 38.9022
0.999855 -0.0134504 -0.0104421 -0.445391 0.0134623 0.999909 0.0010744 -0.762975 0.0104267 -0.00121482 0.999945 40.1176
0.999844 -0.0132467 -0.0116419 -0.44462 0.0132698 0.99991 0.00191025 -0.790795 0.0116155 -0.00206444 0.999931 41.3521
0.99984 -0.0127157 -0.0126081 -0.458682 0.0127345 0.999918 0.00141187 -0.810797 0.0125891 -0.0015722 0.99992 42.5595
0.999859 -0.0118677 -0.011879 -0.500794 0.0118872 0.999928 0.00157263 -0.835217 0.0118595 -0.00171362 0.999928 43.781
0.999901 -0.00913853 -0.0107163 -0.541569 0.00917411 0.999953 0.00327617 -0.860384 0.0106858 -0.00337415 0.999937 45.0257
0.999899 -0.0102527 -0.00981938 -0.556651 0.0103272 0.999918 0.00756554 -0.907243 0.00974101 -0.00766619 0.999923 46.2453
0.999912 -0.0111783 -0.00719924 -0.590945 0.0112657 0.999862 0.0122192 -0.959033 0.00706166 -0.0122993 0.9999 47.4792
0.999921 -0.0109797 -0.00613991 -0.597165 0.0110781 0.999807 0.0162328 -0.981331 0.0059605 -0.0162995 0.999849 48.7315
0.99992 -0.0114114 -0.00552419 -0.610591 0.0115087 0.999773 0.017916 -0.997193 0.0053185 -0.0179782 0.999824 49.9232
0.999891 -0.0138644 -0.00503886 -0.610356 0.0139459 0.999767 0.0165161 -0.998522 0.0048087 -0.0165846 0.999851 51.1286
0.999907 -0.0133955 -0.00254418 -0.65059 0.0134322 0.999797 0.0150001 -1.00471 0.00234274 -0.0150329 0.999884 52.3576
0.999907 -0.0136438 -4.91684e-05 -0.708184 0.0136431 0.9998 0.0146471 -1.00992 -0.000150682 -0.0146464 0.999893 53.5262
0.999888 -0.0149668 0.000837026 -0.723561 0.0149533 0.999785 0.0143765 -1.02538 -0.00105201 -0.0143624 0.999896 54.7659
0.999877 -0.0155815 0.00177551 -0.768546 0.0155566 0.999791 0.0132527 -1.03229 -0.00198163 -0.0132235 0.999911 55.9578
0.999897 -0.0141406 0.00251715 -0.811219 0.014105 0.999807 0.0136596 -1.03118 -0.00270982 -0.0136226 0.999904 57.2076
0.999874 -0.0156153 0.00276896 -0.849589 0.0155739 0.999775 0.0143869 -1.03673 -0.00299299 -0.0143419 0.999893 58.4076
0.999837 -0.0179083 0.00240982 -0.872687 0.0178707 0.999731 0.0148027 -1.04701 -0.00267426 -0.0147573 0.999888 59.6312
0.999857 -0.0167119 0.00240723 -0.889738 0.0166741 0.999749 0.0149626 -1.05577 -0.00265667 -0.0149203 0.999885 60.871
0.999846 -0.0174243 0.00202112 -0.904244 0.0173916 0.999733 0.0152314 -1.06936 -0.00228597 -0.0151939 0.999882 62.0793
0.999822 -0.0187515 0.00212471 -0.913786 0.0187194 0.999724 0.0142051 -1.07238 -0.00239049 -0.0141627 0.999897 63.3016
0.999791 -0.0204097 0.00119915 -0.912241 0.0203929 0.999712 0.0126498 -1.07262 -0.00145698 -0.0126227 0.999919 64.5241
0.99978 -0.0209455 -0.00110818 -0.887393 0.0209589 0.999685 0.0138496 -1.08495 0.000817744 -0.0138698 0.999904 65.7419
0.999763 -0.0217552 0.000384164 -0.926841 0.0217467 0.999644 0.0154903 -1.10303 -0.00072102 -0.0154783 0.99988 66.9529
0.999767 -0.0215727 3.98588e-05 -0.92944 0.0215705 0.999691 0.0123822 -1.08473 -0.000306961 -0.0123784 0.999923 68.1557
0.999794 -0.02028 -0.000281265 -0.929844 0.0202818 0.999745 0.00993512 -1.07703 7.97111e-05 -0.00993877 0.999951 69.3713
0.999838 -0.0180019 -0.000934206 -0.938718 0.0180096 0.999797 0.00903983 -1.07212 0.000771285 -0.00905518 0.999959 70.5677
0.99984 -0.0178985 -0.000749564 -0.952883 0.0179039 0.999808 0.00803588 -1.07364 0.000605592 -0.00804801 0.999968 71.763
0.999848 -0.0174282 0.00102014 -0.98667 0.0174193 0.999815 0.00814851 -1.08507 -0.00116197 -0.0081295 0.999966 72.9683
0.999836 -0.0174214 0.00491316 -1.03528 0.0173787 0.999812 0.00860352 -1.09708 -0.00506212 -0.00851672 0.999951 74.1835
0.999845 -0.0158892 0.00760466 -1.0513 0.0158149 0.999828 0.00973301 -1.11893 -0.007758 -0.00961123 0.999924 75.3986
0.999792 -0.0170863 0.0111012 -1.06174 0.0170014 0.999826 0.00769918 -1.13556 -0.0112308 -0.00750883 0.999909 76.5948
0.999707 -0.0200432 0.0135689 -1.04579 0.020011 0.999797 0.00249811 -1.14669 -0.0136162 -0.00222585 0.999905 77.8066
0.999667 -0.0209455 0.0150991 -1.02662 0.0209238 0.99978 0.00159498 -1.15839 -0.0151292 -0.00127851 0.999885 78.9836
0.999635 -0.0200068 0.0181724 -1.01945 0.0199316 0.999792 0.00431266 -1.17157 -0.0182549 -0.00394888 0.999826 80.1554
0.99958 -0.0183916 0.022416 -1.00734 0.0183046 0.999824 0.00408048 -1.17408 -0.0224871 -0.00366844 0.999741 81.3285
0.999488 -0.0181076 0.0263747 -0.975897 0.0180527 0.999834 0.00231701 -1.18963 -0.0264123 -0.00183969 0.99965 82.5272
0.999368 -0.0197669 0.0295392 -0.940146 0.0197747 0.999805 2.96382e-05 -1.21455 -0.029534 0.000554515 0.999564 83.7035
0.999263 -0.0203285 0.0325512 -0.896854 0.0204812 0.999781 -0.00436272 -1.22818 -0.0324553 0.0050262 0.999461 84.8771
0.999123 -0.0216093 0.0358563 -0.856687 0.0218199 0.999747 -0.00549245 -1.25169 -0.0357285 0.00627002 0.999342 86.0591
0.99899 -0.0228396 0.0386969 -0.818823 0.0230489 0.999722 -0.00497163 -1.26647 -0.0385726 0.00585854 0.999239 87.2221
0.998899 -0.0223158 0.0412656 -0.760209 0.0224801 0.999741 -0.00352097 -1.31536 -0.0411764 0.00444476 0.999142 88.3815
0.998767 -0.0231717 0.0439 -0.696463 0.0234459 0.999709 -0.00574095 -1.33734 -0.0437541 0.00676316 0.99902 89.5831
0.998644 -0.0240875 0.046142 -0.640295 0.0244569 0.999673 -0.00745804 -1.37593 -0.0459473 0.00857642 0.998907 90.7187
0.998557 -0.0242663 0.047905 -0.561803 0.0247363 0.999651 -0.00924383 -1.37587 -0.047664 0.0104155 0.998809 91.9086
0.998446 -0.0257387 0.0494306 -0.501638 0.0261501 0.999628 -0.00769573 -1.41373 -0.0492142 0.00897639 0.998748 93.0451
0.998354 -0.0263218 0.0509467 -0.427434 0.02666 0.999627 -0.00597073 -1.44362 -0.0507706 0.00731915 0.998684 94.2201
0.998267 -0.0269977 0.0522987 -0.362138 0.0272295 0.999622 -0.00372442 -1.47569 -0.0521784 0.00514203 0.998625 95.3735
0.997985 -0.0285853 0.0566546 -0.341271 0.028779 0.999582 -0.00260605 -1.49748 -0.0565564 0.00423126 0.99839 96.5147
0.997939 -0.0286552 0.0574245 -0.263345 0.0289247 0.999574 -0.00386783 -1.53933 -0.0572892 0.00552084 0.998342 97.6489
0.997912 -0.0295871 0.057409 -0.16346 0.0300388 0.999524 -0.0070203 -1.56321 -0.0571739 0.00873015 0.998326 98.8301
0.998001 -0.0301026 0.0555735 -0.0478262 0.0306818 0.999483 -0.00959816 -1.59533 -0.0552558 0.0112841 0.998409 99.9758
0.998029 -0.0317401 0.0541289 0.0719734 0.0324799 0.99939 -0.012842 -1.5788 -0.0536883 0.0145748 0.998452 101.184
0.998152 -0.0308806 0.0523352 0.164391 0.031625 0.999409 -0.0134545 -1.58034 -0.0518887 0.0150847 0.998539 102.336
0.998285 -0.0321234 0.0489363 0.256695 0.0328033 0.999375 -0.0131553 -1.58222 -0.0484832 0.014738 0.998715 103.493
0.998336 -0.0356208 0.045352 0.338597 0.0363071 0.999237 -0.0144001 -1.58593 -0.0448044 0.0160227 0.998867 104.65
0.998498 -0.0359075 0.0413709 0.417858 0.0365697 0.999213 -0.0153623 -1.6001 -0.0407867 0.0168521 0.999026 105.848
0.998615 -0.0365624 0.037844 0.48476 0.0371932 0.999178 -0.0160993 -1.62943 -0.0372243 0.0174845 0.999154 107.079
0.998778 -0.0364597 0.0333585 0.531136 0.0370286 0.999176 -0.016598 -1.66284 -0.0327259 0.0178129 0.999306 108.277
0.998999 -0.0342774 0.0287334 0.55631 0.0347846 0.999244 -0.0173421 -1.69542 -0.0281172 0.0183243 0.999437 109.489
0.99914 -0.0331726 0.0248632 0.589038 0.0336117 0.999283 -0.0174538 -1.72845 -0.0242663 0.0182745 0.999539 110.727
0.999214 -0.0324523 0.0227757 0.568749 0.0328298 0.999326 -0.0164008 -1.77783 -0.0222281 0.0171356 0.999606 111.963
0.999229 -0.0338802 0.0198374 0.546444 0.0341788 0.999304 -0.0149136 -1.83387 -0.0193183 0.0155801 0.999692 113.179
0.999255 -0.0344428 0.0173758 0.497187 0.0346912 0.999297 -0.0141997 -1.87918 -0.0168745 0.0147919 0.999748 114.389
0.999311 -0.034253 0.014258 0.454505 0.03445 0.999311 -0.0138086 -1.9263 -0.0137751 0.0142903 0.999803 115.562
0.999385 -0.0332229 0.0112 0.397675 0.0333789 0.999344 -0.014051 -1.96731 -0.0107258 0.0144162 0.999839 116.763
0.999471 -0.0322302 0.00443565 0.457152 0.0322988 0.999344 -0.0163768 -1.96563 -0.0039049 0.0165114 0.999856 118.175
0.999507 -0.0312947 -0.00233725 0.509762 0.0312469 0.999345 -0.0182451 -1.98437 0.00290671 0.0181631 0.999831 119.433
0.999542 -0.0292953 -0.00752191 0.536896 0.0291451 0.999388 -0.0193549 -2.00496 0.00808433 0.0191268 0.999785 120.726
0.999599 -0.0264009 -0.0102483 0.523873 0.0261879 0.999449 -0.0203815 -2.03549 0.0107807 0.020105 0.99974 121.928
0.999619 -0.0251618 -0.0113081 0.508342 0.0249119 0.999454 -0.0217183 -2.06827 0.0118484 0.0214284 0.9997 123.208
0.999645 -0.023966 -0.0116374 0.482766 0.0237055 0.999477 -0.0220232 -2.09796 0.0121591 0.0217395 0.99969 124.462
0.999677 -0.022758 -0.0112743 0.439555 0.022508 0.999509 -0.0218228 -2.14074 0.0117655 0.021562 0.999698 125.727
0.999704 -0.0228758 -0.00830914 0.335711 0.0226895 0.999504 -0.0218618 -2.17744 0.00880514 0.0216668 0.999727 126.984
0.999786 -0.0185341 -0.00916092 0.308482 0.0183532 0.999643 -0.0194454 -2.23447 0.00951806 0.0192731 0.999769 128.201
0.999773 -0.0174952 -0.012193 0.326774 0.0172862 0.999706 -0.0170346 -2.26354 0.0124874 0.01682 0.999781 129.408
0.999709 -0.0195061 -0.0142125 0.316814 0.0192396 0.999641 -0.0186499 -2.29028 0.0145712 0.018371 0.999725 130.671
0.999681 -0.0196835 -0.0158469 0.303735 0.019355 0.9996 -0.02062 -2.32596 0.0162464 0.0203067 0.999662 132.012
0.999585 -0.0225698 -0.0179185 0.288608 0.0222063 0.999549 -0.0202327 -2.3662 0.0183671 0.0198264 0.999635 133.302
0.99945 -0.0254622 -0.0212416 0.288319 0.0250496 0.999497 -0.01947 -2.40311 0.0217266 0.0189272 0.999585 134.59
0.999322 -0.0287891 -0.0229415 0.27425 0.028364 0.999424 -0.0186449 -2.44178 0.0234651 0.0179816 0.999563 135.882
0.999202 -0.0309166 -0.0252666 0.257343 0.0304832 0.999385 -0.0173603 -2.49605 0.0257877 0.0165762 0.99953 137.13
0.999042 -0.0355902 -0.0254602 0.234967 0.0351279 0.999214 -0.0183802 -2.55776 0.0260943 0.0174682 0.999507 138.437
0.998875 -0.0394111 -0.0263672 0.216178 0.0389322 0.999072 -0.0184363 -2.62266 0.0270693 0.017389 0.999483 139.741
0.998803 -0.0418665 -0.0252822 0.164975 0.0414051 0.998971 -0.0185044 -2.68029 0.026031 0.0174354 0.999509 141.041
0.99872 -0.0439838 -0.0249847 0.127027 0.0435572 0.9989 -0.0173689 -2.74259 0.0257211 0.0162584 0.999537 142.305
0.998715 -0.0437742 -0.025524 0.0980856 0.0433658 0.998926 -0.0163384 -2.77874 0.0262118 0.0152105 0.999541 143.599
0.998679 -0.0420824 -0.029465 0.127748 0.0416173 0.999002 -0.0162224 -2.79606 0.0301183 0.0149747 0.999434 144.823
0.998725 -0.042464 -0.0272773 0.047522 0.0419806 0.998955 -0.0180573 -2.84638 0.0280156 0.0168892 0.999465 146.139
0.998771 -0.0423552 -0.0257199 -0.020688 0.041856 0.998931 -0.0196477 -2.89885 0.0265246 0.018547 0.999476 147.429
0.998795 -0.0430112 -0.0236186 -0.0924967 0.0424901 0.998852 -0.0221404 -2.95435 0.0245438 0.0211101 0.999476 148.746
0.998815 -0.0440576 -0.0206454 -0.187365 0.0435156 0.998714 -0.0260032 -3.01686 0.0217645 0.025074 0.999449 150.007
0.998906 -0.0436763 -0.0166648 -0.280172 0.0431789 0.998643 -0.0291218 -3.08815 0.0179142 0.0283704 0.999437 151.299
0.998936 -0.0442768 -0.0129014 -0.377022 0.0438834 0.998606 -0.0293257 -3.16801 0.0141819 0.0287283 0.999487 152.572
0.998919 -0.0448612 -0.0121778 -0.420064 0.0444981 0.9986 -0.0286027 -3.24556 0.0134439 0.0280299 0.999517 153.829
0.998917 -0.0448438 -0.0124063 -0.447168 0.0444884 0.998629 -0.0275781 -3.31755 0.013626 0.0269963 0.999543 155.147
0.998939 -0.0441624 -0.0130135 -0.463702 0.0438137 0.998702 -0.0259637 -3.38722 0.0141432 0.025366 0.999578 156.419
0.998917 -0.0445412 -0.0134219 -0.491694 0.0441817 0.998686 -0.0259845 -3.43523 0.0145616 0.0253633 0.999573 157.709
0.998869 -0.0451509 -0.0149168 -0.505949 0.0447443 0.998646 -0.0265524 -3.48713 0.0160955 0.0258549 0.999537 159.001
0.998844 -0.0447349 -0.0175743 -0.49867 0.0442531 0.998658 -0.0269081 -3.54175 0.0187545 0.0260993 0.999484 160.301
0.998777 -0.0454543 -0.0194253 -0.506635 0.0449608 0.998673 -0.0251298 -3.61905 0.0205418 0.0242257 0.999496 161.635
0.998772 -0.0449764 -0.0207709 -0.518955 0.0444766 0.998724 -0.0239305 -3.69037 0.0218208 0.0229773 0.999498 162.952
0.998817 -0.0438359 -0.0210555 -0.567415 0.0433065 0.99875 -0.0249708 -3.74743 0.0221238 0.0240295 0.999467 164.196
0.998767 -0.0442314 -0.0225201 -0.598475 0.0436496 0.998716 -0.0257036 -3.81324 0.0236281 0.0246889 0.999416 165.49
0.998832 -0.0437008 -0.0205864 -0.707461 0.0431807 0.998753 -0.0250644 -3.88539 0.0216561 0.0241462 0.999474 166.714
0.998811 -0.0438971 -0.0211968 -0.734174 0.0433417 0.998722 -0.025988 -3.94677 0.0223105 0.0250384 0.999438 168.04
0.998894 -0.0438135 -0.0170452 -0.893105 0.0433533 0.998709 -0.0264865 -4.01444 0.0181837 0.0257182 0.999504 169.265
0.998918 -0.0431606 -0.0172988 -0.935394 0.0427045 0.998752 -0.0259194 -4.08165 0.0183959 0.0251527 0.999515 170.554
0.998958 -0.0430986 -0.0150179 -1.04021 0.0427301 0.998797 -0.0240437 -4.1505 0.0160361 0.0233769 0.999599 171.807
0.998957 -0.0430882 -0.0150775 -1.08254 0.042723 0.998805 -0.0237566 -4.20457 0.0160831 0.0230876 0.999604 173.092
0.998969 -0.0426708 -0.0154859 -1.12273 0.0423023 0.998831 -0.0233916 -4.2598 0.016466 0.0227124 0.999607 174.382
0.999035 -0.04167 -0.0138746 -1.20408 0.0413484 0.998887 -0.0227054 -4.32257 0.0148053 0.0221098 0.999646 175.647
0.999047 -0.0417175 -0.0128013 -1.26325 0.0414065 0.998862 -0.0236614 -4.37836 0.0137738 0.0231089 0.999638 176.954
0.999083 -0.0411461 -0.0117988 -1.33282 0.0408528 0.998874 -0.0241038 -4.4357 0.0127773 0.0235997 0.99964 178.206
0.999113 -0.0409543 -0.00972888 -1.40149 0.0407163 0.998894 -0.0235191 -4.49659 0.0106813 0.0231021 0.999676 179.507
0.999159 -0.0405673 -0.00597537 -1.49402 0.040413 0.998895 -0.0240098 -4.56029 0.00694277 0.0237481 0.999694 180.794
0.999136 -0.0414904 -0.00229883 -1.57471 0.0414192 0.998823 -0.0252486 -4.62325 0.00334369 0.0251315 0.999679 182.079
0.999018 -0.0442249 -0.00255672 -1.59087 0.044146 0.998703 -0.0253646 -4.67954 0.00367515 0.0252268 0.999675 183.346
0.999011 -0.0443741 -0.00276972 -1.59478 0.0443041 0.998784 -0.0216061 -4.74128 0.00372511 0.0214621 0.999763 184.669
0.998975 -0.0451498 -0.00308592 -1.60051 0.0450907 0.998837 -0.0170815 -4.79696 0.00385356 0.0169249 0.99985 185.959
0.999019 -0.0442082 -0.00262415 -1.61355 0.0441538 0.998862 -0.0180562 -4.84381 0.0034194 0.0179226 0.999834 187.221
0.999097 -0.042448 -0.00184001 -1.62279 0.0423973 0.998859 -0.021997 -4.88133 0.00277164 0.0218992 0.999757 188.505
0.999092 -0.0425603 -0.00212071 -1.63107 0.0424947 0.998788 -0.0248333 -4.92543 0.00317505 0.0247206 0.99969 189.758
0.999071 -0.0430568 -0.00181887 -1.64676 0.0429967 0.998752 -0.0254254 -4.97171 0.00291133 0.0253236 0.999675 191.007
0.999084 -0.0427789 -0.00125845 -1.65881 0.0427335 0.998767 -0.0252725 -5.01365 0.00233803 0.0251956 0.99968 192.262
0.999058 -0.0433892 -0.000576043 -1.67711 0.0433628 0.998771 -0.0240009 -5.06124 0.00161671 0.0239533 0.999712 193.505
0.998994 -0.0448339 -0.000846959 -1.67366 0.0448015 0.998718 -0.0235528 -5.11713 0.00190184 0.0234912 0.999723 194.781
0.998947 -0.045884 -0.000612937 -1.66787 0.0458554 0.99865 -0.024413 -5.17585 0.00173227 0.0243592 0.999702 196.034
0.998881 -0.0472453 0.00191803 -1.68783 0.0472787 0.998563 -0.0252301 -5.2431 -0.000723275 0.0252926 0.99968 197.282
0.998874 -0.0473367 0.00308727 -1.68503 0.0474016 0.998531 -0.0262439 -5.30863 -0.00184044 0.0263607 0.999651 198.522
0.998814 -0.0484827 0.00445321 -1.68409 0.0485839 0.998468 -0.026474 -5.37276 -0.00316287 0.0266589 0.99964 199.753
0.998773 -0.0492183 0.00542442 -1.68198 0.0493419 0.998452 -0.025685 -5.43586 -0.00415185 0.0259212 0.999656 200.985
0.998775 -0.0488957 0.00763205 -1.69571 0.0490684 0.998498 -0.0243674 -5.48883 -0.00642913 0.024712 0.999674 202.21
0.998803 -0.0484532 0.00669766 -1.65984 0.0486005 0.998532 -0.0239318 -5.54286 -0.00552825 0.0242286 0.999692 203.441
0.998847 -0.0474896 0.00707607 -1.66387 0.0476469 0.998575 -0.0240408 -5.59018 -0.0059243 0.0243503 0.999686 204.618
0.998847 -0.0472255 0.00861832 -1.68439 0.0474213 0.998583 -0.024133 -5.64314 -0.00746642 0.0245138 0.999672 205.84
0.998776 -0.0479372 0.0121996 -1.74822 0.0482181 0.998551 -0.0238887 -5.70462 -0.0110367 0.0244477 0.999641 207.029
0.998724 -0.0482386 0.0149437 -1.78423 0.0485878 0.998531 -0.0239609 -5.76532 -0.0137659 0.0246564 0.999602 208.227
0.998679 -0.0483617 0.0173432 -1.80893 0.0487677 0.998526 -0.0238038 -5.82254 -0.0161665 0.0246181 0.999567 209.409
0.99858 -0.0500674 0.0181787 -1.79837 0.0504873 0.99845 -0.023428 -5.88588 -0.0169776 0.0243126 0.999561 210.604
0.998592 -0.0499915 0.0177699 -1.77656 0.0503841 0.998479 -0.0223785 -5.94285 -0.0166241 0.0232423 0.999592 211.753
0.998558 -0.0507979 0.0173774 -1.75757 0.0511625 0.998465 -0.0212201 -6.00093 -0.0162728 0.0220786 0.999624 212.911
0.998559 -0.0510041 0.0166653 -1.74557 0.0513517 0.998457 -0.0211423 -6.05864 -0.0155613 0.0219677 0.999638 214.061
0.998564 -0.0510162 0.0163713 -1.7335 0.0513655 0.998445 -0.0216794 -6.11904 -0.0152399 0.0224891 0.999631 215.183
0.998521 -0.0517017 0.0168035 -1.73277 0.052062 0.998407 -0.0217646 -6.18176 -0.0156515 0.0226072 0.999622 216.296
0.998533 -0.0517272 0.0160161 -1.71895 0.0520665 0.998411 -0.0215495 -6.23814 -0.014876 0.0223518 0.99964 217.368
0.998507 -0.0523542 0.0155561 -1.72211 0.0526782 0.998386 -0.0212051 -6.29222 -0.0144208 0.0219929 0.999654 218.452
0.998472 -0.0534054 0.0142302 -1.72132 0.0536952 0.99834 -0.020828 -6.33544 -0.0130942 0.0215603 0.999682 219.519
0.998457 -0.0540675 0.0126938 -1.74184 0.0543056 0.998339 -0.0192299 -6.37993 -0.011633 0.0198896 0.999735 220.524
0.998487 -0.0537817 0.0114289 -1.76465 0.0539791 0.998385 -0.0177332 -6.42402 -0.0104567 0.0183233 0.999778 221.564
0.99851 -0.0541339 0.00686733 -1.72811 0.054252 0.998359 -0.0183581 -6.45898 -0.00586226 0.0187033 0.999808 222.561
0.998555 -0.0536626 0.00293675 -1.70013 0.0537096 0.998369 -0.0193711 -6.49069 -0.00189245 0.0195008 0.999808 223.612
0.998576 -0.0533427 -0.000982942 -1.68572 0.0533128 0.998381 -0.0198259 -6.52675 0.00203892 0.0197453 0.999803 224.616
0.998597 -0.0527991 -0.00398011 -1.70051 0.0527118 0.998419 -0.0195363 -6.56753 0.00500532 0.0192991 0.999802 225.539
0.998622 -0.051873 -0.00794037 -1.6936 0.0517004 0.998451 -0.0205788 -6.59885 0.00899555 0.0201399 0.999757 226.502
0.998556 -0.0525594 -0.0111049 -1.70773 0.0523115 0.998399 -0.0215394 -6.63892 0.0122192 0.0209273 0.999707 227.417
0.998524 -0.0526428 -0.0133526 -1.7379 0.0523364 0.99838 -0.0223458 -6.68041 0.0145073 0.021614 0.999661 228.294
0.9985 -0.0520904 -0.016842 -1.75193 0.0517047 0.998407 -0.0225775 -6.7247 0.0179912 0.0216728 0.999604 229.178
0.998496 -0.0513032 -0.0193228 -1.7801 0.0508517 0.998437 -0.0231737 -6.76749 0.0204815 0.0221562 0.999545 230.014
0.998519 -0.0498261 -0.021848 -1.80113 0.0493168 0.998512 -0.0232574 -6.80575 0.0229744 0.0221454 0.999491 230.854
0.998587 -0.0491603 -0.0201585 -1.85549 0.0486986 0.998554 -0.0227862 -6.84423 0.0212496 0.0217723 0.999537 231.656
0.998524 -0.0505762 -0.0198081 -1.88076 0.0501365 0.998498 -0.0220997 -6.88267 0.020896 0.021074 0.99956 232.452
0.998558 -0.0505769 -0.0180093 -1.9149 0.0501893 0.998511 -0.0213584 -6.92086 0.0190628 0.0204237 0.99961 233.204
0.998648 -0.0491488 -0.0169331 -1.93877 0.0487741 0.99857 -0.0218719 -6.94887 0.0179839 0.0210164 0.999618 233.956
0.998734 -0.0477825 -0.0157193 -1.96077 0.0473981 0.998588 -0.0239802 -6.97862 0.0168429 0.0232048 0.999589 234.708
0.998726 -0.0484759 -0.0140221 -1.98126 0.0480983 0.998501 -0.026117 -7.01459 0.0152671 0.0254093 0.999561 235.476
0.998798 -0.0476526 -0.0114401 -2.00968 0.0473343 0.998524 -0.0266368 -7.05839 0.0126926 0.0260632 0.99958 236.211
0.998826 -0.0474307 -0.00984697 -2.02813 0.0471519 0.998527 -0.0268317 -7.09464 0.0111051 0.0263359 0.999592 236.954
0.998814 -0.0480675 -0.0076854 -2.04232 0.0478462 0.998496 -0.0267602 -7.13183 0.00896014 0.0263607 0.999613 237.698
0.998836 -0.0478357 -0.00626579 -2.04631 0.0476473 0.998489 -0.0273885 -7.15467 0.00756647 0.0270581 0.999605 238.419
0.99885 -0.0475603 -0.0061272 -2.02774 0.0473627 0.998453 -0.0291337 -7.16467 0.00750333 0.02881 0.999557 239.129
0.998836 -0.0479402 -0.00533335 -2.0082 0.0477626 0.998422 -0.0295422 -7.19964 0.0067412 0.0292531 0.99955 239.852
0.998843 -0.0478996 -0.00430929 -1.98733 0.0477532 0.998429 -0.0293131 -7.23615 0.0057066 0.0290734 0.999561 240.552
0.998815 -0.0485857 -0.00284889 -1.95954 0.0484892 0.998445 -0.0275093 -7.28172 0.00418102 0.0273385 0.999618 241.272
0.998772 -0.0495332 -0.000965709 -1.94757 0.0494936 0.998462 -0.0249751 -7.34446 0.00220132 0.0248966 0.999688 241.975
0.998735 -0.0501701 0.00332546 -1.96308 0.0502371 0.998431 -0.0247235 -7.37996 -0.00207986 0.0248593 0.999689 242.668
0.99866 -0.051599 0.00405692 -1.93597 0.0516911 0.998286 -0.0274437 -7.38146 -0.0026339 0.0276166 0.999615 243.366
0.99855 -0.0534821 0.00617283 -1.91365 0.0536311 0.99819 -0.0272251 -7.42097 -0.0047056 0.0275167 0.99961 244.089
0.998541 -0.0534352 0.00772863 -1.89216 0.0536398 0.998131 -0.0292661 -7.44093 -0.00615035 0.0296379 0.999542 244.773
0.998477 -0.0539879 0.0113507 -1.88771 0.0543054 0.998079 -0.0298264 -7.47434 -0.00971861 0.0303974 0.999491 245.496
0.998346 -0.0559034 0.0134165 -1.86911 0.0562654 0.998014 -0.0283156 -7.51357 -0.0118069 0.0290237 0.999509 246.205
0.998335 -0.0553766 0.016109 -1.85981 0.0558098 0.998054 -0.0278183 -7.55142 -0.0145372 0.0286711 0.999483 246.917
0.998241 -0.0562918 0.0186126 -1.8467 0.0567918 0.998007 -0.0275234 -7.5892 -0.0170261 0.0285321 0.999448 247.637
0.99821 -0.0558637 0.0213628 -1.84195 0.056482 0.997967 -0.0295257 -7.61815 -0.01967 0.0306794 0.999336 248.351
0.998196 -0.0546911 0.0247559 -1.83631 0.055471 0.997948 -0.031997 -7.64678 -0.0229551 0.0333125 0.999182 249.069
0.998115 -0.0557055 0.0257522 -1.81335 0.0565649 0.997822 -0.0339428 -7.67228 -0.0238053 0.0353355 0.999092 249.796
0.997964 -0.0581267 0.0262442 -1.79538 0.059027 0.997645 -0.0349424 -7.69886 -0.0241513 0.0364203 0.999045 250.521
0.998027 -0.0572992 0.02566 -1.76782 0.0582095 0.997646 -0.0362598 -7.72709 -0.023522 0.0376819 0.999013 251.258
0.998225 -0.0533868 0.0263906 -1.75676 0.0543316 0.997856 -0.0364833 -7.76292 -0.0243863 0.0378524 0.998986 251.987
0.998313 -0.0524194 0.0249652 -1.72957 0.053377 0.997798 -0.0393748 -7.78025 -0.0228462 0.040641 0.998913 252.721
0.998242 -0.0536302 0.0252068 -1.70907 0.0546339 0.997665 -0.040981 -7.82286 -0.0229501 0.0422861 0.998842 253.452
0.997992 -0.0576245 0.0262873 -1.69254 0.0587218 0.997345 -0.0430782 -7.85796 -0.0237352 0.0445353 0.998726 254.106
0.997759 -0.0607811 0.0279831 -1.69144 0.0619718 0.997114 -0.0438536 -7.90073 -0.0252369 0.0454895 0.998646 254.871
0.997879 -0.0593712 0.0266971 -1.64623 0.0604082 0.997377 -0.039874 -7.94125 -0.0242597 0.0414021 0.998848 255.676
0.998008 -0.0575089 0.0259404 -1.61907 0.0583692 0.997725 -0.033727 -7.98713 -0.0239418 0.035174 0.999095 256.496
0.997978 -0.0578151 0.0263888 -1.59675 0.0585956 0.997836 -0.0298305 -8.03073 -0.0246071 0.0313165 0.999207 257.291
0.997795 -0.0594425 0.0294997 -1.59798 0.0603708 0.997675 -0.0316447 -8.07657 -0.0275501 0.0333558 0.999064 258.076
0.997769 -0.0581425 0.0327848 -1.56207 0.0593699 0.99752 -0.0377987 -8.11076 -0.0305058 0.0396608 0.998748 258.876
0.997765 -0.0555299 0.0371668 -1.53785 0.0570369 0.997539 -0.040797 -8.15383 -0.0348099 0.0428257 0.998476 259.693
0.997684 -0.0547748 0.0403199 -1.50299 0.0563605 0.997637 -0.0393027 -8.21829 -0.0380719 0.0414842 0.998414 260.529
0.997345 -0.0564335 0.0460212 -1.50681 0.0580804 0.997689 -0.0352691 -8.28063 -0.0439245 0.0378484 0.998318 261.378
0.996946 -0.0603244 0.0495907 -1.47676 0.0619659 0.997557 -0.0322569 -8.32262 -0.0475237 0.0352314 0.998249 262.214
0.996624 -0.0631952 0.0524012 -1.43442 0.0648436 0.997433 -0.0303769 -8.37047 -0.0503471 0.0336722 0.998164 263.053
0.99641 -0.06358 0.0558979 -1.39631 0.0653026 0.997428 -0.0295488 -8.41371 -0.0538754 0.033093 0.997999 263.895
0.996141 -0.0645591 0.0594447 -1.35461 0.0665089 0.997291 -0.0314255 -8.46509 -0.0572549 0.0352578 0.997737 264.762
0.996196 -0.0609867 0.0622421 -1.31922 0.0631642 0.997436 -0.0336357 -8.48426 -0.0600312 0.0374392 0.997495 265.591
0.996189 -0.0583132 0.0648485 -1.27153 0.0606067 0.997584 -0.0339791 -8.507 -0.0627103 0.0377799 0.997317 266.445
0.996059 -0.0573227 0.0676802 -1.22305 0.0595916 0.99771 -0.0319946 -8.54427 -0.0656912 0.0359017 0.997194 267.282
0.995924 -0.0554679 0.0711174 -1.17055 0.0577139 0.997885 -0.0299239 -8.58891 -0.0693072 0.0339064 0.997019 268.117
0.995729 -0.0557539 0.073586 -1.12199 0.0581014 0.997856 -0.0301533 -8.62738 -0.0717471 0.0343 0.996833 268.932
0.995352 -0.0567815 0.0777812 -1.08189 0.0593692 0.997743 -0.0313693 -8.65111 -0.0758245 0.0358413 0.996477 269.776
0.995093 -0.0587738 0.0795919 -1.00924 0.0614354 0.997617 -0.0314124 -8.69889 -0.0775561 0.0361481 0.996333 270.619
0.994719 -0.0610297 0.0825162 -0.963979 0.0637465 0.997494 -0.030698 -8.73585 -0.0804359 0.035796 0.996117 271.454
0.994407 -0.0628021 0.0849141 -0.913191 0.0655216 0.997412 -0.0296254 -8.79359 -0.0828338 0.0350235 0.995948 272.308
0.994132 -0.0636674 0.087445 -0.874424 0.0664371 0.997366 -0.0291341 -8.84012 -0.0853598 0.0347728 0.995744 273.154
0.994045 -0.0624505 0.0892944 -0.814955 0.065389 0.997398 -0.0303681 -8.85194 -0.0871656 0.0360261 0.995543 274.002
0.994056 -0.0605832 0.0904526 -0.767602 0.0635363 0.997525 -0.0301317 -8.89102 -0.0884032 0.0356997 0.995445 274.868
0.993927 -0.0608918 0.0916507 -0.718201 0.0638808 0.997506 -0.0300376 -8.92884 -0.0895931 0.03571 0.995338 275.714
0.993989 -0.0618559 0.0903294 -0.639749 0.0649195 0.997397 -0.0313776 -8.96419 -0.0881535 0.0370532 0.995418 276.567
0.993891 -0.0623228 0.0910799 -0.59439 0.0655473 0.997309 -0.032849 -9.00374 -0.0887876 0.0386184 0.995302 277.424
0.994498 -0.0583032 0.0870242 -0.487679 0.061422 0.997547 -0.0335996 -9.0387 -0.0848518 0.03876 0.99564 278.291
0.994567 -0.0568223 0.0872167 -0.438564 0.0599815 0.99762 -0.0340371 -9.08093 -0.085075 0.0390836 0.995608 279.157
0.994913 -0.0541674 0.0849332 -0.376814 0.0573743 0.997712 -0.0357811 -9.10141 -0.0828007 0.040472 0.995744 279.981
0.995066 -0.0532181 0.083732 -0.325393 0.0564159 0.997748 -0.0362997 -9.12879 -0.0816117 0.0408444 0.995827 280.838
0.995257 -0.0539665 0.0809368 -0.25891 0.056938 0.997769 -0.0348651 -9.18083 -0.0788748 0.0393081 0.99611 281.691
0.99553 -0.0551025 0.0766948 -0.196253 0.0577835 0.997778 -0.0331857 -9.21817 -0.0746958 0.037469 0.996503 282.531
0.995844 -0.0557125 0.0720382 -0.148168 0.0581706 0.997778 -0.0324855 -9.25176 -0.0700683 0.0365411 0.996873 283.346
0.996113 -0.055834 0.0681212 -0.12294 0.0580695 0.997823 -0.0312894 -9.29782 -0.0662259 0.0351235 0.997187 284.144
0.996339 -0.0576013 0.0631569 -0.078446 0.0596258 0.997751 -0.0306528 -9.33804 -0.0612492 0.0343064 0.997533 284.974
0.996626 -0.0582164 0.0578579 -0.0294859 0.0600718 0.997717 -0.0308621 -9.37631 -0.0559292 0.0342336 0.997848 285.798
0.996278 -0.0657193 0.055775 -0.0676648 0.0672841 0.997378 -0.0266548 -9.47887 -0.0538771 0.0303084 0.998088 286.511
0.996279 -0.0681715 0.0527215 -0.0531222 0.0696323 0.997224 -0.0263837 -9.52643 -0.0507765 0.0299567 0.998261 287.273
0.996472 -0.0684558 0.0485479 -0.0126867 0.0697648 0.99723 -0.0257999 -9.57873 -0.0466473 0.0290958 0.998488 288.045
0.996635 -0.0684877 0.0450281 0.0108147 0.069685 0.997242 -0.0255778 -9.6228 -0.0431522 0.0286295 0.998659 288.798
0.996844 -0.0679745 0.0409967 0.0365503 0.0691134 0.997243 -0.0270328 -9.63631 -0.0390461 0.029781 0.998794 289.523
0.996865 -0.0697258 0.0373741 0.040666 0.0707733 0.997114 -0.0274768 -9.67919 -0.0353504 0.0300358 0.998924 290.229
0.997131 -0.0682537 0.0326987 0.0507226 0.0692332 0.997155 -0.0298244 -9.7004 -0.03057 0.0320027 0.99902 290.922
0.997452 -0.0664431 0.0259471 0.0753981 0.0672884 0.997182 -0.0331894 -9.71093 -0.0236688 0.0348508 0.999113 291.609
0.997831 -0.0633347 0.0179263 0.081159 0.0639451 0.997311 -0.0358165 -9.74488 -0.0156097 0.0368851 0.999198 292.216
0.998034 -0.0620755 0.00862384 0.045276 0.0623592 0.997336 -0.0378689 -9.77801 -0.00625013 0.0383322 0.999246 292.863
0.998069 -0.0619915 -0.00376399 -0.000954684 0.0617959 0.997313 -0.0393668 -9.80746 0.00619429 0.0390582 0.999218 293.449
0.997973 -0.0604537 -0.0198761 -0.0470087 0.0596194 0.997413 -0.0401794 -9.83936 0.0222536 0.0389129 0.998995 294.043
0.997533 -0.0578749 -0.0397123 -0.1055 0.0562524 0.997582 -0.0408241 -9.8718 0.0419789 0.0384895 0.998377 294.638
0.996618 -0.0563798 -0.0597804 -0.246793 0.0539292 0.997668 -0.0418452 -9.92243 0.0620002 0.0384798 0.997334 295.23
0.99509 -0.0552147 -0.0821317 -0.41018 0.0518184 0.997734 -0.042926 -9.97014 0.0843158 0.0384593 0.995697 295.806
0.9926 -0.0542093 -0.108655 -0.538645 0.0496391 0.997783 -0.0443357 -10.0044 0.110818 0.0386141 0.993091 296.36
0.989008 -0.0528106 -0.138104 -0.683579 0.0470291 0.997889 -0.0447987 -10.0387 0.140178 0.0378114 0.989404 296.91
0.983907 -0.0527703 -0.170709 -0.837752 0.0456286 0.997923 -0.0454943 -10.061 0.172756 0.0369729 0.984271 297.415
0.977082 -0.052644 -0.206245 -0.986579 0.0440454 0.997967 -0.0460662 -10.0867 0.208251 0.0359263 0.977416 297.882
0.968764 -0.0508355 -0.242714 -1.17276 0.0408999 0.998113 -0.0458038 -10.1161 0.244585 0.0344461 0.969016 298.293
0.960036 -0.0493151 -0.275495 -1.54518 0.0385506 0.998272 -0.044356 -10.1717 0.277206 0.0319628 0.960279 298.626
0.949657 -0.0481809 -0.309562 -1.90649 0.0365228 0.998393 -0.043349 -10.2261 0.311153 0.0298606 0.949891 298.951
0.93776 -0.0480875 -0.343938 -2.32616 0.0354963 0.998453 -0.042816 -10.2856 0.345465 0.0279426 0.938016 299.275
0.921774 -0.0480988 -0.384732 -2.62691 0.034663 0.998526 -0.0417858 -10.3631 0.386175 0.0251811 0.922082 299.714
0.903362 -0.0484967 -0.426127 -2.91352 0.0337724 0.998545 -0.042047 -10.4101 0.427546 0.0235923 0.903686 300.034
0.881804 -0.0490229 -0.469061 -3.28449 0.0334851 0.998581 -0.0414148 -10.4818 0.470426 0.0208132 0.882194 300.516
0.857777 -0.0485887 -0.511719 -3.64064 0.0321955 0.998647 -0.0408552 -10.5336 0.513012 0.0185696 0.858181 300.895
0.830807 -0.0465484 -0.55461 -4.01953 0.0284314 0.998745 -0.0412343 -10.5836 0.555834 0.0184894 0.831088 301.27
0.79986 -0.0470342 -0.59834 -4.39066 0.0275677 0.998752 -0.0416572 -10.6423 0.599553 0.0168251 0.800159 301.658
0.765959 -0.0480384 -0.641091 -4.76045 0.0283774 0.998759 -0.0409346 -10.6814 0.642262 0.0131617 0.766372 301.92
0.728723 -0.0486075 -0.68308 -5.19755 0.0304656 0.998792 -0.038572 -10.7221 0.68413 0.00729794 0.729324 302.155
0.687908 -0.0476292 -0.724232 -5.65016 0.0298499 0.998857 -0.0373372 -10.7524 0.725183 0.00406632 0.688544 302.349
0.644531 -0.0433056 -0.76335 -6.07295 0.0247103 0.999054 -0.0358132 -10.7849 0.764179 0.00422015 0.644991 302.477
0.600788 -0.0364149 -0.798577 -6.57258 0.0159536 0.99931 -0.0335659 -10.8121 0.799249 0.00742584 0.600955 302.552
0.553784 -0.0315695 -0.832061 -7.01222 0.00887108 0.999449 -0.0320161 -10.8382 0.832613 0.0103487 0.553759 302.616
0.503364 -0.0279798 -0.863621 -7.44656 0.00359344 0.999535 -0.0302886 -10.8725 0.864067 0.0121428 0.50323 302.702
0.452252 -0.0252755 -0.891531 -7.90532 0.000846701 0.999611 -0.02791 -10.8982 0.89189 0.0118675 0.452097 302.761
0.400277 -0.0217922 -0.916134 -8.3393 -0.00134918 0.999703 -0.0243694 -10.9201 0.916394 0.0109906 0.400129 302.797
0.346306 -0.017684 -0.937954 -8.82931 -0.0034723 0.999792 -0.0201318 -10.9371 0.938116 0.0102286 0.346172 302.83
0.289568 -0.0144737 -0.957047 -9.2576 -0.00516681 0.999848 -0.0166842 -10.9511 0.957144 0.00977611 0.289449 302.827
0.230953 -0.00981752 -0.972914 -9.69515 -0.0090277 0.999885 -0.0122326 -10.9653 0.972923 0.0116084 0.230838 302.798
0.171371 -0.00431606 -0.985196 -10.1489 -0.0112925 0.999917 -0.00634477 -10.9714 0.985142 0.0122126 0.171308 302.743
0.108037 0.00381447 -0.994139 -10.5786 -0.0138588 0.999902 0.00233057 -10.9955 0.994051 0.0135258 0.108079 302.688
0.039991 0.0108402 -0.99914 -11.058 -0.014786 0.999839 0.010256 -10.9968 0.999091 0.0143631 0.0401448 302.677
-0.0255013 0.017306 -0.999524 -11.4968 -0.0155137 0.999723 0.0177053 -10.9939 0.999555 0.0159579 -0.0252259 302.586
-0.0927937 0.0239955 -0.995395 -11.9723 -0.0133197 0.999591 0.0253384 -10.9951 0.995597 0.0156097 -0.0924363 302.501
-0.157056 0.0267227 -0.987227 -12.434 -0.0121489 0.999506 0.0289879 -10.9628 0.987515 0.0165465 -0.156654 302.35
-0.21993 0.0287032 -0.975092 -12.9028 -0.0114828 0.999422 0.0320094 -10.944 0.975448 0.0182366 -0.219474 302.183
-0.281024 0.0294966 -0.959246 -13.3758 -0.0102648 0.999379 0.0337379 -10.93 0.959646 0.0193276 -0.280547 301.987
-0.338733 0.0299249 -0.940406 -13.8435 -0.00968766 0.999331 0.0352896 -10.9108 0.940833 0.0210641 -0.338216 301.75
-0.39424 0.0301405 -0.918512 -14.3636 -0.00951897 0.999275 0.0368765 -10.884 0.918958 0.0232815 -0.393668 301.494
-0.444393 0.0290117 -0.895361 -14.8508 -0.0107286 0.999232 0.0377024 -10.849 0.895768 0.0263607 -0.443741 301.213
-0.488863 0.0298761 -0.871848 -15.3769 -0.0105707 0.999138 0.0401653 -10.8176 0.872296 0.0288514 -0.488127 300.881
-0.529825 0.031224 -0.847531 -15.8823 -0.00802742 0.999093 0.0418261 -10.7588 0.848069 0.028964 -0.529094 300.527
-0.571602 0.0371199 -0.81969 -16.3924 -0.00130248 0.998934 0.0461454 -10.7215 0.82053 0.0274445 -0.570945 300.154
-0.611932 0.0418139 -0.789803 -16.9078 0.00343887 0.998733 0.0502108 -10.6834 0.790902 0.0280097 -0.611302 299.733
-0.649001 0.0397313 -0.759748 -17.3965 0.00250475 0.998742 0.05009 -10.6075 0.760783 0.0306055 -0.648285 299.273
-0.683587 0.0349992 -0.729028 -17.8838 0.000239637 0.998861 0.0477287 -10.5624 0.729869 0.0324521 -0.682817 298.788
-0.713861 0.0317685 -0.699566 -18.307 0.000508848 0.998994 0.044847 -10.5303 0.700287 0.0316585 -0.71316 298.234
-0.743531 0.0291815 -0.668063 -18.7993 0.000766334 0.999084 0.042788 -10.5214 0.6687 0.0313023 -0.742873 297.636
-0.771836 0.0260854 -0.635285 -19.3093 0.000464372 0.999181 0.0404632 -10.4841 0.635821 0.030936 -0.771217 297.012
-0.796344 0.0253196 -0.604312 -19.7266 -0.000106166 0.999118 0.0420014 -10.4636 0.604843 0.0335117 -0.79564 296.367
-0.819606 0.0215117 -0.572522 -20.1659 -0.00338846 0.999096 0.0423905 -10.4299 0.572917 0.0366835 -0.818793 295.618
-0.841268 0.0211706 -0.540201 -20.5676 -0.00226946 0.999086 0.0426888 -10.3928 0.540612 0.0371387 -0.840453 294.864
-0.862373 0.0234603 -0.505728 -20.9462 0.00102092 0.999005 0.0446023 -10.3629 0.506271 0.0379475 -0.86154 294.117
-0.880564 0.0263551 -0.473192 -21.2796 0.00544519 0.99895 0.0455052 -10.3117 0.473894 0.0374937 -0.879784 293.288
-0.898638 0.0291824 -0.437717 -21.6786 0.00845015 0.998752 0.0492382 -10.2755 0.438608 0.0405485 -0.897764 292.435
-0.91364 0.0327758 -0.4052 -22.0365 0.0123555 0.998523 0.0529097 -10.2461 0.406335 0.043334 -0.912696 291.434
-0.927656 0.0334259 -0.371935 -22.3086 0.0145805 0.998469 0.0533671 -10.1948 0.373149 0.0440834 -0.926724 290.645
-0.939891 0.0313115 -0.340033 -22.6461 0.014812 0.998589 0.051012 -10.1457 0.34115 0.0429092 -0.93903 289.593
-0.950086 0.0293478 -0.310601 -22.9132 0.0147849 0.998683 0.0491381 -10.094 0.311634 0.0420933 -0.94927 288.542
-0.959283 0.0288617 -0.280964 -23.1684 0.0154729 0.998642 0.0497561 -10.0445 0.282018 0.0433829 -0.958428 287.552
-0.967962 0.0276921 -0.249563 -23.4514 0.0154205 0.99858 0.0509945 -10.0016 0.250621 0.0455123 -0.967015 286.554
-0.974817 0.0273695 -0.221316 -23.6869 0.0165321 0.998579 0.0506737 -9.95169 0.222388 0.0457388 -0.973885 285.449
-0.980277 0.0267583 -0.195803 -23.8904 0.0170913 0.998558 0.0508958 -9.90492 0.196882 0.0465456 -0.979322 284.364
-0.984901 0.0250078 -0.171299 -24.0814 0.0161283 0.998463 0.0530343 -9.85447 0.172361 0.0494708 -0.983791 283.226
-0.988734 0.0236752 -0.147794 -24.2658 0.0157174 0.998375 0.0547824 -9.80263 0.148851 0.0518423 -0.9875 282.051
-0.991738 0.0211117 -0.126522 -24.4266 0.0142485 0.99839 0.0549079 -9.75412 0.127477 0.0526516 -0.990444 280.817
-0.993759 0.0164038 -0.110325 -24.5396 0.0104736 0.99848 0.0541195 -9.7207 0.111044 0.0526263 -0.992422 279.607
-0.99515 0.0116727 -0.0976643 -24.6648 0.00641983 0.998524 0.0539287 -9.66947 0.0981494 0.0530402 -0.993758 278.351
-0.99582 0.00797929 -0.0909751 -24.7543 0.00279696 0.998373 0.056951 -9.63917 0.0912814 0.0564585 -0.994224 277.142
-0.996206 0.00691064 -0.0867459 -24.8668 0.00185517 0.998302 0.0582259 -9.57826 0.0870008 0.0578441 -0.994528 275.871
