1 0 0 0 0 1 0 0 0 0 1 0
0.99998 -0.00162177 -0.0061351 -0.0166835 0.00162214 0.999999 5.60485e-05 0.00695194 0.006135 -6.59994e-05 0.999981 0.102995
0.999924 -0.000995856 -0.0123265 -0.0364663 0.000991524 0.999999 -0.000357601 0.0117219 0.0123268 0.000345352 0.999924 0.188449
0.999817 -0.000399579 -0.0191272 -0.0590785 0.000374659 0.999999 -0.00130643 0.0144109 0.0191277 0.00129903 0.999816 0.275691
0.999597 0.000405845 -0.0283754 -0.072408 -0.000491326 0.999995 -0.00300561 0.0152005 0.028374 0.00301835 0.999593 0.38151
0.999207 0.000629741 -0.0398091 -0.0897873 -0.000808544 0.99999 -0.00447557 0.0146938 0.0398059 0.00450421 0.999197 0.502336
0.998605 0.000721494 -0.0527888 -0.116134 -0.00102494 0.999983 -0.0057215 0.0165919 0.0527838 0.00576763 0.998589 0.608383
0.997666 0.000409795 -0.068275 -0.153903 -0.000817154 0.999982 -0.00593863 0.0180481 0.0682713 0.00598056 0.997649 0.740705
0.996284 -0.00156209 -0.0861181 -0.193654 0.00104877 0.999981 -0.00600563 0.0169263 0.0861259 0.00589299 0.996267 0.877593
0.994443 -0.00220671 -0.105254 -0.237681 0.00153032 0.999978 -0.00650653 0.0151643 0.105266 0.0063093 0.994424 1.0273
0.991896 -0.00258216 -0.127024 -0.294735 0.00169211 0.999973 -0.00711433 0.0154976 0.127039 0.00684174 0.991874 1.19904
0.9888 0.00150095 -0.149237 -0.380987 -0.00282478 0.999958 -0.00865908 0.00968576 0.149217 0.00898366 0.988764 1.35945
0.984936 0.0059391 -0.172817 -0.471514 -0.00782948 0.999917 -0.0102591 0.00313442 0.172741 0.0114576 0.984901 1.52104
0.980143 0.00970101 -0.198055 -0.568178 -0.0121389 0.999865 -0.0110988 -0.00386108 0.197921 0.0132826 0.980128 1.68346
0.974234 0.0114853 -0.225249 -0.676641 -0.0143921 0.999833 -0.0112671 -0.0102668 0.225082 0.0142186 0.974236 1.86234
0.967089 0.0136469 -0.254071 -0.786531 -0.0169009 0.999801 -0.010629 -0.0161851 0.253875 0.0145732 0.967127 2.03137
0.958666 0.0158831 -0.284092 -0.903063 -0.0194144 0.999765 -0.00961854 -0.0203717 0.283872 0.0147364 0.958749 2.20104
0.948558 0.018813 -0.316045 -1.02434 -0.0225842 0.999711 -0.00827368 -0.0253801 0.315797 0.0149857 0.948708 2.36899
0.93712 0.0214376 -0.348347 -1.14978 -0.0257799 0.999637 -0.00783426 -0.0273064 0.348053 0.016322 0.937333 2.54525
0.924079 0.0243463 -0.381426 -1.26844 -0.0292698 0.999546 -0.00711102 -0.0267404 0.381079 0.0177354 0.924372 2.71929
0.908975 0.0252052 -0.416089 -1.39908 -0.0306303 0.99951 -0.00636715 -0.0274511 0.415725 0.0185325 0.909302 2.90212
0.891508 0.0211813 -0.452509 -1.53299 -0.027349 0.999601 -0.00709157 -0.0258153 0.452178 0.0186978 0.891732 3.08841
0.871279 0.0160147 -0.490526 -1.66657 -0.0227586 0.999711 -0.00778559 -0.0234069 0.490259 0.0179471 0.871392 3.25778
0.847098 0.0177465 -0.53114 -1.82424 -0.0239812 0.999701 -0.00484479 -0.0215783 0.530895 0.0168414 0.84727 3.44334
0.818734 0.0232988 -0.5737 -2.00367 -0.029127 0.999575 -0.000973304 -0.0229902 0.573434 0.0175071 0.819065 3.61935
0.787016 0.0261697 -0.616378 -2.20293 -0.03249 0.999472 0.000950332 -0.0221447 0.616077 0.0192782 0.78745 3.80094
0.752115 0.0256166 -0.658534 -2.41525 -0.0322202 0.999479 0.00208034 -0.0227639 0.658244 0.0196534 0.752548 3.96705
0.71337 0.0214312 -0.70046 -2.63002 -0.0269902 0.999631 0.00309696 -0.0200183 0.700268 0.0166963 0.713685 4.12486
0.672839 0.0179721 -0.73957 -2.88245 -0.0226477 0.999737 0.00369007 -0.0141905 0.739442 0.0142667 0.673069 4.26906
0.630234 0.0176603 -0.776204 -3.15762 -0.0210634 0.999762 0.00564438 -0.00875891 0.776119 0.0127922 0.630456 4.4084
0.584062 0.018236 -0.811504 -3.44448 -0.019373 0.999776 0.00852355 8.47438e-05 0.811478 0.010743 0.584284 4.53981
0.53456 0.0185861 -0.844926 -3.73376 -0.018532 0.999775 0.0102677 0.0139204 0.844927 0.0101695 0.534784 4.65602
0.482537 0.0186995 -0.875676 -4.04885 -0.0177322 0.999776 0.0115784 0.0363516 0.875696 0.00994062 0.48276 4.77289
0.428418 0.0203279 -0.903352 -4.35708 -0.016898 0.999752 0.0144832 0.0486164 0.903423 0.00905998 0.428656 4.88087
0.371881 0.0225133 -0.928007 -4.68496 -0.0155847 0.999716 0.0180077 0.0460948 0.92815 0.00776596 0.372126 4.99402
0.318979 0.0248292 -0.947436 -5.01436 -0.0122562 0.999681 0.022072 0.0609754 0.947682 0.00457144 0.319182 5.03366
0.270233 0.0255111 -0.962457 -5.3771 -0.00806666 0.999674 0.0242326 0.0824026 0.962761 0.00121535 0.270351 5.04206
0.222144 0.0260234 -0.974666 -5.75659 -0.0078722 0.999659 0.0248964 0.0874612 0.974982 0.00214217 0.222273 5.05482
0.175526 0.0269884 -0.984105 -6.17604 -0.011151 0.999614 0.0254248 0.0985536 0.984412 0.00651108 0.175759 5.0753
0.133256 0.0275567 -0.990698 -6.59711 -0.0141947 0.999564 0.0258941 0.110468 0.99098 0.0106121 0.133589 5.09046
0.0945125 0.026602 -0.995168 -7.04435 -0.016552 0.999546 0.0251471 0.116111 0.995386 0.0140953 0.09491 5.10801
0.0594606 0.023702 -0.997949 -7.51597 -0.0153909 0.999621 0.0228246 0.13232 0.998112 0.0140022 0.0598028 5.11754
0.0274707 0.0208511 -0.999405 -7.98766 -0.0153245 0.999673 0.0204355 0.138936 0.999505 0.014754 0.0277813 5.1131
0.000468241 0.0178744 -0.99984 -8.47353 -0.0154014 0.999721 0.017865 0.163111 0.999881 0.0153906 0.000743383 5.09803
-0.0213486 0.0155724 -0.999651 -8.99688 -0.0177693 0.999714 0.0159529 0.176268 0.999614 0.0181037 -0.0210658 5.08336
-0.037126 0.0139275 -0.999214 -9.50934 -0.0170803 0.999748 0.0145696 0.19953 0.999165 0.0176078 -0.0368788 5.03875
-0.0507381 0.013779 -0.998617 -10.0627 -0.0151463 0.999779 0.0145646 0.217355 0.998597 0.0158644 -0.0505182 5.00887
-0.059875 0.0140978 -0.998106 -10.6117 -0.0169863 0.999741 0.0151399 0.230939 0.998061 0.0178606 -0.05962 4.95604
-0.0666364 0.0151721 -0.997662 -11.1965 -0.0181045 0.999701 0.0164124 0.24226 0.997613 0.0191558 -0.0663418 4.90713
-0.0713153 0.0160114 -0.997325 -11.7925 -0.0186699 0.999674 0.0173841 0.247872 0.997279 0.0198597 -0.0709932 4.85201
-0.0721739 0.0164499 -0.997256 -12.3716 -0.0168964 0.9997 0.0177131 0.252621 0.997249 0.0181285 -0.0718744 4.79976
-0.0715231 0.0182812 -0.997271 -13.0136 -0.0147256 0.999703 0.0193819 0.267014 0.99733 0.0160717 -0.0712327 4.75464
-0.0704373 0.0208238 -0.997299 -13.6651 -0.0150433 0.999646 0.0219353 0.269246 0.997403 0.0165477 -0.0700991 4.70593
-0.0694826 0.0203092 -0.997376 -14.318 -0.0172531 0.999618 0.0215568 0.277441 0.997434 0.0187056 -0.0691057 4.6617
-0.0689075 0.017727 -0.997466 -15.0052 -0.0182927 0.999651 0.0190296 0.290218 0.997455 0.0195577 -0.0685592 4.61782
-0.0691825 0.015943 -0.997477 -15.6809 -0.0160357 0.999725 0.0170911 0.326609 0.997475 0.0171776 -0.0689079 4.59254
-0.0672663 0.0174865 -0.997582 -16.3758 -0.014892 0.999717 0.0185281 0.350358 0.997624 0.0161024 -0.0669869 4.54655
-0.0663354 0.0198654 -0.9976 -17.1045 -0.0142517 0.99968 0.0208545 0.377263 0.997696 0.0156009 -0.0660311 4.50356
-0.0658406 0.0205877 -0.997618 -17.8503 -0.0137354 0.999673 0.0215366 0.403497 0.997736 0.0151206 -0.0655364 4.46387
-0.065246 0.0193637 -0.997681 -18.612 -0.0155636 0.99967 0.0204202 0.418442 0.997748 0.0168599 -0.0649231 4.42653
-0.0640616 0.0160186 -0.997817 -19.3657 -0.0167801 0.999712 0.0171264 0.433765 0.997805 0.0178406 -0.0637744 4.37948
-0.0619283 0.0147953 -0.997971 -20.1409 -0.016742 0.999734 0.0158604 0.45072 0.99794 0.0176902 -0.0616641 4.30958
-0.0601657 0.0163537 -0.998054 -20.9147 -0.0153384 0.999732 0.0173059 0.464448 0.99807 0.0163498 -0.0598988 4.25138
-0.0599048 0.0183612 -0.998035 -21.7113 -0.013544 0.999723 0.0192053 0.46573 0.998112 0.0146679 -0.0596396 4.20382
-0.0589074 0.0196636 -0.99807 -22.5294 -0.0111914 0.99973 0.0203569 0.475644 0.998201 0.012369 -0.0586715 4.15705
-0.0589657 0.0149708 -0.998148 -23.3429 -0.0123489 0.9998 0.0157251 0.474263 0.998184 0.0132533 -0.058769 4.10944
-0.0577154 0.00757036 -0.998304 -24.1468 -0.0105545 0.99991 0.00819275 0.481383 0.998277 0.0110094 -0.0576303 4.05315
-0.056968 0.002234 -0.998373 -24.9747 -0.00749997 0.999968 0.00266554 0.488682 0.998348 0.00763962 -0.0569495 4.00529
-0.0565363 0.00232789 -0.998398 -25.7843 -0.00532684 0.999982 0.00263325 0.497202 0.998386 0.00546718 -0.0565229 3.95639
-0.0575952 0.0092649 -0.998297 -26.597 -0.00515035 0.99994 0.00957731 0.490153 0.998327 0.00569319 -0.0575441 3.94049
-0.0579859 0.0162442 -0.998185 -27.443 -0.0051279 0.999849 0.0165692 0.491053 0.998304 0.00607937 -0.0578939 3.89098
-0.0587492 0.0213568 -0.998044 -28.2567 -0.00658023 0.999741 0.0217805 0.492076 0.998251 0.00784695 -0.0585935 3.84633
-0.0584434 0.0212425 -0.998065 -29.1102 -0.00785683 0.999732 0.0217381 0.50241 0.99826 0.00911207 -0.0582609 3.77638
-0.0589526 0.0174841 -0.998108 -29.962 -0.00777353 0.999808 0.017973 0.508919 0.99823 0.00881838 -0.0588054 3.72017
-0.0602959 0.0147761 -0.998071 -30.8008 -0.00773273 0.999853 0.0152697 0.509885 0.998151 0.00863851 -0.0601729 3.67885
-0.0610938 0.0157497 -0.998008 -31.6443 -0.00837519 0.999832 0.0162912 0.514878 0.998097 0.0093538 -0.0609517 3.63299
-0.0610713 0.0179018 -0.997973 -32.4813 -0.0090971 0.999787 0.0184911 0.516032 0.998092 0.0102079 -0.0608955 3.57768
-0.0610586 0.0161208 -0.998004 -33.3189 -0.00982378 0.999811 0.016751 0.515951 0.998086 0.010827 -0.0608888 3.5224
-0.0614501 0.0105653 -0.998054 -34.1623 -0.0102828 0.999884 0.0112178 0.522 0.998057 0.0109521 -0.0613344 3.47466
-0.0602527 0.00694429 -0.998159 -34.9899 -0.0115059 0.999904 0.00765099 0.50926 0.998117 0.0119457 -0.060167 3.38888
-0.0606365 0.00752935 -0.998132 -35.8167 -0.0107723 0.999908 0.00819719 0.507273 0.998102 0.0112492 -0.0605499 3.35035
-0.0619501 0.0107016 -0.998022 -36.6646 -0.0105469 0.999879 0.0113762 0.481897 0.998023 0.0112308 -0.0618298 3.33341
-0.0640028 0.015831 -0.997824 -37.4867 -0.0106085 0.999806 0.0165429 0.470587 0.997893 0.0116442 -0.0638226 3.32892
-0.0649973 0.0213952 -0.997656 -38.3579 -0.00969991 0.999709 0.0220712 0.472466 0.997838 0.0111117 -0.0647709 3.29446
-0.0664603 0.0244235 -0.99749 -39.1977 -0.00970061 0.999637 0.0251224 0.473745 0.997742 0.0113459 -0.0661993 3.25857
-0.0661296 0.0243137 -0.997515 -40.0556 -0.00962533 0.999641 0.0250037 0.476543 0.997765 0.0112549 -0.0658719 3.19163
-0.066461 0.0201053 -0.997586 -40.8247 -0.00984671 0.999735 0.0208046 0.474656 0.99774 0.0112056 -0.0662455 3.1489
-0.0664829 0.0162916 -0.997655 -41.6864 -0.0111547 0.999792 0.0170699 0.469795 0.997725 0.0122634 -0.0662874 3.08709
-0.0676415 0.0138264 -0.997614 -42.5005 -0.014755 0.99978 0.0148569 0.466544 0.997601 0.0157248 -0.0674227 3.05029
-0.0699294 0.0119981 -0.99748 -43.3488 -0.017934 0.999751 0.0132827 0.466869 0.997391 0.0188177 -0.0696968 3.00778
-0.0718029 0.00975288 -0.997371 -44.1676 -0.0152626 0.999824 0.0108757 0.46414 0.997302 0.0160034 -0.0716414 2.97522
-0.0747032 0.00584316 -0.997189 -45.0013 -0.011831 0.999907 0.00674542 0.460144 0.997136 0.0123016 -0.0746272 2.93465
-0.0750445 0.00434244 -0.997171 -45.8183 -0.00790602 0.999956 0.00494958 0.456043 0.997149 0.00825509 -0.075007 2.86745
-0.0763481 0.00724905 -0.997055 -46.6384 -0.00727457 0.999943 0.00782711 0.456373 0.997055 0.00785073 -0.076291 2.78102
-0.0801175 0.0135965 -0.996693 -47.4699 -0.00465029 0.999891 0.014014 0.446515 0.996775 0.00575767 -0.0800456 2.74084
-0.084585 0.0174834 -0.996263 -48.2875 -0.00243454 0.999839 0.0177528 0.437862 0.996413 0.00392707 -0.0845288 2.71061
-0.0859014 0.0167306 -0.996163 -49.1227 -0.00213541 0.999853 0.0169767 0.438531 0.996301 0.00358554 -0.0858531 2.63014
-0.0865935 0.0124582 -0.996166 -49.9242 -0.00593441 0.999897 0.0130208 0.435967 0.996226 0.00703918 -0.0865107 2.54135
-0.0868344 0.00896623 -0.996183 -50.7121 -0.0103886 0.999897 0.00990523 0.433032 0.996169 0.0112091 -0.0867323 2.44719
-0.0891649 0.00734321 -0.99599 -51.5258 -0.0141271 0.999863 0.0086365 0.432541 0.995917 0.0148406 -0.089049 2.3714
-0.0905373 0.00808385 -0.99586 -52.3389 -0.0156711 0.999831 0.00954082 0.429773 0.99577 0.01647 -0.0903954 2.29286
-0.0919347 0.00951049 -0.99572 -53.1273 -0.0145925 0.999834 0.0108971 0.425258 0.995658 0.0155318 -0.0917807 2.21693
-0.092633 0.00865093 -0.995663 -53.9138 -0.0155872 0.999827 0.0101373 0.425501 0.995579 0.0164586 -0.0924822 2.13471
-0.0918353 0.00778271 -0.995744 -54.685 -0.0175331 0.999802 0.00943148 0.426666 0.99562 0.0183246 -0.0916806 2.0339
-0.0922325 0.00910359 -0.995696 -55.4487 -0.0125557 0.999868 0.0103048 0.427027 0.995659 0.0134521 -0.092106 1.98523
-0.0922301 0.0123436 -0.995661 -56.2225 -0.0114961 0.999843 0.0134603 0.412561 0.995672 0.0126876 -0.0920738 1.90029
-0.0922921 0.0173203 -0.995582 -57.0009 -0.012284 0.999753 0.0185317 0.390944 0.995656 0.01394 -0.0920566 1.81678
-0.0925797 0.019082 -0.995523 -57.7719 -0.0117345 0.999726 0.0202539 0.392131 0.995636 0.013557 -0.0923305 1.73022
-0.093647 0.0189146 -0.995426 -58.5209 -0.0111875 0.999736 0.020049 0.391519 0.995543 0.0130138 -0.0934108 1.66443
-0.0951468 0.0167582 -0.995322 -59.2699 -0.0108056 0.999782 0.0178662 0.391808 0.995405 0.012455 -0.094945 1.60296
-0.0954853 0.0125681 -0.995352 -59.9936 -0.0104846 0.999852 0.0136308 0.402947 0.995376 0.0117374 -0.0953394 1.52417
-0.09533 0.00880569 -0.995407 -60.7101 -0.0109542 0.999891 0.00989446 0.41082 0.995386 0.0118471 -0.0952232 1.44525
-0.0952906 0.00668191 -0.995427 -61.4607 -0.0104535 0.999915 0.00771276 0.401389 0.995395 0.0111407 -0.0952127 1.37941
-0.0928492 0.00534625 -0.995666 -62.153 -0.0129181 0.999895 0.00657364 0.399945 0.995597 0.0134725 -0.0927704 1.30159
-0.0887487 0.00635047 -0.996034 -62.8517 -0.0128472 0.999889 0.00751978 0.388762 0.995972 0.0134636 -0.0886573 1.23087
-0.0842054 0.007946 -0.996417 -63.5228 -0.0114233 0.999895 0.00893912 0.377856 0.996383 0.0121351 -0.0841058 1.1859
-0.0770168 0.00907564 -0.996989 -64.1901 -0.0100271 0.999901 0.00987677 0.374421 0.99698 0.0107576 -0.0769182 1.13148
-0.0680705 0.00963993 -0.997634 -64.8169 -0.010813 0.999887 0.0103995 0.374203 0.997622 0.0114954 -0.0679586 1.08096
-0.0577033 0.0103483 -0.99828 -65.4774 -0.0118674 0.999868 0.0110508 0.384516 0.998263 0.0124846 -0.0575729 1.05415
-0.043989 0.0109074 -0.998973 -66.1004 -0.0146296 0.999826 0.0115609 0.395923 0.998925 0.0151231 -0.0438218 1.04323
-0.0263128 0.011313 -0.99959 -66.6827 -0.0158812 0.999805 0.0117335 0.399753 0.999528 0.0161834 -0.0261281 1.04532
-0.00541407 0.0112404 -0.999922 -67.2678 -0.0158177 0.999811 0.0113248 0.408461 0.999861 0.0158777 -0.00523529 1.07206
0.0194078 0.01101 -0.999751 -67.8002 -0.0143173 0.99984 0.010733 0.408225 0.999709 0.0141054 0.0195623 1.10777
0.0453012 0.00942662 -0.998929 -68.3735 -0.0119362 0.999889 0.00889439 0.420384 0.998902 0.0115205 0.0454086 1.21654
0.0765872 0.00871399 -0.997025 -68.8912 -0.00906696 0.999926 0.00804289 0.4236 0.997022 0.008424 0.0766605 1.33482
0.111757 0.00823118 -0.993702 -69.3369 -0.00701387 0.999947 0.00749412 0.424933 0.993711 0.00613217 0.111809 1.46086
0.149818 0.0078267 -0.988683 -69.847 -0.00540141 0.99996 0.0070975 0.421526 0.988699 0.00427694 0.149854 1.62509
0.194635 0.00853049 -0.980839 -70.3121 -0.00304652 0.999962 0.00809229 0.417278 0.980871 0.0014131 0.194654 1.76014
0.241436 0.00686378 -0.970393 -70.7545 0.00209269 0.999969 0.00759366 0.409227 0.970415 -0.00386412 0.241414 1.93963
0.289749 0.00202171 -0.957101 -71.199 0.0114393 0.999919 0.00557526 0.401269 0.957034 -0.012564 0.289703 2.15604
0.33916 -0.00272778 -0.940725 -71.6161 0.0183375 0.999825 0.0037121 0.383296 0.94055 -0.0185096 0.339151 2.38875
0.389195 -0.00677587 -0.921131 -72.026 0.0256514 0.999664 0.00348466 0.365373 0.920799 -0.0249846 0.389238 2.6533
0.439476 -0.0063028 -0.898232 -72.44 0.0266319 0.999627 0.00601588 0.351392 0.89786 -0.0265655 0.43948 2.91738
0.486472 -0.00658955 -0.873672 -72.8281 0.0292369 0.999534 0.00874067 0.341099 0.873207 -0.0297956 0.486438 3.20723
0.532111 -0.0101837 -0.846614 -73.178 0.0378136 0.999215 0.0117472 0.331335 0.84583 -0.0382644 0.532079 3.48051
0.575674 -0.0175879 -0.817491 -73.4741 0.0499685 0.998657 0.0137021 0.331208 0.816152 -0.0487368 0.575779 3.77557
0.616708 -0.023883 -0.78683 -73.7898 0.0538319 0.998479 0.0118854 0.338761 0.78535 -0.0496864 0.617056 4.11776
0.657175 -0.0300423 -0.75314 -74.0891 0.0532679 0.998558 0.00664865 0.342132 0.751854 -0.0444875 0.657827 4.45977
0.698168 -0.0366991 -0.714993 -74.3696 0.0496802 0.998761 -0.00275312 0.348944 0.714209 -0.0335989 0.699126 4.80639
0.738763 -0.041325 -0.672697 -74.6478 0.0470463 0.998845 -0.00969414 0.358507 0.672321 -0.0244862 0.739855 5.15557
0.776778 -0.042613 -0.628332 -74.9123 0.0458742 0.998886 -0.0110315 0.366304 0.628102 -0.0202552 0.777868 5.54872
0.812335 -0.0473736 -0.581264 -75.1576 0.049085 0.998712 -0.0127982 0.394926 0.581122 -0.0181349 0.813615 5.96213
0.844164 -0.0478167 -0.533949 -75.4226 0.0479284 0.998757 -0.0136677 0.406489 0.533939 -0.0140536 0.845407 6.45539
0.871211 -0.0468925 -0.488664 -75.6247 0.04785 0.998799 -0.0105362 0.401466 0.488571 -0.0142033 0.872409 6.95121
0.894072 -0.0424808 -0.445905 -75.8427 0.0434032 0.999024 -0.008149 0.405009 0.445816 -0.0120679 0.895043 7.44004
0.913144 -0.0382549 -0.405838 -76.0461 0.0382246 0.999235 -0.00818321 0.403639 0.405841 -0.00804057 0.913909 7.96268
0.928112 -0.0337423 -0.370768 -76.2347 0.0343234 0.999398 -0.00503272 0.393342 0.370715 -0.00805511 0.928712 8.49006
0.939641 -0.0342284 -0.340445 -76.4392 0.0357413 0.999359 -0.00182843 0.383928 0.34029 -0.0104499 0.940263 9.0519
0.947874 -0.036036 -0.316601 -76.6229 0.0383691 0.999263 0.00113604 0.37107 0.316327 -0.0132245 0.948559 9.65363
0.954335 -0.0367 -0.296475 -76.7748 0.0398878 0.999193 0.0047086 0.355614 0.296063 -0.0163193 0.955029 10.2369
0.959639 -0.0341491 -0.279155 -76.9297 0.038278 0.999223 0.00935132 0.336941 0.278619 -0.0196594 0.960201 10.8423
0.964062 -0.0285789 -0.264138 -77.1082 0.0329684 0.999382 0.0121996 0.325539 0.263626 -0.0204694 0.964408 11.4629
0.967726 -0.0238027 -0.250881 -77.2802 0.0283767 0.99949 0.0146297 0.314605 0.250404 -0.0212767 0.967908 12.0903
0.971057 -0.0245807 -0.237579 -77.4251 0.0292155 0.999445 0.0160068 0.301433 0.237054 -0.0224845 0.971237 12.7181
0.974198 -0.0232928 -0.224493 -77.556 0.02778 0.999472 0.0168505 0.293281 0.223982 -0.0226521 0.97433 13.3689
0.977334 -0.0226869 -0.210483 -77.6965 0.0272096 0.999456 0.0186157 0.290714 0.209947 -0.023921 0.977421 14.0566
0.980227 -0.0204031 -0.196823 -77.8193 0.024835 0.99949 0.0200751 0.289779 0.196313 -0.0245663 0.980234 14.7423
0.982422 -0.0206214 -0.185533 -77.9335 0.024393 0.999539 0.0180684 0.29156 0.185075 -0.0222765 0.982472 15.4415
0.984448 -0.020279 -0.1745 -78.0756 0.0230495 0.999638 0.0138653 0.288191 0.174156 -0.0176719 0.98456 16.1895
0.985929 -0.0226471 -0.165624 -78.174 0.0242921 0.999673 0.00791268 0.295235 0.165391 -0.0118247 0.986158 16.8921
0.98712 -0.0220731 -0.158451 -78.2706 0.0235649 0.999694 0.00754219 0.304745 0.158236 -0.011179 0.987338 17.61
0.98808 -0.0199761 -0.15264 -78.3851 0.0223223 0.999657 0.0136733 0.309688 0.152315 -0.0169177 0.988188 18.3646
0.98881 -0.0164128 -0.148272 -78.4943 0.0198292 0.99957 0.0215924 0.319122 0.147854 -0.0242909 0.988711 19.1074
0.989426 -0.015967 -0.144158 -78.615 0.0197592 0.999494 0.0249133 0.329738 0.143687 -0.0274983 0.989241 19.8831
0.989783 -0.0174283 -0.141515 -78.706 0.0210196 0.999493 0.0239229 0.334995 0.141026 -0.0266531 0.989648 20.6205
0.990166 -0.0176259 -0.138784 -78.8144 0.0210332 0.999511 0.023123 0.342201 0.138309 -0.0258147 0.990053 21.384
0.990479 -0.0188411 -0.136366 -78.9073 0.022465 0.999433 0.0250847 0.347685 0.135816 -0.0279093 0.990341 22.1405
0.990567 -0.0210242 -0.135409 -78.9932 0.0249737 0.999309 0.0275349 0.354218 0.134737 -0.0306569 0.990408 22.8967
0.990685 -0.0244378 -0.133962 -79.0682 0.028591 0.999165 0.0291676 0.360949 0.133137 -0.0327261 0.990558 23.6465
0.990905 -0.0240594 -0.132393 -79.1544 0.0276969 0.999286 0.0257021 0.365941 0.13168 -0.0291352 0.990865 24.4153
0.991169 -0.0212397 -0.13089 -79.2679 0.0239178 0.999535 0.0189223 0.36532 0.130427 -0.0218858 0.991217 25.1855
0.991412 -0.0204945 -0.12916 -79.3723 0.0222144 0.999682 0.0118897 0.361814 0.128876 -0.0146568 0.991553 25.9448
0.991323 -0.0218398 -0.129618 -79.4528 0.0227775 0.999724 0.00575669 0.388935 0.129456 -0.00865913 0.991548 26.7003
0.991372 -0.0223658 -0.129158 -79.524 0.0233861 0.999706 0.00638852 0.397031 0.128977 -0.00935392 0.991604 27.4434
0.991484 -0.0209389 -0.128529 -79.6136 0.0223335 0.999706 0.00941891 0.398891 0.128294 -0.0122092 0.991662 28.2122
0.991691 -0.017685 -0.12742 -79.7101 0.0196812 0.999702 0.0144249 0.391547 0.127127 -0.0168129 0.991744 28.9804
0.991689 -0.0216343 -0.126824 -79.7854 0.0238222 0.999592 0.0157604 0.393441 0.126431 -0.0186507 0.991801 29.7472
0.991373 -0.0252672 -0.128609 -79.8517 0.0274439 0.999508 0.0151812 0.391309 0.128162 -0.0185798 0.99158 30.4956
0.991282 -0.0295054 -0.128411 -79.9442 0.0317002 0.999384 0.0150817 0.392466 0.127887 -0.0190209 0.991607 31.2673
0.991192 -0.0308629 -0.128785 -80.0294 0.0327252 0.999388 0.0123691 0.41081 0.128325 -0.0164748 0.991596 32.0419
0.991099 -0.0326735 -0.129052 -80.1117 0.0343658 0.99935 0.0109076 0.409718 0.128612 -0.0152456 0.991578 32.81
0.991276 -0.0302802 -0.128273 -80.2225 0.0320724 0.999414 0.0119299 0.395364 0.127836 -0.0159399 0.991668 33.5866
0.991755 -0.0269372 -0.125283 -80.3462 0.0287423 0.999507 0.0126228 0.401321 0.124882 -0.0161197 0.992041 34.3333
0.991646 -0.0296989 -0.125519 -80.4456 0.0314063 0.999439 0.0116456 0.405109 0.125103 -0.0154905 0.992023 35.1028
0.991556 -0.031016 -0.125914 -80.5681 0.0326433 0.999408 0.0108807 0.415346 0.125502 -0.0148991 0.991982 35.8456
0.991496 -0.0292238 -0.126813 -80.6888 0.0308141 0.999469 0.0105973 0.411449 0.126436 -0.0144148 0.991871 36.6192
0.991154 -0.0278688 -0.129756 -80.8108 0.0293923 0.99952 0.00984145 0.414794 0.12942 -0.0135683 0.991498 37.4377
0.990831 -0.0245386 -0.132861 -80.9117 0.0259217 0.999626 0.00869049 0.418661 0.132598 -0.0120548 0.991097 38.1984
0.990512 -0.0256791 -0.135002 -81.034 0.0262888 0.999651 0.00273532 0.434054 0.134884 -0.00625843 0.990842 38.9992
0.990118 -0.0242598 -0.13812 -81.1316 0.0243479 0.999703 -0.00105165 0.418754 0.138104 -0.00232169 0.990416 39.7847
0.989581 -0.0261953 -0.141569 -81.2155 0.0260671 0.999656 -0.00276004 0.410972 0.141593 -0.000959037 0.989925 40.5873
0.989274 -0.0265676 -0.143629 -81.3657 0.0267454 0.999642 -0.000693109 0.384717 0.143596 -0.00315577 0.989632 41.4417
0.988851 -0.0278301 -0.14628 -81.4815 0.0281974 0.999602 0.000438384 0.360003 0.14621 -0.00455826 0.989244 42.2566
0.98851 -0.0284398 -0.148455 -81.6108 0.0290442 0.999576 0.00190512 0.352753 0.148338 -0.00619501 0.988918 43.0983
0.988252 -0.0291061 -0.150034 -81.7405 0.0303251 0.999523 0.0058426 0.338132 0.149793 -0.0103238 0.988664 43.9435
0.987915 -0.0297753 -0.152108 -81.8609 0.0317347 0.999442 0.0104703 0.332936 0.151712 -0.0151709 0.988309 44.789
0.98785 -0.0293188 -0.15262 -81.9773 0.0315948 0.999423 0.0125091 0.325911 0.152165 -0.0171792 0.988206 45.627
0.988184 -0.0284271 -0.150609 -82.1246 0.0305638 0.999462 0.0118909 0.343383 0.15019 -0.0163536 0.988522 46.4973
0.988457 -0.0286938 -0.148754 -82.2519 0.0305521 0.999481 0.010222 0.349148 0.148383 -0.0146488 0.988822 47.3433
0.988688 -0.0305238 -0.146848 -82.3813 0.0319828 0.99946 0.00758453 0.348115 0.146537 -0.0121954 0.989131 48.1976
0.988874 -0.0348024 -0.144621 -82.5164 0.0360357 0.999333 0.0059167 0.34315 0.144319 -0.0110624 0.98947 49.0712
0.989108 -0.0367662 -0.142521 -82.6473 0.0379777 0.999262 0.00578938 0.335711 0.142203 -0.011139 0.989775 49.9356
0.989337 -0.0388793 -0.140357 -82.8066 0.0404729 0.999144 0.00851642 0.325864 0.139906 -0.0141063 0.990065 50.805
0.989407 -0.0412452 -0.139181 -82.9213 0.0431948 0.999006 0.0110152 0.316531 0.138588 -0.0169105 0.990206 51.6402
0.989494 -0.0419145 -0.138362 -83.0391 0.0438793 0.998975 0.0111801 0.309598 0.137751 -0.0171339 0.990319 52.5046
0.989665 -0.0412146 -0.137344 -83.1643 0.0427332 0.999054 0.00812596 0.299554 0.136879 -0.0139112 0.990491 53.3834
0.989972 -0.0384957 -0.135916 -83.3063 0.0392334 0.999227 0.00275284 0.281555 0.135705 -0.00805773 0.990717 54.251
0.989899 -0.0373122 -0.136769 -83.3802 0.0372213 0.999302 -0.0032227 0.280292 0.136794 -0.00190061 0.990598 55.08
0.990164 -0.0333216 -0.135881 -83.5156 0.0323895 0.999434 -0.0090649 0.262128 0.136107 0.00457458 0.990684 55.9595
0.990187 -0.0336188 -0.135644 -83.6202 0.0325302 0.999419 -0.0102339 0.245926 0.13591 0.00572094 0.990705 56.7982
0.990138 -0.0368306 -0.135162 -83.7507 0.0365411 0.999322 -0.00462265 0.231833 0.13524 -0.000361918 0.990813 57.6671
0.990229 -0.0368347 -0.134495 -83.9088 0.0377426 0.999279 0.00420618 0.213655 0.134243 -0.00924131 0.990906 58.5598
0.98987 -0.0377647 -0.136857 -83.9917 0.0397795 0.999137 0.0120163 0.191451 0.136285 -0.0173387 0.990518 59.3606
0.989207 -0.0408185 -0.140719 -84.0886 0.0426396 0.999041 0.0099498 0.178936 0.140178 -0.0158427 0.99 60.1997
0.988256 -0.0462258 -0.145641 -84.1658 0.0476031 0.998849 0.0059847 0.175698 0.145197 -0.0128474 0.98932 61.0479
0.987458 -0.0478907 -0.150443 -84.2533 0.0490353 0.99879 0.00390594 0.167083 0.150074 -0.011234 0.988612 61.868
0.987068 -0.0469083 -0.153281 -84.3904 0.0476816 0.998862 0.00137164 0.150444 0.153042 -0.00866262 0.988182 62.6992
0.986535 -0.0462099 -0.156886 -84.5298 0.0464674 0.998918 -0.00202738 0.130977 0.15681 -0.00529005 0.987615 63.5276
0.985815 -0.0459705 -0.161412 -84.6552 0.0457142 0.998941 -0.00530307 0.110202 0.161485 -0.00215101 0.986873 64.325
0.985514 -0.0435352 -0.163908 -84.8158 0.0425198 0.999049 -0.0096995 0.0959797 0.164175 0.00258961 0.986428 65.1361
0.985095 -0.0394828 -0.167418 -84.9464 0.0383504 0.999215 -0.00999265 0.0737134 0.167682 0.00342311 0.985836 65.9303
0.984498 -0.0364578 -0.171564 -85.089 0.0355478 0.999333 -0.00837374 0.0541685 0.171755 0.00214515 0.985138 66.7302
0.983776 -0.0336181 -0.17622 -85.2402 0.033624 0.99943 -0.00295294 0.0346718 0.176219 -0.00302023 0.984347 67.5408
0.983025 -0.0332722 -0.180426 -85.3856 0.0342288 0.999412 0.00219068 0.0164705 0.180247 -0.00832929 0.983587 68.3126
0.982062 -0.035162 -0.18525 -85.5467 0.0368048 0.999308 0.00543619 0.00296097 0.184931 -0.0121568 0.982677 69.1277
0.980698 -0.036659 -0.19206 -85.7012 0.0383809 0.99925 0.0052521 0.0025163 0.191724 -0.0125222 0.981369 69.8985
0.979396 -0.0396285 -0.198022 -85.8596 0.0420287 0.999085 0.00793137 0.000842873 0.197527 -0.0160906 0.980166 70.6712
0.977939 -0.04083 -0.204858 -86.0311 0.0429587 0.999059 0.00595323 0.00596825 0.204422 -0.0146224 0.978774 71.4604
0.977171 -0.0371898 -0.209174 -86.2131 0.038909 0.999235 0.00410886 -0.000186178 0.208861 -0.0121538 0.97787 72.1928
0.976239 -0.0373637 -0.213451 -86.401 0.0377033 0.999286 -0.00248093 0.0232895 0.213391 -0.00562587 0.976951 72.9278
0.974754 -0.0387532 -0.219891 -86.5616 0.0382311 0.999247 -0.00663086 0.0220525 0.219983 -0.00194326 0.975502 73.6623
0.973479 -0.0381127 -0.225578 -86.7354 0.0371672 0.999274 -0.00843817 0.00817868 0.225736 -0.000169754 0.974189 74.4187
0.972345 -0.0363831 -0.230695 -86.9259 0.0362849 0.999331 -0.00466969 0.000181409 0.23071 -0.00383021 0.973015 75.1715
0.970848 -0.036309 -0.236929 -87.1171 0.0370816 0.999312 -0.00119592 -0.0162375 0.236809 -0.00762469 0.971527 75.9175
0.969009 -0.0373119 -0.24419 -87.2895 0.0385224 0.999258 0.000181648 -0.0362626 0.244002 -0.00958285 0.969728 76.6527
0.967149 -0.0396674 -0.251095 -87.4923 0.0400679 0.999191 -0.00351916 -0.0622112 0.251032 -0.00665734 0.967956 77.4046
0.965066 -0.0404917 -0.258858 -87.7037 0.0390307 0.99918 -0.0107829 -0.0874442 0.259082 0.000302797 0.965856 78.1411
0.962626 -0.0434225 -0.26733 -87.9217 0.0413928 0.999056 -0.0132258 -0.109353 0.267652 0.0016659 0.963515 78.8734
0.959984 -0.0438492 -0.276598 -88.1561 0.0423975 0.999038 -0.0112293 -0.129959 0.276824 -0.000947181 0.960921 79.5766
0.957133 -0.0420842 -0.286572 -88.4062 0.042029 0.999096 -0.00634677 -0.14863 0.28658 -0.00596966 0.958038 80.2836
0.954423 -0.038413 -0.295974 -88.6627 0.0403572 0.999185 0.000460221 -0.169009 0.295716 -0.012384 0.955196 80.961
0.951036 -0.0389595 -0.306614 -88.9119 0.0420783 0.999108 0.00356571 -0.194584 0.306202 -0.016293 0.951828 81.6728
0.94746 -0.0366023 -0.317772 -89.1651 0.0381581 0.999271 -0.00132897 -0.223312 0.317589 -0.0108665 0.948167 82.3947
0.943367 -0.0383308 -0.329528 -89.4144 0.0369149 0.999263 -0.010555 -0.247306 0.329689 -0.00220729 0.944087 83.1004
0.938999 -0.0421591 -0.341326 -89.6753 0.0391199 0.99911 -0.0157856 -0.268676 0.341688 0.00146996 0.939813 83.7932
0.934239 -0.043783 -0.353948 -89.9216 0.0422949 0.999034 -0.0119429 -0.286134 0.354129 -0.00381272 0.935189 84.4744
0.929728 -0.0426405 -0.365769 -90.1977 0.0436085 0.999033 -0.00561881 -0.301625 0.365655 -0.0107267 0.930689 85.1693
0.92485 -0.0423592 -0.377966 -90.4763 0.0450702 0.998983 -0.00167435 -0.315222 0.377652 -0.0154865 0.925819 85.8531
0.920136 -0.0444658 -0.389066 -90.8025 0.0464753 0.998911 -0.00425049 -0.335495 0.388831 -0.014171 0.921201 86.5554
0.915739 -0.0465429 -0.399067 -91.1142 0.0467821 0.998864 -0.00914551 -0.360686 0.399039 -0.0102943 0.916877 87.224
0.91185 -0.0513249 -0.407301 -91.4166 0.0488643 0.99867 -0.0164488 -0.388795 0.407604 -0.00490369 0.913146 87.8927
0.908253 -0.0553409 -0.414744 -91.7368 0.0507233 0.998467 -0.0221495 -0.424542 0.415334 -0.000919851 0.909669 88.5848
0.904826 -0.0554609 -0.422153 -92.0331 0.0496503 0.99846 -0.0247555 -0.44873 0.422876 0.00143939 0.906187 89.248
0.901278 -0.0514908 -0.43017 -92.377 0.0448991 0.998667 -0.0254678 -0.476958 0.430908 0.00363928 0.902389 89.9358
0.89764 -0.0520429 -0.437645 -92.6912 0.0462808 0.998645 -0.0238293 -0.506381 0.438292 0.0011355 0.898832 90.5816
0.894209 -0.0505365 -0.444788 -93.0408 0.0473315 0.998712 -0.0183168 -0.528434 0.44514 -0.00467349 0.895449 91.2496
0.89096 -0.0498648 -0.451335 -93.3748 0.0503353 0.998672 -0.0109715 -0.548508 0.451283 -0.012943 0.892288 91.9106
0.888126 -0.0422228 -0.457655 -93.7511 0.0450553 0.998974 -0.00472984 -0.569934 0.457385 -0.0164191 0.889118 92.5872
0.885625 -0.0361725 -0.46299 -94.0911 0.0366702 0.999296 -0.00792873 -0.596113 0.462951 -0.00995611 0.886329 93.2137
0.882852 -0.0421068 -0.467759 -94.4553 0.0381641 0.999111 -0.0179068 -0.592624 0.468098 -0.00204265 0.883675 93.8756
0.880209 -0.0507397 -0.471866 -94.7985 0.0438682 0.998711 -0.0255602 -0.616631 0.472555 0.00179838 0.8813 94.5302
0.878017 -0.0502621 -0.475982 -95.1664 0.0430543 0.998734 -0.0260429 -0.649055 0.476689 0.00237303 0.87907 95.1981
0.875319 -0.0442996 -0.481511 -95.5532 0.0389243 0.999019 -0.0211518 -0.680756 0.481975 -0.000227912 0.876185 95.8896
0.87258 -0.0413854 -0.486714 -95.9056 0.0378519 0.999137 -0.017096 -0.717289 0.487002 -0.00350541 0.873395 96.5348
0.869858 -0.0449966 -0.491245 -96.2855 0.0412531 0.998979 -0.0184555 -0.765153 0.491573 -0.00421178 0.870827 97.1966
0.867302 -0.0466726 -0.495589 -96.6703 0.0393937 0.998908 -0.0251322 -0.794848 0.496221 0.00227409 0.868194 97.859
0.864387 -0.0499206 -0.500342 -97.0627 0.0392424 0.998722 -0.0318505 -0.826949 0.501293 0.00789659 0.865243 98.525
0.861871 -0.0490493 -0.50475 -97.4549 0.0372219 0.998746 -0.0334963 -0.861662 0.50576 0.0100817 0.862616 99.1798
0.858522 -0.0456914 -0.510736 -97.8219 0.0356271 0.998931 -0.0294787 -0.899667 0.511537 0.00711208 0.859233 99.8488
0.855838 -0.044399 -0.515334 -98.2154 0.0350269 0.998997 -0.0278987 -0.939956 0.516056 0.00582617 0.856536 100.506
0.852068 -0.0435185 -0.521618 -98.595 0.033902 0.999034 -0.0279698 -0.97164 0.522331 0.00614827 0.852721 101.171
0.849885 -0.0446344 -0.525075 -99.0058 0.0344996 0.998982 -0.0290782 -1.01027 0.525838 0.00659823 0.85056 101.798
0.847481 -0.0460182 -0.528826 -99.4122 0.0350126 0.998912 -0.0308145 -1.03431 0.529669 0.00759912 0.848171 102.442
0.844896 -0.047079 -0.532855 -99.8175 0.0359817 0.998866 -0.0311995 -1.06051 0.53372 0.00718726 0.845632 103.076
0.842798 -0.0458778 -0.536271 -100.262 0.0345645 0.998918 -0.0311357 -1.09611 0.537119 0.00770514 0.843472 103.72
0.839709 -0.0461331 -0.541072 -100.651 0.0343258 0.998902 -0.0318971 -1.13008 0.54195 0.00821146 0.840371 104.345
0.83606 -0.0502903 -0.546328 -101.062 0.0362449 0.998678 -0.0364631 -1.16438 0.54744 0.0106837 0.836778 104.996
0.83307 -0.0547303 -0.550453 -101.459 0.0381461 0.998409 -0.0415381 -1.20119 0.551851 0.0136065 0.833832 105.609
0.82986 -0.0580342 -0.554944 -101.861 0.0395024 0.998192 -0.0453157 -1.22355 0.556571 0.0156841 0.830653 106.23
0.827565 -0.057462 -0.558421 -102.266 0.0406642 0.998271 -0.0424595 -1.25123 0.559895 0.0124302 0.828471 106.823
0.825004 -0.0552626 -0.562418 -102.672 0.0428444 0.99846 -0.0352595 -1.26841 0.563501 0.00499271 0.826101 107.423
0.822786 -0.0550968 -0.565673 -103.077 0.0483535 0.998468 -0.0269197 -1.29551 0.56629 -0.00520313 0.82419 108.019
0.821066 -0.0567678 -0.568003 -103.488 0.0531569 0.998323 -0.0229352 -1.33354 0.568353 -0.011362 0.822707 108.579
0.818891 -0.0596787 -0.570837 -103.899 0.0560571 0.998141 -0.0239351 -1.36843 0.571205 -0.0123993 0.820715 109.16
0.816768 -0.0620065 -0.573624 -104.308 0.0563587 0.998029 -0.0276353 -1.4018 0.574207 -0.00975711 0.818653 109.732
0.815332 -0.064223 -0.57542 -104.694 0.0568949 0.997907 -0.0307604 -1.43205 0.576191 -0.00765853 0.81728 110.254
0.813325 -0.0661799 -0.578033 -105.062 0.0582504 0.997781 -0.0322758 -1.46164 0.578886 -0.00741996 0.815375 110.78
0.811748 -0.0678566 -0.580052 -105.414 0.0597276 0.997665 -0.0331252 -1.48854 0.580946 -0.00775586 0.813906 111.278
0.810344 -0.0682688 -0.581964 -105.775 0.0604124 0.997631 -0.0329097 -1.51072 0.582832 -0.00848963 0.812549 111.763
0.808804 -0.0679169 -0.584143 -106.118 0.0605968 0.997647 -0.0320916 -1.53485 0.584949 -0.00944142 0.811016 112.236
0.807103 -0.0681597 -0.586462 -106.459 0.0620618 0.997606 -0.0305325 -1.58971 0.587139 -0.0117541 0.809401 112.706
0.806452 -0.0695675 -0.587192 -106.798 0.0644915 0.997479 -0.0296032 -1.63548 0.587772 -0.0139953 0.808907 113.113
0.805461 -0.0692848 -0.588584 -107.092 0.0642848 0.997497 -0.0294477 -1.69283 0.589151 -0.014118 0.8079 113.504
0.804064 -0.0694664 -0.59047 -107.393 0.062048 0.997532 -0.0328625 -1.72183 0.591296 -0.010214 0.806391 113.905
0.802865 -0.0720638 -0.591788 -107.678 0.0623478 0.997374 -0.0368671 -1.75187 0.592891 -0.0072974 0.80525 114.248
0.800264 -0.0753738 -0.594891 -107.964 0.0649978 0.997127 -0.038901 -1.78276 0.596115 -0.00753558 0.802864 114.621
0.799075 -0.0789948 -0.596018 -108.271 0.069297 0.996826 -0.0392109 -1.80162 0.597224 -0.00996982 0.802013 114.917
0.795956 -0.0787407 -0.600211 -108.546 0.0694146 0.996837 -0.0387206 -1.81888 0.601361 -0.0108435 0.798904 115.243
0.79215 -0.0755928 -0.605626 -108.808 0.0660392 0.997091 -0.038076 -1.83404 0.606743 -0.00983319 0.794838 115.562
0.789593 -0.0694381 -0.609689 -109.074 0.0611604 0.997535 -0.0344029 -1.85249 0.610576 -0.0101246 0.791894 115.842
0.78624 -0.0652583 -0.614466 -109.314 0.0595637 0.997781 -0.0297528 -1.85169 0.615045 -0.013207 0.788383 116.097
0.781023 -0.0641005 -0.621203 -109.53 0.0602778 0.997812 -0.0271761 -1.86273 0.621587 -0.0162197 0.783178 116.357
0.77497 -0.0670131 -0.628435 -109.732 0.0640132 0.997572 -0.0274365 -1.87029 0.628748 -0.0189657 0.777379 116.596
0.767384 -0.0692436 -0.637438 -109.939 0.0668487 0.997374 -0.0278664 -1.88188 0.637694 -0.0212277 0.769998 116.833
0.758617 -0.0708187 -0.647676 -110.145 0.06884 0.997224 -0.0284074 -1.89107 0.64789 -0.0230357 0.761387 117.035
0.747948 -0.0706643 -0.659984 -110.339 0.068321 0.997232 -0.0293462 -1.90355 0.660232 -0.0231415 0.750706 117.225
0.734368 -0.0691001 -0.675224 -110.519 0.0656482 0.997372 -0.030669 -1.92177 0.675569 -0.021805 0.736975 117.414
0.720612 -0.0707147 -0.689722 -110.705 0.0644135 0.997311 -0.0349522 -1.938 0.69034 -0.0192405 0.72323 117.556
0.704666 -0.0730913 -0.705764 -110.879 0.0622225 0.997214 -0.0411489 -1.95741 0.706806 -0.0149182 0.707251 117.712
0.688502 -0.0765386 -0.721184 -111.036 0.0613078 0.996999 -0.0472809 -1.97928 0.722639 -0.0116613 0.691128 117.843
0.672968 -0.075895 -0.735766 -111.223 0.0558047 0.997097 -0.0518097 -1.99996 0.737563 -0.00619299 0.67525 117.977
0.657262 -0.0720636 -0.750208 -111.419 0.0471473 0.997401 -0.0545023 -2.01948 0.752186 0.000451954 0.658951 118.11
0.640064 -0.0697797 -0.765146 -111.614 0.0427915 0.99756 -0.055179 -2.03503 0.76713 0.00257629 0.641488 118.236
0.620411 -0.0708573 -0.781069 -111.778 0.0441942 0.997487 -0.0553863 -2.04759 0.783031 -0.000156522 0.621984 118.337
0.599494 -0.0716229 -0.797167 -111.958 0.0453301 0.997428 -0.0555259 -2.05931 0.799095 -0.00284829 0.601199 118.447
0.57749 -0.0701118 -0.813381 -112.148 0.0430563 0.997535 -0.0554159 -2.06646 0.815262 -0.00301912 0.579085 118.536
0.553849 -0.0664949 -0.829957 -112.361 0.0375141 0.997787 -0.054907 -2.06738 0.831772 -0.000724979 0.555118 118.622
0.530246 -0.0638781 -0.845433 -112.558 0.0329908 0.997958 -0.0547107 -2.06459 0.847202 0.00111851 0.531271 118.68
0.507405 -0.0623366 -0.859449 -112.765 0.0292909 0.998052 -0.0550965 -2.06039 0.86121 0.00278218 0.508243 118.712
0.484627 -0.0575941 -0.872822 -112.965 0.0235081 0.998328 -0.0528229 -2.09922 0.874406 0.0050809 0.48517 118.723
0.459395 -0.0565985 -0.886426 -113.189 0.0169726 0.998346 -0.0549482 -2.07757 0.88807 0.0101979 0.459596 118.782
0.432826 -0.0526833 -0.899936 -113.388 0.0123952 0.998545 -0.0524943 -2.11072 0.901393 0.0115659 0.432849 118.82
0.402086 -0.0537154 -0.914024 -113.589 0.0115498 0.998496 -0.0535987 -2.12607 0.915529 0.0109944 0.402102 118.887
0.368803 -0.0565934 -0.927782 -113.809 0.00898672 0.998316 -0.0573234 -2.14538 0.929465 0.0128033 0.368691 118.952
0.334803 -0.0597494 -0.940391 -114.033 0.00520145 0.99809 -0.0615634 -2.17066 0.942274 0.0157202 0.334475 118.993
0.293561 -0.0632628 -0.953844 -114.278 0.00222265 0.997851 -0.0654972 -2.17018 0.955939 0.0171073 0.29307 119.06
0.253238 -0.0646059 -0.965244 -114.545 -0.000756527 0.997755 -0.0669802 -2.18296 0.967405 0.0176921 0.25262 119.077
0.207956 -0.0686359 -0.975726 -114.829 -0.00515128 0.997445 -0.0712613 -2.1713 0.978125 0.0198454 0.207071 119.123
0.162978 -0.0705723 -0.984102 -115.105 -0.00968207 0.997277 -0.0731204 -2.19618 0.986583 0.0214451 0.16185 119.113
0.11128 -0.0728499 -0.991115 -115.422 -0.0127056 0.997124 -0.0747181 -2.21068 0.993709 0.0209073 0.110035 119.146
0.0592267 -0.0755568 -0.99538 -115.739 -0.0175526 0.996899 -0.0767163 -2.20184 0.998091 0.0220151 0.0577167 119.155
0.00683835 -0.0734235 -0.997277 -116.091 -0.0206598 0.997078 -0.0735504 -2.24047 0.999764 0.0211065 0.00530127 119.123
-0.0463935 -0.0709753 -0.996398 -116.449 -0.0222199 0.9973 -0.0700048 -2.2689 0.998677 0.018892 -0.0478455 119.076
-0.0994591 -0.0700264 -0.992574 -116.808 -0.0246201 0.997389 -0.067899 -2.28549 0.994738 0.017684 -0.100924 118.995
-0.152282 -0.0686971 -0.985946 -117.166 -0.0261752 0.997512 -0.06546 -2.31627 0.987991 0.0158389 -0.153702 118.894
-0.205193 -0.0685908 -0.976314 -117.577 -0.0292791 0.997526 -0.0639272 -2.32395 0.978284 0.0154681 -0.206694 118.78
-0.254984 -0.0676137 -0.964578 -117.975 -0.0323847 0.99759 -0.0613668 -2.34889 0.966403 0.0155899 -0.25656 118.621
-0.304255 -0.0658632 -0.95031 -118.379 -0.0333632 0.997732 -0.058468 -2.38727 0.952007 0.0139161 -0.305763 118.463
-0.352217 -0.0639126 -0.933733 -118.813 -0.032525 0.9979 -0.0560357 -2.42125 0.935353 0.0106328 -0.353557 118.268
-0.397927 -0.0624682 -0.915287 -119.228 -0.0322697 0.998015 -0.0540848 -2.45366 0.91685 0.00801417 -0.399153 118.053
-0.441217 -0.06259 -0.895214 -119.635 -0.0336667 0.998018 -0.0531844 -2.46152 0.896769 0.006673 -0.44245 117.817
-0.481347 -0.0610898 -0.874398 -120.039 -0.0346767 0.998115 -0.050644 -2.50225 0.875844 0.0059439 -0.482558 117.539
-0.518236 -0.0595541 -0.853161 -120.434 -0.0361256 0.998207 -0.0477349 -2.55002 0.854475 0.006083 -0.519458 117.249
-0.551077 -0.0590953 -0.832358 -120.862 -0.0377745 0.998234 -0.0458625 -2.57105 0.833599 0.00616806 -0.552337 116.938
-0.578528 -0.0584774 -0.813563 -121.303 -0.040145 0.99826 -0.0432057 -2.62363 0.814675 0.00766473 -0.579869 116.604
-0.597169 -0.0618281 -0.799728 -121.661 -0.046692 0.998014 -0.042292 -2.65054 0.800756 0.0120854 -0.598871 116.235
-0.614691 -0.0636428 -0.786196 -122.143 -0.048954 0.997897 -0.0425049 -2.66478 0.787248 0.01236 -0.616514 115.86
