1 0 0 0 0 1 0 0 0 0 1 0
0.999993 0.00340904 -0.00136373 0.0181572 -0.00340934 0.999994 -0.000219721 0.0239023 0.00136297 0.000224369 0.999999 0.760354
0.99998 0.00605525 -0.00178538 0.0160002 -0.0060554 0.999982 -8.33305e-05 0.00900873 0.00178484 9.414e-05 0.999998 1.51263
0.999969 0.007296 -0.00298892 0.0416513 -0.00729787 0.999973 -0.00061592 -0.00100254 0.00298435 0.000637714 0.999995 2.23334
0.999953 0.00848457 -0.00466218 0.0669563 -0.00849535 0.999961 -0.00229752 0.015213 0.0046425 0.00233701 0.999986 2.97647
0.999944 0.00852709 -0.00631999 0.0977234 -0.00854644 0.999959 -0.00304092 0.00585249 0.0062938 0.00309476 0.999975 3.70086
0.999942 0.00851032 -0.00659964 0.101291 -0.00852687 0.99996 -0.00248436 -0.00423645 0.00657824 0.00254049 0.999975 4.43378
0.999922 0.0093629 -0.00829518 0.1509 -0.00936157 0.999956 0.000199768 -0.0213845 0.00829669 -0.000122097 0.999966 5.12278
0.999924 0.00933536 -0.00806386 0.170084 -0.00930081 0.999947 0.00431146 -0.0366952 0.00810369 -0.00423613 0.999958 5.78783
0.999931 0.00842604 -0.00813907 0.201001 -0.00836252 0.999934 0.00780668 -0.0558786 0.00820432 -0.00773808 0.999936 6.39701
0.999957 0.00779823 -0.00509368 0.14929 -0.00774716 0.99992 0.00997165 -0.0634764 0.00517104 -0.00993176 0.999937 7.02662
0.999957 0.00851697 -0.00358472 0.136596 -0.00848179 0.999917 0.00971517 -0.0742518 0.00366717 -0.00968435 0.999946 7.60775
0.999953 0.00939926 -0.00250269 0.133064 -0.00938151 0.999931 0.0070096 -0.0863834 0.0025684 -0.00698578 0.999972 8.21256
0.999953 0.00956501 -0.0015437 0.133545 -0.00955858 0.999946 0.00412273 -0.0969662 0.00158305 -0.00410778 0.99999 8.73707
0.999971 0.00762548 0.000403077 0.130453 -0.00762652 0.999967 0.00264648 -0.105991 -0.00038288 -0.00264947 0.999996 9.2226
0.999985 0.00384102 0.00402987 0.098814 -0.00384061 0.999992 -0.000109418 -0.106861 -0.00403026 9.39421e-05 0.999992 9.74766
0.999979 0.00209224 0.0062021 0.0921832 -0.00208283 0.999996 -0.00152293 -0.114451 -0.00620526 0.00150998 0.99998 10.1786
0.999931 0.0065418 0.00978123 0.0644544 -0.00650314 0.999971 -0.00397904 -0.119504 -0.00980698 0.00391516 0.999944 10.6174
0.999864 0.0111239 0.0121801 0.0749726 -0.0110627 0.999926 -0.00508199 -0.124464 -0.0122358 0.00494656 0.999913 11.0072
0.999822 0.0113686 0.0150911 0.0899052 -0.0113049 0.999927 -0.00429875 -0.130486 -0.0151389 0.00412738 0.999877 11.3593
0.999815 0.00740084 0.0177685 0.108737 -0.0073344 0.999966 -0.00380115 -0.13785 -0.0177961 0.00367012 0.999835 11.6673
0.999769 0.00262507 0.0213532 0.106448 -0.0025285 0.999986 -0.00454829 -0.136443 -0.0213648 0.00449325 0.999762 11.9601
0.999712 -0.00106384 0.023997 0.115882 0.00114767 0.999993 -0.00347993 -0.141769 -0.0239931 0.00350647 0.999706 12.206
0.999651 -0.00125773 0.0263827 0.12515 0.00132481 0.999996 -0.00252546 -0.147792 -0.0263794 0.00255953 0.999649 12.4241
0.999622 -0.000318774 0.0274846 0.147242 0.000414094 0.999994 -0.00346258 -0.154344 -0.0274834 0.00347265 0.999616 12.6112
0.999529 0.000867105 0.0306674 0.13485 -0.000695259 0.999984 -0.00561387 -0.145816 -0.0306717 0.00558991 0.999514 12.8
0.999447 0.00336271 0.0330897 0.136935 -0.00314576 0.999973 -0.00660614 -0.150027 -0.033111 0.0064984 0.999431 12.971
0.999425 0.00640128 0.0333013 0.163106 -0.00616356 0.999955 -0.00723618 -0.158972 -0.0333461 0.00702677 0.999419 13.1352
0.99935 0.00778259 0.0351986 0.162224 -0.00747375 0.999932 -0.00889725 -0.161806 -0.0352654 0.00862841 0.999341 13.2991
0.999297 0.0068991 0.0368538 0.174551 -0.00649985 0.999919 -0.010942 -0.163594 -0.0369264 0.0106948 0.999261 13.4291
0.999261 0.00552405 0.0380306 0.187752 -0.0050507 0.999909 -0.0125314 -0.166652 -0.0380964 0.01233 0.999198 13.5612
0.999209 0.00506186 0.0394503 0.194613 -0.00451219 0.999891 -0.0140099 -0.164892 -0.0395169 0.0138209 0.999123 13.7022
0.999151 0.00582594 0.0407924 0.200907 -0.00518781 0.999863 -0.015732 -0.163073 -0.0408785 0.015507 0.999044 13.8284
0.999092 0.00697287 0.0420209 0.209781 -0.00622171 0.999819 -0.0179804 -0.165126 -0.0421387 0.0177026 0.998955 13.9629
0.999027 0.00720419 0.0435091 0.204126 -0.00633099 0.999776 -0.0201739 -0.16794 -0.0436447 0.0198789 0.998849 14.0693
0.999005 0.00611048 0.0441884 0.211359 -0.00510386 0.999726 -0.0228572 -0.167987 -0.044316 0.0226089 0.998762 14.2066
0.99903 0.0056233 0.0436869 0.216648 -0.00453078 0.999675 -0.0250671 -0.169001 -0.0438137 0.0248448 0.998731 14.3235
0.99912 0.00488157 0.0416532 0.219306 -0.00377081 0.999636 -0.0267041 -0.16507 -0.0417684 0.0265235 0.998775 14.4543
0.999209 0.00515548 0.0394412 0.207583 -0.0040604 0.999605 -0.0277947 -0.166865 -0.0395689 0.0276125 0.998835 14.5667
0.999357 0.00589837 0.0353782 0.208641 -0.00486554 0.999561 -0.0292095 -0.167361 -0.035535 0.0290186 0.998947 14.6954
0.999534 0.00678465 0.0297553 0.202736 -0.00587737 0.999518 -0.0304736 -0.168514 -0.0299477 0.0302846 0.999093 14.789
0.999702 0.00671216 0.023468 0.194 -0.00597377 0.999489 -0.0313936 -0.171345 -0.0236668 0.031244 0.999232 14.8876
0.999834 0.00756184 0.0165642 0.188371 -0.00701138 0.999429 -0.033042 -0.157316 -0.0168046 0.0329204 0.999317 15.0481
0.999935 0.00760127 0.00847541 0.181553 -0.00730721 0.999388 -0.0342034 -0.15843 -0.00873023 0.0341392 0.999379 15.1982
0.999975 0.00695254 -0.00099675 0.169406 -0.00698428 0.99931 -0.0364821 -0.146758 0.000742409 0.0364882 0.999334 15.3653
0.999878 0.00531924 -0.0146809 0.175754 -0.00587859 0.999248 -0.038324 -0.149329 0.014466 0.0384057 0.999158 15.5052
0.999524 0.00503492 -0.0304381 0.146607 -0.00625392 0.999176 -0.040087 -0.156926 0.0302112 0.0402583 0.998733 15.6687
0.998785 0.00515116 -0.0490198 0.109212 -0.00714339 0.999152 -0.0405533 -0.169017 0.0487694 0.0408542 0.997974 15.829
0.997535 0.0062342 -0.0698987 0.052904 -0.0090794 0.99914 -0.0404611 -0.170358 0.0695863 0.040996 0.996733 16.0355
0.995853 0.0072835 -0.0906849 -0.0418354 -0.0108465 0.999186 -0.0388588 -0.184606 0.0903281 0.0396812 0.995121 16.2133
0.993204 0.00837956 -0.116085 -0.113749 -0.0128256 0.99921 -0.0376062 -0.184881 0.115679 0.0388395 0.992527 16.4226
0.989429 0.0092294 -0.144727 -0.216839 -0.0146092 0.999239 -0.0361536 -0.18285 0.144283 0.0378858 0.988811 16.665
0.984283 0.00959333 -0.176336 -0.312365 -0.0155927 0.999344 -0.0326683 -0.188189 0.175907 0.0349044 0.983788 16.8794
0.977153 0.0102248 -0.212293 -0.42089 -0.0167446 0.999441 -0.0289361 -0.187273 0.211878 0.0318298 0.976778 17.1322
0.968022 0.0115223 -0.250599 -0.553005 -0.0180545 0.999554 -0.0237829 -0.189771 0.250213 0.0275468 0.967799 17.3897
0.95655 0.0151344 -0.291177 -0.710796 -0.0216179 0.999584 -0.0190622 -0.18736 0.290767 0.0245286 0.956479 17.6708
0.943448 0.0193885 -0.330954 -0.923646 -0.0255614 0.99957 -0.0143091 -0.195718 0.330535 0.0219595 0.943538 17.9459
0.927882 0.0229675 -0.372165 -1.09831 -0.0276654 0.99959 -0.00728742 -0.223081 0.371845 0.017058 0.928138 18.1934
0.909473 0.0270236 -0.414883 -1.29115 -0.0292397 0.999572 0.00101065 -0.234484 0.414733 0.0112119 0.909874 18.4738
0.88886 0.032619 -0.457017 -1.51389 -0.0320149 0.999446 0.00906785 -0.255102 0.45706 0.00657131 0.889412 18.7519
0.864957 0.037406 -0.500451 -1.74311 -0.0352349 0.999283 0.0137927 -0.245132 0.500608 0.00570322 0.865655 19.0319
0.837867 0.0403158 -0.544383 -1.97805 -0.036997 0.999169 0.0170537 -0.23607 0.544619 0.00585179 0.838664 19.3062
0.808382 0.0438057 -0.587027 -2.26169 -0.0404372 0.999004 0.0188635 -0.220131 0.587268 0.00848881 0.809348 19.5784
0.776353 0.0464974 -0.628581 -2.57349 -0.0418563 0.998877 0.0221926 -0.207873 0.628907 0.0090808 0.777428 19.8465
0.740163 0.0497528 -0.670584 -2.88366 -0.0433828 0.998714 0.0262137 -0.184404 0.671026 0.00968944 0.74137 20.1274
0.702473 0.0506318 -0.709907 -3.21638 -0.0422968 0.998673 0.0293732 -0.163014 0.710452 0.00939294 0.703683 20.3889
0.662227 0.0501053 -0.747626 -3.57951 -0.0400501 0.998702 0.0314569 -0.146239 0.748232 0.00911091 0.663375 20.667
0.620308 0.0488709 -0.782835 -3.94617 -0.0358911 0.99878 0.0339123 -0.130573 0.783537 0.0070608 0.621305 20.9135
0.576077 0.0485482 -0.815952 -4.33519 -0.0317249 0.99881 0.0370296 -0.113182 0.816779 0.0045541 0.576932 21.1546
0.529562 0.0496979 -0.846814 -4.76782 -0.0302847 0.998753 0.0396761 -0.0917546 0.84773 0.00463455 0.530407 21.3931
0.480569 0.0494422 -0.875562 -5.23566 -0.0295136 0.998756 0.0401997 -0.0731289 0.87646 0.0065223 0.48143 21.6021
0.428944 0.0478705 -0.902062 -5.73104 -0.0238729 0.998847 0.0416547 -0.0518018 0.903016 0.00366732 0.429592 21.7973
0.376068 0.0468654 -0.925406 -6.22739 -0.0190557 0.9989 0.0428434 -0.0306059 0.926396 0.00152228 0.376547 21.9574
0.32242 0.046018 -0.945478 -6.78446 -0.0171777 0.998937 0.0427622 -0.00304569 0.946441 0.00245373 0.322868 22.1191
0.268996 0.0516678 -0.961755 -7.34555 -0.0173463 0.998658 0.0487987 0.0268079 0.962985 0.00355625 0.269531 22.2458
0.218152 0.0565158 -0.974277 -7.94086 -0.0152967 0.998397 0.0544898 0.0582383 0.975795 0.0030161 0.218667 22.3441
0.17079 0.0577351 -0.983615 -8.55037 -0.0112007 0.998331 0.0566541 0.0875016 0.985244 0.00134125 0.171152 22.4101
0.127212 0.0586006 -0.990143 -9.16396 -0.0088015 0.99828 0.0579514 0.116458 0.991836 0.00134262 0.12751 22.4556
0.0868768 0.0566081 -0.99461 -9.81945 -0.00896081 0.998388 0.0560405 0.153759 0.996179 0.0040439 0.0872442 22.4857
0.0515155 0.0520392 -0.997316 -10.5088 -0.0108836 0.998611 0.0515446 0.202116 0.998613 0.00819907 0.0520105 22.4993
0.0231706 0.0516987 -0.998394 -11.2019 -0.0130553 0.998592 0.051406 0.243983 0.999646 0.0118432 0.023813 22.4923
0.00278086 0.0560943 -0.998422 -11.8927 -0.0143607 0.998325 0.0560488 0.271021 0.999893 0.0141822 0.00358189 22.4689
-0.00935692 0.0620817 -0.998027 -12.6276 -0.0131363 0.997977 0.0622017 0.308524 0.99987 0.0136924 -0.00852233 22.4387
-0.0179882 0.0651311 -0.997715 -13.3855 -0.0144319 0.997755 0.0653939 0.344185 0.999734 0.0155752 -0.0170078 22.4264
-0.0218274 0.062032 -0.997836 -14.1899 -0.0130887 0.99797 0.0623267 0.389954 0.999676 0.0144208 -0.020971 22.4096
-0.020526 0.0581464 -0.998097 -14.9907 -0.00623135 0.99828 0.0582853 0.431618 0.99977 0.00741586 -0.0201282 22.3927
-0.0154731 0.0565926 -0.998278 -15.8056 0.00523178 0.998388 0.0565177 0.47224 0.999866 -0.00434825 -0.0157441 22.3811
-0.00992042 0.0567034 -0.998342 -16.6544 0.00513875 0.99838 0.0566545 0.517926 0.999937 -0.00456818 -0.0101956 22.3706
-0.00439708 0.0546912 -0.998494 -17.5643 0.00310067 0.998499 0.0546778 0.571143 0.999985 -0.00285557 -0.00455993 22.3591
-0.000280131 0.0463451 -0.998926 -18.4279 0.00399247 0.998917 0.0463436 0.643248 0.999992 -0.00397519 -0.000464729 22.3431
0.00144174 0.0346174 -0.9994 -19.3395 0.000893657 0.9994 0.0346187 0.704068 0.999999 -0.000943021 0.00141007 22.3461
-0.000325117 0.0253798 -0.999678 -20.3257 -0.00703384 0.999653 0.0253815 0.760196 0.999975 0.00703984 -0.000146357 22.3874
-0.00206687 0.0192738 -0.999812 -21.2949 -0.0149442 0.999702 0.0193026 0.86271 0.999886 0.0149813 -0.00177809 22.3795
-0.00186467 0.0240646 -0.999709 -22.2534 -0.0247616 0.999402 0.0241034 0.909548 0.999692 0.0247994 -0.00126754 22.2719
-0.00602032 0.0304998 -0.999517 -23.1192 -0.0298286 0.999084 0.0306662 0.951111 0.999537 0.0299988 -0.00510491 22.2268
-0.0119487 0.0392104 -0.99916 -24.1089 -0.030957 0.998737 0.039564 0.99047 0.999449 0.0314038 -0.0107196 22.2277
-0.0158444 0.0479136 -0.998726 -25.1291 -0.032008 0.998315 0.0484017 1.04003 0.999362 0.0327341 -0.0142839 22.2408
-0.0194315 0.0543559 -0.998333 -26.1216 -0.0291788 0.998065 0.0549092 1.08799 0.999385 0.0301971 -0.0178077 22.2674
-0.0245856 0.0547732 -0.998196 -27.1918 -0.026615 0.998108 0.0554239 1.14213 0.999343 0.0279297 -0.0230812 22.2868
-0.0279985 0.051656 -0.998273 -28.1745 -0.0268556 0.998264 0.0524088 1.1768 0.999247 0.0282765 -0.0265625 22.2981
-0.0324739 0.0468564 -0.998374 -29.2954 -0.0264026 0.998511 0.0477217 1.22582 0.999124 0.0279094 -0.0311883 22.2926
-0.0379999 0.0414898 -0.998416 -30.3249 -0.0258052 0.998763 0.0424864 1.25988 0.998944 0.0273788 -0.0368821 22.259
-0.0435861 0.0368066 -0.998372 -31.3472 -0.0248019 0.998973 0.0379115 1.28782 0.998742 0.0264139 -0.0426283 22.2092
-0.046585 0.0338701 -0.99834 -32.3955 -0.0262268 0.999039 0.0351176 1.334 0.99857 0.0278192 -0.0456518 22.1004
-0.0525446 0.0371042 -0.997929 -33.4349 -0.0264165 0.998908 0.0385316 1.34715 0.998269 0.0283865 -0.051507 22.0279
-0.0579569 0.0417356 -0.997446 -34.5122 -0.0281119 0.998661 0.0434199 1.37895 0.997923 0.0305566 -0.0567059 21.9411
-0.0637351 0.0446489 -0.996968 -35.5688 -0.0311553 0.998422 0.0467058 1.40761 0.99748 0.0340376 -0.0622433 21.848
-0.0685811 0.0468009 -0.996547 -36.6814 -0.0339485 0.998211 0.0492153 1.45208 0.997068 0.0372065 -0.0668695 21.7633
-0.0708493 0.0480993 -0.996327 -37.7925 -0.0382498 0.997971 0.0508986 1.49511 0.996753 0.0417154 -0.0688656 21.6689
-0.0721493 0.0492605 -0.996177 -38.8749 -0.0423917 0.997725 0.0524073 1.53473 0.996492 0.0460108 -0.0698968 21.5659
-0.0741286 0.0492994 -0.996029 -39.9936 -0.0445786 0.997615 0.0526956 1.56966 0.996252 0.0483079 -0.071754 21.4817
-0.0755781 0.048839 -0.995943 -41.0439 -0.0456282 0.997584 0.052382 1.60315 0.996095 0.049402 -0.0731669 21.3675
-0.0765111 0.0485427 -0.995886 -42.1672 -0.0469269 0.997532 0.0522281 1.64268 0.995964 0.0507299 -0.0740442 21.2759
-0.0769733 0.047816 -0.995886 -43.2576 -0.0492927 0.997445 0.0517007 1.68271 0.995814 0.0530695 -0.0744195 21.1669
-0.0774656 0.0454919 -0.995957 -44.3046 -0.0542994 0.997283 0.0497759 1.71991 0.995515 0.0579357 -0.0747848 21.0496
-0.0767689 0.0402964 -0.996234 -45.4921 -0.0607422 0.997138 0.0450137 1.77384 0.995197 0.0639692 -0.0741013 20.9417
-0.0752602 0.0396111 -0.996377 -46.5592 -0.0620187 0.99709 0.044324 1.8132 0.995233 0.0651299 -0.0725845 20.819
-0.0720647 0.0433835 -0.996456 -47.6189 -0.0626334 0.996885 0.0479318 1.8606 0.995431 0.0658656 -0.0691228 20.6681
-0.0704607 0.0463977 -0.996435 -48.8149 -0.0634543 0.996686 0.0508964 1.90446 0.995494 0.0668143 -0.0672829 20.604
-0.0684458 0.0459107 -0.996598 -49.8703 -0.0617994 0.996827 0.0501656 1.94451 0.995739 0.0650228 -0.0653912 20.4887
-0.0656938 0.0450893 -0.996821 -51.0054 -0.0620334 0.996862 0.0491794 1.98528 0.995909 0.065067 -0.0626904 20.4008
-0.0616453 0.0455348 -0.997059 -52.1356 -0.0666327 0.996542 0.0496309 2.02637 0.995871 0.0694963 -0.0583979 20.3164
-0.0563938 0.0465022 -0.997325 -53.3131 -0.0710099 0.996198 0.0504649 2.06761 0.99588 0.0736659 -0.0528772 20.2498
-0.0512292 0.04611 -0.997622 -54.5122 -0.0747628 0.995953 0.0498721 2.11186 0.995884 0.0771399 -0.0475745 20.2019
-0.0458959 0.0452021 -0.997923 -55.6524 -0.0762749 0.995901 0.0486185 2.14918 0.99603 0.0783479 -0.0422599 20.146
-0.0401566 0.0444979 -0.998202 -56.7669 -0.0765484 0.995935 0.0474763 2.18769 0.996257 0.0783173 -0.036587 20.0817
-0.0357287 0.0443584 -0.998376 -57.9562 -0.0746287 0.996107 0.0469283 2.22065 0.996571 0.0761843 -0.0322791 20.0588
-0.031121 0.0449477 -0.998504 -59.1168 -0.0733588 0.996191 0.04713 2.25697 0.99682 0.0747158 -0.027705 20.0329
-0.0258924 0.0463314 -0.99859 -60.2348 -0.072552 0.996204 0.0481018 2.29504 0.997028 0.0736953 -0.0224326 19.9897
-0.0209599 0.0476024 -0.998646 -61.4275 -0.0731436 0.996116 0.0490169 2.33148 0.997101 0.074072 -0.0173966 19.9764
-0.0134391 0.0458983 -0.998856 -62.5223 -0.0732626 0.996216 0.0467627 2.38506 0.997222 0.0738073 -0.0100255 19.8939
-0.0114785 0.0415606 -0.99907 -63.7694 -0.073032 0.996432 0.0422899 2.41209 0.997263 0.0734496 -0.0084022 19.9491
-0.00738912 0.0363846 -0.99931 -64.9378 -0.0727354 0.996671 0.0368263 2.43855 0.997324 0.0729573 -0.00471794 19.9358
-0.00133013 0.0352509 -0.999377 -66.053 -0.0736864 0.996658 0.0352531 2.47561 0.99728 0.0736874 0.00127196 19.8672
0.00277495 0.0370721 -0.999309 -67.2448 -0.0745462 0.99654 0.0367623 2.50775 0.997213 0.0743926 0.00552906 19.8439
0.00707182 0.0365773 -0.999306 -68.3845 -0.0750902 0.996529 0.0359442 2.53714 0.997151 0.0747839 0.00979399 19.7959
0.00967875 0.0363442 -0.999292 -69.5583 -0.0769763 0.996401 0.0354934 2.56848 0.996986 0.0765783 0.0124417 19.7718
0.0118941 0.0368142 -0.999251 -70.7325 -0.0796244 0.996184 0.0357534 2.59757 0.996754 0.0791395 0.0147802 19.7573
0.0156179 0.0359274 -0.999232 -71.8625 -0.0808454 0.996128 0.0345521 2.62783 0.996604 0.0802437 0.0184622 19.7077
0.0180105 0.0339178 -0.999262 -73.0799 -0.0815125 0.996147 0.0323428 2.65044 0.996509 0.0808699 0.020706 19.7014
0.0201685 0.0324629 -0.999269 -74.2983 -0.0807378 0.996261 0.0307356 2.67029 0.996531 0.0800589 0.0227142 19.6989
0.0209917 0.0319593 -0.999269 -75.4907 -0.0783117 0.996471 0.0302246 2.68712 0.996707 0.0776199 0.0234205 19.7167
0.0220186 0.0326197 -0.999225 -76.6948 -0.0759274 0.996636 0.030862 2.70195 0.99687 0.0751891 0.0244214 19.7284
0.0230633 0.0347703 -0.999129 -77.8657 -0.0776651 0.996437 0.0328838 2.71568 0.996712 0.076839 0.0256817 19.7332
0.0242947 0.0380863 -0.998979 -79.0377 -0.0803467 0.996116 0.0360231 2.73635 0.99647 0.0793895 0.0272606 19.748
0.0228356 0.0378647 -0.999022 -80.2217 -0.0821832 0.995971 0.0358705 2.7597 0.996355 0.0812837 0.0258556 19.8126
0.022427 0.0351065 -0.999132 -81.399 -0.0834925 0.995958 0.0331208 2.78612 0.996256 0.0826773 0.0252676 19.8575
0.0224824 0.0321225 -0.999231 -82.5975 -0.0838861 0.99602 0.0301318 2.80676 0.996221 0.0831442 0.0250877 19.885
0.022958 0.0310351 -0.999255 -83.8031 -0.0818532 0.996221 0.0290603 2.82699 0.996379 0.0811251 0.0254117 19.9022
0.0238496 0.0318178 -0.999209 -84.9844 -0.0802611 0.996328 0.0298103 2.85576 0.996488 0.0794867 0.0263158 19.9181
0.0217587 0.0343906 -0.999172 -86.1986 -0.0789735 0.996344 0.0325734 2.87135 0.996639 0.0781993 0.0243952 19.9843
0.0200576 0.0365602 -0.99913 -87.3912 -0.079283 0.996242 0.0348629 2.88978 0.99665 0.0785148 0.022881 20.0426
0.0198821 0.0365366 -0.999135 -88.5557 -0.0802329 0.996167 0.0348314 2.90865 0.996577 0.079471 0.0227374 20.065
0.019967 0.0345181 -0.999205 -89.7401 -0.0796083 0.996286 0.0328264 2.92341 0.996626 0.0788895 0.0226409 20.0858
0.0195244 0.0328418 -0.99927 -90.8642 -0.0777681 0.996482 0.0312306 2.94024 0.99678 0.0771016 0.0220099 20.1106
0.0195916 0.0332765 -0.999254 -92.0353 -0.076062 0.996599 0.0316967 2.96131 0.99691 0.0753843 0.0220562 20.1224
0.0189513 0.0358103 -0.999179 -93.2426 -0.073443 0.996708 0.0343287 2.98219 0.997119 0.0727322 0.021519 20.155
0.0206422 0.0378214 -0.999071 -94.3793 -0.0726317 0.996701 0.0362309 3.013 0.997145 0.0718164 0.0233213 20.1183
0.0224893 0.0390609 -0.998984 -95.5735 -0.0739186 0.996566 0.0373023 3.04487 0.99701 0.0730047 0.0252995 20.1103
0.0248521 0.0408728 -0.998855 -96.7013 -0.0765172 0.996311 0.0388649 3.06891 0.996758 0.0754638 0.027888 20.0713
0.0238842 0.0406634 -0.998887 -97.8959 -0.0779751 0.996204 0.0386897 3.08241 0.996668 0.0769644 0.0269644 20.1197
0.0250019 0.0368525 -0.999008 -99.0714 -0.0804862 0.99615 0.0347328 3.10537 0.996441 0.079538 0.0278719 20.1234
0.0267188 0.0350277 -0.999029 -100.238 -0.0831998 0.995996 0.0326962 3.13103 0.996174 0.0822455 0.0295263 20.1171
0.0285173 0.0330057 -0.999048 -101.387 -0.0850011 0.995915 0.0304758 3.15224 0.995972 0.0840512 0.0312065 20.1092
0.0287786 0.0327778 -0.999048 -102.566 -0.083579 0.996041 0.0302716 3.18015 0.996085 0.0826283 0.0314044 20.1461
0.0287082 0.034323 -0.998998 -103.74 -0.0830283 0.996039 0.0318353 3.20714 0.996133 0.0820313 0.0314444 20.1767
0.0280917 0.0357727 -0.998965 -104.953 -0.0811496 0.996143 0.0333896 3.23687 0.996305 0.0801277 0.0308864 20.219
0.0265759 0.0344726 -0.999052 -106.123 -0.0840184 0.995946 0.0321304 3.26189 0.996109 0.083085 0.0293646 20.2555
0.0259912 0.0355368 -0.99903 -107.318 -0.0880419 0.995566 0.033123 3.2894 0.995777 0.0870957 0.0290048 20.2791
0.0254181 0.0345737 -0.999079 -108.478 -0.0913933 0.995297 0.0321176 3.30919 0.99549 0.0904929 0.0284585 20.2993
0.0248259 0.0307962 -0.999217 -109.679 -0.0923886 0.995319 0.0283805 3.3301 0.995413 0.0916118 0.027555 20.3217
0.0238146 0.0269636 -0.999353 -110.872 -0.0923591 0.995421 0.0246565 3.34472 0.99544 0.0917122 0.026196 20.3424
0.022894 0.0258281 -0.999404 -112.076 -0.0886015 0.995785 0.0237049 3.35919 0.995803 0.0880062 0.025086 20.3678
0.0217178 0.0250305 -0.999451 -113.326 -0.0844085 0.996163 0.0231139 3.37082 0.996194 0.0838603 0.0237474 20.409
0.021338 0.027298 -0.999399 -114.574 -0.083906 0.996149 0.0254177 3.38073 0.996244 0.0833134 0.0235465 20.4278
0.02039 0.0311083 -0.999308 -115.783 -0.0830453 0.996115 0.0293143 3.39764 0.996336 0.0823902 0.0228943 20.4385
0.0212177 0.0317513 -0.99927 -116.97 -0.0820076 0.996183 0.0299118 3.40677 0.996405 0.0813132 0.0237407 20.4087
0.022229 0.0280858 -0.999358 -118.204 -0.0822561 0.996268 0.0261693 3.41699 0.996362 0.0816217 0.0244564 20.3911
0.018463 0.0249592 -0.999518 -119.492 -0.0822548 0.996338 0.0233604 3.42189 0.996439 0.081784 0.0204485 20.4609
0.0179482 0.023682 -0.999558 -120.752 -0.081382 0.996437 0.0221467 3.43245 0.99652 0.0809487 0.0198117 20.4699
0.0198854 0.0244904 -0.999502 -121.994 -0.0836004 0.99624 0.0227471 3.45243 0.9963 0.0831066 0.0218582 20.4343
0.0210312 0.0291588 -0.999353 -123.225 -0.0884825 0.995707 0.0271902 3.46995 0.995855 0.0878536 0.023521 20.4006
0.022163 0.0324679 -0.999227 -124.483 -0.0945341 0.995062 0.0302358 3.48781 0.995274 0.093791 0.025123 20.3891
0.0228418 0.0327179 -0.999203 -125.787 -0.101917 0.994333 0.0302286 3.50931 0.99453 0.101146 0.026047 20.3927
0.0239123 0.0310385 -0.999232 -127.061 -0.10556 0.994009 0.0283501 3.52696 0.994124 0.104801 0.0270456 20.3917
0.0236985 0.0298673 -0.999273 -128.299 -0.108421 0.993735 0.0271305 3.53915 0.993822 0.107699 0.0267884 20.3947
0.0229888 0.0288229 -0.99932 -129.575 -0.108217 0.993783 0.0261737 3.55831 0.99386 0.107542 0.0259652 20.4076
0.0220083 0.0272503 -0.999386 -130.837 -0.106051 0.994052 0.0247694 3.57575 0.994116 0.105441 0.0247674 20.4337
0.0220848 0.0275605 -0.999376 -132.122 -0.106039 0.994046 0.0250702 3.59386 0.994116 0.105419 0.0248759 20.4383
0.0192556 0.031804 -0.999308 -133.377 -0.104628 0.99407 0.0296212 3.61285 0.994324 0.103985 0.0224691 20.4905
0.0180879 0.035058 -0.999221 -134.667 -0.103129 0.99412 0.0330122 3.6379 0.994502 0.102452 0.0215972 20.5121
0.0168117 0.0339949 -0.99928 -135.933 -0.103863 0.994074 0.0320704 3.65383 0.994448 0.103249 0.020243 20.542
0.0172335 0.032231 -0.999332 -137.183 -0.103564 0.994162 0.0302783 3.67482 0.994472 0.102973 0.020471 20.5548
0.0177251 0.0312072 -0.999355 -138.459 -0.10236 0.994318 0.0292343 3.69454 0.994588 0.101776 0.0208189 20.5765
0.0174721 0.0306294 -0.999378 -139.714 -0.102994 0.994268 0.0286722 3.70968 0.994527 0.102429 0.0205268 20.5994
0.0179567 0.0327066 -0.999303 -140.982 -0.103442 0.994162 0.0306795 3.7281 0.994472 0.102819 0.0212352 20.6137
0.0183226 0.0359444 -0.999186 -142.238 -0.103399 0.994063 0.0338641 3.7495 0.99447 0.102695 0.0219305 20.6284
0.0211229 0.0373126 -0.99908 -143.433 -0.105684 0.993788 0.0348805 3.76743 0.994174 0.10485 0.0249352 20.5895
0.0222008 0.0346504 -0.999153 -144.697 -0.108316 0.9936 0.032051 3.78954 0.993867 0.107513 0.025812 20.5972
0.0232349 0.0318814 -0.999221 -145.924 -0.10725 0.993803 0.0292146 3.80633 0.993959 0.106488 0.0265104 20.5832
0.0244745 0.0304462 -0.999237 -147.165 -0.105736 0.994008 0.027697 3.82542 0.994092 0.104977 0.0275472 20.5797
0.0249734 0.0297158 -0.999246 -148.406 -0.104294 0.994181 0.0269586 3.84353 0.994232 0.103542 0.0279274 20.5767
0.0248353 0.0302435 -0.999234 -149.662 -0.102265 0.994375 0.0275547 3.85132 0.994446 0.101502 0.0277886 20.5949
0.0244242 0.0285843 -0.999293 -150.927 -0.100346 0.994613 0.0259978 3.86464 0.994651 0.0996397 0.0271611 20.6241
0.0256861 0.0290808 -0.999247 -152.189 -0.0997522 0.994662 0.0263832 3.87591 0.994679 0.0989994 0.02845 20.6144
0.0257938 0.0322711 -0.999146 -153.395 -0.0976192 0.994783 0.02961 3.87428 0.994888 0.0967722 0.0288097 20.6097
0.0253434 0.0338834 -0.999104 -154.628 -0.0951775 0.994967 0.0313288 3.88445 0.995136 0.0942984 0.0284409 20.6222
0.0248708 0.0325698 -0.99916 -155.862 -0.0928113 0.995228 0.0301314 3.89858 0.995372 0.0919841 0.0277751 20.6505
0.0236145 0.0326463 -0.999188 -157.109 -0.0934672 0.995161 0.0303058 3.9203 0.995341 0.0926757 0.0265517 20.6793
0.0227177 0.0372269 -0.999048 -158.327 -0.0942602 0.994935 0.0349301 3.94155 0.995287 0.0933771 0.0261118 20.706
0.0230233 0.0432323 -0.9988 -159.628 -0.0989609 0.994256 0.0407544 3.98074 0.994824 0.0979039 0.0271695 20.7319
0.0245404 0.0434693 -0.998753 -160.826 -0.103941 0.99375 0.0406976 4.00873 0.994279 0.102812 0.0289054 20.7224
0.0268234 0.0408015 -0.998807 -162.056 -0.108546 0.993378 0.0376646 4.02548 0.993728 0.107407 0.0310747 20.7067
0.0292086 0.0365798 -0.998904 -163.293 -0.110957 0.993273 0.0331291 4.03617 0.993395 0.109868 0.033071 20.6989
0.0307151 0.0358758 -0.998884 -164.537 -0.114039 0.992956 0.0321562 4.04978 0.993 0.112924 0.0345901 20.6992
0.0319421 0.0326467 -0.998956 -165.704 -0.109034 0.993615 0.0289857 4.05998 0.993523 0.107994 0.0352978 20.7146
0.0321186 0.0283061 -0.999083 -167.004 -0.105767 0.994082 0.0247642 4.07661 0.993871 0.104874 0.0349225 20.7647
0.0332279 0.0251313 -0.999132 -168.177 -0.101037 0.994647 0.0216583 4.08268 0.994326 0.100229 0.0355893 20.7509
0.0319395 0.0278513 -0.999101 -169.434 -0.0991746 0.994767 0.02456 4.09885 0.994556 0.0983011 0.0345346 20.793
0.0308116 0.0342277 -0.998939 -170.72 -0.0995515 0.994549 0.0310067 4.11097 0.994554 0.0984905 0.0340512 20.8665
0.0316639 0.0377695 -0.998784 -171.932 -0.101329 0.994259 0.0343859 4.12374 0.994348 0.100117 0.0353094 20.892
0.0354454 0.0352497 -0.99875 -173.14 -0.103244 0.99416 0.0314236 4.14125 0.994023 0.102001 0.0388778 20.88
0.0358665 0.035401 -0.998729 -174.385 -0.105575 0.993914 0.0314389 4.16452 0.993763 0.104314 0.0393859 20.9204
0.036714 0.0364203 -0.998662 -175.588 -0.103806 0.994068 0.0324365 4.17975 0.993918 0.102476 0.0402769 20.9444
0.0372791 0.0344977 -0.998709 -176.806 -0.104174 0.994093 0.0304497 4.19719 0.993859 0.102904 0.0406528 20.9822
0.0384533 0.0326076 -0.998728 -177.975 -0.104015 0.994168 0.0284539 4.21681 0.993831 0.102789 0.0416209 21.0283
0.03926 0.0341923 -0.998644 -179.156 -0.105262 0.993995 0.0298949 4.23136 0.993668 0.103946 0.0426236 21.0815
0.0400955 0.0359956 -0.998547 -180.288 -0.10526 0.993942 0.031603 4.24187 0.993635 0.10384 0.0436417 21.1236
0.0398411 0.0374798 -0.998503 -181.425 -0.105589 0.993859 0.0330924 4.24853 0.99361 0.104113 0.043554 21.1796
0.04052 0.0388385 -0.998423 -182.494 -0.105627 0.993811 0.0343723 4.25671 0.993578 0.104068 0.0443718 21.2031
0.040991 0.0398141 -0.998366 -183.53 -0.105275 0.993816 0.0353102 4.26653 0.993596 0.103656 0.0449291 21.2168
0.0418718 0.0389609 -0.998363 -184.539 -0.104918 0.993886 0.0343859 4.27821 0.993598 0.103306 0.0457036 21.2363
0.0436569 0.0388046 -0.998293 -185.5 -0.105605 0.993826 0.0340127 4.29175 0.993448 0.103939 0.0474855 21.2484
0.044767 0.0395061 -0.998216 -186.523 -0.105844 0.993781 0.0345837 4.30556 0.993373 0.104107 0.0486702 21.3066
0.0441479 0.0379238 -0.998305 -187.479 -0.10452 0.993971 0.033137 4.3128 0.993541 0.10288 0.0478457 21.343
0.040618 0.0350566 -0.998559 -188.43 -0.102762 0.994231 0.0307247 4.31737 0.993875 0.101366 0.0439863 21.3853
0.0350242 0.0315288 -0.998889 -189.374 -0.1021 0.994385 0.0278067 4.32129 0.994156 0.101013 0.0380468 21.427
0.030063 0.0290072 -0.999127 -190.318 -0.103483 0.994298 0.0257532 4.32379 0.994175 0.102618 0.0328934 21.4515
0.0261573 0.0278865 -0.999269 -191.344 -0.105468 0.994109 0.0249817 4.33932 0.994077 0.104738 0.0289445 21.486
0.0236176 0.0286013 -0.999312 -192.3 -0.107181 0.993902 0.0259133 4.34738 0.993957 0.106495 0.0265392 21.4971
0.0212877 0.030624 -0.999304 -193.242 -0.10582 0.993985 0.0282068 4.34637 0.994156 0.105146 0.0244005 21.5221
0.0191996 0.0323915 -0.999291 -194.163 -0.102671 0.994255 0.0302556 4.34694 0.994528 0.102018 0.0224151 21.5402
0.0173358 0.0326694 -0.999316 -195.118 -0.101187 0.994392 0.0307531 4.3576 0.994715 0.100585 0.0205444 21.5627
0.0168491 0.0314739 -0.999362 -196.02 -0.101718 0.994373 0.0296018 4.37002 0.994669 0.101155 0.0199559 21.5577
0.0152362 0.030196 -0.999428 -196.923 -0.103442 0.994228 0.028462 4.38239 0.994517 0.102949 0.018272 21.5785
0.0145858 0.0292647 -0.999465 -197.822 -0.106646 0.993915 0.0275458 4.39712 0.994188 0.106187 0.0176182 21.5941
0.0152261 0.0275612 -0.999504 -198.775 -0.109157 0.993691 0.025738 4.40663 0.993906 0.108711 0.0181387 21.6043
0.0158552 0.0251723 -0.999557 -199.678 -0.109165 0.993751 0.0232944 4.4113 0.993896 0.108747 0.0185043 21.6114
0.0163998 0.0227968 -0.999605 -200.575 -0.108918 0.993831 0.0208782 4.41247 0.993914 0.108533 0.0187818 21.616
0.0179425 0.0225047 -0.999585 -201.54 -0.109208 0.993809 0.0204143 4.41689 0.993855 0.108797 0.0202893 21.6139
0.0184377 0.0253114 -0.999509 -202.478 -0.106382 0.994054 0.0232108 4.41674 0.994153 0.105902 0.0210209 21.6296
0.0187031 0.0269519 -0.999461 -203.421 -0.105574 0.994101 0.0248317 4.41364 0.994234 0.105053 0.0214384 21.6391
0.0200671 0.0239817 -0.999511 -204.397 -0.100453 0.994702 0.0218495 4.40852 0.994738 0.0999655 0.02237 21.6509
0.0211523 0.0212434 -0.99955 -205.314 -0.0988464 0.99492 0.0190532 4.40655 0.994876 0.098399 0.0231449 21.6503
0.0229134 0.0235105 -0.999461 -206.261 -0.101665 0.994596 0.0210653 4.39288 0.994553 0.101127 0.0251799 21.6413
0.0251734 0.0282699 -0.999283 -207.224 -0.103057 0.994348 0.0255341 4.38389 0.994355 0.10234 0.0279447 21.649
0.0283079 0.027996 -0.999207 -208.205 -0.101352 0.994537 0.0249938 4.39001 0.994446 0.100564 0.0309909 21.6562
0.0310936 0.029567 -0.999079 -209.186 -0.100498 0.99459 0.0263064 4.39748 0.994449 0.0995872 0.0338969 21.6782
0.0332178 0.0345451 -0.998851 -210.171 -0.101185 0.994384 0.0310256 4.41008 0.994311 0.100038 0.0365268 21.702
0.0361107 0.0378288 -0.998631 -211.157 -0.0977785 0.994623 0.0341412 4.43183 0.994551 0.0964118 0.0396155 21.7136
0.0358365 0.0369522 -0.998674 -212.126 -0.0964893 0.994775 0.0333455 4.45983 0.994687 0.0951664 0.0392149 21.7772
0.036754 0.0369146 -0.998642 -213.161 -0.0992607 0.994511 0.0331087 4.49005 0.994381 0.0979091 0.0402165 21.8319
0.0390349 0.0378529 -0.99852 -214.182 -0.101489 0.994265 0.0337241 4.51901 0.994069 0.100023 0.0426528 21.8739
0.041726 0.0373906 -0.998429 -215.193 -0.102221 0.994215 0.0329607 4.54379 0.993884 0.100685 0.0453069 21.9195
0.0442296 0.0345073 -0.998425 -216.242 -0.104465 0.994084 0.0297295 4.56868 0.993543 0.102985 0.0475728 21.9695
0.0466145 0.0307576 -0.998439 -217.288 -0.104755 0.994165 0.0257351 4.59482 0.993403 0.103392 0.0495647 22.023
0.0481661 0.0293543 -0.998408 -218.348 -0.103768 0.994307 0.0242276 4.61669 0.993433 0.102436 0.050938 22.0767
0.0496517 0.030884 -0.998289 -219.398 -0.103817 0.994267 0.025596 4.63669 0.993354 0.102369 0.0525735 22.1274
0.0505349 0.0335644 -0.998158 -220.479 -0.105823 0.993989 0.0280666 4.66051 0.993098 0.10421 0.0537831 22.1864
0.0513843 0.0330789 -0.998131 -221.562 -0.105409 0.994048 0.0275171 4.67664 0.993098 0.103798 0.0545654 22.2469
0.0512567 0.0299757 -0.998235 -222.645 -0.103526 0.994324 0.0245425 4.6922 0.993303 0.102085 0.0540692 22.3186
0.0509883 0.0268286 -0.998339 -223.721 -0.100651 0.994688 0.0215899 4.70287 0.993612 0.0993833 0.0534179 22.3768
0.0510578 0.0257188 -0.998364 -224.816 -0.0996352 0.994812 0.0205317 4.71433 0.993711 0.098424 0.0533555 22.4261
0.0504333 0.0247653 -0.99842 -225.937 -0.0994241 0.994851 0.0196545 4.72339 0.993764 0.0982758 0.052636 22.4917
0.0501939 0.0248342 -0.99843 -227.064 -0.0998738 0.994805 0.0197231 4.73222 0.993731 0.0987271 0.0524135 22.5524
0.0497131 0.0255991 -0.998435 -228.175 -0.10213 0.994562 0.0204146 4.74224 0.993526 0.100956 0.0520573 22.6022
0.0492261 0.0280588 -0.998393 -229.316 -0.103095 0.994409 0.0228636 4.75313 0.99345 0.101804 0.0518437 22.6503
0.0477727 0.0299729 -0.998408 -230.519 -0.10359 0.994309 0.0248932 4.76262 0.99347 0.102235 0.0506058 22.728
0.0484706 0.0319647 -0.998313 -231.622 -0.104911 0.994122 0.0267368 4.77921 0.993297 0.103438 0.0515393 22.7262
0.0487679 0.0327783 -0.998272 -232.777 -0.106585 0.993925 0.0274286 4.80772 0.993105 0.105063 0.0519654 22.7459
0.0485658 0.0314396 -0.998325 -233.93 -0.108463 0.99376 0.0260194 4.83291 0.992911 0.107018 0.051673 22.77
0.0485072 0.0267429 -0.998465 -235.058 -0.10647 0.994085 0.021453 4.8495 0.99313 0.105266 0.0510677 22.7805
0.0467183 0.0206252 -0.998695 -236.257 -0.102967 0.994561 0.0157231 4.85663 0.993585 0.102098 0.048588 22.8503
0.0460548 0.0167168 -0.998799 -237.387 -0.0976126 0.99515 0.0121548 4.84862 0.994156 0.0969356 0.0474633 22.8625
0.0447432 0.0168487 -0.998856 -238.587 -0.0913055 0.995742 0.0127061 4.84792 0.994815 0.0906326 0.0460912 22.8951
0.0442374 0.0209113 -0.998802 -239.751 -0.0867502 0.996085 0.0170122 4.84518 0.995245 0.0858938 0.0458784 22.8996
0.0417314 0.0236304 -0.998849 -240.969 -0.0847803 0.996198 0.0200256 4.84442 0.995523 0.0838472 0.0435763 22.9531
0.0398868 0.0231259 -0.998936 -242.176 -0.0826317 0.996384 0.0197674 4.84646 0.995779 0.0817555 0.0416536 22.989
0.0407227 0.0236527 -0.99889 -243.412 -0.0828236 0.996359 0.0202162 4.86502 0.995729 0.0819086 0.0425336 22.9743
0.0394608 0.024967 -0.998909 -244.645 -0.0822672 0.996375 0.0216538 4.8767 0.995826 0.0813231 0.0413719 23.0027
0.0363562 0.024267 -0.999044 -245.839 -0.0817132 0.99643 0.0212299 4.88692 0.99599 0.0808634 0.0382095 23.06
0.0356592 0.022739 -0.999105 -247.105 -0.0818226 0.996451 0.0197582 4.90006 0.996006 0.081045 0.0373933 23.0731
0.0325335 0.0224499 -0.999218 -248.35 -0.0809119 0.996526 0.0197549 4.90963 0.996188 0.0802061 0.0342371 23.1238
0.0290005 0.0230318 -0.999314 -249.593 -0.0811883 0.996486 0.0206104 4.91899 0.996274 0.080535 0.0307687 23.172
0.0246448 0.0224959 -0.999443 -250.845 -0.0812213 0.996487 0.0204265 4.93831 0.996389 0.0806728 0.0263856 23.2333
0.0211652 0.0235261 -0.999499 -252.125 -0.0818136 0.996411 0.0217209 4.9478 0.99642 0.081313 0.0230142 23.2683
0.0178271 0.0252494 -0.999522 -253.414 -0.0834299 0.996232 0.0236782 4.95916 0.996352 0.082968 0.0198667 23.2976
0.016783 0.0260251 -0.99952 -254.668 -0.0850315 0.996077 0.0245076 4.96673 0.996234 0.0845795 0.0189303 23.3027
0.0155894 0.0260236 -0.999539 -255.961 -0.0878818 0.995828 0.0245563 4.98089 0.996006 0.0874586 0.0178116 23.3186
0.014822 0.0258236 -0.999556 -257.231 -0.088702 0.995759 0.0244101 4.99078 0.995945 0.0883009 0.0170499 23.3415
0.0146085 0.024819 -0.999585 -258.525 -0.0883898 0.99581 0.0234335 4.99799 0.995976 0.0880109 0.0167413 23.3588
0.0166717 0.0243597 -0.999564 -259.733 -0.0865828 0.995983 0.0228283 4.9923 0.996102 0.0861646 0.018714 23.3245
0.0179128 0.0248032 -0.999532 -260.992 -0.0858578 0.996038 0.0231778 4.9873 0.996144 0.0854025 0.0199716 23.309
0.0176445 0.0253248 -0.999523 -262.26 -0.0852397 0.996078 0.0237327 4.99336 0.996202 0.0847804 0.0197341 23.3258
0.0185875 0.0253625 -0.999505 -263.557 -0.0838693 0.996194 0.0237188 5.00045 0.996301 0.0833871 0.0206441 23.3264
0.0182761 0.0260503 -0.999493 -264.79 -0.0828998 0.996258 0.0244501 5.00644 0.996387 0.0824111 0.0203674 23.3452
0.0205214 0.0270262 -0.999424 -266.055 -0.080173 0.99646 0.0252998 5.01538 0.996567 0.0796077 0.0226157 23.3232
0.0203765 0.0292419 -0.999364 -267.328 -0.0757158 0.996747 0.0276215 5.02346 0.996918 0.075105 0.0225245 23.3424
0.0195415 0.0319535 -0.999298 -268.567 -0.0719579 0.996942 0.030471 5.04008 0.997213 0.0713121 0.0217812 23.3754
0.0190461 0.0338077 -0.999247 -269.836 -0.0693963 0.997062 0.0324111 5.05959 0.997405 0.0687269 0.0213365 23.4026
0.0175245 0.0322544 -0.999326 -271.095 -0.0684635 0.997172 0.0309843 5.07406 0.997497 0.0678746 0.0196834 23.4437
0.0179965 0.0308211 -0.999363 -272.33 -0.0708485 0.997051 0.0294739 5.08987 0.997322 0.0702731 0.0201272 23.4518
0.0165248 0.0339098 -0.999288 -273.597 -0.0758444 0.996588 0.0325639 5.11322 0.99698 0.0752524 0.0190405 23.4755
0.0154356 0.0396498 -0.999094 -274.833 -0.0805399 0.996016 0.0382833 5.13625 0.996629 0.0798761 0.0185677 23.501
0.015609 0.0391454 -0.999111 -276.086 -0.0846292 0.995699 0.0376895 5.16356 0.996287 0.0839658 0.018855 23.5083
0.0157773 0.0324439 -0.999349 -277.332 -0.0843906 0.99595 0.0310012 5.18272 0.996305 0.0838467 0.0184516 23.5191
0.0143482 0.0269223 -0.999534 -278.573 -0.0812893 0.99636 0.0256699 5.19381 0.996584 0.0808832 0.0164846 23.5473
0.0132884 0.0258399 -0.999577 -279.827 -0.075043 0.996872 0.0247723 5.20357 0.997089 0.0746823 0.0151861 23.5795
0.0146079 0.0271421 -0.999525 -281.066 -0.0717844 0.99708 0.0260265 5.21707 0.99731 0.0713703 0.0165139 23.5891
0.0158225 0.0290736 -0.999452 -282.299 -0.0711119 0.997079 0.0278788 5.22892 0.99734 0.070632 0.017844 23.6034
0.0181046 0.0323457 -0.999312 -283.53 -0.0732463 0.996834 0.0309385 5.22918 0.997147 0.072636 0.0204167 23.5863
0.0205642 0.0345119 -0.999192 -284.741 -0.0749173 0.996647 0.0328821 5.23358 0.996975 0.0741808 0.023081 23.5561
0.0225212 0.0365724 -0.999077 -286.016 -0.0762129 0.996485 0.0347595 5.24382 0.996834 0.0753599 0.0252295 23.5606
0.0243676 0.0359825 -0.999055 -287.249 -0.0752575 0.996582 0.0340578 5.26192 0.996864 0.0743566 0.0269924 23.5536
0.0261796 0.0350276 -0.999043 -288.48 -0.0757953 0.996579 0.0329549 5.27183 0.996777 0.0748601 0.0287452 23.5401
0.0272548 0.0345174 -0.999032 -289.716 -0.0751325 0.996647 0.0323853 5.27769 0.996798 0.0741773 0.029757 23.5338
0.0285097 0.0349907 -0.998981 -290.932 -0.0755613 0.996603 0.0327509 5.28453 0.996731 0.0745507 0.031057 23.5246
0.0305643 0.0352319 -0.998911 -292.162 -0.0757003 0.99659 0.0328338 5.29573 0.996659 0.0746145 0.0331273 23.5173
0.0324519 0.0352942 -0.99885 -293.407 -0.0775928 0.996449 0.0326885 5.33036 0.996454 0.0764429 0.0350754 23.5135
0.0336718 0.035692 -0.998795 -294.592 -0.0771434 0.996473 0.0330083 5.34102 0.996448 0.0759391 0.0363066 23.5128
0.0340207 0.0343813 -0.998829 -295.85 -0.0774462 0.996493 0.031663 5.35925 0.996413 0.0762785 0.0365643 23.5371
0.0333073 0.032173 -0.998927 -297.096 -0.0777039 0.99654 0.0295052 5.37105 0.996417 0.0766379 0.0356922 23.5755
0.0325011 0.0296724 -0.999031 -298.304 -0.0796025 0.996461 0.0270063 5.38354 0.996294 0.0786477 0.0347482 23.6015
0.0333107 0.0283807 -0.999042 -299.506 -0.0821104 0.996295 0.0255648 5.40359 0.996063 0.0811803 0.0355178 23.5939
0.0339648 0.0286988 -0.999011 -300.741 -0.085872 0.995975 0.0256921 5.41886 0.995724 0.0849145 0.0362926 23.5962
0.0347457 0.0301953 -0.99894 -301.986 -0.0900602 0.995571 0.0269609 5.43256 0.995327 0.089028 0.0373114 23.602
0.0349404 0.0313382 -0.998898 -303.224 -0.0942017 0.995161 0.0279258 5.4517 0.994937 0.0931222 0.0377236 23.6131
0.0354964 0.0313485 -0.998878 -304.456 -0.0961523 0.994978 0.0278091 5.47248 0.994731 0.0950574 0.0383325 23.6231
0.0357029 0.0294155 -0.998929 -305.69 -0.0962855 0.995018 0.0258589 5.4865 0.99471 0.0952592 0.0383575 23.6368
0.0351572 0.027084 -0.999014 -307.013 -0.0938426 0.995305 0.0236809 5.50001 0.994963 0.0929177 0.0375339 23.6894
0.0338517 0.0266212 -0.999072 -308.28 -0.091139 0.995562 0.0234396 5.50996 0.99526 0.0902611 0.0361278 23.7313
0.0354238 0.0283225 -0.998971 -309.511 -0.0891363 0.995704 0.025069 5.53015 0.995386 0.0881566 0.0377964 23.704
0.0354483 0.0296066 -0.998933 -310.816 -0.0874635 0.995817 0.0264105 5.53964 0.995534 0.0864341 0.0378897 23.7288
0.0356838 0.0292453 -0.998935 -312.136 -0.0889197 0.9957 0.0259742 5.55033 0.995396 0.0878983 0.038131 23.762
0.0383916 0.0277874 -0.998876 -313.373 -0.0906965 0.995584 0.0242099 5.5667 0.995135 0.0896653 0.0407424 23.7424
0.0414668 0.0270638 -0.998773 -314.578 -0.0909394 0.995586 0.0232019 5.58394 0.99499 0.0898658 0.0437451 23.7241
0.04337 0.0260426 -0.998719 -315.827 -0.0895168 0.99574 0.0220775 5.60021 0.995038 0.0884448 0.0455167 23.7571
0.0431799 0.0262843 -0.998721 -317.084 -0.086724 0.995979 0.0224626 5.61282 0.995293 0.0856433 0.0452859 23.821
0.0431691 0.0264188 -0.998718 -318.321 -0.0835548 0.996243 0.0227417 5.62322 0.995565 0.0824661 0.0452145 23.8787
0.0432313 0.0265242 -0.998713 -319.6 -0.0821846 0.996354 0.022904 5.63403 0.995676 0.0810888 0.0452537 23.9378
0.0439055 0.0256478 -0.998706 -320.86 -0.0815103 0.996429 0.0220059 5.64465 0.995702 0.0804388 0.0458394 23.9874
