1 0 0 0 0 1 0 0 0 0 1 0
0.999849 -0.00532032 0.0165643 -0.237672 0.00541541 0.999969 -0.00570142 0.0830085 -0.0165335 0.00579026 0.999847 0.236362
0.999716 -0.00777392 0.0225299 -0.217915 0.0079144 0.99995 -0.00615244 0.0819844 -0.0224809 0.00632901 0.999727 0.511531
0.999669 -0.0107877 0.0233756 -0.186962 0.0109728 0.999909 -0.0078057 0.0823825 -0.0232893 0.00805961 0.999696 0.81073
0.99968 -0.0120249 0.0222574 -0.20473 0.0122409 0.999879 -0.0095932 0.0814163 -0.0221394 0.00986258 0.999706 1.14071
0.99977 -0.0141329 0.0161062 -0.21582 0.0143095 0.999838 -0.0109003 0.0770549 -0.0159495 0.0111282 0.999811 1.4557
0.999849 -0.0169532 0.00395059 -0.219559 0.0170139 0.999729 -0.0158829 0.112723 -0.00368025 0.0159477 0.999866 1.78023
0.999795 -0.0163873 -0.0118869 -0.257857 0.0161809 0.99972 -0.0172577 0.120049 0.0121664 0.0170618 0.99978 2.08896
0.999444 -0.0128028 -0.0307739 -0.298349 0.0122221 0.999745 -0.0189827 0.130013 0.0310091 0.0185961 0.999346 2.43634
0.998823 -0.00862177 -0.0477243 -0.393088 0.00764037 0.999756 -0.0207084 0.129172 0.0478912 0.0203194 0.998646 2.81874
0.997678 -0.0087668 -0.0675449 -0.438784 0.00728212 0.999727 -0.0221955 0.130267 0.0677211 0.0216521 0.997469 3.17726
0.996394 -0.00946392 -0.0843194 -0.563508 0.00769773 0.999745 -0.0212471 0.11356 0.0844989 0.0205214 0.996212 3.5822
0.994587 -0.0114255 -0.103283 -0.623701 0.00936588 0.999748 -0.0204044 0.0979372 0.10349 0.0193266 0.994443 3.93634
0.992947 -0.0103214 -0.118106 -0.733682 0.00812567 0.999785 -0.0190579 0.0694497 0.118278 0.0179638 0.992818 4.32861
0.991082 -0.0093845 -0.132922 -0.811638 0.00708955 0.999818 -0.0177281 0.0452228 0.133064 0.0166276 0.990968 4.72097
0.989332 -0.00920094 -0.145391 -0.903273 0.00677172 0.999829 -0.0171943 0.0226988 0.145524 0.0160263 0.989225 5.13795
0.987614 -0.0106685 -0.156539 -0.996811 0.00795436 0.999807 -0.0179549 0.00521725 0.1567 0.0164873 0.987509 5.56731
0.985929 -0.014524 -0.166534 -1.08247 0.0113955 0.99974 -0.0197262 -0.0136965 0.166777 0.0175509 0.985838 6.03559
0.984366 -0.0135435 -0.175616 -1.15947 0.00997076 0.999725 -0.0212108 -0.0285658 0.175855 0.0191281 0.98423 6.48794
0.983011 -0.0144998 -0.182973 -1.25598 0.010507 0.999685 -0.0227726 -0.0476012 0.183245 0.0204632 0.982854 6.96699
0.981734 -0.0141061 -0.189736 -1.37704 0.00922788 0.999604 -0.0265697 -0.0493928 0.190035 0.0243335 0.981476 7.45276
0.98029 -0.0172967 -0.196807 -1.47618 0.0119399 0.999526 -0.0283726 -0.0672904 0.197204 0.0254636 0.980032 7.9559
0.978427 -0.0232627 -0.205279 -1.55394 0.0175226 0.999404 -0.0297363 -0.0852692 0.205849 0.0254978 0.978252 8.46435
0.976696 -0.0239738 -0.213285 -1.66308 0.0176873 0.999352 -0.0313344 -0.117563 0.213898 0.0268318 0.976488 8.95003
0.97527 -0.0203313 -0.220079 -1.85531 0.0124162 0.999227 -0.0372889 -0.115474 0.220667 0.0336342 0.974769 9.52026
0.972503 -0.018461 -0.232159 -1.94648 0.00947073 0.999163 -0.0397799 -0.143182 0.232699 0.0364873 0.971864 10.0774
0.970033 -0.023547 -0.24183 -2.07519 0.0139049 0.999041 -0.041501 -0.175008 0.242576 0.0368947 0.969431 10.6405
0.968098 -0.0246178 -0.249361 -2.24159 0.0144033 0.998984 -0.0427051 -0.211772 0.250158 0.0377511 0.967469 11.2332
0.965762 -0.0248887 -0.258233 -2.40558 0.0136735 0.998887 -0.0451361 -0.244001 0.259069 0.0400598 0.965028 11.8412
0.963389 -0.0250763 -0.266933 -2.56238 0.0126412 0.998757 -0.0482023 -0.277769 0.26781 0.0430633 0.962509 12.4257
0.960969 -0.02635 -0.2754 -2.73162 0.0120895 0.998502 -0.0533512 -0.306791 0.276393 0.0479394 0.959848 13.0374
0.959652 -0.0262319 -0.279963 -2.92513 0.00950408 0.998096 -0.0609416 -0.354937 0.281029 0.0558219 0.958075 13.6204
0.95791 -0.0276111 -0.285738 -3.09207 0.00830681 0.997613 -0.0685523 -0.395974 0.286949 0.0632934 0.955853 14.2709
0.956244 -0.0280806 -0.29122 -3.26799 0.00590054 0.997032 -0.076763 -0.447853 0.292511 0.0716858 0.953571 14.9174
0.954786 -0.0284925 -0.295927 -3.47278 0.00323892 0.996334 -0.085479 -0.497192 0.297278 0.0806556 0.951378 15.5696
0.953462 -0.0281365 -0.300199 -3.69373 0.000233099 0.995705 -0.0925833 -0.555905 0.301515 0.0882046 0.949373 16.2284
0.95109 -0.0259097 -0.307826 -3.88757 -0.0050663 0.995034 -0.099405 -0.618419 0.308873 0.0961026 0.946235 16.9302
0.949244 -0.0248511 -0.313558 -4.0862 -0.00905516 0.994301 -0.106217 -0.674386 0.314411 0.103665 0.94361 17.5752
0.947113 -0.0219954 -0.320144 -4.30484 -0.0148652 0.99357 -0.11224 -0.744367 0.320555 0.111063 0.940696 18.2667
0.944677 -0.0208796 -0.327335 -4.53753 -0.0184043 0.993025 -0.116456 -0.814268 0.327484 0.116038 0.937704 19.0173
0.942469 -0.0199945 -0.333694 -4.74778 -0.021025 0.992688 -0.118863 -0.880821 0.333631 0.11904 0.935158 19.6976
0.940506 -0.0199758 -0.33919 -5.01089 -0.021769 0.992676 -0.118823 -0.96706 0.33908 0.119137 0.933183 20.3804
0.938602 -0.0197177 -0.344439 -5.31105 -0.0223999 0.992776 -0.117872 -1.06075 0.344275 0.118351 0.931379 21.0943
0.936208 -0.0200441 -0.350875 -5.60457 -0.0224797 0.992912 -0.116702 -1.15347 0.350727 0.117145 0.929122 21.8194
0.933681 -0.0189368 -0.357606 -5.94465 -0.0239871 0.993051 -0.115215 -1.23542 0.357303 0.116152 0.926738 22.556
0.930351 -0.0167215 -0.366289 -6.25263 -0.0256857 0.993533 -0.110596 -1.32406 0.36577 0.112301 0.923905 23.3178
0.927632 -0.0139001 -0.373236 -6.6083 -0.0269797 0.994202 -0.104081 -1.43546 0.372519 0.106619 0.92188 24.0621
0.924177 -0.00810882 -0.381879 -6.93832 -0.0331456 0.9943 -0.101328 -1.52073 0.380524 0.106302 0.918641 24.8065
0.920737 -0.00799033 -0.390101 -7.29635 -0.0337459 0.994413 -0.100017 -1.60596 0.388721 0.105254 0.915324 25.593
0.916746 -0.00842367 -0.399381 -7.63973 -0.0342038 0.994451 -0.0994868 -1.6886 0.398003 0.104865 0.911371 26.3593
0.912714 -0.00881814 -0.408504 -7.96619 -0.0344157 0.994555 -0.0983632 -1.77214 0.407148 0.103836 0.907441 27.1199
0.909375 -0.00690758 -0.415919 -8.33419 -0.0365912 0.994658 -0.0965233 -1.86917 0.414364 0.102995 0.904265 27.8828
0.904621 -0.00907252 -0.426121 -8.68087 -0.0339254 0.995068 -0.0932068 -1.96486 0.424865 0.0987732 0.899852 28.6923
0.900216 -0.00785283 -0.435372 -9.04478 -0.0348977 0.99532 -0.0901104 -2.04645 0.434043 0.0963124 0.895729 29.4929
0.895699 -0.0042462 -0.44464 -9.43833 -0.0376468 0.99564 -0.0853452 -2.13003 0.443064 0.093183 0.891634 30.3208
0.891047 -0.00440621 -0.453889 -9.8894 -0.0365539 0.996008 -0.0814294 -2.21586 0.452436 0.0891489 0.88733 31.1984
0.884628 -0.00819608 -0.466225 -10.2496 -0.0325967 0.996312 -0.0793646 -2.28609 0.465156 0.0854056 0.881099 32.0646
0.877995 -0.010747 -0.478549 -10.6386 -0.0299881 0.996549 -0.0773992 -2.36036 0.47773 0.0823069 0.874643 32.9588
0.868063 -0.0105941 -0.49634 -10.9965 -0.0317903 0.996534 -0.0768693 -2.44325 0.495435 0.0825063 0.864718 33.92
0.857788 -0.0110163 -0.513886 -11.3946 -0.0333742 0.996466 -0.0770703 -2.52724 0.51292 0.0832605 0.854389 34.8903
0.847124 -0.0123682 -0.531251 -11.846 -0.0340251 0.996415 -0.0774535 -2.61661 0.530305 0.0836886 0.843666 35.867
0.837554 -0.0166571 -0.5461 -12.3162 -0.0312104 0.996444 -0.078261 -2.68511 0.545462 0.0825918 0.834056 36.8203
0.831918 -0.0205422 -0.554519 -12.8597 -0.0282576 0.996449 -0.0793071 -2.74557 0.554179 0.0816463 0.828384 37.7479
0.829602 -0.0186024 -0.558045 -13.4392 -0.0304959 0.996443 -0.0785524 -2.84635 0.557521 0.0821853 0.826084 38.6435
0.826169 -0.0195586 -0.563083 -13.8701 -0.0283414 0.996689 -0.076203 -2.93701 0.562709 0.0789151 0.822879 39.5169
0.825637 -0.0205742 -0.563827 -14.4611 -0.0271674 0.996725 -0.0761532 -3.01856 0.563548 0.0781926 0.822375 40.3803
0.825631 -0.0234121 -0.563724 -15.0544 -0.0248857 0.996655 -0.0778398 -3.09628 0.563661 0.0782956 0.822287 41.2169
0.823704 -0.0260523 -0.566422 -15.661 -0.0223329 0.996678 -0.0783188 -3.18112 0.56658 0.0771613 0.820386 42.104
0.821564 -0.0265685 -0.569497 -16.2498 -0.0211783 0.996801 -0.0770555 -3.26352 0.569722 0.075367 0.818374 42.983
0.818524 -0.0259109 -0.573887 -16.8299 -0.0196104 0.997139 -0.0729908 -3.3617 0.574137 0.0709989 0.815675 43.8586
0.814647 -0.0260664 -0.579371 -17.4161 -0.0169418 0.997493 -0.0686998 -3.45537 0.579709 0.0657817 0.812164 44.73
0.80929 -0.0259772 -0.586834 -18.0396 -0.0161529 0.997659 -0.0664391 -3.54803 0.587187 0.0632476 0.806977 45.6312
0.803589 -0.0292277 -0.594466 -18.6716 -0.0142785 0.997559 -0.0683478 -3.64306 0.595013 0.0634116 0.80121 46.4812
0.796515 -0.0337205 -0.603678 -19.3152 -0.0124035 0.997322 -0.0720744 -3.71765 0.604492 0.064896 0.793963 47.3356
0.790305 -0.0327611 -0.611837 -19.9582 -0.0131772 0.997429 -0.0704287 -3.82136 0.612572 0.0637225 0.787842 48.1377
0.784551 -0.0295244 -0.619362 -20.6336 -0.0133578 0.997829 -0.0644861 -3.92067 0.619921 0.0588659 0.782453 48.9571
0.778751 -0.0238049 -0.626881 -21.3517 -0.0173004 0.998084 -0.0593924 -4.01382 0.627095 0.0570972 0.776848 49.8224
0.773169 -0.0227283 -0.633793 -21.9648 -0.0196008 0.998023 -0.059701 -4.10786 0.633898 0.0585818 0.771195 50.6276
0.768991 -0.0263277 -0.638717 -22.6387 -0.0187116 0.997796 -0.063657 -4.19424 0.638986 0.0609031 0.766804 51.4432
0.766002 -0.0276685 -0.642243 -23.4024 -0.0222311 0.997335 -0.0694812 -4.29049 0.642454 0.0675005 0.763346 52.3089
0.763416 -0.0285476 -0.645276 -24.0817 -0.0224636 0.997245 -0.0706953 -4.37653 0.645516 0.0684651 0.760672 53.0395
0.758981 -0.0274527 -0.650534 -24.76 -0.0207148 0.997586 -0.0662663 -4.47695 0.650783 0.0637706 0.756581 53.8461
0.759937 -0.0242088 -0.649546 -25.5619 -0.0215411 0.997819 -0.0623911 -4.53501 0.64964 0.0614053 0.757758 54.5877
0.757477 -0.0218505 -0.652496 -26.2888 -0.0222286 0.997997 -0.0592255 -4.62379 0.652483 0.059366 0.755474 55.365
0.752872 -0.0220732 -0.657797 -26.974 -0.0228546 0.997957 -0.0596457 -4.70503 0.65777 0.0599393 0.75083 56.1912
0.74947 -0.0226328 -0.661651 -27.6977 -0.0236362 0.997863 -0.0609068 -4.78172 0.661616 0.0612868 0.747334 56.9772
0.745951 -0.0241925 -0.665561 -28.4019 -0.0239611 0.997718 -0.0631212 -4.87108 0.66557 0.0630329 0.743669 57.7315
0.741451 -0.0259339 -0.670506 -29.119 -0.0223656 0.997742 -0.0633228 -4.95961 0.670634 0.061947 0.739197 58.5147
0.736605 -0.0252547 -0.675852 -29.8711 -0.0236022 0.997734 -0.0630062 -5.03713 0.675912 0.0623623 0.734339 59.3075
0.730891 -0.0251788 -0.68203 -30.6185 -0.023872 0.997764 -0.062417 -5.11484 0.682077 0.0619014 0.728656 60.1137
0.724335 -0.0276629 -0.688893 -31.3667 -0.022617 0.997703 -0.063844 -5.19406 0.689077 0.0618251 0.722046 60.9144
0.717413 -0.0294036 -0.696027 -32.1201 -0.0213278 0.997713 -0.0641314 -5.28397 0.696322 0.0608534 0.715146 61.7183
0.711502 -0.0305842 -0.702018 -32.8896 -0.0216717 0.997622 -0.0654269 -5.35906 0.70235 0.0617653 0.709148 62.4698
0.706635 -0.0311889 -0.706891 -33.7388 -0.0230412 0.997484 -0.0670431 -5.43996 0.707204 0.0636626 0.704138 63.2293
0.699043 -0.033171 -0.71431 -34.4964 -0.0219784 0.997455 -0.0678282 -5.52572 0.714743 0.0631142 0.696534 64.0009
0.692123 -0.0342576 -0.720966 -35.3061 -0.0210574 0.997489 -0.0676119 -5.61267 0.721473 0.0619775 0.689664 64.7794
0.68502 -0.0349192 -0.727687 -36.1404 -0.0188688 0.997665 -0.0656369 -5.69796 0.728281 0.0586931 0.682761 65.5588
0.677603 -0.0354759 -0.734572 -36.9441 -0.017554 0.997771 -0.0643796 -5.78788 0.735219 0.0565185 0.67547 66.3195
0.670472 -0.0384715 -0.740937 -37.7882 -0.0134801 0.997858 -0.0640097 -5.87625 0.741813 0.0529046 0.668517 67.07
0.663517 -0.0411119 -0.74703 -38.6308 -0.011619 0.997802 -0.0652328 -5.96536 0.748071 0.0519628 0.661582 67.8125
0.656552 -0.0406031 -0.753187 -39.5031 -0.0132277 0.997776 -0.065319 -6.04963 0.754165 0.0528483 0.654555 68.561
0.649959 -0.0398889 -0.758922 -40.3011 -0.0135815 0.997852 -0.0640787 -6.13645 0.759848 0.0519558 0.648022 69.2883
0.645779 -0.039134 -0.762521 -41.1515 -0.0155306 0.997805 -0.0643621 -6.22148 0.763367 0.0534061 0.643754 69.9759
0.639874 -0.0416973 -0.767348 -41.9931 -0.0140804 0.997723 -0.065957 -6.29012 0.768352 0.0530087 0.63783 70.7037
0.6349 -0.044006 -0.77134 -42.8895 -0.0147039 0.997507 -0.0690121 -6.37614 0.772455 0.0551575 0.632671 71.4176
0.629664 -0.0471382 -0.775437 -43.8141 -0.0143207 0.997283 -0.0722526 -6.45587 0.776737 0.0565997 0.627278 72.1471
0.624248 -0.0478506 -0.779759 -44.6765 -0.0145982 0.997233 -0.0728829 -6.55772 0.78109 0.0568801 0.621823 72.8558
0.620605 -0.0476015 -0.782677 -45.6129 -0.0136558 0.997348 -0.0714855 -6.6505 0.784005 0.0550523 0.618309 73.5485
0.614551 -0.0486526 -0.787376 -46.5012 -0.011844 0.997414 -0.0708754 -6.73106 0.788789 0.0528822 0.612386 74.2638
0.60876 -0.0501012 -0.791771 -47.4023 -0.0116086 0.997334 -0.0720341 -6.81685 0.79327 0.0530429 0.606556 74.977
0.602855 -0.0522375 -0.796139 -48.2948 -0.00937161 0.997321 -0.0725341 -6.90311 0.797797 0.0511886 0.60075 75.6885
0.59772 -0.0535652 -0.799913 -49.237 -0.00766923 0.997337 -0.0725161 -6.99553 0.801669 0.0494791 0.595718 76.3956
0.594868 -0.0547019 -0.80196 -50.2317 -0.00598802 0.997352 -0.0724714 -7.09287 0.803802 0.0479131 0.592965 77.0645
0.590018 -0.0574853 -0.805341 -51.216 -0.00289732 0.997305 -0.0733104 -7.19762 0.807385 0.0455878 0.588262 77.7849
0.584803 -0.0625742 -0.808759 -52.1652 0.000571112 0.997051 -0.0767296 -7.29786 0.811176 0.0444098 0.583114 78.4846
0.579516 -0.0664345 -0.812249 -53.1617 0.00459603 0.996922 -0.07826 -7.40174 0.814948 0.0416198 0.578038 79.1868
0.572319 -0.0695878 -0.817073 -54.1198 0.00993174 0.996908 -0.077947 -7.51801 0.819972 0.0364956 0.57124 79.8637
0.563804 -0.0737527 -0.822609 -55.1177 0.0140325 0.996716 -0.0797449 -7.60032 0.82579 0.0334172 0.562987 80.5383
0.555027 -0.0739717 -0.828537 -56.1029 0.0166304 0.996826 -0.0778559 -7.7146 0.831667 0.0294332 0.554495 81.1856
0.545519 -0.0727692 -0.834933 -57.1897 0.0170752 0.996981 -0.0757362 -7.81609 0.837925 0.0270589 0.545115 81.8748
0.536391 -0.0720304 -0.84089 -58.2101 0.0161593 0.997045 -0.0750988 -7.9281 0.843815 0.0266941 0.53597 82.5145
0.526532 -0.0730134 -0.847014 -59.2759 0.0150446 0.996949 -0.0765857 -8.03971 0.850023 0.0275818 0.526024 83.1565
0.515807 -0.074868 -0.853427 -60.3134 0.0152592 0.996819 -0.0782246 -8.15345 0.856569 0.0273262 0.515309 83.7945
0.504938 -0.0761286 -0.859792 -61.3794 0.0153324 0.996737 -0.0792497 -8.26884 0.86302 0.0268335 0.504457 84.4315
0.493803 -0.0765634 -0.866197 -62.4306 0.0183094 0.996811 -0.0776705 -8.38165 0.869381 0.0224944 0.49363 85.0576
0.482778 -0.0762532 -0.872416 -63.4854 0.0193843 0.996888 -0.0764056 -8.49239 0.875528 0.0199757 0.482754 85.6701
0.471436 -0.0766749 -0.878561 -64.548 0.0182545 0.996848 -0.0772028 -8.60447 0.881712 0.0203584 0.471349 86.2684
0.461004 -0.0776145 -0.883997 -65.6612 0.0174583 0.996768 -0.0784111 -8.71873 0.887227 0.0207147 0.460869 86.8415
0.450841 -0.0781915 -0.889173 -66.7885 0.0161558 0.996707 -0.0794562 -8.83361 0.892459 0.0214568 0.45062 87.3988
0.440974 -0.0792908 -0.894011 -67.932 0.0155398 0.996615 -0.0807258 -8.95054 0.897386 0.0217053 0.440713 87.9469
0.429271 -0.0788459 -0.899728 -69.0185 0.0142026 0.996648 -0.0805631 -9.06715 0.903064 0.0218049 0.428952 88.5273
0.419741 -0.077362 -0.904341 -70.1882 0.0133369 0.996779 -0.0790793 -9.17093 0.907547 0.0211316 0.41942 89.0599
0.411371 -0.0766625 -0.908239 -71.3419 0.0147699 0.996886 -0.0774553 -9.27227 0.911349 0.0184482 0.411222 89.5845
0.402533 -0.0776924 -0.912103 -72.5036 0.0153262 0.996824 -0.078145 -9.37759 0.915277 0.0174769 0.402446 90.1105
0.393925 -0.0814651 -0.915525 -73.6699 0.01784 0.996554 -0.0809991 -9.48693 0.91897 0.0155746 0.394021 90.6262
0.385776 -0.0852329 -0.918647 -74.8335 0.0206277 0.996271 -0.0837725 -9.60053 0.922362 0.0133678 0.386096 91.1296
0.378114 -0.0881947 -0.921549 -76.0046 0.021224 0.996016 -0.0866131 -9.71272 0.925516 0.0131906 0.378479 91.6349
0.371964 -0.0916471 -0.923712 -77.176 0.0226546 0.995714 -0.0896682 -9.83913 0.927971 0.012427 0.372446 92.1198
0.369717 -0.0937548 -0.924402 -78.4001 0.0231798 0.995517 -0.0916966 -9.93634 0.928856 0.0124742 0.370232 92.5401
0.363877 -0.0921073 -0.926882 -79.5663 0.0261847 0.995717 -0.088668 -10.0527 0.93108 0.00799407 0.36473 93.029
0.358587 -0.0895641 -0.92919 -80.6963 0.0306485 0.995979 -0.0841742 -10.1924 0.932994 0.00170546 0.35989 93.5223
0.355108 -0.0892709 -0.930553 -81.8736 0.0318376 0.996007 -0.0834005 -10.3129 0.934284 -1.04536e-05 0.356532 93.9641
0.35273 -0.0894732 -0.931438 -83.0384 0.0358518 0.995979 -0.0820961 -10.4354 0.935039 -0.00443598 0.354519 94.4017
0.350564 -0.0883853 -0.932359 -84.1941 0.0365594 0.996069 -0.0806786 -10.5536 0.935826 -0.00580359 0.352417 94.8345
0.348064 -0.0890672 -0.93323 -85.335 0.0381599 0.995997 -0.0808253 -10.646 0.936695 -0.00747965 0.350069 95.2741
0.34638 -0.0912386 -0.933647 -86.4997 0.0412718 0.995777 -0.0819984 -10.7466 0.937187 -0.0101307 0.348682 95.6945
0.34387 -0.0923795 -0.934462 -87.6218 0.044303 0.995636 -0.0821242 -10.8473 0.937972 -0.0131595 0.346462 96.1207
0.34097 -0.0929788 -0.935465 -88.7458 0.0496381 0.995489 -0.0808521 -10.9487 0.938763 -0.0188667 0.344047 96.5492
0.338941 -0.0943653 -0.936063 -89.9118 0.0532402 0.995286 -0.0810577 -11.0297 0.9393 -0.0223624 0.342367 96.9505
0.336318 -0.0963586 -0.936806 -90.9895 0.0574527 0.994998 -0.0817183 -11.1373 0.939995 -0.0263387 0.340171 97.3662
0.334105 -0.0978346 -0.937445 -92.1079 0.0585746 0.99483 -0.0829477 -11.2519 0.940715 -0.0271973 0.338108 97.7941
0.332549 -0.0996681 -0.937805 -93.2138 0.0587189 0.994658 -0.0848885 -11.3659 0.941257 -0.0268374 0.336624 98.2179
0.330559 -0.101204 -0.938343 -94.2968 0.0604571 0.994462 -0.0859589 -11.4771 0.941847 -0.0283151 0.334847 98.6478
0.330007 -0.101809 -0.938472 -95.3833 0.0600125 0.994418 -0.0867756 -11.5878 0.942069 -0.0276836 0.334275 99.0764
0.332746 -0.101939 -0.937491 -96.4329 0.0578299 0.994474 -0.0876097 -11.7074 0.941242 -0.0250633 0.336802 99.4874
0.337434 -0.103543 -0.935638 -97.4812 0.0580225 0.99433 -0.0891127 -11.814 0.93956 -0.0242185 0.341528 99.8755
0.343274 -0.104337 -0.933422 -98.5578 0.0591842 0.994238 -0.089369 -11.9323 0.937369 -0.0245659 0.347471 100.266
0.349884 -0.103365 -0.931073 -99.5972 0.0592538 0.994345 -0.088123 -12.0504 0.934917 -0.0243368 0.354031 100.667
0.357296 -0.103838 -0.928201 -100.626 0.0599387 0.994301 -0.0881606 -12.1521 0.932066 -0.0241358 0.361484 101.078
0.365434 -0.104447 -0.924959 -101.638 0.0607847 0.994241 -0.0882555 -12.2555 0.928851 -0.0239719 0.369678 101.498
0.372912 -0.104027 -0.922017 -102.63 0.0604491 0.994308 -0.0877341 -12.3707 0.925896 -0.0230181 0.377078 101.954
0.382413 -0.105116 -0.917993 -103.635 0.0609051 0.994214 -0.0884725 -12.4765 0.921982 -0.0220775 0.386603 102.382
0.393067 -0.10697 -0.913267 -104.658 0.058293 0.994111 -0.0913502 -12.5804 0.917661 -0.0173304 0.396988 102.818
0.404157 -0.107657 -0.908332 -105.636 0.0565213 0.994091 -0.0926719 -12.6963 0.912942 -0.0138862 0.407854 103.275
0.416454 -0.105239 -0.903046 -106.588 0.053249 0.994396 -0.0913279 -12.8131 0.907597 -0.0100526 0.419724 103.728
0.430182 -0.102453 -0.89691 -107.528 0.0506813 0.994713 -0.0893169 -12.9232 0.901319 -0.00703412 0.4331 104.189
0.449228 -0.0997423 -0.887832 -108.529 0.0461145 0.995012 -0.0884501 -13.0163 0.892227 -0.00120777 0.451586 104.568
0.460023 -0.0992434 -0.882344 -109.459 0.044355 0.995061 -0.0887965 -13.1243 0.886799 0.00171201 0.462153 105.092
0.47407 -0.0992188 -0.874879 -110.449 0.0444392 0.99506 -0.0887682 -13.2458 0.879366 0.00320335 0.476137 105.577
0.485974 -0.100548 -0.868171 -111.363 0.0445186 0.994918 -0.0903068 -13.3488 0.87284 0.00523693 0.48798 106.084
0.496491 -0.102439 -0.861976 -112.249 0.0450837 0.994715 -0.0922464 -13.4537 0.866871 0.00693839 0.498485 106.622
0.506361 -0.0986113 -0.856665 -113.137 0.0445406 0.995104 -0.0882199 -13.6243 0.861171 0.00651469 0.508274 107.181
0.516362 -0.095158 -0.851067 -113.995 0.0425679 0.99543 -0.0854724 -13.7421 0.855312 0.00790648 0.518053 107.737
0.52407 -0.090365 -0.846868 -114.8 0.0403669 0.995873 -0.0812842 -13.8637 0.850719 0.0084131 0.525554 108.318
0.536566 -0.0874611 -0.839314 -115.697 0.0377052 0.996105 -0.0796951 -13.9792 0.843016 0.0111151 0.537774 108.843
0.546564 -0.087803 -0.832802 -116.498 0.0364918 0.99604 -0.0810639 -14.0709 0.836622 0.0139162 0.547604 109.39
0.555489 -0.0878567 -0.82687 -117.31 0.0350544 0.995992 -0.0822769 -14.1632 0.830785 0.0167184 0.556342 109.954
0.566434 -0.086629 -0.819542 -118.151 0.0340232 0.99607 -0.0817733 -14.2707 0.823405 0.0184357 0.567155 110.504
0.574791 -0.085627 -0.813809 -118.936 0.0354384 0.996181 -0.0797859 -14.3571 0.817533 0.0170201 0.57563 111.091
0.582376 -0.0848161 -0.808483 -119.706 0.0375305 0.996287 -0.0774837 -14.4494 0.812053 0.0147818 0.583397 111.693
0.590598 -0.0847741 -0.802501 -120.453 0.0393608 0.996309 -0.07628 -14.5483 0.806006 0.0134637 0.591755 112.256
0.598924 -0.0833681 -0.796455 -121.233 0.0377216 0.996399 -0.0759308 -14.641 0.799918 0.0154331 0.599912 112.838
0.606576 -0.0825893 -0.790725 -121.988 0.0377912 0.99646 -0.0750878 -14.7321 0.794128 0.015664 0.60755 113.423
0.613858 -0.0799351 -0.78536 -122.712 0.0383156 0.996704 -0.0714976 -14.8268 0.788487 0.0137978 0.614897 114.007
0.621448 -0.0764315 -0.779719 -123.424 0.0380285 0.996999 -0.0674211 -14.9202 0.782533 0.0122471 0.62249 114.586
0.628366 -0.0750665 -0.774288 -124.111 0.038419 0.997113 -0.0654906 -15.0036 0.776969 0.0114047 0.629436 115.183
0.636447 -0.0750009 -0.767666 -124.793 0.0383303 0.997106 -0.0656388 -15.0685 0.770368 0.0123507 0.63748 115.758
0.645076 -0.0733999 -0.760585 -125.466 0.0380055 0.997225 -0.0640032 -15.1346 0.763173 0.0123804 0.646076 116.323
0.655043 -0.071143 -0.752235 -126.155 0.0395513 0.99742 -0.0598906 -15.2116 0.754557 0.00947897 0.656167 116.913
0.666085 -0.0676439 -0.742803 -126.802 0.0392369 0.997677 -0.05567 -15.2814 0.744844 0.00793564 0.667192 117.484
0.67755 -0.0668767 -0.73243 -127.442 0.0386106 0.997718 -0.0553821 -15.3226 0.734463 0.00924456 0.678586 118.074
0.690307 -0.0675804 -0.720354 -128.059 0.0370864 0.997624 -0.0580533 -15.342 0.722566 0.0133593 0.691173 118.625
0.702052 -0.0691205 -0.708764 -128.648 0.0379003 0.997494 -0.0597369 -15.397 0.711118 0.015076 0.702912 119.203
0.713829 -0.068394 -0.696973 -129.234 0.0379025 0.997534 -0.0590689 -15.445 0.699294 0.015748 0.714661 119.807
0.726058 -0.066653 -0.684396 -129.814 0.0379568 0.997658 -0.0568942 -15.5008 0.686586 0.015331 0.726888 120.393
0.738084 -0.0641812 -0.67165 -130.356 0.0378038 0.997835 -0.0538077 -15.5553 0.67365 0.0143236 0.738912 120.986
0.749733 -0.063062 -0.658729 -130.995 0.0390627 0.99793 -0.0510755 -15.6164 0.660587 0.0125612 0.750645 121.655
0.760265 -0.061955 -0.646653 -131.559 0.0405614 0.998026 -0.0479321 -15.6661 0.648347 0.0102119 0.761277 122.322
0.769621 -0.0611052 -0.635571 -132.126 0.0415788 0.998093 -0.0456107 -15.7164 0.637147 0.00867659 0.770694 123.001
0.777638 -0.0622734 -0.625621 -132.594 0.0440925 0.998033 -0.0445366 -15.7499 0.627165 0.00704813 0.778855 123.615
0.7853 -0.0629504 -0.615908 -133.145 0.0457526 0.997997 -0.0436672 -15.7994 0.617424 0.00611245 0.786607 124.311
0.793033 -0.0622441 -0.605992 -133.663 0.0450665 0.998034 -0.0435362 -15.8433 0.607511 0.00721566 0.794279 124.989
0.80108 -0.0609043 -0.595451 -134.191 0.0445084 0.998116 -0.0422114 -15.8918 0.596901 0.00731207 0.802282 125.681
0.808027 -0.0607512 -0.586006 -134.69 0.0450391 0.998127 -0.0413728 -15.936 0.587423 0.00703709 0.80925 126.399
0.814501 -0.061665 -0.576876 -135.171 0.046579 0.998075 -0.0409232 -15.9819 0.578291 0.00646161 0.815806 127.109
0.820046 -0.0639456 -0.568714 -135.645 0.0489199 0.997932 -0.0416676 -16.0221 0.570204 0.0063478 0.821479 127.834
0.824953 -0.0649505 -0.561457 -136.126 0.0501606 0.997868 -0.0417341 -16.0599 0.562972 0.00626559 0.826453 128.576
0.828247 -0.0659457 -0.556471 -136.588 0.0522188 0.997812 -0.0405259 -16.0997 0.557927 0.00450712 0.829878 129.314
0.832 -0.0645695 -0.551007 -137.053 0.053222 0.997912 -0.0365768 -16.146 0.552219 0.00110609 0.833699 130.049
0.835048 -0.0615633 -0.546723 -137.501 0.0529887 0.998099 -0.0314569 -16.1896 0.547621 -0.00270221 0.836722 130.812
0.838635 -0.0591338 -0.541475 -137.943 0.0523763 0.998237 -0.0278961 -16.2329 0.542171 -0.00496596 0.840254 131.576
0.841104 -0.0587233 -0.537677 -138.448 0.0540271 0.998238 -0.0245081 -16.2672 0.53817 -0.00843541 0.842795 132.451
0.845445 -0.0567296 -0.531042 -138.984 0.053882 0.998329 -0.0208659 -16.325 0.531339 -0.0109727 0.847089 133.272
0.848804 -0.0555944 -0.525778 -139.491 0.054462 0.998359 -0.0176418 -16.3545 0.525897 -0.0136606 0.850439 134.129
0.853024 -0.0555163 -0.518911 -139.946 0.0558717 0.998325 -0.0149611 -16.3874 0.518873 -0.0162303 0.854698 134.913
0.857668 -0.0571595 -0.511018 -140.493 0.057545 0.998228 -0.0150754 -16.3759 0.510975 -0.0164769 0.859438 135.774
0.862777 -0.0590323 -0.502127 -141.019 0.0589024 0.998133 -0.0161364 -16.3707 0.502143 -0.0156545 0.864643 136.627
0.868082 -0.0619259 -0.492545 -141.527 0.0610318 0.997975 -0.0179069 -16.3684 0.492657 -0.0145164 0.870103 137.484
0.874377 -0.0644692 -0.480946 -142.018 0.0628414 0.997832 -0.0195082 -16.3732 0.481162 -0.0131659 0.876533 138.315
0.881377 -0.0659833 -0.467785 -142.56 0.0630909 0.997768 -0.0218673 -16.3907 0.468184 -0.0102397 0.883572 139.2
0.888555 -0.0649424 -0.454151 -143.05 0.0613999 0.997858 -0.022561 -16.4083 0.454645 -0.00783824 0.890639 140.115
0.89641 -0.0614721 -0.438945 -143.508 0.0580678 0.998087 -0.0211917 -16.4345 0.439409 -0.00649217 0.898264 141.052
0.905082 -0.0585229 -0.421193 -143.955 0.0570452 0.998241 -0.0161196 -16.4787 0.421397 -0.00943762 0.906828 141.997
0.912876 -0.0563237 -0.404334 -144.365 0.0555994 0.998361 -0.0135434 -16.5052 0.404435 -0.0101173 0.914511 142.999
0.920702 -0.0566611 -0.386132 -144.719 0.0566536 0.998328 -0.0114088 -16.5301 0.386134 -0.0113718 0.922373 143.976
0.927381 -0.0595248 -0.369354 -145.07 0.0600406 0.998144 -0.0101094 -16.521 0.369271 -0.012801 0.929234 145.023
0.935577 -0.0575463 -0.348404 -145.453 0.0587814 0.998246 -0.00703469 -16.5347 0.348199 -0.0138983 0.937318 146.031
0.943197 -0.0558944 -0.3275 -145.829 0.0584679 0.998287 -0.00199069 -16.5477 0.327051 -0.0172707 0.944849 147.096
0.950924 -0.0519075 -0.305042 -146.197 0.0546912 0.998503 0.000581199 -16.5163 0.304556 -0.0172359 0.952339 148.137
0.9577 -0.0496247 -0.283459 -146.516 0.0531903 0.998572 0.00489142 -16.5242 0.282812 -0.0197619 0.958972 149.225
0.962755 -0.047793 -0.266121 -146.754 0.0508644 0.998694 0.00465679 -16.5064 0.265551 -0.0180195 0.963929 150.346
0.967773 -0.0488471 -0.247044 -146.996 0.051215 0.998682 0.00316421 -16.5038 0.246564 -0.0157147 0.969 151.466
0.972326 -0.0504492 -0.228116 -147.259 0.0527262 0.998601 0.00389442 -16.4987 0.227601 -0.0158144 0.973627 152.629
0.97551 -0.0550466 -0.212959 -147.415 0.0576652 0.998317 0.00609952 -16.4849 0.212265 -0.0182305 0.977043 153.746
0.980003 -0.0567288 -0.190727 -147.677 0.0593718 0.998202 0.00816688 -16.4648 0.189921 -0.0193274 0.98161 154.931
0.982984 -0.0563326 -0.174842 -147.838 0.0591006 0.998195 0.0106608 -16.4621 0.173927 -0.0208127 0.984539 156.141
0.98586 -0.0549904 -0.158295 -147.964 0.0577347 0.99825 0.0127869 -16.4581 0.157315 -0.0217453 0.98731 157.332
0.989386 -0.0530162 -0.135294 -148.198 0.0554615 0.998357 0.0143664 -16.448 0.134311 -0.0217176 0.990702 158.584
0.991899 -0.0510218 -0.116338 -148.345 0.0530944 0.99848 0.0147844 -16.4338 0.115407 -0.0208416 0.9931 159.842
0.993573 -0.0527376 -0.100162 -148.41 0.0543228 0.998436 0.0131641 -16.401 0.0993113 -0.0185206 0.994885 161.07
0.994621 -0.0554679 -0.0874764 -148.443 0.0566174 0.998338 0.0107136 -16.3704 0.0867374 -0.0156087 0.99611 162.374
0.996345 -0.0522325 -0.0675921 -148.552 0.0530744 0.998533 0.010719 -16.383 0.0669336 -0.0142673 0.997656 163.654
0.997375 -0.0527457 -0.0496176 -148.606 0.0533231 0.998523 0.0103831 -16.3811 0.0489972 -0.0130017 0.998715 164.952
0.997984 -0.0542151 -0.0329989 -148.633 0.0545469 0.998468 0.00924052 -16.3799 0.032448 -0.011022 0.999413 166.284
0.998485 -0.0531839 -0.0141592 -148.65 0.0532646 0.998565 0.00538734 -16.3913 0.013853 -0.00613344 0.999886 167.577
0.998712 -0.0502183 0.00721621 -148.693 0.0502172 0.998738 0.000342703 -16.4112 -0.00722376 2.00459e-05 0.999974 168.891
0.998493 -0.0489144 0.0248781 -148.671 0.0490274 0.998789 -0.00395253 -16.4201 -0.0246541 0.00516621 0.999683 170.246
0.99799 -0.0466444 0.0428934 -148.618 0.0469102 0.998885 -0.00521144 -16.4514 -0.0426019 0.00721304 0.999067 171.631
0.994408 -0.0991354 0.0363963 -148.294 0.0998823 0.994811 -0.0193092 -16.5474 -0.0342927 0.0228365 0.999151 172.9
0.993182 -0.103186 0.0542442 -148.237 0.104287 0.994386 -0.0178614 -16.5632 -0.0520961 0.0233966 0.998369 174.293
0.992146 -0.103673 0.0699841 -148.112 0.105266 0.994253 -0.0194596 -16.5556 -0.067564 0.0266736 0.997359 175.676
0.990732 -0.106049 0.0848827 -147.969 0.108515 0.993781 -0.0249633 -16.5609 -0.081707 0.0339429 0.996079 177.082
0.989008 -0.106742 0.102326 -147.842 0.109976 0.993581 -0.026491 -16.6184 -0.0988405 0.0374531 0.994399 178.481
0.987502 -0.103479 0.118878 -147.687 0.107025 0.993971 -0.0238188 -16.6743 -0.115696 0.0362439 0.992624 179.874
0.98569 -0.102578 0.133764 -147.474 0.10612 0.99416 -0.0196 -16.7294 -0.130972 0.0335144 0.99082 181.31
0.983673 -0.10002 0.14961 -147.318 0.103884 0.994422 -0.0182169 -16.8131 -0.146953 0.0334614 0.988578 182.521
0.98039 -0.103357 0.16779 -147.119 0.108322 0.9939 -0.0206843 -16.8637 -0.164629 0.038454 0.985606 183.846
0.977973 -0.0971807 0.18473 -146.942 0.103122 0.994407 -0.0228067 -16.8795 -0.18148 0.0413539 0.982525 185.109
0.972518 -0.116683 0.201482 -146.592 0.125576 0.991571 -0.0318909 -16.9206 -0.196062 0.0563156 0.978974 186.539
0.96849 -0.12193 0.217167 -146.174 0.132782 0.990489 -0.0360459 -16.9708 -0.210706 0.0637458 0.975469 188.027
0.964238 -0.114913 0.238833 -145.812 0.127053 0.991241 -0.0360232 -17.0195 -0.232602 0.0650794 0.970393 189.491
0.95818 -0.112078 0.263306 -145.436 0.125481 0.991492 -0.034593 -17.068 -0.257189 0.0661862 0.964092 190.904
0.950946 -0.114641 0.287331 -144.98 0.129228 0.991089 -0.0322608 -17.147 -0.281072 0.0678094 0.957289 192.311
0.942919 -0.115205 0.312461 -144.497 0.131875 0.990727 -0.032679 -17.1671 -0.305799 0.0720194 0.949369 193.677
0.933038 -0.12253 0.338269 -143.988 0.143096 0.989037 -0.0364416 -17.1452 -0.330096 0.0824063 0.940344 195.075
0.923557 -0.124007 0.362857 -143.446 0.145688 0.988783 -0.0328909 -17.2207 -0.354708 0.0832404 0.931265 196.488
0.913243 -0.123075 0.38838 -142.865 0.146214 0.988783 -0.0304703 -17.2739 -0.380274 0.0846134 0.920996 197.968
0.902613 -0.119331 0.413582 -142.276 0.144885 0.988967 -0.0308536 -17.3202 -0.405337 0.0877706 0.909945 199.331
0.89154 -0.119109 0.437002 -141.631 0.147454 0.988571 -0.0313804 -17.381 -0.428269 0.0924143 0.898914 200.62
0.880197 -0.117218 0.459906 -140.967 0.147914 0.988509 -0.031142 -17.425 -0.45097 0.0954377 0.887422 201.958
0.871028 -0.117972 0.476857 -140.177 0.150839 0.988069 -0.0310797 -17.472 -0.467501 0.0989998 0.878432 203.246
0.860995 -0.117182 0.49493 -139.384 0.151043 0.988107 -0.0288093 -17.5317 -0.485668 0.0995603 0.868456 204.569
0.850695 -0.117712 0.512311 -138.579 0.153415 0.98777 -0.0277896 -17.5719 -0.502774 0.102237 0.858351 205.867
0.838991 -0.117681 0.531267 -137.761 0.155825 0.987405 -0.0273631 -17.6226 -0.521356 0.105742 0.846763 207.211
0.828217 -0.116629 0.548137 -136.908 0.157223 0.987179 -0.0275137 -17.6706 -0.537901 0.108967 0.835937 208.515
0.817366 -0.114226 0.564682 -136.022 0.157668 0.987079 -0.0285501 -17.7288 -0.554124 0.112368 0.824816 209.815
0.804731 -0.112451 0.582892 -135.18 0.157462 0.987157 -0.0269482 -17.7727 -0.572375 0.113469 0.812104 211.062
0.792352 -0.112195 0.599659 -134.255 0.159105 0.98693 -0.0255801 -17.7909 -0.588952 0.115677 0.799847 212.343
0.777693 -0.109156 0.619095 -133.383 0.156569 0.987408 -0.0225823 -17.8354 -0.608835 0.114493 0.784992 213.639
0.765059 -0.107275 0.634962 -132.391 0.153919 0.987909 -0.0185515 -17.8662 -0.625295 0.111926 0.772322 214.864
0.751872 -0.10515 0.650871 -131.375 0.149501 0.988676 -0.0129775 -17.921 -0.642136 0.107063 0.759079 216.07
0.738111 -0.102378 0.666867 -130.389 0.145258 0.989353 -0.00888982 -17.9511 -0.658857 0.10343 0.745125 217.217
0.726864 -0.0998965 0.679478 -129.321 0.143579 0.989605 -0.00810091 -17.9802 -0.671606 0.103447 0.733652 218.305
0.716019 -0.0969851 0.691312 -128.251 0.141213 0.989951 -0.00737813 -18.0099 -0.68365 0.102905 0.72252 219.333
0.702252 -0.0949125 0.705574 -127.214 0.139468 0.99021 -0.00560956 -18.0176 -0.698135 0.102344 0.708615 220.334
0.689352 -0.0943582 0.718255 -126.109 0.135937 0.990717 -0.000314832 -18.0401 -0.711558 0.0978545 0.695781 221.328
0.674143 -0.0964884 0.732271 -125.026 0.135885 0.990709 0.00544323 -18.0523 -0.725993 0.0958352 0.680992 222.279
0.658856 -0.0972054 0.745963 -123.939 0.132233 0.991141 0.0123622 -18.0849 -0.740556 0.0904961 0.665874 223.229
0.645927 -0.0980397 0.757078 -122.796 0.1313 0.991208 0.016336 -18.0845 -0.752023 0.0888522 0.653122 224.119
0.63118 -0.0994715 0.769232 -121.706 0.130722 0.991198 0.0209131 -18.0963 -0.764542 0.0873554 0.638628 225.002
0.616387 -0.101726 0.780845 -120.602 0.126126 0.991572 0.029617 -18.1835 -0.777277 0.0802289 0.624023 225.819
0.602224 -0.0994496 0.792109 -119.466 0.125789 0.991636 0.0288654 -18.1305 -0.788355 0.0822554 0.609698 226.63
0.587352 -0.100153 0.803111 -118.35 0.128202 0.991298 0.0298607 -18.0981 -0.799114 0.0854217 0.595081 227.401
0.574286 -0.0993856 0.8126 -117.201 0.126743 0.991429 0.0316849 -18.05 -0.808785 0.0847953 0.581961 228.129
0.561542 -0.100727 0.821295 -116.062 0.127561 0.991235 0.0343529 -18.0338 -0.817557 0.0854744 0.56947 228.831
0.542015 -0.100661 0.834319 -115.057 0.129656 0.990929 0.0353247 -18.042 -0.830307 0.089028 0.55015 229.568
0.527798 -0.0941467 0.844136 -113.904 0.126027 0.991517 0.0317858 -18.0809 -0.839969 0.0896071 0.535187 230.243
0.511737 -0.0887259 0.854548 -112.824 0.120363 0.992247 0.0309449 -18.15 -0.850669 0.0870203 0.51845 230.89
0.495867 -0.0828082 0.864442 -111.658 0.11753 0.992683 0.0276747 -18.0618 -0.860409 0.087875 0.501972 231.559
0.480611 -0.0797069 0.873304 -110.533 0.112796 0.993207 0.028575 -18.0276 -0.86965 0.0847714 0.486337 232.158
0.463399 -0.0776489 0.882741 -109.39 0.106637 0.9938 0.0314384 -18.0004 -0.879711 0.0795645 0.468807 232.797
0.445629 -0.075324 0.892043 -108.327 0.100219 0.994387 0.0339007 -17.9963 -0.889591 0.0742921 0.450678 233.384
0.428873 -0.0762915 0.900138 -107.188 0.0994536 0.994357 0.0368923 -17.9564 -0.897874 0.0736998 0.434041 233.956
0.4121 -0.0752489 0.908027 -106.049 0.0963498 0.994594 0.0386955 -17.9308 -0.906031 0.0715417 0.417123 234.486
0.396166 -0.0736039 0.915224 -104.909 0.0989157 0.994401 0.0371548 -17.8451 -0.912836 0.0758106 0.401229 234.969
0.380733 -0.0690829 0.922101 -103.757 0.093674 0.994956 0.0358636 -17.8083 -0.919929 0.0727224 0.385284 235.438
0.364398 -0.0673827 0.928803 -102.581 0.0925662 0.995059 0.0358731 -17.7692 -0.926632 0.0729036 0.368836 235.914
0.348856 -0.0692624 0.934614 -101.478 0.0909054 0.995063 0.0398107 -17.7342 -0.932758 0.0710732 0.353431 236.35
0.337725 -0.0727387 0.93843 -100.342 0.093872 0.994641 0.0433128 -17.6637 -0.936553 0.0734645 0.342744 236.679
0.324016 -0.0748667 0.943085 -99.2479 0.0955502 0.994355 0.0461087 -17.5855 -0.941215 0.075172 0.329341 237.094
0.310599 -0.0787721 0.947272 -98.3964 0.0945703 0.994176 0.0516642 -17.5806 -0.945826 0.0735369 0.31624 237.419
0.30031 -0.0810345 0.950393 -97.284 0.0918606 0.99421 0.0557439 -17.6141 -0.949409 0.0705632 0.306016 237.794
0.29086 -0.0793039 0.953474 -96.2958 0.0895411 0.994441 0.0553966 -17.6063 -0.952567 0.0692624 0.296344 238.165
0.285376 -0.0767188 0.955341 -95.1747 0.0875775 0.994708 0.0537194 -17.5512 -0.954407 0.0683361 0.290585 238.492
0.279354 -0.0729094 0.957417 -94.1019 0.084513 0.995109 0.0511209 -17.5371 -0.956462 0.0666333 0.28415 238.837
0.274805 -0.0649257 0.959306 -93.0157 0.0845641 0.995483 0.0431498 -17.5086 -0.957775 0.0692649 0.279055 239.144
0.271227 -0.0625027 0.960484 -91.9282 0.0815803 0.995791 0.0417633 -17.4813 -0.959053 0.0670292 0.275185 239.447
0.267923 -0.0693555 0.960941 -90.8889 0.081967 0.99543 0.0489913 -17.4266 -0.959948 0.0656394 0.272384 239.751
0.261503 -0.0796063 0.961915 -89.9055 0.0824832 0.99479 0.0599035 -17.4137 -0.961672 0.0636768 0.266707 240.124
0.257955 -0.0839519 0.962503 -88.8799 0.0829995 0.99446 0.0644951 -17.3813 -0.962586 0.0632504 0.263495 240.457
0.256197 -0.0822359 0.96312 -87.8294 0.08187 0.99464 0.0631492 -17.3375 -0.963152 0.062672 0.261557 240.78
0.257261 -0.0795766 0.96306 -86.8434 0.0826733 0.994762 0.0601117 -17.2978 -0.9628 0.0641549 0.262492 241.043
0.25888 -0.0770269 0.962834 -85.8228 0.0803917 0.995074 0.0579911 -17.255 -0.962559 0.062391 0.263798 241.336
0.261915 -0.0759945 0.962095 -84.8307 0.0789156 0.995242 0.0571294 -17.2152 -0.961859 0.0609612 0.266667 241.612
0.26652 -0.0742122 0.960968 -83.8311 0.0798184 0.995305 0.0547268 -17.165 -0.960519 0.0621171 0.271193 241.877
0.270611 -0.0721882 0.959979 -82.8494 0.079069 0.995482 0.052569 -17.1127 -0.959437 0.0616787 0.275097 242.17
0.27497 -0.0698813 0.95891 -81.9024 0.0769376 0.995755 0.0505045 -17.0751 -0.95837 0.0598889 0.27918 242.469
0.281081 -0.0706144 0.957083 -80.9024 0.0772494 0.995717 0.050778 -17.0274 -0.95657 0.0596613 0.285333 242.769
0.285587 -0.0724308 0.955612 -80.0036 0.0795244 0.995491 0.0516875 -16.9943 -0.955048 0.0612331 0.29006 243.07
0.290936 -0.0759001 0.953727 -79.1085 0.0798223 0.995298 0.0548586 -17.0195 -0.953407 0.0601684 0.295627 243.367
0.299175 -0.075283 0.951224 -78.1523 0.0829823 0.995158 0.052661 -16.9686 -0.950584 0.0631799 0.303974 243.65
0.306015 -0.0745235 0.949106 -77.1767 0.08295 0.995227 0.0513999 -16.9188 -0.948407 0.0629991 0.310737 243.982
0.313747 -0.0749383 0.946545 -76.2552 0.0830967 0.995222 0.0512485 -16.8689 -0.945864 0.0625756 0.318476 244.278
0.320521 -0.0755585 0.944223 -75.3093 0.0837296 0.995171 0.0512131 -16.8127 -0.943534 0.0626445 0.3253 244.604
0.327396 -0.0768128 0.94176 -74.3652 0.0847242 0.995061 0.0517066 -16.7703 -0.941082 0.0628613 0.332287 244.931
0.333955 -0.0765566 0.939475 -73.4393 0.0862013 0.995 0.0504393 -16.7312 -0.938639 0.0641394 0.338885 245.265
0.34042 -0.0745252 0.937316 -72.5334 0.087556 0.995035 0.0473153 -16.6999 -0.936188 0.0659605 0.345256 245.606
0.345843 -0.0737493 0.93539 -71.6346 0.0900833 0.994911 0.0451356 -16.6626 -0.933958 0.0686531 0.350727 245.958
0.35243 -0.0715011 0.933103 -70.7065 0.0902024 0.99503 0.0421773 -16.6188 -0.931481 0.0693035 0.357128 246.318
0.357682 -0.0706985 0.931164 -69.8228 0.0889945 0.995172 0.0413735 -16.5979 -0.929594 0.0680699 0.362248 246.695
0.365403 -0.0707247 0.928159 -68.9136 0.0905225 0.995083 0.0401869 -16.56 -0.926438 0.0693348 0.370009 247.038
0.372384 -0.0729684 0.925206 -67.9969 0.0910048 0.994971 0.0418423 -16.5281 -0.923606 0.0686167 0.377152 247.397
0.379106 -0.0745854 0.922343 -67.0964 0.0919605 0.994848 0.0426506 -16.4988 -0.920773 0.0686499 0.384012 247.769
0.386666 -0.0761541 0.91907 -66.2329 0.0942221 0.994632 0.0427746 -16.4771 -0.917394 0.0700573 0.391766 248.12
0.393461 -0.0758673 0.916206 -65.3572 0.0942346 0.994668 0.0418958 -16.4618 -0.914499 0.0698539 0.398513 248.502
0.401171 -0.0759826 0.912847 -64.4778 0.097794 0.99441 0.0397941 -16.422 -0.910768 0.0733067 0.40636 248.874
0.408274 -0.0717613 0.910035 -63.6429 0.101118 0.994325 0.0330432 -16.3295 -0.907242 0.0785299 0.413214 249.279
0.416454 -0.0681025 0.906603 -62.7922 0.102144 0.994381 0.027776 -16.2864 -0.903401 0.0810363 0.421071 249.695
0.425849 -0.0664417 0.902352 -61.9207 0.103752 0.994307 0.0242488 -16.2515 -0.898827 0.0832943 0.430318 250.102
0.43321 -0.0660186 0.898872 -61.0526 0.102211 0.994478 0.0237799 -16.228 -0.895479 0.0815733 0.437567 250.524
0.437722 -0.0659916 0.896686 -60.2005 0.100122 0.994677 0.0243283 -16.2135 -0.893519 0.0791289 0.442 250.959
0.442002 -0.0655436 0.894617 -59.3247 0.0978965 0.994894 0.0245229 -16.2189 -0.891657 0.0767407 0.446162 251.394
0.44458 -0.0648323 0.89339 -58.4585 0.0989693 0.994826 0.0229431 -16.211 -0.890255 0.0782181 0.448697 251.829
0.446462 -0.0608624 0.892731 -57.6215 0.0953814 0.995237 0.02015 -16.1965 -0.889705 0.0761537 0.450141 252.274
