1 0 0 0 0 1 0 0 0 0 1 0
0.999924 -0.00598329 0.0107431 0.169397 0.00595065 0.999978 0.00306774 0.0109547 -0.0107612 -0.00300358 0.999938 0.0965088
0.999492 -0.00419434 0.0315818 0.205716 0.00407826 0.999985 0.00373917 0.0198719 -0.031597 -0.00360847 0.999494 0.272323
0.998291 -0.00304347 0.0583532 0.272332 0.00269711 0.999978 0.00601343 0.017871 -0.0583703 -0.00584577 0.998278 0.376803
0.995677 -0.00394369 0.0927989 0.323693 0.00298105 0.99994 0.0105097 -0.020417 -0.0928348 -0.0101876 0.995629 0.524069
0.99151 -0.00703283 0.129837 0.441587 0.00522246 0.999884 0.0142786 -0.0475695 -0.129922 -0.0134793 0.991432 0.691577
0.985843 -0.0100694 0.16737 0.587988 0.0075704 0.99985 0.0155621 -0.0622721 -0.167501 -0.0140748 0.985771 0.928007
0.977846 -0.0105038 0.209061 0.721483 0.00689727 0.999815 0.0179728 -0.0747029 -0.209211 -0.0161327 0.977737 1.12525
0.966872 -0.00985745 0.255072 0.87037 0.00448008 0.999755 0.0216542 -0.0774594 -0.255223 -0.0197941 0.966679 1.3685
0.953646 -0.0133687 0.300633 1.03747 0.004767 0.999558 0.0293272 -0.0677159 -0.300892 -0.0265347 0.953289 1.59467
0.937353 -0.0214648 0.347718 1.18536 0.00920457 0.999278 0.036873 -0.0525714 -0.348258 -0.0313624 0.936874 1.82848
0.917178 -0.0277723 0.397508 1.43468 0.0126289 0.999093 0.0406639 -0.036005 -0.398277 -0.032276 0.916697 2.12931
0.893582 -0.0291973 0.44795 1.68892 0.0105213 0.998971 0.0441246 -0.0120997 -0.448777 -0.0347159 0.892969 2.39592
0.866435 -0.030299 0.49837 1.90713 0.00731998 0.998821 0.0479985 0.0249079 -0.499236 -0.0379395 0.865635 2.64505
0.835624 -0.0341779 0.548237 2.15013 0.00645011 0.998604 0.0524233 0.0402606 -0.549263 -0.04027 0.834678 2.88408
0.801312 -0.0388832 0.596981 2.44526 0.00733383 0.998449 0.0551881 0.0672033 -0.598201 -0.0398447 0.800355 3.12853
0.765501 -0.0437525 0.641945 2.79265 0.00855194 0.998289 0.0578416 0.0723668 -0.643377 -0.038788 0.764566 3.37776
0.727554 -0.0473775 0.684412 3.10584 0.00991512 0.998235 0.0585614 0.0983315 -0.685978 -0.0358206 0.72674 3.58611
0.686412 -0.0494159 0.725532 3.43311 0.0094981 0.998213 0.0590023 0.137934 -0.727151 -0.0336087 0.685654 3.8395
0.644226 -0.0490031 0.763263 3.78799 0.00478731 0.998184 0.0600448 0.192353 -0.76482 -0.0350284 0.643291 4.11283
0.60328 -0.0498963 0.795967 4.13511 0.00134286 0.998103 0.0615497 0.206512 -0.797528 -0.0360628 0.602203 4.32565
0.564148 -0.0512263 0.824083 4.51127 -0.00120894 0.998021 0.0628661 0.222954 -0.825673 -0.036462 0.562969 4.53181
0.526011 -0.0532732 0.848807 4.93218 -0.00279949 0.997922 0.0643668 0.251617 -0.850473 -0.0362339 0.524769 4.76428
0.490034 -0.0530782 0.870085 5.37873 -0.00595887 0.997917 0.0642324 0.272144 -0.871683 -0.0366608 0.488697 4.95564
0.454629 -0.0522105 0.889149 5.88132 -0.00680942 0.998047 0.0620867 0.306417 -0.890655 -0.034281 0.453386 5.1665
0.421905 -0.0509998 0.905204 6.38011 -0.00578473 0.998245 0.058938 0.335584 -0.906621 -0.0301026 0.42087 5.3609
0.393548 -0.0488963 0.918003 6.9208 -0.00369606 0.998492 0.054768 0.373278 -0.919297 -0.0249468 0.392774 5.54223
0.368607 -0.0470546 0.928394 7.45687 -0.00316691 0.998648 0.0518727 0.398952 -0.92958 -0.0220608 0.36796 5.73977
0.350187 -0.0459271 0.935553 8.08231 -0.0019739 0.998759 0.0497688 0.443995 -0.936678 -0.019275 0.349661 5.90923
0.335752 -0.0465353 0.9408 8.70738 -0.00121131 0.998757 0.0498344 0.474318 -0.94195 -0.0178716 0.335278 6.11781
0.324656 -0.0481199 0.944607 9.31394 0.0007871 0.998718 0.0506058 0.5026 -0.945832 -0.015686 0.324278 6.31622
0.314595 -0.0497244 0.947923 9.94554 -0.00059418 0.998616 0.0525808 0.531911 -0.949226 -0.0171049 0.31413 6.51023
0.304972 -0.0505201 0.95102 10.6535 -0.00160481 0.998563 0.0535603 0.587054 -0.95236 -0.0178606 0.304453 6.7141
0.296684 -0.0514598 0.953588 11.381 -0.00214841 0.998508 0.0545523 0.636082 -0.954973 -0.0182335 0.296131 6.90097
0.288317 -0.0525095 0.956094 12.0976 -0.00226759 0.998455 0.0555198 0.687531 -0.957532 -0.0181754 0.287753 7.07949
0.279061 -0.0540061 0.958753 12.8045 -0.00181999 0.998385 0.0567683 0.721562 -0.960272 -0.0175868 0.278513 7.25731
0.269286 -0.0547082 0.961505 13.5809 -0.00189009 0.998353 0.0573342 0.768033 -0.963059 -0.0172566 0.268739 7.46674
0.25973 -0.0566858 0.964016 14.34 -0.00221294 0.998238 0.0592943 0.818327 -0.965679 -0.0175339 0.259147 7.65276
0.249688 -0.0602265 0.966451 15.1322 -0.0032887 0.998005 0.0630425 0.857417 -0.968321 -0.0189194 0.248992 7.8372
0.238212 -0.0640969 0.969095 15.9063 -0.00339014 0.997759 0.066826 0.89406 -0.971207 -0.0192041 0.237461 8.01747
0.225766 -0.065989 0.971944 16.7204 -0.00437024 0.997624 0.0687477 0.939807 -0.974172 -0.0197685 0.224941 8.20421
0.21205 -0.0660795 0.975022 17.5205 -0.00492745 0.997626 0.0686831 0.986499 -0.977246 -0.0193686 0.211221 8.37529
0.198245 -0.0649532 0.977998 18.3233 -0.00576098 0.997707 0.06743 1.02763 -0.980135 -0.0190019 0.197417 8.53153
0.182604 -0.0638792 0.981109 19.1354 -0.00628463 0.997791 0.066135 1.06977 -0.983166 -0.0182424 0.181799 8.66662
0.163476 -0.0623828 0.984573 19.9642 -0.0086767 0.997869 0.0646659 1.10725 -0.986509 -0.0191142 0.162587 8.78548
0.139621 -0.0612913 0.988306 20.8142 -0.0123501 0.997897 0.0636309 1.14556 -0.990128 -0.0210899 0.13857 8.87887
0.109176 -0.0609826 0.99215 21.6596 -0.0160432 0.997878 0.0631001 1.18059 -0.993893 -0.0228063 0.107966 8.97189
0.0765369 -0.0608838 0.995206 22.525 -0.0185291 0.997874 0.062472 1.2202 -0.996894 -0.0232217 0.0752461 9.01852
0.0439123 -0.060362 0.99721 23.3806 -0.0201919 0.997915 0.0612938 1.25094 -0.998831 -0.0228271 0.0426019 9.02717
0.0112033 -0.0596928 0.998154 24.242 -0.0205551 0.997992 0.0599139 1.28018 -0.999726 -0.0211884 0.00995381 9.01067
-0.0216188 -0.0572508 0.998125 25.0887 -0.022684 0.99813 0.0567597 1.31865 -0.999509 -0.0214144 -0.0228771 8.98334
-0.0529581 -0.0540981 0.99713 25.9431 -0.0236488 0.998319 0.0529066 1.35283 -0.998317 -0.0207791 -0.0541485 8.91726
-0.0861689 -0.0495114 0.995049 26.7949 -0.0209048 0.998634 0.0478795 1.3829 -0.996061 -0.0166756 -0.0870863 8.84133
-0.116269 -0.0427646 0.992296 27.6457 -0.0137851 0.999045 0.0414403 1.41718 -0.993122 -0.00886074 -0.116747 8.70869
-0.147302 -0.0352137 0.988464 28.4748 -0.00631036 0.999379 0.0346621 1.44924 -0.989071 -0.00113176 -0.147433 8.57522
-0.174956 -0.0305226 0.984103 29.3357 -0.00128114 0.999525 0.0307732 1.45687 -0.984575 0.00412321 -0.174913 8.4041
-0.203539 -0.0237664 0.978778 30.1228 0.00664586 0.999648 0.0256552 1.47812 -0.979044 0.0117267 -0.203309 8.209
-0.227374 -0.0136217 0.973712 30.9337 0.014003 0.999753 0.0172559 1.46326 -0.973707 0.0175584 -0.227127 7.96484
-0.252581 0.003053 0.967571 31.7247 0.0206833 0.999783 0.00224469 1.4693 -0.967354 0.0205796 -0.25259 7.71757
-0.275621 0.0220575 0.961013 32.5075 0.021935 0.99962 -0.0166526 1.48129 -0.961016 0.01649 -0.276 7.46607
-0.29997 0.0396593 0.953124 33.3138 0.0241535 0.999131 -0.033972 1.4774 -0.953643 0.0128308 -0.300667 7.18498
-0.324905 0.0533512 0.94424 34.0972 0.0299568 0.998487 -0.0461084 1.47185 -0.945272 0.0133056 -0.326012 6.90221
-0.347125 0.0621048 0.93576 34.8643 0.0357764 0.997955 -0.0529612 1.46704 -0.937136 0.015094 -0.348638 6.57679
-0.36908 0.0660659 0.927046 35.6398 0.0419001 0.997639 -0.0544152 1.45385 -0.928453 0.0187599 -0.370976 6.24627
-0.389537 0.061233 0.918973 36.392 0.0436226 0.997894 -0.0480008 1.40441 -0.919977 0.0213899 -0.391388 5.91222
-0.407168 0.0586316 0.911469 37.1154 0.0499328 0.997874 -0.0418839 1.34321 -0.911987 0.0284584 -0.40923 5.56897
-0.421115 0.0593011 0.905066 37.8366 0.0525199 0.99778 -0.040939 1.29936 -0.905485 0.030294 -0.423295 5.21416
-0.432057 0.0637799 0.899588 38.5214 0.0568473 0.997438 -0.0434146 1.26379 -0.900053 0.0323816 -0.434576 4.87021
-0.442147 0.0695173 0.894244 39.1578 0.0596522 0.997063 -0.048016 1.27439 -0.894957 0.0321136 -0.444995 4.55505
-0.453307 0.0745579 0.88823 39.8556 0.057876 0.996854 -0.0541388 1.29494 -0.889473 0.0268658 -0.456196 4.20421
-0.464341 0.0758973 0.882398 40.5172 0.0575643 0.996801 -0.0554455 1.28967 -0.883784 0.025049 -0.467225 3.85987
-0.473159 0.0816092 0.877188 41.2227 0.0581123 0.996422 -0.0613561 1.33243 -0.879058 0.0219442 -0.476209 3.47531
-0.480033 0.0863428 0.87299 41.9024 0.0619565 0.995996 -0.0644404 1.29825 -0.87506 0.0231539 -0.483461 3.08844
-0.482124 0.0917544 0.871284 42.5613 0.0640608 0.99553 -0.0693907 1.26936 -0.873757 0.0223603 -0.485847 2.71519
-0.481535 0.0976933 0.870965 43.3195 0.0622728 0.99507 -0.0771847 1.28001 -0.874212 0.0170703 -0.485245 2.28821
-0.47943 0.0996145 0.871908 44.0845 0.0614546 0.994908 -0.0798755 1.26391 -0.875426 0.015288 -0.483111 1.91459
-0.475102 0.0991559 0.874326 44.8755 0.058251 0.994995 -0.0811877 1.19979 -0.878 0.012358 -0.4785 1.53075
-0.469409 0.09784 0.877543 45.68 0.0551209 0.99515 -0.0814675 1.12283 -0.881258 0.0101294 -0.472526 1.13959
-0.461971 0.0995308 0.881292 46.4736 0.0520556 0.995012 -0.0850867 1.07823 -0.885366 0.00656854 -0.464848 0.728625
-0.45605 0.0986282 0.884472 47.3194 0.0483621 0.995118 -0.0860301 1.00106 -0.888639 0.00354083 -0.458594 0.308677
-0.452492 0.0987402 0.886285 48.1768 0.0450356 0.995113 -0.0878717 0.932313 -0.890631 0.000153132 -0.454727 -0.101947
-0.451041 0.0985376 0.887047 49.0332 0.0412336 0.995126 -0.0895774 0.868653 -0.89155 -0.00382691 -0.452905 -0.529514
-0.45052 0.0987773 0.887285 49.9041 0.0378676 0.99508 -0.0915504 0.802612 -0.891963 -0.00764587 -0.452044 -0.980005
-0.450341 0.0975941 0.887507 50.7786 0.0377636 0.9952 -0.0902745 0.699191 -0.892058 -0.00713877 -0.451865 -1.43463
-0.449128 0.0977615 0.888102 51.6478 0.0386209 0.995191 -0.0900185 0.602627 -0.892632 -0.00613053 -0.450744 -1.89718
-0.446588 0.100569 0.889069 52.5012 0.0481563 0.994924 -0.0883532 0.486415 -0.893443 0.0033568 -0.449164 -2.35898
-0.445793 0.102403 0.889259 53.3874 0.047248 0.994741 -0.0908646 0.416477 -0.893888 0.00150889 -0.448287 -2.81972
-0.442944 0.102018 0.890726 54.2659 0.0476825 0.994779 -0.0902233 0.306903 -0.89528 0.00250817 -0.445496 -3.30057
-0.444875 0.102285 0.889732 55.1939 0.047862 0.994752 -0.0904265 0.217379 -0.894313 0.00235581 -0.447436 -3.74287
-0.443617 0.103461 0.890224 56.1154 0.0488091 0.994629 -0.0912721 0.124756 -0.894886 0.00296124 -0.446284 -4.21477
-0.442785 0.101791 0.890831 57.0306 0.0452715 0.994805 -0.0911692 0.0113322 -0.895484 -3.91141e-05 -0.445093 -4.68057
-0.442173 0.100183 0.891317 57.9482 0.0448159 0.994968 -0.089601 -0.0976698 -0.895809 0.000326058 -0.444438 -5.12523
-0.441232 0.100724 0.891722 58.8068 0.0495162 0.994899 -0.0878771 -0.172986 -0.896026 0.00538053 -0.443969 -5.53494
-0.43812 0.103108 0.892983 59.6539 0.0557266 0.994604 -0.0875007 -0.242302 -0.897188 0.0114272 -0.441501 -5.96921
-0.43464 0.107697 0.894142 60.5664 0.0623894 0.994039 -0.0894022 -0.296357 -0.898441 0.0169273 -0.438768 -6.42701
-0.431035 0.110157 0.895586 61.497 0.0658576 0.993713 -0.0905302 -0.383173 -0.899929 0.0199594 -0.43558 -6.89042
-0.429866 0.109236 0.89626 62.3608 0.0658263 0.993804 -0.089553 -0.513302 -0.90049 0.0205017 -0.434394 -7.32343
-0.431024 0.110831 0.895508 63.2556 0.0664855 0.993631 -0.0909743 -0.621668 -0.899888 0.0203261 -0.435648 -7.75317
-0.433774 0.116921 0.893403 64.1451 0.0686886 0.99295 -0.096599 -0.674648 -0.898399 0.0194645 -0.438748 -8.18584
-0.438078 0.121928 0.890629 65.0321 0.0685822 0.992404 -0.102127 -0.717134 -0.896317 0.016342 -0.443112 -8.63249
-0.445915 0.125278 0.886264 65.916 0.0686009 0.992027 -0.105713 -0.744308 -0.892442 0.0136597 -0.450955 -9.04779
-0.452999 0.124495 0.882775 66.8183 0.0689008 0.992128 -0.104561 -0.833718 -0.888845 0.0134581 -0.458011 -9.49587
-0.459555 0.126359 0.879115 67.6716 0.0695661 0.991907 -0.106205 -0.905502 -0.885421 0.0123495 -0.464626 -9.92711
-0.464154 0.130212 0.876131 68.5337 0.0727312 0.991398 -0.108811 -1.02121 -0.882763 0.0132169 -0.469632 -10.3919
-0.469355 0.132178 0.87306 69.4076 0.0731411 0.991154 -0.110736 -1.14267 -0.879975 0.0118819 -0.474872 -10.8698
-0.476089 0.137702 0.868549 70.2335 0.0735485 0.990438 -0.116712 -1.21571 -0.876316 0.00831541 -0.481665 -11.2909
-0.479615 0.136801 0.866749 71.1266 0.0714671 0.99058 -0.1168 -1.3562 -0.874564 0.00592519 -0.484874 -11.7828
-0.481761 0.135404 0.865778 71.9716 0.0721644 0.990764 -0.114796 -1.48973 -0.873326 0.00717419 -0.487083 -12.27
-0.482854 0.13316 0.865517 72.827 0.0773861 0.990992 -0.109292 -1.56583 -0.872275 0.014207 -0.48881 -12.7545
-0.485184 0.124658 0.86548 73.6644 0.0757051 0.992057 -0.100449 -1.67974 -0.871129 0.0167849 -0.490768 -13.2252
-0.486587 0.127862 0.864224 74.5107 0.0768917 0.99166 -0.103423 -1.7252 -0.870242 0.0161274 -0.492361 -13.7133
-0.487985 0.131771 0.862848 75.3399 0.0695394 0.991265 -0.112054 -1.78236 -0.870078 0.00532123 -0.492886 -14.1878
-0.491051 0.136407 0.860384 76.1841 0.0624673 0.990635 -0.121405 -1.84389 -0.868888 -0.0058702 -0.494974 -14.6556
-0.491548 0.14119 0.859329 77.0166 0.0651193 0.989966 -0.125405 -1.9208 -0.868412 -0.00568349 -0.49581 -15.1334
-0.490612 0.142139 0.859707 77.8139 0.0653347 0.989829 -0.126368 -2.02697 -0.868925 -0.005829 -0.494909 -15.6011
-0.491632 0.13889 0.859655 78.6881 0.0690081 0.990307 -0.120533 -2.21933 -0.868064 6.50636e-05 -0.496452 -16.0711
-0.490267 0.134123 0.86119 79.4778 0.0695174 0.990958 -0.114758 -2.36349 -0.868796 0.00360584 -0.495158 -16.5201
-0.489565 0.127541 0.862588 80.3424 0.0677153 0.991818 -0.108217 -2.50946 -0.869333 0.00543117 -0.494196 -17.0295
-0.491541 0.123853 0.862002 81.1902 0.0531077 0.992256 -0.112284 -2.55178 -0.869233 -0.00941323 -0.494312 -17.4762
-0.491882 0.118917 0.862502 82.0514 0.0438691 0.992755 -0.111857 -2.66093 -0.869555 -0.0171834 -0.493536 -17.9416
-0.48995 0.119845 0.863473 82.8681 0.0452677 0.992666 -0.11209 -2.76757 -0.870574 -0.0158311 -0.491782 -18.3948
-0.485873 0.124405 0.86513 83.6754 0.048661 0.992133 -0.115339 -2.87531 -0.872673 -0.0139423 -0.488105 -18.8587
-0.479899 0.126579 0.868144 84.4885 0.0473902 0.991832 -0.118416 -2.99492 -0.876043 -0.0156862 -0.481978 -19.3354
-0.470324 0.12857 0.873077 85.28 0.0491295 0.99161 -0.119559 -3.10207 -0.881125 -0.0133377 -0.472695 -19.7916
-0.461879 0.130233 0.877329 86.102 0.0512413 0.991427 -0.120193 -3.22715 -0.885462 -0.0105592 -0.464592 -20.2347
-0.453938 0.127914 0.881804 86.938 0.0384944 0.991533 -0.124015 -3.31257 -0.890201 -0.0223504 -0.455018 -20.6544
-0.44342 0.124668 0.887601 87.7675 0.0260098 0.991652 -0.126289 -3.39522 -0.895936 -0.0329127 -0.442961 -21.071
-0.430045 0.120741 0.894697 88.5719 0.0217648 0.992115 -0.123427 -3.51501 -0.902545 -0.0336062 -0.429282 -21.4753
-0.418415 0.121177 0.900136 89.3904 0.0132133 0.991767 -0.12737 -3.59208 -0.90816 -0.0413998 -0.416571 -21.8591
-0.408556 0.118595 0.904995 90.2336 0.00606556 0.991853 -0.127239 -3.70768 -0.912713 -0.0464949 -0.405947 -22.2164
-0.394977 0.125597 0.910065 91.057 0.00936729 0.991109 -0.132717 -3.78075 -0.918643 -0.0438954 -0.392642 -22.5839
-0.382089 0.135644 0.914116 91.874 0.00910989 0.989673 -0.143048 -3.84541 -0.924081 -0.0463297 -0.379379 -22.9224
-0.369544 0.148651 0.917245 92.7178 0.00984375 0.987691 -0.156102 -3.93887 -0.929161 -0.0486574 -0.366459 -23.2663
-0.357706 0.154748 0.920923 93.5739 0.00272676 0.986342 -0.164682 -4.04558 -0.93383 -0.0563967 -0.353243 -23.5927
-0.347409 0.152715 0.925194 94.4325 -0.00785047 0.986141 -0.165723 -4.15243 -0.937681 -0.0648368 -0.341395 -23.9046
-0.33855 0.14936 0.929018 95.297 -0.0207613 0.985895 -0.16607 -4.26532 -0.940719 -0.0755107 -0.330674 -24.1892
-0.329267 0.151164 0.932058 96.1485 -0.0292988 0.984991 -0.1701 -4.40208 -0.943782 -0.0833163 -0.319896 -24.4799
-0.323801 0.155682 0.933228 97.0012 -0.0403415 0.9832 -0.178015 -4.55143 -0.945264 -0.0952894 -0.312081 -24.7521
-0.319607 0.161403 0.933702 97.8492 -0.0488821 0.981265 -0.186358 -4.71118 -0.946288 -0.105203 -0.305729 -25.0205
-0.318411 0.16402 0.933655 98.7188 -0.0554988 0.980002 -0.191089 -4.87773 -0.946326 -0.112662 -0.302941 -25.2831
-0.31377 0.163632 0.935293 99.5653 -0.0550667 0.980244 -0.18997 -5.07884 -0.947901 -0.11111 -0.29856 -25.5543
-0.31304 0.162624 0.935713 100.426 -0.0605404 0.97981 -0.190541 -5.25674 -0.947808 -0.116296 -0.296875 -25.7759
-0.30875 0.158081 0.937914 101.284 -0.0654811 0.980219 -0.186767 -5.43778 -0.948886 -0.11908 -0.292291 -26.0198
-0.301354 0.155779 0.940701 102.116 -0.0664466 0.980734 -0.183695 -5.60421 -0.951194 -0.117864 -0.285197 -26.2996
-0.296064 0.154306 0.942621 102.981 -0.0714099 0.980527 -0.18294 -5.76396 -0.952495 -0.121475 -0.27928 -26.5507
-0.291602 0.153362 0.944165 103.832 -0.0810289 0.979555 -0.184136 -5.93418 -0.953101 -0.130199 -0.273214 -26.7758
-0.288628 0.152791 0.945171 104.689 -0.0881745 0.978747 -0.185145 -6.11862 -0.953372 -0.136778 -0.269021 -26.9653
-0.283766 0.157151 0.945928 105.55 -0.0879432 0.978056 -0.188871 -6.29656 -0.954852 -0.136783 -0.263719 -27.1706
-0.276996 0.160753 0.947328 106.373 -0.0870028 0.97766 -0.19134 -6.47396 -0.956923 -0.135421 -0.256822 -27.3798
-0.270122 0.15928 0.949559 107.233 -0.0890334 0.977863 -0.189355 -6.65181 -0.9587 -0.135692 -0.249961 -27.6062
-0.262258 0.156308 0.952254 108.097 -0.0902757 0.978492 -0.185478 -6.81679 -0.960765 -0.134608 -0.242507 -27.8318
-0.254725 0.154478 0.954595 108.952 -0.0932822 0.978628 -0.183259 -6.99235 -0.962503 -0.135727 -0.234871 -28.0436
-0.249961 0.15836 0.955218 109.819 -0.0956419 0.977672 -0.18711 -7.16489 -0.96352 -0.138129 -0.229234 -28.2292
-0.244007 0.161868 0.956169 110.667 -0.0975024 0.97688 -0.190256 -7.3305 -0.964859 -0.139653 -0.222583 -28.4182
-0.235077 0.162161 0.958354 111.547 -0.100113 0.976701 -0.189823 -7.5284 -0.966807 -0.140567 -0.213365 -28.6352
-0.225852 0.161576 0.960668 112.382 -0.100711 0.976992 -0.187998 -7.71873 -0.968941 -0.13921 -0.204383 -28.8306
-0.217549 0.163024 0.962338 113.244 -0.0948848 0.97775 -0.187085 -7.88689 -0.971426 -0.132012 -0.19724 -28.9956
-0.209528 0.163494 0.964037 114.1 -0.0952956 0.977814 -0.186542 -8.06978 -0.973147 -0.130954 -0.1893 -29.1717
-0.205564 0.163719 0.964851 114.972 -0.0964372 0.97772 -0.186449 -8.24642 -0.97388 -0.131375 -0.185195 -29.2904
-0.19798 0.167701 0.965753 115.788 -0.0940717 0.977457 -0.189018 -8.36091 -0.975681 -0.128272 -0.177741 -29.4487
-0.191732 0.170495 0.966524 116.568 -0.0964056 0.976761 -0.191425 -8.46048 -0.976701 -0.129881 -0.170839 -29.5903
-0.185632 0.176399 0.966656 117.403 -0.0933784 0.976135 -0.19606 -8.56056 -0.978172 -0.12666 -0.16473 -29.7437
-0.180145 0.178735 0.967265 118.29 -0.0932578 0.975819 -0.197685 -8.72845 -0.979209 -0.125817 -0.159121 -29.8947
-0.174523 0.182207 0.967647 119.144 -0.0923338 0.975371 -0.200314 -8.89105 -0.980314 -0.124306 -0.153401 -30.0289
-0.168263 0.18227 0.968744 120.007 -0.0888421 0.975952 -0.199057 -9.0641 -0.98173 -0.119559 -0.148023 -30.1635
-0.163174 0.182073 0.969651 120.865 -0.0843536 0.97665 -0.197583 -9.23345 -0.982984 -0.114034 -0.144006 -30.2936
-0.160248 0.182497 0.970059 121.686 -0.0862002 0.976418 -0.197933 -9.39698 -0.983305 -0.115338 -0.140738 -30.378
-0.15632 0.187382 0.969769 122.565 -0.0895285 0.975109 -0.202845 -9.55096 -0.98364 -0.118531 -0.135653 -30.5017
-0.152034 0.190427 0.969857 123.44 -0.0912834 0.974365 -0.205622 -9.73603 -0.98415 -0.119794 -0.130754 -30.6421
-0.150385 0.191476 0.969907 124.253 -0.0947169 0.973761 -0.206923 -9.9052 -0.984079 -0.122985 -0.128303 -30.7399
-0.15043 0.190547 0.970083 125.123 -0.0953356 0.97388 -0.206076 -10.1021 -0.984013 -0.123484 -0.128335 -30.8467
-0.148816 0.188954 0.970644 125.993 -0.0993566 0.973749 -0.204792 -10.2452 -0.98386 -0.126916 -0.126136 -30.9882
-0.146189 0.187238 0.971375 126.894 -0.105284 0.973403 -0.203473 -10.3973 -0.983638 -0.132015 -0.122587 -31.1451
-0.145913 0.186335 0.97159 127.753 -0.107147 0.973348 -0.202764 -10.5739 -0.983477 -0.133689 -0.122059 -31.2475
-0.143389 0.195428 0.970179 128.6 -0.110429 0.971028 -0.21192 -10.7038 -0.983485 -0.137523 -0.117654 -31.3866
-0.1438 0.201361 0.968904 129.426 -0.114353 0.96914 -0.218382 -10.8485 -0.982977 -0.142201 -0.116336 -31.483
-0.145461 0.198902 0.969164 130.298 -0.120234 0.968768 -0.216867 -11.0749 -0.98203 -0.148072 -0.117003 -31.5707
-0.14707 0.197905 0.969125 131.141 -0.120204 0.968941 -0.216109 -11.2834 -0.981794 -0.148276 -0.118713 -31.6301
-0.145167 0.19886 0.969216 131.996 -0.116215 0.969385 -0.216301 -11.4874 -0.982557 -0.144038 -0.117612 -31.7458
-0.144343 0.201414 0.968812 132.841 -0.118725 0.968468 -0.219031 -11.6923 -0.982379 -0.146638 -0.115879 -31.8498
-0.146861 0.202342 0.96824 133.682 -0.129702 0.966463 -0.221644 -11.8915 -0.980616 -0.158134 -0.115692 -31.9295
-0.148666 0.204117 0.967592 134.522 -0.137792 0.964644 -0.224667 -12.0929 -0.97924 -0.166727 -0.115284 -32.0094
-0.148503 0.207063 0.966991 135.333 -0.136601 0.964164 -0.227436 -12.2996 -0.979431 -0.165867 -0.114896 -32.1001
-0.14783 0.207219 0.96706 136.152 -0.138473 0.963836 -0.227696 -12.5131 -0.97927 -0.167572 -0.11379 -32.198
-0.145377 0.209443 0.966953 136.965 -0.137099 0.963643 -0.229338 -12.7173 -0.979831 -0.165909 -0.111377 -32.2913
-0.142047 0.206938 0.967987 137.756 -0.129577 0.965601 -0.225442 -12.932 -0.981341 -0.157452 -0.110346 -32.3838
-0.138616 0.200903 0.969754 138.546 -0.127434 0.967448 -0.218641 -13.1692 -0.982112 -0.153887 -0.108502 -32.469
-0.135439 0.195836 0.971238 139.361 -0.121513 0.969587 -0.212448 -13.3775 -0.983305 -0.146792 -0.107524 -32.5616
-0.130157 0.195425 0.972043 140.131 -0.119384 0.970161 -0.211032 -13.5658 -0.984279 -0.143514 -0.102943 -32.6461
-0.125396 0.200264 0.971684 140.936 -0.118535 0.969375 -0.215086 -13.7588 -0.984999 -0.142149 -0.0978175 -32.7277
-0.115926 0.205195 0.971831 141.732 -0.111563 0.969546 -0.218021 -13.9435 -0.986972 -0.133695 -0.0895032 -32.8108
-0.10949 0.206166 0.972372 142.535 -0.119707 0.968398 -0.218802 -14.109 -0.986753 -0.140356 -0.0813501 -32.8748
-0.0989754 0.201512 0.974472 143.307 -0.118124 0.969977 -0.21258 -14.3022 -0.988053 -0.136149 -0.0722005 -32.9275
-0.0859848 0.200141 0.975986 144.062 -0.115537 0.971002 -0.209298 -14.4849 -0.989574 -0.130759 -0.0603677 -32.9756
-0.0717671 0.20237 0.976676 144.836 -0.114839 0.971012 -0.209635 -14.6653 -0.990788 -0.127206 -0.0464468 -33.0129
-0.0589026 0.203008 0.977403 145.613 -0.120362 0.970516 -0.208831 -14.8497 -0.99098 -0.129943 -0.0327315 -33.0324
-0.0440952 0.202704 0.978246 146.369 -0.120403 0.970983 -0.206627 -15.0275 -0.991745 -0.126895 -0.0184096 -33.0467
-0.0300275 0.204424 0.978421 147.14 -0.121255 0.970888 -0.206571 -15.2064 -0.992166 -0.124842 -0.00436595 -33.0498
-0.0157709 0.210891 0.977382 147.882 -0.125018 0.969417 -0.21119 -15.3818 -0.992029 -0.125521 0.0110765 -33.0377
-0.0048853 0.222199 0.974989 148.642 -0.135671 0.965838 -0.220793 -15.5285 -0.990741 -0.133356 0.0254274 -33.0126
0.00820097 0.230369 0.973068 149.38 -0.141634 0.963558 -0.226924 -15.6968 -0.989885 -0.135959 0.0405302 -32.9724
0.0206012 0.231015 0.972732 150.129 -0.145501 0.963272 -0.225687 -15.8765 -0.989143 -0.136884 0.0534576 -32.9243
0.0319683 0.22752 0.973248 150.846 -0.150903 0.963682 -0.220327 -16.0509 -0.988031 -0.139823 0.0651408 -32.8634
0.0415087 0.22561 0.973333 151.59 -0.157389 0.963486 -0.216615 -16.233 -0.986663 -0.1442 0.0755014 -32.791
0.0501795 0.231955 0.971431 152.324 -0.161411 0.961753 -0.221306 -16.4148 -0.98561 -0.145695 0.0857003 -32.7157
0.0558415 0.240806 0.968965 153.051 -0.166717 0.959103 -0.228747 -16.5727 -0.984422 -0.148769 0.0937042 -32.6415
0.0572848 0.244094 0.968058 153.773 -0.172665 0.957461 -0.231204 -16.739 -0.983313 -0.153906 0.0969944 -32.5611
0.056628 0.240732 0.968938 154.473 -0.174977 0.957867 -0.227755 -16.8943 -0.982942 -0.156645 0.0963647 -32.4831
0.0534139 0.237803 0.969843 155.171 -0.178531 0.957855 -0.225031 -17.0474 -0.982483 -0.161128 0.0936181 -32.4027
0.04983 0.235919 0.970494 155.908 -0.179128 0.958056 -0.223699 -17.2148 -0.982562 -0.162696 0.0899998 -32.3323
0.0487408 0.237008 0.970284 156.636 -0.175184 0.958408 -0.225307 -17.3812 -0.983328 -0.158996 0.0882336 -32.2788
0.0459222 0.23708 0.970404 157.378 -0.172961 0.958644 -0.226021 -17.5688 -0.983857 -0.157463 0.0850285 -32.2202
0.0410515 0.235118 0.971099 158.106 -0.174071 0.958738 -0.224766 -17.7634 -0.983877 -0.159813 0.0802847 -32.1553
0.0361688 0.234635 0.97141 158.831 -0.173665 0.958732 -0.225106 -17.9519 -0.98414 -0.160559 0.0754241 -32.0994
0.0292419 0.233506 0.971915 159.547 -0.173293 0.958791 -0.225139 -18.1161 -0.984436 -0.161843 0.0685018 -32.0417
0.0242127 0.230945 0.972665 160.241 -0.169638 0.95979 -0.223665 -18.2925 -0.985208 -0.159586 0.062416 -31.9958
0.018719 0.23086 0.972807 160.952 -0.16946 0.959632 -0.224473 -18.4668 -0.985359 -0.16065 0.0570849 -31.9526
0.0123618 0.233253 0.972337 161.637 -0.169512 0.958825 -0.227857 -18.6215 -0.98545 -0.162006 0.051392 -31.9112
0.00744954 0.237483 0.971363 162.33 -0.170495 0.957468 -0.232779 -18.7713 -0.98533 -0.163878 0.0476223 -31.879
0.00392766 0.242126 0.970237 163.022 -0.170163 0.956256 -0.237948 -18.9163 -0.985408 -0.164163 0.0449565 -31.8495
0.00219506 0.244144 0.969736 163.683 -0.167714 0.956093 -0.240329 -19.0798 -0.985833 -0.162111 0.0430451 -31.819
0.0031515 0.242272 0.970203 164.35 -0.164903 0.957051 -0.238452 -19.2594 -0.986304 -0.159238 0.0429674 -31.7898
0.00685842 0.238815 0.971041 165.016 -0.162572 0.958411 -0.23456 -19.4342 -0.986672 -0.156255 0.0453977 -31.755
0.0136841 0.239217 0.970869 165.685 -0.163141 0.958484 -0.233866 -19.601 -0.986507 -0.155188 0.052142 -31.7158
0.0242278 0.241417 0.970119 166.34 -0.161341 0.958627 -0.234528 -19.7483 -0.986601 -0.150838 0.0621759 -31.6726
0.0389737 0.242093 0.96947 166.99 -0.160704 0.959096 -0.233042 -19.9097 -0.986232 -0.146715 0.0762847 -31.6252
0.0540097 0.239283 0.969446 167.626 -0.163707 0.959849 -0.227794 -20.0756 -0.985029 -0.146402 0.0910134 -31.5608
0.067861 0.235097 0.9696 168.271 -0.172823 0.959918 -0.220654 -20.2342 -0.982612 -0.152596 0.105771 -31.4747
0.0822868 0.228453 0.970071 168.904 -0.178869 0.960952 -0.211133 -20.393 -0.980425 -0.156142 0.119937 -31.379
0.0985328 0.221799 0.970101 169.553 -0.183814 0.962127 -0.201306 -20.5441 -0.97801 -0.158483 0.135571 -31.2809
0.116195 0.213669 0.969971 170.185 -0.188475 0.963585 -0.189685 -20.699 -0.975179 -0.160775 0.152235 -31.1736
0.132769 0.208415 0.968987 170.812 -0.19314 0.964341 -0.180952 -20.8294 -0.972146 -0.163126 0.168288 -31.0526
0.150257 0.205921 0.966964 171.428 -0.19748 0.964608 -0.174733 -20.9662 -0.968723 -0.164701 0.185605 -30.9213
0.168003 0.203325 0.96459 172.04 -0.199933 0.965189 -0.16863 -21.1003 -0.965298 -0.164523 0.202806 -30.7805
0.18371 0.203932 0.961593 172.66 -0.206041 0.9645 -0.165185 -21.211 -0.961144 -0.167782 0.219207 -30.6283
0.200301 0.201941 0.958696 173.268 -0.213845 0.963944 -0.158368 -21.3366 -0.956111 -0.173292 0.236263 -30.4692
0.215236 0.198133 0.956251 173.854 -0.216492 0.964518 -0.151117 -21.4472 -0.952263 -0.174495 0.250493 -30.2999
0.22698 0.193988 0.954384 174.436 -0.215279 0.965713 -0.145091 -21.5551 -0.949807 -0.172526 0.26096 -30.1256
0.236318 0.192503 0.952416 175.026 -0.216856 0.965905 -0.141422 -21.6638 -0.947168 -0.173117 0.270006 -29.9326
0.246796 0.197011 0.948829 175.588 -0.22178 0.964612 -0.142602 -21.7461 -0.943347 -0.175238 0.281756 -29.7789
0.255874 0.205657 0.944581 176.191 -0.225344 0.96288 -0.148599 -21.8113 -0.940078 -0.174833 0.29272 -29.5881
0.262995 0.214018 0.94076 176.772 -0.226524 0.961526 -0.155416 -21.925 -0.937827 -0.172231 0.301357 -29.352
0.272477 0.224121 0.935695 177.33 -0.222518 0.960806 -0.165338 -21.9382 -0.936078 -0.163158 0.311668 -29.1918
0.278382 0.223521 0.934099 177.899 -0.223902 0.960851 -0.163194 -22.0191 -0.934008 -0.163716 0.31753 -28.9961
0.283713 0.21609 0.934244 178.493 -0.226409 0.961826 -0.153714 -22.1242 -0.931797 -0.16791 0.321808 -28.7741
0.286845 0.206563 0.935442 179.103 -0.231273 0.962525 -0.141625 -22.227 -0.929641 -0.175718 0.323868 -28.5498
0.288089 0.199532 0.936585 179.67 -0.231962 0.963463 -0.133908 -22.323 -0.929084 -0.178675 0.323847 -28.3436
0.288129 0.199564 0.936566 180.285 -0.230235 0.96379 -0.134534 -22.4157 -0.929501 -0.176867 0.323643 -28.1282
0.290676 0.201141 0.93544 180.892 -0.226763 0.964283 -0.136879 -22.5163 -0.929562 -0.172336 0.325905 -27.9271
0.291639 0.201426 0.935079 181.448 -0.225004 0.964591 -0.137607 -22.5956 -0.929687 -0.170266 0.326634 -27.7119
0.29223 0.201075 0.93497 182.055 -0.229135 0.963892 -0.135678 -22.6711 -0.928492 -0.174585 0.327752 -27.4987
0.29369 0.199909 0.934763 182.645 -0.231928 0.963569 -0.133201 -22.742 -0.927337 -0.177677 0.329355 -27.2834
0.296033 0.19704 0.934633 183.261 -0.23349 0.963734 -0.129221 -22.819 -0.9262 -0.179974 0.331304 -27.059
0.299905 0.194985 0.933829 183.867 -0.235343 0.963755 -0.125652 -22.9131 -0.924484 -0.182087 0.334923 -26.8379
0.304993 0.193017 0.932589 184.461 -0.234618 0.964293 -0.12285 -22.9977 -0.923002 -0.181334 0.339388 -26.5988
0.312801 0.191109 0.930394 185.052 -0.235828 0.964502 -0.118829 -23.0833 -0.920076 -0.182243 0.346766 -26.3649
0.321989 0.189637 0.927556 185.63 -0.235777 0.964927 -0.115431 -23.173 -0.916914 -0.181529 0.355408 -26.1412
0.329516 0.191072 0.924613 186.199 -0.23809 0.964475 -0.114458 -23.2485 -0.913637 -0.182425 0.363302 -25.8489
0.337848 0.198222 0.92009 186.767 -0.24672 0.962038 -0.116667 -23.335 -0.908288 -0.18759 0.373928 -25.5561
0.348942 0.203732 0.91473 187.394 -0.256946 0.959477 -0.115681 -23.4558 -0.901231 -0.194671 0.38715 -25.2872
0.361213 0.203093 0.910097 187.994 -0.256686 0.959943 -0.112339 -23.5401 -0.896458 -0.193031 0.398875 -25.0157
0.372243 0.201261 0.906051 188.553 -0.257751 0.960223 -0.1074 -23.6001 -0.891627 -0.193556 0.409312 -24.7555
0.383685 0.199586 0.901637 189.162 -0.258817 0.960475 -0.102472 -23.6755 -0.886453 -0.194042 0.420176 -24.4657
0.392833 0.199485 0.897712 189.768 -0.262545 0.959887 -0.0984131 -23.7449 -0.881335 -0.19703 0.429449 -24.131
0.401405 0.198939 0.894034 190.378 -0.266459 0.959269 -0.0938194 -23.8055 -0.876284 -0.200564 0.438065 -23.809
0.409025 0.200062 0.890322 190.986 -0.268872 0.958779 -0.0919214 -23.8761 -0.872013 -0.201785 0.445956 -23.5152
0.413577 0.197392 0.888813 191.602 -0.271594 0.958516 -0.0864962 -23.9598 -0.869017 -0.205624 0.450031 -23.1926
0.417511 0.193936 0.887734 192.213 -0.267305 0.959943 -0.0839949 -24.0169 -0.868465 -0.202228 0.452627 -22.884
0.420901 0.193292 0.886273 192.825 -0.260221 0.961697 -0.0861597 -24.0866 -0.86898 -0.194362 0.455078 -22.5852
0.423084 0.192763 0.885348 193.471 -0.256818 0.962549 -0.0868448 -24.1663 -0.868933 -0.190631 0.456744 -22.2765
0.421991 0.196006 0.885158 194.111 -0.254787 0.962639 -0.091696 -24.2086 -0.870061 -0.186832 0.456165 -21.9328
0.422865 0.195412 0.884872 194.783 -0.251386 0.963444 -0.0926301 -24.2624 -0.870626 -0.183274 0.456531 -21.6007
0.422673 0.188816 0.886394 195.404 -0.245185 0.965406 -0.0887318 -24.3308 -0.872486 -0.179826 0.454346 -21.2644
0.418154 0.187734 0.888764 196.029 -0.245892 0.965275 -0.0882059 -24.3798 -0.874462 -0.181656 0.449796 -20.8921
0.414766 0.185114 0.890899 196.621 -0.243806 0.965896 -0.0871913 -24.439 -0.876657 -0.181042 0.445753 -20.5649
0.411776 0.184856 0.892338 197.265 -0.243194 0.965987 -0.0878889 -24.4955 -0.878235 -0.180821 0.442726 -20.2042
0.408047 0.185534 0.893909 197.933 -0.245311 0.965405 -0.0883944 -24.5655 -0.879386 -0.183217 0.439445 -19.8405
0.407322 0.188036 0.893717 198.626 -0.246697 0.964851 -0.0905674 -24.6455 -0.879335 -0.183587 0.439393 -19.5242
0.405417 0.190902 0.893975 199.291 -0.245778 0.964704 -0.0945453 -24.7334 -0.880472 -0.181389 0.438027 -19.1662
0.40593 0.196864 0.892448 199.957 -0.24592 0.964034 -0.100798 -24.822 -0.880196 -0.178554 0.439743 -18.855
0.398507 0.200046 0.895083 200.588 -0.247582 0.963156 -0.105032 -24.8758 -0.883117 -0.17975 0.433352 -18.4428
0.392569 0.199257 0.897878 201.226 -0.248746 0.962868 -0.104923 -24.9246 -0.885446 -0.182154 0.427556 -18.0666
0.390285 0.197035 0.899363 201.887 -0.25074 0.962656 -0.102091 -25.0091 -0.885893 -0.185662 0.425115 -17.7279
0.38659 0.199504 0.900414 202.609 -0.253633 0.961673 -0.104181 -25.0822 -0.88669 -0.1881 0.422374 -17.3667
0.381623 0.198452 0.902762 203.292 -0.253903 0.961615 -0.104058 -25.1779 -0.888761 -0.189503 0.417362 -17.0386
0.374352 0.19823 0.90585 203.96 -0.255715 0.961072 -0.104638 -25.277 -0.891331 -0.192468 0.41047 -16.7313
0.363793 0.198083 0.910174 204.63 -0.255925 0.960778 -0.106804 -25.3752 -0.895632 -0.194082 0.400219 -16.4059
0.354382 0.198943 0.913692 205.301 -0.253755 0.960901 -0.110802 -25.4867 -0.900012 -0.192588 0.391009 -16.1103
0.345439 0.201169 0.916625 205.982 -0.252374 0.960684 -0.115729 -25.5947 -0.903869 -0.191355 0.382628 -15.8373
0.334931 0.201126 0.920526 206.663 -0.252786 0.960318 -0.117844 -25.6914 -0.9077 -0.193227 0.372483 -15.5783
0.32505 0.193736 0.925639 207.358 -0.246085 0.962399 -0.115014 -25.7855 -0.913118 -0.190401 0.360503 -15.309
0.315045 0.186525 0.930566 208.017 -0.241638 0.963949 -0.11141 -25.8706 -0.917801 -0.189761 0.348759 -15.0136
0.308084 0.181732 0.93384 208.75 -0.240019 0.96468 -0.108548 -25.9596 -0.920584 -0.190698 0.340822 -14.7433
0.303742 0.182388 0.935133 209.453 -0.245378 0.96337 -0.108194 -26.0268 -0.920614 -0.196598 0.33737 -14.5067
0.302224 0.178218 0.936428 210.146 -0.240973 0.964743 -0.105834 -26.15 -0.922275 -0.193669 0.334515 -14.2533
0.30319 0.177105 0.936327 210.841 -0.237816 0.965549 -0.105626 -26.2416 -0.922778 -0.190649 0.334863 -14.0463
0.300416 0.181552 0.93637 211.554 -0.239376 0.964648 -0.110235 -26.2967 -0.923282 -0.191028 0.333255 -13.7622
0.299668 0.183795 0.936171 212.307 -0.240239 0.964184 -0.112394 -26.3779 -0.923301 -0.191224 0.33309 -13.4866
0.304133 0.184982 0.934497 213.016 -0.244007 0.963366 -0.111285 -26.4784 -0.92085 -0.194178 0.338128 -13.3135
0.307326 0.183763 0.933692 213.725 -0.243654 0.963664 -0.109463 -26.575 -0.919882 -0.193857 0.340934 -13.0731
0.308605 0.18179 0.933656 214.486 -0.242055 0.964261 -0.107742 -26.6753 -0.919876 -0.192747 0.341579 -12.779
0.312085 0.180768 0.932698 215.205 -0.238124 0.965277 -0.107405 -26.77 -0.919728 -0.188578 0.344293 -12.5332
0.316702 0.180395 0.931212 215.922 -0.234014 0.96626 -0.107597 -26.8409 -0.919205 -0.18384 0.348232 -12.2914
0.31812 0.183707 0.930081 216.64 -0.237628 0.96518 -0.109363 -26.8704 -0.917787 -0.186223 0.350697 -11.9672
0.323695 0.179515 0.928975 217.342 -0.238227 0.965668 -0.103597 -26.9629 -0.91568 -0.187773 0.355347 -11.6962
0.327632 0.175677 0.928328 218.043 -0.241001 0.965597 -0.0976737 -27.065 -0.913551 -0.191727 0.358699 -11.396
0.330013 0.175516 0.927515 218.771 -0.243992 0.965033 -0.0958019 -27.1645 -0.911899 -0.194691 0.361298 -11.0717
0.334026 0.18149 0.924925 219.479 -0.25194 0.962774 -0.0979321 -27.2472 -0.908269 -0.200313 0.367317 -10.7908
0.336994 0.188718 0.922399 220.177 -0.26 0.960261 -0.101474 -27.3211 -0.904895 -0.205628 0.372669 -10.4912
0.341442 0.191446 0.920198 220.918 -0.266009 0.95869 -0.100751 -27.4257 -0.901474 -0.21038 0.378264 -10.1828
0.341628 0.191009 0.92022 221.608 -0.271474 0.957448 -0.097953 -27.5194 -0.899773 -0.216352 0.378945 -9.82281
0.344794 0.193446 0.918528 222.341 -0.275403 0.956317 -0.098025 -27.615 -0.897368 -0.219167 0.383008 -9.50661
0.349591 0.196025 0.916165 223.09 -0.277112 0.955749 -0.0987542 -27.7153 -0.894983 -0.219357 0.388442 -9.19752
0.354657 0.196182 0.914182 223.801 -0.276738 0.955956 -0.0977864 -27.8001 -0.893104 -0.218308 0.393328 -8.89181
0.361003 0.195185 0.911909 224.559 -0.277241 0.956102 -0.0948915 -27.8943 -0.890401 -0.218563 0.399269 -8.57452
0.366174 0.194048 0.910088 225.268 -0.273432 0.957277 -0.0940943 -27.9864 -0.889467 -0.214393 0.403589 -8.25207
0.371569 0.194874 0.907722 225.975 -0.2734 0.957334 -0.0936105 -28.0745 -0.887237 -0.213388 0.408994 -7.93535
0.377288 0.196206 0.905072 226.704 -0.271229 0.957856 -0.0945838 -28.1514 -0.885488 -0.209796 0.414605 -7.61309
0.381356 0.196184 0.90337 227.415 -0.276406 0.956714 -0.0910845 -28.2351 -0.882138 -0.214961 0.419075 -7.27863
0.3848 0.195071 0.90215 228.057 -0.289015 0.953724 -0.0829477 -28.3512 -0.876584 -0.228817 0.423372 -6.93818
0.404686 0.201612 0.891953 228.785 -0.282616 0.955216 -0.0876863 -28.4144 -0.869688 -0.216595 0.443542 -6.81643
0.411434 0.209039 0.887143 229.484 -0.282298 0.954706 -0.0940364 -28.4887 -0.86662 -0.211749 0.45181 -6.49967
0.412258 0.215803 0.885139 230.178 -0.288004 0.95259 -0.0981084 -28.5563 -0.864348 -0.214478 0.454865 -6.11517
0.411415 0.216831 0.88528 230.853 -0.296287 0.950354 -0.0950771 -28.6108 -0.861946 -0.22318 0.455235 -5.71039
0.413643 0.20702 0.886589 231.557 -0.295913 0.951503 -0.0841177 -28.6901 -0.861008 -0.227559 0.454843 -5.32923
0.415743 0.194906 0.888351 232.272 -0.292886 0.953423 -0.0721142 -28.7662 -0.861031 -0.230205 0.453465 -4.95142
0.416003 0.189922 0.889309 232.972 -0.297818 0.952468 -0.0640959 -28.8313 -0.859212 -0.238188 0.452792 -4.57864
0.417699 0.188521 0.888812 233.688 -0.299925 0.952011 -0.0609754 -28.8981 -0.857655 -0.241107 0.454196 -4.19433
0.421123 0.192649 0.886307 234.396 -0.299673 0.951858 -0.0645095 -28.9711 -0.856068 -0.238436 0.458581 -3.83526
0.426357 0.196888 0.882867 235.092 -0.297813 0.952161 -0.0685202 -29.0474 -0.854124 -0.233715 0.464596 -3.4822
0.43137 0.200964 0.879507 235.813 -0.297724 0.95197 -0.071498 -29.1169 -0.851634 -0.231008 0.470483 -3.10741
0.437475 0.202788 0.876066 236.525 -0.296868 0.952187 -0.0721632 -29.1909 -0.848814 -0.228506 0.476759 -2.75172
0.442173 0.205027 0.873181 237.223 -0.296432 0.952223 -0.073475 -29.2571 -0.846529 -0.22635 0.481824 -2.38119
0.445974 0.203437 0.871619 237.912 -0.29577 0.952615 -0.0710071 -29.3231 -0.844764 -0.226132 0.485012 -1.99066
0.45223 0.197972 0.869651 238.678 -0.291939 0.954197 -0.0654069 -29.3742 -0.842769 -0.224306 0.489313 -1.57999
0.454157 0.192484 0.869879 239.3 -0.289235 0.95535 -0.0603898 -29.4163 -0.842665 -0.224173 0.489552 -1.22057
0.457077 0.18755 0.869427 240.007 -0.287333 0.956237 -0.0552191 -29.4587 -0.841736 -0.224576 0.490964 -0.82236
0.459039 0.183229 0.869315 240.709 -0.285671 0.956977 -0.050858 -29.5025 -0.841234 -0.224992 0.491633 -0.418867
0.461447 0.176771 0.869377 241.417 -0.283729 0.957886 -0.0441703 -29.5522 -0.840573 -0.226286 0.492169 -0.0227965
0.463806 0.17671 0.868133 242.112 -0.284501 0.957712 -0.0429475 -29.6051 -0.839013 -0.227066 0.494468 0.362504
0.464725 0.187656 0.865341 242.804 -0.292386 0.954988 -0.0500732 -29.6602 -0.835788 -0.229744 0.498674 0.773026
0.466297 0.200475 0.861612 243.483 -0.293832 0.953784 -0.0629022 -29.7172 -0.834403 -0.223838 0.503653 1.16025
0.467749 0.20757 0.859142 244.19 -0.29424 0.953157 -0.0700893 -29.7815 -0.833447 -0.22001 0.506914 1.56627
0.468394 0.206561 0.859033 244.886 -0.294965 0.95306 -0.0683385 -29.8347 -0.832828 -0.221375 0.507336 1.96331
0.46595 0.203959 0.860982 245.58 -0.294488 0.95334 -0.0664654 -29.8345 -0.834366 -0.22258 0.504272 2.42291
0.495738 0.204626 0.84402 246.54 -0.29352 0.954134 -0.0589225 -29.9957 -0.817367 -0.218527 0.533063 2.4593
0.495827 0.204373 0.844029 247.264 -0.290798 0.954876 -0.0603835 -30.0489 -0.818286 -0.215502 0.532885 2.96139
0.49945 0.201689 0.842538 247.951 -0.286756 0.95619 -0.0589091 -30.1184 -0.817509 -0.212181 0.535405 3.38105
0.501592 0.197544 0.842247 248.639 -0.286543 0.95656 -0.0537071 -30.1816 -0.816271 -0.214401 0.536408 3.81722
0.503105 0.196196 0.84166 249.311 -0.288662 0.956107 -0.050326 -30.2443 -0.814591 -0.217636 0.537656 4.24485
0.50373 0.197637 0.840948 250.037 -0.290361 0.955575 -0.0506497 -30.2971 -0.813601 -0.218665 0.538738 4.7324
0.506481 0.199975 0.838741 250.731 -0.287853 0.956142 -0.0541435 -30.3581 -0.812784 -0.214011 0.541831 5.16915
0.509096 0.200825 0.836952 251.403 -0.286939 0.956371 -0.0549412 -30.4191 -0.811472 -0.212184 0.54451 5.59757
0.51228 0.197582 0.835781 252.108 -0.28395 0.957411 -0.0522931 -30.4778 -0.810519 -0.210531 0.546566 6.0541
0.516045 0.195033 0.834062 252.811 -0.283834 0.957654 -0.0483219 -30.5336 -0.808168 -0.211799 0.54955 6.51248
0.520666 0.192929 0.831675 253.507 -0.283377 0.95796 -0.0448166 -30.5895 -0.805359 -0.212344 0.553449 6.971
0.525149 0.192399 0.828975 254.19 -0.281062 0.958659 -0.0444471 -30.6395 -0.803257 -0.209652 0.557515 7.43437
0.5288 0.19466 0.826121 254.871 -0.283179 0.958034 -0.0444801 -30.6935 -0.800112 -0.210419 0.561733 7.90373
