1 0 0 0 0 1 0 0 0 0 1 0
0.999994 -0.00251298 -0.00218131 -0.0067979 0.00251011 0.999996 -0.00131793 -0.000553541 0.00218461 0.00131245 0.999997 0.566112
0.999984 -0.00236119 -0.00511208 -0.0199592 0.00234978 0.999995 -0.00223555 0.000594442 0.00511733 0.0022235 0.999984 1.16368
0.999966 -0.00245485 -0.00782344 -0.033143 0.00243013 0.999992 -0.00316835 0.000801126 0.00783115 0.00314923 0.999964 1.78972
0.999931 -0.000907005 -0.0116831 -0.0470612 0.00086409 0.999993 -0.00367779 0.0029133 0.0116864 0.00366744 0.999925 2.44227
0.999876 -0.00254546 -0.0155416 -0.0673651 0.00248542 0.999989 -0.00388169 0.0017409 0.0155514 0.00384258 0.999872 3.11687
0.999812 -0.00127506 -0.0193582 -0.0889662 0.00118352 0.999988 -0.00473955 0.00112565 0.019364 0.00471575 0.999801 3.81681
0.999722 0.000627629 -0.0235805 -0.115436 -0.000758185 0.999984 -0.0055281 -0.00416857 0.0235767 0.00554444 0.999707 4.53559
0.999629 0.00233683 -0.0271523 -0.141418 -0.00247503 0.999984 -0.00505731 -0.015844 0.02714 0.00512263 0.999619 5.27988
0.999524 0.00442158 -0.0305367 -0.170563 -0.00453974 0.999982 -0.00380136 -0.0422968 0.0305194 0.00393818 0.999526 6.04534
0.999404 0.00570171 -0.0340607 -0.20116 -0.0057718 0.999981 -0.00196007 -0.0783176 0.0340489 0.0021555 0.999418 6.82245
0.999343 0.00398954 -0.0360265 -0.232806 -0.00405964 0.99999 -0.00187288 -0.0976753 0.0360187 0.0020179 0.999349 7.61938
0.999301 -0.00141987 -0.037356 -0.262237 0.00131707 0.999995 -0.00277647 -0.0885437 0.0373598 0.00272533 0.999298 8.43335
0.999228 -0.00270905 -0.0391919 -0.292421 0.00258976 0.999992 -0.00309411 -0.0812938 0.0392 0.00299022 0.999227 9.25138
0.999139 -0.00481192 -0.0412003 -0.325 0.00469659 0.999985 -0.00289571 -0.0747204 0.0412136 0.00269971 0.999147 10.0831
0.999079 -0.00748516 -0.0422574 -0.360035 0.0073696 0.999969 -0.00288989 -0.0750448 0.0422777 0.00257581 0.999103 10.9205
0.999024 -0.00654291 -0.0436946 -0.397158 0.00634501 0.999969 -0.00466634 -0.077754 0.0437237 0.00438454 0.999034 11.7659
0.99899 -0.00690426 -0.0443983 -0.438385 0.00660908 0.999955 -0.00679175 -0.0804217 0.0444432 0.00649146 0.998991 12.6217
0.998989 -0.00485845 -0.0447006 -0.484751 0.00447902 0.999953 -0.00858466 -0.0829829 0.0447402 0.00837576 0.998964 13.4914
0.998935 -0.00336725 -0.0460192 -0.527729 0.00293545 0.999951 -0.00944739 -0.0925838 0.0460487 0.00930225 0.998896 14.3689
0.998888 -0.00502348 -0.0468745 -0.564595 0.00462961 0.999953 -0.00850737 -0.103276 0.0469151 0.0082809 0.998865 15.2581
0.998899 -0.00533315 -0.0466121 -0.601747 0.00496287 0.999955 -0.00805602 -0.112979 0.046653 0.00781582 0.998881 16.157
0.998854 -0.0064738 -0.0474204 -0.642617 0.00614161 0.999955 -0.00714767 -0.130364 0.0474645 0.00684824 0.998849 17.0613
0.998831 -0.0059497 -0.0479783 -0.680193 0.00553287 0.999946 -0.00881615 -0.144103 0.0480281 0.00854038 0.998809 17.9744
0.998811 -0.00750006 -0.0481776 -0.721154 0.00703575 0.999927 -0.00979987 -0.15836 0.0482476 0.00944925 0.998791 18.8962
0.998854 -0.0053529 -0.0475579 -0.762551 0.00496817 0.999954 -0.00820434 -0.170711 0.0475996 0.00795866 0.998835 19.8206
0.998919 -0.00518197 -0.0461985 -0.80753 0.00494102 0.999973 -0.00532823 -0.182678 0.0462249 0.00509421 0.998918 20.7526
0.998944 -0.00582451 -0.0455822 -0.85967 0.00572747 0.999981 -0.00225933 -0.193135 0.0455945 0.00199588 0.998958 21.6885
0.999054 -0.00535017 -0.0431565 -0.908721 0.00536373 0.999985 0.000198381 -0.206234 0.0431548 -0.000429673 0.999068 22.63
0.999172 -0.00649182 -0.0401564 -0.955634 0.00655984 0.999977 0.00156249 -0.221252 0.0401454 -0.00182462 0.999192 23.5776
0.999323 -0.00666874 -0.0361882 -0.998807 0.00657769 0.999975 -0.0026346 -0.240042 0.0362048 0.00239478 0.999342 24.5254
0.999446 -0.00708141 -0.0325393 -1.04057 0.00685352 0.999951 -0.00710991 -0.262785 0.0325881 0.00688296 0.999445 25.4779
0.999541 -0.00543406 -0.0298221 -1.07761 0.00513344 0.999935 -0.0101477 -0.288252 0.0298754 0.00998993 0.999504 26.439
0.999582 -0.00798902 -0.0277993 -1.11183 0.00771195 0.99992 -0.0100597 -0.313817 0.0278775 0.00984114 0.999563 27.4065
0.999632 -0.00790644 -0.0259413 -1.14257 0.00777307 0.999956 -0.00523835 -0.33369 0.0259816 0.00503478 0.99965 28.38
0.999579 -0.0123871 -0.0262579 -1.17262 0.0123259 0.999921 -0.00248978 -0.347876 0.0262867 0.00216508 0.999652 29.3606
0.999476 -0.018928 -0.0262829 -1.19879 0.0188372 0.999816 -0.00369774 -0.361728 0.026348 0.0032007 0.999648 30.3491
0.999476 -0.0184366 -0.0266256 -1.22319 0.0182435 0.999805 -0.00747475 -0.378094 0.0267582 0.00698508 0.999618 31.3423
0.999484 -0.0165869 -0.0275239 -1.24847 0.0162973 0.99981 -0.0107144 -0.397482 0.0276964 0.0102603 0.999564 32.3355
0.999466 -0.0149612 -0.0290577 -1.27507 0.0146102 0.999818 -0.0122549 -0.416881 0.0292358 0.0118238 0.999503 33.3347
0.999503 -0.0137135 -0.0283824 -1.29991 0.0134183 0.999854 -0.010565 -0.435591 0.0285231 0.010179 0.999541 34.3396
0.999496 -0.0113078 -0.0296867 -1.32868 0.0110487 0.999899 -0.0088762 -0.451695 0.0297841 0.00854372 0.99952 35.3485
0.999499 -0.011128 -0.0296533 -1.35823 0.0108825 0.999905 -0.00842781 -0.472685 0.0297442 0.00810088 0.999525 36.3623
0.999531 -0.00459854 -0.0302757 -1.39011 0.00437797 0.999963 -0.00734797 -0.528133 0.0303084 0.00721197 0.999515 37.3783
0.999487 -0.0108149 -0.0301687 -1.41752 0.0106741 0.999931 -0.00482666 -0.522813 0.0302188 0.00450215 0.999533 38.393
0.999496 -0.0104367 -0.0299847 -1.44951 0.0103097 0.999937 -0.00438867 -0.511081 0.0300286 0.00407732 0.999541 39.4165
0.999503 -0.011481 -0.0293525 -1.47909 0.0113502 0.999925 -0.00461694 -0.503931 0.0294034 0.00428149 0.999559 40.4464
0.999523 -0.0103935 -0.0290872 -1.50984 0.0102527 0.999935 -0.00498555 -0.498423 0.0291371 0.00468495 0.999565 41.4753
0.999582 -0.00605532 -0.0282836 -1.54157 0.00586032 0.999958 -0.00697238 -0.495364 0.0283247 0.00680371 0.999576 42.5063
0.999512 -0.0110025 -0.029232 -1.5726 0.0107638 0.999907 -0.00831234 -0.497551 0.0293207 0.00799364 0.999538 43.5391
0.999412 -0.0169902 -0.0298028 -1.60426 0.0167941 0.999836 -0.00681659 -0.497933 0.0299137 0.00631206 0.999533 44.5727
0.999358 -0.0185831 -0.030631 -1.64171 0.0183824 0.999808 -0.00682101 -0.499369 0.0307519 0.00625356 0.999507 45.6128
0.999359 -0.0176252 -0.0311659 -1.68206 0.0173486 0.999808 -0.00912544 -0.503793 0.0313207 0.0085789 0.999473 46.6496
0.999391 -0.0148642 -0.0315842 -1.72389 0.0144483 0.999806 -0.0133579 -0.510584 0.0317766 0.0128934 0.999412 47.6862
0.99928 -0.0161971 -0.0343217 -1.77161 0.0157199 0.999776 -0.0141307 -0.519003 0.0345429 0.013581 0.999311 48.7253
0.999274 -0.0168039 -0.0342016 -1.82082 0.016413 0.999797 -0.0116796 -0.524375 0.034391 0.0111097 0.999347 49.7591
0.9992 -0.0210054 -0.0340401 -1.8704 0.020701 0.999743 -0.00927282 -0.537298 0.0342261 0.00856074 0.999377 50.7998
0.99918 -0.020783 -0.0347477 -1.91946 0.0204878 0.999751 -0.00883009 -0.545486 0.0349226 0.00811095 0.999357 51.8228
0.999188 -0.0212924 -0.03422 -1.96076 0.0209757 0.999734 -0.00958673 -0.558118 0.0344151 0.00886115 0.999368 52.8426
0.999212 -0.0218839 -0.0331287 -2.00159 0.0215647 0.999718 -0.00996045 -0.572583 0.0333374 0.00923818 0.999402 53.8406
0.999191 -0.0226838 -0.0332181 -2.04919 0.0223835 0.999705 -0.0093866 -0.588273 0.0334213 0.00863547 0.999404 54.8101
0.999104 -0.0281212 -0.0316477 -2.08559 0.0279444 0.999591 -0.00601351 -0.587838 0.0318038 0.00512375 0.999481 55.7735
0.999051 -0.0303019 -0.0312976 -2.12301 0.0302471 0.99954 -0.00222515 -0.589277 0.0313506 0.00127638 0.999508 56.7383
0.998964 -0.0334988 -0.0308129 -2.15285 0.0334321 0.999437 -0.00267527 -0.598795 0.0308852 0.00164236 0.999522 57.7055
0.998977 -0.0333619 -0.0305275 -2.18835 0.0332219 0.999435 -0.00508091 -0.612428 0.0306798 0.00406153 0.999521 58.6641
0.998989 -0.0319964 -0.0315777 -2.22231 0.0316626 0.999438 -0.0110146 -0.623567 0.0319124 0.0100037 0.999441 59.6142
0.998931 -0.0332465 -0.032133 -2.25013 0.0327705 0.999347 -0.0152281 -0.647061 0.0326183 0.0141588 0.999368 60.5676
0.99904 -0.0296733 -0.0322202 -2.27516 0.0292216 0.999469 -0.0144023 -0.668908 0.0326305 0.013447 0.999377 61.5187
0.999061 -0.0268265 -0.0340114 -2.30801 0.0264023 0.999569 -0.012859 -0.68846 0.0343417 0.011949 0.999339 62.4601
0.999079 -0.0252746 -0.0346848 -2.34741 0.0248835 0.999622 -0.0116612 -0.705729 0.0349664 0.0107874 0.99933 63.3911
0.999129 -0.0227921 -0.0349628 -2.38572 0.0223789 0.999675 -0.0121629 -0.724196 0.0352287 0.0113699 0.999315 64.3085
0.999062 -0.0216491 -0.0375017 -2.42977 0.0212038 0.9997 -0.0122308 -0.742412 0.0377553 0.0114242 0.999222 65.2194
0.999066 -0.0202247 -0.038179 -2.47505 0.0198053 0.99974 -0.0113307 -0.760195 0.0383982 0.010564 0.999207 66.1192
0.998962 -0.0213978 -0.0402103 -2.52197 0.0209764 0.999721 -0.0108719 -0.780007 0.0404317 0.0100172 0.999132 67.0073
0.998924 -0.0194043 -0.0421256 -2.56895 0.0189836 0.999766 -0.0103638 -0.796922 0.0423168 0.00955295 0.999059 67.8861
0.998899 -0.0202501 -0.0423279 -2.61598 0.0199151 0.999767 -0.00832069 -0.812243 0.0424866 0.00746856 0.999069 68.765
0.998842 -0.0197853 -0.0438469 -2.66411 0.019585 0.999796 -0.00499148 -0.825178 0.0439367 0.00412696 0.999026 69.6379
0.998797 -0.016798 -0.0460725 -2.7109 0.0166561 0.999855 -0.00346177 -0.83484 0.046124 0.00269021 0.998932 70.5012
0.998766 -0.0135688 -0.047776 -2.76187 0.0132713 0.999891 -0.00653802 -0.85002 0.0478595 0.0058959 0.998837 71.3476
0.998661 -0.010751 -0.0506082 -2.81859 0.0101673 0.999879 -0.0117782 -0.868175 0.0507287 0.0112479 0.998649 72.1719
0.998559 -0.0110254 -0.0525227 -2.87233 0.0101778 0.999814 -0.0163775 -0.892259 0.0526935 0.0158193 0.998485 72.9801
0.99845 -0.0115009 -0.0544542 -2.92544 0.0105653 0.999792 -0.017438 -0.91982 0.0546435 0.0168356 0.998364 73.7774
0.998371 -0.00990297 -0.0561866 -2.97749 0.00906233 0.999843 -0.0151964 -0.946852 0.0563283 0.0146625 0.998305 74.5576
0.998217 -0.0111087 -0.0586396 -3.0274 0.0103357 0.999856 -0.0134675 -0.977678 0.0587808 0.0128375 0.998188 75.3212
0.998013 -0.0126899 -0.061724 -3.07686 0.0117436 0.999808 -0.0156703 -1.0098 0.061911 0.0149143 0.99797 76.0612
0.997855 -0.0178839 -0.0629671 -3.12356 0.016684 0.99967 -0.0195306 -1.04617 0.0632956 0.0184382 0.997824 76.7778
0.997845 -0.0197088 -0.0625854 -3.17087 0.018277 0.99956 -0.0233665 -1.08028 0.0630184 0.0221723 0.997766 77.466
0.99801 -0.0175822 -0.0605606 -3.21898 0.016203 0.9996 -0.0231907 -1.1137 0.0609441 0.0221633 0.997895 78.1302
0.998293 -0.0131918 -0.0568961 -3.26681 0.0120471 0.999719 -0.0204159 -1.1446 0.0571495 0.0196956 0.998171 78.7871
0.998533 -0.013863 -0.0523344 -3.31192 0.0129266 0.999751 -0.0181889 -1.17135 0.0525735 0.0174857 0.998464 79.4327
0.998738 -0.0158994 -0.0476503 -3.34682 0.0152129 0.999776 -0.0147345 -1.19941 0.0478739 0.013991 0.998755 80.0658
0.999011 -0.0198415 -0.0397819 -3.3751 0.0193968 0.999745 -0.0115326 -1.22485 0.0400006 0.0107496 0.999142 80.6884
0.999406 -0.0171838 -0.0298843 -3.39839 0.0168486 0.999793 -0.0114314 -1.24337 0.0300745 0.0109211 0.999488 81.2956
0.999803 -0.0128131 -0.0151932 -3.41494 0.012642 0.999856 -0.0113006 -1.26189 0.0153358 0.0111063 0.999821 81.8896
0.999961 -0.00829555 0.00289481 -3.42457 0.00832542 0.99991 -0.0104656 -1.27396 -0.00280771 0.0104893 0.999941 82.4711
0.999673 -0.00862202 0.0240888 -3.41906 0.00885494 0.999915 -0.00957978 -1.28361 -0.0240041 0.00978995 0.999664 83.032
0.998675 -0.0110476 0.0502594 -3.39557 0.0114645 0.999902 -0.00801474 -1.29033 -0.0501659 0.00858032 0.998704 83.5752
0.996799 -0.0115613 0.0791046 -3.35442 0.0121025 0.999906 -0.00636518 -1.29545 -0.0790235 0.00730217 0.996846 84.0993
0.993633 -0.0112913 0.112096 -3.29674 0.0118587 0.99992 -0.00439698 -1.30149 -0.112037 0.0056983 0.993688 84.6079
0.988664 -0.0116632 0.149693 -3.22109 0.0122878 0.999919 -0.00324863 -1.30798 -0.149642 0.00505119 0.988727 85.1051
0.981621 -0.0108244 0.190535 -3.12191 0.0114747 0.999931 -0.00231032 -1.31384 -0.190497 0.00445419 0.981678 85.5843
0.971777 -0.0103761 0.235674 -3.00068 0.0110341 0.999938 -0.00147309 -1.32893 -0.235644 0.00403196 0.971831 86.05
0.958701 -0.00835656 0.284294 -2.85984 0.00922124 0.999956 -0.00170327 -1.3394 -0.284267 0.00425446 0.958736 86.5058
0.941626 -0.00736978 0.336581 -2.69724 0.00856414 0.999961 -0.00206408 -1.34963 -0.336552 0.00482611 0.941652 86.9459
0.920228 -0.00774898 0.391305 -2.50874 0.00941776 0.999953 -0.0023457 -1.35864 -0.391268 0.00584379 0.920258 87.3658
0.894262 -0.00738434 0.447483 -2.30216 0.00945252 0.999952 -0.00238901 -1.36372 -0.447444 0.00636624 0.894289 87.7619
0.863663 -0.00619383 0.504033 -2.07592 0.00879611 0.999957 -0.00278418 -1.37228 -0.503994 0.00683812 0.86368 88.1361
0.82866 -0.00745469 0.559703 -1.82425 0.0104111 0.999943 -0.0020958 -1.38214 -0.559656 0.00756384 0.828691 88.4879
0.790297 -0.00774512 0.612675 -1.55349 0.0108838 0.999939 -0.0013984 -1.38806 -0.612628 0.00777337 0.790334 88.8091
0.748833 -0.00866661 0.662702 -1.25988 0.0114784 0.999934 0.000106603 -1.39531 -0.662659 0.0075269 0.748883 89.1041
0.704453 -0.00886771 0.709695 -0.955007 0.00923819 0.999951 0.00332452 -1.39994 -0.70969 0.00421432 0.704501 89.377
0.657751 -0.00949237 0.753176 -0.634823 0.00960315 0.999945 0.00421596 -1.40646 -0.753174 0.00445981 0.657806 89.6279
0.610055 -0.0117749 0.792271 -0.298236 0.0122283 0.99991 0.00544496 -1.41064 -0.792265 0.00636641 0.610145 89.8569
0.561936 -0.014239 0.827058 0.0470927 0.0159051 0.999853 0.00640732 -1.41479 -0.827028 0.00955392 0.56208 90.0608
0.51397 -0.0127657 0.857713 0.403118 0.0147562 0.999873 0.00603906 -1.41717 -0.857682 0.00955271 0.514093 90.243
0.465782 -0.0105639 0.884837 0.76316 0.0115446 0.999916 0.00586064 -1.41562 -0.884824 0.00748531 0.465865 90.4009
0.419227 -0.00983526 0.907828 1.12393 0.0109402 0.999923 0.00578093 -1.4181 -0.907816 0.00750827 0.419302 90.5406
0.376069 -0.0115623 0.92652 1.49131 0.0141676 0.999877 0.00672726 -1.41999 -0.926484 0.0105966 0.376186 90.664
0.335936 -0.0179087 0.941714 1.86095 0.0243977 0.999649 0.0103071 -1.42365 -0.941569 0.0195131 0.336255 90.7687
0.299227 -0.020971 0.953952 2.23388 0.0288324 0.9995 0.0129284 -1.42084 -0.953746 0.0236362 0.299682 90.8537
0.265452 -0.0178579 0.963959 2.60945 0.0249826 0.99962 0.0116389 -1.41614 -0.963801 0.0209927 0.265797 90.93
0.233922 -0.0120041 0.972181 2.98349 0.0162446 0.999832 0.00843685 -1.41285 -0.97212 0.0138191 0.234078 90.9973
0.205292 -0.00839998 0.978665 3.36284 0.0118616 0.999911 0.00609415 -1.41098 -0.978629 0.0103575 0.205373 91.0613
0.179082 -0.00714826 0.983808 3.74739 0.0116329 0.999919 0.00514778 -1.41138 -0.983766 0.0105226 0.17915 91.1146
0.155683 -0.00608357 0.987788 4.13637 0.0169053 0.999851 0.00349346 -1.4103 -0.987663 0.016155 0.155762 91.1622
0.134461 -0.00227783 0.990916 4.53056 0.0202176 0.999795 -0.00044516 -1.40901 -0.990713 0.0200938 0.134479 91.2012
0.114328 0.00305434 0.993438 4.93663 0.019858 0.999788 -0.00535918 -1.40437 -0.993245 0.0203404 0.114243 91.2312
0.0964317 0.00403674 0.995331 5.35192 0.0183584 0.999814 -0.00583357 -1.39977 -0.99517 0.0188352 0.0963395 91.2575
0.0805646 0.00106363 0.996749 5.78272 0.0178007 0.999838 -0.00250572 -1.39567 -0.996591 0.0179447 0.0805324 91.2792
0.0654125 -0.00118227 0.997858 6.23142 0.0189794 0.99982 -5.95673e-05 -1.39651 -0.997678 0.0189426 0.0654229 91.3027
0.0516496 -0.00312453 0.99866 6.69474 0.0211278 0.999774 0.0020353 -1.4018 -0.998442 0.0209944 0.0517038 91.3175
0.0391058 -0.00389094 0.999227 7.17233 0.0253434 0.999674 0.00290083 -1.40747 -0.998914 0.0252104 0.0391914 91.3273
0.028569 -0.00356686 0.999585 7.66117 0.028333 0.999594 0.0027571 -1.4023 -0.99919 0.0282425 0.0286582 91.3394
0.0203615 -0.00313818 0.999788 8.16724 0.0305811 0.999529 0.00251455 -1.39456 -0.999325 0.0305234 0.0204476 91.3563
0.0131686 -0.00253267 0.99991 8.68929 0.0315175 0.999501 0.00211655 -1.38938 -0.999417 0.0314868 0.0132416 91.3754
0.00722862 -0.00202187 0.999972 9.21903 0.0309909 0.999518 0.00179691 -1.37949 -0.999494 0.0309771 0.00728755 91.3926
3.89671e-05 -0.00139666 0.999999 9.7614 0.0313389 0.999508 0.00139475 -1.37148 -0.999509 0.0313389 8.24697e-05 91.4135
-0.00621619 -0.00133629 0.99998 10.3348 0.0329906 0.999454 0.00154065 -1.36405 -0.999436 0.0329995 -0.00616897 91.4321
-0.00981604 -0.000555835 0.999952 10.9137 0.0334493 0.99944 0.000883896 -1.35822 -0.999392 0.0334564 -0.0097922 91.4438
-0.0145389 -0.00115766 0.999894 11.5214 0.0339373 0.999422 0.00165057 -1.35316 -0.999318 0.0339577 -0.0144914 91.4486
-0.0188952 -0.00122155 0.999821 12.1437 0.03463 0.999398 0.00187548 -1.35274 -0.999222 0.0346592 -0.0188418 91.4614
-0.0214827 -0.00101469 0.999769 12.7749 0.0395893 0.999214 0.0018648 -1.3522 -0.998985 0.0396202 -0.0214259 91.4697
-0.0233987 -0.00064706 0.999726 13.4283 0.0435039 0.999052 0.00166483 -1.34336 -0.998779 0.0435309 -0.0233486 91.4938
-0.022132 -0.00071047 0.999755 14.091 0.0466987 0.998907 0.00174365 -1.33015 -0.998664 0.0467259 -0.0220749 91.4773
-0.0202123 -0.000561584 0.999795 14.7695 0.0484934 0.998822 0.00154139 -1.31809 -0.998619 0.0485146 -0.0201615 91.4974
-0.0172424 -0.000225387 0.999851 15.4639 0.0514963 0.998672 0.00111317 -1.30614 -0.998524 0.0515079 -0.0172082 91.4903
-0.0143214 -0.000762107 0.999897 16.1747 0.0558739 0.998436 0.00156126 -1.29113 -0.998335 0.0558906 -0.0142567 91.4868
-0.0111436 -0.00162216 0.999936 16.9169 0.0581642 0.998304 0.00226771 -1.27323 -0.998245 0.0581858 -0.0110306 91.4764
-0.00913346 -0.003021 0.999954 17.6886 0.0578274 0.99832 0.00354424 -1.24933 -0.998285 0.0578571 -0.00894367 91.4769
-0.0050116 -0.00429525 0.999978 18.4833 0.0539983 0.99853 0.00455964 -1.22166 -0.998528 0.05402 -0.00477255 91.4806
-0.00135912 -0.00356559 0.999993 19.2866 0.0558749 0.998431 0.00363595 -1.21329 -0.998437 0.0558794 -0.00115801 91.4973
0.00201387 -0.00068507 0.999998 20.0897 0.0603007 0.99818 0.000562377 -1.21858 -0.998178 0.0602994 0.00205126 91.5079
0.00184801 0.00403109 0.99999 20.8961 0.0544349 0.998509 -0.00412573 -1.22666 -0.998515 0.054442 0.00162556 91.5269
0.000402441 0.00610637 0.999981 21.7223 0.0522913 0.998613 -0.00611907 -1.24034 -0.998632 0.0522928 8.23187e-05 91.5373
-0.0012756 0.00576548 0.999982 22.555 0.0508858 0.998688 -0.00569311 -1.25411 -0.998704 0.0508777 -0.00156756 91.5432
-0.00352013 0.00379309 0.999986 23.4019 0.048669 0.998808 -0.00361731 -1.26513 -0.998809 0.0486556 -0.0037008 91.5504
-0.00539317 0.00336446 0.99998 24.2452 0.0480555 0.99884 -0.00310146 -1.28338 -0.99883 0.0480378 -0.00554884 91.5551
-0.00618203 0.0037459 0.999974 25.0908 0.0473597 0.998872 -0.003449 -1.30231 -0.998859 0.0473372 -0.00635271 91.5602
-0.00667076 0.00356834 0.999971 25.9271 0.0483887 0.998823 -0.00324145 -1.3198 -0.998806 0.0483657 -0.00683583 91.5632
-0.00975794 0.00398542 0.999944 26.7632 0.0458361 0.998943 -0.00353415 -1.34851 -0.998901 0.0457991 -0.00993056 91.5655
-0.010985 0.00426373 0.999931 27.5957 0.0421011 0.999106 -0.00379772 -1.37296 -0.999053 0.0420564 -0.0111549 91.5698
-0.0152815 0.00430311 0.999874 28.4302 0.0379789 0.999272 -0.00372008 -1.39794 -0.999161 0.0379172 -0.015434 91.5717
-0.0182381 0.00340231 0.999828 29.2649 0.0347947 0.999391 -0.00276613 -1.41625 -0.999228 0.0347383 -0.0183457 91.5732
-0.0251475 0.00200974 0.999682 30.1017 0.0319515 0.999489 -0.00120561 -1.43228 -0.999173 0.031911 -0.0251991 91.5737
-0.0322781 0.000471104 0.999479 30.9425 0.0266802 0.999644 0.000390443 -1.44542 -0.999123 0.0266789 -0.0322794 91.5681
-0.0405624 7.06469e-05 0.999177 31.7872 0.0264245 0.99965 0.00100203 -1.45949 -0.998827 0.0264435 -0.0405503 91.5526
-0.0497862 0.00105558 0.998759 32.6302 0.0260548 0.99966 0.000242242 -1.46437 -0.99842 0.0260346 -0.049797 91.5219
-0.0608704 0.000945667 0.998145 33.4736 0.0262068 0.999656 0.000651074 -1.47716 -0.997801 0.0261978 -0.0608746 91.4796
-0.0705849 -3.95867e-05 0.997506 34.3152 0.0284012 0.999594 0.00204937 -1.48503 -0.997101 0.0284751 -0.0705554 91.4228
-0.0812272 -0.000119681 0.996695 35.1609 0.0262394 0.999653 0.00225845 -1.48905 -0.99635 0.0263362 -0.0811961 91.3523
-0.0920038 -0.000841123 0.995758 35.9985 0.0269626 0.999631 0.00333561 -1.49067 -0.995394 0.0271551 -0.0919474 91.2721
-0.103084 -0.00155448 0.994671 36.831 0.0259064 0.999655 0.0042471 -1.49239 -0.994335 0.0262062 -0.103008 91.1799
-0.114755 -0.000726216 0.993393 37.6584 0.0253345 0.999672 0.00365739 -1.49361 -0.993071 0.0255869 -0.114699 91.0748
-0.125236 -0.000938387 0.992126 38.4784 0.0243996 0.999694 0.0040255 -1.49324 -0.991827 0.0247117 -0.125175 90.9618
-0.136773 0.000995546 0.990602 39.2951 0.0247422 0.999691 0.00241149 -1.49707 -0.990293 0.0248396 -0.136756 90.8372
-0.146624 0.00205554 0.98919 40.1034 0.0247394 0.999692 0.00158964 -1.50384 -0.988883 0.0247051 -0.14663 90.7067
-0.155432 0.00192112 0.987845 40.9058 0.0242697 0.999703 0.00187451 -1.50619 -0.987548 0.0242661 -0.155433 90.5678
-0.164987 0.00208316 0.986293 41.698 0.0236098 0.999719 0.00183791 -1.50847 -0.986013 0.0235894 -0.16499 90.4226
-0.172591 0.00171203 0.984992 42.4821 0.0245542 0.999695 0.00256479 -1.51326 -0.984687 0.0246284 -0.17258 90.2706
-0.180491 0.00209339 0.983574 43.2615 0.0264082 0.999647 0.00271844 -1.51694 -0.983222 0.0264651 -0.180483 90.1179
-0.185874 6.95012e-05 0.982574 44.0357 0.0285768 0.999577 0.00533518 -1.5197 -0.982158 0.0290705 -0.185798 89.9642
-0.189696 -0.0012046 0.981842 44.8004 0.0307991 0.999499 0.00717676 -1.52178 -0.98136 0.0316013 -0.189564 89.8082
-0.192401 -0.00119638 0.981315 45.5526 0.0332986 0.999415 0.00774712 -1.52126 -0.980751 0.0341671 -0.192249 89.6551
-0.194759 -0.00195303 0.980849 46.2928 0.0339912 0.999384 0.00873928 -1.52079 -0.980262 0.0350423 -0.194573 89.5009
-0.195675 -0.00172147 0.980667 47.0192 0.0323518 0.999443 0.00820964 -1.52053 -0.980135 0.0333328 -0.19551 89.3495
-0.195116 -0.000920232 0.98078 47.7261 0.0340242 0.999391 0.00770647 -1.52483 -0.98019 0.0348739 -0.194967 89.2015
-0.192755 0.000189516 0.981247 48.4152 0.0347237 0.999375 0.00662806 -1.52938 -0.980632 0.0353502 -0.192641 89.0609
-0.187351 0.000494647 0.982293 49.0948 0.0343956 0.99939 0.00605696 -1.53172 -0.981691 0.0349214 -0.187254 88.9306
-0.179455 0.000735638 0.983766 49.7613 0.0349085 0.999375 0.00562055 -1.53351 -0.983147 0.0353505 -0.179368 88.8079
-0.167983 0.000754694 0.98579 50.4089 0.0346383 0.999387 0.0051374 -1.53257 -0.985181 0.0350091 -0.167906 88.6974
-0.154132 0.000630583 0.98805 51.0426 0.0343566 0.999398 0.00472166 -1.53167 -0.987453 0.0346738 -0.154061 88.6039
-0.137081 0.00163408 0.990558 51.6576 0.0342415 0.999409 0.00308993 -1.53295 -0.989968 0.0343418 -0.137057 88.5216
-0.115541 0.00322775 0.993297 52.2625 0.0338578 0.999426 0.000690685 -1.53944 -0.992725 0.0337107 -0.115584 88.4562
-0.090903 0.00571668 0.995843 52.8501 0.0328197 0.999457 -0.00274157 -1.54623 -0.995319 0.0324341 -0.0910416 88.4065
-0.0626515 0.00733003 0.998008 53.4261 0.0316955 0.999483 -0.00535113 -1.55373 -0.997532 0.0312971 -0.0628517 88.3767
-0.0293167 0.0069159 0.999546 53.9942 0.0304016 0.999519 -0.00602405 -1.56511 -0.999108 0.0302112 -0.0295131 88.3654
0.00897781 0.00513841 0.999946 54.552 0.0310874 0.999502 -0.00541524 -1.57415 -0.999476 0.0311344 0.00881333 88.3795
0.050752 0.00227236 0.998709 55.1032 0.0302194 0.999536 -0.00380993 -1.58077 -0.998254 0.0303738 0.0506595 88.419
0.0969959 -0.00182764 0.995283 55.6482 0.0272054 0.999629 -0.000815706 -1.5835 -0.994913 0.0271563 0.0970094 88.4812
0.145714 -0.00412554 0.989318 56.1837 0.0251284 0.999684 0.000467677 -1.58475 -0.989008 0.0247918 0.145771 88.5697
0.197355 -0.0051671 0.980319 56.7012 0.0226166 0.999744 0.000716369 -1.58214 -0.980071 0.0220302 0.197421 88.6878
0.253497 -0.00430977 0.967327 57.2124 0.0235274 0.999721 -0.00171149 -1.58114 -0.96705 0.0231926 0.253528 88.8325
0.312745 -0.00262048 0.949834 57.7027 0.0240605 0.999697 -0.0051642 -1.57749 -0.949532 0.0244686 0.312713 89.0041
0.374643 0.0016097 0.927168 58.1683 0.0243982 0.999635 -0.0115942 -1.57731 -0.926848 0.0269649 0.374467 89.2024
0.437067 0.00545171 0.899413 58.6163 0.0241757 0.999549 -0.0178068 -1.57585 -0.899104 0.0295268 0.436738 89.4305
0.497816 0.0101632 0.867223 59.036 0.021711 0.999472 -0.024176 -1.57821 -0.867011 0.0308635 0.497332 89.6864
0.557028 0.0135928 0.830382 59.4261 0.0169048 0.999473 -0.0277007 -1.58111 -0.830321 0.0294675 0.556505 89.9743
0.613491 0.0145635 0.789568 59.7894 0.0158745 0.9994 -0.0307683 -1.58381 -0.789542 0.0314101 0.612892 90.2865
0.66622 0.0144369 0.745615 60.1247 0.0145753 0.999369 -0.0323735 -1.59435 -0.745612 0.0324355 0.66559 90.6204
0.715517 0.0108877 0.69851 60.4448 0.0138718 0.99946 -0.0297881 -1.60586 -0.698457 0.0310036 0.71498 90.9842
0.761383 0.00748881 0.648259 60.7369 0.012304 0.999586 -0.0259986 -1.61914 -0.648186 0.0277711 0.760975 91.3668
0.802059 0.00448279 0.597228 61.0052 0.0101899 0.999723 -0.0211886 -1.62925 -0.597158 0.0230802 0.801791 91.768
0.837646 0.00158296 0.546211 61.2458 0.0101166 0.999779 -0.0184119 -1.64301 -0.54612 0.0209485 0.837445 92.1864
0.867043 0.000937056 0.498232 61.46 0.00790015 0.999846 -0.0156286 -1.65604 -0.49817 0.0174869 0.866903 92.62
0.890576 0.00282256 0.454825 61.652 0.00357418 0.999906 -0.0132037 -1.66479 -0.45482 0.0133846 0.890482 93.0648
0.909666 0.00772049 0.415268 61.8324 -0.00289054 0.99992 -0.0122582 -1.6687 -0.41533 0.00995058 0.909616 93.5225
0.924243 0.0125603 0.381597 61.9889 -0.00824922 0.999882 -0.0129312 -1.67511 -0.381715 0.00880374 0.924238 93.9785
0.936254 0.0150492 0.351001 62.1424 -0.0110077 0.999848 -0.0135069 -1.67956 -0.351151 0.00878224 0.936277 94.4408
0.944529 0.014399 0.328113 62.2877 -0.0107719 0.999859 -0.0128693 -1.69648 -0.328252 0.00862108 0.944551 94.9
0.950575 0.0133717 0.310208 62.434 -0.010206 0.999878 -0.0118261 -1.70957 -0.310328 0.00807563 0.950595 95.3757
0.955372 0.0166023 0.294939 62.5825 -0.013533 0.999831 -0.0124448 -1.71808 -0.295096 0.00789802 0.955435 95.8759
0.959197 0.0188949 0.282107 62.7218 -0.0162293 0.999798 -0.0117827 -1.7198 -0.282273 0.0067236 0.95931 96.3832
0.962159 0.0219881 0.271599 62.8566 -0.019549 0.99974 -0.0116834 -1.72056 -0.271785 0.00593186 0.962339 96.9006
0.963957 0.0244549 0.26493 62.9887 -0.0208412 0.999647 -0.016443 -1.71908 -0.265239 0.0103289 0.964127 97.4215
0.964916 0.0279502 0.261067 63.1262 -0.0241607 0.999551 -0.0177146 -1.71837 -0.261445 0.0107856 0.965158 97.9559
0.964743 0.0301272 0.261465 63.2718 -0.0258187 0.999468 -0.0198988 -1.71928 -0.261925 0.0124466 0.965007 98.4839
0.964231 0.0331495 0.262981 63.4211 -0.0272232 0.999287 -0.0261479 -1.72501 -0.26366 0.0180535 0.964446 99.0085
0.963815 0.0379171 0.263863 63.5695 -0.0312518 0.999078 -0.0294139 -1.73624 -0.264735 0.0201034 0.964111 99.5405
0.963129 0.0424968 0.265661 63.7169 -0.0358289 0.99891 -0.0298977 -1.74539 -0.266643 0.019277 0.963602 100.087
0.96229 0.0448539 0.268302 63.864 -0.0387654 0.998857 -0.0279504 -1.75607 -0.269249 0.0164956 0.962929 100.641
0.961971 0.0438051 0.269616 64.0127 -0.0392553 0.998981 -0.0222468 -1.76511 -0.270316 0.010817 0.96271 101.209
0.96172 0.0383541 0.271338 64.1662 -0.034575 0.999227 -0.0186961 -1.77235 -0.271846 0.00859891 0.962302 101.784
0.961746 0.0377512 0.27133 64.3117 -0.0350548 0.999276 -0.0147792 -1.77999 -0.271692 0.00470244 0.962372 102.376
0.962108 0.0340518 0.270533 64.4687 -0.031524 0.999409 -0.013685 -1.78663 -0.27084 0.00463822 0.962613 102.978
0.962914 0.0301989 0.268113 64.6214 -0.0271058 0.999516 -0.0152313 -1.79564 -0.268443 0.00739903 0.963267 103.584
0.963794 0.0305983 0.264887 64.7763 -0.026083 0.999448 -0.0205477 -1.81076 -0.26537 0.0128947 0.96406 104.204
0.96449 0.0318166 0.262198 64.9299 -0.0257776 0.999317 -0.0264407 -1.8306 -0.262861 0.018743 0.964651 104.832
0.965623 0.0343718 0.257665 65.0813 -0.027863 0.999194 -0.0288709 -1.85283 -0.25845 0.0206991 0.965802 105.467
0.967096 0.0312207 0.252491 65.2324 -0.0256443 0.999349 -0.0253472 -1.87246 -0.253118 0.0180383 0.967267 106.114
0.968104 0.0278154 0.249002 65.3903 -0.0235913 0.999522 -0.0199328 -1.89217 -0.249438 0.0134227 0.968297 106.779
0.969283 0.0235511 0.24482 65.5495 -0.0203261 0.99967 -0.0156919 -1.91245 -0.245109 0.0102336 0.969441 107.456
0.969671 0.02396 0.243235 65.7109 -0.0203457 0.999642 -0.017361 -1.93227 -0.243564 0.0118857 0.969811 108.137
0.970576 0.0298279 0.238939 65.8749 -0.0256599 0.999459 -0.0205365 -1.95428 -0.239422 0.0138011 0.970817 108.831
0.972133 0.0310005 0.232369 66.0406 -0.025816 0.999345 -0.0253203 -1.98041 -0.233003 0.0186158 0.972297 109.542
0.973825 0.0307631 0.22521 66.2098 -0.0251475 0.999298 -0.0277619 -2.00849 -0.225906 0.0213718 0.973914 110.256
0.97531 0.0291722 0.218905 66.3843 -0.0237561 0.999344 -0.0273337 -2.03916 -0.219559 0.0214585 0.975363 110.985
0.976711 0.0274951 0.212789 66.5537 -0.0225401 0.999416 -0.0256778 -2.0694 -0.213371 0.0202835 0.97676 111.725
0.977878 0.0257524 0.207584 66.7216 -0.0212809 0.999491 -0.023745 -2.09478 -0.208091 0.0188022 0.977928 112.489
0.978496 0.0227605 0.205006 66.901 -0.0184086 0.999563 -0.0231108 -2.11897 -0.205443 0.01884 0.978487 113.258
0.979104 0.0196034 0.202415 67.0818 -0.0159392 0.999678 -0.0197165 -2.14451 -0.202736 0.0160782 0.979101 114.043
0.979666 0.0197173 0.199665 67.2559 -0.0163772 0.999697 -0.0183665 -2.1721 -0.199967 0.0147231 0.979691 114.831
0.980023 0.0219221 0.197673 67.424 -0.0185943 0.999652 -0.0186761 -2.1999 -0.198014 0.0146274 0.980089 115.638
0.980274 0.0253175 0.196013 67.5898 -0.0213599 0.999523 -0.0222787 -2.23007 -0.196484 0.0176524 0.980348 116.448
0.979806 0.032869 0.197228 67.7513 -0.02865 0.999296 -0.0242078 -2.26437 -0.197885 0.0180684 0.980058 117.266
0.97961 0.0362086 0.197619 67.9129 -0.0323979 0.999222 -0.0224835 -2.29811 -0.198279 0.0156226 0.980021 118.095
0.979585 0.0362526 0.197735 68.0763 -0.0324189 0.999218 -0.0225922 -2.32985 -0.1984 0.0157207 0.979995 118.926
0.979177 0.0377339 0.199471 68.2414 -0.0338092 0.999162 -0.0230464 -2.36567 -0.200173 0.0158226 0.979632 119.759
0.979249 0.0341456 0.199763 68.4164 -0.0299674 0.999264 -0.0239033 -2.40174 -0.200433 0.0174209 0.979552 120.601
0.979022 0.0266442 0.202006 68.5968 -0.0219541 0.999435 -0.0254234 -2.44008 -0.20257 0.0204552 0.979054 121.444
0.979301 0.0244615 0.200928 68.7824 -0.0195008 0.999455 -0.0266318 -2.47899 -0.201471 0.0221623 0.979243 122.294
0.979195 0.0225832 0.201661 68.9672 -0.0175281 0.999486 -0.0268183 -2.50593 -0.202163 0.0227257 0.979088 123.15
0.978699 0.0274757 0.203456 69.1536 -0.0230667 0.999445 -0.0240106 -2.53793 -0.204003 0.0188061 0.978789 124.012
0.978544 0.0312667 0.203654 69.3366 -0.0278766 0.999421 -0.0194945 -2.56102 -0.204145 0.0133991 0.978848 124.875
0.97776 0.036183 0.206582 69.5266 -0.0329403 0.999274 -0.0191161 -2.58441 -0.207124 0.0118861 0.978242 125.735
0.977294 0.0362631 0.20876 69.7156 -0.0319515 0.999201 -0.0239899 -2.61968 -0.209463 0.016775 0.977672 126.58
0.977486 0.0336457 0.208303 69.905 -0.0264301 0.998953 -0.037328 -2.66776 -0.209341 0.0309821 0.977351 127.438
0.97771 0.0293035 0.207905 70.097 -0.020789 0.998857 -0.043022 -2.72218 -0.208928 0.037741 0.977202 128.293
0.977646 0.0272192 0.208488 70.2912 -0.0201704 0.999153 -0.0358615 -2.75905 -0.209288 0.0308546 0.977367 129.139
0.978368 0.0214827 0.205755 70.4817 -0.0176821 0.999637 -0.0202929 -2.78374 -0.206117 0.0162158 0.978393 129.997
0.978689 0.0146334 0.204825 70.6751 -0.0127089 0.999861 -0.0107084 -2.80006 -0.204954 0.00787717 0.97874 130.85
0.979117 0.0183619 0.202466 70.8523 -0.0159543 0.999781 -0.0135176 -2.81791 -0.20267 0.0100051 0.979195 131.714
0.979245 0.0258594 0.201023 71.0273 -0.0210352 0.999437 -0.0260976 -2.84164 -0.201585 0.0213274 0.979238 132.568
0.979272 0.0274333 0.200682 71.207 -0.0211509 0.999218 -0.0333835 -2.87106 -0.201441 0.028447 0.979087 133.408
0.979972 0.0259442 0.197436 71.3831 -0.019451 0.999206 -0.0347565 -2.9094 -0.198181 0.0302201 0.979699 134.245
0.980853 0.0191887 0.1938 71.5577 -0.0122387 0.99924 -0.0369954 -2.94795 -0.194363 0.0339152 0.980343 135.08
0.981572 0.0204381 0.189995 71.7246 -0.0137643 0.999243 -0.0363798 -2.98834 -0.190595 0.0330942 0.98111 135.906
0.98278 0.0222324 0.183436 71.8827 -0.0154367 0.999143 -0.0383921 -3.0281 -0.184133 0.0348994 0.982281 136.733
0.983191 0.0262181 0.18069 72.035 -0.0192987 0.999015 -0.0399468 -3.0671 -0.181559 0.0357883 0.982728 137.554
0.983733 0.0287394 0.177325 72.1742 -0.0219831 0.998959 -0.0399489 -3.10481 -0.178289 0.0354009 0.983341 138.375
0.984179 0.0291876 0.174758 72.3154 -0.0226911 0.998979 -0.0390586 -3.14236 -0.17572 0.0344752 0.983836 139.193
0.984219 0.0292588 0.174519 72.4579 -0.0233048 0.999077 -0.0360695 -3.17849 -0.175413 0.0314332 0.983993 140.01
0.984604 0.0288256 0.172405 72.5997 -0.0228198 0.999064 -0.0367173 -3.21435 -0.173302 0.0322178 0.984341 140.822
0.98506 0.0264832 0.170165 72.7362 -0.020273 0.999066 -0.0381302 -3.24792 -0.171016 0.0341108 0.984677 141.627
0.985995 0.0245559 0.164957 72.8682 -0.0178943 0.998967 -0.0417493 -3.28296 -0.165812 0.0382129 0.985416 142.432
0.987149 0.0234617 0.158072 72.9959 -0.0169743 0.998962 -0.0422671 -3.31929 -0.1589 0.0390408 0.986522 143.232
0.988259 0.0224756 0.151127 73.1205 -0.0167881 0.999105 -0.038805 -3.35407 -0.151865 0.0358123 0.987752 144.03
0.989114 0.0191343 0.145899 73.2368 -0.0145051 0.999358 -0.0327271 -3.38208 -0.146432 0.0302546 0.988758 144.82
0.989954 0.0211171 0.139804 73.3487 -0.0178844 0.999543 -0.0243396 -3.4068 -0.140254 0.0215948 0.98988 145.617
0.99056 0.0209216 0.135476 73.453 -0.0178087 0.999549 -0.0241489 -3.43225 -0.13592 0.0215083 0.990486 146.416
0.991301 0.0239448 0.12942 73.554 -0.0203139 0.999363 -0.0293034 -3.46883 -0.13004 0.0264195 0.991156 147.221
0.992114 0.022049 0.123381 73.6507 -0.0175996 0.999158 -0.037037 -3.51253 -0.124094 0.0345735 0.991668 148.029
0.992921 0.0167169 0.117596 73.7461 -0.0119356 0.999077 -0.0412459 -3.56041 -0.118177 0.0395504 0.992204 148.839
0.993822 0.0151239 0.109949 73.8392 -0.0106336 0.999089 -0.0413125 -3.60432 -0.110474 0.0398882 0.993078 149.658
0.994581 0.02045 0.101929 73.9231 -0.0165479 0.999102 -0.0389825 -3.6415 -0.102635 0.0370846 0.994027 150.48
0.995267 0.0248164 0.0939605 74.0012 -0.0211618 0.998987 -0.0396938 -3.68027 -0.0948506 0.0375176 0.994784 151.303
0.996083 0.0284216 0.0837281 74.0721 -0.0249191 0.998781 -0.0425844 -3.72128 -0.0848367 0.0403313 0.995578 152.132
0.996827 0.0261724 0.0751753 74.1447 -0.0229416 0.998788 -0.0435238 -3.76466 -0.0762236 0.0416611 0.99622 152.96
0.997371 0.0259155 0.0676734 74.2014 -0.0231939 0.998902 -0.0406978 -3.80426 -0.068654 0.0390212 0.996877 153.798
0.997886 0.0280043 0.0586482 74.246 -0.0259693 0.999043 -0.0351775 -3.83655 -0.0595774 0.0335801 0.997658 154.644
0.998212 0.0311814 0.0510044 74.2809 -0.0296034 0.999068 -0.0314071 -3.86881 -0.0519364 0.0298411 0.998204 155.491
0.998578 0.0314025 0.0430921 74.3123 -0.0302562 0.999177 -0.0270018 -3.90453 -0.0439048 0.0256596 0.998706 156.329
0.998824 0.0320147 0.0364061 74.3428 -0.031051 0.99916 -0.0267366 -3.94133 -0.0372317 0.0255747 0.998979 157.172
0.99897 0.0310932 0.0330494 74.3663 -0.0302036 0.999176 -0.0270851 -3.97221 -0.0338646 0.0260591 0.999086 157.998
0.999004 0.0346633 0.0281102 74.3776 -0.0337994 0.998958 -0.0306459 -3.99171 -0.0291434 0.0296653 0.999134 158.827
0.998868 0.0405864 0.0248278 74.3762 -0.0397078 0.998601 -0.0349139 -4.00972 -0.0262104 0.0338886 0.999081 159.647
0.998871 0.0419189 0.0223731 74.3755 -0.0411086 0.998522 -0.0355247 -4.03081 -0.0238295 0.0345649 0.999118 160.469
0.99894 0.0422045 0.0183616 74.378 -0.0416589 0.998706 -0.0291424 -4.0502 -0.0195681 0.0283466 0.999406 161.3
0.998863 0.0440996 0.0181189 74.3756 -0.0437119 0.998817 -0.0212623 -4.07663 -0.0190354 0.0204461 0.999609 162.145
0.998796 0.0468405 0.0145721 74.3684 -0.0466225 0.9988 -0.014951 -4.12369 -0.0152552 0.0142537 0.999782 163.001
0.99899 0.0438591 0.00974215 74.3649 -0.0436776 0.998881 -0.018127 -4.17058 -0.0105266 0.0176832 0.999788 163.853
0.999484 0.0317259 0.00503288 74.3629 -0.0315905 0.999187 -0.0250191 -4.22194 -0.00582283 0.0248473 0.999674 164.703
0.999544 0.0299161 -0.00410909 74.3585 -0.0300252 0.999106 -0.0297366 -4.2742 0.00321553 0.0298464 0.999549 165.551
0.999546 0.0277483 -0.0117574 74.3417 -0.028089 0.999158 -0.0298755 -4.32213 0.0109183 0.0301923 0.999484 166.403
0.999468 0.026194 -0.019455 74.32 -0.0267016 0.999297 -0.0263014 -4.36884 0.0187521 0.0268069 0.999464 167.25
0.999314 0.0224128 -0.029469 74.2872 -0.023087 0.999474 -0.0227416 -4.41352 0.0289436 0.0234064 0.999306 168.096
0.999148 0.0188422 -0.0367248 74.2493 -0.0196293 0.999582 -0.0211903 -4.45723 0.0363099 0.0218932 0.9991 168.94
0.998992 0.012387 -0.0431409 74.2075 -0.0133644 0.999658 -0.0224423 -4.49801 0.0428479 0.0229963 0.998816 169.783
0.998567 0.0113131 -0.0523165 74.1598 -0.0127902 0.999526 -0.0279863 -4.54258 0.0519748 0.0286154 0.998238 170.626
0.998206 0.00370573 -0.0597512 74.1094 -0.00578336 0.999383 -0.0346358 -4.58589 0.0595857 0.0349193 0.997612 171.467
0.997727 -3.11456e-05 -0.0673852 74.0568 -0.00246016 0.999316 -0.0368875 -4.63065 0.06734 0.0369695 0.997044 172.306
0.997232 0.00186965 -0.0743287 73.9969 -0.00423884 0.999487 -0.0317294 -4.66686 0.0742309 0.0319567 0.996728 173.157
0.996884 0.00913799 -0.0783522 73.9347 -0.0109471 0.999682 -0.0226905 -4.69121 0.0781197 0.0234775 0.996667 174.014
0.996395 0.0140555 -0.0836652 73.8644 -0.0153681 0.999768 -0.0150653 -4.71227 0.0834337 0.0162968 0.99638 174.88
0.996217 0.0138785 -0.0857807 73.7917 -0.01542 0.99973 -0.0173341 -4.73746 0.0855167 0.0185913 0.996163 175.747
0.996174 0.0146144 -0.0861633 73.7217 -0.0167894 0.999556 -0.0245715 -4.76924 0.0857657 0.0259241 0.995978 176.614
0.995686 0.0242543 -0.0895591 73.6431 -0.0272758 0.999093 -0.0326688 -4.80468 0.0886852 0.0349707 0.995445 177.474
0.995765 0.023184 -0.0889608 73.5656 -0.0264218 0.999023 -0.0353921 -4.84204 0.0880531 0.0375928 0.995406 178.334
0.995646 0.0193997 -0.0911795 73.4869 -0.022261 0.999287 -0.030469 -4.87711 0.0905231 0.0323661 0.995368 179.195
0.99564 0.0193058 -0.0912612 73.4066 -0.0217398 0.999431 -0.0257527 -4.90406 0.0907118 0.0276245 0.995494 180.059
0.995703 0.0235312 -0.0895654 73.3284 -0.0254378 0.999471 -0.0202061 -4.9258 0.0890423 0.0223977 0.995776 180.929
0.995505 0.025345 -0.0912583 73.2464 -0.0274248 0.99939 -0.0216081 -4.95028 0.0906547 0.0240137 0.995592 181.797
0.995379 0.0234461 -0.0931169 73.1634 -0.0261827 0.999256 -0.0282764 -4.97728 0.0923844 0.0305839 0.995253 182.665
0.995223 0.0193715 -0.0956915 73.0797 -0.0225421 0.999228 -0.0321645 -5.00837 0.0949942 0.034168 0.994891 183.531
0.995039 0.0159432 -0.0981969 72.9932 -0.0196065 0.999142 -0.0364535 -5.04283 0.0975312 0.038198 0.994499 184.397
0.994776 0.0170546 -0.100645 72.8995 -0.0205247 0.999226 -0.0335442 -5.07558 0.0999945 0.0354347 0.994356 185.264
0.994267 0.0213311 -0.104772 72.7985 -0.0242061 0.999362 -0.0262461 -5.10209 0.104144 0.0286318 0.99415 186.134
0.994016 0.0235602 -0.106664 72.6888 -0.0263078 0.999355 -0.0244259 -5.12915 0.10602 0.0270859 0.993995 187.004
0.993956 0.023262 -0.107288 72.5742 -0.0261081 0.999341 -0.025199 -5.15691 0.106631 0.0278478 0.993908 187.876
0.993757 0.0302515 -0.10739 72.4538 -0.0332925 0.99909 -0.026638 -5.18455 0.106487 0.0300471 0.99386 188.741
0.993503 0.0362474 -0.107876 72.3359 -0.0391851 0.998912 -0.0252383 -5.20847 0.106843 0.0293015 0.993844 189.604
0.993639 0.038542 -0.105811 72.2221 -0.0412416 0.998873 -0.0234447 -5.22639 0.104787 0.0276594 0.99411 190.447
0.993461 0.0426295 -0.105913 72.1146 -0.0449439 0.998797 -0.0195614 -5.23914 0.104951 0.0241937 0.994183 191.282
0.993149 0.0493994 -0.105902 72.0148 -0.0514203 0.998541 -0.0164367 -5.25073 0.104935 0.0217697 0.994241 192.11
0.993184 0.0507856 -0.104908 71.9113 -0.0527366 0.998481 -0.0159057 -5.26307 0.10394 0.0213298 0.994355 192.927
0.993031 0.0525804 -0.105477 71.8139 -0.0546025 0.998373 -0.0163746 -5.27748 0.104445 0.0220199 0.994287 193.739
0.992846 0.054836 -0.106066 71.7218 -0.0572463 0.998163 -0.0198128 -5.29071 0.104785 0.025743 0.994162 194.547
0.992439 0.0568794 -0.108762 71.625 -0.0593042 0.998055 -0.0191896 -5.3017 0.107459 0.0254946 0.993882 195.349
0.991885 0.0583285 -0.11297 71.5326 -0.0601547 0.998106 -0.0128227 -5.30827 0.112008 0.0195143 0.993515 196.164
