1 0 0 0 0 1 0 0 0 0 1 0
<<<<<<< HEAD
0.999995 -0.00251397 0.00184469 -0.0143479 0.0025188 0.999993 -0.00261829 0.00165459 -0.00183809 0.00262293 0.999995 0.480862
0.999996 -0.00278489 0.000789223 -0.03162 0.00278693 0.999993 -0.00258757 0.00618536 -0.000782012 0.00258976 0.999996 1.05638
0.999995 -0.0031738 -0.00087077 -0.0445881 0.00317145 0.999991 -0.002696 0.00983929 0.000879319 0.00269323 0.999996 1.69695
0.999981 -0.00342326 -0.00521816 -0.0566179 0.00340904 0.99999 -0.00273089 0.0154658 0.00522746 0.00271304 0.999983 2.38622
0.999947 -0.00371441 -0.0095985 -0.0737984 0.00369018 0.99999 -0.00254084 0.0143313 0.00960784 0.00250528 0.999951 3.10523
0.999894 -0.00359473 -0.0140933 -0.0918762 0.00355808 0.99999 -0.00262528 0.0144475 0.0141026 0.00257486 0.999897 3.85422
0.999819 -0.00293862 -0.0188218 -0.116607 0.00288574 0.999992 -0.00283601 0.00745687 0.01883 0.00278118 0.999819 4.62037
0.999721 -0.0020425 -0.0235558 -0.139505 0.00197985 0.999994 -0.00268277 -0.0081844 0.0235611 0.00263538 0.999719 5.40923
0.999608 -0.000287482 -0.0280122 -0.167535 0.000223805 0.999997 -0.00227634 -0.0452028 0.0280127 0.00226918 0.999605 6.2105
0.999506 0.00104001 -0.0314096 -0.193579 -0.00110479 0.999997 -0.00204512 -0.0904184 0.0314073 0.00207881 0.999505 7.01486
0.999416 0.00129945 -0.0341339 -0.22711 -0.00137136 0.999997 -0.00208319 -0.10356 0.0341311 0.00212879 0.999415 7.83151
0.999339 0.000334895 -0.0363642 -0.256834 -0.00039849 0.999998 -0.00174162 -0.0751703 0.0363636 0.00175496 0.999337 8.66175
0.999261 -0.000242298 -0.0384345 -0.284771 0.00017887 0.999999 -0.00165374 -0.0589298 0.0384348 0.00164565 0.99926 9.49447
0.999188 -0.000577006 -0.0402844 -0.317235 0.000524023 0.999999 -0.00132579 -0.0455403 0.0402852 0.0013036 0.999187 10.3415
0.999125 -0.0011226 -0.0418122 -0.353599 0.00108409 0.999999 -0.000943648 -0.0471044 0.0418132 0.000897494 0.999125 11.1947
0.999046 0.000644537 -0.0436739 -0.394293 -0.000712522 0.999999 -0.00154112 -0.0493968 0.0436729 0.00157076 0.999045 12.0559
0.998982 0.000916305 -0.045109 -0.43902 -0.000988242 0.999998 -0.00157249 -0.0497921 0.0451075 0.00161546 0.998981 12.9264
0.998936 0.00205048 -0.0460651 -0.491166 -0.0021462 0.999996 -0.00202852 -0.0475019 0.0460607 0.00212522 0.998937 13.8116
0.998834 0.00206413 -0.048226 -0.537362 -0.00214563 0.999996 -0.00163838 -0.0540943 0.0482224 0.00173994 0.998835 14.7041
0.998764 0.00189266 -0.049669 -0.576203 -0.00194749 0.999997 -0.00105556 -0.063152 0.0496669 0.00115098 0.998765 15.6068
0.998736 0.00171641 -0.0502274 -0.620614 -0.00176234 0.999998 -0.000870154 -0.0683158 0.0502258 0.000957571 0.998738 16.5152
0.998631 0.00158731 -0.0522908 -0.669756 -0.00162813 0.999998 -0.000737919 -0.086617 0.0522896 0.000822043 0.998632 17.425
0.998595 0.00126421 -0.0529794 -0.712948 -0.00131872 0.999999 -0.000993931 -0.0935116 0.0529781 0.0010624 0.998595 18.3393
0.998502 0.00108307 -0.0547033 -0.763846 -0.00114611 0.999999 -0.00112104 -0.098463 0.054702 0.00118206 0.998502 19.2645
0.99846 0.000511667 -0.0554662 -0.815207 -0.00052454 1 -0.000217556 -0.104597 0.0554661 0.000246314 0.998461 20.1929
0.998515 0.000578743 -0.0544675 -0.875186 -0.000525837 0.999999 0.000985637 -0.112767 0.0544681 -0.000955534 0.998515 21.1307
0.998487 0.000805882 -0.0549899 -0.942258 -0.00066275 0.999996 0.00262105 -0.122439 0.0549919 -0.00258064 0.998483 22.0722
0.998563 0.00119231 -0.0535821 -1.00226 -0.00103886 0.999995 0.00289161 -0.13698 0.0535853 -0.00283179 0.998559 23.0193
0.998673 0.00207189 -0.0514525 -1.05613 -0.00191419 0.999993 0.00311412 -0.153762 0.0514586 -0.0030115 0.998671 23.9739
0.99869 0.0034032 -0.0510572 -1.10908 -0.0032763 0.999991 0.00256892 -0.171601 0.0510656 -0.00239828 0.998692 24.9232
0.998793 0.00389877 -0.0489747 -1.16358 -0.00398856 0.99999 -0.00173595 -0.19087 0.0489675 0.00192919 0.998798 25.88
0.998823 0.00393623 -0.0483536 -1.21648 -0.00400382 0.999991 -0.00130111 -0.20728 0.0483481 0.00149318 0.998829 26.8481
0.998855 0.002469 -0.0477726 -1.26971 -0.00246552 0.999997 0.000131809 -0.220924 0.0477728 -1.38747e-05 0.998858 27.8271
0.998885 0.00135307 -0.0471862 -1.32053 -0.00116116 0.999991 0.00409438 -0.228634 0.0471913 -0.00403503 0.998878 28.8137
0.998793 -0.0025769 -0.0490492 -1.37247 0.00291613 0.999972 0.00684589 -0.22862 0.0490302 -0.00698067 0.998773 29.8071
0.998719 -0.009045 -0.0497931 -1.41795 0.00944586 0.999925 0.00782115 -0.2261 0.0497187 -0.00828147 0.998729 30.8081
0.99866 -0.00766948 -0.051184 -1.46339 0.00806731 0.999939 0.00757058 -0.223448 0.0511228 -0.00797335 0.998661 31.8094
0.998549 -0.00562466 -0.053559 -1.51208 0.00600838 0.999957 0.00700612 -0.218313 0.0535173 -0.00731776 0.99854 32.8074
0.998419 -0.00547102 -0.0559388 -1.56384 0.00588629 0.999956 0.00726166 -0.209558 0.0558967 -0.00757946 0.998408 33.8136
0.998383 -0.00620702 -0.0565143 -1.61543 0.00671684 0.999938 0.0088356 -0.202251 0.056456 -0.00920091 0.998363 34.8303
0.998249 -0.0049306 -0.0589504 -1.6764 0.00551715 0.999937 0.00979145 -0.192883 0.0588984 -0.0100995 0.998213 35.8498
0.998189 -0.00393896 -0.0600259 -1.73959 0.00457406 0.999935 0.0104468 -0.196817 0.0599808 -0.0107025 0.998142 36.8734
0.99805 0.00212938 -0.0623911 -1.80907 -0.00136252 0.999923 0.0123312 -0.250186 0.0624126 -0.0122221 0.997976 37.8959
0.998035 -0.00102738 -0.0626565 -1.87097 0.00188899 0.999904 0.0136937 -0.20673 0.0626365 -0.0137852 0.997941 38.9113
0.998007 -0.00129258 -0.0630878 -1.94057 0.00212808 0.999911 0.0131781 -0.15674 0.0630652 -0.0132861 0.997921 39.9341
0.997921 -0.0035482 -0.064351 -2.00686 0.00441793 0.999901 0.0133781 -0.118499 0.0642972 -0.0136346 0.997838 40.9626
0.997844 -0.00453073 -0.0654682 -2.07709 0.00537335 0.999905 0.0127004 -0.0895539 0.0654044 -0.0130248 0.997774 41.987
0.997858 -0.00401523 -0.0652924 -2.15083 0.00481429 0.999915 0.0120855 -0.0659272 0.0652383 -0.0123739 0.997793 43.0121
0.997719 -0.00461826 -0.0673467 -2.22294 0.00545704 0.99991 0.012276 -0.0504827 0.0672839 -0.0126156 0.997654 44.0364
0.997608 -0.00568182 -0.0688917 -2.29068 0.00658984 0.999894 0.0129603 -0.0343764 0.0688108 -0.0133833 0.99754 45.0554
0.997539 -0.00513249 -0.0699283 -2.37045 0.00604555 0.999899 0.0128518 -0.0208947 0.0698553 -0.0132429 0.997469 46.0843
0.997423 -0.00417274 -0.0716292 -2.4527 0.0050149 0.99992 0.0115814 -0.0102203 0.0715752 -0.0119108 0.997364 47.1011
0.997333 -0.0022903 -0.0729473 -2.53907 0.00296267 0.999954 0.00911035 0.00224644 0.0729231 -0.00930218 0.997294 48.1144
0.997212 -0.00178107 -0.0746023 -2.63136 0.00242757 0.99996 0.00857614 0.0120771 0.0745841 -0.00873333 0.997177 49.1313
0.997074 -0.00225492 -0.0764042 -2.72199 0.00306044 0.999941 0.0104276 0.0243059 0.0763762 -0.0106309 0.997023 50.1384
0.997025 -0.00343719 -0.0769994 -2.8131 0.00438447 0.999916 0.0121368 0.0221902 0.0769512 -0.0124383 0.996957 51.1517
0.996981 -0.00278858 -0.077603 -2.89624 0.00373887 0.999919 0.012103 0.0287256 0.0775631 -0.0123566 0.996911 52.1404
0.996965 -0.00278686 -0.0777994 -2.97227 0.0037459 0.999918 0.0121839 0.0295717 0.0777591 -0.0124384 0.996895 53.1308
0.997021 -0.00260082 -0.0770872 -3.05025 0.00353007 0.999922 0.0119208 0.0299968 0.0770502 -0.0121574 0.996953 54.095
0.9969 -0.00217502 -0.0786533 -3.13542 0.00315007 0.999919 0.0122749 0.0309567 0.0786203 -0.0124846 0.996827 55.0275
0.996934 -0.00304628 -0.078187 -3.20621 0.00415841 0.999892 0.0140651 0.0531353 0.0781357 -0.0143471 0.99684 55.9603
0.996806 -0.00342589 -0.0797946 -3.28462 0.00503756 0.999787 0.0200053 0.0681287 0.0797091 -0.0203433 0.996611 56.9005
0.996776 -0.00232404 -0.0802056 -3.35703 0.00394526 0.999791 0.0200607 0.0742546 0.0801423 -0.0203124 0.996576 57.8478
0.996785 -0.00156508 -0.0801079 -3.43903 0.0030521 0.999825 0.0184436 0.0787183 0.080065 -0.0186288 0.996616 58.7841
0.996548 9.8182e-05 -0.0830248 -3.52137 0.000851183 0.999934 0.0113993 0.0885397 0.0830205 -0.0114306 0.996482 59.7135
0.996443 0.000609695 -0.0842701 -3.59509 -2.81943e-05 0.999976 0.00690148 0.0806788 0.0842723 -0.00687455 0.996419 60.6547
0.996427 0.00189993 -0.0844434 -3.66905 -0.00118252 0.999962 0.00854503 0.0793087 0.0844565 -0.00841464 0.996392 61.587
0.99626 0.00243646 -0.0863776 -3.75227 -0.0016175 0.999953 0.00954989 0.0782284 0.0863968 -0.00937445 0.996217 62.5059
0.996099 0.00299645 -0.088193 -3.84144 -0.00212287 0.999947 0.00999751 0.0804573 0.0882184 -0.00977129 0.996053 63.4123
0.996 0.00376343 -0.0892701 -3.92394 -0.00289506 0.999947 0.00985498 0.0804008 0.0893025 -0.00955712 0.995959 64.3001
0.995777 0.00472703 -0.0916891 -4.01278 -0.00380086 0.99994 0.0102732 0.0827992 0.0917322 -0.0098813 0.995735 65.1827
0.995635 0.00516291 -0.0931941 -4.10092 -0.00419539 0.999935 0.0105747 0.0830667 0.0932426 -0.0101376 0.995592 66.0502
0.995456 0.00531609 -0.0950792 -4.19028 -0.00431454 0.999933 0.0107363 0.078276 0.0951299 -0.0102773 0.995412 66.9034
0.99524 0.00621212 -0.0972574 -4.27758 -0.00515465 0.999925 0.0111204 0.0773956 0.0973192 -0.0105661 0.995197 67.7462
0.995088 0.00737632 -0.0987154 -4.36648 -0.00621548 0.999908 0.0120618 0.075807 0.0987953 -0.011389 0.995043 68.5859
0.99491 0.00785557 -0.100458 -4.4599 -0.00658076 0.999893 0.0130151 0.0757785 0.10055 -0.0122877 0.994856 69.4206
0.994587 0.00897748 -0.103516 -4.54989 -0.00764358 0.999882 0.0132754 0.0767204 0.103623 -0.0124124 0.994539 70.2443
0.994315 0.0106851 -0.105938 -4.64659 -0.00952522 0.999889 0.0114485 0.074129 0.106049 -0.0103743 0.994307 71.0485
0.993898 0.011515 -0.109698 -4.74923 -0.0110701 0.999927 0.00466393 0.0697251 0.109744 -0.0034211 0.993954 71.8218
0.993624 0.0112465 -0.112184 -4.8419 -0.0114575 0.999933 -0.00123628 0.0560113 0.112163 0.00251375 0.993687 72.5777
0.993362 0.0122904 -0.114367 -4.93513 -0.0124881 0.999921 -0.00101229 0.0390801 0.114346 0.00243381 0.993438 73.3232
0.993064 0.0139221 -0.116751 -5.02735 -0.0138743 0.999903 0.00122245 0.0224249 0.116757 0.000405883 0.993161 74.0502
0.992707 0.0151309 -0.119598 -5.11388 -0.0150307 0.999885 0.00174032 -0.00131018 0.119611 7.00185e-05 0.992821 74.7592
0.992237 0.0157139 -0.123367 -5.19863 -0.0159128 0.999873 -0.000627171 -0.0252323 0.123342 0.00258542 0.992361 75.4386
0.992125 0.0113622 -0.124732 -5.27857 -0.0119247 0.999921 -0.00376421 -0.053488 0.12468 0.00522197 0.992184 76.0918
0.992136 0.007655 -0.124926 -5.35967 -0.00869383 0.999932 -0.0077725 -0.0747373 0.124858 0.00879747 0.992136 76.7181
0.992409 0.00892407 -0.122653 -5.44094 -0.00987444 0.999925 -0.00714279 -0.0949473 0.12258 0.00829971 0.992424 77.3229
0.992789 0.0120857 -0.119264 -5.52467 -0.0127839 0.999905 -0.00509108 -0.11135 0.119191 0.00657904 0.99285 77.9267
0.993311 0.0113295 -0.114908 -5.60253 -0.0119205 0.999919 -0.0044579 -0.125937 0.114848 0.00579784 0.993366 78.5224
0.993866 0.0109774 -0.110041 -5.66503 -0.011517 0.999924 -0.00426965 -0.14538 0.109986 0.00551081 0.993918 79.1063
0.994739 0.0086989 -0.102068 -5.72108 -0.00924769 0.999945 -0.00490475 -0.166433 0.102019 0.00582285 0.994766 79.6804
0.995714 0.00995565 -0.0919493 -5.77382 -0.0104133 0.999935 -0.00449911 -0.17564 0.0918986 0.00543733 0.995754 80.2348
0.996933 0.0110477 -0.0774709 -5.8231 -0.0114351 0.999924 -0.00455956 -0.184271 0.0774147 0.00543148 0.996984 80.7779
0.998162 0.0114291 -0.0595175 -5.86658 -0.0116793 0.999924 -0.0038588 -0.186784 0.0594689 0.00454683 0.99822 81.3117
0.999239 0.0104817 -0.0375596 -5.88773 -0.010624 0.999937 -0.00359259 -0.189949 0.0375195 0.0039889 0.999288 81.8228
0.999891 0.0098643 -0.0109365 -5.8891 -0.00990042 0.999945 -0.00325321 -0.194282 0.0109038 0.00336114 0.999935 82.3213
0.999777 0.00976348 0.0187288 -5.87194 -0.00970223 0.999947 -0.003358 -0.198533 -0.0187607 0.00317554 0.999819 82.8028
0.998622 0.00991155 0.0515414 -5.83928 -0.00975858 0.999947 -0.00321868 -0.205563 -0.0515706 0.00271128 0.998666 83.2732
0.995941 0.00994844 0.0894601 -5.79083 -0.00971314 0.999948 -0.00306519 -0.213534 -0.089486 0.00218381 0.995986 83.7395
0.991386 0.0100833 0.130587 -5.7173 -0.00978497 0.999947 -0.00292576 -0.221325 -0.13061 0.00162276 0.991433 84.1906
0.984336 0.0100337 0.17602 -5.62421 -0.00964013 0.999948 -0.00309086 -0.241721 -0.176042 0.0013456 0.984382 84.6336
0.974227 0.0108778 0.225308 -5.51353 -0.0103155 0.99994 -0.00367282 -0.252457 -0.225334 0.001254 0.974281 85.0724
0.960374 0.0107452 0.278506 -5.38051 -0.0100576 0.999941 -0.00389765 -0.263794 -0.278531 0.000942103 0.960427 85.4918
0.942243 0.0107211 0.334759 -5.2208 -0.00987139 0.999942 -0.00423969 -0.273128 -0.334786 0.000690278 0.942294 85.8954
0.919416 0.0106357 0.393142 -5.04493 -0.00949465 0.999943 -0.00484697 -0.277324 -0.393172 0.000723644 0.919465 86.2742
0.892313 0.0105445 0.451294 -4.84764 -0.00916476 0.999944 -0.00524282 -0.286433 -0.451324 0.000542237 0.89236 86.6326
0.860119 0.0100862 0.509994 -4.61835 -0.00846568 0.999949 -0.00549858 -0.298289 -0.510024 0.000411983 0.86016 86.9745
0.824537 0.00977393 0.565724 -4.375 -0.00764345 0.999951 -0.00613577 -0.305459 -0.565757 0.000735085 0.824572 87.284
0.786099 0.00943648 0.618029 -4.10392 -0.0072308 0.999955 -0.00607082 -0.317057 -0.618059 0.000303426 0.786132 87.5755
0.744783 0.00947375 0.66724 -3.82713 -0.00718057 0.999955 -0.00618273 -0.32511 -0.667268 -0.000186361 0.744818 87.8476
0.700889 0.00900148 0.713213 -3.53317 -0.00702138 0.999958 -0.00572046 -0.336377 -0.713236 -0.00099833 0.700924 88.1017
0.654934 0.00861275 0.755637 -3.21859 -0.00611773 0.999962 -0.00609515 -0.34317 -0.755661 -0.000630855 0.654963 88.3382
0.608391 0.00823718 0.793594 -2.89691 -0.00577195 0.999965 -0.00595429 -0.351168 -0.793616 -0.000958049 0.608418 88.547
0.561612 0.00947083 0.827346 -2.56321 -0.00714557 0.999952 -0.0065962 -0.353862 -0.82737 -0.00220734 0.561654 88.7415
0.516218 0.00967273 0.856402 -2.22807 -0.00699312 0.99995 -0.00707877 -0.350984 -0.856429 -0.00233474 0.51626 88.9133
0.47083 0.00965304 0.882171 -1.89207 -0.00734651 0.999948 -0.00702085 -0.35729 -0.882193 -0.00317525 0.470877 89.0721
0.428036 0.00799225 0.903726 -1.53856 -0.00395389 0.999967 -0.00697068 -0.361515 -0.903753 -0.000589519 0.428054 89.2148
0.388405 -0.000523924 0.921489 -1.18173 0.00877795 0.999956 -0.00313135 -0.371615 -0.921447 0.00930501 0.388393 89.3313
0.353134 -0.00186012 0.935571 -0.817383 0.0121166 0.999923 -0.0025854 -0.37039 -0.935494 0.012249 0.35313 89.4304
0.319814 0.000934723 0.94748 -0.449133 0.0103155 0.999936 -0.0044684 -0.368479 -0.947424 0.0112028 0.319784 89.5325
0.28899 0.00824035 0.957296 -0.0853595 0.00196913 0.999955 -0.00920201 -0.368578 -0.95733 0.00454434 0.288961 89.6326
0.260963 0.0100236 0.965297 0.289851 -0.000691547 0.999947 -0.0101965 -0.370268 -0.965349 0.00199336 0.260956 89.7336
0.234754 0.00928768 0.97201 0.677153 0.00116818 0.99995 -0.00983679 -0.379022 -0.972054 0.00344472 0.234732 89.8207
0.211914 0.00892577 0.977247 1.07365 0.00630443 0.999925 -0.0105 -0.383522 -0.977268 0.00838609 0.211842 89.8962
0.191512 0.0135173 0.981397 1.47854 0.0136466 0.999771 -0.0164334 -0.387646 -0.981395 0.01654 0.191284 89.9598
0.171437 0.0190819 0.98501 1.8996 0.0141245 0.999662 -0.021824 -0.384919 -0.985094 0.0176542 0.171109 90.0162
0.154198 0.0192458 0.987852 2.33087 0.0145475 0.999657 -0.0217466 -0.383701 -0.987933 0.017724 0.153866 90.0721
0.13877 0.0167309 0.990183 2.78065 0.0153654 0.9997 -0.0190451 -0.387761 -0.990205 0.0178575 0.138472 90.126
0.124056 0.0154962 0.992154 3.24826 0.0153405 0.999728 -0.0175326 -0.401053 -0.992157 0.0173952 0.123784 90.1823
0.11108 0.0144496 0.993706 3.73011 0.015151 0.999753 -0.0162311 -0.41791 -0.993696 0.0168586 0.110833 90.2245
0.0993705 0.0138602 0.994954 4.22612 0.0149755 0.999768 -0.015423 -0.435476 -0.994938 0.0164325 0.0991399 90.261
0.0896658 0.0139868 0.995874 4.73279 0.0148537 0.999771 -0.015379 -0.436915 -0.995861 0.0161714 0.0894375 90.3002
0.0817806 0.0140318 0.996551 5.25872 0.0150357 0.999769 -0.015311 -0.438611 -0.996537 0.016236 0.0815508 90.3461
0.0753596 0.0139769 0.997058 5.80007 0.0154968 0.999764 -0.0151861 -0.44581 -0.997036 0.0165956 0.0751252 90.3913
0.0700084 0.0141738 0.997446 6.3489 0.0155777 0.999761 -0.0153001 -0.445582 -0.997425 0.016609 0.0697709 90.4354
0.0628483 0.0143411 0.99792 6.91652 0.0155499 0.999761 -0.0153469 -0.449746 -0.997902 0.0164821 0.0626103 90.4858
0.0571412 0.0139838 0.998268 7.51957 0.01679 0.999746 -0.0149655 -0.455661 -0.998225 0.0176161 0.0568919 90.5299
0.053979 0.0138979 0.998445 8.12022 0.0172881 0.99974 -0.0148506 -0.463274 -0.998392 0.0180628 0.0537247 90.5649
0.0508565 0.0137028 0.998612 8.75259 0.0173975 0.999741 -0.0146043 -0.473525 -0.998554 0.0181161 0.050605 90.5977
0.0472754 0.0133492 0.998793 9.40034 0.0172757 0.99975 -0.0141797 -0.489026 -0.998732 0.0179252 0.047033 90.6428
0.0464328 0.0130072 0.998837 10.0533 0.0189235 0.999724 -0.0138984 -0.504806 -0.998742 0.0195469 0.0461738 90.6749
0.0457414 0.0127868 0.998871 10.7375 0.0211468 0.999681 -0.0137656 -0.512073 -0.998729 0.0217526 0.0454564 90.7352
0.048216 0.0126744 0.998756 11.4221 0.0221272 0.99966 -0.0137541 -0.516971 -0.998592 0.0227628 0.0479192 90.743
0.0518561 0.012576 0.998575 12.1237 0.0226408 0.999648 -0.0137652 -0.524502 -0.998398 0.0233224 0.0515531 90.8083
0.0553584 0.0125043 0.998388 12.8431 0.022216 0.999658 -0.0137521 -0.539858 -0.998219 0.0229415 0.0550617 90.8395
0.059224 0.0115189 0.998178 13.5766 0.0226062 0.999661 -0.0128773 -0.551196 -0.997988 0.0233277 0.0589436 90.8879
0.0635789 0.0110738 0.997915 14.3448 0.0221667 0.999675 -0.0125056 -0.561351 -0.99773 0.0229156 0.0633128 90.9383
0.0670936 0.0106206 0.99769 15.1453 0.0216603 0.999691 -0.0120986 -0.566282 -0.997511 0.022422 0.0668429 91.0017
0.0714139 0.0107333 0.997389 15.9531 0.020306 0.999718 -0.0122123 -0.56952 -0.99724 0.0211252 0.0711758 91.0721
0.0750722 0.010904 0.997118 16.7625 0.0185996 0.99975 -0.0123332 -0.590167 -0.997004 0.0194719 0.0748507 91.1496
0.0790011 0.0114775 0.996808 17.5623 0.0167849 0.999776 -0.0128419 -0.613909 -0.996733 0.0177459 0.0787908 91.2229
0.0805445 0.0171351 0.996604 18.3666 0.012586 0.999754 -0.0182064 -0.632465 -0.996671 0.0140097 0.0803091 91.3085
0.0796155 0.0179946 0.996663 19.1998 0.0106379 0.999764 -0.0189004 -0.658694 -0.996769 0.0121072 0.0794054 91.3818
0.0804811 0.0176295 0.9966 20.0262 0.00932744 0.999786 -0.0184391 -0.681921 -0.996712 0.0107797 0.0802995 91.4578
0.0808561 0.0169985 0.996581 20.8657 0.0093361 0.999797 -0.0178108 -0.704976 -0.996682 0.0107443 0.080681 91.5381
0.0799005 0.0164524 0.996667 21.695 0.00933491 0.999807 -0.0172526 -0.735263 -0.996759 0.0106823 0.0797316 91.6142
0.0807812 0.0163255 0.996598 22.526 0.00827183 0.99982 -0.0170488 -0.761312 -0.996697 0.00962092 0.0806317 91.6953
0.080933 0.0161504 0.996589 23.3441 0.00727814 0.999832 -0.016794 -0.786223 -0.996693 0.00861251 0.0808018 91.7698
0.0805845 0.0161761 0.996616 24.167 0.00447004 0.999852 -0.01659 -0.826117 -0.996738 0.00579182 0.0805003 91.8455
0.0799801 0.016482 0.99666 24.9835 0.00293264 0.999854 -0.0167702 -0.856976 -0.996792 0.00426413 0.0799202 91.9274
0.0770233 0.0161286 0.996899 25.8096 0.00156117 0.999865 -0.0162972 -0.883506 -0.997028 0.00281159 0.0769878 92.0094
0.0742356 0.0155371 0.99712 26.6316 0.00119808 0.999876 -0.0156693 -0.903208 -0.99724 0.00235785 0.0742078 92.0868
0.0694826 0.0147499 0.997474 27.4583 0.000818385 0.999889 -0.0148426 -0.923477 -0.997583 0.00184762 0.0694629 92.163
0.0627365 0.0139852 0.997932 28.2853 0.000472286 0.9999 -0.0140425 -0.949014 -0.99803 0.00135229 0.0627237 92.2313
0.0552513 0.0134474 0.998382 29.1145 0.000624881 0.999908 -0.0135026 -0.977175 -0.998472 0.00136991 0.0552379 92.289
0.0466931 0.0134221 0.998819 29.941 0.000468477 0.999909 -0.0134587 -0.988058 -0.998909 0.00109635 0.0466825 92.3316
0.0362829 0.0133509 0.999252 30.7654 -2.6331e-06 0.99991 -0.0133596 -1.01327 -0.999341 0.000482097 0.0362797 92.3662
0.0261453 0.0128043 0.999576 31.5869 3.30528e-05 0.999917 -0.0128095 -1.03145 -0.999658 0.000367949 0.0261427 92.3883
0.0153161 0.012424 0.999805 32.4156 -0.000231673 0.999922 -0.0124219 -1.04248 -0.999882 -4.13712e-05 0.0153178 92.4053
0.00495289 0.0120691 0.999915 33.2326 0.000317019 0.999926 -0.0120708 -1.05215 -0.999987 0.000376779 0.00494869 92.4115
-0.00580703 0.0117864 0.999913 34.0433 0.000173611 0.99993 -0.0117856 -1.0659 -0.999983 0.000105157 -0.00580869 92.406
-0.0171221 0.0118209 0.999783 34.8522 0.000238338 0.999929 -0.0118186 -1.07912 -0.999853 3.59286e-05 -0.0171237 92.3854
-0.0273808 0.0117711 0.999556 35.6516 0.000246647 0.99993 -0.0117687 -1.09061 -0.999625 -7.56983e-05 -0.0273818 92.3587
-0.0374056 0.0116958 0.999232 36.4501 0.000325205 0.999931 -0.0116918 -1.10677 -0.9993 -0.000112382 -0.0374068 92.3216
-0.0475679 0.0115211 0.998801 37.2393 0.000583564 0.999933 -0.0115064 -1.12544 -0.998867 3.553e-05 -0.0475715 92.2778
-0.0572122 0.0111267 0.9983 38.0224 0.000642639 0.999937 -0.0111081 -1.13774 -0.998361 6.02596e-06 -0.0572159 92.2238
-0.0672881 0.0109338 0.997673 38.7953 0.000461105 0.999939 -0.0109276 -1.15108 -0.997733 -0.000275264 -0.0672892 92.1616
-0.0759629 0.0104559 0.997056 39.5589 0.00109312 0.999945 -0.0104029 -1.16721 -0.99711 0.000299666 -0.0759701 92.0899
-0.0832707 0.00993067 0.996477 40.3203 0.00149672 0.99995 -0.00984021 -1.18164 -0.996525 0.00067205 -0.0832815 92.0217
-0.0889289 0.00920792 0.995995 41.0746 0.00249288 0.999955 -0.00902196 -1.1962 -0.996034 0.00168058 -0.0889479 91.9509
-0.0928174 0.00842224 0.995647 41.8177 0.0038694 0.999959 -0.008098 -1.21074 -0.995675 0.00310093 -0.0928462 91.8752
-0.0957581 0.00791391 0.995373 42.5445 0.003793 0.999963 -0.00758551 -1.22061 -0.995397 0.00304908 -0.0957846 91.8023
-0.097384 0.00774358 0.995216 43.2586 0.00336567 0.999966 -0.0074512 -1.23017 -0.995241 0.00262395 -0.0974068 91.7273
-0.0980318 0.00769753 0.995153 43.9548 0.00306171 0.999967 -0.00743317 -1.23958 -0.995178 0.00231818 -0.0980522 91.6565
-0.0968937 0.00754446 0.995266 44.6257 0.0029337 0.999968 -0.00729451 -1.2556 -0.99529 0.00221302 -0.0969128 91.587
-0.0941271 0.00728864 0.995533 45.2752 0.00280647 0.99997 -0.00705579 -1.26926 -0.995556 0.0021298 -0.0941448 91.5255
-0.088643 0.00724459 0.996037 45.9175 0.00263075 0.999971 -0.00703909 -1.27827 -0.996059 0.00199636 -0.0886595 91.4734
-0.0802656 0.00702018 0.996748 46.5471 0.00237677 0.999973 -0.0068515 -1.28589 -0.99677 0.0018191 -0.0802802 91.4256
-0.0687081 0.0068969 0.997613 47.1529 0.00202206 0.999974 -0.00677397 -1.29053 -0.997634 0.00155181 -0.0687203 91.3874
-0.0545754 0.00656939 0.998488 47.7455 0.00220665 0.999976 -0.00645858 -1.29532 -0.998507 0.00185083 -0.0545886 91.3658
-0.0374456 0.00669815 0.999276 48.3161 0.00164846 0.999976 -0.00664108 -1.30073 -0.999297 0.00139859 -0.0374558 91.3508
-0.0163509 0.00651592 0.999845 48.8772 0.00134608 0.999977 -0.00649477 -1.31151 -0.999865 0.00123967 -0.0163593 91.3512
0.00828097 0.00621893 0.999946 49.4194 0.000859874 0.999979 -0.00622627 -1.3197 -0.999965 0.000911388 0.00827545 91.3648
0.0362112 0.00592643 0.999326 49.9538 0.000551891 0.999981 -0.00595032 -1.32742 -0.999344 0.000766988 0.0362073 91.396
0.0693166 0.00497744 0.997582 50.4864 0.000127333 0.999987 -0.00499829 -1.34027 -0.997594 0.00047349 0.0693151 91.4439
0.107139 0.00345989 0.994238 51.0105 -6.19474e-05 0.999993 -0.00347325 -1.34683 -0.994244 0.00031053 0.107138 91.5159
0.148734 0.00243046 0.988874 51.5277 -0.000168049 0.999996 -0.00243252 -1.35036 -0.988877 0.000195621 0.148734 91.6133
0.19404 0.00124449 0.980992 52.0423 -0.000941343 0.999998 -0.00108241 -1.35198 -0.980993 -0.00071342 0.194041 91.7291
0.241672 -2.48787e-05 0.970358 52.5451 -0.00263636 0.999995 0.00068223 -1.35215 -0.970354 -0.00272309 0.241671 91.872
0.292124 -0.000584554 0.95638 53.0238 -0.00283009 0.999994 0.00147565 -1.34811 -0.956376 -0.00313772 0.29212 92.0431
0.346518 -0.000490638 0.938043 53.4995 -0.00271887 0.999994 0.0015274 -1.34394 -0.938039 -0.00307969 0.346515 92.2363
0.403433 -0.000645122 0.915009 53.9506 -0.00205875 0.999996 0.00161275 -1.33695 -0.915007 -0.00253441 0.40343 92.4504
0.462524 0.00239067 0.886603 54.3738 0.000885661 0.999994 -0.00315846 -1.33296 -0.886606 0.0022461 0.462519 92.6873
0.52149 0.00589413 0.853237 54.7812 0.00233871 0.999962 -0.00833711 -1.32696 -0.853254 0.0063432 0.521456 92.9555
0.578901 0.00990813 0.815337 55.1575 -0.000922351 0.999933 -0.0114965 -1.32311 -0.815397 0.00590331 0.578872 93.2464
0.634458 0.0103344 0.772888 55.5049 -0.0021098 0.999929 -0.0116383 -1.31866 -0.772954 0.00575336 0.634435 93.5736
0.685987 0.0109723 0.72753 55.8285 -0.00357899 0.999924 -0.0117058 -1.31446 -0.727604 0.00542622 0.685975 93.917
0.734 0.00998176 0.679076 56.1263 -0.00382212 0.999936 -0.0105669 -1.32182 -0.679139 0.00516056 0.733991 94.2735
0.778582 0.00864586 0.627483 56.4089 -0.00377132 0.999951 -0.00909852 -1.33031 -0.627531 0.00471751 0.778577 94.6687
0.81868 0.00500026 0.574228 56.6587 -0.00355946 0.999986 -0.00363296 -1.33461 -0.574239 0.00093029 0.818687 95.0752
0.85413 0.00275936 0.520051 56.8836 -0.0046528 0.999986 0.00233586 -1.33946 -0.520037 -0.00441482 0.854132 95.4899
0.884844 6.44123e-05 0.465886 57.0819 -0.00415363 0.99996 0.00775061 -1.34582 -0.465867 -0.00879321 0.88481 95.9283
0.909726 0.000172053 0.415207 57.2559 -0.00646171 0.999884 0.0137434 -1.3521 -0.415157 -0.0151857 0.909623 96.3719
0.929447 0.0005545 0.368955 57.4041 -0.00627535 0.999877 0.0143057 -1.35093 -0.368902 -0.0156117 0.929337 96.8258
0.944521 0.00464765 0.328417 57.5436 -0.0102722 0.999828 0.0153935 -1.34181 -0.32829 -0.0179131 0.944407 97.2963
0.956024 0.0075902 0.293188 57.6539 -0.0128947 0.999785 0.016164 -1.33311 -0.293002 -0.0192338 0.955918 97.7535
0.965184 0.00876456 0.261423 57.7685 -0.0135111 0.999774 0.0163649 -1.31664 -0.261221 -0.0193273 0.965085 98.2245
0.971151 0.00582521 0.238393 57.8794 -0.0101308 0.999806 0.0168396 -1.3213 -0.238249 -0.0187689 0.971022 98.6939
0.974805 0.00415842 0.223019 57.9878 -0.00810194 0.999826 0.0167704 -1.32148 -0.22291 -0.0181548 0.97467 99.1851
0.977593 0.00588806 0.21042 58.0895 -0.00958636 0.999816 0.0165601 -1.31409 -0.210284 -0.0182062 0.97747 99.703
0.97933 0.0107934 0.201978 58.1837 -0.01466 0.999736 0.0176575 -1.29593 -0.201734 -0.0202536 0.979231 100.222
0.980489 0.0162384 0.195901 58.2755 -0.0201687 0.999632 0.0180845 -1.27982 -0.195535 -0.0216827 0.980457 100.754
0.980606 0.0221439 0.194734 58.3724 -0.0254324 0.999572 0.0144031 -1.26025 -0.194332 -0.0190763 0.98075 101.286
0.980639 0.0240205 0.194346 58.4773 -0.0273503 0.99952 0.0144675 -1.24731 -0.193906 -0.0195028 0.980826 101.836
0.980184 0.023677 0.196669 58.5923 -0.026981 0.999535 0.0141371 -1.23576 -0.196243 -0.0191633 0.980368 102.377
0.979274 0.0242874 0.201078 58.7109 -0.0265713 0.999608 0.00866638 -1.22797 -0.200789 -0.0138297 0.979537 102.918
0.978585 0.0256556 0.204236 58.8289 -0.0271129 0.999622 0.00434005 -1.22765 -0.204048 -0.00978453 0.978912 103.474
0.977561 0.0282505 0.208748 58.9442 -0.0299299 0.999539 0.0048904 -1.21983 -0.208514 -0.0110285 0.977957 104.05
0.976272 0.0297092 0.214501 59.0647 -0.031934 0.999465 0.00691365 -1.2148 -0.214181 -0.0135995 0.976699 104.633
0.975502 0.0293076 0.218028 59.1914 -0.032654 0.999396 0.0117604 -1.20788 -0.217552 -0.0185918 0.975871 105.232
0.974646 0.0265439 0.222172 59.324 -0.03129 0.99935 0.0178692 -1.19545 -0.221553 -0.024368 0.974843 105.835
0.974293 0.0246404 0.223929 59.4469 -0.0304864 0.999277 0.0226863 -1.18422 -0.223209 -0.02893 0.974341 106.455
0.973612 0.0228345 0.227063 59.5899 -0.0288225 0.999317 0.0230904 -1.17148 -0.226381 -0.0290257 0.973606 107.085
0.973409 0.0198226 0.228213 59.7286 -0.0253558 0.99945 0.021339 -1.16004 -0.227665 -0.0265581 0.973377 107.715
0.973679 0.0200289 0.227039 59.8698 -0.0241916 0.999585 0.0155669 -1.15685 -0.226634 -0.0206496 0.973761 108.362
0.973942 0.0215702 0.225769 60.0094 -0.0244638 0.999649 0.0100264 -1.15628 -0.225474 -0.0152883 0.974129 109.015
0.974529 0.0197455 0.22339 60.1455 -0.022469 0.9997 0.00965616 -1.15614 -0.223133 -0.0144296 0.974681 109.674
0.975495 0.0189489 0.219202 60.2843 -0.0223737 0.999662 0.0131521 -1.15276 -0.218879 -0.0177342 0.975591 110.35
0.975857 0.0169794 0.217747 60.4343 -0.0218001 0.999566 0.0197557 -1.14803 -0.217317 -0.0240257 0.975805 111.047
0.976635 0.0155179 0.214345 60.582 -0.021295 0.999468 0.0246693 -1.1431 -0.213848 -0.0286574 0.976446 111.758
0.977072 0.0172097 0.212211 60.7292 -0.0232357 0.999393 0.0259354 -1.13327 -0.211636 -0.0302716 0.976879 112.467
0.97738 0.0211364 0.210432 60.8759 -0.0262919 0.999417 0.0217322 -1.12313 -0.209851 -0.0267733 0.977367 113.193
0.978308 0.0219751 0.205987 61.028 -0.026006 0.999518 0.0168816 -1.11885 -0.205518 -0.0218724 0.978409 113.942
0.979225 0.0216504 0.201617 61.1878 -0.0255414 0.999533 0.0167171 -1.11186 -0.201162 -0.0215194 0.979321 114.687
0.980034 0.0205093 0.197768 61.3522 -0.0243936 0.999553 0.0172244 -1.10573 -0.197327 -0.0217048 0.980097 115.447
0.980989 0.0201895 0.193008 61.5081 -0.0241276 0.999544 0.0180754 -1.10102 -0.192556 -0.0223886 0.98103 116.221
0.981404 0.0195783 0.19095 61.6664 -0.0234892 0.999557 0.0182395 -1.08863 -0.190509 -0.0223856 0.98143 117.018
0.981523 0.0189743 0.190398 61.8375 -0.0230079 0.999554 0.0189967 -1.07454 -0.189953 -0.0230264 0.981523 117.814
0.981798 0.0180308 0.189071 62.009 -0.0223007 0.99954 0.0204806 -1.06646 -0.188615 -0.0243242 0.98175 118.627
0.981856 0.0163781 0.188919 62.1708 -0.0207423 0.99956 0.0211468 -1.06153 -0.18849 -0.0246817 0.981765 119.43
0.981866 0.0175502 0.188761 62.3262 -0.0220196 0.999523 0.0216065 -1.05396 -0.188292 -0.0253712 0.981785 120.26
0.981737 0.0198252 0.189204 62.4843 -0.0243579 0.999467 0.0216614 -1.04477 -0.188674 -0.0258744 0.981699 121.089
0.981289 0.0247062 0.190945 62.6348 -0.0293391 0.999338 0.0214737 -1.0383 -0.190289 -0.0266741 0.981366 121.923
0.980768 0.02801 0.193156 62.7882 -0.0330713 0.999186 0.0230286 -1.03014 -0.192354 -0.0289736 0.980898 122.769
0.980146 0.0294314 0.196077 62.9492 -0.0346815 0.999123 0.0233958 -1.01769 -0.195217 -0.0297316 0.980309 123.617
0.979436 0.0294749 0.199587 63.1161 -0.0349739 0.999097 0.0240818 -1.01085 -0.198697 -0.030567 0.979584 124.461
0.979032 0.0284 0.201715 63.2989 -0.0340266 0.99912 0.024481 -1.00047 -0.200842 -0.0308314 0.979138 125.316
0.978727 0.0243723 0.203714 63.4859 -0.0301778 0.999219 0.0254402 -0.994125 -0.202936 -0.0310467 0.9787 126.163
0.978804 0.0204711 0.203772 63.6772 -0.0262832 0.999319 0.0258571 -0.984245 -0.203105 -0.0306648 0.978677 127.013
0.978668 0.0193341 0.204537 63.8631 -0.0251669 0.999345 0.0259543 -0.959725 -0.203902 -0.0305482 0.978515 127.868
0.978225 0.0210032 0.206481 64.0428 -0.0272092 0.999257 0.0272622 -0.947006 -0.205755 -0.0322867 0.978071 128.722
0.978117 0.022908 0.206789 64.2164 -0.0303182 0.999003 0.0327369 -0.921079 -0.205834 -0.03829 0.977837 129.578
0.977863 0.0236841 0.207899 64.3976 -0.0312041 0.998968 0.0329663 -0.895292 -0.206904 -0.0387239 0.977594 130.427
0.97754 0.0236526 0.209418 64.5776 -0.0301696 0.999152 0.0279802 -0.885942 -0.208579 -0.0336698 0.977426 131.254
0.977571 0.0199243 0.20966 64.7616 -0.023663 0.999601 0.0153388 -0.887253 -0.209271 -0.019956 0.977654 132.1
0.977618 0.0165128 0.209737 64.9489 -0.0191405 0.99976 0.0105049 -0.897957 -0.209513 -0.0142843 0.977701 132.94
0.977598 0.0162173 0.209852 65.1351 -0.0203891 0.999634 0.0177317 -0.884464 -0.209488 -0.0216132 0.977572 133.774
0.978159 0.0112685 0.207553 65.3219 -0.0192858 0.999141 0.036645 -0.858297 -0.206962 -0.0398475 0.977537 134.628
0.978211 0.00706104 0.207491 65.5122 -0.0177437 0.998607 0.0496689 -0.824078 -0.206851 -0.0522684 0.976975 135.474
0.978348 0.00994785 0.206724 65.681 -0.0203377 0.99863 0.0481954 -0.789681 -0.205962 -0.0513563 0.977211 136.331
0.978385 0.0188121 0.205935 65.8467 -0.0266376 0.999021 0.0352934 -0.759194 -0.20507 -0.0400162 0.977929 137.167
0.978358 0.0184264 0.206094 66.0194 -0.0246452 0.999313 0.0276479 -0.734108 -0.205444 -0.0321288 0.978141 137.987
0.978935 0.015718 0.203567 66.1931 -0.0217326 0.999389 0.0273443 -0.724416 -0.203013 -0.0311924 0.978679 138.81
0.979502 0.0130826 0.201007 66.365 -0.0189562 0.999446 0.0273239 -0.711056 -0.200539 -0.0305742 0.979208 139.631
0.980069 0.0128298 0.198239 66.5273 -0.0187776 0.999426 0.0281525 -0.699934 -0.197765 -0.0313139 0.979749 140.441
0.981044 0.0129691 0.193349 66.6824 -0.0187705 0.999425 0.0282029 -0.682982 -0.192872 -0.0312976 0.980724 141.255
0.981557 0.0138684 0.190662 66.8309 -0.0195029 0.999425 0.0277078 -0.663386 -0.190169 -0.0309153 0.981264 142.06
0.98201 0.0170273 0.188058 66.9669 -0.0227659 0.999336 0.0283974 -0.643692 -0.18745 -0.0321679 0.981747 142.872
0.982347 0.0171018 0.186281 67.1128 -0.0228834 0.999318 0.0289312 -0.626735 -0.18566 -0.0326832 0.98207 143.677
0.982465 0.0160314 0.185756 67.2609 -0.0219913 0.999305 0.0300682 -0.610849 -0.185145 -0.033626 0.982136 144.477
0.982975 0.0154604 0.183086 67.4102 -0.0215491 0.999276 0.0313134 -0.593554 -0.18247 -0.0347257 0.982598 145.275
0.983465 0.0156956 0.180416 67.5519 -0.0216905 0.999273 0.0313037 -0.571795 -0.179794 -0.0346995 0.983092 146.064
0.984188 0.0124845 0.176685 67.6901 -0.0175982 0.999468 0.0274051 -0.550363 -0.176249 -0.0300812 0.983886 146.852
0.985429 0.0116186 0.16969 67.8289 -0.0165673 0.999476 0.0277768 -0.531845 -0.169279 -0.0301834 0.985106 147.638
0.98657 0.00997133 0.163033 67.9634 -0.0152227 0.999402 0.0309928 -0.513756 -0.162627 -0.0330584 0.986133 148.427
0.98746 0.0083022 0.157652 68.0869 -0.014431 0.999181 0.0377705 -0.487455 -0.157209 -0.039572 0.986772 149.204
0.988391 0.00737431 0.151754 68.2062 -0.0144747 0.998847 0.0457373 -0.461136 -0.151242 -0.047403 0.987359 150.002
0.988894 0.00830088 0.148385 68.315 -0.0153659 0.998797 0.0465298 -0.432714 -0.147821 -0.0482932 0.987834 150.799
0.989669 0.0118066 0.142882 68.4234 -0.0182849 0.998858 0.0441127 -0.416645 -0.142199 -0.0462696 0.988756 151.603
0.990529 0.0116427 0.136808 68.5258 -0.0165554 0.999255 0.0348264 -0.405379 -0.136301 -0.0367615 0.989985 152.41
0.991322 0.0083607 0.131187 68.6292 -0.0124169 0.999468 0.0301317 -0.39553 -0.130866 -0.0314992 0.990899 153.211
0.99227 0.00676834 0.123913 68.7346 -0.0107177 0.999453 0.0312336 -0.375922 -0.123634 -0.0323202 0.991801 154.028
0.993161 0.0119925 0.116133 68.8218 -0.0161789 0.999249 0.0351733 -0.344268 -0.115624 -0.0368117 0.992611 154.844
0.993925 0.0169491 0.108745 68.9002 -0.020868 0.999168 0.0350009 -0.316737 -0.108062 -0.0370576 0.993453 155.661
0.99501 0.0180867 0.0981183 68.9756 -0.0213617 0.999244 0.0324307 -0.293916 -0.0974579 -0.0343649 0.994646 156.486
0.995847 0.0178757 0.0892693 69.0576 -0.0208103 0.999268 0.0320512 -0.275291 -0.0886313 -0.0337758 0.995491 157.31
0.996467 0.017885 0.082055 69.1178 -0.0207744 0.999188 0.0344952 -0.252154 -0.0813718 -0.036078 0.99603 158.145
0.997137 0.0185524 0.0732989 69.1724 -0.0215605 0.998947 0.040463 -0.220289 -0.0724714 -0.0419276 0.996489 158.988
0.997617 0.0183164 0.0665109 69.2136 -0.0214404 0.998684 0.0465638 -0.192575 -0.0655708 -0.0478789 0.996698 159.828
0.998176 0.0176016 0.0577433 69.2579 -0.0204748 0.99856 0.0495504 -0.169443 -0.0567883 -0.0506423 0.997101 160.654
0.998512 0.0183768 0.0513352 69.302 -0.0209898 0.998485 0.050834 -0.147186 -0.0503236 -0.0518359 0.997387 161.489
0.998683 0.018023 0.0480374 69.3358 -0.0204808 0.998479 0.0511728 -0.113458 -0.0470423 -0.0520893 0.997534 162.301
0.998911 0.0196201 0.0423267 69.3564 -0.0216223 0.998642 0.0473751 -0.066353 -0.04134 -0.0482388 0.99798 163.127
0.998924 0.0254496 0.0387489 69.3644 -0.0270454 0.998782 0.0412329 -0.0208127 -0.0376527 -0.0422366 0.998398 163.937
0.998958 0.0269205 0.0368508 69.3825 -0.0284344 0.998745 0.041193 0.0128133 -0.0356959 -0.0421979 0.998471 164.756
0.9991 0.0269701 0.0327291 69.401 -0.0284897 0.998493 0.0468899 0.0483112 -0.0314154 -0.0477802 0.998364 165.586
0.99911 0.0277432 0.0317732 69.4134 -0.0294795 0.998019 0.0555504 0.0801071 -0.0301693 -0.0564377 0.99795 166.427
0.999284 0.0261783 0.0273015 69.4217 -0.0277995 0.997762 0.0607984 0.0835594 -0.025649 -0.0615139 0.997776 167.289
0.999473 0.0238264 0.0220275 69.4366 -0.0250131 0.998157 0.0552663 0.0958137 -0.0206703 -0.0557882 0.998228 168.135
0.999718 0.0158375 0.0176971 69.4545 -0.0166651 0.998724 0.0476408 0.106942 -0.0169203 -0.0479223 0.998708 168.974
0.99983 0.0147096 0.0111068 69.4667 -0.0152093 0.998809 0.0463259 0.126155 -0.0104124 -0.046487 0.998864 169.814
0.999887 0.014315 0.00444284 69.4589 -0.0145088 0.998779 0.0471988 0.15552 -0.00376199 -0.047258 0.998875 170.658
0.99992 0.012355 -0.00264706 69.4502 -0.0121985 0.998537 0.05265 0.182918 0.00329347 -0.0526135 0.998609 171.492
0.9999 0.00850893 -0.0112931 69.4305 -0.00786322 0.998396 0.0560391 0.210868 0.0117516 -0.0559448 0.998365 172.332
0.999842 0.00229964 -0.0175929 69.4117 -0.00126964 0.998295 0.0583352 0.239447 0.0176969 -0.0583038 0.998142 173.171
0.999741 -0.00217819 -0.0226244 69.3903 0.0035085 0.998255 0.0589277 0.276991 0.0224564 -0.0589919 0.998006 174.009
0.999542 -0.00474102 -0.0298866 69.3653 0.00634556 0.998529 0.0538237 0.311144 0.0295873 -0.0539888 0.998103 174.852
0.999247 -0.014291 -0.0360683 69.3417 0.0159061 0.998864 0.0448986 0.34798 0.0353855 -0.0454385 0.99834 175.687
0.998859 -0.0188324 -0.0438767 69.3179 0.0207902 0.998787 0.0446007 0.384629 0.0429834 -0.045462 0.998041 176.522
0.998571 -0.0164145 -0.0508588 69.281 0.0189722 0.998557 0.0502241 0.432444 0.0499608 -0.0511173 0.997442 177.377
0.998463 -0.00712018 -0.0549503 69.2367 0.0104394 0.998121 0.0603551 0.491903 0.0544172 -0.0608361 0.996663 178.238
0.998166 -0.00284525 -0.0604597 69.1787 0.00702198 0.997592 0.0689834 0.550585 0.0601177 -0.0692816 0.995784 179.112
0.997874 -0.00331489 -0.0650771 69.1186 0.00759941 0.997809 0.0657011 0.601172 0.0647167 -0.0660561 0.995715 179.978
0.997788 -0.00263729 -0.0664153 69.0619 0.00664295 0.998165 0.0601641 0.641834 0.0661347 -0.0604724 0.995977 180.836
0.997487 0.00807241 -0.0703801 68.9912 -0.00446611 0.998675 0.0512481 0.680379 0.0707004 -0.0508051 0.996203 181.682
0.997401 0.00751465 -0.0716501 68.9238 -0.00397013 0.998766 0.0494846 0.717505 0.0719334 -0.0490717 0.996202 182.531
0.997215 0.00275069 -0.0745272 68.8608 0.00128989 0.998533 0.054114 0.752747 0.0745667 -0.0540595 0.99575 183.383
0.997186 0.00232402 -0.0749313 68.7981 0.0022401 0.998148 0.0607693 0.803501 0.0749337 -0.0607662 0.995335 184.24
0.997276 0.00389543 -0.073657 68.7348 0.00101678 0.997782 0.0665356 0.858622 0.0737527 -0.0664293 0.995062 185.111
0.997105 0.00424363 -0.0759072 68.662 0.000786749 0.99781 0.0661179 0.908756 0.0760215 -0.0659863 0.99492 185.979
0.996947 0.000876439 -0.0780674 68.5916 0.00356678 0.99838 0.0567578 0.957744 0.0779906 -0.056863 0.995331 186.842
0.996844 -0.0033203 -0.0793141 68.5263 0.00723244 0.998767 0.0490886 0.99719 0.0790533 -0.0495074 0.99564 187.701
0.996651 -0.00952771 -0.0812144 68.4604 0.0133147 0.998841 0.0462162 1.03557 0.0806799 -0.0471428 0.995625 188.562
0.996628 -0.00824407 -0.081637 68.3842 0.0124095 0.998638 0.0506483 1.07796 0.0811082 -0.0514906 0.995374 189.426
0.996513 -0.00416375 -0.0833341 68.2987 0.00907518 0.998236 0.0586452 1.12472 0.0829428 -0.059197 0.994794 190.295
0.996471 -0.00428977 -0.08382 68.2079 0.00945891 0.998069 0.0613702 1.16872 0.0833948 -0.0619466 0.994589 191.157
0.996506 -0.00377407 -0.0834302 68.1174 0.00880738 0.998156 0.0600443 1.21195 0.0830497 -0.0605694 0.994703 192.022
0.996516 -0.00307036 -0.0833432 68.0248 0.00811915 0.998145 0.0603074 1.25489 0.0830034 -0.060774 0.994694 192.874
0.996541 0.000655723 -0.0830973 67.9362 0.00437728 0.998165 0.0603711 1.30377 0.0829843 -0.0605261 0.994711 193.728
0.99661 0.00139208 -0.0822522 67.8507 0.00377601 0.998027 0.0626435 1.35689 0.0821771 -0.0627418 0.994641 194.554
0.996411 0.00267698 -0.0845931 67.7681 0.00270024 0.997984 0.0633875 1.41197 0.0845922 -0.0633886 0.994397 195.373
0.996375 0.00389359 -0.0849686 67.6927 0.00154981 0.997953 0.0639039 1.46372 0.0850435 -0.0638041 0.994332 196.186
0.996354 0.00385263 -0.0852201 67.6075 0.00168577 0.997894 0.0648222 1.51218 0.0852903 -0.0647296 0.994251 196.986
0.996151 0.00473244 -0.0875139 67.5308 0.00101498 0.99785 0.0655136 1.55795 0.0876358 -0.0653505 0.994007 197.783
