1 0 0 0 0 1 0 0 0 0 1 0
0.999992 -0.00266285 -0.00284743 -0.00699787 0.00265926 0.999996 -0.00126305 -0.000931348 0.00285078 0.00125547 0.999995 0.709093
0.999974 -0.00257931 -0.00673359 -0.0160365 0.0025697 0.999996 -0.0014358 0.000878631 0.00673726 0.00141846 0.999976 1.40377
0.999942 -0.00290999 -0.0104111 -0.0276825 0.00288843 0.999994 -0.00208449 0.00446383 0.0104171 0.0020543 0.999944 2.12122
0.999887 -0.00160157 -0.0149253 -0.0479544 0.00156643 0.999996 -0.00236589 0.00618153 0.014929 0.00234224 0.999886 2.85736
0.999808 -0.00281648 -0.0193752 -0.0688957 0.00277112 0.999993 -0.00236726 0.000603582 0.0193817 0.00231311 0.99981 3.60413
0.999717 -0.00128714 -0.0237311 -0.0948759 0.00120899 0.999994 -0.00330715 -0.00217642 0.0237352 0.00327752 0.999713 4.36971
0.999592 0.000700352 -0.0285516 -0.12768 -0.000813585 0.999992 -0.00395445 -0.011867 0.0285486 0.00397607 0.999584 5.14569
0.999464 0.00236713 -0.0326338 -0.158493 -0.00247446 0.999992 -0.00324906 -0.0283596 0.0326258 0.00332807 0.999462 5.9397
0.999334 0.00375546 -0.0362833 -0.194999 -0.00382531 0.999991 -0.00185583 -0.0533266 0.036276 0.00199339 0.99934 6.73911
0.999192 0.00460239 -0.0399334 -0.225897 -0.00460489 0.99999 2.9297e-05 -0.0812268 0.0399331 0.000154616 0.999202 7.54719
0.999102 0.00404057 -0.0421728 -0.269978 -0.00403431 0.999992 0.000233585 -0.0801527 0.0421734 -6.32363e-05 0.99911 8.36276
0.999041 -0.000149916 -0.0437924 -0.305598 0.000134306 1 -0.000359405 -0.0544427 0.0437925 0.000353179 0.999041 9.18625
0.998959 -0.0011674 -0.045598 -0.340521 0.00114731 0.999999 -0.000466882 -0.056443 0.0455985 0.000414082 0.99896 10.0184
0.998857 -0.00246808 -0.0477346 -0.381127 0.00246701 0.999997 -8.12326e-05 -0.0514802 0.0477347 -3.66219e-05 0.99886 10.8627
0.998793 -0.00383471 -0.0489726 -0.424472 0.00384733 0.999993 0.00016335 -0.0663963 0.0489716 -0.000351566 0.9988 11.716
0.998715 -0.00211309 -0.0506417 -0.473834 0.00206196 0.999997 -0.00106187 -0.0748016 0.0506438 0.000956088 0.998716 12.5748
0.998651 -0.00193782 -0.0518859 -0.525181 0.00178945 0.999994 -0.00290596 -0.0809414 0.0518912 0.00280919 0.998649 13.4407
0.998614 0.00087876 -0.0526312 -0.586145 -0.0011165 0.999989 -0.00448794 -0.0841205 0.0526267 0.00454048 0.998604 14.3209
0.998535 0.00226325 -0.0540685 -0.639249 -0.00251996 0.999986 -0.00468022 -0.091693 0.0540571 0.00480961 0.998526 15.2105
0.998479 0.0013618 -0.0551143 -0.685218 -0.00155501 0.999993 -0.00346279 -0.104449 0.0551092 0.00354322 0.998474 16.1086
0.998457 0.000998465 -0.0555163 -0.737759 -0.00113921 0.999996 -0.00250359 -0.109948 0.0555136 0.00256297 0.998455 17.0091
0.998383 0.000473368 -0.056836 -0.79284 -0.000578435 0.999998 -0.00183217 -0.125886 0.056835 0.00186208 0.998382 17.9121
0.998334 0.00060727 -0.0576879 -0.838985 -0.000774764 0.999996 -0.00288114 -0.12676 0.0576859 0.00292103 0.998331 18.8133
0.998275 -0.000652499 -0.0587069 -0.896015 0.000453942 0.999994 -0.00339544 -0.130979 0.0587087 0.00336294 0.99827 19.7296
0.998235 -0.000560065 -0.0593791 -0.950684 0.000417537 0.999997 -0.00241269 -0.14657 0.0593802 0.00238364 0.998233 20.657
0.9983 0.000570399 -0.0582803 -1.0194 -0.000547286 1 0.000412541 -0.156715 0.0582805 -0.000379943 0.9983 21.5943
0.998319 0.000382119 -0.0579598 -1.08771 -0.000157271 0.999993 0.00388388 -0.163871 0.0579608 -0.00386823 0.998311 22.5317
0.998421 0.000859616 -0.0561637 -1.14445 -0.000502768 0.99998 0.00636751 -0.171467 0.0561681 -0.00632922 0.998401 23.4719
0.998563 0.000129611 -0.0535825 -1.19179 0.000244387 0.999976 0.00697324 -0.178632 0.0535821 -0.00697631 0.998539 24.4221
0.99865 0.000391149 -0.0519428 -1.23867 -0.000121643 0.999987 0.00519158 -0.192249 0.0519441 -0.00517825 0.998637 25.3605
0.998784 0.000538187 -0.0492992 -1.29026 -0.000510416 1 0.000575897 -0.204659 0.0492995 -0.000550032 0.998784 26.3177
0.998855 -0.000163547 -0.0478342 -1.34002 7.85833e-05 0.999998 -0.0017781 -0.216172 0.0478344 0.0017723 0.998854 27.284
0.998924 -0.00312437 -0.0462662 -1.39058 0.00308745 0.999995 -0.000869477 -0.22542 0.0462687 0.000725699 0.998929 28.2664
0.998999 -0.00396829 -0.0445487 -1.43936 0.00415281 0.999983 0.00405006 -0.229351 0.0445319 -0.00423101 0.998999 29.2503
0.998937 -0.00912519 -0.0451679 -1.48905 0.00945837 0.99993 0.00716831 -0.228141 0.0450993 -0.00758791 0.998954 30.2384
0.998814 -0.0160415 -0.0459535 -1.52556 0.0164109 0.999836 0.00767273 -0.227029 0.0458229 -0.00841777 0.998914 31.2177
0.998797 -0.0162167 -0.0462732 -1.56435 0.016435 0.999856 0.00434098 -0.230117 0.0461961 -0.00509626 0.998919 32.2
0.998742 -0.0154708 -0.047684 -1.60828 0.0155453 0.999879 0.00119278 -0.229372 0.0476598 -0.00193254 0.998862 33.1916
0.998668 -0.0154157 -0.0492337 -1.65158 0.0154397 0.999881 0.000107109 -0.224257 0.0492262 -0.000867118 0.998787 34.1979
0.998679 -0.0157271 -0.0489093 -1.6944 0.0158362 0.999873 0.0018429 -0.222367 0.0488741 -0.002615 0.998802 35.2226
0.998627 -0.0142861 -0.0504008 -1.75411 0.0144665 0.99989 0.00321474 -0.216232 0.0503494 -0.00393945 0.998724 36.2252
0.998637 -0.0131881 -0.0505039 -1.80642 0.0134161 0.999901 0.00417809 -0.239139 0.0504438 -0.00484996 0.998715 37.244
0.998649 -0.00764605 -0.0513969 -1.86599 0.00793841 0.999954 0.00548674 -0.289523 0.0513525 -0.00588734 0.998663 38.2599
0.998613 -0.0117495 -0.05132 -1.91838 0.0121983 0.99989 0.00844088 -0.257497 0.0512152 -0.0090552 0.998647 39.273
0.998625 -0.0119246 -0.0510427 -1.97591 0.0124282 0.999877 0.00955936 -0.206304 0.0509225 -0.0101806 0.998651 40.2854
0.99861 -0.0119046 -0.051339 -2.03156 0.0124125 0.999877 0.00958663 -0.20463 0.0512185 -0.0102106 0.998635 41.2824
0.998625 -0.00996999 -0.0514659 -2.08292 0.0104632 0.999902 0.00932259 -0.21943 0.0513679 -0.00984827 0.998631 42.2745
0.99868 -0.00761706 -0.0507863 -2.14458 0.00805489 0.999932 0.00842206 -0.224675 0.0507187 -0.00882002 0.998674 43.2724
0.998612 -0.00906423 -0.0518855 -2.20374 0.00949341 0.999923 0.0080312 -0.233025 0.0518087 -0.00851262 0.998621 44.2777
0.998519 -0.0116773 -0.0531299 -2.2538 0.0121659 0.999887 0.00888095 -0.231934 0.0530202 -0.00951417 0.998548 45.2745
0.998513 -0.011285 -0.0533359 -2.31402 0.0117981 0.999887 0.00931413 -0.230369 0.0532247 -0.00992954 0.998533 46.2714
0.998501 -0.0103809 -0.0537334 -2.37491 0.0107752 0.999917 0.00705354 -0.231135 0.0536557 -0.00762196 0.998531 47.2683
0.998526 -0.00811353 -0.0536656 -2.43941 0.0083382 0.999957 0.0039639 -0.227239 0.0536311 -0.00440552 0.998551 48.246
0.99846 -0.00859786 -0.054798 -2.50947 0.00879699 0.999956 0.0033938 -0.225182 0.0547664 -0.00387063 0.998492 49.2375
0.99848 -0.00898037 -0.0543671 -2.57358 0.00932672 0.999938 0.00612022 -0.222274 0.0543087 -0.00661799 0.998502 50.2275
0.998475 -0.0114164 -0.054001 -2.62631 0.0119056 0.999891 0.00874596 -0.241451 0.0538953 -0.00937555 0.998503 51.2109
0.998437 -0.0121436 -0.0545555 -2.67707 0.0126638 0.999877 0.00919947 -0.242091 0.0544371 -0.00987597 0.998468 52.1824
0.99844 -0.0136859 -0.0541282 -2.72569 0.0141671 0.999863 0.0085161 -0.251326 0.0540042 -0.00926965 0.998498 53.1709
0.998472 -0.0156708 -0.052994 -2.77499 0.0161153 0.999838 0.00797162 -0.265675 0.0528605 -0.00881345 0.998563 54.1166
0.998399 -0.0169362 -0.0539611 -2.82901 0.0174061 0.999814 0.00825098 -0.257951 0.0538114 -0.00917702 0.998509 55.0585
0.998392 -0.0204369 -0.0528789 -2.87186 0.0210775 0.999711 0.011586 -0.24184 0.0526268 -0.0126819 0.998534 55.9945
0.998291 -0.0223874 -0.0539762 -2.925 0.0233089 0.999592 0.0165032 -0.250587 0.0535847 -0.0177331 0.998406 56.9441
0.998284 -0.0240113 -0.0534094 -2.97079 0.0249394 0.999548 0.0167789 -0.254016 0.0529823 -0.0180821 0.998432 57.8923
0.998311 -0.0234505 -0.0531491 -3.02367 0.0242489 0.999602 0.0144283 -0.253847 0.0527896 -0.0156927 0.998483 58.8331
0.998275 -0.0221004 -0.0543898 -3.08628 0.0225744 0.999712 0.0081148 -0.24831 0.0541948 -0.00932861 0.998487 59.7562
0.998239 -0.0218022 -0.0551668 -3.14119 0.0220772 0.999747 0.00437989 -0.26482 0.0550574 -0.00559011 0.998468 60.6777
0.998317 -0.018772 -0.054865 -3.19569 0.0190725 0.999806 0.00495799 -0.260681 0.0547613 -0.00599605 0.998482 61.5867
0.998282 -0.0163624 -0.0562598 -3.25131 0.0167603 0.999838 0.00660636 -0.256339 0.0561425 -0.00753794 0.998394 62.4968
0.998238 -0.0153596 -0.0573029 -3.30819 0.0157984 0.999849 0.00721216 -0.2587 0.0571834 -0.00810474 0.998331 63.3821
0.99827 -0.013004 -0.0573431 -3.34928 0.0134128 0.999887 0.00674855 -0.264347 0.0572488 -0.007506 0.998332 64.2553
0.998155 -0.0124622 -0.0594184 -3.39334 0.0128874 0.999894 0.00677715 -0.268385 0.0593276 -0.00753039 0.99821 65.1299
0.998157 -0.0111967 -0.0596338 -3.44111 0.011668 0.999903 0.00756038 -0.273154 0.0595434 -0.00824226 0.998192 65.9926
0.998048 -0.0117244 -0.0613407 -3.4962 0.0122388 0.999893 0.00801601 -0.28258 0.0612401 -0.0087511 0.998085 66.8383
0.997991 -0.00977237 -0.0625876 -3.54698 0.0103281 0.99991 0.00856208 -0.288736 0.0624983 -0.00919129 0.998003 67.6697
0.997974 -0.00870533 -0.0630253 -3.60019 0.00938925 0.9999 0.0105634 -0.293631 0.062927 -0.0111338 0.997956 68.501
0.997869 -0.0077996 -0.0647736 -3.66033 0.00868339 0.999873 0.0133741 -0.286614 0.0646611 -0.013908 0.997811 69.3004
0.997769 -0.00631743 -0.0664549 -3.71521 0.00725424 0.999877 0.013865 -0.292287 0.0663592 -0.0143162 0.997693 70.079
0.997732 -0.00395491 -0.0671884 -3.77615 0.0047606 0.999919 0.0118358 -0.29131 0.0671361 -0.0121288 0.99767 70.8376
0.99763 -0.00191091 -0.0687709 -3.84446 0.00238183 0.999974 0.0067663 -0.284829 0.0687562 -0.00691407 0.99761 71.5748
0.997568 -0.0025996 -0.0696423 -3.89743 0.00274395 0.999994 0.00197712 -0.296578 0.0696368 -0.00216341 0.99757 72.2931
0.997476 -0.00301386 -0.0709377 -3.9576 0.00315778 0.999993 0.00191678 -0.297064 0.0709315 -0.00213594 0.997479 72.9868
0.997458 -0.00217274 -0.0712158 -4.01578 0.00246465 0.999989 0.00401125 -0.300913 0.0712063 -0.00417657 0.997453 73.69
0.997405 -0.00351753 -0.0719031 -4.06042 0.00389597 0.999979 0.0051237 -0.314417 0.0718836 -0.00539054 0.997399 74.3561
0.997306 -0.00484383 -0.073183 -4.10684 0.00505516 0.999984 0.00270275 -0.325787 0.0731688 -0.00306542 0.997315 74.9864
0.997296 -0.0100896 -0.0727833 -4.14804 0.0100321 0.999949 -0.00115569 -0.348259 0.0727912 0.000422409 0.997347 75.6036
0.997369 -0.0129066 -0.0713302 -4.19501 0.0125824 0.999908 -0.00499169 -0.351497 0.0713882 0.00408106 0.99744 76.2104
0.997588 -0.0112265 -0.0684989 -4.23985 0.0109216 0.999929 -0.00482312 -0.360917 0.0685482 0.00406338 0.99764 76.7957
0.9979 -0.00727669 -0.0643613 -4.2924 0.00709869 0.99997 -0.00299383 -0.359444 0.0643812 0.00253066 0.997922 77.3694
0.998208 -0.00865718 -0.0592068 -4.32923 0.00858403 0.999962 -0.0014899 -0.368506 0.0592175 0.000979001 0.998245 77.9435
0.998479 -0.011143 -0.0539863 -4.3501 0.0112381 0.999936 0.0014582 -0.378415 0.0539666 -0.00206267 0.998541 78.4937
0.998855 -0.0150019 -0.0454344 -4.36593 0.0152039 0.999876 0.00410243 -0.40266 0.0453672 -0.00478851 0.998959 79.0361
0.999307 -0.0126354 -0.0350028 -4.38635 0.0127899 0.99991 0.00419527 -0.399524 0.0349466 -0.00464005 0.999379 79.5603
0.999726 -0.0121077 -0.0200181 -4.40515 0.0121994 0.999916 0.00446013 -0.396237 0.0199624 -0.00470311 0.99979 80.0631
0.999971 -0.00747479 -0.00165627 -4.41809 0.00748368 0.999957 0.0054241 -0.394242 0.00161566 -0.00543633 0.999984 80.5791
0.999767 -0.00822729 0.0199332 -4.39819 0.00810822 0.999949 0.00604706 -0.402507 -0.0199819 -0.00588402 0.999783 81.056
0.998865 -0.0108609 0.0463703 -4.36446 0.0105135 0.999915 0.00772997 -0.412647 -0.0464503 -0.00723368 0.998895 81.5408
0.997081 -0.0116536 0.0754524 -4.31711 0.0109928 0.999898 0.00916828 -0.415944 -0.0755515 -0.00831209 0.997107 82.0087
0.994022 -0.011325 0.108587 -4.25448 0.0101805 0.999887 0.0110882 -0.418211 -0.1087 -0.00991643 0.994025 82.4739
0.989165 -0.0115538 0.146351 -4.17906 0.00992978 0.999881 0.0118226 -0.417227 -0.14647 -0.0102413 0.989162 82.9282
0.98224 -0.0108217 0.187314 -4.08213 0.00863414 0.999885 0.0124907 -0.417004 -0.187428 -0.0106516 0.982221 83.3649
0.972564 -0.0108401 0.232383 -3.96494 0.00794533 0.999879 0.0133895 -0.422679 -0.2325 -0.0111758 0.972532 83.7963
0.959538 -0.0100279 0.281399 -3.83465 0.00646132 0.999887 0.0135996 -0.419452 -0.281504 -0.0112311 0.959495 84.2152
0.942627 -0.00907695 0.333724 -3.67897 0.00503287 0.999903 0.0129806 -0.424062 -0.33381 -0.0105563 0.942581 84.5961
0.92135 -0.00935878 0.388622 -3.49563 0.00486552 0.99991 0.0125445 -0.426205 -0.388704 -0.00966707 0.921312 84.9779
0.895607 -0.00899174 0.444755 -3.2986 0.00402161 0.999919 0.0121173 -0.423333 -0.444828 -0.00906368 0.895571 85.3363
0.865244 -0.0084942 0.501279 -3.0796 0.00298525 0.999926 0.011791 -0.420299 -0.501343 -0.00870566 0.865205 85.6723
0.830459 -0.00968535 0.556995 -2.82981 0.00369165 0.999923 0.0118831 -0.420419 -0.557067 -0.00781221 0.830431 85.9946
0.792228 -0.00993993 0.610144 -2.58053 0.00323233 0.999922 0.0120929 -0.422934 -0.610217 -0.00760813 0.792198 86.2745
0.751051 -0.0111832 0.660149 -2.29574 0.00332299 0.999908 0.0131583 -0.426079 -0.660236 -0.00768886 0.751019 86.5493
0.707013 -0.0113621 0.707108 -2.0195 0.0015664 0.999894 0.0145005 -0.418194 -0.707198 -0.00914447 0.706956 86.7993
0.660731 -0.0121881 0.750524 -1.71445 0.000755656 0.999879 0.0155723 -0.419434 -0.750622 -0.00972194 0.66066 87.0342
0.61289 -0.0136202 0.790051 -1.38951 0.00164473 0.999871 0.0159615 -0.418028 -0.790167 -0.00848324 0.612833 87.254
0.565085 -0.0157468 0.824882 -1.07121 0.00413125 0.99986 0.016257 -0.420581 -0.825023 -0.00577876 0.56507 87.434
0.517045 -0.0144666 0.855835 -0.733011 0.00225721 0.999877 0.0155377 -0.412122 -0.855955 -0.00610191 0.517015 87.6135
0.46921 -0.0128011 0.882994 -0.404214 -0.00106691 0.999886 0.0150626 -0.396787 -0.883086 -0.00800962 0.469143 87.7693
0.42293 -0.0126242 0.906074 -0.0620639 -0.00228637 0.999885 0.0149985 -0.397683 -0.90616 -0.00841492 0.422853 87.9126
0.379388 -0.0141451 0.925129 0.305427 0.00116393 0.99989 0.0148109 -0.390022 -0.925237 -0.00454227 0.379362 88.033
0.339242 -0.0214626 0.940454 0.667217 0.0127016 0.999753 0.0182342 -0.393284 -0.940614 0.00575949 0.339431 88.118
0.302961 -0.0243938 0.95269 1.03756 0.0169569 0.999652 0.0202039 -0.383253 -0.952852 0.0100337 0.30327 88.2002
0.269078 -0.0214788 0.962879 1.41147 0.0135306 0.999737 0.0185199 -0.376498 -0.963024 0.00804505 0.269298 88.299
0.237921 -0.0148937 0.97117 1.77566 0.00356243 0.999889 0.0144614 -0.368998 -0.971278 1.90442e-05 0.237948 88.3946
0.209291 -0.011315 0.977788 2.16253 -0.000857777 0.999931 0.0117549 -0.363056 -0.977853 -0.00329892 0.209267 88.48
0.182973 -0.0103273 0.983063 2.5623 -0.000822502 0.999943 0.0106578 -0.36697 -0.983118 -0.00275866 0.182954 88.5478
0.159352 -0.0101258 0.98717 2.96975 0.00407664 0.999946 0.00959875 -0.362503 -0.987214 0.00249476 0.159385 88.5892
0.138219 -0.00599651 0.990383 3.38456 0.00868021 0.999951 0.00484302 -0.359663 -0.990364 0.00792734 0.138265 88.6242
0.118251 0.000146374 0.992984 3.81874 0.00836384 0.999964 -0.00114342 -0.342327 -0.992949 0.00844037 0.118246 88.6649
0.100547 0.000579933 0.994932 4.25809 0.00829448 0.999965 -0.00142109 -0.334536 -0.994898 0.00839533 0.100538 88.708
0.0845799 -0.00244286 0.996414 4.71823 0.00760593 0.999969 0.00180596 -0.331842 -0.996388 0.00742591 0.0845959 88.7454
0.0695805 -0.00500959 0.997564 5.19511 0.00839306 0.999955 0.00443618 -0.338317 -0.997541 0.00806394 0.0696194 88.7802
0.0559668 -0.00703673 0.998408 5.68229 0.0104731 0.999924 0.00646034 -0.340258 -0.998378 0.0100948 0.0560362 88.7921
0.0438542 -0.00799127 0.999006 6.18673 0.0142479 0.999871 0.00737275 -0.344605 -0.998937 0.0139104 0.0439623 88.8005
0.0338688 -0.00766037 0.999397 6.70327 0.0164149 0.99984 0.00710748 -0.335585 -0.999292 0.0161643 0.0339891 88.8043
0.0260365 -0.007374 0.999634 7.24039 0.01788 0.999816 0.00690965 -0.32871 -0.999501 0.0176936 0.0261635 88.8175
0.0195918 -0.00711941 0.999783 7.79321 0.0186542 0.999803 0.00675401 -0.323207 -0.999634 0.0185179 0.0197207 88.8267
0.0141639 -0.00661067 0.999878 8.3503 0.0183751 0.999811 0.00634994 -0.311787 -0.999731 0.018283 0.0142827 88.8371
0.00804763 -0.00623797 0.999948 8.93813 0.0181622 0.999816 0.00609098 -0.308104 -0.999803 0.0181123 0.00815936 88.847
0.00303241 -0.00654238 0.999974 9.55334 0.0191943 0.999795 0.006483 -0.303736 -0.999811 0.0191742 0.00315728 88.8513
0.000415017 -0.00601991 0.999982 10.162 0.0195609 0.999791 0.00601065 -0.298407 -0.999809 0.0195581 0.000532595 88.852
-0.00306754 -0.00675341 0.999972 10.8018 0.0198467 0.99978 0.006813 -0.296375 -0.999799 0.0198671 -0.00293292 88.8475
-0.00628932 -0.00693917 0.999956 11.4612 0.0199197 0.999777 0.00706321 -0.296411 -0.999782 0.0199633 -0.00614978 88.8538
-0.00724537 -0.00715577 0.999948 12.1292 0.0240193 0.999685 0.00732793 -0.300147 -0.999685 0.0240711 -0.0070713 88.8421
-0.00644318 -0.0073114 0.999952 12.8287 0.0257981 0.999639 0.00747535 -0.299765 -0.999647 0.025845 -0.00625233 88.8367
-0.00393445 -0.0074656 0.999964 13.5123 0.0270445 0.999605 0.00756934 -0.300923 -0.999627 0.0270733 -0.00373109 88.8252
-0.000167192 -0.00755643 0.999971 14.2374 0.0279384 0.999581 0.00755815 -0.293584 -0.99961 0.0279389 4.39032e-05 88.8373
0.00409909 -0.00766953 0.999962 14.9766 0.0275839 0.999591 0.00755361 -0.30343 -0.999611 0.0275519 0.00430888 88.839
0.0078878 -0.00834244 0.999934 15.7165 0.0304538 0.999503 0.00809862 -0.303328 -0.999505 0.0303879 0.00813786 88.8438
0.0120111 -0.00914289 0.999886 16.488 0.0310968 0.999478 0.00876562 -0.287037 -0.999444 0.030988 0.012289 88.858
0.0148143 -0.0105088 0.999835 17.2934 0.0298616 0.999503 0.0100629 -0.273957 -0.999444 0.0297076 0.0151207 88.8738
0.0194935 -0.0111149 0.999748 18.0811 0.027278 0.999572 0.0105811 -0.264571 -0.999438 0.0270649 0.0197882 88.9044
0.0231658 -0.0107005 0.999674 18.8836 0.025934 0.999613 0.0100989 -0.266046 -0.999395 0.0256916 0.0234342 88.9275
0.0267758 -0.00820291 0.999608 19.6725 0.0265677 0.999619 0.00749136 -0.264962 -0.999288 0.0263567 0.0269835 88.9661
0.0281579 -0.00343001 0.999597 20.4778 0.0223889 0.999745 0.00279984 -0.263052 -0.999353 0.0223011 0.0282275 89.0083
0.0272748 -0.00141132 0.999627 21.3102 0.0199604 0.9998 0.000866947 -0.274413 -0.999429 0.0199293 0.0272974 89.0339
0.0280741 -0.00194346 0.999604 22.1321 0.0183611 0.99983 0.00142823 -0.280825 -0.999437 0.0183138 0.0281049 89.0648
0.0278796 -0.00400915 0.999603 22.9663 0.0180927 0.99983 0.00350544 -0.287895 -0.999448 0.0179878 0.0279473 89.0957
0.0264388 -0.0049515 0.999638 23.7945 0.0170321 0.999845 0.00450206 -0.297784 -0.999505 0.0169069 0.0265189 89.1256
0.0268721 -0.00528258 0.999625 24.6207 0.015409 0.99987 0.00486965 -0.303673 -0.99952 0.0152724 0.0269499 89.1638
0.0262254 -0.00540909 0.999641 25.4361 0.0160478 0.999859 0.00498925 -0.310888 -0.999527 0.0159113 0.0263084 89.1906
0.0251249 -0.00509111 0.999671 26.2671 0.0143351 0.999886 0.00473192 -0.326079 -0.999582 0.0142115 0.0251949 89.214
0.0239519 -0.00501079 0.9997 27.078 0.0118131 0.999919 0.00472885 -0.331696 -0.999643 0.0116963 0.024009 89.2488
0.0202496 -0.00536682 0.99978 27.905 0.00932775 0.999943 0.00517877 -0.331025 -0.999751 0.00922086 0.0202984 89.282
0.0162158 -0.0067317 0.999846 28.7206 0.00709188 0.999953 0.0066174 -0.330474 -0.999843 0.0069835 0.0162627 89.3098
0.0104241 -0.00869148 0.999908 29.5448 0.00435005 0.999953 0.00864653 -0.331647 -0.999936 0.00425954 0.0104613 89.3318
0.00322235 -0.0104768 0.99994 30.3672 0.000835082 0.999945 0.0104742 -0.346146 -0.999994 0.000801306 0.00323083 89.349
-0.00417502 -0.011275 0.999927 31.1929 -0.000325934 0.999937 0.0112738 -0.356038 -0.999991 -0.000278815 -0.00417852 89.3551
-0.0130874 -0.011262 0.999851 31.9983 -0.00120896 0.999936 0.0112471 -0.349707 -0.999914 -0.00106155 -0.0131003 89.349
-0.0241533 -0.0112558 0.999645 32.8079 -0.00130948 0.999936 0.0112274 -0.352254 -0.999707 -0.00103781 -0.0241666 89.3336
-0.0341721 -0.0123079 0.99934 33.6141 0.00100775 0.999923 0.0123495 -0.350646 -0.999415 0.00142912 -0.0341571 89.3118
-0.0456583 -0.0134921 0.998866 34.4257 -0.000430923 0.999909 0.0134865 -0.342399 -0.998957 0.000185362 -0.0456601 89.2875
-0.0566018 -0.0141931 0.998295 35.2228 0.000248226 0.999899 0.01423 -0.333294 -0.998397 0.00105327 -0.0565926 89.2462
-0.0676286 -0.014619 0.997603 36.0087 -4.69402e-05 0.999893 0.0146494 -0.333723 -0.99771 0.000943918 -0.0676221 89.1983
-0.0796776 -0.0140337 0.996721 36.7987 0.000304299 0.999901 0.0141028 -0.327789 -0.99682 0.00142701 -0.0796655 89.1346
-0.0902182 -0.0141923 0.99582 37.5757 -0.000459856 0.999899 0.0142087 -0.323803 -0.995922 0.000823981 -0.0902158 89.0691
-0.10103 -0.0130894 0.994797 38.3566 -0.000992018 0.999915 0.0130559 -0.319965 -0.994883 0.000332214 -0.101034 88.9904
-0.111267 -0.0127688 0.993708 39.1175 -0.000826982 0.999919 0.012756 -0.322697 -0.99379 0.000597567 -0.111269 88.9071
-0.120216 -0.0128617 0.992664 39.8793 -0.000895437 0.999917 0.0128472 -0.321141 -0.992747 0.000655607 -0.120218 88.8129
-0.129922 -0.0126825 0.991443 40.631 -0.00175566 0.99992 0.0125609 -0.319777 -0.991523 -0.00010868 -0.129934 88.7065
-0.13776 -0.0130309 0.990379 41.3733 -0.0003851 0.999914 0.0131028 -0.317782 -0.990465 0.00142367 -0.137754 88.5913
-0.145396 -0.0134391 0.989282 42.1222 0.000381767 0.999907 0.0136395 -0.315539 -0.989373 0.00236083 -0.145377 88.482
-0.151144 -0.0144952 0.988405 42.84 0.00169704 0.999888 0.0149231 -0.311386 -0.98851 0.00393293 -0.151103 88.3676
-0.155023 -0.0156757 0.987786 43.5604 0.00433559 0.999854 0.0165477 -0.308285 -0.987901 0.00684793 -0.154933 88.2469
-0.15798 -0.0157734 0.987316 44.268 0.00576879 0.999841 0.0168966 -0.299057 -0.987425 0.00836496 -0.157864 88.1314
-0.160333 -0.016233 0.986929 44.9564 0.00621384 0.999829 0.0174547 -0.291072 -0.987043 0.00893121 -0.160205 88.0173
-0.161414 -0.0158227 0.986759 45.6341 0.00518117 0.999844 0.01688 -0.284153 -0.986873 0.00783727 -0.161307 87.9097
-0.161025 -0.015107 0.986834 46.2837 0.00677063 0.999843 0.0164109 -0.286442 -0.986927 0.00932408 -0.160897 87.8001
-0.159147 -0.0138207 0.987158 46.9143 0.00767237 0.999855 0.0152354 -0.285227 -0.987225 0.00999854 -0.159018 87.7024
-0.153921 -0.0138492 0.987986 47.5312 0.00736952 0.999858 0.0151637 -0.280949 -0.988056 0.00961502 -0.153797 87.6051
-0.146577 -0.0134166 0.989108 48.142 0.00829687 0.999857 0.0147919 -0.276255 -0.989164 0.0103747 -0.146445 87.5149
-0.135724 -0.0132352 0.990658 48.7216 0.00877468 0.999856 0.0145603 -0.270126 -0.990708 0.0106689 -0.135589 87.4383
-0.1224 -0.0132898 0.992391 49.2926 0.00893232 0.999856 0.0144915 -0.268242 -0.992441 0.0106381 -0.122264 87.3805
-0.10589 -0.0123292 0.994301 49.8382 0.0089155 0.999872 0.0133478 -0.263949 -0.994338 0.0102781 -0.105766 87.3329
-0.0849549 -0.0105664 0.996328 50.3801 0.00886777 0.999897 0.0113604 -0.263353 -0.996345 0.00980036 -0.0848525 87.2988
-0.0609995 -0.00805686 0.998105 50.9032 0.00810894 0.999931 0.00856718 -0.263979 -0.998105 0.0086162 -0.06093 87.2791
-0.0331397 -0.00634454 0.99943 51.4267 0.00748656 0.999951 0.00659608 -0.265647 -0.999423 0.00770091 -0.0330906 87.2741
-0.000161626 -0.00674362 0.999977 51.9568 0.00675422 0.999955 0.00674456 -0.274627 -0.999977 0.00675518 -0.000116111 87.2883
0.0375981 -0.00796273 0.999261 52.4772 0.00714839 0.999945 0.00769921 -0.267069 -0.999267 0.00685365 0.0376529 87.3214
0.0791973 -0.0106975 0.996801 52.9857 0.00702814 0.999924 0.0101726 -0.266651 -0.996834 0.00620004 0.0792665 87.3861
0.12453 -0.0147025 0.992106 53.5025 0.0054408 0.999886 0.0141348 -0.263533 -0.992201 0.00363766 0.124596 87.4682
0.172931 -0.0172346 0.984783 54.0091 0.0036541 0.999852 0.0168567 -0.257695 -0.984927 0.000683484 0.172968 87.5801
0.224151 -0.0181724 0.974384 54.4907 0.00204022 0.999833 0.0181777 -0.249227 -0.974552 -0.00208656 0.22415 87.719
0.279095 -0.0175551 0.960102 54.9717 0.00257553 0.999843 0.017533 -0.240375 -0.96026 -0.00242058 0.279096 87.8803
0.337439 -0.0170056 0.941193 55.4253 0.00511268 0.999856 0.0162325 -0.243326 -0.941334 -0.000665409 0.337477 88.0639
0.398454 -0.0130529 0.917095 55.856 0.00714513 0.999913 0.0111272 -0.236506 -0.91716 0.0021191 0.398513 88.2666
0.459811 -0.00935648 0.887967 56.2769 0.00898452 0.999943 0.00588396 -0.231174 -0.887972 0.00527248 0.459869 88.5067
0.519771 -0.00470625 0.854292 56.6713 0.00783197 0.999969 0.000743625 -0.223351 -0.85427 0.0063043 0.519792 88.7691
0.577965 -0.00131598 0.81606 57.0408 0.00540199 0.999983 -0.00221332 -0.215667 -0.816044 0.0056876 0.577963 89.0741
0.633134 -0.000459622 0.774041 57.3915 0.00597852 0.999973 -0.00429642 -0.219103 -0.774019 0.00734787 0.63312 89.3949
0.684824 -0.00147347 0.728706 57.7115 0.00696341 0.999966 -0.00452213 -0.224023 -0.728675 0.00817118 0.684811 89.7213
0.732817 -0.0048051 0.680408 58.0173 0.00786123 0.999969 -0.00140489 -0.23475 -0.68038 0.00637841 0.732832 90.0991
0.777151 -0.0084286 0.629257 58.2938 0.00830573 0.999961 0.00313617 -0.233606 -0.629259 0.00278919 0.777191 90.4835
0.816669 -0.0119257 0.576982 58.5387 0.00875893 0.999928 0.00827009 -0.241742 -0.577039 -0.00170016 0.816715 90.8687
0.850917 -0.0143955 0.525101 58.7639 0.00937788 0.999882 0.0122148 -0.244174 -0.525215 -0.00546946 0.850952 91.2954
0.879404 -0.0154611 0.475824 58.9601 0.00898326 0.999834 0.0158854 -0.2547 -0.47599 -0.00969522 0.879397 91.7251
0.902297 -0.0139233 0.430888 59.1406 0.00702028 0.999821 0.0176065 -0.256927 -0.431056 -0.0128613 0.902234 92.155
0.920177 -0.00946896 0.391388 59.3043 0.00241902 0.999826 0.0185018 -0.249179 -0.391495 -0.0160781 0.92004 92.6169
0.934048 -0.00472744 0.357114 59.4443 -0.00154391 0.99985 0.0172741 -0.24105 -0.357142 -0.0166861 0.933901 93.0585
0.945254 -0.00167864 0.326328 59.5934 -0.00392083 0.999857 0.0165005 -0.216424 -0.326309 -0.0168766 0.945112 93.5248
0.952688 -0.00499256 0.303908 59.7454 -0.000127038 0.999859 0.0168237 -0.227732 -0.303949 -0.0160664 0.952553 93.99
0.95742 -0.00780333 0.288591 59.8827 0.00303012 0.999852 0.0169827 -0.224877 -0.288681 -0.0153851 0.957302 94.4597
0.961404 -0.00390202 0.275109 60.0113 -0.000650781 0.999865 0.0164558 -0.21433 -0.275137 -0.0159997 0.961272 94.9519
0.964067 0.00164695 0.265653 60.1267 -0.00640948 0.999834 0.0170616 -0.191264 -0.265581 -0.0181512 0.963918 95.4384
0.965828 0.00701241 0.259087 60.2444 -0.0116803 0.999796 0.0164815 -0.188417 -0.258919 -0.0189445 0.965713 95.9594
0.966481 0.0119589 0.256458 60.3657 -0.0159065 0.999785 0.0133238 -0.172168 -0.256243 -0.0169565 0.966464 96.466
0.966713 0.0126678 0.255549 60.5009 -0.0163072 0.999794 0.0121274 -0.180416 -0.255343 -0.015891 0.96672 96.9997
0.966231 0.0118573 0.257402 60.6499 -0.0149715 0.999837 0.0101423 -0.175726 -0.25724 -0.0136535 0.966251 97.5315
0.965327 0.0132248 0.260705 60.7987 -0.01474 0.999884 0.00385745 -0.171211 -0.260624 -0.00756646 0.965411 98.0784
0.964548 0.0161017 0.263414 60.953 -0.0167495 0.99986 0.000213346 -0.174736 -0.263374 -0.00461779 0.964683 98.6463
0.963444 0.0207849 0.2671 61.1067 -0.021625 0.999767 0.000203799 -0.164507 -0.267034 -0.00597237 0.963669 99.2318
0.962019 0.0223967 0.272061 61.2672 -0.0240089 0.999709 0.00259816 -0.167199 -0.271924 -0.00903135 0.962276 99.8175
0.961309 0.0207749 0.274685 61.4393 -0.0239758 0.999679 0.00830024 -0.163499 -0.274425 -0.0145649 0.961498 100.422
0.960459 0.0173839 0.277876 61.6134 -0.0217276 0.999686 0.0125596 -0.156767 -0.277571 -0.0181006 0.960535 101.026
0.959781 0.0151512 0.280339 61.7926 -0.0206964 0.999645 0.0168301 -0.154999 -0.279984 -0.0219551 0.959754 101.662
0.959523 0.0112175 0.281406 61.9809 -0.0170065 0.999691 0.0181377 -0.150827 -0.281116 -0.0221892 0.959417 102.296
0.959714 0.00821977 0.280856 62.1618 -0.013484 0.999768 0.0168161 -0.141616 -0.280653 -0.0199257 0.959602 102.928
0.960042 0.00880446 0.279715 62.3461 -0.0125621 0.999854 0.011644 -0.142442 -0.279572 -0.0146926 0.960013 103.58
0.960387 0.0101633 0.278484 62.5303 -0.0123051 0.999907 0.0059441 -0.141556 -0.278398 -0.00913538 0.960423 104.237
0.961195 0.0123684 0.27559 62.7096 -0.013729 0.999902 0.00300839 -0.143317 -0.275526 -0.00667521 0.961271 104.896
0.96206 0.0101442 0.272648 62.9034 -0.0123141 0.999905 0.0062486 -0.142254 -0.272559 -0.0093689 0.962094 105.589
0.962639 0.00642856 0.270709 63.104 -0.0100385 0.999879 0.0119527 -0.139931 -0.270599 -0.0142236 0.962587 106.292
0.963488 0.00315886 0.267733 63.2917 -0.00784744 0.999835 0.0164439 -0.138308 -0.267637 -0.0179445 0.963353 107.006
0.963997 0.0041083 0.265881 63.4791 -0.0087128 0.999832 0.0161406 -0.131534 -0.26577 -0.0178761 0.963871 107.714
0.96469 0.0110692 0.263153 63.656 -0.0147675 0.999819 0.0120801 -0.119469 -0.262971 -0.0155396 0.964679 108.436
0.965951 0.0116539 0.258462 63.8502 -0.0140258 0.999875 0.00733471 -0.122071 -0.258345 -0.0107101 0.965994 109.188
0.966972 0.0122402 0.254588 64.0455 -0.0144995 0.999871 0.00699968 -0.108201 -0.25447 -0.0104599 0.967024 109.931
0.968164 0.0111235 0.250066 64.2447 -0.0133791 0.999884 0.00732198 -0.0947473 -0.249956 -0.0104345 0.968201 110.683
0.96925 0.00899185 0.245911 64.4424 -0.0116102 0.999891 0.00919958 -0.0970723 -0.245802 -0.0117717 0.969249 111.474
0.969906 0.00776258 0.243353 64.6401 -0.0105454 0.999894 0.0101346 -0.086786 -0.243249 -0.0123958 0.969885 112.258
0.970286 0.00501644 0.241907 64.8458 -0.00796334 0.999906 0.0112057 -0.0758035 -0.241829 -0.0127991 0.970235 113.044
0.970575 0.00171579 0.24079 65.0519 -0.00511689 0.999896 0.0135002 -0.0858878 -0.240742 -0.0143351 0.970483 113.852
0.970737 0.00113294 0.240141 65.2437 -0.0046178 0.999893 0.0139495 -0.0825382 -0.2401 -0.0146502 0.970638 114.641
0.970844 0.00440548 0.239671 65.4389 -0.00791992 0.999875 0.0137024 -0.0727699 -0.239581 -0.015201 0.970757 115.477
0.970741 0.00829356 0.239983 65.6338 -0.0117747 0.999846 0.0130755 -0.0644871 -0.239838 -0.0155186 0.970689 116.292
0.970361 0.0163445 0.241105 65.8207 -0.0196971 0.99974 0.0115014 -0.0584054 -0.240855 -0.0159095 0.970431 117.112
0.969792 0.0217406 0.242959 66.0164 -0.025632 0.999589 0.0128669 -0.0483245 -0.24258 -0.0187057 0.969951 117.954
0.969395 0.0233798 0.244387 66.2196 -0.0273829 0.999541 0.0129947 -0.0384438 -0.243971 -0.019289 0.969591 118.798
0.968683 0.0250801 0.247028 66.4314 -0.0291195 0.999496 0.0127116 -0.0336726 -0.246585 -0.0195068 0.968925 119.63
0.968465 0.0225795 0.248124 66.6545 -0.0264515 0.999575 0.012282 -0.0214245 -0.247741 -0.0184579 0.968651 120.477
0.968264 0.0167138 0.249368 66.8776 -0.0203542 0.999721 0.0120268 -0.0311474 -0.249098 -0.0167208 0.968334 121.308
0.968419 0.0126274 0.249007 67.1038 -0.0161059 0.999799 0.0119367 -0.0297384 -0.248807 -0.0155702 0.968428 122.139
0.968143 0.0110063 0.250154 67.3247 -0.0144017 0.999828 0.0117468 -0.0262494 -0.249982 -0.0149752 0.968135 122.98
0.967659 0.0153634 0.251793 67.5302 -0.019653 0.999702 0.01453 -0.0239694 -0.251494 -0.0190086 0.967672 123.812
0.967564 0.0178845 0.251991 67.7342 -0.0234329 0.999545 0.0190344 -0.0100126 -0.251536 -0.0243218 0.967543 124.652
0.967213 0.0199304 0.253181 67.9459 -0.0260717 0.999442 0.0209243 0.0124439 -0.252623 -0.0268391 0.967193 125.487
0.966818 0.0200814 0.254674 68.1597 -0.0250079 0.999558 0.0161207 0.0159897 -0.254238 -0.0219546 0.966893 126.296
0.966988 0.017009 0.254253 68.3805 -0.0182817 0.99983 0.00264336 0.00391642 -0.254165 -0.00720423 0.967134 127.118
0.967207 0.0132876 0.253638 68.5982 -0.0131541 0.999911 -0.00222222 -0.0296098 -0.253645 -0.001187 0.967297 127.932
0.967136 0.0112908 0.254008 68.8155 -0.0131084 0.9999 0.00546412 -0.0191456 -0.253921 -0.00861416 0.967187 128.76
0.967761 0.00480267 0.251822 69.0404 -0.0108282 0.999688 0.0225472 -0.00472386 -0.251636 -0.0245471 0.967511 129.603
0.967916 -0.000993967 0.251269 69.2596 -0.00788334 0.99938 0.0343208 0.00870581 -0.251147 -0.0352005 0.967309 130.427
0.968319 0.00128153 0.249712 69.4566 -0.00969006 0.999427 0.0324465 0.0131119 -0.249527 -0.0338382 0.967777 131.239
0.968653 0.00993723 0.248216 69.6501 -0.0152964 0.99969 0.0196715 0.0293795 -0.247944 -0.0228516 0.968505 132.043
0.968721 0.011535 0.247882 69.8483 -0.0150201 0.999813 0.012173 0.045444 -0.247696 -0.0155154 0.968714 132.842
0.96944 0.00843443 0.24518 70.06 -0.0114296 0.999877 0.0107959 0.0372469 -0.245059 -0.0132682 0.969417 133.655
0.970201 0.00583245 0.242228 70.2606 -0.00870151 0.999904 0.0107762 0.0380327 -0.242142 -0.0125628 0.97016 134.465
0.97108 0.00634543 0.238666 70.4484 -0.00922521 0.999898 0.010951 0.0401126 -0.238573 -0.012836 0.97104 135.259
0.972444 0.00853278 0.232975 70.6324 -0.0110475 0.999894 0.00949128 0.0436239 -0.23287 -0.0118035 0.972436 136.059
0.973092 0.0120357 0.230098 70.812 -0.014323 0.999864 0.0082727 0.0483488 -0.229967 -0.0113458 0.973132 136.856
0.973809 0.0159353 0.226803 70.9808 -0.0183811 0.999794 0.0086756 0.0461159 -0.226618 -0.0126172 0.973902 137.663
0.974291 0.0167865 0.224665 71.1596 -0.0195538 0.999758 0.0100982 0.0392891 -0.224441 -0.0142316 0.974384 138.457
0.974596 0.0153535 0.223439 71.3376 -0.0187795 0.999737 0.0132159 0.0378625 -0.223178 -0.0170762 0.974628 139.245
0.975177 0.0138615 0.220991 71.5194 -0.0172321 0.999763 0.0133315 0.0358011 -0.220754 -0.0168087 0.975185 140.039
0.97579 0.0114468 0.218405 71.6922 -0.0143662 0.999828 0.0117837 0.0423671 -0.218232 -0.0146361 0.975787 140.824
0.976765 0.00876366 0.214132 71.8608 -0.0108347 0.999906 0.00850005 0.0462014 -0.214037 -0.0106226 0.976768 141.606
0.97838 0.00782399 0.206663 72.034 -0.0096478 0.999923 0.00781864 0.0462349 -0.206586 -0.00964342 0.978381 142.394
0.979822 0.00596371 0.199778 72.1993 -0.00844464 0.999898 0.0115686 0.0476919 -0.199688 -0.0130222 0.979773 143.186
0.980979 0.00277423 0.194089 72.3503 -0.0064676 0.99981 0.0183982 0.0602134 -0.194001 -0.0193035 0.980811 143.965
0.981977 0.000687523 0.188993 72.5052 -0.00582105 0.999629 0.0266087 0.0581658 -0.188905 -0.0272292 0.981618 144.773
0.982656 0.001888 0.185426 72.6368 -0.00715248 0.99959 0.0277264 0.0738409 -0.185298 -0.0285717 0.982267 145.562
0.983661 0.00395376 0.179985 72.7769 -0.00839312 0.999679 0.0239103 0.0656155 -0.179833 -0.0250302 0.983379 146.356
0.98481 0.00388214 0.17359 72.9042 -0.006658 0.99986 0.0154113 0.0636316 -0.173506 -0.0163329 0.984697 147.143
0.985861 0.000404606 0.167562 73.0347 -0.00232875 0.999934 0.0112867 0.0611254 -0.167547 -0.0115173 0.985797 147.926
0.987092 -0.00100326 0.160149 73.1696 -0.000843577 0.999934 0.0114635 0.0678615 -0.16015 -0.0114506 0.987026 148.741
0.98832 0.00438881 0.152324 73.2786 -0.00645284 0.999894 0.0130585 0.0884952 -0.15225 -0.0138889 0.988244 149.547
0.989409 0.00983015 0.144814 73.3799 -0.011618 0.999867 0.0115049 0.0996857 -0.144682 -0.0130655 0.989392 150.355
0.990783 0.0130514 0.134822 73.4838 -0.0142827 0.999865 0.00816965 0.103551 -0.134697 -0.0100199 0.990836 151.172
0.991978 0.0115586 0.125878 73.5933 -0.0125064 0.999899 0.00674118 0.0995776 -0.125788 -0.00826136 0.992023 151.992
0.992853 0.0116688 0.118765 73.6765 -0.01276 0.999883 0.00843128 0.105117 -0.118653 -0.00988644 0.992886 152.81
0.993825 0.0140991 0.110053 73.7619 -0.015707 0.999782 0.0137569 0.11486 -0.109835 -0.0154006 0.993831 153.643
0.994592 0.0164563 0.102539 73.8264 -0.0184234 0.999664 0.0182663 0.11309 -0.102204 -0.0200566 0.994561 154.47
0.995414 0.0160364 0.0942993 73.9028 -0.0182296 0.999582 0.0224422 0.113534 -0.0939001 -0.0240583 0.995291 155.292
0.996006 0.016328 0.0877701 73.9757 -0.0184571 0.999554 0.0235008 0.113141 -0.0873473 -0.0250269 0.995863 156.118
0.996302 0.0157534 0.0844479 74.0393 -0.0177237 0.999587 0.0226321 0.125579 -0.0840566 -0.0240451 0.996171 156.929
0.99664 0.0199657 0.0794236 74.0912 -0.0215567 0.999583 0.0192248 0.146414 -0.0790067 -0.0208723 0.996655 157.755
0.996795 0.025571 0.0757918 74.1309 -0.0267252 0.999541 0.014252 0.170974 -0.0753927 -0.0162319 0.997022 158.565
0.996938 0.0263507 0.0736158 74.1853 -0.027436 0.999529 0.0137704 0.173236 -0.0732183 -0.0157479 0.997191 159.383
0.997203 0.0263061 0.0699479 74.2338 -0.0277084 0.999433 0.0191529 0.181523 -0.0694044 -0.0210374 0.997367 160.214
0.997217 0.0280767 0.069051 74.2813 -0.0299968 0.999187 0.0269283 0.196136 -0.0682389 -0.0289247 0.99725 161.044
0.997547 0.0278935 0.0641909 74.3257 -0.0301112 0.998974 0.0338437 0.204057 -0.0631811 -0.0356935 0.997364 161.881
0.997901 0.0252114 0.0596395 74.3769 -0.0270208 0.999193 0.0297291 0.222433 -0.0588419 -0.0312782 0.997777 162.69
0.998372 0.014915 0.0550389 74.4289 -0.0162187 0.999597 0.0233172 0.233222 -0.054669 -0.0241719 0.998212 163.508
0.998792 0.0142399 0.0470036 74.4678 -0.0151449 0.999706 0.0189537 0.24563 -0.0467199 -0.0196427 0.998715 164.335
0.999113 0.0150037 0.0393263 74.4808 -0.0157816 0.999685 0.0195443 0.274124 -0.0390207 -0.0201476 0.999035 165.163
0.999434 0.0113188 0.0316646 74.5024 -0.0120743 0.999645 0.0237693 0.275738 -0.0313843 -0.0241382 0.999216 165.986
0.999724 0.00577724 0.0227192 74.5122 -0.00640144 0.999602 0.0274977 0.281816 -0.0225514 -0.0276355 0.999364 166.827
0.999867 -3.4781e-05 0.0162937 74.5294 -0.000451187 0.999555 0.0298198 0.288006 -0.0162875 -0.0298232 0.999422 167.668
0.999933 -0.00427682 0.0106723 74.5402 0.00396167 0.999561 0.0293768 0.310319 -0.0107933 -0.0293326 0.999511 168.504
0.999975 -0.0060616 0.0033562 74.5459 0.00597944 0.999695 0.0239682 0.325847 -0.00350049 -0.0239475 0.999707 169.346
0.999869 -0.0158772 -0.00282151 74.5511 0.0159163 0.99977 0.0144047 0.344824 0.00259213 -0.0144477 0.999892 170.163
0.999722 -0.0210615 -0.0104952 74.5587 0.0212059 0.99968 0.0138331 0.346282 0.0102005 -0.0140518 0.999849 171.002
0.99967 -0.0190785 -0.017139 74.5407 0.0194214 0.99961 0.0200682 0.369816 0.0167494 -0.0203945 0.999652 171.854
0.999705 -0.0107305 -0.021735 74.5058 0.0113841 0.99948 0.0301746 0.411714 0.0213999 -0.0304131 0.999308 172.709
0.999607 -0.00643001 -0.0272682 74.4716 0.00748305 0.999223 0.0386938 0.425935 0.0269982 -0.0388826 0.998879 173.562
0.99951 -0.00604959 -0.0306888 74.4348 0.00714806 0.999333 0.0358118 0.442282 0.0304517 -0.0360136 0.998887 174.403
0.999491 -0.00458814 -0.0315474 74.4054 0.00547324 0.999592 0.0280278 0.444204 0.0314059 -0.0281862 0.999109 175.245
0.999385 0.00619288 -0.0345048 74.3566 -0.00551802 0.999792 0.0196203 0.458362 0.0346192 -0.0194178 0.999212 176.077
0.999357 0.00545065 -0.035408 74.3203 -0.00484896 0.999843 0.0170576 0.466359 0.0354954 -0.0168749 0.999227 176.93
0.99927 0.00021479 -0.0381866 74.2909 0.000607555 0.999768 0.0215225 0.47375 0.0381824 -0.02153 0.999039 177.782
0.999257 -0.000693778 -0.0385135 74.2627 0.00175449 0.99962 0.0275148 0.504906 0.0384798 -0.0275619 0.998879 178.639
0.999291 0.00196632 -0.0375893 74.2248 -0.000737094 0.999465 0.0326881 0.51821 0.0376335 -0.0326372 0.998758 179.517
0.999219 0.00134846 -0.0394812 74.1716 -9.44549e-05 0.999496 0.0317474 0.527009 0.0395041 -0.0317188 0.998716 180.383
0.999136 -0.00198624 -0.0414875 74.1396 0.00293202 0.999737 0.0227488 0.557404 0.0414314 -0.0228508 0.99888 181.226
0.999061 -0.00528232 -0.0429871 74.1135 0.00601309 0.999839 0.0168885 0.561221 0.042891 -0.0171311 0.998933 182.072
0.998904 -0.0108957 -0.0454993 74.0865 0.0115172 0.999844 0.0134199 0.564711 0.045346 -0.0139292 0.998874 182.926
0.998869 -0.0103124 -0.0463906 74.0464 0.0110943 0.9998 0.0166289 0.568171 0.0462099 -0.0171247 0.998785 183.786
0.998778 -0.00767431 -0.0488113 73.9899 0.0089073 0.999646 0.0250935 0.576335 0.0486014 -0.0254976 0.998493 184.652
0.998701 -0.00797554 -0.0503061 73.9399 0.00938341 0.999569 0.0278125 0.582206 0.0500626 -0.0282484 0.998347 185.496
0.998675 -0.00901205 -0.0506405 73.8887 0.0103954 0.999578 0.0271205 0.589252 0.0503747 -0.027611 0.998349 186.344
0.998609 -0.0106734 -0.0516084 73.841 0.011839 0.999681 0.0223326 0.601707 0.0513535 -0.0229125 0.998418 187.176
0.998638 -0.00561507 -0.0518453 73.782 0.00676922 0.999733 0.0221132 0.625603 0.0517073 -0.022434 0.99841 188.027
0.998693 -0.00335772 -0.0509819 73.7272 0.00456936 0.99971 0.0236685 0.646249 0.0508876 -0.0238705 0.998419 188.857
0.998655 0.000976758 -0.0518164 73.6714 0.000437199 0.999628 0.02727 0.669594 0.0518238 -0.0272559 0.998284 189.686
0.998607 0.00657466 -0.0523433 73.6241 -0.00500635 0.999536 0.0300375 0.692208 0.0525165 -0.0297336 0.998177 190.504
