1 0 0 0 0 1 0 0 0 0 1 0
<<<<<<< HEAD
0.998271 -0.00170902 0.0587577 0.0536002 0.00188692 0.999994 -0.00297223 -0.00984496 -0.0587522 0.00307796 0.998268 0.568544
0.992577 -0.003999 0.121551 0.151196 0.00520143 0.999941 -0.00957661 -0.0247531 -0.121506 0.0101378 0.992539 1.16545
0.984414 -0.00493356 0.175797 0.288554 0.00741965 0.999882 -0.0134873 -0.0454128 -0.17571 0.0145814 0.984334 1.7802
0.972297 -0.00121674 0.233746 0.469136 0.00523673 0.999849 -0.0165783 -0.0695011 -0.233691 0.0173431 0.972156 2.40873
0.958865 -0.0037208 0.283839 0.688357 0.0087825 0.999824 -0.0165625 -0.0958384 -0.283727 0.018374 0.958729 3.04592
0.942227 -0.00361828 0.334956 0.94716 0.0101691 0.99979 -0.0178054 -0.123313 -0.334822 0.020183 0.942065 3.68737
0.928882 -0.00492196 0.370342 1.23606 0.0139207 0.999669 -0.0216296 -0.153821 -0.370113 0.0252468 0.928644 4.33552
0.911981 -0.0064755 0.410182 1.5573 0.0170055 0.999613 -0.0220284 -0.186654 -0.409881 0.0270649 0.911737 4.98149
0.893105 -0.0054672 0.449815 1.91103 0.0180093 0.999559 -0.0236085 -0.219368 -0.449487 0.0291858 0.89281 5.62464
0.874569 -0.00592765 0.484865 2.29509 0.0195918 0.999541 -0.0231187 -0.252647 -0.484505 0.0297182 0.874283 6.26659
0.851515 -0.00601303 0.524296 2.71065 0.020596 0.999546 -0.0219866 -0.285456 -0.523926 0.0295203 0.851252 6.8984
0.828895 -0.00697447 0.559361 3.15675 0.02241 0.999534 -0.0207457 -0.317178 -0.558955 0.0297313 0.828665 7.52349
0.802483 -0.00680961 0.596636 3.63336 0.0232547 0.999532 -0.0198699 -0.349102 -0.596222 0.0298198 0.802266 8.13328
0.775006 -0.00764976 0.631908 4.1401 0.025473 0.999492 -0.0191418 -0.380843 -0.631441 0.0309315 0.774807 8.72751
0.746321 -0.0081395 0.665536 4.67574 0.0276719 0.99944 -0.0188077 -0.411367 -0.665011 0.0324532 0.746129 9.30543
0.716831 -0.0103112 0.697171 5.23871 0.0318473 0.999331 -0.0179653 -0.44133 -0.696519 0.0350811 0.71668 9.86499
0.685863 -0.00964022 0.727667 5.82771 0.0319206 0.999349 -0.0168472 -0.470065 -0.727031 0.0347824 0.685724 10.4039
0.652461 -0.00960828 0.757762 6.44339 0.0341873 0.999275 -0.0167659 -0.498009 -0.757051 0.0368449 0.652316 10.9201
0.617906 -0.0101767 0.786186 7.08405 0.0384856 0.999109 -0.017315 -0.527093 -0.78531 0.0409559 0.617747 11.4126
0.583077 -0.00880921 0.812369 7.74673 0.0377511 0.999155 -0.0162611 -0.554577 -0.81154 0.0401493 0.582916 11.8786
0.546901 -0.00747909 0.837164 8.43186 0.0403173 0.999035 -0.0174132 -0.582695 -0.836226 0.0432755 0.546675 12.3183
0.50988 -0.00580623 0.860226 9.13842 0.0444604 0.998819 -0.0196112 -0.613247 -0.859096 0.0482453 0.509535 12.7316
0.474017 -0.0052673 0.8805 9.86322 0.0462041 0.998753 -0.0188993 -0.642005 -0.879303 0.0496412 0.47367 13.1176
0.438543 -0.00670153 0.898685 10.6055 0.0511169 0.99854 -0.017498 -0.669488 -0.897255 0.0536117 0.438245 13.4774
0.404405 -0.00739455 0.91455 11.3637 0.0542418 0.998401 -0.0159127 -0.69554 -0.91297 0.056042 0.404159 13.8122
0.370947 -0.00559991 0.928637 12.1374 0.0558422 0.998307 -0.0162863 -0.721449 -0.926974 0.0578985 0.370631 14.1229
0.339541 -0.0058328 0.940573 12.9245 0.0556708 0.998352 -0.0139057 -0.745063 -0.938942 0.057084 0.339307 14.4107
0.307832 -0.00657014 0.951418 13.7262 0.0570401 0.998305 -0.0115614 -0.765924 -0.94973 0.0578279 0.307685 14.6747
0.27826 -0.00683491 0.960481 14.5391 0.0580391 0.998267 -0.00971063 -0.785434 -0.958751 0.0584476 0.278174 14.9165
0.247652 -0.00351686 0.968843 15.3648 0.0548895 0.998438 -0.0104064 -0.80433 -0.967293 0.0557565 0.247458 15.136
0.218179 -0.0015547 0.975907 16.2021 0.0537938 0.998498 -0.0104357 -0.822734 -0.974425 0.0547746 0.217934 15.3345
0.189524 -0.000737177 0.981876 17.0508 0.0547464 0.998452 -0.00981767 -0.839121 -0.980349 0.0556148 0.189271 15.5103
0.160416 -0.00120954 0.987048 17.91 0.0562328 0.998386 -0.00791561 -0.854105 -0.985446 0.0567744 0.160225 15.6633
0.131557 -0.00110265 0.991308 18.7798 0.055494 0.998439 -0.00625404 -0.867721 -0.989754 0.0558344 0.131412 15.794
0.103306 -0.00123235 0.994649 19.6599 0.0558316 0.99843 -0.00456175 -0.878942 -0.993082 0.0560041 0.103213 15.9016
0.0774126 -0.000207913 0.996999 20.5499 0.0579306 0.998312 -0.00428987 -0.890018 -0.995315 0.0580888 0.0772937 15.9858
0.0541701 -0.000105318 0.998532 21.449 0.0613784 0.99811 -0.00322449 -0.899285 -0.996644 0.0614629 0.0540739 16.0473
0.0321569 0.00020226 0.999483 22.3575 0.0654173 0.997856 -0.00230664 -0.906461 -0.99734 0.0654576 0.0320745 16.0883
0.0115303 0.000223101 0.999933 23.2761 0.0707354 0.997495 -0.00103822 -0.912416 -0.997429 0.0707427 0.0114855 16.1102
-0.00559015 -0.000687205 0.999984 24.2026 0.0746024 0.997213 0.00110235 -0.915866 -0.997198 0.0746074 -0.00552351 16.1151
-0.0216832 -6.13403e-05 0.999765 25.1387 0.0772335 0.997012 0.00173623 -0.91993 -0.996777 0.077253 -0.0216139 16.1047
-0.0360504 -0.000850267 0.999349 26.0827 0.0792899 0.996845 0.00370843 -0.922228 -0.9962 0.079372 -0.0358694 16.0797
-0.0493879 -0.00168446 0.998778 27.0338 0.0797233 0.996801 0.00562331 -0.92314 -0.995593 0.0799036 -0.0490959 16.0433
-0.062958 -0.00108191 0.998015 27.9918 0.0802793 0.996754 0.00614482 -0.923358 -0.994782 0.0805069 -0.062667 15.9947
-0.0758891 0.00228511 0.997114 28.956 0.0798146 0.996803 0.00379018 -0.925238 -0.993917 0.0798719 -0.075829 15.9321
-0.0871133 0.00559271 0.996183 29.9277 0.0806426 0.996742 0.00145611 -0.929803 -0.992929 0.0804616 -0.0872807 15.8571
-0.0974609 0.00683694 0.995216 30.9095 0.0808713 0.996724 0.00107237 -0.932655 -0.991948 0.0805889 -0.0976947 15.7701
-0.105233 0.00784922 0.994416 31.9007 0.0805528 0.99675 0.00065678 -0.935274 -0.99118 0.0801722 -0.105524 15.6738
-0.111063 0.00844839 0.993777 32.9034 0.0806499 0.996743 0.000539677 -0.937965 -0.990536 0.080208 -0.111382 15.5688
-0.115977 0.0106589 0.993195 33.9174 0.0818846 0.996642 -0.00113409 -0.942139 -0.989871 0.0811958 -0.11646 15.4582
-0.119734 0.0122921 0.99273 34.9453 0.0812335 0.996692 -0.00254355 -0.947998 -0.989477 0.0803384 -0.120337 15.3421
-0.123059 0.0124636 0.992321 35.9849 0.0818241 0.996644 -0.00237073 -0.953809 -0.98902 0.080904 -0.123666 15.2213
-0.123756 0.0119636 0.99224 37.0385 0.082591 0.996582 -0.00171492 -0.958752 -0.98887 0.081738 -0.124321 15.099
-0.124096 0.0103433 0.992216 38.1079 0.0834182 0.996515 4.49639e-05 -0.960313 -0.988758 0.0827745 -0.124527 14.9724
-0.125009 0.00999624 0.992105 39.1938 0.0844838 0.996425 0.000605532 -0.959078 -0.988552 0.0838926 -0.125407 14.8411
-0.122348 0.00956583 0.992441 40.3021 0.0863355 0.996266 0.00104074 -0.956324 -0.988725 0.0858103 -0.122717 14.7109
-0.121375 0.00995178 0.992557 41.4352 0.0861627 0.996281 0.000547284 -0.947995 -0.98886 0.0855878 -0.121781 14.5743
-0.120827 0.00984945 0.992625 42.5904 0.0879821 0.996122 0.000825493 -0.935465 -0.988767 0.087433 -0.121226 14.4334
-0.118395 0.0100171 0.992916 43.7718 0.08828 0.996096 0.00047723 -0.918096 -0.989035 0.0877111 -0.118817 14.2917
-0.115072 0.0115615 0.99329 44.9806 0.088233 0.996099 -0.00137245 -0.904238 -0.989431 0.0874831 -0.115643 14.147
-0.107688 0.0113414 0.99412 46.2186 0.0889062 0.996039 -0.00173256 -0.889289 -0.990202 0.0881969 -0.10827 14.0079
-0.0980041 0.0103142 0.995132 47.4876 0.0893952 0.995995 -0.00151921 -0.871378 -0.991163 0.0888113 -0.0985339 13.8732
-0.0946611 0.0105897 0.995453 48.7832 0.0898841 0.99595 -0.00204759 -0.857971 -0.991444 0.0892817 -0.0952298 13.732
-0.0855545 0.00971889 0.996286 50.1148 0.0900017 0.99594 -0.00198677 -0.83952 -0.99226 0.0894975 -0.086082 13.6
-0.0732134 0.00966065 0.997269 51.4815 0.0905897 0.995884 -0.0029967 -0.82194 -0.993194 0.090123 -0.0737874 13.4842
-0.0704052 0.00961874 0.997472 52.8773 0.0899118 0.995945 -0.00325771 -0.804049 -0.993458 0.0894552 -0.0709847 13.3697
-0.0635656 0.008245 0.997943 54.299 0.0906649 0.995879 -0.0024529 -0.788198 -0.993851 0.0903226 -0.0640514 13.2648
-0.0595637 0.00724404 0.998198 55.7379 0.0923327 0.995727 -0.0017165 -0.771461 -0.993945 0.0920641 -0.0599783 13.1625
-0.0575471 0.00962345 0.998296 57.1926 0.0929554 0.995661 -0.00423961 -0.767578 -0.994006 0.0925531 -0.0581921 13.0647
-0.0533536 0.0102446 0.998523 58.6556 0.0950933 0.995455 -0.00513205 -0.766857 -0.994038 0.094679 -0.0540855 12.9712
-0.0487416 0.0106349 0.998755 60.1337 0.0955284 0.995409 -0.0059373 -0.764033 -0.994233 0.0951201 -0.0495339 12.8841
-0.0464678 0.0103651 0.998866 61.6251 0.0959707 0.995367 -0.00586417 -0.765857 -0.994299 0.0955894 -0.0472475 12.8095
-0.0432062 0.010415 0.999012 63.1318 0.0962072 0.995342 -0.00621589 -0.770118 -0.994423 0.0958436 -0.0440071 12.7452
-0.0404816 0.00967675 0.999133 64.6525 0.0973955 0.99523 -0.00569281 -0.778856 -0.994422 0.0970807 -0.0412311 12.6874
-0.0351042 0.00887948 0.999344 66.1924 0.0989612 0.995077 -0.00536534 -0.787472 -0.994472 0.098708 -0.0358103 12.642
-0.0326398 0.00976217 0.999419 67.7526 0.0990765 0.995059 -0.00648388 -0.80832 -0.994545 0.0988074 -0.0334459 12.6054
-0.0326273 0.011059 0.999406 69.3247 0.0979588 0.99516 -0.00781401 -0.827882 -0.994656 0.0976457 -0.0335529 12.5714
-0.0326067 0.0117236 0.999399 70.9126 0.0966531 0.995282 -0.00852189 -0.851533 -0.994784 0.0963172 -0.0335862 12.537
-0.033383 0.0124626 0.999365 72.5205 0.0955115 0.995386 -0.0092225 -0.87574 -0.994869 0.095143 -0.0344195 12.5033
-0.0344815 0.0118693 0.999335 74.1417 0.0942796 0.995509 -0.00857077 -0.901187 -0.994949 0.0939214 -0.0354458 12.4651
-0.0351002 0.0116091 0.999316 75.7823 0.0932285 0.99561 -0.00829151 -0.930406 -0.995026 0.0928738 -0.0360286 12.4289
-0.0350776 0.0111117 0.999323 77.4366 0.0906657 0.99585 -0.00789061 -0.955601 -0.995264 0.0903275 -0.0359396 12.3904
-0.0373976 0.0115255 0.999234 79.1071 0.0899075 0.995917 -0.00812234 -0.983546 -0.995248 0.0895349 -0.0382813 12.3517
-0.0380354 0.012487 0.999198 80.7969 0.0888985 0.995999 -0.00906302 -1.01141 -0.995314 0.0884825 -0.0389935 12.3095
-0.043076 0.013 0.998987 82.5018 0.0891687 0.995975 -0.00911587 -1.04113 -0.995085 0.0886858 -0.044062 12.2559
-0.047749 0.012816 0.998777 84.2231 0.0874372 0.996133 -0.00860191 -1.07131 -0.995025 0.0869196 -0.0486851 12.1975
-0.0533646 0.0130349 0.99849 85.9586 0.0860163 0.996258 -0.00840857 -1.10093 -0.994864 0.0854377 -0.0542863 12.1301
-0.059816 0.0137246 0.998115 87.7082 0.0851585 0.99633 -0.00859662 -1.12844 -0.99457 0.0844838 -0.0607654 12.0499
-0.0625188 0.0146108 0.997937 89.4753 0.0849108 0.996345 -0.00926803 -1.15916 -0.994425 0.0841562 -0.0635311 11.9612
-0.0663344 0.015173 0.997682 91.2537 0.0850377 0.996332 -0.00949845 -1.192 -0.994167 0.0842105 -0.0673816 11.8632
-0.0725616 0.0146801 0.997256 93.0488 0.0841174 0.996419 -0.00854732 -1.21655 -0.993811 0.0832664 -0.0735368 11.7518
-0.0762928 0.0140484 0.996986 94.8613 0.0833746 0.996489 -0.00766127 -1.23889 -0.993594 0.0825389 -0.0771964 11.6355
-0.0825871 0.0140147 0.996485 96.6908 0.0818182 0.996621 -0.00723564 -1.25729 -0.99322 0.0809331 -0.0834549 11.5032
-0.0864396 0.0129043 0.996173 98.5377 0.0821567 0.996602 -0.00578103 -1.27268 -0.992864 0.0813427 -0.0872062 11.363
-0.0916113 0.0131108 0.995708 100.405 0.0823664 0.996586 -0.00554421 -1.28951 -0.992383 0.0815051 -0.0923787 11.2095
-0.0978512 0.014734 0.995092 102.292 0.0838247 0.996459 -0.00651142 -1.30293 -0.991665 0.0827761 -0.09874 11.0436
-0.101094 0.0154066 0.994757 104.195 0.0833075 0.996499 -0.00696733 -1.31578 -0.991383 0.0821665 -0.102023 10.8697
-0.105653 0.0151732 0.994287 106.119 0.0842074 0.996428 -0.00625804 -1.32907 -0.990831 0.0830652 -0.106554 10.6805
-0.111518 0.0148489 0.993651 108.064 0.0841938 0.996434 -0.00544136 -1.34009 -0.99019 0.0830525 -0.112371 10.4776
-0.114786 0.0155514 0.993268 110.03 0.0840967 0.99644 -0.0058825 -1.35075 -0.989824 0.0828554 -0.115685 10.2671
-0.12124 0.0153061 0.992505 112.01 0.0843884 0.99642 -0.00505798 -1.35795 -0.98903 0.0831427 -0.122098 10.0403
-0.124205 0.0154319 0.992136 114.006 0.0856893 0.99631 -0.00476942 -1.37152 -0.98855 0.0844232 -0.12507 9.80871
-0.127696 0.0148655 0.991702 116.021 0.0863527 0.996257 -0.00381464 -1.39465 -0.988047 0.085149 -0.128502 9.56665
-0.132991 0.0157759 0.990991 118.049 0.0865859 0.996235 -0.00423958 -1.42072 -0.987328 0.0852421 -0.133857 9.31053
-0.134096 0.0161995 0.990836 120.098 0.0861887 0.996268 -0.00462388 -1.44994 -0.987213 0.0847788 -0.134992 9.04695
-0.13736 0.0156518 0.990397 122.154 0.0844434 0.99642 -0.00403543 -1.48505 -0.986915 0.0830782 -0.13819 8.76798
-0.142564 0.0141399 0.989684 124.21 0.082299 0.996605 -0.00238364 -1.51839 -0.986358 0.0811103 -0.143244 8.47078
-0.143901 0.0155558 0.98947 126.277 0.0811242 0.996696 -0.00387127 -1.55193 -0.986261 0.0797129 -0.144688 8.17075
-0.151605 0.0170742 0.988294 128.344 0.0808223 0.996717 -0.00482158 -1.58443 -0.985131 0.0791452 -0.152487 7.85528
-0.156301 0.0161658 0.987577 130.416 0.0804486 0.996752 -0.00358364 -1.61581 -0.984428 0.0788891 -0.157094 7.52905
-0.160331 0.0180003 0.986899 132.492 0.0809045 0.996709 -0.00503562 -1.65043 -0.983742 0.0790373 -0.161259 7.19375
-0.165645 0.0195943 0.985991 134.568 0.0807604 0.996714 -0.00623982 -1.68634 -0.982873 0.0785955 -0.166683 6.84762
-0.167706 0.0182187 0.985669 136.647 0.0790064 0.996861 -0.00498308 -1.71958 -0.982666 0.0770385 -0.168619 6.49794
-0.171869 0.0183967 0.984948 138.727 0.0791332 0.996852 -0.00481067 -1.75119 -0.981936 0.0771153 -0.172784 6.13891
-0.177495 0.0193447 0.983931 140.816 0.0805067 0.996741 -0.00507365 -1.78117 -0.980823 0.0783126 -0.178474 5.77129
-0.180055 0.0199845 0.983453 142.906 0.0803029 0.996755 -0.00555258 -1.81064 -0.980373 0.0779745 -0.181076 5.39719
-0.184357 0.0218825 0.982615 145.001 0.0816807 0.996635 -0.00686984 -1.84227 -0.979459 0.0789943 -0.185525 5.0151
-0.190409 0.0233015 0.981428 147.097 0.081986 0.996603 -0.00775546 -1.8761 -0.978275 0.0789867 -0.191673 4.6155
-0.193391 0.0234444 0.980841 149.197 0.0825044 0.996562 -0.00755291 -1.9075 -0.977647 0.0794631 -0.194661 4.20999
-0.197519 0.0236065 0.980015 151.303 0.0819836 0.996605 -0.00748259 -1.94179 -0.976865 0.0788673 -0.198784 3.79524
-0.200148 0.0235739 0.979482 153.418 0.0824607 0.996569 -0.00713503 -1.97182 -0.976289 0.0793408 -0.201406 3.37525
-0.204695 0.0241513 0.978528 155.537 0.0835406 0.996479 -0.0071188 -2.00243 -0.975254 0.0802896 -0.205992 2.94449
-0.20955 0.0250355 0.977477 157.661 0.0853639 0.996324 -0.00721808 -2.03447 -0.974065 0.0819288 -0.210917 2.50284
-0.211831 0.0255098 0.976973 159.792 0.0860379 0.996264 -0.00735855 -2.06624 -0.973512 0.082498 -0.213234 2.0551
-0.215469 0.0246333 0.9762 161.929 0.0848261 0.996375 -0.00641948 -2.09629 -0.97282 0.0814241 -0.216777 1.59807
-0.219962 0.0253758 0.975178 164.074 0.0841198 0.996431 -0.00695465 -2.12632 -0.971875 0.0805021 -0.221312 1.13304
-0.221274 0.0274271 0.974826 166.231 0.0833454 0.996479 -0.00911793 -2.15903 -0.971644 0.0792297 -0.222781 0.66321
-0.226025 0.0285068 0.973704 168.395 0.0827121 0.996523 -0.00997495 -2.19645 -0.970603 0.0782826 -0.227598 0.181202
-0.231534 0.0292764 0.972386 170.559 0.0818859 0.996586 -0.0105072 -2.22916 -0.969374 0.0771919 -0.233142 -0.316732
-0.233509 0.030385 0.971879 172.721 0.0801963 0.996708 -0.0118929 -2.26595 -0.969042 0.0751641 -0.235178 -0.817474
-0.240775 0.0297499 0.970125 174.877 0.0828588 0.996511 -0.00999431 -2.29852 -0.967037 0.077977 -0.242401 -1.33538
-0.244709 0.0290954 0.96916 177.038 0.0822635 0.996569 -0.00914699 -2.327 -0.9661 0.0774882 -0.246263 -1.86407
-0.250183 0.0287448 0.967771 179.205 0.0821035 0.996588 -0.00837578 -2.35301 -0.964711 0.0773621 -0.25169 -2.40552
-0.257192 0.0285341 0.965939 181.379 0.083401 0.99649 -0.00723011 -2.37851 -0.962754 0.0787008 -0.258669 -2.96291
-0.260583 0.0273735 0.965063 183.558 0.0825258 0.996571 -0.00598384 -2.40324 -0.961918 0.0780834 -0.261949 -3.52576
-0.265784 0.0282947 0.963617 185.744 0.0823392 0.996583 -0.006552 -2.4278 -0.96051 0.0776021 -0.267205 -4.10587
-0.271428 0.0289236 0.962024 187.943 0.0823281 0.996582 -0.00673434 -2.45775 -0.958931 0.0773737 -0.272882 -4.69738
-0.274514 0.0293906 0.961133 190.15 0.082858 0.996538 -0.00680772 -2.48734 -0.958006 0.0777688 -0.275999 -5.3004
-0.280184 0.0292097 0.959501 192.359 0.0836539 0.996477 -0.00590754 -2.51585 -0.956294 0.0786109 -0.281641 -5.91905
-0.282399 0.029108 0.958855 194.577 0.0856917 0.996309 -0.0050074 -2.54183 -0.955462 0.0807519 -0.283851 -6.54911
-0.286004 0.0299454 0.95776 196.798 0.0864915 0.996238 -0.00532059 -2.56776 -0.954317 0.0813165 -0.287518 -7.19164
-0.292413 0.0304051 0.955809 199.019 0.0868781 0.996206 -0.00511134 -2.59585 -0.952338 0.0815443 -0.293945 -7.85387
-0.294947 0.0310455 0.955009 201.242 0.0863384 0.996249 -0.0057212 -2.62347 -0.951605 0.0807666 -0.296522 -8.52429
-0.299578 0.0315679 0.953549 203.464 0.0859699 0.99628 -0.00597319 -2.6531 -0.95019 0.0801871 -0.301178 -9.20863
-0.306942 0.0323892 0.951177 205.686 0.0858484 0.996289 -0.00622231 -2.6855 -0.947848 0.0797472 -0.308584 -9.91203
-0.310164 0.032752 0.950118 207.909 0.0844386 0.996405 -0.00678281 -2.71675 -0.946926 0.078123 -0.311815 -10.6223
-0.315141 0.0334336 0.948456 210.133 0.0846325 0.996387 -0.00700259 -2.74963 -0.945264 0.0780635 -0.316832 -11.3479
-0.321496 0.032849 0.946341 212.358 0.08636 0.99625 -0.00524278 -2.78205 -0.942964 0.0800405 -0.323128 -12.0909
-0.325303 0.031525 0.945084 214.585 0.0856655 0.996317 -0.00374744 -2.81027 -0.941721 0.0797421 -0.326806 -12.8424
-0.331974 0.0315682 0.94276 216.811 0.0851932 0.996359 -0.00336388 -2.83452 -0.939433 0.0792001 -0.333455 -13.6107
-0.335229 0.030079 0.941656 219.04 0.0829951 0.996547 -0.00228615 -2.85772 -0.938474 0.0773866 -0.336568 -14.3862
-0.339526 0.0312658 0.940076 221.27 0.0815006 0.996666 -0.00371243 -2.88522 -0.937059 0.0753564 -0.340943 -15.1715
-0.345863 0.0305052 0.937789 223.498 0.0809773 0.996713 -0.00255689 -2.90824 -0.934784 0.0750553 -0.347197 -15.9728
-0.348579 0.0312528 0.936758 225.727 0.080824 0.996723 -0.00317785 -2.93262 -0.933788 0.0746049 -0.349963 -16.7825
-0.353025 0.0316929 0.935076 227.953 0.0803244 0.996763 -0.00345832 -2.95837 -0.932159 0.0738887 -0.354428 -17.601
-0.358755 0.0303696 0.932937 230.177 0.0791165 0.996863 -0.00202689 -2.98159 -0.930073 0.0730837 -0.360032 -18.4346
-0.361267 0.0310925 0.931944 232.401 0.0788719 0.996881 -0.00268437 -3.00407 -0.929121 0.0725345 -0.362593 -19.2765
-0.365687 0.0333319 0.930141 234.622 0.0791076 0.996855 -0.00462135 -3.03146 -0.92737 0.0718913 -0.367174 -20.1283
-0.372054 0.0334493 0.927608 236.838 0.0807486 0.996728 -0.00355429 -3.05615 -0.924692 0.0735808 -0.373538 -20.9973
-0.37658 0.0323444 0.925819 239.052 0.0794773 0.996834 -0.0024977 -3.0784 -0.922968 0.0726411 -0.377958 -21.8781
-0.383708 0.0318037 0.922906 241.262 0.0789127 0.99688 -0.00154407 -3.09962 -0.920076 0.0722367 -0.385021 -22.7768
-0.389068 0.03236 0.92064 243.469 0.0785216 0.996911 -0.0018572 -3.12092 -0.917857 0.0715677 -0.390407 -23.6908
-0.395156 0.0333208 0.918009 245.672 0.0799246 0.996799 -0.0017772 -3.14095 -0.915131 0.0726693 -0.396554 -24.6209
-0.401137 0.0339205 0.915389 247.873 0.0816675 0.996659 -0.00114415 -3.16007 -0.91237 0.0742987 -0.402567 -25.5672
-0.40547 0.0361197 0.913394 250.073 0.0837201 0.996487 -0.00224092 -3.18288 -0.910266 0.0755609 -0.407069 -26.5247
-0.411385 0.0366262 0.910725 252.27 0.0846027 0.996413 -0.00185617 -3.20382 -0.907526 0.0762863 -0.413009 -27.499
-0.419759 0.0383254 0.906826 254.463 0.0870176 0.996205 -0.00182343 -3.22542 -0.903455 0.0781444 -0.421501 -28.4966
-0.425964 0.0391565 0.903892 256.653 0.0874145 0.99617 -0.00195948 -3.24647 -0.900507 0.0781787 -0.427756 -29.5101
-0.43225 0.0385565 0.900929 258.843 0.0875505 0.99616 -0.000626929 -3.26477 -0.897493 0.0786058 -0.433966 -30.541
-0.436245 0.0389595 0.898984 261.034 0.0887797 0.996051 -8.44989e-05 -3.28051 -0.895437 0.0797748 -0.437981 -31.5838
-0.440311 0.038641 0.897013 263.223 0.0903388 0.99591 0.00144283 -3.2918 -0.893288 0.0816704 -0.442002 -32.6364
-0.445566 0.0389622 0.894401 265.411 0.0908763 0.99586 0.00189 -3.30072 -0.890624 0.082122 -0.447262 -33.7051
-0.447659 0.0394453 0.893333 267.601 0.0907948 0.995868 0.00152548 -3.31058 -0.889582 0.081793 -0.449391 -34.7809
-0.451828 0.0393207 0.891238 269.789 0.0897034 0.995967 0.00153525 -3.32031 -0.887584 0.0806408 -0.453533 -35.8696
-0.455622 0.0389659 0.88932 271.974 0.0909331 0.995852 0.00295377 -3.32816 -0.885516 0.0822145 -0.457276 -36.967
-0.455538 0.0384027 0.889387 274.164 0.0921787 0.995733 0.00421864 -3.33231 -0.885431 0.0839044 -0.457135 -38.0699
-0.456452 0.0383824 0.88892 276.357 0.0932706 0.995629 0.00490363 -3.33449 -0.884846 0.0851484 -0.458037 -39.1761
-0.460117 0.0380675 0.887042 278.546 0.0931976 0.995632 0.00561474 -3.33369 -0.882953 0.0852536 -0.461655 -40.2927
-0.460457 0.0363041 0.886939 280.739 0.0915797 0.995774 0.0067849 -3.3304 -0.882945 0.0843498 -0.461836 -41.4112
-0.464758 0.0352469 0.884735 282.929 0.0915926 0.995761 0.00844423 -3.32259 -0.880687 0.0849598 -0.466017 -42.5435
-0.465397 0.0350998 0.884405 285.121 0.090632 0.995851 0.00817006 -3.31613 -0.880449 0.0839578 -0.466648 -43.6803
-0.46666 0.0348035 0.883752 287.315 0.0900909 0.995898 0.00835191 -3.30765 -0.879836 0.0835156 -0.467881 -44.8195
-0.470986 0.0363595 0.881391 289.504 0.0889066 0.996019 0.00642049 -3.30335 -0.877649 0.0813855 -0.472344 -45.9707
-0.472646 0.0369318 0.880478 291.695 0.0881766 0.996089 0.00555262 -3.29981 -0.876829 0.0802621 -0.474055 -47.1269
-0.477502 0.0342157 0.877964 293.884 0.0861635 0.996249 0.00803668 -3.29018 -0.874395 0.0794861 -0.478659 -48.2921
-0.48328 0.0321207 0.874876 296.075 0.0844625 0.996376 0.0100754 -3.27506 -0.871381 0.0787635 -0.484242 -49.4735
-0.485378 0.0306572 0.873766 298.266 0.0842428 0.996375 0.0118378 -3.25475 -0.870236 0.0793544 -0.486201 -50.6634
-0.488196 0.0302202 0.87221 300.46 0.0852876 0.996269 0.0132189 -3.23068 -0.868556 0.0808423 -0.488952 -51.8626
-0.492715 0.0316216 0.869616 302.656 0.0869643 0.996126 0.0130511 -3.20805 -0.865834 0.0820561 -0.493556 -53.0754
-0.492716 0.0326931 0.869576 304.857 0.0874832 0.996092 0.0121197 -3.18679 -0.865781 0.0820449 -0.49365 -54.2968
-0.495263 0.032409 0.868138 307.06 0.0890631 0.995933 0.0136297 -3.16248 -0.864165 0.0840694 -0.496135 -55.5248
-0.494097 0.030423 0.868874 309.27 0.088619 0.995945 0.0155221 -3.13326 -0.864878 0.0846683 -0.494789 -56.7522
-0.497454 0.0293907 0.866992 311.485 0.087137 0.996064 0.0162304 -3.10568 -0.863103 0.0836211 -0.498057 -57.9943
-0.50228 0.0293423 0.864207 313.7 0.0859371 0.99617 0.0161241 -3.07762 -0.860424 0.0823663 -0.502878 -59.2571
-0.502922 0.0292814 0.863835 315.924 0.0864086 0.996122 0.0165413 -3.046 -0.860001 0.0829619 -0.503502 -60.5244
-0.506534 0.0292551 0.861723 318.151 0.0883493 0.995925 0.0181219 -3.01245 -0.857681 0.0853121 -0.507055 -61.806
-0.5113 0.0277205 0.858955 320.381 0.0876132 0.995954 0.0200107 -2.97792 -0.854924 0.0854873 -0.51166 -63.107
-0.510911 0.0264021 0.859228 322.623 0.0867349 0.996011 0.0209689 -2.94081 -0.855246 0.0852384 -0.511163 -64.4119
-0.512825 0.0236319 0.858168 324.868 0.087183 0.995887 0.0246746 -2.88935 -0.854055 0.0874715 -0.512776 -65.723
-0.515508 0.0239749 0.856549 327.112 0.0879562 0.995809 0.025063 -2.83754 -0.852358 0.088259 -0.515456 -67.0461
-0.515928 0.0206185 0.856384 329.357 0.0848888 0.99602 0.0271608 -2.77845 -0.852415 0.0867105 -0.515625 -68.3743
-0.519482 0.0202273 0.854242 331.598 0.0822122 0.996265 0.0264047 -2.71943 -0.850517 0.083946 -0.519204 -69.7128
-0.522352 0.01829 0.852533 333.837 0.079925 0.996419 0.0275936 -2.655 -0.848976 0.0825524 -0.521944 -71.0558
-0.525027 0.0176172 0.850903 336.074 0.0795847 0.996421 0.0284756 -2.5828 -0.847356 0.0826694 -0.52455 -72.4051
-0.53065 0.0155159 0.847449 338.3 0.078348 0.99645 0.0308155 -2.50892 -0.843962 0.0827483 -0.529982 -73.7707
-0.532158 0.015618 0.846501 340.522 0.0779677 0.996485 0.0306297 -2.43752 -0.843047 0.0822997 -0.531505 -75.1419
-0.534776 0.0157244 0.844847 342.74 0.078419 0.996435 0.0310924 -2.36198 -0.841347 0.0828797 -0.534103 -76.5186
-0.536962 0.0147577 0.843477 344.953 0.0766824 0.996561 0.0313802 -2.28861 -0.840114 0.0815299 -0.536247 -77.9021
-0.537707 0.0120412 0.843046 347.167 0.0739747 0.996716 0.0329461 -2.20786 -0.83988 0.0800795 -0.536831 -79.287
-0.54081 0.00914965 0.841094 349.377 0.0696419 0.996995 0.033933 -2.12681 -0.838256 0.0769268 -0.539822 -80.679
-0.545636 0.00803127 0.837983 351.578 0.0687589 0.997011 0.0352156 -2.04229 -0.835196 0.0768338 -0.544558 -82.0754
-0.546237 0.0075642 0.837596 353.782 0.0697446 0.996897 0.036481 -1.95339 -0.834722 0.0783452 -0.545069 -83.4734
-0.548623 0.00574293 0.83605 355.983 0.0699199 0.996788 0.0390349 -1.85368 -0.833141 0.079872 -0.547262 -84.88
-0.549423 0.00493885 0.83553 358.186 0.0660823 0.997107 0.03756 -1.76218 -0.832927 0.0758502 -0.548159 -86.2954
-0.550843 0.0028511 0.834603 360.394 0.0579491 0.997711 0.0348384 -1.68022 -0.832594 0.0675551 -0.549748 -87.7189
-0.555783 0.00586358 0.831307 362.588 0.0525126 0.998226 0.0280671 -1.61166 -0.829667 0.0592534 -0.555104 -89.1494
-0.555264 0.0125603 0.831579 364.76 0.0593756 0.997933 0.0245734 -1.57033 -0.829552 0.0630203 -0.554861 -90.5681
-0.556111 0.0114586 0.831028 366.934 0.0667814 0.997288 0.030938 -1.52448 -0.82842 0.0727023 -0.555368 -92.0027
-0.561444 0.00582961 0.827494 369.093 0.06705 0.997008 0.0384687 -1.45609 -0.824794 0.0770815 -0.560155 -93.4507
-0.565738 -0.00295115 0.824579 371.245 0.0614323 0.997064 0.0457167 -1.36919 -0.822293 0.0765196 -0.563895 -94.9085
-0.572457 -0.00912461 0.819884 373.384 0.0539959 0.997348 0.0488005 -1.27421 -0.818155 0.0722066 -0.570446 -96.3833
-0.577615 -0.00968796 0.816251 375.514 0.0518547 0.997474 0.0485335 -1.18003 -0.81466 0.0703603 -0.575654 -97.8712
-0.583102 -0.00585003 0.812377 377.634 0.0553957 0.99736 0.0469435 -1.08999 -0.810508 0.0723751 -0.581239 -99.3746
-0.587932 -0.000208662 0.80891 379.744 0.060174 0.997218 0.0439928 -1.00817 -0.806669 0.0745402 -0.586283 -100.891
-0.590638 0.00315403 0.80693 381.849 0.0619363 0.99722 0.0414369 -0.932983 -0.804556 0.0744525 -0.589191 -102.414
-0.595069 0.0016524 0.803673 383.951 0.0608797 0.997217 0.0430272 -0.852775 -0.801365 0.0745315 -0.593513 -103.948
-0.599461 -0.000309946 0.800403 386.043 0.0604972 0.997122 0.0456954 -0.763941 -0.798114 0.0758148 -0.597717 -105.493
-0.60265 -0.000708185 0.798005 388.13 0.0627031 0.996866 0.0482377 -0.667779 -0.795538 0.0791079 -0.600716 -107.044
-0.605054 -0.00116843 0.796183 390.212 0.062012 0.996892 0.0485885 -0.570435 -0.793766 0.0787716 -0.6031 -108.602
-0.610486 -0.00117956 0.792026 392.284 0.0648087 0.996571 0.0514381 -0.465765 -0.789371 0.0827325 -0.608316 -110.174
-0.611354 -0.00045347 0.791357 394.353 0.0648006 0.996613 0.050632 -0.362184 -0.7887 0.0822346 -0.609254 -111.751
-0.615652 -0.00437475 0.788006 396.415 0.0632659 0.996482 0.0549603 -0.247323 -0.785475 0.0836904 -0.613209 -113.339
-0.61837 -0.00266282 0.785882 398.471 0.0657522 0.996313 0.0551127 -0.132152 -0.783132 0.0857536 -0.615914 -114.933
-0.620636 -0.00454503 0.784085 400.521 0.0675996 0.99595 0.059281 -0.00913256 -0.781179 0.0897959 -0.617815 -116.534
-0.625295 -0.00501587 0.780372 402.562 0.065861 0.996073 0.0591752 0.113271 -0.777604 0.0883982 -0.622508 -118.144
-0.627689 -0.00549633 0.778444 404.597 0.0613388 0.996517 0.0564958 0.233354 -0.776044 0.0832108 -0.625165 -119.759
-0.630494 -0.00756471 0.776156 406.627 0.0573813 0.996762 0.0563272 0.354551 -0.77407 0.0800509 -0.628018 -121.376
-0.634329 -0.00809689 0.773021 408.645 0.0568346 0.996751 0.0570778 0.479368 -0.770972 0.0801405 -0.631807 -123.002
-0.635094 -0.00973386 0.772373 410.663 0.0550453 0.996808 0.057824 0.605648 -0.770471 0.0792393 -0.632531 -124.626
-0.636234 -0.0125464 0.771394 412.68 0.0527804 0.996817 0.0597453 0.743142 -0.769689 0.0787265 -0.633546 -126.25
-0.640613 -0.0145425 0.767726 414.686 0.0509739 0.99681 0.0614159 0.885295 -0.76617 0.0784779 -0.637827 -127.886
-0.641795 -0.0150825 0.766728 416.687 0.0522417 0.996624 0.0633341 1.03048 -0.765095 0.0807028 -0.638839 -129.524
-0.644661 -0.0179774 0.764257 418.675 0.0529792 0.996269 0.0681236 1.18311 -0.762631 0.0844065 -0.641303 -131.169
-0.643281 -0.020077 0.765366 420.667 0.0574559 0.995571 0.0744067 1.35173 -0.763471 0.0918393 -0.639278 -132.81
-0.643096 -0.0220094 0.765469 422.654 0.0607654 0.994968 0.0796591 1.53358 -0.763371 0.0977426 -0.638522 -134.447
-0.642904 -0.0287845 0.765405 424.641 0.0536161 0.995151 0.0824594 1.72256 -0.764068 0.0940517 -0.638243 -136.084
-0.640986 -0.0332931 0.76683 426.637 0.0430488 0.995927 0.0792237 1.90487 -0.766344 0.0837924 -0.636941 -137.721
-0.639047 -0.0366998 0.768291 428.637 0.0371919 0.996218 0.0785227 2.08587 -0.768268 0.078754 -0.635265 -139.356
-0.638119 -0.0382161 0.768988 430.639 0.0351104 0.996284 0.0786471 2.26715 -0.769137 0.0771858 -0.634406 -140.989
-0.634341 -0.0363126 0.7722 432.652 0.0379273 0.996231 0.0780037 2.44489 -0.772123 0.0787685 -0.630572 -142.614
-0.631113 -0.0381545 0.774752 434.672 0.0378479 0.996085 0.0798854 2.62665 -0.774767 0.0797395 -0.627198 -144.234
-0.63058 -0.0391909 0.775134 436.691 0.0337429 0.996396 0.0778281 2.80054 -0.775391 0.0752322 -0.626984 -145.852
-0.625289 -0.0421757 0.779253 438.725 0.0281201 0.996673 0.0765073 2.97239 -0.779887 0.0697519 -0.622021 -147.458
-0.62671 -0.0464497 0.777867 440.757 0.0216505 0.996799 0.0769662 3.14907 -0.778952 0.0650768 -0.623697 -149.068
-0.62325 -0.0505892 0.780384 442.798 0.015133 0.996938 0.0767134 3.32532 -0.781876 0.0596212 -0.620576 -150.67
-0.620404 -0.0559354 0.782285 444.844 0.0091412 0.99687 0.0785283 3.50419 -0.78423 0.0558704 -0.61795 -152.268
-0.622482 -0.0627018 0.780118 446.883 0.00625797 0.996355 0.0850752 3.70041 -0.78261 0.0578397 -0.619819 -153.871
-0.620047 -0.0666813 0.781726 448.929 0.0041663 0.996088 0.088271 3.90481 -0.784554 0.0579891 -0.617343 -155.468
-0.617962 -0.0678253 0.783277 450.98 0.00121629 0.996188 0.0872211 4.10691 -0.786208 0.054852 -0.615523 -157.06
-0.621193 -0.0703475 0.780493 453.022 -0.000196506 0.995977 0.0896129 4.31588 -0.783658 0.0555136 -0.618707 -158.658
-0.617396 -0.072446 0.783309 455.071 -0.00264747 0.995936 0.0900244 4.5265 -0.786648 0.053507 -0.615078 -160.249
-0.614873 -0.0724155 0.785294 457.13 -0.00291697 0.995977 0.0895595 4.73355 -0.788621 0.0527771 -0.61261 -161.835
-0.618972 -0.0720355 0.782102 459.178 -0.00113796 0.995866 0.0908236 4.94335 -0.785412 0.0553273 -0.616495 -163.434
-0.616976 -0.0726353 0.783623 461.229 0.000899525 0.995666 0.0929981 5.15725 -0.786982 0.0580825 -0.614235 -165.025
-0.614784 -0.0719202 0.785409 463.287 0.00236875 0.995661 0.0930271 5.36986 -0.788692 0.059052 -0.611945 -166.613
-0.613393 -0.0739611 0.786307 465.348 0.000823602 0.995545 0.0942848 5.58556 -0.789778 0.0584813 -0.610599 -168.197
-0.60812 -0.0724341 0.790534 467.421 0.00207825 0.99568 0.0928296 5.79803 -0.793843 0.0580945 -0.605341 -169.769
-0.612136 -0.0742626 0.787257 469.485 0.000939075 0.995511 0.0946375 6.01507 -0.790752 0.0586704 -0.609318 -171.35
-0.610264 -0.072701 0.788855 471.554 0.00179287 0.995651 0.0931462 6.22868 -0.792196 0.0582581 -0.607478 -172.927
-0.610109 -0.0741012 0.788845 473.622 0.000106888 0.995609 0.0936064 6.44356 -0.792318 0.0571944 -0.607421 -174.503
-0.609485 -0.0749937 0.789242 475.691 0.00151834 0.995404 0.0957556 6.66419 -0.792796 0.05956 -0.606569 -176.078
-0.609101 -0.0775339 0.789294 477.761 0.000803968 0.995149 0.0983759 6.89173 -0.793093 0.0605554 -0.606082 -177.651
-0.611132 -0.0795984 0.787516 479.825 -0.00108252 0.995014 0.0997312 7.12287 -0.791528 0.0600964 -0.60817 -179.23
-0.613345 -0.0816526 0.785583 481.884 0.000374362 0.994612 0.103671 7.3661 -0.789815 0.0638802 -0.610008 -180.813
-0.612593 -0.0825809 0.786072 483.943 -0.00327584 0.994784 0.101954 7.60208 -0.790392 0.0598814 -0.609667 -182.394
-0.614842 -0.0841342 0.784149 485.998 -0.0041342 0.994623 0.103475 7.84198 -0.78864 0.060379 -0.611883 -183.982
-0.61448 -0.084924 0.784348 488.053 -0.00363269 0.994483 0.10483 8.08531 -0.788925 0.0615666 -0.611397 -185.568
-0.614092 -0.086675 0.78446 490.109 -0.00388138 0.994271 0.106818 8.33383 -0.789225 0.0625516 -0.610909 -187.153
-0.614844 -0.0881038 0.783712 492.163 -0.00449061 0.994115 0.108234 8.58606 -0.788637 0.0630276 -0.61162 -188.74
-0.613749 -0.0881355 0.784566 494.219 -0.00437524 0.994114 0.108253 8.8383 -0.78949 0.0630073 -0.610521 -190.324
-0.614866 -0.0881212 0.783692 496.273 -0.00388277 0.994064 0.10873 9.09186 -0.788622 0.0638114 -0.611557 -191.911
-0.614913 -0.0882379 0.783643 498.326 -0.00320309 0.993991 0.10941 9.34717 -0.788589 0.0647672 -0.611499 -193.498
-0.615885 -0.0896558 0.782718 500.378 -0.00351203 0.993806 0.111071 9.60684 -0.787829 0.0656581 -0.612384 -195.087
-0.614925 -0.0889697 0.783551 502.431 -0.00349349 0.993913 0.110114 9.864 -0.788579 0.0649744 -0.611491 -196.674
-0.614338 -0.08992 0.783903 504.486 -0.00438814 0.993859 0.110565 10.1223 -0.789032 0.0644842 -0.610958 -198.259
-0.615066 -0.0914551 0.783154 506.538 -0.00531684 0.993709 0.111868 10.3841 -0.788458 0.064642 -0.611682 -199.846
-0.61388 -0.0937166 0.783816 508.592 -0.00628681 0.993477 0.113861 10.6511 -0.789375 0.0649692 -0.610464 -201.429
-0.613869 -0.0958555 0.783567 510.646 -0.00692401 0.993216 0.116078 10.924 -0.789378 0.0658311 -0.610367 -203.013
-0.614443 -0.0965683 0.783029 512.697 -0.00718258 0.993124 0.116842 11.1989 -0.788929 0.0661689 -0.610911 -204.597
-0.61697 -0.0974458 0.780931 514.744 -0.0076671 0.993001 0.117851 11.4764 -0.78695 0.066723 -0.613398 -206.189
-0.617553 -0.0977451 0.780432 516.789 -0.00699899 0.992891 0.118816 11.7567 -0.786499 0.067913 -0.613846 -207.782
-0.617054 -0.101325 0.78037 518.833 -0.00935301 0.99255 0.12148 12.0438 -0.786866 0.0676607 -0.613404 -209.373
-0.618811 -0.103074 0.778748 520.873 -0.0114482 0.992432 0.12226 12.333 -0.785458 0.0667402 -0.615306 -210.97
-0.61902 -0.104321 0.778416 522.913 -0.0112125 0.992211 0.124057 12.6269 -0.785296 0.0680659 -0.615367 -212.566
-0.620119 -0.107091 0.777164 524.949 -0.0124172 0.991855 0.126766 12.928 -0.784411 0.0689598 -0.616396 -214.166
-0.620469 -0.108574 0.776678 526.984 -0.0127083 0.991632 0.12847 13.2335 -0.784129 0.0698415 -0.616656 -215.765
-0.619336 -0.111267 0.777202 529.02 -0.0140392 0.991318 0.130734 13.545 -0.785002 0.0700566 -0.615519 -217.362
-0.620694 -0.112673 0.775915 531.053 -0.015859 0.991222 0.131252 13.858 -0.783893 0.0691619 -0.617031 -218.963
-0.621271 -0.113333 0.775357 533.085 -0.0170128 0.991203 0.131252 14.1712 -0.783412 0.0683518 -0.617732 -220.565
-0.620023 -0.113772 0.776291 535.118 -0.0174176 0.991182 0.131355 14.4847 -0.784391 0.0679219 -0.616536 -222.164
-0.621054 -0.11565 0.775188 537.149 -0.0166063 0.990773 0.134509 14.8064 -0.783593 0.0706641 -0.617243 -223.765
-0.622131 -0.117537 0.77404 539.178 -0.0166237 0.990427 0.137034 15.1347 -0.782738 0.0723858 -0.618128 -225.369
-0.623164 -0.117313 0.773243 541.204 -0.0158096 0.990373 0.137514 15.464 -0.781932 0.0734689 -0.619018 -226.975
-0.626314 -0.11736 0.770686 543.222 -0.0166809 0.990394 0.137261 15.7937 -0.779393 0.0731126 -0.622254 -228.588
-0.623789 -0.118644 0.772535 545.244 -0.0151316 0.990059 0.139833 16.1298 -0.781447 0.0755362 -0.619382 -230.195
-0.627471 -0.119999 0.769338 547.259 -0.0159627 0.989828 0.141371 16.4701 -0.778478 0.0764252 -0.623002 -231.811
-0.626257 -0.120504 0.770247 549.275 -0.0155404 0.989715 0.142204 16.8129 -0.779463 0.0770864 -0.621687 -233.425
-0.625638 -0.122904 0.770371 551.292 -0.0162399 0.989349 0.14465 17.1622 -0.779945 0.0779878 -0.62097 -235.036
-0.626553 -0.12325 0.769572 553.307 -0.0166541 0.989308 0.144882 17.5122 -0.779202 0.0779599 -0.621905 -236.65
-0.628121 -0.125516 0.767925 555.317 -0.0164664 0.988827 0.148154 17.871 -0.777942 0.0804135 -0.623169 -238.267
-0.62634 -0.126435 0.769229 557.332 -0.0170219 0.988742 0.148655 18.2299 -0.779365 0.0800146 -0.621439 -239.882
-0.62891 -0.129693 0.766584 559.339 -0.0202426 0.988386 0.150611 18.5931 -0.777215 0.079203 -0.62423 -241.502
-0.627858 -0.131296 0.767174 561.348 -0.0201519 0.988081 0.15261 18.9614 -0.778068 0.0803572 -0.623019 -243.12
-0.627952 -0.132345 0.766916 563.356 -0.0206564 0.987922 0.15357 19.3322 -0.777979 0.080593 -0.6231 -244.737
-0.624831 -0.13112 0.769671 565.371 -0.0184399 0.988001 0.153344 19.7025 -0.780543 0.0816213 -0.61975 -246.346
-0.624163 -0.131963 0.770069 567.387 -0.0181304 0.987813 0.154581 20.0759 -0.781085 0.082522 -0.618947 -247.953
-0.625252 -0.134243 0.76879 569.399 -0.0180288 0.987316 0.157739 20.4575 -0.780216 0.0847661 -0.619741 -249.562
-0.624563 -0.135719 0.769091 571.413 -0.0172992 0.986947 0.160115 20.8454 -0.780784 0.086697 -0.618757 -251.168
-0.626269 -0.137133 0.767451 573.422 -0.0180841 0.986698 0.161553 21.2369 -0.779398 0.0872967 -0.620417 -252.779
-0.625658 -0.138087 0.767778 575.431 -0.0185407 0.986563 0.162327 21.6303 -0.779878 0.087326 -0.61981 -254.388
-0.625681 -0.138726 0.767645 577.441 -0.0176526 0.986326 0.163857 22.0278 -0.779881 0.0889712 -0.619572 -255.996
-0.624295 -0.139985 0.768544 579.452 -0.0176257 0.986087 0.165291 22.4292 -0.780991 0.0896442 -0.618075 -257.6
-0.626135 -0.141568 0.766755 581.459 -0.0175985 0.985694 0.16762 22.8365 -0.779517 0.0914587 -0.619668 -259.209
-0.624007 -0.14311 0.768202 583.469 -0.0178263 0.985438 0.169099 23.2477 -0.781216 0.0918244 -0.61747 -260.812
-0.623046 -0.144743 0.768676 585.481 -0.0193254 0.985277 0.169865 23.661 -0.781948 0.0909786 -0.616669 -262.412
-0.622439 -0.14569 0.768989 587.494 -0.0196644 0.985123 0.170721 24.0765 -0.782422 0.0911417 -0.616043 -264.011
-0.622869 -0.146905 0.768409 589.505 -0.0191753 0.984783 0.172727 24.4973 -0.782092 0.0928519 -0.616207 -265.61
-0.623367 -0.147977 0.7678 591.514 -0.0182982 0.984421 0.17487 24.9236 -0.781717 0.094959 -0.616362 -267.21
-0.621424 -0.1503 0.768923 593.526 -0.0187257 0.983995 0.177206 25.3562 -0.783252 0.0957213 -0.614292 -268.804
-0.620404 -0.151198 0.76957 595.54 -0.0196092 0.983924 0.177503 25.7893 -0.784039 0.095033 -0.613394 -270.396
-0.622381 -0.150255 0.768157 597.55 -0.0165717 0.983711 0.178991 26.2264 -0.78254 0.0986708 -0.614732 -271.991
-0.622084 -0.150812 0.768289 599.56 -0.0177271 0.983734 0.17875 26.6626 -0.782751 0.0975776 -0.614637 -273.586
-0.621989 -0.15167 0.768196 601.57 -0.0176115 0.983522 0.179924 27.102 -0.782829 0.0983813 -0.61441 -275.18
-0.620802 -0.152651 0.768962 603.581 -0.0163554 0.983168 0.18197 27.5466 -0.783798 0.10039 -0.612848 -276.77
-0.619831 -0.154187 0.769439 605.594 -0.0150976 0.982668 0.184755 27.9985 -0.784591 0.1029 -0.611415 -278.356
-0.619982 -0.155648 0.769023 607.606 -0.0154584 0.982359 0.186364 28.4545 -0.784465 0.103654 -0.611449 -279.943
-0.618106 -0.154324 0.770798 609.622 -0.0124416 0.982338 0.1867 28.9114 -0.785998 0.10581 -0.609107 -281.523
-0.618885 -0.156556 0.769722 611.636 -0.0137584 0.981946 0.188659 29.3732 -0.785363 0.106168 -0.609864 -283.105
-0.616466 -0.157199 0.77153 613.654 -0.0139098 0.981888 0.188946 29.836 -0.78726 0.105747 -0.607486 -284.681
-0.614086 -0.15899 0.773059 615.676 -0.0132566 0.981438 0.191316 30.3048 -0.789129 0.107236 -0.604794 -286.25
-0.612537 -0.160736 0.773927 617.7 -0.0124452 0.980945 0.193881 30.7804 -0.790346 0.109128 -0.602864 -287.814
-0.61429 -0.161687 0.772338 619.721 -0.0104358 0.98036 0.196936 31.2638 -0.789013 0.112916 -0.603911 -289.38
-0.611612 -0.163007 0.774183 621.746 -0.0117532 0.980308 0.197123 31.7476 -0.791072 0.111463 -0.601483 -290.941
-0.610906 -0.162371 0.774874 623.772 -0.0105091 0.980319 0.197136 32.2315 -0.791634 0.112288 -0.600588 -292.499
-0.609369 -0.163946 0.775752 625.802 -0.0103541 0.979951 0.198968 32.7201 -0.792821 0.113212 -0.598847 -294.052
-0.608001 -0.165712 0.77645 627.833 -0.0099172 0.979483 0.201279 33.2147 -0.793876 0.114677 -0.597169 -295.601
-0.60803 -0.165732 0.776423 629.863 -0.00911795 0.979361 0.20191 33.7109 -0.793863 0.115688 -0.596991 -297.15
-0.606689 -0.1643 0.777775 631.897 -0.00713927 0.979494 0.201343 34.2057 -0.794909 0.1166 -0.59542 -298.695
-0.605252 -0.165182 0.778707 633.934 -0.00710613 0.979315 0.202213 34.7026 -0.796004 0.116856 -0.593905 -300.235
-0.603429 -0.168474 0.779417 635.972 -0.00856068 0.978738 0.204931 35.2066 -0.797373 0.116988 -0.59204 -301.771
