1 0 0 0 0 1 0 0 0 0 1 0
0.997801 -0.000220719 0.0662738 0.125387 0.000506079 0.999991 -0.00428901 -0.0273856 -0.0662723 0.00431312 0.997792 0.299478
0.990241 -0.000964801 0.139361 0.288329 0.00252941 0.999936 -0.0110504 -0.0584487 -0.139341 0.011295 0.99018 0.642189
0.979346 0.000127683 0.20219 0.488944 0.00321897 0.999863 -0.0162231 -0.0951098 -0.202164 0.0165389 0.979212 1.01796
0.963148 0.00579595 0.268911 0.729696 -0.00043929 0.9998 -0.0199757 -0.136329 -0.268973 0.0191214 0.962958 1.41895
0.945503 0.0048009 0.325579 1.00816 0.00184231 0.999796 -0.0200929 -0.18031 -0.325609 0.0195977 0.945301 1.84381
0.924152 0.00577872 0.381982 1.32466 0.00221996 0.999788 -0.0204959 -0.225317 -0.382019 0.0197893 0.923943 2.28687
0.899135 0.00605054 0.437629 1.68161 0.00535581 0.999677 -0.0248251 -0.273032 -0.437638 0.024665 0.898813 2.7461
0.874615 0.0040696 0.484801 2.07395 0.0109295 0.999545 -0.0281082 -0.325467 -0.484695 0.0298825 0.874173 3.21534
0.858403 0.00411817 0.51296 2.49008 0.0139964 0.999408 -0.0314455 -0.377421 -0.512785 0.0341724 0.857836 3.70424
0.840633 0.00284768 0.541598 2.93085 0.0161193 0.999412 -0.0302741 -0.429483 -0.541365 0.0341796 0.840092 4.21199
0.810218 0.00343834 0.586119 3.40562 0.0167013 0.999441 -0.0289499 -0.48093 -0.585891 0.0332447 0.809708 4.72172
0.787717 0.00214459 0.616034 3.90819 0.0188366 0.999443 -0.0275655 -0.530456 -0.615749 0.0333178 0.787237 5.24254
0.754964 0.00245505 0.655761 4.44461 0.0199262 0.999445 -0.0266823 -0.580706 -0.655463 0.033211 0.754497 5.75733
0.729357 0.00154692 0.684132 5.00877 0.022085 0.999423 -0.0258048 -0.630806 -0.683777 0.03393 0.728902 6.27212
0.701889 0.00017454 0.712286 5.60007 0.0251214 0.999372 -0.0249995 -0.67732 -0.711843 0.0354405 0.701443 6.7836
0.672414 -0.00196611 0.740172 6.21902 0.0301651 0.999238 -0.0247494 -0.72306 -0.73956 0.0389693 0.671961 7.28775
0.640594 -0.00153968 0.767878 6.86541 0.0307993 0.999245 -0.0236904 -0.766553 -0.767262 0.0388261 0.640157 7.78012
0.607927 -0.00159164 0.793991 7.53966 0.0329368 0.999188 -0.0232154 -0.807305 -0.79331 0.0402648 0.607486 8.25712
0.570338 -0.00205362 0.821408 8.24202 0.036922 0.99905 -0.0231388 -0.849661 -0.82058 0.043525 0.569872 8.71365
0.534991 -0.00248082 0.844854 8.96805 0.0394229 0.99898 -0.0220305 -0.888429 -0.843938 0.0450927 0.534543 9.14661
0.496414 -0.00221943 0.868083 9.72018 0.0422206 0.998875 -0.02159 -0.925981 -0.867059 0.0473686 0.495949 9.55442
0.458236 0.000468899 0.88883 10.4964 0.0444135 0.998739 -0.0234243 -0.965964 -0.88772 0.0502099 0.457638 9.93878
0.420365 0.0011734 0.907354 11.2938 0.0470975 0.998623 -0.023111 -1.00223 -0.906132 0.0524492 0.419731 10.2959
0.381125 -0.000840749 0.924523 12.1127 0.0517046 0.998454 -0.0204067 -1.03545 -0.923076 0.0555796 0.38058 10.6254
0.344833 -0.00121813 0.938663 12.9512 0.0536039 0.998393 -0.0183966 -1.0669 -0.937132 0.0566597 0.344344 10.9285
0.310848 -0.00151611 0.950458 13.809 0.0552634 0.998336 -0.0164815 -1.09568 -0.948852 0.0576488 0.310415 11.2064
0.276914 -0.00240031 0.960892 14.684 0.0559795 0.998339 -0.0136386 -1.12064 -0.959263 0.057567 0.276588 11.4579
0.243831 -0.00300974 0.969813 15.5779 0.0567151 0.998328 -0.0111611 -1.14186 -0.968158 0.0577245 0.243594 11.6823
0.21154 -0.00332146 0.977364 16.4862 0.0576535 0.998295 -0.00908588 -1.16181 -0.975668 0.0582705 0.211371 11.8811
0.178068 -0.00164272 0.984017 17.4111 0.0552914 0.998436 -0.00833874 -1.1788 -0.982464 0.0558926 0.17788 12.0533
0.146579 -0.00155242 0.989198 18.3517 0.0552523 0.998451 -0.00662033 -1.19298 -0.987655 0.0556258 0.146438 12.2
0.115724 -0.00194295 0.993279 19.3049 0.0558123 0.998431 -0.00454949 -1.20273 -0.991712 0.0559638 0.115651 12.3194
0.0854552 -0.00230917 0.996339 20.2708 0.0561824 0.998417 -0.00250473 -1.2118 -0.994757 0.0561908 0.0854497 12.4118
0.054581 -0.00299208 0.998505 21.2498 0.0560299 0.998429 -7.08938e-05 -1.21917 -0.996936 0.05595 0.054663 12.4778
0.0242014 -0.00342833 0.999701 22.2407 0.0561194 0.998422 0.00206537 -1.22278 -0.998131 0.0560527 0.0243556 12.5152
-0.00171294 -0.00348275 0.999992 23.2435 0.0559656 0.998426 0.00357316 -1.22601 -0.998431 0.0559714 -0.00151531 12.5249
-0.0268394 -0.00338506 0.999634 24.2566 0.0571613 0.998353 0.00491545 -1.22706 -0.998004 0.0572723 -0.0266017 12.5049
-0.0492138 -0.00218723 0.998786 25.2806 0.0607694 0.998138 0.00518015 -1.22525 -0.996938 0.0609506 -0.0489893 12.4608
-0.0707559 -0.00165862 0.997492 26.3168 0.0669074 0.997739 0.00640502 -1.22242 -0.995247 0.0671928 -0.0704849 12.3924
-0.0891685 -0.00250365 0.996013 27.3619 0.0719237 0.99737 0.00894606 -1.21599 -0.993416 0.0724347 -0.0887539 12.3023
-0.103313 -0.00307563 0.994644 28.4189 0.0722692 0.997329 0.0105905 -1.21005 -0.99202 0.0729763 -0.102814 12.1959
-0.116472 -0.0037069 0.993187 29.4846 0.0724175 0.9973 0.0122147 -1.20313 -0.99055 0.0733468 -0.115889 12.0731
-0.130501 -0.00467429 0.991437 30.558 0.0719551 0.997307 0.0141733 -1.19452 -0.988834 0.0731886 -0.129813 11.938
-0.143858 -0.00500779 0.989586 31.6397 0.0717117 0.997305 0.0154717 -1.18468 -0.986997 0.0731906 -0.143111 11.7898
-0.157564 -0.00444336 0.987499 32.728 0.0712605 0.997332 0.0158579 -1.17313 -0.984934 0.0728684 -0.156827 11.6236
-0.168157 -0.0033219 0.985755 33.8245 0.0709336 0.997361 0.0154614 -1.16278 -0.983205 0.0725231 -0.167477 11.4429
-0.177656 -0.00273633 0.984089 34.9336 0.0707531 0.997373 0.0155462 -1.14848 -0.981546 0.0723892 -0.176996 11.2476
-0.186737 -0.00291707 0.982405 36.055 0.070232 0.997397 0.0163114 -1.13235 -0.979896 0.0720423 -0.186047 11.0392
-0.193939 -0.00298868 0.981009 37.1914 0.0698975 0.997412 0.0168569 -1.11523 -0.97852 0.0718394 -0.193228 10.8177
-0.198998 -0.00299151 0.979995 38.3417 0.0696347 0.997425 0.0171847 -1.09762 -0.977523 0.0716615 -0.198277 10.5896
-0.205302 -0.00295869 0.978694 39.5106 0.0690317 0.997461 0.0174963 -1.07948 -0.976261 0.071153 -0.204577 10.3504
-0.210989 -0.00306608 0.977484 40.6952 0.0690789 0.997448 0.0180393 -1.06123 -0.975044 0.0713296 -0.210239 10.1018
-0.211459 -0.00353441 0.97738 41.8992 0.0692731 0.997425 0.0185943 -1.04211 -0.974929 0.0716381 -0.21067 9.851
-0.215978 -0.00541337 0.976383 43.1213 0.0693534 0.997374 0.0208709 -1.01775 -0.973932 0.0722232 -0.215035 9.58873
-0.22077 -0.00576368 0.975309 44.3621 0.069196 0.99737 0.0215572 -0.990895 -0.972868 0.0722467 -0.219791 9.31462
-0.221126 -0.00626603 0.975225 45.6276 0.0696149 0.997327 0.0221928 -0.963913 -0.972757 0.0727976 -0.220099 9.03841
-0.224379 -0.00655313 0.97448 46.92 0.0691336 0.997351 0.0226253 -0.928931 -0.972047 0.072446 -0.223331 8.7464
-0.225187 -0.00595134 0.974297 48.2353 0.0700864 0.997292 0.0222907 -0.893208 -0.971792 0.0733046 -0.22416 8.44622
-0.226543 -0.0057081 0.973984 49.5781 0.069855 0.997313 0.0220927 -0.852496 -0.971493 0.0730427 -0.225535 8.13845
-0.22555 -0.00583971 0.974214 50.9474 0.06981 0.997315 0.0221406 -0.818018 -0.971727 0.0730038 -0.224537 7.82477
-0.223448 -0.00623598 0.974696 52.3428 0.069695 0.997318 0.0223582 -0.781809 -0.972221 0.0729274 -0.222414 7.51232
-0.221839 -0.00668077 0.97506 53.7639 0.0698971 0.997295 0.0227356 -0.740174 -0.972575 0.0731976 -0.220772 7.1916
-0.221879 -0.00623539 0.975054 55.2026 0.0707236 0.997243 0.0224709 -0.706232 -0.972506 0.0739453 -0.220827 6.85761
-0.220784 -0.00651073 0.975301 56.6724 0.0702552 0.997274 0.0225615 -0.662848 -0.972789 0.0735013 -0.219725 6.52146
-0.218953 -0.00595822 0.975717 58.1698 0.0711578 0.997221 0.0220575 -0.619596 -0.973137 0.0742595 -0.217921 6.18649
-0.218528 -0.00603587 0.975812 59.6903 0.0708714 0.997242 0.0220397 -0.572033 -0.973254 0.0739735 -0.217498 5.84394
-0.216458 -0.0072913 0.976265 61.2392 0.0721489 0.997118 0.0234439 -0.524047 -0.973622 0.0755111 -0.215308 5.50194
-0.215106 -0.00793779 0.976558 62.8016 0.0736496 0.996988 0.0243266 -0.475284 -0.97381 0.077156 -0.213873 5.15724
-0.214536 -0.00723218 0.976689 64.3755 0.0747769 0.996916 0.0238072 -0.438743 -0.973849 0.0781414 -0.213334 4.81317
-0.213052 -0.00622524 0.977021 65.955 0.0759598 0.996848 0.0229156 -0.404067 -0.974083 0.0790967 -0.211908 4.46581
-0.211824 -0.00623052 0.977288 67.5481 0.0764779 0.996808 0.0229313 -0.362768 -0.974311 0.0795984 -0.210672 4.11991
-0.211538 -0.0063012 0.977349 69.1529 0.0768471 0.996777 0.0230593 -0.3264 -0.974344 0.0799845 -0.210372 3.78079
-0.210267 -0.00674768 0.977621 70.7747 0.0769157 0.996763 0.0234228 -0.287082 -0.974614 0.0801195 -0.209067 3.44156
-0.209249 -0.0072809 0.977835 72.4062 0.0774251 0.99671 0.0239898 -0.254324 -0.974792 0.0807289 -0.207997 3.09948
-0.208505 -0.00712051 0.977995 74.0592 0.0780182 0.996666 0.0238897 -0.216648 -0.974904 0.0812827 -0.207255 2.75766
-0.207625 -0.00668928 0.978185 75.7349 0.078627 0.996627 0.0235044 -0.190781 -0.975043 0.081792 -0.206399 2.41578
-0.207857 -0.00629877 0.978139 77.4173 0.0783051 0.996663 0.0230581 -0.158882 -0.97502 0.0813861 -0.20667 2.07353
-0.20934 -0.00632173 0.977822 79.115 0.0777122 0.996709 0.0230811 -0.128966 -0.97475 0.0808206 -0.20816 1.72185
-0.210863 -0.00630191 0.977495 80.8325 0.0774289 0.99673 0.0231287 -0.0976378 -0.974444 0.0805635 -0.209685 1.36416
-0.212501 -0.00683357 0.977137 82.5582 0.0768458 0.996762 0.0236827 -0.065873 -0.974135 0.0801216 -0.211288 0.997796
-0.213599 -0.00721993 0.976895 84.3041 0.0766184 0.996769 0.0241195 -0.0386834 -0.973912 0.0800001 -0.212355 0.628996
-0.21431 -0.00808337 0.976732 86.061 0.0755341 0.996834 0.0248231 -0.00269367 -0.973841 0.0790965 -0.213021 0.255062
-0.216327 -0.00760691 0.976291 87.83 0.0755538 0.996841 0.0245082 0.0282278 -0.973393 0.0790643 -0.215068 -0.120307
-0.219002 -0.00723753 0.975698 89.616 0.0750219 0.996888 0.0242339 0.0651884 -0.972836 0.0785061 -0.217777 -0.507209
-0.222612 -0.0069105 0.974883 91.4128 0.0751174 0.996881 0.0242193 0.100027 -0.972009 0.0786222 -0.221398 -0.905698
-0.227194 -0.00763705 0.973819 93.2241 0.0736074 0.996974 0.0249914 0.135747 -0.971064 0.0773583 -0.225945 -1.30974
-0.232231 -0.0077318 0.97263 95.048 0.073211 0.996993 0.0254058 0.174235 -0.969901 0.0771073 -0.230967 -1.72258
-0.237968 -0.00732668 0.971245 96.8823 0.0727422 0.997029 0.025344 0.216172 -0.968545 0.0766816 -0.236728 -2.1505
-0.241518 -0.00649694 0.970374 98.7325 0.0726243 0.997052 0.0247511 0.25478 -0.967675 0.0764507 -0.240334 -2.59168
-0.245962 -0.00503967 0.969266 100.588 0.072336 0.997103 0.0235405 0.289437 -0.966577 0.075903 -0.244885 -3.0431
-0.252158 -0.00478654 0.967674 102.457 0.0720723 0.997118 0.0237128 0.333143 -0.964999 0.0757219 -0.251086 -3.51016
-0.256364 -0.0049564 0.966568 104.34 0.0716145 0.997141 0.0241076 0.376214 -0.963924 0.0754006 -0.255276 -3.98372
-0.263101 -0.00528987 0.964754 106.232 0.070666 0.997193 0.0247393 0.424119 -0.962177 0.0746843 -0.261989 -4.47734
-0.267879 -0.00596971 0.963434 108.134 0.070677 0.997165 0.0258302 0.472901 -0.960857 0.0750121 -0.266697 -4.98264
-0.273632 -0.0061108 0.961815 110.049 0.0705964 0.997155 0.0264197 0.518501 -0.959241 0.0751301 -0.272422 -5.50355
-0.280797 -0.00546177 0.959751 111.973 0.0705459 0.997162 0.0263145 0.568299 -0.957171 0.0750957 -0.279615 -6.04041
-0.284653 -0.00482181 0.958618 113.907 0.0702804 0.997191 0.0258849 0.620339 -0.956051 0.0747404 -0.283514 -6.58577
-0.290388 -0.00496857 0.956896 115.852 0.0703796 0.997167 0.0265356 0.669707 -0.954318 0.0750516 -0.289216 -7.15359
-0.297789 -0.00533405 0.954617 117.807 0.0696198 0.9972 0.0272896 0.722199 -0.95209 0.0745869 -0.296584 -7.73654
-0.301365 -0.00531224 0.953494 119.772 0.0690241 0.997239 0.027372 0.778498 -0.951008 0.0740631 -0.300166 -8.33096
-0.308343 -0.00535713 0.95126 121.734 0.0683536 0.997275 0.0277725 0.839673 -0.948816 0.0735855 -0.307136 -8.94235
-0.311421 -0.00617351 0.950252 123.706 0.0687468 0.997212 0.0290087 0.892267 -0.947782 0.0743608 -0.310129 -9.56534
-0.315829 -0.00690615 0.948791 125.691 0.0696129 0.99711 0.0304303 0.931249 -0.946259 0.075659 -0.314436 -10.2049
-0.321525 -0.00637686 0.94688 127.678 0.0689756 0.997163 0.0301371 0.967235 -0.944386 0.0750015 -0.320173 -10.8634
-0.322393 -0.00690405 0.946581 129.686 0.06759 0.997253 0.0302939 1.00497 -0.94419 0.073746 -0.321041 -11.5292
-0.325412 -0.00741939 0.945543 131.692 0.0654673 0.997393 0.030357 1.03394 -0.943303 0.0717808 -0.324078 -12.2102
-0.331737 -0.00693829 0.943346 133.69 0.0637999 0.997518 0.0297726 1.06097 -0.941212 0.0700622 -0.330472 -12.9108
-0.334408 -0.00665606 0.942405 135.698 0.0620134 0.997652 0.0290515 1.09277 -0.940386 0.0681569 -0.333211 -13.6184
-0.340359 -0.00717472 0.940268 137.705 0.0604375 0.997736 0.0294904 1.13257 -0.938351 0.0668648 -0.339155 -14.3358
-0.343618 -0.00844404 0.939071 139.716 0.059882 0.997728 0.0308831 1.17242 -0.937198 0.0668456 -0.342332 -15.0619
-0.348294 -0.00889937 0.937343 141.73 0.059161 0.997753 0.0314557 1.21322 -0.935517 0.0664101 -0.346985 -15.7996
-0.354398 -0.00946264 0.935047 143.743 0.0588783 0.997739 0.0324129 1.25966 -0.933239 0.0665411 -0.353039 -16.5499
-0.357286 -0.0106648 0.933934 145.758 0.058037 0.997749 0.0335962 1.30962 -0.93219 0.0662063 -0.355863 -17.3052
-0.36172 -0.0112571 0.932219 147.773 0.0577074 0.997739 0.0344399 1.36373 -0.930499 0.0662536 -0.360253 -18.0728
-0.367955 -0.0103482 0.929786 149.8 0.0581379 0.997726 0.0341119 1.42022 -0.928024 0.0666075 -0.366517 -18.853
-0.36972 -0.0100186 0.929089 151.826 0.0579371 0.997747 0.0338144 1.47904 -0.927335 0.0663306 -0.368306 -19.6378
-0.373479 -0.00866237 0.927598 153.856 0.0581734 0.99777 0.03274 1.53691 -0.925813 0.0661893 -0.372142 -20.431
-0.379317 -0.00798205 0.925232 155.885 0.0585132 0.997754 0.0325964 1.59591 -0.923415 0.0665027 -0.377998 -21.2477
-0.381476 -0.007504 0.924348 157.92 0.0582698 0.997783 0.032148 1.65637 -0.92254 0.0661253 -0.380194 -22.0682
-0.386415 -0.00791256 0.922291 159.961 0.0577032 0.997797 0.0327365 1.71421 -0.920518 0.0658691 -0.385107 -22.9038
-0.388629 -0.00808264 0.921359 162.011 0.0576396 0.99779 0.0330655 1.7767 -0.91959 0.065957 -0.387304 -23.7459
-0.392301 -0.00786824 0.919803 164.067 0.0582416 0.997744 0.0333753 1.83917 -0.917991 0.0666641 -0.390958 -24.6003
-0.397438 -0.00698315 0.917602 166.125 0.0594547 0.997674 0.0333439 1.89841 -0.915701 0.067808 -0.396098 -25.4674
-0.399021 -0.00740559 0.916912 168.19 0.0597627 0.997631 0.034065 1.96003 -0.914992 0.0683899 -0.397633 -26.3442
-0.401958 -0.00832558 0.915621 170.262 0.059314 0.997622 0.0351101 2.02457 -0.913735 0.068422 -0.400508 -27.2298
-0.406693 -0.00842719 0.913526 172.339 0.0585194 0.997663 0.0352556 2.0906 -0.911689 0.0677973 -0.405249 -28.126
-0.407557 -0.0074935 0.913149 174.428 0.0577779 0.997751 0.0339752 2.15899 -0.91135 0.0666067 -0.406208 -29.0284
-0.410634 -0.0066912 0.911776 176.523 0.0574211 0.997798 0.0331831 2.2213 -0.90999 0.0659813 -0.409346 -29.943
-0.415217 -0.00604407 0.909702 178.612 0.0564746 0.997878 0.0324067 2.29034 -0.907968 0.064831 -0.413994 -30.8758
-0.41763 -0.00626129 0.908595 180.693 0.055438 0.997938 0.0323587 2.35474 -0.906924 0.0638848 -0.416422 -31.8085
-0.423047 -0.00593609 0.906088 182.773 0.0554733 0.997933 0.0324379 2.41642 -0.904408 0.0639865 -0.421843 -32.7547
-0.425756 -0.0069249 0.904812 184.855 0.0546056 0.997951 0.0333322 2.48552 -0.903189 0.0635993 -0.424505 -33.7112
-0.430215 -0.00752837 0.902695 186.942 0.0544155 0.997931 0.0342565 2.55819 -0.901085 0.0638584 -0.428915 -34.6808
-0.436131 -0.00790112 0.899848 189.038 0.0544729 0.997896 0.0351635 2.62811 -0.898233 0.0643534 -0.434783 -35.6684
-0.439291 -0.00857674 0.898304 191.134 0.0532204 0.99795 0.0355541 2.69848 -0.896767 0.0634267 -0.437934 -36.6626
-0.443245 -0.00851998 0.89636 193.233 0.0527443 0.997974 0.0355676 2.77186 -0.894848 0.0630432 -0.441898 -37.6758
-0.447886 -0.00879939 0.894047 195.344 0.0525557 0.997963 0.0361507 2.8413 -0.892545 0.0631788 -0.446512 -38.7007
-0.448995 -0.00839355 0.893495 197.461 0.0526898 0.997967 0.0358524 2.91262 -0.89198 0.0631757 -0.44764 -39.7351
-0.453361 -0.00855765 0.891286 199.578 0.0527524 0.997943 0.0364147 2.98401 -0.889765 0.0635266 -0.451977 -40.7847
-0.454062 -0.00911545 0.890923 201.701 0.0530613 0.997896 0.0372528 3.05838 -0.889389 0.0641888 -0.452623 -41.8446
-0.456562 -0.00869286 0.889649 203.824 0.0532341 0.997894 0.0370699 3.13313 -0.888098 0.0642845 -0.455138 -42.9139
-0.461563 -0.00884585 0.887063 205.945 0.0525585 0.997921 0.037299 3.20494 -0.885549 0.0638386 -0.460139 -44.0019
-0.46204 -0.00904362 0.886813 208.062 0.0517301 0.997971 0.0371292 3.27917 -0.885349 0.0630303 -0.460635 -45.0912
-0.465012 -0.00892222 0.885259 210.176 0.0507866 0.998034 0.0367362 3.35009 -0.883847 0.0620422 -0.463644 -46.1892
-0.470652 -0.00852412 0.882278 212.291 0.050092 0.998082 0.0363646 3.41769 -0.880896 0.0613102 -0.469322 -47.3015
-0.47132 -0.00899597 0.881916 214.407 0.0485301 0.998168 0.0361176 3.49037 -0.880626 0.0598225 -0.47002 -48.4073
-0.474318 -0.00860198 0.880312 216.522 0.0485474 0.998175 0.0359114 3.56091 -0.879014 0.0597704 -0.473035 -49.528
-0.479844 -0.00986662 0.877298 218.638 0.0490685 0.99807 0.0380632 3.63109 -0.875981 0.0613122 -0.478434 -50.6655
-0.480199 -0.0120131 0.877077 220.754 0.0482072 0.998034 0.0400632 3.70863 -0.875834 0.0615199 -0.478675 -51.8002
-0.485318 -0.0128545 0.874243 222.871 0.0475087 0.998027 0.041048 3.79349 -0.873047 0.0614556 -0.48375 -52.9493
-0.486017 -0.0129173 0.873854 224.99 0.046777 0.998073 0.0407697 3.87539 -0.872697 0.0606911 -0.484476 -54.0965
-0.489088 -0.0132324 0.872134 227.109 0.0457412 0.99812 0.0407953 3.95656 -0.871035 0.059845 -0.487563 -55.2522
-0.494765 -0.0139517 0.868915 229.224 0.0454161 0.99809 0.041886 4.04323 -0.86784 0.0601865 -0.493186 -56.424
-0.496028 -0.0138446 0.868196 231.338 0.0449887 0.99812 0.0416199 4.12883 -0.86714 0.0597038 -0.494473 -57.5985
-0.499321 -0.0142605 0.8663 233.448 0.044489 0.998123 0.0420733 4.21534 -0.865274 0.059549 -0.49775 -58.7806
-0.504626 -0.015121 0.863206 235.552 0.0438193 0.998109 0.0431007 4.3021 -0.862226 0.0595749 -0.503009 -59.9766
-0.506907 -0.0153103 0.861865 237.653 0.0427721 0.998164 0.042888 4.39102 -0.860939 0.0586041 -0.505321 -61.1806
-0.510732 -0.0151728 0.859606 239.749 0.0427018 0.998163 0.0429896 4.47932 -0.858679 0.058663 -0.509146 -62.3921
-0.515672 -0.0152118 0.856651 241.837 0.0429887 0.998124 0.0436015 4.56919 -0.855707 0.0593105 -0.514051 -63.6202
-0.517922 -0.0158696 0.855281 243.921 0.0424598 0.998119 0.0442318 4.66072 -0.854374 0.0592238 -0.516274 -64.8535
-0.522374 -0.0162695 0.852561 246 0.041456 0.998151 0.0444484 4.75041 -0.851708 0.0585626 -0.520734 -66.1001
-0.524348 -0.0159734 0.851354 248.078 0.0414496 0.99816 0.0442566 4.84131 -0.850495 0.0584943 -0.522721 -67.3552
-0.527656 -0.0156214 0.849314 250.151 0.0414047 0.998169 0.0440829 4.93375 -0.848449 0.0584263 -0.526044 -68.6201
-0.531898 -0.0152177 0.846672 252.223 0.041682 0.998156 0.044126 5.02479 -0.845782 0.0587616 -0.530283 -69.8969
-0.53355 -0.0144489 0.845645 254.298 0.042235 0.998151 0.0437023 5.11345 -0.844714 0.0590334 -0.531953 -71.1768
-0.536291 -0.0139549 0.843918 256.37 0.0426133 0.998141 0.0435849 5.20423 -0.842957 0.0593364 -0.534699 -72.4663
-0.540377 -0.0130614 0.841322 258.442 0.0427723 0.99816 0.0429688 5.2926 -0.840335 0.0592048 -0.538824 -73.77
-0.541 -0.0124665 0.84093 260.512 0.0429433 0.998176 0.0424246 5.38183 -0.839925 0.0590642 -0.539479 -75.0768
-0.545815 -0.0129357 0.837806 262.584 0.0421142 0.998194 0.0428487 5.47227 -0.836847 0.0586712 -0.544284 -76.3996
-0.546566 -0.0127313 0.837319 264.658 0.0422125 0.998194 0.042732 5.56668 -0.836352 0.0587013 -0.545042 -77.7244
-0.549804 -0.0126716 0.835198 266.725 0.0418386 0.998212 0.0426869 5.66364 -0.834245 0.0584131 -0.548291 -79.0569
-0.555381 -0.012312 0.831505 268.792 0.0423673 0.998173 0.0430779 5.76338 -0.830516 0.0591533 -0.553845 -80.4087
-0.557217 -0.0121361 0.830279 270.862 0.0420189 0.9982 0.0427903 5.86149 -0.829303 0.0587309 -0.555704 -81.767
-0.560028 -0.0125498 0.828379 272.93 0.0410288 0.998238 0.0428608 5.96102 -0.827457 0.0579907 -0.558526 -83.1375
-0.56504 -0.0127209 0.824966 274.994 0.0413867 0.998185 0.0437388 6.05886 -0.824025 0.0588569 -0.563488 -84.5184
-0.565415 -0.0124449 0.824713 277.064 0.0421976 0.99814 0.0439922 6.15738 -0.823726 0.0596748 -0.563839 -85.9099
-0.566943 -0.013051 0.823654 279.135 0.042453 0.998083 0.0450365 6.25902 -0.822663 0.0604998 -0.565302 -87.306
-0.571357 -0.0136591 0.820588 281.2 0.0422105 0.998049 0.0460033 6.36568 -0.819616 0.0609218 -0.569666 -88.7158
-0.572543 -0.0145025 0.819747 283.272 0.0416385 0.998039 0.0467387 6.47346 -0.818817 0.0608931 -0.570816 -90.1306
-0.575839 -0.0151814 0.817422 285.341 0.0413723 0.998005 0.0476803 6.58435 -0.816516 0.061275 -0.574062 -91.5618
-0.576469 -0.0151185 0.816979 287.412 0.0416761 0.997983 0.0478751 6.69367 -0.816056 0.0616471 -0.574676 -93.001
-0.578705 -0.0147815 0.815403 289.487 0.0413666 0.998017 0.0474505 6.80544 -0.814487 0.0611904 -0.576946 -94.4437
-0.582433 -0.0133511 0.812769 291.56 0.040355 0.998157 0.0453149 6.91278 -0.811876 0.0591923 -0.580821 -95.8995
-0.584931 -0.0136431 0.810969 293.635 0.0398683 0.998166 0.0455484 7.02371 -0.810103 0.0589747 -0.583314 -97.3628
-0.58935 -0.0147297 0.807743 295.712 0.0391622 0.998137 0.0467755 7.13715 -0.806928 0.0592003 -0.587676 -98.8331
-0.593934 -0.0160681 0.804353 297.794 0.0382588 0.998105 0.0481889 7.25584 -0.803603 0.0593947 -0.592194 -100.321
-0.597051 -0.0168173 0.802027 299.874 0.037972 0.998067 0.0491954 7.37718 -0.801304 0.0598269 -0.595258 -101.825
-0.599901 -0.0167238 0.799899 301.96 0.0377505 0.998076 0.049179 7.4984 -0.799183 0.0596993 -0.598116 -103.34
-0.604338 -0.0159447 0.796568 304.048 0.038175 0.998072 0.0489406 7.61567 -0.795813 0.0599858 -0.602564 -104.872
-0.60423 -0.0152039 0.796665 306.141 0.0388405 0.998067 0.0485062 7.73259 -0.795863 0.0602519 -0.602472 -106.422
-0.608218 -0.0153544 0.793622 308.235 0.0394708 0.997991 0.0495582 7.85114 -0.792788 0.0614671 -0.60639 -107.982
-0.607902 -0.0156353 0.793858 310.333 0.0400753 0.997928 0.0503424 7.97133 -0.793 0.0624175 -0.606015 -109.544
-0.611021 -0.015776 0.791457 312.435 0.0396289 0.997938 0.0504861 8.08615 -0.790622 0.0622127 -0.609136 -111.124
-0.616659 -0.0163965 0.787059 314.531 0.0387873 0.997936 0.0511793 8.20611 -0.786274 0.0620882 -0.614751 -112.732
-0.619077 -0.0170617 0.785145 316.626 0.0385666 0.997897 0.0520943 8.33383 -0.784383 0.0625309 -0.617117 -114.346
-0.622573 -0.01698 0.782378 318.72 0.0395739 0.997802 0.053146 8.46046 -0.781561 0.0640491 -0.620533 -115.974
-0.628829 -0.0178949 0.777338 320.81 0.0388794 0.997761 0.0544208 8.58575 -0.776571 0.0644439 -0.626725 -117.631
-0.630133 -0.0194965 0.776243 322.908 0.0374524 0.997758 0.0554631 8.71475 -0.775584 0.0640214 -0.62799 -119.296
-0.633472 -0.0201118 0.773504 325.001 0.0372814 0.997708 0.0564735 8.85428 -0.772867 0.0646118 -0.63127 -120.973
-0.638604 -0.021186 0.769244 327.087 0.0371669 0.997605 0.0583303 8.99737 -0.768637 0.0658405 -0.636287 -122.668
-0.639476 -0.022074 0.768494 329.171 0.0356976 0.997657 0.0583609 9.14263 -0.767982 0.0647539 -0.637189 -124.371
-0.644007 -0.022861 0.764678 331.245 0.0327826 0.997811 0.0574401 9.2887 -0.764317 0.0620601 -0.641847 -126.089
-0.645356 -0.022862 0.76354 333.32 0.0312282 0.997927 0.0562746 9.43425 -0.763243 0.0601613 -0.643304 -127.807
-0.648459 -0.0245642 0.760854 335.391 0.0304854 0.99784 0.0581973 9.58991 -0.760639 0.0609336 -0.646309 -129.531
-0.653106 -0.0249228 0.756856 337.447 0.0306605 0.997768 0.0593134 9.7411 -0.756645 0.0619437 -0.650885 -131.27
-0.655026 -0.0256252 0.755171 339.5 0.0293261 0.99781 0.0592957 9.88819 -0.755037 0.0609866 -0.65284 -133.016
-0.658092 -0.0270937 0.75245 341.546 0.0276328 0.99781 0.060096 10.0413 -0.75243 0.0603411 -0.655902 -134.769
-0.661807 -0.0293731 0.749099 343.582 0.0260007 0.997732 0.0620932 10.1955 -0.749223 0.0605709 -0.659542 -136.53
-0.664002 -0.0319177 0.747049 345.614 0.0236645 0.997691 0.0636602 10.3589 -0.747356 0.0599492 -0.661714 -138.297
-0.667113 -0.0325002 0.744248 347.638 0.0224274 0.997719 0.0636719 10.5179 -0.744619 0.059168 -0.664862 -140.069
-0.670961 -0.0325003 0.74078 349.648 0.0221212 0.997717 0.0638091 10.6763 -0.741163 0.0592005 -0.66871 -141.838
-0.672577 -0.0336051 0.739264 351.659 0.0214207 0.997666 0.0648397 10.8406 -0.739717 0.0594454 -0.670287 -143.616
-0.677109 -0.0339391 0.7351 353.657 0.0213042 0.997613 0.0656827 11.0124 -0.735574 0.0601352 -0.67477 -145.411
-0.677769 -0.0356405 0.734411 355.657 0.0180458 0.997717 0.0650727 11.173 -0.735053 0.0573574 -0.675579 -147.214
-0.680242 -0.0404915 0.731869 357.655 0.00780498 0.998016 0.0624709 11.3228 -0.732946 0.0482077 -0.678576 -149.026
-0.685139 -0.0370469 0.72747 359.628 0.003146 0.998546 0.0538146 11.4666 -0.728406 0.0391592 -0.684026 -150.831
-0.686275 -0.0283935 0.726787 361.568 0.011048 0.998715 0.0494492 11.568 -0.727258 0.0419655 -0.68508 -152.623
-0.688002 -0.0273954 0.725191 363.502 0.0178424 0.998347 0.0546418 11.6696 -0.725489 0.050533 -0.686376 -154.438
-0.69212 -0.0334276 0.721008 365.418 0.0190066 0.997736 0.0645025 11.8065 -0.721531 0.0583475 -0.689919 -156.262
-0.694302 -0.0431974 0.718386 367.334 0.0140535 0.997193 0.0735447 11.9673 -0.719546 0.0611582 -0.691746 -158.088
-0.698907 -0.0493813 0.713506 369.243 0.00848377 0.996971 0.0773098 12.1385 -0.715162 0.0600857 -0.696371 -159.931
-0.700366 -0.0503785 0.712004 371.151 0.00677024 0.996992 0.0772028 12.3108 -0.713751 0.0588908 -0.697919 -161.775
-0.702789 -0.0461919 0.709897 373.056 0.0109633 0.997068 0.0757313 12.4795 -0.711313 0.0610061 -0.700222 -163.629
-0.705718 -0.0403726 0.707342 374.952 0.0152656 0.997277 0.0721515 12.6385 -0.708328 0.0617167 -0.703179 -165.492
-0.707048 -0.0383453 0.706125 376.846 0.0148133 0.997506 0.0690011 12.7907 -0.70701 0.0592473 -0.704717 -167.356
-0.710026 -0.0386838 0.703112 378.739 0.0142937 0.997492 0.0693143 12.9468 -0.70403 0.0592652 -0.707692 -169.227
-0.714065 -0.0389385 0.698996 380.621 0.0149258 0.997378 0.0708079 13.1102 -0.69992 0.0609946 -0.711611 -171.11
-0.715389 -0.0400766 0.697577 382.5 0.0150616 0.997237 0.0727386 13.2796 -0.698564 0.0625431 -0.712808 -172.994
-0.717103 -0.0403617 0.695797 384.373 0.0149208 0.997204 0.0732234 13.45 -0.696807 0.0628907 -0.714496 -174.884
-0.720382 -0.0406029 0.692388 386.238 0.0148219 0.997156 0.0738963 13.6241 -0.693419 0.0634962 -0.717731 -176.781
-0.720359 -0.0411513 0.692379 388.097 0.0147391 0.997105 0.0745972 13.7998 -0.693444 0.063942 -0.717667 -178.685
-0.723949 -0.0425241 0.688542 389.948 0.0148876 0.996903 0.0772215 13.9812 -0.689693 0.0661553 -0.721073 -180.597
-0.723145 -0.0451582 0.689218 391.8 0.014983 0.9966 0.0810186 14.1731 -0.690533 0.0689149 -0.72001 -182.51
-0.724364 -0.046426 0.687853 393.643 0.0152707 0.996405 0.0833327 14.3648 -0.689248 0.0708674 -0.72105 -184.426
-0.728225 -0.047236 0.683709 395.471 0.0134148 0.996448 0.0831308 14.5575 -0.685207 0.0697099 -0.725004 -186.343
-0.728311 -0.048093 0.683557 397.299 0.00980852 0.9967 0.0805755 14.7516 -0.685177 0.0653888 -0.725435 -188.255
-0.730229 -0.0498907 0.681378 399.121 0.00613758 0.996811 0.0795644 14.9466 -0.683174 0.0622824 -0.727594 -190.165
-0.73292 -0.0503549 0.678448 400.928 0.00600254 0.996739 0.0804631 15.1427 -0.680288 0.0630456 -0.730228 -192.079
-0.73312 -0.0515069 0.678146 402.734 0.00496027 0.996696 0.0810639 15.333 -0.680081 0.0627935 -0.730443 -193.99
-0.734613 -0.0515918 0.676522 404.539 0.00394842 0.996763 0.080301 15.5323 -0.678474 0.0616615 -0.732031 -195.9
-0.736952 -0.0523301 0.673916 406.334 0.00377374 0.996665 0.0815185 15.7319 -0.675934 0.0626186 -0.734297 -197.82
-0.736866 -0.0541118 0.67387 408.122 0.00426199 0.9964 0.0846714 15.933 -0.676026 0.0652635 -0.733982 -199.738
-0.736811 -0.0567348 0.673715 409.9 0.00483756 0.996005 0.0891661 16.1357 -0.676082 0.0689577 -0.733592 -201.656
-0.735359 -0.0570447 0.675272 411.681 0.0100045 0.995428 0.0949851 16.3493 -0.677603 0.0766041 -0.731427 -203.571
-0.734694 -0.057656 0.675944 413.458 0.0141408 0.994864 0.100229 16.574 -0.678251 0.0831961 -0.730105 -205.479
-0.73395 -0.0607951 0.676477 415.237 0.00979619 0.994935 0.100043 16.7997 -0.679133 0.0800538 -0.729637 -207.387
-0.73241 -0.0632886 0.677916 417.027 0.000951187 0.995574 0.0939721 17.015 -0.680863 0.069471 -0.729108 -209.298
-0.730139 -0.0668056 0.680025 418.824 -0.00441372 0.995649 0.0930736 17.2301 -0.683284 0.0649553 -0.727257 -211.209
-0.728779 -0.0691217 0.681251 420.623 -0.00697695 0.99559 0.0935517 17.4456 -0.684713 0.0634256 -0.726047 -213.114
-0.725537 -0.0694234 0.684673 422.437 -0.0052929 0.995432 0.0953246 17.6643 -0.688163 0.0655377 -0.72259 -215.016
-0.723101 -0.0699036 0.687197 424.256 -0.0046917 0.99534 0.096312 17.8874 -0.690726 0.0664193 -0.720059 -216.916
-0.72319 -0.0707304 0.687018 426.075 -0.00632121 0.995378 0.0958229 18.1067 -0.69062 0.0649555 -0.720294 -218.812
-0.719508 -0.0755062 0.690368 427.908 -0.0126381 0.995331 0.0956888 18.3291 -0.694369 0.060124 -0.717102 -220.7
-0.72025 -0.0817673 0.688879 429.74 -0.0205635 0.995109 0.0966157 18.5605 -0.69341 0.0554218 -0.718408 -222.591
-0.718042 -0.0860865 0.690656 431.583 -0.0272551 0.995038 0.0956903 18.7893 -0.695466 0.0498858 -0.716825 -224.476
-0.717213 -0.0878415 0.691295 433.425 -0.0301491 0.995005 0.0951539 19.0134 -0.696201 0.0474038 -0.716279 -226.364
-0.717585 -0.0883454 0.690845 435.264 -0.0288112 0.994838 0.0972937 19.2437 -0.695874 0.0499126 -0.716426 -228.252
-0.71532 -0.0899497 0.692984 437.112 -0.0286232 0.99462 0.0995564 19.4783 -0.69821 0.0513794 -0.714046 -230.134
-0.714229 -0.0923499 0.693793 438.964 -0.0297034 0.994363 0.10178 19.7209 -0.699281 0.0520865 -0.712946 -232.013
-0.715286 -0.0933321 0.692572 440.809 -0.0316334 0.994349 0.101329 19.9624 -0.698116 0.0505712 -0.714196 -233.891
-0.712546 -0.093818 0.695325 442.658 -0.0331377 0.994413 0.100215 20.2048 -0.700842 0.0483662 -0.711674 -235.764
-0.711166 -0.0941807 0.696687 444.517 -0.033668 0.994411 0.100061 20.4411 -0.702217 0.0477037 -0.710362 -237.639
-0.713102 -0.0942112 0.694701 446.369 -0.0317086 0.994249 0.102286 20.6845 -0.700343 0.0509122 -0.711988 -239.521
-0.71023 -0.0945134 0.697597 448.225 -0.029777 0.994092 0.104368 20.932 -0.70334 0.0533528 -0.708848 -241.392
-0.710857 -0.0954302 0.696833 450.084 -0.0301939 0.993979 0.105323 21.1792 -0.702688 0.0538292 -0.709458 -243.269
-0.708332 -0.0964408 0.699261 451.951 -0.030652 0.99389 0.106026 21.4287 -0.705214 0.0536679 -0.70696 -245.141
-0.707573 -0.0971988 0.699924 453.822 -0.0305127 0.993773 0.10716 21.6831 -0.705981 0.0544668 -0.706133 -247.011
-0.708096 -0.0987649 0.699175 455.691 -0.0315709 0.993607 0.108382 21.9401 -0.70541 0.0546717 -0.706688 -248.881
-0.706396 -0.0985496 0.700923 457.566 -0.0319643 0.993691 0.107499 22.1978 -0.707095 0.0535323 -0.705089 -250.747
-0.705836 -0.0985146 0.701491 459.441 -0.0329742 0.993778 0.106384 22.4525 -0.707607 0.0519585 -0.704693 -252.612
-0.7064 -0.0990954 0.700842 461.314 -0.0327335 0.993665 0.107506 22.7107 -0.707056 0.0530012 -0.705168 -254.478
-0.70465 -0.101245 0.702295 463.191 -0.0336142 0.993419 0.109488 22.9753 -0.708758 0.0535435 -0.703416 -256.341
-0.704776 -0.102392 0.702002 465.066 -0.0348788 0.993333 0.109868 23.2409 -0.708572 0.0529476 -0.703649 -258.204
-0.706554 -0.103511 0.700048 466.934 -0.0355332 0.993185 0.110991 23.5145 -0.706767 0.0535466 -0.705417 -260.067
-0.705528 -0.103097 0.701144 468.804 -0.0350613 0.993227 0.110764 23.7799 -0.707815 0.0535643 -0.704364 -261.929
-0.707048 -0.102724 0.699666 470.671 -0.034666 0.993238 0.110795 24.0452 -0.706316 0.0540827 -0.705827 -263.795
-0.70615 -0.103687 0.70043 472.541 -0.0348131 0.993107 0.111916 24.3128 -0.707206 0.0546454 -0.704892 -265.66
-0.706452 -0.105465 0.69986 474.411 -0.0360384 0.992912 0.113248 24.5842 -0.706843 0.0547828 -0.705245 -267.524
-0.707842 -0.105851 0.698395 476.277 -0.0364178 0.992861 0.113571 24.8563 -0.705431 0.0549566 -0.706644 -269.393
-0.7071 -0.105707 0.699168 478.146 -0.0366474 0.992912 0.113054 25.1269 -0.706163 0.0543182 -0.705962 -271.259
-0.706945 -0.105305 0.699386 480.016 -0.0364212 0.992961 0.112694 25.397 -0.70633 0.0541959 -0.705804 -273.126
-0.708043 -0.105403 0.698259 481.883 -0.0364558 0.992934 0.112918 25.6675 -0.705227 0.0544955 -0.706883 -274.997
-0.706663 -0.10593 0.699576 483.753 -0.0365341 0.992873 0.113436 25.9403 -0.706606 0.054603 -0.705497 -276.864
-0.707457 -0.106012 0.698761 485.619 -0.0366553 0.992859 0.11352 26.2131 -0.705805 0.054697 -0.70629 -278.733
-0.70633 -0.106763 0.699785 487.489 -0.0375119 0.992817 0.113606 26.4866 -0.706888 0.0539934 -0.705262 -280.599
-0.706547 -0.10748 0.699457 489.359 -0.0384518 0.992769 0.113709 26.7603 -0.706621 0.0534455 -0.70557 -282.466
-0.70721 -0.108383 0.698647 491.224 -0.0387444 0.992635 0.114771 27.0363 -0.705941 0.0540988 -0.706201 -284.33
-0.706187 -0.109322 0.699535 493.091 -0.0394501 0.992548 0.115288 27.3147 -0.706925 0.0538184 -0.705237 -286.192
-0.705762 -0.108872 0.700034 494.959 -0.0399038 0.992661 0.114152 27.5899 -0.707324 0.0526306 -0.704927 -288.053
-0.707006 -0.108661 0.69881 496.82 -0.0392942 0.992634 0.114595 27.8658 -0.706115 0.0535599 -0.706068 -289.919
-0.705543 -0.108539 0.700306 498.686 -0.0390964 0.992657 0.114461 28.1428 -0.707588 0.0533781 -0.704606 -291.782
-0.705633 -0.109902 0.700002 500.55 -0.0393792 0.992453 0.116122 28.424 -0.707482 0.0543738 -0.704636 -293.642
-0.707127 -0.110741 0.698361 502.409 -0.0402166 0.992359 0.116639 28.7064 -0.705942 0.0543931 -0.706177 -295.505
-0.706219 -0.1109 0.699254 504.271 -0.0407287 0.992383 0.116255 28.9877 -0.706821 0.0536219 -0.705357 -297.367
-0.706074 -0.11154 0.699299 506.135 -0.0408997 0.992291 0.116977 29.2712 -0.706956 0.0539934 -0.705193 -299.229
-0.707484 -0.111811 0.697829 507.995 -0.0405932 0.992204 0.117822 29.5567 -0.705563 0.0550304 -0.706507 -301.094
-0.707022 -0.112687 0.698156 509.858 -0.0413171 0.992118 0.118293 29.8441 -0.705984 0.0547901 -0.706105 -302.956
-0.708471 -0.112208 0.696763 511.717 -0.0423285 0.992257 0.116756 30.1278 -0.70447 0.0532251 -0.707735 -304.823
-0.707873 -0.110968 0.697569 513.579 -0.0422516 0.992465 0.115004 30.4089 -0.705075 0.0519348 -0.707228 -306.687
-0.708022 -0.110879 0.697432 515.442 -0.0417059 0.992438 0.11544 30.69 -0.704958 0.0526471 -0.707292 -308.552
-0.70958 -0.112579 0.695574 517.298 -0.0419763 0.992154 0.117759 30.9773 -0.703374 0.0543621 -0.708738 -310.421
-0.708154 -0.11488 0.696649 519.158 -0.0420574 0.991785 0.120798 31.2724 -0.704804 0.0562442 -0.707168 -312.286
-0.708045 -0.113795 0.696939 521.02 -0.0418932 0.991961 0.119405 31.5622 -0.704924 0.0553471 -0.70712 -314.15
-0.709824 -0.112413 0.695351 522.876 -0.0411805 0.992117 0.118352 31.8523 -0.703174 0.0553741 -0.708858 -316.018
-0.708628 -0.112091 0.696622 524.735 -0.0403706 0.992123 0.118573 32.1421 -0.704427 0.0559015 -0.707572 -317.884
-0.710097 -0.112256 0.695098 526.591 -0.039448 0.992 0.119905 32.4355 -0.702998 0.0577241 -0.708845 -319.754
-0.709041 -0.113083 0.696041 528.45 -0.0393073 0.991861 0.121103 32.733 -0.704071 0.0585076 -0.707715 -321.625
-0.708616 -0.114358 0.696266 530.31 -0.040076 0.991708 0.122096 33.0334 -0.704456 0.0586155 -0.707323 -323.494
-0.709972 -0.11509 0.694762 532.168 -0.0407872 0.991619 0.122585 33.3361 -0.703048 0.0586945 -0.708715 -325.365
-0.708206 -0.115749 0.696453 534.029 -0.0408815 0.991536 0.123219 33.6413 -0.704822 0.0587927 -0.706944 -327.235
-0.707624 -0.116231 0.696964 535.892 -0.0405219 0.991429 0.124197 33.9443 -0.705426 0.0596428 -0.706269 -329.106
-0.708238 -0.118801 0.695906 537.751 -0.043162 0.991181 0.125281 34.2473 -0.704654 0.0586923 -0.70712 -330.975
-0.706918 -0.119862 0.697065 539.614 -0.0439191 0.991072 0.125877 34.551 -0.705931 0.0583704 -0.705871 -332.841
-0.707646 -0.120155 0.696275 541.474 -0.0444208 0.99105 0.125878 34.8546 -0.705169 0.0581479 -0.706651 -334.709
-0.706247 -0.118658 0.69795 543.339 -0.0426507 0.991194 0.125354 35.1573 -0.70668 0.0587633 -0.705089 -336.573
-0.705355 -0.117911 0.698978 545.206 -0.0412964 0.991228 0.125538 35.4602 -0.70765 0.0596837 -0.704037 -338.434
-0.705872 -0.119145 0.698247 547.07 -0.0410954 0.990979 0.127552 35.7689 -0.707146 0.0613405 -0.704401 -340.294
-0.704327 -0.119182 0.699799 548.94 -0.0401802 0.990917 0.128322 36.0793 -0.708738 0.0622629 -0.702719 -342.153
-0.705458 -0.119802 0.698553 550.803 -0.0406593 0.990827 0.128866 36.3906 -0.707585 0.062507 -0.703858 -344.011
-0.704114 -0.119881 0.699894 552.672 -0.0408911 0.990855 0.128581 36.701 -0.708909 0.0619163 -0.702577 -345.865
-0.703883 -0.120032 0.7001 554.542 -0.040751 0.990818 0.128905 37.0124 -0.709146 0.0622043 -0.702312 -347.718
-0.703154 -0.120896 0.700684 556.414 -0.0411712 0.990707 0.129621 37.326 -0.709845 0.0622958 -0.701598 -349.571
-0.703886 -0.121525 0.69984 558.279 -0.0410175 0.990565 0.130754 37.6426 -0.709128 0.0633303 -0.70223 -351.422
-0.702649 -0.122476 0.700917 560.15 -0.041629 0.990462 0.131339 37.9621 -0.710318 0.0631065 -0.701046 -353.273
-0.703149 -0.123327 0.700266 562.019 -0.0423519 0.990358 0.131891 38.2822 -0.709781 0.0630813 -0.701593 -355.122
-0.702425 -0.123154 0.701022 563.89 -0.0422527 0.990394 0.131653 38.6025 -0.710503 0.0628562 -0.700882 -356.971
-0.702717 -0.12329 0.700706 565.76 -0.0414627 0.990293 0.132662 38.9256 -0.710261 0.0641709 -0.701008 -358.819
-0.704133 -0.124444 0.699078 567.624 -0.041223 0.990026 0.134715 39.2533 -0.70887 0.0660395 -0.70224 -360.667
-0.70242 -0.124973 0.700706 569.496 -0.040616 0.989897 0.135836 39.5857 -0.710604 0.0669544 -0.7004 -362.513
-0.702323 -0.124546 0.700878 571.367 -0.0409659 0.990014 0.134875 39.9141 -0.710679 0.0660142 -0.700413 -364.358
-0.703833 -0.123925 0.699473 573.232 -0.0409042 0.990101 0.134257 40.2408 -0.709188 0.0658832 -0.701935 -366.205
-0.702548 -0.123193 0.700892 575.103 -0.040422 0.990219 0.133529 40.5653 -0.710488 0.0654791 -0.700657 -368.048
-0.703558 -0.123553 0.699815 576.968 -0.0403732 0.990128 0.134219 40.8915 -0.70949 0.0661775 -0.701601 -369.894
-0.702468 -0.124297 0.700778 578.838 -0.0396513 0.989936 0.135839 41.2219 -0.710611 0.0676356 -0.700327 -371.737
-0.702511 -0.126032 0.700424 580.708 -0.0396004 0.989591 0.138345 41.5587 -0.710571 0.0694521 -0.70019 -373.581
-0.70317 -0.126863 0.699612 582.574 -0.0394094 0.989394 0.139801 41.8997 -0.709929 0.0707326 -0.700712 -375.425
-0.702127 -0.126954 0.700643 584.443 -0.0393054 0.989386 0.139885 42.2411 -0.710966 0.0706777 -0.699665 -377.267
-0.701734 -0.127393 0.700957 586.314 -0.0393652 0.989312 0.14039 42.5832 -0.711351 0.0709231 -0.699249 -379.106
-0.70153 -0.128143 0.701024 588.183 -0.039561 0.989185 0.141228 42.9281 -0.711541 0.0713422 -0.699013 -380.944
-0.700325 -0.129085 0.702055 590.055 -0.0391451 0.988977 0.142792 43.2772 -0.71275 0.0725188 -0.697659 -382.779
-0.700109 -0.129565 0.702183 591.929 -0.038991 0.988868 0.143587 43.6285 -0.712971 0.073148 -0.697368 -384.615
-0.700717 -0.130056 0.701484 593.8 -0.0384081 0.988694 0.144939 43.9824 -0.712404 0.0746191 -0.697791 -386.449
-0.699129 -0.129809 0.703112 595.677 -0.0379836 0.988735 0.144773 44.3352 -0.713986 0.0745085 -0.696185 -388.282
-0.699832 -0.129935 0.70239 597.55 -0.0372764 0.988619 0.145744 44.6907 -0.713334 0.0758139 -0.696712 -390.114
-0.698914 -0.129756 0.703337 599.427 -0.0364361 0.988587 0.146174 45.0466 -0.714277 0.0765362 -0.695665 -391.944
-0.698229 -0.129665 0.704033 601.305 -0.0359937 0.988573 0.146373 45.4031 -0.714969 0.0768613 -0.694919 -393.773
-0.698392 -0.12965 0.703874 603.182 -0.0362304 0.988598 0.146147 45.7584 -0.714797 0.0765666 -0.695127 -395.602
-0.697367 -0.128076 0.705178 605.062 -0.0343977 0.98875 0.145562 46.1119 -0.715889 0.0772536 -0.693927 -397.429
-0.697459 -0.127368 0.705214 606.943 -0.0331986 0.988764 0.145747 46.466 -0.715855 0.0782404 -0.693852 -399.255
-0.697471 -0.127641 0.705154 608.823 -0.0322784 0.988605 0.147022 46.8233 -0.715886 0.0797826 -0.693644 -401.079
-0.696159 -0.127512 0.706473 610.708 -0.0314068 0.988566 0.147479 47.1818 -0.717201 0.0804807 -0.692203 -402.9
-0.696366 -0.127816 0.706213 612.588 -0.0314269 0.988499 0.147918 47.541 -0.716999 0.0808109 -0.692374 -404.72
-0.694655 -0.127791 0.707901 614.477 -0.0307725 0.988471 0.148243 47.9012 -0.718685 0.0811942 -0.690579 -406.539
