1 0 0 0 0 1 0 0 0 0 1 0
0.99904 -0.000110283 0.0437996 0.0316426 0.000100206 1 0.000232264 -0.0130286 -0.0437996 -0.000227652 0.99904 0.996971
0.995877 -0.00232788 0.0906874 0.115962 0.00276857 0.999985 -0.00473385 -0.0252783 -0.090675 0.0049654 0.995868 2.02064
0.990784 -0.0023409 0.135428 0.243674 0.00352963 0.999957 -0.00853817 -0.0600629 -0.135402 0.0089375 0.99075 2.98587
0.983167 0.000841033 0.182708 0.399716 0.00128654 0.999933 -0.0115258 -0.0946316 -0.182706 0.0115669 0.9831 3.98857
0.973707 -0.00148985 0.227797 0.609323 0.00404326 0.999934 -0.0107429 -0.122467 -0.227766 0.0113815 0.973649 4.95239
0.961848 -0.00204835 0.273576 0.870398 0.00516239 0.99993 -0.0106633 -0.135441 -0.273535 0.0116688 0.961791 5.91025
0.947625 -0.00398655 0.319361 1.18664 0.00847107 0.999884 -0.0126544 -0.151081 -0.319273 0.0146969 0.947549 6.87868
0.932643 -0.00451091 0.360772 1.52418 0.00983873 0.999868 -0.0129325 -0.194446 -0.360666 0.015611 0.932564 7.7776
0.914949 -0.0039472 0.403549 1.90926 0.00990046 0.999871 -0.0126669 -0.199294 -0.403447 0.0155849 0.91487 8.67974
0.894478 -0.00469547 0.447088 2.3496 0.0109018 0.999877 -0.0113099 -0.2191 -0.446979 0.0149905 0.894419 9.57909
0.872674 -0.00478576 0.48828 2.80385 0.0111244 0.999887 -0.0100817 -0.243149 -0.488176 0.0142299 0.872629 10.4407
0.847635 -0.00503379 0.530556 3.31977 0.0116379 0.999891 -0.00910633 -0.259989 -0.530452 0.0138934 0.847601 11.2942
0.822206 -0.00525074 0.569165 3.85316 0.0120463 0.999894 -0.00817756 -0.280341 -0.569062 0.01358 0.822183 12.0867
0.794576 -0.00663078 0.607128 4.42871 0.0142994 0.999868 -0.00779411 -0.310288 -0.606996 0.0148746 0.794565 12.8616
0.764439 -0.0062898 0.644664 5.05449 0.0145468 0.999866 -0.00749412 -0.313695 -0.644531 0.0151066 0.764429 13.6267
0.734444 -0.00717385 0.678631 5.68278 0.015836 0.999853 -0.00656885 -0.368395 -0.678484 0.0155712 0.73445 14.3241
0.701914 -0.00726467 0.712225 6.35714 0.0164902 0.999846 -0.00605306 -0.372035 -0.712071 0.0159935 0.701925 15.0107
0.666916 -0.00733261 0.745097 7.0676 0.0180151 0.999818 -0.0062855 -0.375442 -0.744915 0.0176149 0.666927 15.6652
0.631051 -0.00840898 0.775696 7.80584 0.0221759 0.999728 -0.00720314 -0.395852 -0.775424 0.0217473 0.631066 16.2836
0.593857 -0.00767087 0.804533 8.57252 0.0223025 0.999727 -0.00693037 -0.415796 -0.804261 0.0220587 0.593867 16.8666
0.556063 -0.00741741 0.831107 9.37 0.0255464 0.999641 -0.00817064 -0.436625 -0.830747 0.0257752 0.556053 17.4038
0.516664 -0.00593994 0.856167 10.1898 0.0286418 0.999536 -0.0103496 -0.460027 -0.855709 0.0298695 0.516594 17.9067
0.476879 -0.00570236 0.87895 11.0404 0.0306931 0.999477 -0.0101684 -0.475521 -0.878433 0.0318269 0.476805 18.3869
0.438001 -0.00803434 0.898938 11.9112 0.035787 0.999323 -0.00850542 -0.48953 -0.898262 0.0358957 0.437992 18.8296
0.400283 -0.00876023 0.916349 12.807 0.0393199 0.999198 -0.00762359 -0.508616 -0.915548 0.0390823 0.400306 19.2253
0.364196 -0.00721881 0.931294 13.7248 0.0404262 0.99915 -0.00806446 -0.527778 -0.930445 0.0405857 0.364178 19.5806
0.330618 -0.00759646 0.943734 14.639 0.0406325 0.999155 -0.00619218 -0.52909 -0.94289 0.0403935 0.330647 19.903
0.296951 -0.00864036 0.954853 15.5865 0.0419997 0.99911 -0.00402073 -0.535004 -0.953969 0.0412975 0.29705 20.191
0.264336 -0.00905168 0.964388 16.5421 0.0424946 0.999094 -0.00227021 -0.550124 -0.963494 0.0415814 0.264481 20.4634
0.231533 -0.00682794 0.972803 17.5194 0.0396261 0.999212 -0.00241797 -0.559004 -0.97202 0.0391083 0.231621 20.7035
0.199783 -0.00572996 0.979823 18.5238 0.0389093 0.999241 -0.00208997 -0.56191 -0.979068 0.0385418 0.199854 20.9073
0.169423 -0.00605509 0.985525 19.5104 0.0394669 0.999221 -0.000645562 -0.572502 -0.984753 0.039005 0.16953 21.0922
0.138294 -0.00703358 0.990366 20.5315 0.0404563 0.99918 0.00144687 -0.587164 -0.989565 0.0398665 0.138466 21.2442
0.107225 -0.00743349 0.994207 21.5675 0.0393871 0.999219 0.00322307 -0.598312 -0.993455 0.0388133 0.107434 21.3742
0.077744 -0.00794934 0.996941 22.6148 0.0398048 0.999196 0.00486324 -0.595043 -0.996179 0.039305 0.0779979 21.4697
0.0495612 -0.00860883 0.998734 23.6896 0.0397518 0.999188 0.00664009 -0.609503 -0.99798 0.0393724 0.0498632 21.5296
0.0245658 -0.00850897 0.999662 24.7718 0.0424583 0.99907 0.00746056 -0.61932 -0.998796 0.0422607 0.0249043 21.5647
0.00141075 -0.00849189 0.999963 25.8658 0.0462932 0.998892 0.00841749 -0.609504 -0.998927 0.0462796 0.00180236 21.5713
-0.019939 -0.0078657 0.99977 26.9853 0.0513307 0.998642 0.00888054 -0.623108 -0.998483 0.051496 -0.0195081 21.5511
-0.0372139 -0.00879971 0.999268 28.1097 0.0555182 0.998399 0.0108596 -0.615602 -0.997764 0.0558818 -0.0366658 21.512
-0.0532778 -0.00869569 0.998542 29.2527 0.0580677 0.998243 0.0117913 -0.612817 -0.99689 0.0586112 -0.0526792 21.4568
-0.0682613 -0.0097437 0.99762 30.3954 0.0595406 0.99813 0.0138227 -0.608119 -0.995889 0.0603424 -0.0675535 21.3772
-0.0810432 -0.0108504 0.996651 31.5354 0.059655 0.998095 0.015717 -0.594302 -0.994924 0.0607291 -0.0802416 21.3052
-0.0931311 -0.0110969 0.995592 32.6828 0.0593977 0.998095 0.016681 -0.583704 -0.993881 0.0606894 -0.0922945 21.208
-0.10492 -0.00895344 0.99444 33.8459 0.0588044 0.998154 0.0151911 -0.571734 -0.992741 0.0600713 -0.1042 21.0988
-0.114277 -0.00611213 0.99343 35.0208 0.0593565 0.998153 0.0129691 -0.560244 -0.991674 0.0604486 -0.113703 20.979
-0.124503 -0.00559241 0.992203 36.2264 0.0591416 0.998164 0.0130472 -0.547755 -0.990455 0.060305 -0.123944 20.8399
-0.131398 -0.00515746 0.991316 37.4531 0.0585377 0.998201 0.0129524 -0.533875 -0.9896 0.0597313 -0.13086 20.691
-0.136993 -0.00473438 0.990561 38.6978 0.0582551 0.998219 0.0128276 -0.517178 -0.988858 0.0594625 -0.136473 20.5192
-0.143236 -0.00435014 0.989679 39.9599 0.0579883 0.998235 0.0127804 -0.510017 -0.987989 0.0592204 -0.142731 20.3526
-0.146709 -0.00384518 0.989172 41.2365 0.0576912 0.998257 0.012437 -0.488645 -0.987496 0.0588912 -0.146232 20.1638
-0.150638 -0.0036735 0.988582 42.5452 0.0577494 0.998253 0.0125092 -0.477404 -0.986901 0.0589744 -0.150163 19.973
-0.154354 -0.00452144 0.988005 43.8904 0.0577469 0.998239 0.01359 -0.465389 -0.986327 0.0591519 -0.153821 19.7744
-0.15597 -0.00594268 0.987744 45.2509 0.0580923 0.998196 0.0151786 -0.442817 -0.986052 0.0597477 -0.155343 19.5683
-0.157885 -0.00653938 0.987436 46.6295 0.0583979 0.998166 0.0159479 -0.427847 -0.985729 0.0601821 -0.157213 19.356
-0.160716 -0.00677148 0.986977 48.0271 0.0594839 0.998092 0.0165339 -0.415992 -0.985207 0.0613665 -0.160006 19.1489
-0.160777 -0.00695677 0.986966 49.4458 0.0591687 0.998109 0.0166739 -0.380858 -0.985216 0.0610783 -0.160062 18.9131
-0.162282 -0.0063918 0.986724 50.8786 0.0610536 0.997998 0.016506 -0.364383 -0.984854 0.0629217 -0.161567 18.6798
-0.161129 -0.00588498 0.986916 52.3374 0.060559 0.998039 0.0158385 -0.338878 -0.985074 0.0623187 -0.160456 18.443
-0.160125 -0.00512359 0.987083 53.8094 0.0600014 0.998087 0.0149142 -0.329477 -0.985272 0.0616145 -0.159512 18.2075
-0.159946 -0.00557419 0.98711 55.2862 0.0601102 0.998073 0.015376 -0.311106 -0.985294 0.0617947 -0.159303 17.9757
-0.157394 -0.00636119 0.987515 56.811 0.0600213 0.998069 0.0159956 -0.281784 -0.98571 0.0617896 -0.156708 17.7384
-0.156516 -0.00611322 0.987656 58.3439 0.060379 0.998051 0.015746 -0.268888 -0.985828 0.0620983 -0.155842 17.4907
-0.156598 -0.00586985 0.987645 59.892 0.0602459 0.998064 0.0154842 -0.237653 -0.985823 0.0619264 -0.155941 17.2465
-0.153986 -0.00566226 0.988057 61.4708 0.061525 0.997988 0.0153076 -0.216658 -0.986156 0.0631473 -0.153327 17.0096
-0.154348 -0.00600337 0.987998 63.067 0.0612087 0.998003 0.0156263 -0.175734 -0.986119 0.062886 -0.153672 16.7586
-0.151575 -0.00737199 0.988418 64.6924 0.0622459 0.997916 0.0169883 -0.135922 -0.986484 0.0641 -0.1508 16.5162
-0.150803 -0.00867588 0.988526 66.3301 0.0644561 0.997747 0.0185898 -0.11285 -0.98646 0.0665199 -0.149904 16.2726
-0.150636 -0.00759982 0.98856 67.9678 0.0649665 0.997733 0.0175699 -0.0965528 -0.986452 0.06687 -0.149801 16.0258
-0.148412 -0.00699523 0.988901 69.623 0.0665143 0.99764 0.0170394 -0.0723635 -0.986686 0.0683049 -0.147596 15.774
-0.147533 -0.00682974 0.989034 71.2958 0.066407 0.997651 0.0167951 -0.04361 -0.986826 0.0681566 -0.146733 15.539
-0.148537 -0.00730704 0.98888 72.9709 0.0671437 0.997591 0.0174568 -0.0215909 -0.986625 0.06899 -0.147688 15.3064
-0.147393 -0.00722602 0.989051 74.6914 0.0675527 0.997565 0.0173553 0.0187175 -0.986769 0.0693712 -0.146546 15.0543
-0.147981 -0.00734 0.988963 76.3982 0.0685729 0.99749 0.017664 0.0313234 -0.98661 0.07043 -0.147107 14.8026
-0.146913 -0.00768668 0.989119 78.1501 0.069708 0.997403 0.0181047 0.073808 -0.98669 0.0716094 -0.145996 14.5558
-0.146889 -0.00746665 0.989125 79.9009 0.0699608 0.997389 0.0179185 0.0903529 -0.986676 0.071832 -0.145984 14.2948
-0.148256 -0.00698185 0.988924 81.652 0.0693099 0.997443 0.0174327 0.119213 -0.986517 0.0711268 -0.147393 14.0507
-0.148166 -0.00663239 0.98894 83.4219 0.0684784 0.997509 0.0169495 0.148218 -0.986589 0.0702324 -0.147343 13.7935
-0.148995 -0.00689037 0.988814 85.2181 0.0678263 0.997549 0.0171714 0.166582 -0.986509 0.0696261 -0.148163 13.5229
-0.150953 -0.00764093 0.988511 87.0111 0.0666674 0.997615 0.0178919 0.193112 -0.98629 0.0686024 -0.150083 13.2522
-0.150598 -0.00835011 0.98856 88.8375 0.0662431 0.997632 0.0185183 0.212179 -0.986373 0.0682741 -0.149688 12.9797
-0.151136 -0.0087809 0.988474 90.6745 0.0646256 0.997734 0.0187443 0.251848 -0.986398 0.0667136 -0.150226 12.7105
-0.153737 -0.00863898 0.988074 92.5151 0.063989 0.997776 0.01868 0.265945 -0.986038 0.0660977 -0.152842 12.4366
-0.154831 -0.00774422 0.987911 94.3872 0.0632447 0.99784 0.0177341 0.30712 -0.985915 0.0652259 -0.154007 12.1543
-0.160595 -0.00716477 0.986994 96.2576 0.0635794 0.997822 0.0175884 0.335292 -0.984971 0.0655771 -0.15979 11.8604
-0.163918 -0.00783331 0.986443 98.1541 0.0620955 0.997903 0.0182428 0.358255 -0.984518 0.064244 -0.163088 11.563
-0.168555 -0.00808622 0.985659 100.061 0.0609144 0.99797 0.018604 0.394079 -0.983808 0.0631767 -0.16772 11.2646
-0.174745 -0.0077828 0.984583 101.97 0.0601452 0.998017 0.0185636 0.426677 -0.982775 0.0624618 -0.17393 10.9423
-0.177696 -0.00678338 0.984062 103.895 0.0601327 0.998033 0.0177381 0.456721 -0.982246 0.0623264 -0.176939 10.6092
-0.181728 -0.00615861 0.983329 105.818 0.0604027 0.998022 0.0174136 0.486717 -0.981492 0.0625603 -0.180997 10.2695
-0.187908 -0.00631376 0.982166 107.754 0.0595593 0.998066 0.0178109 0.522049 -0.980379 0.061844 -0.187169 9.91808
-0.191534 -0.00690765 0.981462 109.698 0.0586321 0.998109 0.018467 0.553791 -0.979733 0.0610823 -0.190767 9.56148
-0.198255 -0.00732138 0.980123 111.655 0.0570586 0.99819 0.0189979 0.590337 -0.978488 0.0596909 -0.197478 9.18788
-0.201821 -0.00842972 0.979386 113.612 0.0573116 0.998148 0.0204013 0.628019 -0.977744 0.0602476 -0.200964 8.80732
-0.207197 -0.00889195 0.978259 115.585 0.0572585 0.998134 0.0212001 0.664204 -0.976622 0.0604062 -0.206301 8.40352
-0.214244 -0.00775291 0.97675 117.567 0.0579038 0.998109 0.0206233 0.699003 -0.975062 0.0609759 -0.21339 7.9886
-0.218351 -0.00750208 0.975841 119.562 0.057089 0.99816 0.0204477 0.742699 -0.974199 0.0601746 -0.217521 7.56659
-0.224322 -0.00767074 0.974485 121.554 0.0575905 0.998117 0.0211139 0.772085 -0.972812 0.0608574 -0.223458 7.12288
-0.23082 -0.00829552 0.972961 123.555 0.0572745 0.998114 0.0220975 0.807968 -0.971309 0.0608264 -0.22991 6.67485
-0.234316 -0.00772957 0.97213 125.561 0.0568514 0.998148 0.0216396 0.851924 -0.970496 0.0603375 -0.233443 6.20786
-0.241156 -0.00758583 0.970457 127.563 0.0561456 0.998185 0.0217546 0.900379 -0.968861 0.0597331 -0.240292 5.73446
-0.244385 -0.00812876 0.969644 129.579 0.0575883 0.998078 0.0228814 0.935387 -0.967966 0.0614321 -0.243447 5.23929
-0.248148 -0.00889238 0.968682 131.615 0.0583191 0.998007 0.0241012 0.951042 -0.966965 0.0624733 -0.247135 4.73512
-0.253921 -0.00793352 0.967192 133.633 0.0584519 0.998013 0.023532 0.972095 -0.965457 0.0625095 -0.252953 4.21973
-0.255185 -0.00778173 0.966861 135.674 0.0579962 0.998044 0.0233397 0.997439 -0.965151 0.0620303 -0.254234 3.70272
-0.258667 -0.00807244 0.965933 137.714 0.0563246 0.998138 0.0234247 1.01003 -0.964323 0.0604651 -0.25773 3.17055
-0.264634 -0.00868405 0.96431 139.747 0.0544907 0.998227 0.0239433 1.02553 -0.962808 0.0588822 -0.263691 2.62188
-0.267553 -0.00849557 0.963506 141.83 0.0527164 0.998334 0.0234413 1.05975 -0.9621 0.0570644 -0.266659 2.06225
-0.273469 -0.00841855 0.961844 143.9 0.0520377 0.998368 0.0235335 1.10264 -0.960472 0.0564879 -0.272585 1.49461
-0.276745 -0.00913326 0.9609 145.974 0.0514907 0.998377 0.0243191 1.12627 -0.959563 0.0562076 -0.275826 0.917326
-0.280795 -0.00850089 0.95973 148.054 0.0514106 0.998392 0.0238849 1.14621 -0.95839 0.0560471 -0.279907 0.324394
-0.286244 -0.00791763 0.958124 150.14 0.0507613 0.998436 0.023416 1.18365 -0.956811 0.0553384 -0.285395 -0.281506
-0.289275 -0.00863693 0.957207 152.217 0.0507964 0.998412 0.0243598 1.22829 -0.955897 0.0556694 -0.288377 -0.885539
-0.293495 -0.00923517 0.955916 154.308 0.0510984 0.998372 0.0253341 1.2726 -0.954594 0.0562812 -0.292545 -1.51152
-0.298424 -0.00840975 0.954396 156.432 0.0521201 0.998326 0.025094 1.31092 -0.953009 0.0572319 -0.297486 -2.14919
-0.300185 -0.00814765 0.953846 158.522 0.0521845 0.998326 0.0249506 1.35858 -0.952452 0.0572659 -0.299257 -2.7801
-0.3037 -0.00685708 0.952743 160.641 0.0526238 0.998327 0.0239597 1.40075 -0.951313 0.0574136 -0.302831 -3.43237
-0.308943 -0.00607466 0.951061 162.76 0.0529659 0.998318 0.023582 1.44563 -0.949604 0.0576593 -0.308102 -4.11258
-0.311202 -0.00542489 0.950328 164.878 0.0531518 0.998319 0.0231044 1.48699 -0.948856 0.0577018 -0.310391 -4.78182
-0.31603 -0.005445 0.948734 167.017 0.052943 0.998324 0.0233653 1.52956 -0.947271 0.057613 -0.315212 -5.47681
-0.318751 -0.00554411 0.947822 169.155 0.052869 0.998322 0.0236193 1.57267 -0.946362 0.0576392 -0.317924 -6.17786
-0.323006 -0.00535844 0.946382 171.294 0.0538439 0.99826 0.0240294 1.6154 -0.944864 0.0587186 -0.322155 -6.89185
-0.327951 -0.00463056 0.944684 173.444 0.0557223 0.998152 0.0242369 1.64963 -0.94305 0.0605885 -0.327086 -7.61788
-0.330459 -0.00497977 0.943807 175.593 0.0559192 0.998126 0.0248456 1.68636 -0.942162 0.0609874 -0.329561 -8.35931
-0.333122 -0.00590958 0.942865 177.749 0.0553376 0.998134 0.0258072 1.7323 -0.941258 0.0607729 -0.332173 -9.09692
-0.337214 -0.00545196 0.941412 179.914 0.0544928 0.998194 0.0253001 1.77466 -0.939849 0.0598318 -0.336307 -9.84346
-0.338353 -0.00342148 0.941013 182.078 0.053672 0.998295 0.0229282 1.82107 -0.939487 0.0582639 -0.337593 -10.5941
-0.341542 -0.00227323 0.939864 184.262 0.0529966 0.998359 0.0216734 1.856 -0.938371 0.057212 -0.340861 -11.3654
-0.345869 -0.00166945 0.938281 186.437 0.0520758 0.998423 0.0209726 1.90225 -0.936836 0.0561155 -0.345236 -12.1577
-0.347676 -0.00109837 0.937614 188.593 0.0504563 0.998528 0.0198794 1.9337 -0.936256 0.0542202 -0.347109 -12.9347
-0.352967 -0.00126392 0.935635 190.787 0.0507768 0.9985 0.0205043 1.96224 -0.934257 0.0547459 -0.352373 -13.7336
-0.35549 -0.00222031 0.934678 192.964 0.0503763 0.998498 0.0215318 2.00811 -0.933321 0.05474 -0.354844 -14.5394
-0.359373 -0.00257466 0.93319 195.157 0.0500096 0.998506 0.0220137 2.05014 -0.931853 0.0545796 -0.358708 -15.3649
-0.364675 -0.00291109 0.93113 197.386 0.0507803 0.998445 0.0230095 2.08631 -0.929749 0.0556741 -0.36396 -16.2144
-0.367375 -0.00316139 0.930067 199.559 0.0495831 0.998506 0.0229793 2.13367 -0.92875 0.0545577 -0.36667 -17.0518
-0.371024 -0.00289286 0.928619 201.759 0.0491808 0.998531 0.0227605 2.18035 -0.92732 0.054115 -0.370337 -17.9083
-0.375434 -0.0025675 0.926846 203.969 0.0489804 0.998544 0.0226064 2.21773 -0.925554 0.0538845 -0.374762 -18.7749
-0.377105 -0.00224117 0.926168 206.164 0.0493768 0.998526 0.0225209 2.25465 -0.924853 0.054224 -0.376438 -19.6541
-0.381687 -0.0023591 0.924289 208.369 0.0501116 0.998473 0.0232422 2.29393 -0.922932 0.0551889 -0.380986 -20.5453
-0.382691 -0.00260987 0.923873 210.575 0.0517374 0.998366 0.0242512 2.33485 -0.922426 0.0570796 -0.381931 -21.4481
-0.385293 -0.00248261 0.922791 212.783 0.0526528 0.998308 0.0246699 2.37956 -0.92129 0.0580927 -0.384511 -22.3546
-0.389666 -0.00221149 0.920954 214.992 0.0526396 0.998309 0.0246697 2.41833 -0.91945 0.0580916 -0.38889 -23.2867
-0.390901 -0.00184018 0.920431 217.19 0.0521797 0.998345 0.0241564 2.46084 -0.918952 0.0574706 -0.390158 -24.2091
-0.393861 -0.00137261 0.919169 219.383 0.0515144 0.998394 0.0235647 2.50056 -0.917725 0.0566317 -0.393158 -25.1397
-0.399138 -0.000930039 0.916891 221.596 0.0513125 0.99841 0.0233499 2.53848 -0.915454 0.0563678 -0.398455 -26.0876
-0.40037 -0.000936687 0.916353 223.794 0.0498512 0.998496 0.0228015 2.58504 -0.914996 0.0548104 -0.399721 -27.0149
-0.403353 -0.000445522 0.915044 225.996 0.0501154 0.998488 0.0225771 2.62528 -0.913671 0.0549644 -0.402721 -27.977
-0.407986 -0.000899234 0.912988 228.206 0.0519346 0.998357 0.0241913 2.66065 -0.911509 0.0572855 -0.407269 -28.955
-0.409174 -0.00204728 0.912454 230.401 0.0516143 0.998344 0.0253855 2.70214 -0.910995 0.0574829 -0.408391 -29.9138
-0.413572 -0.00251939 0.910468 232.627 0.051079 0.998357 0.0259648 2.75193 -0.909037 0.0572442 -0.412764 -30.9073
-0.415103 -0.00297327 0.90977 234.822 0.0498151 0.99842 0.0259922 2.7987 -0.908409 0.0561097 -0.414299 -31.8761
-0.418413 -0.00320642 0.908251 237.018 0.0490254 0.998456 0.0261099 2.85038 -0.906932 0.0554521 -0.41761 -32.8676
-0.424047 -0.00386248 0.905632 239.221 0.0483056 0.998471 0.0268767 2.90275 -0.904351 0.0551441 -0.423212 -33.8793
-0.426145 -0.00392623 0.904646 241.401 0.0481791 0.998473 0.0270288 2.95318 -0.90337 0.0551032 -0.425305 -34.8747
-0.429933 -0.00446563 0.90285 243.586 0.0475072 0.998491 0.0275614 3.00621 -0.90161 0.0547414 -0.429071 -35.8946
-0.435524 -0.00533532 0.900161 245.769 0.046853 0.998493 0.028587 3.05617 -0.898956 0.0546257 -0.434618 -36.9236
-0.438361 -0.00509771 0.898785 247.943 0.0462046 0.998534 0.0281987 3.10924 -0.89761 0.0538893 -0.437482 -37.9597
-0.442061 -0.00421049 0.896975 250.112 0.0469505 0.99851 0.027826 3.16127 -0.895755 0.0544143 -0.441204 -39.0048
-0.447068 -0.00423677 0.89449 252.275 0.0476698 0.998455 0.0285547 3.21385 -0.893228 0.0554061 -0.446176 -40.0687
-0.449814 -0.00428569 0.893112 254.428 0.0470638 0.998486 0.0284949 3.26464 -0.891881 0.0548507 -0.448931 -41.1332
-0.455245 -0.00466502 0.890354 256.582 0.0461795 0.998517 0.0288437 3.31237 -0.889167 0.0542471 -0.454354 -42.2158
-0.458174 -0.00387891 0.888854 258.734 0.0464486 0.99852 0.0283002 3.36229 -0.887648 0.0542525 -0.457315 -43.3072
-0.461727 -0.00355279 0.887015 260.886 0.04686 0.998498 0.0283918 3.41651 -0.885783 0.0546748 -0.460866 -44.404
-0.466276 -0.00270401 0.884635 263.043 0.0482828 0.998427 0.0285009 3.46366 -0.88332 0.0560021 -0.465412 -45.5119
-0.46833 -0.00133413 0.883553 265.201 0.0494707 0.998391 0.0277296 3.5094 -0.882168 0.0566966 -0.46751 -46.6214
-0.47124 -0.000642512 0.882005 267.351 0.0504502 0.998343 0.027682 3.56618 -0.88056 0.0575422 -0.470427 -47.7488
-0.475923 5.90315e-05 0.879487 269.506 0.0510475 0.998316 0.0275567 3.62041 -0.878004 0.0580105 -0.475124 -48.8891
-0.47726 0.00134483 0.878761 271.641 0.0517436 0.998307 0.0265745 3.67629 -0.877237 0.0581533 -0.476521 -50.0358
-0.481511 0.00145148 0.876439 273.814 0.052496 0.998251 0.0271878 3.73133 -0.874866 0.0591008 -0.480745 -51.2121
-0.483456 0.0019455 0.875366 275.979 0.0534088 0.9982 0.0272786 3.79502 -0.873737 0.0599403 -0.48269 -52.3788
-0.486839 0.0016396 0.87349 278.131 0.0527436 0.998229 0.0275228 3.86172 -0.871897 0.0594702 -0.486063 -53.562
-0.491908 0.00221021 0.870645 280.299 0.0533365 0.998195 0.0276007 3.92341 -0.869012 0.0600142 -0.491138 -54.7689
-0.493812 0.00249345 0.869565 282.488 0.0537627 0.998171 0.0276687 3.98111 -0.867905 0.0604134 -0.493043 -55.9747
-0.496619 0.00254207 0.867965 284.66 0.0530617 0.998214 0.0274365 4.05647 -0.866345 0.0596812 -0.495867 -57.1965
-0.501256 0.0024052 0.865296 286.853 0.0539544 0.998137 0.0284807 4.11342 -0.863615 0.0609626 -0.500452 -58.4311
-0.501731 0.00203081 0.865022 289.051 0.0552203 0.998033 0.0296859 4.17599 -0.863259 0.0626611 -0.500856 -59.6889
-0.503301 0.00169734 0.86411 291.24 0.0561099 0.997952 0.0307209 4.23945 -0.862287 0.063947 -0.502365 -60.9426
-0.506997 0.000868771 0.861947 293.424 0.0555051 0.997957 0.0316422 4.30667 -0.860158 0.063885 -0.506009 -62.2054
-0.507564 0.000354777 0.861614 295.651 0.0551197 0.997965 0.0320593 4.38067 -0.859848 0.0637641 -0.506551 -63.4797
-0.511739 -0.000878732 0.85914 297.862 0.0553522 0.997888 0.0339907 4.46065 -0.857355 0.0649497 -0.51061 -64.7839
-0.512445 -0.00163007 0.858719 300.076 0.0546739 0.997908 0.0345212 4.53218 -0.856978 0.0646397 -0.511283 -66.0981
-0.514254 -0.00155207 0.857637 302.294 0.0543752 0.997928 0.0344102 4.61691 -0.855912 0.0643298 -0.513103 -67.3944
-0.517801 -0.000116244 0.855501 304.528 0.0534415 0.998043 0.0324817 4.69809 -0.85383 0.0625384 -0.516781 -68.7153
-0.519528 -0.000673543 0.854453 306.759 0.0519644 0.998124 0.0323824 4.77924 -0.852871 0.0612248 -0.518518 -70.0406
-0.523744 -0.000809427 0.851875 309.018 0.0516221 0.998132 0.0326863 4.85544 -0.85031 0.061095 -0.522723 -71.3807
-0.530021 -0.00301609 0.847979 311.295 0.049325 0.998191 0.0343804 4.94327 -0.846548 0.060049 -0.528913 -72.7527
-0.533426 -0.00400262 0.845837 313.538 0.0486633 0.998188 0.035413 5.02908 -0.844445 0.0600515 -0.532264 -74.1356
-0.537527 -0.00401752 0.843237 315.785 0.0491616 0.998139 0.036094 5.11479 -0.841811 0.0608564 -0.536329 -75.5207
-0.543543 -0.00350361 0.839374 318.052 0.0505284 0.998042 0.036886 5.19428 -0.837859 0.0624614 -0.542301 -76.937
-0.545233 -0.00276721 0.83828 320.293 0.0514918 0.997996 0.0367857 5.28657 -0.836701 0.0632214 -0.543998 -78.3737
-0.549887 -0.00284901 0.835234 322.542 0.052722 0.997882 0.038114 5.37566 -0.833573 0.0649937 -0.548571 -79.8125
-0.551112 -0.00432051 0.83442 324.784 0.0523707 0.997836 0.0397561 5.46491 -0.832786 0.0656093 -0.549693 -81.2536
-0.554981 -0.00569138 0.831843 327.034 0.0515947 0.997816 0.0412494 5.54887 -0.830261 0.0658114 -0.553475 -82.7084
-0.560657 -0.00588709 0.828027 329.275 0.050694 0.997855 0.0414195 5.64705 -0.826494 0.0651982 -0.559156 -84.2025
-0.561379 -0.00599467 0.827538 331.509 0.051422 0.997789 0.0421112 5.75272 -0.82596 0.066194 -0.559829 -85.6868
-0.565394 -0.00610494 0.824798 333.739 0.0532239 0.997619 0.0438687 5.85265 -0.823102 0.0687021 -0.563722 -87.179
-0.571455 -0.00736067 0.820601 335.971 0.0523246 0.997599 0.0453864 5.95238 -0.818963 0.0688739 -0.569697 -88.7203
-0.572549 -0.00876685 0.819824 338.211 0.0517059 0.997567 0.046778 6.05485 -0.818238 0.0691725 -0.570702 -90.2459
-0.576329 -0.0096953 0.81716 340.448 0.0517059 0.997494 0.0483022 6.1699 -0.81558 0.0700901 -0.574383 -91.7965
-0.581197 -0.0106733 0.813693 342.663 0.052164 0.997369 0.0503418 6.28728 -0.812089 0.071704 -0.57911 -93.3447
-0.582174 -0.0117729 0.812979 344.885 0.0505954 0.997433 0.0506754 6.41006 -0.811488 0.0706349 -0.580084 -94.9115
-0.586692 -0.0131698 0.809703 347.094 0.0467073 0.997653 0.0500698 6.54161 -0.808461 0.0671947 -0.5847 -96.4893
-0.588079 -0.0143107 0.808677 349.306 0.0433554 0.997849 0.0491869 6.66784 -0.80764 0.0639863 -0.586193 -98.0667
-0.591204 -0.0157631 0.806368 351.525 0.0424054 0.997819 0.0505959 6.79166 -0.805406 0.0641069 -0.589245 -99.6562
-0.595824 -0.015788 0.80296 353.729 0.0434426 0.99771 0.0518532 6.90158 -0.801939 0.0657781 -0.593773 -101.248
-0.597524 -0.0171349 0.801668 355.931 0.0419114 0.997738 0.0525644 7.01458 -0.800755 0.0650076 -0.595453 -102.853
-0.600699 -0.019174 0.799246 358.13 0.0402886 0.997717 0.0542155 7.13573 -0.798459 0.0647677 -0.598554 -104.465
-0.605149 -0.0220137 0.795808 360.314 0.0388571 0.99761 0.0571437 7.274 -0.795163 0.0655033 -0.602846 -106.072
-0.60748 -0.0246666 0.793952 362.493 0.036941 0.997559 0.0592571 7.41314 -0.793475 0.0653269 -0.605086 -107.713
-0.610539 -0.0253885 0.79158 364.661 0.0356647 0.997591 0.0595038 7.5537 -0.791183 0.0645609 -0.608162 -109.339
-0.614255 -0.025434 0.788697 366.807 0.0356903 0.997563 0.0599659 7.69828 -0.788299 0.0649833 -0.61185 -110.965
-0.61569 -0.0267674 0.787533 368.981 0.0354079 0.997474 0.0615848 7.85308 -0.787192 0.0658021 -0.613187 -112.632
-0.620006 -0.0272775 0.784123 371.123 0.0357755 0.997374 0.0629836 8.00561 -0.783781 0.0671026 -0.617401 -114.282
-0.621225 -0.0286235 0.78311 373.282 0.0328283 0.997505 0.0625019 8.13875 -0.782944 0.064536 -0.618735 -115.951
-0.623515 -0.03225 0.781146 375.428 0.0241633 0.997877 0.0604851 8.26775 -0.781437 0.0565885 -0.621412 -117.605
-0.628574 -0.0295906 0.777186 377.545 0.017692 0.998474 0.0523249 8.42595 -0.777548 0.0466401 -0.627091 -119.245
-0.628796 -0.022598 0.777242 379.629 0.0242229 0.998524 0.0486282 8.51555 -0.777192 0.0494044 -0.62732 -120.903
-0.630086 -0.0221902 0.776208 381.706 0.031293 0.998054 0.0539344 8.61384 -0.775894 0.0582732 -0.628166 -122.568
-0.634751 -0.029794 0.772142 383.808 0.0323241 0.997358 0.0650567 8.76961 -0.77204 0.0662537 -0.632111 -124.274
-0.635963 -0.0401777 0.770673 385.894 0.0274377 0.996836 0.07461 8.9373 -0.771231 0.0685948 -0.632848 -125.943
-0.640801 -0.0467549 0.766282 388 0.0211424 0.996691 0.0784936 9.12757 -0.767415 0.0664999 -0.637691 -127.662
-0.642281 -0.0474863 0.764997 390.095 0.0195404 0.996741 0.0782774 9.31849 -0.76622 0.0652245 -0.639259 -129.364
-0.644837 -0.0435277 0.76308 392.17 0.0238472 0.996746 0.0770084 9.48798 -0.763948 0.0678553 -0.6417 -131.084
-0.648251 -0.0374714 0.760504 394.231 0.0281869 0.996923 0.0731466 9.64973 -0.760904 0.0688537 -0.6452 -132.815
-0.650002 -0.0350613 0.759123 396.282 0.0289026 0.997072 0.0707993 9.81714 -0.759382 0.0679604 -0.647085 -134.539
-0.653505 -0.0355264 0.756088 398.339 0.0284098 0.997043 0.0714034 9.99134 -0.756388 0.0681429 -0.650563 -136.272
-0.657845 -0.0358175 0.752301 400.387 0.0292365 0.996902 0.0730287 10.1699 -0.752585 0.0700362 -0.654759 -138.017
-0.660105 -0.0365685 0.750283 402.429 0.0302112 0.996714 0.0751595 10.3539 -0.750565 0.0722801 -0.656831 -139.768
-0.662103 -0.0367176 0.748513 404.454 0.0304298 0.996659 0.0758071 10.5343 -0.748794 0.0729693 -0.658773 -141.528
-0.665232 -0.0363449 0.745752 406.481 0.0310017 0.996609 0.076225 10.7279 -0.745993 0.0738268 -0.661848 -143.291
-0.665428 -0.0359555 0.745596 408.484 0.0314565 0.996602 0.0761342 10.9074 -0.745799 0.0741157 -0.662035 -145.074
-0.668458 -0.0376116 0.742799 410.483 0.0316165 0.996381 0.0789039 11.0857 -0.743078 0.0762286 -0.664849 -146.839
-0.668501 -0.0383157 0.742724 412.479 0.0333345 0.996125 0.0813915 11.2765 -0.742964 0.0791686 -0.664633 -148.613
-0.67004 -0.0391615 0.741292 414.469 0.0346146 0.995873 0.0838983 11.468 -0.741517 0.0818748 -0.665919 -150.392
-0.67331 -0.0391782 0.738322 416.445 0.0334289 0.995961 0.0833349 11.6674 -0.738604 0.0807915 -0.66928 -152.159
-0.674183 -0.039993 0.737481 418.419 0.0294147 0.996287 0.0809179 11.864 -0.737978 0.0762463 -0.670503 -153.927
-0.675784 -0.0434744 0.735817 420.418 0.0240378 0.996429 0.0809487 12.0624 -0.736708 0.0723913 -0.672325 -155.712
-0.677927 -0.0434192 0.733846 422.392 0.024288 0.996387 0.0813902 12.2604 -0.734728 0.0730003 -0.674422 -157.503
-0.678281 -0.045093 0.733418 424.364 0.0224999 0.996373 0.0820687 12.447 -0.734458 0.0721675 -0.674805 -159.293
-0.67928 -0.0456732 0.732457 426.335 0.0206455 0.996478 0.0812831 12.6537 -0.733588 0.070336 -0.675944 -161.083
-0.68123 -0.0467768 0.730574 428.31 0.0200311 0.996392 0.0824746 12.8445 -0.731795 0.0708184 -0.677834 -162.893
-0.68107 -0.048645 0.730601 430.272 0.0205906 0.996124 0.0855188 13.0384 -0.731929 0.0732878 -0.677428 -164.691
-0.682234 -0.0515206 0.729317 432.23 0.0203804 0.995787 0.0894093 13.2332 -0.73085 0.0758619 -0.678309 -166.509
-0.680931 -0.0539281 0.730359 434.192 0.0241019 0.995095 0.0959464 13.4269 -0.73195 0.0829359 -0.676291 -168.316
-0.67962 -0.0569152 0.731353 436.147 0.0263002 0.994455 0.10183 13.6367 -0.733093 0.0884403 -0.674353 -170.115
-0.678675 -0.0608184 0.731916 438.097 0.020631 0.994594 0.101776 13.8708 -0.734149 0.0841729 -0.673751 -171.912
-0.676626 -0.0614309 0.73376 440.094 0.0126107 0.995401 0.0949645 14.1198 -0.736219 0.0735087 -0.672739 -173.72
-0.674468 -0.0642538 0.735503 442.073 0.00768567 0.995541 0.0940187 14.3523 -0.738264 0.0690655 -0.670966 -175.495
-0.672745 -0.0667412 0.736859 444.028 0.00508265 0.995483 0.0948066 14.5687 -0.739857 0.0675259 -0.669366 -177.26
-0.66911 -0.0662975 0.740201 446.017 0.00709358 0.995398 0.095567 14.7959 -0.74313 0.0691955 -0.665559 -179.043
-0.666298 -0.0662506 0.742737 447.995 0.00808682 0.995345 0.0960372 15.0293 -0.745642 0.0699958 -0.66266 -180.814
-0.666249 -0.0666743 0.742743 449.969 0.00608696 0.995476 0.0948216 15.254 -0.745705 0.0676959 -0.662828 -182.559
-0.662463 -0.0700524 0.745813 451.966 0.00055464 0.995572 0.0940044 15.4806 -0.749094 0.0626881 -0.65949 -184.301
-0.662893 -0.0754899 0.744899 453.962 -0.00762537 0.995534 0.094104 15.7186 -0.748675 0.0567008 -0.660508 -186.034
-0.660412 -0.0798341 0.746648 455.984 -0.0147267 0.995519 0.0934183 15.9405 -0.750759 0.0506989 -0.658627 -187.781
-0.659822 -0.082198 0.746913 457.99 -0.0180897 0.995449 0.0935691 16.1689 -0.751204 0.0482276 -0.658305 -189.523
-0.660261 -0.0824458 0.746497 459.988 -0.0164262 0.995304 0.0953964 16.3852 -0.750856 0.0507245 -0.658514 -191.274
-0.65792 -0.0845998 0.748321 461.995 -0.0162182 0.995032 0.0982321 16.6028 -0.752913 0.0524925 -0.656022 -193.017
-0.656775 -0.086649 0.749092 463.995 -0.0171671 0.994837 0.100023 16.8582 -0.753891 0.0528332 -0.654872 -194.749
-0.657451 -0.087023 0.748455 465.993 -0.0183574 0.994864 0.0995476 17.0944 -0.753273 0.051708 -0.655671 -196.476
-0.653821 -0.0884956 0.751457 467.982 -0.021243 0.994893 0.098681 17.3458 -0.756351 0.0485566 -0.652361 -198.193
-0.652066 -0.0881558 0.75302 470.008 -0.0205556 0.994908 0.0986738 17.5681 -0.757883 0.0488631 -0.650557 -199.932
-0.654125 -0.0878181 0.751272 472.028 -0.0186299 0.994807 0.100065 17.8172 -0.756157 0.0514587 -0.652363 -201.678
-0.650902 -0.0883301 0.754006 474.038 -0.0168012 0.994641 0.102016 18.0643 -0.758976 0.0537344 -0.648897 -203.396
-0.651372 -0.0880732 0.75363 476.066 -0.0159082 0.994608 0.102485 18.3045 -0.758592 0.0547673 -0.64926 -205.13
-0.648885 -0.0893056 0.755628 478.094 -0.0162829 0.994491 0.103553 18.5535 -0.760712 0.0548906 -0.646764 -206.859
-0.647548 -0.0900191 0.756689 480.132 -0.0158003 0.994371 0.104773 18.8165 -0.761861 0.0558899 -0.645325 -208.57
-0.648198 -0.0914629 0.75596 482.151 -0.0168342 0.994239 0.105858 19.0692 -0.761286 0.0558908 -0.646003 -210.276
-0.646307 -0.0905181 0.75769 484.191 -0.0168158 0.994388 0.104452 19.3349 -0.762892 0.0547667 -0.644202 -211.98
-0.645571 -0.0902639 0.758348 486.229 -0.0174928 0.994478 0.103478 19.5824 -0.7635 0.0535371 -0.643584 -213.694
-0.646676 -0.0902627 0.757406 488.258 -0.0164712 0.994395 0.104442 19.8314 -0.762587 0.055065 -0.644537 -215.402
-0.64478 -0.0918323 0.758832 490.29 -0.0166056 0.994206 0.106207 20.0985 -0.764187 0.0558793 -0.642568 -217.109
-0.6447 -0.0936272 0.758681 492.33 -0.0181789 0.994068 0.107228 20.3588 -0.76422 0.0553381 -0.642577 -218.819
-0.646497 -0.0944529 0.757047 494.33 -0.0182872 0.99394 0.108392 20.6371 -0.762697 0.056231 -0.644306 -220.49
-0.645517 -0.0938758 0.757955 496.361 -0.017378 0.993966 0.108307 20.9058 -0.763548 0.0567421 -0.643253 -222.193
-0.647448 -0.0943472 0.756248 498.386 -0.0173597 0.993876 0.109131 21.1758 -0.761912 0.0575284 -0.64512 -223.899
-0.646162 -0.0950986 0.757253 500.422 -0.0168854 0.993745 0.11039 21.4413 -0.763013 0.0585434 -0.643726 -225.606
-0.646481 -0.0968534 0.756758 502.448 -0.0179733 0.993568 0.111807 21.7114 -0.762718 0.05868 -0.644063 -227.304
-0.64766 -0.0982222 0.755572 504.47 -0.0186308 0.993401 0.11317 21.9847 -0.761701 0.0592186 -0.645216 -229.007
-0.646761 -0.0986109 0.756291 506.507 -0.0194554 0.993417 0.112891 22.2581 -0.762444 0.0582999 -0.644422 -230.72
-0.647003 -0.0987355 0.756068 508.545 -0.0194419 0.993395 0.113091 22.5334 -0.762239 0.0584708 -0.644648 -232.436
-0.647786 -0.0987422 0.755397 510.564 -0.0188043 0.993335 0.113719 22.8108 -0.76159 0.0594609 -0.645325 -234.148
-0.64697 -0.0990274 0.756058 512.578 -0.0185829 0.993285 0.114197 23.0958 -0.762289 0.0598325 -0.644465 -235.861
-0.647862 -0.098874 0.755314 514.593 -0.0186926 0.993306 0.113995 23.3748 -0.761528 0.0597342 -0.645373 -237.572
-0.647002 -0.099539 0.755963 516.61 -0.0194271 0.993273 0.114159 23.6542 -0.76224 0.0591751 -0.644583 -239.28
-0.646756 -0.100503 0.756046 518.644 -0.0201241 0.993184 0.114811 23.9285 -0.762431 0.0590402 -0.64437 -240.989
-0.647151 -0.102298 0.755468 520.64 -0.0208879 0.992964 0.116564 24.2068 -0.762075 0.0596547 -0.644734 -242.652
-0.646156 -0.103233 0.756191 522.665 -0.0210312 0.992842 0.117569 24.5096 -0.762915 0.0600642 -0.643702 -244.371
-0.64591 -0.103687 0.756339 524.679 -0.0213984 0.992803 0.11783 24.7947 -0.763113 0.0599233 -0.643481 -246.072
-0.648194 -0.103311 0.754435 526.688 -0.0213468 0.99283 0.117616 25.0905 -0.761176 0.060133 -0.645751 -247.758
-0.646792 -0.103316 0.755637 528.719 -0.0209416 0.992814 0.117819 25.3881 -0.762379 0.0603802 -0.644307 -249.476
-0.647027 -0.104544 0.755266 530.731 -0.021415 0.992657 0.119058 25.6912 -0.762166 0.0608598 -0.644514 -251.172
-0.648455 -0.105361 0.753927 532.72 -0.0225113 0.992597 0.119353 25.9772 -0.760919 0.0604235 -0.646026 -252.854
-0.647342 -0.105886 0.754809 534.773 -0.0230488 0.99257 0.119472 26.2631 -0.76185 0.0599419 -0.644973 -254.573
-0.647233 -0.107382 0.754691 536.799 -0.022996 0.992329 0.121473 26.5652 -0.761945 0.0612663 -0.644737 -256.284
-0.648582 -0.108322 0.753398 538.803 -0.0230507 0.992163 0.122807 26.863 -0.760795 0.0622841 -0.645996 -257.98
-0.648367 -0.109375 0.753431 540.855 -0.0235367 0.992033 0.123759 27.1659 -0.760963 0.062508 -0.645776 -259.707
-0.649814 -0.108791 0.752268 542.859 -0.0245232 0.99219 0.122305 27.4596 -0.759697 0.0610276 -0.647407 -261.404
-0.648951 -0.107549 0.75319 544.892 -0.0247362 0.992418 0.120396 27.7621 -0.760427 0.0595003 -0.646691 -263.115
-0.649055 -0.107991 0.753038 546.907 -0.0247586 0.992347 0.12097 28.051 -0.760338 0.0598723 -0.646761 -264.813
-0.650191 -0.109183 0.751885 548.912 -0.0238178 0.992063 0.123464 28.3493 -0.759397 0.0623669 -0.647631 -266.518
-0.649632 -0.110784 0.752134 550.919 -0.023562 0.991785 0.125732 28.6535 -0.759883 0.0639577 -0.646905 -268.22
-0.649387 -0.110918 0.752326 552.951 -0.0231388 0.99173 0.126242 28.9556 -0.760105 0.0645718 -0.646583 -269.941
-0.651333 -0.110464 0.750709 554.958 -0.0229365 0.991761 0.126034 29.2741 -0.758445 0.0648716 -0.6485 -271.646
-0.649947 -0.110161 0.751954 556.984 -0.0220592 0.991756 0.126226 29.5887 -0.759659 0.0654527 -0.647019 -273.368
-0.651317 -0.110408 0.750731 558.974 -0.0210841 0.991609 0.127541 29.904 -0.758513 0.0672411 -0.648179 -275.068
-0.649685 -0.111631 0.751964 561.01 -0.0207868 0.991399 0.129217 30.2256 -0.759919 0.0683194 -0.646416 -276.807
-0.649557 -0.112843 0.751893 563.031 -0.021074 0.991217 0.130555 30.542 -0.76002 0.0689575 -0.64623 -278.517
-0.650891 -0.113176 0.750688 565.04 -0.0213848 0.991166 0.13089 30.8691 -0.75887 0.0691419 -0.647561 -280.224
-0.649136 -0.113937 0.752091 567.054 -0.0206669 0.990995 0.132292 31.1976 -0.760391 0.0703322 -0.645645 -281.948
-0.648369 -0.115135 0.752571 569.074 -0.0201361 0.990746 0.134226 31.5118 -0.761059 0.0718739 -0.644687 -283.677
-0.649174 -0.117417 0.751523 571.068 -0.0224664 0.990543 0.135355 31.8321 -0.760308 0.0709847 -0.645672 -285.35
-0.647974 -0.118682 0.752359 573.105 -0.0231595 0.990399 0.136286 32.168 -0.761309 0.0708855 -0.644502 -287.073
-0.649001 -0.119188 0.751394 575.103 -0.0238071 0.99035 0.13653 32.4997 -0.760415 0.0707194 -0.645575 -288.767
-0.648207 -0.117558 0.752335 577.13 -0.0219847 0.990488 0.135829 32.8419 -0.761146 0.0715055 -0.644626 -290.498
-0.647774 -0.117651 0.752693 579.156 -0.0211465 0.9904 0.136607 33.1798 -0.761538 0.0725736 -0.644043 -292.214
-0.648333 -0.119181 0.751971 581.142 -0.0213596 0.99013 0.138512 33.5335 -0.761057 0.0737398 -0.64448 -293.9
-0.646599 -0.119348 0.753437 583.169 -0.0212594 0.990121 0.138595 33.8728 -0.762533 0.0735978 -0.642748 -295.608
-0.64709 -0.120032 0.752906 585.142 -0.0218876 0.990047 0.139027 34.2046 -0.762099 0.0734834 -0.643276 -297.278
-0.645956 -0.120699 0.753772 587.177 -0.0228006 0.990031 0.138991 34.5566 -0.763033 0.072596 -0.642269 -298.986
-0.645713 -0.121154 0.753908 589.205 -0.0229445 0.989965 0.139438 34.9005 -0.763235 0.0727387 -0.642013 -300.672
-0.64497 -0.122211 0.754373 591.217 -0.0231367 0.989801 0.14057 35.2489 -0.763857 0.0732095 -0.641219 -302.375
-0.645355 -0.122605 0.75398 593.161 -0.0230443 0.989711 0.141213 35.5938 -0.763535 0.0737573 -0.64154 -304.034
-0.643796 -0.12484 0.754945 595.204 -0.0255936 0.989563 0.141812 35.964 -0.764768 0.0719765 -0.640272 -305.749
-0.644149 -0.126091 0.754436 597.207 -0.0267901 0.989433 0.142493 36.3116 -0.76443 0.0715756 -0.640721 -307.417
-0.643565 -0.125986 0.754952 599.241 -0.0269137 0.989475 0.142181 36.666 -0.764918 0.0711838 -0.640182 -309.118
-0.643567 -0.126429 0.754876 601.26 -0.0261994 0.989324 0.143359 37.0277 -0.764941 0.0724836 -0.640008 -310.8
-0.645142 -0.127797 0.7533 603.26 -0.0256163 0.988976 0.145841 37.3766 -0.763633 0.0747914 -0.641304 -312.46
-0.644245 -0.129283 0.753814 605.299 -0.0258812 0.988731 0.147453 37.7539 -0.764381 0.0754863 -0.64033 -314.173
-0.644242 -0.129532 0.753773 607.319 -0.0265957 0.988752 0.147181 38.1118 -0.764358 0.0747733 -0.640441 -315.856
-0.645443 -0.128899 0.752854 609.283 -0.0267909 0.988872 0.14634 38.4763 -0.763338 0.0742845 -0.641713 -317.513
-0.644664 -0.128157 0.753648 611.327 -0.0266005 0.989012 0.145427 38.8448 -0.764003 0.073704 -0.640989 -319.214
-0.645289 -0.12799 0.75314 613.288 -0.0260394 0.988978 0.145758 39.2007 -0.763494 0.0744448 -0.64151 -320.888
-0.64508 -0.129077 0.753135 615.352 -0.0255837 0.988725 0.147541 39.5684 -0.763686 0.075908 -0.641109 -322.61
-0.64536 -0.131153 0.752535 617.374 -0.0256694 0.988318 0.150232 39.9366 -0.763446 0.0776369 -0.641187 -324.308
-0.645911 -0.131889 0.751934 619.364 -0.0254923 0.98814 0.151423 40.3143 -0.762986 0.0786371 -0.641613 -325.987
-0.645337 -0.132324 0.752351 621.383 -0.0260321 0.98812 0.151462 40.6993 -0.763454 0.0781587 -0.641115 -327.696
-0.645249 -0.133019 0.752303 623.393 -0.0267213 0.988052 0.151784 41.075 -0.763504 0.0778362 -0.641094 -329.38
-0.644595 -0.13372 0.75274 625.373 -0.0268731 0.98794 0.15249 41.4531 -0.764051 0.078066 -0.640414 -331.051
-0.644057 -0.134925 0.752985 627.413 -0.0266548 0.987683 0.154181 41.847 -0.764512 0.0792306 -0.639721 -332.772
-0.64382 -0.135522 0.75308 629.427 -0.0265792 0.987558 0.154995 42.2342 -0.764714 0.0797729 -0.639411 -334.465
-0.644274 -0.13612 0.752584 631.407 -0.0262038 0.987385 0.156157 42.617 -0.764345 0.0808871 -0.639713 -336.124
-0.644139 -0.136357 0.752657 633.489 -0.0259439 0.987311 0.156666 43.0157 -0.764468 0.0813877 -0.639503 -337.867
-0.644126 -0.136493 0.752643 635.47 -0.0253226 0.987216 0.157361 43.3995 -0.764499 0.0823016 -0.639348 -339.515
-0.643314 -0.137401 0.753173 637.505 -0.0245562 0.986961 0.159076 43.7897 -0.765208 0.0838409 -0.638299 -341.226
-0.642611 -0.138032 0.753657 639.513 -0.0240812 0.986791 0.160198 44.182 -0.765813 0.0847958 -0.637447 -342.903
-0.642261 -0.13834 0.753899 641.515 -0.0245817 0.986789 0.160134 44.5698 -0.766091 0.0843159 -0.637177 -344.568
-0.641309 -0.13669 0.755009 643.541 -0.0230537 0.986992 0.159107 44.9584 -0.766935 0.0846315 -0.636119 -346.268
-0.641434 -0.136818 0.75488 645.563 -0.0225046 0.986901 0.159748 45.3583 -0.766847 0.0854799 -0.636111 -347.943
-0.641066 -0.136545 0.755241 647.546 -0.0215132 0.986857 0.16016 45.7569 -0.767183 0.0864254 -0.635578 -349.595
-0.640116 -0.136533 0.756049 649.582 -0.020763 0.986797 0.160624 46.1508 -0.767997 0.0871202 -0.6345 -351.273
-0.640573 -0.137376 0.75551 651.571 -0.0207207 0.986601 0.161827 46.5441 -0.767617 0.0880075 -0.634836 -352.934
