1 0 0 0 0 1 0 0 0 0 1 0
<<<<<<< HEAD
<<<<<<< HEAD
0.999703 -0.00401018 -0.0240372 -0.0494031 0.00410198 0.999985 0.00377097 -0.0261098 0.0240217 -0.00386845 0.999704 1.04903
0.999008 -0.00390889 -0.0443589 -0.123807 0.00412486 0.99998 0.00477825 -0.0409293 0.0443393 -0.00495649 0.999004 2.3174
0.999065 -0.00208359 -0.0431737 -0.19956 0.00231745 0.999983 0.00536741 -0.0516441 0.0431617 -0.00546244 0.999053 3.7362
0.999055 -0.00122561 -0.0434484 -0.27051 0.00149483 0.99998 0.00616423 -0.0544021 0.04344 -0.00622335 0.999037 5.20606
0.99893 -0.000484395 -0.0462531 -0.349393 0.00083494 0.999971 0.00755984 -0.0573606 0.0462481 -0.00759037 0.998901 6.71486
0.998827 0.000317371 -0.0484123 -0.431617 7.85926e-05 0.999967 0.00817688 -0.0676946 0.0484132 -0.0081711 0.998794 8.22279
0.998835 0.000776826 -0.0482466 -0.507519 -0.000321027 0.999955 0.0094543 -0.0778743 0.0482518 -0.0094278 0.998791 9.72014
0.998709 0.00131557 -0.0507765 -0.592478 -0.000826587 0.999953 0.00964995 -0.0832435 0.0507868 -0.00959552 0.998663 11.233
0.998648 0.00193976 -0.0519472 -0.674229 -0.00138517 0.999942 0.01071 -0.082737 0.0519649 -0.0106236 0.998592 12.7329
0.998663 0.00283598 -0.0516089 -0.757998 -0.00220859 0.999923 0.0122096 -0.0827222 0.0516395 -0.0120793 0.998593 14.2261
0.998547 0.00354757 -0.0537789 -0.853071 -0.00283254 0.999907 0.0133661 -0.0770812 0.0538213 -0.0131943 0.998463 15.725
0.998542 0.00422859 -0.0538211 -0.939966 -0.00342335 0.999881 0.0150448 -0.0688319 0.0538783 -0.0148386 0.998437 17.2164
0.998585 0.00479554 -0.0529645 -1.02573 -0.00395342 0.999864 0.015993 -0.0661768 0.053034 -0.0157609 0.998468 18.7
0.998461 0.00490383 -0.0552463 -1.1172 -0.00394531 0.99984 0.0174456 -0.0569318 0.055323 -0.0172008 0.99832 20.1833
0.998493 0.00522559 -0.0546406 -1.20424 -0.00425358 0.999831 0.0178902 -0.0452356 0.0547249 -0.0176308 0.998346 21.66
0.998384 0.00575113 -0.0565327 -1.29821 -0.00466785 0.999803 0.0192755 -0.0321281 0.0566324 -0.0189804 0.998215 23.1328
0.998375 0.00624162 -0.0566542 -1.38729 -0.00508889 0.999778 0.0204683 -0.0148291 0.0567694 -0.0201467 0.998184 24.6014
0.998435 0.00656941 -0.055532 -1.46988 -0.00540389 0.999763 0.0211124 -0.0019441 0.0556575 -0.0207793 0.998234 26.0588
0.998357 0.00668257 -0.0569155 -1.56235 -0.00545315 0.999749 0.0217288 0.0132354 0.0570464 -0.0213827 0.998142 27.518
0.998382 0.00650502 -0.0564976 -1.65379 -0.00522666 0.999728 0.0227451 0.0300149 0.0566301 -0.022413 0.998144 28.9676
0.99845 0.00633203 -0.0553024 -1.73464 -0.00499034 0.999691 0.0243656 0.0463928 0.0554396 -0.0240518 0.998172 30.4083
0.998425 0.00604989 -0.0557699 -1.8195 -0.00463096 0.999663 0.0255369 0.066693 0.0559056 -0.0252384 0.998117 31.8479
0.998471 0.00633693 -0.0549084 -1.89994 -0.00491295 0.999649 0.02603 0.0839569 0.055054 -0.0257205 0.998152 33.2731
0.998477 0.00622732 -0.0548246 -1.9836 -0.00477961 0.999638 0.026498 0.105147 0.0549698 -0.0261956 0.998144 34.6871
0.998494 0.00662751 -0.054456 -2.06769 -0.00515989 0.999621 0.0270471 0.130578 0.0546146 -0.0267253 0.99815 36.0886
0.998549 0.00704772 -0.0533925 -2.14442 -0.00557053 0.999599 0.0277652 0.154966 0.0535668 -0.0274275 0.998188 37.4761
0.99858 0.00735637 -0.0527603 -2.22433 -0.0058501 0.999573 0.0286472 0.180572 0.0529484 -0.0282978 0.998196 38.8462
0.998644 0.00765347 -0.0514962 -2.30467 -0.00609751 0.999522 0.0303047 0.208497 0.0517035 -0.0299496 0.998213 40.2004
0.998777 0.00785578 -0.0488085 -2.37862 -0.00631431 0.999479 0.0316564 0.234611 0.0490317 -0.0313095 0.998306 41.5377
0.998857 0.00824837 -0.0470769 -2.45044 -0.00672737 0.999453 0.0323763 0.262286 0.0473182 -0.0320226 0.998366 42.8573
0.999035 0.00875117 -0.0430413 -2.51375 -0.00733077 0.999427 0.0330485 0.291329 0.0433059 -0.0327011 0.998527 44.1576
0.999202 0.00838907 -0.0390611 -2.57471 -0.00708103 0.999413 0.0335058 0.314536 0.0393193 -0.0332024 0.998675 45.44
0.999356 0.00950042 -0.0345983 -2.62529 -0.00832196 0.999386 0.0340471 0.338497 0.0349005 -0.0337373 0.998821 46.7089
0.999434 0.00960086 -0.0322313 -2.67867 -0.00849575 0.999377 0.0342502 0.364984 0.03254 -0.033957 0.998893 47.9702
0.99959 0.0102371 -0.0267583 -2.7226 -0.00930565 0.999354 0.0347048 0.38917 0.0270963 -0.0344416 0.999039 49.2194
0.999713 0.0112864 -0.0211465 -2.76166 -0.0105457 0.999338 0.0348181 0.417079 0.0215255 -0.034585 0.99917 50.4547
0.999841 0.0115841 -0.0135492 -2.79337 -0.0111035 0.999325 0.0350242 0.4501 0.0139458 -0.0348682 0.999295 51.677
0.99991 0.0118336 -0.00627263 -2.81931 -0.0116047 0.999308 0.0353439 0.47855 0.00668654 -0.035268 0.999356 52.8865
0.99991 0.0126603 0.00440799 -2.82729 -0.0128079 0.999297 0.0352449 0.507621 -0.00395867 -0.0352982 0.999369 54.0854
0.999767 0.0126642 0.0174872 -2.82503 -0.0132759 0.999288 0.0353174 0.537876 -0.0170275 -0.0355414 0.999223 55.2723
0.999394 0.0126927 0.0324253 -2.80759 -0.0138446 0.999272 0.0355494 0.568916 -0.0319504 -0.0359768 0.998842 56.448
0.998679 0.0128301 0.0497671 -2.76655 -0.0146163 0.999256 0.035695 0.598636 -0.0492721 -0.0363753 0.998123 57.6081
0.99758 0.0129204 0.0683122 -2.70973 -0.0154168 0.999228 0.0361452 0.62816 -0.0677924 -0.0371109 0.997009 58.7529
0.996033 0.0128937 0.0880439 -2.6277 -0.0161163 0.999222 0.03599 0.657393 -0.0875114 -0.0372662 0.995466 59.8841
0.993927 0.0129355 0.109283 -2.5208 -0.0169133 0.999225 0.0355517 0.685473 -0.108738 -0.0371841 0.993375 61.0033
0.991315 0.012591 0.130904 -2.39479 -0.0173785 0.999219 0.0354949 0.7149 -0.130355 -0.0374615 0.990759 62.1088
0.988101 0.00596506 0.153689 -2.23853 -0.0118717 0.999225 0.0375438 0.74116 -0.153345 -0.0389216 0.987406 63.2065
0.984128 7.44041e-05 0.177463 -2.0601 -0.0072627 0.999179 0.0398567 0.769967 -0.177314 -0.0405129 0.98332 64.2854
0.979325 -0.00516702 0.202228 -1.85766 -0.00276791 0.999238 0.0389352 0.793782 -0.202275 -0.03869 0.978564 65.3436
0.973461 -0.010764 0.228601 -1.62153 0.00224211 0.999294 0.0375056 0.812181 -0.228843 -0.0359977 0.972798 66.3881
0.966555 -0.0127542 0.256142 -1.36252 0.0033341 0.999303 0.0371775 0.834518 -0.256438 -0.0350801 0.965924 67.411
0.958473 -0.0143425 0.284821 -1.07347 0.00375556 0.999283 0.037682 0.858845 -0.285157 -0.0350475 0.95784 68.4184
0.949381 -0.0155625 0.313742 -0.754878 0.00371553 0.999259 0.0383229 0.881014 -0.314106 -0.0352173 0.948735 69.4068
0.939219 -0.0158228 0.342953 -0.409064 0.00259767 0.999237 0.0389876 0.903498 -0.343308 -0.0357271 0.938543 70.3732
0.927484 -0.0158208 0.373528 -0.0353605 0.00239933 0.999336 0.0363692 0.928442 -0.373855 -0.0328357 0.926906 71.32
0.914965 -0.016783 0.403185 0.36533 0.00446871 0.999495 0.0314641 0.946424 -0.40351 -0.0269868 0.914577 72.2445
0.901438 -0.0174373 0.432557 0.791054 0.00424471 0.999497 0.0314461 0.967419 -0.432887 -0.0265106 0.901058 73.1451
0.885975 -0.0183908 0.463368 1.24586 0.00297613 0.999418 0.0339758 0.988297 -0.463723 -0.0287227 0.885514 74.0283
0.869093 -0.0171667 0.494352 1.72512 -0.00173983 0.999286 0.0377597 1.01526 -0.494646 -0.0336767 0.868442 74.8883
0.849621 -0.0179898 0.527086 2.23304 -0.0027369 0.999254 0.0385168 1.03897 -0.527386 -0.0341673 0.848938 75.7267
0.828879 -0.0137644 0.559259 2.76429 -0.0074821 0.999335 0.0356847 1.06099 -0.559378 -0.0337628 0.828225 76.5397
0.807295 -0.00841628 0.590088 3.32128 -0.0112518 0.999497 0.0296491 1.0766 -0.590041 -0.0305752 0.806795 77.3279
0.78501 -0.00842974 0.619426 3.90396 -0.0123759 0.999495 0.0292863 1.09256 -0.61936 -0.030656 0.784509 78.0894
0.76215 -0.0104009 0.647317 4.51274 -0.0124895 0.999449 0.030764 1.10825 -0.64728 -0.0315315 0.7616 78.8251
0.737711 -0.0113784 0.67502 5.14317 -0.0128146 0.999442 0.0308518 1.1252 -0.674995 -0.0314099 0.737154 79.5327
0.711914 -0.0103083 0.702191 5.79842 -0.0143241 0.999472 0.0291948 1.1387 -0.702121 -0.0308424 0.71139 80.2125
0.685351 -0.0108867 0.728132 6.47144 -0.0145591 0.999484 0.0286476 1.15359 -0.728068 -0.0302346 0.684838 80.8603
0.657828 -0.0118615 0.753075 7.16529 -0.0151637 0.999465 0.0289881 1.16989 -0.753016 -0.0304886 0.657296 81.4809
0.62989 -0.0119243 0.776593 7.87468 -0.0163319 0.999458 0.028593 1.18515 -0.776513 -0.0306937 0.629354 82.0722
0.601361 -0.00715351 0.798946 8.60295 -0.0197595 0.999521 0.0238222 1.1989 -0.798733 -0.0301125 0.600931 82.6351
0.570715 0.000447181 0.821148 9.3515 -0.0217263 0.999658 0.0145558 1.20503 -0.820861 -0.0261478 0.57053 83.1718
0.540521 0.00686582 0.841303 10.115 -0.0248435 0.999661 0.00780331 1.20702 -0.840964 -0.0251188 0.540508 83.6781
0.509092 0.009786 0.860657 10.8972 -0.0260857 0.999652 0.00406363 1.20617 -0.860317 -0.0245196 0.509169 84.1551
0.476003 0.00925852 0.879395 11.7015 -0.026496 0.999642 0.00381733 1.20684 -0.879045 -0.0251175 0.476077 84.6051
0.443862 0.00772195 0.896062 12.5208 -0.0317332 0.999472 0.00710585 1.20996 -0.895533 -0.0315889 0.443872 85.0266
0.409309 0.00912739 0.91235 13.362 -0.0379697 0.999255 0.00703757 1.21269 -0.911606 -0.0375222 0.40935 85.4184
0.374866 0.0108799 0.927015 14.216 -0.0447678 0.998978 0.00637872 1.21299 -0.925998 -0.0438916 0.37497 85.7835
0.339064 0.0126792 0.940678 15.085 -0.0511762 0.998678 0.00498526 1.2133 -0.939371 -0.0498307 0.339264 86.1205
0.30285 0.0125529 0.952956 15.9706 -0.0516363 0.998661 0.00325511 1.21303 -0.951639 -0.0501929 0.303093 86.425
0.266995 0.0116384 0.963628 16.8688 -0.0520578 0.998642 0.00236247 1.21271 -0.962291 -0.0507951 0.267238 86.6969
0.23155 0.0109818 0.972761 17.778 -0.051972 0.998649 0.00109704 1.20905 -0.971434 -0.0508103 0.231807 86.938
0.195762 0.0105073 0.980595 18.7064 -0.0521197 0.998641 -0.000295772 1.20544 -0.979266 -0.0510505 0.196043 87.1391
0.161142 0.00970628 0.986884 19.642 -0.0471562 0.998886 -0.00212448 1.19793 -0.985804 -0.0461954 0.16142 87.3078
0.126784 0.0101083 0.991879 20.5879 -0.0463467 0.998917 -0.00425595 1.19136 -0.990848 -0.0454307 0.127115 87.4439
0.094995 0.0144744 0.995373 21.5401 -0.0460607 0.998888 -0.0101296 1.18403 -0.994412 -0.0448853 0.0955557 87.5475
0.0651568 0.0157081 0.997752 22.4979 -0.0425127 0.999013 -0.0129517 1.17071 -0.99697 -0.0415732 0.06576 87.6216
0.0388287 0.0158247 0.999121 23.4625 -0.0413063 0.999046 -0.0142182 1.15617 -0.998392 -0.0407179 0.039445 87.6698
0.0170355 0.0144787 0.99975 24.4352 -0.0416002 0.99904 -0.0137596 1.14295 -0.998989 -0.0413554 0.0176212 87.6959
-0.00229162 0.0136 0.999905 25.4135 -0.041607 0.999041 -0.0136836 1.12775 -0.999132 -0.0416344 -0.00172385 87.7032
-0.0201205 0.0138514 0.999702 26.3927 -0.0416913 0.999023 -0.0146811 1.11002 -0.998928 -0.0419742 -0.0195237 87.6927
-0.0338563 0.0162294 0.999295 27.3723 -0.0408476 0.999011 -0.0176087 1.09105 -0.998592 -0.041415 -0.0331602 87.6663
-0.0461679 0.0178238 0.998775 28.356 -0.0390248 0.999046 -0.0196325 1.07432 -0.998171 -0.0398834 -0.0454286 87.6286
-0.0563768 0.0208792 0.998191 29.3417 -0.0338227 0.999168 -0.0228099 1.05498 -0.997837 -0.0350474 -0.0556239 87.5757
-0.0614752 0.0229358 0.997845 30.3302 -0.0332575 0.999134 -0.0250144 1.03456 -0.997555 -0.0347236 -0.0606594 87.5161
-0.0656588 0.0232402 0.997572 31.3204 -0.0330104 0.999132 -0.0254493 1.01553 -0.997296 -0.0346012 -0.0648348 87.4538
-0.0693105 0.0233844 0.997321 32.3137 -0.0328623 0.99913 -0.0257106 0.992919 -0.997054 -0.0345562 -0.0684819 87.3899
-0.0712034 0.0237923 0.997178 33.3114 -0.032583 0.999127 -0.0261654 0.967977 -0.99693 -0.0343541 -0.0703662 87.323
-0.0746485 0.0240999 0.996919 34.3109 -0.0324659 0.99912 -0.0265841 0.942556 -0.996681 -0.0343503 -0.0738006 87.2522
-0.0759509 0.0244799 0.996811 35.3108 -0.0323718 0.999112 -0.027003 0.920406 -0.996586 -0.0343195 -0.0750912 87.1739
-0.0779972 0.0242426 0.996659 36.3175 -0.0321117 0.999125 -0.0268156 0.895975 -0.996436 -0.034096 -0.0771508 87.0984
-0.0810279 0.0239846 0.996423 37.3281 -0.0314453 0.999152 -0.0266074 0.870163 -0.996216 -0.0334888 -0.0802052 87.0179
-0.082675 0.0238165 0.996292 38.3444 -0.0313353 0.999159 -0.0264853 0.841727 -0.996084 -0.0334088 -0.0818594 86.936
-0.084918 0.023878 0.996102 39.3632 -0.0320822 0.99913 -0.0266856 0.81415 -0.995871 -0.0342233 -0.0840782 86.8495
-0.0882512 0.0240772 0.995807 40.3824 -0.0318155 0.99913 -0.0269772 0.784967 -0.99559 -0.0340629 -0.0874087 86.7599
-0.0900921 0.0242457 0.995638 41.4098 -0.0318875 0.999121 -0.0272159 0.751328 -0.995423 -0.0342003 -0.08924 86.6734
-0.0932107 0.0242176 0.995352 42.4347 -0.0323799 0.999102 -0.0273411 0.721228 -0.99512 -0.0347779 -0.0923431 86.5821
-0.0944996 0.025557 0.995197 43.4717 -0.0346799 0.99898 -0.0289472 0.687457 -0.994921 -0.0372488 -0.0935171 86.4901
-0.0969168 0.0251174 0.994976 44.5101 -0.035245 0.998969 -0.0286513 0.651339 -0.994668 -0.0378447 -0.0959318 86.3945
-0.100088 0.0240975 0.994687 45.5529 -0.036428 0.998948 -0.0278662 0.612276 -0.994312 -0.0390235 -0.0991051 86.2944
-0.101937 0.023721 0.994508 46.6022 -0.0369217 0.998937 -0.0276111 0.581252 -0.994106 -0.0395336 -0.100953 86.1904
-0.104658 0.0230264 0.994242 47.6599 -0.0375969 0.998926 -0.0270925 0.546133 -0.993797 -0.0402159 -0.10368 86.0786
-0.107355 0.0229917 0.993955 48.7178 -0.0380733 0.998905 -0.0272184 0.512257 -0.993491 -0.0407652 -0.106362 85.9637
-0.108319 0.0225633 0.99386 49.7822 -0.0388312 0.998884 -0.0269096 0.477387 -0.993357 -0.0415076 -0.107323 85.847
-0.109166 0.0225609 0.993768 50.849 -0.0391831 0.998868 -0.026981 0.447362 -0.993251 -0.0418842 -0.108158 85.7283
-0.110323 0.0222164 0.993648 51.9177 -0.0394319 0.998866 -0.0267111 0.418166 -0.993113 -0.0421283 -0.109322 85.6139
-0.109383 0.0214798 0.993768 52.9941 -0.040544 0.998839 -0.026052 0.390868 -0.993172 -0.043141 -0.108385 85.5025
-0.10943 0.0210461 0.993772 54.0701 -0.0420643 0.998783 -0.0257842 0.359208 -0.993104 -0.0446239 -0.108412 85.3918
-0.108588 0.0208657 0.993868 55.1487 -0.0437645 0.998711 -0.025749 0.330394 -0.993123 -0.0462922 -0.107535 85.2831
-0.108476 0.0204726 0.993888 56.2294 -0.0455807 0.998635 -0.0255451 0.295489 -0.993054 -0.0480732 -0.107395 85.1753
-0.108937 0.019691 0.993854 57.3108 -0.0469513 0.998587 -0.0249312 0.255346 -0.992939 -0.0493786 -0.107859 85.0647
-0.108207 0.0161807 0.993997 58.4063 -0.0467343 0.99868 -0.0213445 0.214388 -0.993029 -0.0487633 -0.107308 84.9592
-0.108388 0.00893324 0.994068 59.5115 -0.0447045 0.998905 -0.0138511 0.181899 -0.993103 -0.0459406 -0.10787 84.8431
-0.109557 0.00458591 0.99397 60.6166 -0.0401482 0.999154 -0.00903503 0.150636 -0.993169 -0.040896 -0.10928 84.7218
-0.108489 0.00523381 0.994084 61.7332 -0.0339821 0.999383 -0.00897034 0.127042 -0.993516 -0.0347542 -0.108245 84.6013
-0.108827 0.00992319 0.994011 62.8443 -0.0299863 0.999463 -0.0132606 0.103074 -0.993608 -0.0312499 -0.108471 84.472
-0.106845 0.0153922 0.994157 63.9551 -0.0274655 0.999454 -0.018426 0.0779576 -0.993896 -0.0292737 -0.106364 84.3491
-0.106114 0.0152997 0.994236 65.0722 -0.0277227 0.999448 -0.0183388 0.0501053 -0.993967 -0.0295089 -0.105632 84.226
-0.106283 0.014344 0.994232 66.1967 -0.0289267 0.999429 -0.0175112 0.028965 -0.993915 -0.030621 -0.105807 84.098
-0.104931 0.0108339 0.99442 67.3314 -0.0289819 0.999483 -0.0139472 0.0135797 -0.994057 -0.0302837 -0.104563 83.9773
-0.104575 0.00967988 0.99447 68.47 -0.0299011 0.999471 -0.0128728 0.00187353 -0.994067 -0.031082 -0.10423 83.8575
-0.104801 0.00953687 0.994447 69.6136 -0.0314694 0.999422 -0.012901 -0.0126641 -0.993995 -0.0326467 -0.10444 83.7352
-0.103543 0.010683 0.994568 70.7636 -0.0313244 0.999412 -0.0139962 -0.0270776 -0.994131 -0.0326034 -0.103148 83.6128
-0.103201 0.0108736 0.994601 71.9142 -0.0312428 0.999412 -0.014168 -0.0431153 -0.994169 -0.0325363 -0.102801 83.4899
-0.101989 0.0100467 0.994735 73.0692 -0.0315066 0.999415 -0.0133243 -0.0591694 -0.994286 -0.0326996 -0.101614 83.371
-0.101348 0.00631139 0.994831 74.2317 -0.0290465 0.999535 -0.00930033 -0.0658713 -0.994426 -0.0298389 -0.101118 83.2515
-0.101879 0.00459731 0.994786 75.3955 -0.0292585 0.999543 -0.00761575 -0.0732696 -0.994366 -0.0298819 -0.101698 83.1295
-0.100543 0.00509144 0.99492 76.5641 -0.0303785 0.999506 -0.00818487 -0.0802306 -0.994468 -0.0310472 -0.100339 83.015
-0.100245 0.00510312 0.99495 77.7363 -0.0302982 0.999508 -0.00817916 -0.0890616 -0.994501 -0.0309651 -0.100041 82.8964
-0.100851 0.00474041 0.99489 78.9147 -0.0304551 0.999506 -0.00784961 -0.0966531 -0.994435 -0.0310911 -0.100657 82.7777
-0.0990947 0.00436839 0.995068 80.1005 -0.0302092 0.999517 -0.00739633 -0.0992315 -0.994619 -0.0307931 -0.0989151 82.6631
-0.0983576 0.00431732 0.995142 81.2904 -0.029612 0.999536 -0.00726317 -0.102345 -0.99471 -0.0301825 -0.0981844 82.5522
-0.0979016 0.00474144 0.995185 82.4842 -0.0290382 0.99955 -0.00761889 -0.107473 -0.994772 -0.0296443 -0.0977201 82.4361
-0.0960331 0.00470562 0.995367 83.6773 -0.0282879 0.999573 -0.00745472 -0.112853 -0.994976 -0.0288727 -0.0958593 82.3223
-0.0960542 0.00473637 0.995365 84.8776 -0.0287729 0.999558 -0.00753296 -0.120284 -0.99496 -0.0293631 -0.0958758 82.2064
-0.0936723 0.00481813 0.995591 86.0807 -0.0280437 0.999579 -0.00747599 -0.12517 -0.995207 -0.0286203 -0.0934981 82.0937
-0.0923697 0.00460666 0.995714 87.2895 -0.0274014 0.9996 -0.0071666 -0.132663 -0.995347 -0.0279459 -0.0922068 81.9853
-0.0922052 0.00434377 0.99573 88.5063 -0.0281576 0.99958 -0.00696798 -0.140706 -0.995341 -0.0286799 -0.0920444 81.8766
-0.0900741 0.00400886 0.995927 89.7237 -0.0277113 0.999595 -0.00652991 -0.152249 -0.995549 -0.0281867 -0.0899269 81.769
-0.0884826 0.00420089 0.996069 90.9462 -0.0290464 0.999556 -0.00679584 -0.164685 -0.995654 -0.0295335 -0.0883216 81.6665
-0.0880619 0.00484639 0.996103 92.1756 -0.0292909 0.999544 -0.00745264 -0.178431 -0.995684 -0.0298331 -0.0878801 81.5634
-0.0859037 0.00403711 0.996295 93.407 -0.0306273 0.999509 -0.00669093 -0.19043 -0.995832 -0.0310886 -0.0857382 81.4663
-0.0858779 0.00337108 0.9963 94.6456 -0.0323338 0.999459 -0.00616885 -0.198486 -0.99578 -0.0327439 -0.0857227 81.3701
-0.0848292 0.00346914 0.996389 95.8873 -0.0338564 0.999407 -0.00636207 -0.20953 -0.99582 -0.0342738 -0.0846618 81.2756
-0.0850436 0.00296139 0.996373 97.1312 -0.0353141 0.999359 -0.00598444 -0.223805 -0.995751 -0.0356949 -0.0848848 81.1786
-0.0870421 0.00161268 0.996203 98.3855 -0.0362584 0.999332 -0.00478578 -0.23715 -0.995544 -0.0365373 -0.0869258 81.0809
-0.0872898 0.000823036 0.996183 99.6452 -0.0375439 0.999287 -0.00411537 -0.249742 -0.995475 -0.0377598 -0.087197 80.983
-0.0889316 0.000164888 0.996038 100.905 -0.038664 0.999246 -0.00361755 -0.262548 -0.995287 -0.0388325 -0.0888585 80.8809
-0.0912013 2.23138e-05 0.995832 102.171 -0.0388968 0.999238 -0.00358468 -0.2726 -0.995072 -0.0390617 -0.0911312 80.7742
-0.0925437 -0.000528099 0.995708 103.437 -0.0389596 0.999237 -0.00309104 -0.284538 -0.994946 -0.0390784 -0.0924939 80.6636
-0.0958967 -0.00117853 0.99539 104.706 -0.0400409 0.999195 -0.00267454 -0.289275 -0.994585 -0.0401127 -0.095867 80.5479
-0.099075 -0.00151637 0.995079 105.968 -0.0402666 0.999187 -0.00248652 -0.297302 -0.994265 -0.0403148 -0.0990558 80.4314
-0.103971 0.000739027 0.99458 107.229 -0.0439399 0.999021 -0.0053357 -0.307537 -0.993609 -0.0442565 -0.103837 80.3191
-0.111977 0.000661158 0.99371 108.49 -0.0440269 0.999015 -0.00562588 -0.32254 -0.992735 -0.0443799 -0.111838 80.1949
-0.119792 -0.00226138 0.992796 109.749 -0.0435038 0.99905 -0.00297363 -0.336738 -0.991845 -0.0435466 -0.119777 80.0603
-0.130467 -0.00277904 0.991449 111.003 -0.04385 0.999035 -0.00297004 -0.346901 -0.990482 -0.0438625 -0.130463 79.9064
-0.144241 -0.0020837 0.98954 112.26 -0.0440147 0.999022 -0.00431217 -0.365936 -0.988563 -0.0441763 -0.144192 79.7302
-0.157858 -0.00233855 0.987459 113.504 -0.0443524 0.999006 -0.0047244 -0.379383 -0.986465 -0.044542 -0.157805 79.5443
-0.173137 -0.0027619 0.984894 114.745 -0.044553 0.998995 -0.00503065 -0.391128 -0.983889 -0.0447509 -0.173086 79.3393
-0.188278 -0.00300432 0.982111 115.975 -0.043966 0.999019 -0.00537255 -0.407037 -0.981131 -0.044191 -0.188225 79.1174
-0.202755 -0.000242616 0.979229 117.198 -0.0441763 0.998985 -0.00889944 -0.421472 -0.978232 -0.0450631 -0.20256 78.8772
-0.218891 4.57607e-05 0.975749 118.416 -0.0447237 0.998949 -0.0100797 -0.435564 -0.974724 -0.0458454 -0.218659 78.6215
-0.234097 -0.00106709 0.972212 119.625 -0.046741 0.998856 -0.0101583 -0.448482 -0.971089 -0.0478203 -0.233879 78.3491
-0.249948 -0.00494035 0.968247 120.83 -0.0514119 0.998645 -0.00817627 -0.461571 -0.966893 -0.051823 -0.249863 78.0603
-0.266178 -0.00612678 0.963904 122.025 -0.05406 0.998502 -0.00858176 -0.472849 -0.962406 -0.0543929 -0.266111 77.7543
-0.281054 -0.00735166 0.959663 123.208 -0.0563337 0.998374 -0.00885013 -0.493787 -0.958036 -0.0565487 -0.281012 77.4293
-0.296616 -0.00723858 0.954969 124.381 -0.0564328 0.998357 -0.00996074 -0.510793 -0.953327 -0.0568461 -0.296538 77.087
-0.310432 -0.00686323 0.950571 125.543 -0.0561397 0.998362 -0.0111255 -0.528841 -0.948936 -0.0568184 -0.310308 76.7253
-0.324652 -0.00687446 0.945808 126.699 -0.0552916 0.998402 -0.0117223 -0.551013 -0.944215 -0.0561009 -0.324514 76.3425
-0.33974 -0.00760053 0.940489 127.847 -0.0553699 0.998395 -0.0119332 -0.567239 -0.938887 -0.0561289 -0.339616 75.9451
-0.353892 -0.00837874 0.935249 128.988 -0.0553028 0.998398 -0.0119817 -0.58937 -0.933649 -0.0559621 -0.353789 75.5275
-0.368834 -0.0083713 0.929457 130.12 -0.0559136 0.998349 -0.0131963 -0.606288 -0.927811 -0.0568365 -0.368693 75.0974
-0.384645 -0.00836495 0.923026 131.246 -0.0559757 0.998331 -0.0142789 -0.62871 -0.921365 -0.0571593 -0.384472 74.6422
-0.398935 -0.0079155 0.916945 132.363 -0.0554878 0.998339 -0.0155229 -0.639634 -0.915298 -0.0570718 -0.398711 74.1729
-0.413775 -0.00774691 0.910346 133.469 -0.0550611 0.998347 -0.0165308 -0.658194 -0.908712 -0.0569647 -0.413517 73.6866
-0.43013 -0.00658201 0.902743 134.568 -0.0545937 0.998334 -0.0187333 -0.676468 -0.901114 -0.0573418 -0.429772 73.1772
-0.444609 -0.00604875 0.895704 135.658 -0.0539233 0.998345 -0.0200245 -0.699373 -0.894099 -0.0572024 -0.4442 72.6538
-0.461055 -0.00733177 0.887341 136.745 -0.0545584 0.998309 -0.0200995 -0.72635 -0.885692 -0.0576789 -0.460675 72.1121
-0.476556 -0.00822766 0.879106 137.83 -0.0554527 0.998247 -0.0207177 -0.750151 -0.877393 -0.0586219 -0.476176 71.5472
-0.492886 -0.00904078 0.870047 138.908 -0.0559014 0.99821 -0.0212959 -0.776603 -0.868295 -0.0591332 -0.492509 70.9632
-0.50949 -0.00961721 0.860423 139.981 -0.0563803 0.998163 -0.0222282 -0.804121 -0.858627 -0.0598359 -0.509095 70.3549
-0.525422 -0.00983093 0.850785 141.044 -0.0561525 0.998155 -0.0231444 -0.831416 -0.848986 -0.0599343 -0.525004 69.7213
-0.540846 -0.0100096 0.841062 142.102 -0.0559853 0.998141 -0.0241224 -0.861337 -0.839256 -0.0601336 -0.5404 69.0653
-0.557084 -0.0101106 0.830395 143.152 -0.0559547 0.998111 -0.0253855 -0.891319 -0.828568 -0.0606063 -0.556597 68.3867
-0.571681 -0.0107506 0.820405 144.188 -0.0561651 0.998082 -0.0260585 -0.922707 -0.81855 -0.0609753 -0.571188 67.6855
-0.588177 -0.0112021 0.808654 145.218 -0.0558648 0.998079 -0.0268073 -0.950388 -0.806799 -0.0609427 -0.587673 66.9577
-0.603196 -0.0118979 0.797504 146.239 -0.0556655 0.998079 -0.0272126 -0.98238 -0.795647 -0.0608079 -0.602699 66.213
-0.618045 -0.0124237 0.786044 147.245 -0.0560868 0.998025 -0.0283253 -1.01321 -0.784138 -0.061593 -0.61752 65.4434
-0.634088 -0.0129248 0.773153 148.234 -0.0563278 0.997977 -0.0295131 -1.05266 -0.771206 -0.0622638 -0.633532 64.6568
-0.649298 -0.0138226 0.760409 149.213 -0.0570761 0.997902 -0.0305964 -1.09289 -0.758389 -0.0632673 -0.648723 63.85
-0.665355 -0.0155879 0.746364 150.18 -0.0581822 0.997824 -0.0310275 -1.13366 -0.744255 -0.0640693 -0.664814 63.0179
-0.682302 -0.0219429 0.730741 151.129 -0.0615372 0.997727 -0.0274979 -1.1672 -0.728475 -0.0637296 -0.6821 62.1616
-0.698947 -0.0230482 0.714802 152.067 -0.0620085 0.99767 -0.028464 -1.20326 -0.71248 -0.0642186 -0.698747 61.2864
-0.716644 -0.0247311 0.697001 152.978 -0.0631773 0.997565 -0.029562 -1.2439 -0.694571 -0.06522 -0.71646 60.3879
-0.734177 -0.0270046 0.678421 153.867 -0.0657254 0.997344 -0.0314277 -1.28232 -0.675768 -0.0676629 -0.734001 59.4693
-0.750631 -0.0278408 0.660134 154.731 -0.0657859 0.997297 -0.032744 -1.3214 -0.657437 -0.0680061 -0.750433 58.5213
-0.767332 -0.0281983 0.64063 155.574 -0.0655031 0.997254 -0.0345625 -1.37168 -0.637895 -0.0684841 -0.767071 57.5547
-0.782729 -0.0279911 0.621733 156.395 -0.0635258 0.997365 -0.0350732 -1.42039 -0.619112 -0.0669489 -0.782443 56.5669
-0.797834 -0.0278748 0.602232 157.184 -0.0621245 0.997415 -0.036136 -1.47086 -0.599667 -0.0662439 -0.797502 55.5512
-0.813019 -0.0275781 0.581584 157.942 -0.061271 0.997385 -0.0383581 -1.52068 -0.579004 -0.0668201 -0.812581 54.5177
-0.826886 -0.027713 0.561687 158.684 -0.0610557 0.997306 -0.040677 -1.56818 -0.559045 -0.0679294 -0.826349 53.4743
-0.840102 -0.0276876 0.541722 159.395 -0.060028 0.997309 -0.0421186 -1.6186 -0.539096 -0.0679023 -0.839501 52.4114
-0.852764 -0.0282403 0.521533 160.079 -0.0590917 0.997343 -0.0426166 -1.67084 -0.518943 -0.0671601 -0.852166 51.3328
-0.863126 -0.0279848 0.504212 160.738 -0.0582022 0.997323 -0.0442791 -1.72578 -0.501622 -0.0675646 -0.862443 50.2404
-0.873551 -0.0283769 0.485906 161.372 -0.0577697 0.997288 -0.0456155 -1.78767 -0.483292 -0.067918 -0.872819 49.1402
-0.882298 -0.0292138 0.469784 161.99 -0.0580034 0.997214 -0.0469235 -1.8448 -0.467103 -0.0686495 -0.881533 48.0257
-0.890584 -0.0297257 0.453846 162.589 -0.0576354 0.997194 -0.0477845 -1.90477 -0.451151 -0.0687137 -0.889797 46.8975
-0.898685 -0.0299335 0.437572 163.164 -0.0568957 0.997196 -0.0486362 -1.9664 -0.434887 -0.0686046 -0.897867 45.7598
-0.905116 -0.0303139 0.424082 163.724 -0.0563475 0.99721 -0.0489803 -2.02924 -0.421413 -0.0682287 -0.904298 44.6065
-0.911246 -0.0307465 0.410714 164.268 -0.0559951 0.9972 -0.0495843 -2.09166 -0.408038 -0.0681814 -0.910415 43.4446
-0.917537 -0.0351286 0.396095 164.789 -0.0581914 0.997229 -0.0463563 -2.14715 -0.393368 -0.0655829 -0.917038 42.2762
-0.921936 -0.0400549 0.385265 165.304 -0.0606944 0.997292 -0.0415555 -2.19939 -0.382556 -0.0616949 -0.921869 41.096
-0.926448 -0.0403972 0.37425 165.8 -0.0599897 0.997364 -0.0408461 -2.25362 -0.371612 -0.0602928 -0.926427 39.9069
-0.930339 -0.0408775 0.364415 166.276 -0.059681 0.997397 -0.0404826 -2.31375 -0.36181 -0.0594111 -0.930356 38.7042
-0.932299 -0.0367624 0.359816 166.743 -0.0558694 0.997519 -0.0428435 -2.37538 -0.357347 -0.0600456 -0.932039 37.5001
-0.934269 -0.0363402 0.354713 167.2 -0.0551906 0.997543 -0.0431672 -2.4376 -0.352271 -0.0599066 -0.933978 36.295
-0.93641 -0.0381692 0.348825 167.652 -0.0566658 0.997469 -0.0429725 -2.49861 -0.346301 -0.0600063 -0.936202 35.084
-0.937591 -0.044079 0.344933 168.104 -0.061496 0.997318 -0.0397101 -2.55645 -0.342256 -0.0584439 -0.937786 33.869
-0.939466 -0.0495355 0.339041 168.547 -0.0669864 0.996954 -0.0399563 -2.61431 -0.336028 -0.0602487 -0.939922 32.6467
-0.940353 -0.0548639 0.335747 168.992 -0.0729991 0.996464 -0.0416237 -2.67466 -0.332275 -0.0636501 -0.941032 31.4217
-0.941603 -0.0568728 0.331886 169.432 -0.0752387 0.99625 -0.0427419 -2.73722 -0.32821 -0.0652166 -0.94235 30.194
-0.943024 -0.0571156 0.327786 169.862 -0.0754194 0.996208 -0.0433916 -2.80094 -0.324064 -0.0656407 -0.943754 28.9682
-0.942867 -0.0567679 0.328298 170.294 -0.0751832 0.996214 -0.043664 -2.86402 -0.324575 -0.0658518 -0.943564 27.745
-0.942655 -0.0567894 0.328902 170.721 -0.0752348 0.996212 -0.0436184 -2.92979 -0.325178 -0.0658619 -0.943356 26.5181
-0.942736 -0.0563505 0.328744 171.149 -0.0751207 0.996174 -0.0446674 -2.99233 -0.324968 -0.066805 -0.943362 25.292
-0.94166 -0.0559604 0.331879 171.579 -0.075067 0.996163 -0.0450222 -3.05344 -0.328085 -0.0673088 -0.942246 24.0671
-0.941569 -0.0553831 0.332235 172.006 -0.0742462 0.996255 -0.0443427 -3.11124 -0.328534 -0.0664188 -0.942153 22.8387
-0.940289 -0.0551188 0.335883 172.44 -0.0741945 0.996264 -0.0442162 -3.16996 -0.33219 -0.0664966 -0.940865 21.6139
-0.938979 -0.0557533 0.339424 172.876 -0.0751135 0.996198 -0.0441594 -3.22726 -0.33567 -0.06696 -0.939596 20.3956
-0.937718 -0.0557586 0.342893 173.32 -0.0747789 0.996295 -0.0424899 -3.27974 -0.339253 -0.0654847 -0.938412 19.179
-0.934936 -0.0561333 0.350346 173.773 -0.0750118 0.996359 -0.0405379 -3.3368 -0.346794 -0.0641804 -0.935742 17.9668
-0.932168 -0.056619 0.357571 174.234 -0.075713 0.996343 -0.0396154 -3.39013 -0.35402 -0.064001 -0.933045 16.7605
-0.92953 -0.0552547 0.364584 174.701 -0.0745491 0.996453 -0.0390497 -3.44304 -0.361132 -0.0634772 -0.930351 15.5574
-0.925636 -0.0547207 0.374437 175.183 -0.0747698 0.99643 -0.0392169 -3.49586 -0.370953 -0.0642971 -0.926422 14.3656
-0.921851 -0.0537079 0.383805 175.676 -0.0739428 0.996533 -0.0381508 -3.54939 -0.380424 -0.0635489 -0.922625 13.1828
-0.917638 -0.0522256 0.393971 176.18 -0.072843 0.996637 -0.03755 -3.59897 -0.390683 -0.0631553 -0.918355 12.0044
-0.912365 -0.0507012 0.406226 176.694 -0.0718221 0.996735 -0.0369064 -3.64792 -0.403027 -0.062848 -0.913027 10.8338
-0.906957 -0.0497658 0.418272 177.22 -0.0714507 0.996783 -0.0363331 -3.70057 -0.415117 -0.0628384 -0.907594 9.66751
-0.900356 -0.0475008 0.432554 177.763 -0.0692921 0.996992 -0.0347463 -3.75079 -0.429601 -0.0612565 -0.900938 8.51278
-0.894016 -0.0469716 0.445565 178.321 -0.0690576 0.997053 -0.033453 -3.79757 -0.44268 -0.0606772 -0.894624 7.36575
-0.887736 -0.0466698 0.457981 178.898 -0.0692837 0.997062 -0.0326934 -3.84769 -0.455108 -0.0607537 -0.88836 6.22905
-0.880326 -0.0467367 0.47206 179.489 -0.0699007 0.997053 -0.031641 -3.90292 -0.469189 -0.0608518 -0.880998 5.10115
-0.872735 -0.0459357 0.486028 180.099 -0.0689102 0.997188 -0.0294918 -3.95219 -0.483305 -0.0592308 -0.873445 3.98455
-0.865023 -0.0454942 0.499664 180.726 -0.0683448 0.997283 -0.0275171 -4.0013 -0.497053 -0.0579523 -0.865782 2.87849
-0.856418 -0.0447457 0.51434 181.368 -0.0669389 0.997453 -0.024684 -4.04875 -0.511924 -0.0555691 -0.857231 1.7859
-0.84734 -0.04391 0.529231 182.028 -0.0661944 0.997537 -0.0232174 -4.09222 -0.526907 -0.0547052 -0.848159 0.709032
-0.837208 -0.0417311 0.54529 182.704 -0.0638527 0.997725 -0.02168 -4.13652 -0.543143 -0.0529689 -0.837967 -0.352273
-0.825974 -0.040024 0.562284 183.401 -0.0622604 0.997852 -0.0204301 -4.18077 -0.560257 -0.0518828 -0.826691 -1.39603
-0.814343 -0.0396609 0.579026 184.119 -0.0620634 0.997894 -0.0189346 -4.22215 -0.577054 -0.0513556 -0.815089 -2.42301
-0.802348 -0.0385125 0.595611 184.854 -0.0611024 0.997974 -0.0177818 -4.2597 -0.593719 -0.0506605 -0.803075 -3.4318
-0.789267 -0.0380194 0.612872 185.611 -0.0605297 0.998039 -0.0160381 -4.29481 -0.611059 -0.0497553 -0.790019 -4.42128
-0.775523 -0.0368601 0.630242 186.387 -0.0580585 0.998229 -0.0130598 -4.32686 -0.628643 -0.0467191 -0.776289 -5.39681
-0.759618 -0.0352182 0.649415 187.188 -0.0547661 0.998451 -0.00991296 -4.34932 -0.648058 -0.043096 -0.760369 -6.34647
-0.74227 -0.0322882 0.669321 188.007 -0.0522218 0.998589 -0.00974138 -4.37139 -0.668061 -0.0421839 -0.742909 -7.27499
-0.724089 -0.0305114 0.689031 188.851 -0.0508042 0.998668 -0.00916646 -4.38953 -0.687832 -0.041643 -0.724673 -8.17769
-0.705711 -0.030183 0.707856 189.711 -0.0502552 0.998709 -0.007518 -4.40536 -0.706714 -0.040879 -0.706316 -9.04737
-0.686034 -0.0299465 0.726952 190.597 -0.0491568 0.998778 -0.0052457 -4.41907 -0.725906 -0.0393334 -0.686667 -9.89192
-0.664778 -0.0300632 0.746435 191.498 -0.0492878 0.998779 -0.00366945 -4.43296 -0.745412 -0.0392296 -0.665448 -10.7055
-0.643478 -0.0296523 0.764889 192.423 -0.0490281 0.998795 -0.00252589 -4.44326 -0.763891 -0.0391265 -0.644156 -11.491
-0.622031 -0.0298885 0.782421 193.367 -0.0499622 0.998751 -0.00156808 -4.4542 -0.781396 -0.0400669 -0.622747 -12.249
-0.59981 -0.0297796 0.799587 194.325 -0.0495841 0.998771 2.37554e-06 -4.4653 -0.798603 -0.0396454 -0.600549 -12.9752
-0.576891 -0.0298659 0.816275 195.302 -0.0481627 0.998837 0.00250713 -4.47388 -0.815399 -0.0378677 -0.577658 -13.6713
-0.552319 -0.0296344 0.833105 196.291 -0.0472149 0.998877 0.00422927 -4.4773 -0.832293 -0.0369991 -0.553098 -14.3394
-0.526583 -0.0277799 0.849669 197.295 -0.0450956 0.998973 0.00471329 -4.47846 -0.848925 -0.0358344 -0.527295 -14.9733
-0.499288 -0.0275399 0.865998 198.317 -0.0436248 0.999027 0.00661872 -4.4762 -0.865336 -0.0344743 -0.500003 -15.5746
-0.471342 -0.0285439 0.881488 199.354 -0.0433405 0.999019 0.009175 -4.47166 -0.880884 -0.0338796 -0.472117 -16.1408
-0.442726 -0.0297604 0.896162 200.406 -0.0424908 0.999024 0.0121848 -4.46472 -0.895649 -0.0326841 -0.443558 -16.6733
-0.412887 -0.029526 0.910303 201.475 -0.0411515 0.999059 0.0137397 -4.45817 -0.909851 -0.0317875 -0.413714 -17.173
-0.381242 -0.02884 0.924025 202.553 -0.0407012 0.999069 0.0143893 -4.45133 -0.923578 -0.0321231 -0.382061 -17.635
-0.349316 -0.0286599 0.936566 203.642 -0.0390971 0.999109 0.0159915 -4.43847 -0.936188 -0.031031 -0.350125 -18.0564
-0.318043 -0.028645 0.947643 204.742 -0.0347614 0.999225 0.0185377 -4.42552 -0.947438 -0.0270456 -0.318792 -18.4417
-0.284951 -0.0289033 0.958106 205.851 -0.0340126 0.999222 0.0200279 -4.40634 -0.957937 -0.0268807 -0.285713 -18.7906
-0.251528 -0.0294491 0.967402 206.976 -0.0301112 0.999292 0.0225909 -4.38247 -0.967381 -0.0234474 -0.252237 -19.1016
-0.216648 -0.0304292 0.975775 208.108 -0.0291451 0.999271 0.0246909 -4.3595 -0.975814 -0.0230899 -0.217378 -19.3697
-0.181856 -0.0310835 0.982833 209.239 -0.026242 0.999299 0.0267486 -4.32591 -0.982974 -0.0209272 -0.182545 -19.5991
-0.146749 -0.0313582 0.988676 210.384 -0.023905 0.999319 0.0281475 -4.2966 -0.988884 -0.0195037 -0.1474 -19.7921
-0.111433 -0.0314179 0.993275 211.534 -0.0219368 0.999335 0.0291485 -4.26612 -0.993529 -0.0185412 -0.112049 -19.9406
-0.0762135 -0.031424 0.996596 212.688 -0.0194435 0.999361 0.0300242 -4.2304 -0.996901 -0.0170891 -0.0767765 -20.0436
-0.0412014 -0.0308259 0.998675 213.848 -0.0180445 0.999385 0.0301033 -4.18729 -0.998987 -0.0167803 -0.0417331 -20.0989
-0.00655939 -0.0307774 0.999504 215.007 -0.0162436 0.999399 0.0306675 -4.14571 -0.999846 -0.0160344 -0.00705618 -20.1159
0.0258168 -0.0308401 0.999191 216.169 -0.0142527 0.999412 0.0312152 -4.09875 -0.999564 -0.0150471 0.0253613 -20.0798
0.0589895 -0.0303482 0.997797 217.318 -0.0131075 0.999429 0.0311727 -4.06211 -0.998172 -0.0149175 0.0585571 -20.0121
0.0907523 -0.0306638 0.995401 218.466 -0.0105071 0.999442 0.0317462 -4.02613 -0.995817 -0.0133399 0.0903785 -19.9096
0.12155 -0.0314747 0.992086 219.614 -0.008067 0.999434 0.0326962 -3.98555 -0.992552 -0.0119774 0.121226 -19.7748
0.152098 -0.0322724 0.987838 220.752 -0.00396037 0.99944 0.0332611 -3.94547 -0.988357 -0.00897119 0.151884 -19.6103
0.181641 -0.0320175 0.982843 221.886 -0.00162493 0.99946 0.0328591 -3.89752 -0.983363 -0.00756566 0.18149 -19.4024
0.210028 -0.0322307 0.977164 223.011 0.00136076 0.999466 0.0326738 -3.85553 -0.977694 -0.0055328 0.209959 -19.1581
0.23959 -0.0327196 0.970322 224.137 0.00458828 0.99946 0.0325691 -3.82159 -0.970863 -0.0033512 0.23961 -18.8907
0.267936 -0.03441 0.962822 225.244 0.0106696 0.999408 0.0327484 -3.79066 -0.963377 0.00149839 0.268143 -18.5876
0.29767 -0.0350859 0.954024 226.347 0.0130205 0.999382 0.0326913 -3.76265 -0.95458 0.00269059 0.297941 -18.2555
0.326189 -0.0363364 0.944605 227.445 0.0183201 0.999317 0.0321147 -3.73621 -0.945126 0.00682975 0.326631 -17.8828
0.354096 -0.036352 0.934502 228.535 0.0187962 0.99932 0.0317512 -3.71374 -0.93502 0.00632205 0.354537 -17.4823
0.381783 -0.037507 0.92349 229.624 0.02 0.999278 0.0323168 -3.69528 -0.924035 0.00613173 0.382256 -17.0426
0.409545 -0.0381163 0.911493 230.703 0.0203954 0.999261 0.0326225 -3.67503 -0.912062 0.00522982 0.410018 -16.5622
0.436986 -0.0378508 0.898671 231.779 0.024484 0.999246 0.0301813 -3.65483 -0.899135 0.00881417 0.437582 -16.0448
0.465443 -0.0370962 0.8843 232.842 0.0287292 0.999229 0.0267961 -3.62929 -0.884611 0.0129331 0.466149 -15.5006
0.491895 -0.0388923 0.869785 233.89 0.0334141 0.99911 0.0257781 -3.6092 -0.870013 0.0163828 0.492756 -14.9097
0.51853 -0.0401944 0.854114 234.923 0.0341804 0.999071 0.0262652 -3.58808 -0.854376 0.0155746 0.519421 -14.2868
0.543641 -0.0407301 0.838328 235.933 0.0345263 0.999063 0.0261496 -3.56765 -0.838607 0.0147283 0.544536 -13.6326
0.566254 -0.0401887 0.82325 236.926 0.0345114 0.999092 0.0250348 -3.5438 -0.823508 0.0142354 0.567125 -12.9588
0.587487 -0.0400422 0.808242 237.905 0.0346964 0.999104 0.0242781 -3.52469 -0.808489 0.0137799 0.588349 -12.2482
0.606841 -0.0406915 0.793781 238.867 0.0351124 0.999087 0.0243728 -3.49985 -0.794047 0.0130811 0.607714 -11.5148
0.624467 -0.0424031 0.779899 239.814 0.0359074 0.999029 0.025566 -3.47339 -0.780225 0.0120389 0.625381 -10.7563
0.64217 -0.0444165 0.765274 240.748 0.0370049 0.998953 0.026927 -3.44399 -0.765668 0.0110271 0.64314 -9.97484
0.657622 -0.045772 0.751956 241.672 0.0377956 0.998901 0.0277496 -3.41403 -0.752399 0.0101718 0.658628 -9.17383
0.673486 -0.0473368 0.737682 242.576 0.0389633 0.998834 0.0285224 -3.38261 -0.738172 0.00953303 0.674544 -8.35598
0.688582 -0.0471698 0.723622 243.461 0.0390287 0.998847 0.0279717 -3.35657 -0.724107 0.00898114 0.689628 -7.51634
0.702875 -0.0480188 0.70969 244.33 0.039745 0.998812 0.028218 -3.32886 -0.710202 0.00837284 0.703947 -6.65172
0.718007 -0.0497992 0.694252 245.189 0.0404472 0.998738 0.029809 -3.30041 -0.69486 0.00667744 0.719113 -5.76567
0.732161 -0.0522493 0.679124 246.022 0.0412517 0.998626 0.0323572 -3.26778 -0.679881 0.00432429 0.733308 -4.86129
0.745577 -0.0538059 0.664243 246.849 0.0419307 0.998549 0.0338207 -3.23035 -0.665099 0.00263616 0.74675 -3.93747
0.759646 -0.0541947 0.648074 247.655 0.0430947 0.998527 0.0329872 -3.18834 -0.648907 0.00286996 0.760861 -3.00355
0.771961 -0.0547249 0.633309 248.444 0.04355 0.998501 0.0331969 -3.14883 -0.634176 0.00195382 0.773185 -2.04877
0.782847 -0.0555471 0.619729 249.219 0.0439711 0.998457 0.0339481 -3.10824 -0.620658 0.000673931 0.78408 -1.07592
0.794252 -0.0572802 0.604882 249.978 0.0449092 0.998359 0.0355721 -3.07212 -0.605927 -0.00108849 0.795519 -0.084901
0.804185 -0.0585841 0.591485 250.735 0.045837 0.998281 0.0365553 -3.03914 -0.592609 -0.0022853 0.805486 0.925856
0.814876 -0.0591738 0.576607 251.477 0.0464105 0.998243 0.0368553 -3.00891 -0.577774 -0.00327191 0.816189 1.95628
0.823708 -0.0599578 0.563834 252.2 0.0494025 0.998202 0.0339758 -2.97205 -0.564857 -0.000131336 0.825188 2.99754
0.831587 -0.0612972 0.552001 252.914 0.0502776 0.99812 0.0350936 -2.93766 -0.553114 -0.00143008 0.833103 4.05639
0.839791 -0.0628941 0.539255 253.613 0.0512236 0.998016 0.0366288 -2.90088 -0.540488 -0.00313802 0.841345 5.12751
0.846675 -0.0636334 0.528292 254.302 0.0520047 0.997967 0.0368603 -2.85902 -0.529563 -0.00373507 0.848261 6.21022
0.851643 -0.0649977 0.520076 254.989 0.0528774 0.997874 0.038123 -2.81613 -0.521448 -0.00496699 0.853267 7.31133
0.856117 -0.0661759 0.512526 255.659 0.0533625 0.997787 0.0396952 -2.76707 -0.514019 -0.00663414 0.857752 8.41997
0.858242 -0.0678179 0.508745 256.328 0.0540155 0.997663 0.0418698 -2.7162 -0.510395 -0.00845432 0.859897 9.5444
0.861447 -0.0690857 0.503126 256.987 0.0549568 0.997568 0.0428825 -2.65974 -0.504865 -0.00929086 0.863147 10.6722
0.86375 -0.0707563 0.498928 257.646 0.0562208 0.997444 0.0441241 -2.60104 -0.500775 -0.010062 0.865518 11.8087
0.865223 -0.0728818 0.496061 258.308 0.0573934 0.997273 0.0464156 -2.53636 -0.498091 -0.0116892 0.867045 12.9473
0.867805 -0.0756344 0.491115 258.962 0.0595841 0.997057 0.0482664 -2.46769 -0.49332 -0.0126231 0.869755 14.0904
0.86991 -0.0768158 0.487191 259.615 0.0607776 0.996965 0.0486698 -2.40263 -0.489451 -0.0127281 0.871937 15.2412
0.871246 -0.0782839 0.484564 260.271 0.0619627 0.996844 0.0496365 -2.33891 -0.48692 -0.0132207 0.873345 16.3984
0.87379 -0.0783031 0.479957 260.913 0.0616825 0.996827 0.0503316 -2.27661 -0.482375 -0.0143743 0.875846 17.561
0.875841 -0.0793873 0.476025 261.547 0.0623173 0.996724 0.0515669 -2.21526 -0.478559 -0.0154998 0.877917 18.7298
0.877397 -0.0796115 0.473114 262.185 0.0620778 0.996686 0.0525894 -2.15207 -0.475733 -0.0167719 0.879429 19.9034
0.879227 -0.0797493 0.46968 262.811 0.0616402 0.996646 0.0538368 -2.08636 -0.472398 -0.0183836 0.881193 21.0738
0.879639 -0.0797766 0.468903 263.438 0.0610371 0.996617 0.0550562 -2.02144 -0.471709 -0.0198091 0.881531 22.2534
