1 0 0 0 0 1 0 0 0 0 1 0
<<<<<<< HEAD
0.999857 -0.00193918 -0.0168013 -0.0278626 0.00202156 0.999986 0.00488747 -0.0110424 0.0167916 -0.00492074 0.999847 0.786429
0.999455 -0.00252319 -0.0329169 -0.0765328 0.00278 0.999966 0.00775844 -0.0156134 0.0328962 -0.00784572 0.999428 1.69636
0.999814 -0.00205855 -0.0191702 -0.112354 0.00222275 0.999961 0.00854789 -0.0180064 0.0191518 -0.00858891 0.99978 2.72921
0.999328 -0.00156049 -0.0366112 -0.163413 0.00189865 0.999956 0.00920342 -0.0141983 0.0365952 -0.00926675 0.999287 3.88026
0.999462 -0.00160455 -0.0327683 -0.214762 0.001929 0.999949 0.00987201 -0.00978567 0.0327508 -0.00992991 0.999414 5.13926
0.999352 -0.00171979 -0.0359639 -0.274894 0.00207537 0.999949 0.0098521 -0.012481 0.0359452 -0.00992035 0.999305 6.47536
0.999326 -0.00266836 -0.0366096 -0.333287 0.00304225 0.999944 0.010161 -0.0167214 0.0365804 -0.0102655 0.999278 7.86252
0.999213 -0.00385963 -0.0394829 -0.399513 0.00426412 0.999939 0.0101656 -0.0195681 0.0394413 -0.010326 0.999169 9.29476
0.99917 -0.00422611 -0.0405146 -0.463836 0.00466502 0.999931 0.0107451 -0.0179873 0.0404664 -0.0109251 0.999121 10.7454
0.999202 -0.00366754 -0.0397703 -0.526383 0.0041062 0.999932 0.0109537 -0.0178482 0.0397274 -0.0111082 0.999149 12.2135
0.999144 -0.00226543 -0.0412934 -0.599225 0.00276608 0.999923 0.012071 -0.0134383 0.0412629 -0.0121749 0.999074 13.6933
0.999154 -0.00134493 -0.0411063 -0.66698 0.00188464 0.999913 0.0130939 -0.00798969 0.0410851 -0.0131602 0.999069 15.1794
0.999233 -0.000218849 -0.0391677 -0.731782 0.000766211 0.999902 0.0139604 -0.00615499 0.0391608 -0.0139797 0.999135 16.6664
0.99916 0.000147374 -0.0409861 -0.802746 0.000487361 0.99988 0.0154762 -0.000516695 0.0409834 -0.0154831 0.99904 18.1542
0.999214 0.00099533 -0.039625 -0.869391 -0.000374489 0.999877 0.0156722 0.007474 0.0396357 -0.0156451 0.999092 19.6436
0.9992 0.00279193 -0.0399058 -0.93768 -0.00214242 0.999865 0.0163095 0.0171576 0.0399459 -0.0162109 0.99907 21.1302
0.999229 0.00384967 -0.0390705 -1.00021 -0.00322346 0.999866 0.0160779 0.026323 0.0391271 -0.0159395 0.999107 22.6165
0.999315 0.00453808 -0.0367189 -1.05572 -0.00396504 0.99987 0.0156639 0.0320078 0.0367851 -0.0155076 0.999203 24.0967
0.999304 0.00428884 -0.037061 -1.11433 -0.00371921 0.999874 0.0154253 0.0367379 0.0371225 -0.0152767 0.999194 25.5768
0.999331 0.00409016 -0.0363351 -1.1735 -0.00350139 0.999862 0.0162526 0.0436595 0.0363966 -0.0161145 0.999208 27.0502
0.999388 0.0021666 -0.0349187 -1.22734 -0.0015271 0.999831 0.0183303 0.0518985 0.0349525 -0.0182658 0.999222 28.5175
0.999338 0.000886839 -0.0363647 -1.28527 -0.000177045 0.99981 0.0195173 0.0638177 0.0363751 -0.019498 0.999148 29.9822
0.999408 0.000201875 -0.0344088 -1.33856 0.000459296 0.999816 0.0192062 0.0727662 0.0344063 -0.0192106 0.999223 31.4374
0.999389 0.00059751 -0.0349556 -1.39305 2.11629e-05 0.999844 0.0176958 0.0809473 0.0349607 -0.0176857 0.999232 32.885
0.999411 0.0013483 -0.0342769 -1.44697 -0.000770836 0.999858 0.0168547 0.0898522 0.0342948 -0.0168183 0.99927 34.3235
0.999482 0.00167111 -0.03214 -1.49531 -0.00114445 0.999865 0.0163977 0.0971897 0.032163 -0.0163524 0.999349 35.7523
0.999472 0.00242849 -0.0323876 -1.54553 -0.00186198 0.999845 0.0175104 0.106472 0.0324251 -0.0174409 0.999322 37.1689
0.999522 0.00193961 -0.0308597 -1.59561 -0.00134034 0.999811 0.019428 0.119004 0.0308915 -0.0193773 0.999335 38.5727
0.999599 0.00175737 -0.0282502 -1.64133 -0.00116219 0.999777 0.0210705 0.132035 0.028281 -0.0210292 0.999379 39.9635
0.999634 0.00194628 -0.0269798 -1.68537 -0.00137271 0.999773 0.0212618 0.144985 0.027015 -0.0212169 0.99941 41.3406
0.999736 0.00149021 -0.0229079 -1.72316 -0.00101007 0.99978 0.0209568 0.158127 0.0229341 -0.0209281 0.999518 42.7023
0.999797 0.000364197 -0.0201516 -1.75882 3.91649e-05 0.9998 0.0200124 0.16647 0.0201549 -0.0200091 0.999597 44.0488
0.999893 0.000201724 -0.014657 -1.78525 7.20773e-05 0.999826 0.0186776 0.17246 0.0146582 -0.0186766 0.999718 45.384
0.99992 0.000558632 -0.0125986 -1.81183 -0.000324606 0.999828 0.0185699 0.179102 0.0126068 -0.0185643 0.999748 46.7097
0.999981 0.000487406 -0.00612191 -1.83005 -0.000370117 0.999817 0.0191453 0.184697 0.00613011 -0.0191427 0.999798 48.0248
0.999998 0.00213815 0.000610582 -1.84085 -0.00214905 0.999828 0.018449 0.190906 -0.000571039 -0.0184503 0.99983 49.3276
0.999952 0.0036912 0.00906879 -1.84274 -0.00386 0.999818 0.0186663 0.200633 -0.00899825 -0.0187004 0.999785 50.6186
0.999852 0.00393918 0.0167619 -1.83687 -0.00427077 0.999795 0.0197928 0.209674 -0.0166805 -0.0198614 0.999664 51.8973
0.999585 0.00599068 0.0281632 -1.81562 -0.00654658 0.999785 0.0196881 0.218615 -0.0280392 -0.0198643 0.999409 53.1645
0.999136 0.00785817 0.040823 -1.78203 -0.00868037 0.999762 0.0200025 0.228921 -0.0406561 -0.0203396 0.998966 54.4188
0.998374 0.00977481 0.0561656 -1.73238 -0.010949 0.999727 0.0206364 0.240748 -0.0559486 -0.0212178 0.998208 55.661
0.997212 0.0109156 0.0738229 -1.66039 -0.0125718 0.999679 0.0220074 0.25363 -0.0735589 -0.0228741 0.997028 56.8881
0.99574 0.011406 0.0915011 -1.57078 -0.013569 0.999642 0.0230515 0.268054 -0.0912054 -0.0241949 0.995538 58.0996
0.993752 0.0111462 0.111051 -1.4575 -0.0138509 0.999625 0.0236144 0.283043 -0.110747 -0.025005 0.993534 59.2956
0.991149 0.010251 0.132358 -1.31987 -0.0133864 0.99965 0.0228209 0.296855 -0.132078 -0.0243907 0.990939 60.4769
0.988162 0.00839375 0.153184 -1.1609 -0.0119719 0.999676 0.0224511 0.310458 -0.152946 -0.0240192 0.987943 61.6431
0.98432 0.00340626 0.17636 -0.972857 -0.00790642 0.999661 0.0248206 0.324212 -0.176215 -0.0258258 0.984013 62.7966
0.979978 -0.00141699 0.199101 -0.761998 -0.00388632 0.999648 0.026243 0.339033 -0.199068 -0.0264913 0.979627 63.933
0.974684 -0.00597718 0.223504 -0.526085 0.000225208 0.999668 0.0257521 0.350883 -0.223584 -0.0250499 0.974363 65.0511
0.96832 -0.0114845 0.249446 -0.259412 0.00542729 0.999674 0.0249567 0.360165 -0.249651 -0.0228123 0.968067 66.1536
0.961221 -0.013916 0.275426 0.0324596 0.00722657 0.999654 0.0252877 0.371748 -0.275682 -0.0223167 0.96099 67.2372
0.952745 -0.0164391 0.303324 0.353841 0.0087156 0.999603 0.026799 0.385408 -0.303644 -0.022889 0.952511 68.3041
0.943348 -0.0202777 0.331184 0.704824 0.0112426 0.999511 0.0291744 0.400348 -0.331614 -0.0237983 0.943115 69.3527
0.932691 -0.022472 0.359974 1.08504 0.0125435 0.999474 0.0298937 0.415722 -0.360457 -0.0233662 0.932483 70.3807
0.920604 -0.0221069 0.389871 1.49489 0.0132254 0.999589 0.0254505 0.428903 -0.390273 -0.0182736 0.920518 71.3882
0.90801 -0.0220002 0.418369 1.93296 0.0145457 0.999674 0.0209991 0.436365 -0.418695 -0.0129819 0.908034 72.3748
0.893924 -0.0235244 0.447601 2.39934 0.0167904 0.999678 0.0190068 0.443278 -0.447904 -0.00947525 0.894031 73.3385
0.878094 -0.0243618 0.477867 2.89616 0.0163021 0.999646 0.0210067 0.451811 -0.478209 -0.0106556 0.878181 74.2816
0.860406 -0.0232633 0.509077 3.42171 0.0120803 0.999608 0.0252619 0.466423 -0.509465 -0.0155857 0.86035 75.2004
0.840466 -0.0236136 0.541349 3.97729 0.0103559 0.999567 0.0275232 0.481395 -0.541764 -0.0175262 0.840348 76.0956
0.819325 -0.017627 0.573058 4.56157 0.00548615 0.999722 0.0229073 0.492048 -0.573303 -0.0156246 0.819194 76.9646
0.79716 -0.0110094 0.603667 5.17416 0.00198815 0.999876 0.0156099 0.494792 -0.603764 -0.0112434 0.797084 77.8072
0.773927 -0.00921422 0.633208 5.81488 0.00104978 0.999911 0.0132673 0.495347 -0.633274 -0.00960319 0.773868 78.6218
0.750743 -0.0108007 0.660506 6.48203 0.00129558 0.999888 0.0148778 0.496763 -0.660592 -0.0103137 0.750674 79.4095
0.726081 -0.0120977 0.687502 7.17317 0.00217332 0.99988 0.0152993 0.498819 -0.687605 -0.00961437 0.726021 80.1671
0.700176 -0.0101891 0.713898 7.88879 0.001918 0.999921 0.0123902 0.497116 -0.713968 -0.00730605 0.70014 80.8947
0.673806 -0.00882396 0.738856 8.62484 0.00214688 0.999948 0.00998427 0.493818 -0.738905 -0.00514122 0.67379 81.59
0.645974 -0.00801958 0.763317 9.38226 0.00120456 0.999954 0.00948637 0.490452 -0.763358 -0.00520849 0.645954 82.2543
0.6183 -0.0069987 0.785911 10.1569 0.000929056 0.999966 0.00817401 0.485707 -0.785941 -0.00432384 0.618286 82.8867
0.589343 -0.00254132 0.807879 10.9493 -0.000202438 0.999995 0.00329335 0.477406 -0.807882 -0.00210445 0.58934 83.4865
0.558708 0.00490553 0.82935 11.7602 -0.000626464 0.999985 -0.00549278 0.460716 -0.829364 0.00254931 0.558703 84.0543
0.527926 0.0113198 0.849215 12.586 -0.00178599 0.999924 -0.0122184 0.438518 -0.849288 0.00493372 0.527907 84.588
0.49663 0.0151441 0.86783 13.4278 -0.00393683 0.999877 -0.0151955 0.413921 -0.867953 0.00413005 0.496629 85.0888
0.463193 0.0136814 0.886152 14.2881 -0.00475321 0.999905 -0.0129531 0.391642 -0.886244 0.00178773 0.463215 85.5571
0.430415 0.0127849 0.90254 15.1646 -0.00973372 0.999907 -0.00952223 0.372762 -0.902578 -0.00468655 0.4305 85.9936
0.394677 0.0131194 0.918726 16.0576 -0.0132268 0.999876 -0.00859604 0.354937 -0.918725 -0.00875914 0.394801 86.3953
0.360123 0.0143546 0.932795 16.9638 -0.0183685 0.999797 -0.0082942 0.336655 -0.932724 -0.0141471 0.360313 86.7646
0.323337 0.0167518 0.946136 17.8833 -0.0226627 0.999694 -0.00995518 0.316889 -0.946012 -0.0182231 0.323618 87.0984
0.288649 0.0155142 0.957309 18.8143 -0.0252161 0.999645 -0.00859709 0.298686 -0.957103 -0.0216581 0.288938 87.3983
0.252707 0.0149899 0.967427 19.7555 -0.0261772 0.99962 -0.00865085 0.280648 -0.967188 -0.0231383 0.253004 87.6632
0.217064 0.0137854 0.97606 20.7046 -0.0255553 0.999638 -0.00843525 0.262205 -0.975823 -0.0231125 0.217338 87.8944
0.181152 0.0128789 0.983371 21.6635 -0.0234525 0.999686 -0.00877221 0.244222 -0.983175 -0.0214734 0.181398 88.089
0.147193 0.0115016 0.989041 22.6277 -0.017155 0.999812 -0.0090738 0.225167 -0.988959 -0.0156314 0.147363 88.25
0.113573 0.0127384 0.993448 23.5973 -0.0160179 0.999811 -0.0109888 0.205086 -0.9934 -0.0146649 0.113756 88.3782
0.0820107 0.0167713 0.99649 24.57 -0.0167822 0.99974 -0.0154448 0.182862 -0.99649 -0.0154567 0.0822712 88.4753
0.0532004 0.0187596 0.998408 25.545 -0.0110118 0.999774 -0.0181984 0.157733 -0.998523 -0.0100261 0.0533952 88.5439
0.0278773 0.0178526 0.999452 26.5212 -0.0100163 0.999795 -0.0175794 0.133287 -0.999561 -0.00952068 0.0280508 88.5872
0.00841494 0.0141495 0.999864 27.4983 -0.0136427 0.999808 -0.0140339 0.112524 -0.999871 -0.0135227 0.0086067 88.6115
-0.00834676 0.0129753 0.999881 28.4756 -0.0125009 0.999836 -0.0130791 0.0925753 -0.999887 -0.0126085 -0.00818285 88.6193
-0.0241176 0.0145159 0.999604 29.453 -0.010194 0.999839 -0.0147653 0.0708996 -0.999657 -0.0105461 -0.0239654 88.6114
-0.0355844 0.0185162 0.999195 30.43 -0.00760732 0.999794 -0.0187982 0.0456024 -0.999337 -0.0082701 -0.0354358 88.5918
-0.0472353 0.020269 0.998678 31.4078 -0.00699739 0.999763 -0.020622 0.0223582 -0.998859 -0.00796221 -0.0470819 88.5608
-0.0568043 0.0233624 0.998112 32.386 -0.00281697 0.999718 -0.0235603 -0.00366194 -0.998381 -0.00414996 -0.0567222 88.5187
-0.0594145 0.0267943 0.997874 33.3637 -0.0015536 0.999636 -0.0269341 -0.031993 -0.998232 -0.00315055 -0.0593509 88.4734
-0.0618305 0.0296454 0.997646 34.3417 -0.000501006 0.999558 -0.0297333 -0.0613433 -0.998086 -0.00233823 -0.0617879 88.4243
-0.0646563 0.0329152 0.997364 35.3204 0.000481806 0.999457 -0.032953 -0.0948511 -0.997907 -0.00165006 -0.0646367 88.374
-0.0666575 0.0348361 0.997167 36.3003 0.00171511 0.999393 -0.0347992 -0.130701 -0.997774 -0.000609356 -0.0666764 88.3213
-0.0699008 0.0366511 0.99688 37.2828 0.000996203 0.999327 -0.0366712 -0.168152 -0.997553 -0.00157023 -0.0698899 88.2651
-0.0705154 0.0394243 0.996731 38.2652 0.00170203 0.999222 -0.0394024 -0.205345 -0.997509 -0.00108199 -0.0705273 88.203
-0.073568 0.040636 0.996462 39.2514 0.00368284 0.999174 -0.0404747 -0.244252 -0.997283 0.000692188 -0.0736565 88.1416
-0.0758729 0.039806 0.996323 40.2405 0.00502713 0.999205 -0.0395384 -0.283169 -0.997104 0.00200877 -0.0760124 88.0748
-0.0775625 0.0394393 0.996207 41.2322 0.00425345 0.999221 -0.0392274 -0.323033 -0.996978 0.00119477 -0.0776695 88.0065
-0.0807355 0.0395275 0.995951 42.2261 0.00320069 0.999219 -0.0393977 -0.362233 -0.99673 6.9619e-06 -0.0807986 87.9333
-0.0831051 0.0418584 0.995661 43.2208 0.00313779 0.999124 -0.041742 -0.404216 -0.996536 -0.000344776 -0.0831632 87.8576
-0.0860861 0.0434708 0.995339 44.2204 0.00279341 0.999054 -0.0433915 -0.450669 -0.996283 -0.000954987 -0.0861258 87.7809
-0.0883916 0.0478467 0.994936 45.221 0.000594132 0.998848 -0.0479821 -0.500935 -0.996085 -0.00365006 -0.0883178 87.7004
-0.0905422 0.0507316 0.994599 46.2283 -0.00105393 0.998696 -0.0510365 -0.555519 -0.995892 -0.00566916 -0.0903703 87.6174
-0.0927923 0.0525727 0.994296 47.2358 -0.00357457 0.998581 -0.0531329 -0.613829 -0.995679 -0.00848447 -0.0924723 87.531
-0.0959047 0.051143 0.994076 48.2468 -0.00475269 0.998644 -0.0518366 -0.673283 -0.995379 -0.00969587 -0.0955312 87.44
-0.0979789 0.0482538 0.994018 49.2629 -0.00727223 0.998762 -0.0492009 -0.726675 -0.995162 -0.0120494 -0.0975064 87.3465
-0.100605 0.0464739 0.99384 50.2851 -0.00849477 0.998832 -0.0475673 -0.780214 -0.99489 -0.0132279 -0.100092 87.2465
-0.103451 0.0466997 0.993537 51.3101 -0.0088135 0.998815 -0.0478654 -0.833934 -0.994595 -0.0137083 -0.102917 87.1433
-0.104114 0.0487872 0.993368 52.3409 -0.00702723 0.998735 -0.0497873 -0.890606 -0.99454 -0.0121642 -0.103639 87.0376
-0.10502 0.0502922 0.993197 53.3755 -0.00879001 0.998634 -0.051497 -0.94621 -0.994431 -0.0141384 -0.104434 86.9299
-0.106527 0.0504226 0.99303 54.4137 -0.0101153 0.998607 -0.0517909 -1.00187 -0.994258 -0.0155619 -0.105868 86.8235
-0.106087 0.049365 0.993131 55.4585 -0.0124145 0.998623 -0.0509641 -1.05558 -0.994279 -0.0177358 -0.105327 86.7181
-0.107082 0.0492073 0.993032 56.5057 -0.0137948 0.998605 -0.050971 -1.11127 -0.994154 -0.0191567 -0.106253 86.6114
-0.106999 0.0500078 0.993001 57.5562 -0.0169807 0.998497 -0.0521144 -1.16794 -0.994114 -0.022438 -0.105989 86.5044
-0.108055 0.0502547 0.992874 58.6117 -0.0223274 0.998347 -0.0529616 -1.22868 -0.993894 -0.027891 -0.106754 86.3975
-0.109437 0.0495372 0.992758 59.6707 -0.0267412 0.998249 -0.0527589 -1.29328 -0.993634 -0.0323213 -0.10792 86.2882
-0.10981 0.0450357 0.992932 60.7404 -0.0285364 0.998418 -0.0484404 -1.35668 -0.993542 -0.033654 -0.108351 86.1828
-0.110797 0.0389905 0.993078 61.8185 -0.0286545 0.998689 -0.0424078 -1.41384 -0.993429 -0.0331548 -0.109534 86.0696
-0.112166 0.0342301 0.9931 62.9005 -0.0241384 0.999018 -0.0371604 -1.46896 -0.993396 -0.0281399 -0.111229 85.9516
-0.111183 0.0360124 0.993147 63.9932 -0.0185596 0.999094 -0.0383058 -1.52222 -0.993626 -0.0226914 -0.110414 85.8366
-0.110462 0.0401572 0.993069 65.0875 -0.0129846 0.99904 -0.0418429 -1.57683 -0.993795 -0.0175166 -0.109834 85.7159
-0.110144 0.0446639 0.992911 66.182 -0.0112771 0.998869 -0.0461829 -1.63462 -0.993851 -0.0162839 -0.109515 85.5977
-0.110172 0.0464689 0.992826 67.2809 -0.0120769 0.99877 -0.0480873 -1.69503 -0.993839 -0.0172881 -0.109475 85.4776
-0.111281 0.0455975 0.992742 68.386 -0.0130838 0.998793 -0.0473421 -1.7523 -0.993702 -0.0182571 -0.11055 85.3506
-0.111075 0.0424464 0.992905 69.4982 -0.0137924 0.998925 -0.0442467 -1.80449 -0.993716 -0.0186092 -0.11037 85.2274
-0.111411 0.0407226 0.99294 70.6149 -0.0129358 0.999016 -0.0424233 -1.85263 -0.99369 -0.0175708 -0.110774 85.1026
-0.11207 0.0406188 0.99287 71.7366 -0.0161253 0.998958 -0.0426881 -1.90238 -0.993569 -0.0207944 -0.111298 84.9746
-0.11146 0.0440599 0.992792 72.864 -0.0154443 0.998819 -0.0460613 -1.95485 -0.993648 -0.020467 -0.110648 84.8465
-0.111525 0.0461615 0.992689 73.9935 -0.0162798 0.998702 -0.0482701 -2.00986 -0.993628 -0.0215441 -0.110628 84.7168
-0.110687 0.0456774 0.992805 75.1263 -0.0161725 0.998728 -0.047753 -2.06444 -0.993723 -0.0213418 -0.109807 84.5886
-0.111046 0.0428775 0.99289 76.2645 -0.015488 0.998873 -0.044868 -2.11358 -0.993694 -0.0203603 -0.110256 84.4599
-0.11266 0.0403871 0.992812 77.404 -0.0157705 0.998975 -0.0424274 -2.16042 -0.993508 -0.020437 -0.111907 84.3272
-0.112291 0.0425416 0.992764 78.5485 -0.0192278 0.998803 -0.0449753 -2.21026 -0.993489 -0.024139 -0.111338 84.1979
-0.113015 0.044712 0.992587 79.6978 -0.0200491 0.998681 -0.0472693 -2.26347 -0.993391 -0.0252425 -0.111969 84.0658
-0.114186 0.0444274 0.992465 80.8519 -0.0204419 0.998683 -0.0470576 -2.31624 -0.993249 -0.0256612 -0.113127 83.9313
-0.113699 0.0412915 0.992657 82.0131 -0.0214604 0.998801 -0.0440051 -2.36367 -0.993283 -0.0263061 -0.112676 83.7985
-0.113763 0.0408692 0.992667 83.1796 -0.0198675 0.99886 -0.0434011 -2.41073 -0.993309 -0.0246592 -0.112821 83.6676
-0.114129 0.0412544 0.992609 84.3493 -0.0195643 0.99885 -0.0437632 -2.45865 -0.993273 -0.0244143 -0.11319 83.5338
-0.113576 0.0410515 0.992681 85.5198 -0.0151665 0.998958 -0.0430464 -2.5059 -0.993413 -0.0199445 -0.112835 83.4029
-0.114324 0.0415248 0.992575 86.6958 -0.0143662 0.998952 -0.0434463 -2.55437 -0.993339 -0.0192265 -0.113608 83.2701
-0.113864 0.0408696 0.992655 87.8769 -0.0155056 0.998959 -0.0429077 -2.60086 -0.993375 -0.0202773 -0.113111 83.1361
-0.113258 0.040384 0.992745 89.0623 -0.0137034 0.999015 -0.0422024 -2.64816 -0.993471 -0.0183837 -0.112593 83.0048
-0.11405 0.0395535 0.992687 90.254 -0.0153124 0.999018 -0.041565 -2.69512 -0.993357 -0.0199409 -0.113332 82.8725
-0.112952 0.0400234 0.992794 91.449 -0.0123719 0.999054 -0.0416833 -2.74427 -0.993523 -0.016991 -0.11235 82.74
-0.112333 0.0405357 0.992844 92.6479 -0.0133435 0.999016 -0.0422975 -2.79466 -0.993581 -0.0179994 -0.111682 82.6098
-0.112517 0.0418903 0.992766 93.8511 -0.0144897 0.998936 -0.0437929 -2.84811 -0.993544 -0.0193123 -0.11179 82.4788
-0.112095 0.0414177 0.992834 95.0562 -0.0144504 0.998957 -0.0433046 -2.90134 -0.993592 -0.019201 -0.111379 82.3505
-0.11354 0.0400088 0.992728 96.2669 -0.0176687 0.99895 -0.0422803 -2.95232 -0.993376 -0.0223407 -0.112714 82.221
-0.114503 0.0404104 0.992601 97.4817 -0.0188659 0.998904 -0.0428433 -3.00494 -0.993243 -0.023632 -0.113614 82.0923
-0.116263 0.0403835 0.992397 98.6976 -0.0198706 0.998879 -0.0429752 -3.05993 -0.993019 -0.0247159 -0.11533 81.9595
-0.118893 0.038784 0.992149 99.9211 -0.0207892 0.998921 -0.0415399 -3.11426 -0.992689 -0.0255648 -0.117958 81.8252
-0.120328 0.0370396 0.992043 101.149 -0.0232662 0.998924 -0.0401185 -3.16726 -0.992461 -0.0279085 -0.119336 81.6871
-0.123911 0.0363632 0.991627 102.379 -0.0239573 0.998927 -0.0396246 -3.22109 -0.992004 -0.0286665 -0.122906 81.544
-0.12687 0.0365536 0.991246 103.616 -0.0237522 0.998922 -0.0398767 -3.27434 -0.991635 -0.0286034 -0.125865 81.396
-0.130339 0.0358004 0.990823 104.855 -0.0227375 0.998977 -0.039086 -3.32819 -0.991208 -0.0276232 -0.129392 81.2422
-0.135344 0.0330253 0.990248 106.098 -0.0241068 0.999039 -0.0366133 -3.376 -0.990505 -0.0288271 -0.134418 81.0808
-0.139004 0.0321326 0.98977 107.34 -0.0247966 0.999047 -0.0359163 -3.42344 -0.989981 -0.0295354 -0.138074 80.9145
-0.145393 0.0360595 0.988717 108.583 -0.0281895 0.998779 -0.0405718 -3.47666 -0.988972 -0.0337703 -0.144199 80.7472
-0.154995 0.0395046 0.987125 109.829 -0.02914 0.998583 -0.0445386 -3.53722 -0.987485 -0.035668 -0.153624 80.5673
-0.163988 0.0370615 0.985766 111.074 -0.0258677 0.998789 -0.0418544 -3.59495 -0.986123 -0.0323631 -0.162831 80.376
-0.174391 0.0350505 0.984053 112.318 -0.0259237 0.998856 -0.0401719 -3.64899 -0.984335 -0.0325159 -0.173282 80.1688
-0.187862 0.0350781 0.981569 113.562 -0.0242745 0.998891 -0.040343 -3.70669 -0.981895 -0.031406 -0.186801 79.9421
-0.201749 0.0354054 0.978797 114.801 -0.023146 0.998895 -0.0409032 -3.76276 -0.979164 -0.0309074 -0.200706 79.7023
-0.216817 0.0327173 0.975664 116.037 -0.0225295 0.999004 -0.0385066 -3.81553 -0.975952 -0.0303301 -0.215864 79.4429
-0.231293 0.0321465 0.972353 117.268 -0.0223893 0.999013 -0.0383536 -3.86957 -0.972626 -0.0306412 -0.230344 79.1657
-0.24675 0.0357711 0.968419 118.493 -0.0246334 0.998764 -0.0431685 -3.92795 -0.968766 -0.0345073 -0.245564 78.8679
-0.264011 0.0375478 0.963789 119.712 -0.0244783 0.998659 -0.0456116 -3.98847 -0.964209 -0.0356338 -0.262737 78.5519
-0.279882 0.0369862 0.959322 120.925 -0.0249522 0.99864 -0.0457819 -4.0489 -0.95971 -0.0367507 -0.278578 78.2159
-0.295968 0.0341591 0.954587 122.134 -0.025712 0.998713 -0.0437101 -4.10656 -0.954852 -0.0374811 -0.294708 77.8598
-0.312004 0.0317062 0.949552 123.333 -0.0269143 0.998747 -0.0421923 -4.16115 -0.949699 -0.0387207 -0.310759 77.4862
-0.326751 0.0312913 0.944592 124.521 -0.0309536 0.998561 -0.0437865 -4.22327 -0.944603 -0.0435457 -0.325312 77.0946
-0.341804 0.0327026 0.939202 125.7 -0.0305607 0.998479 -0.0458886 -4.28565 -0.939274 -0.0443875 -0.340284 76.6884
-0.355231 0.0331039 0.934192 126.869 -0.0303102 0.998439 -0.0469062 -4.34847 -0.934287 -0.0449781 -0.353673 76.2639
-0.36967 0.0332859 0.928567 128.029 -0.0289974 0.998458 -0.0473354 -4.41389 -0.928711 -0.0444244 -0.368134 75.8211
-0.383216 0.0325422 0.923086 129.181 -0.0287347 0.998475 -0.047129 -4.47485 -0.923212 -0.0445851 -0.381696 75.3632
-0.39585 0.0307029 0.917802 130.326 -0.0300288 0.998474 -0.0463531 -4.53799 -0.917824 -0.0459093 -0.394323 74.8877
-0.410694 0.0323929 0.911198 131.461 -0.0283887 0.99843 -0.0482893 -4.59925 -0.911331 -0.0456998 -0.409129 74.3976
-0.42623 0.0341272 0.903971 132.587 -0.0284162 0.99829 -0.0510864 -4.66772 -0.904169 -0.0474619 -0.42453 73.8852
-0.439225 0.035512 0.897675 133.705 -0.026852 0.998253 -0.0526293 -4.73032 -0.897976 -0.0472204 -0.437504 73.3591
-0.453455 0.0382331 0.890459 134.813 -0.0222447 0.998283 -0.0541904 -4.79655 -0.891002 -0.0443808 -0.451825 72.8173
-0.468714 0.041635 0.882368 135.911 -0.0214346 0.998058 -0.0584799 -4.86774 -0.88309 -0.0463235 -0.466911 72.2553
-0.483129 0.0435411 0.874466 136.998 -0.0208481 0.997907 -0.0612057 -4.9435 -0.875301 -0.0478012 -0.48121 71.6773
-0.499323 0.0415067 0.865421 138.076 -0.0216737 0.997941 -0.0603675 -5.02007 -0.866145 -0.0488997 -0.497395 71.0819
-0.514511 0.0401546 0.856543 139.145 -0.021452 0.997988 -0.0596714 -5.09524 -0.857215 -0.0490761 -0.512614 70.4671
-0.529638 0.0388833 0.847332 140.204 -0.0210366 0.998039 -0.0589484 -5.16956 -0.847963 -0.0490462 -0.527781 69.8333
-0.545828 0.0377604 0.837046 141.255 -0.0227671 0.997947 -0.059865 -5.24544 -0.837587 -0.0517331 -0.543848 69.1795
-0.560741 0.0361323 0.827203 142.293 -0.0238816 0.997926 -0.0597782 -5.31957 -0.827647 -0.0532749 -0.558714 68.5029
-0.575416 0.0352795 0.8171 143.325 -0.0244808 0.997878 -0.0603247 -5.395 -0.817494 -0.054715 -0.573331 67.8064
-0.590556 0.0351231 0.806232 144.345 -0.024466 0.997814 -0.0613904 -5.47113 -0.806625 -0.0559797 -0.588406 67.0893
-0.605241 0.0330832 0.795355 145.353 -0.0263073 0.997759 -0.0615214 -5.54772 -0.795608 -0.0581588 -0.603014 66.3506
-0.620812 0.0298014 0.783393 146.351 -0.0256623 0.997969 -0.0583007 -5.61803 -0.783539 -0.0562974 -0.618786 65.5861
-0.634517 0.0289405 0.772367 147.339 -0.0251204 0.997999 -0.0580319 -5.689 -0.772501 -0.0562244 -0.632519 64.8031
-0.649289 0.0276958 0.760037 148.311 -0.0245176 0.998055 -0.0573142 -5.75671 -0.760146 -0.0558478 -0.647347 63.9956
-0.664687 0.027928 0.7466 149.268 -0.0265542 0.997787 -0.0609649 -5.83354 -0.74665 -0.0603479 -0.662473 63.1688
-0.679502 0.0270863 0.733173 150.211 -0.0283538 0.997602 -0.0631335 -5.91389 -0.733125 -0.0636876 -0.677104 62.3216
-0.694846 0.0231828 0.718785 151.14 -0.0302436 0.997654 -0.0614133 -5.99146 -0.718523 -0.0644114 -0.692514 61.4527
-0.710696 0.0184522 0.703258 152.052 -0.0314751 0.997821 -0.0579889 -6.06481 -0.702795 -0.0633475 -0.708566 60.5603
-0.727066 0.016379 0.686373 152.948 -0.0316235 0.997855 -0.0573103 -6.13698 -0.685839 -0.0633738 -0.724988 59.6492
-0.744573 0.0143826 0.667386 153.818 -0.0329261 0.99776 -0.0582365 -6.21134 -0.666729 -0.0653357 -0.742431 58.7148
-0.761924 0.0117779 0.64756 154.665 -0.0347159 0.997655 -0.0589925 -6.28455 -0.646736 -0.0674283 -0.759727 57.7611
-0.778602 0.0112405 0.627418 155.487 -0.0342225 0.997591 -0.0603413 -6.35857 -0.626584 -0.0684536 -0.776341 56.781
-0.795028 0.00912203 0.606504 156.285 -0.0357882 0.99744 -0.0619143 -6.43964 -0.605516 -0.0709293 -0.792665 55.782
-0.809503 0.011197 0.587009 157.059 -0.0308306 0.997628 -0.0615457 -6.52008 -0.586306 -0.0679193 -0.807237 54.7632
-0.823613 0.0108297 0.567049 157.804 -0.0280173 0.99782 -0.0597504 -6.59847 -0.56646 -0.0650983 -0.821513 53.7211
-0.837853 0.0104809 0.545794 158.52 -0.0275415 0.997731 -0.0614386 -6.67816 -0.5452 -0.0665085 -0.835663 52.6596
-0.851291 0.0128962 0.524536 159.213 -0.0254034 0.997513 -0.065753 -6.7603 -0.524079 -0.0692999 -0.848845 51.5849
-0.863531 0.0138995 0.504105 159.88 -0.0222342 0.997599 -0.0655936 -6.84239 -0.503806 -0.0678504 -0.861148 50.4936
-0.874673 0.0116568 0.484574 160.522 -0.0226084 0.997642 -0.0648081 -6.92361 -0.484187 -0.0676413 -0.872346 49.3874
-0.884847 0.0130048 0.4657 161.14 -0.0207209 0.997523 -0.0672266 -7.00758 -0.46542 -0.0691349 -0.882385 48.267
-0.894455 0.0126293 0.446979 161.732 -0.0205167 0.997389 -0.0692375 -7.09686 -0.446686 -0.0711003 -0.891861 47.136
-0.902682 0.0136354 0.430092 162.304 -0.0185839 0.99733 -0.0706231 -7.18577 -0.429906 -0.071743 -0.900018 45.9936
-0.909909 0.0115301 0.414646 162.858 -0.0201739 0.997201 -0.0719992 -7.27711 -0.414316 -0.0738778 -0.907129 44.8411
-0.917617 0.0100812 0.397338 163.388 -0.0200299 0.997235 -0.0715591 -7.36765 -0.396961 -0.0736224 -0.914878 43.6778
-0.923486 0.00963936 0.383512 163.901 -0.0193533 0.997241 -0.0716674 -7.4579 -0.383145 -0.073606 -0.920751 42.5032
-0.929418 0.0090631 0.368917 164.395 -0.0186561 0.997266 -0.0715003 -7.54686 -0.368556 -0.0733363 -0.926708 41.3189
-0.935302 0.00632798 0.353795 164.867 -0.0195547 0.997388 -0.0695346 -7.63143 -0.35331 -0.0719542 -0.932735 40.1283
-0.939728 0.00364785 0.341902 165.328 -0.0205956 0.997524 -0.0672505 -7.71521 -0.341301 -0.0702389 -0.937326 38.9277
-0.943816 0.00327272 0.330455 165.772 -0.0196757 0.997621 -0.0660762 -7.79909 -0.329885 -0.0688657 -0.941506 37.7209
-0.947206 0.00507289 0.320586 166.201 -0.0165278 0.997773 -0.0646218 -7.88468 -0.3202 -0.0665087 -0.945012 36.5031
-0.949125 0.0090859 0.314768 166.621 -0.0129031 0.997622 -0.0677036 -7.97439 -0.314635 -0.0683207 -0.946751 35.2829
-0.951367 0.0100414 0.307895 167.029 -0.0113793 0.997641 -0.0676972 -8.0645 -0.307849 -0.0679085 -0.949008 34.0591
-0.953241 0.00965391 0.302058 167.43 -0.0108189 0.997759 -0.0660315 -8.15159 -0.302018 -0.0662119 -0.951 32.831
-0.955017 0.00435667 0.296519 167.825 -0.0153161 0.997833 -0.0639902 -8.23707 -0.296156 -0.0656532 -0.95288 31.5994
-0.957228 -0.000188757 0.289335 168.209 -0.0189403 0.997896 -0.0620107 -8.32037 -0.288714 -0.0648384 -0.955217 30.3607
-0.958451 -0.00480549 0.285215 168.588 -0.0238856 0.997699 -0.0634566 -8.40629 -0.284254 -0.0676326 -0.95636 29.1187
-0.959639 -0.00752948 0.281135 168.961 -0.0264161 0.997635 -0.0634508 -8.4932 -0.279993 -0.0683162 -0.957568 27.8719
-0.960604 -0.00704906 0.27783 169.329 -0.0260963 0.997549 -0.0649192 -8.58193 -0.276691 -0.0696119 -0.958434 26.6236
-0.960343 -0.00832319 0.278698 169.698 -0.0280335 0.997372 -0.0668124 -8.67328 -0.277409 -0.0719757 -0.958052 25.376
-0.96029 -0.00645736 0.27893 170.063 -0.0265315 0.997315 -0.0682535 -8.76803 -0.27774 -0.0729435 -0.957883 24.1254
-0.959861 -0.0040532 0.280447 170.431 -0.0244354 0.997302 -0.0692192 -8.8632 -0.279409 -0.0732936 -0.95737 22.8751
-0.959227 -0.00281669 0.282623 170.8 -0.0234414 0.997298 -0.0696211 -8.95792 -0.281664 -0.0734075 -0.956701 21.6249
-0.958871 -1.79232e-05 0.283843 171.168 -0.0202764 0.99745 -0.0684342 -9.04951 -0.283118 -0.0713748 -0.956425 20.3727
-0.957654 -0.0020755 0.287913 171.542 -0.0226129 0.997427 -0.0680247 -9.14064 -0.287031 -0.0716547 -0.955237 19.1218
-0.956913 -0.00415543 0.290343 171.916 -0.0252405 0.997303 -0.0689141 -9.23308 -0.289273 -0.0732732 -0.954438 17.8731
-0.955951 -0.00403051 0.293498 172.297 -0.0244396 0.997527 -0.0659035 -9.32093 -0.292506 -0.0701734 -0.953685 16.6241
-0.954103 -0.00444894 0.299444 172.684 -0.0247926 0.997631 -0.0641735 -9.4105 -0.298449 -0.0686521 -0.951953 15.3769
-0.951814 -0.00798082 0.306571 173.08 -0.0282932 0.997683 -0.0618699 -9.49649 -0.305367 -0.0675625 -0.949835 14.1331
-0.949829 -0.00804009 0.312664 173.485 -0.0274618 0.997953 -0.0577629 -9.57684 -0.311559 -0.0634512 -0.948106 12.8912
-0.946325 -0.00721695 0.323137 173.903 -0.027498 0.997924 -0.0582417 -9.65777 -0.322045 -0.0640011 -0.944558 11.6568
-0.942878 -0.00125387 0.333136 174.336 -0.0214562 0.998146 -0.0569707 -9.73813 -0.332447 -0.0608642 -0.941156 10.429
-0.93933 -0.000637676 0.343014 174.781 -0.0213009 0.998177 -0.0564761 -9.81625 -0.342352 -0.0603561 -0.937631 9.20609
-0.934776 -0.00363623 0.35522 175.239 -0.0253386 0.998083 -0.0564627 -9.89392 -0.354333 -0.0617807 -0.933076 7.99082
-0.929848 -0.000249826 0.367942 175.712 -0.0224993 0.998167 -0.0561815 -9.97235 -0.367253 -0.0605187 -0.92815 6.78113
-0.924258 0.00278473 0.381759 176.203 -0.0195649 0.998314 -0.0546498 -10.0474 -0.381267 -0.0579795 -0.922645 5.58006
-0.918851 0.00182587 0.394599 176.708 -0.0212128 0.998315 -0.0540148 -10.1207 -0.394033 -0.0580021 -0.917264 4.38683
-0.913373 0.000900884 0.407122 177.231 -0.0227437 0.998323 -0.0532343 -10.1947 -0.406487 -0.0578823 -0.911821 3.2039
-0.906972 0.000809146 0.421189 177.769 -0.0225727 0.998468 -0.0505254 -10.2676 -0.420584 -0.0553325 -0.905564 2.02802
-0.900896 0.00157113 0.434031 178.324 -0.0216856 0.998582 -0.0486264 -10.3377 -0.433492 -0.0532195 -0.899584 0.861425
-0.893457 0.00109841 0.449147 178.898 -0.0212357 0.998776 -0.0446854 -10.4029 -0.448645 -0.0494624 -0.89234 -0.29533
-0.886584 -0.00129772 0.462566 179.488 -0.0230794 0.998875 -0.0414331 -10.465 -0.461992 -0.0474096 -0.885616 -1.44122
-0.877511 -0.00394715 0.47954 180.097 -0.0243885 0.99904 -0.0364053 -10.5206 -0.478935 -0.0436413 -0.876764 -2.57287
-0.868546 -0.00108538 0.495607 180.725 -0.0211656 0.999167 -0.0349043 -10.5759 -0.495155 -0.0408058 -0.867845 -3.69096
-0.85843 -0.00248286 0.512925 181.374 -0.0224936 0.999209 -0.0328085 -10.6292 -0.512437 -0.0397013 -0.857806 -4.79465
-0.848227 -0.00376742 0.529619 182.044 -0.0257036 0.999089 -0.0340594 -10.6835 -0.529008 -0.0425032 -0.847552 -5.88352
-0.836973 -0.000261541 0.547243 182.736 -0.0212015 0.999265 -0.0319487 -10.7346 -0.546832 -0.0383426 -0.836363 -6.95705
-0.82458 -0.00164434 0.565743 183.451 -0.0233375 0.999244 -0.0311105 -10.7843 -0.565264 -0.0388561 -0.823994 -8.01245
-0.811859 0.000514863 0.583854 184.188 -0.0220171 0.999261 -0.0314963 -10.8353 -0.583438 -0.0384253 -0.811248 -9.05095
-0.797619 0.00217686 0.603157 184.95 -0.018484 0.999436 -0.0280504 -10.8786 -0.602877 -0.0335223 -0.797129 -10.0684
-0.781177 0.00432467 0.624294 185.735 -0.0153142 0.999543 -0.0260867 -10.9195 -0.624121 -0.0299389 -0.780754 -11.0651
-0.765893 0.00396538 0.642955 186.544 -0.0153888 0.999582 -0.0244961 -10.9566 -0.642783 -0.0286557 -0.765512 -12.0405
-0.747981 0.00479946 0.663702 187.375 -0.0159652 0.999555 -0.0252207 -10.9952 -0.663527 -0.0294607 -0.747571 -12.9871
-0.728747 0.00475059 0.684766 188.232 -0.0157661 0.999595 -0.0237135 -11.0319 -0.684601 -0.0280772 -0.728377 -13.9087
-0.709679 0.00500309 0.704507 189.11 -0.0145598 0.999657 -0.0217658 -11.0681 -0.704374 -0.0257042 -0.709363 -14.803
-0.690293 0.00595828 0.723505 190.012 -0.014571 0.999649 -0.0221345 -11.1038 -0.723383 -0.0258215 -0.689964 -15.6717
-0.669334 0.00497365 0.742945 190.937 -0.0165957 0.999628 -0.0216434 -11.139 -0.742776 -0.0268163 -0.669002 -16.5129
-0.64912 0.0037963 0.760676 191.88 -0.0166022 0.999679 -0.0191565 -11.1729 -0.760505 -0.0250638 -0.648848 -17.3262
-0.626543 0.00282407 0.779382 192.845 -0.0161472 0.999732 -0.0166032 -11.2043 -0.779219 -0.0229874 -0.626329 -18.1094
-0.602905 0.00349259 0.797805 193.828 -0.0157317 0.999744 -0.0162652 -11.2334 -0.797657 -0.0223572 -0.602696 -18.8627
-0.577232 0.00627222 0.816556 194.832 -0.0128205 0.999778 -0.0167425 -11.2611 -0.81648 -0.0201329 -0.577023 -19.5818
-0.551613 0.00363794 0.834092 195.855 -0.0145449 0.999797 -0.0139797 -11.2848 -0.833973 -0.0198431 -0.551448 -20.2683
-0.524255 0.00451382 0.851549 196.897 -0.0156293 0.999767 -0.0149216 -11.309 -0.851417 -0.0211318 -0.524062 -20.9191
-0.495681 0.00329101 0.868498 197.957 -0.0143478 0.999826 -0.0119775 -11.33 -0.868385 -0.0183981 -0.495548 -21.5347
-0.466179 0.00347557 0.884683 199.036 -0.0126727 0.999864 -0.0106059 -11.35 -0.884599 -0.0161555 -0.466072 -22.115
-0.434465 0.00389697 0.90068 200.129 -0.0122477 0.999873 -0.0102341 -11.3698 -0.900605 -0.0154776 -0.434362 -22.6559
-0.400977 0.00483594 0.916075 201.236 -0.00970039 0.999908 -0.00952449 -11.3854 -0.916036 -0.0127054 -0.400893 -23.1527
-0.370997 0.00434217 0.928624 202.354 -0.00694983 0.999948 -0.00745223 -11.4001 -0.928608 -0.00921853 -0.370947 -23.6128
-0.339196 0.00300859 0.940711 203.482 -0.00588198 0.999969 -0.005319 -11.4096 -0.940697 -0.00733742 -0.339168 -24.0364
-0.306996 0.00346622 0.951704 204.623 -0.0053752 0.999971 -0.00537593 -11.4191 -0.951695 -0.00676599 -0.306969 -24.4202
-0.272149 0.00287118 0.96225 205.774 -0.00571251 0.999973 -0.00459939 -11.4307 -0.962238 -0.00674859 -0.272125 -24.7608
-0.23649 0.000689019 0.971633 206.927 -0.00551381 0.999983 -0.00205116 -11.4328 -0.971618 -0.00584248 -0.236482 -25.0606
-0.204385 -0.00129752 0.978889 208.089 -0.00461747 0.99999 0.000361391 -11.4357 -0.978879 -0.00444613 -0.204389 -25.3255
-0.169933 0.000747378 0.985455 209.257 -0.00242773 0.999997 -0.00117705 -11.441 -0.985452 -0.00259244 -0.169931 -25.5482
-0.136098 -0.000189884 0.990695 210.429 0.000208564 1 0.000220311 -11.4423 -0.990695 0.000236606 -0.136098 -25.7266
-0.103577 0.000652907 0.994621 211.604 0.000173344 1 -0.000638395 -11.4404 -0.994621 0.000106287 -0.103577 -25.8604
-0.0723349 -0.000279473 0.99738 212.781 0.00222284 0.999998 0.00044141 -11.4382 -0.997378 0.00224894 -0.0723342 -25.9588
-0.0403736 0.000835133 0.999184 213.961 0.00284371 0.999996 -0.000720914 -11.4345 -0.99918 0.00281229 -0.0403759 -26.0053
-0.00674063 -0.00082927 0.999977 215.133 0.00405014 0.999992 0.000856576 -11.4345 -0.999969 0.00405581 -0.00673732 -26.0129
0.0238491 -0.00104063 0.999715 216.3 0.00760633 0.999971 0.000859438 -11.4339 -0.999686 0.00758366 0.0238562 -25.9841
0.0523873 -0.00165884 0.998625 217.462 0.0106614 0.999943 0.00110174 -11.4297 -0.99857 0.010589 0.0524019 -25.9227
0.0813602 -0.00260839 0.996681 218.617 0.0120349 0.999927 0.00163446 -11.4262 -0.996612 0.0118619 0.0813855 -25.8328
0.108903 -0.00193531 0.99405 219.765 0.0152758 0.999884 0.000273121 -11.4213 -0.993935 0.0151552 0.108919 -25.7058
0.135956 -0.00273933 0.990711 220.909 0.0201504 0.999797 -8.20809e-07 -11.4152 -0.99051 0.0199634 0.135984 -25.5432
0.163177 -0.00255986 0.986593 222.05 0.02225 0.999752 -0.00108603 -11.4141 -0.986346 0.0221289 0.163193 -25.3563
0.189379 -0.00401998 0.981895 223.182 0.0276487 0.999617 -0.0012401 -11.4174 -0.981514 0.0273829 0.189418 -25.1361
0.214813 -0.00635505 0.976634 224.307 0.0306436 0.999531 -0.000236099 -11.4191 -0.976174 0.0299782 0.214907 -24.8865
0.239968 -0.0070494 0.970755 225.428 0.0347726 0.999395 -0.00133832 -11.4252 -0.970157 0.0340768 0.240068 -24.6097
0.265887 -0.00779531 0.963972 226.543 0.036161 0.999345 -0.00189275 -11.4335 -0.963325 0.0353615 0.265994 -24.3094
0.292549 -0.00829867 0.956214 227.658 0.0378712 0.999279 -0.00291407 -11.4466 -0.9555 0.0370654 0.292652 -23.9755
0.31978 -0.00953288 0.947443 228.766 0.0403498 0.99918 -0.00356541 -11.4639 -0.946632 0.0393693 0.319902 -23.6059
0.347679 -0.00867641 0.937573 229.87 0.042755 0.999064 -0.00660934 -11.4852 -0.936638 0.0423838 0.347725 -23.2021
0.375936 -0.00672725 0.926621 230.963 0.0438105 0.998985 -0.0105216 -11.504 -0.925609 0.0445511 0.375849 -22.769
0.402722 -0.00656558 0.915298 232.045 0.0465338 0.998829 -0.0133097 -11.5287 -0.914138 0.0479523 0.402556 -22.2933
0.4296 -0.00803537 0.902983 233.114 0.0470589 0.998802 -0.0135005 -11.5536 -0.901792 0.0482932 0.429463 -21.7858
0.454925 -0.0104763 0.890467 234.165 0.0494662 0.998685 -0.013522 -11.578 -0.889154 0.0501995 0.454845 -21.247
0.478699 -0.00919679 0.877931 235.205 0.0483015 0.998707 -0.0158748 -11.6041 -0.876649 0.0500046 0.478524 -20.6869
0.499743 -0.00961414 0.86612 236.233 0.0483137 0.998692 -0.0167909 -11.6328 -0.864825 0.0502365 0.499554 -20.0929
0.51931 -0.00993027 0.854528 237.25 0.0492827 0.998617 -0.0183452 -11.6608 -0.853163 0.0516403 0.519081 -19.4757
0.536648 -0.0129517 0.843706 238.257 0.0504509 0.998587 -0.0167605 -11.6865 -0.842296 0.0515602 0.536543 -18.8349
0.552762 -0.014599 0.833211 239.255 0.0517415 0.998519 -0.0168305 -11.7122 -0.831731 0.0524148 0.552698 -18.1723
0.567616 -0.0191981 0.823069 240.246 0.0557889 0.998328 -0.0151878 -11.7358 -0.821401 0.0545389 0.567737 -17.4914
0.582905 -0.021255 0.812262 241.224 0.0579781 0.998198 -0.0154864 -11.7598 -0.810469 0.0561204 0.583087 -16.7926
0.597586 -0.0218027 0.801508 242.19 0.0615261 0.99793 -0.0187266 -11.7899 -0.79944 0.0605044 0.59769 -16.0747
0.612306 -0.0229261 0.790288 243.145 0.0629211 0.997823 -0.0198039 -11.8204 -0.788113 0.0618518 0.612415 -15.3348
0.626744 -0.025065 0.778821 244.091 0.0635334 0.997799 -0.0190152 -11.8511 -0.77663 0.0613988 0.626957 -14.5753
0.641292 -0.0284233 0.766769 245.021 0.0648918 0.997743 -0.0172874 -11.8793 -0.764547 0.0608433 0.641689 -13.7964
0.655107 -0.030135 0.754934 245.943 0.0670095 0.997585 -0.0183277 -11.907 -0.752558 0.0625943 0.655544 -12.9972
0.668758 -0.0294406 0.742896 246.85 0.067937 0.997456 -0.0216286 -11.9359 -0.740369 0.0649344 0.669056 -12.1824
0.680315 -0.0292886 0.732334 247.747 0.0691829 0.997307 -0.0243829 -11.9703 -0.729647 0.067253 0.680508 -11.3531
0.692289 -0.0294561 0.721019 248.635 0.068525 0.997336 -0.02505 -12.0044 -0.718359 0.0667496 0.692462 -10.5057
0.70427 -0.0306568 0.70927 249.511 0.0691179 0.997283 -0.0255252 -12.0424 -0.706559 0.0669998 0.704474 -9.64213
0.715275 -0.0324091 0.69809 250.386 0.070582 0.997167 -0.0260257 -12.0847 -0.695269 0.0678882 0.715536 -8.76009
0.727366 -0.0328313 0.685463 251.251 0.0716895 0.997026 -0.028318 -12.1332 -0.682494 0.069738 0.727556 -7.85813
0.737647 -0.0344854 0.674305 252.102 0.0750932 0.99669 -0.0311743 -12.1802 -0.670997 0.0736313 0.737794 -6.94238
0.74626 -0.0362026 0.664669 252.945 0.0768393 0.996531 -0.0319936 -12.2312 -0.661204 0.0749481 0.746452 -6.01031
0.755804 -0.0376035 0.653716 253.778 0.0784831 0.996356 -0.0334265 -12.2842 -0.650076 0.0765695 0.756001 -5.06392
0.763454 -0.0389464 0.644687 254.603 0.0798162 0.996219 -0.0343374 -12.3359 -0.640911 0.0776714 0.763675 -4.10489
0.768817 -0.040565 0.63818 255.427 0.0810687 0.996117 -0.034347 -12.3879 -0.634309 0.078143 0.76912 -3.13266
0.773571 -0.0414225 0.632354 256.242 0.0800211 0.99626 -0.0326313 -12.4355 -0.628637 0.0758442 0.773992 -2.15181
0.775524 -0.0426209 0.629877 257.059 0.0809232 0.9962 -0.0322268 -12.4834 -0.62611 0.0759643 0.776025 -1.16082
0.778375 -0.0432656 0.626306 257.874 0.0821826 0.996061 -0.0333284 -12.5304 -0.622396 0.0774134 0.778864 -0.163432
0.780339 -0.0442098 0.623791 258.69 0.0830845 0.995985 -0.0333474 -12.577 -0.619812 0.0778496 0.780879 0.841272
0.781288 -0.0457686 0.62249 259.509 0.0842742 0.995912 -0.0325482 -12.6207 -0.618455 0.0778893 0.78195 1.84887
0.783585 -0.0480109 0.619426 260.326 0.0868077 0.995691 -0.0326386 -12.6634 -0.615189 0.0793461 0.784376 2.86129
0.786049 -0.0490945 0.616211 261.143 0.0878146 0.995601 -0.0326967 -12.7085 -0.611894 0.0798135 0.786902 3.87918
0.787023 -0.0503173 0.614867 261.963 0.088537 0.995564 -0.031855 -12.7532 -0.610536 0.0795091 0.787987 4.90069
0.789692 -0.0495914 0.611495 262.778 0.0868583 0.995726 -0.0314179 -12.7988 -0.607323 0.0779239 0.790624 5.92887
0.791469 -0.0501157 0.609151 263.588 0.0874112 0.99567 -0.0316581 -12.8462 -0.604926 0.078303 0.792422 6.96256
0.791966 -0.0498541 0.608527 264.402 0.0882549 0.995542 -0.0332985 -12.8957 -0.604153 0.0800767 0.792834 7.99704
0.793222 -0.0474894 0.607077 265.212 0.0851098 0.995816 -0.0333076 -12.9449 -0.602955 0.0780885 0.793944 9.03434
0.792932 -0.0462536 0.607552 266.023 0.083654 0.995937 -0.0333572 -12.9961 -0.60354 0.0772741 0.793579 10.0748
