1 0 0 0 0 1 0 0 0 0 1 0
0.999996 -0.00238333 -0.00153221 -0.00466501 0.00238783 0.999993 0.00294304 -0.0319743 0.00152518 -0.00294668 0.999995 1.52621
0.999996 -0.00251642 -0.00159559 -0.0144246 0.00252387 0.999986 0.00468322 -0.0481623 0.00158378 -0.00468723 0.999988 3.03122
0.99999 -0.00149461 -0.00423911 -0.0340826 0.00151606 0.999986 0.00506204 -0.058335 0.00423148 -0.00506841 0.999978 4.56044
0.99999 -0.000908011 -0.00429855 -0.0475362 0.000930282 0.999986 0.00518182 -0.0638625 0.00429378 -0.00518577 0.999977 6.04413
0.999974 -0.000908243 -0.00712946 -0.0697014 0.000950411 0.999982 0.00591338 -0.0699547 0.00712396 -0.00592001 0.999957 7.56958
0.999961 -0.00107348 -0.00877015 -0.0895849 0.00112602 0.999981 0.00598764 -0.0822017 0.00876356 -0.00599728 0.999944 9.07797
0.99996 -0.00205533 -0.00866066 -0.105589 0.00211104 0.999977 0.00642855 -0.0976158 0.00864725 -0.00644658 0.999942 10.5643
0.999931 -0.00354007 -0.0112075 -0.125703 0.00361415 0.999972 0.00659629 -0.106562 0.0111838 -0.00663634 0.999915 12.0751
0.999918 -0.00353238 -0.0123124 -0.15233 0.00362227 0.999967 0.00728551 -0.11525 0.0122863 -0.00732951 0.999898 13.5629
0.999925 -0.00304864 -0.01188 -0.179073 0.0031392 0.999966 0.00761147 -0.117585 0.0118564 -0.00764819 0.9999 15.0321
0.999904 -0.00188299 -0.0137575 -0.211341 0.00200147 0.999961 0.00860391 -0.119936 0.0137408 -0.00863062 0.999868 16.5261
0.999904 -0.000587977 -0.0138685 -0.241287 0.000722051 0.999953 0.00966444 -0.117653 0.0138622 -0.00967352 0.999857 18.0076
0.999916 5.50595e-05 -0.0129711 -0.268012 7.96007e-05 0.999946 0.0103808 -0.12149 0.0129709 -0.010381 0.999862 19.476
0.999893 0.000247397 -0.0146631 -0.297487 -8.14648e-05 0.999936 0.0113158 -0.124149 0.014665 -0.0113134 0.999828 20.9557
0.999915 0.000798657 -0.0129823 -0.321309 -0.000645335 0.99993 0.0118099 -0.123326 0.0129908 -0.0118005 0.999846 22.4186
0.999895 0.00188842 -0.0143487 -0.359465 -0.00170442 0.999916 0.0128247 -0.123225 0.0143717 -0.0127989 0.999815 23.8893
0.999898 0.00230258 -0.0141142 -0.388642 -0.0021172 0.999911 0.0131356 -0.116898 0.0141432 -0.0131044 0.999814 25.3427
0.999927 0.00269875 -0.0117754 -0.40482 -0.00255179 0.999919 0.0124776 -0.120288 0.0118081 -0.0124466 0.999853 26.7792
0.999911 0.00326066 -0.01297 -0.436598 -0.00311158 0.999929 0.0114979 -0.119409 0.0130066 -0.0114565 0.99985 28.2275
0.999918 0.00275693 -0.0124891 -0.464235 -0.00260691 0.999924 0.0120129 -0.121379 0.0125213 -0.0119794 0.99985 29.6613
0.999942 0.00127057 -0.0106592 -0.474982 -0.00112619 0.999908 0.0135403 -0.123216 0.0106755 -0.0135276 0.999852 31.0826
0.999932 -0.000277797 -0.0116585 -0.492643 0.000450617 0.99989 0.0148235 -0.124246 0.0116531 -0.0148277 0.999822 32.5119
0.999951 -0.00083299 -0.00990896 -0.508685 0.000977381 0.999893 0.0145758 -0.125407 0.00989577 -0.0145848 0.999845 33.9134
0.999946 -0.000675158 -0.010413 -0.535312 0.0008188 0.999904 0.0137963 -0.121101 0.0104027 -0.0138041 0.999851 35.306
0.999953 -0.000454891 -0.00967254 -0.559527 0.000587297 0.999906 0.0136903 -0.109937 0.00966541 -0.0136953 0.99986 36.6781
0.999975 -0.00024078 -0.0070594 -0.568833 0.000334333 0.999912 0.0132541 -0.102184 0.0070556 -0.0132561 0.999887 38.0405
0.999974 0.00032843 -0.00713281 -0.588857 -0.00022697 0.999899 0.0142205 -0.0957773 0.00713677 -0.0142185 0.999873 39.3858
0.999986 -9.94261e-05 -0.00534349 -0.608389 0.000184783 0.999872 0.0159758 -0.0874971 0.00534122 -0.0159766 0.999858 40.7132
0.999997 -0.000201877 -0.00245584 -0.61564 0.000244194 0.999851 0.0172429 -0.0881513 0.002452 -0.0172435 0.999848 42.0175
0.999999 5.17244e-05 -0.00118097 -0.627709 -3.09734e-05 0.999846 0.0175638 -0.0755079 0.0011817 -0.0175637 0.999845 43.3023
0.999995 -0.000398001 0.0031631 -0.625213 0.000343172 0.99985 0.0173156 -0.0658852 -0.00316952 -0.0173144 0.999845 44.5693
0.999982 -0.00144853 0.00582721 -0.634212 0.00135397 0.999868 0.0161981 -0.0687075 -0.0058499 -0.01619 0.999852 45.8219
0.999935 -0.00152374 0.0112642 -0.622626 0.00135248 0.999884 0.0151964 -0.0680443 -0.011286 -0.0151802 0.999821 47.0526
0.999916 -0.00120478 0.0128981 -0.622028 0.00100912 0.999884 0.0151654 -0.0628633 -0.0129149 -0.0151511 0.999802 48.2879
0.999815 -0.00113446 0.0192137 -0.604209 0.000836405 0.999879 0.0155136 -0.0620335 -0.019229 -0.0154946 0.999695 49.501
0.999672 -5.76289e-05 0.0256028 -0.586105 -0.000333018 0.999884 0.0152535 -0.0519171 -0.0256007 -0.015257 0.999556 50.7014
0.999425 0.00113196 0.0338925 -0.560299 -0.00166012 0.999877 0.0155594 -0.0373238 -0.0338707 -0.0156067 0.999304 51.888
0.999139 0.00127766 0.0414592 -0.531846 -0.00197166 0.999858 0.0167029 -0.0302971 -0.0414319 -0.0167703 0.999001 53.0691
0.998605 0.00335441 0.0526989 -0.478891 -0.00423626 0.999853 0.0166309 -0.0204001 -0.0526354 -0.016831 0.998472 54.241
0.997873 0.00503442 0.0649936 -0.422212 -0.00615022 0.999837 0.0169792 -0.00966115 -0.0648975 -0.0173428 0.997741 55.4035
0.99679 0.00646055 0.0798002 -0.349168 -0.00787848 0.999816 0.0174664 -0.00429111 -0.0796727 -0.0180391 0.996658 56.541
0.995251 0.00747494 0.0970541 -0.252513 -0.00932783 0.999782 0.0186517 0.00295326 -0.0968935 -0.0194684 0.995104 57.6699
0.993441 0.0077815 0.114085 -0.147719 -0.0100534 0.999762 0.0193523 0.0092942 -0.113907 -0.0203723 0.993282 58.7852
0.991077 0.00740754 0.133087 -0.0141737 -0.0101672 0.999747 0.0200682 0.0202788 -0.132905 -0.0212422 0.990901 59.8851
0.988043 0.00664439 0.154033 0.144647 -0.00975889 0.999763 0.0194724 0.0284666 -0.153867 -0.0207427 0.987874 60.9748
0.984677 0.00467575 0.174326 0.312767 -0.00819647 0.999776 0.0194817 0.0433965 -0.174196 -0.0206121 0.984495 62.0435
0.980337 -0.000217956 0.197332 0.515855 -0.00412463 0.999758 0.0215953 0.0479853 -0.197289 -0.0219846 0.980099 63.106
0.975616 -0.00512931 0.219426 0.735293 2.52463e-05 0.999729 0.0232575 0.058307 -0.219486 -0.0226848 0.975352 64.1366
0.969875 -0.00968359 0.243411 0.979747 0.00419192 0.999725 0.0230692 0.0670669 -0.243568 -0.0213538 0.969649 65.148
0.962989 -0.0151052 0.269119 1.26129 0.00946811 0.999708 0.0222321 0.0592939 -0.269376 -0.0188612 0.96285 66.1504
0.955466 -0.0178385 0.294561 1.547 0.0116091 0.999671 0.0228832 0.0704789 -0.294872 -0.0184445 0.955359 67.12
0.94641 -0.02029 0.322329 1.87463 0.013197 0.99962 0.0241755 0.0871029 -0.322698 -0.0186261 0.946319 68.0865
0.936625 -0.0246607 0.349465 2.21975 0.0163118 0.999507 0.0268139 0.0924127 -0.349954 -0.0194142 0.936566 69.0213
0.925461 -0.0271548 0.377869 2.59189 0.0179698 0.999451 0.0278127 0.101081 -0.378417 -0.0189493 0.925441 69.9421
0.912802 -0.0266882 0.407529 2.98255 0.0168577 0.999474 0.0276949 0.136209 -0.408054 -0.01841 0.912772 70.8422
0.899698 -0.0269595 0.43568 3.39711 0.0185063 0.999549 0.0236349 0.15126 -0.436121 -0.0132014 0.899791 71.7146
0.885206 -0.028574 0.464322 3.8348 0.0205895 0.99954 0.022258 0.170762 -0.464744 -0.0101428 0.885387 72.5635
0.86882 -0.0299334 0.494222 4.30662 0.0205315 0.99949 0.0244424 0.181627 -0.494702 -0.0110889 0.868992 73.4199
0.850946 -0.0297643 0.524409 4.79586 0.0167632 0.999423 0.0295239 0.200356 -0.524985 -0.0163325 0.850955 74.2404
0.83086 -0.0307106 0.555633 5.31802 0.0154274 0.999363 0.032167 0.215686 -0.556267 -0.0181543 0.830805 75.043
0.80966 -0.0252365 0.586356 5.84127 0.0102268 0.99953 0.0288978 0.233552 -0.58681 -0.0174009 0.809538 75.8109
0.78754 -0.0193934 0.615959 6.3995 0.00561934 0.999689 0.0242905 0.244035 -0.616238 -0.0156685 0.787404 76.5488
0.764415 -0.018144 0.644468 6.98715 0.00461877 0.999732 0.0226674 0.255662 -0.644707 -0.0143507 0.764295 77.2647
0.741151 -0.0205764 0.671023 7.60747 0.00490002 0.999669 0.0252419 0.259336 -0.671321 -0.01542 0.741007 77.955
0.716386 -0.0212976 0.697379 8.23966 0.00445882 0.999653 0.0259486 0.282014 -0.69769 -0.0154797 0.716233 78.6141
0.690207 -0.0205304 0.723321 8.89556 0.00323139 0.999675 0.0252909 0.286473 -0.723604 -0.0151186 0.690049 79.2504
0.664047 -0.0188924 0.747452 9.5551 0.00227656 0.999727 0.0232463 0.299202 -0.747687 -0.013735 0.663909 79.8467
0.636215 -0.0185736 0.771288 10.2538 0.00128262 0.999734 0.0230169 0.313971 -0.77151 -0.0136545 0.63607 80.4364
0.608524 -0.0181605 0.793327 10.9571 0.000450533 0.999746 0.0225401 0.320802 -0.793535 -0.0133588 0.608378 80.9914
0.579486 -0.0127297 0.814883 11.6912 -0.0023187 0.999848 0.017268 0.3323 -0.814979 -0.0118961 0.579369 81.5249
0.548422 -0.004658 0.836189 12.4487 -0.00390068 0.999959 0.00812857 0.335912 -0.836193 -0.0077196 0.548381 82.0385
0.517601 0.00222682 0.855619 13.2153 -0.0060239 0.999981 0.00104157 0.336083 -0.855601 -0.00569329 0.517605 82.5178
0.485985 0.0061078 0.873946 14.0075 -0.00873184 0.99996 -0.00213289 0.332796 -0.873923 -0.00659461 0.486019 82.9743
0.452682 0.00610091 0.891651 14.8335 -0.0112924 0.999936 -0.0011088 0.33432 -0.8916 -0.00956695 0.452722 83.4086
0.419813 0.00563413 0.907593 15.666 -0.0160579 0.99987 0.0012207 0.333983 -0.907468 -0.0150865 0.419849 83.8098
0.384849 0.0067658 0.922955 16.5327 -0.0209238 0.99978 0.00139571 0.331273 -0.922742 -0.0198489 0.384906 84.1872
0.35008 0.00766942 0.936688 17.3944 -0.0268963 0.999636 0.00186745 0.32296 -0.936333 -0.0258472 0.350159 84.5372
0.314098 0.00929686 0.949345 18.2772 -0.0317064 0.999497 0.00070229 0.322137 -0.948861 -0.0303209 0.314235 84.8588
0.278168 0.00836576 0.960496 19.1818 -0.0353742 0.999373 0.00154027 0.323779 -0.959881 -0.0344052 0.278289 85.1442
0.241888 0.00771027 0.970274 20.0965 -0.0365905 0.99933 0.00118079 0.325182 -0.969614 -0.0357884 0.242008 85.3956
0.206032 0.00678399 0.978522 21.0199 -0.0368999 0.999319 0.000841251 0.325783 -0.977849 -0.0362806 0.206142 85.6131
0.170253 0.00605871 0.985382 21.9754 -0.0354592 0.999371 -1.81342e-05 0.322047 -0.984762 -0.0349377 0.170361 85.7736
0.135306 0.00425866 0.990795 22.9249 -0.0301611 0.999545 -0.00017739 0.316644 -0.990344 -0.0298594 0.135373 85.9159
0.10118 0.00624979 0.994849 23.8827 -0.0293698 0.999563 -0.00329239 0.312689 -0.994434 -0.0288854 0.101319 86.0225
0.0690079 0.0110715 0.997555 24.8396 -0.0292154 0.999532 -0.00907244 0.321257 -0.997188 -0.0285179 0.0692991 86.0918
0.0393657 0.0127084 0.999144 25.8078 -0.0249829 0.999619 -0.0117302 0.298993 -0.998912 -0.0244998 0.0396683 86.1371
0.0127531 0.0117629 0.999849 26.7859 -0.0228453 0.999673 -0.0114694 0.281457 -0.999658 -0.0226956 0.0130178 86.1585
-0.00890345 0.0085272 0.999924 27.7706 -0.0229037 0.999699 -0.00872924 0.268753 -0.999698 -0.0229797 -0.00870535 86.1566
-0.0280821 0.00652776 0.999584 28.7605 -0.022837 0.999713 -0.00717019 0.257398 -0.999345 -0.0230289 -0.0279248 86.1381
-0.0453706 0.00795101 0.998939 29.7394 -0.0218411 0.999721 -0.00894925 0.242379 -0.998731 -0.022224 -0.0451842 86.1006
-0.0588877 0.0113908 0.9982 30.7213 -0.019992 0.999721 -0.0125876 0.228516 -0.998065 -0.0206972 -0.0586434 86.0452
-0.0711806 0.0141384 0.997363 31.7121 -0.0172325 0.999733 -0.0154019 0.20626 -0.997315 -0.0182833 -0.0709179 85.9794
-0.0811187 0.0177394 0.996547 32.6975 -0.0122548 0.999748 -0.0187939 0.187357 -0.996629 -0.013737 -0.0808807 85.8929
-0.0866082 0.0216141 0.996008 33.6978 -0.00982392 0.999697 -0.0225484 0.164181 -0.996194 -0.0117376 -0.0863696 85.8001
-0.0904961 0.0251552 0.995579 34.6921 -0.00870575 0.999623 -0.0260487 0.150341 -0.995859 -0.0110246 -0.0902429 85.7119
-0.0943668 0.0273736 0.995161 35.6872 -0.00794118 0.999569 -0.0282479 0.116607 -0.995506 -0.0105684 -0.0941087 85.6164
-0.0964802 0.029222 0.994906 36.6868 -0.00719271 0.999522 -0.0300551 0.0817937 -0.995309 -0.0100558 -0.0962238 85.5187
-0.0997026 0.0314445 0.99452 37.6845 -0.0070217 0.999453 -0.0323044 0.0460929 -0.994993 -0.0102041 -0.0994272 85.4181
-0.101024 0.0342377 0.994295 38.6844 -0.00572595 0.999371 -0.0349943 0.00971805 -0.994868 -0.00922853 -0.100764 85.3131
-0.103517 0.0347559 0.99402 39.698 -0.00404839 0.999366 -0.0353644 -0.0305311 -0.99462 -0.00768501 -0.103311 85.2039
-0.106608 0.0341406 0.993715 40.7098 -0.00305723 0.999394 -0.0346637 -0.0605457 -0.994297 -0.00673344 -0.106439 85.0974
-0.108382 0.0334601 0.993546 41.7374 -0.00344349 0.999415 -0.0340334 -0.101345 -0.994104 -0.00710989 -0.108204 84.9902
-0.110585 0.0337342 0.993294 42.7561 -0.00363214 0.999403 -0.034346 -0.146026 -0.99386 -0.00740591 -0.110396 84.8773
-0.113622 0.0350516 0.992906 43.7743 -0.00376152 0.999355 -0.0357098 -0.191977 -0.993517 -0.00779226 -0.113417 84.7614
-0.11593 0.0362677 0.992595 44.8104 -0.00498709 0.999299 -0.0370951 -0.24194 -0.993245 -0.00925059 -0.115668 84.6505
-0.119052 0.0388897 0.992126 45.8245 -0.00616905 0.999184 -0.0399067 -0.285709 -0.992869 -0.0108715 -0.118715 84.5348
-0.120875 0.0419273 0.991782 46.8789 -0.00879597 0.999023 -0.0433054 -0.337888 -0.992629 -0.0139582 -0.120388 84.4161
-0.123464 0.0434744 0.991396 47.9266 -0.0114559 0.998911 -0.0452305 -0.395558 -0.992283 -0.0169417 -0.122831 84.2943
-0.126696 0.042278 0.99104 48.9752 -0.0137479 0.99892 -0.0443718 -0.455322 -0.991847 -0.0192464 -0.125978 84.1652
-0.128892 0.0422345 0.990759 50.0418 -0.013768 0.99892 -0.0443736 -0.489657 -0.991563 -0.0193602 -0.128171 84.037
-0.131198 0.0405587 0.990526 51.1113 -0.0150637 0.998966 -0.0428995 -0.552764 -0.991242 -0.0205493 -0.130451 83.8899
-0.133639 0.0406579 0.990196 52.1597 -0.0155947 0.998948 -0.043122 -0.603417 -0.990908 -0.0212045 -0.132864 83.7558
-0.133961 0.042843 0.99006 53.2272 -0.0148179 0.998867 -0.045229 -0.656945 -0.990876 -0.0207295 -0.133175 83.6105
-0.134393 0.0440325 0.98995 54.2945 -0.0152002 0.998803 -0.0464899 -0.711582 -0.990812 -0.0212953 -0.133563 83.4649
-0.135123 0.0442172 0.989842 55.3616 -0.0162347 0.998771 -0.0468323 -0.766535 -0.990696 -0.0223979 -0.134239 83.319
-0.134328 0.0435618 0.989979 56.4439 -0.0187128 0.998744 -0.0464866 -0.819286 -0.990761 -0.0247697 -0.133344 83.1816
-0.134731 0.0431664 0.989942 57.522 -0.021067 0.9987 -0.0464155 -0.873009 -0.990659 -0.0271087 -0.133646 83.0454
-0.134597 0.0440636 0.98992 58.6004 -0.024473 0.998558 -0.0477757 -0.928095 -0.990598 -0.0306568 -0.133325 82.9098
-0.134914 0.0438156 0.989888 59.6773 -0.028008 0.998454 -0.048012 -0.990975 -0.990462 -0.0342023 -0.133478 82.7712
-0.136009 0.0433237 0.98976 60.754 -0.0309862 0.998368 -0.0479585 -1.05832 -0.990223 -0.0371917 -0.134445 82.6292
-0.135892 0.0391117 0.989951 61.8529 -0.0320214 0.998525 -0.0438461 -1.12949 -0.990206 -0.037658 -0.134439 82.4857
-0.136676 0.0320942 0.990096 62.9588 -0.0305194 0.998864 -0.0365915 -1.18775 -0.990146 -0.0352183 -0.135541 82.3339
-0.137892 0.02783 0.990056 64.0641 -0.0261613 0.999154 -0.0317294 -1.24083 -0.990102 -0.0302764 -0.137048 82.1804
-0.137129 0.0296423 0.99011 65.1755 -0.0208348 0.999245 -0.0328014 -1.29135 -0.990335 -0.0251267 -0.136407 82.0207
-0.137229 0.0341704 0.98995 66.2725 -0.0160779 0.999196 -0.0367183 -1.34149 -0.990409 -0.0209551 -0.13657 81.8555
-0.136377 0.0391812 0.989882 67.3779 -0.0144926 0.999032 -0.0415401 -1.39297 -0.990551 -0.020011 -0.135677 81.6939
-0.136238 0.0414618 0.989808 68.4959 -0.0149575 0.998924 -0.0439024 -1.45655 -0.990564 -0.0207863 -0.135472 81.5345
-0.137283 0.0408686 0.989689 69.6151 -0.016116 0.998924 -0.0434855 -1.50423 -0.990401 -0.0219197 -0.136477 81.3804
-0.136582 0.0375928 0.989915 70.7528 -0.0171243 0.999041 -0.0403021 -1.55045 -0.990481 -0.0224562 -0.135808 81.2226
-0.136809 0.0357755 0.989951 71.892 -0.0177979 0.999097 -0.0385657 -1.59463 -0.990438 -0.0228952 -0.136048 81.0729
-0.137444 0.0359937 0.989856 73.0312 -0.0198923 0.999038 -0.0390897 -1.63935 -0.99031 -0.0250631 -0.136596 80.9222
-0.136692 0.0390345 0.989844 74.1767 -0.019188 0.998931 -0.0420426 -1.68806 -0.990428 -0.02474 -0.135797 80.7644
-0.13699 0.0411986 0.989716 75.3217 -0.0185876 0.998852 -0.0441517 -1.73937 -0.990398 -0.0244448 -0.136067 80.6064
-0.13626 0.0404505 0.989847 76.4706 -0.0186856 0.998883 -0.043392 -1.79307 -0.990497 -0.0244084 -0.135352 80.4512
-0.135898 0.0363338 0.990057 77.6321 -0.0155465 0.999126 -0.0388006 -1.83478 -0.990601 -0.0206648 -0.135214 80.293
-0.136702 0.034399 0.990015 78.7936 -0.0157014 0.999196 -0.036886 -1.87441 -0.990488 -0.020587 -0.136052 80.1339
-0.135877 0.036343 0.990059 79.9563 -0.0183451 0.999063 -0.0391913 -1.91582 -0.990556 -0.023488 -0.135083 79.9784
-0.135589 0.038003 0.990036 81.1163 -0.0196818 0.998963 -0.0410412 -1.97089 -0.99057 -0.0250505 -0.134701 79.8215
-0.136579 0.0378151 0.989908 82.2886 -0.0203385 0.998953 -0.0409668 -2.02233 -0.990421 -0.0257284 -0.135666 79.6667
-0.135469 0.0354009 0.990149 83.4705 -0.0201814 0.999055 -0.0384805 -2.05889 -0.990576 -0.0251955 -0.134626 79.511
-0.135069 0.034744 0.990227 84.6524 -0.0185235 0.999122 -0.0375828 -2.09452 -0.990663 -0.0234187 -0.134307 79.3558
-0.134996 0.0351221 0.990224 85.8388 -0.0169093 0.999144 -0.0377438 -2.13556 -0.990702 -0.0218392 -0.134286 79.1928
-0.133923 0.0349634 0.990375 87.0252 -0.0154299 0.999183 -0.0373608 -2.17614 -0.990872 -0.0202848 -0.133274 79.031
-0.133713 0.0351454 0.990397 88.2186 -0.0155869 0.999173 -0.0375612 -2.21968 -0.990898 -0.0204597 -0.133054 78.8687
-0.132082 0.035118 0.990617 89.4044 -0.0150982 0.999185 -0.0374349 -2.26049 -0.991124 -0.019901 -0.131444 78.7135
-0.131132 0.0339069 0.990785 90.615 -0.0139856 0.999252 -0.0360477 -2.31009 -0.991266 -0.0185837 -0.13056 78.5589
-0.130701 0.0328201 0.990879 91.8328 -0.0153615 0.999265 -0.0351242 -2.36058 -0.991303 -0.0198122 -0.130101 78.4025
-0.12909 0.0322396 0.991109 93.0396 -0.0143881 0.999305 -0.0343803 -2.41298 -0.991529 -0.0186983 -0.128536 78.2469
-0.127651 0.0323166 0.991293 94.255 -0.0162211 0.999267 -0.0346654 -2.46403 -0.991687 -0.020505 -0.127034 78.0958
-0.126959 0.0336531 0.991337 95.4859 -0.0168305 0.999207 -0.0360757 -2.51362 -0.991765 -0.0212648 -0.126292 77.9445
-0.125607 0.0328657 0.991536 96.7169 -0.0179883 0.999211 -0.0353989 -2.5617 -0.991917 -0.0222824 -0.124917 77.796
-0.125994 0.0313458 0.991536 97.956 -0.0203562 0.999208 -0.034175 -2.60339 -0.991822 -0.0244897 -0.125256 77.6485
-0.125605 0.0310255 0.991596 99.1931 -0.0231692 0.999146 -0.0341966 -2.65187 -0.99181 -0.0272697 -0.124779 77.5001
-0.126319 0.03089 0.991509 100.438 -0.0249393 0.9991 -0.0343038 -2.70136 -0.991676 -0.0290607 -0.125435 77.3549
-0.12824 0.0289078 0.991322 101.695 -0.0266393 0.999114 -0.0325812 -2.74957 -0.991385 -0.0305863 -0.127357 77.2021
-0.129021 0.0273833 0.991264 102.954 -0.0286791 0.999097 -0.0313325 -2.79716 -0.991227 -0.032471 -0.128119 77.0536
-0.130658 0.0261019 0.991084 104.21 -0.0301685 0.999086 -0.0302899 -2.83924 -0.990968 -0.0338571 -0.129751 76.9013
-0.13318 0.0261238 0.990748 105.467 -0.0307639 0.999062 -0.0304784 -2.88122 -0.990614 -0.0345383 -0.132251 76.7439
-0.135542 0.0252086 0.990451 106.721 -0.0298242 0.999119 -0.0295107 -2.92336 -0.990323 -0.0335393 -0.134671 76.5816
-0.139943 0.0224155 0.989906 107.98 -0.0302046 0.999182 -0.0268956 -2.95556 -0.989699 -0.0336636 -0.139152 76.4112
-0.143399 0.0219535 0.989422 109.226 -0.0301184 0.999194 -0.0265354 -2.9944 -0.989207 -0.033605 -0.142622 76.2452
-0.149263 0.0251851 0.988477 110.469 -0.0337835 0.998962 -0.0305537 -3.03572 -0.98822 -0.0379548 -0.148257 76.0822
-0.157702 0.0271955 0.987113 111.706 -0.0353184 0.998826 -0.0331607 -3.08565 -0.986855 -0.0400927 -0.156556 75.9016
-0.166194 0.0248789 0.98578 112.939 -0.0333355 0.998968 -0.0308318 -3.1384 -0.98553 -0.0379855 -0.165193 75.7066
-0.177237 0.0234899 0.983888 114.173 -0.032003 0.999049 -0.0296169 -3.18463 -0.983648 -0.0367366 -0.176317 75.4936
-0.190867 0.0242931 0.981316 115.408 -0.0319051 0.999012 -0.0309368 -3.24932 -0.981097 -0.0372138 -0.189903 75.2585
-0.204643 0.0235897 0.978553 116.614 -0.03247 0.998996 -0.0308729 -3.29417 -0.978298 -0.0380915 -0.203672 75.0198
-0.220198 0.0228562 0.975188 117.836 -0.0312199 0.999048 -0.0304649 -3.33178 -0.974955 -0.0371536 -0.219275 74.7586
-0.235094 0.0228652 0.971704 119.017 -0.0303459 0.999063 -0.0308509 -3.38653 -0.971499 -0.0367401 -0.23418 74.477
-0.250223 0.0263379 0.967831 120.206 -0.0295545 0.998956 -0.0348259 -3.42484 -0.967737 -0.037318 -0.249183 74.1852
-0.266602 0.0287502 0.963378 121.401 -0.0297818 0.998832 -0.03805 -3.47097 -0.963346 -0.0388354 -0.265434 73.8713
-0.281831 0.0271057 0.959082 122.568 -0.0313348 0.998807 -0.0374363 -3.51548 -0.958952 -0.0406033 -0.280646 73.5489
-0.29781 0.0228217 0.954353 123.744 -0.0349658 0.998782 -0.0347954 -3.56509 -0.953984 -0.0437322 -0.29665 73.2065
-0.314451 0.019661 0.949071 124.915 -0.0374487 0.99875 -0.0330979 -3.61098 -0.948535 -0.0459491 -0.313321 72.8442
-0.329025 0.0194242 0.944122 126.06 -0.0404957 0.998578 -0.0346573 -3.67248 -0.943452 -0.049636 -0.327771 72.4661
-0.344212 0.020254 0.938674 127.199 -0.0402585 0.998529 -0.0363084 -3.71696 -0.938028 -0.0502874 -0.342891 72.0692
-0.357499 0.0208994 0.93368 128.329 -0.039448 0.998519 -0.037455 -3.7699 -0.93308 -0.0502219 -0.356145 71.6554
-0.37154 0.0208322 0.928184 129.447 -0.038337 0.998551 -0.0377574 -3.82579 -0.927625 -0.0496122 -0.370203 71.2191
-0.385946 0.0198712 0.922308 130.567 -0.0377835 0.998588 -0.0373254 -3.87729 -0.921747 -0.0492536 -0.384651 70.7704
-0.399281 0.0184314 0.916644 131.679 -0.0385642 0.998575 -0.036877 -3.92866 -0.916017 -0.0500739 -0.398001 70.305
-0.413758 0.0189787 0.91019 132.773 -0.0386449 0.998515 -0.0383878 -3.97113 -0.909567 -0.0510574 -0.41241 69.831
-0.429123 0.0206079 0.903012 133.861 -0.0384245 0.998418 -0.041045 -4.01989 -0.902429 -0.0523111 -0.427652 69.33
-0.442679 0.0220907 0.896408 134.938 -0.0363603 0.998432 -0.0425609 -4.05684 -0.895943 -0.0514345 -0.441182 68.8185
-0.457256 0.0235596 0.889023 136.001 -0.033866 0.998463 -0.0438783 -4.11437 -0.88869 -0.0501713 -0.455755 68.2855
-0.472536 0.0265217 0.880913 137.062 -0.0328474 0.998322 -0.0476765 -4.16924 -0.880699 -0.0514646 -0.470872 67.7283
-0.486817 0.0282594 0.873047 138.115 -0.0319905 0.998229 -0.0501495 -4.22723 -0.872918 -0.0523428 -0.485051 67.1544
-0.502529 0.0266462 0.86415 139.175 -0.0320275 0.998265 -0.0494066 -4.28982 -0.863967 -0.0525049 -0.500804 66.5641
-0.517281 0.0244199 0.855468 140.228 -0.0328059 0.998292 -0.0483338 -4.3422 -0.855187 -0.0530665 -0.515596 65.9504
-0.533267 0.0237001 0.845615 141.276 -0.0333817 0.998239 -0.0490291 -4.40306 -0.845288 -0.0543737 -0.531537 65.3193
-0.549668 0.0226517 0.835077 142.314 -0.0350723 0.998125 -0.0501599 -4.46484 -0.834647 -0.0568593 -0.547843 64.6646
-0.564944 0.0215008 0.824849 143.342 -0.0357596 0.998083 -0.0505083 -4.52843 -0.824354 -0.0580306 -0.563092 63.9869
-0.580034 0.0209921 0.814322 144.36 -0.0364031 0.998001 -0.0516567 -4.5919 -0.813779 -0.0596065 -0.57811 63.2875
-0.59552 0.0205341 0.803079 145.372 -0.0368394 0.997923 -0.0528341 -4.6567 -0.802496 -0.0610487 -0.593526 62.5667
-0.610034 0.0184655 0.792161 146.37 -0.0379842 0.997898 -0.0525125 -4.7211 -0.791465 -0.062124 -0.60805 61.8273
-0.625326 0.0157696 0.780205 147.358 -0.0382932 0.997971 -0.0508627 -4.78101 -0.779424 -0.0616823 -0.623453 61.0628
-0.639476 0.0141775 0.768681 148.333 -0.0386188 0.997975 -0.050534 -4.84078 -0.767841 -0.0620008 -0.637633 60.28
-0.653913 0.0131552 0.756455 149.296 -0.0386756 0.99796 -0.050788 -4.90338 -0.755581 -0.0624673 -0.652071 59.4751
-0.669033 0.0122742 0.743132 150.239 -0.04058 0.997769 -0.0530136 -4.97208 -0.742125 -0.0656241 -0.667042 58.6578
-0.68366 0.0111007 0.729717 151.174 -0.042837 0.99755 -0.0553083 -5.04587 -0.728543 -0.0690709 -0.681509 57.8163
-0.699121 0.00780352 0.714961 152.095 -0.0445747 0.99752 -0.0544747 -5.11884 -0.713613 -0.0699536 -0.697039 56.9493
-0.715262 0.00313279 0.69885 152.997 -0.0468669 0.997524 -0.0524392 -5.18017 -0.697284 -0.0702607 -0.713343 56.0624
-0.73145 0.000602504 0.681895 153.895 -0.0484278 0.997429 -0.0528284 -5.24923 -0.680174 -0.071664 -0.72954 55.1511
-0.748279 -0.00113434 0.663384 154.768 -0.0493824 0.997319 -0.0539967 -5.32562 -0.661544 -0.0731641 -0.746329 54.2118
-0.765253 -0.00453849 0.643714 155.616 -0.0526158 0.99707 -0.0555203 -5.39762 -0.641577 -0.0763566 -0.763249 53.2517
-0.781652 -0.0053495 0.623693 156.436 -0.052675 0.996957 -0.0574646 -5.47151 -0.621488 -0.0777703 -0.779554 52.267
-0.797913 -0.00616658 0.602741 157.221 -0.0529052 0.996805 -0.0598381 -5.56692 -0.600447 -0.0796337 -0.79569 51.2657
-0.812459 -0.00390708 0.583006 157.989 -0.0482797 0.996994 -0.0605996 -5.65499 -0.581017 -0.077382 -0.810205 50.2455
-0.826721 -0.00403584 0.562598 158.724 -0.0456976 0.997152 -0.0599981 -5.74094 -0.560754 -0.0753111 -0.82455 49.1958
-0.84092 -0.00286437 0.541152 159.427 -0.0438186 0.997063 -0.0628142 -5.82067 -0.539382 -0.0765343 -0.838576 48.1332
-0.853922 -0.00238798 0.520396 160.121 -0.0434666 0.996822 -0.0667505 -5.89869 -0.518583 -0.0796196 -0.851312 47.0591
-0.866328 -0.00135766 0.499474 160.774 -0.0404905 0.996896 -0.0675203 -5.97991 -0.497832 -0.0787187 -0.863694 45.9657
-0.877791 -0.00220704 0.479038 161.404 -0.0387759 0.997035 -0.0664596 -6.06438 -0.477472 -0.0769128 -0.875274 44.8521
-0.88751 -0.000301418 0.460788 162.01 -0.0360511 0.99698 -0.0687847 -6.15133 -0.459376 -0.077659 -0.884841 43.7275
-0.896968 5.96275e-05 0.442095 162.587 -0.0351922 0.996817 -0.0715359 -6.24924 -0.440693 -0.0797238 -0.894111 42.6002
-0.905128 -0.000572809 0.425138 163.15 -0.0347877 0.996745 -0.0727208 -6.33531 -0.423713 -0.0806113 -0.902202 41.4573
-0.912722 -0.00250542 0.408574 163.689 -0.0354115 0.996704 -0.0729946 -6.42386 -0.407044 -0.081092 -0.909802 40.3017
-0.919982 -0.00378185 0.391944 164.204 -0.0352222 0.996706 -0.0730573 -6.51298 -0.390376 -0.0810165 -0.917084 39.1383
-0.925896 -0.00481173 0.377747 164.704 -0.0350472 0.996701 -0.0732083 -6.60427 -0.376148 -0.0810223 -0.92301 37.9652
-0.931517 -0.00758812 0.363618 165.186 -0.0365706 0.996669 -0.0728877 -6.70094 -0.361854 -0.0811939 -0.928692 36.783
-0.937062 -0.0114681 0.348975 165.645 -0.0384415 0.996773 -0.0704664 -6.78962 -0.347041 -0.0794465 -0.934479 35.5892
-0.941355 -0.0149261 0.337087 166.097 -0.0400528 0.996901 -0.0677099 -6.878 -0.335031 -0.0772404 -0.939036 34.3868
-0.945398 -0.0145874 0.325593 166.521 -0.0382607 0.997058 -0.0664238 -6.96766 -0.323666 -0.0752543 -0.943174 33.1705
-0.948856 -0.0131014 0.315438 166.925 -0.0357041 0.997182 -0.0659829 -7.06467 -0.313685 -0.0738708 -0.946649 31.9461
-0.950655 -0.0081532 0.310142 167.323 -0.030649 0.997233 -0.0677301 -7.16313 -0.308732 -0.0738936 -0.948274 30.7205
-0.952421 -0.00753428 0.304692 167.715 -0.0295771 0.997261 -0.0677938 -7.25322 -0.303347 -0.0735802 -0.950035 29.5052
-0.954257 -0.00935303 0.298841 168.101 -0.0309261 0.997237 -0.0675421 -7.34964 -0.297383 -0.0736945 -0.95191 28.2771
-0.955481 -0.0145728 0.294694 168.496 -0.0351575 0.997287 -0.0646741 -7.4393 -0.292952 -0.0721556 -0.953401 27.0463
-0.957432 -0.0191551 0.288023 168.879 -0.0389429 0.997245 -0.0631299 -7.52667 -0.286021 -0.071659 -0.95554 25.8122
-0.958412 -0.0242247 0.284359 169.269 -0.0441884 0.996971 -0.0640012 -7.61365 -0.281947 -0.0739049 -0.956579 24.5774
-0.959297 -0.027666 0.28104 169.648 -0.0479831 0.996687 -0.0656692 -7.7027 -0.278292 -0.0764815 -0.957447 23.3409
-0.960244 -0.0282848 0.277727 170.01 -0.0486081 0.996597 -0.0665657 -7.79576 -0.274899 -0.0774191 -0.958351 22.1087
-0.960221 -0.0278777 0.277848 170.384 -0.0485678 0.996512 -0.0678622 -7.89551 -0.274987 -0.0786572 -0.958225 20.8795
-0.960181 -0.0262228 0.278144 170.742 -0.0471759 0.996507 -0.0689075 -7.99788 -0.275366 -0.0792855 -0.958064 19.64
-0.960212 -0.026159 0.278045 171.1 -0.0474409 0.996412 -0.0700898 -8.08923 -0.275214 -0.0804918 -0.958007 18.4127
-0.959483 -0.0256185 0.280598 171.465 -0.0472526 0.996385 -0.0706069 -8.18122 -0.277775 -0.0810052 -0.957225 17.1845
-0.959355 -0.0242978 0.281155 171.819 -0.0456709 0.996521 -0.0697173 -8.26917 -0.278483 -0.0797242 -0.957127 15.9472
-0.958007 -0.0244221 0.285703 172.195 -0.0461738 0.996503 -0.0696466 -8.3627 -0.283003 -0.0799139 -0.955784 14.7194
-0.95693 -0.0249534 0.289245 172.572 -0.0470113 0.996469 -0.0695646 -8.44884 -0.286488 -0.0801663 -0.954724 13.5051
-0.955884 -0.0250926 0.292672 172.952 -0.0467155 0.99665 -0.0671267 -8.53004 -0.290007 -0.0778376 -0.953854 12.2887
-0.953419 -0.0265409 0.300481 173.347 -0.048018 0.996774 -0.0643168 -8.62243 -0.297804 -0.0757493 -0.951617 11.0798
-0.951191 -0.0266121 0.307454 173.742 -0.0479169 0.996928 -0.0619533 -8.70674 -0.304861 -0.0736617 -0.949544 9.87374
-0.949245 -0.0268968 0.313385 174.124 -0.0481177 0.997027 -0.0601774 -8.79527 -0.310835 -0.0722025 -0.947717 8.66368
-0.946018 -0.0256218 0.3231 174.54 -0.0478442 0.996989 -0.061024 -8.87874 -0.320563 -0.0731883 -0.944395 7.46643
-0.942829 -0.0231967 0.332468 174.961 -0.0458363 0.997121 -0.0604148 -8.96743 -0.330109 -0.0721999 -0.941177 6.27264
-0.939543 -0.0211063 0.341779 175.389 -0.0442319 0.997217 -0.0600103 -9.04837 -0.339561 -0.0714999 -0.937862 5.07704
-0.935214 -0.0199661 0.35352 175.831 -0.0438312 0.997258 -0.0596294 -9.12867 -0.35136 -0.0712615 -0.933524 3.88683
-0.930638 -0.0197022 0.36541 176.281 -0.0446946 0.997194 -0.0600629 -9.23119 -0.363201 -0.0722287 -0.928907 2.70107
-0.92527 -0.0191608 0.378825 176.747 -0.0444172 0.997326 -0.0580436 -9.33128 -0.3767 -0.0705324 -0.923646 1.52206
-0.919638 -0.0187676 0.39232 177.24 -0.0440223 0.997489 -0.0554755 -9.40699 -0.390294 -0.0682882 -0.918154 0.338563
-0.914094 -0.0186459 0.405073 177.759 -0.0444909 0.997523 -0.054482 -9.5001 -0.403054 -0.0678238 -0.91266 -0.841532
-0.907854 -0.02066 0.418776 178.277 -0.0470383 0.997499 -0.0527623 -9.60283 -0.416639 -0.067599 -0.906555 -1.99558
-0.901097 -0.0201866 0.433148 178.828 -0.0467562 0.997615 -0.0507757 -9.68337 -0.43109 -0.0660063 -0.899891 -3.14249
-0.894363 -0.0205781 0.446869 179.379 -0.046755 0.997771 -0.0476286 -9.77037 -0.444892 -0.0634907 -0.893331 -4.27908
-0.88695 -0.0220076 0.461341 179.952 -0.0476465 0.997895 -0.0439997 -9.8525 -0.459401 -0.0610069 -0.886131 -5.40053
-0.878696 -0.0201981 0.476954 180.539 -0.0458304 0.998059 -0.0421679 -9.90236 -0.475176 -0.0589117 -0.877916 -6.49842
-0.869648 -0.0164954 0.493398 181.149 -0.0417911 0.998314 -0.0402838 -9.95815 -0.491901 -0.0556524 -0.86887 -7.59837
-0.85944 -0.0141466 0.511041 181.769 -0.0394392 0.998473 -0.0386871 -10.025 -0.509713 -0.0534043 -0.858685 -8.6636
-0.849171 -0.0141746 0.527927 182.412 -0.039803 0.998515 -0.0372134 -10.0864 -0.526615 -0.0526137 -0.848474 -9.73002
-0.838567 -0.013685 0.544626 183.067 -0.0399663 0.998536 -0.036446 -10.1421 -0.54333 -0.0523292 -0.837886 -10.7392
-0.826692 -0.0130666 0.562503 183.742 -0.0396218 0.998601 -0.0350339 -10.1992 -0.561258 -0.0512496 -0.826052 -11.7575
-0.814251 -0.0113381 0.580402 184.443 -0.0371134 0.998781 -0.0325557 -10.2462 -0.579325 -0.0480492 -0.813679 -12.7921
-0.80016 -0.00853519 0.599726 185.162 -0.0334602 0.998977 -0.0304257 -10.291 -0.598852 -0.0444124 -0.799627 -13.7566
-0.785038 -0.00462883 0.619431 185.893 -0.0294706 0.999119 -0.0298836 -10.335 -0.618747 -0.0417148 -0.784482 -14.7253
-0.769161 -0.00141436 0.639054 186.66 -0.026202 0.999227 -0.0293251 -10.3733 -0.638518 -0.0393002 -0.768602 -15.6709
-0.752825 -0.000238668 0.658221 187.432 -0.025825 0.999241 -0.0291744 -10.4153 -0.657714 -0.0389618 -0.75226 -16.5538
-0.734699 -0.000139751 0.678394 188.242 -0.0256459 0.999291 -0.0275686 -10.4627 -0.677909 -0.0376526 -0.734181 -17.4538
-0.715888 0.000240218 0.698216 189.056 -0.0254394 0.999327 -0.0264271 -10.4947 -0.697752 -0.0366811 -0.7154 -18.3041
-0.696941 0.000702113 0.717128 189.901 -0.025236 0.999357 -0.0255041 -10.5342 -0.716684 -0.0358723 -0.696475 -19.1347
-0.677564 -9.6566e-05 0.735464 190.771 -0.0278765 0.999285 -0.0255508 -10.5791 -0.734935 -0.0378145 -0.677082 -19.9489
-0.657766 2.67528e-05 0.753223 191.644 -0.0272204 0.999346 -0.0238063 -10.6129 -0.752731 -0.036162 -0.657335 -20.7196
-0.636688 0.000114946 0.771122 192.548 -0.025754 0.999439 -0.0214132 -10.6399 -0.770691 -0.0334931 -0.636328 -21.4756
-0.614188 0.000613571 0.78916 193.463 -0.0248553 0.999489 -0.0201215 -10.6682 -0.788769 -0.0319732 -0.613858 -22.2063
-0.590121 0.00357869 0.807307 194.394 -0.0224115 0.999533 -0.0208131 -10.7 -0.807004 -0.0303752 -0.589764 -22.9009
-0.564737 0.00435838 0.82526 195.354 -0.0212935 0.999577 -0.0198504 -10.7302 -0.824996 -0.0287829 -0.564405 -23.581
-0.539095 0.00313774 0.842239 196.334 -0.022639 0.999578 -0.0182145 -10.7662 -0.84194 -0.0288868 -0.538796 -24.2226
-0.512606 0.00138568 0.858624 197.334 -0.0222154 0.999643 -0.0148761 -10.7976 -0.858337 -0.0267003 -0.512391 -24.8311
-0.484205 0.000803454 0.874955 198.359 -0.022754 0.99965 -0.0135102 -10.8301 -0.874658 -0.0264504 -0.484017 -25.4167
-0.454258 0.00166941 0.890869 199.378 -0.0226467 0.999654 -0.0134209 -10.8553 -0.890582 -0.0262718 -0.454062 -25.9478
-0.423218 0.00208581 0.906026 200.436 -0.0213675 0.999697 -0.0122825 -10.8795 -0.905776 -0.0245577 -0.423044 -26.4552
-0.393498 0.00255989 0.919322 201.505 -0.0179552 0.999784 -0.0104693 -10.9068 -0.91915 -0.0206263 -0.393367 -26.9255
-0.362318 0.00252251 0.932052 202.584 -0.0175082 0.999802 -0.00951187 -10.9208 -0.93189 -0.0197649 -0.362201 -27.3596
-0.329782 0.00210219 0.944055 203.7 -0.0146359 0.999866 -0.00733918 -10.9253 -0.943944 -0.0162375 -0.329707 -27.7736
-0.296593 0.00128731 0.955004 204.804 -0.0131278 0.9999 -0.00542491 -10.9284 -0.954913 -0.0141461 -0.296546 -28.1338
-0.262818 0.000508178 0.964846 205.908 -0.0108408 0.999936 -0.00347963 -10.928 -0.964784 -0.0113742 -0.262795 -28.4567
-0.228363 0.000297989 0.973576 207.048 -0.00994566 0.999948 -0.00263894 -10.9409 -0.973525 -0.0102855 -0.228348 -28.7409
-0.19351 -1.3995e-05 0.981099 208.183 -0.00779041 0.999969 -0.00152231 -10.9454 -0.981067 -0.00793778 -0.193504 -28.9817
-0.159112 -0.000134568 0.987261 209.322 -0.00485506 0.999989 -0.000646179 -10.9444 -0.987248 -0.00489607 -0.159111 -29.1782
-0.124953 0.000699632 0.992163 210.478 -0.00375898 0.999993 -0.00117857 -10.9345 -0.992155 -0.00387683 -0.124949 -29.3327
-0.0915396 0.000270297 0.995802 211.623 -0.00109758 1 -0.000372345 -10.9228 -0.9958 -0.00112711 -0.0915393 -29.4485
-0.0584219 0.000110138 0.998292 212.792 -0.00072813 1 -0.00015295 -10.919 -0.998291 -0.000735872 -0.0584219 -29.5303
-0.0256321 1.97388e-05 0.999672 213.936 -0.00133205 1 -5.39121e-05 -10.9294 -0.99967 -0.00133304 -0.0256322 -29.5677
0.00685618 -0.00033639 0.999977 215.094 0.00105666 1 0.00032914 -10.9361 -0.999976 0.00105433 0.00685641 -29.5711
0.0378492 -0.00188945 0.999282 216.264 0.00415667 0.999991 0.00173334 -10.9357 -0.999274 0.00408803 0.0378566 -29.5364
0.0687198 -0.00316872 0.997631 217.42 0.00695501 0.999973 0.00269706 -10.9329 -0.997611 0.00675314 0.0687397 -29.4749
0.0990782 -0.00309145 0.995075 218.584 0.00840911 0.999963 0.00226934 -10.9332 -0.995044 0.00814279 0.0991002 -29.3704
0.127607 -0.00361193 0.991819 219.727 0.0111081 0.999937 0.00221232 -10.9476 -0.991762 0.0107348 0.127639 -29.2238
0.157668 -0.00429313 0.987483 220.876 0.0129671 0.999914 0.00227675 -10.9612 -0.987407 0.0124457 0.15771 -29.0649
0.185963 -0.00641829 0.982536 222.011 0.0183839 0.999827 0.00305173 -10.9665 -0.982384 0.0174953 0.186049 -28.8651
0.216067 -0.00759738 0.97635 223.15 0.0208151 0.999779 0.00317329 -10.9775 -0.976156 0.0196371 0.216177 -28.6402
0.246019 -0.00870095 0.969226 224.295 0.0254463 0.999674 0.00251521 -10.9798 -0.96893 0.0240444 0.24616 -28.3668
0.274616 -0.00919568 0.961511 225.432 0.0270069 0.999634 0.00184688 -10.9887 -0.961174 0.0254601 0.274763 -28.0576
0.303443 -0.010344 0.952794 226.557 0.0283271 0.999598 0.00183059 -11.0002 -0.952428 0.0264343 0.303614 -27.7141
0.332021 -0.0110434 0.943208 227.683 0.0298971 0.999553 0.00117899 -11.0039 -0.942798 0.0278076 0.332202 -27.3202
0.361304 -0.0102822 0.932392 228.814 0.0334668 0.999439 -0.00194692 -11.0122 -0.931847 0.0319075 0.361444 -26.8932
0.390996 -0.00851191 0.920354 229.929 0.0350253 0.999371 -0.00563718 -11.0251 -0.919726 0.0344397 0.391047 -26.4424
0.418982 -0.00951591 0.907945 231.03 0.0384024 0.999237 -0.00724854 -11.0452 -0.907182 0.0379042 0.419026 -25.9431
0.446847 -0.0117345 0.894534 232.114 0.0397636 0.999187 -0.00675578 -11.0663 -0.893726 0.0385886 0.446949 -25.4158
0.473222 -0.0133504 0.880843 233.18 0.0408585 0.999142 -0.00680734 -11.0821 -0.879995 0.0392111 0.473361 -24.8477
0.496992 -0.013481 0.867651 234.23 0.0410891 0.999124 -0.00801218 -11.0944 -0.866781 0.0396329 0.49711 -24.2504
0.519097 -0.0137747 0.854605 235.265 0.0415619 0.999095 -0.00914163 -11.111 -0.853704 0.0402643 0.519198 -23.625
0.539149 -0.0146665 0.842083 236.286 0.0423203 0.999058 -0.0096954 -11.1261 -0.841146 0.0408644 0.539261 -22.9733
0.557762 -0.0170455 0.829827 237.296 0.0433296 0.999024 -0.00860272 -11.142 -0.828869 0.0407542 0.557955 -22.2973
0.575562 -0.0189432 0.81754 238.296 0.0451389 0.998944 -0.0086321 -11.1529 -0.816511 0.041871 0.575808 -21.6002
0.591796 -0.0220631 0.805786 239.286 0.048141 0.998809 -0.0080082 -11.1677 -0.804649 0.0435305 0.592152 -20.8811
0.608162 -0.023624 0.793462 240.26 0.0503113 0.998695 -0.0088274 -11.1834 -0.792217 0.0452885 0.608556 -20.1419
0.623672 -0.0243043 0.781309 241.22 0.0527999 0.998544 -0.0110851 -11.202 -0.779901 0.0481664 0.624046 -19.3835
0.639069 -0.0253724 0.768732 242.167 0.0541126 0.998463 -0.0120305 -11.2223 -0.767244 0.0492862 0.639458 -18.5944
0.654164 -0.0273138 0.755861 243.097 0.0545992 0.998446 -0.0111734 -11.2415 -0.75438 0.0485785 0.654637 -17.7866
0.668838 -0.0306919 0.742776 244.012 0.0563003 0.99837 -0.00944279 -11.2586 -0.741274 0.048134 0.669474 -16.9604
0.683327 -0.0327556 0.729378 244.931 0.0583623 0.998247 -0.00984715 -11.2763 -0.727777 0.0492969 0.68404 -16.1152
0.697869 -0.0327582 0.715477 245.826 0.0596375 0.998143 -0.0124698 -11.2932 -0.713738 0.0513714 0.698525 -15.2591
0.711274 -0.0335414 0.702115 246.703 0.0610027 0.998038 -0.0141202 -11.3081 -0.700263 0.0528741 0.711924 -14.3734
0.723339 -0.0343034 0.689641 247.569 0.0609263 0.998041 -0.0142598 -11.3283 -0.6878 0.0523319 0.724011 -13.4718
0.735485 -0.0361229 0.676578 248.419 0.0619856 0.997978 -0.0140999 -11.3515 -0.6747 0.0523083 0.736236 -12.5527
0.74647 -0.0383459 0.664314 249.269 0.0635382 0.997885 -0.0137956 -11.3827 -0.662379 0.0525072 0.747326 -11.6147
0.757663 -0.039699 0.651438 250.102 0.0652377 0.997756 -0.0150716 -11.4155 -0.649377 0.0539174 0.758552 -10.6624
0.767518 -0.0412162 0.639702 250.92 0.0688992 0.997454 -0.0183992 -11.4351 -0.637315 0.0581966 0.768402 -9.69074
0.776364 -0.0435597 0.628779 251.737 0.0711746 0.997287 -0.0187918 -11.4649 -0.626254 0.0593422 0.777357 -8.69971
0.785493 -0.0459085 0.617167 252.531 0.073467 0.997111 -0.0193334 -11.4941 -0.614496 0.0605275 0.786595 -7.69419
0.793252 -0.047269 0.607057 253.324 0.0748784 0.996988 -0.0202135 -11.5219 -0.604272 0.0614897 0.794401 -6.67962
0.799113 -0.0491717 0.599168 254.118 0.0760968 0.996907 -0.0196778 -11.5533 -0.596346 0.0613194 0.800381 -5.63825
0.80421 -0.0504565 0.592201 254.891 0.0759197 0.996949 -0.0181574 -11.5799 -0.589477 0.059562 0.805585 -4.59205
0.806969 -0.0520403 0.588297 255.672 0.0767455 0.996905 -0.0170866 -11.6073 -0.585586 0.0589374 0.808464 -3.51504
0.810351 -0.053219 0.583524 256.43 0.0776579 0.996837 -0.0169308 -11.6303 -0.580776 0.059035 0.811919 -2.45127
0.812782 -0.0543516 0.580028 257.19 0.0785967 0.996767 -0.016734 -11.6528 -0.577242 0.0591892 0.814425 -1.3836
0.814444 -0.0569461 0.577442 257.964 0.080378 0.996651 -0.0150803 -11.6696 -0.574648 0.0586955 0.816292 -0.310659
0.817282 -0.0593271 0.573177 258.724 0.0825599 0.99648 -0.0145792 -11.6845 -0.570293 0.0592366 0.819302 0.768104
0.819778 -0.0604097 0.569488 259.479 0.0835285 0.9964 -0.0145441 -11.7003 -0.566559 0.0594913 0.821871 1.85191
0.821714 -0.0615294 0.56657 260.248 0.0844688 0.996324 -0.0143071 -11.7249 -0.563606 0.0596137 0.823889 2.95134
0.824468 -0.0616389 0.562542 260.985 0.0843862 0.996328 -0.0145079 -11.7475 -0.559582 0.059432 0.826641 4.04837
0.826732 -0.062769 0.559084 261.726 0.0851547 0.996269 -0.0140682 -11.7737 -0.556114 0.0592391 0.828991 5.15361
0.828661 -0.0630427 0.556191 262.481 0.0851051 0.996276 -0.0138717 -11.7974 -0.553244 0.0588295 0.830939 6.27452
0.830645 -0.0620802 0.553332 263.21 0.0837993 0.996385 -0.0140094 -11.8188 -0.550461 0.0580055 0.832843 7.37887
0.831339 -0.0615905 0.552343 263.952 0.0827775 0.996477 -0.0134749 -11.8403 -0.549567 0.0569236 0.833508 8.51245
