1 0 0 0 0 1 0 0 0 0 1 0
0.999999 0.00043072 0.00151186 -0.00539684 -0.000425362 0.999994 -0.00354199 -0.00587964 -0.00151337 0.00354134 0.999993 0.967503
0.999997 -0.00107399 0.002357 -0.00716077 0.00108362 0.999991 -0.00408463 -0.0237923 -0.00235259 0.00408717 0.999989 1.91943
0.999993 -0.0019847 0.00315846 -0.0117223 0.00198519 0.999998 -0.000150922 -0.0243099 -0.00315816 0.000157191 0.999995 2.88011
0.999989 -0.00445051 0.00129592 -0.0098872 0.00444571 0.999983 0.00368772 -0.0233911 -0.00131231 -0.00368192 0.999992 3.84675
0.99998 -0.00628557 0.000202499 -0.00983563 0.00628439 0.999966 0.005387 -0.0437448 -0.000236353 -0.00538562 0.999986 4.78544
0.999959 -0.00902361 0.000196314 -0.0100557 0.00902305 0.999956 0.00266151 -0.059368 -0.000220322 -0.00265963 0.999996 5.73024
0.999966 -0.00822604 -0.000921447 -0.00632921 0.00822643 0.999966 0.000430066 -0.0633846 0.000917878 -0.000437631 1 6.65701
0.999962 -0.00860765 -0.00158616 -0.0114675 0.00860765 0.999963 -7.30822e-06 -0.0691787 0.00158616 -6.34423e-06 0.999999 7.58175
0.999966 -0.00809218 -0.00175585 -0.0146609 0.00809426 0.999966 0.0011786 -0.0766756 0.00174626 -0.00119277 0.999998 8.51498
0.999959 -0.00836048 -0.00356055 -0.0179732 0.00837479 0.999957 0.00402348 -0.0821233 0.00352675 -0.00405313 0.999986 9.43773
0.999954 -0.0085386 -0.0044667 -0.0247089 0.00856339 0.999948 0.0055597 -0.0934711 0.00441899 -0.0055977 0.999975 10.3515
0.999947 -0.00963886 -0.00379339 -0.0329376 0.00966524 0.999929 0.0069965 -0.103723 0.00372568 -0.00703279 0.999968 11.2722
0.999939 -0.00955346 -0.00558372 -0.0317113 0.00959484 0.999926 0.00743188 -0.103948 0.0055123 -0.007485 0.999957 12.1816
0.999938 -0.00954166 -0.00577152 -0.0395484 0.00957686 0.999935 0.00610155 -0.102767 0.00571292 -0.00615645 0.999965 13.0868
0.999935 -0.00958787 -0.00618005 -0.0524073 0.009622 0.999938 0.00551721 -0.101229 0.00612677 -0.00557632 0.999966 13.9898
0.999906 -0.0106685 -0.00860905 -0.0675482 0.0107059 0.999933 0.00431454 -0.100722 0.00856245 -0.0044063 0.999954 14.892
0.999894 -0.0101173 -0.0104619 -0.0796265 0.0101556 0.999942 0.00361773 -0.0911714 0.0104247 -0.00372359 0.999939 15.8096
0.99992 -0.0073664 -0.0102886 -0.0871782 0.00738564 0.999971 0.0018332 -0.0987668 0.0102748 -0.00190904 0.999945 16.7037
0.999901 -0.00605382 -0.0127388 -0.112748 0.00607277 0.99998 0.00144959 -0.101883 0.0127298 -0.00152681 0.999918 17.6044
0.999876 -0.00689577 -0.0141934 -0.132784 0.00693521 0.999972 0.00273177 -0.110019 0.0141742 -0.00282987 0.999896 18.5006
0.999867 -0.00690496 -0.0147535 -0.156753 0.00695664 0.99997 0.00345452 -0.116076 0.0147292 -0.0035567 0.999885 19.3764
0.999842 -0.00666217 -0.0164829 -0.184582 0.00672943 0.999969 0.004029 -0.11721 0.0164556 -0.00413929 0.999856 20.254
0.999814 -0.00715028 -0.017921 -0.200387 0.00722638 0.999965 0.00418534 -0.142986 0.0178904 -0.00431407 0.999831 21.1244
0.999803 -0.00654586 -0.0187328 -0.22273 0.00662892 0.999969 0.00437536 -0.15337 0.0187035 -0.00449867 0.999815 21.9742
0.999763 -0.00638121 -0.020813 -0.241522 0.00648156 0.999968 0.00475813 -0.165306 0.0207819 -0.0048919 0.999772 22.8414
0.999762 -0.00625456 -0.0208897 -0.267498 0.00638692 0.99996 0.00627553 -0.175007 0.0208496 -0.00640746 0.999762 23.684
0.999722 -0.00682552 -0.0225867 -0.291249 0.00701732 0.99994 0.00842366 -0.189552 0.0225278 -0.00857982 0.999709 24.5482
0.999683 -0.0074866 -0.0240271 -0.31351 0.00772498 0.999922 0.00984384 -0.195501 0.0239515 -0.0100263 0.999663 25.3976
0.999699 -0.00666133 -0.0236394 -0.337023 0.00688658 0.999932 0.00946019 -0.204822 0.0235747 -0.00962013 0.999676 26.2133
0.999672 -0.00568782 -0.0249835 -0.360196 0.00588 0.999954 0.00762559 -0.210987 0.024939 -0.00776999 0.999659 27.0333
0.99965 -0.00478715 -0.02604 -0.387689 0.00495065 0.999968 0.00621805 -0.216725 0.0260094 -0.00634478 0.999642 27.8386
0.999641 -0.00428047 -0.0264537 -0.412818 0.00445505 0.999969 0.00654404 -0.218801 0.0264248 -0.00665954 0.999629 28.6341
0.999578 -0.00446087 -0.0287005 -0.438671 0.00464511 0.999969 0.00635582 -0.225849 0.0286712 -0.00648645 0.999568 29.436
0.999526 -0.00385484 -0.0305576 -0.463627 0.00404417 0.999973 0.00613633 -0.229361 0.0305331 -0.006257 0.999514 30.2125
0.999481 -0.00354563 -0.0320118 -0.489649 0.00373931 0.999975 0.00599251 -0.232844 0.0319897 -0.00610911 0.99947 30.9888
0.999404 -0.00335264 -0.0343675 -0.515905 0.00360634 0.999967 0.00732267 -0.235407 0.0343418 -0.00744224 0.999383 31.7565
0.999332 -0.00407406 -0.0363302 -0.546684 0.00441105 0.999948 0.0092006 -0.237153 0.0362908 -0.0093547 0.999298 32.5075
0.99926 -0.00385479 -0.0382668 -0.578921 0.00428295 0.999929 0.0111134 -0.237538 0.0382212 -0.011269 0.999206 33.2583
0.999169 -0.0030195 -0.0406563 -0.613493 0.00348335 0.99993 0.0113432 -0.239834 0.0406191 -0.0114754 0.999109 33.9989
0.999123 -0.00184348 -0.0418266 -0.649052 0.00231699 0.999934 0.0112752 -0.240088 0.041803 -0.0113623 0.999061 34.7105
0.999017 -0.000351614 -0.0443345 -0.687053 0.00083047 0.999941 0.0107831 -0.240757 0.0443282 -0.0108094 0.998959 35.4215
0.99896 0.000680637 -0.0455835 -0.730249 -0.000150091 0.999932 0.0116415 -0.242731 0.0455884 -0.0116226 0.998893 36.1272
0.998928 0.00140714 -0.0462808 -0.767647 -0.000823668 0.99992 0.0126239 -0.244195 0.0462949 -0.0125723 0.998849 36.8189
0.998889 0.00306765 -0.047024 -0.805396 -0.00246342 0.999914 0.012902 -0.245465 0.0470595 -0.0127719 0.998811 37.51
0.998929 0.00591732 -0.0459018 -0.848758 -0.005385 0.999917 0.0117122 -0.247222 0.0459673 -0.0114525 0.998878 38.1832
0.999013 0.00767084 -0.043748 -0.880895 -0.00726384 0.999929 0.00945478 -0.243051 0.0438175 -0.00912767 0.998998 38.8434
0.999084 0.00753471 -0.0421344 -0.912461 -0.00717277 0.999936 0.00873491 -0.243129 0.0421975 -0.00842469 0.999074 39.4942
0.9992 0.00817129 -0.0391425 -0.939332 -0.00781829 0.999927 0.00916304 -0.239433 0.0392145 -0.00884969 0.999192 40.1406
0.999299 0.0122141 -0.0353795 -0.967462 -0.011816 0.999865 0.0114386 -0.24824 0.0355144 -0.0110126 0.999309 40.7797
0.999352 0.0168062 -0.0318279 -0.996602 -0.0163457 0.999759 0.0146762 -0.252713 0.0320668 -0.0141465 0.999386 41.4032
0.999395 0.0214774 -0.0273595 -1.02428 -0.0210625 0.99966 0.0153634 -0.253754 0.0276801 -0.0147779 0.999508 42.0088
0.999465 0.0246418 -0.0215168 -1.04173 -0.0243011 0.999577 0.0159576 -0.246692 0.0219009 -0.0154261 0.999641 42.5974
0.999496 0.0274987 -0.0158576 -1.06006 -0.02722 0.999476 0.0175311 -0.247874 0.0163314 -0.0170906 0.999721 43.1681
0.999478 0.0309955 -0.00915788 -1.06463 -0.0308233 0.999356 0.0183819 -0.235202 0.00972172 -0.01809 0.999789 43.7152
0.999443 0.0333403 -0.0012578 -1.07116 -0.0333113 0.999273 0.018558 -0.224788 0.0018756 -0.0185058 0.999827 44.2526
0.999374 0.0349079 0.0058338 -1.07277 -0.0350107 0.999215 0.0185576 -0.230475 -0.00518143 -0.0187503 0.999811 44.7605
0.999207 0.0374057 0.0136153 -1.07176 -0.0376529 0.999122 0.018382 -0.226235 -0.0129157 -0.0188801 0.999739 45.2515
0.998914 0.0411107 0.02193 -1.06713 -0.0414843 0.998997 0.016863 -0.218821 -0.0212148 -0.0177545 0.999618 45.7205
0.998668 0.0420641 0.029884 -1.05849 -0.042539 0.998976 0.0154382 -0.218362 -0.029204 -0.0166888 0.999434 46.1641
0.998351 0.0427893 0.0382633 -1.03728 -0.0433893 0.998946 0.0149896 -0.211624 -0.0375816 -0.0166251 0.999156 46.5912
0.998055 0.0423483 0.0457616 -1.01345 -0.0430976 0.998951 0.015514 -0.222042 -0.0450566 -0.0174561 0.998832 46.9975
0.997617 0.0430515 0.0539168 -0.998946 -0.0439601 0.998909 0.015781 -0.218267 -0.0531786 -0.0181136 0.998421 47.3734
0.996969 0.0451887 0.0633358 -0.982832 -0.0462558 0.99881 0.015485 -0.230296 -0.0625606 -0.0183677 0.997872 47.7377
0.996209 0.0490094 0.0718749 -0.967556 -0.0501975 0.99863 0.0148184 -0.229244 -0.0710501 -0.0183701 0.997304 48.07
0.995367 0.0517321 0.0810507 -0.94964 -0.0531094 0.998477 0.0149291 -0.229185 -0.080155 -0.0191645 0.996598 48.3818
0.99455 0.0514106 0.0907016 -0.913356 -0.0529925 0.998481 0.0151178 -0.233933 -0.0897866 -0.0198419 0.995764 48.6711
0.993591 0.0506319 0.101065 -0.883256 -0.0523002 0.998535 0.0139253 -0.232784 -0.100212 -0.0191218 0.994783 48.9436
0.992338 0.0500581 0.112962 -0.847277 -0.0515916 0.998611 0.0106914 -0.232681 -0.11227 -0.0164374 0.993542 49.2165
0.990662 0.050927 0.126473 -0.803753 -0.0522634 0.998607 0.00726863 -0.23439 -0.125926 -0.0138106 0.991944 49.4817
0.988576 0.0515162 0.141646 -0.767279 -0.0528894 0.998583 0.00594512 -0.237804 -0.141139 -0.0133688 0.9899 49.7477
0.986012 0.0523212 0.158253 -0.720974 -0.0537934 0.99854 0.00503049 -0.23896 -0.157759 -0.0134731 0.987386 50.0142
0.983147 0.0523887 0.175151 -0.67045 -0.0539514 0.998535 0.00416898 -0.240682 -0.174676 -0.0135483 0.984533 50.2624
0.979747 0.0521195 0.19334 -0.605801 -0.0538017 0.998546 0.0034566 -0.245688 -0.192879 -0.0137886 0.981126 50.515
0.975744 0.0514732 0.21278 -0.534102 -0.0532233 0.99858 0.00250138 -0.249983 -0.212349 -0.0137656 0.977097 50.7666
0.971129 0.0516327 0.2329 -0.464228 -0.0534661 0.998569 0.00156178 -0.251043 -0.232486 -0.013969 0.9725 51.0071
0.965762 0.0529706 0.253966 -0.392839 -0.0548884 0.998493 0.000466283 -0.248949 -0.253558 -0.0143901 0.967214 51.2546
0.959412 0.0536638 0.276857 -0.304788 -0.0554949 0.998458 -0.00122293 -0.250801 -0.276496 -0.0141908 0.960911 51.5007
0.952134 0.0541716 0.300842 -0.225409 -0.0562142 0.998417 -0.00186933 -0.258561 -0.300467 -0.0151317 0.953672 51.7475
0.943697 0.0553353 0.32615 -0.127861 -0.0575416 0.998339 -0.00288686 -0.258037 -0.325768 -0.0160429 0.945314 52.0059
0.933706 0.0568988 0.353491 -0.0276747 -0.0594429 0.998225 -0.0036651 -0.259421 -0.353072 -0.0175904 0.935431 52.2645
0.922643 0.0569819 0.381423 0.0807018 -0.0596516 0.998208 -0.00483105 -0.261726 -0.381015 -0.0182952 0.924388 52.518
0.909762 0.056277 0.411298 0.213274 -0.0588579 0.998246 -0.00639832 -0.2748 -0.410937 -0.0183872 0.911479 52.7572
0.894632 0.053881 0.443544 0.358308 -0.0556693 0.998409 -0.00899966 -0.28384 -0.443323 -0.0166404 0.896208 52.9968
0.877317 0.0530533 0.476971 0.507743 -0.0538668 0.998476 -0.0119804 -0.288906 -0.47688 -0.0151823 0.878838 53.2216
0.857698 0.0536596 0.511346 0.679807 -0.05337 0.998458 -0.0152569 -0.292022 -0.511377 -0.0142048 0.85924 53.4732
0.835845 0.0538596 0.546318 0.846115 -0.0527966 0.998449 -0.0176569 -0.297193 -0.546422 -0.0140853 0.837392 53.6966
0.811378 0.055608 0.581872 1.04257 -0.0537051 0.998346 -0.0205217 -0.296294 -0.582051 -0.0145986 0.813022 53.9412
0.783974 0.0579855 0.618081 1.25233 -0.0559089 0.998177 -0.0227296 -0.30711 -0.618272 -0.0167368 0.785787 54.1911
0.754209 0.0609337 0.653802 1.47347 -0.0586112 0.997958 -0.0253964 -0.318829 -0.654014 -0.0191659 0.75624 54.4313
0.7214 0.0614308 0.689789 1.72059 -0.0587316 0.997897 -0.027447 -0.331834 -0.690024 -0.0207121 0.723491 54.6698
0.684829 0.0595449 0.726267 2.00808 -0.056313 0.998 -0.0287236 -0.3537 -0.726525 -0.0212275 0.686812 54.9128
0.646041 0.0578699 0.761106 2.31054 -0.0545351 0.998073 -0.029597 -0.370893 -0.761352 -0.0223861 0.647952 55.1423
0.603812 0.0571994 0.795072 2.64055 -0.0528637 0.9981 -0.0316587 -0.382498 -0.795372 -0.0229145 0.605688 55.3746
0.557996 0.0566026 0.827911 2.9872 -0.0507248 0.998132 -0.0340528 -0.401017 -0.828293 -0.0229943 0.559825 55.5821
0.510009 0.0556298 0.858369 3.36358 -0.0483003 0.998184 -0.035993 -0.422452 -0.858812 -0.0231027 0.51177 55.784
0.461268 0.0532847 0.88566 3.77277 -0.047369 0.998251 -0.035388 -0.439167 -0.885996 -0.0256294 0.462985 55.9833
0.412039 0.05099 0.909739 4.19082 -0.0475707 0.998275 -0.0344066 -0.457177 -0.909924 -0.0291 0.413754 56.162
0.362195 0.0503231 0.930743 4.63855 -0.0496659 0.998165 -0.0346412 -0.480976 -0.930779 -0.0336793 0.36403 56.3255
0.312776 0.0500502 0.948508 5.09895 -0.047893 0.998172 -0.0368779 -0.489802 -0.948619 -0.0338924 0.314601 56.4651
0.265639 0.0464561 0.962953 5.57385 -0.0404251 0.998497 -0.0370192 -0.513979 -0.963225 -0.0290937 0.267118 56.564
0.221389 0.0417521 0.974292 6.07221 -0.0301897 0.998898 -0.0359465 -0.520653 -0.974719 -0.0214554 0.222406 56.6416
0.179045 0.0394423 0.98305 6.58846 -0.0228729 0.999093 -0.0359201 -0.54707 -0.983575 -0.0160539 0.179785 56.7073
0.141021 0.0405353 0.989177 7.09999 -0.021466 0.999052 -0.0378797 -0.535237 -0.989774 -0.0158918 0.141757 56.7644
0.107578 0.0399338 0.993395 7.62714 -0.0157719 0.999136 -0.0384566 -0.557794 -0.994072 -0.0115306 0.108115 56.8063
0.0781589 0.038413 0.996201 8.17046 -0.00912476 0.999243 -0.0378144 -0.579995 -0.9969 -0.00613454 0.0784502 56.8359
0.0530033 0.0367389 0.997919 8.73252 -0.0042358 0.999323 -0.0365656 -0.598474 -0.998586 -0.00228886 0.053123 56.8519
0.0327352 0.0357257 0.998826 9.30118 3.81082e-06 0.999361 -0.035745 -0.620377 -0.999465 0.00117395 0.0327141 56.8627
0.0162042 0.0359621 0.999222 9.88202 0.000642823 0.999353 -0.0359773 -0.633434 -0.999869 0.00122533 0.0161705 56.8699
0.00286078 0.0359383 0.99935 10.4684 0.00129601 0.999353 -0.0359421 -0.649666 -0.999996 0.00139801 0.00281229 56.8665
-0.0091884 0.036978 0.999274 11.0624 0.00160815 0.999316 -0.0369648 -0.666147 -0.999957 0.00126736 -0.00924164 56.8589
-0.0183326 0.0387462 0.999081 11.6704 0.00567556 0.999237 -0.0386482 -0.682495 -0.999816 0.00496184 -0.0185386 56.8405
-0.0256476 0.0398185 0.998878 12.2818 0.00929789 0.999173 -0.0395915 -0.699633 -0.999628 0.00827205 -0.0259966 56.8196
-0.0303139 0.0395463 0.998758 12.9163 0.00914595 0.999187 -0.0392856 -0.728591 -0.999499 0.00794371 -0.030651 56.8012
-0.0345396 0.0389228 0.998645 13.5629 0.00893964 0.999214 -0.0386357 -0.748693 -0.999364 0.00759309 -0.0348605 56.7878
-0.0370447 0.0332966 0.998759 14.2215 0.00677873 0.999431 -0.0330675 -0.768481 -0.999291 0.00554536 -0.0372494 56.7713
-0.0386838 0.0283127 0.998851 14.8921 0.0077116 0.999578 -0.0280346 -0.788574 -0.999222 0.00661827 -0.0388858 56.748
-0.0392463 0.0264698 0.998879 15.5706 0.0108497 0.999602 -0.0260627 -0.803451 -0.999171 0.00981468 -0.039518 56.719
-0.0397668 0.0278077 0.998822 16.2525 0.013582 0.999536 -0.0272868 -0.827785 -0.999117 0.012481 -0.0401261 56.6905
-0.0388886 0.0343963 0.998652 16.9392 0.014042 0.999328 -0.0338727 -0.844527 -0.999145 0.0127059 -0.0393455 56.662
-0.0370652 0.0412427 0.998462 17.6387 0.0137017 0.999075 -0.0407594 -0.875026 -0.999219 0.0121699 -0.0375961 56.6346
-0.0354634 0.0423288 0.998474 18.3469 0.0149771 0.999013 -0.0418197 -0.887953 -0.999259 0.0134712 -0.0360624 56.6118
-0.0333817 0.0389468 0.998684 19.072 0.0142082 0.999158 -0.0384904 -0.916745 -0.999342 0.0129047 -0.033907 56.5877
-0.0311447 0.0335517 0.998952 19.8064 0.0136894 0.999357 -0.0331385 -0.973388 -0.999422 0.012643 -0.031584 56.5704
-0.029311 0.0310909 0.999087 20.5274 0.012099 0.999454 -0.0307474 -0.988628 -0.999498 0.0111867 -0.0296712 56.5513
-0.0262204 0.0352292 0.999035 21.2465 0.0172231 0.999247 -0.0347846 -1.03072 -0.999508 0.0162944 -0.0268075 56.5284
-0.023672 0.0396903 0.998932 21.961 0.0189412 0.99905 -0.0392462 -1.06736 -0.999541 0.017992 -0.0244013 56.5098
-0.0226494 0.0405555 0.998921 22.6761 0.0137341 0.999096 -0.0402512 -1.1067 -0.99965 0.0128076 -0.023186 56.5004
-0.0189795 0.0382637 0.999088 23.4118 0.0086958 0.999236 -0.0381042 -1.14132 -0.999783 0.00796468 -0.0192978 56.5011
-0.0147365 0.0363356 0.999231 24.1374 0.0104293 0.999291 -0.036184 -1.17855 -0.999838 0.00988802 -0.015105 56.489
-0.0128121 0.0376199 0.99921 24.8514 0.0146904 0.999192 -0.0374308 -1.22125 -0.999811 0.0141992 -0.0133544 56.4772
-0.00963084 0.0414611 0.999094 25.583 0.0135135 0.999055 -0.0413292 -1.26869 -0.999863 0.0131032 -0.0101821 56.4708
-0.00602753 0.0413621 0.999126 26.3178 0.0128623 0.999065 -0.0412819 -1.29251 -0.9999 0.0126022 -0.00655396 56.4729
-0.00343607 0.0403445 0.99918 27.053 0.0123422 0.999112 -0.0402993 -1.33022 -0.999919 0.0121937 -0.00393101 56.4764
0.000457065 0.0391306 0.999234 27.7927 0.0154519 0.999115 -0.039133 -1.37315 -0.999881 0.015458 -0.000148037 56.4774
0.00369109 0.0388981 0.999237 28.5295 0.0184466 0.999071 -0.0389598 -1.42571 -0.999824 0.0185764 0.00297007 56.4798
0.00605361 0.03962 0.999197 29.2613 0.0197786 0.999015 -0.0397326 -1.4674 -0.999787 0.0200032 0.00526397 56.4784
0.00913222 0.0393756 0.999183 30.0062 0.0198764 0.99902 -0.0395508 -1.50826 -0.999761 0.0202214 0.00834058 56.4834
0.0121659 0.0390652 0.999163 30.7533 0.0207796 0.999011 -0.0393122 -1.54712 -0.999711 0.0212405 0.011342 56.4883
0.0148249 0.038225 0.999159 31.4934 0.0225647 0.999002 -0.0385538 -1.59918 -0.999636 0.0231173 0.0139475 56.4925
0.0178026 0.0389989 0.999081 32.2441 0.0212138 0.999 -0.0393738 -1.63728 -0.999617 0.0218953 0.0169574 56.5026
0.0205381 0.0404494 0.998971 32.9984 0.018738 0.998991 -0.0408355 -1.67079 -0.999614 0.0195574 0.0197594 56.5205
0.0224472 0.0403814 0.998932 33.7496 0.0201326 0.998964 -0.0408351 -1.71935 -0.999546 0.0210278 0.0216109 56.539
0.0257449 0.0407471 0.998838 34.5169 0.0190115 0.998969 -0.0412424 -1.75558 -0.999488 0.0200512 0.0249437 56.5635
0.0266432 0.0407325 0.998815 35.2836 0.0172043 0.999003 -0.0411991 -1.79527 -0.999498 0.0182816 0.0259158 56.5831
0.0321355 0.0410026 0.998642 36.0534 0.0159736 0.99901 -0.0415317 -1.83389 -0.999357 0.0172866 0.0314487 56.6156
0.0341413 0.0423389 0.99852 36.8256 0.013698 0.998989 -0.0428271 -1.86612 -0.999324 0.0151399 0.0335267 56.6467
0.0371127 0.0453086 0.998284 37.5833 0.0130929 0.998864 -0.0458217 -1.90632 -0.999226 0.014771 0.0364772 56.679
0.0403648 0.0466779 0.998094 38.3577 0.013035 0.998799 -0.047238 -1.94455 -0.999101 0.0149169 0.0397079 56.7068
0.0428198 0.0484963 0.997905 39.1317 0.00860004 0.998767 -0.0489072 -1.98413 -0.999046 0.0106762 0.0423499 56.7375
0.044657 0.0484696 0.997826 39.9131 0.00445025 0.998803 -0.0487162 -2.0171 -0.998993 0.00661611 0.0443878 56.7854
0.0480535 0.0482312 0.99768 40.6983 0.00626478 0.9988 -0.0485871 -2.0604 -0.998826 0.00858503 0.0476936 56.8281
0.050952 0.0489448 0.997501 41.4837 0.00690726 0.998758 -0.0493592 -2.10433 -0.998678 0.00940496 0.0505506 56.8721
0.0538181 0.0495799 0.997319 42.2771 0.00338475 0.998752 -0.0498338 -2.14675 -0.998546 0.00605765 0.0535831 56.9222
0.0577198 0.0480255 0.997177 43.0712 0.00235067 0.998833 -0.0482413 -2.18646 -0.998331 0.00512852 0.0575395 56.9762
0.0620582 0.0476493 0.996935 43.8725 0.00335259 0.998845 -0.0479492 -2.23052 -0.998067 0.00631796 0.0618267 57.0242
0.0661903 0.0508118 0.996512 44.6713 0.00025386 0.998702 -0.0509403 -2.2623 -0.997807 0.00362474 0.0660914 57.0934
0.0722494 0.0575945 0.995722 45.4686 -0.00172746 0.998338 -0.0576204 -2.30895 -0.997386 0.00244298 0.0722287 57.1631
0.0792548 0.061579 0.994951 46.2686 -0.00314916 0.998101 -0.0615231 -2.35769 -0.99685 0.00174275 0.0792981 57.2302
0.0857002 0.063914 0.994269 47.075 -0.00695866 0.997955 -0.0635511 -2.41039 -0.996297 -0.00147243 0.0859696 57.313
0.0930917 0.0629701 0.993664 47.8842 -0.0104752 0.998005 -0.0622638 -2.46316 -0.995603 -0.00461261 0.0935655 57.4008
0.100813 0.061687 0.992991 48.704 -0.010746 0.998086 -0.0609125 -2.51939 -0.994848 -0.00452996 0.101282 57.4824
0.107637 0.0591335 0.99243 49.5276 -0.0115191 0.998237 -0.0582301 -2.58073 -0.994124 -0.0051642 0.108128 57.5744
0.116014 0.0546015 0.991746 50.3555 -0.0127983 0.998488 -0.0534755 -2.63415 -0.993166 -0.00648876 0.116538 57.6824
0.123521 0.0484577 0.991158 51.1723 -0.0146153 0.998788 -0.0470093 -2.68003 -0.992235 -0.00867942 0.124079 57.7924
0.130777 0.0453479 0.990374 51.9915 -0.0141256 0.998938 -0.0438748 -2.72298 -0.991312 -0.00825178 0.131278 57.9074
0.138719 0.0468733 0.989222 52.8002 -0.0141769 0.998871 -0.0453424 -2.76902 -0.990231 -0.00773422 0.139227 58.0251
0.144964 0.0519449 0.988072 53.6009 -0.0140614 0.998629 -0.0504368 -2.81672 -0.989337 -0.00658214 0.145496 58.1407
0.149452 0.0553074 0.987221 54.3866 -0.0146662 0.998449 -0.0537161 -2.86096 -0.988661 -0.00645081 0.150031 58.2634
0.155383 0.0573517 0.986188 55.1814 -0.0151286 0.998335 -0.0556744 -2.91572 -0.987739 -0.00626876 0.155992 58.3999
0.160439 0.0579103 0.985345 55.9598 -0.017857 0.998285 -0.0557631 -2.96725 -0.986885 -0.00864871 0.161198 58.5325
0.165251 0.0548029 0.984728 56.7283 -0.0151654 0.998479 -0.0530231 -3.02384 -0.986135 -0.00617169 0.165831 58.6589
0.171157 0.0496472 0.983992 57.4988 -0.0137797 0.998753 -0.047995 -3.0634 -0.985148 -0.00534439 0.171628 58.7919
0.174689 0.0432184 0.983675 58.2704 -0.0143113 0.999043 -0.041352 -3.10331 -0.98452 -0.0068539 0.175141 58.9312
0.177437 0.0402591 0.983308 59.0112 -0.0167659 0.999142 -0.037882 -3.12909 -0.98399 -0.00976436 0.17796 59.078
0.181197 0.0395017 0.982653 59.7546 -0.0183316 0.999155 -0.0367848 -3.17166 -0.983276 -0.0113483 0.181768 59.2197
0.182847 0.0400274 0.982326 60.4711 -0.0196642 0.99912 -0.0370515 -3.19905 -0.982945 -0.0125419 0.183473 59.361
0.185128 0.0433182 0.981759 61.1873 -0.0216624 0.998966 -0.0399926 -3.22865 -0.982476 -0.0138635 0.185874 59.5041
0.18713 0.0471551 0.981203 61.8955 -0.0221827 0.998796 -0.04377 -3.25752 -0.982085 -0.0135751 0.18795 59.6493
0.188896 0.0518386 0.980628 62.5895 -0.023394 0.99856 -0.0482802 -3.29653 -0.981719 -0.0138208 0.189837 59.7973
0.191646 0.0531315 0.980025 63.2752 -0.0226967 0.998507 -0.0496951 -3.33902 -0.981202 -0.0127195 0.192566 59.9304
0.19328 0.0528876 0.979717 63.9478 -0.0244181 0.998497 -0.0490841 -3.36862 -0.98084 -0.0144358 0.194281 60.076
0.193748 0.0506211 0.979744 64.619 -0.025391 0.998593 -0.0465737 -3.41864 -0.980723 -0.0158532 0.19476 60.2151
0.195379 0.0496599 0.97947 65.2653 -0.0264583 0.998621 -0.0453531 -3.45648 -0.980371 -0.0170541 0.196423 60.3487
0.194962 0.048468 0.979612 65.9206 -0.025278 0.998695 -0.0443813 -3.48444 -0.980485 -0.01611 0.195933 60.4795
0.193598 0.0477948 0.979916 66.5578 -0.0256068 0.998719 -0.0436528 -3.5178 -0.980747 -0.0166414 0.194574 60.6083
0.192523 0.0484933 0.980093 67.1838 -0.027456 0.998654 -0.0440183 -3.5577 -0.980909 -0.0184348 0.193596 60.735
0.189608 0.0511306 0.980528 67.8036 -0.0275939 0.998527 -0.0467332 -3.59953 -0.981472 -0.0181956 0.19074 60.8594
0.188247 0.0559989 0.980524 68.4145 -0.0283739 0.998267 -0.0515648 -3.64356 -0.981712 -0.0181143 0.189509 60.9775
0.186147 0.0563771 0.980903 69.0112 -0.0271582 0.998267 -0.0522212 -3.68096 -0.982147 -0.0169187 0.187356 61.0878
0.183301 0.0562286 0.981447 69.6146 -0.0280831 0.998256 -0.0519466 -3.71689 -0.982656 -0.0180402 0.18456 61.207
0.180995 0.0535824 0.982023 70.1932 -0.0284149 0.998383 -0.0492379 -3.7379 -0.983074 -0.0189922 0.182225 61.3203
0.179082 0.0507372 0.982525 70.7634 -0.0277487 0.998533 -0.0465061 -3.77556 -0.983443 -0.0189353 0.180227 61.4287
0.17637 0.0495811 0.983074 71.3279 -0.025481 0.998627 -0.0457939 -3.8228 -0.983994 -0.016973 0.177391 61.5253
0.174459 0.0509861 0.983343 71.875 -0.0223573 0.998607 -0.0478109 -3.85704 -0.984411 -0.0136439 0.175355 61.615
0.172367 0.0534993 0.983579 72.4197 -0.0193856 0.998515 -0.0509144 -3.8948 -0.984842 -0.0102913 0.173148 61.7162
0.169872 0.0553364 0.983911 72.9762 -0.0205263 0.998405 -0.0526076 -3.92456 -0.985253 -0.0112595 0.170737 61.8122
0.169592 0.0576702 0.983825 73.5144 -0.0213483 0.998268 -0.0548367 -3.96065 -0.985283 -0.0117031 0.170529 61.9117
0.168345 0.0570105 0.984078 74.0633 -0.019951 0.998319 -0.0544224 -3.99052 -0.985527 -0.0104716 0.1692 62.0116
0.168225 0.0550693 0.984209 74.6171 -0.0157763 0.998462 -0.0531702 -4.02924 -0.985623 -0.00658257 0.168835 62.0996
0.17097 0.0538281 0.983805 75.1635 -0.0112153 0.998549 -0.0526857 -4.06646 -0.985213 -0.00202595 0.171326 62.1887
0.172218 0.0534956 0.983605 75.7318 -0.00969642 0.998569 -0.0526116 -4.10276 -0.985011 -0.000476773 0.17249 62.285
0.174266 0.0533656 0.983251 76.2994 -0.0113825 0.998574 -0.0521798 -4.13882 -0.984633 -0.00209872 0.174625 62.3881
0.179971 0.0539317 0.982192 76.8538 -0.0131958 0.998539 -0.0524113 -4.16806 -0.983584 -0.00352831 0.18042 62.5012
0.186042 0.0532132 0.9811 77.414 -0.0120135 0.998582 -0.0518832 -4.21157 -0.982468 -0.00213398 0.186418 62.5993
0.193268 0.0531064 0.979708 77.9861 -0.012927 0.998586 -0.0515795 -4.24254 -0.981061 -0.00269599 0.193681 62.7231
0.201676 0.052383 0.97805 78.5625 -0.0130096 0.998625 -0.0508023 -4.27618 -0.979366 -0.00247846 0.20208 62.8499
0.210377 0.0520346 0.976234 79.1511 -0.0149532 0.998638 -0.0500062 -4.30734 -0.977506 -0.00407764 0.210869 62.9971
0.218691 0.0520686 0.974404 79.7494 -0.0168636 0.998629 -0.0495782 -4.34599 -0.975648 -0.0055896 0.219269 63.1431
0.228531 0.0542495 0.972024 80.3374 -0.020601 0.998493 -0.0508832 -4.36903 -0.973319 -0.00839625 0.229304 63.2973
0.237361 0.0565105 0.969776 80.9403 -0.0239008 0.998345 -0.0523252 -4.39824 -0.971127 -0.0107584 0.238319 63.454
0.248213 0.0585881 0.966932 81.5464 -0.0264131 0.998208 -0.0537028 -4.43088 -0.968345 -0.0122099 0.249316 63.6144
0.258471 0.0594611 0.964187 82.1631 -0.0273414 0.998155 -0.0542263 -4.47328 -0.965632 -0.0123463 0.25962 63.7906
0.268017 0.0606801 0.961501 82.7858 -0.0292081 0.998068 -0.0548461 -4.50612 -0.962972 -0.0133839 0.269271 63.9746
0.277444 0.0606806 0.958824 83.4222 -0.0297853 0.998068 -0.0545455 -4.54454 -0.96028 -0.0134255 0.278715 64.1747
0.28737 0.06198 0.955812 84.0674 -0.0334127 0.997946 -0.0546664 -4.57759 -0.957237 -0.0162267 0.288851 64.387
0.299824 0.0588235 0.952179 84.7178 -0.0340918 0.998121 -0.0509268 -4.60543 -0.953385 -0.0171924 0.301266 64.607
0.30927 0.0519787 0.949553 85.3917 -0.0300902 0.998541 -0.0448598 -4.64787 -0.950498 -0.0146984 0.310382 64.8326
0.32088 0.0486037 0.945872 86.0774 -0.0289947 0.998719 -0.041483 -4.67686 -0.946676 -0.0141142 0.321878 65.0691
0.331695 0.0454884 0.942289 86.7639 -0.0275362 0.998879 -0.0385271 -4.705 -0.942985 -0.0131679 0.332575 65.3189
0.340639 0.0435072 0.939187 87.4608 -0.0244273 0.999002 -0.0374183 -4.74591 -0.939877 -0.0101956 0.341362 65.5777
0.349839 0.0406804 0.935926 88.1587 -0.0196321 0.999156 -0.0360904 -4.76748 -0.936604 -0.00574839 0.350342 65.8445
0.358309 0.0311702 0.933082 88.8876 -0.00998354 0.999514 -0.0295555 -4.79095 -0.93355 0.00127454 0.358446 66.104
0.36418 0.0266371 0.930948 89.6239 -0.00415829 0.999628 -0.0269755 -4.81386 -0.93132 0.00595276 0.364155 66.3828
0.372076 0.0258482 0.927842 90.3279 -0.000508045 0.999618 -0.0276439 -4.82096 -0.928203 0.00981425 0.371947 66.6673
0.378332 0.0313959 0.925138 91.0471 0.000621636 0.999417 -0.0341708 -4.85175 -0.92567 0.013503 0.378091 66.9635
0.385967 0.0353428 0.921835 91.7561 0.00447542 0.999183 -0.0401821 -4.87602 -0.922502 0.0196345 0.385493 67.2583
0.39139 0.0365477 0.919499 92.4753 0.00371146 0.999141 -0.0412929 -4.90149 -0.920218 0.0195743 0.390918 67.5634
0.395282 0.0369963 0.917814 93.1875 -0.00112653 0.999208 -0.039792 -4.91479 -0.918559 0.0146951 0.395011 67.8809
0.399346 0.0389575 0.915972 93.8709 -0.00559517 0.999183 -0.040057 -4.92802 -0.916783 0.0108716 0.399237 68.2001
0.403574 0.0394981 0.914094 94.559 -0.0068689 0.999171 -0.0401415 -4.98015 -0.914922 0.00992124 0.40351 68.5069
0.407148 0.0416986 0.91241 95.2412 -0.00902625 0.999093 -0.0416322 -5.0119 -0.913318 0.00871483 0.407155 68.8185
0.410633 0.043497 0.910762 95.9097 -0.0111022 0.999027 -0.0427066 -5.04294 -0.911733 0.00742526 0.410716 69.1273
0.414015 0.0422382 0.909289 96.5745 -0.0109487 0.999083 -0.041424 -5.06896 -0.910204 0.0071946 0.414097 69.4313
0.417365 0.0390955 0.907897 97.2386 -0.00975097 0.99921 -0.0385449 -5.10916 -0.908687 0.00723444 0.417417 69.7292
0.420682 0.0381776 0.906404 97.8849 -0.0110347 0.999256 -0.036967 -5.14398 -0.907141 0.00554948 0.42079 70.0323
0.423278 0.0368195 0.905251 98.5196 -0.0105096 0.999307 -0.0357309 -5.17247 -0.905939 0.00561029 0.423371 70.3328
0.426568 0.0386128 0.903631 99.1399 -0.0129608 0.999247 -0.0365802 -5.20008 -0.904363 0.00389216 0.426747 70.6323
0.428904 0.0386467 0.902523 99.7582 -0.0117126 0.999239 -0.0372219 -5.23396 -0.903274 0.00539374 0.42903 70.924
0.430337 0.0378052 0.901876 100.369 -0.0102106 0.999263 -0.0370153 -5.26971 -0.902611 0.00672034 0.430406 71.2071
0.430632 0.0368112 0.901777 100.971 -0.00789234 0.999284 -0.0370226 -5.30503 -0.902493 0.00882597 0.430614 71.4979
0.432643 0.0369741 0.900807 101.561 -0.00884994 0.999285 -0.0367656 -5.33199 -0.901522 0.00793431 0.432661 71.7906
0.434484 0.0358773 0.899965 102.143 -0.00740982 0.999316 -0.0362605 -5.36705 -0.900649 0.00908601 0.434452 72.0745
0.436028 0.0376125 0.899146 102.718 -0.00816387 0.999251 -0.037841 -5.40297 -0.899896 0.00915923 0.436009 72.3546
0.438864 0.0375467 0.897769 103.276 -0.00665579 0.999236 -0.0385366 -5.43727 -0.898529 0.010937 0.438778 72.6283
0.441107 0.0362492 0.896722 103.839 -0.00461841 0.999263 -0.0381224 -5.47681 -0.897443 0.0126746 0.440949 72.9022
0.443244 0.0351375 0.895712 104.391 -0.00194518 0.999268 -0.0382371 -5.50297 -0.896399 0.015206 0.442987 73.1721
0.44632 0.0339407 0.89423 104.927 -0.000559336 0.999292 -0.037649 -5.53283 -0.894873 0.0163033 0.446022 73.436
0.449127 0.0330349 0.892857 105.456 0.000600783 0.999306 -0.0372755 -5.56165 -0.893468 0.0172778 0.448795 73.705
0.451429 0.0326045 0.891711 105.985 0.00126988 0.999308 -0.0371815 -5.59027 -0.892306 0.0179172 0.451075 73.9754
0.454722 0.0321476 0.890053 106.501 0.00229669 0.999303 -0.0372669 -5.62111 -0.890631 0.0189902 0.454331 74.2395
0.457752 0.0333112 0.888456 107.019 0.00120465 0.999274 -0.0380867 -5.6523 -0.889079 0.0185045 0.45738 74.5066
0.461829 0.0326677 0.886367 107.529 0.00342161 0.999249 -0.0386108 -5.68053 -0.886963 0.0208644 0.46137 74.7743
0.466379 0.0356471 0.883866 108.034 0.00144805 0.999156 -0.0410608 -5.71002 -0.884584 0.0204298 0.465934 75.0487
0.471753 0.0414652 0.880755 108.535 -0.00219366 0.998946 -0.0458545 -5.74127 -0.881728 0.0196999 0.471347 75.3283
0.477013 0.047894 0.87759 109.029 -0.007056 0.998691 -0.0506676 -5.77395 -0.878868 0.0179768 0.476726 75.6146
0.482988 0.0540903 0.873954 109.519 -0.0126518 0.998418 -0.0548015 -5.8083 -0.875536 0.0154114 0.482908 75.9021
0.488766 0.0582613 0.870467 110.023 -0.0157706 0.998195 -0.057955 -5.84422 -0.872273 0.0145986 0.488802 76.1943
0.494353 0.0585207 0.867289 110.513 -0.0188448 0.998219 -0.0566136 -5.88034 -0.869057 0.0116431 0.494575 76.4939
0.499476 0.0573169 0.864429 111.017 -0.0239312 0.998342 -0.0523683 -5.91545 -0.865997 0.00546984 0.500019 76.8075
0.505134 0.0546639 0.861308 111.534 -0.0282487 0.998505 -0.0468041 -5.95236 -0.862579 -0.000688504 0.505923 77.1296
0.511903 0.0526612 0.857428 112.047 -0.0335613 0.998584 -0.0412938 -5.98089 -0.858388 -0.00763796 0.512945 77.4552
0.517937 0.0508282 0.853907 112.568 -0.0350275 0.998657 -0.0381983 -6.01111 -0.854702 -0.010126 0.519021 77.7907
0.523996 0.0534857 0.850039 113.09 -0.0394306 0.99848 -0.0385191 -6.04057 -0.850808 -0.0133337 0.525309 78.1323
0.530381 0.0573595 0.845817 113.617 -0.0431608 0.998242 -0.0406316 -6.0655 -0.846661 -0.0149559 0.531924 78.4865
0.536728 0.0598522 0.84163 114.149 -0.0449785 0.998093 -0.042295 -6.09066 -0.842556 -0.0151544 0.538396 78.8465
0.542446 0.0618115 0.837813 114.701 -0.0471942 0.997957 -0.0430702 -6.11207 -0.838764 -0.0161767 0.544255 79.2139
0.549703 0.0626821 0.833005 115.254 -0.0492765 0.997878 -0.0425706 -6.13323 -0.833906 -0.0176463 0.551625 79.5989
0.556358 0.0640896 0.828467 115.82 -0.0524882 0.997741 -0.0419359 -6.15897 -0.829284 -0.0201534 0.558465 79.9935
0.562743 0.0626453 0.824255 116.397 -0.0523996 0.997823 -0.0400621 -6.18951 -0.82497 -0.020646 0.5648 80.4028
0.571424 0.0603621 0.818432 116.987 -0.0519017 0.997954 -0.0373648 -6.21397 -0.819013 -0.0211268 0.573387 80.8251
0.579175 0.0600914 0.812985 117.579 -0.0521754 0.997968 -0.0365942 -6.24421 -0.813532 -0.0212234 0.581133 81.2588
0.586609 0.0619103 0.8075 118.181 -0.0550568 0.997816 -0.0365055 -6.25186 -0.807997 -0.0230439 0.588736 81.7108
0.594705 0.0626036 0.801503 118.782 -0.056168 0.997763 -0.036257 -6.27643 -0.80198 -0.0234565 0.596891 82.1789
0.601806 0.0631224 0.796144 119.391 -0.0573009 0.997716 -0.0357902 -6.29724 -0.796585 -0.024081 0.604048 82.6541
0.606782 0.0619938 0.792447 120.007 -0.0564339 0.997799 -0.0348467 -6.32813 -0.792863 -0.0235765 0.608945 83.1316
0.611138 0.0606416 0.789197 120.634 -0.0555449 0.997889 -0.0336645 -6.34951 -0.789573 -0.0232622 0.613216 83.6255
0.61437 0.059352 0.786783 121.27 -0.0532577 0.998013 -0.0336993 -6.37849 -0.787219 -0.0211984 0.61631 84.1202
0.618267 0.0568026 0.783913 121.916 -0.0492727 0.998225 -0.0334706 -6.40723 -0.784423 -0.0179318 0.619968 84.6204
0.62188 0.0512988 0.781431 122.575 -0.0425173 0.998593 -0.0317187 -6.43639 -0.781958 -0.0134991 0.623186 85.1263
0.62576 0.0459933 0.778659 123.226 -0.0367719 0.99889 -0.0294504 -6.4533 -0.779149 -0.0102039 0.626756 85.65
0.6289 0.0416819 0.776368 123.892 -0.0321506 0.999103 -0.0275964 -6.49029 -0.776822 -0.00760532 0.629675 86.1809
0.632469 0.0410095 0.7735 124.556 -0.0312039 0.999136 -0.0274576 -6.50516 -0.773958 -0.00677014 0.633202 86.7315
0.63516 0.0428306 0.771193 125.216 -0.0336006 0.999049 -0.0278115 -6.52386 -0.77165 -0.00824783 0.635994 87.2835
0.639681 0.0450984 0.767317 125.881 -0.0362976 0.998936 -0.0284517 -6.54206 -0.767784 -0.00965175 0.640637 87.8503
0.642562 0.0479979 0.764729 126.541 -0.0411997 0.998757 -0.0280685 -6.56339 -0.765126 -0.0134708 0.643741 88.4236
0.64595 0.0463328 0.761972 127.215 -0.0420097 0.998802 -0.0251204 -6.59222 -0.762223 -0.0157837 0.647122 88.9983
0.649942 0.0439499 0.758712 127.883 -0.0439986 0.998829 -0.0201681 -6.60269 -0.758709 -0.0202742 0.651114 89.59
0.653601 0.0392342 0.755822 128.553 -0.0433324 0.998958 -0.0143832 -6.61932 -0.755598 -0.0233507 0.654619 90.1806
0.658688 0.0356749 0.75157 129.235 -0.0410641 0.999092 -0.0114348 -6.62715 -0.751295 -0.0233306 0.659554 90.7794
0.663268 0.0335408 0.74763 129.909 -0.0377928 0.999222 -0.0112996 -6.65057 -0.747428 -0.0207603 0.664019 91.3752
0.669308 0.0308096 0.742346 130.58 -0.0280068 0.999477 -0.0162299 -6.6668 -0.742457 -0.00992788 0.669821 91.9709
0.67434 0.0336611 0.737654 131.254 -0.0255757 0.999426 -0.0222259 -6.68306 -0.737979 -0.00387819 0.674813 92.5891
0.680688 0.0346445 0.731754 131.925 -0.023025 0.9994 -0.0258979 -6.70678 -0.732212 0.000779795 0.681077 93.2064
0.68724 0.0314386 0.72575 132.593 -0.0206612 0.999505 -0.0237324 -6.71228 -0.726137 0.001315 0.687549 93.8389
0.693267 0.0274646 0.720157 133.255 -0.0174108 0.999621 -0.0213617 -6.7585 -0.720471 0.00227088 0.693482 94.4811
0.698356 0.0252079 0.715306 133.921 -0.0138568 0.999669 -0.0217006 -6.76468 -0.715616 0.00524289 0.698474 95.1276
0.70387 0.0267482 0.709825 134.547 -0.0125694 0.999604 -0.0252038 -6.79611 -0.710218 0.00881813 0.703927 95.757
0.707 0.0269237 0.706701 135.206 -0.0111502 0.999576 -0.0269266 -6.79514 -0.707126 0.0111573 0.707 96.4217
0.711081 0.0232502 0.702725 135.839 -0.00738411 0.999646 -0.025602 -6.81687 -0.703072 0.0130161 0.711001 97.0786
0.713467 0.0169304 0.700485 136.494 -0.00306839 0.999775 -0.0210387 -6.83642 -0.700683 0.0128611 0.713358 97.7358
0.714535 0.0140479 0.699458 137.151 -0.000999299 0.999818 -0.0190593 -6.8652 -0.699599 0.0129196 0.714419 98.4091
0.715913 0.00963536 0.698123 137.792 0.00344285 0.999844 -0.0173302 -6.88505 -0.698181 0.0148104 0.715769 99.0677
0.716043 0.0080768 0.698009 138.444 0.00378545 0.999874 -0.0154529 -6.89866 -0.698046 0.0137072 0.715922 99.7454
0.715202 0.00826778 0.698869 139.11 0.00307429 0.999884 -0.0149749 -6.91084 -0.698912 0.0128586 0.715093 100.428
0.715172 0.00964538 0.698882 139.743 0.00160454 0.99988 -0.0154413 -6.9308 -0.698948 0.0121646 0.71507 101.109
0.712789 0.0124381 0.701269 140.409 -0.00115506 0.999863 -0.0165601 -6.94755 -0.701379 0.0109938 0.712705 101.789
0.711537 0.0143925 0.702501 141.058 -0.00350339 0.999851 -0.016936 -6.96598 -0.70264 0.00958946 0.711481 102.464
0.709177 0.0156493 0.704857 141.715 -0.00524796 0.999844 -0.0169184 -6.97432 -0.705012 0.00829912 0.709148 103.144
0.706999 0.0170486 0.707009 142.363 -0.00778697 0.999837 -0.0163229 -6.98507 -0.707172 0.00603483 0.707017 103.818
0.704072 0.0162533 0.709942 143.041 -0.00792624 0.999856 -0.0150298 -7.01404 -0.710085 0.00495492 0.704099 104.496
0.70164 0.0149401 0.712375 143.694 -0.0085513 0.999885 -0.0125473 -7.02535 -0.712481 0.00271195 0.701687 105.159
0.698765 0.0105224 0.715274 144.346 -0.00400483 0.999934 -0.0107976 -7.03705 -0.715341 0.00468045 0.69876 105.811
0.696404 0.012654 0.717539 144.997 -0.00419715 0.9999 -0.01356 -7.07422 -0.717639 0.00643162 0.696387 106.447
0.692174 0.0222317 0.721389 145.65 -0.00804457 0.999701 -0.0230898 -7.07383 -0.721687 0.0101789 0.692145 107.093
0.6897 0.0277858 0.723562 146.302 -0.0118136 0.999563 -0.0271239 -7.09123 -0.723999 0.0101595 0.689727 107.737
0.686478 0.0255751 0.726701 146.963 -0.0120645 0.999645 -0.0237841 -7.124 -0.727052 0.00756001 0.686542 108.377
0.683255 0.0249292 0.729754 147.621 -0.0171761 0.99969 -0.0180687 -7.14723 -0.729978 -0.000188824 0.683471 109.01
0.679306 0.02233 0.733516 148.281 -0.018147 0.999743 -0.0136286 -7.16732 -0.733631 -0.00405306 0.679536 109.642
0.675858 0.0226351 0.736684 148.944 -0.0190408 0.999731 -0.0132486 -7.18204 -0.736786 -0.00507282 0.676107 110.257
0.672809 0.0204736 0.739533 149.6 -0.0162551 0.999785 -0.0128899 -7.21191 -0.739638 -0.0033487 0.672997 110.872
0.668727 0.0192818 0.743258 150.274 -0.0143282 0.999813 -0.013046 -7.23381 -0.74337 -0.00192534 0.668878 111.471
0.665592 0.0195295 0.746061 150.932 -0.0122132 0.999809 -0.0152759 -7.26271 -0.746217 0.00105576 0.665703 112.069
0.661977 0.019582 0.749268 151.604 -0.010728 0.999804 -0.0166515 -7.2807 -0.749448 0.00298472 0.662057 112.676
0.65737 0.0186205 0.753338 152.288 -0.0095587 0.999821 -0.0163719 -7.29426 -0.753508 0.00356146 0.65743 113.279
0.653844 0.0198561 0.756369 152.974 -0.0116847 0.999802 -0.0161458 -7.31007 -0.75654 0.00171889 0.653946 113.868
0.648753 0.0210397 0.760708 153.66 -0.0130166 0.999779 -0.016551 -7.34918 -0.760888 0.000835753 0.648883 114.457
0.642458 0.0220316 0.766005 154.341 -0.0141106 0.999758 -0.0169199 -7.36142 -0.766192 6.15872e-05 0.642613 115.038
0.637185 0.0256518 0.770284 155.046 -0.0153353 0.999671 -0.0206052 -7.38882 -0.770559 0.00131681 0.637368 115.624
0.63129 0.0317826 0.774896 155.73 -0.0190595 0.999494 -0.0254672 -7.40891 -0.775313 0.00130806 0.631576 116.194
0.623214 0.0342464 0.781301 156.443 -0.01923 0.99941 -0.0284676 -7.41965 -0.781815 0.00271704 0.623505 116.762
0.61738 0.0287639 0.786139 157.178 -0.019616 0.999584 -0.0211685 -7.44546 -0.786421 -0.00235191 0.617687 117.335
0.610105 0.0254802 0.791911 157.913 -0.0250973 0.999603 -0.0128272 -7.44985 -0.791924 -0.0120489 0.610502 117.927
0.601677 0.020865 0.798467 158.655 -0.0246169 0.999669 -0.00757279 -7.48438 -0.79836 -0.0150994 0.601992 118.506
0.595264 0.0217041 0.803237 159.408 -0.0286502 0.999573 -0.00577703 -7.48399 -0.80302 -0.019574 0.595632 119.078
0.58712 0.0228607 0.809177 160.158 -0.0288333 0.999558 -0.00731849 -7.49878 -0.808986 -0.0190344 0.58752 119.636
0.579585 0.0228898 0.814591 160.912 -0.0240674 0.999651 -0.0109659 -7.51783 -0.814557 -0.0132494 0.579933 120.173
0.573214 0.0306397 0.818833 161.674 -0.0242188 0.999498 -0.0204458 -7.5235 -0.819048 -0.00811139 0.573668 120.713
0.566098 0.0327659 0.823686 162.448 -0.021424 0.999457 -0.0250338 -7.54936 -0.82406 -0.00347511 0.566493 121.234
0.558046 0.029331 0.829291 163.237 -0.0191502 0.999565 -0.0224668 -7.56758 -0.829589 -0.00334356 0.558365 121.763
0.551015 0.0247194 0.834129 164.03 -0.0156622 0.999692 -0.0192796 -7.59931 -0.834349 -0.00244099 0.551233 122.287
0.543562 0.0252263 0.83899 164.806 -0.0175067 0.999672 -0.0187153 -7.62915 -0.839187 -0.00451498 0.543826 122.792
0.536413 0.0267125 0.843533 165.586 -0.019182 0.999627 -0.0194575 -7.659 -0.843738 -0.00574337 0.536725 123.292
0.530282 0.0251366 0.847449 166.358 -0.016274 0.999679 -0.0194686 -7.67847 -0.847665 -0.00346757 0.53052 123.774
0.524893 0.0189512 0.850957 167.132 -0.0116572 0.999819 -0.0150758 -7.71859 -0.851088 -0.00200659 0.525019 124.243
0.519205 0.0165945 0.854489 167.914 -0.0110247 0.999859 -0.0127187 -7.74985 -0.854579 -0.00281686 0.519315 124.713
0.5158 0.0159849 0.85656 168.67 -0.0123439 0.999861 -0.0112259 -7.76594 -0.85662 -0.00478294 0.515926 125.175
0.511159 0.017133 0.859315 169.428 -0.013119 0.999841 -0.0121309 -7.79295 -0.859386 -0.00507253 0.511303 125.642
