1 0 0 0 0 1 0 0 0 0 1 0
0.999981 0.00211525 0.00578541 -0.00752846 -0.00209286 0.99999 -0.00387443 -0.00113282 -0.00579355 0.00386225 0.999976 0.698607
0.999968 0.00143105 0.00787585 -0.0164216 -0.00139318 0.999987 -0.00481183 -0.0120471 -0.00788264 0.00480071 0.999957 1.47151
0.99995 0.00122774 0.00996658 -0.0265245 -0.0012174 0.999999 -0.00104348 -0.0164972 -0.00996785 0.0010313 0.99995 2.30897
0.999958 -0.000663998 0.0091107 -0.029939 0.000636734 0.999995 0.00299507 -0.017639 -0.00911264 -0.00298914 0.999954 3.18872
0.999961 -0.00195481 0.00858979 -0.0359824 0.00191689 0.999988 0.00442125 -0.0207112 -0.00859834 -0.00440461 0.999953 4.09625
0.999951 -0.00465133 0.00877606 -0.0366568 0.00463582 0.999988 0.00178768 -0.0271455 -0.00878427 -0.00174691 0.99996 5.01688
0.999957 -0.00348198 0.00862449 -0.0363608 0.00349122 0.999993 -0.00105655 -0.0337751 -0.00862075 0.00108661 0.999962 5.94669
0.999962 -0.00154352 0.00860591 -0.0366409 0.00155901 0.999997 -0.00179314 -0.0350079 -0.00860312 0.00180649 0.999961 6.89277
0.999958 0.000175012 0.00913945 -0.0355876 -0.000172865 1 -0.000235644 -0.037526 -0.00913949 0.000234055 0.999958 7.83791
0.999974 9.11549e-05 0.0071719 -0.0399907 -0.000110841 0.999996 0.00274461 -0.0421443 -0.00717163 -0.00274534 0.999971 8.77936
0.999979 -0.000170568 0.00640037 -0.0493434 0.000141959 0.99999 0.0044701 -0.0470301 -0.00640106 -0.0044691 0.99997 9.7142
0.999969 -0.000149621 0.00784132 -0.0560697 0.000101508 0.999981 0.00613592 -0.0520202 -0.00784209 -0.00613494 0.99995 10.6521
0.999979 5.22883e-05 0.00649077 -0.0567625 -9.61337e-05 0.999977 0.00675498 -0.0492884 -0.00649027 -0.00675546 0.999956 11.5844
0.999979 0.000169228 0.0064092 -0.0595469 -0.000204687 0.999984 0.00553246 -0.0472114 -0.00640816 -0.00553365 0.999964 12.514
0.999982 0.000557529 0.00590868 -0.0584606 -0.000577319 0.999994 0.00334823 -0.0478555 -0.00590678 -0.00335158 0.999977 13.4461
0.999994 -0.00071496 0.00350645 -0.0640153 0.000707626 0.999997 0.00209228 -0.0499748 -0.00350794 -0.00208979 0.999992 14.371
0.999999 -0.000775468 0.00139706 -0.0697521 0.000773766 0.999999 0.0012188 -0.0416432 -0.00139801 -0.00121772 0.999998 15.3045
0.999996 0.00234417 0.00165368 -0.0802452 -0.00234318 0.999997 -0.000599133 -0.0457681 -0.00165508 0.000595257 0.999998 16.2174
0.999991 0.00426658 -0.000494508 -0.0944432 -0.00426707 0.99999 -0.000995061 -0.0515644 0.000490256 0.000997163 0.999999 17.127
0.999994 0.00278562 -0.00222246 -0.1057 -0.00278457 0.999996 0.000476184 -0.0624177 0.00222377 -0.000469991 0.999997 18.0385
0.999987 0.00416431 -0.0028978 -0.12124 -0.00416036 0.99999 0.00136739 -0.0873454 0.00290347 -0.00135532 0.999995 18.9345
0.999981 0.00411147 -0.00458481 -0.140906 -0.00410302 0.99999 0.00185167 -0.101632 0.00459238 -0.00183282 0.999988 19.8277
0.999974 0.00425403 -0.0058302 -0.162438 -0.00424121 0.999988 0.00220827 -0.132005 0.00583953 -0.00218349 0.999981 20.7169
0.99997 0.00378475 -0.00682139 -0.177003 -0.00377173 0.999991 0.00191921 -0.150279 0.00682859 -0.00189343 0.999975 21.5974
0.999945 0.00455949 -0.00950571 -0.185419 -0.00454178 0.999988 0.00188343 -0.165843 0.00951418 -0.00184015 0.999953 22.4836
0.999939 0.00486731 -0.00996364 -0.193058 -0.00483055 0.999981 0.00370974 -0.182513 0.00998151 -0.00366138 0.999943 23.3549
0.999916 0.00411718 -0.0122809 -0.205291 -0.00403718 0.99997 0.0065318 -0.192034 0.0123074 -0.00648167 0.999903 24.2317
0.999899 0.00314011 -0.0138926 -0.215587 -0.00302852 0.999963 0.00804648 -0.200087 0.0139174 -0.00800359 0.999871 25.0989
0.999896 0.00406958 -0.0138423 -0.226857 -0.00396709 0.999964 0.00742325 -0.209632 0.013872 -0.00736757 0.999877 25.9546
0.999873 0.00509658 -0.0150981 -0.238349 -0.00501447 0.999972 0.00547115 -0.217276 0.0151256 -0.00539474 0.999871 26.8038
0.999845 0.00630579 -0.016444 -0.253477 -0.00624323 0.999973 0.00385276 -0.224521 0.0164679 -0.0037495 0.999857 27.6399
0.99983 0.00665132 -0.0171976 -0.271654 -0.00657633 0.999968 0.00441297 -0.229213 0.0172264 -0.00429912 0.999842 28.4618
0.999759 0.0073824 -0.0207034 -0.290438 -0.00728869 0.999963 0.00459772 -0.234747 0.0207366 -0.00444571 0.999775 29.2833
0.999703 0.0082333 -0.0229529 -0.314668 -0.0081489 0.999959 0.00376798 -0.243201 0.022983 -0.00357982 0.99973 30.102
0.99966 0.00859633 -0.0246419 -0.334049 -0.00850995 0.999957 0.00360824 -0.250714 0.0246719 -0.00339731 0.99969 30.9096
0.999596 0.00865268 -0.027075 -0.355877 -0.00850877 0.999949 0.00542576 -0.255256 0.0271205 -0.0051932 0.999619 31.704
0.99954 0.00736943 -0.0294269 -0.384138 -0.00716212 0.999949 0.00714403 -0.256112 0.029478 -0.00692998 0.999542 32.4852
0.999452 0.00794791 -0.0321438 -0.416349 -0.0076406 0.999924 0.00967188 -0.259402 0.0322182 -0.00942098 0.999437 33.2662
0.999353 0.00870126 -0.0349112 -0.449676 -0.00835449 0.999914 0.0100663 -0.260103 0.0349958 -0.0097681 0.99934 34.0401
0.999275 0.0103636 -0.0366434 -0.489875 -0.010025 0.999905 0.0094116 -0.258178 0.0367374 -0.00903743 0.999284 34.802
0.999151 0.01193 -0.0394319 -0.535802 -0.0115853 0.999892 0.00895779 -0.263057 0.0395345 -0.00849336 0.999182 35.5523
0.999078 0.0130965 -0.0408915 -0.581639 -0.0126996 0.99987 0.00995155 -0.266869 0.0410165 -0.00942307 0.999114 36.2913
0.999023 0.0136143 -0.0420415 -0.620678 -0.0131378 0.999846 0.0115892 -0.269132 0.0421928 -0.0110256 0.999049 37.0268
0.99896 0.0152032 -0.042984 -0.656603 -0.0146991 0.999819 0.0120202 -0.267173 0.043159 -0.0113758 0.999004 37.7555
0.998943 0.0179443 -0.0423126 -0.697878 -0.0174925 0.999786 0.0110245 -0.26519 0.0425013 -0.0102727 0.999044 38.4677
0.998967 0.0200009 -0.0408139 -0.734196 -0.0196658 0.999769 0.00859498 -0.265542 0.0409764 -0.00778346 0.99913 39.1655
0.999017 0.0199985 -0.0395721 -0.772217 -0.0197028 0.999775 0.00784728 -0.269621 0.0397201 -0.00705988 0.999186 39.8453
0.999101 0.0207202 -0.0369852 -0.802428 -0.0204173 0.999755 0.0085471 -0.26592 0.0371532 -0.00778428 0.99928 40.5184
0.999124 0.0243231 -0.0340557 -0.832635 -0.0239696 0.999655 0.0107495 -0.266847 0.0343054 -0.00992376 0.999362 41.1807
0.99912 0.028539 -0.0307492 -0.866767 -0.0281125 0.999503 0.014212 -0.267733 0.0311395 -0.0133351 0.999426 41.8375
0.999097 0.0331345 -0.0266114 -0.90062 -0.0327424 0.99935 0.0150352 -0.262357 0.0270922 -0.0141503 0.999533 42.4779
0.999116 0.0362609 -0.0212895 -0.93171 -0.0359321 0.999232 0.0156299 -0.25041 0.0218399 -0.0148511 0.999651 43.1043
0.999105 0.0391508 -0.0160009 -0.957467 -0.0388721 0.999093 0.017369 -0.247008 0.0166663 -0.0167315 0.999721 43.7145
0.999043 0.0426538 -0.0097413 -0.974615 -0.0424702 0.998929 0.0183403 -0.234786 0.0105131 -0.017909 0.999785 44.3087
0.99899 0.0448798 -0.00216907 -0.983658 -0.0448319 0.998821 0.0185786 -0.22336 0.00300029 -0.0184626 0.999825 44.8829
0.998861 0.0474868 0.00467161 -0.994688 -0.0475671 0.998688 0.0189306 -0.220218 -0.00376655 -0.0191312 0.99981 45.4402
0.998653 0.050428 0.012259 -0.999441 -0.0506489 0.998546 0.0184353 -0.216097 -0.0113115 -0.0190314 0.999755 45.9734
0.998325 0.0541408 0.0204105 -1.00035 -0.0544854 0.998374 0.016723 -0.213345 -0.0194719 -0.017807 0.999652 46.4851
0.998085 0.0550594 0.0281986 -1.00021 -0.0555085 0.998339 0.0153975 -0.209144 -0.027304 -0.0169333 0.999484 46.9786
0.99778 0.0557506 0.0364198 -0.991771 -0.0563206 0.998302 0.0148166 -0.204444 -0.035532 -0.0168349 0.999227 47.4495
0.997509 0.0553695 0.0436949 -0.977884 -0.0560938 0.998304 0.0155277 -0.206419 -0.0427611 -0.01794 0.998924 47.9029
0.997067 0.0563341 0.0518084 -0.962748 -0.0572377 0.99823 0.0161264 -0.202319 -0.0508083 -0.0190446 0.998527 48.338
0.996409 0.0584429 0.0612568 -0.948586 -0.0595383 0.998094 0.0162121 -0.202559 -0.0601926 -0.019801 0.997991 48.7494
0.995621 0.062158 0.0698221 -0.932688 -0.0633933 0.997866 0.0156166 -0.201358 -0.0687025 -0.0199745 0.997437 49.1408
0.994741 0.0650522 0.079106 -0.909406 -0.0664984 0.997661 0.0157846 -0.204077 -0.0778943 -0.020962 0.996741 49.5084
0.993968 0.064664 0.0885723 -0.883325 -0.0663338 0.997668 0.0160378 -0.205162 -0.0873288 -0.0218165 0.995941 49.8551
0.993076 0.0635033 0.0988321 -0.857131 -0.0652584 0.997761 0.0146249 -0.206012 -0.0976821 -0.0209733 0.994997 50.1851
0.991856 0.0629589 0.110716 -0.822368 -0.0645986 0.997847 0.011283 -0.205413 -0.109767 -0.0183433 0.993788 50.4986
0.990221 0.0637861 0.124069 -0.781694 -0.0652221 0.997842 0.00754315 -0.206201 -0.12332 -0.0155614 0.992245 50.8003
0.988108 0.0648076 0.139439 -0.73866 -0.0662851 0.997783 0.00597323 -0.210471 -0.138743 -0.0151449 0.990213 51.0898
0.985635 0.0651571 0.155814 -0.692527 -0.0667442 0.997757 0.00496998 -0.212629 -0.155141 -0.0152983 0.987774 51.3751
0.982785 0.0651341 0.172891 -0.637996 -0.0668366 0.997756 0.00403799 -0.21366 -0.17224 -0.0155239 0.984933 51.6494
0.979498 0.0650922 0.190648 -0.575799 -0.0668699 0.997757 0.00289866 -0.218277 -0.190032 -0.0155879 0.981654 51.9187
0.975691 0.0637661 0.209666 -0.509193 -0.0655618 0.997847 0.0016184 -0.222603 -0.209112 -0.0153252 0.977772 52.1865
0.971179 0.0638621 0.229636 -0.434576 -0.0657506 0.997836 0.000573598 -0.227554 -0.229103 -0.0156558 0.973277 52.4463
0.965894 0.0651139 0.250615 -0.358542 -0.0670061 0.997752 -0.000984218 -0.23076 -0.250116 -0.0158421 0.968087 52.7028
0.959691 0.0658964 0.273223 -0.273428 -0.0676706 0.997703 -0.00293592 -0.235164 -0.272789 -0.0156716 0.961947 52.9561
0.952531 0.0671502 0.296944 -0.190599 -0.0691281 0.9976 -0.00384722 -0.24391 -0.29649 -0.0168626 0.954887 53.2103
0.944343 0.0682647 0.3218 -0.0977478 -0.0702369 0.997515 -0.00549194 -0.250544 -0.321376 -0.017416 0.946792 53.4655
0.934867 0.0700133 0.348025 0.00281334 -0.0722548 0.997365 -0.00655161 -0.258205 -0.347567 -0.0190216 0.937463 53.7191
0.923956 0.0698007 0.376075 0.110963 -0.0718426 0.997379 -0.00861089 -0.266315 -0.375691 -0.0190622 0.926549 53.9697
0.911561 0.0681124 0.405483 0.232316 -0.0699759 0.997496 -0.0102458 -0.273903 -0.405165 -0.0190343 0.914046 54.2158
0.896794 0.0658186 0.437524 0.365375 -0.0666756 0.997684 -0.0134208 -0.281296 -0.437395 -0.0171365 0.899107 54.4542
0.880038 0.0656873 0.470338 0.506225 -0.0652965 0.997718 -0.0171663 -0.290534 -0.470392 -0.0156044 0.88232 54.6873
0.861008 0.0662406 0.504259 0.658947 -0.0641859 0.997707 -0.0214655 -0.301697 -0.504525 -0.0138843 0.863286 54.9246
0.839461 0.0689415 0.539028 0.826231 -0.0655908 0.997522 -0.0254342 -0.322006 -0.539446 -0.0140042 0.841904 55.1524
0.815479 0.0703501 0.574495 1.00852 -0.0654261 0.997428 -0.0292701 -0.340498 -0.575077 -0.0137178 0.817985 55.3808
0.788764 0.0725691 0.610397 1.20097 -0.0668883 0.997243 -0.0321265 -0.358111 -0.611046 -0.0154882 0.791444 55.6107
0.759451 0.0755408 0.646163 1.40944 -0.069043 0.996985 -0.0354062 -0.378273 -0.64689 -0.0177237 0.762378 55.8385
0.727369 0.075713 0.682056 1.63382 -0.068296 0.996947 -0.0378347 -0.399291 -0.682839 -0.0190619 0.73032 56.0617
0.691803 0.0736376 0.718322 1.87924 -0.0654183 0.997087 -0.0392116 -0.424534 -0.719117 -0.0198648 0.694605 56.275
0.653866 0.0717712 0.753198 2.14415 -0.0629103 0.997201 -0.0404082 -0.450149 -0.75399 -0.0209624 0.656551 56.4823
0.612657 0.0707375 0.787177 2.43145 -0.0600669 0.997273 -0.0428674 -0.473822 -0.788063 -0.0210202 0.615236 56.6855
0.567719 0.0700982 0.820232 2.73811 -0.05709 0.997322 -0.045718 -0.497977 -0.821241 -0.0208721 0.570201 56.8779
0.521077 0.0689676 0.850718 3.06689 -0.0538999 0.997399 -0.0478445 -0.525638 -0.851806 -0.020923 0.523439 57.0597
0.473561 0.0665536 0.878243 3.41681 -0.0520918 0.997512 -0.0475032 -0.550598 -0.87922 -0.0232536 0.47585 57.2321
0.425414 0.0641663 0.902721 3.78376 -0.051327 0.997588 -0.0467213 -0.575879 -0.903542 -0.0264581 0.427682 57.3906
0.376811 0.0635429 0.924108 4.17161 -0.0524859 0.997506 -0.0471884 -0.604312 -0.924802 -0.0307215 0.379206 57.5356
0.328825 0.0629363 0.942291 4.57942 -0.0487396 0.997578 -0.0496206 -0.630154 -0.943133 -0.0296105 0.331096 57.6614
0.282691 0.0587083 0.957412 5.00663 -0.0402106 0.997973 -0.0493226 -0.658961 -0.958368 -0.0245551 0.284479 57.767
0.239396 0.0538845 0.969425 5.45714 -0.0290956 0.998408 -0.0483105 -0.678252 -0.970486 -0.0166407 0.240583 57.8513
0.198147 0.0516816 0.978808 5.92677 -0.0218456 0.998593 -0.0483039 -0.698576 -0.979929 -0.0118114 0.198997 57.9161
0.160304 0.0537179 0.985604 6.4115 -0.0180079 0.998511 -0.0514924 -0.718941 -0.986904 -0.00949425 0.161033 57.9676
0.127683 0.0540907 0.990339 6.90772 -0.0117376 0.998524 -0.0530245 -0.747929 -0.991746 -0.0048539 0.128129 58.0031
0.098788 0.0524908 0.993723 7.41806 -0.0048105 0.998621 -0.0522713 -0.77916 -0.995097 0.000383479 0.0989044 58.0271
0.0741517 0.0506151 0.995961 7.94611 0.000573073 0.998709 -0.0507974 -0.810375 -0.997247 0.00433749 0.074027 58.0428
0.0543898 0.0499268 0.99727 8.48267 0.00483412 0.998724 -0.0502632 -0.844547 -0.998508 0.00755474 0.0540791 58.0469
0.0383836 0.0509183 0.997965 9.02898 0.00661252 0.998666 -0.0512084 -0.880656 -0.999241 0.00856464 0.0379958 58.0428
0.025269 0.0509558 0.998381 9.5879 0.0078464 0.998659 -0.0511686 -0.914126 -0.99965 0.00912669 0.0248354 58.0371
0.0135969 0.0522775 0.99854 10.1594 0.00853175 0.99859 -0.0523963 -0.94468 -0.999871 0.00923174 0.0131318 58.0294
0.00478933 0.0539137 0.998534 10.7407 0.0134446 0.998452 -0.0539738 -0.977182 -0.999898 0.0136834 0.00405713 58.0192
-0.00228599 0.0547938 0.998495 11.3285 0.0176019 0.998345 -0.0547453 -1.0093 -0.999843 0.0174502 -0.00324662 58.0076
-0.00669004 0.0547899 0.998475 11.93 0.0173637 0.998353 -0.0546669 -1.04599 -0.999827 0.0169715 -0.00763032 57.992
-0.0109398 0.0526418 0.998553 12.5428 0.0153076 0.998505 -0.0524715 -1.08037 -0.999823 0.0147114 -0.0117292 57.9796
-0.0131462 0.0471118 0.998803 13.1732 0.0134174 0.998807 -0.0469355 -1.11335 -0.999824 0.0127843 -0.0137626 57.9693
-0.0145112 0.0421762 0.999004 13.8182 0.0144185 0.999015 -0.0419672 -1.14328 -0.999791 0.0137952 -0.015105 57.9547
-0.0149307 0.0405294 0.999066 14.4734 0.0179782 0.999027 -0.0402592 -1.1719 -0.999727 0.0173604 -0.0156447 57.9371
-0.0149522 0.0418135 0.999013 15.1394 0.0207485 0.998923 -0.0414991 -1.20053 -0.999673 0.0201075 -0.0158036 57.9243
-0.0136741 0.0482488 0.998741 15.8119 0.0208792 0.998631 -0.0479576 -1.23177 -0.999689 0.0201972 -0.0146627 57.9101
-0.0114568 0.0554508 0.998395 16.4941 0.020097 0.998272 -0.0552133 -1.27122 -0.999732 0.0194322 -0.0125514 57.8964
-0.00946348 0.0564909 0.998358 17.1884 0.0217574 0.998178 -0.0562745 -1.30499 -0.999719 0.0211892 -0.0106753 57.889
-0.00714956 0.0534783 0.998543 17.8966 0.0209637 0.998357 -0.0533183 -1.34683 -0.999755 0.020552 -0.00825886 57.8823
-0.00477422 0.0485382 0.99881 18.6178 0.0186737 0.998651 -0.0484412 -1.40015 -0.999814 0.0184202 -0.00567411 57.879
-0.00262973 0.0472065 0.998881 19.3409 0.0191342 0.998704 -0.0471478 -1.44093 -0.999814 0.0189888 -0.00352952 57.882
0.000489917 0.051073 0.998694 20.0624 0.0231581 0.998426 -0.0510706 -1.48669 -0.999732 0.0231529 -0.000693546 57.8829
0.00329166 0.0552307 0.998468 20.782 0.0259642 0.998132 -0.0552978 -1.53357 -0.999658 0.0261065 0.00185155 57.8902
0.0041301 0.0565946 0.998388 21.497 0.0198511 0.998196 -0.0566658 -1.58901 -0.999795 0.0200531 0.00299925 57.897
0.0078192 0.0550773 0.998451 22.2193 0.0149209 0.998364 -0.0551894 -1.63924 -0.999858 0.0153293 0.00698468 57.9108
0.0120206 0.0527029 0.998537 22.9421 0.0169182 0.998456 -0.0529022 -1.69762 -0.999785 0.0175294 0.0111105 57.9178
0.0136828 0.0535637 0.99847 23.6639 0.0221106 0.998303 -0.0538578 -1.75181 -0.999662 0.0228137 0.0124753 57.9243
0.0173425 0.0578855 0.998172 24.3898 0.021453 0.998071 -0.0582524 -1.81004 -0.99962 0.022424 0.0160673 57.9341
0.0205939 0.0603649 0.997963 25.1172 0.0184224 0.997983 -0.0607462 -1.86775 -0.999618 0.0196359 0.0194404 57.9507
0.0231147 0.0605853 0.997895 25.8491 0.0170683 0.997992 -0.0609865 -1.92735 -0.999587 0.0184421 0.0220343 57.9708
0.0271467 0.0601791 0.997818 26.5839 0.0196616 0.997961 -0.0607226 -1.99084 -0.999438 0.0212671 0.0259082 57.9904
0.030976 0.0602638 0.997701 27.322 0.0229841 0.997874 -0.0609878 -2.05259 -0.999256 0.0248205 0.0295251 58.0142
0.0327859 0.0612183 0.997585 28.0571 0.0249893 0.99776 -0.0620503 -2.11155 -0.99915 0.0269633 0.0311828 58.0371
0.0361355 0.0620551 0.997418 28.799 0.0259246 0.997676 -0.0630104 -2.17195 -0.999011 0.0281346 0.0344429 58.062
0.0390266 0.0614908 0.997344 29.5399 0.0276734 0.997655 -0.0625929 -2.22873 -0.998855 0.0300427 0.0372335 58.0827
0.0410486 0.0602593 0.997338 30.2827 0.0295007 0.997671 -0.0614936 -2.28321 -0.998722 0.0319464 0.0391755 58.1006
0.0435403 0.0616605 0.997146 31.027 0.0286996 0.997604 -0.062942 -2.33534 -0.998639 0.0313583 0.0416665 58.1189
0.0463714 0.0637155 0.99689 31.7758 0.0264116 0.997536 -0.0649853 -2.38801 -0.998575 0.0293429 0.0445744 58.1408
0.0476768 0.0632235 0.996859 32.5242 0.0275116 0.997533 -0.064582 -2.44692 -0.998484 0.0305043 0.04582 58.1639
0.0511448 0.0642159 0.996624 33.2816 0.0264389 0.997494 -0.0656287 -2.50227 -0.998341 0.0297063 0.0493189 58.1931
0.0518963 0.0650259 0.996533 34.0438 0.0248074 0.997486 -0.0663799 -2.55942 -0.998344 0.0281663 0.0501528 58.2233
0.0578124 0.0650567 0.996205 34.8098 0.0230595 0.997521 -0.0664808 -2.61911 -0.998061 0.0268155 0.056169 58.2622
0.0595399 0.0659587 0.996044 35.5765 0.0212501 0.997504 -0.0673256 -2.67726 -0.998 0.0251746 0.0579898 58.3027
0.0620728 0.068792 0.995698 36.3414 0.0194774 0.997348 -0.0701203 -2.73993 -0.997882 0.0237462 0.0605684 58.3455
0.06518 0.0709661 0.995346 37.1077 0.0188466 0.997202 -0.0723326 -2.80315 -0.997696 0.0234736 0.0636603 58.3895
0.0672404 0.073437 0.99503 37.874 0.0144097 0.997112 -0.0745644 -2.86808 -0.997633 0.0193519 0.0659881 58.4353
0.0688909 0.0736019 0.994905 38.6422 0.00981664 0.997176 -0.0744496 -2.9321 -0.997576 0.0148956 0.067974 58.4856
0.0714308 0.0721713 0.994831 39.4142 0.0105759 0.997268 -0.0731075 -2.9957 -0.997389 0.0157434 0.0704725 58.5391
0.0725206 0.0737633 0.994635 40.186 0.0106792 0.997146 -0.0747282 -3.06057 -0.99731 0.0160413 0.071526 58.5934
0.0746269 0.0744178 0.99443 40.9619 0.0069228 0.997149 -0.0751407 -3.12762 -0.997187 0.0124918 0.073899 58.652
0.0775832 0.0740009 0.994235 41.7389 0.00732389 0.997172 -0.0747909 -3.19466 -0.996959 0.0130842 0.076822 58.7115
0.0809627 0.0728702 0.994049 42.5183 0.00838816 0.997239 -0.0737872 -3.25994 -0.996682 0.0143123 0.080128 58.7731
0.0836048 0.0771515 0.993508 43.2989 0.00404082 0.996964 -0.0777599 -3.32782 -0.996491 0.0105157 0.0830393 58.8404
0.0886007 0.0844797 0.992478 44.0802 0.00217353 0.996378 -0.0850057 -3.40426 -0.996065 0.00968877 0.0880963 58.9131
0.0945026 0.0883015 0.9916 44.8604 -0.000486559 0.996062 -0.0886524 -3.48028 -0.995524 0.00789544 0.0941736 58.9893
0.100243 0.0910107 0.990791 45.6434 -0.00413091 0.995837 -0.0910562 -3.56014 -0.994954 0.0050349 0.100202 59.0732
0.106451 0.0902531 0.990213 46.4257 -0.00842177 0.995918 -0.0898677 -3.63914 -0.994282 0.0012272 0.106777 59.162
0.113871 0.0888649 0.989513 47.2151 -0.00937782 0.996043 -0.0883722 -3.71949 -0.993451 0.000783567 0.114254 59.2567
0.120502 0.0866473 0.988924 48.014 -0.0107239 0.996239 -0.0859814 -3.80775 -0.992655 -0.000244192 0.120978 59.3561
0.129208 0.0823255 0.988194 48.8291 -0.0114411 0.996605 -0.0815302 -3.8897 -0.991551 -0.000771574 0.129712 59.4639
0.137263 0.0772056 0.987521 49.6567 -0.0134203 0.997011 -0.0760821 -3.96925 -0.990444 -0.00280956 0.137889 59.5743
0.145144 0.0744542 0.986605 50.487 -0.0126801 0.997223 -0.07339 -4.04306 -0.989329 -0.00185807 0.145685 59.6881
0.153626 0.0763442 0.985175 51.3149 -0.0118277 0.997082 -0.0754225 -4.11781 -0.988058 -6.54145e-05 0.154081 59.8113
0.160355 0.0814073 0.983696 52.1381 -0.0119026 0.99668 -0.0805415 -4.19367 -0.986988 0.00120676 0.160792 59.9366
0.164352 0.0855744 0.982682 52.9581 -0.0120241 0.99633 -0.0847517 -4.2666 -0.986328 0.00211328 0.164778 60.0668
0.169794 0.0874313 0.981593 53.7751 -0.0119769 0.996166 -0.0866576 -4.34202 -0.985407 0.00295753 0.17019 60.2049
0.17449 0.0887506 0.980651 54.5874 -0.0153169 0.996054 -0.0874192 -4.4199 -0.98454 0.000233262 0.175161 60.3419
0.179131 0.0854269 0.980109 55.3945 -0.0128189 0.996341 -0.0844988 -4.49682 -0.983742 0.0025724 0.179571 60.4834
0.185505 0.0801239 0.979371 56.1983 -0.0106769 0.996776 -0.0795254 -4.56672 -0.982585 0.00429579 0.185763 60.6282
0.188632 0.0749975 0.97918 57.002 -0.0118806 0.997181 -0.0740875 -4.63068 -0.981976 0.00234207 0.188991 60.7762
0.191114 0.0722551 0.978904 57.8002 -0.0147593 0.997386 -0.0707377 -4.68936 -0.981457 -0.000928952 0.191681 60.9283
0.195043 0.0714064 0.978191 58.5885 -0.015828 0.997446 -0.0696559 -4.7507 -0.980667 -0.00189685 0.195675 61.0836
0.196897 0.0731347 0.977692 59.3639 -0.0180897 0.997315 -0.0709594 -4.80697 -0.980257 -0.00371442 0.197692 61.2384
0.199418 0.0762417 0.976944 60.125 -0.0202111 0.997077 -0.0736873 -4.86477 -0.979706 -0.00505045 0.200376 61.3998
0.201659 0.0799657 0.976186 60.8753 -0.020708 0.996787 -0.0773754 -4.92107 -0.979237 -0.00461143 0.202667 61.5621
0.203782 0.0844479 0.975367 61.6064 -0.0213232 0.996419 -0.0818155 -4.98163 -0.978784 -0.00412534 0.204854 61.728
0.206918 0.0856843 0.974599 62.3253 -0.0206517 0.996318 -0.0832092 -5.0474 -0.97814 -0.00290961 0.207925 61.8867
0.209031 0.0855331 0.974161 63.0354 -0.0229032 0.996323 -0.0825644 -5.11358 -0.977641 -0.0050529 0.210221 62.045
0.209844 0.0834061 0.974171 63.7377 -0.0235827 0.996497 -0.0802376 -5.17805 -0.97745 -0.00613616 0.211076 62.2011
0.210055 0.0822311 0.974225 64.4401 -0.023997 0.99659 -0.0789447 -5.2414 -0.977395 -0.00679572 0.211312 62.3575
0.21038 0.0810119 0.974257 65.1322 -0.0230963 0.996694 -0.0778901 -5.3011 -0.977347 -0.00611514 0.211556 62.5086
0.209949 0.0802507 0.974413 65.8101 -0.0227976 0.996757 -0.0771788 -5.35842 -0.977446 -0.00601062 0.211097 62.6597
0.209661 0.0808004 0.974429 66.4772 -0.0241309 0.996704 -0.0774553 -5.41805 -0.977476 -0.00727447 0.21092 62.8044
0.207414 0.0832205 0.974707 67.1321 -0.0236102 0.996511 -0.0800579 -5.47861 -0.977968 -0.00640785 0.208656 62.9487
0.206746 0.0879258 0.974435 67.7759 -0.0242 0.996109 -0.0847469 -5.54442 -0.978095 -0.00606017 0.20807 63.0875
0.20438 0.089905 0.974754 68.4217 -0.0244891 0.995931 -0.0867235 -5.61321 -0.978585 -0.00614623 0.205751 63.2232
0.202202 0.0898585 0.975212 69.0573 -0.0257291 0.995926 -0.0864323 -5.67936 -0.979005 -0.00761454 0.20369 63.365
0.20064 0.0871997 0.975776 69.6742 -0.0265588 0.996149 -0.0835592 -5.73209 -0.979305 -0.00915009 0.202183 63.5145
0.199256 0.0842585 0.976318 70.2852 -0.0249594 0.99641 -0.0808985 -5.77972 -0.979629 -0.00824877 0.200643 63.663
0.197403 0.0821543 0.976874 70.89 -0.0207339 0.996609 -0.0796242 -5.82989 -0.980103 -0.00453635 0.198437 63.8007
0.196419 0.083045 0.976997 71.4823 -0.0166227 0.996546 -0.0813647 -5.87912 -0.980379 -0.000258725 0.197121 63.9318
0.194946 0.0850992 0.977115 72.0653 -0.0133408 0.996367 -0.0841142 -5.93635 -0.980723 0.00336229 0.195374 64.0668
0.192764 0.0871707 0.977365 72.6481 -0.0148082 0.996191 -0.0859291 -5.99072 -0.981133 0.00209103 0.19332 64.1931
0.192847 0.0893511 0.977152 73.2184 -0.0157216 0.995999 -0.0879717 -6.04913 -0.981103 0.00160274 0.19348 64.3244
0.19157 0.0887937 0.977454 73.7873 -0.0147436 0.996047 -0.0875931 -6.1033 -0.981368 0.00236906 0.192122 64.4581
0.191509 0.0892094 0.977428 74.3584 -0.00967063 0.995984 -0.0890082 -6.15761 -0.981443 0.00759356 0.191603 64.5932
0.19498 0.0874201 0.976903 74.923 -0.00486964 0.996094 -0.0881655 -6.21175 -0.980795 0.0124334 0.194644 64.7308
0.195854 0.0877135 0.976702 75.4934 -0.00307198 0.996042 -0.0888342 -6.26877 -0.980628 0.0143982 0.195349 64.8624
0.197369 0.0886624 0.976311 76.0643 -0.00503066 0.99598 -0.0894316 -6.32613 -0.980316 0.0127396 0.197022 64.998
0.202332 0.0896422 0.975205 76.6362 -0.00846733 0.995925 -0.08979 -6.38131 -0.97928 0.00991006 0.202267 65.1373
0.208041 0.0892634 0.974038 77.2134 -0.0082025 0.995951 -0.0895196 -6.44043 -0.978086 0.0106342 0.207931 65.2736
0.214725 0.08946 0.972568 77.7921 -0.00965457 0.995942 -0.0894784 -6.4989 -0.976627 0.00982356 0.214717 65.4208
0.221922 0.0887368 0.971018 78.3757 -0.0109997 0.996015 -0.0885072 -6.55895 -0.975002 0.00896083 0.222014 65.5753
0.228899 0.0887281 0.969398 78.9589 -0.01385 0.996033 -0.0878956 -6.61546 -0.973352 0.00669306 0.22922 65.7407
0.235757 0.0887139 0.967754 79.5473 -0.0160162 0.996044 -0.0874054 -6.67343 -0.97168 0.00510666 0.236245 65.9101
0.243589 0.091332 0.965568 80.1361 -0.0215315 0.99582 -0.0887615 -6.73182 -0.969639 0.000831177 0.244537 66.0882
0.249533 0.0929544 0.963894 80.7253 -0.0227748 0.99567 -0.0901227 -6.79076 -0.968098 0.000536106 0.250569 66.2693
0.259255 0.0951082 0.961114 81.3186 -0.0259235 0.995466 -0.0915148 -6.85298 -0.965461 -0.00118966 0.260546 66.4566
0.268873 0.0959688 0.958382 81.9166 -0.026168 0.995384 -0.0923326 -6.9189 -0.96282 -0.000253156 0.270144 66.6496
0.276886 0.0975483 0.955938 82.5243 -0.0288847 0.995229 -0.0931913 -6.98283 -0.960469 -0.0018086 0.278383 66.8473
0.285282 0.0978616 0.953434 83.1359 -0.0298838 0.995198 -0.0932065 -7.04528 -0.957978 -0.00190204 0.286837 67.0542
0.293848 0.0991087 0.9507 83.7538 -0.0340152 0.995064 -0.09322 -7.10426 -0.955247 -0.00494577 0.295769 67.2716
0.304752 0.0965488 0.947525 84.3771 -0.0353194 0.99531 -0.0900581 -7.16241 -0.951777 -0.0060206 0.306733 67.4942
0.313408 0.0893447 0.945406 85.0127 -0.0308128 0.995997 -0.083911 -7.21855 -0.949119 -0.00283217 0.314906 67.7234
0.323997 0.0864151 0.942103 85.6608 -0.0306873 0.996256 -0.0808287 -7.26972 -0.94556 -0.00272228 0.325436 67.9565
0.334112 0.0825428 0.938912 86.3177 -0.028777 0.996587 -0.0773728 -7.3188 -0.942094 -0.00116786 0.335347 68.199
0.342612 0.0800836 0.936057 86.9779 -0.0238411 0.996781 -0.0765525 -7.37228 -0.939174 0.00391126 0.343419 68.4465
0.351159 0.0775818 0.933096 87.6396 -0.019512 0.996951 -0.0755479 -7.41886 -0.936112 0.00832285 0.351603 68.7073
0.359331 0.0683146 0.930706 88.3169 -0.00960224 0.997535 -0.0695126 -7.46129 -0.933161 0.0160412 0.359101 68.9736
0.364624 0.0634734 0.928988 89.0137 -0.00300655 0.997749 -0.0669913 -7.50472 -0.93115 0.0216337 0.363995 69.2514
0.372161 0.0636171 0.925985 89.7102 -0.000727475 0.997668 -0.0682495 -7.54509 -0.928167 0.0247262 0.37134 69.5453
0.377665 0.0678702 0.923451 90.4124 0.00220571 0.997241 -0.0741955 -7.59204 -0.925939 0.0300579 0.376474 69.8398
0.382431 0.0721383 0.921163 91.1136 0.00803731 0.99665 -0.0813865 -7.64524 -0.923949 0.0385284 0.38057 70.1395
0.387644 0.0718693 0.919003 91.8147 0.00804438 0.996654 -0.081335 -7.69805 -0.921774 0.0389219 0.385769 70.449
0.390291 0.0736282 0.917742 92.5194 0.00360559 0.996667 -0.0814935 -7.75024 -0.920684 0.0351153 0.388726 70.7642
0.392977 0.0725429 0.916682 93.2244 0.000548822 0.996865 -0.0791235 -7.80436 -0.919548 0.0315969 0.391706 71.0827
0.396583 0.0746404 0.914959 93.928 0.00130469 0.996642 -0.0818694 -7.86189 -0.917998 0.0336618 0.395154 71.3973
0.397444 0.0775273 0.914345 94.6324 0.00115409 0.996382 -0.0849848 -7.92186 -0.917625 0.034832 0.395916 71.7123
0.400865 0.0791121 0.912715 95.331 -0.000574192 0.996286 -0.0861037 -7.98115 -0.916137 0.0339919 0.399422 72.0309
0.403942 0.0775025 0.911495 96.0239 0.00062761 0.996381 -0.0849983 -8.04172 -0.914784 0.0349065 0.402432 72.3498
0.407367 0.0726733 0.910368 96.714 0.00352916 0.996696 -0.0811439 -8.10141 -0.913257 0.0362683 0.405765 72.6688
0.411709 0.0718418 0.908479 97.3991 0.00229086 0.996803 -0.0798645 -8.1585 -0.911312 0.0349622 0.410229 72.9846
0.415189 0.0689715 0.907117 98.0776 0.00410471 0.99697 -0.0776821 -8.21327 -0.909726 0.0359762 0.413648 73.2984
0.419304 0.070373 0.905114 98.7406 0.00188394 0.996921 -0.0783838 -8.2673 -0.907844 0.0345718 0.417881 73.6122
0.42244 0.0698302 0.903697 99.3943 0.00375506 0.996884 -0.0787863 -8.32434 -0.906383 0.0366759 0.420862 73.9261
0.424637 0.0681318 0.902796 100.038 0.00630439 0.996918 -0.0782002 -8.38168 -0.905341 0.0388983 0.422899 74.2341
0.425859 0.0662477 0.90236 100.675 0.00951455 0.996933 -0.0776811 -8.43945 -0.904739 0.0416668 0.423923 74.5388
0.427864 0.0667628 0.901374 101.304 0.00820884 0.99694 -0.0777377 -8.49797 -0.903805 0.0406604 0.426007 74.8462
0.430007 0.0662141 0.900394 101.924 0.0101463 0.996889 -0.0781559 -8.55661 -0.902768 0.0427433 0.427998 75.1515
0.432411 0.068006 0.899108 102.536 0.00922809 0.996766 -0.0798306 -8.61652 -0.901629 0.0428167 0.430385 75.4531
0.436243 0.068353 0.897229 103.136 0.0109586 0.996633 -0.081254 -8.67537 -0.899762 0.0452789 0.434025 75.7579
0.439759 0.0661575 0.895675 103.733 0.0142121 0.996646 -0.0805932 -8.73314 -0.898003 0.048171 0.437344 76.0586
0.442993 0.0656221 0.89412 104.32 0.0166212 0.996545 -0.0813743 -8.79034 -0.89637 0.0509097 0.440372 76.3617
0.447811 0.0637135 0.891855 104.894 0.0181152 0.996607 -0.0802927 -8.84765 -0.893944 0.0521122 0.445138 76.6655
0.452031 0.0630577 0.88977 105.463 0.0189611 0.996593 -0.080261 -8.90419 -0.8918 0.0531516 0.449296 76.9681
0.455925 0.0623925 0.887828 106.028 0.0193501 0.996609 -0.0799739 -8.95982 -0.889807 0.0536417 0.453172 77.268
0.460669 0.0618409 0.885414 106.58 0.0211726 0.99652 -0.0806168 -9.01487 -0.887319 0.0558842 0.457757 77.571
0.464736 0.0627479 0.883223 107.131 0.0203474 0.996466 -0.0814996 -9.07146 -0.885215 0.0558471 0.461817 77.8706
0.469715 0.061848 0.880648 107.676 0.0226875 0.996368 -0.0820759 -9.1268 -0.882526 0.058532 0.466607 78.1705
0.475409 0.0647796 0.877376 108.21 0.0203258 0.99621 -0.0845672 -9.18269 -0.879529 0.0580375 0.472292 78.4724
0.481229 0.0701616 0.873782 108.737 0.0165597 0.995886 -0.0890861 -9.24133 -0.876438 0.0573404 0.478087 78.7769
0.486904 0.076081 0.870135 109.257 0.0114979 0.995554 -0.093481 -9.30145 -0.873379 0.0555211 0.483865 79.0835
0.493275 0.0821724 0.865983 109.765 0.00549485 0.995214 -0.0975649 -9.36465 -0.869856 0.0528849 0.490463 79.3938
0.498708 0.0870425 0.862388 110.273 0.00232886 0.994807 -0.101755 -9.42908 -0.866767 0.0527542 0.495916 79.7073
0.503285 0.0874959 0.859679 110.777 -0.00035953 0.994881 -0.101046 -9.49397 -0.86412 0.0505459 0.500741 80.0248
0.507064 0.086487 0.857557 111.281 -0.00707209 0.995337 -0.0962007 -9.55598 -0.861879 0.0427153 0.505312 80.3453
0.510861 0.0846071 0.855489 111.784 -0.010156 0.995669 -0.092406 -9.61758 -0.859603 0.0385183 0.509509 80.6703
0.517106 0.0828291 0.851904 112.286 -0.0167684 0.996096 -0.0866702 -9.67492 -0.855757 0.0305327 0.516477 81.0004
0.521901 0.0812479 0.849127 112.792 -0.0178479 0.996275 -0.0843577 -9.73306 -0.852819 0.0288713 0.521408 81.336
0.526906 0.0837661 0.845785 113.299 -0.0217571 0.996134 -0.0851024 -9.7916 -0.849645 0.0264392 0.526692 81.6747
0.532528 0.08817 0.841807 113.807 -0.0260402 0.995795 -0.0878254 -9.85028 -0.846011 0.0248488 0.532586 82.0209
0.538169 0.0907147 0.837941 114.317 -0.0283577 0.995577 -0.0895674 -9.90889 -0.842359 0.0244404 0.538361 82.3717
0.543759 0.092869 0.834087 114.831 -0.0303983 0.995386 -0.091011 -9.96876 -0.83869 0.0241333 0.544074 82.7294
0.550384 0.0940555 0.829596 115.347 -0.0332422 0.995315 -0.0907898 -10.0268 -0.834249 0.0223917 0.550933 83.0956
0.556548 0.0956741 0.825288 115.871 -0.0366181 0.995207 -0.0906783 -10.086 -0.830008 0.0202464 0.557384 83.4693
0.562549 0.0942031 0.821379 116.403 -0.0367709 0.995355 -0.0889723 -10.1466 -0.825945 0.0198484 0.5634 83.8514
0.571085 0.0919432 0.815725 116.941 -0.036731 0.995574 -0.0864993 -10.2058 -0.820069 0.0194361 0.571935 84.2442
0.57877 0.0912783 0.810366 117.485 -0.037013 0.995632 -0.0857114 -10.2649 -0.81465 0.0196132 0.579621 84.6469
0.585935 0.093659 0.804927 118.035 -0.0409264 0.995451 -0.086036 -10.3215 -0.809323 0.0174689 0.587103 85.0599
0.593869 0.0940889 0.799041 118.588 -0.041996 0.99541 -0.0859992 -10.3814 -0.803465 0.0175158 0.595095 85.4845
0.600696 0.0946751 0.793852 119.144 -0.0436606 0.995366 -0.0856704 -10.4408 -0.798284 0.0168019 0.602046 85.9198
0.605835 0.0931808 0.790114 119.705 -0.042596 0.995492 -0.0847404 -10.5033 -0.794448 0.0176831 0.607074 86.3618
0.610222 0.0914735 0.786932 120.272 -0.0414431 0.995637 -0.0835968 -10.5657 -0.791145 0.0183997 0.611351 86.8117
0.613664 0.0897326 0.784451 120.846 -0.0384912 0.99574 -0.0837905 -10.6287 -0.788628 0.0212248 0.614504 87.2668
0.617641 0.086908 0.781643 121.424 -0.0344588 0.995911 -0.083503 -10.6917 -0.785704 0.0246405 0.618111 87.7274
0.62142 0.0811106 0.779267 122.011 -0.0277861 0.996283 -0.081541 -10.7543 -0.782984 0.0290185 0.621365 88.1955
0.625263 0.0755872 0.776744 122.602 -0.0221132 0.996615 -0.0791826 -10.8139 -0.7801 0.0323337 0.624818 88.6704
0.628748 0.0695919 0.774488 123.196 -0.0160727 0.996938 -0.0765319 -10.8732 -0.777443 0.0356712 0.627942 89.1516
0.632159 0.0687527 0.771781 123.793 -0.0150522 0.996957 -0.0764828 -10.9296 -0.774691 0.0367324 0.631272 89.6412
0.634761 0.0703894 0.769495 124.394 -0.0176833 0.996905 -0.0766046 -10.9876 -0.772506 0.0350184 0.634042 90.1379
0.639499 0.0722528 0.765388 124.996 -0.0204636 0.996821 -0.0770023 -11.044 -0.768518 0.0335804 0.638946 90.6441
0.642894 0.0747289 0.7623 125.6 -0.0249304 0.996743 -0.0766862 -11.101 -0.765549 0.0302967 0.642664 91.1589
0.646939 0.0731981 0.759019 126.207 -0.0266492 0.996944 -0.0734288 -11.1571 -0.762075 0.0272768 0.646914 91.6783
0.651451 0.0702529 0.75543 126.819 -0.0281564 0.997256 -0.068461 -11.2075 -0.758167 0.0233289 0.651643 92.2081
0.655569 0.0652841 0.752307 127.435 -0.0276426 0.997663 -0.0624876 -11.2575 -0.754629 0.0201693 0.655842 92.7471
0.66086 0.0615233 0.747983 128.056 -0.0253593 0.997896 -0.0596737 -11.3031 -0.75008 0.0204677 0.66103 93.298
0.66578 0.0590007 0.743811 128.682 -0.0220922 0.99799 -0.0593881 -11.351 -0.745821 0.023107 0.665746 93.8582
0.672223 0.0570297 0.738148 129.311 -0.0144315 0.997849 -0.0639516 -11.4022 -0.740207 0.0323373 0.671601 94.4284
0.676983 0.0605121 0.733506 129.942 -0.0129825 0.997441 -0.0703038 -11.4582 -0.735883 0.0380718 0.676037 95.0101
0.683238 0.0614941 0.727601 130.576 -0.0104913 0.997171 -0.0744255 -11.5186 -0.730119 0.043217 0.681952 95.602
0.689382 0.0598126 0.721924 131.21 -0.0104765 0.997304 -0.072624 -11.5717 -0.724322 0.0425024 0.688151 96.2057
0.695049 0.0542248 0.716914 131.843 -0.00488362 0.997485 -0.0707114 -11.6315 -0.718945 0.0456468 0.693566 96.816
0.699768 0.0528449 0.712413 132.483 -0.00374628 0.997518 -0.0703134 -11.6858 -0.71436 0.0465342 0.69823 97.4402
0.704661 0.0534977 0.707524 133.121 -0.00165111 0.997274 -0.073762 -11.747 -0.709542 0.0508091 0.702829 98.0719
0.707074 0.0537999 0.70509 133.766 -0.000122794 0.997111 -0.0759586 -11.8076 -0.707139 0.0536218 0.705038 98.7111
0.71052 0.0476507 0.702061 134.403 0.00514341 0.997326 -0.0728965 -11.8658 -0.703657 0.0554055 0.708376 99.3562
0.712638 0.0407137 0.700349 135.046 0.00994764 0.997628 -0.0681177 -11.9216 -0.701461 0.0555101 0.710543 100.006
0.712936 0.0356765 0.70032 135.686 0.0145971 0.997733 -0.0656877 -11.9787 -0.701076 0.0570538 0.7108 100.657
0.713841 0.0315324 0.699597 136.334 0.0186692 0.997774 -0.0640212 -12.0344 -0.700058 0.0587619 0.711664 101.311
0.712865 0.0277558 0.700751 136.982 0.0223249 0.997812 -0.0622329 -12.0896 -0.700945 0.0600079 0.710687 101.969
0.711751 0.0295078 0.701811 137.637 0.0194898 0.997903 -0.0617228 -12.1417 -0.702161 0.0576095 0.709684 102.627
0.71097 0.0263565 0.702728 138.293 0.0233002 0.997866 -0.0609993 -12.1991 -0.702836 0.0597424 0.708839 103.287
0.708276 0.0303051 0.705284 138.952 0.0189957 0.997898 -0.0619545 -12.2551 -0.705679 0.0572783 0.706212 103.948
0.707485 0.0315214 0.706025 139.611 0.016315 0.99801 -0.0609061 -12.3107 -0.706539 0.054609 0.705564 104.608
0.703572 0.0341382 0.709803 140.275 0.012018 0.998131 -0.0599179 -12.3618 -0.710522 0.050687 0.701847 105.266
0.698563 0.0343165 0.714724 140.944 0.0114991 0.998182 -0.0591654 -12.4122 -0.715455 0.0495495 0.696899 105.918
0.695664 0.0336969 0.717576 141.61 0.0108303 0.998294 -0.0573788 -12.4626 -0.718286 0.047688 0.694112 106.574
0.693835 0.0323123 0.719408 142.278 0.0105159 0.998432 -0.0549868 -12.512 -0.720057 0.045717 0.692408 107.227
0.690984 0.0290017 0.722288 142.949 0.0142033 0.998457 -0.0536783 -12.5602 -0.72273 0.0473497 0.689507 107.877
0.688695 0.0304555 0.72441 143.62 0.0147107 0.998325 -0.0559567 -12.6146 -0.724901 0.0491938 0.687094 108.525
0.683672 0.0398717 0.728699 144.299 0.00953455 0.997933 -0.0635486 -12.6709 -0.729727 0.0503942 0.681879 109.171
0.679084 0.0450054 0.732679 144.982 0.00604015 0.997742 -0.0668854 -12.7314 -0.734035 0.0498463 0.67728 109.816
0.675534 0.0418054 0.736142 145.664 0.00802937 0.997915 -0.0640398 -12.7928 -0.737284 0.0491719 0.673791 110.461
0.673782 0.0401886 0.737836 146.348 0.00358565 0.99833 -0.0576516 -12.8504 -0.738921 0.0414903 0.672514 111.103
0.669827 0.037299 0.741579 147.032 0.0028143 0.998603 -0.0527684 -12.901 -0.742511 0.0374328 0.668787 111.744
0.666303 0.0362131 0.7448 147.722 0.00393865 0.998635 -0.0520784 -12.9537 -0.74567 0.0376336 0.665252 112.38
0.66281 0.0310803 0.748141 148.415 0.00845138 0.998764 -0.0489794 -13.0057 -0.748739 0.0387869 0.661729 113.014
0.659443 0.0298334 0.751162 149.112 0.0112375 0.99871 -0.0495304 -13.0584 -0.75167 0.0411036 0.658257 113.64
0.657199 0.0310902 0.753075 149.805 0.0115923 0.998614 -0.0513435 -13.1154 -0.753627 0.0424728 0.655928 114.263
0.653562 0.0300526 0.756275 150.505 0.0140685 0.998557 -0.051838 -13.171 -0.756742 0.0445191 0.652197 114.879
0.648613 0.028508 0.760584 151.208 0.015606 0.99859 -0.0507373 -13.2244 -0.760958 0.0447786 0.647254 115.492
0.644643 0.0296013 0.76391 151.914 0.0132797 0.998666 -0.0499044 -13.2749 -0.764368 0.042315 0.64339 116.096
0.639332 0.0315426 0.768283 152.624 0.0120227 0.998626 -0.0510043 -13.3271 -0.768836 0.0418456 0.638075 116.695
0.633047 0.0322025 0.773443 153.341 0.0122735 0.998591 -0.0516222 -13.3806 -0.774016 0.0421721 0.63176 117.289
0.627344 0.0360107 0.777909 154.064 0.0108978 0.998427 -0.0550073 -13.4399 -0.778666 0.042986 0.625965 117.878
0.621988 0.0414189 0.78193 154.787 0.00753384 0.998237 -0.0588695 -13.5011 -0.78299 0.042507 0.62058 118.463
0.614921 0.0425103 0.787441 155.52 0.00819061 0.998148 -0.0602815 -13.5607 -0.788546 0.043518 0.613435 119.041
0.606921 0.0368364 0.793908 156.26 0.00880736 0.998552 -0.0530646 -13.6127 -0.794713 0.0391983 0.605718 119.614
0.599213 0.0342594 0.799856 157.008 0.00540641 0.998888 -0.0468345 -13.6554 -0.800571 0.0323882 0.598362 120.182
0.589784 0.028874 0.807044 157.76 0.00833511 0.99909 -0.0418361 -13.6938 -0.807518 0.0314011 0.589007 120.743
0.582387 0.0277997 0.812436 158.516 0.00697904 0.999207 -0.0391934 -13.7294 -0.812881 0.0284958 0.581732 121.299
0.573608 0.0294711 0.818599 159.276 0.00743796 0.999124 -0.0411822 -13.7677 -0.819096 0.0297112 0.572887 121.843
0.564987 0.0304017 0.824539 160.041 0.0136226 0.998841 -0.0461627 -13.8135 -0.824987 0.0373137 0.563919 122.379
0.557482 0.038154 0.829312 160.812 0.0124035 0.998449 -0.0542733 -13.8633 -0.830096 0.0405427 0.556144 122.902
0.549471 0.0417539 0.834468 161.587 0.0145954 0.998119 -0.059553 -13.9178 -0.835385 0.0449021 0.547828 123.413
0.541057 0.0373996 0.840153 162.372 0.0175969 0.998289 -0.0557713 -13.9689 -0.840802 0.0449596 0.539473 123.91
0.532996 0.0357204 0.845363 163.158 0.020854 0.998251 -0.0553289 -14.0214 -0.84586 0.0471194 0.531319 124.399
0.524464 0.0350216 0.850712 163.953 0.0196877 0.998388 -0.0532384 -14.0721 -0.851205 0.0446703 0.522929 124.88
0.516996 0.0380474 0.855141 164.748 0.018569 0.998278 -0.0556422 -14.1278 -0.855786 0.0446459 0.5154 125.357
0.51052 0.0392509 0.858969 165.548 0.0203962 0.998124 -0.0577318 -14.1845 -0.859624 0.0469929 0.508762 125.83
0.505191 0.034042 0.862335 166.351 0.0239193 0.998286 -0.0534217 -14.2378 -0.862676 0.0476146 0.503511 126.293
0.498812 0.0325087 0.8661 167.156 0.0272176 0.998216 -0.0531429 -14.2924 -0.866282 0.0500815 0.497038 126.752
0.49508 0.0306807 0.868305 167.961 0.0261146 0.998399 -0.0501671 -14.3422 -0.868454 0.0475122 0.493487 127.207
0.488812 0.0296034 0.871886 168.77 0.0259138 0.99849 -0.0484302 -14.3905 -0.872004 0.0462671 0.487307 127.657
0.48436 0.0322095 0.874276 169.571 0.0275444 0.998265 -0.0520374 -14.4426 -0.874435 0.0492863 0.482633 128.107
0.482465 0.0374065 0.875116 170.362 0.0266367 0.997999 -0.0573443 -14.5013 -0.87551 0.0509768 0.480504 128.556
