1 0 0 0 0 1 0 0 0 0 1 0
<<<<<<< HEAD
0.999988 0.00133919 0.0047701 -0.0142141 -0.00131638 0.999988 -0.00478154 -0.00404936 -0.00477644 0.0047752 0.999977 0.816615
0.999982 0.000995145 0.00594546 -0.0240377 -0.000967285 0.999989 -0.00468698 -0.0197816 -0.00595005 0.00468115 0.999971 1.71564
0.999972 5.12193e-05 0.00747245 -0.0319608 -3.91031e-05 0.999999 -0.00162156 -0.0258909 -0.00747252 0.00162122 0.999971 2.65639
0.999983 -0.00174743 0.00564574 -0.0295411 0.00173397 0.999996 0.00238739 -0.0286513 -0.00564989 -0.00237755 0.999981 3.61438
0.999986 -0.00288003 0.00434276 -0.0325121 0.00286762 0.999992 0.00286275 -0.0396152 -0.00435097 -0.00285026 0.999986 4.57067
0.999972 -0.00601344 0.00443489 -0.0308713 0.00601146 0.999982 0.00046017 -0.0525806 -0.00443758 -0.000433497 0.99999 5.52124
0.99998 -0.00552899 0.00292549 -0.0291049 0.00552819 0.999985 0.000282418 -0.0585393 -0.002927 -0.000266239 0.999996 6.4651
0.99998 -0.00580938 0.00236381 -0.0328402 0.00580837 0.999983 0.000434856 -0.0595488 -0.00236629 -0.000421117 0.999997 7.41377
0.999981 -0.00572396 0.00209116 -0.035917 0.00572032 0.999982 0.00174365 -0.064578 -0.0021011 -0.00173166 0.999996 8.35512
0.999984 -0.00562273 0.000767513 -0.0411701 0.00562001 0.999978 0.00350399 -0.0710318 -0.000787197 -0.00349962 0.999994 9.28489
0.999986 -0.00535887 6.86555e-05 -0.0517207 0.00535845 0.999973 0.00504405 -0.0797671 -9.56828e-05 -0.00504361 0.999987 10.2065
0.999983 -0.00578976 0.00103631 -0.0621851 0.00578333 0.999965 0.00609803 -0.0877253 -0.00107158 -0.00609193 0.999981 11.1328
0.999982 -0.00599736 -0.000342472 -0.0616338 0.00599943 0.999961 0.00640969 -0.0853328 0.000304019 -0.00641163 0.999979 12.0518
0.999982 -0.00598847 -0.00100792 -0.0679425 0.00599492 0.999961 0.00651704 -0.0819794 0.000968857 -0.00652296 0.999978 12.9633
0.999981 -0.00607179 -0.00142694 -0.0664564 0.00608116 0.999959 0.00665306 -0.0771129 0.00138648 -0.0066616 0.999977 13.8804
0.999975 -0.0058888 -0.00393972 -0.0767736 0.00591581 0.999959 0.00688173 -0.0733463 0.00389903 -0.00690487 0.999969 14.7871
0.99997 -0.00559643 -0.00537849 -0.0847112 0.00563425 0.999959 0.00704256 -0.0548517 0.00533886 -0.00707265 0.999961 15.7102
0.99997 -0.00526656 -0.00575731 -0.0978277 0.0053086 0.999959 0.00731071 -0.0548709 0.00571857 -0.00734105 0.999957 16.6021
0.999961 -0.0046207 -0.00748874 -0.117773 0.00467732 0.99996 0.00756034 -0.0529662 0.00745351 -0.00759507 0.999943 17.4983
0.999949 -0.00481811 -0.008879 -0.132123 0.00489301 0.999952 0.00843363 -0.059917 0.00883795 -0.00847664 0.999925 18.3976
0.99995 -0.00386275 -0.00928223 -0.151087 0.0039529 0.999945 0.00971411 -0.0896994 0.0092442 -0.00975031 0.99991 19.2793
0.999928 -0.00384504 -0.011342 -0.17451 0.00396371 0.999937 0.0104589 -0.0948912 0.0113011 -0.0105031 0.999881 20.1622
0.99991 -0.00387757 -0.0128684 -0.200434 0.00402606 0.999925 0.0115335 -0.124872 0.0128228 -0.0115843 0.999851 21.041
0.999902 -0.00341043 -0.0136172 -0.21811 0.00357471 0.999921 0.012058 -0.13034 0.013575 -0.0121055 0.999835 21.9051
0.99987 -0.00309898 -0.0158476 -0.229981 0.00329788 0.999916 0.0125404 -0.133218 0.0158074 -0.0125911 0.999796 22.7814
0.999873 -0.00280929 -0.0157224 -0.244732 0.00303112 0.999896 0.0141037 -0.139396 0.0156811 -0.0141495 0.999777 23.6343
0.999849 -0.00325099 -0.0170647 -0.264696 0.0035201 0.999869 0.0157637 -0.140623 0.0170112 -0.0158214 0.99973 24.5012
0.999842 -0.0027729 -0.017588 -0.280282 0.00306535 0.999857 0.0166225 -0.140568 0.0175394 -0.0166738 0.999707 25.3542
0.999844 -0.00215139 -0.0175445 -0.296401 0.00244462 0.999857 0.0167095 -0.142986 0.0175061 -0.0167497 0.999707 26.1887
0.999824 -0.00171606 -0.0187089 -0.313455 0.0020351 0.999852 0.0170472 -0.137684 0.0186768 -0.0170823 0.99968 27.02
0.999808 -0.00170367 -0.0195099 -0.333489 0.00204086 0.999849 0.0172764 -0.132393 0.0194775 -0.0173129 0.99966 27.8349
0.999796 -0.00141843 -0.0201481 -0.35529 0.001772 0.999844 0.0175417 -0.125286 0.0201201 -0.0175738 0.999643 28.6353
0.999755 -0.00123661 -0.0220852 -0.375696 0.00163409 0.999837 0.0179885 -0.124713 0.0220594 -0.0180202 0.999594 29.445
0.999698 -0.000513969 -0.0245643 -0.399189 0.000963704 0.999832 0.0183002 -0.124351 0.0245508 -0.0183184 0.999531 30.2451
0.999668 -0.00023373 -0.0257625 -0.41733 0.000714195 0.999826 0.0186422 -0.119243 0.0257537 -0.0186544 0.999494 31.0314
0.999588 -0.000161515 -0.0287106 -0.439462 0.000719707 0.999811 0.0194328 -0.112701 0.028702 -0.0194455 0.999399 31.8034
0.999523 -5.84746e-05 -0.0308995 -0.469142 0.000695289 0.999788 0.0205989 -0.101839 0.0308917 -0.0206105 0.99931 32.5617
0.999457 0.000671807 -0.0329387 -0.501487 2.53069e-05 0.999776 0.0211591 -0.0989897 0.0329455 -0.0211484 0.999233 33.3224
0.99936 0.00118439 -0.0357517 -0.532907 -0.000411774 0.999766 0.0216104 -0.0915463 0.0357689 -0.0215818 0.999127 34.0723
0.999293 0.00183065 -0.0375612 -0.573064 -0.00101663 0.999764 0.0216797 -0.0787167 0.037592 -0.0216262 0.999059 34.8088
0.999223 0.00200741 -0.0393501 -0.616724 -0.0011485 0.999761 0.0218379 -0.0734183 0.0393845 -0.0217758 0.998987 35.5322
0.999149 0.002207 -0.0411918 -0.659709 -0.0012785 0.999745 0.0225536 -0.0682961 0.041231 -0.0224817 0.998897 36.2435
0.999092 0.0028534 -0.042501 -0.693767 -0.00187422 0.999732 0.0230609 -0.0619541 0.0425554 -0.0229603 0.99883 36.9546
0.999076 0.00335457 -0.0428563 -0.725734 -0.00235715 0.999726 0.0233029 -0.0524001 0.0429227 -0.0231804 0.998809 37.6558
0.999112 0.0039208 -0.0419404 -0.765604 -0.00295454 0.999729 0.0230762 -0.0438381 0.0420196 -0.0229318 0.998854 38.3395
0.999192 0.00421684 -0.0399581 -0.798193 -0.00329811 0.999729 0.0230303 -0.0334292 0.0400444 -0.0228799 0.998936 39.0101
0.99926 0.00412668 -0.0382329 -0.831654 -0.00324592 0.999729 0.0230702 -0.0280186 0.0383178 -0.0229291 0.999002 39.664
0.999387 0.00429818 -0.0347378 -0.856879 -0.00346914 0.999709 0.0238908 -0.0133114 0.0348304 -0.0237556 0.999111 40.3158
0.999493 0.00581533 -0.0313079 -0.882632 -0.00503834 0.999679 0.0248397 -0.0101618 0.0314423 -0.0246694 0.999201 40.9619
0.999545 0.0107503 -0.0281863 -0.913279 -0.00992581 0.999524 0.0292283 -0.0050845 0.0284871 -0.0289352 0.999175 41.6004
0.999621 0.0141503 -0.0236234 -0.942649 -0.013437 0.999457 0.0300855 0.00755562 0.0240363 -0.0297566 0.999268 42.2181
0.999748 0.0142551 -0.0173129 -0.964687 -0.0137298 0.999453 0.0300895 0.0278005 0.0177323 -0.0298442 0.999397 42.82
0.999826 0.0142908 -0.0119991 -0.983015 -0.0139196 0.999439 0.0304658 0.034998 0.0124277 -0.0302935 0.999464 43.4047
0.999881 0.0145187 -0.00509922 -0.990671 -0.0143564 0.99943 0.0305421 0.0546342 0.00553975 -0.0304653 0.999521 43.9691
0.999887 0.0148075 0.00269861 -0.993742 -0.0148825 0.999431 0.0302778 0.0714735 -0.00224874 -0.0303145 0.999538 44.5134
0.999837 0.0152216 0.00970637 -1.00009 -0.0155105 0.999417 0.030419 0.0738901 -0.00923769 -0.0305646 0.99949 45.0421
0.999725 0.015931 0.0172227 -0.999 -0.016445 0.999411 0.0301262 0.0820314 -0.0167326 -0.0304011 0.999398 45.5451
0.99953 0.0166136 0.0257768 -0.99469 -0.017369 0.999418 0.0293642 0.0915895 -0.0252739 -0.0297981 0.999236 46.0261
0.999282 0.0168662 0.0339143 -0.989355 -0.0178744 0.999401 0.0296486 0.101595 -0.0333939 -0.0302335 0.998985 46.4879
0.99895 0.0169326 0.0425547 -0.971712 -0.0181944 0.999401 0.0294394 0.113052 -0.0420307 -0.0301828 0.99866 46.9263
0.998586 0.0168282 0.0504209 -0.949694 -0.0183335 0.999395 0.0295421 0.112405 -0.0498933 -0.0304247 0.998291 47.3473
0.998171 0.0174133 0.0578936 -0.930702 -0.0191431 0.999383 0.029461 0.120648 -0.0573449 -0.0305153 0.997888 47.7473
0.997591 0.0182181 0.0669285 -0.914894 -0.0201744 0.999385 0.0286706 0.12043 -0.066365 -0.0299518 0.997346 48.1257
0.996942 0.0184676 0.0759252 -0.898453 -0.020685 0.999379 0.0285233 0.124881 -0.0753513 -0.0300066 0.996706 48.4797
0.996191 0.0185093 0.0852051 -0.874889 -0.0209998 0.999375 0.0284259 0.125869 -0.0846257 -0.030107 0.995958 48.8101
0.99536 0.0177429 0.094571 -0.84464 -0.0205708 0.999368 0.029012 0.126782 -0.0939964 -0.0308228 0.995095 49.1181
0.994234 0.0176908 0.105758 -0.81612 -0.0208816 0.999357 0.02914 0.1308 -0.105174 -0.0311804 0.993965 49.4104
0.992883 0.0177043 0.117765 -0.777928 -0.0212394 0.999359 0.0288305 0.137684 -0.11718 -0.0311266 0.992623 49.691
0.991148 0.017808 0.131564 -0.734714 -0.0217105 0.999364 0.0282878 0.144734 -0.130976 -0.0308937 0.990904 49.9632
0.989008 0.0176048 0.146807 -0.694675 -0.0219017 0.999376 0.0277037 0.147596 -0.146228 -0.0306145 0.988777 50.2288
0.98639 0.0176526 0.163469 -0.649362 -0.0224179 0.999375 0.0273527 0.152847 -0.162884 -0.0306451 0.986169 50.4959
0.983502 0.0177372 0.180024 -0.595217 -0.0229735 0.99937 0.0270436 0.158564 -0.179431 -0.0307332 0.983291 50.7497
0.98004 0.0176548 0.198014 -0.530585 -0.0234057 0.999368 0.0267399 0.159988 -0.197417 -0.0308408 0.979835 51.0039
0.975831 0.0175177 0.217821 -0.459465 -0.023843 0.999366 0.0264445 0.16377 -0.217219 -0.0309989 0.975631 51.2575
0.971235 0.0176557 0.237466 -0.384503 -0.0245576 0.999357 0.0261378 0.166457 -0.236851 -0.0312175 0.971044 51.5014
0.965728 0.0180026 0.258931 -0.31115 -0.0254907 0.999348 0.0255907 0.173933 -0.258301 -0.0313139 0.965557 51.7492
0.959247 0.017928 0.282 -0.22376 -0.0260513 0.999346 0.0250828 0.179784 -0.281366 -0.0314071 0.959087 51.9939
0.951934 0.0180147 0.305772 -0.142729 -0.0268278 0.999336 0.0246444 0.178139 -0.305125 -0.031663 0.951786 52.2416
0.943353 0.018154 0.331293 -0.0454781 -0.0276381 0.999331 0.0239384 0.182909 -0.330637 -0.0317386 0.943224 52.4962
0.933223 0.0181778 0.358837 0.0559945 -0.0284182 0.999325 0.0232834 0.186175 -0.358171 -0.0319261 0.93311 52.7529
0.921873 0.0182516 0.387061 0.166552 -0.0293107 0.999313 0.0226881 0.187829 -0.386381 -0.0322605 0.921775 53.003
0.908903 0.0178086 0.416628 0.296618 -0.0297538 0.999311 0.0221948 0.189177 -0.415946 -0.0325692 0.908806 53.247
0.89305 0.0177382 0.449608 0.440997 -0.0304357 0.999316 0.0210284 0.192576 -0.448927 -0.0324635 0.892978 53.4843
0.87536 0.0173784 0.48316 0.590664 -0.0309362 0.999319 0.0201046 0.193678 -0.482481 -0.0325459 0.875301 53.7147
0.855165 0.0178962 0.518047 0.75608 -0.0321649 0.99931 0.0185744 0.195797 -0.517357 -0.0325471 0.855151 53.9579
0.83282 0.0175016 0.553267 0.935059 -0.0323275 0.999332 0.0170499 0.189473 -0.552599 -0.0320852 0.832829 54.1875
0.807984 0.0176181 0.588941 1.13017 -0.0331407 0.99933 0.0155719 0.190305 -0.588271 -0.0320998 0.808026 54.4229
0.780326 0.017603 0.625125 1.33719 -0.0339444 0.999323 0.0142318 0.190684 -0.624451 -0.032325 0.780394 54.6635
0.75109 0.0176899 0.659962 1.55971 -0.0347349 0.999315 0.012745 0.189716 -0.659285 -0.0324964 0.75119 54.9033
0.717813 0.0174603 0.696017 1.80344 -0.0354726 0.999304 0.0115148 0.18697 -0.695332 -0.0329549 0.717933 55.1379
0.680433 0.0169733 0.732614 2.07627 -0.0358116 0.999308 0.0101088 0.178655 -0.731935 -0.0331144 0.68057 55.3658
0.640999 0.0163106 0.767368 2.37126 -0.0359673 0.999314 0.00880363 0.171236 -0.766698 -0.0332432 0.641146 55.5864
0.599069 0.0158217 0.800541 2.69191 -0.0358766 0.999331 0.00709709 0.169575 -0.799893 -0.0329724 0.599236 55.8048
0.55322 0.0154928 0.832891 3.03223 -0.0361894 0.99933 0.00544886 0.16693 -0.832248 -0.0331562 0.55341 56.0082
0.504938 0.0147995 0.863028 3.39976 -0.0354424 0.999365 0.0035991 0.160299 -0.862427 -0.0324051 0.505142 56.2011
0.456016 0.0141491 0.889859 3.79273 -0.0350751 0.999383 0.00208404 0.157588 -0.88928 -0.0321623 0.456231 56.3863
0.406812 0.0102386 0.913454 4.20123 -0.0380061 0.999261 0.00572593 0.155676 -0.912721 -0.0370462 0.406901 56.5556
0.356601 0.0110756 0.934191 4.63252 -0.0403836 0.999178 0.00356923 0.148982 -0.933383 -0.0389987 0.356756 56.7092
0.307765 0.0100765 0.951409 5.08239 -0.0417028 0.999126 0.00290833 0.149725 -0.950548 -0.0405715 0.307916 56.8384
0.260702 0.00784382 0.965387 5.55005 -0.0381157 0.999271 0.00217402 0.14556 -0.964666 -0.0373632 0.260811 56.94
0.215886 0.00300045 0.976414 6.04132 -0.029116 0.99957 0.00336596 0.157751 -0.975984 -0.0291559 0.21588 57.0162
0.1733 0.00078364 0.984869 6.54988 -0.0250279 0.99968 0.00360855 0.163997 -0.984551 -0.0252746 0.173264 57.074
0.135159 0.00166722 0.990822 7.0679 -0.0256827 0.999669 0.0018213 0.175907 -0.990491 -0.0256932 0.135157 57.1221
0.101659 0.000643345 0.994819 7.59546 -0.0222791 0.999751 0.00163015 0.174727 -0.99457 -0.0223294 0.101648 57.1538
0.0720354 -0.000985546 0.997401 8.13484 -0.0167477 0.999857 0.00219756 0.172118 -0.997261 -0.0168625 0.0720088 57.1752
0.0468977 -0.00163713 0.998898 8.69376 -0.0158671 0.999871 0.00238369 0.171313 -0.998774 -0.0159614 0.0468659 57.1862
0.0266522 -0.00372101 0.999638 9.25711 -0.0127235 0.999911 0.00406128 0.168158 -0.999564 -0.0128271 0.0266027 57.1854
0.0102056 -0.00379838 0.999941 9.82679 -0.0131839 0.999906 0.00393281 0.16565 -0.999861 -0.0132233 0.0101547 57.1775
-0.00290708 -0.00416077 0.999987 10.4087 -0.0133788 0.999902 0.00412154 0.168145 -0.999906 -0.0133667 -0.0029623 57.1671
-0.0150774 -0.00402292 0.999878 11.0028 -0.013491 0.999902 0.00381959 0.17466 -0.999795 -0.0134317 -0.01513 57.1527
-0.024391 -0.00357602 0.999696 11.6061 -0.012263 0.99992 0.00327763 0.180673 -0.999627 -0.0121794 -0.0244328 57.1317
-0.0317238 -0.00373404 0.999489 12.2152 -0.0115709 0.999928 0.00336843 0.188347 -0.99943 -0.0114582 -0.0317645 57.108
-0.0359409 -0.00408175 0.999345 12.8419 -0.0125074 0.999915 0.00363427 0.189021 -0.999275 -0.0123686 -0.0359888 57.0818
-0.0400134 -0.00475255 0.999188 13.4789 -0.0129091 0.999908 0.00423904 0.192794 -0.999116 -0.012729 -0.0400709 57.061
-0.0417143 -0.0106291 0.999073 14.1376 -0.0145771 0.999843 0.0100287 0.198752 -0.999023 -0.0141452 -0.0418626 57.0402
-0.0429177 -0.0173668 0.998928 14.8088 -0.0136548 0.999766 0.0167947 0.208696 -0.998985 -0.0129194 -0.0431446 57.012
-0.0434352 -0.0195464 0.998865 15.4857 -0.0121439 0.999745 0.0190356 0.222842 -0.998982 -0.0113033 -0.0436614 56.9788
-0.0439903 -0.0186041 0.998859 16.1687 -0.0118869 0.999766 0.0180975 0.23613 -0.998961 -0.0110773 -0.044201 56.9498
-0.0424098 -0.0118778 0.99903 16.8556 -0.00998792 0.999884 0.011464 0.249978 -0.99905 -0.00949205 -0.0425233 56.9189
-0.039951 -0.00548877 0.999186 17.5542 -0.00983645 0.999939 0.00509961 0.252243 -0.999153 -0.00962472 -0.0400024 56.8885
-0.0384185 -0.00479073 0.99925 18.2631 -0.00960734 0.999944 0.00442469 0.267246 -0.999215 -0.00943016 -0.0384622 56.8637
-0.0355693 -0.00758276 0.999338 18.9897 -0.00988037 0.999925 0.00723555 0.268134 -0.999318 -0.00961648 -0.0356414 56.8387
-0.0333873 -0.0137926 0.999347 19.7292 -0.00714738 0.999883 0.0135613 0.249945 -0.999417 -0.00668995 -0.0334818 56.8183
-0.0313508 -0.0167573 0.999368 20.4544 -0.00634323 0.999843 0.0165662 0.257732 -0.999488 -0.00581987 -0.031452 56.8002
-0.0277356 -0.0126595 0.999535 21.1735 -0.000710537 0.99992 0.0126447 0.2534 -0.999615 -0.000359511 -0.0277422 56.7778
-0.0246098 -0.00799104 0.999665 21.8899 0.00213324 0.999965 0.00804597 0.251917 -0.999695 0.00233052 -0.0245917 56.763
-0.0228911 -0.00880343 0.999699 22.6046 -0.000112061 0.999961 0.00880318 0.241548 -0.999738 8.94746e-05 -0.022891 56.7523
-0.0184736 -0.0133703 0.99974 23.3361 -0.00440572 0.999902 0.0132911 0.242816 -0.99982 -0.00415906 -0.0185305 56.7515
-0.0141329 -0.0152243 0.999784 24.0663 -0.00294815 0.99988 0.0151841 0.227481 -0.999896 -0.00273293 -0.0141759 56.7385
-0.0119257 -0.0149319 0.999817 24.7894 0.00288398 0.999884 0.0149673 0.221951 -0.999925 0.00306194 -0.0118811 56.7264
-0.00855768 -0.0141086 0.999864 25.5237 0.000853457 0.9999 0.0141164 0.215676 -0.999963 0.000974131 -0.00854461 56.7202
-0.00495406 -0.0144294 0.999884 26.2567 0.00029716 0.999896 0.014431 0.219255 -0.999988 0.000368605 -0.00494909 56.7233
-0.00215578 -0.0155142 0.999877 26.9963 0.000636127 0.99988 0.0155157 0.220956 -0.999997 0.000669485 -0.00214548 56.7278
0.00237633 -0.0163416 0.999864 27.7409 0.00175576 0.999865 0.0163375 0.21508 -0.999995 0.00171668 0.00240486 56.73
0.00547655 -0.0171674 0.999838 28.4857 0.00657075 0.999832 0.0171313 0.209799 -0.999963 0.00647584 0.00558859 56.7362
0.00833117 -0.0170922 0.999819 29.2222 0.0058066 0.999838 0.0170441 0.211277 -0.999948 0.00566353 0.00842923 56.7391
0.0117671 -0.0172837 0.999781 29.9685 0.00500664 0.999839 0.0172257 0.214813 -0.999918 0.00480283 0.0118519 56.7459
0.0149083 -0.0180302 0.999726 30.7147 0.00548568 0.999824 0.0179501 0.223427 -0.999874 0.00521656 0.0150047 56.7484
0.0177154 -0.0183702 0.999674 31.4609 0.00567974 0.999817 0.0182722 0.227647 -0.999827 0.00535417 0.0178167 56.7496
0.0210581 -0.0182599 0.999611 32.2094 0.00473693 0.999824 0.018164 0.23895 -0.999767 0.00435258 0.021141 56.7563
0.0241594 -0.0183879 0.999539 32.9653 0.00421928 0.999824 0.0182912 0.252604 -0.999699 0.00377542 0.0242329 56.7701
0.0266031 -0.0189857 0.999466 33.7193 0.00501915 0.99981 0.0188586 0.254336 -0.999633 0.00451475 0.0266934 56.7866
0.0305169 -0.0190441 0.999353 34.4875 0.00387795 0.999813 0.0189344 0.264391 -0.999527 0.00329761 0.0305852 56.811
0.0318484 -0.0191938 0.999308 35.2605 0.00361792 0.999811 0.0190882 0.272716 -0.999486 0.00300747 0.031912 56.8346
0.0385466 -0.0197077 0.999062 36.0383 0.0031814 0.999803 0.0195995 0.27959 -0.999252 0.00242291 0.0386019 56.8699
0.0410079 -0.0198272 0.998962 36.8144 0.00316127 0.999801 0.0197141 0.292552 -0.999154 0.00234954 0.0410625 56.905
0.0435036 -0.0195407 0.998862 37.5832 0.00284999 0.999807 0.019435 0.300123 -0.999049 0.00200124 0.043551 56.9417
0.047837 -0.0194014 0.998667 38.356 0.00299438 0.99981 0.0192802 0.311052 -0.998851 0.00206807 0.0478861 56.9776
0.0510397 -0.0190659 0.998515 39.1299 0.00113239 0.999818 0.0190329 0.321792 -0.998696 0.000159264 0.0510522 57.018
0.0535303 -0.0189767 0.998386 39.9079 -0.00381539 0.999808 0.0192084 0.33643 -0.998559 -0.00483747 0.0534478 57.0669
0.0573924 -0.0196057 0.998159 40.691 -0.00246051 0.999802 0.0197795 0.34743 -0.998349 -0.00359118 0.0573329 57.1179
0.0611609 -0.0196077 0.997935 41.4742 -0.00316706 0.999798 0.0198385 0.357609 -0.998123 -0.00437387 0.0610866 57.1691
0.0641782 -0.0196426 0.997745 42.2643 -0.0047135 0.999789 0.019986 0.367597 -0.997927 -0.00598555 0.0640722 57.2258
0.0689754 -0.0202537 0.997413 43.0557 -0.00370517 0.999782 0.0205581 0.379339 -0.997611 -0.0051136 0.0688855 57.2851
0.0737027 -0.0202025 0.997075 43.8507 -0.00331728 0.999785 0.0205026 0.391616 -0.997275 -0.00481869 0.0736199 57.3439
0.0777697 -0.0180278 0.996808 44.6469 -0.00490476 0.999818 0.0184649 0.404422 -0.996959 -0.00632513 0.0776672 57.4142
0.0844434 -0.0113327 0.996364 45.4443 -0.00613647 0.999911 0.0118932 0.406685 -0.996409 -0.00711847 0.0843664 57.4918
0.0916717 -0.00698904 0.995765 46.2416 -0.00644157 0.999951 0.00761146 0.410386 -0.995768 -0.00711205 0.0916223 57.5725
0.0983173 -0.00739109 0.995128 47.0437 -0.00745032 0.999939 0.00816292 0.412853 -0.995127 -0.00821659 0.0982563 57.6625
0.106479 -0.00901667 0.994274 47.8479 -0.00754072 0.999923 0.00987547 0.414354 -0.994286 -0.00854908 0.106403 57.757
0.114131 -0.00984221 0.993417 48.6626 -0.00753649 0.999914 0.0107724 0.413574 -0.993437 -0.00871635 0.114047 57.8547
0.120861 -0.0116102 0.992602 49.4882 -0.00714598 0.999896 0.0125656 0.403765 -0.992644 -0.00861181 0.120766 57.9579
0.129528 -0.0180071 0.991412 50.3289 -0.00780503 0.999786 0.019179 0.4068 -0.991545 -0.0102222 0.12936 58.0712
0.136764 -0.0249377 0.99029 51.1766 -0.00849564 0.999617 0.0263459 0.415018 -0.990567 -0.0120163 0.1365 58.1833
0.143887 -0.0266454 0.989235 52.0168 -0.00836118 0.999569 0.02814 0.431 -0.989559 -0.0123202 0.143603 58.2999
0.151745 -0.0253918 0.988093 52.8445 -0.00875701 0.999596 0.0270323 0.445647 -0.988381 -0.0127548 0.151462 58.4259
0.157758 -0.0199887 0.987276 53.6605 -0.00899889 0.999725 0.0216787 0.459066 -0.987437 -0.0123044 0.157534 58.5513
0.162017 -0.0187294 0.98661 54.4683 -0.00878627 0.999753 0.0204217 0.477053 -0.986749 -0.0119773 0.161812 58.683
0.167599 -0.018596 0.98568 55.2706 -0.0081514 0.999762 0.0202477 0.490955 -0.985821 -0.0114282 0.167407 58.8239
0.172704 -0.0197119 0.984776 56.0649 -0.00793053 0.99974 0.0214022 0.501638 -0.984942 -0.0115061 0.172503 58.9606
0.177293 -0.0216995 0.983919 56.85 -0.00631715 0.999712 0.0231861 0.51076 -0.984138 -0.0103263 0.177105 59.0988
0.182292 -0.0274881 0.98286 57.6319 -0.00426796 0.999578 0.0287473 0.53046 -0.983235 -0.00943522 0.182098 59.239
0.185877 -0.0348028 0.981957 58.413 -0.00336555 0.999344 0.0360562 0.556466 -0.982567 -0.0100069 0.185639 59.3849
0.188643 -0.0379498 0.981312 59.1856 -0.00428589 0.999212 0.0394659 0.58868 -0.982036 -0.0116508 0.188332 59.5368
0.191832 -0.0394272 0.980636 59.9468 -0.004857 0.999143 0.0411214 0.612511 -0.981416 -0.0126514 0.191476 59.6866
0.193669 -0.039406 0.980275 60.6906 -0.00550172 0.999134 0.0412511 0.646179 -0.981051 -0.0133822 0.193284 59.8353
0.196055 -0.0389149 0.979821 61.4205 -0.0063947 0.999141 0.0409618 0.676721 -0.980572 -0.0142964 0.195637 59.9932
0.19772 -0.034068 0.979666 62.1389 -0.00698887 0.999322 0.0361621 0.708243 -0.980234 -0.0139967 0.197348 60.1494
0.199407 -0.0287392 0.979495 62.8409 -0.00838663 0.999483 0.0310331 0.73044 -0.979881 -0.0144029 0.199063 60.3079
0.201637 -0.0283088 0.979051 63.536 -0.00748811 0.999509 0.0304425 0.745656 -0.979432 -0.0134696 0.201326 60.4557
0.203598 -0.0287312 0.978633 64.223 -0.00856299 0.999479 0.0311247 0.763971 -0.979017 -0.014717 0.203246 60.6068
0.203989 -0.0303934 0.978501 64.9023 -0.00867138 0.999423 0.032851 0.778402 -0.978935 -0.0151862 0.203608 60.754
0.205358 -0.0309021 0.978199 65.5636 -0.0098281 0.999386 0.0336347 0.796351 -0.978638 -0.016521 0.204928 60.9009
0.205252 -0.0314315 0.978204 66.2214 -0.010494 0.999356 0.0343131 0.818331 -0.978653 -0.0173081 0.20479 61.0414
0.20365 -0.0318006 0.978527 66.8678 -0.0107443 0.99934 0.0347131 0.84008 -0.978985 -0.017583 0.203174 61.1838
0.202773 -0.0318091 0.978709 67.5046 -0.0116524 0.999323 0.0348933 0.855564 -0.979156 -0.0184797 0.202265 61.3173
0.199826 -0.0315802 0.979322 68.1309 -0.0126521 0.999314 0.0348066 0.869805 -0.97975 -0.0193458 0.19929 61.4503
0.198664 -0.0268662 0.979699 68.7498 -0.0130277 0.999464 0.0300499 0.875866 -0.979981 -0.018733 0.198207 61.5747
0.196472 -0.0266494 0.980147 69.3692 -0.0124115 0.999483 0.029663 0.88044 -0.980431 -0.017993 0.19604 61.6981
0.194652 -0.0276347 0.980483 69.981 -0.0136041 0.999431 0.0308695 0.891366 -0.980778 -0.0193474 0.194165 61.8302
0.193444 -0.0286553 0.980693 70.571 -0.0136024 0.999399 0.0318851 0.915039 -0.981017 -0.0195077 0.192938 61.9664
0.191903 -0.0301913 0.980949 71.1581 -0.012258 0.999375 0.0331565 0.941277 -0.981337 -0.0183873 0.191413 62.1002
0.189511 -0.0316216 0.981369 71.7413 -0.0105194 0.999359 0.0342327 0.956567 -0.981822 -0.0168109 0.189057 62.2172
0.188335 -0.0299305 0.981649 72.3082 -0.0065871 0.999475 0.0317378 0.972347 -0.982083 -0.0124436 0.188039 62.3286
0.186629 -0.0302357 0.981965 72.8695 -0.0046973 0.999488 0.031668 0.979065 -0.982419 -0.0105228 0.186391 62.4483
0.184961 -0.0301858 0.982282 73.4342 -0.00544836 0.999481 0.0317403 0.995162 -0.982731 -0.0112225 0.1847 62.5579
0.184375 -0.0302318 0.982391 73.9835 -0.0054592 0.99948 0.0317823 1.00452 -0.982841 -0.0112229 0.184114 62.6722
0.182946 -0.031073 0.982632 74.5356 -0.00443953 0.999464 0.0324319 1.02056 -0.983113 -0.0102957 0.182711 62.7873
0.183047 -0.0336588 0.982528 75.0956 -0.000396519 0.999411 0.0343111 1.03925 -0.983104 -0.00667015 0.182926 62.9008
0.185605 -0.0356298 0.981978 75.6478 0.00399635 0.999362 0.0355052 1.05551 -0.982616 -0.00266563 0.185629 63.0137
0.187632 -0.0364608 0.981562 76.2146 0.0063289 0.999335 0.0359112 1.07004 -0.982219 -0.000525887 0.187738 63.1227
0.191042 -0.0369085 0.980888 76.782 0.00541825 0.999318 0.0365467 1.08689 -0.981567 -0.00166726 0.191112 63.2402
0.196832 -0.0374108 0.979723 77.3481 0.00520776 0.999298 0.037112 1.10754 -0.980423 -0.00220268 0.196889 63.3663
0.203906 -0.0382672 0.978242 77.9216 0.00692037 0.999267 0.0376472 1.12257 -0.978966 -0.000906692 0.204021 63.4853
0.211753 -0.0388883 0.976549 78.4967 0.00689352 0.999243 0.0382972 1.13981 -0.977299 -0.00137771 0.211861 63.6216
0.220627 -0.0395695 0.974555 79.0815 0.00763699 0.999216 0.0388419 1.15739 -0.975328 -0.00112694 0.220757 63.7675
0.23056 -0.0402643 0.972225 79.668 0.00808468 0.999189 0.0394638 1.18039 -0.973024 -0.00123868 0.230699 63.9289
0.24019 -0.0407062 0.969872 80.263 0.00826012 0.99917 0.0398903 1.19981 -0.970691 -0.00156999 0.240327 64.0931
0.250788 -0.0385727 0.967273 80.8567 0.00464885 0.999243 0.0386423 1.22035 -0.968031 -0.00519435 0.250778 64.2678
0.25998 -0.0378126 0.964873 81.4533 0.00346654 0.999263 0.0382263 1.24225 -0.965608 -0.00659331 0.25992 64.445
0.271786 -0.0368131 0.961653 82.0563 0.00235496 0.999291 0.0375883 1.26226 -0.962355 -0.00795134 0.27168 64.6273
0.282474 -0.0367543 0.95857 82.6665 0.00223023 0.999288 0.0376584 1.27723 -0.959272 -0.00849968 0.282355 64.8198
0.292621 -0.0363494 0.955537 83.2844 0.00136767 0.999292 0.0375951 1.30002 -0.956228 -0.00969426 0.292464 65.0188
0.302446 -0.0363158 0.952474 83.9094 0.00166066 0.999293 0.0375735 1.32457 -0.953165 -0.00978223 0.302292 65.2315
0.312346 -0.0356418 0.9493 84.5424 0.000350627 0.9993 0.0374038 1.35463 -0.949969 -0.0113501 0.31214 65.4594
0.326263 -0.0394188 0.944457 85.18 0.00196084 0.999157 0.0410245 1.38641 -0.945277 -0.0115328 0.326065 65.6957
0.334509 -0.0470344 0.941218 85.8344 0.00639222 0.998844 0.0476423 1.41861 -0.942371 -0.00992031 0.334423 65.9383
0.346014 -0.0512724 0.936827 86.5023 0.0093729 0.998645 0.0511939 1.46007 -0.938183 -0.00893304 0.346026 66.188
0.356307 -0.0529223 0.932869 87.1767 0.0106826 0.998561 0.0525688 1.50225 -0.934308 -0.00876514 0.35636 66.452
0.364225 -0.0556646 0.929646 87.8538 0.0148862 0.998433 0.0539512 1.5369 -0.931192 -0.00581151 0.364483 66.7237
0.37227 -0.0590914 0.926241 88.5307 0.0214128 0.998253 0.0550794 1.58528 -0.927878 -0.000671029 0.372885 67.0097
0.378883 -0.0695065 0.922831 89.2273 0.0334479 0.997553 0.061402 1.64017 -0.92484 0.00760252 0.380281 67.2963
0.384544 -0.0750595 0.92005 89.947 0.0411719 0.997092 0.0641366 1.69501 -0.922189 0.0132169 0.386516 67.5992
0.392278 -0.0765596 0.916655 90.6545 0.0446768 0.99694 0.0641459 1.7577 -0.918761 0.0157902 0.394498 67.9154
0.398606 -0.0722509 0.914272 91.3665 0.0474307 0.997182 0.058124 1.8119 -0.915895 0.0201959 0.40091 68.2323
0.406502 -0.0686723 0.911065 92.0725 0.051688 0.997303 0.0521102 1.86186 -0.912187 0.0259082 0.408956 68.5555
0.412287 -0.0680612 0.908508 92.7777 0.0517919 0.997344 0.0512129 1.91234 -0.909581 0.0259389 0.414717 68.8875
0.417421 -0.0670557 0.906236 93.4844 0.0466956 0.997539 0.0523032 1.96631 -0.907513 0.0204848 0.419525 69.2262
0.422908 -0.0646747 0.903862 94.1806 0.0431072 0.997757 0.0512238 2.01384 -0.905147 0.0173 0.424747 69.5715
0.427404 -0.0654601 0.901687 94.8727 0.0448389 0.997683 0.0511753 2.05692 -0.902948 0.0185581 0.429349 69.9043
0.431826 -0.0642063 0.899669 95.5575 0.0438017 0.99778 0.050184 2.09792 -0.900893 0.0177363 0.433679 70.2404
0.436274 -0.0630056 0.897605 96.2297 0.0429149 0.997868 0.0491849 2.13916 -0.89879 0.0170626 0.438047 70.5791
0.440801 -0.064226 0.895304 96.8939 0.0433401 0.997797 0.0502401 2.17766 -0.896558 0.0166567 0.442614 70.9178
0.444682 -0.0664213 0.893222 97.5564 0.044674 0.997651 0.0519462 2.21244 -0.894574 0.0168043 0.446604 71.2526
0.449308 -0.0670919 0.890854 98.2099 0.0447989 0.997614 0.0525376 2.24931 -0.892253 0.0163037 0.451242 71.5838
0.452756 -0.067958 0.889041 98.8524 0.0450943 0.997561 0.0532884 2.28686 -0.890494 0.0159641 0.454716 71.9104
0.457399 -0.0676458 0.886685 99.4742 0.0449314 0.997587 0.0529287 2.32385 -0.888126 0.0156304 0.459335 72.2381
0.460591 -0.0681436 0.884993 100.089 0.0455079 0.997551 0.0531261 2.35505 -0.886446 0.0158047 0.462564 72.5638
0.462708 -0.0691236 0.883812 100.694 0.0462801 0.99748 0.0537843 2.38461 -0.885302 0.0160164 0.464741 72.8809
0.464116 -0.0696812 0.883029 101.291 0.0467179 0.99744 0.0541547 2.41238 -0.884542 0.0161192 0.466183 73.1979
0.46688 -0.0692939 0.881601 101.879 0.0456483 0.997485 0.0542279 2.43975 -0.883142 0.0149257 0.468869 73.518
0.469447 -0.0702542 0.880161 102.458 0.0464984 0.997414 0.0548127 2.46684 -0.881736 0.0151944 0.471499 73.8352
0.472499 -0.0702131 0.87853 103.031 0.0460831 0.997427 0.0549306 2.49233 -0.880126 0.0145307 0.474519 74.1465
0.476249 -0.0714258 0.876405 103.587 0.0470962 0.997337 0.0556889 2.51952 -0.878049 0.0147535 0.478345 74.4596
0.47958 -0.0721532 0.874527 104.144 0.048158 0.997276 0.0558714 2.54692 -0.876176 0.0153207 0.481748 74.7674
0.482689 -0.0731398 0.872733 104.692 0.0491585 0.997199 0.0563824 2.57587 -0.874412 0.0156871 0.484932 75.0771
0.487384 -0.0736882 0.870073 105.226 0.049161 0.997168 0.0569139 2.60199 -0.871803 0.0150346 0.489627 75.3838
0.491169 -0.0742653 0.867892 105.754 0.0493105 0.997132 0.0574178 2.62931 -0.869668 0.0145944 0.493423 75.6889
0.494783 -0.0752048 0.865756 106.279 0.049758 0.997066 0.0581743 2.65796 -0.867591 0.0142946 0.497074 75.9921
0.49939 -0.075952 0.863042 106.79 0.0504532 0.997009 0.0585477 2.68584 -0.864907 0.0143051 0.501728 76.2977
0.503692 -0.0758827 0.860544 107.302 0.0499685 0.997026 0.0586703 2.71222 -0.862437 0.0134483 0.505986 76.5995
0.508765 -0.0767343 0.857479 107.806 0.0512025 0.996954 0.0588359 2.74091 -0.859382 0.0139714 0.511144 76.9031
0.51433 -0.0761432 0.854205 108.3 0.0504025 0.997013 0.0585248 2.7694 -0.85611 0.0129529 0.516632 77.21
0.520693 -0.0702403 0.850849 108.787 0.0481231 0.99744 0.052892 2.79407 -0.852387 0.013405 0.522741 77.5204
0.52679 -0.0634611 0.847623 109.269 0.0443091 0.997904 0.0471749 2.81628 -0.84884 0.0127061 0.528497 77.8356
0.534238 -0.0574368 0.84338 109.741 0.0409628 0.998276 0.0420378 2.83402 -0.844341 0.012089 0.53567 78.1556
0.540408 -0.0524072 0.839769 110.22 0.0394217 0.99854 0.0369469 2.85175 -0.840479 0.0131387 0.541685 78.4786
0.546588 -0.0526439 0.835745 110.694 0.0388278 0.998542 0.0375046 2.8683 -0.836501 0.0119505 0.547836 78.8101
0.552421 -0.0539195 0.83182 111.172 0.0337223 0.998535 0.0423309 2.88708 -0.832883 0.0046664 0.55343 79.15
0.558127 -0.0563277 0.827841 111.657 0.0292623 0.998409 0.0482049 2.9069 -0.829239 -0.00267993 0.558888 79.4986
0.565018 -0.0582656 0.823019 112.143 0.0243098 0.998246 0.0539817 2.93287 -0.824721 -0.0104932 0.565443 79.8535
0.571069 -0.0592538 0.81876 112.637 0.0246126 0.998179 0.0550716 2.95828 -0.820533 -0.011298 0.571488 80.2188
0.577285 -0.0578357 0.814492 113.135 0.0224217 0.998235 0.0549913 2.98574 -0.816235 -0.0134834 0.577563 80.5917
0.584262 -0.0531036 0.809826 113.634 0.0183432 0.998466 0.0522396 3.01638 -0.811358 -0.0156669 0.58434 80.9757
0.590457 -0.0529527 0.80533 114.138 0.018545 0.998472 0.0520554 3.04919 -0.806856 -0.0158017 0.590537 81.366
0.595977 -0.0526157 0.801276 114.648 0.0188703 0.998493 0.0515306 3.08285 -0.80278 -0.0155907 0.596072 81.7654
0.602533 -0.0531394 0.796323 115.163 0.0198935 0.998471 0.0515767 3.12086 -0.797846 -0.0152351 0.602669 82.1777
0.609182 -0.0529523 0.791261 115.689 0.0194501 0.998466 0.0518443 3.15857 -0.792792 -0.0161925 0.609277 82.6006
0.61533 -0.0547679 0.786364 116.226 0.020657 0.998361 0.0533688 3.19431 -0.787999 -0.0165955 0.615454 83.0354
0.623477 -0.0557607 0.77985 116.769 0.0216557 0.998303 0.0540671 3.23216 -0.781542 -0.0168215 0.623627 83.4831
0.630878 -0.0562492 0.77384 117.32 0.022166 0.998269 0.0544915 3.27142 -0.775566 -0.0172246 0.631033 83.9436
0.638036 -0.0560755 0.767962 117.876 0.02252 0.998277 0.0541828 3.31898 -0.769678 -0.0172761 0.6382 84.4174
0.646163 -0.0558451 0.761154 118.434 0.0220885 0.99827 0.0544906 3.36232 -0.76288 -0.0183971 0.646279 84.9064
0.65274 -0.0562275 0.755492 118.997 0.0230631 0.998255 0.0543688 3.40693 -0.757231 -0.0180647 0.652898 85.4063
0.657513 -0.0568038 0.751299 119.565 0.0238935 0.998225 0.0545624 3.44717 -0.753065 -0.0179244 0.657703 85.9129
0.661541 -0.0575779 0.747696 120.141 0.0249539 0.998186 0.0547889 3.49068 -0.749495 -0.0175872 0.661778 86.4306
0.664708 -0.0583666 0.74482 120.724 0.0258273 0.998143 0.0551685 3.5339 -0.746657 -0.0174343 0.664981 86.9537
0.667828 -0.0606827 0.741838 121.315 0.0293266 0.998043 0.0552396 3.57829 -0.743739 -0.015135 0.6683 87.4833
0.670617 -0.065279 0.738926 121.914 0.0356037 0.997805 0.0558368 3.62277 -0.74095 -0.0111366 0.671469 88.0209
0.673467 -0.0708724 0.735812 122.517 0.0421294 0.997456 0.0575138 3.67159 -0.738016 -0.00773443 0.67474 88.5678
0.676314 -0.0741973 0.732867 123.12 0.0465128 0.997231 0.0580386 3.71664 -0.735144 -0.00516464 0.677893 89.1221
0.680142 -0.0750287 0.72923 123.725 0.0481634 0.997173 0.0576753 3.76609 -0.731496 -0.00410521 0.681834 89.6866
0.682444 -0.074368 0.727145 124.331 0.0477304 0.997222 0.0571936 3.81302 -0.729378 -0.00432455 0.684098 90.2595
0.687194 -0.0717245 0.722924 124.939 0.0453008 0.997409 0.0558955 3.86337 -0.72506 -0.00566206 0.688663 90.8462
0.690658 -0.0689273 0.719889 125.546 0.0406413 0.997574 0.0565238 3.91448 -0.722039 -0.00978143 0.691784 91.4427
0.694201 -0.0707846 0.716292 126.157 0.0398413 0.997406 0.0599519 3.96543 -0.718678 -0.0130807 0.695221 92.0419
0.698366 -0.073444 0.711962 126.771 0.0379286 0.997122 0.0656559 4.02656 -0.714735 -0.0188482 0.699142 92.653
0.701727 -0.078626 0.708093 127.387 0.0392852 0.99665 0.0717349 4.08753 -0.711362 -0.0225208 0.702466 93.273
0.706549 -0.0822935 0.702863 128.008 0.0420582 0.996343 0.0743764 4.15589 -0.706414 -0.0229895 0.707427 93.9044
0.710053 -0.0839694 0.699123 128.633 0.0461939 0.996281 0.0727438 4.21957 -0.702631 -0.0193568 0.711292 94.5447
0.714317 -0.0868971 0.694406 129.26 0.0572035 0.996191 0.0658183 4.28066 -0.69748 -0.00729278 0.716568 95.1897
0.718286 -0.0848333 0.690556 129.886 0.0607483 0.996395 0.0592172 4.33828 -0.693091 -0.000584801 0.720851 95.8469
0.724127 -0.0845777 0.684461 130.512 0.0637428 0.996412 0.0556881 4.39073 -0.686715 0.00330414 0.72692 96.5108
0.729304 -0.0887623 0.678407 131.132 0.0671757 0.996048 0.0581066 4.45612 -0.680884 0.00319511 0.732385 97.1837
0.734318 -0.0938806 0.672282 131.744 0.0719883 0.995576 0.0603956 4.50673 -0.674978 0.00404685 0.737828 97.8582
0.738147 -0.0962097 0.667744 132.361 0.0771696 0.995324 0.058102 4.56727 -0.670212 0.00864166 0.74212 98.5449
0.743134 -0.0950884 0.662351 132.962 0.0806491 0.995364 0.0524109 4.61518 -0.664264 0.0144697 0.747359 99.231
0.746073 -0.0943206 0.65915 133.573 0.081106 0.995419 0.0506373 4.67214 -0.660906 0.0156819 0.750305 99.9289
0.74938 -0.0972348 0.654962 134.17 0.0842108 0.995123 0.0513841 4.72597 -0.656764 0.0166487 0.753913 100.631
0.751161 -0.103984 0.651878 134.775 0.0895996 0.994437 0.055381 4.78225 -0.65401 0.0168079 0.7563 101.336
0.751808 -0.106671 0.650696 135.377 0.0919656 0.994146 0.0567178 4.83264 -0.652937 0.0172008 0.757217 102.041
0.752518 -0.110763 0.649191 135.987 0.0957231 0.993683 0.0585801 4.88677 -0.651578 0.0180599 0.758367 102.747
0.752572 -0.112762 0.648783 136.594 0.09725 0.993459 0.0598602 4.94154 -0.651289 0.018045 0.758616 103.461
0.751787 -0.113568 0.649553 137.209 0.0978092 0.993367 0.0604767 5.00332 -0.652112 0.0180666 0.757908 104.176
0.751962 -0.112728 0.649496 137.822 0.0964374 0.993482 0.0607792 5.05664 -0.652115 0.016932 0.757932 104.898
0.750717 -0.110642 0.651293 138.438 0.0940494 0.993734 0.0604087 5.11375 -0.653895 0.0159039 0.756419 105.622
0.749673 -0.108474 0.652857 139.051 0.0919146 0.993982 0.0596078 5.16835 -0.655394 0.0153207 0.755132 106.342
0.74808 -0.107106 0.654908 139.666 0.0903602 0.994139 0.0593687 5.22989 -0.657428 0.014765 0.753374 107.059
0.746063 -0.106539 0.657297 140.281 0.0891848 0.994212 0.0599197 5.29083 -0.659876 0.013917 0.751247 107.773
0.743123 -0.108141 0.660358 140.895 0.0897655 0.994046 0.0617693 5.34941 -0.663106 0.0133752 0.748407 108.493
0.741572 -0.109411 0.661891 141.507 0.0887536 0.99394 0.0648609 5.40866 -0.664977 0.0106461 0.746789 109.204
0.738429 -0.112915 0.66481 142.119 0.0919066 0.993534 0.0666631 5.47072 -0.668039 0.0118745 0.744032 109.912
0.736273 -0.111803 0.667384 142.735 0.0928388 0.993621 0.0640338 5.52132 -0.670285 0.0148126 0.741957 110.611
0.732871 -0.101159 0.672805 143.357 0.0864577 0.994715 0.0553835 5.57631 -0.674852 0.0175802 0.737744 111.308
0.73095 -0.0957133 0.675685 143.98 0.0834732 0.995221 0.0506762 5.62508 -0.677306 0.0193597 0.735447 112.009
0.727574 -0.0981218 0.678975 144.602 0.0831577 0.995035 0.0546871 5.66966 -0.68097 0.0166729 0.732122 112.708
0.724408 -0.0999044 0.682094 145.226 0.0792013 0.994953 0.0616135 5.71905 -0.684807 0.00938931 0.728665 113.399
0.721092 -0.102675 0.685189 145.847 0.0783 0.9947 0.0666519 5.7774 -0.688401 0.00558806 0.72531 114.089
0.71828 -0.102336 0.688186 146.477 0.0770615 0.99474 0.067491 5.83418 -0.691473 0.00455513 0.722389 114.771
0.715017 -0.103933 0.691338 147.107 0.0785023 0.99457 0.0683288 5.88772 -0.694686 0.00541538 0.719294 115.449
0.711136 -0.104695 0.695215 147.746 0.0799011 0.994479 0.0680318 5.93998 -0.698499 0.00716847 0.715576 116.118
0.707836 -0.104986 0.698531 148.381 0.0817713 0.994424 0.0665967 5.98649 -0.701628 0.0099802 0.712474 116.78
0.7037 -0.105058 0.702686 149.022 0.0821972 0.994405 0.0663574 6.03864 -0.705726 0.011063 0.708399 117.436
0.698807 -0.105327 0.707512 149.67 0.0818768 0.994377 0.0671624 6.096 -0.710609 0.0109952 0.703503 118.09
0.695518 -0.104759 0.71083 150.32 0.0800854 0.994453 0.0681983 6.15634 -0.714031 0.00949385 0.70005 118.733
0.690579 -0.104737 0.715632 150.976 0.0792586 0.994459 0.0690616 6.21274 -0.718901 0.00902748 0.695055 119.373
0.684965 -0.10339 0.721203 151.64 0.0768658 0.994611 0.0695813 6.27142 -0.72451 0.00777504 0.689221 120.011
0.680202 -0.0987907 0.726337 152.314 0.0737373 0.995073 0.0662883 6.32437 -0.729307 0.00846863 0.684135 120.649
0.674519 -0.0930007 0.732376 152.984 0.069816 0.995624 0.0621286 6.37584 -0.734949 0.00922459 0.678061 121.284
0.667554 -0.0912143 0.738953 153.666 0.0676012 0.995794 0.0618487 6.43587 -0.741486 0.00866677 0.670913 121.91
0.661759 -0.0963837 0.743494 154.356 0.0668424 0.995338 0.0695375 6.50071 -0.746731 0.00367981 0.665117 122.534
0.655702 -0.10045 0.748308 155.052 0.0606932 0.994916 0.0803716 6.58101 -0.752577 -0.00728263 0.658465 123.159
0.647787 -0.104991 0.754551 155.754 0.060501 0.99442 0.0864262 6.65835 -0.759415 -0.0103347 0.650525 123.782
0.641983 -0.104413 0.759575 156.461 0.055819 0.99442 0.0895173 6.7418 -0.764684 -0.01507 0.64423 124.401
0.634121 -0.103722 0.766245 157.174 0.0548443 0.9945 0.0892323 6.82122 -0.771287 -0.01456 0.636323 125.004
0.626121 -0.104625 0.772674 157.891 0.0590018 0.994473 0.0868465 6.89393 -0.777491 -0.00878734 0.628834 125.6
0.620136 -0.0975301 0.778408 158.617 0.0578646 0.995226 0.0785971 6.9694 -0.782358 -0.00369864 0.622819 126.181
0.612495 -0.0960224 0.78462 159.349 0.0605689 0.995378 0.0745334 7.04086 -0.788151 0.0018722 0.61548 126.75
0.604463 -0.0992648 0.790425 160.096 0.0613124 0.995061 0.0780763 7.11566 -0.794271 0.00126854 0.607564 127.311
0.597461 -0.105292 0.794955 160.846 0.0647193 0.99444 0.0830731 7.18867 -0.799282 0.00181583 0.600955 127.867
0.59077 -0.105643 0.799894 161.599 0.0634609 0.994404 0.0844631 7.2626 -0.804341 0.000863645 0.594169 128.417
0.584437 -0.105227 0.804587 162.352 0.0619309 0.994449 0.0850722 7.33249 -0.809072 0.000109324 0.58771 128.964
0.577887 -0.106279 0.809167 163.106 0.0626788 0.994336 0.0858356 7.40684 -0.813707 0.00111425 0.581276 129.509
0.572181 -0.112747 0.81234 163.864 0.0676916 0.993618 0.0902277 7.48309 -0.817329 0.00336197 0.576162 130.036
0.567496 -0.114094 0.815432 164.622 0.0665499 0.993469 0.092689 7.55735 -0.820682 0.00166624 0.571383 130.56
0.564331 -0.114258 0.817603 165.371 0.0655392 0.993451 0.0935953 7.63569 -0.822943 0.000766328 0.568124 131.08
0.560671 -0.113902 0.820167 166.119 0.0648114 0.993492 0.0936674 7.71328 -0.825498 0.000639442 0.564405 131.598
0.556442 -0.112001 0.823303 166.858 0.0647962 0.993705 0.0913891 7.78621 -0.828356 0.00249411 0.560197 132.115
0.554154 -0.107085 0.825497 167.585 0.0636763 0.994239 0.0862282 7.85258 -0.829975 0.00478081 0.557781 132.625
0.551393 -0.105097 0.827598 168.306 0.0614843 0.994455 0.0853223 7.92054 -0.831977 0.00383811 0.554798 133.128
