1 0 0 0 0 1 0 0 0 0 1 0
1 -0.000184004 -5.62991e-05 -0.00585968 0.000184054 1 0.000896698 -0.0135234 5.61341e-05 -0.000896708 1 1.31145
0.999999 -0.00116923 0.00061227 -0.0215193 0.00116836 0.999998 0.00140816 -0.034937 -0.000613915 -0.00140744 0.999999 2.63119
0.999997 -0.00222074 -0.000210031 -0.0250214 0.00222095 0.999997 0.00100335 -0.0607326 0.000207802 -0.00100381 0.999999 3.97226
0.999997 -0.00201093 0.00105936 -0.0281164 0.00200959 0.999997 0.00126449 -0.0723942 -0.0010619 -0.00126236 0.999999 5.27851
0.999998 -0.00209305 -0.000101278 -0.0347536 0.00209329 0.999995 0.00246761 -0.0714759 9.61124e-05 -0.00246781 0.999997 6.62652
0.999994 -0.00336861 3.86636e-05 -0.0366725 0.00336846 0.999989 0.00338476 -0.0991261 -5.00653e-05 -0.00338461 0.999994 7.95627
0.999995 -0.00302241 0.000908194 -0.0480528 0.00301941 0.99999 0.0032869 -0.0910335 -0.000918119 -0.00328414 0.999994 9.2838
0.999996 -0.00267319 -0.000169637 -0.0548173 0.00267359 0.999993 0.00244716 -0.102644 0.000163094 -0.0024476 0.999997 10.6185
1 0.000228901 0.000667627 -0.0613672 -0.000229669 0.999999 0.00115097 -0.0950473 -0.000667363 -0.00115112 0.999999 11.9438
0.999997 0.00260957 0.00015924 -0.0761493 -0.00260955 0.999997 -0.000168208 -0.121604 -0.000159679 0.000167793 1 13.2954
0.999991 0.00425287 0.000335634 -0.0859141 -0.00425277 0.999991 -0.000296061 -0.132156 -0.000336891 0.000294632 1 14.6362
0.999989 0.00431375 0.00166263 -0.0947902 -0.00431431 0.999991 0.000333345 -0.121774 -0.00166118 -0.000340514 0.999999 15.9602
0.999994 0.00279237 0.0018907 -0.0869355 -0.00279808 0.999992 0.00302338 -0.126701 -0.00188224 -0.00302866 0.999994 17.3184
0.999992 -0.00126106 0.00388328 -0.0800028 0.0012395 0.999984 0.0055489 -0.119245 -0.00389021 -0.00554404 0.999977 18.6615
0.999989 -0.00356472 0.00313507 -0.0686129 0.00355311 0.999987 0.00370065 -0.146541 -0.00314822 -0.00368947 0.999988 20.0069
0.999981 -0.00424167 0.0045764 -0.0584875 0.00423604 0.99999 0.00123996 -0.136189 -0.00458162 -0.00122054 0.999989 21.3323
0.999987 -0.00214783 0.00458659 -0.0440769 0.00214814 0.999998 -6.4651e-05 -0.122279 -0.00458644 7.45043e-05 0.99999 22.6369
0.999982 -0.000170586 0.00603109 -0.0392203 0.000167362 1 0.000534882 -0.114222 -0.00603119 -0.000533861 0.999982 23.9375
0.999958 0.000283906 0.00915048 -0.0378415 -0.000333658 0.999985 0.00543596 -0.130469 -0.0091488 -0.00543879 0.999943 25.2851
0.999966 -0.0017516 0.00808305 -0.0192664 0.00170181 0.999979 0.00616152 -0.162816 -0.00809368 -0.00614755 0.999948 26.6191
0.999949 -0.00418555 0.00916668 -0.0128181 0.00413127 0.999974 0.005932 -0.203297 -0.00919127 -0.00589382 0.999941 27.9607
0.99996 -0.0042218 0.00786867 -0.00184863 0.00418825 0.999982 0.00427503 -0.250504 -0.00788658 -0.0042419 0.99996 29.34
0.999945 -0.00373993 0.00983365 0.00612748 0.00369974 0.999985 0.00410195 -0.278902 -0.00984884 -0.00406534 0.999943 30.6995
0.999954 -0.00216626 0.00933167 0.00312547 0.00213613 0.999992 0.00323673 -0.292046 -0.00933861 -0.00321665 0.999951 32.0939
0.99995 -0.00280991 0.00964324 0.021468 0.0027811 0.999991 0.00299996 -0.306861 -0.00965159 -0.00297299 0.999949 33.4939
0.99995 -0.00314318 0.00944347 0.0416339 0.00311513 0.999991 0.00298347 -0.325516 -0.00945276 -0.0029539 0.999951 34.8973
0.999968 -0.00322027 0.00737087 0.0475929 0.00318801 0.999985 0.00438454 -0.327218 -0.00738489 -0.0043609 0.999963 36.2939
0.999963 -0.0021185 0.00839239 0.0496629 0.00206816 0.99998 0.00600255 -0.340265 -0.00840494 -0.00598497 0.999947 37.6775
0.999971 0.000401956 0.0076113 0.0562067 -0.000448131 0.999981 0.00606576 -0.345566 -0.00760872 -0.006069 0.999953 39.0862
0.999961 0.00235842 0.00845848 0.0451735 -0.0024121 0.999977 0.00634264 -0.355427 -0.00844333 -0.0063628 0.999944 40.4763
0.99995 0.00354916 0.00935718 0.0480745 -0.00361205 0.999971 0.00671283 -0.360502 -0.00933309 -0.00674629 0.999934 41.8773
0.999961 0.00343735 0.00808058 0.0476859 -0.00349833 0.999965 0.00754549 -0.367108 -0.00805437 -0.00757347 0.999939 43.2963
0.999947 0.00339646 0.00971185 0.0559109 -0.0034668 0.999968 0.00723599 -0.371433 -0.00968697 -0.00726927 0.999927 44.7124
0.999966 0.00251681 0.00787123 0.0563826 -0.00255563 0.999984 0.00492572 -0.400171 -0.00785872 -0.00494566 0.999957 46.1229
0.999959 0.00268288 0.00862265 0.0659433 -0.00273318 0.999979 0.00582775 -0.404582 -0.00860684 -0.00585108 0.999946 47.5276
0.999975 0.00303719 0.00645796 0.0644103 -0.00307805 0.999975 0.00632569 -0.414575 -0.0064386 -0.00634541 0.999959 48.9552
0.999982 0.00298391 0.00521355 0.0570917 -0.00302247 0.999968 0.00740483 -0.413413 -0.00519129 -0.00742046 0.999959 50.3715
0.999977 0.0034763 0.00582872 0.0724862 -0.00351976 0.999966 0.00746224 -0.4278 -0.00580259 -0.00748258 0.999955 51.7725
0.999986 0.00408207 0.00350392 0.0707941 -0.00411315 0.999952 0.0089086 -0.432924 -0.00346739 -0.00892288 0.999954 53.2048
0.999989 0.00242719 0.00401766 0.0728772 -0.0024662 0.99995 0.00973306 -0.430606 -0.00399384 -0.00974286 0.999945 54.6301
0.999995 0.00270972 0.00185031 0.0767263 -0.00272986 0.999936 0.0109701 -0.428879 -0.00182047 -0.0109751 0.999938 56.0597
0.999999 0.000421807 0.00140815 0.0691109 -0.000437665 0.999936 0.0112792 -0.427181 -0.0014033 -0.0112798 0.999936 57.4888
0.999997 -0.000342068 0.00258497 0.0723134 0.000312085 0.999933 0.01159 -0.431283 -0.00258876 -0.0115891 0.99993 58.9122
0.999998 -0.00028577 0.00167834 0.0735789 0.000265848 0.99993 0.0118577 -0.428331 -0.00168162 -0.0118572 0.999928 60.3411
0.999983 0.00087412 0.00566491 0.0931108 -0.000947035 0.999916 0.0128812 -0.457839 -0.00565318 -0.0128864 0.999901 61.683
0.999988 0.00101078 0.00470228 0.0964293 -0.00106999 0.99992 0.0126053 -0.451842 -0.00468917 -0.0126102 0.99991 63.1108
0.999988 -0.000491655 0.00485351 0.100484 0.000431927 0.999924 0.0122992 -0.442443 -0.00485919 -0.012297 0.999913 64.538
0.999977 -0.000183388 0.00676807 0.10002 0.000103019 0.999929 0.0118731 -0.447187 -0.00676978 -0.0118721 0.999907 65.9434
0.999977 0.000401498 0.00682531 0.091433 -0.000484071 0.999927 0.0121005 -0.453167 -0.00681995 -0.0121035 0.999904 67.3537
0.999956 0.00351752 0.00865187 0.0981187 -0.00363717 0.999897 0.0138522 -0.457695 -0.00860226 -0.0138831 0.999867 68.7647
0.999942 0.00731538 0.00790325 0.102312 -0.00744179 0.999843 0.016085 -0.459754 -0.00778435 -0.0161428 0.99984 70.1697
0.999885 0.0121798 0.00906233 0.100444 -0.0123334 0.999778 0.0170806 -0.477206 -0.00885229 -0.0171904 0.999813 71.5775
0.999837 0.0155647 0.00911646 0.0853481 -0.0157127 0.999742 0.0163972 -0.472513 -0.0088589 -0.0165377 0.999824 72.9889
0.999778 0.0186562 0.00975421 0.0840964 -0.0188142 0.999689 0.0163689 -0.464653 -0.0094458 -0.0165488 0.999819 74.3893
0.999759 0.0188877 0.0111731 0.087764 -0.0190701 0.999683 0.0164562 -0.463637 -0.0108587 -0.0166653 0.999802 75.7733
0.999767 0.0187641 0.0107165 0.094782 -0.0189477 0.999671 0.0172959 -0.463268 -0.0103884 -0.0174949 0.999793 77.1759
0.99979 0.016803 0.0117019 0.107344 -0.0169907 0.999726 0.0161242 -0.46526 -0.0114278 -0.0163196 0.999802 78.537
0.999808 0.0164222 0.0106919 0.118054 -0.0165914 0.999735 0.0159386 -0.457519 -0.0104274 -0.0161129 0.999816 79.9339
0.999827 0.0154499 0.0104035 0.126618 -0.0156081 0.999761 0.0153092 -0.453826 -0.0101645 -0.015469 0.999829 81.3122
0.999854 0.0133473 0.0107165 0.14513 -0.0135028 0.999803 0.0145712 -0.470814 -0.0105199 -0.0147137 0.999837 82.6465
0.99986 0.0127478 0.0108828 0.157301 -0.0128931 0.999827 0.0133857 -0.463133 -0.0107103 -0.0135242 0.999851 84.0418
0.999857 0.013121 0.0106792 0.159603 -0.0132667 0.999818 0.0136867 -0.453734 -0.0104977 -0.0138264 0.99985 85.3889
0.999903 0.0108706 0.00872272 0.159618 -0.0109828 0.999856 0.0129196 -0.449852 -0.00858103 -0.0130141 0.999879 86.8056
0.99991 0.010926 0.00777919 0.16247 -0.0110344 0.999841 0.01403 -0.443785 -0.00762466 -0.0141146 0.999872 88.1747
0.999946 0.0067655 0.00787731 0.17027 -0.00687352 0.999882 0.0137668 -0.446549 -0.00778324 -0.0138202 0.999874 89.5616
0.999962 0.00600921 0.00638466 0.178624 -0.00609496 0.99989 0.0134964 -0.443245 -0.00630286 -0.0135348 0.999889 90.9672
0.999972 0.00411184 0.00629921 0.188685 -0.00419551 0.999902 0.0133269 -0.4323 -0.00624381 -0.0133529 0.999892 92.3418
0.99997 0.00383366 0.00665798 0.192785 -0.00392556 0.999896 0.0138457 -0.423886 -0.00660422 -0.0138714 0.999882 93.718
0.999966 0.00448584 0.00695994 0.191269 -0.00458037 0.999897 0.0136241 -0.418143 -0.00689812 -0.0136555 0.999883 95.0645
0.999968 0.00494583 0.00628702 0.189299 -0.00503022 0.999897 0.013478 -0.423274 -0.00621972 -0.0135092 0.99989 96.4247
0.999979 0.00319488 0.00564016 0.19272 -0.00326844 0.999909 0.013081 -0.435304 -0.00559787 -0.0130991 0.999899 97.7903
0.999971 0.00436494 0.00621924 0.18983 -0.00444767 0.999901 0.0133511 -0.426944 -0.00616036 -0.0133783 0.999892 99.124
0.999972 0.00448084 0.00592993 0.190639 -0.00456696 0.999883 0.0145895 -0.430618 -0.00586387 -0.0146162 0.999876 100.484
0.999975 0.00387154 0.00583392 0.196407 -0.00395632 0.999886 0.0145911 -0.425857 -0.00577678 -0.0146138 0.999877 101.781
0.999984 0.00351785 0.00440193 0.193473 -0.00357947 0.999895 0.0140691 -0.427799 -0.00435198 -0.0140846 0.999892 103.136
0.999991 0.00301997 0.00280078 0.201799 -0.00305461 0.999918 0.0124458 -0.422185 -0.00276297 -0.0124542 0.999919 104.474
0.999993 0.00207414 0.00307823 0.195217 -0.00211011 0.999929 0.0117278 -0.43147 -0.0030537 -0.0117342 0.999927 105.773
0.999996 -0.000702726 0.00276637 0.198071 0.000669098 0.999926 0.0121371 -0.430955 -0.00277471 -0.0121352 0.999923 107.127
0.99999 -0.00245144 0.00377284 0.202701 0.00240063 0.999907 0.0134127 -0.427961 -0.00380537 -0.0134035 0.999903 108.431
0.999984 -0.00378681 0.00423785 0.204426 0.00372644 0.999893 0.0141629 -0.429405 -0.00429103 -0.0141469 0.999891 109.78
0.999977 -0.00484522 0.00475257 0.206977 0.00478102 0.999898 0.013428 -0.441765 -0.00481716 -0.0134049 0.999899 111.107
0.999985 -0.00313575 0.00447025 0.203125 0.00308121 0.999922 0.0121541 -0.44609 -0.00450802 -0.0121402 0.999917 112.399
0.999985 -0.00196532 0.00503512 0.195023 0.00190779 0.999933 0.0114055 -0.453719 -0.00505721 -0.0113957 0.999923 113.757
0.999978 -0.000261718 0.00658472 0.193661 0.000188946 0.999939 0.0110493 -0.461644 -0.00658722 -0.0110478 0.999918 115.057
0.99997 0.00141739 0.00756416 0.196134 -0.0015186 0.999909 0.013391 -0.459467 -0.0075445 -0.0134021 0.999882 116.415
0.999959 0.00117372 0.00895813 0.192563 -0.0013105 0.999883 0.0152778 -0.458364 -0.00893916 -0.0152889 0.999844 117.722
0.999956 0.00149635 0.00926049 0.197183 -0.00164486 0.99987 0.0160503 -0.45114 -0.00923528 -0.0160648 0.999829 119.083
0.999947 0.00289055 0.00985368 0.206215 -0.00303852 0.999883 0.0150338 -0.439135 -0.00980907 -0.015063 0.999839 120.427
0.999918 0.00445055 0.0119629 0.213131 -0.00463277 0.999873 0.0152477 -0.429691 -0.0118935 -0.0153019 0.999813 121.719
0.999904 0.00667745 0.0121161 0.215004 -0.00683778 0.999889 0.0132392 -0.422423 -0.0120264 -0.0133208 0.999839 123.103
0.999875 0.00743627 0.0139617 0.225646 -0.00762142 0.999883 0.0132545 -0.417287 -0.0138616 -0.0133592 0.999815 124.413
0.999863 0.00873231 0.0140525 0.23256 -0.00891331 0.999878 0.0128694 -0.416677 -0.0139384 -0.0129929 0.999819 125.773
0.99985 0.00838824 0.0151349 0.246051 -0.00858468 0.999879 0.0129609 -0.412281 -0.0150244 -0.0130889 0.999802 127.101
0.999831 0.00855952 0.0162957 0.260137 -0.00878308 0.999868 0.0136966 -0.410471 -0.0161763 -0.0138374 0.999774 128.399
0.999828 0.00845727 0.0165017 0.270767 -0.00868384 0.999868 0.0137063 -0.396812 -0.0163836 -0.0138472 0.99977 129.769
0.99982 0.00726398 0.0175547 0.285743 -0.00751349 0.999871 0.0141888 -0.407179 -0.0174494 -0.0143181 0.999746 131.082
0.999827 0.00650072 0.017419 0.304289 -0.00674891 0.999876 0.014227 -0.41346 -0.0173244 -0.0143421 0.999747 132.455
0.999837 0.00523417 0.0172627 0.323902 -0.00548104 0.999883 0.014284 -0.418726 -0.0171859 -0.0143763 0.999749 133.787
0.999846 0.00467718 0.0169175 0.348412 -0.00491778 0.999887 0.014208 -0.428974 -0.0168491 -0.014289 0.999756 135.08
0.999879 0.00435583 0.0149621 0.355229 -0.00457254 0.999885 0.0144802 -0.420298 -0.0148973 -0.0145469 0.999784 136.444
0.999911 0.00116452 0.013257 0.371014 -0.00137719 0.99987 0.0160438 -0.429216 -0.0132366 -0.0160606 0.999784 137.749
0.999934 0.000473256 0.0114837 0.379137 -0.000661925 0.999865 0.0164307 -0.421564 -0.0114744 -0.0164372 0.999799 139.11
0.999947 0.000465207 0.0102885 0.38451 -0.000638882 0.999857 0.016883 -0.399181 -0.0102792 -0.0168887 0.999805 140.416
0.999971 0.000217759 0.00766574 0.381359 -0.00034309 0.999866 0.0163513 -0.408306 -0.00766116 -0.0163535 0.999837 141.812
0.999978 -0.000223721 0.00662084 0.383548 0.0001201 0.999878 0.0156462 -0.392373 -0.00662354 -0.015645 0.999856 143.159
0.999978 -0.00213454 0.00627006 0.395495 0.00204773 0.999903 0.0138179 -0.391913 -0.00629895 -0.0138047 0.999885 144.474
0.999973 -0.00581337 0.00439427 0.398509 0.00575415 0.999894 0.0133704 -0.404462 -0.00447154 -0.0133448 0.999901 145.837
0.999894 -0.0137321 0.00480511 0.408519 0.0136551 0.999784 0.0156967 -0.402457 -0.00501963 -0.0156294 0.999866 147.171
0.999801 -0.0197414 0.00286746 0.413462 0.0196911 0.999668 0.0166289 -0.412626 -0.0031948 -0.0165691 0.999858 148.545
0.99977 -0.0214074 0.00154122 0.418473 0.0213822 0.999661 0.0148372 -0.411709 -0.00185833 -0.0148008 0.999889 149.888
0.999758 -0.0217905 0.0031057 0.408928 0.0217486 0.99968 0.0129435 -0.420117 -0.00338676 -0.0128728 0.999912 151.289
0.999757 -0.0218791 0.00258998 0.402456 0.0218461 0.999688 0.0121282 -0.401036 -0.00285454 -0.0120687 0.999923 152.637
0.99977 -0.021099 0.00379343 0.40227 0.0210539 0.999712 0.0115684 -0.419669 -0.00403642 -0.0114859 0.999926 154.015
0.999696 -0.0244207 0.00352595 0.40585 0.0243683 0.999602 0.0142298 -0.404013 -0.00387205 -0.0141396 0.999893 155.36
0.999516 -0.0307811 0.00457164 0.438727 0.0306957 0.999372 0.0177 -0.368347 -0.0051136 -0.0175511 0.999833 156.684
0.999361 -0.0353324 0.00544483 0.44536 0.0352209 0.999192 0.019375 -0.364934 -0.006125 -0.0191709 0.999798 158.009
0.999335 -0.0361661 0.0046359 0.453185 0.0360743 0.999177 0.0185622 -0.339997 -0.00530341 -0.0183826 0.999817 159.356
0.999356 -0.0352081 0.00699125 0.457791 0.0350716 0.999209 0.0187702 -0.32265 -0.00764659 -0.0185129 0.9998 160.681
0.999475 -0.0315449 0.007334 0.460299 0.0314024 0.99933 0.0187959 -0.311973 -0.00792201 -0.0185557 0.999797 162.039
0.999542 -0.0290703 0.0084322 0.457188 0.0289186 0.999427 0.0175859 -0.322649 -0.00893861 -0.017334 0.99981 163.351
0.999619 -0.0263457 0.00828749 0.458545 0.0261982 0.999505 0.0174323 -0.314135 -0.00874267 -0.0172086 0.999814 164.72
0.999629 -0.0257764 0.00878496 0.457015 0.0256171 0.999514 0.0177862 -0.310114 -0.00923916 -0.0175546 0.999804 166.081
0.999669 -0.0240166 0.00919484 0.457524 0.0238524 0.999561 0.017569 -0.301876 -0.00961276 -0.0173439 0.999804 167.407
0.9997 -0.0228052 0.00898858 0.458846 0.022654 0.999606 0.0165751 -0.293117 -0.00936305 -0.0163665 0.999823 168.794
0.999758 -0.0204809 0.00806588 0.437119 0.0203768 0.999711 0.0127853 -0.290176 -0.00832541 -0.0126179 0.999886 170.089
0.999853 -0.0155849 0.00714908 0.419534 0.0155018 0.999814 0.0115309 -0.287606 -0.00732746 -0.0114184 0.999908 171.474
0.999901 -0.0119881 0.00741637 0.413514 0.0118932 0.999849 0.0127122 -0.28102 -0.00756766 -0.0126227 0.999892 172.84
0.999922 -0.0104068 0.00686058 0.420409 0.0103089 0.999847 0.0141564 -0.256633 -0.00700686 -0.0140845 0.999877 174.198
0.999932 -0.00990395 0.00608977 0.424116 0.0098058 0.999825 0.0159405 -0.24478 -0.00624659 -0.0158797 0.999855 175.596
0.999904 -0.0129013 0.00500656 0.434632 0.0128148 0.999775 0.016944 -0.234581 -0.00522404 -0.0168783 0.999844 176.958
0.999901 -0.0138008 0.00263543 0.442647 0.0137524 0.999751 0.0175866 -0.223768 -0.00287749 -0.0175486 0.999842 178.342
0.99989 -0.014762 0.00175404 0.436363 0.0147374 0.999804 0.013262 -0.207249 -0.00194948 -0.0132347 0.999911 179.691
0.999903 -0.0137753 -0.00197282 0.434284 0.0137984 0.99983 0.0122289 -0.194612 0.00180402 -0.0122549 0.999924 181.078
0.999883 -0.0151317 -0.00234681 0.419426 0.015151 0.99985 0.0084516 -0.214536 0.00221856 -0.00848615 0.999962 182.472
0.999943 -0.0104722 -0.00196048 0.404629 0.010492 0.999891 0.0103821 -0.22249 0.00185154 -0.0104021 0.999944 183.851
0.999964 -0.00797168 -0.00308102 0.392226 0.00801102 0.999884 0.0129779 -0.217371 0.00297719 -0.0130021 0.999911 185.26
0.999972 -0.0073238 -0.00156904 0.376688 0.00734652 0.999861 0.0150077 -0.211492 0.00145889 -0.0150188 0.999886 186.635
0.999971 -0.00726808 -0.00230601 0.371739 0.00730345 0.99985 0.0157231 -0.199441 0.00219137 -0.0157395 0.999874 188.05
0.999964 -0.00804346 -0.00256185 0.367185 0.00808407 0.999835 0.0162588 -0.193053 0.00243064 -0.0162789 0.999865 189.453
0.999955 -0.0090811 -0.00276543 0.360978 0.00912737 0.999811 0.0172068 -0.20095 0.00260864 -0.0172313 0.999848 190.823
0.999947 -0.00938061 -0.00419093 0.350181 0.00945326 0.9998 0.0176674 -0.219335 0.00402434 -0.017706 0.999835 192.25
0.999935 -0.0108398 -0.00358858 0.343962 0.0109059 0.999762 0.0189406 -0.207184 0.0033824 -0.0189785 0.999814 193.639
0.999888 -0.0143125 -0.00447914 0.337009 0.014402 0.999684 0.0206197 -0.204146 0.0041826 -0.0206819 0.999778 195.076
0.999872 -0.0153787 -0.00442637 0.331013 0.0154716 0.999644 0.0217606 -0.206471 0.00409013 -0.0218263 0.999754 196.465
0.999891 -0.0136907 -0.0055107 0.31244 0.0137905 0.999734 0.0185087 -0.199601 0.00525583 -0.0185827 0.999814 197.904
0.999965 -0.0064062 -0.00545142 0.287701 0.0064869 0.999868 0.0149177 -0.182544 0.00535512 -0.0149525 0.999874 199.321
0.999984 0.000917481 -0.00557511 0.272148 -0.000823977 0.99986 0.0167518 -0.147746 0.00558969 -0.0167469 0.999844 200.718
0.999972 0.00444577 -0.00599215 0.219424 -0.00433949 0.999835 0.0176353 -0.142377 0.00606955 -0.0176088 0.999827 202.184
0.999954 0.00534705 -0.00799686 0.197555 -0.00517184 0.99975 0.0217728 -0.127574 0.00811127 -0.0217304 0.999731 203.588
0.999947 0.00370366 -0.00959283 0.176723 -0.00348549 0.999737 0.0226618 -0.114963 0.00967424 -0.0226271 0.999698 205.049
0.999934 0.00361448 -0.0109279 0.156938 -0.00337032 0.999746 0.0222797 -0.0842903 0.0110057 -0.0222414 0.999692 206.487
0.99993 0.00157731 -0.0117072 0.14 -0.00131107 0.999741 0.0227156 -0.0675853 0.01174 -0.0226986 0.999674 207.908
0.999913 0.0030124 -0.0128391 0.114876 -0.00271861 0.999736 0.0228389 -0.0337296 0.0129045 -0.022802 0.999657 209.38
0.999914 0.00334741 -0.0126616 0.0892449 -0.00305644 0.999733 0.0229304 -0.0205557 0.0127349 -0.0228897 0.999657 210.801
0.999894 0.0047645 -0.0137743 0.0525771 -0.00444375 0.999721 0.0232243 -0.0108244 0.0138811 -0.0231606 0.999636 212.291
0.99989 0.00458616 -0.0141105 0.0259138 -0.00425467 0.999717 0.0234335 0.0120618 0.0142139 -0.0233709 0.999626 213.753
0.999898 0.00499047 -0.013387 0.00656715 -0.00467916 0.999721 0.0231865 0.0328799 0.0134989 -0.0231214 0.999642 215.187
0.999872 0.00573418 -0.0149451 -0.0269642 -0.00538736 0.999718 0.0231446 0.0536304 0.0150736 -0.0230611 0.999621 216.679
0.999858 0.00862317 -0.0144573 -0.058943 -0.00826918 0.999669 0.0243695 0.098755 0.0146627 -0.0242465 0.999599 218.11
0.999822 0.0101996 -0.0158473 -0.0944545 -0.00981721 0.999664 0.0240214 0.11034 0.016087 -0.0238616 0.999586 219.605
0.999821 0.0108325 -0.0155134 -0.125074 -0.010463 0.999665 0.0237048 0.129679 0.015765 -0.0235383 0.999599 221.063
0.999752 0.0125143 -0.0184233 -0.161214 -0.0120811 0.999653 0.0234427 0.149183 0.0187103 -0.0232143 0.999556 222.55
0.999733 0.0134616 -0.0187696 -0.197955 -0.0130187 0.999639 0.0235215 0.170205 0.0190794 -0.0232709 0.999547 224.033
0.999733 0.0137787 -0.0185376 -0.237928 -0.0133399 0.999633 0.0235895 0.191869 0.0188558 -0.0233359 0.99955 225.5
0.999658 0.014501 -0.0217698 -0.291761 -0.0139848 0.999622 0.0236795 0.20508 0.0221049 -0.023367 0.999483 227.027
0.999658 0.0145534 -0.021713 -0.332979 -0.0140455 0.999629 0.0233612 0.223195 0.0220449 -0.0230483 0.999492 228.493
0.999663 0.0145163 -0.0215426 -0.364672 -0.014019 0.999636 0.023062 0.253117 0.0218695 -0.0227522 0.999502 230
0.999674 0.01382 -0.0214839 -0.413437 -0.0133126 0.999633 0.0235862 0.264608 0.021802 -0.0232925 0.999491 231.483
0.999696 0.013804 -0.0204537 -0.453948 -0.0133169 0.999629 0.0237634 0.290169 0.0207742 -0.0234838 0.999509 232.961
0.999649 0.0140495 -0.0224721 -0.48747 -0.0135098 0.999621 0.0239898 0.315252 0.0228006 -0.0236778 0.99946 234.461
0.999668 0.0138812 -0.0216965 -0.533494 -0.0133755 0.99964 0.023284 0.338666 0.0220119 -0.0229861 0.999494 235.953
0.999614 0.0160866 -0.0226489 -0.568927 -0.0155527 0.999602 0.0235564 0.358494 0.0230188 -0.0231951 0.999466 237.492
0.99965 0.0151576 -0.0217062 -0.609246 -0.0146415 0.999611 0.0237456 0.373136 0.0220577 -0.0234195 0.999483 238.999
0.99968 0.0145623 -0.020676 -0.643766 -0.0140597 0.999607 0.0242485 0.388908 0.021021 -0.02395 0.999493 240.498
0.999695 0.0147603 -0.0198303 -0.675636 -0.0142984 0.999628 0.0232368 0.41529 0.0201659 -0.0229462 0.999534 242.029
0.99971 0.0139722 -0.0196072 -0.704666 -0.0135665 0.999694 0.0206773 0.435818 0.0198901 -0.0204053 0.999594 243.561
0.99969 0.0145845 -0.0201882 -0.739938 -0.0141648 0.999684 0.0207787 0.455518 0.0204849 -0.0204863 0.999581 245.079
0.999695 0.0143295 -0.0201128 -0.777068 -0.0138946 0.999671 0.0215992 0.470119 0.0204156 -0.0213132 0.999565 246.603
0.999694 0.015283 -0.019471 -0.821419 -0.0148437 0.999637 0.0225141 0.481512 0.019808 -0.0222182 0.999557 248.116
0.99968 0.0150203 -0.0203583 -0.858584 -0.0145556 0.999635 0.0227826 0.495075 0.020693 -0.022479 0.999534 249.648
0.999689 0.0157056 -0.019382 -0.902797 -0.0152645 0.999626 0.0227032 0.514993 0.0197313 -0.0224003 0.999555 251.16
0.999643 0.0151364 -0.0220416 -0.944279 -0.0146425 0.999642 0.0223965 0.524059 0.0223727 -0.0220658 0.999507 252.794
0.999671 0.0148786 -0.020876 -0.983427 -0.0144005 0.999635 0.022868 0.542494 0.0212086 -0.0225598 0.999521 254.302
0.999658 0.0134598 -0.0224162 -1.01928 -0.0129522 0.99966 0.0226381 0.562523 0.0227133 -0.02234 0.999493 255.861
0.999682 0.011721 -0.0223399 -1.05505 -0.011199 0.999665 0.0233538 0.592357 0.0226061 -0.0230962 0.999478 257.388
0.999728 0.00926287 -0.0213968 -1.09052 -0.00873607 0.99966 0.0245843 0.605928 0.0216172 -0.0243907 0.999469 258.914
0.999674 0.0103696 -0.023322 -1.11847 -0.00980615 0.999661 0.0241461 0.637774 0.0235645 -0.0239095 0.999437 260.44
0.999717 0.00887512 -0.022099 -1.1529 -0.00835527 0.999689 0.0235061 0.669161 0.0223007 -0.0233148 0.99948 261.955
0.999693 0.009283 -0.0229992 -1.17454 -0.00873898 0.999683 0.0236427 0.691959 0.0232114 -0.0234345 0.999456 263.489
0.999766 0.00630848 -0.0206853 -1.21238 -0.00581838 0.999703 0.0236687 0.740287 0.0208285 -0.0235428 0.999506 265.07
0.999821 0.00464341 -0.0183564 -1.24461 -0.00423571 0.999745 0.0221878 0.737276 0.0184547 -0.022106 0.999586 266.587
0.999803 0.00489755 -0.0192504 -1.27218 -0.0044746 0.999749 0.0219534 0.760903 0.0193531 -0.0218629 0.999574 268.107
0.999843 0.00572894 -0.0168104 -1.31249 -0.00535868 0.999744 0.0219888 0.781386 0.016932 -0.0218952 0.999617 269.646
0.999843 0.00798952 -0.0158025 -1.33666 -0.00765409 0.999747 0.0211741 0.790208 0.0159676 -0.0210498 0.999651 271.177
0.999852 0.00878799 -0.0148294 -1.36878 -0.00847695 0.999746 0.0209091 0.814466 0.0150093 -0.0207803 0.999672 272.714
0.999875 0.0100813 -0.0122092 -1.40066 -0.00982296 0.999731 0.0210368 0.826836 0.0124179 -0.0209142 0.999705 274.246
0.99987 0.00985545 -0.0128168 -1.42622 -0.00958987 0.999742 0.020621 0.842872 0.0130167 -0.0204954 0.999706 275.792
0.999892 0.0106755 -0.0101366 -1.45835 -0.0104645 0.999732 0.0206527 0.859788 0.0103544 -0.0205444 0.999736 277.325
0.999919 0.00946508 -0.0085288 -1.48294 -0.00928459 0.999738 0.0209602 0.886813 0.00872494 -0.0208793 0.999744 278.862
0.999925 0.00961211 -0.00766292 -1.49821 -0.00944667 0.999728 0.0213411 0.903507 0.00786596 -0.0212671 0.999743 280.398
0.999956 0.00814272 -0.00461639 -1.5044 -0.00803714 0.999716 0.0224455 0.916785 0.00479784 -0.0224074 0.999738 281.922
0.999952 0.00855562 -0.00487115 -1.54252 -0.00844159 0.999701 0.0229695 0.926577 0.0050662 -0.0229272 0.999725 283.438
0.999967 0.0078459 -0.00227834 -1.54578 -0.00779551 0.999742 0.0213458 0.946106 0.00244522 -0.0213274 0.99977 284.96
0.999957 0.0081708 -0.00445198 -1.55179 -0.0080791 0.999763 0.0202415 0.954377 0.00461631 -0.0202047 0.999786 286.52
0.999961 0.00805389 -0.00370343 -1.55119 -0.00797396 0.999745 0.0211155 0.981336 0.00387255 -0.0210852 0.999771 288.011
0.999973 0.00676762 -0.00274061 -1.56634 -0.00670675 0.999744 0.0216417 0.997664 0.00288636 -0.0216228 0.999762 289.551
0.999961 0.00695051 -0.00542106 -1.58324 -0.00683137 0.999741 0.0216947 1.02025 0.00557043 -0.0216569 0.99975 291.125
0.999949 0.00897845 -0.00469308 -1.59373 -0.00887518 0.999728 0.021582 1.03798 0.00488557 -0.0215392 0.999756 292.643
0.999931 0.00956224 -0.00685775 -1.61396 -0.00940804 0.99971 0.0221778 1.06129 0.00706782 -0.0221117 0.999731 294.228
0.999924 0.00879558 -0.00867611 -1.64948 -0.00858714 0.999681 0.0237764 1.10193 0.00888246 -0.0237001 0.99968 295.768
0.999934 0.00912267 -0.00693632 -1.6633 -0.00894207 0.999632 0.0256372 1.13316 0.00716763 -0.0255735 0.999648 297.326
0.999905 0.0106296 -0.00873235 -1.68623 -0.010397 0.999601 0.0262598 1.15079 0.00900799 -0.0261665 0.999617 298.928
0.999915 0.011084 -0.00681766 -1.70599 -0.0108977 0.999582 0.0267774 1.17683 0.0071116 -0.0267008 0.999619 300.496
0.999904 0.011546 -0.00763261 -1.71691 -0.0113386 0.99958 0.0266751 1.20664 0.00793739 -0.0265861 0.999615 302.084
0.999914 0.0109696 -0.00718901 -1.73282 -0.0107716 0.999577 0.0270269 1.23455 0.00748243 -0.0269471 0.999609 303.675
0.99994 0.00958605 -0.00531353 -1.73839 -0.00944367 0.999612 0.0262034 1.25012 0.00556265 -0.0261517 0.999643 305.241
0.999942 0.00918893 -0.00563718 -1.74502 -0.00904563 0.999648 0.0249405 1.26594 0.00586437 -0.024888 0.999673 306.841
0.999952 0.00858211 -0.00482933 -1.76001 -0.00846559 0.999685 0.0236529 1.29127 0.00503079 -0.0236109 0.999709 308.439
0.999929 0.00917853 -0.00759568 -1.77946 -0.00899939 0.999688 0.0232918 1.30141 0.00780709 -0.0232217 0.9997 310.051
0.999907 0.00970778 -0.00954722 -1.79905 -0.00947765 0.999671 0.0238621 1.34351 0.00977571 -0.0237694 0.99967 311.661
0.999902 0.0110014 -0.00870311 -1.83182 -0.0107648 0.999583 0.0267897 1.36623 0.0089942 -0.0266934 0.999604 313.276
0.999906 0.0101555 -0.00922486 -1.84467 -0.00988178 0.999524 0.0292463 1.39113 0.00951746 -0.0291523 0.99953 314.907
0.999922 0.0089977 -0.00868728 -1.87278 -0.00873624 0.999521 0.029681 1.41537 0.00895017 -0.0296028 0.999522 316.546
0.99992 0.00867088 -0.00921682 -1.88599 -0.00838902 0.999509 0.0301925 1.44824 0.00947408 -0.0301128 0.999502 318.181
0.999923 0.00838023 -0.00922254 -1.89255 -0.00810153 0.999522 0.0298539 1.48002 0.0094683 -0.0297768 0.999512 319.815
0.999911 0.0087571 -0.01013 -1.91762 -0.00844301 0.999495 0.0306451 1.52528 0.0103933 -0.0305568 0.999479 321.474
0.999899 0.00970511 -0.0104241 -1.93621 -0.00938027 0.999483 0.0307721 1.56896 0.0107174 -0.0306712 0.999472 323.136
0.999908 0.0106601 -0.00846787 -1.96602 -0.0103986 0.999485 0.0303483 1.60613 0.00878702 -0.0302574 0.999504 324.744
0.999903 0.0106323 -0.00902876 -1.98491 -0.0103645 0.99952 0.0292052 1.62501 0.00933493 -0.0291088 0.999533 326.387
0.999931 0.0096472 -0.00673201 -2.00564 -0.00943222 0.999467 0.031268 1.65938 0.00703006 -0.0312023 0.999489 327.994
0.999949 0.00701022 -0.00722745 -2.02425 -0.00677506 0.999463 0.0320651 1.70852 0.00744834 -0.0320145 0.99946 329.646
0.999957 0.00609587 -0.00702708 -2.03494 -0.00587282 0.999492 0.0313372 1.75517 0.00721453 -0.0312946 0.999485 331.258
0.99996 0.00742948 -0.00499399 -2.05675 -0.00726203 0.999437 0.0327528 1.79363 0.0052345 -0.0327152 0.999451 332.868
0.999948 0.00802981 -0.00635805 -2.06809 -0.00782829 0.999485 0.0311113 1.83663 0.00660459 -0.0310599 0.999496 334.494
0.999943 0.00937341 -0.00511589 -2.09213 -0.00919798 0.999403 0.033303 1.87089 0.00542498 -0.0332541 0.999433 336.085
0.999919 0.0111753 -0.00607158 -2.11358 -0.0109508 0.999298 0.035838 1.93182 0.0064678 -0.0357687 0.99934 337.722
0.999908 0.0117502 -0.0068357 -2.13266 -0.0114775 0.999187 0.0386539 1.97688 0.00728432 -0.0385718 0.99923 339.33
0.999904 0.01249 -0.00606978 -2.14749 -0.0122277 0.999064 0.0414903 2.01997 0.00658231 -0.0414121 0.999121 340.907
0.999868 0.0136318 -0.00891113 -2.16293 -0.0132526 0.999059 0.0413134 2.07231 0.00946591 -0.0411898 0.999107 342.548
0.99986 0.013503 -0.00991475 -2.18412 -0.0130835 0.999065 0.0412226 2.10301 0.0104621 -0.0410871 0.999101 344.147
0.999842 0.0124502 -0.0127003 -2.20274 -0.0119007 0.999027 0.0424646 2.16055 0.0132166 -0.0423068 0.999018 345.758
0.999838 0.0115524 -0.0138195 -2.21611 -0.0109437 0.999001 0.0433364 2.21638 0.0143063 -0.0431781 0.998965 347.368
0.999845 0.0117628 -0.01311 -2.24943 -0.0111923 0.999022 0.0427692 2.25241 0.0136003 -0.0426158 0.998999 348.932
0.99982 0.01219 -0.014532 -2.28778 -0.0115585 0.999018 0.0427759 2.29217 0.0150392 -0.0426003 0.998979 350.561
0.999836 0.0119321 -0.0136246 -2.31221 -0.0113388 0.999018 0.0428285 2.35303 0.0141222 -0.042667 0.99899 352.126
0.999831 0.0108297 -0.0148556 -2.34192 -0.0101813 0.999021 0.0430472 2.4175 0.0153073 -0.0428887 0.998963 353.756
0.999839 0.0103416 -0.014658 -2.37199 -0.0097034 0.99903 0.0429622 2.46705 0.015088 -0.042813 0.99897 355.343
0.999852 0.0103917 -0.0137377 -2.4027 -0.00979691 0.999041 0.0426767 2.51711 0.014168 -0.0425358 0.998995 356.909
0.999845 0.00987004 -0.0146168 -2.43556 -0.00922434 0.999006 0.0436027 2.5582 0.0150326 -0.0434611 0.998942 358.542
0.999859 0.00952331 -0.0138507 -2.46141 -0.00891531 0.999022 0.0433155 2.60734 0.0142496 -0.0431859 0.998966 360.105
0.999853 0.0083085 -0.0150208 -2.49296 -0.00765207 0.999035 0.0432429 2.65599 0.0153655 -0.0431216 0.998952 361.726
0.999862 0.00678992 -0.015192 -2.52077 -0.006107 0.998988 0.0445563 2.70895 0.0154791 -0.0444574 0.998892 363.324
0.999889 0.00551885 -0.0138588 -2.54512 -0.0048807 0.998945 0.0456664 2.75567 0.0140962 -0.0455937 0.998861 364.892
0.999866 0.00546824 -0.0154377 -2.57583 -0.00477402 0.998991 0.0446534 2.80475 0.0156663 -0.0445737 0.998884 366.527
0.999879 0.00638948 -0.0142094 -2.60208 -0.00574549 0.998975 0.0449096 2.85493 0.0144817 -0.0448226 0.99889 368.103
0.999857 0.00759133 -0.0151517 -2.63519 -0.00688464 0.99891 0.0461609 2.91669 0.0154856 -0.0460499 0.998819 369.713
0.99987 0.00808531 -0.0139832 -2.66814 -0.0074071 0.998825 0.0478924 2.9661 0.014354 -0.0477826 0.998755 371.306
0.999857 0.00795551 -0.0149223 -2.69846 -0.007226 0.998806 0.0483199 2.9969 0.0152889 -0.0482052 0.998721 372.94
0.99986 0.00772153 -0.0148239 -2.72737 -0.00699556 0.998803 0.0484158 3.05498 0.0151799 -0.0483053 0.998717 374.537
0.999881 0.00810405 -0.0131579 -2.75977 -0.00746107 0.99881 0.0482015 3.11642 0.0135329 -0.0480976 0.998751 376.12
0.999845 0.0104963 -0.0141335 -2.79099 -0.00978955 0.998742 0.0491768 3.20679 0.0146319 -0.0490308 0.99869 377.749
0.99986 0.0112035 -0.012404 -2.82214 -0.0105703 0.998694 0.0499896 3.26144 0.0129478 -0.0498515 0.998673 379.33
0.999842 0.0132992 -0.0118021 -2.86149 -0.0126793 0.998612 0.0511303 3.3465 0.0124657 -0.0509726 0.998622 381.009
0.999832 0.0142914 -0.0114894 -2.88784 -0.013683 0.998585 0.0513918 3.40762 0.0122076 -0.0512259 0.998613 382.614
0.999834 0.0149872 -0.0103804 -2.91929 -0.0144263 0.998535 0.0521537 3.45903 0.0111469 -0.0519953 0.998585 384.235
0.999776 0.0170557 -0.0125465 -2.95479 -0.0163624 0.998438 0.0534264 3.52171 0.0134381 -0.0532092 0.998493 385.872
0.999759 0.0183089 -0.0121344 -2.99151 -0.0176227 0.998362 0.0544265 3.58431 0.013111 -0.0541996 0.998444 387.508
0.999734 0.018989 -0.0131028 -3.0292 -0.0182441 0.998331 0.0548029 3.65505 0.0141216 -0.0545493 0.998411 389.154
0.999723 0.0198489 -0.0126299 -3.05594 -0.0191252 0.9983 0.0550516 3.72307 0.0137011 -0.0547948 0.998404 390.77
0.999744 0.0196156 -0.0113145 -3.08762 -0.0189566 0.998269 0.0556757 3.78512 0.012387 -0.0554469 0.998385 392.365
