1 0 0 0 0 1 0 0 0 0 1 0
1 -0.000414452 -1.94105e-05 -0.00621584 0.000414471 0.999999 0.000965182 -0.011239 1.90105e-05 -0.00096519 1 1.31233
0.999999 -0.00134905 0.000590467 -0.0126845 0.00134837 0.999998 0.00115004 -0.021539 -0.000592017 -0.00114924 0.999999 2.61451
0.999998 -0.00204616 -0.000431363 -0.0165488 0.00204653 0.999998 0.000858549 -0.0338449 0.000429605 -0.00085943 1 3.93926
0.999998 -0.00174726 0.000796385 -0.0209601 0.0017464 0.999998 0.00108235 -0.045931 -0.000798275 -0.00108095 0.999999 5.25423
0.999998 -0.00185671 0.000252419 -0.02668 0.00185622 0.999996 0.00193484 -0.0493383 -0.000256011 -0.00193437 0.999998 6.58585
0.999995 -0.00318086 0.000472333 -0.0277485 0.00317954 0.999991 0.00276666 -0.0657917 -0.000481129 -0.00276514 0.999996 7.91438
0.999995 -0.00290156 0.00127675 -0.0282412 0.00289748 0.999991 0.00318549 -0.0809156 -0.00128598 -0.00318177 0.999994 9.24327
0.999996 -0.00274141 0.000274382 -0.0303526 0.00274095 0.999995 0.00165906 -0.0979311 -0.000278929 -0.0016583 0.999999 10.5725
0.999999 -0.0001483 0.00124548 -0.0353973 0.000148383 1 -6.68115e-05 -0.105932 -0.00124547 6.69959e-05 0.999999 11.8991
0.999997 0.00249467 0.000550948 -0.0438317 -0.00249388 0.999996 -0.00143994 -0.120808 -0.000554538 0.00143857 0.999999 13.2394
0.999988 0.00490359 0.000914057 -0.0518963 -0.004902 0.999987 -0.00172592 -0.13596 -0.000922508 0.00172142 0.999998 14.5797
0.999986 0.00497999 0.00203475 -0.0589551 -0.00497849 0.999988 -0.000743869 -0.142507 -0.00203842 0.000733728 0.999998 15.9176
0.999994 0.00302735 0.00168011 -0.0533631 -0.00302994 0.999994 0.00154087 -0.144618 -0.00167543 -0.00154596 0.999997 17.268
0.999995 -0.00089303 0.00307128 -0.0480616 0.000881834 0.999993 0.00364486 -0.143945 -0.00307452 -0.00364213 0.999989 18.613
0.999994 -0.00296174 0.00213811 -0.0376156 0.00295663 0.999993 0.00238848 -0.155197 -0.00214517 -0.00238214 0.999995 19.9599
0.999986 -0.00385749 0.00352878 -0.029819 0.00385614 0.999993 0.000388685 -0.153792 -0.00353025 -0.000375072 0.999994 21.2935
0.999991 -0.00275253 0.00338006 -0.0229368 0.00275266 0.999996 -3.39151e-05 -0.147215 -0.00337995 4.3219e-05 0.999994 22.6472
0.99999 -0.000918356 0.00430575 -0.0260344 0.000916471 1 0.000439952 -0.133721 -0.00430616 -0.000436002 0.999991 24.004
0.99998 -0.000603481 0.00626324 -0.0272677 0.000570811 0.999986 0.00521662 -0.137272 -0.0062663 -0.00521294 0.999967 25.3456
0.999982 -0.00212797 0.00566726 -0.0157537 0.00209383 0.99998 0.00602262 -0.176718 -0.00567996 -0.00601064 0.999966 26.721
0.999964 -0.0051839 0.00676563 -0.00941549 0.00514495 0.99997 0.005762 -0.208848 -0.0067953 -0.00572698 0.99996 28.064
0.999969 -0.00538974 0.00571815 -0.0132892 0.00537059 0.99998 0.00335951 -0.226325 -0.00573614 -0.00332869 0.999978 29.4446
0.999957 -0.00514493 0.00772296 -0.00816222 0.00512215 0.999983 0.00296651 -0.255501 -0.00773809 -0.00292682 0.999966 30.8088
0.999972 -0.00240273 0.00713901 -0.0177337 0.00239353 0.999996 0.00129692 -0.267157 -0.0071421 -0.0012798 0.999974 32.2117
0.999969 -0.0017179 0.00768699 -0.0137175 0.00171289 0.999999 0.000658288 -0.288463 -0.00768811 -0.000645101 0.99997 33.5979
0.999961 -0.00129096 0.00876944 -0.00432231 0.00128141 0.999999 0.00109469 -0.308048 -0.00877084 -0.00108341 0.999961 34.9749
0.999971 -0.00120059 0.00756622 0.000299979 0.00117802 0.999995 0.00298581 -0.327152 -0.00756976 -0.0029768 0.999967 36.3794
0.999964 -0.000196618 0.0085331 0.00437314 0.000157318 0.99999 0.00460599 -0.343724 -0.00853391 -0.00460448 0.999953 37.7685
0.999969 0.00229706 0.00754749 0.0100562 -0.0023334 0.999986 0.00480988 -0.355304 -0.00753633 -0.00482734 0.99996 39.1724
0.999959 0.00414412 0.00803845 0.00483684 -0.00418372 0.999979 0.0049163 -0.367689 -0.00801791 -0.00494972 0.999956 40.5707
0.999945 0.00534809 0.00898074 0.006468 -0.00539462 0.999972 0.00516453 -0.376686 -0.00895287 -0.0052127 0.999946 41.9727
0.999952 0.0056042 0.00806285 0.00689173 -0.0056495 0.999968 0.00560755 -0.385035 -0.00803117 -0.00565283 0.999952 43.3751
0.999941 0.00445668 0.00990261 0.0137413 -0.00451709 0.999971 0.00608727 -0.393205 -0.00987519 -0.00613164 0.999932 44.7685
0.999958 0.00320553 0.00860414 0.0203169 -0.00324893 0.999982 0.00503421 -0.404761 -0.00858784 -0.00506195 0.99995 46.1687
0.999958 0.00275936 0.00869472 0.0233187 -0.00280733 0.999981 0.0055094 -0.408788 -0.00867935 -0.00553358 0.999947 47.5879
0.999972 0.00311248 0.00679847 0.0264017 -0.00315163 0.999978 0.00575611 -0.420555 -0.0067804 -0.00577738 0.99996 49.0178
0.99998 0.0030508 0.00550054 0.021843 -0.00308667 0.999974 0.00652446 -0.424675 -0.00548049 -0.00654131 0.999964 50.4391
0.999975 0.00375107 0.00601794 0.038457 -0.00378872 0.999973 0.00625785 -0.440732 -0.0059943 -0.0062805 0.999962 51.8471
0.999986 0.00367327 0.00389583 0.0353073 -0.00370108 0.999967 0.00715724 -0.4485 -0.00386941 -0.00717156 0.999967 53.2693
0.999988 0.0017986 0.00453749 0.0389012 -0.00183507 0.999966 0.00804747 -0.450201 -0.00452286 -0.0080557 0.999957 54.6947
0.999996 0.000727655 0.00279428 0.0398085 -0.000748602 0.999972 0.00750271 -0.463904 -0.00278874 -0.00750477 0.999968 56.1335
0.999997 -0.0013533 0.00222021 0.0350798 0.00133553 0.999967 0.00798426 -0.468704 -0.00223094 -0.00798127 0.999966 57.5621
0.999991 -0.00238274 0.00364149 0.0414834 0.00235264 0.999963 0.00824896 -0.475665 -0.00366101 -0.00824031 0.999959 58.9839
0.999987 -0.00355349 0.00370075 0.04567 0.00352247 0.999959 0.00835501 -0.481126 -0.00373029 -0.00834186 0.999958 60.3973
0.999977 -0.00355884 0.00579399 0.056834 0.00350922 0.999957 0.00855138 -0.499473 -0.00582417 -0.00853084 0.999947 61.7995
0.999975 -0.00455531 0.00538677 0.072751 0.00450972 0.999954 0.00844643 -0.523487 -0.005425 -0.00842193 0.99995 63.2293
0.999966 -0.00605821 0.00552556 0.0765239 0.00601341 0.999949 0.00808834 -0.524054 -0.00557428 -0.00805484 0.999952 64.6565
0.999951 -0.00607245 0.00782728 0.0700826 0.00600934 0.99995 0.00806108 -0.532347 -0.00787583 -0.00801365 0.999937 66.0535
0.999954 -0.0051133 0.00817067 0.062762 0.00504404 0.999951 0.00847554 -0.544226 -0.00821361 -0.00843394 0.999931 67.456
0.999951 -0.00220887 0.00963403 0.067251 0.00211156 0.999947 0.0100994 -0.554285 -0.00965582 -0.0100786 0.999903 68.8697
0.999957 0.000802379 0.00927434 0.0733186 -0.000906186 0.999937 0.0111941 -0.561384 -0.00926477 -0.011202 0.999894 70.2982
0.999927 0.00427607 0.0113461 0.0834314 -0.00441692 0.999913 0.0124177 -0.565451 -0.011292 -0.0124669 0.999859 71.6977
0.999899 0.0082783 0.0115506 0.0789898 -0.00842034 0.999889 0.0123038 -0.567271 -0.0114475 -0.0123998 0.999858 73.1079
0.999855 0.0119651 0.0121301 0.0820253 -0.0121057 0.99986 0.0115899 -0.569968 -0.0119897 -0.011735 0.999859 74.5181
0.999828 0.012498 0.0137056 0.092895 -0.0126518 0.999857 0.01119 -0.572697 -0.0135638 -0.0113615 0.999844 75.9196
0.99983 0.0125817 0.0135041 0.103291 -0.0127408 0.99985 0.0117608 -0.574803 -0.0133541 -0.0119308 0.99984 77.3211
0.999831 0.0109194 0.014786 0.118639 -0.0110842 0.999877 0.0111138 -0.583181 -0.0146628 -0.0112758 0.999829 78.6917
0.999863 0.00901626 0.0138606 0.130761 -0.0091565 0.999907 0.0100875 -0.578133 -0.0137683 -0.010213 0.999853 80.0856
0.999873 0.00845741 0.0135071 0.146222 -0.00859125 0.999914 0.00988102 -0.580089 -0.0134224 -0.00999581 0.99986 81.4644
0.999879 0.00658128 0.0140897 0.167928 -0.00671759 0.999931 0.00964867 -0.596896 -0.0140252 -0.00974215 0.999854 82.8261
0.999894 0.00699541 0.0128164 0.172402 -0.00711787 0.999929 0.00953403 -0.607627 -0.0127488 -0.00962424 0.999873 84.2099
0.999894 0.00730042 0.0126239 0.178836 -0.00742628 0.999923 0.00995189 -0.603912 -0.0125503 -0.0100446 0.999871 85.5636
0.999921 0.00596375 0.0110553 0.184615 -0.00607777 0.999928 0.0103085 -0.611048 -0.010993 -0.0103749 0.999886 86.9671
0.99994 0.00415125 0.0101739 0.189182 -0.00426316 0.99993 0.0110027 -0.617697 -0.0101275 -0.0110455 0.999888 88.3414
0.999952 0.00138631 0.00972715 0.19729 -0.00149355 0.999938 0.0110258 -0.623339 -0.00971125 -0.0110398 0.999892 89.6975
0.999963 -0.000394841 0.00856763 0.208424 0.000299932 0.999939 0.0110759 -0.630915 -0.00857147 -0.0110729 0.999902 91.0807
0.999962 -0.00139926 0.00857753 0.213142 0.00130351 0.999937 0.0111574 -0.626991 -0.0085926 -0.0111458 0.999901 92.4338
0.999969 -0.00142101 0.00779921 0.216601 0.00133138 0.999933 0.0114843 -0.629654 -0.00781501 -0.0114735 0.999904 93.8098
0.999965 -0.00167906 0.00820818 0.220953 0.00158546 0.999934 0.0113956 -0.631018 -0.00822677 -0.0113821 0.999901 95.1572
0.999968 -0.00139233 0.00791227 0.223566 0.00130359 0.999936 0.0112099 -0.636568 -0.00792737 -0.0111992 0.999906 96.5147
0.999969 -0.00178794 0.00773912 0.228189 0.00170563 0.999942 0.0106288 -0.644871 -0.00775767 -0.0106153 0.999914 97.8753
0.999964 -0.000868358 0.00847741 0.227927 0.000776176 0.999941 0.0108708 -0.642214 -0.00848634 -0.0108638 0.999905 99.2121
0.999967 -0.00033733 0.00821282 0.232361 0.000236324 0.999924 0.0122962 -0.646272 -0.00821633 -0.0122939 0.999891 100.572
0.999961 -0.000130571 0.00885164 0.235795 1.54892e-05 0.999915 0.0129998 -0.642625 -0.00885259 -0.0129991 0.999876 101.895
0.999964 -0.000246783 0.0084723 0.236531 0.000143006 0.999925 0.0122471 -0.644694 -0.00847468 -0.0122455 0.999889 103.251
0.999962 -0.00028875 0.00878112 0.238173 0.000184793 0.99993 0.011837 -0.645129 -0.00878392 -0.0118349 0.999891 104.584
0.999957 -0.00101821 0.00920657 0.238559 0.000915432 0.999937 0.0111601 -0.653115 -0.00921735 -0.0111512 0.999895 105.889
0.999953 -0.0032162 0.00916716 0.25014 0.00310464 0.999921 0.0121577 -0.654038 -0.00920553 -0.0121287 0.999884 107.242
0.999935 -0.00525726 0.0101392 0.262879 0.00512201 0.999898 0.0133192 -0.650996 -0.0102082 -0.0132664 0.99986 108.549
0.999922 -0.00660641 0.0106024 0.273151 0.00645809 0.999882 0.0139634 -0.651911 -0.0106934 -0.0138938 0.999846 109.897
0.999909 -0.00752295 0.0111995 0.282014 0.00737472 0.999885 0.013218 -0.663209 -0.0112976 -0.0131342 0.99985 111.225
0.999901 -0.00655904 0.0124798 0.287263 0.00641473 0.999913 0.0115689 -0.672233 -0.0125546 -0.0114877 0.999855 112.524
0.999901 -0.00485392 0.0132108 0.290797 0.00471263 0.999932 0.0107055 -0.679143 -0.0132618 -0.0106422 0.999856 113.872
0.999878 -0.00320697 0.0152939 0.299342 0.00304412 0.999938 0.0106597 -0.684501 -0.0153271 -0.0106119 0.999826 115.178
0.999869 -0.00144231 0.0161138 0.313941 0.00123764 0.999918 0.0127044 -0.684124 -0.0161308 -0.0126828 0.99979 116.535
0.999841 -0.00196855 0.0177558 0.329001 0.00170767 0.999891 0.0146955 -0.684092 -0.0177828 -0.0146629 0.999734 117.839
0.999838 -0.00178845 0.017898 0.344833 0.00151067 0.999878 0.0155216 -0.679238 -0.0179236 -0.015492 0.999719 119.197
0.999819 -0.00129999 0.0189655 0.360756 0.00100692 0.99988 0.0154538 -0.674363 -0.0189833 -0.0154319 0.999701 120.531
0.999774 0.000330337 0.0212815 0.381982 -0.000653021 0.999885 0.0151574 -0.677944 -0.0212741 -0.0151679 0.999659 121.845
0.999756 0.00240099 0.0219482 0.39903 -0.00272129 0.99989 0.014575 -0.67627 -0.0219108 -0.0146311 0.999653 123.207
0.999711 0.00297709 0.0238783 0.423987 -0.00332253 0.99989 0.0144402 -0.672326 -0.0238326 -0.0145153 0.999611 124.521
0.999705 0.00434554 0.0239126 0.444526 -0.00468187 0.999891 0.0140268 -0.669597 -0.0238491 -0.0141346 0.999616 125.881
0.999681 0.00356995 0.0249973 0.476831 -0.00392236 0.999893 0.0140632 -0.668327 -0.0249444 -0.0141567 0.999589 127.213
0.999647 0.00364553 0.0263212 0.505421 -0.00403724 0.999882 0.0148439 -0.664236 -0.026264 -0.0149449 0.999543 128.517
0.999638 0.00366672 0.0266409 0.53012 -0.00406466 0.999881 0.0148985 -0.648871 -0.0265831 -0.0150014 0.999534 129.888
0.999611 0.00341679 0.0276697 0.557634 -0.00384045 0.999876 0.0152727 -0.657817 -0.0276141 -0.015373 0.9995 131.199
0.999622 0.00269875 0.0273854 0.58722 -0.00312078 0.999877 0.0153796 -0.660726 -0.0273405 -0.0154593 0.999507 132.572
0.999627 0.0015079 0.0272916 0.622014 -0.00193163 0.999878 0.0155063 -0.6643 -0.0272649 -0.0155532 0.999507 133.907
0.999625 0.000473111 0.0273705 0.666056 -0.00088601 0.999886 0.0150753 -0.669057 -0.0273602 -0.0150939 0.999512 135.212
0.999677 0.000136316 0.0254405 0.687805 -0.000527034 0.999882 0.015352 -0.661048 -0.0254354 -0.0153604 0.999558 136.568
0.999688 -0.00243646 0.0248556 0.718226 0.00205555 0.99988 0.0153389 -0.664972 -0.02489 -0.015283 0.999573 137.878
0.999726 -0.00346952 0.0231746 0.742858 0.00310914 0.999874 0.0155685 -0.662017 -0.0232257 -0.0154922 0.99961 139.239
0.999732 -0.00351536 0.0228923 0.770234 0.00316281 0.999876 0.0154182 -0.647681 -0.0229437 -0.0153417 0.999619 140.565
0.999779 -0.00331255 0.0207713 0.781054 0.00299883 0.999881 0.0151164 -0.650592 -0.0208189 -0.0150508 0.99967 141.938
0.999801 -0.00334061 0.0196983 0.801064 0.00305336 0.999889 0.0145943 -0.639499 -0.0197449 -0.0145312 0.999699 143.283
0.999795 -0.00505171 0.0196002 0.828487 0.00478979 0.999899 0.0133873 -0.634521 -0.0196658 -0.0132906 0.999718 144.604
0.999796 -0.00951615 0.0178294 0.85038 0.00929358 0.999878 0.0125245 -0.650775 -0.0179464 -0.0123562 0.999762 145.975
0.999707 -0.0168015 0.0174595 0.888532 0.0165377 0.999748 0.0151453 -0.646984 -0.0177096 -0.0148521 0.999733 147.307
0.999633 -0.0223954 0.0152465 0.913979 0.0221521 0.999627 0.0159467 -0.654965 -0.015598 -0.0156031 0.999757 148.671
0.999587 -0.025021 0.0141355 0.941218 0.02483 0.9996 0.013528 -0.661062 -0.0144684 -0.0131714 0.999809 150.039
0.999598 -0.0240183 0.0150732 0.955711 0.0238414 0.999646 0.0118067 -0.673072 -0.0153515 -0.0114426 0.999817 151.385
0.999658 -0.0212251 0.0153135 0.95376 0.0210871 0.999736 0.00911708 -0.66918 -0.015503 -0.00879104 0.999841 152.762
0.999642 -0.0207735 0.0168597 0.972567 0.0206158 0.999742 0.00947261 -0.680694 -0.0170522 -0.00912163 0.999813 154.106
0.999563 -0.0244385 0.016636 0.992779 0.0242373 0.999632 0.0121909 -0.670146 -0.0169278 -0.0117824 0.999787 155.454
0.999409 -0.0297628 0.0171894 1.022 0.0295145 0.999459 0.0145214 -0.674587 -0.0176123 -0.0140055 0.999747 156.8
0.999257 -0.0340911 0.0179613 1.03876 0.0338027 0.999298 0.0161209 -0.662449 -0.0184983 -0.0155017 0.999709 158.12
0.999216 -0.0356098 0.0173131 1.06282 0.0353303 0.999245 0.0161874 -0.651924 -0.0178764 -0.015563 0.999719 159.469
0.999226 -0.0341629 0.0195332 1.081 0.0338354 0.999285 0.0168555 -0.628445 -0.0200951 -0.0161815 0.999667 160.765
0.999337 -0.0305291 0.0198653 1.09957 0.0301965 0.999402 0.0168298 -0.621168 -0.0203672 -0.0162188 0.999661 162.122
0.999393 -0.0273817 0.0215619 1.11315 0.0270551 0.999517 0.0152973 -0.617383 -0.0219704 -0.0147047 0.99965 163.438
0.999463 -0.0242776 0.0220345 1.1278 0.0239487 0.9996 0.0150697 -0.61384 -0.0223915 -0.0145339 0.999644 164.797
0.99947 -0.0231119 0.0229208 1.14265 0.0227707 0.999628 0.0150361 -0.601841 -0.0232598 -0.0145062 0.999624 166.149
0.999498 -0.0215402 0.0232607 1.1614 0.0211996 0.999666 0.0147907 -0.597561 -0.0235715 -0.0142901 0.99962 167.474
0.999552 -0.0201061 0.0221693 1.18729 0.0198019 0.999708 0.013858 -0.591421 -0.0224415 -0.0134128 0.999658 168.847
0.999609 -0.0168357 0.0223177 1.19688 0.0165773 0.999794 0.0117133 -0.594947 -0.0225103 -0.0113387 0.999682 170.169
0.999697 -0.0121658 0.0214034 1.19983 0.0119401 0.999872 0.0106398 -0.593672 -0.0215301 -0.010381 0.999714 171.553
0.999723 -0.00903871 0.0217217 1.2098 0.00879577 0.999898 0.0112535 -0.581307 -0.0218212 -0.0110594 0.999701 172.93
0.999723 -0.00660319 0.0225929 1.23579 0.00631264 0.999897 0.0129067 -0.573326 -0.0226758 -0.0127605 0.999661 174.278
0.999744 -0.00573087 0.0218998 1.26112 0.00540367 0.999873 0.0149701 -0.564255 -0.0219829 -0.014848 0.999648 175.673
0.999736 -0.00900332 0.021117 1.29393 0.00866435 0.999833 0.0160882 -0.554727 -0.0212583 -0.015901 0.999647 177.037
0.999774 -0.00977075 0.0188842 1.33506 0.00946971 0.999828 0.015965 -0.540315 -0.0190369 -0.0157825 0.999694 178.428
0.999774 -0.0111864 0.0180826 1.35488 0.0109782 0.999873 0.0115746 -0.52706 -0.0182098 -0.0113735 0.999769 179.771
0.999831 -0.00937837 0.0158329 1.38088 0.00923683 0.999917 0.00898797 -0.526294 -0.0159159 -0.0088402 0.999834 181.148
0.999845 -0.00860173 0.0153526 1.39693 0.00850873 0.999945 0.00611183 -0.537433 -0.0154044 -0.00598025 0.999863 182.533
0.999855 -0.00590222 0.0159958 1.41179 0.00577589 0.999952 0.00793165 -0.548481 -0.0160418 -0.00783811 0.999841 183.887
0.999883 -0.00348866 0.0148955 1.42629 0.00333299 0.99994 0.0104621 -0.547693 -0.0149311 -0.0104112 0.999834 185.296
0.999852 -0.00352226 0.0168181 1.43032 0.00332079 0.999923 0.0119918 -0.534139 -0.0168591 -0.0119342 0.999787 186.68
0.999865 -0.00316132 0.0161023 1.45204 0.00295786 0.999916 0.0126427 -0.524151 -0.016141 -0.0125934 0.99979 188.095
0.999861 -0.00474099 0.0160083 1.47367 0.00453109 0.999904 0.0131225 -0.522996 -0.016069 -0.0130481 0.999786 189.499
0.999849 -0.00597084 0.0163067 1.49203 0.00574009 0.999883 0.0141603 -0.531947 -0.0163894 -0.0140646 0.999767 190.873
0.999853 -0.00744191 0.015474 1.51022 0.00721224 0.999864 0.0148443 -0.550642 -0.0155823 -0.0147305 0.99977 192.302
0.999823 -0.00938676 0.0163404 1.5327 0.00912359 0.999829 0.0161057 -0.541782 -0.0164888 -0.0159538 0.999737 193.692
0.999794 -0.0128383 0.0156992 1.55526 0.012559 0.999763 0.0177629 -0.538716 -0.0159235 -0.0175621 0.999719 195.13
0.999748 -0.0148883 0.0167812 1.57965 0.0145729 0.999718 0.018765 -0.535869 -0.0170558 -0.0185158 0.999683 196.52
0.999792 -0.0131115 0.0156124 1.59069 0.0128696 0.999797 0.0154918 -0.533707 -0.0158124 -0.0152877 0.999758 197.957
0.99986 -0.005629 0.0157645 1.59447 0.00544339 0.999916 0.0117913 -0.520818 -0.0158296 -0.0117039 0.999806 199.377
0.999843 0.00228578 0.0175548 1.59732 -0.00250385 0.99992 0.0124095 -0.511389 -0.017525 -0.0124515 0.999769 200.779
0.999821 0.00747035 0.0173791 1.58945 -0.00773201 0.999857 0.015037 -0.512598 -0.0172643 -0.0151687 0.999736 202.248
0.999779 0.00919643 0.0189208 1.60468 -0.00955164 0.999778 0.018769 -0.503273 -0.018744 -0.0189455 0.999645 203.664
0.999823 0.0074387 0.0173114 1.62362 -0.00777694 0.999779 0.0195532 -0.496973 -0.0171621 -0.0196844 0.999659 205.126
0.999856 0.00552169 0.0160292 1.64281 -0.00584029 0.999785 0.019897 -0.480038 -0.0159159 -0.0199878 0.999674 206.565
0.99987 0.00321027 0.0158184 1.6618 -0.00353312 0.999785 0.0204238 -0.468222 -0.0157494 -0.020477 0.999666 207.974
0.999881 0.00445649 0.014775 1.67711 -0.00475715 0.999781 0.0203758 -0.440598 -0.014681 -0.0204437 0.999683 209.448
0.999875 0.00487079 0.0150347 1.69046 -0.00517765 0.999778 0.0204383 -0.428719 -0.0149318 -0.0205136 0.999678 210.871
0.999886 0.00597731 0.0138765 1.69717 -0.00626609 0.999763 0.0208612 -0.42132 -0.0137485 -0.0209458 0.999686 212.357
0.999891 0.00515404 0.0138536 1.71463 -0.00544361 0.999766 0.020946 -0.415043 -0.0137424 -0.0210191 0.999685 213.824
0.99988 0.00543538 0.014527 1.73602 -0.00573422 0.999771 0.020609 -0.399376 -0.0144117 -0.0206899 0.999682 215.261
0.999899 0.00513771 0.0132406 1.75307 -0.00541041 0.999772 0.0206419 -0.390288 -0.0131316 -0.0207114 0.999699 216.759
0.999886 0.00441572 0.0144091 1.78797 -0.00471138 0.999778 0.020549 -0.377524 -0.0143152 -0.0206146 0.999685 218.215
0.9999 0.00539777 0.0130667 1.79736 -0.00566282 0.999777 0.0203323 -0.372351 -0.0129541 -0.0204043 0.999708 219.712
0.999893 0.00577317 0.0134033 1.81174 -0.00604112 0.999781 0.0200374 -0.358737 -0.0132847 -0.0201162 0.999709 221.179
0.999913 0.00569892 0.0118728 1.82713 -0.00593395 0.999785 0.0198547 -0.340056 -0.0117571 -0.0199234 0.999732 222.683
0.999924 0.0054714 0.0109938 1.83107 -0.00568438 0.999795 0.0194343 -0.328798 -0.0108852 -0.0194953 0.999751 224.187
0.999918 0.00604102 0.011258 1.83547 -0.00625968 0.99979 0.0194888 -0.313336 -0.0111379 -0.0195577 0.999747 225.658
0.999927 0.00604863 0.0104309 1.83761 -0.00625218 0.999789 0.0195925 -0.305196 -0.0103101 -0.0196563 0.999753 227.166
0.999926 0.00505535 0.0110454 1.84872 -0.00527466 0.999788 0.0199162 -0.295065 -0.0109424 -0.019973 0.99974 228.642
0.999933 0.00443256 0.0106932 1.85947 -0.00464275 0.999795 0.0197107 -0.284941 -0.0106037 -0.019759 0.999748 230.118
0.999936 0.0038864 0.0106296 1.86303 -0.00410072 0.999787 0.0202148 -0.276656 -0.0105488 -0.0202571 0.999739 231.597
0.999929 0.00318145 0.0114474 1.87385 -0.00341786 0.99978 0.0206908 -0.25512 -0.011379 -0.0207284 0.99972 233.079
0.999936 0.00338381 0.0108295 1.8733 -0.00360665 0.999781 0.0206231 -0.238816 -0.0107573 -0.0206609 0.999729 234.593
0.999932 0.00347846 0.0110809 1.87264 -0.00369875 0.999795 0.019921 -0.224326 -0.0110094 -0.0199607 0.99974 236.106
0.999933 0.00540078 0.0101887 1.88221 -0.00560748 0.999777 0.020368 -0.210032 -0.0100765 -0.0204238 0.99974 237.635
0.999935 0.00444608 0.0104903 1.87851 -0.00467717 0.999745 0.0221067 -0.196796 -0.0103894 -0.0221543 0.9997 239.149
0.999926 0.004212 0.0114377 1.88781 -0.00447026 0.999733 0.0226485 -0.184287 -0.0113393 -0.0226979 0.999678 240.651
0.999922 0.00525701 0.0112809 1.88421 -0.0054977 0.999756 0.0214112 -0.166283 -0.0111656 -0.0214715 0.999707 242.18
0.999903 0.0051884 0.0128928 1.89372 -0.00544518 0.999786 0.0199612 -0.147424 -0.0127865 -0.0200295 0.999717 243.698
0.999906 0.00561717 0.0125239 1.89866 -0.00586966 0.999778 0.0202145 -0.132185 -0.0124075 -0.0202861 0.999717 245.226
0.999906 0.004867 0.0128299 1.91467 -0.00513668 0.999765 0.0210705 -0.111877 -0.0127244 -0.0211344 0.999695 246.766
0.9999 0.00480303 0.013287 1.92316 -0.00508564 0.99976 0.0213174 -0.0991852 -0.0131814 -0.0213828 0.999684 248.28
0.999905 0.00535111 0.0126614 1.94064 -0.00562472 0.999749 0.0216724 -0.0853726 -0.0125423 -0.0217416 0.999685 249.82
0.999888 0.00571503 0.0137873 1.95449 -0.0059981 0.99977 0.020577 -0.0696394 -0.0136665 -0.0206574 0.999693 251.354
0.999894 0.00680077 0.0128613 1.96782 -0.00706562 0.999762 0.0206592 -0.0607886 -0.0127177 -0.0207479 0.999704 252.911
0.99988 0.00626676 0.0141348 1.98392 -0.00656396 0.999756 0.0210773 -0.0466437 -0.0139993 -0.0211675 0.999678 254.428
0.999907 0.00532266 0.0125009 2.00126 -0.00558379 0.999765 0.0209467 -0.0304957 -0.0123865 -0.0210145 0.999702 255.979
0.99991 0.00413793 0.0127459 2.01748 -0.00441287 0.999757 0.0216175 -0.0042478 -0.0126533 -0.0216717 0.999685 257.508
0.999905 0.00176321 0.0136313 2.03795 -0.00207246 0.99974 0.0227056 0.0113816 -0.0135877 -0.0227317 0.999649 259.035
0.999919 0.00175228 0.0125563 2.05885 -0.0020353 0.999743 0.0225622 0.0254025 -0.0125135 -0.022586 0.999666 260.566
0.99991 0.00115383 0.0133863 2.07813 -0.00145174 0.999751 0.0222652 0.0452905 -0.0133573 -0.0222826 0.999662 262.089
0.999903 -0.000977035 0.0138755 2.10301 0.000648355 0.99972 0.0236718 0.0674624 -0.0138948 -0.0236605 0.999623 263.624
0.999886 -0.00345699 0.0146692 2.12026 0.00309781 0.999696 0.0244371 0.105412 -0.0147492 -0.0243889 0.999593 265.169
0.999862 -0.00543607 0.0156962 2.14293 0.00505393 0.999692 0.0242834 0.122805 -0.0158234 -0.0242007 0.999582 266.702
0.999862 -0.00661081 0.0152628 2.16319 0.00624798 0.9997 0.0236983 0.141412 -0.0154149 -0.0235996 0.999602 268.246
0.999827 -0.00585559 0.0176581 2.18216 0.00543481 0.999702 0.0237834 0.162912 -0.0177921 -0.0236833 0.999561 269.787
0.999834 -0.00339683 0.0178675 2.21064 0.00297731 0.99972 0.0234536 0.173037 -0.0179422 -0.0233965 0.999565 271.327
0.999818 -0.00265511 0.0188946 2.23038 0.00221501 0.999727 0.0232748 0.200814 -0.0189512 -0.0232287 0.99955 272.862
0.999766 -0.00102458 0.0216223 2.24724 0.000502387 0.999708 0.0241419 0.210102 -0.0216408 -0.0241254 0.999474 274.393
0.999775 -0.00138533 0.0211475 2.27236 0.000883535 0.999718 0.0237189 0.230225 -0.0211744 -0.0236949 0.999495 275.938
0.999704 -0.000281703 0.0243148 2.30145 -0.000294451 0.999719 0.0236884 0.242591 -0.0243146 -0.0236886 0.999423 277.457
0.999704 -0.00106951 0.0242989 2.33309 0.000486505 0.999712 0.0239857 0.26925 -0.0243176 -0.0239668 0.999417 278.997
0.999683 -0.00103475 0.0251566 2.36797 0.000421357 0.999703 0.0243759 0.289945 -0.0251743 -0.0243576 0.999386 280.532
0.999583 -0.00275401 0.0287377 2.41054 0.00201955 0.999671 0.025555 0.306652 -0.0287987 -0.0254863 0.99926 282.053
0.999611 -0.00325135 0.0277017 2.43423 0.00253254 0.99966 0.0259438 0.328937 -0.0277766 -0.0258635 0.999279 283.599
0.999533 -0.00377758 0.030314 2.48077 0.00303569 0.999696 0.0244819 0.353611 -0.0303973 -0.0243785 0.99924 285.121
0.9996 -0.00341799 0.0280666 2.52469 0.00276486 0.999725 0.0232763 0.366826 -0.0281384 -0.0231894 0.999335 286.68
0.999622 -0.00383976 0.0272346 2.56084 0.00319788 0.999717 0.0235725 0.392304 -0.0273174 -0.0234765 0.999351 288.227
0.999584 -0.00484809 0.0284451 2.59957 0.00416639 0.999704 0.0239757 0.409838 -0.0285529 -0.0238471 0.999308 289.763
0.999656 -0.0048014 0.0257828 2.63323 0.00418525 0.999706 0.0238985 0.422325 -0.0258899 -0.0237824 0.999382 291.339
0.999622 -0.00402476 0.0272138 2.67044 0.00337291 0.999707 0.0239563 0.451508 -0.0273023 -0.0238555 0.999342 292.879
0.999671 -0.0036996 0.0253778 2.70361 0.00307981 0.999697 0.0244176 0.475221 -0.0254604 -0.0243315 0.999379 294.468
0.999704 -0.00421739 0.0239674 2.72877 0.00362298 0.999686 0.0247899 0.502621 -0.0240645 -0.0246957 0.999405 296.038
0.999675 -0.00317073 0.0253031 2.77277 0.00250602 0.999652 0.0262579 0.516502 -0.0253776 -0.0261859 0.999335 297.579
0.999725 -0.00188606 0.0233698 2.80048 0.00124726 0.999626 0.0273186 0.537451 -0.0234126 -0.0272819 0.999353 299.172
0.999679 -0.00144424 0.0253049 2.82969 0.000730477 0.999602 0.0281926 0.566794 -0.0253355 -0.028165 0.999282 300.737
0.99968 -0.00063182 0.0252784 2.86189 -8.5367e-05 0.999598 0.0283601 0.582934 -0.0252861 -0.0283531 0.999278 302.335
0.999668 -0.00117632 0.0257374 2.89871 0.00043847 0.999589 0.0286549 0.611854 -0.0257606 -0.0286341 0.999258 303.925
0.999621 -0.00228772 0.0274488 2.94368 0.00151843 0.999606 0.0280142 0.633312 -0.027502 -0.0279618 0.99923 305.501
0.999634 -0.00267096 0.0269248 2.98927 0.00195154 0.999641 0.0267103 0.649803 -0.0269865 -0.0266479 0.99928 307.091
0.999608 -0.00303994 0.0278431 3.02646 0.00232407 0.999667 0.025707 0.677386 -0.027912 -0.0256322 0.999281 308.689
0.999682 -0.002519 0.0250896 3.05913 0.00188736 0.999682 0.025167 0.693102 -0.0251451 -0.0251116 0.999368 310.301
0.999731 -0.00200784 0.0231126 3.09179 0.0014156 0.999671 0.0256115 0.729609 -0.0231564 -0.0255719 0.999404 311.91
0.999714 -0.00069016 0.0238883 3.11444 8.75538e-06 0.999593 0.0285125 0.760697 -0.0238983 -0.0285042 0.999308 313.525
0.999718 -0.00185019 0.0236921 3.15087 0.0011048 0.999505 0.0314358 0.797855 -0.0237386 -0.0314007 0.999225 315.154
0.999687 -0.00277528 0.0248662 3.17752 0.00197946 0.999487 0.031971 0.830982 -0.0249422 -0.0319117 0.999179 316.773
0.999699 -0.00303479 0.0243637 3.21219 0.00226889 0.999504 0.0314017 0.852956 -0.0244469 -0.031337 0.999209 318.41
0.999661 -0.00345163 0.0257988 3.24474 0.00263281 0.999494 0.0317054 0.890106 -0.0258952 -0.0316267 0.999164 320.02
0.999677 -0.00335717 0.0251758 3.28111 0.00254089 0.999472 0.0323848 0.92829 -0.0252712 -0.0323104 0.999158 321.655
0.99966 -0.00323126 0.0258551 3.31959 0.0024011 0.999483 0.0320745 0.965161 -0.0259453 -0.0320015 0.999151 323.279
0.999611 -0.00225399 0.0278021 3.34987 0.00137497 0.9995 0.0315954 1.00229 -0.0278594 -0.0315449 0.999114 324.89
0.999621 -0.00167684 0.0274719 3.38965 0.000820613 0.999515 0.0311488 1.04003 -0.0275108 -0.0311144 0.999137 326.518
0.999552 -0.00265455 0.0298138 3.42822 0.00166674 0.999451 0.0331084 1.07998 -0.0298853 -0.0330439 0.999007 328.128
0.999567 -0.00373164 0.0291766 3.47315 0.00274085 0.999421 0.0339246 1.12616 -0.0292863 -0.03383 0.998998 329.754
0.999563 -0.00382734 0.0293194 3.51813 0.00283397 0.999423 0.0338478 1.17028 -0.0294321 -0.0337499 0.998996 331.364
0.999529 -0.00297825 0.0305443 3.55805 0.0019254 0.999405 0.0344409 1.20862 -0.0306287 -0.0343658 0.99894 332.971
0.999569 -0.00206906 0.0292869 3.60742 0.00110271 0.999456 0.0329731 1.25418 -0.0293392 -0.0329266 0.999027 334.595
0.999549 0.000462435 0.0300298 3.63922 -0.00140726 0.999505 0.0314491 1.2706 -0.0300004 -0.0314772 0.999054 336.186
0.999589 0.0010754 0.0286404 3.67799 -0.00202732 0.999446 0.0332281 1.30095 -0.0285888 -0.0332725 0.999037 337.802
0.999607 0.0016987 0.0279559 3.71523 -0.00270679 0.999346 0.0360615 1.34003 -0.0278763 -0.036123 0.998958 339.412
0.999594 0.00219734 0.0283847 3.75246 -0.00329348 0.999248 0.0386282 1.38195 -0.0282784 -0.038706 0.99885 341
0.999649 0.00287046 0.0263103 3.79208 -0.00387552 0.999262 0.0382288 1.42284 -0.0261811 -0.0383174 0.998922 342.615
0.999666 0.00273026 0.0257011 3.82653 -0.00370885 0.999267 0.0381048 1.46004 -0.0255783 -0.0381874 0.998943 344.194
0.999732 0.0017815 0.0230511 3.86469 -0.00268316 0.99923 0.0391433 1.50694 -0.0229636 -0.0391947 0.998967 345.802
0.999758 0.000815443 0.0219766 3.90118 -0.0016936 0.9992 0.0399692 1.55518 -0.0219264 -0.0399967 0.998959 347.41
0.999739 0.00109803 0.0228269 3.92591 -0.00199553 0.999224 0.0393316 1.5946 -0.022766 -0.0393668 0.998965 348.981
0.999765 0.00121094 0.0216477 3.95627 -0.00207168 0.999206 0.0397828 1.63234 -0.0215823 -0.0398183 0.998974 350.598
0.999741 0.00115429 0.0227203 3.98355 -0.00206316 0.999197 0.0400192 1.67555 -0.0226559 -0.0400557 0.99894 352.162
0.999758 0.000613325 0.0219516 4.01352 -0.00150076 0.999181 0.0404325 1.72113 -0.0219089 -0.0404557 0.998941 353.772
0.999753 0.000202339 0.0222009 4.04212 -0.00109933 0.999183 0.0403983 1.76523 -0.0221746 -0.0404128 0.998937 355.359
0.999727 0.000179979 0.0233673 4.07006 -0.00111995 0.99919 0.0402185 1.81011 -0.0233412 -0.0402337 0.998917 356.927
0.999745 -7.49608e-05 0.0225474 4.10195 -0.000841338 0.999174 0.040626 1.85639 -0.0225319 -0.0406346 0.99892 358.536
0.999718 1.19797e-05 0.0237195 4.13217 -0.000967538 0.999188 0.0402742 1.90397 -0.0236997 -0.0402858 0.998907 360.099
0.999739 -0.000842777 0.0228348 4.16459 -7.84272e-05 0.999187 0.0403108 1.95247 -0.0228502 -0.040302 0.998926 361.701
0.999733 -0.00254904 0.0229369 4.19678 0.00159333 0.999134 0.0415886 2.00313 -0.0230231 -0.041541 0.998871 363.29
0.999699 -0.00384119 0.0242095 4.23362 0.00280556 0.999085 0.0426674 2.05126 -0.0243513 -0.0425867 0.998796 364.862
0.999723 -0.00397133 0.0231988 4.26924 0.00298357 0.999094 0.0424581 2.09993 -0.0233464 -0.0423771 0.998829 366.463
0.999689 -0.00308036 0.0247309 4.30203 0.00202251 0.999086 0.0426855 2.14846 -0.0248398 -0.0426222 0.998782 368.036
0.999708 -0.00191358 0.0240608 4.33106 0.000860193 0.999044 0.0437142 2.20115 -0.0241215 -0.0436807 0.998754 369.641
0.999667 -0.00144214 0.0257555 4.36079 0.000288679 0.998999 0.0447322 2.24728 -0.0257942 -0.0447099 0.998667 371.224
0.999684 -0.00115916 0.0251127 4.39792 2.62487e-05 0.998984 0.0450661 2.2859 -0.0251394 -0.0450512 0.998668 372.832
0.999672 -0.00137643 0.0255568 4.43311 0.000219687 0.998977 0.0452091 2.34008 -0.0255929 -0.0451887 0.99865 374.426
0.999629 -0.000967738 0.0271895 4.46615 -0.000252918 0.998993 0.0448548 2.39794 -0.0272055 -0.044845 0.998623 376.003
0.999647 -0.000476789 0.0265483 4.50541 -0.000727256 0.998972 0.0453245 2.4609 -0.0265426 -0.0453278 0.998619 377.62
0.999602 0.000251201 0.0282061 4.53995 -0.00155214 0.998935 0.0461099 2.50919 -0.0281645 -0.0461353 0.998538 379.199
0.999617 0.00137807 0.0276172 4.57878 -0.00267385 0.998894 0.046937 2.57237 -0.027522 -0.0469929 0.998516 380.829
0.999606 0.00239535 0.0279488 4.61526 -0.00371304 0.998879 0.0471899 2.62548 -0.0278044 -0.0472751 0.998495 382.436
0.999553 0.00337203 0.0296776 4.65189 -0.00477871 0.998862 0.0474555 2.67768 -0.0294838 -0.0475761 0.998432 384.027
0.999588 0.00439142 0.0283543 4.68897 -0.0057566 0.998819 0.0482463 2.73426 -0.0281089 -0.0483897 0.998433 385.659
0.999532 0.00559451 0.0300574 4.72565 -0.00707096 0.998762 0.049241 2.7908 -0.0297447 -0.0494305 0.998334 387.257
0.999563 0.00647117 0.0288137 4.75731 -0.00790173 0.998727 0.0498143 2.85472 -0.0284547 -0.0500203 0.998342 388.902
0.999545 0.00733172 0.0292509 4.79772 -0.00878618 0.998715 0.0499084 2.91721 -0.0288473 -0.0501427 0.998325 390.518
0.999517 0.00729955 0.0301921 4.83169 -0.00882061 0.998682 0.0505568 2.97067 -0.0297833 -0.0507987 0.998264 392.122
