1 0 0 0 0 1 0 0 0 0 1 0
<<<<<<< HEAD
0.99928 0.00101379 -0.0379239 -0.040149 -0.00097185 0.999999 0.0011242 0.0228977 0.037925 -0.00108653 0.99928 0.667116
0.997906 0.00135822 -0.0646654 -0.108811 -0.00137857 0.999999 -0.000270188 0.0422807 0.0646649 0.000358769 0.997907 1.46635
0.99863 0.000434415 -0.0523189 -0.171092 -0.000507518 0.999999 -0.00138397 0.0585488 0.0523182 0.00140863 0.998629 2.39823
0.998032 0.000553827 -0.0627084 -0.249387 -0.000730281 0.999996 -0.00279099 0.0724548 0.0627066 0.00283129 0.998028 3.44721
0.99832 9.83973e-05 -0.0579424 -0.325752 -0.000215888 0.999998 -0.00202147 0.0867824 0.0579421 0.00203058 0.998318 4.59749
0.998188 0.000221347 -0.0601688 -0.405473 -0.000309603 0.999999 -0.00145749 0.0904082 0.0601684 0.00147348 0.998187 5.81313
0.998159 0.000296555 -0.0606584 -0.488222 -0.000370126 0.999999 -0.00120163 0.0947547 0.060658 0.00122186 0.998158 7.06987
0.998124 0.000522933 -0.0612176 -0.572337 -0.000591007 0.999999 -0.0010939 0.0920086 0.061217 0.00112803 0.998124 8.36122
0.998202 0.0012797 -0.0599199 -0.656207 -0.00133902 0.999999 -0.000949812 0.0926322 0.0599186 0.00102834 0.998203 9.66618
0.998171 0.00184574 -0.0604271 -0.744871 -0.00187997 0.999998 -0.000509511 0.0839171 0.060426 0.00062218 0.998172 10.9895
0.998158 0.00190697 -0.0606379 -0.834375 -0.00189042 0.999998 0.000330211 0.0775218 0.0606384 -0.000214971 0.99816 12.3237
0.998253 0.00172464 -0.0590644 -0.923411 -0.00165851 0.999998 0.00116853 0.0783846 0.0590663 -0.00106853 0.998253 13.6526
0.998222 0.000985956 -0.0595955 -1.00179 -0.000796693 0.999994 0.00319947 0.0789267 0.0595983 -0.0031463 0.998217 14.9948
0.998315 0.000470199 -0.0580194 -1.07784 -0.000182007 0.999987 0.00497236 0.0846381 0.058021 -0.00495342 0.998303 16.3343
0.998211 -2.71222e-05 -0.0597833 -1.15146 0.000412576 0.999979 0.00643519 0.0793154 0.0597819 -0.00644834 0.998191 17.6767
0.998285 -1.40911e-05 -0.058535 -1.22501 0.000436068 0.999974 0.0071962 0.0971148 0.0585334 -0.00720939 0.998259 18.9993
0.998312 0.000435213 -0.0580839 -1.29628 1.02437e-05 0.99997 0.00766867 0.124193 0.0580856 -0.00765632 0.998282 20.326
0.998377 0.000520128 -0.056947 -1.37832 -3.92069e-05 0.999964 0.00844586 0.151046 0.0569494 -0.00842992 0.998341 21.6579
0.998452 0.000476811 -0.0556253 -1.46348 0.000164972 0.999933 0.0115325 0.17362 0.0556271 -0.0115238 0.998385 22.9827
0.998446 0.000750858 -0.0557218 -1.5334 -4.60894e-05 0.99992 0.0126482 0.160801 0.0557269 -0.012626 0.998366 24.324
0.998514 0.000728934 -0.0544883 -1.60756 2.93584e-05 0.999903 0.0139145 0.149852 0.0544932 -0.0138954 0.998417 25.6614
0.998452 0.00228142 -0.0555683 -1.69091 -0.00153811 0.999909 0.0134156 0.147072 0.0555938 -0.0133094 0.998365 27.0311
0.998567 0.0034336 -0.0534046 -1.77299 -0.00270523 0.999902 0.0137051 0.13448 0.0534465 -0.0135409 0.998479 28.4049
0.998558 0.00523262 -0.0534252 -1.86526 -0.00456488 0.99991 0.012613 0.136939 0.0534864 -0.012351 0.998492 29.8123
0.998579 0.00538238 -0.0530259 -1.94446 -0.0046584 0.999894 0.0137675 0.132649 0.0530944 -0.0135009 0.998498 31.2098
0.99863 0.00615337 -0.0519638 -2.01522 -0.00539624 0.999877 0.014698 0.126799 0.0520479 -0.0143975 0.998541 32.6015
0.998553 0.00656733 -0.0533651 -2.09572 -0.00568199 0.999844 0.0167252 0.123795 0.0534666 -0.0163978 0.998435 34.0077
0.998578 0.00773832 -0.0527383 -2.17822 -0.00679139 0.999813 0.0181109 0.131001 0.0528686 -0.017727 0.998444 35.4055
0.998481 0.00889878 -0.0543766 -2.26002 -0.00790039 0.999797 0.0185482 0.144983 0.0545306 -0.0180904 0.998348 36.8054
0.998491 0.0096802 -0.0540465 -2.34718 -0.0086531 0.999778 0.0192057 0.15764 0.0542205 -0.0187091 0.998354 38.1986
0.998565 0.0102745 -0.0525581 -2.43213 -0.0092254 0.999754 0.0201645 0.17652 0.0527524 -0.0196507 0.998414 39.5892
0.998483 0.010588 -0.0540382 -2.52109 -0.00946996 0.999737 0.0209041 0.19445 0.0542453 -0.0203606 0.99832 40.9847
0.998565 0.0104777 -0.0525208 -2.60445 -0.00936329 0.999727 0.0214196 0.211108 0.0527309 -0.0208971 0.99839 42.3629
0.998489 0.011274 -0.0537804 -2.68855 -0.0101143 0.999711 0.0217884 0.218981 0.0540106 -0.0212115 0.998315 43.7514
0.998537 0.0115328 -0.0528324 -2.77308 -0.0103556 0.999693 0.0225015 0.236852 0.0530757 -0.0219215 0.99835 45.1495
0.9984 0.0121775 -0.0552163 -2.85681 -0.0109119 0.999672 0.0231649 0.25374 0.0554803 -0.0225254 0.998206 46.5645
0.998338 0.0129356 -0.0561574 -2.93955 -0.0116418 0.999661 0.0233056 0.271294 0.0564398 -0.0226131 0.99815 47.9818
0.998355 0.0136618 -0.0556814 -3.00988 -0.0123398 0.999635 0.0240159 0.280657 0.0559892 -0.0232893 0.99816 49.3892
0.998253 0.0148682 -0.0571894 -3.08696 -0.0134231 0.999583 0.0255694 0.284108 0.0575457 -0.0247571 0.998036 50.7911
0.998311 0.0148906 -0.0561535 -3.16403 -0.0134135 0.999556 0.0265901 0.305265 0.0565246 -0.025792 0.998068 52.1896
0.998212 0.0152896 -0.057783 -3.25041 -0.013749 0.999542 0.0269671 0.319286 0.0581689 -0.0261244 0.997965 53.6018
0.998217 0.0146616 -0.0578524 -3.3343 -0.013108 0.999546 0.0271435 0.340033 0.0582241 -0.0263368 0.997956 55.0204
0.998322 0.0150672 -0.0559049 -3.4116 -0.0135525 0.999533 0.0273757 0.372422 0.0562913 -0.0265721 0.998061 56.4122
0.998328 0.0149693 -0.0558322 -3.48145 -0.0134432 0.999528 0.0276109 0.405549 0.0562192 -0.0268141 0.998058 57.7941
0.998426 0.0155657 -0.0538731 -3.54738 -0.014096 0.999521 0.027553 0.410813 0.0542762 -0.0267502 0.998168 59.1665
0.998428 0.0156523 -0.0538139 -3.61558 -0.0141908 0.999523 0.0274338 0.413328 0.0542176 -0.026627 0.998174 60.5617
0.998449 0.0155583 -0.0534644 -3.68513 -0.0141351 0.999538 0.0268951 0.422932 0.0538582 -0.0260977 0.998208 61.9709
0.998554 0.0158071 -0.0513753 -3.7621 -0.0144722 0.999551 0.0262532 0.443777 0.0517672 -0.0254718 0.998334 63.363
0.998532 0.0167471 -0.0515069 -3.8459 -0.0154146 0.999539 0.0261579 0.464003 0.0519212 -0.0253256 0.99833 64.7572
0.998608 0.0188311 -0.0492653 -3.92297 -0.0174919 0.99947 0.0274731 0.477775 0.0497565 -0.0265731 0.998408 66.1558
0.998532 0.0220003 -0.0494896 -4.0027 -0.0205815 0.999368 0.0289981 0.497581 0.0500963 -0.0279369 0.998354 67.5696
0.998538 0.0254096 -0.0477137 -4.08234 -0.0239784 0.999252 0.0303338 0.510279 0.0484488 -0.0291454 0.9984 68.9791
0.998428 0.0291939 -0.0478412 -4.16842 -0.0277458 0.999145 0.0306577 0.535878 0.0486953 -0.0292821 0.998384 70.3851
0.998383 0.0315635 -0.0472781 -4.25442 -0.0301177 0.999066 0.0309879 0.560064 0.048212 -0.0295139 0.998401 71.796
0.998416 0.0323431 -0.0460335 -4.33265 -0.0309415 0.999045 0.030842 0.588689 0.0469871 -0.0293688 0.998464 73.203
0.998397 0.0325278 -0.0463165 -4.40886 -0.0311198 0.999041 0.0308018 0.617375 0.047274 -0.0293111 0.998452 74.6016
0.998465 0.0322202 -0.0450433 -4.48168 -0.0308585 0.999055 0.030606 0.643447 0.0459869 -0.0291691 0.998516 75.9868
0.998411 0.0323488 -0.0461412 -4.55283 -0.0309768 0.999066 0.0301451 0.676486 0.0470733 -0.0286679 0.99848 77.3685
0.998395 0.0322432 -0.0465488 -4.62664 -0.0308665 0.999073 0.029998 0.706579 0.0474729 -0.028513 0.998466 78.7543
0.998435 0.0315421 -0.0461887 -4.69222 -0.0301739 0.999094 0.0300273 0.726966 0.0470939 -0.0285866 0.998481 80.1251
0.998397 0.0310525 -0.0473225 -4.76164 -0.0296589 0.999114 0.0298717 0.74739 0.0482082 -0.0284202 0.998433 81.5096
0.998406 0.0314076 -0.0468871 -4.82813 -0.0300102 0.999093 0.0302172 0.772664 0.0477936 -0.028762 0.998443 82.8867
0.998323 0.0311261 -0.048801 -4.90317 -0.0296463 0.999087 0.0307598 0.799147 0.0497139 -0.0292615 0.998335 84.275
0.998306 0.0310615 -0.0491954 -4.97654 -0.0295243 0.999062 0.0316715 0.825741 0.0501331 -0.0301654 0.998287 85.662
0.998351 0.0290976 -0.0494787 -5.04949 -0.0275372 0.999111 0.0319312 0.851589 0.0503638 -0.0305161 0.998265 87.0434
0.998327 0.0281061 -0.0505325 -5.12251 -0.0264961 0.999129 0.0322534 0.878412 0.0513949 -0.0308605 0.998202 88.4297
0.998371 0.0272899 -0.0501061 -5.19076 -0.0256951 0.999151 0.032201 0.908248 0.0509423 -0.0308611 0.998225 89.8093
0.998355 0.0266412 -0.0507678 -5.26598 -0.0250087 0.999158 0.0325236 0.935448 0.0515915 -0.0312005 0.998181 91.1911
0.998418 0.0262079 -0.0497506 -5.34397 -0.0246242 0.999179 0.0321827 0.963782 0.0505532 -0.0309067 0.998243 92.5595
0.998425 0.0257277 -0.0498484 -5.42171 -0.0241498 0.999196 0.0320024 0.989599 0.0506317 -0.0307482 0.998244 93.9229
0.998451 0.0257098 -0.0493473 -5.49513 -0.0241673 0.999209 0.0316034 1.01218 0.0501207 -0.0303618 0.998282 95.2852
0.998522 0.0260063 -0.0477221 -5.57324 -0.0245204 0.999204 0.0314636 1.03664 0.0485023 -0.0302469 0.998365 96.6374
0.998521 0.0258306 -0.0478474 -5.64642 -0.0242857 0.999174 0.0325921 1.05455 0.0486498 -0.0313819 0.998323 97.9873
0.998578 0.025147 -0.0470003 -5.71618 -0.0236054 0.999175 0.0330715 1.07792 0.0477932 -0.031915 0.998347 99.3114
0.998556 0.0245874 -0.0477695 -5.78871 -0.0230169 0.999186 0.0331529 1.10025 0.0485457 -0.0320055 0.998308 100.651
0.99858 0.0245192 -0.0473022 -5.8567 -0.0229875 0.999202 0.032658 1.12738 0.0480653 -0.0315242 0.998347 101.989
0.99868 0.02317 -0.0458403 -5.93419 -0.021702 0.999244 0.0322667 1.14905 0.0465533 -0.0312293 0.998428 103.305
0.998681 0.0219692 -0.0464134 -5.99496 -0.0204291 0.999234 0.0333993 1.17631 0.0471116 -0.0324071 0.998364 104.644
0.998779 0.0208909 -0.04477 -6.05366 -0.0193531 0.999217 0.0345095 1.21453 0.0454559 -0.0336009 0.998401 105.953
0.998752 0.0200746 -0.0457359 -6.11892 -0.0184512 0.999194 0.0356457 1.25097 0.0464146 -0.0347573 0.998318 107.277
0.998777 0.019086 -0.0456157 -6.1876 -0.0174587 0.999206 0.0358093 1.2739 0.046263 -0.0349691 0.998317 108.587
0.998829 0.0198953 -0.0441004 -6.25531 -0.0184076 0.999256 0.0338878 1.29625 0.0447419 -0.0330363 0.998452 109.885
0.998794 0.0217647 -0.0440051 -6.32631 -0.0203166 0.999246 0.0330905 1.31772 0.0446921 -0.0321565 0.998483 111.216
0.998873 0.0233257 -0.0413448 -6.39476 -0.0219692 0.999215 0.0329662 1.33741 0.0420813 -0.0320207 0.998601 112.527
0.998841 0.0243365 -0.0415195 -6.45554 -0.0228732 0.999113 0.0353632 1.36575 0.0423433 -0.0343725 0.998512 113.861
0.998944 0.0245593 -0.0388202 -6.52365 -0.0231062 0.999032 0.0374483 1.40019 0.0397023 -0.0365118 0.998544 115.177
0.998953 0.0243655 -0.0387298 -6.58377 -0.0228561 0.99898 0.0389478 1.43477 0.0396393 -0.0380218 0.998491 116.524
0.999006 0.0246315 -0.0371559 -6.6403 -0.0231946 0.998985 0.0386194 1.47284 0.0380694 -0.0377192 0.998563 117.866
0.9991 0.0250448 -0.0342244 -6.69243 -0.0237232 0.998978 0.0384914 1.49785 0.0351534 -0.0376448 0.998673 119.187
0.999078 0.0265438 -0.0337502 -6.74988 -0.0252492 0.99895 0.0382217 1.52915 0.0347294 -0.0373343 0.998699 120.543
0.999201 0.0254441 -0.0308242 -6.79799 -0.0242611 0.998977 0.0381659 1.55138 0.0317638 -0.0373875 0.998796 121.873
0.999205 0.0243935 -0.031538 -6.85512 -0.023191 0.999011 0.0379502 1.57529 0.0324325 -0.0371886 0.998782 123.209
0.999269 0.0223585 -0.0310096 -6.90054 -0.0211801 0.99906 0.0378225 1.59263 0.0318261 -0.0371381 0.998803 124.524
0.999316 0.021072 -0.0303772 -6.94616 -0.019888 0.999051 0.0387641 1.6113 0.0311652 -0.0381334 0.998787 125.812
0.999329 0.0166222 -0.0326376 -7.00586 -0.0153501 0.999127 0.0388487 1.61497 0.0332549 -0.0383217 0.998712 127.123
0.999385 0.0131051 -0.0325203 -7.07026 -0.0118249 0.99916 0.0392495 1.61492 0.0330074 -0.0388408 0.9987 128.416
0.999365 0.0106075 -0.0340261 -7.1227 -0.00924876 0.999163 0.0398447 1.63038 0.0344203 -0.0395046 0.998626 129.742
0.999388 0.00705037 -0.0342747 -7.17559 -0.00567526 0.999182 0.0400536 1.64422 0.034529 -0.0398345 0.99861 131.072
0.999404 0.00451631 -0.0342327 -7.22392 -0.00314776 0.999198 0.0399271 1.65925 0.0343855 -0.0397955 0.998616 132.391
0.999332 0.00260735 -0.0364562 -7.28453 -0.00113749 0.999188 0.0402816 1.68374 0.0365316 -0.0402132 0.998523 133.72
0.999326 0.000368904 -0.0367002 -7.33916 0.0011178 0.99918 0.0404808 1.71451 0.036685 -0.0404945 0.998506 135.043
0.999244 -0.000955084 -0.0388713 -7.39948 0.00254734 0.999159 0.0409337 1.74601 0.0387995 -0.0410017 0.998406 136.386
0.999234 -0.00195064 -0.0390768 -7.46076 0.0035484 0.999159 0.0408604 1.78051 0.0389642 -0.0409678 0.998401 137.731
0.999156 -0.00189427 -0.0410287 -7.52757 0.00356195 0.999169 0.040612 1.8126 0.0409177 -0.0407238 0.998332 139.089
0.99913 -0.00207223 -0.0416443 -7.59351 0.00372814 0.999204 0.0397252 1.84981 0.0415288 -0.0398459 0.998343 140.444
0.999134 -0.00280151 -0.0415104 -7.65326 0.00440374 0.999247 0.0385574 1.88559 0.0413711 -0.0387068 0.998394 141.789
0.999036 -0.00699031 -0.0433489 -7.71038 0.00865329 0.999229 0.0382946 1.90819 0.0430478 -0.0386328 0.998326 143.148
0.998958 -0.0142097 -0.0433613 -7.76053 0.0159776 0.999044 0.0407 1.93522 0.0427415 -0.0413504 0.99823 144.503
0.998777 -0.0189045 -0.0456853 -7.81693 0.0207935 0.998933 0.0412344 1.95994 0.0448571 -0.0421339 0.998105 145.863
0.998673 -0.0211182 -0.0469792 -7.87171 0.0229815 0.998956 0.0394816 1.99087 0.0460964 -0.0405088 0.998115 147.228
0.998737 -0.0197276 -0.0461975 -7.93354 0.0214634 0.999071 0.0373836 2.01776 0.045417 -0.038328 0.998233 148.596
0.998749 -0.0180268 -0.0466366 -8.00734 0.0196796 0.999186 0.035227 2.0515 0.0459636 -0.0361007 0.998291 149.969
0.998804 -0.0178812 -0.0454972 -8.07732 0.0195115 0.999174 0.0356465 2.07963 0.0448222 -0.0364916 0.998328 151.341
0.99872 -0.0206742 -0.0461624 -8.15248 0.0224343 0.999028 0.037941 2.11222 0.0453331 -0.0389281 0.998213 152.706
0.998646 -0.025156 -0.0455286 -8.20643 0.026997 0.998824 0.0402831 2.15808 0.0444616 -0.0414577 0.998151 154.062
0.998588 -0.0290875 -0.0444446 -8.2652 0.0309358 0.998661 0.0414795 2.22135 0.0431786 -0.0427958 0.99815 155.387
0.998486 -0.028067 -0.0473049 -8.30649 0.0299648 0.998755 0.0398992 2.3064 0.0461261 -0.0412562 0.998083 156.68
0.998616 -0.0208408 -0.048287 -8.37069 0.0227427 0.998974 0.0391777 2.40967 0.0474209 -0.0402217 0.998065 157.934
0.998422 -0.0144822 -0.0542556 -8.46277 0.0166318 0.999086 0.0393804 2.47667 0.0536357 -0.0402206 0.99775 159.184
0.998539 -0.00779872 -0.0534634 -8.55586 0.00988499 0.999196 0.0388697 2.54457 0.0531172 -0.0393414 0.997813 160.473
0.998468 -0.00389213 -0.0551917 -8.6496 0.00606226 0.999213 0.0392073 2.60027 0.0549956 -0.0394818 0.997706 161.767
0.998403 -0.00254834 -0.0564287 -8.73675 0.00478381 0.999208 0.0395164 2.64876 0.0562833 -0.0397232 0.997624 163.066
0.998284 0.00140679 -0.0585414 -8.81734 0.00091801 0.999213 0.0396664 2.70312 0.0585511 -0.039652 0.997497 164.333
0.997977 0.00317535 -0.0635003 -8.9362 -0.000728635 0.999258 0.0385171 2.7513 0.0635754 -0.0383929 0.997238 165.603
0.997803 0.00668571 -0.0659121 -9.05518 -0.00423702 0.999298 0.0372211 2.79016 0.0661147 -0.0368601 0.997131 166.884
0.997645 0.0108144 -0.0677258 -9.18047 -0.00834442 0.999294 0.0366479 2.82481 0.0680742 -0.0359964 0.997031 168.206
0.997609 0.0144603 -0.0675802 -9.29783 -0.0119239 0.999215 0.0377862 2.86688 0.0680735 -0.03689 0.996998 169.558
0.997648 0.0177571 -0.0661988 -9.40405 -0.0151667 0.999108 0.039429 2.91572 0.0668398 -0.0383322 0.997027 170.911
0.997576 0.0190026 -0.0669305 -9.51288 -0.0162559 0.999013 0.0413462 2.9698 0.0676501 -0.040158 0.996901 172.277
0.997632 0.0171096 -0.066609 -9.6207 -0.014272 0.99898 0.0428457 3.02295 0.0672741 -0.0417935 0.996859 173.645
0.997464 0.0171235 -0.0690778 -9.71303 -0.0141683 0.998973 0.0430465 3.08005 0.0697439 -0.0419586 0.996682 175.034
0.997388 0.0166243 -0.0702905 -9.79991 -0.0139213 0.999152 0.0387705 3.13361 0.0708753 -0.0376906 0.996773 176.387
0.997154 0.0186822 -0.0730327 -9.90103 -0.0161162 0.999238 0.035569 3.18873 0.0736415 -0.0342907 0.996695 177.738
0.996888 0.022715 -0.0754891 -9.98521 -0.0203007 0.999263 0.0325976 3.23987 0.0761739 -0.0309636 0.996614 179.074
0.996689 0.0265262 -0.0768567 -10.0806 -0.0239851 0.999141 0.0338008 3.27279 0.0776873 -0.0318454 0.996469 180.384
0.996487 0.0288877 -0.0786014 -10.1644 -0.0260658 0.998987 0.0366941 3.30626 0.0795818 -0.0345164 0.996231 181.734
0.996541 0.0301989 -0.077415 -10.278 -0.0272647 0.99888 0.0386835 3.35209 0.0784965 -0.036439 0.996248 183.101
0.996389 0.0318908 -0.0786908 -10.3796 -0.0288334 0.998796 0.039689 3.40683 0.0798618 -0.0372767 0.996109 184.5
0.996455 0.0307446 -0.0783029 -10.4947 -0.0276532 0.998807 0.0402636 3.45348 0.0794474 -0.0379555 0.996116 185.904
0.996609 0.0281529 -0.077316 -10.6084 -0.0250165 0.998836 0.0412401 3.48997 0.078387 -0.0391661 0.996153 187.281
0.996708 0.0242347 -0.0773679 -10.725 -0.0210447 0.998905 0.0417848 3.51306 0.0782958 -0.040019 0.996127 188.699
0.99692 0.0205425 -0.0756889 -10.8356 -0.0172987 0.998914 0.043266 3.54722 0.0764955 -0.0418234 0.996192 190.097
0.996947 0.0161675 -0.0763833 -10.946 -0.0127452 0.998902 0.0450812 3.58251 0.0770283 -0.04397 0.996059 191.519
0.997117 0.0134762 -0.0746724 -11.0537 -0.0100398 0.998882 0.0462064 3.61704 0.0752116 -0.0453235 0.996137 192.919
0.996969 0.0151838 -0.076295 -11.1716 -0.0119571 0.999022 0.0425721 3.66013 0.0768668 -0.0415308 0.996176 194.335
0.996887 0.0220796 -0.075681 -11.2954 -0.0191973 0.999071 0.0386044 3.71011 0.076463 -0.0370314 0.996385 195.753
0.996806 0.0322309 -0.0730665 -11.4105 -0.0294901 0.998832 0.0382846 3.76386 0.0742151 -0.0360076 0.996592 197.152
0.996467 0.0391155 -0.0743177 -11.5525 -0.0360826 0.998478 0.0417243 3.81598 0.0758366 -0.0388953 0.996361 198.584
0.996515 0.0420556 -0.072032 -11.6703 -0.0389099 0.99825 0.0445331 3.87167 0.0737788 -0.0415751 0.996408 200
0.996392 0.0414651 -0.0740427 -11.777 -0.0381239 0.998215 0.0459843 3.92503 0.0758173 -0.0429956 0.996194 201.423
0.996333 0.0417844 -0.0746522 -11.8577 -0.0384122 0.998201 0.0460517 4.00242 0.0764421 -0.0430153 0.996146 202.868
0.996355 0.0451359 -0.0723743 -11.967 -0.0418737 0.998065 0.0459763 4.10273 0.0743095 -0.0427781 0.996317 204.317
0.995924 0.0512237 -0.074232 -12.0816 -0.0478111 0.997748 0.0470437 4.21614 0.0764746 -0.0433028 0.996131 205.765
0.995803 0.0539196 -0.0739423 -12.2283 -0.0504934 0.997597 0.0474495 4.29046 0.0763231 -0.0435168 0.996133 207.186
0.995417 0.0572719 -0.0765816 -12.3893 -0.0536509 0.99738 0.0485349 4.3561 0.0791606 -0.0442038 0.995881 208.646
0.995471 0.0560558 -0.0767716 -12.5278 -0.0523738 0.997417 0.0491641 4.40605 0.0793292 -0.0449206 0.995836 210.104
0.995601 0.0556971 -0.075335 -12.6427 -0.0521029 0.997446 0.0488633 4.45892 0.0778641 -0.0447231 0.99596 211.558
0.995493 0.0552186 -0.0770971 -12.7602 -0.0515716 0.99749 0.0485215 4.50586 0.0795829 -0.0443268 0.995842 213.035
0.995623 0.0550534 -0.0755202 -12.8567 -0.0514923 0.997504 0.0483188 4.5525 0.0779918 -0.0442186 0.995973 214.505
0.995418 0.0565048 -0.0771371 -12.9682 -0.0529057 0.997449 0.0479333 4.59687 0.0796488 -0.0436326 0.995868 215.99
0.995407 0.0573964 -0.0766071 -13.076 -0.0538665 0.997424 0.0473777 4.64578 0.0791291 -0.0430335 0.995935 217.469
0.995169 0.0589767 -0.0784789 -13.1876 -0.0553873 0.997351 0.0471564 4.69702 0.0810521 -0.0425818 0.9958 218.959
0.995098 0.0598895 -0.0786855 -13.3025 -0.0562889 0.997298 0.0472086 4.75061 0.0813002 -0.042548 0.995781 220.455
0.995104 0.0604533 -0.0781827 -13.4249 -0.0568906 0.997273 0.0470232 4.80423 0.0808122 -0.0423451 0.99583 221.943
0.995066 0.0604137 -0.078693 -13.5531 -0.0568463 0.997285 0.0468133 4.85617 0.0813076 -0.0421089 0.995799 223.44
0.99516 0.0597464 -0.0780106 -13.6797 -0.0562023 0.997319 0.0468653 4.90481 0.0806015 -0.0422541 0.99585 224.929
0.995172 0.0593185 -0.0781894 -13.8018 -0.0557277 0.997324 0.0473365 4.95661 0.080788 -0.0427506 0.995814 226.412
0.995188 0.0592318 -0.0780517 -13.9308 -0.0556164 0.997312 0.0477103 5.00992 0.0806679 -0.0431398 0.995807 227.9
0.995298 0.0590253 -0.076788 -14.0547 -0.0554294 0.997301 0.0481491 5.06081 0.0794228 -0.0436664 0.995884 229.388
0.995186 0.0597278 -0.0776942 -14.1846 -0.0560951 0.997265 0.0481306 5.1108 0.0803565 -0.0435407 0.995815 230.885
0.995261 0.059767 -0.0766929 -14.321 -0.0562052 0.997275 0.0477919 5.16467 0.0793403 -0.0432549 0.995909 232.383
0.995185 0.0601758 -0.0773659 -14.4541 -0.0565824 0.997252 0.0478305 5.21969 0.0800316 -0.0432227 0.995855 233.89
0.995293 0.059257 -0.0766712 -14.5841 -0.0556489 0.997278 0.0483715 5.27403 0.0793288 -0.0438772 0.995882 235.394
0.995447 0.058866 -0.0749641 -14.7097 -0.0553319 0.997295 0.0483822 5.33167 0.0776094 -0.044014 0.996012 236.895
0.995374 0.0595381 -0.0753972 -14.8391 -0.0560464 0.997293 0.0476117 5.38834 0.0780277 -0.0431657 0.996016 238.406
0.995474 0.059839 -0.073825 -14.9625 -0.0564804 0.997308 0.0467751 5.44496 0.0764252 -0.0423937 0.996174 239.919
0.995414 0.0602658 -0.0742802 -15.0939 -0.0568866 0.997283 0.0468007 5.50217 0.0768989 -0.0423605 0.996139 241.434
0.995444 0.0602311 -0.0739076 -15.22 -0.0568446 0.997272 0.0471017 5.56524 0.0765429 -0.0426859 0.996152 242.957
0.995517 0.0603591 -0.0728105 -15.3425 -0.0570228 0.997263 0.0470651 5.62558 0.075452 -0.0427023 0.996235 244.473
0.995444 0.0602959 -0.0738577 -15.4688 -0.0569242 0.997275 0.0469379 5.68334 0.0764866 -0.0425198 0.996164 246.001
0.995547 0.0599897 -0.0727138 -15.5895 -0.0566286 0.997268 0.0474389 5.74247 0.075361 -0.04311 0.996224 247.534
0.995477 0.0603887 -0.0733291 -15.7121 -0.0569829 0.997236 0.047683 5.7982 0.0760059 -0.0432888 0.996167 249.089
0.995581 0.0599827 -0.0722523 -15.8206 -0.0565781 0.99723 0.0482835 5.85883 0.0749484 -0.0439822 0.996217 250.639
0.99552 0.0594524 -0.0735086 -15.9327 -0.0559728 0.997253 0.0485253 5.91741 0.0761916 -0.0441935 0.996113 252.195
0.995633 0.0581732 -0.0730053 -16.0288 -0.0546324 0.997274 0.0495967 5.97786 0.0756915 -0.0453917 0.996098 253.754
0.995751 0.0565617 -0.0726682 -16.121 -0.0529401 0.997303 0.0508347 6.03989 0.0753475 -0.0467717 0.99606 255.308
0.995582 0.0567701 -0.0747877 -16.2195 -0.0530359 0.997289 0.0510063 6.09709 0.0774806 -0.0468145 0.995894 256.863
0.99555 0.0572912 -0.0748111 -16.3235 -0.0535641 0.997266 0.0509129 6.16032 0.0775235 -0.0466791 0.995897 258.407
0.995508 0.0568987 -0.0756672 -16.4297 -0.0530386 0.997234 0.0520839 6.23012 0.0784214 -0.0478366 0.995772 259.957
0.995513 0.0566103 -0.0758173 -16.5437 -0.0527242 0.997238 0.0523143 6.30613 0.0785694 -0.0480821 0.995748 261.511
0.995607 0.0558333 -0.0751609 -16.6598 -0.0519739 0.997275 0.0523629 6.37346 0.0778797 -0.0482264 0.995796 263.054
0.995585 0.0558454 -0.0754341 -16.7814 -0.051998 0.99729 0.0520418 6.43752 0.078136 -0.0478897 0.995792 264.607
0.995639 0.0571039 -0.0737596 -16.9076 -0.0533245 0.99721 0.0522331 6.50138 0.0765365 -0.0480722 0.995907 266.153
0.995526 0.0582516 -0.0743913 -17.0292 -0.0544525 0.997155 0.0521177 6.56901 0.0772156 -0.0478337 0.995866 267.688
0.995578 0.0596415 -0.0725709 -17.1525 -0.0559665 0.997095 0.0516638 6.62588 0.0754414 -0.0473738 0.996024 269.194
0.995781 0.0612283 -0.0683454 -17.2742 -0.0577151 0.996965 0.0522477 6.67429 0.0713371 -0.0480827 0.996293 270.689
0.995801 0.061892 -0.0674483 -17.3939 -0.0584317 0.99693 0.0521245 6.73341 0.0704673 -0.0479645 0.99636 272.181
0.995989 0.0631621 -0.0633768 -17.5021 -0.059863 0.996816 0.0526723 6.77934 0.0665019 -0.0486671 0.996599 273.655
0.996018 0.0629262 -0.0631439 -17.6093 -0.0596416 0.996832 0.0526221 6.85052 0.0662552 -0.0486465 0.996616 275.162
0.996164 0.062976 -0.0607491 -17.7151 -0.0598009 0.996816 0.0527421 6.9221 0.0638772 -0.0489069 0.996759 276.648
0.996339 0.062595 -0.0582278 -17.805 -0.0595075 0.996803 0.0533295 6.98892 0.0613798 -0.0496693 0.996878 278.138
0.996246 0.0626999 -0.0596787 -17.9212 -0.0595303 0.996793 0.0534865 7.05582 0.0628409 -0.049733 0.996784 279.648
0.996422 0.0623831 -0.0570081 -18.013 -0.0594134 0.996858 0.0523852 7.13433 0.0600969 -0.0488108 0.996999 281.176
0.996264 0.0627182 -0.0593668 -18.1087 -0.059681 0.996882 0.0516217 7.19284 0.0624193 -0.0478857 0.996901 282.711
0.996285 0.0624005 -0.0593381 -18.1982 -0.0593384 0.996881 0.0520384 7.26433 0.0624003 -0.0483241 0.996881 284.223
0.996427 0.0616635 -0.057708 -18.2964 -0.058692 0.996929 0.0518463 7.33741 0.0607277 -0.048274 0.996987 285.75
0.996236 0.0620686 -0.0605047 -18.3989 -0.0589775 0.996925 0.0516045 7.40296 0.0635217 -0.0478418 0.996833 287.289
0.996379 0.0620907 -0.0580722 -18.4922 -0.0591301 0.996927 0.0513835 7.47327 0.0610842 -0.0477636 0.996989 288.816
0.996208 0.0623952 -0.0606291 -18.5837 -0.0592405 0.996862 0.0525089 7.55022 0.0637152 -0.0487181 0.996778 290.375
0.996147 0.0623899 -0.0616311 -18.6971 -0.0591173 0.996813 0.0535702 7.63439 0.0647769 -0.0497203 0.996661 291.927
0.996216 0.0626741 -0.0602038 -18.784 -0.0594587 0.99678 0.0537956 7.68126 0.0633815 -0.0500124 0.996736 293.461
0.996015 0.0641841 -0.061917 -18.8863 -0.0607904 0.996622 0.055221 7.73755 0.0652521 -0.051237 0.996553 295.014
0.996136 0.0643841 -0.059727 -18.9849 -0.0610911 0.996593 0.0554153 7.80156 0.0630914 -0.0515524 0.996676 296.553
0.996051 0.0657562 -0.0596401 -19.0924 -0.0624887 0.996524 0.0550917 7.85577 0.0630555 -0.0511473 0.996699 298.112
0.996084 0.0658686 -0.0589707 -19.1877 -0.0626415 0.99652 0.0549972 7.90456 0.0623881 -0.0510878 0.996744 299.674
0.996267 0.0642538 -0.0576512 -19.2711 -0.0611804 0.996688 0.0535799 7.95708 0.060903 -0.0498527 0.996898 301.231
0.996276 0.0637042 -0.0580961 -19.3547 -0.0606665 0.99677 0.0526344 8.01008 0.0612615 -0.0489139 0.996923 302.793
0.996331 0.0636841 -0.0571728 -19.4514 -0.0607042 0.996778 0.0524284 8.06798 0.0603274 -0.0487654 0.996987 304.36
0.996115 0.0646385 -0.0598065 -19.5552 -0.0615106 0.996712 0.0527437 8.12817 0.0630191 -0.0488601 0.996816 305.937
0.995959 0.0652459 -0.0617035 -19.6628 -0.0619853 0.99665 0.0533611 8.20151 0.0649784 -0.0493208 0.996667 307.522
0.996 0.0658925 -0.0603392 -19.773 -0.0625976 0.996525 0.0549598 8.28184 0.0637509 -0.0509629 0.996664 309.12
0.995962 0.0654382 -0.0614565 -19.8718 -0.0619666 0.996461 0.0567931 8.37013 0.0649555 -0.0527556 0.996493 310.738
0.996062 0.0651006 -0.0601764 -19.9797 -0.0616651 0.996452 0.0572875 8.45174 0.0636923 -0.0533511 0.996543 312.358
0.996089 0.0643624 -0.0605267 -20.0859 -0.0608548 0.996454 0.0581134 8.51815 0.0640524 -0.0542028 0.996474 313.993
0.996206 0.0640426 -0.0589189 -20.1856 -0.0605876 0.996437 0.0586699 8.59227 0.0624663 -0.0548775 0.996537 315.618
0.996189 0.0637893 -0.0594775 -20.2889 -0.0602582 0.996415 0.059385 8.67356 0.0630524 -0.0555747 0.996462 317.254
0.996259 0.0636298 -0.0584619 -20.3884 -0.0601365 0.996404 0.0596885 8.7577 0.0620496 -0.0559496 0.996504 318.89
0.996352 0.0642366 -0.0561746 -20.4907 -0.0608599 0.996348 0.0598888 8.84277 0.0598165 -0.0562516 0.996623 320.511
0.996306 0.0646381 -0.0565224 -20.5895 -0.0612154 0.9963 0.060324 8.92663 0.0602125 -0.0566412 0.996577 322.139
0.996442 0.0648164 -0.0538714 -20.6859 -0.0614395 0.996175 0.0621406 9.0104 0.0576931 -0.0586096 0.996613 323.758
0.996432 0.0646794 -0.0542098 -20.7796 -0.0612446 0.996146 0.0627934 9.10282 0.0580623 -0.0592493 0.996553 325.389
0.996402 0.0649768 -0.0544003 -20.8695 -0.0614966 0.996093 0.0633755 9.19928 0.0583057 -0.059802 0.996506 327.005
0.996436 0.0656767 -0.0529238 -20.9659 -0.0622415 0.995999 0.0641346 9.2889 0.0569242 -0.060612 0.996537 328.615
0.996287 0.0668647 -0.0542228 -21.0607 -0.0633452 0.995923 0.0642192 9.37232 0.0582958 -0.060546 0.996462 330.235
0.996241 0.0685044 -0.0530112 -21.1582 -0.0650106 0.995763 0.0650406 9.44569 0.0572421 -0.0613498 0.996474 331.846
0.996108 0.0691701 -0.0546167 -21.2567 -0.0655007 0.995645 0.0663381 9.53423 0.0589675 -0.0625025 0.996301 333.463
0.996048 0.0696279 -0.0551365 -21.3558 -0.0657705 0.995451 0.0689312 9.62329 0.0596852 -0.0650324 0.996097 335.075
0.996049 0.0701106 -0.0545008 -21.4516 -0.0661633 0.99527 0.0711394 9.71544 0.0592307 -0.0672523 0.995976 336.666
0.995916 0.0702384 -0.0567064 -21.5477 -0.0660532 0.995173 0.0725834 9.81313 0.0615308 -0.0685414 0.995749 338.277
0.995918 0.0701747 -0.0567598 -21.6451 -0.0659385 0.995124 0.073348 9.90675 0.0616302 -0.0693059 0.99569 339.877
0.995819 0.0695455 -0.0592234 -21.7415 -0.0650762 0.995109 0.0743158 10.0081 0.0641021 -0.070151 0.995475 341.48
0.995806 0.0689627 -0.0601167 -21.8308 -0.064386 0.995102 0.075005 10.112 0.0649948 -0.0708197 0.995369 343.086
0.995921 0.0679419 -0.0593663 -21.9343 -0.0633551 0.995093 0.0759994 10.2092 0.0642386 -0.0719283 0.995339 344.66
0.995929 0.0672918 -0.0599686 -22.0414 -0.0626113 0.99508 0.076779 10.3077 0.0648401 -0.0727117 0.995243 346.263
0.995991 0.0674405 -0.0587516 -22.14 -0.0628125 0.995024 0.077346 10.4142 0.0636755 -0.0733456 0.995272 347.844
0.995989 0.0672762 -0.0589842 -22.2408 -0.0625928 0.994991 0.077944 10.5258 0.0639325 -0.0739393 0.995211 349.446
0.996041 0.0669843 -0.058421 -22.3407 -0.0623275 0.994989 0.0781867 10.6368 0.0633654 -0.074236 0.995226 351.043
0.996127 0.0670308 -0.0568944 -22.4396 -0.0624524 0.994936 0.0787569 10.7462 0.0618853 -0.0748987 0.995269 352.62
0.996129 0.066654 -0.0572897 -22.5394 -0.0619987 0.994904 0.0795188 10.8538 0.062298 -0.0756591 0.995186 354.222
0.996232 0.0662836 -0.05591 -22.6337 -0.0616949 0.994872 0.0801504 10.9622 0.0609359 -0.076399 0.995214 355.798
0.996194 0.0660501 -0.0568666 -22.7314 -0.06133 0.994818 0.0810891 11.0734 0.0619279 -0.0772928 0.995083 357.394
0.996294 0.0648779 -0.0564571 -22.8273 -0.0601378 0.99482 0.0819535 11.1855 0.0614816 -0.0782545 0.995036 358.987
0.996419 0.0641882 -0.0550207 -22.9177 -0.0594936 0.994765 0.0830892 11.2933 0.0600659 -0.0795183 0.995022 360.565
0.996451 0.0633245 -0.0554487 -23.0117 -0.0585578 0.994766 0.0837362 11.4046 0.060461 -0.0801921 0.994944 362.168
0.996476 0.0645781 -0.0535081 -23.102 -0.0599344 0.99464 0.0842612 11.5172 0.0586627 -0.0807573 0.995006 363.751
0.996333 0.0658876 -0.0545627 -23.1977 -0.0610816 0.994464 0.0855019 11.6388 0.0598941 -0.0818557 0.994843 365.346
0.996417 0.0665723 -0.0521468 -23.292 -0.0618947 0.994311 0.0866896 11.756 0.0576212 -0.0831514 0.99487 366.933
0.996328 0.0673834 -0.0528141 -23.3838 -0.0626116 0.994211 0.0873179 11.863 0.0583921 -0.0836905 0.99478 368.539
0.996336 0.0676481 -0.0523241 -23.4759 -0.0628598 0.994109 0.0882979 11.9806 0.057989 -0.0846853 0.994719 370.138
0.996436 0.0678357 -0.050116 -23.5691 -0.0632082 0.994045 0.0887683 12.1039 0.0558392 -0.0852842 0.994791 371.73
0.99637 0.0679621 -0.0512402 -23.6576 -0.0631792 0.993954 0.089799 12.2452 0.0570333 -0.0862358 0.994641 373.34
0.996445 0.0684516 -0.0490954 -23.7534 -0.0638412 0.993892 0.0900142 12.3682 0.0549571 -0.08656 0.99473 374.934
0.996404 0.0688807 -0.0493252 -23.8436 -0.0642234 0.993826 0.0904783 12.5041 0.0552528 -0.0869851 0.994676 376.56
0.996334 0.0700176 -0.049147 -23.9358 -0.0653708 0.993747 0.090518 12.6301 0.0551775 -0.0869734 0.994681 378.185
0.996359 0.0709453 -0.0472535 -24.0279 -0.0664755 0.993698 0.0902515 12.7489 0.0533586 -0.0867818 0.994797 379.794
0.996275 0.0714035 -0.0483404 -24.1201 -0.0668143 0.993636 0.0906841 12.873 0.0545079 -0.0871165 0.994706 381.416
0.996355 0.071903 -0.0458698 -24.2093 -0.0674951 0.993532 0.0913191 12.9979 0.0521392 -0.0878903 0.994765 383.025
0.996293 0.072253 -0.0466664 -24.3018 -0.0677398 0.993456 0.0919603 13.1291 0.0530054 -0.0884582 0.994669 384.661
0.996269 0.0728946 -0.0461822 -24.3891 -0.0684101 0.993388 0.0921953 13.275 0.0525973 -0.088692 0.994669 386.294
0.996339 0.0730058 -0.0444711 -24.4735 -0.068625 0.993286 0.0931358 13.3932 0.0509719 -0.089743 0.99466 387.914
=======
1 -0.000184004 -5.62991e-05 -0.00585968 0.000184054 1 0.000896698 -0.0135234 5.61341e-05 -0.000896708 1 1.31145
0.999999 -0.00116923 0.00061227 -0.0215193 0.00116836 0.999998 0.00140816 -0.034937 -0.000613915 -0.00140744 0.999999 2.63119
0.999997 -0.00222074 -0.000210031 -0.0250214 0.00222095 0.999997 0.00100335 -0.0607326 0.000207802 -0.00100381 0.999999 3.97226
0.999997 -0.00201093 0.00105936 -0.0281164 0.00200959 0.999997 0.00126449 -0.0723942 -0.0010619 -0.00126236 0.999999 5.27851
0.999998 -0.00209305 -0.000101278 -0.0347536 0.00209329 0.999995 0.00246761 -0.0714759 9.61124e-05 -0.00246781 0.999997 6.62652
0.999994 -0.00336861 3.86636e-05 -0.0366725 0.00336846 0.999989 0.00338476 -0.0991261 -5.00653e-05 -0.00338461 0.999994 7.95627
0.999995 -0.00302241 0.000908194 -0.0480528 0.00301941 0.99999 0.0032869 -0.0910335 -0.000918119 -0.00328414 0.999994 9.2838
0.999996 -0.00267319 -0.000169637 -0.0548173 0.00267359 0.999993 0.00244716 -0.102644 0.000163094 -0.0024476 0.999997 10.6185
1 0.000228901 0.000667627 -0.0613672 -0.000229669 0.999999 0.00115097 -0.0950473 -0.000667363 -0.00115112 0.999999 11.9438
0.999997 0.00260957 0.00015924 -0.0761493 -0.00260955 0.999997 -0.000168208 -0.121604 -0.000159679 0.000167793 1 13.2954
0.999991 0.00425287 0.000335634 -0.0859141 -0.00425277 0.999991 -0.000296061 -0.132156 -0.000336891 0.000294632 1 14.6362
0.999989 0.00431375 0.00166263 -0.0947902 -0.00431431 0.999991 0.000333345 -0.121774 -0.00166118 -0.000340514 0.999999 15.9602
0.999994 0.00279237 0.0018907 -0.0869355 -0.00279808 0.999992 0.00302338 -0.126701 -0.00188224 -0.00302866 0.999994 17.3184
0.999992 -0.00126106 0.00388328 -0.0800028 0.0012395 0.999984 0.0055489 -0.119245 -0.00389021 -0.00554404 0.999977 18.6615
0.999989 -0.00356472 0.00313507 -0.0686129 0.00355311 0.999987 0.00370065 -0.146541 -0.00314822 -0.00368947 0.999988 20.0069
0.999981 -0.00424167 0.0045764 -0.0584875 0.00423604 0.99999 0.00123996 -0.136189 -0.00458162 -0.00122054 0.999989 21.3323
0.999987 -0.00214783 0.00458659 -0.0440769 0.00214814 0.999998 -6.4651e-05 -0.122279 -0.00458644 7.45043e-05 0.99999 22.6369
0.999982 -0.000170586 0.00603109 -0.0392203 0.000167362 1 0.000534882 -0.114222 -0.00603119 -0.000533861 0.999982 23.9375
0.999958 0.000283906 0.00915048 -0.0378415 -0.000333658 0.999985 0.00543596 -0.130469 -0.0091488 -0.00543879 0.999943 25.2851
0.999966 -0.0017516 0.00808305 -0.0192664 0.00170181 0.999979 0.00616152 -0.162816 -0.00809368 -0.00614755 0.999948 26.6191
0.999949 -0.00418555 0.00916668 -0.0128181 0.00413127 0.999974 0.005932 -0.203297 -0.00919127 -0.00589382 0.999941 27.9607
0.99996 -0.0042218 0.00786867 -0.00184863 0.00418825 0.999982 0.00427503 -0.250504 -0.00788658 -0.0042419 0.99996 29.34
0.999945 -0.00373993 0.00983365 0.00612748 0.00369974 0.999985 0.00410195 -0.278902 -0.00984884 -0.00406534 0.999943 30.6995
0.999954 -0.00216626 0.00933167 0.00312547 0.00213613 0.999992 0.00323673 -0.292046 -0.00933861 -0.00321665 0.999951 32.0939
0.99995 -0.00280991 0.00964324 0.021468 0.0027811 0.999991 0.00299996 -0.306861 -0.00965159 -0.00297299 0.999949 33.4939
0.99995 -0.00314318 0.00944347 0.0416339 0.00311513 0.999991 0.00298347 -0.325516 -0.00945276 -0.0029539 0.999951 34.8973
0.999968 -0.00322027 0.00737087 0.0475929 0.00318801 0.999985 0.00438454 -0.327218 -0.00738489 -0.0043609 0.999963 36.2939
0.999963 -0.0021185 0.00839239 0.0496629 0.00206816 0.99998 0.00600255 -0.340265 -0.00840494 -0.00598497 0.999947 37.6775
0.999971 0.000401956 0.0076113 0.0562067 -0.000448131 0.999981 0.00606576 -0.345566 -0.00760872 -0.006069 0.999953 39.0862
0.999961 0.00235842 0.00845848 0.0451735 -0.0024121 0.999977 0.00634264 -0.355427 -0.00844333 -0.0063628 0.999944 40.4763
0.99995 0.00354916 0.00935718 0.0480745 -0.00361205 0.999971 0.00671283 -0.360502 -0.00933309 -0.00674629 0.999934 41.8773
0.999961 0.00343735 0.00808058 0.0476859 -0.00349833 0.999965 0.00754549 -0.367108 -0.00805437 -0.00757347 0.999939 43.2963
0.999947 0.00339646 0.00971185 0.0559109 -0.0034668 0.999968 0.00723599 -0.371433 -0.00968697 -0.00726927 0.999927 44.7124
0.999966 0.00251681 0.00787123 0.0563826 -0.00255563 0.999984 0.00492572 -0.400171 -0.00785872 -0.00494566 0.999957 46.1229
0.999959 0.00268288 0.00862265 0.0659433 -0.00273318 0.999979 0.00582775 -0.404582 -0.00860684 -0.00585108 0.999946 47.5276
0.999975 0.00303719 0.00645796 0.0644103 -0.00307805 0.999975 0.00632569 -0.414575 -0.0064386 -0.00634541 0.999959 48.9552
0.999982 0.00298391 0.00521355 0.0570917 -0.00302247 0.999968 0.00740483 -0.413413 -0.00519129 -0.00742046 0.999959 50.3715
0.999977 0.0034763 0.00582872 0.0724862 -0.00351976 0.999966 0.00746224 -0.4278 -0.00580259 -0.00748258 0.999955 51.7725
0.999986 0.00408207 0.00350392 0.0707941 -0.00411315 0.999952 0.0089086 -0.432924 -0.00346739 -0.00892288 0.999954 53.2048
0.999989 0.00242719 0.00401766 0.0728772 -0.0024662 0.99995 0.00973306 -0.430606 -0.00399384 -0.00974286 0.999945 54.6301
0.999995 0.00270972 0.00185031 0.0767263 -0.00272986 0.999936 0.0109701 -0.428879 -0.00182047 -0.0109751 0.999938 56.0597
0.999999 0.000421807 0.00140815 0.0691109 -0.000437665 0.999936 0.0112792 -0.427181 -0.0014033 -0.0112798 0.999936 57.4888
0.999997 -0.000342068 0.00258497 0.0723134 0.000312085 0.999933 0.01159 -0.431283 -0.00258876 -0.0115891 0.99993 58.9122
0.999998 -0.00028577 0.00167834 0.0735789 0.000265848 0.99993 0.0118577 -0.428331 -0.00168162 -0.0118572 0.999928 60.3411
0.999983 0.00087412 0.00566491 0.0931108 -0.000947035 0.999916 0.0128812 -0.457839 -0.00565318 -0.0128864 0.999901 61.683
0.999988 0.00101078 0.00470228 0.0964293 -0.00106999 0.99992 0.0126053 -0.451842 -0.00468917 -0.0126102 0.99991 63.1108
0.999988 -0.000491655 0.00485351 0.100484 0.000431927 0.999924 0.0122992 -0.442443 -0.00485919 -0.012297 0.999913 64.538
0.999977 -0.000183388 0.00676807 0.10002 0.000103019 0.999929 0.0118731 -0.447187 -0.00676978 -0.0118721 0.999907 65.9434
0.999977 0.000401498 0.00682531 0.091433 -0.000484071 0.999927 0.0121005 -0.453167 -0.00681995 -0.0121035 0.999904 67.3537
0.999956 0.00351752 0.00865187 0.0981187 -0.00363717 0.999897 0.0138522 -0.457695 -0.00860226 -0.0138831 0.999867 68.7647
0.999942 0.00731538 0.00790325 0.102312 -0.00744179 0.999843 0.016085 -0.459754 -0.00778435 -0.0161428 0.99984 70.1697
0.999885 0.0121798 0.00906233 0.100444 -0.0123334 0.999778 0.0170806 -0.477206 -0.00885229 -0.0171904 0.999813 71.5775
0.999837 0.0155647 0.00911646 0.0853481 -0.0157127 0.999742 0.0163972 -0.472513 -0.0088589 -0.0165377 0.999824 72.9889
0.999778 0.0186562 0.00975421 0.0840964 -0.0188142 0.999689 0.0163689 -0.464653 -0.0094458 -0.0165488 0.999819 74.3893
0.999759 0.0188877 0.0111731 0.087764 -0.0190701 0.999683 0.0164562 -0.463637 -0.0108587 -0.0166653 0.999802 75.7733
0.999767 0.0187641 0.0107165 0.094782 -0.0189477 0.999671 0.0172959 -0.463268 -0.0103884 -0.0174949 0.999793 77.1759
0.99979 0.016803 0.0117019 0.107344 -0.0169907 0.999726 0.0161242 -0.46526 -0.0114278 -0.0163196 0.999802 78.537
0.999808 0.0164222 0.0106919 0.118054 -0.0165914 0.999735 0.0159386 -0.457519 -0.0104274 -0.0161129 0.999816 79.9339
0.999827 0.0154499 0.0104035 0.126618 -0.0156081 0.999761 0.0153092 -0.453826 -0.0101645 -0.015469 0.999829 81.3122
0.999854 0.0133473 0.0107165 0.14513 -0.0135028 0.999803 0.0145712 -0.470814 -0.0105199 -0.0147137 0.999837 82.6465
0.99986 0.0127478 0.0108828 0.157301 -0.0128931 0.999827 0.0133857 -0.463133 -0.0107103 -0.0135242 0.999851 84.0418
0.999857 0.013121 0.0106792 0.159603 -0.0132667 0.999818 0.0136867 -0.453734 -0.0104977 -0.0138264 0.99985 85.3889
0.999903 0.0108706 0.00872272 0.159618 -0.0109828 0.999856 0.0129196 -0.449852 -0.00858103 -0.0130141 0.999879 86.8056
0.99991 0.010926 0.00777919 0.16247 -0.0110344 0.999841 0.01403 -0.443785 -0.00762466 -0.0141146 0.999872 88.1747
0.999946 0.0067655 0.00787731 0.17027 -0.00687352 0.999882 0.0137668 -0.446549 -0.00778324 -0.0138202 0.999874 89.5616
0.999962 0.00600921 0.00638466 0.178624 -0.00609496 0.99989 0.0134964 -0.443245 -0.00630286 -0.0135348 0.999889 90.9672
0.999972 0.00411184 0.00629921 0.188685 -0.00419551 0.999902 0.0133269 -0.4323 -0.00624381 -0.0133529 0.999892 92.3418
0.99997 0.00383366 0.00665798 0.192785 -0.00392556 0.999896 0.0138457 -0.423886 -0.00660422 -0.0138714 0.999882 93.718
0.999966 0.00448584 0.00695994 0.191269 -0.00458037 0.999897 0.0136241 -0.418143 -0.00689812 -0.0136555 0.999883 95.0645
0.999968 0.00494583 0.00628702 0.189299 -0.00503022 0.999897 0.013478 -0.423274 -0.00621972 -0.0135092 0.99989 96.4247
0.999979 0.00319488 0.00564016 0.19272 -0.00326844 0.999909 0.013081 -0.435304 -0.00559787 -0.0130991 0.999899 97.7903
0.999971 0.00436494 0.00621924 0.18983 -0.00444767 0.999901 0.0133511 -0.426944 -0.00616036 -0.0133783 0.999892 99.124
0.999972 0.00448084 0.00592993 0.190639 -0.00456696 0.999883 0.0145895 -0.430618 -0.00586387 -0.0146162 0.999876 100.484
