1 0 0 0 0 1 0 0 0 0 1 0
0.999334 -0.00144476 -0.0364634 -0.0304406 0.00140937 0.999999 -0.000996247 0.0072912 0.0364648 0.000944193 0.999335 0.678171
0.998147 -0.00292412 -0.060786 -0.0841616 0.00275153 0.999992 -0.00292275 0.0109023 0.0607941 0.00275008 0.998147 1.43063
0.998102 -0.00494144 -0.0613853 -0.1421 0.00467992 0.999979 -0.00440335 0.0126834 0.0614057 0.00410772 0.998104 2.25342
0.997132 -0.0057709 -0.075458 -0.217058 0.00535123 0.999969 -0.00576272 0.0139993 0.0754889 0.0053424 0.997132 3.14194
0.997845 -0.00620657 -0.0653134 -0.286824 0.00588842 0.99997 -0.00506252 0.0173635 0.0653428 0.00466702 0.997852 4.09788
0.99763 -0.00787301 -0.0683596 -0.362087 0.00756864 0.99996 -0.00471043 0.0166008 0.068394 0.00418187 0.99765 5.11015
0.997333 -0.00854353 -0.0724833 -0.444197 0.00819144 0.999953 -0.00515333 0.017793 0.0725239 0.00454585 0.997356 6.17106
0.997621 -0.00914047 -0.0683265 -0.52207 0.00869558 0.999939 -0.0068058 0.0129264 0.0683846 0.00619547 0.99764 7.28563
0.997676 -0.00746543 -0.067723 -0.600118 0.00686632 0.999935 -0.00907491 0.00787333 0.0677864 0.00858881 0.997663 8.44343
0.997647 -0.00548806 -0.0683409 -0.681479 0.00473895 0.999927 -0.0111187 -0.00618306 0.0683969 0.0107686 0.9976 9.6418
0.99766 -0.00402613 -0.0682453 -0.76219 0.00321037 0.999922 -0.0120589 -0.0216112 0.0682885 0.0118116 0.997596 10.8765
0.997729 -0.0040654 -0.0672279 -0.844247 0.00329276 0.999927 -0.0115998 -0.0330799 0.0672702 0.0113521 0.99767 12.129
0.9977 -0.00590669 -0.0675297 -0.921919 0.00525053 0.999937 -0.00988999 -0.0448232 0.0675839 0.00951267 0.997668 13.4046
0.997751 -0.00966719 -0.066328 -0.99679 0.00912684 0.999923 -0.00844485 -0.0498034 0.0664045 0.00782049 0.997762 14.6925
0.997661 -0.0112972 -0.0674161 -1.07247 0.0105941 0.999886 -0.0107782 -0.0642704 0.0675301 0.0100388 0.997667 15.995
0.997766 -0.0123292 -0.0656538 -1.14703 0.0114654 0.999843 -0.0135178 -0.0662765 0.0658101 0.0127349 0.997751 17.2921
0.997777 -0.0105073 -0.0658068 -1.2224 0.00954959 0.999844 -0.0148514 -0.0538076 0.0659525 0.01419 0.997722 18.5947
0.997849 -0.00755844 -0.0651195 -1.30816 0.00656812 0.99986 -0.0154084 -0.0391684 0.0652268 0.0149475 0.997759 19.9112
0.997988 -0.00494229 -0.063199 -1.40253 0.00428283 0.999935 -0.0105658 -0.0191698 0.0632471 0.0102739 0.997945 21.2299
0.997938 -0.00374368 -0.0640734 -1.48558 0.00312237 0.999947 -0.00979434 -0.0229275 0.0641067 0.00957409 0.997897 22.556
0.998012 -0.00440076 -0.062869 -1.56625 0.00382682 0.99995 -0.00924675 -0.0308315 0.0629065 0.00898778 0.997979 23.8898
0.997955 -0.00383578 -0.0638029 -1.65332 0.00313758 0.999934 -0.0110397 -0.043502 0.063841 0.0108169 0.997902 25.2503
0.998076 -0.00308461 -0.0619144 -1.7447 0.00241668 0.999938 -0.0108599 -0.0703875 0.061944 0.0106893 0.998022 26.6218
0.998033 -0.00074132 -0.0626731 -1.84314 -3.18253e-05 0.999924 -0.0123343 -0.0955055 0.0626775 0.012312 0.997958 28.0181
0.998077 -5.27838e-05 -0.0619821 -1.93249 -0.000721522 0.999922 -0.01247 -0.127753 0.0619779 0.0124907 0.997999 29.4142
0.998109 0.000158513 -0.0614708 -2.01796 -0.000897373 0.999927 -0.0119923 -0.165292 0.0614645 0.0120248 0.998037 30.8113
0.998017 0.000296227 -0.0629408 -2.10862 -0.000911744 0.999952 -0.00975085 -0.201863 0.0629348 0.0097889 0.99797 32.2138
0.998046 0.000636062 -0.0624831 -2.19841 -0.00110997 0.999971 -0.0075502 -0.229476 0.0624765 0.0076048 0.998018 33.6121
0.998009 0.00264939 -0.0630094 -2.28931 -0.00313798 0.999966 -0.00765657 -0.252602 0.0629869 0.00783905 0.997984 35.0114
0.998037 0.00474409 -0.0624409 -2.38407 -0.00518886 0.999962 -0.00696278 -0.275818 0.0624055 0.00727311 0.998025 36.4063
0.998087 0.00503684 -0.0616217 -2.47893 -0.005531 0.999954 -0.00785128 -0.295221 0.0615793 0.00817709 0.998069 37.7974
0.998058 0.0045325 -0.0621218 -2.57822 -0.00495931 0.999965 -0.00671811 -0.313062 0.0620892 0.00701315 0.998046 39.1866
0.998233 0.00250962 -0.059369 -2.6752 -0.00287477 0.999977 -0.00606594 -0.331821 0.0593524 0.00622589 0.998218 40.5635
0.998166 0.00166503 -0.0605102 -2.77369 -0.00215618 0.999965 -0.00805256 -0.363259 0.0604947 0.00816826 0.998135 41.9436
0.998187 0.000443328 -0.060176 -2.87321 -0.000961059 0.999963 -0.00857499 -0.390802 0.0601699 0.00861728 0.998151 43.3293
0.998079 0.000539248 -0.0619549 -2.96959 -0.00108009 0.999961 -0.00869649 -0.417571 0.0619478 0.0087467 0.998041 44.7257
0.997951 0.000816626 -0.063969 -3.06334 -0.0013133 0.999969 -0.00772272 -0.445109 0.0639607 0.00779091 0.997922 46.1254
0.998013 0.00207084 -0.0629768 -3.14838 -0.00257789 0.999965 -0.00797125 -0.476741 0.062958 0.00811775 0.997983 47.5207
0.997949 0.0042024 -0.0638796 -3.23074 -0.00471031 0.999958 -0.0078025 -0.51835 0.0638442 0.00808738 0.997927 48.912
0.998042 0.00185756 -0.0625203 -3.31207 -0.00230641 0.999972 -0.0071079 -0.546865 0.0625053 0.00723818 0.998019 50.2968
0.997995 0.00110031 -0.0632745 -3.39923 -0.00159356 0.999969 -0.00774544 -0.57834 0.063264 0.00783075 0.997966 51.6885
0.997982 -0.0016569 -0.0634741 -3.48151 0.0011789 0.99997 -0.00756748 -0.601308 0.0634848 0.00747738 0.997955 53.0881
0.998118 -0.00232721 -0.0612711 -3.56214 0.00183681 0.999966 -0.00805889 -0.603447 0.0612878 0.00793119 0.998089 54.4648
0.998143 -0.00326606 -0.0608243 -3.63167 0.00275052 0.999959 -0.0085577 -0.598864 0.0608497 0.00837451 0.998112 55.8308
0.998312 -0.00216078 -0.0580348 -3.69677 0.00167641 0.999963 -0.00839368 -0.618053 0.0580508 0.00828223 0.998279 57.1862
0.998311 -0.00253942 -0.0580298 -3.76781 0.00205043 0.999962 -0.00848454 -0.645735 0.0580491 0.00835123 0.998279 58.5523
0.998339 -0.00470652 -0.0574076 -3.83489 0.00414528 0.999942 -0.00989158 -0.679862 0.0574508 0.00963719 0.998302 59.9294
0.998504 -0.00536526 -0.0544152 -3.90557 0.00482701 0.999938 -0.0100183 -0.706984 0.0544655 0.00974065 0.998468 61.3015
0.998517 -0.0048632 -0.0542191 -3.98087 0.00434138 0.999943 -0.00973787 -0.7322 0.0542633 0.00948805 0.998482 62.6733
0.998634 -0.00101519 -0.0522286 -4.05195 0.000590929 0.999966 -0.00813792 -0.761884 0.0522351 0.00809595 0.998602 64.0468
0.998592 0.00175434 -0.0530111 -4.12943 -0.00214919 0.99997 -0.0073924 -0.790386 0.0529965 0.00749593 0.998567 65.4284
0.998648 0.00717399 -0.0514818 -4.20768 -0.00749117 0.999954 -0.00597076 -0.823395 0.0514366 0.00634835 0.998656 66.8109
0.998638 0.00861712 -0.0514573 -4.28949 -0.00899586 0.999934 -0.00713326 -0.852611 0.0513924 0.00758645 0.99865 68.1944
0.998585 0.0120478 -0.051784 -4.37585 -0.012524 0.999882 -0.00888234 -0.884819 0.0516709 0.00951832 0.998619 69.5835
0.998698 0.00847305 -0.0502976 -4.45922 -0.00898095 0.999911 -0.00988068 -0.91406 0.0502094 0.0103195 0.998686 70.9682
0.998676 0.00929814 -0.0505924 -4.54093 -0.00979103 0.999907 -0.00950334 -0.939279 0.0504993 0.00998611 0.998674 72.3494
0.998699 0.00757901 -0.0504115 -4.62642 -0.00815312 0.999904 -0.0111927 -0.96464 0.0503218 0.0115892 0.998666 73.7274
0.998655 0.00482906 -0.0516142 -4.71157 -0.00550495 0.999901 -0.0129611 -0.987815 0.0515465 0.0132278 0.998583 75.1029
0.998528 0.00355052 -0.0541091 -4.80025 -0.00434721 0.999884 -0.0146134 -1.01355 0.0540509 0.0148272 0.998428 76.476
0.998597 0.00356775 -0.0528324 -4.88094 -0.00435163 0.999882 -0.0147296 -1.04453 0.0527736 0.0149388 0.998495 77.8436
0.998466 0.00570356 -0.0550704 -4.96191 -0.00653038 0.999868 -0.0148457 -1.07754 0.0549785 0.0151825 0.998372 79.2189
0.998427 0.0042689 -0.0559025 -5.04266 -0.00512602 0.999871 -0.0151981 -1.11006 0.0558304 0.0154608 0.998321 80.5918
0.998315 0.00249796 -0.0579592 -5.12785 -0.00339795 0.999875 -0.0154347 -1.14343 0.0579134 0.0156057 0.9982 81.9707
0.998208 0.0016717 -0.0598034 -5.21391 -0.0025728 0.999884 -0.014994 -1.17638 0.0597715 0.015121 0.998098 83.353
0.998218 -0.0024319 -0.0596223 -5.29978 0.00149717 0.999875 -0.0157173 -1.21121 0.0596531 0.0156 0.998097 84.7352
0.998115 -0.00291618 -0.061286 -5.38676 0.00193954 0.99987 -0.0159892 -1.24634 0.0613247 0.0158402 0.997992 86.1194
0.998056 -0.00562067 -0.0620557 -5.47178 0.00462797 0.999859 -0.0161292 -1.28115 0.0621376 0.0158107 0.997943 87.5017
0.998028 -0.00485997 -0.0625818 -5.56112 0.00385303 0.999861 -0.0162007 -1.31689 0.0626518 0.0159276 0.997909 88.8835
0.998045 -0.00449346 -0.0623239 -5.65353 0.00347489 0.999859 -0.016442 -1.35306 0.062389 0.0161933 0.997921 90.2608
0.998005 -0.00265543 -0.063076 -5.74595 0.0016318 0.999866 -0.0162746 -1.38932 0.0631108 0.0161392 0.997876 91.6341
0.997893 -0.00425462 -0.0647358 -5.83948 0.0031704 0.999853 -0.016842 -1.42604 0.064798 0.0166013 0.997761 93.005
0.997868 -0.00390963 -0.0651424 -5.93913 0.00277773 0.999844 -0.0174573 -1.4626 0.0652005 0.0172392 0.997724 94.3676
0.997833 -0.00319044 -0.0657152 -6.03962 0.00209332 0.999857 -0.0167573 -1.50344 0.0657593 0.0165834 0.997698 95.7213
0.997938 -0.00303339 -0.0640995 -6.13596 0.00197967 0.999862 -0.016496 -1.53643 0.0641407 0.0163351 0.997807 97.0582
0.997814 -0.00249566 -0.0660277 -6.23841 0.00137406 0.999854 -0.0170268 -1.57042 0.0660606 0.0168989 0.997673 98.3951
0.997749 -0.00248558 -0.0670036 -6.33242 0.00123618 0.999825 -0.0186817 -1.60121 0.0670383 0.0185569 0.997578 99.7307
0.997841 -0.00152357 -0.0656486 -6.43586 0.000225639 0.999804 -0.0197738 -1.63247 0.0656659 0.0197163 0.997647 101.054
0.997766 -0.00343556 -0.0667071 -6.52438 0.00210035 0.999796 -0.020076 -1.66094 0.0667625 0.019891 0.997571 102.388
0.997835 -0.00371068 -0.0656468 -6.60997 0.00245743 0.999813 -0.0191614 -1.67842 0.0657057 0.0189586 0.997659 103.703
0.997823 -0.00312632 -0.0658693 -6.70377 0.00189105 0.999821 -0.0188074 -1.69462 0.0659163 0.0186419 0.997651 105.021
0.99783 -0.00213766 -0.0658024 -6.80152 0.000856687 0.99981 -0.0194892 -1.72435 0.0658315 0.0193905 0.997643 106.326
0.997885 0.000585338 -0.0649917 -6.89925 -0.00194483 0.99978 -0.0208567 -1.7576 0.0649652 0.020939 0.997668 107.625
0.99786 0.00284838 -0.0653125 -6.99617 -0.00427283 0.999756 -0.0216804 -1.79644 0.0652348 0.0219131 0.997629 108.94
0.997954 0.00527063 -0.0637008 -7.09772 -0.00669737 0.999731 -0.0222048 -1.83996 0.0635666 0.022586 0.997722 110.245
0.997926 0.00746458 -0.0639271 -7.18752 -0.00876108 0.999761 -0.0200246 -1.87742 0.0637623 0.0205432 0.997754 111.562
0.997962 0.00849243 -0.0632277 -7.2889 -0.00970304 0.999775 -0.0188644 -1.90668 0.0630532 0.0194395 0.997821 112.874
0.997918 0.00985731 -0.0637255 -7.38358 -0.0110457 0.999771 -0.0183226 -1.93654 0.0635303 0.0189883 0.997799 114.206
0.997839 0.0112063 -0.0647384 -7.4758 -0.0124867 0.999734 -0.0194079 -1.96221 0.0645036 0.0201744 0.997714 115.541
0.997969 0.0143253 -0.0620514 -7.56088 -0.015587 0.999681 -0.0198964 -1.99573 0.0617465 0.0208232 0.997875 116.869
0.997912 0.0180815 -0.0619968 -7.65344 -0.0194159 0.999591 -0.0209892 -2.02419 0.0615919 0.0221492 0.997856 118.218
0.99803 0.0203741 -0.0593267 -7.7356 -0.0217142 0.999521 -0.0220315 -2.05955 0.0588494 0.0232764 0.997996 119.554
0.99794 0.0229982 -0.0598745 -7.82528 -0.0243919 0.999446 -0.0226498 -2.09522 0.0593204 0.0240637 0.997949 120.885
0.997967 0.0239574 -0.059041 -7.909 -0.0253635 0.99941 -0.0231822 -2.13417 0.0584507 0.0246326 0.997986 122.207
0.998003 0.0251869 -0.0579218 -7.98525 -0.0265414 0.999389 -0.0227357 -2.17168 0.0573138 0.0242277 0.998062 123.509
0.997885 0.0258129 -0.0596489 -8.07419 -0.0272415 0.999358 -0.0232615 -2.22244 0.0590101 0.0248373 0.997949 124.814
0.99783 0.0281669 -0.0595048 -8.17009 -0.0295984 0.99929 -0.0233124 -2.28313 0.0588058 0.025023 0.997956 126.105
0.997752 0.0277228 -0.0610053 -8.25915 -0.029195 0.9993 -0.0233749 -2.33924 0.0603146 0.0251034 0.997864 127.412
0.997691 0.026432 -0.0625542 -8.35231 -0.0279847 0.999318 -0.0240768 -2.40314 0.0618751 0.0257717 0.997751 128.72
0.997593 0.0268543 -0.0639254 -8.44858 -0.0284274 0.999312 -0.0238271 -2.46989 0.0632415 0.025587 0.99767 130.027
0.997445 0.0245595 -0.0670781 -8.55341 -0.0262575 0.999354 -0.0245496 -2.53399 0.0664318 0.0262482 0.997446 131.338
0.997414 0.0191532 -0.0692656 -8.6566 -0.0209912 0.999444 -0.0259052 -2.59498 0.0687309 0.0272922 0.997262 132.651
0.997248 0.017376 -0.0720568 -8.76519 -0.0192802 0.999481 -0.0258152 -2.65738 0.0715709 0.0271335 0.997067 133.974
0.99707 0.0154419 -0.0749049 -8.87808 -0.0174521 0.999503 -0.0262574 -2.72075 0.0744622 0.0274878 0.996845 135.301
0.996828 0.0151128 -0.0781243 -8.99526 -0.0172471 0.999494 -0.0267166 -2.78503 0.077681 0.0279793 0.996586 136.634
0.996652 0.0142942 -0.0804892 -9.11472 -0.0165779 0.999477 -0.0277759 -2.84731 0.0800501 0.0290173 0.996369 137.97
0.996633 0.0116473 -0.0811544 -9.23191 -0.0140912 0.999462 -0.0296076 -2.90988 0.0807659 0.0306515 0.996262 139.304
0.996466 0.00721554 -0.0836791 -9.34766 -0.00978262 0.999493 -0.0303083 -2.98114 0.083418 0.0310198 0.996032 140.646
0.996326 -0.00101135 -0.0856243 -9.46234 -0.00135761 0.999618 -0.0276042 -3.04844 0.0856195 0.027619 0.995945 141.987
0.996075 -0.00630248 -0.0882851 -9.57996 0.00398186 0.999643 -0.0264371 -3.11635 0.0884202 0.0259818 0.995745 143.331
0.995963 -0.00880973 -0.0893207 -9.69641 0.00623427 0.999558 -0.0290721 -3.18189 0.0895373 0.028398 0.995579 144.679
0.996104 -0.00948918 -0.0876606 -9.81351 0.00681324 0.999503 -0.0307752 -3.24987 0.0879091 0.0300581 0.995675 146.028
0.996173 -0.00752833 -0.0870652 -9.93547 0.00461569 0.999424 -0.0336068 -3.31588 0.0872681 0.0330764 0.995636 147.38
0.996243 -0.00620569 -0.0863694 -10.0567 0.00329563 0.999423 -0.0337952 -3.38424 0.0865293 0.0333836 0.99569 148.732
0.996233 -0.0101854 -0.08611 -10.1818 0.00743102 0.999452 -0.0322469 -3.44974 0.0863913 0.0314856 0.995764 150.083
0.996266 -0.0166912 -0.0846975 -10.291 0.014313 0.999488 -0.0286092 -3.49824 0.0851317 0.0272902 0.995996 151.431
0.996283 -0.0208312 -0.0835698 -10.3967 0.0186103 0.999455 -0.0272672 -3.5254 0.0840922 0.0256107 0.996129 152.757
0.996248 -0.0192152 -0.084369 -10.4856 0.0168352 0.999443 -0.028831 -3.52302 0.084876 0.0273026 0.996018 154.053
0.996419 -0.0132067 -0.0835084 -10.5863 0.0107966 0.999514 -0.0292471 -3.4915 0.083854 0.0282408 0.996078 155.308
0.996291 -0.00437453 -0.0859327 -10.7114 0.0018448 0.999563 -0.029496 -3.47434 0.0860242 0.0292281 0.995865 156.544
0.996323 0.00177955 -0.085656 -10.8434 -0.00458211 0.99946 -0.0325333 -3.46685 0.0855519 0.0328062 0.995794 157.802
0.996188 0.00788928 -0.0868627 -10.9773 -0.010745 0.999415 -0.0324574 -3.47491 0.0865558 0.033267 0.995692 159.06
0.996115 0.0106359 -0.0874043 -11.1034 -0.0135088 0.999386 -0.032343 -3.49726 0.0870066 0.0333981 0.995648 160.318
0.996162 0.0132967 -0.0865101 -11.2159 -0.0161113 0.999361 -0.0319188 -3.51659 0.0860303 0.0331901 0.99574 161.559
0.995864 0.0158908 -0.0894503 -11.3579 -0.018995 0.999243 -0.0339592 -3.54321 0.0888429 0.0355179 0.995413 162.797
0.995694 0.0201931 -0.0904634 -11.5048 -0.0235674 0.99906 -0.0363878 -3.58038 0.0896435 0.0383632 0.995235 164.045
0.99537 0.0254129 -0.0926932 -11.6558 -0.0290056 0.998871 -0.0376188 -3.62906 0.0916326 0.0401333 0.994984 165.321
0.995245 0.0279771 -0.0932942 -11.8027 -0.031584 0.998801 -0.0374117 -3.67997 0.0921357 0.0401804 0.994936 166.621
0.99515 0.0296101 -0.0938003 -11.9473 -0.0331065 0.998805 -0.035941 -3.7288 0.092624 0.0388721 0.994942 167.931
0.994959 0.0305057 -0.095522 -12.0971 -0.0339225 0.998834 -0.0343524 -3.77382 0.0943626 0.0374196 0.994835 169.253
0.994734 0.0293631 -0.0981834 -12.252 -0.0328104 0.998894 -0.0336817 -3.82039 0.0970858 0.0367258 0.994599 170.584
0.994538 0.0282034 -0.100484 -12.3972 -0.0318004 0.998903 -0.034376 -3.86778 0.0994041 0.0373837 0.994345 171.936
0.994578 0.024021 -0.10117 -12.5304 -0.0281429 0.998823 -0.0395128 -3.92017 0.100102 0.0421458 0.994085 173.277
0.994324 0.0241611 -0.103608 -12.6773 -0.028859 0.998611 -0.0440859 -3.9713 0.102399 0.0468258 0.993641 174.627
0.994289 0.0273096 -0.10316 -12.804 -0.0321704 0.998435 -0.0457531 -4.0171 0.101749 0.0488106 0.993612 175.969
0.994135 0.0352425 -0.102233 -12.9325 -0.0400396 0.998173 -0.0452553 -4.07024 0.100452 0.0490833 0.993731 177.284
0.993761 0.0407774 -0.103804 -13.0521 -0.0454519 0.998038 -0.0430712 -4.12713 0.101844 0.0475206 0.993665 178.616
0.993864 0.0405444 -0.102906 -13.19 -0.0450729 0.998098 -0.0420681 -4.18023 0.101004 0.0464483 0.993802 179.966
0.993632 0.0413129 -0.104822 -13.3226 -0.045846 0.998098 -0.0412106 -4.23177 0.10292 0.0457539 0.993637 181.343
0.99336 0.0437974 -0.106377 -13.4743 -0.0484016 0.997983 -0.0410912 -4.29054 0.104363 0.0459672 0.993477 182.735
0.993294 0.0453613 -0.106339 -13.6276 -0.0498716 0.997949 -0.0401439 -4.35409 0.1043 0.0451781 0.99352 184.115
0.992998 0.0480595 -0.107905 -13.7877 -0.0525666 0.997843 -0.0393189 -4.43038 0.105783 0.0447158 0.993384 185.524
0.993161 0.0473691 -0.106707 -13.9419 -0.0516772 0.997942 -0.0379746 -4.50423 0.104689 0.0432292 0.993565 186.931
0.993062 0.0455903 -0.108389 -14.0986 -0.0497438 0.998116 -0.0359285 -4.5787 0.106547 0.0410709 0.993459 188.347
0.993233 0.0451896 -0.106981 -14.2546 -0.049155 0.998187 -0.0347235 -4.65236 0.105218 0.0397472 0.993655 189.755
0.992975 0.0443169 -0.109701 -14.4132 -0.0488367 0.998051 -0.0388622 -4.72316 0.107765 0.0439467 0.993205 191.166
0.992629 0.0498885 -0.110445 -14.5793 -0.0547743 0.99763 -0.0416526 -4.78933 0.108105 0.0473951 0.993009 192.579
0.99234 0.0561842 -0.110015 -14.7443 -0.0608966 0.997344 -0.0399504 -4.8503 0.107478 0.0463439 0.993127 193.977
0.991852 0.061952 -0.111309 -14.9284 -0.0665471 0.997058 -0.0380479 -4.91069 0.108624 0.0451452 0.993058 195.388
0.991531 0.0652489 -0.112279 -15.1012 -0.0694182 0.997021 -0.0336291 -4.95581 0.10975 0.0411385 0.993108 196.79
0.99122 0.0660141 -0.114553 -15.2615 -0.070276 0.996963 -0.0335683 -4.99681 0.111989 0.041324 0.99285 198.194
0.990897 0.0676794 -0.116361 -15.395 -0.0719284 0.996873 -0.0327069 -5.0152 0.113784 0.0407789 0.992669 199.623
0.99054 0.0732727 -0.116016 -15.5507 -0.077447 0.996487 -0.0318839 -5.0043 0.113272 0.0405674 0.992736 201.079
0.989665 0.0813332 -0.118092 -15.7122 -0.085616 0.995825 -0.03165 -4.97526 0.115024 0.0414335 0.992499 202.534
0.98915 0.088495 -0.117253 -15.9079 -0.0926608 0.995229 -0.0305548 -4.96323 0.11399 0.0410881 0.992632 203.973
0.988224 0.0961592 -0.119013 -16.1301 -0.100277 0.994534 -0.0290954 -4.96076 0.115564 0.040687 0.992467 205.432
0.987862 0.0996286 -0.119166 -16.3399 -0.103677 0.99421 -0.02825 -4.97718 0.115662 0.0402619 0.992473 206.889
0.987663 0.102465 -0.118407 -16.5323 -0.106501 0.993911 -0.028257 -4.99767 0.114791 0.0405189 0.992563 208.345
0.987146 0.105553 -0.119993 -16.7243 -0.109608 0.993589 -0.0276929 -5.02961 0.116301 0.0404891 0.992389 209.814
0.987159 0.106094 -0.119413 -16.8967 -0.110135 0.993529 -0.0277533 -5.06823 0.115696 0.0405486 0.992457 211.28
0.986705 0.107824 -0.121592 -17.0751 -0.111912 0.993343 -0.0272909 -5.11253 0.11784 0.0405358 0.992205 212.752
0.986406 0.108479 -0.123422 -17.2509 -0.112557 0.993291 -0.0265429 -5.15601 0.119715 0.0400742 0.992 214.221
0.986102 0.108507 -0.125808 -17.4299 -0.112705 0.993269 -0.0267207 -5.20096 0.122062 0.0405284 0.991695 215.695
0.985782 0.108549 -0.128252 -17.6116 -0.112915 0.993231 -0.0272531 -5.24695 0.124426 0.0413473 0.991368 217.174
0.985534 0.109624 -0.129242 -17.8002 -0.114099 0.993083 -0.0277178 -5.29395 0.125309 0.0420632 0.991226 218.647
0.984892 0.111423 -0.132554 -17.998 -0.116013 0.99287 -0.0273993 -5.34222 0.128556 0.0423634 0.990797 220.125
0.98446 0.114352 -0.133268 -18.1989 -0.119083 0.992488 -0.0280579 -5.39252 0.129058 0.0434917 0.990683 221.599
0.984406 0.113285 -0.134568 -18.4035 -0.118169 0.992575 -0.0288513 -5.44454 0.1303 0.0443031 0.990485 223.069
0.98408 0.114234 -0.136141 -18.6145 -0.118993 0.992519 -0.0273201 -5.49417 0.132001 0.043085 0.990313 224.548
0.983776 0.115805 -0.137007 -18.8282 -0.120616 0.992323 -0.0273262 -5.54705 0.132791 0.0434082 0.990194 226.027
0.983348 0.117054 -0.139009 -19.0461 -0.122008 0.992144 -0.0276394 -5.60263 0.134682 0.0441395 0.989906 227.51
0.983171 0.116526 -0.140695 -19.2726 -0.121651 0.992168 -0.0283676 -5.65692 0.136288 0.045006 0.989647 228.992
0.982712 0.116712 -0.143714 -19.5022 -0.121849 0.992169 -0.027448 -5.7105 0.139385 0.0444849 0.989239 230.478
0.982183 0.118967 -0.145468 -19.7335 -0.124104 0.991909 -0.0267307 -5.76429 0.141111 0.0443077 0.989002 231.964
0.982311 0.116642 -0.146483 -19.9644 -0.121719 0.99222 -0.0261538 -5.81482 0.142293 0.0435211 0.988868 233.449
0.98182 0.11763 -0.148966 -20.1998 -0.123137 0.991987 -0.0282658 -5.86929 0.144447 0.0460952 0.988439 234.937
0.981914 0.116436 -0.14928 -20.4341 -0.122301 0.992018 -0.0306972 -5.9278 0.144515 0.0483992 0.988319 236.428
0.981618 0.117357 -0.150502 -20.6735 -0.123372 0.991869 -0.0312419 -5.98625 0.145612 0.0492354 0.988116 237.919
0.98174 0.116427 -0.150425 -20.9129 -0.122263 0.992041 -0.0301128 -6.03979 0.145722 0.0479544 0.988163 239.413
0.981124 0.120382 -0.151329 -21.1529 -0.126115 0.991597 -0.0288393 -6.09133 0.146585 0.0473799 0.988063 240.905
0.980811 0.121284 -0.152635 -21.3984 -0.1271 0.991469 -0.0288991 -6.14398 0.147828 0.0477445 0.98786 242.404
0.980842 0.120852 -0.152775 -21.6426 -0.126985 0.99142 -0.0310091 -6.20033 0.147717 0.0498153 0.987775 243.91
0.980362 0.122014 -0.154918 -21.8917 -0.128249 0.991262 -0.0308704 -6.26008 0.149797 0.0501322 0.987445 245.431
0.980762 0.120967 -0.153202 -22.13 -0.127042 0.991429 -0.0304697 -6.31876 0.148203 0.0493467 0.987725 246.961
0.980589 0.118908 -0.155898 -22.372 -0.125224 0.991635 -0.0313038 -6.38183 0.150872 0.0502185 0.987277 248.495
0.980749 0.117334 -0.156085 -22.6036 -0.123603 0.991846 -0.0310493 -6.446 0.151169 0.0497442 0.987256 250.035
0.981189 0.113831 -0.155907 -22.8297 -0.119909 0.992328 -0.030117 -6.51009 0.151283 0.0482452 0.987313 251.578
0.980959 0.114682 -0.156731 -23.0563 -0.12081 0.992219 -0.030115 -6.57864 0.152058 0.0484763 0.987182 253.123
0.981283 0.112574 -0.156231 -23.2831 -0.118748 0.992449 -0.0307331 -6.64324 0.151592 0.0487101 0.987243 254.664
0.981802 0.110515 -0.154431 -23.5085 -0.116335 0.992783 -0.0291429 -6.70133 0.150096 0.0465783 0.987574 256.209
0.982411 0.10812 -0.152241 -23.7353 -0.113777 0.993086 -0.0289239 -6.75594 0.148061 0.0457367 0.98792 257.757
0.98289 0.105844 -0.150736 -23.9631 -0.111766 0.99324 -0.0313456 -6.81767 0.146399 0.0476565 0.988077 259.299
0.982881 0.104621 -0.15165 -24.1987 -0.110646 0.99335 -0.0318282 -6.88219 0.147312 0.0480629 0.987922 260.844
0.983141 0.10552 -0.149325 -24.438 -0.111507 0.993239 -0.032286 -6.94547 0.144909 0.0483926 0.988261 262.383
0.983024 0.107965 -0.148338 -24.6769 -0.114235 0.992858 -0.0343975 -6.99829 0.143565 0.0507591 0.988339 263.909
0.983298 0.109862 -0.145098 -24.9114 -0.116049 0.992632 -0.0348634 -7.05251 0.140198 0.0511197 0.988803 265.412
0.983513 0.112668 -0.141439 -25.1437 -0.118815 0.992272 -0.0357673 -7.11165 0.136317 0.0519828 0.989301 266.897
0.983898 0.111731 -0.139494 -25.3759 -0.118 0.992306 -0.0374853 -7.16626 0.134233 0.0533421 0.989513 268.369
0.984313 0.113198 -0.135322 -25.5986 -0.119415 0.992089 -0.038721 -7.2307 0.129868 0.0542731 0.990045 269.826
0.984452 0.112618 -0.134796 -25.8209 -0.11887 0.992135 -0.0392368 -7.27401 0.129317 0.05465 0.990097 271.305
0.984715 0.112372 -0.133066 -26.0393 -0.118652 0.992121 -0.0402234 -7.31685 0.127498 0.0553973 0.990291 272.776
0.985333 0.111346 -0.129302 -26.2389 -0.11742 0.992264 -0.0403249 -7.36291 0.123812 0.0549162 0.990785 274.259
0.985202 0.111729 -0.129963 -26.4605 -0.11779 0.992237 -0.0398973 -7.4098 0.124496 0.0546152 0.990716 275.751
0.985628 0.110234 -0.128002 -26.6638 -0.116467 0.992295 -0.0422606 -7.45778 0.122357 0.0565613 0.990873 277.266
0.985257 0.1111 -0.13009 -26.8681 -0.11748 0.992169 -0.0424182 -7.5188 0.124358 0.0570759 0.990595 278.78
0.985269 0.111656 -0.129521 -27.0636 -0.11797 0.992124 -0.0421224 -7.56966 0.123798 0.0567816 0.990682 280.283
0.985454 0.111137 -0.128557 -27.2684 -0.117281 0.992243 -0.0412283 -7.61632 0.122978 0.0557061 0.990845 281.792
0.984943 0.112564 -0.1312 -27.4705 -0.11874 0.992111 -0.040212 -7.65933 0.125638 0.0551852 0.99054 283.303
0.984806 0.11527 -0.129871 -27.6676 -0.121283 0.991838 -0.0393538 -7.69471 0.124275 0.0545072 0.99075 284.811
0.984381 0.11714 -0.131413 -27.8563 -0.123074 0.991672 -0.0379535 -7.72918 0.125873 0.0535343 0.990601 286.34
0.984058 0.118228 -0.132849 -28.0692 -0.124033 0.991615 -0.0362764 -7.75546 0.127446 0.0521758 0.990472 287.869
0.983886 0.121541 -0.131128 -28.2665 -0.127046 0.991299 -0.034437 -7.81681 0.125802 0.0505415 0.990767 289.392
0.98335 0.123783 -0.133034 -28.4775 -0.129251 0.991055 -0.0332446 -7.88153 0.127729 0.0498859 0.990554 290.922
0.983505 0.125343 -0.130405 -28.679 -0.130433 0.990966 -0.0312214 -7.94127 0.125314 0.0477156 0.990969 292.447
0.983349 0.126665 -0.130299 -28.8886 -0.131791 0.990779 -0.0314616 -8.01199 0.125112 0.04811 0.990976 293.982
0.983259 0.127611 -0.130061 -29.0953 -0.132619 0.990696 -0.0305683 -8.09318 0.12495 0.0473052 0.991035 295.522
0.983643 0.126749 -0.127979 -29.2893 -0.131612 0.99084 -0.030248 -8.17179 0.122973 0.0465969 0.991316 297.056
0.983477 0.12755 -0.12846 -29.4793 -0.132624 0.990659 -0.0317142 -8.25006 0.123215 0.0482271 0.991208 298.59
0.983673 0.126547 -0.127952 -29.6825 -0.131704 0.990752 -0.0326505 -8.32657 0.122637 0.0489693 0.991243 300.122
0.982682 0.130919 -0.131126 -29.8905 -0.136135 0.990187 -0.0315953 -8.4016 0.125703 0.048899 0.990862 301.654
0.982337 0.131573 -0.133045 -30.105 -0.136758 0.990133 -0.0305724 -8.46581 0.12771 0.0482275 0.990638 303.192
0.982207 0.133258 -0.13232 -30.3222 -0.138067 0.990033 -0.0278193 -8.52032 0.127294 0.0455935 0.990817 304.742
0.982299 0.132338 -0.132561 -30.5332 -0.136796 0.990283 -0.0250648 -8.56548 0.127956 0.042755 0.990858 306.312
0.982548 0.131165 -0.131879 -30.7501 -0.135587 0.990448 -0.0250898 -8.6139 0.127328 0.0425331 0.990948 307.892
0.982451 0.131172 -0.132597 -30.97 -0.135626 0.990443 -0.0251011 -8.67683 0.128037 0.0426443 0.990852 309.489
0.982564 0.130758 -0.132163 -31.1852 -0.135218 0.990493 -0.0253197 -8.73992 0.127595 0.0427491 0.990905 311.09
0.982446 0.130771 -0.133024 -31.4062 -0.135175 0.990517 -0.0245905 -8.79831 0.128547 0.0421404 0.990808 312.702
0.9824 0.131281 -0.132864 -31.6271 -0.135642 0.990461 -0.0242864 -8.85325 0.128409 0.0418811 0.990837 314.321
0.982676 0.131415 -0.130672 -31.8461 -0.135699 0.99045 -0.0244035 -8.90747 0.126217 0.0417129 0.991125 315.938
0.982596 0.131223 -0.131464 -32.067 -0.135672 0.990428 -0.0254375 -8.96506 0.126867 0.0428309 0.990995 317.557
0.982969 0.131269 -0.128602 -32.2835 -0.135417 0.990498 -0.0240269 -9.02117 0.124226 0.0410327 0.991405 319.176
0.983237 0.128802 -0.129044 -32.502 -0.132823 0.990873 -0.023019 -9.07198 0.124901 0.0397732 0.991372 320.803
0.983367 0.1281 -0.128751 -32.716 -0.132166 0.990949 -0.023512 -9.11856 0.124574 0.0401376 0.991398 322.421
0.983429 0.129376 -0.126988 -32.9309 -0.133283 0.990818 -0.0227348 -9.16885 0.122881 0.0392835 0.991644 324.034
0.983024 0.130728 -0.128734 -33.1506 -0.134937 0.990552 -0.0244979 -9.22999 0.124315 0.041453 0.991377 325.651
0.982792 0.133068 -0.128102 -33.3699 -0.137497 0.990152 -0.0263408 -9.30014 0.123336 0.0435013 0.991411 327.264
0.9825 0.134571 -0.128768 -33.591 -0.138703 0.990053 -0.0236351 -9.35814 0.124307 0.0410821 0.991393 328.881
0.982247 0.135848 -0.129355 -33.8135 -0.139633 0.989989 -0.0206178 -9.41432 0.125259 0.0383141 0.991384 330.497
0.982254 0.136783 -0.128318 -34.0309 -0.140201 0.989961 -0.0179511 -9.46548 0.124574 0.0356229 0.991571 332.099
0.981741 0.137763 -0.131163 -34.252 -0.141265 0.989814 -0.0177356 -9.51474 0.127384 0.0359406 0.991202 333.71
0.981666 0.137737 -0.131748 -34.474 -0.141261 0.989814 -0.0177424 -9.56723 0.127962 0.036028 0.991125 335.318
0.981463 0.136642 -0.134374 -34.6971 -0.140009 0.990023 -0.0158908 -9.61429 0.130862 0.0344099 0.990803 336.923
0.981454 0.135746 -0.135343 -34.9141 -0.138987 0.990185 -0.0147491 -9.65952 0.132012 0.0332865 0.990689 338.531
0.981582 0.135874 -0.134284 -35.1366 -0.13915 0.990154 -0.0152728 -9.70607 0.130887 0.0336772 0.990825 340.12
0.981359 0.13612 -0.135659 -35.3652 -0.139403 0.990124 -0.0149566 -9.75327 0.132283 0.033589 0.990643 341.716
0.98154 0.136036 -0.134427 -35.5864 -0.139254 0.990147 -0.01479 -9.79618 0.131091 0.0332367 0.990813 343.305
0.981537 0.134964 -0.135527 -35.8111 -0.138157 0.990306 -0.0143932 -9.83495 0.132271 0.0328516 0.990669 344.901
0.981563 0.133732 -0.136553 -36.037 -0.136969 0.990469 -0.0145484 -9.87397 0.133306 0.0329838 0.990526 346.5
0.981497 0.133867 -0.136898 -36.2635 -0.137336 0.990393 -0.0161745 -9.91568 0.133418 0.0346762 0.990453 348.099
0.981397 0.133721 -0.13775 -36.4944 -0.137124 0.990434 -0.0154727 -9.95906 0.134363 0.0340737 0.990346 349.703
0.981614 0.13357 -0.136345 -36.7193 -0.136964 0.990451 -0.0157843 -10.0028 0.132934 0.0341685 0.990536 351.292
0.981591 0.132425 -0.137621 -36.9475 -0.135848 0.990605 -0.0157415 -10.0466 0.134243 0.0341472 0.99036 352.886
0.981681 0.131377 -0.137984 -37.1766 -0.134743 0.990763 -0.0153043 -10.0898 0.134699 0.0336164 0.990316 354.481
0.982047 0.130237 -0.136451 -37.3998 -0.133404 0.990959 -0.0142893 -10.1354 0.133357 0.0322361 0.990544 356.067
0.981811 0.130411 -0.137978 -37.6286 -0.133727 0.990905 -0.015001 -10.1821 0.134767 0.0331796 0.990322 357.665
0.98191 0.131151 -0.136563 -37.853 -0.134404 0.990816 -0.0148354 -10.2282 0.133363 0.0329216 0.990521 359.254
0.981598 0.132416 -0.137583 -38.0799 -0.135492 0.990691 -0.0131927 -10.2682 0.134555 0.0315914 0.990403 360.846
0.981686 0.133193 -0.136192 -38.3073 -0.136043 0.990633 -0.0117946 -10.3071 0.133345 0.0301066 0.990613 362.436
0.981596 0.133246 -0.136792 -38.5388 -0.136111 0.990624 -0.0117721 -10.3547 0.133941 0.0301745 0.99053 364.035
0.98159 0.133287 -0.136793 -38.7721 -0.136144 0.990621 -0.0117072 -10.3984 0.13395 0.0301153 0.990531 365.636
0.981785 0.133696 -0.134987 -39.005 -0.136527 0.990566 -0.0118939 -10.4395 0.132123 0.0301066 0.990776 367.236
0.981461 0.135243 -0.135798 -39.2377 -0.138003 0.990371 -0.0110738 -10.466 0.132992 0.029609 0.990675 368.844
0.981616 0.136303 -0.1336 -39.4731 -0.138936 0.990246 -0.0105423 -10.5023 0.13086 0.0289103 0.99098 370.445
0.981404 0.137742 -0.133678 -39.7099 -0.140223 0.990077 -0.00927632 -10.5315 0.131074 0.0278486 0.990982 372.068
0.981334 0.138191 -0.133727 -39.9416 -0.140623 0.990024 -0.00887024 -10.5642 0.131167 0.0275099 0.990979 373.698
0.981514 0.139238 -0.131299 -40.1744 -0.141577 0.989891 -0.00860227 -10.6018 0.128774 0.0270321 0.991306 375.317
0.980804 0.141783 -0.133855 -40.4119 -0.143909 0.989572 -0.00629754 -10.6324 0.131567 0.0254397 0.990981 376.936
0.980677 0.143166 -0.133312 -40.6498 -0.145175 0.989392 -0.00542233 -10.6633 0.131122 0.0246713 0.99106 378.556
0.980258 0.14425 -0.135213 -40.8892 -0.14615 0.989255 -0.00418209 -10.6912 0.133157 0.023861 0.990808 380.188
0.980187 0.145458 -0.13443 -41.1234 -0.147369 0.989073 -0.0043244 -10.7015 0.132332 0.0240497 0.990914 381.827
0.980365 0.145631 -0.132936 -41.3531 -0.147474 0.989058 -0.00407346 -10.7351 0.130889 0.0235982 0.991117 383.456
