1 0 0 0 0 1 0 0 0 0 1 0
0.999998 -0.000705191 -0.00192717 -0.0107847 0.000703975 1 -0.000631623 -0.0141332 0.00192761 0.000630265 0.999998 0.557065
0.999996 -0.00139415 -0.00260361 -0.0248136 0.00139188 0.999999 -0.000874162 -0.0206822 0.00260482 0.000870534 0.999996 1.12461
0.999987 -0.00233805 -0.00443554 -0.0382233 0.00233039 0.999996 -0.00173189 -0.0230466 0.00443957 0.00172153 0.999989 1.69609
0.999974 -0.00327551 -0.00646916 -0.0470821 0.00325833 0.999991 -0.0026642 -0.0333014 0.00647783 0.00264305 0.999976 2.26966
0.999958 -0.00550287 -0.00734746 -0.0524415 0.00547617 0.999978 -0.00364839 -0.0461284 0.00736738 0.003608 0.999966 2.84573
0.999943 -0.00569761 -0.00900557 -0.0593366 0.00565985 0.999975 -0.00421192 -0.0632623 0.00902934 0.00416071 0.999951 3.42718
0.999946 -0.00476551 -0.0092802 -0.0642818 0.00472015 0.999977 -0.00490374 -0.0849076 0.00930336 0.00485967 0.999945 4.01538
0.999941 -0.00407691 -0.0101082 -0.0744995 0.00402106 0.999977 -0.00553876 -0.108932 0.0101305 0.00549779 0.999934 4.59695
0.999941 -0.00372162 -0.010174 -0.0813352 0.00364123 0.999962 -0.00790849 -0.126508 0.010203 0.00787098 0.999917 5.18732
0.999934 -0.00330119 -0.0110413 -0.0905173 0.00317546 0.99993 -0.0113849 -0.142082 0.0110781 0.0113491 0.999874 5.78164
0.999932 -0.00252502 -0.0113982 -0.105678 0.00235743 0.999889 -0.0146933 -0.16076 0.011434 0.0146654 0.999827 6.382
0.999939 -0.0004934 -0.0109925 -0.117939 0.000330026 0.99989 -0.0148589 -0.183248 0.0109986 0.0148544 0.999829 6.98193
0.999924 0.00155882 -0.0122255 -0.12922 -0.00167367 0.999955 -0.00938956 -0.196019 0.0122103 0.00940931 0.999881 7.60937
0.999925 0.00230592 -0.0120076 -0.144379 -0.00230575 0.999997 2.79975e-05 -0.201571 0.0120076 -3.07998e-07 0.999928 8.25179
0.99991 0.00365945 -0.0129005 -0.166003 -0.00357385 0.999972 0.00665258 -0.202907 0.0129245 -0.00660587 0.999895 8.9152
0.999901 0.0043251 -0.0134042 -0.186498 -0.00424586 0.999973 0.00593455 -0.2189 0.0134295 -0.00587705 0.999893 9.58412
0.999878 0.00780561 -0.0134844 -0.199125 -0.007813 0.999969 -0.000495918 -0.236295 0.0134802 0.000601212 0.999909 10.2536
0.999858 0.008255 -0.0147076 -0.219217 -0.00834942 0.999945 -0.00636979 -0.254968 0.0146542 0.00649169 0.999872 10.9521
0.99986 0.00697086 -0.0151913 -0.240358 -0.00705087 0.999962 -0.00521962 -0.272147 0.0151543 0.00532601 0.999871 11.6501
0.999851 0.00567205 -0.0162851 -0.270541 -0.00562896 0.999981 0.00269073 -0.283929 0.0163 -0.00259866 0.999864 12.3884
0.999867 0.0046016 -0.0156645 -0.291594 -0.00447047 0.999955 0.00839575 -0.289667 0.0157024 -0.00832461 0.999842 13.146
0.99985 0.0043903 -0.0167356 -0.31626 -0.00420641 0.999931 0.0110073 -0.291548 0.0167828 -0.0109353 0.999799 13.9253
0.999858 0.00242357 -0.0166595 -0.342325 -0.00224419 0.999939 0.0107774 -0.300455 0.0166846 -0.0107385 0.999803 14.722
0.999877 0.00336752 -0.0152894 -0.357685 -0.00323229 0.999956 0.00886087 -0.314278 0.0153186 -0.00881037 0.999844 15.5221
0.999863 0.00583708 -0.0154831 -0.375013 -0.00577683 0.999976 0.00393299 -0.325589 0.0155057 -0.00384301 0.999873 16.3538
0.999909 0.0035603 -0.0130302 -0.387304 -0.00356646 0.999994 -0.000449728 -0.336244 0.0130285 0.00049616 0.999915 17.1923
0.999919 0.00143151 -0.0126076 -0.402622 -0.00150151 0.999984 -0.0055444 -0.360921 0.0125995 0.00556289 0.999905 18.0491
0.999945 0.00300435 -0.00998992 -0.409422 -0.00311342 0.999936 -0.0109201 -0.385181 0.00995646 0.0109506 0.999891 18.915
0.999941 0.00492899 -0.00962555 -0.419152 -0.00504926 0.999909 -0.0125108 -0.408657 0.009563 0.0125586 0.999876 19.7986
0.99995 0.00506255 -0.0085814 -0.429589 -0.00517539 0.9999 -0.013179 -0.427514 0.00851381 0.0132228 0.999876 20.6989
0.999965 0.00572619 -0.00599995 -0.43859 -0.00580632 0.999893 -0.0134239 -0.451327 0.00592243 0.0134583 0.999892 21.603
0.999942 0.00902328 -0.00590632 -0.448115 -0.00911574 0.999833 -0.0158188 -0.480716 0.00576259 0.0158717 0.999858 22.5218
0.999901 0.0135211 -0.00386522 -0.456178 -0.0135851 0.999762 -0.017063 -0.508705 0.00363358 0.0171138 0.999847 23.449
0.999872 0.0157157 -0.00307705 -0.465161 -0.0157658 0.999731 -0.0170058 -0.537228 0.00280896 0.0170521 0.999851 24.3882
0.999853 0.0171055 -0.00121882 -0.470429 -0.0171239 0.999707 -0.017135 -0.569107 0.00092535 0.0171534 0.999853 25.3389
0.99984 0.0178703 -0.000810539 -0.471431 -0.0178811 0.99971 -0.0161303 -0.600906 0.000522041 0.0161422 0.99987 26.2956
0.999822 0.0188547 -0.000469022 -0.47279 -0.0188597 0.999703 -0.0154675 -0.634345 0.000177239 0.0154736 0.99988 27.2639
0.999814 0.019247 0.000801761 -0.475492 -0.0192338 0.999716 -0.0140654 -0.665193 -0.00107226 0.0140473 0.999901 28.2424
0.999807 0.0196548 0.000508032 -0.483481 -0.0196467 0.999725 -0.0128169 -0.692071 -0.000759815 0.0128044 0.999918 29.2312
0.999813 0.0192083 0.00194906 -0.492184 -0.0191828 0.99974 -0.0123642 -0.709939 -0.00218606 0.0123245 0.999922 30.2345
0.999775 0.0211672 0.00147839 -0.501888 -0.0211449 0.999683 -0.0137036 -0.72635 -0.001768 0.0136692 0.999905 31.2484
0.999813 0.0192683 0.00135311 -0.511504 -0.0192491 0.99973 -0.0129951 -0.73113 -0.00160314 0.0129666 0.999915 32.2765
0.999841 0.0177563 0.00149557 -0.519219 -0.0177397 0.999788 -0.0104596 -0.74401 -0.00168098 0.0104314 0.999944 33.3292
0.999844 0.0176494 0.000302808 -0.537782 -0.0176467 0.999817 -0.00743896 -0.76777 -0.000434056 0.00743246 0.999973 34.3921
0.999868 0.0162631 0.000168836 -0.558241 -0.0162621 0.999857 -0.00464305 -0.776927 -0.000244331 0.0046397 0.99999 35.4676
0.999868 0.0162344 -0.00059109 -0.573814 -0.0162363 0.999863 -0.00333808 -0.785047 0.000536808 0.00334724 0.999995 36.5424
0.999865 0.0164331 -7.66755e-05 -0.592383 -0.0164333 0.99986 -0.00326443 -0.793756 2.30105e-05 0.00326525 0.999995 37.624
0.999853 0.0170727 -0.00134573 -0.61239 -0.0170781 0.999846 -0.00412062 -0.803378 0.00127516 0.004143 0.999991 38.7062
0.999845 0.0175225 -0.00139027 -0.627284 -0.0175268 0.999842 -0.00309987 -0.820605 0.00133572 0.00312376 0.999995 39.7945
0.999827 0.0185889 5.05305e-05 -0.643864 -0.0185889 0.999827 -0.000593865 -0.839314 -6.15705e-05 0.000592827 1 40.8785
0.999824 0.0187152 -0.0012484 -0.651749 -0.0187132 0.999824 0.00163411 -0.862571 0.00127876 -0.00161045 0.999998 41.9656
0.999779 0.020984 -0.000702995 -0.657871 -0.0209831 0.999779 0.00128785 -0.88518 0.000729855 -0.00127282 0.999999 43.0528
0.999719 0.0236378 -0.00154419 -0.662019 -0.0236398 0.99972 -0.00127859 -0.904976 0.00151353 0.00131474 0.999998 44.1502
0.999635 0.0269958 -0.000610364 -0.663452 -0.0269978 0.999629 -0.00352022 -0.927155 0.000515097 0.00353542 0.999994 45.2506
0.999591 0.0285837 -0.000698992 -0.669955 -0.0285866 0.999581 -0.00453574 -0.948796 0.000569041 0.00455387 0.99999 46.353
0.999592 0.0285577 0.000386997 -0.67301 -0.0285573 0.999592 -0.00100604 -0.967732 -0.000415579 0.000994581 1 47.4584
0.999535 0.0304373 0.00176674 -0.680525 -0.0304394 0.999536 0.00120276 -0.985299 -0.00172933 -0.00125598 0.999998 48.5584
0.999537 0.030366 0.00179967 -0.682692 -0.0303693 0.999537 0.00182383 -1.00747 -0.00174347 -0.00187764 0.999997 49.6565
0.999519 0.0309108 0.00260745 -0.686367 -0.0309164 0.99952 0.00212574 -1.02056 -0.0025405 -0.00220532 0.999995 50.7476
0.999553 0.0296654 0.00351681 -0.679843 -0.029667 0.99956 0.000388133 -1.03709 -0.00350375 -0.000492291 0.999994 51.8375
0.999548 0.0298225 0.00379679 -0.687369 -0.029817 0.999554 -0.00149489 -1.04472 -0.00383969 0.00138101 0.999992 52.9282
0.99958 0.0285182 0.0051414 -0.683268 -0.0285054 0.999591 -0.00254573 -1.04445 -0.0052119 0.00239811 0.999984 54.0061
0.99967 0.0251538 0.00509618 -0.66886 -0.0251325 0.999676 -0.0042085 -1.04037 -0.00520039 0.00407904 0.999978 55.0856
0.999706 0.0233998 0.00630671 -0.653379 -0.0233608 0.999708 -0.00619625 -1.03391 -0.00644987 0.0060471 0.999961 56.1614
0.999742 0.0216489 0.00678388 -0.646349 -0.0216167 0.999755 -0.00478329 -1.02443 -0.00688578 0.00463542 0.999966 57.2257
0.999753 0.0202965 0.0090629 -0.634722 -0.0202941 0.999794 -0.000360064 -1.02163 -0.00906835 0.000176056 0.999959 58.2525
0.999787 0.0185937 0.00888961 -0.628044 -0.0186406 0.999813 0.00522492 -1.01851 -0.0087908 -0.00538951 0.999947 59.3051
0.999823 0.0160264 0.00983551 -0.627442 -0.0160945 0.999847 0.00687942 -1.01519 -0.00972376 -0.0070365 0.999928 60.3587
0.999826 0.0157057 0.0100315 -0.622927 -0.0157668 0.999858 0.00604319 -1.02169 -0.00993517 -0.0062003 0.999932 61.3967
0.999861 0.0137232 0.00942128 -0.609497 -0.0137472 0.999903 0.00249388 -1.01699 -0.00938615 -0.00262305 0.999953 62.4536
0.999837 0.0147912 0.0103715 -0.608424 -0.0147928 0.999891 7.93031e-05 -1.01557 -0.0103692 -0.00023271 0.999947 63.4913
0.999833 0.01489 0.0105528 -0.609248 -0.0148566 0.999885 -0.00324289 -1.01715 -0.0105999 0.00308557 0.999939 64.5209
0.999788 0.0171497 0.0113447 -0.614703 -0.0171188 0.99985 -0.00281564 -1.01367 -0.0113913 0.00262084 0.999932 65.5506
0.999713 0.0208813 0.0116867 -0.615952 -0.0208799 0.999782 -0.000236831 -1.00457 -0.0116891 -7.25092e-06 0.999932 66.5701
0.999681 0.0224556 0.0115352 -0.615078 -0.0225011 0.99974 0.00382622 -1.00064 -0.0114463 -0.00408455 0.999927 67.5945
0.999676 0.0228784 0.0111345 -0.613486 -0.0229473 0.999719 0.00609496 -0.994052 -0.0109919 -0.00634849 0.99992 68.6115
0.999709 0.0218849 0.0100954 -0.608452 -0.0219735 0.999721 0.00875073 -0.98297 -0.00990113 -0.00897002 0.999911 69.6411
0.999723 0.0210391 0.0105415 -0.601744 -0.0211534 0.999718 0.0108572 -0.980074 -0.0103101 -0.0110772 0.999886 70.6821
0.999761 0.0198628 0.00913577 -0.595558 -0.0199974 0.99969 0.014895 -0.983121 -0.00883709 -0.0150741 0.999848 71.7384
0.999805 0.0182413 0.007514 -0.589562 -0.0183652 0.999691 0.0167652 -0.985243 -0.00720587 -0.0168999 0.999832 72.792
0.999824 0.0167335 0.00850716 -0.583641 -0.0168814 0.999703 0.0176226 -0.979854 -0.00820975 -0.0177632 0.999809 73.8341
0.999829 0.0170955 0.00698371 -0.578178 -0.0172094 0.999715 0.0165923 -0.98081 -0.00669807 -0.0167097 0.999838 74.886
0.999822 0.0175834 0.00686011 -0.574145 -0.0176919 0.999715 0.016089 -0.985574 -0.00657526 -0.0162075 0.999848 75.9265
0.999802 0.0186807 0.00688044 -0.566351 -0.0188076 0.999646 0.0188672 -0.985546 -0.00652555 -0.0189929 0.999799 76.9618
0.999775 0.0200986 0.00668907 -0.556088 -0.020252 0.999514 0.0237236 -0.984322 -0.00620902 -0.0238537 0.999697 77.9961
0.999743 0.0214468 0.00735413 -0.547607 -0.0216431 0.999381 0.0277499 -0.970128 -0.00675444 -0.0279019 0.999588 79.0188
0.999736 0.0218936 0.0068533 -0.541618 -0.0220934 0.999288 0.0305899 -0.955881 -0.0061787 -0.0307333 0.999509 80.0189
0.999753 0.0210494 0.00712009 -0.541861 -0.0212598 0.999297 0.0308916 -0.931098 -0.00646485 -0.0310353 0.999498 81.0105
0.99974 0.0221055 0.00554833 -0.544327 -0.0222653 0.999284 0.0306137 -0.905423 -0.00486763 -0.0307293 0.999516 81.9962
0.999739 0.0219706 0.00615266 -0.543729 -0.0221567 0.999242 0.0320239 -0.883768 -0.00544442 -0.0321519 0.999469 82.9795
0.999815 0.0185977 0.00488027 -0.545531 -0.0187517 0.999257 0.0336811 -0.860275 -0.00425026 -0.0337664 0.999421 83.9624
0.999829 0.0179843 0.00435031 -0.547521 -0.0181281 0.9992 0.0356628 -0.841717 -0.00370547 -0.0357355 0.999355 84.9474
0.999849 0.0167315 0.00454701 -0.549434 -0.0168929 0.99913 0.0381372 -0.82054 -0.00390497 -0.0382082 0.999263 85.9358
0.999862 0.0162837 0.00325391 -0.549386 -0.0164011 0.999062 0.040085 -0.804062 -0.00259813 -0.0401328 0.999192 86.9099
0.999874 0.0156294 0.00267621 -0.548656 -0.0157255 0.999046 0.0407498 -0.790442 -0.00203677 -0.0407868 0.999166 87.8393
0.999889 0.0148613 -0.000615861 -0.55332 -0.0148232 0.999038 0.0412881 -0.772568 0.00122886 -0.0412744 0.999148 88.7465
0.999889 0.0145775 -0.00304227 -0.562933 -0.0144394 0.999042 0.0413307 -0.751905 0.00364185 -0.0412822 0.999141 89.6304
0.99988 0.0146101 -0.00502754 -0.570803 -0.0143816 0.99898 0.0428193 -0.728272 0.005648 -0.0427419 0.999071 90.492
0.999839 0.0159175 -0.00822126 -0.579443 -0.0155339 0.998876 0.0447902 -0.717775 0.00892496 -0.0446553 0.998963 91.3451
0.999808 0.0169062 -0.00984174 -0.591997 -0.0164305 0.998781 0.0465629 -0.708629 0.0106169 -0.0463923 0.998867 92.1681
0.999776 0.0171498 -0.0124142 -0.604443 -0.0165352 0.99871 0.0480197 -0.687056 0.0132217 -0.0478037 0.99877 92.9727
0.999732 0.0188081 -0.0134954 -0.619653 -0.018135 0.998665 0.0483737 -0.668838 0.0143872 -0.048116 0.998739 93.7532
0.999654 0.0207747 -0.0161232 -0.637313 -0.0199604 0.998594 0.0491184 -0.653078 0.0171209 -0.0487796 0.998663 94.5102
0.999601 0.0222653 -0.0173451 -0.657485 -0.0214042 0.998602 0.0483383 -0.634767 0.0183971 -0.0479478 0.998681 95.2268
0.999523 0.0239107 -0.0195121 -0.674901 -0.0229968 0.998687 0.0457864 -0.618922 0.0205813 -0.0453159 0.998761 95.922
0.999406 0.0266017 -0.021924 -0.695654 -0.025647 0.998758 0.0427331 -0.605956 0.0230335 -0.0421454 0.998847 96.5867
0.999317 0.0284817 -0.0235354 -0.7173 -0.0274743 0.998737 0.0420706 -0.592149 0.024704 -0.0413953 0.998838 97.2226
0.999239 0.0305964 -0.0242029 -0.738237 -0.0295767 0.998704 0.0414219 -0.579538 0.0254389 -0.0406745 0.998849 97.8414
0.999217 0.0321654 -0.0230399 -0.762823 -0.0311645 0.998609 0.0425563 -0.564869 0.0243767 -0.0418049 0.998829 98.4359
0.999169 0.0358542 -0.0193985 -0.789687 -0.0349708 0.998415 0.0441063 -0.548739 0.0209492 -0.0433912 0.998839 99.0136
0.999147 0.0386962 -0.0144312 -0.810425 -0.0380002 0.998231 0.045732 -0.535183 0.0161753 -0.0451446 0.99885 99.5802
0.999214 0.0391571 -0.00614928 -0.817322 -0.0388219 0.998118 0.0474873 -0.522393 0.00799716 -0.0472112 0.998854 100.118
0.999229 0.0391386 0.00301121 -0.820448 -0.0392401 0.997987 0.0498404 -0.510645 -0.00105448 -0.0499201 0.998753 100.642
0.999147 0.0383642 0.0152414 -0.813633 -0.039092 0.997948 0.0507301 -0.496429 -0.0132639 -0.0512827 0.998597 101.146
0.998893 0.037424 0.0284895 -0.799248 -0.03885 0.99793 0.0512648 -0.484047 -0.026512 -0.0523149 0.998279 101.623
0.998381 0.0360249 0.0440154 -0.776272 -0.0382524 0.997974 0.0508577 -0.465184 -0.0420941 -0.052459 0.997736 102.088
0.997491 0.0353206 0.0613501 -0.742797 -0.0383441 0.998072 0.0488252 -0.45308 -0.0595073 -0.0510551 0.996922 102.537
0.995972 0.0352314 0.0824518 -0.704984 -0.0390264 0.998231 0.0448772 -0.441293 -0.0807249 -0.0479142 0.995585 102.968
0.993727 0.0341344 0.106495 -0.647624 -0.0386519 0.998426 0.040648 -0.428248 -0.10494 -0.0445093 0.993483 103.397
0.990561 0.0318061 0.133327 -0.579898 -0.0372337 0.998569 0.0384148 -0.422301 -0.131914 -0.0430165 0.990328 103.804
0.986085 0.0285252 0.163774 -0.502083 -0.0350561 0.998696 0.0371263 -0.410062 -0.162501 -0.0423509 0.9858 104.197
0.980309 0.0264611 0.19569 -0.406581 -0.0338964 0.998822 0.0347438 -0.403612 -0.19454 -0.0406928 0.980051 104.578
0.972413 0.0247221 0.231952 -0.296081 -0.0332373 0.998907 0.0328746 -0.399724 -0.230886 -0.0396771 0.972172 104.948
0.962975 0.0216234 0.268723 -0.176897 -0.0313043 0.999005 0.0317926 -0.395214 -0.267768 -0.0390277 0.962693 105.305
0.950833 0.0201613 0.309045 -0.0414433 -0.0310459 0.999058 0.0303425 -0.397232 -0.308142 -0.0384453 0.950564 105.651
0.936627 0.0203879 0.349733 0.0987356 -0.0325454 0.999053 0.0289201 -0.385639 -0.348812 -0.0384695 0.936403 105.987
0.918991 0.023713 0.393564 0.253619 -0.0371289 0.99896 0.0265087 -0.387143 -0.392526 -0.0389738 0.918915 106.304
0.898705 0.0223549 0.437983 0.423479 -0.038032 0.998911 0.0270536 -0.376082 -0.436901 -0.0409706 0.898576 106.619
0.876535 0.0222821 0.480821 0.60068 -0.0399307 0.998852 0.0265051 -0.379678 -0.479678 -0.0424322 0.876419 106.91
0.850839 0.020504 0.525027 0.795475 -0.0395136 0.998906 0.0250238 -0.373599 -0.523939 -0.0420369 0.850718 107.2
0.823985 0.0210375 0.566221 0.999625 -0.0403475 0.998953 0.0215998 -0.376767 -0.565174 -0.0406436 0.82397 107.476
0.793547 0.0220167 0.60811 1.21665 -0.0412389 0.998994 0.0176456 -0.373675 -0.60711 -0.0390804 0.793657 107.741
0.76116 0.0268734 0.648007 1.43279 -0.0448251 0.998933 0.0112258 -0.368984 -0.647014 -0.0375916 0.761552 107.996
0.725082 0.0319141 0.687923 1.67272 -0.0486705 0.998803 0.00496308 -0.35667 -0.686941 -0.0370801 0.725767 108.252
0.686543 0.037088 0.726143 1.92463 -0.0543712 0.998521 0.000406281 -0.3601 -0.725054 -0.0397602 0.687544 108.493
0.645336 0.036331 0.763034 2.1997 -0.0542478 0.998527 -0.00166349 -0.363107 -0.76197 -0.0403194 0.646356 108.707
0.602152 0.0331393 0.797693 2.49214 -0.0524199 0.998624 -0.00191672 -0.363792 -0.796659 -0.0406609 0.60306 108.911
0.556771 0.0308181 0.830094 2.80008 -0.0526916 0.99861 -0.00173241 -0.361497 -0.828994 -0.0427744 0.557621 109.096
0.508164 0.0293088 0.860761 3.11623 -0.0539708 0.998541 -0.00213761 -0.348972 -0.859568 -0.0453697 0.509004 109.281
0.459487 0.0271437 0.887769 3.45294 -0.0541912 0.998528 -0.00248215 -0.334676 -0.88653 -0.0469688 0.460281 109.437
0.407002 0.0226595 0.913146 3.80785 -0.0533075 0.998578 -0.00101959 -0.337633 -0.911871 -0.0482625 0.407631 109.574
0.355855 0.0218923 0.934284 4.17606 -0.0562429 0.998416 -0.00197293 -0.335814 -0.932848 -0.0518448 0.356522 109.697
0.30411 0.0251967 0.952304 4.54941 -0.0598312 0.998182 -0.00730396 -0.335643 -0.950757 -0.0547563 0.305064 109.805
0.252917 0.028974 0.967054 4.93658 -0.0614286 0.998016 -0.013836 -0.347397 -0.965537 -0.0559054 0.254194 109.885
0.205125 0.0315122 0.978228 5.32208 -0.0610518 0.997948 -0.0193454 -0.359449 -0.97683 -0.0557544 0.206628 109.955
0.162724 0.0309691 0.986185 5.72664 -0.0548444 0.998247 -0.0222984 -0.375557 -0.985147 -0.0504583 0.164137 109.995
0.127194 0.0303968 0.991412 6.12926 -0.048234 0.998538 -0.024427 -0.38678 -0.990705 -0.0447128 0.128474 110.016
0.0955774 0.0309189 0.994942 6.532 -0.0444724 0.998653 -0.026762 -0.404494 -0.994429 -0.0416896 0.0968234 110.031
0.0671495 0.0292814 0.997313 6.9523 -0.0463211 0.998584 -0.0261998 -0.400436 -0.996668 -0.0444373 0.0684105 110.064
0.0408965 0.0260508 0.998824 7.38687 -0.0512689 0.998399 -0.0239405 -0.387976 -0.997848 -0.0502295 0.0421663 110.097
0.0161993 0.0227063 0.999611 7.82797 -0.0549286 0.998253 -0.0217853 -0.389298 -0.998359 -0.0545543 0.0174179 110.127
-0.00613198 0.0205557 0.99977 8.29853 -0.0512748 0.998468 -0.0208434 -0.394449 -0.998666 -0.0513908 -0.00506885 110.142
-0.0266791 0.0203956 0.999436 8.80104 -0.0460565 0.998706 -0.0216101 -0.416227 -0.998583 -0.0466071 -0.0257055 110.137
-0.0451579 0.0227248 0.998721 9.29313 -0.0404826 0.998879 -0.0245588 -0.424234 -0.99816 -0.0415398 -0.0441876 110.107
-0.0592348 0.0274797 0.997866 9.79721 -0.0391651 0.998788 -0.02983 -0.430167 -0.997476 -0.0408485 -0.058087 110.085
-0.0710879 0.0314575 0.996974 10.3242 -0.04153 0.998543 -0.0344682 -0.440015 -0.996605 -0.0438545 -0.0696781 110.063
-0.0775044 0.0319662 0.996479 10.8838 -0.0396168 0.998598 -0.0351155 -0.457573 -0.996205 -0.0421989 -0.0761296 110.026
-0.0807886 0.028871 0.996313 11.4701 -0.0340214 0.998919 -0.0317052 -0.486662 -0.996151 -0.0364574 -0.0797192 109.98
-0.0810485 0.0282445 0.99631 12.0797 -0.032477 0.998993 -0.0309625 -0.509219 -0.996181 -0.0348667 -0.0800499 109.927
-0.0792871 0.0277525 0.996465 12.7079 -0.0330048 0.998992 -0.030449 -0.533986 -0.996306 -0.0353023 -0.0782915 109.878
-0.0781525 0.0282383 0.996541 13.354 -0.0364612 0.99885 -0.0311631 -0.552405 -0.996275 -0.0387705 -0.0770333 109.831
-0.0759756 0.0300207 0.996658 14.0008 -0.0392664 0.998682 -0.0330749 -0.572065 -0.996336 -0.041648 -0.0746969 109.785
-0.07508 0.0301833 0.99672 14.6793 -0.0401547 0.99864 -0.0332661 -0.610917 -0.996369 -0.0425206 -0.0737661 109.732
-0.074542 0.0303741 0.996755 15.3877 -0.0394646 0.998664 -0.0333836 -0.642353 -0.996437 -0.0418251 -0.0732439 109.677
-0.0738938 0.029273 0.996836 16.1052 -0.0410207 0.998635 -0.0323665 -0.682919 -0.996422 -0.0432826 -0.0725923 109.63
-0.0745331 0.0277019 0.996834 16.8381 -0.0386433 0.998784 -0.0306454 -0.70938 -0.99647 -0.040805 -0.0733722 109.583
-0.0756107 0.0251616 0.99682 17.5859 -0.0386827 0.998856 -0.0281471 -0.751684 -0.996387 -0.0406879 -0.0745511 109.53
-0.0765522 0.0238939 0.996779 18.3437 -0.0407173 0.998805 -0.0270695 -0.787595 -0.996234 -0.0426584 -0.0754879 109.478
-0.0782454 0.0227856 0.996674 19.108 -0.0427081 0.998745 -0.0261858 -0.82 -0.996019 -0.0446149 -0.0771743 109.423
-0.0792406 0.020918 0.996636 19.8688 -0.0406682 0.99888 -0.0241985 -0.848733 -0.996026 -0.0424489 -0.0783014 109.359
-0.0821482 0.0184086 0.99645 20.6315 -0.0394693 0.998986 -0.0217093 -0.873881 -0.995838 -0.0411125 -0.0813385 109.291
-0.0840517 0.0179489 0.9963 21.4027 -0.0416673 0.998901 -0.0215109 -0.898357 -0.99559 -0.0433211 -0.0832116 109.229
-0.0859557 0.0207632 0.996083 22.1775 -0.0448433 0.99869 -0.0246872 -0.925572 -0.995289 -0.0467896 -0.0849121 109.172
-0.0879104 0.025457 0.995803 22.963 -0.0441326 0.998593 -0.0294243 -0.9447 -0.99515 -0.046534 -0.0866634 109.107
-0.0885407 0.0265953 0.995717 23.7498 -0.0432307 0.9986 -0.0305164 -0.971154 -0.995134 -0.0457475 -0.0872671 109.043
-0.0906597 0.0247805 0.995574 24.5249 -0.0465783 0.998492 -0.0290947 -0.998202 -0.994792 -0.0490099 -0.0893689 108.989
-0.092108 0.0207245 0.995533 25.3003 -0.0503521 0.998408 -0.0254429 -1.02744 -0.994475 -0.0524707 -0.0909181 108.932
-0.0935664 0.0154475 0.995493 26.0831 -0.0521178 0.998433 -0.0203917 -1.05296 -0.994248 -0.0537909 -0.0926149 108.879
-0.0952768 0.011014 0.99539 26.8599 -0.0545578 0.998379 -0.0162692 -1.07776 -0.993955 -0.0558563 -0.0945216 108.826
-0.0959923 0.00930035 0.995339 27.654 -0.0567474 0.99828 -0.0148006 -1.09676 -0.993763 -0.0579036 -0.0952995 108.763
-0.0961544 0.0162717 0.995233 28.45 -0.0547898 0.998265 -0.0216147 -1.12319 -0.993857 -0.0566069 -0.0950962 108.692
-0.0947569 0.0262545 0.995154 29.2451 -0.0517197 0.998173 -0.0312587 -1.15101 -0.994156 -0.054431 -0.0932261 108.623
-0.0946845 0.0316903 0.995003 30.0364 -0.0513851 0.998006 -0.0366758 -1.17877 -0.99418 -0.0546009 -0.0928674 108.55
-0.0921363 0.027539 0.995366 30.8333 -0.0500572 0.998226 -0.0322516 -1.20401 -0.994487 -0.0527967 -0.0905945 108.477
-0.0909031 0.020796 0.995643 31.6419 -0.0474744 0.998555 -0.0251913 -1.23452 -0.994727 -0.0495574 -0.0897847 108.404
-0.0918418 0.0173568 0.995622 32.4418 -0.047338 0.998642 -0.0217761 -1.27398 -0.994648 -0.0491307 -0.0908956 108.331
-0.0907604 0.0173982 0.995721 33.2215 -0.0504653 0.998483 -0.0220463 -1.31559 -0.994593 -0.0522503 -0.0897449 108.263
-0.0928976 0.0178927 0.995515 33.9853 -0.0533086 0.998316 -0.0229176 -1.35095 -0.994248 -0.0551985 -0.0917875 108.195
-0.0949603 0.0172866 0.995331 34.7446 -0.0552769 0.998216 -0.0226104 -1.37971 -0.993945 -0.0571659 -0.0938355 108.133
-0.0978027 0.0168174 0.995064 35.5019 -0.0565196 0.99815 -0.0224247 -1.41066 -0.9936 -0.0584338 -0.0966715 108.074
-0.0991505 0.0167706 0.994931 36.2569 -0.0585196 0.99803 -0.0226546 -1.44845 -0.99335 -0.0604692 -0.0979739 108.017
-0.100509 0.0167323 0.994796 36.9931 -0.0605356 0.997904 -0.0229008 -1.47689 -0.993093 -0.0625223 -0.0992858 107.96
-0.104937 0.0165629 0.994341 37.7172 -0.0605168 0.997903 -0.0230088 -1.50296 -0.992636 -0.0625888 -0.103715 107.899
-0.10644 0.0154576 0.994199 38.4506 -0.0597076 0.997976 -0.0219087 -1.53358 -0.992525 -0.0616932 -0.105302 107.828
-0.109076 0.0155463 0.993912 39.1894 -0.0600092 0.997952 -0.0221951 -1.55489 -0.99222 -0.0620648 -0.10792 107.762
-0.11025 0.0155204 0.993783 39.9422 -0.0604733 0.997922 -0.0222939 -1.58715 -0.992062 -0.0625552 -0.109083 107.687
-0.110042 0.0163938 0.993792 40.6796 -0.060264 0.997915 -0.0231348 -1.61079 -0.992098 -0.0624356 -0.108825 107.619
-0.111202 0.0147649 0.993688 41.4199 -0.057586 0.998114 -0.021275 -1.63706 -0.992128 -0.0595883 -0.110143 107.535
-0.114363 0.0151428 0.993324 42.1651 -0.057292 0.99812 -0.021812 -1.6668 -0.991785 -0.0594039 -0.113281 107.451
-0.117124 0.0138258 0.993021 42.9127 -0.0572458 0.998147 -0.0206491 -1.69837 -0.991466 -0.0592647 -0.116116 107.372
-0.117501 0.0139285 0.992975 43.6366 -0.0583459 0.998078 -0.0209042 -1.72882 -0.991357 -0.0603922 -0.116462 107.289
-0.119977 0.0133327 0.992687 44.3519 -0.0580836 0.998103 -0.0204254 -1.7513 -0.991076 -0.0601094 -0.118975 107.211
-0.119463 0.0125162 0.99276 45.0436 -0.0577003 0.998143 -0.0195273 -1.78161 -0.99116 -0.0596153 -0.118519 107.128
-0.121572 0.0138418 0.992486 45.7283 -0.0573128 0.998137 -0.020941 -1.8045 -0.990926 -0.0594279 -0.120553 107.031
-0.120831 0.014674 0.992565 46.3927 -0.0586729 0.998038 -0.0218974 -1.8302 -0.990937 -0.0608825 -0.119733 106.944
-0.121618 0.0168811 0.992433 47.0516 -0.0589291 0.997969 -0.0241967 -1.8502 -0.990826 -0.061426 -0.120377 106.862
-0.124201 0.0166495 0.992117 47.7082 -0.0577001 0.998047 -0.0239724 -1.87678 -0.990578 -0.0602226 -0.122998 106.779
-0.124095 0.0162293 0.992138 48.3812 -0.0557419 0.998174 -0.0233001 -1.90702 -0.990703 -0.058195 -0.122964 106.693
-0.127314 0.0139204 0.991765 49.0611 -0.0541413 0.998314 -0.0209624 -1.94398 -0.990383 -0.0563642 -0.126346 106.61
-0.127506 0.0142965 0.991735 49.7472 -0.0576545 0.998099 -0.0218008 -1.98025 -0.990161 -0.0599576 -0.126439 106.533
-0.129337 0.0141231 0.9915 50.4186 -0.0596511 0.997977 -0.0219965 -2.01783 -0.989805 -0.061989 -0.128233 106.458
-0.128842 0.0124432 0.991587 51.0816 -0.0584677 0.998087 -0.0201217 -2.05697 -0.98994 -0.0605683 -0.127868 106.383
-0.130193 0.0111142 0.991426 51.7512 -0.0595111 0.998047 -0.0190033 -2.09165 -0.989701 -0.0614749 -0.129277 106.306
-0.134563 0.00975836 0.990857 52.4438 -0.0653947 0.997685 -0.0187064 -2.11928 -0.988745 -0.067314 -0.133613 106.237
-0.139666 0.0107649 0.99014 53.1525 -0.0680826 0.997471 -0.0204481 -2.14492 -0.987855 -0.0702671 -0.13858 106.163
-0.145854 0.0132212 0.989218 53.8383 -0.0656108 0.997581 -0.0230068 -2.17975 -0.987128 -0.068259 -0.144634 106.074
-0.152623 0.0156625 0.98816 54.5121 -0.0633043 0.997667 -0.0255906 -2.21016 -0.986255 -0.0664605 -0.151276 105.988
-0.160944 0.0182931 0.986794 55.1884 -0.0625457 0.99763 -0.028695 -2.241 -0.98498 -0.066338 -0.159419 105.895
-0.167422 0.0172689 0.985734 55.8518 -0.0661756 0.997395 -0.0287128 -2.2625 -0.983662 -0.0700387 -0.165843 105.8
-0.17623 0.0156431 0.984225 56.5243 -0.0669837 0.997366 -0.0278456 -2.28862 -0.982067 -0.0708342 -0.174718 105.699
-0.18092 0.0152324 0.98338 57.1991 -0.068758 0.997238 -0.0280969 -2.31582 -0.981091 -0.0726985 -0.179373 105.584
-0.186131 0.0152051 0.982407 57.8861 -0.0703967 0.997105 -0.0287701 -2.33797 -0.98 -0.0745132 -0.184521 105.47
-0.189865 0.0120365 0.981736 58.557 -0.0700679 0.99721 -0.0257771 -2.36485 -0.979306 -0.0736824 -0.188492 105.344
-0.192908 0.00778617 0.981186 59.2313 -0.0694243 0.997355 -0.0215637 -2.38824 -0.978758 -0.0722779 -0.191857 105.218
-0.195737 0.00521996 0.980643 59.9214 -0.0689439 0.997439 -0.0190705 -2.42167 -0.97823 -0.0713421 -0.194875 105.085
-0.196969 0.00444573 0.9804 60.6038 -0.069844 0.997386 -0.0185548 -2.43576 -0.977919 -0.0721297 -0.196143 104.953
-0.198422 0.00744029 0.980089 61.2794 -0.0669324 0.997535 -0.0211233 -2.46136 -0.977828 -0.069791 -0.197435 104.825
-0.199564 0.0127859 0.979801 61.9627 -0.0603909 0.997854 -0.0253217 -2.48349 -0.978022 -0.0642243 -0.198364 104.683
-0.200027 0.0160698 0.979659 62.6489 -0.0554885 0.998076 -0.0277015 -2.51257 -0.978217 -0.0599007 -0.19875 104.535
-0.201685 0.0175641 0.979293 63.3492 -0.0547917 0.998072 -0.0291852 -2.53109 -0.977916 -0.0595433 -0.200333 104.392
-0.201561 0.0145878 0.979367 64.0579 -0.057867 0.997966 -0.0267743 -2.54979 -0.977765 -0.0620696 -0.200307 104.255
-0.202345 0.00985248 0.979265 64.7656 -0.0578867 0.998081 -0.0220029 -2.5661 -0.977602 -0.0611385 -0.201387 104.11
-0.203201 0.00739016 0.979109 65.4776 -0.0566403 0.998209 -0.0192892 -2.57935 -0.977497 -0.0593765 -0.202419 103.963
-0.203474 0.00711343 0.979055 66.1843 -0.0552783 0.998296 -0.0187415 -2.60227 -0.977518 -0.0579338 -0.202734 103.817
-0.205584 0.00774422 0.978609 66.8961 -0.0585732 0.998079 -0.0202032 -2.62018 -0.976885 -0.0614737 -0.204735 103.673
-0.207989 0.00755216 0.978102 67.613 -0.0598873 0.997996 -0.0204405 -2.64759 -0.976296 -0.0628273 -0.20712 103.531
-0.21214 0.00868862 0.977201 68.3303 -0.0599 0.997965 -0.0218769 -2.67321 -0.975402 -0.0631752 -0.211188 103.385
-0.213181 0.0066434 0.97699 69.0472 -0.0602234 0.997987 -0.019927 -2.69781 -0.975155 -0.0630856 -0.212352 103.237
-0.214253 0.00522847 0.976764 69.7473 -0.0636097 0.997789 -0.0192937 -2.71536 -0.974705 -0.0662653 -0.213446 103.122
-0.215703 0.00482693 0.976447 70.4553 -0.0666671 0.997582 -0.0196585 -2.72873 -0.97418 -0.0693372 -0.21486 102.999
-0.21643 0.00621695 0.976278 71.173 -0.0681686 0.997444 -0.0214639 -2.75095 -0.973915 -0.0711968 -0.215453 102.88
-0.217246 0.00608348 0.976098 71.9014 -0.069392 0.997355 -0.0216602 -2.76522 -0.973647 -0.0724389 -0.216249 102.746
-0.21749 0.00543456 0.976048 72.617 -0.0716467 0.997199 -0.0215171 -2.77975 -0.973429 -0.0746102 -0.216491 102.59
-0.218887 0.00403109 0.975742 73.335 -0.0720545 0.997195 -0.0202836 -2.79795 -0.973086 -0.0747463 -0.217982 102.44
-0.219026 0.00271616 0.975715 74.0578 -0.074557 0.997027 -0.0195118 -2.80319 -0.972866 -0.0770199 -0.218172 102.269
-0.220326 0.00198543 0.975424 74.7891 -0.0774434 0.996806 -0.0195216 -2.78879 -0.972347 -0.0798412 -0.219469 102.146
-0.223552 0.00199607 0.97469 75.5218 -0.0780299 0.996752 -0.0199379 -2.77822 -0.971563 -0.080512 -0.22267 102.035
-0.224482 0.00182938 0.974476 76.2469 -0.0788829 0.996683 -0.0200427 -2.7654 -0.97128 -0.0813687 -0.223593 101.893
-0.227541 0.00235197 0.973766 76.99 -0.0795619 0.996609 -0.0209984 -2.76369 -0.970512 -0.0822525 -0.226582 101.732
-0.228677 0.0068067 0.973478 77.7124 -0.0784974 0.996591 -0.0254079 -2.75486 -0.970332 -0.0822256 -0.227364 101.571
-0.230364 0.00894044 0.973064 78.4619 -0.0782772 0.996548 -0.0276876 -2.78079 -0.969951 -0.0825468 -0.228869 101.388
-0.229701 0.0116286 0.973192 79.2481 -0.0786202 0.99644 -0.030463 -2.80301 -0.97008 -0.0835099 -0.227969 101.199
-0.229182 0.0127429 0.9733 80.0358 -0.076678 0.996571 -0.0311028 -2.82306 -0.970358 -0.0817588 -0.227419 101.007
-0.229568 0.0125377 0.973212 80.8348 -0.0725213 0.996918 -0.0299499 -2.84373 -0.970587 -0.0774541 -0.227951 100.804
-0.227323 0.0108904 0.973758 81.6408 -0.0716353 0.997042 -0.0278739 -2.87269 -0.971181 -0.0760918 -0.22587 100.598
-0.227623 0.00900131 0.973708 82.464 -0.0727564 0.997006 -0.0262248 -2.90123 -0.971027 -0.0768127 -0.226286 100.399
-0.224108 0.00743763 0.974536 83.2859 -0.0725047 0.997073 -0.024283 -2.93144 -0.971863 -0.0761004 -0.222913 100.201
-0.224002 0.0055196 0.974573 84.1133 -0.0727062 0.997104 -0.0223584 -2.95834 -0.971873 -0.0758657 -0.222952 100.004
-0.221965 0.00271874 0.975051 84.9382 -0.0732045 0.997128 -0.0194449 -3.00096 -0.972302 -0.0756941 -0.221129 99.8054
-0.221983 0.00271825 0.975047 85.7473 -0.0754731 0.996949 -0.0199618 -3.03862 -0.972125 -0.0780208 -0.221101 99.6102
-0.221775 0.00647886 0.975076 86.5783 -0.0743567 0.996955 -0.0235362 -3.07344 -0.972258 -0.0777231 -0.220618 99.4214
-0.219935 0.010872 0.975454 87.3967 -0.073772 0.99689 -0.0277441 -3.10391 -0.972721 -0.078063 -0.218449 99.2367
-0.220456 0.0139599 0.975297 88.2184 -0.0768392 0.996542 -0.0316327 -3.14734 -0.972365 -0.0819146 -0.218621 99.0484
-0.218297 0.0142978 0.975778 89.0452 -0.0769355 0.996529 -0.0318135 -3.18986 -0.972845 -0.0820166 -0.216439 98.8685
-0.218616 0.0114884 0.975743 89.8831 -0.076223 0.996675 -0.0288125 -3.23362 -0.972829 -0.0806729 -0.217013 98.6836
-0.217316 0.0122279 0.976025 90.7195 -0.0736752 0.996864 -0.0288931 -3.27755 -0.973317 -0.0781877 -0.215734 98.5058
-0.218338 0.0124589 0.975794 91.5555 -0.0735267 0.996867 -0.0291798 -3.32179 -0.973099 -0.0781179 -0.216738 98.327
-0.218401 0.0122724 0.975782 92.3931 -0.0746971 0.996778 -0.0292552 -3.36238 -0.972996 -0.0792773 -0.216781 98.1425
-0.217554 0.0118894 0.975976 93.2275 -0.0718541 0.997018 -0.0281627 -3.39931 -0.973399 -0.0762547 -0.216051 97.9609
-0.217143 0.0116899 0.97607 94.0633 -0.0674103 0.997362 -0.0269414 -3.43529 -0.973809 -0.0716472 -0.215782 97.7773
-0.216211 0.0128519 0.976262 94.9022 -0.0670945 0.997355 -0.0279888 -3.47249 -0.974038 -0.0715532 -0.214777 97.5959
-0.216022 0.0150045 0.976273 95.7316 -0.0645109 0.997479 -0.0296048 -3.50441 -0.974255 -0.0693755 -0.214509 97.4227
-0.214675 0.0158075 0.976558 96.5563 -0.0675787 0.997233 -0.0309978 -3.53871 -0.974344 -0.0726488 -0.213013 97.2439
-0.213825 0.0132907 0.976782 97.3776 -0.0682949 0.997258 -0.0285196 -3.58305 -0.974481 -0.0728073 -0.212331 97.0837
-0.213981 0.0115591 0.976769 98.2006 -0.0709342 0.997107 -0.0273393 -3.63396 -0.974258 -0.0751364 -0.212542 96.9178
-0.214512 0.0126065 0.97664 99.0235 -0.0734705 0.996876 -0.0290049 -3.67463 -0.973954 -0.077976 -0.212916 96.7507
-0.215756 0.0150709 0.976331 99.8462 -0.0769614 0.996509 -0.0323897 -3.71302 -0.973409 -0.0821279 -0.213842 96.583
-0.215377 0.01727 0.976378 100.664 -0.078529 0.9963 -0.0349448 -3.75544 -0.973368 -0.0842002 -0.213224 96.4219
-0.214802 0.0177157 0.976497 101.475 -0.0784342 0.996294 -0.0353281 -3.79908 -0.973502 -0.0841792 -0.212616 96.2538
-0.215301 0.0179503 0.976383 102.284 -0.0773813 0.996374 -0.035381 -3.8334 -0.973477 -0.0831712 -0.213131 96.0852
-0.214883 0.0190912 0.976453 103.092 -0.0767818 0.996385 -0.0363778 -3.86783 -0.973616 -0.0827907 -0.21264 95.9179
-0.215507 0.0220875 0.976252 103.899 -0.0764713 0.996293 -0.0394218 -3.89944 -0.973503 -0.0831509 -0.213019 95.7521
-0.213757 0.0225399 0.976627 104.706 -0.0772578 0.996213 -0.0399015 -3.93156 -0.973826 -0.0839812 -0.211206 95.5879
-0.215076 0.0222672 0.976343 105.492 -0.0789322 0.996074 -0.0401049 -3.96358 -0.973402 -0.0856905 -0.212474 95.4212
-0.216388 0.0218212 0.976063 106.266 -0.078847 0.996095 -0.039749 -3.99422 -0.973118 -0.0855609 -0.213823 95.2604
-0.218327 0.0229425 0.975606 107.036 -0.0786702 0.996057 -0.0410286 -4.02921 -0.972699 -0.0857087 -0.215661 95.1038
-0.221452 0.0239348 0.974877 107.802 -0.0787625 0.995995 -0.0423448 -4.07258 -0.971985 -0.0861611 -0.21868 94.9483
-0.223657 0.0255459 0.974333 108.564 -0.0796533 0.995834 -0.0443939 -4.11368 -0.971407 -0.0875378 -0.22069 94.789
-0.22705 0.0255329 0.973548 109.329 -0.0787565 0.995902 -0.0444866 -4.15552 -0.970693 -0.0867739 -0.224109 94.6266
-0.229192 0.0251761 0.973056 110.098 -0.078195 0.995959 -0.0441866 -4.19918 -0.970235 -0.0862152 -0.226297 94.4569
-0.231894 0.0260135 0.972393 110.865 -0.076755 0.996037 -0.0449503 -4.24233 -0.969707 -0.0850596 -0.228978 94.2866
-0.233735 0.0285689 0.97188 111.63 -0.0796144 0.99565 -0.0484146 -4.2868 -0.969035 -0.0886917 -0.230443 94.1172
-0.235843 0.0346046 0.971175 112.394 -0.0804001 0.995246 -0.0549869 -4.33343 -0.968459 -0.0910508 -0.231939 93.9505
-0.239201 0.037289 0.970254 113.154 -0.0769617 0.995391 -0.0572287 -4.38191 -0.967914 -0.0883615 -0.235229 93.7758
-0.241296 0.0351952 0.969813 113.914 -0.0766447 0.99553 -0.0551982 -4.42864 -0.967419 -0.0876501 -0.23752 93.599
-0.244228 0.0290047 0.969284 114.674 -0.0775327 0.995769 -0.049333 -4.47061 -0.966613 -0.0871996 -0.240946 93.4213
-0.245578 0.0274805 0.968987 115.433 -0.0779548 0.995802 -0.0479976 -4.51676 -0.966237 -0.0873243 -0.242405 93.2415
-0.247336 0.029552 0.968479 116.193 -0.0789971 0.995593 -0.0505541 -4.56584 -0.965703 -0.0890108 -0.243911 93.0596
-0.249192 0.0313661 0.967946 116.953 -0.0819668 0.995207 -0.0533513 -4.61729 -0.964978 -0.0926341 -0.245427 92.8766
-0.25111 0.034558 0.967341 117.712 -0.081412 0.995068 -0.0566821 -4.66971 -0.964528 -0.0929866 -0.247058 92.6909
-0.253488 0.0376098 0.966607 118.464 -0.0791023 0.995092 -0.0594622 -4.72673 -0.964098 -0.0915337 -0.249268 92.5042
-0.255338 0.0424586 0.965919 119.218 -0.0785122 0.994826 -0.0644837 -4.78591 -0.963658 -0.0923015 -0.250683 92.3153
-0.258176 0.04364 0.965112 119.967 -0.0797803 0.994605 -0.0663156 -4.84375 -0.962797 -0.0941179 -0.253302 92.1234
-0.260603 0.0428047 0.964497 120.715 -0.078455 0.994774 -0.0653466 -4.90071 -0.962252 -0.092699 -0.255883 91.9293
-0.263485 0.0413334 0.963778 121.461 -0.0761151 0.995077 -0.0634846 -4.95514 -0.961655 -0.0900852 -0.259041 91.732
-0.26786 0.0397008 0.96264 122.208 -0.0765514 0.995116 -0.062341 -5.01009 -0.960411 -0.09039 -0.263513 91.53
-0.273331 0.0391742 0.961122 122.952 -0.0754042 0.995224 -0.0620081 -5.06532 -0.958959 -0.0894213 -0.269072 91.3266
-0.282088 0.0393544 0.958581 123.693 -0.0770768 0.995 -0.0635314 -5.12102 -0.956287 -0.0918057 -0.277644 91.1165
-0.291838 0.0402873 0.955619 124.429 -0.0759865 0.994979 -0.0651522 -5.17651 -0.953444 -0.091628 -0.287311 90.9015
-0.304214 0.0406187 0.951737 125.159 -0.075517 0.994919 -0.0665998 -5.23253 -0.949605 -0.0921329 -0.2996 90.68
-0.316629 0.0417802 0.947629 125.882 -0.0745218 0.994847 -0.0687618 -5.28965 -0.945617 -0.0923909 -0.311884 90.4562
-0.32889 0.0418387 0.943441 126.599 -0.0709382 0.995102 -0.0688591 -5.347 -0.941699 -0.089573 -0.32431 90.2248
-0.340096 0.0412813 0.939484 127.313 -0.0714851 0.995011 -0.0695989 -5.40501 -0.937669 -0.0908294 -0.335448 89.9853
-0.35057 0.042339 0.935579 128.016 -0.0677822 0.995211 -0.0704362 -5.4673 -0.93408 -0.0881084 -0.346021 89.7388
-0.359292 0.0438961 0.932192 128.709 -0.0609244 0.99566 -0.0703666 -5.52234 -0.931234 -0.0820754 -0.355058 89.4862
-0.366617 0.0442009 0.929322 129.389 -0.0595022 0.995713 -0.0708321 -5.5808 -0.928466 -0.0812649 -0.362414 89.2234
-0.372782 0.0431169 0.926917 130.059 -0.0630718 0.995433 -0.0716699 -5.63715 -0.925772 -0.0851795 -0.368359 88.9575
-0.376643 0.0421652 0.925399 130.727 -0.058668 0.995873 -0.0692545 -5.69097 -0.924498 -0.0803754 -0.372614 88.6888
-0.379458 0.0416014 0.924273 131.393 -0.0551556 0.996196 -0.0674826 -5.74673 -0.923563 -0.0765856 -0.375719 88.4179
-0.379343 0.0406489 0.924363 132.051 -0.0509516 0.996602 -0.0647353 -5.80002 -0.923851 -0.0716547 -0.375982 88.1534
-0.380667 0.0406671 0.923818 132.705 -0.0487007 0.996765 -0.0639457 -5.85611 -0.923428 -0.0693325 -0.377454 87.8897
-0.381073 0.0436876 0.923512 133.345 -0.0481269 0.996592 -0.0670035 -5.90791 -0.923291 -0.069979 -0.377672 87.629
-0.379817 0.047331 0.92385 133.975 -0.0474104 0.996383 -0.0705385 -5.95173 -0.923845 -0.0705918 -0.376199 87.3598
-0.379418 0.0480653 0.923976 134.594 -0.0431102 0.996647 -0.0695483 -5.97636 -0.924219 -0.0662207 -0.376074 87.0971
-0.377654 0.0470764 0.92475 135.201 -0.0438129 0.99668 -0.0686307 -6.00033 -0.924909 -0.0664346 -0.374337 86.8366
-0.376181 0.0466314 0.925372 135.806 -0.0423611 0.996824 -0.0674525 -6.03128 -0.925577 -0.064574 -0.37301 86.5885
-0.374835 0.0472779 0.925885 136.401 -0.0449002 0.996602 -0.0690663 -6.05088 -0.926003 -0.0674609 -0.371438 86.3504
-0.373422 0.0511545 0.92625 136.99 -0.0369186 0.996869 -0.0699385 -6.04995 -0.926926 -0.0603124 -0.370363 86.1103
-0.370259 0.0532159 0.927403 137.593 -0.0388021 0.996601 -0.072678 -6.04461 -0.928117 -0.0628948 -0.366935 85.8619
-0.365056 0.0534137 0.929452 138.173 -0.0398212 0.996544 -0.0729097 -6.07784 -0.930132 -0.063628 -0.361667 85.6108
-0.361146 0.0526311 0.931023 138.764 -0.0402725 0.996595 -0.0719597 -6.10673 -0.931638 -0.0634826 -0.357797 85.3736
-0.356519 0.0512192 0.932883 139.356 -0.0405362 0.996709 -0.0702151 -6.1498 -0.933407 -0.0628485 -0.353268 85.1355
-0.353093 0.0505343 0.934223 139.956 -0.0417448 0.996696 -0.0696912 -6.16376 -0.934655 -0.0636065 -0.349817 84.9141
-0.350417 0.0488807 0.935317 140.563 -0.0425725 0.996774 -0.0680423 -6.19803 -0.935625 -0.063662 -0.347206 84.6983
-0.346051 0.0490204 0.936934 141.179 -0.0402157 0.996942 -0.0670134 -6.21394 -0.937352 -0.0608696 -0.343021 84.4798
-0.34318 0.0469573 0.938095 141.795 -0.0397095 0.997132 -0.0644392 -6.25266 -0.938429 -0.0593655 -0.340331 84.2603
-0.339935 0.0462354 0.939312 142.414 -0.0408507 0.997123 -0.0638648 -6.29576 -0.93956 -0.0600814 -0.337068 84.0442
-0.336966 0.0469199 0.940347 143.033 -0.04195 0.997018 -0.06478 -6.34742 -0.940581 -0.0612763 -0.333992 83.8267
-0.333752 0.0492444 0.941374 143.625 -0.0414973 0.9969 -0.0668614 -6.41711 -0.941746 -0.0613796 -0.330673 83.615
-0.32778 0.051642 0.943342 144.206 -0.0405345 0.996817 -0.0686539 -6.4778 -0.943883 -0.0607413 -0.324643 83.3859
-0.322485 0.0526028 0.945112 144.767 -0.0427861 0.996625 -0.0700691 -6.52629 -0.945606 -0.0630339 -0.319145 83.1811
-0.314419 0.0514555 0.947889 145.313 -0.045781 0.996547 -0.0692825 -6.55654 -0.948179 -0.065179 -0.310977 82.9905
