1 0 0 0 0 1 0 0 0 0 1 0
<<<<<<< HEAD
0.999999 0.000585164 -0.00127704 -0.00833171 -0.000585176 1 -9.32159e-06 -0.0188322 0.00127703 1.00689e-05 0.999999 0.548708
0.999998 0.000888634 -0.00178594 -0.0150178 -0.000888725 1 -5.03971e-05 -0.0229523 0.00178589 5.19842e-05 0.999998 1.10938
0.999992 0.000708725 -0.0038611 -0.0216926 -0.000708239 1 0.000127168 -0.0196921 0.00386119 -0.000124433 0.999993 1.67269
0.999982 0.000443651 -0.0059136 -0.0240088 -0.000440946 1 0.000458705 -0.0268308 0.0059138 -0.00045609 0.999982 2.23432
0.999975 0.000530428 -0.00705861 -0.0254043 -0.000525382 0.999999 0.000716624 -0.0366795 0.00705899 -0.000712898 0.999975 2.79827
0.999956 0.00115294 -0.00928131 -0.0298546 -0.00114261 0.999999 0.00111789 -0.048841 0.00928258 -0.00110723 0.999956 3.37359
0.999943 0.00176392 -0.0105136 -0.0359288 -0.00174416 0.999997 0.00188819 -0.0635989 0.0105169 -0.00186975 0.999943 3.9519
0.999918 0.00243279 -0.012547 -0.0469964 -0.00240222 0.999994 0.00245067 -0.0823805 0.0125529 -0.00242033 0.999918 4.52912
0.999913 0.0029197 -0.0128757 -0.0549117 -0.00288499 0.999992 0.00271317 -0.0880683 0.0128835 -0.00267579 0.999913 5.11941
0.999885 0.00314839 -0.0148417 -0.068994 -0.00310464 0.999991 0.00296987 -0.0877702 0.0148509 -0.00292345 0.999885 5.71573
0.999864 0.00350885 -0.0161136 -0.0881283 -0.00345784 0.999989 0.00319209 -0.0930048 0.0161247 -0.00313593 0.999865 6.32147
0.999856 0.0039425 -0.0165267 -0.102759 -0.00387016 0.999983 0.00440728 -0.103955 0.0165438 -0.00434268 0.999854 6.93044
0.99982 0.00423991 -0.0185138 -0.120495 -0.00409081 0.999959 0.00808357 -0.10317 0.0185473 -0.00800637 0.999796 7.57908
0.999822 0.00593004 -0.0178839 -0.136895 -0.00564107 0.999853 0.0161653 -0.0930594 0.0179772 -0.0160615 0.999709 8.23864
0.999795 0.00513514 -0.0195557 -0.163131 -0.00471231 0.999755 0.021607 -0.0906697 0.0196619 -0.0215104 0.999575 8.91828
0.999767 0.00695095 -0.0204251 -0.183372 -0.00650667 0.999742 0.0217384 -0.102105 0.0205709 -0.0216005 0.999555 9.59713
0.999754 0.00913716 -0.0202128 -0.196442 -0.00878747 0.999811 0.0173221 -0.109076 0.0203673 -0.0171402 0.999646 10.2768
0.999697 0.0108401 -0.022084 -0.218836 -0.0105828 0.999875 0.0117332 -0.1151 0.0222084 -0.011496 0.999687 10.9935
0.999698 0.0107592 -0.0220976 -0.23343 -0.0104394 0.99984 0.0145388 -0.116116 0.0222505 -0.0143037 0.99965 11.7104
0.999687 0.00904854 -0.0233427 -0.262336 -0.00851174 0.999699 0.0229943 -0.107909 0.0235438 -0.0227884 0.999463 12.4773
0.99972 0.00799894 -0.0222732 -0.275321 -0.00732107 0.999512 0.0303512 -0.0936526 0.0225051 -0.0301796 0.999291 13.2514
0.999678 0.00850985 -0.023916 -0.299191 -0.00775218 0.99947 0.0315965 -0.0795705 0.0241722 -0.031401 0.999214 14.0493
0.999666 0.00916156 -0.0241697 -0.322896 -0.00838469 0.999451 0.0320507 -0.0752713 0.02445 -0.0318374 0.999194 14.8583
0.99969 0.0106262 -0.022532 -0.3338 -0.00989615 0.99943 0.0322702 -0.0748787 0.0228621 -0.0320373 0.999225 15.6677
0.999654 0.0118609 -0.0234668 -0.355803 -0.0110915 0.999405 0.0326474 -0.0525452 0.02384 -0.0323758 0.999191 16.5174
0.999714 0.0106245 -0.021433 -0.369693 -0.00998589 0.999509 0.0296871 -0.0334694 0.0217379 -0.0294646 0.999329 17.3678
0.999729 0.00831768 -0.0217542 -0.390903 -0.00779885 0.999685 0.0238266 -0.0346958 0.0219456 -0.0236505 0.999479 18.2421
0.999768 0.00989683 -0.019132 -0.401269 -0.00943866 0.99967 0.0238917 -0.0260474 0.0193622 -0.0237056 0.999531 19.1236
0.99974 0.0108914 -0.020026 -0.420497 -0.010433 0.999684 0.0228543 -0.0129193 0.0202685 -0.0226395 0.999538 20.0284
0.999743 0.0105816 -0.0200347 -0.443086 -0.0100972 0.999658 0.0241285 0.00925605 0.0202831 -0.02392 0.999508 20.9503
0.999762 0.0112714 -0.0186736 -0.462413 -0.0108153 0.999645 0.0243459 0.0214676 0.0189414 -0.0241381 0.999529 21.8728
0.999735 0.0123412 -0.0194475 -0.486102 -0.0118591 0.999624 0.0247151 0.030742 0.0197452 -0.0244779 0.999505 22.8131
0.999747 0.0130438 -0.0183235 -0.508292 -0.0125725 0.999593 0.0256017 0.0465799 0.01865 -0.0253649 0.999504 23.7621
0.999734 0.012986 -0.0190775 -0.534445 -0.0124748 0.999566 0.026677 0.0611368 0.0194156 -0.0264319 0.999462 24.7235
0.999746 0.0135091 -0.0180397 -0.556883 -0.0130126 0.999541 0.027364 0.0717582 0.0184011 -0.0271223 0.999463 25.6978
0.999723 0.0137478 -0.0190991 -0.578158 -0.0132112 0.999522 0.0279446 0.0837189 0.0194741 -0.0276845 0.999427 26.6733
0.999711 0.0144222 -0.0192594 -0.601624 -0.0138612 0.999484 0.0289554 0.0955358 0.019667 -0.0286801 0.999395 27.6624
0.999724 0.0146599 -0.0183362 -0.627204 -0.0141058 0.99945 0.0299911 0.111912 0.0187657 -0.0297242 0.999382 28.6616
0.999701 0.014577 -0.0196452 -0.658904 -0.0139699 0.999431 0.0306939 0.137403 0.0200814 -0.0304103 0.999336 29.6661
0.999734 0.0135826 -0.0186395 -0.688656 -0.0130157 0.999459 0.030208 0.175506 0.0190397 -0.0299573 0.99937 30.6846
0.999717 0.013228 -0.019782 -0.720515 -0.0126225 0.999457 0.0304293 0.21233 0.0201737 -0.030171 0.999341 31.7072
0.99973 0.0108574 -0.0205379 -0.752224 -0.0102128 0.99946 0.0312347 0.265064 0.0208659 -0.0310165 0.999301 32.7427
0.999737 0.0102746 -0.0205234 -0.78173 -0.00960158 0.999421 0.0326244 0.297521 0.0208467 -0.0324188 0.999257 33.799
0.999695 0.0104318 -0.0223646 -0.82096 -0.00967402 0.999384 0.0337295 0.313596 0.0227027 -0.0335029 0.999181 34.855
0.999707 0.0106966 -0.0217048 -0.859109 -0.00994662 0.999359 0.0343718 0.344391 0.0220585 -0.0341458 0.999173 35.92
0.999675 0.0108105 -0.023088 -0.892395 -0.0100109 0.999355 0.0344707 0.377683 0.0234458 -0.0342284 0.999139 36.9815
0.999696 0.0113639 -0.0218681 -0.927396 -0.0106152 0.999363 0.0340553 0.405977 0.0222412 -0.0338129 0.999181 38.047
0.999656 0.0119807 -0.0233149 -0.956431 -0.0111814 0.999355 0.0341175 0.437131 0.0237086 -0.0338451 0.999146 39.1117
0.999634 0.0120915 -0.0242047 -0.986 -0.0112404 0.999324 0.0349937 0.460635 0.0246115 -0.0347088 0.999094 40.191
0.999633 0.0128875 -0.0238454 -1.02454 -0.0120185 0.999271 0.0362365 0.478302 0.024295 -0.0359366 0.999059 41.2687
0.999575 0.014019 -0.0255639 -1.05558 -0.013076 0.999241 0.0366888 0.49361 0.0260589 -0.0363389 0.999 42.3565
0.999568 0.0157344 -0.0248286 -1.08748 -0.0148217 0.999223 0.0365278 0.508378 0.025384 -0.036144 0.999024 43.4368
0.999489 0.0173453 -0.0268603 -1.12219 -0.0164031 0.999256 0.0349066 0.529654 0.0274458 -0.0344482 0.999029 44.5243
0.999485 0.0185985 -0.0261569 -1.15481 -0.0176794 0.999233 0.034939 0.552014 0.0267866 -0.0344586 0.999047 45.6121
0.99946 0.0190281 -0.0267935 -1.19397 -0.0180796 0.999216 0.0352084 0.576879 0.0274424 -0.034705 0.999021 46.7029
0.999455 0.0192387 -0.0268168 -1.22879 -0.018246 0.999156 0.036782 0.596254 0.0275018 -0.0362727 0.998963 47.7996
0.999461 0.0202802 -0.0258248 -1.26709 -0.0193004 0.999105 0.0376426 0.616138 0.0265651 -0.0371239 0.998957 48.8873
0.999449 0.019944 -0.0265131 -1.29938 -0.0189163 0.999081 0.0384634 0.62918 0.0272558 -0.0379407 0.998908 49.9789
0.999457 0.021127 -0.0252872 -1.33309 -0.0201514 0.999065 0.0382351 0.65775 0.0260714 -0.0377048 0.998949 51.06
0.999435 0.0213696 -0.0259417 -1.35835 -0.0203708 0.999063 0.0381731 0.680045 0.0267332 -0.0376231 0.998934 52.1468
0.999413 0.0221113 -0.0261521 -1.40298 -0.0211068 0.999051 0.0380801 0.718222 0.0269693 -0.0375058 0.998932 53.2344
0.999466 0.0215137 -0.0245755 -1.42792 -0.0205603 0.99905 0.0384104 0.76263 0.0253785 -0.0378846 0.99896 54.3027
0.999443 0.0212321 -0.0257357 -1.45192 -0.0202329 0.999054 0.0384845 0.810406 0.0265284 -0.0379423 0.998928 55.3815
0.999491 0.0208943 -0.0240968 -1.47528 -0.0199532 0.999053 0.0386566 0.856394 0.0248817 -0.0381561 0.998962 56.4476
0.999508 0.0200009 -0.024163 -1.50106 -0.0190068 0.998991 0.0406943 0.900816 0.0249525 -0.040215 0.998879 57.4913
0.999478 0.0189909 -0.0261291 -1.53369 -0.017766 0.998768 0.0463375 0.937622 0.0269769 -0.0458491 0.998584 58.4871
0.9995 0.0173882 -0.0263881 -1.56758 -0.0159707 0.998466 0.0530114 0.982492 0.0272694 -0.0525635 0.998245 59.5372
0.999517 0.0172044 -0.0258579 -1.60605 -0.0158016 0.998442 0.0535109 1.03305 0.0267382 -0.0530765 0.998232 60.5972
0.999546 0.0172003 -0.0247313 -1.63835 -0.015856 0.998438 0.0535634 1.07634 0.025614 -0.0531469 0.998258 61.6422
0.999521 0.0170783 -0.025808 -1.66528 -0.0156684 0.998424 0.0538802 1.13677 0.0266875 -0.05345 0.998214 62.7111
0.999511 0.0188502 -0.0249395 -1.70475 -0.0175319 0.99849 0.0520619 1.19568 0.0258832 -0.0515992 0.998332 63.7523
0.999495 0.0191463 -0.0253498 -1.73709 -0.0179117 0.998684 0.0480641 1.2478 0.0262366 -0.0475857 0.998522 64.7923
0.999488 0.020615 -0.0244568 -1.77647 -0.019435 0.99868 0.0475436 1.3053 0.0254046 -0.047044 0.998569 65.8434
0.999416 0.0246487 -0.0236642 -1.81501 -0.0234255 0.998442 0.0506469 1.36439 0.0248757 -0.0500629 0.998436 66.8941
0.999434 0.0243159 -0.0232535 -1.84914 -0.0230891 0.998398 0.0516454 1.41588 0.0244721 -0.0510793 0.998394 67.9463
0.999413 0.0250357 -0.0233509 -1.88348 -0.0237828 0.998339 0.0524701 1.4723 0.0246257 -0.051884 0.998349 68.9978
0.999393 0.0249467 -0.0242899 -1.91323 -0.0236206 0.998292 0.0534307 1.53175 0.0255813 -0.0528246 0.998276 70.0603
0.999415 0.024556 -0.0238135 -1.94248 -0.0232192 0.998223 0.0548731 1.57928 0.0251187 -0.054288 0.998209 71.1253
0.999381 0.0238247 -0.0258736 -1.97338 -0.0223281 0.998143 0.0566657 1.61792 0.0271756 -0.056053 0.998058 72.2004
0.999371 0.0231668 -0.0268343 -2.00373 -0.0215716 0.998067 0.0582835 1.66104 0.0281327 -0.057668 0.997939 73.2657
0.999384 0.0230842 -0.0264285 -2.03423 -0.0214998 0.998042 0.0587397 1.71096 0.0277327 -0.0581353 0.997923 74.316
0.999316 0.0238763 -0.0282191 -2.0669 -0.0221972 0.998047 0.0583883 1.75094 0.0295581 -0.057722 0.997895 75.3798
0.999319 0.0250918 -0.027052 -2.0996 -0.0234602 0.99798 0.0590322 1.78992 0.0284786 -0.0583573 0.997889 76.431
0.999251 0.0266172 -0.0280906 -2.13325 -0.0248623 0.997823 0.0610742 1.82973 0.0296551 -0.06033 0.997738 77.4826
0.99922 0.0281677 -0.0276535 -2.16522 -0.0263243 0.997544 0.0649022 1.87023 0.0294137 -0.0641237 0.997508 78.5312
0.999218 0.0292925 -0.0265364 -2.19902 -0.0274033 0.997243 0.0689573 1.92751 0.0284831 -0.0681762 0.997266 79.5619
0.999215 0.0301281 -0.0257149 -2.23187 -0.028288 0.997205 0.0691483 1.98392 0.0277263 -0.0683666 0.997275 80.5678
0.999192 0.0307565 -0.0258707 -2.26486 -0.0288987 0.997173 0.069353 2.05293 0.0279306 -0.0685493 0.997256 81.5741
0.999186 0.0306421 -0.0262374 -2.29727 -0.0287419 0.997135 0.069968 2.12147 0.0283062 -0.069157 0.997204 82.5868
0.999191 0.0306045 -0.0260926 -2.3306 -0.0286998 0.9971 0.0704848 2.1838 0.0281741 -0.0696789 0.997171 83.5935
0.99915 0.0303399 -0.0279234 -2.36279 -0.0282857 0.997058 0.0712316 2.24515 0.0300025 -0.0703812 0.997069 84.6033
0.999144 0.0298872 -0.0286009 -2.39514 -0.0277367 0.996957 0.0728433 2.29815 0.030691 -0.0719876 0.996933 85.6037
0.999174 0.0293965 -0.0280408 -2.43086 -0.0272309 0.996833 0.0747133 2.35473 0.0301483 -0.073888 0.99681 86.5861
0.999128 0.0291804 -0.0298491 -2.46329 -0.026838 0.996741 0.076073 2.4041 0.0319717 -0.0752056 0.996655 87.544
0.999072 0.0280686 -0.0326537 -2.49695 -0.0254775 0.996688 0.0772278 2.45036 0.0347132 -0.0763242 0.996478 88.4455
0.998962 0.028473 -0.0355488 -2.53557 -0.0256318 0.996626 0.0779703 2.50449 0.0376489 -0.0769782 0.996322 89.3334
0.998837 0.0288312 -0.03864 -2.57686 -0.0257386 0.996599 0.078276 2.56048 0.0407654 -0.0771905 0.996183 90.1936
0.99872 0.0293044 -0.0412212 -2.6175 -0.0259757 0.996529 0.0790904 2.61488 0.0433959 -0.0779184 0.996015 91.0396
0.998538 0.0311505 -0.0441683 -2.65966 -0.0275204 0.996371 0.0805397 2.65303 0.046517 -0.0792064 0.995772 91.8807
0.998416 0.0327674 -0.0457394 -2.7033 -0.028969 0.996263 0.0813698 2.68765 0.0482347 -0.0799159 0.995634 92.6814
0.998266 0.033721 -0.0482419 -2.74732 -0.0296587 0.996143 0.082578 2.73489 0.0508405 -0.081004 0.995416 93.4634
0.998156 0.0350714 -0.049548 -2.79154 -0.0308692 0.996057 0.083169 2.77811 0.0522695 -0.0814861 0.995303 94.2127
0.997995 0.0363398 -0.0518224 -2.83751 -0.0319221 0.995982 0.083665 2.81888 0.0546546 -0.081843 0.995145 94.9429
0.997901 0.037285 -0.0529426 -2.88345 -0.0327621 0.995938 0.0838692 2.86116 0.0558546 -0.0819586 0.995069 95.6276
0.997792 0.0382795 -0.054279 -2.92482 -0.0336377 0.995898 0.0839931 2.90316 0.0572716 -0.0819818 0.994987 96.2975
0.997572 0.0394003 -0.0574223 -2.97119 -0.0344642 0.995823 0.0845517 2.94178 0.0605138 -0.0823674 0.994763 96.9447
0.997491 0.0398394 -0.0585264 -3.01549 -0.0347774 0.995765 0.0850991 2.98132 0.0616689 -0.0828501 0.994652 97.5603
0.997385 0.040398 -0.0599233 -3.05949 -0.0351734 0.99569 0.0858167 3.01866 0.0631319 -0.0834846 0.994507 98.1604
0.997406 0.0413219 -0.0589426 -3.10587 -0.0361265 0.995584 0.0866385 3.05794 0.0622624 -0.0842844 0.994494 98.7348
0.997549 0.0427403 -0.0554052 -3.14773 -0.0377844 0.995438 0.0876032 3.09476 0.0588966 -0.0852951 0.994613 99.2936
0.99778 0.0434642 -0.0504489 -3.18636 -0.0388981 0.995342 0.0882091 3.12754 0.0540479 -0.086051 0.994823 99.8398
0.998147 0.0436266 -0.0424285 -3.20775 -0.0397132 0.995233 0.0890671 3.16028 0.046112 -0.0872171 0.995121 100.354
0.998507 0.0434025 -0.0331676 -3.2284 -0.0402799 0.99516 0.0896285 3.19074 0.0368973 -0.0881587 0.995423 100.859
0.998842 0.0433338 -0.0209102 -3.23517 -0.0412828 0.995071 0.0901592 3.22285 0.0247142 -0.0891916 0.995708 101.34
0.999042 0.043085 -0.00772355 -3.23653 -0.042213 0.995016 0.0903371 3.25414 0.0115773 -0.0899245 0.995881 101.794
0.999042 0.0431009 0.00761867 -3.22959 -0.0436123 0.994986 0.0900001 3.28957 -0.00370134 -0.0902461 0.995912 102.24
0.998751 0.0430974 0.0252917 -3.21325 -0.04521 0.994919 0.0899513 3.31582 -0.0212865 -0.0909824 0.995625 102.669
0.998 0.0429236 0.0464037 -3.18832 -0.0469719 0.994833 0.0899953 3.34451 -0.042301 -0.091995 0.99486 103.081
0.996526 0.0428186 0.0714279 -3.14612 -0.049166 0.994762 0.0896135 3.37671 -0.0672166 -0.092814 0.993412 103.499
0.994278 0.0428271 0.097866 -3.09194 -0.0516636 0.994635 0.0896182 3.40222 -0.0935028 -0.0941615 0.991156 103.892
0.990801 0.0424682 0.128492 -3.02614 -0.0541523 0.994571 0.0888493 3.43332 -0.124022 -0.0949901 0.987722 104.28
0.986116 0.0418417 0.160701 -2.94437 -0.0565519 0.994506 0.0880815 3.45963 -0.156133 -0.0959465 0.983065 104.656
0.979513 0.0414623 0.197068 -2.84873 -0.059505 0.99447 0.086533 3.48764 -0.19239 -0.0964867 0.976563 105.027
0.971134 0.0405589 0.235063 -2.74143 -0.0621994 0.994404 0.0853894 3.51257 -0.230285 -0.0975453 0.968222 105.386
0.960495 0.0402909 0.275366 -2.61842 -0.0656447 0.994344 0.083483 3.52813 -0.270445 -0.0982613 0.957708 105.739
0.948037 0.0401843 0.315614 -2.49097 -0.0691353 0.994307 0.0810713 3.55793 -0.31056 -0.0986786 0.945418 106.074
0.932256 0.0405024 0.359526 -2.34617 -0.0732541 0.994262 0.0779402 3.57655 -0.354306 -0.098997 0.929874 106.394
0.913544 0.039332 0.404834 -2.1855 -0.0763107 0.994213 0.0756084 3.60547 -0.399517 -0.0999647 0.911259 106.722
0.893299 0.0393693 0.447736 -2.01528 -0.0801321 0.994146 0.0724602 3.61552 -0.442263 -0.100607 0.891225 107.02
0.869251 0.0381463 0.492897 -1.82557 -0.0831786 0.99409 0.0697553 3.6366 -0.487323 -0.101633 0.867287 107.32
0.844289 0.0390119 0.534467 -1.62614 -0.0871184 0.994071 0.0650599 3.64538 -0.52876 -0.101491 0.842681 107.601
0.815909 0.0393675 0.576839 -1.41341 -0.0907742 0.994028 0.0605559 3.65777 -0.571011 -0.10177 0.81461 107.873
0.785444 0.0399398 0.617643 -1.20036 -0.0943992 0.99397 0.0557705 3.67244 -0.611692 -0.10211 0.784478 108.135
0.750683 0.0400924 0.659445 -0.963304 -0.0977109 0.993917 0.0508023 3.69581 -0.653397 -0.102571 0.750034 108.399
0.713371 0.0398755 0.699652 -0.717552 -0.100313 0.993908 0.0456334 3.70833 -0.69357 -0.102737 0.713025 108.643
0.673982 0.0382742 0.737756 -0.442889 -0.101845 0.993935 0.0414763 3.72081 -0.731694 -0.103091 0.673792 108.866
0.631796 0.0361268 0.774292 -0.148348 -0.103432 0.993909 0.0380235 3.73214 -0.768203 -0.10411 0.631685 109.082
0.588465 0.0347394 0.807777 0.156228 -0.105945 0.993775 0.0344421 3.74871 -0.801552 -0.105848 0.588482 109.273
0.540525 0.0330494 0.840679 0.476687 -0.107815 0.99371 0.0302552 3.76621 -0.834391 -0.106991 0.540688 109.469
0.493895 0.0314067 0.868955 0.813398 -0.109366 0.993654 0.0262476 3.77967 -0.862616 -0.107998 0.494195 109.63
0.442447 0.0266754 0.896398 1.1696 -0.110478 0.993564 0.0249631 3.77137 -0.889964 -0.110077 0.442547 109.779
0.391224 0.0266409 0.91991 1.52902 -0.113579 0.993336 0.019536 3.77836 -0.91326 -0.112125 0.391643 109.914
0.339715 0.0272359 0.940134 1.89248 -0.116057 0.993155 0.0131649 3.78307 -0.933341 -0.113581 0.34055 110.034
0.289859 0.0309938 0.956568 2.27673 -0.12055 0.992697 0.00436435 3.77811 -0.949447 -0.116579 0.291478 110.126
0.243024 0.0304151 0.969544 2.65714 -0.120035 0.992768 -0.00105598 3.77601 -0.962565 -0.116123 0.244917 110.21
0.201356 0.0292967 0.97908 3.07207 -0.117944 0.993005 -0.00545723 3.77081 -0.972391 -0.114378 0.203402 110.27
0.166517 0.0280282 0.985641 3.47971 -0.111122 0.993761 -0.00948594 3.77159 -0.979757 -0.107947 0.168592 110.312
0.136347 0.0274908 0.99028 3.89447 -0.110697 0.993777 -0.0123467 3.76079 -0.984457 -0.107937 0.138541 110.354
0.109141 0.0254144 0.993702 4.32648 -0.112412 0.993575 -0.0130647 3.77058 -0.98765 -0.110278 0.111297 110.406
0.082878 0.0215602 0.996327 4.77836 -0.11622 0.993153 -0.011824 3.78382 -0.98976 -0.114813 0.084816 110.455
0.0573537 0.016712 0.998214 5.23422 -0.120618 0.992651 -0.00968864 3.78279 -0.991041 -0.119847 0.0589478 110.499
0.0350354 0.0151326 0.999272 5.72876 -0.118956 0.99284 -0.0108645 3.77668 -0.992281 -0.118489 0.0365844 110.52
0.0148421 0.0174357 0.999738 6.24912 -0.115943 0.993133 -0.0155993 3.74884 -0.993145 -0.115681 0.0167616 110.524
-0.00219687 0.0201289 0.999795 6.74846 -0.111605 0.993546 -0.0202484 3.74169 -0.99375 -0.111627 6.36398e-05 110.506
-0.0168084 0.0232191 0.99959 7.26483 -0.110578 0.993554 -0.0249383 3.73505 -0.993725 -0.110952 -0.0141327 110.504
-0.0299744 0.0284812 0.999145 7.8123 -0.113403 0.993042 -0.0317094 3.72446 -0.993097 -0.114256 -0.0265362 110.506
-0.0363624 0.0278037 0.998952 8.4047 -0.111396 0.99327 -0.0317005 3.70334 -0.993111 -0.112432 -0.0330206 110.487
-0.0393687 0.0259355 0.998889 9.01693 -0.105678 0.993948 -0.0299723 3.66846 -0.993621 -0.10674 -0.0363898 110.459
-0.0399385 0.0244696 0.998903 9.65492 -0.105558 0.994002 -0.0285701 3.64872 -0.993611 -0.106583 -0.0371161 110.429
-0.0378822 0.0243605 0.998986 10.3083 -0.106756 0.993882 -0.0282844 3.62318 -0.993563 -0.107719 -0.0350499 110.407
-0.0366251 0.0243617 0.999032 10.9751 -0.108511 0.993694 -0.0282097 3.60944 -0.99342 -0.109439 -0.0337508 110.389
-0.035667 0.02427 0.999069 11.6357 -0.109599 0.99358 -0.0280494 3.58265 -0.993336 -0.110497 -0.0327782 110.374
-0.0352015 0.0240896 0.99909 12.3375 -0.109889 0.993554 -0.027828 3.54479 -0.99332 -0.110769 -0.0323276 110.349
-0.0354656 0.0236835 0.999091 13.063 -0.109647 0.993591 -0.0274454 3.51214 -0.993338 -0.110521 -0.0326416 110.328
-0.0346538 0.0231285 0.999132 13.7902 -0.110623 0.993499 -0.0268351 3.47412 -0.993258 -0.111457 -0.0318701 110.317
-0.0348841 0.0223812 0.999141 14.537 -0.110363 0.993548 -0.0261092 3.44989 -0.993279 -0.111179 -0.0321892 110.302
-0.0350885 0.0212187 0.999159 15.301 -0.11115 0.993489 -0.0250017 3.40441 -0.993184 -0.111934 -0.0325017 110.283
-0.0364918 0.0207599 0.999119 16.0729 -0.112605 0.993331 -0.0247526 3.36972 -0.992969 -0.113409 -0.0339109 110.264
-0.0384182 0.0203803 0.999054 16.8551 -0.113142 0.993273 -0.0246133 3.34302 -0.992836 -0.11398 -0.0358541 110.239
-0.0399535 0.0189805 0.999022 17.6341 -0.111489 0.993491 -0.0233342 3.31712 -0.992962 -0.112312 -0.0375775 110.203
-0.0417521 0.0180934 0.998965 18.4158 -0.11068 0.993598 -0.0226221 3.29297 -0.992978 -0.11151 -0.0394824 110.165
-0.0432097 0.0177531 0.998909 19.213 -0.111277 0.993535 -0.0224711 3.272 -0.992849 -0.112127 -0.040955 110.137
-0.0443259 0.0202855 0.998812 20.0136 -0.112784 0.9933 -0.0251788 3.24842 -0.99263 -0.113766 -0.0417412 110.117
-0.046128 0.0256197 0.998607 20.8251 -0.112559 0.993171 -0.0306796 3.23088 -0.992573 -0.113817 -0.0429294 110.086
-0.046872 0.0250029 0.998588 21.6285 -0.112204 0.993228 -0.0301354 3.20344 -0.992579 -0.113458 -0.0437493 110.052
-0.0488393 0.0224401 0.998555 22.4231 -0.115873 0.992869 -0.0279798 3.1803 -0.992062 -0.117072 -0.045891 110.033
-0.0499903 0.017829 0.998591 23.2234 -0.119068 0.992603 -0.0236828 3.15421 -0.991626 -0.120084 -0.0474978 110.01
-0.0508487 0.0126199 0.998627 24.0361 -0.120123 0.992583 -0.0186601 3.13139 -0.991456 -0.120906 -0.0489558 109.988
-0.0511348 0.00636358 0.998672 24.8498 -0.124255 0.992169 -0.0126844 3.1118 -0.990932 -0.124738 -0.0499438 109.967
-0.0509824 0.00469011 0.998689 25.6829 -0.124439 0.992166 -0.011012 3.0986 -0.990916 -0.124837 -0.0499995 109.934
-0.0509233 0.0102283 0.998651 26.5097 -0.122388 0.992346 -0.0164047 3.07451 -0.991175 -0.123058 -0.0492819 109.896
-0.0491366 0.0199271 0.998594 27.3291 -0.119987 0.992442 -0.0257085 3.05419 -0.991558 -0.121081 -0.0463744 109.86
-0.0491192 0.022962 0.998529 28.142 -0.120269 0.992325 -0.0287356 3.03459 -0.991525 -0.121503 -0.0459808 109.819
-0.0471343 0.0176643 0.998733 28.959 -0.119017 0.992621 -0.0231732 3.01588 -0.991772 -0.119958 -0.0446844 109.783
-0.0457925 0.01054 0.998896 29.783 -0.116431 0.993072 -0.0158162 2.98729 -0.992142 -0.117027 -0.0442483 109.745
-0.0457018 0.00689343 0.998932 30.5912 -0.114638 0.993333 -0.0120996 2.95117 -0.992355 -0.115069 -0.044607 109.713
-0.0456725 0.00650725 0.998936 31.3787 -0.116161 0.99316 -0.0117807 2.92014 -0.992179 -0.116575 -0.0446043 109.683
-0.0476095 0.00656324 0.998845 32.1529 -0.117757 0.992968 -0.0121375 2.89784 -0.9919 -0.118199 -0.046502 109.656
-0.0500047 0.00617088 0.99873 32.9282 -0.118391 0.992893 -0.0120625 2.87931 -0.991707 -0.118844 -0.0489189 109.628
-0.0519996 0.00591486 0.99863 33.7021 -0.118321 0.992902 -0.0120421 2.8531 -0.991612 -0.118785 -0.0509308 109.6
-0.0537967 0.00566563 0.998536 34.4814 -0.119246 0.992791 -0.0120575 2.82627 -0.991406 -0.11972 -0.0527334 109.572
-0.0558304 0.00558192 0.998425 35.2328 -0.119939 0.992705 -0.0122568 2.8096 -0.99121 -0.120435 -0.0547538 109.54
-0.0574221 0.0052423 0.998337 35.98 -0.119662 0.99274 -0.0120957 2.79273 -0.991152 -0.120157 -0.0563781 109.511
-0.0586244 0.00441463 0.998271 36.7434 -0.119583 0.992758 -0.011413 2.76986 -0.991091 -0.120045 -0.0576721 109.471
-0.0610889 0.00406306 0.998125 37.5072 -0.119337 0.992788 -0.0113453 2.75808 -0.990972 -0.119806 -0.0601636 109.438
-0.0620349 0.00418437 0.998066 38.278 -0.118735 0.992858 -0.0115426 2.72901 -0.990986 -0.119222 -0.0610951 109.398
-0.063484 0.00399244 0.997975 39.0249 -0.118757 0.992856 -0.0115265 2.70946 -0.990891 -0.119248 -0.0625565 109.357
-0.0644317 0.00300228 0.997918 39.7724 -0.118776 0.992863 -0.010656 2.68329 -0.990828 -0.119215 -0.0636155 109.306
-0.0655178 0.00267338 0.997848 40.5239 -0.117961 0.992963 -0.0104056 2.65919 -0.990854 -0.118389 -0.0647416 109.259
-0.0675173 0.00254661 0.997715 41.2758 -0.117131 0.993061 -0.0104613 2.63001 -0.990818 -0.117569 -0.0667507 109.217
-0.068808 0.00235396 0.997628 41.9949 -0.116973 0.99308 -0.0104111 2.60667 -0.990748 -0.117412 -0.0680566 109.173
-0.0703886 0.00168733 0.997519 42.709 -0.117318 0.993044 -0.00995819 2.59407 -0.990596 -0.117727 -0.0697012 109.133
-0.0696333 0.00128865 0.997572 43.3973 -0.117438 0.993034 -0.00948035 2.57554 -0.990635 -0.117813 -0.0689971 109.088
-0.0703969 0.00102195 0.997519 44.0798 -0.117839 0.992988 -0.00933348 2.56102 -0.990534 -0.118203 -0.069783 109.032
-0.0693823 0.00120425 0.99759 44.7498 -0.118142 0.992951 -0.00941547 2.54005 -0.990569 -0.11851 -0.0687511 108.987
-0.0687988 0.00152586 0.99763 45.4143 -0.118253 0.992936 -0.00967372 2.53311 -0.990597 -0.118638 -0.0681325 108.942
-0.0690742 0.00147942 0.997611 46.0783 -0.118121 0.992952 -0.00965124 2.51386 -0.990593 -0.118505 -0.0684128 108.9
-0.0683217 0.0013199 0.997663 46.7656 -0.117933 0.992976 -0.00939006 2.49403 -0.990668 -0.118299 -0.0676863 108.854
-0.0697233 0.000496907 0.997567 47.4463 -0.118822 0.992876 -0.00879953 2.46387 -0.990464 -0.119147 -0.0691677 108.812
-0.0687476 2.23909e-05 0.997635 48.1318 -0.121059 0.992609 -0.00836463 2.44399 -0.990261 -0.121348 -0.068237 108.778
-0.0697114 -0.000274594 0.997568 48.7967 -0.121592 0.992545 -0.00822386 2.42189 -0.990129 -0.121869 -0.0692253 108.743
-0.0686573 -0.00106437 0.99764 49.454 -0.120773 0.992653 -0.00725256 2.39515 -0.990303 -0.120986 -0.0682816 108.708
-0.0696411 -0.0017025 0.997571 50.1254 -0.121241 0.992599 -0.00676996 2.37404 -0.990177 -0.121418 -0.0693323 108.669
-0.0737989 -0.00297493 0.997269 50.8149 -0.12575 0.992041 -0.00634636 2.3575 -0.989313 -0.125875 -0.0735858 108.636
-0.0785534 -0.00325957 0.996905 51.5174 -0.126919 0.991889 -0.00675779 2.34604 -0.988797 -0.127057 -0.0783301 108.601
-0.085307 -0.00119708 0.996355 52.1838 -0.125117 0.992096 -0.0095205 2.31985 -0.988467 -0.125473 -0.0847826 108.548
-0.091413 -0.000711886 0.995813 52.8408 -0.123504 0.992286 -0.010628 2.30806 -0.988124 -0.123958 -0.090796 108.501
-0.0995038 -0.00039743 0.995038 53.5086 -0.122889 0.992348 -0.0118926 2.29217 -0.987419 -0.123462 -0.0987914 108.445
-0.105559 -0.00111449 0.994413 54.1622 -0.124438 0.992153 -0.0120975 2.28422 -0.986596 -0.12502 -0.10487 108.39
-0.110841 -0.00218024 0.993836 54.8343 -0.124656 0.99213 -0.0117263 2.26871 -0.985989 -0.125187 -0.110241 108.329
-0.11601 -0.00251003 0.993246 55.5072 -0.125872 0.991971 -0.0121949 2.25303 -0.98524 -0.126436 -0.115394 108.259
-0.119773 -0.00331482 0.992796 56.1826 -0.127766 0.99173 -0.0121028 2.24003 -0.984545 -0.128295 -0.119206 108.191
-0.123364 -0.00650373 0.992341 56.8464 -0.127673 0.991771 -0.00937198 2.226 -0.984114 -0.127851 -0.12318 108.112
-0.12521 -0.0121174 0.992057 57.529 -0.126543 0.991953 -0.0038552 2.2146 -0.984027 -0.12602 -0.125736 108.029
-0.127659 -0.0153581 0.9917 58.2391 -0.127103 0.991888 -0.00100057 2.19767 -0.98364 -0.126175 -0.128575 107.94
-0.128412 -0.0157115 0.991597 58.9306 -0.128437 0.991717 -0.000919375 2.20376 -0.983368 -0.127476 -0.129367 107.855
-0.129221 -0.0153743 0.991497 59.6185 -0.127743 0.991806 -0.00126971 2.19282 -0.983353 -0.126821 -0.130127 107.772
-0.130099 -0.0119097 0.99143 60.3176 -0.122022 0.992518 -0.00408947 2.19123 -0.983963 -0.121509 -0.130579 107.673
-0.130419 -0.0099872 0.991409 61.0278 -0.116674 0.993155 -0.00534359 2.17552 -0.98457 -0.116368 -0.130691 107.57
-0.131882 -0.00957263 0.99122 61.7542 -0.116279 0.993198 -0.00587929 2.17592 -0.984421 -0.116034 -0.132098 107.476
-0.131846 -0.0124718 0.991192 62.4838 -0.118399 0.99296 -0.00325505 2.17544 -0.984174 -0.117785 -0.132394 107.39
-0.131967 -0.018612 0.99108 63.2116 -0.118852 0.992907 0.00282059 2.17626 -0.984103 -0.117419 -0.133243 107.295
-0.133177 -0.0205406 0.99088 63.9428 -0.116888 0.993132 0.00487713 2.17724 -0.984175 -0.115173 -0.134663 107.196
-0.133704 -0.0209372 0.990801 64.6654 -0.115774 0.99326 0.0053659 2.16857 -0.984235 -0.113992 -0.135227 107.098
-0.136422 -0.0213319 0.990422 65.3956 -0.117563 0.993051 0.0051952 2.16969 -0.98365 -0.115728 -0.137982 107.007
-0.137922 -0.0216917 0.990206 66.1294 -0.117926 0.993007 0.00532746 2.15761 -0.983397 -0.116037 -0.139516 106.915
-0.1405 -0.0221545 0.989833 66.8631 -0.118067 0.99299 0.0054663 2.15342 -0.983015 -0.116099 -0.142131 106.818
-0.141908 -0.0223381 0.989628 67.5933 -0.117785 0.993023 0.00552485 2.14946 -0.982847 -0.115779 -0.143549 106.718
-0.143651 -0.0229883 0.989362 68.2876 -0.120053 0.992751 0.0056358 2.15678 -0.982319 -0.117966 -0.14537 106.659
-0.145838 -0.023465 0.989031 69.0065 -0.122053 0.992507 0.00555004 2.16332 -0.98175 -0.119904 -0.14761 106.572
-0.145815 -0.0237684 0.989027 69.7315 -0.122752 0.99242 0.00575212 2.16432 -0.981667 -0.120566 -0.147628 106.493
-0.147577 -0.0237085 0.988767 70.476 -0.12246 0.992457 0.00551935 2.17308 -0.98144 -0.12027 -0.149367 106.396
-0.14786 -0.023807 0.988722 71.2042 -0.122692 0.992429 0.005548 2.17045 -0.981368 -0.120488 -0.149661 106.287
-0.14922 -0.0246161 0.988498 71.9455 -0.122381 0.992463 0.00624057 2.16759 -0.981201 -0.120042 -0.151108 106.188
-0.14882 -0.0257064 0.988531 72.6966 -0.123303 0.992342 0.00724261 2.16742 -0.981146 -0.120811 -0.15085 106.06
-0.150075 -0.0266776 0.988315 73.4354 -0.126302 0.991962 0.00759705 2.18563 -0.980574 -0.123686 -0.152238 105.982
-0.153887 -0.0270705 0.987718 74.1797 -0.126798 0.9919 0.00742989 2.19801 -0.979918 -0.124097 -0.156073 105.901
-0.155486 -0.0271175 0.987466 74.9184 -0.126734 0.991909 0.00728407 2.21506 -0.979674 -0.124013 -0.157664 105.791
-0.158372 -0.0272322 0.987004 75.6924 -0.126997 0.991878 0.00698901 2.22771 -0.979178 -0.12424 -0.160544 105.668
-0.161298 -0.0246786 0.986598 76.4335 -0.12521 0.99212 0.00434622 2.24798 -0.97893 -0.122831 -0.163117 105.551
-0.163021 -0.0243457 0.986323 77.209 -0.125155 0.992129 0.00380311 2.23923 -0.978652 -0.122823 -0.164785 105.424
-0.162797 -0.0242114 0.986363 78.0157 -0.124933 0.992158 0.00373363 2.24133 -0.978717 -0.122622 -0.164545 105.294
-0.162569 -0.0242633 0.986399 78.8244 -0.124781 0.992176 0.00384013 2.24214 -0.978775 -0.122459 -0.164325 105.16
-0.162987 -0.024762 0.986318 79.6441 -0.124276 0.992238 0.00437426 2.23796 -0.97877 -0.121862 -0.164799 105.016
-0.161757 -0.0254229 0.986503 80.4546 -0.123086 0.992381 0.00539189 2.22836 -0.979124 -0.120553 -0.163654 104.867
-0.162005 -0.0262903 0.98644 81.2906 -0.12339 0.992338 0.00618283 2.22332 -0.979044 -0.120715 -0.164008 104.729
-0.159077 -0.0273987 0.986886 82.1196 -0.123798 0.992278 0.00759319 2.21781 -0.979473 -0.120967 -0.16124 104.593
-0.158957 -0.0298228 0.986835 82.9625 -0.123534 0.992288 0.0100889 2.21748 -0.979526 -0.120304 -0.161416 104.452
-0.155907 -0.032036 0.987252 83.8026 -0.124647 0.992122 0.0125096 2.20131 -0.979875 -0.121108 -0.158672 104.316
-0.154818 -0.0325321 0.987408 84.6269 -0.125929 0.991954 0.0129371 2.19419 -0.979884 -0.12234 -0.157669 104.183
-0.154189 -0.0307159 0.987564 85.4809 -0.125421 0.992039 0.011273 2.19349 -0.980048 -0.122123 -0.156814 104.052
-0.151408 -0.0258638 0.988133 86.3091 -0.125092 0.992121 0.00680073 2.19924 -0.980523 -0.122578 -0.15345 103.925
-0.150857 -0.0246782 0.988248 87.1499 -0.126325 0.991973 0.00548755 2.19004 -0.98045 -0.124012 -0.152763 103.799
-0.147819 -0.0254977 0.988686 87.9955 -0.126083 0.991996 0.00673233 2.18629 -0.980944 -0.123661 -0.149851 103.682
-0.148211 -0.0281192 0.988556 88.8599 -0.126388 0.991937 0.0092663 2.17393 -0.980846 -0.123569 -0.15057 103.555
-0.146123 -0.0289348 0.988844 89.7146 -0.126518 0.99191 0.0103287 2.16503 -0.981142 -0.123597 -0.148602 103.436
-0.145294 -0.029472 0.98895 90.5707 -0.127554 0.991772 0.010816 2.15594 -0.981131 -0.124573 -0.147858 103.318
-0.145843 -0.0296228 0.988864 91.4296 -0.127396 0.991791 0.0109213 2.15339 -0.98107 -0.124384 -0.14842 103.19
-0.14432 -0.0304193 0.989064 92.2771 -0.126215 0.991929 0.0120906 2.15626 -0.981448 -0.123089 -0.146995 103.067
-0.144234 -0.0306742 0.989068 93.1285 -0.124565 0.992131 0.0126041 2.15632 -0.981672 -0.121385 -0.14692 102.941
-0.14259 -0.0307031 0.989306 93.9806 -0.1245 0.992136 0.0128464 2.15501 -0.98192 -0.121337 -0.145291 102.82
-0.142294 -0.0305132 0.989354 94.8152 -0.123792 0.992225 0.0127972 2.16358 -0.982052 -0.120653 -0.144965 102.707
-0.140805 -0.0299014 0.989586 95.6407 -0.127494 0.991768 0.0118266 2.1666 -0.981793 -0.124501 -0.143458 102.59
-0.140003 -0.0330534 0.9896 96.4664 -0.129718 0.991441 0.0147631 2.16443 -0.981617 -0.126302 -0.143092 102.49
-0.14048 -0.0347735 0.989473 97.3008 -0.131591 0.991172 0.0161505 2.15483 -0.981299 -0.127937 -0.143815 102.383
-0.141193 -0.0345365 0.98938 98.1341 -0.13468 0.990769 0.0153651 2.15818 -0.980778 -0.13108 -0.144541 102.274
-0.14301 -0.0324328 0.98919 98.963 -0.138543 0.990278 0.0124388 2.16476 -0.979976 -0.135266 -0.146113 102.159
-0.143542 -0.0324258 0.989113 99.7863 -0.138558 0.990277 0.012356 2.16764 -0.979896 -0.135276 -0.14664 102.05
-0.144032 -0.0325331 0.989039 100.602 -0.137878 0.99037 0.0124979 2.16565 -0.97992 -0.134567 -0.14713 101.933
-0.144925 -0.0328186 0.988899 101.41 -0.137355 0.990439 0.01274 2.17708 -0.979862 -0.133984 -0.148047 101.815
-0.144922 -0.032779 0.9889 102.219 -0.136671 0.990533 0.0128042 2.18202 -0.979958 -0.133298 -0.14803 101.699
-0.146176 -0.032581 0.988722 103.028 -0.136547 0.990555 0.0124538 2.19409 -0.979789 -0.133186 -0.149244 101.584
-0.14617 -0.0323866 0.98873 103.838 -0.135882 0.990647 0.0123611 2.20225 -0.979882 -0.132543 -0.149204 101.469
-0.147935 -0.0323905 0.988467 104.621 -0.135551 0.990695 0.0121766 2.20864 -0.979663 -0.132187 -0.150949 101.35
-0.149642 -0.0327233 0.988199 105.394 -0.135554 0.990693 0.0122789 2.21533 -0.979403 -0.132117 -0.152685 101.242
-0.152639 -0.0330063 0.987731 106.168 -0.135523 0.990699 0.0121624 2.21538 -0.978945 -0.132004 -0.155693 101.134
-0.156398 -0.0337443 0.987118 106.939 -0.135052 0.990759 0.0124713 2.20473 -0.978417 -0.131362 -0.15951 101.024
-0.159019 -0.0338703 0.986695 107.71 -0.134705 0.990809 0.0123019 2.20299 -0.978042 -0.130957 -0.16212 100.907
-0.162725 -0.034194 0.986079 108.486 -0.134684 0.990814 0.0121321 2.20252 -0.977435 -0.130835 -0.165836 100.783
-0.165301 -0.0346563 0.985634 109.267 -0.134535 0.990832 0.0122761 2.197 -0.977023 -0.130574 -0.168448 100.652
-0.168836 -0.03511 0.985019 110.042 -0.134369 0.990855 0.0122867 2.19558 -0.976442 -0.130281 -0.172009 100.522
-0.169823 -0.0311759 0.984982 110.813 -0.137394 0.990486 0.00766151 2.19665 -0.975849 -0.13403 -0.172491 100.398
-0.171731 -0.0261457 0.984797 111.581 -0.138641 0.99034 0.0021163 2.20182 -0.975339 -0.13617 -0.173697 100.276
-0.175154 -0.0258225 0.984203 112.346 -0.135954 0.990713 0.00179808 2.20277 -0.975108 -0.133492 -0.177038 100.141
-0.177534 -0.0274675 0.983732 113.109 -0.135796 0.990731 0.00315581 2.1994 -0.9747 -0.133027 -0.179618 100.004
-0.181882 -0.0344313 0.982718 113.874 -0.136232 0.990631 0.00949466 2.20246 -0.973837 -0.132151 -0.184868 99.8716
-0.183583 -0.0363022 0.982334 114.641 -0.135991 0.990646 0.0111947 2.19945 -0.973551 -0.131534 -0.186802 99.7396
-0.186325 -0.0344023 0.981886 115.406 -0.13666 0.990579 0.00877392 2.1952 -0.972937 -0.132549 -0.189271 99.5987
-0.188537 -0.033878 0.981482 116.173 -0.136743 0.990574 0.0079243 2.19319 -0.972499 -0.132717 -0.191392 99.4578
-0.191079 -0.0340098 0.980986 116.933 -0.137129 0.990523 0.00763012 2.1943 -0.971948 -0.133063 -0.193932 99.311
-0.194135 -0.0314003 0.980472 117.681 -0.133637 0.991016 0.0052776 2.1846 -0.971829 -0.130003 -0.196587 99.162
-0.196274 -0.0272398 0.980171 118.432 -0.13362 0.991032 0.000784931 2.17757 -0.971401 -0.130816 -0.198154 99.0113
-0.199601 -0.02738 0.979495 119.175 -0.133559 0.99104 0.000486041 2.1766 -0.970732 -0.130723 -0.20147 98.8595
-0.201945 -0.0284622 0.978984 119.92 -0.133176 0.991091 0.0013425 2.1744 -0.970299 -0.130106 -0.203936 98.7088
-0.207068 -0.0327197 0.97778 120.662 -0.131873 0.991252 0.00524317 2.17372 -0.969397 -0.127857 -0.209571 98.5498
-0.21263 -0.0340265 0.976541 121.409 -0.131606 0.991284 0.00588457 2.17084 -0.968229 -0.127267 -0.215255 98.3833
-0.219463 -0.0347165 0.975003 122.152 -0.131098 0.991352 0.00578992 2.16825 -0.966772 -0.12655 -0.222116 98.2185
-0.228201 -0.0350539 0.972983 122.889 -0.131974 0.991241 0.00475869 2.16493 -0.964627 -0.127323 -0.230829 98.0504
-0.238382 -0.0353081 0.97053 123.622 -0.132756 0.991142 0.00345032 2.16438 -0.962054 -0.128021 -0.240958 97.8788
-0.250561 -0.0355178 0.967449 124.347 -0.13368 0.991022 0.00176115 2.16045 -0.958826 -0.128887 -0.25306 97.6995
-0.262198 -0.0357491 0.964352 125.064 -0.133961 0.990986 0.000313745 2.15635 -0.95567 -0.129103 -0.264623 97.5176
-0.274643 -0.0363595 0.960859 125.777 -0.133439 0.991056 -0.000638778 2.15159 -0.952241 -0.128391 -0.277038 97.3255
-0.285816 -0.0367125 0.957581 126.487 -0.133126 0.991097 -0.00173755 2.14688 -0.948992 -0.127975 -0.288159 97.1217
-0.296175 -0.0371678 0.954411 127.188 -0.131321 0.991337 -0.00214614 2.13426 -0.946062 -0.12597 -0.29849 96.9098
-0.305965 -0.0371473 0.951318 127.878 -0.129058 0.991633 -0.00278644 2.13109 -0.943254 -0.123627 -0.308199 96.6876
-0.313327 -0.0377735 0.948894 128.554 -0.127686 0.99181 -0.00268045 2.12118 -0.941021 -0.122001 -0.315584 96.4541
-0.319837 -0.0381788 0.946703 129.224 -0.128409 0.991715 -0.00338804 2.11886 -0.93873 -0.122649 -0.32209 96.2214
-0.324357 -0.0393462 0.945116 129.897 -0.126902 0.991912 -0.00225771 2.11432 -0.937383 -0.12067 -0.326727 95.9876
-0.327429 -0.0413937 0.943969 130.572 -0.123255 0.992374 0.000763473 2.10331 -0.936801 -0.116099 -0.330034 95.7503
-0.328773 -0.0433896 0.943412 131.236 -0.119753 0.992795 0.00392769 2.09423 -0.936785 -0.111685 -0.3316 95.5189
-0.329877 -0.0442769 0.942985 131.897 -0.117655 0.993039 0.00546864 2.08507 -0.936662 -0.109143 -0.33279 95.2856
-0.330357 -0.0397976 0.943017 132.544 -0.116339 0.993208 0.00115997 2.07557 -0.936658 -0.109326 -0.332743 95.0585
-0.328517 -0.039526 0.943671 133.184 -0.116579 0.99318 0.00101552 2.07586 -0.937275 -0.109678 -0.330884 94.8185
-0.327743 -0.0393874 0.943946 133.82 -0.115484 0.993308 0.00135028 2.08857 -0.937681 -0.108569 -0.330098 94.5838
-0.32553 -0.0400969 0.944681 134.449 -0.114511 0.993418 0.00270578 2.09175 -0.938571 -0.107296 -0.327979 94.3528
-0.324408 -0.0409375 0.945031 135.081 -0.112973 0.993588 0.00425986 2.0875 -0.939146 -0.105381 -0.326953 94.1357
-0.32273 -0.0410364 0.945601 135.704 -0.113765 0.993498 0.00428747 2.09293 -0.939628 -0.106192 -0.3253 93.9259
-0.320668 -0.0405797 0.946322 136.323 -0.114286 0.99344 0.0038736 2.10878 -0.940271 -0.106909 -0.323202 93.7153
-0.317174 -0.0398433 0.94753 136.941 -0.114948 0.993365 0.0032934 2.13736 -0.941375 -0.107872 -0.319649 93.4986
-0.311225 -0.0409743 0.949453 137.542 -0.114416 0.993418 0.00536653 2.12583 -0.943423 -0.106963 -0.313864 93.2898
-0.306607 -0.0419303 0.950912 138.14 -0.114215 0.993431 0.00697809 2.12999 -0.944958 -0.106469 -0.309382 93.0982
-0.301756 -0.0431633 0.952408 138.74 -0.114988 0.993329 0.00858553 2.12448 -0.946425 -0.106925 -0.304706 92.9099
-0.297824 -0.0435443 0.953627 139.333 -0.114932 0.993328 0.00946313 2.14366 -0.947676 -0.106784 -0.300841 92.7345
-0.294478 -0.0449341 0.954601 139.923 -0.114791 0.993324 0.0113456 2.13626 -0.948738 -0.106239 -0.29767 92.5658
-0.290367 -0.0458459 0.955817 140.537 -0.1141 0.993384 0.0129854 2.14108 -0.950088 -0.105288 -0.293676 92.3811
-0.287628 -0.0471668 0.95658 141.157 -0.11334 0.993444 0.0149049 2.13241 -0.951011 -0.104132 -0.291088 92.2025
-0.283833 -0.0482082 0.957661 141.774 -0.11455 0.993287 0.0160511 2.13459 -0.952006 -0.105144 -0.28745 92.0258
-0.280237 -0.048423 0.958709 142.381 -0.11616 0.993098 0.0162057 2.13441 -0.952876 -0.106822 -0.283927 91.8471
-0.276835 -0.0471279 0.959761 142.962 -0.115852 0.993147 0.0153507 2.11763 -0.953907 -0.106941 -0.280397 91.6755
-0.27166 -0.0473349 0.961229 143.546 -0.114504 0.993284 0.0165527 2.11493 -0.955556 -0.105567 -0.275256 91.4835
-0.266595 -0.0480962 0.962608 144.103 -0.115407 0.993161 0.0176608 2.12106 -0.956873 -0.106383 -0.270322 91.3251
-0.258319 -0.0496328 0.964784 144.651 -0.115718 0.993078 0.020105 2.13734 -0.959103 -0.10645 -0.262274 91.1761
-0.248473 -0.0510235 0.967294 145.201 -0.11538 0.99306 0.0227444 2.14815 -0.961741 -0.105955 -0.252636 91.038
-0.235788 -0.0523701 0.970393 145.767 -0.11481 0.993055 0.0256964 2.15562 -0.964998 -0.105352 -0.240163 90.9001
-0.222767 -0.0536693 0.973394 146.339 -0.114362 0.993027 0.0285793 2.1685 -0.96814 -0.104953 -0.227351 90.7796
-0.207766 -0.0544759 0.976661 146.91 -0.115119 0.992871 0.0308905 2.1696 -0.97138 -0.106015 -0.212556 90.6629
-0.188957 -0.055169 0.980435 147.49 -0.114338 0.992865 0.0338323 2.18427 -0.975305 -0.105708 -0.193917 90.5527
-0.168187 -0.0562114 0.984151 148.067 -0.115504 0.992619 0.0369559 2.17807 -0.978964 -0.107458 -0.173438 90.4709
-0.145372 -0.0569256 0.987738 148.642 -0.115997 0.992438 0.0401244 2.19441 -0.982552 -0.108742 -0.150876 90.397
-0.12292 -0.0577219 0.990737 149.209 -0.118243 0.992047 0.0431279 2.21117 -0.985346 -0.111846 -0.128768 90.3484
-0.101557 -0.0586018 0.993102 149.782 -0.119057 0.991804 0.0463502 2.23519 -0.987679 -0.113529 -0.107702 90.3
