1 0 0 0 0 1 0 0 0 0 1 0
0.999995 -0.000409249 -0.00307912 -0.0190069 0.000405671 0.999999 -0.0011627 -0.0233423 0.00307959 0.00116144 0.999995 0.580719
0.999993 -0.000543152 -0.00357462 -0.0235306 0.000538476 0.999999 -0.00130899 -0.0273095 0.00357533 0.00130706 0.999993 1.13379
0.999985 -0.00112335 -0.00528062 -0.0289004 0.00111039 0.999996 -0.00245679 -0.0306406 0.00528336 0.00245089 0.999983 1.68853
0.999973 -0.00194565 -0.00714985 -0.0313065 0.00192097 0.999992 -0.00345636 -0.0357433 0.00715652 0.00344253 0.999968 2.24392
0.99996 -0.00429871 -0.00782582 -0.0332271 0.00426548 0.999982 -0.00425788 -0.0464856 0.00784398 0.00422433 0.99996 2.80406
0.999942 -0.00534896 -0.0093909 -0.0371544 0.00530531 0.999975 -0.00466713 -0.0571754 0.00941563 0.00461704 0.999945 3.37497
0.999943 -0.00520512 -0.0093695 -0.0432694 0.00516593 0.999978 -0.00420293 -0.0678855 0.00939117 0.00415428 0.999947 3.94313
0.999935 -0.00484811 -0.0103041 -0.0502212 0.00479926 0.999977 -0.00475955 -0.0872258 0.0103269 0.00470979 0.999936 4.5233
0.999937 -0.00457699 -0.0102888 -0.0568925 0.00451198 0.99997 -0.00633283 -0.0988206 0.0103175 0.00628601 0.999927 5.11177
0.999929 -0.00394586 -0.0112881 -0.0682081 0.00383724 0.999946 -0.00962755 -0.106508 0.0113255 0.00958355 0.99989 5.70979
0.999926 -0.0027484 -0.0118282 -0.083731 0.00259544 0.999913 -0.0129279 -0.122323 0.0118627 0.0128963 0.999846 6.31395
0.999928 -0.00119485 -0.01192 -0.095214 0.00104468 0.99992 -0.0125965 -0.139359 0.0119341 0.0125832 0.99985 6.92918
0.999911 0.000844474 -0.0132865 -0.113769 -0.000936493 0.999975 -0.00692127 -0.144278 0.0132803 0.00693309 0.999888 7.58049
0.999913 0.00143142 -0.0130929 -0.12652 -0.00139445 0.999995 0.00283193 -0.140391 0.0130969 -0.00281343 0.99991 8.23807
0.999897 0.00256933 -0.0141417 -0.15032 -0.00243708 0.999953 0.00936074 -0.151772 0.0141651 -0.00932532 0.999856 8.91602
0.999887 0.00337292 -0.0146269 -0.165151 -0.00324611 0.999957 0.00868462 -0.171417 0.0146556 -0.00863617 0.999855 9.59582
0.999871 0.00681367 -0.0145118 -0.176596 -0.0067818 0.999974 0.00224373 -0.190183 0.0145267 -0.00214503 0.999892 10.2773
0.999852 0.00711458 -0.0156815 -0.194867 -0.00716872 0.999968 -0.00339955 -0.206678 0.0156568 0.00351146 0.999871 10.9957
0.999858 0.00589739 -0.0157591 -0.20675 -0.00593369 0.999979 -0.00225815 -0.220272 0.0157454 0.00235134 0.999873 11.7123
0.999852 0.00441794 -0.0166363 -0.229599 -0.0043098 0.999969 0.00653013 -0.22052 0.0166646 -0.00645746 0.99984 12.4867
0.999866 0.00328985 -0.016014 -0.239334 -0.00308446 0.999913 0.0128331 -0.216616 0.0160548 -0.012782 0.999789 13.254
0.99985 0.0030143 -0.01707 -0.256392 -0.00275136 0.999877 0.015406 -0.221957 0.0171143 -0.0153568 0.999736 14.0583
0.999856 0.00106628 -0.0169132 -0.271535 -0.000811331 0.999886 0.0150733 -0.231769 0.0169273 -0.0150574 0.999743 14.8676
0.999877 0.00174948 -0.0155896 -0.277287 -0.0015458 0.999913 0.0130673 -0.244566 0.0156111 -0.0130416 0.999793 15.6778
0.99987 0.00232449 -0.0159347 -0.298515 -0.00212963 0.999923 0.0122344 -0.21892 0.0159619 -0.0121989 0.999798 16.5248
0.999902 -0.000189931 -0.0140047 -0.306473 0.000308043 0.999964 0.00843189 -0.22722 0.0140026 -0.00843538 0.999866 17.371
0.999902 -0.00219807 -0.013806 -0.321711 0.00224408 0.999992 0.00331718 -0.246251 0.0137985 -0.00334784 0.999899 18.2476
0.999935 -0.000734245 -0.0113907 -0.328465 0.000714323 0.999998 -0.00175322 -0.260612 0.011392 0.00174496 0.999934 19.1301
0.999932 0.000503584 -0.0116252 -0.34724 -0.000535103 0.999996 -0.00270854 -0.259183 0.0116238 0.00271458 0.999929 20.0448
0.999937 -4.67784e-05 -0.0112206 -0.363317 1.72815e-05 0.999996 -0.00262917 -0.25645 0.0112207 0.0026288 0.999934 20.9694
0.999952 0.000977544 -0.00971834 -0.371805 -0.00100508 0.999995 -0.00282878 -0.269977 0.00971552 0.00283841 0.999949 21.8955
0.999941 0.00423646 -0.00995786 -0.389067 -0.00428658 0.999978 -0.0050174 -0.285527 0.00993638 0.00505979 0.999938 22.8401
0.999935 0.00686164 -0.00908988 -0.406303 -0.00691083 0.999961 -0.00539205 -0.293644 0.00905252 0.00545452 0.999944 23.7968
0.999922 0.00855731 -0.00913439 -0.424824 -0.00860365 0.99995 -0.00504612 -0.307255 0.00909075 0.00512431 0.999946 24.7598
0.999921 0.00937906 -0.00837458 -0.438404 -0.00941961 0.999944 -0.00481633 -0.325583 0.00832893 0.00489483 0.999953 25.7412
0.999914 0.0099164 -0.0085167 -0.452162 -0.00994962 0.999943 -0.00386712 -0.342959 0.00847786 0.00395153 0.999956 26.7224
0.999909 0.0104651 -0.00852166 -0.467814 -0.0104932 0.999939 -0.00326697 -0.357831 0.00848695 0.00335608 0.999958 27.7121
0.999915 0.0103519 -0.00788911 -0.484109 -0.0103693 0.999944 -0.0021671 -0.367574 0.00786623 0.00224871 0.999967 28.7198
0.99992 0.00952384 -0.00834372 -0.502646 -0.00953626 0.999953 -0.00145138 -0.360367 0.0083295 0.00153083 0.999964 29.7205
0.999942 0.00783235 -0.00735614 -0.518126 -0.00784517 0.999968 -0.00171623 -0.344516 0.00734245 0.00177384 0.999972 30.7384
0.999928 0.00893493 -0.00795978 -0.537965 -0.00895412 0.999957 -0.00237877 -0.340934 0.00793817 0.00244987 0.999965 31.7523
0.999942 0.00712186 -0.00801571 -0.556095 -0.00713646 0.999973 -0.00179572 -0.327595 0.00800269 0.00185282 0.999966 32.7792
0.999956 0.00516301 -0.00775833 -0.570674 -0.00515972 0.999986 0.000443204 -0.324375 0.00776051 -0.000403157 0.99997 33.823
0.99995 0.00511897 -0.00857681 -0.590149 -0.00508955 0.999981 0.00344787 -0.330807 0.00859429 -0.00340405 0.999957 34.8644
0.999958 0.00422156 -0.00811055 -0.611071 -0.0041744 0.999974 0.00582204 -0.333642 0.00813491 -0.00578794 0.99995 35.9113
0.999953 0.0039003 -0.00891783 -0.62597 -0.00383998 0.99997 0.00677062 -0.330192 0.00894396 -0.00673606 0.999937 36.9615
0.999958 0.00411665 -0.00817984 -0.643439 -0.00406812 0.999974 0.00593961 -0.334261 0.00820407 -0.00590609 0.999949 38.021
0.999952 0.00383878 -0.00898866 -0.651478 -0.00378898 0.999977 0.00554949 -0.331286 0.00900975 -0.00551517 0.999944 39.0837
0.999946 0.00441563 -0.00935805 -0.661372 -0.00435587 0.99997 0.00639627 -0.344111 0.00938601 -0.00635517 0.999936 40.1651
0.999951 0.0052228 -0.00843073 -0.679418 -0.00514805 0.999947 0.00886357 -0.35595 0.00847657 -0.00881973 0.999925 41.2465
0.999934 0.00564242 -0.00995786 -0.691259 -0.00553801 0.99993 0.010482 -0.360227 0.0100163 -0.0104261 0.999895 42.341
0.999932 0.00734285 -0.00904144 -0.706506 -0.00724821 0.999919 0.0104553 -0.371768 0.00911748 -0.010389 0.999904 43.413
0.9999 0.0099272 -0.0100876 -0.727328 -0.00984442 0.999918 0.0082221 -0.38351 0.0101684 -0.00812197 0.999915 44.4878
0.999872 0.0132166 -0.00905708 -0.743131 -0.013163 0.999896 0.00595134 -0.396377 0.00913478 -0.00583136 0.999941 45.5632
0.99985 0.0147258 -0.00917092 -0.763003 -0.014674 0.999876 0.00568878 -0.40391 0.00925354 -0.00555335 0.999942 46.645
0.999857 0.0144709 -0.00876054 -0.77951 -0.0143989 0.999863 0.00822369 -0.420487 0.00887833 -0.00809638 0.999928 47.7386
0.999845 0.0159571 -0.00749136 -0.796219 -0.0158836 0.999826 0.0097718 -0.432593 0.00764598 -0.0096513 0.999924 48.8278
0.99985 0.0154541 -0.00779764 -0.810411 -0.0153698 0.999824 0.0107624 -0.449845 0.00796258 -0.010641 0.999912 49.9205
0.999846 0.0162531 -0.00661698 -0.820266 -0.0161827 0.999813 0.0105611 -0.447581 0.00678739 -0.0104524 0.999922 50.9988
0.99986 0.0155155 -0.0063454 -0.826073 -0.0154559 0.999837 0.00934202 -0.457433 0.00648931 -0.00924264 0.999936 52.0864
0.999866 0.0151994 -0.00602438 -0.844766 -0.0151504 0.999853 0.00808773 -0.44866 0.00614641 -0.00799539 0.999949 53.173
0.999902 0.0131234 -0.00482874 -0.84995 -0.0130898 0.99989 0.00691737 -0.433924 0.00491898 -0.0068535 0.999964 54.2438
0.999937 0.0100395 -0.0050636 -0.858261 -0.0100151 0.999938 0.00482471 -0.425983 0.00511171 -0.0047737 0.999976 55.3282
0.999962 0.00778855 -0.00385396 -0.862603 -0.00777665 0.999965 0.00309122 -0.427276 0.00387789 -0.00306113 0.999988 56.3928
0.99998 0.00534435 -0.00351144 -0.862546 -0.00532759 0.999975 0.00476252 -0.424504 0.0035368 -0.00474372 0.999983 57.4497
0.999992 0.00376132 -0.00131772 -0.874851 -0.00374892 0.99995 0.00928316 -0.422815 0.00135257 -0.00927815 0.999956 58.4636
0.999998 0.00108622 -0.00174025 -0.880504 -0.00105973 0.999885 0.0151438 -0.415552 0.00175649 -0.0151419 0.999884 59.5493
0.999999 -0.00153346 -0.000913238 -0.892421 0.00154883 0.999853 0.0170601 -0.401931 0.000886934 -0.0170615 0.999854 60.6315
0.999993 -0.00365714 0.000154037 -0.898907 0.00365427 0.999869 0.0157638 -0.390529 -0.000211675 -0.0157631 0.999876 61.6887
0.999985 -0.00547628 -0.000210595 -0.90095 0.00547859 0.999898 0.0132145 -0.375668 0.000138199 -0.0132154 0.999913 62.7653
0.999991 -0.00415616 0.000720253 -0.914811 0.00414806 0.999932 0.010911 -0.355663 -0.00076556 -0.0109079 0.99994 63.8244
0.999992 -0.00399917 0.000916353 -0.918903 0.00399227 0.999965 0.00741803 -0.342009 -0.000945995 -0.00741431 0.999972 64.887
0.999997 -0.0015944 0.00162778 -0.929409 0.00158173 0.999969 0.00775812 -0.320706 -0.00164011 -0.00775553 0.999969 65.9667
0.999992 0.00203735 0.0033381 -0.940292 -0.00207481 0.999935 0.0112591 -0.300607 -0.00331495 -0.0112659 0.999931 67.0436
0.999987 0.00384642 0.00343807 -0.946383 -0.00389908 0.999873 0.0154454 -0.282098 -0.00337823 -0.0154587 0.999875 68.1157
0.999982 0.00410702 0.00432051 -0.95156 -0.00418519 0.999825 0.0182429 -0.260493 -0.00424484 -0.0182607 0.999824 69.1879
0.999988 0.00301245 0.00372501 -0.951404 -0.00309049 0.999772 0.0211249 -0.232746 -0.00366053 -0.0211362 0.99977 70.2649
0.999989 0.00173497 0.00441079 -0.949793 -0.00183786 0.999724 0.0234309 -0.21976 -0.00436893 -0.0234388 0.999716 71.3336
0.999995 0.000234386 0.00313932 -0.948887 -0.000320193 0.999626 0.0273629 -0.214205 -0.00313174 -0.0273637 0.999621 72.4129
0.999996 -0.00135319 0.00261315 -0.947204 0.00127354 0.999542 0.030249 -0.201906 -0.00265289 -0.0302455 0.999539 73.4887
0.999991 -0.00248787 0.00342396 -0.946387 0.00237919 0.999505 0.0313908 -0.181986 -0.00350037 -0.0313824 0.999501 74.5534
0.999994 -0.00261738 0.00222532 -0.946353 0.0025485 0.999534 0.0304186 -0.174811 -0.00230391 -0.0304128 0.999535 75.6237
0.999994 -0.0018776 0.00283168 -0.946546 0.00179074 0.999537 0.0303741 -0.167317 -0.0028874 -0.0303689 0.999535 76.6876
0.999997 -0.000672634 0.00210304 -0.948092 0.000602495 0.999449 0.03318 -0.158165 -0.00212421 -0.0331786 0.999447 77.7507
0.999998 0.000550789 0.00178645 -0.94939 -0.000618251 0.999278 0.03799 -0.145255 -0.00176424 -0.037991 0.999277 78.8119
0.999995 0.00192626 0.00243415 -0.954319 -0.00202688 0.999114 0.0420398 -0.115693 -0.00235102 -0.0420445 0.999113 79.8605
0.999996 0.00195257 0.00181971 -0.958182 -0.00203208 0.998995 0.0447758 -0.0785729 -0.00173046 -0.0447793 0.998995 80.8922
0.999996 0.00140734 0.00224722 -0.961541 -0.00150652 0.998997 0.0447611 -0.0322999 -0.00218197 -0.0447644 0.998995 81.9234
0.999998 0.00120496 0.00153563 -0.965621 -0.00127337 0.99897 0.0453581 0.0145597 -0.0014794 -0.04536 0.99897 82.9545
0.999997 0.000999095 0.00220097 -0.970425 -0.00110116 0.998901 0.0468732 0.0564118 -0.00215172 -0.0468755 0.998899 83.9777
0.999999 -0.000762052 0.000655853 -0.97327 0.000729167 0.99881 0.0487711 0.0964203 -0.000692245 -0.0487706 0.99881 85.0034
0.999998 -0.00177608 0.000174306 -0.975189 0.00176484 0.998688 0.051193 0.12894 -0.000265007 -0.0511926 0.998689 86.0069
0.999996 -0.00262977 0.000548068 -0.981975 0.00259634 0.998537 0.0540109 0.165381 -0.000689309 -0.0540093 0.99854 86.985
0.999994 -0.00316979 -0.000859259 -0.985845 0.00321269 0.998447 0.0556268 0.196456 0.000681593 -0.0556292 0.998451 87.9433
0.999991 -0.00394581 -0.00176336 -0.990871 0.00403871 0.998411 0.0562085 0.223718 0.00153876 -0.0562151 0.998418 88.8647
0.999977 -0.00431862 -0.00527443 -1.00143 0.00460975 0.998393 0.0564906 0.260532 0.00502199 -0.0565136 0.998389 89.7752
0.999959 -0.00425872 -0.0079074 -1.0156 0.00469928 0.998389 0.0565586 0.300849 0.00765379 -0.0565935 0.998368 90.648
0.999943 -0.00400326 -0.00992233 -1.02847 0.00457308 0.998302 0.0580861 0.340175 0.00967293 -0.0581282 0.998262 91.5141
0.999907 -0.00334891 -0.0131947 -1.04344 0.00413716 0.99818 0.0601725 0.360175 0.0129691 -0.0602215 0.998101 92.3682
0.999883 -0.00254082 -0.0150523 -1.06157 0.00346954 0.998071 0.0619978 0.37936 0.0148657 -0.0620428 0.997963 93.1798
0.999838 -0.002298 -0.0178141 -1.08298 0.00342294 0.997984 0.0633776 0.410343 0.0176325 -0.0634284 0.997831 93.9746
0.999823 -0.000355558 -0.0188204 -1.10309 0.00155513 0.997964 0.0637614 0.439944 0.0187594 -0.0637793 0.997788 94.7263
0.999768 0.00152959 -0.0214932 -1.12645 -0.000137526 0.99791 0.0646203 0.466672 0.0215471 -0.0646023 0.997678 95.4649
0.999736 0.00297995 -0.0227558 -1.15052 -0.00152445 0.997968 0.0637131 0.493869 0.0228994 -0.0636616 0.997709 96.1572
0.999689 0.0049103 -0.0244227 -1.17173 -0.00340844 0.998123 0.0611603 0.520892 0.0246772 -0.061058 0.997829 96.834
0.999617 0.00753614 -0.0266299 -1.19831 -0.0059794 0.998296 0.0580618 0.540186 0.027022 -0.0578804 0.997958 97.4931
0.999564 0.00935672 -0.0280027 -1.22321 -0.0077445 0.998337 0.0571381 0.561022 0.0284907 -0.0568963 0.997974 98.1136
0.999529 0.0108601 -0.0286969 -1.24863 -0.00921554 0.998342 0.0568304 0.580616 0.0292665 -0.0565392 0.997971 98.7177
0.999541 0.01229 -0.0276606 -1.27766 -0.0106813 0.998285 0.0575717 0.603567 0.0283207 -0.0572498 0.997958 99.2918
0.999592 0.0155162 -0.0239643 -1.29816 -0.0140746 0.998148 0.0591952 0.623594 0.0248384 -0.0588338 0.997959 99.8526
0.999664 0.0178578 -0.0187901 -1.31824 -0.0166934 0.998035 0.060398 0.641131 0.0198317 -0.060064 0.997997 100.388
0.999777 0.018362 -0.010389 -1.32084 -0.0176803 0.997902 0.0622891 0.659788 0.0115109 -0.0620916 0.998004 100.899
0.999836 0.0180612 -0.00122318 -1.32554 -0.0179445 0.99775 0.0646053 0.67781 0.00238727 -0.0645728 0.99791 101.403
0.999789 0.0172505 0.0110889 -1.31345 -0.0179431 0.997676 0.0657361 0.696575 -0.00992917 -0.0659213 0.997775 101.875
0.999565 0.0166378 0.0243404 -1.29984 -0.0182204 0.997633 0.0663138 0.717717 -0.0231794 -0.0667284 0.997502 102.324
0.999065 0.0160661 0.0401203 -1.27772 -0.0186992 0.997635 0.0661412 0.738632 -0.0389628 -0.0668296 0.997003 102.76
0.998228 0.0151745 0.0575204 -1.24728 -0.0188662 0.99776 0.0641904 0.751329 -0.0564175 -0.0651619 0.996279 103.189
0.996781 0.0149762 0.0787552 -1.20575 -0.0197752 0.997972 0.060513 0.765158 -0.0776892 -0.0618756 0.995056 103.595
0.994553 0.013929 0.103289 -1.15169 -0.0198921 0.998181 0.0569288 0.781767 -0.102308 -0.0586734 0.993021 104.01
0.991447 0.0115946 0.129991 -1.08418 -0.0189152 0.998295 0.0552232 0.794661 -0.129129 -0.0572098 0.989976 104.401
0.986991 0.00869219 0.160537 -1.00463 -0.0176848 0.998348 0.0546719 0.807471 -0.159797 -0.0567998 0.985514 104.79
0.981294 0.0072464 0.192375 -0.915547 -0.0179396 0.998385 0.0539018 0.825819 -0.191674 -0.0563447 0.97984 105.158
0.973584 0.00569279 0.228255 -0.809236 -0.0181939 0.998445 0.0527016 0.845466 -0.2276 -0.0554623 0.972174 105.53
0.964024 0.00251054 0.265799 -0.689615 -0.0170194 0.998487 0.0522964 0.860565 -0.265266 -0.0549388 0.962609 105.888
0.952081 0.00071226 0.305842 -0.555346 -0.0173503 0.998513 0.051686 0.869209 -0.30535 -0.0545157 0.950678 106.242
0.938095 0.00097578 0.346374 -0.414524 -0.0197693 0.998517 0.0507288 0.885405 -0.345811 -0.054436 0.936724 106.572
0.920751 0.00358363 0.390133 -0.25871 -0.0246662 0.998492 0.0490428 0.90019 -0.389369 -0.0547794 0.919451 106.894
0.900638 0.00245626 0.434561 -0.0870841 -0.0267144 0.998406 0.049723 0.918039 -0.433747 -0.0563915 0.899268 107.221
0.878735 0.00209417 0.477303 0.0961193 -0.0292675 0.998345 0.0495026 0.923301 -0.47641 -0.0574692 0.877343 107.517
0.853277 0.000626625 0.521456 0.298211 -0.0304935 0.998348 0.0486979 0.934567 -0.520564 -0.0574538 0.851887 107.81
0.826502 0.000937985 0.562933 0.510373 -0.0324148 0.998419 0.045928 0.938259 -0.562 -0.056207 0.825226 108.083
0.796578 0.00232057 0.60453 0.735924 -0.0347044 0.998519 0.0418964 0.941931 -0.603538 -0.0543536 0.795479 108.347
0.764475 0.00693842 0.644616 0.966558 -0.0394294 0.998574 0.0360126 0.946015 -0.643447 -0.0529475 0.763658 108.6
0.728522 0.0118207 0.684919 1.21143 -0.0449543 0.998521 0.0305832 0.956747 -0.683545 -0.0530706 0.727977 108.852
0.690008 0.0165383 0.723612 1.46957 -0.0512024 0.99835 0.0260071 0.96712 -0.721988 -0.0549958 0.689716 109.085
0.649 0.0160192 0.760619 1.75159 -0.0525649 0.998334 0.0238256 0.978849 -0.75897 -0.0554447 0.648761 109.303
0.605764 0.0129264 0.795539 2.05481 -0.0523008 0.998353 0.0236027 0.98737 -0.793923 -0.055905 0.605443 109.507
0.560613 0.0105937 0.82801 2.36749 -0.0538199 0.99827 0.0236674 1.00362 -0.826327 -0.0578316 0.560214 109.69
0.512234 0.00890678 0.858799 2.70288 -0.056632 0.998121 0.0234267 1.01517 -0.856977 -0.0606355 0.511776 109.872
0.463661 0.00671837 0.885987 3.044 -0.0583447 0.998033 0.0229654 1.02509 -0.88409 -0.0623408 0.463141 110.022
0.411281 0.00184443 0.911506 3.40859 -0.0584714 0.997992 0.0243635 1.01608 -0.909631 -0.0633173 0.410563 110.159
0.35909 0.00152728 0.933301 3.76962 -0.0626163 0.997785 0.022459 1.02973 -0.9312 -0.0665047 0.358391 110.278
0.306936 0.00522122 0.951715 4.134 -0.0679435 0.997554 0.0164397 1.03649 -0.949302 -0.0697088 0.30654 110.384
0.255749 0.00940048 0.966697 4.52794 -0.0720425 0.997358 0.00936091 1.04276 -0.964055 -0.0720373 0.255751 110.469
0.208135 0.0111648 0.978036 4.91404 -0.0721278 0.997388 0.00396374 1.04686 -0.975437 -0.0713686 0.208396 110.538
0.165674 0.0106133 0.986123 5.34171 -0.0670197 0.997752 0.000521239 1.04926 -0.983901 -0.066176 0.166013 110.585
0.129907 0.0100535 0.991475 5.74984 -0.0613877 0.998112 -0.00207751 1.05679 -0.989624 -0.0605945 0.130279 110.615
0.098389 0.0104773 0.995093 6.19372 -0.0605164 0.998157 -0.00452603 1.0596 -0.993306 -0.0597741 0.0988418 110.648
0.0700537 0.00871315 0.997505 6.6353 -0.0628291 0.998015 -0.00430518 1.07171 -0.995563 -0.0623708 0.0704622 110.678
0.0441306 0.00556586 0.99901 7.10895 -0.0685923 0.997642 -0.00252821 1.08367 -0.996668 -0.0684129 0.0444084 110.708
0.0196832 0.00155865 0.999805 7.60908 -0.0730065 0.997332 -0.000117495 1.08918 -0.997137 -0.0729899 0.0197446 110.722
-0.00253386 -0.000436512 0.999996 8.12544 -0.0703961 0.997519 0.000257071 1.08505 -0.997516 -0.0703952 -0.00255822 110.71
-0.0230352 -0.000644614 0.999734 8.64376 -0.0656152 0.997845 -0.000868448 1.06717 -0.997579 -0.0656178 -0.0230277 110.687
-0.041508 0.00140473 0.999137 9.14795 -0.0608015 0.998142 -0.00392925 1.07033 -0.997286 -0.0609121 -0.0413454 110.646
-0.055733 0.00494988 0.998433 9.70309 -0.0597248 0.998181 -0.00828248 1.07366 -0.996658 -0.0600928 -0.0553359 110.616
-0.0671844 0.00893119 0.9977 10.263 -0.0628734 0.997935 -0.0131671 1.07222 -0.995758 -0.0636134 -0.066484 110.595
-0.0734824 0.00932086 0.997253 10.8691 -0.0614063 0.998017 -0.0138527 1.06243 -0.995404 -0.0622555 -0.0727642 110.549
-0.0765876 0.00648287 0.997041 11.4964 -0.055676 0.998391 -0.0107684 1.03892 -0.995507 -0.056336 -0.0761034 110.492
-0.0767909 0.00557182 0.997031 12.1457 -0.054022 0.998492 -0.00974072 1.03273 -0.995583 -0.0546097 -0.076374 110.437
-0.0747502 0.00506173 0.997189 12.8111 -0.055168 0.998435 -0.00920349 1.01873 -0.995675 -0.0557009 -0.0743539 110.391
-0.0736551 0.00536018 0.997269 13.4752 -0.0583398 0.99825 -0.00967423 1.01599 -0.995576 -0.058893 -0.0732134 110.347
-0.07188 0.00641261 0.997392 14.1403 -0.0599218 0.998146 -0.0107359 0.996678 -0.995612 -0.0605373 -0.0713624 110.307
-0.0708925 0.00651341 0.997462 14.8527 -0.0602285 0.998126 -0.0107983 0.974104 -0.995664 -0.0608412 -0.0703673 110.254
-0.070434 0.00643559 0.997495 15.5612 -0.0599804 0.998143 -0.010675 0.948834 -0.995712 -0.0605821 -0.0699171 110.208
-0.0698025 0.0051202 0.997547 16.2777 -0.0615563 0.998059 -0.00943016 0.924731 -0.99566 -0.0620636 -0.0693518 110.171
-0.070312 0.00313948 0.99752 17.01 -0.0604032 0.998147 -0.00739907 0.909378 -0.995695 -0.0607737 -0.069992 110.13
-0.0709626 0.000683528 0.997478 17.769 -0.0610827 0.99812 -0.0050295 0.876497 -0.995607 -0.0612856 -0.0707874 110.084
-0.0719711 -0.000613615 0.997406 18.5389 -0.0631462 0.997997 -0.00394253 0.854825 -0.995406 -0.0632662 -0.0718656 110.035
-0.0736126 -0.00197862 0.997285 19.3265 -0.0642751 0.997928 -0.00276443 0.848704 -0.995214 -0.0643041 -0.0735872 109.977
-0.0744934 -0.00379577 0.997214 20.116 -0.0623094 0.998057 -0.000855615 0.841997 -0.995273 -0.0621995 -0.0745851 109.911
-0.076889 -0.00642951 0.997019 20.9052 -0.0610057 0.998136 0.00173204 0.837082 -0.995172 -0.0606907 -0.0771378 109.842
-0.0781923 -0.00695187 0.996914 21.7143 -0.0627248 0.998029 0.00203988 0.838018 -0.994963 -0.0623717 -0.0784742 109.786
-0.0794372 -0.00442933 0.99683 22.5315 -0.0658569 0.997829 -0.000814337 0.837409 -0.994662 -0.0657128 -0.0795563 109.733
-0.0809629 9.77481e-05 0.996717 23.3578 -0.0653441 0.997848 -0.00540572 0.837928 -0.994573 -0.0655673 -0.0807822 109.672
-0.0818533 0.00110549 0.996643 24.1708 -0.0643775 0.997905 -0.00639413 0.831274 -0.994563 -0.0646848 -0.0816106 109.604
-0.0839553 -0.000978664 0.996469 25.0066 -0.0676508 0.997698 -0.00471989 0.830043 -0.994171 -0.0678082 -0.0838282 109.545
-0.0850833 -0.00510179 0.99636 25.828 -0.0713004 0.997454 -0.000981227 0.821631 -0.99382 -0.0711244 -0.0852304 109.488
-0.0864351 -0.0105965 0.996201 26.6734 -0.0728411 0.997334 0.00428848 0.81787 -0.993591 -0.0721938 -0.0869765 109.424
-0.0866916 -0.015884 0.996108 27.5099 -0.0772878 0.996967 0.00917133 0.81823 -0.993233 -0.076192 -0.0876562 109.367
-0.0874111 -0.0175788 0.996017 28.3641 -0.0792611 0.996797 0.0106366 0.825478 -0.993014 -0.0780156 -0.0885244 109.301
-0.087706 -0.0109138 0.996086 29.2023 -0.0771993 0.997007 0.00412646 0.814539 -0.993151 -0.0765353 -0.088286 109.229
-0.0864496 -0.000783193 0.996256 30.0344 -0.0739926 0.997243 -0.00563669 0.814616 -0.993505 -0.0742029 -0.0862691 109.159
-0.0866289 0.00464954 0.996229 30.8593 -0.073442 0.997238 -0.0110405 0.808878 -0.99353 -0.0741215 -0.0860481 109.085
-0.0843918 6.43744e-05 0.996432 31.6824 -0.0721775 0.997373 -0.00617742 0.804341 -0.993815 -0.0724413 -0.0841653 109.015
-0.0835439 -0.00694177 0.99648 32.5049 -0.0690126 0.997615 0.00116374 0.790391 -0.994112 -0.0686725 -0.0838237 108.942
-0.0841671 -0.0107867 0.996393 33.3172 -0.0681234 0.997664 0.00504602 0.768216 -0.99412 -0.067453 -0.0847052 108.875
-0.0838213 -0.0107669 0.996422 34.116 -0.0697962 0.997549 0.00490766 0.751299 -0.994034 -0.0691351 -0.0843673 108.812
-0.0858908 -0.0104459 0.996249 34.9028 -0.0728303 0.997336 0.00417826 0.743397 -0.993639 -0.0721983 -0.0864227 108.756
-0.087655 -0.0111276 0.996088 35.6897 -0.074444 0.997215 0.00458922 0.738633 -0.993366 -0.0737505 -0.0882392 108.696
-0.0909629 -0.0117363 0.995785 36.4754 -0.0755411 0.997131 0.00485166 0.72304 -0.992985 -0.0747814 -0.0915885 108.631
-0.0930044 -0.0121245 0.995592 37.272 -0.0756786 0.99712 0.00507348 0.710531 -0.992786 -0.0748732 -0.093654 108.566
-0.0948758 -0.0123343 0.995412 38.0391 -0.0777067 0.996964 0.00494711 0.706904 -0.992452 -0.0768809 -0.0955461 108.498
-0.0980189 -0.0136054 0.995091 38.8106 -0.0779911 0.996937 0.00594831 0.703848 -0.992124 -0.0770252 -0.0987796 108.431
-0.0998383 -0.0149625 0.994891 39.5832 -0.0772421 0.996986 0.00724266 0.695971 -0.992001 -0.0761244 -0.100693 108.357
-0.102508 -0.0154288 0.994612 40.351 -0.0771966 0.996988 0.0075096 0.699918 -0.991732 -0.0760109 -0.10339 108.29
-0.103483 -0.0157437 0.994506 41.1201 -0.0773274 0.996976 0.00773651 0.686043 -0.991621 -0.076102 -0.104388 108.218
-0.104609 -0.0156228 0.99439 41.8744 -0.0764592 0.997044 0.0076211 0.677925 -0.99157 -0.0752331 -0.105494 108.138
-0.105434 -0.01716 0.994278 42.6202 -0.0740554 0.997211 0.0093577 0.663005 -0.991665 -0.072645 -0.106411 108.056
-0.107323 -0.0183518 0.994055 43.3669 -0.0729011 0.997284 0.0105407 0.654761 -0.991548 -0.0713364 -0.108369 107.977
-0.109744 -0.01958 0.993767 44.1118 -0.072794 0.99728 0.0116104 0.638574 -0.991291 -0.0710662 -0.110871 107.897
-0.110185 -0.019772 0.993714 44.8258 -0.0731312 0.997254 0.0117335 0.630372 -0.991217 -0.0713787 -0.111328 107.826
-0.111761 -0.0210064 0.993513 45.5375 -0.0732146 0.997234 0.0128492 0.632724 -0.991035 -0.0713036 -0.11299 107.755
-0.111438 -0.022047 0.993527 46.2293 -0.0732242 0.997219 0.0139158 0.633928 -0.99107 -0.0711995 -0.112742 107.682
-0.113682 -0.0213731 0.993287 46.9215 -0.0729224 0.997252 0.0131124 0.635746 -0.990837 -0.0709422 -0.114929 107.606
-0.112828 -0.0207853 0.993397 47.604 -0.0737599 0.997198 0.0124874 0.628638 -0.990873 -0.0718639 -0.114045 107.529
-0.113321 -0.0189167 0.993378 48.2748 -0.0747088 0.997151 0.0104661 0.639677 -0.990746 -0.0730281 -0.114412 107.455
-0.115165 -0.0192979 0.993159 48.9432 -0.0737728 0.997217 0.0108222 0.635008 -0.990603 -0.0720218 -0.116268 107.381
-0.115125 -0.0199256 0.993151 49.6331 -0.072244 0.99732 0.0116348 0.631649 -0.99072 -0.0704097 -0.116256 107.3
-0.117318 -0.0217221 0.992857 50.3066 -0.0707842 0.997401 0.0134576 0.616003 -0.990569 -0.0686998 -0.11855 107.224
-0.117016 -0.0220111 0.992886 50.985 -0.0745241 0.997131 0.0133223 0.614705 -0.99033 -0.072435 -0.11832 107.153
-0.118678 -0.0225755 0.992676 51.6468 -0.0769195 0.996947 0.0134766 0.611084 -0.989949 -0.0747568 -0.120053 107.082
-0.117937 -0.0241754 0.992726 52.302 -0.0755002 0.997029 0.0153107 0.600093 -0.990147 -0.0731453 -0.119412 107.011
-0.11914 -0.0254039 0.992552 52.9689 -0.0762862 0.996952 0.0163596 0.594425 -0.989942 -0.073769 -0.120715 106.934
-0.122414 -0.0264909 0.992125 53.6275 -0.080818 0.996591 0.0166384 0.587605 -0.989183 -0.0781448 -0.124138 106.864
-0.126727 -0.0257459 0.991603 54.3002 -0.0832523 0.996413 0.0152311 0.593883 -0.988438 -0.0806231 -0.128416 106.797
-0.132524 -0.0231538 0.990909 54.9387 -0.0807199 0.996659 0.0124927 0.580764 -0.987888 -0.0783305 -0.13395 106.711
-0.139509 -0.0202523 0.990013 55.5829 -0.078944 0.996837 0.00926733 0.587481 -0.987069 -0.0768627 -0.140667 106.631
-0.147102 -0.0182078 0.988953 56.2378 -0.0782769 0.99691 0.00671095 0.582972 -0.986019 -0.076425 -0.148073 106.543
-0.153455 -0.0190588 0.987971 56.8766 -0.0821421 0.9966 0.00646668 0.586721 -0.984736 -0.0801617 -0.154499 106.457
-0.159988 -0.0207233 0.986901 57.5332 -0.0829777 0.996524 0.00747375 0.582506 -0.983625 -0.0806951 -0.161152 106.362
-0.165055 -0.0211041 0.986058 58.2079 -0.0854186 0.996321 0.00702563 0.583875 -0.982579 -0.0830681 -0.166251 106.259
-0.169276 -0.022195 0.985318 58.8693 -0.0865996 0.996215 0.00756276 0.579102 -0.981757 -0.084048 -0.170558 106.159
-0.173067 -0.0252499 0.984586 59.5266 -0.086733 0.996179 0.0103016 0.579206 -0.981084 -0.0836132 -0.174595 106.047
-0.174906 -0.0290171 0.984157 60.2098 -0.0856812 0.996223 0.0141454 0.579577 -0.98085 -0.0818496 -0.176732 105.925
-0.177402 -0.0321876 0.983612 60.9169 -0.0863795 0.996117 0.0170176 0.580576 -0.98034 -0.081945 -0.179494 105.798
-0.178021 -0.0333337 0.983462 61.6143 -0.087969 0.995964 0.0178337 0.596234 -0.980087 -0.0833394 -0.180235 105.678
-0.178913 -0.0306582 0.983387 62.3068 -0.0858382 0.99619 0.0154404 0.5985 -0.980113 -0.0816497 -0.180863 105.559
-0.179938 -0.0254224 0.983349 63.005 -0.0799818 0.996735 0.0111329 0.609603 -0.980421 -0.0766469 -0.181384 105.422
-0.180444 -0.0224999 0.983328 63.7189 -0.0749053 0.99715 0.00907081 0.604349 -0.980729 -0.0720197 -0.181615 105.281
-0.181967 -0.0212167 0.983076 64.4444 -0.0742606 0.997209 0.00777612 0.611712 -0.980497 -0.0715888 -0.183034 105.149
-0.181605 -0.0243561 0.98307 65.1703 -0.0775069 0.996938 0.0103817 0.620935 -0.980313 -0.0743093 -0.182936 105.023
-0.181908 -0.029338 0.982878 65.8944 -0.0786448 0.996787 0.0151979 0.633487 -0.980166 -0.0745336 -0.18363 104.894
-0.182321 -0.0322874 0.982709 66.619 -0.0769911 0.996861 0.0184683 0.644799 -0.98022 -0.0722927 -0.184235 104.758
-0.182863 -0.0328234 0.98259 67.3422 -0.0760533 0.99692 0.0191484 0.651406 -0.980192 -0.0712277 -0.184796 104.622
-0.184915 -0.0325319 0.982216 68.0705 -0.0794653 0.996675 0.0180503 0.662336 -0.979536 -0.0747143 -0.186885 104.495
-0.186772 -0.032873 0.981853 68.7998 -0.0807607 0.996571 0.0180031 0.660795 -0.979078 -0.0759327 -0.188786 104.366
-0.189778 -0.0331867 0.981266 69.529 -0.0815328 0.99651 0.0179336 0.66427 -0.978436 -0.0766019 -0.191822 104.232
-0.190945 -0.0336554 0.981023 70.248 -0.0821515 0.996454 0.0181949 0.66835 -0.978157 -0.0771183 -0.193033 104.094
-0.192733 -0.0343501 0.98065 70.9671 -0.0830438 0.996373 0.0185797 0.666564 -0.977731 -0.077856 -0.194887 103.958
-0.194185 -0.0344898 0.980358 71.6862 -0.0849084 0.996222 0.0182296 0.676727 -0.977283 -0.0797008 -0.19638 103.826
-0.194526 -0.033872 0.980312 72.4017 -0.0879096 0.995984 0.0169694 0.691287 -0.97695 -0.0828778 -0.196723 103.713
-0.195532 -0.0339721 0.980109 73.1487 -0.0888566 0.995903 0.0167927 0.704279 -0.976664 -0.0838056 -0.19775 103.576
-0.195889 -0.0346216 0.980015 73.8736 -0.0904504 0.995755 0.0170982 0.7091 -0.976446 -0.0852934 -0.198189 103.433
-0.197518 -0.0361064 0.979634 74.6184 -0.0909401 0.995688 0.0183624 0.720329 -0.976072 -0.0854611 -0.19995 103.301
-0.197789 -0.0380935 0.979504 75.3691 -0.0935564 0.995417 0.0198208 0.725717 -0.97577 -0.0877185 -0.200447 103.14
-0.198542 -0.0394612 0.979297 76.1074 -0.0971202 0.995064 0.0204064 0.739712 -0.975269 -0.0910581 -0.201395 103.011
-0.200833 -0.0401118 0.978804 76.8504 -0.0991402 0.994864 0.0204282 0.75378 -0.974596 -0.0929362 -0.203778 102.885
-0.201878 -0.0407304 0.978563 77.5907 -0.100384 0.994734 0.0206943 0.779514 -0.974253 -0.0940542 -0.204904 102.739
-0.204441 -0.0404271 0.978044 78.3655 -0.101933 0.994595 0.019804 0.792526 -0.973557 -0.0956466 -0.207457 102.574
-0.204113 -0.0369682 0.978249 79.1111 -0.105785 0.994269 0.0155015 0.80947 -0.973215 -0.10032 -0.206854 102.418
-0.205729 -0.0355783 0.977962 79.8849 -0.106636 0.994204 0.0137368 0.808585 -0.972782 -0.101459 -0.20833 102.26
-0.205288 -0.0328946 0.978149 80.6792 -0.10706 0.994193 0.0109652 0.815624 -0.972829 -0.102469 -0.207617 102.1
-0.204875 -0.0319497 0.978266 81.4809 -0.105548 0.994361 0.0103707 0.820588 -0.973081 -0.10113 -0.207092 101.935
-0.205359 -0.0322717 0.978154 82.2929 -0.102168 0.994703 0.0113679 0.821161 -0.973339 -0.0976019 -0.207568 101.759
-0.203672 -0.033839 0.978454 83.0937 -0.101285 0.994769 0.0133201 0.820662 -0.973786 -0.0963896 -0.206034 101.578
-0.203836 -0.0359066 0.978346 83.9232 -0.101994 0.994669 0.0152554 0.818374 -0.973678 -0.0966763 -0.206411 101.407
-0.200431 -0.0374785 0.97899 84.7466 -0.101826 0.994654 0.0172311 0.819379 -0.974402 -0.0962329 -0.203176 101.237
-0.200185 -0.0399172 0.978944 85.5817 -0.101564 0.994633 0.019788 0.826599 -0.97448 -0.095464 -0.203165 101.059
-0.197649 -0.0430367 0.979328 86.4198 -0.102243 0.994493 0.0230684 0.826009 -0.974927 -0.0955696 -0.20096 100.891
-0.19685 -0.0431009 0.979486 87.2491 -0.104557 0.99426 0.0227379 0.8271 -0.974843 -0.0979364 -0.200226 100.724
-0.196638 -0.0398222 0.979667 88.0944 -0.103607 0.994426 0.0196262 0.831048 -0.974987 -0.0976411 -0.199667 100.555
-0.19432 -0.0350293 0.980312 88.9153 -0.102593 0.994608 0.0152038 0.850386 -0.975559 -0.097619 -0.196866 100.394
-0.193955 -0.0325523 0.98047 89.7595 -0.10505 0.994393 0.0122338 0.84841 -0.97537 -0.100625 -0.196287 100.234
-0.191318 -0.0324996 0.98099 90.602 -0.104927 0.994403 0.0124804 0.850047 -0.975904 -0.100545 -0.193658 100.079
-0.191615 -0.0354805 0.980828 91.4669 -0.10429 0.994426 0.0155983 0.839967 -0.975914 -0.0993013 -0.194247 99.9117
-0.189697 -0.0364322 0.981167 92.3101 -0.102623 0.994574 0.0170892 0.844189 -0.976465 -0.0974485 -0.192406 99.752
-0.188943 -0.036741 0.9813 93.1662 -0.102947 0.994535 0.0174147 0.839967 -0.976577 -0.0977317 -0.191693 99.5925
-0.189245 -0.0372929 0.981221 94.0255 -0.103155 0.994505 0.0179025 0.842727 -0.976497 -0.0978302 -0.192053 99.4285
-0.188047 -0.0382484 0.981415 94.8688 -0.101166 0.994682 0.0193812 0.853981 -0.976936 -0.0956416 -0.190916 99.267
-0.187484 -0.039133 0.981488 95.7142 -0.0981508 0.994952 0.020921 0.864589 -0.977352 -0.0924114 -0.190379 99.105
-0.186333 -0.038635 0.981727 96.5527 -0.0978956 0.994985 0.0205761 0.86898 -0.977598 -0.0922727 -0.189181 98.9469
-0.186401 -0.036781 0.981785 97.3842 -0.0952782 0.995266 0.0191966 0.884456 -0.977843 -0.0899644 -0.189023 98.7944
-0.184594 -0.036314 0.982144 98.2051 -0.0992868 0.994895 0.0181245 0.894211 -0.977787 -0.0941682 -0.187257 98.6454
-0.183912 -0.0396127 0.982144 99.0271 -0.101511 0.994611 0.0211069 0.905872 -0.977687 -0.095817 -0.186942 98.4978
-0.184072 -0.0418041 0.982023 99.8542 -0.105331 0.994182 0.0225783 0.910737 -0.977253 -0.099281 -0.187404 98.3539
-0.184479 -0.0410974 0.981977 100.68 -0.108548 0.993866 0.0212026 0.917783 -0.976824 -0.10268 -0.187808 98.2076
-0.185527 -0.0384756 0.981886 101.498 -0.11225 0.993523 0.017722 0.930354 -0.976207 -0.106929 -0.188644 98.0546
-0.185531 -0.0370973 0.981938 102.312 -0.114077 0.993344 0.0159741 0.933352 -0.975994 -0.109053 -0.188528 97.9074
-0.185438 -0.0367508 0.981968 103.123 -0.113446 0.99342 0.015756 0.935552 -0.976086 -0.108478 -0.188387 97.7568
-0.185957 -0.0366588 0.981874 103.92 -0.112379 0.99354 0.015811 0.951636 -0.97611 -0.107401 -0.188876 97.6044
-0.185829 -0.0363081 0.981911 104.723 -0.111436 0.993649 0.0156526 0.952731 -0.976243 -0.106511 -0.188695 97.4541
-0.186537 -0.0345484 0.98184 105.527 -0.112146 0.993599 0.013656 0.964027 -0.976026 -0.107562 -0.189217 97.3056
-0.186245 -0.0335224 0.981931 106.331 -0.111518 0.993681 0.0127717 0.972813 -0.976154 -0.107124 -0.188806 97.1566
-0.187762 -0.0338429 0.981631 107.113 -0.112775 0.99354 0.0126823 0.97886 -0.975719 -0.108323 -0.190366 97.0057
-0.189103 -0.0346212 0.981347 107.89 -0.113077 0.993499 0.0132602 0.983679 -0.975425 -0.10846 -0.191789 96.8665
-0.191569 -0.0339192 0.980893 108.669 -0.113093 0.993509 0.0122684 0.982534 -0.974942 -0.108582 -0.194162 96.7246
-0.19485 -0.0326245 0.98029 109.439 -0.11317 0.99352 0.0105702 0.964371 -0.974282 -0.10888 -0.19728 96.5801
-0.197617 -0.0317849 0.979764 110.213 -0.113889 0.993451 0.00925768 0.95677 -0.973641 -0.109755 -0.199943 96.4302
-0.201423 -0.0319063 0.978984 110.987 -0.113415 0.993507 0.00904487 0.952148 -0.972916 -0.109209 -0.203734 96.2732
-0.203806 -0.0325285 0.978471 111.76 -0.112711 0.993583 0.00955437 0.940834 -0.972502 -0.108337 -0.206164 96.1129
-0.207098 -0.0325696 0.977778 112.531 -0.111681 0.9937 0.00944548 0.933585 -0.971925 -0.107243 -0.20943 95.9496
-0.20811 -0.0294331 0.977662 113.288 -0.114515 0.993407 0.00553093 0.938072 -0.971379 -0.110806 -0.210108 95.7962
-0.209962 -0.0235839 0.977425 114.049 -0.115683 0.993286 -0.000883325 0.946745 -0.970842 -0.113257 -0.21128 95.6436
-0.213353 -0.020864 0.976752 114.807 -0.112649 0.99363 -0.00338162 0.946068 -0.970459 -0.110752 -0.214344 95.4789
-0.21553 -0.0233123 0.976219 115.564 -0.111502 0.993764 -0.000886193 0.934656 -0.97011 -0.109041 -0.216786 95.3136
-0.218942 -0.0296763 0.975286 116.326 -0.111836 0.993714 0.00513092 0.931358 -0.969308 -0.107949 -0.220884 95.1516
-0.22048 -0.0312325 0.974891 117.088 -0.112398 0.993643 0.00641347 0.92367 -0.968894 -0.108162 -0.222588 94.9942
-0.222765 -0.0295258 0.974425 117.84 -0.114051 0.993467 0.00402935 0.920866 -0.968178 -0.110237 -0.224677 94.8215
-0.224855 -0.0270911 0.974016 118.598 -0.116609 0.993178 0.000704617 0.912861 -0.96739 -0.11342 -0.22648 94.6525
-0.227127 -0.0239262 0.973571 119.339 -0.116511 0.993186 -0.00277293 0.91136 -0.96687 -0.114062 -0.228367 94.4797
-0.229489 -0.0207724 0.97309 120.074 -0.113056 0.993574 -0.00545293 0.882464 -0.966723 -0.111265 -0.230363 94.3039
-0.230947 -0.016575 0.972825 120.807 -0.112633 0.993589 -0.00981004 0.871812 -0.966425 -0.111838 -0.231333 94.1307
-0.233358 -0.0152296 0.972272 121.54 -0.114112 0.993398 -0.0118279 0.862087 -0.965672 -0.113708 -0.233555 93.9573
-0.235369 -0.0169476 0.971758 122.275 -0.112823 0.993565 -0.00999901 0.852399 -0.965335 -0.111991 -0.235766 93.7846
-0.239247 -0.0196975 0.970759 123.008 -0.110031 0.993904 -0.00695045 0.840135 -0.964704 -0.108477 -0.239956 93.6044
-0.244245 -0.0213344 0.969479 123.746 -0.110154 0.993898 -0.00587982 0.825684 -0.963437 -0.108228 -0.245105 93.416
-0.250492 -0.0219823 0.967869 124.471 -0.110387 0.993871 -0.00599605 0.819416 -0.961805 -0.108342 -0.251384 93.2365
-0.258886 -0.0217944 0.965662 125.194 -0.111712 0.993713 -0.00752158 0.811611 -0.959426 -0.109823 -0.259693 93.0507
-0.268723 -0.0221796 0.962962 125.898 -0.112693 0.993594 -0.00856295 0.809053 -0.956602 -0.11082 -0.269501 92.8587
-0.280579 -0.0217617 0.959584 126.612 -0.112856 0.993557 -0.0104665 0.793324 -0.953173 -0.111232 -0.281227 92.6542
-0.29265 -0.0208776 0.955992 127.311 -0.112268 0.993598 -0.012669 0.777861 -0.949606 -0.111035 -0.29312 92.4461
-0.305 -0.0210487 0.95212 128.014 -0.110043 0.993839 -0.0132801 0.76334 -0.945973 -0.108825 -0.305437 92.2293
-0.315753 -0.0210182 0.948608 128.712 -0.108936 0.993947 -0.0142375 0.746283 -0.942567 -0.107833 -0.316132 91.9994
-0.326025 -0.0205971 0.945137 129.406 -0.105511 0.99431 -0.0147272 0.725251 -0.939455 -0.104524 -0.326343 91.7641
-0.335262 -0.0195605 0.941922 130.087 -0.100608 0.994811 -0.0151508 0.710134 -0.936738 -0.099844 -0.33549 91.5146
-0.342759 -0.0194562 0.939222 130.753 -0.0985734 0.995012 -0.0153613 0.695152 -0.934237 -0.0978476 -0.342967 91.2605
-0.349129 -0.020112 0.936859 131.418 -0.101954 0.994651 -0.0166413 0.690483 -0.931512 -0.101326 -0.349312 91.0116
-0.353913 -0.0209843 0.935043 132.087 -0.0988095 0.994993 -0.0150696 0.673995 -0.930044 -0.0977245 -0.354214 90.7581
-0.356875 -0.0224581 0.933882 132.762 -0.0951105 0.99539 -0.0124084 0.650741 -0.929298 -0.0932504 -0.357365 90.4984
-0.35778 -0.0238757 0.933501 133.416 -0.0908124 0.995825 -0.00933569 0.627633 -0.929379 -0.0881137 -0.358455 90.2464
-0.359194 -0.0238512 0.932958 134.071 -0.0877452 0.996109 -0.00831673 0.613304 -0.929129 -0.08485 -0.359889 89.9904
-0.359653 -0.0205468 0.93286 134.712 -0.0865351 0.996184 -0.0114211 0.591305 -0.929065 -0.0848328 -0.360059 89.7483
-0.358527 -0.0174782 0.933356 135.351 -0.0857752 0.996213 -0.0142933 0.579188 -0.92957 -0.0851834 -0.358668 89.4899
-0.358379 -0.0169589 0.933422 135.986 -0.0831456 0.996442 -0.0138191 0.570958 -0.929866 -0.0825625 -0.358514 89.2349
-0.356668 -0.0186972 0.934044 136.616 -0.0826766 0.996509 -0.0116228 0.554609 -0.930565 -0.0813691 -0.356969 88.9863
-0.355278 -0.0197657 0.934552 137.251 -0.0801063 0.996743 -0.00937212 0.536325 -0.931322 -0.0781933 -0.355704 88.7486
-0.353837 -0.020148 0.93509 137.878 -0.080972 0.996675 -0.00916479 0.516774 -0.931795 -0.0789591 -0.354292 88.5092
-0.351834 -0.0179954 0.935889 138.503 -0.078805 0.996836 -0.0104584 0.506425 -0.932739 -0.0774324 -0.352139 88.2805
-0.348655 -0.0172925 0.937092 139.113 -0.0776332 0.996927 -0.0104876 0.50075 -0.93403 -0.0764061 -0.348926 88.0574
-0.343823 -0.0176818 0.938868 139.728 -0.0766025 0.997019 -0.00927567 0.476419 -0.935904 -0.0751089 -0.344153 87.8324
-0.340185 -0.0189542 0.940168 140.319 -0.0758755 0.997091 -0.00735258 0.467761 -0.937292 -0.073837 -0.340633 87.626
-0.335183 -0.0207092 0.941925 140.936 -0.0757891 0.997112 -0.00504699 0.454545 -0.939099 -0.0730794 -0.335785 87.4189
-0.331631 -0.0210832 0.943173 141.536 -0.0760336 0.997096 -0.00444584 0.455433 -0.94034 -0.0731874 -0.332271 87.2248
-0.328991 -0.0224238 0.944067 142.124 -0.0759867 0.997106 -0.00279655 0.434617 -0.941271 -0.0726567 -0.329743 87.0278
-0.325072 -0.023889 0.945388 142.732 -0.0744348 0.997226 -0.000395535 0.4289 -0.942755 -0.0704984 -0.325948 86.8213
-0.322135 -0.0251498 0.946359 143.324 -0.0727704 0.997348 0.00173419 0.405874 -0.943892 -0.0683084 -0.323111 86.6281
-0.318585 -0.0257211 0.947545 143.915 -0.0735746 0.997288 0.00233394 0.404762 -0.945034 -0.0689718 -0.319614 86.4374
-0.315231 -0.0250342 0.948685 144.495 -0.0747277 0.997204 0.00148387 0.400914 -0.946068 -0.0704254 -0.31622 86.2516
-0.311883 -0.023051 0.949841 145.061 -0.074607 0.997214 -0.000296841 0.383243 -0.947187 -0.0709575 -0.312734 86.0635
-0.305936 -0.0207316 0.951826 145.638 -0.072937 0.997336 -0.0017206 0.373468 -0.949254 -0.0699499 -0.306633 85.8659
-0.300378 -0.0193493 0.953624 146.188 -0.0752794 0.997157 -0.00347943 0.367132 -0.950845 -0.0728335 -0.300981 85.7018
