1 0 0 0 0 1 0 0 0 0 1 0
<<<<<<< HEAD
0.999994 0.00299434 0.00177827 0.00846608 -0.00299589 0.999995 0.000871503 -0.0753591 -0.00177565 -0.000876825 0.999998 1.18606
0.999988 0.00414269 0.00275807 0.0200556 -0.00414706 0.99999 0.00157979 -0.109415 -0.0027515 -0.00159121 0.999995 2.39311
0.999982 0.00445244 0.00401083 0.0313985 -0.0044598 0.999988 0.00182955 -0.134577 -0.00400264 -0.00184741 0.99999 3.59544
0.999978 0.00441466 0.00497175 0.0346403 -0.00442667 0.999987 0.00240807 -0.145295 -0.00496105 -0.00243002 0.999985 4.79212
0.999972 0.00440007 0.00599742 0.0458244 -0.00441754 0.999986 0.00290347 -0.152985 -0.00598456 -0.00292988 0.999978 5.98986
0.999967 0.00460512 0.00663627 0.0514152 -0.00462426 0.999985 0.00287269 -0.166159 -0.00662294 -0.00290328 0.999974 7.1904
0.999959 0.00508187 0.00756229 0.0543864 -0.00510712 0.999981 0.00332319 -0.181372 -0.00754526 -0.00336167 0.999966 8.38908
0.999954 0.00582403 0.00766529 0.0571162 -0.0058561 0.999974 0.00416883 -0.204025 -0.00764081 -0.00421353 0.999962 9.59
0.999957 0.00653269 0.00661392 0.0525583 -0.00656601 0.999966 0.00502819 -0.221417 -0.00658084 -0.0050714 0.999965 10.7954
0.999968 0.00677381 0.00416963 0.0532355 -0.00679659 0.999962 0.00547383 -0.228942 -0.00413239 -0.00550199 0.999976 11.9979
0.999974 0.00698268 0.00173983 0.0522448 -0.00699309 0.999957 0.00604973 -0.226803 -0.00169751 -0.00606174 0.99998 13.211
0.999969 0.00784147 0.000321522 0.0405905 -0.00784343 0.999947 0.00663614 -0.246223 -0.000269465 -0.00663846 0.999978 14.4092
0.999968 0.00782829 -0.00136733 0.047096 -0.00781809 0.999943 0.00731636 -0.226501 0.00142453 -0.00730544 0.999972 15.6081
0.99997 0.00761313 -0.00108737 0.0692993 -0.00760453 0.999941 0.00770824 -0.229333 0.00114599 -0.00769974 0.99997 16.8193
0.999964 0.00837494 -0.00154576 0.0651537 -0.00836082 0.999925 0.00892512 -0.247269 0.0016204 -0.00891188 0.999959 18.0389
0.999958 0.00867607 -0.00287369 0.0662709 -0.00864731 0.999914 0.00987237 -0.247694 0.0029591 -0.00984711 0.999947 19.2317
0.999951 0.00951051 -0.00276047 0.0608262 -0.00948078 0.999899 0.0105909 -0.254788 0.00286092 -0.0105642 0.99994 20.4388
0.999944 0.00964922 -0.00439957 0.0584792 -0.00960001 0.999893 0.0110718 -0.254461 0.00450594 -0.0110289 0.999929 21.6325
0.999937 0.00989164 -0.00533784 0.0499839 -0.00982875 0.999883 0.0116815 -0.254037 0.00545277 -0.0116283 0.999917 22.8409
0.999929 0.010417 -0.00569691 0.0384031 -0.0103451 0.999868 0.0124967 -0.25718 0.00582634 -0.0124369 0.999906 24.0616
0.999909 0.011267 -0.0073592 0.0195406 -0.0111701 0.999852 0.0130843 -0.265149 0.00750554 -0.0130009 0.999887 25.2465
0.999893 0.0123065 -0.00786319 -0.00622921 -0.0121919 0.999821 0.0144688 -0.272417 0.00803984 -0.0143714 0.999864 26.4677
0.999884 0.0120405 -0.00932456 -0.0208496 -0.0118981 0.999814 0.0151749 -0.270809 0.00950555 -0.0150622 0.999841 27.6822
0.99987 0.0124603 -0.0102393 -0.0277035 -0.0122978 0.9998 0.0157792 -0.269409 0.0104339 -0.0156512 0.999823 28.8751
0.999848 0.0136706 -0.0108256 -0.0506719 -0.0134898 0.999771 0.0165974 -0.282003 0.0110501 -0.0164489 0.999804 30.1069
0.999826 0.013608 -0.0127191 -0.0557723 -0.0133891 0.999763 0.0171356 -0.277722 0.0129492 -0.0169624 0.999772 31.3085
0.999823 0.01382 -0.0127906 -0.0686448 -0.0135946 0.999754 0.0175465 -0.269504 0.01303 -0.0173695 0.999764 32.5266
0.999808 0.0134518 -0.0142694 -0.0942666 -0.0131961 0.999753 0.0178691 -0.25611 0.0145063 -0.0176773 0.999739 33.729
0.9998 0.0134849 -0.0147441 -0.121255 -0.0132133 0.999744 0.0183653 -0.240487 0.014988 -0.0181668 0.999723 34.9271
0.999797 0.0135062 -0.0149538 -0.144224 -0.0132199 0.999731 0.0190798 -0.228614 0.0152074 -0.0188783 0.999706 36.1488
0.999774 0.0137154 -0.016238 -0.169021 -0.0133944 0.999716 0.0197108 -0.216084 0.0165037 -0.0194888 0.999674 37.3554
0.999778 0.0137302 -0.016005 -0.192646 -0.0133993 0.999698 0.0206069 -0.212662 0.0162831 -0.0203878 0.99966 38.5712
0.999758 0.0143498 -0.0166675 -0.221837 -0.0139826 0.999662 0.0219391 -0.201495 0.0169767 -0.0217007 0.99962 39.774
0.999757 0.0148284 -0.0163346 -0.264188 -0.0144496 0.999629 0.0230684 -0.189747 0.0166706 -0.0228268 0.9996 40.9885
0.999747 0.015609 -0.0161978 -0.287656 -0.0152207 0.9996 0.0238257 -0.169204 0.0165632 -0.0235731 0.999585 42.2124
0.999735 0.0153848 -0.017132 -0.297001 -0.0149891 0.999623 0.0229903 -0.122344 0.0174792 -0.0227274 0.999589 43.3935
0.999709 0.0180961 -0.0159395 -0.341475 -0.0176729 0.999498 0.0263048 -0.145244 0.0164075 -0.0260155 0.999527 44.6121
0.999707 0.0189202 -0.015123 -0.359477 -0.0184664 0.999391 0.0296047 -0.155909 0.0156739 -0.0293167 0.999447 45.819
0.999716 0.0194775 -0.0137494 -0.384764 -0.0190345 0.999318 0.0316427 -0.139623 0.0143563 -0.031372 0.999405 47.0304
0.999731 0.0201883 -0.0113965 -0.409565 -0.0197919 0.99923 0.0338842 -0.120988 0.0120717 -0.0336495 0.999361 48.2482
0.999746 0.0198628 -0.0106094 -0.429573 -0.0194792 0.999194 0.0351111 -0.0982011 0.0112982 -0.0348956 0.999327 49.4548
0.999768 0.0195933 -0.00891915 -0.447459 -0.0192641 0.99918 0.0356042 -0.0685435 0.00960945 -0.0354241 0.999326 50.6613
0.999797 0.0189873 -0.00677369 -0.466392 -0.0187314 0.999175 0.0360234 -0.0355734 0.0074521 -0.0358892 0.999328 51.8723
0.999812 0.0183697 -0.00621191 -0.481215 -0.0181315 0.999171 0.0364373 -0.0117329 0.00687611 -0.0363178 0.999317 53.0801
0.999813 0.0187719 -0.00459648 -0.503419 -0.0185918 0.99916 0.0365072 0.0327675 0.00527793 -0.0364149 0.999323 54.3031
0.99982 0.0181425 -0.00560457 -0.519751 -0.0179224 0.999151 0.0370956 0.0614067 0.00627283 -0.0369885 0.999296 55.5182
0.999806 0.0181822 -0.00759938 -0.521046 -0.017886 0.999141 0.0373715 0.104226 0.00827235 -0.0372283 0.999273 56.7209
0.999839 0.0159808 -0.00819318 -0.536644 -0.015647 0.999105 0.0392987 0.0799598 0.00881388 -0.0391642 0.999194 57.9549
0.999827 0.0155805 -0.0101795 -0.551156 -0.0151637 0.999092 0.0398042 0.104971 0.0107904 -0.039643 0.999156 59.1632
0.999801 0.0172706 -0.00995625 -0.57352 -0.0168532 0.999034 0.0405808 0.112449 0.0106475 -0.0404049 0.999127 60.3794
0.999793 0.0169196 -0.0112504 -0.598664 -0.0164432 0.999017 0.0411684 0.131904 0.0119359 -0.0409749 0.999089 61.5912
0.999799 0.0164506 -0.0114775 -0.614599 -0.0159551 0.99899 0.042002 0.151813 0.0121569 -0.0418104 0.999052 62.8013
0.999815 0.0158576 -0.010886 -0.630085 -0.0153788 0.998967 0.0427458 0.17837 0.0115526 -0.0425705 0.999027 64.0158
0.999806 0.0156893 -0.0119078 -0.650907 -0.0151602 0.998947 0.0432969 0.214843 0.0125746 -0.0431079 0.998991 65.2243
0.999821 0.015267 -0.0111445 -0.67119 -0.01476 0.998912 0.0442371 0.257123 0.0118078 -0.0440647 0.998959 66.4152
0.999806 0.0154964 -0.0121726 -0.691924 -0.0149418 0.998902 0.0444 0.30644 0.0128473 -0.0442094 0.99894 67.6151
0.999793 0.0162247 -0.0122447 -0.723292 -0.0156602 0.99887 0.0448646 0.344219 0.0129587 -0.0446636 0.998918 68.8165
0.999799 0.0166519 -0.0111731 -0.757461 -0.0161311 0.998848 0.0451825 0.399275 0.0119126 -0.0449932 0.998916 70.008
0.999785 0.0167667 -0.0122291 -0.774577 -0.0161916 0.998824 0.0457027 0.449127 0.012981 -0.0454948 0.99888 71.1983
0.999782 0.0178186 -0.0108952 -0.798752 -0.0172884 0.998747 0.0469557 0.468277 0.0117182 -0.0467571 0.998838 72.3916
0.99978 0.0178755 -0.0110081 -0.821428 -0.0173239 0.998682 0.0483111 0.494148 0.0118572 -0.0481098 0.998772 73.5854
0.999783 0.0187646 -0.00907533 -0.83799 -0.0183005 0.998642 0.048769 0.518474 0.00997815 -0.0485923 0.998769 74.7757
0.999811 0.0187149 -0.00534005 -0.850352 -0.0184306 0.998625 0.0490681 0.563573 0.00625102 -0.0489604 0.998781 75.9558
0.999825 0.018301 -0.00398596 -0.861615 -0.018091 0.998705 0.0475461 0.589279 0.00485094 -0.0474656 0.998861 77.1302
0.999812 0.0193833 0.00059297 -0.865076 -0.0193891 0.998617 0.0488668 0.629678 0.000355052 -0.0488691 0.998805 78.3109
0.999813 0.0192358 0.00204175 -0.872063 -0.0193162 0.998453 0.0521414 0.674263 -0.0010356 -0.0521711 0.998638 79.4954
0.999786 0.0199098 0.00556353 -0.869119 -0.0201752 0.998411 0.0526225 0.70725 -0.00450698 -0.0527235 0.998599 80.6661
0.999731 0.020064 0.0116514 -0.87525 -0.0206491 0.998408 0.0524847 0.765795 -0.0105798 -0.0527112 0.998554 81.8353
0.999707 0.0200978 0.0135336 -0.864842 -0.0207867 0.998386 0.052851 0.810626 -0.0124496 -0.0531168 0.998511 82.9941
0.999601 0.0215886 0.0182163 -0.850143 -0.022494 0.998443 0.0510513 0.813554 -0.0170858 -0.0514407 0.99853 84.1555
0.999533 0.0225192 0.0206423 -0.810387 -0.0235651 0.998373 0.0519131 0.8415 -0.0194397 -0.0523753 0.998438 85.3105
0.999434 0.0228078 0.0247355 -0.749521 -0.0241044 0.998279 0.0534569 0.887274 -0.0234737 -0.0540228 0.998264 86.4689
0.999458 0.0121529 0.0305928 -0.705981 -0.0140609 0.997918 0.0629446 1.02781 -0.0297642 -0.0633406 0.997548 87.579
0.999351 -0.00290989 0.0359168 -0.677964 0.000544963 0.99784 0.0656794 1.20586 -0.0360304 -0.0656172 0.997194 88.6025
0.999172 -0.00381776 0.0405232 -0.646158 0.00116145 0.99786 0.0653723 1.32287 -0.040686 -0.0652711 0.997038 89.7177
0.999075 -0.0040378 0.0428225 -0.601991 0.00121606 0.997837 0.0657162 1.41263 -0.0429952 -0.0656034 0.996919 90.8487
0.998938 -0.00443704 0.0458618 -0.554588 0.0013845 0.997793 0.066378 1.49431 -0.0460551 -0.066244 0.99674 91.9956
0.998757 -0.00449136 0.0496537 -0.504748 0.00114079 0.997732 0.0673022 1.57533 -0.0498433 -0.0671619 0.996496 93.1551
0.99867 -0.00443983 0.0513764 -0.451841 0.000900774 0.997636 0.0687039 1.64983 -0.05156 -0.0685662 0.996313 94.3063
0.998473 -0.00445217 0.0550583 -0.387987 0.000620014 0.997587 0.0694237 1.72692 -0.0552346 -0.0692836 0.996067 95.4657
0.998403 -0.00428317 0.0563273 -0.330386 0.000354022 0.997576 0.0695813 1.81745 -0.0564888 -0.0694503 0.995985 96.6277
0.998275 -0.00406484 0.0585808 -0.269135 -1.08241e-05 0.997588 0.0694056 1.88362 -0.0587217 -0.0692865 0.995867 97.781
0.998069 -0.00352321 0.0620118 -0.195159 -0.00079658 0.997581 0.0694984 1.94277 -0.0621067 -0.0694136 0.995653 98.9539
0.998015 -0.00377936 0.0628607 -0.128418 -0.000628808 0.997549 0.0699586 2.00092 -0.0629711 -0.0698593 0.995567 100.135
0.997908 -0.00365814 0.0645508 -0.0495475 -0.000912589 0.997501 0.070637 2.05816 -0.064648 -0.0705481 0.995411 101.311
0.998029 -0.00387468 0.0626396 0.0145424 -0.000620442 0.997434 0.0715833 2.11992 -0.0627563 -0.0714811 0.995466 102.484
0.998106 -0.00410946 0.0613817 0.0861748 -0.00034587 0.997375 0.0723975 2.18531 -0.0615182 -0.0722817 0.995485 103.666
0.998159 -0.00346128 0.0605511 0.159366 -0.000982841 0.997316 0.0732112 2.24958 -0.0606419 -0.073136 0.995477 104.859
0.998361 -0.00369292 0.0571075 0.219708 -0.000539424 0.997264 0.0739193 2.31412 -0.0572242 -0.073829 0.995628 106.061
0.998475 -0.00435627 0.0550319 0.282597 0.000255053 0.997235 0.0743124 2.37811 -0.0552035 -0.074185 0.995716 107.26
0.998696 -0.00379325 0.0509034 0.335245 -2.89386e-05 0.997192 0.0748772 2.44556 -0.0510445 -0.074781 0.995893 108.465
0.998884 -0.00426607 0.0470408 0.386476 0.000699063 0.997139 0.0755851 2.51021 -0.0472286 -0.0754678 0.996029 109.676
0.999018 -0.00489696 0.0440416 0.44292 0.00151584 0.99707 0.0764791 2.58608 -0.0442871 -0.0763372 0.996098 110.889
0.999237 -0.00535483 0.0386803 0.483158 0.00235326 0.99701 0.0772315 2.66168 -0.0389783 -0.0770816 0.996263 112.104
0.99937 -0.00559629 0.0350505 0.526613 0.0028649 0.996988 0.0774979 2.74535 -0.0353786 -0.0773487 0.996376 113.319
0.999558 -0.00547699 0.0292229 0.556375 0.00318804 0.996963 0.0778064 2.82561 -0.0295602 -0.0776788 0.99654 114.541
0.999689 -0.0054628 0.0243152 0.572861 0.00355846 0.996971 0.0776835 2.90726 -0.0246659 -0.0775729 0.996682 115.774
0.999788 -0.00531107 0.0198921 0.583482 0.00374518 0.99695 0.077945 2.97777 -0.0202454 -0.077854 0.996759 117
0.999878 -0.00484521 0.0148582 0.603884 0.003668 0.996926 0.0782569 3.04933 -0.0151917 -0.0781929 0.996823 118.24
0.999918 -0.00431 0.0120784 0.615524 0.00334576 0.996889 0.0787446 3.11535 -0.0123802 -0.0786977 0.996822 119.459
0.999946 -0.00429737 0.00943236 0.62145 0.00353874 0.996866 0.0790214 3.19323 -0.00974236 -0.0789838 0.996829 120.69
0.999955 -0.00429312 0.00838275 0.620385 0.00361705 0.996863 0.0790612 3.27195 -0.00869585 -0.0790274 0.996835 121.934
0.999962 -0.00373774 0.00787255 0.607124 0.00310053 0.996833 0.0794518 3.35145 -0.00814457 -0.0794244 0.996808 123.169
0.999974 -0.00361462 0.00627101 0.600673 0.00310152 0.996791 0.0799833 3.43391 -0.00653998 -0.0799618 0.996777 124.413
0.999976 -0.00359829 0.00588178 0.600802 0.00311073 0.996717 0.0808963 3.5081 -0.00615354 -0.0808761 0.996706 125.665
0.999987 -0.00245682 0.00437832 0.595857 0.00209104 0.996657 0.0816718 3.59239 -0.00456431 -0.0816616 0.99665 126.927
0.999989 -0.00257827 0.00379418 0.598359 0.00225664 0.996592 0.0824582 3.68805 -0.00399382 -0.0824487 0.996588 128.193
0.99999 -0.00223722 0.00371713 0.60194 0.00192196 0.996568 0.0827509 3.7863 -0.00388949 -0.0827429 0.996564 129.437
0.999996 -0.00156994 0.00248898 0.59167 0.00135692 0.996516 0.0833903 3.897 -0.0026112 -0.0833865 0.996514 130.707
0.999996 -0.000631639 0.00253549 0.583206 0.00041978 0.996574 0.0827032 4.03095 -0.00257902 -0.0827019 0.996571 131.945
0.999999 0.000716681 0.00122107 0.566991 -0.00081498 0.99659 0.0825005 4.16278 -0.00115775 -0.0825014 0.996591 133.216
0.999999 0.000875567 0.00071257 0.554343 -0.000931848 0.996528 0.0832423 4.27262 -0.000637185 -0.0832429 0.996529 134.469
0.999999 0.00104386 0.00117831 0.549351 -0.00113813 0.996543 0.0830632 4.39697 -0.0010875 -0.0830644 0.996544 135.729
0.999999 0.00134919 0.000540067 0.549924 -0.00138992 0.996437 0.0843227 4.49468 -0.000424349 -0.0843234 0.996439 137.015
0.999997 0.00176786 0.00156104 0.550192 -0.00189338 0.996425 0.0844496 4.5944 -0.00140614 -0.0844523 0.996427 138.29
0.999997 0.00160457 0.0018099 0.549663 -0.00175198 0.996411 0.0846234 4.69356 -0.00166759 -0.0846264 0.996412 139.572
0.999995 0.00192851 0.00227224 0.546756 -0.00211458 0.996382 0.0849557 4.78755 -0.00210016 -0.0849601 0.996382 140.853
0.99999 0.00240718 0.00381547 0.548825 -0.00272652 0.996288 0.0860293 4.88478 -0.0035942 -0.0860389 0.996286 142.135
0.99999 0.00279628 0.00344931 0.547699 -0.00308396 0.996252 0.0864306 4.99226 -0.00319468 -0.0864404 0.996252 143.414
0.999988 0.0029035 0.00393925 0.549521 -0.00323432 0.996224 0.0867546 5.09255 -0.00367246 -0.0867663 0.996222 144.689
0.999977 0.00306626 0.0059824 0.536018 -0.00357242 0.996243 0.0865195 5.2002 -0.00569461 -0.0865389 0.996233 145.965
0.99998 0.00308484 0.00544876 0.530454 -0.00354293 0.996273 0.0861693 5.30434 -0.00516261 -0.0861869 0.996266 147.237
0.999968 0.00320066 0.00726701 0.53061 -0.00381582 0.996263 0.0862798 5.39749 -0.00696368 -0.0863048 0.996245 148.506
0.999977 0.00290725 0.00614674 0.548805 -0.0034254 0.996285 0.0860402 5.48975 -0.00587375 -0.0860593 0.996273 149.779
0.999977 0.00310779 0.00606474 0.560015 -0.0036188 0.996275 0.0861547 5.57556 -0.00577437 -0.0861746 0.996264 151.053
0.999969 0.00365771 0.0070237 0.568993 -0.00425652 0.996179 0.0872248 5.66008 -0.0066778 -0.0872519 0.996164 152.324
0.999975 0.00419387 0.00574539 0.567801 -0.00468275 0.996117 0.0879028 5.76127 -0.0053544 -0.0879275 0.996113 153.603
0.999968 0.00501815 0.00629982 0.573237 -0.00556035 0.995995 0.0892268 5.85228 -0.00582682 -0.0892589 0.995992 154.884
0.999974 0.00489629 0.00525652 0.567445 -0.00534823 0.995952 0.0897219 5.94731 -0.00479592 -0.0897477 0.995953 156.154
0.999977 0.00501552 0.00466143 0.561748 -0.00541488 0.995924 0.0900311 6.04253 -0.00419085 -0.0900543 0.995928 157.411
0.999974 0.00522799 0.00494466 0.562095 -0.00565427 0.995876 0.0905393 6.13678 -0.00445091 -0.0905649 0.995881 158.683
0.999982 0.00469964 0.00366031 0.557013 -0.0050143 0.995808 0.0913193 6.22641 -0.00321577 -0.091336 0.995815 159.952
0.999977 0.0058137 0.00365484 0.551649 -0.00612653 0.995704 0.0923876 6.32396 -0.003102 -0.0924079 0.995717 161.229
0.999981 0.00593602 0.00184364 0.542062 -0.00608133 0.995678 0.0926608 6.45046 -0.00128561 -0.0926703 0.995696 162.512
0.999977 0.00673843 0.0011595 0.546694 -0.0068172 0.995618 0.093255 6.54798 -0.000525998 -0.0932608 0.995642 163.78
0.999977 0.00663425 0.001372 0.532303 -0.0067334 0.995606 0.0933945 6.66598 -0.000746339 -0.0934016 0.995629 165.054
0.999984 0.00574673 -0.000188844 0.539416 -0.0057036 0.995564 0.0939087 6.75178 0.000727701 -0.0939061 0.995581 166.323
0.999985 0.00545911 4.39782e-05 0.543795 -0.005439 0.995542 0.0941526 6.86135 0.000470234 -0.0941515 0.995558 167.578
0.999984 0.00548897 -0.00152299 0.546714 -0.0053209 0.995529 0.0943013 6.97928 0.00203383 -0.0942917 0.995543 168.837
0.999982 0.00551155 -0.00227111 0.543532 -0.00527095 0.995465 0.0949782 7.09849 0.00278432 -0.0949646 0.995477 170.093
0.999982 0.00546041 -0.00236459 0.543536 -0.00520972 0.995417 0.0954778 7.20381 0.00287513 -0.0954638 0.995429 171.325
0.999978 0.00540926 -0.00381395 0.534944 -0.00502066 0.995423 0.0954283 7.32789 0.00431272 -0.0954071 0.995429 172.572
0.999979 0.00559666 -0.00339669 0.525819 -0.00524374 0.995342 0.0962602 7.43065 0.00391964 -0.0962404 0.995351 173.824
0.999971 0.00575428 -0.00491957 0.507497 -0.00525334 0.995329 0.0963931 7.55864 0.00545129 -0.0963645 0.995331 175.096
0.999966 0.00585877 -0.00578358 0.500018 -0.00527277 0.995309 0.096601 7.69238 0.00632244 -0.0965673 0.995307 176.363
0.999971 0.00569888 -0.00511466 0.489283 -0.00517474 0.995249 0.0972153 7.79603 0.00564441 -0.0971861 0.99525 177.633
0.999967 0.0050616 -0.00635124 0.493816 -0.00441673 0.995202 0.0977352 7.89703 0.00681549 -0.097704 0.995192 178.9
0.999975 0.00472359 -0.00522325 0.494428 -0.00418811 0.995161 0.0981628 7.98997 0.00566169 -0.0981386 0.995157 180.176
0.999972 0.00407422 -0.00630233 0.487503 -0.00343289 0.995119 0.0986202 8.08472 0.0066734 -0.0985959 0.995105 181.438
0.999964 0.00496682 -0.0068241 0.475431 -0.00424992 0.994844 0.101324 8.19608 0.0072922 -0.101292 0.99483 182.711
0.999966 0.0051335 -0.0064022 0.471622 -0.00444239 0.994604 0.103646 8.30549 0.00689975 -0.103614 0.994594 183.986
0.99995 0.00654537 -0.00754058 0.45567 -0.00572718 0.994577 0.103836 8.40354 0.00817937 -0.103787 0.994566 185.243
0.999949 0.00770385 -0.00660981 0.447968 -0.00697897 0.994611 0.10344 8.51389 0.00737111 -0.103389 0.994614 186.507
0.999936 0.00796139 -0.00810568 0.437456 -0.00707713 0.994571 0.103815 8.62478 0.00888822 -0.103751 0.994564 187.748
0.999934 0.00784796 -0.00834186 0.418608 -0.00693675 0.994537 0.10415 8.73259 0.00911368 -0.104085 0.994527 188.998
0.999944 0.0080958 -0.0068754 0.405356 -0.00732553 0.994393 0.105491 8.85366 0.00769091 -0.105435 0.994397 190.248
0.999935 0.00823507 -0.00794688 0.374664 -0.00734279 0.994293 0.106427 8.98059 0.008778 -0.106362 0.994289 191.494
0.99994 0.00828441 -0.00725871 0.357095 -0.0074584 0.994204 0.107244 9.10304 0.00810512 -0.107183 0.994207 192.758
0.999937 0.00920092 -0.00650976 0.343612 -0.00845066 0.994207 0.107146 9.2131 0.00745792 -0.107085 0.994222 193.979
0.999926 0.0109155 -0.00536329 0.341888 -0.0102814 0.994242 0.106661 9.28227 0.00649671 -0.106598 0.994281 195.226
0.999913 0.0126616 -0.00384901 0.338661 -0.0121757 0.994153 0.10729 9.37758 0.005185 -0.107234 0.994221 196.466
0.999905 0.0134269 -0.00326193 0.340148 -0.0129949 0.994037 0.108264 9.47844 0.00469616 -0.108211 0.994117 197.688
0.999894 0.0144913 -0.00162218 0.331742 -0.0142273 0.993908 0.109284 9.59128 0.00319599 -0.109249 0.994009 198.921
0.999888 0.0148881 -0.0018715 0.32249 -0.0145893 0.993743 0.110732 9.70527 0.0035084 -0.110692 0.993849 200.139
0.999865 0.0164287 -0.000675388 0.307736 -0.0162509 0.993629 0.111524 9.80896 0.00250332 -0.111498 0.993762 201.355
0.999854 0.0170862 0.000852171 0.299909 -0.0170739 0.993541 0.112181 9.91926 0.0010701 -0.112179 0.993688 202.568
0.999843 0.017688 0.000915189 0.288112 -0.0176784 0.993467 0.112735 10.0407 0.00108487 -0.112734 0.993625 203.765
0.999825 0.0185434 0.00239126 0.284857 -0.018695 0.99332 0.113867 10.1568 -0.000263784 -0.113892 0.993493 204.966
0.999824 0.0186088 0.00256917 0.282855 -0.0187804 0.993282 0.114177 10.2905 -0.000427189 -0.114205 0.993457 206.156
0.999815 0.0188492 0.00373812 0.262722 -0.0191532 0.993244 0.114452 10.4335 -0.00155551 -0.114503 0.993422 207.33
0.999807 0.0190607 0.00479436 0.26608 -0.0194868 0.993125 0.115419 10.5541 -0.00256141 -0.11549 0.993306 208.5
0.999773 0.0209514 0.00393727 0.274268 -0.0212685 0.992879 0.117205 10.6444 -0.0014536 -0.117262 0.9931 209.66
0.999755 0.0217263 0.00425427 0.279611 -0.0220785 0.992624 0.119202 10.7485 -0.00163306 -0.119267 0.992861 210.797
0.999758 0.0218588 0.00256179 0.285673 -0.0220083 0.992552 0.119817 10.8775 7.63707e-05 -0.119844 0.992793 211.902
0.999757 0.0219362 0.00214438 0.285559 -0.0220348 0.992476 0.120436 11.0008 0.000513692 -0.120454 0.992719 213.004
0.999753 0.022052 0.00276816 0.294663 -0.0222249 0.992426 0.120809 11.122 -8.30882e-05 -0.120841 0.992672 214.091
0.999756 0.0220376 0.00144415 0.290373 -0.0220496 0.992334 0.121596 11.2382 0.00124663 -0.121598 0.992579 215.16
0.99975 0.0223219 0.00102774 0.290703 -0.0222791 0.992182 0.122793 11.3456 0.00172129 -0.122785 0.992432 216.223
0.999744 0.0225906 -0.00131386 0.284702 -0.022253 0.99202 0.124098 11.4562 0.00410685 -0.124037 0.992269 217.272
0.999734 0.0228219 -0.00326761 0.283152 -0.0222286 0.991783 0.125983 11.557 0.00611597 -0.125877 0.992027 218.316
0.999698 0.0240205 -0.00520246 0.269134 -0.0231558 0.991477 0.1282 11.662 0.00823758 -0.128041 0.991735 219.35
0.999669 0.0244238 -0.00811594 0.249719 -0.0231739 0.991374 0.128998 11.7809 0.0111966 -0.128767 0.991612 220.35
0.999627 0.0251032 -0.0107505 0.243611 -0.0235021 0.991307 0.129449 11.8872 0.0139067 -0.129148 0.991528 221.349
0.999583 0.0250976 -0.0143126 0.203678 -0.0230232 0.991219 0.130211 12.0111 0.0174549 -0.129827 0.991383 222.304
0.999492 0.0266658 -0.0174662 0.173887 -0.0241484 0.991063 0.131191 12.0899 0.0208084 -0.130702 0.991204 223.252
0.99939 0.0282461 -0.0205466 0.162273 -0.0253039 0.990985 0.131556 12.1667 0.0240774 -0.130956 0.991096 224.2
0.999305 0.0283112 -0.0242609 0.140197 -0.0248676 0.990928 0.132067 12.2731 0.0277798 -0.131372 0.990944 225.101
0.99924 0.0287038 -0.0263785 0.111409 -0.0249658 0.990869 0.132491 12.3672 0.0299406 -0.131731 0.990833 225.978
0.999116 0.028961 -0.0304858 0.0793403 -0.0246644 0.990818 0.132932 12.4691 0.0340558 -0.132063 0.990656 226.833
0.999027 0.0288777 -0.0333349 0.0455425 -0.0241933 0.990787 0.133249 12.5672 0.0368758 -0.132313 0.990522 227.67
0.998939 0.0295309 -0.0353508 0.00330062 -0.0245552 0.990713 0.133731 12.6636 0.0389718 -0.132722 0.990387 228.487
0.998886 0.0294924 -0.0368324 -0.0395369 -0.0242868 0.990609 0.134546 12.755 0.0404546 -0.133502 0.990223 229.283
0.998922 0.0293656 -0.0359421 -0.0699971 -0.024253 0.990518 0.135225 12.8461 0.0395723 -0.134207 0.990163 230.069
0.998906 0.029788 -0.03605 -0.0996374 -0.0246316 0.99042 0.135867 12.929 0.0397519 -0.13483 0.990071 230.831
0.998941 0.0295774 -0.0352389 -0.125933 -0.0245198 0.990379 0.136187 13.0153 0.0389279 -0.135178 0.990057 231.58
0.998966 0.0300729 -0.0340894 -0.148619 -0.0251723 0.990383 0.136039 13.1016 0.0378527 -0.135041 0.990117 232.321
0.998972 0.0301157 -0.0338854 -0.177182 -0.0252272 0.990327 0.136436 13.1891 0.0376666 -0.135441 0.990069 233.057
0.999038 0.0301704 -0.0318114 -0.20486 -0.0255476 0.990261 0.136855 13.2754 0.0356306 -0.135911 0.99008 233.788
0.999061 0.0303114 -0.030945 -0.229009 -0.0257915 0.990201 0.137245 13.3673 0.0348019 -0.136318 0.990054 234.514
0.999109 0.0302687 -0.0294013 -0.258867 -0.0259421 0.990123 0.137775 13.4605 0.0332812 -0.13689 0.990027 235.232
0.999158 0.0304094 -0.0275458 -0.2867 -0.0263195 0.990042 0.138289 13.5547 0.0314768 -0.137447 0.990009 235.966
0.999192 0.0304953 -0.0261691 -0.313867 -0.0265868 0.990001 0.138526 13.6548 0.0301319 -0.137718 0.990013 236.682
0.999249 0.0305888 -0.0237791 -0.333917 -0.0270018 0.989955 0.138777 13.7369 0.0277853 -0.138031 0.990038 237.39
0.99927 0.0314869 -0.0216206 -0.343721 -0.0281656 0.989792 0.139702 13.8053 0.0257988 -0.138991 0.989958 238.088
0.999334 0.031303 -0.0187516 -0.352426 -0.0283739 0.989733 0.140078 13.8959 0.0229439 -0.139452 0.989963 238.784
0.999308 0.0338713 -0.0153867 -0.348959 -0.0313824 0.989611 0.140299 13.9326 0.019979 -0.139719 0.98999 239.502
0.999309 0.0348843 -0.0128326 -0.361036 -0.0327292 0.989461 0.141049 13.9996 0.0176178 -0.140531 0.98992 240.204
0.999334 0.0352306 -0.00951843 -0.370502 -0.0335336 0.989389 0.141362 14.0814 0.0143977 -0.140948 0.989913 240.904
0.999346 0.0354653 -0.00707863 -0.385534 -0.034106 0.989324 0.141684 14.1674 0.0120279 -0.14135 0.989887 241.591
0.999347 0.0358785 -0.00419644 -0.400332 -0.034922 0.989286 0.14175 14.2566 0.00923726 -0.141511 0.989894 242.283
0.999357 0.0358524 -0.00079691 -0.409405 -0.0353742 0.989192 0.142291 14.3468 0.00588978 -0.142171 0.989825 242.985
0.999356 0.0358403 0.00176338 -0.417648 -0.0357231 0.989038 0.143269 14.4397 0.00339075 -0.14324 0.989683 243.68
0.999343 0.0359189 0.00473683 -0.423251 -0.0362268 0.988986 0.143503 14.5398 0.000469809 -0.14358 0.989639 244.384
0.999333 0.0358996 0.00664269 -0.423519 -0.036482 0.988921 0.143886 14.6386 -0.00140363 -0.144033 0.989572 245.089
0.999306 0.0359967 0.00962042 -0.420344 -0.0370081 0.988868 0.144117 14.7351 -0.00432561 -0.144373 0.989514 245.798
0.999287 0.0361501 0.0108705 -0.414784 -0.0373423 0.988807 0.144447 14.8357 -0.00552712 -0.14475 0.989453 246.502
0.999276 0.0361075 0.011996 -0.404992 -0.0374687 0.988681 0.145276 14.9321 -0.00661467 -0.145621 0.989319 247.215
0.999266 0.0361968 0.012545 -0.397286 -0.0376404 0.988604 0.145753 15.0317 -0.00712628 -0.146118 0.989242 247.939
0.999272 0.0361425 0.012221 -0.386009 -0.0375437 0.988515 0.146381 15.1376 -0.00679005 -0.146733 0.989153 248.663
0.999242 0.036627 0.0131711 -0.378252 -0.038166 0.988423 0.146842 15.2459 -0.00764019 -0.147234 0.989073 249.39
0.999247 0.0365948 0.0129085 -0.373019 -0.0381 0.988336 0.147444 15.3636 -0.0073622 -0.147825 0.988987 250.119
0.999248 0.0364377 0.0132762 -0.374727 -0.0380028 0.988265 0.147945 15.4801 -0.00772959 -0.148338 0.988907 250.875
0.999295 0.0350735 0.0134076 -0.370687 -0.0366842 0.988111 0.149298 15.6064 -0.00801181 -0.149684 0.988702 251.646
0.999214 0.0371619 0.0137874 -0.375127 -0.0388153 0.987857 0.150438 15.6723 -0.00802943 -0.150855 0.988524 252.392
0.999082 0.0399644 0.0154447 -0.358742 -0.0418525 0.987462 0.152202 15.7492 -0.00916841 -0.152709 0.988229 253.154
0.998811 0.0463366 0.0151384 -0.331507 -0.0481506 0.986234 0.158184 15.84 -0.00760033 -0.158725 0.987294 253.929
0.998787 0.04668 0.0156556 -0.314601 -0.0485854 0.985943 0.159856 15.9298 -0.00797346 -0.160423 0.987017 254.725
0.998731 0.0471045 0.0177773 -0.291746 -0.0493482 0.985855 0.16017 16.042 -0.00998117 -0.160844 0.98693 255.524
0.998648 0.0477398 0.0205783 -0.276855 -0.0503696 0.986504 0.155792 16.1482 -0.0128631 -0.156618 0.987576 256.317
0.998494 0.0486354 0.0253621 -0.26242 -0.0520196 0.986282 0.156652 16.2613 -0.0173954 -0.157736 0.987329 257.135
0.998433 0.0486012 0.0277419 -0.246685 -0.0523814 0.986105 0.157645 16.3787 -0.0196947 -0.158851 0.987107 257.955
0.998353 0.048301 0.0309405 -0.217762 -0.0526291 0.985845 0.159179 16.4957 -0.022814 -0.160546 0.986765 258.796
0.998246 0.0480188 0.034624 -0.187968 -0.0529698 0.985663 0.160193 16.6251 -0.0264353 -0.161747 0.986479 259.642
0.998158 0.0481922 0.0368525 -0.158114 -0.0535081 0.985599 0.160406 16.7674 -0.0285915 -0.162082 0.986363 260.474
0.997984 0.048868 0.0404925 -0.124185 -0.0547912 0.985405 0.161162 16.8957 -0.0320259 -0.163056 0.986097 261.315
0.997877 0.0496297 0.042168 -0.087718 -0.0558286 0.985291 0.161507 17.0286 -0.0335322 -0.163518 0.985971 262.167
0.997826 0.0492724 0.0437699 -0.0487952 -0.055764 0.985176 0.162229 17.1654 -0.0351277 -0.164317 0.985782 263.014
0.997701 0.0493796 0.0464138 -0.01651 -0.0563386 0.984999 0.163103 17.3015 -0.0376637 -0.165343 0.985517 263.861
0.997579 0.0500928 0.048231 0.0200852 -0.0574048 0.984683 0.16463 17.4313 -0.0392456 -0.167 0.985176 264.718
0.997407 0.0500852 0.0516721 0.0487806 -0.0579991 0.984549 0.165223 17.5794 -0.0425985 -0.167791 0.984902 265.563
0.997303 0.0503149 0.0534272 0.0909886 -0.0585401 0.984446 0.165644 17.7111 -0.0442619 -0.168325 0.984738 266.418
0.997207 0.050019 0.0554537 0.128365 -0.0585993 0.984409 0.165841 17.8572 -0.046294 -0.168627 0.984593 267.264
0.997051 0.0501352 0.0580956 0.172653 -0.0591869 0.984286 0.166363 17.9844 -0.0488421 -0.169311 0.984352 268.122
0.996957 0.0504075 0.05946 0.233238 -0.0597341 0.984098 0.167278 18.107 -0.0500824 -0.170321 0.984115 268.971
0.996868 0.0512722 0.0602075 0.295902 -0.0607568 0.983898 0.168083 18.2342 -0.0506201 -0.171214 0.983933 269.841
0.996824 0.0524202 0.0599535 0.346682 -0.0618854 0.983696 0.168852 18.3486 -0.0501248 -0.172026 0.983817 270.693
0.996796 0.0533059 0.059624 0.396313 -0.0627391 0.983517 0.169575 18.4742 -0.0496019 -0.172773 0.983712 271.567
0.99678 0.054135 0.0591436 0.439418 -0.0635119 0.983336 0.17034 18.6003 -0.0489367 -0.173548 0.983609 272.444
0.996834 0.0549491 0.0574692 0.484209 -0.0640663 0.983145 0.171231 18.7287 -0.0470916 -0.174371 0.983554 273.314
0.996912 0.0552069 0.0558448 0.526736 -0.0640638 0.983043 0.171819 18.8666 -0.0454123 -0.174866 0.983545 274.193
0.997028 0.0558825 0.0530322 0.567886 -0.0642733 0.982882 0.172656 19.0037 -0.042476 -0.175551 0.983554 275.072
0.997112 0.0566388 0.0505865 0.603327 -0.0646092 0.982772 0.17316 19.1417 -0.0399074 -0.175929 0.983594 275.951
0.997189 0.0567853 0.0488768 0.640353 -0.0644894 0.98261 0.174118 19.2919 -0.0381395 -0.176781 0.983511 276.826
0.997296 0.0571814 0.0461563 0.672844 -0.0644331 0.982441 0.175089 19.432 -0.035334 -0.17759 0.98347 277.686
0.997386 0.0574506 0.0438223 0.706176 -0.0643153 0.982278 0.176044 19.5764 -0.0329319 -0.178402 0.983407 278.553
0.99754 0.057611 0.0399316 0.736245 -0.0638235 0.982037 0.177562 19.7212 -0.0289848 -0.179674 0.9833 279.422
0.997722 0.0571185 0.035878 0.759896 -0.0626511 0.981821 0.17917 19.8833 -0.0249918 -0.18101 0.983164 280.284
0.99785 0.057654 0.0311414 0.795295 -0.0623512 0.981568 0.180654 20.0225 -0.020152 -0.182207 0.983054 281.137
0.99798 0.0580806 0.0257179 0.805514 -0.0617968 0.981433 0.181576 20.1681 -0.0146943 -0.182799 0.983041 281.984
0.998076 0.0584848 0.0205742 0.819482 -0.061266 0.981247 0.182757 20.3103 -0.00949984 -0.183666 0.982943 282.821
0.998165 0.0585044 0.0156014 0.83042 -0.0603771 0.981121 0.183728 20.4528 -0.00455789 -0.184333 0.982854 283.635
0.998185 0.0593441 0.0101821 0.830763 -0.0602032 0.980893 0.184998 20.5788 0.000990998 -0.185275 0.982687 284.456
0.998167 0.0602787 0.00537126 0.825595 -0.0602256 0.980722 0.185893 20.7088 0.0059377 -0.185876 0.982556 285.266
0.998115 0.061344 0.0013492 0.822122 -0.0605192 0.980594 0.186471 20.8323 0.0101159 -0.186201 0.98246 286.07
0.998075 0.0619194 -0.00333806 0.811826 -0.060194 0.980382 0.187688 20.9632 0.0148942 -0.187126 0.982223 286.851
0.998064 0.061687 -0.00791011 0.799605 -0.0590925 0.980271 0.188614 21.1032 0.0193891 -0.187781 0.98202 287.604
0.998004 0.0617842 -0.013049 0.784323 -0.0582023 0.98016 0.189467 21.2346 0.0244962 -0.188329 0.981801 288.336
0.997852 0.0627607 -0.0187609 0.759142 -0.0580723 0.980081 0.189917 21.3589 0.0303066 -0.188419 0.981621 289.053
0.997722 0.0628516 -0.0244832 0.735049 -0.0570633 0.980033 0.190469 21.4934 0.0359657 -0.188638 0.981388 289.763
0.997489 0.0625953 -0.0330983 0.70298 -0.0551346 0.979919 0.191618 21.6283 0.0444281 -0.189312 0.980912 290.445
0.997082 0.0623083 -0.0440875 0.662269 -0.0527093 0.979837 0.192717 21.7529 0.0552066 -0.189831 0.980264 291.098
0.996356 0.0628171 -0.0576915 0.615532 -0.0505477 0.979737 0.193802 21.8625 0.0686967 -0.190179 0.979343 291.731
0.995206 0.0633806 -0.0744809 0.558611 -0.0477469 0.979529 0.195557 21.9745 0.0853508 -0.191063 0.97786 292.348
0.993527 0.0636382 -0.094095 0.488109 -0.0440771 0.979413 0.196996 22.0955 0.104694 -0.191573 0.975879 292.957
0.99113 0.0635063 -0.116736 0.403428 -0.0393996 0.979355 0.198268 22.2133 0.126918 -0.19191 0.973172 293.548
0.987767 0.0637954 -0.142285 0.302765 -0.0344747 0.979244 0.199727 22.3183 0.152074 -0.192379 0.969466 294.137
0.983334 0.0645901 -0.169943 0.19239 -0.0295061 0.979067 0.201384 22.4167 0.179393 -0.193013 0.964658 294.705
0.977623 0.0654055 -0.199936 0.0661975 -0.0239325 0.978846 0.203189 22.5125 0.208997 -0.193858 0.958509 295.241
0.970255 0.0654077 -0.233079 -0.0734213 -0.0168753 0.978739 0.20441 22.6212 0.241494 -0.194397 0.950732 295.777
0.961048 0.0655297 -0.268498 -0.231693 -0.00932375 0.978619 0.205469 22.7192 0.276221 -0.194963 0.941112 296.279
0.950039 0.0657044 -0.305137 -0.40207 -0.00142342 0.978495 0.206265 22.8227 0.312128 -0.195526 0.929702 296.759
0.936716 0.0659892 -0.343815 -0.596951 0.00693158 0.978386 0.206669 22.9231 0.350022 -0.195974 0.916013 297.238
0.921687 0.0662207 -0.38224 -0.804064 0.0155143 0.978242 0.206884 23.0183 0.387623 -0.196612 0.900607 297.69
0.904001 0.0664653 -0.422332 -1.02882 0.0245859 0.978124 0.20656 23.1153 0.426823 -0.197114 0.882592 298.138
0.883866 0.0669471 -0.462922 -1.27183 0.0337435 0.977998 0.205864 23.2088 0.46652 -0.197577 0.862162 298.565
0.860263 0.0674962 -0.505363 -1.53068 0.0435085 0.977864 0.204667 23.2932 0.507991 -0.198055 0.838284 298.963
0.833928 0.0679535 -0.547672 -1.81297 0.0535494 0.977743 0.202854 23.3865 0.549268 -0.198493 0.81173 299.357
0.804567 0.0684443 -0.589903 -2.10733 0.0637 0.977658 0.200315 23.4776 0.590434 -0.198744 0.782233 299.725
0.772135 0.0690895 -0.631691 -2.4105 0.0736654 0.977637 0.19697 23.5674 0.631174 -0.198621 0.74978 300.06
0.736412 0.0694256 -0.672961 -2.74053 0.0844172 0.977516 0.193222 23.6502 0.671246 -0.1991 0.713995 300.38
0.697452 0.0699985 -0.713204 -3.07541 0.0950941 0.977377 0.18892 23.7226 0.710294 -0.199584 0.675018 300.672
0.653331 0.0682051 -0.753993 -3.4406 0.112162 0.976222 0.185495 23.796 0.748718 -0.205759 0.630147 300.952
0.604884 0.069178 -0.793302 -3.81386 0.122944 0.976161 0.178867 23.8625 0.786766 -0.205725 0.58196 301.197
0.553087 0.0708905 -0.830101 -4.18152 0.132493 0.976208 0.171647 23.921 0.822521 -0.204918 0.530537 301.4
0.499551 0.0768914 -0.862864 -4.57988 0.136471 0.97663 0.166039 23.979 0.855467 -0.200701 0.477384 301.582
0.443876 0.0808971 -0.892429 -4.98147 0.142157 0.976947 0.159265 24.0335 0.884741 -0.197559 0.422143 301.73
0.387683 0.0818074 -0.918155 -5.37529 0.151561 0.976841 0.151032 24.0803 0.909248 -0.197709 0.366306 301.846
0.32998 0.0828367 -0.940346 -5.78461 0.160646 0.976684 0.14241 24.1266 0.930219 -0.198055 0.308979 301.937
0.271405 0.0840638 -0.958786 -6.18131 0.168952 0.976548 0.133447 24.1641 0.94752 -0.198207 0.250838 302.005
0.212541 0.0850695 -0.973441 -6.59362 0.176372 0.976501 0.123846 24.2039 0.961103 -0.19801 0.192543 302.049
0.150555 0.0859667 -0.984856 -7.00574 0.183749 0.976419 0.11332 24.2355 0.971375 -0.198028 0.131209 302.068
0.0855483 0.0868128 -0.992544 -7.41737 0.19 0.976493 0.101785 24.2675 0.97805 -0.197291 0.067043 302.062
0.0223209 0.0882588 -0.995847 -7.84512 0.196167 0.976345 0.0909274 24.2926 0.980317 -0.197382 0.00447948 302.026
-0.0441544 0.0934266 -0.994646 -8.28 0.199129 0.976462 0.0828788 24.3111 0.978978 -0.194404 -0.0617192 301.961
-0.1117 0.0998207 -0.988715 -8.71426 0.201588 0.976531 0.0758163 24.3214 0.973081 -0.190845 -0.129201 301.875
-0.177142 0.104941 -0.978574 -9.15989 0.204452 0.976531 0.0677126 24.3359 0.962715 -0.188076 -0.194441 301.75
-0.242865 0.110511 -0.963744 -9.60398 0.207043 0.976502 0.0597988 24.3495 0.947708 -0.185014 -0.260039 301.603
-0.305582 0.111072 -0.945665 -10.0552 0.209954 0.976587 0.046859 24.3549 0.92873 -0.184227 -0.321748 301.419
-0.366718 0.111376 -0.923641 -10.5044 0.21202 0.976687 0.0335932 24.3531 0.905851 -0.183511 -0.381783 301.205
-0.425419 0.111855 -0.898057 -10.9455 0.213241 0.976781 0.0206461 24.3469 0.879515 -0.18272 -0.439394 300.963
-0.479298 0.112295 -0.870438 -11.392 0.213704 0.976862 0.00835035 24.3383 0.851237 -0.182014 -0.492207 300.679
-0.529948 0.112863 -0.840485 -11.8298 0.213691 0.976894 -0.00355762 24.3279 0.820665 -0.18149 -0.541822 300.368
-0.575106 0.113589 -0.810154 -12.2711 0.213079 0.97693 -0.0142867 24.3115 0.789842 -0.180844 -0.586043 300.014
-0.615437 0.114312 -0.779851 -12.7185 0.211499 0.977091 -0.0236858 24.276 0.759279 -0.179515 -0.625516 299.629
-0.651788 0.115925 -0.749488 -13.163 0.210677 0.977028 -0.0320949 24.2465 0.728552 -0.178819 -0.661239 299.211
-0.687211 0.123068 -0.715957 -13.6139 0.214979 0.975855 -0.0386056 24.2042 0.69392 -0.180446 -0.697076 298.767
-0.721383 0.128439 -0.680521 -14.0588 0.21748 0.974954 -0.0465292 24.157 0.657502 -0.181566 -0.731249 298.286
-0.753552 0.127653 -0.644874 -14.4885 0.213463 0.975323 -0.0563715 24.0964 0.621765 -0.180136 -0.762207 297.764
-0.78289 0.126319 -0.609201 -14.9003 0.208863 0.975708 -0.0660965 24.0268 0.586054 -0.178986 -0.790257 297.2
-0.809259 0.12681 -0.573601 -15.3068 0.205476 0.975848 -0.0741561 23.9479 0.550345 -0.177873 -0.815771 296.595
-0.833917 0.122665 -0.538084 -15.693 0.199733 0.975975 -0.0870545 23.8655 0.514479 -0.180069 -0.838384 295.959
-0.855561 0.122867 -0.50291 -16.0605 0.195823 0.976058 -0.0946748 23.7739 0.479237 -0.179482 -0.859139 295.29
-0.875802 0.123176 -0.466688 -16.4267 0.191473 0.976218 -0.101665 23.6876 0.443067 -0.178397 -0.87856 294.567
-0.894461 0.122922 -0.429918 -16.7639 0.1866 0.976363 -0.109067 23.5929 0.40635 -0.177778 -0.896257 293.813
-0.911617 0.123645 -0.392002 -17.0835 0.182396 0.976332 -0.116215 23.4873 0.368355 -0.177444 -0.912595 293.015
-0.926984 0.124414 -0.353865 -17.3777 0.177956 0.976332 -0.122911 23.3808 0.330198 -0.176909 -0.927186 292.187
-0.941051 0.124719 -0.314432 -17.6641 0.172528 0.976518 -0.129018 23.2471 0.290958 -0.17566 -0.940472 291.327
-0.953074 0.124359 -0.276012 -17.9216 0.166478 0.976794 -0.134749 23.117 0.25285 -0.174376 -0.951662 290.431
-0.962817 0.125447 -0.239262 -18.1477 0.161936 0.976897 -0.139453 22.9831 0.216241 -0.173013 -0.960889 289.504
-0.971315 0.124727 -0.202456 -18.3437 0.155661 0.977135 -0.144827 22.8406 0.179763 -0.172188 -0.968523 288.549
-0.977841 0.124466 -0.168329 -18.5132 0.150266 0.97714 -0.15039 22.6911 0.145763 -0.172352 -0.974192 287.574
-0.983149 0.12418 -0.134153 -18.6565 0.144593 0.977269 -0.155039 22.5286 0.111851 -0.171824 -0.978758 286.574
-0.986925 0.124207 -0.102711 -18.7584 0.139513 0.977447 -0.158529 22.3672 0.0807042 -0.170786 -0.981998 285.546
-0.989609 0.124187 -0.0724595 -18.8201 0.134531 0.9776 -0.16186 22.1984 0.0507357 -0.169927 -0.98415 284.49
-0.99132 0.124399 -0.0425196 -18.8727 0.129771 0.977704 -0.165084 22.0208 0.0210352 -0.169169 -0.985363 283.403
-0.992111 0.124261 -0.0165413 -18.8813 0.125273 0.977924 -0.167243 21.8222 -0.00460568 -0.167996 -0.985777 282.296
-0.99226 0.123842 0.00903883 -18.8696 0.120555 0.978247 -0.168814 21.635 -0.0297485 -0.166418 -0.985607 281.174
-0.991788 0.123835 0.0319479 -18.8438 0.116709 0.978535 -0.169847 21.4272 -0.0522952 -0.164724 -0.984953 280.024
-0.991007 0.122902 0.0528954 -18.7779 0.112244 0.9788 -0.171321 21.2041 -0.0728299 -0.163843 -0.983795 278.863
-0.990056 0.122052 0.0699384 -18.6929 0.108538 0.979074 -0.172142 20.986 -0.0894853 -0.162839 -0.982587 277.685
-0.98915 0.121792 0.0821377 -18.589 0.106255 0.979269 -0.172456 20.7737 -0.101439 -0.161857 -0.981587 276.481
-0.988324 0.121968 0.0913133 -18.4694 0.105022 0.979539 -0.171674 20.5601 -0.110384 -0.16008 -0.980913 275.273
-0.988059 0.121788 0.0943716 -18.3378 0.104497 0.979819 -0.170396 20.3426 -0.113219 -0.1585 -0.980847 274.048
-0.987898 0.12178 0.0960488 -18.2098 0.104333 0.980001 -0.169445 20.1283 -0.114763 -0.157373 -0.980849 272.803
-0.9881 0.121454 0.0943733 -18.0821 0.104417 0.980203 -0.168223 19.9108 -0.112937 -0.156367 -0.981222 271.519
-0.988224 0.12157 0.0929127 -17.9496 0.104932 0.980403 -0.16673 19.6894 -0.111361 -0.155017 -0.981616 270.226
-0.988506 0.121119 0.0904698 -17.8192 0.105031 0.980642 -0.165255 19.4686 -0.108734 -0.153854 -0.982093 268.925
-0.988936 0.120926 0.0859081 -17.6866 0.10573 0.980853 -0.163548 19.2484 -0.104041 -0.152655 -0.982789 267.615
