1 0 0 0 0 1 0 0 0 0 1 0
0.999952 0.00128248 0.00969909 0.0207873 -0.00127704 0.999999 -0.000567557 -0.0480984 -0.00969981 0.000555144 0.999953 0.983937
0.999922 0.00187064 0.0123161 0.0483323 -0.00186262 0.999998 -0.000662371 -0.0836416 -0.0123174 0.000639379 0.999924 2.08299
0.999902 0.00219925 0.0138251 0.0781297 -0.00219382 0.999998 -0.000407666 -0.114895 -0.0138259 0.000377297 0.999904 3.23032
0.999886 0.00199955 0.0149675 0.100942 -0.00200416 0.999998 0.000293034 -0.133451 -0.0149669 -0.000322998 0.999888 4.39723
0.999873 0.00194446 0.0158361 0.127987 -0.00195262 0.999998 0.000499958 -0.148708 -0.0158351 -0.000530816 0.999874 5.57735
0.999855 0.00199924 0.0169132 0.152543 -0.00199933 0.999998 -1.17946e-05 -0.165953 -0.0169132 -2.2022e-05 0.999857 6.76667
0.999829 0.00130454 0.0184253 0.173179 -0.00131927 0.999999 0.000787692 -0.183355 -0.0184243 -0.000811866 0.99983 7.96034
0.999824 0.000842593 0.0187218 0.191999 -0.000879776 0.999998 0.00197793 -0.204971 -0.0187201 -0.00199405 0.999823 9.15922
0.999851 0.000177822 0.017262 0.203881 -0.000228384 0.999996 0.00292716 -0.225175 -0.0172614 -0.00293067 0.999847 10.3629
0.999893 0.00112426 0.0146168 0.216294 -0.00117978 0.999992 0.0037903 -0.239945 -0.0146125 -0.00380714 0.999886 11.5692
0.999914 0.00105586 0.0130942 0.228697 -0.00110145 0.999993 0.00347463 -0.247524 -0.0130904 -0.00348875 0.999908 12.7864
0.999933 0.00082257 0.0115769 0.234634 -0.000863795 0.999993 0.00355646 -0.26491 -0.0115739 -0.00356622 0.999927 13.9961
0.999943 0.00241213 0.0103975 0.248607 -0.00244833 0.999991 0.00347051 -0.258121 -0.010389 -0.00349577 0.99994 15.2051
0.999945 0.00127399 0.0103986 0.280916 -0.00131871 0.99999 0.0042945 -0.260218 -0.0103931 -0.00430798 0.999937 16.4181
0.999943 0.000498348 0.0106618 0.298673 -0.00055267 0.999987 0.00509269 -0.275153 -0.0106591 -0.00509829 0.99993 17.6387
0.999962 0.00105447 0.00869638 0.319145 -0.00110108 0.999985 0.00535684 -0.281565 -0.0086906 -0.00536621 0.999948 18.8428
0.999959 -4.50138e-05 0.00902949 0.334394 5.63169e-06 0.99999 0.00436148 -0.295296 -0.0090296 -0.00436125 0.99995 20.0511
0.999971 0.0013255 0.00746852 0.348689 -0.0013591 0.999989 0.00449464 -0.304488 -0.00746248 -0.00450466 0.999962 21.2534
0.999976 0.00102288 0.00693575 0.35751 -0.00105853 0.999986 0.00513817 -0.312813 -0.00693041 -0.00514539 0.999963 22.4631
0.999978 0.00120077 0.00649242 0.36443 -0.00123719 0.999984 0.00560805 -0.322925 -0.00648558 -0.00561596 0.999963 23.6842
0.999987 0.00138598 0.00489262 0.363844 -0.00141192 0.999985 0.00530133 -0.336835 -0.0048852 -0.00530816 0.999974 24.8827
0.999988 0.00201017 0.00451672 0.355463 -0.00203142 0.999987 0.00470606 -0.353208 -0.00450721 -0.00471518 0.999979 26.1013
0.999995 0.00133913 0.00290621 0.351393 -0.00135547 0.999983 0.0056278 -0.363896 -0.00289863 -0.00563171 0.99998 27.3256
0.999998 0.000819718 0.00164281 0.356857 -0.000828834 0.999984 0.00555652 -0.37391 -0.00163824 -0.00555787 0.999983 28.5333
0.999999 -0.000147298 0.00143178 0.350247 0.000139468 0.999985 0.00546791 -0.394146 -0.00143257 -0.00546771 0.999984 29.7649
1 -7.10506e-05 -0.000654709 0.357547 7.42085e-05 0.999988 0.00482391 -0.406262 0.000654352 -0.00482396 0.999988 30.9821
1 0.000476831 -0.000760767 0.361613 -0.000472912 0.999987 0.00514278 -0.4148 0.000763202 -0.00514242 0.999986 32.2061
0.999998 -7.17779e-05 -0.00218769 0.355084 8.37433e-05 0.999985 0.00546954 -0.417266 0.00218726 -0.00546971 0.999983 33.4213
0.999997 -0.000852465 -0.00249758 0.342339 0.000866496 0.999984 0.00562178 -0.417328 0.00249274 -0.00562393 0.999981 34.6331
0.999997 -0.000206564 -0.00247109 0.332727 0.000222338 0.99998 0.00638475 -0.418279 0.00246971 -0.00638528 0.999977 35.8586
0.999992 -0.000343362 -0.00391122 0.32182 0.000371072 0.999975 0.00708622 -0.420194 0.00390868 -0.00708762 0.999967 37.0746
0.999991 -0.000644696 -0.00423854 0.314162 0.000680739 0.999964 0.0085076 -0.426344 0.00423289 -0.00851041 0.999955 38.2942
0.999984 -0.000250143 -0.00567238 0.299172 0.000308302 0.999947 0.0102544 -0.430927 0.00566951 -0.010256 0.999931 39.5059
0.999981 0.000380937 -0.00610161 0.2733 -0.000311937 0.999936 0.0113053 -0.434889 0.00610551 -0.0113031 0.999917 40.7246
0.999985 0.00118638 -0.00536204 0.261627 -0.00112778 0.99994 0.0109185 -0.433058 0.00537466 -0.0109123 0.999926 41.9527
0.999979 0.00194698 -0.00621573 0.261734 -0.00187846 0.999938 0.0110108 -0.40615 0.00623677 -0.0109989 0.99992 43.1515
0.999985 0.00280732 -0.00477525 0.238384 -0.00274743 0.999918 0.0125021 -0.426345 0.00480995 -0.0124888 0.99991 44.3693
0.999989 0.00239708 -0.00395142 0.228744 -0.00233459 0.999873 0.0157455 -0.442983 0.00398865 -0.0157361 0.999868 45.5823
0.999987 0.00415875 -0.00282254 0.217299 -0.00410702 0.999828 0.0180906 -0.444217 0.00289729 -0.0180788 0.999832 46.8023
0.999992 0.00406549 -0.000205384 0.207233 -0.00406027 0.999771 0.0210254 -0.444604 0.00029081 -0.0210244 0.999779 48.0301
0.999994 0.00329744 0.000628989 0.19973 -0.0033109 0.999735 0.0227651 -0.440482 -0.000553761 -0.0227671 0.999741 49.2481
0.999994 0.00259246 0.002367 0.195323 -0.00264303 0.999763 0.0216193 -0.432519 -0.0023104 -0.0216254 0.999763 50.4658
0.999983 0.00376364 0.00448672 0.189217 -0.00386093 0.999753 0.0218768 -0.421081 -0.00440329 -0.0218938 0.999751 51.6863
0.999982 0.00387548 0.0045743 0.182759 -0.00397354 0.999758 0.0216255 -0.416735 -0.00448939 -0.0216433 0.999756 52.9042
0.999974 0.00430981 0.00584511 0.170601 -0.00444134 0.999733 0.0226805 -0.396401 -0.0057458 -0.0227059 0.999726 54.1369
0.999985 0.00357622 0.00422223 0.160039 -0.00367032 0.99974 0.0224932 -0.384283 -0.0041407 -0.0225084 0.999738 55.3654
0.999994 0.00244275 0.00249651 0.170818 -0.00250024 0.999726 0.0232909 -0.359559 -0.00243894 -0.023297 0.999726 56.5837
0.999997 0.000245544 0.00248136 0.171153 -0.000306125 0.999701 0.0244443 -0.377751 -0.00247462 -0.024445 0.999698 57.8193
1 -0.0006869 6.12501e-05 0.17294 0.000685156 0.999687 0.0249888 -0.373619 -7.84007e-05 -0.0249887 0.999688 59.0394
1 -0.000334957 -7.69604e-05 0.165901 0.000336786 0.999684 0.0251275 -0.383494 6.85144e-05 -0.0251275 0.999684 60.2678
0.999999 0.000741393 -0.00164978 0.151231 -0.000699006 0.999673 0.0255456 -0.388214 0.00166817 -0.0255444 0.999672 61.4918
0.999997 -0.000362182 -0.00231145 0.145583 0.000421053 0.999674 0.0255193 -0.393842 0.00230145 -0.0255202 0.999672 62.7159
0.999998 -0.000816835 -0.00192143 0.140308 0.000866071 0.999668 0.0257644 -0.393701 0.00189974 -0.025766 0.999666 63.9444
0.999995 -0.00080968 -0.00307035 0.1334 0.000893395 0.999625 0.0273625 -0.384514 0.00304704 -0.0273651 0.999621 65.1677
0.999997 -0.00122384 -0.00235882 0.122606 0.00129202 0.999575 0.0291242 -0.364898 0.00232217 -0.0291271 0.999573 66.3768
0.999995 1.94392e-05 -0.003292 0.11579 7.61731e-05 0.999578 0.0290408 -0.337531 0.00329117 -0.0290409 0.999573 67.5848
0.999997 0.000656276 -0.00252478 0.0986055 -0.000584195 0.999595 0.0284446 -0.320624 0.00254242 -0.028443 0.999592 68.796
0.999998 0.0016645 -0.00119399 0.0718391 -0.00162817 0.999554 0.0298116 -0.289721 0.00124308 -0.0298096 0.999555 70.0001
0.999992 0.00315914 -0.00242857 0.0620597 -0.00308482 0.999545 0.0300185 -0.254249 0.00252229 -0.0300108 0.999546 71.1982
0.999987 0.0052204 -0.000266664 0.0486722 -0.00520961 0.999505 0.031024 -0.243126 0.000428485 -0.0310222 0.999519 72.4005
0.999989 0.00470141 2.49293e-05 0.0398611 -0.00469973 0.99946 0.0325339 -0.23365 0.000128034 -0.0325337 0.999471 73.6046
0.999986 0.00482147 0.00229244 0.0371426 -0.00489904 0.999371 0.0351313 -0.227616 -0.00212162 -0.035142 0.99938 74.806
0.999971 0.00379455 0.00664092 0.0385819 -0.00402286 0.999389 0.0347099 -0.207426 -0.00650516 -0.0347356 0.999375 76.0018
0.999956 0.00356229 0.00865424 0.0413814 -0.00383974 0.999472 0.032257 -0.199328 -0.00853477 -0.0322889 0.999442 77.1911
0.999903 0.00434625 0.0132263 0.0492177 -0.00476846 0.999475 0.0320596 -0.182959 -0.01308 -0.0321196 0.999398 78.3872
0.99989 0.00451293 0.0141018 0.0541771 -0.00501181 0.999355 0.0355442 -0.160205 -0.0139324 -0.035611 0.999269 79.5857
0.999835 0.00306037 0.0179232 0.0718396 -0.00373393 0.999283 0.0376686 -0.139792 -0.0177951 -0.0377293 0.99913 80.774
0.999712 0.00490961 0.0234742 0.0830348 -0.00577224 0.999305 0.0368226 -0.109162 -0.0232772 -0.0369475 0.999046 81.9599
0.99964 0.0027477 0.026694 0.108724 -0.00367603 0.999388 0.0347902 -0.0868895 -0.0265821 -0.0348758 0.999038 83.1346
0.999498 0.00261844 0.0315722 0.145318 -0.0036067 0.999504 0.0312852 -0.095601 -0.0314747 -0.0313834 0.999012 84.3073
0.999418 0.00259208 0.0340136 0.197389 -0.00364595 0.999514 0.0309587 -0.0941663 -0.0339169 -0.0310647 0.998942 85.4749
0.999271 0.00176656 0.0381275 0.270826 -0.00299888 0.999474 0.032288 -0.0806097 -0.0380504 -0.0323789 0.998751 86.6391
0.999001 -0.00870409 0.043824 0.342067 0.00698104 0.999202 0.0393183 -0.00881147 -0.0441313 -0.0389731 0.998265 87.7674
0.998503 -0.0250496 0.0486192 0.380411 0.0230238 0.998861 0.0417894 0.116246 -0.0496106 -0.0406075 0.997943 88.8168
0.998191 -0.0266213 0.0538973 0.42399 0.0244379 0.998869 0.040772 0.209616 -0.0549218 -0.0393811 0.997714 89.9076
0.997984 -0.0284776 0.0567094 0.478274 0.0261794 0.998822 0.0408648 0.285472 -0.0578064 -0.0392979 0.997554 91.0176
0.997737 -0.0297402 0.0602968 0.539163 0.0272008 0.998726 0.0425071 0.355593 -0.0614842 -0.0407708 0.997275 92.1473
0.997422 -0.0313011 0.0645714 0.602316 0.0284209 0.99858 0.0450513 0.423951 -0.0658899 -0.0431 0.996895 93.2943
0.997256 -0.0327508 0.0663965 0.671606 0.0296958 0.998477 0.0464871 0.486928 -0.0678179 -0.0443879 0.99671 94.4436
0.996941 -0.0344614 0.0701417 0.754444 0.0311234 0.998356 0.0481376 0.547775 -0.0716853 -0.0458074 0.996375 95.6016
0.996827 -0.0341586 0.0719012 0.835578 0.0307508 0.998375 0.0479802 0.613559 -0.0734232 -0.045617 0.996257 96.7662
0.996599 -0.0356003 0.0743199 0.918549 0.0322855 0.99845 0.0453373 0.66095 -0.0758187 -0.0427837 0.996203 97.9295
0.996333 -0.0355541 0.0778175 1.0112 0.0322927 0.998563 0.042775 0.69951 -0.0792265 -0.0401052 0.996049 99.1039
0.996314 -0.0351518 0.0782413 1.10288 0.0318574 0.998568 0.0429634 0.735205 -0.0796395 -0.0403125 0.996008 100.289
0.996145 -0.0362567 0.079877 1.20066 0.0328174 0.998494 0.0439578 0.769621 -0.0813504 -0.041167 0.995835 101.472
0.996309 -0.0366512 0.0776153 1.29001 0.0332555 0.998451 0.0446002 0.803664 -0.0791297 -0.0418545 0.995985 102.653
0.996526 -0.0368758 0.074666 1.37891 0.03349 0.998375 0.0461015 0.840509 -0.0762447 -0.0434408 0.996142 103.839
0.996641 -0.0361011 0.0735107 1.46671 0.0327162 0.998371 0.0467417 0.876429 -0.0750784 -0.0441797 0.996198 105.034
0.996848 -0.0371729 0.0700873 1.54651 0.0339244 0.998319 0.0469844 0.911424 -0.071716 -0.0444587 0.996434 106.235
0.997014 -0.0375362 0.0674758 1.62477 0.0343425 0.998262 0.0478838 0.946954 -0.0691559 -0.0454236 0.996571 107.437
0.99734 -0.0372474 0.0626423 1.69523 0.0342728 0.998263 0.0479079 0.982889 -0.064318 -0.0456336 0.996885 108.642
0.997581 -0.0372601 0.0586778 1.7607 0.034459 0.99825 0.0480473 1.0161 -0.0603654 -0.0459092 0.99712 109.851
0.9978 -0.0368484 0.0551126 1.82571 0.0341746 0.998229 0.0486957 1.05603 -0.0568093 -0.0467051 0.997292 111.064
0.998063 -0.0374671 0.0496605 1.88018 0.0350104 0.998163 0.0494475 1.09621 -0.0514219 -0.0476131 0.997541 112.278
0.998254 -0.0375889 0.0455563 1.93157 0.035295 0.998118 0.0501518 1.14257 -0.0473557 -0.0484564 0.997702 113.493
0.998531 -0.0376112 0.0389943 1.97284 0.035636 0.998105 0.0501683 1.18785 -0.0408073 -0.048705 0.997979 114.712
0.99875 -0.0369756 0.0336377 2.00145 0.0352731 0.998132 0.0498732 1.23452 -0.0354189 -0.0486243 0.998189 115.939
0.998925 -0.0358872 0.0293321 2.02197 0.0344005 0.998171 0.0497075 1.27558 -0.0310623 -0.048645 0.998333 117.166
0.999086 -0.0352671 0.0241491 2.04595 0.0340547 0.998223 0.0488993 1.3133 -0.0258307 -0.0480323 0.998512 118.404
0.999262 -0.0319778 0.0212656 2.06761 0.0309277 0.998368 0.048001 1.34685 -0.0227659 -0.047308 0.998621 119.63
0.99939 -0.0298659 0.0181035 2.08755 0.0289632 0.998416 0.0482272 1.38727 -0.0195152 -0.0476735 0.998672 120.862
0.999415 -0.0299897 0.0164237 2.09767 0.0291821 0.99845 0.0473818 1.42572 -0.0178191 -0.0468749 0.998742 122.101
0.999492 -0.0278323 0.0155041 2.09323 0.0270783 0.998533 0.0468865 1.46145 -0.0167862 -0.0464429 0.99878 123.339
0.999554 -0.0263995 0.0139644 2.0926 0.0257108 0.998545 0.0473884 1.49792 -0.0151951 -0.0470082 0.998779 124.581
0.99958 -0.0253712 0.0139958 2.09958 0.0246697 0.998533 0.0482011 1.52819 -0.0151981 -0.0478356 0.998739 125.831
0.999657 -0.0229519 0.0126057 2.10666 0.0222928 0.998493 0.0501458 1.56594 -0.0137376 -0.0498477 0.998662 127.087
0.999695 -0.021877 0.0114386 2.12256 0.0212451 0.998383 0.0527171 1.61751 -0.0125734 -0.052458 0.998544 128.348
0.999691 -0.0217357 0.0120054 2.14085 0.0210768 0.998397 0.0525261 1.6823 -0.0131278 -0.0522569 0.998547 129.595
0.999768 -0.0188787 0.0102995 2.14757 0.0183272 0.998518 0.0512458 1.76378 -0.0112516 -0.0510453 0.998633 130.855
0.999796 -0.0173712 0.0102978 2.14783 0.0168226 0.998549 0.0511576 1.87407 -0.0111715 -0.050974 0.998637 132.098
0.99985 -0.0149754 0.0086269 2.13406 0.0145093 0.998553 0.0517717 1.99356 -0.0093897 -0.0516388 0.998622 133.356
0.999888 -0.0123574 0.00845496 2.12245 0.0118925 0.998524 0.0529866 2.10384 -0.00909724 -0.0528802 0.998559 134.606
0.999882 -0.0122343 0.00928712 2.11791 0.011724 0.998518 0.0531415 2.21982 -0.00992348 -0.0530263 0.998544 135.867
0.999888 -0.0122507 0.00851571 2.11975 0.0117909 0.998573 0.0520914 2.31229 -0.00914168 -0.0519852 0.998606 137.149
0.999866 -0.0134423 0.00935137 2.12398 0.0129425 0.998585 0.051588 2.39643 -0.0100316 -0.0514601 0.998625 138.43
0.999867 -0.0132565 0.00950881 2.12569 0.0127501 0.998593 0.0514721 2.47368 -0.0101777 -0.0513441 0.998629 139.716
0.999864 -0.0134819 0.00952196 2.12549 0.012976 0.998598 0.0513221 2.54284 -0.0102005 -0.0511916 0.998637 141.005
0.999869 -0.0121976 0.0106477 2.13232 0.0116038 0.998465 0.0541538 2.61343 -0.0112919 -0.0540232 0.998476 142.296
0.999892 -0.00983086 0.0108896 2.13879 0.00922921 0.998499 0.053985 2.6847 -0.011404 -0.0538787 0.998482 143.59
0.9999 -0.00872356 0.0111541 2.14776 0.00811472 0.998534 0.0535099 2.7505 -0.0116046 -0.0534141 0.998505 144.881
0.999887 -0.00676877 0.0134155 2.14543 0.00605349 0.998594 0.052658 2.8189 -0.013753 -0.0525709 0.998522 146.173
0.999892 -0.00655577 0.0131091 2.14742 0.00588696 0.998711 0.0504218 2.88246 -0.0134227 -0.0503392 0.998642 147.462
0.999849 -0.00640023 0.0161428 2.16101 0.00563059 0.998866 0.0472792 2.93233 -0.0164271 -0.0471812 0.998751 148.747
0.999851 -0.00701815 0.0157268 2.18651 0.00631629 0.999001 0.0442414 2.97635 -0.0160215 -0.0441355 0.998897 150.035
0.999851 -0.00726486 0.015659 2.21317 0.00657225 0.999017 0.0438364 3.01469 -0.0159621 -0.043727 0.998916 151.327
0.999822 -0.00773786 0.0171786 2.24021 0.00696519 0.998981 0.0445906 3.04837 -0.0175061 -0.0444631 0.998858 152.617
0.999855 -0.0069747 0.0154897 2.25866 0.00627429 0.998976 0.0448141 3.09129 -0.0157863 -0.0447105 0.998875 153.913
0.999843 -0.00632688 0.0165374 2.2806 0.00555597 0.998914 0.0462532 3.13007 -0.016812 -0.0461541 0.998793 155.212
0.999861 -0.00629267 0.0154211 2.29236 0.00557342 0.998915 0.0462467 3.16787 -0.0156954 -0.0461544 0.998811 156.504
0.999866 -0.0059391 0.0152183 2.30106 0.00521834 0.998883 0.0469702 3.2079 -0.0154802 -0.0468846 0.99878 157.783
0.999861 -0.00620663 0.0154547 2.31654 0.00546238 0.998845 0.0477415 3.24717 -0.0157331 -0.0476505 0.99874 159.071
0.999883 -0.00658298 0.0137577 2.32713 0.00589768 0.998768 0.0492717 3.28355 -0.014065 -0.0491848 0.998691 160.356
0.999869 -0.00756928 0.014296 2.3401 0.00684338 0.998718 0.0501599 3.32121 -0.0146573 -0.0500556 0.998639 161.649
0.999892 -0.00675142 0.0130692 2.34693 0.00609201 0.998738 0.0498524 3.37934 -0.0133892 -0.0497674 0.998671 162.943
0.999902 -0.00649283 0.0123829 2.36445 0.00587816 0.998779 0.0490441 3.42379 -0.0126862 -0.0489666 0.99872 164.231
0.999899 -0.00623817 0.0127514 2.36703 0.00559097 0.998725 0.0501745 3.48214 -0.0130481 -0.0500982 0.998659 165.52
0.999911 -0.00777252 0.0107786 2.38116 0.00721866 0.998698 0.0505033 3.52202 -0.0111571 -0.0504211 0.998666 166.803
0.999898 -0.00810227 0.0117691 2.39709 0.00749797 0.998695 0.050512 3.57523 -0.012163 -0.0504186 0.998654 168.075
0.999909 -0.00861702 0.0104106 2.41455 0.00807101 0.998646 0.051396 3.63889 -0.0108394 -0.0513073 0.998624 169.346
0.999922 -0.00810696 0.00951665 2.42833 0.00758831 0.998549 0.0533241 3.70914 -0.00993511 -0.0532477 0.998532 170.613
0.99992 -0.00738886 0.0102305 2.44879 0.00682979 0.998537 0.0536432 3.78034 -0.0106118 -0.053569 0.998508 171.857
0.99994 -0.00659102 0.00874326 2.46179 0.00610512 0.998496 0.0544817 3.8693 -0.00908918 -0.054425 0.998477 173.102
0.999946 -0.0049016 0.00917644 2.47074 0.00438502 0.99845 0.0554906 3.95067 -0.00943418 -0.0554473 0.998417 174.356
0.999971 -0.00265179 0.00712484 2.47418 0.0022486 0.998428 0.0560114 4.04826 -0.00726214 -0.0559937 0.998405 175.628
0.99998 -0.00103136 0.00624623 2.48294 0.000680144 0.998432 0.0559686 4.15113 -0.00629414 -0.0559632 0.998413 176.9
0.999979 -0.000317206 0.00649307 2.49117 -5.3572e-05 0.998373 0.0570216 4.22697 -0.00650057 -0.0570207 0.998352 178.177
0.999987 -0.00046659 0.00499321 2.50663 0.000180855 0.99837 0.0570697 4.29126 -0.00501167 -0.0570681 0.998358 179.456
0.99998 -0.0019104 0.0059439 2.52262 0.00157353 0.99842 0.0561692 4.34211 -0.00604178 -0.0561587 0.998404 180.736
0.999984 -0.00393054 0.00406282 2.53278 0.00369571 0.998409 0.0562713 4.38857 -0.00427751 -0.0562554 0.998407 182.011
0.999984 -0.00433962 0.00362597 2.5376 0.00410735 0.998082 0.0617759 4.44899 -0.00388707 -0.06176 0.998083 183.291
0.99997 -0.0062251 0.00454615 2.5475 0.00591392 0.997834 0.0655185 4.51218 -0.00494414 -0.0654897 0.997841 184.573
0.999976 -0.00586325 0.0036691 2.55036 0.00561001 0.997831 0.065585 4.5671 -0.00404565 -0.0655629 0.99784 185.846
0.999979 -0.00441449 0.00472255 2.55712 0.00410216 0.997928 0.0642142 4.62336 -0.00499621 -0.0641935 0.997925 187.121
0.999982 -0.00455693 0.0038089 2.56395 0.00430948 0.998028 0.0626213 4.67967 -0.00408672 -0.0626038 0.99803 188.382
0.999983 -0.00425129 0.00393021 2.56663 0.00399378 0.997983 0.0633514 4.73354 -0.00419158 -0.0633347 0.997984 189.646
0.999976 -0.00446371 0.00518945 2.57154 0.00411501 0.997853 0.0653621 4.79808 -0.00547004 -0.0653392 0.997848 190.911
0.999983 -0.00392359 0.00423299 2.56326 0.00362943 0.99772 0.0673891 4.86909 -0.00448772 -0.0673726 0.997718 192.176
0.999965 -0.00470939 0.00691587 2.56145 0.00422799 0.997674 0.0680425 4.93863 -0.00722019 -0.0680109 0.997658 193.451
0.999963 -0.00458962 0.00720939 2.56478 0.00409083 0.997695 0.0677382 5.00236 -0.00750364 -0.0677063 0.997677 194.7
0.999934 -0.00733382 0.00882492 2.57764 0.00671745 0.997666 0.067953 5.0441 -0.00930265 -0.0678893 0.997649 195.958
0.999922 -0.00588632 0.0110372 2.59239 0.00513745 0.997761 0.0666899 5.09291 -0.0114051 -0.066628 0.997713 197.212
0.999919 -0.0059793 0.0111743 2.61151 0.00522224 0.997767 0.0665914 5.14451 -0.0115475 -0.0665278 0.997718 198.456
0.999893 -0.0050246 0.0137446 2.62916 0.00407991 0.997683 0.0679153 5.20206 -0.014054 -0.067852 0.997596 199.705
0.999885 -0.00526374 0.0141856 2.64338 0.0042612 0.997552 0.0697979 5.26268 -0.0145183 -0.0697295 0.99746 200.946
0.999873 -0.00452238 0.0152578 2.65073 0.00343945 0.997522 0.0702682 5.31699 -0.0155377 -0.0702069 0.997411 202.186
0.999841 -0.00406978 0.0173344 2.66139 0.002839 0.997512 0.0704435 5.37513 -0.0175779 -0.0703831 0.997365 203.42
0.999841 -0.00380128 0.0174171 2.67148 0.00254499 0.997431 0.0715914 5.44192 -0.0176445 -0.0715357 0.997282 204.642
0.999806 -0.00404318 0.0192462 2.68973 0.00264545 0.997394 0.0721019 5.50653 -0.0194875 -0.0720371 0.997212 205.862
0.999799 -0.00454035 0.0195398 2.70996 0.00310166 0.997324 0.0730385 5.58978 -0.0198191 -0.0729632 0.997138 207.071
0.999785 -0.00425968 0.0202931 2.71116 0.00276463 0.997318 0.0731386 5.6851 -0.0205502 -0.0730668 0.997115 208.268
0.999756 -0.00541031 0.0214246 2.73082 0.00382662 0.997304 0.0732815 5.76752 -0.0217633 -0.0731816 0.997081 209.46
0.999771 -0.00586344 0.0205782 2.75383 0.00432087 0.997233 0.0742201 5.82193 -0.0209564 -0.0741142 0.99703 210.642
0.999754 -0.00628975 0.0212584 2.77809 0.00466698 0.997132 0.0755401 5.88218 -0.0216725 -0.0754224 0.996916 211.802
0.999783 -0.00602785 0.0199399 2.80846 0.00450577 0.997135 0.0755157 5.95965 -0.020338 -0.0754095 0.996945 212.936
0.999787 -0.00594448 0.0197403 2.83551 0.00444116 0.997148 0.0753432 6.03597 -0.0201318 -0.0752396 0.996962 214.062
0.999768 -0.00628013 0.0205814 2.86708 0.0047279 0.997201 0.0746173 6.10954 -0.0209924 -0.0745027 0.997 215.168
0.999795 -0.00647727 0.0191917 2.88898 0.00502215 0.997177 0.0749205 6.17953 -0.0196228 -0.0748088 0.997005 216.258
0.99979 -0.00736476 0.0191281 2.91317 0.00591203 0.997172 0.0749225 6.24066 -0.0196258 -0.0747937 0.997006 217.339
0.999831 -0.00769734 0.0166695 2.93059 0.00641278 0.997104 0.0757869 6.30104 -0.0172046 -0.0756672 0.996985 218.408
0.999861 -0.0078483 0.0147056 2.951 0.00668333 0.996958 0.0776581 6.35514 -0.0152703 -0.0775491 0.996872 219.471
0.99989 -0.00746693 0.0128224 2.96344 0.00641924 0.996783 0.0798887 6.4092 -0.0133776 -0.0797976 0.996721 220.525
0.999929 -0.00703619 0.00964395 2.96632 0.00623773 0.996738 0.0804584 6.47248 -0.0101786 -0.0803925 0.996711 221.553
0.999951 -0.00641355 0.00759718 2.97961 0.00578009 0.996725 0.0806525 6.5292 -0.00808955 -0.0806046 0.996713 222.575
0.999974 -0.00613004 0.00385017 2.9633 0.00579784 0.996693 0.0810522 6.59825 -0.00433426 -0.0810277 0.996702 223.562
0.999977 -0.00668015 0.00093363 2.95024 0.00658147 0.996632 0.0817449 6.64261 -0.00147653 -0.0817369 0.996653 224.535
0.999975 -0.00692168 -0.00121116 2.95012 0.00699757 0.996621 0.0818347 6.67916 0.000640659 -0.0818412 0.996645 225.504
0.999961 -0.00723215 -0.0049642 2.94283 0.00761392 0.996622 0.0817692 6.7362 0.00435609 -0.0818038 0.996639 226.437
0.999953 -0.00695462 -0.00677449 2.9303 0.00748657 0.996608 0.0819546 6.78707 0.00618157 -0.0820014 0.996613 227.342
0.999928 -0.00608839 -0.0103528 2.91376 0.00691375 0.996637 0.0816546 6.84372 0.0098209 -0.0817203 0.996607 228.221
0.999895 -0.00575572 -0.0132967 2.89506 0.00682314 0.996635 0.0816813 6.9002 0.0127818 -0.0817635 0.99657 229.084
0.999877 -0.00446867 -0.0150283 2.86972 0.00568623 0.996618 0.0819781 6.95353 0.0146112 -0.0820534 0.996521 229.929
0.999855 -0.00389906 -0.0165623 2.83969 0.00525527 0.996565 0.0826489 7.00358 0.0161832 -0.0827239 0.996441 230.754
0.999865 -0.00400576 -0.0159636 2.81948 0.00532461 0.996498 0.0834508 7.05296 0.0155734 -0.0835245 0.996384 231.567
0.999859 -0.00374072 -0.0163544 2.80128 0.00510985 0.996411 0.0844939 7.09741 0.0159797 -0.0845655 0.99629 232.358
0.999864 -0.00357404 -0.0160942 2.78657 0.00492665 0.996385 0.0848053 7.14431 0.0157329 -0.0848731 0.996268 233.134
0.999879 -0.00328778 -0.0152284 2.77711 0.00455309 0.996471 0.0838149 7.1906 0.0148991 -0.0838741 0.996365 233.9
0.99988 -0.00317847 -0.015132 2.76425 0.00441992 0.996562 0.0827294 7.23612 0.014817 -0.0827864 0.996457 234.659
0.999903 -0.00313772 -0.0135808 2.75023 0.00423486 0.996662 0.0815273 7.27962 0.0132797 -0.0815768 0.996579 235.412
0.999914 -0.00258402 -0.0128225 2.73943 0.00361831 0.996682 0.0813075 7.32753 0.0125699 -0.0813469 0.996607 236.158
0.999934 -0.00265047 -0.0111675 2.72499 0.00354927 0.996687 0.0812497 7.37658 0.0109152 -0.081284 0.996631 236.897
0.999955 -0.00291936 -0.00903551 2.70995 0.00365211 0.996611 0.0821742 7.42665 0.00876502 -0.0822035 0.996577 237.645
0.999967 -0.00261091 -0.00773107 2.69749 0.00323969 0.996588 0.0824718 7.48028 0.00748939 -0.0824941 0.996563 238.383
0.999983 -0.0024753 -0.0052763 2.68961 0.0029012 0.996603 0.0823052 7.52535 0.00505467 -0.0823191 0.996593 239.109
0.999992 -0.00261363 -0.00312079 2.69383 0.00286192 0.996594 0.0824079 7.55715 0.0028948 -0.0824161 0.996594 239.826
0.999996 -0.00277023 -7.38614e-05 2.69943 0.0027668 0.996551 0.0829332 7.60244 -0.000156115 -0.0829331 0.996555 240.538
0.999985 -0.00425338 0.00339299 2.71548 0.00395344 0.99646 0.0839757 7.61883 -0.00373814 -0.083961 0.996462 241.259
0.999976 -0.00425464 0.00551794 2.72307 0.00377469 0.996438 0.0842473 7.64398 -0.00585671 -0.0842244 0.99643 241.977
0.999953 -0.00459375 0.00856919 2.73041 0.00385654 0.996446 0.0841448 7.67867 -0.00892525 -0.0841078 0.996417 242.691
0.999931 -0.0046796 0.0107761 2.73195 0.00374268 0.996341 0.0853782 7.71869 -0.0111362 -0.085332 0.99629 243.396
0.999906 -0.00419607 0.0130365 2.73154 0.00306158 0.996303 0.0858552 7.76289 -0.0133485 -0.0858072 0.996222 244.102
0.999856 -0.00372489 0.016561 2.73422 0.00228492 0.996281 0.0861321 7.80791 -0.0168202 -0.0860819 0.996146 244.814
0.999807 -0.00364497 0.0193005 2.73646 0.0019546 0.996216 0.0868859 7.85589 -0.0195442 -0.0868315 0.996031 245.523
0.99975 -0.0034997 0.0220829 2.74172 0.00156301 0.996197 0.0871151 7.90884 -0.0223038 -0.0870588 0.995954 246.238
0.999703 -0.00340163 0.0241429 2.75013 0.00127306 0.996151 0.0876384 7.96391 -0.0243481 -0.0875816 0.99586 246.956
0.999622 -0.00412141 0.027192 2.76142 0.00175921 0.996265 0.0863292 8.01874 -0.0274463 -0.0862487 0.995896 247.679
0.999582 -0.0029816 0.0287599 2.77686 0.000544144 0.996433 0.0843896 8.07485 -0.0289089 -0.0843386 0.996018 248.398
0.999543 -0.00393049 0.0299605 2.79657 0.00142046 0.99652 0.0833426 8.12792 -0.0301838 -0.083262 0.996071 249.122
0.999517 -0.00335552 0.030899 2.8187 0.000744669 0.996455 0.0841227 8.18378 -0.0310717 -0.0840591 0.995976 249.851
0.999532 -0.0048089 0.0302177 2.84154 0.00224232 0.996429 0.0844022 8.24046 -0.0305157 -0.0842949 0.995974 250.583
0.999495 -0.00401169 0.031523 2.86691 0.00132035 0.996385 0.0849378 8.30034 -0.0317498 -0.0848533 0.995888 251.318
0.999501 -0.00369572 0.0313843 2.88674 0.00102858 0.996416 0.0845775 8.36993 -0.0315844 -0.084503 0.995923 252.055
0.999489 -0.0045451 0.0316332 2.8998 0.00189505 0.996522 0.083305 8.43835 -0.0319018 -0.0832025 0.996022 252.815
0.999442 -0.00821913 0.0323777 2.91983 0.00554934 0.996641 0.0817003 8.51043 -0.0329404 -0.081475 0.996131 253.593
0.999414 -0.0106627 0.0325457 2.93068 0.00801618 0.996731 0.0803913 8.54628 -0.0332965 -0.0800832 0.996232 254.349
0.999378 -0.00972978 0.0339034 2.95934 0.00685553 0.996452 0.0838849 8.58425 -0.0345993 -0.0836003 0.995899 255.111
0.999424 -0.00382278 0.033716 3.0075 0.000792413 0.995992 0.089438 8.62386 -0.0339227 -0.0893598 0.995422 255.895
0.999378 -0.00501465 0.0349262 3.04778 0.00167813 0.995484 0.0949118 8.66464 -0.0352444 -0.0947941 0.994873 256.695
0.999247 -0.00759442 0.0380536 3.08832 0.00399846 0.995593 0.0936964 8.71805 -0.0385975 -0.0934737 0.994874 257.496
0.999106 -0.00456533 0.0420408 3.13153 0.000802726 0.996024 0.089084 8.76719 -0.0422803 -0.0889705 0.995137 258.299
0.998944 -0.000319183 0.0459504 3.17147 -0.0036748 0.996218 0.0868085 8.81773 -0.0458043 -0.0868856 0.995165 259.119
0.998855 0.000726492 0.0478496 3.20864 -0.00495812 0.996075 0.0883768 8.87043 -0.0475975 -0.0885128 0.994937 259.947
0.998722 -0.000174084 0.0505381 3.25396 -0.0044686 0.995773 0.0917373 8.92417 -0.0503404 -0.0918459 0.9945 260.793
0.998506 -0.00400323 0.0545034 3.30314 -0.00124502 0.995388 0.095919 8.99059 -0.054636 -0.0958435 0.993896 261.649
0.998356 -0.00770575 0.0568086 3.34967 0.00209267 0.995163 0.0982112 9.07017 -0.0572906 -0.0979308 0.993543 262.5
0.998206 -0.00695838 0.0594773 3.4023 0.00102456 0.995065 0.0992193 9.1488 -0.0598742 -0.0989803 0.993287 263.362
0.998171 -0.00595226 0.0601573 3.46109 1.32468e-05 0.995162 0.0982463 9.23108 -0.060451 -0.0980659 0.993342 264.239
0.998039 -0.00426968 0.0624461 3.5211 -0.00185632 0.995213 0.0977148 9.31342 -0.0625643 -0.0976392 0.993254 265.115
0.99787 -0.00419646 0.0651074 3.5762 -0.0022442 0.995131 0.0985362 9.39523 -0.0652038 -0.0984724 0.993001 265.989
0.997788 -0.00381752 0.0663709 3.63344 -0.00286639 0.994951 0.100319 9.47437 -0.0664187 -0.100288 0.992739 266.867
0.997559 -0.00323337 0.069759 3.68137 -0.00394279 0.994726 0.102488 9.56464 -0.0697225 -0.102513 0.992285 267.736
0.997407 -0.00300469 0.0719093 3.74187 -0.0043992 0.994715 0.102582 9.64701 -0.0718374 -0.102632 0.992122 268.613
0.997243 -0.00332749 0.0741365 3.79549 -0.00430124 0.994723 0.102504 9.73694 -0.0740863 -0.10254 0.991966 269.483
0.997037 -0.00573327 0.0767058 3.85379 -0.00213961 0.994765 0.102163 9.81398 -0.07689 -0.102025 0.991806 270.359
0.996962 -0.00744793 0.0775394 3.92698 -0.000607437 0.994645 0.103349 9.88766 -0.0778939 -0.103082 0.991618 271.229
0.996868 -0.00898646 0.0785723 4.00514 0.000778707 0.99459 0.103873 9.96093 -0.0790807 -0.103487 0.991482 272.111
0.99688 -0.00958291 0.0783498 4.07869 0.001358 0.994538 0.104363 10.0259 -0.078922 -0.103931 0.991448 272.985
0.996897 -0.00965829 0.0781323 4.15025 0.00141049 0.994478 0.104935 10.0947 -0.0787143 -0.104499 0.991405 273.874
0.996907 -0.00863184 0.0781181 4.21686 0.000412664 0.994511 0.104624 10.1612 -0.0785925 -0.104269 0.991439 274.77
0.997046 -0.00715714 0.0764823 4.28171 -0.000918683 0.994468 0.105037 10.229 -0.076811 -0.104797 0.991523 275.667
0.997141 -0.00730592 0.0752097 4.34483 -0.000645803 0.994454 0.105164 10.303 -0.075561 -0.104912 0.991607 276.576
0.9974 -0.00577451 0.0718392 4.40579 -0.00178796 0.994495 0.104762 10.3777 -0.0720487 -0.104618 0.991899 277.488
0.997603 -0.00584216 0.0689585 4.46217 -0.00141068 0.994507 0.104662 10.4535 -0.0691911 -0.104509 0.992114 278.404
0.997709 -0.00537788 0.0674415 4.51739 -0.00174519 0.994458 0.105117 10.5395 -0.067633 -0.104994 0.992171 279.314
0.997875 -0.00407441 0.0650312 4.56848 -0.00280776 0.994427 0.105388 10.6213 -0.0650982 -0.105346 0.992303 280.209
0.998042 -0.0045764 0.0623844 4.61947 -0.00208139 0.994338 0.106241 10.7062 -0.0625174 -0.106163 0.992382 281.114
0.998303 -0.00453135 0.0580559 4.66672 -0.00176035 0.994164 0.107866 10.7924 -0.0582058 -0.107785 0.992469 282.022
0.998543 -0.0060248 0.05362 4.70526 5.82673e-05 0.993866 0.110587 10.8918 -0.0539574 -0.110422 0.992419 282.92
0.998777 -0.00742733 0.0488844 4.75313 0.00188103 0.993645 0.112539 10.978 -0.0494096 -0.112309 0.992444 283.806
0.99903 -0.0077227 0.0433482 4.78123 0.00272778 0.993463 0.114124 11.0652 -0.0439461 -0.113895 0.992521 284.686
0.999207 -0.00827542 0.0389567 4.81116 0.00373202 0.993325 0.115285 11.152 -0.0396507 -0.115048 0.992569 285.557
0.999399 -0.00840813 0.0336273 4.83693 0.00445179 0.993234 0.11604 11.2386 -0.0343754 -0.115821 0.992675 286.408
0.999552 -0.00924592 0.0284724 4.85651 0.00586376 0.993155 0.116656 11.3128 -0.029356 -0.116437 0.992764 287.26
0.999665 -0.00856439 0.0244366 4.86806 0.00564582 0.993104 0.117095 11.3878 -0.0252709 -0.116918 0.99282 288.106
0.999773 -0.00791821 0.0197762 4.88052 0.00553267 0.993011 0.117891 11.4576 -0.0205715 -0.117755 0.99283 288.947
0.999847 -0.00745885 0.015853 4.88659 0.00553146 0.99296 0.118319 11.5319 -0.0166239 -0.118213 0.992849 289.773
0.999906 -0.00774336 0.0113083 4.88649 0.00634481 0.992891 0.118858 11.6119 -0.0121482 -0.118776 0.992847 290.575
0.999942 -0.00839966 0.00679488 4.88396 0.00752994 0.99284 0.119209 11.689 -0.00774749 -0.119151 0.992846 291.357
0.999971 -0.00726492 0.00212388 4.8737 0.00695837 0.992781 0.119734 11.7634 -0.00297835 -0.119716 0.992804 292.121
0.999968 -0.0063002 -0.00494439 4.86071 0.00684482 0.992843 0.119224 11.8444 0.00415793 -0.119254 0.992855 292.877
0.999902 -0.00540743 -0.0129337 4.8401 0.00690746 0.992882 0.118903 11.927 0.0121988 -0.11898 0.992822 293.61
0.999699 -0.00567425 -0.0238933 4.80976 0.00848078 0.992852 0.119052 12.0056 0.0230471 -0.119218 0.992601 294.313
0.9993 -0.00541899 -0.0370066 4.77345 0.00979894 0.992819 0.119222 12.0735 0.0360949 -0.119502 0.992178 294.993
0.998576 -0.00507775 -0.0531007 4.72887 0.0114243 0.992719 0.119909 12.1396 0.0521053 -0.120345 0.991364 295.651
0.997347 -0.00307735 -0.0727311 4.6706 0.0118161 0.9927 0.120029 12.2116 0.0718308 -0.12057 0.990103 296.295
0.995489 -0.00216798 -0.0948495 4.59765 0.0135811 0.992699 0.11985 12.2825 0.0938972 -0.120598 0.988251 296.924
0.992705 -0.000775255 -0.120564 4.50683 0.0153322 0.992672 0.119861 12.3446 0.119587 -0.120835 0.985443 297.545
0.988981 0.000403703 -0.148044 4.40337 0.0175318 0.99264 0.119825 12.4003 0.147003 -0.1211 0.981695 298.152
0.984038 0.00100696 -0.177958 4.28648 0.0207321 0.992526 0.120257 12.4545 0.176749 -0.122027 0.976663 298.729
0.97737 0.000350969 -0.211538 4.15511 0.025656 0.99242 0.120185 12.5123 0.209977 -0.122892 0.969952 299.295
0.969023 0.000285392 -0.246973 4.00688 0.0303532 0.99228 0.120241 12.5654 0.245101 -0.124012 0.961534 299.832
0.958941 0.000943094 -0.283605 3.84223 0.0347166 0.992083 0.120685 12.6224 0.281474 -0.125575 0.951317 300.349
0.946792 0.00205301 -0.321839 3.65856 0.0388582 0.991935 0.120641 12.6792 0.319491 -0.126728 0.939077 300.854
0.932548 0.00259554 -0.361036 3.45853 0.0435971 0.991847 0.119741 12.7332 0.358404 -0.127404 0.924833 301.339
0.915885 0.00298316 -0.40143 3.24227 0.0488816 0.991703 0.118896 12.7872 0.398454 -0.128517 0.90814 301.812
0.896746 0.00326662 -0.442534 3.00522 0.0544712 0.991554 0.117699 12.8402 0.439181 -0.129652 0.888995 302.268
0.87449 0.00278818 -0.485036 2.75197 0.060954 0.991424 0.115595 12.887 0.481199 -0.130652 0.866821 302.7
0.849554 0.00143443 -0.5275 2.47664 0.0683599 0.991264 0.112791 12.9364 0.523054 -0.131882 0.842035 303.12
0.821532 0.000795858 -0.570162 2.18681 0.0751981 0.991112 0.109734 12.9859 0.565182 -0.133025 0.814171 303.518
0.790449 0.00208047 -0.612524 1.88361 0.079901 0.991099 0.106477 13.0363 0.607294 -0.133106 0.783248 303.888
0.756228 0.00208089 -0.654306 1.56074 0.0861428 0.990974 0.102713 13.0825 0.648614 -0.134038 0.749223 304.236
0.718011 0.00129289 -0.696031 1.22619 0.0946796 0.990522 0.0995093 13.1215 0.689563 -0.137349 0.711083 304.557
0.675899 0.000145563 -0.736995 0.870109 0.105465 0.989689 0.0969173 13.1591 0.72941 -0.143233 0.668914 304.859
0.628912 0.000329387 -0.777477 0.499491 0.114547 0.989048 0.0930774 13.1924 0.768993 -0.147595 0.621986 305.131
0.578779 0.00341956 -0.815478 0.12566 0.118261 0.989068 0.0880824 13.2213 0.806865 -0.147419 0.572047 305.367
0.526986 0.00844924 -0.849833 -0.266154 0.118609 0.989433 0.083387 13.2469 0.841558 -0.144741 0.520415 305.577
0.472747 0.0125536 -0.881109 -0.667834 0.118811 0.98986 0.0778494 13.2697 0.873152 -0.141488 0.466462 305.756
0.416241 0.0146629 -0.909136 -1.07227 0.12166 0.989981 0.071668 13.2881 0.901079 -0.140437 0.410287 305.903
0.359014 0.0162004 -0.933192 -1.48418 0.125259 0.989968 0.0653751 13.3047 0.924889 -0.140361 0.353383 306.019
0.300849 0.0189161 -0.953485 -1.89331 0.129592 0.989718 0.0605245 13.3168 0.944826 -0.141772 0.295304 306.107
0.24192 0.0217451 -0.970053 -2.30935 0.133175 0.989543 0.0553943 13.3281 0.961114 -0.142588 0.236494 306.17
0.180807 0.0245788 -0.983212 -2.72654 0.13599 0.98946 0.0497427 13.3373 0.974072 -0.1427 0.175559 306.208
0.117354 0.028028 -0.992695 -3.14526 0.137408 0.989528 0.0441826 13.3441 0.983539 -0.141589 0.112274 306.218
0.0538521 0.0338101 -0.997977 -3.56905 0.139402 0.989385 0.0410413 13.3488 0.988771 -0.14133 0.0485671 306.199
-0.0119513 0.0393286 -0.999155 -3.99566 0.141266 0.98927 0.0372498 13.35 0.9899 -0.140701 -0.0173791 306.152
-0.0790686 0.0446969 -0.995867 -4.42129 0.142791 0.9892 0.0330605 13.3458 0.98659 -0.139587 -0.0845973 306.08
-0.144628 0.0504269 -0.988201 -4.85364 0.143294 0.98924 0.0295081 13.3433 0.979056 -0.137335 -0.150298 305.976
-0.210402 0.0557244 -0.976026 -5.28612 0.144382 0.989197 0.0253519 13.3401 0.966895 -0.135587 -0.216175 305.847
-0.273908 0.0593991 -0.95992 -5.72202 0.146196 0.989063 0.0194861 13.3322 0.95058 -0.134999 -0.279596 305.688
-0.335242 0.0613813 -0.940131 -6.15862 0.147104 0.989046 0.0121189 13.3193 0.930577 -0.134234 -0.3406 305.498
-0.394635 0.0617727 -0.91676 -6.59103 0.146567 0.989194 0.003561 13.3031 0.907073 -0.132962 -0.399425 305.278
-0.449677 0.0614282 -0.891077 -7.02517 0.145153 0.989396 -0.00504488 13.2853 0.881318 -0.131611 -0.453826 305.024
-0.501147 0.0614994 -0.863174 -7.4554 0.1433 0.989598 -0.0126911 13.2658 0.853415 -0.130053 -0.504747 304.74
-0.547353 0.0615476 -0.834636 -7.88762 0.141128 0.989798 -0.0195618 13.2442 0.824917 -0.128497 -0.550455 304.419
-0.588303 0.0617705 -0.806278 -8.32349 0.138607 0.990024 -0.0252873 13.2106 0.796673 -0.126632 -0.590997 304.067
-0.626049 0.063638 -0.777183 -8.75967 0.137816 0.990005 -0.0299511 13.1787 0.767509 -0.125859 -0.628563 303.682
-0.662903 0.0696404 -0.745459 -9.20051 0.140875 0.989482 -0.0328371 13.1397 0.735332 -0.126785 -0.665742 303.267
-0.698827 0.0741693 -0.711436 -9.63925 0.142009 0.989197 -0.0363656 13.0986 0.701053 -0.126444 -0.70181 302.818
-0.732237 0.0751934 -0.676887 -10.0679 0.140234 0.989235 -0.0418093 13.0503 0.666456 -0.125537 -0.734899 302.331
-0.763079 0.0719841 -0.642285 -10.484 0.135243 0.989561 -0.0497736 12.9941 0.631997 -0.124846 -0.764849 301.805
-0.790921 0.069172 -0.607997 -10.8917 0.131395 0.989612 -0.058338 12.9303 0.597646 -0.126028 -0.791794 301.241
-0.816565 0.0638156 -0.573716 -11.2837 0.124739 0.989895 -0.0674318 12.8633 0.563615 -0.126627 -0.816274 300.644
-0.83986 0.0619584 -0.539256 -11.6585 0.120808 0.989882 -0.0744173 12.7895 0.529189 -0.127646 -0.838848 300.016
-0.861666 0.0605821 -0.503848 -12.0265 0.115865 0.99011 -0.0790989 12.7185 0.494073 -0.126535 -0.860164 299.345
-0.881693 0.057438 -0.468314 -12.3739 0.109119 0.990476 -0.0839579 12.645 0.459032 -0.125127 -0.879564 298.637
-0.900381 0.056428 -0.431428 -12.7048 0.104411 0.990603 -0.088339 12.5679 0.422389 -0.124585 -0.897812 297.887
-0.917159 0.058581 -0.394194 -13.0141 0.102465 0.990547 -0.0911968 12.4911 0.385126 -0.124033 -0.914491 297.102
-0.932434 0.0612116 -0.35612 -13.3119 0.100856 0.990466 -0.0938277 12.3983 0.346981 -0.123405 -0.929718 296.282
-0.946027 0.060354 -0.318418 -13.5896 0.0953701 0.990846 -0.0955385 12.3077 0.309737 -0.12075 -0.943124 295.425
-0.957114 0.06504 -0.28232 -13.8446 0.0955936 0.990797 -0.0958221 12.2166 0.273489 -0.118701 -0.954523 294.531
-0.967057 0.0651026 -0.246094 -14.0724 0.0916747 0.990945 -0.0980991 12.1204 0.237479 -0.117428 -0.964269 293.606
-0.975041 0.0631355 -0.212861 -14.2754 0.0866453 0.990902 -0.102986 12.0188 0.204422 -0.118859 -0.97164 292.657
-0.981792 0.0622 -0.179489 -14.4535 0.0823802 0.990812 -0.107259 11.9085 0.171168 -0.120093 -0.977896 291.682
-0.98707 0.0609723 -0.148241 -14.5973 0.0775822 0.991012 -0.108976 11.7991 0.140263 -0.119068 -0.982929 290.68
-0.991083 0.0609505 -0.118495 -14.7062 0.0742247 0.991039 -0.111046 11.6869 0.110665 -0.118851 -0.986726 289.649
-0.994193 0.0596523 -0.089564 -14.8006 0.0696673 0.991125 -0.113214 11.5684 0.0820155 -0.118796 -0.989526 288.586
-0.996174 0.0598195 -0.0637137 -14.859 0.0668265 0.991205 -0.114221 11.438 0.0563205 -0.118042 -0.991411 287.498
-0.997632 0.0571139 -0.0383436 -14.8956 0.061161 0.991556 -0.114349 11.3119 0.0314887 -0.116423 -0.992701 286.391
-0.998278 0.0564122 -0.0161025 -14.9178 0.0578806 0.99184 -0.113591 11.1764 0.00956294 -0.114327 -0.993398 285.255
-0.998486 0.0548462 0.00431841 -14.9073 0.0539927 0.991959 -0.114463 11.0298 -0.0105618 -0.114057 -0.993419 284.101
-0.998504 0.0508431 0.0201221 -14.8804 0.0481726 0.992055 -0.116219 10.8833 -0.0258714 -0.115075 -0.99302 282.928
-0.998469 0.045571 0.0313513 -14.8409 0.0415928 0.992192 -0.117575 10.7383 -0.0364648 -0.116091 -0.992569 281.729
-0.998268 0.0438586 0.039218 -14.788 0.0390538 0.992498 -0.11585 10.5933 -0.0440051 -0.114118 -0.992493 280.52
-0.998274 0.0418582 0.0411958 -14.7235 0.0369285 0.992805 -0.113903 10.4483 -0.0456674 -0.112185 -0.992638 279.294
-0.998218 0.0424716 0.0419292 -14.6622 0.0374734 0.992827 -0.113533 10.305 -0.0464506 -0.111759 -0.992649 278.046
-0.998325 0.0426608 0.0391039 -14.6067 0.0379744 0.992799 -0.113615 10.1578 -0.0436695 -0.111939 -0.992755 276.763
-0.998389 0.042804 0.0372541 -14.55 0.0383497 0.992853 -0.113011 10.0085 -0.0418255 -0.111401 -0.992895 275.463
