1 0 0 0 0 1 0 0 0 0 1 0
0.999998 0.000518615 0.00166747 0.0117349 -0.000518974 1 0.00021481 -0.0883846 -0.00166736 -0.000215675 0.999999 1.21194
0.999995 0.000684448 0.00311668 0.0122207 -0.000686829 0.999999 0.000762973 -0.108987 -0.00311616 -0.000765109 0.999995 2.40601
0.999991 0.000521144 0.00417051 0.0120191 -0.000527082 0.999999 0.00142276 -0.127352 -0.00416976 -0.00142494 0.99999 3.60494
0.999987 0.000395268 0.00498612 0.012938 -0.00040485 0.999998 0.00192093 -0.137758 -0.00498535 -0.00192292 0.999986 4.8049
0.999981 9.38901e-05 0.00618875 0.0202731 -0.000107778 0.999997 0.00224383 -0.135719 -0.00618853 -0.00224445 0.999978 5.99848
0.999973 -0.000574395 0.0072715 0.0190781 0.000561997 0.999998 0.00170696 -0.14632 -0.00727247 -0.00170283 0.999972 7.19505
0.999968 -0.000157034 0.00798526 0.0242083 0.000142913 0.999998 0.00176901 -0.157772 -0.00798553 -0.00176781 0.999967 8.39056
0.999962 -0.000561762 0.00864884 0.0300557 0.000537846 0.999996 0.00276727 -0.168216 -0.00865036 -0.00276251 0.999959 9.58626
0.999971 -0.00123494 0.00754847 0.0343201 0.00120496 0.999991 0.00397556 -0.18474 -0.00755332 -0.00396635 0.999964 10.7865
0.999987 -0.000904365 0.00498292 0.0375079 0.000883634 0.999991 0.00416104 -0.188877 -0.00498664 -0.00415659 0.999979 11.9848
0.999994 -0.00152856 0.00319054 0.0383358 0.00151561 0.999991 0.00405896 -0.189021 -0.00319671 -0.0040541 0.999987 13.1775
0.999998 -0.00104605 0.00177274 0.0297361 0.001038 0.999989 0.00453408 -0.203887 -0.00177747 -0.00453223 0.999988 14.3656
1 -0.000413872 0.000745548 0.0272068 0.00041054 0.99999 0.0044636 -0.212527 -0.000747387 -0.0044633 0.99999 15.5529
0.999999 -0.000952721 0.000611693 0.031234 0.000949566 0.999986 0.0051375 -0.222806 -0.000616578 -0.00513692 0.999987 16.7647
0.999997 -0.00222749 0.000990639 0.0318461 0.00222152 0.99998 0.00599224 -0.233203 -0.00100397 -0.00599002 0.999982 17.9741
0.999998 -0.00189158 -0.000274729 0.0278681 0.00189325 0.999979 0.00621789 -0.240527 0.000262962 -0.0062184 0.999981 19.177
0.999998 -0.0018328 -0.000614959 0.022634 0.0018364 0.999981 0.00591541 -0.248795 0.000604106 -0.00591653 0.999982 20.3828
0.999997 -0.00117481 -0.00224298 0.0183259 0.00118746 0.999983 0.00564661 -0.257452 0.00223631 -0.00564925 0.999981 21.5812
0.999995 -0.00114856 -0.0030236 0.0121247 0.00116702 0.999981 0.00611047 -0.26494 0.00301652 -0.00611397 0.999977 22.7805
0.999995 -0.000885046 -0.0030342 0.00530328 0.000903561 0.999981 0.00610594 -0.2745 0.00302874 -0.00610865 0.999977 23.9813
0.999989 -0.000458181 -0.00464793 -0.00770665 0.00048692 0.999981 0.00618382 -0.289154 0.004645 -0.00618602 0.99997 25.1761
0.999987 -0.000854103 -0.00499865 -0.0266725 0.000886056 0.999979 0.00639349 -0.297467 0.00499309 -0.00639784 0.999967 26.3828
0.999979 -0.000758525 -0.00646992 -0.0370233 0.000807696 0.999971 0.00760063 -0.299584 0.00646397 -0.0076057 0.99995 27.571
0.999972 -0.00102053 -0.00734627 -0.0447199 0.00107994 0.999967 0.0080876 -0.302506 0.00733777 -0.00809531 0.99994 28.7608
0.999974 -0.000928213 -0.00715237 -0.0565434 0.000986562 0.999966 0.00815875 -0.308732 0.00714456 -0.00816559 0.999941 29.9739
0.99996 -0.000610932 -0.00889307 -0.068616 0.000680925 0.999969 0.00786961 -0.316586 0.00888798 -0.00787535 0.99993 31.1615
0.999961 -0.000890134 -0.00882513 -0.0834554 0.000960879 0.999967 0.00801523 -0.321793 0.00881771 -0.00802339 0.999929 32.365
0.999949 -0.000905874 -0.0101111 -0.102133 0.000990613 0.999964 0.00837887 -0.323129 0.0101032 -0.00838845 0.999914 33.5592
0.999945 -0.00120765 -0.0104153 -0.118599 0.00129835 0.999961 0.00870609 -0.325385 0.0104044 -0.00871913 0.999908 34.7533
0.999948 -0.00138701 -0.0100627 -0.136981 0.00147687 0.999959 0.00892796 -0.328345 0.0100499 -0.00894236 0.99991 35.9527
0.999936 -0.00114557 -0.0112821 -0.156774 0.00124683 0.999959 0.00897259 -0.331295 0.0112714 -0.00898607 0.999896 37.1519
0.999939 -0.00246994 -0.0108032 -0.176655 0.00257214 0.999952 0.0094569 -0.333834 0.0107794 -0.00948411 0.999897 38.3523
0.999932 -0.00197143 -0.0114712 -0.195833 0.00209525 0.999939 0.0107918 -0.329968 0.0114492 -0.0108151 0.999876 39.5537
0.999931 -0.00161803 -0.011599 -0.222094 0.00175231 0.999931 0.0115764 -0.3269 0.0115794 -0.011596 0.999866 40.758
0.999938 -0.000816652 -0.0111421 -0.246643 0.000946727 0.999931 0.0116739 -0.32806 0.0111318 -0.0116837 0.99987 41.9635
0.999928 -0.00055116 -0.011972 -0.257846 0.00069007 0.999932 0.0116019 -0.325574 0.0119648 -0.0116093 0.999861 43.1451
0.999939 0.00198153 -0.0108902 -0.287202 -0.00183612 0.999909 0.0133462 -0.334261 0.0109156 -0.0133254 0.999852 44.354
0.999944 0.00294133 -0.0101528 -0.304905 -0.00277265 0.999858 0.0165881 -0.34358 0.0102002 -0.0165591 0.999811 45.5583
0.999956 0.00363164 -0.00859481 -0.323101 -0.00346787 0.999813 0.0189938 -0.347296 0.00866219 -0.0189632 0.999783 46.7635
0.999971 0.00436707 -0.00617036 -0.339972 -0.00423188 0.999754 0.0217548 -0.328152 0.00626385 -0.0217281 0.999744 47.9704
0.999975 0.00476596 -0.00521236 -0.354359 -0.00464431 0.999722 0.0231075 -0.310021 0.00532105 -0.0230828 0.99972 49.1753
0.999983 0.00463188 -0.00362438 -0.366727 -0.0045483 0.999731 0.0227389 -0.293621 0.00372873 -0.0227221 0.999735 50.3799
0.999985 0.00520936 -0.00187848 -0.376994 -0.00516539 0.999729 0.0226976 -0.277288 0.00199621 -0.0226876 0.999741 51.5846
0.999985 0.00501097 -0.00199912 -0.387262 -0.00496513 0.999738 0.0223113 -0.261467 0.0021104 -0.022301 0.999749 52.7891
0.999989 0.0044606 -0.00110426 -0.396321 -0.0044336 0.999717 0.0233518 -0.244322 0.00120811 -0.0233467 0.999727 53.9935
0.999987 0.00420266 -0.0027986 -0.407467 -0.00413852 0.999737 0.0225444 -0.228737 0.00289261 -0.0225326 0.999742 55.1977
0.999982 0.00370714 -0.00466426 -0.408315 -0.00359929 0.99973 0.0229219 -0.21103 0.00474797 -0.0229047 0.999726 56.3959
0.999982 0.00303681 -0.00515791 -0.419095 -0.00291175 0.999705 0.0240838 -0.216816 0.00522953 -0.0240684 0.999697 57.6082
0.999969 0.00222453 -0.0075302 -0.433704 -0.00203955 0.999698 0.0244853 -0.199454 0.0075824 -0.0244692 0.999672 58.8165
0.999968 0.00197317 -0.00775285 -0.452994 -0.00178456 0.999704 0.0242598 -0.187517 0.00779843 -0.0242452 0.999676 60.0237
0.999954 0.00248964 -0.00928472 -0.471252 -0.00226311 0.999701 0.0243292 -0.170657 0.00934252 -0.0243071 0.999661 61.226
0.999951 0.001764 -0.00973586 -0.488796 -0.001522 0.999691 0.0248085 -0.154307 0.00977661 -0.0247925 0.999645 62.4306
0.999956 0.000249035 -0.0093706 -0.503546 -1.09435e-05 0.999677 0.0254 -0.137559 0.0093739 -0.0253988 0.999633 63.6335
0.999946 0.000265597 -0.0103873 -0.520721 1.81909e-05 0.999627 0.0273113 -0.118222 0.0103906 -0.02731 0.999573 64.8364
0.999951 -0.000750976 -0.00983508 -0.537791 0.00103192 0.999591 0.0285919 -0.0990995 0.00980958 -0.0286007 0.999543 66.0288
0.999942 0.000285426 -0.0108024 -0.555567 1.74091e-05 0.999607 0.0280238 -0.0773941 0.0108061 -0.0280224 0.999549 67.229
0.999939 0.000380222 -0.0110363 -0.580634 -7.58339e-05 0.99962 0.0275681 -0.056134 0.0110426 -0.0275656 0.999559 68.4204
0.999947 0.00247183 -0.00999526 -0.608181 -0.00218465 0.999587 0.0286412 -0.0234754 0.0100619 -0.0286178 0.99954 69.605
0.999935 0.00292849 -0.0110273 -0.628683 -0.00260786 0.999576 0.028979 0.00480166 0.0111075 -0.0289484 0.999519 70.7924
0.999943 0.00464508 -0.00965212 -0.647878 -0.00435435 0.999542 0.0299267 0.0194309 0.00978672 -0.029883 0.999505 71.9779
0.999945 0.00425423 -0.00956864 -0.668888 -0.00395313 0.999503 0.0312684 0.0384906 0.00969691 -0.0312289 0.999465 73.1678
0.99996 0.00536612 -0.00722632 -0.689505 -0.0051231 0.999434 0.0332379 0.055621 0.0074006 -0.0331996 0.999421 74.3544
0.999983 0.00477512 -0.00340962 -0.69493 -0.00466225 0.999465 0.032375 0.0882223 0.00356239 -0.0323586 0.99947 75.5343
0.999991 0.00391454 -0.00163827 -0.700034 -0.00386488 0.999563 0.0292925 0.0875358 0.00175223 -0.0292859 0.99957 76.7028
0.999987 0.00454579 0.00227374 -0.699686 -0.0046107 0.999557 0.0294103 0.0972051 -0.00213904 -0.0294204 0.999565 77.8717
0.99998 0.00455856 0.00447658 -0.699967 -0.00470082 0.999467 0.0323006 0.109215 -0.00432695 -0.0323209 0.999468 79.0487
0.999957 0.00424974 0.00822974 -0.696354 -0.00451775 0.999451 0.0328272 0.116586 -0.00808571 -0.0328629 0.999427 80.2131
0.999891 0.00558905 0.013705 -0.688352 -0.00602918 0.99946 0.0322865 0.160873 -0.0135172 -0.0323656 0.999385 81.3697
0.999853 0.00361225 0.016754 -0.679505 -0.00413661 0.999499 0.0313693 0.202482 -0.0166323 -0.031434 0.999367 82.5273
0.999764 0.00331881 0.0214609 -0.666112 -0.00396024 0.999544 0.0299154 0.229851 -0.0213519 -0.0299933 0.999322 83.6832
0.999698 0.00200845 0.0244843 -0.622627 -0.00274428 0.999544 0.0300568 0.252593 -0.0244127 -0.0301149 0.999248 84.8227
0.999601 0.00139936 0.0282274 -0.585528 -0.00228564 0.999504 0.03139 0.283568 -0.0281695 -0.031442 0.999108 85.9837
0.9994 -0.00629034 0.0340575 -0.547066 0.00506231 0.999338 0.0360246 0.455262 -0.0342616 -0.0358306 0.99877 87.1058
0.999156 -0.0109033 0.0396105 -0.50836 0.00936249 0.9992 0.0388777 0.628848 -0.0400027 -0.038474 0.998459 88.1616
0.998981 -0.0111275 0.0437316 -0.462505 0.00942633 0.999198 0.038915 0.684342 -0.0441296 -0.0384631 0.998285 89.3159
0.998854 -0.0130331 0.0460618 -0.413875 0.0111926 0.999137 0.0399911 0.736475 -0.0465432 -0.0394297 0.998138 90.4666
0.998692 -0.014323 0.049085 -0.364359 0.0122923 0.999066 0.0414258 0.789111 -0.0496325 -0.0407683 0.997935 91.6171
0.998476 -0.0153022 0.0530211 -0.309282 0.0130446 0.999004 0.0426664 0.842686 -0.0536212 -0.0419098 0.997681 92.7696
0.998358 -0.0158896 0.0550317 -0.251309 0.0134903 0.998954 0.0436988 0.89164 -0.0556684 -0.0428847 0.997528 93.922
0.998143 -0.016695 0.0585901 -0.188716 0.0141015 0.998914 0.0444034 0.948021 -0.0592678 -0.0434947 0.997294 95.0778
0.998057 -0.0164619 0.0601003 -0.124469 0.0138059 0.998921 0.0443438 1.00421 -0.0607654 -0.0434278 0.997207 96.2333
0.997872 -0.0175332 0.0628046 -0.0587347 0.0148788 0.998986 0.0424862 1.04783 -0.0634859 -0.0414613 0.997121 97.379
0.997661 -0.0166346 0.0663022 0.0124097 0.0139585 0.999077 0.0406235 1.08745 -0.0669168 -0.039603 0.996972 98.538
0.997618 -0.0160405 0.0670906 0.0783267 0.0132777 0.999053 0.0414245 1.12264 -0.0676915 -0.040435 0.996887 99.7047
0.997523 -0.0161927 0.0684533 0.152745 0.0133513 0.999038 0.0417639 1.15471 -0.0690637 -0.0407465 0.99678 100.876
0.997647 -0.0166564 0.066511 0.224906 0.0138455 0.999 0.0425016 1.18768 -0.0671524 -0.0414807 0.99688 102.047
0.997747 -0.0162331 0.0651043 0.295865 0.0134212 0.998968 0.0433978 1.22103 -0.0657416 -0.0424262 0.996934 103.223
0.997815 -0.0161151 0.0640803 0.375265 0.0132997 0.998938 0.0441216 1.26129 -0.0647232 -0.0431729 0.996969 104.41
0.998022 -0.015515 0.0609197 0.450283 0.0127773 0.998902 0.0450755 1.30246 -0.0615522 -0.0442079 0.997124 105.598
0.99817 -0.0155747 0.0584351 0.522194 0.0129462 0.998899 0.0450948 1.34357 -0.0590731 -0.0442558 0.997272 106.786
0.998422 -0.0150756 0.0540921 0.585113 0.0126591 0.998918 0.0447405 1.38415 -0.054708 -0.0439851 0.997533 107.985
0.998604 -0.0151956 0.0505863 0.644496 0.0129317 0.998913 0.0447839 1.42504 -0.0512118 -0.0440672 0.997715 109.184
0.998761 -0.0153756 0.0473276 0.705279 0.0131857 0.998843 0.0462403 1.4699 -0.0479838 -0.0455589 0.997809 110.393
0.998966 -0.0154691 0.0427601 0.760453 0.0134585 0.998808 0.0469131 1.51559 -0.0434348 -0.046289 0.997983 111.602
0.999126 -0.0153486 0.0388894 0.818158 0.0135166 0.998806 0.0469397 1.56098 -0.0395634 -0.046373 0.99814 112.819
0.999332 -0.0150776 0.0332888 0.859859 0.0135061 0.998806 0.0469383 1.60747 -0.0339568 -0.0464573 0.998343 114.042
0.99949 -0.0143842 0.0284977 0.892216 0.0130438 0.998825 0.0466764 1.65401 -0.0291356 -0.0462809 0.998504 115.269
0.999607 -0.0142264 0.02414 0.919588 0.0130878 0.998824 0.0466859 1.69443 -0.0247758 -0.0463516 0.998618 116.493
0.99973 -0.0137555 0.0187201 0.93869 0.0128745 0.99884 0.0463955 1.7344 -0.0193365 -0.046142 0.998748 117.728
0.999787 -0.0130414 0.015992 0.957286 0.012292 0.998862 0.0460907 1.7745 -0.0165748 -0.0458843 0.998809 118.944
0.999838 -0.0121565 0.0132385 0.9633 0.0115357 0.998875 0.0459982 1.81834 -0.0137827 -0.045838 0.998854 120.17
0.999855 -0.0119464 0.0121064 0.96978 0.0113739 0.998863 0.0463014 1.85578 -0.0126457 -0.046157 0.998854 121.406
0.999876 -0.0106542 0.0115625 0.974545 0.0101096 0.998882 0.0461793 1.89586 -0.0120415 -0.0460567 0.998866 122.64
0.9999 -0.0100402 0.00993665 0.976923 0.00956699 0.998869 0.0465753 1.94155 -0.010393 -0.0464756 0.998865 123.887
0.999902 -0.00985901 0.00989169 0.98422 0.00938022 0.998835 0.0473339 1.98429 -0.0103468 -0.0472365 0.99883 125.125
0.999935 -0.00778748 0.00832622 0.981034 0.00737207 0.998781 0.0488083 2.03706 -0.00869615 -0.0487437 0.998774 126.377
0.999946 -0.00715242 0.00758804 0.984223 0.00676127 0.998707 0.050377 2.09506 -0.00793853 -0.050323 0.998702 127.636
0.999939 -0.00783117 0.00783788 0.986648 0.00742339 0.998683 0.0507679 2.13642 -0.0082251 -0.0507066 0.99868 128.873
0.99995 -0.00757049 0.00657019 0.98738 0.00723075 0.998709 0.0502753 2.18757 -0.00694229 -0.0502253 0.998714 130.142
0.999937 -0.00919785 0.00640203 0.986241 0.00886 0.998662 0.0509359 2.24957 -0.00686195 -0.050876 0.998681 131.387
0.999936 -0.0104014 0.00446676 0.989802 0.0101585 0.99863 0.0513226 2.3034 -0.00499445 -0.051274 0.998672 132.654
0.999927 -0.0113439 0.00422276 0.984232 0.0111054 0.998545 0.0527594 2.35207 -0.0048151 -0.0527086 0.998598 133.91
0.999903 -0.0131883 0.00456657 0.98367 0.0129252 0.998483 0.0535137 2.41108 -0.00526538 -0.0534494 0.998557 135.158
0.999886 -0.0146053 0.00398145 0.997411 0.0143728 0.998478 0.0532417 2.4534 -0.00475298 -0.0531784 0.998574 136.424
0.999879 -0.0146858 0.00512023 0.995135 0.0143915 0.998468 0.0534185 2.52505 -0.00589686 -0.0533384 0.998559 137.683
0.999862 -0.0159275 0.00479544 1.0041 0.0156515 0.998474 0.0529505 2.58296 -0.00563148 -0.0528681 0.998586 138.961
0.999856 -0.016238 0.00488501 1.01135 0.0159548 0.99845 0.0533067 2.64232 -0.00574302 -0.0532211 0.998566 140.235
0.999867 -0.0151301 0.00616471 1.01872 0.0147683 0.998376 0.0550153 2.7034 -0.00698707 -0.0549169 0.998467 141.508
0.999892 -0.0134228 0.0060615 1.02538 0.0130617 0.998339 0.0561158 2.7674 -0.00680464 -0.0560305 0.998406 142.782
0.999898 -0.0127084 0.00657116 1.02965 0.0123205 0.998352 0.056045 2.82649 -0.00727256 -0.0559583 0.998407 144.055
0.999899 -0.0119375 0.00772623 1.02825 0.0114898 0.998387 0.055604 2.89077 -0.00837751 -0.0555095 0.998423 145.327
0.999894 -0.0124595 0.00755854 1.03291 0.0120286 0.998436 0.0545994 2.95059 -0.00822698 -0.0545027 0.99848 146.594
0.99987 -0.0130649 0.0094386 1.02934 0.0125534 0.998549 0.0523586 3.00115 -0.010109 -0.0522334 0.998584 147.87
0.999864 -0.0137827 0.00903163 1.03928 0.0133027 0.9986 0.0512025 3.04421 -0.00972467 -0.0510753 0.998648 149.137
0.999859 -0.0140668 0.00914354 1.04566 0.0135829 0.998607 0.0509871 3.09386 -0.009848 -0.0508557 0.998658 150.403
0.999854 -0.0137978 0.0101208 1.05311 0.0132569 0.998575 0.051688 3.1441 -0.0108195 -0.0515462 0.998612 151.669
0.99987 -0.0133721 0.00904182 1.05678 0.012888 0.998583 0.0516273 3.19874 -0.00971935 -0.051504 0.998626 152.94
0.999867 -0.0127466 0.0101673 1.06174 0.0121908 0.998522 0.0529695 3.25212 -0.0108274 -0.0528385 0.998544 154.209
0.999891 -0.0116862 0.00901437 1.0649 0.0111892 0.998513 0.0533454 3.30654 -0.00962435 -0.0532387 0.998535 155.474
0.9999 -0.0114033 0.00834847 1.06891 0.010937 0.998485 0.0539164 3.35959 -0.00895063 -0.0538197 0.998511 156.734
0.999899 -0.0112114 0.00872697 1.07415 0.0107231 0.998477 0.054112 3.4144 -0.00932032 -0.0540129 0.998497 157.996
0.99991 -0.0114099 0.00710976 1.07675 0.0110041 0.998441 0.0547164 3.4682 -0.00772297 -0.0546332 0.998477 159.263
0.999911 -0.0110559 0.00742554 1.07878 0.0106261 0.998395 0.0556183 3.52879 -0.00802851 -0.0555344 0.998425 160.522
0.999923 -0.0107944 0.00616668 1.08326 0.0104358 0.998405 0.0554901 3.5918 -0.0067558 -0.0554215 0.99844 161.795
0.999928 -0.0105719 0.0057347 1.08435 0.0102375 0.998406 0.0554997 3.65365 -0.00631227 -0.0554369 0.998442 163.064
0.999928 -0.010396 0.0059514 1.08524 0.0100518 0.998424 0.055206 3.71491 -0.00651592 -0.0551422 0.998457 164.334
0.999939 -0.0102769 0.00408158 1.08837 0.0100356 0.99842 0.0552787 3.77422 -0.0046432 -0.0552344 0.998463 165.6
0.99994 -0.00992128 0.00463344 1.0921 0.00965233 0.998448 0.0548454 3.83296 -0.00517036 -0.0547974 0.998484 166.866
0.999943 -0.0102303 0.00312413 1.09377 0.0100429 0.998435 0.0550213 3.89253 -0.00368209 -0.0549868 0.99848 168.133
0.999949 -0.00992153 0.00214505 1.09191 0.00978453 0.998355 0.0564916 3.95309 -0.00270198 -0.0564676 0.998401 169.399
0.999946 -0.0101522 0.00225178 1.08514 0.0100067 0.998309 0.0572638 4.00905 -0.0028293 -0.0572382 0.998357 170.663
0.99995 -0.00995663 0.00073985 1.08059 0.00989689 0.998264 0.058051 4.07229 -0.00131654 -0.0580407 0.998314 171.925
0.999952 -0.00982623 0.000754998 1.08025 0.00976476 0.998218 0.0588594 4.12186 -0.001332 -0.0588491 0.998266 173.177
0.999955 -0.00944356 -0.000777613 1.06718 0.00947304 0.998196 0.0592835 4.18399 0.000216387 -0.0592882 0.998241 174.442
0.99996 -0.00887036 -0.00151769 1.06405 0.00894434 0.998224 0.0588882 4.25394 0.000992659 -0.0588994 0.998264 175.711
0.999964 -0.00845566 -0.00125091 1.05615 0.00851502 0.998199 0.0593861 4.31954 0.000746529 -0.0593946 0.998234 176.98
0.999962 -0.00836229 -0.00254914 1.06111 0.00849824 0.998219 0.059052 4.37963 0.00205081 -0.0590713 0.998252 178.235
0.999956 -0.00920817 -0.00161861 1.06055 0.00928761 0.998215 0.0589847 4.43959 0.0010726 -0.0589972 0.998258 179.504
0.999943 -0.0103946 -0.00249247 1.05499 0.0105243 0.998178 0.0594122 4.499 0.00187039 -0.059435 0.998231 180.764
0.999935 -0.0108997 -0.00324643 1.04969 0.0110821 0.997964 0.062804 4.56565 0.00255531 -0.0628359 0.998021 182.033
0.999931 -0.0115131 -0.00244219 1.05123 0.0116494 0.997742 0.0661363 4.6339 0.00167527 -0.0661602 0.997808 183.3
0.999935 -0.0108236 -0.00368044 1.04306 0.0110434 0.997748 0.0661553 4.70135 0.00295614 -0.0661916 0.997803 184.556
0.99995 -0.00967388 -0.00272974 1.03715 0.00983011 0.99786 0.0646337 4.77953 0.00209867 -0.0646572 0.997905 185.818
0.999949 -0.00946517 -0.00366011 1.02805 0.00968102 0.997883 0.0643136 4.84474 0.00304365 -0.0643457 0.997923 187.056
0.999945 -0.00978891 -0.00382992 1.01805 0.0100175 0.997828 0.0651013 4.91361 0.00318436 -0.065136 0.997871 188.299
0.999944 -0.0101363 -0.00295392 1.01129 0.0103103 0.997732 0.0665175 4.98316 0.00227301 -0.0665443 0.997781 189.546
0.999947 -0.00976892 -0.00325748 1.00168 0.00996776 0.997638 0.0679637 5.05527 0.00258588 -0.0679925 0.997683 190.782
0.999951 -0.00985265 -0.00125316 0.996387 0.00991552 0.997581 0.0688077 5.12881 0.000572213 -0.0688167 0.997629 192.029
0.999947 -0.0102875 -0.000544905 0.985929 0.0103006 0.997569 0.0689153 5.20022 -0.000165365 -0.0689172 0.997622 193.242
0.999934 -0.0114465 0.00074255 0.98684 0.0113691 0.997599 0.068306 5.24383 -0.00152261 -0.068293 0.997664 194.476
0.999936 -0.0110477 0.00265569 0.982664 0.0108407 0.997608 0.0682688 5.31681 -0.00340353 -0.0682356 0.997664 195.72
0.999933 -0.0110025 0.00361216 0.978108 0.0107297 0.9976 0.0684072 5.38181 -0.00435612 -0.0683638 0.997651 196.93
0.99993 -0.0103471 0.00565718 0.977149 0.00993375 0.997583 0.068773 5.45198 -0.00635509 -0.0687119 0.997616 198.149
0.99992 -0.0109881 0.0062855 0.979327 0.0105203 0.997481 0.0701478 5.51968 -0.00704044 -0.070076 0.997517 199.358
0.999917 -0.0104871 0.00751675 0.980621 0.00992989 0.99745 0.0706798 5.58145 -0.00823879 -0.0705993 0.997471 200.569
0.9999 -0.0104609 0.00954673 0.983508 0.00976301 0.997469 0.0704307 5.64247 -0.0102593 -0.0703304 0.997471 201.779
0.999899 -0.0100686 0.0100574 0.991537 0.00932494 0.997402 0.0714348 5.70523 -0.0107505 -0.0713337 0.997395 202.971
0.999879 -0.0101623 0.0118077 0.997771 0.00928699 0.997365 0.0719551 5.76978 -0.0125078 -0.0718366 0.997338 204.166
0.999875 -0.0101864 0.0120724 1.00573 0.00928831 0.997344 0.0722425 5.84923 -0.0127762 -0.0721213 0.997314 205.337
0.999866 -0.0103101 0.0127371 1.00861 0.00936045 0.997325 0.0724875 5.93436 -0.0134504 -0.0723585 0.997288 206.507
0.99984 -0.0110294 0.0140535 1.02234 0.00998076 0.99731 0.0726193 6.00357 -0.0148166 -0.0724674 0.997261 207.668
0.999854 -0.0105872 0.0133809 1.04125 0.00958892 0.997316 0.0725865 6.06594 -0.0141134 -0.0724476 0.997272 208.811
0.999839 -0.0112284 0.0140101 1.05036 0.0101628 0.997211 0.0739417 6.11594 -0.0148013 -0.0737874 0.997164 209.939
0.999852 -0.0113447 0.0129057 1.05768 0.0103576 0.997194 0.074134 6.18726 -0.0137105 -0.0739894 0.997165 211.042
0.999858 -0.0114951 0.0123245 1.06321 0.0105606 0.997249 0.0733733 6.25738 -0.013134 -0.0732327 0.997228 212.143
0.99985 -0.0116489 0.0128023 1.07723 0.0106817 0.997261 0.0731862 6.3277 -0.0136197 -0.0730385 0.997236 213.236
0.999864 -0.011771 0.0115833 1.08253 0.0108893 0.99724 0.0734422 6.397 -0.0124158 -0.073306 0.997232 214.307
0.999867 -0.0121974 0.0108551 1.08956 0.0113697 0.997246 0.0732894 6.4625 -0.0117191 -0.0731561 0.997252 215.378
0.999888 -0.0121972 0.00871297 1.09298 0.0115207 0.997201 0.0738685 6.52658 -0.00958955 -0.0737598 0.99723 216.425
0.999899 -0.0124754 0.00686132 1.09539 0.0119265 0.997117 0.0749366 6.58297 -0.00777638 -0.0748471 0.997165 217.464
0.999909 -0.0123854 0.00529135 1.09539 0.0119461 0.997018 0.0762383 6.64252 -0.00621978 -0.0761681 0.997076 218.499
0.999923 -0.0121149 0.00264872 1.09448 0.0118765 0.996991 0.0766039 6.70253 -0.00356878 -0.0765665 0.997058 219.502
0.999927 -0.0120764 0.000915598 1.09306 0.0119698 0.996948 0.0771485 6.76573 -0.00184445 -0.0771318 0.997019 220.487
0.999924 -0.0120464 -0.00246153 1.08394 0.0122003 0.996954 0.0770331 6.83185 0.00152608 -0.0770572 0.997025 221.445
0.999914 -0.0120409 -0.00523868 1.07187 0.0124113 0.996907 0.0775995 6.88082 0.00428814 -0.0776577 0.996971 222.385
0.999902 -0.0118841 -0.00746082 1.06313 0.0124283 0.996898 0.0777193 6.93271 0.00651408 -0.0778043 0.996947 223.31
0.999865 -0.0119435 -0.0112845 1.04711 0.0127848 0.996895 0.0776927 6.98647 0.0103216 -0.0778264 0.996913 224.218
0.999837 -0.0121714 -0.0133013 1.03293 0.0131695 0.996888 0.0777255 7.03219 0.0123139 -0.077888 0.996886 225.092
0.999787 -0.0116868 -0.0170139 1.01259 0.0129786 0.996876 0.0779087 7.08693 0.0160503 -0.0781129 0.996815 225.947
0.999734 -0.0114485 -0.0200228 0.989517 0.0129761 0.996876 0.0779057 7.14144 0.0190683 -0.0781447 0.99676 226.781
0.999709 -0.0103158 -0.021824 0.961447 0.0119903 0.996878 0.0780425 7.19498 0.0209509 -0.0782814 0.996711 227.597
0.999681 -0.00986723 -0.023267 0.940836 0.0116615 0.996863 0.0782885 7.24846 0.0224215 -0.0785347 0.996659 228.395
0.999696 -0.0100409 -0.022508 0.920482 0.0117815 0.996838 0.0785851 7.30123 0.0216477 -0.0788264 0.996653 229.177
0.999695 -0.0100202 -0.0225503 0.89906 0.0117897 0.996745 0.0797544 7.34908 0.0216777 -0.0799959 0.996559 229.945
0.999704 -0.00984001 -0.0222552 0.881565 0.0115858 0.99675 0.0797259 7.39148 0.0213984 -0.0799601 0.996568 230.697
0.999728 -0.00970813 -0.0212136 0.863302 0.0113437 0.996858 0.0783911 7.433 0.020386 -0.0786103 0.996697 231.438
0.999739 -0.00907333 -0.0209457 0.845073 0.0106719 0.996934 0.0775174 7.47448 0.0201781 -0.0777207 0.996771 232.178
0.999776 -0.00885099 -0.0192065 0.829528 0.0103103 0.996957 0.0772649 7.51441 0.0184642 -0.0774456 0.996825 232.907
0.9998 -0.00852649 -0.0180611 0.814449 0.00989244 0.996986 0.0769437 7.55793 0.0173506 -0.0771069 0.996872 233.636
0.999827 -0.00876911 -0.0163841 0.798624 0.0100087 0.996967 0.0771775 7.60433 0.0156576 -0.077328 0.996883 234.359
0.999867 -0.0085746 -0.0138521 0.786548 0.00962684 0.996924 0.077775 7.65229 0.0131427 -0.0778979 0.996875 235.081
0.999885 -0.00861732 -0.0124604 0.770362 0.00956309 0.996911 0.0779505 7.7051 0.0117503 -0.0780606 0.996879 235.795
0.999916 -0.00850459 -0.00979526 0.761612 0.00924182 0.996922 0.0778587 7.7351 0.00910298 -0.0779426 0.996916 236.503
0.999939 -0.00816141 -0.00746058 0.755003 0.00872343 0.99686 0.078698 7.76943 0.0067949 -0.0787582 0.99687 237.205
0.999952 -0.00876269 -0.00423419 0.75607 0.00907027 0.996824 0.0791171 7.80768 0.0035275 -0.0791517 0.996856 237.904
0.999953 -0.00963141 -0.000600684 0.761237 0.00964855 0.996736 0.0801528 7.82634 -0.000173227 -0.0801548 0.996782 238.615
0.999953 -0.0094726 0.00189417 0.758251 0.00928955 0.996717 0.0804344 7.86031 -0.00264984 -0.080413 0.996758 239.309
0.999937 -0.0099817 0.005035 0.758571 0.00954376 0.996704 0.0805587 7.89679 -0.00582248 -0.0805056 0.996737 240.007
0.99992 -0.00980187 0.00797239 0.75583 0.00912358 0.996667 0.0810698 7.93733 -0.00874042 -0.0809906 0.996676 240.694
0.9999 -0.00898582 0.0109237 0.755725 0.00807415 0.996697 0.0808128 7.98168 -0.0116138 -0.0807164 0.996669 241.381
0.999857 -0.00862082 0.0145615 0.763028 0.00741308 0.996683 0.0810479 8.02986 -0.0152119 -0.0809283 0.996604 242.079
0.999813 -0.00814786 0.0175513 0.772299 0.00668581 0.996626 0.081805 8.07871 -0.0181586 -0.0816723 0.996494 242.777
0.999763 -0.0077828 0.0203213 0.783222 0.00609245 0.996617 0.0819558 8.13693 -0.0208904 -0.0818125 0.996428 243.478
0.999714 -0.00794349 0.0225623 0.798154 0.00607076 0.996623 0.0818894 8.18647 -0.0231366 -0.0817289 0.996386 244.177
0.999644 -0.00802316 0.0254537 0.814509 0.00592119 0.996647 0.0816052 8.23572 -0.0260231 -0.0814254 0.996339 244.877
0.99961 -0.00726471 0.026938 0.830866 0.00508635 0.996777 0.0800689 8.28794 -0.0274328 -0.0799007 0.996425 245.585
0.999574 -0.00720119 0.0282695 0.850336 0.00491417 0.996771 0.080151 8.34302 -0.0287554 -0.079978 0.996382 246.297
0.999554 -0.00715044 0.0289756 0.866374 0.00480963 0.996778 0.0800639 8.38638 -0.0294547 -0.0798889 0.996368 247.019
0.999562 -0.00710783 0.0287367 0.889663 0.00477798 0.996756 0.0803453 8.4399 -0.0292145 -0.0801728 0.996352 247.745
0.999533 -0.00653657 0.029845 0.911479 0.00411672 0.996752 0.0804331 8.49616 -0.0302737 -0.0802727 0.996313 248.476
0.999537 -0.00659376 0.0297128 0.930773 0.00418836 0.996762 0.0803011 8.55235 -0.030146 -0.0801394 0.996327 249.21
0.999522 -0.00677515 0.0301439 0.950817 0.00436645 0.996844 0.0792656 8.60718 -0.0305858 -0.0790961 0.996397 249.958
0.999465 -0.0101594 0.0310792 0.965604 0.00768744 0.996873 0.0786474 8.67386 -0.031781 -0.0783664 0.996418 250.715
0.999445 -0.0113291 0.031303 0.983674 0.0088677 0.996939 0.0776806 8.70775 -0.0320872 -0.0773599 0.996486 251.466
0.999431 -0.00882288 0.0325435 1.00874 0.0061752 0.996729 0.0805786 8.73746 -0.033148 -0.0803318 0.996217 252.235
0.99944 -0.00353714 0.0332546 1.03437 0.000636894 0.996224 0.0868217 8.77704 -0.0334361 -0.0867519 0.995668 252.993
0.999378 -0.00486885 0.0349241 1.05823 0.00167239 0.995852 0.0909766 8.82322 -0.0352222 -0.0908616 0.99524 253.774
0.999274 -0.00623234 0.0375798 1.09471 0.0028135 0.995906 0.0903506 8.88818 -0.037989 -0.0901792 0.9952 254.577
0.999122 -0.00547402 0.0415389 1.12449 0.00189447 0.996317 0.0857278 8.94788 -0.0418551 -0.0855737 0.995452 255.366
0.998914 -0.00347535 0.0464612 1.15 -0.000425889 0.996491 0.0836948 9.02347 -0.046589 -0.0836236 0.995407 256.178
0.998761 -0.00358902 0.0496377 1.18395 -0.000600166 0.996455 0.0841235 9.09676 -0.0497637 -0.084049 0.995218 256.987
0.998586 -0.00438926 0.0529647 1.22883 -0.000172085 0.996312 0.0858098 9.16012 -0.0531459 -0.0856976 0.994902 257.814
0.998372 -0.00687549 0.0566101 1.27872 0.00183835 0.99607 0.0885547 9.22773 -0.0569964 -0.0883065 0.994461 258.646
0.998218 -0.0091045 0.05896 1.33006 0.0037999 0.995983 0.0894636 9.30199 -0.0595376 -0.0890801 0.994243 259.48
0.997976 -0.0085713 0.0630043 1.38029 0.00285715 0.995917 0.0902305 9.36385 -0.0635204 -0.0898678 0.993926 260.309
0.997843 -0.00673011 0.0652887 1.4306 0.000849481 0.99597 0.0896835 9.42665 -0.0656292 -0.0894345 0.993828 261.143
0.997669 -0.00656155 0.0679205 1.48195 0.00051527 0.996062 0.0886569 9.48941 -0.0682348 -0.0884151 0.993743 261.975
0.997452 -0.0055986 0.0711096 1.53657 -0.000757858 0.996027 0.0890493 9.55508 -0.0713257 -0.0888763 0.993485 262.809
0.997253 -0.00613057 0.0738131 1.59389 -0.000572014 0.995902 0.0904428 9.62202 -0.074065 -0.0902366 0.993162 263.643
0.996956 -0.00553216 0.0777685 1.64851 -0.00165648 0.995751 0.0920691 9.69465 -0.0779474 -0.0919176 0.992711 264.481
0.996731 -0.00523664 0.0806216 1.70632 -0.0022507 0.99571 0.0925 9.76401 -0.0807601 -0.0923789 0.992443 265.317
0.996504 -0.00532593 0.0833715 1.76911 -0.00239326 0.995736 0.0922149 9.83504 -0.0835071 -0.092092 0.992242 266.153
0.996247 -0.00666984 0.0862939 1.84313 -0.00129142 0.99577 0.0918742 9.90158 -0.0865416 -0.0916408 0.992024 266.996
0.996114 -0.00833884 0.0876703 1.92377 0.000179333 0.995697 0.0926688 9.96399 -0.0880658 -0.0922929 0.99183 267.836
0.995972 -0.00923919 0.0891781 2.00896 0.000932319 0.99569 0.0927445 10.026 -0.0896506 -0.0922878 0.991688 268.684
0.995933 -0.00884902 0.0896571 2.0776 0.000480332 0.995672 0.0929355 10.0899 -0.0900915 -0.0925144 0.991627 269.521
0.995849 -0.00885995 0.0905807 2.15239 0.000378905 0.995645 0.0932209 10.1529 -0.0910122 -0.0927996 0.991516 270.369
0.995781 -0.00854744 0.0913559 2.2263 -7.48298e-05 0.995576 0.0939635 10.2166 -0.0917549 -0.0935738 0.991375 271.217
0.995824 -0.00804613 0.0909306 2.30142 -0.000596766 0.995513 0.0946247 10.2841 -0.0912839 -0.0942838 0.991351 272.067
0.99584 -0.00845166 0.0907242 2.37448 -0.000173951 0.995511 0.0946487 10.3519 -0.0911169 -0.0942706 0.991368 272.916
0.996001 -0.00800732 0.088975 2.44604 -0.000475064 0.995486 0.0949066 10.4201 -0.0893334 -0.0945693 0.991502 273.766
0.996137 -0.00771107 0.0874697 2.51479 -0.00064699 0.995465 0.0951251 10.49 -0.0878066 -0.0948142 0.991615 274.616
0.996216 -0.00719389 0.0866045 2.58326 -0.00110444 0.995439 0.0953914 10.5544 -0.0868958 -0.0951261 0.991665 275.471
0.996383 -0.0052643 0.0848072 2.64957 -0.00286343 0.995432 0.0954317 10.6145 -0.0849222 -0.0953293 0.991816 276.32
0.996504 -0.00489596 0.0833978 2.71254 -0.00315012 0.995369 0.0960742 10.6818 -0.0834819 -0.096001 0.991874 277.164
0.996755 -0.00429714 0.0803758 2.78033 -0.00356156 0.995241 0.0973759 10.7546 -0.0804118 -0.0973461 0.991997 278.01
0.997057 -0.00558383 0.0764573 2.84348 -0.00210932 0.994968 0.100171 10.8307 -0.0766319 -0.100038 0.992028 278.859
0.997351 -0.00749745 0.0723397 2.90545 5.93798e-05 0.994756 0.10228 10.9144 -0.0727272 -0.102005 0.992122 279.696
0.9977 -0.00768489 0.0673354 2.95631 0.000684312 0.994642 0.103377 10.9952 -0.067769 -0.103094 0.99236 280.525
0.997955 -0.00773982 0.063443 3.00523 0.00108781 0.994554 0.104221 11.0786 -0.0639041 -0.103938 0.992528 281.345
0.998232 -0.00830892 0.0588492 3.05103 0.00210204 0.994496 0.104757 11.1628 -0.0593957 -0.104448 0.992755 282.155
0.998475 -0.00828458 0.054575 3.0925 0.00249243 0.994431 0.105356 11.2336 -0.0551439 -0.105059 0.992936 282.948
0.998665 -0.00683907 0.0511795 3.13418 0.0013953 0.994402 0.105654 11.2982 -0.0516155 -0.105442 0.993085 283.724
0.998872 -0.00661854 0.0470146 3.16922 0.0015941 0.994353 0.106113 11.3668 -0.0474514 -0.105918 0.993242 284.498
0.999012 -0.00642316 0.0439539 3.1951 0.00172792 0.994361 0.106036 11.4371 -0.0443871 -0.105856 0.99339 285.237
0.999171 -0.00749065 0.0400016 3.22511 0.00319865 0.994329 0.1063 11.5285 -0.040571 -0.106084 0.993529 285.967
0.999315 -0.00852169 0.0359986 3.25097 0.00466539 0.994368 0.105879 11.6058 -0.0366981 -0.105638 0.993727 286.671
0.999462 -0.00756787 0.0318755 3.26603 0.00414419 0.994343 0.106134 11.672 -0.0324983 -0.105945 0.99384 287.347
0.999645 -0.00787182 0.025406 3.28328 0.00515675 0.994436 0.105215 11.7485 -0.0260928 -0.105046 0.994125 288.021
0.999814 -0.00735896 0.0177732 3.29125 0.00545404 0.994463 0.104942 11.826 -0.0184471 -0.104826 0.994319 288.669
0.999945 -0.00758221 0.00719462 3.29414 0.00678302 0.994422 0.105253 11.8881 -0.0079525 -0.105198 0.994419 289.308
0.999955 -0.00742867 -0.00576284 3.28348 0.00799453 0.994403 0.105346 11.9424 0.00494805 -0.105387 0.994419 289.93
0.999736 -0.00716243 -0.0217833 3.26188 0.00942921 0.994342 0.105808 12.0004 0.0209023 -0.105985 0.994148 290.536
0.999129 -0.0050979 -0.0413922 3.22848 0.00944485 0.994373 0.105513 12.0581 0.0406215 -0.105812 0.993556 291.141
0.997969 -0.00484444 -0.0635052 3.17866 0.0115261 0.994376 0.105275 12.1105 0.0626381 -0.105793 0.992413 291.721
0.99602 -0.00366359 -0.0890502 3.11526 0.0130926 0.994329 0.105533 12.1604 0.0881587 -0.106278 0.99042 292.305
0.993196 -0.00248478 -0.116418 3.04257 0.0148554 0.994307 0.105514 12.2095 0.115493 -0.106525 0.987579 292.864
0.989164 -0.0020094 -0.146796 2.94548 0.0176548 0.994278 0.105355 12.2558 0.145744 -0.106805 0.98354 293.399
0.983512 -0.00271782 -0.180818 2.83803 0.0221022 0.994197 0.105276 12.3064 0.179482 -0.107537 0.977866 293.947
0.976203 -0.00302944 -0.216835 2.70716 0.0264218 0.994114 0.105064 12.354 0.215241 -0.108293 0.970538 294.459
0.967243 -0.00297123 -0.25383 2.56537 0.0306116 0.993999 0.105013 12.4023 0.251996 -0.109343 0.961531 294.945
0.956186 -0.00132445 -0.292755 2.39719 0.0336517 0.993858 0.105416 12.4424 0.290818 -0.110648 0.950358 295.438
0.942997 -0.000958341 -0.332798 2.21517 0.037969 0.993776 0.104725 12.4827 0.330626 -0.111391 0.937164 295.899
0.927533 -0.00119423 -0.373736 2.01517 0.0431438 0.993651 0.103899 12.522 0.371239 -0.112494 0.921697 296.364
0.909585 -0.000786144 -0.415514 1.79688 0.0476906 0.993587 0.102518 12.561 0.412769 -0.113065 0.90379 296.802
0.888563 -0.0012347 -0.458751 1.56465 0.0531015 0.993551 0.100179 12.5938 0.455669 -0.113376 0.882899 297.212
0.864698 -0.00118852 -0.502289 1.30319 0.0583858 0.993456 0.0981613 12.6301 0.498886 -0.114206 0.859109 297.626
0.837735 -0.00116234 -0.546074 1.03003 0.0634606 0.993429 0.0952409 12.6648 0.542375 -0.114441 0.832305 298.011
0.80771 -5.85856e-05 -0.589579 0.747661 0.0675355 0.993426 0.0924235 12.6995 0.585698 -0.114469 0.802405 298.365
0.774602 -0.000105416 -0.632447 0.432818 0.0727605 0.993375 0.0889493 12.7331 0.628248 -0.114918 0.769479 298.717
0.73759 -0.00107881 -0.675247 0.115532 0.0799086 0.993111 0.0856996 12.7613 0.670503 -0.117169 0.732595 299.03
0.696099 -0.00199272 -0.717941 -0.236572 0.0889658 0.992528 0.0835043 12.7894 0.712411 -0.122 0.691076 299.346
0.650266 -0.00165726 -0.759703 -0.5892 0.0951208 0.992305 0.0792538 12.8089 0.753727 -0.1238 0.645421 299.617
0.601183 -0.000216316 -0.79911 -0.939098 0.0985325 0.992389 0.073859 12.8357 0.793012 -0.123141 0.596629 299.838
0.549629 0.00382958 -0.835399 -1.33474 0.0989277 0.992655 0.0696373 12.8555 0.82953 -0.120919 0.545213 300.054
0.495973 0.00669903 -0.868311 -1.72673 0.0997782 0.992907 0.0646529 12.8705 0.862585 -0.118705 0.491787 300.225
0.440529 0.00774101 -0.897704 -2.10453 0.103007 0.992922 0.0591103 12.8812 0.891809 -0.118509 0.436614 300.366
0.38369 0.00911004 -0.923416 -2.51612 0.106059 0.992899 0.0538644 12.892 0.917351 -0.118604 0.379999 300.494
0.326309 0.0103501 -0.945205 -2.89417 0.109536 0.992789 0.0486858 12.8978 0.938895 -0.119421 0.322823 300.598
0.267674 0.0126493 -0.963426 -3.31279 0.1122 0.992701 0.0442068 12.9108 0.956954 -0.119929 0.264301 300.673
0.206375 0.0145888 -0.978363 -3.72578 0.114672 0.992637 0.0389905 12.9075 0.97173 -0.120238 0.203183 300.72
0.14262 0.016565 -0.989638 -4.13415 0.11629 0.992654 0.0333744 12.922 0.982922 -0.119845 0.139646 300.748
0.0787719 0.0202465 -0.996686 -4.57868 0.117814 0.992598 0.0294748 12.9219 0.989906 -0.119746 0.0758035 300.735
0.0126552 0.0243313 -0.999623 -5.02042 0.11794 0.992689 0.0256557 12.9251 0.99294 -0.11822 0.00969308 300.7
-0.0545936 0.0286717 -0.998096 -5.45943 0.117859 0.992784 0.0220725 12.9095 0.991528 -0.11643 -0.0575789 300.654
-0.121039 0.0334136 -0.992084 -5.92825 0.117542 0.992884 0.0190999 12.9066 0.985664 -0.1143 -0.124105 300.549
-0.187354 0.0389095 -0.981521 -6.38361 0.118534 0.992809 0.0167311 12.9026 0.975114 -0.113209 -0.190619 300.436
-0.251622 0.0415096 -0.966934 -6.85426 0.119139 0.992809 0.0116171 12.9022 0.960464 -0.112277 -0.254759 300.278
-0.314184 0.0429219 -0.94839 -7.3206 0.120045 0.992755 0.00516129 12.8955 0.941742 -0.112227 -0.31706 300.09
-0.374415 0.0438223 -0.926224 -7.77568 0.120108 0.992759 -0.00158204 12.8844 0.919449 -0.111839 -0.376968 299.883
-0.430588 0.0438518 -0.901482 -8.25568 0.119146 0.992839 -0.00861359 12.89 0.894649 -0.111117 -0.43273 299.614
-0.483227 0.0438344 -0.874396 -8.71502 0.117376 0.992973 -0.0150878 12.8845 0.867591 -0.109924 -0.484976 299.334
-0.530518 0.0442642 -0.846516 -9.18494 0.115921 0.993042 -0.0207227 12.873 0.839709 -0.109123 -0.531958 299.004
-0.572583 0.0446088 -0.818631 -9.65797 0.113993 0.993151 -0.0256127 12.8522 0.811883 -0.107984 -0.573747 298.648
-0.611489 0.0466479 -0.789875 -10.1334 0.113481 0.99311 -0.029202 12.8296 0.783072 -0.107493 -0.612571 298.26
-0.649599 0.0521585 -0.758484 -10.6206 0.115127 0.992888 -0.0303219 12.8021 0.751508 -0.107019 -0.650985 297.837
-0.686755 0.0553833 -0.724774 -11.0968 0.115493 0.99274 -0.0335752 12.7628 0.717654 -0.106765 -0.688167 297.381
-0.721413 0.0563851 -0.690204 -11.5734 0.113927 0.992763 -0.0379763 12.721 0.683069 -0.106029 -0.722616 296.873
-0.753065 0.0546954 -0.655668 -12.0268 0.110477 0.992901 -0.0440612 12.6906 0.648604 -0.105617 -0.753762 296.327
-0.782001 0.0528452 -0.621031 -12.4792 0.107063 0.992978 -0.0503187 12.6451 0.614011 -0.105839 -0.782169 295.738
-0.808484 0.0482501 -0.586535 -12.9076 0.101432 0.993143 -0.0581153 12.6129 0.57971 -0.106478 -0.807835 295.115
-0.832294 0.0473875 -0.552303 -13.3189 0.098465 0.993133 -0.0631716 12.5516 0.545517 -0.10696 -0.831246 294.465
-0.854874 0.0461535 -0.516776 -13.7442 0.0940696 0.993315 -0.0669008 12.4954 0.510234 -0.105805 -0.853502 293.756
-0.875515 0.0445772 -0.481128 -14.1307 0.0892311 0.993525 -0.0703236 12.4332 0.474878 -0.104501 -0.873825 293.028
-0.895108 0.0449108 -0.443578 -14.5102 0.0862495 0.993562 -0.0734505 12.3596 0.437424 -0.104005 -0.89322 292.243
-0.912622 0.046702 -0.406126 -14.8623 0.0846724 0.993504 -0.0760239 12.2915 0.399937 -0.103769 -0.910649 291.44
-0.92866 0.0492006 -0.367652 -15.2023 0.0835316 0.993443 -0.078048 12.2112 0.361401 -0.103191 -0.926682 290.593
-0.942753 0.0488863 -0.329885 -15.5113 0.0795543 0.993606 -0.080108 12.139 0.32386 -0.101766 -0.940616 289.712
-0.954525 0.0519578 -0.293566 -15.7899 0.0788298 0.993636 -0.0804516 12.0571 0.287518 -0.0999347 -0.952547 288.807
-0.964914 0.0516453 -0.257434 -16.0442 0.0752592 0.993726 -0.0827297 11.9716 0.251546 -0.0992012 -0.962748 287.866
-0.973386 0.0493031 -0.223803 -16.2658 0.0702831 0.993746 -0.0867628 11.881 0.218126 -0.100183 -0.970765 286.904
-0.980517 0.0493797 -0.190122 -16.465 0.0673808 0.993713 -0.0894095 11.7732 0.184512 -0.100478 -0.97768 285.895
-0.986077 0.0488614 -0.158945 -16.6336 0.063839 0.993845 -0.0905312 11.6692 0.153543 -0.0994176 -0.983128 284.864
-0.99055 0.048161 -0.128412 -16.7626 0.0602506 0.993935 -0.0919878 11.5685 0.123203 -0.0988553 -0.987445 283.805
-0.993931 0.047903 -0.099012 -16.8753 0.0571962 0.993997 -0.0932584 11.4633 0.0939503 -0.0983555 -0.990706 282.718
-0.996218 0.0475487 -0.0727112 -16.9512 0.0542923 0.994112 -0.0937712 11.3468 0.0678243 -0.0973641 -0.992935 281.608
-0.997816 0.0459635 -0.0474279 -17.0039 0.0502524 0.99434 -0.0936001 11.2391 0.0428572 -0.095779 -0.994479 280.48
-0.998666 0.0451776 -0.0249522 -17.0394 0.0473223 0.994505 -0.0933752 11.1236 0.0205965 -0.0944314 -0.995318 279.323
-0.999042 0.0435292 -0.00420095 -17.0453 0.0437313 0.994631 -0.0937878 11.0044 9.57732e-05 -0.0938816 -0.995583 278.159
-0.999089 0.0408022 0.0123858 -17.0246 0.039446 0.994701 -0.0949376 10.8859 -0.016194 -0.0943625 -0.995406 276.966
-0.999028 0.0372598 0.0234987 -16.9854 0.0348524 0.994804 -0.0956516 10.7711 -0.0269407 -0.0947396 -0.995137 275.759
-0.998882 0.0353702 0.0313406 -16.9388 0.0322734 0.995016 -0.0943393 10.6562 -0.0345213 -0.0932223 -0.995046 274.535
-0.998877 0.0329346 0.0340136 -16.8908 0.029644 0.995216 -0.093091 10.5417 -0.0369169 -0.0919781 -0.995076 273.294
-0.998862 0.0321308 0.0352067 -16.8414 0.028722 0.995215 -0.0933833 10.4167 -0.0380389 -0.0922658 -0.995007 272.031
-0.998999 0.031268 0.0319426 -16.7906 0.0281853 0.995287 -0.0927779 10.2926 -0.0346932 -0.0917848 -0.995174 270.749
