1 0 0 0 0 1 0 0 0 0 1 0
<<<<<<< HEAD
0.999944 0.000146752 -0.0105789 -0.0278908 -0.000134984 0.999999 0.00111316 -0.00257678 0.0105791 -0.00111167 0.999943 0.309385
0.999793 0.000688675 -0.0203427 -0.0548456 -0.000652109 0.999998 0.00180406 -0.00349828 0.0203439 -0.00179042 0.999791 0.549905
0.999572 0.00132883 -0.0292152 -0.0845804 -0.00127195 0.999997 0.00196519 -0.00630718 0.0292177 -0.00192719 0.999571 0.74546
0.999223 0.00199116 -0.0393579 -0.115481 -0.00193814 0.999997 0.00138519 -0.00566907 0.0393605 -0.00130783 0.999224 0.910373
0.998684 0.00245939 -0.0512226 -0.139684 -0.00242693 0.999997 0.000695851 -0.00595107 0.0512241 -0.000570622 0.998687 1.05728
0.99789 0.00172105 -0.0649045 -0.167275 -0.0017299 0.999998 -8.01973e-05 -0.00501135 0.0649043 0.000192307 0.997891 1.19874
0.996688 0.00191571 -0.0813035 -0.196198 -0.00199176 0.999998 -0.000854196 -0.0054759 0.0813017 0.0010133 0.996689 1.33895
0.995068 0.00143181 -0.09919 -0.224437 -0.0014703 0.999999 -0.000314926 -0.00460305 0.0991895 0.000459212 0.995068 1.48164
0.992907 -0.00149821 -0.118886 -0.256299 0.00143523 0.999999 -0.000615385 -0.00232047 0.118887 0.000440391 0.992908 1.62744
0.990014 -0.00139931 -0.14096 -0.291653 0.00121577 0.999998 -0.0013882 0.000210085 0.140961 0.00120296 0.990014 1.77634
0.986439 0.000801034 -0.164129 -0.333268 -0.00113199 0.999997 -0.0019229 0.000138446 0.164127 0.00208261 0.986437 1.92869
0.981994 0.00441736 -0.18886 -0.385634 -0.00538761 0.999975 -0.00462435 0.000593592 0.188835 0.00555859 0.981993 2.08304
0.976482 0.00701027 -0.215486 -0.445683 -0.00825777 0.999954 -0.00488949 0.000503878 0.215441 0.00655393 0.976495 2.24498
0.969719 0.00709524 -0.244122 -0.512129 -0.00866472 0.999948 -0.00535577 -0.000187266 0.244071 0.00730884 0.96973 2.41306
0.961548 0.00783879 -0.274526 -0.585651 -0.00954374 0.999942 -0.00487535 0.00121778 0.274472 0.00730789 0.961567 2.58365
0.952166 0.00916056 -0.305445 -0.67139 -0.0110977 0.999928 -0.00460635 0.000971275 0.305381 0.00777576 0.952199 2.75994
0.940801 0.010349 -0.338803 -0.764739 -0.0122074 0.99992 -0.00335452 -0.00222452 0.338741 0.00729184 0.940852 2.93885
0.928293 0.0125116 -0.371639 -0.866562 -0.0150554 0.999879 -0.00394413 -0.00493308 0.371545 0.00925649 0.928369 3.11605
0.914589 0.0146763 -0.404118 -0.984007 -0.0176278 0.999838 -0.0035838 -0.0045609 0.404 0.0104014 0.9147 3.29699
0.898689 0.0137744 -0.43837 -1.1089 -0.0171315 0.999846 -0.00370364 -0.00290325 0.438252 0.0108383 0.898787 3.47468
0.880353 0.0100775 -0.474213 -1.23912 -0.013761 0.999896 -0.00429792 -0.00249977 0.47412 0.0103093 0.8804 3.65596
0.859303 0.0058892 -0.511432 -1.38041 -0.0100557 0.999935 -0.00538106 -0.00866709 0.511367 0.00976676 0.859307 3.84625
0.83493 0.00654514 -0.550317 -1.53346 -0.00988516 0.999946 -0.0031048 -0.0127531 0.550268 0.00803226 0.83495 4.03063
0.806365 0.0107971 -0.59132 -1.70756 -0.0138626 0.999904 -0.000646344 -0.0176087 0.591256 0.00871841 0.806437 4.21399
0.774487 0.0131062 -0.632454 -1.89634 -0.0168218 0.999859 0.00012024 -0.0191647 0.632366 0.0105459 0.774598 4.3897
0.73902 0.0112802 -0.673589 -2.09347 -0.0162669 0.999867 -0.00110286 -0.0212064 0.673487 0.0117723 0.739105 4.55872
0.699721 0.0075948 -0.714375 -2.31033 -0.0112733 0.999936 -0.000411332 -0.027918 0.714327 0.00834118 0.699763 4.72877
0.657864 0.00399138 -0.753126 -2.53835 -0.0071348 0.999974 -0.000932709 -0.0350833 0.753103 0.005987 0.657876 4.89516
0.613895 0.00312524 -0.789382 -2.77939 -0.00564687 0.999984 -0.000432481 -0.0386397 0.789368 0.00472303 0.613903 5.05095
0.565983 0.00283883 -0.824412 -3.04267 -0.00401752 0.999992 0.000685297 -0.0427268 0.824407 0.00292422 0.56599 5.20402
0.51561 0.00370978 -0.856815 -3.3225 -0.00315396 0.999992 0.00243172 -0.0478633 0.856818 0.00144854 0.515618 5.34559
0.463163 0.00399541 -0.886264 -3.60531 -0.00278388 0.999991 0.00305325 -0.0534273 0.886269 0.0010531 0.46317 5.46944
0.40801 0.00482451 -0.912965 -3.9113 -0.00280739 0.999988 0.00402975 -0.0523515 0.912974 0.000918866 0.408018 5.58111
0.354054 0.00591354 -0.935206 -4.23345 -0.00252169 0.999982 0.00536847 -0.0542949 0.935222 0.000457566 0.354063 5.67659
0.298422 0.00690453 -0.954409 -4.58181 -0.0020334 0.999976 0.00659838 -0.0596791 0.954432 -2.84056e-05 0.298429 5.76631
0.2451 0.00708791 -0.969472 -4.94627 0.000899412 0.999971 0.00753828 -0.0683251 0.969498 -0.00271959 0.245086 5.84303
0.195033 0.0074146 -0.980769 -5.32096 0.00241093 0.999965 0.00803916 -0.0832625 0.980794 -0.00393247 0.195008 5.90038
0.146832 0.00744414 -0.989133 -5.71958 -0.000507182 0.999972 0.00745042 -0.0943581 0.989162 -0.000592289 0.146831 5.9413
0.105144 0.00764649 -0.994428 -6.12928 -0.00292305 0.999968 0.00738003 -0.10019 0.994453 0.00213079 0.105163 5.96693
0.0665688 0.00618736 -0.997763 -6.55771 -0.00429109 0.999973 0.00591478 -0.106709 0.997773 0.00388774 0.0665936 5.97588
0.0322264 0.00454327 -0.99947 -7.00223 -0.0040157 0.999982 0.00441612 -0.115115 0.999473 0.00387125 0.032244 5.9731
0.00167631 0.00227727 -0.999996 -7.45967 -0.00451171 0.999987 0.00226969 -0.123898 0.999989 0.00450788 0.00168648 5.95824
-0.025195 0.000462491 -0.999682 -7.93611 -0.00433023 0.99999 0.000571772 -0.131194 0.999674 0.00434326 -0.0251928 5.9351
-0.046396 -0.0014746 -0.998922 -8.41475 -0.00450645 0.999989 -0.00126687 -0.14005 0.998913 0.00444281 -0.0464022 5.89952
-0.064387 -0.00284894 -0.997921 -8.90343 -0.00321402 0.999991 -0.00264747 -0.149871 0.99792 0.00303687 -0.0643957 5.85429
-0.078164 -0.00153962 -0.996939 -9.40153 -0.00102095 0.999998 -0.00146429 -0.161962 0.99694 0.000903369 -0.0781656 5.79986
-0.0886528 -5.28573e-05 -0.996063 -9.9095 6.39655e-05 1 -5.87556e-05 -0.174159 0.996063 -6.89256e-05 -0.0886529 5.73818
-0.0968655 0.00110419 -0.995297 -10.4292 -0.00126325 0.999998 0.00123235 -0.188587 0.995297 0.00137668 -0.0968641 5.67259
-0.102292 0.00176414 -0.994753 -10.9596 0.000401305 0.999998 0.00173218 -0.201831 0.994755 -0.000222015 -0.102292 5.60522
-0.105549 0.00252779 -0.994411 -11.5043 0.00172745 0.999996 0.00235864 -0.215625 0.994413 -0.00146885 -0.105553 5.53568
-0.106239 0.00443577 -0.994331 -12.0597 0.00535723 0.999978 0.00388857 -0.227798 0.994326 -0.00491374 -0.106261 5.46507
-0.106934 0.00629009 -0.994246 -12.6303 0.0051372 0.99997 0.00577379 -0.23726 0.994253 -0.00449024 -0.106963 5.39079
-0.10668 0.00620586 -0.994274 -13.2111 0.00519905 0.99997 0.00568359 -0.247471 0.99428 -0.00456296 -0.106709 5.31572
-0.106651 0.00495795 -0.994284 -13.8041 0.00344294 0.999983 0.00461707 -0.257574 0.994291 -0.00293086 -0.106666 5.23975
-0.107108 0.00445191 -0.994237 -14.4101 0.0045361 0.999982 0.00398897 -0.265877 0.994237 -0.00408272 -0.107126 5.16409
-0.10715 0.00639698 -0.994222 -15.0261 0.00573542 0.999967 0.00581582 -0.27313 0.994227 -0.00507912 -0.107183 5.08808
-0.10714 0.00803404 -0.994211 -15.6615 0.00379585 0.999963 0.00767147 -0.280688 0.994237 -0.00295197 -0.107166 5.01176
-0.106658 0.00936425 -0.994252 -16.3135 0.0052867 0.999947 0.00885076 -0.285933 0.994282 -0.00431231 -0.106702 4.93674
-0.106467 0.00971867 -0.994269 -16.9778 0.00308017 0.999951 0.00944439 -0.291042 0.994312 -0.002057 -0.106492 4.86091
-0.106783 0.00776519 -0.994252 -17.6558 0.00276262 0.999968 0.00751313 -0.297417 0.994279 -0.00194447 -0.106801 4.78618
-0.106964 0.00764997 -0.994233 -18.3471 0.00285445 0.999969 0.00738701 -0.302346 0.994259 -0.00204785 -0.106983 4.70618
-0.107923 0.00840662 -0.994124 -19.0558 0.00062809 0.999965 0.00838783 -0.307035 0.994159 0.000280833 -0.107924 4.6224
-0.10831 0.00941509 -0.994073 -19.776 0.00168912 0.999956 0.00928677 -0.312615 0.994116 -0.000673259 -0.108321 4.53818
-0.10946 0.0101311 -0.99394 -20.5131 0.00423849 0.999944 0.00972552 -0.31804 0.993982 -0.00314826 -0.109497 4.45396
-0.109819 0.00682276 -0.993928 -21.2633 0.00516547 0.999967 0.00629348 -0.326875 0.993938 -0.00444296 -0.109851 4.36914
-0.110998 0.000872131 -0.99382 -22.026 0.00654427 0.999979 0.000146617 -0.34172 0.993799 -0.00648756 -0.111002 4.28392
-0.112715 -0.00188083 -0.993626 -22.805 0.0134917 0.999903 -0.00342319 -0.358381 0.993536 -0.0137916 -0.112679 4.20057
-0.114643 -0.000814314 -0.993406 -23.587 0.0155603 0.999876 -0.00261534 -0.372027 0.993285 -0.0157575 -0.114616 4.11387
-0.116358 0.00448588 -0.993197 -24.3768 0.0142669 0.999894 0.00284469 -0.377156 0.993105 -0.0138389 -0.11641 4.02328
-0.117616 0.010744 -0.993001 -25.1834 0.011931 0.999885 0.00940535 -0.379329 0.992988 -0.0107413 -0.117731 3.92945
-0.117311 0.0144882 -0.99299 -25.9924 0.00893947 0.999869 0.0135325 -0.391319 0.993055 -0.0072893 -0.117425 3.82905
-0.118075 0.0136909 -0.99291 -26.8149 0.00892325 0.99988 0.0127259 -0.4009 0.992965 -0.00735738 -0.118183 3.72988
-0.118288 0.011924 -0.992908 -27.6342 0.00768286 0.999909 0.0110928 -0.410788 0.99295 -0.00631623 -0.11837 3.63417
-0.119902 0.00949213 -0.99274 -28.4477 0.00724154 0.999936 0.00868631 -0.420347 0.992759 -0.00614747 -0.119963 3.53632
-0.120868 0.00965346 -0.992622 -29.2635 0.00684611 0.999937 0.00889098 -0.415846 0.992645 -0.00572096 -0.120927 3.4293
-0.120643 0.00989235 -0.992647 -30.0685 0.00569864 0.999941 0.00927245 -0.416035 0.99268 -0.00453808 -0.120692 3.32526
-0.121894 0.00834301 -0.992508 -30.8752 0.00487841 0.999958 0.00780649 -0.417653 0.992531 -0.0038903 -0.12193 3.22922
-0.120995 0.00350264 -0.992647 -31.6942 0.00262097 0.999992 0.00320909 -0.416686 0.99265 -0.00221342 -0.121004 3.12911
-0.121885 -0.000258502 -0.992544 -32.527 -0.00407891 0.999992 0.000240449 -0.420045 0.992536 0.0040778 -0.121885 3.01674
-0.121721 -0.000347972 -0.992564 -33.3819 -0.00470261 0.999989 0.000226119 -0.42931 0.992553 0.00469516 -0.121721 2.90524
-0.120615 0.00184489 -0.992698 -34.2423 -0.00437536 0.999988 0.00239006 -0.433975 0.99269 0.00463168 -0.120606 2.80059
-0.121998 0.00527816 -0.992516 -35.0912 -0.00376526 0.999977 0.00578065 -0.43546 0.992523 0.0044423 -0.121976 2.68947
-0.120708 0.0103931 -0.992634 -35.9306 -0.000347103 0.999945 0.0105119 -0.43047 0.992688 0.00161341 -0.120698 2.5809
-0.122223 0.01269 -0.992422 -36.7696 -0.00214576 0.999913 0.01305 -0.435127 0.992501 0.00372452 -0.122186 2.4673
-0.122098 0.0120007 -0.992445 -37.6014 -0.00185951 0.999923 0.0123199 -0.44319 0.992516 0.0033497 -0.122067 2.35578
-0.122518 0.00782363 -0.992436 -38.4357 -0.00477297 0.999953 0.00847213 -0.451351 0.992455 0.00577485 -0.122475 2.23909
-0.123216 0.00390194 -0.992372 -39.2687 -0.00909299 0.999946 0.00506074 -0.45803 0.992338 0.00964719 -0.123174 2.12618
-0.125948 0.00153938 -0.992036 -40.1012 -0.00961449 0.99995 0.00277231 -0.465982 0.99199 0.00988708 -0.125927 2.0111
-0.12901 -0.000247601 -0.991643 -40.9332 -0.0125565 0.99992 0.00138391 -0.475278 0.991564 0.0126301 -0.129003 1.89331
-0.131203 -0.00195447 -0.991354 -41.7624 -0.0104893 0.999945 -0.000583182 -0.486532 0.9913 0.0103221 -0.131216 1.77775
-0.132623 -0.00471066 -0.991155 -42.5911 -0.00903837 0.999953 -0.00354308 -0.497944 0.991125 0.00848853 -0.13266 1.66349
-0.136058 -0.00642288 -0.99068 -43.422 -0.00860068 0.999949 -0.00530178 -0.511012 0.990664 0.00779917 -0.136106 1.54741
-0.139233 -0.00385722 -0.990252 -44.251 -0.00590562 0.999978 -0.00306475 -0.519263 0.990242 0.00542133 -0.139253 1.42808
-0.141915 0.000725665 -0.989879 -45.0811 -0.00453259 0.999989 0.00138289 -0.526726 0.989869 0.00468296 -0.14191 1.30889
-0.14498 0.00215874 -0.989432 -45.9097 -0.00193362 0.999995 0.00246512 -0.532819 0.989433 0.00227057 -0.144976 1.18637
-0.146249 0.000865926 -0.989248 -46.7375 -0.00190665 0.999998 0.00115721 -0.541016 0.989246 0.00205538 -0.146247 1.06312
-0.148542 -0.00233099 -0.988903 -47.5592 -0.0030445 0.999994 -0.00189982 -0.552306 0.988901 0.00272851 -0.148549 0.939775
-0.150666 -0.0050124 -0.988572 -48.3784 -0.00659744 0.99997 -0.00406469 -0.566338 0.988563 0.00590963 -0.150695 0.808989
-0.151658 -0.00638083 -0.988412 -49.1982 -0.00778835 0.999956 -0.00526034 -0.581075 0.988402 0.00690033 -0.151701 0.673947
-0.153985 -0.00680566 -0.98805 -50.0176 -0.00944156 0.999941 -0.00541612 -0.595855 0.988028 0.00849473 -0.154041 0.53508
-0.154498 -0.00640154 -0.987972 -50.8232 -0.00819909 0.999953 -0.00519701 -0.612317 0.987959 0.00729754 -0.154543 0.396251
-0.157254 -0.00681488 -0.987535 -51.6251 -0.00897465 0.999945 -0.0054714 -0.6314 0.987518 0.00800238 -0.157307 0.26038
-0.159161 -0.00685004 -0.987229 -52.4276 -0.00877248 0.999947 -0.00552399 -0.651524 0.987214 0.00778123 -0.159212 0.12445
-0.161214 -0.00653762 -0.986898 -53.2322 -0.00762298 0.999957 -0.00537889 -0.672637 0.98689 0.00665594 -0.161257 -0.0178313
-0.162945 -0.00338747 -0.986629 -54.0389 -0.00489408 0.999985 -0.00262505 -0.689553 0.986623 0.0044009 -0.162959 -0.158971
-0.161651 -0.000551935 -0.986848 -54.8357 -0.0051776 0.999987 0.000288835 -0.701082 0.986835 0.00515619 -0.161651 -0.295309
-0.16363 0.00011434 -0.986522 -55.6421 -0.00508106 0.999987 0.000958675 -0.714313 0.986509 0.00516944 -0.163627 -0.432561
-0.163281 -7.18952e-05 -0.986579 -56.4399 -0.00560507 0.999984 0.000854785 -0.727137 0.986564 0.00566942 -0.163279 -0.575545
-0.161718 -0.000436895 -0.986837 -57.2312 -0.00291739 0.999996 3.537e-05 -0.739615 0.986833 0.00288471 -0.161719 -0.717823
-0.161621 -0.00240954 -0.98685 -58.0076 -0.00189997 0.999996 -0.00213047 -0.758901 0.986851 0.00153066 -0.161625 -0.859469
-0.159634 -0.00485624 -0.987164 -58.776 0.000388463 0.999988 -0.00498214 -0.787898 0.987176 -0.0011788 -0.15963 -0.996644
-0.158691 -0.00770652 -0.987298 -59.5449 5.23018e-05 0.99997 -0.00781383 -0.819635 0.987328 -0.00129163 -0.158686 -1.13269
-0.154665 -0.00793181 -0.987935 -60.2991 0.000102192 0.999968 -0.00804442 -0.848656 0.987967 -0.00134516 -0.15466 -1.26415
-0.148713 -0.00746386 -0.988852 -61.0411 0.000568401 0.999971 -0.00763326 -0.874306 0.988881 -0.00169723 -0.148704 -1.3865
-0.141966 -0.00579308 -0.989855 -61.776 0.00268808 0.999977 -0.00623784 -0.900333 0.989868 -0.00354637 -0.141947 -1.4985
-0.1328 -0.00436964 -0.991133 -62.5008 0.00318079 0.999984 -0.00483484 -0.923945 0.991138 -0.00379466 -0.132784 -1.59624
-0.122508 -0.00287857 -0.992463 -63.2179 0.00279981 0.999991 -0.003246 -0.945915 0.992464 -0.00317638 -0.122499 -1.68676
-0.10894 -0.00131896 -0.994047 -63.9204 0.00216085 0.999997 -0.00156366 -0.968228 0.994046 -0.00231834 -0.108937 -1.76735
-0.0921016 0.000442972 -0.995749 -64.6081 0.00188982 0.999999 0.000270065 -0.987353 0.995748 -0.00185692 -0.0921024 -1.83326
-0.0722468 0.00123787 -0.997386 -65.2783 0.00157447 0.999999 0.00112706 -1.00647 0.997386 -0.00148893 -0.0722487 -1.88706
-0.0482256 0.00243192 -0.998833 -65.935 0.00240146 0.999995 0.0023188 -1.02434 0.998834 -0.00228683 -0.0482313 -1.92053
-0.0206664 0.003 -0.999782 -66.5809 0.00429897 0.999987 0.00291175 -1.04083 0.999777 -0.00423786 -0.0206792 -1.93261
0.0108384 0.00337578 -0.999936 -67.2085 0.00608296 0.999976 0.00344185 -1.0561 0.999923 -0.00611987 0.0108175 -1.9255
0.0470029 0.0040615 -0.998887 -67.8185 0.00812639 0.999958 0.00444825 -1.06989 0.998862 -0.00832642 0.0469677 -1.89146
0.086677 0.00459218 -0.996226 -68.4072 0.0096838 0.999939 0.00545184 -1.08073 0.99619 -0.0101198 0.0866271 -1.83299
0.129572 0.00499452 -0.991557 -68.973 0.01137 0.999915 0.00652239 -1.0903 0.991505 -0.0121191 0.129504 -1.74758
0.176812 0.00560912 -0.984229 -69.5153 0.012575 0.99989 0.0079574 -1.09769 0.984164 -0.0137836 0.176722 -1.63701
0.226222 0.00517453 -0.974062 -70.033 0.0165596 0.999821 0.00915727 -1.10333 0.973935 -0.0182016 0.226096 -1.49879
0.277597 0.00260858 -0.960694 -70.5266 0.0213423 0.999733 0.00888153 -1.10959 0.960461 -0.0229689 0.277467 -1.33344
0.329511 -0.000674534 -0.944152 -70.9965 0.0263466 0.999617 0.00848085 -1.11546 0.943784 -0.0276697 0.329402 -1.14156
0.38278 -0.00335259 -0.923833 -71.4397 0.030569 0.999492 0.00903874 -1.12005 0.923334 -0.0317005 0.382688 -0.928382
0.433999 -0.0033187 -0.900907 -71.86 0.0313129 0.999445 0.0114028 -1.1234 0.900369 -0.0331588 0.433862 -0.687783
0.482926 -0.00494646 -0.875647 -72.2579 0.03476 0.999305 0.0135254 -1.12191 0.874971 -0.0369692 0.482762 -0.42926
0.528368 -0.00776897 -0.84898 -72.6322 0.0402117 0.999065 0.0158836 -1.1192 0.848063 -0.0425312 0.528186 -0.15332
0.57256 -0.0118244 -0.819778 -72.9863 0.0490258 0.998601 0.0198375 -1.11638 0.818396 -0.0515484 0.572338 0.143671
0.615679 -0.0157414 -0.78784 -73.3162 0.0506951 0.998521 0.0196662 -1.11414 0.786365 -0.0520477 0.615566 0.454017
0.657771 -0.019946 -0.752953 -73.6252 0.048608 0.99869 0.0160078 -1.10789 0.751648 -0.047129 0.657879 0.776774
0.698854 -0.0258466 -0.714797 -73.9136 0.045379 0.998936 0.00824607 -1.10782 0.713823 -0.0381996 0.699284 1.1098
0.738862 -0.0285996 -0.67325 -74.1854 0.0420123 0.999111 0.00366454 -1.10552 0.672546 -0.0309924 0.739406 1.45791
0.777725 -0.0284772 -0.627959 -74.446 0.0400065 0.999191 0.00423584 -1.10295 0.62733 -0.0284168 0.778235 1.82676
0.813233 -0.0294113 -0.581194 -74.6874 0.0397622 0.999197 0.00507283 -1.10431 0.580578 -0.027235 0.813749 2.21573
0.845756 -0.0284319 -0.532811 -74.9174 0.0368813 0.999306 0.00521839 -1.0959 0.532293 -0.0240643 0.846218 2.62885
0.873597 -0.0272967 -0.485884 -75.1335 0.0359293 0.999319 0.00845812 -1.09289 0.485323 -0.0248465 0.873982 3.06631
0.89703 -0.0226238 -0.441391 -75.3443 0.0308417 0.999459 0.0114509 -1.08462 0.440893 -0.023885 0.897242 3.53043
0.916087 -0.018359 -0.400559 -75.5399 0.0246825 0.999639 0.0106325 -1.07833 0.40022 -0.0196271 0.916209 4.01162
0.931145 -0.0144999 -0.36436 -75.7244 0.0207701 0.999696 0.0132959 -1.07212 0.364057 -0.0199482 0.931163 4.51558
0.94281 -0.0140699 -0.333035 -75.898 0.0203974 0.999672 0.0155104 -1.06312 0.332707 -0.0214164 0.942787 5.04255
0.950872 -0.0140822 -0.309263 -76.0588 0.0203545 0.999647 0.0170643 -1.05431 0.308914 -0.0225208 0.950824 5.58813
0.957711 -0.0133905 -0.287421 -76.218 0.0196725 0.999627 0.0189794 -1.04531 0.28706 -0.0238311 0.957616 6.15443
0.96307 -0.0120846 -0.26898 -76.372 0.018693 0.999583 0.0220205 -1.03709 0.268602 -0.0262353 0.962894 6.73456
0.967261 -0.00873009 -0.253633 -76.5246 0.0153011 0.999596 0.0239463 -1.02289 0.253322 -0.0270432 0.967004 7.33548
0.971024 -0.00570426 -0.238915 -76.6764 0.0121098 0.999605 0.0253518 -1.00894 0.238676 -0.0275104 0.97071 7.94642
0.974056 -0.00663934 -0.226209 -76.8198 0.0129029 0.999573 0.0262222 -0.996687 0.225938 -0.0284607 0.973726 8.57365
0.977262 -0.00579642 -0.211953 -76.9581 0.0116885 0.999579 0.0265568 -0.984039 0.21171 -0.0284304 0.976919 9.21075
0.980661 -0.00458046 -0.195661 -77.0893 0.0102733 0.999553 0.0280904 -0.968207 0.195445 -0.0295573 0.980269 9.86806
0.983438 -0.00297916 -0.181218 -77.2138 0.00827539 0.99956 0.0284768 -0.951383 0.181053 -0.0295048 0.983031 10.535
0.986114 -0.00229048 -0.166056 -77.3314 0.00672916 0.999635 0.0261724 -0.938028 0.165935 -0.0269264 0.985769 11.2134
0.988352 -0.00227074 -0.152168 -77.4431 0.00574695 0.999732 0.0224087 -0.925041 0.152076 -0.0230222 0.988101 11.8972
0.990205 -0.00150959 -0.139611 -77.5468 0.00393879 0.999846 0.0171252 -0.917228 0.139564 -0.0175073 0.990059 12.596
0.991628 -0.000354681 -0.129127 -77.6472 0.00260386 0.999848 0.01725 -0.909555 0.129101 -0.0174418 0.991478 13.3067
0.992691 -0.000187724 -0.12068 -77.7444 0.00297063 0.999734 0.0228807 -0.897599 0.120644 -0.023072 0.992428 14.0306
0.993504 0.00556034 -0.113663 -77.8384 -0.00216524 0.999549 0.0299716 -0.878941 0.113778 -0.0295308 0.993068 14.7616
0.99429 0.00671118 -0.106498 -77.9283 -0.00326617 0.999467 0.0324897 -0.859493 0.106659 -0.0319564 0.993782 15.5061
0.994881 0.00571026 -0.100896 -78.0146 -0.00248092 0.999482 0.0321034 -0.841812 0.101027 -0.0316887 0.994379 16.2573
0.995459 0.00769999 -0.0948839 -78.0963 -0.00479781 0.999515 0.030777 -0.826403 0.095075 -0.030182 0.995013 17.0209
0.995898 0.00806896 -0.0901253 -78.1744 -0.00517278 0.999464 0.0323226 -0.812226 0.0903379 -0.0317238 0.995406 17.7907
0.996265 0.00875184 -0.0859005 -78.2514 -0.00573899 0.999362 0.0352582 -0.794655 0.0861544 -0.0346336 0.99568 18.5691
0.996688 0.00719788 -0.0810017 -78.3244 -0.00432274 0.999356 0.0356145 -0.777667 0.081206 -0.0351464 0.996078 19.3522
0.996895 0.0078685 -0.0783433 -78.3966 -0.00527879 0.999435 0.0332084 -0.761353 0.0785604 -0.0326917 0.996373 20.1305
0.997055 0.0109226 -0.0759025 -78.4698 -0.00906035 0.999651 0.0248367 -0.753055 0.0761474 -0.0240759 0.996806 20.9087
0.997265 0.0125903 -0.0728294 -78.5432 -0.0111596 0.999738 0.0200176 -0.746298 0.0730624 -0.0191501 0.997144 21.6781
0.997447 0.0137006 -0.0700843 -78.6157 -0.0125336 0.999776 0.0170644 -0.742442 0.0703024 -0.0161424 0.997395 22.4388
0.997582 0.0172853 -0.0673156 -78.6853 -0.0160535 0.999695 0.0187975 -0.740839 0.0676201 -0.0176714 0.997555 23.1956
0.99779 0.0188616 -0.0637095 -78.7495 -0.0175206 0.999615 0.0215434 -0.730598 0.0640914 -0.0203796 0.997736 23.946
0.997955 0.0233379 -0.0595042 -78.8146 -0.0218455 0.999434 0.0256077 -0.724506 0.0600682 -0.0242555 0.9979 24.6733
0.998134 0.0206551 -0.0574644 -78.872 -0.0191468 0.999461 0.0266745 -0.719574 0.0579845 -0.0255245 0.997991 25.4129
0.998255 0.0185386 -0.0560728 -78.9252 -0.017017 0.999477 0.0274917 -0.717747 0.0565532 -0.0264895 0.998048 26.1541
0.998347 0.0160539 -0.0551937 -78.9742 -0.0145394 0.99951 0.0277327 -0.710584 0.055612 -0.0268844 0.998091 26.8984
0.99838 0.015693 -0.0546907 -79.0255 -0.0142641 0.999549 0.0264203 -0.688348 0.0550807 -0.0255974 0.998154 27.6452
0.998345 0.0139536 -0.0557946 -79.0799 -0.0124265 0.999542 0.0276236 -0.66023 0.0561545 -0.0268846 0.99806 28.3871
0.99838 0.0147498 -0.0549529 -79.1279 -0.0132592 0.999537 0.0273918 -0.633345 0.0553316 -0.0266188 0.998113 29.1295
0.998262 0.0174832 -0.0562809 -79.1731 -0.0160174 0.999524 0.026391 -0.613032 0.0567156 -0.0254437 0.998066 29.8763
0.998207 0.0180018 -0.0570773 -79.2203 -0.0165354 0.999524 0.0260611 -0.58643 0.0575194 -0.0250706 0.99803 30.6146
0.998058 0.0182318 -0.059554 -79.2649 -0.0167462 0.999539 0.0253501 -0.572797 0.0599888 -0.0243036 0.997903 31.3528
0.997773 0.0193505 -0.0638274 -79.323 -0.0177245 0.999507 0.0259441 -0.55065 0.064298 -0.0247551 0.997624 32.1137
0.997519 0.0196637 -0.0675958 -79.3835 -0.0179835 0.999517 0.0253753 -0.512834 0.0680622 -0.0240967 0.99739 32.8794
0.997074 0.026701 -0.0716198 -79.4626 -0.0248582 0.99934 0.0264995 -0.46345 0.0722801 -0.0246416 0.99708 33.654
0.996712 0.0291996 -0.0755791 -79.5399 -0.0274754 0.999341 0.0237537 -0.420509 0.076223 -0.021599 0.996857 34.4382
0.9964 0.0332469 -0.0779789 -79.6072 -0.0316933 0.999276 0.021077 -0.378694 0.0786233 -0.0185297 0.996732 35.2191
0.996002 0.0351777 -0.0821157 -79.682 -0.0337881 0.999263 0.0182514 -0.333817 0.0826973 -0.015404 0.996456 36.0162
0.995764 0.036214 -0.0845109 -79.7546 -0.0346819 0.999208 0.0195269 -0.293673 0.0851512 -0.0165132 0.996231 36.819
0.995434 0.0379292 -0.0875895 -79.8266 -0.0363797 0.999154 0.0192201 -0.262349 0.0882444 -0.0159459 0.995971 37.6286
0.995091 0.0410948 -0.0900316 -79.9036 -0.0395303 0.999036 0.0190921 -0.231122 0.0907295 -0.0154394 0.995756 38.4392
0.994865 0.0428562 -0.0916887 -79.9683 -0.0411401 0.998943 0.0205261 -0.186415 0.0924716 -0.0166486 0.995576 39.2227
0.994556 0.0434201 -0.0947211 -80.0513 -0.0412939 0.998852 0.0242936 -0.164976 0.0956673 -0.02025 0.995208 40.0202
0.994549 0.0431956 -0.0949035 -80.1388 -0.0409044 0.998826 0.0259574 -0.141077 0.0959134 -0.021934 0.995148 40.8333
0.9946 0.0465675 -0.0927433 -80.2224 -0.0444056 0.998695 0.0252406 -0.112797 0.0937978 -0.020986 0.99537 41.6463
0.994598 0.0476789 -0.0922068 -80.3162 -0.0456105 0.998662 0.0244122 -0.0621113 0.0932474 -0.0200747 0.995441 42.4769
0.994886 0.0467421 -0.0895372 -80.397 -0.0449155 0.998742 0.0223089 -0.0334862 0.0904674 -0.0181732 0.995734 43.3178
0.995259 0.0417143 -0.0878556 -80.4776 -0.0398858 0.998952 0.0224665 -0.0223657 0.0887008 -0.0188559 0.99588 44.1738
0.995495 0.0385611 -0.0866136 -80.5465 -0.0367473 0.999073 0.0224389 -0.00932572 0.0873987 -0.019155 0.995989 45.0407
0.995841 0.0344095 -0.0843583 -80.6169 -0.0325075 0.999188 0.0238181 0.00594509 0.0851095 -0.0209768 0.996151 45.9137
0.995874 0.0317297 -0.0850131 -80.6826 -0.029668 0.999237 0.025407 0.0222668 0.0857545 -0.0227801 0.996056 46.7972
0.996065 0.0322315 -0.0825593 -80.7477 -0.0302363 0.999223 0.0253046 0.0325542 0.0833108 -0.0227087 0.996265 47.6788
0.995914 0.032752 -0.0841588 -80.8286 -0.0309902 0.999274 0.0221563 0.044801 0.0848235 -0.0194577 0.996206 48.5409
0.995823 0.0353488 -0.0841777 -80.9071 -0.034108 0.999288 0.0161332 0.0549737 0.0846882 -0.0131947 0.99632 49.3961
0.995893 0.034372 -0.0837521 -80.98 -0.0333515 0.999352 0.0135542 0.0631791 0.0841638 -0.0107053 0.996395 50.2507
0.995746 0.0378417 -0.0840144 -81.0518 -0.0372099 0.999267 0.00907367 0.0626734 0.0842963 -0.00590893 0.996423 51.1003
0.995956 0.0366172 -0.082038 -81.1192 -0.0360579 0.999316 0.00828929 0.0656946 0.0822855 -0.00529767 0.996595 51.9535
0.996154 0.0347237 -0.0804394 -81.1924 -0.0338776 0.999356 0.0118593 0.0734591 0.0807995 -0.00908863 0.996689 52.8058
0.996397 0.0297948 -0.0794082 -81.2649 -0.0282442 0.999389 0.0205791 0.0931836 0.079973 -0.0182621 0.99663 53.6715
0.996596 0.0256775 -0.0783335 -81.3364 -0.0237774 0.999403 0.0250932 0.113327 0.0789312 -0.0231452 0.996612 54.5363
0.996374 0.0233091 -0.0818224 -81.41 -0.0216119 0.999534 0.0215668 0.126657 0.0822871 -0.0197202 0.996414 55.3882
0.996501 0.0172784 -0.0817751 -81.4903 -0.0159321 0.999727 0.0170878 0.141576 0.0820482 -0.0157252 0.996504 56.2388
0.99643 0.0164949 -0.0827988 -81.5741 -0.0152758 0.999766 0.0153353 0.157055 0.0830325 -0.0140157 0.996448 57.0792
0.996329 0.0157332 -0.0841446 -81.6479 -0.0146997 0.999809 0.0128873 0.173323 0.0843314 -0.0116031 0.99637 57.9088
0.996219 0.0162378 -0.085343 -81.7329 -0.0154281 0.99983 0.0101386 0.194444 0.0854932 -0.00878361 0.9963 58.739
0.995803 0.0149136 -0.0902953 -81.8125 -0.014327 0.999872 0.00714108 0.213227 0.0903903 -0.00581747 0.99589 59.5593
0.995648 0.0152952 -0.0919287 -81.8913 -0.015056 0.999881 0.00329451 0.221518 0.0919683 -0.00189612 0.99576 60.3748
0.995336 0.0186487 -0.094648 -81.9774 -0.0185704 0.999826 0.00170767 0.215233 0.0946635 5.79239e-05 0.995509 61.1789
0.995104 0.0221446 -0.0963137 -82.0526 -0.0219802 0.999755 0.00276718 0.203731 0.0963515 -0.00063666 0.995347 61.9949
0.994853 0.0247902 -0.0982447 -82.136 -0.0242688 0.999684 0.00649871 0.202231 0.0983749 -0.004081 0.995141 62.8276
0.994381 0.0243619 -0.103013 -82.2354 -0.0232272 0.999656 0.0121998 0.225395 0.103275 -0.00973856 0.994605 63.6432
0.994021 0.0230727 -0.106726 -82.3188 -0.0213984 0.99963 0.0168065 0.25179 0.107074 -0.0144223 0.994147 64.4559
0.993262 0.0227096 -0.113639 -82.4155 -0.0208455 0.999629 0.0175653 0.276899 0.113995 -0.0150781 0.993367 65.2596
0.992776 0.0143662 -0.11912 -82.5081 -0.0120647 0.999727 0.0200197 0.315526 0.119375 -0.018438 0.992678 66.0497
0.992144 0.0141522 -0.124294 -82.5955 -0.0117165 0.999725 0.0203058 0.351105 0.124548 -0.0186901 0.992038 66.8389
0.991428 0.0153797 -0.129743 -82.6969 -0.0130031 0.999732 0.0191454 0.382168 0.130003 -0.0172942 0.991363 67.6257
0.990793 0.0101445 -0.135001 -82.8035 -0.00818089 0.999853 0.0150922 0.409194 0.135135 -0.0138489 0.990731 68.4131
0.990188 0.0130833 -0.139123 -82.9143 -0.0111967 0.999835 0.0143351 0.42597 0.139287 -0.0126368 0.990171 69.208
0.989409 0.015768 -0.144297 -83.0285 -0.0137029 0.999789 0.0152938 0.437399 0.144508 -0.0131546 0.989416 70.0047
0.989188 0.0152897 -0.145851 -83.1446 -0.0126968 0.999745 0.018692 0.443498 0.146099 -0.0166381 0.98913 70.7981
0.988355 0.0174765 -0.151157 -83.2679 -0.0142016 0.999641 0.0227178 0.453476 0.1515 -0.0203066 0.988249 71.5848
0.987306 0.0106301 -0.158472 -83.3952 -0.00704353 0.999707 0.0231767 0.471752 0.158672 -0.0217663 0.987091 72.3699
0.986377 0.00665173 -0.164366 -83.5365 -0.00382934 0.99984 0.0174822 0.486918 0.164456 -0.0166146 0.986244 73.1561
0.984972 0.00622326 -0.1726 -83.6888 -0.00442844 0.999932 0.0107818 0.488848 0.172656 -0.00985541 0.984933 73.9415
0.983715 0.00411074 -0.179687 -83.8503 -0.0028627 0.99997 0.00720432 0.48596 0.179712 -0.00657263 0.983697 74.7158
0.981772 0.00102991 -0.190058 -84.0102 0.000694252 0.999959 0.00900491 0.477595 0.19006 -0.00897274 0.981732 75.474
0.979701 0.0047442 -0.200408 -84.1856 -0.00172756 0.999883 0.0152246 0.473782 0.200457 -0.0145694 0.979594 76.2354
0.977685 0.00576019 -0.209997 -84.3659 -0.00119822 0.999761 0.0218446 0.485361 0.210073 -0.0211056 0.977458 76.9927
0.975302 0.00309772 -0.220854 -84.5564 0.00251407 0.999681 0.0251239 0.48672 0.220862 -0.0250586 0.974983 77.7476
0.973418 0.00665848 -0.228939 -84.7549 -0.00128625 0.99972 0.023607 0.490042 0.229032 -0.022685 0.973155 78.5012
0.971009 0.00405022 -0.239007 -84.9612 -0.000573039 0.999893 0.0146161 0.489122 0.239041 -0.0140554 0.970908 79.2568
0.968548 0.000899927 -0.248825 -85.1777 0.00184975 0.99994 0.0108166 0.495217 0.24882 -0.0109367 0.968488 80.0144
0.966042 0.000377975 -0.258383 -85.4078 0.00320729 0.999904 0.0134541 0.505878 0.258364 -0.0138259 0.965949 80.7757
0.963193 0.00143887 -0.268808 -85.6337 0.00427358 0.999777 0.0206647 0.52143 0.268778 -0.0210528 0.962972 81.5308
0.960329 0.000392064 -0.27887 -85.8579 0.00692211 0.999657 0.0252426 0.53398 0.278785 -0.0261716 0.959997 82.2753
0.957526 0.000332904 -0.288347 -86.0819 0.00721619 0.999658 0.0251172 0.540134 0.288257 -0.0261312 0.957197 82.9935
0.953813 -1.95408e-05 -0.3004 -86.3187 0.0069025 0.999737 0.0218514 0.544999 0.300321 -0.0229157 0.953563 83.6941
0.951444 -0.00259355 -0.30781 -86.549 0.0083003 0.999817 0.017232 0.543949 0.307709 -0.0189503 0.951292 84.386
0.94821 -0.00567938 -0.317593 -86.7812 0.0103413 0.999862 0.0129951 0.529394 0.317476 -0.0156065 0.948138 85.0766
0.94502 -0.0033936 -0.326996 -87.0283 0.00712314 0.999922 0.0102086 0.508323 0.326936 -0.0119766 0.944971 85.7635
0.942256 -0.00233285 -0.334884 -87.2906 0.00542204 0.999951 0.00829006 0.494453 0.334849 -0.00962714 0.942223 86.4392
0.938615 -0.00210813 -0.34496 -87.5508 0.00595025 0.999931 0.0100794 0.478537 0.344916 -0.0115133 0.938563 87.1221
0.93524 -0.00107267 -0.354012 -87.8092 0.00662373 0.999873 0.0144691 0.47812 0.353952 -0.015877 0.935129 87.8071
0.932714 0.0036553 -0.360599 -88.066 0.0044366 0.999756 0.0216098 0.484682 0.360591 -0.0217556 0.932471 88.5052
0.930273 0.00898957 -0.366758 -88.3366 0.000314998 0.99968 0.025302 0.49899 0.366869 -0.0236533 0.929972 89.2063
0.928237 0.0143954 -0.37171 -88.6208 -0.0060829 0.999704 0.0235259 0.505175 0.371939 -0.0195765 0.928051 89.8994
0.925866 0.0172998 -0.377456 -88.9097 -0.011625 0.999782 0.0173077 0.50594 0.377674 -0.0116367 0.925866 90.5952
0.924237 0.0137689 -0.381571 -89.1934 -0.0101395 0.999882 0.0115207 0.492507 0.381685 -0.00677889 0.924268 91.2904
0.92237 0.0150972 -0.386011 -89.4868 -0.0121136 0.999875 0.0101605 0.487151 0.386116 -0.00469578 0.922438 91.9824
0.920372 0.0216155 -0.390446 -89.7915 -0.0184605 0.999759 0.0118321 0.487215 0.390608 -0.00368208 0.92055 92.687
0.91888 0.0210645 -0.393974 -90.0983 -0.0159469 0.99974 0.0162592 0.490389 0.394215 -0.00865757 0.918978 93.4019
0.916618 0.0217389 -0.399173 -90.4125 -0.0171487 0.999739 0.0150672 0.495852 0.399397 -0.00696557 0.916752 94.1173
0.9144 0.0242806 -0.404084 -90.7348 -0.0218508 0.999705 0.0106242 0.500993 0.404223 -0.000885194 0.91466 94.8296
0.91194 0.0195481 -0.409856 -91.0644 -0.0187065 0.999806 0.00606319 0.492998 0.409896 0.00213771 0.91213 95.5372
0.910024 0.021661 -0.413989 -91.4011 -0.0214063 0.999757 0.00525491 0.484246 0.414002 0.00407986 0.910267 96.2452
0.90812 0.0198216 -0.418239 -91.7412 -0.0185097 0.999802 0.00719376 0.476667 0.4183 0.00120865 0.908309 96.9518
0.906072 0.0225784 -0.42252 -92.0869 -0.0206474 0.999745 0.00914662 0.469735 0.422619 0.000436417 0.906308 97.6549
0.903049 0.0254193 -0.428784 -92.4383 -0.0234411 0.999676 0.00989451 0.46179 0.428897 0.00111594 0.903353 98.3617
0.901272 0.0245703 -0.432555 -92.782 -0.0222166 0.999698 0.0104949 0.456293 0.432683 0.000151082 0.901546 99.0653
0.899712 0.0228374 -0.435886 -93.1261 -0.0203929 0.999739 0.0102863 0.449485 0.436007 -0.000365712 0.899943 99.7588
0.898551 0.019955 -0.438414 -93.4617 -0.0166506 0.999796 0.0113808 0.443739 0.438553 -0.00292639 0.898701 100.435
0.895818 0.0211925 -0.443916 -93.8022 -0.0172707 0.999768 0.0128766 0.433444 0.444086 -0.00386837 0.895976 101.111
0.893618 0.0239439 -0.448189 -94.1396 -0.0200686 0.999709 0.0133943 0.422191 0.448379 -0.00297492 0.893839 101.782
0.891187 0.0232838 -0.453037 -94.4796 -0.0206326 0.999729 0.0107936 0.409657 0.453166 -0.000271753 0.891427 102.45
0.889137 0.0191489 -0.457239 -94.8237 -0.018571 0.999811 0.00575859 0.393707 0.457263 0.0033712 0.889325 103.114
0.886299 0.0158196 -0.462843 -95.1729 -0.0158589 0.999867 0.00380636 0.377302 0.462842 0.00396657 0.886432 103.775
0.883733 0.0165757 -0.467697 -95.5258 -0.0156349 0.99986 0.00589321 0.361922 0.46773 0.00210437 0.883869 104.434
0.88135 0.0185496 -0.472099 -95.8831 -0.0151325 0.999824 0.0110343 0.350616 0.472222 -0.00258107 0.881476 105.093
0.879965 0.0186319 -0.474673 -96.241 -0.0115385 0.999774 0.0178526 0.344509 0.474899 -0.0102327 0.879981 105.752
0.878188 0.0174811 -0.477996 -96.5975 -0.00829292 0.999738 0.021326 0.342361 0.478244 -0.0147643 0.878103 106.41
0.877402 0.0133992 -0.479568 -96.9514 -0.0035519 0.999764 0.0214351 0.341787 0.479742 -0.0171038 0.877243 107.063
0.876199 0.0113744 -0.481814 -97.3054 -0.00271585 0.999822 0.0186644 0.340813 0.481941 -0.0150452 0.876075 107.717
0.874914 0.00932991 -0.484188 -97.6569 -0.00144788 0.99986 0.0166502 0.339548 0.484276 -0.0138665 0.874806 108.367
0.874579 0.0087696 -0.484802 -98.0093 -0.00128072 0.999874 0.0157763 0.337726 0.48488 -0.0131768 0.874481 109.015
0.873354 0.00756446 -0.487026 -98.3592 0.000143693 0.999875 0.0157876 0.334823 0.487085 -0.0138582 0.873245 109.654
0.872412 0.0072454 -0.488717 -98.7059 0.00112785 0.999857 0.0168366 0.336366 0.48877 -0.0152396 0.87228 110.281
0.871095 0.00701696 -0.491065 -99.0482 0.00203431 0.999838 0.0178956 0.336849 0.491111 -0.0165877 0.870939 110.894
0.869758 0.00618087 -0.493439 -99.3857 0.00381468 0.999807 0.0192476 0.337852 0.493463 -0.0186231 0.869568 111.492
0.868786 0.00567234 -0.495156 -99.7159 0.00478658 0.999791 0.0198516 0.339035 0.495165 -0.0196169 0.868578 112.075
0.86745 0.00522522 -0.497496 -100.037 0.0051499 0.999797 0.0194804 0.340746 0.497497 -0.0194604 0.867248 112.642
0.866502 0.00712957 -0.499122 -100.349 0.00191187 0.999843 0.0176011 0.33849 0.499169 -0.0162056 0.866353 113.192
0.864922 0.00508239 -0.50188 -100.654 0.00262862 0.999889 0.0146556 0.335241 0.501899 -0.0139952 0.864813 113.728
0.862544 0.000709407 -0.505981 -100.949 0.00708738 0.999884 0.0134837 0.33219 0.505932 -0.0152164 0.862439 114.245
0.859891 0.00156507 -0.510475 -101.238 0.00665782 0.999876 0.0142805 0.327422 0.510434 -0.0156784 0.859774 114.745
0.856588 0.000702329 -0.516001 -101.521 0.00885119 0.999832 0.0160543 0.324997 0.515926 -0.0183191 0.856438 115.226
0.852741 0.00617338 -0.522296 -101.798 0.00427232 0.999814 0.0187928 0.321638 0.522316 -0.0182568 0.852557 115.689
0.848989 0.0109298 -0.528298 -102.071 0.00160242 0.999728 0.0232581 0.32289 0.528409 -0.0205925 0.84874 116.132
0.844935 0.0148943 -0.534661 -102.339 0.00114021 0.99956 0.029647 0.32571 0.534867 -0.0256595 0.844547 116.56
0.840544 0.0169149 -0.541479 -102.603 0.00170967 0.999424 0.0338744 0.329158 0.541741 -0.0293987 0.840032 116.973
0.834992 0.0158948 -0.550033 -102.86 0.00435032 0.999361 0.0354835 0.33279 0.550246 -0.0320213 0.834389 117.369
0.828328 0.013101 -0.56009 -103.113 0.00864302 0.999309 0.036157 0.336495 0.560177 -0.0347908 0.827642 117.749
0.81957 0.0123528 -0.572846 -103.362 0.0107841 0.999258 0.0369767 0.341781 0.572878 -0.0364826 0.818829 118.113
0.809144 0.0129345 -0.587468 -103.608 0.0113359 0.999228 0.0376137 0.345894 0.587502 -0.0370945 0.808373 118.459
0.797018 0.0138273 -0.603797 -103.851 0.011167 0.999229 0.0376234 0.349995 0.603853 -0.0367292 0.796249 118.787
0.783449 0.0132736 -0.621314 -104.09 0.0115626 0.999287 0.0359284 0.352111 0.621349 -0.0353321 0.782737 119.096
0.76901 0.0112706 -0.639137 -104.328 0.0116651 0.99943 0.0316594 0.35455 0.63913 -0.031802 0.768441 119.386
0.754141 0.00814246 -0.656662 -104.56 0.0127628 0.999552 0.0270516 0.354656 0.656589 -0.0287816 0.7537 119.658
0.738899 0.00821339 -0.673766 -104.79 0.0098868 0.999686 0.023029 0.354526 0.673744 -0.0236775 0.738586 119.911
0.723276 0.011449 -0.690464 -105.015 0.00455493 0.999762 0.021349 0.355125 0.690544 -0.0185863 0.723052 120.146
0.706728 0.0127225 -0.707371 -105.239 0.00317432 0.999771 0.0211529 0.35631 0.707479 -0.0171948 0.706525 120.363
0.689004 0.0114541 -0.724667 -105.459 0.00607049 0.999749 0.0215738 0.35669 0.724732 -0.0192636 0.688762 120.566
0.670011 0.0112308 -0.742266 -105.678 0.00852895 0.999703 0.0228247 0.357767 0.742302 -0.0216236 0.669717 120.756
0.648745 0.0122148 -0.760908 -105.896 0.00943141 0.999665 0.0240887 0.360089 0.760948 -0.0228039 0.648413 120.933
0.625775 0.01634 -0.779832 -106.115 0.00739257 0.999611 0.0268772 0.363686 0.779969 -0.0225841 0.625411 121.096
0.601967 0.0190727 -0.798293 -106.335 0.00630016 0.99957 0.0286323 0.367381 0.798497 -0.0222651 0.601587 121.247
0.577516 0.0220098 -0.816083 -106.555 0.00524093 0.999516 0.0306658 0.372196 0.816363 -0.0219871 0.57712 121.389
0.552568 0.0239007 -0.833125 -106.777 0.0036881 0.999509 0.0311201 0.378342 0.83346 -0.0202686 0.552208 121.521
0.526645 0.0274108 -0.849643 -106.999 0.000463144 0.99947 0.0325315 0.382824 0.850086 -0.0175261 0.526353 121.643
0.499927 0.0307211 -0.865523 -107.221 -0.000659057 0.999384 0.0350917 0.388988 0.866068 -0.0169729 0.499638 121.756
0.47106 0.0298299 -0.881597 -107.445 0.000344776 0.999422 0.0340008 0.394196 0.882101 -0.0163204 0.470777 121.857
0.439984 0.0272379 -0.897592 -107.668 0.00137378 0.999518 0.0310042 0.398699 0.898005 -0.0148745 0.439734 121.95
0.406053 0.0228503 -0.913564 -107.898 0.00213224 0.999661 0.0259515 0.400523 0.913847 -0.0124856 0.405866 122.035
0.367805 0.0216253 -0.929651 -108.132 0.00383831 0.999685 0.024773 0.402984 0.929895 -0.0126799 0.367606 122.11
0.326717 0.020401 -0.944902 -108.379 0.00469804 0.999719 0.023209 0.404824 0.945111 -0.012022 0.326529 122.178
0.283771 0.0194531 -0.958695 -108.631 0.00579713 0.999741 0.0220019 0.404958 0.958874 -0.0118012 0.283584 122.235
0.237998 0.0172539 -0.971112 -108.899 0.00686594 0.999787 0.019446 0.40699 0.971241 -0.0112957 0.237828 122.284
0.189108 0.0156973 -0.981831 -109.187 0.00793759 0.999815 0.0175136 0.407335 0.981924 -0.0111054 0.188947 122.32
0.139011 0.0153442 -0.990172 -109.488 0.00933812 0.999815 0.0168046 0.407023 0.990247 -0.0115824 0.138842 122.345
0.0871709 0.0162 -0.996062 -109.796 0.0106303 0.999795 0.017191 0.407037 0.996137 -0.012087 0.0869803 122.351
0.0334614 0.0181894 -0.999274 -110.117 0.0147692 0.999716 0.0186919 0.409148 0.999331 -0.015384 0.0331826 122.341
-0.0200529 0.0196475 -0.999606 -110.448 0.0181605 0.999649 0.019284 0.410064 0.999634 -0.0177667 -0.0204033 122.317
-0.0744369 0.0207599 -0.99701 -110.793 0.0216861 0.99958 0.0191943 0.410694 0.99699 -0.0201925 -0.0748565 122.277
-0.12807 0.0218085 -0.991525 -111.146 0.0246936 0.999518 0.0187947 0.411184 0.991457 -0.0220773 -0.128548 122.215
-0.179904 0.023579 -0.983402 -111.508 0.0275801 0.99944 0.018918 0.412916 0.983297 -0.0237189 -0.180454 122.128
-0.230582 0.0243199 -0.972749 -111.882 0.0310036 0.999363 0.0176361 0.417733 0.972559 -0.0260922 -0.23119 122.024
-0.279335 0.0255421 -0.959854 -112.264 0.0356292 0.999233 0.0162212 0.420297 0.959532 -0.0296677 -0.280032 121.899
-0.3264 0.0264887 -0.944861 -112.654 0.0391993 0.999126 0.0144687 0.422711 0.944418 -0.0323153 -0.327153 121.746
-0.372144 0.0275911 -0.927765 -113.06 0.0424307 0.999019 0.0126904 0.421224 0.927204 -0.0346431 -0.37295 121.574
-0.414172 0.0283977 -0.909755 -113.471 0.0449577 0.998931 0.010714 0.419866 0.909087 -0.036463 -0.415007 121.375
-0.454497 0.0292085 -0.890269 -113.892 0.0470955 0.998852 0.0087279 0.41896 0.889502 -0.0379609 -0.455351 121.154
-0.489883 0.029315 -0.871295 -114.313 0.0474978 0.998847 0.00690108 0.41664 0.870493 -0.0380039 -0.490711 120.907
