1 0 0 0 0 1 0 0 0 0 1 0
0.999979 0.000523791 -0.0064007 -0.00822429 -0.000522394 1 0.000219943 -0.00596951 0.00640081 -0.000216595 0.999979 0.0874464
0.999909 0.00123042 -0.0134033 -0.0128076 -0.00122542 0.999999 0.000380615 -0.00826329 0.0134037 -0.000364156 0.99991 0.175674
0.999782 0.00153471 -0.020833 -0.0269865 -0.00153805 0.999999 -0.000144079 -0.0103461 0.0208328 0.00017609 0.999783 0.264472
0.999549 0.00214177 -0.0299373 -0.0449153 -0.00218006 0.999997 -0.00124659 -0.0109352 0.0299346 0.00131129 0.999551 0.354081
0.999143 0.00227365 -0.0413181 -0.0585633 -0.00235258 0.999995 -0.00186171 -0.00723847 0.0413137 0.00195732 0.999144 0.465891
0.998493 0.00196799 -0.0548506 -0.0806473 -0.00209598 0.999995 -0.00227593 -0.00498682 0.0548458 0.00238746 0.998492 0.582936
0.997469 0.00168072 -0.0710861 -0.102298 -0.00184922 0.999996 -0.00230462 -0.00645104 0.071082 0.00243024 0.997467 0.713401
0.995987 0.00106531 -0.0894942 -0.128273 -0.00126012 0.999997 -0.00212031 -0.00584014 0.0894917 0.00222457 0.995985 0.85625
0.994018 0.000102601 -0.109211 -0.154345 -0.000327751 0.999998 -0.00204367 -0.0132304 0.10921 0.00206724 0.994016 1.02308
0.991309 0.000143731 -0.131557 -0.192338 -0.000468367 0.999997 -0.00243671 -0.0158783 0.131556 0.00247715 0.991306 1.1834
0.987848 0.00317952 -0.155392 -0.244966 -0.00366422 0.999989 -0.00283289 -0.0205175 0.155381 0.00336785 0.987849 1.34677
0.983514 0.00716175 -0.180687 -0.302972 -0.00825989 0.999952 -0.00532589 -0.0238789 0.18064 0.00673054 0.983526 1.52995
0.978164 0.00962504 -0.207612 -0.367677 -0.0110311 0.999923 -0.00561588 -0.0273088 0.207542 0.00778344 0.978195 1.72254
0.971541 0.010081 -0.236655 -0.440565 -0.0117688 0.999914 -0.00572023 -0.030227 0.236577 0.00834257 0.971577 1.91079
0.96345 0.0111963 -0.267654 -0.517389 -0.013101 0.9999 -0.00533118 -0.0316834 0.267567 0.00864285 0.9635 2.09519
0.954178 0.0120088 -0.298999 -0.614689 -0.0140909 0.999889 -0.00480843 -0.0328797 0.298908 0.00880126 0.954241 2.29631
0.942947 0.0132036 -0.332681 -0.716569 -0.0153026 0.999876 -0.00368988 -0.0373869 0.332591 0.00857023 0.943032 2.48882
0.930409 0.0154553 -0.366195 -0.82064 -0.017982 0.999832 -0.00348971 -0.0395798 0.36608 0.00983179 0.930531 2.6818
0.916705 0.0174178 -0.399185 -0.950751 -0.0203536 0.999788 -0.00311662 -0.0404737 0.399046 0.0109819 0.916865 2.88515
0.900803 0.0171996 -0.433886 -1.07645 -0.0204726 0.999786 -0.00287145 -0.0340783 0.433744 0.0114694 0.900963 3.08377
0.882628 0.0135396 -0.469877 -1.2005 -0.0170543 0.999849 -0.00322425 -0.033805 0.469763 0.0108592 0.882726 3.28351
0.861706 0.00935994 -0.507321 -1.3448 -0.0133786 0.999901 -0.00427624 -0.0455855 0.507231 0.0104721 0.861747 3.49955
0.837226 0.0099177 -0.546767 -1.49823 -0.013235 0.99991 -0.0021286 -0.0522693 0.546697 0.00901857 0.837282 3.69709
0.808704 0.0147451 -0.588031 -1.68841 -0.0174545 0.999847 0.00106686 -0.0546811 0.587957 0.00940102 0.808838 3.88949
0.776769 0.0170136 -0.629556 -1.8878 -0.0202753 0.999792 0.00200275 -0.0567903 0.629459 0.0112088 0.776953 4.07231
0.741494 0.0157389 -0.670775 -2.0875 -0.0197971 0.999803 0.00157474 -0.0535398 0.670668 0.0121118 0.741659 4.24549
0.702141 0.0125974 -0.711926 -2.31506 -0.0156513 0.999875 0.00225641 -0.0657877 0.711866 0.00955824 0.702251 4.43479
0.660217 0.00923623 -0.751018 -2.54547 -0.0112544 0.999934 0.00240374 -0.0713452 0.750991 0.00686529 0.660277 4.61563
0.616342 0.00850004 -0.787432 -2.78889 -0.00952081 0.999949 0.00334191 -0.0728704 0.787421 0.00543723 0.616392 4.78067
0.568507 0.00839055 -0.822635 -3.07191 -0.0077882 0.999958 0.00481689 -0.0716962 0.822641 0.00366841 0.568549 4.95366
0.518075 0.00924244 -0.855285 -3.3652 -0.0068835 0.999954 0.0066362 -0.0697464 0.855307 0.0024493 0.518115 5.09663
0.466079 0.00960124 -0.884691 -3.659 -0.00609076 0.999952 0.00764335 -0.0703076 0.884722 0.00182603 0.466116 5.22195
0.411198 0.0106388 -0.911483 -3.99947 -0.00578459 0.999942 0.00906164 -0.0677558 0.911528 0.00154643 0.411236 5.35349
0.357099 0.0116111 -0.933994 -4.33562 -0.00520179 0.999932 0.010442 -0.064783 0.934052 0.00112961 0.357136 5.45262
0.301483 0.0128312 -0.953385 -4.71461 -0.00424308 0.999918 0.0121157 -0.0657386 0.953462 0.000392625 0.301513 5.55322
0.247831 0.0134834 -0.968709 -5.09686 -0.00097412 0.999906 0.0136684 -0.0676963 0.968803 -0.00244381 0.247821 5.635
0.197305 0.0140919 -0.980241 -5.47974 0.00049159 0.999895 0.0144734 -0.0786933 0.980342 -0.00333756 0.197277 5.68874
0.14874 0.0144977 -0.98877 -5.91518 -0.00183181 0.999895 0.0143853 -0.0757475 0.988875 -0.000328426 0.148751 5.72368
0.106542 0.0149062 -0.994196 -6.34 -0.00346832 0.999887 0.0146198 -0.0659875 0.994302 0.00189056 0.106582 5.74203
0.067561 0.0139009 -0.997618 -6.80092 -0.00438215 0.999898 0.0136359 -0.0571435 0.997706 0.00345046 0.0676151 5.74779
0.0330259 0.0123522 -0.999378 -7.27179 -0.00368556 0.999918 0.0122371 -0.0535638 0.999448 0.00327913 0.0330688 5.74761
0.00215811 0.0107485 -0.99994 -7.74623 -0.00371249 0.999936 0.0107404 -0.0522092 0.999991 0.00368909 0.00219792 5.73766
-0.0252851 0.00928305 -0.999637 -8.25025 -0.00326786 0.999951 0.00936862 -0.0495452 0.999675 0.00350356 -0.0252535 5.70914
-0.0462487 0.00749682 -0.998901 -8.75396 -0.00391703 0.999963 0.00768614 -0.0474994 0.998922 0.0042682 -0.0462176 5.66818
-0.0638598 0.00690359 -0.997935 -9.28899 -0.00335458 0.999969 0.00713232 -0.0404724 0.997953 0.00380312 -0.0638346 5.62044
-0.0772021 0.00788391 -0.996984 -9.82716 -0.00277566 0.999963 0.0081224 -0.0361646 0.997012 0.00339435 -0.0771773 5.56681
-0.0868289 0.00884259 -0.996184 -10.3804 -0.00250951 0.999956 0.0090948 -0.039944 0.99622 0.00328962 -0.0868029 5.50698
-0.0943773 0.00943137 -0.995491 -10.9611 -0.00338502 0.999946 0.00979449 -0.0483939 0.995531 0.00429413 -0.0943403 5.44331
-0.098795 0.0101476 -0.995056 -11.542 -0.00320606 0.99994 0.0105157 -0.0470308 0.995103 0.00422911 -0.0987565 5.38194
-0.100974 0.0105705 -0.994832 -12.1506 -0.00265073 0.999937 0.0108938 -0.0485005 0.994886 0.00373703 -0.10094 5.31526
-0.100466 0.012295 -0.994864 -12.7663 -4.28372e-05 0.999924 0.0123618 -0.0480543 0.994941 0.00128456 -0.100458 5.25452
-0.0997451 0.0138844 -0.994916 -13.4127 -0.00111815 0.999901 0.014066 -0.040778 0.995013 0.00251549 -0.0997197 5.1836
-0.0982225 0.0139041 -0.995067 -14.0586 -0.00327156 0.999893 0.0142945 -0.0225422 0.995159 0.00465946 -0.0981664 5.1134
-0.096898 0.012679 -0.995213 -14.7244 -0.00681725 0.999887 0.0134023 -0.00860509 0.995271 0.00808328 -0.0968006 5.03775
-0.09585 0.0122593 -0.99532 -15.4123 -0.00770777 0.999885 0.0130577 0.00914127 0.995366 0.00892328 -0.0957445 4.96508
-0.0942372 0.0139619 -0.995451 -16.1051 -0.00884839 0.999851 0.0148612 0.0180381 0.995511 0.0102086 -0.0940996 4.89815
-0.0928358 0.0152355 -0.995564 -16.8381 -0.00914779 0.999828 0.0161538 0.0238558 0.99564 0.0106069 -0.0926804 4.82166
-0.0911036 0.0168483 -0.995698 -17.5575 -0.00815723 0.999811 0.0176643 0.0269649 0.995808 0.00973142 -0.0909489 4.75982
-0.0897184 0.016819 -0.995825 -18.3022 -0.00947162 0.999798 0.0177394 0.03443 0.995922 0.0110236 -0.089541 4.68521
-0.0883574 0.0146772 -0.99598 -19.0598 -0.0110832 0.999815 0.015717 0.038552 0.996027 0.0124274 -0.0881784 4.62347
-0.0868755 0.0143866 -0.996115 -19.8247 -0.0114383 0.999816 0.0154376 0.0494266 0.996154 0.012735 -0.0866949 4.54311
-0.0859193 0.0150454 -0.996188 -20.6179 -0.0114127 0.999806 0.0160844 0.0525031 0.996237 0.0127512 -0.0857308 4.47143
-0.0844883 0.0166129 -0.996286 -21.404 -0.00829901 0.999815 0.0173755 0.038523 0.99639 0.00973621 -0.0843348 4.40013
-0.0841613 0.0174208 -0.996299 -22.2116 -0.00626888 0.999818 0.0180119 0.0372073 0.996433 0.00776158 -0.0840368 4.33356
-0.0838045 0.0141512 -0.996381 -23.0171 -0.00573337 0.999876 0.014683 0.0340382 0.996466 0.00694312 -0.0837129 4.26391
-0.0832998 0.00917125 -0.996482 -23.8154 -0.00520538 0.99994 0.00963821 0.0309844 0.996511 0.00598992 -0.0832471 4.19076
-0.0838888 0.00863984 -0.996437 -24.6319 -0.00577446 0.999942 0.00915636 0.0456247 0.996459 0.006522 -0.083834 4.1265
-0.0846879 0.00911355 -0.996366 -25.446 -0.0059339 0.999936 0.00965056 0.0501769 0.99639 0.00672962 -0.0846284 4.05152
-0.0854271 0.0145785 -0.996237 -26.2848 -0.00700466 0.99986 0.0152321 0.0689517 0.99632 0.00827955 -0.085313 3.97485
-0.085889 0.0213453 -0.996076 -27.132 -0.00857868 0.999718 0.0221631 0.0700243 0.996268 0.0104486 -0.0856817 3.89826
-0.085551 0.0260347 -0.995993 -27.9477 -0.0107993 0.999576 0.027056 0.0617333 0.996275 0.0130707 -0.0852335 3.81457
-0.0866866 0.0257509 -0.995902 -28.7888 -0.0110965 0.999579 0.0268118 0.0724346 0.996174 0.0133752 -0.0863643 3.7438
-0.0866349 0.0242846 -0.995944 -29.614 -0.0115301 0.999612 0.025377 0.0827951 0.996174 0.0136818 -0.0863212 3.67218
-0.0885169 0.022624 -0.995817 -30.443 -0.012389 0.99964 0.023812 0.0928604 0.995998 0.0144449 -0.0882048 3.59688
-0.0892335 0.0229413 -0.995746 -31.281 -0.012968 0.999623 0.0241928 0.109723 0.995926 0.0150716 -0.0889024 3.51699
-0.088837 0.0238488 -0.99576 -32.1129 -0.0133872 0.999595 0.025135 0.107631 0.995956 0.0155634 -0.0884817 3.43978
-0.0896754 0.0230741 -0.995703 -32.9364 -0.0136988 0.999609 0.0243983 0.107235 0.995877 0.0158279 -0.0893243 3.36592
-0.0888699 0.0185443 -0.99587 -33.7422 -0.0160827 0.99967 0.0200503 0.12382 0.995913 0.0177982 -0.0885423 3.28407
-0.089673 0.016892 -0.995828 -34.5689 -0.0193626 0.999638 0.0187002 0.151059 0.995783 0.0209588 -0.0893134 3.2006
-0.0898916 0.0167353 -0.995811 -35.3957 -0.0188941 0.99965 0.0185053 0.146393 0.995772 0.0204784 -0.089544 3.11932
-0.0894343 0.0183349 -0.995824 -36.2139 -0.0176362 0.999645 0.0199892 0.139796 0.995837 0.0193503 -0.0890791 3.04769
-0.0916774 0.0208994 -0.995569 -37.0347 -0.0157211 0.999625 0.0224322 0.13411 0.995665 0.017708 -0.0913145 2.96286
-0.0906169 0.0254325 -0.995561 -37.8466 -0.0120116 0.999573 0.0266283 0.143181 0.995813 0.0143713 -0.0902727 2.8826
-0.0922317 0.0266161 -0.995382 -38.681 -0.0117482 0.999544 0.027816 0.119863 0.995668 0.0142594 -0.091877 2.78807
-0.0926397 0.0264915 -0.995347 -39.5071 -0.00944542 0.999578 0.0274832 0.118716 0.995655 0.0119475 -0.0923504 2.70379
-0.0925049 0.0227601 -0.995452 -40.3277 -0.0115411 0.999647 0.0239286 0.132448 0.995645 0.0137021 -0.0922095 2.62178
-0.09333 0.0193173 -0.995448 -41.1574 -0.0146698 0.999677 0.0207748 0.151998 0.995527 0.0165419 -0.0930165 2.53484
-0.0936473 0.0170395 -0.995459 -41.9781 -0.017826 0.999665 0.0187884 0.159129 0.995446 0.0195046 -0.0933122 2.4487
-0.094982 0.0151202 -0.995364 -42.8101 -0.0194235 0.999666 0.017039 0.162305 0.995289 0.0209518 -0.0946566 2.35551
-0.0965815 0.0137144 -0.99523 -43.6308 -0.0159871 0.999755 0.0153282 0.16508 0.995197 0.0173913 -0.0963386 2.26977
-0.0978492 0.0108415 -0.995142 -44.439 -0.0155157 0.999803 0.0124179 0.171943 0.99508 0.0166554 -0.0976617 2.19074
-0.0998431 0.0104248 -0.994948 -45.2613 -0.0135583 0.999838 0.0118366 0.173151 0.994911 0.0146716 -0.0996856 2.11456
-0.101782 0.0127168 -0.994725 -46.0761 -0.0128058 0.999819 0.0140922 0.180706 0.994724 0.0141726 -0.1016 2.02828
-0.104153 0.0182772 -0.994393 -46.9057 -0.0101915 0.999759 0.0194433 0.183992 0.994509 0.0121594 -0.103942 1.94109
-0.106423 0.0212166 -0.994094 -47.7286 -0.00791103 0.999723 0.0221836 0.188752 0.994289 0.0102252 -0.106226 1.85134
-0.107732 0.020837 -0.993961 -48.5418 -0.00809216 0.999729 0.021835 0.195583 0.994147 0.0103956 -0.107534 1.75765
-0.10988 0.0175475 -0.99379 -49.3476 -0.00968318 0.999778 0.0187238 0.19777 0.993898 0.0116804 -0.109685 1.66089
-0.111334 0.0147366 -0.993673 -50.1451 -0.0136918 0.999773 0.0163612 0.199893 0.993689 0.0154267 -0.111107 1.55669
-0.112326 0.0135854 -0.993578 -50.9399 -0.0164063 0.999745 0.0155245 0.214148 0.993536 0.0180447 -0.112075 1.4545
-0.114558 0.0136594 -0.993322 -51.7306 -0.0178958 0.999715 0.0158112 0.227205 0.993255 0.0195876 -0.114281 1.35564
-0.115457 0.0141924 -0.993211 -52.5044 -0.0172365 0.999719 0.0162891 0.225721 0.993163 0.0190002 -0.11518 1.26221
-0.117751 0.0138648 -0.992946 -53.2805 -0.0176452 0.999716 0.0160518 0.22474 0.992886 0.0194109 -0.117473 1.16572
-0.118701 0.0139004 -0.992832 -54.0476 -0.0179478 0.999709 0.0161425 0.233648 0.992768 0.0197353 -0.118417 1.07298
-0.119052 0.0146422 -0.99278 -54.8174 -0.0167316 0.99972 0.0167509 0.233164 0.992747 0.018605 -0.118774 0.983763
-0.120471 0.0178853 -0.992555 -55.5872 -0.014673 0.999697 0.0197949 0.234211 0.992608 0.0169485 -0.120172 0.890686
-0.119895 0.0203787 -0.992577 -56.3455 -0.0151941 0.999635 0.0223589 0.247266 0.99267 0.017762 -0.119541 0.798974
-0.121436 0.0217132 -0.992361 -57.1175 -0.0152108 0.999603 0.023733 0.246715 0.992482 0.0179767 -0.121058 0.704006
-0.122196 0.0216969 -0.992268 -57.8638 -0.0156811 0.999594 0.0237882 0.253899 0.992382 0.0184667 -0.121806 0.608097
-0.121997 0.0212702 -0.992302 -58.6045 -0.0119014 0.999667 0.0228912 0.242148 0.992459 0.0146024 -0.121703 0.516343
-0.124389 0.0185862 -0.992059 -59.3392 -0.0107508 0.999741 0.020078 0.236177 0.992175 0.0131629 -0.124157 0.417054
-0.12381 0.0162709 -0.992172 -60.0554 -0.00943008 0.999801 0.0175727 0.231916 0.992261 0.0115319 -0.123632 0.324607
-0.123605 0.0146491 -0.992223 -60.7534 -0.0100388 0.999822 0.0160118 0.224546 0.99228 0.0119399 -0.123436 0.228306
-0.121849 0.0141744 -0.992447 -61.4358 -0.0116153 0.99981 0.0157056 0.226081 0.99248 0.0134413 -0.121661 0.13342
-0.118046 0.0144655 -0.992902 -62.0975 -0.013056 0.999785 0.016118 0.233644 0.992922 0.014866 -0.117832 0.0498979
-0.113249 0.0158399 -0.99344 -62.7634 -0.0123108 0.999774 0.0173443 0.233536 0.99349 0.0141943 -0.113028 -0.0230319
-0.106377 0.016795 -0.994184 -63.3992 -0.0128299 0.999751 0.0182618 0.236811 0.994243 0.014698 -0.106135 -0.0943164
-0.0981565 0.0181155 -0.995006 -64.0411 -0.0139839 0.999711 0.0195806 0.237808 0.995072 0.015836 -0.0978747 -0.162045
-0.086755 0.0195067 -0.996038 -64.6602 -0.0153659 0.999663 0.020916 0.234731 0.996111 0.0171196 -0.086426 -0.223685
-0.0726352 0.0212134 -0.997133 -65.2593 -0.0168581 0.999605 0.022494 0.239011 0.997216 0.0184436 -0.0722488 -0.270044
-0.0548411 0.0218917 -0.998255 -65.8456 -0.0174844 0.999586 0.0228815 0.235785 0.998342 0.0187087 -0.0544356 -0.307193
-0.0333314 0.0228729 -0.999182 -66.4013 -0.017856 0.999565 0.0234774 0.242358 0.999285 0.018624 -0.0329084 -0.324343
-0.00830389 0.0232672 -0.999694 -66.9569 -0.0173102 0.999577 0.0234083 0.246813 0.999815 0.0174993 -0.00789755 -0.32303
0.0205586 0.0236816 -0.999508 -67.4721 -0.0166403 0.999589 0.0233412 0.245619 0.99965 0.0161522 0.0209443 -0.312715
0.0542582 0.0241969 -0.998233 -67.9754 -0.0156376 0.999605 0.0233802 0.244435 0.998404 0.0143414 0.0546152 -0.274834
0.0911431 0.0245328 -0.995535 -68.4547 -0.01483 0.999619 0.0232757 0.243287 0.995727 0.0126424 0.0914722 -0.217358
0.13088 0.0247584 -0.991089 -68.9129 -0.0136849 0.999638 0.0231648 0.242784 0.991303 0.0105311 0.131172 -0.130619
0.175455 0.0253959 -0.98416 -69.363 -0.0137623 0.999633 0.0233417 0.250793 0.984391 0.00944889 0.17574 -0.0376314
0.222473 0.0247898 -0.974623 -69.7952 -0.010914 0.999678 0.0229357 0.259334 0.974877 0.00553451 0.222672 0.0961137
0.271982 0.0221287 -0.962048 -70.219 -0.00678812 0.999755 0.0210769 0.260344 0.962278 0.000797967 0.272066 0.251974
0.322505 0.0188395 -0.94638 -70.6251 -0.00294277 0.999817 0.0189005 0.268981 0.946563 -0.00331049 0.322501 0.437335
0.374844 0.0161403 -0.926947 -71.0152 0.000386224 0.999846 0.0175658 0.272878 0.927087 -0.00694245 0.37478 0.628211
0.425773 0.0160208 -0.904688 -71.4077 0.00113873 0.999833 0.0182416 0.278986 0.904829 -0.00879696 0.425683 0.854364
0.474612 0.0143288 -0.880078 -71.7809 0.00364173 0.999827 0.0182424 0.291577 0.880187 -0.0118631 0.474478 1.08721
0.52018 0.0112491 -0.853982 -72.1275 0.00931046 0.999779 0.0188408 0.297874 0.854005 -0.0177515 0.51996 1.34488
0.564648 0.00736359 -0.825299 -72.4643 0.0182906 0.999603 0.0214328 0.290359 0.825129 -0.0271972 0.564289 1.63893
0.608126 0.0033656 -0.793833 -72.7788 0.0195563 0.999624 0.0192194 0.295548 0.793599 -0.0272123 0.607831 1.91591
0.650807 -0.000797519 -0.759242 -73.0905 0.0173375 0.999755 0.0138112 0.297105 0.759044 -0.0221518 0.650661 2.2143
0.692689 -0.00666169 -0.721205 -73.3838 0.0138652 0.999896 0.00408104 0.297727 0.721102 -0.0128265 0.692709 2.52038
0.733663 -0.0101931 -0.679436 -73.6816 0.010352 0.999939 -0.00382311 0.304859 0.679433 -0.00422862 0.733724 2.86835
0.772866 -0.0106003 -0.634481 -73.9657 0.00920592 0.999943 -0.00549229 0.308892 0.634502 -0.00159615 0.772919 3.24329
0.80896 -0.011466 -0.587751 -74.231 0.0096264 0.999934 -0.00625749 0.298668 0.587784 -0.000595836 0.809017 3.64756
0.841973 -0.0108837 -0.53941 -74.4919 0.00770391 0.999937 -0.00815066 0.307674 0.539465 0.00270709 0.842003 4.08634
0.870186 -0.00919933 -0.492638 -74.7287 0.0071287 0.999956 -0.00608081 0.291181 0.492672 0.00177959 0.870213 4.54439
0.893848 -0.00486889 -0.448343 -74.9706 0.00314082 0.999985 -0.0045978 0.297639 0.448358 0.00270158 0.893849 5.03752
0.913003 -0.000853904 -0.407952 -75.1879 -0.0019269 0.999978 -0.00640553 0.301578 0.407948 0.00663436 0.912981 5.53165
0.92827 0.00293713 -0.371894 -75.3995 -0.00516322 0.999975 -0.00499016 0.299867 0.371869 0.0065524 0.928261 6.06875
0.940167 0.00357239 -0.340695 -75.5932 -0.00508681 0.999981 -0.00355192 0.293295 0.340675 0.00507247 0.940167 6.62715
0.948457 0.00357466 -0.316885 -75.7756 -0.00462325 0.999986 -0.00255722 0.284525 0.316871 0.00389047 0.94846 7.18856
0.955456 0.00449628 -0.295097 -75.9538 -0.00505318 0.999987 -0.0011246 0.279629 0.295088 0.0025657 0.955466 7.78807
0.960867 0.00615888 -0.276941 -76.1247 -0.00600597 0.999981 0.00140041 0.271977 0.276944 0.000317707 0.960886 8.39999
0.965056 0.00971876 -0.261863 -76.3033 -0.00926766 0.999953 0.00295765 0.269688 0.261879 -0.000427426 0.9651 9.02339
0.968843 0.0126418 -0.247353 -76.4771 -0.0120444 0.99992 0.00392811 0.270102 0.247383 -0.00082649 0.968917 9.66612
0.971923 0.0126111 -0.234961 -76.6333 -0.011901 0.99992 0.00443999 0.256049 0.234997 -0.00151904 0.971994 10.3165
0.97516 0.012921 -0.221125 -76.7816 -0.0122432 0.999915 0.00443537 0.253547 0.221163 -0.0016179 0.975235 10.9875
0.978547 0.0141426 -0.205536 -76.9313 -0.0132803 0.999897 0.00557415 0.250474 0.205593 -0.00272497 0.978633 11.6848
0.981292 0.015115 -0.19193 -77.0728 -0.0143071 0.999882 0.00559478 0.25604 0.191991 -0.00274414 0.981392 12.389
0.983842 0.0159306 -0.178327 -77.2036 -0.015546 0.999873 0.00355398 0.247 0.178361 -0.000724263 0.983965 13.1099
0.985773 0.0169103 -0.167228 -77.3312 -0.0172684 0.999851 -0.000687793 0.240733 0.16719 0.00356578 0.985918 13.8318
0.987597 0.0174091 -0.156044 -77.4543 -0.0186038 0.999808 -0.00619863 0.229002 0.155905 0.00902476 0.98773 14.5856
0.989025 0.0184683 -0.14659 -77.5726 -0.0195766 0.99979 -0.0061213 0.219004 0.146445 0.00892385 0.989178 15.348
0.989951 0.0178735 -0.140279 -77.6825 -0.0184009 0.999828 -0.0024634 0.219542 0.14021 0.00501992 0.990109 16.1018
0.990698 0.0228334 -0.134147 -77.8043 -0.0223979 0.999738 0.00475506 0.224014 0.13422 -0.0017062 0.99095 16.8697
0.991466 0.0237318 -0.128185 -77.9212 -0.0229951 0.99971 0.00722434 0.22673 0.128318 -0.00421507 0.991724 17.6605
0.991924 0.0240453 -0.124529 -78.0169 -0.0233515 0.999703 0.00702795 0.213983 0.12466 -0.00406324 0.992191 18.4179
0.992491 0.024476 -0.119843 -78.1225 -0.0239136 0.999696 0.00612931 0.212151 0.119956 -0.00321741 0.992774 19.1932
0.992842 0.0239498 -0.117009 -78.2091 -0.023155 0.999699 0.00814702 0.202887 0.117169 -0.00537934 0.993097 19.9523
0.993248 0.0227662 -0.113759 -78.2997 -0.0217337 0.999711 0.0103078 0.206869 0.11396 -0.00776581 0.993455 20.7233
0.993709 0.0211366 -0.109983 -78.3877 -0.0200176 0.999736 0.0112683 0.205778 0.110192 -0.00899583 0.993869 21.4906
0.993963 0.0212715 -0.107631 -78.4704 -0.020455 0.999753 0.00868455 0.203904 0.107789 -0.00643051 0.994153 22.2335
0.994103 0.024461 -0.105647 -78.5659 -0.0243848 0.999701 0.00201359 0.193269 0.105664 0.000574462 0.994401 22.9963
0.99437 0.0244245 -0.103104 -78.6528 -0.0249376 0.999683 -0.00369061 0.190276 0.10298 0.006241 0.994664 23.7499
0.994558 0.0247884 -0.10119 -78.7401 -0.0256094 0.999649 -0.00682256 0.183671 0.100984 0.00937684 0.994844 24.4967
0.994813 0.0267025 -0.098148 -78.8282 -0.0272996 0.999616 -0.00474598 0.167561 0.0979831 0.00740077 0.99516 25.2601
0.995048 0.0277508 -0.0954368 -78.9079 -0.0280811 0.999604 -0.00211909 0.169974 0.0953395 0.00478857 0.995433 26.0143
0.995222 0.0319597 -0.0922537 -78.9914 -0.0319225 0.999489 0.00187914 0.156115 0.0922661 0.00107481 0.995734 26.755
0.995499 0.029477 -0.0900679 -79.064 -0.0293023 0.999566 0.00326219 0.145009 0.0901243 -0.000608305 0.99593 27.5197
0.995671 0.0265321 -0.0890758 -79.1276 -0.026319 0.999648 0.00356718 0.144725 0.0891385 -0.00120735 0.996018 28.2726
0.995868 0.0241955 -0.0875243 -79.2008 -0.0239827 0.999707 0.00348273 0.138162 0.0875823 -0.00136926 0.996156 29.0299
0.995911 0.0238827 -0.0871288 -79.2725 -0.0237663 0.999715 0.00237372 0.14839 0.0871601 -0.000293277 0.996194 29.786
0.995971 0.0241512 -0.0863568 -79.3441 -0.0239924 0.999708 0.00287728 0.145209 0.0864005 -0.000793777 0.99626 30.5419
0.996073 0.0238693 -0.0852535 -79.4149 -0.0237144 0.999715 0.00283027 0.141533 0.0852962 -0.000797412 0.996355 31.2976
0.995986 0.0257485 -0.0857281 -79.4866 -0.025702 0.999669 0.00164641 0.127515 0.0857415 0.00056359 0.996317 32.0792
0.995972 0.0251978 -0.0860453 -79.5577 -0.0251447 0.999683 0.00170154 0.109042 0.0860603 0.000468903 0.99629 32.836
0.995907 0.0244031 -0.0870226 -79.6288 -0.0243487 0.999702 0.00168741 0.102868 0.0870373 0.000438389 0.996205 33.6014
0.995629 0.0235224 -0.0903796 -79.7048 -0.023421 0.999724 0.00218263 0.0903166 0.0904054 -5.62978e-05 0.995905 34.3774
0.995392 0.0231425 -0.0930529 -79.7825 -0.023078 0.999732 0.00176927 0.0780268 0.0930684 0.000386369 0.99566 35.152
0.994971 0.0265013 -0.096596 -79.8764 -0.026436 0.999649 0.00195576 0.0759783 0.0966134 0.000607693 0.995322 35.9396
0.994678 0.0270572 -0.099416 -79.9619 -0.0272453 0.999629 -0.000534347 0.0696743 0.099364 0.00324013 0.995046 36.7344
0.99441 0.027825 -0.101855 -80.0478 -0.0283032 0.999594 -0.00325168 0.0595453 0.101722 0.00611632 0.994794 37.5161
0.994079 0.0280342 -0.104976 -80.1425 -0.0286681 0.999579 -0.00453456 0.0600728 0.104804 0.00751719 0.994464 38.3259
0.993907 0.0274728 -0.106737 -80.2321 -0.0280136 0.999601 -0.00357031 0.0555725 0.106596 0.00653865 0.994281 39.1289
0.993661 0.0269637 -0.109133 -80.3238 -0.0274583 0.999619 -0.00303141 0.0414453 0.109009 0.00600882 0.994022 39.9631
0.993428 0.0278419 -0.111022 -80.4205 -0.0282686 0.999598 -0.00227078 0.0237015 0.110913 0.00539429 0.993815 40.792
0.993361 0.0273243 -0.111742 -80.4993 -0.027461 0.999623 0.000315867 0.0203247 0.111708 0.00275479 0.993737 41.6058
0.993174 0.0264664 -0.113593 -80.5968 -0.0260764 0.999648 0.00491805 0.00519389 0.113683 -0.00192237 0.993515 42.4582
0.993257 0.0258525 -0.113012 -80.6991 -0.0252285 0.999658 0.00694859 -0.00134571 0.113153 -0.00405059 0.993569 43.3051
0.993485 0.0287269 -0.110277 -80.7927 -0.0281731 0.999582 0.006578 -0.00373357 0.11042 -0.00342829 0.993879 44.1521
0.993578 0.0293867 -0.109266 -80.8917 -0.0288933 0.999564 0.00609657 0.0107289 0.109397 -0.00290036 0.993994 45.0165
0.993926 0.0281794 -0.106376 -80.9827 -0.027893 0.999602 0.00417904 0.00100672 0.106451 -0.0011865 0.994317 45.8784
0.994199 0.0239489 -0.104854 -81.0785 -0.0236651 0.999712 0.00395063 -0.0141297 0.104918 -0.00144633 0.99448 46.7521
0.994398 0.0229848 -0.103169 -81.1713 -0.0227138 0.999735 0.00380138 -0.0202327 0.103229 -0.00143672 0.994657 47.618
0.994686 0.0195669 -0.101079 -81.2701 -0.0191273 0.999803 0.0053168 -0.0164606 0.101162 -0.00335517 0.994864 48.494
0.994731 0.0173151 -0.101047 -81.3489 -0.0166694 0.999835 0.00723064 -0.0190839 0.101155 -0.00550814 0.994855 49.3673
0.994938 0.014815 -0.099392 -81.431 -0.0140721 0.999868 0.00817134 -0.0299881 0.0994993 -0.00673131 0.995015 50.248
0.994876 0.0149504 -0.0999851 -81.5324 -0.0144608 0.99988 0.00562039 -0.0297236 0.100056 -0.00414572 0.994973 51.1023
0.994905 0.0171488 -0.0993411 -81.6243 -0.0172017 0.999852 0.000324608 -0.0340974 0.0993314 0.00138589 0.995053 51.9476
0.995084 0.0170258 -0.097557 -81.7106 -0.0174476 0.999842 -0.0034719 -0.0470584 0.0974819 0.00515698 0.995224 52.8052
0.994989 0.0209009 -0.0977679 -81.798 -0.0218116 0.999728 -0.00825494 -0.0660964 0.0975682 0.0103461 0.995175 53.6628
0.995208 0.0201219 -0.0956871 -81.8848 -0.0210317 0.999743 -0.0085086 -0.076931 0.0954907 0.0104803 0.995375 54.5213
0.995219 0.0181147 -0.095971 -81.9669 -0.018468 0.999826 -0.00279445 -0.0968307 0.095903 0.00455349 0.99538 55.3709
0.995321 0.0148445 -0.095471 -82.0537 -0.0143349 0.999879 0.00602212 -0.106661 0.0955482 -0.00462537 0.995414 56.2395
0.995393 0.0112548 -0.0952168 -82.1417 -0.01024 0.999886 0.0111396 -0.110343 0.0953307 -0.0101132 0.995394 57.1033
0.995125 0.0104349 -0.0980616 -82.2265 -0.00948695 0.999904 0.0101282 -0.119391 0.0981573 -0.00914847 0.995129 57.9379
0.995132 0.0052544 -0.0984051 -82.3059 -0.0046064 0.999966 0.00681119 -0.126016 0.098437 -0.00632473 0.995123 58.7892
0.994886 0.00585142 -0.100827 -82.398 -0.00529852 0.99997 0.00575071 -0.12333 0.100857 -0.00518705 0.994887 59.6136
0.994727 0.00656689 -0.102342 -82.4867 -0.00620615 0.999973 0.003843 -0.123532 0.102364 -0.00318756 0.994742 60.4354
0.994465 0.00953296 -0.10463 -82.5861 -0.00939038 0.999954 0.00185544 -0.124946 0.104642 -0.000862643 0.994509 61.2529
0.994011 0.0103991 -0.108778 -82.6843 -0.010561 0.999944 -0.000912977 -0.133816 0.108762 0.00205633 0.994066 62.043
0.993712 0.0129975 -0.111211 -82.7831 -0.0134658 0.999904 -0.00346041 -0.149972 0.111155 0.00493621 0.993791 62.8549
0.993285 0.0178002 -0.114316 -82.8933 -0.0184094 0.999822 -0.0042748 -0.173777 0.114218 0.00635058 0.993435 63.6519
0.992844 0.0221883 -0.117335 -82.9941 -0.0226648 0.99974 -0.00272806 -0.203345 0.117243 0.00536791 0.993088 64.458
0.992463 0.025649 -0.119831 -83.0927 -0.0257072 0.999669 0.00106058 -0.225409 0.119818 0.00202794 0.992794 65.2782
0.99187 0.0263594 -0.124493 -83.1978 -0.0256814 0.999645 0.00704809 -0.24079 0.124634 -0.00379362 0.992195 66.0676
0.9915 0.0275215 -0.127163 -83.2837 -0.026355 0.999594 0.0108468 -0.254616 0.12741 -0.00740321 0.991822 66.8719
0.990571 0.0294654 -0.133788 -83.3952 -0.0281565 0.999536 0.0116658 -0.26163 0.134069 -0.00778879 0.990941 67.6403
0.989886 0.0262777 -0.13941 -83.5034 -0.0244514 0.999592 0.0147972 -0.261155 0.139741 -0.0112387 0.990124 68.4251
0.988968 0.029158 -0.145229 -83.6171 -0.0272032 0.999511 0.015428 -0.270835 0.145608 -0.0113071 0.989278 69.2105
0.987906 0.0331598 -0.151466 -83.7518 -0.0313719 0.999407 0.0141796 -0.268341 0.151846 -0.0092563 0.988361 69.9712
0.987132 0.0341219 -0.156222 -83.8876 -0.032833 0.999402 0.0108248 -0.261205 0.156497 -0.00555626 0.987663 70.7346
0.986412 0.0360654 -0.160282 -84.0181 -0.0351059 0.999345 0.00881486 -0.263575 0.160495 -0.00306823 0.987032 71.5066
0.985382 0.0383118 -0.165992 -84.1553 -0.0374141 0.999263 0.00853288 -0.271143 0.166196 -0.00219769 0.98609 72.2626
0.984818 0.0396881 -0.168988 -84.2902 -0.0381407 0.999196 0.0123947 -0.268768 0.169344 -0.00576122 0.98554 73.0247
0.983777 0.0413812 -0.174556 -84.4375 -0.0390353 0.999096 0.0168527 -0.260835 0.175095 -0.00976548 0.984503 73.787
0.982729 0.0374717 -0.181214 -84.59 -0.0346987 0.999228 0.0184498 -0.252066 0.181765 -0.0118433 0.98327 74.5491
0.981597 0.0362307 -0.187495 -84.7338 -0.0339335 0.999305 0.0154483 -0.248662 0.187923 -0.00880168 0.982144 75.293
0.979974 0.0358438 -0.195873 -84.8899 -0.0347234 0.999355 0.00915231 -0.249644 0.196074 -0.00216765 0.980586 76.0411
0.978413 0.0335206 -0.203922 -85.0569 -0.0329257 0.999438 0.00631062 -0.251665 0.204018 0.000539872 0.978967 76.7854
0.976121 0.0310513 -0.214995 -85.2162 -0.0298309 0.999515 0.00891974 -0.265246 0.215167 -0.00229326 0.976574 77.5192
0.973582 0.0337262 -0.22583 -85.4019 -0.0312324 0.999406 0.0146075 -0.268804 0.226188 -0.0071684 0.974057 78.2646
0.971003 0.0340075 -0.236635 -85.5837 -0.0297665 0.999326 0.0214727 -0.255725 0.237205 -0.0138063 0.971361 78.9894
0.968213 0.0314579 -0.24814 -85.7808 -0.0259275 0.999338 0.0255251 -0.271421 0.248778 -0.0182801 0.968388 79.7226
0.965448 0.0341344 -0.25835 -85.9875 -0.0293941 0.999322 0.0221902 -0.260004 0.258931 -0.0138296 0.965796 80.4401
0.96201 0.0328245 -0.271033 -86.1903 -0.0300695 0.999445 0.0143127 -0.250844 0.271352 -0.00561913 0.962464 81.1421
0.959013 0.0287308 -0.281902 -86.4 -0.0268016 0.999584 0.0106979 -0.244377 0.282091 -0.00270399 0.959384 81.8427
0.955884 0.0271584 -0.292484 -86.6302 -0.0243076 0.999615 0.0133776 -0.23278 0.292734 -0.00567786 0.956177 82.563
0.952191 0.0266228 -0.304339 -86.8604 -0.0214154 0.999562 0.0204362 -0.233138 0.304749 -0.0129416 0.952344 83.2671
0.94853 0.0240777 -0.31577 -87.0939 -0.0171282 0.999547 0.0247657 -0.239461 0.316222 -0.0180824 0.948513 83.9572
0.944853 0.0227633 -0.3267 -87.3288 -0.015668 0.999581 0.0243335 -0.246962 0.327117 -0.0178728 0.944815 84.6237
0.940496 0.0215403 -0.339121 -87.5876 -0.015193 0.999657 0.0213612 -0.256721 0.339464 -0.0149378 0.9405 85.3108
0.937556 0.0191921 -0.347303 -87.8359 -0.0143338 0.99976 0.0165528 -0.250535 0.347537 -0.010541 0.937607 85.9772
0.934319 0.016481 -0.356057 -88.0956 -0.0129407 0.99984 0.0123231 -0.257283 0.356203 -0.00690606 0.934383 86.6594
0.931091 0.0183045 -0.364327 -88.3738 -0.0155554 0.999824 0.0104791 -0.270261 0.364454 -0.0040897 0.931212 87.3366
0.928252 0.0204704 -0.371388 -88.6599 -0.0178256 0.999786 0.0105535 -0.269557 0.371524 -0.00317606 0.928418 88.0163
0.924243 0.0214781 -0.381199 -88.9419 -0.0178254 0.999755 0.013111 -0.273956 0.381387 -0.00532275 0.9244 88.6971
0.920819 0.022453 -0.389342 -89.2278 -0.016226 0.999683 0.0192754 -0.25829 0.389651 -0.0114317 0.920891 89.3685
0.91745 0.0254991 -0.397033 -89.5365 -0.0161618 0.999509 0.0268466 -0.260191 0.397522 -0.0182136 0.917412 90.064
0.914312 0.0311515 -0.403809 -89.8509 -0.0202389 0.999306 0.0312652 -0.239631 0.404503 -0.0204135 0.914309 90.7425
0.911896 0.0366869 -0.408778 -90.1692 -0.027067 0.999205 0.0292959 -0.237346 0.409527 -0.0156504 0.912164 91.4171
0.909136 0.0380972 -0.414753 -90.5033 -0.0313592 0.999243 0.0230465 -0.236643 0.415316 -0.00794605 0.909642 92.1095
0.907394 0.0342976 -0.418878 -90.8071 -0.03001 0.999408 0.0168224 -0.250305 0.419207 -0.00269398 0.907886 92.7872
0.905183 0.0358892 -0.423502 -91.1386 -0.0319226 0.999355 0.0164588 -0.23844 0.423819 -0.00137892 0.905745 93.4781
0.90273 0.0409149 -0.428256 -91.4907 -0.0360543 0.999161 0.0194587 -0.207896 0.428692 -0.00212551 0.903448 94.1753
0.900702 0.0423067 -0.432371 -91.8271 -0.0357719 0.99909 0.0232401 -0.213662 0.43296 -0.00546572 0.901396 94.8672
0.897928 0.0411295 -0.438216 -92.1704 -0.0346064 0.99914 0.0228656 -0.197164 0.438778 -0.0053666 0.898579 95.5673
0.895834 0.0421134 -0.442387 -92.5185 -0.037893 0.999113 0.0183781 -0.181573 0.442768 0.000299576 0.896636 96.248
0.892975 0.0391912 -0.448396 -92.8711 -0.0370022 0.999222 0.013646 -0.184952 0.448581 0.00440609 0.893731 96.919
0.890615 0.0392785 -0.453058 -93.2344 -0.0376063 0.999212 0.0127023 -0.180142 0.453199 0.00572497 0.891391 97.601
0.88877 0.0404324 -0.456565 -93.5964 -0.037521 0.999177 0.0154449 -0.183567 0.456813 0.00340383 0.889556 98.2904
0.886273 0.0439926 -0.461069 -93.9673 -0.0404948 0.999027 0.017482 -0.18909 0.461389 0.00317703 0.887192 98.9778
0.883593 0.0456636 -0.466022 -94.3359 -0.0419122 0.998952 0.0184163 -0.194435 0.466374 0.00325951 0.884581 99.6694
0.881083 0.0458167 -0.470737 -94.6911 -0.0418264 0.998946 0.0189404 -0.188863 0.471108 0.0030012 0.88207 100.339
0.878968 0.0436975 -0.474873 -95.0478 -0.0398566 0.999041 0.0181583 -0.18616 0.47521 0.00296622 0.879867 100.986
0.877212 0.0418374 -0.478277 -95.4009 -0.0373337 0.999124 0.0189247 -0.177547 0.478649 0.00125492 0.878005 101.624
0.874691 0.0427927 -0.482788 -95.7803 -0.0380587 0.999084 0.0196028 -0.184163 0.483184 0.00122791 0.875518 102.292
0.872437 0.0433797 -0.486798 -96.1449 -0.0385415 0.999058 0.0199547 -0.185535 0.487205 0.0013527 0.873286 102.94
0.869992 0.0408606 -0.491369 -96.5193 -0.0372742 0.999159 0.0170911 -0.191263 0.491654 0.00344632 0.870784 103.593
0.867741 0.0380175 -0.49556 -96.8924 -0.0366145 0.999251 0.0125457 -0.190686 0.495665 0.00725823 0.868483 104.232
0.865819 0.0362711 -0.499041 -97.2563 -0.0353865 0.999311 0.0112373 -0.199022 0.499104 0.00792989 0.866505 104.86
0.863572 0.0381379 -0.50278 -97.6347 -0.0359192 0.999256 0.014103 -0.193979 0.502943 0.0058805 0.864299 105.504
0.861558 0.0400528 -0.506077 -98.0122 -0.0341798 0.999198 0.0208917 -0.185575 0.506507 -0.000701823 0.862235 106.135
0.86033 0.0418863 -0.508013 -98.3727 -0.0317315 0.999086 0.0286379 -0.181013 0.508748 -0.00851806 0.860873 106.755
0.858544 0.0400136 -0.511176 -98.741 -0.0270373 0.999097 0.0327966 -0.176168 0.512026 -0.0143365 0.85885 107.378
0.857328 0.0367 -0.51346 -99.0932 -0.023186 0.999197 0.0327047 -0.173232 0.514247 -0.0161335 0.85749 107.971
0.855456 0.0355358 -0.516656 -99.4567 -0.0234068 0.999277 0.0299747 -0.171092 0.517346 -0.0135488 0.855669 108.558
0.853741 0.0336806 -0.519608 -99.8044 -0.0225158 0.999361 0.0277834 -0.155865 0.520211 -0.0120204 0.853953 109.135
0.852326 0.0327654 -0.521983 -100.151 -0.0215686 0.999389 0.0275142 -0.146577 0.522565 -0.0121926 0.852512 109.689
0.850838 0.0318025 -0.524465 -100.483 -0.0205096 0.999417 0.0273301 -0.142269 0.525027 -0.0124969 0.850994 110.222
0.849682 0.0312448 -0.526369 -100.805 -0.0193677 0.999419 0.0280608 -0.144155 0.526939 -0.0136482 0.849793 110.734
0.847974 0.0312445 -0.529116 -101.114 -0.0188571 0.999408 0.0287945 -0.14264 0.529702 -0.0144393 0.848061 111.224
0.846431 0.030678 -0.531615 -101.416 -0.0173895 0.9994 0.0299853 -0.146153 0.532215 -0.0161359 0.846455 111.701
0.845187 0.0305331 -0.533598 -101.704 -0.0169958 0.999398 0.0302664 -0.144272 0.5342 -0.0165118 0.845197 112.156
0.84376 0.0305876 -0.535849 -101.983 -0.0174799 0.999412 0.0295248 -0.142703 0.536436 -0.0155452 0.843798 112.589
0.842692 0.0317765 -0.537457 -102.255 -0.0203154 0.999423 0.0272368 -0.149334 0.538011 -0.0120336 0.842851 113.003
0.840945 0.0291948 -0.540333 -102.514 -0.0192734 0.999526 0.0240097 -0.150187 0.540777 -0.00977683 0.841109 113.399
0.838602 0.0250477 -0.544169 -102.761 -0.0153436 0.999633 0.0223669 -0.153789 0.544528 -0.0104074 0.838677 113.783
0.835996 0.0253759 -0.548148 -103.003 -0.0153574 0.999621 0.0228543 -0.166063 0.548519 -0.010688 0.836069 114.151
0.832581 0.0254395 -0.553319 -103.234 -0.0145345 0.999605 0.024088 -0.155849 0.553712 -0.012013 0.832621 114.497
0.828618 0.0305372 -0.558981 -103.468 -0.0190785 0.999472 0.0263199 -0.161334 0.559488 -0.0111446 0.828763 114.824
0.824998 0.0353378 -0.564029 -103.689 -0.0223809 0.999304 0.0298726 -0.145241 0.564691 -0.0120214 0.825215 115.126
0.820933 0.0398431 -0.569633 -103.905 -0.0235846 0.999078 0.0358916 -0.141009 0.570537 -0.01603 0.821115 115.427
0.816424 0.0415496 -0.575956 -104.109 -0.0227416 0.998948 0.0398279 -0.141517 0.577004 -0.0194183 0.81651 115.704
0.81089 0.0406854 -0.583783 -104.298 -0.0203568 0.998938 0.0413426 -0.150513 0.584844 -0.0216403 0.810857 115.971
0.804297 0.0384042 -0.592985 -104.476 -0.016678 0.998976 0.0420768 -0.147454 0.593992 -0.0239525 0.804114 116.221
0.795975 0.0376197 -0.604159 -104.658 -0.0147718 0.998977 0.0427427 -0.136349 0.605148 -0.0250976 0.795717 116.446
0.785841 0.0382213 -0.617247 -104.831 -0.0145128 0.998954 0.0433807 -0.13055 0.618258 -0.0251323 0.785573 116.657
0.773851 0.038853 -0.632175 -105.002 -0.0147357 0.998951 0.0433568 -0.125045 0.633196 -0.0242361 0.773612 116.849
0.760162 0.0383513 -0.648601 -105.161 -0.0145212 0.99901 0.042052 -0.133066 0.649571 -0.0225479 0.759967 117.032
0.745573 0.0357769 -0.665463 -105.321 -0.0142775 0.999187 0.0377225 -0.122283 0.66627 -0.0186237 0.745478 117.19
0.730708 0.0325785 -0.681913 -105.477 -0.0135586 0.999357 0.0332158 -0.119409 0.682555 -0.0150252 0.730679 117.338
0.715454 0.0323706 -0.69791 -105.642 -0.0166268 0.999433 0.0293113 -0.116187 0.698462 -0.00936681 0.715586 117.479
0.699689 0.0351498 -0.713582 -105.813 -0.0221875 0.999377 0.0274721 -0.103911 0.714102 -0.0033893 0.700033 117.613
0.682555 0.0361573 -0.729939 -105.989 -0.0236399 0.999346 0.027397 -0.0928854 0.730451 -0.00144426 0.682964 117.746
0.664241 0.0355312 -0.746673 -106.165 -0.0213845 0.999365 0.0285322 -0.0941457 0.747212 -0.00298506 0.664579 117.885
0.644605 0.0355255 -0.76369 -106.34 -0.0196419 0.99936 0.0299095 -0.0899115 0.764263 -0.00427952 0.64489 118.017
0.622806 0.0362414 -0.781537 -106.518 -0.0184628 0.99933 0.031628 -0.0802654 0.782158 -0.00526873 0.623057 118.139
0.599194 0.0402077 -0.799594 -106.709 -0.0205358 0.999182 0.0348551 -0.0704289 0.80034 -0.00446458 0.599529 118.252
0.574828 0.0433254 -0.817127 -106.903 -0.0218612 0.999054 0.0375928 -0.06003 0.817982 -0.00374604 0.575231 118.359
0.549975 0.0451399 -0.83396 -107.1 -0.0223805 0.998977 0.0393125 -0.0407004 0.834881 -0.00295649 0.550423 118.464
0.524574 0.0468556 -0.850075 -107.299 -0.0236636 0.998901 0.0404563 -0.0264104 0.851036 -0.00110643 0.525106 118.558
0.49804 0.0509273 -0.865657 -107.493 -0.0268589 0.998701 0.0433017 -0.0211818 0.866738 0.00168462 0.498761 118.64
0.470603 0.0531172 -0.880745 -107.7 -0.027374 0.998585 0.0455976 -0.0113033 0.88192 0.00265111 0.471391 118.723
0.4412 0.053145 -0.895834 -107.904 -0.0259284 0.998583 0.0464709 -0.0129643 0.897034 0.00272459 0.441953 118.798
0.409482 0.0505905 -0.910914 -108.107 -0.0253131 0.998707 0.0440875 -0.00820057 0.911967 0.005005 0.410234 118.866
0.375453 0.0465783 -0.92567 -108.355 -0.0239838 0.998891 0.0405349 -0.00575111 0.926531 0.00698217 0.376154 118.94
0.337291 0.0445908 -0.940344 -108.603 -0.0224856 0.998975 0.0393058 -0.0009284 0.941132 0.00788679 0.337948 119.008
0.296128 0.0435733 -0.954154 -108.882 -0.0207868 0.999017 0.0391708 0.00341223 0.954922 0.00823425 0.296743 119.069
0.2531 0.0423304 -0.966514 -109.174 -0.0188768 0.999069 0.0388131 0.00753652 0.967256 0.00842112 0.253664 119.121
0.206749 0.0407876 -0.977543 -109.475 -0.0173645 0.999127 0.0380156 0.0223358 0.97824 0.00911491 0.207277 119.155
0.157838 0.0392743 -0.986684 -109.807 -0.0155805 0.999184 0.0372796 0.0343166 0.987342 0.00948895 0.158321 119.176
0.107913 0.0388478 -0.993401 -110.147 -0.01335 0.999203 0.0376245 0.0428239 0.994071 0.00920168 0.108346 119.186
0.0562818 0.03979 -0.997622 -110.489 -0.011034 0.99917 0.0392293 0.054391 0.998354 0.00879991 0.0566747 119.178
0.00316427 0.0415097 -0.999133 -110.858 -0.00635383 0.999119 0.041489 0.0723917 0.999975 0.00621705 0.00342581 119.158
-0.0496108 0.043026 -0.997841 -111.226 -0.00171093 0.999067 0.043164 0.0762699 0.998767 0.00384865 -0.0494903 119.115
-0.103151 0.0445896 -0.993666 -111.618 0.00369464 0.999005 0.0444457 0.0861398 0.994659 0.0009134 -0.103213 119.056
-0.156011 0.0454876 -0.986708 -112.01 0.00778102 0.998965 0.0448224 0.0962868 0.987725 -0.000684803 -0.156202 118.974
-0.206859 0.0466999 -0.977256 -112.406 0.0111848 0.998908 0.0453672 0.113655 0.978307 -0.00154582 -0.207155 118.857
-0.256733 0.0471459 -0.965332 -112.828 0.0153719 0.998883 0.0446963 0.133936 0.96636 -0.003364 -0.25717 118.723
-0.304816 0.0484414 -0.951178 -113.254 0.0205734 0.998808 0.0442742 0.150265 0.952189 -0.00607348 -0.305449 118.57
-0.351041 0.0494215 -0.935055 -113.677 0.0254129 0.998741 0.0432471 0.166472 0.936015 -0.00858098 -0.351855 118.39
-0.39581 0.0505342 -0.916941 -114.128 0.0299921 0.998664 0.0420917 0.176679 0.917843 -0.0108407 -0.396796 118.181
-0.436886 0.0516261 -0.898034 -114.573 0.0337711 0.99859 0.0409776 0.187577 0.898883 -0.0124251 -0.438012 117.949
-0.476097 0.0521916 -0.877842 -115.035 0.0363051 0.998553 0.0396784 0.204544 0.878643 -0.0129794 -0.477303 117.686
-0.510182 0.0522542 -0.858477 -115.493 0.0376515 0.998553 0.0384047 0.221849 0.859242 -0.0127295 -0.511411 117.394
-0.538273 0.052162 -0.841155 -115.96 0.0387578 0.998559 0.0371212 0.241279 0.841879 -0.01262 -0.539518 117.076
