1 0 0 0 0 1 0 0 0 0 1 0
0.999982 3.59902e-05 -0.00597499 -0.00692365 -3.47482e-05 1 0.000207969 -0.00345481 0.005975 -0.000207758 0.999982 0.0785687
0.999918 -2.64651e-05 -0.0128289 -0.00972272 3.04093e-05 1 0.000307254 -0.00400449 0.0128289 -0.000307619 0.999918 0.164986
0.999802 -2.7828e-05 -0.0198913 -0.0210855 3.69918e-05 1 0.00046033 -0.00673053 0.0198913 -0.000460975 0.999802 0.256534
0.999588 -0.000132514 -0.0286885 -0.0362522 0.000147787 1 0.00053025 -0.00493465 0.0286884 -0.000534272 0.999588 0.352026
0.99922 -0.00034616 -0.0394956 -0.0471065 0.000378557 1 0.000812782 -0.0032136 0.0394953 -0.000827099 0.999219 0.455911
0.998603 -0.000805943 -0.0528261 -0.0665189 0.000881539 0.999999 0.00140776 -0.000475185 0.0528249 -0.00145236 0.998603 0.571537
0.997623 -0.000851594 -0.0688955 -0.0872365 0.000977624 0.999998 0.00179559 -0.00153296 0.0688939 -0.00185867 0.997622 0.699691
0.996218 -0.00149608 -0.086871 -0.110166 0.001687 0.999996 0.00212431 -0.000192503 0.0868675 -0.00226283 0.996217 0.840748
0.994328 -0.0018458 -0.106338 -0.136663 0.00209563 0.999995 0.0022377 -0.000632342 0.106333 -0.00244785 0.994328 0.995948
0.991731 -0.00198729 -0.128315 -0.171397 0.00229992 0.999995 0.00228832 -0.000718252 0.128309 -0.00256451 0.991731 1.1549
0.988413 -0.00107781 -0.151784 -0.218713 0.00143564 0.999996 0.00224792 -0.00348531 0.151781 -0.00243978 0.988411 1.31794
0.984221 0.00307521 -0.176914 -0.275694 -0.00296858 0.999995 0.000867376 -0.00446819 0.176916 -0.000328507 0.984226 1.48849
0.979037 0.00296775 -0.203661 -0.339278 -0.00273879 0.999995 0.0014061 -0.00606076 0.203665 -0.000818837 0.97904 1.66937
0.972487 0.00255297 -0.232945 -0.409443 -0.00212077 0.999996 0.00210583 -0.00798336 0.232949 -0.00155387 0.972488 1.85658
0.964735 0.00258556 -0.263209 -0.484725 -0.00199594 0.999995 0.00250751 -0.00663142 0.263214 -0.00189373 0.964736 2.04299
0.955496 0.00244735 -0.294993 -0.57702 -0.00168058 0.999995 0.00285277 -0.00707072 0.294998 -0.00223006 0.955495 2.23805
0.944476 0.00265189 -0.328569 -0.675131 -0.00166588 0.999993 0.00328236 -0.0120221 0.328576 -0.00255275 0.944474 2.43224
0.932107 0.00300039 -0.362171 -0.778418 -0.00178899 0.999992 0.00368015 -0.0134316 0.362179 -0.00278237 0.932104 2.62405
0.918428 0.00305979 -0.395577 -0.903507 -0.00157775 0.999991 0.00407182 -0.0116738 0.395586 -0.00311556 0.918424 2.82116
0.902657 0.00305746 -0.43035 -1.0295 -0.00112047 0.999988 0.00475434 -0.00656938 0.43036 -0.00380934 0.902649 3.01475
0.884404 0.00113484 -0.466721 -1.15502 0.00101696 0.99999 0.00435855 -0.0050909 0.466722 -0.00432935 0.884394 3.21151
0.863218 0.000299182 -0.504831 -1.29695 0.00204168 0.99999 0.00408373 -0.0130852 0.504827 -0.00455586 0.863209 3.42104
0.838316 0.00123947 -0.545183 -1.45099 0.00161862 0.999988 0.00476238 -0.0169328 0.545182 -0.00487483 0.838303 3.61577
0.809623 0.00424913 -0.586934 -1.63587 -0.000603323 0.99998 0.00640716 -0.0208519 0.586949 -0.00483328 0.809609 3.80922
0.777632 0.00521885 -0.628698 -1.83279 -0.000646532 0.999972 0.00750113 -0.0211934 0.628719 -0.00542664 0.777613 3.99188
0.742582 0.00568948 -0.66973 -2.03105 -0.000372693 0.999968 0.00808167 -0.0187024 0.669754 -0.0057517 0.74256 4.16616
0.703041 0.00449356 -0.711135 -2.25537 0.00137529 0.99997 0.0076783 -0.0245945 0.711148 -0.00637617 0.703013 4.35098
0.660991 0.00431065 -0.750381 -2.48584 0.00181771 0.999972 0.00734562 -0.0296417 0.750391 -0.00621937 0.660964 4.53062
0.617301 0.00413199 -0.786716 -2.73098 0.00251509 0.999971 0.00722554 -0.0282773 0.786723 -0.00643899 0.617273 4.69432
0.568938 0.00433481 -0.822369 -3.00627 0.00295842 0.999969 0.00731768 -0.0281805 0.822375 -0.00659622 0.568907 4.86062
0.518265 0.00469124 -0.855207 -3.29788 0.00335021 0.999966 0.00751558 -0.0287843 0.855213 -0.00676018 0.518231 5.00618
0.466459 0.00484565 -0.88453 -3.58528 0.00371466 0.999966 0.00743697 -0.0315707 0.884535 -0.00675476 0.466424 5.13067
0.410938 0.00537066 -0.911647 -3.90854 0.00397992 0.999963 0.00768495 -0.0277956 0.911654 -0.00678632 0.410902 5.2506
0.357336 0.00579491 -0.933958 -4.24275 0.0043718 0.99996 0.0078771 -0.027217 0.933965 -0.00689785 0.357296 5.34759
0.300882 0.00627154 -0.953641 -4.61219 0.00485915 0.999956 0.00810924 -0.0319782 0.953649 -0.00707381 0.300838 5.44362
0.247387 0.0062909 -0.968896 -4.99223 0.00520949 0.999956 0.0078227 -0.0407805 0.968903 -0.00698269 0.247343 5.5249
0.197838 0.00658518 -0.980212 -5.37702 0.00663561 0.999946 0.00805703 -0.0577679 0.980212 -0.00809829 0.197783 5.58142
0.149458 0.00684376 -0.988744 -5.79779 0.00476512 0.99996 0.00764168 -0.0648723 0.988756 -0.0058536 0.14942 5.62008
0.107326 0.00704856 -0.994199 -6.22149 0.00459411 0.999961 0.00758536 -0.0625118 0.994213 -0.00538157 0.10729 5.64102
0.0674206 0.00771129 -0.997695 -6.67192 0.00443901 0.999958 0.00802876 -0.0618336 0.997714 -0.00497009 0.0673836 5.64757
0.0324277 0.00847661 -0.999438 -7.13845 0.00470121 0.999952 0.00863351 -0.0639094 0.999463 -0.00497854 0.0323863 5.64532
0.0017278 0.00851622 -0.999962 -7.61482 0.00472436 0.999953 0.00852431 -0.065288 0.999987 -0.00473891 0.00168751 5.63247
-0.0258452 0.0082469 -0.999632 -8.11849 0.00507487 0.999955 0.00811835 -0.062855 0.999653 -0.00486319 -0.0258858 5.60942
-0.0462107 0.00839475 -0.998896 -8.62112 0.00497291 0.999955 0.00817359 -0.0610059 0.998919 -0.00458972 -0.0462503 5.57106
-0.0642954 0.0085751 -0.997894 -9.13929 0.00530321 0.999952 0.0082511 -0.0588629 0.997917 -0.00476153 -0.0643377 5.52274
-0.0779576 0.00890689 -0.996917 -9.66843 0.0063946 0.999944 0.00843389 -0.0613604 0.996936 -0.0057174 -0.0780101 5.46648
-0.0876366 0.0090313 -0.996111 -10.2099 0.00784857 0.999934 0.00837546 -0.0655091 0.996121 -0.00708405 -0.0877016 5.40356
-0.0958279 0.00918424 -0.995355 -10.7676 0.00866108 0.999928 0.00839258 -0.0746123 0.99536 -0.00781661 -0.0959004 5.3376
-0.100061 0.00984793 -0.994932 -11.3363 0.0085301 0.999923 0.00903946 -0.0807493 0.994945 -0.00758238 -0.100137 5.27309
-0.102393 0.010376 -0.99469 -11.9227 0.00840042 0.999919 0.00956578 -0.0879735 0.994708 -0.00737634 -0.102472 5.20658
-0.10191 0.0106802 -0.994736 -12.5206 0.0101838 0.999901 0.00969238 -0.0937689 0.994741 -0.00914246 -0.102009 5.14123
-0.101607 0.0108457 -0.994765 -13.1397 0.0115441 0.999886 0.00972241 -0.0961295 0.994757 -0.0104958 -0.101721 5.07
-0.100631 0.0112224 -0.99486 -13.769 0.0114655 0.999883 0.0101193 -0.0976596 0.994857 -0.0103882 -0.100748 4.99865
-0.0989758 0.0117476 -0.99502 -14.4117 0.00928358 0.999898 0.0108817 -0.0972794 0.995046 -0.00816032 -0.0990748 4.92639
-0.0982987 0.0116994 -0.995088 -15.071 0.00948592 0.999897 0.0108189 -0.0931183 0.995111 -0.00837584 -0.0983995 4.85555
-0.0970661 0.0116336 -0.99521 -15.7415 0.00977375 0.999895 0.0107351 -0.0893776 0.99523 -0.00868491 -0.0971696 4.78594
-0.0962463 0.0119056 -0.995286 -16.4394 0.0102462 0.999888 0.0109698 -0.0883166 0.995304 -0.00914206 -0.0963574 4.71547
-0.0944277 0.0123942 -0.995454 -17.1516 0.0103421 0.999881 0.0114683 -0.0864995 0.995478 -0.00921217 -0.0945446 4.6499
-0.0935415 0.0129113 -0.995531 -17.8739 0.0090466 0.999886 0.0121177 -0.0845798 0.995574 -0.00787267 -0.0936476 4.58138
-0.0921317 0.0132734 -0.995658 -18.6107 0.00779709 0.99989 0.0126083 -0.0828975 0.995716 -0.00660161 -0.0922251 4.51558
-0.0905602 0.0130971 -0.995805 -19.3589 0.00794425 0.999892 0.0124284 -0.0786851 0.995859 -0.0067854 -0.0906544 4.44102
-0.0902454 0.0130291 -0.995834 -20.1271 0.0086726 0.999887 0.0122962 -0.0763389 0.995881 -0.0075268 -0.0903482 4.36413
-0.0889867 0.0138174 -0.995937 -20.9024 0.00997865 0.999866 0.0129803 -0.0782134 0.995982 -0.00878302 -0.0891126 4.28798
-0.0883132 0.0142442 -0.995991 -21.6947 0.0110052 0.999851 0.0133236 -0.0792945 0.996032 -0.00978442 -0.0884568 4.21631
-0.0872106 0.0109755 -0.996129 -22.4919 0.0114085 0.999885 0.0100181 -0.0844346 0.996124 -0.0104906 -0.0873257 4.14462
-0.0862759 0.00643066 -0.99625 -23.2958 0.0132955 0.999898 0.0053028 -0.0961208 0.996182 -0.0127881 -0.0863526 4.07353
-0.0868598 0.00630363 -0.9962 -24.1144 0.0151046 0.999874 0.00500988 -0.104471 0.996106 -0.0146121 -0.086944 4.00811
-0.0870813 0.0066907 -0.996178 -24.9253 0.0159572 0.999859 0.00532051 -0.107109 0.996073 -0.0154329 -0.0871757 3.93594
-0.0880296 0.0134262 -0.996027 -25.7422 0.01486 0.999816 0.0121639 -0.0969348 0.996006 -0.0137302 -0.0882129 3.85926
-0.0884117 0.0205616 -0.995871 -26.5775 0.0144024 0.999709 0.0193622 -0.0893204 0.995979 -0.0126311 -0.0886821 3.78281
-0.0876822 0.0270036 -0.995782 -27.4052 0.0140563 0.999567 0.0258685 -0.0945571 0.996049 -0.0117288 -0.0880237 3.69728
-0.0890097 0.0278083 -0.995642 -28.247 0.0128011 0.99956 0.0267733 -0.0894012 0.995948 -0.0103622 -0.0893264 3.62073
-0.088577 0.0276656 -0.995685 -29.0784 0.012521 0.999567 0.0266596 -0.0826677 0.99599 -0.0101055 -0.088885 3.54827
-0.0896601 0.0278058 -0.995584 -29.9058 0.0120831 0.999567 0.0268288 -0.0774346 0.995898 -0.00962426 -0.0899572 3.4719
-0.0898843 0.0280964 -0.995555 -30.7411 0.0121324 0.999559 0.027114 -0.0583121 0.995878 -0.00964139 -0.0901855 3.39044
-0.0887252 0.0282543 -0.995655 -31.5639 0.0125479 0.99955 0.0272467 -0.0551221 0.995976 -0.0100759 -0.0890398 3.31389
-0.0892617 0.0289378 -0.995587 -32.3824 0.0114725 0.999542 0.0280242 -0.0520722 0.995941 -0.00892034 -0.0895527 3.24362
-0.0873731 0.0256636 -0.995845 -33.1997 0.0112656 0.99963 0.0247727 -0.034394 0.996111 -0.00905429 -0.0876298 3.16652
-0.0880854 0.0254586 -0.995787 -34.0259 0.0110171 0.999637 0.0245825 -0.0166711 0.996051 -0.00880536 -0.0883339 3.07993
-0.0874214 0.025498 -0.995845 -34.8711 0.0128029 0.999619 0.0244707 -0.0116071 0.996088 -0.0106105 -0.0877145 3.00071
-0.0857378 0.0263206 -0.99597 -35.7131 0.0148611 0.999574 0.0251366 -0.00586178 0.996206 -0.0126461 -0.0860924 2.93224
-0.0868108 0.0318861 -0.995714 -36.5421 0.014144 0.999427 0.0307718 0.00420124 0.996124 -0.011412 -0.087212 2.85046
-0.085755 0.0379217 -0.995594 -37.3616 0.0173508 0.999181 0.0365638 0.02408 0.996164 -0.0141388 -0.0863427 2.77347
-0.0865114 0.0391629 -0.995481 -38.1906 0.0191643 0.999108 0.0376402 0.0260875 0.996066 -0.0158214 -0.0871847 2.68626
-0.0864045 0.0397854 -0.995465 -39.0138 0.0211027 0.999052 0.038097 0.0295464 0.996036 -0.0177152 -0.0871621 2.60539
-0.0852562 0.0368813 -0.995676 -39.8416 0.0219067 0.999143 0.035134 0.0414451 0.996117 -0.0188166 -0.085991 2.52142
-0.0853639 0.036565 -0.995678 -40.67 0.0206062 0.999178 0.0349269 0.0621328 0.996136 -0.0175357 -0.0860472 2.44163
-0.0846146 0.0354251 -0.995783 -41.4972 0.0187503 0.999248 0.0339551 0.0817665 0.996237 -0.0157981 -0.0852152 2.36299
-0.0852565 0.0352015 -0.995737 -42.3289 0.0179488 0.999268 0.0337895 0.100912 0.996197 -0.0149915 -0.0858259 2.27775
-0.0860054 0.035368 -0.995666 -43.1547 0.0183327 0.999257 0.0339119 0.118841 0.996125 -0.0153366 -0.0865899 2.20045
-0.0861453 0.0349599 -0.995669 -43.9769 0.0181326 0.999274 0.0335177 0.141577 0.996117 -0.0151667 -0.0867166 2.1268
-0.0872223 0.0348079 -0.99558 -44.8044 0.0195534 0.999257 0.0332233 0.162547 0.995996 -0.0165692 -0.0878381 2.05613
-0.0882274 0.0371383 -0.995408 -45.627 0.0200413 0.999169 0.0355023 0.188817 0.995898 -0.016817 -0.0888983 1.98197
-0.0900621 0.0430975 -0.995003 -46.4556 0.0221553 0.998903 0.0412611 0.214033 0.995689 -0.0183285 -0.0909182 1.90855
-0.0915407 0.0447984 -0.994793 -47.281 0.0234779 0.998807 0.0428187 0.240339 0.995524 -0.019436 -0.0924833 1.83156
-0.0919397 0.0453282 -0.994732 -48.1011 0.0235433 0.998783 0.0433367 0.266614 0.995485 -0.0194349 -0.0928951 1.75313
-0.0937298 0.0441375 -0.994619 -48.9123 0.0221726 0.998862 0.0422363 0.290469 0.99535 -0.0180945 -0.0946018 1.67398
-0.0947185 0.0428 -0.994583 -49.7207 0.017626 0.998991 0.0413111 0.313777 0.995347 -0.0136176 -0.0953773 1.58459
-0.0949559 0.0428081 -0.99456 -50.5292 0.0170297 0.998999 0.0413732 0.340029 0.995335 -0.0130084 -0.0955899 1.49128
-0.0960193 0.0428589 -0.994456 -51.3388 0.0168977 0.998999 0.0414232 0.368687 0.995235 -0.0128266 -0.0966474 1.39957
-0.0956838 0.0433379 -0.994468 -52.1279 0.0169808 0.998978 0.0419007 0.391579 0.995266 -0.0128777 -0.0963219 1.30914
-0.0971028 0.043704 -0.994314 -52.9162 0.0172652 0.998959 0.0422221 0.41263 0.995124 -0.0130671 -0.0977563 1.22621
-0.0972453 0.04408 -0.994284 -53.7027 0.0178355 0.998936 0.0425419 0.432977 0.9951 -0.0135966 -0.097928 1.14799
-0.0961806 0.0447264 -0.994358 -54.4963 0.0191159 0.998889 0.0430812 0.452781 0.995179 -0.0148645 -0.0969287 1.06723
-0.0963803 0.0452158 -0.994317 -55.2888 0.0202893 0.998849 0.0434553 0.474714 0.995137 -0.0159858 -0.0971868 0.98859
-0.0955153 0.0462712 -0.994352 -56.0659 0.0200598 0.998806 0.0445516 0.502978 0.995225 -0.0156911 -0.0963294 0.912047
-0.0960127 0.0474529 -0.994248 -56.8552 0.0204839 0.998746 0.0456895 0.523934 0.995168 -0.0159793 -0.0968643 0.834894
-0.0955635 0.0480577 -0.994262 -57.6301 0.0207603 0.998713 0.0462775 0.546435 0.995206 -0.0162188 -0.0964382 0.751382
-0.0940447 0.0478676 -0.994416 -58.3977 0.0213827 0.99871 0.0460521 0.565702 0.995337 -0.0169324 -0.0949469 0.668499
-0.0941489 0.0479765 -0.994401 -59.1498 0.0228752 0.998679 0.0460171 0.579375 0.995294 -0.0184146 -0.095122 0.587839
-0.0918236 0.0477812 -0.994628 -59.888 0.025136 0.998641 0.0456535 0.585613 0.995457 -0.0208089 -0.0928998 0.512821
-0.0898498 0.0476413 -0.994815 -60.6197 0.026892 0.998607 0.0453941 0.592819 0.995591 -0.0226739 -0.0910059 0.437086
-0.0870453 0.0478013 -0.995057 -61.3336 0.0280554 0.99857 0.0455159 0.604359 0.995808 -0.0239548 -0.0882619 0.363178
-0.0818579 0.0483912 -0.995468 -62.0332 0.0286983 0.998521 0.0461797 0.621526 0.99623 -0.0247881 -0.0831256 0.298097
-0.0755395 0.0492516 -0.995926 -62.7283 0.0292124 0.99846 0.0471612 0.63603 0.996714 -0.0255308 -0.076862 0.244144
-0.0668558 0.0496648 -0.996526 -63.4063 0.0296682 0.998418 0.0477687 0.653115 0.99732 -0.0263715 -0.0682235 0.201467
-0.0569756 0.0502491 -0.99711 -64.0771 0.0300257 0.998367 0.0485968 0.670053 0.997923 -0.0271701 -0.0583914 0.1612
-0.0443625 0.0507593 -0.997725 -64.7285 0.0301629 0.998321 0.0494485 0.683607 0.998559 -0.0279006 -0.0458191 0.127537
-0.0285269 0.0509463 -0.998294 -65.3613 0.0299567 0.998295 0.0500904 0.700242 0.999143 -0.0284766 -0.0300046 0.106137
-0.00924871 0.0515753 -0.998626 -65.9759 0.0294709 0.998249 0.051283 0.714729 0.999522 -0.0289561 -0.0107526 0.0939029
0.0139882 0.0520296 -0.998547 -66.5722 0.0289819 0.998205 0.0524177 0.730209 0.999481 -0.029673 0.0124551 0.100534
0.0411188 0.0524914 -0.997774 -67.157 0.0286115 0.998148 0.0536901 0.746923 0.998743 -0.0307555 0.0395406 0.12875
0.0715687 0.0528421 -0.996035 -67.7177 0.027449 0.998113 0.0549247 0.763613 0.997057 -0.0312711 0.069983 0.170141
0.106909 0.0527478 -0.992869 -68.2564 0.0267575 0.998077 0.0559057 0.780926 0.993908 -0.0325435 0.105292 0.237984
0.145422 0.0533597 -0.98793 -68.7691 0.0256134 0.998007 0.0576743 0.800784 0.989037 -0.0336913 0.143765 0.324761
0.186275 0.0537191 -0.981028 -69.2555 0.024028 0.997956 0.0592084 0.820415 0.982203 -0.0346011 0.184603 0.435215
0.232173 0.0543363 -0.971156 -69.7209 0.0220282 0.997889 0.0610983 0.842185 0.972424 -0.0355781 0.230486 0.562987
0.279729 0.0547529 -0.958516 -70.1639 0.0209919 0.997785 0.0631223 0.865471 0.959848 -0.0377782 0.27796 0.719858
0.329449 0.0528025 -0.942696 -70.5888 0.023541 0.997665 0.0641085 0.886771 0.943879 -0.0433124 0.327436 0.900794
0.37996 0.0505688 -0.92362 -70.9949 0.0240468 0.997627 0.0645132 0.909896 0.92469 -0.0467225 0.377842 1.10713
0.431473 0.0506441 -0.900703 -71.3793 0.0216013 0.997557 0.0664378 0.933944 0.901867 -0.0481224 0.429324 1.32803
0.481007 0.0503768 -0.875268 -71.7486 0.0197573 0.997471 0.068268 0.959394 0.876494 -0.0501303 0.478794 1.57864
0.528032 0.0509318 -0.847696 -72.1031 0.0162335 0.997412 0.0700391 0.990349 0.849068 -0.050744 0.525838 1.84164
0.572258 0.0489723 -0.81861 -72.436 0.0181775 0.997212 0.0723642 1.02026 0.819871 -0.0562912 0.569772 2.12272
0.615644 0.0450987 -0.786733 -72.7535 0.0226861 0.996933 0.0749009 1.04444 0.787697 -0.0639601 0.612731 2.43122
0.656805 0.0415718 -0.752914 -73.0505 0.0206828 0.99711 0.0730978 1.06929 0.753776 -0.0635833 0.654046 2.74691
0.697476 0.0385868 -0.715568 -73.3327 0.0153348 0.997517 0.0687379 1.09909 0.716443 -0.0589161 0.695152 3.0703
0.736575 0.0330919 -0.675546 -73.5989 0.00874608 0.998253 0.0584361 1.12107 0.676298 -0.0489509 0.734998 3.401
0.774423 0.0315923 -0.631879 -73.8574 0.00280731 0.998571 0.0533667 1.14936 0.632661 -0.0431022 0.773227 3.75759
0.810576 0.0316154 -0.584779 -74.1113 -0.000673432 0.998591 0.0530543 1.17824 0.585632 -0.0426107 0.809455 4.1422
0.843766 0.0316285 -0.535779 -74.344 -0.00387637 0.998595 0.0528453 1.19856 0.536697 -0.0425122 0.842702 4.55313
0.873183 0.0320068 -0.48634 -74.5671 -0.00752203 0.998607 0.0522149 1.23518 0.487334 -0.0419348 0.872207 4.99514
0.898082 0.0324531 -0.43863 -74.7728 -0.0101686 0.998539 0.0530595 1.25712 0.439711 -0.0431914 0.897099 5.46246
0.918839 0.0366079 -0.392932 -74.9752 -0.0169551 0.99843 0.0533721 1.28969 0.394269 -0.0423781 0.918017 5.95915
0.935327 0.0401755 -0.351495 -75.1582 -0.023368 0.998377 0.0519315 1.32092 0.353011 -0.0403591 0.934748 6.46645
0.948225 0.0442486 -0.314502 -75.3298 -0.0291761 0.998196 0.0524743 1.35018 0.316256 -0.0405814 0.947805 7.00189
0.958047 0.0451533 -0.283032 -75.4871 -0.0315192 0.998121 0.0525439 1.37992 0.284872 -0.0414186 0.957669 7.5639
0.964855 0.045957 -0.258733 -75.6285 -0.0335512 0.998074 0.0521641 1.4065 0.260632 -0.0416499 0.964539 8.13853
0.970567 0.0465235 -0.236294 -75.7678 -0.0352924 0.998047 0.051542 1.43391 0.238231 -0.0416855 0.970313 8.73714
0.974626 0.0479425 -0.218646 -75.9014 -0.0376098 0.997981 0.0511797 1.45846 0.220658 -0.0416578 0.97446 9.34774
0.977933 0.0505439 -0.202711 -76.0332 -0.041049 0.997866 0.0507763 1.48927 0.204845 -0.0413347 0.977921 9.97781
0.980852 0.0512099 -0.1879 -76.1637 -0.0424453 0.997827 0.0503784 1.51962 0.190072 -0.0414382 0.980894 10.6201
0.983156 0.0511021 -0.175477 -76.2808 -0.0429395 0.997825 0.0500052 1.54288 0.17765 -0.041628 0.983212 11.2761
0.985545 0.0514566 -0.161409 -76.3901 -0.0440588 0.997822 0.0490843 1.56852 0.163583 -0.0412632 0.985665 11.9435
0.987957 0.0517126 -0.145829 -76.4948 -0.0450518 0.997801 0.0486165 1.59719 0.148023 -0.0414611 0.988114 12.6363
0.989863 0.0521568 -0.132102 -76.5924 -0.0461677 0.997779 0.0480036 1.62873 0.134312 -0.0414181 0.990072 13.3371
0.991539 0.0530182 -0.118487 -76.6818 -0.0477895 0.997772 0.0465443 1.65504 0.120691 -0.040488 0.991863 14.0509
0.992622 0.0544099 -0.108355 -76.7681 -0.0498096 0.997757 0.0447209 1.68359 0.110545 -0.0389938 0.993105 14.7687
0.993723 0.0528689 -0.0985902 -76.8466 -0.0491918 0.998013 0.0393642 1.70633 0.100475 -0.0342672 0.994348 15.5063
0.994537 0.0532404 -0.0897912 -76.9231 -0.0498552 0.997973 0.0395338 1.73024 0.091714 -0.0348412 0.995175 16.2581
0.995056 0.0535649 -0.0836333 -76.9969 -0.0500465 0.997794 0.0436153 1.75798 0.0857851 -0.0392141 0.995541 17.025
0.995328 0.056777 -0.0780991 -77.0698 -0.0529135 0.997312 0.0506818 1.79422 0.0807668 -0.0463124 0.995656 17.7958
0.995673 0.0567205 -0.0736098 -77.1392 -0.0529975 0.997261 0.0515834 1.8302 0.0763341 -0.047459 0.995951 18.5807
0.995936 0.056398 -0.0702179 -77.2025 -0.0528279 0.997264 0.0517036 1.86069 0.0729419 -0.0477839 0.99619 19.3629
0.996114 0.0570296 -0.0671218 -77.2628 -0.0536099 0.997223 0.0516921 1.89105 0.0698835 -0.0478928 0.996404 20.1542
0.996291 0.0568391 -0.0645987 -77.3175 -0.0534763 0.99718 0.0526469 1.91708 0.067409 -0.0489971 0.996521 20.9421
0.996464 0.0562493 -0.0624209 -77.3718 -0.0529417 0.997167 0.0534355 1.94891 0.0652498 -0.0499418 0.996618 21.7359
0.996709 0.0555581 -0.0590314 -77.4256 -0.0523803 0.997162 0.0540817 1.98042 0.0618685 -0.0508116 0.996789 22.5298
0.996801 0.0561082 -0.0569142 -77.4772 -0.0531856 0.997249 0.0516292 2.01029 0.0596545 -0.048437 0.997042 23.3061
0.996607 0.0607173 -0.0555771 -77.535 -0.0582452 0.997284 0.0450699 2.03253 0.0581628 -0.0416798 0.997436 24.0837
0.996654 0.0616712 -0.0536443 -77.5909 -0.0595929 0.99744 0.0395174 2.0566 0.0559441 -0.0361883 0.997777 24.846
0.996629 0.0628583 -0.0527113 -77.6453 -0.0609688 0.997464 0.0367209 2.07713 0.0548859 -0.0333833 0.997934 25.5964
0.996725 0.0637937 -0.0497031 -77.6979 -0.0618974 0.997328 0.038804 2.09327 0.0520458 -0.0356004 0.998009 26.3515
0.99682 0.063788 -0.047761 -77.7438 -0.0619185 0.997293 0.0396513 2.12277 0.0501611 -0.0365679 0.998071 27.1023
0.996733 0.0668091 -0.0453826 -77.7934 -0.0647825 0.996895 0.0447494 2.14105 0.0482314 -0.0416632 0.997966 27.8241
0.996941 0.0656439 -0.0424207 -77.8326 -0.0636596 0.996885 0.0465485 2.16057 0.0453443 -0.0437056 0.998014 28.5753
0.997135 0.0633824 -0.0412946 -77.8665 -0.061405 0.996981 0.0475136 2.18155 0.0441815 -0.0448417 0.998016 29.3289
0.997303 0.0620388 -0.0392111 -77.9009 -0.0601594 0.997061 0.0474189 2.20615 0.0420377 -0.0449321 0.998104 30.0853
0.997325 0.0618965 -0.0388712 -77.9368 -0.0600301 0.997067 0.047475 2.252 0.0416958 -0.0450145 0.998115 30.8428
0.997378 0.0616729 -0.0378694 -77.9745 -0.0598476 0.997073 0.0475791 2.2894 0.040693 -0.0451879 0.998148 31.5977
0.997463 0.0610443 -0.0366137 -78.0079 -0.0592632 0.997092 0.0479053 2.31969 0.0394316 -0.0456139 0.99818 32.3501
0.997494 0.0604483 -0.0367692 -78.0388 -0.0586708 0.99714 0.0476393 2.33953 0.0395438 -0.0453625 0.998187 33.1203
0.997469 0.0605064 -0.0373402 -78.0725 -0.0586844 0.997116 0.0481036 2.36346 0.0401432 -0.0457905 0.998143 33.8754
0.997549 0.0583762 -0.0385823 -78.1038 -0.0565329 0.997281 0.0472555 2.36851 0.0412361 -0.0449585 0.998136 34.6315
0.997457 0.0577964 -0.0416921 -78.1435 -0.0557937 0.997302 0.0476995 2.38798 0.0443365 -0.045252 0.99799 35.4093
0.997373 0.0575239 -0.0440213 -78.1837 -0.0553994 0.997307 0.0480487 2.42235 0.0466667 -0.0454837 0.997873 36.183
0.996965 0.0613047 -0.0479762 -78.2413 -0.0589395 0.997045 0.0492544 2.46861 0.0508541 -0.0462772 0.997632 36.963
0.996789 0.0618682 -0.0508288 -78.2923 -0.0593952 0.99704 0.0488046 2.50755 0.0536979 -0.0456288 0.997513 37.7494
0.996613 0.0625294 -0.053409 -78.3392 -0.059938 0.997007 0.0488191 2.54508 0.0563019 -0.0454525 0.997378 38.5278
0.996355 0.0632828 -0.0571896 -78.3947 -0.0605424 0.996989 0.0484456 2.59299 0.0600832 -0.0448066 0.997186 39.3284
0.996279 0.0628387 -0.0589862 -78.4452 -0.0599738 0.996989 0.0491462 2.63328 0.0618969 -0.0454257 0.997047 40.1325
0.996067 0.062975 -0.0623139 -78.4955 -0.0599301 0.99697 0.0495839 2.66686 0.0652476 -0.0456544 0.996823 40.9548
0.995929 0.0633599 -0.0641075 -78.5522 -0.0602096 0.996935 0.0499364 2.70126 0.0670751 -0.0458732 0.996692 41.7818
0.995821 0.0638981 -0.0652421 -78.5945 -0.0606521 0.996876 0.0505794 2.75062 0.0682703 -0.046411 0.996586 42.58
0.995711 0.0629506 -0.0677982 -78.6555 -0.0591756 0.996657 0.0563205 2.77655 0.0711171 -0.0520669 0.996107 43.4089
0.995761 0.0631193 -0.0668951 -78.7193 -0.0592956 0.996572 0.0576829 2.81161 0.0703068 -0.0534718 0.99609 44.2489
0.995807 0.0649735 -0.064387 -78.7763 -0.0612925 0.996457 0.057586 2.85473 0.0679005 -0.053398 0.996261 45.0829
0.99581 0.0658213 -0.0634688 -78.8415 -0.0622248 0.996429 0.0570697 2.92229 0.0669986 -0.0528812 0.99635 45.9355
0.996008 0.065646 -0.0604802 -78.8931 -0.0622146 0.996435 0.0569726 2.9623 0.0640047 -0.0529824 0.996541 46.7897
0.996253 0.0627955 -0.0594585 -78.9488 -0.0594018 0.996592 0.0572231 2.98801 0.0628493 -0.0534767 0.996588 47.6635
0.996358 0.0628884 -0.0575736 -78.9904 -0.0595942 0.996579 0.0572504 3.02486 0.0609771 -0.0536108 0.996698 48.54
0.996505 0.0622158 -0.0557367 -79.0417 -0.0589505 0.996549 0.0584298 3.06942 0.0591797 -0.0549398 0.996733 49.4205
0.996573 0.0611116 -0.0557282 -79.0816 -0.0577582 0.99653 0.0599213 3.11475 0.0591968 -0.0564972 0.996645 50.3052
0.99673 0.059952 -0.0541587 -79.1235 -0.0566328 0.996537 0.0608739 3.15344 0.0576208 -0.0576077 0.996674 51.1865
0.99663 0.0615433 -0.0542207 -79.1854 -0.0582792 0.996504 0.0598546 3.19783 0.0577148 -0.056493 0.996733 52.0421
0.996528 0.0637203 -0.0535819 -79.2398 -0.0607206 0.99659 0.0558624 3.24345 0.0569588 -0.0524149 0.996999 52.8896
0.996624 0.0641339 -0.0512405 -79.2826 -0.0614708 0.996755 0.0519627 3.2838 0.0544068 -0.0486374 0.997333 53.7434
0.996305 0.0685994 -0.0516745 -79.3288 -0.0661641 0.996679 0.0474508 3.31315 0.054758 -0.0438564 0.997535 54.5959
0.996405 0.0680452 -0.0504605 -79.3713 -0.0656777 0.996724 0.0471806 3.34999 0.0535056 -0.0436968 0.99761 55.4558
0.996643 0.0643562 -0.0506006 -79.4216 -0.0616555 0.996676 0.0532379 3.39121 0.0538586 -0.0499393 0.997298 56.3103
0.996792 0.0617576 -0.0508906 -79.4705 -0.058523 0.99631 0.0627711 3.44493 0.0545794 -0.0595914 0.996729 57.1822
0.996928 0.0587732 -0.0517567 -79.5204 -0.0551255 0.996072 0.0692899 3.49744 0.0556259 -0.0662239 0.996252 58.0503
0.996751 0.0582638 -0.0556084 -79.5746 -0.0543722 0.996126 0.0691024 3.54194 0.0594192 -0.0658543 0.996058 58.8987
0.996757 0.0558443 -0.0579342 -79.6293 -0.0518196 0.996284 0.0687889 3.59227 0.0615605 -0.0655637 0.995947 59.7521
0.996523 0.056435 -0.0612875 -79.6931 -0.0521665 0.996241 0.0691466 3.64546 0.0649595 -0.065709 0.995721 60.5906
0.996294 0.0573534 -0.0640879 -79.7488 -0.0529064 0.996208 0.0690558 3.69951 0.0678055 -0.0654092 0.995551 61.4167
0.996019 0.0581385 -0.0675603 -79.8184 -0.0534907 0.996203 0.0686797 3.75789 0.0712968 -0.0647924 0.995348 62.248
0.995601 0.0584527 -0.0732197 -79.8839 -0.0534283 0.996198 0.0687971 3.81214 0.0769628 -0.0645824 0.994939 63.0642
0.995328 0.0598862 -0.0757291 -79.9507 -0.0546928 0.996123 0.0688877 3.85666 0.079561 -0.064424 0.994745 63.88
0.994814 0.0635002 -0.0794492 -80.0301 -0.0579423 0.995833 0.0704083 3.88755 0.0835891 -0.0654396 0.994348 64.6804
0.99435 0.0658218 -0.0832746 -80.0972 -0.0598877 0.995615 0.071857 3.91835 0.0876393 -0.0664639 0.993932 65.497
0.993902 0.0674243 -0.0872414 -80.1722 -0.0608276 0.995236 0.0761844 3.96395 0.0919626 -0.0704131 0.993269 66.3312
0.993493 0.0665563 -0.0924102 -80.2548 -0.0588924 0.99478 0.0833211 4.03395 0.0974735 -0.0773367 0.992228 67.136
0.993284 0.065046 -0.095674 -80.3171 -0.0567963 0.994625 0.0865601 4.09493 0.10079 -0.0805449 0.991641 67.9426
0.99246 0.0663049 -0.103081 -80.4035 -0.057347 0.994506 0.0875623 4.15541 0.108321 -0.0809907 0.99081 68.7321
0.992185 0.061296 -0.108677 -80.4792 -0.0516899 0.994679 0.0891072 4.22925 0.113561 -0.0827933 0.990074 69.5145
0.99152 0.0618301 -0.114292 -80.554 -0.051703 0.994639 0.0895439 4.29873 0.119215 -0.0828754 0.989403 70.299
0.990587 0.0641027 -0.120943 -80.654 -0.05339 0.994524 0.0898296 4.36685 0.126039 -0.0825269 0.988586 71.0765
0.989786 0.0648396 -0.126958 -80.7621 -0.0536572 0.99453 0.089603 4.43837 0.132073 -0.0818755 0.987852 71.8497
0.989008 0.0653988 -0.132609 -80.8711 -0.0537158 0.994505 0.0898442 4.4995 0.137756 -0.0817334 0.987087 72.6343
0.988002 0.0671313 -0.139079 -80.9851 -0.054759 0.994348 0.0909541 4.558 0.144399 -0.082247 0.986095 73.4164
0.987375 0.0688152 -0.142667 -81.1023 -0.0556784 0.994002 0.0941151 4.6161 0.148288 -0.0849835 0.985285 74.1928
0.986308 0.0698256 -0.149395 -81.2281 -0.0555897 0.993687 0.0974348 4.68355 0.155255 -0.087796 0.983965 74.9613
0.985453 0.0686228 -0.155472 -81.3571 -0.0536865 0.993705 0.0983154 4.75941 0.16124 -0.0885384 0.982935 75.7304
0.984413 0.067299 -0.162479 -81.4953 -0.0520772 0.993998 0.0961945 4.83536 0.167978 -0.0862337 0.982011 76.4993
0.982824 0.0674157 -0.171788 -81.6417 -0.052434 0.994532 0.0903075 4.89834 0.176937 -0.0797488 0.980985 77.2645
0.98148 0.0651518 -0.180141 -81.7981 -0.0497409 0.994807 0.0887848 4.95867 0.18499 -0.0781801 0.979625 78.0183
0.97941 0.0651998 -0.191057 -81.9481 -0.0483013 0.994603 0.091811 5.00799 0.196013 -0.0806923 0.977275 78.7565
0.977319 0.0654114 -0.20141 -82.1189 -0.046191 0.994044 0.0986965 5.0679 0.206667 -0.0871546 0.974521 79.5058
0.975072 0.0660742 -0.211817 -82.2912 -0.0440749 0.993286 0.106953 5.15016 0.217462 -0.094951 0.971439 80.2454
0.9727 0.0634866 -0.22321 -82.4757 -0.0394859 0.993103 0.110393 5.21045 0.228679 -0.0985654 0.968498 80.9867
0.969806 0.065273 -0.234975 -82.6711 -0.0409436 0.993418 0.106973 5.28144 0.240411 -0.0941223 0.966096 81.722
0.966827 0.0648035 -0.247072 -82.875 -0.0411272 0.994155 0.0998163 5.35038 0.252096 -0.0863437 0.963842 82.4601
0.963957 0.0630093 -0.258485 -83.0872 -0.0390319 0.994531 0.0968709 5.42772 0.263175 -0.0832902 0.961145 83.1983
0.961202 0.0624225 -0.268687 -83.3125 -0.036292 0.994209 0.101148 5.51138 0.273445 -0.0874725 0.957901 83.943
0.957831 0.0631093 -0.280313 -83.5351 -0.0336707 0.993512 0.108625 5.592 0.285349 -0.0946063 0.953742 84.6748
0.954304 0.0631255 -0.292093 -83.7599 -0.0307567 0.992991 0.114114 5.66145 0.297249 -0.0999154 0.949557 85.3885
0.950487 0.0630883 -0.304291 -83.9845 -0.0288188 0.99285 0.115828 5.72416 0.309423 -0.101323 0.94551 86.0663
0.946027 0.0616122 -0.318176 -84.2273 -0.0261389 0.993069 0.114582 5.78632 0.323031 -0.10008 0.941081 86.7376
0.942958 0.0592112 -0.327601 -84.4625 -0.0240263 0.993593 0.110427 5.85164 0.332041 -0.0962572 0.93834 87.4044
0.939635 0.0572104 -0.33736 -84.7067 -0.0223079 0.994068 0.106444 5.90542 0.341448 -0.0924924 0.935338 88.0818
0.936774 0.0567661 -0.345298 -84.9703 -0.021895 0.994329 0.104065 5.95751 0.349247 -0.0899255 0.932705 88.7574
0.933647 0.0591883 -0.353267 -85.2451 -0.0235073 0.994251 0.104455 6.01877 0.357419 -0.0892199 0.929672 89.4152
0.930281 0.0614621 -0.36166 -85.5137 -0.024073 0.993967 0.106997 6.07633 0.366055 -0.0908313 0.926149 90.0927
0.927062 0.0635036 -0.369489 -85.7811 -0.0228322 0.993283 0.113427 6.1537 0.374211 -0.096718 0.922285 90.7629
0.923907 0.06612 -0.376857 -86.0557 -0.0215192 0.992375 0.121357 6.23272 0.382008 -0.104013 0.918286 91.446
0.921181 0.0723856 -0.382341 -86.3496 -0.0252067 0.991582 0.126998 6.32481 0.388315 -0.10735 0.915252 92.1319
0.918657 0.078029 -0.387271 -86.6572 -0.0312517 0.991581 0.125655 6.40478 0.393816 -0.103331 0.913362 92.8046
0.915588 0.0781996 -0.394438 -86.9705 -0.0340027 0.992451 0.11783 6.48123 0.400675 -0.0944721 0.911336 93.4878
0.914153 0.0742548 -0.398509 -87.2691 -0.0316937 0.993162 0.112354 6.53938 0.404127 -0.0900787 0.910256 94.1745
0.911961 0.0756167 -0.403246 -87.5827 -0.0326284 0.993122 0.112439 6.61477 0.408975 -0.0893832 0.908156 94.8608
0.909762 0.0795126 -0.407443 -87.9113 -0.0347141 0.992619 0.116198 6.7052 0.413675 -0.0915689 0.905807 95.5616
0.908009 0.0808535 -0.411073 -88.2393 -0.0335776 0.992088 0.120964 6.79472 0.417601 -0.0960337 0.90354 96.2763
0.905667 0.0797301 -0.416425 -88.5728 -0.0314781 0.992093 0.121489 6.89032 0.422819 -0.0969205 0.901016 96.9884
0.903786 0.0795879 -0.420518 -88.9118 -0.0329219 0.992574 0.1171 6.98537 0.426715 -0.0919891 0.899695 97.6893
0.901295 0.0772674 -0.426258 -89.2567 -0.0321982 0.993191 0.111954 7.05997 0.432006 -0.0871788 0.897646 98.3826
0.899148 0.0769058 -0.430834 -89.6092 -0.0310085 0.993159 0.112569 7.13613 0.436544 -0.0878566 0.895382 99.0782
0.897782 0.0774692 -0.433572 -89.9624 -0.0299162 0.992862 0.115455 7.21277 0.439421 -0.0906824 0.893691 99.7748
0.895446 0.078244 -0.438238 -90.3211 -0.0293249 0.992661 0.117313 7.28805 0.444201 -0.092196 0.89117 100.467
0.893606 0.0771767 -0.442166 -90.6788 -0.027222 0.992611 0.118238 7.36342 0.448025 -0.0936213 0.889105 101.168
0.891319 0.0760649 -0.446949 -91.0247 -0.0252245 0.992618 0.118627 7.44159 0.452673 -0.0944607 0.886658 101.857
0.889271 0.0751055 -0.451171 -91.3712 -0.0234547 0.992615 0.119009 7.51731 0.456778 -0.0952489 0.884466 102.527
0.887318 0.0736922 -0.45523 -91.7084 -0.0211409 0.992611 0.119476 7.59367 0.460671 -0.0963894 0.882321 103.173
0.884958 0.0731336 -0.459891 -92.0586 -0.0194032 0.992523 0.120498 7.66262 0.465266 -0.0977119 0.87976 103.83
0.882965 0.0724018 -0.463821 -92.4046 -0.0177788 0.992483 0.12108 7.73065 0.469101 -0.0986633 0.877615 104.483
0.88025 0.0699602 -0.469323 -92.7574 -0.0161038 0.992906 0.117805 7.79789 0.474235 -0.0961397 0.875132 105.135
0.878311 0.0659297 -0.473521 -93.1133 -0.0132133 0.993414 0.113807 7.86266 0.477906 -0.0937016 0.873398 105.784
0.876714 0.0652475 -0.476564 -93.47 -0.0119992 0.993415 0.113936 7.92967 0.48086 -0.0941714 0.871724 106.428
0.874505 0.0659003 -0.480517 -93.8309 -0.0110236 0.99317 0.116146 7.99782 0.48489 -0.0962731 0.869259 107.072
0.872993 0.0674826 -0.483041 -94.1936 -0.00838846 0.992312 0.12347 8.07264 0.48766 -0.103736 0.866848 107.713
0.872296 0.068199 -0.484198 -94.5505 -0.00531059 0.991488 0.130083 8.15245 0.488949 -0.1109 0.865233 108.353
0.870788 0.0671085 -0.487056 -94.9035 -0.00163814 0.991031 0.13362 8.23487 0.491655 -0.115556 0.863088 108.989
0.869714 0.0659895 -0.489123 -95.2506 0.000442804 0.990916 0.134476 8.31627 0.493555 -0.117172 0.861785 109.61
0.868182 0.0640157 -0.492098 -95.6007 0.00241526 0.991087 0.133189 8.39903 0.496239 -0.116821 0.860289 110.228
0.866961 0.0638125 -0.494273 -95.945 0.00302881 0.991075 0.133264 8.4834 0.498366 -0.117032 0.85903 110.837
0.865509 0.0638802 -0.496803 -96.2891 0.00366974 0.990998 0.133819 8.56561 0.500879 -0.117644 0.857484 111.435
0.864298 0.0635497 -0.498948 -96.6264 0.00434281 0.991006 0.133745 8.64352 0.50296 -0.117762 0.856248 112.017
0.863263 0.0632446 -0.500775 -96.9574 0.00556904 0.990865 0.13474 8.7238 0.504722 -0.119105 0.855025 112.582
0.86221 0.0632885 -0.502581 -97.2791 0.00628061 0.990752 0.135537 8.79849 0.506511 -0.120018 0.853839 113.127
0.86095 0.0632763 -0.504737 -97.5922 0.00712358 0.990636 0.136342 8.86941 0.508638 -0.120979 0.852437 113.652
0.859802 0.0633836 -0.506677 -97.8948 0.00766846 0.990551 0.136928 8.93767 0.510568 -0.121616 0.851192 114.159
0.858673 0.0634765 -0.508576 -98.184 0.00819423 0.990473 0.137458 9.005 0.512457 -0.122199 0.849973 114.644
0.857484 0.064775 -0.510416 -98.4634 0.00577626 0.990768 0.135439 9.06405 0.514477 -0.119085 0.849194 115.108
0.856314 0.0631676 -0.512577 -98.7325 0.00595403 0.991218 0.1321 9.12044 0.51642 -0.116171 0.848418 115.556
0.854346 0.0608784 -0.516125 -98.9877 0.00927626 0.99117 0.132267 9.17535 0.51962 -0.117789 0.846238 115.986
0.851891 0.0602679 -0.520239 -99.238 0.011195 0.991033 0.13314 9.22402 0.523598 -0.119245 0.843578 116.398
0.848833 0.0605691 -0.525178 -99.4801 0.0120842 0.990932 0.133816 9.27362 0.528522 -0.119934 0.840404 116.789
0.845177 0.0628856 -0.530774 -99.7181 0.0107982 0.990842 0.134589 9.3186 0.534377 -0.119483 0.836758 117.161
0.8413 0.0689661 -0.53615 -99.9493 0.00738918 0.990268 0.138975 9.36707 0.540517 -0.120881 0.832603 117.509
0.837501 0.0737535 -0.541435 -100.175 0.0070366 0.989311 0.145647 9.4148 0.54639 -0.125789 0.82803 117.844
0.833385 0.0736334 -0.547765 -100.394 0.00944657 0.989042 0.147324 9.45923 0.552612 -0.127952 0.823557 118.164
0.827919 0.0738656 -0.555961 -100.603 0.0117232 0.988792 0.14883 9.50033 0.560724 -0.129737 0.817774 118.469
0.82137 0.0735408 -0.565634 -100.804 0.0143679 0.988671 0.149406 9.54074 0.570213 -0.130845 0.811008 118.759
0.812905 0.0738603 -0.577693 -101.001 0.0166781 0.988566 0.149861 9.58174 0.582156 -0.131457 0.802378 119.032
0.802779 0.0745127 -0.591602 -101.193 0.0190162 0.988457 0.150301 9.61935 0.595973 -0.131908 0.792095 119.287
0.790833 0.0751419 -0.607401 -101.38 0.0214559 0.98842 0.150213 9.6552 0.611655 -0.131826 0.780063 119.524
0.777513 0.075253 -0.624347 -101.561 0.024647 0.988404 0.149827 9.68681 0.628383 -0.13188 0.766642 119.745
0.763179 0.0740323 -0.641932 -101.741 0.0254666 0.989197 0.144358 9.71853 0.645685 -0.126519 0.753049 119.948
0.748691 0.0699818 -0.659214 -101.914 0.028993 0.990003 0.138027 9.74617 0.662284 -0.122452 0.739177 120.134
0.733448 0.0706205 -0.676067 -102.089 0.0277703 0.990644 0.133608 9.77293 0.679178 -0.116769 0.724625 120.305
0.717533 0.0727556 -0.692714 -102.262 0.0254505 0.991126 0.13046 9.8012 0.696059 -0.111239 0.709314 120.463
0.701628 0.0731287 -0.70878 -102.439 0.028017 0.991118 0.129994 9.82937 0.711991 -0.111065 0.693348 120.612
0.683676 0.0730813 -0.726116 -102.616 0.0317906 0.991046 0.129678 9.85452 0.729092 -0.111742 0.675231 120.754
0.664594 0.0733222 -0.743597 -102.794 0.0352769 0.990984 0.129245 9.87975 0.74637 -0.112127 0.656016 120.89
0.643717 0.0737559 -0.761701 -102.974 0.0389305 0.990899 0.12885 9.90668 0.764272 -0.112596 0.634987 121.018
0.620273 0.0760854 -0.780686 -103.158 0.0408841 0.990795 0.129046 9.93434 0.783319 -0.111961 0.611452 121.137
0.59718 0.0766747 -0.798433 -103.346 0.0445163 0.990717 0.128436 9.96077 0.80087 -0.112242 0.588223 121.249
0.572691 0.0770064 -0.816146 -103.538 0.0484599 0.990656 0.127476 9.98954 0.818337 -0.112555 0.563608 121.355
0.547888 0.0769808 -0.833002 -103.734 0.0521619 0.990675 0.12586 10.019 0.834923 -0.112408 0.538763 121.456
0.521009 0.081297 -0.84967 -103.93 0.0513839 0.99066 0.126295 10.0436 0.852002 -0.10946 0.511966 121.547
0.494418 0.0815625 -0.865388 -104.129 0.0552451 0.990626 0.124929 10.07 0.867466 -0.109576 0.485277 121.635
0.465701 0.0815396 -0.881177 -104.332 0.059388 0.990621 0.123054 10.0924 0.882946 -0.109637 0.45649 121.714
0.433864 0.0808625 -0.897342 -104.535 0.0634048 0.990754 0.119936 10.1145 0.898744 -0.108932 0.424725 121.788
0.399536 0.0763808 -0.913529 -104.759 0.0677186 0.99134 0.112504 10.1344 0.914212 -0.106812 0.390904 121.861
0.361787 0.0768109 -0.929091 -104.991 0.072396 0.991275 0.110143 10.1565 0.929445 -0.107111 0.353069 121.93
0.320556 0.0770911 -0.944087 -105.245 0.0773558 0.991222 0.107206 10.179 0.944065 -0.107396 0.311778 121.993
0.277409 0.0773824 -0.95763 -105.514 0.0824461 0.991156 0.103975 10.1989 0.957207 -0.107796 0.268576 122.047
0.231169 0.0775273 -0.969819 -105.802 0.0871921 0.991157 0.100017 10.2247 0.968998 -0.107681 0.222365 122.09
0.182169 0.0778356 -0.980181 -106.116 0.0924122 0.991093 0.0958772 10.2493 0.978914 -0.108047 0.173353 122.118
0.132627 0.077928 -0.988097 -106.445 0.0974222 0.991051 0.0912375 10.2725 0.986366 -0.108363 0.123848 122.136
0.0817472 0.0785224 -0.993555 -106.779 0.102429 0.99095 0.0867443 10.2944 0.991375 -0.10886 0.072964 122.133
0.0295666 0.0791093 -0.996427 -107.13 0.107378 0.990842 0.0818522 10.3182 0.993778 -0.109415 0.0208009 122.116
-0.0230808 0.0797451 -0.996548 -107.49 0.112176 0.990724 0.0766811 10.3377 0.993419 -0.110019 -0.0318126 122.084
-0.0772874 0.0806461 -0.993741 -107.867 0.116993 0.99057 0.0712898 10.356 0.99012 -0.110751 -0.0859941 122.035
-0.130404 0.0814278 -0.988111 -108.249 0.121364 0.990437 0.0656028 10.3726 0.984004 -0.111366 -0.13904 121.96
-0.18073 0.0819743 -0.98011 -108.639 0.125238 0.990326 0.0597351 10.3897 0.975526 -0.111951 -0.189249 121.858
-0.230345 0.0823349 -0.969619 -109.044 0.128351 0.990279 0.053598 10.4104 0.964607 -0.112105 -0.238674 121.738
-0.278617 0.0828429 -0.956822 -109.456 0.131309 0.990202 0.0474971 10.4261 0.951382 -0.112406 -0.286766 121.597
-0.325145 0.0831901 -0.941997 -109.875 0.133905 0.990136 0.0412222 10.4398 0.936135 -0.112735 -0.333078 121.427
-0.370038 0.0842039 -0.925192 -110.315 0.136785 0.989968 0.0353912 10.4473 0.918891 -0.113456 -0.377844 121.237
-0.411882 0.0851374 -0.907251 -110.757 0.139202 0.989818 0.0296895 10.4529 0.900541 -0.114063 -0.41954 121.02
-0.452049 0.0857083 -0.887865 -111.209 0.141006 0.989723 0.0237489 10.4587 0.880776 -0.114459 -0.45949 120.776
-0.486705 0.0863015 -0.869292 -111.66 0.142374 0.989638 0.0185358 10.4612 0.861885 -0.114744 -0.49395 120.504
-0.514898 0.0863707 -0.852889 -112.125 0.142688 0.989667 0.0140796 10.4662 0.845292 -0.114448 -0.521902 120.207
-0.538485 0.0862406 -0.838209 -112.593 0.142761 0.989705 0.0101145 10.4639 0.830452 -0.114217 -0.545254 119.884
-0.556015 0.0862089 -0.826689 -113.073 0.142312 0.989792 0.00750141 10.4667 0.818897 -0.113477 -0.562609 119.542
-0.570847 0.0861728 -0.816521 -113.565 0.142032 0.989848 0.00516756 10.4697 0.808677 -0.113022 -0.577291 119.181
-0.582021 0.0866467 -0.808543 -114.066 0.141821 0.989883 0.00399169 10.4707 0.80071 -0.112345 -0.588422 118.808
-0.592918 0.0873303 -0.800513 -114.579 0.142102 0.989847 0.00273484 10.4706 0.792625 -0.112133 -0.599308 118.423
-0.601112 0.0881418 -0.794289 -115.105 0.142706 0.989762 0.00183455 10.4654 0.786319 -0.112247 -0.607537 118.02
