1 0 0 0 0 1 0 0 0 0 1 0
0.999997 0.00235788 0.000178258 -0.0110163 -0.00235795 0.999997 0.000396658 -0.0112195 -0.000177323 -0.000397077 1 0.64577
0.999993 0.00382525 0.000486015 -0.0155177 -0.00382562 0.999992 0.000769491 -0.0207621 -0.000483067 -0.000771344 1 1.33026
0.999991 0.00413804 0.00107337 -0.0239531 -0.00413901 0.999991 0.000910546 -0.0428163 -0.00106959 -0.000914981 0.999999 2.03826
0.99998 0.00613121 0.00143395 -0.0304795 -0.00613205 0.999981 0.000582844 -0.0621805 -0.00143035 -0.000591625 0.999999 2.75418
0.99998 0.00627546 0.00114199 -0.0386786 -0.00627593 0.99998 0.000401278 -0.0781834 -0.00113945 -0.000408437 0.999999 3.47207
0.999978 0.00632128 0.00215353 -0.0437189 -0.00632274 0.99998 0.000670155 -0.0941264 -0.00214925 -0.000683756 0.999997 4.19004
0.999977 0.00646164 0.00220031 -0.0464588 -0.00646737 0.999976 0.00260416 -0.107944 -0.00218343 -0.00261833 0.999994 4.90474
0.999978 0.00565471 0.00359109 -0.0485747 -0.00567678 0.999965 0.00616452 -0.117677 -0.0035561 -0.00618477 0.999975 5.60848
0.999975 0.0055478 0.00448504 -0.0494741 -0.00559025 0.999939 0.00950959 -0.125833 -0.00443201 -0.00953442 0.999945 6.30294
0.999973 0.00478175 0.00565986 -0.0471256 -0.00484681 0.999922 0.0115377 -0.133167 -0.00560424 -0.0115649 0.999917 6.9819
0.999964 0.00475909 0.00709245 -0.0443095 -0.00484126 0.999921 0.0116132 -0.140965 -0.00703662 -0.0116471 0.999907 7.63773
0.999953 0.00590897 0.0076605 -0.043597 -0.00598974 0.999926 0.0105645 -0.150518 -0.00759751 -0.0106099 0.999915 8.26804
0.999945 0.00579367 0.00869559 -0.0400986 -0.00587187 0.999942 0.00899553 -0.157732 -0.00864297 -0.0090461 0.999922 8.87242
0.999939 0.00501942 0.00981048 -0.0318071 -0.00510257 0.999951 0.00846845 -0.162788 -0.00976749 -0.00851799 0.999916 9.44946
0.999932 0.00207975 0.0114886 -0.0202251 -0.00215917 0.999974 0.0069046 -0.168754 -0.011474 -0.00692894 0.99991 10.0007
0.999908 0.000629241 0.0135324 -0.00882539 -0.000721346 0.999977 0.00680249 -0.17623 -0.0135278 -0.00681162 0.999885 10.5266
0.999872 0.0042084 0.0154445 0.000500716 -0.00428894 0.999978 0.00518504 -0.180715 -0.0154223 -0.00525061 0.999867 11.0251
0.999806 0.00723752 0.0183117 0.00788112 -0.00732129 0.999963 0.00451204 -0.187092 -0.0182783 -0.00464523 0.999822 11.4985
0.999738 0.00808726 0.0214292 0.0165608 -0.00819789 0.999954 0.00507962 -0.192185 -0.0213871 -0.00525396 0.999757 11.9412
0.999686 0.00446151 0.024641 0.0305128 -0.00461564 0.99997 0.00620165 -0.196824 -0.0246126 -0.00631344 0.999677 12.3545
0.999629 8.61623e-05 0.0272206 0.042772 -0.000268695 0.999978 0.00670212 -0.2009 -0.0272194 -0.00670695 0.999607 12.7387
0.999562 -0.0026819 0.0294812 0.0555029 0.00244567 0.999965 0.00804603 -0.202237 -0.0295018 -0.0079704 0.999533 13.0892
0.9995 -0.00346169 0.0314198 0.068912 0.00319028 0.999957 0.00868438 -0.203253 -0.0314485 -0.0085798 0.999469 13.4094
0.999432 -0.00263817 0.033583 0.0816356 0.0023595 0.999963 0.00833482 -0.205799 -0.0336037 -0.00825085 0.999401 13.6985
0.999356 -0.00205087 0.0358261 0.091866 0.00176497 0.999967 0.00800991 -0.208303 -0.0358413 -0.00794152 0.999326 13.9566
0.999268 -0.000952997 0.0382426 0.100115 0.000670625 0.999973 0.00739589 -0.208904 -0.0382486 -0.00736483 0.999241 14.1928
0.9992 0.000827127 0.0399835 0.108499 -0.00110494 0.999976 0.00692653 -0.210972 -0.0399768 -0.00696516 0.999176 14.41
0.999169 0.0014067 0.0407416 0.114059 -0.00166633 0.999979 0.00633928 -0.212539 -0.0407318 -0.0064019 0.99915 14.6108
0.999082 0.00110772 0.0428098 0.120633 -0.00133718 0.999985 0.0053318 -0.214396 -0.0428032 -0.00538415 0.999069 14.8004
0.999022 0.000275334 0.0442162 0.130214 -0.000480277 0.99999 0.00462449 -0.215281 -0.0442144 -0.0046412 0.999011 14.9793
0.998951 -0.000521397 0.0457897 0.13806 0.000344489 0.999993 0.00387131 -0.217717 -0.0457914 -0.00385148 0.998944 15.1503
0.998895 -7.59579e-05 0.046997 0.146962 -6.46791e-05 0.999996 0.00299097 -0.218378 -0.046997 -0.0029907 0.99889 15.3119
0.998826 0.000490086 0.048441 0.154853 -0.000561016 0.999999 0.00145069 -0.220488 -0.0484402 -0.00147616 0.998825 15.4642
0.998778 0.00113623 0.049397 0.16154 -0.00112 1 -0.00035614 -0.221299 -0.0493973 0.000300381 0.998779 15.6122
0.998742 7.91758e-05 0.0501333 0.169978 1.9776e-05 0.999998 -0.00197325 -0.222645 -0.0501333 0.00197176 0.99874 15.7569
0.998756 -0.00086688 0.0498456 0.178799 0.00104017 0.999994 -0.00345068 -0.223848 -0.0498423 0.00349824 0.998751 15.8998
0.998841 -0.000714921 0.0481296 0.1857 0.000907053 0.999992 -0.00397022 -0.225684 -0.0481264 0.00400928 0.998833 16.0412
0.998986 -0.00104288 0.0450096 0.190666 0.00126816 0.999987 -0.00497686 -0.226544 -0.0450038 0.00502889 0.998974 16.1795
0.999135 0.000528781 0.0415716 0.195079 -0.000252054 0.999978 -0.00666157 -0.227585 -0.0415742 0.00664534 0.999113 16.3178
0.999351 0.000231868 0.036008 0.197378 2.79541e-05 0.999974 -0.00721497 -0.228765 -0.0360088 0.0072113 0.999325 16.4563
0.999571 0.000292715 0.0292791 0.199071 -7.0562e-05 0.999971 -0.00758814 -0.229109 -0.0292804 0.00758282 0.999542 16.5938
0.999755 0.000184553 0.0221369 0.197481 -5.76709e-06 0.999968 -0.00807613 -0.230457 -0.0221376 0.00807402 0.999722 16.7329
0.999899 0.000189123 0.0142114 0.194737 -7.13071e-05 0.999966 -0.00829021 -0.231754 -0.0142125 0.00828835 0.999865 16.872
0.999989 2.49952e-05 0.00457248 0.191126 2.01592e-05 0.999951 -0.00987468 -0.231024 -0.0045725 0.00987467 0.999941 17.0128
0.999966 -0.00158661 -0.00811636 0.184173 0.00149608 0.999937 -0.011148 -0.231317 0.00813354 0.0111355 0.999905 17.1553
0.999709 -0.00252853 -0.023968 0.174954 0.00221826 0.999914 -0.0129627 -0.23299 0.0239987 0.0129058 0.999629 17.3018
0.999064 -0.00227507 -0.0431987 0.15691 0.0016951 0.999908 -0.0134575 -0.234752 0.0432254 0.0133717 0.998976 17.4578
0.997916 -0.00170033 -0.0645078 0.134217 0.000849583 0.999913 -0.0132134 -0.239547 0.0645246 0.013131 0.99783 17.6227
0.996138 -0.00165337 -0.0877898 0.1041 0.000535199 0.999919 -0.0127589 -0.244749 0.0878037 0.0126627 0.996057 17.7993
0.993457 -0.000978427 -0.114204 0.0661694 -0.000431385 0.999924 -0.0123194 -0.25038 0.114207 0.012288 0.993381 17.9952
0.98959 -0.000402684 -0.143915 0.0197544 -0.00123157 0.999936 -0.0112665 -0.254503 0.14391 0.0113264 0.989526 18.2036
0.984228 -0.000516944 -0.176907 -0.0371978 -0.00111869 0.999958 -0.00914587 -0.261919 0.176904 0.00919952 0.984185 18.4282
0.976978 -7.61761e-05 -0.213342 -0.10635 -0.00128766 0.99998 -0.00625378 -0.265665 0.213338 0.00638452 0.976958 18.6614
0.967578 0.000724701 -0.252572 -0.18828 -0.0014395 0.999996 -0.00264532 -0.268553 0.252569 0.00292313 0.967574 18.8999
0.955935 0.00420678 -0.29355 -0.290149 -0.00410315 0.999991 0.000968848 -0.270332 0.293551 0.000278321 0.955943 19.1511
0.942127 0.00718048 -0.335179 -0.408357 -0.00632832 0.999974 0.00363447 -0.274007 0.335196 -0.00130302 0.942148 19.409
0.925864 0.00876917 -0.377756 -0.542444 -0.0063027 0.99995 0.00776506 -0.277279 0.377805 -0.00480851 0.925873 19.6681
0.907033 0.0114034 -0.420905 -0.698217 -0.00623812 0.999888 0.0136466 -0.278363 0.421014 -0.00975229 0.907002 19.9355
0.885594 0.0146356 -0.46423 -0.874023 -0.00685652 0.999807 0.0184406 -0.278612 0.46441 -0.0131479 0.885523 20.204
0.86134 0.0182241 -0.507703 -1.06756 -0.00858598 0.999736 0.0213192 -0.279456 0.507957 -0.014004 0.861269 20.4702
0.834081 0.0212022 -0.551235 -1.28378 -0.00988187 0.999675 0.0234982 -0.278976 0.551554 -0.0141521 0.834019 20.7423
0.803796 0.0239319 -0.594424 -1.51931 -0.0122568 0.999645 0.0236724 -0.2785 0.594779 -0.011742 0.803803 21.0086
0.770828 0.0261323 -0.636507 -1.7801 -0.0129588 0.999595 0.0253457 -0.278773 0.636912 -0.0112887 0.770854 21.2752
0.734634 0.0288286 -0.677851 -2.06432 -0.0140864 0.99953 0.027243 -0.277676 0.678318 -0.0104651 0.734695 21.5375
0.696444 0.0287868 -0.717034 -2.36329 -0.0120188 0.999523 0.0284542 -0.276247 0.717511 -0.0111989 0.696458 21.7915
0.656063 0.0289833 -0.754149 -2.69211 -0.0107336 0.99952 0.0290757 -0.275256 0.75463 -0.0109807 0.656059 22.0418
0.614128 0.0277807 -0.788718 -3.04279 -0.00701658 0.999533 0.0297427 -0.272331 0.789176 -0.0127317 0.614036 22.2848
0.570215 0.027439 -0.821038 -3.41227 -0.003052 0.999506 0.0312837 -0.267613 0.82149 -0.0153326 0.570017 22.5164
0.523933 0.0278932 -0.851303 -3.81197 -0.00213882 0.999504 0.0314328 -0.260138 0.851757 -0.0146479 0.523733 22.7386
0.475066 0.0268151 -0.879542 -4.23176 -0.00144306 0.999558 0.0296947 -0.250594 0.879949 -0.0128377 0.474895 22.9367
0.42359 0.0261191 -0.905478 -4.67935 0.00178009 0.999559 0.0296657 -0.243165 0.905852 -0.0141779 0.423356 23.1232
0.370274 0.0245767 -0.928598 -5.15082 0.00646531 0.999558 0.0290327 -0.235003 0.9289 -0.0167537 0.369951 23.2913
0.317216 0.0243645 -0.948041 -5.64314 0.00756691 0.999573 0.0282208 -0.232044 0.948323 -0.0161258 0.316896 23.4355
0.264208 0.0276246 -0.96407 -6.16026 0.00731281 0.999504 0.0306441 -0.220313 0.964438 -0.0151465 0.263875 23.5559
0.21337 0.0320036 -0.976447 -6.69905 0.00868458 0.999362 0.0346524 -0.207441 0.976933 -0.0158738 0.212956 23.6488
0.165436 0.0339633 -0.985636 -7.25477 0.0132609 0.99924 0.0366579 -0.193594 0.986132 -0.0191349 0.16486 23.724
0.121044 0.0345076 -0.992047 -7.83206 0.0148256 0.999222 0.0365661 -0.180033 0.992537 -0.0191338 0.120438 23.7802
0.0815762 0.033061 -0.996119 -8.42787 0.0152127 0.999292 0.0344121 -0.162961 0.996551 -0.0179609 0.0810155 23.8114
0.0458128 0.0296719 -0.99851 -9.04371 0.0108352 0.999485 0.0301981 -0.148898 0.998891 -0.0122025 0.0454677 23.8245
0.0179166 0.0287973 -0.999425 -9.67892 0.00883821 0.999542 0.0289591 -0.132533 0.999801 -0.00935197 0.0176539 23.8145
-0.00324705 0.0324362 -0.999469 -10.3411 0.00796675 0.999443 0.0324095 -0.110464 0.999963 -0.00785728 -0.00350362 23.7941
-0.0162563 0.0372342 -0.999175 -11.0298 0.00873402 0.999274 0.0370958 -0.087697 0.99983 -0.00812377 -0.0165697 23.7641
-0.023827 0.0397411 -0.998926 -11.7424 0.00996111 0.99917 0.0395132 -0.0603581 0.999667 -0.00900893 -0.024203 23.7303
-0.0277512 0.0378997 -0.998897 -12.4783 0.0100651 0.999241 0.0376332 -0.0334799 0.999564 -0.0090096 -0.0281116 23.7027
-0.0266502 0.0340979 -0.999063 -13.2327 0.0154105 0.999314 0.0336954 -0.00429329 0.999526 -0.0144981 -0.0271574 23.6753
-0.0224817 0.0335113 -0.999186 -14.0002 0.0284443 0.999055 0.0328669 0.0257819 0.999343 -0.0276822 -0.0234136 23.6686
-0.0158653 0.0328257 -0.999336 -14.7945 0.0308624 0.999001 0.0323248 0.0604662 0.999398 -0.0303291 -0.0168625 23.6728
-0.0105309 0.0310014 -0.999464 -15.6117 0.029118 0.999105 0.0306835 0.097968 0.999521 -0.0287793 -0.0114241 23.6724
-0.00609613 0.0270275 -0.999617 -16.4508 0.0336708 0.999074 0.0268075 0.121672 0.999415 -0.0334945 -0.00700049 23.6884
-0.00390825 0.0174376 -0.999841 -17.3198 0.0317114 0.999347 0.0173051 0.137502 0.99949 -0.0316387 -0.00445864 23.6928
-0.00281035 0.00969672 -0.999949 -18.2071 0.0252185 0.999636 0.00962282 0.149907 0.999678 -0.0251902 -0.00305383 23.6884
-0.00315225 0.00764667 -0.999966 -19.1189 0.0203822 0.999764 0.00758088 0.162006 0.999788 -0.0203576 -0.00330734 23.6767
-0.00659653 0.0133732 -0.999889 -20.0585 0.0127038 0.999831 0.0132886 0.181389 0.999898 -0.0126148 -0.00676527 23.6567
-0.00998912 0.020389 -0.999743 -21.035 0.00897565 0.999754 0.0202995 0.20086 0.99991 -0.00877056 -0.0101696 23.6383
-0.0149419 0.0292792 -0.99946 -22.0282 0.00692519 0.999551 0.0291784 0.231061 0.999865 -0.00648546 -0.0151379 23.6229
-0.0170441 0.0373897 -0.999156 -23.0481 0.00601625 0.999287 0.037292 0.264047 0.999837 -0.00537556 -0.0172568 23.6071
-0.0168149 0.0436809 -0.998904 -24.0869 0.00880688 0.999013 0.0435375 0.304502 0.99982 -0.00806515 -0.017183 23.594
-0.0187675 0.045554 -0.998786 -25.1364 0.00993673 0.998921 0.0453735 0.34354 0.999775 -0.00907311 -0.0191999 23.5811
-0.0191001 0.0422435 -0.998925 -26.1906 0.00837119 0.999079 0.04209 0.381702 0.999783 -0.00755827 -0.0194361 23.57
-0.0222938 0.038237 -0.99902 -27.2411 0.00331851 0.999266 0.0381724 0.413294 0.999746 -0.00246425 -0.0224043 23.5542
-0.0266117 0.0340434 -0.999066 -28.2917 0.00236479 0.99942 0.0339925 0.440379 0.999643 -0.00145799 -0.0266768 23.5339
-0.0321863 0.0306032 -0.999013 -29.3446 0.00452021 0.999526 0.0304733 0.46502 0.999472 -0.00353493 -0.0323094 23.5087
-0.0391408 0.0284264 -0.998829 -30.3987 0.00279025 0.999595 0.0283389 0.486471 0.99923 -0.00167778 -0.0392042 23.4753
-0.0451837 0.0310743 -0.998496 -31.4605 0.00470182 0.999512 0.0308931 0.509488 0.998968 -0.00329888 -0.0453077 23.4357
-0.0518461 0.0348796 -0.998046 -32.5274 0.00341367 0.99939 0.0347493 0.541599 0.99865 -0.00160538 -0.0519335 23.3882
-0.0588275 0.0376871 -0.997557 -33.5982 0.00292363 0.99929 0.0375802 0.575573 0.998264 -0.000705735 -0.0588958 23.3326
-0.0630085 0.038604 -0.997266 -34.6684 -4.703e-05 0.999252 0.0386838 0.608622 0.998013 0.00248431 -0.0629595 23.2706
-0.0671691 0.0393348 -0.996966 -35.7389 -0.00322826 0.999209 0.0396408 0.642916 0.997737 0.0058811 -0.0669889 23.2035
-0.0685352 0.0403683 -0.996832 -36.8132 -0.00608139 0.999146 0.0408802 0.677373 0.99763 0.00886386 -0.0682312 23.132
-0.0715726 0.0397731 -0.996642 -37.8893 -0.00759421 0.999154 0.0404187 0.71224 0.997407 0.0104616 -0.07121 23.0564
-0.0735535 0.0389615 -0.99653 -38.9659 -0.00785963 0.999183 0.0396454 0.746308 0.997261 0.0107484 -0.0731872 22.9791
-0.0744066 0.0397283 -0.996436 -40.043 -0.00789631 0.999152 0.0404262 0.778843 0.997197 0.0108761 -0.0740297 22.9
-0.0760383 0.0391124 -0.996338 -41.1227 -0.00962772 0.999155 0.0399578 0.808113 0.997059 0.0126308 -0.0755975 22.8173
-0.0775192 0.0372787 -0.996294 -42.205 -0.0132062 0.999175 0.0384141 0.839911 0.996904 0.0161351 -0.0769629 22.7309
-0.0772437 0.0331795 -0.99646 -43.2891 -0.0182625 0.999232 0.0346875 0.871701 0.996845 0.0208772 -0.0765784 22.6439
-0.0768389 0.0331601 -0.996492 -44.3697 -0.0195616 0.999204 0.0347588 0.906165 0.996852 0.0221638 -0.0761291 22.5533
-0.0747626 0.0355008 -0.996569 -45.4576 -0.0190789 0.999132 0.0370234 0.940078 0.997019 0.0217814 -0.0740205 22.4639
-0.0746625 0.037682 -0.996497 -46.5552 -0.0185709 0.99906 0.0391703 0.977533 0.997036 0.0214304 -0.0738925 22.3738
-0.0725767 0.0380711 -0.996636 -47.6539 -0.0181127 0.999056 0.0394825 1.01437 0.997198 0.0209172 -0.0718186 22.2835
-0.0701732 0.0380869 -0.996808 -48.7514 -0.0189082 0.999041 0.0395033 1.04511 0.997356 0.0216199 -0.0693857 22.1971
-0.0661416 0.0391615 -0.997042 -49.8516 -0.0218567 0.998933 0.0406857 1.07927 0.997571 0.0244831 -0.0652151 22.1161
-0.0601138 0.0392939 -0.997418 -50.9527 -0.0270047 0.998795 0.0409757 1.11455 0.997826 0.0293981 -0.0589802 22.0425
-0.0556492 0.0392487 -0.997679 -52.0678 -0.0301581 0.998705 0.0409712 1.1527 0.997995 0.0323681 -0.0543934 21.973
-0.049554 0.0393329 -0.997997 -53.1867 -0.0308586 0.998687 0.0408924 1.19194 0.998295 0.0328232 -0.0482751 21.9087
-0.0453247 0.0391202 -0.998206 -54.3111 -0.0301986 0.998723 0.0405116 1.22971 0.998516 0.0319806 -0.0440854 21.8497
-0.0405489 0.0390729 -0.998413 -55.4428 -0.0280232 0.998798 0.0402261 1.26699 0.998785 0.0296098 -0.0394052 21.7982
-0.0353346 0.0399749 -0.998576 -56.5782 -0.0270021 0.998797 0.0409392 1.30534 0.999011 0.0284103 -0.0342126 21.7519
-0.0314817 0.041193 -0.998655 -57.7226 -0.0256206 0.998789 0.0420062 1.3419 0.999176 0.0269086 -0.0303882 21.7138
-0.0269081 0.0418088 -0.998763 -58.8697 -0.0266185 0.998741 0.042525 1.38088 0.999283 0.0277298 -0.0257613 21.6753
-0.0220184 0.0419139 -0.998879 -60.0197 -0.0249013 0.998788 0.0424589 1.42033 0.999447 0.0258083 -0.020948 21.6407
-0.0187199 0.0377693 -0.999111 -61.1724 -0.0250355 0.998955 0.0382324 1.45545 0.999511 0.025729 -0.0177547 21.6092
-0.0142856 0.0343839 -0.999307 -62.3243 -0.0241449 0.999105 0.0347222 1.48661 0.999606 0.0246242 -0.0134426 21.5819
-0.0117463 0.0336516 -0.999365 -63.477 -0.0234416 0.99915 0.0339199 1.52243 0.999656 0.0238252 -0.0109475 21.5579
-0.00895239 0.03528 -0.999337 -64.6331 -0.0225078 0.999117 0.0354739 1.56026 0.999706 0.0228105 -0.00815039 21.5388
-0.00704237 0.0357224 -0.999337 -65.7945 -0.0226139 0.999101 0.0358733 1.59507 0.999719 0.0228515 -0.0062282 21.522
-0.00746756 0.0350607 -0.999357 -66.9599 -0.0239555 0.999092 0.0352304 1.63188 0.999685 0.0242032 -0.00662087 21.5085
-0.00658812 0.0358844 -0.999334 -68.129 -0.0250157 0.999037 0.0360386 1.66834 0.999665 0.0252365 -0.00568409 21.4942
-0.00710992 0.0363647 -0.999313 -69.3029 -0.0254821 0.999008 0.0365349 1.70062 0.99965 0.0257244 -0.0061762 21.4778
-0.00671081 0.0349122 -0.999368 -70.4796 -0.0259798 0.999047 0.0350755 1.73051 0.99964 0.0261987 -0.00579739 21.4631
-0.00500178 0.0337668 -0.999417 -71.6541 -0.0250369 0.999112 0.0338818 1.75913 0.999674 0.0251917 -0.00415191 21.4482
-0.00640142 0.0339702 -0.999402 -72.8369 -0.0224614 0.999166 0.034106 1.78652 0.999727 0.0226663 -0.00563305 21.4317
-0.00673736 0.0346019 -0.999378 -74.0231 -0.0188961 0.999218 0.0347237 1.81865 0.999799 0.0191183 -0.00607824 21.4128
-0.00656769 0.0364294 -0.999315 -75.2063 -0.018777 0.999155 0.036547 1.85241 0.999802 0.0190041 -0.00587809 21.3945
-0.00750186 0.0376748 -0.999262 -76.399 -0.0210557 0.999062 0.0378254 1.88772 0.99975 0.0213239 -0.00670154 21.374
-0.00653684 0.0375964 -0.999272 -77.591 -0.0232072 0.999018 0.0377387 1.92369 0.999709 0.0234369 -0.0056579 21.3582
-0.00731994 0.0363905 -0.999311 -78.7738 -0.0251991 0.999013 0.0365643 1.95868 0.999656 0.0254494 -0.00639569 21.3407
-0.00752758 0.0350541 -0.999357 -79.9744 -0.0240428 0.99909 0.0352259 1.99736 0.999682 0.0242925 -0.00667792 21.3218
-0.00626448 0.0347725 -0.999376 -81.1507 -0.0223621 0.99914 0.0349045 2.0301 0.99973 0.0225668 -0.00548149 21.3086
-0.00697003 0.0362995 -0.999317 -82.3343 -0.0203132 0.99913 0.0364343 2.05118 0.999769 0.0205533 -0.00622659 21.2939
-0.00649385 0.0385953 -0.999234 -83.5146 -0.0193763 0.999062 0.0387146 2.08317 0.999791 0.0196129 -0.00573991 21.2719
-0.00674861 0.0402474 -0.999167 -84.6922 -0.0200661 0.998983 0.0403755 2.11767 0.999776 0.0203218 -0.00593413 21.2596
-0.00723005 0.0394154 -0.999197 -85.877 -0.0200853 0.999016 0.0395536 2.15486 0.999772 0.0203551 -0.00643125 21.2501
-0.00635202 0.0379925 -0.999258 -87.0454 -0.019 0.999093 0.038107 2.18878 0.999799 0.0192279 -0.00562439 21.2434
-0.00801473 0.0363927 -0.999305 -88.2204 -0.0186635 0.999158 0.036537 2.22097 0.999794 0.0189434 -0.00732875 21.2406
-0.00908906 0.0371107 -0.99927 -89.391 -0.0161703 0.999175 0.0372543 2.25215 0.999828 0.0164971 -0.00848145 21.2385
-0.00938904 0.0396825 -0.999168 -90.5611 -0.0137631 0.999112 0.0398096 2.29004 0.999861 0.0141254 -0.00883454 21.2338
-0.0109417 0.0400537 -0.999138 -91.7326 -0.0135711 0.999099 0.0402008 2.32764 0.999848 0.0139992 -0.0103882 21.2228
-0.0117656 0.0420186 -0.999048 -92.9125 -0.0147022 0.999001 0.0421897 2.36276 0.999823 0.0151845 -0.0111361 21.2069
-0.0107303 0.0422888 -0.999048 -94.0764 -0.0168212 0.998956 0.0424656 2.3978 0.999801 0.0172608 -0.0100078 21.1892
-0.0109518 0.0428028 -0.999024 -95.2424 -0.017896 0.998915 0.0429943 2.4341 0.99978 0.0183494 -0.0101739 21.1716
-0.0121853 0.0396426 -0.99914 -96.4187 -0.0206415 0.998991 0.0398885 2.46916 0.999713 0.0211098 -0.0113547 21.1467
-0.0156168 0.0384684 -0.999138 -97.5978 -0.021725 0.999011 0.0388031 2.50107 0.999642 0.0223122 -0.0147656 21.1166
-0.0160687 0.0373571 -0.999173 -98.7661 -0.0210536 0.999068 0.0376917 2.53195 0.999649 0.0216418 -0.0152672 21.0931
-0.0158994 0.0379701 -0.999153 -99.928 -0.020612 0.999054 0.0382943 2.56461 0.999661 0.0212034 -0.0151017 21.0741
-0.0176247 0.0393346 -0.999071 -101.093 -0.0203547 0.999005 0.0396911 2.5962 0.999638 0.0210353 -0.0168065 21.0536
-0.016161 0.0414368 -0.999011 -102.26 -0.0198269 0.998931 0.0417542 2.63173 0.999673 0.0204821 -0.0153222 21.0355
-0.018229 0.0415289 -0.998971 -103.433 -0.0238301 0.998835 0.0419581 2.66376 0.99955 0.0245704 -0.0172181 21.0119
-0.0190128 0.041578 -0.998955 -104.605 -0.0277287 0.998729 0.0420964 2.69939 0.999435 0.0285001 -0.0178357 20.9823
-0.0185871 0.0408397 -0.998993 -105.784 -0.0305099 0.998677 0.0413944 2.73319 0.999362 0.0312486 -0.0173165 20.9522
-0.0203508 0.0380919 -0.999067 -106.966 -0.0315122 0.998753 0.0387218 2.76291 0.999296 0.0322708 -0.0191251 20.9175
-0.0213557 0.0349266 -0.999162 -108.152 -0.0324121 0.99884 0.0356082 2.78635 0.999247 0.0331453 -0.0201989 20.8776
-0.0214512 0.0336131 -0.999205 -109.345 -0.0293291 0.998983 0.0342353 2.81175 0.99934 0.0300402 -0.0204435 20.8413
-0.0240677 0.0327488 -0.999174 -110.542 -0.0247659 0.999137 0.0333441 2.83503 0.999404 0.0255479 -0.0232359 20.8069
-0.0243837 0.0342571 -0.999116 -111.745 -0.025007 0.999079 0.0348661 2.86208 0.99939 0.025835 -0.0235046 20.7736
-0.0284748 0.0372035 -0.998902 -112.949 -0.0249259 0.99897 0.0379166 2.89315 0.999284 0.0259782 -0.0275182 20.7355
-0.0295375 0.0378076 -0.998849 -114.158 -0.022999 0.998994 0.0384932 2.92951 0.999299 0.0241095 -0.0286383 20.6995
-0.0297284 0.0345499 -0.998961 -115.377 -0.0236585 0.999098 0.0352587 2.96003 0.999278 0.0246821 -0.0288842 20.659
-0.0323647 0.0314941 -0.99898 -116.604 -0.0248797 0.999168 0.0323061 2.98678 0.999166 0.0258999 -0.0315542 20.6064
-0.0341306 0.0295895 -0.99898 -117.829 -0.0240097 0.999249 0.0304178 3.00686 0.999129 0.0250234 -0.0333945 20.5556
-0.0357542 0.0301558 -0.998906 -119.063 -0.0268072 0.999156 0.0311229 3.02663 0.999001 0.0278907 -0.0349156 20.4975
-0.0366419 0.0328008 -0.99879 -120.308 -0.0317667 0.998918 0.0339704 3.05443 0.998823 0.032973 -0.0355603 20.4355
-0.0368071 0.0356543 -0.998686 -121.562 -0.0369533 0.998631 0.0370143 3.08345 0.998639 0.0382672 -0.0354391 20.3729
-0.0383599 0.0354349 -0.998636 -122.821 -0.0433887 0.998369 0.0370921 3.11325 0.998322 0.0447524 -0.0367599 20.305
-0.0389146 0.0325284 -0.998713 -124.084 -0.0475934 0.998275 0.0343686 3.13802 0.998108 0.0488695 -0.0372993 20.2349
-0.0398674 0.0314181 -0.998711 -125.35 -0.0482606 0.998278 0.033331 3.16859 0.998039 0.0495272 -0.0382825 20.1685
-0.0424831 0.0302319 -0.99864 -126.617 -0.0476614 0.998343 0.0322504 3.19997 0.99796 0.0489667 -0.0409718 20.0993
-0.0431182 0.0299902 -0.99862 -127.888 -0.0455051 0.998453 0.03195 3.22571 0.998033 0.0468199 -0.0416868 20.0296
-0.0454363 0.0301301 -0.998513 -129.162 -0.0461522 0.998414 0.0322272 3.25106 0.997901 0.0475479 -0.0439737 19.9571
-0.0470945 0.0337758 -0.998319 -130.438 -0.0454674 0.99832 0.0359206 3.28034 0.997855 0.0470827 -0.0454796 19.8843
-0.0478588 0.0375369 -0.998149 -131.713 -0.0439792 0.998245 0.0396492 3.31214 0.997885 0.0457953 -0.0461239 19.8098
-0.0501796 0.0360078 -0.998091 -132.991 -0.0457852 0.998216 0.0383141 3.34403 0.99769 0.0476204 -0.0484414 19.73
-0.0502407 0.0342101 -0.998151 -134.267 -0.0457834 0.998284 0.0365191 3.37488 0.997687 0.0475335 -0.0485881 19.6538
-0.0488847 0.0342502 -0.998217 -135.545 -0.0454236 0.998302 0.0364776 3.39986 0.997771 0.0471258 -0.0472459 19.5795
-0.0495001 0.0327835 -0.998236 -136.824 -0.0453069 0.998359 0.0350342 3.42488 0.997746 0.0469612 -0.0479335 19.5055
-0.0491523 0.0335588 -0.998228 -138.104 -0.0453334 0.99833 0.0357944 3.45022 0.997762 0.0470125 -0.0475488 19.4307
-0.0499862 0.0352583 -0.998128 -139.384 -0.046152 0.998228 0.0375731 3.47744 0.997683 0.0479437 -0.0482703 19.3547
-0.0497757 0.0354448 -0.998132 -140.665 -0.0475161 0.998154 0.0378152 3.50481 0.99763 0.0493096 -0.0479996 19.2813
-0.0482811 0.0332314 -0.998281 -141.938 -0.0499291 0.998117 0.0356407 3.53499 0.997585 0.051564 -0.0465309 19.2092
-0.0490376 0.0304113 -0.998334 -143.207 -0.0496715 0.998225 0.0328478 3.55782 0.997561 0.0511995 -0.04744 19.1379
-0.0501232 0.0281448 -0.998347 -144.475 -0.0475182 0.998403 0.0305321 3.57828 0.997612 0.04897 -0.0487058 19.0651
-0.0498586 0.0271466 -0.998388 -145.743 -0.04704 0.998457 0.0294976 3.59686 0.997648 0.0484348 -0.0485047 18.995
-0.0523793 0.0266714 -0.998271 -147.011 -0.0437247 0.998623 0.0289751 3.61575 0.997669 0.0451668 -0.051141 18.9226
-0.0526091 0.0266929 -0.998259 -148.278 -0.0423511 0.998684 0.0289362 3.63299 0.997717 0.0437997 -0.0514094 18.8505
-0.0536178 0.0266141 -0.998207 -149.542 -0.0416145 0.998717 0.028863 3.65407 0.997694 0.0430874 -0.0524415 18.7747
-0.0544717 0.0284254 -0.998111 -150.802 -0.0404607 0.998711 0.0306506 3.6728 0.997695 0.0420539 -0.0532513 18.6978
-0.0553831 0.0296948 -0.998024 -152.062 -0.0389175 0.998734 0.0318755 3.69166 0.997706 0.040606 -0.0541573 18.6199
-0.0561015 0.028451 -0.99802 -153.314 -0.0371693 0.998841 0.0305638 3.71026 0.997733 0.0388104 -0.054979 18.5425
-0.0581378 0.0284564 -0.997903 -154.563 -0.0382762 0.998795 0.0307118 3.72915 0.997574 0.0399814 -0.0569785 18.4646
-0.0578119 0.031982 -0.997815 -155.811 -0.0385012 0.998672 0.0342401 3.75169 0.997585 0.0403965 -0.0565037 18.3851
-0.0587587 0.0364291 -0.997608 -157.055 -0.0418096 0.998367 0.0389194 3.78207 0.997396 0.0439964 -0.0571397 18.2979
-0.0571052 0.0362557 -0.99771 -158.295 -0.0461459 0.998176 0.0389139 3.81474 0.997301 0.0482624 -0.055328 18.2123
-0.05686 0.032322 -0.997859 -159.525 -0.0490226 0.99818 0.0351258 3.84648 0.997178 0.0509149 -0.055172 18.1272
-0.0556225 0.0277103 -0.998068 -160.748 -0.0505869 0.998253 0.0305347 3.87258 0.997169 0.0521876 -0.0541235 18.045
-0.054794 0.0256011 -0.99817 -161.967 -0.0525261 0.998213 0.0284857 3.89645 0.997115 0.0539907 -0.0533514 17.963
-0.0549933 0.0236391 -0.998207 -163.178 -0.0480435 0.998499 0.0262929 3.91344 0.99733 0.0494033 -0.053775 17.8807
-0.0557218 0.0196623 -0.998253 -164.383 -0.0434955 0.998809 0.0221012 3.92841 0.997498 0.0446511 -0.0548002 17.7992
-0.0558756 0.0187752 -0.998262 -165.576 -0.0396295 0.998993 0.0210072 3.9395 0.997651 0.0407343 -0.0550753 17.7207
-0.0586907 0.0200463 -0.998075 -166.767 -0.0366538 0.999081 0.0222219 3.95073 0.997603 0.0378875 -0.057902 17.6379
-0.0581458 0.02607 -0.997968 -167.957 -0.0354504 0.998974 0.0281618 3.97208 0.997678 0.0370158 -0.057162 17.5573
-0.058243 0.0279153 -0.997912 -169.148 -0.0362651 0.99889 0.0300592 3.99713 0.997643 0.0379402 -0.057166 17.4771
-0.0566121 0.0261218 -0.998055 -170.329 -0.0375691 0.998894 0.0282748 4.018 0.997689 0.0390967 -0.0555681 17.398
-0.0561667 0.0263162 -0.998075 -171.499 -0.040477 0.998771 0.0286124 4.03706 0.9976 0.0420061 -0.0550325 17.3199
-0.0566617 0.0275954 -0.998012 -172.659 -0.0394143 0.998777 0.0298543 4.05533 0.997615 0.0410275 -0.0555047 17.2449
-0.056633 0.0262873 -0.998049 -173.814 -0.0397678 0.9988 0.0285637 4.07001 0.997602 0.0413079 -0.0555197 17.1702
-0.0557688 0.0262175 -0.9981 -174.967 -0.0408815 0.998757 0.028519 4.08289 0.997606 0.0423943 -0.0546277 17.0982
-0.0555545 0.0272766 -0.998083 -176.112 -0.0419045 0.998682 0.0296255 4.10005 0.997576 0.04347 -0.0543383 17.0257
-0.0537949 0.0284247 -0.998148 -177.248 -0.0422362 0.998635 0.0307149 4.11828 0.997658 0.0438103 -0.0525209 16.957
-0.0539164 0.0290039 -0.998125 -178.371 -0.0430346 0.998582 0.0313418 4.13407 0.997617 0.0446437 -0.0525918 16.8882
-0.0535384 0.0300157 -0.998115 -179.475 -0.044005 0.998506 0.0323879 4.15175 0.997595 0.045656 -0.0521376 16.8211
-0.0531354 0.0309774 -0.998107 -180.562 -0.0434607 0.9985 0.0333033 4.16863 0.997641 0.045148 -0.0517094 16.7566
-0.052893 0.0308081 -0.998125 -181.632 -0.0438363 0.998489 0.0331423 4.19021 0.997637 0.0455071 -0.0514626 16.6941
-0.0501539 0.0309549 -0.998262 -182.678 -0.0446511 0.998451 0.0332041 4.20716 0.997743 0.0462388 -0.048694 16.6314
-0.0484037 0.0314825 -0.998332 -183.708 -0.0447259 0.998432 0.0336542 4.22858 0.997826 0.0462803 -0.0469197 16.5726
-0.0478786 0.0315794 -0.998354 -184.714 -0.04398 0.998464 0.0336921 4.25013 0.997884 0.0455207 -0.0464162 16.5231
-0.0496611 0.0293606 -0.998335 -185.696 -0.0419832 0.998623 0.0314575 4.26644 0.997883 0.0434755 -0.04836 16.47
-0.0544156 0.0277479 -0.998133 -186.651 -0.0408368 0.998716 0.0299904 4.28412 0.997683 0.0423925 -0.0532125 16.4153
-0.0597704 0.0259498 -0.997875 -187.597 -0.042862 0.998673 0.0285379 4.30131 0.997291 0.0444766 -0.0585788 16.3543
-0.0631836 0.0254355 -0.997678 -188.526 -0.0453029 0.998572 0.0283274 4.31386 0.996973 0.0469875 -0.061941 16.2935
-0.0677335 0.0269224 -0.997341 -189.454 -0.0467002 0.998455 0.0301241 4.33052 0.99661 0.0486164 -0.0663715 16.2262
-0.0698031 0.0291134 -0.997136 -190.379 -0.0460678 0.998413 0.0323756 4.34843 0.996496 0.0481958 -0.0683512 16.158
-0.0728533 0.0309505 -0.996863 -191.299 -0.0442567 0.998433 0.0342336 4.36154 0.99636 0.0466119 -0.0713694 16.0871
-0.0751226 0.031344 -0.996682 -192.215 -0.0425347 0.998495 0.034607 4.37964 0.996266 0.0449933 -0.0736763 16.0131
-0.076114 0.0316191 -0.996598 -193.125 -0.0431043 0.998458 0.0349702 4.397 0.996167 0.0456193 -0.0746337 15.9414
-0.0773348 0.0308014 -0.99653 -194.033 -0.0442788 0.99843 0.0342964 4.41589 0.996021 0.0467775 -0.0758496 15.8641
-0.0772313 0.0308305 -0.996537 -194.934 -0.0470925 0.998293 0.0345345 4.43533 0.9959 0.0495965 -0.0756476 15.7868
-0.0781501 0.0289415 -0.996522 -195.836 -0.0490079 0.998258 0.0328353 4.45516 0.995736 0.0514035 -0.0765956 15.7081
-0.0779623 0.0277107 -0.996571 -196.738 -0.0500901 0.998242 0.0316757 4.47301 0.995697 0.0523879 -0.0764372 15.6321
-0.0776791 0.0262075 -0.996634 -197.637 -0.0495831 0.998316 0.0301163 4.49066 0.995744 0.0517556 -0.0762487 15.5561
-0.0787008 0.0256788 -0.996568 -198.537 -0.0489131 0.998365 0.0295879 4.50998 0.995697 0.0510738 -0.077316 15.4775
-0.0789145 0.0290963 -0.996457 -199.437 -0.0458524 0.99841 0.0327846 4.53233 0.995826 0.0482771 -0.0774549 15.3991
-0.0793253 0.0303433 -0.996387 -200.341 -0.0450819 0.998405 0.0339939 4.55455 0.995828 0.0476156 -0.0778307 15.3266
-0.0798019 0.0285454 -0.996402 -201.249 -0.0409943 0.99865 0.0318931 4.56837 0.995967 0.043392 -0.0785239 15.2483
-0.0799958 0.0277085 -0.99641 -202.16 -0.0398792 0.998724 0.0309745 4.58102 0.995997 0.0422138 -0.0787888 15.1695
-0.0808737 0.0276403 -0.996341 -203.081 -0.0429275 0.998591 0.0311872 4.59929 0.995799 0.0452927 -0.0795733 15.0803
-0.0802054 0.0305627 -0.99631 -204.006 -0.0425323 0.998514 0.0340543 4.62336 0.99587 0.0451066 -0.0787864 14.9903
-0.0783443 0.0310261 -0.996444 -204.939 -0.0404221 0.998595 0.0342713 4.64762 0.996106 0.0429633 -0.07698 14.9078
-0.0775992 0.0333853 -0.996426 -205.88 -0.0397524 0.998541 0.036552 4.67 0.996191 0.0424468 -0.0761588 14.8213
-0.0758603 0.0364329 -0.996453 -206.83 -0.0396489 0.998432 0.0395238 4.70201 0.996329 0.0425066 -0.0742968 14.7361
-0.0755261 0.0400787 -0.996338 -207.792 -0.0375742 0.998368 0.0430086 4.72602 0.996435 0.0406849 -0.0738969 14.6525
-0.0751225 0.0407465 -0.996342 -208.759 -0.0374755 0.998343 0.043654 4.74852 0.996469 0.0406178 -0.073471 14.5697
-0.0726955 0.041378 -0.996496 -209.736 -0.0395472 0.998234 0.0443352 4.7769 0.996569 0.0426316 -0.0709306 14.4929
-0.0705597 0.0425279 -0.996601 -210.725 -0.0405931 0.998141 0.0454676 4.81289 0.996681 0.0436633 -0.0687021 14.4141
-0.0670926 0.0434763 -0.996799 -211.722 -0.0415714 0.998061 0.0463294 4.84871 0.99688 0.0445467 -0.0651551 14.336
-0.0659676 0.0416082 -0.996954 -212.731 -0.0446087 0.998008 0.0446039 4.88274 0.996824 0.0474152 -0.0639801 14.2559
-0.0638436 0.0395775 -0.997175 -213.746 -0.0455344 0.998057 0.0425278 4.9136 0.99692 0.0481209 -0.0619175 14.1844
-0.0610241 0.0386153 -0.997389 -214.772 -0.0448932 0.998134 0.0413909 4.93885 0.997126 0.0473019 -0.0591767 14.1176
-0.060261 0.041458 -0.997322 -215.804 -0.044631 0.998026 0.044184 4.9672 0.997184 0.047174 -0.0582917 14.0481
-0.0585203 0.043807 -0.997325 -216.843 -0.0449686 0.997907 0.0464712 5.00304 0.997272 0.0475678 -0.0564279 13.9849
-0.0585155 0.0448831 -0.997277 -217.888 -0.0454151 0.997835 0.0475729 5.04067 0.997252 0.0480752 -0.0563504 13.9238
-0.0582181 0.0430644 -0.997375 -218.945 -0.0450685 0.997937 0.0457194 5.07789 0.997286 0.0476119 -0.0561572 13.8651
-0.0573323 0.0413561 -0.997499 -220.011 -0.0418121 0.998165 0.043787 5.12258 0.997479 0.044218 -0.0554979 13.8116
-0.0582367 0.0406167 -0.997477 -221.087 -0.0397033 0.998287 0.0429678 5.15962 0.997513 0.0421054 -0.0565243 13.7526
-0.0574529 0.0404061 -0.997531 -222.17 -0.0407459 0.998253 0.0427822 5.19831 0.997516 0.0431032 -0.0557061 13.6898
-0.0585189 0.0407393 -0.997455 -223.265 -0.0400931 0.998265 0.0431246 5.24226 0.99748 0.0425147 -0.0567841 13.6316
-0.059312 0.0408582 -0.997403 -224.352 -0.0414159 0.998201 0.0433538 5.29329 0.997379 0.0438798 -0.0575131 13.5664
-0.0591617 0.0419071 -0.997369 -225.451 -0.0408585 0.998179 0.0443648 5.34829 0.997411 0.0433757 -0.0573417 13.5049
-0.0612909 0.0434481 -0.997174 -226.551 -0.040225 0.998133 0.0459623 5.4145 0.997309 0.0429284 -0.0594288 13.4448
-0.0617668 0.0447614 -0.997087 -227.668 -0.0402652 0.998069 0.0472999 5.47254 0.997278 0.0430694 -0.0598452 13.3851
-0.0615992 0.0457352 -0.997053 -228.802 -0.0416049 0.997964 0.0483474 5.52851 0.997233 0.0444604 -0.059571 13.3187
-0.0641668 0.0448693 -0.99693 -229.935 -0.0419685 0.997983 0.047618 5.58197 0.997056 0.0448952 -0.0621543 13.2338
-0.0654289 0.0423932 -0.996957 -231.079 -0.0402892 0.99817 0.0450889 5.61687 0.997043 0.0431167 -0.0636012 13.153
-0.0688166 0.0382913 -0.996894 -232.223 -0.0380006 0.998437 0.0409738 5.65447 0.996905 0.0407023 -0.067254 13.0739
-0.0716782 0.0343098 -0.996838 -233.381 -0.0347013 0.998717 0.0368698 5.69058 0.996823 0.0372343 -0.0703957 12.9889
-0.0722177 0.0356149 -0.996753 -234.572 -0.0290017 0.998865 0.0377916 5.73593 0.996967 0.0316368 -0.0711028 12.9086
-0.0760722 0.0390973 -0.996336 -235.756 -0.0240971 0.998867 0.0410365 5.77733 0.996811 0.0271306 -0.0750439 12.8154
-0.0786253 0.0414269 -0.996043 -236.941 -0.0223052 0.998813 0.0433028 5.81682 0.996654 0.0256216 -0.077608 12.7143
-0.0799509 0.0415907 -0.995931 -238.139 -0.0222703 0.998805 0.0434985 5.84787 0.996549 0.0256575 -0.0789291 12.6247
-0.0838733 0.0418325 -0.995598 -239.341 -0.0222112 0.998792 0.0438378 5.88782 0.996228 0.0257902 -0.0828428 12.5212
-0.0868611 0.04369 -0.995262 -240.546 -0.0214973 0.998723 0.0457181 5.93224 0.995988 0.0253666 -0.0858109 12.417
-0.0882689 0.0431979 -0.99516 -241.764 -0.0205551 0.998767 0.0451777 5.97373 0.995884 0.0244434 -0.0872722 12.3044
-0.092772 0.0415798 -0.994819 -242.987 -0.020985 0.998824 0.0437042 6.02091 0.995466 0.0249308 -0.0917904 12.1805
-0.0942374 0.0410525 -0.994703 -244.219 -0.0220592 0.998818 0.0433122 6.06536 0.995305 0.026024 -0.0932204 12.0606
-0.098574 0.041714 -0.994255 -245.456 -0.0213727 0.998802 0.0440237 6.10915 0.9949 0.0255895 -0.0975643 11.9374
-0.101749 0.0418469 -0.99393 -246.701 -0.0227938 0.998754 0.0443835 6.14518 0.994548 0.0271714 -0.100669 11.8086
-0.104209 0.042193 -0.99366 -247.951 -0.0257114 0.998651 0.0451014 6.18654 0.994222 0.0302484 -0.102983 11.6773
-0.109212 0.0433424 -0.993073 -249.209 -0.0266183 0.998563 0.0465093 6.22718 0.993661 0.0315133 -0.107901 11.5362
-0.111756 0.0439649 -0.992763 -250.472 -0.0297756 0.998424 0.0475674 6.25503 0.993289 0.034876 -0.110271 11.3954
-0.112451 0.04369 -0.992697 -251.733 -0.0320507 0.998353 0.0475696 6.29841 0.99314 0.0371659 -0.110865 11.2454
-0.11508 0.0440176 -0.992381 -252.994 -0.0327944 0.998305 0.0480833 6.34359 0.992814 0.0380779 -0.113441 11.0845
-0.115799 0.0431551 -0.992335 -254.262 -0.0326893 0.998349 0.0472312 6.38646 0.992734 0.0379081 -0.114197 10.929
-0.117391 0.0428102 -0.992163 -255.529 -0.0314117 0.99841 0.0467964 6.42787 0.992588 0.036659 -0.11586 10.7725
-0.118217 0.0437257 -0.992025 -256.796 -0.0283979 0.998472 0.0473941 6.47795 0.992581 0.0337743 -0.116795 10.6132
-0.118837 0.043389 -0.991966 -258.06 -0.0274302 0.99852 0.0469619 6.52948 0.992534 0.0327907 -0.117471 10.4626
-0.119531 0.0444631 -0.991835 -259.326 -0.0257175 0.998523 0.0478623 6.59173 0.992497 0.0312285 -0.118211 10.3098
-0.118329 0.0448685 -0.99196 -260.588 -0.0250271 0.998526 0.048151 6.65067 0.992658 0.0305236 -0.117032 10.1592
-0.119072 0.0460708 -0.991816 -261.852 -0.0220414 0.998554 0.0490299 6.7097 0.99264 0.0276991 -0.117884 10.0047
-0.119896 0.0482944 -0.991611 -263.116 -0.0189399 0.998523 0.050921 6.76365 0.992605 0.0248863 -0.118805 9.85387
-0.119188 0.0511277 -0.991555 -264.371 -0.0159911 0.998445 0.0534052 6.81361 0.992742 0.0222213 -0.118185 9.69963
-0.120414 0.0532599 -0.991294 -265.624 -0.0139473 0.99837 0.0553343 6.87127 0.992625 0.0204889 -0.119475 9.54596
-0.120591 0.0524107 -0.991318 -266.868 -0.0143964 0.998408 0.0545369 6.92878 0.992597 0.0208481 -0.119645 9.39607
-0.12031 0.051005 -0.991425 -268.108 -0.0164874 0.998439 0.0533666 6.98509 0.992599 0.0227665 -0.119281 9.24069
-0.121923 0.0527264 -0.991138 -269.347 -0.0205148 0.998241 0.0556278 7.04244 0.992327 0.0271153 -0.120626 9.07875
-0.121351 0.0564984 -0.991001 -270.585 -0.025724 0.997864 0.0600397 7.10015 0.992276 0.0327784 -0.119638 8.91831
-0.122611 0.0565941 -0.99084 -271.826 -0.0288765 0.997747 0.0605619 7.15392 0.992034 0.0360376 -0.120701 8.74855
-0.122879 0.0504134 -0.991141 -273.064 -0.0302045 0.998056 0.0545099 7.19756 0.991961 0.036635 -0.121117 8.58723
-0.123134 0.0451606 -0.991362 -274.297 -0.0267139 0.998451 0.0488016 7.23653 0.99203 0.0324923 -0.121737 8.42731
-0.124059 0.0439272 -0.991302 -275.533 -0.0223254 0.998643 0.0470465 7.27671 0.992023 0.0279678 -0.12291 8.26479
-0.123374 0.0459768 -0.991295 -276.769 -0.0184586 0.998647 0.0486151 7.32187 0.992188 0.0242957 -0.122358 8.1036
-0.121566 0.0479249 -0.991426 -278.004 -0.0180808 0.998561 0.0504868 7.37075 0.992418 0.0240633 -0.120525 7.94615
-0.121061 0.0496525 -0.991403 -279.233 -0.0189 0.998452 0.0523134 7.42108 0.992464 0.0250707 -0.119935 7.79189
-0.119828 0.0507898 -0.991495 -280.46 -0.0203648 0.998355 0.0536024 7.46642 0.992585 0.0266146 -0.118596 7.63767
-0.119873 0.051864 -0.991434 -281.686 -0.0199739 0.998306 0.0546385 7.5173 0.992588 0.0263526 -0.118634 7.47976
-0.120684 0.0519188 -0.991333 -282.912 -0.0192675 0.998321 0.0546305 7.56892 0.992503 0.0256936 -0.119481 7.32405
-0.119284 0.0509489 -0.991552 -284.134 -0.0195167 0.998369 0.0536471 7.62712 0.992668 0.0257511 -0.118095 7.16912
-0.120315 0.0500731 -0.991472 -285.355 -0.021064 0.998374 0.0529777 7.6844 0.992512 0.0272584 -0.119064 7.014
-0.120513 0.0498037 -0.991462 -286.577 -0.0226019 0.998344 0.0528966 7.73868 0.992454 0.0287836 -0.119188 6.85965
-0.120265 0.0498335 -0.991491 -287.799 -0.0231075 0.998328 0.0529801 7.79304 0.992472 0.0292825 -0.118912 6.70563
-0.121354 0.0501351 -0.991343 -289.019 -0.0236217 0.998295 0.0533783 7.84762 0.992327 0.0298949 -0.119963 6.55048
-0.121815 0.0503011 -0.991278 -290.243 -0.0227432 0.998311 0.0534528 7.90287 0.992292 0.0290562 -0.120465 6.39256
-0.123441 0.0494396 -0.99112 -291.476 -0.0229467 0.998349 0.0526581 7.95986 0.992086 0.0292431 -0.122103 6.24083
-0.122666 0.0472476 -0.991323 -292.684 -0.0232041 0.998457 0.0504589 8.01513 0.992176 0.0291924 -0.12138 6.07852
-0.123756 0.0455035 -0.991269 -293.88 -0.0222135 0.998571 0.048612 8.08348 0.992063 0.0280356 -0.122568 5.9148
-0.123978 0.0439395 -0.991312 -295.08 -0.0239928 0.998594 0.047263 8.14406 0.991994 0.0296439 -0.12275 5.75964
-0.12354 0.0432027 -0.991399 -296.269 -0.0260631 0.998566 0.0467628 8.20267 0.991996 0.031616 -0.122236 5.60405
-0.122866 0.0431648 -0.991484 -297.452 -0.0273192 0.998528 0.0468569 8.25999 0.992046 0.0328437 -0.121506 5.44815
-0.124175 0.0431788 -0.991321 -298.644 -0.0299107 0.998436 0.0472354 8.30624 0.991809 0.0355166 -0.122689 5.29336
-0.12335 0.0427289 -0.991443 -299.835 -0.0304635 0.998439 0.0468205 8.35656 0.991895 0.0359781 -0.121856 5.14125
-0.124555 0.0407525 -0.991376 -301.024 -0.0295756 0.99856 0.0447637 8.40314 0.991771 0.0348961 -0.12317 4.97903
-0.125297 0.0380299 -0.991391 -302.221 -0.0282997 0.998721 0.0418877 8.44123 0.991715 0.0333044 -0.12406 4.82203
-0.126059 0.0375374 -0.991313 -303.423 -0.0251381 0.998842 0.0410192 8.47751 0.991703 0.0300905 -0.124969 4.66566
-0.128054 0.0387109 -0.991012 -304.627 -0.0226182 0.998864 0.0419402 8.51616 0.991509 0.0277855 -0.127033 4.50805
-0.1293 0.0384465 -0.99086 -305.835 -0.0225554 0.998875 0.0417009 8.55805 0.991348 0.0277412 -0.128288 4.34435
-0.129874 0.0360646 -0.990875 -307.054 -0.0248834 0.998905 0.0396183 8.59178 0.991217 0.0298018 -0.128835 4.17954
-0.131466 0.0345301 -0.99072 -308.28 -0.0266817 0.998908 0.0383561 8.62282 0.990961 0.0314766 -0.130401 4.01128
