1 0 0 0 0 1 0 0 0 0 1 0
0.999999 0.000655983 0.00117076 -0.0167791 -0.000656816 1 0.000711762 -0.0189842 -0.00117029 -0.00071253 0.999999 0.708842
0.999998 0.000996602 0.00198059 -0.0201632 -0.000999435 0.999998 0.00143004 -0.0314464 -0.00197916 -0.00143202 0.999997 1.45209
0.999995 0.00150101 0.00296783 -0.02709 -0.00150742 0.999997 0.00215768 -0.060357 -0.00296458 -0.00216214 0.999993 2.20547
0.999993 0.00223075 0.00288678 -0.0307863 -0.00223854 0.999994 0.00269936 -0.0787254 -0.00288074 -0.0027058 0.999992 2.9496
0.999994 0.00235661 0.00270927 -0.0373232 -0.00236494 0.999992 0.00307639 -0.0912387 -0.002702 -0.00308278 0.999992 3.68204
0.99999 0.00215802 0.00390857 -0.0378236 -0.00217299 0.99999 0.00382949 -0.104277 -0.00390026 -0.00383795 0.999985 4.39918
0.99999 0.00236729 0.00385465 -0.0369479 -0.00238551 0.999986 0.00472717 -0.113446 -0.0038434 -0.00473632 0.999981 5.10418
0.999984 0.00204876 0.00523206 -0.0380985 -0.00208017 0.99998 0.00600503 -0.122312 -0.00521966 -0.00601582 0.999968 5.78818
0.999974 0.00196146 0.00701951 -0.0356153 -0.00200877 0.999975 0.00673977 -0.131939 -0.00700612 -0.00675369 0.999953 6.45631
0.999961 0.00172501 0.00869569 -0.0279722 -0.00178782 0.999972 0.00722081 -0.142823 -0.00868299 -0.00723607 0.999936 7.102
0.999951 0.00211776 0.00966235 -0.0222216 -0.00218954 0.99997 0.00742491 -0.153941 -0.00964634 -0.0074457 0.999926 7.71574
0.999945 0.00254069 0.0102112 -0.0208818 -0.00261975 0.999967 0.00773677 -0.165649 -0.0101912 -0.00776309 0.999918 8.3006
0.999934 0.00244781 0.0112427 -0.0157397 -0.00254015 0.999963 0.00820658 -0.171448 -0.0112222 -0.0082346 0.999903 8.85593
0.999903 0.002728 0.0136784 -0.00539972 -0.0028437 0.99996 0.00844656 -0.174295 -0.0136548 -0.00848464 0.999871 9.38368
0.999872 0.00299821 0.0157221 0.00795991 -0.00313761 0.999956 0.00884978 -0.178883 -0.0156948 -0.00889798 0.999837 9.88521
0.99983 0.00227428 0.0183181 0.0195565 -0.00243975 0.999956 0.00901572 -0.187269 -0.0182968 -0.00905888 0.999792 10.3596
0.999798 0.0040809 0.0196986 0.0255152 -0.0042474 0.999956 0.00841789 -0.187475 -0.0196634 -0.00849986 0.99977 10.8042
0.999731 0.00382968 0.0228946 0.0289531 -0.00403266 0.999953 0.00882608 -0.19127 -0.0228597 -0.00891603 0.999699 11.2228
0.999635 0.004655 0.0266018 0.0350351 -0.00490336 0.999945 0.0092788 -0.192798 -0.0265572 -0.00940585 0.999603 11.6085
0.99955 0.00428229 0.0296832 0.0505409 -0.00456792 0.999944 0.00956156 -0.197663 -0.0296406 -0.00969285 0.999514 11.9639
0.999479 -0.00183946 0.0322327 0.0625123 0.00156767 0.999963 0.00845545 -0.203337 -0.032247 -0.00840051 0.999445 12.2892
0.99938 -0.00252792 0.0351253 0.0766527 0.00223787 0.999963 0.00829444 -0.206748 -0.035145 -0.00821069 0.999348 12.5797
0.999287 -0.00381133 0.037552 0.0910868 0.00351958 0.999963 0.00783216 -0.208482 -0.0375805 -0.00769441 0.999264 12.8421
0.99923 -0.00287068 0.0391294 0.102371 0.00259516 0.999972 0.00709036 -0.212189 -0.0391486 -0.00698335 0.999209 13.0744
0.999134 -0.002888 0.0415206 0.10911 0.00258802 0.99997 0.00727675 -0.21532 -0.0415404 -0.00716298 0.999111 13.278
0.999038 -0.00302176 0.0437511 0.114426 0.00270457 0.99997 0.00730736 -0.215022 -0.0437718 -0.007182 0.999016 13.4675
0.998964 -0.00293752 0.0454228 0.119903 0.00260556 0.99997 0.00736558 -0.217625 -0.045443 -0.0072396 0.998941 13.644
0.998933 -0.00327208 0.0460793 0.123325 0.00292823 0.999967 0.00752764 -0.219985 -0.0461024 -0.00738468 0.998909 13.8104
0.998843 -0.00284432 0.0480147 0.130562 0.00247104 0.999966 0.00783183 -0.222717 -0.0480354 -0.00770412 0.998816 13.9708
0.998786 -0.00287051 0.049176 0.142475 0.0024753 0.999964 0.00809557 -0.224902 -0.0491974 -0.00796402 0.998757 14.1244
0.998718 -0.00286584 0.0505412 0.151787 0.00245101 0.999963 0.00826778 -0.227903 -0.050563 -0.0081333 0.998688 14.2707
0.998645 -0.00261348 0.0519842 0.161446 0.00218224 0.999963 0.00835071 -0.226725 -0.0520041 -0.00822595 0.998613 14.4097
0.998573 -0.00278515 0.0533283 0.167795 0.00233276 0.999961 0.00854343 -0.227056 -0.05335 -0.00840683 0.99854 14.5408
0.998536 -0.00253184 0.0540388 0.173341 0.00205257 0.999958 0.00892274 -0.225564 -0.0540591 -0.00879875 0.998499 14.6697
0.998479 -0.0024138 0.0550841 0.182447 0.00191357 0.999956 0.00913203 -0.226338 -0.0551037 -0.00901273 0.99844 14.7983
0.998502 -0.00267595 0.054655 0.191603 0.00217376 0.999955 0.00924567 -0.226399 -0.0546772 -0.009113 0.998462 14.9272
0.998626 -0.00251336 0.0523544 0.198486 0.00202836 0.999955 0.00931483 -0.228276 -0.0523755 -0.00919583 0.998585 15.0558
0.998789 -0.00277261 0.0491293 0.200532 0.0023124 0.999953 0.00942163 -0.226424 -0.0491531 -0.00929661 0.998748 15.1834
0.998962 -0.00252597 0.0454731 0.203065 0.0020997 0.999953 0.00941938 -0.225517 -0.0454948 -0.00931413 0.998921 15.3139
0.999208 -0.00253824 0.0397235 0.20099 0.00215986 0.999952 0.00956532 -0.224262 -0.0397459 -0.00947194 0.999165 15.4452
0.999444 -0.0028068 0.0332216 0.200186 0.00248553 0.99995 0.00970781 -0.22209 -0.0332472 -0.00961984 0.999401 15.573
0.999661 -0.00268205 0.0258819 0.196691 0.00242891 0.999949 0.00980697 -0.222085 -0.0259069 -0.00974078 0.999617 15.705
0.999839 -0.00293317 0.017684 0.189915 0.00275823 0.999947 0.00990917 -0.218251 -0.0177121 -0.0098588 0.999794 15.8386
0.999964 -0.00283022 0.0080047 0.184869 0.00274999 0.999946 0.0100159 -0.214378 -0.00803262 -0.00999349 0.999918 15.9803
0.999984 -0.00282422 -0.00483109 0.17709 0.00287326 0.999944 0.0101734 -0.212681 0.00480209 -0.0101871 0.999937 16.1265
0.999786 -0.00295542 -0.0204592 0.166665 0.00316476 0.999943 0.0102077 -0.213344 0.0204279 -0.0102703 0.999739 16.2798
0.999198 -0.00273732 -0.0399568 0.144147 0.00314934 0.999942 0.0102524 -0.211637 0.0399265 -0.01037 0.999149 16.4516
0.998112 -0.00270507 -0.0613654 0.116401 0.00334982 0.99994 0.0104063 -0.213805 0.0613336 -0.0105922 0.998061 16.6355
0.996406 -0.00294998 -0.0846553 0.0808457 0.00386157 0.999936 0.0106066 -0.214397 0.0846187 -0.0108953 0.996354 16.8338
0.993808 -0.00258048 -0.111084 0.038624 0.00379508 0.999935 0.0107241 -0.215305 0.111049 -0.0110793 0.993753 17.0581
0.990027 -0.00280132 -0.140853 -0.0152387 0.00437926 0.999931 0.010894 -0.212034 0.140813 -0.0114022 0.98997 17.2909
0.984734 -0.0025392 -0.174049 -0.0761241 0.00454484 0.999928 0.0111258 -0.213767 0.174008 -0.011747 0.984674 17.5451
0.977551 -0.00251604 -0.210685 -0.150657 0.00498788 0.999925 0.0112018 -0.210948 0.210641 -0.0120012 0.97749 17.8058
0.968161 -0.000524542 -0.250329 -0.242271 0.00461308 0.999865 0.0157462 -0.207935 0.250287 -0.0163997 0.968033 18.0662
0.956492 0.00466733 -0.291723 -0.356223 0.00129731 0.999794 0.0202495 -0.202577 0.291757 -0.0197469 0.956288 18.345
0.942676 0.00480816 -0.333675 -0.487218 0.00219987 0.999785 0.0206215 -0.201082 0.333702 -0.0201735 0.942463 18.629
0.926258 0.00802653 -0.376804 -0.632022 0.00176193 0.99967 0.0256257 -0.199156 0.376885 -0.0243999 0.925938 18.9111
0.907271 0.0118342 -0.420379 -0.801935 0.00169574 0.999493 0.0317968 -0.195592 0.420542 -0.0295612 0.906791 19.2057
0.885574 0.0162092 -0.464215 -0.991022 0.0015077 0.999285 0.0377687 -0.190138 0.464496 -0.0341468 0.884917 19.4998
0.860986 0.0166388 -0.508357 -1.19672 0.00299512 0.999282 0.0377797 -0.185643 0.50862 -0.0340504 0.860318 19.7869
0.83361 0.0172913 -0.552083 -1.42876 0.00448996 0.999265 0.0380766 -0.180018 0.552335 -0.0342199 0.832919 20.0839
0.803314 0.0178104 -0.595289 -1.67869 0.00605432 0.999257 0.0380667 -0.172554 0.595524 -0.0341836 0.80261 20.3659
0.770278 0.0184418 -0.637441 -1.9598 0.00781572 0.999234 0.0383533 -0.166165 0.63766 -0.0345248 0.769544 20.6519
0.734159 0.0188034 -0.678717 -2.26239 0.00974995 0.999222 0.0382292 -0.157269 0.678908 -0.0346838 0.733404 20.9321
0.696241 0.0191373 -0.717553 -2.5744 0.0121462 0.999187 0.038434 -0.148923 0.717706 -0.0354748 0.695442 21.2019
0.655823 0.0195329 -0.754662 -2.92404 0.0139748 0.99918 0.0380063 -0.141761 0.754785 -0.0354717 0.655012 21.4725
0.613621 0.0200027 -0.789347 -3.29677 0.016217 0.999149 0.037926 -0.130942 0.789434 -0.036073 0.612775 21.7354
0.569942 0.0200306 -0.821441 -3.68459 0.0186135 0.999132 0.0372781 -0.119675 0.821474 -0.0365363 0.569074 21.9826
0.523732 0.0209533 -0.851625 -4.11231 0.0195256 0.99914 0.0365905 -0.103988 0.851659 -0.0357922 0.522872 22.2231
0.474977 0.0211901 -0.879743 -4.55585 0.0215071 0.999132 0.0356776 -0.0846372 0.879735 -0.0358668 0.474109 22.4308
0.423202 0.0216344 -0.905777 -5.03211 0.0239364 0.999099 0.0350471 -0.0706804 0.905719 -0.036513 0.422302 22.6334
0.370047 0.0218683 -0.928755 -5.53187 0.0259271 0.99909 0.0338546 -0.0554718 0.928651 -0.0366077 0.369144 22.8143
0.317382 0.0225034 -0.948031 -6.04982 0.0273828 0.999084 0.0328825 -0.0491732 0.947902 -0.0363961 0.316475 22.9685
0.265381 0.0257895 -0.963799 -6.60046 0.027966 0.999016 0.0344323 -0.0285056 0.963738 -0.0360913 0.264399 23.0981
0.214758 0.0319022 -0.976146 -7.17242 0.0300896 0.998776 0.0392617 -0.00831431 0.976204 -0.0378036 0.213535 23.1987
0.167084 0.0332267 -0.985383 -7.75754 0.0322675 0.998712 0.0391475 0.00803925 0.985415 -0.0383368 0.165797 23.2837
0.123159 0.0338522 -0.991809 -8.3703 0.032648 0.998739 0.0381429 0.0227776 0.99185 -0.0370782 0.121899 23.3502
0.08357 0.03374 -0.995931 -8.99977 0.033286 0.998774 0.0366294 0.0449562 0.995946 -0.0362117 0.0823445 23.3844
0.047466 0.0293147 -0.998443 -9.65172 0.0289388 0.999109 0.03071 0.0628497 0.998454 -0.0303514 0.0465753 23.3998
0.0194798 0.0271072 -0.999443 -10.3189 0.0251387 0.999303 0.0275934 0.082125 0.999494 -0.0256622 0.0187847 23.3894
-0.00170938 0.0309437 -0.99952 -11.0199 0.0254293 0.999199 0.0308903 0.106244 0.999675 -0.0253642 -0.002495 23.3711
-0.0144462 0.0366402 -0.999224 -11.7449 0.026399 0.998994 0.0362501 0.127427 0.999547 -0.0258548 -0.0153991 23.3452
-0.022136 0.0372455 -0.999061 -12.4889 0.026619 0.998974 0.0366524 0.149184 0.9994 -0.0257826 -0.0231048 23.3178
-0.026903 0.0357166 -0.999 -13.2521 0.0263971 0.999039 0.0350071 0.169473 0.999289 -0.0254289 -0.02782 23.2994
-0.0257927 0.0317616 -0.999163 -14.0323 0.0315199 0.999024 0.0309436 0.195146 0.99917 -0.0306954 -0.0267687 23.2762
-0.0216266 0.0298436 -0.999321 -14.824 0.0448751 0.998576 0.0288502 0.214367 0.998758 -0.0442207 -0.0229352 23.2763
-0.0156331 0.0284361 -0.999473 -15.645 0.0482233 0.998454 0.0276528 0.239204 0.998714 -0.0477656 -0.0169803 23.2783
-0.0107283 0.028562 -0.999534 -16.488 0.0477743 0.998465 0.0280187 0.271367 0.9988 -0.0474514 -0.0120765 23.2669
-0.00623617 0.0242093 -0.999687 -17.3546 0.0524954 0.998336 0.0238491 0.284856 0.998601 -0.0523303 -0.00749678 23.2756
-0.00497941 0.0127282 -0.999907 -18.2462 0.0505654 0.998643 0.0124603 0.290281 0.998708 -0.0504987 -0.00561637 23.2666
-0.0042166 0.00434193 -0.999982 -19.157 0.041994 0.999109 0.00416108 0.299076 0.999109 -0.0419757 -0.00439529 23.2468
-0.00494224 0.00179314 -0.999986 -20.0935 0.0370736 0.999311 0.00160871 0.311143 0.9993 -0.0370651 -0.00500543 23.2219
-0.00881205 0.00815042 -0.999928 -21.0596 0.0304404 0.999506 0.00787873 0.332106 0.999497 -0.0303688 -0.0090559 23.1865
-0.0122757 0.0165296 -0.999788 -22.0653 0.0260709 0.999529 0.0162052 0.349447 0.999584 -0.0258664 -0.012701 23.1567
-0.0174025 0.0242114 -0.999555 -23.0788 0.0252563 0.999399 0.0237679 0.376533 0.999529 -0.0248314 -0.0180036 23.1321
-0.0196883 0.034973 -0.999194 -24.1184 0.0238 0.999121 0.0345015 0.405759 0.999522 -0.0231016 -0.0205035 23.1055
-0.0197679 0.0421126 -0.998917 -25.1725 0.0261383 0.998793 0.0415901 0.441695 0.999462 -0.0252879 -0.0208449 23.0837
-0.0210213 0.0461009 -0.998716 -26.2317 0.0270283 0.998598 0.0455266 0.475743 0.999413 -0.0260366 -0.0222379 23.0629
-0.0224657 0.0430015 -0.998822 -27.2851 0.0253052 0.998779 0.0424304 0.512852 0.999427 -0.0243222 -0.0235266 23.0461
-0.0255277 0.0381097 -0.998948 -28.3293 0.0200833 0.999091 0.0376019 0.542253 0.999472 -0.0191022 -0.02627 23.0204
-0.0297962 0.0332605 -0.999003 -29.3754 0.018114 0.9993 0.0327302 0.563847 0.999391 -0.0171207 -0.0303779 22.9894
-0.0346421 0.032766 -0.998863 -30.4255 0.0190249 0.999303 0.0321207 0.587362 0.999218 -0.0178906 -0.0352414 22.9554
-0.0413219 0.0322385 -0.998626 -31.482 0.0184602 0.999334 0.0314975 0.610877 0.998975 -0.0171334 -0.0418895 22.9117
-0.0477348 0.0359073 -0.998215 -32.5483 0.0193166 0.9992 0.035019 0.636473 0.998673 -0.0176105 -0.0483903 22.8631
-0.0549653 0.0408729 -0.997651 -33.6239 0.0189464 0.999025 0.0398853 0.676109 0.998308 -0.0167096 -0.0556862 22.8072
-0.0605928 0.0413635 -0.997305 -34.7024 0.0201822 0.998988 0.0402071 0.713378 0.997958 -0.0176915 -0.0613663 22.742
-0.0647147 0.0419502 -0.997022 -35.7742 0.0195759 0.998977 0.0407618 0.74558 0.997711 -0.0168797 -0.0654698 22.6676
-0.0685123 0.0435485 -0.996699 -36.8496 0.0150871 0.998978 0.042611 0.780696 0.997536 -0.0121179 -0.0690994 22.5874
-0.0693543 0.043785 -0.996631 -37.9277 0.0146702 0.998973 0.042867 0.816078 0.997484 -0.0116477 -0.0699255 22.504
-0.0717719 0.0444649 -0.99643 -39.0113 0.0145622 0.998946 0.0435283 0.854242 0.997314 -0.0113861 -0.0723439 22.4186
-0.0731531 0.0449608 -0.996307 -40.0916 0.0145439 0.998925 0.0440111 0.892416 0.997214 -0.0112707 -0.0737284 22.3381
-0.0738599 0.0448 -0.996262 -41.1692 0.013855 0.99894 0.0438932 0.927085 0.997172 -0.0105613 -0.0744024 22.2561
-0.0754355 0.044627 -0.996152 -42.254 0.0134609 0.998953 0.0437331 0.958404 0.99706 -0.0101101 -0.0759573 22.1675
-0.0761588 0.0444387 -0.996105 -43.3414 0.0125424 0.99897 0.0436075 0.996164 0.997017 -0.00917251 -0.0766378 22.0735
-0.0756542 0.0409269 -0.996294 -44.4283 0.00702498 0.999155 0.0405109 1.03863 0.997109 -0.00393414 -0.0758779 21.9804
-0.0749652 0.0405266 -0.996362 -45.509 0.00631293 0.999173 0.0401659 1.08487 0.997166 -0.00327894 -0.0751591 21.8852
-0.072147 0.0432929 -0.996454 -46.6038 0.00660463 0.999057 0.0429278 1.12715 0.997372 -0.00348412 -0.072365 21.7966
-0.0720702 0.0435096 -0.99645 -47.7146 0.00659712 0.999047 0.0431458 1.17157 0.997377 -0.00346419 -0.0722887 21.7104
-0.0693258 0.0457025 -0.996547 -48.821 0.00638386 0.99895 0.0453687 1.20999 0.997573 -0.00321662 -0.0695448 21.6208
-0.0677822 0.0453057 -0.996671 -49.9216 0.00603416 0.998969 0.0449997 1.24139 0.997682 -0.00296391 -0.0679858 21.5368
-0.0635395 0.045675 -0.996934 -51.0282 0.00424023 0.998956 0.0454974 1.27885 0.99797 -0.00133637 -0.0636669 21.4585
-0.0571911 0.0456706 -0.997318 -52.1433 0.00087266 0.998955 0.0456956 1.32189 0.998363 0.00174304 -0.0571713 21.3825
-0.0519017 0.0456752 -0.997607 -53.2739 -0.00103037 0.998951 0.0457903 1.36652 0.998651 0.00340448 -0.0518003 21.3129
-0.0453232 0.0457523 -0.997924 -54.4032 -0.00156774 0.998946 0.0458704 1.4135 0.998971 0.00364345 -0.0452038 21.2471
-0.040035 0.04605 -0.998137 -55.5384 -0.00150137 0.998934 0.046147 1.45662 0.999197 0.00334605 -0.0399233 21.19
-0.0342903 0.0460618 -0.99835 -56.6816 -0.000977187 0.998936 0.0461223 1.49804 0.999411 0.0025571 -0.0342088 21.1444
-0.0281034 0.0466381 -0.998516 -57.8281 -0.00117824 0.998909 0.0466896 1.54162 0.999604 0.00248861 -0.0280179 21.1056
-0.0228705 0.0469684 -0.998635 -58.983 -0.00032763 0.998896 0.0469882 1.58167 0.999738 0.0014018 -0.02283 21.0778
-0.017705 0.047257 -0.998726 -60.138 -0.00145251 0.99888 0.0472901 1.63025 0.999842 0.00228791 -0.0176166 21.0459
-0.0115188 0.0474627 -0.998807 -61.2959 -0.00138532 0.998871 0.0474818 1.67644 0.999932 0.00193058 -0.0114402 21.0217
-0.00780131 0.0443896 -0.998984 -62.4542 -0.00132529 0.999013 0.0444012 1.72155 0.999968 0.00167031 -0.00773491 21.0016
-0.00274647 0.0392236 -0.999227 -63.6137 -0.000309195 0.999231 0.0392246 1.76134 0.999996 0.000416664 -0.00273236 20.9861
0.000671539 0.039241 -0.99923 -64.7718 -0.000574208 0.99923 0.0392406 1.80782 0.999999 0.000547392 0.00069342 20.9777
0.00429877 0.0402963 -0.999179 -65.9382 -0.0006651 0.999188 0.0402938 1.85249 0.99999 0.000491317 0.00432194 20.977
0.00743979 0.0407075 -0.999144 -67.1099 -0.000891913 0.999171 0.040702 1.88908 0.999971 0.000588313 0.00746979 20.9797
0.00737701 0.0408535 -0.999138 -68.2838 -0.00141386 0.999165 0.0408442 1.93059 0.999971 0.00111131 0.00742847 20.9864
0.0087852 0.0417751 -0.999089 -69.4611 -0.00175193 0.999126 0.0417613 1.96918 0.999959 0.00138343 0.00885057 20.9889
0.00924741 0.0421697 -0.999068 -70.6446 -0.00194625 0.99911 0.0421535 2.00357 0.999955 0.00155461 0.0093211 20.9896
0.0105975 0.0425111 -0.99904 -71.8258 -0.00231571 0.999095 0.0424889 2.04108 0.999941 0.00186319 0.0106863 20.9928
0.0122961 0.0429788 -0.999 -73.0042 -0.00189047 0.999075 0.0429588 2.07774 0.999922 0.00136034 0.0123658 20.9969
0.0123975 0.0434595 -0.998978 -74.194 -0.000231627 0.999055 0.04346 2.11528 0.999923 -0.000307426 0.0123957 21.0074
0.0127347 0.0439099 -0.998954 -75.3859 0.000770207 0.999035 0.0439232 2.15682 0.999918 -0.00132877 0.0126884 21.0142
0.0137414 0.0456827 -0.998862 -76.5738 0.00036386 0.998956 0.045692 2.19774 0.999905 -0.000991337 0.0137103 21.0241
0.0132105 0.0474788 -0.998785 -77.7686 -0.000722842 0.998873 0.0474734 2.24148 0.999912 9.4798e-05 0.0132297 21.0299
0.014335 0.0477656 -0.998756 -78.955 -0.00141575 0.998859 0.0477502 2.28837 0.999896 0.000729463 0.0143862 21.0376
0.0142027 0.047871 -0.998753 -80.1315 -0.00139651 0.998854 0.0478559 2.33229 0.999898 0.000715062 0.0142531 21.0482
0.0145346 0.0480289 -0.99874 -81.3186 -0.00127082 0.998846 0.0480155 2.38764 0.999893 0.000571313 0.0145787 21.0576
0.0155043 0.0480674 -0.998724 -82.4815 1.05302e-05 0.998844 0.0480734 2.4306 0.999879 -0.000755881 0.0154857 21.0727
0.014705 0.0495243 -0.998665 -83.658 0.00226331 0.998769 0.0495628 2.45596 0.999889 -0.00298913 0.0145746 21.0888
0.0151075 0.0515052 -0.998559 -84.8266 0.00282617 0.998667 0.0515535 2.50479 0.999882 -0.00360096 0.0149417 21.0924
0.0167716 0.0531116 -0.998448 -85.9985 0.00250329 0.998583 0.0531608 2.55539 0.999856 -0.00339102 0.0166148 21.1058
0.0163724 0.053287 -0.998445 -87.1797 0.00210701 0.998575 0.0533285 2.61234 0.999863 -0.00297687 0.0162366 21.1236
0.0178374 0.053172 -0.998426 -88.3388 0.00215828 0.998581 0.0532188 2.66287 0.999838 -0.00310418 0.0176972 21.1395
0.0171101 0.052993 -0.998448 -89.5158 0.00286776 0.998588 0.0530496 2.71247 0.999849 -0.00377101 0.0169338 21.1591
0.0171843 0.0536705 -0.998411 -90.6786 0.00434873 0.998545 0.0537526 2.763 0.999842 -0.00526554 0.0169258 21.1848
0.0181666 0.0550933 -0.998316 -91.8454 0.00541541 0.998461 0.0551999 2.81476 0.99982 -0.0064091 0.0178401 21.2087
0.0175741 0.0566511 -0.99824 -93.0163 0.00642289 0.998367 0.0567713 2.86982 0.999825 -0.0074093 0.0171814 21.2291
0.0180095 0.0577912 -0.998166 -94.1923 0.00622687 0.998303 0.0579114 2.91852 0.999818 -0.00725842 0.0176189 21.2429
0.0197372 0.0589143 -0.998068 -95.3451 0.005277 0.998243 0.0590289 2.96816 0.999791 -0.00643188 0.0193914 21.2569
0.0191307 0.0592205 -0.998062 -96.5057 0.00458138 0.998229 0.0593183 3.0249 0.999806 -0.00570732 0.0188253 21.2703
0.0205647 0.0577798 -0.998118 -97.6715 0.00290182 0.998321 0.0578513 3.07669 0.999784 -0.00408607 0.0203623 21.2839
0.0203861 0.0576987 -0.998126 -98.8404 0.00241813 0.998328 0.0577598 3.13285 0.999789 -0.00359112 0.0202124 21.2981
0.0202389 0.0579131 -0.998117 -99.9938 0.00246478 0.998315 0.0579746 3.1843 0.999792 -0.00363349 0.0200619 21.3181
0.0214578 0.0589788 -0.998029 -101.148 0.00287169 0.998251 0.0590536 3.23606 0.999765 -0.0041332 0.0212507 21.3434
0.0202911 0.0611832 -0.99792 -102.313 0.00241093 0.99812 0.0612444 3.28938 0.999791 -0.00364865 0.0201052 21.3652
0.0214627 0.0624674 -0.997816 -103.479 0.00249051 0.99804 0.0625349 3.34778 0.999766 -0.00382726 0.0212649 21.3903
0.0202032 0.0626588 -0.997831 -104.652 -0.000383972 0.998035 0.0626638 3.40245 0.999795 -0.000882892 0.0201874 21.4074
0.01991 0.0635032 -0.997783 -105.824 -0.00266799 0.997981 0.0634626 3.46356 0.999798 0.00139852 0.020039 21.4192
0.0204388 0.0637009 -0.99776 -107 -0.00366084 0.997966 0.0636391 3.52681 0.999784 0.00235191 0.0206303 21.434
0.0194836 0.0638841 -0.997767 -108.182 -0.00386891 0.997954 0.0638206 3.58449 0.999802 0.0026168 0.0196907 21.4455
0.018434 0.0641411 -0.997771 -109.37 -0.00464297 0.997935 0.0640659 3.64576 0.999819 0.00345161 0.0186936 21.454
0.0184693 0.0637556 -0.997795 -110.563 -0.00233604 0.997965 0.0637232 3.71314 0.999826 0.00115395 0.0185805 21.4709
0.0174754 0.063785 -0.997811 -111.762 0.00277193 0.997956 0.0638429 3.77605 0.999843 -0.00388155 0.0172627 21.4934
0.0180012 0.0647465 -0.99774 -112.968 0.00182296 0.997897 0.0647897 3.83979 0.999836 -0.00298515 0.0178452 21.5121
0.0163243 0.0666191 -0.997645 -114.174 0.00172534 0.997775 0.066656 3.91127 0.999865 -0.00280941 0.0161729 21.5276
0.0157183 0.0670494 -0.997626 -115.389 0.00221335 0.997744 0.0670922 3.98518 0.999873 -0.00326269 0.0155343 21.5464
0.0163275 0.0643073 -0.997797 -116.615 0.0019874 0.997926 0.0643481 4.0529 0.999864 -0.00303368 0.0161657 21.559
0.0147381 0.0644855 -0.99781 -117.844 0.00156101 0.997916 0.0645154 4.1234 0.999889 -0.00250845 0.0146066 21.5607
0.0148486 0.0645909 -0.997801 -119.074 0.00176915 0.997908 0.0646242 4.18476 0.999888 -0.00272486 0.0147032 21.573
0.0135444 0.0661094 -0.997721 -120.315 0.000644573 0.997811 0.0661241 4.24807 0.999907 -0.00153873 0.013472 21.5765
0.0133428 0.0695397 -0.99749 -121.57 -0.00121473 0.997579 0.0695297 4.32155 0.99991 0.000283948 0.0133948 21.5772
0.0142724 0.0748912 -0.99709 -122.833 -0.00636523 0.997178 0.0748067 4.39925 0.999877 0.00527902 0.0147087 21.5794
0.0128259 0.0755212 -0.997062 -124.095 -0.0134995 0.997066 0.0753478 4.48185 0.999826 0.0124934 0.0138077 21.5744
0.0126472 0.0754116 -0.997072 -125.363 -0.0187532 0.996995 0.0751679 4.56412 0.999743 0.0177476 0.0140232 21.5697
0.0135052 0.0757623 -0.997035 -126.633 -0.0188889 0.996967 0.0755013 4.65608 0.99973 0.0178132 0.0148952 21.5762
0.0117077 0.0759532 -0.997043 -127.893 -0.0188677 0.99695 0.0757246 4.74755 0.999753 0.0179253 0.0131049 21.5805
0.012231 0.0764545 -0.996998 -129.161 -0.0189096 0.996912 0.076216 4.82804 0.999746 0.0179206 0.0136388 21.5873
0.0109269 0.0770463 -0.996968 -130.427 -0.0187427 0.996868 0.0768332 4.90932 0.999764 0.0178463 0.0123366 21.5926
0.010792 0.0801361 -0.996726 -131.701 -0.0187849 0.996624 0.0799245 4.99271 0.999765 0.0178608 0.0122608 21.5995
0.0115168 0.0809308 -0.996653 -132.97 -0.0184253 0.996567 0.0807109 5.07275 0.999763 0.017434 0.0129683 21.6073
0.0106514 0.0811493 -0.996645 -134.239 -0.0185038 0.996547 0.0809436 5.15666 0.999771 0.0175795 0.012116 21.6094
0.0114453 0.0812173 -0.996631 -135.503 -0.0186427 0.99654 0.0809958 5.24683 0.99976 0.0176528 0.0129197 21.617
0.0134129 0.0819583 -0.996546 -136.768 -0.0182487 0.996489 0.081708 5.32708 0.999743 0.0170897 0.0148613 21.6264
0.0135911 0.0821335 -0.996529 -138.036 -0.0188336 0.996465 0.0818714 5.41348 0.99973 0.0176555 0.0150898 21.6348
0.0149082 0.0833208 -0.996411 -139.304 -0.0190273 0.996365 0.0830322 5.49726 0.999707 0.0177211 0.0164393 21.6444
0.0154159 0.0846765 -0.996289 -140.572 -0.0194947 0.996244 0.0843709 5.58097 0.99969 0.0181217 0.0170086 21.6532
0.0167835 0.0857551 -0.996175 -141.835 -0.0201355 0.996142 0.085413 5.66659 0.999656 0.0186249 0.0184453 21.6654
0.0187943 0.0853787 -0.996171 -143.087 -0.021023 0.996161 0.0849811 5.76112 0.999602 0.0193453 0.0205169 21.6776
0.0179518 0.0858879 -0.996143 -144.331 -0.0205795 0.996124 0.0855155 5.84918 0.999626 0.0189649 0.0196496 21.6942
0.0182335 0.0861975 -0.996111 -145.579 -0.0195994 0.996116 0.0858392 5.93644 0.999641 0.017958 0.0198519 21.7138
0.0188152 0.086456 -0.996078 -146.825 -0.0187729 0.996109 0.0861041 6.02324 0.999646 0.0170792 0.0203649 21.7356
0.0182733 0.0870394 -0.996037 -148.071 -0.0179144 0.996072 0.0867138 6.11336 0.999672 0.0162589 0.0197606 21.7583
0.0193254 0.0876912 -0.99596 -149.315 -0.0167653 0.996035 0.0873724 6.19903 0.999672 0.015009 0.0207188 21.7802
0.018231 0.0881502 -0.995941 -150.555 -0.0163926 0.995998 0.0878553 6.29399 0.999699 0.0147243 0.0196029 21.7944
0.018509 0.0892739 -0.995835 -151.794 -0.0157866 0.995908 0.088987 6.38248 0.999703 0.0140738 0.0198425 21.8096
0.0192042 0.0905939 -0.995703 -153.03 -0.0141003 0.995812 0.0903319 6.47163 0.999715 0.0123049 0.020401 21.8274
0.0179782 0.0912929 -0.995662 -154.253 -0.0132026 0.995758 0.0910633 6.56478 0.99975 0.0115082 0.0191071 21.8437
0.0174205 0.0916613 -0.995638 -155.48 -0.0142746 0.99571 0.0914182 6.65939 0.999746 0.0126197 0.0186541 21.8616
0.0189607 0.094897 -0.995307 -156.705 -0.0146225 0.995405 0.0946278 6.75479 0.999713 0.0127596 0.0202611 21.8763
0.0183605 0.100077 -0.994811 -157.933 -0.0173298 0.99486 0.099762 6.86103 0.99968 0.0154082 0.0200003 21.8777
0.0203282 0.100856 -0.994694 -159.154 -0.0231972 0.994679 0.10038 6.97086 0.999523 0.0210335 0.0225594 21.8841
0.0200754 0.0987726 -0.994908 -160.364 -0.0268931 0.994801 0.0982194 7.08217 0.999436 0.0247843 0.0226272 21.8893
0.021336 0.0938276 -0.99536 -161.567 -0.0296425 0.995208 0.0931779 7.1843 0.999332 0.0275169 0.0240149 21.8973
0.0231717 0.0940078 -0.995302 -162.766 -0.0303652 0.995176 0.093289 7.28795 0.999269 0.0280609 0.0259143 21.9078
0.0236942 0.0937502 -0.995314 -163.96 -0.0277252 0.995272 0.0930863 7.38315 0.999334 0.0253897 0.0261813 21.9201
0.0238492 0.0906337 -0.995599 -165.147 -0.023168 0.995665 0.0900847 7.48062 0.999446 0.0209176 0.0258454 21.937
0.0240254 0.0908082 -0.995579 -166.328 -0.0174936 0.995752 0.0904019 7.571 0.999557 0.0152443 0.0255118 21.96
0.0225648 0.0914484 -0.995554 -167.509 -0.0140726 0.995738 0.0911463 7.66259 0.999646 0.0119533 0.0237554 21.9764
0.0232445 0.0949543 -0.995211 -168.692 -0.015003 0.9954 0.094622 7.76326 0.999616 0.0127317 0.024562 21.9963
0.0242488 0.0961035 -0.995076 -169.876 -0.0156589 0.995283 0.0957419 7.87015 0.999583 0.0132601 0.0256392 22.0166
0.0260399 0.0942076 -0.995212 -171.048 -0.0163953 0.995456 0.0938017 7.96771 0.999526 0.0138742 0.027466 22.0356
0.0265698 0.0940451 -0.995214 -172.211 -0.0162884 0.995473 0.0936348 8.06175 0.999513 0.0137225 0.0279812 22.0573
0.0275136 0.0957555 -0.995025 -173.362 -0.0159153 0.995317 0.0953436 8.1544 0.999494 0.0132129 0.0289086 22.0878
0.027563 0.0961675 -0.994984 -174.514 -0.016292 0.995273 0.0957441 8.24526 0.999487 0.0135712 0.0289993 22.1175
0.0293423 0.09668 -0.994883 -175.665 -0.0169232 0.995217 0.0962133 8.33598 0.999425 0.0140134 0.0308379 22.1533
0.0296101 0.0980954 -0.994737 -176.801 -0.0175625 0.99507 0.0976056 8.43137 0.999406 0.0145799 0.0311868 22.1841
0.0319092 0.0992595 -0.99455 -177.92 -0.0176477 0.994957 0.098734 8.52678 0.999334 0.014401 0.0334998 22.2189
0.0314866 0.10024 -0.994465 -179.018 -0.018178 0.994851 0.099703 8.61492 0.999338 0.0149381 0.0331465 22.2507
0.0321583 0.101173 -0.994349 -180.087 -0.0186135 0.994752 0.100612 8.70542 0.999309 0.0152728 0.0338726 22.2827
0.0332039 0.101741 -0.994257 -181.135 -0.0182758 0.9947 0.101176 8.7939 0.999281 0.0148114 0.0348872 22.3146
0.032557 0.101691 -0.994284 -182.159 -0.0187071 0.994698 0.101121 8.88742 0.999294 0.0153079 0.0342865 22.3466
0.0345604 0.101697 -0.994215 -183.155 -0.0194095 0.99469 0.101071 8.97125 0.999213 0.0158041 0.0363507 22.3725
0.0354737 0.10215 -0.994137 -184.133 -0.019686 0.994641 0.1015 9.0618 0.999176 0.01597 0.0372943 22.403
0.0352465 0.102019 -0.994158 -185.079 -0.019441 0.994657 0.101381 9.14956 0.999189 0.015754 0.0370414 22.4405
0.0330293 0.101245 -0.994314 -186.002 -0.018605 0.994746 0.100671 9.22627 0.99928 0.0151741 0.0347393 22.4678
0.0264672 0.101031 -0.994532 -186.905 -0.0183731 0.994761 0.100566 9.31285 0.99948 0.0156108 0.0281846 22.4908
0.0215478 0.100741 -0.99468 -187.81 -0.0183963 0.994782 0.100353 9.39762 0.999598 0.016136 0.0232885 22.5067
0.0183744 0.100663 -0.994751 -188.706 -0.0182842 0.994786 0.100329 9.4725 0.999663 0.0163447 0.020119 22.5203
0.0144005 0.101148 -0.994768 -189.612 -0.0183435 0.994729 0.100879 9.55449 0.999727 0.0167947 0.0161799 22.527
0.0137533 0.102107 -0.994679 -190.52 -0.0176934 0.994641 0.101859 9.636 0.999748 0.0161983 0.0154861 22.5396
0.0108319 0.102966 -0.994626 -191.428 -0.0164683 0.994568 0.10278 9.70675 0.999805 0.0152665 0.0124686 22.5484
0.00938391 0.103395 -0.994597 -192.333 -0.0158827 0.99453 0.103238 9.78859 0.999829 0.014828 0.0109746 22.5536
0.00929472 0.103426 -0.994594 -193.232 -0.0164593 0.994518 0.103264 9.86616 0.99982 0.0154105 0.0109459 22.5633
0.00799956 0.103294 -0.994619 -194.13 -0.0173341 0.994515 0.103144 9.94693 0.999817 0.0164157 0.00974607 22.5616
0.00874156 0.103369 -0.994605 -195.02 -0.0184529 0.99449 0.103195 10.0292 0.999791 0.0174512 0.0106007 22.5618
0.00860867 0.103195 -0.994624 -195.916 -0.0192535 0.994493 0.103015 10.1118 0.999777 0.0182631 0.010548 22.5562
0.00935552 0.103228 -0.994614 -196.815 -0.0195949 0.994485 0.103031 10.1948 0.999763 0.0185255 0.0113265 22.5608
0.0107734 0.103206 -0.994602 -197.712 -0.0198412 0.994485 0.102979 10.2788 0.999744 0.0186246 0.0127616 22.5661
0.0107394 0.103637 -0.994558 -198.616 -0.0198666 0.99444 0.103411 10.368 0.999744 0.0186478 0.0127385 22.5686
0.0110147 0.105094 -0.994402 -199.525 -0.0198025 0.994289 0.104863 10.4563 0.999742 0.0185366 0.0130328 22.5719
0.0116109 0.105943 -0.994305 -200.439 -0.0195589 0.994205 0.105704 10.5436 0.99974 0.0182202 0.0136156 22.5902
0.0114846 0.102666 -0.99465 -201.363 -0.0149095 0.994622 0.102491 10.6174 0.999822 0.0136527 0.0129534 22.5964
0.0123429 0.102107 -0.994697 -202.29 -0.0141704 0.99469 0.101931 10.6901 0.999822 0.0128371 0.0137241 22.6076
0.0117791 0.103233 -0.994588 -203.231 -0.0173256 0.994528 0.103021 10.7783 0.99978 0.0160183 0.0135031 22.6029
0.0131556 0.104709 -0.994416 -204.176 -0.0176124 0.994371 0.104471 10.8738 0.999757 0.0161397 0.0149256 22.6028
0.0156111 0.105185 -0.99433 -205.127 -0.0177701 0.994323 0.104905 10.9673 0.999719 0.0160316 0.0173915 22.619
0.0168733 0.105819 -0.994243 -206.089 -0.0175944 0.994261 0.105523 11.0533 0.999702 0.0157126 0.0186382 22.6261
0.0196329 0.109327 -0.993812 -207.059 -0.0182055 0.993877 0.108974 11.1575 0.999641 0.0159533 0.0215029 22.6395
0.0204811 0.112471 -0.993444 -208.042 -0.0169422 0.993548 0.112134 11.2478 0.999646 0.0145345 0.0222543 22.6539
0.0217249 0.113485 -0.993303 -209.027 -0.0172382 0.993431 0.113123 11.3369 0.999614 0.0146651 0.0235383 22.6712
0.0245147 0.114249 -0.99315 -210.021 -0.019166 0.993319 0.113795 11.4403 0.999515 0.0162451 0.0265405 22.6939
0.0266255 0.115578 -0.992942 -211.025 -0.0200497 0.993155 0.115065 11.5523 0.999443 0.0168445 0.0287604 22.7122
0.0310476 0.115931 -0.992772 -212.036 -0.0209209 0.993108 0.115316 11.6597 0.999298 0.0171894 0.0332589 22.735
0.0334219 0.115744 -0.992717 -213.055 -0.0219659 0.993116 0.115051 11.7701 0.999199 0.0179607 0.0357341 22.756
0.0358595 0.115649 -0.992643 -214.079 -0.0220666 0.99313 0.114908 11.8759 0.999112 0.0177837 0.038165 22.7904
0.0382331 0.115878 -0.992528 -215.113 -0.0222768 0.993105 0.115087 11.9782 0.999019 0.0177101 0.0405508 22.8315
0.0392641 0.117875 -0.992252 -216.152 -0.0231058 0.992859 0.117033 12.0833 0.998961 0.0183316 0.0417071 22.8654
0.0413185 0.119064 -0.992027 -217.199 -0.0241288 0.992703 0.11814 12.2001 0.998854 0.019055 0.0438897 22.9065
0.0419256 0.119506 -0.991948 -218.255 -0.0240422 0.992653 0.118575 12.3148 0.99883 0.0188773 0.0444906 22.9474
0.0428189 0.117278 -0.992176 -219.318 -0.0233752 0.992932 0.116359 12.4284 0.998808 0.0182099 0.0452575 22.9918
0.0442428 0.116221 -0.992238 -220.387 -0.0224467 0.993075 0.115318 12.5535 0.998768 0.0171705 0.046545 23.0414
0.0433786 0.115978 -0.992304 -221.462 -0.020515 0.993132 0.115178 12.6632 0.998847 0.0153609 0.0454598 23.0862
0.0445888 0.116085 -0.992238 -222.542 -0.0212732 0.99311 0.115231 12.7848 0.998778 0.0159701 0.0467509 23.1274
0.0440395 0.116577 -0.992205 -223.635 -0.0209341 0.993058 0.115748 12.8987 0.998809 0.0156734 0.0461741 23.1771
0.0442871 0.117619 -0.992071 -224.719 -0.022748 0.992906 0.116702 13.0184 0.998759 0.0173993 0.0466484 23.2176
0.0453807 0.119079 -0.991847 -225.823 -0.0226289 0.992737 0.118151 13.1381 0.998712 0.0170827 0.0477456 23.2638
0.0435484 0.120574 -0.991749 -226.93 -0.0228158 0.992551 0.119669 13.267 0.99879 0.0174161 0.0459749 23.3118
0.0427952 0.122081 -0.991597 -228.051 -0.0238467 0.992348 0.121144 13.3891 0.998798 0.0184619 0.0453788 23.3608
0.0433446 0.12324 -0.99143 -229.186 -0.0251964 0.992181 0.122232 13.5151 0.998741 0.0196824 0.0461107 23.4092
0.040532 0.123508 -0.991516 -230.322 -0.0262614 0.992119 0.122509 13.6486 0.998832 0.021073 0.0434559 23.4398
0.0412764 0.120472 -0.991859 -231.466 -0.0256965 0.992503 0.119481 13.7672 0.998816 0.0205556 0.0440626 23.4864
0.0385567 0.115243 -0.992589 -232.608 -0.0230847 0.993165 0.114413 13.8939 0.998989 0.0185022 0.0409533 23.5303
0.037024 0.111471 -0.993078 -233.767 -0.0192304 0.993654 0.110819 14.0128 0.999128 0.0149943 0.0389326 23.5767
0.0360438 0.111696 -0.993089 -234.963 -0.0133826 0.993699 0.111279 14.144 0.999259 0.00927912 0.0373113 23.6302
0.0325028 0.115138 -0.992818 -236.142 -0.00830645 0.993339 0.114927 14.2657 0.999436 0.00451133 0.0332425 23.668
0.0304941 0.1169 -0.992676 -237.326 -0.00595061 0.99314 0.116772 14.3905 0.999516 0.00234614 0.0309804 23.6991
0.0305539 0.117463 -0.992607 -238.529 -0.00542494 0.993075 0.117352 14.5116 0.999517 0.00179926 0.0309795 23.7407
0.026983 0.118161 -0.992628 -239.731 -0.00537248 0.992992 0.118058 14.6484 0.99962 0.00214729 0.0274286 23.7682
0.0246819 0.11949 -0.992529 -240.937 -0.00476321 0.992833 0.119408 14.7822 0.999683 0.00178038 0.0250741 23.7932
0.0239627 0.120216 -0.992459 -242.158 -0.00450249 0.992746 0.120142 14.9139 0.999702 0.00158958 0.02433 23.8183
0.0203674 0.120062 -0.992558 -243.382 -0.00442838 0.992764 0.119996 15.0544 0.999782 0.0019514 0.0207516 23.8324
0.0195718 0.120391 -0.992534 -244.616 -0.0046684 0.992723 0.120322 15.1945 0.999796 0.00227862 0.0199913 23.8527
0.0158841 0.121327 -0.992486 -245.859 -0.00482613 0.992608 0.121264 15.3365 0.999861 0.00286367 0.0163521 23.8682
0.0135104 0.122364 -0.992394 -247.111 -0.00520035 0.992479 0.122304 15.4687 0.999894 0.0035084 0.014045 23.8809
0.0124719 0.123744 -0.992236 -248.361 -0.00601384 0.992304 0.123677 15.6089 0.999903 0.00442463 0.01312 23.8918
0.00874544 0.1251 -0.992106 -249.625 -0.00611174 0.992131 0.12505 15.7518 0.999942 0.00496986 0.0094411 23.8937
0.00718381 0.125818 -0.992028 -250.891 -0.00701796 0.992034 0.125768 15.8773 0.999948 0.0060585 0.00800947 23.8985
0.00793352 0.126556 -0.991928 -252.152 -0.00762566 0.991937 0.126496 16.0226 0.999938 0.00656053 0.00883452 23.8968
0.00716657 0.12714 -0.991859 -253.414 -0.00728438 0.991864 0.127088 16.1676 0.999947 0.00631428 0.0080343 23.8847
0.00851032 0.127076 -0.991857 -254.68 -0.00705877 0.991875 0.127017 16.3096 0.999938 0.00592031 0.00933807 23.8882
0.00781116 0.127221 -0.991844 -255.944 -0.00626552 0.99186 0.127174 16.4533 0.999949 0.00522102 0.00854459 23.894
0.00817216 0.127865 -0.991758 -257.204 -0.00516084 0.991783 0.127826 16.6032 0.999952 0.00407367 0.0087648 23.894
0.00931482 0.128452 -0.991672 -258.457 -0.00514137 0.991708 0.128408 16.7545 0.999942 0.00390244 0.00989789 23.9057
0.00876894 0.12878 -0.991635 -259.716 -0.00486905 0.991666 0.128741 16.918 0.999949 0.00369938 0.0093228 23.9123
0.0103515 0.129454 -0.991532 -260.965 -0.00453435 0.99158 0.129413 17.0719 0.999935 0.00315632 0.0108512 23.9238
0.00972207 0.130089 -0.991455 -262.224 -0.00405616 0.991498 0.130055 17.2295 0.999943 0.00275708 0.010167 23.9311
0.0100128 0.130744 -0.991366 -263.48 -0.00214292 0.991415 0.130729 17.3766 0.999946 0.000815438 0.0102069 23.9428
0.0118847 0.135536 -0.990702 -264.725 0.00149199 0.990767 0.135563 17.5236 0.999927 -0.00308926 0.0115726 23.9521
0.0115037 0.136688 -0.990548 -265.97 0.00216731 0.990607 0.136721 17.6798 0.99993 -0.00371963 0.0110993 23.9606
0.0111533 0.13676 -0.990542 -267.204 0.00163525 0.990599 0.136786 17.8375 0.999935 -0.00314541 0.0108248 23.9744
0.0125356 0.137012 -0.990491 -268.434 0.000525002 0.990566 0.137029 17.9951 0.99992 -0.00223777 0.0123453 23.9786
0.0107776 0.14027 -0.990055 -269.668 -0.00407137 0.99011 0.140234 18.1572 0.999933 0.00251948 0.011242 23.9746
0.0114859 0.145966 -0.989223 -270.901 -0.00868279 0.989265 0.145871 18.321 0.999895 0.00691374 0.0126299 23.9756
0.0111575 0.146223 -0.989189 -272.139 -0.00872588 0.989226 0.14613 18.4795 0.999899 0.00700108 0.0123131 23.9666
0.0109868 0.140629 -0.990002 -273.37 -0.00964356 0.99003 0.140526 18.6296 0.999892 0.00800318 0.0122333 23.9722
0.0120875 0.135478 -0.990707 -274.593 -0.00770499 0.990762 0.135391 18.7792 0.999896 0.00599684 0.0130195 23.9824
0.0113792 0.134786 -0.99081 -275.825 -0.00258172 0.990874 0.134765 18.9331 0.999931 0.00102446 0.0116232 23.9891
0.0125757 0.135216 -0.990737 -277.058 0.000482599 0.990813 0.135233 19.0883 0.99992 -0.00217879 0.0123949 23.9997
0.0152809 0.136564 -0.990514 -278.283 0.000770091 0.990627 0.136592 19.2434 0.999882 -0.00285004 0.0150324 24.015
0.0150795 0.137717 -0.990357 -279.506 0.00121113 0.990466 0.13775 19.398 0.999884 -0.00327667 0.0147689 24.0315
0.0165648 0.138538 -0.990219 -280.73 0.000369976 0.990353 0.138563 19.546 0.999862 -0.00266164 0.0163536 24.0454
0.0164447 0.139225 -0.990125 -281.951 0.000174316 0.990257 0.139247 19.7031 0.999864 -0.00246247 0.0162601 24.0555
0.0173319 0.139385 -0.990087 -283.174 0.000389247 0.990234 0.139413 19.8596 0.999849 -0.00280169 0.0171082 24.0714
0.0181821 0.13895 -0.990133 -284.387 -6.80489e-05 0.990296 0.138972 20.0249 0.999834 -0.00245943 0.018015 24.0876
0.0179456 0.138819 -0.990156 -285.605 -3.6345e-05 0.990314 0.13884 20.1843 0.999838 -0.0024556 0.0177767 24.1041
0.0180047 0.139099 -0.990115 -286.824 -0.000474244 0.990276 0.139113 20.3397 0.999837 -0.00203514 0.0178955 24.1198
0.0190757 0.139326 -0.990063 -288.044 -0.000947549 0.990245 0.139333 20.4988 0.999816 -0.00171975 0.0190215 24.1372
0.0184225 0.13976 -0.990014 -289.263 -0.000979459 0.990184 0.139766 20.6578 0.999829 -0.00160516 0.0183784 24.1569
0.0197172 0.140079 -0.989944 -290.486 -0.00103822 0.990138 0.140086 20.8206 0.999804 -0.00173434 0.0196681 24.1722
0.0190434 0.140058 -0.98996 -291.722 -0.00114586 0.990142 0.140062 20.9864 0.999817 -0.00153291 0.019016 24.2
0.0200089 0.139938 -0.989958 -292.93 -0.00176265 0.990159 0.139931 21.1454 0.999797 -0.00105491 0.0200585 24.2088
0.0192011 0.139409 -0.990049 -294.127 -0.00178591 0.990234 0.1394 21.3241 0.999813 -0.000908514 0.0192625 24.2178
0.0194077 0.13949 -0.990034 -295.331 -0.00212298 0.990223 0.139475 21.4884 0.999808 -0.000605077 0.0195139 24.2365
0.0188948 0.13967 -0.990018 -296.522 -0.00247088 0.990197 0.139649 21.6515 0.999817 -0.000192433 0.0190546 24.2503
0.0194519 0.139927 -0.989971 -297.711 -0.00267793 0.990161 0.139901 21.8135 0.999806 -7.02932e-05 0.0196352 24.262
0.0185722 0.140299 -0.989935 -298.917 -0.00276837 0.990108 0.140272 21.9691 0.999822 0.000135348 0.0187767 24.2754
0.0192149 0.140752 -0.989859 -300.113 -0.0030349 0.990044 0.14072 22.1346 0.99981 0.000300198 0.0194506 24.2902
0.018588 0.140589 -0.989894 -301.314 -0.00281399 0.990067 0.14056 22.2925 0.999822 0.000172791 0.0187989 24.2965
0.017956 0.140928 -0.989857 -302.524 -0.00242353 0.990019 0.140907 22.4469 0.999835 -0.000131185 0.0181182 24.3162
0.0177477 0.141055 -0.989843 -303.74 -0.00131261 0.99 0.141054 22.6028 0.99984 -0.00120412 0.0177552 24.3385
0.0161118 0.142306 -0.989692 -304.962 -0.000609828 0.989821 0.142315 22.7632 0.999869 -0.00168941 0.0160344 24.3595
0.0155142 0.142952 -0.989608 -306.187 -0.000704151 0.989728 0.142958 22.9252 0.999878 -0.00152107 0.0154554 24.3728
0.0156813 0.14287 -0.989618 -307.423 -0.00201305 0.989741 0.142856 23.0814 0.999874 -0.00024803 0.0158079 24.3876
0.0143706 0.143185 -0.989592 -308.662 -0.00239569 0.989695 0.143166 23.2395 0.999893 0.000313366 0.0145655 24.4001
0.0161888 0.143573 -0.989508 -309.898 -0.00291865 0.989639 0.143545 23.4023 0.999864 0.000564199 0.01644 24.4127
0.0167735 0.144107 -0.98942 -311.139 -0.0022573 0.989561 0.14409 23.5694 0.999856 -0.000183482 0.0169236 24.4326
0.017372 0.144685 -0.989326 -312.378 -0.00182936 0.989477 0.144675 23.7276 0.999846 -0.000703463 0.0174538 24.4571
0.0184222 0.145287 -0.989218 -313.618 -0.00185885 0.989389 0.145277 23.8919 0.999827 -0.000837534 0.0184967 24.4834
