1 0 0 0 0 1 0 0 0 0 1 0
0.999991 0.00418355 0.000253381 -0.0131704 -0.00418386 0.99999 0.00123248 -0.0223821 -0.000248223 -0.00123353 0.999999 0.791858
0.999983 0.00575423 0.000628939 -0.0199289 -0.00575538 0.999982 0.00184401 -0.0334531 -0.000618316 -0.0018476 0.999998 1.55585
0.999979 0.0063396 0.00110817 -0.0257541 -0.00634183 0.999978 0.00201731 -0.0586493 -0.00109536 -0.00202429 0.999997 2.3116
0.999969 0.00782611 0.00107073 -0.0307295 -0.00782815 0.999967 0.00191821 -0.0669582 -0.00105568 -0.00192653 0.999998 3.04788
0.999968 0.00797535 0.000948617 -0.0374308 -0.00797711 0.999966 0.00187067 -0.0774533 -0.000933666 -0.00187818 0.999998 3.77342
0.999966 0.00802621 0.00177278 -0.0380804 -0.00803125 0.999964 0.00285368 -0.0894284 -0.00174981 -0.00286782 0.999994 4.47904
0.999965 0.00821863 0.00170004 -0.0390824 -0.00822681 0.999954 0.00486058 -0.0967964 -0.00166002 -0.0048744 0.999987 5.17727
0.999967 0.0075621 0.00305292 -0.0414026 -0.00758382 0.999946 0.00716662 -0.109328 -0.00299856 -0.00718954 0.99997 5.83939
0.999964 0.0074839 0.00398387 -0.0401322 -0.00752531 0.999917 0.0104822 -0.118693 -0.00390509 -0.0105119 0.999937 6.49416
0.999964 0.00683116 0.00503521 -0.0355659 -0.00689135 0.999904 0.0120352 -0.130277 -0.00495251 -0.0120694 0.999915 7.10285
0.999955 0.00679729 0.00662258 -0.0333236 -0.00687576 0.999906 0.011898 -0.14066 -0.00654108 -0.011943 0.999907 7.68839
0.999943 0.00784449 0.00724213 -0.0364415 -0.0079208 0.999913 0.0105703 -0.149916 -0.00715858 -0.010627 0.999918 8.25184
0.999936 0.00764406 0.00834034 -0.0337519 -0.00771322 0.999936 0.0082919 -0.154873 -0.00827643 -0.0083557 0.999931 8.78389
0.999932 0.0067506 0.00955571 -0.0295833 -0.00682117 0.99995 0.00737244 -0.158611 -0.00950546 -0.00743712 0.999927 9.29626
0.999925 0.00450324 0.011367 -0.0210539 -0.00457453 0.99997 0.00625296 -0.168277 -0.0113385 -0.00630449 0.999916 9.77158
0.999906 0.00313687 0.0133555 -0.0149968 -0.00321648 0.999977 0.00594347 -0.183647 -0.0133366 -0.00598587 0.999893 10.2174
0.999868 0.00566207 0.015259 -0.0170771 -0.00573605 0.999972 0.0048092 -0.18409 -0.0152314 -0.00489609 0.999872 10.6328
0.999818 0.00590668 0.0181659 -0.0177932 -0.00599278 0.999971 0.00468887 -0.186395 -0.0181376 -0.00479687 0.999824 11.0173
0.999753 0.00645838 0.021277 -0.0134545 -0.00656812 0.999965 0.00509187 -0.187616 -0.0212433 -0.00523036 0.999761 11.3775
0.999687 0.00531698 0.024461 0.000289369 -0.00545624 0.999969 0.00563024 -0.198806 -0.0244303 -0.00576194 0.999685 11.7003
0.999632 0.000832881 0.0271036 0.0128292 -0.000993523 0.999982 0.00591405 -0.208807 -0.0270982 -0.0059388 0.999615 11.9987
0.999565 -0.00191284 0.0294459 0.0276704 0.00170847 0.999974 0.0069642 -0.217757 -0.0294585 -0.00691086 0.999542 12.2666
0.999502 -0.00275315 0.0314288 0.040977 0.00251511 0.999968 0.00761098 -0.223306 -0.0314487 -0.00752815 0.999477 12.515
0.999427 -0.00208362 0.0337776 0.0473352 0.00184028 0.999972 0.00723376 -0.224064 -0.0337917 -0.00716746 0.999403 12.7264
0.999347 -0.0013281 0.0360967 0.0506846 0.00108758 0.999977 0.00668207 -0.225978 -0.0361048 -0.00663845 0.999326 12.9169
0.999252 2.54086e-05 0.0386672 0.0537157 -0.000256593 0.999982 0.00597389 -0.227421 -0.0386663 -0.00597934 0.999234 13.0989
0.999182 0.00147094 0.0404164 0.0566041 -0.00169607 0.999983 0.00553653 -0.2321 -0.0404076 -0.00560055 0.999168 13.2692
0.999148 0.00211287 0.0412107 0.0588846 -0.00231393 0.999986 0.00483183 -0.235562 -0.0411999 -0.00492308 0.999139 13.4332
0.999055 0.00185239 0.0434149 0.0686641 -0.00202659 0.99999 0.00396882 -0.238939 -0.0434071 -0.00405306 0.999049 13.5905
0.998988 0.00123264 0.0449571 0.080847 -0.00138579 0.999993 0.00337566 -0.243227 -0.0449526 -0.00343454 0.998983 13.741
0.998915 0.000401942 0.0465748 0.0904385 -0.000523451 0.999997 0.00259675 -0.247675 -0.0465736 -0.00261831 0.998911 13.8819
0.998855 0.000741852 0.0478389 0.0994564 -0.000823288 0.999998 0.00168263 -0.250217 -0.0478375 -0.00172009 0.998854 14.02
0.99878 0.00113705 0.0493677 0.103969 -0.00115532 0.999999 0.000341588 -0.252381 -0.0493673 -0.000398207 0.998781 14.1481
0.998736 0.00156664 0.0502336 0.108628 -0.00150022 0.999998 -0.00135974 -0.254545 -0.0502356 0.00128266 0.998737 14.2761
0.99869 0.000782609 0.051167 0.117525 -0.000643715 0.999996 -0.00273093 -0.259272 -0.0511689 0.00269442 0.998686 14.4041
0.998706 -2.06151e-05 0.0508508 0.126378 0.000227687 0.999992 -0.00406634 -0.264166 -0.0508503 0.00407266 0.998698 14.5321
0.9988 9.70419e-06 0.0489797 0.134971 0.000229781 0.999988 -0.00488383 -0.269145 -0.0489792 0.00488922 0.998788 14.6602
0.99894 -0.00016566 0.0460358 0.137693 0.000413277 0.999985 -0.0053693 -0.271323 -0.0460343 0.00538264 0.998925 14.7879
0.999111 0.000445334 0.0421548 0.139859 -0.000184563 0.999981 -0.00618972 -0.273562 -0.0421568 0.00617644 0.999092 14.9157
0.999325 0.000582688 0.0367244 0.138388 -0.000332175 0.999977 -0.00682717 -0.274756 -0.0367275 0.00681036 0.999302 15.0461
0.999542 0.000375778 0.0302612 0.137788 -0.000158357 0.999974 -0.00718688 -0.276091 -0.0302631 0.0071788 0.999516 15.1715
0.999736 0.000503855 0.0229519 0.13625 -0.000330066 0.999971 -0.00757502 -0.277492 -0.0229551 0.00756545 0.999708 15.297
0.999888 0.000328564 0.014971 0.129088 -0.000206409 0.999967 -0.00816016 -0.274212 -0.0149732 0.00815615 0.999855 15.4288
0.999987 -4.04978e-05 0.00516322 0.125201 8.62069e-05 0.999961 -0.00885284 -0.274449 -0.00516268 0.00885316 0.999948 15.5704
0.99997 -0.00123694 -0.00757508 0.118663 0.00115895 0.999946 -0.0102912 -0.279394 0.00758738 0.0102821 0.999918 15.7187
0.999724 -0.00173572 -0.0234313 0.107364 0.00147002 0.999934 -0.0113521 -0.287132 0.0234495 0.0113145 0.999661 15.8721
0.999075 -0.00158938 -0.0429629 0.085378 0.00108834 0.999931 -0.0116832 -0.28862 0.0429785 0.0116257 0.999008 16.0536
0.997924 -0.00114506 -0.0643985 0.0559723 0.000394843 0.999932 -0.0116611 -0.292456 0.0644075 0.0116114 0.997856 16.2427
0.996141 -0.00115081 -0.0877553 0.0162143 0.000174719 0.999938 -0.0111298 -0.294727 0.0877626 0.0110715 0.99608 16.4464
0.993443 -0.000435343 -0.114331 -0.0278181 -0.000785901 0.999943 -0.0106363 -0.300637 0.11433 0.0106564 0.993386 16.6855
0.98955 -0.000426691 -0.144187 -0.0891681 -0.00101785 0.99995 -0.00994462 -0.299818 0.144184 0.00998746 0.9895 16.9191
0.984152 -0.000488528 -0.177324 -0.148037 -0.000941142 0.999968 -0.00797826 -0.305376 0.177323 0.00801871 0.98412 17.1856
0.976859 3.3263e-05 -0.213883 -0.223926 -0.00111511 0.999987 -0.00493749 -0.305324 0.21388 0.00506174 0.976847 17.4556
0.967418 0.000740991 -0.253184 -0.322286 -0.000999187 0.999999 -0.000891215 -0.310237 0.253183 0.00111516 0.967418 17.7196
0.955687 0.00437455 -0.294352 -0.44109 -0.00369089 0.999989 0.00287809 -0.310501 0.294361 -0.00166414 0.955693 18.0106
0.941802 0.0074203 -0.336087 -0.574931 -0.00584278 0.999967 0.00570479 -0.312145 0.336118 -0.0034091 0.941814 18.3001
0.925456 0.00916004 -0.378745 -0.721956 -0.00587126 0.999934 0.00983735 -0.312954 0.378811 -0.00688031 0.925449 18.5846
0.906469 0.0118723 -0.422106 -0.89626 -0.00572456 0.999858 0.0158289 -0.317785 0.422234 -0.011932 0.906408 18.8942
0.884926 0.0151998 -0.465483 -1.08547 -0.00631888 0.999767 0.0206335 -0.320772 0.465688 -0.0153178 0.884816 19.1953
0.86053 0.0189173 -0.509049 -1.28962 -0.00803888 0.99969 0.0235611 -0.322653 0.509337 -0.0161829 0.860415 19.4865
0.833138 0.0215514 -0.552645 -1.52972 -0.00902785 0.999637 0.0253728 -0.323753 0.552991 -0.0161499 0.833031 19.7898
0.802833 0.0242264 -0.595712 -1.78026 -0.011278 0.999613 0.0254529 -0.320846 0.596098 -0.013716 0.802795 20.0716
0.769696 0.0265312 -0.637859 -2.08078 -0.0118712 0.999558 0.0272509 -0.313828 0.638301 -0.0134027 0.769671 20.3741
0.733345 0.0292615 -0.679227 -2.39201 -0.0128307 0.999491 0.0292056 -0.303607 0.679736 -0.0127028 0.733347 20.6599
0.695092 0.0295579 -0.718313 -2.70301 -0.0109908 0.999475 0.0304919 -0.294594 0.718837 -0.0132998 0.695052 20.931
0.654582 0.02995 -0.755398 -3.06358 -0.00962497 0.999464 0.0312863 -0.286011 0.75593 -0.0132088 0.654519 21.215
0.612478 0.0288555 -0.789961 -3.4414 -0.00593315 0.999473 0.0319084 -0.276688 0.790465 -0.0148562 0.612327 21.4808
0.568417 0.028609 -0.822243 -3.83303 -0.00185697 0.999438 0.0334906 -0.266734 0.822739 -0.0175097 0.56815 21.7259
0.521895 0.0289958 -0.852517 -4.2752 -0.000556536 0.999434 0.0336521 -0.251445 0.85301 -0.0170884 0.521615 21.975
0.47298 0.0286667 -0.880607 -4.72264 0.000528909 0.999461 0.0328199 -0.227698 0.881073 -0.0159889 0.47271 22.1837
0.421308 0.0279785 -0.906486 -5.21165 0.00371713 0.999463 0.0325758 -0.216856 0.90691 -0.017094 0.420977 22.3923
0.367802 0.0264398 -0.929528 -5.71791 0.00853396 0.999458 0.0318057 -0.203864 0.929865 -0.0196307 0.367377 22.5728
0.314476 0.0262842 -0.948902 -6.23542 0.00984861 0.999473 0.0309489 -0.195871 0.949215 -0.019078 0.314051 22.7272
0.261011 0.0296574 -0.96488 -6.81535 0.0100384 0.999391 0.0334337 -0.165323 0.965284 -0.0184124 0.260555 22.8587
0.209653 0.0340605 -0.977182 -7.4008 0.0122878 0.999223 0.0374651 -0.141219 0.977699 -0.0198621 0.209072 22.9615
0.161455 0.0359447 -0.986225 -7.99116 0.0169861 0.999087 0.0391943 -0.128077 0.986734 -0.0230803 0.160697 23.0473
0.116497 0.0362766 -0.992528 -8.62148 0.0185409 0.999079 0.0386922 -0.112632 0.993018 -0.0229099 0.115717 23.1128
0.0764744 0.0352039 -0.99645 -9.26041 0.0193507 0.999136 0.0367839 -0.0839023 0.996884 -0.022095 0.075727 23.1444
0.0403188 0.0319355 -0.998676 -9.92432 0.0153047 0.999352 0.032575 -0.0623587 0.99907 -0.0165979 0.0398038 23.1541
0.0121038 0.0311717 -0.999441 -10.5966 0.0133949 0.99942 0.0313333 -0.0362493 0.999837 -0.0137666 0.0116792 23.1401
-0.00955924 0.0349093 -0.999345 -11.3128 0.0126702 0.999315 0.0347871 -0.00765192 0.999874 -0.0123294 -0.00999509 23.1186
-0.0229718 0.0399491 -0.998937 -12.0446 0.0135279 0.999123 0.0396454 0.0179636 0.999645 -0.0126028 -0.0234922 23.0908
-0.0308615 0.0424699 -0.998621 -12.7917 0.0144864 0.999011 0.0420388 0.0413371 0.999419 -0.013169 -0.0314463 23.061
-0.035148 0.0405588 -0.998559 -13.5529 0.0142362 0.999095 0.0400795 0.063743 0.999281 -0.0128069 -0.0356937 23.0382
-0.0343675 0.0366156 -0.998738 -14.3303 0.0197686 0.999158 0.0359507 0.0939208 0.999214 -0.0185081 -0.0350625 23.0094
-0.0305916 0.0360718 -0.998881 -15.1333 0.0319552 0.998873 0.0350928 0.101304 0.999021 -0.0308459 -0.0317099 23.0019
-0.0245442 0.0355945 -0.999065 -15.9623 0.0335754 0.998832 0.0347613 0.134426 0.999135 -0.0326908 -0.0257107 22.9865
-0.0196597 0.0338178 -0.999234 -16.8059 0.0317904 0.998944 0.0331825 0.172845 0.999301 -0.0311137 -0.0207141 22.9632
-0.0156331 0.029173 -0.999452 -17.6684 0.0362131 0.998935 0.0285915 0.182401 0.999222 -0.0357463 -0.016673 22.958
-0.0138468 0.0193142 -0.999717 -18.5457 0.0339289 0.999247 0.0188352 0.191072 0.999328 -0.0336585 -0.0144918 22.9408
-0.0130439 0.0113057 -0.999851 -19.441 0.0273407 0.999567 0.0109458 0.219896 0.999541 -0.0271939 -0.0133474 22.9124
-0.0136478 0.00930334 -0.999863 -20.3678 0.0229778 0.999696 0.00898813 0.248791 0.999643 -0.022852 -0.0138575 22.8861
-0.017479 0.0154011 -0.999729 -21.3277 0.015487 0.999766 0.0151309 0.2854 0.999727 -0.0152184 -0.0177136 22.8405
-0.0210908 0.0229605 -0.999514 -22.3049 0.0113635 0.999678 0.0227245 0.301902 0.999713 -0.0108787 -0.021345 22.8047
-0.0261741 0.0323941 -0.999132 -23.2916 0.00994898 0.999434 0.0321433 0.329734 0.999608 -0.00909904 -0.0264817 22.7669
-0.0285613 0.0407359 -0.998761 -24.3084 0.00878048 0.999141 0.0405002 0.363729 0.999553 -0.00761287 -0.0288946 22.7325
-0.028613 0.0471167 -0.998479 -25.3367 0.0113013 0.99884 0.0468099 0.402314 0.999527 -0.00994472 -0.0291124 22.7019
-0.0306024 0.04921 -0.998319 -26.3798 0.0120958 0.998733 0.0488596 0.431265 0.999458 -0.0105803 -0.0311589 22.6689
-0.0314495 0.0463964 -0.998428 -27.388 0.0109859 0.998878 0.0460712 0.477839 0.999445 -0.00951968 -0.031924 22.6434
-0.034456 0.0418136 -0.998531 -28.4121 0.00620709 0.999114 0.0416238 0.51737 0.999387 -0.00476379 -0.0346851 22.6078
-0.0385425 0.0373909 -0.998557 -29.4507 0.00518695 0.999294 0.0372183 0.544108 0.999243 -0.00374498 -0.0387093 22.5677
-0.0438608 0.0340607 -0.998457 -30.4915 0.0064074 0.999408 0.0338116 0.56906 0.999017 -0.00491451 -0.0440531 22.523
-0.050968 0.0323997 -0.998174 -31.5467 0.00461883 0.999471 0.0322059 0.597992 0.998689 -0.00296893 -0.0510908 22.466
-0.0567816 0.0346209 -0.997786 -32.6022 0.00640561 0.999391 0.034312 0.628727 0.998366 -0.00444314 -0.0569689 22.4034
-0.0636981 0.0382721 -0.997235 -33.6735 0.00532259 0.999263 0.0380099 0.665247 0.997955 -0.00288672 -0.0638549 22.3366
-0.0701186 0.0412087 -0.996687 -34.7476 0.00421494 0.99915 0.041014 0.704125 0.99753 -0.00132514 -0.0702328 22.2568
-0.0740453 0.0424769 -0.99635 -35.8047 0.00149183 0.999096 0.0424832 0.73492 0.997253 0.00165928 -0.0740418 22.1663
-0.0778293 0.0433206 -0.996025 -36.8856 -0.00239621 0.999045 0.0436392 0.768594 0.996964 0.00578308 -0.0776512 22.0736
-0.0788023 0.0440987 -0.995914 -37.9514 -0.00605805 0.998982 0.0447138 0.808668 0.996872 0.00955684 -0.078455 21.9811
-0.0810806 0.0445047 -0.995713 -39.0344 -0.00625403 0.99896 0.0451591 0.844716 0.996688 0.00988874 -0.0807181 21.8848
-0.0828223 0.044161 -0.995585 -40.1063 -0.00672637 0.99897 0.0448707 0.87769 0.996541 0.010413 -0.08244 21.7994
-0.0836644 0.0440216 -0.995521 -41.1781 -0.0071445 0.998972 0.0447746 0.910583 0.996468 0.0108585 -0.083264 21.7131
-0.0851 0.0436129 -0.995417 -42.2659 -0.00755385 0.998985 0.044415 0.948428 0.996343 0.0112989 -0.0846842 21.6125
-0.0863027 0.0420422 -0.995381 -43.3533 -0.0112486 0.999005 0.0431705 0.985075 0.996205 0.0149223 -0.0857439 21.5102
-0.0860841 0.03908 -0.995521 -44.4325 -0.0159307 0.999049 0.040596 1.03227 0.99616 0.019354 -0.0853797 21.3989
-0.0860418 0.0386918 -0.99554 -45.5133 -0.0170264 0.999043 0.0402995 1.08102 0.996146 0.0204179 -0.0853007 21.2907
-0.0838116 0.0409757 -0.995638 -46.6072 -0.0164922 0.998961 0.0425007 1.12503 0.996345 0.0199823 -0.0830487 21.1934
-0.0833691 0.0429558 -0.995592 -47.7288 -0.0160737 0.998883 0.0444437 1.17139 0.996389 0.0197081 -0.0825856 21.1032
-0.0812251 0.0436616 -0.995739 -48.8369 -0.015362 0.998867 0.0450518 1.20611 0.996577 0.0189559 -0.0804624 21.0021
-0.0795074 0.0434488 -0.995887 -49.9451 -0.0155309 0.998875 0.044819 1.24055 0.996713 0.0190305 -0.0787432 20.9031
-0.075691 0.0438439 -0.996167 -51.0537 -0.0185775 0.998798 0.0453712 1.27577 0.996958 0.0219405 -0.0747855 20.8085
-0.0700283 0.0440761 -0.99657 -52.1746 -0.023416 0.998676 0.0458146 1.31934 0.99727 0.0265439 -0.0689035 20.7175
-0.0652657 0.0440024 -0.996897 -53.3004 -0.0265821 0.998596 0.0458177 1.3622 0.997514 0.0294899 -0.0640045 20.6334
-0.0590856 0.0437594 -0.997293 -54.4242 -0.0276684 0.998583 0.0454553 1.40985 0.997869 0.0302792 -0.0577912 20.5456
-0.0544578 0.0435634 -0.997565 -55.5552 -0.0275322 0.998603 0.0451117 1.44592 0.998136 0.0299219 -0.0531824 20.4713
-0.0492841 0.043892 -0.99782 -56.6966 -0.0256515 0.998649 0.0451954 1.48161 0.998455 0.027823 -0.0480916 20.4099
-0.0436056 0.0447007 -0.998048 -57.839 -0.0249092 0.99864 0.0458155 1.51882 0.998738 0.0268583 -0.0424329 20.3552
-0.0393186 0.0460117 -0.998167 -58.9816 -0.0233293 0.998625 0.0469517 1.55726 0.998954 0.0251326 -0.0381911 20.3054
-0.0340041 0.0463211 -0.998347 -60.1262 -0.0244403 0.998588 0.0471647 1.61548 0.999123 0.0260037 -0.0328241 20.255
-0.0283457 0.0467131 -0.998506 -61.281 -0.0236888 0.998596 0.0473898 1.65504 0.999317 0.0249967 -0.0271994 20.2177
-0.0244324 0.0429571 -0.998778 -62.4356 -0.0236272 0.998773 0.0435348 1.69165 0.999422 0.0246619 -0.0233875 20.1843
-0.0201725 0.0385543 -0.999053 -63.5977 -0.0226907 0.998981 0.0390097 1.72989 0.999539 0.0234562 -0.0192772 20.154
-0.0171199 0.037918 -0.999134 -64.7559 -0.0228301 0.999006 0.0383043 1.76994 0.999592 0.0234661 -0.0162373 20.1301
-0.0140777 0.0397063 -0.999112 -65.9297 -0.0219058 0.99896 0.0400089 1.81276 0.999661 0.0224496 -0.0131934 20.1123
-0.0112654 0.0401676 -0.999129 -67.0996 -0.0219218 0.998943 0.0404072 1.84348 0.999696 0.0223579 -0.010373 20.0949
-0.0114569 0.0395916 -0.99915 -68.2695 -0.0233709 0.998933 0.039851 1.87411 0.999661 0.0238076 -0.0105195 20.0775
-0.0100818 0.0405396 -0.999127 -69.4431 -0.0242377 0.998875 0.0407739 1.90418 0.999655 0.0246276 -0.00908797 20.0566
-0.010383 0.0408801 -0.99911 -70.6203 -0.0246862 0.998849 0.041126 1.93472 0.999641 0.0250912 -0.00936194 20.0351
-0.00940039 0.0397102 -0.999167 -71.7955 -0.0253866 0.99888 0.0399376 1.96711 0.999633 0.0257408 -0.00838184 20.0145
-0.00798239 0.0391188 -0.999202 -72.9737 -0.0244189 0.998929 0.0393031 1.99809 0.99967 0.0247131 -0.00701868 19.9969
-0.00905115 0.0392533 -0.999188 -74.1583 -0.0212469 0.998997 0.0394382 2.03177 0.999733 0.0215866 -0.00820814 19.9839
-0.00915194 0.0398817 -0.999162 -75.3445 -0.0190996 0.999016 0.0400508 2.06361 0.999776 0.0194501 -0.00838128 19.9681
-0.00884229 0.0422336 -0.999068 -76.5336 -0.0193424 0.998914 0.0423982 2.0963 0.999774 0.0196992 -0.00801587 19.9537
-0.00910584 0.0443653 -0.998974 -77.7197 -0.0210945 0.998785 0.0445492 2.13549 0.999736 0.0214785 -0.008159 19.9374
-0.00816158 0.0446466 -0.998969 -78.8944 -0.0226307 0.998739 0.0448211 2.18104 0.999711 0.0229732 -0.00714099 19.9148
-0.00879543 0.0434075 -0.999018 -80.0698 -0.024648 0.998745 0.0436126 2.21986 0.999657 0.0250074 -0.00771457 19.8987
-0.00866657 0.0426595 -0.999052 -81.2396 -0.024576 0.998779 0.042861 2.26345 0.99966 0.0249242 -0.00760767 19.8877
-0.00773272 0.0425149 -0.999066 -82.3994 -0.0222645 0.998841 0.0426776 2.28866 0.999722 0.0225737 -0.00677728 19.8762
-0.00860441 0.0442917 -0.998981 -83.5727 -0.019546 0.998821 0.0444529 2.30316 0.999772 0.0199086 -0.00772862 19.867
-0.00855722 0.0464418 -0.998884 -84.7315 -0.0189397 0.998735 0.046597 2.34747 0.999784 0.0193173 -0.00766689 19.8461
-0.00778458 0.0480581 -0.998814 -85.9011 -0.019253 0.998652 0.0482003 2.39152 0.999784 0.0196054 -0.00684892 19.8312
-0.00838686 0.0479336 -0.998815 -87.0753 -0.0195478 0.998652 0.0480899 2.43953 0.999774 0.0199279 -0.00743864 19.8177
-0.00758248 0.0467056 -0.99888 -88.2297 -0.0186098 0.998729 0.0468398 2.47832 0.999798 0.0189441 -0.00670375 19.8009
-0.00849676 0.0458112 -0.998914 -89.4076 -0.0178669 0.998784 0.0459571 2.51591 0.999804 0.018238 -0.007668 19.7854
-0.00878784 0.0468399 -0.998863 -90.5638 -0.0155644 0.998775 0.0469727 2.55965 0.99984 0.0159595 -0.00804813 19.7808
-0.0079073 0.0491363 -0.998761 -91.7252 -0.0138396 0.998691 0.0492424 2.59794 0.999873 0.0142118 -0.007217 19.7754
-0.00866635 0.0508339 -0.998669 -92.8943 -0.0125393 0.998623 0.0509404 2.64329 0.999884 0.0129641 -0.00801708 19.7668
-0.00901351 0.0527473 -0.998567 -94.0634 -0.013782 0.998507 0.0528685 2.68627 0.999864 0.0142388 -0.00827317 19.7525
-0.00811049 0.0536827 -0.998525 -95.2175 -0.0156089 0.99843 0.0538043 2.73053 0.999845 0.0160222 -0.00725991 19.7347
-0.00902398 0.0538792 -0.998506 -96.379 -0.0177545 0.998382 0.0540329 2.78174 0.999802 0.0182156 -0.00805286 19.717
-0.008741 0.0508127 -0.99867 -97.5318 -0.0199847 0.9985 0.050979 2.82213 0.999762 0.0204037 -0.00771249 19.699
-0.010221 0.0490507 -0.998744 -98.6916 -0.0210623 0.998564 0.0492574 2.87163 0.999726 0.0215393 -0.00917333 19.68
-0.0106904 0.0480959 -0.998785 -99.8355 -0.0202974 0.998627 0.0483055 2.9082 0.999737 0.0207891 -0.00969959 19.6665
-0.0102973 0.048662 -0.998762 -100.994 -0.0195775 0.998614 0.0488566 2.94312 0.999755 0.0200563 -0.00933047 19.6569
-0.0116791 0.0502173 -0.99867 -102.155 -0.0193605 0.99854 0.0504371 2.98188 0.999744 0.0199238 -0.0106899 19.6419
-0.0108602 0.0517577 -0.9986 -103.317 -0.0182725 0.998483 0.0519503 3.02263 0.999774 0.0188111 -0.00989809 19.6289
-0.012762 0.0517791 -0.998577 -104.485 -0.0222791 0.998396 0.0520544 3.06549 0.99967 0.0229117 -0.011588 19.606
-0.0136185 0.0518492 -0.998562 -105.655 -0.0261404 0.998295 0.0521918 3.11204 0.999565 0.0268135 -0.01224 19.5825
-0.0133623 0.0507948 -0.998619 -106.826 -0.0283549 0.998289 0.0511573 3.16095 0.999509 0.0289993 -0.0118992 19.5601
-0.0148867 0.0479925 -0.998736 -108.009 -0.0289094 0.99841 0.0484077 3.20002 0.999471 0.0295935 -0.0134757 19.5329
-0.0160469 0.0449725 -0.998859 -109.194 -0.0291469 0.998543 0.0454265 3.24652 0.999446 0.0298426 -0.0147128 19.504
-0.0161287 0.0438157 -0.998909 -110.384 -0.025932 0.998685 0.0442245 3.29429 0.999534 0.026617 -0.0149713 19.4819
-0.0180401 0.0432519 -0.998901 -111.582 -0.0216024 0.998814 0.0436382 3.33382 0.999604 0.0223659 -0.0170844 19.463
-0.0181582 0.0448958 -0.998826 -112.786 -0.0215036 0.998743 0.045283 3.37413 0.999604 0.0223006 -0.01717 19.4355
-0.020647 0.0477609 -0.998645 -113.992 -0.0207615 0.998623 0.048189 3.42422 0.999571 0.0217283 -0.0196271 19.4061
-0.0215371 0.0480205 -0.998614 -115.207 -0.0190347 0.998645 0.0484324 3.47275 0.999587 0.0200514 -0.020594 19.3775
-0.0215287 0.0446137 -0.998772 -116.428 -0.0196222 0.998793 0.0450375 3.51849 0.999576 0.0205677 -0.0206274 19.3456
-0.0235749 0.0418824 -0.998844 -117.653 -0.0208287 0.998885 0.0423756 3.56376 0.999505 0.0218036 -0.0226763 19.3076
-0.0241108 0.0406257 -0.998883 -118.887 -0.0198543 0.998958 0.0411079 3.5983 0.999512 0.0208232 -0.0232792 19.276
-0.0257807 0.0417857 -0.998794 -120.125 -0.0218147 0.998865 0.0423517 3.63261 0.99943 0.0228802 -0.02484 19.237
-0.0264446 0.0449622 -0.998638 -121.375 -0.0258571 0.998623 0.0456461 3.67459 0.999316 0.027029 -0.0252457 19.1904
-0.0259595 0.0479464 -0.998512 -122.639 -0.0307576 0.998338 0.0487377 3.7242 0.99919 0.0319771 -0.0244418 19.143
-0.0269597 0.0480693 -0.99848 -123.898 -0.0373561 0.998097 0.0490595 3.77629 0.998938 0.0386219 -0.0251128 19.0891
-0.027232 0.0462778 -0.998557 -125.163 -0.041654 0.998008 0.0473883 3.8272 0.998761 0.0428844 -0.0252502 19.0379
-0.0274151 0.0455476 -0.998585 -126.433 -0.0428301 0.997991 0.0466962 3.87778 0.998706 0.0440497 -0.0254093 18.9955
-0.0294534 0.0448392 -0.998559 -127.69 -0.0425588 0.998032 0.0460707 3.9291 0.99866 0.0438544 -0.0274872 18.9495
-0.0295075 0.0446812 -0.998565 -128.952 -0.0406673 0.99812 0.0458629 3.97338 0.998737 0.0419623 -0.0276351 18.9053
-0.0308747 0.0453791 -0.998492 -130.214 -0.0407948 0.99808 0.0466217 4.01874 0.99869 0.0421727 -0.0289642 18.8594
-0.0315607 0.0491323 -0.998293 -131.485 -0.0405029 0.997908 0.0503938 4.06336 0.998681 0.0420242 -0.0295048 18.8128
-0.0313123 0.052406 -0.998134 -132.752 -0.0390664 0.997798 0.0536138 4.11107 0.998746 0.0406723 -0.0291961 18.7689
-0.0326584 0.0516525 -0.998131 -134.017 -0.0401857 0.997789 0.0529496 4.15888 0.998658 0.0418399 -0.0305105 18.7203
-0.0321937 0.0506702 -0.998196 -135.276 -0.0405452 0.997826 0.051959 4.21895 0.998659 0.0421448 -0.0300694 18.6743
-0.0301542 0.0504027 -0.998273 -136.535 -0.0401677 0.99786 0.0515951 4.26194 0.998738 0.0416541 -0.0280652 18.6293
-0.029983 0.0501279 -0.998292 -137.803 -0.0404913 0.997861 0.0513224 4.31703 0.99873 0.0419609 -0.0278892 18.5768
-0.0284003 0.0513591 -0.998276 -139.056 -0.0407615 0.997789 0.0524936 4.35997 0.998765 0.042182 -0.0262441 18.533
-0.0281903 0.0534137 -0.998174 -140.314 -0.0413202 0.997656 0.0545529 4.4089 0.998748 0.0427826 -0.0259173 18.488
-0.0271194 0.0543899 -0.998151 -141.572 -0.042425 0.997557 0.0555101 4.45906 0.998731 0.043852 -0.0247457 18.4445
-0.0259914 0.0523049 -0.998292 -142.808 -0.0446763 0.997572 0.0534303 4.52389 0.998663 0.0459888 -0.0235916 18.4007
-0.026765 0.0499799 -0.998391 -144.048 -0.0444084 0.997704 0.0511359 4.57407 0.998655 0.0457055 -0.0244841 18.3646
-0.0271552 0.048436 -0.998457 -145.293 -0.0421425 0.997882 0.0495542 4.6199 0.998742 0.0434231 -0.0250566 18.3295
-0.0270156 0.047868 -0.998488 -146.538 -0.0418312 0.997924 0.0489727 4.66303 0.998759 0.043091 -0.0249572 18.2939
-0.0286197 0.0478809 -0.998443 -147.782 -0.0393678 0.998024 0.0489892 4.7062 0.998815 0.0407086 -0.0266783 18.2562
-0.0281659 0.0473116 -0.998483 -149.022 -0.037474 0.998128 0.0483518 4.74269 0.9989 0.038779 -0.0263403 18.2197
-0.0292905 0.0471826 -0.998456 -150.261 -0.0369128 0.998153 0.0482511 4.78633 0.998889 0.0382691 -0.0274948 18.1738
-0.0299754 0.0489845 -0.998349 -151.498 -0.0354383 0.998119 0.0500371 4.82722 0.998922 0.0368796 -0.0281831 18.1294
-0.0297542 0.0501339 -0.998299 -152.732 -0.0329174 0.998151 0.0511075 4.87213 0.999015 0.0343821 -0.0280489 18.0886
-0.0308156 0.0489806 -0.998324 -153.953 -0.0311964 0.998265 0.0499406 4.91932 0.999038 0.032683 -0.0292342 18.0426
-0.0318076 0.0487265 -0.998305 -155.176 -0.0324753 0.998234 0.0497577 4.96553 0.998966 0.0340029 -0.0301691 17.9963
-0.0312287 0.0521365 -0.998151 -156.401 -0.0328313 0.998047 0.0531581 5.00553 0.998973 0.0344307 -0.029456 17.9481
-0.0321672 0.0566807 -0.997874 -157.632 -0.0363978 0.997663 0.0578419 5.05642 0.998819 0.038181 -0.030029 17.8873
-0.0302513 0.0570136 -0.997915 -158.855 -0.0410698 0.997458 0.0582324 5.11307 0.998698 0.0427457 -0.0278329 17.8324
-0.0302922 0.0533211 -0.998118 -160.067 -0.0441643 0.99753 0.05463 5.17299 0.998565 0.0457361 -0.0278626 17.7727
-0.0293721 0.0489323 -0.99837 -161.279 -0.0462323 0.997666 0.0502579 5.22721 0.998499 0.0476331 -0.0270413 17.7141
-0.0281429 0.0473989 -0.998479 -162.485 -0.0477836 0.99767 0.0487073 5.28453 0.998461 0.0490817 -0.0258125 17.6631
-0.0282264 0.0455989 -0.998561 -163.691 -0.0433721 0.997963 0.0467976 5.32846 0.99866 0.0446306 -0.0261913 17.6129
-0.0285012 0.041945 -0.998713 -164.891 -0.0389755 0.998313 0.0430404 5.37606 0.998833 0.040152 -0.0268183 17.5712
-0.0281246 0.0410527 -0.998761 -166.108 -0.0341384 0.998535 0.0420047 5.40779 0.999021 0.0352775 -0.0266819 17.5376
-0.0302846 0.0428749 -0.998621 -167.317 -0.0307256 0.998568 0.0438044 5.44906 0.999069 0.0320098 -0.0289239 17.4867
-0.0293521 0.0486105 -0.998386 -168.527 -0.0302314 0.998317 0.0494958 5.49836 0.999112 0.0316354 -0.0278332 17.441
-0.0286099 0.0510458 -0.998286 -169.731 -0.0312843 0.998161 0.0519359 5.55293 0.999101 0.0327165 -0.0269605 17.3956
-0.0266102 0.0490861 -0.99844 -170.939 -0.0316391 0.998253 0.04992 5.6093 0.999145 0.0329181 -0.0250107 17.3507
-0.0257203 0.0489212 -0.998471 -172.145 -0.0338215 0.998188 0.0497785 5.66341 0.999097 0.0350501 -0.0240192 17.3151
-0.0258099 0.0502656 -0.998402 -173.33 -0.0325364 0.998164 0.0510947 5.7121 0.999137 0.0338031 -0.0241271 17.2911
-0.0250722 0.0489385 -0.998487 -174.528 -0.0327963 0.998224 0.049749 5.7477 0.999147 0.033994 -0.0234228 17.2595
-0.0234277 0.0488199 -0.998533 -175.714 -0.0335953 0.998205 0.049592 5.78756 0.999161 0.0347078 -0.0217456 17.2378
-0.0225371 0.0500059 -0.998494 -176.856 -0.0346572 0.99811 0.0507688 5.82721 0.999145 0.0357492 -0.0207615 17.2067
-0.0204042 0.0514295 -0.998468 -177.981 -0.0348692 0.998033 0.0521195 5.86904 0.999183 0.0358792 -0.0185708 17.1839
-0.0205925 0.0521165 -0.998428 -179.075 -0.0356031 0.997969 0.0528267 5.90164 0.999154 0.036635 -0.0186953 17.1587
-0.0204154 0.0531322 -0.998379 -180.139 -0.0363442 0.997888 0.0538492 5.94529 0.999131 0.0373846 -0.0184413 17.1358
-0.0201714 0.0539598 -0.998339 -181.188 -0.0358899 0.997861 0.054659 5.98454 0.999152 0.0369328 -0.0181917 17.1102
-0.0204586 0.0538226 -0.998341 -182.198 -0.036256 0.997854 0.0545392 6.02814 0.999133 0.0373117 -0.0184633 17.0882
-0.0183971 0.0540445 -0.998369 -183.175 -0.0370697 0.997815 0.0546976 6.06319 0.999143 0.0380155 -0.0163536 17.0609
-0.0175043 0.0542504 -0.998374 -184.131 -0.0372902 0.997797 0.0548728 6.11084 0.999151 0.03819 -0.0154428 17.0402
-0.0180913 0.0541777 -0.998367 -185.05 -0.0365843 0.997827 0.0548112 6.15282 0.999167 0.0375162 -0.01607 17.0255
-0.0207907 0.0519618 -0.998432 -185.96 -0.0344554 0.998019 0.0526576 6.18 0.99919 0.0354961 -0.0189592 17.0009
-0.0265771 0.0515415 -0.998317 -186.879 -0.0343532 0.998034 0.0524413 6.23451 0.999056 0.0356891 -0.0247543 16.9761
-0.031622 0.049624 -0.998267 -187.793 -0.0361275 0.998058 0.0507579 6.27376 0.998847 0.0376699 -0.0297679 16.9418
-0.034935 0.0491327 -0.998181 -188.699 -0.0380053 0.998004 0.0504541 6.30572 0.998667 0.0396988 -0.032998 16.9053
-0.0387016 0.0502437 -0.997987 -189.61 -0.0394047 0.997882 0.0517664 6.34194 0.998473 0.0413288 -0.0366399 16.8643
-0.0398543 0.0519629 -0.997853 -190.525 -0.0387609 0.997815 0.0535089 6.37479 0.998453 0.0408102 -0.0377532 16.8308
-0.0425026 0.0534489 -0.997665 -191.439 -0.0361647 0.997832 0.0549984 6.40241 0.998441 0.0384178 -0.0404775 16.792
-0.0440756 0.0540946 -0.997562 -192.352 -0.034931 0.99784 0.0556529 6.44485 0.998417 0.0372988 -0.0420908 16.751
-0.0445001 0.0539355 -0.997552 -193.257 -0.0353912 0.99783 0.0555292 6.47962 0.998382 0.0377756 -0.0424947 16.7146
-0.0456922 0.0534653 -0.997524 -194.154 -0.036747 0.997802 0.0551633 6.52027 0.998279 0.0391765 -0.0436271 16.6634
-0.0454153 0.0533168 -0.997544 -195.051 -0.0398908 0.997682 0.0551402 6.56211 0.998171 0.042297 -0.0431832 16.6165
-0.0454151 0.0521677 -0.997605 -195.955 -0.0422658 0.997642 0.0540936 6.59592 0.998074 0.0446212 -0.0431031 16.5599
-0.0446775 0.0507251 -0.997713 -196.862 -0.0429786 0.997688 0.0526484 6.63651 0.998076 0.0452325 -0.0423942 16.5196
-0.0440398 0.0492182 -0.997816 -197.769 -0.0429949 0.997768 0.0511133 6.67498 0.998104 0.045152 -0.0418254 16.4771
-0.0440693 0.0490401 -0.997824 -198.683 -0.0428117 0.997785 0.0509289 6.71695 0.998111 0.0449629 -0.0418723 16.433
-0.0437778 0.0512411 -0.997726 -199.611 -0.0411114 0.997746 0.0530459 6.7516 0.998195 0.0433402 -0.0415726 16.3868
-0.043467 0.0525144 -0.997674 -200.539 -0.0403627 0.997711 0.0542749 6.78875 0.998239 0.042628 -0.0412479 16.3635
-0.0435742 0.0500328 -0.997796 -201.481 -0.035885 0.998023 0.0516112 6.80976 0.998405 0.0380549 -0.0416926 16.3154
-0.042872 0.0481737 -0.997918 -202.417 -0.034788 0.99816 0.0496798 6.82993 0.998475 0.0368455 -0.0411173 16.2779
-0.0434136 0.0484858 -0.99788 -203.371 -0.0384074 0.998003 0.0501627 6.88113 0.998318 0.0405037 -0.0414648 16.216
-0.0423922 0.0510212 -0.997797 -204.325 -0.0385794 0.997867 0.0526638 6.93201 0.998356 0.0407269 -0.0403335 16.1681
-0.0399545 0.0511865 -0.997889 -205.286 -0.0371649 0.99792 0.0526761 6.97359 0.99851 0.0391911 -0.0379692 16.1404
-0.0385728 0.0526602 -0.997867 -206.26 -0.0363883 0.997875 0.0540671 7.00797 0.998593 0.0383962 -0.0365746 16.0949
-0.0365103 0.0559119 -0.997768 -207.242 -0.0366418 0.997688 0.0572481 7.06819 0.998661 0.0386502 -0.0343772 16.06
-0.035737 0.0596537 -0.997579 -208.232 -0.0342815 0.997557 0.0608804 7.10657 0.998773 0.0363742 -0.0336048 16.0219
-0.0348758 0.0602904 -0.997571 -209.224 -0.0338962 0.997534 0.0614731 7.14382 0.998816 0.0359579 -0.0327462 15.9875
-0.0323181 0.0609464 -0.997617 -210.227 -0.0364444 0.997404 0.0621139 7.20386 0.998813 0.038365 -0.0300131 15.9501
-0.0300534 0.0620113 -0.997623 -211.235 -0.0378302 0.997289 0.0631301 7.26415 0.998832 0.0396376 -0.027626 15.9094
-0.0259881 0.0626976 -0.997694 -212.255 -0.0386064 0.997224 0.0636737 7.31569 0.998916 0.0401722 -0.0234955 15.881
-0.0241786 0.0609064 -0.99785 -213.278 -0.041437 0.997224 0.0618721 7.37573 0.998848 0.0428439 -0.0215878 15.8433
-0.0217362 0.0592414 -0.998007 -214.311 -0.0418799 0.997313 0.0601122 7.42299 0.998886 0.0431031 -0.0191969 15.8193
-0.0189645 0.0585633 -0.998103 -215.347 -0.0408341 0.997405 0.0592981 7.47042 0.998986 0.0418812 -0.0165239 15.7998
-0.0178152 0.0605783 -0.998004 -216.394 -0.0411566 0.997273 0.0612685 7.51789 0.998994 0.042166 -0.0152735 15.7722
-0.0157594 0.0627946 -0.997902 -217.45 -0.0423124 0.997091 0.0634117 7.58032 0.99898 0.043223 -0.0130567 15.7492
-0.0153102 0.063654 -0.997854 -218.512 -0.0426093 0.997024 0.0642547 7.6391 0.998974 0.0435016 -0.0125524 15.7235
-0.0146601 0.061527 -0.997998 -219.577 -0.0419775 0.997188 0.0620936 7.69537 0.999011 0.0428038 -0.0120362 15.7026
-0.0135867 0.0597113 -0.998123 -220.649 -0.0390931 0.997421 0.0602013 7.75868 0.999143 0.0398376 -0.0112175 15.6845
-0.0143663 0.0590921 -0.998149 -221.725 -0.0367576 0.997547 0.0595854 7.80344 0.999221 0.0375456 -0.012159 15.6658
-0.0134858 0.0588375 -0.998176 -222.808 -0.0378614 0.997522 0.0593104 7.86579 0.999192 0.0385922 -0.0112248 15.6429
-0.0138283 0.0591248 -0.998155 -223.904 -0.03696 0.997539 0.0596002 7.912 0.999221 0.037716 -0.0116091 15.6269
-0.0144241 0.0598278 -0.998104 -224.999 -0.0389378 0.997418 0.0603493 7.97156 0.999137 0.0397345 -0.0120574 15.6056
-0.0142013 0.0614461 -0.998009 -226.111 -0.0389401 0.99732 0.0619576 8.02592 0.99914 0.0397425 -0.0117706 15.5835
-0.0164712 0.0635011 -0.997846 -227.223 -0.0389611 0.997183 0.064102 8.08328 0.999105 0.039933 -0.0139507 15.5591
-0.0172195 0.0649359 -0.997741 -228.349 -0.0396262 0.997061 0.0655755 8.14436 0.999066 0.0406658 -0.0145958 15.5344
-0.017287 0.0660721 -0.997665 -229.487 -0.0412654 0.996918 0.0667375 8.20686 0.998998 0.0423227 -0.0145073 15.5129
-0.0199034 0.0653705 -0.997662 -230.631 -0.0423754 0.996909 0.0661664 8.27892 0.998903 0.0435933 -0.0170719 15.4762
-0.0205963 0.0624 -0.997838 -231.78 -0.0409282 0.997162 0.0632024 8.33849 0.998949 0.0421415 -0.0179839 15.4528
-0.0232789 0.0578405 -0.998054 -232.93 -0.03851 0.997533 0.0587084 8.40268 0.998987 0.0398017 -0.0209941 15.4241
-0.025954 0.0542671 -0.998189 -234.092 -0.0345634 0.997881 0.0551489 8.45265 0.999065 0.0359322 -0.0240234 15.3987
-0.0267887 0.0550872 -0.998122 -235.286 -0.0288483 0.998023 0.0558559 8.51435 0.999224 0.0302904 -0.0251466 15.379
-0.0303899 0.0583861 -0.997831 -236.466 -0.0240321 0.997962 0.0591255 8.57009 0.999249 0.0257768 -0.0289249 15.3444
-0.0331424 0.0610145 -0.997586 -237.656 -0.0213223 0.997865 0.0617398 8.63135 0.999223 0.0233171 -0.0317707 15.3033
-0.034291 0.0613179 -0.997529 -238.864 -0.0208819 0.997855 0.0620557 8.68756 0.999193 0.0229583 -0.032937 15.2626
-0.0377969 0.0616755 -0.99738 -240.068 -0.0205617 0.997835 0.0624827 8.75721 0.999073 0.0228696 -0.0364469 15.2139
-0.0399648 0.0634427 -0.997185 -241.273 -0.0192915 0.997748 0.0642516 8.82089 0.999014 0.0218051 -0.0386509 15.1569
-0.0410518 0.0633646 -0.997146 -242.491 -0.018645 0.997765 0.0641715 8.88248 0.998983 0.0212262 -0.0397787 15.1059
-0.0447289 0.0620999 -0.997067 -243.714 -0.0185582 0.997843 0.0629807 8.94763 0.998826 0.0213209 -0.04348 15.0433
-0.0455858 0.061897 -0.997041 -244.946 -0.0193475 0.997837 0.062831 9.01404 0.998773 0.0221545 -0.0442897 14.9796
-0.0495099 0.0625688 -0.996812 -246.191 -0.0187855 0.997802 0.0635638 9.08596 0.998597 0.0218727 -0.0482257 14.9089
-0.0522397 0.0627726 -0.996659 -247.445 -0.019555 0.997768 0.0638672 9.14339 0.998443 0.0228262 -0.0508956 14.8383
-0.0535751 0.0639844 -0.996512 -248.697 -0.0216069 0.997638 0.0652182 9.20713 0.99833 0.0250256 -0.0520661 14.7648
-0.0576825 0.065577 -0.996179 -249.958 -0.022867 0.997493 0.0669875 9.27709 0.998073 0.0266437 -0.0560383 14.6825
-0.0595793 0.0660616 -0.996035 -251.223 -0.0251494 0.997393 0.0676558 9.33305 0.997906 0.0290806 -0.0577625 14.602
-0.0594015 0.0662015 -0.996036 -252.473 -0.0272513 0.99732 0.0679119 9.40429 0.997862 0.0311774 -0.0574383 14.5192
-0.0604631 0.0665815 -0.995947 -253.735 -0.0277052 0.997277 0.0683522 9.47182 0.997786 0.0317257 -0.0584538 14.4251
-0.0596016 0.0662238 -0.996023 -254.989 -0.0272751 0.997317 0.0679419 9.53576 0.997849 0.0312161 -0.0576354 14.3473
-0.060565 0.0650404 -0.996043 -256.244 -0.0259687 0.997435 0.0667103 9.59808 0.997826 0.0299063 -0.0587207 14.2686
-0.0607671 0.0653258 -0.996012 -257.499 -0.0236754 0.997482 0.0668665 9.66536 0.997871 0.0276443 -0.0590675 14.1823
-0.0600417 0.0656233 -0.996036 -258.745 -0.022945 0.997483 0.0671016 9.73644 0.997932 0.026883 -0.0583849 14.104
-0.0606591 0.066198 -0.995961 -260.004 -0.0221107 0.997465 0.0676445 9.81686 0.997913 0.0261247 -0.0590416 14.0219
-0.0594531 0.0664144 -0.996019 -261.25 -0.021534 0.997468 0.0677962 9.88642 0.997999 0.025479 -0.0578724 13.9467
-0.0601354 0.0674454 -0.995909 -262.51 -0.0192065 0.997453 0.0687095 9.96314 0.998005 0.0232599 -0.0586868 13.8676
-0.0601082 0.0694427 -0.995773 -263.755 -0.0157481 0.997388 0.0705057 10.0266 0.998067 0.0199195 -0.0588576 13.7898
-0.0592216 0.072768 -0.995589 -264.999 -0.012434 0.997209 0.073626 10.0941 0.998167 0.0167395 -0.0581515 13.7131
-0.0596512 0.0748998 -0.995405 -266.247 -0.0102025 0.997084 0.0756374 10.1673 0.998167 0.0146676 -0.0587131 13.6331
-0.0596995 0.0743008 -0.995447 -267.487 -0.0105774 0.997124 0.0750602 10.2444 0.99816 0.0150103 -0.0587419 13.5564
-0.0592574 0.0729264 -0.995575 -268.72 -0.0129994 0.997188 0.0738181 10.3224 0.998158 0.0173162 -0.0581428 13.47
-0.0608594 0.0748307 -0.995337 -269.956 -0.0174574 0.996954 0.0760196 10.4044 0.997993 0.0220026 -0.0593676 13.3788
-0.0603269 0.0794906 -0.995008 -271.19 -0.0221 0.996474 0.0809475 10.4923 0.997934 0.0268731 -0.0583575 13.2963
-0.0611618 0.0793573 -0.994968 -272.428 -0.0250289 0.9964 0.08101 10.5736 0.997814 0.0298577 -0.0589554 13.2016
-0.0609533 0.0730359 -0.995465 -273.651 -0.02645 0.996852 0.0747571 10.6449 0.99779 0.0308868 -0.0588296 13.1182
-0.0607166 0.0681388 -0.995826 -274.867 -0.0234959 0.997294 0.0696717 10.7154 0.997878 0.0276281 -0.0589513 13.0429
-0.0617148 0.0673051 -0.995822 -276.094 -0.0185806 0.997474 0.0685682 10.7878 0.997921 0.0227347 -0.0603083 12.9616
-0.0608901 0.0687267 -0.995775 -277.329 -0.0142887 0.997465 0.0697169 10.8602 0.998042 0.0184735 -0.0597537 12.8843
-0.0585603 0.0703794 -0.9958 -278.557 -0.0142269 0.997352 0.0713257 10.9322 0.998182 0.0183441 -0.057404 12.8128
-0.0582124 0.0718946 -0.995712 -279.785 -0.0147895 0.997233 0.0728689 11.006 0.998194 0.018968 -0.056988 12.7417
-0.0564832 0.0734345 -0.995699 -281.013 -0.016013 0.997097 0.0744459 11.0815 0.998275 0.0201491 -0.0551433 12.6689
-0.0566298 0.0740338 -0.995646 -282.242 -0.016262 0.997047 0.0750627 11.1579 0.998262 0.0204421 -0.0552587 12.5958
-0.056424 0.0740375 -0.995658 -283.47 -0.0158733 0.997055 0.0750408 11.2342 0.99828 0.0200385 -0.0550826 12.523
-0.0552451 0.0732023 -0.995786 -284.688 -0.0165016 0.997106 0.0742147 11.3174 0.998336 0.0205321 -0.0538774 12.4563
-0.0559039 0.072602 -0.995793 -285.91 -0.0166503 0.997147 0.0736353 11.3948 0.998297 0.0206968 -0.0545356 12.3853
-0.0558495 0.0724226 -0.995809 -287.132 -0.0176566 0.997139 0.0735095 11.4719 0.998283 0.0216881 -0.054411 12.3143
-0.0548687 0.0721948 -0.99588 -288.355 -0.0177646 0.997155 0.0732659 11.5528 0.998335 0.0217115 -0.0534301 12.242
-0.0551443 0.0726894 -0.995829 -289.575 -0.0181631 0.997109 0.0737885 11.6346 0.998313 0.0221564 -0.0536646 12.1741
-0.0542355 0.0729597 -0.995859 -290.8 -0.0174095 0.997107 0.0739992 11.7178 0.998376 0.0213508 -0.0528084 12.0999
-0.0551782 0.0723541 -0.995851 -292.031 -0.0171187 0.997156 0.0733973 11.7992 0.998329 0.0210977 -0.0537827 12.032
-0.0544369 0.0702139 -0.996045 -293.249 -0.0171512 0.997312 0.0712404 11.8719 0.998369 0.0209615 -0.0530863 11.9504
-0.0554293 0.0686752 -0.996098 -294.463 -0.0177366 0.997407 0.0697524 11.9535 0.998305 0.0215338 -0.0540676 11.8752
-0.0555597 0.0677776 -0.996152 -295.681 -0.0191194 0.997439 0.0689314 12.0203 0.998272 0.0228757 -0.0541216 11.7998
-0.0558239 0.0676556 -0.996146 -296.891 -0.0212089 0.997397 0.068929 12.0985 0.998215 0.0249751 -0.0542436 11.7218
-0.0554376 0.0685044 -0.996109 -298.104 -0.0232959 0.997284 0.0698817 12.1731 0.99819 0.0270794 -0.0536912 11.6454
-0.0563907 0.0688469 -0.996032 -299.331 -0.0254928 0.997196 0.0703706 12.2456 0.998083 0.0293599 -0.0544774 11.5627
-0.0557466 0.0688981 -0.996065 -300.536 -0.0266716 0.997158 0.0704664 12.3297 0.998088 0.0304949 -0.0537506 11.4852
-0.056866 0.067434 -0.996102 -301.759 -0.0259133 0.997281 0.0689931 12.3948 0.998045 0.0297357 -0.054964 11.4069
-0.0571701 0.0651784 -0.996234 -302.983 -0.0244077 0.997478 0.0666603 12.4579 0.998066 0.0281268 -0.0554351 11.3405
-0.0573603 0.0645945 -0.996261 -304.21 -0.0209056 0.997609 0.0658854 12.5215 0.998134 0.0246067 -0.0558728 11.2741
-0.0589216 0.0661833 -0.996066 -305.446 -0.0186546 0.997553 0.0673855 12.5866 0.998088 0.0225518 -0.0575428 11.2036
-0.0598543 0.0669618 -0.995958 -306.686 -0.018311 0.997506 0.0681662 12.6461 0.998039 0.0223171 -0.058479 11.1253
-0.0601842 0.0653088 -0.996048 -307.929 -0.0203973 0.997569 0.0666409 12.7023 0.997979 0.0243275 -0.0587058 11.047
