1 0 0 0 0 1 0 0 0 0 1 0
0.99994 -0.00208869 0.0107258 0.0108039 0.00207918 0.999997 0.000897857 -0.00770939 -0.0107276 -0.000875502 0.999942 0.30051
0.999851 -0.00433407 0.0167017 0.0225242 0.004317 0.99999 0.00105814 -0.0137606 -0.0167062 -0.000985886 0.99986 0.601062
0.999814 -0.0060979 0.0183078 0.0344462 0.00609346 0.999981 0.00029861 -0.0171593 -0.0183093 -0.000186996 0.999832 0.905121
0.999847 -0.00750861 0.0157889 0.0438806 0.00752055 0.999972 -0.000696915 -0.0213034 -0.0157832 0.000815549 0.999875 1.21053
0.999916 -0.00971567 0.00858937 0.0478462 0.00973008 0.999951 -0.00163644 -0.0261099 -0.00857305 0.00171987 0.999962 1.52994
0.999938 -0.0104137 -0.003906 0.0425817 0.010403 0.999942 -0.00275745 -0.0288794 0.0039345 0.00271664 0.999989 1.85177
0.999744 -0.0101539 -0.020211 0.0281916 0.0100958 0.999945 -0.00297424 -0.0321217 0.02024 0.00276943 0.999791 2.18047
0.99919 -0.00713588 -0.0396098 -0.00622789 0.00703189 0.999972 -0.00276397 -0.0357586 0.0396284 0.00248319 0.999211 2.52437
0.99819 -0.00391475 -0.0600059 -0.0403208 0.00367362 0.999985 -0.00412822 -0.0409389 0.0600212 0.00390031 0.998189 2.8723
0.99675 -0.00372317 -0.0804733 -0.07611 0.0033883 0.999985 -0.00429745 -0.0447119 0.0804881 0.00401081 0.996747 3.22427
0.994793 -0.00451118 -0.101811 -0.122811 0.00414343 0.999984 -0.00382325 -0.0536235 0.101827 0.0033815 0.994796 3.61012
0.992498 -0.00508932 -0.122155 -0.173332 0.00471842 0.999983 -0.00332544 -0.0605867 0.12217 0.00272411 0.992505 3.99368
0.99009 -0.00470883 -0.140353 -0.240522 0.00430143 0.999986 -0.00320586 -0.0636446 0.140366 0.00257037 0.990096 4.39041
0.987701 -0.0044622 -0.156288 -0.31274 0.00407254 0.999988 -0.00281334 -0.0708027 0.156298 0.00214225 0.987707 4.81056
0.985326 -0.00438733 -0.170628 -0.39094 0.00390689 0.999987 -0.00315138 -0.077915 0.17064 0.00243851 0.98533 5.22932
0.982986 -0.00539912 -0.183598 -0.480331 0.00485477 0.999982 -0.00341425 -0.0833857 0.183613 0.00246484 0.982995 5.66887
0.980925 -0.00716049 -0.194254 -0.568455 0.006305 0.999967 -0.0050219 -0.0871914 0.194283 0.00370134 0.980938 6.11702
0.97918 -0.00649151 -0.202891 -0.66202 0.00514239 0.999961 -0.00717598 -0.0933001 0.202929 0.00598324 0.979175 6.5665
0.97746 -0.00643438 -0.211023 -0.775001 0.00487463 0.999957 -0.00791075 -0.0965723 0.211065 0.00670378 0.977449 7.04583
0.975642 -0.00694214 -0.219256 -0.884314 0.00481537 0.999936 -0.0102328 -0.0992357 0.219313 0.00892778 0.975614 7.51602
0.973619 -0.0105717 -0.227931 -1.00267 0.00808104 0.999897 -0.0118577 -0.102158 0.228033 0.00970296 0.973605 8.02406
0.971532 -0.0150839 -0.236427 -1.12274 0.012441 0.999842 -0.0126666 -0.110762 0.23658 0.00936467 0.971567 8.53302
0.969324 -0.0161326 -0.245256 -1.25219 0.0129985 0.999812 -0.0143927 -0.125649 0.245442 0.0107632 0.969351 9.04803
0.967004 -0.0130414 -0.254425 -1.40678 0.00851961 0.999785 -0.0188666 -0.122363 0.254616 0.0160765 0.966909 9.57919
0.964639 -0.0108189 -0.263352 -1.5672 0.00524009 0.999747 -0.0218769 -0.133298 0.263522 0.0197234 0.964452 10.1159
0.961956 -0.012926 -0.272897 -1.72995 0.00671646 0.999697 -0.0236761 -0.148358 0.273121 0.0209425 0.961752 10.6748
0.959445 -0.0140067 -0.281548 -1.89555 0.00730357 0.999664 -0.0248435 -0.165051 0.281801 0.0217796 0.959225 11.235
0.95699 -0.0141381 -0.289775 -2.08087 0.00654698 0.99961 -0.0271493 -0.183823 0.290046 0.0240845 0.956709 11.8024
0.954284 -0.0138099 -0.298582 -2.27107 0.00497035 0.999527 -0.0303444 -0.201714 0.29886 0.0274731 0.953901 12.3886
0.951763 -0.0150747 -0.306463 -2.46753 0.00461223 0.999382 -0.0348349 -0.22331 0.306799 0.0317411 0.951245 12.9712
0.949602 -0.0157949 -0.313058 -2.67831 0.00299421 0.999141 -0.0413279 -0.242973 0.313442 0.0383077 0.948834 13.5801
0.948041 -0.0165777 -0.317715 -2.89204 0.0012764 0.998832 -0.0483085 -0.267209 0.318144 0.0453929 0.946955 14.1879
0.946577 -0.0176502 -0.321992 -3.10937 -0.000640926 0.998396 -0.0566119 -0.298669 0.322475 0.053794 0.945048 14.8118
0.94488 -0.0173204 -0.326957 -3.3346 -0.00431333 0.997855 -0.065326 -0.330312 0.327387 0.0631355 0.942779 15.4516
0.943325 -0.0164312 -0.331463 -3.57099 -0.00764288 0.997433 -0.0711958 -0.376087 0.331782 0.0696941 0.940778 16.0918
0.941341 -0.0147348 -0.337134 -3.81516 -0.012048 0.996942 -0.0772126 -0.423975 0.337241 0.0767453 0.938285 16.7452
0.939422 -0.0135683 -0.342494 -4.07213 -0.0157582 0.99645 -0.0826986 -0.479111 0.3424 0.083086 0.935873 17.4049
0.937351 -0.0113759 -0.348199 -4.33281 -0.0202878 0.995988 -0.0871542 -0.536879 0.347794 0.0887583 0.93336 18.0645
0.935266 -0.00902509 -0.353828 -4.60444 -0.0244781 0.995632 -0.0900981 -0.600395 0.353096 0.0929268 0.930961 18.7597
0.933187 -0.008416 -0.359291 -4.88289 -0.0261843 0.995476 -0.0913264 -0.666415 0.358435 0.0946324 0.928746 19.4446
0.930623 -0.00831081 -0.365885 -5.1691 -0.026713 0.995533 -0.090557 -0.738418 0.365003 0.0940484 0.926244 20.1575
0.927588 -0.00839765 -0.373509 -5.45883 -0.0268686 0.995659 -0.0891122 -0.808967 0.372636 0.0926951 0.923336 20.8729
0.924688 -0.0078094 -0.380645 -5.75058 -0.0275935 0.995785 -0.0874616 -0.876672 0.379724 0.0913781 0.920576 21.5794
0.92143 -0.00743823 -0.388473 -6.05307 -0.027715 0.996011 -0.0848089 -0.944635 0.387555 0.088912 0.917549 22.283
0.917121 -0.00493995 -0.398576 -6.40495 -0.0286488 0.99652 -0.0782715 -1.01439 0.397576 0.0832033 0.913789 23.0894
0.913638 -0.00175361 -0.406524 -6.73985 -0.0308262 0.996812 -0.0735799 -1.07918 0.405357 0.079757 0.910672 23.8039
0.909608 0.000646384 -0.415466 -7.08282 -0.0327484 0.996999 -0.0701471 -1.14604 0.414174 0.0774122 0.9069 24.5424
0.905478 0.00114761 -0.42439 -7.43624 -0.0334008 0.997087 -0.0685676 -1.20893 0.423075 0.0762615 0.90288 25.2759
0.900859 0.00106464 -0.434109 -7.81372 -0.0336601 0.997157 -0.0674055 -1.27851 0.432804 0.0753351 0.898335 26.0431
0.896748 0.000473106 -0.442541 -8.18736 -0.0332242 0.997249 -0.0662581 -1.3387 0.441292 0.0741199 0.894297 26.7875
0.892253 0.000613293 -0.451535 -8.59594 -0.0335116 0.997331 -0.0648658 -1.39965 0.45029 0.0730084 0.889893 27.563
0.88796 0.000720165 -0.459919 -9.00228 -0.0331869 0.997492 -0.0625116 -1.4591 0.458721 0.0707712 0.885758 28.3407
0.883792 0.000681769 -0.467878 -9.41836 -0.0318112 0.997772 -0.0586353 -1.51489 0.466796 0.0667052 0.881845 29.1106
0.879503 0.00230275 -0.475886 -9.85758 -0.0317021 0.99805 -0.0537605 -1.57058 0.474835 0.0623691 0.877862 29.9156
0.875492 0.00255488 -0.483226 -10.2929 -0.0305266 0.998281 -0.0500289 -1.62466 0.482267 0.0585512 0.874065 30.6934
0.871503 0.00200104 -0.490385 -10.7524 -0.0292439 0.998424 -0.0478975 -1.67766 0.489517 0.0560836 0.870188 31.5037
0.867615 0.00197657 -0.497232 -11.2192 -0.028771 0.998516 -0.0462331 -1.7295 0.496403 0.0544184 0.866385 32.3128
0.864316 0.00153297 -0.502947 -11.6925 -0.0279447 0.998597 -0.0449793 -1.77907 0.502173 0.052931 0.863146 33.1118
0.860717 0.000559005 -0.509084 -12.1887 -0.0264549 0.998697 -0.0436311 -1.82991 0.508397 0.0510218 0.85961 33.9497
0.857745 -0.000597337 -0.514075 -12.6905 -0.0252724 0.998741 -0.0433279 -1.87875 0.513454 0.0501562 0.85665 34.7824
0.855376 -0.00130479 -0.518006 -13.1961 -0.0247381 0.998753 -0.0433652 -1.92665 0.517417 0.049908 0.854277 35.6108
0.853634 -0.00127333 -0.520871 -13.7286 -0.0249772 0.998746 -0.0433756 -1.97283 0.520273 0.0500367 0.852533 36.4733
0.853177 -0.000987148 -0.52162 -14.2558 -0.0248609 0.998785 -0.0425533 -2.02054 0.521029 0.0492734 0.852116 37.3212
0.852568 -0.000673482 -0.522616 -14.8023 -0.0245496 0.998843 -0.041336 -2.06693 0.52204 0.0480718 0.851565 38.2039
0.852017 -0.00139455 -0.523513 -15.3487 -0.0234339 0.998892 -0.0407994 -2.11413 0.52299 0.0470297 0.85104 39.0933
0.851538 -0.00346259 -0.524281 -15.8917 -0.0214003 0.998915 -0.0413556 -2.16376 0.523856 0.0464356 0.85054 39.9746
0.850047 -0.00519405 -0.526681 -16.4601 -0.0193361 0.998969 -0.0410595 -2.2139 0.526352 0.0450864 0.84907 40.8909
0.848665 -0.00579423 -0.528898 -17.0196 -0.0179826 0.999046 -0.0397995 -2.26026 0.528624 0.0432874 0.847752 41.7838
0.846076 -0.00439254 -0.533044 -17.5936 -0.0175686 0.999193 -0.0361196 -2.30703 0.532772 0.0399248 0.845316 42.7016
0.842883 -0.00404987 -0.538081 -18.1689 -0.0156187 0.999366 -0.0319879 -2.35585 0.537869 0.0353662 0.842286 43.6021
0.838915 -0.00486504 -0.544241 -18.7397 -0.0143205 0.999416 -0.0310081 -2.39813 0.544074 0.0338069 0.838356 44.477
0.833161 -0.00801916 -0.552972 -19.3336 -0.0118076 0.999409 -0.0322838 -2.44523 0.552904 0.0334269 0.832574 45.3715
0.827108 -0.0105353 -0.561944 -19.9173 -0.01067 0.99935 -0.0344405 -2.49329 0.561942 0.034482 0.826458 46.2222
0.820217 -0.0109457 -0.571948 -20.5374 -0.0104569 0.999363 -0.0341213 -2.53981 0.571957 0.0339677 0.81958 47.1142
0.813838 -0.00891828 -0.581024 -21.1666 -0.0107076 0.999482 -0.0303393 -2.58556 0.580994 0.0309126 0.813321 47.9907
0.80854 -0.00491609 -0.588421 -21.7974 -0.0136181 0.999541 -0.0270633 -2.61841 0.588284 0.0298949 0.808102 48.8351
0.803685 -0.00456457 -0.595037 -22.4415 -0.0147251 0.999512 -0.0275557 -2.66577 0.594873 0.030908 0.803226 49.7005
0.799894 -0.00627314 -0.600108 -23.0864 -0.0154548 0.999398 -0.031047 -2.70635 0.599942 0.0341088 0.799316 50.542
0.796544 -0.00874676 -0.604518 -23.7163 -0.0166752 0.999197 -0.0364294 -2.76093 0.604351 0.0390981 0.795758 51.3647
0.793044 -0.00950096 -0.609091 -24.3841 -0.0172955 0.999124 -0.0381039 -2.80514 0.608919 0.0407526 0.792185 52.2221
0.789796 -0.00767327 -0.613322 -25.0303 -0.0170846 0.999258 -0.0345022 -2.84668 0.613132 0.037728 0.789079 53.0505
0.786076 -0.00563142 -0.618104 -25.7125 -0.0164342 0.999414 -0.0300056 -2.8907 0.617912 0.0337447 0.785523 53.9052
0.782586 -0.00410645 -0.622529 -26.3855 -0.0166361 0.999483 -0.0275063 -2.93391 0.622321 0.0318825 0.782113 54.7384
0.779387 -0.00342548 -0.626533 -27.0518 -0.0175379 0.999474 -0.0272811 -2.97207 0.626297 0.0322506 0.778917 55.557
0.775149 -0.00484106 -0.631759 -27.7416 -0.0171433 0.999441 -0.0286928 -3.00944 0.631545 0.0330716 0.774634 56.395
0.770885 -0.00623728 -0.636944 -28.4285 -0.0165403 0.999419 -0.0298053 -3.0529 0.63676 0.0335117 0.770334 57.2228
0.766517 -0.00733008 -0.642181 -29.1134 -0.0156493 0.999424 -0.0300871 -3.09145 0.642033 0.033112 0.765962 58.0274
0.761216 -0.00758489 -0.648454 -29.8305 -0.0151128 0.999452 -0.0294312 -3.13116 0.648322 0.0322034 0.760685 58.8624
0.756305 -0.00752046 -0.654176 -30.5347 -0.0149985 0.999472 -0.02883 -3.16643 0.654048 0.0316159 0.755793 59.6654
0.74998 -0.00827748 -0.661408 -31.2626 -0.0148267 0.99946 -0.0293204 -3.21132 0.661294 0.0317962 0.749453 60.4881
0.743721 -0.00919419 -0.668427 -31.9963 -0.0138586 0.999478 -0.0291674 -3.25389 0.668346 0.0309558 0.743206 61.3053
0.737652 -0.0101032 -0.675105 -32.7245 -0.0134928 0.999467 -0.0297002 -3.28575 0.675046 0.0310175 0.737123 62.0918
0.731006 -0.0109552 -0.682283 -33.4845 -0.013267 0.999454 -0.0302623 -3.31953 0.682242 0.0311738 0.730462 62.9051
0.724985 -0.0122956 -0.688655 -34.2285 -0.0122694 0.999451 -0.0307614 -3.36174 0.688656 0.0307509 0.724436 63.6797
0.717936 -0.0133056 -0.695982 -35.0062 -0.0111912 0.999467 -0.0306517 -3.40747 0.696019 0.0297948 0.717405 64.4823
0.711136 -0.0134084 -0.702926 -35.7881 -0.0103184 0.999511 -0.0295047 -3.44611 0.702979 0.0282349 0.71065 65.2686
0.70437 -0.0137398 -0.7097 -36.5591 -0.00975625 0.99953 -0.0290339 -3.48318 0.709766 0.0273746 0.703906 66.0368
0.69726 -0.0145144 -0.716671 -37.3663 -0.00914044 0.999533 -0.029136 -3.52979 0.71676 0.026866 0.696802 66.8287
0.690432 -0.0157689 -0.723225 -38.1791 -0.00859893 0.999513 -0.0300019 -3.5729 0.723346 0.0269332 0.689961 67.5996
0.683987 -0.0155232 -0.729328 -38.9958 -0.00916176 0.999512 -0.029866 -3.61417 0.729436 0.0271099 0.683512 68.3573
0.677777 -0.0153189 -0.735108 -39.8541 -0.00932966 0.999523 -0.0294311 -3.65576 0.735208 0.026806 0.677311 69.1284
0.672886 -0.0148947 -0.739596 -40.6813 -0.00997561 0.999523 -0.0292052 -3.696 0.739679 0.0270297 0.672417 69.8779
0.667174 -0.0151699 -0.744748 -41.5556 -0.0106053 0.999498 -0.0298596 -3.73829 0.744827 0.0278198 0.666678 70.643
0.661519 -0.0165581 -0.749745 -42.4191 -0.0105866 0.99945 -0.0314137 -3.78662 0.749853 0.028718 0.660981 71.3959
0.656391 -0.0187875 -0.754187 -43.2734 -0.0100576 0.999383 -0.0336489 -3.83002 0.754354 0.0296721 0.655797 72.1282
0.650773 -0.0193459 -0.759026 -44.1684 -0.0102388 0.999361 -0.03425 -3.87203 0.759204 0.0300605 0.650159 72.884
0.645631 -0.0187348 -0.76342 -45.0553 -0.0103751 0.999391 -0.0332999 -3.91441 0.763579 0.02942 0.645044 73.6357
0.640743 -0.0184365 -0.767534 -45.9382 -0.00994502 0.999428 -0.0323088 -3.95929 0.767691 0.0283348 0.640193 74.372
0.634484 -0.0189921 -0.772703 -46.8539 -0.00941134 0.999434 -0.0322928 -4.00925 0.772879 0.0277614 0.633946 75.1137
0.629933 -0.0194966 -0.776405 -47.7477 -0.00904645 0.999433 -0.0324369 -4.04646 0.776597 0.0274568 0.629399 75.8376
0.624897 -0.0197634 -0.780457 -48.6824 -0.00869323 0.999441 -0.0322692 -4.09435 0.780659 0.0269496 0.624376 76.5776
0.620385 -0.0211926 -0.784011 -49.6109 -0.00698387 0.999446 -0.0325423 -4.13761 0.784266 0.0256642 0.619893 77.3029
0.61701 -0.0234677 -0.786606 -50.5385 -0.00494577 0.99942 -0.0336963 -4.17923 0.78694 0.0246813 0.616535 78.0201
0.611583 -0.0268034 -0.790726 -51.4875 -0.0023275 0.99936 -0.0356757 -4.22858 0.791177 0.0236591 0.611129 78.7598
0.60625 -0.0304221 -0.794692 -52.4334 0.00194631 0.999322 -0.0367709 -4.27527 0.795272 0.0207456 0.605898 79.4832
0.599816 -0.0333966 -0.799441 -53.3817 0.00658817 0.999301 -0.0368027 -4.32636 0.800111 0.016808 0.599616 80.2002
0.590733 -0.0360359 -0.806062 -54.362 0.0107973 0.999265 -0.0367603 -4.37885 0.806795 0.0130123 0.590689 80.9281
0.582627 -0.0361355 -0.811936 -55.3271 0.0128757 0.999296 -0.0352346 -4.42653 0.812638 0.0100743 0.582682 81.6322
0.572459 -0.0358719 -0.819149 -56.336 0.0136427 0.999321 -0.0342278 -4.47115 0.81982 0.00841851 0.572559 82.334
0.562364 -0.0358004 -0.826115 -57.347 0.0136206 0.999328 -0.0340347 -4.52834 0.826778 0.00788768 0.562473 83.0182
0.553007 -0.0359455 -0.832401 -58.3588 0.0127886 0.999317 -0.0346574 -4.56624 0.833079 0.00852051 0.553089 83.6858
0.541778 -0.0370268 -0.839706 -59.3955 0.0127782 0.999276 -0.0358186 -4.6185 0.840425 0.0086757 0.541859 84.351
0.531488 -0.0381828 -0.846205 -60.4398 0.0129608 0.999233 -0.0369473 -4.6617 0.846967 0.0086695 0.531575 85.011
0.521851 -0.0394573 -0.852123 -61.4776 0.0160713 0.999207 -0.0364257 -4.72723 0.852885 0.00531404 0.522072 85.6503
0.510033 -0.0395509 -0.859245 -62.5568 0.0174683 0.999212 -0.0356247 -4.78098 0.859977 0.00316025 0.510322 86.2913
0.499157 -0.0397977 -0.865597 -63.6205 0.0177157 0.999204 -0.0357246 -4.83487 0.866331 0.00249751 0.499465 86.9116
0.489374 -0.0405521 -0.871131 -64.6941 0.0174191 0.999173 -0.0367271 -4.88468 0.8719 0.00279889 0.489675 87.5116
0.477819 -0.0411591 -0.877494 -65.8145 0.0170277 0.999148 -0.0375932 -4.93613 0.878293 0.00302102 0.478112 88.1165
0.46856 -0.0414424 -0.882459 -66.8993 0.0165195 0.999135 -0.0381504 -4.98839 0.883277 0.00329795 0.468839 88.6938
0.457581 -0.0410834 -0.888219 -68.0432 0.0155209 0.999149 -0.0382185 -5.03596 0.889033 0.00370207 0.457829 89.2697
0.448173 -0.0399594 -0.893053 -69.1758 0.0144231 0.999194 -0.0374705 -5.08761 0.89383 0.00391266 0.448388 89.8414
0.440881 -0.0387789 -0.896728 -70.297 0.0162999 0.999247 -0.0351984 -5.14603 0.897417 0.000901691 0.441181 90.399
0.432025 -0.0393282 -0.901004 -71.4595 0.0171056 0.999226 -0.0354135 -5.20124 0.901699 -0.000112647 0.432364 90.947
0.42344 -0.0413783 -0.904979 -72.6107 0.0185879 0.999143 -0.0369865 -5.25444 0.905734 -0.00116014 0.423846 91.4788
0.416881 -0.0438487 -0.907903 -73.7489 0.0210983 0.999033 -0.0385623 -5.31341 0.908716 -0.00307935 0.417403 92.0096
0.409551 -0.0458284 -0.911136 -74.9299 0.0213165 0.998945 -0.0406634 -5.36573 0.912038 -0.00276852 0.410096 92.532
0.404409 -0.0481055 -0.913312 -76.0811 0.0228668 0.998835 -0.0424849 -5.43086 0.914292 -0.00370333 0.405038 93.0419
0.398927 -0.0490589 -0.915669 -77.249 0.0250457 0.998778 -0.0426 -5.4917 0.91664 -0.00593931 0.399668 93.5497
0.394539 -0.0471215 -0.91767 -78.4143 0.0265581 0.998852 -0.0398718 -5.54919 0.918495 -0.00864063 0.395337 94.0621
0.391073 -0.0453127 -0.919243 -79.5803 0.02974 0.998888 -0.0365864 -5.61207 0.919879 -0.0130304 0.391986 94.5527
0.386982 -0.0446572 -0.921005 -80.7409 0.0312425 0.998888 -0.0353063 -5.66816 0.921558 -0.0151116 0.387946 95.0445
0.384006 -0.044635 -0.922251 -81.9037 0.0328848 0.998858 -0.0346501 -5.73337 0.922745 -0.0170223 0.385035 95.5223
0.382442 -0.0439858 -0.922932 -83.0664 0.0347809 0.998843 -0.0331913 -5.78319 0.923324 -0.0194066 0.38353 96.0062
0.379434 -0.0428098 -0.924228 -84.2145 0.0363281 0.998848 -0.031352 -5.83018 0.924505 -0.0216795 0.380551 96.4787
0.378216 -0.0433772 -0.9247 -85.3665 0.0390475 0.99876 -0.0308803 -5.88705 0.924893 -0.0244278 0.379441 96.9507
0.375341 -0.0434407 -0.925868 -86.4975 0.0407346 0.998709 -0.0303448 -5.93449 0.925991 -0.0263252 0.376626 97.4048
0.373023 -0.0419074 -0.926875 -87.6243 0.0436592 0.998665 -0.0275825 -5.98529 0.926794 -0.0301778 0.374355 97.8609
0.371963 -0.0407929 -0.927351 -88.7512 0.0453744 0.998638 -0.0257289 -6.02575 0.927138 -0.0325078 0.373307 98.3069
0.369712 -0.0409514 -0.928243 -89.858 0.0460376 0.998608 -0.0257192 -6.07845 0.928005 -0.0332254 0.371083 98.7518
0.36875 -0.0413508 -0.928608 -90.9553 0.046249 0.998589 -0.0261015 -6.1217 0.928377 -0.0333223 0.370142 99.1911
0.369203 -0.0424073 -0.928381 -92.0364 0.0472701 0.998522 -0.0268127 -6.17212 0.928146 -0.0339854 0.370661 99.6195
0.368932 -0.042869 -0.928467 -93.1095 0.0462581 0.998545 -0.0277236 -6.2171 0.928304 -0.032721 0.370378 100.044
0.371962 -0.0427577 -0.927263 -94.1694 0.0446583 0.998606 -0.0281332 -6.26374 0.927173 -0.0309455 0.373353 100.464
0.375097 -0.0423294 -0.926018 -95.2355 0.0432963 0.998666 -0.0281124 -6.30875 0.925974 -0.0295484 0.37643 100.887
0.380545 -0.0426587 -0.923778 -96.2773 0.0427975 0.998677 -0.0284873 -6.35041 0.923771 -0.0286947 0.381868 101.308
0.387815 -0.0425497 -0.920755 -97.3132 0.0429057 0.998684 -0.0280793 -6.39389 0.920738 -0.0286161 0.38913 101.738
0.393587 -0.040741 -0.918384 -98.3466 0.0411834 0.998796 -0.0266585 -6.43565 0.918365 -0.0273297 0.394791 102.174
0.401536 -0.0406897 -0.914939 -99.3691 0.041298 0.998801 -0.026295 -6.46877 0.914912 -0.0272268 0.402735 102.616
0.411844 -0.0391929 -0.910411 -100.388 0.0390108 0.998917 -0.0253556 -6.50155 0.910419 -0.0250733 0.412927 103.073
0.420931 -0.0393523 -0.906239 -101.391 0.038606 0.99893 -0.0254456 -6.5364 0.906271 -0.0242755 0.422 103.537
0.431199 -0.0391939 -0.901405 -102.386 0.037541 0.99897 -0.0254779 -6.57067 0.901475 -0.0228536 0.432227 104.002
0.440671 -0.0402527 -0.896766 -103.362 0.0360312 0.998982 -0.0271351 -6.60391 0.896945 -0.0203539 0.441673 104.47
0.452235 -0.0409801 -0.890957 -104.348 0.0347616 0.998995 -0.028305 -6.64954 0.891221 -0.0181706 0.453205 104.947
0.465788 -0.0391989 -0.884028 -105.322 0.0325574 0.999101 -0.0271471 -6.67916 0.884297 -0.0161369 0.466645 105.437
0.477907 -0.0374295 -0.877613 -106.285 0.0316759 0.999176 -0.0253648 -6.71969 0.877839 -0.0156772 0.478699 105.945
0.491726 -0.0354971 -0.870026 -107.245 0.0314811 0.99924 -0.0229764 -6.75597 0.870181 -0.0160913 0.49247 106.473
0.503372 -0.0346002 -0.863376 -108.183 0.0310321 0.999277 -0.0219539 -6.79463 0.863512 -0.0157414 0.504082 107
0.515013 -0.034789 -0.856476 -109.1 0.0312163 0.999274 -0.0218184 -6.82837 0.856614 -0.0154993 0.515725 107.539
0.527505 -0.0348992 -0.848835 -109.998 0.0306104 0.999288 -0.0220622 -6.85537 0.849 -0.0143453 0.528198 108.097
0.537892 -0.0359743 -0.842246 -110.891 0.032196 0.999237 -0.0221182 -6.88819 0.842399 -0.0152198 0.53864 108.637
0.549209 -0.0355383 -0.834929 -111.766 0.0325332 0.999247 -0.0211324 -6.92609 0.835051 -0.0155569 0.549952 109.214
0.561329 -0.0344678 -0.826874 -112.634 0.0334385 0.999261 -0.0189537 -6.95936 0.826917 -0.0170102 0.562067 109.798
0.571044 -0.0312779 -0.820323 -113.478 0.0324486 0.999353 -0.0155159 -6.99272 0.820278 -0.0177581 0.571689 110.371
0.582479 -0.029057 -0.812326 -114.313 0.0304748 0.999439 -0.0138981 -7.02407 0.812275 -0.0166602 0.583037 110.959
0.591531 -0.0290803 -0.805757 -115.147 0.0291653 0.999467 -0.0146602 -7.05369 0.805754 -0.0148282 0.592064 111.553
0.601735 -0.0282587 -0.798196 -115.948 0.0275522 0.999513 -0.0146152 -7.0768 0.798221 -0.0131976 0.602221 112.144
0.611733 -0.0274935 -0.790587 -116.727 0.026975 0.999539 -0.0138876 -7.09878 0.790605 -0.0128306 0.612193 112.732
0.619893 -0.0257317 -0.784264 -117.505 0.0268311 0.999573 -0.0115883 -7.13006 0.784228 -0.0138591 0.620319 113.332
0.629029 -0.0242537 -0.777003 -118.264 0.026683 0.999598 -0.00960038 -7.1454 0.776924 -0.0146939 0.629423 113.945
0.638405 -0.0229521 -0.769358 -118.997 0.0266072 0.999616 -0.00774287 -7.1654 0.769241 -0.0155274 0.638771 114.551
0.644917 -0.0224345 -0.763923 -119.734 0.0248737 0.999655 -0.00835854 -7.17926 0.763848 -0.0136111 0.645253 115.163
0.653282 -0.0207681 -0.75683 -120.462 0.0236594 0.999695 -0.00701015 -7.19179 0.756745 -0.0133265 0.653575 115.782
0.65989 -0.0187352 -0.751129 -121.171 0.0227509 0.999729 -0.00494855 -7.20292 0.751018 -0.0138234 0.660137 116.397
0.667643 -0.0158933 -0.744311 -121.872 0.0211448 0.999773 -0.00238134 -7.222 0.744181 -0.0141485 0.667829 117.016
0.675823 -0.014602 -0.736919 -122.559 0.0206316 0.999787 -0.000889655 -7.23898 0.736775 -0.0146026 0.67598 117.63
0.68288 -0.013282 -0.730409 -123.22 0.0192843 0.999814 -0.000151471 -7.26061 0.730276 -0.013982 0.68301 118.245
0.691248 -0.0109027 -0.722535 -123.875 0.0167499 0.999859 0.000937162 -7.26413 0.722424 -0.0127502 0.691333 118.865
0.701268 -0.00707751 -0.712863 -124.521 0.0146548 0.999882 0.00448931 -7.26374 0.712747 -0.0135951 0.701289 119.49
0.710613 -0.00339099 -0.703575 -125.145 0.012437 0.999892 0.0077423 -7.27094 0.703474 -0.0142522 0.710579 120.106
0.721495 -0.00138439 -0.692418 -125.758 0.0100335 0.999914 0.00845562 -7.27729 0.692347 -0.0130481 0.721447 120.733
0.731592 -0.00107055 -0.681742 -126.343 0.00880057 0.99993 0.00787388 -7.28333 0.681687 -0.0117602 0.73155 121.348
0.741971 -0.000980081 -0.670431 -126.916 0.00786363 0.999943 0.00724095 -7.28329 0.670386 -0.0106446 0.741936 121.979
0.752777 -0.00053085 -0.658276 -127.48 0.00726999 0.999945 0.00750728 -7.28173 0.658236 -0.010437 0.75274 122.621
0.763093 0.000914181 -0.646288 -128.031 0.00647409 0.999938 0.00905859 -7.28227 0.646257 -0.0110967 0.76304 123.258
0.774128 0.00225578 -0.633025 -128.581 0.00613643 0.99992 0.0110675 -7.28319 0.632999 -0.0124522 0.774052 123.911
0.783894 0.00364512 -0.620884 -129.105 0.00586024 0.999894 0.013269 -7.28263 0.620867 -0.0140401 0.78379 124.563
0.793218 0.00545205 -0.608913 -129.612 0.00552632 0.999854 0.0161515 -7.28075 0.608913 -0.0161767 0.793073 125.229
0.80222 0.00622 -0.596996 -130.125 0.00561019 0.999823 0.0179557 -7.2762 0.597002 -0.0177537 0.802043 125.914
0.809583 0.00667931 -0.586967 -130.612 0.00570824 0.999798 0.0192502 -7.26945 0.586978 -0.0189352 0.809382 126.589
0.816897 0.00746533 -0.576736 -131.098 0.00505157 0.999785 0.0200964 -7.25721 0.576762 -0.0193302 0.816684 127.272
0.824585 0.0078191 -0.565684 -131.587 0.00426461 0.99979 0.0200359 -7.24122 0.565722 -0.0189338 0.824379 127.974
0.83129 0.00902024 -0.555766 -132.063 0.00307744 0.999778 0.0208298 -7.23059 0.555831 -0.0190259 0.831078 128.671
0.838311 0.00973854 -0.545106 -132.535 0.00218985 0.999772 0.0212291 -7.21457 0.545189 -0.0189903 0.838098 129.383
0.844357 0.0100144 -0.535689 -132.994 0.00192879 0.999762 0.0217302 -7.2068 0.535779 -0.0193813 0.844136 130.1
0.849815 0.00917539 -0.527002 -133.448 0.00230362 0.999774 0.0211213 -7.19879 0.527077 -0.0191632 0.849602 130.822
0.855005 0.0088426 -0.518546 -133.902 0.00231654 0.999779 0.0208686 -7.18464 0.518616 -0.019044 0.854795 131.563
0.858523 0.00901701 -0.512697 -134.361 0.00219759 0.999771 0.0212633 -7.17048 0.512771 -0.0193817 0.858307 132.304
0.861971 0.0114571 -0.506828 -134.813 0.00114122 0.999698 0.0245396 -7.14958 0.506956 -0.0217308 0.861698 133.065
0.865721 0.0148838 -0.500306 -135.273 -0.000795059 0.999597 0.0283617 -7.12999 0.500527 -0.0241556 0.865384 133.846
0.869038 0.0173916 -0.49444 -135.731 -0.00213826 0.999504 0.0313987 -7.10832 0.494741 -0.0262294 0.868645 134.63
0.872836 0.0199384 -0.487606 -136.183 -0.00419556 0.999435 0.033357 -7.08388 0.487996 -0.0270695 0.872426 135.421
0.876119 0.0218648 -0.481599 -136.636 -0.00543934 0.999356 0.035476 -7.04663 0.482065 -0.0284616 0.875673 136.231
0.87972 0.0230745 -0.474933 -137.092 -0.00576934 0.999266 0.0378625 -7.01955 0.475458 -0.0305684 0.879207 137.06
0.88369 0.0233487 -0.467491 -137.544 -0.00549593 0.999204 0.039516 -6.99089 0.468042 -0.0323506 0.883114 137.903
0.887331 0.0237942 -0.460519 -137.992 -0.00564427 0.999153 0.040749 -6.95482 0.461099 -0.0335586 0.886714 138.754
0.891422 0.0228156 -0.4526 -138.436 -0.00492936 0.999161 0.040659 -6.91233 0.453149 -0.0340133 0.890786 139.622
0.896015 0.0223076 -0.443464 -138.882 -0.00460678 0.99915 0.0409523 -6.87598 0.444001 -0.034651 0.895356 140.507
0.900275 0.0211592 -0.434808 -139.32 -0.00407558 0.999184 0.0401852 -6.83336 0.435304 -0.0344056 0.899626 141.398
0.905432 0.0207435 -0.423984 -139.754 -0.00470233 0.999234 0.0388456 -6.79387 0.424466 -0.0331784 0.904836 142.301
0.910992 0.0221994 -0.411827 -140.192 -0.00716538 0.999251 0.038014 -6.76203 0.412362 -0.0316796 0.910469 143.224
0.917808 0.0258645 -0.396181 -140.619 -0.0112065 0.999166 0.0392688 -6.72528 0.396867 -0.0316015 0.917332 144.173
0.925626 0.0290312 -0.377324 -141.033 -0.0143654 0.99903 0.0416247 -6.68882 0.378167 -0.0331086 0.925146 145.142
0.932949 0.0313233 -0.358644 -141.428 -0.017091 0.998938 0.0427861 -6.654 0.359604 -0.0337877 0.932494 146.123
0.940699 0.0330044 -0.337634 -141.801 -0.0194437 0.998865 0.0434678 -6.61272 0.338686 -0.0343253 0.940273 147.136
0.94756 0.0342361 -0.31774 -142.161 -0.0210212 0.998769 0.044927 -6.56326 0.318887 -0.0358918 0.947113 148.154
0.954305 0.0357657 -0.296687 -142.501 -0.0226931 0.998618 0.0473904 -6.52273 0.297972 -0.0384922 0.953798 149.2
0.960876 0.0375464 -0.274423 -142.827 -0.0246726 0.998433 0.0502155 -6.46954 0.275879 -0.0414802 0.960297 150.267
0.96667 0.0397894 -0.252917 -143.128 -0.026949 0.998175 0.0540336 -6.42001 0.254606 -0.0454168 0.965978 151.343
0.972322 0.0416378 -0.229905 -143.414 -0.02933 0.99796 0.056696 -6.35724 0.231797 -0.0483836 0.971561 152.45
0.977027 0.0432036 -0.208691 -143.673 -0.0319219 0.997856 0.0571296 -6.29575 0.210711 -0.0491553 0.976312 153.561
0.98135 0.0430795 -0.187343 -143.9 -0.0332216 0.997909 0.0554457 -6.24168 0.18934 -0.0481879 0.980729 154.692
0.985224 0.0434676 -0.165667 -144.109 -0.0348001 0.997887 0.0548679 -6.18314 0.167702 -0.0482919 0.984655 155.848
0.988237 0.043436 -0.146635 -144.294 -0.0354633 0.997769 0.0565556 -6.12323 0.148764 -0.0506902 0.987573 157.007
0.990957 0.0438124 -0.126828 -144.453 -0.0366701 0.997636 0.0581128 -6.05588 0.129075 -0.0529365 0.990221 158.184
0.993435 0.0447064 -0.105304 -144.599 -0.0386394 0.997512 0.0589673 -5.98697 0.107678 -0.0545114 0.992691 159.386
0.995167 0.0460637 -0.0867261 -144.723 -0.040971 0.99738 0.0596139 -5.92106 0.089245 -0.0557726 0.994447 160.592
0.996809 0.0465905 -0.0648286 -144.816 -0.0427023 0.997277 0.0601223 -5.84693 0.0674533 -0.0571621 0.996084 161.823
0.997756 0.0483613 -0.046317 -144.896 -0.0455808 0.997198 0.0593162 -5.78133 0.0490559 -0.0570719 0.997165 163.053
0.99842 0.049343 -0.0269014 -144.951 -0.0477126 0.997163 0.0582067 -5.7054 0.0296973 -0.0568312 0.997942 164.29
0.998755 0.0494797 -0.00635179 -144.976 -0.0490392 0.997172 0.0569353 -5.64099 0.00915107 -0.056553 0.998358 165.552
0.998629 0.051249 0.0107123 -144.983 -0.0517595 0.997167 0.0545813 -5.5787 -0.00788466 -0.055061 0.998452 166.809
0.998242 0.0514394 0.029439 -144.961 -0.0529612 0.997163 0.0534857 -5.51563 -0.0266041 -0.0549508 0.998135 168.085
0.997454 0.0514608 0.0493855 -144.917 -0.054014 0.997193 0.0518385 -5.44404 -0.0465792 -0.054374 0.997434 169.366
0.996433 0.0528012 0.0658323 -144.851 -0.0558868 0.997379 0.0459442 -5.37962 -0.0632338 -0.0494595 0.996773 170.646
0.994882 0.0543899 0.0851556 -144.746 -0.0579458 0.997524 0.0398567 -5.32372 -0.0827768 -0.0445871 0.995571 171.981
0.993312 0.0564406 0.100726 -144.637 -0.0601965 0.997585 0.0346446 -5.28106 -0.0985271 -0.0404762 0.994311 173.287
0.991234 0.0583728 0.11853 -144.495 -0.0624014 0.997583 0.0305632 -5.25545 -0.116459 -0.0376916 0.992481 174.623
0.988486 0.061286 0.138347 -144.314 -0.0655402 0.9975 0.026403 -5.23371 -0.136383 -0.0351663 0.990032 175.994
0.986208 0.0601851 0.154184 -144.134 -0.0650292 0.997529 0.0265652 -5.21677 -0.152204 -0.0362252 0.987686 177.316
0.983442 0.0586224 0.171483 -143.917 -0.0640348 0.997603 0.0261985 -5.18626 -0.169536 -0.0367455 0.984839 178.665
0.980049 0.0585051 0.18995 -143.662 -0.0637609 0.997729 0.0216717 -5.17651 -0.188251 -0.0333507 0.981555 180.056
0.976934 0.0596992 0.205026 -143.41 -0.0644977 0.997776 0.0167957 -5.16261 -0.203568 -0.029632 0.978613 181.393
0.97285 0.0610861 0.22323 -143.107 -0.0663593 0.997664 0.0161904 -5.1376 -0.221719 -0.0305642 0.974632 182.795
0.968833 0.0628404 0.239614 -142.805 -0.068718 0.997503 0.0162457 -5.14207 -0.237995 -0.0322051 0.970733 184.163
0.964002 0.0660132 0.257572 -142.466 -0.0715961 0.997357 0.012346 -5.11996 -0.256076 -0.0303427 0.966181 185.55
0.958775 0.0666946 0.276232 -142.087 -0.0720332 0.997359 0.00921381 -5.11167 -0.274888 -0.0287318 0.961048 186.94
0.95378 0.0680728 0.292695 -141.686 -0.0729746 0.997316 0.00584773 -5.10844 -0.291511 -0.0269368 0.956189 188.32
0.948173 0.0682445 0.31034 -141.248 -0.0720382 0.997401 0.000765281 -5.11419 -0.309481 -0.0230819 0.950626 189.698
0.941238 0.0710632 0.330185 -140.79 -0.073444 0.997285 -0.00527597 -5.12966 -0.329664 -0.0192841 0.943902 191.08
0.933531 0.0738497 0.35081 -140.311 -0.0755247 0.997104 -0.00892587 -5.13774 -0.350453 -0.0181622 0.936405 192.454
0.923539 0.0765161 0.375795 -139.781 -0.0779588 0.996891 -0.0113898 -5.15744 -0.375498 -0.0187776 0.926633 193.844
0.91268 0.0809646 0.400576 -139.217 -0.0819795 0.996526 -0.0146348 -5.18903 -0.40037 -0.0194822 0.916147 195.207
0.90068 0.0850654 0.426075 -138.617 -0.0850228 0.996194 -0.0191594 -5.22333 -0.426084 -0.0189696 0.904486 196.565
0.887649 0.0881066 0.452015 -137.975 -0.0870765 0.995933 -0.0231296 -5.26511 -0.452214 -0.0188289 0.891711 197.917
0.874993 0.0889639 0.475892 -137.298 -0.0871919 0.995856 -0.0258522 -5.31629 -0.47622 -0.0188734 0.879124 199.237
0.861027 0.0901297 0.500509 -136.576 -0.0873787 0.995753 -0.0289933 -5.37546 -0.500997 -0.0187698 0.865246 200.55
0.847259 0.0911446 0.523302 -135.82 -0.0862088 0.995702 -0.033846 -5.43752 -0.524138 -0.0164369 0.851475 201.842
0.832667 0.0931279 0.545887 -135.019 -0.0855291 0.995557 -0.0393797 -5.50029 -0.547129 -0.013899 0.836933 203.123
0.817981 0.0944534 0.567439 -134.186 -0.0849202 0.995447 -0.0432827 -5.56906 -0.568944 -0.0127826 0.822278 204.381
0.804006 0.0952962 0.586936 -133.314 -0.0841806 0.995374 -0.0462975 -5.64914 -0.588633 -0.0121851 0.808309 205.629
0.789739 0.0955198 0.605961 -132.411 -0.0832134 0.995353 -0.0484503 -5.72915 -0.607773 -0.0121609 0.794018 206.853
0.775404 0.0960209 0.624123 -131.479 -0.0824407 0.995305 -0.0507037 -5.81267 -0.626061 -0.0121372 0.77968 208.057
0.762514 0.0963238 0.639761 -130.521 -0.0807756 0.995291 -0.0535789 -5.90153 -0.64191 -0.0108225 0.766704 209.24
0.748664 0.0970675 0.655805 -129.539 -0.0790871 0.995235 -0.057022 -5.99567 -0.658216 -0.00917534 0.752774 210.405
0.735456 0.098769 0.670336 -128.529 -0.0778449 0.995084 -0.0612111 -6.10243 -0.673087 -0.00716411 0.73953 211.555
0.721823 0.0988142 0.684987 -127.497 -0.0764621 0.995082 -0.0629737 -6.19639 -0.687841 -0.0069197 0.725829 212.678
0.706752 0.0995939 0.700417 -126.443 -0.0762469 0.994998 -0.0645446 -6.3075 -0.703342 -0.00778754 0.71081 213.79
0.692409 0.100538 0.714466 -125.367 -0.0770128 0.994885 -0.0653623 -6.41986 -0.717384 -0.00976556 0.696611 214.881
0.676137 0.101838 0.729705 -124.278 -0.0803095 0.994687 -0.0644053 -6.5416 -0.732387 -0.0150554 0.680723 215.95
0.658987 0.102666 0.745116 -123.157 -0.0826644 0.994525 -0.0639218 -6.65816 -0.747599 -0.0194709 0.663866 216.992
0.642998 0.104624 0.758688 -122.042 -0.0862805 0.994214 -0.06398 -6.78074 -0.760993 -0.024321 0.648305 217.992
0.625581 0.106504 0.772856 -120.908 -0.0870238 0.993982 -0.0665354 -6.90807 -0.775291 -0.0256335 0.631085 218.967
0.609053 0.109021 0.785602 -119.762 -0.0891862 0.993639 -0.0687476 -7.03171 -0.7881 -0.0281939 0.614902 219.903
0.591116 0.109311 0.799146 -118.612 -0.0903288 0.993513 -0.0690829 -7.15649 -0.801513 -0.0313499 0.597155 220.799
0.571194 0.108761 0.813578 -117.441 -0.091127 0.993458 -0.0688301 -7.28075 -0.815742 -0.0348236 0.577368 221.668
0.552048 0.10711 0.826905 -116.266 -0.090973 0.993532 -0.0679589 -7.40285 -0.828835 -0.0377094 0.558221 222.497
0.531806 0.105609 0.840256 -115.071 -0.0917314 0.993539 -0.0668175 -7.52379 -0.841884 -0.0415439 0.538058 223.297
0.510607 0.103764 0.85353 -113.871 -0.0902341 0.993676 -0.0668211 -7.6432 -0.855067 -0.0428981 0.516741 224.067
0.491051 0.103135 0.865005 -112.669 -0.0898292 0.993668 -0.0674813 -7.76161 -0.866488 -0.0445659 0.497206 224.788
0.471344 0.10172 0.876064 -111.453 -0.0880424 0.993791 -0.0680208 -7.87586 -0.877544 -0.0450696 0.477374 225.481
0.450329 0.100828 0.887152 -110.238 -0.0856773 0.993898 -0.0694696 -7.98802 -0.888743 -0.0447246 0.45622 226.135
0.431116 0.100027 0.896735 -109.024 -0.0830837 0.994015 -0.0709351 -8.10749 -0.898464 -0.0439228 0.436847 226.74
0.410517 0.0974385 0.906632 -107.803 -0.0807856 0.994251 -0.070276 -8.22836 -0.908268 -0.0443934 0.416028 227.318
0.390727 0.0973532 0.915345 -106.58 -0.0803106 0.994205 -0.0714589 -8.33734 -0.916997 -0.0455909 0.396281 227.867
0.371054 0.100682 0.923137 -105.376 -0.0814327 0.993803 -0.0756575 -8.45728 -0.925034 -0.0471005 0.376954 228.395
0.351337 0.108328 0.929961 -104.177 -0.082527 0.993 -0.0844928 -8.56039 -0.932605 -0.0470615 0.357818 228.884
0.332648 0.115586 0.935941 -102.97 -0.0850165 0.992095 -0.0923044 -8.68429 -0.939212 -0.0488656 0.339845 229.349
0.313487 0.118649 0.942151 -101.769 -0.0871483 0.991571 -0.095875 -8.81862 -0.945586 -0.0520514 0.321184 229.777
0.292709 0.119588 0.948694 -100.578 -0.0896994 0.991207 -0.0972718 -8.95282 -0.951986 -0.056625 0.300862 230.182
0.273931 0.120379 0.954186 -99.3775 -0.0924169 0.990839 -0.0984713 -9.09127 -0.957299 -0.0612086 0.282547 230.565
0.253943 0.120278 0.959712 -98.1906 -0.0935587 0.990639 -0.0993986 -9.23102 -0.962684 -0.0645478 0.262819 230.921
0.236628 0.119886 0.964176 -97.0068 -0.093367 0.990571 -0.100254 -9.37468 -0.967104 -0.0662993 0.24559 231.244
0.217987 0.119359 0.968626 -95.8182 -0.0931321 0.990508 -0.101096 -9.51942 -0.971498 -0.0681724 0.227034 231.543
0.197905 0.119059 0.972964 -94.6276 -0.091869 0.99048 -0.102516 -9.67207 -0.975907 -0.0690968 0.206958 231.823
0.181186 0.121862 0.97587 -93.4538 -0.0953083 0.989798 -0.105905 -9.81439 -0.97882 -0.0738199 0.190952 232.072
0.162114 0.123118 0.979062 -92.2862 -0.0960769 0.989441 -0.108515 -9.95852 -0.982084 -0.0764734 0.172231 232.304
0.144401 0.120115 0.982202 -91.1189 -0.0948455 0.989715 -0.10709 -10.0971 -0.984964 -0.0776936 0.154309 232.51
0.131343 0.115911 0.984538 -89.9665 -0.0928885 0.99021 -0.104187 -10.2334 -0.986976 -0.077768 0.140824 232.694
0.116095 0.112894 0.986802 -88.8048 -0.0927894 0.990407 -0.10239 -10.3605 -0.988895 -0.0796779 0.125456 232.855
0.104749 0.110522 0.988339 -87.6678 -0.0918768 0.990631 -0.10104 -10.4905 -0.990246 -0.0802215 0.113922 233.007
0.0936469 0.11145 0.989348 -86.5343 -0.0922653 0.99041 -0.102836 -10.6189 -0.991322 -0.0816523 0.103032 233.138
0.0836128 0.113675 0.989994 -85.4236 -0.0933763 0.989995 -0.105789 -10.7499 -0.992114 -0.0835967 0.0933906 233.255
0.077745 0.11559 0.99025 -84.3336 -0.0948274 0.98961 -0.10807 -10.8842 -0.992454 -0.0855009 0.0878983 233.372
0.0718253 0.119699 0.990209 -83.2547 -0.0951762 0.989065 -0.112657 -11.0268 -0.992866 -0.0861528 0.0824323 233.468
0.0657181 0.127318 0.989683 -82.1856 -0.0965214 0.987986 -0.12069 -11.1766 -0.993159 -0.0875941 0.0772174 233.562
0.0620733 0.130691 0.989478 -81.1332 -0.0998439 0.98723 -0.12413 -11.3358 -0.993065 -0.0910883 0.0743291 233.658
0.0571291 0.124815 0.990534 -80.0633 -0.0996288 0.987914 -0.118739 -11.4818 -0.993384 -0.0919024 0.0688736 233.746
0.055471 0.115899 0.991711 -79.0127 -0.0986488 0.989016 -0.110066 -11.6223 -0.993575 -0.0917257 0.0662948 233.832
0.0543969 0.112157 0.992201 -77.9706 -0.0983891 0.989438 -0.106451 -11.7453 -0.993661 -0.0918312 0.0648573 233.909
0.0530576 0.113502 0.99212 -76.9253 -0.0990993 0.989213 -0.10787 -11.8716 -0.993662 -0.0925951 0.0637331 233.983
0.0542619 0.116255 0.991736 -75.9103 -0.100208 0.988819 -0.110431 -11.986 -0.993486 -0.0933878 0.0653048 234.068
0.054992 0.118266 0.991458 -74.89 -0.10122 0.988505 -0.1123 -12.1119 -0.993343 -0.0941795 0.0663306 234.161
0.0559431 0.118694 0.991354 -73.8692 -0.101675 0.988424 -0.112606 -12.2327 -0.993244 -0.094496 0.0673635 234.242
0.0590861 0.119858 0.991031 -72.8558 -0.103202 0.988179 -0.11336 -12.3595 -0.992904 -0.0955787 0.0707571 234.336
0.0616871 0.121065 0.990726 -71.8476 -0.103729 0.988019 -0.114275 -12.48 -0.992691 -0.0957177 0.0735058 234.434
0.0673916 0.121047 0.990357 -70.8545 -0.105654 0.987898 -0.113557 -12.6007 -0.992117 -0.0969828 0.079365 234.517
0.0733616 0.119701 0.990096 -69.8602 -0.104849 0.988195 -0.111702 -12.7193 -0.991779 -0.0956161 0.085046 234.607
0.0791548 0.118089 0.989843 -68.8694 -0.104023 0.988516 -0.109613 -12.8408 -0.99142 -0.0942904 0.0905296 234.703
0.0868649 0.117694 0.989244 -67.8696 -0.103451 0.988694 -0.108544 -12.961 -0.990835 -0.0929099 0.0980582 234.795
0.0940389 0.117509 0.98861 -66.8981 -0.104951 0.988646 -0.107531 -13.0639 -0.990022 -0.0936431 0.105304 234.901
0.099956 0.117438 0.988037 -65.9472 -0.104517 0.988755 -0.10695 -13.1833 -0.989488 -0.0925765 0.111106 235.01
0.107288 0.116763 0.987348 -64.9811 -0.105585 0.988802 -0.105462 -13.2783 -0.988606 -0.0929345 0.118415 235.127
0.112127 0.115413 0.986969 -64.0342 -0.105191 0.98903 -0.103704 -13.3945 -0.988111 -0.0921918 0.123038 235.253
0.119399 0.114284 0.986247 -63.0746 -0.103905 0.989336 -0.102063 -13.4998 -0.987395 -0.0902898 0.13 235.387
0.125594 0.114676 0.985432 -62.1089 -0.105795 0.989181 -0.101628 -13.6022 -0.986425 -0.0914898 0.136367 235.539
0.131412 0.115961 0.984522 -61.1666 -0.106228 0.989063 -0.102317 -13.7102 -0.98562 -0.0911384 0.142293 235.683
0.138407 0.117242 0.983412 -60.2013 -0.10715 0.988912 -0.102818 -13.8166 -0.984562 -0.0911417 0.149434 235.835
0.144931 0.117775 0.982408 -59.2518 -0.108336 0.988809 -0.10256 -13.9233 -0.983493 -0.0915658 0.156068 235.996
0.150541 0.11837 0.981492 -58.3076 -0.110504 0.988599 -0.102279 -14.0267 -0.982409 -0.0930617 0.161904 236.153
0.15761 0.117833 0.980446 -57.3652 -0.112231 0.988559 -0.100767 -14.1286 -0.981103 -0.0941541 0.169031 236.325
0.163752 0.115871 0.979673 -56.4165 -0.113414 0.988704 -0.0979824 -14.2336 -0.979961 -0.0950635 0.175044 236.506
0.169398 0.113473 0.978994 -55.4724 -0.113091 0.989026 -0.0950672 -14.3494 -0.979038 -0.0946116 0.180371 236.685
0.177123 0.112413 0.977748 -54.5312 -0.113373 0.989172 -0.0931888 -14.4625 -0.977637 -0.0943448 0.18795 236.868
0.183325 0.113063 0.976529 -53.599 -0.114332 0.989075 -0.0930524 -14.5536 -0.976381 -0.09459 0.194248 237.06
0.191053 0.112993 0.975055 -52.6841 -0.114014 0.989183 -0.0922899 -14.648 -0.974936 -0.093538 0.201869 237.25
0.199347 0.113685 0.973313 -51.7569 -0.114321 0.989163 -0.0921215 -14.7488 -0.973238 -0.0929062 0.210183 237.443
0.207652 0.115507 0.97136 -50.8469 -0.11398 0.989097 -0.0932501 -14.8353 -0.97154 -0.0913517 0.218553 237.658
0.217133 0.115913 0.969236 -49.9407 -0.114244 0.989118 -0.0926976 -14.9281 -0.969434 -0.0906013 0.228012 237.871
0.22384 0.114679 0.967856 -49.0606 -0.115886 0.98914 -0.0903993 -15.0121 -0.967712 -0.0919263 0.234699 238.103
0.229447 0.113695 0.966658 -48.1492 -0.118224 0.989056 -0.088268 -15.0867 -0.966115 -0.0940297 0.240378 238.339
