1 0 0 0 0 1 0 0 0 0 1 0
0.999987 -0.00248238 0.00367711 0.0121732 0.00248008 0.999996 0.000626425 -0.0144669 -0.00367865 -0.000617251 0.99999 0.0804395
0.999976 -0.00496198 0.00449473 0.0255192 0.00496025 0.999986 0.000402653 -0.0272765 -0.00449667 -0.000380367 0.99999 0.191183
0.99997 -0.00706169 0.00161003 0.0404569 0.00706258 0.999973 -0.000518102 -0.0378209 -0.00160632 0.000529507 0.999994 0.32652
0.999945 -0.00871629 -0.00500972 0.0535886 0.00870935 0.999959 -0.00140546 -0.0484035 0.00502177 0.00136174 0.999984 0.485169
0.999799 -0.0112876 -0.0160443 0.0646528 0.0112465 0.999931 -0.00265359 -0.0568474 0.0160732 0.00247268 0.999858 0.664011
0.999406 -0.0123849 -0.032093 0.0704414 0.0122714 0.999915 -0.00373456 -0.0643917 0.0321365 0.0033385 0.999478 0.861162
0.998596 -0.0124341 -0.0513893 0.0691801 0.012245 0.999914 -0.00399375 -0.0709277 0.0514349 0.00335888 0.998665 1.07667
0.997223 -0.00951157 -0.0738656 0.0582851 0.00925963 0.999948 -0.00375342 -0.0769273 0.0738975 0.00305893 0.997264 1.31307
0.995279 -0.00678326 -0.0967547 0.0393535 0.00632618 0.999964 -0.00503146 -0.0829101 0.0967858 0.00439566 0.995289 1.56173
0.99282 -0.00662885 -0.119468 0.0105381 0.00605242 0.999966 -0.00518797 -0.0879116 0.119499 0.00442753 0.992831 1.82637
0.98958 -0.00704684 -0.143785 -0.0306337 0.00643526 0.999965 -0.0047189 -0.0936336 0.143814 0.00374444 0.989594 2.10716
0.986024 -0.00762638 -0.166431 -0.0793003 0.00700381 0.999964 -0.0043278 -0.101926 0.166458 0.00310157 0.986047 2.39828
0.982367 -0.00785242 -0.186767 -0.138552 0.00717596 0.999962 -0.00429812 -0.108306 0.186794 0.00288214 0.982389 2.69986
0.97851 -0.00742865 -0.206079 -0.207124 0.00674613 0.999967 -0.00401497 -0.114718 0.206102 0.00253841 0.978532 3.01514
0.97503 -0.00746443 -0.221912 -0.283202 0.00671604 0.999966 -0.00412688 -0.12099 0.221937 0.0025335 0.97505 3.34309
0.971427 -0.00865266 -0.237183 -0.369053 0.00778152 0.999955 -0.00460947 -0.127835 0.237213 0.00263213 0.971458 3.6845
0.968248 -0.0106869 -0.249719 -0.463725 0.00943247 0.999934 -0.00621928 -0.133735 0.24977 0.00366641 0.968288 4.03852
0.965444 -0.0106792 -0.260394 -0.565179 0.00892148 0.999925 -0.00793178 -0.141446 0.26046 0.00533466 0.965474 4.40149
0.962359 -0.0112881 -0.271503 -0.6723 0.00911356 0.999913 -0.0092683 -0.148035 0.271586 0.00644521 0.962381 4.77718
0.95943 -0.0122214 -0.281683 -0.786355 0.0093761 0.999886 -0.0114471 -0.153876 0.281792 0.00834159 0.959443 5.16272
0.956115 -0.0166246 -0.292478 -0.906459 0.0132857 0.999817 -0.0133979 -0.161615 0.292649 0.00892432 0.956165 5.5663
0.952891 -0.0214024 -0.302559 -1.03682 0.0178931 0.999734 -0.0143667 -0.172168 0.302787 0.0082763 0.953025 5.9795
0.94956 -0.0226128 -0.312725 -1.17473 0.0185573 0.999695 -0.0159381 -0.181273 0.312993 0.00933112 0.949694 6.40678
0.945767 -0.0206951 -0.324185 -1.32679 0.0149753 0.999683 -0.0201292 -0.193033 0.3245 0.0141827 0.945781 6.8456
0.942178 -0.0188838 -0.334535 -1.48795 0.0117984 0.999657 -0.0231984 -0.203524 0.334861 0.0179104 0.942081 7.2944
0.93808 -0.0212959 -0.345758 -1.65972 0.0134515 0.999592 -0.0250722 -0.217139 0.346151 0.0188688 0.937988 7.75937
0.934278 -0.0222009 -0.355812 -1.83891 0.0138632 0.999562 -0.025965 -0.232573 0.356235 0.0193263 0.93418 8.2376
0.930669 -0.0228053 -0.365133 -2.03321 0.0135008 0.99951 -0.028016 -0.251398 0.365595 0.0211441 0.930529 8.72972
0.926545 -0.0231034 -0.375432 -2.23332 0.0122437 0.99943 -0.0312852 -0.270117 0.375944 0.024391 0.926303 9.24022
0.923014 -0.0248652 -0.383935 -2.44707 0.0118986 0.999272 -0.0361117 -0.293356 0.384555 0.0287635 0.922645 9.76009
0.919644 -0.0265339 -0.391814 -2.66857 0.0106849 0.999032 -0.0425746 -0.31593 0.392567 0.0349678 0.919038 10.2963
0.917072 -0.0282509 -0.397692 -2.90317 0.00918317 0.998714 -0.0497695 -0.341921 0.398588 0.0419904 0.916158 10.8452
0.914825 -0.0300592 -0.40268 -3.14537 0.00726481 0.998284 -0.0580133 -0.371463 0.403737 0.0501479 0.913476 11.4122
0.912014 -0.0310807 -0.408948 -3.39277 0.00419117 0.997775 -0.0664855 -0.404039 0.410105 0.0589221 0.910122 11.9903
0.909496 -0.0304684 -0.414544 -3.64668 0.00031751 0.997355 -0.0726052 -0.438757 0.415664 0.0659042 0.907101 12.581
0.906307 -0.0294003 -0.421554 -3.91387 -0.0043095 0.996878 -0.0787894 -0.480693 0.422555 0.0732249 0.903359 13.1788
0.903285 -0.028447 -0.428037 -4.19606 -0.00858466 0.996396 -0.0843329 -0.527699 0.428898 0.0798538 0.899786 13.7859
0.900387 -0.0265902 -0.434231 -4.48628 -0.0134967 0.995938 -0.0889711 -0.576493 0.434834 0.0859704 0.896379 14.3988
0.897023 -0.0243939 -0.44126 -4.79342 -0.018201 0.995585 -0.0920357 -0.633559 0.441562 0.0905917 0.892618 15.0237
0.893993 -0.0238735 -0.447392 -5.10831 -0.0200254 0.995446 -0.0931328 -0.696441 0.44758 0.092221 0.889453 15.653
0.889828 -0.0229133 -0.455668 -5.42842 -0.0216467 0.995489 -0.0923269 -0.761852 0.455733 0.0920213 0.885317 16.2997
0.885711 -0.0226874 -0.463629 -5.75713 -0.0222305 0.99558 -0.091186 -0.827793 0.46365 0.0910732 0.8813 16.9508
0.881646 -0.0222642 -0.471328 -6.09592 -0.0228457 0.995697 -0.0897651 -0.896709 0.471303 0.089912 0.877342 17.6074
0.877371 -0.0217076 -0.479263 -6.45007 -0.0230419 0.99591 -0.087289 -0.963195 0.479199 0.0876307 0.873291 18.2617
0.869823 -0.0193953 -0.492928 -6.83779 -0.02413 0.996356 -0.0817806 -1.03241 0.492722 0.0830322 0.866182 18.9454
0.865586 -0.0151539 -0.500469 -7.24212 -0.0271164 0.996651 -0.0770752 -1.09228 0.499963 0.0802894 0.862283 19.6246
0.860291 -0.0117991 -0.509607 -7.65653 -0.0300255 0.996822 -0.0737642 -1.14883 0.508862 0.0787637 0.8572 20.3052
0.855372 -0.00988192 -0.517856 -8.0929 -0.0321698 0.99687 -0.0721578 -1.1987 0.516949 0.0783848 0.852384 20.9859
0.849572 -0.00848053 -0.527352 -8.54114 -0.0340541 0.996902 -0.0708904 -1.25362 0.526323 0.0781886 0.846647 21.6841
0.844787 -0.00834713 -0.534969 -8.99634 -0.0343878 0.99696 -0.0698569 -1.3093 0.533926 0.0774149 0.841939 22.3837
0.838928 -0.00764457 -0.544146 -9.47277 -0.0352949 0.997031 -0.0684196 -1.36511 0.543057 0.0766076 0.836164 23.0879
0.83388 -0.0067041 -0.551843 -9.9586 -0.0357299 0.997168 -0.0661034 -1.41878 0.550724 0.0748434 0.831287 23.8111
0.829283 -0.00516676 -0.558762 -10.4504 -0.0356338 0.997432 -0.0621058 -1.46859 0.557652 0.071417 0.826966 24.5291
0.823747 -0.00251316 -0.566896 -10.9611 -0.0360954 0.997725 -0.0568714 -1.51994 0.565748 0.0673134 0.821789 25.261
0.819138 -0.00132379 -0.573554 -11.4742 -0.0355857 0.997952 -0.0531233 -1.57033 0.572455 0.0639286 0.81741 25.9897
0.814011 -0.00141734 -0.580798 -12.0085 -0.0345167 0.998108 -0.050811 -1.62229 0.57977 0.061411 0.81243 26.7307
0.809683 -0.00138206 -0.586818 -12.5558 -0.0339221 0.998213 -0.0491534 -1.67584 0.585842 0.0597082 0.808186 27.4777
0.805943 -0.00161968 -0.591941 -13.1073 -0.0330614 0.998307 -0.0477442 -1.72543 0.591016 0.0580527 0.804534 28.2192
0.801554 -0.00192691 -0.597878 -13.6818 -0.032091 0.998412 -0.0462383 -1.77225 0.597024 0.0562521 0.800216 28.9788
0.798222 -0.00268961 -0.602302 -14.2616 -0.031107 0.998467 -0.0456827 -1.8211 0.601501 0.0552045 0.796923 29.7481
0.795878 -0.00308624 -0.605404 -14.8502 -0.0306293 0.998498 -0.0453535 -1.86918 0.60464 0.0546423 0.794586 30.5133
0.793361 -0.00307241 -0.608684 -15.4548 -0.030773 0.998502 -0.045148 -1.91302 0.607911 0.0545537 0.792085 31.2926
0.792927 -0.00296535 -0.609261 -16.0693 -0.0302405 0.998561 -0.0442143 -1.9655 0.608521 0.0534866 0.791694 32.0697
0.791574 -0.00295854 -0.611001 -16.6888 -0.0293603 0.998645 -0.0428711 -2.01671 0.6103 0.0518792 0.790421 32.8671
0.790925 -0.00340344 -0.611849 -17.3164 -0.0281362 0.99872 -0.0419241 -2.06723 0.611214 0.0503778 0.789817 33.6802
0.79022 -0.00559376 -0.612734 -17.939 -0.0256806 0.998773 -0.0422354 -2.12249 0.612219 0.049115 0.789113 34.4913
0.787925 -0.00738539 -0.615667 -18.5807 -0.0233303 0.998848 -0.0418375 -2.17651 0.615272 0.0473327 0.786845 35.3222
0.786435 -0.0077764 -0.617557 -19.2306 -0.0218644 0.998939 -0.0404203 -2.22504 0.617216 0.0452949 0.785438 36.1459
0.782568 -0.00547635 -0.622481 -19.8818 -0.0221143 0.999082 -0.0365889 -2.26195 0.622113 0.0424033 0.78173 36.972
0.778754 -0.00410103 -0.627244 -20.5468 -0.0209319 0.999247 -0.0325192 -2.30345 0.626906 0.0384586 0.778089 37.795
0.774597 -0.00477466 -0.632375 -21.2118 -0.0195393 0.999312 -0.0314768 -2.34967 0.632093 0.0367424 0.773971 38.6193
0.767671 -0.00791493 -0.64072 -21.8895 -0.0168972 0.999322 -0.0325881 -2.4021 0.640543 0.0358483 0.767024 39.4426
0.761301 -0.0106953 -0.64825 -22.5676 -0.0155436 0.999273 -0.0347391 -2.45392 0.648155 0.0365274 0.76058 40.2449
0.752819 -0.0116702 -0.658045 -23.2607 -0.0143182 0.999313 -0.0341009 -2.51101 0.65799 0.0350989 0.75214 41.0471
0.745509 -0.00950745 -0.666363 -23.9733 -0.0139319 0.999457 -0.0298446 -2.5616 0.666287 0.031538 0.74497 41.8434
0.739991 -0.00576921 -0.672515 -24.6922 -0.0162701 0.999515 -0.026475 -2.60145 0.672341 0.0305382 0.739542 42.6328
0.734508 -0.00550346 -0.678507 -25.4268 -0.0173885 0.999486 -0.0269286 -2.64473 0.678309 0.0315827 0.734032 43.4238
0.730636 -0.00774491 -0.682651 -26.1584 -0.0178632 0.999374 -0.0304552 -2.68839 0.682459 0.0344509 0.730044 44.2049
0.727523 -0.0106173 -0.685933 -26.8832 -0.0191524 0.999174 -0.0357776 -2.74241 0.68575 0.0391714 0.726718 44.9727
0.722949 -0.0120566 -0.69072 -27.6211 -0.018961 0.999122 -0.0372836 -2.79498 0.690563 0.040056 0.72209 45.7435
0.719477 -0.01043 -0.694375 -28.3563 -0.0178465 0.999278 -0.0334998 -2.84456 0.694226 0.0364995 0.71877 46.4983
0.714352 -0.00835173 -0.699658 -29.1012 -0.0168059 0.999434 -0.0290872 -2.8948 0.699503 0.0325422 0.713811 47.2578
0.710286 -0.00698551 -0.703815 -29.8547 -0.0163612 0.999518 -0.0264303 -2.943 0.703662 0.0302935 0.709827 48.0066
0.707053 -0.00655387 -0.70705 -30.6137 -0.0167356 0.999519 -0.0259988 -2.98301 0.70688 0.0302208 0.706609 48.7478
0.701662 -0.00829532 -0.712396 -31.3809 -0.0159779 0.999497 -0.027374 -3.02541 0.712267 0.0305951 0.701175 49.4897
0.696896 -0.00979108 -0.71702 -32.1639 -0.0152946 0.999474 -0.0285115 -3.06824 0.71692 0.0308418 0.696385 50.2335
0.692454 -0.0110719 -0.721316 -32.9437 -0.0138921 0.99949 -0.0286768 -3.1122 0.721269 0.0298831 0.691946 50.9598
0.686201 -0.011435 -0.727241 -33.7447 -0.01306 0.999517 -0.0280375 -3.15047 0.72721 0.0287427 0.685727 51.6946
0.681298 -0.0108969 -0.73186 -34.5462 -0.0135431 0.999525 -0.0274884 -3.17676 0.731816 0.0286447 0.68083 52.4269
0.67397 -0.0108263 -0.7386 -35.3655 -0.0145442 0.999499 -0.0279203 -3.2039 0.738534 0.0295654 0.673481 53.1386
0.667812 -0.011203 -0.744179 -36.1983 -0.0142846 0.999504 -0.027864 -3.23497 0.744126 0.0292437 0.667325 53.8564
0.661852 -0.0110431 -0.749475 -37.0163 -0.0153934 0.999472 -0.0283189 -3.24813 0.749395 0.0302855 0.661341 54.5661
0.653957 -0.0110778 -0.756381 -37.8468 -0.0162516 0.99945 -0.0286872 -3.26564 0.756287 0.0310583 0.653423 55.2735
0.647626 -0.0111086 -0.761805 -38.6761 -0.016808 0.999434 -0.028861 -3.28522 0.761697 0.031501 0.647081 55.9689
0.639277 -0.0114973 -0.768826 -39.5206 -0.0163605 0.999452 -0.0285486 -3.32064 0.768737 0.0308343 0.638744 56.6717
0.631535 -0.0115272 -0.77519 -40.3695 -0.015325 0.999501 -0.027346 -3.36003 0.775122 0.0291552 0.631051 57.3682
0.624596 -0.0121624 -0.780787 -41.2237 -0.0141059 0.999534 -0.0268526 -3.40316 0.780754 0.0277914 0.624138 58.0615
0.616219 -0.0132449 -0.787392 -42.0899 -0.0128052 0.999551 -0.0268334 -3.45207 0.787397 0.0266235 0.61578 58.7522
0.608461 -0.0147908 -0.793378 -42.9668 -0.0116857 0.999543 -0.0275953 -3.50094 0.793429 0.0260677 0.608017 59.4307
0.601685 -0.0149448 -0.798522 -43.849 -0.0117865 0.999542 -0.0275864 -3.54292 0.798573 0.0260157 0.601241 60.0956
0.594156 -0.0149137 -0.804142 -44.7537 -0.0115705 0.999558 -0.027086 -3.59037 0.804198 0.0254034 0.593726 60.758
0.588857 -0.0148493 -0.808031 -45.6559 -0.0115917 0.999564 -0.026815 -3.63288 0.808081 0.0251624 0.588436 61.4194
0.581926 -0.0150593 -0.81303 -46.5711 -0.0121609 0.999546 -0.0272171 -3.67465 0.813081 0.0257314 0.581484 62.0801
0.575332 -0.0162972 -0.817688 -47.4929 -0.0124355 0.999502 -0.028669 -3.7171 0.817752 0.0266683 0.574852 62.7437
0.569736 -0.0182081 -0.821555 -48.4164 -0.0118971 0.999456 -0.0304004 -3.75866 0.821672 0.0271002 0.569216 63.3887
0.562636 -0.0188722 -0.826415 -49.3562 -0.0118365 0.999442 -0.0308802 -3.79768 0.826542 0.0271621 0.562108 64.0301
0.556509 -0.0181574 -0.830569 -50.3083 -0.012225 0.999463 -0.0300397 -3.83027 0.83068 0.0268771 0.555995 64.6707
0.551386 -0.0174034 -0.83399 -51.274 -0.012479 0.999488 -0.0291054 -3.86003 0.834074 0.026462 0.550896 65.3011
0.544103 -0.0172404 -0.838767 -52.2502 -0.0128441 0.999489 -0.0288747 -3.8953 0.838848 0.0264902 0.543609 65.9219
0.539178 -0.017536 -0.841933 -53.2168 -0.0125781 0.999493 -0.028871 -3.93031 0.842017 0.0261627 0.538694 66.5481
0.532737 -0.0174879 -0.846022 -54.2057 -0.0125888 0.999501 -0.0285863 -3.96795 0.846112 0.0258857 0.532256 67.1568
0.527628 -0.0184573 -0.849197 -55.2007 -0.0113614 0.999509 -0.0287817 -4.00261 0.849317 0.0248404 0.52717 67.7567
0.523733 -0.019871 -0.851572 -56.1944 -0.00990369 0.999506 -0.0294127 -4.03694 0.851748 0.0238445 0.523284 68.3623
0.517157 -0.0228648 -0.855507 -57.2065 -0.0076158 0.999469 -0.0313144 -4.07505 0.855773 0.0227162 0.516719 68.9572
0.511325 -0.0260156 -0.858913 -58.2236 -0.00346827 0.999459 -0.0323361 -4.11682 0.859302 0.0195196 0.510965 69.5629
0.504618 -0.028549 -0.862791 -59.2471 0.00106924 0.999462 -0.032444 -4.16429 0.863257 0.0154556 0.504387 70.1673
0.493969 -0.0308805 -0.868849 -60.2812 0.0053619 0.999447 -0.0324724 -4.2126 0.869383 0.0113881 0.493867 70.7604
0.485147 -0.0308408 -0.87381 -61.3211 0.00742637 0.999477 -0.0311511 -4.25868 0.874317 0.00862989 0.485132 71.3401
0.473706 -0.0305436 -0.88007 -62.3882 0.00860298 0.999499 -0.0300565 -4.30227 0.880561 0.00667312 0.473737 71.9113
0.463043 -0.0302521 -0.885742 -63.4598 0.00850352 0.999513 -0.0296906 -4.3512 0.886211 0.00622235 0.463084 72.4738
0.453498 -0.031037 -0.890633 -64.5446 0.00860524 0.999487 -0.0304473 -4.39882 0.891135 0.00615019 0.453538 73.0232
0.440949 -0.0327977 -0.896855 -65.6402 0.0092392 0.999435 -0.0320045 -4.45445 0.897401 0.00583244 0.441012 73.5609
0.429799 -0.0340984 -0.902193 -66.7452 0.0101889 0.999391 -0.0329166 -4.50205 0.902782 0.00496173 0.429892 74.0924
0.419592 -0.0349299 -0.906964 -67.8493 0.0129888 0.999381 -0.032478 -4.5589 0.90754 0.00185348 0.419792 74.6074
0.405996 -0.035131 -0.913111 -68.9675 0.0144828 0.999367 -0.0320086 -4.61057 0.913673 -0.000222476 0.406256 75.1041
0.39408 -0.0354852 -0.918315 -70.0891 0.0149167 0.999362 -0.0322137 -4.65951 0.918877 -0.000997129 0.394364 75.586
0.383784 -0.0361155 -0.922629 -71.2231 0.0150967 0.99933 -0.0328367 -4.70868 0.923213 -0.00131984 0.38408 76.0505
0.370396 -0.0370117 -0.928057 -72.3727 0.0145991 0.999305 -0.0340242 -4.75572 0.928677 -0.000940023 0.370686 76.5041
0.360705 -0.0374132 -0.931842 -73.5291 0.0144101 0.999282 -0.0345414 -4.80418 0.932483 -0.000962048 0.360993 76.9416
0.348222 -0.0374592 -0.936588 -74.7055 0.0142724 0.999287 -0.0346585 -4.85876 0.937225 -0.00129218 0.348515 77.3721
0.338052 -0.0366428 -0.940327 -75.8915 0.0142726 0.999309 -0.0338086 -4.91574 0.940934 -0.00198522 0.338349 77.7875
0.330621 -0.0351157 -0.94303 -77.0806 0.0166483 0.999358 -0.031374 -4.97252 0.943534 -0.0053206 0.331 78.2066
0.321072 -0.0358714 -0.946288 -78.2857 0.0184709 0.99931 -0.0316129 -5.02833 0.946789 -0.00732222 0.321521 78.61
0.312351 -0.0381025 -0.949122 -79.4951 0.0202187 0.999222 -0.0334577 -5.08407 0.949668 -0.00873313 0.312886 79.0046
0.305697 -0.0403278 -0.951186 -80.703 0.0227557 0.999107 -0.0350447 -5.14363 0.95177 -0.0109253 0.30635 79.3917
0.29757 -0.0424902 -0.953673 -81.9162 0.0232196 0.999021 -0.0372634 -5.20511 0.954334 -0.0110491 0.298273 79.7668
0.292367 -0.0451602 -0.955151 -83.1295 0.0256166 0.998875 -0.039385 -5.27239 0.955877 -0.0129464 0.293202 80.1346
0.286411 -0.0459403 -0.956924 -84.3453 0.0277844 0.998813 -0.0396331 -5.33415 0.95762 -0.01523 0.287356 80.4917
0.281893 -0.0435645 -0.958369 -85.5598 0.0284819 0.998888 -0.0370273 -5.3855 0.958938 -0.016852 0.282828 80.8502
0.278503 -0.0417493 -0.959448 -86.7837 0.0317428 0.998896 -0.0342495 -5.43751 0.959828 -0.0209109 0.279527 81.2095
0.274364 -0.040893 -0.960669 -88.0092 0.0340266 0.998861 -0.0327995 -5.49473 0.960939 -0.023683 0.275451 81.561
0.271026 -0.0409895 -0.96162 -89.2331 0.0369634 0.998785 -0.0321538 -5.55128 0.96178 -0.0268242 0.272219 81.9027
0.269177 -0.0398765 -0.962178 -90.4552 0.0377857 0.99879 -0.0308215 -5.60544 0.962264 -0.0280539 0.270365 82.2403
0.265709 -0.0388292 -0.963192 -91.6744 0.0396235 0.99877 -0.0293307 -5.6521 0.963156 -0.0303658 0.266928 82.5681
0.264396 -0.0388308 -0.963546 -92.8888 0.042077 0.998683 -0.0286994 -5.7016 0.963414 -0.0329489 0.265689 82.8927
0.261056 -0.0389151 -0.96446 -94.0973 0.0441376 0.998608 -0.0283439 -5.75042 0.964231 -0.0351638 0.262418 83.213
0.258438 -0.0380105 -0.965195 -95.3113 0.0472751 0.998508 -0.0266625 -5.79689 0.964788 -0.038733 0.259857 83.5329
0.257229 -0.0366894 -0.965575 -96.5186 0.0492613 0.998462 -0.0248139 -5.84018 0.965012 -0.0411768 0.258648 83.8454
0.254697 -0.0362904 -0.966255 -97.7211 0.048992 0.998478 -0.0245852 -5.88694 0.965696 -0.041071 0.256095 84.1546
0.253542 -0.0372279 -0.966529 -98.9158 0.0501042 0.998407 -0.0253104 -5.92923 0.965944 -0.0420041 0.25501 84.4648
0.25356 -0.0383921 -0.966473 -100.104 0.0516273 0.998306 -0.0261104 -5.97224 0.965858 -0.0432698 0.25512 84.7761
0.25355 -0.0391368 -0.966452 -101.284 0.0506752 0.998331 -0.027131 -6.01487 0.965912 -0.0420903 0.255118 85.0808
0.256608 -0.0391389 -0.965637 -102.461 0.0483324 0.99843 -0.0276226 -6.05452 0.965221 -0.0395774 0.258105 85.3859
0.260216 -0.0389792 -0.964686 -103.629 0.0471931 0.998488 -0.0276132 -6.09984 0.964314 -0.0383353 0.26167 85.6916
0.265968 -0.0399702 -0.963068 -104.787 0.0461763 0.998501 -0.0286869 -6.13434 0.962791 -0.0368351 0.267423 86.0074
0.273676 -0.040047 -0.960908 -105.926 0.0463031 0.998507 -0.0284244 -6.17128 0.960622 -0.0367082 0.27513 86.3291
0.280521 -0.0384992 -0.95899 -107.053 0.044457 0.998623 -0.0270845 -6.21151 0.958732 -0.0350299 0.281855 86.6571
0.289119 -0.0384769 -0.95644 -108.165 0.0446851 0.998628 -0.0266646 -6.24731 0.956165 -0.0350235 0.290451 86.9898
0.300021 -0.0374243 -0.95311 -109.259 0.0425454 0.998738 -0.0258219 -6.28019 0.952894 -0.0327972 0.301245 87.337
0.309673 -0.0374342 -0.950025 -110.342 0.0413925 0.99879 -0.0258615 -6.30789 0.949856 -0.0313094 0.310857 87.6888
0.320793 -0.0373431 -0.946327 -111.415 0.0402945 0.998832 -0.0257545 -6.33705 0.946204 -0.0298636 0.321933 88.0536
0.330979 -0.0387746 -0.942758 -112.475 0.0390993 0.998843 -0.0273525 -6.36606 0.942741 -0.0278021 0.332121 88.4283
0.343387 -0.0393662 -0.938281 -113.532 0.0373911 0.998879 -0.0282231 -6.39626 0.93836 -0.0253854 0.344485 88.808
0.357641 -0.0378899 -0.933006 -114.578 0.0352064 0.998998 -0.0270724 -6.42831 0.933107 -0.0231595 0.358625 89.2048
0.370705 -0.0361875 -0.927955 -115.62 0.0340895 0.999073 -0.0253411 -6.46149 0.928034 -0.022233 0.371606 89.6097
0.385262 -0.0346297 -0.92207 -116.655 0.0341573 0.999132 -0.0232497 -6.49422 0.922083 -0.0225323 0.386119 90.0289
0.397903 -0.0334835 -0.916725 -117.681 0.0333544 0.999176 -0.0220162 -6.52618 0.916727 -0.02181 0.398705 90.4632
0.410472 -0.0341224 -0.911147 -118.69 0.0337413 0.99917 -0.0222159 -6.5616 0.911157 -0.0216183 0.411291 90.9105
0.423854 -0.035307 -0.904949 -119.688 0.0341736 0.999125 -0.0229741 -6.59368 0.904991 -0.0211813 0.424703 91.3718
0.435561 -0.0365456 -0.899326 -120.676 0.0360675 0.999067 -0.0231278 -6.6281 0.899341 -0.022357 0.436482 91.8362
0.447564 -0.0360364 -0.893432 -121.655 0.0361015 0.999075 -0.0222113 -6.66127 0.893428 -0.0223069 0.448465 92.3165
0.460265 -0.0352969 -0.886985 -122.629 0.0376491 0.99907 -0.0202182 -6.69181 0.886884 -0.0240827 0.461177 92.8067
0.471085 -0.031871 -0.881417 -123.591 0.0355253 0.999195 -0.0171416 -6.71951 0.881276 -0.0232311 0.471853 93.304
0.483626 -0.0298741 -0.874668 -124.541 0.0336818 0.999296 -0.0155046 -6.74543 0.874526 -0.0219562 0.484303 93.8146
0.494235 -0.0297044 -0.868726 -125.48 0.0320766 0.999331 -0.0159202 -6.77647 0.86864 -0.0199911 0.494872 94.3311
0.505645 -0.0295269 -0.862138 -126.399 0.0311776 0.999371 -0.0159384 -6.80531 0.862077 -0.0188144 0.506258 94.8535
0.517731 -0.0292684 -0.854946 -127.3 0.031261 0.999366 -0.0152807 -6.8265 0.854873 -0.0188088 0.518335 95.3826
0.527763 -0.0274719 -0.848845 -128.184 0.0313645 0.99941 -0.0128411 -6.85907 0.848707 -0.0198408 0.528324 95.9146
0.538398 -0.0263907 -0.84218 -129.05 0.0322493 0.999393 -0.0106995 -6.89154 0.841973 -0.0213927 0.53894 96.4602
0.549321 -0.0253993 -0.835122 -129.898 0.0323816 0.999419 -0.0090935 -6.91634 0.834877 -0.0220416 0.549835 97.0133
0.557525 -0.025067 -0.829682 -130.736 0.0309611 0.999447 -0.00938991 -6.93219 0.829481 -0.0204464 0.558011 97.5654
0.566781 -0.0236159 -0.823423 -131.565 0.0302315 0.999498 -0.0078536 -6.94704 0.823204 -0.0204364 0.567221 98.119
0.574634 -0.0215457 -0.818028 -132.376 0.0293368 0.999525 -0.00571693 -6.9545 0.817784 -0.0207067 0.575011 98.6805
0.583487 -0.0186964 -0.811796 -133.17 0.0278459 0.99959 -0.00300403 -6.9717 0.811531 -0.0208468 0.583781 99.2453
0.59294 -0.0176126 -0.804955 -133.946 0.0274184 0.999594 -0.00167355 -6.9865 0.804679 -0.0210718 0.5932 99.815
0.601137 -0.0160262 -0.798874 -134.71 0.0260305 0.999643 -0.000463567 -7.00177 0.798607 -0.0205109 0.601352 100.389
0.61066 -0.0146402 -0.791657 -135.454 0.0241482 0.999681 0.000141255 -7.01843 0.791421 -0.0191969 0.610837 100.962
0.62188 -0.0110785 -0.782918 -136.186 0.0225793 0.999718 0.00379139 -7.02466 0.782667 -0.02003 0.62197 101.539
0.632768 -0.00778211 -0.774199 -136.904 0.0208877 0.99973 0.00702418 -7.02852 0.773955 -0.0206095 0.632777 102.12
0.64519 -0.00576723 -0.763883 -137.602 0.0187581 0.99977 0.00829807 -7.03105 0.763672 -0.0196773 0.645164 102.711
0.656717 -0.00538988 -0.754011 -138.287 0.0176096 0.999785 0.00819207 -7.0337 0.753823 -0.0186513 0.656689 103.303
0.668487 -0.00522529 -0.743588 -138.956 0.0167191 0.999807 0.00800759 -7.03196 0.743415 -0.0177794 0.668462 103.901
0.680947 -0.00472831 -0.732211 -139.61 0.0161171 0.999807 0.00853376 -7.0307 0.732047 -0.0176057 0.68091 104.511
0.692759 -0.00319638 -0.721041 -140.25 0.0154021 0.999806 0.0103688 -7.02192 0.720879 -0.0182829 0.692692 105.123
0.705469 -0.00157519 -0.708629 -140.881 0.0149587 0.999781 0.0126711 -7.01533 0.708471 -0.0195328 0.705357 105.746
0.716816 -0.000140017 -0.697137 -141.504 0.0146555 0.999762 0.0148713 -7.0077 0.696978 -0.0208713 0.716664 106.374
0.727682 0.00171336 -0.685799 -142.109 0.014319 0.999712 0.0176927 -7.00206 0.685649 -0.0226881 0.727469 107.01
0.738024 0.00262419 -0.674641 -142.706 0.0143125 0.999687 0.0195488 -6.99391 0.67449 -0.0240778 0.737772 107.654
0.7466 0.00297142 -0.665152 -143.292 0.0146619 0.999645 0.0209247 -6.98557 0.664994 -0.0253683 0.746313 108.302
0.754928 0.00366374 -0.655666 -143.867 0.014207 0.999639 0.0219467 -6.97394 0.655518 -0.0258778 0.754619 108.954
0.763807 0.00396294 -0.645315 -144.432 0.0135218 0.999634 0.0221453 -6.95928 0.645183 -0.0256341 0.763497 109.616
0.771604 0.00523038 -0.635947 -144.99 0.0122331 0.999639 0.0230672 -6.94542 0.635848 -0.0255729 0.771278 110.286
0.779915 0.00565221 -0.625741 -145.541 0.0116622 0.999625 0.023567 -6.93035 0.625655 -0.0256713 0.779579 110.962
0.786952 0.00607453 -0.616849 -146.086 0.0113136 0.999621 0.0242806 -6.91645 0.616772 -0.0260809 0.786601 111.644
0.793455 0.00557846 -0.608483 -146.621 0.0114198 0.999615 0.0240576 -6.90428 0.608399 -0.0260308 0.79311 112.334
0.799474 0.00524032 -0.600538 -147.154 0.0114063 0.999629 0.0239109 -6.89123 0.600449 -0.0259605 0.799135 113.034
0.803658 0.00540015 -0.594944 -147.685 0.0114332 0.999604 0.0245193 -6.87771 0.594856 -0.0265007 0.803302 113.735
0.80768 0.0078297 -0.589428 -148.215 0.0105317 0.99954 0.027712 -6.85905 0.589383 -0.0285846 0.807243 114.442
0.812045 0.0114055 -0.58336 -148.742 0.00866484 0.999435 0.0316042 -6.83741 0.583404 -0.0307122 0.81151 115.159
0.815902 0.0137958 -0.577884 -149.268 0.00752516 0.999354 0.0344855 -6.81461 0.577997 -0.03248 0.815289 115.883
0.820475 0.0160197 -0.571334 -149.79 0.00590539 0.999289 0.0365022 -6.78911 0.571525 -0.0333166 0.819819 116.614
0.824203 0.0176538 -0.565877 -150.313 0.00502989 0.999222 0.0385024 -6.75791 0.566127 -0.0345745 0.823492 117.352
0.828217 0.0190816 -0.55996 -150.834 0.00458541 0.999128 0.0408319 -6.72675 0.560263 -0.0363787 0.82743 118.101
0.832746 0.0199502 -0.553154 -151.352 0.00439741 0.999056 0.0426559 -6.69359 0.553493 -0.0379485 0.831891 118.862
0.836878 0.0203254 -0.54689 -151.869 0.00427997 0.999009 0.043681 -6.65892 0.547248 -0.0388896 0.835984 119.632
0.841627 0.0195413 -0.539562 -152.382 0.0048096 0.99901 0.043687 -6.62177 0.539892 -0.0393577 0.840719 120.415
0.846885 0.0193357 -0.531301 -152.893 0.00485131 0.998988 0.0440923 -6.58429 0.531628 -0.0399118 0.845958 121.21
0.851871 0.0184324 -0.523284 -153.401 0.00512431 0.999015 0.0435358 -6.54256 0.52358 -0.0397627 0.850956 122.016
0.857883 0.0180746 -0.513401 -153.905 0.00439935 0.999057 0.0425271 -6.50012 0.513697 -0.038735 0.857019 122.835
0.864509 0.0193163 -0.5021 -154.403 0.00194745 0.999098 0.041794 -6.4602 0.502465 -0.037103 0.863714 123.669
0.872742 0.0228439 -0.487518 -154.894 -0.00211941 0.999045 0.0430223 -6.41741 0.488046 -0.0365071 0.87198 124.521
0.88224 0.0259048 -0.469932 -155.375 -0.00514034 0.998929 0.0454199 -6.3754 0.470614 -0.0376495 0.881451 125.394
0.891196 0.0287413 -0.452569 -155.848 -0.00858678 0.998851 0.0465292 -6.32955 0.453396 -0.0375734 0.890444 126.284
0.900839 0.0303409 -0.432923 -156.306 -0.0109293 0.998796 0.0472626 -6.283 0.433845 -0.0378383 0.900111 127.2
0.909734 0.0314395 -0.413855 -156.748 -0.0124011 0.998712 0.0486148 -6.23433 0.414859 -0.039087 0.908977 128.135
0.91847 0.0328824 -0.393939 -157.177 -0.013906 0.998579 0.050936 -6.18527 0.395061 -0.0412991 0.917647 129.09
0.92724 0.0347075 -0.372699 -157.593 -0.0157833 0.998404 0.0537145 -6.12798 0.373976 -0.0439165 0.926333 130.069
0.935113 0.0371604 -0.352202 -157.993 -0.0180285 0.998159 0.0574549 -6.06722 0.353695 -0.0473712 0.934086 131.068
0.942923 0.038858 -0.330559 -158.374 -0.020171 0.997979 0.0597836 -6.00344 0.332221 -0.0496965 0.941828 132.087
0.949758 0.0402826 -0.310168 -158.736 -0.0227547 0.997916 0.0599344 -5.93937 0.311941 -0.0498592 0.948721 133.121
0.956241 0.0401796 -0.289616 -159.077 -0.0243173 0.997981 0.0581731 -5.87777 0.291374 -0.0485774 0.955315 134.173
0.962201 0.0404309 -0.269073 -159.397 -0.0258677 0.997985 0.0574647 -5.81666 0.270858 -0.0483261 0.961335 135.245
0.967154 0.0403229 -0.250759 -159.697 -0.0263001 0.997881 0.0590366 -5.75737 0.252612 -0.050495 0.966192 136.332
0.971874 0.0408416 -0.231656 -159.976 -0.0275357 0.997767 0.0603992 -5.6944 0.233609 -0.0523152 0.970855 137.437
0.976489 0.0416225 -0.211277 -160.233 -0.0292959 0.997669 0.0611586 -5.62744 0.213333 -0.0535232 0.975459 138.557
0.980209 0.0428866 -0.192944 -160.471 -0.0315125 0.997572 0.0616579 -5.56113 0.195121 -0.0543509 0.979208 139.689
0.984039 0.0435663 -0.172254 -160.688 -0.0332991 0.997487 0.0620728 -5.49094 0.174527 -0.0553383 0.983044 140.837
0.987012 0.0451291 -0.153784 -160.889 -0.0360895 0.997451 0.0611003 -5.42284 0.15615 -0.0547499 0.986153 141.995
0.989767 0.0460081 -0.134711 -161.067 -0.0382137 0.997443 0.059913 -5.35186 0.137124 -0.0541442 0.989021 143.166
0.992224 0.046085 -0.115108 -161.225 -0.0395332 0.99747 0.0586039 -5.28456 0.117517 -0.0535905 0.991564 144.353
0.993984 0.0473836 -0.0982665 -161.363 -0.0419976 0.997506 0.0562128 -5.22129 0.100685 -0.0517395 0.993522 145.548
0.995556 0.0474642 -0.0806156 -161.476 -0.0430952 0.997519 0.0551498 -5.15804 0.0830321 -0.0514233 0.99516 146.751
0.996953 0.0470967 -0.061418 -161.569 -0.0438208 0.997566 0.0536999 -5.09426 0.0637964 -0.0508367 0.996617 147.961
0.997829 0.0476138 -0.0442057 -161.638 -0.0454938 0.997787 0.047881 -5.03469 0.0463856 -0.0457583 0.997817 149.17
0.99849 0.0483225 -0.0242885 -161.679 -0.0472784 0.997967 0.042028 -4.97571 0.0262677 -0.0408078 0.998771 150.402
0.998685 0.0495625 -0.00729958 -161.698 -0.0492674 0.998083 0.0366974 -4.92601 0.00910138 -0.0362816 0.999242 151.654
0.998595 0.0506452 0.0121366 -161.691 -0.0510251 0.998125 0.0329473 -4.8851 -0.0104487 -0.0335119 0.999332 152.925
0.997967 0.0530628 0.0334566 -161.652 -0.0540498 0.998084 0.0291842 -4.85254 -0.0318479 -0.0309254 0.99895 154.219
0.997337 0.051905 0.0502855 -161.598 -0.053454 0.998095 0.0298761 -4.82089 -0.0486435 -0.032476 0.998236 155.516
0.996311 0.0504816 0.0684474 -161.518 -0.0526149 0.998146 0.0296644 -4.78915 -0.0668278 -0.0331487 0.997148 156.822
0.994872 0.0496306 0.0875905 -161.411 -0.0520879 0.998277 0.0259435 -4.76356 -0.0861575 -0.0303645 0.995767 158.141
0.993272 0.0503679 0.103634 -161.286 -0.0527942 0.998361 0.020761 -4.74432 -0.102424 -0.0260848 0.994332 159.458
0.991166 0.0516143 0.121798 -161.136 -0.0544678 0.998283 0.0201771 -4.72337 -0.120554 -0.0266242 0.9923 160.787
0.988823 0.0532734 0.138775 -160.967 -0.0567308 0.998139 0.0210433 -4.70457 -0.137402 -0.0286731 0.990033 162.12
0.985959 0.0562831 0.156924 -160.777 -0.0596957 0.998043 0.0170859 -4.6877 -0.155663 -0.0262053 0.987411 163.459
0.982861 0.0567234 0.175035 -160.56 -0.0600545 0.998072 0.0137622 -4.67621 -0.173924 -0.02403 0.984398 164.802
0.979751 0.0574641 0.191556 -160.321 -0.0606697 0.998071 0.0108815 -4.66918 -0.19057 -0.0222744 0.981369 166.145
0.976205 0.0572226 0.208855 -160.054 -0.0598076 0.998163 0.00605515 -4.66815 -0.208134 -0.0183938 0.977861 167.489
0.971673 0.0598348 0.228419 -159.76 -0.0615268 0.998079 0.000266598 -4.67606 -0.227974 -0.0143045 0.973509 168.834
0.966368 0.0623784 0.249231 -159.438 -0.0635325 0.997945 -0.00343827 -4.68768 -0.248943 -0.012503 0.968372 170.178
0.95957 0.0649424 0.273702 -159.079 -0.0659247 0.997783 -0.00563445 -4.70193 -0.273471 -0.0126286 0.961744 171.52
0.951729 0.0696158 0.298733 -158.684 -0.0703023 0.997463 -0.00847813 -4.72091 -0.298576 -0.0129241 0.954232 172.857
0.942942 0.0737814 0.324535 -158.252 -0.073606 0.997179 -0.0128506 -4.74569 -0.324578 -0.0117618 0.945733 174.189
0.933313 0.0767919 0.35058 -157.782 -0.075838 0.996957 -0.0164866 -4.77554 -0.350791 -0.0111914 0.93632 175.515
0.923753 0.0778218 0.374878 -157.275 -0.0763058 0.996879 -0.0189258 -4.80964 -0.375193 -0.011114 0.926828 176.833
0.913136 0.0789123 0.399795 -156.729 -0.0766548 0.996795 -0.0216752 -4.84879 -0.400237 -0.0108449 0.916281 178.143
0.902363 0.0797954 0.423423 -156.148 -0.0757231 0.99675 -0.0264762 -4.89487 -0.424174 -0.00816321 0.905494 179.443
0.890943 0.08139 0.446629 -155.53 -0.0751353 0.996641 -0.031744 -4.94797 -0.447726 -0.00526644 0.894087 180.733
0.879206 0.0822507 0.4692 -154.877 -0.0744728 0.996575 -0.0351594 -5.00618 -0.4705 -0.00402159 0.882341 182.014
0.868096 0.0828446 0.489317 -154.19 -0.073769 0.996529 -0.0378516 -5.0693 -0.490769 -0.00322849 0.871216 183.284
0.856713 0.0829911 0.50899 -153.469 -0.0729683 0.996516 -0.0396743 -5.13337 -0.510526 -0.003142 0.859804 184.543
0.845285 0.0832745 0.527679 -152.718 -0.0722332 0.996494 -0.0415553 -5.19943 -0.529305 -0.00298066 0.848358 185.788
0.834645 0.0834549 0.544353 -151.939 -0.070788 0.996481 -0.0442421 -5.26899 -0.546147 -0.00159865 0.837636 187.023
0.8232 0.0839895 0.561403 -151.129 -0.0694223 0.996438 -0.0472833 -5.34347 -0.563392 -4.10356e-05 0.82612 188.247
0.812351 0.0856388 0.576776 -150.292 -0.068505 0.996292 -0.0514525 -5.42486 -0.579064 0.00229393 0.815227 189.459
0.801146 0.0862737 0.592123 -149.425 -0.0674055 0.996236 -0.0539596 -5.50822 -0.594568 0.00332655 0.803967 190.658
0.788708 0.0874899 0.608444 -148.531 -0.0676462 0.996129 -0.055558 -5.5965 -0.610971 0.00266861 0.791595 191.844
0.776482 0.088665 0.623782 -147.612 -0.0683882 0.99603 -0.0564533 -5.68635 -0.62633 0.00118502 0.779485 193.017
0.76282 0.0910748 0.640103 -146.667 -0.0719878 0.995807 -0.0559049 -5.77625 -0.642531 -0.00342583 0.766199 194.175
0.747983 0.0930926 0.657073 -145.693 -0.0752346 0.995596 -0.0554149 -5.8677 -0.659358 -0.00797632 0.751711 195.316
0.733894 0.0966115 0.672302 -144.698 -0.0794819 0.995218 -0.0562606 -5.96227 -0.674544 -0.0121383 0.738082 196.439
0.718213 0.0994937 0.688592 -143.68 -0.0811093 0.994919 -0.0591606 -6.0635 -0.691 -0.0133526 0.722652 197.54
0.703371 0.102774 0.703298 -142.641 -0.083632 0.994556 -0.0617032 -6.1692 -0.705832 -0.0154098 0.708154 198.617
0.686955 0.103566 0.719204 -141.58 -0.0848836 0.994423 -0.0621248 -6.27736 -0.721649 -0.0183632 0.691932 199.666
0.668436 0.103444 0.736486 -140.499 -0.0858578 0.994364 -0.0617472 -6.38679 -0.738744 -0.021951 0.673566 200.685
0.650461 0.102411 0.752528 -139.396 -0.0865977 0.994378 -0.0604752 -6.49617 -0.754513 -0.0258223 0.655689 201.673
0.631239 0.101607 0.768852 -138.273 -0.087763 0.994343 -0.0593594 -6.60609 -0.770555 -0.0299989 0.636601 202.634
0.61128 0.100017 0.784997 -137.132 -0.0865559 0.994451 -0.0593067 -6.71573 -0.786596 -0.031685 0.616561 203.566
0.592063 0.0993755 0.79969 -135.981 -0.0863819 0.994447 -0.0596301 -6.82606 -0.801198 -0.0337661 0.597375 204.471
0.572583 0.0981081 0.813883 -134.818 -0.0847768 0.994547 -0.0602469 -6.93701 -0.81538 -0.0344943 0.577792 205.342
0.55204 0.0971658 0.828084 -133.648 -0.0826707 0.994641 -0.0616033 -7.04639 -0.829656 -0.0344432 0.557129 206.176
0.532491 0.0958339 0.840927 -132.47 -0.0800545 0.994789 -0.0626801 -7.16257 -0.842576 -0.0339354 0.537401 206.97
0.511812 0.0937301 0.853915 -131.285 -0.07792 0.994968 -0.0625152 -7.27874 -0.855503 -0.0345337 0.516553 207.726
0.49205 0.0935413 0.865465 -130.097 -0.0771295 0.994955 -0.06369 -7.38804 -0.867082 -0.035406 0.496795 208.447
0.472197 0.0970137 0.876082 -128.909 -0.0779673 0.994596 -0.0681187 -7.50521 -0.877983 -0.0361332 0.477221 209.136
0.452256 0.103909 0.885756 -127.726 -0.0779165 0.993969 -0.0768236 -7.62305 -0.888422 -0.0342628 0.457634 209.789
0.433629 0.111021 0.894173 -126.546 -0.0800688 0.993173 -0.0844881 -7.74525 -0.897474 -0.0349515 0.439568 210.405
0.414597 0.114457 0.902722 -125.361 -0.0823006 0.99268 -0.0880685 -7.87457 -0.906222 -0.0377735 0.42099 210.979
0.394737 0.115891 0.911401 -124.191 -0.0846199 0.992353 -0.0895395 -8.00297 -0.914835 -0.0417713 0.401534 211.517
0.376524 0.117248 0.918901 -123.018 -0.0873463 0.992003 -0.0907888 -8.13498 -0.922225 -0.0460705 0.383762 212.029
0.356912 0.118241 0.926571 -121.851 -0.0893511 0.991699 -0.0921388 -8.263 -0.9298 -0.049898 0.364522 212.502
0.340065 0.118594 0.932839 -120.693 -0.0898242 0.991549 -0.0933167 -8.38895 -0.936049 -0.0520501 0.34785 212.948
0.322264 0.118359 0.939167 -119.548 -0.0897993 0.991471 -0.0941408 -8.52066 -0.942325 -0.0539919 0.330152 213.372
0.303073 0.118553 0.945513 -118.4 -0.0892417 0.991372 -0.0957024 -8.66224 -0.94873 -0.0553663 0.311044 213.777
0.286358 0.12184 0.950291 -117.256 -0.0925676 0.990727 -0.0991348 -8.80024 -0.953585 -0.0595718 0.294988 214.147
0.268236 0.123081 0.955411 -116.113 -0.0933387 0.990429 -0.101392 -8.9418 -0.958776 -0.0619716 0.277161 214.496
0.250791 0.120143 0.960506 -114.969 -0.0923157 0.990681 -0.0998186 -9.08391 -0.963576 -0.0636298 0.259552 214.819
0.237371 0.116249 0.964393 -113.832 -0.0909313 0.991083 -0.097091 -9.21169 -0.967111 -0.0646385 0.245829 215.128
0.222523 0.113248 0.968274 -112.683 -0.0903867 0.991315 -0.0951754 -9.33001 -0.970673 -0.0663343 0.230833 215.413
0.211301 0.111025 0.971052 -111.545 -0.0895158 0.991521 -0.0938933 -9.44648 -0.973273 -0.0670761 0.219451 215.693
0.200908 0.111577 0.973181 -110.405 -0.0899 0.991364 -0.0951076 -9.56352 -0.975419 -0.0683751 0.209209 215.948
0.191398 0.114369 0.974785 -109.286 -0.0909538 0.990951 -0.0984142 -9.68836 -0.977252 -0.0698151 0.200071 216.186
0.186081 0.116906 0.975502 -108.182 -0.0925672 0.99053 -0.101054 -9.82097 -0.97811 -0.0714892 0.195145 216.438
0.180391 0.120993 0.976084 -107.094 -0.092869 0.990034 -0.105566 -9.95461 -0.979165 -0.0715956 0.189832 216.672
0.174148 0.128381 0.976262 -106.023 -0.0941035 0.989062 -0.113282 -10.0986 -0.980158 -0.072136 0.184329 216.888
0.170624 0.1319 0.976427 -104.975 -0.0972356 0.988384 -0.116531 -10.2508 -0.980492 -0.0750514 0.181469 217.094
0.165664 0.126432 0.977992 -103.924 -0.0967174 0.989015 -0.111478 -10.3929 -0.981374 -0.0761153 0.176076 217.299
0.164104 0.117662 0.97936 -102.876 -0.0958849 0.990031 -0.102885 -10.5223 -0.981736 -0.0770132 0.173751 217.505
0.16258 0.114926 0.979927 -101.827 -0.0957311 0.990312 -0.100266 -10.6473 -0.981985 -0.0775028 0.172011 217.709
0.161556 0.116495 0.979922 -100.784 -0.0966276 0.990074 -0.101778 -10.7702 -0.982085 -0.078236 0.171211 217.911
0.162823 0.119787 0.979304 -99.7607 -0.0979694 0.989626 -0.104765 -10.8961 -0.981724 -0.0788783 0.172873 218.121
0.164121 0.121728 0.978859 -98.7451 -0.0986989 0.989373 -0.106494 -11.026 -0.981455 -0.0791257 0.174392 218.334
0.165252 0.122105 0.978612 -97.7321 -0.0995088 0.989272 -0.106637 -11.1513 -0.981163 -0.0797531 0.175634 218.547
0.168612 0.122866 0.977953 -96.7212 -0.101175 0.989086 -0.106828 -11.2729 -0.980442 -0.0809235 0.179204 218.762
0.171216 0.123892 0.977362 -95.7178 -0.101898 0.988933 -0.107514 -11.3894 -0.979895 -0.0811777 0.18195 218.983
0.175996 0.124784 0.976411 -94.7221 -0.104573 0.988658 -0.107508 -11.5034 -0.978788 -0.083176 0.187051 219.201
0.182003 0.123737 0.975432 -93.7241 -0.104211 0.988854 -0.106001 -11.6171 -0.977707 -0.0823519 0.192874 219.417
0.187615 0.122139 0.974581 -92.732 -0.103592 0.989134 -0.104029 -11.7352 -0.976732 -0.0814321 0.198231 219.639
0.194813 0.121405 0.973249 -91.729 -0.103274 0.989297 -0.10274 -11.8543 -0.975336 -0.08049 0.205272 219.858
0.20184 0.121494 0.971818 -90.7298 -0.102372 0.989423 -0.102442 -11.9619 -0.974022 -0.0788006 0.212146 220.072
0.208106 0.121419 0.970493 -89.754 -0.101129 0.989578 -0.102128 -12.0506 -0.972811 -0.0768851 0.218223 220.272
0.215227 0.120744 0.969033 -88.8019 -0.101371 0.989694 -0.100813 -12.1429 -0.971256 -0.0765246 0.225253 220.496
0.220546 0.119453 0.967987 -87.8699 -0.101418 0.989862 -0.0990525 -12.2429 -0.970038 -0.0763192 0.230432 220.725
0.227677 0.118365 0.966478 -86.9512 -0.100728 0.990087 -0.0975368 -12.3375 -0.968481 -0.0751347 0.237347 220.961
0.234151 0.118865 0.964861 -86.019 -0.102872 0.989915 -0.0969943 -12.4347 -0.966692 -0.0765393 0.244025 221.216
0.239914 0.119879 0.963326 -85.0862 -0.103264 0.989833 -0.0974697 -12.5399 -0.965254 -0.0760824 0.249859 221.471
0.247104 0.120708 0.961397 -84.148 -0.104436 0.989708 -0.0974283 -12.6425 -0.963296 -0.0763224 0.257176 221.731
0.253182 0.121481 0.959725 -83.2056 -0.105503 0.989598 -0.0974395 -12.7539 -0.961617 -0.0765737 0.263371 222.006
0.258604 0.121833 0.958227 -82.2642 -0.107666 0.989427 -0.0967521 -12.8593 -0.959917 -0.0781404 0.268997 222.282
0.2656 0.121414 0.956372 -81.3195 -0.109295 0.989397 -0.0952646 -12.9649 -0.957837 -0.0792139 0.276061 222.576
0.271467 0.119665 0.954937 -80.372 -0.110907 0.989477 -0.0924744 -13.0624 -0.955989 -0.0807984 0.281893 222.883
0.27693 0.117807 0.953605 -79.4279 -0.110609 0.989728 -0.0901593 -13.1676 -0.954472 -0.0804993 0.287123 223.191
0.28386 0.116934 0.951667 -78.4962 -0.110896 0.989836 -0.0885559 -13.2791 -0.952385 -0.0803908 0.293954 223.493
0.289662 0.117097 0.949903 -77.5776 -0.111746 0.989798 -0.0879505 -13.3831 -0.950553 -0.0806621 0.2998 223.795
0.297366 0.116546 0.947582 -76.6885 -0.111106 0.989959 -0.0869012 -13.4822 -0.948231 -0.0794326 0.307342 224.088
0.305628 0.116643 0.944944 -75.8007 -0.110986 0.990027 -0.0863233 -13.5817 -0.945632 -0.0784822 0.315534 224.377
0.31365 0.117807 0.942159 -74.9274 -0.110512 0.990013 -0.0870107 -13.6626 -0.943037 -0.0768212 0.323551 224.686
0.323473 0.117921 0.938825 -74.04 -0.110865 0.990054 -0.0861686 -13.7469 -0.939691 -0.0761991 0.333337 225.008
0.329868 0.11703 0.9367 -73.1624 -0.112373 0.990052 -0.0841326 -13.8275 -0.937265 -0.0774998 0.339753 225.333
0.335746 0.116181 0.934724 -72.2767 -0.11435 0.990009 -0.0819913 -13.9085 -0.934956 -0.0793473 0.345688 225.672
