1 0 0 0 0 1 0 0 0 0 1 0
0.999902 -0.00194403 0.0138835 0.00956704 0.00193065 0.999998 0.000977298 -0.00627413 -0.0138853 -0.000950398 0.999903 0.446851
0.999737 -0.00409454 0.0225858 0.0217081 0.0040692 0.999991 0.00116783 -0.0115469 -0.0225904 -0.00107561 0.999744 0.873153
0.999638 -0.00583034 0.0262819 0.0359965 0.00582211 0.999983 0.000389749 -0.0154729 -0.0262837 -0.000236592 0.999654 1.28151
0.999647 -0.00720266 0.025584 0.0485443 0.00721753 0.999974 -0.000488827 -0.0199425 -0.0255798 0.000673307 0.999673 1.67603
0.999771 -0.0093662 0.0192558 0.058536 0.00939967 0.999955 -0.00164852 -0.022897 -0.0192395 0.00182914 0.999813 2.05917
0.999921 -0.0100039 0.00766742 0.0629744 0.0100257 0.999946 -0.00281058 -0.0252763 -0.00763889 0.00288723 0.999967 2.43375
0.999924 -0.00913282 -0.00834922 0.060372 0.00910378 0.999952 -0.00351095 -0.0269634 0.00838088 0.00343467 0.999959 2.80352
0.999572 -0.00612407 -0.028614 0.0497091 0.00604031 0.999977 -0.00301276 -0.0286263 0.0286318 0.00283863 0.999586 3.17347
0.99881 -0.00325936 -0.0486617 0.0317335 0.00303036 0.999984 -0.00477917 -0.0310839 0.0486765 0.00462602 0.998804 3.53896
0.997572 -0.00348409 -0.0695504 0.00574157 0.00313781 0.999982 -0.00508757 -0.0333877 0.0695669 0.00485698 0.997565 3.90426
0.995709 -0.00365731 -0.0924689 -0.0309751 0.00327613 0.999986 -0.00427369 -0.0361179 0.0924832 0.00395241 0.995706 4.27217
0.993508 -0.00494125 -0.113657 -0.0742923 0.00445695 0.99998 -0.00451485 -0.0415198 0.113677 0.00397897 0.99351 4.63907
0.991138 -0.00422732 -0.132767 -0.125492 0.00364421 0.999983 -0.0046346 -0.0456701 0.132785 0.0041097 0.991136 5.00673
0.988518 -0.00332225 -0.151066 -0.18458 0.00270602 0.999987 -0.00428465 -0.0501476 0.151078 0.00382667 0.988514 5.38062
0.986067 -0.00323522 -0.166319 -0.249883 0.00248015 0.999986 -0.00474737 -0.0549996 0.166332 0.00426872 0.986061 5.7597
0.983485 -0.00469357 -0.180929 -0.323374 0.00379615 0.999979 -0.00530603 -0.0615742 0.18095 0.00453157 0.983482 6.14735
0.981227 -0.00652515 -0.192744 -0.403797 0.00525121 0.999961 -0.00711964 -0.0674035 0.192783 0.00597384 0.981223 6.5433
0.979288 -0.00606551 -0.20238 -0.489583 0.0042742 0.999948 -0.00928709 -0.0752791 0.202426 0.00822973 0.979263 6.94416
0.97715 -0.00662254 -0.21245 -0.579462 0.00438867 0.99993 -0.0109847 -0.0823657 0.212507 0.00980131 0.97711 7.35467
0.975044 -0.0074618 -0.221887 -0.674937 0.00459426 0.999899 -0.0134368 -0.0889317 0.221965 0.0120821 0.97498 7.77151
0.972528 -0.0118575 -0.232486 -0.775107 0.00849354 0.999844 -0.0154652 -0.0975087 0.232633 0.0130657 0.972477 8.20443
0.970116 -0.0165062 -0.242081 -0.884282 0.0129999 0.999786 -0.0160742 -0.108675 0.242294 0.0124468 0.970123 8.6446
0.967553 -0.0174902 -0.252063 -0.999573 0.0134244 0.999751 -0.0178412 -0.11765 0.252312 0.0138785 0.967546 9.09717
0.964609 -0.0151111 -0.263253 -1.12851 0.00970921 0.999715 -0.0218087 -0.129432 0.263507 0.0184809 0.96448 9.56105
0.961779 -0.0131049 -0.273512 -1.26559 0.00656684 0.999671 -0.0248059 -0.139726 0.273747 0.0220616 0.961549 10.0333
0.9585 -0.0153922 -0.284676 -1.41238 0.00803205 0.999603 -0.0270039 -0.153784 0.284979 0.0235967 0.958243 10.522
0.95558 -0.0163862 -0.294277 -1.56505 0.00845799 0.999567 -0.028194 -0.170019 0.294612 0.0244526 0.955304 11.0231
0.952589 -0.0168142 -0.303794 -1.73232 0.00781864 0.999495 -0.0308031 -0.190019 0.304159 0.0269674 0.952239 11.5375
0.949301 -0.0169585 -0.31391 -1.90408 0.00648239 0.999388 -0.0343868 -0.209937 0.314301 0.0306086 0.94883 12.0699
0.946295 -0.0184463 -0.322779 -2.08885 0.00619416 0.999222 -0.0389446 -0.234098 0.323246 0.0348537 0.945673 12.6109
0.943496 -0.0192175 -0.330825 -2.28093 0.0045008 0.998968 -0.0451935 -0.256907 0.331353 0.0411509 0.942609 13.1696
0.941517 -0.0200856 -0.336366 -2.48449 0.00274149 0.998646 -0.051959 -0.282491 0.336954 0.0479981 0.940297 13.7409
0.939582 -0.0213312 -0.34166 -2.695 0.000690109 0.998173 -0.0604223 -0.311217 0.342324 0.0565359 0.937879 14.3288
0.937168 -0.0217401 -0.348201 -2.91075 -0.002324 0.997645 -0.0685434 -0.340721 0.348872 0.0650459 0.93491 14.9271
0.935001 -0.0202289 -0.354068 -3.13266 -0.00676003 0.997174 -0.0748227 -0.371963 0.354581 0.0723528 0.932222 15.537
0.932171 -0.0187697 -0.36153 -3.36744 -0.0113871 0.996641 -0.0811034 -0.409436 0.361838 0.079719 0.928826 16.1547
0.929536 -0.0170648 -0.368336 -3.61576 -0.0160333 0.996113 -0.086611 -0.452423 0.368382 0.0864136 0.925649 16.7826
0.92669 -0.0144591 -0.375549 -3.87213 -0.0213383 0.995624 -0.0909864 -0.495924 0.375221 0.0923297 0.922325 17.4139
0.92369 -0.0117907 -0.38296 -4.14494 -0.0262963 0.995219 -0.0940672 -0.548807 0.382238 0.0969593 0.918963 18.0593
0.920801 -0.0109039 -0.389879 -4.42651 -0.0286868 0.995008 -0.0955792 -0.60768 0.388975 0.0991938 0.915892 18.7071
0.917178 -0.0095112 -0.398365 -4.71034 -0.0309248 0.995001 -0.0949561 -0.670421 0.397277 0.0994109 0.912298 19.3744
0.913276 -0.00897554 -0.407242 -5.00296 -0.031982 0.995091 -0.0936541 -0.732923 0.406083 0.0985565 0.908506 20.0469
0.909514 -0.00820398 -0.415592 -5.3066 -0.0331749 0.995183 -0.0922479 -0.796162 0.414347 0.097688 0.904861 20.7241
0.905572 -0.00693047 -0.424135 -5.62827 -0.0343229 0.995391 -0.089548 -0.853698 0.4228 0.0956497 0.901161 21.3986
0.899428 -0.00391373 -0.437052 -5.98425 -0.036544 0.995785 -0.0841226 -0.912107 0.435539 0.0916338 0.895493 22.1132
0.895678 0.00189588 -0.444699 -6.3598 -0.0416574 0.995952 -0.0796571 -0.958123 0.442747 0.0898721 0.892131 22.8251
0.891088 0.00657848 -0.453782 -6.74593 -0.0461027 0.996034 -0.0760921 -0.997929 0.451482 0.0887254 0.887858 23.5425
0.886801 0.00993616 -0.462045 -7.15244 -0.049949 0.995973 -0.0744488 -1.02927 0.459444 0.0891 0.883726 24.2638
0.88148 0.012493 -0.472056 -7.56968 -0.0533236 0.99589 -0.0732161 -1.06658 0.469201 0.0897102 0.878523 25.004
0.877186 0.0138856 -0.47995 -7.99196 -0.0551642 0.995877 -0.0720094 -1.10479 0.476971 0.0896417 0.874335 25.7468
0.871743 0.0156489 -0.489714 -8.43495 -0.0571069 0.995923 -0.0698315 -1.14153 0.486624 0.0888412 0.869082 26.4939
0.86698 0.0178938 -0.498022 -8.88449 -0.059177 0.995981 -0.0672327 -1.17643 0.494817 0.0877609 0.864554 27.2597
0.862317 0.0201252 -0.505969 -9.33952 -0.0601904 0.9962 -0.0629574 -1.20665 0.502779 0.0847437 0.860251 28.0182
0.857011 0.0242173 -0.514728 -9.81156 -0.0628454 0.996351 -0.0577592 -1.2396 0.51145 0.0818486 0.855406 28.7903
0.852013 0.0261982 -0.522865 -10.2863 -0.0635886 0.996531 -0.0536869 -1.27138 0.519645 0.0789902 0.850723 29.5563
0.847105 0.0272823 -0.530724 -10.7804 -0.0640614 0.996641 -0.0510173 -1.30544 0.527549 0.077216 0.846008 30.3344
0.84222 0.0288579 -0.538361 -11.2845 -0.0652649 0.99668 -0.0486762 -1.3413 0.535169 0.0761322 0.841307 31.1157
0.838296 0.0295655 -0.544413 -11.7935 -0.065631 0.99674 -0.0469296 -1.37136 0.541251 0.0750713 0.837503 31.8892
0.833801 0.0303475 -0.55123 -12.3242 -0.0661307 0.996789 -0.0451532 -1.39891 0.54809 0.074102 0.83313 32.6828
0.83004 0.0305696 -0.556866 -12.8621 -0.0665607 0.99679 -0.0444929 -1.42692 0.553718 0.0739963 0.82941 33.4838
0.826716 0.0315115 -0.561736 -13.4116 -0.0679432 0.996715 -0.0440807 -1.45371 0.558502 0.0746085 0.826141 34.2795
0.824 0.0330211 -0.565627 -13.9762 -0.0698508 0.996605 -0.0435766 -1.47617 0.562268 0.0754167 0.823509 35.0927
0.822775 0.0347022 -0.567307 -14.5514 -0.0712777 0.996554 -0.042416 -1.50868 0.56388 0.0753351 0.822413 35.9036
0.821346 0.0357415 -0.56931 -15.1306 -0.0717525 0.996581 -0.0409517 -1.5428 0.5659 0.0744849 0.821102 36.7346
0.82017 0.0355424 -0.571015 -15.7171 -0.0712456 0.996644 -0.0402973 -1.5786 0.567667 0.073733 0.81995 37.5815
0.819254 0.0339783 -0.572424 -16.298 -0.0698229 0.996726 -0.0407662 -1.62061 0.569165 0.0733662 0.818944 38.4251
0.81693 0.0325757 -0.575816 -16.8987 -0.0683542 0.996835 -0.0405822 -1.66273 0.572672 0.0725123 0.816571 39.2905
0.814977 0.0323668 -0.578588 -17.5065 -0.0676285 0.996929 -0.0394897 -1.70015 0.575533 0.0713122 0.814663 40.1484
0.811329 0.035247 -0.583526 -18.1165 -0.0689655 0.996981 -0.0356678 -1.72772 0.580507 0.0691815 0.81131 41.0106
0.807334 0.0370241 -0.588933 -18.7409 -0.0685493 0.997157 -0.0312825 -1.76034 0.5861 0.0656263 0.807576 41.8676
0.802446 0.0366691 -0.595597 -19.3665 -0.0682156 0.997204 -0.0305118 -1.79954 0.592813 0.0651131 0.802704 42.7236
0.795729 0.0341466 -0.604689 -20.0059 -0.0664508 0.997304 -0.0311273 -1.84644 0.601996 0.064951 0.795853 43.5777
0.789685 0.0316664 -0.612695 -20.6468 -0.0656819 0.997291 -0.0331115 -1.89283 0.609987 0.0663906 0.789625 44.4086
0.781272 0.0309811 -0.623422 -21.3054 -0.0650433 0.997371 -0.0319476 -1.94397 0.620793 0.0655091 0.781233 45.24
0.773219 0.0327818 -0.633291 -21.9853 -0.0652312 0.997477 -0.0280107 -1.98842 0.630775 0.0629687 0.773407 46.0641
0.766356 0.037465 -0.641323 -22.6743 -0.0688202 0.997341 -0.0239745 -2.02122 0.638719 0.0625089 0.766896 46.8821
0.760162 0.0372511 -0.648665 -23.3785 -0.0694418 0.997294 -0.0241059 -2.05827 0.646012 0.0633689 0.760692 47.7026
0.755735 0.0356833 -0.653905 -24.0822 -0.0706389 0.99713 -0.0272263 -2.09525 0.651057 0.066767 0.756087 48.511
0.752394 0.0333863 -0.657866 -24.7792 -0.0726345 0.996829 -0.0324828 -2.14255 0.654696 0.0722237 0.752434 49.3037
0.747699 0.0317165 -0.66328 -25.4902 -0.0724509 0.996792 -0.0340077 -2.1891 0.660074 0.0734827 0.747598 50.1001
0.743203 0.033214 -0.668241 -26.2001 -0.0716857 0.99697 -0.0301743 -2.23225 0.665214 0.0703289 0.743333 50.88
0.737866 0.0354935 -0.674013 -26.9206 -0.0717692 0.99708 -0.0260621 -2.27543 0.671121 0.0676038 0.738259 51.6631
0.732225 0.0369799 -0.680058 -27.6543 -0.0733769 0.996996 -0.0247915 -2.31431 0.677098 0.0680535 0.732739 52.4295
0.727318 0.0375378 -0.685274 -28.3992 -0.0740123 0.99697 -0.0239413 -2.34132 0.682299 0.0681317 0.727892 53.1875
0.721553 0.0356841 -0.691439 -29.1516 -0.0742063 0.996904 -0.0259894 -2.37115 0.688371 0.0700619 0.721967 53.9484
0.715776 0.0347255 -0.697466 -29.9195 -0.0744335 0.996867 -0.0267555 -2.40055 0.694352 0.0710658 0.716118 54.7109
0.710422 0.0335119 -0.702978 -30.6842 -0.0739348 0.996892 -0.0271946 -2.42732 0.699882 0.0712941 0.710692 55.451
0.703879 0.0337914 -0.709516 -31.4698 -0.0741271 0.996908 -0.0260595 -2.44591 0.706442 0.070937 0.704208 56.2009
0.698281 0.0348192 -0.714976 -32.2564 -0.0756519 0.996812 -0.0253408 -2.45468 0.711815 0.0717844 0.698689 56.9458
0.690873 0.0352952 -0.722114 -33.0609 -0.077719 0.996645 -0.0256431 -2.46531 0.718786 0.0738381 0.691299 57.6729
0.684476 0.0356098 -0.728165 -33.8783 -0.0784693 0.996602 -0.0250239 -2.47968 0.7248 0.0742668 0.684945 58.4086
0.677976 0.0360721 -0.734198 -34.6839 -0.0802467 0.996458 -0.0251445 -2.47475 0.730691 0.0759643 0.67847 59.1354
0.669869 0.036343 -0.741589 -35.5024 -0.0818011 0.996333 -0.0250628 -2.47675 0.737959 0.0774516 0.670386 59.8625
0.663357 0.0369714 -0.747389 -36.3219 -0.0831172 0.996239 -0.0244907 -2.48002 0.743673 0.078367 0.663935 60.5785
0.654304 0.0372432 -0.755314 -37.1605 -0.0834386 0.996244 -0.0231572 -2.50007 0.751614 0.0781742 0.654954 61.3013
0.645934 0.0375543 -0.762469 -38.0034 -0.0828159 0.996342 -0.021085 -2.52425 0.758888 0.076764 0.646681 62.0164
0.637003 0.0364768 -0.769998 -38.8521 -0.0819117 0.996427 -0.0205605 -2.55393 0.766497 0.0761689 0.637716 62.7262
0.62882 0.034859 -0.776769 -39.7108 -0.0801587 0.996578 -0.0201678 -2.59129 0.773408 0.0749467 0.629462 63.4322
0.618914 0.0326951 -0.784778 -40.5806 -0.0796912 0.996591 -0.0213288 -2.62992 0.781406 0.0757406 0.61941 64.1237
0.610595 0.032203 -0.791288 -41.4558 -0.0793085 0.996636 -0.0206381 -2.661 0.787962 0.0753574 0.611095 64.8006
0.602452 0.0324133 -0.797497 -42.3544 -0.0794848 0.996644 -0.0195376 -2.69775 0.794188 0.0751594 0.603007 65.4736
0.59588 0.0316034 -0.802451 -43.2515 -0.0789592 0.996689 -0.01938 -2.73045 0.799182 0.0749091 0.596403 66.1432
0.588471 0.0311256 -0.807919 -44.1625 -0.0800232 0.996594 -0.0198927 -2.76147 0.804548 0.0763585 0.588958 66.8112
0.580158 0.0301381 -0.813946 -45.0809 -0.0804909 0.996545 -0.0204724 -2.78956 0.810517 0.0773925 0.58058 67.4789
0.574218 0.0282478 -0.818215 -46.0006 -0.0810448 0.996457 -0.0224753 -2.81389 0.814681 0.0792179 0.574473 68.1253
0.567026 0.0277353 -0.823232 -46.9378 -0.0817629 0.996392 -0.0227475 -2.83237 0.819632 0.0802083 0.567249 68.7659
0.560693 0.029266 -0.827506 -47.8877 -0.083666 0.996263 -0.0214552 -2.84287 0.823786 0.0812639 0.561046 69.405
0.555156 0.0305037 -0.831186 -48.8537 -0.0845783 0.996217 -0.0199304 -2.84848 0.827434 0.0813649 0.555636 70.0326
0.547685 0.0308454 -0.836116 -49.8319 -0.0856538 0.996137 -0.0193575 -2.85848 0.832289 0.0822183 0.548212 70.6525
0.542542 0.0308666 -0.839462 -50.8029 -0.0860377 0.996111 -0.0189794 -2.86787 0.835611 0.0825225 0.543088 71.2761
0.535978 0.0310849 -0.843659 -51.7984 -0.0867416 0.99606 -0.018407 -2.8783 0.839764 0.0830461 0.536564 71.8821
0.530617 0.0299088 -0.847084 -52.7991 -0.0862457 0.996095 -0.0188546 -2.88755 0.843212 0.0830619 0.531125 72.4804
0.526342 0.0283723 -0.849799 -53.796 -0.0858411 0.996109 -0.0199105 -2.89799 0.845928 0.0834274 0.526731 73.0855
0.51958 0.0256232 -0.854037 -54.81 -0.0841522 0.996225 -0.0213074 -2.91399 0.850267 0.0829401 0.519775 73.682
0.512839 0.0228134 -0.858182 -55.8296 -0.0808516 0.996487 -0.0218259 -2.93757 0.854669 0.0805786 0.512882 74.2883
0.504469 0.020823 -0.863179 -56.8558 -0.0782053 0.996701 -0.0216616 -2.96903 0.859881 0.0784328 0.504434 74.8917
0.493836 0.0183129 -0.869362 -57.892 -0.0739224 0.997043 -0.0209887 -3.00201 0.866407 0.0746304 0.49373 75.4845
0.482944 0.0173055 -0.87548 -58.9363 -0.0722499 0.997183 -0.0201443 -3.03451 0.872666 0.072982 0.482834 76.0615
0.471703 0.0175998 -0.881582 -60.0073 -0.0708353 0.997325 -0.017991 -3.0637 0.878908 0.0709336 0.471688 76.6304
0.459922 0.0172785 -0.887791 -61.0828 -0.0708882 0.997334 -0.0173133 -3.0986 0.885125 0.0708968 0.459921 77.1892
0.448778 0.0161908 -0.893497 -62.1721 -0.0702773 0.997378 -0.0172251 -3.13107 0.890876 0.0705228 0.44874 77.7326
0.435586 0.0139174 -0.900039 -63.2728 -0.0688457 0.997466 -0.0178949 -3.17147 0.89751 0.0697587 0.435441 78.262
0.42395 0.0118841 -0.905608 -64.3828 -0.0671322 0.997575 -0.0183362 -3.20228 0.903194 0.0685691 0.42372 78.7851
0.413452 0.0105484 -0.910465 -65.4923 -0.0641278 0.997787 -0.017561 -3.24197 0.908265 0.0656467 0.413214 79.2908
0.399695 0.0100743 -0.916593 -66.6155 -0.0626099 0.997904 -0.016334 -3.27083 0.914508 0.0639164 0.399488 79.7779
0.386089 0.00896098 -0.922418 -67.7431 -0.061877 0.997952 -0.0162046 -3.29705 0.920384 0.0633329 0.385853 80.2482
0.374573 0.00783236 -0.927164 -68.882 -0.0607816 0.99802 -0.0161248 -3.32331 0.925203 0.0623944 0.374308 80.699
0.36057 0.006762 -0.932707 -70.0367 -0.0612979 0.997983 -0.0164616 -3.34682 0.930716 0.0631086 0.360258 81.1381
0.347742 0.00619812 -0.93757 -71.201 -0.0598729 0.998084 -0.0156086 -3.36957 0.935676 0.0615628 0.347447 81.5571
0.334205 0.00635317 -0.942479 -72.3873 -0.0592299 0.998142 -0.0142747 -3.39836 0.940637 0.0605937 0.333961 81.9676
0.322364 0.00684683 -0.946591 -73.5836 -0.058095 0.998232 -0.012564 -3.42848 0.944831 0.0590424 0.322192 82.3607
0.314619 0.00846895 -0.94918 -74.7835 -0.0547481 0.998457 -0.0092384 -3.45848 0.947638 0.0548724 0.314597 82.7577
0.304368 0.00718365 -0.952527 -75.9985 -0.0519407 0.998609 -0.00906584 -3.48684 0.951137 0.0522343 0.304318 83.1375
0.294053 0.00401615 -0.955781 -77.2174 -0.0495447 0.99871 -0.0110463 -3.51619 0.954504 0.050602 0.293873 83.5071
0.286213 0.00172901 -0.958164 -78.436 -0.0466565 0.998837 -0.0121344 -3.54866 0.957029 0.0481777 0.285961 83.8664
0.277218 -0.000505371 -0.960807 -79.658 -0.0445952 0.998915 -0.0133923 -3.58374 0.959772 0.04656 0.276895 84.213
0.27303 -0.00387506 -0.961998 -80.8794 -0.0420441 0.998988 -0.0159569 -3.62315 0.961086 0.0448031 0.272591 84.553
0.266426 -0.00507368 -0.963842 -82.1027 -0.0397931 0.999075 -0.0162588 -3.65643 0.963034 0.042686 0.265978 84.8821
0.262382 -0.00277325 -0.96496 -83.3241 -0.0393022 0.999135 -0.0135581 -3.67931 0.964163 0.0414825 0.262046 85.2141
0.259865 -0.0013734 -0.965644 -84.5545 -0.0358465 0.999296 -0.0110679 -3.70328 0.964979 0.0374912 0.259633 85.5467
0.256142 4.25633e-05 -0.966639 -85.7865 -0.0330033 0.999417 -0.00870128 -3.72991 0.966075 0.034131 0.255995 85.8726
0.25296 -0.000271521 -0.967477 -87.0166 -0.0287673 0.999555 -0.00780213 -3.75468 0.967049 0.0298053 0.25284 86.1888
0.250989 0.000467115 -0.96799 -88.2471 -0.0286082 0.999566 -0.00693544 -3.77768 0.967567 0.0294331 0.250894 86.5002
0.247217 0.00157271 -0.968959 -89.474 -0.0263535 0.999639 -0.00510125 -3.79234 0.968602 0.0267966 0.24717 86.8022
0.247296 0.00211918 -0.968938 -90.6964 -0.0242659 0.999697 -0.00400679 -3.80908 0.968636 0.024503 0.247273 87.1032
0.244072 0.00197129 -0.969755 -91.9134 -0.0218767 0.999754 -0.00347374 -3.82544 0.96951 0.0220628 0.244055 87.4003
0.243301 0.00273429 -0.969947 -93.1345 -0.0194656 0.999808 -0.00206426 -3.84001 0.969756 0.0193828 0.243308 87.6976
0.243142 0.00417905 -0.969982 -94.3486 -0.0172653 0.999851 -2.00943e-05 -3.85132 0.969837 0.0167519 0.243178 87.9894
0.240645 0.00497818 -0.9706 -95.5575 -0.0181084 0.999835 0.000638418 -3.86577 0.970444 0.0174224 0.240696 88.2775
0.239739 0.00395013 -0.970829 -96.7586 -0.0167682 0.999859 -7.25307e-05 -3.87584 0.970693 0.0162964 0.239772 88.5675
0.240481 0.0027461 -0.97065 -97.9527 -0.0148357 0.999889 -0.000846756 -3.88762 0.970541 0.0146039 0.240495 88.8591
0.240416 0.00194676 -0.970668 -99.138 -0.0157777 0.999873 -0.00190249 -3.89885 0.970542 0.0157723 0.240416 89.1447
0.243773 0.00172601 -0.969831 -100.319 -0.0185496 0.999823 -0.00288316 -3.90753 0.969655 0.0186928 0.243762 89.431
0.247365 0.00253587 -0.968919 -101.491 -0.0196952 0.999803 -0.00241149 -3.92179 0.968722 0.0196796 0.247366 89.7176
0.252928 0.0011328 -0.967484 -102.653 -0.0209718 0.99977 -0.00431204 -3.9263 0.967258 0.0213805 0.252894 90.015
0.261142 0.000908995 -0.9653 -103.795 -0.0209708 0.999768 -0.00473176 -3.93505 0.965073 0.0214788 0.2611 90.3187
0.267805 0.00311734 -0.963468 -104.924 -0.0232799 0.999723 -0.00323625 -3.94705 0.963192 0.0232962 0.267804 90.6295
0.276144 0.00276664 -0.961112 -106.039 -0.0229801 0.999729 -0.00372478 -3.95551 0.960842 0.023115 0.276133 90.9444
0.287306 0.00434238 -0.957829 -107.137 -0.0257857 0.999662 -0.00320252 -3.96176 0.957492 0.0256184 0.287321 91.2745
0.296741 0.00456058 -0.954947 -108.223 -0.0279396 0.999602 -0.00390815 -3.96376 0.954549 0.0278406 0.296751 91.6092
0.308063 0.00592958 -0.951347 -109.302 -0.0293905 0.999562 -0.00328704 -3.96666 0.950912 0.0289731 0.308102 91.9581
0.318179 0.00442625 -0.94802 -110.367 -0.0306306 0.999515 -0.00561373 -3.97117 0.947536 0.0308246 0.31816 92.3174
0.330721 0.00366458 -0.943721 -111.43 -0.0322727 0.999451 -0.00742876 -3.97728 0.943177 0.0329133 0.330658 92.6808
0.344671 0.00521798 -0.938709 -112.483 -0.0347458 0.99937 -0.00720267 -3.98724 0.93808 0.0350988 0.344636 93.0614
0.35799 0.00691697 -0.9337 -113.531 -0.0361802 0.999324 -0.00646872 -3.99783 0.933024 0.0360972 0.357998 93.4496
0.373304 0.00708461 -0.927682 -114.573 -0.0361442 0.999322 -0.00691287 -4.01074 0.927005 0.0361109 0.373307 93.8549
0.386188 0.00942385 -0.922372 -115.606 -0.037337 0.999288 -0.00542296 -4.02348 0.921664 0.0365329 0.386265 94.2752
0.398694 0.00867223 -0.917043 -116.623 -0.0369447 0.999295 -0.00661203 -4.04074 0.91634 0.0365161 0.398734 94.7086
0.412425 0.00668421 -0.910967 -117.628 -0.0366877 0.999283 -0.00927749 -4.05704 0.910253 0.0372475 0.412375 95.1566
0.424342 0.00539799 -0.905486 -118.624 -0.0349586 0.999334 -0.0104253 -4.0766 0.904827 0.0360784 0.424248 95.6068
0.435912 0.00597379 -0.89997 -119.611 -0.0353964 0.999318 -0.0105115 -4.09641 0.899293 0.0364377 0.435826 96.0721
0.449954 0.0061792 -0.89303 -120.594 -0.0322941 0.999434 -0.00935596 -4.11414 0.892467 0.0330493 0.449899 96.5496
0.460475 0.00949224 -0.887622 -121.564 -0.0343829 0.999383 -0.00714956 -4.13002 0.887006 0.0338112 0.460518 97.0334
0.473348 0.0117388 -0.880797 -122.522 -0.0367066 0.999305 -0.00640825 -4.14518 0.88011 0.0353644 0.47345 97.5311
0.483193 0.0119218 -0.875433 -123.469 -0.0384106 0.999233 -0.00759293 -4.16646 0.874671 0.0372947 0.483281 98.0333
0.494399 0.0119604 -0.869153 -124.395 -0.0393755 0.999187 -0.00864812 -4.18715 0.868343 0.038499 0.494468 98.5421
0.506442 0.0126167 -0.862181 -125.303 -0.0400437 0.999158 -0.00890042 -4.2008 0.861343 0.0390325 0.506522 99.0576
0.516281 0.0142581 -0.856301 -126.194 -0.0397514 0.999182 -0.00732971 -4.22722 0.855496 0.0378233 0.516426 99.575
0.526691 0.0153493 -0.849918 -127.068 -0.0389812 0.999221 -0.00611077 -4.25521 0.849163 0.0363493 0.526879 100.106
0.537861 0.0167437 -0.842868 -127.922 -0.0390808 0.999223 -0.00508896 -4.27556 0.842128 0.035677 0.538097 100.646
0.54492 0.0167231 -0.838321 -128.768 -0.0406057 0.999154 -0.0064628 -4.28727 0.837504 0.0375624 0.545138 101.184
0.554058 0.0184608 -0.832273 -129.604 -0.0413402 0.999131 -0.00535903 -4.2982 0.831451 0.0373756 0.55434 101.722
0.561677 0.0204179 -0.827105 -130.422 -0.0422525 0.999099 -0.00402947 -4.30302 0.826277 0.0372105 0.562033 102.269
0.570336 0.0236029 -0.821072 -131.223 -0.0440128 0.999029 -0.00185379 -4.31874 0.820231 0.037195 0.570822 102.819
0.579468 0.0248979 -0.814614 -132.008 -0.0445517 0.999006 -0.00115776 -4.33255 0.813776 0.0369633 0.580002 103.374
0.587167 0.026938 -0.809018 -132.78 -0.0462228 0.998931 -0.000285961 -4.34802 0.808145 0.037563 0.587784 103.932
0.596551 0.0277784 -0.802094 -133.534 -0.047927 0.99885 -0.00105288 -4.36597 0.801143 0.03907 0.597197 104.491
0.608237 0.0320901 -0.793106 -134.276 -0.0500118 0.998746 0.00205625 -4.37349 0.792178 0.0384139 0.60908 105.054
0.619027 0.0349692 -0.784591 -135.004 -0.0514932 0.998666 0.00388336 -4.37965 0.78368 0.0379972 0.620002 105.623
0.631494 0.0368286 -0.774506 -135.711 -0.0538055 0.998545 0.0036115 -4.38609 0.773512 0.0393921 0.632556 106.201
0.642916 0.0373555 -0.765025 -136.405 -0.0550894 0.998478 0.0024584 -4.39387 0.763953 0.0405642 0.643996 106.781
0.654458 0.0379517 -0.755145 -137.085 -0.0566325 0.998394 0.00109532 -4.39843 0.753975 0.0420489 0.655556 107.366
0.666847 0.0378791 -0.744232 -137.75 -0.0568148 0.998385 -9.24778e-05 -4.40509 0.743026 0.042345 0.667922 107.965
0.678497 0.0397522 -0.733527 -138.401 -0.0577298 0.998332 0.000704027 -4.40451 0.732332 0.0418687 0.67966 108.565
0.691108 0.0415595 -0.721556 -139.044 -0.0581535 0.998306 0.00179995 -4.4079 0.720408 0.0407171 0.692354 109.175
0.702081 0.0425656 -0.710823 -139.68 -0.0578433 0.998322 0.0026497 -4.41071 0.709744 0.0392561 0.703366 109.791
0.712628 0.044383 -0.700137 -140.298 -0.0577027 0.998323 0.00455355 -4.41667 0.699165 0.0371548 0.713994 110.414
0.723787 0.0446172 -0.688579 -140.907 -0.0573252 0.998346 0.00443258 -4.4218 0.687638 0.0362647 0.725148 111.047
0.732932 0.0446151 -0.678837 -141.507 -0.0569227 0.99837 0.00415689 -4.42813 0.677916 0.0355945 0.734277 111.684
0.741028 0.0456102 -0.669924 -142.096 -0.0577596 0.998322 0.00407837 -4.43214 0.668985 0.0356723 0.742419 112.326
0.750229 0.0454873 -0.659611 -142.676 -0.0585292 0.998283 0.00227238 -4.43523 0.658582 0.0369017 0.751603 112.977
0.758797 0.0473736 -0.649601 -143.248 -0.0605131 0.998165 0.00210813 -4.44001 0.648509 0.0377098 0.760272 113.638
0.76695 0.0472892 -0.639962 -143.814 -0.0607714 0.998151 0.000926757 -4.44525 0.638823 0.0381806 0.768406 114.305
0.774694 0.0474221 -0.630555 -144.374 -0.0605804 0.998163 0.00064016 -4.45172 0.629427 0.0377033 0.776144 114.979
0.781308 0.0459014 -0.622456 -144.924 -0.0594744 0.998229 -0.00104048 -4.46076 0.621306 0.0378331 0.782655 115.661
0.787978 0.0455062 -0.614019 -145.471 -0.0590197 0.998255 -0.00175799 -4.46973 0.612868 0.0376244 0.789289 116.353
0.792296 0.045997 -0.608401 -146.016 -0.0595769 0.998221 -0.00211599 -4.47896 0.607222 0.0379231 0.793627 117.046
0.796183 0.0487854 -0.603086 -146.559 -0.0603505 0.998177 0.00107177 -4.48335 0.602038 0.0355432 0.797676 117.745
0.800279 0.052192 -0.597351 -147.1 -0.0623841 0.998046 0.0036248 -4.48671 0.596373 0.0343644 0.801971 118.454
0.804011 0.0551411 -0.592052 -147.638 -0.0634074 0.997964 0.00683826 -4.48841 0.591224 0.0320424 0.805871 119.167
0.808223 0.0574894 -0.586064 -148.173 -0.0653199 0.997834 0.00780091 -4.48845 0.585243 0.0319768 0.810227 119.888
0.811722 0.0596082 -0.580994 -148.71 -0.0665476 0.997739 0.00938947 -4.48319 0.58024 0.0310421 0.813854 120.616
0.815543 0.0611476 -0.575457 -149.244 -0.0669456 0.997694 0.0111383 -4.47877 0.574812 0.0294406 0.817756 121.353
0.820204 0.0615789 -0.568747 -149.776 -0.0664106 0.997717 0.0122516 -4.47297 0.568203 0.027722 0.822421 122.103
0.824306 0.0618038 -0.562761 -150.307 -0.0662768 0.997723 0.0124932 -4.46651 0.562252 0.0269997 0.826525 122.863
0.829008 0.0604649 -0.555958 -150.835 -0.0651184 0.997812 0.0114197 -4.45879 0.555432 0.026736 0.831132 123.634
0.834263 0.0598733 -0.548106 -151.361 -0.064384 0.997864 0.0110056 -4.4522 0.547594 0.0261076 0.836336 124.418
0.839221 0.0590176 -0.540578 -151.885 -0.0638431 0.997911 0.00983352 -4.44226 0.540029 0.0262597 0.841236 125.214
0.845215 0.0580671 -0.531263 -152.405 -0.0639014 0.997929 0.00740956 -4.43316 0.530593 0.0276857 0.847175 126.022
0.851804 0.0596335 -0.520455 -152.921 -0.0663418 0.99778 0.00574668 -4.42784 0.519643 0.0296329 0.85387 126.845
0.860055 0.0630437 -0.506291 -153.431 -0.0697339 0.997549 0.00575587 -4.42113 0.505413 0.0303553 0.862344 127.686
0.869909 0.0662145 -0.488747 -153.931 -0.0721621 0.99737 0.00668226 -4.41716 0.487905 0.0294561 0.8724 128.55
0.878944 0.0695818 -0.471822 -154.424 -0.0754346 0.997129 0.00652627 -4.4106 0.470922 0.0298555 0.881669 129.432
0.888998 0.0713331 -0.452321 -154.903 -0.0770822 0.997008 0.00573431 -4.40558 0.451376 0.029768 0.891837 130.341
0.898025 0.0725282 -0.433924 -155.368 -0.0776066 0.996966 0.00602721 -4.39984 0.433045 0.0282628 0.900929 131.269
0.907047 0.0743045 -0.414421 -155.82 -0.0785058 0.99689 0.00691323 -4.39583 0.413645 0.0262638 0.910059 132.218
0.916161 0.076432 -0.393454 -156.259 -0.0796636 0.996789 0.00813757 -4.38549 0.392813 0.0238887 0.919308 133.192
0.924246 0.0792056 -0.373492 -156.683 -0.0811633 0.996645 0.0105089 -4.3739 0.373071 0.020601 0.927574 134.186
0.932482 0.0815839 -0.351883 -157.089 -0.0828322 0.996497 0.0115339 -4.3611 0.351591 0.0183921 0.935973 135.202
0.939565 0.0831523 -0.33212 -157.476 -0.0844518 0.996372 0.0105464 -4.3499 0.331792 0.0181391 0.943178 136.232
0.946473 0.0827471 -0.311997 -157.843 -0.0847654 0.996376 0.00711222 -4.3436 0.311455 0.0197151 0.950056 137.281
0.952962 0.0829755 -0.291512 -158.188 -0.0852615 0.996347 0.00487604 -4.34063 0.290851 0.020208 0.956555 138.351
0.958224 0.0832952 -0.27362 -158.516 -0.0850558 0.996361 0.00544408 -4.34109 0.273078 0.0180563 0.961822 139.436
0.963284 0.0837808 -0.255076 -158.823 -0.0851272 0.996353 0.00577686 -4.33978 0.25463 0.0161492 0.966904 140.539
0.968402 0.0847806 -0.23454 -159.108 -0.0859225 0.996287 0.00536476 -4.33639 0.234124 0.014957 0.972092 141.66
0.972405 0.0864403 -0.216694 -159.375 -0.0874911 0.996154 0.00475793 -4.33491 0.216272 0.0143321 0.976228 142.792
0.97676 0.0870923 -0.195843 -159.62 -0.0880188 0.996111 0.00398453 -4.33172 0.195428 0.0133459 0.980627 143.942
0.979982 0.0887099 -0.178228 -159.851 -0.089781 0.995959 0.00206312 -4.33196 0.177691 0.0139796 0.983987 145.102
0.983122 0.0895631 -0.159531 -160.059 -0.0907529 0.995873 -0.000173153 -4.33107 0.158857 0.0146481 0.987193 146.274
0.986089 0.0896121 -0.139991 -160.248 -0.0908807 0.995858 -0.00268276 -4.3364 0.13917 0.0153679 0.990149 147.465
0.988047 0.091061 -0.124382 -160.418 -0.092536 0.99569 -0.00612122 -4.34701 0.123289 0.0175578 0.992215 148.663
0.990017 0.0913069 -0.107372 -160.564 -0.0927089 0.99566 -0.00812828 -4.35913 0.106164 0.0180015 0.994186 149.869
0.991926 0.0913972 -0.0879207 -160.69 -0.0927006 0.995635 -0.0108493 -4.37259 0.0865453 0.018912 0.996068 151.083
0.993056 0.0918268 -0.0735374 -160.794 -0.0933277 0.995486 -0.0172337 -4.39159 0.0716229 0.0239771 0.997144 152.293
0.994254 0.0925587 -0.0537691 -160.869 -0.0939631 0.995281 -0.0242002 -4.41625 0.0512754 0.0291134 0.99826 153.529
0.994906 0.093695 -0.0371757 -160.924 -0.0948352 0.995035 -0.0301911 -4.45243 0.0341623 0.0335629 0.998852 154.784
0.995327 0.0948658 -0.0179884 -160.954 -0.0954487 0.994821 -0.0349254 -4.50046 0.014582 0.0364792 0.999228 156.06
0.995255 0.097245 0.0031495 -160.954 -0.0970444 0.994488 -0.0396871 -4.5592 -0.00699157 0.0391931 0.999207 157.361
0.995151 0.0963575 0.0197353 -160.938 -0.0955109 0.994621 -0.0400954 -4.61938 -0.0234927 0.038016 0.999001 158.664
0.994775 0.0948529 0.0377531 -160.898 -0.0932887 0.994785 -0.0412389 -4.68089 -0.0414679 0.0375014 0.998436 159.975
0.993939 0.0940066 0.0569916 -160.832 -0.0914505 0.99475 -0.0459173 -4.75102 -0.061009 0.0404271 0.997318 161.302
0.992788 0.0951614 0.0729164 -160.748 -0.0915294 0.994463 -0.0516366 -4.82827 -0.0774265 0.0445901 0.996 162.625
0.991126 0.0963982 0.0915183 -160.638 -0.0918213 0.994365 -0.0529776 -4.90534 -0.0961097 0.0441042 0.994393 163.962
0.989247 0.0979544 0.108601 -160.509 -0.0927024 0.994314 -0.0524093 -4.98524 -0.113117 0.0417782 0.992703 165.302
0.986841 0.1008 0.12643 -160.36 -0.0942475 0.993927 -0.0567967 -5.06813 -0.131387 0.0441336 0.990348 166.649
0.984336 0.100846 0.144612 -160.185 -0.0928654 0.993813 -0.0609272 -5.15807 -0.149861 0.0465434 0.987611 167.999
0.981951 0.101349 0.159688 -159.988 -0.0921816 0.993695 -0.063825 -5.25226 -0.16515 0.0479527 0.985102 169.348
0.979147 0.100753 0.176407 -159.766 -0.0897699 0.993556 -0.0691893 -5.35385 -0.182242 0.0519104 0.981883 170.699
0.975306 0.103135 0.195296 -159.518 -0.0899284 0.993094 -0.0753444 -5.46531 -0.201718 0.0559213 0.977846 172.05
0.970969 0.105403 0.214728 -159.243 -0.090185 0.992747 -0.079501 -5.58166 -0.22155 0.0578278 0.973433 173.4
0.96495 0.108043 0.239159 -158.931 -0.0907489 0.992475 -0.0822127 -5.70193 -0.246242 0.0576278 0.967494 174.749
0.958037 0.112351 0.263706 -158.585 -0.0927501 0.991997 -0.0856759 -5.82806 -0.271222 0.0576219 0.960791 176.094
0.950085 0.116333 0.289492 -158.203 -0.093873 0.991477 -0.0903453 -5.96095 -0.297535 0.0586602 0.952907 177.435
0.941534 0.119315 0.315084 -157.782 -0.0939644 0.991079 -0.0945148 -6.10025 -0.32355 0.0593822 0.944346 178.77
0.933097 0.120885 0.338699 -157.327 -0.0930488 0.990894 -0.0973147 -6.24463 -0.347379 0.0592885 0.935849 180.098
0.923477 0.122552 0.363552 -156.833 -0.0917823 0.990663 -0.100808 -6.39558 -0.372512 0.0597266 0.926104 181.419
0.914074 0.123412 0.386313 -156.306 -0.0888202 0.990368 -0.106222 -6.55475 -0.395701 0.0627819 0.916231 182.731
0.903659 0.125103 0.409573 -155.742 -0.0863378 0.989963 -0.11189 -6.72221 -0.41946 0.0657488 0.90539 184.035
0.893073 0.126264 0.43183 -155.143 -0.0840226 0.989733 -0.115622 -6.89572 -0.441995 0.0669757 0.894514 185.329
0.88316 0.127203 0.451495 -154.512 -0.0817313 0.989535 -0.118916 -7.07546 -0.461896 0.0681202 0.884314 186.615
0.872874 0.127579 0.470971 -153.848 -0.0793382 0.989478 -0.120993 -7.25722 -0.481451 0.0682458 0.873812 187.89
0.862598 0.127926 0.489448 -153.155 -0.0770801 0.989439 -0.122762 -7.44128 -0.499983 0.0681676 0.863348 189.155
0.853379 0.128041 0.505322 -152.434 -0.0740343 0.989309 -0.125647 -7.62971 -0.516007 0.0698136 0.853735 190.41
0.843192 0.128764 0.521964 -151.685 -0.0710851 0.989073 -0.129162 -7.82408 -0.532892 0.0718046 0.843131 191.655
0.833316 0.130876 0.537081 -150.908 -0.0690968 0.988611 -0.133696 -8.02648 -0.548461 0.0743005 0.832868 192.89
0.8232 0.13202 0.552188 -150.103 -0.0668609 0.988364 -0.136627 -8.23193 -0.5638 0.0755513 0.822449 194.113
0.811769 0.133699 0.568467 -149.27 -0.065966 0.988203 -0.138218 -8.44286 -0.58024 0.0747017 0.811013 195.325
0.800471 0.135361 0.583886 -148.413 -0.0656037 0.988099 -0.13913 -8.65545 -0.59577 0.0730646 0.799825 196.524
0.788137 0.137894 0.599854 -147.532 -0.0674354 0.988059 -0.138532 -8.8682 -0.611794 0.0687312 0.788025 197.711
0.774469 0.140213 0.616878 -146.621 -0.0686619 0.987999 -0.138364 -9.08354 -0.628875 0.0648023 0.774802 198.883
0.761551 0.144207 0.631857 -145.689 -0.0710344 0.98763 -0.139789 -9.30227 -0.6442 0.0615733 0.762375 200.038
0.747552 0.147175 0.647692 -144.735 -0.0707667 0.98724 -0.142652 -9.52661 -0.660422 0.060805 0.748429 201.173
0.733906 0.150874 0.662282 -143.758 -0.0717628 0.986785 -0.145275 -9.75506 -0.675449 0.0590911 0.735035 202.286
0.719008 0.1521 0.678153 -142.76 -0.0713971 0.986762 -0.145618 -9.98609 -0.691324 0.0562821 0.72035 203.374
0.702157 0.152362 0.695529 -141.742 -0.0704468 0.98691 -0.145074 -10.2176 -0.708529 0.0528668 0.703699 204.434
0.685182 0.151634 0.712413 -140.699 -0.0692703 0.987223 -0.143503 -10.4486 -0.72507 0.0489767 0.686932 205.466
0.667266 0.150758 0.729402 -139.636 -0.0680799 0.987547 -0.141833 -10.6796 -0.741701 0.0449825 0.669221 206.472
0.648401 0.149124 0.74655 -138.555 -0.0646315 0.98787 -0.141194 -10.9094 -0.75855 0.0432996 0.650175 207.45
0.630537 0.148772 0.761767 -137.462 -0.0627915 0.988019 -0.140984 -11.1386 -0.773615 0.0410633 0.632324 208.401
0.612454 0.147412 0.77664 -136.358 -0.0592096 0.988254 -0.140885 -11.367 -0.788286 0.0403013 0.613988 209.32
0.593183 0.146325 0.791658 -135.244 -0.0549409 0.988409 -0.141524 -11.5909 -0.803191 0.0404553 0.594347 210.202
0.575145 0.145068 0.805086 -134.124 -0.0503517 0.988563 -0.142158 -11.8197 -0.816501 0.0412242 0.575871 211.043
0.555693 0.142783 0.819034 -132.993 -0.0462958 0.988928 -0.140991 -12.047 -0.830097 0.0404296 0.556151 211.849
0.536624 0.142806 0.831649 -131.858 -0.0441527 0.988977 -0.141331 -12.2644 -0.842666 0.0391223 0.537014 212.619
0.518134 0.146475 0.842664 -130.723 -0.043157 0.988449 -0.14528 -12.4879 -0.85421 0.0389075 0.51847 213.36
0.499303 0.153228 0.85277 -129.59 -0.0414096 0.987333 -0.153161 -12.7088 -0.865437 0.041161 0.499324 214.064
0.481515 0.160394 0.861636 -128.459 -0.0420646 0.986208 -0.160075 -12.9314 -0.875428 0.0408343 0.481621 214.731
0.463223 0.164043 0.870927 -127.321 -0.0425922 0.985705 -0.163008 -13.1595 -0.885217 0.0384145 0.463589 215.357
0.443463 0.165572 0.880867 -126.194 -0.0432824 0.985599 -0.163468 -13.3841 -0.895247 0.0343657 0.444243 215.947
0.42566 0.166518 0.88943 -125.062 -0.0440649 0.985571 -0.163429 -13.6096 -0.90381 0.0303725 0.426856 216.513
0.406257 0.168047 0.898173 -123.933 -0.0446183 0.98542 -0.164189 -13.8287 -0.912669 0.0266278 0.407832 217.039
0.390334 0.168576 0.905108 -122.814 -0.0434994 0.985373 -0.164766 -14.0458 -0.919645 0.0249419 0.391957 217.539
0.372807 0.168725 0.91244 -121.706 -0.04187 0.985387 -0.165106 -14.268 -0.926964 0.023349 0.374424 218.015
0.3544 0.170813 0.91936 -120.595 -0.0396085 0.985034 -0.167746 -14.4991 -0.934255 0.0230347 0.355862 218.474
0.33893 0.174822 0.924426 -119.485 -0.0426538 0.984429 -0.170531 -14.7243 -0.939844 0.0183677 0.34111 218.898
0.319817 0.176548 0.930885 -118.374 -0.0419181 0.984161 -0.172251 -14.953 -0.946551 0.0160677 0.322152 219.298
0.304608 0.173729 0.9365 -117.261 -0.0404705 0.984698 -0.169507 -15.1805 -0.951617 0.0137325 0.306978 219.676
0.2924 0.169707 0.941117 -116.153 -0.0376736 0.985408 -0.165988 -15.3893 -0.955554 0.0130797 0.294527 220.041
0.278212 0.165855 0.946092 -115.031 -0.0357841 0.986085 -0.162344 -15.5876 -0.959853 0.0113108 0.280276 220.384
0.26751 0.163491 0.949583 -113.92 -0.0341812 0.98649 -0.160216 -15.7827 -0.962948 0.0104016 0.269485 220.725
0.256684 0.164551 0.952384 -112.807 -0.0341231 0.986329 -0.161219 -15.9767 -0.965893 0.00888381 0.258789 221.039
0.247259 0.168096 0.954257 -111.712 -0.0344647 0.985739 -0.164712 -16.1721 -0.968336 0.00783824 0.249526 221.335
0.241248 0.171014 0.955277 -110.636 -0.0359471 0.98525 -0.167301 -16.3786 -0.969798 0.00602159 0.243837 221.641
0.235663 0.175431 0.955869 -109.575 -0.0360561 0.984473 -0.171791 -16.5857 -0.971166 0.00601979 0.23833 221.929
0.229455 0.183474 0.95587 -108.53 -0.0369226 0.983006 -0.179819 -16.7994 -0.972619 0.00596727 0.232331 222.195
0.225681 0.187098 0.956066 -107.507 -0.0400915 0.982337 -0.182775 -17.0217 -0.973376 0.00291868 0.229196 222.45
0.218712 0.182748 0.958524 -106.48 -0.0384252 0.983157 -0.178676 -17.2361 -0.975033 0.00224721 0.222051 222.702
0.216861 0.174224 0.960529 -105.455 -0.0371407 0.984705 -0.170224 -17.4377 -0.975496 0.00124011 0.220015 222.955
0.213909 0.172739 0.961459 -104.427 -0.0364065 0.984967 -0.168862 -17.6352 -0.976175 0.00111784 0.216982 223.206
0.211928 0.174157 0.961642 -103.405 -0.036108 0.984717 -0.170378 -17.8314 -0.976618 0.00138487 0.214977 223.456
0.212201 0.177969 0.960884 -102.404 -0.0377361 0.984036 -0.173924 -18.0327 -0.976497 0.000646694 0.215529 223.708
0.212846 0.179973 0.960367 -101.41 -0.0383309 0.983671 -0.175845 -18.2397 -0.976334 0.000616188 0.21627 223.962
0.213254 0.180565 0.960166 -100.417 -0.0393854 0.983563 -0.176217 -18.44 -0.976203 -0.000237533 0.21686 224.217
0.216206 0.182342 0.95917 -99.4265 -0.0413641 0.983234 -0.177593 -18.6376 -0.975471 -0.00127858 0.220123 224.475
0.21847 0.18352 0.958431 -98.4429 -0.0420258 0.983015 -0.178648 -18.8305 -0.974938 -0.00124963 0.222472 224.738
0.222173 0.184814 0.957331 -97.4672 -0.045301 0.982767 -0.179211 -19.0208 -0.973954 -0.00355215 0.226717 224.997
0.227931 0.182956 0.956334 -96.4887 -0.0446411 0.983119 -0.17744 -19.2096 -0.972653 -0.00224755 0.232251 225.253
0.233622 0.181521 0.955233 -95.5168 -0.0442318 0.983386 -0.176053 -19.4028 -0.971321 -0.00112165 0.23777 225.515
0.240984 0.180968 0.953508 -94.5352 -0.0446432 0.983489 -0.175375 -19.5963 -0.969502 -0.000305146 0.245084 225.773
0.247776 0.181124 0.951736 -93.5585 -0.0442319 0.983459 -0.175646 -19.7765 -0.967807 0.00142389 0.251689 226.027
0.253396 0.181417 0.950199 -92.6032 -0.0448286 0.983404 -0.175802 -19.9376 -0.966323 0.0019515 0.257323 226.267
0.259946 0.180888 0.948529 -91.6753 -0.0453169 0.983501 -0.175138 -20.101 -0.964559 0.00254211 0.263854 226.531
0.26452 0.179586 0.947511 -90.7687 -0.0454616 0.983738 -0.173761 -20.2712 -0.963308 0.00288769 0.268382 226.796
0.269384 0.178629 0.946321 -89.8743 -0.0448464 0.983908 -0.172957 -20.4339 -0.961988 0.00415281 0.27306 227.068
0.275538 0.179539 0.944375 -88.9637 -0.0475642 0.983747 -0.173147 -20.5951 -0.960113 0.00279007 0.279599 227.36
0.281212 0.180804 0.942459 -88.0532 -0.0486186 0.983514 -0.174173 -20.7691 -0.958414 0.00315854 0.285366 227.652
0.286949 0.182262 0.940447 -87.138 -0.050956 0.983248 -0.175009 -20.9439 -0.95659 0.00229703 0.291429 227.946
0.292236 0.183312 0.938613 -86.2193 -0.0533521 0.983054 -0.17538 -21.1302 -0.954857 0.00117531 0.297064 228.253
0.297178 0.184232 0.93688 -85.3017 -0.0563339 0.982883 -0.175409 -21.3114 -0.953159 -0.000650566 0.302469 228.562
0.30273 0.18476 0.934996 -84.3804 -0.0611355 0.982774 -0.174407 -21.4953 -0.951114 -0.00436342 0.308811 228.889
0.307204 0.182722 0.933937 -83.4545 -0.0634345 0.983143 -0.171483 -21.6725 -0.949528 -0.00656361 0.313616 229.228
0.312462 0.180425 0.932638 -82.5342 -0.0636085 0.983567 -0.168967 -21.8582 -0.947799 -0.00652817 0.318804 229.566
0.319706 0.179151 0.930426 -81.6265 -0.0642575 0.983802 -0.167349 -22.0487 -0.945336 -0.00628451 0.326039 229.896
0.325524 0.179583 0.928323 -80.7314 -0.0656166 0.983722 -0.16729 -22.2307 -0.943255 -0.00645645 0.332009 230.227
0.332521 0.178756 0.926 -79.8644 -0.0652981 0.98388 -0.166481 -22.4048 -0.940833 -0.00510767 0.338834 230.547
0.340399 0.179291 0.923029 -78.9969 -0.0661283 0.983787 -0.166705 -22.5787 -0.937953 -0.00429215 0.346737 230.865
0.348257 0.180694 0.919818 -78.1444 -0.065364 0.983538 -0.168464 -22.7332 -0.935118 -0.00145423 0.354335 231.206
0.357111 0.181151 0.916327 -77.2803 -0.0666388 0.983455 -0.168451 -22.8906 -0.931682 -0.000907389 0.363274 231.558
0.363318 0.18013 0.914086 -76.4265 -0.0687079 0.98364 -0.166527 -23.0434 -0.929128 -0.00230263 0.369751 231.915
0.367817 0.179111 0.912485 -75.5624 -0.0714277 0.983818 -0.164321 -23.1991 -0.927151 -0.0047368 0.374659 232.282
0.371266 0.179596 0.910992 -74.6982 -0.0723823 0.983729 -0.164437 -23.3607 -0.925701 -0.00488995 0.378225 232.639
0.372646 0.181485 0.910054 -73.8378 -0.0743879 0.983376 -0.165646 -23.516 -0.924987 -0.0059695 0.379952 233.015
