1 0 0 0 0 1 0 0 0 0 1 0
<<<<<<< HEAD
0.999889 0.000241125 0.014917 0.00503684 -0.000236167 0.999999 -0.000334565 -0.0167889 -0.0149171 0.000330958 0.999888 0.0354323
0.999412 0.00108482 0.0344 0.0124414 -0.00108534 0.999999 -2.67219e-06 -0.0287093 -0.0343999 -3.46152e-05 0.999411 0.0898459
0.99822 0.00165537 0.0596758 0.0234468 -0.00170881 0.999996 0.000845021 -0.0394023 -0.0596743 -0.000945522 0.998218 0.158889
0.99585 0.00139914 0.0910308 0.0408434 -0.00162071 0.999995 0.00236075 -0.0487381 -0.091027 -0.00249847 0.995846 0.24797
0.991917 -0.0021402 0.126885 0.0635327 0.00162299 0.999988 0.00417963 -0.0544783 -0.126892 -0.00394007 0.991908 0.353977
0.986113 -0.00395536 0.166069 0.0985749 0.00314231 0.99998 0.00515863 -0.0593028 -0.166086 -0.00456509 0.986104 0.470847
0.978131 -0.00426434 0.20794 0.142321 0.00309352 0.999975 0.00595544 -0.0621436 -0.20796 -0.00518207 0.978119 0.601506
0.967125 -0.00426661 0.254296 0.195365 0.00222227 0.999961 0.00832634 -0.0606961 -0.254322 -0.00748737 0.967095 0.741394
0.953752 -0.00813318 0.300478 0.263628 0.00379316 0.999879 0.015024 -0.0569996 -0.300563 -0.0131897 0.953665 0.895924
0.937691 -0.0165658 0.347098 0.347426 0.00894119 0.999682 0.0235574 -0.0537345 -0.347377 -0.0189859 0.93754 1.05741
0.917608 -0.0219809 0.39687 0.446833 0.0114148 0.999516 0.0289659 -0.0479644 -0.397314 -0.0220495 0.917411 1.2262
0.894199 -0.0231538 0.447088 0.564183 0.00937214 0.999412 0.0330133 -0.0394315 -0.447588 -0.02533 0.893887 1.39991
0.867149 -0.0252124 0.497401 0.699073 0.00776582 0.999282 0.0371123 -0.0283578 -0.497979 -0.0283197 0.866717 1.57861
0.836776 -0.0298629 0.546742 0.853451 0.00833216 0.999094 0.0418186 -0.01288 -0.547492 -0.0304371 0.836262 1.75994
0.802303 -0.0351195 0.595878 1.02904 0.00981624 0.998911 0.0456555 0.00210043 -0.59683 -0.0307808 0.801769 1.93699
0.76588 -0.0387926 0.64182 1.22686 0.00996942 0.998779 0.0484717 0.0183527 -0.642912 -0.0307249 0.765326 2.11289
0.727757 -0.0414003 0.684576 1.44271 0.00962721 0.998696 0.0501615 0.0327151 -0.685758 -0.0299155 0.727203 2.28963
0.6875 -0.0422978 0.724957 1.67614 0.007501 0.998666 0.0511542 0.0481912 -0.726148 -0.0297307 0.686896 2.46643
0.64725 -0.0426185 0.761076 1.93401 0.00388853 0.998609 0.0526117 0.0682183 -0.762257 -0.0310943 0.646512 2.64101
0.607262 -0.0430958 0.793336 2.21157 0.00095195 0.998569 0.0535161 0.0871385 -0.794502 -0.0317432 0.60643 2.81128
0.568787 -0.043888 0.821302 2.51069 -0.00142281 0.998523 0.0543423 0.10724 -0.82247 -0.0320786 0.567881 2.97962
0.532777 -0.0447091 0.845076 2.83403 -0.00345093 0.998483 0.0550008 0.126204 -0.846248 -0.0322197 0.531811 3.14428
0.49667 -0.0449359 0.866763 3.1783 -0.00607141 0.998456 0.0552409 0.146297 -0.867903 -0.0327 0.495628 3.30993
0.462061 -0.0446137 0.885727 3.5441 -0.00747222 0.998506 0.0541924 0.169326 -0.886816 -0.0316588 0.461034 3.46941
0.430674 -0.0439698 0.901422 3.93651 -0.00685404 0.998627 0.0519844 0.18969 -0.902464 -0.0285678 0.429778 3.6239
0.402378 -0.0427374 0.914478 4.35147 -0.00475019 0.998803 0.0487684 0.211331 -0.915461 -0.0239677 0.40169 3.77633
0.378778 -0.0411414 0.92456 4.7918 -0.00427094 0.998925 0.0461989 0.234556 -0.925462 -0.0214489 0.378193 3.92699
0.360563 -0.0407769 0.931846 5.25503 -0.00367672 0.998977 0.0451372 0.257927 -0.932728 -0.0197014 0.360041 4.07887
0.34701 -0.0413286 0.936941 5.74671 -0.00330155 0.998969 0.0452864 0.281069 -0.937843 -0.0188091 0.346514 4.23009
0.336586 -0.041929 0.940725 6.26269 -0.00302645 0.998958 0.0456077 0.303568 -0.941651 -0.0181984 0.336106 4.38433
0.327184 -0.0427338 0.943986 6.80195 -0.00385088 0.998908 0.0465539 0.328237 -0.944942 -0.0188677 0.326661 4.54442
0.318082 -0.0437598 0.947061 7.36516 -0.00453094 0.998856 0.0476753 0.35303 -0.948058 -0.019456 0.317517 4.70736
0.309082 -0.0447738 0.949977 7.95697 -0.0050751 0.998799 0.0487255 0.378277 -0.951015 -0.0198821 0.308482 4.87538
0.29997 -0.0459487 0.952853 8.57243 -0.00578197 0.998738 0.0499824 0.402575 -0.95394 -0.0205028 0.299323 5.05226
0.290902 -0.0470114 0.955594 9.21371 -0.00597368 0.998682 0.0509494 0.431197 -0.956728 -0.0205303 0.290237 5.23242
0.281136 -0.04809 0.958474 9.87873 -0.00604714 0.99864 0.0518797 0.459151 -0.959657 -0.0203816 0.28046 5.41619
0.27173 -0.0503112 0.96106 10.5732 -0.00676342 0.998507 0.0541841 0.49094 -0.962349 -0.0212239 0.270983 5.59987
0.261237 -0.0532156 0.96382 11.2881 -0.00807203 0.99833 0.0573097 0.523943 -0.965251 -0.0227518 0.260369 5.78872
0.249337 -0.0566327 0.966764 12.0182 -0.00859197 0.998117 0.060686 0.562338 -0.968381 -0.0234378 0.248381 5.97518
0.237317 -0.0586504 0.969676 12.7682 -0.00927289 0.998001 0.062634 0.59903 -0.9714 -0.0238563 0.236296 6.15358
0.223517 -0.0597077 0.972876 13.5342 -0.0097782 0.997932 0.0634929 0.636864 -0.974655 -0.0237048 0.222471 6.32418
0.209966 -0.0595256 0.975912 14.307 -0.0109567 0.997946 0.063228 0.679325 -0.977661 -0.0239689 0.20888 6.48525
0.193708 -0.0593119 0.979276 15.0975 -0.0120468 0.997949 0.0628272 0.726671 -0.980993 -0.0239671 0.192596 6.63483
0.172965 -0.0584254 0.983212 15.894 -0.0142518 0.997993 0.0618122 0.773991 -0.984839 -0.0247042 0.171783 6.76977
0.148286 -0.0569533 0.987315 16.7015 -0.0185459 0.998003 0.0603567 0.820286 -0.988779 -0.0272605 0.146933 6.89116
0.118463 -0.0573304 0.991319 17.5113 -0.0215731 0.997955 0.0602932 0.867477 -0.992737 -0.0285288 0.116983 6.98671
0.0848862 -0.0571984 0.99476 18.3356 -0.0243769 0.997931 0.0594624 0.91286 -0.996101 -0.0292964 0.0833161 7.06494
0.0514016 -0.057778 0.997025 19.1699 -0.0261213 0.997913 0.0591775 0.954562 -0.998352 -0.0290857 0.0497845 7.10924
0.0166062 -0.0580832 0.998188 20.0185 -0.027745 0.997898 0.0585297 1.00082 -0.999488 -0.0286663 0.0149597 7.11469
-0.0152024 -0.0569085 0.99828 20.8545 -0.0305397 0.997947 0.0564254 1.03366 -0.99943 -0.0296299 -0.0169091 7.0988
-0.0476336 -0.054496 0.997393 21.6988 -0.0331128 0.998047 0.0529521 1.07856 -0.998329 -0.0305036 -0.0493451 7.05432
-0.081102 -0.0516757 0.995382 22.5363 -0.0311068 0.998307 0.049294 1.10833 -0.996232 -0.0269658 -0.0825713 7.00274
-0.112226 -0.0483168 0.992526 23.3801 -0.0273575 0.998588 0.0455205 1.13661 -0.993323 -0.0220438 -0.113389 6.91513
-0.144264 -0.0442492 0.988568 24.225 -0.0227557 0.998892 0.0413916 1.16036 -0.989293 -0.0165247 -0.145109 6.79053
-0.172763 -0.0398261 0.984177 25.0658 -0.017399 0.999148 0.0373797 1.17998 -0.984828 -0.0106653 -0.173308 6.6465
-0.201321 -0.0350937 0.978918 25.9042 -0.0098384 0.999388 0.0338056 1.20487 -0.979491 -0.00282558 -0.201541 6.46473
-0.22967 -0.027125 0.972911 26.7397 -0.0047793 0.99963 0.0267437 1.22402 -0.973276 0.00149285 -0.229714 6.26465
-0.254402 -0.0133127 0.967029 27.5582 -0.00160113 0.999919 0.0133458 1.2292 -0.967114 0.0018464 -0.2544 6.04073
-0.279242 0.00299214 0.960237 28.3658 -0.0012853 0.999992 -0.00348818 1.22013 -0.960239 -0.0022077 -0.279235 5.80554
-0.30677 0.0168477 0.951655 29.1615 -0.00215177 0.999837 -0.0183925 1.20021 -0.951797 -0.00769057 -0.306681 5.54949
-0.331207 0.0253001 0.943242 29.959 0.000546943 0.999645 -0.0266195 1.17303 -0.943581 -0.00829999 -0.331101 5.26829
-0.356609 0.0288579 0.93383 30.7607 0.00393395 0.999568 -0.0293852 1.13464 -0.934262 -0.00680587 -0.356565 4.96289
-0.378621 0.0272802 0.925173 31.5559 0.00563561 0.999615 -0.0271673 1.10879 -0.925557 -0.00507153 -0.378627 4.63769
-0.399141 0.0228853 0.916626 32.3506 0.00807574 0.999746 -0.0214422 1.08326 -0.916872 -0.00115637 -0.39922 4.30068
-0.418252 0.0206454 0.908122 33.1366 0.0146006 0.999766 -0.0160028 1.04791 -0.908239 0.00656635 -0.418453 3.94112
-0.431573 0.0207274 0.901862 33.9055 0.0168332 0.999758 -0.0149201 1.01194 -0.90194 0.00874173 -0.431812 3.57932
-0.442916 0.0230077 0.896292 34.6588 0.0198213 0.999675 -0.0158652 0.99546 -0.896366 0.0107388 -0.443228 3.20754
-0.453974 0.0245376 0.890697 35.3832 0.0205697 0.999652 -0.0170531 0.980996 -0.890795 0.0105793 -0.454316 2.83403
-0.464046 0.023113 0.885531 36.1022 0.0142702 0.999724 -0.0186139 0.978235 -0.885718 0.00399937 -0.464245 2.46246
-0.476735 0.0216821 0.878801 36.8213 0.0140134 0.999764 -0.0170626 0.977177 -0.878954 0.00418028 -0.476921 2.07963
-0.484467 0.0220955 0.874553 37.5547 0.0151142 0.999742 -0.0168842 0.960992 -0.874703 0.00503866 -0.484673 1.69812
-0.491973 0.0230327 0.87033 38.2846 0.0162737 0.999728 -0.0172561 0.944254 -0.87048 0.00567358 -0.492208 1.28496
-0.497001 0.0253725 0.8674 39.0186 0.0171865 0.999659 -0.0193923 0.938942 -0.867603 0.00526976 -0.497266 0.860242
-0.495745 0.0262253 0.868095 39.7502 0.0167198 0.999656 -0.0206495 0.926735 -0.868327 0.00427711 -0.496008 0.437147
-0.492682 0.0259782 0.869842 40.4975 0.0184728 0.999636 -0.0193899 0.920239 -0.870035 0.00651546 -0.492981 0.00886649
-0.487253 0.0250782 0.872926 41.2673 0.0177855 0.999674 -0.0187903 0.911204 -0.873102 0.00636945 -0.487535 -0.417613
-0.479387 0.0238091 0.877302 42.0547 0.0159607 0.999698 -0.0184079 0.89732 -0.877482 0.00517792 -0.479621 -0.843116
-0.472255 0.0229433 0.88119 42.8586 0.0146097 0.999735 -0.0181986 0.876116 -0.881365 0.00427918 -0.47246 -1.2695
-0.46582 0.021811 0.884631 43.6842 0.0129229 0.999752 -0.017843 0.857374 -0.884807 0.00312046 -0.465986 -1.69453
-0.460221 0.019421 0.887618 44.5363 0.00922184 0.999816 -0.0170931 0.835545 -0.88778 0.00031857 -0.460312 -2.11433
-0.458945 0.0164819 0.888331 45.4107 0.00437705 0.999852 -0.0162881 0.814524 -0.888474 -0.00358705 -0.458949 -2.54173
-0.458434 0.0141393 0.888639 46.3002 0.00187785 0.999888 -0.0149393 0.790607 -0.888747 -0.00518022 -0.458407 -2.98139
-0.459459 0.0128454 0.888124 47.2001 0.000931714 0.999897 -0.0139783 0.773288 -0.888218 -0.00559513 -0.459423 -3.43778
-0.461026 0.0122291 0.887325 48.1098 0.000706963 0.999911 -0.0134121 0.757647 -0.887406 -0.00555641 -0.460992 -3.90865
-0.460724 0.0115284 0.887486 49.0231 0.000222662 0.999912 -0.0128715 0.739393 -0.887561 -0.00573281 -0.460685 -4.3883
-0.460993 0.0109119 0.887359 49.9471 0.000382384 0.999926 -0.0120961 0.726478 -0.887422 -0.00523733 -0.460963 -4.86624
-0.461971 0.00997614 0.886856 50.8661 -2.37075e-05 0.999931 -0.0112587 0.719139 -0.886913 -0.00522247 -0.461939 -5.35564
-0.46191 0.00873518 0.886905 51.7835 -0.00207569 0.999936 -0.0109282 0.704406 -0.88694 -0.00688926 -0.461863 -5.86568
-0.463179 0.00821467 0.886245 52.6716 -0.00229545 0.999937 -0.0104664 0.680742 -0.88628 -0.00688242 -0.463131 -6.37061
-0.462663 0.00736778 0.886525 53.5437 -0.00364068 0.999939 -0.0102089 0.678 -0.886544 -0.00795137 -0.462609 -6.84385
-0.462118 0.00595025 0.886816 54.4144 -0.0042787 0.999946 -0.00893706 0.675903 -0.886826 -0.00792473 -0.462067 -7.32176
-0.462469 0.00343375 0.88665 55.2868 -0.00449319 0.999967 -0.00621465 0.692862 -0.886639 -0.00685855 -0.46244 -7.78826
-0.46009 0.0024012 0.88789 56.1794 -0.00526597 0.999965 -0.00543129 0.693602 -0.887877 -0.00717477 -0.460062 -8.24416
-0.458313 0.00160279 0.888808 57.0477 -0.00540769 0.99997 -0.00459013 0.686349 -0.888788 -0.00691067 -0.458293 -8.67186
-0.456984 0.00331858 0.88949 57.8921 -0.0043182 0.999964 -0.0059475 0.721211 -0.889482 -0.00655924 -0.456956 -9.11085
-0.455639 0.00529705 0.890165 58.7327 -0.00388595 0.999957 -0.00793753 0.800574 -0.890171 -0.00707646 -0.455599 -9.60397
-0.455051 0.00589017 0.890466 59.5275 -0.011768 0.999842 -0.0126261 0.890283 -0.890404 -0.0162248 -0.454913 -10.0612
-0.448972 0.00204088 0.893558 60.3429 -0.0285816 0.999449 -0.0166419 0.9622 -0.893102 -0.0330121 -0.448666 -10.4469
-0.448561 -0.00114016 0.89377 61.1555 -0.0401087 0.999009 -0.0188538 1.02199 -0.892868 -0.0443053 -0.448165 -10.8424
-0.451896 -0.00417088 0.892076 61.9765 -0.044561 0.998843 -0.0179014 1.05035 -0.890971 -0.0478423 -0.451559 -11.2394
-0.454716 -0.00854271 0.890617 62.8454 -0.0486477 0.998693 -0.0152566 1.07615 -0.889329 -0.0502639 -0.454538 -11.6556
-0.459994 -0.0111513 0.887865 63.6944 -0.0522279 0.998527 -0.0145158 1.0733 -0.886398 -0.0530498 -0.459897 -12.0686
-0.464196 -0.00982777 0.8857 64.563 -0.0518958 0.998517 -0.0161172 1.05778 -0.884235 -0.0534456 -0.464017 -12.5002
-0.469475 -0.00918848 0.88291 65.4376 -0.0519859 0.998496 -0.0172497 1.0313 -0.881427 -0.0539984 -0.469245 -12.9528
-0.475957 -0.00940875 0.879439 66.3081 -0.053868 0.99837 -0.0184707 0.995616 -0.87784 -0.0561648 -0.475688 -13.4153
-0.479561 -0.00939957 0.877468 67.1712 -0.0547194 0.998312 -0.0192101 0.954328 -0.875812 -0.0572283 -0.479266 -13.8706
-0.483064 -0.010454 0.875539 67.9961 -0.0543611 0.998349 -0.0180706 0.902364 -0.873914 -0.0563248 -0.482836 -14.3171
-0.4864 -0.0163696 0.873592 68.8183 -0.0526643 0.998552 -0.0106104 0.857898 -0.872157 -0.0511693 -0.486558 -14.7609
-0.487378 -0.0223169 0.872923 69.6497 -0.0516381 0.998652 -0.00329807 0.82827 -0.871682 -0.046684 -0.487875 -15.1982
-0.489977 -0.0240811 0.871414 70.4849 -0.0500296 0.998746 -0.000529776 0.801129 -0.870308 -0.0438573 -0.490566 -15.6337
-0.490684 -0.0202761 0.871119 71.3226 -0.050021 0.998727 -0.00492772 0.774445 -0.86992 -0.0459927 -0.491075 -16.0796
-0.49195 -0.0152689 0.870501 72.1571 -0.0497167 0.998705 -0.010578 0.739674 -0.869213 -0.0484836 -0.492071 -16.5323
-0.493668 -0.0110137 0.869598 72.9855 -0.0449422 0.998896 -0.0128604 0.704798 -0.868511 -0.0454307 -0.493618 -16.9996
-0.492961 -0.0113447 0.869988 73.8094 -0.0438937 0.998963 -0.0118441 0.655025 -0.868954 -0.0440269 -0.492948 -17.4855
-0.492733 -0.0136179 0.870091 74.6312 -0.0446652 0.998945 -0.00965761 0.6062 -0.869054 -0.0436215 -0.492822 -17.981
-0.493207 -0.0171425 0.869755 75.4373 -0.0469403 0.998872 -0.00693003 0.560383 -0.868655 -0.0442457 -0.493456 -18.4817
-0.491845 -0.0223139 0.870413 76.2478 -0.0498143 0.998746 -0.002543 0.520497 -0.869277 -0.04461 -0.49234 -18.9821
-0.492867 -0.0276399 0.869678 77.0557 -0.0581786 0.998303 -0.00124279 0.485007 -0.868166 -0.0512106 -0.49364 -19.4796
-0.490587 -0.0298124 0.870899 77.8753 -0.0640144 0.997938 -0.00189692 0.451102 -0.869059 -0.056681 -0.491483 -19.9737
-0.488492 -0.0293363 0.872087 78.6981 -0.0614139 0.998111 -0.000824334 0.417463 -0.870413 -0.0539625 -0.489371 -20.4656
-0.487098 -0.0268012 0.872953 79.5206 -0.0572967 0.998348 -0.00131799 0.384061 -0.871488 -0.0506595 -0.487828 -20.9525
-0.480994 -0.0254757 0.876366 80.3453 -0.0567423 0.998386 -0.00211978 0.353318 -0.874896 -0.050748 -0.481662 -21.4315
-0.47357 -0.0236963 0.880456 81.1691 -0.052163 0.99863 -0.00117825 0.325023 -0.879233 -0.0464855 -0.474156 -21.9004
-0.466292 -0.0220076 0.884368 81.9931 -0.0467327 0.998906 0.000218262 0.299251 -0.883405 -0.0412283 -0.46681 -22.3682
-0.454721 -0.023089 0.890355 82.8307 -0.0488421 0.998798 0.000958544 0.277206 -0.889318 -0.0430509 -0.455301 -22.8167
-0.444316 -0.0264309 0.895491 83.6646 -0.0525507 0.998613 0.0034009 0.257906 -0.894337 -0.0455491 -0.445087 -23.2513
-0.431772 -0.0289451 0.901538 84.5067 -0.0517142 0.998627 0.00729697 0.239879 -0.900524 -0.0434718 -0.432675 -23.665
-0.420253 -0.031333 0.906879 85.3565 -0.0540736 0.998492 0.00944084 0.221221 -0.905807 -0.0450721 -0.421312 -24.0646
-0.408564 -0.0326288 0.912165 86.2124 -0.0550384 0.998413 0.0110641 0.20717 -0.911093 -0.0456838 -0.409711 -24.4486
-0.395424 -0.0318948 0.917959 87.0758 -0.0527095 0.99854 0.01199 0.195351 -0.917 -0.0436453 -0.396524 -24.8211
-0.382526 -0.0285192 0.923522 87.9445 -0.0529874 0.998546 0.00889034 0.188709 -0.922447 -0.0455344 -0.38348 -25.1777
-0.371716 -0.0227328 0.928085 88.8146 -0.0531408 0.998584 0.00317682 0.175657 -0.92684 -0.0481394 -0.372394 -25.5219
-0.357906 -0.0194293 0.933572 89.6909 -0.0545122 0.998502 -0.000116059 0.161745 -0.932187 -0.0509326 -0.358428 -25.8492
-0.346283 -0.0222576 0.937885 90.5738 -0.0560228 0.998427 0.00301094 0.152867 -0.936474 -0.0515013 -0.346981 -26.1652
-0.333589 -0.0243607 0.942419 91.4623 -0.0553903 0.998435 0.00620399 0.146173 -0.941112 -0.0501315 -0.334414 -26.4639
-0.32381 -0.0234363 0.94585 92.3498 -0.0576411 0.998327 0.00500441 0.146565 -0.944383 -0.0529003 -0.324615 -26.7514
-0.31815 -0.0196533 0.947853 93.2271 -0.0617298 0.998084 -2.31577e-05 0.153277 -0.946052 -0.0585181 -0.318751 -27.0361
-0.312462 -0.014959 0.949832 94.0984 -0.0656847 0.997825 -0.00589195 0.154717 -0.947676 -0.0642314 -0.312761 -27.3113
-0.309013 -0.0132738 0.950981 94.9764 -0.0694523 0.997537 -0.00864245 0.142868 -0.94854 -0.0687185 -0.309172 -27.5914
-0.306664 -0.0142649 0.951734 95.8453 -0.0715339 0.997406 -0.00809884 0.130817 -0.949146 -0.0705656 -0.306886 -27.8715
-0.302015 -0.0141406 0.953215 96.7146 -0.0704282 0.997479 -0.00751519 0.11858 -0.950721 -0.069403 -0.302247 -28.1618
-0.297113 -0.0163116 0.954725 97.5844 -0.0695576 0.99757 -0.0046019 0.112446 -0.952326 -0.0677765 -0.297522 -28.4442
-0.290543 -0.0189276 0.956691 98.4472 -0.0685363 0.997638 -0.00107436 0.0986077 -0.954427 -0.0658805 -0.291151 -28.7227
-0.284921 -0.021489 0.958331 99.3049 -0.0697403 0.997566 0.00163529 0.0801117 -0.956031 -0.0663693 -0.285723 -28.998
-0.27971 -0.0226903 0.959833 100.155 -0.0767454 0.997039 0.00120732 0.0607839 -0.957036 -0.0733251 -0.28062 -29.2677
-0.273013 -0.0207625 0.961808 101.004 -0.0834463 0.996509 -0.00217379 0.0394761 -0.958405 -0.0808537 -0.273789 -29.5263
-0.265487 -0.0174022 0.963974 101.867 -0.0827358 0.99655 -0.00479353 0.0147666 -0.960583 -0.0810281 -0.266008 -29.7754
-0.259163 -0.0155009 0.965731 102.724 -0.0835931 0.996477 -0.00643709 -0.0148815 -0.962232 -0.0823974 -0.259542 -30.0299
-0.252345 -0.0140994 0.967554 103.589 -0.0744352 0.997204 -0.00487941 -0.0355185 -0.964795 -0.0732514 -0.252687 -30.2898
-0.246157 -0.0165813 0.969111 104.452 -0.0679795 0.997683 -0.000195381 -0.0470702 -0.966863 -0.0659283 -0.246711 -30.5345
-0.239292 -0.0171144 0.970817 105.323 -0.0627627 0.998017 0.00212613 -0.0540835 -0.968943 -0.0604223 -0.239888 -30.773
-0.233213 -0.0136009 0.972354 106.192 -0.060117 0.998187 -0.000454959 -0.0579726 -0.970586 -0.0585614 -0.233606 -31.003
-0.227463 -0.0109436 0.973746 107.059 -0.0596151 0.998207 -0.00270488 -0.0639185 -0.971986 -0.0586651 -0.227704 -31.2198
-0.220432 -0.0104359 0.97537 107.923 -0.0577962 0.998322 -0.00237894 -0.0716899 -0.973709 -0.0568974 -0.220663 -31.4277
-0.214828 -0.0106125 0.976615 108.776 -0.0560632 0.998416 -0.00148051 -0.0806901 -0.975066 -0.0550701 -0.215079 -31.6272
-0.207252 -0.0108816 0.978252 109.624 -0.0490112 0.998793 0.000728129 -0.0910145 -0.977081 -0.0477944 -0.207533 -31.8171
-0.200493 -0.00982724 0.979667 110.475 -0.0451845 0.998966 0.000776092 -0.100957 -0.978678 -0.0441098 -0.200727 -31.998
-0.19458 -0.00865286 0.980875 111.327 -0.0415366 0.999132 0.000575743 -0.10595 -0.980031 -0.0406298 -0.194768 -32.1732
-0.188318 -0.00950218 0.982083 112.184 -0.0469826 0.998884 0.000658263 -0.10838 -0.98101 -0.0460164 -0.188551 -32.3336
-0.183029 -0.00914851 0.983092 113.04 -0.0480429 0.998837 0.000352121 -0.111702 -0.981957 -0.0471656 -0.183254 -32.4857
-0.180072 -0.00856773 0.983638 113.892 -0.0458039 0.99894 0.000318457 -0.117968 -0.982614 -0.0449965 -0.18027 -32.6359
-0.175935 -0.00872109 0.984392 114.744 -0.0472862 0.998874 0.000399705 -0.128455 -0.983291 -0.0464771 -0.176147 -32.7819
-0.172127 -0.00826401 0.985061 115.604 -0.0493937 0.998768 -0.00024912 -0.141356 -0.983865 -0.048698 -0.172319 -32.9263
-0.168053 -0.0106614 0.985756 116.453 -0.0491138 0.998782 0.0024308 -0.157015 -0.984579 -0.0480048 -0.168371 -33.0665
-0.165001 -0.0134719 0.986226 117.316 -0.046736 0.99888 0.0058283 -0.173286 -0.985219 -0.0451296 -0.165442 -33.1947
-0.162907 -0.0133445 0.986589 118.188 -0.0409293 0.999132 0.00675743 -0.189404 -0.985817 -0.0392784 -0.163311 -33.3243
-0.157915 -0.0124277 0.987399 119.064 -0.04502 0.99896 0.00537597 -0.195678 -0.986459 -0.0436025 -0.158306 -33.4445
-0.154015 -0.0125568 0.988029 119.94 -0.0502739 0.998716 0.0048575 -0.202803 -0.986813 -0.0489227 -0.154448 -33.5709
-0.151711 -0.0122 0.988375 120.81 -0.0533604 0.998553 0.00413783 -0.207935 -0.987015 -0.0521112 -0.15214 -33.7081
-0.148304 -0.0124682 0.988901 121.676 -0.0546546 0.998486 0.00439434 -0.212048 -0.987453 -0.0533951 -0.148761 -33.8466
-0.147677 -0.0165184 0.988923 122.54 -0.0544163 0.998468 0.00855446 -0.213622 -0.987569 -0.0525494 -0.148347 -33.988
-0.146512 -0.0219276 0.98901 123.41 -0.057913 0.998221 0.0135546 -0.207402 -0.987535 -0.0552891 -0.147522 -34.1252
-0.148356 -0.024493 0.988655 124.282 -0.0562341 0.998272 0.0162951 -0.196845 -0.987364 -0.0531779 -0.149474 -34.2561
-0.149089 -0.0219342 0.988624 125.155 -0.058973 0.998164 0.0132545 -0.192844 -0.987086 -0.0563247 -0.15011 -34.3851
-0.149596 -0.019257 0.988584 126.028 -0.0585833 0.998213 0.0105818 -0.187913 -0.98704 -0.0563308 -0.150453 -34.5089
-0.151698 -0.0178293 0.98831 126.902 -0.0599937 0.998151 0.00880044 -0.188173 -0.986627 -0.057956 -0.152488 -34.6366
-0.151427 -0.0182284 0.988325 127.774 -0.0614304 0.998058 0.00899796 -0.184728 -0.986587 -0.0593499 -0.15225 -34.7618
-0.149735 -0.0179951 0.988607 128.644 -0.0580413 0.99826 0.00938233 -0.1835 -0.987044 -0.0559737 -0.15052 -34.8834
-0.151199 -0.0147192 0.988416 129.511 -0.0580734 0.998282 0.00598491 -0.185883 -0.986825 -0.056495 -0.151791 -35.0044
-0.15116 -0.0107857 0.988494 130.374 -0.0613039 0.998108 0.00151824 -0.190001 -0.986634 -0.0603675 -0.151536 -35.1167
-0.151175 -0.00976335 0.988482 131.238 -0.0641298 0.997929 5.14972e-05 -0.192337 -0.986455 -0.0633823 -0.151484 -35.2204
-0.151225 -0.0105991 0.988486 132.099 -0.0667412 0.99776 0.00049022 -0.19971 -0.98627 -0.065897 -0.151594 -35.3225
-0.150548 -0.00868942 0.988587 132.957 -0.0639725 0.997938 -0.00096776 -0.204123 -0.98656 -0.0633872 -0.15079 -35.4257
-0.149923 -0.00630942 0.98872 133.817 -0.0627655 0.998013 -0.00314648 -0.20828 -0.986729 -0.0625277 -0.150021 -35.5249
-0.147312 -0.00885494 0.989072 134.674 -0.0593617 0.998222 9.82214e-05 -0.21361 -0.987338 -0.0586976 -0.147573 -35.6179
-0.144111 -0.0112893 0.989541 135.534 -0.0565328 0.998386 0.00315922 -0.218664 -0.98797 -0.0554848 -0.144518 -35.7095
-0.143417 -0.0158937 0.989556 136.393 -0.0532603 0.998533 0.00832121 -0.219641 -0.988258 -0.0515097 -0.144049 -35.8032
-0.13963 -0.0153209 0.990131 137.246 -0.0558447 0.998401 0.00757567 -0.223265 -0.988654 -0.0542342 -0.140263 -35.9058
-0.136966 -0.014902 0.990488 138.086 -0.0690297 0.997586 0.00546597 -0.235751 -0.988198 -0.0676234 -0.137661 -36.0024
-0.13335 -0.0104751 0.991064 138.891 -0.0665896 0.997768 0.00158844 -0.242439 -0.988855 -0.0657806 -0.133751 -36.1016
-0.12635 -0.011759 0.991942 139.673 -0.0800461 0.996775 0.00162309 -0.257303 -0.988783 -0.0791947 -0.126881 -36.1953
-0.118699 -0.013767 0.992885 140.437 -0.0795573 0.996808 0.00431281 -0.267964 -0.989765 -0.0784767 -0.119417 -36.2939
-0.109485 -0.0179563 0.993854 141.193 -0.0885063 0.996027 0.00824797 -0.280013 -0.990073 -0.0870576 -0.110637 -36.3741
-0.0966929 -0.0181569 0.995201 141.946 -0.0946299 0.995459 0.00897007 -0.294453 -0.990832 -0.0933057 -0.097973 -36.4388
-0.0834956 -0.0179427 0.996376 142.697 -0.101192 0.994811 0.0094371 -0.312202 -0.991394 -0.100036 -0.084875 -36.4917
-0.0701227 -0.0181827 0.997426 143.45 -0.10815 0.994069 0.0105208 -0.330851 -0.991688 -0.107131 -0.0716734 -36.5348
-0.0567704 -0.0158011 0.998294 144.201 -0.111417 0.993715 0.00939511 -0.348807 -0.992189 -0.110692 -0.0581716 -36.5681
-0.0442528 -0.0111107 0.999013 144.951 -0.116609 0.993148 0.00588273 -0.370269 -0.992221 -0.116231 -0.0452451 -36.5883
-0.0323515 -0.00151281 0.999508 145.699 -0.122465 0.992459 -0.00245885 -0.397766 -0.991985 -0.122481 -0.0322905 -36.6
-0.0207257 0.00441995 0.999832 146.445 -0.130509 0.991409 -0.00708562 -0.428432 -0.991261 -0.13063 -0.0199703 -36.5998
-0.00870957 0.00542855 0.99998 147.19 -0.133324 0.991039 -0.00653842 -0.456696 -0.991076 -0.133375 -0.00790593 -36.5924
0.00126504 0.001748 1.00005 147.932 -0.13385 0.990986 -0.00156016 -0.479906 -0.991031 -0.133852 0.00148851 -36.5781
0.0108063 -0.00025197 0.999976 148.671 -0.134287 0.990928 0.00170348 -0.500447 -0.990928 -0.134298 0.0106761 -36.5561
0.018566 0.00398084 0.999878 149.407 -0.136586 0.990617 -0.00140521 -0.522203 -0.990486 -0.136539 0.0189367 -36.5257
0.02371 0.00848614 0.999718 150.141 -0.136025 0.990677 -0.00518066 -0.546141 -0.990467 -0.13586 0.0246448 -36.4908
0.0279505 0.0107939 0.999607 150.874 -0.136059 0.990666 -0.00689036 -0.569957 -0.990339 -0.135809 0.0291595 -36.4529
0.0294505 0.0071586 0.999576 151.608 -0.137485 0.990486 -0.00304023 -0.591092 -0.990112 -0.137333 0.030156 -36.4136
0.0290247 0.0033034 0.999629 152.343 -0.138714 0.990321 0.000757684 -0.60914 -0.989938 -0.138681 0.0292033 -36.3742
0.0261667 0.00127601 0.999694 153.078 -0.140818 0.99002 0.0024247 -0.626035 -0.989741 -0.140833 0.0260869 -36.3379
0.0226677 0.000760905 0.999799 153.814 -0.138341 0.990372 0.00238543 -0.642049 -0.990157 -0.138364 0.0225558 -36.3055
0.0180674 -0.000128807 0.999873 154.552 -0.137571 0.990474 0.00261598 -0.657596 -0.990378 -0.137596 0.0178793 -36.2776
0.0137795 -0.000922761 0.999963 155.291 -0.134313 0.99093 0.00276792 -0.671177 -0.990876 -0.134343 0.0135314 -36.2535
0.00908223 -0.00160885 0.999996 156.032 -0.137685 0.990456 0.0028464 -0.685504 -0.990493 -0.137704 0.00877584 -36.2307
0.0039129 -0.00432935 1.00004 156.777 -0.135364 0.990781 0.0048216 -0.696961 -0.990825 -0.135384 0.00329113 -36.2127
-0.00149505 -0.00479985 1.00003 157.524 -0.134297 0.990915 0.00455769 -0.707258 -0.991 -0.134287 -0.00212423 -36.2008
-0.00646141 -0.00568436 1.00002 158.273 -0.139144 0.990254 0.00473239 -0.71994 -0.990291 -0.139111 -0.00718925 -36.193
-0.0117325 -0.00620336 0.999949 159.023 -0.130903 0.991369 0.00461664 -0.729771 -0.991386 -0.130836 -0.0124414 -36.1909
-0.0171065 -0.0046066 0.999902 159.771 -0.124572 0.9922 0.00244243 -0.742938 -0.992102 -0.124513 -0.0175471 -36.1944
-0.0205899 -0.00401839 0.999816 160.518 -0.119836 0.992776 0.00152465 -0.755034 -0.992638 -0.119777 -0.0209209 -36.2013
-0.0221174 -0.00446177 0.999804 161.262 -0.108213 0.994118 0.00204514 -0.765837 -0.99392 -0.108141 -0.0224705 -36.2138
-0.0228098 -0.00583787 0.999758 162.005 -0.103712 0.994585 0.00344381 -0.777182 -0.994402 -0.103602 -0.0232899 -36.2279
-0.0194745 -0.00938618 0.999826 162.749 -0.101024 0.994847 0.00737446 -0.785635 -0.99473 -0.100857 -0.0203226 -36.2395
-0.0124926 -0.00940912 0.999913 163.494 -0.0961109 0.995316 0.00816754 -0.793208 -0.995345 -0.0959947 -0.0133369 -36.246
-0.00232762 -0.0102659 1 164.239 -0.0891322 0.995959 0.0100198 -0.798261 -0.996053 -0.0891032 -0.00323282 -36.2453
0.0116893 -0.0102861 0.999914 164.985 -0.083895 0.996392 0.0112329 -0.802089 -0.99646 -0.0840133 0.0107855 -36.2347
0.0272214 -0.0131141 0.999603 165.728 -0.0754813 0.99702 0.0151389 -0.800813 -0.99681 -0.075857 0.0261517 -36.2155
0.043153 -0.0175091 0.998953 166.463 -0.0724014 0.997144 0.0206072 -0.797123 -0.996498 -0.0732083 0.0417633 -36.1801
0.0601969 -0.0227154 0.997989 167.198 -0.0672262 0.997365 0.0267597 -0.788971 -0.995953 -0.0686952 0.0585139 -36.1322
0.0773292 -0.0287659 0.996629 167.93 -0.0689913 0.997016 0.0341319 -0.775532 -0.994674 -0.0713914 0.0751147 -36.0726
0.0947105 -0.0355227 0.994932 168.66 -0.0671439 0.996848 0.0419865 -0.756443 -0.993271 -0.0707735 0.0920306 -36.0011
0.111797 -0.0411427 0.992919 169.386 -0.0688098 0.996408 0.0490362 -0.73405 -0.991407 -0.0737977 0.108565 -35.918
0.129396 -0.0429392 0.990725 170.11 -0.0701307 0.99615 0.0523381 -0.709549 -0.989144 -0.0762457 0.125892 -35.8214
0.147074 -0.0433146 0.988217 170.828 -0.0723146 0.995883 0.054414 -0.683373 -0.986542 -0.0794584 0.143336 -35.7119
0.164383 -0.0435015 0.985499 171.54 -0.0735109 0.995692 0.0562178 -0.657056 -0.983688 -0.0816792 0.160484 -35.5893
0.180808 -0.0436449 0.982591 172.246 -0.0787309 0.995158 0.0586909 -0.628226 -0.980429 -0.0879652 0.176494 -35.4547
0.194767 -0.0455587 0.979853 172.946 -0.0797722 0.99486 0.0621176 -0.597732 -0.977635 -0.0902566 0.190139 -35.3092
0.207055 -0.0482006 0.977184 173.641 -0.0820965 0.994399 0.0664451 -0.564755 -0.97495 -0.093974 0.201935 -35.1562
0.217569 -0.0482882 0.974912 174.334 -0.0834936 0.994176 0.0678806 -0.529955 -0.972501 -0.0961606 0.21228 -34.9945
0.227413 -0.0444066 0.972828 175.021 -0.0893571 0.993788 0.0662514 -0.495479 -0.969767 -0.101988 0.222027 -34.8236
0.236145 -0.0378824 0.971044 175.701 -0.0941133 0.993632 0.0616558 -0.466182 -0.967187 -0.10594 0.231086 -34.6463
0.245279 -0.0287125 0.969074 176.375 -0.0950965 0.994025 0.0535216 -0.439928 -0.964854 -0.105276 0.241077 -34.4615
0.25186 -0.0244116 0.96752 177.043 -0.0863396 0.99511 0.0475877 -0.417368 -0.963942 -0.0955129 0.248531 -34.2743
0.257496 -0.0267706 0.965957 177.701 -0.0809582 0.995501 0.0491708 -0.391641 -0.962961 -0.0908557 0.254164 -34.0869
0.26234 -0.0348453 0.964411 178.347 -0.0754226 0.995529 0.0564913 -0.360139 -0.962061 -0.0875499 0.258551 -33.894
0.265318 -0.0440805 0.963203 178.977 -0.0785397 0.994643 0.0671531 -0.320294 -0.961039 -0.0934583 0.260428 -33.7042
0.266195 -0.0512071 0.962621 179.597 -0.0802785 0.993917 0.0750774 -0.282842 -0.960605 -0.0972549 0.260479 -33.511
0.266064 -0.05239 0.962579 180.214 -0.0767963 0.994197 0.0753369 -0.247697 -0.960975 -0.0939591 0.260489 -33.3176
0.265574 -0.0504798 0.96283 180.829 -0.0702534 0.994937 0.0715462 -0.215732 -0.961561 -0.0866349 0.260696 -33.1251
0.265741 -0.0512262 0.962729 181.449 -0.0655379 0.995313 0.07105 -0.182567 -0.961892 -0.0819683 0.261133 -32.935
0.266607 -0.053686 0.962369 182.066 -0.0647544 0.995169 0.07346 -0.14709 -0.961661 -0.0818945 0.261856 -32.7411
0.268697 -0.0565841 0.961609 182.683 -0.0652719 0.994908 0.0767812 -0.110579 -0.961087 -0.0833894 0.263629 -32.5514
0.271099 -0.0613488 0.960659 183.304 -0.0631486 0.99466 0.081347 -0.0728257 -0.960512 -0.082709 0.265791 -32.3622
0.274839 -0.06349 0.959439 183.924 -0.0616731 0.994598 0.0834822 -0.0347201 -0.959586 -0.0821083 0.269433 -32.1733
0.27991 -0.064988 0.957888 184.545 -0.0595884 0.994584 0.0848966 0.0033591 -0.95821 -0.0808341 0.274536 -31.9838
0.288237 -0.0672286 0.955244 185.166 -0.0570492 0.994553 0.0872082 0.0463158 -0.955933 -0.0796251 0.282825 -31.792
0.297361 -0.0684232 0.952375 185.791 -0.0540805 0.994596 0.0883489 0.0894037 -0.953269 -0.0777679 0.29207 -31.5979
0.308691 -0.0668436 0.948858 186.415 -0.0545066 0.994641 0.0878007 0.132831 -0.949673 -0.0788148 0.303387 -31.3985
0.320332 -0.0635546 0.945237 187.038 -0.0544814 0.994836 0.0853593 0.177256 -0.945775 -0.0788325 0.315232 -31.1962
0.331858 -0.0605938 0.94143 187.658 -0.0552831 0.994966 0.0835265 0.221558 -0.941783 -0.0797565 0.326831 -30.9923
0.343993 -0.0606326 0.937076 188.283 -0.0526997 0.995069 0.0837371 0.27071 -0.937527 -0.0781803 0.33912 -30.774
0.35587 -0.0622241 0.932509 188.911 -0.0524784 0.994871 0.0864116 0.319756 -0.933134 -0.0796805 0.350772 -30.549
0.366943 -0.0634747 0.928136 189.539 -0.0520942 0.994675 0.0886276 0.370315 -0.928816 -0.0808637 0.361702 -30.3114
0.379149 -0.0639196 0.923173 190.166 -0.052243 0.994535 0.090316 0.423045 -0.923933 -0.0824654 0.373731 -30.0629
0.388784 -0.0648609 0.919102 190.791 -0.0537891 0.994194 0.0929197 0.479043 -0.919789 -0.0855558 0.383059 -29.7998
0.397294 -0.0635526 0.915536 191.421 -0.0577255 0.993883 0.0940402 0.534905 -0.915947 -0.090204 0.391189 -29.5338
0.402058 -0.0657875 0.913304 192.05 -0.057224 0.993635 0.0967716 0.590981 -0.913854 -0.0911636 0.395755 -29.2591
0.404416 -0.0678399 0.912103 192.684 -0.055139 0.993614 0.0983493 0.64837 -0.912985 -0.0900593 0.398086 -28.9916
0.405625 -0.0680275 0.91156 193.323 -0.0516191 0.993906 0.0971479 0.704976 -0.912612 -0.0864524 0.399661 -28.7268
0.405573 -0.067574 0.911608 193.962 -0.050305 0.994094 0.0960676 0.763832 -0.912751 -0.0848137 0.399771 -28.4604
0.405468 -0.0674529 0.911673 194.598 -0.0478743 0.994313 0.0948654 0.825715 -0.912884 -0.0821032 0.399953 -28.1939
0.406455 -0.0689602 0.911111 195.24 -0.0456653 0.99436 0.0956314 0.885813 -0.912602 -0.0804688 0.401006 -27.923
0.406267 -0.0737186 0.910833 195.878 -0.04335 0.994038 0.0997953 0.953391 -0.912752 -0.0800208 0.400672 -27.6383
0.4069 -0.0762529 0.91033 196.518 -0.0430934 0.993789 0.102504 1.0194 -0.912527 -0.080931 0.40108 -27.3496
0.406569 -0.0776861 0.910369 197.156 -0.042587 0.993658 0.10382 1.08391 -0.912654 -0.0809724 0.400705 -27.0649
0.406099 -0.0786062 0.910487 197.787 -0.0429507 0.99354 0.104932 1.14743 -0.91289 -0.0817117 0.400094 -26.779
0.406357 -0.078641 0.910381 198.423 -0.0440086 0.993423 0.105465 1.2135 -0.91268 -0.0829137 0.400246 -26.4938
0.405411 -0.0778619 0.910858 199.06 -0.0458547 0.993367 0.105323 1.28503 -0.913053 -0.0844591 0.399148 -26.2065
0.405643 -0.0752664 0.910985 199.713 -0.0448009 0.993743 0.10206 1.34942 -0.91296 -0.0822053 0.399756 -25.9282
0.406752 -0.0701985 0.910886 200.355 -0.0468739 0.994114 0.0975436 1.4197 -0.912404 -0.0823651 0.401064 -25.6673
0.406351 -0.0685214 0.911202 201 -0.0477235 0.994206 0.0960522 1.47916 -0.912496 -0.0825092 0.40075 -25.3991
0.406927 -0.0703208 0.910796 201.644 -0.0482535 0.993972 0.098301 1.53703 -0.912251 -0.0839431 0.401079 -25.1047
0.406462 -0.0732469 0.910785 202.294 -0.0494857 0.993528 0.101993 1.59849 -0.912352 -0.0865196 0.40023 -24.804
0.404114 -0.0734975 0.911798 202.943 -0.0515568 0.99334 0.10292 1.66088 -0.913322 -0.0885934 0.397631 -24.5013
0.400491 -0.0733152 0.913423 203.598 -0.0539503 0.993152 0.103377 1.72012 -0.914738 -0.0906732 0.393817 -24.1996
0.393504 -0.0749022 0.916313 204.261 -0.054837 0.992974 0.104718 1.77656 -0.917754 -0.0914471 0.386629 -23.8993
0.385762 -0.0740583 0.919683 204.93 -0.056428 0.992987 0.103638 1.83646 -0.9209 -0.0918675 0.378901 -23.6105
0.375654 -0.0739277 0.923852 205.608 -0.0543561 0.993327 0.101589 1.89447 -0.925231 -0.088372 0.369127 -23.3281
0.364484 -0.0725211 0.928444 206.29 -0.0565671 0.99337 0.0998073 1.95039 -0.929519 -0.0888893 0.357988 -23.0608
0.35378 -0.0723218 0.932574 206.982 -0.0590712 0.993274 0.0994381 2.00511 -0.933528 -0.0902601 0.347128 -22.7902
0.343 -0.0776078 0.936188 207.686 -0.0580907 0.992894 0.1036 2.05768 -0.937567 -0.0899103 0.336076 -22.5263
0.333746 -0.0843766 0.938925 208.398 -0.0571689 0.992329 0.109496 2.11008 -0.940996 -0.0902137 0.326361 -22.2826
0.327133 -0.0888294 0.940857 209.101 -0.0572 0.991859 0.113541 2.16718 -0.943274 -0.0909522 0.319409 -22.0338
0.321854 -0.089274 0.942617 209.804 -0.0616625 0.991442 0.114952 2.22903 -0.944849 -0.0951141 0.313594 -21.7934
0.31987 -0.0901939 0.943222 210.513 -0.0617794 0.991329 0.115753 2.29328 -0.945474 -0.0952898 0.311545 -21.5388
0.318058 -0.0911106 0.94373 211.229 -0.0603359 0.991397 0.116046 2.34734 -0.94622 -0.0938424 0.309823 -21.3026
0.316075 -0.0899177 0.944527 211.95 -0.0611547 0.99147 0.11486 2.39373 -0.946788 -0.0940589 0.307901 -21.0582
0.315999 -0.0878619 0.944727 212.668 -0.0630856 0.99154 0.113316 2.44546 -0.94673 -0.0953986 0.307781 -20.7992
0.315953 -0.0886728 0.944686 213.391 -0.063228 0.991413 0.114215 2.50988 -0.946691 -0.0958093 0.307656 -20.5345
0.316795 -0.0894281 0.944314 214.103 -0.0633786 0.99131 0.11514 2.58259 -0.946444 -0.0963172 0.308373 -20.2762
0.318449 -0.0902495 0.943697 214.823 -0.0626537 0.991247 0.115949 2.66245 -0.945891 -0.096042 0.31003 -20.0222
0.319347 -0.0918085 0.943225 215.55 -0.0596998 0.991352 0.116705 2.74847 -0.945822 -0.0935722 0.311105 -19.7807
0.322805 -0.0925796 0.941987 216.284 -0.0583049 0.991339 0.117419 2.82421 -0.94469 -0.0928186 0.314635 -19.5354
0.326928 -0.0934775 0.94046 217.024 -0.0600673 0.991013 0.119382 2.9105 -0.943208 -0.0955126 0.318374 -19.2956
0.331293 -0.0969215 0.938599 217.763 -0.0598647 0.990517 0.123423 2.99584 -0.941649 -0.0970703 0.322373 -19.0477
0.336392 -0.100481 0.936394 218.51 -0.0600897 0.989958 0.127815 3.08453 -0.939876 -0.0992551 0.326975 -18.8045
0.340409 -0.101229 0.934876 219.259 -0.0602857 0.989763 0.129133 3.16798 -0.938367 -0.10031 0.330846 -18.5569
0.344102 -0.0970921 0.933947 220.006 -0.0661487 0.989644 0.127254 3.2417 -0.936672 -0.105559 0.334115 -18.3071
0.349132 -0.0910614 0.932704 220.751 -0.0717888 0.989714 0.12351 3.30965 -0.934344 -0.110071 0.339029 -18.0483
0.353411 -0.0889849 0.931275 221.494 -0.0750441 0.989542 0.123031 3.38694 -0.932526 -0.113359 0.343037 -17.7826
0.358101 -0.0900399 0.929398 222.241 -0.0740237 0.98944 0.124389 3.46704 -0.930769 -0.113333 0.347681 -17.5175
0.361624 -0.0891735 0.928099 222.987 -0.0745218 0.989448 0.124104 3.54825 -0.929415 -0.114034 0.351162 -17.2542
0.365468 -0.0875495 0.926765 223.731 -0.0754062 0.989482 0.123221 3.63286 -0.927788 -0.114909 0.355049 -16.984
0.370087 -0.0877349 0.924896 224.481 -0.0744319 0.989514 0.123647 3.72308 -0.926091 -0.114593 0.359672 -16.709
0.374367 -0.0882865 0.923135 225.231 -0.0729815 0.989535 0.124244 3.81207 -0.924427 -0.113877 0.364034 -16.4247
0.378758 -0.0902681 0.921132 225.976 -0.068088 0.989805 0.124992 3.8969 -0.923067 -0.110052 0.368745 -16.1337
0.383501 -0.0899411 0.919215 226.711 -0.0675099 0.989825 0.125025 3.98295 -0.921091 -0.109996 0.373555 -15.8364
0.387462 -0.0895325 0.917578 227.445 -0.0657888 0.990039 0.124381 4.06994 -0.919617 -0.108551 0.377705 -15.5362
0.392084 -0.0909091 0.915491 228.173 -0.0640944 0.989957 0.125764 4.15942 -0.917715 -0.10798 0.38235 -15.2284
0.3973 -0.0906993 0.913245 228.9 -0.0656856 0.989733 0.126868 4.24898 -0.915419 -0.110384 0.387254 -14.9137
0.400731 -0.0889305 0.911935 229.631 -0.0627886 0.990241 0.124169 4.33564 -0.914063 -0.107009 0.391268 -14.5939
0.404374 -0.0847535 0.91071 230.36 -0.0579938 0.99131 0.118002 4.41776 -0.912841 -0.100524 0.395934 -14.2684
0.407425 -0.0815533 0.909654 231.086 -0.0563012 0.991832 0.114148 4.4986 -0.91152 -0.0977133 0.39954 -13.9285
0.409944 -0.0835565 0.908328 231.811 -0.0554288 0.991663 0.116236 4.58502 -0.910511 -0.0979894 0.401886 -13.5892
0.413307 -0.0923732 0.905959 232.542 -0.0554016 0.990413 0.126271 4.67434 -0.908923 -0.102372 0.404262 -13.2519
0.415511 -0.104667 0.903599 233.273 -0.0520414 0.988985 0.138485 4.77307 -0.908184 -0.104559 0.405478 -12.924
0.417193 -0.111991 0.901956 233.99 -0.0507724 0.987922 0.146162 4.87684 -0.907416 -0.106765 0.406504 -12.5981
0.420192 -0.115016 0.900168 234.705 -0.0487853 0.987625 0.148959 4.97724 -0.90621 -0.106499 0.409371 -12.2687
0.422393 -0.112608 0.899457 235.418 -0.0461836 0.988254 0.145427 5.06904 -0.905253 -0.102959 0.412268 -11.9346
0.426899 -0.107025 0.897995 236.127 -0.0446485 0.989252 0.139123 5.16362 -0.903287 -0.0994772 0.417522 -11.5982
0.431269 -0.10274 0.896421 236.835 -0.0459122 0.989674 0.135529 5.25423 -0.901071 -0.0995983 0.422137 -11.26
0.434382 -0.100906 0.895111 237.537 -0.0428079 0.990256 0.132403 5.34065 -0.899804 -0.0958226 0.425817 -10.9178
0.438995 -0.0993686 0.893042 238.249 -0.0432482 0.990342 0.131467 5.42387 -0.897464 -0.0963282 0.430496 -10.5657
0.442426 -0.101154 0.891135 238.961 -0.0407472 0.990313 0.132639 5.51383 -0.895974 -0.0949857 0.434005 -10.2046
0.444786 -0.106638 0.889329 239.674 -0.0356171 0.989958 0.136531 5.61482 -0.894942 -0.0923945 0.436562 -9.84907
0.44762 -0.114019 0.886979 240.39 -0.030776 0.989273 0.142697 5.72533 -0.893786 -0.0911634 0.439298 -9.48479
0.449025 -0.120444 0.885428 241.109 -0.0267624 0.988579 0.148061 5.83872 -0.893134 -0.0901712 0.440712 -9.12568
0.45071 -0.128859 0.883373 241.831 -0.0193556 0.987867 0.153975 5.96607 -0.892548 -0.0864884 0.442738 -8.75198
0.452868 -0.1332 0.881637 242.555 -0.0190979 0.987065 0.158953 6.09134 -0.891387 -0.0888147 0.444508 -8.37329
0.45296 -0.135272 0.881261 243.278 -0.0168337 0.98693 0.160143 6.22021 -0.891458 -0.0873651 0.444755 -8.0181
0.455621 -0.124393 0.881509 243.999 -0.0247381 0.988003 0.152222 6.33889 -0.889843 -0.0911551 0.44712 -7.66128
0.456829 -0.113455 0.882343 244.716 -0.026266 0.989662 0.140853 6.45004 -0.889253 -0.0875133 0.449118 -7.30504
0.457334 -0.106861 0.882921 245.431 -0.0267394 0.990619 0.13376 6.55826 -0.888905 -0.0847744 0.45023 -6.94233
0.457606 -0.108489 0.882564 246.153 -0.0259346 0.990458 0.135199 6.67082 -0.888862 -0.0847489 0.450419 -6.57457
0.45741 -0.1132 0.882094 246.869 -0.0243324 0.989867 0.139664 6.78625 -0.888934 -0.0853392 0.450066 -6.20784
0.458879 -0.115489 0.881014 247.589 -0.0216718 0.989749 0.14103 6.90366 -0.888319 -0.0838012 0.451664 -5.84203
0.459994 -0.116826 0.880275 248.317 -0.0178877 0.989853 0.140731 7.01604 -0.887753 -0.0804738 0.453282 -5.48438
