1 0 0 0 0 1 0 0 0 0 1 0
0.999879 0.000882164 0.0155046 0.00251708 -0.000877627 1 -0.000299437 -0.00974804 -0.0155049 0.000285794 0.99988 0.113603
0.999334 0.00259647 0.0363872 0.0125392 -0.00260391 0.999997 0.000157003 -0.00528303 -0.0363867 -0.000251648 0.999338 0.260013
0.99799 0.00382183 0.0632541 0.0269085 -0.00390952 0.999992 0.00126254 -0.0049696 -0.0632488 -0.0015073 0.997997 0.410817
0.995318 0.0036407 0.0965903 0.064106 -0.00397281 0.999987 0.0032462 -0.00929387 -0.0965772 -0.00361473 0.995319 0.596098
0.990975 0.000677589 0.134044 0.116479 -0.0013969 0.999985 0.00527223 -0.00406676 -0.134039 -0.00541189 0.990961 0.79423
0.984769 -0.00153342 0.17386 0.179211 0.000438241 0.99998 0.00633739 -0.00928394 -0.173866 -0.00616467 0.98475 0.986404
0.97614 -0.00154924 0.217138 0.250517 -6.75842e-05 0.999972 0.00743842 -0.00865667 -0.217144 -0.00727561 0.976113 1.20458
0.964295 -0.00146366 0.264827 0.331388 -0.00129289 0.999947 0.0102343 -0.000158501 -0.264828 -0.0102113 0.964242 1.42364
0.949969 -0.00529 0.312299 0.438193 -0.000118906 0.99985 0.0172981 0.0096393 -0.312344 -0.0164698 0.949826 1.66416
0.933138 -0.0144293 0.359227 0.565321 0.00553954 0.999653 0.0257641 -0.00280422 -0.359475 -0.0220515 0.932894 1.87557
0.912149 -0.0199543 0.409374 0.710955 0.00797575 0.999489 0.0309473 -0.00065998 -0.409782 -0.0249635 0.911842 2.10616
0.88724 -0.0212151 0.460819 0.873452 0.00582826 0.999378 0.0347877 0.00770464 -0.461271 -0.0281792 0.886812 2.35887
0.85897 -0.0232342 0.511499 1.04631 0.00393296 0.99924 0.0387844 0.023679 -0.512012 -0.0313029 0.858408 2.58709
0.827193 -0.0281173 0.561215 1.25175 0.00458298 0.999052 0.0432983 0.0303906 -0.5619 -0.033244 0.826537 2.82662
0.791644 -0.0336168 0.610057 1.47128 0.00630531 0.998882 0.0468605 0.0362515 -0.61095 -0.0332503 0.790971 3.05173
0.753961 -0.0376246 0.655841 1.71855 0.00663575 0.998744 0.0496678 0.0506359 -0.656886 -0.0330956 0.753264 3.27673
0.71438 -0.0403313 0.698595 1.99162 0.00632268 0.998669 0.0511896 0.0601801 -0.699729 -0.0321519 0.713684 3.51124
0.672784 -0.0416653 0.738665 2.28035 0.0044129 0.998621 0.0523091 0.0787278 -0.739826 -0.0319331 0.67204 3.7288
0.630524 -0.041984 0.775033 2.60604 0.000270177 0.998548 0.0538721 0.109354 -0.77617 -0.0337583 0.62962 3.96276
0.58888 -0.0425828 0.807098 2.93817 -0.00263311 0.998505 0.0546027 0.125798 -0.808216 -0.0342796 0.587888 4.18543
0.5489 -0.0437435 0.834743 3.3103 -0.004913 0.998444 0.0555527 0.148489 -0.835874 -0.034594 0.547831 4.39914
0.510657 -0.0450852 0.858602 3.72484 -0.00684227 0.99838 0.0564944 0.167384 -0.859757 -0.034724 0.509521 4.61055
0.473433 -0.045442 0.879657 4.13645 -0.00974831 0.998337 0.0568194 0.190686 -0.880776 -0.0354754 0.472203 4.8255
0.437353 -0.0451555 0.898156 4.58907 -0.0109604 0.998397 0.0555323 0.219444 -0.899223 -0.0341313 0.436157 5.02193
0.403773 -0.0449875 0.913753 5.07616 -0.00988873 0.998518 0.0535305 0.237293 -0.914806 -0.03065 0.402729 5.22006
0.37428 -0.0439588 0.926274 5.582 -0.00791652 0.998688 0.0505942 0.260626 -0.927282 -0.0262692 0.37344 5.40969
0.349112 -0.042971 0.936095 6.12559 -0.00731416 0.998793 0.0485769 0.287138 -0.937053 -0.0238055 0.348376 5.60135
0.328692 -0.0425125 0.94348 6.6931 -0.00663782 0.998858 0.0473203 0.316715 -0.944414 -0.0218165 0.328034 5.78789
0.314262 -0.0433029 0.948348 7.2771 -0.00612886 0.998846 0.0476397 0.342235 -0.949317 -0.0207836 0.313634 5.97052
0.302182 -0.0444461 0.952214 7.89456 -0.00565213 0.998812 0.0484148 0.367921 -0.953234 -0.0200121 0.301571 6.16209
0.291693 -0.0456145 0.955424 8.54 -0.00668433 0.998741 0.0497233 0.404892 -0.956489 -0.0208903 0.291021 6.35896
0.281151 -0.047194 0.958503 9.21192 -0.00780876 0.998645 0.051461 0.437919 -0.959632 -0.021953 0.280401 6.55934
0.270627 -0.048625 0.961456 9.90578 -0.00852341 0.998564 0.0529008 0.474902 -0.962647 -0.0225113 0.269824 6.75904
0.260958 -0.0496898 0.964071 10.6169 -0.00901013 0.998506 0.0539035 0.513757 -0.965308 -0.022753 0.26012 6.95004
0.25082 -0.0510533 0.966687 11.3559 -0.00938162 0.998433 0.0551641 0.552884 -0.967989 -0.0229053 0.249948 7.1453
0.239877 -0.0525622 0.969379 12.109 -0.00965432 0.998355 0.0565223 0.589277 -0.970755 -0.0229171 0.238975 7.33264
0.230174 -0.055273 0.971579 12.8811 -0.0106974 0.998182 0.0593207 0.628238 -0.973091 -0.0240475 0.229164 7.51807
0.219186 -0.0585065 0.973927 13.663 -0.012489 0.997951 0.0627603 0.673922 -0.975603 -0.0259196 0.218006 7.70321
0.20658 -0.0620211 0.976462 14.4608 -0.0130211 0.997726 0.0661265 0.707316 -0.978343 -0.0263751 0.205303 7.87473
0.19395 -0.0642722 0.978904 15.2616 -0.0137751 0.997575 0.0682274 0.742422 -0.980915 -0.0267172 0.192594 8.0342
0.179805 -0.0655857 0.981514 16.0679 -0.0139922 0.997504 0.0692175 0.781363 -0.983603 -0.0261792 0.178439 8.18006
0.166023 -0.0655065 0.983944 16.8648 -0.0153167 0.9975 0.0689934 0.82984 -0.986003 -0.0265253 0.164604 8.32087
0.149745 -0.0651241 0.986578 17.6763 -0.0163757 0.997528 0.0683324 0.870649 -0.988589 -0.0263883 0.148308 8.43991
0.129237 -0.0641228 0.989538 18.4932 -0.0191195 0.997561 0.0671397 0.915096 -0.99143 -0.0275965 0.127696 8.5504
0.104452 -0.0628223 0.992544 19.3073 -0.023716 0.997562 0.0656357 0.962524 -0.994247 -0.030395 0.102708 8.64542
0.0743793 -0.0632412 0.995223 20.1316 -0.0271007 0.997491 0.0654107 1.01383 -0.996862 -0.0318365 0.0724786 8.70974
0.0405641 -0.0630289 0.997187 20.9751 -0.0301069 0.997478 0.064272 1.05361 -0.998723 -0.0326293 0.0385641 8.75219
0.00713085 -0.0635321 0.997955 21.8117 -0.0318461 0.997459 0.0637281 1.09668 -0.999467 -0.0322354 0.00508936 8.75663
-0.0274357 -0.0637147 0.997591 22.6703 -0.0333489 0.99747 0.0627898 1.14451 -0.999067 -0.0315458 -0.0294912 8.73825
-0.0591789 -0.0625009 0.996289 23.4987 -0.0364273 0.997509 0.0604137 1.17635 -0.997583 -0.0327169 -0.0613083 8.69054
-0.0914589 -0.0595806 0.994025 24.341 -0.0391864 0.997651 0.0561925 1.22881 -0.995038 -0.033813 -0.0935788 8.61835
-0.124618 -0.0565373 0.990593 25.1808 -0.0372265 0.997939 0.0522734 1.2563 -0.991506 -0.0303621 -0.126466 8.52241
-0.155507 -0.0521416 0.986458 26.0098 -0.0327804 0.998329 0.0476016 1.28915 -0.987291 -0.0249341 -0.156956 8.38398
-0.187265 -0.0473972 0.981166 26.8477 -0.0281415 0.998684 0.0428724 1.3237 -0.981906 -0.019583 -0.188352 8.21049
-0.215426 -0.0431588 0.975566 27.6674 -0.0230274 0.99897 0.0391092 1.3493 -0.976249 -0.0140396 -0.216198 8.0177
-0.243673 -0.0375855 0.969129 28.4857 -0.0151689 0.999274 0.0349407 1.37922 -0.969739 -0.00618657 -0.244066 7.79644
-0.271541 -0.028743 0.961998 29.2986 -0.00962557 0.999585 0.0271491 1.39224 -0.962379 -0.00188768 -0.271705 7.56119
-0.29609 -0.0138937 0.955059 30.0853 -0.0057625 0.999902 0.0127596 1.40097 -0.955143 -0.00172554 -0.296141 7.30847
-0.320977 0.00267729 0.947084 30.8628 -0.00526604 0.999976 -0.0046115 1.40564 -0.947073 -0.00646757 -0.320955 7.04968
-0.348184 0.0165981 0.93728 31.6263 -0.00617036 0.999781 -0.019997 1.40291 -0.937406 -0.012746 -0.348006 6.75722
-0.37214 0.0262643 0.927805 32.3884 -0.00289966 0.999562 -0.0294587 1.38265 -0.928172 -0.0136531 -0.371901 6.45153
-0.397171 0.0298327 0.91726 33.1428 0.000202252 0.999474 -0.032419 1.34863 -0.917745 -0.0126904 -0.396968 6.12296
-0.419043 0.0282714 0.907527 33.8832 0.00182322 0.999539 -0.0302959 1.31982 -0.907965 -0.0110407 -0.418901 5.77974
-0.438768 0.0242284 0.898274 34.6367 0.0043995 0.999682 -0.0248147 1.28905 -0.89859 -0.00693593 -0.438735 5.41102
-0.457557 0.0224359 0.888898 35.3736 0.0113441 0.999748 -0.0193944 1.25747 -0.889108 0.00120967 -0.457696 5.02047
-0.470198 0.0228041 0.882267 36.0882 0.0135509 0.999735 -0.0186184 1.22518 -0.882457 0.00320116 -0.470382 4.64159
-0.481627 0.0247561 0.876027 36.7805 0.0159147 0.999683 -0.0195009 1.20421 -0.876232 0.0045495 -0.481868 4.25051
-0.491939 0.026582 0.870224 37.4779 0.0170169 0.999637 -0.0209153 1.18236 -0.870463 0.00451944 -0.492213 3.85887
-0.501888 0.0255791 0.864555 38.1619 0.011475 0.999672 -0.0229154 1.15677 -0.864857 -0.00158023 -0.502017 3.4653
-0.513917 0.0243212 0.857495 38.8496 0.0111505 0.999703 -0.0216719 1.14776 -0.857768 -0.00157603 -0.514036 3.05692
-0.521526 0.0258487 0.852844 39.5453 0.0130667 0.999666 -0.0223082 1.11145 -0.853136 -0.000490461 -0.52169 2.64643
-0.528826 0.0278095 0.848275 40.2272 0.015206 0.999613 -0.0232912 1.07435 -0.848594 0.000581863 -0.529045 2.21258
-0.533673 0.0303867 0.845145 40.911 0.0164131 0.999538 -0.0255736 1.06263 -0.845532 0.000223489 -0.533925 1.77845
-0.532322 0.0314708 0.845957 41.6234 0.015764 0.999504 -0.0272634 1.041 -0.846396 -0.00117726 -0.532554 1.3338
-0.529267 0.0317059 0.847863 42.3516 0.0176248 0.999497 -0.0263742 1.01712 -0.848272 0.000984429 -0.52956 0.877683
-0.524367 0.0307633 0.850937 43.0907 0.0168445 0.999527 -0.0257551 0.996529 -0.851326 0.000828451 -0.524637 0.417596
-0.516915 0.0293036 0.855535 43.8578 0.0146516 0.99957 -0.0253845 0.970001 -0.855911 -0.000586737 -0.517123 -0.0381791
-0.51019 0.0283587 0.859595 44.6313 0.0129304 0.999596 -0.0253029 0.935766 -0.859965 -0.00179441 -0.510351 -0.495098
-0.503738 0.0271693 0.86343 45.4437 0.0106426 0.999625 -0.0252459 0.899182 -0.863791 -0.00352814 -0.503838 -0.959846
-0.498413 0.0248589 0.866584 46.2726 0.00675261 0.99967 -0.0247929 0.863622 -0.866914 -0.0065054 -0.498416 -1.41208
-0.497433 0.021738 0.86723 47.1131 0.00193283 0.999711 -0.0239501 0.835732 -0.867501 -0.0102374 -0.497332 -1.87752
-0.496499 0.0190876 0.867828 47.9744 -0.000446745 0.999753 -0.0222448 0.802029 -0.868038 -0.0114322 -0.496367 -2.36317
-0.497339 0.0175202 0.86738 48.8374 -0.00153501 0.999777 -0.0210746 0.776173 -0.867555 -0.0118127 -0.497201 -2.85076
-0.498701 0.0173161 0.866602 49.6976 -0.00163081 0.99978 -0.0209157 0.751675 -0.866773 -0.0118439 -0.498563 -3.35654
-0.498432 0.0166988 0.866768 50.5793 -0.00192348 0.999791 -0.0203676 0.721371 -0.866927 -0.0118191 -0.498296 -3.86531
-0.498646 0.0159574 0.866659 51.4661 -0.0023351 0.999802 -0.0197524 0.692005 -0.866803 -0.0118732 -0.498511 -4.36995
-0.499853 0.0147346 0.865985 52.3483 -0.00299872 0.99982 -0.0187426 0.668232 -0.866105 -0.0119654 -0.499719 -4.89549
-0.499487 0.013862 0.866211 53.2473 -0.00416925 0.999822 -0.0184043 0.638269 -0.866311 -0.0128042 -0.499341 -5.41435
-0.500324 0.0133453 0.865736 54.115 -0.00435495 0.99983 -0.0179291 0.610414 -0.865828 -0.0127406 -0.500181 -5.91965
-0.499789 0.0126751 0.866055 54.9824 -0.00601797 0.999818 -0.0181056 0.58219 -0.866126 -0.0142609 -0.499622 -6.43385
-0.499197 0.0109092 0.86642 55.8241 -0.00674849 0.999842 -0.0164773 0.557602 -0.866463 -0.0140724 -0.499044 -6.92308
-0.49853 0.00995194 0.866816 56.6666 -0.00653704 0.999863 -0.0152391 0.536648 -0.866848 -0.0132635 -0.498396 -7.40978
-0.495549 0.00891437 0.868535 57.5668 -0.00754474 0.999866 -0.014567 0.502382 -0.868548 -0.0137715 -0.495415 -7.91531
-0.493848 0.00783113 0.869514 58.4187 -0.00746889 0.999884 -0.0132473 0.489195 -0.869517 -0.0130365 -0.493732 -8.374
-0.492597 0.00895186 0.870212 59.2658 -0.00623973 0.999885 -0.0138179 0.479985 -0.870236 -0.0122365 -0.492484 -8.82939
-0.491315 0.00883395 0.870938 60.1404 -0.00662727 0.999882 -0.0138804 0.455943 -0.870957 -0.0125916 -0.491198 -9.32274
-0.493381 0.00908006 0.869766 60.9926 -0.00719023 0.999869 -0.014517 0.432499 -0.869784 -0.0134162 -0.493251 -9.81213
-0.495572 0.010527 0.868504 61.8713 -0.00784001 0.999832 -0.0165924 0.398742 -0.868532 -0.0150318 -0.495406 -10.3065
-0.499766 0.00981605 0.866105 62.7365 -0.00955008 0.999813 -0.0168421 0.364855 -0.866108 -0.0166885 -0.499579 -10.7957
-0.506113 0.0088287 0.862423 63.5919 -0.00891708 0.999841 -0.0154684 0.323893 -0.862421 -0.0155191 -0.505954 -11.2884
-0.510927 0.00594338 0.859604 64.4761 -0.00744635 0.999908 -0.0113394 0.2811 -0.859592 -0.0121945 -0.510836 -11.7989
-0.516566 0.00353513 0.85624 65.3164 -0.00975004 0.999903 -0.0100104 0.257615 -0.856192 -0.0135194 -0.516482 -12.3033
-0.521183 0.0054805 0.853428 66.1796 -0.00882759 0.999891 -0.011812 0.218197 -0.8534 -0.0136899 -0.521078 -12.8112
-0.526557 0.00628119 0.850117 67.0189 -0.00861241 0.999882 -0.0127222 0.187851 -0.850097 -0.0140205 -0.526441 -13.3268
-0.532485 0.00615135 0.846418 67.8212 -0.00905697 0.999875 -0.0129644 0.163833 -0.846392 -0.0145693 -0.532362 -13.8377
-0.53572 0.00592249 0.844376 68.6555 -0.00974052 0.999866 -0.013193 0.133565 -0.84434 -0.0152924 -0.53559 -14.354
-0.539236 0.00479858 0.842141 69.4757 -0.0099095 0.999879 -0.0120426 0.108818 -0.842097 -0.014839 -0.539123 -14.872
-0.542816 -0.000786182 0.839852 70.2807 -0.00842214 0.999955 -0.00450735 0.0692306 -0.83981 -0.00952002 -0.542798 -15.3836
-0.54414 -0.00792431 0.838958 71.1067 -0.00783246 0.99996 0.00436501 0.052769 -0.838959 -0.00419593 -0.54418 -15.9158
-0.546674 -0.00985835 0.837288 71.905 -0.00632187 0.999951 0.00764597 0.0526169 -0.837322 -0.00111338 -0.546709 -16.4372
-0.547764 -0.00635734 0.836609 72.7033 -0.00613806 0.999975 0.00357992 0.0431652 -0.836611 -0.00317421 -0.547789 -16.962
-0.548999 -0.00152816 0.835822 73.4916 -0.00541181 0.999984 -0.00172635 0.039446 -0.835806 -0.00547108 -0.548998 -17.4845
-0.550609 0.00247492 0.83476 74.2715 -0.00113336 0.999993 -0.00371235 0.0209655 -0.834763 -0.00299014 -0.550602 -18.009
-0.549939 0.00274165 0.835201 75.068 0.00114607 0.999996 -0.00252796 -0.000678154 -0.835204 -0.000433027 -0.54994 -18.5493
-0.550049 0.000457621 0.835133 75.8464 0.000802625 1 -1.92995e-05 -0.0146934 -0.835133 0.000659676 -0.550049 -19.0924
-0.550181 -0.00380713 0.835038 76.6332 -0.00123608 0.999992 0.00374481 -0.0333222 -0.835045 0.00102814 -0.550181 -19.6067
-0.548494 -0.0094198 0.836102 77.438 -0.00396827 0.999955 0.00866261 -0.0469882 -0.836146 0.0014335 -0.548506 -20.1262
-0.549331 -0.0159368 0.835453 78.2185 -0.0128872 0.999861 0.0105994 -0.0677783 -0.835506 -0.00494406 -0.54946 -20.6379
-0.546723 -0.0197443 0.837081 79.0323 -0.0194186 0.999752 0.0108984 -0.0688925 -0.837089 -0.0102966 -0.54697 -21.1374
-0.54448 -0.019016 0.838559 79.8188 -0.0165398 0.999792 0.0119329 -0.0805087 -0.838611 -0.00737242 -0.544681 -21.661
-0.543069 -0.01646 0.839527 80.6006 -0.0123248 0.999857 0.0116309 -0.0932855 -0.839598 -0.00403067 -0.543193 -22.1747
-0.537198 -0.015155 0.843321 81.3883 -0.0116838 0.999876 0.0105259 -0.104614 -0.843376 -0.00419868 -0.537308 -22.6813
-0.529601 -0.0132889 0.848143 82.1788 -0.00659176 0.999912 0.0115508 -0.105287 -0.848222 0.00052654 -0.529642 -23.1786
-0.522373 -0.0107436 0.85265 82.9557 0.000118781 0.99992 0.012672 -0.101141 -0.852718 0.00672079 -0.522329 -23.6887
-0.510678 -0.0118126 0.859691 83.7672 -0.00124015 0.999915 0.0130027 -0.106949 -0.859772 0.00557403 -0.510649 -24.1646
-0.500662 -0.0152284 0.865509 84.5576 -0.0047158 0.999879 0.0148647 -0.104517 -0.86563 0.00336063 -0.500673 -24.6288
-0.488317 -0.0171733 0.872497 85.3823 -0.00287718 0.999833 0.0180694 -0.104147 -0.872662 0.00631328 -0.488285 -25.079
-0.477165 -0.0187989 0.878613 86.2077 -0.0041386 0.999808 0.0191444 -0.114727 -0.878804 0.0054988 -0.477151 -25.5203
-0.465955 -0.0193977 0.884596 87.0267 -0.00324982 0.99979 0.0202119 -0.0944271 -0.884803 0.00654305 -0.46592 -25.9518
-0.453502 -0.0183726 0.891066 87.8547 3.83605e-05 0.999787 0.0206338 -0.0751301 -0.891256 0.00939165 -0.453405 -26.3737
-0.441074 -0.0144069 0.897355 88.6858 0.000723844 0.999865 0.0164085 -0.0640967 -0.897471 0.0078869 -0.441004 -26.7779
-0.430833 -0.00800864 0.902397 89.5142 0.00134904 0.999954 0.00951855 -0.0611482 -0.902431 0.00531827 -0.430802 -27.1738
-0.417632 -0.00485152 0.908603 90.3403 -0.000145403 0.999986 0.00527265 -0.0634436 -0.908617 0.00206991 -0.417627 -27.5464
-0.406464 -0.0075101 0.913636 91.188 -0.00149707 0.99997 0.00755377 -0.0611255 -0.913666 0.00170255 -0.406463 -27.9236
-0.394099 -0.0101877 0.919012 92.0435 -0.00137139 0.999944 0.0104968 -0.0749375 -0.919068 0.00287643 -0.394091 -28.2739
-0.384633 -0.00974721 0.923019 92.8733 -0.00383542 0.999952 0.0089614 -0.0798719 -0.923062 -9.3319e-05 -0.384652 -28.6127
-0.379105 -0.00678243 0.925329 93.6941 -0.00840576 0.999957 0.00388565 -0.0750293 -0.925316 -0.00630504 -0.379145 -28.9463
-0.373465 -0.00266044 0.927641 94.544 -0.0135255 0.999905 -0.00257761 -0.06936 -0.927546 -0.0135095 -0.373466 -29.2699
-0.369941 -0.000679644 0.929056 95.3907 -0.0162014 0.999852 -0.00571978 -0.0813872 -0.928915 -0.017168 -0.369897 -29.6028
-0.367727 -0.00103474 0.929934 96.2181 -0.0167601 0.999844 -0.00551494 -0.102024 -0.929783 -0.0176138 -0.367687 -29.9338
-0.363928 -0.000933268 0.931427 97.0536 -0.0155723 0.999866 -0.00508255 -0.11899 -0.931298 -0.0163541 -0.363894 -30.2626
-0.359147 -0.00367637 0.933274 97.8802 -0.0161444 0.999867 -0.00227403 -0.126814 -0.933142 -0.0158838 -0.359159 -30.5658
-0.353146 -0.00719754 0.935541 98.698 -0.0169761 0.999855 0.00128427 -0.14683 -0.935415 -0.0154283 -0.353217 -30.8548
-0.348075 -0.00955153 0.937419 99.522 -0.0180709 0.999831 0.00347754 -0.160022 -0.937293 -0.0157296 -0.348188 -31.152
-0.343272 -0.0103991 0.939179 100.338 -0.0234415 0.999722 0.00250157 -0.175219 -0.938944 -0.0211571 -0.34342 -31.4453
-0.337099 -0.0103526 0.941413 101.143 -0.0342295 0.999413 -0.00126634 -0.191006 -0.940848 -0.032651 -0.337255 -31.7264
-0.330409 -0.00705592 0.943812 101.976 -0.0324428 0.999466 -0.00388554 -0.210961 -0.943281 -0.0319037 -0.330461 -32.0205
-0.324216 -0.00460571 0.945972 102.805 -0.0299353 0.999537 -0.00539328 -0.22489 -0.94551 -0.0300666 -0.324204 -32.3058
-0.318252 -0.00403786 0.947998 103.625 -0.0257394 0.999659 -0.00438304 -0.210791 -0.947657 -0.0257958 -0.318248 -32.5965
-0.311491 -0.00754004 0.95022 104.479 -0.0240328 0.999711 5.46155e-05 -0.219668 -0.949946 -0.0228194 -0.311582 -32.8722
-0.304635 -0.00886707 0.952428 105.348 -0.0227745 0.999739 0.00202311 -0.232839 -0.952198 -0.0210748 -0.304757 -33.177
-0.299276 -0.00674146 0.954143 106.169 -0.0246223 0.999697 -0.000659697 -0.240315 -0.95385 -0.0236907 -0.299351 -33.4479
-0.293094 -0.00597308 0.956065 107.027 -0.0236753 0.999719 -0.00101212 -0.230749 -0.955791 -0.0229318 -0.293153 -33.707
-0.286465 -0.00527369 0.958077 107.88 -0.0227032 0.999741 -0.00128519 -0.238236 -0.957823 -0.0221196 -0.28651 -33.9604
-0.281591 -0.00524063 0.959521 108.718 -0.0205982 0.999788 -0.000584383 -0.251032 -0.959314 -0.019929 -0.281639 -34.2082
-0.273498 -0.00494171 0.96186 109.574 -0.017582 0.999845 0.000137572 -0.250518 -0.961713 -0.0168738 -0.273542 -34.4524
-0.267374 -0.00380217 0.963586 110.429 -0.0144558 0.999896 -6.5687e-05 -0.263186 -0.963485 -0.0139469 -0.267401 -34.6775
-0.261062 -0.00312402 0.965317 111.299 -0.0127574 0.999919 -0.000214105 -0.276 -0.965239 -0.0123709 -0.26108 -34.9097
-0.254118 -0.00379403 0.967166 112.156 -0.0163104 0.999867 -0.000363128 -0.283158 -0.967037 -0.0158671 -0.254146 -35.1242
-0.249397 -0.00452387 0.968391 113 -0.0199213 0.999801 -0.000459831 -0.297546 -0.968197 -0.0194063 -0.249437 -35.3207
-0.24536 -0.00421081 0.969423 113.866 -0.0166912 0.999861 0.000118525 -0.324303 -0.969289 -0.0161518 -0.245396 -35.5493
-0.241201 -0.00587789 0.970458 114.707 -0.0196696 0.999806 0.0011669 -0.350183 -0.970277 -0.0188071 -0.24127 -35.7529
-0.236509 -0.00516147 0.971616 115.58 -0.0194095 0.999811 0.000586669 -0.359231 -0.971436 -0.0187198 -0.236564 -35.9618
-0.232739 -0.00884481 0.972499 116.41 -0.0208875 0.999773 0.00409407 -0.395579 -0.972316 -0.0193603 -0.232871 -36.1596
-0.228392 -0.0109601 0.973508 117.288 -0.0179275 0.999814 0.0070504 -0.421036 -0.973405 -0.0158423 -0.228546 -36.3741
-0.226108 -0.00979137 0.974053 118.154 -0.0104381 0.999916 0.00762839 -0.433833 -0.974047 -0.0084424 -0.226191 -36.5809
-0.221196 -0.00841228 0.975193 119.002 -0.0132082 0.999897 0.00562948 -0.432067 -0.975141 -0.0116354 -0.221284 -36.751
-0.216925 -0.00870582 0.97615 119.839 -0.0180832 0.999824 0.00489846 -0.442149 -0.976021 -0.0165893 -0.217045 -36.9455
-0.215813 -0.00925651 0.976391 120.709 -0.0182671 0.999818 0.00544104 -0.44456 -0.976265 -0.0166616 -0.215943 -37.1318
-0.21244 -0.00955514 0.977128 121.57 -0.0193561 0.999797 0.00556858 -0.448802 -0.976983 -0.0177304 -0.212582 -37.3149
-0.211451 -0.0128866 0.977304 122.426 -0.0180723 0.999794 0.00927298 -0.445186 -0.977222 -0.0157014 -0.21164 -37.5146
-0.209848 -0.0184491 0.97756 123.28 -0.0209206 0.999678 0.0143756 -0.441965 -0.977511 -0.0174345 -0.210166 -37.6922
-0.211107 -0.0215961 0.977225 124.142 -0.0195101 0.99965 0.017877 -0.418991 -0.977269 -0.0152918 -0.211454 -37.873
-0.21109 -0.0179016 0.977303 125.006 -0.0208896 0.999686 0.0137996 -0.420989 -0.977244 -0.0175025 -0.211398 -38.0619
-0.210848 -0.0164204 0.977381 125.866 -0.0219866 0.999685 0.012052 -0.40972 -0.977272 -0.0189481 -0.211142 -38.2274
-0.211951 -0.0158659 0.977152 126.72 -0.0232341 0.999667 0.0111918 -0.406009 -0.977005 -0.0203311 -0.212249 -38.4067
-0.21137 -0.0160009 0.977275 127.574 -0.0238641 0.999652 0.0112058 -0.399225 -0.977116 -0.0209532 -0.211679 -38.5791
-0.209639 -0.01498 0.977664 128.432 -0.0196645 0.999745 0.0111017 -0.416861 -0.977582 -0.0168979 -0.20988 -38.753
-0.211555 -0.0136718 0.977271 129.257 -0.0235768 0.999682 0.00888156 -0.429096 -0.977083 -0.021162 -0.21181 -38.9259
-0.210958 -0.0114509 0.977428 130.082 -0.0283783 0.999581 0.00558561 -0.428451 -0.977084 -0.0265594 -0.211195 -39.0831
-0.210375 -0.0111243 0.977558 130.922 -0.0327259 0.999455 0.00433077 -0.438055 -0.977074 -0.0310804 -0.210624 -39.2275
-0.210545 -0.0110695 0.977522 131.752 -0.0339076 0.999417 0.00401422 -0.457324 -0.976997 -0.0323003 -0.210798 -39.3969
-0.209527 -0.00878211 0.977764 132.573 -0.0307568 0.999524 0.00238665 -0.471927 -0.97732 -0.0295728 -0.209697 -39.5644
-0.208114 -0.00640663 0.978084 133.391 -0.0293799 0.999568 0.000296015 -0.48234 -0.977664 -0.0286744 -0.208213 -39.7211
-0.204677 -0.00625678 0.97881 134.201 -0.0235736 0.999721 0.00146105 -0.521972 -0.978547 -0.022775 -0.204767 -39.8752
-0.201576 -0.00880327 0.979434 135.021 -0.0197461 0.999793 0.00492237 -0.53556 -0.979275 -0.0183478 -0.201708 -40.0459
-0.201354 -0.0128331 0.979435 135.831 -0.0166408 0.999814 0.00967915 -0.546056 -0.979378 -0.0143496 -0.20153 -40.223
-0.196658 -0.0140853 0.980371 136.635 -0.0148698 0.999824 0.011382 -0.555685 -0.98036 -0.0123395 -0.196833 -40.3827
-0.194998 -0.0114099 0.980738 137.38 -0.0155191 0.999843 0.00854661 -0.566805 -0.980682 -0.0135536 -0.195144 -40.5541
-0.195681 -0.0081961 0.980634 138.035 -0.0169851 0.999843 0.00496737 -0.561067 -0.980522 -0.0156842 -0.195789 -40.78
-0.187744 -0.00852407 0.982181 138.824 -0.0192192 0.999803 0.00500329 -0.571818 -0.982031 -0.0179374 -0.18787 -40.9362
-0.180268 -0.00902102 0.983576 139.493 -0.015809 0.999855 0.00627291 -0.601258 -0.983491 -0.0144185 -0.180384 -41.0798
-0.146341 4.21639e-05 0.989235 139.902 0.00584551 0.999982 0.000822153 -0.639247 -0.989218 0.00590291 -0.146338 -41.1305
-0.132212 0.00403193 0.991214 140.659 0.00721878 0.999969 -0.00310464 -0.685785 -0.991196 0.00674491 -0.132237 -41.233
-0.11955 0.00600039 0.99281 141.414 0.00642298 0.999965 -0.00527018 -0.746219 -0.992808 0.00574678 -0.119584 -41.3259
-0.106183 0.00607377 0.994328 142.195 0.00356406 0.999977 -0.00572764 -0.792546 -0.994341 0.00293569 -0.106202 -41.403
-0.093297 0.00812534 0.995606 142.967 0.0092065 0.999931 -0.00729788 -0.796645 -0.995597 0.0084852 -0.0933651 -41.4836
-0.0802066 0.0129065 0.996695 143.734 0.00270618 0.999915 -0.0127304 -0.8312 -0.996776 0.00167619 -0.0802345 -41.5296
-0.0679603 0.0220395 0.997445 144.498 -0.0051012 0.999735 -0.0224376 -0.87402 -0.997676 -0.00661302 -0.0678296 -41.5854
-0.0559259 0.0279614 0.998044 145.241 -0.0160954 0.999452 -0.0289028 -0.912927 -0.998306 -0.0176803 -0.0554449 -41.6026
-0.0436505 0.0286211 0.998637 145.998 -0.0240948 0.999268 -0.0296923 -0.92554 -0.998757 -0.025358 -0.0429286 -41.6283
-0.0325928 0.0255286 0.999143 146.722 -0.0260895 0.999311 -0.0263839 -0.94304 -0.999129 -0.0269271 -0.031904 -41.6306
-0.0227308 0.0238059 0.999459 147.446 -0.0192248 0.999521 -0.0242446 -0.951229 -0.999558 -0.0197655 -0.0222619 -41.635
-0.0141614 0.0279931 0.999508 148.205 -0.0278446 0.999209 -0.0283792 -1.02824 -0.999513 -0.0282328 -0.0133705 -41.6216
-0.00825715 0.032963 0.999423 148.926 -0.0260006 0.999111 -0.0331676 -1.05982 -0.999629 -0.0262595 -0.00739243 -41.611
-0.0056059 0.0342131 0.999399 149.663 -0.0300588 0.998957 -0.0343665 -1.08913 -0.999533 -0.0302334 -0.00457132 -41.6094
-0.005402 0.0311955 0.999499 150.416 -0.0317027 0.999005 -0.0313514 -1.10832 -0.999484 -0.0318562 -0.00440732 -41.6111
-0.00706138 0.0262787 0.99963 151.163 -0.0349669 0.999037 -0.02651 -1.14049 -0.999364 -0.0351411 -0.00613538 -41.6072
-0.0103918 0.0243419 0.99965 151.916 -0.0388514 0.998939 -0.0247284 -1.17488 -0.999192 -0.0390947 -0.0094347 -41.6111
-0.0135381 0.0240652 0.999619 152.666 -0.0345745 0.999101 -0.024521 -1.19632 -0.999311 -0.0348933 -0.0126936 -41.6303
-0.018095 0.0239611 0.99955 153.426 -0.0337746 0.999127 -0.0245624 -1.2109 -0.999267 -0.0342039 -0.0172696 -41.6488
-0.0222424 0.0234974 0.999477 154.164 -0.0335016 0.999144 -0.0242351 -1.24122 -0.999192 -0.0340231 -0.0214359 -41.665
-0.0272505 0.0226214 0.999373 154.916 -0.0376483 0.999011 -0.0236397 -1.26676 -0.99892 -0.0382689 -0.0263716 -41.6829
-0.0329855 0.0214301 0.999226 155.679 -0.0368851 0.999063 -0.0226441 -1.27736 -0.998776 -0.0376035 -0.0321638 -41.7087
-0.0383888 0.0205843 0.999051 156.44 -0.0370693 0.99907 -0.0220091 -1.28231 -0.998576 -0.0378791 -0.0375898 -41.7523
-0.0434714 0.0193926 0.998867 157.175 -0.0338151 0.99921 -0.0208709 -1.32806 -0.998483 -0.0346841 -0.042781 -41.7972
-0.0481889 0.0193424 0.998651 157.935 -0.0111963 0.999739 -0.0199037 -1.28868 -0.998776 -0.0121404 -0.0479595 -41.8833
-0.0524512 0.0209176 0.998405 158.655 0.000131123 0.99978 -0.0209395 -1.28747 -0.998624 -0.000967372 -0.0524421 -41.9475
-0.055695 0.0207372 0.998233 159.354 0.000753244 0.999785 -0.0207274 -1.30598 -0.998448 -0.000402483 -0.0556984 -41.984
-0.0570926 0.0206829 0.998155 160.069 0.00219751 0.999785 -0.020591 -1.31787 -0.998367 0.00101789 -0.0571256 -42.0281
-0.0574865 0.0192547 0.998161 160.77 -0.00203756 0.999809 -0.0194039 -1.3697 -0.998345 -0.00314926 -0.057436 -42.0802
-0.0541983 0.0164278 0.998395 161.479 -0.00355854 0.999855 -0.016645 -1.41922 -0.998525 -0.00445495 -0.0541317 -42.126
-0.047288 0.016025 0.998753 162.179 0.0015768 0.999871 -0.0159682 -1.43373 -0.998881 0.000819749 -0.0473069 -42.1557
-0.0371269 0.0157428 0.999187 162.879 0.00673227 0.999857 -0.0155032 -1.44791 -0.999289 0.00615123 -0.0372273 -42.1783
-0.0229613 0.0159182 0.99961 163.585 0.00869071 0.999838 -0.0157222 -1.45765 -0.999699 0.00832634 -0.0230957 -42.1976
-0.0080747 0.0155278 0.999847 164.27 0.0069674 0.999856 -0.0154717 -1.46031 -0.999944 0.00684143 -0.0081814 -42.2028
0.00718678 0.0119326 0.999903 164.911 0.0096467 0.999881 -0.0120016 -1.44823 -0.999929 0.00973205 0.00707115 -42.1819
0.0240077 0.00558004 0.999697 165.602 0.0116085 0.999915 -0.00586001 -1.4627 -0.999645 0.0117457 0.0239412 -42.1615
0.0408145 -0.000668756 0.999167 166.295 0.010597 0.999943 0.000236433 -1.46564 -0.999111 0.0105786 0.0408197 -42.1229
0.0585423 -0.00751639 0.998257 166.971 0.0103289 0.999922 0.00692323 -1.47703 -0.998232 0.00990564 0.0586158 -42.0762
0.0757184 -0.0125094 0.997051 167.645 0.0079253 0.999897 0.0119433 -1.48411 -0.997099 0.00699762 0.0758102 -42.0174
0.0932046 -0.0145095 0.995542 168.322 0.00865113 0.999867 0.0137627 -1.50082 -0.99561 0.00732983 0.0933182 -41.9415
0.110738 -0.01565 0.993727 168.974 0.00841575 0.999855 0.0148088 -1.51542 -0.993815 0.00672308 0.110854 -41.8559
0.127756 -0.0156876 0.991682 169.615 0.00711462 0.999863 0.0149005 -1.52327 -0.991781 0.00515182 0.127851 -41.7553
0.143664 -0.0161255 0.989495 170.256 0.00191493 0.999869 0.0160166 -1.52235 -0.989625 -0.000406201 0.143677 -41.6384
0.157259 -0.0181979 0.98739 170.898 0.00067648 0.999831 0.0183194 -1.52048 -0.987558 -0.00221295 0.157246 -41.5
0.169441 -0.0213109 0.98531 171.524 0.00453342 0.999772 0.0208442 -1.51732 -0.985531 0.000934975 0.169499 -41.3833
0.17998 -0.0217291 0.983431 172.163 0.00510883 0.999763 0.0211551 -1.51189 -0.983658 0.00121669 0.180049 -41.2561
0.189603 -0.019177 0.981674 172.765 0.0013558 0.999813 0.0192695 -1.50503 -0.981861 -0.00232259 0.189594 -41.1208
0.198313 -0.0128014 0.980056 173.363 -0.0025019 0.999904 0.013567 -1.50897 -0.980136 -0.00514251 0.198262 -40.986
0.207433 -0.00313822 0.978245 173.944 -0.00136391 0.999992 0.00349724 -1.49082 -0.978249 -0.00205967 0.207427 -40.8451
0.21486 0.00261007 0.976642 174.523 0.00674729 0.999968 -0.00415677 -1.47817 -0.976622 0.00748283 0.214836 -40.7143
0.221212 0.00105673 0.975225 175.101 0.0105252 0.999938 -0.00347092 -1.4654 -0.97517 0.0110323 0.221188 -40.5793
0.226151 -0.00545179 0.974077 175.65 0.0113549 0.999931 0.00296026 -1.44557 -0.974027 0.0103911 0.226198 -40.4135
0.230067 -0.0136225 0.97308 176.166 0.0065721 0.999901 0.0124441 -1.43083 -0.973153 0.00353221 0.230134 -40.2717
0.231585 -0.0209544 0.972589 176.676 0.00717445 0.999777 0.0198318 -1.43694 -0.972789 0.00238505 0.231684 -40.1177
0.23252 -0.0222311 0.972338 177.283 0.00969002 0.999742 0.0205405 -1.44369 -0.972544 0.0046459 0.232676 -39.9668
0.232893 -0.0203066 0.972291 177.892 0.0136785 0.999751 0.0176037 -1.44572 -0.972407 0.00919976 0.233113 -39.8117
0.23354 -0.0207049 0.972127 178.506 0.0169876 0.999707 0.0172113 -1.44499 -0.972199 0.0124945 0.233824 -39.6579
0.234257 -0.022627 0.971912 179.118 0.0173853 0.999666 0.0190828 -1.42908 -0.97202 0.0124267 0.234572 -39.4783
0.236818 -0.0255514 0.971218 179.74 0.0161511 0.999619 0.0223604 -1.42415 -0.971421 0.010391 0.237141 -39.3193
0.239298 -0.0302106 0.970476 180.372 0.017415 0.999488 0.0268197 -1.42216 -0.970791 0.0104829 0.239702 -39.1552
0.243375 -0.0323992 0.969391 180.985 0.0186495 0.999413 0.0287205 -1.41846 -0.969754 0.0110888 0.243837 -38.9879
0.248478 -0.0340366 0.96804 181.606 0.0203025 0.999345 0.029926 -1.41743 -0.968426 0.0122177 0.249007 -38.8196
0.257065 -0.0360526 0.965722 182.234 0.0205358 0.999282 0.031839 -1.3969 -0.966177 0.0116472 0.257621 -38.6506
0.266368 -0.0374391 0.963144 182.867 0.0229904 0.999207 0.0324827 -1.39391 -0.963598 0.0134908 0.267018 -38.4781
0.277968 -0.0357314 0.959926 183.499 0.0221174 0.999281 0.0307917 -1.3923 -0.960337 0.012672 0.278559 -38.2978
0.289815 -0.0318617 0.956553 184.113 0.0208845 0.999418 0.026962 -1.37388 -0.956856 0.0121631 0.290312 -38.0987
0.301383 -0.0284488 0.953079 184.729 0.019051 0.999534 0.0238112 -1.35542 -0.953314 0.0109808 0.301785 -37.8934
0.313394 -0.0283551 0.9492 185.364 0.0199159 0.99953 0.0232831 -1.33762 -0.949415 0.0116074 0.313812 -37.6766
0.325055 -0.0305208 0.945203 186.003 0.0198044 0.999479 0.0254627 -1.33242 -0.945489 0.0104424 0.325491 -37.4531
0.33644 -0.0314036 0.941181 186.628 0.01936 0.999463 0.0264277 -1.31484 -0.941507 0.00932997 0.336868 -37.2244
0.34836 -0.0320789 0.936812 187.269 0.0189914 0.99945 0.0271617 -1.31015 -0.937169 0.00832932 0.348778 -36.9822
0.35814 -0.0328461 0.93309 187.901 0.0165128 0.999447 0.028844 -1.29904 -0.933523 0.00507768 0.358486 -36.7327
0.365905 -0.032109 0.930098 188.553 0.0130345 0.999483 0.0293765 -1.29003 -0.930562 0.00137431 0.366135 -36.469
0.37075 -0.0344732 0.928093 189.19 0.0134369 0.999405 0.0317544 -1.27464 -0.928636 0.000697697 0.370994 -36.2012
0.373227 -0.0366424 0.927016 189.835 0.0154504 0.999326 0.0332801 -1.25362 -0.927612 0.00190172 0.373542 -35.9483
0.373934 -0.0370857 0.926714 190.503 0.0196572 0.999292 0.0320585 -1.25094 -0.927248 0.00622877 0.3744 -35.6825
0.373551 -0.0363096 0.926899 191.165 0.0207178 0.99931 0.0307967 -1.23465 -0.927379 0.0076992 0.374046 -35.4198
0.373066 -0.0356702 0.927119 191.821 0.0221773 0.999317 0.0295241 -1.20739 -0.927541 0.00954658 0.373604 -35.1522
0.373475 -0.0375714 0.926879 192.513 0.024882 0.999225 0.0304781 -1.19072 -0.927307 0.0116798 0.374121 -34.894
0.372881 -0.0420559 0.926926 193.182 0.0270428 0.99904 0.0344491 -1.16168 -0.927486 0.0122213 0.373661 -34.6158
0.372976 -0.0447225 0.926763 193.867 0.0275848 0.99893 0.0371036 -1.14666 -0.927432 0.0117258 0.373811 -34.3342
0.372119 -0.0464926 0.92702 194.548 0.0281347 0.99885 0.0388015 -1.12705 -0.927759 0.0116427 0.373 -34.0641
0.370916 -0.0473539 0.927459 195.223 0.0274912 0.998821 0.0400031 -1.10585 -0.92826 0.0106592 0.371782 -33.7798
0.370722 -0.0472118 0.927544 195.902 0.0259951 0.998843 0.0404512 -1.0836 -0.928381 0.00911545 0.371521 -33.4976
0.3691 -0.046111 0.928245 196.58 0.0234977 0.998912 0.040278 -1.05422 -0.929094 0.00694502 0.369782 -33.2251
0.368771 -0.0436598 0.928495 197.27 0.0249672 0.999001 0.037059 -1.03921 -0.929186 0.00951565 0.369493 -32.9585
0.369996 -0.0383996 0.92824 197.928 0.0219871 0.999227 0.0325722 -1.00574 -0.928774 0.00835769 0.370555 -32.6966
0.368613 -0.0365606 0.928864 198.623 0.020616 0.999301 0.0311518 -0.986434 -0.929355 0.00766651 0.36911 -32.424
0.368348 -0.0382329 0.928902 199.32 0.0196563 0.99925 0.0333339 -0.968428 -0.929481 0.00598027 0.368824 -32.1368
0.367324 -0.0416033 0.929162 200.025 0.0182985 0.999128 0.0375022 -0.953349 -0.929914 0.00322681 0.367766 -31.8609
0.364602 -0.042428 0.930197 200.716 0.016824 0.999098 0.0389764 -0.949741 -0.931012 0.0014388 0.364987 -31.5724
0.360503 -0.0422394 0.931801 201.416 0.0145099 0.999107 0.0396768 -0.944991 -0.932646 -0.000783313 0.360795 -31.292
0.353128 -0.0443547 0.934523 202.117 0.0144214 0.999014 0.0419662 -0.941606 -0.935465 -0.00134238 0.353421 -31.0213
0.345177 -0.0427149 0.937565 202.822 0.0131185 0.999085 0.0406881 -0.927349 -0.938447 -0.00174519 0.345423 -30.7601
0.334708 -0.0426156 0.941358 203.518 0.0163155 0.999089 0.039428 -0.919541 -0.942181 0.0021618 0.3351 -30.5148
0.323437 -0.0411154 0.945356 204.211 0.0151714 0.999152 0.0382645 -0.905696 -0.946129 0.0019662 0.323787 -30.2823
0.312572 -0.040571 0.949028 204.909 0.0130969 0.999176 0.0384013 -0.881241 -0.949805 0.00042612 0.312846 -30.0485
0.301642 -0.045942 0.952314 205.633 0.0151337 0.998943 0.0433981 -0.864722 -0.953302 0.00132129 0.302019 -29.8264
0.292372 -0.0527336 0.95485 206.357 0.0166681 0.998607 0.0500465 -0.855496 -0.95616 0.00128336 0.292845 -29.6126
0.285275 -0.0574192 0.956725 207.068 0.0170482 0.998349 0.054834 -0.834453 -0.958295 0.000667677 0.285784 -29.3968
0.279777 -0.0583843 0.958288 207.783 0.0128417 0.998287 0.0570721 -0.796964 -0.95998 -0.00366142 0.280048 -29.1799
0.277744 -0.0592783 0.958825 208.498 0.012658 0.998233 0.0580481 -0.773418 -0.960573 -0.00398576 0.278004 -28.9594
0.275949 -0.0601117 0.959291 209.22 0.0140392 0.998187 0.0585106 -0.752212 -0.961071 -0.00267829 0.276294 -28.7493
0.273908 -0.0590694 0.959941 209.941 0.0131194 0.998248 0.0576832 -0.735726 -0.961667 -0.00320605 0.274204 -28.5351
0.273968 -0.0572055 0.960036 210.65 0.0102435 0.998346 0.0565651 -0.694592 -0.961685 -0.00566292 0.274102 -28.3228
0.273967 -0.0577601 0.960003 211.381 0.00937355 0.998307 0.0573897 -0.666429 -0.961694 -0.00672427 0.274045 -28.1029
0.274702 -0.0584522 0.959752 212.101 0.00868173 0.99826 0.0583127 -0.629246 -0.961491 -0.00768632 0.274732 -27.8882
0.276097 -0.0593075 0.959299 212.839 0.00911157 0.99821 0.0590909 -0.59329 -0.961087 -0.00757413 0.276144 -27.6703
0.277078 -0.0608856 0.958917 213.571 0.0130173 0.998136 0.0596145 -0.571152 -0.96076 -0.00403538 0.277355 -27.4619
0.280892 -0.0617698 0.95775 214.311 0.0151276 0.998087 0.0599347 -0.551619 -0.959621 -0.00234682 0.28129 -27.2524
0.285138 -0.0628446 0.956425 215.049 0.0126506 0.998008 0.0618055 -0.518406 -0.958404 -0.00552379 0.285365 -27.0473
0.28954 -0.0663697 0.954863 215.767 0.0132364 0.997775 0.0653389 -0.477921 -0.957076 -0.00627929 0.289774 -26.8086
0.294652 -0.0696604 0.953063 216.519 0.0122741 0.997533 0.0691161 -0.435197 -0.955527 -0.00866723 0.294781 -26.58
0.298755 -0.0699391 0.951764 217.266 0.0107506 0.997494 0.069925 -0.411315 -0.95427 -0.0106584 0.298759 -26.342
0.302224 -0.066354 0.950925 218.005 0.00574186 0.997683 0.0677918 -0.368995 -0.953221 -0.0150282 0.301905 -26.096
0.307103 -0.0608492 0.94973 218.744 0.000630347 0.997966 0.063736 -0.339978 -0.951677 -0.0189749 0.306517 -25.8476
0.311085 -0.0588061 0.948562 219.479 -0.00305232 0.998017 0.0628731 -0.298929 -0.950378 -0.0224542 0.310289 -25.5829
0.315832 -0.0595539 0.946945 220.213 -0.00308253 0.997958 0.0637903 -0.2568 -0.948811 -0.023066 0.315004 -25.3341
0.319291 -0.058602 0.945843 220.954 -0.00363037 0.998003 0.0630593 -0.220218 -0.947651 -0.0235681 0.318442 -25.0824
0.32284 -0.0572177 0.944723 221.691 -0.005558 0.998039 0.0623461 -0.188299 -0.946438 -0.0253786 0.321889 -24.8165
0.327432 -0.0576453 0.943115 222.432 -0.00443658 0.998032 0.0625423 -0.141366 -0.944866 -0.0246626 0.326532 -24.5553
0.331761 -0.0574916 0.941611 223.194 -0.00492862 0.998022 0.0626724 -0.103441 -0.943352 -0.0254331 0.330822 -24.288
0.336652 -0.0603322 0.939695 223.917 0.00114378 0.99797 0.063664 -0.0863786 -0.941629 -0.0203579 0.336039 -24.0212
0.34208 -0.0592319 0.937803 224.62 0.000165341 0.998015 0.0629747 -0.051079 -0.939672 -0.0213874 0.341412 -23.7676
0.346566 -0.0576706 0.936252 225.347 -0.00253029 0.998047 0.0624138 -0.0141622 -0.938023 -0.0239995 0.345744 -23.4949
0.351416 -0.0575384 0.93445 226.079 -0.00552832 0.997964 0.0635284 0.0323773 -0.936204 -0.0274909 0.350383 -23.1987
0.356569 -0.0575213 0.932497 226.819 -0.00706665 0.997908 0.0642584 0.0779219 -0.934243 -0.0295022 0.355417 -22.9002
0.360368 -0.0555823 0.931153 227.564 -0.00515486 0.998089 0.0615729 0.114623 -0.932797 -0.0269889 0.359394 -22.6101
0.364486 -0.0505705 0.929835 228.303 -0.00376852 0.998436 0.0557787 0.146445 -0.931202 -0.0238347 0.363726 -22.3138
0.367976 -0.0463313 0.928681 229.037 -0.00611128 0.998615 0.0522419 0.174832 -0.929816 -0.0248992 0.367184 -21.9999
0.370644 -0.0481898 0.927525 229.767 -0.00644683 0.998495 0.0544533 0.223356 -0.928754 -0.0261624 0.369776 -21.6948
0.373957 -0.0573186 0.925674 230.497 -0.00804816 0.99785 0.0650392 0.25752 -0.927412 -0.0317718 0.372692 -21.3899
0.376396 -0.0689615 0.923889 231.233 -0.00670339 0.996997 0.0771495 0.29104 -0.926436 -0.035232 0.374805 -21.0896
0.377941 -0.0767629 0.922642 231.979 -0.00589834 0.996336 0.0853104 0.350737 -0.925812 -0.0376844 0.376104 -20.7853
0.381071 -0.0801428 0.921066 232.721 -0.00466695 0.996056 0.0885986 0.410504 -0.924535 -0.038061 0.379195 -20.4807
0.383537 -0.0773211 0.920284 233.44 -0.00356463 0.996357 0.0851984 0.457001 -0.92352 -0.0359572 0.381865 -20.1775
0.387895 -0.071209 0.918949 234.156 -0.00319141 0.996901 0.0785966 0.512947 -0.921699 -0.0334201 0.386467 -19.8776
0.39226 -0.067338 0.917387 234.884 -0.00391532 0.997185 0.0748695 0.558917 -0.919847 -0.0329602 0.390893 -19.5663
0.39565 -0.0646819 0.916121 235.598 -0.00243564 0.997439 0.0714752 0.594816 -0.918399 -0.0305105 0.39448 -19.2462
0.400312 -0.0630252 0.914209 236.337 -0.00350382 0.997519 0.0703028 0.632036 -0.916373 -0.0313463 0.399099 -18.9203
0.403874 -0.0642175 0.912558 237.068 -0.00128529 0.997492 0.0707632 0.672443 -0.914815 -0.0297524 0.40278 -18.5897
0.406708 -0.0691841 0.910935 237.796 0.00254241 0.99721 0.0746014 0.727679 -0.913556 -0.028025 0.40575 -18.2677
0.409887 -0.0758759 0.908975 238.54 0.00630275 0.996745 0.0803604 0.786924 -0.912115 -0.0272097 0.409032 -17.9382
0.411601 -0.0836039 0.907522 239.268 0.0131897 0.996225 0.0857935 0.840968 -0.911269 -0.0233427 0.411151 -17.6252
0.413812 -0.0921857 0.905683 240.004 0.0214481 0.99557 0.0915352 0.922643 -0.910111 -0.0184532 0.413957 -17.2979
0.41623 -0.0971115 0.904059 240.752 0.0219756 0.995064 0.0967694 0.982139 -0.908994 -0.0204111 0.416311 -16.9516
0.416366 -0.099202 0.90377 241.442 0.0237352 0.994876 0.0982675 1.03244 -0.908888 -0.0194641 0.416588 -16.694
0.419074 -0.0880144 0.903677 242.154 0.0167525 0.99587 0.0892249 1.10072 -0.907799 -0.022253 0.418818 -16.3492
0.419934 -0.0766791 0.90431 242.877 0.0148819 0.996872 0.077617 1.16615 -0.907433 -0.0191362 0.419762 -16.0112
0.420037 -0.0694835 0.904844 243.591 0.0144327 0.997449 0.069895 1.23461 -0.907393 -0.0162992 0.419969 -15.6623
0.420336 -0.0712011 0.904571 244.327 0.014861 0.997322 0.0715962 1.29311 -0.907248 -0.0166516 0.420269 -15.3156
0.419612 -0.0757448 0.904538 245.056 0.0163718 0.996981 0.0758911 1.35469 -0.907557 -0.0170359 0.419586 -14.9687
