1 0 0 0 0 1 0 0 0 0 1 0
<<<<<<< HEAD
0.999713 0.000835004 0.0239386 0.00411032 -0.000841848 1 0.000275804 -0.00981914 -0.0239383 -0.000295878 0.999713 0.385974
0.99884 0.00261958 0.0480888 0.0168491 -0.00266072 0.999996 0.000791457 -0.0157789 -0.0480866 -0.00091849 0.998843 0.733835
0.996995 0.00377103 0.0773724 0.0389281 -0.00395211 0.99999 0.00218736 -0.0214415 -0.0773634 -0.00248657 0.997 1.04696
0.993678 0.00354599 0.112209 0.0733397 -0.00405126 0.999983 0.00427517 -0.0264651 -0.112192 -0.00470273 0.993675 1.33923
0.988603 0.000253898 0.150547 0.118035 -0.00122424 0.999979 0.00635281 -0.0286244 -0.150543 -0.00646471 0.988582 1.61448
0.981608 -0.00183629 0.190901 0.178707 0.000400009 0.999971 0.00756197 -0.0301359 -0.190909 -0.00734653 0.98158 1.87343
0.972117 -0.00201992 0.234488 0.250451 -1.91422e-05 0.999962 0.00869322 -0.0304389 -0.234496 -0.00845531 0.97208 2.12518
0.959351 -0.0021672 0.282207 0.333531 -0.00117458 0.999931 0.0116719 -0.0267551 -0.282213 -0.0115289 0.959283 2.36713
0.944464 -0.0062893 0.328554 0.431622 0.000415971 0.999839 0.0179435 -0.0208689 -0.328614 -0.0168103 0.944315 2.60706
0.926772 -0.0143341 0.375352 0.54533 0.0049864 0.999653 0.0258634 -0.0150151 -0.375592 -0.0220978 0.926521 2.83929
0.905118 -0.017483 0.424801 0.673177 0.0054326 0.999548 0.0295619 -0.00724144 -0.425126 -0.0244492 0.904804 3.06445
0.879825 -0.0183312 0.474944 0.818165 0.00294497 0.999447 0.0331196 0.00325431 -0.475289 -0.0277407 0.879392 3.28268
0.85068 -0.0202646 0.525293 0.979359 0.00130675 0.999335 0.0364359 0.0154884 -0.525682 -0.0303089 0.850141 3.49574
0.81872 -0.0247546 0.573659 1.15851 0.00196652 0.999185 0.0403103 0.0318998 -0.57419 -0.0318748 0.818102 3.70286
0.782687 -0.0301191 0.621686 1.35717 0.00369846 0.999036 0.0437445 0.0473317 -0.622404 -0.0319389 0.782044 3.8984
0.744784 -0.0335598 0.666461 1.57657 0.00379564 0.998931 0.0460598 0.063648 -0.667295 -0.0317749 0.744116 4.08708
0.705054 -0.036591 0.708209 1.81313 0.00408486 0.998861 0.0475414 0.0772888 -0.709142 -0.0306263 0.7044 4.27285
0.663295 -0.0377825 0.747404 2.06609 0.00223667 0.99882 0.048507 0.0920416 -0.748355 -0.0305028 0.662596 4.45538
0.621253 -0.038257 0.782676 2.34328 -0.00153066 0.998746 0.0500334 0.111789 -0.783608 -0.0322814 0.620416 4.63272
0.579856 -0.0388058 0.813795 2.63951 -0.0046154 0.998692 0.0509113 0.12999 -0.814706 -0.0332772 0.578918 4.80368
0.540141 -0.0399636 0.840626 2.95726 -0.00665358 0.998638 0.0517508 0.14966 -0.841549 -0.0335459 0.539138 4.97063
0.502561 -0.0410806 0.863566 3.30001 -0.00851937 0.998587 0.0524616 0.167987 -0.8645 -0.0337222 0.5015 5.13219
0.465741 -0.0412734 0.883958 3.66307 -0.0112614 0.998554 0.0525575 0.187382 -0.88485 -0.0344327 0.464602 5.29345
0.430168 -0.0408224 0.901826 4.0472 -0.0123146 0.998619 0.0510779 0.20965 -0.902665 -0.0330777 0.429071 5.44694
0.397404 -0.040123 0.916766 4.45855 -0.0116027 0.998744 0.0487404 0.228511 -0.917571 -0.0300065 0.396439 5.59387
0.368435 -0.038718 0.928847 4.8923 -0.00944119 0.998925 0.045384 0.248947 -0.929606 -0.0254905 0.367673 5.73756
0.344074 -0.0369193 0.938217 5.35167 -0.00896979 0.999052 0.0426027 0.270947 -0.9389 -0.0230741 0.343416 5.87785
0.324777 -0.0363611 0.945092 5.83467 -0.00812368 0.999117 0.0412313 0.292709 -0.945756 -0.0210686 0.324194 6.01815
0.310909 -0.0369084 0.949723 6.34598 -0.00760484 0.999117 0.0413176 0.313985 -0.950409 -0.0200685 0.310353 6.1567
0.299713 -0.0375268 0.953291 6.8821 -0.00706005 0.999112 0.0415502 0.334467 -0.954004 -0.0191834 0.299181 6.2973
0.290031 -0.0385278 0.956242 7.44224 -0.00797471 0.999057 0.0426716 0.358505 -0.956984 -0.0200018 0.28945 6.44295
0.280341 -0.0397316 0.959078 8.02673 -0.00893631 0.998992 0.0439972 0.382401 -0.959859 -0.0209048 0.279703 6.59024
0.270511 -0.0408826 0.961849 8.64004 -0.00967335 0.998932 0.0451794 0.406663 -0.962668 -0.0215258 0.269826 6.74128
0.261136 -0.0422541 0.964377 9.27719 -0.010491 0.998858 0.0466057 0.429635 -0.965245 -0.0222877 0.260394 6.90032
0.25167 -0.0435039 0.966835 9.94026 -0.0106982 0.998803 0.0477271 0.457378 -0.967754 -0.0223549 0.250903 7.06057
0.241397 -0.0447788 0.969393 10.6264 -0.010756 0.99875 0.0488133 0.483952 -0.970367 -0.0222102 0.240613 7.22232
0.232007 -0.0470619 0.971575 11.3412 -0.0115295 0.998626 0.0511254 0.514565 -0.972646 -0.0230633 0.231145 7.38225
0.221609 -0.0501526 0.973845 12.0753 -0.0131031 0.998433 0.0544006 0.54637 -0.975047 -0.0248161 0.220605 7.54671
0.209776 -0.0539087 0.976262 12.8231 -0.0135921 0.998222 0.0580419 0.58357 -0.977655 -0.0254452 0.20867 7.70745
0.197778 -0.0557821 0.978658 13.5883 -0.0143076 0.998109 0.0597821 0.6187 -0.980142 -0.0258258 0.196606 7.85807
0.18418 -0.0567862 0.981251 14.3669 -0.0147343 0.998058 0.0605245 0.654759 -0.982782 -0.0256055 0.182985 7.99945
0.170602 -0.0566932 0.983708 15.1498 -0.0161043 0.99805 0.0603126 0.695634 -0.985208 -0.0261313 0.169356 8.13044
0.155251 -0.0563122 0.986269 15.9479 -0.0169835 0.998074 0.0596597 0.740843 -0.987729 -0.0260125 0.153995 8.25
0.133264 -0.0560668 0.989494 16.7503 -0.019222 0.998065 0.0591413 0.78775 -0.990894 -0.0269015 0.131928 8.35045
0.108407 -0.0544019 0.992617 17.5625 -0.0229784 0.998098 0.0572118 0.835217 -0.993841 -0.0290109 0.10695 8.43723
0.0766072 -0.055441 0.995519 18.3765 -0.0258247 0.998008 0.0575669 0.885472 -0.996727 -0.030119 0.0750224 8.49712
0.0425908 -0.0547701 0.99759 19.2051 -0.0287206 0.998017 0.0560197 0.93472 -0.99868 -0.0310373 0.0409329 8.53962
0.00937616 -0.0547836 0.998455 20.0424 -0.0306589 0.998013 0.0550473 0.979682 -0.999486 -0.0311276 0.00767754 8.54794
-0.0258584 -0.0546205 0.998173 20.8916 -0.0314115 0.998058 0.0538005 1.03071 -0.999172 -0.0299629 -0.0275242 8.51673
-0.0569571 -0.0530293 0.996968 21.7283 -0.0343384 0.998102 0.0511279 1.0667 -0.997786 -0.0313222 -0.0586702 8.4641
-0.0893176 -0.0507911 0.994708 22.5712 -0.0368608 0.998183 0.0476587 1.11308 -0.995321 -0.0324089 -0.0910279 8.38281
-0.122878 -0.0473965 0.99129 23.4064 -0.0338459 0.998478 0.0435447 1.14103 -0.991844 -0.0282004 -0.124295 8.29503
-0.153532 -0.0444445 0.987144 24.2459 -0.0318059 0.998693 0.0400176 1.16399 -0.987631 -0.025253 -0.154745 8.17295
-0.185107 -0.0403402 0.98189 25.0854 -0.0273738 0.998981 0.0358818 1.18315 -0.982337 -0.0202361 -0.186023 8.01332
-0.212039 -0.0358964 0.976602 25.9205 -0.0225603 0.999239 0.0318302 1.19762 -0.977 -0.0152832 -0.212688 7.83534
-0.240501 -0.0311198 0.97015 26.7522 -0.0156817 0.99948 0.0281731 1.21767 -0.970522 -0.008438 -0.240864 7.62006
-0.268519 -0.0241039 0.962973 27.5791 -0.0109084 0.999699 0.0219814 1.23433 -0.963212 -0.00460206 -0.268701 7.38572
-0.293291 -0.0106579 0.955964 28.3879 -0.00811692 0.99993 0.00865774 1.23668 -0.955988 -0.00522025 -0.293357 7.1285
-0.316882 0.0051707 0.948451 29.184 -0.00761337 0.999939 -0.00799508 1.22793 -0.948434 -0.00975441 -0.316823 6.85976
-0.344308 0.0185759 0.938673 29.966 -0.00868725 0.999699 -0.0229702 1.21026 -0.938816 -0.0160633 -0.344043 6.57044
-0.368457 0.0265757 0.929265 30.7508 -0.00631498 0.999497 -0.0310882 1.1876 -0.929623 -0.017323 -0.368104 6.25616
-0.393776 0.0301287 0.918713 31.5378 -0.0031313 0.999413 -0.0341174 1.15398 -0.919201 -0.0163114 -0.39345 5.91697
-0.411133 0.028735 0.911123 32.3202 -0.00139256 0.999482 -0.0321501 1.13348 -0.911574 -0.0144868 -0.41088 5.56061
-0.430916 0.0243668 0.902063 33.105 0.00059366 0.999643 -0.0267191 1.11308 -0.902392 -0.0109782 -0.430777 5.19356
-0.449489 0.0224232 0.893005 33.8798 0.00720309 0.999744 -0.0214778 1.07868 -0.893256 -0.00322166 -0.449536 4.80485
-0.462394 0.0228147 0.886382 34.6353 0.00956747 0.999739 -0.0207414 1.04134 -0.886623 -0.0011103 -0.462491 4.41604
-0.473555 0.0247913 0.880415 35.3746 0.0125033 0.999692 -0.0214248 1.02633 -0.880675 0.000862223 -0.47372 4.01693
-0.483932 0.0264112 0.874707 36.088 0.0133057 0.999651 -0.0228224 1.01271 -0.875004 0.000594091 -0.484114 3.61732
-0.494099 0.024274 0.869067 36.7962 0.00691128 0.999688 -0.023993 1.01031 -0.869378 -0.00584859 -0.494113 3.22291
-0.5064 0.0228851 0.861995 37.5065 0.00681903 0.999723 -0.0225357 1.01324 -0.862271 -0.00553413 -0.506416 2.81777
-0.513985 0.023181 0.857486 38.2296 0.00789252 0.99972 -0.0222953 1.00195 -0.857763 -0.00469171 -0.514024 2.41703
-0.521269 0.0238541 0.853059 38.9492 0.00903659 0.999708 -0.0224329 0.98879 -0.853344 -0.00398485 -0.521332 1.98262
-0.526144 0.0256525 0.850009 39.6756 0.00985093 0.999662 -0.0240713 0.993894 -0.850338 -0.00429159 -0.526219 1.53688
-0.524514 0.0258615 0.851009 40.4037 0.00881007 0.99965 -0.0249485 0.991859 -0.851356 -0.00558843 -0.524559 1.08843
-0.520613 0.0256323 0.853408 41.1465 0.0107746 0.999667 -0.0234523 0.990715 -0.853724 -0.0030145 -0.520716 0.634203
-0.514693 0.0244949 0.857025 41.911 0.00992181 0.999695 -0.022614 0.984803 -0.857317 -0.00313604 -0.514779 0.18091
-0.50675 0.0231406 0.861783 42.6916 0.00811057 0.999724 -0.0220754 0.971121 -0.862055 -0.00419721 -0.506798 -0.27196
-0.499134 0.0222112 0.86624 43.4885 0.00582239 0.999735 -0.0222793 0.949193 -0.866505 -0.0060768 -0.499132 -0.7255
-0.491921 0.0210757 0.870385 44.3075 0.00359777 0.999748 -0.0221748 0.929028 -0.870632 -0.00777683 -0.491873 -1.17738
-0.485467 0.0182921 0.874064 45.1541 -0.000428367 0.999776 -0.021161 0.905126 -0.874255 -0.0106474 -0.485351 -1.62477
-0.482715 0.015761 0.875636 46.0239 -0.00541676 0.999766 -0.0209814 0.881372 -0.875761 -0.0148712 -0.482516 -2.079
-0.480906 0.0126126 0.876682 46.9084 -0.00829222 0.999787 -0.0189324 0.854685 -0.876733 -0.0163743 -0.480699 -2.54437
-0.480257 0.012133 0.877044 47.8044 -0.00843902 0.999794 -0.0184522 0.834121 -0.877087 -0.0162632 -0.480056 -3.02587
-0.48102 0.0118817 0.87663 48.7099 -0.00863091 0.999796 -0.018287 0.813745 -0.876667 -0.0163625 -0.480819 -3.521
-0.479506 0.012054 0.877456 49.6189 -0.0089872 0.999786 -0.0186458 0.789527 -0.877492 -0.0168267 -0.479295 -4.02404
-0.479206 0.0115966 0.877626 50.5378 -0.00750053 0.999822 -0.0173068 0.771693 -0.87767 -0.0148762 -0.479034 -4.52474
-0.479882 0.0110578 0.877264 51.4512 -0.0069537 0.999842 -0.0164067 0.758915 -0.877305 -0.0139735 -0.479729 -5.03585
-0.480132 0.00979227 0.877142 52.3607 -0.0098504 0.999815 -0.0165537 0.738412 -0.877141 -0.0165882 -0.479946 -5.56663
-0.481392 0.00942101 0.876455 53.239 -0.0100146 0.999818 -0.0162476 0.710253 -0.876448 -0.0165988 -0.48121 -6.09026
-0.481083 0.00857546 0.876634 54.0975 -0.0112077 0.999811 -0.015931 0.706474 -0.876603 -0.0174892 -0.480895 -6.58042
-0.480626 0.00658223 0.876902 54.9543 -0.0123992 0.999821 -0.0143009 0.70411 -0.876838 -0.0177463 -0.480458 -7.07339
-0.481095 0.00390865 0.87666 55.8108 -0.0129649 0.999849 -0.0115729 0.718282 -0.876572 -0.0169335 -0.480972 -7.55676
-0.479218 0.00288094 0.877691 56.6846 -0.0135821 0.999851 -0.0106978 0.713332 -0.87759 -0.0170475 -0.479108 -8.02533
-0.477114 0.00126944 0.878841 57.5323 -0.0140969 0.999859 -0.00909734 0.703359 -0.878728 -0.0167294 -0.477029 -8.46817
-0.475607 0.00274908 0.879654 58.3613 -0.0132873 0.999859 -0.0103089 0.729803 -0.879557 -0.0165913 -0.475504 -8.91931
-0.474212 0.00375906 0.880403 59.1873 -0.0130758 0.999851 -0.0113121 0.792742 -0.880314 -0.0168763 -0.474092 -9.41451
-0.469034 0.00219665 0.883178 59.9694 -0.0264901 0.999512 -0.0165543 0.857851 -0.882782 -0.03116 -0.468748 -9.86905
-0.463875 -0.00266407 0.885897 60.7894 -0.0424637 0.998913 -0.019231 0.901605 -0.884882 -0.0465392 -0.463484 -10.2747
-0.464522 -0.00582932 0.885543 61.6104 -0.0514445 0.998467 -0.0204132 0.93545 -0.884066 -0.0550387 -0.46411 -10.6949
-0.469143 -0.00774974 0.883089 62.4395 -0.0533656 0.998383 -0.0195891 0.943107 -0.881508 -0.0563166 -0.468798 -11.1145
-0.472621 -0.0117161 0.881188 63.3138 -0.0560901 0.998284 -0.0168107 0.953038 -0.879479 -0.057371 -0.472467 -11.5554
-0.477853 -0.0143482 0.878323 64.1639 -0.0592101 0.998119 -0.0159082 0.939603 -0.876442 -0.0596073 -0.477804 -11.9908
-0.481983 -0.0125562 0.876091 65.0317 -0.0587034 0.998113 -0.0179907 0.914614 -0.874212 -0.0601007 -0.481811 -12.4442
-0.486316 -0.0116187 0.873706 65.9023 -0.0584094 0.998107 -0.0192384 0.880641 -0.871829 -0.0603886 -0.486074 -12.917
-0.492917 -0.0118625 0.869996 66.7648 -0.0605491 0.997951 -0.0206984 0.839611 -0.867967 -0.06288 -0.492625 -13.3979
-0.497144 -0.0115791 0.867591 67.6175 -0.0611359 0.997893 -0.0217137 0.793758 -0.865512 -0.0638358 -0.496804 -13.8674
-0.501134 -0.0121189 0.865285 68.4328 -0.0601979 0.997968 -0.0208867 0.737542 -0.863273 -0.0625554 -0.500845 -14.3262
-0.504978 -0.0169938 0.862965 69.2453 -0.0585169 0.99818 -0.0145856 0.693568 -0.861146 -0.0578634 -0.505054 -14.7834
-0.506145 -0.0236145 0.862125 70.0695 -0.0571033 0.998349 -0.00617894 0.664417 -0.860556 -0.0523576 -0.506658 -15.2387
-0.508391 -0.0252136 0.860758 70.8969 -0.0552974 0.998464 -0.00341305 0.637006 -0.859349 -0.0493328 -0.509005 -15.6928
-0.508952 -0.0212203 0.860534 71.7291 -0.0548687 0.998463 -0.00782983 0.614076 -0.859044 -0.0512013 -0.509334 -16.1588
-0.509532 -0.0167145 0.86029 72.558 -0.0556719 0.998357 -0.0135764 0.579597 -0.858648 -0.0548116 -0.509626 -16.6298
-0.510661 -0.0121957 0.859696 73.3816 -0.0510121 0.998568 -0.0161356 0.544017 -0.858267 -0.0520947 -0.510552 -17.1152
-0.510401 -0.0130601 0.859838 74.199 -0.0509089 0.99859 -0.0150521 0.4924 -0.858428 -0.051456 -0.510347 -17.6197
-0.50993 -0.0158922 0.86007 75.014 -0.0531865 0.998499 -0.0130839 0.437479 -0.85857 -0.0524159 -0.51001 -18.1341
-0.510608 -0.0189293 0.859605 75.8137 -0.0547889 0.998442 -0.0105582 0.391368 -0.858066 -0.0524879 -0.51085 -18.6533
-0.508298 -0.024252 0.86084 76.6152 -0.0582756 0.998281 -0.00628586 0.349015 -0.859207 -0.053361 -0.508838 -19.1703
-0.509404 -0.0298828 0.860009 77.4136 -0.0669886 0.997741 -0.00501036 0.307775 -0.857916 -0.0601631 -0.510255 -19.6834
-0.50731 -0.0323995 0.861155 78.2244 -0.0732427 0.997298 -0.00562596 0.268851 -0.858645 -0.0659274 -0.508313 -20.1921
-0.505108 -0.0333732 0.862411 79.0371 -0.0719267 0.997404 -0.00352994 0.231092 -0.860054 -0.0638134 -0.506197 -20.6998
-0.503866 -0.0304971 0.863243 79.8497 -0.0682646 0.997657 -0.00459973 0.193012 -0.86108 -0.0612466 -0.504768 -21.2022
-0.498403 -0.0284892 0.866478 80.6644 -0.0670151 0.997736 -0.0057426 0.156607 -0.864351 -0.0609292 -0.499184 -21.6966
-0.491237 -0.0268407 0.870613 81.479 -0.0626153 0.998027 -0.00456145 0.123034 -0.868772 -0.0567544 -0.491949 -22.1818
-0.483594 -0.0252659 0.874928 82.2945 -0.057856 0.99832 -0.00314928 0.0918758 -0.873378 -0.0521428 -0.484244 -22.6659
-0.471583 -0.0260382 0.881437 83.1245 -0.0603328 0.998174 -0.00279244 0.0640221 -0.879755 -0.0544964 -0.472294 -23.13
-0.461351 -0.029622 0.886723 83.9506 -0.0644073 0.997924 -0.000173572 0.0396974 -0.884876 -0.0571915 -0.462302 -23.5802
-0.44888 -0.0321145 0.893015 84.7849 -0.0639955 0.997943 0.00372014 0.0167705 -0.891297 -0.055479 -0.450013 -24.0095
-0.437617 -0.0348336 0.898487 85.6266 -0.0672112 0.997721 0.00594487 -0.00665247 -0.896646 -0.0577868 -0.438961 -24.4257
-0.425756 -0.0363732 0.904107 86.4758 -0.0685881 0.997614 0.00783604 -0.0254392 -0.902234 -0.0586747 -0.427235 -24.826
-0.41306 -0.0357461 0.910003 87.332 -0.0663639 0.997754 0.00906977 -0.0424646 -0.908282 -0.0566449 -0.414505 -25.2147
-0.399762 -0.0330197 0.916024 88.1948 -0.0672346 0.997715 0.00662247 -0.0535759 -0.914149 -0.0589411 -0.40107 -25.5875
-0.389536 -0.0267829 0.920622 89.0597 -0.0683634 0.99766 9.79632e-05 -0.0716271 -0.91847 -0.0628986 -0.390457 -25.9495
-0.375887 -0.0236699 0.926364 89.9313 -0.0707687 0.997487 -0.00322832 -0.0898923 -0.923959 -0.066771 -0.376618 -26.2957
-0.364857 -0.0266146 0.930684 90.8099 -0.0728712 0.997341 -4.69413e-05 -0.103927 -0.928207 -0.0678371 -0.365827 -26.6305
-0.352593 -0.0290569 0.935326 91.6948 -0.0724153 0.997368 0.00368562 -0.113895 -0.93297 -0.0664324 -0.35377 -26.9489
-0.343586 -0.0272609 0.938726 92.5789 -0.0743593 0.99723 0.00174335 -0.11665 -0.936172 -0.069204 -0.344662 -27.2566
-0.33887 -0.0241429 0.940524 93.4513 -0.0788834 0.99688 -0.00283215 -0.111785 -0.93752 -0.0751514 -0.339718 -27.5624
-0.333919 -0.0195341 0.9424 94.3185 -0.0815147 0.996638 -0.00822464 -0.112533 -0.93907 -0.0795657 -0.33439 -27.8588
-0.330727 -0.018087 0.943554 95.1919 -0.0855477 0.996274 -0.0108879 -0.126038 -0.939841 -0.0843197 -0.331042 -28.1604
-0.329869 -0.0196061 0.943823 96.0551 -0.0888021 0.995995 -0.0103467 -0.140933 -0.93984 -0.0872265 -0.33029 -28.4627
-0.326373 -0.0188428 0.945054 96.9186 -0.0871091 0.996146 -0.0102215 -0.15721 -0.941218 -0.0856587 -0.326757 -28.7761
-0.32133 -0.021117 0.946732 97.7822 -0.0866955 0.996209 -0.00720479 -0.166631 -0.94299 -0.0843925 -0.321943 -29.0815
-0.314814 -0.0243661 0.948841 98.6376 -0.087136 0.996191 -0.0033287 -0.183888 -0.945145 -0.0837261 -0.315739 -29.3818
-0.308811 -0.027355 0.95073 99.4873 -0.08878 0.996051 -0.000178106 -0.205524 -0.94697 -0.0844608 -0.310021 -29.6791
-0.303652 -0.0279935 0.952372 100.33 -0.0948457 0.995491 -0.000979531 -0.228303 -0.94805 -0.0906257 -0.304939 -29.9704
-0.297211 -0.0266403 0.954441 101.172 -0.103646 0.994604 -0.00451388 -0.252629 -0.949169 -0.100266 -0.298369 -30.2503
-0.288875 -0.0231964 0.957086 102.029 -0.103926 0.994558 -0.00726316 -0.279672 -0.951709 -0.101564 -0.289715 -30.5192
-0.283071 -0.0208223 0.958873 102.88 -0.104178 0.994516 -0.0091583 -0.312106 -0.953424 -0.102486 -0.283688 -30.7938
-0.276636 -0.0197091 0.960773 103.74 -0.0966241 0.995293 -0.00740376 -0.335703 -0.956104 -0.0948819 -0.277239 -31.075
-0.270669 -0.0220507 0.96242 104.597 -0.0900524 0.995934 -0.00250768 -0.349835 -0.958451 -0.087347 -0.271555 -31.3417
-0.264607 -0.0218978 0.964108 105.463 -0.0838053 0.996482 -0.000367943 -0.359643 -0.960708 -0.0808946 -0.265512 -31.6023
-0.259103 -0.0180134 0.965682 106.327 -0.0806603 0.996737 -0.00304939 -0.366645 -0.962475 -0.0786822 -0.259712 -31.8553
-0.254391 -0.0154394 0.966979 107.189 -0.0802427 0.996762 -0.00519516 -0.375815 -0.963766 -0.0789145 -0.254807 -32.0962
-0.248643 -0.0149345 0.96848 108.048 -0.0780084 0.996942 -0.00465421 -0.386361 -0.965448 -0.0767068 -0.249049 -32.33
-0.24462 -0.014662 0.969508 108.896 -0.0760093 0.997099 -0.00409898 -0.398238 -0.966635 -0.0746943 -0.245026 -32.5568
-0.238565 -0.0153295 0.971006 109.741 -0.0685817 0.997645 -0.00109972 -0.411391 -0.968701 -0.0668556 -0.239055 -32.7756
-0.233875 -0.0133013 0.972176 110.586 -0.0646672 0.997905 -0.0019036 -0.425194 -0.970113 -0.063313 -0.234246 -32.9882
-0.229897 -0.0114963 0.973147 111.433 -0.060614 0.998158 -0.00252772 -0.434576 -0.971325 -0.0595674 -0.230171 -33.1964
-0.225237 -0.0124936 0.974224 112.285 -0.0657264 0.997835 -0.00239934 -0.441429 -0.972084 -0.0645726 -0.225571 -33.3911
-0.220629 -0.0108721 0.975298 113.136 -0.066478 0.99778 -0.00391578 -0.449934 -0.973089 -0.0656997 -0.220862 -33.5783
-0.218601 -0.00957872 0.975768 113.983 -0.0624848 0.998037 -0.00420117 -0.461158 -0.973811 -0.061889 -0.218771 -33.7638
-0.214847 -0.00878383 0.976609 114.83 -0.0644823 0.997905 -0.00521027 -0.476703 -0.974516 -0.0640934 -0.214964 -33.9452
-0.211615 -0.00832049 0.977318 115.684 -0.066434 0.997773 -0.00589008 -0.494567 -0.975092 -0.0661735 -0.211697 -34.1251
-0.208552 -0.0106493 0.977954 116.528 -0.0661206 0.997806 -0.00323498 -0.515038 -0.975773 -0.0653375 -0.208799 -34.3
-0.205997 -0.0130116 0.978467 117.387 -0.0632807 0.997996 -5.12857e-05 -0.536104 -0.976504 -0.0619285 -0.206409 -34.4645
-0.206142 -0.0123755 0.978444 118.252 -0.057598 0.99834 0.000492124 -0.557409 -0.976825 -0.056255 -0.206513 -34.6319
-0.200793 -0.0115538 0.979566 119.123 -0.0621665 0.998065 -0.000970936 -0.569301 -0.977659 -0.0610911 -0.201123 -34.7898
-0.197147 -0.0113474 0.980309 119.992 -0.0674491 0.997721 -0.00201556 -0.582685 -0.978051 -0.0665182 -0.197463 -34.9542
-0.193843 -0.0105126 0.980977 120.857 -0.071216 0.997455 -0.00338328 -0.594544 -0.978444 -0.070517 -0.194099 -35.1287
-0.18989 -0.0101354 0.981754 121.719 -0.0729869 0.997326 -0.00382089 -0.606174 -0.979088 -0.0723806 -0.190122 -35.3037
-0.189651 -0.0141711 0.98175 122.578 -0.0733789 0.997304 0.00022048 -0.615534 -0.979105 -0.0719978 -0.19018 -35.4812
-0.190587 -0.0189085 0.981489 123.443 -0.0776586 0.996972 0.00412692 -0.618197 -0.978593 -0.0754344 -0.191479 -35.6575
-0.193388 -0.0215619 0.980886 124.31 -0.0758721 0.997093 0.00695948 -0.616158 -0.978184 -0.0730759 -0.194463 -35.828
-0.195931 -0.0190352 0.980433 125.178 -0.0786694 0.996894 0.00363329 -0.62115 -0.977457 -0.0764182 -0.196821 -35.9978
-0.197932 -0.0161801 0.980083 126.046 -0.078214 0.996936 0.000662654 -0.625308 -0.97709 -0.0765249 -0.198592 -36.1638
-0.20229 -0.0139511 0.979227 126.914 -0.0796806 0.996818 -0.00225887 -0.635234 -0.976078 -0.0784823 -0.202759 -36.3356
-0.202303 -0.0145631 0.979215 127.78 -0.0815118 0.99667 -0.00201741 -0.641534 -0.975924 -0.0802256 -0.202817 -36.5053
-0.200633 -0.0142439 0.979563 128.645 -0.0790685 0.996868 -0.00169928 -0.649827 -0.97647 -0.0777935 -0.201132 -36.6717
-0.20288 -0.0119301 0.979131 129.505 -0.0808232 0.996718 -0.00460258 -0.66118 -0.975862 -0.0800702 -0.203179 -36.8374
-0.202565 -0.00827359 0.979234 130.363 -0.0843182 0.996398 -0.00902351 -0.67398 -0.975632 -0.0843951 -0.202533 -36.9939
-0.201956 -0.0081757 0.979361 131.222 -0.0869724 0.996164 -0.00961885 -0.683799 -0.975525 -0.0871199 -0.201894 -37.1414
-0.200905 -0.00884284 0.979571 132.081 -0.0899105 0.995905 -0.00944987 -0.698971 -0.975476 -0.0899722 -0.200878 -37.2849
-0.199666 -0.00608547 0.979846 132.936 -0.0868159 0.996158 -0.011504 -0.711871 -0.97601 -0.0873631 -0.199428 -37.4289
-0.199221 -0.00209478 0.979953 133.795 -0.085557 0.996216 -0.0152639 -0.725891 -0.976212 -0.0868827 -0.198647 -37.5694
-0.196791 -0.00487233 0.980434 134.649 -0.0824572 0.996527 -0.0115984 -0.74069 -0.976972 -0.0831262 -0.19651 -37.7041
-0.193888 -0.00599759 0.981006 135.507 -0.0798414 0.99676 -0.0096861 -0.755744 -0.977769 -0.0802028 -0.193739 -37.8358
-0.192617 -0.0090386 0.981233 136.367 -0.0755336 0.997127 -0.00564234 -0.767174 -0.978362 -0.0752028 -0.192747 -37.9672
-0.189086 -0.00825543 0.981926 137.218 -0.0760993 0.99708 -0.00627132 -0.782105 -0.979007 -0.0759096 -0.189163 -38.1093
-0.186095 -0.00650217 0.982511 138.048 -0.0818386 0.996606 -0.00890543 -0.805322 -0.979117 -0.0820645 -0.185996 -38.2472
-0.182537 -0.00156342 0.983198 138.838 -0.0778837 0.996879 -0.0128744 -0.825126 -0.980109 -0.0789251 -0.182089 -38.3891
-0.176473 -0.00368277 0.984299 139.606 -0.0951466 0.995374 -0.0133344 -0.852112 -0.979696 -0.0960058 -0.176007 -38.5244
-0.169444 -0.00485626 0.985528 140.358 -0.0917339 0.995724 -0.0108655 -0.876075 -0.981261 -0.0922474 -0.169166 -38.6636
-0.161492 -0.00903716 0.986833 141.096 -0.100696 0.99489 -0.00736768 -0.9009 -0.981723 -0.10056 -0.161577 -38.7818
-0.149368 -0.00932402 0.988738 141.831 -0.106495 0.99429 -0.00671182 -0.928545 -0.98303 -0.106298 -0.149509 -38.8843
-0.136339 -0.0100905 0.990611 142.566 -0.112897 0.993592 -0.00541736 -0.958342 -0.984208 -0.112576 -0.136606 -38.9754
-0.123922 -0.0111756 0.992229 143.302 -0.119501 0.992827 -0.00374242 -0.987645 -0.98507 -0.119036 -0.12437 -39.0574
-0.11093 -0.00859958 0.993791 144.038 -0.121925 0.992526 -0.0050211 -1.01674 -0.986321 -0.121725 -0.111151 -39.1297
-0.0992105 -0.00408686 0.995058 144.773 -0.127068 0.991857 -0.00859536 -1.04921 -0.98692 -0.127292 -0.0989227 -39.1899
-0.0882004 0.00466971 0.996092 145.508 -0.132929 0.990989 -0.0164162 -1.08724 -0.987193 -0.133858 -0.0867857 -39.2412
-0.0776026 0.0102023 0.996932 146.242 -0.141345 0.989735 -0.0211311 -1.12861 -0.986914 -0.142551 -0.0753647 -39.2821
-0.0655688 0.0112452 0.997785 146.976 -0.141229 0.989766 -0.0204356 -1.16774 -0.987803 -0.142256 -0.0633104 -39.3155
-0.0562749 0.00738956 0.998388 147.708 -0.139772 0.990067 -0.0152063 -1.20227 -0.988583 -0.140402 -0.0546838 -39.3428
-0.0470955 0.0052441 0.998877 148.439 -0.139413 0.990164 -0.0117715 -1.2344 -0.989114 -0.139811 -0.045902 -39.3628
-0.0397724 0.00920278 0.999167 149.167 -0.141456 0.989835 -0.0147476 -1.26763 -0.989145 -0.141925 -0.0380671 -39.3751
-0.0345083 0.0143716 0.999301 149.894 -0.139002 0.990109 -0.0190395 -1.30365 -0.989691 -0.139562 -0.0321701 -39.3828
-0.0287918 0.0166202 0.999448 150.62 -0.139222 0.990049 -0.0204746 -1.33991 -0.989843 -0.139735 -0.0261922 -39.386
-0.0247288 0.0126895 0.999614 151.348 -0.140885 0.989896 -0.0160514 -1.37307 -0.989717 -0.141227 -0.022692 -39.386
-0.0229699 0.00865362 0.999699 152.075 -0.142593 0.98971 -0.0118435 -1.40307 -0.989515 -0.142822 -0.0215004 -39.3849
-0.0238731 0.00637326 0.999695 152.803 -0.144386 0.989473 -0.00975609 -1.43149 -0.989234 -0.144575 -0.0227023 -39.3847
-0.0274485 0.00617747 0.999604 153.53 -0.140082 0.99009 -0.00996524 -1.45935 -0.989759 -0.1403 -0.0263119 -39.3881
-0.0320175 0.00513241 0.999474 154.259 -0.139016 0.990244 -0.0095383 -1.48685 -0.989772 -0.139248 -0.0309924 -39.3956
-0.0356379 0.00521274 0.999351 154.989 -0.13426 0.990896 -0.00995652 -1.51346 -0.990305 -0.134528 -0.0346144 -39.4059
-0.0385247 0.00447657 0.999248 155.721 -0.137322 0.990478 -0.00973158 -1.54 -0.989777 -0.137594 -0.0375439 -39.4167
-0.0427825 0.00168868 0.999083 156.456 -0.133858 0.990973 -0.00740704 -1.5639 -0.990077 -0.134052 -0.0421711 -39.431
-0.0461431 0.00114842 0.998934 157.193 -0.1329 0.991103 -0.00727838 -1.58649 -0.990055 -0.133094 -0.0455807 -39.4497
-0.0501874 -4.21408e-05 0.99874 157.93 -0.139822 0.990152 -0.00698438 -1.61084 -0.988904 -0.139996 -0.0496998 -39.4714
-0.055692 -0.000199789 0.998448 158.669 -0.124314 0.99222 -0.00673554 -1.63228 -0.990679 -0.124496 -0.0552843 -39.4993
-0.061482 0.00159281 0.998107 159.407 -0.111542 0.993724 -0.00845665 -1.65602 -0.991856 -0.11185 -0.0609193 -39.533
-0.0651519 0.00277878 0.997872 160.143 -0.104002 0.994531 -0.00955987 -1.67903 -0.992441 -0.104404 -0.0645074 -39.5701
-0.0666649 0.00261988 0.997772 160.877 -0.0869847 0.996174 -0.00842747 -1.70015 -0.993977 -0.0873527 -0.0661827 -39.6126
-0.0677052 0.00143115 0.997705 161.61 -0.0835939 0.996474 -0.00710216 -1.72071 -0.994197 -0.0838828 -0.0673476 -39.657
-0.0642105 -0.00223303 0.997934 162.343 -0.0813757 0.996679 -0.00300578 -1.73801 -0.994613 -0.0814004 -0.0641798 -39.6988
-0.056576 -0.00136014 0.998398 163.078 -0.0763828 0.997074 -0.00297005 -1.75514 -0.995472 -0.0764283 -0.0565152 -39.7355
-0.0459335 -0.00166683 0.998943 163.815 -0.0691586 0.997604 -0.00151547 -1.77049 -0.996548 -0.069155 -0.0459395 -39.7648
-0.0319058 -0.000922125 0.999491 164.551 -0.0635359 0.997979 -0.00110748 -1.78541 -0.997469 -0.0635388 -0.0319007 -39.784
-0.0164438 -0.0037022 0.999858 165.288 -0.0537874 0.998548 0.00281274 -1.79551 -0.998417 -0.0537334 -0.0166198 -39.7945
-0.000707588 -0.00786677 0.999969 166.016 -0.0513598 0.998649 0.00782003 -1.80336 -0.99868 -0.0513526 -0.00111144 -39.789
0.0160458 -0.0123738 0.999795 166.745 -0.0466286 0.998826 0.0131101 -1.80736 -0.998784 -0.0468292 0.0154492 -39.7714
0.0331412 -0.0181141 0.999287 167.473 -0.0514066 0.998481 0.0198044 -1.80654 -0.998128 -0.0520261 0.0321589 -39.7422
0.0494468 -0.0242717 0.998482 168.2 -0.0499775 0.998392 0.0267445 -1.80062 -0.997526 -0.0512239 0.0481535 -39.7018
0.066319 -0.0298021 0.997353 168.924 -0.0523887 0.998071 0.0333071 -1.79081 -0.996422 -0.0544588 0.064629 -39.65
0.0828869 -0.0315132 0.996061 169.647 -0.0547281 0.997847 0.0361239 -1.77899 -0.995055 -0.0575066 0.0809831 -39.5862
0.0999391 -0.0317026 0.994489 170.366 -0.0580378 0.997604 0.0376344 -1.76587 -0.9933 -0.061479 0.097859 -39.5098
0.116564 -0.0323516 0.992656 171.081 -0.0594108 0.997452 0.0394843 -1.75245 -0.991405 -0.0635768 0.114344 -39.4207
0.132742 -0.0328608 0.990606 171.792 -0.066115 0.99693 0.0419301 -1.7366 -0.988943 -0.0710597 0.130161 -39.3198
0.146174 -0.0351218 0.988635 172.498 -0.066475 0.996762 0.0452391 -1.71889 -0.987023 -0.0723323 0.143365 -39.2086
0.157961 -0.0378617 0.986719 173.202 -0.0690992 0.996391 0.0492946 -1.69875 -0.985025 -0.075968 0.154774 -39.0898
0.167762 -0.0386224 0.985071 173.904 -0.0703253 0.996217 0.0510361 -1.6766 -0.983316 -0.0778372 0.16441 -38.9633
0.177268 -0.0348485 0.983546 174.6 -0.0782141 0.995713 0.0493764 -1.65482 -0.98105 -0.0856798 0.173781 -38.8277
0.185712 -0.0284165 0.982193 175.292 -0.0833448 0.995524 0.0445609 -1.63818 -0.979063 -0.0901361 0.182512 -38.6855
0.195469 -0.0197903 0.98051 175.979 -0.0830433 0.995871 0.0366553 -1.6246 -0.977188 -0.0885897 0.193017 -38.5352
0.202332 -0.0153864 0.979196 176.658 -0.0710917 0.997008 0.030356 -1.6153 -0.976733 -0.0757546 0.200632 -38.3818
0.207896 -0.0177684 0.97799 177.329 -0.0656969 0.997323 0.0320851 -1.60266 -0.975942 -0.0709211 0.206171 -38.2275
0.212526 -0.0261094 0.976807 177.987 -0.0587905 0.99749 0.0394534 -1.58384 -0.975385 -0.0658117 0.210457 -38.0668
0.215388 -0.0357791 0.975873 178.626 -0.061311 0.996861 0.0500808 -1.55587 -0.974602 -0.0706184 0.212518 -37.9085
0.215835 -0.0433835 0.975466 179.253 -0.0614762 0.996427 0.0579182 -1.53032 -0.974493 -0.0724686 0.212396 -37.7466
0.21511 -0.0452594 0.975541 179.88 -0.0576728 0.996593 0.0589531 -1.50609 -0.974886 -0.0689434 0.211767 -37.5843
0.216127 -0.0429942 0.975418 180.507 -0.0490235 0.997292 0.0548207 -1.48479 -0.975134 -0.0596666 0.213434 -37.4212
0.216709 -0.0422188 0.975323 181.137 -0.0435741 0.99765 0.0528671 -1.46327 -0.975263 -0.0539555 0.21436 -37.2593
0.218094 -0.0455462 0.974865 181.766 -0.0422095 0.997535 0.0560483 -1.43915 -0.975015 -0.0533722 0.215634 -37.0935
0.220939 -0.048057 0.974103 182.393 -0.0425282 0.99736 0.0588503 -1.41398 -0.97436 -0.0544291 0.218311 -36.9307
0.223661 -0.0513593 0.973313 183.025 -0.0402914 0.99727 0.0618821 -1.38827 -0.973834 -0.0530566 0.22098 -36.7687
0.228834 -0.053281 0.972006 183.655 -0.0391727 0.997188 0.0638836 -1.36199 -0.972677 -0.0526947 0.226103 -36.606
0.234561 -0.0543812 0.970579 184.286 -0.0371442 0.997204 0.0648496 -1.33568 -0.971392 -0.0512624 0.231884 -36.4421
0.243653 -0.0561633 0.968235 184.917 -0.0339921 0.997214 0.0663982 -1.3054 -0.969267 -0.0490904 0.241065 -36.2756
0.252944 -0.0571561 0.965791 185.551 -0.0306021 0.997281 0.0670345 -1.27508 -0.966997 -0.0465112 0.250507 -36.1067
0.264674 -0.0543208 0.962807 186.184 -0.0321288 0.997361 0.0651024 -1.24521 -0.963803 -0.0481646 0.262229 -35.9319
0.276092 -0.0509593 0.95978 186.815 -0.0333026 0.997487 0.0625412 -1.21508 -0.960554 -0.0492302 0.273701 -35.7545
0.287503 -0.0479197 0.956581 187.446 -0.0347333 0.997569 0.0604122 -1.18528 -0.95715 -0.0505937 0.285139 -35.5758
0.300061 -0.0468047 0.952771 188.08 -0.0323236 0.997723 0.0591927 -1.15214 -0.953373 -0.0485583 0.297864 -35.3835
0.31252 -0.0478408 0.948706 188.718 -0.0335429 0.997552 0.0613536 -1.11931 -0.949319 -0.0509965 0.31015 -35.1851
0.323638 -0.0487196 0.944926 189.358 -0.0346406 0.997394 0.0632892 -1.08535 -0.945547 -0.0532154 0.321106 -34.9747
0.337819 -0.0471667 0.940029 189.995 -0.0368806 0.997313 0.0632948 -1.05006 -0.940489 -0.0560508 0.335171 -34.7525
0.348127 -0.0475727 0.93624 190.631 -0.0391428 0.997103 0.06522 -1.01253 -0.93663 -0.0593517 0.345256 -34.5156
0.357069 -0.0458811 0.932951 191.271 -0.0439875 0.996859 0.0658593 -0.975695 -0.933042 -0.0645544 0.353928 -34.276
0.362908 -0.0476889 0.930604 191.91 -0.0441072 0.996691 0.0682761 -0.939682 -0.930781 -0.0658242 0.359603 -34.0275
0.365639 -0.0497726 0.929425 192.554 -0.0425329 0.996633 0.0701042 -0.901884 -0.929785 -0.0651638 0.36229 -33.7862
0.36731 -0.0492401 0.928795 193.202 -0.039351 0.996881 0.0684119 -0.865051 -0.929266 -0.0616772 0.364226 -33.5475
0.368253 -0.0481006 0.928481 193.851 -0.0392548 0.996966 0.0672177 -0.826749 -0.928897 -0.0612003 0.365247 -33.307
0.36841 -0.0483619 0.928405 194.498 -0.0363107 0.997135 0.066351 -0.785647 -0.928955 -0.0581553 0.365598 -33.0662
0.369746 -0.0500294 0.927785 195.151 -0.0337108 0.997169 0.0672054 -0.746197 -0.928522 -0.0561252 0.367012 -32.8202
0.370081 -0.0545102 0.927399 195.8 -0.0311742 0.996986 0.0710405 -0.699403 -0.928477 -0.0552015 0.367266 -32.5596
0.37141 -0.0571756 0.926707 196.451 -0.0316628 0.996742 0.0741865 -0.65376 -0.92793 -0.0568956 0.368388 -32.2942
0.371506 -0.0590404 0.926552 197.098 -0.0307802 0.996644 0.0758482 -0.608832 -0.927921 -0.0566973 0.368441 -32.0322
0.371288 -0.0599566 0.92658 197.737 -0.0315096 0.996525 0.0771087 -0.564855 -0.927983 -0.0578256 0.368108 -31.7682
0.371902 -0.0598199 0.926343 198.384 -0.0330217 0.996437 0.0776037 -0.518451 -0.927685 -0.0594502 0.368601 -31.5047
0.371168 -0.0586572 0.926711 199.032 -0.0359454 0.996347 0.0774618 -0.46647 -0.92787 -0.0620622 0.367703 -31.2393
0.371235 -0.055969 0.926851 199.696 -0.0347558 0.996645 0.0741045 -0.422047 -0.927889 -0.0597235 0.368044 -30.9842
0.372991 -0.0509124 0.926437 200.345 -0.0373976 0.996857 0.0698389 -0.369552 -0.927082 -0.0606956 0.369914 -30.7466
0.372762 -0.049178 0.926623 200.999 -0.0383812 0.996923 0.0683489 -0.330505 -0.927133 -0.0610426 0.369727 -30.4996
0.373444 -0.050776 0.926262 201.654 -0.0391039 0.996752 0.0704057 -0.287731 -0.926829 -0.0625129 0.370245 -30.2289
0.372988 -0.0538904 0.92627 202.319 -0.0407131 0.9964 0.0743648 -0.24427 -0.926943 -0.0654483 0.36945 -29.951
0.370665 -0.0543211 0.927177 202.981 -0.0428493 0.996225 0.0754967 -0.201499 -0.927778 -0.0677127 0.366937 -29.6707
0.367162 -0.0538989 0.928594 203.647 -0.0457465 0.996065 0.0759032 -0.163597 -0.929032 -0.0703485 0.363251 -29.3926
0.360286 -0.0562335 0.931146 204.321 -0.046192 0.995881 0.078016 -0.128268 -0.931698 -0.0711194 0.356204 -29.1165
0.352725 -0.0548765 0.934117 205.001 -0.0475551 0.995938 0.0764653 -0.0890684 -0.934518 -0.0713931 0.348682 -28.8509
0.342629 -0.0539397 0.937921 205.688 -0.0456596 0.996215 0.0739719 -0.0518322 -0.938361 -0.0681699 0.338869 -28.5916
0.331884 -0.0513658 0.941921 206.378 -0.0478886 0.996311 0.0712053 -0.0173605 -0.942105 -0.068739 0.328199 -28.3465
0.321562 -0.0508567 0.945522 207.079 -0.0504805 0.996216 0.0707512 0.0152487 -0.945543 -0.0704812 0.317777 -28.0977
0.311 -0.0553331 0.948798 207.792 -0.0495065 0.996005 0.0743136 0.0456003 -0.94912 -0.0700831 0.307018 -27.8556
0.302181 -0.0607922 0.95131 208.513 -0.0490169 0.995653 0.079196 0.0749769 -0.95199 -0.0705617 0.297887 -27.6334
0.294511 -0.0645277 0.953467 209.225 -0.0492325 0.995368 0.0825706 0.108867 -0.95438 -0.0712594 0.28997 -27.4062
0.289558 -0.0646733 0.954973 209.936 -0.054184 0.995007 0.0838137 0.145732 -0.955626 -0.076013 0.284607 -27.1872
0.287413 -0.0654958 0.955565 210.654 -0.0537572 0.994984 0.0843666 0.185425 -0.956298 -0.0756164 0.28245 -26.9532
0.285548 -0.0659268 0.956094 211.376 -0.0523239 0.995071 0.0842415 0.218509 -0.956936 -0.0740814 0.280691 -26.7378
0.28368 -0.0640318 0.956779 212.106 -0.0547278 0.995061 0.0828203 0.23942 -0.957357 -0.0758567 0.278774 -26.5144
0.283065 -0.0617393 0.957112 212.833 -0.0570112 0.995078 0.0810494 0.269937 -0.957406 -0.0775081 0.278151 -26.2783
0.283197 -0.0628331 0.957001 213.566 -0.0564541 0.995029 0.0820358 0.315638 -0.957399 -0.0772588 0.278242 -26.0365
0.283986 -0.0635176 0.956722 214.288 -0.0573273 0.994893 0.0830684 0.37766 -0.957114 -0.0784364 0.278894 -25.799
0.285581 -0.0642386 0.956199 215.018 -0.0570991 0.994838 0.0838878 0.447551 -0.956653 -0.0785547 0.280438 -25.5667
0.286735 -0.0654617 0.955771 215.755 -0.0545722 0.994927 0.0845154 0.52286 -0.956455 -0.0763919 0.281707 -25.3486
0.290592 -0.0661571 0.954557 216.499 -0.053516 0.994922 0.0852463 0.583145 -0.95535 -0.0758558 0.285576 -25.1267
0.294731 -0.0672933 0.953208 217.249 -0.0555309 0.994625 0.0873874 0.65193 -0.953966 -0.0786881 0.28941 -24.9112
0.299159 -0.0708471 0.95157 217.996 -0.0550791 0.994295 0.0913442 0.713958 -0.952613 -0.0797379 0.29355 -24.6865
0.303401 -0.0749998 0.949907 218.752 -0.0553855 0.993824 0.0961575 0.777712 -0.951253 -0.0817852 0.297373 -24.4676
0.307238 -0.0760603 0.948588 219.509 -0.0551901 0.993699 0.097553 0.833937 -0.950032 -0.0823245 0.301104 -24.2459
0.31143 -0.0720793 0.947532 220.265 -0.0624578 0.99341 0.0960977 0.879572 -0.948215 -0.0891083 0.304876 -24.0227
0.316074 -0.0659133 0.946442 221.021 -0.0688424 0.99336 0.0921715 0.920102 -0.946234 -0.0942882 0.309438 -23.7915
0.31998 -0.0635676 0.94529 221.774 -0.0732254 0.993103 0.0915697 0.970817 -0.944591 -0.0985195 0.313118 -23.5528
0.322637 -0.0646553 0.944312 222.533 -0.0724011 0.993055 0.0927296 1.02401 -0.94375 -0.0982871 0.315715 -23.3181
0.324355 -0.0639281 0.943773 223.292 -0.0731343 0.993033 0.0923995 1.07689 -0.943105 -0.0989922 0.317419 -23.0877
0.328555 -0.0618211 0.94246 224.048 -0.0749415 0.993003 0.0912623 1.13401 -0.941507 -0.100614 0.321623 -22.8488
0.332394 -0.0611863 0.941154 224.81 -0.0750559 0.993012 0.0910658 1.19688 -0.94015 -0.100909 0.325479 -22.6049
0.336738 -0.0609768 0.939622 225.574 -0.0734703 0.993157 0.0907809 1.2571 -0.938729 -0.0996035 0.329953 -22.3512
0.341823 -0.0633832 0.937625 226.331 -0.0680801 0.993431 0.0919752 1.31297 -0.937296 -0.0952726 0.335262 -22.0887
0.347214 -0.0625082 0.935701 227.078 -0.0683165 0.993439 0.0917158 1.37065 -0.935295 -0.0957686 0.340665 -21.8188
0.351426 -0.0623668 0.934136 227.825 -0.0648135 0.993764 0.090731 1.42923 -0.93397 -0.0924297 0.345192 -21.5448
0.355757 -0.0642809 0.932365 228.566 -0.0629686 0.993716 0.0925373 1.49069 -0.932455 -0.0916304 0.349473 -21.2632
0.362818 -0.0638898 0.929667 229.307 -0.0648969 0.993492 0.0936032 1.55256 -0.929598 -0.0942934 0.356311 -20.9743
0.366476 -0.0617563 0.928376 230.051 -0.0619092 0.993965 0.090558 1.61157 -0.928366 -0.0906622 0.360441 -20.6803
0.370387 -0.0578861 0.927072 230.793 -0.0554953 0.994894 0.0842926 1.66587 -0.927219 -0.0826689 0.365283 -20.3816
0.373648 -0.054473 0.92597 231.532 -0.0543345 0.995274 0.0804752 1.71877 -0.925979 -0.0803813 0.368922 -20.0683
0.375953 -0.0569789 0.924885 232.271 -0.0529785 0.995153 0.0828429 1.77675 -0.925123 -0.080144 0.371112 -19.7549
0.379679 -0.0659642 0.922764 233.016 -0.0529017 0.994274 0.0928431 1.83813 -0.923605 -0.0840662 0.374015 -19.4429
0.382644 -0.0774993 0.92064 233.76 -0.0498106 0.993296 0.104318 1.91044 -0.922553 -0.0857742 0.376218 -19.139
0.385912 -0.0842929 0.918677 234.491 -0.0491913 0.99252 0.111732 1.98642 -0.921224 -0.0883096 0.378878 -18.8345
0.387666 -0.0891661 0.917477 235.219 -0.0466742 0.992135 0.116143 2.06038 -0.920618 -0.0878471 0.380455 -18.5272
0.390463 -0.0873158 0.916469 235.945 -0.0433978 0.99264 0.113063 2.12612 -0.919596 -0.0839193 0.383799 -18.2157
0.39466 -0.0812218 0.915231 236.667 -0.0425534 0.993401 0.106509 2.19436 -0.917842 -0.0809806 0.388599 -17.9028
0.399624 -0.0772274 0.91342 237.39 -0.0439876 0.993681 0.103258 2.25961 -0.915624 -0.0814434 0.393702 -17.5852
0.402909 -0.0743679 0.912214 238.107 -0.0415843 0.994176 0.099417 2.31897 -0.914295 -0.0779896 0.39747 -17.2641
0.408058 -0.0728188 0.910047 238.833 -0.0422593 0.994239 0.0985043 2.3751 -0.911978 -0.0786532 0.40263 -16.9331
0.411577 -0.0735821 0.9084 239.56 -0.039836 0.99433 0.0985916 2.43666 -0.910505 -0.0767649 0.406312 -16.5932
0.414986 -0.0787981 0.906409 240.287 -0.0347662 0.994141 0.102342 2.50902 -0.909164 -0.0739828 0.409815 -16.2582
0.418981 -0.0857676 0.903935 241.018 -0.0287612 0.993776 0.107623 2.5901 -0.90754 -0.0710901 0.413906 -15.9125
0.420127 -0.0928711 0.902701 241.75 -0.0235097 0.993301 0.113134 2.67403 -0.907161 -0.0687526 0.415129 -15.5753
0.422684 -0.102352 0.900479 242.485 -0.0137418 0.992764 0.119292 2.77253 -0.906173 -0.0627968 0.418219 -15.2221
0.425421 -0.106022 0.898764 243.223 -0.0136101 0.992252 0.123492 2.86817 -0.904894 -0.0647682 0.420681 -14.8634
0.425544 -0.106473 0.898652 243.956 -0.0142892 0.99214 0.124315 2.96559 -0.904825 -0.0657425 0.420677 -14.5333
0.427286 -0.0973047 0.898865 244.685 -0.0197839 0.992947 0.116894 3.05438 -0.903901 -0.0677299 0.422347 -14.2009
0.426478 -0.08754 0.900252 245.413 -0.0214073 0.99405 0.106802 3.13612 -0.904245 -0.0648205 0.422066 -13.8697
0.426579 -0.0809524 0.90082 246.14 -0.0221254 0.994754 0.0998711 3.21539 -0.90418 -0.0625337 0.422549 -13.5318
0.427647 -0.0826355 0.900161 246.874 -0.0208103 0.994649 0.101196 3.29903 -0.903706 -0.0620087 0.423639 -13.1882
0.425756 -0.0864466 0.900699 247.605 -0.0181836 0.994407 0.104036 3.3846 -0.904656 -0.0606716 0.421802 -12.8462
0.428207 -0.088022 0.899384 248.34 -0.015597 0.994377 0.104745 3.47204 -0.903546 -0.05888 0.424426 -12.5042
