1 0 0 0 0 1 0 0 0 0 1 0
1 -0.00022392 -6.4807e-06 -0.00560142 0.000223911 0.999999 0.000943581 -0.0110721 6.26569e-06 -0.000943522 1 1.31243
1 -0.00107561 0.000483805 -0.0177105 0.00107509 0.999999 0.00106806 -0.0278161 -0.000484975 -0.00106752 0.999999 2.63126
0.999999 -0.00190222 -0.000289828 -0.0199836 0.00190241 0.999997 0.000764148 -0.0556785 0.000288353 -0.000764678 1 3.97192
0.999998 -0.00177681 0.000937287 -0.0236185 0.00177589 0.999998 0.000990072 -0.0687269 -0.00093907 -0.00098836 0.999999 5.28129
0.999998 -0.00208291 0.000118824 -0.0293819 0.00208264 0.999995 0.00214486 -0.0638144 -0.000123195 -0.00214462 0.999998 6.62234
0.999995 -0.0032769 0.000328523 -0.0318967 0.00327582 0.999989 0.00319109 -0.0919287 -0.000338985 -0.00318993 0.999995 7.95351
0.999996 -0.0029121 0.00118502 -0.0392322 0.00290784 0.999989 0.00361396 -0.0935629 -0.00119524 -0.00361054 0.999993 9.27941
0.999997 -0.00282158 0.000259341 -0.045575 0.00282127 0.999995 0.000914284 -0.112215 -0.000261947 -0.000913431 1 10.6262
1 5.36925e-05 0.00103106 -0.0516271 -5.30444e-05 0.999999 -0.000636848 -0.105862 -0.00103078 0.000636741 1 11.9546
0.999998 0.0025187 0.000591807 -0.0654801 -0.00251737 0.999994 -0.002326 -0.134465 -0.000597683 0.00232468 0.999998 13.3054
0.999992 0.00423808 0.00074115 -0.0748607 -0.00423625 0.999988 -0.00245398 -0.145082 -0.000751057 0.00245079 0.999997 14.6477
0.99999 0.00442176 0.00177379 -0.0868892 -0.00441915 0.999989 -0.00150594 -0.13966 -0.00178042 0.00149822 0.999999 15.982
0.999996 0.00292026 0.00178648 -0.0796448 -0.00292181 0.999995 0.000874498 -0.153583 -0.00178333 -0.000879845 0.999999 17.346
0.999995 -0.00102278 0.00311619 -0.0747066 0.0010139 0.999995 0.00282542 -0.166555 -0.00311891 -0.00282209 0.999992 18.6899
0.999995 -0.00308552 0.00215322 -0.0625599 0.00308266 0.999994 0.00134797 -0.185937 -0.00215671 -0.00134149 0.999997 20.0348
0.999989 -0.00334602 0.00334297 -0.0570389 0.00334247 0.999992 0.0010424 -0.171683 -0.00334622 -0.00103109 0.999995 21.3719
0.999993 -0.00296238 0.00280499 -0.0531028 0.00295807 0.999993 0.00156699 -0.152314 -0.00280884 -0.00155889 0.999996 22.7391
0.999995 -0.00110606 0.0036645 -0.0584988 0.00109871 0.999996 0.00197597 -0.137728 -0.00366635 -0.00197181 0.999992 24.0966
0.999986 -0.0011621 0.0055507 -0.0611903 0.00112784 0.99998 0.00617489 -0.143211 -0.00555691 -0.00616848 0.999968 25.4442
0.999991 -0.00140137 0.00482714 -0.0565 0.00136229 0.999965 0.0080622 -0.15878 -0.00483788 -0.00805549 0.999957 26.8225
0.999977 -0.00445089 0.00576893 -0.0489546 0.00440538 0.99996 0.00788718 -0.188089 -0.00580304 -0.00786153 0.999954 28.1574
0.99999 -0.00293003 0.00450024 -0.0544084 0.00289698 0.999969 0.00728896 -0.198192 -0.00452108 -0.00727573 0.999965 29.5456
0.999984 -0.00324682 0.00532979 -0.0546582 0.00320848 0.999969 0.00719449 -0.211714 -0.00535224 -0.00717732 0.999962 30.9452
0.999992 -0.00196794 0.00491487 -0.0642855 0.00193558 0.999977 0.0065396 -0.220305 -0.00492729 -0.00652976 0.999969 32.3404
0.999987 -0.00151871 0.00551534 -0.0597498 0.00148611 0.999982 0.00591891 -0.232801 -0.00552343 -0.00591068 0.999969 33.7253
0.999984 -0.00174668 0.0064145 -0.0433388 0.00170626 0.999979 0.00626992 -0.246423 -0.00642502 -0.00625858 0.999963 35.1085
0.999992 -0.00207957 0.00449552 -0.0487716 0.00204067 0.999961 0.00867668 -0.25962 -0.0045126 -0.00866751 0.999955 36.5454
0.999991 -0.00106533 0.0054681 -0.05235 0.00101159 0.999952 0.00978824 -0.265175 -0.00547801 -0.0097823 0.999941 37.9279
0.999991 0.00186939 0.00485956 -0.0502628 -0.001915 0.999954 0.00943386 -0.262045 -0.00484092 -0.00944309 0.999947 39.3343
0.999985 0.00347693 0.00557695 -0.0642 -0.00353247 0.999944 0.00995543 -0.264526 -0.00554176 -0.00997463 0.999939 40.7248
0.999975 0.00448818 0.00635212 -0.0653806 -0.00455239 0.999938 0.0101746 -0.262072 -0.00630526 -0.0102033 0.999932 42.129
0.999984 0.00443355 0.0051403 -0.0688738 -0.00448778 0.999934 0.0105641 -0.257887 -0.00509278 -0.0105866 0.999935 43.5521
0.999973 0.00426589 0.00693916 -0.0672171 -0.0043363 0.999939 0.0101891 -0.256752 -0.00689438 -0.0102189 0.999929 44.9633
0.999989 0.00329567 0.00516127 -0.0564227 -0.00334432 0.99995 0.00941904 -0.266134 -0.00512958 -0.0094358 0.999947 46.3832
0.999983 0.00338093 0.0060971 -0.0514287 -0.00344335 0.999942 0.010286 -0.264534 -0.00606109 -0.0103067 0.999934 47.7854
0.999994 0.003542 0.00411831 -0.0553354 -0.00358607 0.999936 0.0107143 -0.266068 -0.00407975 -0.0107286 0.999939 49.2139
0.999995 0.00400626 0.00303311 -0.0640128 -0.00403931 0.999932 0.0110509 -0.266346 -0.00298763 -0.011063 0.999941 50.6342
0.999993 0.00416553 0.00350825 -0.0587339 -0.00420545 0.999926 0.0114137 -0.266964 -0.00346002 -0.0114279 0.999934 52.0382
1 0.00406606 0.00110477 -0.0650853 -0.00407925 0.999916 0.0123734 -0.262383 -0.00105329 -0.0123778 0.999929 53.4788
1 0.00343989 0.00157207 -0.0685189 -0.00346077 0.999905 0.0134265 -0.257241 -0.00152549 -0.0134315 0.999914 54.9038
1 0.00343223 -0.000224697 -0.0718237 -0.00342867 0.9999 0.0137646 -0.251164 0.000272928 -0.0137639 0.999912 56.3432
1.00001 0.0020522 -0.000851662 -0.0789866 -0.00204045 0.999904 0.0137597 -0.248879 0.000880122 -0.0137576 0.999911 57.7688
1.00001 0.00155467 0.000215436 -0.0762709 -0.00155758 0.9999 0.0141028 -0.253331 -0.000192384 -0.0141034 0.999908 59.1924
1.00001 0.000331589 -0.000246515 -0.0783345 -0.000328192 0.999897 0.0143865 -0.254214 0.000251508 -0.014386 0.999903 60.6216
1.00001 -0.000811777 0.00175949 -0.0743231 0.000785745 0.999893 0.0146977 -0.256576 -0.00177015 -0.0146965 0.999899 62.0293
1.00001 -0.00166351 0.00191393 -0.0654981 0.0016357 0.999897 0.0143085 -0.27605 -0.00193731 -0.014305 0.999903 63.4719
1.00001 -0.00173104 0.00213398 -0.0643983 0.00170152 0.999906 0.0137142 -0.273261 -0.00215651 -0.0137107 0.999913 64.8904
1 -0.0014784 0.00454105 -0.0765007 0.001416 0.999907 0.0136265 -0.275442 -0.00456059 -0.0136196 0.999905 66.2894
1 -0.000246428 0.00423049 -0.0812695 0.000186973 0.999904 0.0139922 -0.276291 -0.00423251 -0.0139915 0.999903 67.7106
0.999991 0.00168974 0.00611537 -0.0785182 -0.00178498 0.999879 0.0155351 -0.279906 -0.00608826 -0.0155454 0.999869 69.1215
0.999986 0.00464973 0.00542654 -0.0816995 -0.00473797 0.999857 0.0163527 -0.283701 -0.00534879 -0.0163782 0.999861 70.5786
0.99995 0.00817341 0.00746897 -0.0903496 -0.00830188 0.999817 0.0172934 -0.283155 -0.007326 -0.017354 0.999832 71.9844
0.999918 0.012001 0.00654686 -0.0855168 -0.0121193 0.99976 0.0183495 -0.27534 -0.00632419 -0.0184273 0.999821 73.3911
0.999873 0.0150608 0.00715187 -0.0927793 -0.0151903 0.999718 0.0183667 -0.266002 -0.00687304 -0.0184725 0.999816 74.7952
0.999853 0.0155956 0.00865821 -0.092842 -0.0157542 0.999706 0.0185673 -0.260207 -0.00836519 -0.0187009 0.999802 76.179
0.999848 0.0160571 0.0084025 -0.0916422 -0.0162172 0.999684 0.0193144 -0.256779 -0.00808952 -0.0194471 0.999789 77.5906
0.999854 0.0142397 0.0107961 -0.0825576 -0.0144401 0.999724 0.0187103 -0.251383 -0.0105259 -0.0188633 0.999779 78.9709
0.99987 0.0138963 0.00973868 -0.0755102 -0.0140765 0.99973 0.0186435 -0.241506 -0.00947686 -0.0187775 0.999791 80.3675
0.999881 0.0128655 0.0100429 -0.0725681 -0.0130373 0.99977 0.0172122 -0.227844 -0.0098184 -0.017341 0.999814 81.8019
0.999882 0.0118763 0.0110947 -0.0508372 -0.0120669 0.999781 0.0172342 -0.227401 -0.0108876 -0.0173654 0.999802 83.1756
0.999894 0.0118163 0.010085 -0.0448067 -0.0119895 0.999782 0.0172579 -0.222679 -0.00987797 -0.0173769 0.999813 84.565
0.999892 0.0118177 0.0101958 -0.0416846 -0.0119964 0.999775 0.0176021 -0.21242 -0.00998536 -0.0177219 0.999806 85.9175
0.99992 0.0104092 0.00904873 -0.0386155 -0.0105667 0.999794 0.0175143 -0.207231 -0.00886377 -0.0176083 0.999819 87.3374
0.999948 0.00791999 0.00840682 -0.0347983 -0.00806937 0.999812 0.0178189 -0.212827 -0.00826402 -0.0178853 0.999819 88.7222
0.999968 0.00446844 0.00857458 -0.0234062 -0.00461852 0.999838 0.0175356 -0.205881 -0.00849411 -0.0175743 0.999822 90.1159
0.999972 0.00477672 0.00800408 -0.0172869 -0.00492166 0.999827 0.0181066 -0.183333 -0.00791604 -0.0181449 0.999817 91.5027
0.999971 0.00390983 0.00848285 -0.01289 -0.00406026 0.999837 0.0177528 -0.170372 -0.00841121 -0.0177864 0.99982 92.8367
0.99998 0.00260464 0.00801974 -0.0108897 -0.00274839 0.999839 0.0178834 -0.179229 -0.00797165 -0.0179045 0.999822 94.2291
0.999976 0.00225844 0.00862551 -0.00501338 -0.00241098 0.999844 0.0176931 -0.172508 -0.00858315 -0.0177132 0.99982 95.5773
0.99998 0.00218069 0.00813009 -0.00103386 -0.00232502 0.999844 0.0176946 -0.167207 -0.00808987 -0.0177125 0.999824 96.9353
0.999977 0.00283671 0.00839272 0.000501281 -0.00298355 0.999845 0.017504 -0.159316 -0.00834076 -0.0175282 0.999825 98.2892
0.999965 0.00352431 0.00958181 0.00187435 -0.00369599 0.999836 0.0178948 -0.148678 -0.00951689 -0.0179288 0.999808 99.6322
0.99996 0.00338348 0.0100248 0.00368099 -0.00357444 0.999815 0.019066 -0.157324 -0.00995734 -0.0191005 0.999782 101
0.99994 0.00340058 0.011939 0.0058766 -0.00363104 0.999811 0.0192822 -0.147625 -0.0118708 -0.0193236 0.999758 102.338
0.999954 0.00288253 0.0106995 0.010559 -0.00307863 0.99983 0.0183385 -0.15285 -0.0106435 -0.0183702 0.999789 103.716
0.999957 0.00242033 0.0107072 0.0182269 -0.00259899 0.999862 0.0166363 -0.139828 -0.010665 -0.0166626 0.999819 105.065
0.999952 0.00182949 0.0112159 0.0205253 -0.002004 0.99988 0.0155362 -0.139277 -0.0111849 -0.0155574 0.999831 106.373
0.999955 -0.00103537 0.011109 0.0325864 0.000855755 0.999874 0.0160927 -0.133976 -0.0111237 -0.0160816 0.999824 107.732
0.999941 -0.00287942 0.0119691 0.0498188 0.00267048 0.999849 0.017409 -0.121326 -0.012016 -0.0173756 0.999792 109.034
0.999929 -0.0043885 0.0126181 0.0617069 0.00415963 0.999834 0.0180469 -0.119599 -0.0126947 -0.0179921 0.999773 110.385
0.999913 -0.00501843 0.0135852 0.0693276 0.00478719 0.999849 0.0169824 -0.135585 -0.0136669 -0.0169154 0.999779 111.694
0.999906 -0.00380132 0.0144794 0.0730916 0.00357177 0.999874 0.0157937 -0.129915 -0.0145372 -0.0157394 0.999786 113.017
0.999892 -0.00263883 0.0156544 0.0810538 0.00240478 0.99989 0.0149319 -0.134099 -0.0156905 -0.014892 0.999781 114.383
0.999856 -0.000489428 0.018037 0.0919372 0.000227873 0.999901 0.0144614 -0.135198 -0.0180418 -0.0144542 0.999749 115.708
0.999828 0.00103276 0.0194512 0.109172 -0.00135579 0.999866 0.0165867 -0.128759 -0.0194297 -0.0166096 0.999689 117.071
0.999786 0.000568481 0.0215719 0.129055 -0.000967772 0.999835 0.0184725 -0.125889 -0.0215573 -0.0184883 0.999614 118.384
0.999779 0.000573829 0.0218325 0.149814 -0.000992023 0.999821 0.0191389 -0.117276 -0.0218158 -0.0191557 0.999594 119.751
0.999753 0.00160623 0.0230266 0.173794 -0.00202677 0.999838 0.0182228 -0.1019 -0.022993 -0.0182638 0.999586 121.099
0.999697 0.00309188 0.0251564 0.196999 -0.00353673 0.999843 0.0176526 -0.100717 -0.0250961 -0.0177353 0.999544 122.42
0.999677 0.00525621 0.0256365 0.220684 -0.00567417 0.999858 0.0162342 -0.0942324 -0.0255469 -0.0163733 0.999557 123.804
0.999612 0.00644704 0.0277503 0.25447 -0.00685854 0.999873 0.0147551 -0.109223 -0.0276499 -0.0149389 0.999522 125.14
0.999583 0.00801974 0.0284583 0.284514 -0.00843139 0.999868 0.0143545 -0.105832 -0.0283388 -0.0145873 0.999509 126.509
0.999528 0.00757787 0.0303769 0.324653 -0.00801675 0.999871 0.014351 -0.0999081 -0.0302624 -0.0145871 0.999452 127.852
0.99945 0.00753765 0.0329271 0.365222 -0.00803391 0.999862 0.0149489 -0.098631 -0.0328092 -0.015204 0.999364 129.176
0.999459 0.00658872 0.0328248 0.398175 -0.00709541 0.999863 0.0153412 -0.0887364 -0.0327173 -0.0155651 0.999361 130.535
0.9994 0.00650341 0.0346245 0.44148 -0.00704934 0.999859 0.0156529 -0.0935612 -0.0345171 -0.0158864 0.999295 131.861
0.999393 0.00604203 0.0348584 0.480922 -0.00659401 0.99986 0.0157388 -0.0963452 -0.0347566 -0.0159584 0.999286 133.24
0.99941 0.00438201 0.0346478 0.525128 -0.00493695 0.999867 0.0159303 -0.101485 -0.0345726 -0.0160908 0.99929 134.576
0.999441 0.00107945 0.0339985 0.565068 -0.0016409 0.999869 0.0164846 -0.110234 -0.0339745 -0.0165305 0.999304 135.873
0.999497 -5.96361e-05 0.0323689 0.599158 -0.000474553 0.999871 0.0164776 -0.106926 -0.0323648 -0.0164835 0.999359 137.243
0.99951 -0.0027672 0.0318219 0.636073 0.00223939 0.999866 0.0166069 -0.106746 -0.0318618 -0.0165267 0.999374 138.561
0.999562 -0.00396113 0.0300396 0.670294 0.00345439 0.999859 0.016881 -0.103473 -0.0301015 -0.0167687 0.999426 139.919
0.999592 -0.00494387 0.0289009 0.700256 0.00445634 0.999854 0.0169072 -0.0943171 -0.0289784 -0.0167708 0.999459 141.235
0.999654 -0.00492871 0.0267296 0.724517 0.00447783 0.999855 0.0168748 -0.0893456 -0.0268081 -0.0167478 0.999521 142.589
0.999676 -0.00494466 0.0259122 0.756537 0.00452503 0.999865 0.0162234 -0.0761207 -0.0259871 -0.0161002 0.999554 143.933
0.99964 -0.00757352 0.0266327 0.796138 0.00721085 0.999888 0.0136612 -0.0734348 -0.0267324 -0.0134628 0.999573 145.284
0.99965 -0.012147 0.0245368 0.828272 0.0118207 0.999848 0.0133858 -0.0875584 -0.0246942 -0.0130904 0.999632 146.643
0.999564 -0.0186933 0.0238614 0.873723 0.018323 0.999718 0.0156056 -0.0847249 -0.0241456 -0.0151601 0.999615 148.011
0.999524 -0.0225881 0.0222055 0.913424 0.0222054 0.999612 0.0173113 -0.0678134 -0.0225867 -0.0168092 0.999627 149.372
0.999485 -0.0251476 0.0211012 0.946321 0.0247964 0.999562 0.0166951 -0.0610509 -0.021511 -0.0161619 0.999662 150.714
0.999451 -0.0250532 0.0228482 0.972174 0.0247382 0.999606 0.0139352 -0.0566878 -0.023187 -0.0133614 0.999666 152.107
0.999498 -0.0233204 0.0225758 0.98846 0.0230454 0.999668 0.0123199 -0.0424622 -0.0228549 -0.011792 0.999694 153.455
0.999466 -0.0227092 0.0245843 1.01555 0.022427 0.999689 0.0116619 -0.0588946 -0.0248401 -0.0111033 0.999655 154.814
0.999379 -0.0261858 0.0246057 1.03602 0.025874 0.999592 0.0128597 -0.0616706 -0.0249317 -0.0122136 0.999639 156.171
0.999211 -0.031489 0.0252663 1.07796 0.0311018 0.999404 0.0155382 -0.063197 -0.0257392 -0.0147391 0.999586 157.516
0.999028 -0.0357477 0.026777 1.10877 0.0353098 0.999248 0.0166056 -0.0502687 -0.0273496 -0.0156423 0.999529 158.849
0.998965 -0.038199 0.0258211 1.14449 0.0377662 0.99915 0.0170063 -0.0452271 -0.0264476 -0.0160124 0.999548 160.193
0.998934 -0.0372071 0.0282659 1.17557 0.0367334 0.999188 0.0170467 -0.0288255 -0.0288762 -0.0159881 0.999481 161.524
0.999057 -0.0336596 0.0284897 1.20713 0.0331826 0.999314 0.0170132 -0.0212686 -0.0290416 -0.0160503 0.999476 162.88
0.999087 -0.0311369 0.030116 1.22172 0.0307497 0.999449 0.0131922 0.0094423 -0.0305092 -0.012252 0.999485 164.221
0.999152 -0.0284298 0.0307405 1.25359 0.0280452 0.999534 0.0128397 0.0190126 -0.0310901 -0.0119652 0.999471 165.595
0.999173 -0.0274149 0.0308933 1.28638 0.0270168 0.999557 0.0131945 0.0563402 -0.0312404 -0.0123468 0.999462 166.977
0.999201 -0.0259857 0.0313137 1.33084 0.0255813 0.999596 0.0132123 0.0734926 -0.0316432 -0.0123992 0.999449 168.308
0.999276 -0.0240339 0.0304315 1.3636 0.0237044 0.999667 0.0111041 0.0828543 -0.0306875 -0.0103727 0.999504 169.675
0.999318 -0.0211818 0.031215 1.39001 0.0209126 0.999753 0.00889485 0.0860869 -0.0313948 -0.00823447 0.9995 171.001
0.999436 -0.0162475 0.030327 1.41008 0.0160194 0.999853 0.00771466 0.0902325 -0.0304472 -0.00722246 0.999539 172.387
0.999489 -0.0121563 0.030591 1.43797 0.0118767 0.999898 0.00927562 0.0940897 -0.0306997 -0.0089061 0.999517 173.755
0.99946 -0.0098934 0.0322605 1.47214 0.00953794 0.999904 0.0111221 0.0957398 -0.0323668 -0.0108062 0.999447 175.122
0.999494 -0.00987138 0.0312224 1.50751 0.00947367 0.999884 0.0128297 0.09728 -0.0313445 -0.0125258 0.999459 176.503
0.99946 -0.0127226 0.0312759 1.54987 0.0122801 0.999835 0.0142605 0.101248 -0.0314514 -0.0138666 0.999439 177.875
0.999499 -0.0158231 0.028486 1.60954 0.0154661 0.999812 0.0126707 0.117264 -0.0286802 -0.0122221 0.999542 179.318
0.999492 -0.0163759 0.0284163 1.64496 0.0161344 0.999845 0.00866296 0.127259 -0.0285528 -0.00819804 0.99959 180.688
0.999548 -0.01515 0.0271462 1.68312 0.0150279 0.999889 0.00465792 0.130338 -0.0272128 -0.00424635 0.99965 182.068
0.999599 -0.0123159 0.0266696 1.72596 0.0122438 0.999934 0.00282285 0.128303 -0.0267016 -0.00249312 0.999672 183.436
0.999591 -0.00932925 0.0281521 1.75759 0.00922256 0.999963 0.00389008 0.107852 -0.0281863 -0.00362735 0.999625 184.794
0.999639 -0.00758303 0.0269327 1.78504 0.00740718 0.999964 0.00658022 0.103334 -0.0269806 -0.00637605 0.999647 186.204
0.99957 -0.00833886 0.029209 1.80823 0.00807442 0.999939 0.00913762 0.0926689 -0.0292824 -0.00889631 0.999562 187.576
0.999583 -0.00874791 0.0286354 1.84621 0.00847488 0.999932 0.00960222 0.0981818 -0.0287166 -0.0093533 0.999575 188.994
0.999559 -0.0112731 0.0286457 1.88412 0.0109855 0.999902 0.0101589 0.0958074 -0.0287563 -0.00983826 0.999569 190.396
0.999547 -0.012466 0.0285097 1.92987 0.0121709 0.999885 0.0104594 0.0795217 -0.0286359 -0.0101055 0.99957 191.782
0.999532 -0.0147413 0.0280509 1.9689 0.014446 0.999854 0.0106755 0.072979 -0.0282031 -0.0102638 0.99958 193.211
0.999466 -0.0166608 0.029259 2.01171 0.0163109 0.999807 0.0121188 0.069529 -0.0294543 -0.0116328 0.99953 194.603
0.999453 -0.019879 0.0276695 2.06044 0.0195097 0.999734 0.0135247 0.0564997 -0.0279299 -0.0129759 0.999556 196.068
0.999356 -0.0224457 0.0291566 2.1057 0.0220332 0.999669 0.0143502 0.0412851 -0.0294679 -0.0136963 0.999503 197.466
0.999445 -0.0224377 0.0259462 2.13561 0.022175 0.999717 0.0103444 0.0625157 -0.0261699 -0.00976168 0.999641 198.91
0.99956 -0.0155367 0.0265651 2.15759 0.0153701 0.999877 0.00641954 0.0654762 -0.0266605 -0.00600632 0.999659 200.329
0.999582 -0.00575192 0.0295283 2.17105 0.00555093 0.999978 0.00686841 0.0622873 -0.0295661 -0.00670002 0.999572 201.734
0.999607 -0.000285651 0.0292295 2.17844 1.05785e-05 0.999972 0.00937956 0.073178 -0.0292303 -0.00937336 0.999561 203.219
0.999543 0.00104342 0.0313372 2.21431 -0.00145304 0.999931 0.0130411 0.0731826 -0.0313203 -0.013079 0.999456 204.659
0.999598 -0.00044079 0.0295254 2.25149 3.96846e-05 0.999923 0.0135511 0.0680356 -0.0295281 -0.0135422 0.999505 206.124
0.999627 -0.00291483 0.0284185 2.29247 0.00251531 0.999914 0.0140704 0.0738842 -0.028456 -0.0139919 0.999529 207.566
0.999623 -0.00441633 0.0283551 2.3359 0.00400859 0.999904 0.0143807 0.0785704 -0.0284151 -0.0142593 0.999527 209.009
0.999669 -0.00367909 0.0268531 2.36731 0.00329164 0.999906 0.0144363 0.0910263 -0.0269028 -0.0143412 0.999568 210.475
0.999649 -0.00346729 0.0275915 2.39741 0.00306623 0.999905 0.0145206 0.0892866 -0.0276382 -0.0144285 0.999547 211.904
0.999677 -0.00216698 0.0267439 2.42289 0.00177902 0.999909 0.0144968 0.0799003 -0.0267717 -0.0144427 0.999571 213.399
0.999681 -0.00278765 0.0264885 2.45632 0.00239969 0.999906 0.0146185 0.0867133 -0.0265258 -0.0145481 0.999576 214.862
0.999683 -0.00234919 0.0265205 2.50611 0.00199705 0.999926 0.0132712 0.0767089 -0.0265484 -0.0132122 0.999594 216.327
0.999719 -0.00232944 0.0251359 2.53289 0.00199354 0.999925 0.013331 0.0770835 -0.0251641 -0.0132751 0.999629 217.822
0.999686 -0.00195655 0.0264799 2.56441 0.00161785 0.999934 0.0127848 0.0844525 -0.0265019 -0.012736 0.999603 219.26
0.99972 -0.000877462 0.0252083 2.59039 0.00055528 0.999934 0.0127365 0.0802136 -0.0252169 -0.0127168 0.999636 220.762
0.999701 0.000812301 0.0259543 2.61945 -0.00112344 0.999946 0.0119541 0.0868622 -0.0259419 -0.0119778 0.999627 222.214
0.999736 0.00243193 0.0244773 2.64855 -0.00272237 0.999943 0.0117899 0.0947746 -0.0244464 -0.0118513 0.999667 223.708
0.999744 0.00354084 0.0240478 2.67647 -0.00382692 0.99994 0.0118445 0.0997326 -0.0240032 -0.0119316 0.999677 225.195
0.999731 0.00358938 0.0245667 2.70226 -0.00388122 0.999939 0.0118015 0.0989463 -0.0245219 -0.0118916 0.999665 226.678
0.999756 0.00371932 0.0235186 2.72402 -0.00400146 0.999938 0.0119454 0.0870271 -0.0234715 -0.0120346 0.999688 228.202
0.999737 0.0017818 0.0245231 2.75291 -0.00207995 0.999942 0.0120986 0.0882296 -0.024499 -0.0121443 0.999663 229.679
0.999738 0.00120735 0.0245344 2.77949 -0.00150904 0.999941 0.0122653 0.0840208 -0.0245167 -0.0122971 0.99966 231.181
0.999727 0.0004318 0.0250348 2.80924 -0.000753181 0.999936 0.0127873 0.0861554 -0.0250265 -0.0128006 0.999642 232.671
0.9997 0.000501317 0.0260578 2.83798 -0.000838444 0.999934 0.0129056 0.0960608 -0.0260479 -0.0129215 0.999614 234.155
0.999749 0.00075099 0.0242156 2.87546 -0.00107056 0.999931 0.0131419 0.103422 -0.0242029 -0.0131622 0.999659 235.654
0.999726 0.000704883 0.0250798 2.90174 -0.00102041 0.999939 0.0125435 0.10893 -0.025068 -0.0125636 0.999646 237.159
0.999772 0.00041081 0.0232977 2.93133 -0.000702423 0.99994 0.0124664 0.119143 -0.02329 -0.0124774 0.99969 238.66
0.999755 -0.00131738 0.0239842 2.95841 0.00098849 0.999924 0.0136883 0.117785 -0.023999 -0.0136592 0.999659 240.168
0.999739 -0.00142801 0.0246617 2.98917 0.00107528 0.999916 0.0142643 0.123132 -0.0246788 -0.0142315 0.999633 241.671
0.999771 -0.00145581 0.0233248 3.00989 0.00117822 0.999948 0.0118811 0.122301 -0.0233395 -0.011849 0.999698 243.23
0.99973 -0.00114217 0.0250434 3.04106 0.000861972 0.999956 0.0111538 0.121983 -0.0250538 -0.0111266 0.999665 244.736
0.999742 -0.000649781 0.0245928 3.06909 0.000372735 0.999955 0.0112491 0.121541 -0.0245976 -0.011235 0.999675 246.265
0.999739 -0.000992568 0.0246991 3.10116 0.000692376 0.999945 0.0121143 0.119656 -0.0247085 -0.0120915 0.999663 247.791
0.999753 0.000839016 0.024128 3.12685 -0.00115438 0.999933 0.0130413 0.124436 -0.0241141 -0.0130639 0.999664 249.303
0.999773 0.000574161 0.0233174 3.15882 -0.000886986 0.999929 0.0133637 0.12458 -0.0233069 -0.0133787 0.999681 250.839
0.999748 0.00128854 0.0243846 3.1815 -0.00162034 0.999926 0.0135805 0.127373 -0.0243639 -0.0136146 0.999652 252.353
0.999787 0.00145048 0.0226731 3.20469 -0.00175377 0.999929 0.0133142 0.120788 -0.022651 -0.0133484 0.999696 253.972
0.999751 0.00120755 0.0242541 3.22808 -0.00154053 0.999925 0.0136997 0.133089 -0.0242343 -0.0137316 0.999654 255.484
0.99978 0.000138683 0.0230604 3.26019 -0.00045939 0.999924 0.013853 0.131331 -0.0230556 -0.0138578 0.99968 257.037
0.999778 -0.00022224 0.023165 3.29051 -0.000103856 0.99992 0.0140591 0.148404 -0.023165 -0.0140564 0.999675 258.566
0.999757 -0.00424752 0.0236768 3.36339 0.00386409 0.999881 0.0161617 0.162607 -0.0237416 -0.0160636 0.999631 260.11
0.999788 -0.00444392 0.0223123 3.39816 0.00408464 0.999881 0.0160996 0.172757 -0.0223799 -0.016003 0.999664 261.648
0.999765 -0.00493849 0.0232403 3.43215 0.00457182 0.999885 0.0157486 0.178117 -0.0233144 -0.015636 0.999648 263.174
0.999782 -0.00475671 0.0225506 3.48011 0.00439847 0.999883 0.0158883 0.19244 -0.0226224 -0.0157836 0.999662 264.711
0.999761 -0.00657258 0.0230118 3.51271 0.00618831 0.999861 0.016673 0.213894 -0.0231172 -0.0165238 0.999639 266.25
0.999696 -0.00848837 0.025151 3.54595 0.00808747 0.999859 0.0159748 0.210119 -0.0252817 -0.0157645 0.999599 267.771
0.999702 -0.00844826 0.0248691 3.58065 0.00806305 0.999867 0.0154893 0.210339 -0.0249956 -0.0152815 0.999614 269.305
0.99965 -0.00772652 0.0271484 3.61197 0.00731228 0.999876 0.0153033 0.218369 -0.027262 -0.0150972 0.999559 270.845
0.999641 -0.00569781 0.0279222 3.64332 0.00527278 0.99989 0.0152243 0.214251 -0.0280048 -0.0150688 0.999538 272.393
0.999612 -0.00515853 0.0291298 3.67806 0.0047206 0.999895 0.0150671 0.231187 -0.0292032 -0.0149212 0.999507 273.928
0.999541 -0.00372213 0.0316089 3.70853 0.00323253 0.999895 0.015488 0.233944 -0.0316619 -0.0153759 0.999425 275.464
0.999493 -0.00494452 0.0330051 3.74614 0.00446086 0.999902 0.0146985 0.238941 -0.0330732 -0.0145414 0.999392 277.011
0.999395 -0.00411325 0.0359071 3.78775 0.00358033 0.999904 0.0148584 0.243178 -0.0359632 -0.0147179 0.99929 278.535
0.999399 -0.00475502 0.035736 3.83789 0.00423331 0.999904 0.0146505 0.255024 -0.0358007 -0.0144879 0.999299 280.075
0.999357 -0.00521079 0.0368273 3.88623 0.00465977 0.999898 0.0149977 0.260644 -0.0369001 -0.0148135 0.999255 281.607
0.999231 -0.00663599 0.0399272 3.94289 0.00599097 0.999872 0.0162416 0.26275 -0.0400281 -0.0159872 0.999116 283.128
0.999247 -0.00749109 0.0393563 3.98663 0.00683442 0.999858 0.0167594 0.268622 -0.0394745 -0.0164749 0.999131 284.674
0.999144 -0.0081006 0.0418311 4.0499 0.00747422 0.999881 0.0150964 0.274727 -0.0419466 -0.0147683 0.999057 286.194
0.999228 -0.00783534 0.0397711 4.11046 0.00727192 0.999895 0.0142574 0.275455 -0.0398769 -0.0139542 0.999154 287.754
0.999259 -0.00798474 0.038992 4.1632 0.00743324 0.999893 0.0142535 0.281604 -0.0390998 -0.0139504 0.999184 289.299
0.999198 -0.00922278 0.0402344 4.21597 0.00862887 0.999876 0.0148733 0.287304 -0.0403648 -0.0145111 0.999127 290.835
0.999308 -0.00900458 0.0375322 4.26456 0.00845358 0.999878 0.014798 0.298746 -0.0376589 -0.014468 0.999233 292.406
0.999261 -0.00764435 0.0389859 4.32462 0.00707789 0.999891 0.0146112 0.294497 -0.0390916 -0.0143212 0.99918 293.933
0.999332 -0.00737524 0.0372746 4.37806 0.00681664 0.999886 0.0150752 0.303292 -0.0373794 -0.0148085 0.99924 295.52
0.99938 -0.0077993 0.0357882 4.42131 0.00725768 0.999882 0.0151978 0.313627 -0.0359006 -0.0149251 0.999292 297.09
0.999352 -0.00587915 0.0370197 4.48978 0.00527825 0.999877 0.0162936 0.292597 -0.0371088 -0.0160852 0.999231 298.604
0.999416 -0.00457912 0.0353712 4.53883 0.00395824 0.999862 0.0175641 0.30507 -0.0354447 -0.0174101 0.999269 300.199
0.999337 -0.00405214 0.0376765 4.5905 0.00337647 0.999857 0.0179671 0.31556 -0.0377418 -0.0178254 0.999178 301.764
0.999345 -0.00326275 0.0374757 4.641 0.00258041 0.999856 0.0182067 0.325274 -0.0375274 -0.0180943 0.999181 303.36
0.999329 -0.00373545 0.0379132 4.69461 0.00303672 0.99985 0.0184564 0.343193 -0.0379743 -0.0183263 0.99916 304.948
0.999289 -0.00379637 0.0389278 4.74639 0.00310495 0.999861 0.0177752 0.362633 -0.0389877 -0.0176379 0.999133 306.521
0.999303 -0.00411915 0.0385815 4.80721 0.00347817 0.999881 0.0166503 0.362366 -0.0386434 -0.0165019 0.999167 308.116
0.99926 -0.00424687 0.039644 4.86182 0.0036293 0.999897 0.0156046 0.37524 -0.0397038 -0.0154455 0.999143 309.714
0.999374 -0.00352005 0.0367846 4.91938 0.00294161 0.999897 0.015752 0.381769 -0.0368341 -0.0156314 0.99925 311.319
0.999437 -0.00288592 0.035053 4.9714 0.00231978 0.999892 0.0161459 0.39552 -0.0350937 -0.0160517 0.999306 312.922
0.999409 -0.0014965 0.0359744 5.01155 0.000809341 0.999843 0.0190919 0.412833 -0.0359953 -0.0190488 0.999222 314.527
0.999411 -0.0028205 0.0357725 5.06741 0.00203553 0.999782 0.0219312 0.430231 -0.0358245 -0.0218415 0.999171 316.163
0.999364 -0.00348756 0.0370792 5.11585 0.00264969 0.999766 0.0226052 0.449247 -0.0371472 -0.0224897 0.999109 317.775
0.999393 -0.00375913 0.0362035 5.1724 0.00293801 0.999764 0.0226766 0.440061 -0.0362781 -0.0225523 0.999139 319.435
0.999332 -0.00415729 0.0378648 5.22519 0.00329809 0.999763 0.0227108 0.461809 -0.037948 -0.0225678 0.999077 321.043
0.999351 -0.00411303 0.0373205 5.28138 0.00324569 0.99975 0.023242 0.488332 -0.0374046 -0.0231017 0.999085 322.683
0.999364 -0.00348514 0.0371033 5.34478 0.00263466 0.999759 0.0229311 0.520363 -0.0371721 -0.0228157 0.9991 324.339
0.999266 -0.00343949 0.0395956 5.39538 0.00254125 0.999765 0.0226864 0.536798 -0.039662 -0.0225651 0.99901 325.964
0.999291 -0.00340878 0.0390269 5.45515 0.00253942 0.999774 0.0222894 0.55773 -0.0390917 -0.0221716 0.999041 327.607
0.999194 -0.00466654 0.0412532 5.51335 0.00366554 0.999725 0.0242803 0.579194 -0.0413527 -0.0241054 0.998905 329.216
0.999206 -0.00690729 0.0407009 5.57837 0.00589445 0.999698 0.0249361 0.616664 -0.0408585 -0.0246734 0.998912 330.871
0.999194 -0.0075051 0.0408525 5.64147 0.00650974 0.999707 0.0244136 0.647786 -0.0410214 -0.0241239 0.998919 332.479
0.999115 -0.00696164 0.0428788 5.69822 0.00587274 0.999685 0.0254539 0.682055 -0.0430402 -0.0251765 0.998808 334.096
0.999173 -0.00562526 0.0416656 5.76388 0.00459917 0.999712 0.0246539 0.716197 -0.0417899 -0.0244377 0.99888 335.71
0.999156 -0.00344935 0.0423708 5.81528 0.00243718 0.999737 0.0239085 0.709245 -0.0424397 -0.023782 0.998869 337.297
0.999218 -0.00273129 0.0408613 5.87281 0.00170126 0.999707 0.0251964 0.735897 -0.0409158 -0.0251029 0.998899 338.917
0.999257 -0.00250821 0.0399815 5.92909 0.00139152 0.999635 0.027926 0.76177 -0.0400346 -0.0278464 0.998863 340.525
0.999237 -0.00157197 0.0404543 5.98832 0.000332909 0.999558 0.0305934 0.779954 -0.0404821 -0.0305522 0.998765 342.104
0.999322 -0.00117466 0.0383996 6.04512 4.57877e-08 0.999558 0.0305685 0.810577 -0.0384162 -0.0305445 0.998848 343.72
0.999301 -0.00126697 0.0388716 6.09752 2.98613e-05 0.999521 0.0317849 0.850105 -0.0388908 -0.031757 0.998791 345.3
0.999403 -0.00211523 0.0361932 6.15717 0.000929034 0.999489 0.0327504 0.895543 -0.0362417 -0.0326939 0.998862 346.915
0.999448 -0.00334898 0.0347572 6.23181 0.0021565 0.999437 0.0342591 0.938529 -0.03485 -0.0341607 0.998861 348.533
0.99943 -0.00328379 0.0353138 6.27255 0.00208008 0.999444 0.0340575 0.939615 -0.0354037 -0.0339613 0.998849 350.095
0.999475 -0.0034372 0.0339727 6.31343 0.00226854 0.999434 0.0343466 0.973043 -0.0340691 -0.0342468 0.998886 351.725
0.999443 -0.0034505 0.0349737 6.35997 0.00224695 0.999433 0.0343833 1.01414 -0.0350702 -0.0342821 0.99885 353.286
0.999481 -0.00444978 0.033697 6.4076 0.00328265 0.999423 0.0345774 1.05644 -0.033829 -0.0344442 0.998888 354.913
0.999475 -0.00484023 0.0338709 6.45555 0.00366733 0.999421 0.0345936 1.09128 -0.0340164 -0.0344478 0.998881 356.499
0.999438 -0.00494579 0.0348997 6.50104 0.0037426 0.999427 0.0344248 1.12531 -0.0350474 -0.0342701 0.998852 358.063
0.999471 -0.00517458 0.0339309 6.54908 0.00398177 0.999402 0.0351155 1.15534 -0.03409 -0.0349584 0.998861 359.697
0.999435 -0.00512666 0.0349714 6.59671 0.00391104 0.999416 0.034709 1.19667 -0.0351264 -0.0345479 0.998839 361.261
0.999474 -0.00636789 0.0336181 6.64582 0.00520635 0.999418 0.0345119 1.22597 -0.0338159 -0.0343155 0.998892 362.883
0.999477 -0.00830059 0.0331159 6.69652 0.0071186 0.999367 0.0356142 1.27771 -0.0333881 -0.035355 0.998871 364.485
0.999423 -0.00958917 0.034365 6.74598 0.00831895 0.99931 0.0369 1.30979 -0.0346927 -0.0365895 0.998781 366.057
0.999484 -0.00972934 0.0325172 6.79365 0.00854844 0.999334 0.0362191 1.34223 -0.0328455 -0.0359176 0.998869 367.693
0.999454 -0.00881894 0.0336934 6.84022 0.00759757 0.999342 0.0361909 1.38146 -0.033988 -0.0359119 0.99883 369.272
0.999506 -0.00780985 0.0323699 6.88366 0.00659047 0.999299 0.0375679 1.43201 -0.0326382 -0.0373312 0.998824 370.892
0.99948 -0.00709157 0.0333145 6.92231 0.00579245 0.999252 0.0389164 1.46449 -0.0335633 -0.0386998 0.998741 372.49
0.999514 -0.00710678 0.0322701 6.9701 0.00583093 0.999232 0.0394215 1.48475 -0.0325231 -0.0392092 0.998756 374.124
0.9995 -0.00733993 0.0326619 7.01742 0.00605201 0.999234 0.0393422 1.52862 -0.0329234 -0.0391215 0.998745 375.719
0.999453 -0.00662454 0.0342318 7.05525 0.0052691 0.999233 0.0394998 1.57362 -0.0344647 -0.0392929 0.998687 377.324
0.999507 -0.00520631 0.0328873 7.09702 0.00387998 0.999209 0.040254 1.6473 -0.0330685 -0.0401031 0.998702 378.964
0.999455 -0.00451002 0.0345132 7.14126 0.00308964 0.999179 0.0410647 1.68696 -0.0346675 -0.0409308 0.998615 380.546
0.999465 -0.00253788 0.0344397 7.18526 0.00109416 0.999149 0.041868 1.7465 -0.0345144 -0.0418044 0.998583 382.206
0.999454 -0.00165026 0.0348303 7.23339 0.000180729 0.99914 0.0421246 1.79266 -0.0348674 -0.0420901 0.99856 383.813
0.999407 -0.0010461 0.0361512 7.27409 -0.000485292 0.99913 0.0423212 1.83148 -0.0361618 -0.0423101 0.998503 385.431
0.999471 0.000887704 0.0343667 7.31842 -0.00237362 0.999091 0.0431961 1.87375 -0.0342948 -0.0432497 0.998531 387.075
0.999407 0.00172033 0.0361467 7.36339 -0.00331768 0.999044 0.0441774 1.92421 -0.0360339 -0.0442673 0.998424 388.667
0.999479 0.00296447 0.0340023 7.40322 -0.00449655 0.999002 0.045046 1.98465 -0.0338325 -0.0451703 0.998462 390.331
0.999463 0.00366987 0.0344362 7.45107 -0.00522266 0.998995 0.0451083 2.04113 -0.0342337 -0.0452598 0.998444 391.948
0.999432 0.00211466 0.0354405 7.49878 -0.00373489 0.998976 0.0456889 2.07241 -0.0353052 -0.0457901 0.998383 393.583
