1 0 0 0 0 1 0 0 0 0 1 0
0.999992 -0.00248698 -0.00300656 -0.0045257 0.00248212 0.999996 -0.00160245 0.00124342 0.00301056 0.00159503 0.999994 0.699625
0.999975 -0.0021669 -0.00681812 -0.0136537 0.00215429 0.999996 -0.00184031 -0.00200053 0.00682217 0.00182559 0.999976 1.394
0.99994 -0.0022669 -0.010706 -0.0228886 0.00223818 0.999994 -0.00268816 -0.0148357 0.0107121 0.00266404 0.99994 2.14425
0.999881 -0.00099014 -0.0154493 -0.0327656 0.000931216 0.999992 -0.00381589 -0.000373113 0.015453 0.00380092 0.999874 2.91716
0.999802 -0.00141919 -0.0198966 -0.0507714 0.00134046 0.99999 -0.00396651 -0.013501 0.0199022 0.00393912 0.999795 3.66335
0.999702 0.000539445 -0.0244491 -0.0736932 -0.000666638 0.999986 -0.0051916 -0.0104406 0.0244461 0.00520622 0.999688 4.44922
0.999561 0.00330975 -0.029517 -0.11159 -0.00349352 0.999975 -0.00617307 -0.0444703 0.0294958 0.0062736 0.999547 5.23922
0.999426 0.00379268 -0.0336976 -0.141885 -0.00399646 0.999974 -0.00598266 -0.0502841 0.0336741 0.00611381 0.999415 6.02831
0.999277 0.00395873 -0.0378768 -0.176134 -0.00417418 0.999975 -0.00560979 -0.0584546 0.0378536 0.00576402 0.999269 6.82767
0.999134 0.00420344 -0.0414384 -0.207106 -0.00442475 0.999977 -0.00525186 -0.0694665 0.0414153 0.00543056 0.999128 7.63555
0.99902 0.00469092 -0.0440555 -0.251768 -0.00491841 0.999974 -0.0050551 -0.0710642 0.0440306 0.00526685 0.999018 8.44768
0.998982 -0.00443231 -0.0449463 -0.285801 0.0041233 0.999968 -0.00696476 0.0107925 0.0449757 0.00677221 0.998966 9.30085
0.998881 -0.00559606 -0.0470084 -0.317949 0.00526323 0.999959 -0.00719961 0.00928997 0.0470468 0.00694409 0.99887 10.1407
0.998786 -0.00552423 -0.0490109 -0.361337 0.00518603 0.999961 -0.00702255 0.00400479 0.0490478 0.00675971 0.998775 10.9808
0.998724 -0.00652807 -0.0501212 -0.406142 0.00620091 0.999957 -0.00667847 -0.0251109 0.0501626 0.00635917 0.998723 11.8378
0.998654 -0.00467421 -0.0517279 -0.45505 0.00429015 0.999963 -0.00752927 -0.0337602 0.051761 0.00729708 0.998636 12.6937
0.998617 -0.00490245 -0.0523935 -0.508263 0.00441361 0.999945 -0.00944072 -0.0359414 0.0524369 0.00919647 0.998585 13.5879
0.998609 -0.00336708 -0.052696 -0.56971 0.00279175 0.999936 -0.0109828 -0.0336168 0.0527294 0.0108203 0.998553 14.5067
0.998554 -0.00148579 -0.0537917 -0.617801 0.000894846 0.999938 -0.0110079 -0.061877 0.0538047 0.0109439 0.998494 15.4133
0.998499 -0.00276683 -0.0547613 -0.65308 0.00220878 0.999945 -0.0102435 -0.0794151 0.0547865 0.0101071 0.99845 16.337
0.998471 -0.00314857 -0.0552595 -0.708309 0.00261761 0.999949 -0.0096772 -0.0891527 0.0552872 0.00951776 0.998429 17.2367
0.998389 -0.00327492 -0.0567235 -0.76232 0.00273405 0.99995 -0.00960497 -0.107247 0.056752 0.0094343 0.998348 18.14
0.998345 -0.0030166 -0.0575045 -0.814529 0.00244654 0.999947 -0.00998002 -0.111205 0.0575316 0.00982276 0.9983 19.04
0.998268 -0.0034676 -0.0588084 -0.873048 0.00287469 0.999944 -0.010159 -0.130414 0.0588402 0.00997217 0.998222 19.9576
0.998234 -0.00383131 -0.0593599 -0.926734 0.00329195 0.999952 -0.00917837 -0.148104 0.0593924 0.00896676 0.998199 20.878
0.998283 -0.00300331 -0.0585766 -1.00236 0.00262757 0.999975 -0.00648534 -0.15614 0.0585945 0.00632017 0.998267 21.8418
0.998289 -0.00345735 -0.0584531 -1.07879 0.00324859 0.999988 -0.00366278 -0.1631 0.0584652 0.00346665 0.998288 22.7992
0.998394 -0.00239136 -0.056695 -1.14291 0.00231472 0.999996 -0.00141149 -0.180857 0.0566982 0.00127789 0.998396 23.7526
0.998529 -0.0022205 -0.0542693 -1.19445 0.00215893 0.999996 -0.00118981 -0.189101 0.054272 0.00107092 0.99853 24.7025
0.998655 -0.0017097 -0.0519277 -1.24738 0.00153687 0.999993 -0.00335942 -0.222635 0.0519332 0.00327506 0.998651 25.6371
0.998789 -0.00245004 -0.0492651 -1.30012 0.00205847 0.999965 -0.00799355 -0.236889 0.0492833 0.00788246 0.998759 26.6076
0.998816 -0.00223846 -0.0487201 -1.34493 0.00184512 0.999966 -0.00810535 -0.253908 0.0487366 0.00800579 0.998787 27.5652
0.998904 -0.00354599 -0.0468387 -1.39973 0.00318764 0.999965 -0.00771966 -0.274544 0.0468648 0.00756194 0.998879 28.5701
0.998945 -0.00499827 -0.0457961 -1.45343 0.00484085 0.999983 -0.00353545 -0.283499 0.045813 0.00330986 0.998953 29.5442
0.998851 -0.00885446 -0.0472655 -1.49671 0.00886239 0.99996 -3.57052e-05 -0.284982 0.0472643 -0.000383147 0.99889 30.5191
0.998729 -0.0168793 -0.0476448 -1.53437 0.0168517 0.999859 -0.000966096 -0.28154 0.0476544 0.000161839 0.998872 31.5386
0.998732 -0.015493 -0.0480583 -1.58167 0.015406 0.999879 -0.00217231 -0.293583 0.0480864 0.00142924 0.998851 32.5173
0.998671 -0.0150296 -0.0494708 -1.62857 0.0147713 0.999876 -0.0055701 -0.283386 0.0495485 0.00483192 0.998768 33.5174
0.998573 -0.0160716 -0.0511004 -1.67982 0.015742 0.999854 -0.00683905 -0.267068 0.051203 0.00602495 0.998679 34.5447
0.998618 -0.0161162 -0.0501907 -1.72117 0.0158864 0.999862 -0.00496137 -0.276889 0.0502639 0.00415713 0.998736 35.5772
0.998552 -0.0150016 -0.0518394 -1.78346 0.0148182 0.999884 -0.00391394 -0.27645 0.0518922 0.00314029 0.998658 36.5712
0.998554 -0.0135904 -0.0521834 -1.8425 0.013429 0.999905 -0.00342756 -0.29986 0.0522252 0.00272167 0.998641 37.5818
0.998479 -0.0129337 -0.0537998 -1.89634 0.0128657 0.999916 -0.00160109 -0.304468 0.0538162 0.000907011 0.998561 38.5748
0.998432 -0.0157224 -0.0539145 -1.95102 0.0157428 0.999877 -3.20385e-05 -0.303683 0.0539087 -0.000817112 0.998556 39.5832
0.998474 -0.0150742 -0.0533362 -2.01711 0.0151131 0.999886 0.000333951 -0.285702 0.0533254 -0.0011389 0.998589 40.5931
0.998436 -0.0148678 -0.0541092 -2.07675 0.0149089 0.999889 0.000372639 -0.301097 0.0540981 -0.00117906 0.998546 41.5756
0.998474 -0.0128018 -0.0539375 -2.13376 0.0128063 0.999918 -0.000252529 -0.334595 0.0539367 -0.000437965 0.998556 42.6123
0.998568 -0.00735146 -0.0531978 -2.20256 0.00724737 0.999972 -0.00213468 -0.362501 0.0532125 0.00174576 0.998592 43.6526
0.998489 -0.00701215 -0.0547261 -2.25748 0.00694061 0.999974 -0.001488 -0.376488 0.0547354 0.00110656 0.998514 44.6327
0.998367 -0.0106775 -0.0563148 -2.30746 0.0106942 0.999943 9.85676e-06 -0.379289 0.0563121 -0.000612416 0.998423 45.6577
0.998316 -0.011457 -0.0570948 -2.38756 0.0115007 0.999933 0.000445095 -0.385711 0.0570863 -0.00110032 0.998381 46.7112
0.998279 -0.0107043 -0.0578603 -2.44994 0.0107228 0.999943 2.4824e-05 -0.386573 0.0578574 -0.000645526 0.998335 47.675
0.998307 -0.0104446 -0.0574501 -2.51726 0.0104262 0.999946 -0.000610625 -0.387434 0.0574539 1.12659e-05 0.998361 48.6546
0.998254 -0.0101557 -0.0584147 -2.5793 0.0100955 0.999949 -0.00131396 -0.389022 0.0584258 0.000721596 0.998303 49.6297
0.99822 -0.0111799 -0.0588263 -2.63713 0.0112238 0.999938 0.00042457 -0.384183 0.0588184 -0.00108334 0.998281 50.6061
0.998252 -0.0121756 -0.0580793 -2.69739 0.0125012 0.999909 0.00525955 -0.412437 0.0580105 -0.00597683 0.998312 51.5833
0.998249 -0.0130655 -0.0579617 -2.74991 0.0134186 0.999894 0.00571897 -0.401091 0.0578814 -0.00648592 0.998316 52.5646
0.998235 -0.0139263 -0.0579897 -2.80766 0.014273 0.999884 0.00558353 -0.40026 0.0579059 -0.00640181 0.998315 53.5271
0.998272 -0.0154217 -0.0569932 -2.85959 0.0157385 0.999864 0.00512502 -0.40785 0.0569071 -0.00601227 0.998376 54.4817
0.998349 -0.0162026 -0.0553843 -2.92547 0.0165354 0.999849 0.00557161 -0.406557 0.0552863 -0.00647865 0.998464 55.4136
0.99834 -0.0181145 -0.0549959 -2.97568 0.0185862 0.999795 0.00809 -0.409892 0.0548389 -0.00909794 0.998468 56.3662
0.99837 -0.0205697 -0.0535274 -3.02622 0.0211877 0.999716 0.011021 -0.418697 0.0532861 -0.0121376 0.99852 57.3095
0.99843 -0.0228722 -0.051485 -3.06718 0.0234073 0.999678 0.0098294 -0.438019 0.0512444 -0.0110183 0.99864 58.2678
0.99846 -0.0245342 -0.0500854 -3.11742 0.0248883 0.999671 0.00647836 -0.441378 0.0499106 -0.00771544 0.998738 59.2349
0.998415 -0.0217345 -0.0522437 -3.17261 0.0217231 0.999765 -0.000772274 -0.443566 0.052249 -0.000363157 0.998649 60.1563
0.998413 -0.019991 -0.0529618 -3.22821 0.0197682 0.999796 -0.00471223 -0.466131 0.0530457 0.00365716 0.9986 61.0764
0.998451 -0.0193288 -0.0525265 -3.28756 0.0192046 0.999813 -0.00285554 -0.467525 0.0525728 0.00184299 0.998631 61.9827
0.998386 -0.0179606 -0.0542023 -3.3408 0.0178885 0.999841 -0.00179839 -0.482586 0.0542265 0.000825358 0.998544 62.8789
0.998477 -0.0146843 -0.053514 -3.39857 0.0146863 0.999893 -0.000343905 -0.48906 0.0535143 -0.000441878 0.998583 63.808
0.998512 -0.0122935 -0.0534835 -3.44737 0.0122836 0.999928 -0.000496923 -0.503401 0.0534863 -0.000161365 0.998585 64.6774
0.998404 -0.0113358 -0.055689 -3.49811 0.0113426 0.999937 -0.000182678 -0.51208 0.0556885 -0.000448654 0.998465 65.5279
0.998373 -0.0104437 -0.0563961 -3.55043 0.0104596 0.999949 1.07905e-06 -0.524133 0.0563936 -0.000591641 0.998426 66.3742
0.998307 -0.0115011 -0.0573687 -3.59437 0.0114922 0.999935 -0.000473326 -0.556694 0.0573713 -0.000186169 0.99837 67.2256
0.998241 -0.0101427 -0.0587696 -3.6448 0.0101455 0.999953 -0.000235559 -0.577137 0.0587697 -0.00036178 0.99829 68.0391
0.998225 -0.00896325 -0.0592301 -3.69635 0.00902097 0.99996 0.000717589 -0.583939 0.0592222 -0.00125011 0.998262 68.8511
0.99812 -0.00885965 -0.0610048 -3.75182 0.0089687 0.999962 0.00152745 -0.59555 0.0609894 -0.00207233 0.998156 69.638
0.998095 -0.00383896 -0.0619157 -3.79223 0.00400853 0.99999 0.00262394 -0.598913 0.0619059 -0.00286654 0.998096 70.4727
0.998039 -0.000656958 -0.0629214 -3.85107 0.000636762 1 -0.000330229 -0.603018 0.0629223 0.000288873 0.998038 71.2666
0.997921 0.0014674 -0.0647445 -3.91589 -0.00183715 0.999984 -0.00564379 -0.613377 0.0647361 0.00575156 0.997903 72.0158
0.997885 0.00161126 -0.0653203 -3.9618 -0.00232014 0.999943 -0.0107686 -0.640098 0.0652996 0.0108966 0.997826 72.7533
0.997832 0.000684214 -0.0661205 -4.01995 -0.00154487 0.999916 -0.0129588 -0.679969 0.066107 0.0130333 0.997745 73.5006
0.997804 0.00311955 -0.0664994 -4.07587 -0.00387482 0.999933 -0.0112237 -0.722326 0.0664604 0.0114559 0.997743 74.2167
0.997763 0.003054 -0.0671028 -4.12129 -0.00379666 0.999934 -0.0109364 -0.736795 0.067066 0.0111673 0.997704 74.8741
0.997694 0.00143777 -0.0681802 -4.16106 -0.00237894 0.999907 -0.013717 -0.764821 0.0681546 0.0138467 0.997599 75.5267
0.997715 -0.00373732 -0.0677831 -4.20068 0.00251512 0.999834 -0.0181003 -0.806025 0.0678406 0.0178891 0.997554 76.1516
0.997803 -0.00690361 -0.066241 -4.24222 0.00542033 0.999735 -0.0225354 -0.811195 0.0663796 0.0221259 0.99757 76.7676
0.997976 -0.00402344 -0.0638096 -4.28677 0.00259529 0.999746 -0.0224417 -0.843802 0.0638848 0.0222312 0.997728 77.3532
0.998223 -0.00343908 -0.0598924 -4.33219 0.0021761 0.999779 -0.0211284 -0.857281 0.0599523 0.0209596 0.998002 77.9182
0.998525 -0.00387426 -0.0545639 -4.36455 0.00275729 0.999787 -0.0205249 -0.887316 0.0546331 0.0203448 0.998318 78.4791
0.998788 -0.00641526 -0.0492785 -4.38227 0.00552786 0.999825 -0.0181069 -0.914555 0.0493866 0.0178117 0.998642 79.0646
0.999116 -0.00913305 -0.0415779 -4.40181 0.00851232 0.999852 -0.0150711 -0.934162 0.0417106 0.0147044 0.999041 79.6301
0.999507 -0.006936 -0.0314007 -4.42305 0.00645816 0.999867 -0.0152682 -0.930554 0.0315032 0.0150569 0.999412 80.1676
0.999883 -0.00219918 -0.0165381 -4.44128 0.00194403 0.999881 -0.0154089 -0.936389 0.0165714 0.0153756 0.999765 80.6964
1.00002 0.00211015 0.00150194 -4.45621 -0.00208896 0.999899 -0.0144 -0.931935 -0.00153115 0.0143962 0.999917 81.2296
0.999759 0.00207491 0.0228657 -4.44066 -0.00175707 0.999903 -0.0139186 -0.944226 -0.0228909 0.0138756 0.999662 81.7207
0.998782 -0.000732287 0.04982 -4.40695 0.00138011 0.999919 -0.012986 -0.946744 -0.0498051 0.013038 0.998696 82.2093
0.996918 -0.000788185 0.07874 -4.36193 0.0016909 0.999936 -0.0114001 -0.948946 -0.0787242 0.0114985 0.996851 82.6742
0.993753 -0.00103344 0.111815 -4.30487 0.00221143 0.999947 -0.0104196 -0.964379 -0.111797 0.010601 0.993697 83.1331
0.988806 -0.00139223 0.149357 -4.22876 0.00283782 0.999953 -0.00946647 -0.972878 -0.149335 0.00978479 0.988759 83.5989
0.981849 -0.000215073 0.189797 -4.12359 0.00192972 0.999963 -0.00885403 -0.984047 -0.189786 0.00905877 0.981807 84.0361
0.972039 0.000523625 0.234917 -4.00316 0.00144922 0.999967 -0.00822506 -1.02391 -0.234911 0.00833592 0.972003 84.4761
0.958957 0.00235278 0.283632 -3.87109 0.000196343 0.999964 -0.00896167 -1.02568 -0.283639 0.00864877 0.958917 84.9139
0.941972 0.00291831 0.33575 -3.71508 0.000338226 0.999956 -0.00963989 -1.0404 -0.335761 0.00919441 0.941925 85.2911
0.920645 0.00273908 0.390456 -3.52959 0.00144373 0.999948 -0.0104212 -1.04975 -0.390461 0.0101572 0.92059 85.6788
0.894791 0.00308088 0.446529 -3.3324 0.0019432 0.999942 -0.0107926 -1.05432 -0.446533 0.0105251 0.894729 86.0272
0.864152 0.00451067 0.503262 -3.12193 0.00132438 0.999939 -0.0112383 -1.06848 -0.503278 0.0103775 0.86409 86.3675
0.829307 0.00339132 0.558826 -2.87232 0.00366143 0.99993 -0.0115013 -1.08189 -0.558821 0.0115844 0.829233 86.6892
0.790932 0.00298334 0.61194 -2.61025 0.00475552 0.999931 -0.0110231 -1.08146 -0.611926 0.011628 0.790861 86.9771
0.749572 0.00186723 0.661956 -2.32199 0.0061908 0.999936 -0.00983013 -1.10719 -0.661928 0.0114665 0.74951 87.2533
0.705356 0.00184073 0.708888 -2.04249 0.00398523 0.999973 -0.00656348 -1.12231 -0.708877 0.00745418 0.705328 87.5122
0.658992 0.00129097 0.752183 -1.7369 0.00426252 0.999979 -0.00545011 -1.1326 -0.752169 0.00679775 0.65897 87.7437
0.611233 -0.000449413 0.791485 -1.40623 0.00692049 0.999967 -0.00477802 -1.13117 -0.791452 0.00839752 0.611215 87.9586
0.563286 -0.00296628 0.826287 -1.08042 0.0115962 0.999927 -0.00431505 -1.13641 -0.826209 0.0120123 0.563277 88.1443
0.515402 -0.0013785 0.856979 -0.739536 0.0107878 0.999933 -0.00488084 -1.13426 -0.856909 0.0117602 0.515383 88.3277
0.467282 0.00088169 0.884137 -0.400766 0.00807407 0.999957 -0.00526397 -1.12392 -0.884098 0.00959811 0.467254 88.4736
0.420892 0.00172728 0.907139 -0.063186 0.00775282 0.999958 -0.00550238 -1.14227 -0.907104 0.00934844 0.420862 88.6238
0.377356 -0.000209429 0.926096 0.313906 0.0125645 0.999912 -0.00489306 -1.14602 -0.926008 0.013482 0.377326 88.7417
0.337235 -0.00686557 0.941425 0.680055 0.0238074 0.999719 -0.00123872 -1.16175 -0.941145 0.0228301 0.337305 88.823
0.301107 -0.00955644 0.95357 1.05137 0.0285679 0.999595 0.000997273 -1.15356 -0.953187 0.0269408 0.301259 88.9076
0.267369 -0.00657153 0.963602 1.4248 0.025468 0.999678 -0.000250251 -1.13914 -0.963283 0.0246075 0.267453 89.0138
0.235784 -0.000266865 0.971832 1.78844 0.0166679 0.999857 -0.00376896 -1.13981 -0.971687 0.0170866 0.235756 89.1074
0.207039 0.00349429 0.978357 2.17754 0.012266 0.999909 -0.00616818 -1.14416 -0.978282 0.0132772 0.206979 89.1915
0.180954 0.00465351 0.983507 2.57991 0.0121572 0.999905 -0.00696744 -1.16392 -0.983441 0.0132169 0.180882 89.2609
0.157306 0.00561854 0.987564 2.98866 0.0179161 0.999806 -0.00854314 -1.16319 -0.987414 0.0190366 0.157177 89.3011
0.135994 0.00972608 0.990688 3.40674 0.0212168 0.999697 -0.0127265 -1.16687 -0.990507 0.0227493 0.135748 89.3372
0.11588 0.0158588 0.993168 3.84201 0.0218584 0.999593 -0.0185131 -1.15018 -0.99305 0.0238537 0.115489 89.378
0.0979957 0.0169692 0.995069 4.28188 0.0207695 0.999605 -0.0190915 -1.15142 -0.994994 0.0225374 0.097607 89.4129
0.0820054 0.0137683 0.996568 4.74612 0.0198176 0.999688 -0.0154433 -1.16361 -0.996462 0.0210155 0.0817101 89.4457
0.0666894 0.0113944 0.997736 5.22734 0.0221485 0.999675 -0.0128966 -1.17752 -0.997553 0.0229578 0.066418 89.4792
0.0533916 0.00975154 0.998557 5.71705 0.0238938 0.999658 -0.011041 -1.18582 -0.998315 0.0244482 0.0531435 89.4918
0.0412196 0.0088986 0.999139 6.21786 0.0279898 0.999562 -0.0100567 -1.20142 -0.998783 0.0283795 0.0409553 89.5016
0.031092 0.00956076 0.999502 6.73958 0.031537 0.999452 -0.0105424 -1.19492 -0.999046 0.0318482 0.0307769 89.501
0.0232625 0.00975523 0.99971 7.27722 0.0334184 0.99939 -0.0105293 -1.20322 -0.999197 0.0336528 0.0229254 89.5093
0.0162537 0.0100372 0.999849 7.816 0.0337395 0.999379 -0.010582 -1.20829 -0.999326 0.0339056 0.0159084 89.5261
0.0109364 0.0106878 0.999912 8.37515 0.0341868 0.999358 -0.0110554 -1.2045 -0.999381 0.0343038 0.0105672 89.5369
0.00495611 0.0111765 0.999957 8.96239 0.0341445 0.999357 -0.0113401 -1.21056 -0.999433 0.0341983 0.0045751 89.5442
-0.00104991 0.0108287 0.99997 9.58085 0.036213 0.99929 -0.0107828 -1.22152 -0.99937 0.0361997 -0.0014379 89.5531
-0.00472481 0.0118108 0.999952 10.1914 0.034709 0.999334 -0.0116406 -1.23652 -0.999415 0.0346513 -0.0051278 89.5535
-0.00931209 0.0106648 0.999929 10.832 0.0323744 0.999426 -0.0103576 -1.25232 -0.999459 0.0322749 -0.00964839 89.5376
-0.0131897 0.0115241 0.999879 11.4858 0.0330017 0.999398 -0.0110844 -1.24847 -0.999397 0.0328506 -0.0135582 89.542
-0.0145819 0.0112051 0.999861 12.1619 0.0358623 0.999304 -0.0106754 -1.26973 -0.999277 0.0357007 -0.0149697 89.5239
-0.0138917 0.0110485 0.999874 12.8593 0.0375522 0.999244 -0.010521 -1.28189 -0.999227 0.0374002 -0.014292 89.5108
-0.0124954 0.0110158 0.999892 13.5496 0.039538 0.999166 -0.0105132 -1.27434 -0.999168 0.0394014 -0.0129166 89.4659
-0.00975743 0.0110986 0.999923 14.2703 0.0408701 0.999112 -0.010692 -1.28442 -0.999146 0.0407616 -0.0101983 89.4711
-0.00568006 0.0116448 0.999947 15.0054 0.0432193 0.999004 -0.0113877 -1.31003 -0.999077 0.0431513 -0.00617381 89.4537
-0.00294866 0.0122389 0.999953 15.7659 0.0443508 0.998947 -0.0120971 -1.33126 -0.999041 0.044312 -0.00348434 89.4652
-0.00120427 0.0123086 0.999954 16.5736 0.0446143 0.998932 -0.0122417 -1.34284 -0.99903 0.0445965 -0.00174828 89.4712
0.00207582 0.0109231 0.999971 17.3808 0.0427449 0.999029 -0.0110028 -1.34936 -0.999114 0.0427653 0.00161082 89.4726
0.00651817 0.0100301 0.999958 18.1669 0.0399135 0.999153 -0.0102817 -1.36391 -0.999209 0.0399779 0.00611619 89.4976
0.00995864 0.0102129 0.99993 18.9742 0.0373973 0.999248 -0.0105796 -1.38145 -0.999281 0.037499 0.00957309 89.5063
0.0138941 0.0127927 0.999852 19.7642 0.0366356 0.999243 -0.0132935 -1.39727 -0.999259 0.0368141 0.0134186 89.5359
0.0153927 0.0173032 0.999765 20.5732 0.0325417 0.999317 -0.0177977 -1.41325 -0.999383 0.0328069 0.0148229 89.57
0.0140591 0.019674 0.999739 21.4154 0.0299798 0.999352 -0.0200874 -1.44114 -0.999479 0.0302536 0.013464 89.5819
0.014415 0.018705 0.999754 22.2447 0.02854 0.999416 -0.0191115 -1.46717 -0.99952 0.0288075 0.0138766 89.5999
0.0129787 0.0170138 0.999802 23.0921 0.0259781 0.999516 -0.0173455 -1.48903 -0.999606 0.0261974 0.0125341 89.6237
0.0105733 0.016393 0.999844 23.9256 0.025438 0.999544 -0.0166584 -1.51271 -0.999652 0.0256092 0.0101553 89.6412
0.010974 0.0159616 0.999844 24.7501 0.0240675 0.999583 -0.016221 -1.53122 -0.999678 0.0242411 0.010589 89.6645
0.0109959 0.0160535 0.999844 25.5751 0.0241837 0.99958 -0.0163166 -1.55629 -0.999678 0.0243584 0.0106069 89.6826
0.00861079 0.017009 0.99985 26.4113 0.0217094 0.999621 -0.0171915 -1.59835 -0.999756 0.0218535 0.00824186 89.694
0.00742355 0.017107 0.999859 27.2215 0.0197136 0.999662 -0.0172514 -1.621 -0.999809 0.0198379 0.00708768 89.7119
0.00410042 0.0168003 0.999883 28.0451 0.0173583 0.999712 -0.016868 -1.6389 -0.99987 0.0174249 0.00381115 89.7279
0.000443687 0.0160116 0.999904 28.8546 0.0164798 0.999741 -0.0160176 -1.65596 -0.999896 0.0164843 0.000183675 89.7353
-0.0057658 0.0139864 0.999918 29.6878 0.0139112 0.999812 -0.013904 -1.67614 -0.999916 0.0138293 -0.00595566 89.7418
-0.0133381 0.013036 0.99986 30.5009 0.0139653 0.999825 -0.0128505 -1.68737 -0.999847 0.0137909 -0.0135137 89.7415
-0.0223911 0.012244 0.999707 31.3289 0.0134077 0.999844 -0.0119447 -1.71804 -0.99969 0.0131356 -0.0225481 89.7313
-0.0316463 0.0123672 0.999457 32.1376 0.0121869 0.999859 -0.0119876 -1.72827 -0.999459 0.0117998 -0.0317882 89.7082
-0.0436517 0.0126234 0.999 32.948 0.0128667 0.99985 -0.0120713 -1.75396 -0.998994 0.0123262 -0.0438037 89.6827
-0.0529006 0.0119697 0.998562 33.7395 0.0128846 0.999858 -0.0113039 -1.76717 -0.998551 0.0122669 -0.0530428 89.6422
-0.0645855 0.0109943 0.997885 34.543 0.0125279 0.999875 -0.0102048 -1.77712 -0.997864 0.0118416 -0.0647112 89.5995
-0.075441 0.00971476 0.997137 35.3728 0.0120495 0.999893 -0.00883129 -1.79796 -0.997112 0.0113476 -0.0755454 89.5251
-0.0865419 0.00945892 0.996237 36.1538 0.0118754 0.999899 -0.00846144 -1.8114 -0.996208 0.0110977 -0.0866414 89.4604
-0.098143 0.00942315 0.995162 36.9356 0.0116722 0.999902 -0.00831829 -1.82412 -0.995139 0.0107982 -0.0982386 89.3866
-0.108944 0.0099343 0.994032 37.7191 0.0103408 0.999912 -0.00885905 -1.8249 -0.994025 0.00931333 -0.109034 89.2957
-0.120857 0.0119482 0.992632 38.5222 0.0100089 0.999896 -0.0108184 -1.85408 -0.992655 0.00862651 -0.120959 89.1795
-0.130935 0.0123695 0.991349 39.2796 0.0106986 0.999887 -0.0110624 -1.8772 -0.991366 0.00915685 -0.131049 89.0808
-0.139662 0.0129221 0.990149 40.0554 0.0103204 0.999885 -0.0115948 -1.88894 -0.990181 0.00859823 -0.139774 88.9463
-0.149498 0.0127049 0.988716 40.7962 0.00983046 0.999893 -0.0113615 -1.90318 -0.988746 0.00802018 -0.149603 88.8338
-0.157973 0.0125113 0.987399 41.5285 0.0111456 0.999884 -0.0108877 -1.91817 -0.987417 0.00928399 -0.158089 88.7115
-0.165404 0.0120464 0.986187 42.2555 0.0118333 0.999883 -0.0102284 -1.93046 -0.986188 0.00997701 -0.165523 88.5874
-0.17109 0.0110618 0.985228 42.9708 0.0131416 0.999879 -0.00894553 -1.94452 -0.985204 0.0114157 -0.171209 88.4584
-0.17505 0.0102824 0.984541 43.6979 0.0154965 0.999856 -0.0076864 -1.96001 -0.984471 0.0139104 -0.17518 88.3158
-0.177773 0.0102507 0.984053 44.4015 0.0172913 0.999829 -0.00729265 -1.96646 -0.983957 0.0157177 -0.177914 88.1859
-0.18019 0.00970869 0.983619 45.0878 0.0186472 0.999811 -0.0064519 -1.96675 -0.983488 0.0171778 -0.180332 88.0557
-0.180951 0.0101269 0.983474 45.7599 0.0181955 0.999815 -0.00694853 -1.98029 -0.983361 0.0166361 -0.181096 87.9343
-0.180094 0.0106218 0.983627 46.4094 0.0191211 0.999796 -0.00729493 -1.99534 -0.983497 0.0174928 -0.180256 87.8111
-0.177884 0.0115089 0.98402 47.04 0.0203876 0.999766 -0.00800867 -2.00971 -0.983876 0.0186356 -0.178072 87.7012
-0.173382 0.0121811 0.984815 47.6664 0.0228354 0.99971 -0.00834448 -2.00353 -0.984623 0.0210402 -0.173605 87.6041
-0.16615 0.0123196 0.98606 48.2695 0.0225796 0.999713 -0.00868666 -2.01312 -0.985879 0.02082 -0.166375 87.5055
-0.155835 0.0125784 0.987739 48.8343 0.0206776 0.999747 -0.00946844 -2.02039 -0.9876 0.018947 -0.156051 87.4223
-0.142538 0.0125618 0.989747 49.4007 0.0204688 0.999749 -0.00974216 -2.03501 -0.989614 0.0188688 -0.142754 87.3501
-0.12598 0.0135729 0.991976 49.9519 0.0192984 0.999757 -0.0112279 -2.04199 -0.991878 0.0177274 -0.126206 87.2856
-0.105136 0.0153407 0.994377 50.4885 0.0184414 0.999746 -0.0134749 -2.05776 -0.994324 0.0169196 -0.105387 87.2408
-0.0808181 0.0183763 0.996596 51.0153 0.0179617 0.9997 -0.0169764 -2.07543 -0.9966 0.0165268 -0.0811197 87.2094
-0.0530261 0.0198901 0.998433 51.5432 0.017012 0.999681 -0.0190126 -2.08526 -0.998485 0.0159757 -0.0533431 87.1977
-0.0199714 0.0198306 0.99964 52.0763 0.0142804 0.999713 -0.0195461 -2.11398 -0.999731 0.0138832 -0.020245 87.2011
0.0179184 0.0182985 0.999711 52.6012 0.0139436 0.999738 -0.0185501 -2.11999 -0.999779 0.0142704 0.0176624 87.2206
0.0594251 0.0154561 0.99815 53.1112 0.0127292 0.999793 -0.0162387 -2.13241 -0.998184 0.013669 0.0592193 87.2764
0.104784 0.0117037 0.994466 53.6308 0.00987771 0.999876 -0.0128093 -2.14203 -0.994484 0.0111635 0.104658 87.3485
0.153199 0.0101016 0.988181 54.1424 0.0065006 0.999922 -0.0112289 -2.13795 -0.988207 0.00814252 0.153124 87.4482
0.204561 0.00968126 0.978847 54.6243 0.00174271 0.999953 -0.0102554 -2.12586 -0.978891 0.00380198 0.204536 87.5738
0.26012 0.0106426 0.965556 55.1211 0.000997784 0.999942 -0.0112898 -2.13167 -0.965609 0.00389872 0.260096 87.7174
0.318863 0.0113072 0.947776 55.5803 0.00232521 0.999925 -0.0127128 -2.14955 -0.947837 0.00625555 0.318813 87.8903
0.380452 0.0153127 0.924714 56.0109 0.00280266 0.999846 -0.0177092 -2.16152 -0.924831 0.00932784 0.380351 88.0867
0.441842 0.0186658 0.896944 56.4377 0.0031906 0.999752 -0.0223782 -2.17876 -0.897129 0.0127475 0.441671 88.3259
0.501927 0.0230642 0.864645 56.8412 0.000767063 0.999638 -0.0271098 -2.19371 -0.864947 0.0142691 0.501728 88.5807
0.560739 0.0260035 0.827634 57.2163 -0.00371025 0.999584 -0.0288935 -2.19829 -0.82803 0.0131289 0.560599 88.8784
0.617115 0.0271414 0.786453 57.572 -0.00484176 0.999523 -0.0306948 -2.20054 -0.7869 0.0151333 0.61695 89.1884
0.669203 0.0267944 0.742652 57.8984 -0.00582557 0.999517 -0.0308138 -2.22613 -0.743108 0.0162922 0.669031 89.5206
0.718302 0.0234363 0.69539 58.2141 -0.00674948 0.999627 -0.0267174 -2.25074 -0.695746 0.0144966 0.718189 89.8929
0.763775 0.0196182 0.64525 58.4988 -0.00784799 0.999755 -0.0211084 -2.25666 -0.645496 0.0110559 0.763735 90.2738
0.804392 0.0162785 0.593938 58.755 -0.00943121 0.999855 -0.0146301 -2.2717 -0.59408 0.00616586 0.804425 90.6615
0.839616 0.0126313 0.543113 58.9932 -0.00857478 0.999922 -0.0100008 -2.28846 -0.543187 0.00373748 0.83965 91.0933
0.869101 0.0118472 0.494569 59.2124 -0.0105004 0.999936 -0.00550014 -2.30885 -0.494593 -0.000413897 0.869165 91.5223
0.892721 0.0135978 0.4505 59.3933 -0.0140661 0.999907 -0.00230902 -2.31995 -0.450481 -0.00427774 0.89282 91.9731
0.911408 0.0179296 0.411205 59.5691 -0.0195469 0.999816 -0.000269361 -2.32315 -0.411125 -0.00779301 0.911584 92.4334
0.925999 0.0235535 0.376907 59.7167 -0.0255963 0.999681 0.000412372 -2.31427 -0.376769 -0.0100315 0.926295 92.8787
0.937864 0.0263726 0.34611 59.8775 -0.0281964 0.999609 0.000237907 -2.29547 -0.345961 -0.00998285 0.938234 93.349
0.946036 0.0231654 0.323366 60.036 -0.0249511 0.999696 0.00137768 -2.31625 -0.323228 -0.0093741 0.946316 93.8166
0.951818 0.0205131 0.306104 60.184 -0.0222322 0.999757 0.00213372 -2.32276 -0.305978 -0.00883699 0.952035 94.3032
0.955783 0.0238027 0.293257 60.3187 -0.0256694 0.999676 0.00251844 -2.31953 -0.293095 -0.0099373 0.956073 94.7991
0.959131 0.0286469 0.281646 60.4566 -0.0308703 0.999524 0.00346435 -2.29114 -0.281406 -0.0120179 0.959552 95.3303
0.961268 0.0341532 0.273655 60.5943 -0.0364123 0.999341 0.00318087 -2.29945 -0.273359 -0.0130244 0.961865 95.8609
0.961814 0.0401793 0.270887 60.7221 -0.0417197 0.999136 -6.44965e-05 -2.28966 -0.270649 -0.0112398 0.962651 96.3664
0.962127 0.040492 0.269744 60.865 -0.0417151 0.999138 -0.00119612 -2.30573 -0.269554 -0.010104 0.962974 96.8999
0.962039 0.0413738 0.269905 61.0193 -0.0417684 0.999125 -0.00427648 -2.3255 -0.269839 -0.00715997 0.962918 97.4202
0.961378 0.0427779 0.272053 61.1843 -0.0414507 0.999093 -0.0106228 -2.33056 -0.272254 -0.0010668 0.962267 97.9808
0.960916 0.0449601 0.273312 61.356 -0.0424592 0.998991 -0.0150546 -2.34141 -0.273706 0.00286094 0.961848 98.5583
0.959831 0.0501371 0.276227 61.5153 -0.0478614 0.998751 -0.0149745 -2.3273 -0.276626 0.00114992 0.961019 99.1489
0.958565 0.0515166 0.280319 61.683 -0.0498689 0.998677 -0.0130043 -2.33452 -0.280611 -0.0015144 0.959859 99.7388
0.95745 0.0499441 0.284403 61.8601 -0.0497265 0.998741 -0.00798612 -2.34512 -0.284436 -0.00649842 0.958716 100.337
0.956436 0.0472952 0.288221 62.0427 -0.0486265 0.998819 -0.00253523 -2.34507 -0.287995 -0.011591 0.9576 100.939
0.955617 0.0446293 0.291365 62.2309 -0.047213 0.998894 0.00184323 -2.35096 -0.290952 -0.0155201 0.956656 101.566
0.955338 0.0414249 0.292732 62.4265 -0.0443616 0.999016 0.00340479 -2.34711 -0.292296 -0.0162394 0.956229 102.195
0.955426 0.0395111 0.292727 62.6195 -0.0419604 0.999128 0.0020936 -2.34116 -0.292381 -0.0142857 0.95624 102.823
0.955825 0.039015 0.291475 62.8124 -0.0398995 0.999206 -0.00290433 -2.35829 -0.291349 -0.0088544 0.956616 103.477
0.95608 0.0415607 0.290296 63.0057 -0.0408318 0.99914 -0.00856716 -2.35775 -0.290394 -0.00366502 0.956944 104.129
0.957313 0.043488 0.285904 63.1763 -0.0421238 0.999059 -0.0109159 -2.35971 -0.286103 -0.00159435 0.958237 104.781
0.958421 0.0400313 0.282691 63.3767 -0.0395842 0.999201 -0.00729194 -2.36566 -0.282748 -0.00420389 0.959228 105.476
0.959578 0.0346615 0.279446 63.5801 -0.0358083 0.999366 -0.000994921 -2.39544 -0.279296 -0.0090526 0.960203 106.185
0.960452 0.0297347 0.277014 63.7753 -0.0317983 0.999501 0.00296165 -2.40708 -0.276779 -0.0116555 0.960907 106.907
0.960849 0.0323109 0.275331 63.9728 -0.0342418 0.999419 0.00221439 -2.4098 -0.275092 -0.0115563 0.961389 107.613
0.961442 0.0389108 0.272408 64.1606 -0.0399679 0.999212 -0.00166535 -2.40668 -0.272249 -0.00928881 0.962227 108.338
0.962874 0.0397827 0.267158 64.3622 -0.0397631 0.999202 -0.0054777 -2.42604 -0.267156 -0.00534938 0.963679 109.104
0.964094 0.0401899 0.262679 64.5698 -0.0395725 0.9992 -0.00763874 -2.42699 -0.262767 -0.00303281 0.9649 109.849
0.965263 0.038695 0.258562 64.7754 -0.0380811 0.999256 -0.00737673 -2.42754 -0.258647 -0.00272661 0.96601 110.605
0.966511 0.0364972 0.254198 64.9817 -0.0363417 0.999338 -0.00530636 -2.44503 -0.254214 -0.00411174 0.967186 111.401
0.967184 0.0354023 0.251767 65.1843 -0.0354359 0.999371 -0.00439482 -2.44614 -0.251756 -0.00467175 0.967822 112.183
0.967752 0.0333193 0.249879 65.3926 -0.0335341 0.999444 -0.00339587 -2.44667 -0.249844 -0.00509562 0.968319 112.972
0.968363 0.0281799 0.24812 65.6178 -0.0289822 0.99959 -0.000412865 -2.47748 -0.248022 -0.00679198 0.968774 113.797
0.968494 0.0281689 0.247634 65.8141 -0.0290529 0.999589 -8.27953e-05 -2.4777 -0.247527 -0.00711678 0.968902 114.59
0.968852 0.0322086 0.245711 66.0273 -0.0332449 0.999457 7.63999e-05 -2.47692 -0.245567 -0.00824333 0.969389 115.428
0.969006 0.0364476 0.244528 66.2349 -0.0370283 0.999323 -0.00222063 -2.47286 -0.244435 -0.00690504 0.969689 116.243
0.968393 0.0435078 0.245779 66.4247 -0.0439976 0.999036 -0.00349187 -2.47893 -0.245685 -0.00743285 0.969366 117.058
0.967697 0.0488354 0.247533 66.6235 -0.0498654 0.998766 -0.0021052 -2.47641 -0.247321 -0.0103083 0.968926 117.902
0.967454 0.0501843 0.248194 66.8462 -0.0513078 0.998692 -0.00193401 -2.46612 -0.247957 -0.0108637 0.968756 118.752
0.966912 0.050671 0.250219 67.0636 -0.0518515 0.998665 -0.00187087 -2.50792 -0.249971 -0.0111673 0.968237 119.588
0.966584 0.0498519 0.251636 67.2778 -0.0510962 0.998704 -0.00158169 -2.50605 -0.25138 -0.0113293 0.967869 120.427
0.966586 0.0441645 0.252697 67.5207 -0.0449091 0.998999 -0.00281897 -2.53796 -0.252559 -0.00862567 0.967591 121.262
0.966851 0.0395555 0.252441 67.7453 -0.0402054 0.9992 -0.00257823 -2.54026 -0.252332 -0.00765745 0.967658 122.088
0.966669 0.0379463 0.253391 67.9684 -0.0384602 0.999267 -0.00292427 -2.55614 -0.253308 -0.00692076 0.967408 122.929
0.96606 0.0413687 0.255166 68.176 -0.0427048 0.9991 -0.000296493 -2.5664 -0.25494 -0.0106111 0.966947 123.757
0.965833 0.0457965 0.255275 68.3884 -0.0483715 0.998834 0.0038194 -2.55846 -0.254794 -0.0160389 0.96691 124.601
0.965039 0.0503573 0.257407 68.6186 -0.0530909 0.998595 0.00368567 -2.55718 -0.256851 -0.0172233 0.966346 125.436
0.964681 0.0504637 0.258728 68.8366 -0.0519076 0.998663 -0.001247 -2.56753 -0.258436 -0.0122289 0.965999 126.238
0.964901 0.0494787 0.258095 69.0609 -0.0474148 0.998787 -0.0142102 -2.56757 -0.258476 0.00147301 0.966066 127.049
0.965352 0.0456955 0.257109 69.285 -0.0421669 0.998938 -0.0192205 -2.62056 -0.257705 0.00771088 0.966241 127.867
0.965308 0.0438369 0.257595 69.5089 -0.0422356 0.999051 -0.0117413 -2.62279 -0.257857 0.000453449 0.966232 128.691
0.966222 0.0371094 0.255213 69.7415 -0.0394077 0.999228 0.00389911 -2.63455 -0.254863 -0.0138267 0.966926 129.56
0.966467 0.0312187 0.255079 69.9622 -0.0364849 0.999218 0.0159464 -2.64114 -0.254373 -0.0247186 0.96684 130.377
0.966915 0.0335449 0.253081 70.1652 -0.0383515 0.999178 0.0140844 -2.65079 -0.252392 -0.0233261 0.967393 131.183
0.96706 0.0423701 0.251198 70.3608 -0.0442524 0.99903 0.00185486 -2.64799 -0.250868 -0.0129104 0.967985 131.986
0.967223 0.0426884 0.250518 70.561 -0.042565 0.99909 -0.00590964 -2.64897 -0.250534 -0.00494929 0.968145 132.784
0.968352 0.0400742 0.246556 70.7769 -0.0393732 0.999206 -0.00776666 -2.69376 -0.246663 -0.00218761 0.969149 133.609
0.969239 0.0373112 0.243488 70.9786 -0.0364291 0.999316 -0.00812385 -2.71096 -0.243616 -0.000998113 0.969921 134.424
0.970147 0.0375422 0.239807 71.1665 -0.0368297 0.999305 -0.00744561 -2.73243 -0.239913 -0.00160955 0.970844 135.225
0.971511 0.0406135 0.233707 71.3514 -0.0394857 0.999189 -0.00950243 -2.72921 -0.233895 1.68643e-06 0.972312 136.042
0.972131 0.0438025 0.230531 71.5256 -0.0423845 0.999051 -0.0110928 -2.74776 -0.23079 0.00101178 0.973055 136.834
0.97266 0.0479164 0.227466 71.6935 -0.0467825 0.998866 -0.0103734 -2.76081 -0.227696 -0.000553545 0.973783 137.643
0.973276 0.0486008 0.224667 71.8789 -0.0477939 0.998828 -0.00902083 -2.78328 -0.224835 -0.00195894 0.974447 138.443
0.973571 0.0466488 0.223801 72.0545 -0.0465441 0.998915 -0.0057417 -2.79665 -0.223817 -0.00482859 0.974671 139.235
0.974207 0.045657 0.221221 72.231 -0.0454908 0.998959 -0.00583785 -2.81198 -0.22125 -0.00437722 0.975259 140.023
0.97487 0.0446156 0.218501 72.4013 -0.0440524 0.999016 -0.0074474 -2.81457 -0.218609 -0.00236718 0.975861 140.806
0.976037 0.0432387 0.213507 72.569 -0.0418505 0.999075 -0.0110086 -2.81081 -0.213778 0.0018083 0.976932 141.59
0.977628 0.0412267 0.206513 72.7409 -0.0398142 0.999162 -0.0109897 -2.83358 -0.206784 0.00251961 0.978435 142.378
0.979122 0.0394319 0.19967 72.9055 -0.0388037 0.999234 -0.00704898 -2.8446 -0.199788 -0.000847162 0.97989 143.18
0.980389 0.0360891 0.194007 73.0556 -0.0367936 0.999338 3.06013e-05 -2.85152 -0.193869 -0.00717017 0.981052 143.96
0.981416 0.0336896 0.189187 73.2086 -0.0360052 0.999325 0.00882706 -2.86965 -0.188755 -0.0154757 0.981954 144.773
0.982056 0.0354489 0.185508 73.3398 -0.037913 0.999249 0.00975493 -2.86837 -0.185014 -0.0166149 0.982647 145.566
0.983026 0.0373444 0.179918 73.4784 -0.0391665 0.999223 0.00659789 -2.89404 -0.179524 -0.0135337 0.983713 146.363
0.984145 0.0364722 0.173876 73.6124 -0.0367185 0.999339 -0.00179738 -2.91801 -0.173818 -0.00461759 0.984818 147.181
0.985392 0.0332928 0.167334 73.7462 -0.0326688 0.999458 -0.00646807 -2.92953 -0.167452 0.000905697 0.985933 147.968
0.986693 0.0320012 0.159745 73.8829 -0.0313679 0.999502 -0.00648301 -2.938 -0.159865 0.00138377 0.987189 148.787
0.987718 0.0377683 0.151965 73.9909 -0.0374795 0.999299 -0.00475001 -2.93581 -0.152031 -0.00100515 0.988428 149.603
0.988625 0.0431385 0.144454 74.0908 -0.0427464 0.999085 -0.00581211 -2.94055 -0.144564 -0.00043088 0.989547 150.415
0.989935 0.0466892 0.133999 74.2 -0.0459603 0.99892 -0.00850968 -2.95358 -0.134245 0.00226419 0.990999 151.243
0.991202 0.0451282 0.124858 74.3101 -0.0443111 0.99899 -0.00930664 -2.97012 -0.125145 0.00369016 0.992184 152.067
0.992105 0.0450395 0.117508 74.3941 -0.044533 0.998997 -0.00691182 -2.98183 -0.117695 0.00162316 0.993102 152.89
0.993022 0.04694 0.108677 74.4866 -0.0469954 0.998909 -0.00204278 -2.98228 -0.108647 -0.00308071 0.994128 153.743
0.993695 0.0495587 0.101112 74.5499 -0.0501087 0.998754 0.0029341 -2.99643 -0.100834 -0.00798301 0.994926 154.568
0.994512 0.0493622 0.0928213 74.6245 -0.0502083 0.998731 0.00681435 -3.00508 -0.09236 -0.0114392 0.995713 155.4
0.995145 0.04935 0.0858078 74.7008 -0.050174 0.998726 0.00750487 -3.01605 -0.0853219 -0.0117745 0.996339 156.259
0.995493 0.0483011 0.0822742 74.7559 -0.0490154 0.998791 0.00669693 -3.0185 -0.0818443 -0.0107014 0.996641 157.06
0.995708 0.0519773 0.077292 74.8019 -0.0524244 0.998632 0.00380454 -2.99432 -0.0769824 -0.00784104 0.997057 157.899
0.995718 0.0573768 0.0732225 74.8392 -0.0574681 0.998363 -0.000841099 -2.99168 -0.073144 -0.00337234 0.997369 158.697
0.995919 0.0581368 0.0698395 74.8818 -0.0581389 0.998321 -0.00195824 -3.00433 -0.0698302 -0.00211108 0.997612 159.526
0.996223 0.0588147 0.0647196 74.9303 -0.059196 0.998254 0.00401188 -3.01707 -0.0643639 -0.00782973 0.99795 160.361
0.99624 0.0597513 0.0636251 74.9741 -0.0606702 0.998093 0.0126599 -3.01317 -0.0627415 -0.016473 0.997949 161.192
0.996532 0.0595496 0.0590476 75.0125 -0.0608052 0.997971 0.019727 -3.02803 -0.0577463 -0.0232506 0.998115 162.029
0.997069 0.0549096 0.0543391 75.0532 -0.0559043 0.998306 0.0170156 -3.03117 -0.053307 -0.0200041 0.998434 162.876
0.997792 0.045538 0.0494868 75.0988 -0.0461182 0.998896 0.0106645 -3.03439 -0.04894 -0.0129252 0.998774 163.687
0.99816 0.0461317 0.0407845 75.1363 -0.046417 0.998918 0.00614145 -3.03341 -0.0404514 -0.00802415 0.999205 164.547
0.998326 0.0481745 0.0337158 75.1529 -0.0484253 0.998822 0.00668684 -3.01751 -0.0333478 -0.00831034 0.999467 165.37
0.998744 0.0443102 0.0256945 75.1671 -0.0445919 0.998964 0.0106016 -3.03785 -0.0251927 -0.0117348 0.99967 166.192
0.99911 0.0397819 0.017603 75.1833 -0.0400355 0.999113 0.0143364 -3.04366 -0.0170111 -0.0150304 0.999801 167.036
0.999374 0.0353852 0.0106171 75.1956 -0.0355523 0.999251 0.0162142 -3.04923 -0.0100303 -0.0165823 0.999868 167.895
0.999547 0.0314874 0.00528254 75.2014 -0.0315696 0.999386 0.0163596 -3.03998 -0.0047586 -0.0165209 0.99991 168.725
0.999612 0.0297361 -0.00267654 75.2013 -0.0297022 0.999511 0.0112225 -3.0433 0.00301381 -0.0111396 0.99999 169.578
0.999713 0.0242423 -0.0100133 75.2104 -0.0242021 0.999717 0.00412147 -3.02106 0.0101155 -0.00388022 0.999999 170.403
0.999708 0.0196214 -0.0176819 75.2146 -0.0195808 0.999821 0.00236419 -3.02803 0.0177297 -0.00201832 0.999897 171.25
0.999537 0.0215392 -0.0240715 75.1914 -0.0213347 0.999752 0.0087272 -3.01122 0.0242584 -0.00821198 0.999731 172.099
0.999181 0.0309004 -0.028257 75.1496 -0.0303801 0.999382 0.0185886 -2.97848 0.0288182 -0.0177157 0.999484 172.947
0.998872 0.0353701 -0.0335209 75.1095 -0.0344618 0.999052 0.0272926 -2.97475 0.0344591 -0.0261086 0.999126 173.799
0.998753 0.0353224 -0.0369126 75.0702 -0.034396 0.999102 0.0253829 -2.95721 0.0377801 -0.0240822 0.999053 174.648
0.998651 0.0370335 -0.0380182 75.0368 -0.0363745 0.999197 0.0178744 -2.96772 0.0386541 -0.0164697 0.999178 175.505
0.998074 0.0474682 -0.0414002 74.9826 -0.0471289 0.998864 0.00907337 -2.95092 0.0417879 -0.00710569 0.999159 176.34
0.99804 0.0469327 -0.0428271 74.94 -0.0466985 0.998907 0.00643734 -2.9419 0.0430867 -0.00442722 0.999124 177.199
0.998157 0.0417525 -0.0453703 74.9071 -0.0412847 0.999102 0.0111517 -2.9463 0.0457991 -0.00925898 0.998966 178.05
0.998144 0.0419176 -0.0455225 74.8726 -0.0412242 0.999039 0.0160571 -2.92822 0.0461561 -0.014153 0.998897 178.904
0.998131 0.0442815 -0.0435394 74.8174 -0.0433491 0.998833 0.022079 -2.92917 0.0444702 -0.020151 0.998867 179.773
0.997975 0.0450388 -0.0462354 74.7694 -0.0440305 0.998793 0.0225902 -2.92491 0.0472011 -0.020511 0.99874 180.618
0.998046 0.0415715 -0.0479606 74.7271 -0.0409683 0.999089 0.013446 -2.90565 0.0484795 -0.0114556 0.998819 181.463
0.998113 0.0377122 -0.0496979 74.6973 -0.0374183 0.999295 0.00683043 -2.90998 0.0499246 -0.00496052 0.998806 182.3
0.998204 0.0309625 -0.0524794 74.6683 -0.0308061 0.999539 0.00374636 -2.91973 0.0525748 -0.00212394 0.998677 183.141
0.998138 0.0318549 -0.053185 74.6229 -0.0314887 0.999493 0.00771587 -2.92279 0.053408 -0.00602928 0.998621 184
0.99789 0.0353801 -0.0555665 74.5547 -0.0345892 0.999309 0.0150917 -2.92222 0.0560656 -0.0131388 0.998403 184.888
0.99782 0.0352663 -0.0568749 74.5018 -0.0343114 0.999273 0.0176827 -2.92733 0.0574615 -0.0156949 0.998291 185.73
0.997832 0.0347067 -0.0570146 74.45 -0.0337815 0.999303 0.017075 -2.91705 0.0575711 -0.0151126 0.99829 186.565
0.997843 0.0333654 -0.0576245 74.3963 -0.032707 0.999408 0.0123359 -2.92059 0.058006 -0.0104269 0.998331 187.4
0.997878 0.0318298 -0.0579096 74.3443 -0.0311591 0.999458 0.0124141 -2.89732 0.0582772 -0.0105838 0.998309 188.243
0.997844 0.0337968 -0.0573629 74.2855 -0.0330617 0.999378 0.0137194 -2.89679 0.057795 -0.0117956 0.998329 189.078
0.997627 0.0384513 -0.0582067 74.2239 -0.0375083 0.99917 0.0171681 -2.88274 0.0588222 -0.0149445 0.998221 189.913
0.997425 0.042831 -0.0586145 74.1696 -0.0417576 0.998959 0.0194154 -2.87072 0.0593892 -0.0169199 0.998161 190.738
0.997393 0.0437477 -0.0584753 74.1062 -0.0426729 0.99892 0.0194629 -2.86618 0.0592673 -0.0169172 0.998164 191.549
0.997224 0.0452115 -0.0602384 74.0553 -0.0441608 0.998871 0.0186583 -2.86569 0.061018 -0.0159485 0.998079 192.35
0.996944 0.0489916 -0.0618912 74.0037 -0.0481042 0.99874 0.0157047 -2.84091 0.0625863 -0.0126797 0.998024 193.131
