1 0 0 0 0 1 0 0 0 0 1 0
0.999992 0.00396635 0.000319129 -0.0118077 -0.00396669 0.999992 0.00100486 -0.0255082 -0.000315251 -0.00100611 1 0.79542
0.999984 0.00574431 0.000626469 -0.0143171 -0.00574527 0.999983 0.00160679 -0.0302787 -0.000617216 -0.00161029 0.999999 1.5597
0.999982 0.00587022 0.0013145 -0.0206274 -0.00587288 0.999981 0.00200237 -0.0413892 -0.00130296 -0.00201002 0.999998 2.3069
0.999967 0.00799485 0.00154241 -0.0218353 -0.00799756 0.999967 0.0017836 -0.0496559 -0.00152811 -0.0017958 0.999998 3.04721
0.999966 0.00812186 0.00137508 -0.0306853 -0.00812419 0.999966 0.00169724 -0.0605866 -0.00136149 -0.00170832 0.999999 3.77232
0.999965 0.00808071 0.00225527 -0.0304252 -0.00808658 0.999964 0.00261717 -0.0726174 -0.00223407 -0.0026352 0.999995 4.47336
0.999961 0.00852909 0.00237952 -0.0291616 -0.00853979 0.999954 0.00452084 -0.074956 -0.0023411 -0.00454091 0.999988 5.17671
0.999961 0.00807133 0.00398142 -0.0389658 -0.00810364 0.999935 0.00815146 -0.0780791 -0.00391536 -0.00818323 0.999961 5.8418
0.999957 0.00794808 0.00497015 -0.0359846 -0.00800324 0.999906 0.0111735 -0.0862949 -0.00488112 -0.0112127 0.999927 6.49869
0.999956 0.00724417 0.00622047 -0.0234984 -0.00732334 0.999892 0.0127905 -0.0929014 -0.00612718 -0.0128353 0.999901 7.13081
0.999941 0.00750563 0.00807755 -0.0246887 -0.00760693 0.999892 0.0125824 -0.0996769 -0.00798249 -0.0126431 0.99989 7.72175
0.999928 0.00846894 0.00863764 -0.0286295 -0.00856511 0.999902 0.0111516 -0.109466 -0.00854238 -0.0112246 0.999903 8.28557
0.999922 0.00795143 0.00986948 -0.0221108 -0.00803541 0.999932 0.00849895 -0.113312 -0.00980148 -0.00857746 0.999917 8.81924
0.999915 0.0071894 0.0110542 -0.0176084 -0.00727576 0.999944 0.00778524 -0.116865 -0.0109977 -0.00786482 0.999911 9.32359
0.999909 0.00393486 0.0130667 -0.0025429 -0.00401388 0.999975 0.00602646 -0.122352 -0.0130429 -0.00607821 0.999899 9.80476
0.999885 0.00218203 0.0151781 0.000840008 -0.00226789 0.999982 0.00563326 -0.139246 -0.0151657 -0.0056669 0.999871 10.2572
0.999834 0.0060728 0.0173217 -0.00192364 -0.00613735 0.999975 0.00367689 -0.131299 -0.0172993 -0.00378251 0.999846 10.6747
0.999756 0.00906818 0.0202607 -0.000304532 -0.00913264 0.999954 0.00308252 -0.141003 -0.020232 -0.00326666 0.999793 11.0695
0.999677 0.0100876 0.0234266 0.00104011 -0.0101686 0.999944 0.0033411 -0.140647 -0.0233919 -0.00357821 0.999723 11.4285
0.999624 0.00631609 0.0267954 0.0269764 -0.00642825 0.999972 0.00409594 -0.150043 -0.0267688 -0.00426651 0.999635 11.7618
0.999562 0.00206631 0.0296338 0.0366316 -0.00219647 0.999989 0.00436046 -0.158018 -0.0296247 -0.00442368 0.999554 12.0624
0.999488 -0.000651505 0.032081 0.0531596 0.000481594 0.999987 0.00529795 -0.16856 -0.0320841 -0.00527967 0.999474 12.3272
0.999423 -0.0016234 0.0340143 0.0686406 0.0014272 0.999984 0.0057907 -0.173317 -0.0340234 -0.00573893 0.999408 12.5689
0.999337 -0.000617406 0.036493 0.0802613 0.000422428 0.999987 0.00534498 -0.180535 -0.0364959 -0.00532592 0.999323 12.7785
0.999246 0.000373681 0.0389138 0.08501 -0.000565598 0.999989 0.00491949 -0.183027 -0.0389118 -0.00493797 0.999234 12.9618
0.999148 0.00184127 0.0413183 0.0877782 -0.00201878 0.99999 0.0042499 -0.187095 -0.0413101 -0.00432959 0.99914 13.1437
0.999053 0.00425078 0.0433795 0.0930273 -0.00440342 0.999986 0.00342281 -0.196242 -0.0433646 -0.00361078 0.999057 13.3128
0.999016 0.00489952 0.0441609 0.0958275 -0.00501153 0.999986 0.00242154 -0.19992 -0.0441484 -0.00264036 0.999025 13.4736
0.998922 0.00441273 0.0462964 0.100678 -0.00447094 0.999991 0.00115325 -0.203265 -0.0462912 -0.00135918 0.998931 13.6318
0.998862 0.00341209 0.0476342 0.112963 -0.00343156 0.999995 0.000323161 -0.203075 -0.0476329 -0.000486125 0.998868 13.7786
0.998785 0.00239395 0.0493025 0.120855 -0.0023556 0.999999 -0.000837144 -0.209139 -0.0493047 0.000719783 0.998788 13.9208
0.998719 0.00269776 0.0505929 0.127557 -0.00261467 0.999997 -0.0017122 -0.206795 -0.0505974 0.0015778 0.998722 14.0546
0.998651 0.00385416 0.0518567 0.133221 -0.00368269 0.999989 -0.00340304 -0.210964 -0.0518695 0.00320727 0.998653 14.1855
0.998596 0.00456174 0.0528503 0.13747 -0.00429906 0.999979 -0.0050865 -0.211914 -0.0528724 0.00485221 0.998593 14.315
0.998552 0.00351101 0.0537548 0.146456 -0.00314253 0.999973 -0.00693911 -0.213455 -0.053778 0.00675992 0.998534 14.444
0.998567 0.0024067 0.0535324 0.156754 -0.0019686 0.999966 -0.00823858 -0.217379 -0.0535504 0.00812145 0.998536 14.5741
0.998656 0.00247695 0.0518374 0.160292 -0.00202126 0.999961 -0.00884306 -0.222408 -0.0518574 0.00872618 0.998621 14.7056
0.998811 0.00207768 0.0487885 0.156879 -0.00160794 0.999953 -0.00966928 -0.222287 -0.0488063 0.00957938 0.998766 14.832
0.99899 0.00293462 0.0449212 0.162341 -0.00245887 0.999942 -0.0106437 -0.224828 -0.04495 0.0105223 0.998938 14.9643
0.999226 0.00301846 0.0393252 0.159745 -0.00257242 0.999933 -0.0113929 -0.226059 -0.039357 0.011283 0.999166 15.0949
0.999459 0.00264483 0.0329026 0.160047 -0.00226403 0.999932 -0.0116072 -0.226107 -0.0329313 0.0115262 0.999396 15.2249
0.99967 0.00252153 0.025732 0.15468 -0.00221204 0.999926 -0.012056 -0.230278 -0.0257606 0.0119952 0.999601 15.3652
0.999845 0.00244477 0.0177146 0.14684 -0.00221948 0.999919 -0.0127292 -0.228018 -0.0177445 0.0126877 0.999767 15.499
0.999971 0.00219136 0.00791929 0.14334 -0.00208112 0.999902 -0.0139315 -0.225806 -0.00794914 0.0139147 0.999876 15.6465
0.999993 0.000823135 -0.00478814 0.13378 -0.00089556 0.999887 -0.0151343 -0.230746 0.00477489 0.0151382 0.999879 15.797
0.99979 -0.000208688 -0.020711 0.124509 -0.000133443 0.999865 -0.0165052 -0.235257 0.0207115 0.0165046 0.999654 15.9535
0.999209 8.53804e-05 -0.0398864 0.0935049 -0.000761968 0.999859 -0.0169478 -0.237705 0.039879 0.0169645 0.999065 16.1373
0.998126 0.000904645 -0.0612552 0.0653051 -0.00190964 0.999866 -0.0163463 -0.248243 0.0612319 0.0164327 0.997993 16.3294
0.996403 0.000877238 -0.0847951 0.0273543 -0.00223698 0.999873 -0.0159415 -0.257625 0.0847699 0.0160736 0.996276 16.5375
0.993796 0.00185137 -0.111248 -0.0141495 -0.00359668 0.999875 -0.0154878 -0.266735 0.111205 0.0157919 0.993678 16.7855
0.989996 0.00206249 -0.141116 -0.0749947 -0.00415959 0.999887 -0.0145673 -0.265054 0.14107 0.0150083 0.989891 17.0191
0.98467 0.00170523 -0.174454 -0.136761 -0.0038331 0.999924 -0.0118592 -0.275582 0.17442 0.0123461 0.9846 17.2903
0.977513 0.00236555 -0.210883 -0.213921 -0.00434225 0.999953 -0.00891085 -0.280281 0.210851 0.00962595 0.977476 17.5584
0.968132 0.00297792 -0.250447 -0.31083 -0.00437538 0.999979 -0.00502177 -0.281727 0.250426 0.00595761 0.968124 17.8239
0.956536 0.00644785 -0.291558 -0.431788 -0.00710389 0.999977 -0.0011916 -0.282268 0.291543 0.00321079 0.956557 18.1198
0.942793 0.0095893 -0.333257 -0.567039 -0.00962356 0.999954 0.00154922 -0.289832 0.333256 0.00174657 0.942842 18.4137
0.926556 0.0114567 -0.375993 -0.713983 -0.0101073 0.999936 0.00556123 -0.297993 0.376032 -0.00135274 0.926611 18.6967
0.907843 0.0140088 -0.419091 -0.897415 -0.0101651 0.999885 0.0114042 -0.301208 0.419201 -0.00609312 0.907881 19.0067
0.886373 0.0165375 -0.462687 -1.09541 -0.0102719 0.999821 0.0160578 -0.303367 0.462869 -0.00948073 0.886382 19.3054
0.862166 0.0201275 -0.506238 -1.3013 -0.0121194 0.999746 0.0191095 -0.304435 0.506493 -0.0103403 0.86219 19.5931
0.835007 0.0234543 -0.549748 -1.54377 -0.0136399 0.999669 0.0219319 -0.301359 0.550079 -0.010815 0.835049 19.9094
0.80476 0.0262268 -0.593032 -1.79452 -0.0161082 0.999623 0.0223499 -0.299061 0.593393 -0.00843367 0.804878 20.1884
0.771842 0.0285987 -0.635179 -2.08829 -0.0171387 0.999564 0.0241787 -0.295837 0.635592 -0.00777615 0.771993 20.49
0.735533 0.031196 -0.67678 -2.39605 -0.0181719 0.99949 0.0263226 -0.285099 0.677255 -0.00706289 0.735725 20.779
0.697318 0.0312957 -0.716086 -2.70571 -0.0162312 0.999482 0.0278753 -0.283354 0.716587 -0.0078151 0.697462 21.0536
0.656949 0.0313985 -0.753291 -3.07156 -0.0148143 0.999479 0.0287412 -0.279246 0.7538 -0.00772214 0.657071 21.3385
0.614934 0.0303242 -0.788002 -3.45368 -0.0109053 0.999495 0.0299525 -0.265127 0.788511 -0.00982545 0.614952 21.613
0.570993 0.0302052 -0.820409 -3.8434 -0.00711429 0.999469 0.0318471 -0.255171 0.820934 -0.012348 0.570904 21.8644
0.524556 0.0307669 -0.850827 -4.29284 -0.00628199 0.999462 0.0322685 -0.235233 0.851361 -0.0115819 0.524465 22.1179
0.475482 0.0297358 -0.879232 -4.74326 -0.00526094 0.999509 0.0309593 -0.212173 0.879719 -0.0100952 0.475405 22.3187
0.423819 0.0289763 -0.90529 -5.23822 -0.00196646 0.999518 0.0310716 -0.206841 0.905753 -0.0113886 0.423671 22.5349
0.370397 0.0276983 -0.92847 -5.75109 0.00241478 0.999526 0.0307821 -0.185442 0.92888 -0.0136438 0.370153 22.7247
0.317278 0.0276152 -0.947937 -6.28317 0.0033773 0.99954 0.0302487 -0.187141 0.948335 -0.0127988 0.317037 22.879
0.26365 0.030887 -0.964134 -6.86625 0.00363131 0.999451 0.0330123 -0.148919 0.964621 -0.012205 0.263393 23.0132
0.212638 0.0354758 -0.976493 -7.45267 0.00529222 0.999287 0.0374561 -0.130791 0.977124 -0.0131324 0.212298 23.118
0.165324 0.0368131 -0.985563 -8.03245 0.00709003 0.999236 0.038514 -0.129017 0.986223 -0.0133553 0.164936 23.1942
0.120636 0.0375833 -0.991991 -8.67221 0.00895847 0.999204 0.0389457 -0.113621 0.992664 -0.013585 0.120202 23.2676
0.0808751 0.0361359 -0.99608 -9.31906 0.00917677 0.999276 0.0369977 -0.0813371 0.996692 -0.0121334 0.0804846 23.2931
0.0448304 0.0329006 -0.998459 -9.98987 0.00497423 0.999441 0.033156 -0.0754527 0.99899 -0.00645301 0.0446413 23.307
0.0167147 0.031874 -0.999363 -10.671 0.00420452 0.999483 0.0319487 -0.0630035 0.999862 -0.00473637 0.0165717 23.2832
-0.00498218 0.0353619 -0.999368 -11.4066 0.00313102 0.999374 0.0353461 -0.0327308 0.999991 -0.00295297 -0.00508988 23.2654
-0.0181216 0.0400479 -0.999045 -12.1547 0.00388328 0.999195 0.0399841 -0.00949826 0.999839 -0.00315552 -0.0182628 23.2408
-0.0258642 0.0423363 -0.998775 -12.9154 0.00504723 0.999099 0.042219 0.0178119 0.999661 -0.00394913 -0.0260546 23.2126
-0.0301779 0.0405595 -0.998733 -13.6766 0.00501315 0.999173 0.0404265 0.0435085 0.999543 -0.00378729 -0.0303565 23.1916
-0.0294548 0.0367543 -0.998897 -14.4568 0.0107021 0.999281 0.0364525 0.0836567 0.999517 -0.00961665 -0.0298271 23.1669
-0.0257625 0.0360322 -0.99903 -15.2605 0.0225695 0.999119 0.035454 0.0845119 0.999425 -0.0216345 -0.0265531 23.1642
-0.0197285 0.0354636 -0.999184 -16.0905 0.0245436 0.999091 0.0349754 0.119676 0.999513 -0.0238337 -0.0205809 23.1534
-0.0150835 0.0333999 -0.99934 -16.9538 0.0218632 0.999217 0.0330664 0.153544 0.999659 -0.0213504 -0.0158021 23.1302
-0.0117595 0.0293478 -0.999508 -17.8376 0.0254778 0.999258 0.0290404 0.164365 0.999616 -0.0251239 -0.0124985 23.1285
-0.0100656 0.0192834 -0.999776 -18.7085 0.0233827 0.999548 0.0190441 0.173843 0.999688 -0.0231862 -0.0105121 23.1166
-0.00937738 0.0107862 -0.999907 -19.605 0.0160721 0.99982 0.0106343 0.207427 0.999838 -0.015971 -0.00954896 23.091
-0.00974181 0.0087171 -0.999928 -20.5153 0.0132545 0.99988 0.00858821 0.238024 0.999878 -0.0131704 -0.0098561 23.07
-0.014276 0.015006 -0.999794 -21.4572 0.00674764 0.999873 0.0149104 0.258529 0.999887 -0.00653348 -0.0143753 23.0438
-0.0178635 0.0225326 -0.999602 -22.4311 0.00257861 0.999749 0.0224908 0.276631 0.999851 -0.00217648 -0.0179169 23.0127
-0.0234483 0.030542 -0.999267 -23.4657 0.000485077 0.99954 0.0305384 0.312723 0.999736 0.000231288 -0.0234521 22.9799
-0.0259035 0.0382754 -0.998947 -24.5544 -0.000391715 0.999272 0.038299 0.33782 0.999677 0.00138261 -0.0258694 22.9337
-0.0261933 0.0449038 -0.998657 -25.5668 0.00181885 0.998997 0.0448709 0.358993 0.999668 -0.000641208 -0.0262485 22.907
-0.0284059 0.0462564 -0.998538 -26.6558 0.00309876 0.998934 0.0461873 0.397594 0.999605 -0.00178303 -0.0285185 22.8806
-0.0293862 0.0436664 -0.998623 -27.661 0.00210218 0.999052 0.0436227 0.447736 0.999579 -0.000817496 -0.0294499 22.8537
-0.0323803 0.0392684 -0.998716 -28.6923 -0.00246653 0.999227 0.0393691 0.482189 0.999486 0.00373721 -0.0322581 22.8166
-0.0362219 0.0348611 -0.998746 -29.7485 -0.00349371 0.999387 0.0350097 0.505465 0.999351 0.00475733 -0.0360776 22.7786
-0.0416567 0.0315815 -0.998645 -30.8169 -0.00149473 0.999503 0.0316717 0.531741 0.999144 0.00281113 -0.0415884 22.7392
-0.0487337 0.0311354 -0.998336 -31.8715 -0.0020984 0.999515 0.0312738 0.566638 0.998823 0.00361884 -0.0486444 22.6786
-0.0544985 0.0345102 -0.997931 -32.9172 -0.000967134 0.999407 0.0346149 0.598029 0.998527 0.00285058 -0.0544326 22.6214
-0.0616378 0.0369778 -0.997425 -33.9731 -0.00134947 0.999317 0.0371306 0.622965 0.998113 0.0036345 -0.0615452 22.5545
-0.0676755 0.0374104 -0.99702 -35.0333 -0.00056802 0.999301 0.0375354 0.666272 0.997721 0.00310553 -0.0676068 22.4777
-0.0718664 0.0384047 -0.996686 -36.0992 -0.00333813 0.999251 0.0387435 0.686766 0.997424 0.00611127 -0.0716838 22.3898
-0.0758381 0.0398901 -0.996337 -37.1843 -0.00703813 0.999159 0.0405397 0.718708 0.99711 0.0100857 -0.0754933 22.2949
-0.0767633 0.0404631 -0.99624 -38.2507 -0.0106862 0.999093 0.0414016 0.758737 0.997007 0.0138239 -0.0762607 22.2036
-0.0789753 0.04087 -0.996053 -39.3373 -0.0106807 0.999073 0.0418417 0.788697 0.996833 0.0139419 -0.0784654 22.1065
-0.0803464 0.0407382 -0.995946 -40.4118 -0.0109751 0.999075 0.0417507 0.814913 0.996722 0.0142849 -0.0798244 22.0157
-0.0809852 0.0410979 -0.995883 -41.4863 -0.0113678 0.999052 0.042154 0.839566 0.996665 0.0147337 -0.080441 21.9245
-0.081991 0.0411308 -0.995796 -42.5794 -0.0113747 0.999051 0.0422011 0.890397 0.996584 0.0147868 -0.0814449 21.8256
-0.0831132 0.0395138 -0.995771 -43.6591 -0.0152159 0.999053 0.040915 0.926692 0.996439 0.0185511 -0.082433 21.7205
-0.0830447 0.0357649 -0.995917 -44.7434 -0.0199823 0.999103 0.0375448 0.96524 0.996361 0.0230183 -0.082255 21.6157
-0.0827559 0.0355997 -0.995948 -45.8164 -0.0215519 0.99907 0.0375031 1.00997 0.996352 0.0245671 -0.0819115 21.505
-0.0806174 0.0381487 -0.996028 -46.9228 -0.0212019 0.998984 0.0399772 1.0401 0.996536 0.0243403 -0.079726 21.408
-0.0801742 0.0404195 -0.995976 -48.0448 -0.0206955 0.998901 0.0422052 1.0842 0.996581 0.0239949 -0.0792494 21.3194
-0.0779383 0.0414259 -0.996111 -49.1483 -0.0197985 0.998883 0.0430895 1.10347 0.996778 0.0230795 -0.0770305 21.223
-0.0768487 0.0410706 -0.996211 -50.2561 -0.0201627 0.998889 0.0427374 1.15945 0.996854 0.0233696 -0.0759351 21.1388
-0.0727546 0.0418207 -0.996487 -51.3747 -0.0232288 0.998787 0.0436124 1.20908 0.997096 0.0263199 -0.0716944 21.0549
-0.0673016 0.0418665 -0.996868 -52.5059 -0.028569 0.998635 0.0438705 1.25967 0.997339 0.0314311 -0.0660135 20.9656
-0.0624605 0.0417582 -0.997188 -53.6334 -0.0313576 0.998557 0.043779 1.29555 0.997571 0.0340036 -0.0610605 20.8862
-0.0563796 0.0416756 -0.997554 -54.7741 -0.0322205 0.998538 0.0435388 1.33891 0.997905 0.0345953 -0.0549543 20.8063
-0.0514712 0.0418623 -0.997812 -55.9063 -0.032035 0.998545 0.0435451 1.37455 0.998178 0.0342058 -0.050055 20.7376
-0.0461863 0.0420067 -0.998065 -57.0483 -0.030678 0.99859 0.0434497 1.40768 0.998478 0.0326244 -0.0448324 20.6805
-0.0404784 0.0425275 -0.998291 -58.1774 -0.0310551 0.998565 0.043798 1.45644 0.998717 0.0327745 -0.0390994 20.6303
-0.0355973 0.0435336 -0.998433 -59.3203 -0.0294038 0.998579 0.0445895 1.49131 0.998951 0.0309439 -0.0342667 20.587
-0.0301958 0.0439201 -0.998596 -60.462 -0.030438 0.998538 0.0448375 1.54595 0.9991 0.0317486 -0.0288147 20.5441
-0.0251269 0.0440164 -0.99873 -61.6256 -0.0292758 0.998576 0.0447473 1.58264 0.999273 0.0303619 -0.0238025 20.5036
-0.0211361 0.0403611 -0.99898 -62.7665 -0.0291152 0.998744 0.0409673 1.61827 0.999373 0.0299508 -0.0199343 20.4718
-0.0162084 0.035204 -0.999265 -63.9218 -0.0286666 0.998959 0.0356595 1.64274 0.999476 0.0292224 -0.0151823 20.448
-0.0142787 0.0341658 -0.999332 -65.1005 -0.0285314 0.999004 0.0345619 1.68521 0.999511 0.0290052 -0.0132897 20.4309
-0.0116932 0.0361144 -0.999296 -66.2898 -0.0276149 0.998962 0.0364268 1.72278 0.999568 0.0280203 -0.0106838 20.4191
-0.0102375 0.0367511 -0.99929 -67.4839 -0.0279026 0.998933 0.0370234 1.74243 0.999579 0.0282611 -0.0092011 20.4005
-0.0109036 0.0362117 -0.999302 -68.6756 -0.0294646 0.998906 0.0365202 1.78181 0.999524 0.029841 -0.00982475 20.3904
-0.00931681 0.036845 -0.999297 -69.8474 -0.0299651 0.99887 0.0371083 1.81507 0.999529 0.0302891 -0.00820228 20.3707
-0.010045 0.0371332 -0.999277 -71.0466 -0.0298724 0.99886 0.0374193 1.84639 0.999521 0.0302255 -0.00892445 20.3471
-0.00899585 0.0355475 -0.999347 -72.2251 -0.0303438 0.998906 0.0358046 1.88858 0.99952 0.0306455 -0.0079074 20.3107
-0.00808211 0.0348945 -0.999375 -73.4066 -0.0292275 0.998963 0.0351178 1.91234 0.999558 0.0294919 -0.00705399 20.2923
-0.00989609 0.0352111 -0.999351 -74.621 -0.0261379 0.999038 0.0354585 1.94037 0.999631 0.0264712 -0.00896639 20.282
-0.00987627 0.0357159 -0.999331 -75.8004 -0.0251915 0.999043 0.035956 1.9709 0.999651 0.0255285 -0.00896721 20.27
-0.00984103 0.0379226 -0.999253 -76.9977 -0.025191 0.998962 0.0381593 1.9948 0.999656 0.0255471 -0.00887574 20.2597
-0.0112169 0.0391117 -0.999189 -78.223 -0.0269449 0.998867 0.0394031 2.03462 0.999592 0.0273637 -0.0101504 20.2413
-0.0100757 0.0395631 -0.999187 -79.3983 -0.0280273 0.998821 0.0398308 2.06629 0.999578 0.0284052 -0.00895508 20.2159
-0.011435 0.038602 -0.999207 -80.5772 -0.0298476 0.998803 0.0389295 2.09619 0.999507 0.0302678 -0.0102693 20.2008
-0.0114073 0.0368849 -0.999274 -81.7559 -0.0295708 0.998878 0.0372075 2.13813 0.999518 0.0299732 -0.0103038 20.1856
-0.010427 0.0368815 -0.999283 -82.9247 -0.0277586 0.998931 0.0371596 2.16469 0.999578 0.0281248 -0.00939221 20.1704
-0.0116615 0.038675 -0.999204 -84.1003 -0.025178 0.998932 0.0389578 2.17992 0.999636 0.0256117 -0.0106753 20.1558
-0.0112656 0.0407624 -0.999124 -85.265 -0.0246534 0.998861 0.0410312 2.21806 0.99965 0.0250927 -0.0102479 20.1349
-0.0104002 0.0422901 -0.999073 -86.4362 -0.0247488 0.998797 0.0425356 2.25593 0.99966 0.0251677 -0.00934115 20.1141
-0.0108642 0.041634 -0.999093 -87.6315 -0.0251872 0.998812 0.0418978 2.30264 0.999642 0.0256181 -0.00980266 20.1069
-0.0101795 0.0397988 -0.999177 -88.7878 -0.0244652 0.998908 0.0400369 2.33485 0.999669 0.0248522 -0.00919479 20.0872
-0.0115526 0.0385978 -0.999207 -89.9731 -0.0233692 0.998978 0.0388609 2.36804 0.999678 0.0237983 -0.0106389 20.0685
-0.0123858 0.0393827 -0.999169 -91.134 -0.0209938 0.999003 0.0396359 2.39749 0.999724 0.0214668 -0.0115468 20.0593
-0.0126485 0.0415104 -0.999077 -92.3091 -0.0190973 0.998953 0.0417487 2.43523 0.999756 0.0196064 -0.0118426 20.0428
-0.0139524 0.0431084 -0.998994 -93.4898 -0.0178287 0.99891 0.0433533 2.46945 0.999765 0.0184153 -0.0131687 20.0262
-0.0146686 0.045277 -0.998886 -94.6628 -0.0184478 0.998799 0.0455457 2.50017 0.999741 0.0190941 -0.0138158 20.003
-0.0138405 0.0456511 -0.998883 -95.8143 -0.0203504 0.998747 0.0459264 2.53701 0.99972 0.0209629 -0.0128943 19.9793
-0.0142417 0.0460153 -0.998858 -96.9724 -0.0218594 0.998695 0.046321 2.58058 0.999678 0.0224928 -0.0132173 19.958
-0.0133637 0.0434887 -0.998986 -98.1167 -0.0242663 0.998756 0.0438028 2.61462 0.999639 0.0248268 -0.0122919 19.9354
-0.0146127 0.0417128 -0.999043 -99.2745 -0.0256601 0.998793 0.0420793 2.65744 0.999582 0.0262492 -0.0135247 19.9101
-0.0155109 0.040709 -0.999072 -100.429 -0.0252817 0.998846 0.0410918 2.69119 0.999583 0.0258952 -0.0144639 19.8875
-0.0152964 0.041435 -0.999044 -101.581 -0.0243106 0.998839 0.0418003 2.72345 0.999606 0.0249255 -0.0142713 19.8739
-0.0169297 0.0427231 -0.998965 -102.76 -0.0241243 0.998788 0.043124 2.76481 0.999588 0.024829 -0.0158787 19.8542
-0.0161532 0.0446074 -0.998894 -103.94 -0.0236832 0.998716 0.0449841 2.80617 0.999608 0.0243824 -0.015076 19.8318
-0.0181709 0.0443971 -0.99887 -105.112 -0.0278275 0.998614 0.0448915 2.84459 0.999471 0.0286114 -0.0169105 19.7987
-0.0188662 0.0443925 -0.998856 -106.289 -0.0314948 0.998501 0.0449731 2.88647 0.999345 0.032306 -0.0174397 19.7596
-0.0184615 0.0435925 -0.998901 -107.46 -0.0338012 0.998461 0.0441976 2.93005 0.999281 0.0345795 -0.01696 19.7308
-0.0203361 0.0408482 -0.998978 -108.651 -0.0345885 0.998547 0.0415362 2.9533 0.999213 0.0353965 -0.0188936 19.6954
-0.0212326 0.0380218 -0.999073 -109.832 -0.0353436 0.998633 0.0387558 2.99257 0.999172 0.0361332 -0.0198601 19.6648
-0.0213521 0.0366834 -0.999119 -111.028 -0.0328683 0.99877 0.0373746 3.02496 0.99925 0.033636 -0.02012 19.6362
-0.0244346 0.0355325 -0.999091 -112.235 -0.0278406 0.998966 0.0362086 3.05871 0.999336 0.0286997 -0.0234203 19.6135
-0.0247753 0.037139 -0.999023 -113.452 -0.028267 0.998894 0.0378368 3.09191 0.999312 0.0291755 -0.0236979 19.5788
-0.0273838 0.039962 -0.998848 -114.66 -0.0274698 0.998803 0.040713 3.13604 0.99927 0.0285527 -0.0262534 19.5422
-0.0283847 0.0405412 -0.998795 -115.881 -0.0251343 0.998841 0.041259 3.17328 0.9993 0.0262738 -0.0273327 19.5094
-0.0286589 0.037958 -0.99889 -117.121 -0.0264741 0.998909 0.0387178 3.19906 0.999261 0.027554 -0.027623 19.4626
-0.0305784 0.0353088 -0.99893 -118.345 -0.0273125 0.998982 0.0361484 3.24295 0.999179 0.0283873 -0.0295828 19.418
-0.0327104 0.0329921 -0.998942 -119.58 -0.0262977 0.99909 0.0338577 3.26484 0.999142 0.027377 -0.0318132 19.3728
-0.0342744 0.033672 -0.998867 -120.83 -0.0289406 0.998989 0.0346709 3.2905 0.999014 0.0300947 -0.0332651 19.3163
-0.0348913 0.0362367 -0.998756 -122.101 -0.0336678 0.998743 0.037412 3.3314 0.998847 0.034931 -0.0336275 19.2514
-0.0343104 0.0388832 -0.998677 -123.367 -0.0389814 0.99844 0.0402149 3.36969 0.998671 0.0403081 -0.0327409 19.196
-0.0357135 0.0388819 -0.998627 -124.638 -0.0452339 0.998166 0.0404812 3.41313 0.998361 0.0466171 -0.0338895 19.125
-0.0362335 0.0358005 -0.998724 -125.912 -0.0495511 0.998075 0.0375765 3.44881 0.998134 0.0508478 -0.0343896 19.0525
-0.0365877 0.0347092 -0.99875 -127.181 -0.0507899 0.99805 0.0365451 3.49146 0.998062 0.052063 -0.0347537 18.9989
-0.0388913 0.0339915 -0.998688 -128.441 -0.0501144 0.998107 0.0359249 3.53456 0.998006 0.0514442 -0.0371141 18.9396
-0.039459 0.0330285 -0.998697 -129.726 -0.0485856 0.998218 0.0349319 3.53668 0.998062 0.0499001 -0.0377842 18.8788
-0.0414529 0.0342623 -0.998577 -130.98 -0.0485001 0.998175 0.0362635 3.58471 0.997984 0.0499326 -0.0397152 18.83
-0.043055 0.0380247 -0.998372 -132.27 -0.047827 0.998061 0.0400751 3.61607 0.99795 0.049474 -0.0411531 18.7618
-0.0425583 0.0401001 -0.998313 -133.525 -0.0465907 0.998038 0.0420769 3.65724 0.998028 0.0483012 -0.0406062 18.7092
-0.04365 0.039577 -0.998286 -134.774 -0.0470287 0.998036 0.0416232 3.7047 0.997963 0.0487644 -0.0417032 18.6477
-0.0439312 0.0382047 -0.998328 -136.039 -0.0475797 0.998065 0.04029 3.74685 0.997922 0.0492685 -0.042028 18.5861
-0.0426395 0.0374042 -0.998414 -137.321 -0.0469763 0.998129 0.0393995 3.76956 0.998009 0.0485812 -0.0408028 18.5236
-0.0423941 0.0371622 -0.998433 -138.588 -0.0472645 0.998125 0.0391593 3.81222 0.998004 0.048849 -0.0405578 18.4599
-0.040755 0.0382906 -0.99846 -139.839 -0.0474703 0.998073 0.0402133 3.84111 0.998065 0.0490355 -0.038859 18.4009
-0.0412407 0.0406987 -0.998344 -141.111 -0.048182 0.997937 0.0426741 3.87396 0.998009 0.0498605 -0.0391944 18.3346
-0.0400883 0.0415644 -0.998357 -142.37 -0.0494232 0.997839 0.0435274 3.90777 0.997997 0.0510863 -0.0379478 18.2752
-0.0392506 0.0394138 -0.998476 -143.611 -0.0520621 0.997794 0.041435 3.95378 0.997894 0.0536075 -0.0371119 18.2125
-0.0403954 0.0366749 -0.998536 -144.848 -0.0516578 0.997923 0.0387423 3.98016 0.997872 0.0531465 -0.0384173 18.1598
-0.041283 0.0344253 -0.998579 -146.1 -0.0496393 0.998112 0.036463 3.99514 0.997936 0.0510724 -0.039496 18.1083
-0.0410338 0.0336937 -0.998615 -147.347 -0.049115 0.998165 0.0356968 4.01497 0.997974 0.0505112 -0.0393039 18.0541
-0.042537 0.0339731 -0.998543 -148.588 -0.0468484 0.998265 0.035961 4.04632 0.998019 0.0483081 -0.0408714 17.9981
-0.0425504 0.033417 -0.998561 -149.836 -0.0448904 0.998377 0.0353239 4.05778 0.998109 0.0463282 -0.0409814 17.9375
-0.0438643 0.0332938 -0.998508 -151.071 -0.0445911 0.998394 0.0352506 4.10023 0.998065 0.0460691 -0.042309 17.8712
-0.0446924 0.0350535 -0.998411 -152.308 -0.0427294 0.998412 0.0369663 4.10817 0.998111 0.0443131 -0.043124 17.8075
-0.0443705 0.0362317 -0.998383 -153.539 -0.0402823 0.998475 0.0380269 4.13643 0.998226 0.0419029 -0.042843 17.7491
-0.0454182 0.0348888 -0.998385 -154.737 -0.0382521 0.998606 0.0366368 4.16094 0.998259 0.0398538 -0.0440206 17.6914
-0.0469237 0.0345674 -0.998326 -155.974 -0.0393664 0.998572 0.0364278 4.194 0.998147 0.0410083 -0.0454955 17.6292
-0.0464486 0.038434 -0.998208 -157.204 -0.0395832 0.998414 0.040284 4.22172 0.99816 0.0413829 -0.0448539 17.5614
-0.0478022 0.042859 -0.997963 -158.439 -0.0432555 0.998064 0.0449369 4.26067 0.997944 0.0453139 -0.0458553 17.472
-0.046345 0.0426533 -0.998041 -159.659 -0.047966 0.997851 0.0448727 4.29647 0.997798 0.0499509 -0.0441997 17.3965
-0.0471236 0.0386365 -0.998167 -160.853 -0.0504151 0.997897 0.0410078 4.34356 0.997641 0.0522535 -0.0450763 17.3181
-0.0455361 0.0331819 -0.998439 -162.071 -0.0531183 0.997964 0.0355889 4.36123 0.997576 0.0546551 -0.043681 17.2466
-0.0438401 0.0322645 -0.998544 -163.282 -0.0545278 0.997923 0.03464 4.40384 0.997575 0.0559654 -0.0419892 17.182
-0.0452279 0.0302265 -0.998547 -164.465 -0.0499146 0.998236 0.0324781 4.40953 0.997755 0.0513102 -0.0436396 17.1139
-0.0450658 0.0272658 -0.998639 -165.672 -0.0455095 0.998545 0.0293186 4.43436 0.997973 0.0467673 -0.0437589 17.0605
-0.0447837 0.0264077 -0.998675 -166.889 -0.0405664 0.998789 0.02823 4.44374 0.9982 0.0417763 -0.0436584 17.0068
-0.0465918 0.0270507 -0.998576 -168.108 -0.039453 0.998816 0.0288997 4.46764 0.998161 0.040742 -0.0454689 16.9527
-0.0454629 0.0325798 -0.998463 -169.326 -0.0400056 0.998618 0.0344068 4.50284 0.998192 0.0415077 -0.0440969 16.8918
-0.0449296 0.0342728 -0.99843 -170.544 -0.0411556 0.998511 0.0361293 4.53081 0.998169 0.0427129 -0.0434517 16.8237
-0.0432377 0.0358355 -0.998451 -171.753 -0.0418428 0.998425 0.0376471 4.56354 0.998216 0.0434052 -0.0416703 16.7607
-0.0417177 0.0359054 -0.998513 -172.966 -0.042682 0.99839 0.037686 4.60138 0.998245 0.0441895 -0.0401175 16.6985
-0.0415534 0.0370231 -0.99848 -174.171 -0.0418299 0.998384 0.0387608 4.63282 0.998289 0.0433766 -0.0399374 16.6507
-0.0408292 0.0357455 -0.998556 -175.371 -0.0419324 0.99843 0.0374573 4.65623 0.998315 0.0434 -0.0392658 16.5981
-0.0385889 0.0358639 -0.998642 -176.555 -0.042476 0.998405 0.0374972 4.69118 0.998382 0.0438649 -0.0370038 16.547
-0.0375984 0.0369812 -0.998639 -177.701 -0.0432509 0.99833 0.0385998 4.72045 0.998386 0.0446421 -0.0359356 16.4966
-0.0352426 0.0380658 -0.998686 -178.822 -0.043547 0.998279 0.0395876 4.74119 0.998461 0.0448846 -0.0335241 16.452
-0.0356268 0.0387267 -0.998645 -179.913 -0.0441234 0.998226 0.0402862 4.76724 0.99842 0.0454976 -0.0338543 16.4064
-0.0352791 0.0399065 -0.998613 -180.978 -0.044834 0.998145 0.0414722 4.79869 0.998402 0.0462346 -0.0334242 16.3635
-0.0350259 0.0406469 -0.998591 -182.027 -0.0441998 0.998145 0.0421807 4.81948 0.998439 0.0456136 -0.0331637 16.3206
-0.0359589 0.0406117 -0.99856 -183.029 -0.0449278 0.99811 0.0422116 4.85127 0.998374 0.0463807 -0.034066 16.2867
-0.0342876 0.0406428 -0.998617 -183.994 -0.0457708 0.998073 0.0421938 4.86864 0.998394 0.0471528 -0.0323608 16.24
-0.0336172 0.0410173 -0.998625 -184.951 -0.0460255 0.998046 0.0425433 4.90793 0.998406 0.047392 -0.0316634 16.2054
-0.0340635 0.0409878 -0.99861 -185.882 -0.0457711 0.998058 0.0425281 4.93803 0.998402 0.047155 -0.0321209 16.1731
-0.0373428 0.0389025 -0.998577 -186.787 -0.0433233 0.998252 0.0405104 4.94969 0.998394 0.0447742 -0.0355918 16.1365
-0.0433654 0.0367011 -0.998417 -187.688 -0.0427202 0.998355 0.038556 4.98901 0.998177 0.0443234 -0.0417256 16.0976
-0.0494459 0.0344044 -0.998217 -188.61 -0.044947 0.99833 0.0366351 5.00538 0.997796 0.0466781 -0.0478162 16.0521
-0.0525275 0.0343573 -0.998061 -189.519 -0.0454042 0.998305 0.0367569 5.03144 0.997618 0.0472457 -0.0508777 15.9977
-0.0564357 0.0355646 -0.997806 -190.436 -0.0473002 0.998161 0.0382529 5.05362 0.997317 0.0493549 -0.054649 15.9404
-0.0592452 0.0375932 -0.997568 -191.36 -0.0461678 0.998131 0.0403579 5.08356 0.997207 0.0484454 -0.0573979 15.8879
-0.0626322 0.0393109 -0.997295 -192.274 -0.0439593 0.998159 0.042106 5.0842 0.997099 0.0464774 -0.0607878 15.83
-0.0653012 0.0399328 -0.997099 -193.186 -0.0422847 0.998203 0.0427479 5.11965 0.997001 0.0449524 -0.0634943 15.7637
-0.0660607 0.0396405 -0.997061 -194.087 -0.0429296 0.998185 0.0425301 5.13651 0.996924 0.0456128 -0.0642381 15.7065
-0.0678001 0.038932 -0.996972 -194.984 -0.0440075 0.998162 0.0419728 5.16746 0.996759 0.0467189 -0.0659611 15.6286
-0.0682205 0.0385573 -0.996958 -195.874 -0.0475396 0.998005 0.0418514 5.18979 0.996569 0.0502498 -0.0662504 15.5616
-0.0690648 0.0368824 -0.996963 -196.771 -0.0495323 0.99797 0.0403525 5.22124 0.996413 0.0521676 -0.0670967 15.4832
-0.0687694 0.0355446 -0.997033 -197.682 -0.0503008 0.997983 0.0390484 5.24243 0.996396 0.0528365 -0.0668417 15.4262
-0.068459 0.0339246 -0.997111 -198.579 -0.0499909 0.998062 0.0373908 5.27043 0.996432 0.0524049 -0.0666293 15.3565
-0.0692256 0.0337087 -0.997065 -199.498 -0.0494766 0.998096 0.0371792 5.29928 0.996406 0.0519048 -0.0674249 15.2837
-0.0691217 0.0361649 -0.996986 -200.424 -0.0476779 0.998093 0.0395122 5.32185 0.9965 0.050264 -0.0672646 15.214
-0.0695516 0.0368679 -0.996931 -201.355 -0.047049 0.998097 0.040194 5.345 0.996501 0.0496999 -0.0676836 15.1651
-0.0696363 0.0356938 -0.996967 -202.285 -0.0424688 0.99836 0.0387117 5.35665 0.9967 0.0450346 -0.0680052 15.0947
-0.0696667 0.0350598 -0.996988 -203.225 -0.0407539 0.998461 0.0379598 5.37099 0.996771 0.0432755 -0.0681295 15.0357
-0.0705365 0.0339789 -0.996964 -204.179 -0.0450534 0.998304 0.0372138 5.40437 0.996523 0.0475403 -0.068885 14.9369
-0.0694626 0.037217 -0.996924 -205.129 -0.0448412 0.99819 0.0403893 5.44173 0.996609 0.0475085 -0.0676669 14.8678
-0.067191 0.0375559 -0.997067 -206.084 -0.0429474 0.998269 0.040497 5.47183 0.996848 0.0455412 -0.0654607 14.813
-0.0661505 0.0399586 -0.997044 -207.06 -0.0420316 0.998212 0.0427948 5.47784 0.996957 0.044738 -0.0643516 14.738
-0.064388 0.0429521 -0.997034 -208.044 -0.0419661 0.998085 0.0457092 5.52977 0.997075 0.0447835 -0.0624612 14.676
-0.0635328 0.0460115 -0.996954 -209.036 -0.0409264 0.99799 0.0486681 5.56102 0.997174 0.0438934 -0.0615208 14.6132
-0.062672 0.0468663 -0.996968 -210.02 -0.0402511 0.997978 0.0494457 5.58938 0.997255 0.0432267 -0.0606579 14.5498
-0.0602499 0.0470105 -0.997111 -211.034 -0.0425837 0.997873 0.0496202 5.63404 0.997308 0.0454499 -0.0581188 14.4913
-0.0580153 0.0480731 -0.997193 -212.057 -0.0436533 0.997776 0.0506425 5.68819 0.997394 0.0464674 -0.0557867 14.4137
-0.0542558 0.0490807 -0.997355 -213.074 -0.0443487 0.9977 0.0515108 5.73114 0.997575 0.0470259 -0.0519531 14.3489
-0.0526379 0.046919 -0.997546 -214.099 -0.0471271 0.997679 0.0494137 5.77943 0.997534 0.049611 -0.0503036 14.2795
-0.0501704 0.0449118 -0.997765 -215.133 -0.0475424 0.997762 0.0473028 5.8181 0.997643 0.049809 -0.0479218 14.2228
-0.0472169 0.0443089 -0.997937 -216.165 -0.0463222 0.997857 0.0464988 5.85802 0.997843 0.0484208 -0.0450624 14.178
-0.0461142 0.0463502 -0.997896 -217.219 -0.0463296 0.997762 0.0484854 5.89531 0.997896 0.0484675 -0.0438626 14.1231
-0.0430875 0.0491655 -0.997896 -218.272 -0.0468538 0.997603 0.0511758 5.941 0.998005 0.0489588 -0.0406798 14.0744
-0.0422558 0.0497321 -0.997904 -219.333 -0.0471157 0.997563 0.0517108 5.97816 0.99803 0.0492016 -0.0398087 14.0233
-0.041716 0.0478206 -0.998019 -220.409 -0.0462712 0.997703 0.0497411 6.02296 0.998091 0.0482532 -0.0394065 13.9786
-0.0407547 0.0461897 -0.998137 -221.491 -0.0434279 0.997918 0.0479532 6.07298 0.99826 0.045301 -0.0386629 13.9418
-0.0415707 0.0454657 -0.998135 -222.568 -0.0410806 0.998055 0.0471745 6.10336 0.998324 0.0429638 -0.0396211 13.89
-0.0405099 0.0449072 -0.998205 -223.655 -0.042238 0.998033 0.046614 6.15427 0.998321 0.0440503 -0.0385324 13.839
-0.0410355 0.045368 -0.998162 -224.753 -0.0418646 0.998026 0.0470844 6.1808 0.998314 0.0437184 -0.0390542 13.7951
-0.0412885 0.045388 -0.998151 -225.841 -0.0435766 0.997949 0.0471817 6.22239 0.998231 0.0454439 -0.0392248 13.7375
-0.0409192 0.0469544 -0.998094 -226.955 -0.0432405 0.99789 0.048719 6.26586 0.998261 0.0451502 -0.0388016 13.6832
-0.043153 0.048609 -0.997921 -228.08 -0.0432762 0.997801 0.0504747 6.31513 0.998166 0.0453641 -0.0409535 13.6309
-0.0440899 0.0500738 -0.997808 -229.211 -0.0443202 0.997676 0.0520269 6.35315 0.998079 0.0465155 -0.0417673 13.5808
-0.0439451 0.0509025 -0.997773 -230.357 -0.045932 0.997555 0.0529146 6.40817 0.998012 0.0481547 -0.0414986 13.5252
-0.0467787 0.0498146 -0.997699 -231.504 -0.0469252 0.997558 0.0520093 6.46529 0.997837 0.0492486 -0.0443261 13.4566
-0.0477093 0.0470654 -0.997788 -232.657 -0.0459205 0.997743 0.0492591 6.50543 0.997841 0.0481688 -0.0454393 13.3993
-0.0523831 0.0437168 -0.997706 -233.8 -0.0434854 0.998008 0.0460147 6.53969 0.997715 0.0457946 -0.0503769 13.3447
-0.0544217 0.0405202 -0.997731 -234.961 -0.0390458 0.998339 0.0426749 6.58057 0.99779 0.0412795 -0.0527478 13.283
-0.0555204 0.0411484 -0.997646 -236.145 -0.0335462 0.998524 0.043053 6.62034 0.99793 0.0358562 -0.054057 13.2222
-0.0596976 0.0442248 -0.997273 -237.318 -0.0289215 0.998535 0.0460122 6.65107 0.997833 0.0315895 -0.0583298 13.1542
-0.0620654 0.0465316 -0.997024 -238.512 -0.0268809 0.998487 0.0482748 6.69613 0.997746 0.0297958 -0.0607195 13.0691
-0.0630139 0.046764 -0.996953 -239.722 -0.0264641 0.998485 0.0485087 6.73614 0.997698 0.0294402 -0.0616795 12.9941
-0.0674176 0.047266 -0.996642 -240.938 -0.0267172 0.998448 0.0491606 6.79776 0.997404 0.0299405 -0.066049 12.899
-0.0695212 0.0489044 -0.996418 -242.147 -0.0259694 0.998384 0.0508129 6.84175 0.997279 0.0294091 -0.0681373 12.8054
-0.0706575 0.0490692 -0.99633 -243.372 -0.0255887 0.998386 0.0509868 6.88651 0.997209 0.0290962 -0.0692866 12.7211
-0.0750858 0.0471829 -0.996097 -244.607 -0.0261939 0.998456 0.0492691 6.9449 0.99687 0.0297913 -0.0737322 12.62
-0.0764121 0.0467474 -0.996018 -245.853 -0.0271977 0.998445 0.0489496 6.99746 0.996742 0.0308284 -0.0750206 12.5289
-0.0801888 0.0474445 -0.995688 -247.105 -0.0268372 0.998416 0.0497359 7.05363 0.996456 0.0307099 -0.0787866 12.4167
-0.0832117 0.0476757 -0.995429 -248.366 -0.0286412 0.998342 0.0502111 7.08843 0.996157 0.0326871 -0.0817068 12.3067
-0.0842741 0.0487921 -0.995286 -249.608 -0.0300681 0.998235 0.0514826 7.13418 0.996026 0.0342652 -0.0826563 12.1951
-0.0877442 0.0501962 -0.994916 -250.867 -0.0310942 0.998119 0.0531018 7.18785 0.995695 0.0355941 -0.0860169 12.0729
-0.0896636 0.0505222 -0.994729 -252.128 -0.0334455 0.998011 0.0537036 7.2225 0.995449 0.0380846 -0.0877936 11.9535
-0.0907659 0.0507321 -0.994618 -253.396 -0.0356142 0.997912 0.0541518 7.28551 0.995273 0.0403363 -0.0887681 11.8238
-0.0939997 0.0504898 -0.99433 -254.67 -0.0361087 0.997898 0.0540845 7.34358 0.994955 0.040988 -0.0919771 11.6807
-0.0931188 0.050045 -0.994436 -255.921 -0.0355344 0.997947 0.0535508 7.3877 0.995059 0.0403218 -0.0911479 11.5609
-0.0939369 0.0491108 -0.994406 -257.179 -0.0341801 0.99805 0.0525196 7.43513 0.99503 0.0389224 -0.0920732 11.4403
-0.0943031 0.0493421 -0.99436 -258.434 -0.0318044 0.998126 0.052547 7.48768 0.995073 0.0365789 -0.0925557 11.3108
-0.0934347 0.0496974 -0.994424 -259.678 -0.0314654 0.998121 0.0528387 7.54225 0.995167 0.0362269 -0.0916936 11.1947
-0.0940223 0.049945 -0.994357 -260.933 -0.0310734 0.998121 0.053074 7.60051 0.995123 0.0358866 -0.0922924 11.0729
-0.0928595 0.0504138 -0.994443 -262.177 -0.0301302 0.998132 0.0534144 7.65181 0.995262 0.0349228 -0.0911653 10.9623
-0.0941403 0.0513788 -0.994273 -263.449 -0.0277516 0.998158 0.0542089 7.7204 0.99521 0.0326944 -0.0925397 10.8383
-0.0941172 0.0533167 -0.994174 -264.69 -0.0239956 0.998168 0.0558027 7.76355 0.995312 0.0291079 -0.0926636 10.7188
-0.0932581 0.0562162 -0.994095 -265.922 -0.0204894 0.9981 0.0583666 7.815 0.99547 0.0258102 -0.0919277 10.5972
-0.093894 0.0576632 -0.993953 -267.167 -0.0192342 0.998045 0.0597178 7.86648 0.995436 0.0247252 -0.0925995 10.4805
-0.0941331 0.0568709 -0.993976 -268.404 -0.0193185 0.998089 0.0589375 7.92817 0.995411 0.0247488 -0.0928532 10.3721
-0.0937923 0.0552513 -0.9941 -269.632 -0.0212996 0.998134 0.0574853 7.99005 0.995404 0.0265657 -0.0924387 10.2428
-0.0952972 0.0570696 -0.993854 -270.875 -0.0255499 0.997901 0.0597537 8.05192 0.99516 0.0310857 -0.0936376 10.1024
-0.0947524 0.0611202 -0.993665 -272.116 -0.030441 0.997484 0.064258 8.11581 0.995075 0.0363366 -0.0926517 9.97312
-0.0957552 0.060826 -0.993587 -273.356 -0.0334211 0.997387 0.0642814 8.17303 0.994882 0.0393605 -0.0934708 9.83109
-0.0964531 0.0548121 -0.99387 -274.595 -0.034597 0.99771 0.0583817 8.22124 0.994776 0.0400158 -0.0943341 9.72198
-0.0964549 0.0497045 -0.994138 -275.808 -0.0312264 0.998125 0.0529353 8.26745 0.994887 0.0361477 -0.0947204 9.59959
-0.0979367 0.0485643 -0.99405 -277.055 -0.0270758 0.998325 0.051441 8.32037 0.994865 0.0319526 -0.0964558 9.46747
-0.0969725 0.049694 -0.994089 -278.283 -0.023329 0.99838 0.0521861 8.36085 0.995054 0.0282503 -0.0956547 9.35001
-0.0954391 0.0516393 -0.994138 -279.516 -0.0226579 0.998298 0.0540308 8.41128 0.995218 0.0276818 -0.0941048 9.23364
-0.0952983 0.0532594 -0.994066 -280.749 -0.0230567 0.998197 0.055693 8.46441 0.995221 0.0282259 -0.093897 9.11327
-0.0934234 0.0542945 -0.994189 -281.971 -0.0237645 0.998122 0.0567427 8.5168 0.995384 0.0289274 -0.0919559 8.99007
-0.0937433 0.0549861 -0.99412 -283.195 -0.0239799 0.998075 0.057468 8.57702 0.995347 0.0292247 -0.092243 8.8668
-0.0930098 0.0552108 -0.994177 -284.417 -0.023838 0.998068 0.0576574 8.63121 0.995421 0.0290618 -0.0915121 8.74622
-0.0919048 0.0542389 -0.994333 -285.63 -0.0241544 0.998115 0.0566797 8.70238 0.995515 0.0292252 -0.0904202 8.63498
-0.0925658 0.0534418 -0.994316 -286.858 -0.0245169 0.998149 0.0559306 8.74936 0.995446 0.0295547 -0.0910826 8.51274
-0.0927159 0.0533477 -0.994306 -288.079 -0.025303 0.99813 0.0559142 8.79963 0.995411 0.0303415 -0.0911913 8.3923
-0.0918383 0.0530802 -0.994403 -289.306 -0.0254066 0.998144 0.0556267 8.86159 0.995491 0.030373 -0.0903176 8.27102
-0.0922004 0.0536468 -0.994337 -290.527 -0.0259067 0.998095 0.0562537 8.92641 0.995444 0.0309451 -0.0906336 8.15953
-0.0922168 0.0540943 -0.994313 -291.764 -0.0248634 0.998103 0.0566068 8.99624 0.99547 0.029942 -0.0906951 8.03238
-0.092938 0.0537682 -0.994263 -292.985 -0.0251239 0.998111 0.0563268 9.0535 0.995396 0.0302133 -0.0914102 7.9143
-0.0923031 0.0529881 -0.994365 -294.201 -0.0256223 0.998142 0.0555683 9.11392 0.995443 0.0306069 -0.0907723 7.79396
-0.0932134 0.0519192 -0.994336 -295.419 -0.0263226 0.998177 0.0545895 9.17348 0.99534 0.0312604 -0.0916754 7.6738
-0.0934143 0.0502731 -0.994402 -296.638 -0.0276362 0.998224 0.0530629 9.22591 0.995286 0.0324382 -0.0918573 7.56566
-0.0938284 0.0502268 -0.994365 -297.855 -0.0298283 0.998152 0.0532348 9.28384 0.995184 0.0346535 -0.0921553 7.44184
-0.0935845 0.0511912 -0.994339 -299.043 -0.0311694 0.998053 0.0543165 9.34687 0.995166 0.0360759 -0.0918049 7.3231
-0.094636 0.0514152 -0.994228 -300.276 -0.0333808 0.997956 0.0547873 9.39182 0.994996 0.0383713 -0.0927247 7.19194
-0.0940974 0.0517036 -0.994265 -301.489 -0.0337295 0.997927 0.0550868 9.44784 0.995034 0.0387193 -0.0921566 7.06239
-0.095389 0.0500163 -0.994228 -302.719 -0.0326405 0.998059 0.0533425 9.48643 0.994949 0.0375387 -0.0935697 6.93727
-0.0960722 0.0503114 -0.994147 -303.939 -0.0322519 0.998055 0.0536264 9.54349 0.994895 0.0372149 -0.0942608 6.81906
-0.0968469 0.0501316 -0.994082 -305.175 -0.0288797 0.998185 0.0531541 9.59447 0.994925 0.033855 -0.0952217 6.70124
-0.0987125 0.0513278 -0.993836 -306.41 -0.0267843 0.998185 0.0542132 9.65038 0.994799 0.0319706 -0.0971566 6.58365
-0.099722 0.052008 -0.993701 -307.65 -0.0262504 0.998165 0.054878 9.69461 0.994713 0.031556 -0.098172 6.45282
-0.100405 0.0503899 -0.993715 -308.898 -0.0280619 0.998191 0.0534528 9.73207 0.994595 0.0332522 -0.0988069 6.31936
-0.102009 0.0490448 -0.99362 -310.149 -0.0299324 0.998197 0.0523457 9.77531 0.994378 0.0350796 -0.100355 6.18529
