1 0 0 0 0 1 0 0 0 0 1 0
0.999937 -0.00160427 0.0110505 0.0118092 0.00159584 0.999999 0.000770475 -0.00025119 -0.0110518 -0.000752702 0.999939 0.305679
0.999855 -0.00429362 0.0164811 0.0223962 0.00427198 0.99999 0.00134921 -0.00512963 -0.0164867 -0.00127862 0.999863 0.604037
0.999819 -0.00529442 0.0182554 0.0427883 0.00529545 0.999987 -7.91356e-06 0.00438324 -0.018255 0.000104565 0.999833 0.913552
0.999851 -0.00676875 0.0158545 0.0501066 0.00679352 0.999976 -0.00150627 -0.00196262 -0.015844 0.00161376 0.999873 1.22591
0.999924 -0.00894566 0.00841502 0.0523859 0.0089662 0.999958 -0.00241099 0.00411308 -0.00839305 0.00248625 0.999962 1.54927
0.999948 -0.0096599 -0.00342519 0.0542962 0.00964617 0.999946 -0.00401653 0.00847617 0.00346375 0.00398328 0.999986 1.87983
0.999758 -0.00887653 -0.0201157 0.0416572 0.00878861 0.999952 -0.00445271 0.00591089 0.0201543 0.00427482 0.999788 2.21352
0.99918 -0.00598745 -0.0400584 0.0141339 0.00581489 0.999974 -0.00442058 0.0062215 0.0400838 0.0041839 0.999188 2.58039
0.998167 -0.00283296 -0.0604451 -0.0180852 0.00248192 0.999981 -0.00588058 0.00238325 0.0604604 0.00571976 0.998155 2.91924
0.996739 -0.00240869 -0.0806625 -0.054801 0.0019291 0.999981 -0.006022 -0.000964527 0.0806754 0.00584666 0.996724 3.27573
0.99471 -0.00349119 -0.102657 -0.107617 0.00298162 0.999984 -0.00511554 -0.0218674 0.102673 0.00478238 0.994705 3.6604
0.992414 -0.00357695 -0.122894 -0.154431 0.00302339 0.999985 -0.00468947 -0.0176225 0.122909 0.00428216 0.992409 4.04861
0.990004 -0.00247994 -0.141017 -0.220289 0.00182957 0.999988 -0.00473982 -0.00702753 0.141027 0.00443452 0.989997 4.44363
0.987488 -0.000857138 -0.157702 -0.280474 0.000254969 0.999994 -0.00383803 -0.00525209 0.157704 0.0037496 0.98748 4.86837
0.985166 -0.000664885 -0.171602 -0.363259 -1.6941e-05 0.999993 -0.00397045 -0.0113 0.171604 0.00391453 0.98516 5.28279
0.982699 -0.00163699 -0.18521 -0.455492 0.000813367 0.99999 -0.00452212 -0.0105956 0.185215 0.0042931 0.982689 5.72146
0.9807 -0.00381197 -0.195486 -0.5436 0.00264955 0.999978 -0.00620603 -0.0168123 0.195505 0.00556843 0.980688 6.16964
0.979022 -0.00307107 -0.203739 -0.640136 0.00140569 0.999965 -0.0083175 -0.0232467 0.203758 0.00785646 0.97899 6.62262
0.977197 -0.00294629 -0.212316 -0.747639 0.000905588 0.999953 -0.00970682 -0.019643 0.212335 0.00929332 0.977155 7.0996
0.975425 -0.00361224 -0.220311 -0.86148 0.000898671 0.999923 -0.0124152 -0.0271813 0.220339 0.011912 0.975352 7.56853
0.973361 -0.00748317 -0.22916 -0.978761 0.00432581 0.99989 -0.0142756 -0.0334202 0.229241 0.0129042 0.973286 8.0834
0.971333 -0.0121391 -0.237423 -1.09782 0.00879702 0.999848 -0.0151302 -0.046338 0.237571 0.0126077 0.971289 8.59451
0.969159 -0.0133029 -0.246084 -1.23191 0.00950111 0.999818 -0.0166285 -0.0660839 0.24626 0.0137777 0.969108 9.11173
0.96675 -0.010103 -0.255532 -1.39174 0.00491932 0.99977 -0.0209162 -0.0598271 0.255684 0.0189635 0.966576 9.64236
0.964415 -0.00782085 -0.264282 -1.55383 0.00154662 0.999713 -0.0239388 -0.0708043 0.264394 0.0226783 0.964151 10.1809
0.961832 -0.010631 -0.273443 -1.72994 0.00361308 0.999653 -0.0261544 -0.0987226 0.273626 0.024168 0.961535 10.7505
0.959297 -0.0119472 -0.282151 -1.896 0.00446192 0.999622 -0.0271561 -0.124009 0.282369 0.024792 0.958988 11.3067
0.9567 -0.0124997 -0.290816 -2.09241 0.00387341 0.999538 -0.0302181 -0.14312 0.291059 0.027783 0.956304 11.8872
0.953861 -0.0128995 -0.299976 -2.27849 0.00306893 0.999444 -0.0332184 -0.162337 0.300238 0.0307652 0.953371 12.4761
0.951411 -0.0142363 -0.307603 -2.4867 0.00290473 0.999303 -0.0372635 -0.190474 0.307918 0.0345592 0.950787 13.0625
0.94925 -0.0147819 -0.31418 -2.69855 0.00109032 0.999045 -0.043709 -0.209295 0.314525 0.0411483 0.948359 13.6734
0.947892 -0.0155968 -0.318218 -2.92957 -0.000351613 0.998751 -0.0499976 -0.231883 0.3186 0.0475039 0.946701 14.2902
0.946629 -0.0164219 -0.321909 -3.15436 -0.00245005 0.998308 -0.0581318 -0.268161 0.322317 0.0558181 0.944988 14.9166
0.944517 -0.0169522 -0.328034 -3.38255 -0.00514127 0.997784 -0.0663654 -0.298784 0.328432 0.0643693 0.942335 15.5606
0.943038 -0.0161784 -0.332292 -3.62995 -0.00837479 0.997348 -0.0723248 -0.346482 0.33258 0.0709881 0.940403 16.2058
0.940946 -0.0148766 -0.338239 -3.8744 -0.0123885 0.996854 -0.0783054 -0.398191 0.338339 0.0778709 0.937801 16.8613
0.939163 -0.0138931 -0.343192 -4.13304 -0.0157238 0.996397 -0.083364 -0.4579 0.343113 0.0836889 0.935562 17.5315
0.937427 -0.0115222 -0.348 -4.40114 -0.0204883 0.995897 -0.0881618 -0.510382 0.347587 0.0897746 0.933344 18.201
0.935318 -0.00907349 -0.353694 -4.67737 -0.0248081 0.995531 -0.091141 -0.573491 0.352939 0.0940205 0.930914 18.9015
0.9332 -0.00864955 -0.359265 -4.95409 -0.0263652 0.995371 -0.0924459 -0.643777 0.358401 0.0957419 0.92865 19.588
0.930308 -0.00770339 -0.3667 -5.23789 -0.0279683 0.995381 -0.0918645 -0.717302 0.365713 0.0957185 0.925796 20.3111
0.927351 -0.00770092 -0.374124 -5.52866 -0.0282451 0.995499 -0.0905009 -0.791288 0.373136 0.0944926 0.922957 21.0313
0.924418 -0.00766321 -0.381307 -5.82194 -0.0284011 0.995641 -0.0888632 -0.864909 0.380325 0.0929765 0.920171 21.7454
0.92098 -0.00752897 -0.389548 -6.12978 -0.0282982 0.995884 -0.0861492 -0.932436 0.388592 0.0903646 0.916974 22.4551
0.916138 -0.0054816 -0.400828 -6.48079 -0.0298964 0.99619 -0.0819554 -1.0058 0.399749 0.0870658 0.912484 23.251
0.912639 -0.00194935 -0.408775 -6.82306 -0.0325876 0.996462 -0.0775062 -1.07195 0.407479 0.0840553 0.909344 23.9687
0.908478 0.00026405 -0.417938 -7.16912 -0.0343047 0.996675 -0.073939 -1.14261 0.416528 0.0815093 0.905466 24.7115
0.904057 0.00207611 -0.427421 -7.53772 -0.036463 0.996721 -0.0722819 -1.19142 0.425868 0.080931 0.901165 25.4512
0.899326 0.00127763 -0.437282 -7.91818 -0.0361116 0.9968 -0.0713562 -1.27372 0.43579 0.0799636 0.896494 26.2239
0.895034 0.000982711 -0.446008 -8.2937 -0.0360341 0.996892 -0.0701143 -1.33049 0.444551 0.0788254 0.892285 26.9695
0.890173 -0.000122735 -0.455628 -8.70676 -0.034819 0.997061 -0.0682958 -1.40459 0.454295 0.0766599 0.887551 27.744
0.885443 -0.000801098 -0.464759 -9.12557 -0.0338196 0.99724 -0.0661498 -1.46888 0.463528 0.0742891 0.882969 28.5341
0.880722 -0.000930966 -0.473638 -9.54631 -0.0325118 0.997524 -0.0624162 -1.52807 0.472521 0.0703704 0.878511 29.3037
0.876014 0.00021801 -0.482298 -9.99651 -0.0322819 0.997788 -0.0581828 -1.59477 0.481217 0.0665376 0.874081 30.1112
0.871808 0.000594204 -0.489853 -10.4389 -0.0313007 0.998027 -0.0544967 -1.64703 0.488852 0.0628435 0.870105 30.8877
0.866998 6.90014e-05 -0.498325 -10.9174 -0.030257 0.998166 -0.0525027 -1.70516 0.497405 0.0605968 0.865407 31.7003
0.862521 -2.5195e-05 -0.506027 -11.4021 -0.0297103 0.998276 -0.0506913 -1.76982 0.505154 0.0587567 0.861032 32.5197
0.858837 -0.00108293 -0.51226 -11.8879 -0.0281551 0.99839 -0.0493137 -1.82135 0.511487 0.0567744 0.857422 33.3081
0.854548 -0.00171724 -0.519376 -12.402 -0.0270744 0.998492 -0.0478485 -1.87614 0.518672 0.0549508 0.853211 34.1492
0.850823 -0.00426011 -0.525448 -12.9215 -0.0244578 0.998566 -0.0476979 -1.93537 0.524896 0.0534331 0.849497 34.9923
0.84861 -0.00477142 -0.529003 -13.4405 -0.0241128 0.998576 -0.0476885 -1.98568 0.528475 0.0532248 0.847285 35.8118
0.845797 -0.00423335 -0.533501 -13.9937 -0.024824 0.998577 -0.0472784 -2.02551 0.532941 0.0532307 0.844486 36.676
0.845429 -0.00421142 -0.534077 -14.532 -0.02444 0.998622 -0.0465632 -2.079 0.533534 0.0524189 0.844159 37.5131
0.844322 -0.00450466 -0.535831 -15.0938 -0.0235172 0.998694 -0.045452 -2.13977 0.535334 0.0509765 0.843111 38.3964
0.843317 -0.00544055 -0.537395 -15.6583 -0.022099 0.998757 -0.0447913 -2.18901 0.536967 0.0496492 0.842147 39.2849
0.842487 -0.00812076 -0.538667 -16.2087 -0.0194619 0.99878 -0.0454958 -2.24941 0.538378 0.0488124 0.841298 40.156
0.840969 -0.00963137 -0.541003 -16.7958 -0.0178509 0.998809 -0.045531 -2.29905 0.540794 0.0479476 0.839794 41.0632
0.839543 -0.0104787 -0.543204 -17.3674 -0.0162086 0.998891 -0.0443199 -2.35255 0.543063 0.0460125 0.838439 41.9432
0.836908 -0.00888232 -0.547279 -17.956 -0.0159788 0.999051 -0.0406505 -2.40304 0.547118 0.0427656 0.83597 42.8515
0.833325 -0.009144 -0.55272 -18.5457 -0.0135049 0.999234 -0.0368919 -2.46106 0.552631 0.0382068 0.832559 43.7394
0.828833 -0.0105459 -0.559404 -19.1328 -0.0119173 0.999268 -0.0364964 -2.52023 0.559376 0.036916 0.828099 44.6116
0.822687 -0.0135315 -0.568346 -19.7459 -0.00953814 0.999254 -0.0375975 -2.58487 0.568427 0.0363512 0.82194 45.5081
0.81639 -0.0160868 -0.577286 -20.3446 -0.00850462 0.999174 -0.0398712 -2.63667 0.577448 0.0374599 0.815576 46.3511
0.808993 -0.0159569 -0.587614 -20.9883 -0.00899705 0.999184 -0.0395203 -2.68241 0.587762 0.0372575 0.808186 47.2361
0.801919 -0.0145255 -0.597265 -21.6355 -0.00891701 0.999308 -0.0362763 -2.73682 0.597375 0.0344164 0.801231 48.1058
0.796448 -0.0106849 -0.604625 -22.2788 -0.0116604 0.999392 -0.0330216 -2.77948 0.604608 0.0333491 0.795836 48.9371
0.790964 -0.0108616 -0.611775 -22.9445 -0.0121376 0.999373 -0.0334365 -2.83244 0.611752 0.0338725 0.790332 49.7867
0.786521 -0.0116728 -0.617466 -23.6035 -0.0144044 0.999207 -0.0372384 -2.86688 0.61741 0.038182 0.785726 50.618
0.783173 -0.0141288 -0.621652 -24.2507 -0.0156363 0.998985 -0.0424042 -2.92808 0.621617 0.0429301 0.782153 51.4253
0.778919 -0.0154445 -0.626948 -24.939 -0.0157377 0.998905 -0.0441607 -2.98525 0.626941 0.0442632 0.77782 52.2784
0.775147 -0.0142235 -0.63163 -25.6073 -0.0148458 0.999067 -0.0407176 -3.03959 0.631617 0.0409391 0.774209 53.0898
0.770348 -0.0122433 -0.637519 -26.3055 -0.0150885 0.999191 -0.0374221 -3.09871 0.637458 0.0384464 0.769537 53.9398
0.766403 -0.0109482 -0.642277 -26.9975 -0.015451 0.999258 -0.0354715 -3.15369 0.642185 0.0371094 0.765661 54.7507
0.763065 -0.0101281 -0.646256 -27.6845 -0.01667 0.999241 -0.0353437 -3.19807 0.646121 0.0377418 0.762314 55.5497
0.758023 -0.0119394 -0.652129 -28.3958 -0.0164579 0.999171 -0.0374246 -3.24747 0.652031 0.0391014 0.757193 56.3649
0.752533 -0.0131028 -0.658437 -29.1281 -0.0164211 0.999123 -0.0386508 -3.30317 0.658364 0.0398973 0.751655 57.1885
0.748114 -0.014045 -0.663432 -29.834 -0.0156763 0.99913 -0.0388305 -3.35204 0.663396 0.0394501 0.747239 57.9762
0.741315 -0.0147386 -0.671008 -30.5959 -0.0156174 0.999115 -0.0392 -3.39224 0.67099 0.039538 0.740425 58.7967
0.73618 -0.0146336 -0.67664 -31.3227 -0.015554 0.999143 -0.0385323 -3.4394 0.676619 0.0388915 0.735318 59.5762
0.728957 -0.0163303 -0.684378 -32.0805 -0.0149782 0.999102 -0.0397948 -3.50528 0.68441 0.0392585 0.728055 60.3868
0.722839 -0.0170852 -0.690817 -32.8333 -0.0144873 0.999107 -0.0398699 -3.55507 0.690877 0.0388279 0.721942 61.1715
0.716466 -0.0181067 -0.6974 -33.5848 -0.0140011 0.999095 -0.0403245 -3.60123 0.697496 0.0386548 0.715561 61.9352
0.709133 -0.0194274 -0.70482 -34.3674 -0.013471 0.999071 -0.0410929 -3.65395 0.70496 0.0386352 0.708209 62.721
0.702131 -0.020906 -0.711755 -35.1421 -0.0122168 0.999075 -0.0413979 -3.70644 0.711958 0.0377613 0.701222 63.4758
0.692615 -0.0211856 -0.721009 -35.9542 -0.0121534 0.999091 -0.041033 -3.7619 0.721218 0.0371829 0.691725 64.2684
0.68568 -0.021375 -0.727603 -36.7643 -0.0112321 0.999146 -0.0399382 -3.81387 0.727833 0.0355565 0.68485 65.0269
0.67883 -0.0216151 -0.733989 -37.5667 -0.0106519 0.999178 -0.0392776 -3.86516 0.734231 0.0344815 0.678039 65.7685
0.671427 -0.0225618 -0.740742 -38.4046 -0.0100262 0.999175 -0.0395224 -3.92046 0.741019 0.0339625 0.670642 66.5285
0.663235 -0.0240427 -0.748038 -39.2461 -0.0104553 0.999095 -0.0413837 -3.97314 0.748351 0.0352683 0.66238 67.2612
0.654864 -0.0238661 -0.755383 -40.0832 -0.0112351 0.99909 -0.041307 -4.02104 0.755679 0.0355366 0.653996 67.9872
0.64757 -0.0236702 -0.761651 -40.9689 -0.0119743 0.999084 -0.0412316 -4.09767 0.761925 0.0358208 0.646691 68.7452
0.641869 -0.0239172 -0.766455 -41.8276 -0.0122546 0.999072 -0.0414398 -4.14904 0.766733 0.0359909 0.640976 69.4711
0.635293 -0.0245903 -0.771892 -42.7275 -0.0126944 0.999032 -0.0422761 -4.20994 0.772179 0.0366565 0.634364 70.1987
0.628931 -0.026441 -0.777025 -43.6148 -0.0123903 0.99896 -0.0440231 -4.2713 0.777379 0.0373144 0.627945 70.9172
0.623567 -0.0281496 -0.781276 -44.5011 -0.0125298 0.99887 -0.0459922 -4.33044 0.781683 0.0384685 0.622507 71.6097
0.616815 -0.0294879 -0.78657 -45.42 -0.0126417 0.998805 -0.0473591 -4.38371 0.787023 0.0391548 0.6157 72.3266
0.610974 -0.0289381 -0.791135 -46.3302 -0.0132832 0.998823 -0.0467953 -4.44673 0.791553 0.0390994 0.609867 73.0427
0.604765 -0.0295606 -0.79587 -47.2698 -0.0123213 0.99885 -0.0464637 -4.50248 0.796326 0.0379052 0.603701 73.7462
0.59701 -0.0303581 -0.801672 -48.2145 -0.0122423 0.99883 -0.0469431 -4.56755 0.802154 0.0378399 0.595937 74.4443
0.592623 -0.0312018 -0.80489 -49.1522 -0.0113915 0.998831 -0.0471087 -4.62655 0.805416 0.0370861 0.591571 75.1301
0.58648 -0.031194 -0.809375 -50.1177 -0.0116081 0.998839 -0.0469096 -4.69121 0.809894 0.0369068 0.585434 75.8223
0.581061 -0.0338907 -0.813168 -51.0878 -0.00940727 0.998793 -0.0483504 -4.75928 0.813823 0.0357437 0.580036 76.5
0.577273 -0.0356836 -0.815784 -52.0465 -0.00773906 0.998768 -0.0491662 -4.82084 0.816528 0.0346958 0.576283 77.1629
0.571555 -0.0390912 -0.819647 -53.048 -0.00510231 0.998683 -0.0511893 -4.89283 0.820566 0.033439 0.570598 77.8539
0.565862 -0.0428664 -0.823398 -54.0298 -0.000812163 0.998625 -0.0525491 -4.96074 0.824514 0.0304043 0.565046 78.5308
0.559341 -0.0454605 -0.827705 -55.0108 0.00341079 0.99862 -0.0525444 -5.02875 0.82895 0.0265663 0.558719 79.2047
0.549557 -0.048413 -0.834066 -56.0276 0.00766306 0.998577 -0.0529152 -5.10171 0.835435 0.0226884 0.549143 79.8785
0.539684 -0.0488772 -0.840462 -57.0316 0.00895573 0.998598 -0.0523242 -5.17827 0.841839 0.0207109 0.539359 80.5402
0.528822 -0.0496843 -0.847291 -58.0907 0.0105392 0.9986 -0.0519812 -5.23866 0.848682 0.018559 0.528602 81.1784
0.518817 -0.0493825 -0.853473 -59.1347 0.0101933 0.998625 -0.0515861 -5.31692 0.854844 0.0180634 0.518602 81.8092
0.507699 -0.0503262 -0.860077 -60.1976 0.00977843 0.998573 -0.05266 -5.38972 0.861493 0.0183252 0.507463 82.4259
0.49572 -0.0527715 -0.866893 -61.2763 0.0103292 0.998448 -0.0548745 -5.46857 0.868441 0.0182474 0.49549 83.0395
0.484005 -0.0549336 -0.873353 -62.3601 0.0106884 0.998332 -0.0568732 -5.52982 0.875014 0.0181922 0.483781 83.6504
0.474119 -0.0556095 -0.878718 -63.4292 0.0130333 0.998345 -0.0561491 -5.61387 0.880384 0.0151682 0.474054 84.2319
0.461991 -0.0556384 -0.885151 -64.5457 0.0135417 0.998364 -0.0556888 -5.68757 0.886796 0.0137414 0.461986 84.8079
0.450439 -0.0567295 -0.891017 -65.6424 0.0132388 0.998302 -0.0568687 -5.76609 0.892729 0.0138193 0.450419 85.3603
0.439829 -0.0569703 -0.896286 -66.7557 0.0140382 0.998308 -0.0565682 -5.83687 0.897986 0.0122983 0.439882 85.8994
0.426876 -0.0573545 -0.902504 -67.9046 0.0122912 0.998271 -0.0576282 -5.91167 0.904246 0.0135068 0.426838 86.439
0.417184 -0.0581562 -0.906974 -69.0199 0.0116931 0.998219 -0.0586304 -5.99388 0.908762 0.0138545 0.417119 86.9517
0.405956 -0.0578959 -0.912072 -70.1929 0.0104588 0.998228 -0.0587112 -6.07174 0.913852 0.0142942 0.405838 87.4624
0.396318 -0.0569596 -0.91636 -71.3563 0.00971331 0.998286 -0.0578533 -6.15824 0.918077 0.0140276 0.396189 87.9697
0.388822 -0.0556206 -0.919648 -72.505 0.0105364 0.998388 -0.0559292 -6.24387 0.921273 0.0120561 0.388776 88.4588
0.378377 -0.0569099 -0.923915 -73.7315 0.0118136 0.998332 -0.0566578 -6.32063 0.925592 0.0105235 0.378415 88.9465
0.370263 -0.0584156 -0.927105 -74.9095 0.012466 0.998252 -0.0579211 -6.40333 0.928864 0.00988804 0.370339 89.4117
0.362894 -0.0606897 -0.929867 -76.0717 0.0136933 0.998124 -0.0598028 -6.49014 0.931746 0.0089696 0.363041 89.8732
0.355488 -0.0623488 -0.932616 -77.2682 0.0143162 0.998028 -0.0612662 -6.57211 0.934592 0.00842706 0.355675 90.3342
0.349954 -0.065585 -0.934483 -78.4545 0.0169698 0.997834 -0.0636782 -6.66642 0.93663 0.00642709 0.350305 90.7657
0.34415 -0.0662617 -0.93659 -79.6505 0.0187107 0.997801 -0.0637183 -6.74987 0.938749 0.00440351 0.344629 91.2034
0.339441 -0.0643663 -0.938439 -80.8421 0.0219628 0.997935 -0.0605051 -6.84016 0.940388 -7.22761e-05 0.340149 91.6369
0.336317 -0.0623361 -0.939701 -82.0327 0.0251493 0.998055 -0.0572075 -6.93193 0.941435 -0.00439378 0.337226 92.0601
0.332786 -0.0618681 -0.940987 -83.2312 0.0279955 0.998063 -0.0557219 -7.02991 0.942604 -0.00779944 0.33387 92.4742
0.32955 -0.0616593 -0.942141 -84.4117 0.0292295 0.998063 -0.0550965 -7.11085 0.943708 -0.00938204 0.330709 92.8864
0.32837 -0.0614119 -0.942567 -85.5962 0.0302101 0.998066 -0.0545053 -7.19242 0.944084 -0.0105767 0.329586 93.3036
0.325641 -0.0607347 -0.943559 -86.7845 0.0319587 0.998082 -0.053216 -7.25293 0.944976 -0.0128263 0.326952 93.6989
0.325973 -0.0600702 -0.943485 -87.9489 0.0332269 0.9981 -0.0520695 -7.34355 0.944813 -0.0143753 0.327346 94.0903
0.322883 -0.0608393 -0.944499 -89.0895 0.036083 0.998008 -0.0519521 -7.41617 0.945773 -0.0173065 0.324431 94.4741
0.320271 -0.0601359 -0.945433 -90.2469 0.039053 0.997983 -0.0502507 -7.49805 0.94654 -0.0208276 0.321969 94.8688
0.320277 -0.0587629 -0.945518 -91.3964 0.0406844 0.998017 -0.048246 -7.56663 0.946473 -0.0230162 0.322028 95.2624
0.318566 -0.05843 -0.946116 -92.5471 0.0396359 0.998057 -0.0482937 -7.65206 0.947091 -0.0221148 0.320258 95.642
0.317501 -0.0597489 -0.946392 -93.6737 0.0411425 0.997952 -0.0492029 -7.71579 0.947388 -0.0233154 0.319304 96.0273
0.317991 -0.0606284 -0.946171 -94.7767 0.041704 0.997893 -0.0499283 -7.78917 0.947195 -0.0235817 0.319845 96.3978
0.317678 -0.0610441 -0.94625 -95.8711 0.0411404 0.997883 -0.0505649 -7.85536 0.947329 -0.0228661 0.319512 96.762
0.321043 -0.0612094 -0.945103 -96.9526 0.0398229 0.99791 -0.0511036 -7.92837 0.946247 -0.0212297 0.322805 97.1265
0.324442 -0.0609168 -0.94396 -98.0318 0.0385569 0.997957 -0.0511508 -7.99754 0.945143 -0.0198011 0.326123 97.4872
0.330002 -0.0611046 -0.94202 -99.0922 0.0380629 0.997963 -0.0514012 -8.06487 0.943234 -0.0188929 0.331651 97.8518
0.337759 -0.0607478 -0.939289 -100.152 0.0378149 0.997996 -0.0509484 -8.13539 0.940497 -0.0183111 0.339374 98.2289
0.344138 -0.0593587 -0.93706 -101.206 0.0363464 0.998105 -0.0498791 -8.20886 0.938237 -0.016893 0.345639 98.6029
0.352471 -0.0583049 -0.934023 -102.247 0.0347957 0.998195 -0.0491814 -8.26927 0.935199 -0.0151651 0.353858 98.9853
0.362828 -0.0570021 -0.930131 -103.284 0.033697 0.998288 -0.0480362 -8.32956 0.931269 -0.0139134 0.364123 99.3835
0.372058 -0.0565504 -0.926504 -104.301 0.0324962 0.998335 -0.0478867 -8.37837 0.927664 -0.0122913 0.373271 99.7871
0.382802 -0.057116 -0.922083 -105.321 0.0323494 0.998315 -0.0484098 -8.44084 0.923286 -0.0112971 0.384 100.202
0.392586 -0.0596302 -0.917799 -106.317 0.0325551 0.998183 -0.050929 -8.49704 0.919163 -0.00988523 0.393808 100.624
0.405117 -0.0597841 -0.912328 -107.336 0.0317776 0.998188 -0.0513015 -8.56311 0.913735 -0.00820819 0.406278 101.056
0.418993 -0.0588317 -0.906101 -108.336 0.0309758 0.998255 -0.050493 -8.61375 0.907486 -0.00691125 0.420078 101.506
0.431203 -0.0567336 -0.900491 -109.312 0.0296302 0.998384 -0.0487144 -8.68111 0.901791 -0.0056758 0.432182 101.962
0.445389 -0.0558767 -0.893612 -110.304 0.031801 0.998419 -0.0465818 -8.73938 0.894797 -0.00767101 0.446455 102.438
0.457269 -0.0548103 -0.88766 -111.254 0.0313921 0.998483 -0.0454838 -8.80387 0.888798 -0.00706707 0.45829 102.912
0.469548 -0.0555971 -0.881175 -112.188 0.0321664 0.998441 -0.0458572 -8.86684 0.882346 -0.00681242 0.470597 103.41
0.482588 -0.0565602 -0.874042 -113.123 0.0321635 0.998396 -0.0468506 -8.92181 0.875281 -0.00550251 0.483627 103.923
0.493272 -0.0573789 -0.868002 -114.032 0.0337357 0.998344 -0.0468254 -8.97819 0.869247 -0.00618539 0.494384 104.429
0.504748 -0.0570426 -0.861404 -114.929 0.0344511 0.998362 -0.0459272 -9.04261 0.862605 -0.00649449 0.505881 104.95
0.516798 -0.0557558 -0.854312 -115.816 0.0349394 0.998431 -0.0440277 -9.09405 0.855421 -0.0070961 0.517927 105.478
0.528084 -0.0525856 -0.847587 -116.699 0.0320513 0.998616 -0.0419884 -9.1454 0.848613 -0.00499265 0.529032 106.023
0.539687 -0.0503375 -0.840383 -117.562 0.030376 0.998737 -0.0403176 -9.20756 0.841345 -0.00376903 0.540527 106.572
0.549734 -0.0495581 -0.833895 -118.405 0.0278634 0.998784 -0.0409911 -9.26049 0.834902 -0.000700651 0.55044 107.113
0.55968 -0.0499994 -0.827223 -119.245 0.0279545 0.998762 -0.0414564 -9.30823 0.828265 7.72866e-05 0.560377 107.663
0.57037 -0.0492934 -0.819934 -120.054 0.02749 0.998797 -0.0409257 -9.35759 0.820956 0.00080312 0.571032 108.218
0.579104 -0.0473527 -0.813903 -120.854 0.0273417 0.998891 -0.0386635 -9.40847 0.814824 0.000136257 0.579748 108.783
0.587551 -0.0461949 -0.807894 -121.656 0.0283211 0.998945 -0.0365244 -9.45769 0.808719 -0.00142008 0.588233 109.364
0.597587 -0.0455995 -0.800533 -122.426 0.0292616 0.99897 -0.0350618 -9.51108 0.801299 -0.0024728 0.598298 109.934
0.603831 -0.0450404 -0.795866 -123.191 0.0277384 0.998999 -0.0354931 -9.5425 0.796658 -0.000643818 0.604468 110.502
0.611894 -0.0441225 -0.789735 -123.961 0.0279643 0.999039 -0.0341517 -9.57949 0.790475 -0.00118748 0.612531 111.078
0.618948 -0.0414474 -0.784367 -124.695 0.0265341 0.999155 -0.0318616 -9.61907 0.785014 -0.0010915 0.619516 111.654
0.627199 -0.0386174 -0.777928 -125.423 0.025411 0.999267 -0.02912 -9.67778 0.778474 -0.00150433 0.627712 112.239
0.635201 -0.0366839 -0.771505 -126.149 0.0248019 0.99934 -0.0270995 -9.70613 0.77198 -0.00192076 0.635683 112.821
0.641863 -0.0352938 -0.766034 -126.84 0.0236217 0.999391 -0.0262548 -9.75562 0.766485 -0.00124333 0.642296 113.396
0.650854 -0.0340169 -0.758471 -127.519 0.0226663 0.999436 -0.0253763 -9.79257 0.758896 -0.000675105 0.651249 113.974
0.661289 -0.0301289 -0.749554 -128.197 0.0208765 0.999559 -0.0217623 -9.8125 0.749872 -0.00125722 0.661617 114.56
0.671352 -0.0273034 -0.740667 -128.857 0.019859 0.99964 -0.018852 -9.83734 0.740905 -0.0020521 0.671643 115.149
0.682878 -0.025084 -0.73013 -129.499 0.0179379 0.9997 -0.0175704 -9.86726 0.730343 -0.00109894 0.683113 115.744
0.693421 -0.0248938 -0.720135 -130.115 0.0171124 0.999705 -0.018083 -9.89337 0.720363 0.000216304 0.693633 116.325
0.704278 -0.0249946 -0.709515 -130.721 0.0163787 0.999702 -0.0189617 -9.91926 0.709768 0.00173291 0.704466 116.92
0.715789 -0.024331 -0.697927 -131.316 0.0162757 0.999718 -0.0181627 -9.94575 0.698163 0.00164181 0.715973 117.537
0.726534 -0.0228266 -0.686783 -131.9 0.0158955 0.999754 -0.0164157 -9.96234 0.68698 0.00100928 0.726708 118.145
0.738236 -0.0221006 -0.674215 -132.492 0.0165474 0.999771 -0.0146566 -9.99428 0.674376 -0.000336145 0.738423 118.772
0.748687 -0.0212953 -0.662616 -133.055 0.0168704 0.999788 -0.013072 -10.0167 0.662746 -0.00139232 0.748876 119.4
0.758822 -0.0196674 -0.651038 -133.605 0.0174457 0.999815 -0.00987296 -10.0396 0.651102 -0.00386554 0.759014 120.042
0.768448 -0.0191621 -0.639661 -134.158 0.018098 0.999818 -0.00821193 -10.0559 0.639694 -0.0052666 0.768644 120.703
0.776293 -0.0185809 -0.630138 -134.682 0.018522 0.999822 -0.00666703 -10.07 0.630141 -0.00649533 0.776488 121.348
0.783884 -0.0178977 -0.620687 -135.205 0.0182135 0.999833 -0.00583069 -10.0887 0.62068 -0.00673472 0.784068 122.003
0.792419 -0.0173719 -0.609771 -135.734 0.0174902 0.999847 -0.00575919 -10.0889 0.609769 -0.00610086 0.79259 122.701
0.799631 -0.0162127 -0.600312 -136.247 0.0165612 0.999867 -0.0049459 -10.1035 0.600304 -0.00598733 0.799782 123.369
0.807409 -0.0153683 -0.589836 -136.762 0.0161083 0.999879 -0.00400547 -10.1085 0.589817 -0.00626665 0.807547 124.061
0.814163 -0.0154166 -0.580472 -137.275 0.0162691 0.999877 -0.00373895 -10.1183 0.58045 -0.00639999 0.814302 124.756
0.820291 -0.0167099 -0.571748 -137.768 0.0172268 0.999858 -0.0045101 -10.1345 0.571733 -0.00614924 0.82045 125.473
0.826276 -0.0173143 -0.563041 -138.267 0.0177563 0.999847 -0.00469118 -10.1482 0.563028 -0.00612168 0.826446 126.205
0.830134 -0.0167106 -0.55736 -138.776 0.0172157 0.999859 -0.00434019 -10.155 0.557345 -0.00599192 0.830293 126.923
0.833942 -0.0140881 -0.551715 -139.269 0.0162219 0.999885 -0.00101426 -10.1569 0.551657 -0.00810445 0.834063 127.661
0.837969 -0.0105728 -0.545663 -139.778 0.014117 0.999915 0.00230109 -10.1599 0.545584 -0.00963077 0.838035 128.429
0.841751 -0.00775838 -0.539856 -140.291 0.0126678 0.999922 0.00537937 -10.1626 0.539764 -0.0113672 0.841772 129.189
0.845969 -0.0050739 -0.533257 -140.786 0.0106722 0.999933 0.00741246 -10.1568 0.533175 -0.0119611 0.845954 129.971
0.849506 -0.00300574 -0.527617 -141.3 0.00948857 0.999926 0.00957853 -10.1429 0.527541 -0.0131437 0.84946 130.753
0.853296 -0.00191453 -0.521474 -141.803 0.00927879 0.999908 0.011508 -10.1431 0.521396 -0.0146577 0.853223 131.568
0.85781 -0.00140996 -0.514013 -142.311 0.00979193 0.999877 0.013596 -10.1426 0.513923 -0.0166963 0.857706 132.399
0.861851 -0.00121746 -0.507214 -142.81 0.00987894 0.999865 0.0143821 -10.1316 0.507119 -0.0174053 0.861733 133.234
0.866415 -0.00122282 -0.499374 -143.299 0.0100593 0.999855 0.015002 -10.1112 0.499274 -0.0180216 0.866288 134.076
0.871501 -0.00217956 -0.490445 -143.798 0.0110506 0.999841 0.015189 -10.1076 0.490325 -0.0186563 0.871373 134.943
0.876186 -0.00316708 -0.482015 -144.283 0.0116844 0.999842 0.0146676 -10.0913 0.481885 -0.0184839 0.876071 135.81
0.882021 -0.00372841 -0.471253 -144.765 0.0115595 0.999857 0.0137203 -10.0868 0.471126 -0.0175485 0.881924 136.697
0.888264 -0.00282428 -0.459381 -145.254 0.00986458 0.999885 0.0129246 -10.0858 0.459284 -0.0160124 0.888176 137.599
0.895846 0.00120706 -0.444425 -145.738 0.00573881 0.9999 0.0142789 -10.0589 0.44439 -0.0153417 0.895734 138.532
0.904636 0.00438175 -0.426223 -146.205 0.00312671 0.99987 0.0169129 -10.0522 0.426235 -0.0166331 0.904491 139.485
0.912629 0.00792135 -0.408779 -146.672 -0.000580779 0.999855 0.0180734 -10.0363 0.408856 -0.0162564 0.912486 140.445
0.921629 0.00973739 -0.388021 -147.102 -0.00236979 0.999826 0.0194592 -10.0265 0.388137 -0.017015 0.921476 141.44
0.929305 0.0104533 -0.369241 -147.517 -0.00290182 0.999793 0.0209953 -10.0081 0.369378 -0.018439 0.929127 142.44
0.936954 0.012226 -0.349317 -147.923 -0.00414732 0.999725 0.0238631 -9.99323 0.349507 -0.0209102 0.936732 143.472
0.944891 0.0140779 -0.327172 -148.305 -0.00538704 0.999627 0.0274483 -9.96151 0.327431 -0.0241725 0.944598 144.523
0.951734 0.0167103 -0.306558 -148.673 -0.00736466 0.999491 0.0316143 -9.94546 0.306925 -0.0278309 0.951358 145.587
0.958525 0.0192747 -0.284462 -149.029 -0.00990062 0.99938 0.0343478 -9.9005 0.284942 -0.0301062 0.958104 146.685
0.964344 0.0207129 -0.263944 -149.353 -0.0119203 0.99934 0.0348669 -9.87192 0.264488 -0.0304775 0.963938 147.788
0.969914 0.0210246 -0.242657 -149.645 -0.0130427 0.99934 0.0344442 -9.84437 0.243217 -0.0302423 0.969531 148.908
0.975006 0.0213769 -0.221274 -149.916 -0.0141143 0.999329 0.0343459 -9.80679 0.221856 -0.0303644 0.974637 150.052
0.97914 0.0209822 -0.202248 -150.165 -0.0139258 0.999265 0.0362383 -9.76733 0.202856 -0.0326653 0.978694 151.198
0.982784 0.0211705 -0.183695 -150.387 -0.0144542 0.999199 0.0378185 -9.72791 0.184346 -0.034512 0.982286 152.37
0.986399 0.0219321 -0.163082 -150.596 -0.0157479 0.999131 0.0391025 -9.67751 0.163795 -0.0360018 0.985868 153.563
0.989262 0.0237857 -0.144401 -150.795 -0.0181662 0.99905 0.0401021 -9.63549 0.145215 -0.037048 0.988737 154.769
0.992009 0.0242451 -0.124058 -150.963 -0.0192857 0.998993 0.0410034 -9.58461 0.124924 -0.0382825 0.991458 155.99
0.994002 0.0261693 -0.106452 -151.118 -0.0219423 0.998951 0.0406761 -9.54112 0.107404 -0.0380959 0.993516 157.21
0.995743 0.0271687 -0.0884199 -151.245 -0.0236758 0.998928 0.0402878 -9.48725 0.0894179 -0.0380222 0.995299 158.444
0.997343 0.0273428 -0.0679543 -151.346 -0.0246954 0.998935 0.0394782 -9.44744 0.0689606 -0.0376946 0.996938 159.704
0.998365 0.0263769 -0.0513322 -151.422 -0.0243181 0.998912 0.0402801 -9.40739 0.052338 -0.0389651 0.9979 160.955
0.999142 0.0264492 -0.0327961 -151.478 -0.0251451 0.998923 0.0395183 -9.36231 0.0338058 -0.0386592 0.998712 162.235
0.999595 0.0264522 -0.0131325 -151.515 -0.025926 0.998939 0.0385637 -9.30865 0.0141385 -0.0382068 0.9992 163.522
0.999649 0.0272928 0.00424047 -151.528 -0.0274183 0.999083 0.0335098 -9.26266 -0.00332132 -0.0336139 0.999461 164.824
0.999328 0.0278318 0.0252185 -151.502 -0.0288568 0.998749 0.041344 -9.21364 -0.0240355 -0.0420433 0.998858 166.167
0.998763 0.029397 0.0408875 -151.471 -0.0308895 0.99888 0.0363991 -9.1697 -0.0397701 -0.0376165 0.998532 167.481
0.997834 0.0309392 0.0586263 -151.411 -0.0328917 0.998945 0.0326836 -9.13618 -0.0575516 -0.0345406 0.997776 168.827
0.996453 0.033266 0.0777074 -151.318 -0.0356363 0.998954 0.029338 -9.10993 -0.0766476 -0.0320026 0.996576 170.207
0.995111 0.0317903 0.0938686 -151.218 -0.0349077 0.998906 0.031789 -9.11487 -0.0927523 -0.03491 0.99511 171.536
0.993377 0.0305396 0.11106 -151.084 -0.0343018 0.998916 0.0321375 -9.07165 -0.109954 -0.0357335 0.993327 172.898
0.991112 0.0301395 0.129842 -150.911 -0.0340736 0.999043 0.0282068 -9.05694 -0.128864 -0.0323801 0.991167 174.305
0.988919 0.0318345 0.145223 -150.741 -0.0356931 0.999094 0.0240522 -9.02602 -0.144321 -0.0289684 0.989139 175.654
0.986029 0.0330049 0.163488 -150.524 -0.0374174 0.999033 0.0240028 -8.98764 -0.162532 -0.0297849 0.986288 177.08
0.983081 0.0346919 0.18004 -150.305 -0.0396996 0.998937 0.0242948 -8.98843 -0.179 -0.0310307 0.983392 178.459
0.979512 0.0376845 0.198008 -150.054 -0.0427968 0.998872 0.0216182 -8.95304 -0.196964 -0.0296497 0.979997 179.861
0.975373 0.0380826 0.217394 -149.764 -0.043535 0.998865 0.0203538 -8.93521 -0.216366 -0.0293162 0.975904 181.261
0.971705 0.0387226 0.233156 -149.454 -0.0440921 0.998889 0.0178745 -8.91618 -0.232198 -0.0276494 0.972311 182.646
0.96729 0.0386015 0.250848 -149.098 -0.0434017 0.998985 0.0136375 -8.90528 -0.250061 -0.0240782 0.967964 184.053
0.96165 0.041358 0.271278 -148.732 -0.0452214 0.998967 0.0080152 -8.90561 -0.270658 -0.0199759 0.962504 185.463
0.955606 0.0441236 0.291436 -148.334 -0.047605 0.998875 0.0048691 -8.90489 -0.290886 -0.0185263 0.956612 186.868
0.947467 0.0467639 0.316533 -147.884 -0.0503218 0.99875 0.00308101 -8.90349 -0.315984 -0.0188481 0.948615 188.302
0.938339 0.0511201 0.342012 -147.411 -0.0546632 0.998526 0.000728782 -8.91664 -0.341462 -0.0193788 0.939729 189.692
0.928109 0.0550818 0.368312 -146.902 -0.0581227 0.998327 -0.00283213 -8.92347 -0.367842 -0.0187792 0.929737 191.093
0.916766 0.0583859 0.395217 -146.344 -0.0609393 0.998145 -0.00609539 -8.94556 -0.39483 -0.0184956 0.918603 192.497
0.90596 0.0599299 0.419188 -145.754 -0.0622815 0.998047 -0.00807757 -8.97125 -0.418842 -0.01879 0.907903 193.881
0.893671 0.0612966 0.444591 -145.103 -0.0630682 0.997973 -0.0108155 -9.00357 -0.444341 -0.0183734 0.895705 195.249
0.881646 0.0623262 0.467856 -144.435 -0.062333 0.997957 -0.0154769 -9.04166 -0.467852 -0.0155181 0.88371 196.602
0.868623 0.0642088 0.491362 -143.708 -0.0621792 0.997877 -0.0204746 -9.06631 -0.491621 -0.0127673 0.870753 197.946
0.855363 0.065821 0.513902 -142.956 -0.0622019 0.99779 -0.0242616 -9.10592 -0.51435 -0.0112137 0.857549 199.276
0.842987 0.0665186 0.533868 -142.161 -0.0616156 0.997756 -0.0270226 -9.16181 -0.534454 -0.0101144 0.845176 200.589
0.830193 0.0671632 0.553482 -141.333 -0.0615017 0.997713 -0.0288158 -9.20827 -0.554137 -0.0101179 0.832407 201.872
0.817439 0.0677207 0.572079 -140.488 -0.0613218 0.997675 -0.030476 -9.26197 -0.572799 -0.0101681 0.819673 203.13
0.805687 0.0679946 0.58849 -139.608 -0.0599926 0.99767 -0.0331336 -9.31471 -0.589357 -0.00861039 0.807872 204.379
0.792713 0.0686025 0.605778 -138.703 -0.0587961 0.997642 -0.036037 -9.37535 -0.606807 -0.0070499 0.79486 205.61
0.780563 0.0702369 0.621179 -137.768 -0.0580054 0.99754 -0.0399002 -9.44825 -0.622437 -0.00488787 0.782701 206.83
0.767981 0.071686 0.636502 -136.804 -0.0577165 0.997443 -0.0426951 -9.50106 -0.637919 -0.00394697 0.770138 208.021
0.754023 0.0721109 0.652936 -135.822 -0.0575921 0.997408 -0.0436432 -9.59072 -0.654374 -0.00469674 0.756205 209.204
0.740621 0.0732022 0.667976 -134.819 -0.0589439 0.997317 -0.0439368 -9.67043 -0.669383 -0.00683188 0.742933 210.367
0.72596 0.0746879 0.683726 -133.799 -0.0620913 0.997166 -0.0429976 -9.75377 -0.684982 -0.0112394 0.728525 211.512
0.71049 0.0758007 0.699663 -132.737 -0.0648671 0.997027 -0.0421431 -9.83907 -0.700759 -0.0154419 0.71328 212.624
0.69553 0.0778584 0.714321 -131.69 -0.0689639 0.996778 -0.041493 -9.93283 -0.715233 -0.0204031 0.698643 213.698
0.679951 0.0798895 0.72894 -130.627 -0.0704952 0.996588 -0.0434625 -10.0263 -0.729906 -0.0218333 0.683249 214.743
0.664828 0.0825337 0.742476 -129.53 -0.072748 0.99633 -0.0456096 -10.1155 -0.743496 -0.0236912 0.668378 215.758
0.64782 0.082316 0.757381 -128.44 -0.0730074 0.996301 -0.045834 -10.2114 -0.758332 -0.0256009 0.65142 216.737
0.62882 0.0814933 0.77332 -127.328 -0.0739042 0.996277 -0.0448919 -10.3057 -0.77408 -0.0289226 0.632488 217.694
0.611185 0.0804773 0.787431 -126.209 -0.0731071 0.996329 -0.0450803 -10.38 -0.788146 -0.0300131 0.614812 218.591
0.591806 0.0793136 0.80222 -125.073 -0.0743993 0.996298 -0.0436144 -10.4739 -0.802689 -0.0338732 0.595502 219.472
0.571807 0.0770496 0.816806 -123.93 -0.0732851 0.996422 -0.0426866 -10.5638 -0.81715 -0.0354497 0.575396 220.324
0.553095 0.0764022 0.829657 -122.778 -0.0737526 0.996391 -0.042587 -10.6461 -0.829896 -0.0376343 0.55672 221.131
0.534115 0.0751006 0.842113 -121.615 -0.0724483 0.996473 -0.0429132 -10.7229 -0.842341 -0.0380875 0.537663 221.919
0.5145 0.0740338 0.854337 -120.444 -0.0707206 0.99656 -0.0437669 -10.7973 -0.854617 -0.0379008 0.517953 222.664
0.496053 0.0730988 0.865252 -119.274 -0.0686851 0.996656 -0.0448199 -10.8799 -0.86561 -0.0371953 0.499406 223.356
0.4761 0.0711516 0.876555 -118.093 -0.0674533 0.996764 -0.04427 -10.9647 -0.876847 -0.0380491 0.479348 224.02
0.457198 0.071086 0.886561 -116.913 -0.0673019 0.996733 -0.0452097 -11.038 -0.886852 -0.0389959 0.46048 224.655
0.438715 0.0741931 0.895605 -115.741 -0.0680128 0.996493 -0.0492327 -11.1292 -0.896095 -0.039313 0.442212 225.276
0.42045 0.0804668 0.903782 -114.586 -0.0676711 0.996092 -0.0572015 -11.1971 -0.904826 -0.037108 0.424244 225.85
0.402504 0.0884559 0.91118 -113.416 -0.0714654 0.995344 -0.0650554 -11.2665 -0.91267 -0.0389322 0.406942 226.399
0.383953 0.0914201 0.918858 -112.249 -0.0747866 0.994923 -0.067735 -11.3627 -0.920356 -0.0427095 0.388834 226.919
0.363797 0.0926483 0.926904 -111.086 -0.0777335 0.994615 -0.0689052 -11.4597 -0.928274 -0.0469832 0.369031 227.404
0.345565 0.0928801 0.933829 -109.903 -0.0800011 0.99441 -0.0692981 -11.5741 -0.935015 -0.0507585 0.351058 227.873
0.326934 0.0941652 0.940389 -108.736 -0.081499 0.994151 -0.071213 -11.6671 -0.941571 -0.0533578 0.332689 228.299
0.310634 0.0947974 0.945832 -107.571 -0.0818113 0.994016 -0.0727549 -11.7694 -0.947039 -0.0547776 0.316525 228.704
0.292536 0.0946136 0.951606 -106.404 -0.0821067 0.993929 -0.073579 -11.8743 -0.952768 -0.0566076 0.298522 229.09
0.272989 0.0954968 0.957306 -105.233 -0.0818133 0.993788 -0.0758026 -11.9939 -0.958568 -0.0576252 0.279103 229.453
0.257084 0.0986628 0.961383 -104.077 -0.0853013 0.993234 -0.0791193 -12.0992 -0.962661 -0.0616656 0.263756 229.791
0.237532 0.100129 0.966246 -102.927 -0.086091 0.992957 -0.0817297 -12.2107 -0.967593 -0.0637697 0.244477 230.107
0.2197 0.0975029 0.970726 -101.772 -0.0856687 0.993103 -0.0803599 -12.3151 -0.971843 -0.0655043 0.226533 230.397
0.207165 0.0941984 0.973801 -100.641 -0.0848887 0.993359 -0.0780278 -12.4176 -0.974653 -0.066498 0.213783 230.67
0.192675 0.0902202 0.977149 -99.4692 -0.0841776 0.993639 -0.0751427 -12.5033 -0.977689 -0.0677744 0.199041 230.915
0.181893 0.0877565 0.979436 -98.3566 -0.0833811 0.993827 -0.0735579 -12.5909 -0.979813 -0.0682845 0.188086 231.165
0.170533 0.0884803 0.981414 -97.2192 -0.0849791 0.993596 -0.0748106 -12.6797 -0.981725 -0.0706404 0.176957 231.39
0.160204 0.0923787 0.982793 -96.1068 -0.0869448 0.993091 -0.0791706 -12.7818 -0.983284 -0.072763 0.167127 231.585
0.154221 0.0949652 0.983505 -95.0175 -0.0892569 0.992666 -0.0818517 -12.8932 -0.984042 -0.0751594 0.161563 231.79
0.148823 0.0995269 0.983884 -93.9467 -0.0903364 0.992159 -0.0866963 -12.9983 -0.984766 -0.0759757 0.156646 231.969
0.142526 0.106634 0.984074 -92.8842 -0.0914566 0.991373 -0.0941775 -13.1215 -0.985602 -0.0765752 0.151046 232.142
0.139348 0.109904 0.984167 -91.856 -0.0939915 0.990832 -0.097337 -13.2506 -0.985809 -0.0789371 0.148399 232.308
0.13321 0.104572 0.985599 -90.791 -0.0934929 0.991338 -0.0925423 -13.3698 -0.986714 -0.0798167 0.141831 232.48
0.130907 0.0957149 0.986804 -89.7407 -0.0932562 0.992133 -0.0838571 -13.4745 -0.987036 -0.0810455 0.138802 232.649
0.127612 0.0940886 0.987395 -88.6951 -0.0931685 0.992253 -0.0825084 -13.5877 -0.987484 -0.0814629 0.135388 232.796
0.125931 0.0958754 0.987436 -87.6394 -0.0925494 0.992143 -0.0845259 -13.6868 -0.98775 -0.0807396 0.133814 232.961
0.127552 0.0979109 0.987032 -86.6302 -0.0932558 0.991919 -0.0863426 -13.7776 -0.987484 -0.0810309 0.135649 233.111
0.128202 0.100038 0.986732 -85.6213 -0.0937994 0.991692 -0.0883506 -13.8908 -0.98734 -0.0812254 0.13652 233.28
0.12897 0.100519 0.986586 -84.607 -0.0942816 0.991614 -0.0887044 -13.9862 -0.987203 -0.0815741 0.137364 233.436
0.132627 0.101721 0.985974 -83.6006 -0.0956577 0.99142 -0.0894124 -14.0867 -0.986577 -0.0824549 0.141218 233.603
0.135023 0.102718 0.985549 -82.6017 -0.0957263 0.99134 -0.0902049 -14.1796 -0.986254 -0.0821606 0.143684 233.79
0.13922 0.103478 0.984883 -81.6126 -0.0991356 0.991015 -0.0901056 -14.2631 -0.985325 -0.0850897 0.148226 233.955
0.145583 0.101795 0.984141 -80.6134 -0.0982438 0.991292 -0.0879999 -14.3572 -0.984503 -0.0838715 0.154314 234.109
0.151432 0.10093 0.983344 -79.6123 -0.0972797 0.991496 -0.0867821 -14.4688 -0.983708 -0.082515 0.159961 234.288
0.159065 0.100252 0.982211 -78.6308 -0.0957883 0.991733 -0.0857092 -14.5657 -0.982658 -0.0804482 0.16735 234.451
0.166138 0.101106 0.980949 -77.6581 -0.0941267 0.991844 -0.0862835 -14.6537 -0.981639 -0.0779957 0.174298 234.604
0.172127 0.100896 0.979941 -76.7063 -0.0935634 0.991946 -0.0856956 -14.7533 -0.98067 -0.0769331 0.180177 234.785
0.179163 0.100117 0.978758 -75.752 -0.0936654 0.992056 -0.0843282 -14.8298 -0.979391 -0.0765644 0.187115 234.97
0.183083 0.0987991 0.978168 -74.8228 -0.0932569 0.992225 -0.082762 -14.9249 -0.978713 -0.0760656 0.190869 235.159
0.187667 0.0983434 0.977343 -73.8983 -0.0919932 0.992392 -0.0821902 -15.0061 -0.977956 -0.0744817 0.195283 235.356
0.194789 0.0991963 0.975864 -72.938 -0.0935668 0.992243 -0.0821827 -15.0863 -0.976421 -0.0752972 0.202555 235.579
0.200331 0.100568 0.974599 -71.9779 -0.0930484 0.992205 -0.0832553 -15.1907 -0.97534 -0.0740033 0.208124 235.792
0.207156 0.102077 0.973017 -71.0315 -0.0944991 0.992007 -0.0839489 -15.2749 -0.973783 -0.0745555 0.215142 236.01
0.212793 0.102871 0.971713 -70.0639 -0.0971559 0.991772 -0.0837156 -15.3785 -0.972296 -0.0765904 0.221034 236.246
0.218448 0.1033 0.970414 -69.1313 -0.0990505 0.991622 -0.0832583 -15.4615 -0.970859 -0.0779291 0.226844 236.47
0.225925 0.102822 0.96875 -68.2111 -0.099276 0.991697 -0.0821019 -15.5478 -0.969115 -0.0776212 0.234254 236.7
0.23231 0.101729 0.967357 -67.2842 -0.0995289 0.99181 -0.0803967 -15.6291 -0.967587 -0.0775996 0.240526 236.937
0.237813 0.100754 0.966119 -66.3572 -0.0998521 0.991903 -0.0788614 -15.7146 -0.966209 -0.0777112 0.245944 237.181
0.246031 0.0994879 0.964193 -65.4193 -0.0998781 0.992054 -0.0768751 -15.8168 -0.964153 -0.0773847 0.254006 237.425
0.252148 0.100779 0.962476 -64.4997 -0.102515 0.991778 -0.0769875 -15.8918 -0.962288 -0.0792524 0.260401 237.681
0.259949 0.100685 0.960409 -63.5908 -0.10196 0.99188 -0.0763856 -15.9704 -0.960276 -0.078063 0.268097 237.94
0.268423 0.101532 0.957985 -62.6677 -0.101264 0.991925 -0.0767522 -16.0537 -0.958008 -0.0764039 0.276532 238.189
0.276688 0.10324 0.955449 -61.7809 -0.10046 0.991901 -0.0780848 -16.1191 -0.955746 -0.074376 0.284811 238.468
0.286512 0.103523 0.952517 -60.8811 -0.100438 0.991944 -0.0775941 -16.205 -0.952842 -0.0734335 0.294596 238.747
0.294279 0.102244 0.950286 -59.9957 -0.10093 0.992055 -0.0754805 -16.2792 -0.950428 -0.0736971 0.302252 239.037
