1 0 0 0 0 1 0 0 0 0 1 0
0.999981 0.000527534 -0.00625826 -0.00777597 -0.000525846 1 0.000263431 -0.00426412 0.0062584 -0.000260239 0.999981 0.087049
0.999914 0.00093719 -0.0130387 -0.00586316 -0.000926537 0.999999 0.000821798 -0.00216018 0.0130395 -0.0008096 0.999915 0.175465
0.999795 0.00106457 -0.0202374 -0.0197907 -0.00106882 0.999999 -0.000205202 -0.0095303 0.0202373 0.000226677 0.999796 0.274325
0.999568 0.0013398 -0.0293505 -0.0307792 -0.00139211 0.999997 -0.00176345 -0.00197978 0.0293482 0.00180357 0.999568 0.373511
0.999177 0.000995801 -0.0405769 -0.0399782 -0.00111146 0.999995 -0.00282992 -0.00380711 0.040574 0.00287258 0.999174 0.483658
0.998542 -1.60532e-05 -0.0539953 -0.0590604 -0.000199427 0.999992 -0.00398655 0.00243082 0.053995 0.00399154 0.998534 0.608976
0.997536 0.000321005 -0.07017 -0.0799178 -0.000625457 0.999991 -0.00431885 -0.00637137 0.0701681 0.00435197 0.997527 0.747088
0.996119 -0.000341337 -0.0880195 -0.10325 -2.56002e-05 0.999992 -0.00416853 -0.00318741 0.0880203 0.00415465 0.996111 0.900066
0.994166 -0.00277529 -0.107832 -0.128919 0.00230341 0.999987 -0.00450185 -0.00691213 0.107843 0.00422706 0.994161 1.06292
0.991476 -0.00262932 -0.130262 -0.165487 0.00190786 0.999982 -0.00566367 -0.0117248 0.130274 0.00536689 0.991465 1.22497
0.988114 0.000467167 -0.153729 -0.216959 -0.00139055 0.999982 -0.00590026 -0.0190261 0.153724 0.00604372 0.988097 1.39138
0.983843 0.00390936 -0.178996 -0.274454 -0.00553403 0.999948 -0.00857893 -0.0206855 0.178953 0.00943085 0.983814 1.57429
0.978537 0.0066802 -0.205969 -0.342493 -0.00864998 0.999926 -0.00866542 -0.0260179 0.205896 0.0102609 0.978522 1.76067
0.972045 0.0071109 -0.234688 -0.413036 -0.00956433 0.999911 -0.00931817 -0.0349225 0.234601 0.0113023 0.972028 1.95156
0.964193 0.00781784 -0.265095 -0.487864 -0.0104585 0.999909 -0.00855181 -0.0326374 0.265005 0.0110179 0.964186 2.13551
0.955012 0.00929028 -0.296424 -0.583489 -0.0122332 0.999893 -0.00807535 -0.0375958 0.296318 0.0113383 0.955025 2.34015
0.943928 0.0107908 -0.329982 -0.678316 -0.0139056 0.999879 -0.00708092 -0.048458 0.329866 0.0112723 0.943963 2.53533
0.931666 0.0130969 -0.363083 -0.779804 -0.0168669 0.999832 -0.00721533 -0.0529656 0.362928 0.0128464 0.931731 2.72393
0.918252 0.0149378 -0.395721 -0.907202 -0.0191321 0.999796 -0.00665502 -0.0523184 0.395541 0.0136817 0.918349 2.92557
0.90263 0.0144006 -0.43018 -1.02664 -0.019012 0.999799 -0.00642326 -0.0507275 0.430002 0.0139764 0.902723 3.1161
0.884524 0.0105631 -0.466381 -1.15037 -0.0157117 0.999852 -0.00715324 -0.0549214 0.466237 0.0136547 0.884557 3.31017
0.863714 0.00702511 -0.503937 -1.2939 -0.0128363 0.999885 -0.00806185 -0.0722 0.503823 0.0134318 0.863705 3.53296
0.839529 0.00794973 -0.543262 -1.4461 -0.0131372 0.999899 -0.00567034 -0.0763743 0.543162 0.0118972 0.839547 3.71923
0.811112 0.0118767 -0.584774 -1.63659 -0.0169717 0.999851 -0.00323393 -0.0812845 0.584649 0.0125476 0.811193 3.91811
0.779154 0.0138391 -0.626684 -1.83144 -0.0199251 0.9998 -0.00269483 -0.0860893 0.626521 0.0145862 0.779272 4.09399
0.744001 0.0120637 -0.668073 -2.0223 -0.0194066 0.999806 -0.00355845 -0.0898201 0.667901 0.0156125 0.74409 4.26714
0.704807 0.0087383 -0.709349 -2.24998 -0.0146857 0.999892 -0.00227481 -0.103569 0.709252 0.0120203 0.704856 4.45629
0.66309 0.00553946 -0.748521 -2.47533 -0.010839 0.999939 -0.00220204 -0.106319 0.748464 0.00957327 0.66311 4.63467
0.619408 0.00455377 -0.785059 -2.72798 -0.00973374 0.999953 -0.00188011 -0.0996796 0.785013 0.00880593 0.619421 4.79705
0.572022 0.00436093 -0.820229 -3.01486 -0.00828531 0.999965 -0.000461733 -0.100056 0.8202 0.00705987 0.572038 4.97408
0.521399 0.00562409 -0.853298 -3.30643 -0.00755104 0.999972 0.00197623 -0.0994845 0.853285 0.00541266 0.521425 5.10479
0.469701 0.00588102 -0.882809 -3.59217 -0.00717467 0.99997 0.00284402 -0.101137 0.8828 0.00499788 0.469728 5.24498
0.414897 0.00763506 -0.90984 -3.92692 -0.00697252 0.999964 0.00521124 -0.100165 0.909846 0.00418159 0.414934 5.3743
0.361171 0.00910807 -0.932458 -4.26375 -0.00688745 0.999951 0.00709939 -0.101523 0.932478 0.00385798 0.361215 5.47678
0.30583 0.010396 -0.952033 -4.64392 -0.00639634 0.999943 0.00886385 -0.104407 0.952069 0.00337854 0.305878 5.57995
0.252486 0.0108783 -0.967542 -5.02685 -0.00337876 0.999941 0.0103606 -0.117144 0.967598 0.000652984 0.252507 5.6689
0.20278 0.0106658 -0.97917 -5.42171 -0.00219744 0.999945 0.0104365 -0.135589 0.979227 3.51816e-05 0.202791 5.72399
0.154186 0.0111211 -0.987982 -5.8615 -0.00452413 0.999934 0.0105493 -0.132975 0.988035 0.00284297 0.154225 5.76208
0.112584 0.0115062 -0.993579 -6.29335 -0.00622509 0.999924 0.0108737 -0.133381 0.993627 0.00496075 0.112646 5.78342
0.0739605 0.00994972 -0.997214 -6.76837 -0.00705593 0.999931 0.00945314 -0.137426 0.997239 0.00633677 0.0740243 5.79607
0.0390703 0.0086674 -0.999203 -7.2488 -0.00677949 0.999944 0.00840815 -0.141453 0.999218 0.00644541 0.0391257 5.79747
0.00830222 0.00664071 -0.999947 -7.72792 -0.00653258 0.999958 0.00658615 -0.156577 0.999947 0.00647715 0.00834401 5.78968
-0.0176832 0.00497757 -0.999835 -8.27495 -0.00575196 0.999973 0.00507942 -0.158419 0.999832 0.00584065 -0.0176551 5.77269
-0.0382225 0.00507065 -0.999261 -8.77407 -0.00572981 0.999971 0.005293 -0.15969 0.999257 0.00592744 -0.0381936 5.74064
-0.0553573 0.00353307 -0.998465 -9.32636 -0.00285305 0.999991 0.00369605 -0.177692 0.998467 0.00305309 -0.0553477 5.69776
-0.0688082 0.00381742 -0.997627 -9.86594 -0.00184681 0.999992 0.00395347 -0.183743 0.997632 0.00211408 -0.0688018 5.6517
-0.0787504 0.00592712 -0.996882 -10.4369 -0.000522474 0.999985 0.0059862 -0.193482 0.996899 0.000992035 -0.078747 5.58279
-0.0863181 0.0069657 -0.996248 -11.028 -0.00129313 0.999975 0.0071035 -0.212368 0.99627 0.00190108 -0.0863081 5.52291
-0.0908244 0.00790397 -0.995841 -11.6102 -0.00136868 0.999969 0.00806088 -0.206487 0.995871 0.00209486 -0.0908117 5.46399
-0.092729 0.00835816 -0.995662 -12.2237 -0.00174539 0.999962 0.00855656 -0.206162 0.995693 0.00253092 -0.0927123 5.40635
-0.0927295 0.0102736 -0.995644 -12.8405 0.00130466 0.999949 0.0101958 -0.206185 0.995696 -0.000353782 -0.0927391 5.34479
-0.091585 0.0118789 -0.995732 -13.5048 -0.00123387 0.999927 0.0120422 -0.192048 0.995799 0.00233115 -0.0915651 5.27042
-0.0903045 0.0117343 -0.995851 -14.1512 -0.00301626 0.999926 0.0120551 -0.177834 0.995916 0.00409216 -0.0902632 5.20403
-0.0891744 0.0101246 -0.99597 -14.8387 -0.00591647 0.999925 0.0106943 -0.168985 0.996002 0.00684591 -0.0891092 5.13034
-0.0881933 0.00995467 -0.996061 -15.518 -0.00637956 0.999925 0.0105575 -0.154913 0.99609 0.00728543 -0.0881243 5.06466
-0.0865545 0.0106098 -0.996198 -16.2054 -0.00586953 0.999921 0.0111591 -0.150339 0.996235 0.00681265 -0.0864867 5.01278
-0.0849172 0.0110629 -0.996334 -16.9341 -0.00615736 0.999916 0.0116269 -0.133036 0.996376 0.00712202 -0.084843 4.94321
-0.0834643 0.0124276 -0.996442 -17.6493 -0.00535636 0.999903 0.0129191 -0.13616 0.996501 0.00641516 -0.0833911 4.88307
-0.0822486 0.0126384 -0.99654 -18.3888 -0.00759266 0.999885 0.0133069 -0.141865 0.99659 0.00866085 -0.0821441 4.81281
-0.0811225 0.0106077 -0.996657 -19.1395 -0.00971267 0.999888 0.0114323 -0.137822 0.996663 0.0106073 -0.0810116 4.75213
-0.0803467 0.00997856 -0.996725 -19.9025 -0.0117014 0.999875 0.0109527 -0.121703 0.996706 0.0125432 -0.0802207 4.67314
-0.0796449 0.0110547 -0.996771 -20.7004 -0.0130305 0.999842 0.0121296 -0.114173 0.996744 0.0139541 -0.0794896 4.60125
-0.0785209 0.0121765 -0.996848 -21.4737 -0.0117935 0.999849 0.0131414 -0.111763 0.996851 0.0127883 -0.0783661 4.54042
-0.0783914 0.0128329 -0.996849 -22.2974 -0.00958237 0.999862 0.0136249 -0.106775 0.996883 0.0106199 -0.078259 4.47691
-0.0784104 0.00939584 -0.996887 -23.0995 -0.00853609 0.999918 0.0100952 -0.108995 0.996893 0.00930133 -0.0783244 4.4077
-0.0784634 0.00330423 -0.996921 -23.9104 -0.00713525 0.999968 0.0038755 -0.121662 0.996898 0.00741698 -0.0784387 4.34398
-0.0791966 0.00263905 -0.996866 -24.7259 -0.00844235 0.999965 0.00331742 -0.10578 0.996833 0.00867896 -0.0791721 4.28271
-0.0801243 0.00329734 -0.996789 -25.5397 -0.00624705 0.999975 0.00380954 -0.103406 0.996772 0.00653186 -0.0801031 4.21052
-0.080898 0.00882489 -0.996694 -26.3797 -0.007207 0.999935 0.00943792 -0.0877956 0.996705 0.00794701 -0.0808297 4.13659
-0.0811222 0.0152152 -0.996598 -27.2357 -0.00949215 0.999827 0.0160367 -0.0907049 0.996665 0.0107605 -0.0809652 4.06927
-0.0804327 0.021247 -0.996544 -28.0742 -0.00999374 0.999711 0.0221204 -0.0796092 0.996719 0.0117386 -0.0801975 3.9909
-0.0816414 0.0209584 -0.996452 -28.9153 -0.0101216 0.999711 0.0218557 -0.0719645 0.996617 0.0118696 -0.0814071 3.92178
-0.0819264 0.018592 -0.996476 -29.7509 -0.0111357 0.999753 0.019568 -0.0631833 0.996586 0.0126999 -0.0816995 3.85359
-0.0841668 0.0169777 -0.996318 -30.59 -0.0119492 0.999767 0.0180454 -0.0559687 0.996387 0.0134237 -0.0839457 3.77641
-0.0848301 0.0173577 -0.996256 -31.4322 -0.0126672 0.999754 0.0184966 -0.041587 0.996323 0.014189 -0.0845899 3.69767
-0.0851351 0.0173375 -0.996229 -32.2989 -0.0132158 0.999743 0.0185274 -0.0478137 0.996289 0.014743 -0.0848855 3.61611
-0.08586 0.0179855 -0.996157 -33.1327 -0.0141445 0.999721 0.0192684 -0.0450513 0.996216 0.0157448 -0.085582 3.54097
-0.0852442 0.0139563 -0.996274 -33.9492 -0.016317 0.999751 0.0154005 -0.0336848 0.996235 0.0175686 -0.0849965 3.46249
-0.0868766 0.0109319 -0.996172 -34.7795 -0.0208736 0.999708 0.0127906 -0.0212983 0.99601 0.021905 -0.0866233 3.37839
-0.0869735 0.010722 -0.996165 -35.6048 -0.0206948 0.99971 0.0125661 -0.0321871 0.996005 0.021708 -0.0867274 3.30283
-0.0871563 0.010782 -0.996149 -36.4438 -0.0214695 0.999696 0.0126983 -0.0448448 0.995973 0.0224937 -0.0868986 3.23983
-0.0898259 0.0132549 -0.995881 -37.2725 -0.0204577 0.999679 0.0151498 -0.0610535 0.995757 0.0217339 -0.089527 3.15558
-0.0900614 0.0169572 -0.995805 -38.0905 -0.0179624 0.999672 0.018647 -0.0695243 0.995784 0.0195666 -0.0897275 3.06984
-0.0925222 0.0178518 -0.995562 -38.9465 -0.0183586 0.999642 0.0196303 -0.104297 0.995552 0.020093 -0.0921624 2.97156
-0.0941837 0.0163887 -0.995434 -39.7792 -0.0180115 0.99968 0.0181623 -0.124281 0.995402 0.0196401 -0.0938586 2.88171
-0.0929151 0.014764 -0.995578 -40.5979 -0.0156552 0.999748 0.016286 -0.128888 0.995562 0.0170988 -0.0926616 2.79647
-0.0943285 0.0106992 -0.995497 -41.4478 -0.0225214 0.99967 0.0128776 -0.0969736 0.995296 0.0236349 -0.0940567 2.71275
-0.0934773 0.0100566 -0.995584 -42.2519 -0.0202997 0.999726 0.0120035 -0.105868 0.995425 0.021332 -0.0932486 2.63094
-0.0940439 0.00955036 -0.995537 -43.0886 -0.0210234 0.999717 0.0115761 -0.114511 0.995357 0.0220187 -0.093817 2.53849
-0.0959214 0.00816444 -0.995368 -43.9068 -0.0177201 0.999798 0.0099074 -0.122295 0.995242 0.0185883 -0.0957584 2.45674
-0.0974702 0.00554507 -0.995238 -44.7146 -0.0173361 0.999828 0.00726817 -0.118997 0.9951 0.0179623 -0.0973577 2.37967
-0.100735 0.00404755 -0.994918 -45.551 -0.016165 0.999858 0.00570328 -0.121289 0.994793 0.0166573 -0.100656 2.29838
-0.102965 0.00699083 -0.994675 -46.367 -0.0140672 0.999871 0.00848327 -0.129712 0.994598 0.0148662 -0.102854 2.21343
-0.105641 0.0120769 -0.994346 -47.2047 -0.0115089 0.999849 0.0133654 -0.1345 0.994349 0.0128557 -0.105487 2.12306
-0.10814 0.014238 -0.994048 -48.0384 -0.0091055 0.999847 0.0153114 -0.132512 0.994107 0.0107075 -0.107994 2.03173
-0.109599 0.0138282 -0.993894 -48.8517 -0.00908073 0.999852 0.0149114 -0.133517 0.993946 0.0106597 -0.109458 1.9366
-0.112553 0.0100415 -0.993609 -49.6576 -0.00990723 0.999893 0.0112269 -0.137947 0.993609 0.011108 -0.112442 1.84845
-0.114079 0.00712741 -0.993461 -50.4566 -0.0132416 0.99988 0.00869296 -0.146639 0.993395 0.0141469 -0.113971 1.7436
-0.1153 0.00590512 -0.993328 -51.2481 -0.0163056 0.999843 0.00783622 -0.136467 0.993209 0.0171007 -0.115185 1.63976
-0.117116 0.00602873 -0.993115 -52.0418 -0.0164353 0.999838 0.00800672 -0.133812 0.992994 0.01726 -0.116999 1.53984
-0.118569 0.0065016 -0.992939 -52.8144 -0.0150046 0.99986 0.00833836 -0.145143 0.992845 0.0158878 -0.118454 1.44247
-0.120441 0.0063205 -0.992716 -53.5928 -0.0163783 0.999837 0.00835194 -0.146075 0.992598 0.0172649 -0.120318 1.3402
-0.121504 0.00655988 -0.992585 -54.3645 -0.0160296 0.999842 0.00856976 -0.148937 0.992475 0.0169525 -0.121379 1.2432
-0.121837 0.00703521 -0.992542 -55.1285 -0.0149065 0.999855 0.00891586 -0.14509 0.992451 0.0158816 -0.121714 1.14786
-0.123133 0.00846563 -0.99237 -55.9042 -0.0136623 0.999862 0.0102245 -0.140902 0.992309 0.0148174 -0.123 1.05143
-0.122644 0.0108897 -0.992409 -56.6624 -0.013956 0.999828 0.0126948 -0.133391 0.992366 0.0154071 -0.122471 0.955107
-0.12394 0.0115806 -0.992239 -57.4262 -0.0138864 0.99982 0.0134035 -0.138732 0.992208 0.0154402 -0.123757 0.857432
-0.125157 0.0114486 -0.992088 -58.1678 -0.0143236 0.999814 0.0133438 -0.14066 0.992048 0.0158805 -0.12497 0.760062
-0.124812 0.0105781 -0.992142 -58.9112 -0.0124007 0.999856 0.0122203 -0.144846 0.992118 0.0138289 -0.124662 0.662099
-0.126654 0.00841889 -0.99193 -59.6395 -0.0116417 0.999888 0.00997189 -0.154103 0.991894 0.012811 -0.126541 0.566721
-0.125843 0.00825311 -0.992034 -60.3493 -0.0107696 0.999902 0.00968471 -0.159536 0.992007 0.0119031 -0.125742 0.473839
-0.125545 0.00710943 -0.992081 -61.0493 -0.0110576 0.999909 0.00856383 -0.170997 0.992042 0.0120455 -0.125454 0.374676
-0.124346 0.00645258 -0.992237 -61.7478 -0.0118773 0.999905 0.00799093 -0.187582 0.992184 0.0127792 -0.124257 0.275041
-0.119841 0.00699328 -0.992788 -62.4094 -0.0114258 0.999905 0.00842179 -0.191746 0.992744 0.012353 -0.11975 0.188486
-0.115741 0.00875439 -0.99326 -63.101 -0.0085452 0.999923 0.00980897 -0.216792 0.993259 0.00962344 -0.115657 0.112193
-0.108899 0.00969702 -0.994026 -63.7352 -0.00881876 0.999909 0.0107197 -0.220304 0.994031 0.0099337 -0.108804 0.0385689
-0.100309 0.0102241 -0.994924 -64.3721 -0.00856068 0.999909 0.0111385 -0.225672 0.994937 0.00963509 -0.100212 -0.0284698
-0.0891083 0.0116702 -0.995975 -64.9925 -0.0102678 0.999874 0.0126335 -0.236399 0.995987 0.0113525 -0.0889775 -0.0937942
-0.0746243 0.0133661 -0.997143 -65.5887 -0.012382 0.999829 0.0143288 -0.232631 0.997153 0.0134165 -0.0744458 -0.145082
-0.0582634 0.0140704 -0.998223 -66.1892 -0.0137324 0.999801 0.0148932 -0.236024 0.998224 0.014576 -0.0580592 -0.18941
-0.0371605 0.0150951 -0.999217 -66.7458 -0.014146 0.999786 0.0156298 -0.237716 0.999228 0.0147165 -0.0369391 -0.202434
-0.0119715 0.0155453 -0.999829 -67.2912 -0.0132858 0.999795 0.0157029 -0.239366 0.999858 0.0134719 -0.0117635 -0.200734
0.016713 0.0158631 -0.999757 -67.7994 -0.0120223 0.999813 0.0156632 -0.243616 0.999808 0.0117584 0.0168998 -0.189322
0.0504449 0.0159497 -0.998622 -68.2972 -0.0116581 0.99982 0.0153791 -0.240869 0.998678 0.0108667 0.0506203 -0.150525
0.0870235 0.0162509 -0.996096 -68.7771 -0.0105696 0.999835 0.0153886 -0.244225 0.996171 0.00919013 0.0871792 -0.0932685
0.125819 0.0162718 -0.991942 -69.2376 -0.00975648 0.999844 0.0151631 -0.246325 0.992025 0.00777052 0.125956 -0.00491626
0.169992 0.017048 -0.98532 -69.6902 -0.00979906 0.999839 0.0156088 -0.24118 0.985417 0.00700284 0.170129 0.0880915
0.2166 0.016676 -0.976141 -70.1222 -0.00690676 0.999862 0.0155478 -0.242676 0.976256 0.00337475 0.216682 0.229513
0.265676 0.013958 -0.963984 -70.5431 -0.00243348 0.999911 0.0138076 -0.246146 0.96408 -0.00132139 0.265683 0.384483
0.316355 0.0105115 -0.948607 -70.9525 0.00130723 0.999939 0.0115155 -0.237047 0.948661 -0.00488247 0.316318 0.562021
0.36847 0.0077204 -0.929631 -71.3468 0.00584154 0.999936 0.0106197 -0.237169 0.929643 -0.00934227 0.368396 0.754802
0.419698 0.00740564 -0.90766 -71.7427 0.00648989 0.999923 0.0111585 -0.228104 0.907663 -0.0105732 0.419613 0.978866
0.468442 0.0059136 -0.8835 -72.1215 0.00964766 0.999893 0.011808 -0.21705 0.883466 -0.0140538 0.468328 1.21247
0.51359 0.00332834 -0.858057 -72.4613 0.0152922 0.999805 0.0130303 -0.214663 0.857924 -0.019813 0.513434 1.47466
0.558165 -0.000158886 -0.829757 -72.8004 0.0234773 0.999612 0.0156015 -0.221709 0.829424 -0.0281871 0.557944 1.77207
0.601514 -0.00412457 -0.798882 -73.1161 0.0251645 0.999596 0.0137856 -0.21789 0.798493 -0.0283949 0.601368 2.06847
0.644253 -0.00890023 -0.764791 -73.4205 0.0235291 0.999699 0.00818678 -0.206742 0.76448 -0.0232676 0.644259 2.36722
0.685638 -0.0144357 -0.727833 -73.7058 0.0205235 0.999797 -0.000497142 -0.212156 0.727684 -0.0145963 0.685788 2.67222
0.726938 -0.017435 -0.686515 -74.0005 0.0177978 0.999829 -0.00654629 -0.202426 0.686505 -0.00745817 0.727114 3.02165
0.766755 -0.0180092 -0.641726 -74.2944 0.0169279 0.999834 -0.00783433 -0.204205 0.641752 -0.00485555 0.766925 3.40202
0.80307 -0.0184129 -0.59564 -74.5658 0.0169963 0.999832 -0.00799265 -0.21787 0.595682 -0.00370347 0.803237 3.8129
0.836456 -0.0181128 -0.54778 -74.8285 0.0157042 0.999843 -0.0090819 -0.203205 0.547852 -0.00100535 0.836601 4.25427
0.865092 -0.0165408 -0.501388 -75.0714 0.0152373 0.99987 -0.0066961 -0.221837 0.501429 -0.00184536 0.86522 4.72021
0.88928 -0.0120816 -0.457259 -75.3189 0.0110261 0.999936 -0.00497827 -0.211524 0.457284 -0.000614132 0.889346 5.20944
0.908979 -0.00800668 -0.416825 -75.5441 0.00607019 0.999973 -0.00597177 -0.208075 0.416858 0.00289978 0.90899 5.6983
0.92472 -0.00434635 -0.380691 -75.7586 0.003086 0.999996 -0.00392332 -0.211296 0.380702 0.00245389 0.924719 6.23235
0.936966 -0.00333854 -0.349478 -75.9612 0.00283807 1 -0.00194525 -0.216254 0.349483 0.000832571 0.936966 6.7894
0.945538 -0.00297663 -0.325576 -76.1447 0.00303151 1 -0.000341657 -0.234054 0.325574 -0.000663129 0.945541 7.34418
0.952784 -0.0021681 -0.303726 -76.3413 0.0025701 1.00001 0.000922619 -0.238042 0.303723 -0.00165782 0.952781 7.95016
0.958767 -0.00146434 -0.28428 -76.5194 0.00264237 0.999999 0.00375728 -0.246947 0.28427 -0.00435273 0.958759 8.56137
0.963107 0.00259398 -0.269201 -76.704 -0.00119833 0.999995 0.00534694 -0.249177 0.26921 -0.00482515 0.963092 9.18874
0.966989 0.00483859 -0.254873 -76.8798 -0.00320428 0.999981 0.00682312 -0.239643 0.254898 -0.00578047 0.966976 9.8337
0.970412 0.00340025 -0.241538 -77.0438 -0.00173233 0.999983 0.00711542 -0.250279 0.241556 -0.00648446 0.970388 10.4989
0.973811 0.00435087 -0.22743 -77.1984 -0.00279325 0.99998 0.00716573 -0.2574 0.227453 -0.0063421 0.973793 11.179
0.977513 0.00526015 -0.210935 -77.3565 -0.00365626 0.999972 0.00799042 -0.252358 0.210969 -0.00703751 0.97749 11.8962
0.980534 0.00611066 -0.196387 -77.5008 -0.00460056 0.999966 0.00813966 -0.245595 0.196428 -0.007077 0.980517 12.6046
0.983467 0.00762246 -0.181073 -77.6411 -0.0068082 0.999974 0.00511405 -0.256125 0.181106 -0.00379477 0.983479 13.3292
0.985626 0.00808538 -0.168908 -77.7746 -0.00805181 0.999977 0.000877238 -0.262392 0.168909 0.000496018 0.985657 14.0502
0.987222 0.00765814 -0.159344 -77.8961 -0.00803468 0.999977 -0.00172383 -0.283485 0.159325 0.00298406 0.987247 14.7789
0.988595 0.00876076 -0.150522 -78.0152 -0.00910094 0.999967 -0.00157789 -0.287004 0.150501 0.00293034 0.98863 15.543
0.989787 0.00896414 -0.142475 -78.1338 -0.0085141 0.999968 0.00376352 -0.289317 0.142503 -0.00251005 0.989816 16.3462
0.990608 0.0146703 -0.136141 -78.2567 -0.0133326 0.999863 0.0107251 -0.280699 0.136278 -0.00880844 0.990657 17.1224
0.991439 0.0160524 -0.129803 -78.3628 -0.0144056 0.999815 0.0136106 -0.285657 0.129997 -0.011622 0.991471 17.9357
0.991914 0.0166549 -0.126032 -78.4608 -0.0151453 0.999812 0.0129186 -0.298188 0.126222 -0.0109045 0.991968 18.6952
0.992393 0.0165588 -0.122235 -78.5632 -0.0151278 0.999817 0.0126206 -0.294438 0.12242 -0.0106733 0.992447 19.4642
0.992752 0.0163424 -0.119299 -78.6529 -0.0146839 0.999793 0.0147605 -0.294812 0.119514 -0.0129007 0.992775 20.2214
0.993078 0.0154762 -0.116698 -78.7415 -0.0136478 0.999783 0.0164449 -0.29288 0.116926 -0.0147359 0.993058 20.9901
0.993526 0.0137141 -0.113036 -78.8311 -0.0118047 0.999788 0.017537 -0.287155 0.113252 -0.0160881 0.993463 21.7578
0.99382 0.0138842 -0.110419 -78.9178 -0.0123093 0.999825 0.0149261 -0.285557 0.110606 -0.0134721 0.9938 22.5081
0.993987 0.017952 -0.108291 -79.0108 -0.0172154 0.999833 0.00772433 -0.284961 0.108411 -0.00581266 0.994116 23.2549
0.994238 0.0180357 -0.105962 -79.1003 -0.0179306 0.999849 0.00193767 -0.279665 0.10598 -2.42713e-05 0.994396 24.0141
0.994469 0.0200962 -0.103378 -79.1959 -0.0203338 0.999803 -0.00125526 -0.300985 0.103332 0.00335124 0.994668 24.7791
0.994637 0.0242664 -0.100858 -79.2888 -0.0242784 0.999717 0.00109863 -0.333795 0.100855 0.00135816 0.994928 25.5659
0.994815 0.0260173 -0.0986153 -79.3738 -0.0257759 0.999672 0.00370902 -0.336429 0.0986784 -0.00114698 0.995147 26.3298
0.995056 0.0294841 -0.0951729 -79.4668 -0.0289475 0.999569 0.00700302 -0.351961 0.0953373 -0.00421109 0.995464 27.0648
0.995184 0.0274582 -0.0944149 -79.5561 -0.0268203 0.99962 0.00800771 -0.371654 0.0945979 -0.00543598 0.995529 27.8709
0.995353 0.0239775 -0.093605 -79.623 -0.0233634 0.99971 0.0076399 -0.365356 0.0937606 -0.00541516 0.995609 28.6277
0.995374 0.0214183 -0.0939795 -79.6945 -0.0208337 0.999768 0.00718569 -0.364135 0.0941107 -0.0051936 0.995576 29.3908
0.995405 0.0186427 -0.0942597 -79.7759 -0.0185439 0.999839 0.00191396 -0.327127 0.0942796 -0.00015496 0.995575 30.1654
0.995431 0.0185083 -0.0939984 -79.8526 -0.0183978 0.99984 0.00203153 -0.33869 0.0940199 -0.000291768 0.995598 30.9329
0.995448 0.0165974 -0.0941898 -79.9212 -0.0166424 0.999874 0.000297619 -0.345882 0.0941824 0.00127362 0.995583 31.6474
0.995402 0.018058 -0.0943953 -80.0007 -0.0182147 0.999846 -0.00080967 -0.360291 0.0943652 0.00252641 0.995563 32.4216
0.995401 0.0185889 -0.0943251 -80.0809 -0.0187024 0.999838 -0.000331688 -0.374484 0.0943032 0.00209653 0.99557 33.1856
0.995249 0.0173695 -0.096123 -80.1551 -0.017582 0.999856 -0.00137456 -0.390272 0.0960844 0.00305923 0.995397 33.9456
0.994921 0.016367 -0.0996455 -80.2402 -0.0165368 0.999875 -0.000889901 -0.406444 0.0996179 0.00253544 0.995052 34.7326
0.994658 0.0155407 -0.102358 -80.3276 -0.0158152 0.999885 -0.00188046 -0.424218 0.102316 0.00349044 0.994775 35.5045
0.994295 0.0183105 -0.105394 -80.4267 -0.0185929 0.999838 -0.00170825 -0.431337 0.105345 0.00366039 0.994458 36.3044
0.99389 0.0182351 -0.10915 -80.5215 -0.01886 0.999823 -0.00470549 -0.443375 0.109044 0.0067364 0.994043 37.0946
0.993602 0.0190169 -0.111621 -80.6161 -0.0199512 0.999787 -0.00727042 -0.460212 0.111458 0.00945293 0.993754 37.8756
0.993089 0.0190693 -0.116082 -80.7239 -0.0204523 0.999745 -0.0107434 -0.453918 0.115846 0.0130443 0.99321 38.6866
0.992738 0.0173752 -0.119318 -80.8207 -0.0186563 0.999792 -0.00963966 -0.463542 0.119124 0.0117977 0.992839 39.4913
0.992463 0.0169367 -0.121639 -80.9135 -0.0182639 0.999797 -0.00981423 -0.467789 0.121447 0.0119628 0.992555 40.3271
0.992155 0.0176341 -0.124039 -81.0163 -0.0189905 0.999784 -0.00977216 -0.502425 0.123838 0.0120532 0.99226 41.1631
0.99211 0.017839 -0.124367 -81.1222 -0.0190174 0.999796 -0.00830405 -0.512441 0.124192 0.0106047 0.992231 41.9841
0.991898 0.0172323 -0.126135 -81.229 -0.0178261 0.999847 -0.00359189 -0.539099 0.126053 0.00581366 0.992038 42.8361
0.991887 0.016834 -0.126269 -81.3447 -0.0172214 0.999862 -0.00198572 -0.55632 0.126216 0.00414525 0.992024 43.6713
0.992175 0.0192689 -0.123645 -81.4505 -0.0196771 0.999817 -0.00209264 -0.564137 0.12358 0.00451167 0.992355 44.5199
0.992319 0.0197585 -0.122402 -81.5648 -0.0201644 0.999807 -0.00208853 -0.57738 0.122335 0.00454179 0.992509 45.3803
0.992691 0.0191653 -0.11945 -81.6655 -0.0199752 0.999797 -0.0055979 -0.594904 0.119317 0.00794535 0.992856 46.2258
0.992965 0.0156372 -0.11767 -81.7701 -0.0164735 0.999858 -0.00614773 -0.615402 0.117555 0.00804387 0.993065 47.0994
0.993149 0.0124502 -0.11649 -81.8484 -0.0134216 0.999893 -0.00756851 -0.634865 0.116382 0.00908242 0.993194 47.9768
0.993469 0.00955029 -0.114014 -81.9569 -0.0103323 0.999939 -0.00627708 -0.638268 0.113945 0.00741492 0.99349 48.8646
0.993504 0.00735899 -0.113874 -82.0512 -0.00789093 0.999973 -0.00423147 -0.654627 0.113839 0.00510491 0.993518 49.7391
0.993733 0.00776598 -0.111831 -82.1406 -0.00830984 0.999968 -0.00440451 -0.674255 0.111792 0.00530705 0.993749 50.6263
0.993613 0.00772667 -0.112893 -82.2555 -0.00869441 0.999943 -0.00809302 -0.689939 0.112823 0.0090251 0.993606 51.4786
0.993689 0.00986899 -0.112058 -82.3562 -0.0115594 0.999842 -0.0144531 -0.696671 0.111896 0.0156579 0.993628 52.3239
0.993899 0.00946822 -0.110217 -82.4563 -0.0115288 0.999783 -0.0180854 -0.720167 0.11002 0.0192477 0.993775 53.1802
0.993842 0.0132723 -0.110335 -82.556 -0.0159651 0.999607 -0.0235671 -0.751755 0.109977 0.025184 0.993647 54.038
0.994034 0.0114645 -0.108804 -82.6483 -0.0142023 0.999613 -0.0244339 -0.768628 0.10848 0.0258353 0.993795 54.9102
0.994078 0.00988259 -0.108555 -82.7434 -0.012079 0.999747 -0.019603 -0.7986 0.108332 0.0207988 0.99393 55.7597
0.99408 0.00838074 -0.108665 -82.8402 -0.00953662 0.999916 -0.0101337 -0.824865 0.108569 0.0111121 0.994059 56.6174
0.994184 0.0076094 -0.107761 -82.9429 -0.00825851 0.999962 -0.00558538 -0.853198 0.107713 0.00644373 0.994194 57.4912
0.993911 0.00556314 -0.110375 -83.0428 -0.00662418 0.999948 -0.00925964 -0.87427 0.110317 0.00993652 0.99388 58.3357
0.993834 0.00117852 -0.111198 -83.1331 -0.00247718 0.999942 -0.0115463 -0.896951 0.111176 0.0117513 0.993764 59.182
0.993736 0.00147482 -0.112071 -83.2467 -0.00299102 0.999919 -0.0133718 -0.923545 0.112041 0.0136253 0.993643 60.0183
0.993587 0.00131503 -0.113382 -83.3426 -0.0031284 0.999882 -0.0158222 -0.941224 0.113347 0.0160761 0.993458 60.837
0.993299 0.00379863 -0.115829 -83.4502 -0.00592835 0.999833 -0.018058 -0.95907 0.11574 0.0186257 0.993139 61.6576
0.9928 0.00470378 -0.120005 -83.5545 -0.00723721 0.999772 -0.0206894 -0.987613 0.119879 0.0214097 0.992591 62.4527
0.992583 0.00717352 -0.121672 -83.66 -0.0101841 0.999671 -0.0241502 -1.01439 0.121458 0.0252122 0.99231 63.2818
0.992113 0.00749117 -0.12542 -83.7729 -0.0105375 0.999676 -0.0236492 -1.03158 0.125201 0.0247849 0.991855 64.0703
0.991668 0.00797782 -0.128877 -83.8862 -0.0110279 0.999689 -0.0229795 -1.05905 0.128653 0.0242116 0.991428 64.8704
0.991257 0.0102454 -0.131827 -84.0029 -0.0128243 0.999754 -0.0187344 -1.09036 0.131601 0.020262 0.99113 65.6784
0.99081 0.0176217 -0.134405 -84.1203 -0.0195093 0.999742 -0.012749 -1.16654 0.134145 0.0152566 0.990878 66.4643
0.990257 0.0194619 -0.138159 -84.23 -0.020944 0.99975 -0.00928717 -1.209 0.137942 0.0120914 0.990401 67.2639
0.989292 0.0211493 -0.144681 -84.3512 -0.022653 0.999719 -0.00876288 -1.22391 0.144454 0.0119492 0.989473 68.0546
0.988476 0.0194719 -0.150378 -84.4713 -0.0205286 0.999787 -0.00548272 -1.24827 0.150238 0.00850777 0.988649 68.8412
0.987887 0.0229445 -0.15373 -84.5687 -0.0239693 0.999715 -0.00482487 -1.27226 0.153574 0.00845398 0.988135 69.639
0.986838 0.0263809 -0.15979 -84.7087 -0.0276256 0.999615 -0.00558042 -1.28193 0.15958 0.00992232 0.987171 70.4394
0.985896 0.0285889 -0.165149 -84.8496 -0.0303736 0.999518 -0.00830058 -1.29504 0.16483 0.0132022 0.986268 71.2035
0.985082 0.0287205 -0.169899 -84.9852 -0.0309502 0.999479 -0.0104968 -1.31055 0.169507 0.0155995 0.985443 71.9676
0.984049 0.0343582 -0.174784 -85.1347 -0.036408 0.999315 -0.00854418 -1.35165 0.174369 0.0147739 0.984604 72.7857
0.983437 0.0365603 -0.177745 -85.2713 -0.037961 0.999283 -0.00449249 -1.36525 0.177451 0.0111664 0.984104 73.5399
0.98248 0.0384538 -0.182581 -85.4226 -0.0392395 0.999244 -0.000700921 -1.36894 0.182414 0.0078555 0.983226 74.3078
0.981349 0.0356146 -0.189121 -85.5765 -0.036112 0.999362 0.00081035 -1.38333 0.189026 0.00603525 0.981992 75.065
0.980315 0.0320729 -0.195026 -85.7518 -0.0336412 0.999437 -0.00474074 -1.38177 0.194762 0.0112108 0.980821 75.8504
0.978583 0.0314191 -0.203641 -85.9152 -0.0343443 0.999367 -0.0108506 -1.39505 0.203168 0.0176128 0.979025 76.5936
0.976856 0.0290286 -0.212117 -86.0799 -0.0324729 0.999406 -0.0127776 -1.40401 0.211618 0.0193722 0.977197 77.3274
0.974505 0.0255098 -0.223091 -86.2494 -0.0285778 0.999552 -0.0105382 -1.43776 0.222719 0.0166458 0.97478 78.0615
0.972071 0.0285555 -0.233122 -86.4634 -0.0303503 0.999546 -0.00412011 -1.44855 0.232895 0.0110828 0.972476 78.8327
0.969408 0.0295323 -0.243842 -86.6526 -0.0297854 0.999568 0.00264626 -1.44899 0.243811 0.00469877 0.969851 79.5575
0.966403 0.0275041 -0.255719 -86.8458 -0.0269607 0.999638 0.00562601 -1.46988 0.255777 0.00146006 0.966772 80.279
0.964046 0.0310057 -0.264077 -87.069 -0.0311467 0.999524 0.00365047 -1.47091 0.26406 0.00470699 0.964535 81.0322
0.960539 0.0297234 -0.27671 -87.2781 -0.0321414 0.999493 -0.00421093 -1.47109 0.27644 0.0129411 0.960983 81.7305
0.957037 0.0266733 -0.288887 -87.4957 -0.0301695 0.999533 -0.00765987 -1.47321 0.288543 0.016047 0.957375 82.4226
0.95397 0.0276733 -0.298765 -87.7487 -0.0301607 0.999556 -0.00372089 -1.46754 0.298525 0.0125633 0.954358 83.1586
0.950183 0.0276498 -0.310605 -87.9825 -0.0279543 0.999622 0.00346785 -1.47696 0.310578 0.00538847 0.950576 83.8649
0.946493 0.0256787 -0.321834 -88.2206 -0.024432 0.999689 0.00790946 -1.49524 0.321932 0.000379527 0.946803 84.5497
0.942645 0.0225653 -0.333168 -88.4652 -0.0211889 0.999764 0.0077617 -1.51401 0.333258 -0.000255988 0.94288 85.2324
0.938273 0.0211571 -0.345373 -88.7315 -0.0214623 0.999784 0.0029378 -1.54032 0.345354 0.00465865 0.938502 85.9121
0.934966 0.0187355 -0.35437 -88.9878 -0.0204781 0.999809 -0.00117059 -1.55832 0.354273 0.00835219 0.93515 86.5821
0.931262 0.0171713 -0.364069 -89.2602 -0.0203761 0.999799 -0.00496608 -1.56182 0.363904 0.0120455 0.931401 87.277
0.92796 0.0177606 -0.372378 -89.543 -0.0217952 0.99976 -0.00663085 -1.57152 0.372163 0.0142699 0.928104 87.9576
0.924638 0.0188354 -0.3805 -89.8314 -0.0233184 0.999721 -0.00717823 -1.58458 0.380251 0.0155123 0.924796 88.6015
0.920698 0.0196655 -0.389897 -90.122 -0.0231769 0.999741 -0.00430667 -1.61546 0.389703 0.0130024 0.920895 89.2853
0.916967 0.0196956 -0.398592 -90.4039 -0.0217092 0.999783 -0.000540924 -1.61456 0.398487 0.00915146 0.917172 89.9427
0.913379 0.0238413 -0.406523 -90.7206 -0.0230616 0.99973 0.00681418 -1.6361 0.406567 0.00315188 0.913663 90.6383
0.910344 0.0299043 -0.412882 -91.0479 -0.0276769 0.999571 0.0113731 -1.64047 0.413037 0.00107639 0.910757 91.3227
0.908234 0.0355395 -0.417061 -91.379 -0.0329171 0.999386 0.0134764 -1.63629 0.417275 0.00148949 0.908826 92.0008
0.905487 0.0375891 -0.422814 -91.7183 -0.0382289 0.999264 0.00696603 -1.6573 0.422757 0.00985834 0.906233 92.6894
0.904703 0.0344738 -0.424755 -92.0143 -0.0383794 0.999282 -0.000644158 -1.70723 0.424418 0.016885 0.905357 93.4049
0.90263 0.0353356 -0.429071 -92.3601 -0.0393182 0.999246 -0.000422623 -1.69407 0.428725 0.0172539 0.903314 94.1055
0.900258 0.0391799 -0.4337 -92.7162 -0.0422 0.999125 0.00266092 -1.67862 0.433415 0.0159072 0.901103 94.8014
0.89815 0.0399545 -0.437978 -93.0579 -0.0416703 0.999135 0.00569265 -1.69689 0.437819 0.01314 0.899013 95.4867
0.895381 0.0386676 -0.443727 -93.4009 -0.0402027 0.999193 0.00594739 -1.6983 0.44359 0.0125144 0.896193 96.1787
0.893141 0.0399984 -0.448101 -93.7555 -0.0441399 0.999045 0.00119732 -1.70121 0.447713 0.0187118 0.894028 96.8584
0.890681 0.0371627 -0.453217 -94.1079 -0.0434864 0.999068 -0.00354122 -1.70197 0.452652 0.022863 0.891445 97.5423
0.888298 0.0373921 -0.457848 -94.4667 -0.0442624 0.999031 -0.00428725 -1.70414 0.457236 0.0240756 0.889067 98.2267
0.886499 0.0374934 -0.461318 -94.827 -0.0430755 0.999091 -0.00157735 -1.71266 0.460829 0.02127 0.887287 98.9057
0.884003 0.038463 -0.466 -95.194 -0.0432048 0.999087 0.000502554 -1.7249 0.465585 0.0196912 0.884831 99.5878
0.881774 0.0382033 -0.470232 -95.5576 -0.0426109 0.999112 0.0012665 -1.72779 0.469851 0.0189204 0.882597 100.253
0.878986 0.0377378 -0.475454 -95.9085 -0.041958 0.999139 0.00173358 -1.72981 0.475101 0.0184273 0.879786 100.921
0.876628 0.0358061 -0.479943 -96.2812 -0.0403441 0.999207 0.000854811 -1.74313 0.479581 0.0186136 0.877355 101.584
0.874714 0.0343693 -0.483522 -96.6462 -0.0383223 0.999285 0.00170221 -1.74214 0.483226 0.0170427 0.875379 102.234
0.871851 0.0343939 -0.488669 -97.0261 -0.0378807 0.9993 0.00274782 -1.81807 0.48841 0.0161156 0.872521 102.898
0.869751 0.0343023 -0.492398 -97.3987 -0.0376118 0.999309 0.00317834 -1.82622 0.492157 0.0157576 0.870414 103.54
0.867077 0.0320986 -0.497246 -97.7782 -0.0368367 0.999343 0.000274731 -1.84246 0.496916 0.0180786 0.867667 104.19
0.865033 0.026999 -0.501089 -98.1467 -0.0332237 0.999464 -0.00350405 -1.86845 0.500716 0.0196809 0.865439 104.836
0.862656 0.0257237 -0.505243 -98.5163 -0.0327631 0.999472 -0.00505455 -1.8789 0.504834 0.0209135 0.863021 105.467
0.860392 0.0279313 -0.508968 -98.9017 -0.0338046 0.999448 -0.00229898 -1.8859 0.508612 0.0191852 0.860834 106.11
0.858281 0.0306798 -0.512367 -99.279 -0.0324751 0.999479 0.00544615 -1.88254 0.512255 0.0119649 0.858808 106.735
0.857002 0.0314563 -0.514453 -99.6391 -0.0290213 0.99952 0.012769 -1.88655 0.514597 0.00398925 0.857476 107.351
0.855055 0.0303071 -0.517757 -100.016 -0.0261469 0.999564 0.015328 -1.91094 0.517982 0.00043195 0.855451 107.968
0.853609 0.0289947 -0.520208 -100.37 -0.0241771 0.999601 0.0160409 -1.91848 0.520455 -0.00111323 0.853943 108.554
0.85162 0.0276088 -0.523538 -100.739 -0.0242124 0.999641 0.0133294 -1.92542 0.523704 0.00132508 0.851959 109.135
0.849754 0.027619 -0.526557 -101.086 -0.0240412 0.99964 0.0136345 -1.92124 0.526733 0.00107516 0.850086 109.694
0.848278 0.0271922 -0.528957 -101.432 -0.0234633 0.999653 0.0137605 -1.91823 0.529135 0.000738847 0.848597 110.239
0.846768 0.0259104 -0.531432 -101.767 -0.0220861 0.999686 0.0135478 -1.93198 0.531605 0.000267524 0.847049 110.767
0.845499 0.0255468 -0.533471 -102.092 -0.0212041 0.999697 0.0142657 -1.93979 0.533661 -0.000749312 0.845758 111.277
0.843794 0.0258399 -0.536146 -102.405 -0.0207596 0.999686 0.0155074 -1.94749 0.536367 -0.0019527 0.84404 111.759
0.842423 0.0258288 -0.538302 -102.712 -0.020201 0.999685 0.0163519 -1.95341 0.538542 -0.00290042 0.842655 112.233
0.841084 0.0253782 -0.540408 -103.005 -0.019326 0.999693 0.0168667 -1.95554 0.540658 -0.00374021 0.841291 112.683
0.839683 0.0251183 -0.542601 -103.285 -0.0197146 0.999704 0.0157689 -1.95929 0.542823 -0.0025432 0.839905 113.112
0.838658 0.0265174 -0.544113 -103.559 -0.0229338 0.99967 0.0133691 -1.97654 0.544276 0.00126867 0.838963 113.521
0.837022 0.0247153 -0.546714 -103.818 -0.022988 0.999709 0.00999785 -1.98335 0.546788 0.00419973 0.837322 113.914
0.834758 0.0252443 -0.550138 -104.063 -0.0232992 0.999696 0.0105186 -1.97771 0.550224 0.00403942 0.835066 114.291
0.832256 0.0250208 -0.55393 -104.299 -0.0226524 0.999705 0.0111207 -1.9741 0.554031 0.00329295 0.832552 114.65
0.829127 0.0242841 -0.558632 -104.53 -0.020755 0.999728 0.0126527 -1.97259 0.558774 0.00110587 0.829379 114.993
0.82513 0.0296887 -0.564263 -104.761 -0.0254189 0.999582 0.0154213 -1.98673 0.56447 0.00161879 0.825515 115.319
0.82175 0.0340247 -0.568929 -104.973 -0.0287449 0.999443 0.0182515 -1.98068 0.56922 0.00135791 0.822245 115.606
0.817708 0.0385146 -0.574443 -105.188 -0.0299289 0.999278 0.0243941 -1.98074 0.574953 -0.00275413 0.818246 115.906
0.813036 0.0397724 -0.58095 -105.389 -0.0286311 0.999212 0.0283366 -1.98321 0.581605 -0.00640299 0.813508 116.178
0.807592 0.0392087 -0.588536 -105.574 -0.0267148 0.999219 0.0299095 -1.99729 0.589234 -0.00843131 0.807984 116.44
0.80096 0.0366665 -0.597688 -105.751 -0.0230714 0.999295 0.0303849 -1.99295 0.598367 -0.010545 0.801215 116.687
0.792482 0.0361575 -0.608918 -105.927 -0.0214609 0.999299 0.0314069 -1.98459 0.609612 -0.0118206 0.792679 116.912
0.782352 0.0363708 -0.621864 -106.104 -0.0211354 0.999292 0.0318542 -1.98827 0.622567 -0.0117753 0.782542 117.122
0.770364 0.0378046 -0.636575 -106.268 -0.0223996 0.999252 0.0322349 -1.98908 0.637301 -0.0105727 0.770612 117.311
0.756467 0.0379062 -0.653019 -106.429 -0.0228749 0.999265 0.0315054 -2.0043 0.653717 -0.00889255 0.756753 117.494
0.741671 0.0352958 -0.669922 -106.592 -0.0232333 0.999391 0.0269318 -1.9912 0.670446 -0.00440933 0.742017 117.648
0.726835 0.0316666 -0.686163 -106.745 -0.0222435 0.999521 0.0225653 -1.99155 0.686532 -0.00113636 0.727167 117.798
0.711153 0.0314404 -0.702418 -106.918 -0.0254295 0.99952 0.0189921 -1.98597 0.702658 0.00435628 0.71159 117.934
0.695272 0.0343109 -0.718006 -107.088 -0.0314522 0.999379 0.0172995 -1.9697 0.718135 0.010557 0.695896 118.069
0.678058 0.0359925 -0.734207 -107.273 -0.0341639 0.999288 0.0174352 -1.95529 0.734292 0.0132615 0.678784 118.202
0.659584 0.0350843 -0.750887 -107.451 -0.0317391 0.999343 0.0188125 -1.9605 0.751033 0.011426 0.660243 118.339
0.639871 0.0346233 -0.767779 -107.624 -0.029243 0.999382 0.0206952 -1.95683 0.768 0.0092103 0.640468 118.464
0.618288 0.035455 -0.785223 -107.81 -0.0288128 0.999357 0.0224357 -1.9525 0.785493 0.00875477 0.618891 118.584
0.594688 0.0391559 -0.803077 -107.993 -0.0310631 0.999211 0.0257154 -1.93896 0.803427 0.00965373 0.595416 118.691
0.570098 0.0419089 -0.820576 -108.189 -0.0327779 0.999087 0.0282528 -1.92753 0.820989 0.0107919 0.570931 118.79
0.544893 0.0445264 -0.837394 -108.384 -0.034069 0.998964 0.0309478 -1.91794 0.837881 0.0116662 0.545828 118.893
0.519222 0.045878 -0.853473 -108.588 -0.0356473 0.998876 0.032007 -1.90197 0.853959 0.0138072 0.520255 118.989
0.492501 0.0502261 -0.868932 -108.782 -0.0393398 0.998622 0.0354243 -1.90457 0.869487 0.0167372 0.493782 119.066
0.465051 0.053231 -0.883746 -108.983 -0.0402017 0.998455 0.0389846 -1.89989 0.884431 0.0174001 0.466456 119.161
0.435536 0.0534271 -0.898653 -109.184 -0.0390025 0.998444 0.0404565 -1.90047 0.899389 0.0174295 0.436927 119.236
0.403712 0.0518807 -0.913476 -109.391 -0.0382472 0.998499 0.0398058 -1.89996 0.914145 0.0188695 0.405075 119.301
0.369684 0.0478325 -0.927993 -109.65 -0.0370788 0.998662 0.0367032 -1.89373 0.928478 0.0208403 0.370951 119.387
0.331369 0.0459108 -0.942443 -109.904 -0.0354633 0.998739 0.0361838 -1.88663 0.942891 0.0214336 0.332567 119.466
0.290505 0.0449456 -0.955883 -110.2 -0.0345455 0.998762 0.0364622 -1.87981 0.956308 0.022429 0.291687 119.536
0.247368 0.0434666 -0.968005 -110.495 -0.0324886 0.998827 0.0365482 -1.87679 0.968432 0.0224098 0.24848 119.586
0.201369 0.0410336 -0.97872 -110.801 -0.0309399 0.998914 0.0355137 -1.85498 0.979084 0.0231301 0.202412 119.619
0.152677 0.038474 -0.987585 -111.145 -0.0291353 0.999006 0.0344147 -1.84823 0.9879 0.0235206 0.153639 119.636
0.102443 0.038077 -0.994073 -111.499 -0.0265541 0.999039 0.0355299 -1.84035 0.994441 0.022757 0.10335 119.654
0.0508995 0.0385745 -0.998016 -111.84 -0.023447 0.999048 0.0374186 -1.82903 0.998482 0.0214972 0.0517513 119.635
-0.00217689 0.0403384 -0.999247 -112.212 -0.0187447 0.999033 0.0403697 -1.8121 0.999878 0.0188187 -0.0014209 119.612
-0.0551726 0.0422717 -0.99764 -112.582 -0.0138503 0.999 0.0430953 -1.81129 0.998434 0.0161966 -0.0545327 119.566
-0.10907 0.043603 -0.993142 -112.98 -0.00858502 0.998984 0.0448015 -1.80874 0.994054 0.0134131 -0.108584 119.5
-0.161893 0.0445254 -0.985863 -113.375 -0.00492166 0.998958 0.0459251 -1.79549 0.98685 0.0122885 -0.161503 119.411
-0.212721 0.0463333 -0.97608 -113.774 -0.000661876 0.998892 0.0475596 -1.78431 0.977171 0.0107635 -0.212451 119.283
-0.262519 0.0467816 -0.963853 -114.199 0.00338255 0.998887 0.0475609 -1.76005 0.964977 0.00922667 -0.262379 119.156
-0.310382 0.0483317 -0.94945 -114.622 0.0099186 0.998841 0.0476026 -1.75015 0.950619 0.00535863 -0.310495 118.999
-0.356417 0.049239 -0.933092 -115.046 0.0150572 0.998808 0.0469557 -1.72812 0.934264 0.00268756 -0.356725 118.816
-0.400961 0.0497602 -0.914813 -115.495 0.017916 0.998783 0.0464742 -1.70982 0.915982 0.00224548 -0.401355 118.607
-0.44191 0.0509138 -0.89568 -115.936 0.0220725 0.998728 0.0458817 -1.6912 0.896849 0.000507024 -0.44246 118.37
-0.48132 0.051827 -0.875086 -116.398 0.0259381 0.99868 0.0448792 -1.68978 0.876227 -0.00109558 -0.482017 118.098
-0.515193 0.0519986 -0.855566 -116.856 0.0275276 0.998672 0.0441204 -1.66871 0.856697 -0.000819858 -0.515926 117.803
-0.543255 0.0517449 -0.838049 -117.323 0.0286439 0.998685 0.0430942 -1.64466 0.839148 -0.000592434 -0.544009 117.479
