1 0 0 0 0 1 0 0 0 0 1 0
0.999996 -0.00240248 -0.00154721 -0.0075032 0.00240714 0.999993 0.00300876 -0.0285315 0.00154003 -0.00301246 0.999995 1.52491
0.999996 -0.00253418 -0.00120862 -0.0158524 0.00254008 0.999985 0.00491317 -0.0379406 0.00119615 -0.00491624 0.999988 3.04777
0.999994 -0.00186206 -0.00305514 -0.0321196 0.00187741 0.999986 0.00503252 -0.0489831 0.00304582 -0.00503825 0.999983 4.58544
0.999995 -0.0013854 -0.00304471 -0.0445455 0.00140198 0.999985 0.00547207 -0.0518907 0.00303678 -0.00547633 0.999982 6.07515
0.999982 -0.0019942 -0.005719 -0.0577826 0.00203129 0.999977 0.00650612 -0.0636704 0.005706 -0.0065176 0.999964 7.61638
0.999971 -0.00238635 -0.00733607 -0.0766057 0.00243592 0.999975 0.00676175 -0.0684863 0.00731946 -0.00677953 0.999951 9.12136
0.999969 -0.00358158 -0.00717488 -0.0924544 0.003635 0.999967 0.0074557 -0.0840442 0.00714804 -0.00748147 0.999948 10.6023
0.999946 -0.00515888 -0.00914217 -0.119678 0.00523046 0.999957 0.00782105 -0.0881773 0.00910112 -0.00786832 0.999929 12.1273
0.999936 -0.00547669 -0.0100729 -0.141378 0.00556113 0.999951 0.00838204 -0.0923761 0.0100265 -0.00843744 0.999916 13.6172
0.999943 -0.00494387 -0.00966596 -0.164997 0.00502894 0.99995 0.00879996 -0.0958237 0.00962161 -0.008848 0.999916 15.086
0.999936 -0.00384013 -0.010911 -0.195934 0.00395083 0.999942 0.0101499 -0.0941125 0.0108714 -0.0101925 0.999891 16.5928
0.999935 -0.00268159 -0.01127 -0.21116 0.00280985 0.999933 0.011383 -0.098216 0.0112383 -0.0114138 0.999874 18.1008
0.999953 -0.00142685 -0.00993595 -0.233874 0.00154953 0.999925 0.0123582 -0.10848 0.00991765 -0.0123731 0.999877 19.5688
0.999934 -0.000814249 -0.0116512 -0.256945 0.000973194 0.999908 0.0136449 -0.100362 0.0116387 -0.0136553 0.999841 21.059
0.99995 -0.000549733 -0.0103766 -0.276264 0.000694152 0.999904 0.0139287 -0.0996614 0.0103681 -0.0139352 0.999852 22.5064
0.999934 0.00110372 -0.011591 -0.301689 -0.000937402 0.999898 0.0143473 -0.0960834 0.0116054 -0.0143354 0.999832 24.0001
0.999939 0.00156613 -0.0112861 -0.326433 -0.00139986 0.999893 0.0147334 -0.0922139 0.0113081 -0.0147167 0.99983 25.4517
0.999964 0.00219057 -0.00852286 -0.335393 -0.00207362 0.999906 0.0137078 -0.0985487 0.00855182 -0.0136895 0.999872 26.9106
0.999952 0.00241698 -0.00989521 -0.367569 -0.00228637 0.999912 0.0131954 -0.0862878 0.00992639 -0.0131722 0.999867 28.3598
0.999958 0.00184633 -0.00924016 -0.386977 -0.00171896 0.999905 0.0137686 -0.0873559 0.00926452 -0.013752 0.999864 29.8
0.999977 -0.000113672 -0.00725369 -0.389527 0.00022599 0.999882 0.0154937 -0.0863766 0.00725116 -0.015495 0.999856 31.2294
0.999966 -0.0016051 -0.00845079 -0.406754 0.00174716 0.999859 0.0168283 -0.0747026 0.00842239 -0.0168424 0.999825 32.6727
0.999983 -0.00165008 -0.00611858 -0.415384 0.00175631 0.999849 0.0173921 -0.0511202 0.00608911 -0.0174026 0.999832 34.0677
0.999982 -0.00128573 -0.00634431 -0.436254 0.00138777 0.999872 0.0161078 -0.0385019 0.00632262 -0.0161162 0.999852 35.4685
0.999987 -0.00102291 -0.00553872 -0.45468 0.00111079 0.999875 0.015878 -0.023709 0.00552199 -0.0158839 0.999861 36.8385
0.999999 -0.000721374 -0.0026835 -0.453887 0.000761694 0.999889 0.0150597 -0.0213226 0.00267218 -0.0150617 0.999886 38.2155
1 -7.62156e-05 -0.00235301 -0.469809 0.00011379 0.999874 0.0159259 -0.0140117 0.00235173 -0.0159262 0.999872 39.5586
1 -0.000403478 -0.000544265 -0.485297 0.00041299 0.999848 0.0175968 -0.00462679 0.000536958 -0.0175969 0.999847 40.8868
1 -0.000641415 0.00246499 -0.485294 0.000595348 0.999826 0.0186751 -0.0094953 -0.0024763 -0.0186736 0.999825 42.1925
0.999995 -0.00070172 0.00393086 -0.490762 0.00062571 0.999817 0.0193038 0.00189389 -0.00394382 -0.0193011 0.999809 43.4867
0.999966 -0.00114842 0.00861098 -0.483242 0.000988845 0.999829 0.0185242 0.00813148 -0.00863056 -0.018515 0.999794 44.7527
0.999933 -0.00242454 0.011598 -0.484124 0.00222679 0.999856 0.0170344 -0.0018418 -0.0116378 -0.0170072 0.999791 46.0127
0.999846 -0.00212645 0.017671 -0.473552 0.00182084 0.99985 0.0172956 0.0235705 -0.0177049 -0.0172607 0.999698 47.2372
0.999818 -0.0019912 0.0191831 -0.473459 0.0016622 0.999855 0.0171536 0.0381434 -0.0192146 -0.0171183 0.999673 48.4765
0.999673 -0.00179185 0.025741 -0.447897 0.00133557 0.999843 0.0177372 0.0544115 -0.0257685 -0.0176969 0.999516 49.6756
0.999481 -0.000138126 0.0323182 -0.423167 -0.000412517 0.999858 0.017033 0.067876 -0.0323161 -0.0170373 0.999336 50.8797
0.999184 0.000923907 0.040549 -0.387919 -0.00162926 0.99985 0.0173702 0.0896747 -0.0405266 -0.0174219 0.999032 52.061
0.998849 0.0011235 0.0480323 -0.354766 -0.00200407 0.999834 0.0182898 0.0860192 -0.0480038 -0.0183648 0.998683 53.241
0.998242 0.00302724 0.0593035 -0.290148 -0.00412215 0.999826 0.0183521 0.0974239 -0.0592373 -0.0185642 0.998077 54.4081
0.997424 0.00503228 0.0716159 -0.232037 -0.0063808 0.99981 0.0186148 0.109264 -0.0715085 -0.0190236 0.997263 55.5692
0.996239 0.00680947 0.0864672 -0.151463 -0.00850472 0.999781 0.0192543 0.117861 -0.0863168 -0.0199172 0.996074 56.708
0.994614 0.00820797 0.103367 -0.0440192 -0.0104085 0.999733 0.0207674 0.127031 -0.103169 -0.0217312 0.994431 57.8332
0.992732 0.0086971 0.120098 0.0606284 -0.0114172 0.999696 0.0219813 0.137138 -0.119869 -0.0231925 0.992525 58.9458
0.990241 0.00836158 0.139149 0.201966 -0.0116259 0.999678 0.022664 0.153217 -0.138914 -0.0240602 0.990017 60.0422
0.987094 0.0077072 0.16 0.366042 -0.0113691 0.999697 0.021985 0.167293 -0.159782 -0.0235202 0.986878 61.1395
0.983608 0.00587215 0.180253 0.537434 -0.00995121 0.999717 0.0217341 0.191377 -0.180074 -0.0231712 0.983385 62.2097
0.979144 0.000549608 0.203205 0.755856 -0.00531803 0.999727 0.0229215 0.180688 -0.203136 -0.0235239 0.978875 63.2625
0.974272 -0.00434367 0.225361 0.979168 -0.00117762 0.999705 0.0243596 0.196321 -0.2254 -0.0239977 0.973976 64.2924
0.968394 -0.00897653 0.249302 1.23131 0.00302538 0.999705 0.0242447 0.204805 -0.249445 -0.0227239 0.96813 65.2999
0.961322 -0.0145648 0.275063 1.52124 0.00854337 0.9997 0.0230764 0.192377 -0.275315 -0.0198335 0.961155 66.3026
0.953675 -0.0170334 0.300388 1.80716 0.010466 0.999674 0.0234592 0.210962 -0.300688 -0.0192283 0.953537 67.2719
0.944393 -0.0195175 0.32826 2.14461 0.0119806 0.999619 0.024967 0.229923 -0.328621 -0.0196454 0.944264 68.2342
0.934467 -0.0236352 0.355291 2.49585 0.0149655 0.999524 0.027131 0.223078 -0.355761 -0.0200356 0.934371 69.1649
0.923105 -0.0260558 0.383683 2.86822 0.0166045 0.999475 0.0279252 0.231199 -0.384208 -0.0194065 0.92305 70.0803
0.910121 -0.0257662 0.413564 3.27392 0.017174 0.999558 0.0244813 0.262194 -0.41401 -0.0151781 0.910155 70.9858
0.896841 -0.0261829 0.441595 3.69624 0.0191453 0.999611 0.0203862 0.271872 -0.441956 -0.00982819 0.89699 71.8528
0.882175 -0.0273829 0.470146 4.14186 0.0209861 0.999607 0.0188431 0.297485 -0.470475 -0.00675624 0.882397 72.6906
0.865578 -0.0290875 0.499944 4.62378 0.0215341 0.999553 0.0208725 0.275457 -0.500326 -0.00730043 0.865814 73.542
0.8474 -0.0283234 0.530219 5.11888 0.0174759 0.999528 0.0254636 0.296693 -0.530687 -0.0123117 0.847489 74.3575
0.827017 -0.0299898 0.561391 5.65059 0.0166575 0.999448 0.0288521 0.288035 -0.561944 -0.0145092 0.827057 75.16
0.805285 -0.0264543 0.592317 6.18031 0.0129621 0.999557 0.0270205 0.29633 -0.592764 -0.0140814 0.805265 75.9189
0.782889 -0.0195927 0.621867 6.7507 0.00880188 0.999756 0.0204176 0.309223 -0.622113 -0.0105105 0.782867 76.6542
0.759501 -0.018406 0.650263 7.3489 0.0079954 0.999794 0.0189616 0.31291 -0.650473 -0.00920208 0.759487 77.3732
0.736394 -0.0195587 0.676284 7.96687 0.00770372 0.999762 0.0205257 0.316312 -0.676523 -0.00990456 0.736366 78.0501
0.711494 -0.019895 0.702427 8.60412 0.00718675 0.999758 0.0210373 0.337104 -0.70267 -0.00991962 0.711461 78.7031
0.685537 -0.0181957 0.727824 9.27302 0.00668902 0.999805 0.0186951 0.338019 -0.728021 -0.00794715 0.685522 79.3464
0.659063 -0.0164681 0.751924 9.93884 0.00626712 0.999851 0.0164052 0.348721 -0.752076 -0.0060996 0.659064 79.938
0.631178 -0.0151981 0.775502 10.6435 0.00455189 0.999866 0.0158907 0.366757 -0.775638 -0.00649925 0.63116 80.5385
0.603215 -0.015271 0.797448 11.3498 0.00393337 0.999866 0.0161724 0.363928 -0.797583 -0.00661867 0.603191 81.087
0.574058 -0.00953811 0.818772 12.0987 0.0012542 0.999944 0.0107697 0.381853 -0.818826 -0.00515497 0.574036 81.6208
0.542971 -0.00149033 0.839766 12.8563 -0.000289276 1 0.00196215 0.382678 -0.839765 -0.00130817 0.542969 82.1315
0.512313 0.00482969 0.858798 13.6312 -0.00171888 0.999991 -0.00459793 0.376804 -0.858809 0.000879984 0.512315 82.6139
0.480529 0.00915205 0.876946 14.4334 -0.00447175 0.999964 -0.0079852 0.369262 -0.87698 -8.42202e-05 0.48055 83.0667
0.447252 0.00864777 0.894379 15.2668 -0.0066386 0.999961 -0.00634844 0.363971 -0.894395 -0.00309748 0.44729 83.5041
0.414248 0.00750374 0.910148 16.0962 -0.0111805 0.999938 -0.00315492 0.348067 -0.910108 -0.00886878 0.414304 83.9021
0.379133 0.00789261 0.925321 16.9858 -0.0153687 0.999882 -0.00223113 0.330553 -0.925226 -0.0133744 0.379209 84.274
0.344553 0.00981961 0.938731 17.8443 -0.0224963 0.999751 -0.00220045 0.324091 -0.938512 -0.0203595 0.344686 84.6062
0.308278 0.01168 0.951236 18.7338 -0.0286857 0.999587 -0.00297668 0.321604 -0.950876 -0.0263686 0.308484 84.917
0.272094 0.0108845 0.962225 19.652 -0.0319983 0.999492 -0.00225739 0.321571 -0.961753 -0.0301749 0.272302 85.2043
0.235888 0.0105648 0.971734 20.5677 -0.033206 0.999447 -0.00280485 0.315375 -0.971224 -0.0316051 0.236108 85.4528
0.199873 0.0100607 0.979785 21.4984 -0.0329305 0.999458 -0.00354464 0.304608 -0.979282 -0.0315559 0.200095 85.6551
0.164217 0.00975225 0.986388 22.4643 -0.0312618 0.999503 -0.00467681 0.300188 -0.985941 -0.0300677 0.16444 85.8036
0.12988 0.00852675 0.991509 23.4062 -0.0255338 0.999667 -0.00525184 0.27298 -0.991215 -0.0246345 0.130053 85.926
0.0953513 0.00926235 0.995412 24.365 -0.024579 0.999676 -0.00694698 0.262033 -0.995153 -0.0238033 0.0955476 86.0268
0.0631094 0.0140985 0.997923 25.33 -0.0239207 0.999642 -0.0126097 0.265551 -0.997734 -0.0230749 0.0634237 86.0919
0.0337628 0.0160682 0.999312 26.2995 -0.0192405 0.999699 -0.0154237 0.237546 -0.999257 -0.018706 0.0340617 86.1314
0.00705991 0.0152384 0.999875 27.2824 -0.0172761 0.999744 -0.0151143 0.224305 -0.999841 -0.0171668 0.00732134 86.1479
-0.0148468 0.0125754 0.999822 28.2676 -0.0170832 0.999775 -0.0128279 0.202993 -0.999757 -0.0172701 -0.0146287 86.1373
-0.0334025 0.011317 0.999395 29.2619 -0.0161844 0.999807 -0.0118624 0.181257 -0.999326 -0.0165705 -0.0332126 86.1121
-0.0510107 0.0129956 0.998626 30.2458 -0.0146822 0.999801 -0.0137602 0.156633 -0.998604 -0.0153634 -0.0508095 86.0696
-0.0642053 0.0168339 0.997812 31.2324 -0.0125864 0.999772 -0.0176766 0.14121 -0.997873 -0.0136934 -0.0639783 86.0038
-0.0763939 0.0196165 0.996897 32.2283 -0.0110283 0.999732 -0.0205167 0.131732 -0.997031 -0.0125609 -0.0761568 85.9295
-0.0864912 0.0227046 0.996011 33.2137 -0.00614981 0.999717 -0.023323 0.108427 -0.996249 -0.00814214 -0.0863264 85.8428
-0.091791 0.0265495 0.995437 34.2161 -0.00342861 0.999633 -0.0269768 0.0768631 -0.995787 -0.00588863 -0.091666 85.7428
-0.0949702 0.0303349 0.995036 35.2101 -0.00182761 0.999538 -0.0306465 0.0567458 -0.995494 -0.00472874 -0.09487 85.6503
-0.098759 0.0336278 0.994556 36.2141 -0.000972656 0.999429 -0.0338885 0.021018 -0.995125 -0.00431361 -0.0986695 85.5504
-0.101001 0.0358664 0.994258 37.2206 -7.74929e-05 0.999359 -0.036058 -0.0256388 -0.994903 -0.00371859 -0.100932 85.4504
-0.104272 0.0379291 0.993839 38.2171 3.6315e-05 0.999276 -0.0381323 -0.0636236 -0.994564 -0.00393948 -0.104197 85.3461
-0.104637 0.0411057 0.993679 39.2184 0.0013478 0.99916 -0.0411902 -0.0921845 -0.994527 -0.0029704 -0.104604 85.2249
-0.106809 0.0408107 0.993457 40.2275 0.00195227 0.999168 -0.040835 -0.146558 -0.994294 -0.00242149 -0.106799 85.1118
-0.109831 0.0403915 0.993148 41.238 0.00246557 0.999191 -0.0403644 -0.179582 -0.993965 -0.00198418 -0.10984 85.0073
-0.11157 0.0398419 0.992974 42.274 0.00207645 0.999208 -0.0398585 -0.229045 -0.993771 -0.00238455 -0.111564 84.8962
-0.113642 0.0398178 0.992742 43.2891 0.00149412 0.99921 -0.039906 -0.276872 -0.993539 -0.00305125 -0.11361 84.7827
-0.116363 0.0418924 0.992339 44.3144 0.000867956 0.999118 -0.0420766 -0.318734 -0.993223 -0.00403419 -0.116296 84.6639
-0.118359 0.0430754 0.992055 45.3526 -7.56845e-05 0.999065 -0.0433887 -0.381291 -0.99299 -0.00521007 -0.118244 84.5517
-0.121663 0.0452189 0.991557 46.3719 -0.00184625 0.998954 -0.0457826 -0.430291 -0.992587 -0.00740001 -0.121452 84.4355
-0.122951 0.0478831 0.991277 47.4185 -0.0051316 0.998799 -0.0488829 -0.482248 -0.992419 -0.0110965 -0.122557 84.3181
-0.124806 0.0494861 0.990963 48.471 -0.00712298 0.998689 -0.0507689 -0.54739 -0.992173 -0.0133942 -0.12429 84.1955
-0.127934 0.0478164 0.990649 49.5378 -0.00877974 0.998752 -0.0493413 -0.61576 -0.991763 -0.0150094 -0.127353 84.0668
-0.129627 0.0455489 0.990533 50.5957 -0.0102025 0.998834 -0.0472656 -0.641534 -0.991528 -0.0162321 -0.12901 83.9265
-0.132511 0.0442502 0.990213 51.6523 -0.0104667 0.998892 -0.0460388 -0.706643 -0.991146 -0.0164642 -0.1319 83.7937
-0.134997 0.0442478 0.989874 52.7001 -0.0109347 0.998879 -0.0461413 -0.757716 -0.990804 -0.0170522 -0.134361 83.663
-0.135787 0.0435495 0.989801 53.756 -0.0116053 0.998902 -0.0455421 -0.809686 -0.99069 -0.0176704 -0.135132 83.5162
-0.136314 0.0452158 0.98965 54.8169 -0.0122864 0.998808 -0.0473264 -0.83722 -0.990609 -0.0186097 -0.135595 83.3635
-0.13718 0.0452873 0.98953 55.8831 -0.0129117 0.998794 -0.0475014 -0.894499 -0.990482 -0.0192921 -0.136429 83.2263
-0.136426 0.0443595 0.989674 56.9759 -0.0147676 0.998799 -0.046804 -0.945595 -0.990559 -0.0209995 -0.135606 83.097
-0.136973 0.0437169 0.98963 58.0509 -0.0174195 0.998771 -0.046532 -1.00195 -0.990442 -0.0236118 -0.136042 82.9606
-0.136276 0.0446233 0.989683 59.1347 -0.019992 0.998662 -0.0477808 -1.05771 -0.990488 -0.0262964 -0.135201 82.8236
-0.137268 0.0447043 0.989545 60.2196 -0.0256184 0.998493 -0.0486625 -1.12781 -0.990223 -0.0320297 -0.135915 82.6901
-0.138606 0.0435463 0.989407 61.305 -0.0293741 0.998417 -0.0480576 -1.20579 -0.989931 -0.0357232 -0.137107 82.5467
-0.137994 0.0380579 0.989722 62.4046 -0.0292386 0.998675 -0.042479 -1.2651 -0.990022 -0.0347993 -0.136697 82.4004
-0.138323 0.0305807 0.989933 63.5104 -0.0274948 0.999024 -0.0347031 -1.32271 -0.990025 -0.0320176 -0.137347 82.2443
-0.139702 0.0262889 0.989865 64.6164 -0.023465 0.999285 -0.0298508 -1.3784 -0.989936 -0.0273969 -0.138984 82.0823
-0.13846 0.0271591 0.990014 65.7242 -0.0169732 0.999417 -0.0297905 -1.42153 -0.990242 -0.0209277 -0.137918 81.9195
-0.138553 0.0321995 0.989853 66.8183 -0.0131752 0.99933 -0.0343521 -1.47591 -0.990289 -0.0178005 -0.138035 81.7628
-0.137486 0.0372216 0.989823 67.9271 -0.010452 0.999189 -0.0390253 -1.5131 -0.990469 -0.0157103 -0.136984 81.6047
-0.137418 0.0369518 0.989845 69.0418 -0.0107715 0.999195 -0.0387963 -1.55232 -0.990476 -0.0159928 -0.136908 81.4489
-0.138487 0.0364792 0.989712 70.162 -0.0119274 0.999194 -0.0384973 -1.56964 -0.990313 -0.0171353 -0.137939 81.2963
-0.13761 0.0325675 0.989972 71.3053 -0.0125814 0.999328 -0.0346241 -1.61262 -0.990428 -0.0172192 -0.137106 81.1376
-0.137777 0.030445 0.990015 72.4459 -0.0114546 0.999418 -0.0323278 -1.64317 -0.990418 -0.0157935 -0.137347 80.9802
-0.138558 0.030688 0.9899 73.5912 -0.0136527 0.999372 -0.0328927 -1.67999 -0.990283 -0.0180717 -0.13805 80.8236
-0.137789 0.0342891 0.989888 74.7548 -0.0130396 0.999258 -0.0364283 -1.71744 -0.990397 -0.0179265 -0.137239 80.6608
-0.13843 0.0364371 0.989723 75.9033 -0.0130773 0.999175 -0.0386143 -1.76998 -0.990308 -0.0182876 -0.137838 80.5024
-0.137714 0.0362645 0.989829 77.0686 -0.0134347 0.999175 -0.0384757 -1.8196 -0.990403 -0.018596 -0.137112 80.3553
-0.136972 0.0339775 0.990015 78.2219 -0.0127082 0.999275 -0.0360537 -1.85099 -0.990516 -0.0175188 -0.136439 80.2006
-0.137837 0.0320278 0.989958 79.3848 -0.0140154 0.99932 -0.0342816 -1.90756 -0.990378 -0.0185993 -0.137293 80.0424
-0.137284 0.033394 0.989992 80.5386 -0.0159749 0.999233 -0.0359211 -1.94395 -0.990426 -0.0207455 -0.136643 79.8927
-0.137294 0.0336831 0.98998 81.7012 -0.0161634 0.999219 -0.0362386 -1.99313 -0.990421 -0.0209762 -0.136642 79.7421
-0.1382 0.0337486 0.989853 82.8801 -0.0163038 0.999212 -0.0363442 -2.02928 -0.990293 -0.0211602 -0.137539 79.5868
-0.136846 0.0332809 0.990056 84.0553 -0.0156761 0.999244 -0.0357561 -2.05379 -0.990492 -0.0204129 -0.13622 79.4315
-0.136682 0.0323348 0.990111 85.2338 -0.0148715 0.999293 -0.034688 -2.09963 -0.990526 -0.0194647 -0.136102 79.2783
-0.136675 0.0329263 0.990092 86.4245 -0.013662 0.999296 -0.0351178 -2.1438 -0.990545 -0.0183259 -0.136128 79.1093
-0.135505 0.0328951 0.990254 87.6015 -0.0120743 0.999325 -0.0348489 -2.18408 -0.990727 -0.016678 -0.135015 78.9515
-0.135564 0.0327052 0.990252 88.8042 -0.0127385 0.999321 -0.0347482 -2.23574 -0.990711 -0.0173245 -0.135054 78.7872
-0.132881 0.0324187 0.990626 89.9847 -0.0124177 0.999337 -0.0343699 -2.27928 -0.99108 -0.0168675 -0.132389 78.6276
-0.132229 0.0309403 0.99076 91.1975 -0.0117561 0.9994 -0.0327787 -2.33684 -0.991174 -0.0159813 -0.131785 78.4718
-0.132839 0.0300782 0.990706 92.4345 -0.0136048 0.999395 -0.0321667 -2.38208 -0.99107 -0.0177505 -0.132348 78.3098
-0.131193 0.0297305 0.990935 93.6331 -0.0127796 0.999424 -0.0316767 -2.43103 -0.991299 -0.0168191 -0.130736 78.1557
-0.129525 0.0298698 0.991152 94.8499 -0.0144806 0.999387 -0.0320108 -2.47546 -0.991496 -0.0184977 -0.129011 78.0041
-0.129241 0.030944 0.991155 96.0961 -0.0159327 0.999326 -0.0332763 -2.53227 -0.99151 -0.0200919 -0.12866 77.8398
-0.12749 0.0304763 0.991397 97.3203 -0.0168742 0.999322 -0.0328904 -2.57111 -0.991722 -0.0209212 -0.126887 77.6907
-0.127559 0.029211 0.991425 98.5671 -0.0194087 0.999308 -0.0319399 -2.60799 -0.991666 -0.0233158 -0.126903 77.5399
-0.127289 0.0288555 0.991471 99.8061 -0.0220394 0.999253 -0.0319119 -2.65584 -0.991647 -0.0259124 -0.126556 77.3979
-0.127774 0.0285435 0.991417 101.051 -0.0238896 0.999214 -0.0318464 -2.69872 -0.991541 -0.027753 -0.126991 77.2542
-0.129487 0.0268986 0.991241 102.311 -0.02564 0.999213 -0.0304648 -2.74605 -0.991275 -0.0293591 -0.128693 77.1024
-0.130281 0.025482 0.991175 103.578 -0.0273579 0.999204 -0.0292839 -2.79188 -0.991125 -0.0309309 -0.129479 76.9549
-0.132038 0.0243633 0.99097 104.835 -0.0282397 0.999205 -0.0283289 -2.82789 -0.990869 -0.0317241 -0.131243 76.8011
-0.134374 0.0245084 0.990654 106.097 -0.0286973 0.999186 -0.0286115 -2.87191 -0.990541 -0.0322729 -0.133561 76.644
-0.135942 0.0237515 0.990458 107.34 -0.0285629 0.999209 -0.0278823 -2.91315 -0.990332 -0.0320796 -0.135155 76.4792
-0.139724 0.0216789 0.98998 108.601 -0.0286769 0.999259 -0.0259289 -2.93784 -0.989801 -0.0320116 -0.138998 76.3104
-0.143113 0.0205166 0.989521 109.859 -0.0303045 0.999233 -0.0251014 -2.9964 -0.98927 -0.0335781 -0.142379 76.1457
-0.148203 0.02092 0.988764 111.09 -0.0308654 0.999199 -0.0257665 -3.0169 -0.988502 -0.0343364 -0.147437 75.9818
-0.156917 0.0212837 0.987411 112.321 -0.0303107 0.9992 -0.0263552 -3.06016 -0.987175 -0.0340633 -0.156144 75.8054
-0.165591 0.0188979 0.986043 113.578 -0.0276282 0.999343 -0.023792 -3.1063 -0.985835 -0.0311815 -0.164959 75.6152
-0.176521 0.0177606 0.984167 114.807 -0.0274498 0.999367 -0.0229589 -3.13025 -0.983943 -0.0310665 -0.17592 75.4061
-0.190326 0.0179091 0.981587 116.065 -0.0271268 0.999364 -0.0234927 -3.19356 -0.981373 -0.0310978 -0.189718 75.163
-0.204349 0.0174842 0.978773 117.265 -0.0270067 0.999367 -0.023491 -3.21608 -0.978556 -0.0312322 -0.203745 74.9284
-0.219539 0.0164255 0.975495 118.502 -0.0250019 0.999443 -0.0224549 -3.24431 -0.975311 -0.0293182 -0.219004 74.6683
-0.234316 0.0166853 0.972049 119.682 -0.0237851 0.999463 -0.0228899 -3.29253 -0.971901 -0.0284822 -0.233791 74.3876
-0.250047 0.019944 0.968058 120.88 -0.0243714 0.999349 -0.0268831 -3.3147 -0.967956 -0.0303143 -0.249396 74.0946
-0.267002 0.0220001 0.963477 122.089 -0.0249405 0.999255 -0.0297291 -3.34894 -0.963405 -0.0319658 -0.266251 73.7788
-0.282164 0.0202565 0.959183 123.251 -0.0269085 0.999225 -0.0290173 -3.38053 -0.959018 -0.033997 -0.281398 73.4588
-0.298354 0.0164708 0.954347 124.442 -0.0290831 0.999238 -0.0263383 -3.42569 -0.954044 -0.0356119 -0.297645 73.1199
-0.314931 0.0135901 0.949049 125.618 -0.0319948 0.999186 -0.0249246 -3.45419 -0.948605 -0.0382133 -0.314237 72.7576
-0.329215 0.0141403 0.944184 126.749 -0.031835 0.999162 -0.0260643 -3.48724 -0.943752 -0.0386371 -0.328485 72.3801
-0.344387 0.0147359 0.938745 127.889 -0.032027 0.99912 -0.0274325 -3.51629 -0.938312 -0.0395118 -0.343609 71.985
-0.357557 0.0145134 0.933815 129.027 -0.0323288 0.999096 -0.0279072 -3.54994 -0.933366 -0.0401657 -0.356761 71.5626
-0.371751 0.0145609 0.928252 130.166 -0.0315659 0.999109 -0.0283135 -3.59654 -0.927827 -0.0398258 -0.370957 71.1178
-0.385878 0.0139882 0.92248 131.295 -0.0308351 0.999139 -0.0280495 -3.62825 -0.922069 -0.0392666 -0.38511 70.6675
-0.399337 0.0129098 0.916748 132.395 -0.0315881 0.999122 -0.0278292 -3.67651 -0.916292 -0.0400705 -0.398576 70.2046
-0.414054 0.0148514 0.910168 133.504 -0.0302841 0.999097 -0.0300798 -3.70888 -0.909784 -0.0400164 -0.413226 69.7288
-0.429619 0.0146015 0.902928 134.583 -0.0300581 0.999093 -0.0304579 -3.75015 -0.902543 -0.0402245 -0.428787 69.2357
-0.443375 0.0154484 0.896242 135.65 -0.0288878 0.999095 -0.0315127 -3.78257 -0.895907 -0.0398605 -0.442523 68.7239
-0.457511 0.0180746 0.889057 136.729 -0.0248257 0.999153 -0.0330876 -3.82259 -0.888891 -0.0372084 -0.456671 68.1824
-0.472711 0.0211521 0.881004 137.8 -0.0241423 0.999035 -0.0369402 -3.86035 -0.880925 -0.0387295 -0.47174 67.6244
-0.486752 0.0231337 0.873271 138.868 -0.0237936 0.998936 -0.0397244 -3.90394 -0.873251 -0.0401132 -0.48568 67.0563
-0.50275 0.0209763 0.864219 139.949 -0.0244597 0.998969 -0.0384765 -3.96283 -0.864125 -0.0404806 -0.501714 66.4617
-0.517338 0.0182227 0.855626 141 -0.0268141 0.998947 -0.0374871 -3.99555 -0.855397 -0.0423352 -0.516299 65.8516
-0.533493 0.0174937 0.845667 142.057 -0.0269214 0.998938 -0.0376483 -4.05012 -0.845417 -0.0428494 -0.532449 65.217
-0.54985 0.0162135 0.835146 143.124 -0.028829 0.998857 -0.0383719 -4.10202 -0.834803 -0.045174 -0.548749 64.5434
-0.564568 0.0147946 0.825298 144.174 -0.0300715 0.998816 -0.0384769 -4.143 -0.824881 -0.0465384 -0.563448 63.841
-0.579711 0.0139332 0.814745 145.187 -0.0309975 0.998763 -0.0391353 -4.1876 -0.814272 -0.047941 -0.578556 63.1451
-0.595032 0.01364 0.803631 146.208 -0.031646 0.998693 -0.0403828 -4.23705 -0.803121 -0.0494585 -0.593817 62.4155
-0.609359 0.0115454 0.792854 147.21 -0.0331912 0.998656 -0.0400513 -4.296 -0.792241 -0.0507201 -0.60815 61.6667
-0.624824 0.00911456 0.78076 148.2 -0.0334753 0.998709 -0.038449 -4.33506 -0.780092 -0.0501577 -0.623706 60.9007
-0.63855 0.00803471 0.769584 149.197 -0.0330984 0.998743 -0.0378896 -4.38265 -0.768912 -0.0496651 -0.637474 60.1148
-0.653075 0.00734572 0.757306 150.159 -0.0333126 0.998717 -0.0384156 -4.43339 -0.756606 -0.0503137 -0.651986 59.3144
-0.668233 0.00759066 0.743961 151.114 -0.0350529 0.998526 -0.0416725 -4.50684 -0.743171 -0.0539236 -0.666975 58.4864
-0.682984 0.00724577 0.730449 152.067 -0.0368131 0.998349 -0.0443249 -4.56405 -0.729553 -0.0571607 -0.681582 57.6314
-0.698254 0.00502211 0.715883 152.988 -0.0379139 0.998322 -0.0439835 -4.63262 -0.714892 -0.0578521 -0.696886 56.7703
-0.714303 -0.0019523 0.699887 153.893 -0.0382069 0.998625 -0.0362088 -4.67483 -0.698843 -0.0526022 -0.713386 55.8905
-0.730416 -0.00451885 0.683041 154.802 -0.0396866 0.99858 -0.0358325 -4.73666 -0.681899 -0.0532788 -0.72955 54.9668
-0.747463 -0.00579838 0.664335 155.673 -0.0406848 0.998496 -0.0370612 -4.79546 -0.66311 -0.0547277 -0.746565 54.0253
-0.76448 -0.00937895 0.644636 156.524 -0.0445099 0.998286 -0.0382599 -4.8373 -0.643163 -0.0579402 -0.763579 53.0619
-0.780895 -0.00985257 0.624645 157.347 -0.0444628 0.998228 -0.0398401 -4.88251 -0.623136 -0.0588818 -0.779939 52.0591
-0.797149 -0.0105778 0.603752 158.134 -0.0450208 0.998115 -0.0419546 -4.9523 -0.60216 -0.060624 -0.796114 51.0552
-0.811678 -0.00897553 0.584101 158.913 -0.0412694 0.998276 -0.0420093 -5.01066 -0.582707 -0.0582008 -0.810639 50.0228
-0.825681 -0.00921292 0.564127 159.65 -0.0389111 0.998426 -0.040646 -5.06406 -0.562856 -0.05551 -0.824732 48.9617
-0.839873 -0.00951602 0.542769 160.357 -0.038882 0.998345 -0.0426627 -5.10968 -0.541455 -0.0569324 -0.838842 47.8953
-0.853042 -0.00821595 0.521849 161.059 -0.0384098 0.998163 -0.0470712 -5.16256 -0.520495 -0.0601964 -0.851781 46.8165
-0.865385 -0.00699759 0.501134 161.717 -0.0359302 0.998208 -0.0481082 -5.22688 -0.499891 -0.0596352 -0.864074 45.7161
-0.876922 -0.00833893 0.480639 162.348 -0.0352026 0.998289 -0.0469064 -5.29407 -0.479417 -0.0580515 -0.875705 44.6051
-0.887144 -0.00654018 0.461529 162.945 -0.0332423 0.99822 -0.0497528 -5.35884 -0.460374 -0.0594774 -0.885771 43.4923
-0.896599 -0.00596582 0.442889 163.522 -0.0323795 0.998127 -0.0521045 -5.43443 -0.441741 -0.0610557 -0.895103 42.367
-0.904732 -0.00678405 0.426019 164.086 -0.0326186 0.998054 -0.0533788 -5.49371 -0.42482 -0.0621869 -0.90318 41.2216
-0.912247 -0.00919183 0.409629 164.628 -0.0343664 0.997952 -0.0541403 -5.56046 -0.408285 -0.0634653 -0.910685 40.0644
-0.919449 -0.0100271 0.393183 165.14 -0.0340887 0.997957 -0.0542655 -5.63463 -0.391828 -0.0632944 -0.917899 38.8982
-0.92531 -0.0105504 0.379165 165.644 -0.0336651 0.997963 -0.0543869 -5.71797 -0.377812 -0.0630877 -0.92377 37.7249
-0.930867 -0.0127079 0.365247 166.142 -0.0350511 0.997904 -0.0546116 -5.78395 -0.363781 -0.0636355 -0.929348 36.5304
-0.936384 -0.0164142 0.350705 166.608 -0.036866 0.997991 -0.0517225 -5.84658 -0.349145 -0.0613594 -0.935096 35.3373
-0.940716 -0.0195605 0.338751 167.082 -0.0386787 0.998023 -0.0497826 -5.90601 -0.337101 -0.0599308 -0.939599 34.121
-0.944853 -0.0195225 0.327034 167.51 -0.0376272 0.998093 -0.0491283 -5.98463 -0.325446 -0.0587225 -0.943774 32.899
-0.94831 -0.0197799 0.316861 167.923 -0.0371556 0.998124 -0.0488927 -6.05478 -0.315294 -0.0581356 -0.947252 31.6898
-0.950107 -0.0153146 0.311675 168.327 -0.0330595 0.998124 -0.0517334 -6.13603 -0.310293 -0.0594544 -0.948819 30.4529
-0.952246 -0.0136624 0.305165 168.708 -0.0310179 0.998171 -0.0521003 -6.21176 -0.30389 -0.0590748 -0.950914 29.2218
-0.954087 -0.0153406 0.299271 169.095 -0.0322209 0.99816 -0.0515549 -6.28161 -0.297924 -0.0588289 -0.952814 27.9956
-0.955213 -0.0213312 0.29529 169.5 -0.0370755 0.998179 -0.0478264 -6.33754 -0.293727 -0.0566296 -0.954251 26.7645
-0.956886 -0.0271625 0.289332 169.887 -0.0427756 0.997952 -0.0477797 -6.39532 -0.287436 -0.0580943 -0.956076 25.542
-0.957958 -0.03178 0.285293 170.281 -0.0476494 0.99768 -0.0488615 -6.45859 -0.283073 -0.0603982 -0.957236 24.2928
-0.958872 -0.0352112 0.281791 170.659 -0.0514409 0.997414 -0.0504097 -6.53039 -0.279282 -0.0628302 -0.958192 23.0595
-0.960022 -0.0353448 0.277835 171.027 -0.0514879 0.997381 -0.051028 -6.60537 -0.275298 -0.06329 -0.959314 21.8348
-0.960111 -0.0360568 0.277434 171.392 -0.0525063 0.997271 -0.0520966 -6.66994 -0.274793 -0.0645836 -0.959373 20.5984
-0.959995 -0.0355053 0.277907 171.752 -0.0520645 0.997278 -0.0524385 -6.74363 -0.275283 -0.0648067 -0.959217 19.3643
-0.960036 -0.0355487 0.27776 172.109 -0.0522484 0.99724 -0.052958 -6.80164 -0.275105 -0.0653521 -0.959231 18.1353
-0.959277 -0.0348586 0.280457 172.479 -0.0518923 0.997228 -0.0535447 -6.86998 -0.277807 -0.0659146 -0.958415 16.9098
-0.959167 -0.033503 0.280998 172.833 -0.0504191 0.997322 -0.0531926 -6.95035 -0.278457 -0.0651862 -0.958276 15.6702
-0.957987 -0.0333357 0.285016 173.206 -0.0505414 0.997314 -0.053231 -7.02995 -0.28247 -0.0653966 -0.957086 14.4517
-0.956859 -0.0346857 0.288621 173.582 -0.0520818 0.997257 -0.0528177 -7.09593 -0.285991 -0.0655691 -0.956028 13.2311
-0.955927 -0.034496 0.291719 173.956 -0.0514272 0.997408 -0.0505759 -7.16498 -0.289212 -0.063346 -0.95521 12.0062
-0.953037 -0.0345434 0.30102 174.348 -0.0512523 0.997554 -0.0477912 -7.22048 -0.298626 -0.0609727 -0.952464 10.8067
-0.950855 -0.0341909 0.307883 174.741 -0.0510351 0.997611 -0.0468282 -7.26808 -0.30554 -0.0602366 -0.950315 9.6076
-0.948662 -0.0329705 0.314708 175.134 -0.0501664 0.99766 -0.046701 -7.33413 -0.312425 -0.060089 -0.948085 8.38281
-0.945521 -0.0327536 0.324044 175.531 -0.050833 0.997589 -0.0474896 -7.39813 -0.321701 -0.0613714 -0.944894 7.20621
-0.942553 -0.0301469 0.332828 175.941 -0.048036 0.997814 -0.045654 -7.46232 -0.330717 -0.0590168 -0.941928 6.00854
-0.939535 -0.0284066 0.341403 176.365 -0.0464965 0.99792 -0.0449241 -7.52278 -0.33941 -0.0580787 -0.938888 4.80492
-0.935014 -0.027801 0.353649 176.815 -0.0466205 0.997919 -0.0448102 -7.59064 -0.35166 -0.0583831 -0.934352 3.62382
-0.9297 -0.0275438 0.367407 177.281 -0.047282 0.997886 -0.044834 -7.66445 -0.365389 -0.0590506 -0.929025 2.41957
-0.924027 -0.0285289 0.381385 177.751 -0.0483123 0.997944 -0.0424009 -7.74711 -0.379383 -0.0576025 -0.923495 1.26566
-0.918411 -0.0297916 0.394619 178.249 -0.049492 0.997991 -0.0398404 -7.81896 -0.392633 -0.056117 -0.918029 0.0871249
-0.912815 -0.0289485 0.407466 178.772 -0.0494101 0.997998 -0.0397855 -7.88588 -0.40549 -0.0564469 -0.912408 -1.09506
-0.90686 -0.0284333 0.420583 179.297 -0.0493633 0.998032 -0.038964 -7.95435 -0.418641 -0.0560926 -0.906467 -2.22857
-0.900219 -0.0265772 0.43474 179.84 -0.0475588 0.998178 -0.0374567 -8.01189 -0.432944 -0.0543922 -0.899833 -3.37372
-0.893385 -0.0264667 0.448618 180.397 -0.0474974 0.998245 -0.0356929 -8.07049 -0.446879 -0.0531921 -0.893062 -4.51203
-0.885691 -0.027901 0.463546 180.961 -0.0497176 0.998166 -0.0349133 -8.14192 -0.461712 -0.0539659 -0.885444 -5.60229
-0.877612 -0.0264717 0.478744 181.549 -0.0484524 0.998271 -0.0336206 -8.18449 -0.477018 -0.0526981 -0.877366 -6.69954
-0.86846 -0.0252657 0.495219 182.16 -0.0469584 0.998417 -0.0314107 -8.24812 -0.49363 -0.0505309 -0.868262 -7.80421
-0.858497 -0.0268446 0.512212 182.769 -0.0487577 0.99839 -0.0293944 -8.29325 -0.51059 -0.0502053 -0.858413 -8.84388
-0.84773 -0.0275531 0.529812 183.429 -0.0504098 0.998328 -0.0287383 -8.3461 -0.528124 -0.0510672 -0.847693 -9.92516
-0.837286 -0.0282398 0.546128 184.082 -0.0514522 0.998315 -0.0272597 -8.39032 -0.544429 -0.0509195 -0.837318 -10.9266
-0.825359 -0.0265276 0.56408 184.768 -0.0494737 0.998465 -0.025432 -8.42284 -0.562528 -0.0488948 -0.825396 -11.952
-0.812623 -0.0251301 0.582335 185.483 -0.0472065 0.998638 -0.0227783 -8.46173 -0.58096 -0.0459961 -0.812693 -12.9833
-0.798533 -0.0238814 0.601568 186.198 -0.0456235 0.998751 -0.0209104 -8.48832 -0.600307 -0.0441404 -0.798619 -13.9396
-0.783663 -0.019856 0.620951 186.939 -0.0415936 0.998936 -0.0205487 -8.52103 -0.619873 -0.0419269 -0.783646 -14.908
-0.766791 -0.0168809 0.641764 187.712 -0.0394271 0.999017 -0.020828 -8.55097 -0.64077 -0.0412707 -0.766697 -15.8688
-0.750215 -0.0168134 0.661059 188.486 -0.039474 0.999045 -0.0193871 -8.57998 -0.660092 -0.0406351 -0.750154 -16.7517
-0.731641 -0.0171344 0.681559 189.343 -0.0381905 0.999157 -0.0158755 -8.59243 -0.6807 -0.0376415 -0.731673 -17.6531
-0.712882 -0.0174846 0.701142 190.149 -0.0387372 0.999158 -0.014469 -8.6146 -0.700288 -0.0374709 -0.712951 -18.4853
-0.693531 -0.0174757 0.720296 190.995 -0.0390501 0.999161 -0.0133554 -8.64431 -0.719445 -0.0373871 -0.693626 -19.3102
-0.673224 -0.0177657 0.7393 191.878 -0.0401919 0.999126 -0.0125898 -8.66529 -0.738418 -0.0381854 -0.673342 -20.1338
-0.653125 -0.0173034 0.757131 192.749 -0.0394812 0.99917 -0.0112206 -8.67858 -0.756295 -0.037218 -0.653261 -20.8906
-0.63185 -0.0174353 0.774966 193.661 -0.0381512 0.999249 -0.00862398 -8.70075 -0.77422 -0.0350108 -0.632034 -21.6438
-0.608431 -0.0170371 0.7935 194.595 -0.0370934 0.9993 -0.00698428 -8.71823 -0.792812 -0.0336802 -0.608633 -22.3851
-0.584325 -0.0159712 0.811433 195.527 -0.0364304 0.999328 -0.00656402 -8.74001 -0.81077 -0.0333921 -0.584509 -23.0666
-0.557937 -0.0159629 0.829804 196.497 -0.0360465 0.99935 -0.00501018 -8.75284 -0.829171 -0.032704 -0.558146 -23.741
-0.532418 -0.0170888 0.846377 197.484 -0.0371976 0.999316 -0.00322205 -8.77187 -0.84573 -0.0331944 -0.532685 -24.3688
-0.505087 -0.0180589 0.862951 198.488 -0.0365108 0.999346 -0.000454679 -8.78041 -0.862365 -0.0317338 -0.505413 -24.9719
-0.476742 -0.018553 0.878913 199.523 -0.0364622 0.999347 0.00131768 -8.79723 -0.878351 -0.0314146 -0.477104 -25.5494
-0.448015 -0.0172409 0.893929 200.54 -0.0357804 0.999372 0.00134422 -8.80699 -0.893376 -0.0313801 -0.448348 -26.0745
-0.417258 -0.0175481 0.908684 201.601 -0.0355168 0.999378 0.00299088 -8.81015 -0.908156 -0.0310213 -0.417619 -26.5774
-0.38747 -0.0170452 0.921793 202.676 -0.031763 0.999496 0.00513267 -8.81308 -0.921401 -0.0272874 -0.387815 -27.0422
-0.355571 -0.0173253 0.934551 203.757 -0.0313829 0.999499 0.00658908 -8.81105 -0.934184 -0.0269819 -0.355935 -27.4691
-0.322541 -0.0174352 0.946462 204.869 -0.0298464 0.999535 0.00824382 -8.79949 -0.94615 -0.0255867 -0.32291 -27.872
-0.288558 -0.0182039 0.957351 205.976 -0.0288453 0.999545 0.0103121 -8.79259 -0.957088 -0.0246356 -0.288951 -28.2248
-0.254271 -0.018815 0.967016 207.1 -0.0269744 0.999576 0.0123579 -8.78712 -0.966821 -0.0229397 -0.25467 -28.539
-0.222371 -0.0205687 0.974806 208.24 -0.0275368 0.999526 0.0148087 -8.79917 -0.974633 -0.0235462 -0.222832 -28.8217
-0.187479 -0.0207939 0.982114 209.373 -0.0243688 0.999583 0.0165141 -8.78017 -0.982031 -0.0208341 -0.187908 -29.0551
-0.152506 -0.0208937 0.988143 210.522 -0.0229607 0.999595 0.0175922 -8.76558 -0.988096 -0.0200018 -0.152925 -29.2476
-0.11768 -0.0206734 0.992902 211.68 -0.0229104 0.99959 0.0180995 -8.74772 -0.992854 -0.0206147 -0.118107 -29.3951
-0.0839712 -0.0207273 0.996314 212.833 -0.0195148 0.99964 0.0191516 -8.71399 -0.996338 -0.0178311 -0.0843475 -29.5046
-0.0517608 -0.0200166 0.998525 213.986 -0.0173278 0.999682 0.019144 -8.6823 -0.998576 -0.0163081 -0.0520942 -29.5639
-0.0189214 -0.0222518 0.999634 215.127 -0.0150687 0.999659 0.021967 -8.66724 -0.999768 -0.014644 -0.0192532 -29.5977
0.0135499 -0.0224902 0.999722 216.287 -0.0123505 0.999683 0.0226591 -8.64672 -0.999898 -0.0126511 0.0132639 -29.5949
0.0414731 -0.0234489 0.998926 217.441 -0.00830014 0.999696 0.0238114 -8.61525 -0.999167 -0.00927517 0.041262 -29.5608
0.0725857 -0.025197 0.997112 218.608 -0.0052494 0.999674 0.0256463 -8.59407 -0.997416 -0.00709271 0.0724246 -29.4931
0.102725 -0.0251175 0.994455 219.774 -0.0028728 0.999683 0.0255462 -8.56989 -0.994768 -0.00547771 0.102616 -29.3808
0.132373 -0.0254485 0.990942 220.939 -0.000836957 0.999683 0.0257871 -8.5476 -0.991268 -0.00423991 0.132304 -29.2394
0.163227 -0.026059 0.986308 222.105 0.00269412 0.999673 0.0259662 -8.52511 -0.986648 -0.00157787 0.163238 -29.0702
0.19272 -0.02769 0.980933 223.264 0.00858138 0.999627 0.0265342 -8.49518 -0.981287 0.00330692 0.192879 -28.8584
0.224129 -0.0287388 0.974201 224.417 0.0134397 0.999576 0.0263952 -8.4705 -0.974533 0.00718004 0.224414 -28.6128
0.249621 -0.0293887 0.967968 225.522 0.0168914 0.999536 0.0259936 -8.45948 -0.968268 0.00986467 0.249994 -28.3334
0.278441 -0.029861 0.960057 226.658 0.0186766 0.999511 0.0256716 -8.43499 -0.96034 0.0107855 0.278855 -28.0224
0.306495 -0.0311232 0.951436 227.781 0.0218135 0.999449 0.0256695 -8.4137 -0.951696 0.0128896 0.306996 -27.6782
0.335172 -0.031786 0.941691 228.906 0.0240602 0.999409 0.0251708 -8.38896 -0.94192 0.0142236 0.33573 -27.2843
0.363924 -0.0309462 0.93099 230.028 0.0277617 0.999382 0.0223703 -8.37776 -0.931092 0.0177077 0.364547 -26.8589
0.393505 -0.0290621 0.918935 231.142 0.0297371 0.999395 0.0188731 -8.36289 -0.918914 0.0199025 0.394122 -26.4018
0.421255 -0.0305899 0.906504 232.235 0.0346549 0.999262 0.0176187 -8.34257 -0.906359 0.0239958 0.421993 -25.9056
0.449357 -0.0317779 0.892862 233.327 0.0363757 0.999205 0.0172562 -8.32384 -0.892687 0.0247268 0.450146 -25.36
0.475318 -0.0344298 0.879222 234.384 0.0396581 0.999075 0.0176866 -8.3058 -0.879002 0.0264645 0.476231 -24.7741
0.499086 -0.0340734 0.865961 235.427 0.0394991 0.999098 0.0165479 -8.29663 -0.865731 0.0259483 0.499971 -24.1783
0.521629 -0.0339082 0.852584 236.462 0.0396106 0.999112 0.0155045 -8.28582 -0.852339 0.0256868 0.522496 -23.5573
0.54168 -0.0347951 0.839945 237.485 0.0412444 0.999055 0.0147886 -8.26928 -0.839654 0.0266348 0.542591 -22.8962
0.560055 -0.0375329 0.827693 238.484 0.0431032 0.998958 0.016137 -8.24912 -0.827424 0.0266416 0.561075 -22.2201
0.578456 -0.0399809 0.814816 239.49 0.0454376 0.998842 0.0167542 -8.22943 -0.814531 0.0273342 0.579592 -21.519
0.593353 -0.044388 0.803808 240.485 0.04981 0.998607 0.01838 -8.21548 -0.803493 0.0291349 0.594723 -20.793
0.609993 -0.0463732 0.791134 241.458 0.0525583 0.998471 0.018003 -8.19982 -0.790749 0.0306013 0.611485 -20.0549
0.625317 -0.0461255 0.7791 242.414 0.0545076 0.998413 0.0153646 -8.19732 -0.778561 0.0328621 0.626824 -19.287
0.640183 -0.0476568 0.766832 243.357 0.0571275 0.998279 0.0143492 -8.17957 -0.766185 0.0346233 0.641792 -18.4902
0.655348 -0.0492026 0.75382 244.31 0.0582337 0.998215 0.0145317 -8.17061 -0.753179 0.0343774 0.657028 -17.6696
0.66994 -0.0520821 0.74068 245.212 0.0601985 0.998077 0.0157334 -8.16189 -0.740065 0.0340497 0.671775 -16.8379
0.684327 -0.0544204 0.727243 246.135 0.0632395 0.9979 0.0151705 -8.14088 -0.726531 0.0356121 0.686316 -15.9826
0.699412 -0.0547008 0.71272 247.026 0.0641467 0.997861 0.0136378 -8.12917 -0.711934 0.0361826 0.701412 -15.124
0.712743 -0.0552923 0.699349 247.904 0.0660185 0.997768 0.0116074 -8.11323 -0.69842 0.0379002 0.714787 -14.2329
0.724825 -0.0560109 0.686755 248.769 0.0660179 0.997763 0.0117005 -8.10573 -0.685867 0.0368595 0.726889 -13.3264
0.736988 -0.0575915 0.673558 249.617 0.0669777 0.9977 0.0120258 -8.11509 -0.672692 0.0362539 0.739134 -12.3947
0.747599 -0.0601181 0.661532 250.459 0.0671262 0.997648 0.0148059 -8.10654 -0.660859 0.0333396 0.749863 -11.45
0.759777 -0.0602314 0.647503 251.306 0.0684842 0.997592 0.0124424 -8.11656 -0.646685 0.0348938 0.762056 -10.4744
0.769642 -0.0618071 0.635589 252.122 0.0728711 0.997317 0.00874459 -8.09887 -0.634418 0.0395883 0.772067 -9.49865
0.778497 -0.0633302 0.624567 252.941 0.0747828 0.997186 0.00790445 -8.10678 -0.623301 0.0405568 0.781025 -8.49319
0.787276 -0.0657276 0.613205 253.735 0.0773545 0.996989 0.00755347 -8.10723 -0.611849 0.0414899 0.789976 -7.49047
0.794806 -0.0669675 0.603282 254.525 0.0793321 0.996847 0.00614233 -8.09833 -0.601783 0.0429812 0.797596 -6.46688
0.800474 -0.0688613 0.595518 255.322 0.0811669 0.996696 0.00615103 -8.10153 -0.593968 0.0434151 0.803405 -5.40755
0.805396 -0.0700299 0.588715 256.082 0.0811009 0.996695 0.00761507 -8.09153 -0.587295 0.0416157 0.808395 -4.36204
0.808338 -0.0712779 0.584511 256.865 0.082167 0.996602 0.00790099 -8.08729 -0.583082 0.0416433 0.811434 -3.27119
0.811406 -0.0725176 0.580098 257.613 0.0832501 0.996514 0.00813311 -8.07216 -0.578657 0.0416976 0.814596 -2.21666
0.813902 -0.0735069 0.57646 258.374 0.0840355 0.996443 0.00841332 -8.06322 -0.575021 0.0415979 0.817169 -1.14204
0.815369 -0.0762684 0.574029 259.15 0.0860201 0.99626 0.0101873 -8.03705 -0.57265 0.0410752 0.818862 -0.0679064
0.818205 -0.0790912 0.569589 259.903 0.0888954 0.996 0.0106066 -8.01086 -0.568143 0.0419579 0.821948 1.01913
0.82085 -0.0795914 0.565706 260.659 0.089481 0.995953 0.0102912 -8.0083 -0.564228 0.042176 0.824632 2.11885
0.822451 -0.0802615 0.563276 261.431 0.089824 0.995915 0.0107567 -8.01427 -0.561831 0.0417511 0.826286 3.22341
0.824973 -0.0805038 0.559546 262.162 0.0896833 0.995926 0.0110671 -8.0028 -0.55815 0.0410555 0.828815 4.30902
0.827329 -0.0806622 0.556029 262.904 0.0896753 0.995926 0.0110493 -8.01264 -0.554648 0.0407231 0.831176 5.42003
0.829249 -0.0808562 0.553138 263.657 0.0897121 0.995923 0.0110928 -8.00321 -0.551773 0.0404281 0.833104 6.54569
0.830835 -0.0793725 0.550964 264.38 0.0878426 0.996089 0.0110364 -7.98854 -0.549679 0.0392311 0.834543 7.64607
0.831575 -0.0780077 0.550045 265.12 0.0859971 0.996249 0.0112803 -7.98653 -0.548854 0.0379256 0.835147 8.78345
0.832211 -0.0777232 0.549121 265.841 0.0857528 0.996271 0.0110546 -7.97696 -0.547926 0.0378913 0.835757 9.88185
