1 0 0 0 0 1 0 0 0 0 1 0
0.999054 -0.000245009 0.0434884 0.0322699 0.000228632 1 0.000382165 -0.0107592 -0.0434883 -0.000371817 0.999053 0.996852
0.995946 -0.000279443 0.0899652 0.111055 7.73962e-05 0.999999 0.00224838 -0.0214606 -0.0899656 -0.00223237 0.995945 2.01953
0.990965 -0.000984747 0.134128 0.229002 0.0011529 0.999997 -0.00117589 -0.0377494 -0.134127 0.00132006 0.990962 2.9792
0.983283 -0.00083967 0.1821 0.392535 0.00168065 0.99999 -0.00446451 -0.046801 -0.182094 0.00469591 0.983274 3.98605
0.973819 -0.00340393 0.227306 0.601817 0.0044265 0.99998 -0.003989 -0.0710298 -0.227288 0.00489094 0.973814 4.94638
0.96205 -0.00349183 0.272865 0.858584 0.00454689 0.999986 -0.0032347 -0.0696712 -0.272848 0.00435251 0.962052 5.9037
0.947898 -0.00349757 0.318564 1.17502 0.00423334 0.999989 -0.00161723 -0.0747554 -0.318555 0.00288172 0.9479 6.87673
0.933029 -0.00496771 0.359782 1.50767 0.00619868 0.999979 -0.00226782 -0.125004 -0.359762 0.00434582 0.933039 7.76984
0.915303 -0.00418867 0.402752 1.89426 0.0056353 0.999981 -0.00240684 -0.107086 -0.402734 0.00447293 0.915307 8.67752
0.8949 -0.0047788 0.446256 2.33271 0.00598798 0.999982 -0.00129944 -0.121576 -0.44624 0.00383461 0.894911 9.58067
0.873253 -0.00545808 0.487244 2.78115 0.00647083 0.999979 -0.000395571 -0.133857 -0.487231 0.00349864 0.873267 10.4332
0.848294 -0.00549969 0.529511 3.30301 0.00631839 0.999981 0.000263823 -0.14009 -0.5295 0.0031213 0.848311 11.2915
0.822685 -0.00555437 0.568477 3.84552 0.00661323 0.999979 0.000199958 -0.154947 -0.568465 0.00359531 0.822701 12.0919
0.795269 -0.00646709 0.606235 4.43299 0.00782471 0.99997 0.000402619 -0.174737 -0.606217 0.0044228 0.795294 12.8757
0.765288 -0.00621728 0.643665 5.05956 0.00802661 0.999968 0.000115765 -0.157302 -0.643644 0.00507816 0.765311 13.6482
0.735493 -0.00742223 0.677503 5.68905 0.00822745 0.999966 0.00202324 -0.190637 -0.677492 0.00408532 0.735527 14.351
0.703434 -0.00640693 0.710738 6.35802 0.00735912 0.999972 0.00173098 -0.213924 -0.710729 0.00401304 0.703459 15.0372
0.668664 -0.00690885 0.743544 7.08331 0.00752028 0.99997 0.00252856 -0.213927 -0.743536 0.00390004 0.668695 15.7025
0.632423 -0.00755584 0.774595 7.81062 0.00753108 0.999967 0.00360579 -0.253358 -0.774595 0.00355328 0.632455 16.3212
0.593825 -0.00676538 0.804578 8.59118 0.00638698 0.999974 0.00369407 -0.240832 -0.804578 0.00294436 0.593852 16.9036
0.557693 -0.00627567 0.830033 9.36116 0.00754233 0.99997 0.00249317 -0.270252 -0.830022 0.00486987 0.55772 17.4322
0.518465 -0.00516735 0.855096 10.1682 0.00822277 0.999967 0.00105691 -0.300085 -0.855069 0.00648245 0.51849 17.9362
0.478789 -0.00476645 0.877927 11.0131 0.00948087 0.999957 0.00025871 -0.305461 -0.877887 0.00819943 0.478811 18.4222
0.440125 -0.00668318 0.897924 11.903 0.014052 0.999903 0.00055427 -0.316385 -0.897836 0.0123728 0.440175 18.8648
0.402447 -0.00754365 0.915423 12.7873 0.0155506 0.99988 0.00140336 -0.347182 -0.915321 0.0136704 0.402514 19.2603
0.366336 -0.00836586 0.930458 13.6981 0.0161367 0.999869 0.00263652 -0.351776 -0.930352 0.0140478 0.366423 19.6268
0.33267 -0.00881971 0.943014 14.6119 0.0158775 0.999869 0.0037506 -0.345623 -0.94292 0.0137246 0.332765 19.9544
0.298142 -0.00978988 0.954484 15.6087 0.0173341 0.99984 0.00484033 -0.346416 -0.954373 0.0151012 0.298265 20.2481
0.265772 -0.0101194 0.963995 16.5752 0.0177972 0.999828 0.00558897 -0.359624 -0.963882 0.0156707 0.265905 20.5262
0.233526 -0.0144476 0.972258 17.5473 0.0178685 0.999788 0.0105643 -0.345203 -0.972197 0.0149048 0.233735 20.7747
0.202061 -0.0143137 0.97928 18.5401 0.0171823 0.999794 0.011068 -0.337513 -0.979234 0.0145897 0.202265 20.9825
0.171912 -0.0132736 0.985037 19.5699 0.0185381 0.999779 0.0102364 -0.308157 -0.984948 0.0165 0.172121 21.172
0.141237 -0.0142993 0.989886 20.5812 0.0184205 0.999764 0.0118137 -0.303672 -0.989818 0.0165654 0.141467 21.325
0.110484 -0.0162562 0.99376 21.6318 0.0183285 0.999733 0.0143158 -0.280394 -0.99372 0.0166314 0.110753 21.4546
0.0818179 -0.0167844 0.996519 22.6767 0.0179319 0.999724 0.015366 -0.273177 -0.9965 0.0166119 0.0820966 21.5522
0.0540021 -0.0176726 0.9984 23.7504 0.0176402 0.999708 0.0167413 -0.275809 -0.998397 0.016707 0.0542994 21.6196
0.0300413 -0.0182835 0.999396 24.8179 0.0174932 0.999692 0.0177631 -0.278964 -0.999411 0.0169486 0.0303526 21.6598
0.00660074 -0.0173258 0.999844 25.9141 0.0229564 0.999593 0.0171696 -0.258961 -0.999728 0.0228386 0.00699713 21.6675
-0.014629 -0.0191061 0.999725 27.0337 0.0293189 0.999382 0.0195285 -0.254189 -0.99948 0.029596 -0.0140589 21.6523
-0.0321313 -0.0200841 0.999298 28.1458 0.0352353 0.999159 0.0212138 -0.221067 -0.998877 0.0358913 -0.031395 21.6067
-0.0479117 -0.0205886 0.998655 29.2702 0.0355854 0.99912 0.0223054 -0.209386 -0.998236 0.0366057 -0.0471357 21.5624
-0.0627175 -0.0218748 0.997807 30.4174 0.0372269 0.999018 0.0242408 -0.194199 -0.997352 0.0386647 -0.06184 21.4841
-0.0758113 -0.0228057 0.996877 31.5745 0.0372953 0.998977 0.0256898 -0.170235 -0.996443 0.0391259 -0.0748819 21.4064
-0.0886574 -0.0229213 0.995815 32.7436 0.0372919 0.998963 0.0263135 -0.152257 -0.995379 0.0394679 -0.087709 21.3317
-0.100978 -0.0222522 0.994657 33.9028 0.0368823 0.998982 0.0260932 -0.125251 -0.994224 0.0393195 -0.100053 21.2278
-0.110458 -0.019485 0.993706 35.0839 0.0369322 0.999042 0.0236946 -0.112761 -0.99321 0.0393161 -0.109631 21.0939
-0.120417 -0.0175481 0.992586 36.3196 0.0369988 0.999073 0.0221513 -0.0731496 -0.992054 0.0393914 -0.119654 20.9424
-0.127121 -0.0170054 0.991756 37.5357 0.0365798 0.999097 0.0218198 -0.0438787 -0.991228 0.0390512 -0.126382 20.7876
-0.133069 -0.0170798 0.990977 38.7774 0.0362516 0.999102 0.0220876 -0.0160883 -0.990464 0.0388633 -0.132329 20.6279
-0.139255 -0.0176112 0.990116 40.0449 0.0361167 0.99909 0.0228501 0.00261083 -0.989614 0.0389409 -0.13849 20.4649
-0.142791 -0.017089 0.989624 41.3265 0.0358846 0.999108 0.0224307 0.0381744 -0.989124 0.0387147 -0.142048 20.2826
-0.146642 -0.0173428 0.989054 42.6374 0.0358302 0.999101 0.022831 0.0592383 -0.988557 0.0387851 -0.145887 20.098
-0.150787 -0.0176229 0.988429 43.9687 0.0356735 0.999096 0.0232557 0.0915089 -0.987945 0.0387669 -0.150021 19.9074
-0.152488 -0.0194303 0.988131 45.3434 0.0363518 0.999024 0.0252539 0.130536 -0.987653 0.0397704 -0.151631 19.6986
-0.154714 -0.0196172 0.987785 46.744 0.0364319 0.999013 0.025547 0.161035 -0.987311 0.0399388 -0.153845 19.4877
-0.157837 -0.0196508 0.987287 48.1478 0.0377251 0.998956 0.0259138 0.185991 -0.986762 0.0413349 -0.156929 19.2858
-0.157513 -0.0197574 0.987339 49.5575 0.0375559 0.99896 0.0259819 0.234009 -0.986824 0.0411725 -0.156605 19.0563
-0.159188 -0.0204297 0.987055 50.9926 0.0376691 0.998937 0.0267507 0.254345 -0.986548 0.041439 -0.158248 18.8364
-0.158589 -0.0200071 0.987161 52.4694 0.0375335 0.998953 0.0262769 0.29749 -0.986652 0.0412184 -0.15767 18.6049
-0.158031 -0.0201511 0.987246 53.9408 0.0373688 0.998958 0.0263717 0.327664 -0.986746 0.0410589 -0.157112 18.3768
-0.157981 -0.0203443 0.987252 55.4267 0.0375901 0.998943 0.0266015 0.369999 -0.986748 0.041313 -0.157048 18.1472
-0.15519 -0.0210907 0.987678 56.9668 0.0374829 0.998931 0.0272204 0.418188 -0.987193 0.0412443 -0.154232 17.9116
-0.15383 -0.0206263 0.987902 58.5269 0.0373537 0.99895 0.0266746 0.44914 -0.987412 0.0410048 -0.152897 17.6675
-0.155116 -0.0197451 0.987718 60.069 0.0371491 0.998982 0.0258044 0.490965 -0.987218 0.0406945 -0.154223 17.4241
-0.153081 -0.0194981 0.988041 61.6485 0.0384385 0.998935 0.0256694 0.5348 -0.987487 0.0419079 -0.152167 17.1831
-0.153499 -0.0200454 0.987966 63.2372 0.0377009 0.998953 0.0261259 0.575552 -0.98745 0.0412564 -0.152581 16.9395
-0.151241 -0.0219196 0.988274 64.8661 0.0389156 0.998852 0.0281106 0.613245 -0.987753 0.0427103 -0.150213 16.6962
-0.15013 -0.0238291 0.9884 66.5003 0.0413888 0.998687 0.0303637 0.672363 -0.98782 0.0454661 -0.148945 16.4496
-0.15053 -0.0227212 0.988365 68.135 0.042339 0.998675 0.0294074 0.708498 -0.987721 0.0462725 -0.149367 16.2078
-0.148739 -0.0223548 0.988646 69.795 0.0430975 0.998654 0.0290652 0.751557 -0.987959 0.0469301 -0.147574 15.9572
-0.147991 -0.0223445 0.988757 71.4714 0.042907 0.998663 0.0289912 0.806064 -0.988081 0.0467145 -0.146832 15.7198
-0.149049 -0.0227937 0.988589 73.1452 0.0434152 0.998624 0.0295711 0.843279 -0.987898 0.0473261 -0.147853 15.4815
-0.147981 -0.022693 0.988751 74.8709 0.0439666 0.998603 0.0295002 0.910997 -0.988036 0.047837 -0.146775 15.2302
-0.14874 -0.0230683 0.988629 76.5699 0.0448314 0.998547 0.030045 0.938609 -0.987882 0.0487892 -0.147488 14.9816
-0.14771 -0.0229375 0.988787 78.3273 0.0455015 0.998519 0.0299614 0.997651 -0.988007 0.0494164 -0.146447 14.729
-0.148439 -0.0224899 0.988688 80.0806 0.0457696 0.998518 0.0295856 1.04474 -0.987884 0.0496423 -0.147188 14.4732
-0.15038 -0.0221106 0.988403 81.8379 0.0452639 0.998552 0.0292251 1.09956 -0.987616 0.0491333 -0.14916 14.2214
-0.150663 -0.0218395 0.988367 83.6266 0.0447304 0.998586 0.0288838 1.14849 -0.987596 0.0485605 -0.149471 13.9519
-0.151795 -0.0218848 0.988193 85.4205 0.0443168 0.998604 0.0289237 1.19055 -0.987442 0.0481833 -0.150611 13.6761
-0.154748 -0.0217443 0.987739 87.2207 0.043755 0.998631 0.0288391 1.23714 -0.987009 0.0476801 -0.153583 13.4154
-0.15423 -0.0224476 0.987803 89.0486 0.0435284 0.998621 0.0294906 1.27673 -0.9871 0.0475452 -0.153039 13.131
-0.154581 -0.0229133 0.987739 90.8861 0.0418848 0.998686 0.0297221 1.33876 -0.987116 0.0459645 -0.153416 12.8583
-0.157179 -0.0228111 0.98733 92.7375 0.0414083 0.998706 0.0296667 1.37616 -0.986727 0.045546 -0.156029 12.5774
-0.158473 -0.0222968 0.987136 94.6058 0.0409079 0.998744 0.0291261 1.43905 -0.98654 0.0449963 -0.15736 12.2903
-0.164048 -0.0217231 0.986237 96.4789 0.04116 0.998741 0.0288458 1.48247 -0.985619 0.045325 -0.162945 11.9933
-0.167121 -0.0220869 0.985714 98.3814 0.0393628 0.998808 0.0290537 1.5269 -0.985176 0.0436549 -0.166051 11.692
-0.171847 -0.0224323 0.984893 100.282 0.0384505 0.998832 0.0294595 1.58401 -0.9844 0.0429314 -0.170781 11.3786
-0.17811 -0.0223367 0.983782 102.188 0.0379444 0.998849 0.0295481 1.63173 -0.983305 0.0425907 -0.177056 11.0564
-0.181294 -0.0217797 0.983214 104.111 0.0379562 0.998861 0.0291258 1.68124 -0.982724 0.0425986 -0.180259 10.721
-0.185541 -0.0204421 0.982449 106.038 0.0382144 0.998883 0.0280007 1.72502 -0.98192 0.0427379 -0.18455 10.3852
-0.192196 -0.0201742 0.981175 107.975 0.0376856 0.998905 0.0279215 1.77687 -0.980661 0.0423418 -0.191223 10.0307
-0.195775 -0.0206867 0.980456 109.915 0.036673 0.99893 0.028399 1.82882 -0.97999 0.041515 -0.194805 9.66443
-0.201355 -0.0208202 0.979323 111.891 0.0347995 0.998997 0.0283941 1.89038 -0.978929 0.0397963 -0.200426 9.27504
-0.204735 -0.0226108 0.978582 113.875 0.0350643 0.998928 0.0304166 1.94876 -0.978217 0.0405396 -0.203721 8.88303
-0.210179 -0.0230183 0.977418 115.848 0.0350965 0.998907 0.031072 2.00777 -0.977061 0.0408337 -0.209139 8.47574
-0.216972 -0.0221836 0.975952 117.831 0.0356586 0.998901 0.0306323 2.06199 -0.975554 0.0414463 -0.21594 8.05638
-0.220656 -0.0218063 0.975135 119.812 0.0352642 0.998924 0.0303188 2.12381 -0.974743 0.0410763 -0.219647 7.61634
-0.225123 -0.0226584 0.974094 121.843 0.0359297 0.998863 0.0315377 2.17553 -0.973696 0.0420977 -0.224051 7.16487
-0.231932 -0.0230392 0.972486 123.833 0.0353537 0.998866 0.0320966 2.23644 -0.972119 0.0418242 -0.230852 6.71274
-0.23581 -0.0228532 0.971559 125.841 0.0347154 0.998894 0.0319218 2.29936 -0.971209 0.0412542 -0.234753 6.23468
-0.242488 -0.0229255 0.969911 127.85 0.0339852 0.998913 0.0321084 2.36643 -0.969589 0.0407474 -0.241442 5.76021
-0.245474 -0.023362 0.969149 129.873 0.0356342 0.998823 0.0331027 2.43004 -0.968779 0.0426595 -0.244349 5.2591
-0.250093 -0.0246224 0.967937 131.889 0.0353884 0.998784 0.0345516 2.49695 -0.967606 0.0428936 -0.248914 4.75595
-0.25571 -0.0251102 0.966456 133.891 0.0358743 0.998735 0.0354405 2.55668 -0.96612 0.043732 -0.254483 4.25849
-0.256823 -0.0249039 0.966166 135.944 0.0358935 0.99874 0.0352858 2.62168 -0.965824 0.04374 -0.255602 3.73694
-0.260038 -0.0252975 0.965296 137.986 0.0340499 0.998802 0.035348 2.66939 -0.965031 0.0420586 -0.258862 3.21011
-0.266247 -0.0252047 0.963605 140.01 0.0323182 0.998871 0.0350578 2.71454 -0.963396 0.0404746 -0.265128 2.65887
-0.268842 -0.0252085 0.962885 142.092 0.0303676 0.998947 0.0346313 2.77375 -0.962739 0.0385493 -0.26779 2.104
-0.274778 -0.0248859 0.961215 144.154 0.0297469 0.998975 0.0343681 2.86087 -0.961081 0.0380355 -0.273752 1.53703
-0.278048 -0.0280415 0.96019 146.218 0.0292421 0.998872 0.037639 2.91204 -0.960157 0.0385418 -0.276911 0.954468
-0.282272 -0.026949 0.958986 148.312 0.0292731 0.998906 0.0366881 2.96163 -0.958922 0.0384271 -0.28117 0.357283
-0.287865 -0.0268588 0.957326 150.402 0.0287916 0.998921 0.0366831 3.03349 -0.957274 0.0381209 -0.286777 -0.246854
-0.290944 -0.0279 0.956363 152.474 0.028408 0.99889 0.0377838 3.10891 -0.956353 0.03816 -0.289825 -0.859875
-0.295276 -0.0279974 0.955035 154.566 0.028839 0.998863 0.0381986 3.18122 -0.955013 0.0388194 -0.294129 -1.48951
-0.300185 -0.0275929 0.953513 156.695 0.0296495 0.998837 0.0382395 3.25067 -0.953455 0.0397487 -0.299014 -2.13174
-0.302282 -0.0275734 0.952852 158.773 0.0294948 0.998841 0.038261 3.32466 -0.952798 0.0396678 -0.301115 -2.77424
-0.305779 -0.0263288 0.95177 160.887 0.0296994 0.998876 0.0371742 3.39625 -0.951675 0.0396326 -0.304649 -3.42788
-0.310841 -0.0260022 0.95014 163.013 0.0296173 0.998884 0.0370254 3.46403 -0.950037 0.0396476 -0.30972 -4.11226
-0.312838 -0.0258204 0.949488 165.116 0.0291832 0.998906 0.0367802 3.53381 -0.949395 0.0392138 -0.311738 -4.78477
-0.317737 -0.0257449 0.947863 167.259 0.0290025 0.998909 0.0368533 3.60873 -0.947773 0.039198 -0.316639 -5.48547
-0.31985 -0.0260199 0.947143 169.379 0.0290333 0.998893 0.0372465 3.67877 -0.947061 0.0394106 -0.318737 -6.1873
-0.323764 -0.0260351 0.945814 171.515 0.0297565 0.998856 0.0376813 3.74899 -0.945709 0.0403419 -0.322614 -6.90202
-0.328604 -0.0253216 0.944161 173.674 0.0310201 0.998821 0.037584 3.81317 -0.943996 0.0416369 -0.327427 -7.62472
-0.329098 -0.0253634 0.943989 175.809 0.031684 0.99879 0.0378817 3.88829 -0.943803 0.042374 -0.327891 -8.36088
-0.332398 -0.0264674 0.942801 177.998 0.0307979 0.998778 0.0388975 3.96644 -0.942674 0.0419645 -0.331173 -9.10751
-0.337152 -0.0269304 0.941099 180.162 0.0296541 0.998801 0.0392052 4.05466 -0.941023 0.0411233 -0.335944 -9.85057
-0.338195 -0.0258934 0.940755 182.313 0.0287963 0.998879 0.0378456 4.13899 -0.940674 0.039888 -0.337066 -10.5942
-0.342081 -0.0251912 0.939368 184.52 0.0282377 0.998924 0.0370713 4.20616 -0.939287 0.0392047 -0.340996 -11.3739
-0.346501 -0.0238778 0.937781 186.705 0.0270593 0.999016 0.0354355 4.30162 -0.937699 0.0376527 -0.345509 -12.176
-0.347677 -0.023244 0.937362 188.848 0.0259405 0.999082 0.0343961 4.3704 -0.937297 0.0362722 -0.346749 -12.9493
-0.352914 -0.0232766 0.935402 191.051 0.0262488 0.999062 0.0347643 4.43139 -0.935328 0.0368207 -0.351968 -13.751
-0.355117 -0.0235111 0.934563 193.246 0.0261973 0.999052 0.0350879 4.513 -0.934496 0.0369412 -0.354159 -14.5667
-0.358898 -0.0238892 0.933108 195.451 0.025811 0.999047 0.0355052 4.5869 -0.933061 0.0368258 -0.357934 -15.3956
-0.364072 -0.0240388 0.931097 197.686 0.026376 0.999011 0.0361054 4.65284 -0.93104 0.0377015 -0.363072 -16.2435
-0.366584 -0.0241425 0.930109 199.855 0.0251612 0.999052 0.035849 4.73096 -0.930087 0.036543 -0.365624 -17.0774
-0.37023 -0.0232722 0.928686 202.07 0.0249735 0.999087 0.0349922 4.80508 -0.928648 0.0361454 -0.369304 -17.9454
-0.374314 -0.0225886 0.927064 204.307 0.0249651 0.999107 0.0344241 4.87113 -0.927008 0.0360283 -0.37341 -18.8186
-0.375745 -0.0219922 0.9265 206.547 0.0256043 0.999102 0.0340993 4.94005 -0.926413 0.0365327 -0.374838 -19.6999
-0.380481 -0.0224548 0.924554 208.76 0.0255672 0.99908 0.0347866 5.01392 -0.924479 0.0368726 -0.379551 -20.5796
-0.381416 -0.023149 0.924152 210.96 0.0262006 0.999026 0.0358377 5.08833 -0.924076 0.03788 -0.380431 -21.4808
-0.384013 -0.022751 0.923085 213.192 0.0269861 0.999005 0.0358489 5.15912 -0.922977 0.0386756 -0.383011 -22.398
-0.388429 -0.0223166 0.921247 215.433 0.026821 0.999022 0.0355089 5.21912 -0.921133 0.0384992 -0.387443 -23.335
-0.389739 -0.0217605 0.920706 217.631 0.0263614 0.99906 0.0347714 5.2903 -0.920593 0.0378214 -0.388793 -24.2519
-0.392648 -0.0216344 0.919473 219.84 0.0264234 0.999058 0.0347903 5.35962 -0.919353 0.0379537 -0.391699 -25.1828
-0.397553 -0.0205497 0.917387 222.068 0.0253972 0.999132 0.033387 5.41668 -0.917273 0.0365708 -0.39668 -26.1319
-0.400163 -0.0210758 0.91624 224.233 0.0235064 0.999183 0.0332496 5.48181 -0.916187 0.0348406 -0.399333 -27.0511
-0.403107 -0.0206113 0.91496 226.451 0.0237389 0.999187 0.0329674 5.54675 -0.914891 0.0350081 -0.402283 -28.018
-0.407408 -0.0213168 0.913037 228.683 0.0249688 0.999107 0.0344671 5.59894 -0.912951 0.0368374 -0.406504 -28.9956
-0.408695 -0.0245707 0.912381 230.86 0.0241218 0.999011 0.0377089 5.67292 -0.912399 0.0374182 -0.407691 -29.9503
-0.413023 -0.0250561 0.910415 233.093 0.0234745 0.99901 0.0381433 5.75511 -0.910464 0.0371235 -0.412018 -30.943
-0.414512 -0.024781 0.909747 235.274 0.023024 0.999038 0.0377038 5.83617 -0.9098 0.0365732 -0.413536 -31.9105
-0.41781 -0.0247633 0.908238 237.472 0.0223938 0.999058 0.0375408 5.92097 -0.908305 0.0360216 -0.416854 -32.8998
-0.424461 -0.0265942 0.905097 239.669 0.0220153 0.998985 0.0396775 6.01087 -0.905227 0.036766 -0.423438 -33.9033
-0.425875 -0.0262944 0.904442 241.834 0.0218304 0.999003 0.0393225 6.09546 -0.904567 0.0364886 -0.424868 -34.9046
-0.429741 -0.0270475 0.902589 244.04 0.020757 0.999006 0.03982 6.18152 -0.902762 0.0358457 -0.428746 -35.9342
-0.436598 -0.030339 0.899189 246.216 0.0195205 0.998892 0.0431808 6.26262 -0.899495 0.0364029 -0.435513 -36.9721
-0.438155 -0.0299382 0.898444 248.384 0.0185156 0.998948 0.0423173 6.35711 -0.898758 0.0351752 -0.437133 -37.9997
-0.442099 -0.0298686 0.896513 250.554 0.0183759 0.998949 0.042343 6.44447 -0.896828 0.0351917 -0.441077 -39.0421
-0.448028 -0.0298302 0.893566 252.706 0.0185187 0.998934 0.0426332 6.53288 -0.893878 0.0356469 -0.446992 -40.0973
-0.450248 -0.0305464 0.892427 254.838 0.0178627 0.998922 0.0432037 6.62496 -0.892775 0.0353912 -0.449209 -41.1607
-0.455408 -0.0307655 0.889797 256.994 0.0169402 0.998938 0.0432096 6.7126 -0.890173 0.0347497 -0.454396 -42.2446
-0.456658 -0.0303141 0.889172 259.147 0.0170246 0.998954 0.0428003 6.80795 -0.88953 0.0346805 -0.455656 -43.3367
-0.460962 -0.0297398 0.886967 261.323 0.0181665 0.998928 0.0429355 6.91589 -0.887286 0.0359031 -0.45992 -44.4619
-0.465871 -0.0295078 0.884409 263.487 0.0183546 0.998922 0.0429973 6.9937 -0.884715 0.0362616 -0.46482 -45.5679
-0.468152 -0.02896 0.883221 265.613 0.0185118 0.998938 0.042567 7.07918 -0.883508 0.036276 -0.467111 -46.6857
-0.471048 -0.0284837 0.881697 267.759 0.019129 0.99893 0.0424909 7.17879 -0.881955 0.0368787 -0.46999 -47.8137
-0.475795 -0.0288577 0.879131 269.922 0.0191945 0.998899 0.0431779 7.27528 -0.879401 0.0374164 -0.474709 -48.954
-0.476186 -0.0311393 0.878843 272.042 0.0179339 0.998837 0.0451084 7.37163 -0.879217 0.0372386 -0.475065 -50.0928
-0.480508 -0.0307352 0.876501 274.214 0.0185073 0.998824 0.0451709 7.474 -0.876851 0.0379247 -0.479365 -51.2644
-0.482234 -0.0303566 0.875568 276.366 0.0188359 0.998826 0.0450045 7.58475 -0.875898 0.0381922 -0.481086 -52.417
-0.485452 -0.0303777 0.873785 278.538 0.018441 0.998834 0.0449709 7.69453 -0.874125 0.0379427 -0.484317 -53.6022
-0.490548 -0.0303446 0.870938 280.694 0.0185448 0.99882 0.0452458 7.79454 -0.871276 0.038344 -0.489397 -54.7942
-0.491941 -0.030948 0.870129 282.873 0.0183327 0.998795 0.0458894 7.90831 -0.870493 0.0385247 -0.490771 -56.0053
-0.494646 -0.0312689 0.868586 285.048 0.0174701 0.99881 0.0459063 8.02815 -0.868979 0.037879 -0.493502 -57.2204
-0.499092 -0.0315372 0.866026 287.242 0.0180517 0.998759 0.0467745 8.13228 -0.866419 0.0389759 -0.497894 -58.4545
-0.499362 -0.0322998 0.865845 289.449 0.0188478 0.99868 0.0481257 8.23971 -0.866249 0.0403487 -0.498084 -59.7121
-0.501398 -0.0328677 0.864644 291.645 0.0191557 0.998629 0.0490694 8.35538 -0.865064 0.041164 -0.500071 -60.9658
-0.505323 -0.0333174 0.862341 293.836 0.0189992 0.9986 0.0497158 8.47541 -0.862781 0.0415036 -0.503973 -62.2213
-0.506294 -0.0340555 0.861741 296.068 0.0183233 0.998587 0.0502295 8.5968 -0.862227 0.0412187 -0.504944 -63.4974
-0.510314 -0.0341675 0.859364 298.289 0.0190605 0.998533 0.05102 8.72275 -0.859838 0.0424134 -0.508904 -64.8058
-0.51109 -0.0347768 0.858876 300.505 0.0189253 0.998501 0.0516927 8.8403 -0.859379 0.0426719 -0.509656 -66.1183
-0.513144 -0.0343758 0.857669 302.728 0.0185957 0.998535 0.0511478 8.97084 -0.858163 0.0421923 -0.511742 -67.4296
-0.516822 -0.0329654 0.855511 304.972 0.0177775 0.998647 0.0492209 9.09951 -0.855969 0.0406452 -0.515527 -68.7498
-0.518476 -0.0326602 0.854523 307.226 0.0168695 0.998703 0.0484064 9.22783 -0.854989 0.0395102 -0.517241 -70.0856
-0.522649 -0.032569 0.851981 309.486 0.016442 0.998717 0.0482652 9.35085 -0.852451 0.0392318 -0.521432 -71.4274
-0.529922 -0.0333892 0.847446 311.752 0.0152581 0.998706 0.0488902 9.48583 -0.847975 0.0388354 -0.528714 -72.7855
-0.533028 -0.0345655 0.845447 314.023 0.0147113 0.998654 0.0501049 9.61279 -0.846032 0.0391427 -0.531791 -74.189
-0.537242 -0.0346621 0.842773 316.274 0.0148205 0.998632 0.0505204 9.74067 -0.843365 0.039629 -0.535981 -75.5901
-0.542791 -0.0338642 0.839241 318.561 0.0161207 0.998601 0.0507214 9.86109 -0.839776 0.0410579 -0.541476 -77.0026
-0.543862 -0.0330866 0.83858 320.838 0.0169106 0.998606 0.0503682 9.99231 -0.839072 0.0415713 -0.542532 -78.461
-0.549374 -0.0334296 0.834964 323.1 0.0183813 0.998493 0.0520716 10.1198 -0.835438 0.0439521 -0.547921 -79.8975
-0.550816 -0.0348025 0.833959 325.356 0.018089 0.998417 0.0536134 10.247 -0.834499 0.0446136 -0.549302 -81.3467
-0.554948 -0.0355052 0.831184 327.617 0.0177707 0.998373 0.0545123 10.364 -0.831759 0.0450198 -0.553404 -82.824
-0.56217 -0.0366867 0.826266 329.831 0.0170136 0.99831 0.0559014 10.501 -0.826915 0.0454807 -0.560583 -84.3015
-0.562593 -0.0376732 0.825934 332.078 0.0165319 0.998268 0.0567952 10.6429 -0.826636 0.0456043 -0.560984 -85.7981
-0.565999 -0.0380334 0.823588 334.314 0.0177222 0.998162 0.058275 10.7821 -0.824285 0.0475763 -0.564271 -87.2964
-0.571652 -0.0392598 0.819616 336.538 0.0178664 0.998041 0.0602678 10.9082 -0.82037 0.0490933 -0.569819 -88.8266
-0.570496 -0.0423715 0.820267 338.799 0.0163906 0.997903 0.0629475 11.0632 -0.821206 0.0493529 -0.568591 -90.3277
-0.573967 -0.0432994 0.817795 341.03 0.0158151 0.997848 0.0639329 11.2239 -0.818796 0.0496264 -0.572035 -91.8644
-0.579541 -0.0445499 0.813786 343.253 0.0153053 0.997755 0.0655214 11.3877 -0.814871 0.0504242 -0.577543 -93.408
-0.579656 -0.045153 0.813672 345.466 0.0133631 0.997823 0.0648924 11.5425 -0.814823 0.048486 -0.577778 -94.9543
-0.584349 -0.0464562 0.810234 347.672 0.00960701 0.997916 0.0641465 11.7108 -0.811518 0.0452644 -0.58267 -96.5115
-0.585371 -0.0448855 0.809585 349.875 0.00864677 0.998085 0.0615888 11.8572 -0.810791 0.0430502 -0.583849 -98.0772
-0.588487 -0.04637 0.80724 352.096 0.00774196 0.998007 0.0629729 12.0175 -0.808542 0.0433048 -0.586941 -99.6558
-0.594735 -0.047428 0.802587 354.296 0.00748222 0.997911 0.0645154 12.1753 -0.803961 0.0443722 -0.593124 -101.236
-0.596482 -0.0481947 0.801246 356.484 0.00666556 0.997886 0.0649855 12.3323 -0.802674 0.0440996 -0.594884 -102.849
-0.599355 -0.0496692 0.799008 358.681 0.00470068 0.99786 0.0655573 12.4922 -0.800545 0.0430454 -0.597825 -104.454
-0.603868 -0.0528068 0.795401 360.87 0.00287083 0.997675 0.0684161 12.6666 -0.797156 0.0435938 -0.602296 -106.065
-0.605783 -0.0551384 0.793785 363.053 0.000781965 0.997577 0.0698919 12.8352 -0.795706 0.0429574 -0.604257 -107.7
-0.609131 -0.0558879 0.791167 365.217 -0.000691447 0.997573 0.0699367 13.006 -0.793147 0.0420497 -0.607676 -109.319
-0.613399 -0.0563087 0.787833 367.364 -0.00109969 0.997538 0.0704416 13.184 -0.78985 0.0423397 -0.611938 -110.943
-0.613878 -0.056952 0.787414 369.525 -0.00140781 0.997495 0.0710502 13.3619 -0.789478 0.0425038 -0.612405 -112.608
-0.620455 -0.0575693 0.782197 371.645 -0.00234301 0.997457 0.0715549 13.5404 -0.784317 0.0425611 -0.618998 -114.241
-0.621538 -0.0590996 0.781223 373.815 -0.00494597 0.99745 0.0715232 13.6995 -0.783448 0.0405866 -0.62023 -115.93
-0.623683 -0.0625268 0.779245 375.952 -0.0136478 0.997538 0.0691206 13.848 -0.781638 0.0324715 -0.622988 -117.585
-0.629337 -0.0592084 0.774948 378.059 -0.0216913 0.998069 0.0586409 14.0406 -0.776911 0.0200917 -0.629389 -119.233
-0.629785 -0.0514074 0.775141 380.151 -0.0141053 0.998424 0.0547565 14.1466 -0.776723 0.0235486 -0.629503 -120.901
-0.631467 -0.0508665 0.773808 382.233 -0.00700079 0.998205 0.0599053 14.2623 -0.775454 0.0324072 -0.630672 -122.577
-0.636319 -0.0554947 0.769504 384.319 -0.00480756 0.997701 0.0679775 14.4336 -0.771495 0.0395532 -0.635106 -124.279
-0.637573 -0.0657456 0.767656 386.405 -0.00984894 0.996993 0.0772082 14.6124 -0.77041 0.0416613 -0.636285 -125.962
-0.641217 -0.0715698 0.764093 388.539 -0.0154666 0.99667 0.0803763 14.805 -0.76729 0.0397181 -0.640171 -127.699
-0.641577 -0.0733818 0.763618 390.62 -0.0172706 0.99657 0.0812585 14.9997 -0.766949 0.0389418 -0.640625 -129.401
-0.644276 -0.0691466 0.76174 392.694 -0.0127619 0.996764 0.0796883 15.1727 -0.764773 0.0416174 -0.643056 -131.125
-0.647531 -0.0633778 0.759477 394.767 -0.00851788 0.997102 0.0759459 15.333 -0.762076 0.0427045 -0.646176 -132.854
-0.648967 -0.0608831 0.758457 396.813 -0.00812355 0.997318 0.0731075 15.5102 -0.760862 0.0412804 -0.647701 -134.577
-0.651904 -0.0610041 0.755923 398.87 -0.00808152 0.997288 0.073514 15.6972 -0.758344 0.0418112 -0.65061 -136.322
-0.655947 -0.061462 0.752383 400.929 -0.00752165 0.99719 0.0749041 15.8786 -0.75486 0.0434712 -0.654546 -138.082
-0.6576 -0.0623259 0.750864 402.95 -0.00707252 0.997066 0.0765688 16.0634 -0.75342 0.0450373 -0.656093 -139.823
-0.659281 -0.062511 0.749377 404.98 -0.00697415 0.997031 0.0770354 16.2495 -0.751956 0.045559 -0.65774 -141.585
-0.662435 -0.0622206 0.746612 407.01 -0.00665065 0.997021 0.0771886 16.4461 -0.749178 0.0461633 -0.660856 -143.351
-0.66277 -0.0615665 0.746372 409.005 -0.00682558 0.997098 0.0761888 16.6376 -0.748885 0.0453984 -0.661246 -145.125
-0.667676 -0.0695927 0.741276 410.999 -0.00711718 0.9962 0.0871154 16.8573 -0.744511 0.0528848 -0.665613 -146.888
-0.668023 -0.0695571 0.740967 412.995 -0.00504064 0.996051 0.0889596 17.0796 -0.744217 0.0556892 -0.665715 -148.667
-0.670407 -0.0706518 0.738707 414.948 -0.00370815 0.995792 0.091875 17.2838 -0.742078 0.0588499 -0.667826 -150.432
-0.674469 -0.0714371 0.734924 416.912 -0.00545722 0.995793 0.0917873 17.5022 -0.738378 0.0578941 -0.671998 -152.21
-0.672921 -0.0705602 0.736428 418.896 -0.00884172 0.996166 0.0873683 17.7109 -0.739757 0.0522761 -0.670943 -154.001
-0.674627 -0.0702425 0.734896 420.883 -0.0106564 0.996316 0.0854483 17.9146 -0.738178 0.0498115 -0.672866 -155.789
-0.677293 -0.0715732 0.732314 422.862 -0.0112186 0.996177 0.0869875 18.1196 -0.735726 0.0506956 -0.675484 -157.592
-0.677427 -0.0729454 0.732051 424.823 -0.0125679 0.996105 0.0876279 18.3163 -0.73558 0.0501583 -0.675681 -159.38
-0.678856 -0.0727402 0.730751 426.789 -0.0136056 0.996189 0.0865239 18.5356 -0.734245 0.0487901 -0.677236 -161.172
-0.680835 -0.0739576 0.728781 428.756 -0.0141809 0.996066 0.087835 18.7437 -0.732398 0.0494637 -0.679181 -162.979
-0.680599 -0.0761991 0.728775 430.705 -0.0141542 0.995792 0.0909 18.9519 -0.732619 0.0515464 -0.678791 -164.781
-0.682535 -0.0800576 0.726545 432.669 -0.0147099 0.99532 0.095856 19.169 -0.730806 0.0547345 -0.680492 -166.62
-0.681799 -0.0838132 0.726815 434.629 -0.0102962 0.994451 0.105018 19.3994 -0.731568 0.0641125 -0.678854 -168.438
-0.681074 -0.0852359 0.727328 436.58 -0.00655085 0.993908 0.110343 19.6418 -0.732288 0.0703833 -0.677456 -170.258
-0.680815 -0.0872067 0.72734 438.53 -0.0108963 0.994019 0.108983 19.9091 -0.732477 0.0662663 -0.677668 -172.057
-0.678493 -0.0894303 0.729236 440.512 -0.0195931 0.994451 0.103726 20.1771 -0.734449 0.0560859 -0.676452 -173.875
-0.676129 -0.0940399 0.730851 442.423 -0.0259037 0.994278 0.103972 20.4171 -0.736429 0.0513619 -0.674671 -175.657
-0.673642 -0.0970487 0.732752 444.353 -0.0252607 0.993823 0.108404 20.6706 -0.73873 0.0545123 -0.671906 -177.418
-0.669008 -0.0970695 0.736984 446.34 -0.0235041 0.99374 0.109552 20.9402 -0.742985 0.0559638 -0.667076 -179.211
-0.66645 -0.0966253 0.739354 448.314 -0.0217256 0.9937 0.110283 21.2103 -0.745337 0.0574317 -0.664324 -180.988
-0.666099 -0.0988671 0.739376 450.267 -0.0236948 0.993519 0.111505 21.4729 -0.745589 0.0567487 -0.664099 -182.73
-0.662477 -0.103201 0.742032 452.251 -0.0299335 0.993358 0.111432 21.7478 -0.748589 0.0516062 -0.661139 -184.491
-0.662743 -0.110823 0.740697 454.229 -0.0389811 0.992794 0.113664 22.0341 -0.747934 0.0464518 -0.662262 -186.217
-0.659795 -0.115386 0.742628 456.248 -0.0462302 0.99254 0.113143 22.3116 -0.750129 0.0403161 -0.66018 -187.979
-0.659136 -0.117127 0.742942 458.24 -0.0487907 0.992417 0.113172 22.5965 -0.750543 0.0383418 -0.659826 -189.714
-0.659985 -0.117797 0.742084 460.215 -0.0481228 0.992272 0.114714 22.871 -0.749847 0.0399946 -0.660524 -191.441
-0.658574 -0.119076 0.743133 462.221 -0.0456734 0.991948 0.118469 23.1571 -0.751235 0.044074 -0.658682 -193.214
-0.657499 -0.121618 0.743673 464.213 -0.0460273 0.991567 0.121466 23.4695 -0.752158 0.0456307 -0.657525 -194.953
-0.659026 -0.122536 0.742171 466.199 -0.0485575 0.991555 0.120594 23.7723 -0.750659 0.0434309 -0.659383 -196.675
-0.655899 -0.122721 0.744905 468.177 -0.0490126 0.991579 0.120206 24.0742 -0.753367 0.0423291 -0.656361 -198.414
-0.653957 -0.12329 0.746519 470.173 -0.0493728 0.991527 0.120504 24.3469 -0.755027 0.0419406 -0.654475 -200.167
-0.657781 -0.1209 0.743543 472.174 -0.0469497 0.991738 0.119724 24.6486 -0.751858 0.0438393 -0.657993 -201.928
-0.655034 -0.120647 0.746008 474.159 -0.0442274 0.991644 0.12154 24.9557 -0.754414 0.0466124 -0.654867 -203.653
-0.655319 -0.12236 0.745478 476.17 -0.0455318 0.991441 0.122708 25.2546 -0.754093 0.0464655 -0.65525 -205.396
-0.652904 -0.123358 0.747431 478.166 -0.0460483 0.991334 0.123389 25.5602 -0.756151 0.0461373 -0.652896 -207.128
-0.651976 -0.124578 0.748038 480.176 -0.046038 0.991139 0.12494 25.8712 -0.756956 0.0470153 -0.651903 -208.855
-0.65185 -0.125968 0.747915 482.191 -0.0479166 0.991025 0.125153 26.1758 -0.756945 0.0457374 -0.652004 -210.571
-0.65053 -0.126726 0.748937 484.185 -0.0486392 0.990953 0.125431 26.4835 -0.758037 0.0451643 -0.650778 -212.287
-0.650046 -0.125912 0.749494 486.194 -0.0491258 0.991124 0.123899 26.7994 -0.758418 0.043714 -0.65043 -214.021
-0.650957 -0.126367 0.748626 488.206 -0.0486657 0.99101 0.124968 27.1075 -0.757667 0.0449118 -0.651225 -215.747
-0.649309 -0.128747 0.749653 490.195 -0.0492953 0.990667 0.127444 27.4252 -0.759039 0.0457896 -0.649563 -217.475
-0.649261 -0.130661 0.749362 492.204 -0.0506386 0.990419 0.12882 27.7409 -0.758993 0.0456869 -0.649627 -219.198
-0.651784 -0.131823 0.746968 494.205 -0.0517055 0.990259 0.129644 28.0622 -0.756756 0.0458704 -0.652219 -220.9
-0.650952 -0.13267 0.747543 496.194 -0.0516469 0.990116 0.130748 28.3928 -0.757478 0.0464977 -0.651339 -222.614
-0.652428 -0.13277 0.746239 498.205 -0.0519181 0.990099 0.13077 28.7173 -0.756188 0.0465673 -0.65283 -224.34
-0.651853 -0.133648 0.746583 500.189 -0.0515113 0.989925 0.132236 29.0485 -0.756712 0.0477362 -0.652139 -226.057
-0.652345 -0.135621 0.745799 502.192 -0.0521914 0.989611 0.134309 29.377 -0.756242 0.0486841 -0.652614 -227.784
-0.653841 -0.135957 0.744425 504.198 -0.0525265 0.989554 0.134593 29.7108 -0.754925 0.0488953 -0.654121 -229.521
-0.652649 -0.135641 0.74553 506.193 -0.0523081 0.989612 0.134261 30.0429 -0.755973 0.0486209 -0.652932 -231.248
-0.652371 -0.135833 0.745737 508.189 -0.0524328 0.989587 0.134384 30.3805 -0.756204 0.0485623 -0.652669 -232.975
-0.65355 -0.136216 0.744637 510.18 -0.052778 0.989528 0.134695 30.7133 -0.755163 0.0487221 -0.653862 -234.702
-0.651655 -0.136293 0.74628 512.17 -0.0526087 0.989524 0.134782 31.0491 -0.75681 0.0485651 -0.651968 -236.428
-0.652049 -0.136931 0.74582 514.175 -0.0537273 0.989476 0.134697 31.3852 -0.756393 0.0477506 -0.652511 -238.157
-0.651098 -0.137715 0.746507 516.175 -0.0546978 0.989406 0.134821 31.7207 -0.757143 0.0469439 -0.651702 -239.89
-0.651133 -0.138448 0.74634 518.182 -0.055608 0.989329 0.135013 32.0568 -0.757046 0.0464013 -0.65185 -241.616
-0.650838 -0.139495 0.746406 520.15 -0.0559999 0.989167 0.136038 32.3829 -0.757274 0.0467339 -0.651569 -243.308
-0.649666 -0.141106 0.747123 522.165 -0.0563696 0.988908 0.137758 32.7353 -0.758253 0.047374 -0.65038 -245.052
-0.648431 -0.140691 0.748274 524.162 -0.0566358 0.989015 0.136879 33.0839 -0.759289 0.0463712 -0.649245 -246.772
-0.648936 -0.140477 0.747879 526.148 -0.05592 0.989005 0.137251 33.4222 -0.758915 0.0472374 -0.649621 -248.466
-0.647369 -0.140652 0.749202 528.163 -0.0555612 0.988968 0.137658 33.769 -0.760276 0.0474824 -0.64801 -250.205
-0.647335 -0.141943 0.74899 530.159 -0.0554016 0.98872 0.139498 34.1251 -0.760318 0.0487984 -0.647863 -251.907
-0.648967 -0.142687 0.747432 532.133 -0.0565751 0.988636 0.139614 34.4617 -0.758837 0.0483124 -0.649633 -253.595
-0.647853 -0.143165 0.748309 534.164 -0.0570106 0.988589 0.139782 34.8013 -0.759758 0.0478886 -0.648588 -255.324
-0.647637 -0.142991 0.748527 536.156 -0.0566127 0.988598 0.139873 35.1569 -0.75997 0.0482042 -0.648317 -257.036
-0.650399 -0.14327 0.746078 538.154 -0.0555331 0.988442 0.141404 35.5073 -0.75769 0.0505287 -0.650805 -258.734
-0.648576 -0.145811 0.747172 540.169 -0.0560205 0.988011 0.144187 35.8627 -0.759216 0.0516522 -0.648937 -260.464
-0.651433 -0.145952 0.744657 542.156 -0.0573308 0.988036 0.143507 36.2217 -0.756669 0.0507843 -0.651974 -262.165
-0.651102 -0.144878 0.745154 544.141 -0.0580751 0.988294 0.141409 36.5722 -0.756897 0.0487903 -0.651862 -263.855
-0.651645 -0.145432 0.744573 546.153 -0.0580587 0.988181 0.142207 36.9176 -0.756431 0.0494307 -0.652353 -265.575
-0.653824 -0.148466 0.74206 548.153 -0.0575189 0.987526 0.146902 37.2866 -0.754592 0.0533583 -0.654175 -267.303
-0.652315 -0.150157 0.743048 550.132 -0.056989 0.987172 0.149465 37.6551 -0.755936 0.0551432 -0.65247 -269.022
-0.652254 -0.149927 0.743146 552.142 -0.0561289 0.987156 0.149895 38.0283 -0.756053 0.0560499 -0.652259 -270.763
-0.653823 -0.149268 0.741901 554.122 -0.0559629 0.987254 0.149318 38.4118 -0.754709 0.0560989 -0.65381 -272.478
-0.652212 -0.150176 0.743135 556.119 -0.0569061 0.987164 0.149551 38.7783 -0.756033 0.0552421 -0.652354 -274.203
-0.653555 -0.150847 0.74182 558.101 -0.0564652 0.986976 0.150958 39.1561 -0.754905 0.0567626 -0.653527 -275.898
-0.652582 -0.151617 0.742519 560.103 -0.0553513 0.986749 0.152844 39.5365 -0.75583 0.0586357 -0.652294 -277.655
-0.652382 -0.153248 0.742361 562.101 -0.0558296 0.986452 0.15458 39.9158 -0.755967 0.0593893 -0.652066 -279.381
-0.65331 -0.154578 0.741269 564.093 -0.0572981 0.986275 0.155175 40.3114 -0.755058 0.0588959 -0.653166 -281.113
-0.651271 -0.154958 0.742982 566.09 -0.0566888 0.98618 0.155994 40.6983 -0.75686 0.0594655 -0.651022 -282.851
-0.65063 -0.155738 0.743381 568.087 -0.0558437 0.98596 0.157687 41.0917 -0.757476 0.0610742 -0.65016 -284.575
-0.650279 -0.157073 0.743408 570.066 -0.0577297 0.985833 0.157802 41.474 -0.757635 0.0596881 -0.6501 -286.277
-0.649305 -0.158509 0.743955 572.058 -0.0596368 0.985693 0.15797 41.8652 -0.758325 0.0581951 -0.649435 -288.003
-0.649829 -0.158629 0.743472 574.026 -0.0596417 0.98566 0.158178 42.2646 -0.757874 0.0584358 -0.649937 -289.7
-0.64971 -0.157056 0.743911 576.023 -0.0585255 0.98591 0.157037 42.6614 -0.758067 0.0584815 -0.649713 -291.441
-0.649278 -0.157461 0.744202 578.037 -0.0578614 0.985779 0.158099 43.058 -0.758485 0.0595787 -0.649121 -293.169
-0.649967 -0.158617 0.743355 580.003 -0.0577316 0.985511 0.159814 43.4619 -0.757907 0.0609494 -0.649674 -294.866
-0.647963 -0.159225 0.744974 582.004 -0.057994 0.985435 0.160183 43.8575 -0.7596 0.0605775 -0.647726 -296.586
-0.648149 -0.159 0.744859 583.938 -0.0581596 0.985494 0.159763 44.244 -0.759429 0.0602196 -0.647962 -298.26
-0.64693 -0.159588 0.745795 585.934 -0.0590537 0.985459 0.159653 44.649 -0.7604 0.0592306 -0.646913 -299.975
-0.6466 -0.160019 0.745988 587.924 -0.0588853 0.985359 0.160331 45.0515 -0.760694 0.0597324 -0.646524 -301.675
-0.64592 -0.160361 0.746505 589.915 -0.0591185 0.985315 0.160514 45.4493 -0.761254 0.0595353 -0.645881 -303.384
-0.6463 -0.160751 0.746092 591.867 -0.0588491 0.985204 0.161296 45.8511 -0.760952 0.0603289 -0.646166 -305.054
-0.644659 -0.16205 0.747231 593.875 -0.0591986 0.984979 0.162543 46.2626 -0.762317 0.0605378 -0.644534 -306.774
-0.644301 -0.163101 0.747312 595.859 -0.0607778 0.984881 0.162555 46.6728 -0.762496 0.0593039 -0.644441 -308.462
-0.644 -0.16258 0.747685 597.869 -0.0605783 0.984984 0.162007 47.0861 -0.762767 0.0590268 -0.644143 -310.167
-0.644752 -0.162642 0.747023 599.87 -0.0599298 0.984907 0.162714 47.495 -0.762183 0.0601306 -0.644735 -311.872
-0.645075 -0.163214 0.746621 601.83 -0.0595795 0.984749 0.163799 47.9007 -0.761938 0.0611665 -0.644926 -313.546
-0.643019 -0.164562 0.748096 603.841 -0.0596761 0.984497 0.165275 48.3277 -0.763667 0.0616205 -0.642837 -315.262
-0.643321 -0.164763 0.747794 605.84 -0.0604461 0.984509 0.164923 48.7449 -0.763353 0.0608844 -0.643278 -316.954
-0.644315 -0.164274 0.747045 607.798 -0.0606163 0.984614 0.164238 49.1561 -0.762501 0.0605271 -0.644325 -318.621
-0.643184 -0.163547 0.748179 609.821 -0.0602698 0.984765 0.163456 49.5714 -0.763484 0.0600266 -0.643205 -320.334
-0.643825 -0.164204 0.747484 611.774 -0.0604224 0.984624 0.164259 49.9772 -0.762933 0.0605782 -0.64381 -321.997
-0.643559 -0.165491 0.747432 613.83 -0.0599881 0.984309 0.166293 50.4005 -0.763192 0.0621685 -0.64335 -323.73
-0.643571 -0.166809 0.747127 615.836 -0.0597995 0.983999 0.168188 50.8142 -0.763197 0.0635517 -0.643211 -325.435
-0.643447 -0.16729 0.747128 617.822 -0.0593656 0.983856 0.169175 51.2378 -0.763336 0.064487 -0.642952 -327.126
-0.643215 -0.167341 0.747316 619.839 -0.0599544 0.983899 0.168718 51.6707 -0.763486 0.0637055 -0.642853 -328.845
-0.64287 -0.167951 0.747478 621.838 -0.0600392 0.983774 0.169413 52.0979 -0.763771 0.0640182 -0.642483 -330.54
-0.642632 -0.168673 0.747519 623.819 -0.0602472 0.983633 0.170162 52.5235 -0.763955 0.0643034 -0.642238 -332.22
-0.641863 -0.169771 0.747932 625.846 -0.0597925 0.983358 0.171902 52.9579 -0.764637 0.0656024 -0.641293 -333.94
-0.641572 -0.170292 0.748062 627.854 -0.0595261 0.983221 0.172776 53.3945 -0.764903 0.0663068 -0.640906 -335.638
-0.641665 -0.170647 0.747903 629.825 -0.0588288 0.983076 0.173839 53.8182 -0.764879 0.0675332 -0.640804 -337.303
-0.640687 -0.170978 0.748666 631.864 -0.0580112 0.982947 0.174842 54.256 -0.765762 0.0685753 -0.639641 -339.027
-0.640949 -0.171224 0.748386 633.843 -0.0572253 0.982812 0.175854 54.6935 -0.765602 0.0698718 -0.639691 -340.683
-0.640193 -0.172498 0.74874 635.87 -0.0565738 0.982468 0.177977 55.1349 -0.766284 0.0715677 -0.638689 -342.397
-0.639904 -0.172915 0.748892 637.863 -0.0562526 0.982345 0.178758 55.5782 -0.766548 0.0722453 -0.638294 -344.074
-0.640033 -0.172951 0.748773 639.832 -0.0567224 0.982378 0.178428 56.0126 -0.766407 0.0717147 -0.638525 -345.725
-0.639148 -0.171747 0.749807 641.836 -0.0551785 0.982538 0.178026 56.4637 -0.767258 0.0723963 -0.637424 -347.422
-0.639369 -0.170181 0.749974 643.832 -0.0534875 0.982745 0.177405 56.9041 -0.767194 0.0733003 -0.6374 -349.102
-0.639281 -0.170223 0.750042 645.803 -0.0525379 0.982645 0.178238 57.3466 -0.767333 0.0745232 -0.637089 -350.751
-0.638679 -0.169796 0.75065 647.833 -0.0512149 0.982632 0.178699 57.794 -0.767925 0.0756735 -0.636242 -352.448
-0.638329 -0.1702 0.750857 649.784 -0.0514069 0.982562 0.179025 58.2272 -0.768201 0.0756617 -0.635907 -354.084
-0.637251 -0.170423 0.751722 651.829 -0.0511109 0.982505 0.17942 58.6911 -0.769118 0.0759009 -0.634773 -355.794
-0.636416 -0.170146 0.752494 653.817 -0.0507671 0.982558 0.179235 59.1386 -0.769832 0.0758501 -0.633911 -357.455
