1 0 0 0 0 1 0 0 0 0 1 0
0.999999 -0.000995341 -0.00167372 -0.00118991 0.000995071 1 -0.000136517 -0.00810077 0.00167387 0.000134814 0.999999 0.56266
0.999997 -0.00119233 -0.00218922 -0.00353857 0.00119122 1 -0.000493759 -0.0090698 0.00218986 0.000491141 0.999998 1.11651
0.999992 -0.00133775 -0.00414182 -0.00857288 0.0013323 0.999998 -0.00129439 -0.00742459 0.00414354 0.00128879 0.999991 1.67406
0.999979 -0.00246013 -0.00610397 -0.00778224 0.00244697 0.999996 -0.00216216 -0.013101 0.00610928 0.00214716 0.99998 2.23232
0.999971 -0.00376213 -0.00678991 -0.00504073 0.00373664 0.999986 -0.00376047 -0.0469033 0.00680398 0.00373492 0.99997 2.79373
0.999957 -0.00366033 -0.00857952 -0.0122636 0.00362939 0.999988 -0.003625 -0.0514742 0.00859261 0.00359369 0.999958 3.36554
0.999956 -0.00289178 -0.00905347 -0.0152015 0.00284913 0.999985 -0.00471819 -0.0709075 0.009067 0.00469211 0.999948 3.95792
0.999946 -0.00205936 -0.0102095 -0.0313006 0.0020037 0.999984 -0.00546504 -0.0972566 0.0102205 0.00544429 0.999934 4.53693
0.999943 -0.00180199 -0.0105804 -0.0384266 0.00172396 0.999971 -0.00737171 -0.0999981 0.0105934 0.0073529 0.999917 5.13948
0.99993 -0.00142291 -0.0117998 -0.0487488 0.00129479 0.999941 -0.010868 -0.109384 0.0118145 0.0108519 0.999873 5.74393
0.999924 -0.000951847 -0.0123858 -0.0697799 0.000774522 0.999898 -0.0143037 -0.119727 0.0123981 0.0142929 0.999822 6.35801
0.999927 0.000843545 -0.0121164 -0.0777054 -0.00101813 0.999896 -0.0144194 -0.14691 0.0121029 0.0144307 0.999824 6.96041
0.999905 0.0019279 -0.0137377 -0.100176 -0.00204656 0.999961 -0.00861654 -0.151374 0.0137204 0.00864367 0.999869 7.60777
0.9999 0.00274107 -0.0139775 -0.113909 -0.00273225 0.999997 0.000642007 -0.154818 0.0139791 -0.000603837 0.999904 8.27707
0.999884 0.00369539 -0.014884 -0.139425 -0.0035881 0.999967 0.00724286 -0.166861 0.0149101 -0.00718888 0.999864 8.9578
0.999875 0.00427356 -0.0153047 -0.158505 -0.00418495 0.999976 0.00580744 -0.191924 0.015329 -0.00574275 0.999868 9.62967
0.999857 0.00788885 -0.0151037 -0.16594 -0.00789774 0.999969 -0.000513975 -0.212133 0.015099 0.000632886 0.999887 10.309
0.999834 0.0083236 -0.0162815 -0.181235 -0.00843174 0.999944 -0.00659289 -0.231122 0.0162255 0.00672887 0.999847 11.0385
0.99984 0.00697082 -0.0165821 -0.186802 -0.00706317 0.99996 -0.00550338 -0.247595 0.0165427 0.00561932 0.999849 11.7579
0.999838 0.00537956 -0.0172114 -0.210828 -0.00532241 0.999981 0.0033562 -0.2518 0.0172291 -0.00326419 0.999848 12.5374
0.999854 0.00536238 -0.0163329 -0.205717 -0.0052116 0.999944 0.00927977 -0.280878 0.0163815 -0.00919368 0.999825 13.3178
0.999839 0.00523533 -0.0171799 -0.222174 -0.00503367 0.999919 0.0117537 -0.287569 0.0172399 -0.0116655 0.999786 14.1236
0.99986 0.00307668 -0.0166092 -0.245353 -0.00288749 0.999931 0.0114247 -0.294543 0.0166428 -0.0113757 0.999798 14.9348
0.99988 0.00382658 -0.015036 -0.245761 -0.00369238 0.999954 0.00893386 -0.307867 0.0150694 -0.00887736 0.99985 15.7404
0.999872 0.00421746 -0.0155267 -0.266388 -0.00409456 0.999962 0.00795741 -0.278555 0.0155592 -0.00789329 0.999849 16.5907
0.999911 0.00271083 -0.0131581 -0.265692 -0.00266061 0.99999 0.00382322 -0.307266 0.0131683 -0.00378809 0.999909 17.4404
0.999916 0.000760331 -0.013184 -0.278591 -0.000778953 1 -0.00138733 -0.335936 0.0131825 0.0013971 0.999913 18.3206
0.999945 0.00240416 -0.0102944 -0.269655 -0.00246775 0.999979 -0.0061973 -0.35266 0.0102791 0.00622233 0.999932 19.2035
0.999946 0.00350058 -0.0100832 -0.276209 -0.00357813 0.999966 -0.00766079 -0.361287 0.0100555 0.00769618 0.999921 20.1276
0.999953 0.00331026 -0.0092274 -0.286797 -0.00338171 0.999965 -0.00776756 -0.361619 0.00920127 0.00779839 0.999931 21.0671
0.999968 0.0041435 -0.00732209 -0.293033 -0.004205 0.999959 -0.00837888 -0.381787 0.00728662 0.00840919 0.99994 21.9917
0.99994 0.00795671 -0.00779351 -0.304311 -0.00803713 0.999915 -0.0103744 -0.411047 0.00771008 0.0104363 0.99992 22.949
0.999915 0.0117546 -0.00629429 -0.313655 -0.0118294 0.999862 -0.0119451 -0.429556 0.00615254 0.0120183 0.999911 23.9044
0.999913 0.0114946 -0.00684169 -0.329756 -0.0115717 0.99987 -0.0113658 -0.45171 0.00671004 0.011444 0.999916 24.8662
0.999907 0.0125063 -0.0060507 -0.342089 -0.0125729 0.999862 -0.0110727 -0.472954 0.00591082 0.0111475 0.999922 25.8518
0.999904 0.0126914 -0.00604548 -0.347184 -0.0127548 0.999864 -0.0105904 -0.495964 0.00591015 0.0106665 0.999929 26.8301
0.999889 0.0138449 -0.00620891 -0.355649 -0.0139053 0.999858 -0.0097446 -0.527466 0.00607253 0.00982967 0.999936 27.8337
0.999896 0.0134514 -0.00565551 -0.371489 -0.0134983 0.999876 -0.00836938 -0.538178 0.00554229 0.00844491 0.999953 28.8422
0.999888 0.0138834 -0.00615051 -0.392209 -0.0139276 0.99988 -0.0071573 -0.550736 0.00604986 0.00724201 0.999958 29.8651
0.999908 0.0128643 -0.00496732 -0.420137 -0.0129014 0.999891 -0.00751798 -0.551748 0.00487013 0.00758145 0.999964 30.9078
0.999885 0.0139615 -0.00647597 -0.44912 -0.0140217 0.999861 -0.00928895 -0.555016 0.00634478 0.00937859 0.999938 31.9498
0.999907 0.0121514 -0.00669388 -0.464945 -0.0122108 0.999888 -0.00889609 -0.550137 0.0065851 0.00897711 0.999942 32.9789
0.999925 0.0108011 -0.0064086 -0.47221 -0.0108519 0.999912 -0.00792698 -0.551502 0.00632208 0.00799578 0.999951 34.0233
0.999915 0.010431 -0.00821877 -0.496879 -0.0104694 0.999937 -0.00466075 -0.580719 0.00816985 0.00474646 0.99996 35.0739
0.999927 0.009792 -0.00763393 -0.514231 -0.00981325 0.999951 -0.00273117 -0.598604 0.00760646 0.00280596 0.999971 36.1194
0.999923 0.00959846 -0.00832926 -0.527622 -0.00960907 0.999955 -0.00122979 -0.601385 0.00831723 0.00130978 0.999969 37.1792
0.999925 0.0100882 -0.00743108 -0.55472 -0.0100981 0.999951 -0.00127378 -0.606 0.00741754 0.00134876 0.999976 38.2348
0.999921 0.00989555 -0.00825648 -0.576205 -0.00991 0.999951 -0.00170862 -0.615488 0.00823933 0.00179035 0.999969 39.289
0.999912 0.0101738 -0.00891695 -0.588821 -0.010182 0.99995 -0.000867937 -0.628495 0.00890743 0.000958688 0.999964 40.3688
0.999919 0.0106011 -0.00764904 -0.612086 -0.0105905 0.999945 0.00143858 -0.657878 0.00766395 -0.0013575 0.999974 41.4413
0.999899 0.0110575 -0.00941668 -0.625148 -0.0110304 0.999938 0.00292709 -0.678453 0.00944825 -0.0028229 0.999956 42.5338
0.99988 0.013336 -0.00840388 -0.639607 -0.0133121 0.999909 0.00289412 -0.697344 0.0084419 -0.0027819 0.999965 43.5977
0.999823 0.0165024 -0.00951114 -0.659154 -0.016495 0.999868 0.000857842 -0.728987 0.00952376 -0.000700904 0.999961 44.6651
0.999802 0.0182085 -0.0085846 -0.675266 -0.0182068 0.999836 0.00026073 -0.744303 0.00858817 -0.000104452 0.999967 45.7383
0.999778 0.0193569 -0.00888872 -0.694547 -0.0193552 0.999816 0.000262327 -0.74943 0.00889181 -9.03218e-05 0.999965 46.8156
0.999784 0.0194509 -0.00784968 -0.707748 -0.0194278 0.999808 0.00299414 -0.775307 0.00790668 -0.00284106 0.999969 47.8929
0.999794 0.0195337 -0.00638276 -0.725853 -0.0195009 0.9998 0.00512877 -0.798472 0.00648137 -0.00500329 0.999971 48.9893
0.999816 0.0184046 -0.00627348 -0.733311 -0.0183734 0.99982 0.00498212 -0.84131 0.00636432 -0.00486603 0.999973 50.0884
0.999815 0.0186734 -0.00554023 -0.745708 -0.0186452 0.999817 0.00506886 -0.847768 0.00563347 -0.00496469 0.999977 51.1575
0.99984 0.0175116 -0.00490264 -0.759038 -0.0174956 0.999843 0.00326531 -0.868019 0.00495946 -0.00317905 0.999987 52.2628
0.999829 0.0182671 -0.00436784 -0.774402 -0.0182611 0.999834 0.00139259 -0.857188 0.00439223 -0.0013126 0.999994 53.3493
0.999846 0.0175861 -0.00313813 -0.779064 -0.017582 0.999846 0.00130765 -0.86236 0.00316097 -0.00125238 0.999999 54.4235
0.999899 0.014235 -0.00330222 -0.788474 -0.0142388 0.9999 -0.00116087 -0.860959 0.00328508 0.00120774 0.999999 55.521
0.999924 0.0126842 -0.00227909 -0.790632 -0.0126884 0.99992 -0.00192005 -0.872484 0.0022553 0.00194871 1 56.5931
0.999937 0.01149 -0.00298812 -0.792326 -0.0114907 0.999936 -0.000291545 -0.880905 0.00298438 0.000325691 1 57.6787
0.999954 0.0102706 -0.00125325 -0.798002 -0.0102639 0.999938 0.00513934 -0.890119 0.00130662 -0.00512634 0.999993 58.7392
0.999977 0.00783526 -0.00135027 -0.804706 -0.0078197 0.999911 0.0111157 -0.891539 0.00143733 -0.0111049 0.999945 59.8253
0.999995 0.00503829 -0.00017012 -0.817703 -0.00503568 0.999912 0.012546 -0.879014 0.000234115 -0.0125451 0.999929 60.8768
1 0.00260974 0.00115707 -0.824108 -0.00262205 0.99994 0.0110176 -0.867511 -0.00112793 -0.0110209 0.999947 61.9369
1.00001 0.000980143 0.000848305 -0.818288 -0.00098695 0.999969 0.00824382 -0.860217 -0.000839333 -0.00824483 0.999973 63.0153
1.00001 0.00248774 0.00181874 -0.824102 -0.00250141 0.999972 0.00765614 -0.852887 -0.001799 -0.00766066 0.999977 64.0863
1 0.00261423 0.00157582 -0.82274 -0.00262232 0.999987 0.0051649 -0.841675 -0.00156131 -0.00516891 0.999993 65.1568
0.999997 0.00474802 0.0022643 -0.829621 -0.00476062 0.999977 0.00569371 -0.831728 -0.00223653 -0.00570424 0.999989 66.2356
0.999983 0.00611126 0.00421385 -0.836986 -0.00614624 0.99995 0.00832706 -0.839767 -0.00416166 -0.00835252 0.999964 67.3249
0.999971 0.00784833 0.00417673 -0.845252 -0.00789807 0.999901 0.0120825 -0.8398 -0.00408079 -0.0121148 0.999927 68.3824
0.999967 0.00767218 0.00530823 -0.846262 -0.00775072 0.999863 0.0149219 -0.833207 -0.00519187 -0.0149622 0.999882 69.4589
0.999974 0.00684344 0.00515488 -0.843384 -0.00693407 0.999823 0.0177907 -0.813213 -0.00503137 -0.0178255 0.999837 70.5469
0.999975 0.00595036 0.00594011 -0.841547 -0.00607063 0.999777 0.0204366 -0.802253 -0.00581604 -0.0204718 0.999781 71.6126
0.999987 0.00375477 0.00572991 -0.841303 -0.00389398 0.999697 0.0244871 -0.792535 -0.00563538 -0.0245087 0.999692 72.6837
0.999992 0.0022841 0.00572509 -0.840127 -0.00244033 0.999625 0.0274187 -0.776567 -0.00565918 -0.0274319 0.999615 73.7393
0.999991 0.000678182 0.00622349 -0.838866 -0.000850788 0.999619 0.0277766 -0.758845 -0.00620144 -0.0277812 0.999603 74.7772
1 0.0010489 0.00462413 -0.837376 -0.00117435 0.999634 0.0272042 -0.748016 -0.0045928 -0.0272089 0.999627 75.8424
0.999998 0.00270574 0.00424344 -0.839325 -0.00281643 0.999655 0.026317 -0.737315 -0.00416998 -0.0263283 0.999653 76.8636
0.999997 0.00399748 0.00353726 -0.845518 -0.00409725 0.999587 0.028641 -0.731486 -0.00342018 -0.0286547 0.999592 77.9038
0.999994 0.00498614 0.00309497 -0.845265 -0.00508482 0.999456 0.0327631 -0.726348 -0.00292912 -0.032778 0.999467 78.9353
0.999984 0.00638956 0.00399423 -0.851831 -0.00652784 0.99935 0.0356013 -0.717577 -0.00376308 -0.035626 0.999367 79.9989
0.999982 0.00711713 0.00319812 -0.858649 -0.00723497 0.999239 0.0384966 -0.688682 -0.00292073 -0.0385182 0.999265 81.0506
0.999977 0.00763048 0.0035659 -0.860522 -0.00776361 0.999218 0.0389158 -0.653812 -0.003265 -0.0389419 0.999245 82.0895
0.999984 0.00744559 0.00207097 -0.857619 -0.00752202 0.999189 0.0396869 -0.614509 -0.00177257 -0.0397008 0.999223 83.1416
0.999987 0.00683909 0.00257421 -0.860909 -0.00693818 0.999155 0.0406515 -0.572228 -0.00229252 -0.0406681 0.99918 84.1664
0.999999 0.00551631 0.00136777 -0.861037 -0.00556903 0.999113 0.0419085 -0.529571 -0.00113422 -0.041915 0.999133 85.1823
1 0.00470199 0.000841638 -0.860985 -0.0047345 0.999026 0.0439995 -0.488486 -0.000632605 -0.0440029 0.999041 86.1749
1.00001 0.0036693 0.0010782 -0.868381 -0.00371584 0.998914 0.0465975 -0.454624 -0.000904858 -0.0466007 0.998925 87.1445
1.00001 0.0029125 0.000214815 -0.872858 -0.00291946 0.998824 0.0485211 -0.433662 -7.1814e-05 -0.0485214 0.998832 88.0652
1.00001 0.00231612 0.000163058 -0.87741 -0.00232161 0.998783 0.0493985 -0.40974 -4.72642e-05 -0.049398 0.998791 88.8898
1.00001 0.00202136 -0.00356083 -0.884268 -0.00184012 0.998745 0.0501951 -0.379504 0.00365913 -0.0501881 0.998745 89.819
0.999993 0.00200544 -0.00663841 -0.895073 -0.00166628 0.998716 0.0507679 -0.335598 0.006733 -0.0507546 0.998703 90.7206
0.999979 0.00204553 -0.00833513 -0.908927 -0.00159933 0.99859 0.0532018 -0.309667 0.00843348 -0.0531862 0.998561 91.5423
0.999941 0.00353456 -0.0118112 -0.920889 -0.00287286 0.998456 0.0556095 -0.303751 0.0119907 -0.0555704 0.998398 92.3805
0.999913 0.00479838 -0.0136525 -0.939457 -0.00402096 0.998408 0.0564234 -0.281933 0.0139026 -0.0563625 0.998327 93.2113
0.999858 0.00560227 -0.0169499 -0.95801 -0.00461829 0.99834 0.057567 -0.256448 0.0172454 -0.0574784 0.998213 94.0168
0.999826 0.00670047 -0.0184829 -0.977957 -0.00561358 0.998296 0.0582527 -0.228646 0.0188429 -0.0581377 0.998146 94.794
0.999769 0.00882302 -0.0204856 -1.00165 -0.0076109 0.998265 0.0585343 -0.205038 0.0209675 -0.0583629 0.998091 95.4461
0.999713 0.0100717 -0.022644 -1.02801 -0.00872984 0.998253 0.0586051 -0.181753 0.0231957 -0.0583895 0.998042 96.16
0.999641 0.0121215 -0.024635 -1.05033 -0.0107467 0.998426 0.0552074 -0.15963 0.0252665 -0.0549208 0.998187 96.7942
0.999545 0.0142294 -0.0273399 -1.0775 -0.0128037 0.998594 0.0516367 -0.137986 0.0280371 -0.0512621 0.998309 97.4153
0.999478 0.0157698 -0.0288206 -1.10367 -0.0142784 0.998592 0.0512508 -0.118625 0.0295892 -0.0508108 0.998286 98.0004
0.99943 0.017884 -0.0293409 -1.12982 -0.0163924 0.99861 0.0503165 -0.102233 0.0302008 -0.0498057 0.99832 98.5685
0.999434 0.0193694 -0.0281562 -1.15611 -0.0179006 0.99852 0.0515233 -0.0855768 0.0291136 -0.0509883 0.998291 99.1383
0.999463 0.0227758 -0.0244454 -1.17807 -0.02145 0.998365 0.0531871 -0.0719228 0.0256176 -0.0526328 0.998304 99.6886
0.99947 0.0258788 -0.020681 -1.20182 -0.0247228 0.998225 0.0543351 -0.0524882 0.0220515 -0.0537931 0.998325 100.24
0.99959 0.0266689 -0.0123251 -1.20463 -0.0259355 0.998091 0.0562478 -0.042919 0.0138025 -0.0559035 0.99836 100.747
0.99967 0.0261517 -0.00355345 -1.21167 -0.0258993 0.997958 0.0585384 -0.0275988 0.00507838 -0.0584251 0.998295 101.254
0.999675 0.0248599 0.00863974 -1.20283 -0.0253318 0.997907 0.0596892 -0.00730359 -0.0071366 -0.0598872 0.998199 101.727
0.999495 0.0240406 0.0216661 -1.19062 -0.0253101 0.997865 0.06035 0.00985452 -0.0201676 -0.0608659 0.997959 102.178
0.999067 0.0227263 0.0373149 -1.16935 -0.0249417 0.997897 0.0600254 0.0291724 -0.0358708 -0.0608986 0.997519 102.61
0.998278 0.0211597 0.0550679 -1.1354 -0.0243435 0.99804 0.0578013 0.0455396 -0.0537351 -0.0590403 0.996825 103.019
0.996942 0.0202905 0.0757538 -1.10186 -0.0244078 0.998264 0.0538283 0.0635338 -0.074528 -0.0555111 0.995692 103.428
0.994836 0.0189817 0.0999023 -1.04829 -0.0240182 0.998496 0.0494547 0.0882117 -0.0988111 -0.0515968 0.993785 103.849
0.991799 0.0165306 0.126915 -0.979642 -0.022743 0.998616 0.0476576 0.0957634 -0.125949 -0.0501518 0.990788 104.232
0.987468 0.0138399 0.15734 -0.901339 -0.0214405 0.998686 0.0467128 0.110642 -0.156484 -0.049499 0.986457 104.623
0.981868 0.012206 0.189294 -0.807353 -0.0210379 0.998789 0.0447181 0.116046 -0.188515 -0.0478882 0.980922 104.983
0.97427 0.0105377 0.225227 -0.701323 -0.0208157 0.998853 0.043308 0.128815 -0.224509 -0.0468801 0.973362 105.355
0.964873 0.00697688 0.262712 -0.583111 -0.0189077 0.998911 0.0429139 0.137494 -0.262122 -0.0463725 0.963941 105.708
0.953062 0.00521554 0.3028 -0.446228 -0.0188745 0.998939 0.0422 0.142695 -0.302254 -0.0459325 0.952139 106.064
0.939181 0.00588639 0.343441 -0.310098 -0.021238 0.998946 0.0409559 0.149558 -0.342832 -0.0457575 0.938305 106.394
0.922009 0.00863682 0.387126 -0.157233 -0.0257831 0.99891 0.0391204 0.159115 -0.386362 -0.0460487 0.921217 106.711
0.902081 0.00751052 0.431557 0.0181785 -0.0276526 0.998811 0.0404189 0.168643 -0.430733 -0.0483932 0.901204 107.04
0.880318 0.00704119 0.474377 0.200267 -0.0296328 0.998762 0.0401654 0.172178 -0.473501 -0.0494134 0.879428 107.333
0.854962 0.00521509 0.518711 0.398782 -0.0299909 0.998785 0.0393903 0.183882 -0.517866 -0.0492323 0.854069 107.627
0.828375 0.00593086 0.560182 0.609529 -0.0317993 0.998838 0.036448 0.178858 -0.559308 -0.0480039 0.827592 107.902
0.798405 0.00712882 0.602119 0.825663 -0.0334086 0.998926 0.0324723 0.182175 -0.601231 -0.0460405 0.797775 108.163
0.766433 0.0109284 0.642267 1.05333 -0.0370811 0.99895 0.0272518 0.188931 -0.641286 -0.0447005 0.766025 108.413
0.730604 0.0160723 0.682648 1.30008 -0.0424829 0.998868 0.0219495 0.197897 -0.681512 -0.0450357 0.730449 108.664
0.692622 0.0211111 0.721023 1.54784 -0.0489852 0.99865 0.0178152 0.204179 -0.719664 -0.0476564 0.692714 108.914
0.651634 0.0203115 0.758294 1.83336 -0.049922 0.998634 0.0161505 0.21693 -0.756918 -0.0483781 0.651749 109.129
0.609254 0.0174111 0.792813 2.1281 -0.0494626 0.998657 0.0160785 0.214416 -0.791457 -0.0490082 0.60929 109.342
0.563949 0.0148705 0.825706 2.43743 -0.0498527 0.99864 0.0160636 0.232467 -0.824331 -0.050221 0.563915 109.518
0.515701 0.0132191 0.856694 2.77284 -0.0523353 0.99851 0.0160964 0.233528 -0.855193 -0.0531339 0.515619 109.701
0.467405 0.0112264 0.884001 3.1115 -0.0531932 0.998477 0.0154446 0.236428 -0.882468 -0.0542396 0.467284 109.853
0.415649 0.00766736 0.909519 3.47695 -0.0549335 0.998361 0.016688 0.221848 -0.907888 -0.056897 0.415384 109.987
0.364642 0.00686794 0.93115 3.83558 -0.0581857 0.998199 0.0154229 0.231321 -0.929354 -0.0598012 0.36438 110.116
0.313146 0.0101893 0.949676 4.20984 -0.0626398 0.997997 0.00994681 0.233725 -0.947659 -0.0625998 0.313154 110.23
0.262093 0.013901 0.964969 4.59814 -0.0652837 0.997874 0.00335627 0.236779 -0.962857 -0.063874 0.26244 110.306
0.214566 0.0158678 0.976605 4.96457 -0.0648302 0.997905 -0.00197053 0.250341 -0.974577 -0.0628881 0.215143 110.376
0.172101 0.0153586 0.984986 5.39442 -0.0592089 0.998245 -0.0052204 0.255527 -0.983323 -0.0574191 0.172707 110.426
0.137408 0.0146246 0.990432 5.82237 -0.0581584 0.998297 -0.00667236 0.270085 -0.988829 -0.0566825 0.138023 110.459
0.105267 0.0155006 0.99435 6.25252 -0.0550306 0.998451 -0.00973888 0.256829 -0.992945 -0.0536923 0.105956 110.491
0.0782567 0.0130603 0.996874 6.70958 -0.0569916 0.998349 -0.00860588 0.269402 -0.995326 -0.0561372 0.0788715 110.522
0.052388 0.00948204 0.998609 7.16912 -0.0617771 0.998084 -0.00623641 0.285618 -0.996739 -0.061362 0.052873 110.56
0.0273198 0.00481748 0.999642 7.6729 -0.0663541 0.997804 -0.00299533 0.290188 -0.997447 -0.0662455 0.0275799 110.578
0.00427069 0.00233792 1.00002 8.15628 -0.063503 0.997993 -0.00206219 0.287547 -0.997997 -0.0634926 0.00441101 110.585
-0.0161877 0.00161849 0.999895 8.66656 -0.0582373 0.998313 -0.00255888 0.2931 -0.998197 -0.0582698 -0.016065 110.564
-0.0346992 0.0042252 0.999417 9.17294 -0.0534456 0.998566 -0.0060774 0.317858 -0.997992 -0.0536229 -0.0344226 110.537
-0.0482796 0.0084908 0.998825 9.67375 -0.0540561 0.99849 -0.011101 0.318208 -0.997396 -0.0545258 -0.0477461 110.524
-0.0594123 0.012451 0.998185 10.2397 -0.0567243 0.998278 -0.0158287 0.304707 -0.996646 -0.0575592 -0.0586024 110.504
-0.0657638 0.0124068 0.997786 10.8462 -0.0543528 0.998408 -0.0159971 0.284247 -0.99638 -0.0552816 -0.0649831 110.463
-0.0692781 0.00900156 0.997586 11.4955 -0.04854 0.998759 -0.0123832 0.257579 -0.996441 -0.0492783 -0.0687536 110.407
-0.069177 0.00743276 0.997605 12.1389 -0.0483202 0.998788 -0.0107923 0.24671 -0.996459 -0.0489483 -0.0687323 110.359
-0.0670761 0.00761998 0.997748 12.7828 -0.0480021 0.998802 -0.0108553 0.238749 -0.996618 -0.0486197 -0.0666284 110.323
-0.0661549 0.00816085 0.997805 13.4527 -0.0512029 0.998636 -0.0115626 0.226751 -0.996521 -0.0518526 -0.0656451 110.292
-0.0644965 0.00755683 0.997919 14.1454 -0.0527295 0.998563 -0.0109699 0.208415 -0.996549 -0.0533248 -0.064004 110.254
-0.063696 0.00775638 0.997968 14.88 -0.0539119 0.998497 -0.0112016 0.187665 -0.996539 -0.0545128 -0.0631806 110.202
-0.0636019 0.00686846 0.997981 15.5874 -0.0536196 0.998523 -0.0102897 0.161041 -0.99656 -0.0541632 -0.0631383 110.158
-0.0616859 0.00534449 0.998111 16.2978 -0.0562412 0.998393 -0.00882199 0.114371 -0.996537 -0.0566759 -0.0612847 110.125
-0.0618459 0.0046506 0.998104 17.027 -0.0567656 0.998369 -0.00816952 0.0991146 -0.996496 -0.0571606 -0.0614797 110.09
-0.0623046 0.00250972 0.998085 17.7708 -0.0576363 0.998334 -0.00610841 0.078348 -0.996418 -0.0579034 -0.062055 110.052
-0.0624937 0.000867968 0.998074 18.5349 -0.060442 0.998175 -0.00465292 0.062696 -0.996239 -0.0606138 -0.0623259 110.014
-0.0634548 8.51267e-05 0.998017 19.3284 -0.0622477 0.998067 -0.00404312 0.0585817 -0.996069 -0.0623773 -0.0633256 109.965
-0.063938 -0.00170004 0.997982 20.1049 -0.0595896 0.998236 -0.00211758 0.0518828 -0.996198 -0.059602 -0.0639252 109.914
-0.0666017 -0.0041206 0.997803 20.8674 -0.0587446 0.998288 0.000201352 0.0416428 -0.996076 -0.0585987 -0.0667284 109.862
-0.0677701 -0.00460122 0.99772 21.6596 -0.060166 0.998203 0.000516392 0.038575 -0.995911 -0.0599911 -0.0679238 109.817
-0.0689858 -0.00226573 0.997648 22.4792 -0.0622931 0.998072 -0.00204095 0.0299586 -0.995699 -0.0622839 -0.0689925 109.773
-0.0705759 0.00186794 0.997536 23.2965 -0.0619481 0.998075 -0.00625218 0.0301709 -0.995608 -0.0622337 -0.0703228 109.72
-0.0710994 0.00244281 0.997499 24.0871 -0.0611815 0.99812 -0.00680532 0.0340911 -0.995619 -0.0615089 -0.0708148 109.668
-0.0732454 -0.000255263 0.997347 24.9264 -0.0643554 0.997934 -0.00447118 0.0376092 -0.995264 -0.0645089 -0.0731087 109.617
-0.0738748 -0.00456828 0.997289 25.6834 -0.0666366 0.997793 -0.000365711 0.0446978 -0.995066 -0.0664795 -0.0740146 109.576
-0.0749735 -0.0112958 0.997156 26.5206 -0.0678352 0.997695 0.00620114 0.0417188 -0.994905 -0.067174 -0.0755651 109.523
-0.0748078 -0.0174645 0.997078 27.3471 -0.0720641 0.997344 0.0120622 0.0451665 -0.994618 -0.0709477 -0.0758659 109.477
-0.0752103 -0.0196885 0.997008 28.194 -0.0738689 0.997186 0.0141193 0.0540361 -0.994458 -0.0725823 -0.0764511 109.418
-0.0755797 -0.0148837 0.997061 29.0229 -0.071398 0.99742 0.00947674 0.0468965 -0.994609 -0.0704683 -0.0764454 109.358
-0.0743959 -0.00596556 0.997246 29.8398 -0.0695118 0.9976 0.000781532 0.0573565 -0.994833 -0.0692588 -0.0746301 109.299
-0.0746729 -0.00241092 0.997239 30.6631 -0.0684552 0.997668 -0.00271408 0.0553316 -0.994885 -0.0684652 -0.0746619 109.239
-0.0719053 -0.00719099 0.99742 31.4455 -0.0666235 0.997794 0.00239022 0.0597011 -0.995214 -0.0662763 -0.0722239 109.184
-0.0704848 -0.0148873 0.997436 32.2469 -0.0642539 0.997898 0.0103535 0.0541724 -0.99547 -0.0633558 -0.0712914 109.124
-0.0709396 -0.0207666 0.997299 33.0638 -0.0639774 0.997838 0.0162265 0.0456807 -0.995457 -0.0626501 -0.0721131 109.068
-0.0706022 -0.0224952 0.997285 33.8724 -0.0652236 0.997729 0.0178876 0.0457183 -0.9954 -0.0637801 -0.0719074 109.012
-0.072508 -0.0237516 0.99712 34.6648 -0.0682707 0.997509 0.0187959 0.0443065 -0.99506 -0.0667076 -0.0739472 108.965
-0.0740591 -0.0253474 0.996966 35.3989 -0.0707668 0.99731 0.020099 0.0409525 -0.99477 -0.0690599 -0.0756515 108.92
-0.0771039 -0.0268927 0.996696 36.1895 -0.0706583 0.997289 0.0214422 0.0345455 -0.994549 -0.0687678 -0.0787932 108.861
-0.07856 -0.0280194 0.996551 36.9784 -0.0704026 0.997284 0.02249 0.0284174 -0.994452 -0.0683892 -0.0803174 108.809
-0.080358 -0.0282246 0.996405 37.7763 -0.0712057 0.997228 0.0225048 0.0384861 -0.994254 -0.0691371 -0.0821427 108.752
-0.0833404 -0.0299585 0.996108 38.557 -0.0710822 0.997201 0.0240441 0.0416092 -0.994015 -0.0687977 -0.0852346 108.697
-0.0853802 -0.0314938 0.995889 39.3173 -0.0687402 0.997325 0.0256455 0.0322425 -0.994009 -0.0662639 -0.0873144 108.632
-0.087952 -0.0321768 0.995642 40.0891 -0.0682176 0.997347 0.0262056 0.034228 -0.993819 -0.0656115 -0.0899116 108.564
-0.0890812 -0.032673 0.995526 40.854 -0.0673945 0.99739 0.0267031 0.0273603 -0.993777 -0.0647104 -0.091048 108.5
-0.0907115 -0.0336789 0.995345 41.5942 -0.0655815 0.997482 0.0277741 0.0239442 -0.993749 -0.0627529 -0.0926896 108.435
-0.0926785 -0.036229 0.995075 42.3208 -0.0635887 0.997534 0.0303954 0.0262938 -0.9937 -0.0604547 -0.094751 108.359
-0.0958079 -0.0363727 0.994773 43.0487 -0.0637821 0.997524 0.03033 0.031715 -0.993388 -0.060539 -0.0978884 108.288
-0.0986374 -0.0378313 0.994442 43.8067 -0.0653112 0.99739 0.0314646 0.0337117 -0.993014 -0.0618408 -0.100848 108.225
-0.100274 -0.0371509 0.994304 44.4924 -0.0675381 0.997273 0.0304504 0.0424958 -0.992699 -0.0640962 -0.102507 108.16
-0.102624 -0.0390808 0.993991 45.1931 -0.0688091 0.997134 0.0320996 0.0587607 -0.992374 -0.0650973 -0.105016 108.099
-0.102246 -0.0402147 0.993985 45.8927 -0.0687467 0.997101 0.033269 0.0774478 -0.992416 -0.0649275 -0.104712 108.033
-0.103586 -0.0381791 0.993926 46.5572 -0.0690736 0.997147 0.0311035 0.0941792 -0.992255 -0.0654281 -0.105925 107.966
-0.10275 -0.0387169 0.993992 47.2553 -0.0693642 0.99711 0.0316681 0.101584 -0.992321 -0.0656895 -0.105136 107.897
-0.103045 -0.0371945 0.99402 47.9324 -0.0700328 0.997113 0.0300498 0.122857 -0.992244 -0.0665134 -0.10535 107.83
-0.106044 -0.0368761 0.993716 48.6148 -0.0683065 0.997243 0.0297177 0.129642 -0.992048 -0.0647218 -0.108268 107.761
-0.107141 -0.0375445 0.993574 49.3258 -0.0658849 0.997379 0.0305831 0.138678 -0.992095 -0.0621808 -0.10933 107.687
-0.110964 -0.0396192 0.993074 50.0005 -0.064125 0.997431 0.0326278 0.135143 -0.991789 -0.0600564 -0.113217 107.615
-0.112283 -0.0387802 0.992958 50.6738 -0.0675359 0.997247 0.0313102 0.143147 -0.991415 -0.0635407 -0.11459 107.556
-0.114783 -0.0392769 0.992653 51.3161 -0.0693423 0.99712 0.0314355 0.140188 -0.991002 -0.0652206 -0.117173 107.487
-0.116549 -0.0419948 0.992336 51.9644 -0.0695261 0.99702 0.0340267 0.143563 -0.990785 -0.0650234 -0.119118 107.412
-0.118613 -0.0432173 0.99204 52.629 -0.0709945 0.996887 0.0349401 0.140901 -0.990434 -0.0662812 -0.121309 107.329
-0.121931 -0.0449599 0.99156 53.2897 -0.0763561 0.99646 0.0357921 0.141924 -0.989634 -0.071343 -0.124929 107.26
-0.125711 -0.044151 0.991124 53.9852 -0.0825382 0.996034 0.0339009 0.148044 -0.988663 -0.0775399 -0.128854 107.211
-0.131808 -0.0414201 0.99045 54.6243 -0.0808426 0.99627 0.0309044 0.143627 -0.988011 -0.0759927 -0.13466 107.128
-0.137774 -0.0399189 0.9897 55.2753 -0.0788719 0.99648 0.0292127 0.155797 -0.987354 -0.0740309 -0.140434 107.036
-0.145184 -0.0394465 0.988659 55.9418 -0.0784828 0.996539 0.0282351 0.172627 -0.986326 -0.0734889 -0.147773 106.941
-0.155093 -0.0402043 0.987122 56.579 -0.0831887 0.996178 0.0275027 0.197828 -0.984427 -0.0778481 -0.157841 106.866
-0.160714 -0.0418882 0.986154 57.2434 -0.0839002 0.996086 0.0286364 0.208564 -0.983469 -0.0781315 -0.163594 106.765
-0.165711 -0.0425934 0.985296 57.9168 -0.0858444 0.995923 0.0286151 0.221495 -0.982468 -0.079836 -0.168688 106.659
-0.169252 -0.0438466 0.984639 58.579 -0.0884115 0.995682 0.0291409 0.238044 -0.981639 -0.0821161 -0.172393 106.553
-0.174438 -0.0469951 0.983588 59.2184 -0.088187 0.995617 0.03193 0.248151 -0.980749 -0.0811655 -0.177814 106.443
-0.176822 -0.0517541 0.982924 59.9146 -0.0880397 0.995469 0.0365766 0.264101 -0.980338 -0.0800638 -0.180572 106.325
-0.180966 -0.0540059 0.982048 60.5955 -0.0877412 0.995421 0.0385729 0.273364 -0.979605 -0.0791814 -0.184871 106.196
-0.182917 -0.0550863 0.981627 61.2698 -0.0883217 0.995336 0.0393976 0.299167 -0.979194 -0.0794874 -0.186923 106.075
-0.185575 -0.0534666 0.981217 61.9596 -0.088213 0.995418 0.037557 0.329563 -0.9787 -0.079582 -0.189436 105.946
-0.18967 -0.047917 0.980721 62.6556 -0.0793012 0.996317 0.0333421 0.33925 -0.978681 -0.0714436 -0.192766 105.802
-0.19129 -0.0452589 0.980533 63.3861 -0.0733409 0.996828 0.0317032 0.346649 -0.978828 -0.0658445 -0.193997 105.652
-0.195329 -0.0432776 0.979826 64.1392 -0.0715869 0.997014 0.0297658 0.368099 -0.978163 -0.0643241 -0.197837 105.509
-0.195015 -0.0458951 0.97977 64.8445 -0.0756215 0.99666 0.0316346 0.397273 -0.977918 -0.0679181 -0.19783 105.373
-0.196644 -0.0510245 0.979191 65.5777 -0.0749134 0.996532 0.0368837 0.419418 -0.977651 -0.066097 -0.199778 105.227
-0.199178 -0.0541732 0.978509 66.3162 -0.0731463 0.996532 0.0402822 0.450569 -0.977268 -0.0635468 -0.202445 105.073
-0.202437 -0.0542563 0.977836 67.0181 -0.0711961 0.996662 0.0405612 0.455552 -0.976746 -0.0614025 -0.205618 104.937
-0.204957 -0.0547737 0.977281 67.7467 -0.0746449 0.996425 0.0401922 0.478217 -0.975958 -0.0647072 -0.208308 104.793
-0.207315 -0.0547155 0.976788 68.4524 -0.0740841 0.996471 0.040094 0.477744 -0.975507 -0.0640477 -0.21063 104.647
-0.210465 -0.0548696 0.976104 69.1534 -0.0757999 0.996359 0.0396645 0.498827 -0.974696 -0.0656364 -0.213853 104.495
-0.211541 -0.0565983 0.975775 69.8667 -0.0769794 0.996211 0.0410948 0.525026 -0.974375 -0.0664164 -0.21509 104.346
-0.212197 -0.0567766 0.975621 70.5372 -0.0814726 0.995889 0.0402359 0.556076 -0.973863 -0.0709441 -0.215945 104.241
-0.215222 -0.057362 0.974925 71.2387 -0.0840899 0.99568 0.0400195 0.576932 -0.972981 -0.0733631 -0.219109 104.112
-0.21579 -0.0570385 0.974818 71.9483 -0.0872418 0.995452 0.0389338 0.604997 -0.972573 -0.0766387 -0.219779 103.97
-0.216062 -0.0557545 0.974832 72.6664 -0.0873818 0.995492 0.0375686 0.627344 -0.972504 -0.0770602 -0.219954 103.818
-0.216653 -0.0560236 0.974686 73.4025 -0.0879554 0.995438 0.0376659 0.64684 -0.972318 -0.0775637 -0.220586 103.66
-0.218282 -0.0578206 0.974218 74.1318 -0.0883902 0.995337 0.0392694 0.66733 -0.971917 -0.0775343 -0.222369 103.517
-0.21824 -0.0595323 0.974124 74.8823 -0.0903274 0.995111 0.0405783 0.673454 -0.971746 -0.0791296 -0.222545 103.339
-0.219254 -0.0613596 0.973785 75.6364 -0.0930284 0.994815 0.0417389 0.697778 -0.971266 -0.0814327 -0.223819 103.179
-0.221806 -0.062006 0.973164 76.3789 -0.093292 0.994774 0.0421197 0.721616 -0.970658 -0.0814413 -0.226425 103.024
-0.222843 -0.0622947 0.97291 77.1267 -0.0935455 0.994744 0.0422663 0.757278 -0.9704 -0.0815872 -0.227492 102.855
-0.225332 -0.0626294 0.972314 77.8949 -0.0947289 0.994638 0.0421142 0.790246 -0.969707 -0.0826116 -0.230051 102.671
-0.225662 -0.060584 0.972368 78.598 -0.100221 0.994239 0.0386878 0.855231 -0.969081 -0.0887157 -0.230427 102.505
-0.227557 -0.0600898 0.971957 79.3725 -0.102539 0.99405 0.0374492 0.865007 -0.968394 -0.0911368 -0.232358 102.313
-0.227443 -0.0577216 0.972127 80.1649 -0.102625 0.99413 0.0350175 0.888368 -0.968413 -0.0917942 -0.232024 102.132
-0.227583 -0.0557789 0.972208 80.9645 -0.101665 0.99429 0.0332474 0.918434 -0.96848 -0.0912681 -0.231947 101.948
-0.227752 -0.0556782 0.972174 81.7776 -0.0994156 0.994503 0.0336669 0.941273 -0.968675 -0.0889759 -0.232028 101.748
-0.225828 -0.0567845 0.97256 82.573 -0.0988329 0.994511 0.0351175 0.958874 -0.969184 -0.0881849 -0.230194 101.544
-0.225506 -0.0581017 0.972556 83.4112 -0.0998973 0.994364 0.0362415 0.977063 -0.969151 -0.0889775 -0.230032 101.358
-0.22239 -0.0584568 0.973253 84.2225 -0.100197 0.994312 0.0368268 0.997154 -0.969839 -0.0893216 -0.226976 101.176
-0.222134 -0.060814 0.973166 85.0651 -0.100371 0.994204 0.0392182 1.02325 -0.969881 -0.08896 -0.226944 100.983
-0.219797 -0.0631882 0.973547 85.8981 -0.10018 0.994113 0.0419058 1.0438 -0.970433 -0.0883137 -0.224827 100.795
-0.219145 -0.0638288 0.973651 86.7167 -0.102345 0.993884 0.0421199 1.06211 -0.970355 -0.0904123 -0.22433 100.611
-0.218297 -0.0599564 0.974089 87.5646 -0.101749 0.994096 0.0383858 1.07942 -0.970608 -0.0907278 -0.223102 100.425
-0.217228 -0.0552905 0.974602 88.3644 -0.101245 0.994313 0.0338423 1.1093 -0.970901 -0.0913168 -0.221583 100.243
-0.21718 -0.0519498 0.974798 89.2054 -0.104011 0.994156 0.0298086 1.11761 -0.970619 -0.0949105 -0.221308 100.061
-0.215317 -0.052413 0.975185 90.0398 -0.104664 0.994073 0.0303186 1.13593 -0.970964 -0.095533 -0.21952 99.8827
-0.216077 -0.0547571 0.974889 90.9007 -0.103452 0.994117 0.0329081 1.13266 -0.970925 -0.093738 -0.220465 99.6896
-0.215277 -0.0540072 0.975107 91.7348 -0.100988 0.994375 0.0327789 1.1401 -0.971363 -0.0914116 -0.219513 99.5232
-0.214941 -0.054363 0.975162 92.5783 -0.101654 0.994298 0.0330242 1.14895 -0.971367 -0.0920251 -0.219236 99.3431
-0.215041 -0.0543355 0.975141 93.4103 -0.10228 0.994241 0.0328445 1.1689 -0.971279 -0.0926687 -0.219353 99.1516
-0.214745 -0.0548708 0.975177 94.2386 -0.0993827 0.994492 0.0340731 1.19117 -0.971645 -0.0895929 -0.219009 98.9707
-0.214421 -0.0558841 0.97519 95.0769 -0.0957682 0.994781 0.0359496 1.2088 -0.97208 -0.0856783 -0.218647 98.7842
-0.214148 -0.0551068 0.975295 95.9062 -0.0962371 0.994767 0.0350766 1.23055 -0.972094 -0.0863422 -0.218325 98.5989
-0.214561 -0.053603 0.975287 96.7066 -0.0952642 0.994908 0.0337233 1.25601 -0.972099 -0.0856688 -0.218568 98.4317
-0.213039 -0.0531008 0.97565 97.4769 -0.0975259 0.994718 0.0328439 1.26647 -0.972209 -0.0881481 -0.217086 98.262
-0.212186 -0.0578053 0.975567 98.2836 -0.101341 0.994196 0.0368673 1.30069 -0.972006 -0.0910365 -0.216806 98.0928
-0.212232 -0.0607007 0.975383 99.0969 -0.105847 0.993653 0.0388073 1.32347 -0.971515 -0.0949988 -0.217304 97.9227
-0.212385 -0.0603676 0.975369 99.8943 -0.109931 0.993258 0.0375373 1.34857 -0.971028 -0.0992451 -0.217583 97.7544
-0.214286 -0.0573549 0.975136 100.691 -0.112838 0.993072 0.0336144 1.36979 -0.970277 -0.102823 -0.219267 97.5849
-0.214028 -0.055608 0.975293 101.506 -0.114184 0.992987 0.0315589 1.3874 -0.970177 -0.104603 -0.218869 97.4143
-0.21376 -0.0547927 0.975398 102.312 -0.113383 0.993098 0.0309396 1.3925 -0.97033 -0.103973 -0.21849 97.2431
-0.214269 -0.0545507 0.9753 103.072 -0.112216 0.993232 0.0309003 1.40802 -0.970353 -0.102817 -0.218933 97.0861
-0.214335 -0.0543245 0.975298 103.856 -0.11066 0.993403 0.0310146 1.42773 -0.970517 -0.101272 -0.218926 96.9199
-0.215491 -0.0545107 0.975033 104.655 -0.110062 0.993463 0.0312164 1.44006 -0.970329 -0.100581 -0.220075 96.7452
-0.21559 -0.0544442 0.975017 105.448 -0.109412 0.993533 0.0312865 1.45944 -0.970383 -0.0999269 -0.220146 96.5675
-0.217231 -0.0546983 0.97464 106.239 -0.109405 0.993531 0.0313737 1.47809 -0.970017 -0.0998092 -0.221803 96.391
-0.218148 -0.0555039 0.974388 106.951 -0.109441 0.993504 0.0320918 1.49398 -0.969808 -0.099631 -0.222799 96.242
-0.221154 -0.0555935 0.973708 107.73 -0.109156 0.993541 0.0319336 1.50243 -0.969159 -0.0992175 -0.225787 96.0733
-0.224276 -0.0540324 0.973079 108.496 -0.109733 0.993541 0.0298784 1.5034 -0.968377 -0.100071 -0.228749 95.9037
-0.226461 -0.0526423 0.972651 109.256 -0.110982 0.993459 0.0279285 1.52302 -0.967726 -0.101615 -0.230815 95.7276
-0.230038 -0.0526268 0.97181 110.034 -0.110465 0.993525 0.0276554 1.53716 -0.966941 -0.100983 -0.234355 95.548
-0.232525 -0.0534722 0.971175 110.798 -0.109604 0.993597 0.0284647 1.54103 -0.966445 -0.0998188 -0.236889 95.366
-0.235335 -0.0530214 0.97052 111.545 -0.10862 0.99372 0.0279512 1.55378 -0.965875 -0.0988336 -0.239609 95.1953
-0.236802 -0.0502422 0.970314 112.312 -0.111784 0.993469 0.0241607 1.57041 -0.965156 -0.102737 -0.240864 95.023
-0.238826 -0.0431456 0.970156 113.085 -0.112211 0.993575 0.0165649 1.58141 -0.964606 -0.104899 -0.242126 94.8547
-0.242297 -0.0403856 0.969417 113.835 -0.108881 0.993984 0.014195 1.59194 -0.964123 -0.102105 -0.245229 94.6708
-0.244357 -0.0425964 0.968802 114.577 -0.107488 0.994097 0.0165985 1.59854 -0.963759 -0.100072 -0.247486 94.4895
-0.248109 -0.0494041 0.967528 115.332 -0.108142 0.9939 0.0230192 1.61386 -0.962728 -0.0989124 -0.251929 94.3055
-0.249798 -0.0512233 0.966996 116.08 -0.108503 0.993821 0.0246166 1.62152 -0.96225 -0.0987659 -0.253805 94.1268
-0.251271 -0.0495597 0.966704 116.853 -0.109947 0.993716 0.0223663 1.63075 -0.961703 -0.10066 -0.255133 93.9202
-0.2532 -0.0475277 0.966301 117.589 -0.112478 0.993494 0.0193938 1.63071 -0.960904 -0.10377 -0.256891 93.7312
-0.255618 -0.0446948 0.965802 118.318 -0.112489 0.993552 0.0162065 1.64083 -0.960262 -0.104492 -0.258989 93.5336
-0.25789 -0.0418535 0.965323 119.038 -0.109735 0.993895 0.0137775 1.63057 -0.959974 -0.102369 -0.2609 93.3337
-0.259207 -0.0370295 0.96517 119.783 -0.109556 0.993974 0.00871207 1.63113 -0.95964 -0.103475 -0.261693 93.1274
-0.261712 -0.0361089 0.964526 120.514 -0.111471 0.993773 0.00695893 1.63771 -0.958739 -0.105688 -0.264099 92.9264
-0.26375 -0.0376087 0.963917 121.244 -0.110196 0.993903 0.00862633 1.63667 -0.958328 -0.103938 -0.266278 92.7325
-0.267306 -0.0397748 0.962847 121.989 -0.108827 0.994032 0.0108518 1.63875 -0.957499 -0.101876 -0.270031 92.5223
-0.272097 -0.0416378 0.961428 122.721 -0.109116 0.993986 0.0121663 1.63182 -0.956115 -0.10159 -0.274995 92.3111
-0.278322 -0.0421052 0.959622 123.429 -0.109273 0.99397 0.0119208 1.64144 -0.954304 -0.101536 -0.281236 92.1112
-0.286831 -0.0424503 0.9571 124.13 -0.109834 0.993917 0.0111674 1.64255 -0.951717 -0.101912 -0.28974 91.9073
-0.296223 -0.0417065 0.954266 124.858 -0.110382 0.993877 0.0091744 1.6516 -0.948772 -0.102609 -0.299004 91.6913
-0.308043 -0.0415029 0.950527 125.584 -0.110831 0.993841 0.0074766 1.65229 -0.944948 -0.103038 -0.310736 91.4673
-0.319732 -0.0410281 0.946679 126.268 -0.110514 0.993888 0.00575048 1.65312 -0.941096 -0.102776 -0.322302 91.2397
-0.332047 -0.0412965 0.942419 126.956 -0.108852 0.994075 0.00520786 1.65281 -0.937015 -0.100848 -0.334564 91.0018
-0.343202 -0.0414954 0.938405 127.647 -0.108558 0.994111 0.00425737 1.65289 -0.933022 -0.100403 -0.345674 90.7482
-0.353272 -0.0405194 0.934703 128.324 -0.104587 0.99454 0.00358459 1.64021 -0.929711 -0.0964844 -0.355569 90.4918
-0.361805 -0.0395272 0.931476 128.984 -0.0998375 0.995028 0.0034466 1.63881 -0.926949 -0.0917426 -0.36394 90.209
-0.36835 -0.0382882 0.92896 129.647 -0.0973947 0.995273 0.00240258 1.63053 -0.924627 -0.0895842 -0.370326 89.9279
-0.373346 -0.038242 0.926965 130.296 -0.0976292 0.995251 0.00173942 1.63302 -0.922597 -0.0898429 -0.375294 89.6631
-0.377573 -0.0392362 0.92521 130.937 -0.0949317 0.995508 0.00347635 1.62968 -0.921156 -0.0865128 -0.379589 89.3902
-0.380212 -0.0400591 0.924093 131.611 -0.0901244 0.995942 0.00609418 1.62588 -0.920555 -0.08096 -0.382267 89.0976
-0.381295 -0.041231 0.923596 132.264 -0.0866987 0.996229 0.00868091 1.6135 -0.920434 -0.0767587 -0.383419 88.8187
-0.3822 -0.0410465 0.923229 132.919 -0.0851664 0.996356 0.00904193 1.60536 -0.920203 -0.0751662 -0.38429 88.5442
-0.382354 -0.0381209 0.923292 133.561 -0.0843147 0.996452 0.00622502 1.5975 -0.920216 -0.0754611 -0.384199 88.2823
-0.380517 -0.034989 0.924174 134.202 -0.0864655 0.996282 0.00211946 1.59481 -0.920779 -0.0790964 -0.382116 88.0085
-0.379982 -0.0347634 0.924405 134.839 -0.0846615 0.99644 0.00267164 1.5931 -0.921168 -0.0772403 -0.381558 87.7515
-0.378313 -0.0361803 0.925033 135.468 -0.0838793 0.996495 0.00467271 1.59068 -0.921926 -0.0758172 -0.38001 87.4817
-0.376962 -0.0372983 0.925543 136.098 -0.0818162 0.996658 0.00684149 1.58493 -0.922665 -0.0731395 -0.37874 87.228
-0.375368 -0.0376425 0.926174 136.721 -0.0822523 0.996616 0.00717121 1.57827 -0.923276 -0.0734818 -0.377182 86.9756
-0.373502 -0.0358235 0.927004 137.334 -0.0814784 0.996692 0.00568805 1.57256 -0.924102 -0.0734001 -0.375173 86.7317
-0.368901 -0.0315646 0.928996 137.975 -0.0756914 0.997154 0.00382541 1.6501 -0.926439 -0.0688996 -0.370228 86.4539
-0.363969 -0.0319528 0.93093 138.588 -0.0754354 0.997172 0.00473346 1.63631 -0.928409 -0.0684963 -0.365337 86.2088
-0.360108 -0.0334435 0.932375 139.175 -0.0748148 0.997204 0.00687524 1.63445 -0.929964 -0.0672732 -0.361591 85.9804
-0.355099 -0.0354989 0.934222 139.8 -0.0744875 0.997209 0.00957993 1.6293 -0.931915 -0.06618 -0.35674 85.7467
-0.351243 -0.0348777 0.935699 140.4 -0.0733029 0.997294 0.00965896 1.64437 -0.933468 -0.0651905 -0.352837 85.5267
-0.348489 -0.0363633 0.936675 141.009 -0.0733286 0.997275 0.0114345 1.62376 -0.934499 -0.0646943 -0.350195 85.3167
-0.344639 -0.0369364 0.938073 141.607 -0.0706373 0.997445 0.0133243 1.62498 -0.936131 -0.0616646 -0.346356 85.0946
-0.341833 -0.0378127 0.939069 142.191 -0.0693112 0.997516 0.0149364 1.61541 -0.937261 -0.0599759 -0.343594 84.8834
-0.338376 -0.0384252 0.940291 142.78 -0.0700301 0.997455 0.0155616 1.61909 -0.938459 -0.0605767 -0.340195 84.6748
-0.334929 -0.0379459 0.941549 143.357 -0.0710954 0.997391 0.0149068 1.61873 -0.939618 -0.0619406 -0.336742 84.4764
-0.332083 -0.0364528 0.94261 143.928 -0.0730854 0.997275 0.0128203 1.58405 -0.940472 -0.0646272 -0.333831 84.2679
-0.326732 -0.0354223 0.944524 144.496 -0.0714393 0.997398 0.0126934 1.5828 -0.942475 -0.0633223 -0.328401 84.0722
-0.321176 -0.0346075 0.946452 145.044 -0.074359 0.9972 0.0112312 1.58595 -0.944154 -0.0667633 -0.32284 83.8953
-0.312276 -0.0357099 0.949391 145.569 -0.0770162 0.996989 0.0121685 1.60045 -0.946925 -0.0693118 -0.314076 83.7116
