1 0 0 0 0 1 0 0 0 0 1 0
0.999881 0.000709051 0.0154085 0.00257809 -0.000703322 1 -0.000388192 -0.0139824 -0.0154086 0.000377377 0.999881 0.114402
0.999346 0.0030998 0.0360458 0.0143312 -0.00310745 0.999995 0.000153949 -0.00622144 -0.0360451 -0.000265782 0.99935 0.269119
0.997999 0.00455596 0.0630698 0.0315251 -0.0046661 0.999989 0.00159682 -0.0107873 -0.0630616 -0.00188786 0.998008 0.421418
0.995368 0.00460401 0.0960318 0.0723143 -0.00496495 0.999982 0.00351922 -0.0101787 -0.0960138 -0.00397959 0.995372 0.612636
0.991066 0.00178682 0.133363 0.125615 -0.00254755 0.999983 0.00553252 -0.000574208 -0.13335 -0.00582277 0.991053 0.812941
0.984946 -0.000311213 0.172862 0.200108 -0.000765653 0.999982 0.00616227 -2.27792e-05 -0.17286 -0.00620168 0.984927 1.00437
0.9763 -0.000128212 0.216424 0.267293 -0.0014282 0.999976 0.00703399 0.00545753 -0.216419 -0.00717637 0.976275 1.22566
0.964538 9.55802e-05 0.263945 0.344316 -0.00289751 0.999945 0.0102256 0.0234593 -0.263929 -0.0106276 0.964484 1.43685
0.950398 -0.00335339 0.311022 0.456984 -0.00193873 0.999861 0.0167045 0.036532 -0.311033 -0.016479 0.950259 1.67782
0.933623 -0.0118151 0.358065 0.586936 0.00331541 0.999699 0.0243419 0.0254714 -0.358245 -0.0215388 0.93338 1.89276
0.912627 -0.0170749 0.408441 0.728259 0.00545368 0.999549 0.0296003 0.0259939 -0.408762 -0.0247866 0.912307 2.12762
0.88785 -0.0185236 0.459764 0.892935 0.0036252 0.999441 0.0332658 0.0366588 -0.460123 -0.027868 0.887419 2.38089
0.859645 -0.0205459 0.510483 1.06381 0.00168541 0.999302 0.0373816 0.0517375 -0.510893 -0.0312746 0.859078 2.60986
0.827973 -0.02556 0.560188 1.27259 0.00256839 0.999124 0.0417911 0.0571347 -0.560766 -0.0331628 0.827312 2.85131
0.792551 -0.0309943 0.609022 1.49733 0.00427789 0.998969 0.0452722 0.0574703 -0.609795 -0.0332754 0.791864 3.07295
0.754983 -0.0346656 0.654832 1.74678 0.00449054 0.998853 0.0477003 0.076281 -0.655734 -0.033072 0.754272 3.29835
0.715588 -0.0380111 0.697492 2.02236 0.00500194 0.998775 0.0492982 0.0852221 -0.698509 -0.0317885 0.7149 3.53443
0.673804 -0.039238 0.737872 2.30901 0.00302374 0.998729 0.0503486 0.0956848 -0.738909 -0.0316936 0.673065 3.76952
0.632019 -0.0395088 0.773949 2.64188 -0.0010728 0.998658 0.0518558 0.131703 -0.774956 -0.0336042 0.631126 3.99613
0.590451 -0.04026 0.806073 2.98324 -0.00430385 0.998586 0.0530279 0.150241 -0.807066 -0.0347792 0.589442 4.2222
0.550611 -0.0415654 0.83373 3.35766 -0.00617304 0.998533 0.0538583 0.172056 -0.834743 -0.0348017 0.549545 4.44391
0.512054 -0.0432773 0.857867 3.77493 -0.00774376 0.99846 0.0549922 0.184273 -0.858923 -0.0348017 0.510929 4.65603
0.475006 -0.0433688 0.878917 4.18697 -0.01076 0.998427 0.055081 0.211715 -0.879921 -0.035621 0.473791 4.87979
0.439193 -0.0432303 0.897357 4.64368 -0.0119998 0.998474 0.0539748 0.245182 -0.898317 -0.034473 0.438003 5.0772
0.405638 -0.0427649 0.913037 5.13958 -0.0111065 0.998604 0.0517069 0.262889 -0.91397 -0.031115 0.404596 5.27527
0.376386 -0.0418753 0.925521 5.64694 -0.009438 0.998757 0.0490271 0.28654 -0.926419 -0.0271877 0.375522 5.47526
0.35121 -0.0401592 0.93544 6.1955 -0.00868281 0.998901 0.0461436 0.31891 -0.936261 -0.0243285 0.350475 5.668
0.330868 -0.0398511 0.942841 6.7667 -0.00778104 0.998963 0.0449538 0.345709 -0.943649 -0.0222096 0.330214 5.86027
0.31638 -0.0400154 0.947793 7.37487 -0.00697393 0.998988 0.0445048 0.370087 -0.948612 -0.0206903 0.31578 6.02882
0.304573 -0.0410235 0.951611 7.99722 -0.00654055 0.998962 0.0451583 0.392595 -0.952471 -0.0199777 0.303988 6.22437
0.294175 -0.0418159 0.954841 8.63926 -0.00810228 0.998901 0.0462416 0.425544 -0.955722 -0.0213396 0.293512 6.42415
0.283669 -0.0433714 0.957947 9.3126 -0.00919044 0.998812 0.0479432 0.457297 -0.958884 -0.0224034 0.282932 6.62737
0.273156 -0.0445946 0.96094 10.0124 -0.0103969 0.998733 0.0493039 0.490311 -0.961919 -0.0234584 0.272345 6.83447
0.264024 -0.0459579 0.963427 10.7402 -0.0111575 0.998655 0.0506964 0.510485 -0.964457 -0.0241341 0.263156 7.04308
0.253622 -0.0474315 0.966145 11.4839 -0.0108316 0.998599 0.0518683 0.550333 -0.967249 -0.0236197 0.252752 7.23723
0.243504 -0.0483891 0.968699 12.2531 -0.0113389 0.998548 0.0527309 0.579335 -0.969839 -0.0238237 0.242602 7.42042
0.233308 -0.0510881 0.971065 13.0419 -0.0119782 0.998396 0.0554039 0.617599 -0.972336 -0.0245577 0.232321 7.60764
0.222932 -0.0533243 0.973381 13.8279 -0.0131621 0.998251 0.0577016 0.657169 -0.974751 -0.025675 0.22184 7.80233
0.210388 -0.0572349 0.975947 14.6364 -0.0139517 0.998011 0.0615367 0.694329 -0.977525 -0.0265626 0.209171 7.96717
0.19791 -0.0595494 0.978417 15.4406 -0.014286 0.997876 0.0636239 0.726347 -0.980122 -0.0265691 0.196638 8.12729
0.183494 -0.059974 0.981196 16.2425 -0.0157189 0.997835 0.0639307 0.754702 -0.982902 -0.0271542 0.182153 8.28527
0.169471 -0.0599334 0.983719 17.0464 -0.0167943 0.997833 0.0636871 0.808841 -0.985398 -0.0273136 0.168097 8.41241
0.152954 -0.0598453 0.986426 17.8519 -0.0177892 0.997841 0.0632964 0.846743 -0.988081 -0.027229 0.151559 8.53868
0.131747 -0.0588746 0.989541 18.6824 -0.020387 0.997867 0.0620847 0.888284 -0.99108 -0.0283529 0.130265 8.65199
0.106799 -0.0572159 0.99264 19.5018 -0.023865 0.997913 0.0600876 0.932955 -0.994002 -0.0301066 0.105211 8.7501
0.0766823 -0.057531 0.995402 20.3417 -0.0274675 0.997837 0.0597882 0.976774 -0.996684 -0.0319255 0.0749364 8.81071
0.0427406 -0.0574706 0.99744 21.1912 -0.0303351 0.997814 0.0587922 1.01339 -0.998634 -0.03277 0.0409042 8.85509
0.00905607 -0.0577459 0.998298 22.0297 -0.032144 0.997803 0.0580092 1.03092 -0.999449 -0.0326143 0.00718035 8.86573
-0.0259271 -0.0577968 0.998 22.8842 -0.0337309 0.997814 0.0569099 1.0702 -0.999103 -0.0321876 -0.0278192 8.85044
-0.0575799 -0.0570511 0.996717 23.7131 -0.036576 0.997822 0.0550016 1.10068 -0.997678 -0.0332887 -0.0595406 8.79289
-0.0896672 -0.0549375 0.994464 24.5614 -0.0394709 0.997894 0.0515682 1.13937 -0.995198 -0.034628 -0.0916457 8.71867
-0.123061 -0.0516187 0.991063 25.4055 -0.036951 0.998199 0.0474023 1.16136 -0.991719 -0.0307871 -0.124746 8.62741
-0.152926 -0.0482639 0.987067 26.2573 -0.034584 0.998461 0.0434631 1.18958 -0.987642 -0.0274897 -0.154358 8.48702
-0.183836 -0.0454723 0.981912 27.1106 -0.0319267 0.998685 0.0402717 1.20993 -0.982447 -0.0239456 -0.185044 8.32689
-0.211329 -0.0403709 0.976589 27.9358 -0.0268575 0.999013 0.0354861 1.23682 -0.977055 -0.018729 -0.212204 8.14225
-0.240178 -0.0362152 0.970061 28.7648 -0.0214796 0.999264 0.0319874 1.25987 -0.9705 -0.0131537 -0.240777 7.91523
-0.26918 -0.0293504 0.962651 29.5969 -0.0172894 0.999526 0.0256402 1.27603 -0.962944 -0.00974141 -0.269559 7.67638
-0.294244 -0.0160511 0.955603 30.394 -0.0144225 0.999826 0.0123531 1.27549 -0.95563 -0.0101473 -0.294422 7.41851
-0.317586 -0.000426132 0.948238 31.1954 -0.0133333 0.999908 -0.00401635 1.28287 -0.948146 -0.0139182 -0.317561 7.1608
-0.344659 0.0136334 0.938637 31.9601 -0.0143374 0.999708 -0.0197849 1.27734 -0.938627 -0.0202766 -0.344361 6.87352
-0.368708 0.0226976 0.929278 32.7168 -0.0117762 0.999513 -0.0290857 1.25787 -0.929481 -0.0216669 -0.368259 6.56991
-0.393856 0.0261779 0.918808 33.4789 -0.00841141 0.999456 -0.0320812 1.21967 -0.919143 -0.0203638 -0.39342 6.24356
-0.41519 0.0247287 0.90941 34.2243 -0.00684254 0.999524 -0.0303032 1.19039 -0.909721 -0.0188038 -0.41482 5.89741
-0.435607 0.0206775 0.89991 34.963 -0.00370447 0.999693 -0.0247635 1.16341 -0.90014 -0.0141208 -0.435395 5.53365
-0.454537 0.0189003 0.890539 35.6977 0.00315035 0.99981 -0.0196121 1.12771 -0.890735 -0.00610849 -0.454507 5.14574
-0.466969 0.0191254 0.884078 36.4138 0.00496402 0.999813 -0.0190077 1.0989 -0.884271 -0.00448738 -0.466975 4.76846
-0.478448 0.0198482 0.877905 37.1125 0.0059334 0.999802 -0.0193712 1.07539 -0.87811 -0.00405881 -0.478468 4.38206
-0.488901 0.0219162 0.872077 37.8113 0.00711156 0.999758 -0.0211386 1.04636 -0.872322 -0.00413296 -0.488936 3.99317
-0.498253 0.0212645 0.866786 38.4948 0.00146239 0.999726 -0.0236859 1.02523 -0.867045 -0.0105336 -0.498144 3.60396
-0.510399 0.0199168 0.859721 39.1841 0.000863431 0.99975 -0.0226488 1.00602 -0.859951 -0.0108177 -0.510286 3.1956
-0.518193 0.020737 0.855028 39.8757 0.00226678 0.999743 -0.0228739 0.977018 -0.855276 -0.00991449 -0.518104 2.78257
-0.525241 0.0226337 0.850667 40.566 0.00407131 0.999709 -0.0240861 0.938204 -0.850957 -0.00918769 -0.525178 2.34873
-0.53025 0.0252338 0.847483 41.2505 0.00500696 0.99964 -0.0266323 0.923303 -0.847843 -0.00987809 -0.530182 1.91457
-0.528229 0.0263875 0.848707 41.9654 0.00477501 0.999601 -0.0281077 0.906389 -0.849102 -0.0107946 -0.528142 1.47221
-0.525035 0.0265541 0.850684 42.6961 0.00654032 0.999618 -0.0271673 0.879309 -0.851073 -0.00869972 -0.525005 1.02016
-0.519662 0.0256693 0.854002 43.4385 0.00538015 0.999635 -0.0267735 0.850347 -0.85437 -0.00931829 -0.519608 0.569982
-0.511746 0.02461 0.858803 44.2168 0.00338277 0.999649 -0.0266312 0.819287 -0.859148 -0.0107229 -0.511646 0.117886
-0.504852 0.023807 0.862893 44.9969 0.00204356 0.999658 -0.0263854 0.786862 -0.863219 -0.0115571 -0.504726 -0.331677
-0.498644 0.0227991 0.866526 45.8029 0.000514994 0.99967 -0.0260069 0.753858 -0.866825 -0.0125215 -0.498488 -0.786041
-0.493098 0.0225975 0.869697 46.6166 -0.00027405 0.999667 -0.0261306 0.722583 -0.869991 -0.013123 -0.492924 -1.2403
-0.492192 0.0193147 0.870293 47.4538 -0.00475104 0.999689 -0.0248743 0.692798 -0.870492 -0.0163772 -0.491945 -1.7
-0.489551 0.0165349 0.871835 48.371 -0.00734752 0.999715 -0.0230866 0.653052 -0.871961 -0.0177076 -0.489287 -2.20842
-0.490471 0.0154364 0.871343 49.2384 -0.00810808 0.99973 -0.0222758 0.621997 -0.871439 -0.0179902 -0.49021 -2.68614
-0.491834 0.0149611 0.870578 50.1029 -0.00832004 0.999734 -0.0218815 0.596178 -0.870667 -0.018005 -0.491576 -3.18248
-0.490447 0.0151597 0.871361 51.0059 -0.00804952 0.999737 -0.0219249 0.561579 -0.871453 -0.0177667 -0.490193 -3.69099
-0.489293 0.0151831 0.872005 51.9568 -0.0068776 0.999759 -0.0212671 0.524423 -0.87211 -0.0164029 -0.489068 -4.20145
-0.490288 0.0145429 0.871462 52.8464 -0.00739762 0.999766 -0.020847 0.493321 -0.871548 -0.0166676 -0.490063 -4.69351
-0.489649 0.013603 0.871833 53.7546 -0.00834613 0.999769 -0.0202871 0.466411 -0.8719 -0.0172097 -0.489418 -5.1972
-0.491298 0.012688 0.870923 54.6337 -0.00869674 0.999784 -0.0194723 0.433705 -0.870968 -0.0171408 -0.491078 -5.68767
-0.490615 0.0119931 0.871314 55.5222 -0.00999777 0.999772 -0.019391 0.40408 -0.871339 -0.0182244 -0.490379 -6.18985
-0.489622 0.0107195 0.871895 56.4181 -0.0105119 0.999791 -0.018196 0.369086 -0.871893 -0.0180743 -0.489404 -6.68656
-0.488945 0.00919161 0.872288 57.2886 -0.0105016 0.99982 -0.0164223 0.34127 -0.872273 -0.017189 -0.488757 -7.16947
-0.485304 0.00788558 0.874338 58.196 -0.0109631 0.999836 -0.0151034 0.307035 -0.874301 -0.0169148 -0.485136 -7.66468
-0.483241 0.00770705 0.875477 59.0792 -0.0113555 0.999832 -0.0150703 0.282646 -0.875437 -0.0172229 -0.483069 -8.15586
-0.481516 0.00800411 0.87643 59.97 -0.011444 0.999826 -0.0154191 0.261179 -0.876389 -0.0174538 -0.481338 -8.64428
-0.480518 0.00811554 0.876972 60.8601 -0.0120013 0.999813 -0.0158285 0.232671 -0.876926 -0.0181292 -0.480328 -9.12602
-0.482644 0.00836597 0.875805 61.7189 -0.0125562 0.999795 -0.0164709 0.205843 -0.875753 -0.0189459 -0.482436 -9.60459
-0.484867 0.00932927 0.874565 62.5996 -0.0134267 0.999757 -0.0181088 0.165717 -0.874509 -0.0205215 -0.484621 -10.0829
-0.489141 0.00909465 0.872185 63.4753 -0.0148892 0.999723 -0.0187756 0.135083 -0.872105 -0.0221696 -0.488867 -10.56
-0.495448 0.00798769 0.868629 64.3365 -0.0143267 0.999758 -0.0173643 0.105264 -0.868545 -0.0210463 -0.495211 -11.0447
-0.500334 0.00514673 0.865846 65.2256 -0.0125414 0.999844 -0.0131911 0.0605788 -0.86577 -0.0174585 -0.500188 -11.5473
-0.505227 0.00263507 0.863011 66.0792 -0.0150882 0.999827 -0.011885 0.0361845 -0.86288 -0.0190245 -0.505098 -12.0392
-0.509225 0.00348043 0.860656 66.9302 -0.0144325 0.999827 -0.0125831 0.0122387 -0.860542 -0.0188286 -0.509083 -12.5453
-0.514287 0.00446458 0.857635 67.7733 -0.014178 0.999817 -0.0137058 -0.0199613 -0.857527 -0.0192069 -0.514127 -13.0494
-0.519792 0.00488767 0.854309 68.5799 -0.01671 0.999744 -0.0158872 -0.0626889 -0.85416 -0.022533 -0.519573 -13.5405
-0.523079 0.0045944 0.852302 69.4213 -0.0176542 0.999725 -0.0162228 -0.0943552 -0.85213 -0.023531 -0.522851 -14.0428
-0.526602 0.00375542 0.850136 70.2523 -0.0176306 0.999737 -0.0153379 -0.12518 -0.849961 -0.0230648 -0.526393 -14.5484
-0.530044 -0.00279922 0.847996 71.0724 -0.0162086 0.999858 -0.00682966 -0.164344 -0.847845 -0.0173632 -0.530011 -15.0563
-0.531296 -0.010421 0.847154 71.9141 -0.0158976 0.999881 0.0023286 -0.178712 -0.847069 -0.01223 -0.531395 -15.5794
-0.533875 -0.0123111 0.845505 72.724 -0.0143751 0.999895 0.00548343 -0.180776 -0.845472 -0.00922512 -0.533992 -16.0873
-0.534785 -0.00848168 0.844977 73.5335 -0.0140397 0.999911 0.0011503 -0.204006 -0.844903 -0.0112475 -0.534853 -16.6115
-0.536294 -0.00420076 0.844053 74.3278 -0.0140197 0.999908 -0.00393018 -0.215385 -0.843946 -0.0139394 -0.5363 -17.123
-0.538489 -0.000803972 0.842665 75.1209 -0.00980334 0.999948 -0.00531144 -0.231252 -0.842608 -0.0111205 -0.538464 -17.6324
-0.537922 -0.000678684 0.843028 75.9274 -0.00743523 0.999978 -0.0039381 -0.249696 -0.842995 -0.00838483 -0.537911 -18.1606
-0.537769 -0.00350321 0.843118 76.7197 -0.00773391 0.999981 -0.000778528 -0.263104 -0.84309 -0.00693864 -0.537781 -18.6877
-0.539564 -0.0056458 0.841959 77.4665 -0.00873473 0.999974 0.00110898 -0.279551 -0.841932 -0.0067543 -0.539596 -19.2456
-0.537992 -0.0113838 0.842907 78.2786 -0.0114872 0.999926 0.00617217 -0.30918 -0.842907 -0.00636146 -0.538078 -19.7489
-0.539325 -0.0157661 0.841983 79.0608 -0.0182047 0.999822 0.00706196 -0.322414 -0.841934 -0.0115178 -0.539513 -20.268
-0.536719 -0.0206085 0.843545 79.8751 -0.0256713 0.999648 0.00808822 -0.323595 -0.843408 -0.0173128 -0.537054 -20.7669
-0.535102 -0.0205897 0.84457 80.6646 -0.0232993 0.999696 0.0096107 -0.332135 -0.8445 -0.0145336 -0.535415 -21.2693
-0.533524 -0.0175314 0.84564 81.4498 -0.0190928 0.999791 0.00868104 -0.349135 -0.845608 -0.0115133 -0.533742 -21.7714
-0.527677 -0.016088 0.849327 82.2458 -0.0180236 0.999821 0.007742 -0.353706 -0.849288 -0.0112211 -0.527868 -22.2624
-0.52043 -0.0143264 0.853821 83.037 -0.0140132 0.999879 0.00823531 -0.363532 -0.853828 -0.00767821 -0.520563 -22.7663
-0.513319 -0.0134864 0.858126 83.8244 -0.00952559 0.999919 0.0100179 -0.373634 -0.858179 -0.0030303 -0.513402 -23.296
-0.502473 -0.0159458 0.864482 84.6292 -0.0136812 0.999864 0.0104906 -0.388056 -0.864524 -0.00655525 -0.502617 -23.7562
-0.491904 -0.0184963 0.870489 85.4418 -0.015396 0.999817 0.0125454 -0.385908 -0.870549 -0.00722926 -0.492095 -24.2144
-0.479652 -0.0200985 0.877265 86.2703 -0.0128678 0.999804 0.0158701 -0.385652 -0.877404 -0.00367573 -0.479811 -24.6482
-0.468661 -0.0223194 0.883132 87.1049 -0.0146584 0.999754 0.0174893 -0.386917 -0.883292 -0.00474701 -0.468869 -25.081
-0.457501 -0.0247683 0.8889 87.9293 -0.0162248 0.999691 0.0195046 -0.368979 -0.8891 -0.00549816 -0.457756 -25.5059
-0.445134 -0.0236927 0.895186 88.7935 -0.0135995 0.999728 0.0196987 -0.369227 -0.895396 -0.00340373 -0.445332 -25.9411
-0.433261 -0.0196612 0.901091 89.6152 -0.0127762 0.999809 0.0156719 -0.360476 -0.901218 -0.00472194 -0.433423 -26.3358
-0.422664 -0.0132593 0.906225 90.4451 -0.0113465 0.999907 0.00933969 -0.368049 -0.906251 -0.00633293 -0.422772 -26.7276
-0.410317 -0.00805063 0.911944 91.3101 -0.0113976 0.999942 0.00369912 -0.365758 -0.911911 -0.0088755 -0.41038 -27.107
-0.398954 -0.0101345 0.916951 92.1621 -0.0124101 0.999922 0.00565363 -0.368091 -0.916923 -0.00912186 -0.399046 -27.4719
-0.38631 -0.0117623 0.922331 93.0087 -0.0121205 0.999911 0.00767513 -0.381468 -0.922329 -0.0082134 -0.386413 -27.8223
-0.376361 -0.0115741 0.926437 93.8496 -0.0142717 0.999892 0.0066956 -0.387853 -0.9264 -0.0106997 -0.376483 -28.1528
-0.369788 -0.00750213 0.929122 94.696 -0.0182975 0.999846 0.000790942 -0.38862 -0.928976 -0.0167072 -0.369864 -28.4794
-0.364093 -0.00352007 0.931392 95.5558 -0.0235094 0.999725 -0.00541003 -0.402532 -0.931103 -0.0238638 -0.364073 -28.7913
-0.361066 -0.00199393 0.932575 96.4091 -0.026549 0.999629 -0.00814152 -0.428511 -0.932203 -0.0276974 -0.36098 -29.1202
-0.360136 -0.00255606 0.932934 97.2504 -0.0291936 0.999555 -0.00852911 -0.457269 -0.932481 -0.0303048 -0.360047 -29.4435
-0.356116 -0.00262011 0.934476 98.1039 -0.0285965 0.999573 -0.00809479 -0.482972 -0.934046 -0.029604 -0.356033 -29.7596
-0.351384 -0.00490708 0.936256 98.936 -0.0284781 0.999596 -0.00544714 -0.498286 -0.935837 -0.028574 -0.351379 -30.0728
-0.344985 -0.00614744 0.938627 99.7866 -0.0268977 0.999648 -0.0033386 -0.517181 -0.938266 -0.026397 -0.345024 -30.38
-0.339455 -0.00930373 0.940614 100.633 -0.0289145 0.999598 -0.000545894 -0.533482 -0.940216 -0.0273798 -0.339585 -30.6811
-0.334547 -0.0101827 0.942363 101.405 -0.0380089 0.999289 -0.00269537 -0.560703 -0.941655 -0.0367181 -0.334692 -30.9697
-0.327913 -0.00761919 0.944715 102.199 -0.0434453 0.999048 -0.00702075 -0.56194 -0.943747 -0.0433424 -0.32793 -31.1855
-0.321139 -0.0067852 0.947048 103.039 -0.0424986 0.999086 -0.00725278 -0.573768 -0.946122 -0.0425756 -0.321129 -31.4659
-0.314642 -0.00425899 0.949239 103.867 -0.0413515 0.999119 -0.00922209 -0.602726 -0.948348 -0.0421509 -0.314539 -31.7499
-0.307369 -0.00493494 0.95162 104.724 -0.0416431 0.999115 -0.0082695 -0.610289 -0.950724 -0.0421688 -0.307299 -32.0191
-0.300227 -0.009125 0.953863 105.595 -0.0405592 0.999188 -0.00320572 -0.630378 -0.953045 -0.0396469 -0.300352 -32.2809
-0.29289 -0.010314 0.956134 106.466 -0.0394781 0.999237 -0.0013143 -0.644014 -0.955377 -0.03813 -0.29307 -32.5565
-0.287681 -0.0072566 0.957738 107.281 -0.0397453 0.999216 -0.00436598 -0.661546 -0.956941 -0.0393181 -0.287742 -32.8343
-0.281583 -0.00688652 0.959558 108.129 -0.0390727 0.999246 -0.00429454 -0.660948 -0.95879 -0.0387004 -0.281635 -33.0823
-0.276228 -0.00766257 0.961101 108.97 -0.0413168 0.999154 -0.00390726 -0.701652 -0.960243 -0.0407854 -0.27631 -33.3197
-0.269715 -0.00849272 0.962947 109.833 -0.0413443 0.999159 -0.00276818 -0.710782 -0.9621 -0.0405577 -0.269835 -33.5552
-0.261182 -0.00937243 0.965284 110.69 -0.040241 0.999206 -0.00118491 -0.719778 -0.964489 -0.03915 -0.261351 -33.7934
-0.253753 -0.00936162 0.96727 111.548 -0.0391948 0.999249 -0.000611237 -0.732057 -0.966524 -0.0380655 -0.253926 -34.0199
-0.247563 -0.00876225 0.968874 112.419 -0.0375924 0.999309 -0.000566334 -0.74135 -0.968182 -0.0365587 -0.247721 -34.2344
-0.244932 -0.00946219 0.96954 113.288 -0.0428298 0.9991 -0.00106923 -0.739235 -0.968643 -0.0417853 -0.245113 -34.4126
-0.240855 -0.0080468 0.970569 114.132 -0.0437182 0.999057 -0.00256436 -0.746533 -0.969616 -0.0430453 -0.240979 -34.5994
-0.239417 -0.00617142 0.970943 114.985 -0.0382253 0.999283 -0.00307417 -0.738155 -0.970212 -0.0378491 -0.239478 -34.8072
-0.236985 -0.00789294 0.971524 115.817 -0.0463325 0.998938 -0.0031847 -0.786134 -0.970448 -0.0457641 -0.237098 -34.9967
-0.233083 -0.00720094 0.972477 116.671 -0.0454284 0.998981 -0.00349096 -0.802924 -0.971444 -0.0449901 -0.233169 -35.1933
-0.226437 -0.00824847 0.974036 117.527 -0.0404326 0.9992 -0.000936395 -0.807055 -0.973228 -0.0395911 -0.226589 -35.4047
-0.221569 -0.00942653 0.975148 118.389 -0.0333111 0.999465 0.00209294 -0.819854 -0.974626 -0.0320181 -0.221761 -35.6067
-0.217594 -0.00959556 0.976038 119.256 -0.0272917 0.99964 0.00374496 -0.835367 -0.9757 -0.0258193 -0.217777 -35.7971
-0.212681 -0.00799854 0.977139 120.115 -0.0280689 0.999625 0.00207339 -0.830695 -0.976769 -0.0269848 -0.212823 -35.978
-0.208376 -0.00738654 0.978067 120.955 -0.0326948 0.999484 0.000584438 -0.843354 -0.977545 -0.0318522 -0.20851 -36.1797
-0.207386 -0.00794159 0.978278 121.828 -0.0334283 0.999463 0.00102711 -0.85308 -0.97774 -0.0324877 -0.207538 -36.3557
-0.204284 -0.00845737 0.978921 122.686 -0.0351501 0.999401 0.00130076 -0.859 -0.978323 -0.0341397 -0.204458 -36.5284
-0.203075 -0.0122932 0.979137 123.517 -0.0343774 0.999417 0.00541797 -0.860108 -0.978612 -0.0325585 -0.203376 -36.7397
-0.200872 -0.0174528 0.979509 124.38 -0.0368403 0.999289 0.0102519 -0.862636 -0.978968 -0.0340222 -0.201373 -36.9121
-0.20036 -0.0191283 0.979587 125.241 -0.035232 0.999326 0.0123076 -0.854624 -0.97914 -0.0320455 -0.200897 -37.0835
-0.201419 -0.0172125 0.979401 126.074 -0.0355435 0.999336 0.010255 -0.83556 -0.978904 -0.032742 -0.201898 -37.2689
-0.200045 -0.0154111 0.979717 126.919 -0.0358061 0.999347 0.00840863 -0.827749 -0.979183 -0.0333965 -0.200464 -37.434
-0.200029 -0.0158357 0.97971 127.774 -0.0364618 0.999318 0.00871007 -0.82239 -0.979155 -0.0339759 -0.200471 -37.5998
-0.199327 -0.0168939 0.979839 128.63 -0.0377338 0.999265 0.00955261 -0.81491 -0.979258 -0.0350675 -0.199816 -37.7566
-0.197969 -0.0162997 0.980121 129.468 -0.0335749 0.999408 0.00984072 -0.82123 -0.979679 -0.0309556 -0.1984 -37.9315
-0.198039 -0.012834 0.980161 130.3 -0.0335324 0.999441 0.00631116 -0.827177 -0.979671 -0.0316161 -0.198358 -38.0713
-0.19565 -0.0119974 0.980649 131.141 -0.040542 0.99919 0.00413749 -0.834193 -0.979882 -0.0389441 -0.195979 -38.2114
-0.195427 -0.0113099 0.980704 131.974 -0.0448453 0.999014 0.00258475 -0.840965 -0.979746 -0.0434732 -0.195739 -38.362
-0.195701 -0.0104478 0.980657 132.799 -0.0440454 0.999049 0.00185579 -0.864282 -0.97972 -0.0428262 -0.195977 -38.5193
-0.19268 -0.00910265 0.98127 133.634 -0.0426674 0.999112 0.000890156 -0.85194 -0.980388 -0.0416951 -0.192895 -38.6412
-0.191406 -0.00772495 0.98153 134.452 -0.0423874 0.999122 -0.000400643 -0.854531 -0.980642 -0.041677 -0.191567 -38.7905
-0.188439 -0.00795967 0.982105 135.259 -0.0376836 0.999315 0.000868702 -0.858092 -0.981418 -0.036844 -0.188607 -38.9534
-0.185129 -0.010375 0.982709 136.082 -0.0337392 0.999444 0.00419759 -0.866489 -0.982183 -0.0323747 -0.185377 -39.113
-0.184612 -0.0162902 0.982731 136.901 -0.0314306 0.999475 0.0106634 -0.874898 -0.982365 -0.0289177 -0.185026 -39.2774
-0.184708 -0.0141315 0.982743 137.714 -0.0322585 0.999467 0.00831081 -0.915404 -0.982312 -0.0301628 -0.185066 -39.4927
-0.182155 -0.0137151 0.983229 138.476 -0.0375112 0.999299 0.00699003 -0.902731 -0.982612 -0.0356073 -0.182539 -39.6681
-0.176716 -0.0128566 0.984232 139.245 -0.0343186 0.999409 0.00689483 -0.903853 -0.983714 -0.0325549 -0.177055 -39.8143
-0.16854 -0.0129256 0.985667 140.045 -0.0354318 0.999375 0.00704718 -0.904315 -0.985116 -0.0337347 -0.168892 -39.9531
-0.162703 -0.0152136 0.986612 140.356 -0.0360059 0.999328 0.00947368 -0.900918 -0.986068 -0.0339781 -0.163144 -40.0424
-0.151947 -0.0155541 0.988325 140.865 -0.0398096 0.99919 0.00960525 -0.913023 -0.987647 -0.0378834 -0.152442 -40.0842
-0.138314 -0.0156448 0.990323 141.622 -0.0462759 0.99891 0.00931887 -0.922924 -0.989359 -0.0445344 -0.13889 -40.1954
-0.125062 -0.0140546 0.992109 142.391 -0.0491146 0.99879 0.00795859 -0.964828 -0.990993 -0.0477294 -0.125601 -40.2877
-0.111866 -0.0143839 0.993678 143.174 -0.0504539 0.998713 0.00877832 -0.971806 -0.992495 -0.0491477 -0.112451 -40.3758
-0.0990759 -0.0132657 0.995051 143.897 -0.052153 0.998635 0.00812127 -0.968048 -0.993773 -0.0510876 -0.0996333 -40.4406
-0.0856847 -0.00861331 0.996345 144.68 -0.0669734 0.997778 0.00286765 -0.970719 -0.994124 -0.0664768 -0.0860747 -40.4903
-0.0716723 -0.00178975 0.997492 145.458 -0.0740338 0.997282 -0.00352934 -0.943447 -0.994741 -0.0740965 -0.0716116 -40.5469
-0.0586041 0.00396459 0.998338 146.2 -0.0815248 0.996662 -0.00874203 -0.937241 -0.995007 -0.0818934 -0.0580894 -40.585
-0.0461326 0.00398309 0.998994 146.938 -0.0866606 0.996239 -0.00797294 -0.937213 -0.995236 -0.0869354 -0.0456165 -40.6114
-0.0342104 0.00105282 0.999481 147.702 -0.087437 0.996193 -0.00404053 -0.953938 -0.995642 -0.0875206 -0.0339933 -40.6354
-0.0239861 0.000202725 0.999782 148.458 -0.0940471 0.995598 -0.00245731 -0.956529 -0.995348 -0.0940791 -0.0238651 -40.6284
-0.0149599 0.0054018 0.999945 149.225 -0.0920709 0.995763 -0.00675515 -0.974985 -0.995703 -0.0921564 -0.0144051 -40.6282
-0.00818575 0.013398 0.99995 149.957 -0.0940936 0.995498 -0.0141076 -0.994032 -0.995603 -0.0941976 -0.00689242 -40.6326
-0.00533423 0.016194 0.999928 150.702 -0.10058 0.994824 -0.0166462 -1.00432 -0.994979 -0.100651 -0.00368433 -40.639
-0.00474646 0.0120005 0.999992 151.461 -0.105109 0.994419 -0.0124316 -1.00946 -0.994521 -0.10516 -0.00346294 -40.6404
-0.00650895 0.00708606 1.00003 152.208 -0.108103 0.994145 -0.00774617 -1.04318 -0.994184 -0.108145 -0.0057112 -40.6354
-0.00950357 0.00357479 1.00003 152.966 -0.110103 0.993946 -0.0045987 -1.05609 -0.993946 -0.110141 -0.00905641 -40.6429
-0.012156 0.0033018 1 153.711 -0.107935 0.994183 -0.00459288 -1.06656 -0.994149 -0.107979 -0.011735 -40.6525
-0.016015 0.00292918 0.999947 154.448 -0.105868 0.994407 -0.00460784 -1.07884 -0.994323 -0.105928 -0.015619 -40.6637
-0.0201235 0.00262754 0.999876 155.197 -0.104521 0.994548 -0.00471552 -1.08898 -0.994386 -0.104591 -0.0197451 -40.6823
-0.0253539 0.00196971 0.999757 155.933 -0.1065 0.994342 -0.00465929 -1.11127 -0.994062 -0.106584 -0.0250039 -40.7018
-0.0310775 0.00156713 0.999598 156.677 -0.106248 0.994365 -0.00486063 -1.11226 -0.993922 -0.106344 -0.0307414 -40.7256
-0.0358031 0.00125921 0.999439 157.425 -0.106919 0.994295 -0.00508237 -1.10076 -0.993695 -0.107033 -0.0354668 -40.7709
-0.0409753 0.000467955 0.999245 158.15 -0.104564 0.994543 -0.00475187 -1.12637 -0.993744 -0.104667 -0.0407078 -40.8009
-0.046125 0.000431697 0.999021 158.889 -0.100073 0.99501 -0.0050498 -1.11591 -0.993984 -0.100199 -0.0458534 -40.8523
-0.0503476 0.000297771 0.998819 159.61 -0.0979465 0.995213 -0.0052322 -1.10987 -0.993988 -0.0980812 -0.0500821 -40.8893
-0.0528769 0.00016184 0.998689 160.311 -0.0978275 0.995233 -0.0053404 -1.11057 -0.993872 -0.0979726 -0.0526103 -40.923
-0.0549625 0.000114498 0.998577 161.027 -0.0991891 0.99509 -0.00557142 -1.11213 -0.993622 -0.0993409 -0.0546855 -40.9594
-0.0552639 -0.00028098 0.998561 161.716 -0.10096 0.99492 -0.005307 -1.12169 -0.993428 -0.101099 -0.0550127 -40.9933
-0.0513578 -0.00125658 0.998769 162.432 -0.100997 0.994916 -0.0039395 -1.13374 -0.993634 -0.101061 -0.0512278 -41.041
-0.0441018 -0.00193223 0.999115 163.13 -0.0985959 0.995168 -0.00242692 -1.14734 -0.994224 -0.0986067 -0.044081 -41.0688
-0.0339028 -0.00244796 0.999514 163.825 -0.0980232 0.995222 -0.000885281 -1.1566 -0.994682 -0.0979915 -0.0339857 -41.0835
-0.0200819 -0.00264363 0.999887 164.524 -0.102201 0.994812 0.000578362 -1.15851 -0.994636 -0.102169 -0.020251 -41.1054
-0.00534674 -0.00324957 1.00007 165.213 -0.103131 0.994704 0.00268309 -1.15595 -0.994732 -0.10311 -0.00565999 -41.1067
0.00997442 -0.00822667 1.00001 165.904 -0.106109 0.994363 0.00923957 -1.15442 -0.994383 -0.106193 0.00904028 -41.0844
0.0265342 -0.0145508 0.999636 166.591 -0.107506 0.994094 0.0173261 -1.15459 -0.993929 -0.107911 0.024805 -41.0616
0.0437816 -0.0218085 0.998901 167.261 -0.104667 0.994212 0.0262946 -1.14464 -0.993623 -0.105693 0.0412385 -41.0296
0.0615223 -0.0285902 0.997791 167.934 -0.10543 0.993851 0.0349804 -1.13816 -0.992601 -0.107334 0.0581198 -40.9802
0.0786401 -0.0348657 0.996393 168.596 -0.106492 0.993428 0.0431679 -1.1205 -0.99128 -0.109491 0.0744011 -40.9258
0.0968011 -0.0350936 0.994782 169.261 -0.109802 0.99294 0.0457158 -1.11504 -0.989309 -0.113638 0.0922526 -40.8557
0.114253 -0.0361784 0.992893 169.917 -0.108871 0.992912 0.0487082 -1.10457 -0.987551 -0.113651 0.109493 -40.7676
0.131912 -0.0366467 0.99068 170.566 -0.109316 0.99272 0.0512805 -1.08124 -0.985297 -0.115045 0.126932 -40.6756
0.148553 -0.0367885 0.988322 171.207 -0.11235 0.992259 0.0538238 -1.05318 -0.982585 -0.119022 0.143257 -40.5636
0.163656 -0.0372046 0.985914 171.825 -0.113717 0.991954 0.0563111 -1.0373 -0.980025 -0.121313 0.158092 -40.4387
0.175302 -0.0404275 0.983788 172.447 -0.115138 0.991507 0.0612628 -1.02542 -0.977844 -0.123998 0.169143 -40.325
0.186179 -0.0407855 0.981768 173.081 -0.11469 0.991444 0.0629391 -0.995434 -0.975884 -0.124299 0.179891 -40.201
0.19512 -0.0396177 0.980085 173.67 -0.115196 0.991389 0.0630106 -0.933479 -0.974077 -0.125184 0.18886 -40.0786
0.204244 -0.0330074 0.978465 174.266 -0.119126 0.991207 0.0583056 -0.894774 -0.971733 -0.128451 0.198497 -39.9373
0.213352 -0.0216053 0.976843 174.845 -0.119405 0.991732 0.0480159 -0.860893 -0.969739 -0.126871 0.208991 -39.8003
0.221207 -0.0165677 0.975191 175.433 -0.117338 0.992182 0.043475 -0.827059 -0.968232 -0.124025 0.217513 -39.6679
0.227772 -0.0173539 0.973668 176.03 -0.116898 0.992169 0.0450322 -0.792925 -0.966761 -0.124064 0.223941 -39.5263
0.233565 -0.0237189 0.972159 176.626 -0.11715 0.991777 0.0523457 -0.755103 -0.965349 -0.126096 0.228844 -39.374
0.238126 -0.034384 0.970735 177.231 -0.122586 0.990365 0.0651527 -0.728275 -0.963556 -0.134499 0.231598 -39.2099
0.240198 -0.0416858 0.969938 177.829 -0.123139 0.989743 0.0730339 -0.690718 -0.962975 -0.136959 0.23258 -39.0534
0.241283 -0.0429071 0.969616 178.439 -0.120561 0.990007 0.0738124 -0.657519 -0.963028 -0.134693 0.233679 -38.903
0.24179 -0.0432896 0.969473 179.044 -0.11925 0.990151 0.0739568 -0.611108 -0.963067 -0.133471 0.234225 -38.7595
0.243332 -0.0443659 0.96904 179.659 -0.117288 0.990328 0.0747945 -0.567007 -0.96292 -0.131842 0.235754 -38.6155
0.245441 -0.0454605 0.968457 180.268 -0.11628 0.990353 0.0759602 -0.515217 -0.962507 -0.131235 0.237765 -38.4597
0.247917 -0.0467599 0.967765 180.878 -0.115869 0.990284 0.077533 -0.473298 -0.961922 -0.13134 0.24007 -38.3027
0.25027 -0.0512188 0.966933 181.508 -0.114419 0.990083 0.0820624 -0.427577 -0.961487 -0.131152 0.241905 -38.1274
0.254792 -0.0521732 0.965701 182.13 -0.11379 0.990038 0.0835129 -0.376693 -0.960374 -0.131149 0.246296 -37.9676
0.260109 -0.0535283 0.964208 182.746 -0.111686 0.990139 0.0850993 -0.333334 -0.959194 -0.129803 0.251543 -37.7937
0.268237 -0.0550783 0.961892 183.383 -0.109641 0.990182 0.0872757 -0.263559 -0.957191 -0.128858 0.259543 -37.6263
0.27787 -0.0556058 0.959123 184.003 -0.108634 0.990146 0.0888795 -0.207122 -0.954554 -0.128869 0.269067 -37.45
0.289189 -0.0536662 0.955883 184.629 -0.108858 0.990158 0.0885265 -0.157517 -0.951162 -0.12964 0.280477 -37.2673
0.301007 -0.0495004 0.952453 185.242 -0.109866 0.990248 0.0861884 -0.0991722 -0.947372 -0.130564 0.292608 -37.0663
0.312606 -0.0462209 0.948875 185.853 -0.110877 0.990263 0.0847682 -0.0457059 -0.94349 -0.131692 0.304412 -36.8603
0.324676 -0.0462033 0.944815 186.486 -0.109495 0.9903 0.0860571 0.014031 -0.939568 -0.131371 0.31644 -36.6466
0.336303 -0.0478544 0.940656 187.117 -0.108585 0.99013 0.0891952 0.0706199 -0.935576 -0.132122 0.327759 -36.4221
0.347501 -0.0487119 0.936534 187.738 -0.107579 0.990029 0.0914142 0.130565 -0.931592 -0.132496 0.338768 -36.1908
0.360054 -0.0489843 0.931765 188.383 -0.10796 0.989776 0.0937549 0.174914 -0.926768 -0.134334 0.351055 -35.9527
0.369711 -0.0489528 0.927979 189.024 -0.110841 0.989202 0.0963447 0.244908 -0.922618 -0.138455 0.360263 -35.6824
0.377457 -0.0483601 0.924886 189.673 -0.113607 0.988726 0.0980654 0.301067 -0.919138 -0.142072 0.367677 -35.4125
0.382266 -0.0504482 0.922797 190.307 -0.113768 0.988389 0.101165 0.371737 -0.917129 -0.143633 0.372058 -35.1493
0.384775 -0.0527694 0.921624 190.976 -0.111795 0.988402 0.10327 0.432431 -0.916322 -0.142751 0.374383 -34.9208
0.385365 -0.0533821 0.921342 191.644 -0.107819 0.988928 0.102398 0.485852 -0.91655 -0.138776 0.375313 -34.6532
0.386321 -0.0521434 0.921012 192.295 -0.108295 0.988983 0.101419 0.552442 -0.916092 -0.138905 0.376387 -34.4037
0.386786 -0.0515396 0.920852 192.921 -0.106938 0.98924 0.100287 0.643127 -0.916055 -0.137241 0.377082 -34.1477
0.386951 -0.0537711 0.920654 193.619 -0.103532 0.989505 0.10131 0.706968 -0.916377 -0.134503 0.377292 -33.8827
0.386013 -0.0584332 0.920766 194.292 -0.101568 0.98928 0.105365 0.784149 -0.916993 -0.13417 0.375909 -33.6014
0.385713 -0.0610872 0.920717 194.978 -0.100916 0.989078 0.107902 0.854385 -0.917191 -0.134517 0.375305 -33.3148
0.384845 -0.0628786 0.920962 195.662 -0.10017 0.988986 0.109384 0.925828 -0.917637 -0.134326 0.374277 -33.0413
0.383377 -0.0639928 0.921496 196.338 -0.100302 0.988864 0.110403 0.995891 -0.918238 -0.134736 0.372658 -32.7557
0.38308 -0.0641236 0.921612 197.012 -0.101473 0.988676 0.110971 1.06825 -0.918232 -0.136007 0.372205 -32.4744
0.381494 -0.0624825 0.922381 197.695 -0.10485 0.9884 0.110324 1.15506 -0.918514 -0.138782 0.370488 -32.201
0.380778 -0.0599873 0.922843 198.385 -0.104325 0.988782 0.107322 1.22631 -0.91887 -0.137119 0.370218 -31.9435
0.380751 -0.0552345 0.92315 199.059 -0.105869 0.989097 0.102849 1.29867 -0.918705 -0.136876 0.370723 -31.6732
0.381337 -0.0543998 0.922959 199.732 -0.106833 0.989032 0.102437 1.3543 -0.91835 -0.137643 0.371312 -31.4022
0.381005 -0.0559123 0.923005 200.426 -0.108044 0.988689 0.104493 1.42995 -0.918349 -0.139519 0.370624 -31.1136
0.380224 -0.0590731 0.923131 201.128 -0.109639 0.98809 0.108392 1.49655 -0.918481 -0.142401 0.369189 -30.8332
0.378825 -0.0599885 0.923646 201.792 -0.110979 0.987801 0.109676 1.56648 -0.9189 -0.144035 0.367517 -30.5442
0.375012 -0.060404 0.925175 202.5 -0.113398 0.98744 0.110437 1.62508 -0.920166 -0.146305 0.363422 -30.2487
0.367901 -0.0621544 0.927909 203.194 -0.114511 0.98719 0.11153 1.68334 -0.922897 -0.147269 0.356042 -29.9859
0.359772 -0.0608657 0.931176 203.897 -0.11602 0.987255 0.10936 1.75187 -0.925905 -0.147357 0.348096 -29.7212
0.349501 -0.060793 0.935085 204.585 -0.113822 0.987796 0.106765 1.81156 -0.930106 -0.143729 0.338288 -29.4736
0.338253 -0.05847 0.939361 205.285 -0.116087 0.9879 0.103296 1.87398 -0.933973 -0.143964 0.327345 -29.2403
0.327484 -0.0582297 0.943183 205.976 -0.118726 0.987701 0.102204 1.9506 -0.937477 -0.145431 0.316516 -29.0087
0.316486 -0.0646613 0.946513 206.69 -0.116849 0.987466 0.106533 2.0164 -0.941478 -0.144291 0.304937 -28.7794
0.307386 -0.0706116 0.949083 207.415 -0.116419 0.987011 0.111141 2.07294 -0.944544 -0.144636 0.295148 -28.571
0.300878 -0.0756803 0.950777 208.121 -0.116811 0.986464 0.115489 2.14283 -0.946586 -0.145786 0.287939 -28.355
0.295622 -0.0764002 0.952367 208.836 -0.121634 0.985724 0.116835 2.22752 -0.947637 -0.150359 0.282084 -28.1337
0.293525 -0.0776417 0.952915 209.547 -0.121472 0.985636 0.117727 2.3 -0.948306 -0.150284 0.279853 -27.9123
0.291916 -0.0784323 0.953346 210.258 -0.120912 0.98566 0.118117 2.37901 -0.948879 -0.149731 0.278222 -27.6991
0.289679 -0.0776158 0.954094 210.969 -0.121123 0.985769 0.116971 2.44539 -0.949534 -0.149422 0.27613 -27.4766
0.289739 -0.0755081 0.954246 211.682 -0.123882 0.985589 0.115606 2.53336 -0.949163 -0.15169 0.276186 -27.2617
0.289847 -0.0769242 0.954099 212.425 -0.123589 0.98546 0.117001 2.6224 -0.949164 -0.151804 0.2761 -27.0188
0.290616 -0.0777269 0.953801 213.141 -0.12439 0.985218 0.118191 2.70669 -0.948828 -0.152971 0.276628 -26.8027
0.291978 -0.0789299 0.953285 213.88 -0.123409 0.985197 0.119374 2.79167 -0.948535 -0.152474 0.27789 -26.5844
0.292928 -0.0806107 0.952854 214.608 -0.119322 0.985619 0.120067 2.85562 -0.948768 -0.148848 0.279072 -26.3737
0.296506 -0.0810911 0.951705 215.344 -0.118479 0.985617 0.120896 2.94357 -0.947759 -0.148579 0.282608 -26.1542
0.300687 -0.0814659 0.950362 216.08 -0.12022 0.985211 0.122493 3.02296 -0.946225 -0.151065 0.286421 -25.9233
0.305337 -0.0849448 0.948572 216.792 -0.119914 0.984704 0.126783 3.1133 -0.94477 -0.152434 0.290454 -25.6849
0.310513 -0.0886048 0.946555 217.538 -0.120458 0.984003 0.131629 3.20663 -0.943017 -0.154872 0.294847 -25.4562
0.31433 -0.0892251 0.945236 218.282 -0.120787 0.983772 0.133033 3.27631 -0.941705 -0.155963 0.298426 -25.2216
0.317852 -0.0856213 0.944392 219.013 -0.124785 0.983526 0.131171 3.3742 -0.940006 -0.159518 0.301905 -24.9783
0.322778 -0.0794025 0.943264 219.755 -0.131454 0.983107 0.127742 3.43214 -0.937409 -0.165203 0.306861 -24.7243
0.324851 -0.0775864 0.942703 220.497 -0.132702 0.983082 0.126641 3.54984 -0.936521 -0.166216 0.309034 -24.4698
0.329814 -0.0781681 0.940931 221.231 -0.132568 0.982907 0.128126 3.64139 -0.934801 -0.166969 0.313786 -24.2164
0.333495 -0.0765108 0.939768 221.967 -0.134172 0.982756 0.127627 3.73607 -0.933268 -0.168632 0.317452 -23.9628
0.337016 -0.0751588 0.938623 222.704 -0.134251 0.982837 0.126906 3.82368 -0.931989 -0.168754 0.321114 -23.6973
0.341844 -0.0755554 0.936841 223.442 -0.133157 0.982865 0.127858 3.91896 -0.930388 -0.168433 0.325898 -23.4338
0.345825 -0.0756623 0.935372 224.218 -0.131758 0.983002 0.128232 4.01789 -0.929113 -0.167563 0.32995 -23.163
0.350345 -0.078112 0.933485 224.955 -0.127384 0.983337 0.130094 4.08663 -0.928031 -0.164468 0.334529 -22.8945
0.356051 -0.0769402 0.931424 225.651 -0.127854 0.983272 0.130101 4.17952 -0.925791 -0.165382 0.340229 -22.6272
0.360311 -0.0758917 0.929868 226.38 -0.129581 0.983003 0.130442 4.27578 -0.923903 -0.167471 0.344324 -22.3563
0.364081 -0.0769591 0.928313 227.117 -0.129955 0.982684 0.132438 4.38875 -0.92237 -0.16883 0.347746 -22.0442
0.368694 -0.07712 0.926475 227.85 -0.130905 0.982368 0.133869 4.48622 -0.920403 -0.170615 0.352068 -21.7518
0.372128 -0.0746178 0.925309 228.591 -0.128824 0.983016 0.131083 4.57587 -0.919313 -0.167954 0.356166 -21.4631
0.376868 -0.0707521 0.923691 229.332 -0.124658 0.984187 0.126249 4.65624 -0.917956 -0.162703 0.362058 -21.1621
0.38079 -0.0676657 0.922315 230.068 -0.123869 0.984648 0.123383 4.76106 -0.916442 -0.161203 0.366532 -20.7946
0.384005 -0.0693045 0.920857 230.802 -0.125536 0.984055 0.126413 4.87056 -0.914874 -0.164122 0.369151 -20.488
0.387065 -0.0764574 0.91901 231.578 -0.128106 0.982484 0.135696 4.95361 -0.913226 -0.170227 0.37046 -20.1637
0.389402 -0.0882966 0.916958 232.309 -0.12568 0.981046 0.147843 5.04448 -0.912571 -0.172791 0.370894 -19.8628
0.393084 -0.0943723 0.914781 233.006 -0.124124 0.980221 0.154463 5.15311 -0.911203 -0.174236 0.373564 -19.5711
0.394831 -0.0993118 0.913504 233.709 -0.119715 0.98016 0.158304 5.25373 -0.91104 -0.171841 0.375077 -19.2808
0.397818 -0.0975417 0.912398 234.436 -0.116211 0.981019 0.155551 5.34702 -0.910191 -0.167885 0.3789 -18.9542
0.402188 -0.0915819 0.911099 235.154 -0.115378 0.982038 0.149647 5.45796 -0.908377 -0.165285 0.384365 -18.6611
0.40675 -0.0876464 0.90946 235.87 -0.115683 0.982485 0.146426 5.55736 -0.906302 -0.164741 0.389454 -18.355
0.410221 -0.085587 0.908095 236.575 -0.110796 0.98359 0.142756 5.64474 -0.905351 -0.159154 0.393974 -18.0444
0.41565 -0.0841151 0.905762 237.313 -0.109979 0.983812 0.141836 5.73502 -0.902968 -0.158543 0.399638 -17.702
0.419316 -0.085905 0.903902 238.039 -0.106708 0.984004 0.143022 5.83491 -0.901668 -0.156404 0.403409 -17.3683
0.423055 -0.0902739 0.901732 238.757 -0.102691 0.98389 0.146681 5.95733 -0.900385 -0.154628 0.406935 -17.0432
0.426622 -0.0963942 0.899414 239.49 -0.0983354 0.983522 0.152055 6.08167 -0.89919 -0.153293 0.41008 -16.7046
0.429392 -0.102984 0.897364 240.204 -0.0935294 0.983118 0.157583 6.1968 -0.898381 -0.151569 0.412478 -16.3985
0.431646 -0.109922 0.895458 240.945 -0.0913844 0.982172 0.164619 6.31338 -0.897526 -0.152866 0.41387 -16.0556
0.434375 -0.114591 0.893551 241.689 -0.0885426 0.981693 0.16894 6.4312 -0.896489 -0.152475 0.416243 -15.6983
0.435441 -0.1153 0.892944 242.399 -0.0898335 0.981311 0.17052 6.5434 -0.89585 -0.154445 0.416908 -15.3565
0.435845 -0.105771 0.893923 243.067 -0.0975811 0.981718 0.163739 6.66547 -0.894836 -0.158568 0.417522 -15.0235
0.43654 -0.0945487 0.894844 243.788 -0.101101 0.983071 0.153194 6.77895 -0.894113 -0.157323 0.419554 -14.6877
0.435335 -0.0881611 0.896079 244.49 -0.101991 0.984011 0.146365 6.90793 -0.894593 -0.155084 0.419348 -14.335
0.435701 -0.0903549 0.895685 245.224 -0.100851 0.983844 0.148309 7.02577 -0.89455 -0.154927 0.419513 -13.9828
0.434004 -0.0938194 0.89615 245.934 -0.0983833 0.983733 0.150639 7.15768 -0.895643 -0.153518 0.417679 -13.6466
0.435639 -0.0959761 0.895131 246.668 -0.096864 0.983587 0.152605 7.25981 -0.895021 -0.153164 0.419156 -13.2955
0.43712 -0.097826 0.894205 247.413 -0.0924044 0.983976 0.152821 7.38068 -0.894764 -0.149404 0.421042 -12.9674
0.439034 -0.100023 0.893026 248.145 -0.086956 0.984448 0.153016 7.51065 -0.894379 -0.144812 0.423473 -12.6556
