1 0 0 0 0 1 0 0 0 0 1 0
0.999999 0.000958158 0.00142927 -0.00623767 -0.000951532 0.999988 -0.00473219 -0.00902998 -0.00143375 0.00473077 0.999988 0.954891
0.999998 -0.000736075 0.00171007 -0.0121071 0.000745104 0.999986 -0.00530244 -0.0381037 -0.00170617 0.00530373 0.999985 1.93575
0.999996 -0.00188305 0.0027755 -0.0144334 0.00188753 0.999997 -0.00167779 -0.0432729 -0.00277225 0.00168298 0.999995 2.88321
0.99999 -0.00450948 0.000784444 -0.00346336 0.00450731 0.999986 0.00275006 -0.0499453 -0.000796892 -0.00274654 0.999996 3.85877
0.99999 -0.00487389 -0.00030337 -0.00825059 0.00487483 0.999982 0.00390743 -0.06064 0.00028433 -0.00390888 0.999994 4.81548
0.999981 -0.00623882 -0.000569498 -0.0048964 0.0062401 0.999978 0.00236919 -0.0684796 0.000554626 -0.00237273 0.999998 5.77274
0.999983 -0.00592944 -0.00174856 -0.00550754 0.00592984 0.999984 0.000383877 -0.0792546 0.00174644 -0.000394185 1 6.69979
0.999981 -0.00578263 -0.00249097 -0.0165516 0.00578087 0.999983 -0.000668742 -0.0873491 0.00249466 0.000654414 0.999997 7.63008
0.999989 -0.00476332 -0.00205952 -0.0281744 0.00476435 0.99999 0.000618359 -0.092826 0.00205672 -0.000628105 1 8.56307
0.999977 -0.00548617 -0.00411817 -0.0393302 0.0054994 0.99998 0.00324449 -0.102274 0.00410015 -0.00326696 0.999987 9.49702
0.999974 -0.0056165 -0.00506795 -0.0469869 0.00563984 0.999974 0.00465222 -0.118998 0.00504189 -0.00468054 0.999978 10.4122
0.999966 -0.00713471 -0.00429378 -0.0556363 0.0071604 0.999956 0.00604842 -0.128716 0.0042503 -0.00607878 0.999974 11.331
0.99996 -0.00678179 -0.00606351 -0.0554823 0.00681963 0.999958 0.00628557 -0.127747 0.00602069 -0.00632643 0.999963 12.2452
0.999958 -0.00699957 -0.00614821 -0.0767851 0.00702596 0.999967 0.00431828 -0.133252 0.00611751 -0.00436119 0.999973 13.1563
0.999953 -0.00681194 -0.00715642 -0.0822825 0.00682602 0.999975 0.00199012 -0.138626 0.00714287 -0.00203857 0.999974 14.0766
0.999926 -0.00755528 -0.00961025 -0.0928959 0.00756189 0.999972 0.00067527 -0.145045 0.00960456 -0.000747747 0.999955 14.9609
0.999915 -0.00714114 -0.0111225 -0.106493 0.00714786 0.999975 0.000593795 -0.144172 0.0111182 -0.00067289 0.999941 15.8544
0.999951 -0.00409714 -0.00920656 -0.102257 0.00408114 0.999991 -0.00173379 -0.173769 0.00921324 0.00169627 0.999957 16.721
0.99993 -0.00230569 -0.0118475 -0.131989 0.00228222 0.999997 -0.0019668 -0.184469 0.0118522 0.00193992 0.999931 17.6198
0.999885 -0.00473991 -0.0144526 -0.168458 0.00472276 0.999989 -0.00120475 -0.197012 0.0144578 0.00113649 0.999896 18.536
0.999879 -0.00506684 -0.0149095 -0.202678 0.00506813 0.999989 7.0252e-05 -0.238058 0.014909 -0.000145538 0.999892 19.4226
0.99984 -0.00464019 -0.017336 -0.238446 0.00464354 0.99999 0.00016207 -0.236771 0.0173347 -0.000242463 0.999851 20.3191
0.999811 -0.00516834 -0.0189362 -0.250685 0.0051778 0.999988 0.000467192 -0.257849 0.0189336 -0.000564934 0.999824 21.1884
0.999794 -0.00471689 -0.0198475 -0.274327 0.00473153 0.99999 0.000694835 -0.270678 0.0198437 -0.000788531 0.999804 22.0387
0.999741 -0.00450955 -0.0225087 -0.293676 0.00452837 0.999991 0.000800103 -0.284538 0.0225049 -0.000901518 0.99975 22.9168
0.9997 -0.0041572 -0.0242078 -0.317228 0.00422454 0.999988 0.00273316 -0.294871 0.0241958 -0.00283453 0.999704 23.7687
0.999634 -0.00515898 -0.0267494 -0.349209 0.00531363 0.99997 0.00572705 -0.296512 0.026719 -0.00586674 0.999629 24.6453
0.999566 -0.00617871 -0.0288877 -0.370225 0.00638562 0.999955 0.00707568 -0.314786 0.0288424 -0.00725697 0.999558 25.4988
0.999572 -0.00535464 -0.0289322 -0.398885 0.00553778 0.999966 0.00626693 -0.330525 0.0288976 -0.00642413 0.999566 26.3202
0.999536 -0.0038316 -0.0302952 -0.41998 0.00396806 0.999983 0.00444435 -0.326669 0.0302773 -0.00456242 0.999532 27.1558
0.999494 -0.00293374 -0.0318222 -0.450771 0.00301771 0.999993 0.00260216 -0.333106 0.0318143 -0.00269651 0.999494 27.9666
0.999458 -0.0026462 -0.0328766 -0.486386 0.0027573 0.999992 0.00333401 -0.339782 0.0328671 -0.00342277 0.999455 28.7635
0.999345 -0.00224744 -0.0362545 -0.519805 0.00236334 0.999993 0.0031644 -0.357493 0.036247 -0.00324765 0.999342 29.5909
0.99928 -0.00174727 -0.0379735 -0.549752 0.00187479 0.999994 0.00332304 -0.362477 0.037967 -0.00339168 0.999274 30.3616
0.999217 -0.00147603 -0.0396903 -0.575592 0.00160918 0.999994 0.00333358 -0.365155 0.0396851 -0.00339448 0.999211 31.1437
0.999111 -0.00144118 -0.0421908 -0.609177 0.0016519 0.999987 0.00496077 -0.378196 0.0421825 -0.0050259 0.999099 31.9237
0.999025 -0.00157649 -0.0442386 -0.645638 0.00186417 0.999978 0.00647224 -0.385512 0.0442272 -0.00654799 0.999004 32.6723
0.998909 -0.0012894 -0.046746 -0.680179 0.00169794 0.999962 0.00870104 -0.393295 0.0467324 -0.00877073 0.998871 33.4378
0.998796 -0.000118169 -0.0491744 -0.719733 0.000561627 0.999961 0.00901429 -0.397859 0.0491711 -0.00903063 0.998754 34.1686
0.998732 0.00137796 -0.0503877 -0.766221 -0.000954927 0.999965 0.00841904 -0.394503 0.0503969 -0.00836 0.998697 34.8853
0.998584 0.00306503 -0.0532333 -0.821072 -0.00264959 0.999967 0.00788218 -0.395167 0.0532554 -0.00772946 0.998556 35.6029
0.998505 0.00437893 -0.0545465 -0.873643 -0.00389056 0.999952 0.00905449 -0.407077 0.0545829 -0.00882846 0.998472 36.3121
0.998438 0.00402136 -0.0558368 -0.906242 -0.00340219 0.999934 0.0111863 -0.410754 0.0558777 -0.0109783 0.998383 37.032
0.9984 0.00586443 -0.0563244 -0.950622 -0.00521483 0.99992 0.0116715 -0.414121 0.0563876 -0.0113589 0.998348 37.706
0.998443 0.0083659 -0.0552621 -1.0057 -0.00780379 0.999918 0.010386 -0.413242 0.055344 -0.00993806 0.998423 38.385
0.998492 0.0104374 -0.0539698 -1.04573 -0.0100211 0.99992 0.00797532 -0.404764 0.054048 -0.00742224 0.998515 39.0494
0.998572 0.0103358 -0.0525387 -1.08383 -0.0099909 0.999929 0.00682818 -0.408953 0.0526051 -0.00629293 0.998601 39.6977
0.998683 0.0108502 -0.050223 -1.11707 -0.0104858 0.999919 0.00750842 -0.399916 0.0502996 -0.00697162 0.998714 40.3573
0.998767 0.0146955 -0.047561 -1.15596 -0.0142638 0.999857 0.00940986 -0.412677 0.0476921 -0.00871926 0.99883 41.0088
0.99884 0.0194036 -0.0441746 -1.19283 -0.0188586 0.999744 0.0127138 -0.418528 0.0444092 -0.0118657 0.998947 41.6338
0.998874 0.0242854 -0.0409182 -1.24252 -0.0237809 0.999638 0.0127796 -0.415057 0.0412134 -0.0117915 0.999087 42.2541
0.998997 0.0278857 -0.0352013 -1.26735 -0.0274372 0.99954 0.0131491 -0.411391 0.035551 -0.0121697 0.999299 42.8455
0.999053 0.0316747 -0.0300489 -1.29779 -0.0312357 0.999402 0.0149784 -0.414697 0.0305051 -0.0140249 0.999442 43.4296
0.9991 0.0353457 -0.0237119 -1.3143 -0.0349792 0.999268 0.0156774 -0.404269 0.024248 -0.0148334 0.999602 43.9792
0.999152 0.0380686 -0.0161338 -1.32607 -0.0378111 0.99916 0.0159922 -0.397267 0.0167287 -0.0153679 0.999748 44.517
0.999084 0.0419734 -0.00901714 -1.34264 -0.041825 0.999 0.0160059 -0.418497 0.00967912 -0.0156137 0.999837 45.0387
0.998984 0.0451765 -0.00177156 -1.35175 -0.0451459 0.998875 0.0146976 -0.417122 0.00243323 -0.014602 0.999897 45.5332
0.998776 0.0491296 0.00665603 -1.35413 -0.0492124 0.998707 0.0130098 -0.420069 -0.00600902 -0.0133212 0.9999 46.0002
0.99864 0.0503207 0.0141461 -1.35428 -0.0504785 0.998667 0.0110158 -0.421077 -0.0135733 -0.0117141 0.999846 46.4494
0.998438 0.0512389 0.0225311 -1.33355 -0.0514858 0.998621 0.0105454 -0.417747 -0.0219605 -0.0116886 0.999697 46.8811
0.998268 0.0507145 0.0300778 -1.31549 -0.051058 0.99864 0.0107626 -0.436838 -0.0294914 -0.0122789 0.999496 47.2882
0.997936 0.0517751 0.0381821 -1.30607 -0.0522368 0.998575 0.0112153 -0.437067 -0.0375476 -0.0131863 0.999216 47.6637
0.997461 0.0537274 0.0469097 -1.3032 -0.0543114 0.998463 0.0112628 -0.445679 -0.0462328 -0.0137812 0.998843 48.0356
0.996794 0.0580173 0.0552235 -1.29453 -0.0586852 0.998225 0.0105647 -0.443801 -0.054513 -0.0137712 0.998426 48.3691
0.996087 0.0609192 0.0641501 -1.27763 -0.061707 0.998043 0.0103713 -0.448277 -0.063393 -0.0142885 0.997894 48.686
0.995443 0.0605027 0.073786 -1.24567 -0.061436 0.99806 0.0104559 -0.45567 -0.0730108 -0.014941 0.997228 48.9728
0.994684 0.0596167 0.0840572 -1.21916 -0.0605975 0.998123 0.00916394 -0.460861 -0.0833533 -0.0142082 0.996427 49.2464
0.993676 0.0588756 0.0956741 -1.18466 -0.0596986 0.998203 0.00576932 -0.453144 -0.095163 -0.011444 0.995404 49.5187
0.992249 0.0596926 0.109059 -1.14724 -0.0602848 0.998181 0.00213815 -0.455115 -0.108734 -0.00869551 0.994041 49.7872
0.990412 0.0605324 0.124237 -1.11703 -0.0610673 0.998137 0.00050531 -0.462163 -0.123975 -0.00808692 0.992261 50.0527
0.988139 0.0614799 0.140774 -1.0761 -0.0620434 0.998076 -0.000386873 -0.462308 -0.140527 -0.00835111 0.99005 50.3206
0.985572 0.0616097 0.157688 -1.03002 -0.0621786 0.998067 -0.00132223 -0.463254 -0.157465 -0.00850134 0.987497 50.5683
0.982557 0.0610645 0.175699 -0.970663 -0.0616006 0.998101 -0.00240613 -0.472837 -0.175512 -0.00845822 0.98445 50.8335
0.978875 0.0609516 0.195203 -0.903756 -0.0614373 0.998107 -0.00356688 -0.481588 -0.195051 -0.00850089 0.980765 51.0823
0.974685 0.0610374 0.215125 -0.833603 -0.0615309 0.998098 -0.00440819 -0.491052 -0.214985 -0.00893944 0.976585 51.3229
0.969714 0.0625465 0.236131 -0.770894 -0.0629728 0.998002 -0.00573965 -0.490142 -0.236018 -0.00930369 0.971713 51.5794
0.963781 0.0636023 0.25903 -0.682479 -0.0638179 0.997935 -0.00758494 -0.490959 -0.258978 -0.00921974 0.965849 51.8244
0.956982 0.064516 0.282912 -0.611875 -0.0646877 0.99787 -0.00874148 -0.509698 -0.282873 -0.00993519 0.959116 52.077
0.949012 0.0657787 0.308329 -0.51754 -0.0659281 0.997778 -0.00994449 -0.512147 -0.308298 -0.0108894 0.951237 52.3388
0.939591 0.0672888 0.335645 -0.425803 -0.0675001 0.997661 -0.0110489 -0.521328 -0.335603 -0.0122744 0.941933 52.5977
0.929085 0.0675903 0.363663 -0.318688 -0.0676979 0.997631 -0.0124658 -0.523605 -0.363644 -0.0130366 0.931457 52.844
0.916898 0.0663235 0.393593 -0.182683 -0.0660853 0.997716 -0.014172 -0.538079 -0.393633 -0.0130161 0.919186 53.093
0.902416 0.0641533 0.426085 -0.0445919 -0.0629844 0.997875 -0.0168488 -0.543349 -0.42626 -0.0116312 0.904537 53.3405
0.88577 0.0630338 0.459841 0.102886 -0.0605078 0.997965 -0.0202439 -0.552966 -0.460181 -0.00989236 0.887781 53.5743
0.867319 0.0640727 0.493631 0.25533 -0.0597338 0.997915 -0.0245749 -0.565617 -0.494175 -0.0081712 0.869336 53.8429
0.846252 0.0642138 0.528917 0.41524 -0.0587681 0.997906 -0.0271238 -0.574628 -0.529551 -0.00812968 0.848252 54.0699
0.822564 0.0654328 0.564912 0.608439 -0.0586497 0.997826 -0.0301773 -0.576946 -0.565657 -0.00830816 0.824611 54.3308
0.796244 0.0676147 0.601201 0.804098 -0.059922 0.997665 -0.0328407 -0.587614 -0.602017 -0.00987566 0.798435 54.5898
0.767548 0.0678433 0.637406 1.01489 -0.058678 0.997648 -0.0355276 -0.604797 -0.638316 -0.0101316 0.769721 54.8289
0.735774 0.0681376 0.673805 1.2636 -0.057968 0.997613 -0.0375825 -0.617551 -0.674758 -0.0114068 0.737966 55.0745
0.700173 0.0659715 0.710933 1.55101 -0.0549897 0.99775 -0.0384296 -0.64593 -0.711868 -0.0121857 0.702224 55.3293
0.662367 0.064077 0.746448 1.85401 -0.0526152 0.997857 -0.0389696 -0.668113 -0.747344 -0.0134622 0.664317 55.5723
0.620994 0.0630589 0.781288 2.18433 -0.0504957 0.99791 -0.0404071 -0.677675 -0.782201 -0.0143582 0.622878 55.8172
0.575991 0.0627328 0.815058 2.52255 -0.0481069 0.997926 -0.0428108 -0.696989 -0.816053 -0.0145512 0.577813 56.029
0.528528 0.0622211 0.846645 2.89592 -0.0450544 0.997963 -0.0452159 -0.717498 -0.847733 -0.0142463 0.530254 56.2371
0.480271 0.0601291 0.875069 3.29914 -0.0434905 0.998055 -0.0447103 -0.743636 -0.876054 -0.016584 0.481952 56.4443
0.432187 0.0582997 0.89991 3.70915 -0.0430885 0.998106 -0.0439677 -0.765098 -0.900767 -0.0197726 0.433879 56.6298
0.382881 0.0576309 0.92201 4.15367 -0.0441941 0.998055 -0.0440315 -0.800499 -0.922753 -0.0238885 0.384682 56.8041
0.333923 0.0573001 0.940869 4.61372 -0.0413658 0.998082 -0.0461033 -0.81463 -0.941705 -0.0235239 0.335651 56.9486
0.287221 0.05297 0.95641 5.08721 -0.032892 0.998429 -0.0454191 -0.843963 -0.957313 -0.0184128 0.288511 57.0645
0.243134 0.0471523 0.968859 5.57852 -0.019159 0.998861 -0.0438043 -0.874964 -0.969817 -0.00791122 0.243758 57.1525
0.20123 0.0447553 0.978532 6.08885 -0.0119976 0.998996 -0.0432237 -0.903716 -0.979483 -0.00304208 0.201565 57.2303
0.163039 0.0465645 0.985533 6.6035 -0.00916358 0.998918 -0.0456809 -0.901525 -0.98659 -0.0015824 0.163288 57.303
0.130131 0.0465278 0.990416 7.1361 -0.002403 0.998913 -0.0466111 -0.937607 -0.991508 0.00368559 0.1301 57.3573
0.101022 0.0451468 0.993871 7.68436 0.00449116 0.998943 -0.0458336 -0.961678 -0.994886 0.00909459 0.100711 57.3981
0.0763633 0.0428334 0.996172 8.26661 0.00998899 0.998997 -0.0437205 -0.987346 -0.997044 0.0132893 0.0758583 57.427
0.0565928 0.0422084 0.997517 8.84394 0.0138313 0.998981 -0.0430549 -1.01888 -0.998314 0.0162342 0.0559502 57.4458
0.0403828 0.0431558 0.998265 9.42244 0.0152706 0.998927 -0.0438022 -1.03663 -0.999082 0.0170128 0.0396798 57.4643
0.0273123 0.0432716 0.998702 10.0206 0.0160111 0.99892 -0.0437188 -1.0555 -0.999511 0.0171849 0.0265889 57.4754
0.0159627 0.0448672 0.998879 10.627 0.0159218 0.998858 -0.0451208 -1.08564 -0.99976 0.0166241 0.0152295 57.4775
0.0069447 0.0464524 0.998908 11.23 0.020291 0.998713 -0.0465843 -1.1168 -0.999782 0.0205929 0.00599214 57.4731
-0.000225049 0.047145 0.998902 11.8458 0.024018 0.998604 -0.0471255 -1.14443 -0.999727 0.0239808 -0.00135755 57.4689
-0.00469271 0.0468356 0.998904 12.4825 0.0244004 0.998615 -0.0467074 -1.16509 -0.999704 0.0241548 -0.00583011 57.4654
-0.00908933 0.0445263 0.998981 13.1189 0.0222484 0.998774 -0.0443146 -1.19159 -0.999727 0.0218227 -0.0100693 57.4672
-0.011077 0.0387369 0.999201 13.79 0.0207175 0.999049 -0.0385014 -1.21641 -0.999738 0.0202747 -0.01187 57.4685
-0.0119473 0.0342746 0.999356 14.4751 0.020779 0.999209 -0.0340212 -1.24125 -0.999728 0.0203588 -0.0126505 57.4559
-0.0121999 0.0329276 0.999397 15.1702 0.023099 0.999205 -0.0326395 -1.26243 -0.999673 0.0226871 -0.0129518 57.4467
-0.0122458 0.0343489 0.999349 15.8456 0.0257546 0.999093 -0.0340245 -1.29796 -0.999609 0.0253208 -0.0131199 57.4349
-0.00967903 0.0409023 0.999129 16.5637 0.0262273 0.998834 -0.0406362 -1.31648 -0.999623 0.0258114 -0.0107415 57.4272
-0.00749086 0.0479366 0.998837 17.2638 0.0261866 0.998521 -0.0477251 -1.35132 -0.999645 0.0257982 -0.00873559 57.4179
-0.00564797 0.0488918 0.998802 17.9721 0.0271772 0.998448 -0.048721 -1.37315 -0.999629 0.0268697 -0.0069689 57.4175
-0.00326841 0.0454744 0.998976 18.7076 0.0268644 0.998614 -0.04537 -1.40962 -0.99965 0.0266881 -0.0044862 57.4185
-0.000457381 0.0412506 0.999162 19.4412 0.0257317 0.998824 -0.0412251 -1.48908 -0.999683 0.0256915 -0.00151927 57.3986
0.00259295 0.0399148 0.999216 20.173 0.0245244 0.998905 -0.039966 -1.50991 -0.999712 0.0246083 0.00161056 57.4112
0.00618559 0.04374 0.999038 20.8953 0.029013 0.998621 -0.0439016 -1.56304 -0.999575 0.0292569 0.00490705 57.4073
0.00931367 0.0480264 0.998819 21.6226 0.0306627 0.998367 -0.0482907 -1.60132 -0.999503 0.0310758 0.00782514 57.4152
0.0109136 0.047577 0.998824 22.3486 0.0285386 0.998453 -0.0478716 -1.63694 -0.999548 0.0290276 0.00953778 57.4322
0.0150979 0.0458496 0.998851 23.1096 0.023988 0.998649 -0.0462029 -1.67209 -0.999615 0.0246577 0.013977 57.459
0.0195419 0.0433342 0.998886 23.8418 0.0267925 0.998686 -0.0438501 -1.74222 -0.999465 0.0276197 0.018354 57.4652
0.0221146 0.0441638 0.998796 24.5647 0.0308855 0.998521 -0.0448356 -1.79322 -0.999295 0.0318394 0.0207171 57.4786
0.0260148 0.0478102 0.998535 25.3119 0.0302135 0.99837 -0.0485898 -1.84063 -0.999221 0.0314334 0.0245267 57.5003
0.0294831 0.0495531 0.998353 26.038 0.0268286 0.998376 -0.0503466 -1.87266 -0.999222 0.0282683 0.028105 57.5287
0.0319556 0.0490298 0.998303 26.7794 0.0251903 0.998447 -0.0498436 -1.92175 -0.999189 0.0267404 0.0306698 57.5528
0.0362537 0.0485633 0.998179 27.5381 0.0281962 0.998376 -0.049597 -1.98317 -0.998962 0.0299425 0.0348247 57.5671
0.0394918 0.0484474 0.998063 28.2737 0.0315128 0.998275 -0.049705 -2.03654 -0.99874 0.0334147 0.0378959 57.591
0.041614 0.0492564 0.997937 29.0047 0.0332325 0.998169 -0.0506537 -2.07594 -0.998598 0.0352713 0.0399001 57.6141
0.0453046 0.0500195 0.997738 29.7662 0.0341176 0.998094 -0.0515868 -2.12027 -0.998408 0.0363776 0.0435105 57.645
0.0484453 0.0496052 0.997611 30.5175 0.034611 0.998088 -0.0513097 -2.16574 -0.998244 0.0370135 0.0466348 57.6743
0.0513037 0.0492201 0.997489 31.2568 0.0341629 0.998121 -0.0510091 -2.20593 -0.998117 0.036694 0.0495247 57.7132
0.0543053 0.0499593 0.997292 32.0124 0.0330107 0.998117 -0.0517984 -2.24515 -0.997996 0.0357338 0.0525528 57.7553
0.0574861 0.0521402 0.997003 32.7852 0.0309919 0.998068 -0.0539836 -2.28036 -0.997883 0.0340022 0.0557579 57.7972
0.0598367 0.0515523 0.996896 33.5305 0.0317635 0.998068 -0.0535197 -2.33214 -0.997722 0.0348668 0.0580824 57.8409
0.0630012 0.0514134 0.996708 34.2772 0.0307166 0.998107 -0.0534278 -2.36726 -0.997559 0.0339815 0.0613014 57.8944
0.0639447 0.0522842 0.996603 35.0637 0.029021 0.998113 -0.0542257 -2.41611 -0.997551 0.0323893 0.0623055 57.9354
0.0701791 0.0523505 0.996179 35.8519 0.0271691 0.998159 -0.0543692 -2.47247 -0.997183 0.0308809 0.0686261 58.0031
0.07226 0.0537036 0.99596 36.6259 0.0253177 0.998135 -0.0556581 -2.51187 -0.997084 0.0292367 0.0707645 58.0616
0.0751581 0.0566588 0.99558 37.3832 0.0238958 0.998003 -0.0586011 -2.57204 -0.996904 0.0281946 0.0736526 58.1186
0.0784599 0.0580957 0.995244 38.1579 0.0236749 0.997917 -0.0601184 -2.61816 -0.996656 0.0282787 0.0769199 58.1756
0.0809887 0.059919 0.994932 38.9307 0.0189052 0.997927 -0.0616388 -2.66916 -0.996555 0.0238015 0.0796865 58.2421
0.0829006 0.0599248 0.994776 39.7165 0.0146325 0.998017 -0.0613397 -2.71159 -0.996471 0.0196407 0.081858 58.3251
0.0859377 0.0593566 0.99455 40.4998 0.0160125 0.99802 -0.0609478 -2.77741 -0.996191 0.021163 0.0848155 58.3949
0.0885099 0.0603465 0.994267 41.283 0.0162254 0.99795 -0.0620146 -2.8303 -0.995963 0.0216208 0.0873479 58.4669
0.0914594 0.061177 0.993948 42.0782 0.0123104 0.997973 -0.062558 -2.88499 -0.995752 0.0179575 0.0905193 58.5499
0.0951649 0.0598828 0.993681 42.8735 0.0114484 0.998065 -0.0612436 -2.93502 -0.995416 0.0172039 0.0942938 58.6301
0.0998875 0.0596093 0.993231 43.6664 0.0117377 0.998072 -0.0610807 -2.99764 -0.994948 0.0177595 0.0989935 58.7094
0.104081 0.0626675 0.992615 44.4587 0.00884692 0.997922 -0.0639305 -3.0381 -0.99455 0.0154352 0.103309 58.8068
0.109865 0.0696688 0.991521 45.2585 0.00653207 0.997477 -0.0708114 -3.10972 -0.993945 0.0142565 0.109131 58.911
0.116859 0.0738991 0.990418 46.0553 0.00496543 0.99718 -0.0749897 -3.16735 -0.993157 0.0136807 0.116161 59.0063
0.123336 0.0768024 0.989409 46.8592 0.000960973 0.996999 -0.0775118 -3.23276 -0.992384 0.0105108 0.12289 59.1208
0.130734 0.0758397 0.988536 47.6691 -0.00335062 0.997106 -0.0760541 -3.30765 -0.991434 0.00663032 0.130608 59.2305
0.138763 0.0744845 0.987541 48.5083 -0.00368085 0.997209 -0.0746969 -3.38657 -0.990339 0.00673011 0.138647 59.3443
0.145524 0.0734031 0.986653 49.3183 -0.00430733 0.99729 -0.0735595 -3.44673 -0.989369 0.00645449 0.145444 59.4676
0.153879 0.0679176 0.985774 50.1339 -0.00596109 0.997691 -0.0678085 -3.5068 -0.988093 0.0045579 0.153926 59.6083
0.162174 0.0625742 0.984801 50.9921 -0.00770497 0.998046 -0.0621471 -3.57939 -0.986756 0.00249046 0.162337 59.7283
0.169243 0.059918 0.983774 51.7977 -0.00777887 0.998211 -0.0594595 -3.63676 -0.985566 0.00241034 0.169403 59.8748
0.177519 0.0618217 0.982199 52.6029 -0.00795172 0.998091 -0.0613851 -3.69888 -0.984109 0.00308653 0.177669 60.0221
0.183851 0.0670968 0.980685 53.3888 -0.00821507 0.997748 -0.0667246 -3.75997 -0.982943 0.00421081 0.183985 60.1709
0.188496 0.0701619 0.979589 54.1659 -0.00875716 0.997533 -0.0697623 -3.81939 -0.982059 0.00457124 0.188643 60.3259
0.194415 0.0698186 0.978456 54.9282 -0.00905829 0.997558 -0.0693826 -3.86923 -0.980902 0.00462562 0.19457 60.4842
0.199763 0.0696912 0.977388 55.6928 -0.0104761 0.99757 -0.0689895 -3.92244 -0.979813 0.00354217 0.200005 60.6498
0.204196 0.0677669 0.976606 56.4446 -0.00991908 0.997703 -0.0671575 -3.99149 -0.978905 0.0040261 0.204396 60.8108
0.210462 0.0628263 0.975607 57.2229 -0.00804625 0.998019 -0.062534 -4.04047 -0.977594 0.00531085 0.210548 60.9691
0.21415 0.0561399 0.975211 57.9728 -0.00904953 0.998428 -0.0554899 -4.09845 -0.976785 0.00305776 0.214317 61.1388
0.217158 0.0537173 0.974683 58.7432 -0.0113807 0.998564 -0.052498 -4.13598 -0.976095 0.000307593 0.217455 61.314
0.221054 0.0531774 0.973836 59.4778 -0.0129683 0.998593 -0.0515864 -4.19042 -0.975202 -0.0012258 0.221429 61.4821
0.222717 0.0559611 0.973302 60.1978 -0.0165475 0.998433 -0.0536196 -4.21849 -0.974768 -0.00416392 0.223291 61.6568
0.224358 0.0596476 0.972705 60.9073 -0.0189594 0.998213 -0.0568395 -4.25755 -0.974349 -0.00568965 0.225084 61.8495
0.226318 0.0636814 0.971997 61.5979 -0.0203036 0.997961 -0.060655 -4.30507 -0.973868 -0.00600808 0.227147 62.0178
0.227655 0.0684337 0.971359 62.2727 -0.0223177 0.997641 -0.0650555 -4.34811 -0.973513 -0.00686838 0.228642 62.1893
0.230559 0.0690449 0.970633 62.9536 -0.0211837 0.997608 -0.0659317 -4.40044 -0.972855 -0.00536096 0.231467 62.3549
0.232148 0.0689284 0.97026 63.6155 -0.0220238 0.997611 -0.0656029 -4.42658 -0.972459 -0.0061393 0.233108 62.5299
0.232605 0.0665789 0.970317 64.2808 -0.0230545 0.99776 -0.0629352 -4.48829 -0.972325 -0.0077316 0.233615 62.697
0.234153 0.0655867 0.970011 64.9278 -0.0240652 0.997816 -0.0616585 -4.53729 -0.97193 -0.00890613 0.235216 62.8515
0.232925 0.0652164 0.970333 65.5805 -0.023357 0.997845 -0.0614588 -4.57974 -0.972241 -0.00834909 0.233943 63.0062
0.229408 0.0640449 0.971247 66.2208 -0.0232831 0.997917 -0.060305 -4.61601 -0.97308 -0.00877934 0.230418 63.1646
0.227303 0.0654301 0.971651 66.8576 -0.0261981 0.997799 -0.0610622 -4.66165 -0.973499 -0.0115761 0.228514 63.3019
0.2239 0.0676095 0.972291 67.4854 -0.0255102 0.997665 -0.0635002 -4.7062 -0.974307 -0.0105857 0.225098 63.4535
0.222516 0.0718142 0.972308 68.0899 -0.0277847 0.997355 -0.0673055 -4.77218 -0.97456 -0.012039 0.22392 63.5755
0.220491 0.0720551 0.972751 68.6831 -0.0263399 0.997354 -0.0679078 -4.81404 -0.975062 -0.0106494 0.221801 63.7057
0.217865 0.0717379 0.973367 69.2758 -0.0263853 0.997373 -0.0676015 -4.8519 -0.97565 -0.0109548 0.219182 63.8411
0.216151 0.0686234 0.973972 69.852 -0.0263358 0.997584 -0.064443 -4.88252 -0.976034 -0.0117212 0.217432 63.9727
0.213819 0.0674888 0.974567 70.4367 -0.0240278 0.997682 -0.0638179 -4.91341 -0.976605 -0.0097715 0.214942 64.1494
0.21128 0.0662889 0.975203 71.0015 -0.0214103 0.997782 -0.0631859 -4.96934 -0.977221 -0.00752979 0.212227 64.2666
0.20988 0.0674227 0.975428 71.5423 -0.0180903 0.997726 -0.0650716 -5.01794 -0.977589 -0.00398886 0.21062 64.3809
0.20769 0.0680933 0.975851 72.0818 -0.0151379 0.99769 -0.0663961 -5.06112 -0.978108 -0.000982845 0.208238 64.4904
0.205137 0.0695588 0.976287 72.63 -0.0156716 0.997587 -0.0677835 -5.09522 -0.978637 -0.00139546 0.205729 64.605
0.204221 0.0707814 0.976391 73.1587 -0.0161411 0.997502 -0.0689364 -5.13812 -0.978822 -0.0016822 0.20485 64.7223
0.202481 0.0696869 0.976832 73.7157 -0.0149033 0.997579 -0.0680779 -5.17751 -0.979202 -0.000773947 0.203027 64.8566
0.202312 0.0698206 0.976858 74.2824 -0.0105596 0.997564 -0.0691143 -5.21944 -0.979294 0.00366698 0.202553 64.9905
0.204471 0.0684003 0.976509 74.8296 -0.00595952 0.997635 -0.0686324 -5.2639 -0.978884 0.0082132 0.204392 65.0996
0.204644 0.0686192 0.976458 75.4061 -0.00446622 0.997607 -0.0691701 -5.30973 -0.978857 0.00979368 0.204457 65.2285
0.207207 0.0680095 0.975961 75.9593 -0.00468277 0.997649 -0.0685272 -5.34087 -0.978317 0.00962848 0.207035 65.3529
0.212809 0.0682808 0.974735 76.5073 -0.00662996 0.997645 -0.068439 -5.37957 -0.977103 0.00810151 0.212757 65.4851
0.218698 0.0678513 0.973462 77.0669 -0.00632893 0.997669 -0.0681171 -5.43809 -0.975804 0.00873552 0.218614 65.6032
0.225983 0.0679407 0.97179 77.6378 -0.00776345 0.99767 -0.0679456 -5.47524 -0.974133 0.00780971 0.225981 65.7447
0.234181 0.0672772 0.969895 78.21 -0.00789103 0.997714 -0.0673022 -5.52107 -0.972194 0.00810697 0.234173 65.8907
0.243754 0.0666205 0.967578 78.7814 -0.00846999 0.997758 -0.0665657 -5.5618 -0.969834 0.00802993 0.243768 66.0459
0.252745 0.0667981 0.965258 79.3646 -0.0104795 0.997757 -0.0663037 -5.61468 -0.96751 0.00664208 0.252874 66.2049
0.262742 0.0687513 0.962446 79.942 -0.0148276 0.99764 -0.0672186 -5.64854 -0.964787 0.00338994 0.263138 66.3785
0.27116 0.0711516 0.959935 80.5401 -0.0184155 0.997477 -0.068733 -5.69226 -0.962393 0.000959606 0.271782 66.5596
0.282587 0.0722513 0.956549 81.1342 -0.020712 0.997398 -0.069219 -5.72573 -0.959054 -0.000251942 0.283343 66.748
0.292741 0.0734592 0.9534 81.7445 -0.0222755 0.997309 -0.0700035 -5.7823 -0.955969 -0.000744907 0.293585 66.9444
0.301519 0.0744927 0.950579 82.3637 -0.0237376 0.997232 -0.0706204 -5.82161 -0.953201 -0.00127132 0.302449 67.1511
0.310504 0.0746242 0.947673 82.9976 -0.0243352 0.997222 -0.0705534 -5.86697 -0.950297 -0.00115498 0.311453 67.3786
0.319412 0.0757552 0.944617 83.6478 -0.0277445 0.997131 -0.0705862 -5.906 -0.947248 -0.00366213 0.320592 67.6301
0.332012 0.0724681 0.940523 84.287 -0.0284961 0.997371 -0.0667899 -5.94287 -0.942883 -0.00462637 0.3332 67.8704
0.34107 0.0654135 0.937793 84.9557 -0.0253178 0.997865 -0.0603967 -6.00004 -0.939735 -0.00314347 0.341993 68.117
0.351297 0.0628918 0.934186 85.6465 -0.0252433 0.998026 -0.057698 -6.01722 -0.935963 -0.00331296 0.352186 68.3776
0.361705 0.0594249 0.930431 86.3375 -0.0238329 0.998241 -0.0544919 -6.05574 -0.932027 -0.00246504 0.36248 68.6621
0.370353 0.0574225 0.927152 87.0291 -0.0212219 0.99836 -0.0533568 -6.10869 -0.928689 8.47784e-05 0.370959 68.9381
0.378988 0.0540872 0.923854 87.725 -0.0164278 0.998537 -0.0517217 -6.14203 -0.925296 0.00442469 0.379316 69.2189
0.38769 0.0426517 0.920841 88.4416 -0.00378727 0.999003 -0.0446789 -6.17294 -0.921823 0.0138339 0.387461 69.4892
0.393732 0.0377401 0.918486 89.1583 0.0015911 0.999137 -0.0417375 -6.22257 -0.919265 0.0178943 0.393326 69.7914
0.401431 0.0367527 0.915191 89.864 0.00494312 0.999101 -0.0422922 -6.24598 -0.915918 0.0215011 0.400884 70.0968
0.407196 0.0420678 0.912408 90.5777 0.00637939 0.998794 -0.0488991 -6.29959 -0.91336 0.0257316 0.406431 70.4184
0.413942 0.0458448 0.909188 91.2819 0.0109871 0.998416 -0.0553478 -6.32939 -0.91028 0.0328998 0.412777 70.7407
0.419374 0.0468364 0.906641 91.9922 0.0106888 0.998355 -0.0565197 -6.38046 -0.907793 0.0333933 0.418178 71.0743
0.423136 0.0475263 0.90486 92.6942 0.00583852 0.998468 -0.055175 -6.41057 -0.90609 0.0286293 0.422206 71.4136
0.428087 0.0502602 0.902377 93.3819 0.00105222 0.998436 -0.0561109 -6.44777 -0.903781 0.0249693 0.427358 71.7521
0.431833 0.0521329 0.900488 94.0596 4.80432e-05 0.998337 -0.0578226 -6.50905 -0.901997 0.0250128 0.431108 72.0749
0.435116 0.0550965 0.898726 94.7349 -0.00191688 0.998193 -0.0602676 -6.552 -0.900417 0.0245001 0.434428 72.4054
0.438292 0.0574163 0.897039 95.4003 -0.00439947 0.998093 -0.0617367 -6.60029 -0.898866 0.023112 0.437704 72.7285
0.442343 0.0557382 0.895152 96.0535 -0.00390624 0.99819 -0.0602251 -6.63906 -0.896883 0.0231428 0.441752 73.0577
0.445531 0.053546 0.893708 96.7023 -0.0039152 0.998327 -0.0578645 -6.70751 -0.895303 0.0222811 0.44499 73.3772
0.448777 0.0520819 0.892166 97.338 -0.00458143 0.998434 -0.0559826 -6.75238 -0.893679 0.0210357 0.448304 73.7011
0.45072 0.0493538 0.891344 97.9697 -0.00276003 0.998554 -0.0538964 -6.79116 -0.892707 0.0218317 0.450199 74.0145
0.452872 0.0514328 0.890132 98.5794 -0.00513224 0.998482 -0.055084 -6.82999 -0.891608 0.0203769 0.452441 74.3335
0.455328 0.0517709 0.888862 99.1872 -0.00456407 0.998441 -0.0558173 -6.88151 -0.890359 0.0213581 0.454849 74.6425
0.456882 0.0507326 0.888122 99.7877 -0.00300787 0.998468 -0.0554906 -6.92546 -0.889569 0.0226804 0.456327 74.9453
0.457276 0.0495977 0.887986 100.376 -0.000665678 0.998473 -0.0554282 -6.97253 -0.889371 0.0247545 0.456605 75.254
0.45813 0.0499751 0.887522 100.955 -0.00169252 0.998478 -0.0553512 -7.01401 -0.888931 0.0238551 0.45751 75.5581
0.458371 0.0497769 0.887411 101.528 0.000246948 0.998434 -0.0561341 -7.05802 -0.888808 0.025949 0.457635 75.8612
0.458873 0.0518165 0.887033 102.09 -0.00119748 0.998346 -0.0577015 -7.11365 -0.888549 0.0254146 0.458168 76.1452
0.461731 0.0512891 0.885582 102.637 0.000739116 0.998316 -0.0582057 -7.15279 -0.887067 0.0275295 0.46091 76.4307
0.464109 0.0504299 0.884384 103.193 0.00238729 0.998316 -0.0581813 -7.20632 -0.885823 0.0291129 0.463199 76.7174
0.466259 0.0488794 0.883343 103.737 0.00531848 0.998311 -0.0580505 -7.23937 -0.88468 0.0317641 0.465206 77.0018
0.468872 0.0476941 0.88202 104.258 0.00670296 0.998333 -0.0575487 -7.28988 -0.883289 0.0328943 0.467763 77.2765
0.471733 0.0468149 0.880544 104.777 0.00758286 0.998349 -0.0571425 -7.32807 -0.881757 0.0336326 0.470593 77.5577
0.4742 0.0462029 0.879247 105.302 0.00808193 0.998364 -0.0568231 -7.37061 -0.880429 0.0340507 0.473043 77.844
0.47735 0.0456104 0.877575 105.811 0.00943217 0.99834 -0.0570197 -7.41082 -0.878711 0.0354953 0.476121 78.1211
0.479924 0.0468719 0.876101 106.337 0.00836605 0.998295 -0.0579941 -7.45643 -0.877319 0.0351615 0.478705 78.3935
0.483793 0.0461597 0.874011 106.835 0.0110688 0.998218 -0.0588486 -7.49174 -0.875161 0.0381442 0.482413 78.6855
0.487732 0.0486259 0.871681 107.328 0.00922371 0.998118 -0.0608418 -7.52699 -0.872994 0.0377138 0.486357 78.9684
0.4924 0.0539526 0.868742 107.817 0.0061696 0.997847 -0.0654697 -7.56632 -0.870396 0.0375965 0.491001 79.2569
0.497516 0.0603449 0.865397 108.308 0.00117435 0.997543 -0.0702364 -7.60719 -0.867504 0.0359591 0.496214 79.5576
0.503183 0.066336 0.861678 108.788 -0.00442942 0.997247 -0.0741884 -7.65348 -0.864218 0.0335131 0.502085 79.8535
0.508681 0.0706592 0.858094 109.296 -0.00650192 0.996926 -0.0782385 -7.6854 -0.860981 0.0342183 0.507568 80.1565
0.514515 0.0711323 0.854575 109.777 -0.009892 0.996993 -0.0770334 -7.73475 -0.857475 0.031181 0.513665 80.4606
0.519376 0.0704395 0.851682 110.278 -0.0156944 0.997228 -0.0729078 -7.78904 -0.854453 0.0244992 0.519032 80.7933
0.5246 0.068455 0.848642 110.791 -0.0204052 0.997501 -0.0678512 -7.85017 -0.851156 0.0182778 0.524679 81.1316
0.53105 0.0668256 0.844746 111.298 -0.0258437 0.997712 -0.0626813 -7.89249 -0.846997 0.0114549 0.531553 81.4688
0.536153 0.0656294 0.841616 111.825 -0.0273152 0.997814 -0.0604108 -7.9405 -0.843731 0.00940045 0.536766 81.8238
0.542231 0.0677498 0.837539 112.346 -0.031234 0.997695 -0.0604853 -7.98246 -0.8397 0.00663676 0.543087 82.1748
0.548798 0.071488 0.832944 112.861 -0.0352478 0.997444 -0.0623851 -8.01879 -0.835264 0.00487763 0.549907 82.5408
0.554788 0.0739256 0.828746 113.39 -0.0368788 0.997266 -0.0642713 -8.05482 -0.831226 0.00509308 0.555987 82.9114
0.560859 0.0759256 0.824474 113.938 -0.0387287 0.997117 -0.0654808 -8.10009 -0.827057 0.00479483 0.562175 83.3026
0.5681 0.0767414 0.81942 114.484 -0.0409589 0.99706 -0.0649829 -8.13932 -0.821992 0.00335357 0.569562 83.7028
0.574577 0.0784112 0.814738 115.05 -0.0446222 0.996935 -0.0644795 -8.17811 -0.817286 0.000693198 0.576307 84.1185
0.581095 0.0771358 0.810219 115.618 -0.0447308 0.997035 -0.0628417 -8.23698 -0.812659 0.000274417 0.582811 84.5386
0.5897 0.0753414 0.804154 116.193 -0.0440578 0.997172 -0.0611194 -8.28574 -0.806474 0.000613045 0.591344 84.9795
0.596869 0.0745023 0.798921 116.792 -0.0438326 0.997235 -0.0602505 -8.33008 -0.801195 0.000942166 0.598473 85.4349
0.604141 0.0765348 0.793248 117.382 -0.0469853 0.997081 -0.0604193 -8.35159 -0.795546 -0.000769207 0.605966 85.9107
0.611578 0.0771851 0.78746 117.977 -0.0484293 0.997031 -0.060116 -8.38668 -0.789757 -0.00137129 0.613489 86.3903
0.618275 0.077777 0.782159 118.576 -0.0494635 0.996985 -0.0600419 -8.43351 -0.78446 -0.0015659 0.620249 86.8805
0.623377 0.076478 0.778223 119.176 -0.0487307 0.997085 -0.0589534 -8.47808 -0.780458 -0.00117407 0.625276 87.3767
0.627685 0.0758812 0.774817 119.792 -0.0483526 0.997131 -0.0584853 -8.53042 -0.777022 -0.000754015 0.629544 87.8868
0.630902 0.0741746 0.77236 120.413 -0.0450481 0.997257 -0.0589771 -8.59577 -0.774611 0.00241438 0.632502 88.4101
0.63479 0.0711705 0.769458 121.054 -0.0406045 0.997461 -0.058764 -8.64902 -0.771676 0.00605931 0.636058 88.9228
0.638234 0.0654683 0.767105 121.707 -0.0341124 0.997819 -0.0567786 -8.70306 -0.769144 0.0100691 0.639064 89.4448
0.641857 0.0600407 0.764528 122.35 -0.0283967 0.998122 -0.0545479 -8.74538 -0.766358 0.0133018 0.642348 89.9906
0.644997 0.0550998 0.762249 122.98 -0.0232309 0.998366 -0.0525122 -8.80987 -0.76389 0.0161613 0.645211 90.5248
0.648735 0.0539577 0.759159 123.636 -0.0218349 0.998408 -0.052306 -8.85965 -0.760764 0.0173563 0.64887 91.086
0.651326 0.0551185 0.756847 124.287 -0.0231081 0.998352 -0.052822 -8.92117 -0.758506 0.0169138 0.651514 91.655
0.655908 0.058165 0.752657 124.935 -0.0266999 0.998207 -0.0538756 -8.95465 -0.754432 0.0152413 0.656275 92.2314
0.658543 0.0606998 0.750146 125.585 -0.0310793 0.998101 -0.0534812 -9.009 -0.751962 0.0119044 0.659166 92.8246
0.661602 0.0590507 0.747588 126.242 -0.0320508 0.998227 -0.0504863 -9.06425 -0.749234 0.00944094 0.66231 93.3995
0.665635 0.0572028 0.744138 126.898 -0.0348532 0.99837 -0.0455713 -9.09459 -0.745525 0.00439708 0.666531 94.0033
0.669162 0.0507275 0.741446 127.552 -0.0331258 0.998729 -0.038436 -9.14625 -0.742444 0.00115892 0.66998 94.6052
0.674341 0.0485448 0.73688 128.21 -0.0319891 0.998837 -0.0365301 -9.15468 -0.73779 0.00106065 0.675097 95.211
0.677751 0.0467272 0.733869 128.9 -0.0288308 0.998917 -0.0369794 -9.20362 -0.734793 0.0039048 0.678353 95.8352
0.683467 0.0432893 0.728755 129.557 -0.0178018 0.998948 -0.0426459 -9.2494 -0.72983 0.0161728 0.683505 96.4302
0.688252 0.0456529 0.724099 130.225 -0.0148462 0.998714 -0.0488576 -9.29683 -0.725388 0.022876 0.688032 97.0554
0.694711 0.0461221 0.717868 130.873 -0.0123984 0.998578 -0.052161 -9.3474 -0.719248 0.0273351 0.694282 97.6757
0.700895 0.0431533 0.712024 131.53 -0.0110811 0.998725 -0.0496233 -9.3709 -0.713248 0.0268905 0.700467 98.3271
0.706884 0.0371463 0.706415 132.18 -0.00747013 0.998974 -0.0450574 -9.43607 -0.707358 0.026572 0.706422 98.9735
0.711716 0.0345234 0.701687 132.839 -0.00319684 0.998959 -0.0459089 -9.47688 -0.702533 0.0304305 0.711073 99.6315
0.716451 0.0357296 0.696785 133.463 -0.00162034 0.998788 -0.0495518 -9.52637 -0.697705 0.0343709 0.715626 100.284
0.719543 0.0359678 0.693586 134.112 -0.000583244 0.998708 -0.0511876 -9.55614 -0.694523 0.0364264 0.718619 100.965
0.723348 0.0329005 0.689764 134.734 0.00224834 0.998764 -0.0499994 -9.6048 -0.690551 0.0377162 0.722365 101.633
0.725607 0.0263238 0.687677 135.373 0.00702502 0.998952 -0.0456535 -9.65362 -0.68815 0.0379565 0.724647 102.31
0.726576 0.0231193 0.686763 136.028 0.0093327 0.999027 -0.0435074 -9.71114 -0.687096 0.0380192 0.725637 102.997
0.727665 0.0191687 0.685738 136.658 0.0130486 0.999061 -0.0417753 -9.75599 -0.685886 0.0393454 0.726717 103.675
0.726973 0.0153003 0.686561 137.296 0.0168962 0.999068 -0.0401578 -9.80286 -0.686531 0.0407923 0.726022 104.374
0.725933 0.0155319 0.687663 137.953 0.0160356 0.999111 -0.0394961 -9.83677 -0.687657 0.0396975 0.725023 105.076
0.725832 0.0172169 0.687723 138.583 0.0139925 0.999128 -0.0397829 -9.87973 -0.687805 0.0384969 0.724942 105.754
0.724293 0.0187992 0.68931 139.226 0.0124512 0.999128 -0.0403338 -9.9099 -0.689459 0.0377952 0.723412 106.443
0.722621 0.0211907 0.690987 139.854 0.00973732 0.999136 -0.0408259 -9.95224 -0.691252 0.0362282 0.721775 107.118
0.720898 0.0223028 0.692756 140.496 0.00845556 0.999144 -0.0409676 -9.98294 -0.693069 0.03539 0.720076 107.803
0.718577 0.0242799 0.695092 141.133 0.00516044 0.999195 -0.0402393 -10.0207 -0.695505 0.0325001 0.717857 108.482
0.715842 0.023662 0.697935 141.799 0.00439323 0.999272 -0.0383858 -10.0571 -0.698327 0.0305433 0.715202 109.184
0.71318 0.0223339 0.700693 142.416 0.00395324 0.999366 -0.0358796 -10.0993 -0.701047 0.0283567 0.712623 109.848
0.710324 0.0186151 0.703702 143.065 0.00776194 0.999402 -0.0342738 -10.1323 -0.70391 0.0298066 0.70974 110.514
0.707998 0.0208258 0.705975 143.706 0.00778587 0.999292 -0.0372887 -10.1908 -0.706248 0.0318949 0.707319 111.157
0.70112 0.0295734 0.712503 144.354 0.00540159 0.998912 -0.0467783 -10.2138 -0.7131 0.0366446 0.700182 111.824
0.698877 0.0351481 0.714445 145 0.00340834 0.998635 -0.0524653 -10.2585 -0.715309 0.0390996 0.697787 112.457
0.695624 0.0337276 0.717689 145.661 0.00248648 0.9988 -0.04935 -10.313 -0.71848 0.0361125 0.69469 113.111
0.691772 0.0307017 0.721531 146.309 0.000347308 0.999101 -0.0428476 -10.3591 -0.722191 0.0298891 0.691123 113.752
0.687815 0.0284635 0.725402 146.958 -0.00111848 0.999295 -0.0381515 -10.4057 -0.725963 0.0254291 0.687346 114.386
0.684545 0.0285519 0.72848 147.611 -0.00142649 0.999302 -0.0378282 -10.4447 -0.729045 0.0248537 0.684092 115.011
0.681317 0.027351 0.731552 148.264 -8.87014e-06 0.999325 -0.0373557 -10.4882 -0.732065 0.0254438 0.680842 115.631
0.678217 0.0256942 0.73448 148.945 0.00296024 0.999304 -0.037694 -10.535 -0.734931 0.0277366 0.677653 116.256
0.675931 0.0265228 0.736563 149.61 0.00452543 0.999208 -0.040135 -10.5908 -0.737029 0.0304608 0.675259 116.862
0.672137 0.0270587 0.74 150.272 0.00591583 0.999124 -0.0419091 -10.6377 -0.740479 0.0325437 0.671372 117.472
0.667662 0.0271182 0.744045 150.934 0.00613094 0.999126 -0.0419185 -10.676 -0.744517 0.032548 0.666896 118.075
0.664094 0.027975 0.747193 151.614 0.00461967 0.999147 -0.041516 -10.7144 -0.74771 0.0310197 0.663382 118.676
0.658984 0.0283838 0.751697 152.291 0.00404941 0.999162 -0.0412798 -10.7759 -0.752224 0.0302455 0.658302 119.274
0.652596 0.0293969 0.757204 152.967 0.00307855 0.999157 -0.041445 -10.8057 -0.757775 0.0293751 0.651939 119.865
0.647159 0.0335007 0.761696 153.641 0.000443184 0.999041 -0.0443177 -10.8469 -0.762433 0.0290168 0.646509 120.459
0.641101 0.0394683 0.76651 154.319 -0.00256943 0.998804 -0.0492816 -10.8883 -0.767529 0.029622 0.640418 121.04
0.633471 0.0415872 0.772724 155.016 -0.00372441 0.998731 -0.0506992 -10.9298 -0.773835 0.0292372 0.632808 121.618
0.627453 0.0361375 0.777884 155.74 -0.0036565 0.999071 -0.0434652 -10.9812 -0.778722 0.0244251 0.626985 122.201
0.620582 0.0316511 0.783579 156.454 -0.00889966 0.99943 -0.0333231 -11.0042 -0.784168 0.0137052 0.620496 122.797
0.612335 0.0267983 0.790214 157.184 -0.00833242 0.999612 -0.0274443 -11.0589 -0.790631 0.010218 0.612304 123.377
0.605578 0.0274486 0.795387 157.926 -0.0111705 0.999624 -0.0259935 -11.0835 -0.795783 0.00685543 0.605643 123.964
0.596644 0.0292524 0.802041 158.665 -0.0114052 0.999567 -0.0279738 -11.1171 -0.802501 0.00754029 0.596703 124.526
0.588731 0.0296626 0.807859 159.419 -0.00541578 0.999473 -0.0327531 -11.1501 -0.808386 0.0149065 0.588568 125.079
0.582215 0.037119 0.812255 160.173 -0.00528304 0.999133 -0.0418736 -11.1776 -0.813093 0.0200853 0.58189 125.63
0.574799 0.0395953 0.81741 160.939 -0.0029089 0.998945 -0.0463449 -11.2258 -0.818365 0.0242601 0.574294 126.157
0.566765 0.0359269 0.823163 161.72 -6.88858e-05 0.999075 -0.0435586 -11.2618 -0.823953 0.0246276 0.566227 126.698
0.559976 0.0308023 0.828009 162.5 0.00368375 0.999231 -0.0396649 -11.3151 -0.828574 0.0252605 0.55942 127.228
0.551856 0.0304678 0.833449 163.286 0.00268198 0.999287 -0.0383075 -11.3529 -0.834009 0.0233724 0.551365 127.746
0.544848 0.0304081 0.838055 164.055 0.00298499 0.99929 -0.0382009 -11.3866 -0.838603 0.0233142 0.544357 128.257
0.53861 0.0307102 0.842061 164.845 0.00481396 0.999232 -0.0395229 -11.4175 -0.842615 0.0253378 0.538033 128.768
0.533516 0.0245624 0.845505 165.622 0.00949781 0.999366 -0.0350268 -11.474 -0.84581 0.0267168 0.532932 129.248
0.526875 0.0224739 0.849712 166.415 0.0113942 0.999399 -0.0334998 -11.5258 -0.84994 0.0273287 0.526287 129.738
0.523395 0.0216235 0.851888 167.167 0.0103958 0.999467 -0.0317579 -11.5549 -0.8521 0.025477 0.522879 130.208
0.518597 0.0216193 0.854812 167.912 0.0105134 0.999469 -0.0316579 -11.5865 -0.855028 0.0254016 0.518078 130.665
0.513961 0.0241293 0.857546 168.67 0.0111322 0.999358 -0.0347928 -11.6267 -0.857814 0.0274276 0.51335 131.116
