1.000000e+00 0.000000e+00 0.000000e+00 0.000000e+00 0.000000e+00 1.000000e+00 0.000000e+00 0.000000e+00 0.000000e+00 0.000000e+00 1.000000e+00 0.000000e+00
9.999918e-01 -3.884407e-04 4.020590e-03 -7.240475e-02 3.806405e-04 9.999980e-01 1.940655e-03 5.078355e-03 -4.021336e-03 -1.939109e-03 9.999900e-01 -2.784091e-01
9.999997e-01 5.078284e-04 5.591941e-04 -7.284583e-02 -5.077110e-04 9.999998e-01 -2.100072e-04 -5.110365e-03 -5.593006e-04 2.097233e-04 9.999998e-01 4.058510e-01
9.999930e-01 1.474132e-03 -3.422728e-03 -8.564088e-02 -1.479325e-03 9.999977e-01 -1.515361e-03 -9.992351e-03 3.420487e-03 1.520413e-03 9.999930e-01 1.121081e+00
9.999763e-01 7.722054e-04 -6.845655e-03 -1.071757e-01 -7.908898e-04 9.999959e-01 -2.727099e-03 -1.384594e-02 6.843522e-03 2.732448e-03 9.999728e-01 1.836110e+00
9.999223e-01 3.603931e-03 -1.192900e-02 -1.189855e-01 -3.641822e-03 9.999884e-01 -3.156177e-03 -2.131348e-02 1.191748e-02 3.199375e-03 9.999239e-01 2.642442e+00
9.998623e-01 1.776514e-03 -1.650232e-02 -1.298638e-01 -1.822084e-03 9.999946e-01 -2.746776e-03 -3.568938e-02 1.649735e-02 2.776466e-03 9.998600e-01 3.376347e+00
9.997795e-01 4.748373e-03 -2.045468e-02 -1.756170e-01 -4.826522e-03 9.999812e-01 -3.772900e-03 -4.362644e-02 2.043638e-02 3.870793e-03 9.997836e-01 4.206291e+00
9.996554e-01 6.558079e-03 -2.541647e-02 -2.137618e-01 -6.661007e-03 9.999700e-01 -3.967104e-03 -5.077160e-02 2.538969e-02 4.135036e-03 9.996691e-01 5.036379e+00
9.995499e-01 5.776458e-03 -2.943752e-02 -2.586791e-01 -5.853254e-03 9.999797e-01 -2.523270e-03 -5.614044e-02 2.942234e-02 2.694440e-03 9.995635e-01 5.830067e+00
9.994122e-01 6.215378e-03 -3.371434e-02 -2.946104e-01 -6.194704e-03 9.999806e-01 7.176185e-04 -6.620597e-02 3.371815e-02 -5.083463e-04 9.994313e-01 6.658122e+00
9.993008e-01 7.026799e-03 -3.672144e-02 -3.253833e-01 -6.914271e-03 9.999710e-01 3.190464e-03 -7.266585e-02 3.674280e-02 -2.934331e-03 9.993204e-01 7.446233e+00
9.991840e-01 8.922696e-03 -3.939136e-02 -3.614667e-01 -8.829183e-03 9.999578e-01 2.547284e-03 -7.480182e-02 3.941243e-02 -2.197412e-03 9.992206e-01 8.295716e+00
9.990925e-01 8.737435e-03 -4.168775e-02 -4.060163e-01 -8.645036e-03 9.999598e-01 2.396204e-03 -8.047386e-02 4.170701e-02 -2.033637e-03 9.991278e-01 9.141759e+00
9.990373e-01 6.646810e-03 -4.336353e-02 -4.451452e-01 -6.533589e-03 9.999748e-01 2.752177e-03 -9.230223e-02 4.338073e-02 -2.466208e-03 9.990556e-01 9.996412e+00
9.989301e-01 7.272210e-03 -4.567070e-02 -4.790319e-01 -7.127183e-03 9.999690e-01 3.337541e-03 -9.153695e-02 4.569356e-02 -3.008467e-03 9.989510e-01 1.086085e+01
9.988987e-01 5.908977e-03 -4.654462e-02 -5.573447e-01 -5.755201e-03 9.999775e-01 3.437165e-03 -1.017192e-01 4.656388e-02 -3.165506e-03 9.989103e-01 1.172900e+01
9.987929e-01 6.542943e-03 -4.868184e-02 -6.073295e-01 -6.467722e-03 9.999776e-01 1.702518e-03 -1.110553e-01 4.869189e-02 -1.385602e-03 9.988129e-01 1.262181e+01
9.987221e-01 7.714471e-03 -4.994610e-02 -6.496826e-01 -7.792939e-03 9.999687e-01 -1.376491e-03 -1.079255e-01 4.993392e-02 1.763959e-03 9.987510e-01 1.354313e+01
9.986110e-01 1.101243e-02 -5.152426e-02 -7.088239e-01 -1.117046e-02 9.999337e-01 -2.780191e-03 -1.161304e-01 5.149023e-02 3.351879e-03 9.986679e-01 1.444896e+01
9.985523e-01 1.113905e-02 -5.262306e-02 -7.658330e-01 -1.129454e-02 9.999327e-01 -2.658253e-03 -1.237022e-01 5.258991e-02 3.248757e-03 9.986109e-01 1.538064e+01
9.984993e-01 1.144435e-02 -5.355473e-02 -8.314202e-01 -1.151694e-02 9.999331e-01 -1.047000e-03 -1.408504e-01 5.353917e-02 1.662215e-03 9.985644e-01 1.628130e+01
9.984387e-01 1.161703e-02 -5.463700e-02 -8.950366e-01 -1.160712e-02 9.999325e-01 4.986512e-04 -1.469562e-01 5.463911e-02 1.363057e-04 9.985062e-01 1.721878e+01
9.983656e-01 1.216656e-02 -5.583874e-02 -9.449466e-01 -1.211144e-02 9.999258e-01 1.325525e-03 -1.574590e-01 5.585072e-02 -6.470712e-04 9.984389e-01 1.818092e+01
9.982990e-01 1.126987e-02 -5.720168e-02 -1.015174e+00 -1.128733e-02 9.999363e-01 1.781311e-05 -1.683949e-01 5.719824e-02 6.278717e-04 9.983627e-01 1.907719e+01
9.981987e-01 1.174093e-02 -5.883376e-02 -1.047134e+00 -1.175218e-02 9.999309e-01 1.547642e-04 -1.804653e-01 5.883151e-02 5.369394e-04 9.982678e-01 2.006110e+01
9.980899e-01 1.377801e-02 -6.022246e-02 -1.103192e+00 -1.367605e-02 9.999043e-01 2.104777e-03 -1.869829e-01 6.024569e-02 -1.277151e-03 9.981828e-01 2.102588e+01
9.980626e-01 1.525896e-02 -6.031720e-02 -1.162778e+00 -1.497455e-02 9.998745e-01 5.164454e-03 -1.914787e-01 6.038843e-02 -4.251226e-03 9.981659e-01 2.198897e+01
9.981406e-01 1.452627e-02 -5.919778e-02 -1.234502e+00 -1.410827e-02 9.998726e-01 7.472877e-03 -1.834816e-01 5.929878e-02 -6.623804e-03 9.982183e-01 2.295207e+01
9.982402e-01 1.322967e-02 -5.780650e-02 -1.303981e+00 -1.257693e-02 9.998531e-01 1.164119e-02 -1.957255e-01 5.795202e-02 -1.089368e-02 9.982599e-01 2.395003e+01
9.983253e-01 1.538460e-02 -5.576639e-02 -1.358208e+00 -1.472973e-02 9.998178e-01 1.213514e-02 -2.030471e-01 5.594293e-02 -1.129339e-02 9.983701e-01 2.489122e+01
9.984200e-01 1.449361e-02 -5.429077e-02 -1.414749e+00 -1.398534e-02 9.998549e-01 9.730287e-03 -2.062206e-01 5.442392e-02 -8.955638e-03 9.984778e-01 2.580529e+01
9.984748e-01 1.484972e-02 -5.317546e-02 -1.462870e+00 -1.466162e-02 9.998848e-01 3.925701e-03 -1.910087e-01 5.322764e-02 -3.140075e-03 9.985775e-01 2.677470e+01
9.984747e-01 1.829697e-02 -5.209247e-02 -1.547599e+00 -1.818390e-02 9.998311e-01 2.643604e-03 -2.145708e-01 5.213205e-02 -1.692327e-03 9.986387e-01 2.782709e+01
9.985033e-01 1.669299e-02 -5.208132e-02 -1.560353e+00 -1.648370e-02 9.998543e-01 4.445442e-03 -2.190436e-01 5.214794e-02 -3.580295e-03 9.986330e-01 2.877849e+01
9.985433e-01 1.516883e-02 -5.178125e-02 -1.604548e+00 -1.471661e-02 9.998503e-01 9.103511e-03 -2.224665e-01 5.191159e-02 -8.328206e-03 9.986169e-01 2.974618e+01
9.985386e-01 1.170377e-02 -5.276191e-02 -1.656312e+00 -1.100656e-02 9.998485e-01 1.348555e-02 -2.339414e-01 5.291175e-02 -1.288511e-02 9.985161e-01 3.079124e+01
9.985456e-01 4.629686e-03 -5.371489e-02 -1.685804e+00 -4.002596e-03 9.999226e-01 1.177613e-02 -2.491704e-01 5.376526e-02 -1.154400e-02 9.984869e-01 3.170350e+01
9.984929e-01 2.947480e-03 -5.480209e-02 -1.751598e+00 -2.472396e-03 9.999588e-01 8.734871e-03 -2.558770e-01 5.482557e-02 -8.586214e-03 9.984590e-01 3.273333e+01
9.984288e-01 3.163693e-03 -5.594590e-02 -1.820880e+00 -2.897779e-03 9.999841e-01 4.833549e-03 -2.612733e-01 5.596031e-02 -4.663836e-03 9.984221e-01 3.371835e+01
9.982938e-01 8.688752e-03 -5.774018e-02 -1.862863e+00 -8.450819e-03 9.999548e-01 4.363641e-03 -2.690497e-01 5.777548e-02 -3.868244e-03 9.983221e-01 3.474018e+01
9.982410e-01 5.813225e-03 -5.900058e-02 -1.909088e+00 -5.502463e-03 9.999701e-01 5.428190e-03 -2.697232e-01 5.903037e-02 -5.093994e-03 9.982432e-01 3.567730e+01
9.982083e-01 7.683088e-03 -5.933988e-02 -1.978953e+00 -7.239807e-03 9.999443e-01 7.681596e-03 -2.789093e-01 5.939560e-02 -7.238223e-03 9.982083e-01 3.666178e+01
9.981002e-01 6.858516e-03 -6.122858e-02 -2.043104e+00 -6.338946e-03 9.999422e-01 8.675972e-03 -2.832543e-01 6.128455e-02 -8.271364e-03 9.980860e-01 3.765952e+01
9.979905e-01 1.156016e-02 -6.230041e-02 -2.108907e+00 -1.082138e-02 9.998672e-01 1.218278e-02 -2.970926e-01 6.243297e-02 -1.148412e-02 9.979831e-01 3.876188e+01
9.980829e-01 4.706601e-03 -6.171139e-02 -2.193834e+00 -3.832194e-03 9.998907e-01 1.428000e-02 -2.957726e-01 6.177185e-02 -1.401614e-02 9.979919e-01 3.958274e+01
9.979644e-01 9.324386e-03 -6.308797e-02 -2.234242e+00 -8.268646e-03 9.998217e-01 1.697486e-02 -2.966126e-01 6.323501e-02 -1.641865e-02 9.978636e-01 4.055465e+01
9.979534e-01 1.169104e-02 -6.286729e-02 -2.317293e+00 -1.062991e-02 9.997958e-01 1.718690e-02 -3.041751e-01 6.305539e-02 -1.648345e-02 9.978739e-01 4.157273e+01
9.979397e-01 1.063682e-02 -6.327107e-02 -2.372878e+00 -9.701749e-03 9.998394e-01 1.506779e-02 -2.901420e-01 6.342118e-02 -1.442290e-02 9.978826e-01 4.263869e+01
9.978889e-01 1.515965e-02 -6.315055e-02 -2.448094e+00 -1.431572e-02 9.998024e-01 1.379480e-02 -3.026794e-01 6.334719e-02 -1.286163e-02 9.979087e-01 4.365543e+01
9.978432e-01 1.390717e-02 -6.415242e-02 -2.520390e+00 -1.308371e-02 9.998268e-01 1.323835e-02 -2.953724e-01 6.432541e-02 -1.237044e-02 9.978523e-01 4.465053e+01
9.978154e-01 1.205054e-02 -6.495465e-02 -2.594985e+00 -1.111856e-02 9.998302e-01 1.469070e-02 -2.964077e-01 6.512066e-02 -1.393640e-02 9.977801e-01 4.566110e+01
9.978002e-01 7.804255e-03 -6.583189e-02 -2.674560e+00 -6.772381e-03 9.998509e-01 1.588299e-02 -2.959515e-01 6.594603e-02 -1.540222e-02 9.977043e-01 4.667478e+01
9.977411e-01 1.046104e-02 -6.635710e-02 -2.743142e+00 -9.656668e-03 9.998761e-01 1.243111e-02 -2.938571e-01 6.647892e-02 -1.176224e-02 9.977185e-01 4.774589e+01
9.977299e-01 1.071895e-02 -6.648438e-02 -2.833704e+00 -1.020632e-02 9.999155e-01 8.045446e-03 -2.921691e-01 6.656501e-02 -7.348622e-03 9.977551e-01 4.878407e+01
9.977316e-01 1.041454e-02 -6.650733e-02 -2.919489e+00 -9.973514e-03 9.999260e-01 6.959756e-03 -2.964043e-01 6.657489e-02 -6.280657e-03 9.977617e-01 4.978004e+01
9.977197e-01 8.389881e-03 -6.697022e-02 -2.974520e+00 -7.734366e-03 9.999197e-01 1.004145e-02 -2.987719e-01 6.704909e-02 -9.500582e-03 9.977044e-01 5.076509e+01
9.976898e-01 8.346424e-03 -6.741986e-02 -3.020336e+00 -7.443279e-03 9.998793e-01 1.363594e-02 -3.097679e-01 6.752554e-02 -1.310261e-02 9.976315e-01 5.171769e+01
9.977549e-01 6.719711e-03 -6.663266e-02 -3.098147e+00 -5.756565e-03 9.998763e-01 1.463603e-02 -3.156108e-01 6.672277e-02 -1.421960e-02 9.976702e-01 5.275022e+01
9.976859e-01 1.549564e-03 -6.797376e-02 -3.122410e+00 -6.386160e-04 9.999097e-01 1.342115e-02 -3.123106e-01 6.798843e-02 -1.334669e-02 9.975969e-01 5.376495e+01
9.976605e-01 -3.067846e-03 -6.829431e-02 -3.182810e+00 3.867658e-03 9.999254e-01 1.158212e-02 -3.060813e-01 6.825368e-02 -1.181916e-02 9.975980e-01 5.478481e+01
9.975811e-01 -2.192345e-03 -6.947793e-02 -3.248882e+00 3.129340e-03 9.999056e-01 1.338026e-02 -3.157111e-01 6.944203e-02 -1.356531e-02 9.974937e-01 5.576435e+01
9.975115e-01 -5.286065e-03 -7.030557e-02 -3.319178e+00 6.574362e-03 9.998145e-01 1.810549e-02 -3.252808e-01 7.019682e-02 -1.852265e-02 9.973612e-01 5.669131e+01
9.974712e-01 -7.276249e-03 -7.069837e-02 -3.400878e+00 8.901943e-03 9.997025e-01 2.270698e-02 -3.165986e-01 7.051212e-02 -2.327891e-02 9.972392e-01 5.768168e+01
9.974561e-01 -7.199708e-03 -7.091848e-02 -3.486986e+00 8.983381e-03 9.996505e-01 2.486429e-02 -3.029181e-01 7.071467e-02 -2.543812e-02 9.971722e-01 5.867012e+01
9.973453e-01 -8.737182e-03 -7.229168e-02 -3.568498e+00 1.024192e-02 9.997380e-01 2.047035e-02 -2.980309e-01 7.209388e-02 -2.115641e-02 9.971734e-01 5.956330e+01
9.972777e-01 -7.837510e-03 -7.331893e-02 -3.625968e+00 8.860339e-03 9.998678e-01 1.363557e-02 -2.910517e-01 7.320236e-02 -1.424808e-02 9.972153e-01 6.053925e+01
9.972404e-01 -3.895934e-03 -7.413843e-02 -3.702531e+00 4.542399e-03 9.999531e-01 8.553087e-03 -2.937351e-01 7.410162e-02 -8.866250e-03 9.972113e-01 6.145991e+01
9.971923e-01 4.512122e-04 -7.488145e-02 -3.798478e+00 2.536675e-04 9.999558e-01 9.403498e-03 -2.951421e-01 7.488238e-02 -9.396091e-03 9.971481e-01 6.241459e+01
9.971344e-01 3.259902e-03 -7.558020e-02 -3.878142e+00 -2.283145e-03 9.999128e-01 1.300627e-02 -3.126516e-01 7.561602e-02 -1.279643e-02 9.970549e-01 6.336374e+01
9.970590e-01 4.913824e-03 -7.648002e-02 -3.965862e+00 -3.775847e-03 9.998801e-01 1.501689e-02 -3.232314e-01 7.654464e-02 -1.468395e-02 9.969580e-01 6.424641e+01
9.969628e-01 4.355287e-03 -7.775769e-02 -4.034758e+00 -3.210480e-03 9.998847e-01 1.484170e-02 -3.149966e-01 7.781336e-02 -1.454698e-02 9.968618e-01 6.513511e+01
9.968008e-01 6.102261e-03 -7.969203e-02 -4.107024e+00 -4.899149e-03 9.998712e-01 1.528383e-02 -3.142334e-01 7.977503e-02 -1.484451e-02 9.967024e-01 6.597475e+01
9.966711e-01 7.496874e-03 -8.118241e-02 -4.182270e+00 -6.236986e-03 9.998564e-01 1.576171e-02 -3.146670e-01 8.128891e-02 -1.520290e-02 9.965746e-01 6.683648e+01
9.966043e-01 7.784527e-03 -8.197106e-02 -4.295384e+00 -6.527628e-03 9.998571e-01 1.559030e-02 -3.079600e-01 8.208072e-02 -1.500228e-02 9.965128e-01 6.765083e+01
9.964572e-01 8.751368e-03 -8.364564e-02 -4.345686e+00 -7.327189e-03 9.998232e-01 1.731819e-02 -3.115735e-01 8.378241e-02 -1.664395e-02 9.963450e-01 6.851104e+01
9.963244e-01 9.569822e-03 -8.512359e-02 -4.430151e+00 -7.896801e-03 9.997694e-01 1.996908e-02 -3.009681e-01 8.529506e-02 -1.922348e-02 9.961703e-01 6.929676e+01
9.962432e-01 1.128113e-02 -8.586163e-02 -4.522247e+00 -9.282460e-03 9.996774e-01 2.364160e-02 -2.944631e-01 8.610064e-02 -2.275578e-02 9.960265e-01 7.003590e+01
9.960409e-01 1.697612e-02 -8.726015e-02 -4.613152e+00 -1.474981e-02 9.995506e-01 2.609535e-02 -2.997310e-01 8.766393e-02 -2.470496e-02 9.958437e-01 7.083688e+01
9.958304e-01 2.121434e-02 -8.872300e-02 -4.686146e+00 -1.928902e-02 9.995607e-01 2.250187e-02 -3.035573e-01 8.916140e-02 -2.069667e-02 9.958022e-01 7.164438e+01
9.957522e-01 1.896662e-02 -9.009882e-02 -4.768075e+00 -1.761029e-02 9.997197e-01 1.582504e-02 -2.999755e-01 9.037371e-02 -1.417115e-02 9.958071e-01 7.245997e+01
9.956064e-01 1.928320e-02 -9.162992e-02 -4.842728e+00 -1.838743e-02 9.997746e-01 1.061021e-02 -3.115388e-01 9.181387e-02 -8.878754e-03 9.957366e-01 7.323543e+01
9.955615e-01 1.965483e-02 -9.203787e-02 -4.918679e+00 -1.886928e-02 9.997778e-01 9.397591e-03 -3.061652e-01 9.220213e-02 -7.619192e-03 9.957111e-01 7.397312e+01
9.954137e-01 2.284261e-02 -9.289653e-02 -5.002163e+00 -2.172358e-02 9.996790e-01 1.303958e-02 -3.109209e-01 9.316457e-02 -1.096173e-02 9.955904e-01 7.472308e+01
9.952965e-01 2.289460e-02 -9.413107e-02 -5.068653e+00 -2.152454e-02 9.996475e-01 1.554452e-02 -3.235626e-01 9.445377e-02 -1.344528e-02 9.954385e-01 7.539391e+01
9.952967e-01 2.013220e-02 -9.475840e-02 -5.169878e+00 -1.904137e-02 9.997418e-01 1.240193e-02 -3.328935e-01 9.498361e-02 -1.053927e-02 9.954230e-01 7.613056e+01
9.953898e-01 1.139163e-02 -9.523393e-02 -5.191664e+00 -1.076410e-02 9.999169e-01 7.100455e-03 -3.345912e-01 9.530690e-02 -6.042612e-03 9.954296e-01 7.667677e+01
9.955572e-01 7.570396e-03 -9.385308e-02 -5.269172e+00 -7.364416e-03 9.999697e-01 2.540867e-03 -3.391148e-01 9.386946e-02 -1.838406e-03 9.955828e-01 7.750800e+01
9.958456e-01 9.962131e-03 -9.051172e-02 -5.343560e+00 -9.805489e-03 9.999496e-01 2.175137e-03 -3.385377e-01 9.052882e-02 -1.278589e-03 9.958930e-01 7.813622e+01
9.960973e-01 1.514778e-02 -8.695213e-02 -5.379219e+00 -1.474057e-02 9.998772e-01 5.323379e-03 -3.436580e-01 8.702210e-02 -4.020880e-03 9.961983e-01 7.882169e+01
9.965447e-01 1.284932e-02 -8.205783e-02 -5.440328e+00 -1.222339e-02 9.998923e-01 8.125820e-03 -3.422106e-01 8.215339e-02 -7.094719e-03 9.965944e-01 7.942944e+01
9.969960e-01 8.986951e-03 -7.692988e-02 -5.460651e+00 -8.037267e-03 9.998878e-01 1.264551e-02 -3.527770e-01 7.703489e-02 -1.198922e-02 9.969563e-01 8.005233e+01
9.976332e-01 4.419247e-03 -6.861893e-02 -5.492223e+00 -3.305968e-03 9.998612e-01 1.632917e-02 -3.638037e-01 6.868157e-02 -1.606367e-02 9.975093e-01 8.065710e+01
9.982911e-01 7.395219e-03 -5.796678e-02 -5.538982e+00 -6.465560e-03 9.998477e-01 1.620898e-02 -3.613700e-01 5.807782e-02 -1.580649e-02 9.981869e-01 8.126993e+01
9.990361e-01 1.142085e-02 -4.238399e-02 -5.565750e+00 -1.075038e-02 9.998140e-01 1.601329e-02 -3.639297e-01 4.255899e-02 -1.554221e-02 9.989731e-01 8.180904e+01
9.995728e-01 1.630150e-02 -2.425954e-02 -5.590661e+00 -1.590001e-02 9.997349e-01 1.665173e-02 -3.621594e-01 2.452455e-02 -1.625889e-02 9.995670e-01 8.231661e+01
9.998879e-01 1.468843e-02 -2.902653e-03 -5.555082e+00 -1.463681e-02 9.997471e-01 1.707220e-02 -3.603106e-01 3.152683e-03 -1.702780e-02 9.998500e-01 8.280001e+01
9.996639e-01 1.083327e-02 2.355284e-02 -5.522580e+00 -1.124702e-02 9.997835e-01 1.750620e-02 -3.545587e-01 -2.335810e-02 -1.776522e-02 9.995693e-01 8.324860e+01
9.985935e-01 9.260993e-03 5.220409e-02 -5.473275e+00 -1.026418e-02 9.997671e-01 1.898142e-02 -3.555997e-01 -5.201615e-02 -1.949056e-02 9.984560e-01 8.369650e+01
9.962923e-01 9.359785e-03 8.552228e-02 -5.420733e+00 -1.122946e-02 9.997078e-01 2.140705e-02 -3.682319e-01 -8.529692e-02 -2.228804e-02 9.961063e-01 8.416235e+01
9.923596e-01 9.985296e-03 1.229742e-01 -5.329151e+00 -1.275017e-02 9.996828e-01 2.171692e-02 -3.638714e-01 -1.227184e-01 -2.311894e-02 9.921722e-01 8.467835e+01
9.862922e-01 1.043274e-02 1.646781e-01 -5.217909e+00 -1.425151e-02 9.996558e-01 2.202481e-02 -3.652149e-01 -1.643916e-01 -2.406981e-02 9.861014e-01 8.514175e+01
9.775952e-01 1.059030e-02 2.102271e-01 -5.103928e+00 -1.554843e-02 9.996383e-01 2.194583e-02 -3.668669e-01 -2.099186e-01 -2.472284e-02 9.774063e-01 8.558417e+01
9.656987e-01 1.129816e-02 2.594194e-01 -4.971217e+00 -1.715628e-02 9.996461e-01 2.032861e-02 -3.732587e-01 -2.590979e-01 -2.408199e-02 9.655508e-01 8.604781e+01
9.495512e-01 1.016516e-02 3.134474e-01 -4.810921e+00 -1.701482e-02 9.996723e-01 1.912477e-02 -3.934042e-01 -3.131503e-01 -2.349320e-02 9.494129e-01 8.649055e+01
9.289057e-01 9.427278e-03 3.701963e-01 -4.637604e+00 -1.689637e-02 9.997138e-01 1.693845e-02 -3.969336e-01 -3.699307e-01 -2.198919e-02 9.287991e-01 8.690346e+01
9.032573e-01 9.661741e-03 4.289907e-01 -4.449458e+00 -1.750776e-02 9.997438e-01 1.434703e-02 -3.939851e-01 -4.287422e-01 -2.046972e-02 9.031950e-01 8.730093e+01
8.727197e-01 1.031463e-02 4.881127e-01 -4.259392e+00 -1.803994e-02 9.997754e-01 1.112755e-02 -3.877111e-01 -4.878882e-01 -1.851676e-02 8.727097e-01 8.765654e+01
8.385066e-01 7.758078e-03 5.448362e-01 -4.018679e+00 -1.557514e-02 9.998313e-01 9.733360e-03 -4.034776e-01 -5.446687e-01 -1.664739e-02 8.384861e-01 8.798382e+01
8.034481e-01 1.703361e-03 5.953723e-01 -3.678861e+00 -1.395173e-02 9.997752e-01 1.596734e-02 -4.752729e-01 -5.952113e-01 -2.113540e-02 8.032913e-01 8.829856e+01
7.683140e-01 3.603241e-03 6.400630e-01 -3.285163e+00 -1.665074e-02 9.997582e-01 1.435895e-02 -4.597720e-01 -6.398566e-01 -2.168970e-02 7.681882e-01 8.852900e+01
7.329780e-01 1.669952e-03 6.802503e-01 -2.850960e+00 -1.718420e-02 9.997233e-01 1.606196e-02 -4.651902e-01 -6.800353e-01 -2.346263e-02 7.328039e-01 8.869908e+01
6.950448e-01 7.683321e-04 7.189661e-01 -2.436278e+00 -1.640989e-02 9.997559e-01 1.479550e-02 -4.558134e-01 -7.187791e-01 -2.208169e-02 6.948877e-01 8.885014e+01
6.551611e-01 -1.925556e-03 7.554867e-01 -2.042965e+00 -1.096308e-02 9.998672e-01 1.205565e-02 -4.526813e-01 -7.554097e-01 -1.618085e-02 6.550530e-01 8.899549e+01
6.124296e-01 -6.050269e-03 7.905020e-01 -1.689141e+00 -2.379415e-03 9.999521e-01 9.496755e-03 -4.453357e-01 -7.905215e-01 -7.697026e-03 6.123859e-01 8.913622e+01
5.680022e-01 -4.519961e-03 8.230147e-01 -1.314923e+00 -7.423907e-03 9.999161e-01 1.061509e-02 -4.735591e-01 -8.229936e-01 -1.213938e-02 5.679210e-01 8.931509e+01
5.228013e-01 -2.747166e-03 8.524501e-01 -9.122013e-01 -1.481081e-02 9.998146e-01 1.230543e-02 -5.074798e-01 -8.523259e-01 -1.905877e-02 5.226637e-01 8.950111e+01
4.793459e-01 -8.045987e-04 8.776257e-01 -5.251933e-01 -1.842520e-02 9.997699e-01 1.098015e-02 -5.240136e-01 -8.774326e-01 -2.143372e-02 4.792207e-01 8.963899e+01
4.384640e-01 -4.521810e-03 8.987374e-01 -7.415465e-02 -8.786071e-03 9.999180e-01 9.317310e-03 -5.208441e-01 -8.987058e-01 -1.198167e-02 4.383883e-01 8.978648e+01
4.000897e-01 -1.210256e-02 9.163961e-01 3.845611e-01 7.886572e-03 9.999213e-01 9.762453e-03 -5.061982e-01 -9.164420e-01 3.321365e-03 4.001537e-01 8.990742e+01
3.664877e-01 -1.637897e-02 9.302788e-01 8.030126e-01 1.103279e-02 9.998512e-01 1.325747e-02 -5.117812e-01 -9.303576e-01 5.404870e-03 3.666139e-01 9.000742e+01
3.344416e-01 -1.231227e-02 9.423361e-01 1.177553e+00 8.244870e-03 9.999146e-01 1.013841e-02 -5.101482e-01 -9.423804e-01 4.378732e-03 3.345146e-01 9.011980e+01
3.039498e-01 -4.910741e-03 9.526754e-01 1.581928e+00 -3.912725e-03 9.999719e-01 6.402889e-03 -5.234983e-01 -9.526801e-01 -5.673714e-03 3.039221e-01 9.025355e+01
2.767291e-01 -7.322609e-04 9.609477e-01 1.985368e+00 -8.749841e-03 9.999563e-01 3.281723e-03 -5.370481e-01 -9.609081e-01 -9.316288e-03 2.767106e-01 9.033720e+01
2.516595e-01 6.839621e-04 9.678157e-01 2.370460e+00 -6.869862e-03 9.999758e-01 1.079670e-03 -5.430686e-01 -9.677916e-01 -6.920469e-03 2.516581e-01 9.041351e+01
2.290146e-01 2.072592e-03 9.734208e-01 2.736222e+00 1.674807e-04 9.999976e-01 -2.168582e-03 -5.427936e-01 -9.734229e-01 6.596659e-04 2.290137e-01 9.045923e+01
2.086670e-01 7.812030e-03 9.779556e-01 3.108050e+00 6.205273e-03 9.999374e-01 -9.311648e-03 -5.441087e-01 -9.779671e-01 8.011516e-03 2.086055e-01 9.052040e+01
1.896297e-01 1.444876e-02 9.817494e-01 3.468765e+00 7.795115e-03 9.998381e-01 -1.622065e-02 -5.313246e-01 -9.818248e-01 1.072877e-02 1.894863e-01 9.055233e+01
1.723601e-01 1.504731e-02 9.849192e-01 3.702288e+00 4.937718e-03 9.998575e-01 -1.613964e-02 -5.335099e-01 -9.850217e-01 7.645083e-03 1.722613e-01 9.061575e+01
1.576354e-01 1.102312e-02 9.874359e-01 3.836601e+00 2.452255e-03 9.999303e-01 -1.155408e-02 -5.413888e-01 -9.874944e-01 4.242776e-03 1.575974e-01 9.063438e+01
1.432344e-01 7.757837e-03 9.896584e-01 3.937630e+00 1.508818e-04 9.999691e-01 -7.860499e-03 -5.487030e-01 -9.896888e-01 1.275215e-03 1.432288e-01 9.066005e+01
1.298431e-01 5.472892e-03 9.915195e-01 4.059862e+00 -1.508984e-03 9.999847e-01 -5.322011e-03 -5.617287e-01 -9.915335e-01 -8.051601e-04 1.298494e-01 9.066490e+01
1.178579e-01 3.898536e-03 9.930229e-01 4.140024e+00 2.496267e-03 9.999880e-01 -4.222153e-03 -5.687159e-01 -9.930274e-01 2.976465e-03 1.178468e-01 9.071734e+01
1.077167e-01 4.599119e-03 9.941711e-01 4.272270e+00 6.059030e-03 9.999677e-01 -5.282422e-03 -5.696495e-01 -9.941633e-01 6.592717e-03 1.076854e-01 9.072210e+01
1.004521e-01 4.874212e-03 9.949301e-01 4.399016e+00 7.863916e-03 9.999529e-01 -5.692793e-03 -5.686082e-01 -9.949110e-01 8.395899e-03 1.004090e-01 9.069868e+01
9.562480e-02 4.959008e-03 9.954051e-01 4.574142e+00 1.022630e-02 9.999299e-01 -5.963952e-03 -5.676118e-01 -9.953649e-01 1.074961e-02 9.556741e-02 9.069249e+01
9.189510e-02 6.056556e-03 9.957504e-01 4.860321e+00 8.939212e-03 9.999362e-01 -6.906993e-03 -5.614738e-01 -9.957287e-01 9.535942e-03 9.183508e-02 9.063084e+01
8.586806e-02 7.077063e-03 9.962814e-01 5.094667e+00 9.914281e-03 9.999192e-01 -7.957402e-03 -5.668405e-01 -9.962572e-01 1.056070e-02 8.579093e-02 9.065721e+01
8.123112e-02 5.498680e-03 9.966801e-01 5.706867e+00 1.309025e-02 9.998927e-01 -6.583281e-03 -5.827247e-01 -9.966093e-01 1.358156e-02 8.115047e-02 9.070634e+01
7.837111e-02 5.223715e-03 9.969105e-01 6.333529e+00 1.461102e-02 9.998729e-01 -6.387868e-03 -5.865561e-01 -9.968172e-01 1.506651e-02 7.828486e-02 9.075113e+01
7.595760e-02 4.964114e-03 9.970987e-01 6.975155e+00 1.614215e-02 9.998505e-01 -6.207500e-03 -5.887240e-01 -9.969804e-01 1.656682e-02 7.586610e-02 9.079781e+01
7.293582e-02 3.615363e-03 9.973301e-01 7.694619e+00 1.660124e-02 9.998505e-01 -4.838566e-03 -6.004731e-01 -9.971985e-01 1.690982e-02 7.286489e-02 9.083253e+01
7.198840e-02 2.988368e-03 9.974010e-01 8.365604e+00 2.147795e-02 9.997590e-01 -4.545627e-03 -6.055847e-01 -9.971742e-01 2.174937e-02 7.190686e-02 9.088511e+01
7.195055e-02 3.180972e-03 9.974031e-01 9.018932e+00 2.250445e-02 9.997352e-01 -4.811832e-03 -6.052448e-01 -9.971543e-01 2.279223e-02 7.185990e-02 9.094589e+01
7.355434e-02 2.861814e-03 9.972871e-01 9.766127e+00 2.503673e-02 9.996754e-01 -4.715237e-03 -6.116981e-01 -9.969769e-01 2.531564e-02 7.345885e-02 9.101635e+01
7.727677e-02 1.880982e-03 9.970079e-01 1.049426e+01 2.681476e-02 9.996325e-01 -3.964310e-03 -6.226786e-01 -9.966490e-01 2.704087e-02 7.719791e-02 9.105610e+01
8.106077e-02 1.284094e-03 9.967085e-01 1.081039e+01 2.525450e-02 9.996755e-01 -3.341832e-03 -6.247230e-01 -9.963893e-01 2.544227e-02 8.100206e-02 9.106461e+01
8.579606e-02 3.860023e-04 9.963128e-01 1.153400e+01 2.739263e-02 9.996210e-01 -2.746166e-03 -6.174174e-01 -9.959362e-01 2.752723e-02 8.575296e-02 9.112000e+01
8.966339e-02 -1.386893e-03 9.959712e-01 1.216147e+01 2.777960e-02 9.996135e-01 -1.108926e-03 -6.198505e-01 -9.955847e-01 2.776711e-02 8.966726e-02 9.117152e+01
9.469080e-02 -2.874964e-03 9.955027e-01 1.292706e+01 2.401568e-02 9.997114e-01 6.027779e-04 -6.195367e-01 -9.952171e-01 2.385060e-02 9.473252e-02 9.120231e+01
9.866315e-02 -4.050035e-03 9.951126e-01 1.372902e+01 2.318943e-02 9.997295e-01 1.769647e-03 -6.235116e-01 -9.948506e-01 2.290149e-02 9.873039e-02 9.129898e+01
1.030161e-01 -2.978220e-03 9.946752e-01 1.457124e+01 2.116195e-02 9.997758e-01 8.017995e-04 -6.271745e-01 -9.944545e-01 2.096667e-02 1.030561e-01 9.139214e+01
1.063480e-01 1.335890e-03 9.943282e-01 1.537096e+01 1.991772e-02 9.997956e-01 -3.473530e-03 -6.342332e-01 -9.941296e-01 2.017416e-02 1.062996e-01 9.147775e+01
1.070843e-01 6.469714e-03 9.942289e-01 1.624017e+01 1.417141e-02 9.998673e-01 -8.032750e-03 -6.427917e-01 -9.941490e-01 1.494981e-02 1.069785e-01 9.162373e+01
1.067662e-01 9.882592e-03 9.942350e-01 1.702464e+01 1.229830e-02 9.998610e-01 -1.125917e-02 -6.519517e-01 -9.942081e-01 1.342950e-02 1.066298e-01 9.172213e+01
1.072279e-01 9.768723e-03 9.941865e-01 1.789209e+01 1.073844e-02 9.998820e-01 -1.098288e-02 -6.584844e-01 -9.941764e-01 1.185368e-02 1.071103e-01 9.181721e+01
1.075658e-01 8.308489e-03 9.941634e-01 1.880118e+01 6.840200e-03 9.999352e-01 -9.096818e-03 -6.839259e-01 -9.941745e-01 7.778782e-03 1.075019e-01 9.191820e+01
1.074896e-01 7.711167e-03 9.941764e-01 1.962979e+01 8.596946e-03 9.999253e-01 -8.685254e-03 -6.827059e-01 -9.941691e-01 9.480456e-03 1.074153e-01 9.201735e+01
1.081979e-01 7.430634e-03 9.941018e-01 2.044913e+01 6.770140e-03 9.999434e-01 -8.211162e-03 -6.960460e-01 -9.941065e-01 7.618640e-03 1.081415e-01 9.210637e+01
1.083073e-01 7.624325e-03 9.940884e-01 2.131530e+01 3.034424e-03 9.999634e-01 -7.999990e-03 -7.204058e-01 -9.941130e-01 3.882943e-03 1.082802e-01 9.220943e+01
1.090599e-01 8.400763e-03 9.939997e-01 2.216774e+01 5.828292e-04 9.999636e-01 -8.515114e-03 -7.396835e-01 -9.940351e-01 1.507989e-03 1.090510e-01 9.229500e+01
1.078331e-01 9.416926e-03 9.941245e-01 2.300140e+01 -2.077038e-03 9.999551e-01 -9.246860e-03 -7.641985e-01 -9.941669e-01 -1.067717e-03 1.078478e-01 9.239108e+01
1.052111e-01 9.254388e-03 9.944069e-01 2.381647e+01 -4.768072e-03 9.999499e-01 -8.801498e-03 -7.699829e-01 -9.944385e-01 -3.815388e-03 1.052500e-01 9.248006e+01
1.019046e-01 7.910779e-03 9.947627e-01 2.468536e+01 -4.252593e-03 9.999627e-01 -7.516492e-03 -7.796723e-01 -9.947851e-01 -3.464357e-03 1.019344e-01 9.256973e+01
9.807754e-02 5.599879e-03 9.951630e-01 2.551346e+01 -5.415170e-03 9.999723e-01 -5.093254e-03 -7.933576e-01 -9.951640e-01 -4.889443e-03 9.810513e-02 9.263695e+01
9.269655e-02 3.237573e-03 9.956892e-01 2.633809e+01 -6.218933e-03 9.999771e-01 -2.672546e-03 -8.083607e-01 -9.956750e-01 -5.944388e-03 9.271455e-02 9.270648e+01
8.665210e-02 2.677198e-03 9.962350e-01 2.716542e+01 -5.740845e-03 9.999811e-01 -2.187928e-03 -8.240147e-01 -9.962221e-01 -5.529642e-03 8.666587e-02 9.276708e+01
7.877505e-02 3.921051e-03 9.968848e-01 2.796721e+01 -5.651284e-03 9.999779e-01 -3.486646e-03 -8.346650e-01 -9.968765e-01 -5.359018e-03 7.879543e-02 9.281075e+01
6.883639e-02 4.256038e-03 9.976189e-01 2.880031e+01 -4.439288e-03 9.999823e-01 -3.959807e-03 -8.430564e-01 -9.976181e-01 -4.156138e-03 6.885409e-02 9.287547e+01
5.909997e-02 3.598740e-03 9.982457e-01 2.962613e+01 -2.622182e-03 9.999906e-01 -3.449787e-03 -8.488054e-01 -9.982488e-01 -2.413698e-03 5.910885e-02 9.292297e+01
4.922009e-02 2.989800e-03 9.987835e-01 3.040624e+01 -1.742915e-03 9.999943e-01 -2.907534e-03 -8.560226e-01 -9.987864e-01 -1.597686e-03 4.922503e-02 9.295584e+01
3.850132e-02 2.850663e-03 9.992545e-01 3.117807e+01 -2.167895e-03 9.999938e-01 -2.769243e-03 -8.649717e-01 -9.992563e-01 -2.059659e-03 3.850728e-02 9.297787e+01
2.808958e-02 3.061328e-03 9.996007e-01 3.192633e+01 -1.756397e-03 9.999939e-01 -3.013176e-03 -8.666611e-01 -9.996039e-01 -1.671057e-03 2.809483e-02 9.298753e+01
1.655930e-02 3.863152e-03 9.998555e-01 3.263216e+01 -2.209391e-03 9.999902e-01 -3.827081e-03 -8.744487e-01 -9.998605e-01 -2.145697e-03 1.656765e-02 9.301226e+01
3.856659e-03 4.551450e-03 9.999824e-01 3.312044e+01 -3.483144e-03 9.999836e-01 -4.538022e-03 -8.826702e-01 -9.999866e-01 -3.465579e-03 3.872454e-03 9.307526e+01
-8.411407e-03 5.208225e-03 9.999512e-01 3.347315e+01 -2.785628e-03 9.999824e-01 -5.231820e-03 -8.872966e-01 -9.999610e-01 -2.829498e-03 -8.396745e-03 9.312603e+01
-1.957905e-02 6.001893e-03 9.997903e-01 3.412956e+01 -1.860590e-03 9.999800e-01 -6.039469e-03 -8.964294e-01 -9.998065e-01 -1.978448e-03 -1.956749e-02 9.315954e+01
-3.136110e-02 6.670932e-03 9.994859e-01 3.478720e+01 -9.263178e-04 9.999771e-01 -6.703276e-03 -9.031146e-01 -9.995077e-01 -1.136064e-03 -3.135419e-02 9.319236e+01
-4.168665e-02 6.753760e-03 9.991080e-01 3.549157e+01 -6.007239e-04 9.999768e-01 -6.784698e-03 -9.203724e-01 -9.991306e-01 -8.830192e-04 -4.168165e-02 9.317779e+01
-4.979694e-02 6.323646e-03 9.987395e-01 3.621819e+01 -4.765762e-05 9.999799e-01 -6.333877e-03 -9.302297e-01 -9.987595e-01 -3.630038e-04 -4.979563e-02 9.312897e+01
-5.738175e-02 6.036053e-03 9.983341e-01 3.690817e+01 3.595985e-03 9.999765e-01 -5.839295e-03 -9.424759e-01 -9.983459e-01 3.254925e-03 -5.740213e-02 9.309316e+01
-6.244493e-02 3.782638e-03 9.980413e-01 3.762766e+01 6.549931e-03 9.999728e-01 -3.380146e-03 -9.609895e-01 -9.980269e-01 6.326029e-03 -6.246805e-02 9.304347e+01
-6.702602e-02 2.548349e-03 9.977481e-01 3.834542e+01 9.502669e-03 9.999530e-01 -1.915619e-03 -9.675148e-01 -9.977061e-01 9.352872e-03 -6.704700e-02 9.299999e+01
-6.886733e-02 1.355446e-03 9.976251e-01 3.911040e+01 1.267972e-02 9.999195e-01 -4.832697e-04 -9.822874e-01 -9.975454e-01 1.261632e-02 -6.887901e-02 9.293299e+01
-7.067454e-02 2.106654e-04 9.974993e-01 3.977346e+01 9.677608e-03 9.999530e-01 4.744921e-04 -9.879333e-01 -9.974524e-01 9.686942e-03 -7.067335e-02 9.289377e+01
-7.165515e-02 5.383795e-04 9.974293e-01 4.045016e+01 1.216806e-02 9.999259e-01 3.344239e-04 -1.006215e+00 -9.973552e-01 1.216074e-02 -7.165635e-02 9.285538e+01
-7.109320e-02 1.610805e-03 9.974684e-01 4.116507e+01 1.321387e-02 9.999124e-01 -6.729515e-04 -1.015340e+00 -9.973821e-01 1.313258e-02 -7.110822e-02 9.280471e+01
-6.781828e-02 3.042263e-03 9.976931e-01 4.184517e+01 1.553993e-02 9.998773e-01 -1.992596e-03 -1.034780e+00 -9.975767e-01 1.536894e-02 -6.785727e-02 9.275228e+01
-6.347287e-02 3.968718e-03 9.979758e-01 4.243822e+01 1.568174e-02 9.998726e-01 -2.978879e-03 -1.042777e+00 -9.978605e-01 1.546091e-02 -6.352699e-02 9.273349e+01
-5.436182e-02 5.243744e-03 9.985076e-01 4.310573e+01 1.619419e-02 9.998593e-01 -4.369181e-03 -1.052733e+00 -9.983900e-01 1.593251e-02 -5.443907e-02 9.267038e+01
-4.402232e-02 5.243310e-03 9.990168e-01 4.366689e+01 1.545188e-02 9.998702e-01 -4.566893e-03 -1.066476e+00 -9.989111e-01 1.523565e-02 -4.409754e-02 9.267287e+01
-3.012085e-02 5.342054e-03 9.995320e-01 4.421561e+01 1.477585e-02 9.998788e-01 -4.898637e-03 -1.074403e+00 -9.994370e-01 1.462138e-02 -3.019619e-02 9.266645e+01
-1.265895e-02 6.825559e-03 9.998966e-01 4.477587e+01 1.356651e-02 9.998859e-01 -6.653732e-03 -1.080198e+00 -9.998279e-01 1.348088e-02 -1.275003e-02 9.266198e+01
9.514034e-03 1.038490e-02 9.999008e-01 4.531548e+01 1.400720e-02 9.998466e-01 -1.051761e-02 -1.075245e+00 -9.998567e-01 1.410587e-02 9.367168e-03 9.266965e+01
3.560865e-02 1.437429e-02 9.992626e-01 4.586339e+01 1.300044e-02 9.998053e-01 -1.484537e-02 -1.073235e+00 -9.992814e-01 1.351948e-02 3.541487e-02 9.268619e+01
6.543726e-02 1.498336e-02 9.977443e-01 4.636949e+01 1.031512e-02 9.998237e-01 -1.569111e-02 -1.099837e+00 -9.978034e-01 1.131863e-02 6.527120e-02 9.270750e+01
1.001001e-01 1.580184e-02 9.948519e-01 4.693080e+01 7.955287e-03 9.998292e-01 -1.668135e-02 -1.102132e+00 -9.949456e-01 9.584137e-03 9.995729e-02 9.275373e+01
1.386943e-01 1.335384e-02 9.902453e-01 4.751108e+01 5.141661e-03 9.998859e-01 -1.420399e-02 -1.118070e+00 -9.903220e-01 7.061520e-03 1.386098e-01 9.283296e+01
1.819622e-01 1.066006e-02 9.832479e-01 4.803136e+01 4.958419e-03 9.999186e-01 -1.175842e-02 -1.122580e+00 -9.832932e-01 7.014943e-03 1.818945e-01 9.293681e+01
2.261334e-01 7.359030e-03 9.740685e-01 4.854263e+01 3.523227e-03 9.999588e-01 -8.372558e-03 -1.129439e+00 -9.740900e-01 5.325180e-03 2.260981e-01 9.309236e+01
2.722714e-01 3.896388e-03 9.622126e-01 4.904020e+01 -7.461210e-04 9.999924e-01 -3.838248e-03 -1.148230e+00 -9.622202e-01 3.271179e-04 2.722722e-01 9.329065e+01
3.192583e-01 2.650686e-03 9.476640e-01 4.964483e+01 -6.980632e-03 9.999756e-01 -4.453011e-04 -1.163763e+00 -9.476420e-01 -6.473127e-03 3.192690e-01 9.353908e+01
3.701340e-01 5.134128e-03 9.289642e-01 5.013701e+01 -4.842475e-03 9.999818e-01 -3.597200e-03 -1.139446e+00 -9.289657e-01 -3.167040e-03 3.701521e-01 9.380592e+01
4.203571e-01 4.199940e-03 9.073491e-01 5.059664e+01 -3.058048e-03 9.999902e-01 -3.212024e-03 -1.168382e+00 -9.073536e-01 -1.424519e-03 4.203659e-01 9.415723e+01
4.731744e-01 1.280060e-02 8.808758e-01 5.098098e+01 1.482754e-03 9.998814e-01 -1.532643e-02 -1.119323e+00 -8.809676e-01 8.558196e-03 4.730994e-01 9.450435e+01
5.119215e-01 2.279224e-02 8.587298e-01 5.117151e+01 4.892388e-03 9.995544e-01 -2.944651e-02 -1.050004e+00 -8.590183e-01 1.927554e-02 5.115819e-01 9.510455e+01
5.373344e-01 5.501413e-02 8.415730e-01 5.120310e+01 -9.375842e-03 9.981982e-01 -5.926644e-02 -8.247465e-01 -8.433172e-01 2.395545e-02 5.368820e-01 9.591784e+01
5.587912e-01 6.282912e-02 8.269250e-01 5.120697e+01 2.166506e-02 9.956797e-01 -9.029106e-02 -6.062184e-01 -8.290254e-01 6.836923e-02 5.550159e-01 9.693335e+01
5.673370e-01 1.025421e-01 8.170764e-01 5.117972e+01 5.016399e-03 9.917681e-01 -1.279489e-01 -3.459418e-01 -8.234704e-01 7.668893e-02 5.621524e-01 9.805687e+01
6.192912e-01 1.118281e-01 7.771569e-01 5.155641e+01 -1.314819e-02 9.911436e-01 -1.321421e-01 -3.600528e-01 -7.850513e-01 7.161622e-02 6.152768e-01 9.842921e+01
6.708870e-01 1.084058e-01 7.335931e-01 5.191771e+01 -2.440117e-02 9.919485e-01 -1.242685e-01 -4.407877e-01 -7.411580e-01 6.546961e-02 6.681306e-01 9.879593e+01
7.186163e-01 1.045903e-01 6.874965e-01 5.221703e+01 -3.274565e-02 9.926177e-01 -1.167811e-01 -4.954080e-01 -6.946355e-01 6.140832e-02 7.167361e-01 9.917255e+01
7.622066e-01 9.993110e-02 6.395740e-01 5.252030e+01 -4.061245e-02 9.934483e-01 -1.068231e-01 -5.823400e-01 -6.460586e-01 5.544663e-02 7.612712e-01 9.960132e+01
7.998788e-01 9.947002e-02 5.918611e-01 5.278466e+01 -5.013293e-02 9.937971e-01 -9.926780e-02 -6.126044e-01 -5.980640e-01 4.973048e-02 7.999039e-01 1.000200e+02
8.309168e-01 9.984779e-02 5.473642e-01 5.302258e+01 -5.955073e-02 9.940748e-01 -9.093479e-02 -6.735413e-01 -5.532006e-01 4.296331e-02 8.319395e-01 1.005451e+02
8.564162e-01 1.015299e-01 5.062044e-01 5.322524e+01 -6.750780e-02 9.940768e-01 -8.517063e-02 -7.242888e-01 -5.118535e-01 3.876877e-02 8.581976e-01 1.010165e+02
8.762790e-01 1.061204e-01 4.699719e-01 5.341580e+01 -7.746903e-02 9.937836e-01 -7.995416e-02 -7.674393e-01 -4.755351e-01 3.365389e-02 8.790528e-01 1.015304e+02
8.923886e-01 1.106858e-01 4.374827e-01 5.356337e+01 -8.440796e-02 9.932843e-01 -7.912952e-02 -8.003287e-01 -4.433033e-01 3.368727e-02 8.957385e-01 1.019513e+02
9.055957e-01 1.129855e-01 4.088163e-01 5.371417e+01 -8.907564e-02 9.930340e-01 -7.712979e-02 -8.274291e-01 -4.146830e-01 3.343283e-02 9.093516e-01 1.023666e+02
9.151536e-01 1.080840e-01 3.883448e-01 5.381823e+01 -8.499514e-02 9.934629e-01 -7.620516e-02 -8.402224e-01 -3.940427e-01 3.673201e-02 9.183578e-01 1.025965e+02
9.217457e-01 1.055080e-01 3.731661e-01 5.389134e+01 -8.343206e-02 9.936967e-01 -7.487238e-02 -8.514494e-01 -3.787136e-01 3.787928e-02 9.247384e-01 1.027493e+02
9.258932e-01 1.092752e-01 3.616360e-01 5.391512e+01 -8.819406e-02 9.933247e-01 -7.434941e-02 -8.425413e-01 -3.673465e-01 3.694547e-02 9.293501e-01 1.028687e+02
9.286854e-01 1.144842e-01 3.527561e-01 5.391169e+01 -9.449878e-02 9.928134e-01 -7.342707e-02 -8.366259e-01 -3.586273e-01 3.485561e-02 9.328299e-01 1.029132e+02
9.300500e-01 1.209200e-01 3.469659e-01 5.391186e+01 -1.012432e-01 9.920787e-01 -7.436159e-02 -8.256445e-01 -3.532093e-01 3.403207e-02 9.349251e-01 1.029702e+02
9.302906e-01 1.263386e-01 3.443805e-01 5.391206e+01 -1.059715e-01 9.913508e-01 -7.741898e-02 -8.194502e-01 -3.511829e-01 3.552763e-02 9.356326e-01 1.030665e+02
9.301932e-01 1.283657e-01 3.438935e-01 5.389653e+01 -1.073381e-01 9.910320e-01 -7.958680e-02 -8.261302e-01 -3.510257e-01 3.711823e-02 9.356298e-01 1.031342e+02
9.298906e-01 1.264931e-01 3.454025e-01 5.390699e+01 -1.038397e-01 9.910912e-01 -8.340023e-02 -8.276660e-01 -3.528749e-01 4.168660e-02 9.347414e-01 1.032052e+02
9.281466e-01 1.279345e-01 3.495378e-01 5.389599e+01 -1.029970e-01 9.906824e-01 -8.910659e-02 -8.476751e-01 -3.576808e-01 4.670263e-02 9.326754e-01 1.033098e+02
9.271836e-01 1.248317e-01 3.531963e-01 5.388902e+01 -9.852862e-02 9.909120e-01 -9.157263e-02 -8.752064e-01 -3.614176e-01 5.010470e-02 9.310569e-01 1.033834e+02
9.249640e-01 1.293786e-01 3.573553e-01 5.386934e+01 -1.033596e-01 9.904668e-01 -9.106153e-02 -8.795777e-01 -3.657300e-01 4.729253e-02 9.295187e-01 1.034517e+02
9.218905e-01 1.312179e-01 3.645542e-01 5.385027e+01 -1.066947e-01 9.905036e-01 -8.671124e-02 -8.961270e-01 -3.724703e-01 4.104226e-02 9.271361e-01 1.036039e+02
9.202000e-01 1.280423e-01 3.699151e-01 5.388000e+01 -1.043016e-01 9.910281e-01 -8.357382e-02 -8.963967e-01 -3.772972e-01 3.832189e-02 9.252990e-01 1.037586e+02
9.192920e-01 1.233591e-01 3.737443e-01 5.412373e+01 -1.012713e-01 9.917765e-01 -7.825340e-02 -9.570782e-01 -3.803240e-01 3.408814e-02 9.242249e-01 1.043211e+02
9.174174e-01 1.231817e-01 3.783802e-01 5.433114e+01 -1.026312e-01 9.919562e-01 -7.409289e-02 -1.002045e+00 -3.844635e-01 2.914052e-02 9.226801e-01 1.048809e+02
9.168247e-01 1.192649e-01 3.810622e-01 5.456148e+01 -9.938093e-02 9.924760e-01 -7.151756e-02 -1.077910e+00 -3.867247e-01 2.769875e-02 9.217792e-01 1.054244e+02
9.170473e-01 1.148246e-01 3.818895e-01 5.478695e+01 -9.403172e-02 9.929083e-01 -7.274029e-02 -1.160467e+00 -3.875336e-01 3.079657e-02 9.213410e-01 1.060025e+02
9.178555e-01 1.144120e-01 3.800673e-01 5.494273e+01 -9.088802e-02 9.926956e-01 -7.933927e-02 -1.184161e+00 -3.863685e-01 3.827843e-02 9.215499e-01 1.063902e+02
9.179429e-01 1.165919e-01 3.791928e-01 5.508601e+01 -9.044760e-02 9.921713e-01 -8.611285e-02 -1.211012e+00 -3.862642e-01 4.474960e-02 9.213020e-01 1.068528e+02
9.176357e-01 1.198203e-01 3.789297e-01 5.520478e+01 -9.242725e-02 9.916667e-01 -8.974560e-02 -1.237846e+00 -3.865253e-01 4.733035e-02 9.210635e-01 1.072833e+02
9.186757e-01 1.174750e-01 3.771400e-01 5.520501e+01 -9.314696e-02 9.922551e-01 -8.217974e-02 -1.255691e+00 -3.838731e-01 4.036709e-02 9.225031e-01 1.072936e+02
9.192113e-01 1.139377e-01 3.769202e-01 5.520052e+01 -9.158308e-02 9.928336e-01 -7.677224e-02 -1.235291e+00 -3.829663e-01 3.605041e-02 9.230586e-01 1.073326e+02
9.192216e-01 1.127135e-01 3.772628e-01 5.516384e+01 -9.258144e-02 9.931602e-01 -7.114329e-02 -1.226649e+00 -3.827013e-01 3.046892e-02 9.233696e-01 1.074009e+02
9.192275e-01 1.160180e-01 3.762454e-01 5.512625e+01 -9.594674e-02 9.927990e-01 -7.172351e-02 -1.216119e+00 -3.818573e-01 2.983071e-02 9.237397e-01 1.075428e+02
9.186901e-01 1.230115e-01 3.753354e-01 5.509311e+01 -1.018860e-01 9.919113e-01 -7.570516e-02 -1.221746e+00 -3.816120e-01 3.130817e-02 9.237922e-01 1.076859e+02
9.198374e-01 1.217036e-01 3.729441e-01 5.504995e+01 -9.915535e-02 9.919202e-01 -7.913634e-02 -1.231131e+00 -3.795620e-01 3.581316e-02 9.244729e-01 1.078099e+02
9.216523e-01 1.174676e-01 3.698085e-01 5.500703e+01 -9.371907e-02 9.922481e-01 -8.161154e-02 -1.212640e+00 -3.765284e-01 4.055937e-02 9.255167e-01 1.079152e+02
9.233590e-01 1.116568e-01 3.673431e-01 5.491493e+01 -8.791553e-02 9.928457e-01 -8.079743e-02 -1.193000e+00 -3.737366e-01 4.230986e-02 9.265693e-01 1.080150e+02
9.245554e-01 1.038817e-01 3.666140e-01 5.482953e+01 -8.057386e-02 9.936636e-01 -7.836148e-02 -1.181451e+00 -3.724313e-01 4.291002e-02 9.270672e-01 1.081815e+02
9.244706e-01 1.071013e-01 3.659009e-01 5.517292e+01 -8.617129e-02 9.935939e-01 -7.311366e-02 -1.296222e+00 -3.713875e-01 3.606128e-02 9.277774e-01 1.090590e+02
