1.000000e+00 0.000000e+00 0.000000e+00 0.000000e+00 0.000000e+00 1.000000e+00 0.000000e+00 0.000000e+00 0.000000e+00 0.000000e+00 1.000000e+00 0.000000e+00
9.990987e-01 3.076923e-03 -4.233469e-02 1.896013e-01 -2.977499e-03 9.999927e-01 2.411371e-03 -1.049740e-02 4.234180e-02 -2.283146e-03 9.991006e-01 -3.681821e-01
9.999993e-01 -1.800412e-04 -1.154282e-03 2.341403e-01 1.789510e-04 9.999995e-01 -9.444955e-04 -2.148449e-02 1.154452e-03 9.442883e-04 9.999989e-01 7.425584e-01
9.990584e-01 -4.597774e-03 4.314072e-02 2.681848e-01 4.824638e-03 9.999751e-01 -5.156041e-03 -5.326539e-02 -4.311594e-02 5.359325e-03 9.990557e-01 1.935001e+00
9.961541e-01 -5.499463e-03 8.744581e-02 4.064801e-01 6.348380e-03 9.999353e-01 -9.432783e-03 -8.565324e-02 -8.738828e-02 9.951646e-03 9.961246e-01 3.297387e+00
9.912408e-01 -3.599108e-03 1.320181e-01 6.367161e-01 5.140979e-03 9.999225e-01 -1.134026e-02 -1.215760e-01 -1.319670e-01 1.191963e-02 9.911824e-01 4.481957e+00
9.843571e-01 -8.189895e-03 1.759947e-01 9.962102e-01 1.046165e-02 9.998735e-01 -1.198408e-02 -1.471692e-01 -1.758743e-01 1.363781e-02 9.843181e-01 5.591781e+00
9.751621e-01 -9.464744e-03 2.212899e-01 1.236756e+00 1.265418e-02 9.998354e-01 -1.299967e-02 -1.812073e-01 -2.211304e-01 1.547703e-02 9.751214e-01 6.616583e+00
9.643164e-01 -1.406115e-02 2.643789e-01 1.460458e+00 1.844979e-02 9.997301e-01 -1.412401e-02 -2.199961e-01 -2.641089e-01 1.849775e-02 9.643155e-01 7.599744e+00
9.515671e-01 -1.816504e-02 3.069041e-01 1.719784e+00 2.376784e-02 9.996119e-01 -1.452800e-02 -2.593276e-01 -3.065211e-01 2.111881e-02 9.516296e-01 8.589592e+00
9.367830e-01 -1.964405e-02 3.493589e-01 1.987501e+00 2.659690e-02 9.995320e-01 -1.511530e-02 -2.842775e-01 -3.488985e-01 2.345162e-02 9.368671e-01 9.368755e+00
9.205410e-01 -2.434260e-02 3.898869e-01 2.646198e+00 3.151542e-02 9.994311e-01 -1.200985e-02 -3.403530e-01 -3.893727e-01 2.334301e-02 9.207845e-01 1.057609e+01
9.021583e-01 -3.055506e-02 4.303219e-01 3.521745e+00 3.767947e-02 9.992575e-01 -8.041595e-03 -4.330884e-01 -4.297566e-01 2.346909e-02 9.026397e-01 1.210674e+01
8.805540e-01 -3.221253e-02 4.728499e-01 4.094719e+00 4.060284e-02 9.991469e-01 -7.545631e-03 -4.604255e-01 -4.722035e-01 2.584339e-02 8.811107e-01 1.313973e+01
8.573217e-01 -3.621596e-02 5.135054e-01 4.839862e+00 4.568333e-02 9.989390e-01 -5.818378e-03 -5.149681e-01 -5.127499e-01 2.844686e-02 8.580666e-01 1.437254e+01
8.321702e-01 -4.126907e-02 5.529825e-01 5.560028e+00 5.202599e-02 9.986386e-01 -3.764299e-03 -5.513995e-01 -5.520744e-01 3.190200e-02 8.331844e-01 1.545819e+01
8.066400e-01 -4.216954e-02 5.895368e-01 6.449194e+00 5.377931e-02 9.985505e-01 -2.157843e-03 -5.944383e-01 -5.885913e-01 3.344548e-02 8.077387e-01 1.648089e+01
7.786586e-01 -4.458496e-02 6.258617e-01 7.077527e+00 5.708247e-02 9.983695e-01 1.030717e-04 -5.966465e-01 -6.248458e-01 3.564547e-02 7.799340e-01 1.721774e+01
7.511781e-01 -4.431232e-02 6.586106e-01 7.934153e+00 5.782241e-02 9.983261e-01 1.219577e-03 -6.005375e-01 -6.575622e-01 3.716633e-02 7.524830e-01 1.794661e+01
7.221394e-01 -4.309443e-02 6.904039e-01 9.089065e+00 5.797639e-02 9.983165e-01 1.672715e-03 -6.154700e-01 -6.893138e-01 3.881919e-02 7.234221e-01 1.879074e+01
6.950409e-01 -4.255495e-02 7.177097e-01 1.027353e+01 6.108548e-02 9.981325e-01 2.586502e-05 -5.500822e-01 -7.163705e-01 4.382366e-02 6.963425e-01 1.899938e+01
6.674083e-01 -4.262288e-02 7.434712e-01 1.147414e+01 6.019692e-02 9.981815e-01 3.186994e-03 -5.384021e-01 -7.422550e-01 4.262765e-02 6.687604e-01 1.924051e+01
6.370206e-01 -4.158236e-02 7.697244e-01 1.266931e+01 6.314293e-02 9.980031e-01 1.657706e-03 -5.110394e-01 -7.682562e-01 4.754665e-02 6.383742e-01 1.973580e+01
6.039162e-01 -4.191538e-02 7.959449e-01 1.350751e+01 6.714638e-02 9.977419e-01 1.595518e-03 -5.307364e-01 -7.942145e-01 5.248127e-02 6.053669e-01 2.025265e+01
5.704370e-01 -4.237765e-02 8.202475e-01 1.443937e+01 7.049026e-02 9.975093e-01 2.513688e-03 -5.194340e-01 -8.183110e-01 5.638556e-02 5.720034e-01 2.068764e+01
5.375601e-01 -4.621837e-02 8.419578e-01 1.540818e+01 7.669967e-02 9.970376e-01 5.761296e-03 -5.293247e-01 -8.397299e-01 6.148085e-02 5.395126e-01 2.112309e+01
5.032369e-01 -4.718506e-02 8.628593e-01 1.655490e+01 8.003648e-02 9.967612e-01 7.828536e-03 -5.249923e-01 -8.604341e-01 6.512062e-02 5.053836e-01 2.171872e+01
4.746594e-01 -4.640422e-02 8.789456e-01 1.792775e+01 8.340810e-02 9.964867e-01 7.566738e-03 -5.029774e-01 -8.762087e-01 6.971955e-02 4.768623e-01 2.210803e+01
4.448283e-01 -4.652698e-02 8.944066e-01 1.908333e+01 8.460227e-02 9.963670e-01 9.754473e-03 -4.765638e-01 -8.916111e-01 7.132976e-02 4.471485e-01 2.253676e+01
4.145863e-01 -4.783290e-02 9.087520e-01 2.021017e+01 8.872456e-02 9.959846e-01 1.194698e-02 -4.536240e-01 -9.056745e-01 7.567556e-02 4.171655e-01 2.290142e+01
3.894136e-01 -4.640561e-02 9.198932e-01 2.207420e+01 8.973411e-02 9.958904e-01 1.225275e-02 -3.708953e-01 -9.166814e-01 7.777441e-02 3.919774e-01 2.308318e+01
3.652681e-01 -4.218775e-02 9.299460e-01 2.379387e+01 8.689234e-02 9.961563e-01 1.106149e-02 -2.865250e-01 -9.268382e-01 7.676476e-02 3.675299e-01 2.319634e+01
3.382728e-01 -4.157274e-02 9.401294e-01 2.541892e+01 8.859660e-02 9.959933e-01 1.216466e-02 -2.858088e-01 -9.368683e-01 7.917730e-02 3.406006e-01 2.349329e+01
3.119581e-01 -4.178996e-02 9.491763e-01 2.678659e+01 8.787385e-02 9.960191e-01 1.497155e-02 -2.412186e-01 -9.460234e-01 7.873728e-02 3.143885e-01 2.370674e+01
2.837577e-01 -4.070014e-02 9.580319e-01 2.806122e+01 8.878765e-02 9.959219e-01 1.601197e-02 -1.873129e-01 -9.547766e-01 8.051787e-02 2.862142e-01 2.396580e+01
2.564076e-01 -4.117092e-02 9.656915e-01 2.917153e+01 8.831175e-02 9.959115e-01 1.901103e-02 -1.621048e-01 -9.625260e-01 8.040734e-02 2.589951e-01 2.413882e+01
2.284899e-01 -4.115904e-02 9.726759e-01 3.014755e+01 8.838244e-02 9.958572e-01 2.137817e-02 -1.411205e-01 -9.695261e-01 8.108277e-02 2.311810e-01 2.437379e+01
2.032509e-01 -4.159730e-02 9.782428e-01 3.098048e+01 9.216691e-02 9.954737e-01 2.318034e-02 -1.178864e-01 -9.747792e-01 8.545017e-02 2.061648e-01 2.450053e+01
1.787519e-01 -4.237023e-02 9.829815e-01 3.168670e+01 9.333667e-02 9.952970e-01 2.592811e-02 -9.917773e-02 -9.794571e-01 8.711351e-02 1.818659e-01 2.462609e+01
1.553257e-01 -4.267303e-02 9.869413e-01 3.226336e+01 9.688400e-02 9.949082e-01 2.776981e-02 -8.854423e-02 -9.831010e-01 9.130545e-02 1.586691e-01 2.479158e+01
1.344772e-01 -4.382387e-02 9.899471e-01 3.266396e+01 1.029699e-01 9.942312e-01 3.002580e-02 -9.242984e-02 -9.855522e-01 9.789698e-02 1.382140e-01 2.496926e+01
1.162853e-01 -4.440489e-02 9.922227e-01 3.294260e+01 1.078016e-01 9.936626e-01 3.183532e-02 -8.826049e-02 -9.873483e-01 1.032612e-01 1.203353e-01 2.510071e+01
1.009654e-01 -4.514040e-02 9.938654e-01 3.318657e+01 1.120039e-01 9.931352e-01 3.372892e-02 -8.897852e-02 -9.885652e-01 1.079114e-01 1.053281e-01 2.516850e+01
8.668417e-02 -4.604178e-02 9.951714e-01 3.333958e+01 1.138925e-01 9.928401e-01 3.601335e-02 -7.950293e-02 -9.897042e-01 1.102208e-01 9.130734e-02 2.524469e+01
7.482272e-02 -4.829171e-02 9.960270e-01 3.342704e+01 1.130865e-01 9.927941e-01 3.963976e-02 -7.783458e-02 -9.907640e-01 1.096713e-01 7.974470e-02 2.522973e+01
6.256616e-02 -4.780270e-02 9.968954e-01 3.352792e+01 1.135684e-01 9.927054e-01 4.047411e-02 -6.689212e-02 -9.915583e-01 1.106835e-01 6.753868e-02 2.530906e+01
5.224228e-02 -4.585568e-02 9.975811e-01 3.365159e+01 1.123253e-01 9.928758e-01 3.975704e-02 -5.793941e-02 -9.922972e-01 1.099766e-01 5.702084e-02 2.529890e+01
4.390895e-02 -4.442038e-02 9.980476e-01 3.377608e+01 1.108276e-01 9.930614e-01 3.932260e-02 -5.000747e-02 -9.928693e-01 1.088846e-01 4.852730e-02 2.526116e+01
3.392631e-02 -4.047242e-02 9.986045e-01 3.390754e+01 1.113249e-01 9.931147e-01 3.646781e-02 -3.341923e-02 -9.932048e-01 1.099323e-01 3.819829e-02 2.535342e+01
2.595061e-02 -4.072582e-02 9.988333e-01 3.396939e+01 1.102592e-01 9.931902e-01 3.763111e-02 -4.358742e-02 -9.935640e-01 1.091540e-01 3.026426e-02 2.540288e+01
2.140486e-02 -4.024798e-02 9.989605e-01 3.409391e+01 1.091802e-01 9.933075e-01 3.768079e-02 -2.551851e-02 -9.937916e-01 1.082602e-01 2.565593e-02 2.534722e+01
1.650947e-02 -3.980891e-02 9.990709e-01 3.429475e+01 1.081060e-01 9.934206e-01 3.779734e-02 -2.463902e-02 -9.940022e-01 1.073816e-01 2.070445e-02 2.538435e+01
1.131564e-02 -3.799269e-02 9.992140e-01 3.446427e+01 1.084322e-01 9.934319e-01 3.654488e-02 -2.131427e-02 -9.940395e-01 1.079335e-01 1.536095e-02 2.546007e+01
6.991923e-03 -3.707159e-02 9.992882e-01 3.581604e+01 1.070566e-01 9.935969e-01 3.611138e-02 3.256286e-02 -9.942284e-01 1.067280e-01 1.091594e-02 2.547565e+01
3.264725e-03 -3.734651e-02 9.992970e-01 3.713950e+01 1.059625e-01 9.936893e-01 3.679075e-02 8.195941e-02 -9.943647e-01 1.057679e-01 7.201493e-03 2.553666e+01
1.018941e-03 -3.888332e-02 9.992432e-01 3.845320e+01 1.068105e-01 9.935317e-01 3.855216e-02 1.285601e-01 -9.942788e-01 1.066903e-01 5.165517e-03 2.557188e+01
-2.808094e-03 -3.973133e-02 9.992065e-01 3.985724e+01 1.051857e-01 9.936556e-01 3.980622e-02 1.859398e-01 -9.944487e-01 1.052140e-01 1.388848e-03 2.563042e+01
-4.304767e-03 -4.022265e-02 9.991814e-01 4.128704e+01 1.069509e-01 9.934410e-01 4.045235e-02 2.355505e-01 -9.942549e-01 1.070375e-01 2.527237e-05 2.560897e+01
-6.458282e-03 -3.933742e-02 9.992051e-01 4.268509e+01 1.106117e-01 9.930660e-01 3.981065e-02 2.846004e-01 -9.938427e-01 1.107809e-01 -2.062321e-03 2.567312e+01
-6.993294e-03 -3.773509e-02 9.992633e-01 4.405469e+01 1.104562e-01 9.931436e-01 3.827701e-02 3.416418e-01 -9.938564e-01 1.106425e-01 -2.777219e-03 2.570046e+01
-8.686185e-03 -3.734918e-02 9.992647e-01 4.544464e+01 1.078422e-01 9.934389e-01 3.806886e-02 3.903027e-01 -9.941302e-01 1.080935e-01 -4.601359e-03 2.577904e+01
-7.511020e-03 -3.703790e-02 9.992856e-01 4.707635e+01 1.090201e-01 9.933268e-01 3.763647e-02 4.355966e-01 -9.940112e-01 1.092249e-01 -3.422976e-03 2.575047e+01
-6.155968e-03 -3.706253e-02 9.992940e-01 4.878309e+01 1.073804e-01 9.935102e-01 3.750952e-02 5.063006e-01 -9.941990e-01 1.075355e-01 -2.136230e-03 2.571210e+01
-5.092978e-03 -3.839381e-02 9.992496e-01 5.041734e+01 1.050980e-01 9.937079e-01 3.871654e-02 5.646949e-01 -9.944488e-01 1.052164e-01 -1.025796e-03 2.570973e+01
-3.970623e-03 -3.682239e-02 9.993140e-01 5.184626e+01 1.089710e-01 9.933547e-01 3.703579e-02 6.090574e-01 -9.940370e-01 1.090432e-01 6.836653e-05 2.577558e+01
-3.175378e-03 -3.586090e-02 9.993517e-01 5.338838e+01 1.071331e-01 9.935929e-01 3.599466e-02 6.726879e-01 -9.942396e-01 1.071779e-01 6.868243e-04 2.579765e+01
-2.855182e-03 -3.574477e-02 9.993569e-01 5.482028e+01 1.074299e-01 9.935663e-01 3.584459e-02 7.101238e-01 -9.942086e-01 1.074631e-01 1.003206e-03 2.587506e+01
-3.216743e-03 -3.628318e-02 9.993364e-01 5.627831e+01 1.074835e-01 9.935396e-01 3.641870e-02 7.385332e-01 -9.942017e-01 1.075293e-01 7.038713e-04 2.600344e+01
-4.355073e-03 -3.817879e-02 9.992616e-01 5.787091e+01 1.081915e-01 9.933872e-01 3.842587e-02 7.861431e-01 -9.941207e-01 1.082789e-01 -1.956224e-04 2.609112e+01
-3.093958e-03 -4.057313e-02 9.991718e-01 5.960625e+01 1.085436e-01 9.932594e-01 4.066916e-02 8.534607e-01 -9.940869e-01 1.085795e-01 1.330793e-03 2.608223e+01
-2.775192e-03 -3.923395e-02 9.992262e-01 6.121200e+01 1.090799e-01 9.932557e-01 3.930248e-02 9.134561e-01 -9.940292e-01 1.091046e-01 1.523137e-03 2.611305e+01
-2.290249e-03 -3.766661e-02 9.992878e-01 6.286170e+01 1.115203e-01 9.930473e-01 3.768697e-02 9.576019e-01 -9.937596e-01 1.115272e-01 1.926303e-03 2.616761e+01
1.893640e-04 -3.965552e-02 9.992134e-01 6.471798e+01 1.092989e-01 9.932279e-01 3.939726e-02 1.021536e+00 -9.940089e-01 1.092055e-01 4.522383e-03 2.607816e+01
-2.643943e-03 -3.914515e-02 9.992300e-01 6.474778e+01 1.116503e-01 9.929743e-01 3.919550e-02 9.955068e-01 -9.937440e-01 1.116680e-01 1.745164e-03 2.631914e+01
-4.717231e-03 -3.971320e-02 9.992001e-01 6.475294e+01 1.130976e-01 9.927787e-01 3.999190e-02 9.629223e-01 -9.935728e-01 1.131957e-01 -1.916885e-04 2.666555e+01
-4.646897e-03 -4.031169e-02 9.991766e-01 6.479742e+01 1.127215e-01 9.927977e-01 4.057856e-02 9.480348e-01 -9.936159e-01 1.128172e-01 -6.937981e-05 2.673713e+01
-5.639791e-03 -4.211100e-02 9.990972e-01 6.481799e+01 1.142297e-01 9.925457e-01 4.247967e-02 9.346644e-01 -9.934385e-01 1.143661e-01 -7.874966e-04 2.683722e+01
-4.828095e-03 -4.080934e-02 9.991553e-01 6.488941e+01 1.175117e-01 9.922209e-01 4.109395e-02 9.227160e-01 -9.930598e-01 1.176109e-01 5.006790e-06 2.700300e+01
-3.410220e-03 -4.030198e-02 9.991817e-01 6.506105e+01 1.184170e-01 9.921408e-01 4.042214e-02 9.283181e-01 -9.929581e-01 1.184580e-01 1.389086e-03 2.702522e+01
-5.241394e-03 -3.924508e-02 9.992158e-01 6.533329e+01 1.135441e-01 9.927440e-01 3.958649e-02 9.622000e-01 -9.935191e-01 1.136626e-01 -7.473230e-04 2.706140e+01
-7.856250e-03 -4.035863e-02 9.991544e-01 6.542516e+01 1.142360e-01 9.926075e-01 4.099241e-02 9.055341e-01 -9.934226e-01 1.144615e-01 -3.187776e-03 2.730951e+01
-5.694151e-03 -4.064418e-02 9.991575e-01 6.742932e+01 1.124897e-01 9.928055e-01 4.102686e-02 1.016687e+00 -9.936366e-01 1.126286e-01 -1.081109e-03 2.715963e+01
-9.610653e-03 -4.003193e-02 9.991522e-01 6.922626e+01 1.105329e-01 9.930326e-01 4.084993e-02 1.085733e+00 -9.938260e-01 1.108318e-01 -5.118847e-03 2.730603e+01
-1.264775e-02 -3.990143e-02 9.991238e-01 7.088866e+01 1.073157e-01 9.933780e-01 4.103045e-02 1.142551e+00 -9.941447e-01 1.077405e-01 -8.281946e-03 2.749218e+01
-1.139295e-02 -4.002649e-02 9.991337e-01 7.294537e+01 1.082760e-01 9.932740e-01 4.102639e-02 1.218228e+00 -9.940556e-01 1.086496e-01 -6.982446e-03 2.734863e+01
-2.612972e-02 -3.768054e-02 9.989482e-01 7.447428e+01 1.069900e-01 9.934442e-01 4.027148e-02 1.231165e+00 -9.939167e-01 1.079297e-01 -2.192700e-02 2.789858e+01
-3.066599e-02 -3.810298e-02 9.988031e-01 7.639379e+01 1.059035e-01 9.935245e-01 4.115314e-02 1.300429e+00 -9.939035e-01 1.070388e-01 -2.643216e-02 2.787441e+01
-3.555524e-02 -3.925559e-02 9.985965e-01 7.830094e+01 1.038575e-01 9.936726e-01 4.275989e-02 1.363465e+00 -9.939565e-01 1.052321e-01 -3.125322e-02 2.785908e+01
-4.775631e-02 -3.937798e-02 9.980826e-01 7.912317e+01 1.003884e-01 9.939741e-01 4.401927e-02 1.368802e+00 -9.938016e-01 1.022981e-01 -4.351544e-02 2.818365e+01
-5.668616e-02 -3.911740e-02 9.976254e-01 7.997269e+01 1.004231e-01 9.939411e-01 4.467908e-02 1.362171e+00 -9.933287e-01 1.027173e-01 -5.241442e-02 2.839946e+01
-6.520998e-02 -3.992039e-02 9.970727e-01 8.079784e+01 9.509329e-02 9.944035e-01 4.603275e-02 1.391386e+00 -9.933302e-01 9.781673e-02 -6.104887e-02 2.846578e+01
-6.771457e-02 -3.856004e-02 9.969593e-01 8.095528e+01 9.484245e-02 9.944789e-01 4.490591e-02 1.428443e+00 -9.931867e-01 9.759485e-02 -6.368363e-02 2.821023e+01
-7.419538e-02 -3.857830e-02 9.964973e-01 8.296256e+01 9.464259e-02 9.944689e-01 4.554650e-02 1.484788e+00 -9.927426e-01 9.769042e-02 -7.013381e-02 2.811712e+01
-9.340286e-02 -3.922890e-02 9.948553e-01 8.469318e+01 8.976004e-02 9.948227e-01 4.765481e-02 1.505168e+00 -9.915740e-01 9.374934e-02 -8.939815e-02 2.850028e+01
-1.007118e-01 -4.063005e-02 9.940857e-01 8.667643e+01 8.922532e-02 9.947708e-01 4.969755e-02 1.567726e+00 -9.909067e-01 9.370274e-02 -9.656000e-02 2.841238e+01
-1.067536e-01 -4.084562e-02 9.934462e-01 8.891798e+01 8.868130e-02 9.947826e-01 5.043007e-02 1.662232e+00 -9.903228e-01 9.348369e-02 -1.025743e-01 2.814801e+01
-1.133051e-01 -4.140006e-02 9.926974e-01 9.083657e+01 9.046027e-02 9.945519e-01 5.180242e-02 1.736050e+00 -9.894336e-01 9.566915e-02 -1.089427e-01 2.806032e+01
-1.204369e-01 -3.916427e-02 9.919481e-01 9.286192e+01 9.164733e-02 9.945156e-01 5.039297e-02 1.815125e+00 -9.884815e-01 9.697857e-02 -1.161871e-01 2.792656e+01
-1.275247e-01 -3.727657e-02 9.911347e-01 9.489406e+01 8.652217e-02 9.950659e-01 4.855683e-02 1.879101e+00 -9.880543e-01 9.194731e-02 -1.236702e-01 2.781834e+01
-1.345725e-01 -3.877743e-02 9.901447e-01 9.711546e+01 8.288822e-02 9.952914e-01 5.024448e-02 1.965243e+00 -9.874309e-01 8.883285e-02 -1.307247e-01 2.762596e+01
-1.413389e-01 -3.850887e-02 9.892120e-01 9.920110e+01 8.462915e-02 9.951152e-01 5.083051e-02 2.056937e+00 -9.863374e-01 9.090050e-02 -1.373897e-01 2.740764e+01
-1.482638e-01 -3.767334e-02 9.882300e-01 1.013249e+02 7.789482e-02 9.957247e-01 4.964559e-02 2.155087e+00 -9.858753e-01 8.433865e-02 -1.446954e-01 2.723085e+01
-1.527849e-01 -4.082620e-02 9.874159e-01 1.034717e+02 7.742987e-02 9.955804e-01 5.314466e-02 2.207639e+00 -9.852215e-01 8.457518e-02 -1.489486e-01 2.682482e+01
-1.568118e-01 -4.238416e-02 9.867186e-01 1.050694e+02 7.915106e-02 9.953257e-01 5.533277e-02 2.266242e+00 -9.844517e-01 8.677667e-02 -1.527241e-01 2.650808e+01
-1.614810e-01 -4.165857e-02 9.859962e-01 1.070608e+02 7.911919e-02 9.953461e-01 5.501131e-02 2.387557e+00 -9.836993e-01 8.689450e-02 -1.574335e-01 2.623155e+01
-1.659400e-01 -4.022630e-02 9.853153e-01 1.093592e+02 7.818476e-02 9.954857e-01 5.380885e-02 2.520862e+00 -9.830317e-01 8.596566e-02 -1.620458e-01 2.583060e+01
-1.675949e-01 -4.060746e-02 9.850193e-01 1.122039e+02 7.211406e-02 9.959697e-01 5.332864e-02 2.683755e+00 -9.832149e-01 7.997134e-02 -1.639911e-01 2.510157e+01
-1.705266e-01 -4.207409e-02 9.844545e-01 1.144945e+02 6.974377e-02 9.960668e-01 5.465135e-02 2.797792e+00 -9.828818e-01 7.797907e-02 -1.669215e-01 2.466179e+01
-1.750458e-01 -4.274885e-02 9.836317e-01 1.164363e+02 6.682111e-02 9.962375e-01 5.518811e-02 2.887567e+00 -9.822901e-01 7.538782e-02 -1.715307e-01 2.431757e+01
-1.810931e-01 -4.167313e-02 9.825828e-01 1.183652e+02 6.016762e-02 9.967608e-01 5.336352e-02 2.991665e+00 -9.816239e-01 6.878342e-02 -1.779991e-01 2.403196e+01
-1.860943e-01 -4.127146e-02 9.816648e-01 1.213302e+02 5.772007e-02 9.969326e-01 5.285534e-02 3.164500e+00 -9.808351e-01 6.649783e-02 -1.831414e-01 2.337208e+01
-1.909553e-01 -4.014257e-02 9.807776e-01 1.235099e+02 5.841813e-02 9.969277e-01 5.217747e-02 3.285101e+00 -9.798589e-01 6.725875e-02 -1.880236e-01 2.297950e+01
-1.959850e-01 -4.229105e-02 9.796945e-01 1.256932e+02 5.969448e-02 9.967022e-01 5.496693e-02 3.348118e+00 -9.787883e-01 6.925505e-02 -1.928141e-01 2.259010e+01
-2.018983e-01 -3.979104e-02 9.785978e-01 1.273444e+02 5.990171e-02 9.968021e-01 5.288981e-02 3.440521e+00 -9.775729e-01 6.929804e-02 -1.988692e-01 2.243071e+01
-2.071888e-01 -4.028011e-02 9.774715e-01 1.288652e+02 5.852817e-02 9.968520e-01 5.348461e-02 3.508627e+00 -9.765488e-01 6.829102e-02 -2.041790e-01 2.223609e+01
-2.124802e-01 -4.023301e-02 9.763368e-01 1.304126e+02 5.903681e-02 9.967983e-01 5.392436e-02 3.586418e+00 -9.753804e-01 6.909766e-02 -2.094246e-01 2.188327e+01
-2.161694e-01 -3.964731e-02 9.755505e-01 1.320170e+02 6.059533e-02 9.967042e-01 5.393415e-02 3.660491e+00 -9.744737e-01 7.077271e-02 -2.130545e-01 2.154055e+01
-2.198578e-01 -3.781489e-02 9.747989e-01 1.335674e+02 6.073790e-02 9.967791e-01 5.236648e-02 3.743467e+00 -9.736394e-01 7.072040e-02 -2.168529e-01 2.125085e+01
-2.229488e-01 -3.623293e-02 9.741566e-01 1.351702e+02 6.048652e-02 9.968693e-01 5.092086e-02 3.824944e+00 -9.729519e-01 7.027608e-02 -2.200592e-01 2.090900e+01
-2.264762e-01 -3.663633e-02 9.733275e-01 1.367142e+02 5.932307e-02 9.969184e-01 5.132774e-02 3.888667e+00 -9.722085e-01 6.936529e-02 -2.236049e-01 2.053399e+01
-2.298710e-01 -3.447923e-02 9.726102e-01 1.381887e+02 5.998312e-02 9.969704e-01 4.951949e-02 3.962275e+00 -9.713709e-01 6.972329e-02 -2.271065e-01 2.026164e+01
-2.324718e-01 -3.471661e-02 9.719834e-01 1.382831e+02 6.012382e-02 9.969385e-01 4.998790e-02 3.959255e+00 -9.707431e-01 7.006013e-02 -2.296728e-01 2.032191e+01
-2.336903e-01 -3.387579e-02 9.717208e-01 1.383499e+02 6.346370e-02 9.967303e-01 5.001013e-02 3.970372e+00 -9.702377e-01 7.335588e-02 -2.307763e-01 2.024787e+01
-2.377814e-01 -3.311897e-02 9.707541e-01 1.385009e+02 6.518047e-02 9.966217e-01 4.996712e-02 3.974917e+00 -9.691294e-01 7.515544e-02 -2.348194e-01 2.026351e+01
-2.397757e-01 -3.591029e-02 9.701639e-01 1.385324e+02 6.399293e-02 9.965577e-01 5.270308e-02 3.980604e+00 -9.687170e-01 7.472055e-02 -2.366524e-01 2.014797e+01
-2.429633e-01 -3.372201e-02 9.694493e-01 1.386814e+02 6.996197e-02 9.961837e-01 5.218581e-02 3.970068e+00 -9.675094e-01 8.050380e-02 -2.396768e-01 2.025203e+01
-2.432986e-01 -3.565908e-02 9.692957e-01 1.387031e+02 6.882173e-02 9.961706e-01 5.392240e-02 3.989162e+00 -9.675068e-01 7.982785e-02 -2.399127e-01 2.013499e+01
-2.452955e-01 -3.407448e-02 9.688494e-01 1.388103e+02 6.909505e-02 9.962261e-01 5.253096e-02 3.997986e+00 -9.669830e-01 7.982829e-02 -2.420154e-01 2.019036e+01
-2.455239e-01 -3.401260e-02 9.687939e-01 1.388312e+02 6.678580e-02 9.964162e-01 5.190806e-02 4.008026e+00 -9.670874e-01 7.744633e-02 -2.423724e-01 2.004828e+01
-2.480155e-01 -3.174124e-02 9.682360e-01 1.389585e+02 6.351804e-02 9.967796e-01 4.894723e-02 4.046662e+00 -9.666716e-01 7.364012e-02 -2.452006e-01 2.003794e+01
-2.517748e-01 -3.007457e-02 9.673185e-01 1.391181e+02 6.230752e-02 9.969397e-01 4.721299e-02 4.063158e+00 -9.657781e-01 7.215825e-02 -2.491305e-01 1.998734e+01
-2.530370e-01 -3.266601e-02 9.669051e-01 1.391593e+02 5.720465e-02 9.971760e-01 4.865901e-02 4.073115e+00 -9.657640e-01 6.762398e-02 -2.504537e-01 1.979409e+01
-2.536656e-01 -3.689848e-02 9.665881e-01 1.391277e+02 5.566896e-02 9.970590e-01 5.267110e-02 4.073909e+00 -9.656888e-01 6.716979e-02 -2.508655e-01 1.940865e+01
-2.577653e-01 -3.465047e-02 9.655860e-01 1.392269e+02 5.721803e-02 9.970555e-01 5.105424e-02 4.093045e+00 -9.645118e-01 6.840894e-02 -2.550236e-01 1.943058e+01
-2.623026e-01 -3.566347e-02 9.643266e-01 1.393139e+02 5.915755e-02 9.968430e-01 5.295723e-02 4.077924e+00 -9.631708e-01 7.093801e-02 -2.593647e-01 1.945416e+01
-2.654798e-01 -3.697167e-02 9.634072e-01 1.393889e+02 5.667887e-02 9.969377e-01 5.387706e-02 4.092644e+00 -9.624489e-01 6.890810e-02 -2.625713e-01 1.938014e+01
-2.683524e-01 -3.674329e-02 9.626200e-01 1.395220e+02 5.312651e-02 9.971871e-01 5.287294e-02 4.121632e+00 -9.618549e-01 6.532921e-02 -2.656455e-01 1.926164e+01
-2.700943e-01 -3.799643e-02 9.620839e-01 1.395892e+02 4.692119e-02 9.975144e-01 5.256831e-02 4.142529e+00 -9.616900e-01 5.934051e-02 -2.676401e-01 1.921806e+01
-2.739018e-01 -4.349367e-02 9.607737e-01 1.396916e+02 4.303799e-02 9.974219e-01 5.742218e-02 4.104812e+00 -9.607943e-01 5.707781e-02 -2.713238e-01 1.910375e+01
-2.769808e-01 -4.590199e-02 9.597787e-01 1.397675e+02 4.084071e-02 9.973933e-01 5.948707e-02 4.094041e+00 -9.600074e-01 5.567480e-02 -2.743840e-01 1.902553e+01
-2.805885e-01 -5.026589e-02 9.585112e-01 1.398439e+02 3.918327e-02 9.971954e-01 6.376482e-02 4.066292e+00 -9.590282e-01 5.544927e-02 -2.778320e-01 1.905852e+01
-2.819920e-01 -5.270494e-02 9.579680e-01 1.398690e+02 3.641203e-02 9.971827e-01 6.558084e-02 4.081313e+00 -9.587256e-01 5.337483e-02 -2.792784e-01 1.902761e+01
-2.827468e-01 -5.191222e-02 9.577888e-01 1.399404e+02 3.483293e-02 9.973201e-01 6.433778e-02 4.118385e+00 -9.585619e-01 5.155389e-02 -2.801808e-01 1.902431e+01
-2.866344e-01 -5.531810e-02 9.564416e-01 1.400410e+02 3.550065e-02 9.970326e-01 6.830492e-02 4.081074e+00 -9.573821e-01 5.353285e-02 -2.838202e-01 1.901408e+01
-2.904817e-01 -5.442843e-02 9.553313e-01 1.401349e+02 3.622949e-02 9.970395e-01 6.782077e-02 4.074660e+00 -9.561945e-01 5.431186e-02 -2.876498e-01 1.901164e+01
-2.951485e-01 -6.184123e-02 9.534480e-01 1.401848e+02 3.186588e-02 9.967109e-01 7.451165e-02 4.016854e+00 -9.549199e-01 5.237446e-02 -2.922070e-01 1.865843e+01
-2.988015e-01 -6.479508e-02 9.521130e-01 1.402580e+02 2.669393e-02 9.967345e-01 7.620911e-02 4.018883e+00 -9.539419e-01 4.818703e-02 -2.960961e-01 1.831941e+01
-3.018802e-01 -6.687213e-02 9.509976e-01 1.402979e+02 2.241962e-02 9.967630e-01 7.720704e-02 4.018461e+00 -9.530821e-01 4.462829e-02 -2.994038e-01 1.801927e+01
-3.030843e-01 -6.755139e-02 9.505665e-01 1.403240e+02 2.359110e-02 9.966469e-01 7.834798e-02 4.004550e+00 -9.526717e-01 4.617095e-02 -3.004743e-01 1.787982e+01
-3.046196e-01 -6.825013e-02 9.500259e-01 1.403946e+02 2.475973e-02 9.965249e-01 7.952969e-02 4.020591e+00 -9.521524e-01 4.774867e-02 -3.018712e-01 1.784019e+01
-3.070270e-01 -7.186230e-02 9.489838e-01 1.404666e+02 2.173386e-02 9.963556e-01 8.248116e-02 4.010048e+00 -9.514527e-01 4.594901e-02 -3.043462e-01 1.785670e+01
-3.090839e-01 -7.088947e-02 9.483891e-01 1.406406e+02 2.251359e-02 9.963932e-01 8.181491e-02 4.016294e+00 -9.507682e-01 4.663932e-02 -3.063731e-01 1.809412e+01
-3.098890e-01 -7.384345e-02 9.479008e-01 1.406850e+02 1.974932e-02 9.962643e-01 8.406754e-02 3.998489e+00 -9.505676e-01 4.477200e-02 -3.072729e-01 1.805880e+01
-3.114585e-01 -7.940815e-02 9.469361e-01 1.407833e+02 1.341364e-02 9.960357e-01 8.793744e-02 3.996638e+00 -9.501651e-01 4.009072e-02 -3.091586e-01 1.799067e+01
-3.132423e-01 -8.049652e-02 9.462555e-01 1.408649e+02 1.236858e-02 9.959709e-01 8.882015e-02 4.004271e+00 -9.495926e-01 3.952607e-02 -3.109846e-01 1.799499e+01
-3.152875e-01 -8.568645e-02 9.451200e-01 1.409817e+02 7.626589e-03 9.956544e-01 9.281221e-02 3.995098e+00 -9.489656e-01 3.647056e-02 -3.132639e-01 1.787852e+01
-3.178384e-01 -8.962230e-02 9.438997e-01 1.410582e+02 3.941923e-03 9.953891e-01 9.583853e-02 4.007321e+00 -9.481367e-01 3.418195e-02 -3.160197e-01 1.777705e+01
-3.196775e-01 -8.695458e-02 9.435281e-01 1.411123e+02 8.372734e-03 9.954821e-01 9.457938e-02 4.016510e+00 -9.474894e-01 3.813481e-02 -3.175051e-01 1.778150e+01
-3.216660e-01 -8.827379e-02 9.427295e-01 1.411443e+02 8.286648e-03 9.953442e-01 9.602790e-02 3.992546e+00 -9.468170e-01 3.870098e-02 -3.194368e-01 1.772621e+01
-3.227400e-01 -8.782180e-02 9.424047e-01 1.411822e+02 1.074606e-02 9.952818e-01 9.642951e-02 3.990703e+00 -9.464269e-01 4.124877e-02 -3.202734e-01 1.764832e+01
-3.237245e-01 -8.704493e-02 9.421391e-01 1.412072e+02 1.308548e-02 9.952520e-01 9.644833e-02 3.982047e+00 -9.460611e-01 4.355101e-02 -3.210484e-01 1.755634e+01
-3.252982e-01 -8.745618e-02 9.415586e-01 1.412710e+02 1.190450e-02 9.952563e-01 9.655673e-02 4.002968e+00 -9.455366e-01 4.261850e-02 -3.227139e-01 1.741833e+01
-3.265156e-01 -8.954430e-02 9.409407e-01 1.414173e+02 9.128015e-03 9.951572e-01 9.787130e-02 4.006001e+00 -9.451478e-01 4.054542e-02 -3.241169e-01 1.739876e+01
-3.286486e-01 -8.875690e-02 9.402726e-01 1.415007e+02 1.005780e-02 9.951890e-01 9.745618e-02 4.026325e+00 -9.443988e-01 4.148590e-02 -3.261747e-01 1.735798e+01
-3.303444e-01 -8.798314e-02 9.397508e-01 1.416458e+02 1.051719e-02 9.952409e-01 9.687538e-02 4.066498e+00 -9.438019e-01 4.188577e-02 -3.278470e-01 1.717737e+01
-3.348738e-01 -8.577354e-02 9.383510e-01 1.440620e+02 1.340177e-02 9.953139e-01 9.576320e-02 4.300258e+00 -9.421678e-01 4.464414e-02 -3.321551e-01 1.635970e+01
-3.378189e-01 -8.606012e-02 9.372684e-01 1.463656e+02 1.300574e-02 9.952891e-01 9.607523e-02 4.511964e+00 -9.411213e-01 4.464589e-02 -3.351082e-01 1.549687e+01
-3.425308e-01 -8.896508e-02 9.352850e-01 1.487803e+02 1.161648e-02 9.950293e-01 9.890234e-02 4.705499e+00 -9.394348e-01 4.474182e-02 -3.397949e-01 1.463252e+01
-3.464422e-01 -8.541940e-02 9.341742e-01 1.503753e+02 1.259224e-02 9.953324e-01 9.568150e-02 4.871372e+00 -9.379869e-01 4.491146e-02 -3.437495e-01 1.408766e+01
-3.512254e-01 -9.003548e-02 9.319519e-01 1.527489e+02 8.181577e-03 9.950325e-01 9.921307e-02 5.055330e+00 -9.362552e-01 4.247099e-02 -3.487440e-01 1.325481e+01
-3.522514e-01 -9.016372e-02 9.315522e-01 1.563982e+02 9.946940e-03 9.949318e-01 1.000594e-01 5.428377e+00 -9.358526e-01 4.451216e-02 -3.495692e-01 1.183762e+01
-3.558061e-01 -8.804218e-02 9.304035e-01 1.582141e+02 1.063307e-02 9.951068e-01 9.823124e-02 5.602960e+00 -9.344994e-01 4.484432e-02 -3.531290e-01 1.123595e+01
-3.592139e-01 -8.725817e-02 9.291670e-01 1.602747e+02 9.540131e-03 9.952241e-01 9.714978e-02 5.818202e+00 -9.332065e-01 4.376193e-02 -3.566660e-01 1.050144e+01
-3.638159e-01 -8.525708e-02 9.275609e-01 1.623512e+02 1.094578e-02 9.953423e-01 9.578049e-02 6.018052e+00 -9.314065e-01 4.499935e-02 -3.611882e-01 9.708157e+00
-3.658056e-01 -8.542401e-02 9.267626e-01 1.647320e+02 8.358871e-03 9.954371e-01 9.505341e-02 6.265749e+00 -9.306538e-01 4.251776e-02 -3.634224e-01 8.741921e+00
-3.685095e-01 -8.450177e-02 9.257755e-01 1.671497e+02 5.401230e-03 9.956487e-01 9.302955e-02 6.523176e+00 -9.296083e-01 3.928260e-02 -3.664496e-01 7.766934e+00
-3.701762e-01 -8.532766e-02 9.250345e-01 1.696345e+02 8.392057e-03 9.954248e-01 9.517895e-02 6.737475e+00 -9.289237e-01 4.299593e-02 -3.677665e-01 6.728402e+00
-3.737757e-01 -8.387303e-02 9.237193e-01 1.717228e+02 9.053773e-03 9.955257e-01 9.405654e-02 6.951053e+00 -9.274752e-01 4.351917e-02 -3.713440e-01 5.930673e+00
-3.762568e-01 -8.314215e-02 9.227775e-01 1.739919e+02 1.165734e-02 9.954619e-01 9.444422e-02 7.162287e+00 -9.264421e-01 4.629241e-02 -3.735801e-01 5.060799e+00
-3.765976e-01 -8.340693e-02 9.226145e-01 1.762947e+02 1.282203e-02 9.953738e-01 9.521834e-02 7.393966e+00 -9.262882e-01 4.768879e-02 -3.737861e-01 4.040209e+00
-3.796036e-01 -8.571159e-02 9.211703e-01 1.786932e+02 1.026839e-02 9.952474e-01 9.683569e-02 7.620754e+00 -9.250923e-01 4.621811e-02 -3.769194e-01 3.100904e+00
-3.816624e-01 -8.699567e-02 9.201987e-01 1.810207e+02 1.060994e-02 9.950829e-01 9.847581e-02 7.837627e+00 -9.242409e-01 4.734776e-02 -3.788626e-01 2.115610e+00
-3.846210e-01 -8.349044e-02 9.192910e-01 1.830931e+02 1.758887e-02 9.950575e-01 9.773056e-02 8.044614e+00 -9.229069e-01 5.375852e-02 -3.812516e-01 1.345838e+00
-3.862618e-01 -8.570016e-02 9.183993e-01 1.857265e+02 1.328272e-02 9.950544e-01 9.843968e-02 8.284883e+00 -9.222935e-01 5.022234e-02 -3.832133e-01 2.175864e-01
-3.879306e-01 -8.132138e-02 9.180941e-01 1.880366e+02 1.283282e-02 9.955270e-01 9.360246e-02 8.551241e+00 -9.215993e-01 4.809299e-02 -3.851517e-01 -7.813064e-01
-3.899579e-01 -8.191668e-02 9.171818e-01 1.904437e+02 1.126635e-02 9.955363e-01 9.370490e-02 8.780483e+00 -9.207638e-01 4.687426e-02 -3.872943e-01 -1.803581e+00
-3.983213e-01 -8.411367e-02 9.133811e-01 1.929492e+02 9.107741e-03 9.953747e-01 9.563634e-02 8.997763e+00 -9.172007e-01 4.641283e-02 -3.957127e-01 -2.764067e+00
-3.967677e-01 -8.636653e-02 9.138470e-01 1.953484e+02 4.929795e-03 9.953489e-01 9.620956e-02 9.276572e+00 -9.179059e-01 4.267792e-02 -3.944966e-01 -4.018998e+00
-4.056711e-01 -8.576673e-02 9.099863e-01 1.973110e+02 5.828942e-03 9.953248e-01 9.640847e-02 9.443439e+00 -9.140005e-01 4.441439e-02 -4.032745e-01 -4.650805e+00
-4.089918e-01 -8.622228e-02 9.084556e-01 1.994266e+02 3.875545e-03 9.953530e-01 9.621459e-02 9.667310e+00 -9.125299e-01 4.287173e-02 -4.067571e-01 -5.645106e+00
-4.120129e-01 -8.669332e-02 9.070446e-01 2.020079e+02 2.599947e-03 9.953476e-01 9.631412e-02 9.944573e+00 -9.111745e-01 4.204092e-02 -4.098706e-01 -6.910637e+00
-4.186625e-01 -8.883513e-02 9.037865e-01 2.043842e+02 -4.853861e-03 9.954087e-01 9.559241e-02 1.019003e+01 -9.081289e-01 3.563410e-02 -4.171715e-01 -7.864602e+00
-4.192237e-01 -8.518855e-02 9.038775e-01 2.061866e+02 7.726071e-03 9.952172e-01 9.738052e-02 1.035053e+01 -9.078501e-01 4.780763e-02 -4.165604e-01 -8.793518e+00
-4.239088e-01 -8.668572e-02 9.015471e-01 2.090287e+02 6.085584e-03 9.951141e-01 9.854385e-02 1.064041e+01 -9.056846e-01 4.726002e-02 -4.213101e-01 -1.014885e+01
-4.277896e-01 -8.826020e-02 8.995591e-01 2.115933e+02 3.140815e-03 9.950700e-01 9.912490e-02 1.090864e+01 -9.038731e-01 4.522993e-02 -4.254034e-01 -1.135499e+01
-4.316941e-01 -8.887696e-02 8.976308e-01 2.141388e+02 2.757391e-03 9.949993e-01 9.984379e-02 1.116442e+01 -9.020159e-01 4.557710e-02 -4.292903e-01 -1.259960e+01
-4.402611e-01 -8.543891e-02 8.937955e-01 2.165814e+02 8.535521e-03 9.950190e-01 9.931937e-02 1.138421e+01 -8.978292e-01 5.135547e-02 -4.373389e-01 -1.358825e+01
-4.392908e-01 -8.450839e-02 8.943613e-01 2.191174e+02 5.402400e-03 9.952990e-01 9.669956e-02 1.171013e+01 -8.983288e-01 4.731091e-02 -4.367691e-01 -1.505537e+01
-4.513395e-01 -8.614051e-02 8.881849e-01 2.217370e+02 6.475638e-03 9.949875e-01 9.978941e-02 1.193166e+01 -8.923288e-01 5.079047e-02 -4.485193e-01 -1.610692e+01
-4.558357e-01 -8.665504e-02 8.858357e-01 2.241415e+02 4.928504e-03 9.949884e-01 9.986880e-02 1.216759e+01 -8.900504e-01 4.988961e-02 -4.531242e-01 -1.726363e+01
-4.622568e-01 -8.234175e-02 8.829148e-01 2.266846e+02 1.031472e-02 9.951127e-01 9.820582e-02 1.244638e+01 -8.866861e-01 5.450333e-02 -4.591483e-01 -1.852374e+01
-4.631717e-01 -8.033443e-02 8.826202e-01 2.291968e+02 1.450662e-02 9.950628e-01 9.818137e-02 1.270008e+01 -8.861499e-01 5.827867e-02 -4.597197e-01 -1.986979e+01
-4.689070e-01 -7.976342e-02 8.796387e-01 2.316901e+02 1.500890e-02 9.950506e-01 9.822945e-02 1.294406e+01 -8.831201e-01 5.926288e-02 -4.653890e-01 -2.111235e+01
-4.706089e-01 -8.419792e-02 8.783153e-01 2.342560e+02 7.802466e-03 9.950005e-01 9.956434e-02 1.317619e+01 -8.823074e-01 5.370890e-02 -4.675992e-01 -2.250566e+01
-4.742839e-01 -8.186251e-02 8.765579e-01 2.365161e+02 8.786888e-03 9.951776e-01 9.769490e-02 1.340606e+01 -8.803284e-01 5.403731e-02 -4.712774e-01 -2.370983e+01
-4.730359e-01 -8.920394e-02 8.765156e-01 2.385674e+02 -1.545872e-03 9.949437e-01 1.004222e-01 1.363190e+01 -8.810418e-01 4.614833e-02 -4.707820e-01 -2.479177e+01
-4.802886e-01 -8.441874e-02 8.730388e-01 2.411382e+02 1.019275e-02 9.947531e-01 1.017953e-01 1.387167e+01 -8.770515e-01 5.778978e-02 -4.769081e-01 -2.613326e+01
-4.829423e-01 -9.196325e-02 8.708097e-01 2.437633e+02 6.963988e-03 9.940350e-01 1.088388e-01 1.408418e+01 -8.756245e-01 5.862718e-02 -4.794211e-01 -2.743513e+01
-4.851078e-01 -8.625907e-02 8.701894e-01 2.436851e+02 1.558327e-02 9.941121e-01 1.072304e-01 1.407318e+01 -8.743154e-01 6.557870e-02 -4.809073e-01 -2.767133e+01
-4.895769e-01 -8.850486e-02 8.674570e-01 2.463309e+02 1.542793e-02 9.938005e-01 1.101027e-01 1.435987e+01 -8.718238e-01 6.728677e-02 -4.851763e-01 -2.926281e+01
-4.893588e-01 -8.882152e-02 8.675476e-01 2.491710e+02 1.427340e-02 9.938508e-01 1.098039e-01 1.468757e+01 -8.719658e-01 6.611637e-02 -4.850818e-01 -3.104119e+01
-4.920446e-01 -9.297496e-02 8.655913e-01 2.517186e+02 8.834835e-03 9.936963e-01 1.117572e-01 1.498468e+01 -8.705254e-01 6.263683e-02 -4.881214e-01 -3.259351e+01
-4.926995e-01 -9.202313e-02 8.653201e-01 2.536345e+02 7.993404e-03 9.938722e-01 1.102454e-01 1.522725e+01 -8.701628e-01 6.123472e-02 -4.889448e-01 -3.381533e+01
-4.935523e-01 -9.261268e-02 8.647711e-01 2.565024e+02 1.268571e-02 9.934418e-01 1.136328e-01 1.552916e+01 -8.696236e-01 6.705397e-02 -4.891406e-01 -3.547751e+01
-4.918600e-01 -9.580090e-02 8.653878e-01 2.588852e+02 6.389997e-03 9.935042e-01 1.136156e-01 1.583681e+01 -8.706509e-01 6.141280e-02 -4.880528e-01 -3.694424e+01
-5.040570e-01 -9.674516e-02 8.582348e-01 2.677968e+02 1.019535e-02 9.929706e-01 1.179213e-01 1.683015e+01 -8.636102e-01 6.818905e-02 -4.995275e-01 -4.162994e+01
-5.567416e-01 -9.805682e-02 8.248780e-01 2.690116e+02 4.327872e-03 9.926526e-01 1.209220e-01 1.678875e+01 -8.306745e-01 7.089225e-02 -5.522265e-01 -4.089329e+01
-5.589027e-01 -9.717236e-02 8.235201e-01 2.751500e+02 -3.808356e-03 9.934006e-01 1.146330e-01 1.757129e+01 -8.292245e-01 6.093244e-02 -5.555844e-01 -4.434156e+01
-5.637136e-01 -8.679717e-02 8.213973e-01 2.771915e+02 4.559720e-03 9.941211e-01 1.081782e-01 1.785920e+01 -8.259579e-01 6.472684e-02 -5.600038e-01 -4.586526e+01
-5.636030e-01 -9.405386e-02 8.206739e-01 2.771126e+02 2.699681e-03 9.932817e-01 1.156897e-01 1.780253e+01 -8.260415e-01 6.741863e-02 -5.595627e-01 -4.614673e+01
-5.637103e-01 -1.025605e-01 8.195806e-01 2.770926e+02 4.041091e-03 9.919067e-01 1.269045e-01 1.778477e+01 -8.259629e-01 7.484937e-02 -5.587336e-01 -4.627743e+01
-5.631179e-01 -1.105011e-01 8.189552e-01 2.769221e+02 8.237743e-04 9.909439e-01 1.342738e-01 1.780127e+01 -8.263761e-01 7.628663e-02 -5.579273e-01 -4.665323e+01
-5.629189e-01 -1.152727e-01 8.184342e-01 2.783111e+02 -4.327120e-03 9.906239e-01 1.365487e-01 1.807701e+01 -8.265009e-01 7.332436e-02 -5.581398e-01 -4.848943e+01
-5.744896e-01 -1.141683e-01 8.105106e-01 2.812658e+02 -6.723617e-03 9.908493e-01 1.348051e-01 1.852729e+01 -8.184843e-01 7.199457e-02 -5.700003e-01 -5.042717e+01
-5.747696e-01 -1.091556e-01 8.110025e-01 2.834408e+02 -2.230407e-04 9.910844e-01 1.332353e-01 1.884558e+01 -8.183153e-01 7.639873e-02 -5.696695e-01 -5.199137e+01
-5.722156e-01 -1.070969e-01 8.130804e-01 2.855792e+02 2.595975e-04 9.914128e-01 1.307691e-01 1.916960e+01 -8.201033e-01 7.503919e-02 -5.672741e-01 -5.372625e+01
-5.719725e-01 -1.012251e-01 8.140030e-01 2.867908e+02 3.315514e-03 9.920631e-01 1.256974e-01 1.936362e+01 -8.202661e-01 7.459433e-02 -5.670972e-01 -5.457133e+01
-5.731319e-01 -1.018695e-01 8.131068e-01 2.890970e+02 4.320271e-03 9.918537e-01 1.273089e-01 1.969406e+01 -8.194519e-01 7.647760e-02 -5.680228e-01 -5.644024e+01
-5.732977e-01 -1.077581e-01 8.122303e-01 2.890535e+02 3.311777e-03 9.910011e-01 1.338130e-01 1.964040e+01 -8.193406e-01 7.940461e-02 -5.677818e-01 -5.663050e+01
-5.729493e-01 -1.077909e-01 8.124719e-01 2.890607e+02 2.980862e-03 9.910332e-01 1.335828e-01 1.965579e+01 -8.195856e-01 7.895801e-02 -5.674905e-01 -5.669548e+01
-5.728499e-01 -1.116040e-01 8.120269e-01 2.889969e+02 1.741283e-03 9.905190e-01 1.373642e-01 1.962032e+01 -8.196585e-01 8.010303e-02 -5.672244e-01 -5.691572e+01
-5.724511e-01 -1.165597e-01 8.116119e-01 2.889722e+02 -2.756811e-03 9.901122e-01 1.402505e-01 1.959553e+01 -8.199344e-01 7.804910e-02 -5.671121e-01 -5.709371e+01
-5.732467e-01 -1.128400e-01 8.115759e-01 2.885669e+02 -1.375571e-03 9.906033e-01 1.367600e-01 1.963024e+01 -8.193817e-01 7.728083e-02 -5.680153e-01 -5.793111e+01
-5.730045e-01 -1.145133e-01 8.115125e-01 2.885305e+02 -2.659461e-03 9.904447e-01 1.378847e-01 1.963772e+01 -8.195480e-01 7.685038e-02 -5.678338e-01 -5.801919e+01
-5.727241e-01 -1.223165e-01 8.105712e-01 2.885377e+02 -3.514304e-03 9.891624e-01 1.467831e-01 1.958152e+01 -8.197406e-01 8.121765e-02 -5.669470e-01 -5.810752e+01
-5.725425e-01 -1.271785e-01 8.099512e-01 2.885723e+02 -2.383141e-03 9.881497e-01 1.534746e-01 1.956671e+01 -8.198718e-01 8.594050e-02 -5.660608e-01 -5.838961e+01
-5.739206e-01 -1.245942e-01 8.093772e-01 2.885937e+02 8.563114e-03 9.873909e-01 1.580694e-01 1.950746e+01 -8.188662e-01 9.765005e-02 -5.656171e-01 -5.860965e+01
-5.782677e-01 -1.244873e-01 8.062937e-01 2.898343e+02 4.785697e-03 9.877555e-01 1.559363e-01 1.970946e+01 -8.158331e-01 9.403158e-02 -5.705913e-01 -5.942828e+01
-5.821291e-01 -1.290211e-01 8.027946e-01 2.911666e+02 -2.231764e-03 9.875801e-01 1.571005e-01 1.990508e+01 -8.130932e-01 8.966114e-02 -5.751871e-01 -6.011302e+01
-5.889833e-01 -1.279333e-01 7.979547e-01 2.929129e+02 3.345939e-03 9.869958e-01 1.607113e-01 2.018940e+01 -8.081383e-01 9.732618e-02 -5.808960e-01 -6.121076e+01
-5.925322e-01 -1.280962e-01 7.952968e-01 2.940531e+02 -9.611664e-04 9.873874e-01 1.583196e-01 2.039002e+01 -8.055463e-01 9.304506e-02 -5.851820e-01 -6.186299e+01
-5.952311e-01 -1.338366e-01 7.923306e-01 2.996940e+02 -6.947995e-03 9.868524e-01 1.614747e-01 2.143204e+01 -8.035246e-01 9.060964e-02 -5.883350e-01 -6.578051e+01
-6.010598e-01 -1.341616e-01 7.878628e-01 3.015448e+02 -9.202356e-03 9.869058e-01 1.610353e-01 2.175210e+01 -7.991511e-01 8.954164e-02 -5.944240e-01 -6.689805e+01
-6.058552e-01 -1.337831e-01 7.842458e-01 3.029668e+02 -1.158506e-02 9.871389e-01 1.594445e-01 2.204006e+01 -7.954905e-01 8.751474e-02 -5.996132e-01 -6.786148e+01
-6.135193e-01 -1.407731e-01 7.770309e-01 3.054708e+02 -1.550300e-02 9.859399e-01 1.663800e-01 2.247035e+01 -7.895276e-01 9.003101e-02 -6.070755e-01 -6.947482e+01
-6.118393e-01 -1.475527e-01 7.770979e-01 3.088542e+02 -1.759827e-02 9.847428e-01 1.731238e-01 2.316144e+01 -7.907865e-01 9.224834e-02 -6.051010e-01 -7.229570e+01
-6.066338e-01 -1.505491e-01 7.805965e-01 3.111576e+02 -1.344458e-02 9.837074e-01 1.792736e-01 2.365666e+01 -7.948680e-01 9.825857e-02 -5.987742e-01 -7.417398e+01
-6.004254e-01 -1.518993e-01 7.851219e-01 3.133906e+02 -1.683849e-02 9.839776e-01 1.774951e-01 2.415536e+01 -7.995037e-01 9.335225e-02 -5.933629e-01 -7.600973e+01
-5.955658e-01 -1.524909e-01 7.887002e-01 3.160473e+02 -2.304357e-02 9.846562e-01 1.729773e-01 2.469624e+01 -8.029760e-01 8.484486e-02 -5.899414e-01 -7.818356e+01
