1.000000e+00 0.000000e+00 0.000000e+00 0.000000e+00 0.000000e+00 1.000000e+00 0.000000e+00 0.000000e+00 0.000000e+00 0.000000e+00 1.000000e+00 0.000000e+00
9.999948e-01 2.709188e-03 -1.770347e-03 4.921455e-02 -2.714521e-03 9.999918e-01 -3.017110e-03 1.739514e-02 1.762159e-03 3.021899e-03 9.999939e-01 -1.501272e-01
9.999981e-01 1.642637e-03 -1.069215e-03 -2.760348e-02 -1.642415e-03 9.999986e-01 2.079901e-04 -1.525663e-02 1.069555e-03 -2.062336e-04 9.999994e-01 1.471198e+00
9.999936e-01 2.342395e-03 -2.726488e-03 -1.974207e-02 -2.338371e-03 9.999962e-01 1.478261e-03 -3.923646e-02 2.729940e-03 -1.471876e-03 9.999952e-01 3.033161e+00
9.999796e-01 5.523430e-03 -3.210661e-03 -4.342389e-02 -5.519568e-03 9.999840e-01 1.210599e-03 -5.706425e-02 3.217296e-03 -1.192853e-03 9.999941e-01 4.599021e+00
9.999464e-01 9.697773e-03 -3.638866e-03 -4.635804e-02 -9.692091e-03 9.999518e-01 1.575655e-03 -9.040277e-02 3.653971e-03 -1.540302e-03 9.999921e-01 6.230361e+00
9.999298e-01 1.076694e-02 -4.950987e-03 -4.947764e-02 -1.075162e-02 9.999374e-01 3.111346e-03 -1.252327e-01 4.984176e-03 -3.057897e-03 9.999829e-01 7.855255e+00
9.999581e-01 6.386854e-03 -6.560148e-03 -8.991876e-02 -6.367593e-03 9.999754e-01 2.952760e-03 -1.353197e-01 6.578845e-03 -2.910864e-03 9.999741e-01 9.326269e+00
9.999596e-01 3.991591e-03 -8.046056e-03 -1.071029e-01 -3.972949e-03 9.999894e-01 2.331506e-03 -1.536241e-01 8.055277e-03 -2.299446e-03 9.999649e-01 1.106244e+01
9.999534e-01 3.725725e-03 -8.905405e-03 -1.075505e-01 -3.708683e-03 9.999912e-01 1.929450e-03 -1.664302e-01 8.912516e-03 -1.896333e-03 9.999585e-01 1.256684e+01
9.999460e-01 3.098265e-03 -9.920903e-03 -1.317891e-01 -3.086883e-03 9.999946e-01 1.162386e-03 -1.849579e-01 9.924451e-03 -1.131698e-03 9.999501e-01 1.406548e+01
9.999108e-01 7.828949e-03 -1.081573e-02 -1.374161e-01 -7.793445e-03 9.999641e-01 3.320879e-03 -2.309675e-01 1.084134e-02 -3.236291e-03 9.999360e-01 1.594221e+01
9.999007e-01 7.588043e-03 -1.187301e-02 -1.906720e-01 -7.551780e-03 9.999667e-01 3.096091e-03 -2.314924e-01 1.189611e-02 -3.006121e-03 9.999247e-01 1.762590e+01
9.998538e-01 1.198429e-02 -1.219905e-02 -2.145333e-01 -1.191788e-02 9.999139e-01 5.502038e-03 -2.637869e-01 1.226393e-02 -5.355846e-03 9.999105e-01 1.941280e+01
9.998161e-01 1.457304e-02 -1.246469e-02 -1.701741e-01 -1.449648e-02 9.998756e-01 6.210636e-03 -2.687037e-01 1.255365e-02 -6.028800e-03 9.999030e-01 2.124818e+01
9.998854e-01 9.222844e-03 -1.200423e-02 -3.688254e-01 -9.161272e-03 9.999446e-01 5.174119e-03 -2.647992e-01 1.205129e-02 -5.063552e-03 9.999146e-01 2.137866e+01
9.998507e-01 1.286133e-02 -1.153495e-02 -4.041311e-01 -1.279117e-02 9.998994e-01 6.135725e-03 -2.722259e-01 1.161270e-02 -5.987263e-03 9.999146e-01 2.150088e+01
9.997941e-01 1.639287e-02 -1.195731e-02 -3.918484e-01 -1.630603e-02 9.998402e-01 7.324150e-03 -2.871301e-01 1.207546e-02 -7.127666e-03 9.999017e-01 2.163535e+01
9.998812e-01 1.238826e-02 -9.172528e-03 -6.989389e-01 -1.229817e-02 9.998762e-01 9.814335e-03 -2.874620e-01 9.292975e-03 -9.700364e-03 9.999098e-01 2.176636e+01
9.998541e-01 1.516167e-02 -7.858934e-03 -7.103712e-01 -1.507663e-02 9.998283e-01 1.076831e-02 -3.118804e-01 8.020850e-03 -1.064825e-02 9.999111e-01 2.196058e+01
9.999121e-01 1.212640e-02 -5.352177e-03 -1.009169e+00 -1.207640e-02 9.998840e-01 9.277449e-03 -3.033487e-01 5.464058e-03 -9.211999e-03 9.999427e-01 2.211922e+01
9.999319e-01 1.134532e-02 -2.733114e-03 -1.211540e+00 -1.132148e-02 9.998991e-01 8.583390e-03 -2.948842e-01 2.830219e-03 -8.551863e-03 9.999594e-01 2.219191e+01
9.999645e-01 8.373657e-03 -9.653069e-04 -1.332346e+00 -8.362228e-03 9.999013e-01 1.129142e-02 -2.884982e-01 1.059762e-03 -1.128295e-02 9.999358e-01 2.228404e+01
9.999890e-01 4.646651e-03 6.545935e-04 -1.368098e+00 -4.655203e-03 9.998949e-01 1.373227e-02 -2.975208e-01 -5.907156e-04 -1.373516e-02 9.999055e-01 2.239642e+01
9.999894e-01 4.161150e-03 1.944727e-03 -1.460904e+00 -4.186164e-03 9.999062e-01 1.304069e-02 -2.993177e-01 -1.890280e-03 -1.304869e-02 9.999131e-01 2.247737e+01
9.999869e-01 3.089060e-03 4.079710e-03 -1.468874e+00 -3.133901e-03 9.999343e-01 1.103096e-02 -2.964069e-01 -4.045367e-03 -1.104361e-02 9.999309e-01 2.263971e+01
9.999767e-01 -4.980855e-04 6.807534e-03 -1.569526e+00 4.401971e-04 9.999638e-01 8.502429e-03 -2.823077e-01 -6.811522e-03 -8.499234e-03 9.999407e-01 2.273204e+01
9.999467e-01 2.688341e-03 9.972533e-03 -1.669242e+00 -2.765312e-03 9.999664e-01 7.712507e-03 -2.930517e-01 -9.951464e-03 -7.739673e-03 9.999205e-01 2.283797e+01
9.999343e-01 4.826354e-03 1.039534e-02 -1.646310e+00 -4.927438e-03 9.999406e-01 9.720364e-03 -2.983416e-01 -1.034780e-02 -9.770948e-03 9.998987e-01 2.298182e+01
9.999164e-01 3.973736e-03 1.230751e-02 -1.635471e+00 -4.110826e-03 9.999295e-01 1.113351e-02 -3.040035e-01 -1.226240e-02 -1.118317e-02 9.998623e-01 2.422332e+01
9.998790e-01 1.178435e-03 1.551219e-02 -1.664333e+00 -1.360456e-03 9.999303e-01 1.172877e-02 -3.164566e-01 -1.549729e-02 -1.174845e-02 9.998109e-01 2.529226e+01
9.998276e-01 3.367144e-03 1.826219e-02 -1.695625e+00 -3.596912e-03 9.999146e-01 1.256342e-02 -3.229189e-01 -1.821832e-02 -1.262694e-02 9.997543e-01 2.653800e+01
9.997564e-01 3.943378e-03 2.171767e-02 -1.652289e+00 -4.213920e-03 9.999139e-01 1.242560e-02 -3.378085e-01 -2.166680e-02 -1.251409e-02 9.996869e-01 2.775491e+01
9.996699e-01 1.580064e-03 2.564436e-02 -1.823781e+00 -1.867046e-03 9.999359e-01 1.117075e-02 -3.351727e-01 -2.562507e-02 -1.121494e-02 9.996087e-01 2.788520e+01
9.995863e-01 4.571781e-04 2.875803e-02 -1.969262e+00 -7.813695e-04 9.999363e-01 1.126285e-02 -3.574873e-01 -2.875105e-02 -1.128066e-02 9.995229e-01 2.794892e+01
9.994220e-01 -7.592501e-04 3.398621e-02 -2.211932e+00 3.500871e-04 9.999274e-01 1.204342e-02 -3.646756e-01 -3.399288e-02 -1.202456e-02 9.993497e-01 2.803513e+01
9.993325e-01 -1.313392e-03 3.650843e-02 -2.187239e+00 7.927276e-04 9.998978e-01 1.427229e-02 -3.886989e-01 -3.652344e-02 -1.423383e-02 9.992314e-01 2.811561e+01
9.990573e-01 2.306805e-04 4.341081e-02 -2.358352e+00 -8.440661e-04 9.999000e-01 1.411199e-02 -4.011378e-01 -4.340322e-02 -1.413533e-02 9.989576e-01 2.825631e+01
9.985902e-01 -3.398897e-03 5.297302e-02 -2.641812e+00 2.630756e-03 9.998905e-01 1.456361e-02 -4.082329e-01 -5.301671e-02 -1.440372e-02 9.984897e-01 2.851613e+01
9.980533e-01 -4.950969e-03 6.216998e-02 -2.877343e+00 3.984600e-03 9.998695e-01 1.565837e-02 -4.150808e-01 -6.223939e-02 -1.538016e-02 9.979427e-01 2.881205e+01
9.971840e-01 -2.988034e-05 7.499371e-02 -3.150558e+00 -1.378236e-03 9.998237e-01 1.872463e-02 -4.469380e-01 -7.498106e-02 -1.877526e-02 9.970082e-01 2.922468e+01
9.959592e-01 -7.486042e-04 8.980343e-02 -3.406321e+00 -1.015513e-03 9.998074e-01 1.959691e-02 -4.639225e-01 -8.980080e-02 -1.960892e-02 9.957667e-01 2.950133e+01
9.943546e-01 5.990898e-04 1.061065e-01 -3.652990e+00 -2.887487e-03 9.997665e-01 2.141466e-02 -4.858402e-01 -1.060689e-01 -2.160015e-02 9.941241e-01 2.975372e+01
9.925000e-01 3.874726e-03 1.221832e-01 -3.407243e+00 -6.907144e-03 9.996783e-01 2.440483e-02 -4.881428e-01 -1.220494e-01 -2.506573e-02 9.922075e-01 3.120956e+01
9.902464e-01 4.585056e-03 1.392519e-01 -3.260408e+00 -8.323357e-03 9.996201e-01 2.627511e-02 -4.919930e-01 -1.390785e-01 -2.717788e-02 9.899083e-01 3.230454e+01
9.871734e-01 4.497678e-03 1.595885e-01 -3.145326e+00 -8.946480e-03 9.995908e-01 2.716919e-02 -4.889630e-01 -1.594010e-01 -2.824845e-02 9.868097e-01 3.351954e+01
9.835635e-01 1.254629e-03 1.805580e-01 -3.320845e+00 -5.918751e-03 9.996625e-01 2.529526e-02 -4.826068e-01 -1.804653e-01 -2.594818e-02 9.832390e-01 3.387512e+01
9.792487e-01 3.326994e-04 2.026618e-01 -3.096730e+00 -5.921996e-03 9.996186e-01 2.697367e-02 -4.874949e-01 -2.025755e-01 -2.761410e-02 9.788772e-01 3.500347e+01
9.738693e-01 -3.330274e-03 2.270849e-01 -3.137392e+00 -3.611530e-03 9.995390e-01 3.014686e-02 -4.922297e-01 -2.270806e-01 -3.017923e-02 9.734082e-01 3.573717e+01
9.680697e-01 -9.537097e-03 2.504998e-01 -2.919470e+00 1.518591e-03 9.994808e-01 3.218383e-02 -4.902631e-01 -2.506767e-01 -3.077578e-02 9.675815e-01 3.677143e+01
9.613062e-01 -1.495381e-02 2.750761e-01 -2.672786e+00 6.250605e-03 9.994525e-01 3.248877e-02 -4.846210e-01 -2.754113e-01 -2.951226e-02 9.608734e-01 3.782761e+01
9.538240e-01 -2.162792e-02 2.995864e-01 -2.331512e+00 1.256046e-02 9.994038e-01 3.215953e-02 -4.792415e-01 -3.001033e-01 -2.691159e-02 9.535270e-01 3.887175e+01
9.444970e-01 -2.603940e-02 3.274865e-01 -2.237927e+00 1.634375e-02 9.993438e-01 3.232406e-02 -4.595044e-01 -3.281133e-01 -2.517762e-02 9.443028e-01 3.959922e+01
9.342616e-01 -2.897002e-02 3.554097e-01 -1.935344e+00 1.771648e-02 9.992346e-01 3.487810e-02 -4.378259e-01 -3.561481e-01 -2.628866e-02 9.340597e-01 4.055436e+01
9.231949e-01 -3.437208e-02 3.827919e-01 -1.784756e+00 2.179267e-02 9.990720e-01 3.715152e-02 -4.254513e-01 -3.837136e-01 -2.595604e-02 9.230873e-01 4.113893e+01
9.106022e-01 -4.007737e-02 4.113362e-01 -1.538529e+00 2.707545e-02 9.989339e-01 3.738958e-02 -4.222054e-01 -4.123962e-01 -2.290992e-02 9.107165e-01 4.191426e+01
8.962158e-01 -3.982488e-02 4.418271e-01 -1.138827e+00 2.806184e-02 9.990570e-01 3.313030e-02 -3.968235e-01 -4.427299e-01 -1.729342e-02 8.964882e-01 4.294415e+01
8.819640e-01 -4.135793e-02 4.694987e-01 -6.167765e-01 3.187612e-02 9.990959e-01 2.812990e-02 -3.759176e-01 -4.702376e-01 -9.843762e-03 8.824849e-01 4.386776e+01
8.667756e-01 -4.264510e-02 4.968717e-01 -1.029986e-01 3.432290e-02 9.990758e-01 2.587276e-02 -3.544363e-01 -4.975159e-01 -5.371800e-03 8.674383e-01 4.468879e+01
8.503491e-01 -4.358146e-02 5.244111e-01 4.552522e-01 3.315954e-02 9.990218e-01 2.925498e-02 -3.365309e-01 -5.251731e-01 -7.487718e-03 8.509625e-01 4.550676e+01
8.314594e-01 -4.254230e-02 5.539544e-01 1.058593e+00 2.809326e-02 9.990079e-01 3.455463e-02 -3.105428e-01 -5.548748e-01 -1.316839e-02 8.318297e-01 4.640663e+01
8.099304e-01 -4.222967e-02 5.850038e-01 1.434006e+00 2.517611e-02 9.989885e-01 3.725798e-02 -2.884421e-01 -5.859854e-01 -1.544825e-02 8.101743e-01 4.705579e+01
7.877330e-01 -3.770423e-02 6.148618e-01 2.092156e+00 2.099215e-02 9.991884e-01 3.437751e-02 -2.913982e-01 -6.156591e-01 -1.417303e-02 7.878852e-01 4.786350e+01
7.664816e-01 -3.108917e-02 6.415133e-01 2.853893e+00 1.783340e-02 9.994729e-01 2.712930e-02 -2.654727e-01 -6.420186e-01 -9.353750e-03 7.666320e-01 4.860308e+01
7.441026e-01 -2.904150e-02 6.674339e-01 3.496583e+00 1.686976e-02 9.995529e-01 2.468511e-02 -2.436642e-01 -6.678523e-01 -7.108805e-03 7.442599e-01 4.923969e+01
7.216660e-01 -3.079930e-02 6.915559e-01 4.221413e+00 1.808255e-02 9.995075e-01 2.564446e-02 -2.089194e-01 -6.920052e-01 -6.001640e-03 7.218676e-01 4.986361e+01
6.975790e-01 -3.238953e-02 7.157754e-01 4.949738e+00 1.880202e-02 9.994612e-01 2.690255e-02 -2.102364e-01 -7.162611e-01 -5.308632e-03 6.978122e-01 5.048863e+01
6.741072e-01 -3.107170e-02 7.379797e-01 5.781738e+00 1.900098e-02 9.995136e-01 2.472682e-02 -2.028753e-01 -7.383891e-01 -2.646198e-03 6.743698e-01 5.108478e+01
6.482617e-01 -2.854666e-02 7.608823e-01 6.572412e+00 1.998557e-02 9.995906e-01 2.047504e-02 -1.671792e-01 -7.611553e-01 1.933482e-03 6.485667e-01 5.170663e+01
6.216268e-01 -2.599544e-02 7.828821e-01 7.232180e+00 1.876555e-02 9.996566e-01 1.829310e-02 -1.479579e-01 -7.830888e-01 3.319730e-03 6.219011e-01 5.219898e+01
5.948798e-01 -2.462260e-02 8.034375e-01 8.039507e+00 1.885217e-02 9.996831e-01 1.667837e-02 -1.363484e-01 -8.035936e-01 5.224912e-03 5.951555e-01 5.272209e+01
5.675808e-01 -1.850250e-02 8.231098e-01 8.880984e+00 1.677119e-02 9.997998e-01 1.090959e-02 -1.375732e-01 -8.231469e-01 7.612456e-03 5.677775e-01 5.321528e+01
5.386472e-01 -9.631835e-03 8.424763e-01 9.683178e+00 1.370281e-02 9.999025e-01 2.670595e-03 -1.523279e-01 -8.424199e-01 1.010579e-02 5.387267e-01 5.367386e+01
5.096747e-01 -1.208233e-03 8.603663e-01 1.053183e+01 1.239411e-02 9.999056e-01 -5.937990e-03 -1.506242e-01 -8.602779e-01 1.368992e-02 5.096415e-01 5.410448e+01
4.794268e-01 3.717540e-03 8.775740e-01 1.139130e+01 9.483223e-03 9.999107e-01 -9.416549e-03 -1.565216e-01 -8.775307e-01 1.283678e-02 4.793487e-01 5.451516e+01
4.484523e-01 3.123926e-03 8.938013e-01 1.228763e+01 7.147316e-03 9.999494e-01 -7.080991e-03 -1.684243e-01 -8.937781e-01 9.563767e-03 4.484073e-01 5.492384e+01
4.172829e-01 1.314305e-03 9.087757e-01 1.322707e+01 2.322835e-03 9.999942e-01 -2.512805e-03 -1.807443e-01 -9.087737e-01 3.159486e-03 4.172774e-01 5.530291e+01
3.842500e-01 2.955122e-03 9.232244e-01 1.411092e+01 -3.115347e-03 9.999933e-01 -1.904229e-03 -1.895089e-01 -9.232239e-01 -2.144465e-03 3.842567e-01 5.563279e+01
3.504779e-01 5.715282e-03 9.365535e-01 1.502623e+01 -1.055472e-02 9.999420e-01 -2.152312e-03 -2.026196e-01 -9.365115e-01 -9.130720e-03 3.505179e-01 5.594059e+01
3.162042e-01 6.580387e-03 9.486683e-01 1.603221e+01 -1.506249e-02 9.998847e-01 -1.915111e-03 -2.127232e-01 -9.485716e-01 -1.368374e-02 3.162670e-01 5.626426e+01
2.807418e-01 6.562689e-03 9.597609e-01 1.697997e+01 -1.874649e-02 9.998233e-01 -1.353051e-03 -2.203694e-01 -9.596002e-01 -1.761229e-02 2.808152e-01 5.652464e+01
2.460002e-01 5.555496e-03 9.692539e-01 1.794160e+01 -2.005716e-02 9.997987e-01 -6.399893e-04 -2.327206e-01 -9.690623e-01 -1.928304e-02 2.460620e-01 5.673176e+01
2.111298e-01 4.904676e-03 9.774457e-01 1.890886e+01 -2.059912e-02 9.997876e-01 -5.673402e-04 -2.438099e-01 -9.772409e-01 -2.001474e-02 2.111861e-01 5.690122e+01
1.764731e-01 3.511256e-03 9.842992e-01 1.986946e+01 -1.844387e-02 9.998299e-01 -2.598921e-04 -2.559200e-01 -9.841326e-01 -1.810842e-02 1.765078e-01 5.704514e+01
1.421238e-01 2.154448e-03 9.898466e-01 2.084546e+01 -1.124726e-02 9.999366e-01 -5.615100e-04 -2.745768e-01 -9.897850e-01 -1.105325e-02 1.421390e-01 5.715337e+01
1.091236e-01 5.743267e-03 9.940116e-01 2.185197e+01 -9.865301e-03 9.999403e-01 -4.694500e-03 -2.857109e-01 -9.939792e-01 -9.293943e-03 1.091737e-01 5.722743e+01
7.760614e-02 1.045057e-02 9.969293e-01 2.286198e+01 -9.138319e-03 9.999105e-01 -9.770446e-03 -2.952222e-01 -9.969422e-01 -8.352011e-03 7.769471e-02 5.727560e+01
4.810286e-02 1.375154e-02 9.987477e-01 2.377036e+01 -3.876582e-03 9.999003e-01 -1.358070e-02 -3.215548e-01 -9.988349e-01 -3.218457e-03 4.815137e-02 5.729530e+01
2.237755e-02 1.212164e-02 9.996762e-01 2.466980e+01 -1.926132e-03 9.999251e-01 -1.208154e-02 -3.389062e-01 -9.997478e-01 -1.655152e-03 2.239925e-02 5.729348e+01
1.161039e-03 8.998116e-03 9.999588e-01 2.572508e+01 -2.677325e-04 9.999595e-01 -8.997810e-03 -3.556109e-01 -9.999993e-01 -2.572742e-04 1.163423e-03 5.727811e+01
-1.801431e-02 6.397824e-03 9.998173e-01 2.674555e+01 -2.484460e-04 9.999795e-01 -6.403339e-03 -3.726594e-01 -9.998377e-01 -3.637529e-04 -1.801240e-02 5.725770e+01
-3.445005e-02 9.209062e-03 9.993640e-01 2.777131e+01 7.859297e-04 9.999575e-01 -9.187439e-03 -3.945709e-01 -9.994062e-01 4.689230e-04 -3.445590e-02 5.720217e+01
-4.884112e-02 1.414498e-02 9.987064e-01 2.891776e+01 4.098591e-03 9.998941e-01 -1.396137e-02 -4.142159e-01 -9.987981e-01 3.411401e-03 -4.889393e-02 5.717128e+01
-6.083369e-02 1.905753e-02 9.979660e-01 2.997794e+01 8.432632e-03 9.997919e-01 -1.857836e-02 -4.400766e-01 -9.981123e-01 7.285289e-03 -6.098175e-02 5.709801e+01
-6.941843e-02 2.208423e-02 9.973432e-01 3.103839e+01 1.364678e-02 9.996824e-01 -2.118617e-02 -4.639851e-01 -9.974943e-01 1.213981e-02 -6.969786e-02 5.700087e+01
-7.530737e-02 2.786771e-02 9.967709e-01 3.204816e+01 1.727013e-02 9.994959e-01 -2.663912e-02 -4.969392e-01 -9.970108e-01 1.520824e-02 -7.575071e-02 5.691190e+01
-7.901108e-02 3.290887e-02 9.963304e-01 3.324603e+01 2.043930e-02 9.992983e-01 -3.138602e-02 -5.325245e-01 -9.966642e-01 1.788446e-02 -7.962835e-02 5.686693e+01
-8.238053e-02 3.687190e-02 9.959186e-01 3.442533e+01 2.266984e-02 9.991261e-01 -3.511544e-02 -5.790901e-01 -9.963430e-01 1.968448e-02 -8.314443e-02 5.682138e+01
-8.508325e-02 3.975606e-02 9.955803e-01 3.551172e+01 2.271515e-02 9.990214e-01 -3.795220e-02 -6.230206e-01 -9.961149e-01 1.938566e-02 -8.590305e-02 5.673714e+01
-8.787942e-02 4.324108e-02 9.951922e-01 3.651645e+01 2.358212e-02 9.988677e-01 -4.131839e-02 -6.751664e-01 -9.958520e-01 1.983771e-02 -8.879960e-02 5.665196e+01
-9.066355e-02 4.668222e-02 9.947869e-01 3.759443e+01 2.429376e-02 9.987072e-01 -4.465209e-02 -7.229361e-01 -9.955853e-01 2.011880e-02 -9.168053e-02 5.656651e+01
-9.329641e-02 4.870074e-02 9.944466e-01 3.867707e+01 2.637553e-02 9.985734e-01 -4.642835e-02 -7.763213e-01 -9.952890e-01 2.189746e-02 -9.444785e-02 5.648016e+01
-9.470904e-02 4.747789e-02 9.943722e-01 3.979245e+01 2.599305e-02 9.986395e-01 -4.520593e-02 -8.346077e-01 -9.951656e-01 2.156536e-02 -9.581423e-02 5.632924e+01
-9.676778e-02 4.706369e-02 9.941936e-01 4.091546e+01 2.497794e-02 9.986817e-01 -4.484497e-02 -8.917243e-01 -9.949935e-01 2.049335e-02 -9.781575e-02 5.621147e+01
-9.982860e-02 4.814859e-02 9.938391e-01 4.195845e+01 2.366251e-02 9.986609e-01 -4.600536e-02 -9.403631e-01 -9.947234e-01 1.892408e-02 -1.008343e-01 5.612274e+01
-1.020384e-01 5.021148e-02 9.935124e-01 4.304585e+01 2.169826e-02 9.986001e-01 -4.824009e-02 -9.875277e-01 -9.945438e-01 1.663514e-02 -1.029850e-01 5.601165e+01
-1.046827e-01 5.281937e-02 9.931020e-01 4.401073e+01 2.005994e-02 9.984976e-01 -5.099183e-02 -1.039542e+00 -9.943033e-01 1.458361e-02 -1.055850e-01 5.589649e+01
-1.071358e-01 5.642409e-02 9.926421e-01 4.513195e+01 1.763153e-02 9.983392e-01 -5.484496e-02 -1.107174e+00 -9.940881e-01 1.162595e-02 -1.079526e-01 5.577603e+01
-1.095442e-01 6.065693e-02 9.921294e-01 4.629218e+01 1.469095e-02 9.981261e-01 -5.940147e-02 -1.178037e+00 -9.938734e-01 8.068242e-03 -1.102300e-01 5.568386e+01
-1.123834e-01 6.311124e-02 9.916587e-01 4.740762e+01 1.232591e-02 9.979928e-01 -6.211747e-02 -1.242406e+00 -9.935885e-01 5.242129e-03 -1.129358e-01 5.559701e+01
-1.146077e-01 6.146764e-02 9.915074e-01 4.848492e+01 9.588853e-03 9.981058e-01 -6.076834e-02 -1.307219e+00 -9.933646e-01 2.542905e-03 -1.149800e-01 5.542416e+01
-1.184316e-01 5.745738e-02 9.912984e-01 4.962745e+01 6.514348e-03 9.983479e-01 -5.708770e-02 -1.374191e+00 -9.929408e-01 -3.033220e-04 -1.186103e-01 5.533561e+01
-1.219381e-01 5.581858e-02 9.909669e-01 5.068509e+01 6.796848e-03 9.984409e-01 -5.540323e-02 -1.437728e+00 -9.925144e-01 -2.031677e-05 -1.221274e-01 5.525856e+01
-1.242906e-01 5.675644e-02 9.906213e-01 5.184172e+01 7.357766e-03 9.983880e-01 -5.627827e-02 -1.503659e+00 -9.922186e-01 2.939027e-04 -1.245078e-01 5.516320e+01
-1.257710e-01 5.951690e-02 9.902724e-01 5.297499e+01 8.737114e-03 9.982265e-01 -5.888529e-02 -1.569890e+00 -9.920208e-01 1.246064e-03 -1.260680e-01 5.503372e+01
-1.267517e-01 6.250295e-02 9.899635e-01 5.411404e+01 9.590067e-03 9.980434e-01 -6.178522e-02 -1.641684e+00 -9.918883e-01 1.662452e-03 -1.271030e-01 5.490231e+01
-1.277257e-01 6.357104e-02 9.897701e-01 5.529251e+01 8.219528e-03 9.979773e-01 -6.303748e-02 -1.709611e+00 -9.917755e-01 8.393599e-05 -1.279899e-01 5.478003e+01
-1.281075e-01 6.227231e-02 9.898034e-01 5.641026e+01 5.225961e-03 9.980553e-01 -6.211509e-02 -1.787699e+00 -9.917465e-01 -2.784730e-03 -1.281838e-01 5.465967e+01
-1.283748e-01 6.152847e-02 9.898153e-01 5.757149e+01 1.607132e-03 9.980851e-01 -6.183410e-02 -1.867411e+00 -9.917245e-01 -6.347166e-03 -1.282278e-01 5.454097e+01
-1.281401e-01 6.249741e-02 9.897851e-01 5.876598e+01 -2.506509e-03 9.979889e-01 -6.333992e-02 -1.935145e+00 -9.917530e-01 -1.059728e-02 -1.277257e-01 5.439238e+01
-1.284325e-01 6.248572e-02 9.897480e-01 5.997256e+01 -6.475056e-03 9.979389e-01 -6.384308e-02 -2.017317e+00 -9.916973e-01 -1.460819e-02 -1.277632e-01 5.427003e+01
-1.276919e-01 6.190131e-02 9.898805e-01 6.114607e+01 -1.000925e-02 9.979192e-01 -6.369518e-02 -2.098808e+00 -9.917636e-01 -1.804131e-02 -1.268065e-01 5.407412e+01
-1.286098e-01 5.680192e-02 9.900672e-01 6.234398e+01 -9.866324e-03 9.982356e-01 -5.855219e-02 -2.170214e+00 -9.916462e-01 -1.729870e-02 -1.278224e-01 5.394954e+01
-1.286297e-01 4.815648e-02 9.905228e-01 6.348951e+01 -7.260283e-03 9.987478e-01 -4.949918e-02 -2.244157e+00 -9.916661e-01 -1.355854e-02 -1.281190e-01 5.378141e+01
-1.275975e-01 4.311024e-02 9.908888e-01 6.467317e+01 -1.500558e-03 9.990454e-01 -4.365834e-02 -2.307802e+00 -9.918250e-01 -7.057575e-03 -1.274110e-01 5.357362e+01
-1.275935e-01 4.540329e-02 9.907869e-01 6.582735e+01 6.577426e-03 9.989684e-01 -4.493118e-02 -2.374493e+00 -9.918049e-01 7.839020e-04 -1.277605e-01 5.343479e+01
-1.260619e-01 5.117619e-02 9.907015e-01 6.708172e+01 1.155273e-02 9.986765e-01 -5.011812e-02 -2.433167e+00 -9.919551e-01 5.127327e-03 -1.264863e-01 5.325549e+01
-1.248224e-01 5.670851e-02 9.905572e-01 6.830484e+01 1.509396e-02 9.983583e-01 -5.525309e-02 -2.500932e+00 -9.920644e-01 8.054613e-03 -1.254734e-01 5.308424e+01
-1.239607e-01 6.112803e-02 9.904025e-01 6.950626e+01 1.560770e-02 9.980974e-01 -5.964947e-02 -2.575694e+00 -9.921644e-01 8.063711e-03 -1.246790e-01 5.291834e+01
-1.242651e-01 5.827636e-02 9.905364e-01 7.066991e+01 1.253865e-02 9.982863e-01 -5.715932e-02 -2.640184e+00 -9.921700e-01 5.317093e-03 -1.247828e-01 5.277827e+01
-1.257648e-01 5.491911e-02 9.905389e-01 7.191842e+01 1.222009e-02 9.984766e-01 -5.380768e-02 -2.712698e+00 -9.919849e-01 5.337369e-03 -1.262443e-01 5.270345e+01
-1.246395e-01 5.271180e-02 9.908009e-01 7.316406e+01 9.623647e-03 9.986051e-01 -5.191637e-02 -2.774354e+00 -9.921554e-01 3.064288e-03 -1.249729e-01 5.251863e+01
-1.238590e-01 5.362126e-02 9.908502e-01 7.444299e+01 6.553028e-03 9.985613e-01 -5.321942e-02 -2.842327e+00 -9.922783e-01 -9.863185e-05 -1.240323e-01 5.232943e+01
-1.236562e-01 5.836605e-02 9.906071e-01 7.560323e+01 6.068611e-03 9.982946e-01 -5.806145e-02 -2.911159e+00 -9.923066e-01 -1.168044e-03 -1.237994e-01 5.215667e+01
-1.234299e-01 6.112872e-02 9.904687e-01 7.681772e+01 5.686686e-03 9.981281e-01 -6.089277e-02 -2.982142e+00 -9.923370e-01 -1.883507e-03 -1.235465e-01 5.201713e+01
-1.228820e-01 6.051248e-02 9.905747e-01 7.819355e+01 6.960997e-03 9.981673e-01 -6.011278e-02 -3.058226e+00 -9.923969e-01 -4.913855e-04 -1.230780e-01 5.186005e+01
-1.251167e-01 5.338045e-02 9.907050e-01 7.938198e+01 8.814693e-03 9.985719e-01 -5.269112e-02 -3.140522e+00 -9.921029e-01 2.140227e-03 -1.254085e-01 5.178145e+01
-1.274176e-01 5.249149e-02 9.904591e-01 8.060371e+01 7.503418e-03 9.986210e-01 -5.195877e-02 -3.210359e+00 -9.918208e-01 8.113685e-04 -1.276357e-01 5.166836e+01
-1.292608e-01 5.473215e-02 9.900990e-01 8.186996e+01 4.138731e-03 9.984967e-01 -5.465604e-02 -3.286161e+00 -9.916019e-01 -2.967131e-03 -1.292931e-01 5.157841e+01
-1.283700e-01 5.716450e-02 9.900776e-01 8.320644e+01 2.909119e-03 9.983547e-01 -5.726522e-02 -3.367578e+00 -9.917222e-01 -4.470881e-03 -1.283251e-01 5.139194e+01
-1.286968e-01 5.651192e-02 9.900725e-01 8.454733e+01 1.985824e-03 9.983877e-01 -5.672840e-02 -3.447373e+00 -9.916820e-01 -5.334656e-03 -1.286016e-01 5.124066e+01
-1.288958e-01 5.288348e-02 9.902472e-01 8.581849e+01 1.387152e-03 9.985856e-01 -5.314824e-02 -3.526036e+00 -9.916573e-01 -5.476950e-03 -1.287868e-01 5.107522e+01
-1.285691e-01 5.116683e-02 9.903799e-01 8.706635e+01 1.736659e-03 9.986781e-01 -5.137011e-02 -3.607752e+00 -9.916992e-01 -4.884652e-03 -1.284881e-01 5.091354e+01
-1.276833e-01 5.171777e-02 9.904657e-01 8.833515e+01 2.802260e-03 9.986544e-01 -5.178411e-02 -3.677401e+00 -9.918110e-01 -3.836420e-03 -1.276563e-01 5.074295e+01
-1.263255e-01 5.236598e-02 9.906059e-01 8.960057e+01 4.731922e-03 9.986262e-01 -5.218653e-02 -3.745902e+00 -9.919777e-01 -1.905011e-03 -1.263998e-01 5.056910e+01
-1.250510e-01 5.184315e-02 9.907949e-01 9.080887e+01 4.089499e-03 9.986523e-01 -5.173814e-02 -3.820333e+00 -9.921419e-01 -2.418052e-03 -1.250945e-01 5.038380e+01
-1.233025e-01 5.254328e-02 9.909772e-01 9.205413e+01 5.310209e-03 9.986179e-01 -5.228769e-02 -3.892772e+00 -9.923549e-01 -1.184904e-03 -1.234111e-01 5.022078e+01
-1.223966e-01 5.057648e-02 9.911919e-01 9.333447e+01 5.726831e-03 9.987200e-01 -5.025345e-02 -3.969948e+00 -9.924648e-01 -4.744569e-04 -1.225295e-01 5.006414e+01
-1.206347e-01 4.961659e-02 9.914564e-01 9.463051e+01 4.096857e-03 9.987665e-01 -4.948395e-02 -4.036630e+00 -9.926887e-01 -1.907615e-03 -1.206892e-01 4.989748e+01
-1.188012e-01 4.904949e-02 9.917058e-01 9.590886e+01 5.055005e-03 9.987960e-01 -4.879461e-02 -4.114934e+00 -9.929053e-01 -7.837786e-04 -1.189061e-01 4.972295e+01
-1.168675e-01 4.929790e-02 9.919232e-01 9.720782e+01 2.770579e-03 9.987796e-01 -4.931222e-02 -4.189641e+00 -9.931436e-01 -3.014798e-03 -1.168616e-01 4.956270e+01
-1.154305e-01 5.162757e-02 9.919730e-01 9.850214e+01 2.029504e-03 9.986585e-01 -5.173936e-02 -4.265378e+00 -9.933136e-01 -3.959086e-03 -1.153804e-01 4.941106e+01
-1.137249e-01 5.046861e-02 9.922296e-01 9.979722e+01 -4.212128e-05 9.987087e-01 -5.080299e-02 -4.338237e+00 -9.935123e-01 -5.819357e-03 -1.135759e-01 4.924635e+01
-1.130661e-01 4.868991e-02 9.923939e-01 1.011117e+02 -5.272039e-03 9.987551e-01 -4.960267e-02 -4.406820e+00 -9.935737e-01 -1.084031e-02 -1.126686e-01 4.910184e+01
-1.128608e-01 4.982949e-02 9.923607e-01 1.024079e+02 -8.273524e-03 9.986600e-01 -5.108674e-02 -4.474142e+00 -9.935765e-01 -1.397600e-02 -1.122973e-01 4.895592e+01
-1.125230e-01 4.939697e-02 9.924207e-01 1.037237e+02 -1.108098e-02 9.986390e-01 -5.096288e-02 -4.540144e+00 -9.935875e-01 -1.673148e-02 -1.118225e-01 4.880075e+01
-1.131061e-01 4.675408e-02 9.924824e-01 1.050329e+02 -1.388690e-02 9.987203e-01 -4.863053e-02 -4.617543e+00 -9.934860e-01 -1.928291e-02 -1.123121e-01 4.864135e+01
-1.139181e-01 4.484056e-02 9.924777e-01 1.063467e+02 -1.634040e-02 9.987612e-01 -4.700003e-02 -4.692674e+00 -9.933558e-01 -2.157164e-02 -1.130443e-01 4.848407e+01
-1.144094e-01 4.369124e-02 9.924725e-01 1.076658e+02 -1.851384e-02 9.987651e-01 -4.610248e-02 -4.765950e+00 -9.932612e-01 -2.364904e-02 -1.134592e-01 4.831897e+01
-1.157118e-01 4.344155e-02 9.923324e-01 1.089554e+02 -1.885252e-02 9.987671e-01 -4.592156e-02 -4.837373e+00 -9.931039e-01 -2.402163e-02 -1.147503e-01 4.816629e+01
-1.174661e-01 4.177400e-02 9.921979e-01 1.103406e+02 -1.929032e-02 9.988304e-01 -4.433703e-02 -4.905273e+00 -9.928895e-01 -2.434791e-02 -1.165229e-01 4.800347e+01
-1.192731e-01 3.701348e-02 9.921715e-01 1.116878e+02 -2.236714e-02 9.989511e-01 -3.995524e-02 -4.979647e+00 -9.926097e-01 -2.695761e-02 -1.183200e-01 4.780956e+01
-1.219029e-01 3.636688e-02 9.918756e-01 1.129878e+02 -2.302141e-02 9.989561e-01 -3.945585e-02 -5.054527e+00 -9.922751e-01 -2.764416e-02 -1.209384e-01 4.761783e+01
-1.245161e-01 4.165567e-02 9.913428e-01 1.143097e+02 -2.884356e-02 9.985442e-01 -4.558112e-02 -5.135255e+00 -9.917983e-01 -3.426944e-02 -1.231334e-01 4.738304e+01
-1.304421e-01 4.467000e-02 9.904491e-01 1.156081e+02 -2.858174e-02 9.983999e-01 -4.879281e-02 -5.205589e+00 -9.910439e-01 -3.467340e-02 -1.289567e-01 4.717871e+01
-1.384361e-01 4.007522e-02 9.895602e-01 1.170427e+02 -2.760159e-02 9.986367e-01 -4.430416e-02 -5.272862e+00 -9.899867e-01 -3.344673e-02 -1.371412e-01 4.696253e+01
-1.471633e-01 3.772624e-02 9.883925e-01 1.183501e+02 -2.619449e-02 9.987732e-01 -4.202260e-02 -5.358318e+00 -9.887654e-01 -3.207462e-02 -1.459944e-01 4.670431e+01
-1.586261e-01 3.927294e-02 9.865574e-01 1.195828e+02 -2.652041e-02 9.986786e-01 -4.401962e-02 -5.430508e+00 -9.869825e-01 -3.314656e-02 -1.573750e-01 4.646677e+01
-1.718793e-01 3.941355e-02 9.843292e-01 1.208448e+02 -2.529748e-02 9.986932e-01 -4.440603e-02 -5.497689e+00 -9.847931e-01 -3.253352e-02 -1.706576e-01 4.622670e+01
-1.854758e-01 3.739036e-02 9.819374e-01 1.221009e+02 -2.500320e-02 9.987727e-01 -4.275421e-02 -5.565353e+00 -9.823309e-01 -3.248144e-02 -1.843133e-01 4.597804e+01
-2.003043e-01 3.955100e-02 9.789351e-01 1.234277e+02 -2.133255e-02 9.987719e-01 -4.471739e-02 -5.631571e+00 -9.795015e-01 -2.984027e-02 -1.992145e-01 4.569687e+01
-2.146881e-01 4.387905e-02 9.756965e-01 1.247006e+02 -2.125158e-02 9.985439e-01 -4.958265e-02 -5.692965e+00 -9.764515e-01 -3.137990e-02 -2.134429e-01 4.541000e+01
-2.292644e-01 4.817127e-02 9.721715e-01 1.259519e+02 -2.111743e-02 9.982934e-01 -5.444568e-02 -5.763914e+00 -9.731351e-01 -3.301221e-02 -2.278558e-01 4.511469e+01
-2.432376e-01 4.578475e-02 9.688856e-01 1.272674e+02 -2.550999e-02 9.982378e-01 -5.357605e-02 -5.849351e+00 -9.696313e-01 -3.774797e-02 -2.416410e-01 4.472591e+01
-2.566062e-01 3.989683e-02 9.656922e-01 1.285010e+02 -3.145667e-02 9.982736e-01 -4.960165e-02 -5.934285e+00 -9.660040e-01 -4.310555e-02 -2.549082e-01 4.434162e+01
-2.697099e-01 3.568319e-02 9.622803e-01 1.296912e+02 -3.617303e-02 9.982324e-01 -4.715502e-02 -6.013843e+00 -9.622620e-01 -4.752678e-02 -2.679424e-01 4.394018e+01
-2.830456e-01 3.650336e-02 9.584115e-01 1.309013e+02 -3.875345e-02 9.980241e-01 -4.945707e-02 -6.091658e+00 -9.583232e-01 -5.114037e-02 -2.810718e-01 4.354424e+01
-2.950577e-01 3.863575e-02 9.546980e-01 1.321182e+02 -3.952514e-02 9.978333e-01 -5.259698e-02 -6.168544e+00 -9.546616e-01 -5.325371e-02 -2.928913e-01 4.311360e+01
-3.073599e-01 4.097556e-02 9.507107e-01 1.332949e+02 -3.806543e-02 9.977434e-01 -5.530903e-02 -6.247830e+00 -9.508317e-01 -5.318899e-02 -3.051066e-01 4.269289e+01
-3.201566e-01 4.060039e-02 9.464945e-01 1.345213e+02 -3.641501e-02 9.978155e-01 -5.511940e-02 -6.333875e+00 -9.466648e-01 -5.211343e-02 -3.179787e-01 4.225526e+01
-3.337815e-01 3.874927e-02 9.418537e-01 1.357146e+02 -3.641671e-02 9.978788e-01 -5.395987e-02 -6.417621e+00 -9.419467e-01 -5.231002e-02 -3.316624e-01 4.184769e+01
-3.471597e-01 3.734267e-02 9.370623e-01 1.368998e+02 -3.712137e-02 9.978766e-01 -5.351877e-02 -6.502716e+00 -9.370711e-01 -5.336459e-02 -3.450364e-01 4.138509e+01
-3.609428e-01 3.816381e-02 9.318067e-01 1.380882e+02 -3.859157e-02 9.976953e-01 -5.581114e-02 -6.585996e+00 -9.317891e-01 -5.610452e-02 -3.586382e-01 4.090994e+01
-3.746790e-01 4.061422e-02 9.262648e-01 1.391473e+02 -3.730204e-02 9.975709e-01 -5.882967e-02 -6.662904e+00 -9.264041e-01 -5.659379e-02 -3.722539e-01 4.046424e+01
-3.889263e-01 4.207867e-02 9.203075e-01 1.402035e+02 -3.668527e-02 9.974567e-01 -6.110949e-02 -6.746367e+00 -9.205382e-01 -5.752881e-02 -3.863934e-01 4.000321e+01
-4.032453e-01 4.471527e-02 9.139988e-01 1.413760e+02 -3.404790e-02 9.973807e-01 -6.381606e-02 -6.836922e+00 -9.144583e-01 -5.685327e-02 -4.006666e-01 3.948310e+01
-4.181099e-01 4.784568e-02 9.071357e-01 1.425207e+02 -3.403707e-02 9.970856e-01 -6.827807e-02 -6.932570e+00 -9.077587e-01 -5.942397e-02 -4.152628e-01 3.897030e+01
-4.324925e-01 5.012513e-02 9.002432e-01 1.436519e+02 -3.346917e-02 9.968728e-01 -7.158460e-02 -7.020592e+00 -9.010161e-01 -6.109020e-02 -4.294624e-01 3.840821e+01
-4.468671e-01 4.780329e-02 8.933223e-01 1.447235e+02 -3.503509e-02 9.968701e-01 -7.086994e-02 -7.108696e+00 -8.939141e-01 -6.296706e-02 -4.437937e-01 3.784067e+01
-4.618917e-01 4.324596e-02 8.858817e-01 1.457950e+02 -3.860429e-02 9.968838e-01 -6.879270e-02 -7.205592e+00 -8.860961e-01 -6.597358e-02 -4.587828e-01 3.726477e+01
-4.777772e-01 4.237025e-02 8.774588e-01 1.469229e+02 -3.989685e-02 9.967590e-01 -6.985483e-02 -7.309044e+00 -8.775747e-01 -6.838288e-02 -4.745383e-01 3.663814e+01
-4.938964e-01 4.028875e-02 8.685871e-01 1.480718e+02 -4.142630e-02 9.967014e-01 -6.978707e-02 -7.414637e+00 -8.685336e-01 -7.044992e-02 -4.905982e-01 3.599807e+01
-5.094532e-01 3.972241e-02 8.595811e-01 1.491167e+02 -4.194174e-02 9.966004e-01 -7.091212e-02 -7.508427e+00 -8.594757e-01 -7.217873e-02 -5.060552e-01 3.536716e+01
-5.252960e-01 3.877349e-02 8.500360e-01 1.502161e+02 -4.367532e-02 9.964160e-01 -7.244046e-02 -7.616478e+00 -8.497982e-01 -7.517825e-02 -5.217198e-01 3.468050e+01
-5.402035e-01 3.785319e-02 8.406827e-01 1.513336e+02 -4.454698e-02 9.963009e-01 -7.348504e-02 -7.723961e+00 -8.403546e-01 -7.714675e-02 -5.365189e-01 3.393810e+01
-5.555478e-01 3.457536e-02 8.307654e-01 1.523966e+02 -4.575378e-02 9.963501e-01 -7.206316e-02 -7.829277e+00 -8.302248e-01 -7.804520e-02 -5.519382e-01 3.319631e+01
-5.702558e-01 3.027831e-02 8.209089e-01 1.534795e+02 -4.585887e-02 9.965887e-01 -6.861456e-02 -7.943673e+00 -8.201861e-01 -7.677381e-02 -5.669219e-01 3.241384e+01
-5.862502e-01 2.945998e-02 8.095944e-01 1.544881e+02 -4.514712e-02 9.965975e-01 -6.895706e-02 -8.027536e+00 -8.088712e-01 -7.697694e-02 -5.829254e-01 3.174489e+01
-6.012172e-01 2.747663e-02 7.986134e-01 1.557012e+02 -4.637280e-02 9.965247e-01 -6.919651e-02 -8.136618e+00 -7.977393e-01 -7.863605e-02 -5.978535e-01 3.086862e+01
-6.167694e-01 2.789266e-02 7.866496e-01 1.568774e+02 -4.776568e-02 9.962040e-01 -7.277343e-02 -8.259702e+00 -7.856934e-01 -8.245927e-02 -6.130959e-01 2.994316e+01
-6.318288e-01 2.751363e-02 7.746195e-01 1.579646e+02 -4.952795e-02 9.958944e-01 -7.577121e-02 -8.370165e+00 -7.735240e-01 -8.623975e-02 -6.278720e-01 2.907510e+01
-6.485974e-01 2.499728e-02 7.607212e-01 1.590483e+02 -4.990766e-02 9.959129e-01 -7.527737e-02 -8.482320e+00 -7.594938e-01 -8.679052e-02 -6.446989e-01 2.822584e+01
-6.647626e-01 1.765767e-02 7.468461e-01 1.599576e+02 -5.363243e-02 9.960129e-01 -7.128657e-02 -8.583116e+00 -7.451271e-01 -8.744381e-02 -6.611651e-01 2.739609e+01
-6.822811e-01 1.591612e-02 7.309168e-01 1.608317e+02 -5.421778e-02 9.959084e-01 -7.229657e-02 -8.670156e+00 -7.290769e-01 -8.895526e-02 -6.786267e-01 2.665332e+01
-7.009939e-01 1.342580e-02 7.130409e-01 1.618468e+02 -5.535360e-02 9.957823e-01 -7.316791e-02 -8.771420e+00 -7.110159e-01 -9.075963e-02 -6.972941e-01 2.575371e+01
-7.190772e-01 1.032577e-02 6.948535e-01 1.628483e+02 -5.746598e-02 9.955815e-01 -7.426403e-02 -8.881252e+00 -6.925501e-01 -9.333201e-02 -7.153065e-01 2.481660e+01
-7.367480e-01 8.623015e-03 6.761125e-01 1.637924e+02 -5.705690e-02 9.955596e-01 -7.487109e-02 -8.986909e+00 -6.737558e-01 -9.373800e-02 -7.329844e-01 2.384397e+01
-7.537295e-01 1.066584e-02 6.570982e-01 1.646658e+02 -5.487145e-02 9.953556e-01 -7.909705e-02 -9.099249e+00 -6.548901e-01 -9.567372e-02 -7.496437e-01 2.290291e+01
-7.705356e-01 1.055609e-02 6.373096e-01 1.656817e+02 -5.064046e-02 9.956884e-01 -7.771867e-02 -9.211076e+00 -6.353822e-01 -9.215865e-02 -7.666788e-01 2.188902e+01
-7.862105e-01 1.255889e-02 6.178311e-01 1.666037e+02 -4.537238e-02 9.959217e-01 -7.798234e-02 -9.338122e+00 -6.162907e-01 -8.934300e-02 -7.824343e-01 2.082372e+01
-8.014905e-01 1.301830e-02 5.978656e-01 1.674273e+02 -4.383671e-02 9.957942e-01 -8.044995e-02 -9.464303e+00 -5.963984e-01 -9.068835e-02 -7.975490e-01 1.975496e+01
-8.165531e-01 1.546354e-02 5.770635e-01 1.683817e+02 -4.211693e-02 9.953812e-01 -8.626924e-02 -9.588494e+00 -5.757322e-01 -9.474754e-02 -8.121303e-01 1.860488e+01
-8.308730e-01 1.519102e-02 5.562549e-01 1.691996e+02 -4.009791e-02 9.953942e-01 -8.707757e-02 -9.712612e+00 -5.550157e-01 -9.465504e-02 -8.264370e-01 1.745923e+01
-8.438730e-01 1.514275e-02 5.363292e-01 1.701647e+02 -3.673070e-02 9.956262e-01 -8.590352e-02 -9.841411e+00 -5.352842e-01 -9.219141e-02 -8.396258e-01 1.626146e+01
-8.556362e-01 1.786584e-02 5.172694e-01 1.710044e+02 -3.265212e-02 9.955501e-01 -8.839623e-02 -9.961535e+00 -5.165469e-01 -9.252495e-02 -8.512454e-01 1.512872e+01
-8.661792e-01 2.113855e-02 4.992862e-01 1.717445e+02 -2.890703e-02 9.953127e-01 -9.228802e-02 -1.007911e+01 -4.988967e-01 -9.437085e-02 -8.615081e-01 1.398960e+01
-8.752959e-01 1.899776e-02 4.832147e-01 1.723737e+02 -3.083338e-02 9.950024e-01 -9.497051e-02 -1.019684e+01 -4.826041e-01 -9.802642e-02 -8.703358e-01 1.289220e+01
-8.842902e-01 1.765897e-02 4.666035e-01 1.731296e+02 -3.004519e-02 9.950619e-01 -9.459945e-02 -1.033656e+01 -4.659699e-01 -9.767256e-02 -8.793930e-01 1.163885e+01
-8.935093e-01 1.596877e-02 4.487607e-01 1.740453e+02 -3.064804e-02 9.948684e-01 -9.642364e-02 -1.047489e+01 -4.479976e-01 -9.990905e-02 -8.884348e-01 1.028253e+01
-9.000164e-01 1.427508e-02 4.356221e-01 1.745725e+02 -3.068162e-02 9.949091e-01 -9.599233e-02 -1.061272e+01 -4.347747e-01 -9.976026e-02 -8.949965e-01 9.083218e+00
-9.069244e-01 1.133326e-02 4.211412e-01 1.751695e+02 -3.239326e-02 9.948028e-01 -9.652960e-02 -1.073323e+01 -4.200465e-01 -1.011872e-01 -9.018438e-01 7.925124e+00
-9.126521e-01 7.008248e-03 4.086772e-01 1.756980e+02 -3.410230e-02 9.950613e-01 -9.322070e-02 -1.086822e+01 -4.073122e-01 -9.901489e-02 -9.079058e-01 6.715249e+00
-9.187965e-01 3.150722e-03 3.947192e-01 1.762437e+02 -3.553161e-02 9.952486e-01 -9.065195e-02 -1.099227e+01 -3.931293e-01 -9.731569e-02 -9.143190e-01 5.555065e+00
-9.229001e-01 3.970160e-03 3.850194e-01 1.766955e+02 -3.227527e-02 9.956300e-01 -8.763105e-02 -1.112486e+01 -3.836848e-01 -9.330130e-02 -9.187390e-01 4.313566e+00
-9.262259e-01 7.772067e-03 3.768888e-01 1.771531e+02 -2.789656e-02 9.956329e-01 -8.908900e-02 -1.125335e+01 -3.759353e-01 -9.303045e-02 -9.219642e-01 3.114157e+00
-9.288205e-01 1.358006e-02 3.702815e-01 1.776105e+02 -2.171569e-02 9.956154e-01 -9.098618e-02 -1.137587e+01 -3.698936e-01 -9.255072e-02 -9.244530e-01 1.941421e+00
-9.315541e-01 1.721283e-02 3.631956e-01 1.781391e+02 -1.743609e-02 9.956150e-01 -9.190644e-02 -1.151788e+01 -3.631849e-01 -9.194852e-02 -9.271691e-01 6.825541e-01
-9.331533e-01 1.530925e-02 3.591530e-01 1.785970e+02 -1.889328e-02 9.956232e-01 -9.152804e-02 -1.163440e+01 -3.589823e-01 -9.219526e-02 -9.287798e-01 -4.928145e-01
-9.351263e-01 8.224430e-03 3.542191e-01 1.790854e+02 -2.443646e-02 9.958530e-01 -8.763361e-02 -1.176195e+01 -3.534709e-01 -9.060435e-02 -9.310473e-01 -1.699652e+00
-9.373496e-01 1.900662e-03 3.483855e-01 1.795771e+02 -2.981171e-02 9.958798e-01 -8.564313e-02 -1.188914e+01 -3.471129e-01 -9.066351e-02 -9.334308e-01 -2.930606e+00
-9.391837e-01 -4.341005e-03 3.433881e-01 1.800507e+02 -3.609190e-02 9.956303e-01 -8.612671e-02 -1.201671e+01 -3.415137e-01 -9.328232e-02 -9.352365e-01 -4.160325e+00
-9.402405e-01 -6.720788e-03 3.404449e-01 1.804931e+02 -3.912282e-02 9.953164e-01 -8.840067e-02 -1.214385e+01 -3.382562e-01 -9.643704e-02 -9.360998e-01 -5.375461e+00
-9.410067e-01 -4.903435e-03 3.383525e-01 1.809408e+02 -3.814571e-02 9.950587e-01 -9.166819e-02 -1.226084e+01 -3.362311e-01 -9.916708e-02 -9.365439e-01 -6.584906e+00
-9.419639e-01 -5.360051e-03 3.356720e-01 1.814215e+02 -3.908357e-02 9.948245e-01 -9.379096e-02 -1.239085e+01 -3.334320e-01 -1.014669e-01 -9.372983e-01 -7.847045e+00
-9.423128e-01 -2.876008e-03 3.347214e-01 1.818777e+02 -3.667249e-02 9.948308e-01 -9.469312e-02 -1.253158e+01 -3.327189e-01 -1.015056e-01 -9.375473e-01 -9.078322e+00
-9.418365e-01 -3.657181e-04 3.360719e-01 1.823181e+02 -3.509219e-02 9.946399e-01 -9.726295e-02 -1.265579e+01 -3.342349e-01 -1.033993e-01 -9.368008e-01 -1.027117e+01
-9.414330e-01 2.937742e-04 3.371998e-01 1.827689e+02 -3.521018e-02 9.944474e-01 -9.917020e-02 -1.279560e+01 -3.353566e-01 -1.052350e-01 -9.361953e-01 -1.149831e+01
-9.411579e-01 8.462847e-04 3.379666e-01 1.832256e+02 -3.453454e-02 9.945217e-01 -9.866094e-02 -1.293608e+01 -3.361986e-01 -1.045270e-01 -9.359727e-01 -1.270924e+01
-9.403614e-01 1.498954e-03 3.401741e-01 1.836795e+02 -3.367833e-02 9.946673e-01 -9.748174e-02 -1.309179e+01 -3.385062e-01 -1.031246e-01 -9.352962e-01 -1.395764e+01
-9.397932e-01 8.725327e-05 3.417439e-01 1.841680e+02 -3.554789e-02 9.945503e-01 -9.801037e-02 -1.322137e+01 -3.398900e-01 -1.042577e-01 -9.346685e-01 -1.516022e+01
-9.380226e-01 -3.469447e-04 3.465742e-01 1.846107e+02 -3.561447e-02 9.948021e-01 -9.539668e-02 -1.335668e+01 -3.447396e-01 -1.018273e-01 -9.331591e-01 -1.637259e+01
-9.366196e-01 -2.926729e-03 3.503362e-01 1.851043e+02 -3.757874e-02 9.950355e-01 -9.215371e-02 -1.349183e+01 -3.483272e-01 -9.947815e-02 -9.320797e-01 -1.756164e+01
-9.353665e-01 -6.677501e-03 3.536170e-01 1.855889e+02 -4.105795e-02 9.951120e-01 -8.981290e-02 -1.361018e+01 -3.512888e-01 -9.852676e-02 -9.310685e-01 -1.866335e+01
-9.332541e-01 -4.846135e-03 3.591845e-01 1.860890e+02 -3.930630e-02 9.952826e-01 -8.869953e-02 -1.374888e+01 -3.570602e-01 -9.689740e-02 -9.290421e-01 -1.989327e+01
-9.303066e-01 -2.621046e-03 3.667739e-01 1.865767e+02 -3.736461e-02 9.954494e-01 -8.766005e-02 -1.387376e+01 -3.648751e-01 -9.525507e-02 -9.261711e-01 -2.104849e+01
-9.268092e-01 -1.930050e-03 3.755276e-01 1.870751e+02 -3.880814e-02 9.951251e-01 -9.066471e-02 -1.399629e+01 -3.735220e-01 -9.860241e-02 -9.223660e-01 -2.228490e+01
-9.238837e-01 -9.571356e-04 3.826721e-01 1.876012e+02 -3.855192e-02 9.951421e-01 -9.058671e-02 -1.410611e+01 -3.807264e-01 -9.844433e-02 -9.194325e-01 -2.343692e+01
