1.000000e+00 0.000000e+00 0.000000e+00 0.000000e+00 0.000000e+00 1.000000e+00 0.000000e+00 0.000000e+00 0.000000e+00 0.000000e+00 1.000000e+00 0.000000e+00
9.999967e-01 -1.107653e-03 -2.335245e-03 2.389578e-02 1.115773e-03 9.999933e-01 3.479005e-03 1.091991e-02 2.331376e-03 -3.481599e-03 9.999912e-01 -7.878923e-01
1.000000e+00 6.170905e-05 -2.140886e-04 9.548000e-04 -6.183492e-05 9.999998e-01 -5.879930e-04 1.305881e-02 2.140523e-04 5.880062e-04 9.999998e-01 2.248722e-01
9.999999e-01 3.617687e-05 3.251669e-04 3.284321e-04 -3.559990e-05 9.999985e-01 -1.774190e-03 1.844069e-02 -3.252306e-04 1.774179e-03 9.999984e-01 1.217420e+00
9.999981e-01 -1.839222e-03 6.810107e-04 5.626868e-03 1.838100e-03 9.999970e-01 1.644871e-03 2.871790e-02 -6.840338e-04 -1.643616e-03 9.999984e-01 2.296205e+00
9.999964e-01 -2.676121e-03 6.612544e-05 8.295873e-03 2.675583e-03 9.999711e-01 7.118601e-03 3.296947e-02 -8.517376e-05 -7.118398e-03 9.999747e-01 3.298233e+00
9.999828e-01 -5.816849e-03 -7.123390e-04 -1.149825e-02 5.821949e-03 9.999558e-01 7.379987e-03 4.048866e-02 6.693792e-04 -7.384007e-03 9.999725e-01 4.252729e+00
9.999780e-01 -6.498165e-03 -1.312800e-03 -9.394541e-03 6.504369e-03 9.999675e-01 4.777974e-03 5.102410e-02 1.281709e-03 -4.786408e-03 9.999877e-01 5.338577e+00
9.999744e-01 -6.671100e-03 -2.591298e-03 -6.764901e-03 6.672885e-03 9.999775e-01 6.805037e-04 6.061544e-02 2.586700e-03 -6.977777e-04 9.999964e-01 6.305862e+00
9.999709e-01 -6.924889e-03 -3.208577e-03 -8.110019e-03 6.923730e-03 9.999760e-01 -3.722209e-04 7.071305e-02 3.211077e-03 3.499947e-04 9.999948e-01 7.278388e+00
9.999753e-01 -5.691424e-03 -4.127459e-03 -2.290160e-02 5.699442e-03 9.999819e-01 1.933334e-03 6.740189e-02 4.116381e-03 -1.956810e-03 9.999896e-01 8.259482e+00
9.999710e-01 -5.868308e-03 -4.859790e-03 -2.913272e-02 5.891433e-03 9.999713e-01 4.758059e-03 7.387014e-02 4.831729e-03 -4.786551e-03 9.999769e-01 9.275988e+00
9.999685e-01 -5.601349e-03 -5.613674e-03 -4.192565e-02 5.638649e-03 9.999620e-01 6.650745e-03 7.825946e-02 5.576208e-03 -6.682190e-03 9.999622e-01 1.029071e+01
9.999571e-01 -6.352546e-03 -6.741564e-03 -3.578646e-02 6.401642e-03 9.999530e-01 7.286218e-03 8.546685e-02 6.694960e-03 -7.329063e-03 9.999507e-01 1.122455e+01
9.999458e-01 -7.361705e-03 -7.358465e-03 -5.097614e-02 7.416913e-03 9.999443e-01 7.503700e-03 9.223226e-02 7.302815e-03 -7.557870e-03 9.999447e-01 1.215878e+01
9.999366e-01 -7.869178e-03 -8.052238e-03 -6.641361e-02 7.919185e-03 9.999495e-01 6.197345e-03 9.847791e-02 8.003063e-03 -6.260719e-03 9.999484e-01 1.313107e+01
9.999114e-01 -9.589201e-03 -9.235939e-03 -8.341451e-02 9.630280e-03 9.999439e-01 4.413648e-03 1.068946e-01 9.193097e-03 -4.502201e-03 9.999476e-01 1.412776e+01
9.998911e-01 -1.108064e-02 -9.748914e-03 -1.190570e-01 1.110837e-02 9.999344e-01 2.795533e-03 1.182353e-01 9.717299e-03 -2.903523e-03 9.999486e-01 1.506461e+01
9.998758e-01 -1.102804e-02 -1.125635e-02 -1.374345e-01 1.105490e-02 9.999362e-01 2.326740e-03 1.220338e-01 1.122997e-02 -2.450889e-03 9.999340e-01 1.597573e+01
9.998740e-01 -9.237196e-03 -1.291124e-02 -1.532460e-01 9.255671e-03 9.999563e-01 1.371842e-03 1.268309e-01 1.289800e-02 -1.491172e-03 9.999157e-01 1.685813e+01
9.998803e-01 -5.851738e-03 -1.432698e-02 -1.725238e-01 5.867516e-03 9.999822e-01 1.059487e-03 1.340112e-01 1.432053e-02 -1.143424e-03 9.998968e-01 1.776788e+01
9.998479e-01 -6.376782e-03 -1.623354e-02 -1.813535e-01 6.413458e-03 9.999770e-01 2.208214e-03 1.339986e-01 1.621908e-02 -2.311992e-03 9.998658e-01 1.868854e+01
9.998279e-01 -6.019331e-03 -1.755143e-02 -2.053611e-01 6.087047e-03 9.999743e-01 3.807297e-03 1.374144e-01 1.752806e-02 -3.913478e-03 9.998387e-01 1.962171e+01
9.998060e-01 -5.211059e-03 -1.899604e-02 -2.263737e-01 5.297320e-03 9.999759e-01 4.493563e-03 1.421110e-01 1.897217e-02 -4.593320e-03 9.998094e-01 2.055712e+01
9.997579e-01 -6.389763e-03 -2.105186e-02 -2.420307e-01 6.475506e-03 9.999710e-01 4.007282e-03 1.514085e-01 2.102564e-02 -4.142633e-03 9.997703e-01 2.146795e+01
9.997216e-01 -6.538805e-03 -2.266774e-02 -2.686496e-01 6.630506e-03 9.999701e-01 3.972660e-03 1.526695e-01 2.264109e-02 -4.121853e-03 9.997352e-01 2.238796e+01
9.996709e-01 -6.282378e-03 -2.487263e-02 -2.782614e-01 6.402273e-03 9.999682e-01 4.743664e-03 1.531388e-01 2.484204e-02 -4.901344e-03 9.996794e-01 2.325380e+01
9.996436e-01 -6.433256e-03 -2.590858e-02 -3.036122e-01 6.601862e-03 9.999576e-01 6.427486e-03 1.643479e-01 2.586613e-02 -6.596240e-03 9.996436e-01 2.412822e+01
9.996135e-01 -7.281156e-03 -2.683203e-02 -3.290621e-01 7.530894e-03 9.999291e-01 9.218184e-03 1.692912e-01 2.676301e-02 -9.416690e-03 9.995974e-01 2.499697e+01
9.995867e-01 -8.033409e-03 -2.760220e-02 -3.612480e-01 8.328532e-03 9.999092e-01 1.059373e-02 1.796238e-01 2.751459e-02 -1.081924e-02 9.995629e-01 2.586294e+01
9.995574e-01 -8.017882e-03 -2.864771e-02 -3.819106e-01 8.304141e-03 9.999166e-01 9.887458e-03 1.789046e-01 2.856605e-02 -1.012098e-02 9.995407e-01 2.673460e+01
9.995404e-01 -6.513235e-03 -2.960766e-02 -3.984846e-01 6.750516e-03 9.999458e-01 7.921310e-03 1.793209e-01 2.955446e-02 -8.117537e-03 9.995302e-01 2.760735e+01
9.995277e-01 -5.401190e-03 -3.025235e-02 -4.464504e-01 5.590769e-03 9.999653e-01 6.185500e-03 1.845344e-01 3.021789e-02 -6.351713e-03 9.995232e-01 2.842743e+01
9.995064e-01 -3.875321e-03 -3.117829e-02 -4.754541e-01 4.056764e-03 9.999752e-01 5.758393e-03 1.916240e-01 3.115520e-02 -5.882033e-03 9.994972e-01 2.924416e+01
9.994780e-01 -3.543386e-03 -3.211287e-02 -5.073354e-01 3.722183e-03 9.999779e-01 5.509687e-03 1.923149e-01 3.209263e-02 -5.626340e-03 9.994690e-01 3.000975e+01
9.994320e-01 -2.096295e-03 -3.363576e-02 -5.393757e-01 2.254082e-03 9.999866e-01 4.653807e-03 2.007542e-01 3.362556e-02 -4.726981e-03 9.994233e-01 3.078939e+01
9.993641e-01 -2.307725e-03 -3.558028e-02 -5.717725e-01 2.477329e-03 9.999858e-01 4.723439e-03 2.050347e-01 3.556887e-02 -4.808580e-03 9.993557e-01 3.157491e+01
9.992629e-01 -2.782914e-03 -3.828693e-02 -5.936462e-01 3.010694e-03 9.999781e-01 5.892913e-03 2.119253e-01 3.826969e-02 -6.003840e-03 9.992494e-01 3.244287e+01
9.991512e-01 -3.133013e-03 -4.107279e-02 -6.277232e-01 3.472950e-03 9.999603e-01 8.207694e-03 2.134960e-01 4.104545e-02 -8.343371e-03 9.991224e-01 3.324042e+01
9.990492e-01 -2.939258e-03 -4.349612e-02 -6.630017e-01 3.387500e-03 9.999419e-01 1.023521e-02 2.162182e-01 4.346351e-02 -1.037282e-02 9.990011e-01 3.404158e+01
9.989801e-01 -1.853893e-03 -4.511492e-02 -7.095215e-01 2.324985e-03 9.999433e-01 1.039182e-02 2.222007e-01 4.509310e-02 -1.048611e-02 9.989278e-01 3.482702e+01
9.989018e-01 6.577384e-04 -4.684830e-02 -7.500406e-01 -1.914228e-04 9.999504e-01 9.957526e-03 2.295523e-01 4.685253e-02 -9.937623e-03 9.988524e-01 3.561737e+01
9.988254e-01 3.198966e-03 -4.834935e-02 -7.953146e-01 -2.748466e-03 9.999522e-01 9.381204e-03 2.382746e-01 4.837705e-02 -9.237298e-03 9.987864e-01 3.627802e+01
9.987456e-01 3.638788e-03 -4.994104e-02 -8.413530e-01 -3.132463e-03 9.999430e-01 1.021298e-02 2.486917e-01 4.997535e-02 -1.004373e-02 9.987000e-01 3.694559e+01
9.987459e-01 5.094021e-03 -4.980553e-02 -9.064260e-01 -4.471084e-03 9.999105e-01 1.261082e-02 2.494823e-01 4.986532e-02 -1.237232e-02 9.986793e-01 3.746978e+01
9.987636e-01 9.117911e-03 -4.886797e-02 -9.690184e-01 -8.451011e-03 9.998686e-01 1.383625e-02 2.474904e-01 4.898771e-02 -1.340616e-02 9.987094e-01 3.799973e+01
9.988262e-01 1.234144e-02 -4.683917e-02 -1.042636e+00 -1.178652e-02 9.998572e-01 1.210504e-02 2.475442e-01 4.698188e-02 -1.153876e-02 9.988291e-01 3.854981e+01
9.988781e-01 1.455019e-02 -4.506418e-02 -1.091703e+00 -1.413691e-02 9.998552e-01 9.476145e-03 2.553066e-01 4.519554e-02 -8.828446e-03 9.989392e-01 3.922112e+01
9.989656e-01 1.559177e-02 -4.271686e-02 -1.126109e+00 -1.528832e-02 9.998556e-01 7.421258e-03 2.688971e-01 4.282640e-02 -6.760512e-03 9.990597e-01 3.984636e+01
9.990597e-01 1.792073e-02 -3.947951e-02 -1.168809e+00 -1.760247e-02 9.998098e-01 8.394373e-03 2.809187e-01 3.962243e-02 -7.691542e-03 9.991851e-01 4.056039e+01
9.991069e-01 2.196629e-02 -3.609419e-02 -1.215427e+00 -2.156746e-02 9.997024e-01 1.140214e-02 2.839219e-01 3.633391e-02 -1.061350e-02 9.992833e-01 4.126171e+01
9.991230e-01 2.716259e-02 -3.186375e-02 -1.258656e+00 -2.670066e-02 9.995334e-01 1.483390e-02 2.831081e-01 3.225181e-02 -1.397010e-02 9.993821e-01 4.185952e+01
9.990962e-01 3.202968e-02 -2.794320e-02 -1.276309e+00 -3.159714e-02 9.993760e-01 1.578581e-02 2.981800e-01 2.843138e-02 -1.488862e-02 9.994848e-01 4.267435e+01
9.990472e-01 3.609785e-02 -2.452629e-02 -1.245324e+00 -3.570399e-02 9.992293e-01 1.631159e-02 3.009276e-01 2.509620e-02 -1.542036e-02 9.995661e-01 4.327267e+01
9.989812e-01 4.128351e-02 -1.822575e-02 -1.280141e+00 -4.095169e-02 9.989950e-01 1.821895e-02 3.130014e-01 1.895957e-02 -1.745402e-02 9.996679e-01 4.384849e+01
9.988697e-01 4.599815e-02 -1.198095e-02 -1.305744e+00 -4.575239e-02 9.987518e-01 2.003712e-02 3.170628e-01 1.288766e-02 -1.946632e-02 9.997274e-01 4.441236e+01
9.987779e-01 4.926668e-02 -3.931064e-03 -1.370699e+00 -4.918034e-02 9.985964e-01 1.966074e-02 3.314244e-01 4.894165e-03 -1.944338e-02 9.997990e-01 4.492939e+01
9.986041e-01 5.273197e-02 3.035302e-03 -1.367971e+00 -5.278260e-02 9.984026e-01 2.015584e-02 3.273077e-01 -1.967596e-03 -2.028791e-02 9.997922e-01 4.518150e+01
9.982862e-01 5.762761e-02 1.018031e-02 -1.389504e+00 -5.782285e-02 9.981254e-01 2.005517e-02 3.373179e-01 -9.005499e-03 -2.060945e-02 9.997470e-01 4.571446e+01
9.978462e-01 6.336670e-02 1.695703e-02 -1.399824e+00 -6.366255e-02 9.978178e-01 1.751609e-02 3.437433e-01 -1.581009e-02 -1.855789e-02 9.997028e-01 4.601010e+01
9.975452e-01 6.565223e-02 2.435937e-02 -1.405951e+00 -6.602339e-02 9.977089e-01 1.475799e-02 3.513177e-01 -2.333467e-02 -1.633005e-02 9.995943e-01 4.631269e+01
9.973361e-01 6.659943e-02 2.975168e-02 -1.331507e+00 -6.704955e-02 9.976458e-01 1.439582e-02 3.538461e-01 -2.872288e-02 -1.635231e-02 9.994537e-01 4.648563e+01
9.971902e-01 6.575514e-02 3.588763e-02 -1.271201e+00 -6.635022e-02 9.976737e-01 1.564921e-02 3.567638e-01 -3.477513e-02 -1.798639e-02 9.992333e-01 4.663741e+01
9.968261e-01 6.777051e-02 4.177176e-02 -1.203893e+00 -6.851711e-02 9.975100e-01 1.670698e-02 3.517838e-01 -4.053551e-02 -1.951603e-02 9.989875e-01 4.679182e+01
9.963760e-01 7.013105e-02 4.812925e-02 -1.130744e+00 -7.104401e-02 9.973192e-01 1.752580e-02 3.436885e-01 -4.677112e-02 -2.088158e-02 9.986873e-01 4.694442e+01
9.957687e-01 7.397328e-02 5.452310e-02 -1.072412e+00 -7.501306e-02 9.970329e-01 1.727457e-02 3.358245e-01 -5.308347e-02 -2.129142e-02 9.983631e-01 4.706876e+01
9.950517e-01 7.665346e-02 6.321580e-02 -1.051034e+00 -7.793091e-02 9.967964e-01 1.799231e-02 3.265354e-01 -6.163410e-02 -2.282974e-02 9.978377e-01 4.729034e+01
9.946780e-01 7.487759e-02 7.077540e-02 -9.839450e-01 -7.642378e-02 9.968868e-01 1.939324e-02 3.162367e-01 -6.910294e-02 -2.469896e-02 9.973037e-01 4.744933e+01
9.939864e-01 7.403850e-02 8.068122e-02 -9.552674e-01 -7.566721e-02 9.969828e-01 1.731592e-02 3.184050e-01 -7.915574e-02 -2.331671e-02 9.965895e-01 4.764775e+01
9.932190e-01 7.171610e-02 9.150261e-02 -9.100314e-01 -7.314643e-02 9.972445e-01 1.237065e-02 3.325695e-01 -9.036330e-02 -1.897985e-02 9.957280e-01 4.784839e+01
9.920779e-01 7.024067e-02 1.041519e-01 -8.743348e-01 -7.151937e-02 9.974023e-01 8.589238e-03 3.404016e-01 -1.032780e-01 -1.597007e-02 9.945243e-01 4.809811e+01
9.904125e-01 7.202167e-02 1.178812e-01 -8.031047e-01 -7.324892e-02 9.972950e-01 6.106042e-03 3.377011e-01 -1.171226e-01 -1.468217e-02 9.930089e-01 4.824604e+01
9.883568e-01 7.361978e-02 1.331580e-01 -7.425941e-01 -7.497030e-02 9.971725e-01 5.150103e-03 3.275848e-01 -1.324023e-01 -1.507303e-02 9.910815e-01 4.845449e+01
9.860879e-01 7.367130e-02 1.490071e-01 -6.712368e-01 -7.515044e-02 9.971629e-01 4.312907e-03 3.215612e-01 -1.482666e-01 -1.545085e-02 9.888268e-01 4.864130e+01
9.837567e-01 7.209386e-02 1.643933e-01 -5.342358e-01 -7.357381e-02 9.972855e-01 2.923328e-03 3.197371e-01 -1.637363e-01 -1.497089e-02 9.863905e-01 4.877440e+01
9.807015e-01 7.101845e-02 1.821564e-01 -4.181311e-01 -7.267181e-02 9.973530e-01 2.409391e-03 3.171029e-01 -1.815031e-01 -1.560053e-02 9.832666e-01 4.895859e+01
9.772212e-01 7.021099e-02 2.002727e-01 -2.888330e-01 -7.179393e-02 9.974193e-01 6.429090e-04 3.186369e-01 -1.997107e-01 -1.500663e-02 9.797400e-01 4.912447e+01
9.727789e-01 7.169031e-02 2.203673e-01 -1.963379e-01 -7.324149e-02 9.973136e-01 -1.134164e-03 3.111654e-01 -2.198566e-01 -1.503674e-02 9.754163e-01 4.935155e+01
9.674526e-01 7.312482e-02 2.422564e-01 -1.053289e-01 -7.449723e-02 9.972151e-01 -3.503036e-03 3.059707e-01 -2.418379e-01 -1.465841e-02 9.702060e-01 4.957589e+01
9.612720e-01 7.364918e-02 2.655785e-01 7.072811e-03 -7.502203e-02 9.971694e-01 -4.985786e-03 3.070619e-01 -2.651939e-01 -1.513154e-02 9.640763e-01 4.976225e+01
9.534329e-01 7.608909e-02 2.918498e-01 7.514068e-02 -7.778342e-02 9.969534e-01 -5.811252e-03 2.995396e-01 -2.914028e-01 -1.716043e-02 9.564465e-01 4.994619e+01
9.445847e-01 7.755730e-02 3.189743e-01 1.740441e-01 -7.929920e-02 9.968223e-01 -7.543042e-03 3.000036e-01 -3.185458e-01 -1.816937e-02 9.477333e-01 5.011074e+01
9.343219e-01 7.755563e-02 3.478903e-01 2.572414e-01 -7.932670e-02 9.968064e-01 -9.173231e-03 2.973361e-01 -3.474907e-01 -1.902623e-02 9.374904e-01 5.027595e+01
9.226754e-01 7.510193e-02 3.781928e-01 3.574111e-01 -7.642612e-02 9.970086e-01 -1.153055e-02 2.973189e-01 -3.779274e-01 -1.826485e-02 9.256551e-01 5.043827e+01
9.088862e-01 7.102747e-02 4.109514e-01 4.469064e-01 -7.129048e-02 9.973472e-01 -1.470763e-02 2.990111e-01 -4.109058e-01 -1.592936e-02 9.115386e-01 5.055354e+01
8.929446e-01 7.009228e-02 4.446763e-01 6.114486e-01 -6.866535e-02 9.974523e-01 -1.933845e-02 2.995770e-01 -4.448989e-01 -1.326569e-02 8.954825e-01 5.074292e+01
8.748980e-01 7.135361e-02 4.790220e-01 7.963251e-01 -6.756122e-02 9.973975e-01 -2.517365e-02 2.989921e-01 -4.795716e-01 -1.033894e-02 8.774418e-01 5.098087e+01
8.550181e-01 7.326575e-02 5.133967e-01 1.002898e+00 -6.727251e-02 9.972750e-01 -3.028242e-02 2.952506e-01 -5.142164e-01 -8.645471e-03 8.576169e-01 5.118580e+01
8.340087e-01 7.482626e-02 5.466540e-01 1.279498e+00 -6.767624e-02 9.971535e-01 -3.323985e-02 2.750082e-01 -5.475851e-01 -9.273159e-03 8.366986e-01 5.133465e+01
8.114877e-01 7.836659e-02 5.790910e-01 1.652387e+00 -7.033407e-02 9.968613e-01 -3.634210e-02 2.592304e-01 -5.801214e-01 -1.123866e-02 8.144525e-01 5.150921e+01
7.875949e-01 8.227392e-02 6.106761e-01 2.067552e+00 -7.416965e-02 9.964985e-01 -3.859688e-02 2.328509e-01 -6.117133e-01 -1.489493e-02 7.909393e-01 5.166492e+01
7.596724e-01 8.335950e-02 6.449411e-01 2.418787e+00 -7.401877e-02 9.963889e-01 -4.159831e-02 2.151376e-01 -6.460798e-01 -1.613665e-02 7.630993e-01 5.177716e+01
7.308016e-01 8.023122e-02 6.778584e-01 2.856132e+00 -7.040812e-02 9.966314e-01 -4.205390e-02 1.789509e-01 -6.789490e-01 -1.699368e-02 7.339888e-01 5.180334e+01
6.984190e-01 7.901528e-02 7.113139e-01 3.340254e+00 -6.774113e-02 9.967231e-01 -4.420646e-02 1.616548e-01 -7.124760e-01 -1.731057e-02 7.014830e-01 5.192936e+01
6.623055e-01 7.673935e-02 7.452936e-01 3.802904e+00 -6.381492e-02 9.969039e-01 -4.593731e-02 1.257168e-01 -7.465113e-01 -1.713632e-02 6.651521e-01 5.207509e+01
6.222166e-01 7.358622e-02 7.793790e-01 4.316646e+00 -5.777281e-02 9.971738e-01 -4.802677e-02 7.880070e-02 -7.807105e-01 -1.514385e-02 6.247095e-01 5.226460e+01
5.795387e-01 6.984651e-02 8.119460e-01 4.820846e+00 -5.185331e-02 9.974620e-01 -4.879418e-02 3.911670e-02 -8.132933e-01 -1.382397e-02 5.816896e-01 5.245688e+01
5.357869e-01 6.929514e-02 8.415050e-01 5.468922e+00 -5.012129e-02 9.974794e-01 -5.022684e-02 3.512390e-02 -8.428644e-01 -1.526643e-02 5.379095e-01 5.273051e+01
4.890397e-01 6.843046e-02 8.695732e-01 5.979828e+00 -5.054127e-02 9.974660e-01 -5.007097e-02 2.700278e-02 -8.707961e-01 -1.946262e-02 4.912591e-01 5.295453e+01
4.433585e-01 6.975093e-02 8.936264e-01 6.530135e+00 -5.423928e-02 9.972284e-01 -5.092751e-02 1.630330e-02 -8.947019e-01 -2.589050e-02 4.459129e-01 5.308957e+01
4.008744e-01 6.897374e-02 9.135329e-01 7.745160e+00 -5.001683e-02 9.973224e-01 -5.335176e-02 -3.561961e-02 -9.147666e-01 -2.430466e-02 4.032509e-01 5.321782e+01
3.560276e-01 6.711505e-02 9.320622e-01 8.804946e+00 -3.983434e-02 9.976009e-01 -5.661844e-02 -6.873939e-02 -9.336261e-01 -1.697034e-02 3.578470e-01 5.344670e+01
3.151161e-01 5.909297e-02 9.472116e-01 9.575406e+00 -2.468867e-02 9.982323e-01 -5.406259e-02 -1.227066e-01 -9.487320e-01 -6.349408e-03 3.160180e-01 5.358519e+01
2.743460e-01 5.750550e-02 9.599101e-01 1.018744e+01 -1.411425e-02 9.983436e-01 -5.577403e-02 -1.493541e-01 -9.615275e-01 1.752970e-03 2.747032e-01 5.370023e+01
2.361388e-01 5.953495e-02 9.698939e-01 1.075929e+01 -9.591714e-03 9.982156e-01 -5.893814e-02 -1.472105e-01 -9.716721e-01 4.614637e-03 2.362884e-01 5.382974e+01
2.046926e-01 5.921626e-02 9.770335e-01 1.110572e+01 -9.559777e-04 9.981800e-01 -6.029763e-02 -1.768058e-01 -9.788259e-01 1.140846e-02 2.043766e-01 5.386823e+01
1.771986e-01 5.831208e-02 9.824461e-01 1.149492e+01 6.404852e-03 9.981537e-01 -6.039960e-02 -1.780117e-01 -9.841543e-01 1.699515e-02 1.764980e-01 5.386795e+01
1.531118e-01 5.582086e-02 9.866310e-01 1.197681e+01 1.315127e-02 9.981998e-01 -5.851629e-02 -1.998695e-01 -9.881213e-01 2.193498e-02 1.521021e-01 5.388310e+01
1.345351e-01 5.407252e-02 9.894324e-01 1.249937e+01 1.735691e-02 9.982283e-01 -5.691326e-02 -2.230877e-01 -9.907568e-01 2.483032e-02 1.333582e-01 5.389059e+01
1.227207e-01 5.505634e-02 9.909129e-01 1.331231e+01 2.213250e-02 9.980599e-01 -5.819446e-02 -2.623543e-01 -9.921944e-01 2.907305e-02 1.212641e-01 5.380956e+01
1.122785e-01 5.496725e-02 9.921553e-01 1.393706e+01 2.335941e-02 9.980469e-01 -5.793716e-02 -2.928053e-01 -9.934022e-01 2.968125e-02 1.107752e-01 5.377553e+01
1.019289e-01 5.498359e-02 9.932712e-01 1.466263e+01 2.553060e-02 9.979979e-01 -5.786519e-02 -3.291387e-01 -9.944642e-01 3.125695e-02 1.003211e-01 5.380086e+01
9.384269e-02 5.714874e-02 9.939455e-01 1.530107e+01 2.998747e-02 9.977359e-01 -6.019793e-02 -3.611122e-01 -9.951354e-01 3.545505e-02 9.191644e-02 5.381625e+01
8.870763e-02 5.845947e-02 9.943407e-01 1.571331e+01 3.501389e-02 9.974762e-01 -6.176749e-02 -3.734894e-01 -9.954421e-01 4.029498e-02 8.643681e-02 5.378773e+01
8.591199e-02 5.724226e-02 9.946571e-01 1.585719e+01 3.530236e-02 9.975463e-01 -6.045773e-02 -3.787268e-01 -9.956772e-01 4.030779e-02 8.368039e-02 5.371961e+01
8.362973e-02 5.401013e-02 9.950322e-01 1.592862e+01 3.334562e-02 9.978192e-01 -5.696401e-02 -3.771366e-01 -9.959388e-01 3.794385e-02 8.164632e-02 5.367196e+01
8.223921e-02 4.729540e-02 9.954898e-01 1.603174e+01 3.478040e-02 9.981287e-01 -5.029405e-02 -3.654371e-01 -9.960055e-01 3.875967e-02 8.044034e-02 5.360445e+01
8.236581e-02 4.204778e-02 9.957148e-01 1.608424e+01 3.582747e-02 9.983388e-01 -4.512225e-02 -3.562439e-01 -9.959580e-01 3.939047e-02 8.072251e-02 5.351815e+01
8.233821e-02 3.891940e-02 9.958442e-01 1.621210e+01 3.940387e-02 9.983287e-01 -4.227449e-02 -3.469706e-01 -9.958252e-01 4.272092e-02 8.066702e-02 5.347445e+01
8.228356e-02 3.968924e-02 9.958183e-01 1.644112e+01 4.128602e-02 9.982132e-01 -4.319612e-02 -3.662909e-01 -9.957534e-01 4.466771e-02 8.049792e-02 5.346448e+01
8.262694e-02 4.497978e-02 9.955650e-01 1.719765e+01 4.319131e-02 9.978807e-01 -4.866907e-02 -4.112415e-01 -9.956442e-01 4.702113e-02 8.050907e-02 5.354317e+01
8.483487e-02 5.024518e-02 9.951274e-01 1.738059e+01 4.506037e-02 9.975125e-01 -5.420702e-02 -4.360391e-01 -9.953757e-01 4.943946e-02 8.235979e-02 5.353287e+01
8.684301e-02 4.960174e-02 9.949864e-01 1.745424e+01 4.749568e-02 9.974179e-01 -5.386840e-02 -4.473660e-01 -9.950892e-01 5.193565e-02 8.426291e-02 5.352997e+01
8.857834e-02 4.540328e-02 9.950339e-01 1.816908e+01 4.648118e-02 9.976839e-01 -4.966198e-02 -4.745917e-01 -9.949841e-01 5.064933e-02 8.626276e-02 5.360770e+01
9.270525e-02 4.292389e-02 9.947681e-01 1.830374e+01 4.695411e-02 9.977704e-01 -4.742924e-02 -4.206795e-01 -9.945860e-01 5.110539e-02 9.048307e-02 5.355677e+01
9.664738e-02 3.818857e-02 9.945858e-01 1.847204e+01 4.336552e-02 9.981532e-01 -4.253953e-02 -4.582800e-01 -9.943736e-01 4.724207e-02 9.481287e-02 5.351646e+01
1.016157e-01 4.125984e-02 9.939678e-01 1.862307e+01 5.249896e-02 9.975249e-01 -4.677460e-02 -4.758050e-01 -9.934375e-01 5.693531e-02 9.919810e-02 5.345066e+01
1.057033e-01 4.221795e-02 9.935011e-01 1.875569e+01 5.579629e-02 9.972725e-01 -4.831465e-02 -5.262640e-01 -9.928311e-01 6.054069e-02 1.030594e-01 5.340861e+01
1.092075e-01 4.596326e-02 9.929557e-01 1.889706e+01 5.210540e-02 9.972923e-01 -5.189467e-02 -4.840191e-01 -9.926524e-01 5.740564e-02 1.065169e-01 5.339369e+01
1.145212e-01 4.352818e-02 9.924667e-01 1.905891e+01 4.914869e-02 9.975679e-01 -4.942320e-02 -4.691539e-01 -9.922043e-01 5.443844e-02 1.121033e-01 5.334794e+01
1.206240e-01 3.931145e-02 9.919196e-01 1.918629e+01 5.605800e-02 9.973513e-01 -4.634375e-02 -4.667807e-01 -9.911142e-01 6.119519e-02 1.181008e-01 5.329196e+01
1.267219e-01 3.694931e-02 9.912500e-01 1.929917e+01 5.912627e-02 9.972478e-01 -4.473162e-02 -5.200381e-01 -9.901747e-01 6.427738e-02 1.241884e-01 5.323264e+01
1.300172e-01 4.154062e-02 9.906413e-01 1.950032e+01 5.982173e-02 9.969732e-01 -4.965749e-02 -5.133641e-01 -9.897056e-01 6.571820e-02 1.271387e-01 5.325146e+01
1.349760e-01 4.159360e-02 9.899755e-01 1.969467e+01 5.736004e-02 9.971150e-01 -4.971420e-02 -5.220128e-01 -9.891872e-01 6.349526e-02 1.322008e-01 5.326564e+01
1.377332e-01 4.203370e-02 9.895771e-01 2.041365e+01 5.746610e-02 9.970770e-01 -5.035062e-02 -5.344254e-01 -9.888009e-01 6.380209e-02 1.349151e-01 5.337180e+01
1.433360e-01 3.871064e-02 9.889168e-01 2.059733e+01 5.841800e-02 9.971615e-01 -4.750063e-02 -5.525472e-01 -9.879485e-01 6.457909e-02 1.406677e-01 5.330361e+01
1.483033e-01 3.459092e-02 9.883368e-01 2.083506e+01 6.264670e-02 9.970523e-01 -4.429631e-02 -6.111878e-01 -9.869557e-01 6.848533e-02 1.456991e-01 5.330630e+01
1.524649e-01 3.500907e-02 9.876887e-01 2.172956e+01 6.612130e-02 9.967719e-01 -4.553787e-02 -6.321881e-01 -9.860945e-01 7.225018e-02 1.496579e-01 5.341499e+01
1.539972e-01 3.390833e-02 9.874893e-01 2.243742e+01 6.752573e-02 9.967132e-01 -4.475558e-02 -6.759828e-01 -9.857612e-01 7.357317e-02 1.512014e-01 5.355399e+01
1.578882e-01 3.015973e-02 9.869964e-01 2.317561e+01 6.893151e-02 9.967585e-01 -4.148490e-02 -7.283207e-01 -9.850482e-01 7.458512e-02 1.552975e-01 5.365086e+01
1.606937e-01 3.348116e-02 9.864363e-01 2.394012e+01 7.114710e-02 9.964316e-01 -4.541051e-02 -7.040354e-01 -9.844368e-01 7.747927e-02 1.577382e-01 5.379117e+01
1.634464e-01 3.420580e-02 9.859591e-01 2.472339e+01 6.957772e-02 9.965105e-01 -4.610604e-02 -7.306315e-01 -9.840956e-01 7.613665e-02 1.604961e-01 5.392048e+01
1.659991e-01 3.551704e-02 9.854861e-01 2.542976e+01 6.719700e-02 9.966209e-01 -4.723726e-02 -7.672726e-01 -9.838338e-01 7.406306e-02 1.630515e-01 5.405906e+01
1.663483e-01 3.609842e-02 9.854061e-01 2.623284e+01 6.797060e-02 9.965329e-01 -4.798029e-02 -7.912689e-01 -9.837217e-01 7.496009e-02 1.633180e-01 5.425231e+01
1.682777e-01 3.917272e-02 9.849611e-01 2.693587e+01 6.505185e-02 9.965906e-01 -5.074917e-02 -7.887757e-01 -9.835909e-01 7.261349e-02 1.651558e-01 5.439803e+01
1.725641e-01 3.310020e-02 9.844420e-01 2.774511e+01 6.783238e-02 9.966632e-01 -4.540155e-02 -8.893112e-01 -9.826599e-01 7.461172e-02 1.697431e-01 5.449643e+01
1.760781e-01 3.443930e-02 9.837735e-01 2.850226e+01 6.485008e-02 9.968109e-01 -4.650272e-02 -9.080235e-01 -9.822377e-01 7.198590e-02 1.732832e-01 5.462053e+01
1.792027e-01 3.512261e-02 9.831851e-01 2.921683e+01 6.510052e-02 9.967489e-01 -4.747287e-02 -9.459258e-01 -9.816559e-01 7.251313e-02 1.763336e-01 5.475223e+01
1.825167e-01 4.098712e-02 9.823481e-01 3.003163e+01 6.323801e-02 9.965726e-01 -5.333002e-02 -9.503281e-01 -9.811671e-01 7.185536e-02 1.792992e-01 5.491190e+01
1.857679e-01 4.036637e-02 9.817641e-01 3.054704e+01 6.628598e-02 9.963648e-01 -5.350923e-02 -1.000906e+00 -9.803553e-01 7.501750e-02 1.824169e-01 5.504566e+01
1.888298e-01 4.414902e-02 9.810169e-01 3.124813e+01 6.030856e-02 9.965819e-01 -5.645791e-02 -1.015462e+00 -9.801562e-01 6.982466e-02 1.855218e-01 5.519760e+01
1.902257e-01 4.583152e-02 9.806700e-01 3.139700e+01 5.497862e-02 9.968448e-01 -5.725193e-02 -9.930863e-01 -9.801998e-01 6.480668e-02 1.871058e-01 5.530151e+01
1.911491e-01 5.236836e-02 9.801630e-01 3.154367e+01 4.825105e-02 9.968672e-01 -6.267064e-02 -9.499687e-01 -9.803743e-01 5.927334e-02 1.880234e-01 5.541066e+01
1.931253e-01 5.169935e-02 9.798111e-01 3.169029e+01 4.963320e-02 9.968176e-01 -6.237963e-02 -9.657807e-01 -9.799179e-01 6.067825e-02 1.899447e-01 5.551380e+01
1.961285e-01 5.148616e-02 9.792258e-01 3.234293e+01 4.780473e-02 9.969311e-01 -6.199188e-02 -1.008041e+00 -9.794124e-01 5.897000e-02 1.930653e-01 5.569673e+01
1.996283e-01 5.113894e-02 9.785363e-01 3.301282e+01 4.632234e-02 9.970282e-01 -6.155542e-02 -1.028408e+00 -9.787762e-01 5.761629e-02 1.966661e-01 5.587222e+01
2.038726e-01 5.172952e-02 9.776298e-01 3.372223e+01 4.743435e-02 9.969082e-01 -6.264145e-02 -1.060560e+00 -9.778476e-01 5.914411e-02 2.007885e-01 5.604160e+01
2.091712e-01 5.287079e-02 9.764488e-01 3.448268e+01 4.766081e-02 9.967994e-01 -6.418243e-02 -1.125140e+00 -9.767170e-01 5.996345e-02 2.059818e-01 5.622296e+01
2.142364e-01 6.112443e-02 9.748675e-01 3.534950e+01 4.557637e-02 9.963276e-01 -7.248583e-02 -1.180097e+00 -9.757180e-01 5.996003e-02 2.106639e-01 5.643217e+01
2.208582e-01 6.652661e-02 9.730344e-01 3.610903e+01 4.651466e-02 9.958171e-01 -7.864211e-02 -1.216504e+00 -9.741961e-01 6.262911e-02 2.168398e-01 5.665044e+01
2.265723e-01 7.217876e-02 9.713162e-01 3.699845e+01 3.867387e-02 9.957972e-01 -8.301914e-02 -1.262580e+00 -9.732262e-01 5.637439e-02 2.228287e-01 5.687274e+01
2.324998e-01 7.132408e-02 9.699777e-01 3.782069e+01 3.618493e-02 9.959826e-01 -8.190966e-02 -1.318850e+00 -9.719231e-01 5.414256e-02 2.289849e-01 5.710148e+01
2.400186e-01 7.033832e-02 9.682167e-01 3.862449e+01 3.548180e-02 9.960695e-01 -8.115761e-02 -1.372292e+00 -9.701197e-01 5.383341e-02 2.365795e-01 5.730067e+01
2.470889e-01 6.913579e-02 9.665233e-01 3.938708e+01 3.412250e-02 9.962120e-01 -7.998275e-02 -1.410363e+00 -9.683918e-01 5.274305e-02 2.437938e-01 5.749894e+01
2.533857e-01 6.828390e-02 9.649523e-01 4.015594e+01 2.697102e-02 9.966192e-01 -7.760706e-02 -1.442192e+00 -9.669893e-01 4.569027e-02 2.506874e-01 5.770136e+01
2.595202e-01 6.240452e-02 9.637193e-01 4.091490e+01 2.384852e-02 9.971916e-01 -7.099415e-02 -1.494313e+00 -9.654432e-01 4.140770e-02 2.573031e-01 5.793618e+01
2.665249e-01 5.887435e-02 9.620282e-01 4.164579e+01 2.453930e-02 9.973946e-01 -6.783719e-02 -1.553178e+00 -9.635156e-01 4.168781e-02 2.643858e-01 5.815289e+01
2.736626e-01 6.163232e-02 9.598491e-01 4.225616e+01 2.497175e-02 9.971532e-01 -7.114734e-02 -1.585290e+00 -9.615015e-01 4.343948e-02 2.713445e-01 5.833835e+01
2.786798e-01 6.701641e-02 9.580431e-01 4.302423e+01 2.600758e-02 9.966699e-01 -7.728362e-02 -1.646330e+00 -9.600319e-01 4.645377e-02 2.760088e-01 5.858775e+01
2.828258e-01 7.067328e-02 9.565641e-01 4.378208e+01 2.421109e-02 9.964380e-01 -8.077772e-02 -1.700477e+00 -9.588656e-01 4.600548e-02 2.801073e-01 5.883710e+01
2.866924e-01 7.277549e-02 9.552545e-01 4.449867e+01 2.296359e-02 9.963020e-01 -8.279454e-02 -1.771925e+00 -9.577474e-01 4.567264e-02 2.839611e-01 5.908073e+01
2.927065e-01 7.290346e-02 9.534193e-01 4.519659e+01 2.010848e-02 9.963995e-01 -8.236342e-02 -1.825961e+00 -9.559910e-01 4.328012e-02 2.901866e-01 5.927133e+01
2.986786e-01 7.127970e-02 9.516882e-01 4.575962e+01 2.434427e-02 9.963133e-01 -8.226227e-02 -1.853447e+00 -9.540432e-01 4.773813e-02 2.958422e-01 5.943185e+01
3.040289e-01 6.417543e-02 9.504989e-01 4.640725e+01 2.747001e-02 9.967230e-01 -7.608301e-02 -1.892864e+00 -9.522668e-01 4.924165e-02 3.012697e-01 5.962307e+01
3.060923e-01 5.825688e-02 9.502178e-01 4.714832e+01 2.389643e-02 9.973412e-01 -6.884370e-02 -1.963888e+00 -9.517020e-01 4.377934e-02 3.038864e-01 5.988911e+01
3.109844e-01 5.393505e-02 9.488834e-01 4.789012e+01 2.281654e-02 9.976771e-01 -6.418634e-02 -2.014983e+00 -9.501411e-01 4.161119e-02 3.090314e-01 6.012590e+01
3.128049e-01 5.345602e-02 9.483119e-01 4.805613e+01 2.359306e-02 9.976696e-01 -6.402057e-02 -2.020744e+00 -9.495243e-01 4.239954e-02 3.108147e-01 6.030558e+01
3.150330e-01 5.511676e-02 9.474790e-01 4.823604e+01 2.196194e-02 9.976216e-01 -6.533591e-02 -2.032204e+00 -9.488266e-01 4.139144e-02 3.130733e-01 6.039820e+01
3.165814e-01 5.790041e-02 9.467966e-01 4.844572e+01 2.072074e-02 9.974750e-01 -6.792801e-02 -2.042055e+00 -9.483390e-01 4.112307e-02 3.145823e-01 6.048103e+01
3.189738e-01 6.203384e-02 9.457313e-01 4.869148e+01 2.074801e-02 9.971595e-01 -7.240504e-02 -2.051460e+00 -9.475365e-01 4.271736e-02 3.167807e-01 6.055352e+01
3.225538e-01 6.728564e-02 9.441566e-01 4.921093e+01 2.147668e-02 9.966933e-01 -7.836680e-02 -2.072906e+00 -9.463075e-01 4.555487e-02 3.200421e-01 6.071151e+01
3.240416e-01 6.930376e-02 9.435009e-01 4.976308e+01 2.159079e-02 9.965116e-01 -8.061286e-02 -2.109719e+00 -9.457964e-01 4.649284e-02 3.214149e-01 6.088679e+01
3.268003e-01 6.928439e-02 9.425505e-01 5.041336e+01 2.067541e-02 9.965464e-01 -8.042206e-02 -2.138925e+00 -9.448673e-01 4.576958e-02 3.242391e-01 6.108713e+01
3.267437e-01 6.651480e-02 9.427695e-01 5.093428e+01 1.965605e-02 9.968264e-01 -7.714102e-02 -2.186390e+00 -9.449086e-01 4.373645e-02 3.243993e-01 6.127023e+01
3.269466e-01 6.283447e-02 9.429516e-01 5.142966e+01 2.092458e-02 9.970613e-01 -7.369523e-02 -2.229541e+00 -9.448111e-01 4.382527e-02 3.246710e-01 6.143971e+01
3.266775e-01 6.222852e-02 9.430851e-01 5.157890e+01 2.200874e-02 9.970587e-01 -7.341358e-02 -2.225376e+00 -9.448797e-01 4.473868e-02 3.243471e-01 6.146114e+01
3.257086e-01 5.942735e-02 9.436007e-01 5.193569e+01 2.320477e-02 9.972196e-01 -7.081397e-02 -2.258498e+00 -9.451854e-01 4.496075e-02 3.234240e-01 6.155063e+01
3.237038e-01 6.075726e-02 9.442058e-01 5.214913e+01 2.208414e-02 9.971790e-01 -7.173711e-02 -2.269436e+00 -9.459007e-01 4.407354e-02 3.214489e-01 6.160948e+01
3.226138e-01 6.321758e-02 9.444172e-01 5.277399e+01 2.166848e-02 9.970124e-01 -7.414018e-02 -2.317856e+00 -9.462826e-01 4.438274e-02 3.202802e-01 6.181953e+01
3.202153e-01 6.794264e-02 9.449053e-01 5.295282e+01 2.115672e-02 9.966632e-01 -7.883398e-02 -2.326147e+00 -9.471086e-01 4.523495e-02 3.177094e-01 6.179923e+01
3.184477e-01 6.767461e-02 9.455217e-01 5.312004e+01 2.203537e-02 9.966504e-01 -7.875552e-02 -2.347372e+00 -9.476843e-01 4.591444e-02 3.158898e-01 6.179872e+01
3.165781e-01 6.540917e-02 9.463087e-01 5.332664e+01 2.234377e-02 9.968287e-01 -7.637603e-02 -2.369248e+00 -9.483033e-01 4.532308e-02 3.141127e-01 6.184946e+01
3.135818e-01 6.382933e-02 9.474135e-01 5.381451e+01 1.985973e-02 9.970791e-01 -7.374874e-02 -2.406204e+00 -9.493535e-01 4.194164e-02 3.113982e-01 6.203236e+01
3.121432e-01 5.881173e-02 9.482130e-01 5.431617e+01 2.067854e-02 9.974250e-01 -6.867123e-02 -2.456861e+00 -9.498100e-01 4.104292e-02 3.101233e-01 6.217785e+01
3.111380e-01 5.627720e-02 9.486970e-01 5.444089e+01 2.463256e-02 9.974322e-01 -6.724679e-02 -2.476578e+00 -9.500455e-01 4.429187e-02 3.089529e-01 6.211377e+01
3.086087e-01 5.864102e-02 9.493797e-01 5.509826e+01 2.542354e-02 9.972327e-01 -6.986105e-02 -2.521606e+00 -9.508492e-01 4.569633e-02 3.062639e-01 6.238906e+01
3.070563e-01 5.911905e-02 9.498534e-01 5.526311e+01 2.933112e-02 9.970067e-01 -7.153567e-02 -2.535309e+00 -9.512393e-01 4.982575e-02 3.044032e-01 6.232216e+01
3.053789e-01 6.007817e-02 9.503338e-01 5.568613e+01 2.879112e-02 9.969689e-01 -7.227804e-02 -2.565349e+00 -9.517956e-01 4.943336e-02 3.027235e-01 6.241218e+01
3.064520e-01 6.491391e-02 9.496703e-01 5.590558e+01 2.806612e-02 9.966221e-01 -7.718002e-02 -2.551916e+00 -9.514723e-01 5.030554e-02 3.035949e-01 6.234056e+01
3.059398e-01 6.099593e-02 9.500949e-01 5.618161e+01 3.017588e-02 9.968229e-01 -7.371279e-02 -2.586020e+00 -9.515725e-01 5.122162e-02 3.031272e-01 6.228807e+01
3.070564e-01 5.897123e-02 9.498625e-01 5.670148e+01 3.534527e-02 9.966831e-01 -7.330390e-02 -2.618843e+00 -9.510348e-01 5.608158e-02 3.039536e-01 6.241362e+01
3.110327e-01 5.851403e-02 9.485963e-01 5.698264e+01 3.881171e-02 9.964883e-01 -7.419411e-02 -2.613732e+00 -9.496065e-01 5.989344e-02 3.076693e-01 6.236635e+01
3.141264e-01 5.680230e-02 9.476804e-01 5.733413e+01 4.191443e-02 9.964055e-01 -7.361612e-02 -2.638020e+00 -9.484555e-01 6.284626e-02 3.106164e-01 6.237991e+01
3.197851e-01 5.763427e-02 9.457356e-01 5.772452e+01 3.871147e-02 9.965200e-01 -7.381878e-02 -2.645902e+00 -9.466990e-01 6.021696e-02 3.164411e-01 6.236786e+01
3.258963e-01 5.719157e-02 9.436741e-01 5.806895e+01 3.786895e-02 9.965777e-01 -7.347579e-02 -2.674126e+00 -9.446468e-01 5.968143e-02 3.226152e-01 6.238449e+01
3.328055e-01 5.652127e-02 9.413001e-01 5.843520e+01 3.853389e-02 9.965532e-01 -7.346302e-02 -2.692447e+00 -9.422079e-01 6.072085e-02 3.294804e-01 6.243020e+01
3.422453e-01 5.932424e-02 9.377360e-01 5.892533e+01 3.539620e-02 9.964825e-01 -7.595928e-02 -2.694422e+00 -9.389437e-01 5.918900e-02 3.389416e-01 6.252863e+01
3.511731e-01 5.562575e-02 9.346569e-01 5.927200e+01 3.628890e-02 9.966751e-01 -7.295137e-02 -2.730865e+00 -9.356072e-01 5.953623e-02 3.479869e-01 6.257165e+01
3.620192e-01 5.693366e-02 9.304304e-01 5.971921e+01 3.126474e-02 9.968299e-01 -7.316143e-02 -2.752974e+00 -9.316462e-01 5.557551e-02 3.590916e-01 6.265316e+01
3.730003e-01 5.792736e-02 9.260212e-01 6.015562e+01 2.992301e-02 9.967790e-01 -7.440657e-02 -2.763415e+00 -9.273486e-01 5.546300e-02 3.700655e-01 6.274409e+01
3.830216e-01 6.452608e-02 9.214830e-01 6.062498e+01 2.197708e-02 9.966384e-01 -7.892373e-02 -2.783984e+00 -9.234780e-01 5.048101e-02 3.803160e-01 6.288597e+01
3.931192e-01 6.760753e-02 9.169987e-01 6.107150e+01 1.874441e-02 9.964967e-01 -8.150444e-02 -2.801961e+00 -9.192964e-01 4.922955e-02 3.904747e-01 6.302038e+01
4.049942e-01 7.086582e-02 9.115689e-01 6.167166e+01 1.327886e-02 9.964308e-01 -8.336260e-02 -2.838418e+00 -9.142229e-01 4.586597e-02 4.026077e-01 6.325624e+01
4.152515e-01 7.311672e-02 9.067637e-01 6.198549e+01 1.090843e-02 9.962929e-01 -8.533141e-02 -2.851832e+00 -9.096413e-01 4.532536e-02 4.129145e-01 6.332285e+01
4.250831e-01 7.528797e-02 9.020179e-01 6.228925e+01 6.054593e-03 9.962760e-01 -8.600862e-02 -2.867105e+00 -9.051342e-01 4.202216e-02 4.230443e-01 6.339365e+01
4.353975e-01 7.675295e-02 8.969604e-01 6.256918e+01 3.259543e-03 9.962179e-01 -8.682865e-02 -2.880543e+00 -9.002324e-01 4.072866e-02 4.335006e-01 6.345729e+01
4.449667e-01 7.857845e-02 8.920931e-01 6.285369e+01 -2.619331e-03 9.962530e-01 -8.644670e-02 -2.894002e+00 -8.955433e-01 3.612921e-02 4.435052e-01 6.354380e+01
4.547195e-01 7.566867e-02 8.874145e-01 6.315136e+01 -6.649470e-03 9.966450e-01 -8.157536e-02 -2.909607e+00 -8.906099e-01 3.119307e-02 4.536970e-01 6.364349e+01
4.643432e-01 6.973698e-02 8.829055e-01 6.334417e+01 -4.553015e-03 9.970700e-01 -7.635980e-02 -2.910002e+00 -8.856437e-01 3.143727e-02 4.633002e-01 6.367899e+01
4.744550e-01 6.493288e-02 8.778816e-01 6.382369e+01 -3.190003e-03 9.973960e-01 -7.204876e-02 -2.945845e+00 -8.802740e-01 3.138345e-02 4.734267e-01 6.393245e+01
4.831108e-01 6.030824e-02 8.734798e-01 6.452958e+01 -3.376737e-03 9.977459e-01 -6.702040e-02 -3.010487e+00 -8.755527e-01 2.942877e-02 4.822254e-01 6.436600e+01
4.917627e-01 5.793690e-02 8.687996e-01 6.496146e+01 1.370957e-03 9.977311e-01 -6.731085e-02 -3.025604e+00 -8.707282e-01 3.429205e-02 4.905675e-01 6.459497e+01
4.994832e-01 5.188101e-02 8.647687e-01 6.529229e+01 6.383276e-03 9.979577e-01 -6.355850e-02 -3.043769e+00 -8.663001e-01 3.726646e-02 4.981319e-01 6.472121e+01
5.050902e-01 4.071106e-02 8.621058e-01 6.595964e+01 1.711317e-02 9.982181e-01 -5.716492e-02 -3.092474e+00 -8.628969e-01 4.362680e-02 5.034935e-01 6.518117e+01
5.109794e-01 3.582226e-02 8.588462e-01 6.660793e+01 2.187905e-02 9.982656e-01 -5.465458e-02 -3.135194e+00 -8.593144e-01 4.671811e-02 5.093094e-01 6.558564e+01
5.173183e-01 3.540256e-02 8.550605e-01 6.724047e+01 2.428097e-02 9.981346e-01 -5.601651e-02 -3.176039e+00 -8.554485e-01 4.974007e-02 5.154937e-01 6.598259e+01
5.235192e-01 3.902008e-02 8.511199e-01 6.808749e+01 2.771613e-02 9.976421e-01 -6.278551e-02 -3.239986e+00 -8.515630e-01 5.645917e-02 5.212033e-01 6.658640e+01
5.298923e-01 4.245352e-02 8.470017e-01 6.866416e+01 3.150147e-02 9.970717e-01 -6.968296e-02 -3.278677e+00 -8.474797e-01 6.360626e-02 5.270032e-01 6.696883e+01
5.347393e-01 4.576445e-02 8.437770e-01 6.924990e+01 2.782484e-02 9.970373e-01 -7.171077e-02 -3.318822e+00 -8.445590e-01 6.182452e-02 5.318816e-01 6.730952e+01
5.390956e-01 4.733499e-02 8.409134e-01 6.966039e+01 2.362814e-02 9.971765e-01 -7.127865e-02 -3.333353e+00 -8.419130e-01 5.829523e-02 5.364552e-01 6.752847e+01
5.428074e-01 5.240896e-02 8.382204e-01 7.037774e+01 1.520276e-02 9.972744e-01 -7.219854e-02 -3.410964e+00 -8.397196e-01 5.193317e-02 5.405312e-01 6.798431e+01
5.472097e-01 5.419453e-02 8.352392e-01 7.088275e+01 1.523015e-02 9.970917e-01 -7.467442e-02 -3.460210e+00 -8.368570e-01 5.358339e-02 5.447928e-01 6.825656e+01
5.508029e-01 5.764012e-02 8.326427e-01 7.158586e+01 1.218745e-02 9.969507e-01 -7.707657e-02 -3.524016e+00 -8.345464e-01 5.260179e-02 5.484209e-01 6.871389e+01
5.535133e-01 6.091335e-02 8.306099e-01 7.222536e+01 8.948126e-03 9.968292e-01 -7.906614e-02 -3.584750e+00 -8.327923e-01 5.119656e-02 5.512131e-01 6.918279e+01
5.583186e-01 5.839863e-02 8.275688e-01 7.284898e+01 9.754644e-03 9.969884e-01 -7.693494e-02 -3.622837e+00 -8.295693e-01 5.102684e-02 5.560675e-01 6.953836e+01
5.618050e-01 5.749031e-02 8.252697e-01 7.343764e+01 5.604045e-03 9.972950e-01 -7.328899e-02 -3.701658e+00 -8.272508e-01 4.579898e-02 5.599631e-01 6.991798e+01
5.661007e-01 5.650943e-02 8.223970e-01 7.402008e+01 3.146679e-03 9.974922e-01 -7.070680e-02 -3.751437e+00 -8.243302e-01 4.261499e-02 5.645032e-01 7.025745e+01
5.695192e-01 5.513513e-02 8.201268e-01 7.459743e+01 2.326126e-03 9.976358e-01 -6.868395e-02 -3.809735e+00 -8.219748e-01 4.102455e-02 5.680445e-01 7.064774e+01
5.731243e-01 5.716862e-02 8.174719e-01 7.519736e+01 -1.402775e-03 9.976306e-01 -6.878426e-02 -3.873533e+00 -8.194672e-01 3.827520e-02 5.718465e-01 7.104112e+01
5.760073e-01 5.599117e-02 8.155248e-01 7.576723e+01 1.102675e-03 9.975973e-01 -6.927048e-02 -3.930377e+00 -8.174438e-01 4.079956e-02 5.745616e-01 7.145103e+01
5.787635e-01 5.292442e-02 8.137763e-01 7.629593e+01 2.706466e-03 9.977617e-01 -6.681488e-02 -3.981514e+00 -8.154910e-01 4.087247e-02 5.773247e-01 7.179906e+01
5.801165e-01 5.349645e-02 8.127749e-01 7.678410e+01 2.250466e-04 9.978303e-01 -6.583734e-02 -4.040275e+00 -8.145335e-01 3.837623e-02 5.788458e-01 7.213725e+01
5.822151e-01 5.371674e-02 8.112584e-01 7.726730e+01 -1.764848e-03 9.978962e-01 -6.480821e-02 -4.079489e+00 -8.130329e-01 3.630057e-02 5.810850e-01 7.246182e+01
5.848572e-01 5.258081e-02 8.094302e-01 7.774524e+01 -4.206289e-04 9.979163e-01 -6.452099e-02 -4.118628e+00 -8.111361e-01 3.739510e-02 5.836607e-01 7.276012e+01
5.883460e-01 5.411518e-02 8.067965e-01 7.819138e+01 -9.923540e-04 9.978057e-01 -6.620330e-02 -4.151620e+00 -8.086087e-01 3.814982e-02 5.871087e-01 7.303525e+01
5.914791e-01 5.278495e-02 8.045908e-01 7.867812e+01 2.989044e-03 9.977046e-01 -6.765147e-02 -4.191514e+00 -8.063148e-01 4.241939e-02 5.899636e-01 7.336672e+01
5.948248e-01 5.011419e-02 8.022918e-01 7.919931e+01 5.741446e-03 9.977645e-01 -6.658091e-02 -4.240351e+00 -8.038349e-01 4.421029e-02 5.932074e-01 7.376174e+01
5.972015e-01 4.655852e-02 8.007389e-01 7.932540e+01 9.049489e-03 9.978592e-01 -6.476920e-02 -4.262066e+00 -8.020402e-01 4.592654e-02 5.955017e-01 7.389366e+01
5.996454e-01 4.446612e-02 7.990296e-01 7.939114e+01 1.064055e-02 9.979239e-01 -6.352001e-02 -4.280312e+00 -8.001952e-01 4.659159e-02 5.979272e-01 7.402083e+01
6.024176e-01 4.350562e-02 7.969946e-01 7.988383e+01 1.081050e-02 9.979771e-01 -6.264793e-02 -4.326604e+00 -7.981079e-01 4.635613e-02 6.007288e-01 7.441432e+01
