1.000000e+00 0.000000e+00 0.000000e+00 0.000000e+00 0.000000e+00 1.000000e+00 0.000000e+00 0.000000e+00 0.000000e+00 0.000000e+00 1.000000e+00 0.000000e+00
9.999982e-01 1.765239e-03 7.144227e-04 -2.876652e-02 -1.764066e-03 9.999971e-01 -1.639137e-03 2.175518e-02 -7.173141e-04 1.637873e-03 9.999984e-01 -1.185396e+00
9.999998e-01 6.377016e-04 8.450244e-06 -2.336213e-02 -6.377000e-04 9.999998e-01 -1.850947e-04 1.602946e-04 -8.568278e-06 1.850893e-04 1.000000e+00 1.685180e-01
9.999973e-01 2.127984e-03 -9.388876e-04 -1.720109e-03 -2.129046e-03 9.999971e-01 -1.131155e-03 -1.204629e-02 9.364778e-04 1.133151e-03 9.999989e-01 1.595668e+00
9.999937e-01 2.742860e-03 -2.262996e-03 2.964133e-02 -2.748550e-03 9.999931e-01 -2.514788e-03 -3.837854e-02 2.256083e-03 2.520992e-03 9.999943e-01 3.001652e+00
9.999859e-01 4.826800e-03 -2.237888e-03 2.493522e-02 -4.830142e-03 9.999872e-01 -1.490503e-03 -7.487281e-02 2.230665e-03 1.501291e-03 9.999964e-01 4.409574e+00
9.999912e-01 3.661869e-03 -2.056628e-03 -7.002058e-03 -3.662806e-03 9.999932e-01 -4.520901e-04 -1.044806e-01 2.054958e-03 4.596191e-04 9.999978e-01 5.868565e+00
9.999937e-01 3.175307e-03 -1.571255e-03 -2.197782e-02 -3.174364e-03 9.999948e-01 6.019436e-04 -1.288170e-01 1.573158e-03 -5.969521e-04 9.999986e-01 7.175964e+00
9.999846e-01 2.786244e-03 -4.806532e-03 9.051725e-02 -2.777592e-03 9.999945e-01 1.805771e-03 -1.585961e-01 4.811537e-03 -1.792393e-03 9.999868e-01 8.639187e+00
9.999814e-01 2.799465e-03 -5.421781e-03 8.871896e-02 -2.799271e-03 9.999961e-01 4.333525e-05 -1.791970e-01 5.421881e-03 -2.815741e-05 9.999853e-01 1.004073e+01
9.999497e-01 7.223293e-03 -6.955540e-03 1.026614e-01 -7.242432e-03 9.999700e-01 -2.730409e-03 -1.980062e-01 6.935609e-03 2.780647e-03 9.999721e-01 1.154174e+01
9.998930e-01 1.258922e-02 -7.446881e-03 1.320116e-01 -1.262968e-02 9.999056e-01 -5.410844e-03 -2.038302e-01 7.378060e-03 5.504317e-03 9.999576e-01 1.285295e+01
9.998752e-01 1.398408e-02 -7.353976e-03 1.143521e-01 -1.401669e-02 9.998921e-01 -4.402113e-03 -2.435335e-01 7.291622e-03 4.504642e-03 9.999633e-01 1.426290e+01
9.998423e-01 1.529814e-02 -9.023166e-03 1.505931e-01 -1.533507e-02 9.998742e-01 -4.037746e-03 -2.643800e-01 8.960261e-03 4.175480e-03 9.999511e-01 1.566621e+01
9.998925e-01 1.140654e-02 -9.214138e-03 1.746460e-01 -1.140567e-02 9.999350e-01 1.476903e-04 -3.055131e-01 9.215224e-03 -4.258105e-05 9.999576e-01 1.700658e+01
9.999154e-01 7.547603e-03 -1.059477e-02 4.691292e-01 -7.538565e-03 9.999712e-01 8.928459e-04 -3.043744e-01 1.060120e-02 -8.129010e-04 9.999435e-01 1.710194e+01
9.999129e-01 5.533013e-03 -1.198666e-02 6.781739e-01 -5.558555e-03 9.999824e-01 -2.098598e-03 -2.986275e-01 1.197484e-02 2.165044e-03 9.999260e-01 1.730700e+01
9.999425e-01 3.517314e-03 -1.012817e-02 6.889443e-01 -3.539913e-03 9.999913e-01 -2.214311e-03 -3.239510e-01 1.012030e-02 2.250036e-03 9.999462e-01 1.745506e+01
9.999509e-01 5.753312e-03 -8.072001e-03 6.346460e-01 -5.782705e-03 9.999767e-01 -3.622788e-03 -3.258435e-01 8.050970e-03 3.669288e-03 9.999608e-01 1.778711e+01
9.999512e-01 8.165684e-03 -5.549119e-03 6.172842e-01 -8.174894e-03 9.999653e-01 -1.639188e-03 -3.322310e-01 5.535541e-03 1.684472e-03 9.999833e-01 1.790777e+01
9.999394e-01 9.236779e-03 -5.996615e-03 6.172073e-01 -9.230198e-03 9.999568e-01 1.124096e-03 -3.459463e-01 6.006739e-03 -1.068677e-03 9.999814e-01 1.929574e+01
9.999713e-01 5.700073e-03 -4.998981e-03 5.891704e-01 -5.681938e-03 9.999772e-01 3.634472e-03 -3.735647e-01 5.019584e-03 -3.605964e-03 9.999809e-01 2.068368e+01
9.999859e-01 1.757923e-03 -5.010318e-03 5.619954e-01 -1.740751e-03 9.999926e-01 3.429717e-03 -4.045319e-01 5.016310e-03 -3.420947e-03 9.999816e-01 2.209298e+01
9.999894e-01 2.755947e-03 -3.672313e-03 5.187819e-01 -2.756965e-03 9.999962e-01 -2.720761e-04 -4.044935e-01 3.671549e-03 2.821977e-04 9.999932e-01 2.346648e+01
9.999910e-01 -3.753884e-03 -1.969157e-03 6.070144e-01 3.753720e-03 9.999930e-01 -8.716944e-05 -4.352652e-01 1.969470e-03 7.977700e-05 9.999980e-01 2.352722e+01
9.999990e-01 -4.246117e-04 -1.313391e-03 7.380572e-01 4.227246e-04 9.999989e-01 -1.436738e-03 -4.315742e-01 1.313999e-03 1.436182e-03 9.999981e-01 2.381406e+01
9.999995e-01 9.839134e-04 6.320674e-05 6.987534e-01 -9.836630e-04 9.999921e-01 -3.847803e-03 -4.503597e-01 -6.699215e-05 3.847739e-03 9.999926e-01 2.517124e+01
9.999970e-01 2.019729e-03 1.426898e-03 6.585183e-01 -2.014532e-03 9.999914e-01 -3.634830e-03 -4.690165e-01 -1.434227e-03 3.631944e-03 9.999924e-01 2.653756e+01
9.999925e-01 3.654145e-03 1.300283e-03 6.531892e-01 -3.648893e-03 9.999853e-01 -4.019438e-03 -4.746462e-01 -1.314952e-03 4.014663e-03 9.999911e-01 2.797336e+01
9.999970e-01 1.650466e-03 1.806662e-03 6.525791e-01 -1.649218e-03 9.999984e-01 -6.918502e-04 -5.206122e-01 -1.807801e-03 6.888686e-04 9.999982e-01 2.929833e+01
9.999862e-01 5.259791e-03 9.584676e-05 7.225029e-01 -5.259598e-03 9.999843e-01 -1.919460e-03 -5.299513e-01 -1.059412e-04 1.918929e-03 9.999982e-01 3.068203e+01
9.999792e-01 5.897847e-03 2.612054e-03 6.516896e-01 -5.897007e-03 9.999825e-01 -3.291768e-04 -5.746279e-01 -2.613950e-03 3.137666e-04 9.999965e-01 3.199219e+01
9.999729e-01 6.834512e-03 2.730723e-03 6.516437e-01 -6.834124e-03 9.999766e-01 -1.513048e-04 -5.929786e-01 -2.731694e-03 1.326386e-04 9.999962e-01 3.336525e+01
9.999666e-01 7.694689e-03 2.778372e-03 6.489754e-01 -7.693543e-03 9.999703e-01 -4.231660e-04 -6.108048e-01 -2.781546e-03 4.017763e-04 9.999961e-01 3.474369e+01
9.999635e-01 8.083149e-03 2.755060e-03 6.507720e-01 -8.080614e-03 9.999669e-01 -9.299826e-04 -6.302935e-01 -2.762486e-03 9.076861e-04 9.999958e-01 3.611452e+01
9.999678e-01 7.051463e-03 3.841303e-03 7.221870e-01 -7.051574e-03 9.999751e-01 1.519285e-05 -6.461527e-01 -3.841100e-03 -4.227958e-05 9.999926e-01 3.616649e+01
9.999846e-01 3.036343e-03 4.651352e-03 6.677133e-01 -3.037541e-03 9.999954e-01 2.505998e-04 -6.391074e-01 -4.650569e-03 -2.647247e-04 9.999892e-01 3.624965e+01
9.999803e-01 2.862075e-03 5.587756e-03 6.146325e-01 -2.871284e-03 9.999945e-01 1.640773e-03 -6.341926e-01 -5.583029e-03 -1.656784e-03 9.999830e-01 3.630933e+01
9.999894e-01 4.179713e-03 1.898331e-03 9.771193e-01 -4.181935e-03 9.999906e-01 1.167829e-03 -6.483277e-01 -1.893432e-03 -1.175755e-03 9.999975e-01 3.646893e+01
9.999969e-01 1.657918e-03 1.852096e-03 1.078356e+00 -1.663764e-03 9.999936e-01 3.159451e-03 -6.598021e-01 -1.846846e-03 -3.162523e-03 9.999933e-01 3.670813e+01
9.999966e-01 -1.838260e-03 1.848882e-03 1.172630e+00 1.827712e-03 9.999821e-01 5.690925e-03 -6.852606e-01 -1.859310e-03 -5.687526e-03 9.999821e-01 3.696375e+01
9.999938e-01 -2.092344e-03 2.829622e-03 1.177415e+00 2.075920e-03 9.999810e-01 5.795074e-03 -7.026940e-01 -2.841694e-03 -5.789164e-03 9.999792e-01 3.819121e+01
9.999971e-01 -2.331759e-03 6.609838e-04 1.244187e+00 2.329045e-03 9.999890e-01 4.076922e-03 -7.109615e-01 -6.704830e-04 -4.075371e-03 9.999915e-01 3.961930e+01
9.999775e-01 -6.035543e-03 2.945610e-03 1.181285e+00 6.015949e-03 9.999600e-01 6.616034e-03 -7.599196e-01 -2.985423e-03 -6.598164e-03 9.999738e-01 4.114180e+01
9.999738e-01 -6.583084e-03 3.005873e-03 1.287332e+00 6.562148e-03 9.999545e-01 6.922666e-03 -7.744464e-01 -3.051308e-03 -6.902760e-03 9.999715e-01 4.120607e+01
9.999409e-01 -8.747696e-03 6.463869e-03 1.287541e+00 8.683022e-03 9.999126e-01 9.966642e-03 -7.964054e-01 -6.550489e-03 -9.909927e-03 9.999294e-01 4.123573e+01
9.998814e-01 -1.242357e-02 9.106044e-03 1.267932e+00 1.230772e-02 9.998440e-01 1.267018e-02 -8.108646e-01 -9.262032e-03 -1.255660e-02 9.998783e-01 4.127716e+01
9.998280e-01 -1.495055e-02 1.097308e-02 1.222879e+00 1.482853e-02 9.998282e-01 1.111888e-02 -7.982024e-01 -1.113743e-02 -1.095426e-02 9.998780e-01 4.141420e+01
9.997250e-01 -1.494570e-02 1.806717e-02 9.540283e-01 1.471797e-02 9.998114e-01 1.267262e-02 -8.297253e-01 -1.825316e-02 -1.240322e-02 9.997565e-01 4.156979e+01
9.996672e-01 -1.675810e-02 1.961415e-02 9.711515e-01 1.647945e-02 9.997622e-01 1.428272e-02 -8.395211e-01 -1.984884e-02 -1.395473e-02 9.997056e-01 4.167979e+01
9.997018e-01 -1.355691e-02 2.031215e-02 1.088391e+00 1.329230e-02 9.998258e-01 1.310601e-02 -8.542680e-01 -2.048629e-02 -1.283211e-02 9.997078e-01 4.173163e+01
9.996764e-01 -1.302242e-02 2.185275e-02 1.105250e+00 1.269193e-02 9.998040e-01 1.519486e-02 -8.624716e-01 -2.204634e-02 -1.491259e-02 9.996457e-01 4.184674e+01
9.996408e-01 -1.133189e-02 2.428823e-02 1.053969e+00 1.091694e-02 9.997934e-01 1.714946e-02 -8.647860e-01 -2.447754e-02 -1.687814e-02 9.995579e-01 4.328094e+01
9.996314e-01 -7.203392e-03 2.617582e-02 1.031929e+00 6.701599e-03 9.997931e-01 1.920754e-02 -8.840385e-01 -2.630876e-02 -1.902504e-02 9.994728e-01 4.473000e+01
9.996094e-01 -2.453693e-03 2.783904e-02 1.027132e+00 1.932058e-03 9.998224e-01 1.874902e-02 -8.913286e-01 -2.788010e-02 -1.868791e-02 9.994366e-01 4.595858e+01
9.995250e-01 -4.821107e-03 3.043915e-02 9.014145e-01 4.259512e-03 9.998200e-01 1.848774e-02 -8.786870e-01 -3.052280e-02 -1.834930e-02 9.993656e-01 4.607489e+01
9.994112e-01 1.904143e-03 3.425831e-02 7.784119e-01 -2.583813e-03 9.998005e-01 1.980624e-02 -8.842819e-01 -3.421376e-02 -1.988310e-02 9.992167e-01 4.619023e+01
9.993343e-01 -6.870305e-03 3.583054e-02 6.587178e-01 6.143915e-03 9.997742e-01 2.034378e-02 -8.789242e-01 -3.596222e-02 -2.011010e-02 9.991508e-01 4.620346e+01
9.992989e-01 -1.897671e-03 3.739191e-02 6.750816e-01 1.163889e-03 9.998065e-01 1.963610e-02 -8.799063e-01 -3.742194e-02 -1.957881e-02 9.991077e-01 4.626517e+01
9.992113e-01 -7.839054e-03 3.892870e-02 6.082363e-01 7.044478e-03 9.997649e-01 2.050644e-02 -9.045860e-01 -3.908030e-02 -2.021603e-02 9.990315e-01 4.631695e+01
9.992045e-01 -1.265440e-03 3.985842e-02 6.002648e-01 4.989150e-04 9.998149e-01 1.923528e-02 -9.118735e-01 -3.987538e-02 -1.920010e-02 9.990202e-01 4.788969e+01
9.992176e-01 -4.007144e-03 3.934664e-02 6.845537e-01 3.238184e-03 9.998029e-01 1.958753e-02 -9.138345e-01 -3.941737e-02 -1.944479e-02 9.990336e-01 4.938606e+01
9.991348e-01 -4.610106e-03 4.133379e-02 5.471689e-01 3.819895e-03 9.998088e-01 1.917643e-02 -9.028669e-01 -4.141429e-02 -1.900194e-02 9.989613e-01 5.096782e+01
9.991514e-01 -4.759552e-03 4.091279e-02 6.288691e-01 4.002891e-03 9.998198e-01 1.855654e-02 -8.863962e-01 -4.099374e-02 -1.837703e-02 9.989904e-01 5.233084e+01
9.991750e-01 -3.302417e-03 4.047829e-02 6.373752e-01 2.430128e-03 9.997642e-01 2.157984e-02 -9.195843e-01 -4.054001e-02 -2.146367e-02 9.989474e-01 5.386434e+01
9.991577e-01 -1.001035e-02 3.979553e-02 6.086152e-01 9.088088e-03 9.996875e-01 2.328864e-02 -9.149637e-01 -4.001622e-02 -2.290736e-02 9.989364e-01 5.522272e+01
9.992447e-01 -7.663380e-03 3.809649e-02 7.812139e-01 6.776633e-03 9.997044e-01 2.335122e-02 -9.123904e-01 -3.826418e-02 -2.307541e-02 9.990012e-01 5.530308e+01
9.991504e-01 -9.414386e-03 4.012282e-02 6.963174e-01 8.397336e-03 9.996410e-01 2.544202e-02 -9.374890e-01 -4.034794e-02 -2.508348e-02 9.988708e-01 5.536995e+01
9.991344e-01 -9.508596e-03 4.049772e-02 7.054708e-01 8.521390e-03 9.996640e-01 2.448007e-02 -9.208271e-01 -4.071688e-02 -2.411379e-02 9.988797e-01 5.550655e+01
9.990559e-01 -1.038310e-02 4.218375e-02 6.901457e-01 9.283422e-03 9.996141e-01 2.618145e-02 -9.401675e-01 -4.243932e-02 -2.576512e-02 9.987668e-01 5.557700e+01
9.990021e-01 -9.609950e-03 4.361714e-02 5.907777e-01 8.463721e-03 9.996159e-01 2.638835e-02 -9.342237e-01 -4.385398e-02 -2.599286e-02 9.986998e-01 5.574038e+01
9.989695e-01 -5.927835e-03 4.499812e-02 6.934004e-01 4.675852e-03 9.996004e-01 2.787745e-02 -9.644644e-01 -4.514539e-02 -2.763831e-02 9.985980e-01 5.580946e+01
9.989179e-01 -3.997531e-03 4.633534e-02 6.910477e-01 2.755665e-03 9.996361e-01 2.683466e-02 -9.462894e-01 -4.642574e-02 -2.667794e-02 9.985654e-01 5.614986e+01
9.988709e-01 -5.653331e-03 4.716974e-02 7.103814e-01 4.331378e-03 9.995963e-01 2.808073e-02 -9.591122e-01 -4.730945e-02 -2.784471e-02 9.984921e-01 5.627871e+01
9.988020e-01 -2.846292e-03 4.885180e-02 7.522053e-01 1.454010e-03 9.995924e-01 2.851203e-02 -9.477348e-01 -4.891304e-02 -2.840684e-02 9.983990e-01 5.643418e+01
9.987015e-01 -4.252617e-03 5.076767e-02 6.854227e-01 2.744960e-03 9.995542e-01 2.973006e-02 -9.495445e-01 -5.087147e-02 -2.955209e-02 9.982679e-01 5.654869e+01
9.986622e-01 -5.015524e-03 5.146549e-02 8.079168e-01 3.527778e-03 9.995744e-01 2.895788e-02 -9.507170e-01 -5.158883e-02 -2.873758e-02 9.982548e-01 5.668677e+01
9.985457e-01 -5.965746e-03 5.358022e-02 8.599651e-01 4.462332e-03 9.995942e-01 2.813507e-02 -9.627227e-01 -5.372633e-02 -2.785506e-02 9.981671e-01 5.681083e+01
9.984637e-01 -1.592900e-03 5.538642e-02 8.943072e-01 3.622928e-05 9.996052e-01 2.809530e-02 -9.787937e-01 -5.540931e-02 -2.805013e-02 9.980696e-01 5.688941e+01
9.984096e-01 -4.700766e-03 5.617968e-02 9.352326e-01 3.158127e-03 9.996164e-01 2.751633e-02 -9.657605e-01 -5.628748e-02 -2.729514e-02 9.980415e-01 5.697702e+01
9.982942e-01 -6.041219e-03 5.807043e-02 9.556096e-01 4.258366e-03 9.995172e-01 3.077642e-02 -9.816532e-01 -5.822833e-02 -3.047664e-02 9.978380e-01 5.703838e+01
9.981539e-01 -5.727781e-03 6.046470e-02 9.587639e-01 3.758764e-03 9.994605e-01 3.262839e-02 -9.847560e-01 -6.061897e-02 -3.234088e-02 9.976369e-01 5.707403e+01
9.980839e-01 -1.254885e-02 6.058916e-02 1.112633e+00 1.072917e-02 9.994843e-01 3.026558e-02 -9.727831e-01 -6.093772e-02 -2.955752e-02 9.977039e-01 5.718653e+01
9.980193e-01 -1.234992e-02 6.168402e-02 1.205379e+00 1.058104e-02 9.995257e-01 2.892134e-02 -9.887078e-01 -6.201194e-02 -2.821138e-02 9.976766e-01 5.728248e+01
9.979442e-01 -1.393093e-02 6.255680e-02 1.263942e+00 1.221383e-02 9.995403e-01 2.774765e-02 -9.875231e-01 -6.291460e-02 -2.692655e-02 9.976556e-01 5.740777e+01
9.977832e-01 -1.420119e-02 6.501588e-02 1.269555e+00 1.243203e-02 9.995435e-01 2.753543e-02 -9.976662e-01 -6.537724e-02 -2.666611e-02 9.975042e-01 5.744398e+01
9.976968e-01 -1.533656e-02 6.607449e-02 1.410460e+00 1.330296e-02 9.994275e-01 3.110822e-02 -1.011239e+00 -6.651376e-02 -3.015759e-02 9.973297e-01 5.748849e+01
9.976188e-01 -1.701953e-02 6.683631e-02 1.515819e+00 1.474330e-02 9.992993e-01 3.440369e-02 -1.015588e+00 -6.737501e-02 -3.333637e-02 9.971706e-01 5.873162e+01
9.973587e-01 -2.704172e-02 6.741204e-02 1.530365e+00 2.493435e-02 9.991797e-01 3.190902e-02 -9.737462e-01 -6.821962e-02 -3.014387e-02 9.972149e-01 5.979037e+01
9.971774e-01 -3.049329e-02 6.861043e-02 1.584339e+00 2.829307e-02 9.990609e-01 3.281500e-02 -9.896533e-01 -6.954664e-02 -3.078118e-02 9.971037e-01 6.080337e+01
9.971412e-01 -2.531638e-02 7.119403e-02 1.640006e+00 2.294836e-02 9.991623e-01 3.388507e-02 -9.844971e-01 -7.199223e-02 -3.215441e-02 9.968868e-01 6.215582e+01
9.971800e-01 -2.486637e-02 7.080759e-02 1.805284e+00 2.253277e-02 9.991824e-01 3.356715e-02 -9.715837e-01 -7.158439e-02 -3.187700e-02 9.969251e-01 6.311068e+01
9.970694e-01 -2.873749e-02 7.090059e-02 1.945254e+00 2.648872e-02 9.991221e-01 3.245631e-02 -9.465121e-01 -7.177106e-02 -3.048313e-02 9.969552e-01 6.419875e+01
9.971227e-01 -2.017621e-02 7.306971e-02 2.011930e+00 1.780446e-02 9.992979e-01 3.296592e-02 -9.539019e-01 -7.368353e-02 -3.157010e-02 9.967818e-01 6.553516e+01
9.969528e-01 -2.575898e-02 7.363108e-02 2.129005e+00 2.311508e-02 9.990649e-01 3.653682e-02 -9.511750e-01 -7.450338e-02 -3.472350e-02 9.966161e-01 6.702429e+01
9.966351e-01 -3.230514e-02 7.533088e-02 2.076712e+00 2.957352e-02 9.988739e-01 3.709963e-02 -9.216270e-01 -7.644455e-02 -3.474700e-02 9.964682e-01 6.709108e+01
9.965825e-01 -2.914654e-02 7.729064e-02 2.152355e+00 2.600258e-02 9.988052e-01 4.137627e-02 -9.519102e-01 -7.840427e-02 -3.922511e-02 9.961497e-01 6.843811e+01
9.964656e-01 -3.417480e-02 7.673589e-02 2.226548e+00 3.108457e-02 9.986709e-01 4.111080e-02 -9.272099e-01 -7.803886e-02 -3.858019e-02 9.962035e-01 6.852767e+01
9.962300e-01 -3.815320e-02 7.791063e-02 2.272636e+00 3.502375e-02 9.985391e-01 4.114654e-02 -8.857566e-01 -7.936668e-02 -3.826270e-02 9.961109e-01 6.988849e+01
9.962944e-01 -3.833725e-02 7.699125e-02 2.396779e+00 3.549241e-02 9.986478e-01 3.798500e-02 -8.149347e-01 -7.834338e-02 -3.511164e-02 9.963079e-01 7.122643e+01
9.962457e-01 -3.624814e-02 7.861666e-02 2.460692e+00 3.296987e-02 9.985479e-01 4.260436e-02 -8.539150e-01 -8.004683e-02 -3.985243e-02 9.959942e-01 7.257462e+01
9.964200e-01 -3.057668e-02 7.881755e-02 2.562138e+00 2.704028e-02 9.985960e-01 4.555172e-02 -8.682520e-01 -8.009971e-02 -4.325740e-02 9.958478e-01 7.396622e+01
9.965367e-01 -2.996337e-02 7.756840e-02 2.667794e+00 2.648175e-02 9.986119e-01 4.553069e-02 -8.185962e-01 -7.882498e-02 -4.331885e-02 9.959468e-01 7.523067e+01
9.965162e-01 -3.290664e-02 7.663242e-02 2.765123e+00 2.947452e-02 9.985296e-01 4.549534e-02 -7.697156e-01 -7.801684e-02 -4.307815e-02 9.960209e-01 7.653166e+01
9.964014e-01 -3.392750e-02 7.767383e-02 2.751311e+00 3.034454e-02 9.984408e-01 4.685309e-02 -7.845312e-01 -7.914233e-02 -4.432751e-02 9.958773e-01 7.657359e+01
9.965798e-01 -3.052373e-02 7.679234e-02 2.856849e+00 2.709800e-02 9.986075e-01 4.526379e-02 -7.748264e-01 -7.806703e-02 -4.302806e-02 9.960191e-01 7.667407e+01
9.966562e-01 -2.875912e-02 7.648116e-02 2.954379e+00 2.530077e-02 9.986297e-01 4.580921e-02 -7.728781e-01 -7.769380e-02 -4.372100e-02 9.960182e-01 7.673814e+01
9.967353e-01 -3.088858e-02 7.459617e-02 3.105533e+00 2.771872e-02 9.986835e-01 4.316153e-02 -7.562327e-01 -7.583117e-02 -4.095292e-02 9.962793e-01 7.686847e+01
9.964952e-01 -3.839348e-02 7.431772e-02 3.160540e+00 3.526003e-02 9.984516e-01 4.302566e-02 -7.525208e-01 -7.585455e-02 -4.025442e-02 9.963060e-01 7.691437e+01
9.964665e-01 -3.788601e-02 7.496136e-02 3.222384e+00 3.463521e-02 9.984221e-01 4.420144e-02 -7.543334e-01 -7.651769e-02 -4.144895e-02 9.962063e-01 7.704108e+01
9.963150e-01 -4.242405e-02 7.454248e-02 3.230075e+00 3.893923e-02 9.981073e-01 4.759720e-02 -7.742797e-01 -7.642066e-02 -4.451918e-02 9.960813e-01 7.713634e+01
9.965621e-01 -3.757194e-02 7.384027e-02 3.377015e+00 3.449465e-02 9.985000e-01 4.251775e-02 -7.067242e-01 -7.532699e-02 -3.982449e-02 9.963633e-01 7.866692e+01
9.963729e-01 -3.802892e-02 7.612324e-02 3.384329e+00 3.501659e-02 9.985648e-01 4.052323e-02 -7.340453e-01 -7.755505e-02 -3.771067e-02 9.962747e-01 7.871410e+01
9.962300e-01 -3.530801e-02 7.924072e-02 3.361833e+00 3.220546e-02 9.986767e-01 4.009612e-02 -7.531851e-01 -8.055157e-02 -3.739298e-02 9.960488e-01 7.878324e+01
9.963516e-01 -2.730817e-02 8.085611e-02 3.438282e+00 2.425440e-02 9.989637e-01 3.851243e-02 -7.369037e-01 -8.182403e-02 -3.641080e-02 9.959815e-01 7.892278e+01
9.959423e-01 -3.218703e-02 8.404163e-02 3.419234e+00 2.841064e-02 9.985488e-01 4.575073e-02 -7.860038e-01 -8.539224e-02 -4.317740e-02 9.954114e-01 7.889686e+01
9.957623e-01 -3.316152e-02 8.577666e-02 3.446227e+00 2.907751e-02 9.984032e-01 4.843132e-02 -7.905661e-01 -8.724575e-02 -4.573191e-02 9.951366e-01 7.892363e+01
9.954404e-01 -3.782193e-02 8.756699e-02 3.468227e+00 3.350602e-02 9.981748e-01 5.024337e-02 -7.929764e-01 -8.930746e-02 -4.708025e-02 9.948907e-01 7.894818e+01
9.950876e-01 -3.973246e-02 9.067583e-02 3.450510e+00 3.499165e-02 9.979659e-01 5.328747e-02 -8.253656e-01 -9.260863e-02 -4.985280e-02 9.944538e-01 7.894858e+01
9.948711e-01 -3.848898e-02 9.354123e-02 3.463562e+00 3.355716e-02 9.979911e-01 5.373685e-02 -8.164580e-01 -9.542160e-02 -5.032226e-02 9.941642e-01 7.896734e+01
9.947624e-01 -3.483345e-02 9.609593e-02 3.495470e+00 2.980209e-02 9.981334e-01 5.330543e-02 -8.056161e-01 -9.777337e-02 -5.016237e-02 9.939437e-01 7.902155e+01
9.944955e-01 -3.331606e-02 9.934184e-02 3.496191e+00 2.811025e-02 9.981802e-01 5.335031e-02 -8.247687e-01 -1.009385e-01 -5.026412e-02 9.936221e-01 7.908054e+01
9.943138e-01 -3.167319e-02 1.016704e-01 3.518891e+00 2.621506e-02 9.981652e-01 5.457917e-02 -8.324649e-01 -1.032125e-01 -5.160353e-02 9.933198e-01 7.909836e+01
9.941102e-01 -2.746684e-02 1.048355e-01 3.516373e+00 2.160770e-02 9.981619e-01 5.662130e-02 -8.358068e-01 -1.061980e-01 -5.402256e-02 9.928764e-01 7.914546e+01
9.940711e-01 -2.589469e-02 1.056040e-01 3.560814e+00 2.014896e-02 9.982766e-01 5.511687e-02 -8.147898e-01 -1.068493e-01 -5.266227e-02 9.928796e-01 7.920473e+01
9.940171e-01 -2.608677e-02 1.060640e-01 3.623853e+00 2.042383e-02 9.983249e-01 5.413184e-02 -8.212870e-01 -1.072984e-01 -5.164174e-02 9.928848e-01 7.942484e+01
9.940803e-01 -2.000929e-02 1.067896e-01 3.662006e+00 1.441929e-02 9.984976e-01 5.286367e-02 -8.393142e-01 -1.076870e-01 -5.101090e-02 9.928753e-01 7.951608e+01
9.941261e-01 -1.542431e-02 1.071227e-01 3.737517e+00 9.589170e-03 9.984527e-01 5.477461e-02 -8.768841e-01 -1.078018e-01 -5.342565e-02 9.927359e-01 7.960020e+01
9.940481e-01 -1.577884e-02 1.077933e-01 3.834953e+00 9.712401e-03 9.983512e-01 5.657334e-02 -8.780304e-01 -1.085082e-01 -5.518968e-02 9.925624e-01 7.967232e+01
9.940755e-01 -1.095151e-02 1.081384e-01 3.997193e+00 4.566067e-03 9.982404e-01 5.912074e-02 -8.381970e-01 -1.085956e-01 -5.827672e-02 9.923763e-01 8.094186e+01
9.939760e-01 -1.638934e-02 1.083655e-01 4.151120e+00 9.556858e-03 9.979506e-01 6.327167e-02 -7.808797e-01 -1.091804e-01 -6.185490e-02 9.920956e-01 8.255942e+01
9.938961e-01 -1.936250e-02 1.086073e-01 4.292044e+00 1.239280e-02 9.978417e-01 6.448510e-02 -7.129728e-01 -1.096215e-01 -6.274554e-02 9.919910e-01 8.404747e+01
9.939563e-01 -2.181629e-02 1.075871e-01 4.436285e+00 1.453521e-02 9.975793e-01 6.800183e-02 -6.840169e-01 -1.088102e-01 -6.602705e-02 9.918673e-01 8.555320e+01
9.941795e-01 -2.384002e-02 1.050659e-01 4.599011e+00 1.701433e-02 9.977148e-01 6.538979e-02 -6.373645e-01 -1.063847e-01 -6.322156e-02 9.923131e-01 8.691454e+01
9.943771e-01 -1.820633e-02 1.043196e-01 4.725422e+00 1.193290e-02 9.981000e-01 6.044822e-02 -5.586855e-01 -1.052220e-01 -5.886349e-02 9.927051e-01 8.830359e+01
9.944205e-01 -1.727821e-02 1.040642e-01 4.707799e+00 1.112467e-02 9.981708e-01 5.942495e-02 -5.402099e-01 -1.049006e-01 -5.793571e-02 9.927937e-01 8.846912e+01
9.944482e-01 -1.159716e-02 1.045862e-01 4.701612e+00 5.083472e-03 9.980425e-01 6.233334e-02 -5.776745e-01 -1.051043e-01 -6.145562e-02 9.925604e-01 8.856639e+01
9.942917e-01 -1.142700e-02 1.060820e-01 4.621524e+00 4.504803e-03 9.978578e-01 6.526497e-02 -5.780722e-01 -1.066005e-01 -6.441454e-02 9.922132e-01 8.858112e+01
9.939196e-01 -8.326886e-03 1.097931e-01 4.391122e+00 9.758066e-04 9.977633e-01 6.683838e-02 -5.596002e-01 -1.101040e-01 -6.632483e-02 9.917046e-01 8.860820e+01
9.937828e-01 -8.520029e-03 1.110099e-01 4.414733e+00 9.593500e-04 9.976859e-01 6.798429e-02 -5.635170e-01 -1.113322e-01 -6.745512e-02 9.914913e-01 8.862233e+01
9.937460e-01 -7.885532e-03 1.113848e-01 4.507212e+00 1.807280e-04 9.976156e-01 6.901422e-02 -5.702022e-01 -1.116634e-01 -6.856248e-02 9.913781e-01 8.863844e+01
9.931313e-01 -1.674317e-02 1.158009e-01 4.193660e+00 8.764923e-03 9.975736e-01 6.906529e-02 -5.191479e-01 -1.166763e-01 -6.757591e-02 9.908684e-01 8.879532e+01
9.930412e-01 -1.614505e-02 1.166554e-01 4.239447e+00 7.882121e-03 9.974488e-01 7.094909e-02 -5.279292e-01 -1.175032e-01 -6.953588e-02 9.906350e-01 8.897315e+01
9.929380e-01 -2.271021e-02 1.164399e-01 4.423113e+00 1.439609e-02 9.973186e-01 7.175276e-02 -4.322831e-01 -1.177572e-01 -6.956977e-02 9.906025e-01 9.045858e+01
9.925834e-01 -2.644671e-02 1.186542e-01 4.535927e+00 1.787476e-02 9.971911e-01 7.273440e-02 -3.532442e-01 -1.202445e-01 -7.007404e-02 9.902681e-01 9.184848e+01
9.924746e-01 -2.900176e-02 1.189665e-01 4.725666e+00 2.057572e-02 9.972317e-01 7.145366e-02 -2.490671e-01 -1.207094e-01 -6.846812e-02 9.903238e-01 9.333247e+01
9.924542e-01 -2.906602e-02 1.191210e-01 4.874445e+00 2.099423e-02 9.974326e-01 6.846473e-02 -1.890082e-01 -1.208051e-01 -6.544726e-02 9.905164e-01 9.480585e+01
9.925292e-01 -2.125139e-02 1.201426e-01 5.019204e+00 1.371065e-02 9.979038e-01 6.324672e-02 -1.064930e-01 -1.212348e-01 -6.112698e-02 9.907399e-01 9.618963e+01
9.925219e-01 -1.257094e-02 1.214175e-01 5.189616e+00 4.901382e-03 9.979851e-01 6.326006e-02 -3.611888e-02 -1.219681e-01 -6.219188e-02 9.905837e-01 9.758866e+01
9.923156e-01 -4.294111e-03 1.236583e-01 5.317584e+00 -3.995232e-03 9.977645e-01 6.670839e-02 3.758850e-02 -1.236683e-01 -6.668981e-02 9.900801e-01 9.900716e+01
9.921035e-01 -2.761843e-03 1.253919e-01 5.441103e+00 -5.957121e-03 9.975916e-01 6.910552e-02 1.118453e-01 -1.252808e-01 -6.930680e-02 9.896976e-01 1.004084e+02
9.921415e-01 -5.574648e-03 1.249967e-01 5.622811e+00 -3.154124e-03 9.975752e-01 6.952557e-02 1.957185e-01 -1.250812e-01 -6.937346e-02 9.897181e-01 1.018657e+02
9.921830e-01 -8.631060e-03 1.244927e-01 5.774138e+00 -1.164419e-04 9.975408e-01 7.008740e-02 2.578599e-01 -1.247915e-01 -6.955402e-02 9.897420e-01 1.032368e+02
9.921927e-01 -1.060976e-02 1.242622e-01 5.944114e+00 1.970142e-03 9.975839e-01 6.944486e-02 3.365542e-01 -1.246987e-01 -6.865788e-02 9.898163e-01 1.046097e+02
9.923218e-01 -1.042308e-02 1.232428e-01 6.148201e+00 1.884321e-03 9.976012e-01 6.919856e-02 4.149232e-01 -1.236684e-01 -6.843501e-02 9.899610e-01 1.060457e+02
9.922329e-01 -9.185559e-03 1.240544e-01 6.194171e+00 5.002820e-04 9.975565e-01 6.986225e-02 4.133938e-01 -1.243930e-01 -6.925756e-02 9.898130e-01 1.061193e+02
9.921321e-01 -9.390336e-03 1.248424e-01 6.238234e+00 5.235986e-04 9.974856e-01 7.086734e-02 4.179151e-01 -1.251939e-01 -7.024440e-02 9.896424e-01 1.061869e+02
9.920877e-01 -9.764221e-03 1.251670e-01 6.309154e+00 9.155068e-04 9.975072e-01 7.055865e-02 4.225686e-01 -1.255440e-01 -6.988578e-02 9.896235e-01 1.062673e+02
9.922869e-01 -1.387238e-02 1.231844e-01 6.530493e+00 4.988173e-03 9.973821e-01 7.213878e-02 4.050662e-01 -1.238626e-01 -7.096789e-02 9.897584e-01 1.063790e+02
9.922839e-01 -1.122556e-02 1.234769e-01 6.616585e+00 2.278275e-03 9.973756e-01 7.236500e-02 4.046830e-01 -1.239652e-01 -7.152531e-02 9.897054e-01 1.064897e+02
9.923314e-01 -1.215413e-02 1.230067e-01 6.696599e+00 3.131208e-03 9.973063e-01 7.328221e-02 3.955182e-01 -1.235660e-01 -7.233508e-02 9.896964e-01 1.065833e+02
9.924549e-01 -1.390103e-02 1.218195e-01 6.776183e+00 4.947928e-03 9.972836e-01 7.349124e-02 4.078403e-01 -1.225102e-01 -7.233398e-02 9.898278e-01 1.066602e+02
9.921964e-01 -1.226520e-02 1.240798e-01 6.746526e+00 3.219606e-03 9.973384e-01 7.284087e-02 4.103215e-01 -1.246429e-01 -7.187296e-02 9.895951e-01 1.067463e+02
9.922181e-01 -1.239276e-02 1.238933e-01 6.786899e+00 3.188837e-03 9.972373e-01 7.421310e-02 4.020359e-01 -1.244707e-01 -7.324051e-02 9.895165e-01 1.068802e+02
9.921501e-01 -1.190318e-02 1.244853e-01 6.786238e+00 2.736028e-03 9.972875e-01 7.355355e-02 4.195864e-01 -1.250232e-01 -7.263557e-02 9.894914e-01 1.070565e+02
9.920845e-01 -1.333989e-02 1.248616e-01 6.784678e+00 4.083611e-03 9.972427e-01 7.409665e-02 4.186415e-01 -1.255058e-01 -7.300025e-02 9.894035e-01 1.072107e+02
9.919695e-01 -1.537287e-02 1.255394e-01 6.842656e+00 6.178817e-03 9.972908e-01 7.329991e-02 4.397380e-01 -1.263261e-01 -7.193559e-02 9.893771e-01 1.073765e+02
9.920148e-01 -1.664974e-02 1.250176e-01 6.969243e+00 7.573443e-03 9.973231e-01 7.272739e-02 4.617038e-01 -1.258938e-01 -7.119983e-02 9.894854e-01 1.075291e+02
9.919590e-01 -1.948744e-02 1.250503e-01 7.116833e+00 1.030537e-02 9.972303e-01 7.365810e-02 4.621915e-01 -1.261394e-01 -7.177713e-02 9.894124e-01 1.076636e+02
9.919163e-01 -2.110259e-02 1.251270e-01 7.239881e+00 1.168435e-02 9.970750e-01 7.553104e-02 4.506177e-01 -1.263549e-01 -7.345843e-02 9.892615e-01 1.077690e+02
9.920135e-01 -2.073975e-02 1.244154e-01 7.422277e+00 1.143198e-02 9.971131e-01 7.506469e-02 5.616748e-01 -1.256130e-01 -7.304287e-02 9.893867e-01 1.092979e+02
9.919429e-01 -2.094139e-02 1.249429e-01 7.635787e+00 1.157045e-02 9.970967e-01 7.526129e-02 6.387959e-01 -1.261562e-01 -7.320926e-02 9.893053e-01 1.107782e+02
9.919785e-01 -2.058179e-02 1.247203e-01 7.857077e+00 1.133464e-02 9.971638e-01 7.440410e-02 7.293639e-01 -1.258979e-01 -7.239360e-02 9.893982e-01 1.122164e+02
9.920246e-01 -1.848091e-02 1.246824e-01 8.103264e+00 9.144298e-03 9.971383e-01 7.504392e-02 8.105709e-01 -1.257125e-01 -7.330528e-02 9.893547e-01 1.136164e+02
9.916781e-01 -1.840232e-02 1.274204e-01 8.125037e+00 8.590410e-03 9.969841e-01 7.712969e-02 9.232481e-01 -1.284554e-01 -7.539323e-02 9.888453e-01 1.154566e+02
9.914235e-01 -1.959278e-02 1.292115e-01 8.281144e+00 9.610442e-03 9.969513e-01 7.743149e-02 1.022712e+00 -1.303346e-01 -7.552561e-02 9.885893e-01 1.170495e+02
9.913813e-01 -1.975192e-02 1.295104e-01 8.486202e+00 9.930620e-03 9.970549e-01 7.604576e-02 1.121884e+00 -1.306310e-01 -7.410423e-02 9.886577e-01 1.186136e+02
9.913041e-01 -1.873726e-02 1.302502e-01 8.670298e+00 9.155777e-03 9.972329e-01 7.377535e-02 1.227582e+00 -1.312721e-01 -7.194126e-02 9.887326e-01 1.202495e+02
9.912220e-01 -1.741381e-02 1.310559e-01 8.857858e+00 7.608991e-03 9.971585e-01 7.494614e-02 1.317836e+00 -1.319886e-01 -7.329106e-02 9.885380e-01 1.219651e+02
9.911366e-01 -1.580001e-02 1.319037e-01 9.052335e+00 6.000869e-03 9.972134e-01 7.435962e-02 1.430258e+00 -1.327110e-01 -7.290900e-02 9.884695e-01 1.235991e+02
9.913288e-01 -1.852268e-02 1.300924e-01 9.331435e+00 8.663200e-03 9.970741e-01 7.594912e-02 1.518013e+00 -1.311186e-01 -7.416353e-02 9.885888e-01 1.252212e+02
9.913220e-01 -8.085838e-03 1.312069e-01 9.541714e+00 -1.637202e-03 9.972696e-01 7.382808e-02 1.621567e+00 -1.314457e-01 -7.340221e-02 9.886021e-01 1.266934e+02
9.914216e-01 -8.696690e-03 1.304127e-01 9.777547e+00 -8.971012e-04 9.973076e-01 7.332627e-02 1.731151e+00 -1.306993e-01 -7.281425e-02 9.887446e-01 1.282963e+02
9.914552e-01 -4.886238e-03 1.303563e-01 9.996307e+00 -4.737998e-03 9.972900e-01 7.341811e-02 1.842957e+00 -1.303617e-01 -7.340839e-02 9.887452e-01 1.299156e+02
9.915468e-01 -5.322128e-03 1.296404e-01 1.025208e+01 -4.159403e-03 9.973410e-01 7.275677e-02 1.948993e+00 -1.296830e-01 -7.268097e-02 9.888881e-01 1.314712e+02
9.914421e-01 -8.242645e-03 1.302866e-01 1.043315e+01 -1.095988e-03 9.974440e-01 7.144393e-02 2.040251e+00 -1.305425e-01 -7.097531e-02 9.888990e-01 1.329463e+02
9.913859e-01 -8.262143e-03 1.307119e-01 1.062767e+01 -1.241343e-03 9.973707e-01 7.245757e-02 2.130847e+00 -1.309669e-01 -7.199567e-02 9.887691e-01 1.345109e+02
9.912230e-01 -1.032306e-02 1.317971e-01 1.079913e+01 8.055302e-04 9.973997e-01 7.206345e-02 2.226318e+00 -1.321983e-01 -7.132479e-02 9.886538e-01 1.360545e+02
9.912615e-01 -1.198490e-02 1.313658e-01 1.100252e+01 2.608837e-03 9.974505e-01 7.131460e-02 2.304314e+00 -1.318856e-01 -7.034871e-02 9.887655e-01 1.375871e+02
9.913611e-01 -1.271067e-02 1.305436e-01 1.122747e+01 3.557405e-03 9.975328e-01 7.011172e-02 2.398705e+00 -1.311127e-01 -6.904163e-02 9.889604e-01 1.392178e+02
9.910581e-01 -1.331002e-02 1.327655e-01 1.139387e+01 3.838651e-03 9.974446e-01 7.134145e-02 2.463191e+00 -1.333758e-01 -7.019388e-02 9.885766e-01 1.405523e+02
9.910510e-01 -1.788151e-02 1.322809e-01 1.161924e+01 8.180031e-03 9.972600e-01 7.352301e-02 2.549964e+00 -1.332332e-01 -7.178299e-02 9.884817e-01 1.421195e+02
9.910109e-01 -1.998038e-02 1.322806e-01 1.183273e+01 1.025080e-02 9.972183e-01 7.382902e-02 2.633908e+00 -1.333877e-01 -7.180938e-02 9.884590e-01 1.437417e+02
9.908105e-01 -2.213606e-02 1.334335e-01 1.195472e+01 1.243031e-02 9.972444e-01 7.313737e-02 2.717559e+00 -1.346848e-01 -7.080665e-02 9.883554e-01 1.452844e+02
9.906791e-01 -1.867282e-02 1.349303e-01 1.199269e+01 8.967374e-03 9.973512e-01 7.218223e-02 2.721602e+00 -1.359207e-01 -7.029946e-02 9.882224e-01 1.453160e+02
9.904010e-01 -1.448802e-02 1.374629e-01 1.189034e+01 4.518216e-03 9.973536e-01 7.256383e-02 2.737286e+00 -1.381504e-01 -7.124619e-02 9.878454e-01 1.455368e+02
9.903190e-01 -3.863295e-03 1.387566e-01 1.197888e+01 -6.135898e-03 9.974172e-01 7.156283e-02 2.743680e+00 -1.386747e-01 -7.172143e-02 9.877375e-01 1.457141e+02
9.899015e-01 -7.981634e-03 1.415316e-01 1.180138e+01 -2.188793e-03 9.974340e-01 7.155886e-02 2.759518e+00 -1.417396e-01 -7.114601e-02 9.873440e-01 1.458633e+02
9.897193e-01 -7.252160e-03 1.428394e-01 1.198897e+01 -2.969074e-03 9.974566e-01 7.121471e-02 2.844912e+00 -1.429925e-01 -7.090668e-02 9.871805e-01 1.473806e+02
9.897271e-01 -2.968236e-03 1.429382e-01 1.217267e+01 -7.250297e-03 9.974560e-01 7.091528e-02 2.838138e+00 -1.427850e-01 -7.122312e-02 9.871878e-01 1.474829e+02
9.897718e-01 -2.675445e-03 1.426342e-01 1.246480e+01 -7.471847e-03 9.974796e-01 7.055901e-02 2.915120e+00 -1.424635e-01 -7.090306e-02 9.872572e-01 1.489738e+02
9.891586e-01 -5.113934e-03 1.467624e-01 1.243087e+01 -5.191982e-03 9.975508e-01 6.975288e-02 3.021823e+00 -1.467597e-01 -6.975865e-02 9.867094e-01 1.511210e+02
9.891669e-01 -5.895846e-03 1.466770e-01 1.271654e+01 -4.455608e-03 9.975269e-01 7.014465e-02 3.149178e+00 -1.467278e-01 -7.003830e-02 9.866943e-01 1.527675e+02
9.891223e-01 -6.693807e-03 1.469435e-01 1.295045e+01 -3.703809e-03 9.975139e-01 7.037187e-02 3.226716e+00 -1.470492e-01 -7.015063e-02 9.866384e-01 1.543998e+02
9.890807e-01 -7.062096e-03 1.472055e-01 1.318612e+01 -3.004504e-03 9.976774e-01 6.805038e-02 3.321307e+00 -1.473442e-01 -6.774959e-02 9.867622e-01 1.560415e+02
9.891268e-01 -1.130639e-02 1.466301e-01 1.340794e+01 1.475764e-03 9.977533e-01 6.697991e-02 3.392209e+00 -1.470580e-01 -6.603523e-02 9.869211e-01 1.576458e+02
9.892852e-01 -1.171493e-02 1.455254e-01 1.365283e+01 2.077215e-03 9.978040e-01 6.620321e-02 3.501209e+00 -1.459814e-01 -6.519156e-02 9.871370e-01 1.592448e+02
9.893691e-01 -1.164625e-02 1.449592e-01 1.390026e+01 2.122753e-03 9.978385e-01 6.567982e-02 3.580656e+00 -1.454108e-01 -6.467387e-02 9.872553e-01 1.607997e+02
9.895117e-01 -1.177012e-02 1.439724e-01 1.412885e+01 2.544414e-03 9.979405e-01 6.409664e-02 3.677945e+00 -1.444303e-01 -6.305805e-02 9.875037e-01 1.623923e+02
9.895824e-01 -1.290337e-02 1.433881e-01 1.436985e+01 3.722998e-03 9.979360e-01 6.410941e-02 3.769887e+00 -1.439193e-01 -6.290771e-02 9.875879e-01 1.641163e+02
9.898483e-01 -1.432779e-02 1.414038e-01 1.465353e+01 5.118960e-03 9.978542e-01 6.527445e-02 3.831390e+00 -1.420356e-01 -6.388797e-02 9.877977e-01 1.657399e+02
9.899905e-01 -1.409849e-02 1.404280e-01 1.482824e+01 4.982718e-03 9.978692e-01 6.505544e-02 3.929649e+00 -1.410460e-01 -6.370457e-02 9.879513e-01 1.673782e+02
9.901915e-01 -1.487987e-02 1.389226e-01 1.508438e+01 5.713882e-03 9.977936e-01 6.614624e-02 4.017378e+00 -1.396003e-01 -6.470365e-02 9.880917e-01 1.688930e+02
9.903193e-01 -1.436078e-02 1.380634e-01 1.530244e+01 5.013817e-03 9.976856e-01 6.781130e-02 4.102329e+00 -1.387177e-01 -6.646261e-02 9.880992e-01 1.704772e+02
9.902236e-01 -1.379545e-02 1.388055e-01 1.550496e+01 4.407149e-03 9.976948e-01 6.771766e-02 4.183874e+00 -1.394197e-01 -6.644389e-02 9.880017e-01 1.719541e+02
9.901915e-01 -1.299951e-02 1.391109e-01 1.574255e+01 3.518734e-03 9.976667e-01 6.818268e-02 4.263443e+00 -1.396726e-01 -6.702442e-02 9.879268e-01 1.736818e+02
9.902478e-01 -1.488724e-02 1.385199e-01 1.597638e+01 5.425138e-03 9.976407e-01 6.843703e-02 4.351799e+00 -1.392119e-01 -6.701813e-02 9.879922e-01 1.754525e+02
9.902788e-01 -1.548331e-02 1.382320e-01 1.617997e+01 6.212909e-03 9.977171e-01 6.724529e-02 4.449712e+00 -1.389576e-01 -6.573276e-02 9.881144e-01 1.771866e+02
9.903994e-01 -1.606741e-02 1.372983e-01 1.645956e+01 7.420223e-03 9.979693e-01 6.326224e-02 4.544390e+00 -1.380360e-01 -6.163610e-02 9.885075e-01 1.786096e+02
9.904462e-01 -1.625170e-02 1.369388e-01 1.667472e+01 7.987862e-03 9.981252e-01 6.068175e-02 4.638687e+00 -1.376682e-01 -5.900816e-02 9.887191e-01 1.802062e+02
9.907917e-01 -1.709095e-02 1.343120e-01 1.686205e+01 9.171134e-03 9.981942e-01 5.936479e-02 4.709392e+00 -1.350840e-01 -5.758635e-02 9.891593e-01 1.816870e+02
9.910431e-01 -1.636489e-02 1.325359e-01 1.704980e+01 8.470835e-03 9.981680e-01 5.990794e-02 4.782447e+00 -1.332734e-01 -5.824866e-02 9.893661e-01 1.833224e+02
9.910495e-01 -1.774734e-02 1.323101e-01 1.725694e+01 9.375343e-03 9.979294e-01 6.363204e-02 4.844842e+00 -1.331654e-01 -6.182205e-02 9.891638e-01 1.848988e+02
9.909653e-01 -2.175126e-02 1.323430e-01 1.750934e+01 1.304252e-02 9.977133e-01 6.631880e-02 4.933279e+00 -1.334829e-01 -6.399354e-02 9.889829e-01 1.865970e+02
9.908590e-01 -2.192795e-02 1.331079e-01 1.772618e+01 1.298252e-02 9.976210e-01 6.770404e-02 5.015036e+00 -1.342758e-01 -6.535707e-02 9.887863e-01 1.882966e+02
9.907051e-01 -2.275347e-02 1.341103e-01 1.791678e+01 1.385545e-02 9.976627e-01 6.691229e-02 5.095401e+00 -1.353193e-01 -6.443220e-02 9.887048e-01 1.899284e+02
9.903018e-01 -2.549328e-02 1.365738e-01 1.788427e+01 1.630919e-02 9.975556e-01 6.794813e-02 5.084404e+00 -1.379722e-01 -6.506174e-02 9.882969e-01 1.899593e+02
9.900132e-01 -2.788910e-02 1.381888e-01 1.788151e+01 1.841132e-02 9.974193e-01 6.939554e-02 5.084112e+00 -1.397675e-01 -6.615826e-02 9.879717e-01 1.900588e+02
9.898645e-01 -2.845179e-02 1.391355e-01 1.811974e+01 1.886644e-02 9.973873e-01 6.973230e-02 5.173373e+00 -1.407560e-01 -6.640054e-02 9.878151e-01 1.917692e+02
9.897825e-01 -2.570804e-02 1.402492e-01 1.835457e+01 1.615001e-02 9.974951e-01 6.886771e-02 5.262775e+00 -1.416683e-01 -6.589903e-02 9.877183e-01 1.934304e+02
9.897789e-01 -2.574416e-02 1.402671e-01 1.860664e+01 1.611473e-02 9.974616e-01 6.935899e-02 5.336864e+00 -1.416966e-01 -6.638970e-02 9.876814e-01 1.950749e+02
9.894487e-01 -2.714591e-02 1.423181e-01 1.877400e+01 1.719205e-02 9.973488e-01 7.070985e-02 5.420144e+00 -1.438602e-01 -6.751703e-02 9.872921e-01 1.966832e+02
9.891289e-01 -3.150709e-02 1.436357e-01 1.894126e+01 2.144214e-02 9.972394e-01 7.109006e-02 5.527464e+00 -1.454790e-01 -6.723738e-02 9.870740e-01 1.983329e+02
9.890404e-01 -3.166414e-02 1.442097e-01 1.916812e+01 2.175003e-02 9.973230e-01 6.981307e-02 5.614810e+00 -1.460342e-01 -6.591139e-02 9.870814e-01 1.999861e+02
9.890244e-01 -3.038490e-02 1.445942e-01 1.937007e+01 2.026872e-02 9.972755e-01 7.092856e-02 5.696033e+00 -1.463554e-01 -6.721933e-02 9.869456e-01 2.017748e+02
9.888924e-01 -2.734953e-02 1.460951e-01 1.953605e+01 1.735475e-02 9.974480e-01 6.925458e-02 5.776114e+00 -1.476164e-01 -6.594988e-02 9.868435e-01 2.034020e+02
9.887469e-01 -2.591020e-02 1.473369e-01 1.968151e+01 1.608338e-02 9.975896e-01 6.750078e-02 5.854324e+00 -1.487307e-01 -6.437151e-02 9.867803e-01 2.051357e+02
9.885864e-01 -2.486159e-02 1.485894e-01 1.982601e+01 1.480920e-02 9.975495e-01 6.837968e-02 5.948516e+00 -1.499252e-01 -6.539873e-02 9.865320e-01 2.068898e+02
9.884377e-01 -2.469442e-02 1.496036e-01 1.998469e+01 1.401102e-02 9.973027e-01 7.204901e-02 6.017307e+00 -1.509792e-01 -6.911986e-02 9.861175e-01 2.085028e+02
9.886072e-01 -2.229392e-02 1.488580e-01 2.023391e+01 1.119736e-02 9.971229e-01 7.497074e-02 6.114605e+00 -1.501011e-01 -7.244980e-02 9.860125e-01 2.102486e+02
9.886793e-01 -1.837093e-02 1.489151e-01 2.037366e+01 7.591958e-03 9.973300e-01 7.263113e-02 6.225188e+00 -1.498518e-01 -7.067834e-02 9.861790e-01 2.121048e+02
9.890681e-01 -2.063667e-02 1.460083e-01 2.064615e+01 1.002261e-02 9.972771e-01 7.306048e-02 6.298091e+00 -1.471184e-01 -7.079840e-02 9.865819e-01 2.137470e+02
9.890876e-01 -2.139277e-02 1.457672e-01 2.079875e+01 1.074628e-02 9.972419e-01 7.343732e-02 6.396422e+00 -1.469362e-01 -7.106949e-02 9.865895e-01 2.154525e+02
9.890417e-01 -2.411796e-02 1.456531e-01 2.100400e+01 1.351613e-02 9.972151e-01 7.334401e-02 6.506628e+00 -1.470163e-01 -7.057162e-02 9.866133e-01 2.171925e+02
9.891822e-01 -2.474720e-02 1.445897e-01 2.127014e+01 1.424082e-02 9.972118e-01 7.325163e-02 6.600983e+00 -1.459993e-01 -7.040013e-02 9.867766e-01 2.189412e+02
9.892656e-01 -2.439822e-02 1.440772e-01 2.151251e+01 1.411814e-02 9.973085e-01 7.194727e-02 6.700191e+00 -1.454448e-01 -6.914086e-02 9.869475e-01 2.206642e+02
9.891619e-01 -2.828482e-02 1.440786e-01 2.172717e+01 1.788218e-02 9.971722e-01 7.299115e-02 6.792583e+00 -1.457358e-01 -6.962362e-02 9.868706e-01 2.224219e+02
9.892322e-01 -2.649976e-02 1.439356e-01 2.199913e+01 1.624721e-02 9.972763e-01 7.194406e-02 6.891624e+00 -1.454501e-01 -6.883083e-02 9.869684e-01 2.240584e+02
9.892767e-01 -2.659076e-02 1.436123e-01 2.224217e+01 1.626188e-02 9.972269e-01 7.262274e-02 6.967223e+00 -1.451451e-01 -6.950857e-02 9.869658e-01 2.257047e+02
9.891822e-01 -2.510453e-02 1.445283e-01 2.247202e+01 1.480275e-02 9.973007e-01 7.191771e-02 7.052782e+00 -1.459437e-01 -6.900030e-02 9.868837e-01 2.273672e+02
