1.000000e+00 0.000000e+00 0.000000e+00 0.000000e+00 0.000000e+00 1.000000e+00 0.000000e+00 0.000000e+00 0.000000e+00 0.000000e+00 1.000000e+00 0.000000e+00
9.999979e-01 5.448521e-04 2.000314e-03 -3.311346e-02 -5.474686e-04 9.999990e-01 1.307767e-03 2.809288e-03 -1.999599e-03 -1.308859e-03 9.999971e-01 -4.410526e-01
9.999999e-01 3.162214e-04 1.947405e-04 -1.634068e-02 -3.162622e-04 9.999999e-01 2.099544e-04 -1.683153e-03 -1.946741e-04 -2.100160e-04 9.999999e-01 8.982828e-02
9.999993e-01 8.496033e-05 -1.159610e-03 -5.334402e-03 -8.609520e-05 9.999995e-01 -9.786487e-04 -1.838494e-02 1.159526e-03 9.787477e-04 9.999989e-01 6.246231e-01
9.999956e-01 1.549748e-04 -2.943099e-03 -1.526410e-02 -1.651042e-04 9.999940e-01 -3.441790e-03 -1.114431e-02 2.942548e-03 3.442261e-03 9.999897e-01 1.099158e+00
9.999857e-01 -2.403352e-03 -4.773506e-03 -5.457060e-03 2.384555e-03 9.999894e-01 -3.939624e-03 -3.490911e-02 4.782923e-03 3.928185e-03 9.999809e-01 1.537227e+00
9.999652e-01 -5.052363e-03 -6.642390e-03 3.254579e-02 5.019557e-03 9.999751e-01 -4.946314e-03 -5.722574e-02 6.667216e-03 4.912800e-03 9.999657e-01 1.849704e+00
9.999289e-01 -8.024794e-03 -8.822676e-03 8.956307e-02 7.976821e-03 9.999533e-01 -5.459360e-03 -6.459814e-02 8.866074e-03 5.388595e-03 9.999462e-01 2.068302e+00
9.999398e-01 -4.609882e-03 -9.957816e-03 9.643948e-02 4.548136e-03 9.999703e-01 -6.214550e-03 -5.228564e-02 9.986169e-03 6.168887e-03 9.999311e-01 2.477586e+00
9.999120e-01 -6.021284e-03 -1.181695e-02 1.476614e-01 5.952490e-03 9.999652e-01 -5.848187e-03 -7.932685e-02 1.185175e-02 5.777333e-03 9.999131e-01 2.665906e+00
9.998897e-01 -6.499291e-03 -1.335399e-02 1.703369e-01 6.409146e-03 9.999565e-01 -6.782173e-03 -1.134097e-01 1.339749e-02 6.695837e-03 9.998878e-01 3.018206e+00
9.998786e-01 -3.574220e-03 -1.516355e-02 1.841311e-01 3.393574e-03 9.999232e-01 -1.192223e-02 -1.144699e-01 1.520500e-02 1.186932e-02 9.998140e-01 3.410047e+00
9.998662e-01 -2.105359e-03 -1.622063e-02 1.726053e-01 1.849893e-03 9.998743e-01 -1.574842e-02 -1.179156e-01 1.625175e-02 1.571631e-02 9.997444e-01 4.000680e+00
9.998398e-01 6.350338e-04 -1.788943e-02 1.744284e-01 -8.757871e-04 9.999091e-01 -1.345323e-02 -1.582973e-01 1.787926e-02 1.346675e-02 9.997495e-01 4.620830e+00
9.998052e-01 5.151362e-03 -1.905116e-02 1.575181e-01 -5.325657e-03 9.999443e-01 -9.109419e-03 -1.395657e-01 1.900317e-02 9.209105e-03 9.997770e-01 5.244868e+00
9.997840e-01 4.016030e-03 -2.039211e-02 1.370916e-01 -4.009180e-03 9.999919e-01 3.767742e-04 -1.350358e-01 2.039346e-02 -2.949372e-04 9.997920e-01 5.856383e+00
9.997652e-01 4.213406e-03 -2.125606e-02 1.298020e-01 -4.047503e-03 9.999611e-01 7.841979e-03 -1.582791e-01 2.128828e-02 -7.754104e-03 9.997433e-01 6.446318e+00
9.997051e-01 9.360879e-03 -2.240538e-02 1.294224e-01 -9.218100e-03 9.999366e-01 6.467287e-03 -1.644131e-01 2.246450e-02 -6.258845e-03 9.997280e-01 6.977023e+00
9.996798e-01 1.035132e-02 -2.308881e-02 1.128626e-01 -1.038589e-02 9.999451e-01 -1.377852e-03 -1.526340e-01 2.307328e-02 1.617209e-03 9.997325e-01 7.523760e+00
9.996289e-01 1.267873e-02 -2.411147e-02 1.020027e-01 -1.288854e-02 9.998803e-01 -8.566162e-03 -1.399685e-01 2.399997e-02 8.873744e-03 9.996726e-01 8.081239e+00
9.996248e-01 9.602962e-03 -2.565200e-02 1.001303e-01 -9.734891e-03 9.999400e-01 -5.023099e-03 -1.611511e-01 2.560222e-02 5.270934e-03 9.996583e-01 8.756614e+00
9.995343e-01 1.620626e-02 -2.585566e-02 1.484740e-01 -1.616408e-02 9.998677e-01 1.839147e-03 -1.558802e-01 2.588204e-02 -1.420357e-03 9.996640e-01 8.845114e+00
9.995360e-01 1.586105e-02 -2.600331e-02 1.137762e-01 -1.559904e-02 9.998258e-01 1.024787e-02 -1.732871e-01 2.616132e-02 -9.837493e-03 9.996094e-01 9.645330e+00
9.995226e-01 1.540911e-02 -2.677820e-02 9.908341e-02 -1.511010e-02 9.998216e-01 1.133296e-02 -1.637145e-01 2.694805e-02 -1.092293e-02 9.995772e-01 1.029455e+01
9.995426e-01 1.353486e-02 -2.704442e-02 1.066783e-01 -1.321342e-02 9.998403e-01 1.202923e-02 -1.630593e-01 2.720291e-02 -1.166638e-02 9.995618e-01 1.042028e+01
9.995564e-01 1.266692e-02 -2.695301e-02 1.181615e-01 -1.244122e-02 9.998863e-01 8.525152e-03 -1.393991e-01 2.705793e-02 -8.186041e-03 9.996004e-01 1.058767e+01
9.995437e-01 1.505160e-02 -2.618821e-02 9.161138e-02 -1.491825e-02 9.998748e-01 5.279934e-03 -1.397229e-01 2.626440e-02 -4.886843e-03 9.996431e-01 1.136067e+01
9.995819e-01 1.380224e-02 -2.540556e-02 8.904379e-02 -1.379759e-02 9.999048e-01 3.583613e-04 -1.536752e-01 2.540809e-02 -7.676030e-06 9.996772e-01 1.214253e+01
9.995968e-01 1.267288e-02 -2.540723e-02 7.960685e-02 -1.276571e-02 9.999124e-01 -3.494517e-03 -1.921243e-01 2.536072e-02 3.817449e-03 9.996711e-01 1.299857e+01
9.996395e-01 1.167286e-02 -2.417720e-02 7.018661e-02 -1.191078e-02 9.998818e-01 -9.720212e-03 -1.856855e-01 2.406088e-02 1.000468e-02 9.996604e-01 1.373245e+01
9.996332e-01 1.282610e-02 -2.385216e-02 5.618843e-02 -1.303739e-02 9.998770e-01 -8.723999e-03 -2.160175e-01 2.373733e-02 9.031770e-03 9.996774e-01 1.465536e+01
9.996516e-01 1.149321e-02 -2.375995e-02 3.530675e-02 -1.170882e-02 9.998913e-01 -8.955520e-03 -2.332142e-01 2.365444e-02 9.230601e-03 9.996776e-01 1.542653e+01
9.996006e-01 1.446804e-02 -2.427623e-02 1.844315e-02 -1.467145e-02 9.998586e-01 -8.221488e-03 -2.768978e-01 2.415385e-02 8.574371e-03 9.996715e-01 1.632523e+01
9.996168e-01 1.443076e-02 -2.362177e-02 -1.866182e-02 -1.467444e-02 9.998406e-01 -1.017532e-02 -2.909013e-01 2.347116e-02 1.051806e-02 9.996692e-01 1.726591e+01
9.996131e-01 1.380107e-02 -2.414779e-02 -3.811837e-02 -1.405949e-02 9.998453e-01 -1.056455e-02 -3.153898e-01 2.399825e-02 1.089997e-02 9.996526e-01 1.819169e+01
9.995437e-01 1.823746e-02 -2.407974e-02 -6.613423e-02 -1.848369e-02 9.997787e-01 -1.004293e-02 -3.406721e-01 2.389126e-02 1.048343e-02 9.996596e-01 1.907363e+01
9.995593e-01 1.643013e-02 -2.472305e-02 -1.036193e-01 -1.668513e-02 9.998093e-01 -1.014336e-02 -3.638428e-01 2.455169e-02 1.055140e-02 9.996428e-01 1.991290e+01
9.995667e-01 1.518939e-02 -2.521103e-02 -1.292639e-01 -1.544245e-02 9.998320e-01 -9.873588e-03 -3.910294e-01 2.505682e-02 1.025863e-02 9.996334e-01 2.086233e+01
9.996176e-01 1.181233e-02 -2.500384e-02 -1.873876e-01 -1.206927e-02 9.998757e-01 -1.015013e-02 -4.043515e-01 2.488083e-02 1.044803e-02 9.996358e-01 2.188071e+01
9.995558e-01 1.634981e-02 -2.491732e-02 -2.329580e-01 -1.653100e-02 9.998383e-01 -7.082982e-03 -4.323715e-01 2.479748e-02 7.491743e-03 9.996644e-01 2.288155e+01
9.995182e-01 1.790174e-02 -2.535573e-02 -2.622425e-01 -1.805089e-02 9.998210e-01 -5.665430e-03 -4.535119e-01 2.524977e-02 6.120394e-03 9.996625e-01 2.381766e+01
9.994190e-01 2.262243e-02 -2.549187e-02 -2.930734e-01 -2.279376e-02 9.997194e-01 -6.450346e-03 -4.719833e-01 2.533880e-02 7.027654e-03 9.996542e-01 2.477819e+01
9.994506e-01 2.040215e-02 -2.611904e-02 -3.235573e-01 -2.060431e-02 9.997596e-01 -7.494387e-03 -4.904723e-01 2.595986e-02 8.028435e-03 9.996307e-01 2.584027e+01
9.993821e-01 2.303033e-02 -2.655083e-02 -3.495508e-01 -2.320238e-02 9.997116e-01 -6.190283e-03 -5.123640e-01 2.640060e-02 6.802501e-03 9.996283e-01 2.690452e+01
9.993869e-01 2.209009e-02 -2.716352e-02 -3.886214e-01 -2.221703e-02 9.997436e-01 -4.380237e-03 -5.288230e-01 2.705980e-02 4.981045e-03 9.996214e-01 2.801999e+01
9.992965e-01 2.554853e-02 -2.745334e-02 -4.182036e-01 -2.559021e-02 9.996718e-01 -1.167914e-03 -5.357529e-01 2.741449e-02 1.869629e-03 9.996224e-01 2.918897e+01
9.992824e-01 2.551559e-02 -2.799291e-02 -4.597079e-01 -2.546928e-02 9.996736e-01 2.009905e-03 -5.634590e-01 2.803506e-02 -1.295504e-03 9.996061e-01 3.025669e+01
9.992983e-01 2.443592e-02 -2.838466e-02 -5.066127e-01 -2.440425e-02 9.997011e-01 1.461390e-03 -5.676972e-01 2.841189e-02 -7.676581e-04 9.995960e-01 3.126805e+01
9.992968e-01 2.426359e-02 -2.858732e-02 -5.498205e-01 -2.426210e-02 9.997056e-01 3.987488e-04 -5.832804e-01 2.858858e-02 2.951203e-04 9.995912e-01 3.232639e+01
9.993325e-01 2.132559e-02 -2.965955e-02 -5.780753e-01 -2.135962e-02 9.997715e-01 -8.308697e-04 -5.941581e-01 2.963506e-02 1.463832e-03 9.995597e-01 3.341985e+01
9.992168e-01 2.437066e-02 -3.117506e-02 -6.080427e-01 -2.434015e-02 9.997028e-01 1.357651e-03 -6.185468e-01 3.119888e-02 -5.977824e-04 9.995130e-01 3.454313e+01
9.992725e-01 2.032739e-02 -3.226923e-02 -6.548407e-01 -2.024166e-02 9.997907e-01 2.981245e-03 -6.343026e-01 3.232308e-02 -2.325893e-03 9.994748e-01 3.565249e+01
9.993189e-01 1.753668e-02 -3.246845e-02 -7.053139e-01 -1.733537e-02 9.998288e-01 6.471423e-03 -6.628021e-01 3.257637e-02 -5.904164e-03 9.994518e-01 3.670774e+01
9.992891e-01 1.791078e-02 -3.317429e-02 -7.463930e-01 -1.771205e-02 9.998235e-01 6.274771e-03 -6.767099e-01 3.328083e-02 -5.682725e-03 9.994299e-01 3.779381e+01
9.992822e-01 1.788050e-02 -3.339779e-02 -7.810510e-01 -1.777405e-02 9.998360e-01 3.481554e-03 -7.055591e-01 3.345456e-02 -2.885442e-03 9.994361e-01 3.888367e+01
9.992694e-01 1.741885e-02 -3.401957e-02 -8.099626e-01 -1.748296e-02 9.998459e-01 -1.587883e-03 -7.137160e-01 3.398667e-02 2.181486e-03 9.994199e-01 3.991332e+01
9.992344e-01 1.909791e-02 -3.414515e-02 -8.453063e-01 -1.913918e-02 9.998164e-01 -8.820289e-04 -7.457226e-01 3.412204e-02 1.534864e-03 9.994165e-01 4.090730e+01
9.992283e-01 1.958966e-02 -3.404557e-02 -9.002941e-01 -1.952906e-02 9.998071e-01 2.111645e-03 -7.614864e-01 3.408037e-02 -1.445137e-03 9.994181e-01 4.193673e+01
9.992120e-01 2.029785e-02 -3.410980e-02 -9.377680e-01 -2.011802e-02 9.997819e-01 5.607246e-03 -7.903896e-01 3.421617e-02 -4.916606e-03 9.994023e-01 4.296708e+01
9.992315e-01 1.862423e-02 -3.448911e-02 -9.788880e-01 -1.841271e-02 9.998097e-01 6.440666e-03 -7.956157e-01 3.460249e-02 -5.800678e-03 9.993843e-01 4.394461e+01
9.991969e-01 2.194257e-02 -3.352682e-02 -1.012601e+00 -2.177004e-02 9.997479e-01 5.502524e-03 -8.159952e-01 3.363911e-02 -4.768225e-03 9.994227e-01 4.482195e+01
9.992603e-01 1.887308e-02 -3.350572e-02 -1.070286e+00 -1.879600e-02 9.998199e-01 2.614056e-03 -8.285071e-01 3.354903e-02 -1.982348e-03 9.994351e-01 4.566752e+01
9.992755e-01 1.816327e-02 -3.344410e-02 -1.108893e+00 -1.814199e-02 9.998350e-01 9.396459e-04 -8.342838e-01 3.345565e-02 -3.322226e-04 9.994401e-01 4.678588e+01
9.992458e-01 1.994463e-02 -3.331817e-02 -1.135864e+00 -1.996936e-02 9.998005e-01 -4.097423e-04 -8.719869e-01 3.330335e-02 1.074776e-03 9.994447e-01 4.772346e+01
9.992564e-01 1.786876e-02 -3.416748e-02 -1.143060e+00 -1.801663e-02 9.998296e-01 -4.024530e-03 -9.023507e-01 3.408974e-02 4.637120e-03 9.994080e-01 4.858627e+01
9.993169e-01 1.331944e-02 -3.447377e-02 -1.183829e+00 -1.356913e-02 9.998833e-01 -7.018953e-03 -9.220558e-01 3.437626e-02 7.481937e-03 9.993809e-01 4.962542e+01
9.992962e-01 1.540948e-02 -3.419811e-02 -1.210163e+00 -1.549350e-02 9.998776e-01 -2.193241e-03 -9.769534e-01 3.416013e-02 2.721546e-03 9.994127e-01 5.073091e+01
9.992443e-01 1.933361e-02 -3.371834e-02 -1.236279e+00 -1.922557e-02 9.998090e-01 3.525524e-03 -9.948279e-01 3.378005e-02 -2.874605e-03 9.994252e-01 5.173119e+01
9.993060e-01 1.619238e-02 -3.354723e-02 -1.279610e+00 -1.589250e-02 9.998315e-01 9.186601e-03 -1.006721e+00 3.369033e-02 -8.647076e-03 9.993949e-01 5.266080e+01
9.993565e-01 1.155782e-02 -3.395496e-02 -1.316143e+00 -1.120572e-02 9.998816e-01 1.054168e-02 -1.016442e+00 3.407278e-02 -1.015441e-02 9.993678e-01 5.357108e+01
9.993551e-01 7.880410e-03 -3.503075e-02 -1.321166e+00 -7.582337e-03 9.999340e-01 8.633629e-03 -1.036448e+00 3.509648e-02 -8.362448e-03 9.993489e-01 5.462935e+01
9.993577e-01 1.012830e-02 -3.437365e-02 -1.374810e+00 -9.976392e-03 9.999397e-01 4.587900e-03 -1.035175e+00 3.441805e-02 -4.242028e-03 9.993985e-01 5.565697e+01
9.993172e-01 1.380922e-02 -3.427112e-02 -1.408539e+00 -1.376583e-02 9.999041e-01 1.501733e-03 -1.052540e+00 3.428857e-02 -1.028937e-03 9.994115e-01 5.683204e+01
9.993186e-01 1.451224e-02 -3.393759e-02 -1.474926e+00 -1.463227e-02 9.998875e-01 -3.290864e-03 -1.059932e+00 3.388602e-02 3.785206e-03 9.994186e-01 5.780725e+01
9.993045e-01 1.599588e-02 -3.368457e-02 -1.510446e+00 -1.613557e-02 9.998623e-01 -3.879180e-03 -1.061553e+00 3.361788e-02 4.420002e-03 9.994250e-01 5.791189e+01
9.990752e-01 2.810442e-02 -3.254016e-02 -1.567309e+00 -2.811106e-02 9.996048e-01 2.532714e-04 -1.064031e+00 3.253441e-02 6.617011e-04 9.994704e-01 5.801787e+01
9.989822e-01 3.149166e-02 -3.229402e-02 -1.609790e+00 -3.144028e-02 9.995034e-01 2.097699e-03 -1.061267e+00 3.234404e-02 -1.080231e-03 9.994762e-01 5.816079e+01
9.990726e-01 2.832063e-02 -3.243260e-02 -1.654558e+00 -2.816797e-02 9.995899e-01 5.154492e-03 -1.096642e+00 3.256528e-02 -4.236151e-03 9.994606e-01 5.923132e+01
9.989797e-01 3.184043e-02 -3.202832e-02 -1.700746e+00 -3.169350e-02 9.994847e-01 5.085128e-03 -1.103215e+00 3.217373e-02 -4.064851e-03 9.994740e-01 6.038008e+01
9.989219e-01 3.320105e-02 -3.244729e-02 -1.740104e+00 -3.302381e-02 9.994367e-01 5.983220e-03 -1.110276e+00 3.262766e-02 -4.905237e-03 9.994555e-01 6.147626e+01
9.990093e-01 3.018815e-02 -3.269639e-02 -1.787195e+00 -2.990877e-02 9.995121e-01 9.000560e-03 -1.131719e+00 3.295215e-02 -8.013736e-03 9.994248e-01 6.258292e+01
9.989839e-01 3.031011e-02 -3.335380e-02 -1.829820e+00 -2.995758e-02 9.994904e-01 1.101918e-02 -1.147103e+00 3.367080e-02 -1.000879e-02 9.993829e-01 6.358668e+01
9.990771e-01 2.669742e-02 -3.364930e-02 -1.878709e+00 -2.635523e-02 9.995967e-01 1.057221e-02 -1.163533e+00 3.391798e-02 -9.675615e-03 9.993778e-01 6.457487e+01
9.990721e-01 2.587660e-02 -3.442826e-02 -1.927115e+00 -2.561462e-02 9.996396e-01 8.029019e-03 -1.180433e+00 3.462362e-02 -7.139703e-03 9.993749e-01 6.572871e+01
9.991017e-01 2.318062e-02 -3.547551e-02 -1.969104e+00 -2.299103e-02 9.997192e-01 5.743178e-03 -1.198766e+00 3.559868e-02 -4.922400e-03 9.993541e-01 6.672013e+01
9.990184e-01 2.517924e-02 -3.644529e-02 -2.017704e+00 -2.493188e-02 9.996631e-01 7.225893e-03 -1.211660e+00 3.661495e-02 -6.310150e-03 9.993095e-01 6.780585e+01
9.990681e-01 2.378903e-02 -3.601266e-02 -2.096330e+00 -2.341084e-02 9.996666e-01 1.088718e-02 -1.215130e+00 3.625965e-02 -1.003394e-02 9.992920e-01 6.889069e+01
9.990109e-01 2.470678e-02 -3.696970e-02 -2.136103e+00 -2.417770e-02 9.995998e-01 1.469034e-02 -1.221869e+00 3.731785e-02 -1.378197e-02 9.992084e-01 7.000957e+01
9.989275e-01 2.707181e-02 -3.756137e-02 -2.176466e+00 -2.652641e-02 9.995364e-01 1.494368e-02 -1.223834e+00 3.794851e-02 -1.393128e-02 9.991826e-01 7.117023e+01
9.989533e-01 2.550777e-02 -3.796965e-02 -2.232635e+00 -2.501137e-02 9.995961e-01 1.349168e-02 -1.234936e+00 3.829845e-02 -1.252789e-02 9.991878e-01 7.224515e+01
9.989464e-01 2.527472e-02 -3.830367e-02 -2.292906e+00 -2.482098e-02 9.996166e-01 1.227556e-02 -1.235632e+00 3.859924e-02 -1.131190e-02 9.991907e-01 7.325746e+01
9.989443e-01 2.433281e-02 -3.896423e-02 -2.335930e+00 -2.387975e-02 9.996422e-01 1.205112e-02 -1.242514e+00 3.924353e-02 -1.110794e-02 9.991679e-01 7.426475e+01
9.989260e-01 2.389714e-02 -3.969582e-02 -2.381940e+00 -2.344770e-02 9.996560e-01 1.174935e-02 -1.245535e+00 3.996294e-02 -1.080596e-02 9.991427e-01 7.527541e+01
9.989195e-01 2.263978e-02 -4.058482e-02 -2.427053e+00 -2.213212e-02 9.996716e-01 1.291461e-02 -1.250646e+00 4.086388e-02 -1.200243e-02 9.990926e-01 7.624120e+01
9.989085e-01 2.210613e-02 -4.114838e-02 -2.485120e+00 -2.148202e-02 9.996483e-01 1.554823e-02 -1.263578e+00 4.147762e-02 -1.464731e-02 9.990321e-01 7.712862e+01
9.989080e-01 2.116430e-02 -4.165034e-02 -2.533211e+00 -2.051416e-02 9.996619e-01 1.597553e-02 -1.263703e+00 4.197437e-02 -1.510367e-02 9.990045e-01 7.811044e+01
9.988431e-01 1.973281e-02 -4.385363e-02 -2.581018e+00 -1.905729e-02 9.996940e-01 1.576908e-02 -1.258784e+00 4.415138e-02 -1.491511e-02 9.989135e-01 7.892195e+01
9.987324e-01 1.746338e-02 -4.720801e-02 -2.620262e+00 -1.671134e-02 9.997278e-01 1.627823e-02 -1.275017e+00 4.747943e-02 -1.546869e-02 9.987524e-01 7.972304e+01
9.985907e-01 1.666256e-02 -5.038793e-02 -2.626526e+00 -1.588019e-02 9.997477e-01 1.588771e-02 -1.270983e+00 5.063995e-02 -1.506514e-02 9.986033e-01 7.987197e+01
9.984301e-01 1.708885e-02 -5.334204e-02 -2.623426e+00 -1.629740e-02 9.997511e-01 1.523722e-02 -1.256529e+00 5.358915e-02 -1.434396e-02 9.984601e-01 7.998221e+01
9.982182e-01 1.862207e-02 -5.668972e-02 -2.615999e+00 -1.764187e-02 9.996870e-01 1.774221e-02 -1.262839e+00 5.700237e-02 -1.671048e-02 9.982342e-01 8.009683e+01
9.979935e-01 2.115200e-02 -5.967846e-02 -2.607608e+00 -2.010510e-02 9.996342e-01 1.808863e-02 -1.250409e+00 6.003924e-02 -1.685249e-02 9.980537e-01 8.022538e+01
9.977909e-01 2.171236e-02 -6.278468e-02 -2.636120e+00 -2.048946e-02 9.995888e-01 2.005643e-02 -1.250499e+00 6.319433e-02 -1.872570e-02 9.978256e-01 8.039024e+01
9.975578e-01 2.485572e-02 -6.527279e-02 -2.648445e+00 -2.355822e-02 9.995108e-01 2.057315e-02 -1.242766e+00 6.575221e-02 -1.898519e-02 9.976553e-01 8.054121e+01
9.973418e-01 2.607340e-02 -6.804085e-02 -2.665439e+00 -2.459338e-02 9.994443e-01 2.249985e-02 -1.254037e+00 6.858968e-02 -2.076669e-02 9.974288e-01 8.067216e+01
9.970890e-01 2.903667e-02 -7.050145e-02 -2.676633e+00 -2.763898e-02 9.994032e-01 2.072045e-02 -1.248231e+00 7.106102e-02 -1.871154e-02 9.972965e-01 8.079295e+01
9.968133e-01 3.114314e-02 -7.343934e-02 -2.721377e+00 -2.998498e-02 9.994088e-01 1.682083e-02 -1.245544e+00 7.391977e-02 -1.456515e-02 9.971578e-01 8.095689e+01
9.965587e-01 3.301317e-02 -7.603178e-02 -2.777256e+00 -3.206475e-02 9.993924e-01 1.366142e-02 -1.244309e+00 7.643659e-02 -1.117647e-02 9.970118e-01 8.117713e+01
9.963420e-01 3.477014e-02 -7.806159e-02 -2.848355e+00 -3.399859e-02 9.993592e-01 1.119171e-02 -1.246136e+00 7.840071e-02 -8.496784e-03 9.968857e-01 8.180663e+01
9.961689e-01 3.771361e-02 -7.890089e-02 -2.930427e+00 -3.707815e-02 9.992672e-01 9.503943e-03 -1.243554e+00 7.920150e-02 -6.542033e-03 9.968371e-01 8.239665e+01
9.961240e-01 4.015745e-02 -7.825883e-02 -2.990806e+00 -3.954866e-02 9.991742e-01 9.314203e-03 -1.248260e+00 7.856824e-02 -6.183069e-03 9.968896e-01 8.294662e+01
9.962045e-01 4.348209e-02 -7.540516e-02 -3.058074e+00 -4.274656e-02 9.990216e-01 1.134181e-02 -1.262993e+00 7.582454e-02 -8.075451e-03 9.970885e-01 8.349940e+01
9.965634e-01 4.670271e-02 -6.841196e-02 -3.138214e+00 -4.603064e-02 9.988753e-01 1.136841e-02 -1.249306e+00 6.886596e-02 -8.180298e-03 9.975924e-01 8.381185e+01
9.970161e-01 4.714163e-02 -6.112747e-02 -3.159404e+00 -4.636446e-02 9.988255e-01 1.407134e-02 -1.261931e+00 6.171902e-02 -1.119521e-02 9.980308e-01 8.426023e+01
9.976103e-01 4.724811e-02 -5.041199e-02 -3.213133e+00 -4.648114e-02 9.987865e-01 1.628008e-02 -1.261431e+00 5.112002e-02 -1.389797e-02 9.985958e-01 8.448134e+01
9.981702e-01 4.683303e-02 -3.824870e-02 -3.269247e+00 -4.620414e-02 9.987845e-01 1.716425e-02 -1.254921e+00 3.900607e-02 -1.536559e-02 9.991208e-01 8.468873e+01
9.986237e-01 4.631881e-02 -2.460282e-02 -3.261717e+00 -4.591104e-02 9.988028e-01 1.688841e-02 -1.260350e+00 2.535562e-02 -1.573562e-02 9.995546e-01 8.491163e+01
9.988965e-01 4.604150e-02 -9.272503e-03 -3.275521e+00 -4.589146e-02 9.988216e-01 1.579168e-02 -1.261081e+00 9.988649e-03 -1.534873e-02 9.998323e-01 8.511861e+01
9.989846e-01 4.431513e-02 8.115344e-03 -3.267790e+00 -4.441369e-02 9.989363e-01 1.239715e-02 -1.263821e+00 -7.557330e-03 -1.274499e-02 9.998902e-01 8.528522e+01
9.986515e-01 4.299296e-02 2.909935e-02 -3.281408e+00 -4.322818e-02 9.990370e-01 7.502541e-03 -1.266342e+00 -2.874877e-02 -8.750336e-03 9.995484e-01 8.545628e+01
9.978067e-01 3.924801e-02 5.330406e-02 -3.271830e+00 -3.948383e-02 9.992145e-01 3.377791e-03 -1.275154e+00 -5.312962e-02 -5.475030e-03 9.985726e-01 8.569414e+01
9.961333e-01 3.617801e-02 8.005932e-02 -3.216849e+00 -3.626435e-02 9.993421e-01 -3.757497e-04 -1.272783e+00 -8.002025e-02 -2.529002e-03 9.967901e-01 8.587685e+01
9.934389e-01 3.239581e-02 1.096800e-01 -3.152970e+00 -3.239649e-02 9.994735e-01 -1.776293e-03 -1.281158e+00 -1.096798e-01 -1.788608e-03 9.939654e-01 8.595834e+01
9.894881e-01 2.915091e-02 1.416455e-01 -3.098947e+00 -2.907988e-02 9.995738e-01 -2.571849e-03 -1.300423e+00 -1.416601e-01 -1.574222e-03 9.899141e-01 8.612693e+01
9.837526e-01 2.633418e-02 1.775877e-01 -2.971491e+00 -2.568017e-02 9.996523e-01 -5.980670e-03 -1.309698e+00 -1.776834e-01 1.323019e-03 9.840868e-01 8.629072e+01
9.763865e-01 2.149675e-02 2.149585e-01 -2.825389e+00 -2.078593e-02 9.997684e-01 -5.566982e-03 -1.333476e+00 -2.150284e-01 9.674138e-04 9.766073e-01 8.675404e+01
9.664368e-01 1.720489e-02 2.563276e-01 -2.714421e+00 -1.620772e-02 9.998506e-01 -6.002411e-03 -1.358390e+00 -2.563926e-01 1.646464e-03 9.665713e-01 8.719175e+01
9.545105e-01 1.846338e-02 2.976053e-01 -2.537252e+00 -1.629381e-02 9.998195e-01 -9.769435e-03 -1.356745e+00 -2.977320e-01 4.475903e-03 9.546390e-01 8.758543e+01
9.393975e-01 1.978140e-02 3.422588e-01 -2.377694e+00 -1.766842e-02 9.998007e-01 -9.290602e-03 -1.386396e+00 -3.423744e-01 2.680397e-03 9.395598e-01 8.798170e+01
9.217347e-01 1.587092e-02 3.874961e-01 -2.213221e+00 -1.405456e-02 9.998729e-01 -7.520934e-03 -1.412838e+00 -3.875663e-01 1.486219e-03 9.218407e-01 8.834290e+01
9.013774e-01 1.614480e-02 4.327334e-01 -2.034311e+00 -1.430490e-02 9.998695e-01 -7.507131e-03 -1.417025e+00 -4.327981e-01 5.765516e-04 9.014907e-01 8.868127e+01
8.778303e-01 1.285829e-02 4.787992e-01 -1.858108e+00 -9.533240e-03 9.999106e-01 -9.374652e-03 -1.429927e+00 -4.788769e-01 3.664846e-03 8.778744e-01 8.900633e+01
8.517550e-01 1.198129e-02 5.238034e-01 -1.672287e+00 -6.711498e-03 9.999060e-01 -1.195794e-02 -1.444749e+00 -5.238973e-01 6.669726e-03 8.517553e-01 8.935231e+01
8.247826e-01 1.505262e-02 5.652495e-01 -1.428920e+00 -6.442233e-03 9.998309e-01 -1.722537e-02 -1.450884e+00 -5.654132e-01 1.056572e-02 8.247401e-01 8.966451e+01
7.952608e-01 1.737417e-02 6.060184e-01 -1.169775e+00 -6.589354e-03 9.997780e-01 -2.001599e-02 -1.486179e+00 -6.062316e-01 1.192466e-02 7.951987e-01 8.994766e+01
7.647206e-01 2.018137e-02 6.440459e-01 -8.555160e-01 -8.772932e-03 9.997429e-01 -2.091053e-02 -1.528958e+00 -6.443023e-01 1.034054e-02 7.647010e-01 9.016357e+01
7.334064e-01 2.274654e-02 6.794097e-01 -5.157777e-01 -1.037901e-02 9.996982e-01 -2.226586e-02 -1.547432e+00 -6.797112e-01 9.278325e-03 7.334212e-01 9.032005e+01
7.003021e-01 1.846559e-02 7.136078e-01 -1.303800e-01 -2.515224e-03 9.997230e-01 -2.340089e-02 -1.571668e+00 -7.138423e-01 1.459281e-02 7.001545e-01 9.048401e+01
6.661988e-01 1.611738e-02 7.456000e-01 2.598986e-01 5.845139e-03 9.996229e-01 -2.683119e-02 -1.535331e+00 -7.457513e-01 2.223304e-02 6.658534e-01 9.061800e+01
6.279819e-01 1.274220e-02 7.781237e-01 6.462470e-01 1.498671e-02 9.994825e-01 -2.846203e-02 -1.492908e+00 -7.780837e-01 2.953515e-02 6.274660e-01 9.076173e+01
5.871174e-01 9.629507e-03 8.094445e-01 1.032291e+00 1.737274e-02 9.995490e-01 -2.449211e-02 -1.517807e+00 -8.093154e-01 2.844201e-02 5.866854e-01 9.087878e+01
5.449028e-01 5.451264e-03 8.384815e-01 1.434986e+00 2.808717e-02 9.992990e-01 -2.474977e-02 -1.489797e+00 -8.380287e-01 3.703679e-02 5.443677e-01 9.099879e+01
4.974400e-01 9.407780e-05 8.674983e-01 1.832975e+00 3.254871e-02 9.992939e-01 -1.877242e-02 -1.540067e+00 -8.668875e-01 3.757411e-02 4.970857e-01 9.114046e+01
4.483295e-01 -2.082603e-04 8.938683e-01 2.251470e+00 3.578725e-02 9.992024e-01 -1.771669e-02 -1.531731e+00 -8.931517e-01 3.993200e-02 4.479794e-01 9.128909e+01
3.988482e-01 4.405204e-03 9.170065e-01 2.659695e+00 3.423590e-02 9.992198e-01 -1.969092e-02 -1.535113e+00 -9.163777e-01 3.924823e-02 3.983862e-01 9.141863e+01
3.494877e-01 7.148328e-03 9.369137e-01 3.210653e+00 2.260128e-02 9.996156e-01 -1.605745e-02 -1.615785e+00 -9.366683e-01 2.678733e-02 3.491917e-01 9.153106e+01
3.039927e-01 9.438610e-03 9.526277e-01 3.653232e+00 3.242546e-02 9.992690e-01 -2.024801e-02 -1.599117e+00 -9.521224e-01 3.704464e-02 3.034644e-01 9.166383e+01
2.643207e-01 8.221069e-03 9.643998e-01 4.118152e+00 4.336335e-02 9.988511e-01 -2.039969e-02 -1.627857e+00 -9.634594e-01 4.721166e-02 2.636606e-01 9.174531e+01
2.295445e-01 7.198401e-03 9.732717e-01 4.488381e+00 4.893682e-02 9.986225e-01 -1.892758e-02 -1.678422e+00 -9.720672e-01 5.197353e-02 2.288761e-01 9.179093e+01
1.999363e-01 8.277421e-03 9.797739e-01 4.823991e+00 5.558399e-02 9.982581e-01 -1.977625e-02 -1.673674e+00 -9.782310e-01 5.841373e-02 1.991279e-01 9.184885e+01
1.724446e-01 6.590600e-03 9.849973e-01 5.090259e+00 5.504578e-02 9.983505e-01 -1.631689e-02 -1.710740e+00 -9.834801e-01 5.703370e-02 1.717974e-01 9.190361e+01
1.487603e-01 3.675542e-03 9.888666e-01 5.434085e+00 5.694688e-02 9.983017e-01 -1.227743e-02 -1.726195e+00 -9.872323e-01 5.813925e-02 1.482983e-01 9.194498e+01
1.257853e-01 -3.886969e-04 9.920574e-01 5.686223e+00 5.696220e-02 9.983529e-01 -6.831209e-03 -1.774342e+00 -9.904208e-01 5.736904e-02 1.256003e-01 9.198878e+01
1.035853e-01 -4.141958e-03 9.946120e-01 6.201829e+00 5.790091e-02 9.983206e-01 -1.872771e-03 -1.781740e+00 -9.929339e-01 5.778293e-02 1.036511e-01 9.200903e+01
8.399022e-02 -3.267851e-03 9.964612e-01 6.617317e+00 7.345270e-02 9.972944e-01 -2.920627e-03 -1.745307e+00 -9.937556e-01 7.343807e-02 8.400297e-02 9.203271e+01
6.658274e-02 -1.907591e-03 9.977791e-01 7.101830e+00 7.369336e-02 9.972764e-01 -3.010997e-03 -1.778008e+00 -9.950558e-01 7.373016e-02 6.654197e-02 9.203747e+01
5.209726e-02 2.415976e-03 9.986391e-01 7.537913e+00 6.992105e-02 9.975341e-01 -6.060967e-03 -1.777232e+00 -9.961912e-01 7.014166e-02 5.179989e-02 9.205755e+01
4.109621e-02 6.741243e-03 9.991325e-01 7.973658e+00 6.874875e-02 9.975882e-01 -9.558587e-03 -1.781734e+00 -9.967872e-01 6.908192e-02 4.053360e-02 9.208750e+01
3.408170e-02 6.224347e-03 9.993998e-01 8.435219e+00 6.469767e-02 9.978694e-01 -8.421156e-03 -1.787663e+00 -9.973229e-01 6.494584e-02 3.360641e-02 9.210117e+01
3.207141e-02 4.103374e-03 9.994773e-01 8.422655e+00 7.473125e-02 9.971826e-01 -6.491955e-03 -1.797911e+00 -9.966880e-01 7.490039e-02 3.167439e-02 9.210423e+01
3.269964e-02 1.704229e-03 9.994637e-01 8.482758e+00 7.615716e-02 9.970870e-01 -4.191819e-03 -1.821302e+00 -9.965594e-01 7.625339e-02 3.247458e-02 9.210962e+01
3.433448e-02 9.166190e-04 9.994101e-01 8.687921e+00 7.445350e-02 9.972184e-01 -3.472454e-03 -1.829265e+00 -9.966334e-01 7.452880e-02 3.417075e-02 9.213750e+01
3.632021e-02 6.470274e-04 9.993400e-01 9.399006e+00 7.204564e-02 9.973960e-01 -3.264212e-03 -1.842349e+00 -9.967398e-01 7.211665e-02 3.617907e-02 9.216785e+01
3.728741e-02 1.730925e-03 9.993031e-01 1.012659e+01 6.974804e-02 9.975553e-01 -4.330437e-03 -1.868092e+00 -9.968675e-01 6.986091e-02 3.707552e-02 9.220567e+01
3.797275e-02 2.825659e-03 9.992749e-01 1.074264e+01 6.828983e-02 9.976508e-01 -5.416106e-03 -1.867401e+00 -9.969427e-01 6.844597e-02 3.769058e-02 9.224090e+01
3.914154e-02 2.688051e-03 9.992302e-01 1.142993e+01 6.747701e-02 9.977066e-01 -5.327148e-03 -1.868380e+00 -9.969529e-01 6.763357e-02 3.887039e-02 9.226725e+01
3.968108e-02 1.054464e-03 9.992118e-01 1.216395e+01 6.633261e-02 9.977908e-01 -3.687188e-03 -1.880775e+00 -9.970082e-01 6.642664e-02 3.952342e-02 9.230598e+01
4.030198e-02 1.323802e-04 9.991875e-01 1.288353e+01 6.552570e-02 9.978470e-01 -2.775165e-03 -1.879724e+00 -9.970366e-01 6.558431e-02 4.020655e-02 9.232005e+01
3.964895e-02 -1.522684e-03 9.992126e-01 1.362156e+01 6.590177e-02 9.978255e-01 -1.094427e-03 -1.885033e+00 -9.970382e-01 6.589327e-02 3.966308e-02 9.235513e+01
3.940296e-02 -2.888252e-03 9.992192e-01 1.448083e+01 6.276023e-02 9.980286e-01 4.099355e-04 -1.897727e+00 -9.972505e-01 6.269508e-02 3.950655e-02 9.237553e+01
3.844792e-02 -3.469990e-03 9.992546e-01 1.530327e+01 6.099137e-02 9.981377e-01 1.119370e-03 -1.902453e+00 -9.973975e-01 6.090286e-02 3.858793e-02 9.240598e+01
3.703433e-02 -5.832892e-03 9.992971e-01 1.615355e+01 6.227764e-02 9.980527e-01 3.517587e-03 -1.906583e+00 -9.973717e-01 6.210359e-02 3.732550e-02 9.244218e+01
3.548324e-02 -7.319819e-03 9.993436e-01 1.694625e+01 6.324298e-02 9.979853e-01 5.064324e-03 -1.913992e+00 -9.973673e-01 6.302176e-02 3.587466e-02 9.248136e+01
3.427738e-02 -8.910617e-03 9.993727e-01 1.778987e+01 6.153738e-02 9.980817e-01 6.788434e-03 -1.929292e+00 -9.975162e-01 6.126608e-02 3.475994e-02 9.251514e+01
3.342104e-02 -4.081839e-03 9.994331e-01 1.857747e+01 5.650102e-02 9.984002e-01 2.188223e-03 -1.936007e+00 -9.978431e-01 5.639585e-02 3.359824e-02 9.255398e+01
3.233010e-02 1.503147e-03 9.994761e-01 1.934611e+01 5.525412e-02 9.984669e-01 -3.288936e-03 -1.934994e+00 -9.979488e-01 5.533151e-02 3.219748e-02 9.257623e+01
3.093511e-02 3.132111e-03 9.995165e-01 2.014096e+01 5.358837e-02 9.985516e-01 -4.787654e-03 -1.945465e+00 -9.980838e-01 5.371056e-02 3.072244e-02 9.260452e+01
2.952433e-02 1.386132e-03 9.995631e-01 2.099708e+01 5.056098e-02 9.987168e-01 -2.878388e-03 -1.955568e+00 -9.982845e-01 5.062387e-02 2.941632e-02 9.264050e+01
2.877116e-02 -2.423659e-03 9.995831e-01 2.185817e+01 4.917794e-02 9.987895e-01 1.006237e-03 -1.963206e+00 -9.983755e-01 4.912849e-02 2.885556e-02 9.266336e+01
2.786523e-02 -7.506128e-03 9.995835e-01 2.241817e+01 4.564503e-02 9.989383e-01 6.228842e-03 -1.967460e+00 -9.985690e-01 4.545245e-02 2.817827e-02 9.270567e+01
2.739871e-02 -1.223290e-02 9.995497e-01 2.324099e+01 4.330362e-02 9.990010e-01 1.103919e-02 -1.967930e+00 -9.986862e-01 4.298166e-02 2.790111e-02 9.273911e+01
2.757919e-02 -1.330209e-02 9.995311e-01 2.410459e+01 4.033943e-02 9.991118e-01 1.218346e-02 -1.985912e+00 -9.988053e-01 3.998451e-02 2.809131e-02 9.277819e+01
2.826011e-02 -6.741780e-03 9.995779e-01 2.487810e+01 4.313257e-02 9.990541e-01 5.518801e-03 -1.989333e+00 -9.986696e-01 4.295840e-02 2.852416e-02 9.279329e+01
2.938795e-02 3.883035e-03 9.995606e-01 2.569666e+01 4.442684e-02 9.989992e-01 -5.187044e-03 -1.999999e+00 -9.985803e-01 4.455975e-02 2.918607e-02 9.281718e+01
2.921343e-02 8.942412e-03 9.995332e-01 2.657491e+01 4.477574e-02 9.989445e-01 -1.024581e-02 -2.009654e+00 -9.985698e-01 4.505416e-02 2.878225e-02 9.284322e+01
3.122103e-02 3.772671e-03 9.995054e-01 2.736016e+01 4.923854e-02 9.987729e-01 -5.307946e-03 -2.025699e+00 -9.982989e-01 4.937991e-02 3.099698e-02 9.286459e+01
3.196287e-02 -3.326308e-03 9.994836e-01 2.815830e+01 4.872153e-02 9.988108e-01 1.765977e-03 -2.037524e+00 -9.983010e-01 4.863992e-02 3.208691e-02 9.289509e+01
3.272271e-02 -6.650065e-03 9.994423e-01 2.895381e+01 5.235770e-02 9.986162e-01 4.930327e-03 -2.061916e+00 -9.980921e-01 5.216717e-02 3.302562e-02 9.292282e+01
3.278679e-02 -6.740117e-03 9.994397e-01 2.974817e+01 5.238188e-02 9.986145e-01 5.016153e-03 -2.080638e+00 -9.980888e-01 5.218806e-02 3.309441e-02 9.295451e+01
3.224617e-02 -5.386625e-03 9.994655e-01 3.053459e+01 5.265951e-02 9.986057e-01 3.683013e-03 -2.084102e+00 -9.980918e-01 5.251260e-02 3.248483e-02 9.299241e+01
3.058809e-02 -5.068892e-03 9.995192e-01 3.134492e+01 5.170178e-02 9.986565e-01 3.482297e-03 -2.096054e+00 -9.981940e-01 5.157040e-02 3.080910e-02 9.302895e+01
2.857864e-02 -5.090101e-03 9.995787e-01 3.211704e+01 5.077321e-02 9.987036e-01 3.633997e-03 -2.103858e+00 -9.983014e-01 5.064796e-02 2.880001e-02 9.306057e+01
2.676606e-02 -4.796320e-03 9.996303e-01 3.282095e+01 4.971822e-02 9.987573e-01 3.460872e-03 -2.107307e+00 -9.984047e-01 4.960721e-02 2.697128e-02 9.309529e+01
2.520442e-02 -5.185785e-03 9.996689e-01 3.357893e+01 4.717809e-02 9.988785e-01 3.992194e-03 -2.134051e+00 -9.985685e-01 4.706185e-02 2.542084e-02 9.311128e+01
2.343833e-02 -5.550236e-03 9.997098e-01 3.438005e+01 4.582359e-02 9.989395e-01 4.471618e-03 -2.135544e+00 -9.986745e-01 4.570549e-02 2.366781e-02 9.313879e+01
2.168602e-02 -7.108530e-03 9.997396e-01 3.512524e+01 4.425023e-02 9.990016e-01 6.143421e-03 -2.145525e+00 -9.987851e-01 4.410548e-02 2.197891e-02 9.315283e+01
2.028739e-02 -7.348934e-03 9.997673e-01 3.589050e+01 4.746944e-02 9.988523e-01 6.378947e-03 -2.160119e+00 -9.986668e-01 4.732898e-02 2.061296e-02 9.316225e+01
1.846975e-02 -5.252413e-03 9.998156e-01 3.651178e+01 4.443780e-02 9.990023e-01 4.427231e-03 -2.136200e+00 -9.988415e-01 4.434783e-02 1.868469e-02 9.319183e+01
1.800787e-02 -5.026944e-03 9.998252e-01 3.719488e+01 4.672714e-02 9.988989e-01 4.180683e-03 -2.158483e+00 -9.987453e-01 4.664369e-02 1.822293e-02 9.320244e+01
1.579046e-02 -7.391935e-03 9.998482e-01 3.798244e+01 4.116021e-02 9.991298e-01 6.736583e-03 -2.179703e+00 -9.990280e-01 4.104758e-02 1.608098e-02 9.324399e+01
1.485115e-02 -8.021133e-03 9.998575e-01 3.871018e+01 4.258541e-02 9.990656e-01 7.382246e-03 -2.189412e+00 -9.989825e-01 4.246971e-02 1.517886e-02 9.324885e+01
1.402682e-02 -8.240607e-03 9.998677e-01 3.938154e+01 4.156726e-02 9.991064e-01 7.651197e-03 -2.193089e+00 -9.990373e-01 4.145443e-02 1.435679e-02 9.326094e+01
1.284069e-02 -8.609493e-03 9.998805e-01 4.006974e+01 3.863797e-02 9.992204e-01 8.107611e-03 -2.195071e+00 -9.991708e-01 3.852924e-02 1.316333e-02 9.328397e+01
1.203352e-02 -9.695171e-03 9.998806e-01 4.076151e+01 3.796582e-02 9.992364e-01 9.232009e-03 -2.198896e+00 -9.992066e-01 3.785019e-02 1.239240e-02 9.329907e+01
1.150751e-02 -1.021848e-02 9.998817e-01 4.143319e+01 3.770131e-02 9.992412e-01 9.778033e-03 -2.202856e+00 -9.992229e-01 3.758432e-02 1.188403e-02 9.330840e+01
1.138693e-02 -6.909490e-03 9.999113e-01 4.209414e+01 3.935520e-02 9.992044e-01 6.456432e-03 -2.200902e+00 -9.991604e-01 3.927819e-02 1.164979e-02 9.332629e+01
1.124293e-02 -4.369128e-03 9.999273e-01 4.273906e+01 3.949423e-02 9.992121e-01 3.921938e-03 -2.210479e+00 -9.991565e-01 3.944726e-02 1.140666e-02 9.333704e+01
1.094383e-02 -2.551900e-03 9.999369e-01 4.339962e+01 3.630472e-02 9.993384e-01 2.153034e-03 -2.214968e+00 -9.992809e-01 3.627886e-02 1.102924e-02 9.336282e+01
1.106262e-02 -8.933288e-04 9.999384e-01 4.404816e+01 3.786325e-02 9.992828e-01 4.738506e-04 -2.208488e+00 -9.992217e-01 3.785568e-02 1.108849e-02 9.337760e+01
1.099777e-02 -2.216864e-03 9.999371e-01 4.466027e+01 3.635304e-02 9.993374e-01 1.815708e-03 -2.229403e+00 -9.992785e-01 3.633079e-02 1.107109e-02 9.338597e+01
1.054269e-02 -2.157565e-03 9.999421e-01 4.473260e+01 3.485574e-02 9.993908e-01 1.788881e-03 -2.212548e+00 -9.993367e-01 3.483486e-02 1.061147e-02 9.344279e+01
1.053929e-02 -2.175155e-03 9.999421e-01 4.479116e+01 2.849984e-02 9.995921e-01 1.874009e-03 -2.208344e+00 -9.995382e-01 2.847844e-02 1.059699e-02 9.348193e+01
1.140124e-02 -2.899355e-03 9.999309e-01 4.489593e+01 2.486909e-02 9.996873e-01 2.615091e-03 -2.214138e+00 -9.996257e-01 2.483756e-02 1.146978e-02 9.353076e+01
1.162046e-02 -4.270907e-03 9.999235e-01 4.497390e+01 2.400669e-02 9.997038e-01 3.990975e-03 -2.213631e+00 -9.996444e-01 2.395847e-02 1.171958e-02 9.358189e+01
1.065528e-02 -4.808606e-03 9.999317e-01 4.504484e+01 2.212867e-02 9.997447e-01 4.571903e-03 -2.218451e+00 -9.996983e-01 2.207845e-02 1.075900e-02 9.364808e+01
7.349551e-03 -6.068929e-03 9.999546e-01 4.519226e+01 1.597491e-02 9.998547e-01 5.950909e-03 -2.222720e+00 -9.998454e-01 1.593045e-02 7.445395e-03 9.369465e+01
2.176166e-03 -6.810249e-03 9.999745e-01 4.544693e+01 1.152271e-02 9.999106e-01 6.784738e-03 -2.237852e+00 -9.999313e-01 1.150765e-02 2.254486e-03 9.373067e+01
-4.019022e-03 -3.424025e-03 9.999862e-01 4.591002e+01 1.390223e-02 9.998973e-01 3.479593e-03 -2.244026e+00 -9.998955e-01 1.391602e-02 -3.970981e-03 9.374374e+01
-1.009679e-02 -5.452243e-04 9.999489e-01 4.625544e+01 1.534662e-02 9.998820e-01 7.001478e-04 -2.234632e+00 -9.998312e-01 1.535291e-02 -1.008725e-02 9.375296e+01
-1.705897e-02 1.640597e-03 9.998533e-01 4.679559e+01 1.718916e-02 9.998513e-01 -1.347325e-03 -2.244143e+00 -9.997069e-01 1.716365e-02 -1.708460e-02 9.374290e+01
-2.364230e-02 9.874357e-04 9.997200e-01 4.746051e+01 1.313057e-02 9.999136e-01 -6.771040e-04 -2.254122e+00 -9.996343e-01 1.311088e-02 -2.365315e-02 9.374406e+01
-2.846766e-02 -4.522239e-04 9.995946e-01 4.814013e+01 1.234899e-02 9.999234e-01 8.040619e-04 -2.269022e+00 -9.995184e-01 1.236688e-02 -2.845991e-02 9.372897e+01
-3.310943e-02 -1.740320e-04 9.994516e-01 4.885800e+01 1.096791e-02 9.999397e-01 5.374581e-04 -2.275924e+00 -9.993915e-01 1.097969e-02 -3.310561e-02 9.370361e+01
-3.727078e-02 -7.652494e-04 9.993051e-01 4.956290e+01 9.945136e-03 9.999499e-01 1.136662e-03 -2.287497e+00 -9.992558e-01 9.980587e-03 -3.726125e-02 9.369087e+01
-3.960240e-02 -3.341236e-03 9.992101e-01 5.024824e+01 9.894306e-03 9.999441e-01 3.735837e-03 -2.284996e+00 -9.991667e-01 1.003444e-02 -3.956711e-02 9.366947e+01
-4.155779e-02 -6.523793e-03 9.991148e-01 5.096362e+01 1.349061e-02 9.998839e-01 7.089950e-03 -2.290833e+00 -9.990451e-01 1.377331e-02 -4.146492e-02 9.364307e+01
-4.312980e-02 -9.074927e-03 9.990283e-01 5.168607e+01 1.290697e-02 9.998702e-01 9.639793e-03 -2.297999e+00 -9.989861e-01 1.331019e-02 -4.300714e-02 9.362746e+01
-4.384303e-02 -9.407731e-03 9.989942e-01 5.244692e+01 1.401141e-02 9.998515e-01 1.003072e-02 -2.300111e+00 -9.989403e-01 1.443709e-02 -4.370475e-02 9.359697e+01
-4.413128e-02 -5.464402e-03 9.990110e-01 5.317015e+01 1.704070e-02 9.998354e-01 6.221681e-03 -2.304910e+00 -9.988806e-01 1.729841e-02 -4.403090e-02 9.356731e+01
-4.440403e-02 -1.458085e-03 9.990125e-01 5.392215e+01 2.384670e-02 9.997125e-01 2.519044e-03 -2.307187e+00 -9.987290e-01 2.393501e-02 -4.435658e-02 9.353374e+01
-4.499769e-02 3.394586e-03 9.989814e-01 5.465417e+01 3.051000e-02 9.995324e-01 -2.022181e-03 -2.312998e+00 -9.985211e-01 3.038793e-02 -4.508018e-02 9.350153e+01
-4.568601e-02 4.207564e-03 9.989471e-01 5.542030e+01 3.161316e-02 9.994963e-01 -2.764081e-03 -2.324630e+00 -9.984556e-01 3.145359e-02 -4.579604e-02 9.346786e+01
-4.591429e-02 1.776149e-03 9.989439e-01 5.619328e+01 2.865305e-02 9.995893e-01 -4.603243e-04 -2.337015e+00 -9.985345e-01 2.860165e-02 -4.594636e-02 9.344509e+01
-4.568088e-02 -2.546251e-03 9.989529e-01 5.691432e+01 2.874219e-02 9.995794e-01 3.862193e-03 -2.351563e+00 -9.985425e-01 2.888852e-02 -4.558849e-02 9.341983e+01
-4.570353e-02 -4.847085e-03 9.989433e-01 5.767459e+01 3.222200e-02 9.994608e-01 6.323813e-03 -2.355565e+00 -9.984353e-01 3.247697e-02 -4.552269e-02 9.338732e+01
-4.713035e-02 -5.006560e-03 9.988762e-01 5.831297e+01 3.059777e-02 9.995109e-01 6.453449e-03 -2.354314e+00 -9.984200e-01 3.086754e-02 -4.695415e-02 9.336561e+01
-4.788601e-02 -2.920432e-03 9.988486e-01 5.844976e+01 3.371596e-02 9.994212e-01 4.538489e-03 -2.349654e+00 -9.982837e-01 3.389446e-02 -4.775989e-02 9.337463e+01
-4.929698e-02 -2.411868e-03 9.987813e-01 5.865381e+01 3.625199e-02 9.993339e-01 4.202493e-03 -2.350765e+00 -9.981261e-01 3.641498e-02 -4.917669e-02 9.338336e+01
-5.140281e-02 -1.587197e-03 9.986768e-01 5.885620e+01 3.872494e-02 9.992435e-01 3.581305e-03 -2.343736e+00 -9.979270e-01 3.885779e-02 -5.130243e-02 9.339196e+01
-5.227447e-02 -1.254400e-03 9.986321e-01 5.912223e+01 3.991297e-02 9.991975e-01 3.344388e-03 -2.339531e+00 -9.978350e-01 4.003319e-02 -5.218244e-02 9.337795e+01
-5.445957e-02 -1.285713e-03 9.985151e-01 5.942463e+01 4.041195e-02 9.991770e-01 3.490658e-03 -2.334376e+00 -9.976978e-01 4.054204e-02 -5.436277e-02 9.336217e+01
-5.623448e-02 -9.840243e-04 9.984171e-01 6.018369e+01 3.564224e-02 9.993601e-01 2.992453e-03 -2.350291e+00 -9.977812e-01 3.575410e-02 -5.616343e-02 9.333187e+01
-5.680633e-02 7.502312e-04 9.983850e-01 6.090184e+01 3.713091e-02 9.993095e-01 1.361757e-03 -2.348083e+00 -9.976946e-01 3.714830e-02 -5.679500e-02 9.329292e+01
-5.714345e-02 1.786475e-03 9.983644e-01 6.199426e+01 3.892141e-02 9.992422e-01 4.396960e-04 -2.337733e+00 -9.976071e-01 3.888287e-02 -5.716968e-02 9.322078e+01
-5.916488e-02 1.562311e-03 9.982470e-01 6.274773e+01 3.436613e-02 9.994092e-01 4.727083e-04 -2.372655e+00 -9.976565e-01 3.433385e-02 -5.918372e-02 9.318730e+01
-6.010079e-02 4.977382e-04 9.981923e-01 6.350291e+01 3.548466e-02 9.993689e-01 1.638193e-03 -2.372385e+00 -9.975615e-01 3.551897e-02 -6.008053e-02 9.314585e+01
-6.049013e-02 -2.043441e-03 9.981667e-01 6.434975e+01 3.290975e-02 9.994501e-01 4.040439e-03 -2.382805e+00 -9.976261e-01 3.309382e-02 -6.038964e-02 9.309140e+01
-6.187439e-02 -3.736422e-03 9.980770e-01 6.521039e+01 3.145154e-02 9.994891e-01 5.691501e-03 -2.381913e+00 -9.975883e-01 3.174321e-02 -6.172526e-02 9.303719e+01
-6.401300e-02 -3.986090e-03 9.979411e-01 6.600481e+01 3.222549e-02 9.994622e-01 6.059271e-03 -2.381522e+00 -9.974286e-01 3.254701e-02 -6.385005e-02 9.299327e+01
