1.000000e+00 0.000000e+00 0.000000e+00 0.000000e+00 0.000000e+00 1.000000e+00 0.000000e+00 0.000000e+00 0.000000e+00 0.000000e+00 1.000000e+00 0.000000e+00
9.999943e-01 -2.877339e-03 -1.788600e-03 -4.241658e-03 2.881766e-03 9.999928e-01 2.477336e-03 -1.693709e-04 1.781459e-03 -2.482476e-03 9.999954e-01 -1.062113e+00
9.999999e-01 -2.400172e-04 1.341081e-04 -2.111900e-02 2.400099e-04 9.999999e-01 5.494713e-05 -3.220057e-04 -1.341213e-04 -5.491494e-05 1.000000e+00 1.736018e-01
9.999974e-01 3.233390e-06 2.268053e-03 -1.798264e-02 -5.792803e-06 9.999993e-01 1.128457e-03 -2.610694e-02 -2.268048e-03 -1.128467e-03 9.999968e-01 1.388423e+00
9.999901e-01 -7.321971e-05 4.450431e-03 -3.805565e-02 6.615542e-05 9.999987e-01 1.587453e-03 -4.882238e-02 -4.450541e-03 -1.587143e-03 9.999889e-01 2.607563e+00
9.999837e-01 -1.106650e-03 5.598685e-03 -3.191532e-02 1.093721e-03 9.999967e-01 2.311808e-03 -7.406344e-02 -5.601225e-03 -2.305647e-03 9.999816e-01 3.896879e+00
9.999737e-01 -1.892977e-03 6.997673e-03 -4.703256e-02 1.883466e-03 9.999973e-01 1.365496e-03 -7.781574e-02 -7.000239e-03 -1.352281e-03 9.999746e-01 5.193324e+00
9.999647e-01 -3.347842e-03 7.715233e-03 -4.586937e-02 3.341159e-03 9.999940e-01 8.789126e-04 -1.080176e-01 -7.718129e-03 -8.531037e-04 9.999698e-01 6.430975e+00
9.999610e-01 -1.307478e-03 8.734658e-03 -4.076784e-02 1.306233e-03 9.999992e-01 1.482785e-04 -1.197000e-01 -8.734845e-03 -1.368632e-04 9.999619e-01 7.665246e+00
9.999489e-01 -2.626391e-04 1.010459e-02 -5.664358e-02 2.417447e-04 9.999979e-01 2.068980e-03 -1.439804e-01 -1.010511e-02 -2.066431e-03 9.999468e-01 8.897683e+00
9.999585e-01 -4.013704e-04 9.099359e-03 -6.989089e-02 3.711274e-04 9.999944e-01 3.325093e-03 -1.720348e-01 -9.100642e-03 -3.321578e-03 9.999531e-01 1.013389e+01
9.999665e-01 -2.210416e-03 7.884232e-03 -8.185394e-02 2.186407e-03 9.999930e-01 3.052477e-03 -2.015636e-01 -7.890924e-03 -3.035136e-03 9.999642e-01 1.150086e+01
9.999810e-01 -4.998689e-04 6.148479e-03 -1.127125e-01 4.921530e-04 9.999991e-01 1.256382e-03 -2.081780e-01 -6.149102e-03 -1.253332e-03 9.999803e-01 1.274693e+01
9.999856e-01 7.542865e-04 5.316174e-03 -1.380940e-01 -7.577121e-04 9.999995e-01 6.423791e-04 -2.199694e-01 -5.315686e-03 -6.463980e-04 9.999856e-01 1.399755e+01
9.999864e-01 2.062532e-03 4.802602e-03 -1.778968e-01 -2.066746e-03 9.999975e-01 8.727199e-04 -2.475337e-01 -4.800790e-03 -8.826337e-04 9.999881e-01 1.520790e+01
9.999868e-01 2.048351e-03 4.704631e-03 -1.795375e-01 -2.047446e-03 9.999979e-01 -1.972082e-04 -2.525233e-01 -4.705025e-03 1.875732e-04 9.999889e-01 1.639469e+01
9.999831e-01 1.130289e-03 5.697889e-03 -2.010216e-01 -1.135870e-03 9.999989e-01 9.764040e-04 -2.801219e-01 -5.696779e-03 -9.828595e-04 9.999833e-01 1.765935e+01
9.999828e-01 1.799716e-03 5.585019e-03 -2.306687e-01 -1.804064e-03 9.999981e-01 7.735754e-04 -2.973644e-01 -5.583616e-03 -7.836378e-04 9.999841e-01 1.893211e+01
9.999790e-01 -1.895674e-04 6.473756e-03 -3.050171e-01 1.884276e-04 9.999999e-01 1.766642e-04 -3.300427e-01 -6.473790e-03 -1.754407e-04 9.999790e-01 2.016847e+01
9.999797e-01 2.669437e-04 6.366552e-03 -3.344645e-01 -2.638172e-04 9.999998e-01 -4.919202e-04 -3.551895e-01 -6.366682e-03 4.902306e-04 9.999796e-01 2.137529e+01
9.999726e-01 2.457821e-03 6.988656e-03 -3.780272e-01 -2.452130e-03 9.999967e-01 -8.227524e-04 -3.674938e-01 -6.990655e-03 8.055927e-04 9.999753e-01 2.257177e+01
9.999543e-01 5.472333e-03 7.841048e-03 -4.108072e-01 -5.467877e-03 9.999849e-01 -5.896622e-04 -3.897780e-01 -7.844156e-03 5.467613e-04 9.999691e-01 2.398420e+01
9.999697e-01 3.049073e-03 7.171819e-03 -3.900904e-01 -3.044092e-03 9.999951e-01 -7.053370e-04 -4.238196e-01 -7.173935e-03 6.834838e-04 9.999740e-01 2.537630e+01
9.999695e-01 3.416678e-03 7.029209e-03 -4.101408e-01 -3.421053e-03 9.999940e-01 6.104322e-04 -4.517726e-01 -7.027081e-03 -6.344608e-04 9.999751e-01 2.666635e+01
9.999769e-01 1.725063e-03 6.567664e-03 -4.268533e-01 -1.735372e-03 9.999973e-01 1.564243e-03 -4.645274e-01 -6.564947e-03 -1.575604e-03 9.999772e-01 2.802332e+01
9.999799e-01 1.941121e-03 6.031427e-03 -4.498675e-01 -1.950114e-03 9.999970e-01 1.485542e-03 -4.841494e-01 -6.028526e-03 -1.497274e-03 9.999807e-01 2.924770e+01
9.999844e-01 1.794937e-03 5.297233e-03 -4.338757e-01 -1.798023e-03 9.999982e-01 5.779060e-04 -5.068590e-01 -5.296187e-03 -5.874215e-04 9.999858e-01 3.055580e+01
9.999915e-01 9.041021e-04 4.034212e-03 -4.297913e-01 -9.035998e-04 9.999996e-01 -1.263177e-04 -5.254295e-01 -4.034325e-03 1.226713e-04 9.999918e-01 3.177460e+01
9.999902e-01 -7.864239e-04 4.362158e-03 -4.678623e-01 7.875859e-04 9.999996e-01 -2.646747e-04 -5.536503e-01 -4.361949e-03 2.681077e-04 9.999905e-01 3.314287e+01
9.999875e-01 -1.881120e-03 4.622453e-03 -4.907666e-01 1.886946e-03 9.999974e-01 -1.256329e-03 -5.611259e-01 -4.620078e-03 1.265035e-03 9.999886e-01 3.447865e+01
9.999887e-01 -2.320372e-03 4.137595e-03 -4.955277e-01 2.318743e-03 9.999973e-01 3.985467e-04 -6.022882e-01 -4.138508e-03 -3.889482e-04 9.999914e-01 3.582118e+01
9.999765e-01 -4.735988e-03 4.964580e-03 -5.342813e-01 4.726538e-03 9.999870e-01 1.913360e-03 -6.415682e-01 -4.973577e-03 -1.889850e-03 9.999859e-01 3.709243e+01
9.999826e-01 -2.895197e-03 5.142294e-03 -5.649371e-01 2.892974e-03 9.999957e-01 4.396578e-04 -6.444259e-01 -5.143545e-03 -4.247736e-04 9.999867e-01 3.837916e+01
9.999810e-01 -1.818564e-03 5.879590e-03 -5.694602e-01 1.815259e-03 9.999982e-01 5.673559e-04 -6.511016e-01 -5.880611e-03 -5.566722e-04 9.999825e-01 3.975445e+01
9.999748e-01 -3.595697e-03 6.112787e-03 -5.717136e-01 3.588738e-03 9.999929e-01 1.148925e-03 -6.786095e-01 -6.116875e-03 -1.126959e-03 9.999806e-01 4.101330e+01
9.999638e-01 -4.151341e-03 7.431955e-03 -6.115016e-01 4.130238e-03 9.999874e-01 2.852503e-03 -7.155576e-01 -7.443703e-03 -2.821703e-03 9.999683e-01 4.227520e+01
9.999639e-01 -1.844834e-03 8.295974e-03 -6.486635e-01 1.828554e-03 9.999964e-01 1.969546e-03 -7.222500e-01 -8.299577e-03 -1.954305e-03 9.999636e-01 4.351257e+01
9.999532e-01 -2.526319e-03 9.339478e-03 -6.628034e-01 2.499586e-03 9.999927e-01 2.872940e-03 -7.523048e-01 -9.346669e-03 -2.849461e-03 9.999523e-01 4.479613e+01
9.999381e-01 1.576010e-03 1.101879e-02 -6.815890e-01 -1.619194e-03 9.999911e-01 3.911303e-03 -7.573062e-01 -1.101253e-02 -3.928903e-03 9.999316e-01 4.608315e+01
9.999005e-01 1.714479e-03 1.400394e-02 -7.162436e-01 -1.817747e-03 9.999712e-01 7.364812e-03 -7.813943e-01 -1.399091e-02 -7.389535e-03 9.998748e-01 4.736106e+01
9.998137e-01 4.598045e-03 1.874561e-02 -7.971677e-01 -4.754877e-03 9.999540e-01 8.330402e-03 -7.831296e-01 -1.870644e-02 -8.417983e-03 9.997896e-01 4.860233e+01
9.997420e-01 2.342987e-03 2.259039e-02 -8.344015e-01 -2.643410e-03 9.999083e-01 1.327803e-02 -8.182686e-01 -2.255721e-02 -1.333432e-02 9.996566e-01 4.986337e+01
9.997048e-01 1.394235e-03 2.425561e-02 -8.148507e-01 -1.736594e-03 9.998991e-01 1.409929e-02 -8.159385e-01 -2.423351e-02 -1.413725e-02 9.996064e-01 5.108607e+01
9.996317e-01 -2.694455e-03 2.700267e-02 -8.129932e-01 2.282721e-03 9.998809e-01 1.526716e-02 -8.478777e-01 -2.704059e-02 -1.519990e-02 9.995188e-01 5.231060e+01
9.995604e-01 2.947281e-04 2.964845e-02 -7.793645e-01 -6.768593e-04 9.999169e-01 1.287953e-02 -8.395020e-01 -2.964219e-02 -1.289394e-02 9.994774e-01 5.362168e+01
9.995304e-01 6.146432e-04 3.063505e-02 -7.530419e-01 -9.609330e-04 9.999358e-01 1.129027e-02 -8.339736e-01 -3.062614e-02 -1.131441e-02 9.994669e-01 5.491692e+01
9.995167e-01 1.623436e-03 3.104499e-02 -7.247005e-01 -1.930121e-03 9.999496e-01 9.851330e-03 -8.327753e-01 -3.102744e-02 -9.906489e-03 9.994695e-01 5.621910e+01
9.995031e-01 1.464550e-03 3.148555e-02 -7.036664e-01 -1.746743e-03 9.999585e-01 8.936987e-03 -8.453315e-01 -3.147116e-02 -8.987544e-03 9.994643e-01 5.754062e+01
9.995368e-01 1.426776e-03 3.040121e-02 -6.778530e-01 -1.725938e-03 9.999503e-01 9.816497e-03 -8.590122e-01 -3.038570e-02 -9.864420e-03 9.994895e-01 5.882689e+01
9.995317e-01 1.107842e-03 3.057901e-02 -6.835913e-01 -1.391971e-03 9.999561e-01 9.271909e-03 -8.586273e-01 -3.056739e-02 -9.310132e-03 9.994894e-01 6.013746e+01
9.995458e-01 -7.210100e-03 2.926310e-02 -6.331112e-01 6.845402e-03 9.998979e-01 1.254385e-02 -8.973490e-01 -2.935055e-02 -1.233784e-02 9.994931e-01 6.143286e+01
9.995547e-01 -5.194622e-03 2.938420e-02 -6.234735e-01 4.833240e-03 9.999120e-01 1.235621e-02 -9.122811e-01 -2.944580e-02 -1.220868e-02 9.994918e-01 6.269744e+01
9.995677e-01 -6.817864e-03 2.859849e-02 -5.832822e-01 6.459283e-03 9.998996e-01 1.261215e-02 -9.196845e-01 -2.868161e-02 -1.242198e-02 9.995114e-01 6.397593e+01
9.995506e-01 -8.211083e-03 2.882914e-02 -5.765783e-01 7.868257e-03 9.998972e-01 1.198498e-02 -9.289072e-01 -2.892458e-02 -1.175276e-02 9.995125e-01 6.521240e+01
9.995475e-01 -6.844947e-03 2.929027e-02 -5.741132e-01 6.571831e-03 9.999341e-01 9.410583e-03 -9.201978e-01 -2.935275e-02 -9.213834e-03 9.995266e-01 6.641361e+01
9.995731e-01 -7.520234e-03 2.823352e-02 -5.308298e-01 7.209437e-03 9.999125e-01 1.109378e-02 -9.357699e-01 -2.831447e-02 -1.088549e-02 9.995398e-01 6.761980e+01
9.995402e-01 -1.109457e-02 2.821816e-02 -5.112261e-01 1.069158e-02 9.998392e-01 1.439238e-02 -9.653172e-01 -2.837330e-02 -1.408407e-02 9.994982e-01 6.886419e+01
9.995223e-01 -5.954301e-03 3.032494e-02 -4.983292e-01 5.590731e-03 9.999117e-01 1.205983e-02 -9.616269e-01 -3.039407e-02 -1.188453e-02 9.994673e-01 7.018279e+01
9.994777e-01 -7.869662e-03 3.134275e-02 -5.030561e-01 7.530549e-03 9.999120e-01 1.092290e-02 -9.896810e-01 -3.142595e-02 -1.068117e-02 9.994490e-01 7.137251e+01
9.994511e-01 -6.177166e-03 3.254679e-02 -5.113698e-01 5.829599e-03 9.999251e-01 1.076309e-02 -1.022051e+00 -3.261083e-02 -1.056745e-02 9.994122e-01 7.263486e+01
9.994156e-01 -9.065345e-03 3.295779e-02 -4.746777e-01 8.682384e-03 9.998934e-01 1.174434e-02 -1.037613e+00 -3.306074e-02 -1.145133e-02 9.993877e-01 7.391791e+01
9.994212e-01 -6.458523e-03 3.339826e-02 -4.654029e-01 6.069717e-03 9.999128e-01 1.172985e-02 -1.046575e+00 -3.347111e-02 -1.152034e-02 9.993733e-01 7.520917e+01
9.993756e-01 -3.740489e-03 3.513495e-02 -4.849819e-01 3.299131e-03 9.999150e-01 1.261139e-02 -1.071336e+00 -3.517913e-02 -1.248760e-02 9.993030e-01 7.636539e+01
9.992384e-01 -4.583901e-03 3.874924e-02 -4.811526e-01 3.997740e-03 9.998766e-01 1.519099e-02 -1.099111e+00 -3.881409e-02 -1.502451e-02 9.991335e-01 7.758720e+01
9.991457e-01 -6.255358e-03 4.084991e-02 -4.509559e-01 5.750850e-03 9.999059e-01 1.245612e-02 -1.111508e+00 -4.092398e-02 -1.221056e-02 9.990876e-01 7.877547e+01
9.990259e-01 -7.537871e-03 4.347838e-02 -4.090402e-01 7.181174e-03 9.999393e-01 8.354358e-03 -1.133960e+00 -4.353871e-02 -8.033995e-03 9.990194e-01 7.997735e+01
9.989069e-01 -9.957046e-03 4.567182e-02 -3.684992e-01 9.587567e-03 9.999196e-01 8.301808e-03 -1.159362e+00 -4.575081e-02 -7.854851e-03 9.989220e-01 8.114172e+01
9.987858e-01 -9.349390e-03 4.836912e-02 -3.137646e-01 8.770360e-03 9.998875e-01 1.216949e-02 -1.170681e+00 -4.847745e-02 -1.173050e-02 9.987554e-01 8.231580e+01
9.986306e-01 -8.040605e-03 5.169275e-02 -2.499697e-01 7.384364e-03 9.998899e-01 1.287351e-02 -1.174489e+00 -5.179057e-02 -1.247416e-02 9.985800e-01 8.359460e+01
9.983581e-01 -1.009206e-02 5.638511e-02 -1.902240e-01 9.402336e-03 9.998779e-01 1.248432e-02 -1.192014e+00 -5.650422e-02 -1.193367e-02 9.983310e-01 8.487929e+01
9.981912e-01 -8.381614e-03 5.953138e-02 -1.352396e-01 7.879599e-03 9.999315e-01 8.662522e-03 -1.200410e+00 -5.959991e-02 -8.177770e-03 9.981889e-01 8.608428e+01
9.980367e-01 -9.347032e-03 6.193069e-02 -4.907510e-02 9.006757e-03 9.999428e-01 5.771333e-03 -1.219608e+00 -6.198109e-02 -5.202207e-03 9.980637e-01 8.729929e+01
9.977958e-01 -1.160791e-02 6.533580e-02 4.039510e-02 1.128946e-02 9.999225e-01 5.241192e-03 -1.240389e+00 -6.539158e-02 -4.492034e-03 9.978496e-01 8.850615e+01
9.975013e-01 -1.617950e-02 6.877159e-02 1.104405e-01 1.575203e-02 9.998531e-01 6.753532e-03 -1.257624e+00 -6.887075e-02 -5.653364e-03 9.976096e-01 8.972080e+01
9.972427e-01 -1.587573e-02 7.249162e-02 1.435439e-01 1.539530e-02 9.998557e-01 7.181298e-03 -1.272220e+00 -7.259517e-02 -6.045466e-03 9.973432e-01 9.085104e+01
9.968866e-01 -1.585702e-02 7.723863e-02 9.324926e-02 1.549350e-02 9.998659e-01 5.303527e-03 -1.289468e+00 -7.731237e-02 -4.090318e-03 9.969985e-01 9.186471e+01
9.966115e-01 -1.688484e-02 8.050104e-02 1.918275e-01 1.665540e-02 9.998551e-01 3.520829e-03 -1.305488e+00 -8.054883e-02 -2.168122e-03 9.967483e-01 9.298678e+01
9.962512e-01 -1.757387e-02 8.470356e-02 2.254764e-01 1.731499e-02 9.998429e-01 3.790055e-03 -1.326154e+00 -8.475687e-02 -2.309206e-03 9.963990e-01 9.414497e+01
9.958745e-01 -1.856755e-02 8.882090e-02 2.428707e-01 1.820430e-02 9.998223e-01 4.898015e-03 -1.341991e+00 -8.889606e-02 -3.260887e-03 9.960356e-01 9.518665e+01
9.955583e-01 -1.790143e-02 9.242942e-02 2.598539e-01 1.736848e-02 9.998276e-01 6.567239e-03 -1.350923e+00 -9.253105e-02 -4.932711e-03 9.956976e-01 9.623447e+01
9.949828e-01 -2.153586e-02 9.770071e-02 8.642919e-02 2.086130e-02 9.997510e-01 7.920734e-03 -1.379679e+00 -9.784696e-02 -5.842830e-03 9.951843e-01 9.726319e+01
9.946397e-01 -2.628472e-02 1.000050e-01 2.128598e-01 2.545679e-02 9.996303e-01 9.546183e-03 -1.414956e+00 -1.002190e-01 -6.949206e-03 9.949411e-01 9.843092e+01
9.941321e-01 -2.780783e-02 1.045377e-01 8.236678e-02 2.723129e-02 9.996051e-01 6.938574e-03 -1.428804e+00 -1.046894e-01 -4.051162e-03 9.944967e-01 9.935404e+01
9.935473e-01 -2.781140e-02 1.099561e-01 -2.707436e-02 2.749365e-02 9.996123e-01 4.405207e-03 -1.449608e+00 -1.100360e-01 -1.353688e-03 9.939267e-01 1.004345e+02
9.929638e-01 -3.067783e-02 1.143755e-01 -2.047174e-01 3.063306e-02 9.995284e-01 2.149436e-03 -1.489915e+00 -1.143875e-01 1.369358e-03 9.934353e-01 1.012759e+02
9.927790e-01 -2.789959e-02 1.166682e-01 -5.552455e-02 2.784802e-02 9.996100e-01 2.072351e-03 -1.504430e+00 -1.166805e-01 1.191592e-03 9.931688e-01 1.025606e+02
9.928576e-01 -2.702959e-02 1.162030e-01 1.254317e-01 2.696907e-02 9.996341e-01 2.093291e-03 -1.516610e+00 -1.162171e-01 1.055548e-03 9.932232e-01 1.036607e+02
9.927313e-01 -2.774647e-02 1.171101e-01 1.638338e-01 2.741061e-02 9.996142e-01 4.477759e-03 -1.537469e+00 -1.171892e-01 -1.235151e-03 9.931088e-01 1.048028e+02
9.927997e-01 -2.825033e-02 1.164071e-01 2.637923e-01 2.781121e-02 9.995986e-01 5.395176e-03 -1.539509e+00 -1.165128e-01 -2.118906e-03 9.931870e-01 1.059444e+02
9.930099e-01 -2.706347e-02 1.148867e-01 3.127576e-01 2.652600e-02 9.996288e-01 6.204749e-03 -1.548954e+00 -1.150120e-01 -3.113893e-03 9.933592e-01 1.069189e+02
9.931931e-01 -2.732707e-02 1.132279e-01 4.150071e-01 2.664432e-02 9.996166e-01 7.539116e-03 -1.569968e+00 -1.133905e-01 -4.470918e-03 9.935405e-01 1.081757e+02
9.935519e-01 -2.446076e-02 1.107088e-01 5.354968e-01 2.397048e-02 9.996961e-01 5.757606e-03 -1.563682e+00 -1.108159e-01 -3.066739e-03 9.938362e-01 1.094331e+02
9.938691e-01 -2.378388e-02 1.079748e-01 6.199207e-01 2.327057e-02 9.997112e-01 6.011669e-03 -1.581627e+00 -1.080866e-01 -3.462178e-03 9.941354e-01 1.106652e+02
9.941723e-01 -2.349223e-02 1.052114e-01 7.180104e-01 2.291312e-02 9.997150e-01 6.709784e-03 -1.595016e+00 -1.053390e-01 -4.259961e-03 9.944273e-01 1.118973e+02
9.944844e-01 -2.440599e-02 1.020053e-01 7.949941e-01 2.371219e-02 9.996867e-01 8.008771e-03 -1.609396e+00 -1.021688e-01 -5.545830e-03 9.947516e-01 1.132477e+02
9.949166e-01 -2.228347e-02 9.820617e-02 8.535858e-01 2.161209e-02 9.997352e-01 7.894998e-03 -1.610063e+00 -9.835610e-02 -5.732424e-03 9.951348e-01 1.143997e+02
9.953418e-01 -2.298944e-02 9.362794e-02 9.754143e-01 2.230266e-02 9.997162e-01 8.375109e-03 -1.621521e+00 -9.379390e-02 -6.247945e-03 9.955720e-01 1.156600e+02
9.957870e-01 -2.084358e-02 8.929595e-02 1.054371e+00 2.024456e-02 9.997661e-01 7.608897e-03 -1.621666e+00 -8.943366e-02 -5.769084e-03 9.959761e-01 1.169291e+02
9.961860e-01 -2.095236e-02 8.470286e-02 1.139139e+00 2.031865e-02 9.997588e-01 8.336884e-03 -1.645287e+00 -8.485711e-02 -6.584039e-03 9.963714e-01 1.181976e+02
9.966573e-01 -1.858711e-02 7.955350e-02 1.273890e+00 1.809333e-02 9.998123e-01 6.923334e-03 -1.644827e+00 -7.966726e-02 -5.460803e-03 9.968066e-01 1.196785e+02
9.968910e-01 -1.666779e-02 7.700927e-02 1.280187e+00 1.614162e-02 9.998420e-01 7.450023e-03 -1.669724e+00 -7.712127e-02 -6.183807e-03 9.970025e-01 1.209672e+02
9.972003e-01 -1.384281e-02 7.348450e-02 1.358092e+00 1.343478e-02 9.998915e-01 6.044089e-03 -1.668193e+00 -7.356020e-02 -5.039919e-03 9.972780e-01 1.223201e+02
9.973719e-01 -1.099452e-02 7.161290e-02 1.430474e+00 1.063257e-02 9.999287e-01 5.433439e-03 -1.674993e+00 -7.166754e-02 -4.657730e-03 9.974177e-01 1.236777e+02
9.974570e-01 -1.059187e-02 7.047927e-02 1.548222e+00 1.020731e-02 9.999310e-01 5.814268e-03 -1.700150e+00 -7.053599e-02 -5.080079e-03 9.974963e-01 1.250204e+02
9.975211e-01 -8.681303e-03 6.983075e-02 1.600326e+00 8.309028e-03 9.999497e-01 5.619818e-03 -1.712305e+00 -6.987602e-02 -5.025662e-03 9.975430e-01 1.263839e+02
9.975827e-01 -6.672112e-03 6.916751e-02 1.687646e+00 6.178570e-03 9.999539e-01 7.346950e-03 -1.738140e+00 -6.921335e-02 -6.901835e-03 9.975780e-01 1.277422e+02
9.975635e-01 -1.038396e-02 6.898744e-02 1.767859e+00 9.849542e-03 9.999188e-01 8.082237e-03 -1.752213e+00 -6.906577e-02 -7.383050e-03 9.975848e-01 1.290448e+02
9.976292e-01 -5.411992e-03 6.860568e-02 1.810578e+00 4.780610e-03 9.999447e-01 9.363913e-03 -1.762141e+00 -6.865257e-02 -9.013736e-03 9.975999e-01 1.302817e+02
9.976628e-01 -2.673821e-03 6.827641e-02 1.846601e+00 1.930560e-03 9.999382e-01 1.094973e-02 -1.758948e+00 -6.830147e-02 -1.079232e-02 9.976063e-01 1.314932e+02
9.975755e-01 -2.983620e-03 6.952838e-02 1.867797e+00 2.135060e-03 9.999224e-01 1.227564e-02 -1.789087e+00 -6.955960e-02 -1.209743e-02 9.975045e-01 1.327899e+02
9.976138e-01 -1.602928e-03 6.902271e-02 1.955134e+00 8.024173e-04 9.999321e-01 1.162395e-02 -1.804988e+00 -6.903666e-02 -1.154083e-02 9.975474e-01 1.341091e+02
9.974838e-01 -5.321140e-03 7.069515e-02 1.963725e+00 4.451471e-03 9.999126e-01 1.245353e-02 -1.808123e+00 -7.075524e-02 -1.210750e-02 9.974203e-01 1.354137e+02
9.975718e-01 -6.952072e-03 6.929696e-02 2.036626e+00 6.092011e-03 9.999019e-01 1.261486e-02 -1.794380e+00 -6.937786e-02 -1.216207e-02 9.975163e-01 1.366339e+02
9.975051e-01 -6.453575e-03 7.029922e-02 2.023215e+00 5.605916e-03 9.999093e-01 1.224849e-02 -1.773561e+00 -7.037190e-02 -1.182383e-02 9.974508e-01 1.378748e+02
9.974401e-01 -9.982772e-03 7.080711e-02 2.106054e+00 8.872292e-03 9.998329e-01 1.598039e-02 -1.811417e+00 -7.095481e-02 -1.531126e-02 9.973620e-01 1.391989e+02
9.972993e-01 -1.546498e-02 7.179829e-02 2.163686e+00 1.459477e-02 9.998137e-01 1.262914e-02 -1.800129e+00 -7.198023e-02 -1.154716e-02 9.973392e-01 1.405321e+02
9.972132e-01 -1.695399e-02 7.265199e-02 2.253299e+00 1.610333e-02 9.997950e-01 1.227859e-02 -1.814007e+00 -7.284527e-02 -1.107443e-02 9.972818e-01 1.419833e+02
9.971390e-01 -1.967685e-02 7.298332e-02 2.330991e+00 1.882010e-02 9.997459e-01 1.240817e-02 -1.825078e+00 -7.320894e-02 -1.099912e-02 9.972560e-01 1.433306e+02
9.971214e-01 -1.809470e-02 7.363059e-02 2.422916e+00 1.737031e-02 9.997944e-01 1.046666e-02 -1.794659e+00 -7.380483e-02 -9.157541e-03 9.972306e-01 1.446186e+02
9.971025e-01 -1.593048e-02 7.438265e-02 2.478476e+00 1.508183e-02 9.998147e-01 1.195710e-02 -1.803623e+00 -7.455935e-02 -1.080063e-02 9.971581e-01 1.458331e+02
9.970172e-01 -1.330387e-02 7.602464e-02 2.609610e+00 1.223824e-02 9.998205e-01 1.446562e-02 -1.821355e+00 -7.620344e-02 -1.349207e-02 9.970010e-01 1.473410e+02
9.969432e-01 -1.251193e-02 7.712162e-02 2.718191e+00 1.151649e-02 9.998447e-01 1.333858e-02 -1.834611e+00 -7.727654e-02 -1.240963e-02 9.969324e-01 1.487917e+02
9.968997e-01 -1.073288e-02 7.794738e-02 2.818526e+00 9.962197e-03 9.998977e-01 1.026939e-02 -1.828078e+00 -7.804962e-02 -9.461027e-03 9.969046e-01 1.502390e+02
9.967976e-01 -8.968805e-03 7.946094e-02 2.884007e+00 8.395572e-03 9.999363e-01 7.545172e-03 -1.832709e+00 -7.952355e-02 -6.853889e-03 9.968094e-01 1.516155e+02
9.967139e-01 -1.152766e-02 8.017859e-02 2.971974e+00 1.122560e-02 9.999281e-01 4.217034e-03 -1.867118e+00 -8.022144e-02 -3.303123e-03 9.967716e-01 1.529704e+02
9.966716e-01 -1.062231e-02 8.082596e-02 3.044515e+00 1.062588e-02 9.999435e-01 3.860699e-04 -1.883578e+00 -8.082550e-02 4.740617e-04 9.967282e-01 1.543591e+02
9.965756e-01 -1.065520e-02 8.199704e-02 3.116751e+00 1.069732e-02 9.999428e-01 -7.435945e-05 -1.911496e+00 -8.199155e-02 9.512536e-04 9.966326e-01 1.557160e+02
9.965218e-01 -1.177506e-02 8.249667e-02 3.209268e+00 1.174365e-02 9.999307e-01 8.660018e-04 -1.953783e+00 -8.250114e-02 1.058221e-04 9.965910e-01 1.570668e+02
9.965387e-01 -1.084258e-02 8.241969e-02 3.321481e+00 1.081868e-02 9.999412e-01 7.366205e-04 -1.966038e+00 -8.242284e-02 1.576011e-04 9.965974e-01 1.584281e+02
9.965842e-01 -9.548631e-03 8.202847e-02 3.402904e+00 9.535488e-03 9.999544e-01 5.519981e-04 -1.975777e+00 -8.203000e-02 2.320688e-04 9.966298e-01 1.597293e+02
9.966021e-01 -8.861454e-03 8.188849e-02 3.503374e+00 8.602695e-03 9.999568e-01 3.512193e-03 -2.030885e+00 -8.191608e-02 -2.795798e-03 9.966353e-01 1.610344e+02
9.965600e-01 -8.738226e-03 8.241254e-02 3.525492e+00 8.627172e-03 9.999613e-01 1.703564e-03 -2.037380e+00 -8.242424e-02 -9.867162e-04 9.965969e-01 1.623184e+02
9.966188e-01 -8.493525e-03 8.172388e-02 3.576515e+00 8.452539e-03 9.999639e-01 8.474772e-04 -2.055732e+00 -8.172813e-02 -1.538375e-04 9.966546e-01 1.635364e+02
9.967332e-01 -4.365797e-03 8.064663e-02 3.728944e+00 4.264245e-03 9.999899e-01 1.431398e-03 -2.055095e+00 -8.065207e-02 -1.082825e-03 9.967417e-01 1.649634e+02
9.967510e-01 -8.186999e-03 8.012756e-02 3.804291e+00 7.967914e-03 9.999636e-01 3.053562e-03 -2.100650e+00 -8.014964e-02 -2.405191e-03 9.967799e-01 1.662555e+02
9.967332e-01 -6.333533e-03 8.051583e-02 3.893032e+00 6.146711e-03 9.999778e-01 2.567953e-03 -2.121271e+00 -8.053031e-02 -2.064657e-03 9.967500e-01 1.675989e+02
9.968163e-01 -4.621537e-03 7.959858e-02 3.991781e+00 4.682602e-03 9.999889e-01 -5.805130e-04 -2.122525e+00 -7.959501e-02 9.513933e-04 9.968268e-01 1.689648e+02
9.968443e-01 -1.024355e-03 7.937516e-02 4.054425e+00 1.170178e-03 9.999977e-01 -1.790647e-03 -2.130253e+00 -7.937315e-02 1.877879e-03 9.968432e-01 1.702880e+02
9.968547e-01 -4.346775e-03 7.913104e-02 4.178462e+00 4.367489e-03 9.999905e-01 -8.869593e-05 -2.192746e+00 -7.912990e-02 4.340209e-04 9.968642e-01 1.718093e+02
9.968720e-01 -4.292894e-03 7.891645e-02 4.243115e+00 4.201508e-03 9.999903e-01 1.324016e-03 -2.245657e+00 -7.892137e-02 -9.883061e-04 9.968804e-01 1.731806e+02
9.967903e-01 -4.842586e-03 7.991061e-02 4.317903e+00 4.740263e-03 9.999877e-01 1.470120e-03 -2.269766e+00 -7.991675e-02 -1.086604e-03 9.968010e-01 1.746604e+02
9.967955e-01 -6.844364e-03 7.969913e-02 4.378458e+00 6.571366e-03 9.999716e-01 3.687141e-03 -2.304052e+00 -7.972211e-02 -3.151593e-03 9.968122e-01 1.759653e+02
9.968235e-01 -4.468343e-03 7.951635e-02 4.447690e+00 4.203713e-03 9.999850e-01 3.495090e-03 -2.327306e+00 -7.953078e-02 -3.149724e-03 9.968274e-01 1.771408e+02
9.968705e-01 -5.179879e-03 7.888245e-02 4.541228e+00 4.806318e-03 9.999763e-01 4.924797e-03 -2.353076e+00 -7.890609e-02 -4.530251e-03 9.968718e-01 1.784335e+02
9.968657e-01 -7.201409e-03 7.878342e-02 4.616513e+00 6.739609e-03 9.999585e-01 6.125970e-03 -2.386707e+00 -7.882427e-02 -5.575800e-03 9.968730e-01 1.797930e+02
9.968509e-01 -3.695838e-03 7.921208e-02 4.697985e+00 3.360453e-03 9.999848e-01 4.366907e-03 -2.394330e+00 -7.922701e-02 -4.086967e-03 9.968482e-01 1.811470e+02
9.968014e-01 -1.322676e-03 7.990754e-02 4.775960e+00 1.071931e-03 9.999943e-01 3.180747e-03 -2.406525e+00 -7.991130e-02 -3.084918e-03 9.967972e-01 1.825073e+02
9.967373e-01 -3.948584e-03 8.061730e-02 4.866378e+00 3.581094e-03 9.999825e-01 4.702537e-03 -2.435962e+00 -8.063446e-02 -4.398496e-03 9.967340e-01 1.839101e+02
9.967204e-01 -5.784602e-03 8.071503e-02 4.963893e+00 5.427806e-03 9.999745e-01 4.639157e-03 -2.466174e+00 -8.073981e-02 -4.185837e-03 9.967264e-01 1.853104e+02
9.966819e-01 -6.242992e-03 8.115530e-02 5.064922e+00 6.110931e-03 9.999796e-01 1.875544e-03 -2.477121e+00 -8.116535e-02 -1.373387e-03 9.966997e-01 1.866465e+02
9.965721e-01 -1.427197e-02 8.148862e-02 5.154309e+00 1.397583e-02 9.998935e-01 4.203442e-03 -2.523408e+00 -8.153993e-02 -3.050162e-03 9.966654e-01 1.879635e+02
9.965706e-01 -1.229946e-02 8.182741e-02 5.231287e+00 1.177093e-02 9.999067e-01 6.938415e-03 -2.529926e+00 -8.190511e-02 -5.951435e-03 9.966224e-01 1.893026e+02
9.965709e-01 -1.063670e-02 8.205666e-02 5.315303e+00 9.852550e-03 9.999019e-01 9.955176e-03 -2.538401e+00 -8.215450e-02 -9.112571e-03 9.965779e-01 1.905825e+02
9.965785e-01 -1.004952e-02 8.203848e-02 5.419321e+00 9.347776e-03 9.999164e-01 8.933430e-03 -2.547457e+00 -8.212140e-02 -8.135987e-03 9.965891e-01 1.918828e+02
9.965528e-01 -1.183334e-02 8.211271e-02 5.510248e+00 1.129716e-02 9.999117e-01 6.991436e-03 -2.580751e+00 -8.218820e-02 -6.039694e-03 9.965985e-01 1.931817e+02
9.965461e-01 -5.540106e-03 8.285663e-02 5.581756e+00 5.292839e-03 9.999809e-01 3.203629e-03 -2.589360e+00 -8.287279e-02 -2.754017e-03 9.965563e-01 1.943745e+02
9.964345e-01 -1.004591e-02 8.377015e-02 5.673565e+00 9.584313e-03 9.999366e-01 5.910666e-03 -2.637973e+00 -8.382422e-02 -5.086712e-03 9.964676e-01 1.956479e+02
9.964501e-01 -9.549550e-03 8.364218e-02 5.787812e+00 9.052735e-03 9.999391e-01 6.317017e-03 -2.644369e+00 -8.369741e-02 -5.537401e-03 9.964758e-01 1.969682e+02
9.963971e-01 -1.111268e-02 8.407936e-02 5.867457e+00 1.039946e-02 9.999062e-01 8.915874e-03 -2.665804e+00 -8.417054e-02 -8.009370e-03 9.964192e-01 1.983160e+02
9.963061e-01 -1.076651e-02 8.519567e-02 5.958158e+00 9.969457e-03 9.999025e-01 9.775547e-03 -2.682388e+00 -8.529261e-02 -8.890083e-03 9.963163e-01 1.996419e+02
9.961577e-01 -8.291996e-03 8.718381e-02 6.022836e+00 7.745826e-03 9.999482e-01 6.601025e-03 -2.674651e+00 -8.723404e-02 -5.900352e-03 9.961704e-01 2.008668e+02
9.959905e-01 -7.673907e-03 8.912925e-02 6.115057e+00 7.275430e-03 9.999620e-01 4.794789e-03 -2.687729e+00 -8.916266e-02 -4.127111e-03 9.960085e-01 2.021430e+02
9.958432e-01 -5.641405e-03 9.090909e-02 6.218271e+00 5.344515e-03 9.999796e-01 3.508898e-03 -2.713450e+00 -9.092703e-02 -3.008447e-03 9.958530e-01 2.034555e+02
9.957096e-01 -6.917436e-03 9.227407e-02 6.341997e+00 6.613252e-03 9.999716e-01 3.601886e-03 -2.742652e+00 -9.229637e-02 -2.976201e-03 9.957271e-01 2.047687e+02
9.955814e-01 -7.106785e-03 9.363291e-02 6.440406e+00 6.801396e-03 9.999704e-01 3.580280e-03 -2.754774e+00 -9.365558e-02 -2.927626e-03 9.956003e-01 2.060443e+02
9.953653e-01 -7.280793e-03 9.589045e-02 6.514442e+00 6.779579e-03 9.999616e-01 5.551707e-03 -2.784190e+00 -9.592719e-02 -4.875880e-03 9.953764e-01 2.072647e+02
9.952250e-01 -7.443951e-03 9.732322e-02 6.614861e+00 6.846029e-03 9.999556e-01 6.476166e-03 -2.810116e+00 -9.736711e-02 -5.778965e-03 9.952317e-01 2.085459e+02
9.950098e-01 -8.962451e-03 9.937411e-02 6.659452e+00 8.327361e-03 9.999422e-01 6.803858e-03 -2.837644e+00 -9.942934e-02 -5.942381e-03 9.950269e-01 2.096694e+02
9.948753e-01 -5.551732e-03 1.009572e-01 6.786337e+00 5.004103e-03 9.999714e-01 5.676808e-03 -2.833711e+00 -1.009858e-01 -5.142516e-03 9.948746e-01 2.109776e+02
9.947096e-01 -5.300779e-03 1.025906e-01 6.897290e+00 4.711254e-03 9.999710e-01 5.987841e-03 -2.855998e+00 -1.026194e-01 -5.472832e-03 9.947056e-01 2.123155e+02
9.946040e-01 -3.138329e-03 1.036968e-01 7.047894e+00 2.533035e-03 9.999790e-01 5.968322e-03 -2.871916e+00 -1.037133e-01 -5.673449e-03 9.945911e-01 2.136391e+02
9.944103e-01 -4.300413e-03 1.054971e-01 7.159277e+00 3.679526e-03 9.999747e-01 6.079277e-03 -2.899341e+00 -1.055206e-01 -5.657116e-03 9.944010e-01 2.149292e+02
9.942390e-01 -5.418142e-03 1.070492e-01 7.274895e+00 4.749315e-03 9.999676e-01 6.501806e-03 -2.919635e+00 -1.070809e-01 -5.955938e-03 9.942325e-01 2.162299e+02
9.942020e-01 -8.501150e-03 1.071925e-01 7.402930e+00 7.732519e-03 9.999413e-01 7.584159e-03 -2.953469e+00 -1.072507e-01 -6.711317e-03 9.942093e-01 2.175434e+02
9.942125e-01 -1.074673e-02 1.068925e-01 7.530756e+00 1.000270e-02 9.999219e-01 7.494239e-03 -2.965184e+00 -1.069647e-01 -6.381652e-03 9.942424e-01 2.188354e+02
9.941959e-01 -1.147422e-02 1.069717e-01 7.659525e+00 1.066360e-02 9.999099e-01 8.146845e-03 -2.989393e+00 -1.070556e-01 -6.958856e-03 9.942287e-01 2.200450e+02
9.942375e-01 -1.126290e-02 1.066060e-01 7.764755e+00 1.053503e-02 9.999172e-01 7.388369e-03 -3.008831e+00 -1.066804e-01 -6.222696e-03 9.942739e-01 2.212574e+02
9.943315e-01 -1.047973e-02 1.058067e-01 7.899343e+00 9.839686e-03 9.999300e-01 6.569365e-03 -3.021853e+00 -1.058681e-01 -5.491022e-03 9.943650e-01 2.224309e+02
9.943306e-01 -1.131988e-02 1.057280e-01 8.006992e+00 1.070667e-02 9.999224e-01 6.365622e-03 -3.045447e+00 -1.057919e-01 -5.197538e-03 9.943747e-01 2.236100e+02
9.944285e-01 -1.243864e-02 1.046764e-01 8.095019e+00 1.183675e-02 9.999096e-01 6.369260e-03 -3.061866e+00 -1.047462e-01 -5.094745e-03 9.944859e-01 2.247105e+02
9.946447e-01 -1.403311e-02 1.023962e-01 8.206015e+00 1.335879e-02 9.998844e-01 7.268255e-03 -3.080944e+00 -1.024863e-01 -5.861443e-03 9.947171e-01 2.258081e+02
9.948466e-01 -1.317853e-02 1.005308e-01 8.314672e+00 1.236366e-02 9.998855e-01 8.724469e-03 -3.088814e+00 -1.006342e-01 -7.436581e-03 9.948957e-01 2.268476e+02
9.949841e-01 -1.336205e-02 9.913600e-02 8.441244e+00 1.236060e-02 9.998662e-01 1.070914e-02 -3.107946e+00 -9.926584e-02 -9.430043e-03 9.950163e-01 2.280164e+02
9.952202e-01 -1.360609e-02 9.670354e-02 8.528704e+00 1.270181e-02 9.998697e-01 9.960481e-03 -3.118335e+00 -9.682646e-02 -8.684562e-03 9.952634e-01 2.291263e+02
9.954860e-01 -1.353927e-02 9.393823e-02 8.681333e+00 1.271179e-02 9.998750e-01 9.401517e-03 -3.128394e+00 -9.405378e-02 -8.164954e-03 9.955336e-01 2.302809e+02
9.957678e-01 -1.448497e-02 9.075667e-02 8.811975e+00 1.363490e-02 9.998572e-01 9.979562e-03 -3.150215e+00 -9.088827e-02 -8.699868e-03 9.958231e-01 2.313652e+02
9.960783e-01 -1.514277e-02 8.717141e-02 8.904505e+00 1.432391e-02 9.998473e-01 1.001162e-02 -3.161821e+00 -8.730970e-02 -8.723719e-03 9.961430e-01 2.323380e+02
9.963679e-01 -1.330041e-02 8.410712e-02 8.971005e+00 1.261308e-02 9.998826e-01 8.698232e-03 -3.165211e+00 -8.421294e-02 -7.605789e-03 9.964188e-01 2.333204e+02
9.966665e-01 -1.379406e-02 8.040932e-02 9.058159e+00 1.321048e-02 9.998825e-01 7.785069e-03 -3.170890e+00 -8.050725e-02 -6.696871e-03 9.967315e-01 2.342328e+02
9.968715e-01 -1.451680e-02 7.769485e-02 9.104577e+00 1.395907e-02 9.998728e-01 7.716746e-03 -3.193485e+00 -7.779699e-02 -6.608056e-03 9.969473e-01 2.351179e+02
9.971410e-01 -1.214192e-02 7.458138e-02 9.175795e+00 1.163240e-02 9.999059e-01 7.262351e-03 -3.205325e+00 -7.466254e-02 -6.374028e-03 9.971885e-01 2.360456e+02
9.974774e-01 -1.122436e-02 7.009203e-02 9.261821e+00 1.085396e-02 9.999251e-01 5.663139e-03 -3.210173e+00 -7.015035e-02 -4.888078e-03 9.975244e-01 2.369748e+02
9.975895e-01 -1.132036e-02 6.846140e-02 9.318694e+00 1.083277e-02 9.999133e-01 7.489273e-03 -3.244995e+00 -6.854025e-02 -6.729594e-03 9.976256e-01 2.378493e+02
9.976503e-01 -1.083757e-02 6.765015e-02 9.376437e+00 1.038062e-02 9.999209e-01 7.102583e-03 -3.257004e+00 -6.772178e-02 -6.383643e-03 9.976838e-01 2.387319e+02
9.975595e-01 -1.359381e-02 6.848463e-02 9.438530e+00 1.298822e-02 9.998726e-01 9.280375e-03 -3.278437e+00 -6.860206e-02 -8.368234e-03 9.976090e-01 2.395312e+02
9.975209e-01 -1.428223e-02 6.890620e-02 9.486363e+00 1.354948e-02 9.998467e-01 1.108976e-02 -3.295545e+00 -6.905401e-02 -1.012863e-02 9.975615e-01 2.403075e+02
9.974895e-01 -1.344622e-02 6.952625e-02 9.539499e+00 1.273382e-02 9.998619e-01 1.067969e-02 -3.307955e+00 -6.966025e-02 -9.767544e-03 9.975230e-01 2.410895e+02
9.974746e-01 -1.152773e-02 7.008215e-02 9.564095e+00 1.092657e-02 9.999002e-01 8.955249e-03 -3.319964e+00 -7.017839e-02 -8.166876e-03 9.975010e-01 2.417761e+02
9.975151e-01 -9.110003e-03 6.986053e-02 9.616955e+00 8.698950e-03 9.999430e-01 6.185887e-03 -3.320063e+00 -6.991290e-02 -5.562803e-03 9.975376e-01 2.424810e+02
9.973928e-01 -9.740961e-03 7.150238e-02 9.671206e+00 9.424768e-03 9.999443e-01 4.758168e-03 -3.330510e+00 -7.154474e-02 -4.071869e-03 9.974291e-01 2.432088e+02
9.972510e-01 -7.288028e-03 7.373793e-02 9.719911e+00 6.968726e-03 9.999652e-01 4.586577e-03 -3.340680e+00 -7.376879e-02 -4.060109e-03 9.972671e-01 2.439855e+02
9.970376e-01 -7.783861e-03 7.652032e-02 9.756255e+00 7.418707e-03 9.999597e-01 5.055096e-03 -3.355269e+00 -7.655659e-02 -4.472439e-03 9.970552e-01 2.447072e+02
9.968813e-01 -6.635370e-03 7.863639e-02 9.808231e+00 6.301433e-03 9.999700e-01 4.493984e-03 -3.359137e+00 -7.866386e-02 -3.984447e-03 9.968932e-01 2.453997e+02
9.967209e-01 -4.590899e-03 8.078683e-02 9.860592e+00 4.256445e-03 9.999816e-01 4.311684e-03 -3.367051e+00 -8.080515e-02 -3.953680e-03 9.967221e-01 2.460941e+02
9.964638e-01 -4.390838e-03 8.390790e-02 9.903188e+00 4.091332e-03 9.999846e-01 3.741080e-03 -3.376226e+00 -8.392304e-02 -3.384556e-03 9.964665e-01 2.467759e+02
9.960464e-01 -2.536021e-03 8.879896e-02 9.930993e+00 2.237875e-03 9.999915e-01 3.456933e-03 -3.379008e+00 -8.880696e-02 -3.244545e-03 9.960436e-01 2.474522e+02
9.957238e-01 -6.882005e-03 9.212393e-02 9.998782e+00 6.400541e-03 9.999643e-01 5.520702e-03 -3.402371e+00 -9.215863e-02 -4.907452e-03 9.957322e-01 2.481756e+02
9.953558e-01 -8.786446e-03 9.586190e-02 1.007094e+01 8.098024e-03 9.999385e-01 7.568082e-03 -3.422035e+00 -9.592250e-02 -6.756643e-03 9.953659e-01 2.488306e+02
9.949834e-01 -6.674581e-03 9.981667e-02 1.012192e+01 6.093462e-03 9.999627e-01 6.125616e-03 -3.415646e+00 -9.985382e-02 -5.486657e-03 9.949870e-01 2.494992e+02
9.945628e-01 -8.803450e-03 1.037657e-01 1.020273e+01 8.248445e-03 9.999493e-01 5.776546e-03 -3.410790e+00 -1.038113e-01 -4.889232e-03 9.945850e-01 2.501476e+02
9.942619e-01 -7.396311e-03 1.067169e-01 1.027615e+01 6.923879e-03 9.999645e-01 4.796796e-03 -3.412391e+00 -1.067486e-01 -4.030377e-03 9.942779e-01 2.508399e+02
9.937677e-01 -8.114538e-03 1.111753e-01 1.033649e+01 7.656270e-03 9.999604e-01 4.548337e-03 -3.427803e+00 -1.112078e-01 -3.668803e-03 9.937904e-01 2.515160e+02
9.934649e-01 -7.454501e-03 1.138939e-01 1.039730e+01 7.117960e-03 9.999690e-01 3.361252e-03 -3.437695e+00 -1.139155e-01 -2.528593e-03 9.934872e-01 2.522011e+02
9.930475e-01 -9.994038e-03 1.172890e-01 1.046578e+01 9.481725e-03 9.999429e-01 4.925131e-03 -3.447529e+00 -1.173316e-01 -3.778787e-03 9.930856e-01 2.528693e+02
9.926528e-01 -6.511286e-03 1.208225e-01 1.053292e+01 6.012921e-03 9.999719e-01 4.488900e-03 -3.444796e+00 -1.208483e-01 -3.729424e-03 9.926640e-01 2.535044e+02
9.923822e-01 -7.436248e-03 1.229727e-01 1.060871e+01 6.970801e-03 9.999668e-01 4.214779e-03 -3.454844e+00 -1.230000e-01 -3.325453e-03 9.924011e-01 2.542053e+02
9.920504e-01 -4.947007e-03 1.257437e-01 1.068771e+01 4.603195e-03 9.999849e-01 3.024644e-03 -3.468092e+00 -1.257568e-01 -2.421777e-03 9.920582e-01 2.549015e+02
9.918083e-01 -5.479803e-03 1.276179e-01 1.078132e+01 5.428725e-03 9.999850e-01 7.480627e-04 -3.471879e+00 -1.276201e-01 -4.913226e-05 9.918231e-01 2.556005e+02
9.915824e-01 -5.755366e-03 1.293493e-01 1.086674e+01 5.861618e-03 9.999827e-01 -4.407487e-04 -3.483918e+00 -1.293445e-01 1.195235e-03 9.915990e-01 2.563168e+02
9.915562e-01 -3.458430e-03 1.296320e-01 1.095136e+01 3.758496e-03 9.999908e-01 -2.070183e-03 -3.488225e+00 -1.296236e-01 2.539924e-03 9.915600e-01 2.570304e+02
9.912963e-01 -5.857418e-03 1.315194e-01 1.103813e+01 6.059847e-03 9.999810e-01 -1.138975e-03 -3.513222e+00 -1.315103e-01 1.926049e-03 9.913129e-01 2.577472e+02
9.911469e-01 -2.592376e-03 1.327443e-01 1.113888e+01 2.901759e-03 9.999935e-01 -2.137275e-03 -3.524226e+00 -1.327379e-01 2.503545e-03 9.911480e-01 2.585587e+02
9.911053e-01 -3.775202e-04 1.330795e-01 1.122892e+01 7.373683e-04 9.999962e-01 -2.654736e-03 -3.549597e+00 -1.330779e-01 2.729252e-03 9.911018e-01 2.592927e+02
9.910756e-01 1.213411e-03 1.332952e-01 1.131892e+01 -5.471229e-04 9.999872e-01 -5.035105e-03 -3.555714e+00 -1.332996e-01 4.917241e-03 9.910636e-01 2.599754e+02
9.908555e-01 2.836836e-03 1.348979e-01 1.132291e+01 -2.035459e-03 9.999794e-01 -6.078162e-03 -3.578791e+00 -1.349124e-01 5.748001e-03 9.908409e-01 2.601800e+02
9.908506e-01 1.533007e-04 1.349628e-01 1.150498e+01 7.208487e-04 9.999791e-01 -6.428074e-03 -3.589622e+00 -1.349610e-01 6.466549e-03 9.908298e-01 2.609521e+02
9.906805e-01 1.977249e-04 1.362061e-01 1.152244e+01 2.304320e-04 9.999951e-01 -3.127676e-03 -3.599491e+00 -1.362060e-01 3.129913e-03 9.906756e-01 2.616839e+02
9.904979e-01 9.092427e-03 1.372264e-01 1.161177e+01 -9.449196e-03 9.999534e-01 1.948647e-03 -3.597999e+00 -1.372024e-01 -3.226810e-03 9.905378e-01 2.625389e+02
9.903955e-01 2.025632e-03 1.382486e-01 1.169385e+01 -2.979433e-03 9.999732e-01 6.692572e-03 -3.627368e+00 -1.382314e-01 -7.040196e-03 9.903749e-01 2.633148e+02
9.899743e-01 4.595960e-03 1.411729e-01 1.176387e+01 -5.028421e-03 9.999837e-01 2.706765e-03 -3.620376e+00 -1.411582e-01 -3.389505e-03 9.899812e-01 2.640295e+02
9.890814e-01 4.346338e-03 1.473060e-01 1.185393e+01 -4.118018e-03 9.999898e-01 -1.854904e-03 -3.640644e+00 -1.473125e-01 1.228042e-03 9.890893e-01 2.647826e+02
9.885005e-01 9.400532e-03 1.509251e-01 1.195769e+01 -8.610284e-03 9.999456e-01 -5.888682e-03 -3.652817e+00 -1.509723e-01 4.521457e-03 9.885277e-01 2.656252e+02
9.878587e-01 9.233422e-03 1.550803e-01 1.208723e+01 -8.408388e-03 9.999468e-01 -5.975172e-03 -3.663502e+00 -1.551272e-01 4.598651e-03 9.878838e-01 2.664838e+02
9.873281e-01 6.276218e-03 1.585681e-01 1.221517e+01 -5.754782e-03 9.999764e-01 -3.747361e-03 -3.675548e+00 -1.585879e-01 2.787350e-03 9.873409e-01 2.673421e+02
9.868060e-01 7.595690e-03 1.617289e-01 1.231632e+01 -7.133689e-03 9.999686e-01 -3.437136e-03 -3.666762e+00 -1.617499e-01 2.238062e-03 9.868292e-01 2.682023e+02
9.862577e-01 -2.877534e-03 1.651889e-01 1.247598e+01 2.747296e-03 9.999957e-01 1.016891e-03 -3.710521e+00 -1.651911e-01 -5.490937e-04 9.862614e-01 2.691052e+02
9.854839e-01 -3.219796e-03 1.697380e-01 1.260473e+01 2.893917e-03 9.999934e-01 2.167257e-03 -3.736478e+00 -1.697439e-01 -1.644590e-03 9.854869e-01 2.699560e+02
9.848956e-01 1.013791e-03 1.731464e-01 1.270303e+01 -9.874690e-04 9.999995e-01 -2.381627e-04 -3.749171e+00 -1.731466e-01 6.358873e-05 9.848961e-01 2.707094e+02
9.842859e-01 5.793253e-03 1.764872e-01 1.283897e+01 -5.112059e-03 9.999776e-01 -4.314168e-03 -3.749735e+00 -1.765082e-01 3.344162e-03 9.842935e-01 2.717647e+02
9.836821e-01 7.467704e-03 1.797605e-01 1.301414e+01 -6.852717e-03 9.999683e-01 -4.041898e-03 -3.772959e+00 -1.797850e-01 2.744094e-03 9.837021e-01 2.727190e+02
9.831132e-01 8.420024e-03 1.828044e-01 1.320226e+01 -7.972052e-03 9.999632e-01 -3.185281e-03 -3.776513e+00 -1.828245e-01 1.674166e-03 9.831442e-01 2.736953e+02
9.823292e-01 4.877232e-03 1.870976e-01 1.336158e+01 -4.941040e-03 9.999878e-01 -1.253033e-04 -3.820317e+00 -1.870959e-01 -8.013675e-04 9.823413e-01 2.746291e+02
9.816467e-01 6.655631e-03 1.905923e-01 1.352311e+01 -6.490906e-03 9.999778e-01 -1.488551e-03 -3.827722e+00 -1.905980e-01 2.241143e-04 9.816682e-01 2.755200e+02
9.810978e-01 3.352428e-04 1.935123e-01 1.367095e+01 -2.659514e-04 9.999999e-01 -3.840502e-04 -3.854741e+00 -1.935124e-01 3.253259e-04 9.810978e-01 2.763303e+02
9.803562e-01 -2.692856e-03 1.972168e-01 1.371565e+01 2.789279e-03 9.999961e-01 -2.111483e-04 -3.871066e+00 -1.972155e-01 7.570933e-04 9.803599e-01 2.763631e+02
9.799879e-01 -9.399906e-03 1.988353e-01 1.388610e+01 9.379317e-03 9.999555e-01 1.045444e-03 -3.881364e+00 -1.988363e-01 8.404165e-04 9.800324e-01 2.771134e+02
9.797330e-01 -1.083407e-02 2.000143e-01 1.403871e+01 1.056262e-02 9.999413e-01 2.424232e-03 -3.914246e+00 -2.000288e-01 -2.624251e-04 9.797900e-01 2.779956e+02
9.798442e-01 -1.322503e-02 1.993250e-01 1.423820e+01 1.306390e-02 9.999124e-01 2.123626e-03 -3.923800e+00 -1.993356e-01 5.231380e-04 9.799311e-01 2.787938e+02
9.795509e-01 -1.526361e-02 2.006168e-01 1.435659e+01 1.505907e-02 9.998834e-01 2.545663e-03 -3.955652e+00 -2.006322e-01 5.274949e-04 9.796665e-01 2.795781e+02
