1.000000e+00 0.000000e+00 0.000000e+00 0.000000e+00 0.000000e+00 1.000000e+00 0.000000e+00 0.000000e+00 0.000000e+00 0.000000e+00 1.000000e+00 0.000000e+00
9.999694e-01 3.536653e-03 6.983293e-03 6.123153e-04 -3.531267e-03 9.999934e-01 -7.833028e-04 1.730544e-02 -6.986017e-03 7.586190e-04 9.999753e-01 -6.895099e-02
1.000000e+00 1.355274e-04 -5.000324e-05 -2.113702e-03 -1.355385e-04 9.999999e-01 -2.204007e-04 4.493308e-03 4.997337e-05 2.204075e-04 1.000000e+00 4.233319e-03
9.999775e-01 2.721453e-03 -6.139306e-03 -2.915883e-02 -2.725873e-03 9.999960e-01 -7.118106e-04 7.565718e-03 6.137344e-03 7.285295e-04 9.999809e-01 8.756908e-02
9.999053e-01 4.034376e-03 -1.316022e-02 -4.974625e-02 -4.049125e-03 9.999912e-01 -1.094310e-03 -1.291312e-02 1.315569e-02 1.147494e-03 9.999128e-01 1.799276e-01
9.997492e-01 3.979368e-03 -2.204061e-02 -7.798890e-02 -4.022385e-03 9.999901e-01 -1.907728e-03 3.325160e-04 2.203280e-02 1.995905e-03 9.997553e-01 2.938919e-01
9.994367e-01 5.643127e-03 -3.308374e-02 -1.040177e-01 -5.742783e-03 9.999793e-01 -2.917998e-03 -2.637508e-02 3.306659e-02 3.106347e-03 9.994483e-01 4.077121e-01
9.988800e-01 4.040292e-03 -4.714257e-02 -1.134755e-01 -4.269130e-03 9.999796e-01 -4.754485e-03 3.080324e-03 4.712240e-02 4.950418e-03 9.988769e-01 5.339806e-01
9.980142e-01 5.262726e-03 -6.276956e-02 -1.541636e-01 -5.531100e-03 9.999763e-01 -4.102537e-03 -4.028247e-03 6.274648e-02 4.441575e-03 9.980196e-01 6.763229e-01
9.966736e-01 2.558173e-03 -8.145637e-02 -1.891311e-01 -3.044330e-03 9.999783e-01 -5.844675e-03 1.845593e-02 8.143965e-02 6.073214e-03 9.966598e-01 8.194257e-01
9.948449e-01 2.056992e-03 -1.013878e-01 -2.221386e-01 -2.666494e-03 9.999792e-01 -5.876431e-03 8.583558e-03 1.013736e-01 6.116487e-03 9.948296e-01 1.001656e+00
9.923002e-01 9.758243e-04 -1.238527e-01 -2.620427e-01 -1.782657e-03 9.999779e-01 -6.403803e-03 1.046590e-02 1.238437e-01 6.575282e-03 9.922799e-01 1.167118e+00
9.889842e-01 8.765338e-03 -1.477614e-01 -3.163309e-01 -9.974862e-03 9.999225e-01 -7.446618e-03 1.338343e-02 1.476847e-01 8.838487e-03 9.889950e-01 1.347518e+00
9.848741e-01 1.325362e-02 -1.727639e-01 -3.852307e-01 -1.514746e-02 9.998387e-01 -9.648220e-03 1.581801e-02 1.726082e-01 1.211922e-02 9.849160e-01 1.499839e+00
9.797004e-01 1.597589e-02 -1.998293e-01 -4.506990e-01 -1.867771e-02 9.997578e-01 -1.164266e-02 2.347878e-02 1.995949e-01 1.513867e-02 9.797615e-01 1.659617e+00
9.732832e-01 1.605528e-02 -2.290459e-01 -5.276737e-01 -1.952791e-02 9.997261e-01 -1.290271e-02 3.433497e-02 2.287760e-01 1.703078e-02 9.733301e-01 1.819384e+00
9.653687e-01 1.930343e-02 -2.601743e-01 -6.008881e-01 -2.314875e-02 9.996633e-01 -1.172347e-02 3.831908e-02 2.598604e-01 1.734018e-02 9.654905e-01 1.994558e+00
9.561576e-01 2.325781e-02 -2.919276e-01 -6.950519e-01 -2.764751e-02 9.995581e-01 -1.091999e-02 5.051494e-02 2.915446e-01 1.851230e-02 9.563781e-01 2.183382e+00
9.451249e-01 2.562792e-02 -3.257025e-01 -8.058133e-01 -3.059418e-02 9.994805e-01 -1.013416e-02 6.519509e-02 3.252736e-01 1.954265e-02 9.454180e-01 2.368677e+00
9.328773e-01 3.150307e-02 -3.588140e-01 -9.209290e-01 -3.707307e-02 9.992751e-01 -8.651828e-03 4.745287e-02 3.582813e-01 2.137343e-02 9.333690e-01 2.617077e+00
9.190873e-01 3.246876e-02 -3.927141e-01 -1.043983e+00 -3.944576e-02 9.991745e-01 -9.707143e-03 1.077768e-01 3.920748e-01 2.441262e-02 9.196094e-01 2.832635e+00
9.031410e-01 3.362026e-02 -4.280258e-01 -1.188008e+00 -4.148373e-02 9.990981e-01 -9.054847e-03 9.796009e-02 4.273353e-01 2.593391e-02 9.037212e-01 3.040581e+00
8.850066e-01 2.890645e-02 -4.646802e-01 -1.329968e+00 -3.782216e-02 9.992357e-01 -9.874545e-03 1.179695e-01 4.640396e-01 2.631425e-02 8.854235e-01 3.264002e+00
8.640383e-01 2.594073e-02 -5.027573e-01 -1.478395e+00 -3.617821e-02 9.992890e-01 -1.061560e-02 1.264773e-01 5.021244e-01 2.736114e-02 8.643624e-01 3.448623e+00
8.385113e-01 2.187681e-02 -5.444448e-01 -1.636578e+00 -3.271500e-02 9.994124e-01 -1.022682e-02 1.849984e-01 5.439011e-01 2.638681e-02 8.387343e-01 3.660014e+00
8.090953e-01 3.110645e-02 -5.868537e-01 -1.827150e+00 -4.202233e-02 9.991043e-01 -4.978206e-03 1.727208e-01 5.861732e-01 2.868881e-02 8.096777e-01 3.878608e+00
7.759436e-01 3.434682e-02 -6.298665e-01 -2.035511e+00 -4.754693e-02 9.988605e-01 -4.105701e-03 2.009241e-01 6.290078e-01 3.313401e-02 7.766925e-01 4.090243e+00
7.406291e-01 3.448059e-02 -6.710288e-01 -2.256618e+00 -4.917711e-02 9.987857e-01 -2.955582e-03 2.068855e-01 6.701121e-01 3.518825e-02 7.414254e-01 4.272278e+00
7.038136e-01 2.816060e-02 -7.098264e-01 -2.534214e+00 -4.383558e-02 9.990314e-01 -3.830164e-03 2.398732e-01 7.090310e-01 3.381137e-02 7.043663e-01 4.403236e+00
6.652095e-01 2.250689e-02 -7.463174e-01 -2.841670e+00 -3.795196e-02 9.992728e-01 -3.692109e-03 2.556189e-01 7.456915e-01 3.078024e-02 6.655799e-01 4.516434e+00
6.258510e-01 2.271447e-02 -7.796118e-01 -3.188201e+00 -3.677670e-02 9.993234e-01 -4.074252e-04 2.591036e-01 7.790751e-01 2.892654e-02 6.262629e-01 4.599085e+00
5.825733e-01 2.418281e-02 -8.124183e-01 -3.504384e+00 -3.843360e-02 9.992588e-01 2.184210e-03 2.689093e-01 8.118690e-01 2.995170e-02 5.830709e-01 4.683401e+00
5.372679e-01 2.959858e-02 -8.428922e-01 -3.850818e+00 -4.130072e-02 9.991084e-01 8.758694e-03 2.378614e-01 8.423998e-01 3.010628e-02 5.380113e-01 4.746413e+00
4.861152e-01 3.026624e-02 -8.733705e-01 -4.176688e+00 -4.521395e-02 9.989326e-01 9.451590e-03 2.699664e-01 8.727244e-01 3.489397e-02 4.869648e-01 4.864850e+00
4.322019e-01 3.353440e-02 -9.011531e-01 -4.534943e+00 -4.705397e-02 9.987856e-01 1.460003e-02 2.882184e-01 9.005484e-01 3.609267e-02 4.332550e-01 4.985373e+00
3.772443e-01 3.658734e-02 -9.253908e-01 -4.916391e+00 -4.838293e-02 9.986334e-01 1.975939e-02 2.931015e-01 9.248491e-01 3.731900e-02 3.784990e-01 5.080221e+00
3.221221e-01 3.791922e-02 -9.459385e-01 -5.277152e+00 -4.465610e-02 9.986939e-01 2.482717e-02 3.182833e-01 9.456443e-01 3.424454e-02 3.233947e-01 5.162955e+00
2.688335e-01 4.231425e-02 -9.622567e-01 -5.672281e+00 -4.017607e-02 9.986577e-01 3.269063e-02 2.994667e-01 9.623483e-01 2.987137e-02 2.701727e-01 5.222854e+00
2.180263e-01 3.962466e-02 -9.751381e-01 -6.030996e+00 -3.516477e-02 9.988456e-01 3.272570e-02 3.391365e-01 9.753091e-01 2.715545e-02 2.191679e-01 5.272743e+00
1.708667e-01 4.456055e-02 -9.842860e-01 -6.515995e+00 -3.563385e-02 9.986027e-01 3.902286e-02 3.136174e-01 9.846496e-01 2.840619e-02 1.722158e-01 5.301038e+00
1.289265e-01 4.189762e-02 -9.907688e-01 -6.992669e+00 -3.994098e-02 9.985157e-01 3.702779e-02 3.579637e-01 9.908496e-01 3.479841e-02 1.304085e-01 5.311045e+00
9.102434e-02 4.170777e-02 -9.949750e-01 -7.391455e+00 -3.767183e-02 9.985517e-01 3.841133e-02 3.643242e-01 9.951359e-01 3.398616e-02 9.246373e-02 5.320963e+00
5.643404e-02 3.920029e-02 -9.976365e-01 -7.716626e+00 -3.590298e-02 9.986623e-01 3.720965e-02 3.779244e-01 9.977606e-01 3.371824e-02 5.776596e-02 5.326643e+00
2.451259e-02 3.660180e-02 -9.990293e-01 -7.994706e+00 -3.021733e-02 9.989001e-01 3.585564e-02 3.954117e-01 9.992428e-01 2.930907e-02 2.559167e-02 5.327066e+00
-2.063870e-03 3.475100e-02 -9.993939e-01 -8.301043e+00 -3.053616e-02 9.989278e-01 3.479785e-02 4.036732e-01 9.995316e-01 3.058947e-02 -1.000524e-03 5.303583e+00
-2.286267e-02 3.247457e-02 -9.992110e-01 -8.658434e+00 -3.165547e-02 9.989476e-01 3.319030e-02 4.267067e-01 9.992373e-01 3.238931e-02 -2.181053e-02 5.279848e+00
-3.910589e-02 3.049469e-02 -9.987696e-01 -8.970244e+00 -3.233910e-02 9.989720e-01 3.176707e-02 4.595558e-01 9.987116e-01 3.354159e-02 -3.807950e-02 5.259664e+00
-5.206454e-02 3.060510e-02 -9.981747e-01 -8.975158e+00 -2.936882e-02 9.990510e-01 3.216385e-02 4.701896e-01 9.982118e-01 3.098981e-02 -5.111635e-02 5.244979e+00
-6.196094e-02 3.210774e-02 -9.975621e-01 -8.945880e+00 -3.009503e-02 9.989678e-01 3.402226e-02 4.585021e-01 9.976249e-01 3.212970e-02 -6.093073e-02 5.222036e+00
-6.880927e-02 3.789563e-02 -9.969099e-01 -8.903118e+00 -3.859062e-02 9.984293e-01 4.061702e-02 3.694898e-01 9.968832e-01 4.126620e-02 -6.723881e-02 5.208821e+00
-7.273161e-02 3.817077e-02 -9.966209e-01 -8.923535e+00 -4.531071e-02 9.981091e-01 4.153447e-02 3.621263e-01 9.963218e-01 4.817847e-02 -7.086456e-02 5.174710e+00
-7.442951e-02 3.779789e-02 -9.965097e-01 -8.945795e+00 -3.803546e-02 9.984467e-01 4.071223e-02 3.881876e-01 9.965007e-01 4.093290e-02 -7.287621e-02 5.165731e+00
-7.339764e-02 3.948034e-02 -9.965211e-01 -9.015922e+00 -3.868119e-02 9.983516e-01 4.240188e-02 3.842047e-01 9.965525e-01 4.165881e-02 -7.174945e-02 5.157260e+00
-7.224190e-02 4.419226e-02 -9.964076e-01 -9.116179e+00 -3.683730e-02 9.982181e-01 4.694335e-02 3.729584e-01 9.967067e-01 4.009624e-02 -7.048523e-02 5.136436e+00
-7.033610e-02 4.216871e-02 -9.966317e-01 -9.332855e+00 -3.330796e-02 9.984497e-01 4.459630e-02 4.079124e-01 9.969671e-01 3.633250e-02 -6.882250e-02 5.092144e+00
-6.901824e-02 4.169667e-02 -9.967436e-01 -9.896714e+00 -3.480817e-02 9.984171e-01 4.417692e-02 4.067011e-01 9.970080e-01 3.774383e-02 -6.745756e-02 5.046656e+00
-6.725347e-02 4.306043e-02 -9.968064e-01 -1.046067e+01 -3.543108e-02 9.983351e-01 4.551696e-02 4.111882e-01 9.971068e-01 3.837908e-02 -6.561589e-02 4.997443e+00
-6.625235e-02 4.226849e-02 -9.969072e-01 -1.066462e+01 -3.448773e-02 9.984084e-01 4.462412e-02 4.673757e-01 9.972067e-01 3.733752e-02 -6.468916e-02 4.999607e+00
-6.476152e-02 4.468517e-02 -9.968998e-01 -1.132335e+01 -3.378013e-02 9.983262e-01 4.694357e-02 5.041704e-01 9.973288e-01 3.671554e-02 -6.314373e-02 4.954622e+00
-6.302154e-02 4.756201e-02 -9.968783e-01 -1.191895e+01 -3.318209e-02 9.982117e-01 4.972336e-02 5.172197e-01 9.974604e-01 3.621215e-02 -6.133068e-02 4.915894e+00
-6.095088e-02 4.747218e-02 -9.970112e-01 -1.255537e+01 -3.625844e-02 9.981038e-01 4.974081e-02 5.479733e-01 9.974819e-01 3.918182e-02 -5.911398e-02 4.848039e+00
-5.854142e-02 4.488836e-02 -9.972755e-01 -1.311026e+01 -3.766066e-02 9.981781e-01 4.713972e-02 5.701570e-01 9.975746e-01 4.031766e-02 -5.674422e-02 4.784117e+00
-5.782104e-02 4.279729e-02 -9.974093e-01 -1.370406e+01 -3.327835e-02 9.984428e-01 4.477083e-02 6.066169e-01 9.977723e-01 3.578082e-02 -5.630684e-02 4.755349e+00
-5.590689e-02 4.514061e-02 -9.974152e-01 -1.437650e+01 -2.996561e-02 9.984516e-01 4.686714e-02 6.280956e-01 9.979864e-01 3.250833e-02 -5.446768e-02 4.707021e+00
-5.395901e-02 4.867540e-02 -9.973561e-01 -1.515364e+01 -3.062587e-02 9.982606e-01 5.037647e-02 6.425496e-01 9.980734e-01 3.326315e-02 -5.237436e-02 4.659163e+00
-5.337203e-02 5.052690e-02 -9.972956e-01 -1.591881e+01 -3.081404e-02 9.981601e-01 5.221977e-02 6.758106e-01 9.980992e-01 3.351778e-02 -5.171692e-02 4.619013e+00
-5.247855e-02 4.234550e-02 -9.977238e-01 -1.662057e+01 -2.952039e-02 9.985982e-01 4.393532e-02 7.412406e-01 9.981856e-01 3.175886e-02 -5.115485e-02 4.567456e+00
-5.189431e-02 3.576168e-02 -9.980122e-01 -1.730835e+01 -2.907083e-02 9.988810e-01 3.730443e-02 7.602511e-01 9.982296e-01 3.094892e-02 -5.079663e-02 4.519825e+00
-5.218029e-02 3.166690e-02 -9.981355e-01 -1.800094e+01 -2.464283e-02 9.991519e-01 3.298742e-02 7.768267e-01 9.983336e-01 2.631817e-02 -5.135560e-02 4.485909e+00
-5.318213e-02 3.230184e-02 -9.980623e-01 -1.852447e+01 -2.123471e-02 9.992141e-01 3.347062e-02 7.973116e-01 9.983590e-01 2.297360e-02 -5.245435e-02 4.457044e+00
-5.353904e-02 3.972420e-02 -9.977753e-01 -1.855836e+01 -2.052484e-02 9.989535e-01 4.087244e-02 7.940835e-01 9.983548e-01 2.266745e-02 -5.266762e-02 4.435145e+00
-5.392671e-02 4.646277e-02 -9.974633e-01 -1.865090e+01 -2.629801e-02 9.985043e-01 4.793303e-02 7.987648e-01 9.981985e-01 2.881617e-02 -5.262411e-02 4.428773e+00
-5.468071e-02 5.064338e-02 -9.972188e-01 -1.937337e+01 -2.419097e-02 9.983526e-01 5.202743e-02 8.317295e-01 9.982108e-01 2.696858e-02 -5.336547e-02 4.396571e+00
-5.515444e-02 4.858919e-02 -9.972950e-01 -2.015226e+01 -2.530274e-02 9.984264e-01 5.004366e-02 8.872536e-01 9.981573e-01 2.799441e-02 -5.383813e-02 4.333774e+00
-5.634427e-02 4.792105e-02 -9.972607e-01 -2.096629e+01 -2.560473e-02 9.984496e-01 4.942482e-02 8.783731e-01 9.980830e-01 2.831940e-02 -5.502987e-02 4.303336e+00
-5.599082e-02 4.384865e-02 -9.974680e-01 -2.175878e+01 -3.177474e-02 9.984509e-01 4.567547e-02 9.096164e-01 9.979256e-01 3.425169e-02 -5.451083e-02 4.245723e+00
-5.647516e-02 4.494561e-02 -9.973918e-01 -2.255735e+01 -3.072959e-02 9.984347e-01 4.673259e-02 9.375716e-01 9.979310e-01 3.328867e-02 -5.500567e-02 4.200240e+00
-5.698478e-02 4.759137e-02 -9.972401e-01 -2.335843e+01 -2.895513e-02 9.983642e-01 4.929959e-02 9.517899e-01 9.979551e-01 3.168454e-02 -5.551350e-02 4.164196e+00
-5.699956e-02 4.494231e-02 -9.973621e-01 -2.423717e+01 -3.381493e-02 9.983262e-01 4.691829e-02 9.867418e-01 9.978014e-01 3.640005e-02 -5.538440e-02 4.111224e+00
-5.610704e-02 3.543076e-02 -9.977961e-01 -2.505369e+01 -3.863193e-02 9.985448e-01 3.762966e-02 1.061250e+00 9.976772e-01 4.065808e-02 -5.465662e-02 4.054252e+00
-5.611348e-02 3.370070e-02 -9.978555e-01 -2.597660e+01 -3.791083e-02 9.986375e-01 3.585899e-02 1.054834e+00 9.977044e-01 3.984170e-02 -5.475938e-02 3.986265e+00
-5.467021e-02 3.278610e-02 -9.979661e-01 -2.688495e+01 -4.245705e-02 9.984805e-01 3.512887e-02 1.088306e+00 9.976014e-01 4.429119e-02 -5.319512e-02 3.902472e+00
-5.428338e-02 3.637965e-02 -9.978628e-01 -2.779715e+01 -3.815485e-02 9.985307e-01 3.847961e-02 1.093341e+00 9.977965e-01 4.016209e-02 -5.281556e-02 3.837429e+00
-5.462742e-02 4.264889e-02 -9.975955e-01 -2.863623e+01 -3.680290e-02 9.983225e-01 4.469526e-02 1.097583e+00 9.978283e-01 3.915600e-02 -5.296612e-02 3.813914e+00
-5.397320e-02 4.630276e-02 -9.974683e-01 -2.950078e+01 -3.534576e-02 9.982097e-01 4.824974e-02 1.147629e+00 9.979166e-01 3.786046e-02 -5.223989e-02 3.763220e+00
-5.398059e-02 4.888578e-02 -9.973447e-01 -3.030025e+01 -3.543210e-02 9.980781e-01 5.083947e-02 1.174484e+00 9.979133e-01 3.808235e-02 -5.214477e-02 3.715949e+00
-5.434382e-02 4.941086e-02 -9.972990e-01 -3.105570e+01 -3.633511e-02 9.980156e-01 5.142630e-02 1.193502e+00 9.978610e-01 3.903167e-02 -5.244064e-02 3.677460e+00
-5.528843e-02 4.448256e-02 -9.974791e-01 -3.117788e+01 -3.270511e-02 9.983904e-01 4.633598e-02 1.211146e+00 9.979347e-01 3.518450e-02 -5.374467e-02 3.714528e+00
-5.561161e-02 4.107144e-02 -9.976074e-01 -3.130871e+01 -3.126692e-02 9.985919e-01 4.285495e-02 1.220577e+00 9.979628e-01 3.357534e-02 -5.424905e-02 3.697038e+00
-5.545723e-02 3.783930e-02 -9.977438e-01 -3.214583e+01 -3.739889e-02 9.985017e-01 3.994676e-02 1.243719e+00 9.977604e-01 3.952985e-02 -5.395889e-02 3.633605e+00
-5.654061e-02 3.819859e-02 -9.976693e-01 -3.292297e+01 -4.014967e-02 9.983725e-01 4.050090e-02 1.243054e+00 9.975927e-01 4.234603e-02 -5.491495e-02 3.593357e+00
-5.809402e-02 3.446520e-02 -9.977161e-01 -3.305462e+01 -3.625555e-02 9.986718e-01 3.660926e-02 1.274748e+00 9.976527e-01 3.829951e-02 -5.676723e-02 3.605238e+00
-5.965519e-02 2.985666e-02 -9.977726e-01 -3.333808e+01 -2.952712e-02 9.990624e-01 3.166063e-02 1.296352e+00 9.977824e-01 3.135006e-02 -5.871761e-02 3.577113e+00
-6.064272e-02 3.020131e-02 -9.977026e-01 -3.409128e+01 -2.291268e-02 9.992366e-01 3.164043e-02 1.292085e+00 9.978966e-01 2.477880e-02 -5.990446e-02 3.531226e+00
-6.239867e-02 3.183915e-02 -9.975435e-01 -3.484943e+01 -2.379601e-02 9.991595e-01 3.337922e-02 1.323010e+00 9.977678e-01 2.582037e-02 -6.158864e-02 3.467653e+00
-6.383252e-02 3.622406e-02 -9.973031e-01 -3.560416e+01 -2.014401e-02 9.990906e-01 3.757831e-02 1.358732e+00 9.977574e-01 2.248839e-02 -6.304479e-02 3.412563e+00
-6.600368e-02 4.026284e-02 -9.970068e-01 -3.636320e+01 -1.876484e-02 9.989588e-01 4.158394e-02 1.365394e+00 9.976429e-01 2.145336e-02 -6.517947e-02 3.365543e+00
-6.740820e-02 3.857581e-02 -9.969795e-01 -3.712104e+01 -1.814614e-02 9.990396e-01 3.988243e-02 1.396390e+00 9.975605e-01 2.077973e-02 -6.664348e-02 3.305945e+00
-6.877697e-02 3.557977e-02 -9.969974e-01 -3.784711e+01 -2.052608e-02 9.991018e-01 3.707084e-02 1.394423e+00 9.974208e-01 2.301407e-02 -6.798482e-02 3.256657e+00
-6.981707e-02 2.981413e-02 -9.971143e-01 -3.863365e+01 -2.667892e-02 9.991400e-01 3.174273e-02 1.434249e+00 9.972031e-01 2.881811e-02 -6.896162e-02 3.183879e+00
-7.184255e-02 2.983684e-02 -9.969696e-01 -3.944328e+01 -2.882162e-02 9.990730e-01 3.197670e-02 1.434714e+00 9.969995e-01 3.103156e-02 -7.091606e-02 3.116198e+00
-7.311928e-02 3.007122e-02 -9.968699e-01 -4.024458e+01 -2.866697e-02 9.990690e-01 3.224025e-02 1.461725e+00 9.969112e-01 3.093462e-02 -7.218921e-02 3.048951e+00
-7.414532e-02 2.989540e-02 -9.967993e-01 -4.101759e+01 -3.054304e-02 9.990135e-01 3.223370e-02 1.496098e+00 9.967796e-01 3.283526e-02 -7.315910e-02 2.987268e+00
-7.534313e-02 2.952260e-02 -9.967206e-01 -4.176970e+01 -3.322401e-02 9.989323e-01 3.209955e-02 1.509261e+00 9.966041e-01 3.553353e-02 -7.428181e-02 2.919917e+00
-7.570302e-02 2.838514e-02 -9.967265e-01 -4.250960e+01 -3.362169e-02 9.989537e-01 3.100218e-02 1.531854e+00 9.965636e-01 3.585858e-02 -7.466948e-02 2.853479e+00
-7.597172e-02 2.928189e-02 -9.966800e-01 -4.321912e+01 -3.479188e-02 9.988822e-01 3.199859e-02 1.552094e+00 9.965028e-01 3.710735e-02 -7.486796e-02 2.796017e+00
-7.780123e-02 3.285574e-02 -9.964273e-01 -4.393122e+01 -2.908174e-02 9.989567e-01 3.520986e-02 1.551596e+00 9.965446e-01 3.171721e-02 -7.676458e-02 2.754671e+00
-7.753909e-02 3.669578e-02 -9.963138e-01 -4.472142e+01 -3.311837e-02 9.986761e-01 3.936026e-02 1.573491e+00 9.964391e-01 3.604824e-02 -7.622111e-02 2.688142e+00
-7.912278e-02 3.921473e-02 -9.960933e-01 -4.546468e+01 -3.472131e-02 9.985113e-01 4.206795e-02 1.583533e+00 9.962600e-01 3.791420e-02 -7.764339e-02 2.647877e+00
-8.036864e-02 3.877295e-02 -9.960108e-01 -4.617247e+01 -3.601471e-02 9.984778e-01 4.177503e-02 1.598318e+00 9.961144e-01 3.922845e-02 -7.884991e-02 2.601847e+00
-8.232474e-02 3.656737e-02 -9.959344e-01 -4.684948e+01 -3.438421e-02 9.986275e-01 3.950848e-02 1.619362e+00 9.960122e-01 3.749695e-02 -8.095443e-02 2.575185e+00
-8.337402e-02 3.293085e-02 -9.959741e-01 -4.752986e+01 -3.446642e-02 9.987606e-01 3.590820e-02 1.634182e+00 9.959221e-01 3.732146e-02 -8.213568e-02 2.529193e+00
-8.414531e-02 2.927779e-02 -9.960235e-01 -4.803195e+01 -3.482643e-02 9.988711e-01 3.230368e-02 1.664919e+00 9.958450e-01 3.740613e-02 -8.303070e-02 2.493659e+00
-8.376944e-02 2.670630e-02 -9.961272e-01 -4.888998e+01 -3.383581e-02 9.989882e-01 2.962843e-02 1.692088e+00 9.959105e-01 3.618673e-02 -8.278096e-02 2.419534e+00
-8.182704e-02 2.614754e-02 -9.963036e-01 -4.946682e+01 -3.783929e-02 9.988536e-01 2.932222e-02 1.682546e+00 9.959281e-01 4.009876e-02 -8.074379e-02 2.378589e+00
-7.807159e-02 2.711319e-02 -9.965789e-01 -5.017789e+01 -3.756120e-02 9.988404e-01 3.011724e-02 1.692747e+00 9.962399e-01 3.978400e-02 -7.696271e-02 2.318464e+00
-7.191396e-02 2.821745e-02 -9.970118e-01 -5.084452e+01 -3.738402e-02 9.988211e-01 3.096514e-02 1.708700e+00 9.967102e-01 3.949913e-02 -7.077432e-02 2.259741e+00
-6.490827e-02 2.961102e-02 -9.974519e-01 -5.153296e+01 -3.628875e-02 9.988285e-01 3.201334e-02 1.719761e+00 9.972313e-01 3.827420e-02 -6.375766e-02 2.215022e+00
-5.617583e-02 3.069508e-02 -9.979490e-01 -5.213687e+01 -3.886085e-02 9.987027e-01 3.290579e-02 1.721561e+00 9.976644e-01 4.062966e-02 -5.491018e-02 2.180923e+00
-4.428434e-02 3.306656e-02 -9.984717e-01 -5.281712e+01 -4.173519e-02 9.985183e-01 3.491915e-02 1.726020e+00 9.981470e-01 4.321777e-02 -4.283869e-02 2.139776e+00
-3.017390e-02 3.519534e-02 -9.989249e-01 -5.349500e+01 -4.372367e-02 9.983768e-01 3.649676e-02 1.726967e+00 9.985880e-01 4.477790e-02 -2.858603e-02 2.114489e+00
-1.176012e-02 3.610526e-02 -9.992788e-01 -5.404854e+01 -4.489186e-02 9.983212e-01 3.659898e-02 1.740546e+00 9.989226e-01 4.528989e-02 -1.011956e-02 2.117256e+00
1.009476e-02 3.731764e-02 -9.992524e-01 -5.463000e+01 -4.771346e-02 9.981831e-01 3.679569e-02 1.732078e+00 9.988101e-01 4.730635e-02 1.185697e-02 2.138489e+00
3.548437e-02 3.691394e-02 -9.986883e-01 -5.513653e+01 -4.471856e-02 9.983753e-01 3.531348e-02 1.755571e+00 9.983692e-01 4.340683e-02 3.707749e-02 2.181385e+00
6.318367e-02 3.664037e-02 -9.973291e-01 -5.567616e+01 -4.130164e-02 9.985657e-01 3.406923e-02 1.765673e+00 9.971470e-01 3.903871e-02 6.460637e-02 2.266483e+00
9.557366e-02 3.709259e-02 -9.947311e-01 -5.625525e+01 -3.998328e-02 9.986421e-01 3.339683e-02 1.762221e+00 9.946191e-01 3.658075e-02 9.692693e-02 2.372227e+00
1.314521e-01 3.773278e-02 -9.906043e-01 -5.676605e+01 -3.826976e-02 9.987236e-01 3.296369e-02 1.759032e+00 9.905837e-01 3.357702e-02 1.327284e-01 2.512532e+00
1.696360e-01 3.801475e-02 -9.847735e-01 -5.730350e+01 -3.536476e-02 9.988469e-01 3.246613e-02 1.757587e+00 9.848722e-01 2.931885e-02 1.707847e-01 2.686208e+00
2.135941e-01 3.838380e-02 -9.761683e-01 -5.779298e+01 -3.559177e-02 9.988702e-01 3.148867e-02 1.766929e+00 9.762741e-01 2.801775e-02 2.147189e-01 2.861742e+00
2.611797e-01 3.760655e-02 -9.645574e-01 -5.830055e+01 -3.083238e-02 9.990560e-01 3.060291e-02 1.747999e+00 9.647977e-01 2.174674e-02 2.620926e-01 3.052790e+00
3.100399e-01 3.302126e-02 -9.501500e-01 -5.878739e+01 -2.235697e-02 9.993735e-01 2.743674e-02 1.736223e+00 9.504608e-01 1.273599e-02 3.105839e-01 3.283282e+00
3.592122e-01 2.841160e-02 -9.328234e-01 -5.927863e+01 -1.593923e-02 9.995775e-01 2.430688e-02 1.720827e+00 9.331198e-01 6.137160e-03 3.595132e-01 3.559827e+00
4.112681e-01 2.290780e-02 -9.112265e-01 -5.971188e+01 -8.982354e-03 9.997374e-01 2.107888e-02 1.728575e+00 9.114702e-01 -4.841104e-04 4.113659e-01 3.809139e+00
4.594099e-01 2.237633e-02 -8.879425e-01 -6.018466e+01 -5.356159e-03 9.997342e-01 2.242230e-02 1.716579e+00 8.882083e-01 -5.545065e-03 4.594077e-01 4.154344e+00
5.042955e-01 2.079237e-02 -8.632808e-01 -6.058812e+01 3.309234e-05 9.997096e-01 2.409763e-02 1.711529e+00 8.635312e-01 -1.218090e-02 5.041484e-01 4.511624e+00
5.465730e-01 1.783165e-02 -8.372216e-01 -6.094669e+01 8.985006e-03 9.995908e-01 2.715567e-02 1.686320e+00 8.373632e-01 -2.236500e-02 5.461892e-01 4.874907e+00
5.872546e-01 1.361153e-02 -8.092878e-01 -6.123228e+01 1.900260e-02 9.993511e-01 3.059735e-02 1.647565e+00 8.091792e-01 -3.334700e-02 5.866149e-01 5.273170e+00
6.250060e-01 1.332541e-02 -7.805063e-01 -6.149559e+01 1.966006e-02 9.992684e-01 3.280347e-02 1.572163e+00 7.803724e-01 -3.584716e-02 6.242867e-01 5.722985e+00
6.585604e-01 1.845669e-03 -7.525256e-01 -6.167554e+01 2.244952e-02 9.995037e-01 2.209774e-02 1.662096e+00 7.521929e-01 -3.144654e-02 6.581922e-01 6.260555e+00
6.954261e-01 -1.798004e-02 -7.183726e-01 -6.191345e+01 3.068480e-02 9.995181e-01 4.687859e-03 1.779767e+00 7.179422e-01 -2.530318e-02 6.956427e-01 6.741334e+00
7.317094e-01 -3.777480e-02 -6.805693e-01 -6.215319e+01 4.308685e-02 9.990296e-01 -9.126317e-03 1.879968e+00 6.802536e-01 -2.264578e-02 7.326269e-01 7.242241e+00
7.720867e-01 -2.834756e-02 -6.348847e-01 -6.248098e+01 3.606457e-02 9.993492e-01 -7.625595e-04 1.620896e+00 6.344932e-01 -2.230808e-02 7.726065e-01 7.577112e+00
8.085307e-01 -2.911911e-02 -5.877331e-01 -6.274063e+01 3.692081e-02 9.993173e-01 1.280123e-03 1.576718e+00 5.872946e-01 -2.273460e-02 8.090539e-01 7.985723e+00
8.424996e-01 -2.236003e-02 -5.382328e-01 -6.304729e+01 2.936397e-02 9.995589e-01 4.438529e-03 1.548197e+00 5.378962e-01 -1.954411e-02 8.427845e-01 8.454212e+00
8.702762e-01 -2.008097e-02 -4.921547e-01 -6.325583e+01 2.672708e-02 9.996218e-01 6.474731e-03 1.531984e+00 4.918385e-01 -1.878866e-02 8.704837e-01 8.921493e+00
8.935311e-01 -1.294118e-02 -4.488148e-01 -6.348704e+01 1.948487e-02 9.997605e-01 9.964589e-03 1.501657e+00 4.485784e-01 -1.764877e-02 8.935692e-01 9.461483e+00
9.125658e-01 -4.664103e-03 -4.089033e-01 -6.370674e+01 1.030822e-02 9.998796e-01 1.160027e-02 1.503178e+00 4.088000e-01 -1.480108e-02 9.125040e-01 1.018807e+01
9.268109e-01 -2.176743e-03 -3.755220e-01 -6.391098e+01 7.366895e-03 9.998962e-01 1.238596e-02 1.529481e+00 3.754561e-01 -1.424588e-02 9.267307e-01 1.107048e+01
9.379464e-01 -2.735508e-03 -3.467695e-01 -6.410588e+01 8.222652e-03 9.998631e-01 1.435326e-02 1.576897e+00 3.466828e-01 -1.631395e-02 9.378406e-01 1.177829e+01
9.469554e-01 -8.377443e-04 -3.213639e-01 -6.432834e+01 6.831623e-03 9.998231e-01 1.752420e-02 1.521586e+00 3.212924e-01 -1.879008e-02 9.467936e-01 1.235966e+01
9.534481e-01 -1.630445e-03 -3.015526e-01 -6.446655e+01 7.693101e-03 9.997914e-01 1.891832e-02 1.550189e+00 3.014589e-01 -2.035751e-02 9.532619e-01 1.279731e+01
9.590852e-01 1.105734e-03 -2.831155e-01 -6.462612e+01 5.006298e-03 9.997698e-01 2.086409e-02 1.601649e+00 2.830734e-01 -2.142780e-02 9.588588e-01 1.321284e+01
9.636167e-01 3.274390e-03 -2.672678e-01 -6.478549e+01 2.752032e-03 9.997504e-01 2.217056e-02 1.638179e+00 2.672736e-01 -2.209946e-02 9.633672e-01 1.362533e+01
9.677530e-01 1.079103e-02 -2.516698e-01 -6.499716e+01 -4.660873e-03 9.996781e-01 2.494134e-02 1.610973e+00 2.518579e-01 -2.296406e-02 9.674917e-01 1.407902e+01
9.711263e-01 1.112387e-02 -2.383064e-01 -6.511657e+01 -5.366514e-03 9.996781e-01 2.479466e-02 1.616909e+00 2.385056e-01 -2.279987e-02 9.708735e-01 1.440749e+01
9.745250e-01 1.025652e-02 -2.240442e-01 -6.526624e+01 -5.005813e-03 9.996997e-01 2.399148e-02 1.639920e+00 2.242230e-01 -2.225877e-02 9.742836e-01 1.494054e+01
9.778181e-01 9.195983e-03 -2.092541e-01 -6.539373e+01 -4.175356e-03 9.996930e-01 2.442209e-02 1.664917e+00 2.094145e-01 -2.300665e-02 9.775563e-01 1.544628e+01
9.807596e-01 1.384553e-02 -1.947279e-01 -6.550308e+01 -9.188347e-03 9.996502e-01 2.479934e-02 1.681350e+00 1.950031e-01 -2.253297e-02 9.805437e-01 1.596569e+01
9.832595e-01 1.466334e-02 -1.816197e-01 -6.562233e+01 -1.087669e-02 9.997026e-01 2.182787e-02 1.691915e+00 1.818857e-01 -1.948704e-02 9.831266e-01 1.656248e+01
9.853748e-01 1.303477e-02 -1.699017e-01 -6.573124e+01 -1.025793e-02 9.997993e-01 1.721141e-02 1.719102e+00 1.700920e-01 -1.521685e-02 9.853107e-01 1.704522e+01
9.871292e-01 1.034436e-02 -1.595901e-01 -6.583210e+01 -8.772679e-03 9.999059e-01 1.054966e-02 1.746532e+00 1.596842e-01 -9.013846e-03 9.871270e-01 1.753787e+01
9.885007e-01 1.177450e-02 -1.507573e-01 -6.594679e+01 -1.033782e-02 9.998934e-01 1.030992e-02 1.754944e+00 1.508626e-01 -8.632858e-03 9.885170e-01 1.822597e+01
9.896951e-01 1.636240e-02 -1.422528e-01 -6.608831e+01 -1.419371e-02 9.997672e-01 1.624677e-02 1.754401e+00 1.424855e-01 -1.406026e-02 9.896970e-01 1.896146e+01
9.903070e-01 2.018456e-02 -1.374216e-01 -6.618527e+01 -1.701550e-02 9.995624e-01 2.419673e-02 1.769223e+00 1.378499e-01 -2.162389e-02 9.902170e-01 1.968873e+01
9.909636e-01 2.473693e-02 -1.318300e-01 -6.630848e+01 -2.117429e-02 9.993736e-01 2.835837e-02 1.764439e+00 1.324489e-01 -2.531070e-02 9.908666e-01 2.041213e+01
9.914590e-01 2.224512e-02 -1.285082e-01 -6.640179e+01 -1.894067e-02 9.994592e-01 2.687914e-02 1.784840e+00 1.290366e-01 -2.421553e-02 9.913441e-01 2.113185e+01
9.919723e-01 2.497721e-02 -1.239644e-01 -6.649369e+01 -2.182158e-02 9.994040e-01 2.674893e-02 1.777919e+00 1.245586e-01 -2.382909e-02 9.919261e-01 2.171754e+01
9.923521e-01 2.362533e-02 -1.211575e-01 -6.657108e+01 -2.039317e-02 9.994041e-01 2.784838e-02 1.814338e+00 1.217432e-01 -2.516461e-02 9.922426e-01 2.229106e+01
9.926693e-01 2.038850e-02 -1.191302e-01 -6.664642e+01 -1.690531e-02 9.994016e-01 3.017637e-02 1.828570e+00 1.196742e-01 -2.794122e-02 9.924200e-01 2.297955e+01
9.929799e-01 1.699290e-02 -1.170556e-01 -6.671239e+01 -1.341307e-02 9.994199e-01 3.130249e-02 1.833075e+00 1.175197e-01 -2.951267e-02 9.926319e-01 2.364882e+01
9.932404e-01 1.487308e-02 -1.151187e-01 -6.678941e+01 -1.172460e-02 9.995397e-01 2.797881e-02 1.844526e+00 1.154819e-01 -2.643996e-02 9.929577e-01 2.433717e+01
9.933888e-01 1.833908e-02 -1.133242e-01 -6.686973e+01 -1.604964e-02 9.996489e-01 2.108207e-02 1.845210e+00 1.136710e-01 -1.912388e-02 9.933344e-01 2.502427e+01
9.936264e-01 1.879930e-02 -1.111447e-01 -6.695835e+01 -1.746143e-02 9.997630e-01 1.299848e-02 1.863365e+00 1.113627e-01 -1.097489e-02 9.937192e-01 2.570606e+01
9.937476e-01 2.007134e-02 -1.098313e-01 -6.704443e+01 -1.915193e-02 9.997722e-01 9.419754e-03 1.867034e+00 1.099954e-01 -7.257376e-03 9.939056e-01 2.643773e+01
9.940127e-01 1.730530e-02 -1.078857e-01 -6.708236e+01 -1.623456e-02 9.998099e-01 1.079525e-02 1.865681e+00 1.080520e-01 -8.979142e-03 9.941047e-01 2.656315e+01
9.942498e-01 1.816801e-02 -1.055338e-01 -6.718661e+01 -1.660501e-02 9.997393e-01 1.567034e-02 1.859029e+00 1.057910e-01 -1.382784e-02 9.942923e-01 2.729848e+01
9.943931e-01 1.983314e-02 -1.038705e-01 -6.727033e+01 -1.776878e-02 9.996265e-01 2.076226e-02 1.854814e+00 1.042435e-01 -1.880019e-02 9.943741e-01 2.804085e+01
9.947037e-01 1.707329e-02 -1.013561e-01 -6.734950e+01 -1.480584e-02 9.996240e-01 2.308141e-02 1.857698e+00 1.017120e-01 -2.145850e-02 9.945824e-01 2.877713e+01
9.948200e-01 1.461643e-02 -1.005959e-01 -6.742357e+01 -1.239525e-02 9.996662e-01 2.267000e-02 1.860661e+00 1.008937e-01 -2.130566e-02 9.946691e-01 2.950600e+01
9.949955e-01 2.013600e-02 -9.786990e-02 -6.751649e+01 -1.804405e-02 9.995904e-01 2.221317e-02 1.869901e+00 9.827710e-02 -2.033604e-02 9.949513e-01 3.019938e+01
9.952464e-01 1.598980e-02 -9.606774e-02 -6.760392e+01 -1.407862e-02 9.996899e-01 2.053915e-02 1.870646e+00 9.636637e-02 -1.908902e-02 9.951628e-01 3.098337e+01
9.953040e-01 1.403293e-02 -9.577576e-02 -6.766953e+01 -1.220884e-02 9.997333e-01 1.960500e-02 1.876106e+00 9.602533e-02 -1.834363e-02 9.952099e-01 3.168400e+01
9.954090e-01 1.352215e-02 -9.475234e-02 -6.774828e+01 -1.163951e-02 9.997243e-01 2.039373e-02 1.873329e+00 9.500198e-02 -1.919723e-02 9.952919e-01 3.243306e+01
9.954198e-01 2.544571e-02 -9.215143e-02 -6.783987e+01 -2.362361e-02 9.995043e-01 2.081013e-02 1.876315e+00 9.263528e-02 -1.853787e-02 9.955275e-01 3.318484e+01
9.955168e-01 1.908975e-02 -9.263880e-02 -6.791781e+01 -1.736945e-02 9.996620e-01 1.934095e-02 1.912238e+00 9.297670e-02 -1.764515e-02 9.955119e-01 3.395521e+01
9.954237e-01 1.715063e-02 -9.400778e-02 -6.799900e+01 -1.546438e-02 9.997067e-01 1.863663e-02 1.931129e+00 9.429984e-02 -1.709758e-02 9.953970e-01 3.455350e+01
9.952322e-01 1.314989e-02 -9.664305e-02 -6.806296e+01 -1.141582e-02 9.997641e-01 1.847418e-02 1.955325e+00 9.686319e-02 -1.728284e-02 9.951476e-01 3.523477e+01
9.950144e-01 1.785151e-02 -9.812124e-02 -6.816092e+01 -1.608426e-02 9.996944e-01 1.877259e-02 1.946106e+00 9.842637e-02 -1.710078e-02 9.949974e-01 3.602202e+01
9.946317e-01 2.084982e-02 -1.013562e-01 -6.825662e+01 -1.915487e-02 9.996604e-01 1.766735e-02 1.952422e+00 1.016901e-01 -1.563104e-02 9.946933e-01 3.677884e+01
9.942995e-01 2.095008e-02 -1.045447e-01 -6.831339e+01 -1.970053e-02 9.997218e-01 1.297069e-02 1.954452e+00 1.047874e-01 -1.083717e-02 9.944356e-01 3.749192e+01
9.938606e-01 1.925357e-02 -1.089514e-01 -6.835393e+01 -1.842749e-02 9.997934e-01 8.583972e-03 1.975675e+00 1.090942e-01 -6.523570e-03 9.940100e-01 3.820086e+01
9.935571e-01 1.845666e-02 -1.118198e-01 -6.841883e+01 -1.784418e-02 9.998198e-01 6.475816e-03 1.979293e+00 1.119192e-01 -4.438760e-03 9.937074e-01 3.894635e+01
9.933971e-01 1.696911e-02 -1.134649e-01 -6.853812e+01 -1.598252e-02 9.998262e-01 9.599157e-03 1.960202e+00 1.136081e-01 -7.722319e-03 9.934956e-01 3.978139e+01
9.932198e-01 1.595012e-02 -1.151522e-01 -6.864687e+01 -1.489482e-02 9.998389e-01 1.001904e-02 1.969190e+00 1.152934e-01 -8.235941e-03 9.932973e-01 4.062658e+01
9.931411e-01 1.516130e-02 -1.159350e-01 -6.875857e+01 -1.393661e-02 9.998383e-01 1.136697e-02 1.983350e+00 1.160886e-01 -9.673264e-03 9.931918e-01 4.145068e+01
9.930868e-01 1.629262e-02 -1.162459e-01 -6.887467e+01 -1.461759e-02 9.997769e-01 1.524741e-02 1.971454e+00 1.164683e-01 -1.344277e-02 9.931034e-01 4.227554e+01
9.930357e-01 1.522391e-02 -1.168261e-01 -6.898289e+01 -1.305433e-02 9.997283e-01 1.931380e-02 1.980470e+00 1.170884e-01 -1.765421e-02 9.929646e-01 4.310211e+01
9.930642e-01 1.526664e-02 -1.165780e-01 -6.907184e+01 -1.289436e-02 9.996947e-01 2.107645e-02 1.992429e+00 1.168642e-01 -1.942707e-02 9.929579e-01 4.392373e+01
9.933590e-01 1.752046e-02 -1.137147e-01 -6.919312e+01 -1.519290e-02 9.996576e-01 2.130293e-02 1.998484e+00 1.140490e-01 -1.943380e-02 9.932850e-01 4.479289e+01
9.935851e-01 1.575672e-02 -1.119839e-01 -6.928836e+01 -1.367296e-02 9.997193e-01 1.935140e-02 2.015950e+00 1.122573e-01 -1.769611e-02 9.935216e-01 4.558944e+01
9.938450e-01 1.243617e-02 -1.100793e-01 -6.938430e+01 -1.066000e-02 9.998035e-01 1.670919e-02 2.027764e+00 1.102655e-01 -1.543290e-02 9.937823e-01 4.642489e+01
9.941306e-01 7.600047e-03 -1.079195e-01 -6.948199e+01 -6.074439e-03 9.998770e-01 1.445825e-02 2.042948e+00 1.080161e-01 -1.371784e-02 9.940545e-01 4.728386e+01
9.944183e-01 7.580623e-03 -1.052365e-01 -6.958143e+01 -6.087502e-03 9.998763e-01 1.450221e-02 2.034091e+00 1.053334e-01 -1.378064e-02 9.943415e-01 4.815728e+01
9.945580e-01 5.910168e-03 -1.040168e-01 -6.968132e+01 -4.223276e-03 9.998561e-01 1.643028e-02 2.047610e+00 1.040990e-01 -1.590157e-02 9.944398e-01 4.901008e+01
9.946429e-01 3.071587e-03 -1.033256e-01 -6.976694e+01 -1.188577e-03 9.998322e-01 1.828068e-02 2.041342e+00 1.033644e-01 -1.805993e-02 9.944796e-01 4.986564e+01
9.947049e-01 4.453723e-04 -1.027712e-01 -6.985751e+01 1.497227e-03 9.998217e-01 1.882427e-02 2.055223e+00 1.027613e-01 -1.887846e-02 9.945269e-01 5.078372e+01
9.948487e-01 2.618090e-03 -1.013370e-01 -6.995580e+01 -1.247073e-03 9.999069e-01 1.359027e-02 2.128437e+00 1.013631e-01 -1.339389e-02 9.947593e-01 5.172059e+01
9.948660e-01 5.986017e-03 -1.010241e-01 -7.005302e+01 -5.113766e-03 9.999474e-01 8.890854e-03 2.083963e+00 1.010720e-01 -8.328595e-03 9.948443e-01 5.263249e+01
9.950846e-01 6.869027e-03 -9.878938e-02 -7.016695e+01 -6.653945e-03 9.999747e-01 2.506496e-03 2.067966e+00 9.880409e-02 -1.836837e-03 9.951052e-01 5.346896e+01
9.952383e-01 1.141505e-02 -9.680118e-02 -7.027798e+01 -1.174069e-02 9.999272e-01 -2.795151e-03 2.051955e+00 9.676222e-02 3.918354e-03 9.952998e-01 5.431110e+01
9.953803e-01 1.297476e-02 -9.512924e-02 -7.036715e+01 -1.343374e-02 9.999010e-01 -4.185969e-03 2.041286e+00 9.506552e-02 5.444573e-03 9.954561e-01 5.510653e+01
9.954927e-01 1.263063e-02 -9.399334e-02 -7.045404e+01 -1.255104e-02 9.999202e-01 1.437850e-03 2.051539e+00 9.400401e-02 -2.516548e-04 9.955718e-01 5.599213e+01
9.956182e-01 1.060493e-02 -9.290840e-02 -7.055687e+01 -9.642263e-03 9.998952e-01 1.080429e-02 2.053129e+00 9.301323e-02 -9.861101e-03 9.956160e-01 5.690760e+01
9.954772e-01 9.069388e-03 -9.456691e-02 -7.061475e+01 -7.479024e-03 9.998248e-01 1.715824e-02 2.055990e+00 9.470595e-02 -1.637337e-02 9.953706e-01 5.758579e+01
9.953073e-01 5.104148e-03 -9.663003e-02 -7.068729e+01 -3.685531e-03 9.998829e-01 1.485371e-02 2.052389e+00 9.669453e-02 -1.442788e-02 9.952095e-01 5.838672e+01
9.952120e-01 6.085441e-03 -9.755001e-02 -7.079290e+01 -5.016024e-03 9.999247e-01 1.120426e-02 2.023055e+00 9.761085e-02 -1.066130e-02 9.951676e-01 5.917827e+01
9.949346e-01 6.159364e-03 -1.003353e-01 -7.086230e+01 -5.366197e-03 9.999522e-01 8.173141e-03 2.050978e+00 1.003808e-01 -7.593322e-03 9.949201e-01 5.996811e+01
9.948071e-01 1.030699e-02 -1.012554e-01 -7.080721e+01 -9.569532e-03 9.999241e-01 7.766150e-03 1.995033e+00 1.013277e-01 -6.756854e-03 9.948301e-01 6.005569e+01
9.944220e-01 1.286292e-02 -1.046880e-01 -7.089199e+01 -1.254115e-02 9.999144e-01 3.731275e-03 2.008625e+00 1.047270e-01 -2.397554e-03 9.944981e-01 6.087289e+01
9.938388e-01 1.229901e-02 -1.101502e-01 -7.091385e+01 -1.246878e-02 9.999219e-01 -8.525226e-04 2.025700e+00 1.101311e-01 2.220708e-03 9.939146e-01 6.147188e+01
9.935122e-01 1.447762e-02 -1.128006e-01 -7.100030e+01 -1.504562e-02 9.998780e-01 -4.185729e-03 1.989715e+00 1.127262e-01 5.855728e-03 9.936088e-01 6.222327e+01
9.929879e-01 1.981220e-02 -1.165444e-01 -7.104929e+01 -2.075543e-02 9.997609e-01 -6.885157e-03 2.062813e+00 1.163801e-01 9.255807e-03 9.931616e-01 6.284286e+01
9.923826e-01 2.415812e-02 -1.208023e-01 -7.110303e+01 -2.516761e-02 9.996598e-01 -6.837612e-03 2.092561e+00 1.205960e-01 9.825831e-03 9.926531e-01 6.345371e+01
9.919146e-01 2.841665e-02 -1.236851e-01 -7.119881e+01 -2.879482e-02 9.995846e-01 -1.270661e-03 2.109776e+00 1.235976e-01 4.821879e-03 9.923207e-01 6.418604e+01
9.914587e-01 2.851610e-02 -1.272651e-01 -7.130344e+01 -2.828977e-02 9.995933e-01 3.585884e-03 2.103034e+00 1.273156e-01 4.504496e-05 9.918622e-01 6.491400e+01
9.908859e-01 3.065779e-02 -1.311688e-01 -7.141930e+01 -3.004716e-02 9.995265e-01 6.632397e-03 2.097766e+00 1.313100e-01 -2.630699e-03 9.913378e-01 6.571320e+01
9.900548e-01 2.744062e-02 -1.379798e-01 -7.152217e+01 -2.660832e-02 9.996150e-01 7.873308e-03 2.100746e+00 1.381427e-01 -4.123597e-03 9.904038e-01 6.648650e+01
9.892902e-01 2.673187e-02 -1.434931e-01 -7.163570e+01 -2.561483e-02 9.996256e-01 9.626647e-03 2.128048e+00 1.436967e-01 -5.847997e-03 9.896045e-01 6.724252e+01
9.883945e-01 2.767533e-02 -1.493668e-01 -7.175805e+01 -2.628847e-02 9.995911e-01 1.125167e-02 2.108872e+00 1.496171e-01 -7.194459e-03 9.887179e-01 6.803059e+01
9.874110e-01 2.947008e-02 -1.554063e-01 -7.189308e+01 -2.792805e-02 9.995368e-01 1.209710e-02 2.069339e+00 1.556908e-01 -7.604608e-03 9.877766e-01 6.880686e+01
9.864339e-01 2.881327e-02 -1.616102e-01 -7.203738e+01 -2.767186e-02 9.995737e-01 9.309554e-03 2.051406e+00 1.618095e-01 -4.711204e-03 9.868107e-01 6.960979e+01
9.855042e-01 2.932157e-02 -1.670978e-01 -7.216408e+01 -2.888673e-02 9.995700e-01 5.032777e-03 2.071681e+00 1.671736e-01 -1.329129e-04 9.859275e-01 7.032085e+01
9.846632e-01 2.891096e-02 -1.720541e-01 -7.232071e+01 -2.868064e-02 9.995813e-01 3.824926e-03 2.071598e+00 1.720926e-01 1.168357e-03 9.850801e-01 7.111077e+01
9.838470e-01 3.036168e-02 -1.764176e-01 -7.248721e+01 -2.925687e-02 9.995326e-01 8.860821e-03 2.059404e+00 1.766042e-01 -3.556265e-03 9.842755e-01 7.193774e+01
9.827780e-01 3.157776e-02 -1.820723e-01 -7.264595e+01 -2.944267e-02 9.994625e-01 1.441833e-02 2.036212e+00 1.824298e-01 -8.809323e-03 9.831795e-01 7.270913e+01
9.816757e-01 2.921389e-02 -1.883063e-01 -7.279530e+01 -2.663642e-02 9.995139e-01 1.620425e-02 2.033496e+00 1.886881e-01 -1.089151e-02 9.819767e-01 7.343674e+01
9.805306e-01 2.539696e-02 -1.947174e-01 -7.295068e+01 -2.288108e-02 9.996232e-01 1.515935e-02 1.992897e+00 1.950290e-01 -1.040887e-02 9.807422e-01 7.414394e+01
9.790869e-01 2.374906e-02 -2.020514e-01 -7.311251e+01 -2.200649e-02 9.996988e-01 1.086677e-02 1.953616e+00 2.022486e-01 -6.193075e-03 9.793146e-01 7.484479e+01
9.766701e-01 2.123472e-02 -2.136925e-01 -7.314905e+01 -1.968785e-02 9.997623e-01 9.364588e-03 1.951976e+00 2.138406e-01 -4.938969e-03 9.768561e-01 7.536615e+01
9.735788e-01 2.086772e-02 -2.273961e-01 -7.316914e+01 -1.896391e-02 9.997644e-01 1.055405e-02 1.976291e+00 2.275628e-01 -5.962880e-03 9.737452e-01 7.578194e+01
9.697601e-01 1.588990e-02 -2.435424e-01 -7.322858e+01 -1.228885e-02 9.997916e-01 1.629840e-02 1.980520e+00 2.437507e-01 -1.281268e-02 9.697533e-01 7.639104e+01
9.659499e-01 1.688766e-02 -2.581774e-01 -7.333927e+01 -1.155631e-02 9.996878e-01 2.215366e-02 1.996176e+00 2.584709e-01 -1.841575e-02 9.658435e-01 7.697832e+01
9.621102e-01 1.449799e-02 -2.722754e-01 -7.342139e+01 -7.772962e-03 9.996379e-01 2.576177e-02 2.000551e+00 2.725503e-01 -2.266927e-02 9.618744e-01 7.750456e+01
9.581427e-01 1.857672e-02 -2.856877e-01 -7.351620e+01 -1.338808e-02 9.997082e-01 2.010451e-02 2.026939e+00 2.859778e-01 -1.543818e-02 9.581119e-01 7.801585e+01
9.538342e-01 1.932210e-02 -2.997116e-01 -7.359046e+01 -1.748222e-02 9.998083e-01 8.819345e-03 2.067439e+00 2.998246e-01 -3.172569e-03 9.539891e-01 7.846758e+01
9.492876e-01 2.436634e-02 -3.134635e-01 -7.366961e+01 -2.601130e-02 9.996611e-01 -1.065918e-03 2.153050e+00 3.133313e-01 9.165457e-03 9.495997e-01 7.891467e+01
9.444686e-01 2.769409e-02 -3.274327e-01 -7.363511e+01 -2.876540e-02 9.995850e-01 1.571583e-03 2.178942e+00 3.273404e-01 7.934422e-03 9.448732e-01 7.915323e+01
9.395253e-01 2.844185e-02 -3.412965e-01 -7.357933e+01 -2.712341e-02 9.995948e-01 8.635278e-03 2.165777e+00 3.414038e-01 1.144063e-03 9.399160e-01 7.933873e+01
9.353409e-01 3.242637e-02 -3.522583e-01 -7.356813e+01 -2.990930e-02 9.994733e-01 1.258708e-02 2.194490e+00 3.524810e-01 -1.237416e-03 9.358181e-01 7.945538e+01
