1.000000e+00 0.000000e+00 0.000000e+00 0.000000e+00 0.000000e+00 1.000000e+00 0.000000e+00 0.000000e+00 0.000000e+00 0.000000e+00 1.000000e+00 0.000000e+00
9.999934e-01 -3.546494e-03 -7.917860e-04 1.489465e-02 3.545986e-03 9.999935e-01 -6.411425e-04 -3.520289e-02 7.940546e-04 6.383306e-04 9.999995e-01 -7.641949e-01
9.999996e-01 8.142375e-04 7.916583e-05 -6.491782e-03 -8.142142e-04 9.999996e-01 -2.936173e-04 1.934318e-03 -7.940488e-05 2.935527e-04 9.999999e-01 4.397874e-02
9.999945e-01 3.308033e-03 3.614556e-04 -2.117541e-02 -3.308142e-03 9.999945e-01 3.017343e-04 -1.756836e-02 -3.604555e-04 -3.029283e-04 9.999999e-01 8.475389e-01
9.999896e-01 4.302705e-03 1.502525e-03 -5.751041e-02 -4.302379e-03 9.999907e-01 -2.205797e-04 -3.680703e-02 -1.503461e-03 2.141130e-04 9.999989e-01 1.644581e+00
9.999771e-01 6.616481e-03 1.473047e-03 -4.140006e-02 -6.615351e-03 9.999778e-01 -7.706076e-04 -3.767826e-02 -1.478113e-03 7.608451e-04 9.999986e-01 2.361352e+00
9.999744e-01 6.850160e-03 2.059122e-03 -6.009822e-02 -6.848242e-03 9.999761e-01 -9.372806e-04 -5.773223e-02 -2.065494e-03 9.231552e-04 9.999974e-01 3.139815e+00
9.999663e-01 7.922110e-03 2.162562e-03 -5.107343e-02 -7.921518e-03 9.999686e-01 -2.820975e-04 -6.156947e-02 -2.164729e-03 2.649573e-04 9.999976e-01 3.881912e+00
9.999645e-01 7.816195e-03 3.157713e-03 -6.278701e-02 -7.823505e-03 9.999667e-01 2.308893e-03 -7.805561e-02 -3.139561e-03 -2.333515e-03 9.999924e-01 4.655554e+00
9.999580e-01 8.074396e-03 4.336717e-03 -4.868083e-02 -8.102183e-03 9.999465e-01 6.428394e-03 -9.952124e-02 -4.284579e-03 -6.463261e-03 9.999700e-01 5.381927e+00
9.999518e-01 8.049592e-03 5.629094e-03 -2.288759e-02 -8.101958e-03 9.999235e-01 9.342646e-03 -9.791254e-02 -5.553459e-03 -9.387802e-03 9.999405e-01 6.121255e+00
9.999450e-01 7.463899e-03 7.362985e-03 -5.901169e-02 -7.548467e-03 9.999051e-01 1.152544e-02 -1.112102e-01 -7.276261e-03 -1.158038e-02 9.999065e-01 6.759946e+00
9.999392e-01 7.063430e-03 8.465674e-03 -5.873771e-02 -7.162401e-03 9.999057e-01 1.171808e-02 -1.348108e-01 -8.382105e-03 -1.177800e-02 9.998955e-01 7.406101e+00
9.999092e-01 8.704177e-03 1.028904e-02 -7.005152e-02 -8.794663e-03 9.999228e-01 8.782223e-03 -1.282748e-01 -1.021180e-02 -8.871914e-03 9.999085e-01 8.019615e+00
9.999015e-01 8.481070e-03 1.117791e-02 -8.353313e-02 -8.543494e-03 9.999481e-01 5.548678e-03 -1.295738e-01 -1.113027e-02 -5.643630e-03 9.999222e-01 8.485540e+00
9.998637e-01 8.089299e-03 1.439483e-02 -1.468090e-01 -8.144476e-03 9.999597e-01 3.778575e-03 -1.248419e-01 -1.436368e-02 -3.895298e-03 9.998893e-01 8.837114e+00
9.998392e-01 4.214209e-03 1.742971e-02 -1.898842e-01 -4.231795e-03 9.999906e-01 9.722083e-04 -1.080655e-01 -1.742545e-02 -1.045811e-03 9.998476e-01 9.106385e+00
9.998097e-01 2.641332e-03 1.932978e-02 -2.069476e-01 -2.636917e-03 9.999965e-01 -2.538963e-04 -1.289806e-01 -1.933038e-02 2.028769e-04 9.998131e-01 9.339526e+00
9.997191e-01 7.493160e-03 2.248248e-02 -2.455732e-01 -7.432005e-03 9.999685e-01 -2.802435e-03 -1.139778e-01 -2.250277e-02 2.634558e-03 9.997433e-01 9.573180e+00
9.995868e-01 1.216386e-02 2.604608e-02 -2.796310e-01 -1.206785e-02 9.999198e-01 -3.840144e-03 -1.061172e-01 -2.609070e-02 3.524237e-03 9.996533e-01 9.760220e+00
9.994563e-01 1.301285e-02 3.029468e-02 -3.247035e-01 -1.291869e-02 9.999111e-01 -3.301920e-03 -9.321896e-02 -3.033495e-02 2.908757e-03 9.995356e-01 9.948427e+00
9.993656e-01 9.531970e-03 3.431595e-02 -3.590653e-01 -9.425001e-03 9.999502e-01 -3.277579e-03 -8.938829e-02 -3.434549e-02 2.952071e-03 9.994057e-01 1.010944e+01
9.992796e-01 5.976735e-03 3.747629e-02 -3.643926e-01 -5.834515e-03 9.999754e-01 -3.903163e-03 -8.311415e-02 -3.749869e-02 3.681696e-03 9.992899e-01 1.025020e+01
9.991808e-01 3.083388e-03 4.035198e-02 -3.697359e-01 -2.948606e-03 9.999899e-01 -3.399242e-03 -7.969495e-02 -4.036205e-02 3.277475e-03 9.991797e-01 1.039895e+01
9.990460e-01 2.809999e-03 4.357861e-02 -3.889616e-01 -2.685318e-03 9.999921e-01 -2.919328e-03 -6.473858e-02 -4.358647e-02 2.799520e-03 9.990457e-01 1.055148e+01
9.989389e-01 3.654332e-03 4.591026e-02 -3.801508e-01 -3.500123e-03 9.999880e-01 -3.438864e-03 -7.288475e-02 -4.592227e-02 3.274523e-03 9.989396e-01 1.072720e+01
9.988118e-01 4.773799e-03 4.849874e-02 -3.945256e-01 -4.534396e-03 9.999770e-01 -5.045107e-03 -6.863607e-02 -4.852171e-02 4.819200e-03 9.988105e-01 1.086536e+01
9.986545e-01 7.498849e-03 5.131230e-02 -3.884986e-01 -7.216275e-03 9.999578e-01 -5.690006e-03 -7.926539e-02 -5.135280e-02 5.312067e-03 9.986665e-01 1.101778e+01
9.985578e-01 9.688068e-03 5.280565e-02 -3.858270e-01 -9.370190e-03 9.999365e-01 -6.264019e-03 -8.250186e-02 -5.286298e-02 5.760186e-03 9.985852e-01 1.112138e+01
9.984327e-01 1.184562e-02 5.469747e-02 -3.948835e-01 -1.140620e-02 9.999002e-01 -8.338869e-03 -6.508954e-02 -5.479079e-02 7.701910e-03 9.984682e-01 1.124415e+01
9.983408e-01 1.125664e-02 5.647049e-02 -3.826180e-01 -1.070016e-02 9.998913e-01 -1.014698e-02 -7.119616e-02 -5.657857e-02 9.525903e-03 9.983527e-01 1.135528e+01
9.982563e-01 9.931029e-03 5.818750e-02 -3.795181e-01 -9.277517e-03 9.998909e-01 -1.149055e-02 -7.338557e-02 -5.829527e-02 1.093067e-02 9.982395e-01 1.144501e+01
9.981723e-01 1.004547e-02 5.959137e-02 -3.740750e-01 -9.288223e-03 9.998727e-01 -1.297067e-02 -7.061598e-02 -5.971408e-02 1.239346e-02 9.981386e-01 1.152815e+01
9.980410e-01 1.109459e-02 6.157137e-02 -3.746976e-01 -1.023137e-02 9.998451e-01 -1.431748e-02 -6.396082e-02 -6.172068e-02 1.365947e-02 9.980000e-01 1.162482e+01
9.979594e-01 1.189839e-02 6.273362e-02 -3.554427e-01 -1.087948e-02 9.998037e-01 -1.655849e-02 -6.456819e-02 -6.291833e-02 1.584219e-02 9.978929e-01 1.172420e+01
9.978395e-01 1.307017e-02 6.438652e-02 -3.698016e-01 -1.186872e-02 9.997489e-01 -1.900722e-02 -5.637839e-02 -6.461878e-02 1.820196e-02 9.977440e-01 1.181170e+01
9.977897e-01 1.251423e-02 6.526086e-02 -3.722590e-01 -1.111510e-02 9.997015e-01 -2.175821e-02 -5.707219e-02 -6.551366e-02 2.098474e-02 9.976310e-01 1.190927e+01
9.977800e-01 1.278938e-02 6.535595e-02 -3.742352e-01 -1.126316e-02 9.996564e-01 -2.366781e-02 -5.172161e-02 -6.563620e-02 2.287916e-02 9.975813e-01 1.198927e+01
9.978924e-01 1.434811e-02 6.328326e-02 -3.605522e-01 -1.273232e-02 9.995844e-01 -2.586244e-02 -4.442644e-02 -6.362805e-02 2.500219e-02 9.976605e-01 1.207477e+01
9.980463e-01 1.497987e-02 6.065562e-02 -3.498410e-01 -1.336589e-02 9.995480e-01 -2.692768e-02 -4.327767e-02 -6.103158e-02 2.606435e-02 9.977955e-01 1.213635e+01
9.982167e-01 1.690600e-02 5.725051e-02 -3.696718e-01 -1.530357e-02 9.994819e-01 -2.831363e-02 -3.769876e-02 -5.769952e-02 2.738700e-02 9.979583e-01 1.219571e+01
9.985456e-01 1.492492e-02 5.180630e-02 -3.809397e-01 -1.339974e-02 9.994701e-01 -2.966366e-02 -3.835503e-02 -5.222157e-02 2.892633e-02 9.982165e-01 1.222966e+01
9.988515e-01 1.500053e-02 4.550386e-02 -3.901725e-01 -1.362989e-02 9.994484e-01 -3.028347e-02 -3.652199e-02 -4.593303e-02 2.962848e-02 9.985051e-01 1.227092e+01
9.991373e-01 1.472833e-02 3.883041e-02 -4.083707e-01 -1.350361e-02 9.994088e-01 -3.161602e-02 -1.794332e-02 -3.927311e-02 3.106439e-02 9.987455e-01 1.230421e+01
9.994372e-01 1.352904e-02 3.069742e-02 -3.921317e-01 -1.254198e-02 9.994053e-01 -3.212249e-02 -3.978037e-02 -3.111375e-02 3.171941e-02 9.990124e-01 1.235112e+01
9.996872e-01 1.356778e-02 2.101016e-02 -4.087795e-01 -1.285002e-02 9.993417e-01 -3.392876e-02 -2.668577e-02 -2.145667e-02 3.364817e-02 9.992034e-01 1.241785e+01
9.998852e-01 1.260130e-02 8.415420e-03 -4.203678e-01 -1.229294e-02 9.992855e-01 -3.573998e-02 -2.414569e-02 -8.859778e-03 3.563243e-02 9.993257e-01 1.248829e+01
9.998919e-01 1.293426e-02 -6.999346e-03 -4.578048e-01 -1.319015e-02 9.991968e-01 -3.783922e-02 -1.159264e-02 6.504301e-03 3.792745e-02 9.992594e-01 1.254554e+01
9.995592e-01 1.433074e-02 -2.600114e-02 -4.915994e-01 -1.532954e-02 9.991360e-01 -3.863009e-02 -1.791528e-02 2.542508e-02 3.901165e-02 9.989153e-01 1.269333e+01
9.987405e-01 1.596610e-02 -4.756553e-02 -5.285642e-01 -1.778968e-02 9.991131e-01 -3.816491e-02 -1.717557e-02 4.691400e-02 3.896302e-02 9.981387e-01 1.282872e+01
9.973497e-01 1.750409e-02 -7.061975e-02 -5.756570e-01 -2.013119e-02 9.991249e-01 -3.666202e-02 -6.041539e-03 6.991622e-02 3.798651e-02 9.968293e-01 1.303665e+01
9.950903e-01 1.838171e-02 -9.724917e-02 -6.146032e-01 -2.186966e-02 9.991507e-01 -3.492254e-02 -1.333256e-03 9.652464e-02 3.687788e-02 9.946472e-01 1.322924e+01
9.916764e-01 2.035941e-02 -1.271352e-01 -6.853905e-01 -2.470350e-02 9.991603e-01 -3.268620e-02 -6.291166e-03 1.263629e-01 3.555482e-02 9.913467e-01 1.346735e+01
9.868727e-01 2.125924e-02 -1.600944e-01 -7.904258e-01 -2.621076e-02 9.992391e-01 -2.888052e-02 -1.335084e-02 1.593586e-01 3.269760e-02 9.866791e-01 1.375527e+01
9.801829e-01 2.339461e-02 -1.967085e-01 -8.729540e-01 -2.869536e-02 9.992967e-01 -2.414001e-02 -1.526215e-02 1.960054e-01 2.930624e-02 9.801648e-01 1.402209e+01
9.711747e-01 2.593818e-02 -2.369536e-01 -9.569041e-01 -3.122909e-02 9.993391e-01 -1.860221e-02 -8.710313e-03 2.363145e-01 2.546584e-02 9.713429e-01 1.433890e+01
9.599587e-01 3.069108e-02 -2.784553e-01 -1.147495e+00 -3.570212e-02 9.992787e-01 -1.294143e-02 -1.174689e-02 2.778573e-01 2.236469e-02 9.603620e-01 1.475772e+01
9.463263e-01 3.514600e-02 -3.212963e-01 -1.275736e+00 -3.957529e-02 9.991902e-01 -7.263047e-03 -1.594618e-02 3.207809e-01 1.958860e-02 9.469509e-01 1.508718e+01
9.299243e-01 3.992622e-02 -3.655771e-01 -1.423080e+00 -4.299134e-02 9.990754e-01 -2.444894e-04 -4.069783e-02 3.652294e-01 1.594400e-02 9.307810e-01 1.544972e+01
9.107610e-01 4.310315e-02 -4.106781e-01 -1.565814e+00 -4.370003e-02 9.990131e-01 7.938907e-03 -2.729579e-02 4.106150e-01 1.071620e-02 9.117458e-01 1.582727e+01
8.889037e-01 4.890522e-02 -4.554761e-01 -1.798311e+00 -4.681417e-02 9.987774e-01 1.587819e-02 -2.499444e-02 4.556958e-01 7.208554e-03 8.901064e-01 1.626159e+01
8.637661e-01 5.481351e-02 -5.009028e-01 -2.021873e+00 -5.077437e-02 9.984742e-01 2.170622e-02 -2.709555e-02 5.013284e-01 6.683928e-03 8.652313e-01 1.668076e+01
8.349625e-01 6.088375e-02 -5.469285e-01 -2.195480e+00 -5.515039e-02 9.981152e-01 2.691484e-02 -2.638723e-02 5.475364e-01 7.690439e-03 8.367466e-01 1.704610e+01
8.051161e-01 6.449378e-02 -5.896004e-01 -2.527579e+00 -5.851106e-02 9.978580e-01 2.925278e-02 1.391035e-02 5.902241e-01 1.094626e-02 8.071651e-01 1.738276e+01
7.737033e-01 6.768132e-02 -6.299226e-01 -2.914365e+00 -6.003585e-02 9.976356e-01 3.345070e-02 3.901353e-02 6.306971e-01 1.193702e-02 7.759373e-01 1.766146e+01
7.405823e-01 7.121004e-02 -6.681819e-01 -3.360780e+00 -6.140421e-02 9.973803e-01 3.823604e-02 7.832022e-02 6.691542e-01 1.271224e-02 7.430148e-01 1.791093e+01
7.071836e-01 7.179634e-02 -7.033751e-01 -3.889027e+00 -5.967848e-02 9.973421e-01 4.180112e-02 1.202572e-01 7.045068e-01 1.241530e-02 7.095886e-01 1.813352e+01
6.722008e-01 7.245563e-02 -7.368150e-01 -4.421208e+00 -5.818797e-02 9.972916e-01 4.498469e-02 1.533691e-01 7.380788e-01 1.263502e-02 6.745963e-01 1.833096e+01
6.343405e-01 7.282357e-02 -7.696160e-01 -4.870905e+00 -5.320398e-02 9.973051e-01 5.051594e-02 1.577287e-01 7.712207e-01 8.902320e-03 6.365056e-01 1.851008e+01
5.931740e-01 7.242871e-02 -8.018096e-01 -5.377170e+00 -4.949345e-02 9.973418e-01 5.347648e-02 1.989837e-01 8.035515e-01 7.963479e-03 5.951819e-01 1.873479e+01
5.474943e-01 7.322340e-02 -8.335996e-01 -5.889389e+00 -4.823469e-02 9.972695e-01 5.592043e-02 2.501854e-01 8.354181e-01 9.592296e-03 5.495312e-01 1.902683e+01
4.995906e-01 7.411832e-02 -8.630850e-01 -6.418670e+00 -4.817921e-02 9.971681e-01 5.774465e-02 2.822915e-01 8.649208e-01 1.273406e-02 5.017468e-01 1.925313e+01
4.500160e-01 7.270953e-02 -8.900556e-01 -6.946292e+00 -4.317459e-02 9.972858e-01 5.964001e-02 3.222073e-01 8.919762e-01 1.158883e-02 4.519337e-01 1.944683e+01
4.008723e-01 7.209962e-02 -9.132925e-01 -7.698060e+00 -3.819862e-02 9.973469e-01 6.196872e-02 3.723436e-01 9.153373e-01 1.004496e-02 4.025628e-01 1.956565e+01
3.514567e-01 7.058657e-02 -9.335393e-01 -8.652926e+00 -3.756779e-02 9.974138e-01 6.127280e-02 4.593896e-01 9.354500e-01 1.353627e-02 3.531996e-01 1.963571e+01
3.038502e-01 7.522547e-02 -9.497454e-01 -9.315809e+00 -3.658189e-02 9.970639e-01 6.726981e-02 5.136669e-01 9.520173e-01 1.430354e-02 3.057100e-01 1.965964e+01
2.577217e-01 7.935851e-02 -9.629547e-01 -9.946159e+00 -3.628042e-02 9.967133e-01 7.243065e-02 5.775731e-01 9.655378e-01 1.626945e-02 2.597538e-01 1.966963e+01
2.139716e-01 8.011162e-02 -9.735494e-01 -1.049993e+01 -3.110413e-02 9.966848e-01 7.517918e-02 6.193675e-01 9.763446e-01 1.419520e-02 2.157540e-01 1.969828e+01
1.722344e-01 8.122488e-02 -9.817016e-01 -1.096704e+01 -3.087929e-02 9.965500e-01 7.703582e-02 6.529530e-01 9.845719e-01 1.704602e-02 1.741484e-01 1.970822e+01
1.351771e-01 7.939390e-02 -9.876354e-01 -1.141463e+01 -3.113446e-02 9.966326e-01 7.585581e-02 7.021637e-01 9.903321e-01 2.049552e-02 1.371938e-01 1.964100e+01
1.015912e-01 7.560265e-02 -9.919494e-01 -1.173703e+01 -3.498461e-02 9.967629e-01 7.238654e-02 7.393925e-01 9.942110e-01 2.734912e-02 1.039072e-01 1.960934e+01
7.456475e-02 7.561557e-02 -9.943454e-01 -1.251074e+01 -3.801854e-02 9.966117e-01 7.293695e-02 7.961844e-01 9.964913e-01 3.236501e-02 7.718694e-02 1.961258e+01
5.564129e-02 7.984279e-02 -9.952533e-01 -1.326061e+01 -4.067091e-02 9.961514e-01 7.764107e-02 8.459067e-01 9.976221e-01 3.615781e-02 5.867445e-02 1.957895e+01
4.763526e-02 8.513846e-02 -9.952298e-01 -1.348933e+01 -3.916304e-02 9.957539e-01 8.330882e-02 8.850477e-01 9.980968e-01 3.500778e-02 5.076730e-02 1.936966e+01
4.324609e-02 8.752216e-02 -9.952234e-01 -1.361672e+01 -4.147497e-02 9.954539e-01 8.574019e-02 9.179913e-01 9.982032e-01 3.756893e-02 4.667950e-02 1.920143e+01
4.150122e-02 8.467408e-02 -9.955440e-01 -1.381579e+01 -3.787533e-02 9.958196e-01 8.311861e-02 9.432958e-01 9.984203e-01 3.425703e-02 4.453480e-02 1.909568e+01
4.388303e-02 8.096284e-02 -9.957507e-01 -1.398772e+01 -3.243112e-02 9.963009e-01 7.957833e-02 9.673761e-01 9.985102e-01 2.880116e-02 4.634643e-02 1.901949e+01
4.832804e-02 7.918268e-02 -9.956881e-01 -1.402991e+01 -2.025514e-02 9.967254e-01 7.828206e-02 9.785442e-01 9.986262e-01 1.638457e-02 4.977363e-02 1.903644e+01
5.534858e-02 7.929926e-02 -9.953131e-01 -1.424867e+01 -2.079180e-02 9.967166e-01 7.825486e-02 1.005729e+00 9.982506e-01 1.636306e-02 5.681562e-02 1.898606e+01
5.969977e-02 7.742398e-02 -9.952093e-01 -1.534712e+01 -2.279128e-02 9.968333e-01 7.618315e-02 1.080739e+00 9.979562e-01 1.813397e-02 6.127536e-02 1.908386e+01
6.516182e-02 7.056612e-02 -9.953766e-01 -1.586263e+01 -1.889398e-02 9.974049e-01 6.947304e-02 1.124632e+00 9.976959e-01 1.427962e-02 6.632596e-02 1.901822e+01
6.736887e-02 6.021322e-02 -9.959095e-01 -1.688410e+01 -2.030444e-02 9.980533e-01 5.896933e-02 1.189780e+00 9.975215e-01 1.624869e-02 6.846029e-02 1.908611e+01
6.743973e-02 5.245990e-02 -9.963433e-01 -1.796314e+01 -2.580598e-02 9.983743e-01 5.082011e-02 1.253183e+00 9.973896e-01 2.228432e-02 6.868386e-02 1.917432e+01
6.634587e-02 5.061163e-02 -9.965122e-01 -1.892032e+01 -3.177981e-02 9.983132e-01 4.858726e-02 1.301775e+00 9.972904e-01 2.844541e-02 6.784236e-02 1.922822e+01
6.316507e-02 5.722502e-02 -9.963611e-01 -1.984602e+01 -3.985911e-02 9.977028e-01 5.477517e-02 1.351953e+00 9.972068e-01 3.625419e-02 6.530094e-02 1.924766e+01
6.125748e-02 6.598718e-02 -9.959384e-01 -2.053073e+01 -4.485743e-02 9.969861e-01 6.329754e-02 1.380167e+00 9.971135e-01 4.079780e-02 6.403285e-02 1.915029e+01
5.623311e-02 7.513480e-02 -9.955866e-01 -2.150619e+01 -4.765656e-02 9.962298e-01 7.249159e-02 1.448688e+00 9.972796e-01 4.336980e-02 5.960178e-02 1.921451e+01
5.533206e-02 8.515068e-02 -9.948305e-01 -2.252699e+01 -4.791224e-02 9.954355e-01 8.253761e-02 1.522639e+00 9.973178e-01 4.309758e-02 5.915928e-02 1.925058e+01
5.582875e-02 9.270099e-02 -9.941276e-01 -2.338745e+01 -4.589383e-02 9.948664e-01 9.019255e-02 1.583100e+00 9.973851e-01 4.058899e-02 5.979651e-02 1.924564e+01
5.615515e-02 9.315532e-02 -9.940668e-01 -2.454034e+01 -4.636680e-02 9.948069e-01 9.060541e-02 1.684825e+00 9.973449e-01 4.100372e-02 6.018287e-02 1.924743e+01
5.540115e-02 9.069444e-02 -9.943365e-01 -2.541654e+01 -4.749964e-02 9.949779e-01 8.810642e-02 1.748252e+00 9.973337e-01 4.234944e-02 5.943084e-02 1.922470e+01
5.246234e-02 8.612882e-02 -9.949018e-01 -2.666272e+01 -4.965751e-02 9.952663e-01 8.354187e-02 1.844444e+00 9.973875e-01 4.502153e-02 5.649096e-02 1.934150e+01
4.877013e-02 8.090277e-02 -9.955282e-01 -2.766955e+01 -4.965398e-02 9.956781e-01 7.848245e-02 1.915662e+00 9.975752e-01 4.560433e-02 5.257648e-02 1.935970e+01
4.437554e-02 7.635534e-02 -9.960927e-01 -2.854208e+01 -4.855027e-02 9.960616e-01 7.419005e-02 1.965909e+00 9.978346e-01 4.506835e-02 4.790783e-02 1.932865e+01
3.926611e-02 7.431083e-02 -9.964618e-01 -2.965664e+01 -4.963554e-02 9.961448e-01 7.233127e-02 2.048110e+00 9.979953e-01 4.661975e-02 4.280323e-02 1.932601e+01
3.313518e-02 7.684464e-02 -9.964923e-01 -3.072872e+01 -4.902519e-02 9.959646e-01 7.517377e-02 2.115743e+00 9.982477e-01 4.636233e-02 3.676879e-02 1.933414e+01
2.757603e-02 8.173548e-02 -9.962726e-01 -3.175524e+01 -4.956908e-02 9.955372e-01 8.030312e-02 2.186433e+00 9.983900e-01 4.716987e-02 3.150451e-02 1.933218e+01
2.264082e-02 8.502020e-02 -9.961220e-01 -3.261452e+01 -5.291314e-02 9.950827e-01 8.372883e-02 2.242064e+00 9.983425e-01 5.081225e-02 2.702820e-02 1.925983e+01
1.850832e-02 8.791469e-02 -9.959561e-01 -3.376285e+01 -5.845555e-02 9.945179e-01 8.670143e-02 2.329951e+00 9.981185e-01 5.661445e-02 2.354592e-02 1.924516e+01
1.725292e-02 8.925094e-02 -9.958598e-01 -3.478845e+01 -6.355950e-02 9.940914e-01 8.799131e-02 2.415724e+00 9.978290e-01 6.177823e-02 2.282369e-02 1.918496e+01
1.645011e-02 9.084982e-02 -9.957287e-01 -3.581345e+01 -6.855647e-02 9.936223e-01 8.952504e-02 2.499242e+00 9.975116e-01 6.679095e-02 2.257353e-02 1.912995e+01
1.592809e-02 9.066524e-02 -9.957541e-01 -3.699887e+01 -7.083342e-02 9.934806e-01 8.932517e-02 2.588781e+00 9.973610e-01 6.910989e-02 2.224642e-02 1.912474e+01
1.548052e-02 8.975710e-02 -9.958434e-01 -3.800151e+01 -7.250276e-02 9.934417e-01 8.841356e-02 2.668113e+00 9.972481e-01 7.083271e-02 2.188659e-02 1.905107e+01
1.543343e-02 8.909123e-02 -9.959039e-01 -3.922401e+01 -7.278209e-02 9.934804e-01 8.774654e-02 2.765957e+00 9.972284e-01 7.112975e-02 2.181703e-02 1.905991e+01
1.649004e-02 8.839427e-02 -9.959490e-01 -4.017829e+01 -7.683555e-02 9.932511e-01 8.688264e-02 2.847325e+00 9.969074e-01 7.509160e-02 2.317053e-02 1.896968e+01
1.738834e-02 8.623876e-02 -9.961228e-01 -4.129016e+01 -8.035155e-02 9.931716e-01 8.458064e-02 2.927258e+00 9.966149e-01 7.856929e-02 2.419901e-02 1.892109e+01
1.735610e-02 8.176403e-02 -9.965006e-01 -4.258196e+01 -8.476624e-02 9.931829e-01 8.001543e-02 3.023443e+00 9.962497e-01 8.308085e-02 2.416861e-02 1.895560e+01
1.922572e-02 8.120057e-02 -9.965124e-01 -4.359340e+01 -8.626011e-02 9.931148e-01 7.925951e-02 3.096899e+00 9.960871e-01 8.443544e-02 2.609771e-02 1.892479e+01
2.290446e-02 8.616774e-02 -9.960173e-01 -4.445580e+01 -8.788083e-02 9.925956e-01 8.385080e-02 3.151863e+00 9.958677e-01 8.561027e-02 3.030735e-02 1.885625e+01
2.581227e-02 8.888676e-02 -9.957072e-01 -4.595637e+01 -8.754637e-02 9.924132e-01 8.632319e-02 3.267923e+00 9.958259e-01 8.494235e-02 3.339815e-02 1.892637e+01
2.876037e-02 8.873751e-02 -9.956397e-01 -4.695682e+01 -8.635397e-02 9.925485e-01 8.596756e-02 3.333522e+00 9.958493e-01 8.350499e-02 3.620887e-02 1.888240e+01
3.198457e-02 8.771014e-02 -9.956324e-01 -4.824822e+01 -8.700030e-02 9.926054e-01 8.464860e-02 3.430646e+00 9.956947e-01 8.391287e-02 3.937888e-02 1.891803e+01
3.666323e-02 8.888057e-02 -9.953673e-01 -4.937645e+01 -9.272222e-02 9.920428e-01 8.516839e-02 3.510256e+00 9.950168e-01 8.917011e-02 4.461271e-02 1.893188e+01
4.337734e-02 8.992939e-02 -9.950030e-01 -5.062864e+01 -9.727774e-02 9.915883e-01 8.537991e-02 3.606480e+00 9.943115e-01 9.308809e-02 5.176055e-02 1.895495e+01
4.835904e-02 8.980842e-02 -9.947844e-01 -5.211115e+01 -9.968691e-02 9.914109e-01 8.465783e-02 3.713321e+00 9.938431e-01 9.507299e-02 5.689639e-02 1.907337e+01
5.510002e-02 8.946415e-02 -9.944648e-01 -5.326907e+01 -1.042686e-01 9.910479e-01 8.337958e-02 3.792001e+00 9.930217e-01 9.909719e-02 6.393504e-02 1.910671e+01
6.165475e-02 8.892525e-02 -9.941283e-01 -5.441513e+01 -1.038108e-01 9.911925e-01 8.222441e-02 3.863203e+00 9.926843e-01 9.813168e-02 7.034308e-02 1.915502e+01
6.764728e-02 8.872683e-02 -9.937563e-01 -5.565325e+01 -1.028828e-01 9.913483e-01 8.150837e-02 3.949468e+00 9.923906e-01 9.672655e-02 7.619047e-02 1.923456e+01
7.354957e-02 8.940225e-02 -9.932763e-01 -5.684207e+01 -1.041028e-01 9.912210e-01 8.150870e-02 4.024533e+00 9.918433e-01 9.740794e-02 8.221090e-02 1.932241e+01
7.962739e-02 9.136933e-02 -9.926284e-01 -5.795658e+01 -1.039661e-01 9.911207e-01 8.289052e-02 4.092378e+00 9.913882e-01 9.659939e-02 8.841968e-02 1.939920e+01
8.522779e-02 9.265976e-02 -9.920436e-01 -5.913923e+01 -1.057207e-01 9.908865e-01 8.346909e-02 4.174544e+00 9.907368e-01 9.776562e-02 9.424710e-02 1.949887e+01
9.114587e-02 9.210221e-02 -9.915693e-01 -6.025254e+01 -1.051349e-01 9.910392e-01 8.238889e-02 4.245164e+00 9.902723e-01 9.673916e-02 1.000122e-01 1.957762e+01
9.554380e-02 8.762862e-02 -9.915607e-01 -6.151569e+01 -1.067908e-01 9.912711e-01 7.731299e-02 4.330245e+00 9.896803e-01 9.850276e-02 1.040677e-01 1.971950e+01
1.007627e-01 8.170803e-02 -9.915496e-01 -6.269396e+01 -1.064042e-01 9.917909e-01 7.091497e-02 4.415155e+00 9.892042e-01 9.835944e-02 1.086296e-01 1.982281e+01
1.044711e-01 8.174457e-02 -9.911628e-01 -6.378463e+01 -1.065722e-01 9.917979e-01 7.056396e-02 4.469093e+00 9.888014e-01 9.825849e-02 1.123259e-01 1.992594e+01
1.078261e-01 8.424341e-02 -9.905941e-01 -6.496734e+01 -1.067972e-01 9.916190e-01 7.270569e-02 4.532517e+00 9.884170e-01 9.795304e-02 1.159194e-01 2.005773e+01
1.100985e-01 8.403634e-02 -9.903617e-01 -6.612326e+01 -1.068336e-01 9.916470e-01 7.226870e-02 4.598406e+00 9.881624e-01 9.784726e-02 1.181568e-01 2.016833e+01
1.112813e-01 8.404712e-02 -9.902285e-01 -6.735011e+01 -1.086547e-01 9.914729e-01 7.194219e-02 4.677724e+00 9.878313e-01 9.958719e-02 1.194645e-01 2.029545e+01
1.121225e-01 8.514517e-02 -9.900399e-01 -6.855585e+01 -1.092344e-01 9.913402e-01 7.288614e-02 4.748626e+00 9.876723e-01 9.997426e-02 1.204523e-01 2.042753e+01
1.136544e-01 8.470093e-02 -9.899032e-01 -6.971210e+01 -1.083076e-01 9.914775e-01 7.240043e-02 4.810684e+00 9.875991e-01 9.898544e-02 1.218596e-01 2.053574e+01
1.146390e-01 8.246208e-02 -9.899787e-01 -7.093731e+01 -1.092691e-01 9.915487e-01 6.993953e-02 4.887803e+00 9.873794e-01 1.001563e-01 1.226808e-01 2.070053e+01
1.165155e-01 8.087680e-02 -9.898905e-01 -7.214236e+01 -1.072451e-01 9.918759e-01 6.841569e-02 4.963593e+00 9.873817e-01 9.818944e-02 1.242425e-01 2.081410e+01
1.169772e-01 8.019154e-02 -9.898918e-01 -7.333185e+01 -1.036272e-01 9.922794e-01 6.813916e-02 5.028617e+00 9.877134e-01 9.460898e-02 1.243841e-01 2.095599e+01
1.164586e-01 8.059285e-02 -9.899203e-01 -7.451301e+01 -1.013739e-01 9.924614e-01 6.887366e-02 5.096726e+00 9.880085e-01 9.233114e-02 1.237507e-01 2.111835e+01
1.168168e-01 8.338967e-02 -9.896464e-01 -7.569202e+01 -1.002869e-01 9.923659e-01 7.178107e-02 5.153336e+00 9.880771e-01 9.086330e-02 1.242879e-01 2.124680e+01
1.166186e-01 8.714988e-02 -9.893458e-01 -7.687382e+01 -1.018523e-01 9.919401e-01 7.537261e-02 5.218268e+00 9.879405e-01 9.197731e-02 1.245551e-01 2.138258e+01
1.169295e-01 8.727214e-02 -9.892983e-01 -7.813406e+01 -1.043382e-01 9.916984e-01 7.515168e-02 5.293513e+00 9.876442e-01 9.443417e-02 1.250646e-01 2.152492e+01
1.176215e-01 8.596358e-02 -9.893308e-01 -7.939002e+01 -1.063218e-01 9.916100e-01 7.352102e-02 5.362473e+00 9.873505e-01 9.653975e-02 1.257745e-01 2.166696e+01
1.181634e-01 8.338007e-02 -9.894875e-01 -8.060233e+01 -1.056470e-01 9.918683e-01 7.096445e-02 5.432660e+00 9.873583e-01 9.615094e-02 1.260114e-01 2.181908e+01
1.179933e-01 8.225790e-02 -9.896016e-01 -8.181107e+01 -1.044859e-01 9.920595e-01 7.000402e-02 5.502324e+00 9.875022e-01 9.513936e-02 1.256511e-01 2.197163e+01
1.175705e-01 8.402018e-02 -9.895039e-01 -8.302392e+01 -1.046087e-01 9.919186e-01 7.179585e-02 5.554043e+00 9.875396e-01 9.506962e-02 1.254096e-01 2.213602e+01
1.181473e-01 8.695287e-02 -9.891817e-01 -8.429283e+01 -1.032198e-01 9.918377e-01 7.485782e-02 5.623018e+00 9.876168e-01 9.325889e-02 1.261582e-01 2.228911e+01
1.188740e-01 8.902299e-02 -9.889104e-01 -8.550900e+01 -1.036741e-01 9.916413e-01 7.680647e-02 5.699530e+00 9.874820e-01 9.339413e-02 1.271096e-01 2.242748e+01
1.191561e-01 8.980598e-02 -9.888058e-01 -8.669308e+01 -1.065670e-01 9.913047e-01 7.719108e-02 5.762017e+00 9.871401e-01 9.617627e-02 1.276903e-01 2.255495e+01
1.196535e-01 8.805449e-02 -9.889032e-01 -8.789628e+01 -1.080322e-01 9.912995e-01 7.519638e-02 5.833588e+00 9.869205e-01 9.783586e-02 1.281252e-01 2.268821e+01
1.200483e-01 8.675610e-02 -9.889700e-01 -8.908820e+01 -1.075059e-01 9.914523e-01 7.392403e-02 5.885250e+00 9.869300e-01 9.744563e-02 1.283489e-01 2.282479e+01
1.208365e-01 8.724011e-02 -9.888316e-01 -9.028970e+01 -1.059728e-01 9.915718e-01 7.453188e-02 5.960247e+00 9.869998e-01 9.578302e-02 1.290631e-01 2.297270e+01
1.210786e-01 8.991282e-02 -9.885624e-01 -9.153580e+01 -1.033254e-01 9.916209e-01 7.753576e-02 6.035045e+00 9.872506e-01 9.275571e-02 1.293543e-01 2.313523e+01
1.217464e-01 9.216361e-02 -9.882731e-01 -9.272995e+01 -1.023443e-01 9.915382e-01 7.986020e-02 6.108881e+00 9.872708e-01 9.142140e-02 1.301486e-01 2.328432e+01
1.225133e-01 9.398904e-02 -9.880064e-01 -9.398348e+01 -1.040176e-01 9.912390e-01 8.139831e-02 6.185748e+00 9.870009e-01 9.279771e-02 1.312165e-01 2.342822e+01
1.223531e-01 9.669317e-02 -9.877653e-01 -9.519944e+01 -1.067894e-01 9.907476e-01 8.375726e-02 6.249595e+00 9.867248e-01 9.523491e-02 1.315469e-01 2.356675e+01
1.230354e-01 9.638218e-02 -9.877109e-01 -9.643722e+01 -1.101060e-01 9.904537e-01 8.293434e-02 6.334349e+00 9.862753e-01 9.854908e-02 1.324731e-01 2.372836e+01
1.242353e-01 9.212025e-02 -9.879674e-01 -9.759338e+01 -1.093765e-01 9.908848e-01 7.863837e-02 6.421907e+00 9.862061e-01 9.829072e-02 1.331787e-01 2.385074e+01
1.250983e-01 9.052312e-02 -9.880061e-01 -9.879565e+01 -1.102223e-01 9.909326e-01 7.683524e-02 6.496659e+00 9.860027e-01 9.928837e-02 1.339416e-01 2.398480e+01
1.254623e-01 8.888360e-02 -9.881088e-01 -1.000050e+02 -1.091057e-01 9.911735e-01 7.530591e-02 6.564540e+00 9.860807e-01 9.836021e-02 1.340526e-01 2.413410e+01
1.254329e-01 8.942834e-02 -9.880634e-01 -1.011620e+02 -1.085704e-01 9.911848e-01 7.592802e-02 6.631106e+00 9.861436e-01 9.775058e-02 1.340365e-01 2.428877e+01
1.255216e-01 9.149212e-02 -9.878631e-01 -1.024757e+02 -1.074404e-01 9.911358e-01 7.814345e-02 6.702145e+00 9.862560e-01 9.632774e-02 1.342389e-01 2.446893e+01
1.254897e-01 9.334023e-02 -9.876943e-01 -1.037888e+02 -1.067922e-01 9.910505e-01 8.008913e-02 6.791348e+00 9.863304e-01 9.542770e-02 1.343346e-01 2.467321e+01
1.242611e-01 9.320210e-02 -9.878626e-01 -1.049973e+02 -1.099674e-01 9.907393e-01 7.964095e-02 6.862947e+00 9.861370e-01 9.873645e-02 1.333596e-01 2.483272e+01
1.239675e-01 9.510683e-02 -9.877180e-01 -1.062103e+02 -1.162184e-01 9.899370e-01 8.073405e-02 6.947985e+00 9.854571e-01 1.047826e-01 1.337731e-01 2.497521e+01
1.226809e-01 9.496018e-02 -9.878928e-01 -1.073769e+02 -1.186107e-01 9.896802e-01 8.040237e-02 7.014901e+00 9.853330e-01 1.073108e-01 1.326782e-01 2.513011e+01
1.232801e-01 9.175998e-02 -9.881205e-01 -1.086365e+02 -1.222972e-01 9.895306e-01 7.663286e-02 7.097022e+00 9.848073e-01 1.113971e-01 1.332114e-01 2.527460e+01
1.227970e-01 8.784024e-02 -9.885368e-01 -1.098879e+02 -1.235259e-01 9.896823e-01 7.259753e-02 7.176692e+00 9.847143e-01 1.131951e-01 1.323805e-01 2.544243e+01
1.234468e-01 8.666436e-02 -9.885597e-01 -1.111099e+02 -1.205306e-01 9.901133e-01 7.174926e-02 7.252264e+00 9.850042e-01 1.102945e-01 1.326720e-01 2.556666e+01
1.234447e-01 8.555952e-02 -9.886562e-01 -1.124023e+02 -1.175651e-01 9.905208e-01 7.104158e-02 7.329394e+00 9.853628e-01 1.074618e-01 1.323334e-01 2.573939e+01
1.234720e-01 8.780544e-02 -9.884558e-01 -1.138295e+02 -1.189490e-01 9.902056e-01 7.310247e-02 7.411004e+00 9.851933e-01 1.085497e-01 1.327071e-01 2.592607e+01
1.231303e-01 9.175092e-02 -9.881400e-01 -1.151139e+02 -1.181705e-01 9.899880e-01 7.719750e-02 7.486349e+00 9.853297e-01 1.072637e-01 1.327398e-01 2.607599e+01
1.236286e-01 9.255701e-02 -9.880027e-01 -1.164265e+02 -1.216121e-01 9.895487e-01 7.748455e-02 7.567641e+00 9.848485e-01 1.105737e-01 1.335925e-01 2.622043e+01
1.231048e-01 8.887341e-02 -9.884062e-01 -1.177379e+02 -1.230765e-01 9.896600e-01 7.365712e-02 7.644356e+00 9.847322e-01 1.125820e-01 1.327701e-01 2.638218e+01
1.235383e-01 8.582180e-02 -9.886218e-01 -1.191509e+02 -1.257684e-01 9.895736e-01 7.018838e-02 7.724829e+00 9.843377e-01 1.156664e-01 1.330439e-01 2.653445e+01
1.235846e-01 8.484713e-02 -9.887002e-01 -1.204835e+02 -1.278819e-01 9.893917e-01 6.892162e-02 7.804331e+00 9.840596e-01 1.179192e-01 1.331240e-01 2.669067e+01
1.231170e-01 8.640326e-02 -9.886236e-01 -1.217510e+02 -1.305867e-01 9.889507e-01 7.016938e-02 7.880507e+00 9.837629e-01 1.204620e-01 1.330397e-01 2.683691e+01
1.235596e-01 9.186644e-02 -9.880758e-01 -1.230376e+02 -1.364196e-01 9.878244e-01 7.478370e-02 7.952730e+00 9.829155e-01 1.255526e-01 1.345875e-01 2.696389e+01
1.235288e-01 9.617982e-02 -9.876690e-01 -1.243197e+02 -1.404986e-01 9.869609e-01 7.853855e-02 8.026556e+00 9.823445e-01 1.290644e-01 1.354313e-01 2.709256e+01
1.243247e-01 9.709530e-02 -9.874796e-01 -1.256402e+02 -1.478629e-01 9.859016e-01 7.832406e-02 8.121009e+00 9.811625e-01 1.362739e-01 1.369287e-01 2.722352e+01
1.251087e-01 9.601863e-02 -9.874859e-01 -1.269225e+02 -1.517050e-01 9.854531e-01 7.660083e-02 8.201503e+00 9.804762e-01 1.402231e-01 1.378553e-01 2.736742e+01
1.257666e-01 9.554369e-02 -9.874484e-01 -1.282034e+02 -1.584861e-01 9.845030e-01 7.507307e-02 8.281303e+00 9.793187e-01 1.470551e-01 1.389600e-01 2.748179e+01
1.254727e-01 9.509451e-02 -9.875290e-01 -1.295130e+02 -1.583304e-01 9.845571e-01 7.469130e-02 8.359074e+00 9.793815e-01 1.469841e-01 1.385913e-01 2.766359e+01
1.256338e-01 9.434105e-02 -9.875809e-01 -1.308227e+02 -1.589909e-01 9.845162e-01 7.382245e-02 8.430387e+00 9.792539e-01 1.477418e-01 1.386879e-01 2.783078e+01
1.242154e-01 9.561381e-02 -9.876378e-01 -1.320951e+02 -1.611977e-01 9.840687e-01 7.499442e-02 8.503387e+00 9.790739e-01 1.498895e-01 1.376492e-01 2.801098e+01
1.253443e-01 1.008586e-01 -9.869733e-01 -1.333954e+02 -1.619584e-01 9.835542e-01 7.994067e-02 8.587711e+00 9.788045e-01 1.498285e-01 1.396178e-01 2.811136e+01
1.253093e-01 1.051746e-01 -9.865271e-01 -1.347301e+02 -1.617430e-01 9.832276e-01 8.427806e-02 8.669568e+00 9.788446e-01 1.490031e-01 1.402189e-01 2.827253e+01
1.261762e-01 1.046757e-01 -9.864698e-01 -1.360914e+02 -1.644763e-01 9.828612e-01 8.325519e-02 8.753982e+00 9.782777e-01 1.517461e-01 1.412303e-01 2.844085e+01
1.272629e-01 1.036685e-01 -9.864367e-01 -1.373823e+02 -1.656805e-01 9.827721e-01 8.190848e-02 8.836024e+00 9.779337e-01 1.530094e-01 1.422462e-01 2.858883e+01
1.293784e-01 1.032297e-01 -9.862073e-01 -1.386941e+02 -1.649410e-01 9.829510e-01 8.125059e-02 8.917678e+00 9.777810e-01 1.521540e-01 1.441994e-01 2.874166e+01
1.305382e-01 1.027786e-01 -9.861017e-01 -1.399906e+02 -1.652369e-01 9.829568e-01 8.057710e-02 9.001548e+00 9.775770e-01 1.524219e-01 1.452962e-01 2.889514e+01
1.318588e-01 1.049737e-01 -9.856947e-01 -1.412923e+02 -1.651797e-01 9.828011e-01 8.256901e-02 9.085297e+00 9.774094e-01 1.519293e-01 1.469305e-01 2.906304e+01
1.336120e-01 1.099519e-01 -9.849156e-01 -1.426798e+02 -1.715093e-01 9.813960e-01 8.629233e-02 9.169810e+00 9.760802e-01 1.573924e-01 1.499841e-01 2.925416e+01
1.347474e-01 1.115437e-01 -9.845818e-01 -1.439292e+02 -1.743987e-01 9.808022e-01 8.724778e-02 9.253496e+00 9.754119e-01 1.599534e-01 1.516136e-01 2.940608e+01
1.351730e-01 1.094206e-01 -9.847617e-01 -1.452202e+02 -1.768864e-01 9.805821e-01 8.467592e-02 9.345327e+00 9.749049e-01 1.627450e-01 1.519032e-01 2.958516e+01
1.354372e-01 1.065702e-01 -9.850380e-01 -1.464830e+02 -1.763637e-01 9.809141e-01 8.187498e-02 9.431213e+00 9.749630e-01 1.626360e-01 1.516473e-01 2.975417e+01
1.361206e-01 1.047990e-01 -9.851338e-01 -1.477559e+02 -1.746840e-01 9.813480e-01 8.025932e-02 9.506547e+00 9.751702e-01 1.611621e-01 1.518884e-01 2.995399e+01
1.366771e-01 1.039203e-01 -9.851497e-01 -1.490726e+02 -1.733964e-01 9.816387e-01 7.949336e-02 9.603127e+00 9.753221e-01 1.599565e-01 1.521869e-01 3.011144e+01
1.369545e-01 1.038880e-01 -9.851146e-01 -1.503306e+02 -1.712630e-01 9.819924e-01 7.974909e-02 9.682916e+00 9.756600e-01 1.577916e-01 1.522805e-01 3.029879e+01
1.392442e-01 1.022040e-01 -9.849697e-01 -1.517521e+02 -1.695196e-01 9.824371e-01 7.797638e-02 9.780075e+00 9.756404e-01 1.561139e-01 1.541243e-01 3.044476e+01
1.395308e-01 1.021619e-01 -9.849336e-01 -1.530661e+02 -1.692076e-01 9.824940e-01 7.793803e-02 9.864493e+00 9.756536e-01 1.557835e-01 1.543748e-01 3.061770e+01
1.401330e-01 1.047786e-01 -9.845731e-01 -1.543355e+02 -1.675059e-01 9.825607e-01 8.072349e-02 9.945235e+00 9.758609e-01 1.536098e-01 1.552402e-01 3.077155e+01
1.406628e-01 1.060377e-01 -9.843628e-01 -1.556043e+02 -1.642294e-01 9.829729e-01 8.242008e-02 1.002748e+01 9.763415e-01 1.500678e-01 1.556822e-01 3.091796e+01
1.406917e-01 1.047944e-01 -9.844918e-01 -1.569199e+02 -1.638179e-01 9.831398e-01 8.123961e-02 1.011128e+01 9.764065e-01 1.498477e-01 1.554868e-01 3.110780e+01
1.407132e-01 1.054988e-01 -9.844135e-01 -1.582469e+02 -1.671246e-01 9.825688e-01 8.141216e-02 1.019998e+01 9.758428e-01 1.530639e-01 1.558918e-01 3.127350e+01
1.418411e-01 1.105607e-01 -9.836959e-01 -1.595103e+02 -1.680866e-01 9.820020e-01 8.613361e-02 1.028242e+01 9.755143e-01 1.531288e-01 1.578720e-01 3.140636e+01
1.435721e-01 1.175155e-01 -9.826379e-01 -1.609160e+02 -1.729088e-01 9.806306e-01 9.201193e-02 1.040042e+01 9.744176e-01 1.566964e-01 1.611107e-01 3.160191e+01
1.463189e-01 1.192464e-01 -9.820240e-01 -1.622668e+02 -1.802493e-01 9.793035e-01 9.205939e-02 1.048812e+01 9.726772e-01 1.635391e-01 1.647846e-01 3.175061e+01
1.475590e-01 1.166009e-01 -9.821561e-01 -1.635458e+02 -1.854189e-01 9.786815e-01 8.833110e-02 1.058716e+01 9.715174e-01 1.690762e-01 1.660333e-01 3.192544e+01
1.502196e-01 1.118554e-01 -9.823047e-01 -1.648308e+02 -1.871114e-01 9.788390e-01 8.284664e-02 1.067062e+01 9.707850e-01 1.713552e-01 1.679702e-01 3.208325e+01
1.511784e-01 1.106386e-01 -9.822954e-01 -1.661244e+02 -1.877884e-01 9.788350e-01 8.134762e-02 1.075295e+01 9.705054e-01 1.721656e-01 1.687554e-01 3.226956e+01
1.529583e-01 1.059738e-01 -9.825342e-01 -1.673028e+02 -1.813998e-01 9.803510e-01 7.749847e-02 1.083012e+01 9.714411e-01 1.663775e-01 1.691765e-01 3.244645e+01
1.530690e-01 1.010848e-01 -9.830320e-01 -1.685720e+02 -1.781164e-01 9.812852e-01 7.317042e-02 1.092641e+01 9.720312e-01 1.638940e-01 1.682092e-01 3.268301e+01
1.542795e-01 9.788501e-02 -9.831665e-01 -1.698436e+02 -1.764745e-01 9.818089e-01 7.005727e-02 1.099537e+01 9.721392e-01 1.626954e-01 1.687472e-01 3.282903e+01
1.564925e-01 1.002041e-01 -9.825830e-01 -1.712784e+02 -1.750394e-01 9.819064e-01 7.225718e-02 1.109194e+01 9.720449e-01 1.606830e-01 1.712006e-01 3.301598e+01
1.564838e-01 1.075663e-01 -9.818057e-01 -1.726067e+02 -1.761139e-01 9.811602e-01 7.942589e-02 1.115492e+01 9.718523e-01 1.604808e-01 1.724796e-01 3.327127e+01
1.583521e-01 1.108747e-01 -9.811378e-01 -1.738273e+02 -1.777359e-01 9.806448e-01 8.213308e-02 1.123794e+01 9.712541e-01 1.613774e-01 1.749936e-01 3.343982e+01
1.608005e-01 1.070308e-01 -9.811665e-01 -1.750739e+02 -1.732728e-01 9.817249e-01 7.869459e-02 1.130736e+01 9.716583e-01 1.573553e-01 1.764073e-01 3.361831e+01
1.613555e-01 1.075306e-01 -9.810207e-01 -1.763075e+02 -1.771842e-01 9.810508e-01 7.839119e-02 1.139660e+01 9.708605e-01 1.611725e-01 1.773506e-01 3.382532e+01
1.629300e-01 1.083878e-01 -9.806662e-01 -1.775777e+02 -1.773253e-01 9.809796e-01 7.896122e-02 1.147663e+01 9.705719e-01 1.610317e-01 1.790509e-01 3.403811e+01
1.645679e-01 1.071312e-01 -9.805307e-01 -1.788883e+02 -1.804681e-01 9.805743e-01 7.684699e-02 1.156563e+01 9.697158e-01 1.643080e-01 1.807048e-01 3.426740e+01
1.661398e-01 1.060799e-01 -9.803798e-01 -1.801308e+02 -1.833530e-01 9.801830e-01 7.498669e-02 1.163793e+01 9.689062e-01 1.672973e-01 1.822975e-01 3.450089e+01
1.684735e-01 1.082964e-01 -9.797391e-01 -1.815152e+02 -1.858315e-01 9.796126e-01 7.632728e-02 1.172118e+01 9.680307e-01 1.692073e-01 1.851636e-01 3.474444e+01
1.703402e-01 1.109825e-01 -9.791155e-01 -1.826235e+02 -1.890916e-01 9.788522e-01 7.805570e-02 1.177464e+01 9.670722e-01 1.718465e-01 1.877238e-01 3.491780e+01
1.711483e-01 1.130133e-01 -9.787422e-01 -1.840105e+02 -1.908261e-01 9.783908e-01 7.960380e-02 1.185086e+01 9.665887e-01 1.731455e-01 1.890158e-01 3.517667e+01
1.718227e-01 1.150376e-01 -9.783882e-01 -1.851877e+02 -1.942904e-01 9.776086e-01 8.082502e-02 1.191268e+01 9.657786e-01 1.762038e-01 1.903261e-01 3.537881e+01
1.727262e-01 1.167578e-01 -9.780253e-01 -1.863184e+02 -1.972992e-01 9.769261e-01 8.178210e-02 1.197387e+01 9.650072e-01 1.788377e-01 1.917769e-01 3.556464e+01
1.736978e-01 1.159169e-01 -9.779533e-01 -1.873380e+02 -1.971530e-01 9.770381e-01 8.079135e-02 1.203281e+01 9.648627e-01 1.787731e-01 1.925628e-01 3.573628e+01
1.756580e-01 1.161570e-01 -9.775746e-01 -1.883344e+02 -1.989358e-01 9.767165e-01 8.030873e-02 1.209460e+01 9.641416e-01 1.803677e-01 1.946759e-01 3.590876e+01
1.776445e-01 1.173821e-01 -9.770691e-01 -1.895862e+02 -1.998719e-01 9.764706e-01 8.097072e-02 1.216644e+01 9.635838e-01 1.809047e-01 1.969260e-01 3.617097e+01
1.789616e-01 1.160568e-01 -9.769871e-01 -1.907355e+02 -1.997967e-01 9.766139e-01 7.941426e-02 1.223105e+01 9.633557e-01 1.809867e-01 1.979641e-01 3.637194e+01
1.764298e-01 1.129448e-01 -9.778119e-01 -1.917821e+02 -1.977868e-01 9.772014e-01 7.718693e-02 1.229244e+01 9.642370e-01 1.797802e-01 1.947464e-01 3.656027e+01
1.718230e-01 1.096971e-01 -9.790012e-01 -1.927505e+02 -1.978587e-01 9.773733e-01 7.478884e-02 1.234764e+01 9.650538e-01 1.808535e-01 1.896397e-01 3.672771e+01
1.676763e-01 1.070697e-01 -9.800107e-01 -1.937196e+02 -1.984948e-01 9.773929e-01 7.282191e-02 1.240446e+01 9.656525e-01 1.823165e-01 1.851383e-01 3.687276e+01
1.646228e-01 1.068844e-01 -9.805484e-01 -1.947720e+02 -2.004314e-01 9.769957e-01 7.284698e-02 1.247184e+01 9.657777e-01 1.845405e-01 1.822587e-01 3.703907e+01
1.616938e-01 1.078713e-01 -9.809276e-01 -1.956972e+02 -2.008011e-01 9.768089e-01 7.431883e-02 1.251956e+01 9.661956e-01 1.849545e-01 1.796046e-01 3.719373e+01
1.592560e-01 1.094119e-01 -9.811558e-01 -1.966286e+02 -1.993150e-01 9.769378e-01 7.658975e-02 1.257094e+01 9.669080e-01 1.833616e-01 1.773907e-01 3.736039e+01
1.572730e-01 1.108358e-01 -9.813159e-01 -1.975352e+02 -1.974832e-01 9.771410e-01 7.871412e-02 1.262628e+01 9.676083e-01 1.814138e-01 1.755661e-01 3.751740e+01
1.565460e-01 1.115365e-01 -9.813526e-01 -1.984685e+02 -1.972108e-01 9.771245e-01 7.959670e-02 1.268944e+01 9.677817e-01 1.810728e-01 1.749611e-01 3.766830e+01
1.562369e-01 1.106007e-01 -9.815078e-01 -1.993635e+02 -1.972345e-01 9.771909e-01 7.871832e-02 1.274676e+01 9.678267e-01 1.812885e-01 1.744875e-01 3.779630e+01
1.571079e-01 1.096638e-01 -9.814740e-01 -2.003214e+02 -1.990068e-01 9.769446e-01 7.730203e-02 1.281414e+01 9.673229e-01 1.831752e-01 1.753095e-01 3.792283e+01
1.579579e-01 1.096904e-01 -9.813344e-01 -2.012763e+02 -2.028279e-01 9.762238e-01 7.647145e-02 1.287658e+01 9.663903e-01 1.869628e-01 1.764505e-01 3.805835e+01
1.584284e-01 1.084555e-01 -9.813959e-01 -2.022254e+02 -2.058704e-01 9.757320e-01 7.459555e-02 1.293957e+01 9.656696e-01 1.902223e-01 1.769115e-01 3.821869e+01
1.597770e-01 1.061195e-01 -9.814326e-01 -2.031366e+02 -2.068554e-01 9.757314e-01 7.182705e-02 1.299444e+01 9.652368e-01 1.915383e-01 1.778508e-01 3.836165e+01
1.606536e-01 1.032641e-01 -9.815941e-01 -2.040495e+02 -2.067172e-01 9.759759e-01 6.884051e-02 1.305324e+01 9.651210e-01 1.918529e-01 1.781405e-01 3.850984e+01
