1.000000e+00 0.000000e+00 0.000000e+00 0.000000e+00 0.000000e+00 1.000000e+00 0.000000e+00 0.000000e+00 0.000000e+00 0.000000e+00 1.000000e+00 0.000000e+00
9.999506e-01 1.425180e-03 -9.829334e-03 3.993995e-03 -1.483446e-03 9.999813e-01 -5.923017e-03 8.771970e-02 9.820710e-03 5.937306e-03 9.999341e-01 -1.398743e-01
9.999996e-01 -3.076823e-04 -7.513622e-04 4.366145e-02 3.068945e-04 9.999994e-01 -1.048377e-03 1.580131e-02 7.516844e-04 1.048146e-03 9.999992e-01 3.833228e-02
9.999885e-01 -2.435144e-03 4.138742e-03 8.771520e-02 2.445564e-03 9.999939e-01 -2.514419e-03 3.818579e-02 -4.132594e-03 2.524511e-03 9.999883e-01 3.609703e-01
9.999595e-01 -8.086646e-03 3.958955e-03 2.465578e-01 8.114691e-03 9.999417e-01 -7.120032e-03 7.013922e-02 -3.901147e-03 7.151869e-03 9.999668e-01 7.509544e-01
9.999195e-01 -1.259849e-02 1.494473e-03 3.097684e-01 1.261192e-02 9.998769e-01 -9.339125e-03 8.216685e-03 -1.376630e-03 9.357221e-03 9.999553e-01 1.232491e+00
9.999001e-01 -1.261565e-02 -6.375342e-03 3.953016e-01 1.253773e-02 9.998479e-01 -1.211787e-02 7.453456e-02 6.527247e-03 1.203672e-02 9.999062e-01 1.593202e+00
9.997169e-01 -1.570033e-02 -1.787636e-02 3.538232e-01 1.542263e-02 9.997599e-01 -1.556757e-02 8.405757e-02 1.811649e-02 1.528747e-02 9.997190e-01 1.935848e+00
9.994628e-01 -5.610839e-03 -3.228896e-02 -2.682351e-02 5.376319e-03 9.999586e-01 -7.345414e-03 -1.764997e-02 3.232884e-02 7.167872e-03 9.994516e-01 1.930394e+00
9.988742e-01 -6.284960e-03 -4.701917e-02 -2.571322e-01 5.944121e-03 9.999551e-01 -7.385260e-03 -1.054099e-01 4.706347e-02 7.097458e-03 9.988667e-01 2.212433e+00
9.976743e-01 3.483288e-02 -5.858781e-02 -3.251893e-01 -3.701036e-02 9.986480e-01 -3.650083e-02 1.960151e-01 5.723717e-02 3.858430e-02 9.976147e-01 2.826185e+00
9.959235e-01 5.815313e-03 -9.001475e-02 1.418833e-01 -7.839768e-03 9.997239e-01 -2.215306e-02 1.691489e-02 8.986107e-02 2.276844e-02 9.956940e-01 3.299285e+00
9.928514e-01 1.352612e-02 -1.185879e-01 5.484401e-01 -1.673692e-02 9.995186e-01 -2.612130e-02 2.330068e-02 1.181775e-01 2.791937e-02 9.925999e-01 4.238317e+00
9.903460e-01 1.415647e-02 -1.378929e-01 5.842060e-01 -1.830060e-02 9.994167e-01 -2.883193e-02 2.710199e-02 1.374043e-01 3.107710e-02 9.900274e-01 4.810940e+00
9.875194e-01 1.387604e-02 -1.568848e-01 5.213653e-01 -1.834694e-02 9.994648e-01 -2.708580e-02 -2.900158e-02 1.564250e-01 2.962610e-02 9.872454e-01 5.289356e+00
9.848101e-01 1.328228e-02 -1.731265e-01 4.222212e-01 -1.803580e-02 9.995015e-01 -2.591274e-02 -9.443219e-03 1.726960e-01 2.864160e-02 9.845586e-01 5.663707e+00
9.828081e-01 2.556938e-02 -1.828507e-01 2.375644e-01 -3.177425e-02 9.990116e-01 -3.108484e-02 2.979979e-02 1.818752e-01 3.636038e-02 9.826491e-01 5.980573e+00
9.808595e-01 2.514632e-02 -1.930865e-01 9.330589e-02 -3.187556e-02 9.989851e-01 -3.182327e-02 2.381671e-02 1.920903e-01 3.736890e-02 9.806655e-01 6.369524e+00
9.786803e-01 3.223773e-02 -2.028439e-01 -2.608454e-02 -4.074515e-02 9.984503e-01 -3.790456e-02 2.627931e-02 2.013076e-01 4.536135e-02 9.784772e-01 6.816905e+00
9.766604e-01 1.940916e-02 -2.139108e-01 -5.723760e-02 -2.762629e-02 9.989881e-01 -3.549133e-02 -4.709699e-03 2.130055e-01 4.057254e-02 9.762083e-01 7.251412e+00
9.750392e-01 2.025587e-02 -2.211069e-01 -1.320498e-01 -2.903342e-02 9.989111e-01 -3.652034e-02 -1.892633e-02 2.201264e-01 4.202825e-02 9.745656e-01 7.694802e+00
9.733648e-01 2.033461e-02 -2.283580e-01 -2.778615e-01 -3.028339e-02 9.987348e-01 -4.014704e-02 -2.707366e-02 2.272527e-01 4.599316e-02 9.727491e-01 8.142487e+00
9.713982e-01 1.610501e-02 -2.369094e-01 -3.308910e-01 -2.674556e-02 9.987693e-01 -4.176873e-02 -3.703316e-02 2.359452e-01 4.691034e-02 9.706334e-01 8.595420e+00
9.693288e-01 2.334788e-02 -2.446559e-01 -2.407363e+00 -3.580722e-02 9.982716e-01 -4.660197e-02 -4.555082e-01 2.431449e-01 5.393308e-02 9.684894e-01 1.236463e+01
9.664009e-01 2.644956e-02 -2.556753e-01 -2.662313e+00 -4.101348e-02 9.978150e-01 -5.179890e-02 -4.961205e-01 2.537466e-01 6.054464e-02 9.653741e-01 1.330028e+01
9.639935e-01 2.802211e-02 -2.644451e-01 -2.793466e+00 -4.421102e-02 9.974813e-01 -5.546559e-02 -5.236148e-01 2.622248e-01 6.515986e-02 9.628044e-01 1.380226e+01
9.612381e-01 4.826001e-02 -2.714633e-01 -5.606637e+00 -6.722149e-02 9.958726e-01 -6.098445e-02 -9.885581e-01 2.673998e-01 7.686874e-02 9.605147e-01 1.805779e+01
9.590257e-01 4.152166e-02 -2.802601e-01 -5.831504e+00 -6.108676e-02 9.962399e-01 -6.143664e-02 -1.052930e+00 2.766554e-01 7.603949e-02 9.579561e-01 1.875102e+01
9.570881e-01 4.091409e-02 -2.868945e-01 -6.039833e+00 -6.162042e-02 9.960766e-01 -6.351674e-02 -1.086878e+00 2.831702e-01 7.846968e-02 9.558542e-01 1.933298e+01
9.547452e-01 3.865757e-02 -2.949019e-01 -6.364701e+00 -6.034852e-02 9.960713e-01 -6.480720e-02 -1.169625e+00 2.912380e-01 7.967126e-02 9.533273e-01 2.017056e+01
9.523405e-01 4.239134e-02 -3.020770e-01 -6.529313e+00 -6.594201e-02 9.954906e-01 -6.819144e-02 -1.192991e+00 2.978241e-01 8.486104e-02 9.508414e-01 2.063821e+01
9.496005e-01 3.907827e-02 -3.110173e-01 -6.658247e+00 -6.488515e-02 9.952145e-01 -7.306258e-02 -1.231377e+00 3.066737e-01 8.956066e-02 9.475917e-01 2.115941e+01
9.478684e-01 3.615378e-02 -3.166045e-01 -6.911916e+00 -6.470624e-02 9.946815e-01 -8.013627e-02 -1.280022e+00 3.120234e-01 9.644493e-02 9.451665e-01 2.178899e+01
9.465055e-01 3.476609e-02 -3.208095e-01 -7.168465e+00 -6.616922e-02 9.939638e-01 -8.750769e-02 -1.334692e+00 3.158307e-01 1.040542e-01 9.430926e-01 2.240765e+01
9.448234e-01 3.335027e-02 -3.258781e-01 -7.359438e+00 -6.807480e-02 9.930760e-01 -9.573919e-02 -1.392289e+00 3.204288e-01 1.126407e-01 9.405517e-01 2.301941e+01
9.438129e-01 2.774297e-02 -3.293137e-01 -8.067361e+00 -6.471516e-02 9.926931e-01 -1.018444e-01 -1.534021e+00 3.240820e-01 1.174336e-01 9.387120e-01 2.424442e+01
9.423087e-01 2.712046e-02 -3.336448e-01 -8.290109e+00 -6.705664e-02 9.918029e-01 -1.087681e-01 -1.601552e+00 3.279600e-01 1.248662e-01 9.364030e-01 2.487812e+01
9.405398e-01 3.056445e-02 -3.383057e-01 -8.582665e+00 -7.370077e-02 9.905807e-01 -1.154043e-01 -1.685549e+00 3.315919e-01 1.334758e-01 9.339331e-01 2.561310e+01
9.384199e-01 2.956979e-02 -3.442290e-01 -8.799755e+00 -7.559986e-02 9.897603e-01 -1.210747e-01 -1.769480e+00 3.371241e-01 1.396426e-01 9.310464e-01 2.625942e+01
9.371303e-01 3.255548e-02 -3.474577e-01 -9.110780e+00 -8.098963e-02 9.887447e-01 -1.257960e-01 -1.859824e+00 3.394516e-01 1.460277e-01 9.292193e-01 2.691560e+01
9.355359e-01 3.472481e-02 -3.515207e-01 -9.399919e+00 -8.540156e-02 9.878685e-01 -1.297013e-01 -1.937661e+00 3.427523e-01 1.513606e-01 9.271520e-01 2.763591e+01
9.339974e-01 3.465940e-02 -3.555947e-01 -9.727526e+00 -8.636145e-02 9.876708e-01 -1.305680e-01 -2.030742e+00 3.466851e-01 1.526599e-01 9.254752e-01 2.833229e+01
9.316609e-01 3.652313e-02 -3.614886e-01 -9.958683e+00 -8.898796e-02 9.875693e-01 -1.295684e-01 -2.128166e+00 3.522628e-01 1.528819e-01 9.233299e-01 2.895068e+01
9.294963e-01 3.696894e-02 -3.669741e-01 -1.025481e+01 -8.945844e-02 9.878514e-01 -1.270702e-01 -2.233020e+00 3.578182e-01 1.509402e-01 9.215114e-01 2.964011e+01
9.267315e-01 3.577664e-02 -3.740172e-01 -1.058393e+01 -8.865314e-02 9.881704e-01 -1.251393e-01 -2.330288e+00 3.651157e-01 1.491283e-01 9.189403e-01 3.037697e+01
9.235891e-01 3.581512e-02 -3.817074e-01 -1.086408e+01 -8.860911e-02 9.886111e-01 -1.216408e-01 -2.415998e+00 3.730036e-01 1.461688e-01 9.162440e-01 3.100069e+01
9.202691e-01 3.563556e-02 -3.896601e-01 -1.114112e+01 -8.719561e-02 9.894798e-01 -1.154410e-01 -2.510137e+00 3.814470e-01 1.402134e-01 9.136949e-01 3.165608e+01
9.169389e-01 4.066926e-02 -3.969498e-01 -1.149324e+01 -9.150635e-02 9.897131e-01 -1.099757e-01 -2.596838e+00 3.883937e-01 1.371644e-01 9.112279e-01 3.235833e+01
9.133055e-01 4.330478e-02 -4.049665e-01 -1.184830e+01 -9.376181e-02 9.899790e-01 -1.055948e-01 -2.690834e+00 3.963356e-01 1.344107e-01 9.082136e-01 3.312625e+01
9.104445e-01 4.327713e-02 -4.113611e-01 -1.206750e+01 -9.383444e-02 9.901927e-01 -1.035060e-01 -2.738379e+00 4.028473e-01 1.328363e-01 9.055763e-01 3.345298e+01
9.069353e-01 4.202159e-02 -4.191689e-01 -1.226369e+01 -9.330657e-02 9.903367e-01 -1.026019e-01 -2.786756e+00 4.108068e-01 1.321645e-01 9.020922e-01 3.379394e+01
9.031996e-01 4.142537e-02 -4.272170e-01 -1.268860e+01 -9.285218e-02 9.906205e-01 -1.002470e-01 -2.878468e+00 4.190572e-01 1.302111e-01 8.985745e-01 3.454563e+01
8.997988e-01 4.150597e-02 -4.343263e-01 -1.304607e+01 -9.322200e-02 9.907662e-01 -9.844749e-02 -2.952329e+00 4.262297e-01 1.290717e-01 8.953596e-01 3.521712e+01
8.963119e-01 4.014919e-02 -4.416028e-01 -1.341161e+01 -9.149663e-02 9.912066e-01 -9.559127e-02 -3.031264e+00 4.338817e-01 1.260848e-01 8.921039e-01 3.588795e+01
8.923748e-01 3.871153e-02 -4.496318e-01 -1.374723e+01 -8.902217e-02 9.918376e-01 -9.128711e-02 -3.121083e+00 4.424278e-01 1.214895e-01 8.885369e-01 3.664835e+01
8.889961e-01 4.080283e-02 -4.560932e-01 -1.422439e+01 -8.930927e-02 9.923445e-01 -8.530086e-02 -3.206330e+00 4.491211e-01 1.165655e-01 8.858345e-01 3.748078e+01
8.854262e-01 4.075893e-02 -4.629894e-01 -1.468107e+01 -8.786871e-02 9.928631e-01 -8.063515e-02 -3.291284e+00 4.563984e-01 1.120787e-01 8.826884e-01 3.830951e+01
8.812600e-01 3.873888e-02 -4.710415e-01 -1.513804e+01 -8.582414e-02 9.931824e-01 -7.888607e-02 -3.375179e+00 4.647742e-01 1.099459e-01 8.785766e-01 3.918327e+01
8.781997e-01 3.731996e-02 -4.768360e-01 -1.560513e+01 -8.421209e-02 9.934417e-01 -7.734280e-02 -3.453388e+00 4.708223e-01 1.080778e-01 8.755830e-01 4.002822e+01
8.749989e-01 3.598727e-02 -4.827854e-01 -1.607224e+01 -8.220546e-02 9.937961e-01 -7.491048e-02 -3.530059e+00 4.770944e-01 1.052342e-01 8.725289e-01 4.087064e+01
8.722881e-01 3.368221e-02 -4.878309e-01 -1.658197e+01 -7.929213e-02 9.941646e-01 -7.313992e-02 -3.614748e+00 4.825208e-01 1.024802e-01 8.698687e-01 4.174535e+01
8.699710e-01 3.129369e-02 -4.921089e-01 -1.710504e+01 -7.721210e-02 9.943188e-01 -7.326912e-02 -3.688347e+00 4.870203e-01 1.017388e-01 8.674448e-01 4.262592e+01
8.673467e-01 3.089087e-02 -4.967448e-01 -1.734550e+01 -7.732480e-02 9.943166e-01 -7.318065e-02 -3.750247e+00 4.916610e-01 1.018837e-01 8.648059e-01 4.326232e+01
8.669218e-01 3.045813e-02 -4.975128e-01 -1.790714e+01 -7.738368e-02 9.942534e-01 -7.397298e-02 -3.816776e+00 4.924007e-01 1.026281e-01 8.642969e-01 4.413300e+01
8.658993e-01 2.958440e-02 -4.993427e-01 -1.844666e+01 -7.609846e-02 9.944212e-01 -7.304453e-02 -3.907564e+00 4.943960e-01 1.012484e-01 8.633199e-01 4.509771e+01
8.658245e-01 3.016976e-02 -4.994375e-01 -1.896665e+01 -7.615333e-02 9.944972e-01 -7.194428e-02 -3.988976e+00 4.945187e-01 1.003250e-01 8.633575e-01 4.600327e+01
8.660343e-01 2.836676e-02 -4.991794e-01 -1.951047e+01 -7.375610e-02 9.947146e-01 -7.143418e-02 -4.066580e+00 4.945146e-01 9.868197e-02 8.635492e-01 4.690009e+01
8.653519e-01 2.473450e-02 -5.005540e-01 -2.008450e+01 -7.031718e-02 9.948937e-01 -7.240160e-02 -4.146407e+00 4.962072e-01 9.785040e-02 8.626724e-01 4.782053e+01
8.645508e-01 2.263050e-02 -5.020356e-01 -2.065586e+01 -6.860942e-02 9.949470e-01 -7.330195e-02 -4.222174e+00 4.978399e-01 9.781763e-02 8.617350e-01 4.874376e+01
8.633173e-01 2.142215e-02 -5.042068e-01 -2.122314e+01 -6.642162e-02 9.952306e-01 -7.144480e-02 -4.306478e+00 5.002714e-01 9.516976e-02 8.606225e-01 4.969326e+01
8.623710e-01 1.946891e-02 -5.059023e-01 -2.166393e+01 -6.180693e-02 9.958345e-01 -6.703408e-02 -4.364346e+00 5.024899e-01 8.907652e-02 8.599821e-01 5.027298e+01
8.599034e-01 1.988765e-02 -5.100693e-01 -2.220783e+01 -6.052389e-02 9.961643e-01 -6.319402e-02 -4.444661e+00 5.068560e-01 8.521213e-02 8.578088e-01 5.119650e+01
8.561226e-01 1.917166e-02 -5.164170e-01 -2.280933e+01 -5.870881e-02 9.964501e-01 -6.033562e-02 -4.540688e+00 5.134271e-01 8.197292e-02 8.542090e-01 5.216560e+01
8.511513e-01 1.557175e-02 -5.246893e-01 -2.350068e+01 -5.723978e-02 9.963527e-01 -6.328464e-02 -4.611423e+00 5.217901e-01 8.389790e-02 8.489383e-01 5.317829e+01
8.458470e-01 1.143959e-02 -5.333029e-01 -2.420669e+01 -5.491243e-02 9.963259e-01 -6.572241e-02 -4.699092e+00 5.305917e-01 8.487606e-02 8.433674e-01 5.419155e+01
8.393573e-01 1.052645e-02 -5.434782e-01 -2.468176e+01 -5.434036e-02 9.964290e-01 -6.462470e-02 -4.770709e+00 5.408572e-01 8.377601e-02 8.369319e-01 5.498336e+01
8.332953e-01 1.339151e-02 -5.526658e-01 -2.522508e+01 -5.483350e-02 9.967790e-01 -5.852384e-02 -4.849290e+00 5.501019e-01 7.907224e-02 8.313456e-01 5.584494e+01
8.284652e-01 1.652933e-02 -5.597965e-01 -2.590070e+01 -5.594919e-02 9.970066e-01 -5.336245e-02 -4.936777e+00 5.572388e-01 7.552909e-02 8.269101e-01 5.681281e+01
8.239190e-01 1.462519e-02 -5.665188e-01 -2.646983e+01 -5.558680e-02 9.969320e-01 -5.510619e-02 -4.999045e+00 5.639748e-01 7.689400e-02 8.222042e-01 5.763268e+01
8.203907e-01 1.320121e-02 -5.716510e-01 -2.705471e+01 -5.717722e-02 9.966167e-01 -5.904147e-02 -5.068124e+00 5.689375e-01 8.112248e-02 8.183699e-01 5.845656e+01
8.209594e-01 1.176828e-02 -5.708653e-01 -2.785185e+01 -5.931425e-02 9.961362e-01 -6.476445e-02 -5.156219e+00 5.678975e-01 8.702943e-02 8.184854e-01 5.943427e+01
8.154101e-01 9.194900e-03 -5.788108e-01 -2.836251e+01 -5.813111e-02 9.961203e-01 -6.606904e-02 -5.233633e+00 5.759577e-01 8.752027e-02 8.127810e-01 6.024488e+01
8.118160e-01 1.016524e-02 -5.838248e-01 -2.899665e+01 -5.746540e-02 9.963856e-01 -6.255788e-02 -5.306486e+00 5.810786e-01 8.433522e-02 8.094660e-01 6.109939e+01
8.087260e-01 1.197841e-02 -5.880637e-01 -2.964045e+01 -5.685918e-02 9.967023e-01 -5.789270e-02 -5.375229e+00 5.854309e-01 8.025615e-02 8.067401e-01 6.194804e+01
8.055168e-01 1.337048e-02 -5.924220e-01 -3.024917e+01 -5.715502e-02 9.968373e-01 -5.521594e-02 -5.438978e+00 5.898101e-01 7.833727e-02 8.037334e-01 6.279102e+01
8.027522e-01 1.487411e-02 -5.961272e-01 -3.107847e+01 -6.022446e-02 9.965997e-01 -5.623261e-02 -5.527227e+00 5.932638e-01 8.104229e-02 8.009183e-01 6.392905e+01
7.996693e-01 1.330819e-02 -6.002932e-01 -3.185633e+01 -5.973612e-02 9.965577e-01 -5.748318e-02 -5.609444e+00 5.974619e-01 8.182672e-02 7.977116e-01 6.485760e+01
7.958638e-01 1.002966e-02 -6.053926e-01 -3.255699e+01 -5.831568e-02 9.964842e-01 -6.015425e-02 -5.687930e+00 6.026608e-01 8.317848e-02 7.936506e-01 6.573943e+01
7.920492e-01 9.808522e-03 -6.103785e-01 -3.324561e+01 -5.888752e-02 9.964356e-01 -6.040228e-02 -5.758828e+00 6.076104e-01 8.378525e-02 7.898036e-01 6.661263e+01
7.874216e-01 9.132363e-03 -6.163472e-01 -3.393343e+01 -5.824692e-02 9.965186e-01 -5.964871e-02 -5.835091e+00 6.136568e-01 8.286901e-02 7.852122e-01 6.748546e+01
7.827858e-01 8.780015e-03 -6.222293e-01 -3.463009e+01 -5.778716e-02 9.966055e-01 -5.863555e-02 -5.911579e+00 6.196024e-01 8.185594e-02 7.806360e-01 6.834674e+01
7.782402e-01 7.408868e-03 -6.279230e-01 -3.535355e+01 -5.733908e-02 9.965917e-01 -5.930657e-02 -5.990640e+00 6.253434e-01 8.215928e-02 7.760125e-01 6.919057e+01
7.725933e-01 6.171710e-03 -6.348714e-01 -3.602597e+01 -5.739484e-02 9.965374e-01 -6.015791e-02 -6.069291e+00 6.323018e-01 8.291593e-02 7.702723e-01 7.006314e+01
7.666314e-01 4.582967e-03 -6.420711e-01 -3.675986e+01 -5.697349e-02 9.965158e-01 -6.091329e-02 -6.147851e+00 6.395548e-01 8.327907e-02 7.642213e-01 7.092027e+01
7.615723e-01 2.866141e-03 -6.480736e-01 -3.751045e+01 -5.608698e-02 9.965298e-01 -6.150243e-02 -6.220093e+00 6.456484e-01 8.318704e-02 7.590903e-01 7.170596e+01
7.573048e-01 3.541788e-04 -6.530614e-01 -3.881086e+01 -5.513328e-02 9.964646e-01 -6.339339e-02 -6.322397e+00 6.507301e-01 8.401354e-02 7.546470e-01 7.283077e+01
7.504075e-01 -1.374637e-03 -6.609741e-01 -3.953773e+01 -5.329899e-02 9.966155e-01 -6.258331e-02 -6.415367e+00 6.588231e-01 8.219223e-02 7.477944e-01 7.373260e+01
7.439436e-01 -2.002442e-03 -6.682395e-01 -4.049370e+01 -5.163321e-02 9.968337e-01 -6.046979e-02 -6.509257e+00 6.662447e-01 7.948946e-02 7.414846e-01 7.470164e+01
7.370174e-01 -3.223333e-03 -6.758661e-01 -4.078425e+01 -5.025781e-02 9.969588e-01 -5.955974e-02 -6.543581e+00 6.740026e-01 7.786411e-02 7.346140e-01 7.513953e+01
7.308992e-01 -5.424790e-03 -6.824639e-01 -4.154372e+01 -4.826496e-02 9.970539e-01 -5.961579e-02 -6.624308e+00 6.807767e-01 7.651222e-02 7.284840e-01 7.593835e+01
7.243758e-01 -7.258451e-03 -6.893671e-01 -4.225327e+01 -4.780029e-02 9.970093e-01 -6.072544e-02 -6.698941e+00 6.877462e-01 7.693999e-02 7.218625e-01 7.669347e+01
7.185439e-01 -7.641559e-03 -6.954396e-01 -4.311217e+01 -4.740400e-02 9.970760e-01 -5.993485e-02 -6.778512e+00 6.938642e-01 7.603244e-02 7.160807e-01 7.755872e+01
7.133716e-01 -7.494338e-03 -7.007459e-01 -4.390767e+01 -4.772688e-02 9.971015e-01 -5.925061e-02 -6.850891e+00 6.991588e-01 7.571212e-02 7.109463e-01 7.831420e+01
7.084699e-01 -7.419205e-03 -7.057021e-01 -4.477766e+01 -4.827637e-02 9.970930e-01 -5.894838e-02 -6.941238e+00 7.040879e-01 7.583188e-02 7.060522e-01 7.920580e+01
7.031836e-01 -8.501456e-03 -7.109575e-01 -4.556018e+01 -4.752747e-02 9.971300e-01 -5.893122e-02 -7.017789e+00 7.094181e-01 7.522948e-02 7.007614e-01 7.996261e+01
6.987758e-01 -1.066621e-02 -7.152612e-01 -4.641663e+01 -4.750494e-02 9.969897e-01 -6.127746e-02 -7.098245e+00 7.137616e-01 7.679765e-02 6.961655e-01 8.074345e+01
6.934082e-01 -1.300689e-02 -7.204276e-01 -4.721255e+01 -4.737782e-02 9.968503e-01 -6.359848e-02 -7.182833e+00 7.189857e-01 7.823200e-02 6.906079e-01 8.156958e+01
6.913645e-01 -1.768046e-02 -7.222897e-01 -4.878608e+01 -4.189833e-02 9.970371e-01 -6.451026e-02 -7.299083e+00 7.212902e-01 7.486284e-02 6.885753e-01 8.255183e+01
6.871462e-01 -1.703159e-02 -7.263195e-01 -4.970385e+01 -4.165594e-02 9.971569e-01 -6.279179e-02 -7.386581e+00 7.253240e-01 7.340266e-02 6.844832e-01 8.337992e+01
6.824019e-01 -1.690764e-02 -7.307817e-01 -5.062032e+01 -4.129384e-02 9.972443e-01 -6.163270e-02 -7.473596e+00 7.298099e-01 7.223506e-02 6.798232e-01 8.420153e+01
6.781224e-01 -1.885819e-02 -7.347070e-01 -5.159756e+01 -3.908911e-02 9.973304e-01 -6.167771e-02 -7.567868e+00 7.339088e-01 7.054408e-02 6.755750e-01 8.503600e+01
6.740155e-01 -2.007986e-02 -7.384443e-01 -5.255997e+01 -3.825751e-02 9.973402e-01 -6.203936e-02 -7.657337e+00 7.377259e-01 7.006653e-02 6.714545e-01 8.585532e+01
6.694837e-01 -2.086674e-02 -7.425336e-01 -5.347178e+01 -3.716893e-02 9.974122e-01 -6.154164e-02 -7.744377e+00 7.418963e-01 6.880031e-02 6.669756e-01 8.667342e+01
6.666627e-01 -2.152368e-02 -7.450487e-01 -5.450319e+01 -3.659583e-02 9.974322e-01 -6.156039e-02 -7.836224e+00 7.444606e-01 6.830569e-02 6.641632e-01 8.757732e+01
6.622112e-01 -2.485780e-02 -7.489049e-01 -5.552612e+01 -3.238841e-02 9.975660e-01 -6.175051e-02 -7.944324e+00 7.486170e-01 6.514771e-02 6.597942e-01 8.848865e+01
6.579284e-01 -3.137828e-02 -7.524265e-01 -5.650515e+01 -2.749693e-02 9.974644e-01 -6.564060e-02 -8.032583e+00 7.525783e-01 6.387623e-02 6.553974e-01 8.931042e+01
6.532025e-01 -3.506116e-02 -7.563711e-01 -5.744667e+01 -2.320858e-02 9.975309e-01 -6.628294e-02 -8.128838e+00 7.568275e-01 6.085049e-02 6.507760e-01 9.010950e+01
6.477104e-01 -3.886309e-02 -7.608948e-01 -5.844510e+01 -1.904022e-02 9.975606e-01 -6.715886e-02 -8.222358e+00 7.616487e-01 5.798710e-02 6.453904e-01 9.093999e+01
6.398568e-01 -4.279403e-02 -7.673018e-01 -5.942224e+01 -1.457493e-02 9.975930e-01 -6.779197e-02 -8.317060e+00 7.683560e-01 5.456053e-02 6.376929e-01 9.173624e+01
6.315070e-01 -4.378252e-02 -7.741331e-01 -6.037922e+01 -1.169299e-02 9.977532e-01 -6.596845e-02 -8.412733e+00 7.752820e-01 5.071147e-02 6.295762e-01 9.249349e+01
6.225967e-01 -4.168122e-02 -7.814321e-01 -6.138074e+01 -1.258611e-02 9.979180e-01 -6.325631e-02 -8.508985e+00 7.824417e-01 4.921836e-02 6.207758e-01 9.328643e+01
6.144252e-01 -4.096136e-02 -7.879111e-01 -6.234068e+01 -1.390049e-02 9.979344e-01 -6.271972e-02 -8.598125e+00 7.888526e-01 4.948892e-02 6.125866e-01 9.399676e+01
6.065422e-01 -4.286062e-02 -7.938952e-01 -6.336287e+01 -1.355170e-02 9.978434e-01 -6.422494e-02 -8.683973e+00 7.949358e-01 4.971377e-02 6.046532e-01 9.470425e+01
5.974283e-01 -4.552138e-02 -8.006293e-01 -6.439318e+01 -1.264226e-02 9.977288e-01 -6.616151e-02 -8.776814e+00 8.018227e-01 4.964853e-02 5.954960e-01 9.542350e+01
5.885469e-01 -4.735418e-02 -8.070751e-01 -6.543382e+01 -1.219978e-02 9.976493e-01 -6.743240e-02 -8.865356e+00 8.083711e-01 4.953327e-02 5.865856e-01 9.614549e+01
5.789405e-01 -4.843350e-02 -8.139301e-01 -6.645907e+01 -9.153191e-03 9.977853e-01 -6.588452e-02 -8.959781e+00 8.153185e-01 4.559327e-02 5.772150e-01 9.686047e+01
5.693424e-01 -4.901760e-02 -8.206379e-01 -6.748917e+01 -7.297844e-03 9.978802e-01 -6.466757e-02 -9.055942e+00 8.220681e-01 4.280687e-02 5.677778e-01 9.755921e+01
5.592892e-01 -5.018176e-02 -8.274524e-01 -6.854815e+01 -6.722166e-03 9.978587e-01 -6.505987e-02 -9.148014e+00 8.289454e-01 4.194956e-02 5.577543e-01 9.825403e+01
5.493432e-01 -5.121683e-02 -8.340257e-01 -6.964667e+01 -6.962090e-03 9.978046e-01 -6.586004e-02 -9.247087e+00 8.355678e-01 4.198634e-02 5.477806e-01 9.895390e+01
5.392607e-01 -5.177414e-02 -8.405459e-01 -7.068316e+01 -8.506773e-03 9.977226e-01 -6.691318e-02 -9.336381e+00 8.420959e-01 4.323398e-02 5.375921e-01 9.962463e+01
5.303461e-01 -5.301834e-02 -8.461218e-01 -7.180131e+01 -9.550806e-03 9.976056e-01 -6.849679e-02 -9.432661e+00 8.477274e-01 4.440815e-02 5.285699e-01 1.002794e+02
5.208814e-01 -5.309724e-02 -8.519761e-01 -7.291509e+01 -9.616719e-03 9.976352e-01 -6.805454e-02 -9.537333e+00 8.535749e-01 4.364156e-02 5.191391e-01 1.009392e+02
5.118987e-01 -5.156435e-02 -8.574969e-01 -7.407542e+01 -9.221499e-03 9.978095e-01 -6.550679e-02 -9.643205e+00 8.589963e-01 4.144025e-02 5.103019e-01 1.016077e+02
5.039972e-01 -5.060576e-02 -8.622215e-01 -7.522607e+01 -8.346741e-03 9.979501e-01 -6.345093e-02 -9.740019e+00 8.636649e-01 3.917583e-02 5.025417e-01 1.022601e+02
4.966733e-01 -5.107855e-02 -8.664333e-01 -7.640334e+01 -8.296542e-03 9.979418e-01 -6.358723e-02 -9.833723e+00 8.678980e-01 3.877048e-02 4.952272e-01 1.028934e+02
4.891387e-01 -5.397832e-02 -8.705341e-01 -7.757520e+01 -6.913816e-03 9.978119e-01 -6.575506e-02 -9.936031e+00 8.721786e-01 3.818206e-02 4.876952e-01 1.035506e+02
4.825500e-01 -5.818283e-02 -8.739338e-01 -7.875121e+01 -3.210980e-03 9.976670e-01 -6.819343e-02 -1.004103e+01 8.758626e-01 3.571292e-02 4.812374e-01 1.041762e+02
4.768291e-01 -6.157219e-02 -8.768368e-01 -7.993500e+01 -1.700894e-03 9.974771e-01 -7.096861e-02 -1.013902e+01 8.789943e-01 3.533131e-02 4.755214e-01 1.047783e+02
4.712658e-01 -6.580269e-02 -8.795332e-01 -8.110737e+01 3.040653e-03 9.973283e-01 -7.298636e-02 -1.026773e+01 8.819860e-01 3.172162e-02 4.702068e-01 1.053923e+02
4.661710e-01 -6.755295e-02 -8.821118e-01 -8.227051e+01 6.314100e-03 9.973091e-01 -7.303806e-02 -1.037977e+01 8.846722e-01 2.847849e-02 4.653432e-01 1.060125e+02
4.615729e-01 -6.546996e-02 -8.846831e-01 -8.344149e+01 8.223935e-03 9.975458e-01 -6.953150e-02 -1.048995e+01 8.870642e-01 2.481828e-02 4.609786e-01 1.065974e+02
4.567838e-01 -6.327460e-02 -8.873246e-01 -8.457397e+01 1.214432e-02 9.978178e-01 -6.490206e-02 -1.060888e+01 8.894949e-01 1.887025e-02 4.565554e-01 1.071995e+02
4.527135e-01 -6.363645e-02 -8.893824e-01 -8.575378e+01 1.526825e-02 9.978570e-01 -6.362610e-02 -1.071051e+01 8.915253e-01 1.522508e-02 4.527149e-01 1.078097e+02
4.496325e-01 -6.313913e-02 -8.909793e-01 -8.683422e+01 1.626601e-02 9.979119e-01 -6.250826e-02 -1.080991e+01 8.930656e-01 1.361306e-02 4.497206e-01 1.083956e+02
4.490550e-01 -6.207039e-02 -8.913456e-01 -8.801958e+01 1.778416e-02 9.980074e-01 -6.053841e-02 -1.090477e+01 8.933271e-01 1.133325e-02 4.492640e-01 1.088726e+02
4.439453e-01 -6.139421e-02 -8.939482e-01 -8.906957e+01 1.935771e-02 9.980743e-01 -5.893207e-02 -1.099919e+01 8.958448e-01 8.857837e-03 4.442789e-01 1.095073e+02
4.425674e-01 -6.276049e-02 -8.945364e-01 -9.026750e+01 2.287405e-02 9.980134e-01 -5.870359e-02 -1.110023e+01 8.964435e-01 5.518630e-03 4.431238e-01 1.100626e+02
4.404325e-01 -6.403082e-02 -8.954995e-01 -9.142130e+01 2.570101e-02 9.979439e-01 -5.871540e-02 -1.118810e+01 8.974178e-01 2.844933e-03 4.411726e-01 1.106353e+02
4.382227e-01 -6.389588e-02 -8.965926e-01 -9.254909e+01 2.991392e-02 9.979544e-01 -5.649859e-02 -1.127613e+01 8.983686e-01 -2.061621e-03 4.392377e-01 1.111835e+02
4.374294e-01 -6.296408e-02 -8.970458e-01 -9.364822e+01 3.145275e-02 9.980066e-01 -5.471317e-02 -1.137417e+01 8.987026e-01 -4.281398e-03 4.385378e-01 1.117022e+02
4.358799e-01 -6.459361e-02 -8.976840e-01 -9.474759e+01 3.441456e-02 9.978880e-01 -5.509352e-02 -1.145552e+01 8.993467e-01 -6.879227e-03 4.371823e-01 1.122295e+02
4.337805e-01 -6.527572e-02 -8.986510e-01 -9.588383e+01 3.533797e-02 9.978374e-01 -5.542266e-02 -1.155086e+01 9.003254e-01 -7.715224e-03 4.351491e-01 1.127643e+02
4.326813e-01 -6.745742e-02 -8.990198e-01 -9.695512e+01 3.623207e-02 9.976922e-01 -5.742345e-02 -1.163500e+01 9.008186e-01 -7.727285e-03 4.341269e-01 1.132890e+02
4.327520e-01 -6.729097e-02 -8.989981e-01 -9.808622e+01 3.294201e-02 9.977247e-01 -5.882342e-02 -1.172051e+01 9.009110e-01 -4.158855e-03 4.339840e-01 1.138333e+02
4.349222e-01 -6.725467e-02 -8.979530e-01 -9.918575e+01 3.016036e-02 9.977354e-01 -6.012002e-02 -1.180282e+01 8.999629e-01 -9.350484e-04 4.359657e-01 1.143586e+02
4.376304e-01 -6.831019e-02 -8.965564e-01 -1.002832e+02 2.944564e-02 9.976640e-01 -6.164064e-02 -1.189469e+01 8.986727e-01 5.761469e-04 4.386195e-01 1.148911e+02
4.402224e-01 -6.867655e-02 -8.952584e-01 -1.013121e+02 2.796758e-02 9.976356e-01 -6.277764e-02 -1.198110e+01 8.974531e-01 2.597912e-03 4.411023e-01 1.154538e+02
4.457901e-01 -6.873167e-02 -8.924950e-01 -1.023673e+02 2.807347e-02 9.976308e-01 -6.280592e-02 -1.208047e+01 8.946972e-01 2.942823e-03 4.466634e-01 1.159844e+02
4.507288e-01 -6.762379e-02 -8.900958e-01 -1.034068e+02 2.770633e-02 9.977058e-01 -6.176932e-02 -1.217003e+01 8.922309e-01 3.179923e-03 4.515684e-01 1.165176e+02
4.591897e-01 -6.623785e-02 -8.858653e-01 -1.044204e+02 2.714242e-02 9.977968e-01 -6.053787e-02 -1.225410e+01 8.879235e-01 3.753842e-03 4.599759e-01 1.170305e+02
4.671285e-01 -6.775538e-02 -8.815897e-01 -1.054268e+02 2.834368e-02 9.976947e-01 -6.166026e-02 -1.233182e+01 8.837351e-01 3.815774e-03 4.679721e-01 1.175669e+02
4.764451e-01 -6.627810e-02 -8.767025e-01 -1.064011e+02 2.679372e-02 9.977860e-01 -6.087084e-02 -1.241469e+01 8.787959e-01 5.511496e-03 4.771661e-01 1.180925e+02
4.857199e-01 -6.673337e-02 -8.715635e-01 -1.074216e+02 2.615938e-02 9.977447e-01 -6.181619e-02 -1.250989e+01 8.737231e-01 7.225799e-03 4.863701e-01 1.186664e+02
4.940467e-01 -6.828940e-02 -8.667493e-01 -1.083084e+02 2.336830e-02 9.975934e-01 -6.527842e-02 -1.257189e+01 8.691213e-01 1.199614e-02 4.944535e-01 1.192280e+02
5.088154e-01 -7.233705e-02 -8.578311e-01 -1.095173e+02 2.723026e-02 9.973172e-01 -6.794788e-02 -1.267978e+01 8.604449e-01 1.121397e-02 5.094201e-01 1.197603e+02
5.203809e-01 -7.203101e-02 -8.508909e-01 -1.104447e+02 2.583764e-02 9.973080e-01 -6.862418e-02 -1.274661e+01 8.535433e-01 1.372569e-02 5.208411e-01 1.203214e+02
5.334135e-01 -6.924859e-02 -8.430152e-01 -1.113506e+02 2.421829e-02 9.974849e-01 -6.661334e-02 -1.283101e+01 8.455078e-01 1.511607e-02 5.337490e-01 1.208716e+02
5.472281e-01 -6.772301e-02 -8.342392e-01 -1.122526e+02 2.556297e-02 9.976085e-01 -6.421692e-02 -1.291742e+01 8.365931e-01 1.381567e-02 5.476506e-01 1.213986e+02
5.569155e-01 -6.652554e-02 -8.279007e-01 -1.130102e+02 2.470939e-02 9.976730e-01 -6.354590e-02 -1.299507e+01 8.302016e-01 1.493278e-02 5.572633e-01 1.219471e+02
5.680944e-01 -6.673677e-02 -8.202530e-01 -1.137526e+02 2.532186e-02 9.976521e-01 -6.363264e-02 -1.307340e+01 8.225738e-01 1.537902e-02 5.684505e-01 1.224568e+02
5.779192e-01 -6.766771e-02 -8.132837e-01 -1.142535e+02 2.593806e-02 9.975761e-01 -6.456982e-02 -1.312747e+01 8.156816e-01 1.622114e-02 5.782736e-01 1.228313e+02
5.858021e-01 -6.926572e-02 -8.074888e-01 -1.147694e+02 2.711530e-02 9.974584e-01 -6.589006e-02 -1.318865e+01 8.100004e-01 1.670324e-02 5.861914e-01 1.232243e+02
5.950431e-01 -6.674245e-02 -8.009177e-01 -1.152896e+02 2.604010e-02 9.976237e-01 -6.378791e-02 -1.326696e+01 8.032719e-01 1.710058e-02 5.953670e-01 1.237016e+02
6.039982e-01 -6.489668e-02 -7.943391e-01 -1.158345e+02 2.552165e-02 9.977431e-01 -6.210846e-02 -1.330599e+01 7.965770e-01 1.724055e-02 6.042913e-01 1.241710e+02
6.117299e-01 -6.055234e-02 -7.887459e-01 -1.162378e+02 2.283320e-02 9.980022e-01 -5.890823e-02 -1.338170e+01 7.907372e-01 1.802633e-02 6.118904e-01 1.245812e+02
6.196302e-01 -5.945095e-02 -7.826391e-01 -1.167207e+02 2.404559e-02 9.980971e-01 -5.678025e-02 -1.339678e+01 7.845255e-01 1.636375e-02 6.198807e-01 1.249522e+02
6.265658e-01 -5.867477e-02 -7.771568e-01 -1.171110e+02 2.132199e-02 9.980793e-01 -5.816387e-02 -1.344738e+01 7.790768e-01 1.987297e-02 6.266134e-01 1.255437e+02
6.343156e-01 -5.539403e-02 -7.710871e-01 -1.174973e+02 1.709213e-02 9.981906e-01 -5.764848e-02 -1.348656e+01 7.728853e-01 2.338781e-02 6.341146e-01 1.258675e+02
6.403706e-01 -5.363940e-02 -7.661908e-01 -1.177374e+02 1.589021e-02 9.982702e-01 -5.660599e-02 -1.350341e+01 7.679017e-01 2.407388e-02 6.401153e-01 1.260531e+02
6.462679e-01 -5.034534e-02 -7.614481e-01 -1.178977e+02 1.496555e-02 9.984656e-01 -5.331465e-02 -1.354039e+01 7.629639e-01 2.306006e-02 6.460297e-01 1.262995e+02
6.522446e-01 -4.536691e-02 -7.566498e-01 -1.181332e+02 1.194750e-02 9.986987e-01 -4.958064e-02 -1.356815e+01 7.579145e-01 2.329864e-02 6.519377e-01 1.266091e+02
6.582268e-01 -4.342607e-02 -7.515661e-01 -1.183775e+02 1.116438e-02 9.987882e-01 -4.793290e-02 -1.364094e+01 7.527369e-01 2.315994e-02 6.579139e-01 1.269063e+02
6.636860e-01 -4.250273e-02 -7.468027e-01 -1.185991e+02 1.042356e-02 9.988130e-01 -4.758191e-02 -1.371435e+01 7.479386e-01 2.379511e-02 6.633413e-01 1.272745e+02
6.697916e-01 -4.097034e-02 -7.414179e-01 -1.192126e+02 8.183118e-03 9.988233e-01 -4.780184e-02 -1.377887e+01 7.425040e-01 2.595016e-02 6.693388e-01 1.278128e+02
6.758815e-01 -3.837563e-02 -7.360106e-01 -1.198158e+02 7.263239e-03 9.989418e-01 -4.541502e-02 -1.384262e+01 7.369745e-01 2.534935e-02 6.754450e-01 1.284022e+02
6.819170e-01 -3.324598e-02 -7.306737e-01 -1.203820e+02 2.532247e-03 9.990678e-01 -4.309476e-02 -1.390089e+01 7.314252e-01 2.753680e-02 6.813654e-01 1.289873e+02
6.866207e-01 -3.000740e-02 -7.263963e-01 -1.203284e+02 -2.416755e-04 9.991384e-01 -4.150280e-02 -1.397851e+01 7.270159e-01 2.867224e-02 6.860218e-01 1.292916e+02
6.942048e-01 -3.057433e-02 -7.191280e-01 -1.211149e+02 7.672894e-04 9.991283e-01 -4.173809e-02 -1.402110e+01 7.197772e-01 2.842301e-02 6.936231e-01 1.299969e+02
7.001194e-01 -2.868473e-02 -7.134494e-01 -1.214481e+02 -5.863601e-04 9.991693e-01 -4.074770e-02 -1.409816e+01 7.140256e-01 2.894660e-02 6.995209e-01 1.305117e+02
7.088296e-01 -2.668818e-02 -7.048746e-01 -1.220882e+02 -5.058089e-04 9.992645e-01 -3.834310e-02 -1.416434e+01 7.053795e-01 2.753526e-02 7.082948e-01 1.311862e+02
7.178015e-01 -2.251605e-02 -6.958837e-01 -1.226566e+02 -3.402983e-03 9.993516e-01 -3.584524e-02 -1.421117e+01 6.962395e-01 2.809785e-02 7.172594e-01 1.318883e+02
7.282971e-01 -2.168960e-02 -6.849181e-01 -1.232627e+02 -2.431183e-03 9.994109e-01 -3.423394e-02 -1.428745e+01 6.852571e-01 2.659764e-02 7.278153e-01 1.328079e+02
7.372255e-01 -2.092499e-02 -6.753227e-01 -1.234646e+02 -3.459415e-03 9.993903e-01 -3.474280e-02 -1.436459e+01 6.756380e-01 2.794950e-02 7.367036e-01 1.333605e+02
7.471004e-01 -2.262093e-02 -6.643263e-01 -1.239801e+02 -2.356912e-03 9.993243e-01 -3.667852e-02 -1.440758e+01 6.647071e-01 2.896829e-02 7.465422e-01 1.340191e+02
7.566390e-01 -2.284984e-02 -6.534336e-01 -1.245486e+02 -9.874977e-04 9.993480e-01 -3.608956e-02 -1.445236e+01 6.538322e-01 2.795203e-02 7.561231e-01 1.346806e+02
7.669439e-01 -2.117947e-02 -6.413645e-01 -1.249663e+02 -1.332024e-03 9.994005e-01 -3.459556e-02 -1.449228e+01 6.417127e-01 2.738716e-02 7.664559e-01 1.352800e+02
7.771534e-01 -1.932153e-02 -6.290145e-01 -1.259937e+02 -8.010386e-04 9.994974e-01 -3.169140e-02 -1.455768e+01 6.293107e-01 2.513295e-02 7.767473e-01 1.366636e+02
7.882604e-01 -1.902307e-02 -6.150477e-01 -1.264431e+02 8.730288e-04 9.995556e-01 -2.979678e-02 -1.459084e+01 6.153412e-01 2.295067e-02 7.879267e-01 1.372230e+02
7.975307e-01 -1.700632e-02 -6.030387e-01 -1.270832e+02 1.118030e-03 9.996426e-01 -2.671234e-02 -1.463443e+01 6.032774e-01 2.062970e-02 7.972646e-01 1.380841e+02
8.064954e-01 -1.796602e-02 -5.909674e-01 -1.282660e+02 4.713045e-03 9.997018e-01 -2.396006e-02 -1.470057e+01 5.912216e-01 1.653842e-02 8.063396e-01 1.394324e+02
8.124756e-01 -1.861881e-02 -5.826979e-01 -1.282790e+02 5.956448e-03 9.997028e-01 -2.363800e-02 -1.470626e+01 5.829648e-01 1.573449e-02 8.123450e-01 1.397286e+02
8.203700e-01 -1.951244e-02 -5.715001e-01 -1.286316e+02 8.099987e-03 9.997139e-01 -2.250546e-02 -1.473702e+01 5.717757e-01 1.383366e-02 8.202933e-01 1.400382e+02
8.273287e-01 -1.867468e-02 -5.614075e-01 -1.288979e+02 7.553210e-03 9.997267e-01 -2.212402e-02 -1.475699e+01 5.616673e-01 1.406341e-02 8.272437e-01 1.405518e+02
8.276790e-01 -2.050638e-02 -5.608270e-01 -1.282098e+02 9.799272e-03 9.997079e-01 -2.209192e-02 -1.475048e+01 5.611163e-01 1.278932e-02 8.276381e-01 1.410586e+02
8.278226e-01 -2.150172e-02 -5.605777e-01 -1.273158e+02 1.080811e-02 9.996910e-01 -2.238384e-02 -1.474911e+01 5.608858e-01 1.247106e-02 8.277993e-01 1.416861e+02
8.280510e-01 -2.464848e-02 -5.601107e-01 -1.264387e+02 1.454573e-02 9.996413e-01 -2.248669e-02 -1.475059e+01 5.604641e-01 1.047291e-02 8.281125e-01 1.423408e+02
8.282334e-01 -2.809429e-02 -5.596787e-01 -1.257067e+02 1.730208e-02 9.995484e-01 -2.457025e-02 -1.473403e+01 5.601162e-01 1.066629e-02 8.283454e-01 1.428668e+02
8.283654e-01 -2.928796e-02 -5.594220e-01 -1.252352e+02 1.829142e-02 9.995140e-01 -2.524346e-02 -1.472429e+01 5.598894e-01 1.067818e-02 8.284985e-01 1.432599e+02
8.284726e-01 -3.013190e-02 -5.592185e-01 -1.250001e+02 2.007247e-02 9.995075e-01 -2.411862e-02 -1.471527e+01 5.596698e-01 8.756720e-03 8.286694e-01 1.434655e+02
8.285581e-01 -2.971091e-02 -5.591142e-01 -1.243710e+02 2.165172e-02 9.995444e-01 -2.102909e-02 -1.475500e+01 5.594842e-01 5.318041e-03 8.288239e-01 1.438768e+02
8.300642e-01 -2.520267e-02 -5.570982e-01 -1.241786e+02 1.956456e-02 9.996794e-01 -1.607391e-02 -1.477598e+01 5.573246e-01 2.442992e-03 8.302911e-01 1.440462e+02
8.327867e-01 -2.094441e-02 -5.531977e-01 -1.240386e+02 1.780845e-02 9.997804e-01 -1.104337e-02 -1.480574e+01 5.533075e-01 -6.548212e-04 8.329768e-01 1.442166e+02
8.349746e-01 -1.925615e-02 -5.499514e-01 -1.238394e+02 1.712416e-02 9.998128e-01 -9.008622e-03 -1.480104e+01 5.500219e-01 -1.895483e-03 8.351481e-01 1.444923e+02
8.367141e-01 -1.727104e-02 -5.473675e-01 -1.235293e+02 1.778236e-02 9.998323e-01 -4.365243e-03 -1.481824e+01 5.473511e-01 -6.081024e-03 8.368810e-01 1.447616e+02
8.390951e-01 -1.463107e-02 -5.437880e-01 -1.233622e+02 1.675694e-02 9.998590e-01 -1.045159e-03 -1.482491e+01 5.437267e-01 -8.235232e-03 8.392220e-01 1.449436e+02
8.402971e-01 -1.490735e-02 -5.419212e-01 -1.229526e+02 1.832261e-02 9.998317e-01 9.071491e-04 -1.482299e+01 5.418165e-01 -1.069169e-02 8.404288e-01 1.452415e+02
8.409727e-01 -1.620558e-02 -5.408349e-01 -1.223223e+02 2.103028e-02 9.997751e-01 2.743816e-03 -1.481530e+01 5.406688e-01 -1.368138e-02 8.411243e-01 1.457744e+02
8.428832e-01 -1.862222e-02 -5.377743e-01 -1.220444e+02 2.402822e-02 9.997066e-01 3.042579e-03 -1.480461e+01 5.375599e-01 -1.548629e-02 8.430834e-01 1.461230e+02
8.447841e-01 -2.363952e-02 -5.345849e-01 -1.217030e+02 2.952272e-02 9.995611e-01 2.452690e-03 -1.479336e+01 5.342922e-01 -1.785439e-02 8.451113e-01 1.465134e+02
8.468468e-01 -2.644608e-02 -5.311790e-01 -1.212846e+02 3.226659e-02 9.994779e-01 1.680403e-03 -1.478872e+01 5.308571e-01 -1.856238e-02 8.472580e-01 1.468781e+02
8.490515e-01 -2.884388e-02 -5.275221e-01 -1.208132e+02 3.404453e-02 9.994203e-01 1.486201e-04 -1.477710e+01 5.272120e-01 -1.808543e-02 8.495413e-01 1.472654e+02
8.566512e-01 -2.939913e-02 -5.150577e-01 -1.214801e+02 3.510801e-02 9.993826e-01 1.348081e-03 -1.481283e+01 5.147001e-01 -1.923749e-02 8.571545e-01 1.483914e+02
8.654723e-01 -2.586244e-02 -5.002887e-01 -1.221011e+02 3.162630e-02 9.994951e-01 3.042853e-03 -1.483173e+01 4.999574e-01 -1.845578e-02 8.658533e-01 1.493138e+02
8.747243e-01 -2.368631e-02 -4.840418e-01 -1.225485e+02 3.067094e-02 9.995083e-01 6.515874e-03 -1.483863e+01 4.836494e-01 -2.054561e-02 8.750206e-01 1.501889e+02
8.848239e-01 -2.067909e-02 -4.654664e-01 -1.230803e+02 2.902387e-02 9.995207e-01 1.076735e-02 -1.486497e+01 4.650206e-01 -2.303685e-02 8.850001e-01 1.512355e+02
8.950203e-01 -2.136502e-02 -4.455134e-01 -1.234446e+02 2.955103e-02 9.994979e-01 1.143507e-02 -1.488446e+01 4.450454e-01 -2.340000e-02 8.952023e-01 1.512596e+02
9.035792e-01 -2.195505e-02 -4.278581e-01 -1.234941e+02 3.004963e-02 9.994743e-01 1.217393e-02 -1.489638e+01 4.273658e-01 -2.385709e-02 9.037639e-01 1.514313e+02
9.121721e-01 -2.287749e-02 -4.091683e-01 -1.238080e+02 3.206552e-02 9.993639e-01 1.560810e-02 -1.491758e+01 4.085509e-01 -2.735746e-02 9.123254e-01 1.522541e+02
9.209081e-01 -2.087925e-02 -3.892201e-01 -1.243510e+02 3.104041e-02 9.993213e-01 1.983528e-02 -1.489961e+01 3.885418e-01 -3.034802e-02 9.209312e-01 1.536594e+02
9.296489e-01 -1.805299e-02 -3.680041e-01 -1.249106e+02 2.907525e-02 9.992787e-01 2.442855e-02 -1.489001e+01 3.672977e-01 -3.340979e-02 9.295032e-01 1.549169e+02
9.371678e-01 -1.595206e-02 -3.485141e-01 -1.252792e+02 2.815766e-02 9.991537e-01 2.998412e-02 -1.488514e+01 3.477409e-01 -3.791349e-02 9.368238e-01 1.561973e+02
9.440048e-01 -1.637386e-02 -3.295251e-01 -1.256790e+02 2.761787e-02 9.991841e-01 2.946939e-02 -1.485088e+01 3.287737e-01 -3.692003e-02 9.436868e-01 1.574190e+02
9.504985e-01 -1.929400e-02 -3.101296e-01 -1.259861e+02 2.943661e-02 9.991728e-01 2.805734e-02 -1.483571e+01 3.093317e-01 -3.579762e-02 9.502802e-01 1.586370e+02
9.564734e-01 -2.150198e-02 -2.910263e-01 -1.263350e+02 3.121119e-02 9.990990e-01 2.876052e-02 -1.482110e+01 2.901457e-01 -3.659195e-02 9.562827e-01 1.598329e+02
9.619284e-01 -2.500620e-02 -2.721554e-01 -1.265854e+02 3.426425e-02 9.989827e-01 2.931778e-02 -1.477858e+01 2.711454e-01 -3.752680e-02 9.618066e-01 1.608546e+02
9.666126e-01 -2.547706e-02 -2.549728e-01 -1.268777e+02 3.546886e-02 9.987693e-01 3.466622e-02 -1.479741e+01 2.537758e-01 -4.255240e-02 9.663267e-01 1.620437e+02
9.715069e-01 -2.479657e-02 -2.357106e-01 -1.271715e+02 3.437595e-02 9.987379e-01 3.661780e-02 -1.477411e+01 2.345051e-01 -4.367723e-02 9.711332e-01 1.632394e+02
9.760651e-01 -2.161824e-02 -2.164015e-01 -1.274311e+02 3.065132e-02 9.987894e-01 3.847302e-02 -1.474294e+01 2.153078e-01 -4.418517e-02 9.755461e-01 1.645287e+02
9.802610e-01 -2.099420e-02 -1.965898e-01 -1.277456e+02 2.967336e-02 9.987057e-01 4.130739e-02 -1.471554e+01 1.954682e-01 -4.632550e-02 9.796153e-01 1.662837e+02
9.840094e-01 -2.014977e-02 -1.769731e-01 -1.279841e+02 2.801149e-02 9.987233e-01 4.203760e-02 -1.467334e+01 1.759001e-01 -4.632267e-02 9.833176e-01 1.678605e+02
9.875281e-01 -1.873781e-02 -1.563241e-01 -1.282477e+02 2.556621e-02 9.987994e-01 4.178522e-02 -1.464208e+01 1.553535e-01 -4.526069e-02 9.868215e-01 1.689523e+02
9.904958e-01 -1.905602e-02 -1.362167e-01 -1.285088e+02 2.475306e-02 9.988829e-01 4.025258e-02 -1.460036e+01 1.352974e-01 -4.324180e-02 9.898610e-01 1.704421e+02
9.928221e-01 -1.933823e-02 -1.180266e-01 -1.286253e+02 2.417351e-02 9.989202e-01 3.967453e-02 -1.457358e+01 1.171319e-01 -4.224287e-02 9.922175e-01 1.718762e+02
9.947652e-01 -2.047983e-02 -1.001145e-01 -1.287196e+02 2.442448e-02 9.989664e-01 3.833576e-02 -1.453290e+01 9.922588e-02 -4.058032e-02 9.942371e-01 1.733314e+02
9.962490e-01 -2.327609e-02 -8.334351e-02 -1.287161e+02 2.644443e-02 9.989610e-01 3.711544e-02 -1.450957e+01 8.239301e-02 -3.918019e-02 9.958295e-01 1.748044e+02
9.976559e-01 -2.188979e-02 -6.483464e-02 -1.288095e+02 2.403441e-02 9.991832e-01 3.248518e-02 -1.447552e+01 6.407058e-02 -3.396730e-02 9.973671e-01 1.764545e+02
9.985589e-01 -2.357298e-02 -4.821301e-02 -1.287652e+02 2.487967e-02 9.993343e-01 2.668432e-02 -1.444485e+01 4.755188e-02 -2.784538e-02 9.984806e-01 1.777917e+02
9.992630e-01 -2.265676e-02 -3.098355e-02 -1.287986e+02 2.335872e-02 9.994743e-01 2.248491e-02 -1.442371e+01 3.045783e-02 -2.319207e-02 9.992670e-01 1.792802e+02
