1.000000e+00 0.000000e+00 0.000000e+00 0.000000e+00 0.000000e+00 1.000000e+00 0.000000e+00 0.000000e+00 0.000000e+00 0.000000e+00 1.000000e+00 0.000000e+00
9.999435e-01 -1.953902e-03 -1.045134e-02 -1.623881e-01 1.959460e-03 9.999980e-01 5.215521e-04 1.313927e-02 1.045030e-02 -5.420016e-04 9.999452e-01 7.717696e-02
9.999833e-01 4.218213e-04 5.771893e-03 -1.437701e-01 -4.200627e-04 9.999999e-01 -3.058979e-04 1.644915e-02 -5.772021e-03 3.034682e-04 9.999833e-01 2.225977e-01
9.996603e-01 2.090079e-03 2.598016e-02 -1.468007e-01 -2.109416e-03 9.999975e-01 7.169340e-04 6.784608e-03 -2.597860e-02 -7.714934e-04 9.996622e-01 7.020608e-01
9.986277e-01 2.941612e-03 5.228883e-02 -6.599928e-02 -3.109637e-03 9.999903e-01 3.132336e-03 -5.007206e-03 -5.227910e-02 -3.290636e-03 9.986271e-01 9.114385e-01
9.962341e-01 1.559594e-03 8.669025e-02 -1.431013e-02 -2.063302e-03 9.999815e-01 5.721126e-03 4.565918e-03 -8.667973e-02 -5.878448e-03 9.962189e-01 1.147029e+00
9.922693e-01 -1.429525e-03 1.240950e-01 6.888324e-02 5.087154e-04 9.999721e-01 7.451572e-03 6.143304e-03 -1.241022e-01 -7.330838e-03 9.922424e-01 1.372363e+00
9.864604e-01 -4.625509e-03 1.639342e-01 1.658010e-01 3.293062e-03 9.999593e-01 8.398762e-03 -1.121134e-02 -1.639664e-01 -7.745201e-03 9.864355e-01 1.668564e+00
9.781909e-01 -7.901867e-03 2.075576e-01 2.770298e-01 5.952225e-03 9.999321e-01 1.001611e-02 -8.035681e-03 -2.076227e-01 -8.562233e-03 9.781715e-01 2.132836e+00
9.665245e-01 -9.521564e-03 2.563978e-01 3.728097e-01 6.209332e-03 9.998865e-01 1.372482e-02 -2.294524e-02 -2.564994e-01 -1.167331e-02 9.664739e-01 2.493776e+00
9.524605e-01 -1.848674e-02 3.041006e-01 5.568214e-01 1.203034e-02 9.996610e-01 2.309118e-02 -2.529431e-02 -3.044243e-01 -1.833501e-02 9.523600e-01 2.832756e+00
9.364840e-01 -2.666420e-02 3.496951e-01 7.198309e-01 1.640764e-02 9.993448e-01 3.226022e-02 -3.311946e-02 -3.503262e-01 -2.447352e-02 9.363080e-01 3.075094e+00
9.161502e-01 -3.570531e-02 3.992418e-01 9.954544e-01 2.218633e-02 9.990149e-01 3.843316e-02 -3.898501e-02 -4.002208e-01 -2.635284e-02 9.160398e-01 3.425181e+00
8.922472e-01 -4.041613e-02 4.497349e-01 1.303991e+00 2.264622e-02 9.987382e-01 4.482441e-02 -3.734858e-02 -4.509790e-01 -2.980966e-02 8.920366e-01 3.829538e+00
8.650061e-01 -4.649581e-02 4.996024e-01 1.522889e+00 2.459911e-02 9.984297e-01 5.032884e-02 -3.699722e-02 -5.011580e-01 -3.124498e-02 8.647916e-01 4.075527e+00
8.344021e-01 -5.646774e-02 5.482560e-01 1.881736e+00 3.093616e-02 9.979680e-01 5.570353e-02 -4.660183e-02 -5.502874e-01 -2.951821e-02 8.344535e-01 4.455259e+00
7.999640e-01 -6.536039e-02 5.964778e-01 2.195419e+00 3.539345e-02 9.974589e-01 6.183100e-02 -5.956613e-02 -5.990034e-01 -2.835117e-02 8.002445e-01 4.764398e+00
7.643825e-01 -7.254139e-02 6.406693e-01 2.662215e+00 3.805783e-02 9.969945e-01 6.748040e-02 -5.250617e-02 -6.436389e-01 -2.719835e-02 7.648458e-01 5.094878e+00
7.250292e-01 -7.749389e-02 6.843445e-01 3.025423e+00 4.100828e-02 9.967441e-01 6.942320e-02 -2.305781e-02 -6.874962e-01 -2.227006e-02 7.258465e-01 5.436018e+00
6.866228e-01 -8.023567e-02 7.225727e-01 3.593632e+00 4.085687e-02 9.965792e-01 7.183766e-02 2.577703e-02 -7.258649e-01 -1.980332e-02 6.875522e-01 5.778115e+00
6.471483e-01 -8.084235e-02 7.580658e-01 4.127297e+00 3.567319e-02 9.964836e-01 7.581432e-02 6.934417e-02 -7.615291e-01 -2.202049e-02 6.477565e-01 6.089817e+00
6.139781e-01 -8.122322e-02 7.851329e-01 4.759024e+00 3.244505e-02 9.964478e-01 7.771187e-02 1.332272e-01 -7.886559e-01 -2.223971e-02 6.144325e-01 6.192142e+00
5.773309e-01 -8.376143e-02 8.122026e-01 5.212905e+00 3.351105e-02 9.963169e-01 7.892854e-02 1.710802e-01 -8.158223e-01 -1.835013e-02 5.780115e-01 6.374709e+00
5.416130e-01 -8.710420e-02 8.361030e-01 5.709222e+00 3.284670e-02 9.960505e-01 8.248981e-02 2.033174e-01 -8.399860e-01 -1.721433e-02 5.423350e-01 6.581516e+00
5.066061e-01 -8.731517e-02 8.577449e-01 6.235749e+00 2.951263e-02 9.960319e-01 8.396135e-02 2.485633e-01 -8.616723e-01 -1.722102e-02 5.071727e-01 6.812443e+00
4.725236e-01 -8.732487e-02 8.769811e-01 6.751887e+00 3.040732e-02 9.961020e-01 8.280259e-02 2.852756e-01 -8.807934e-01 -1.245955e-02 4.733370e-01 7.010616e+00
4.406837e-01 -8.659790e-02 8.934757e-01 7.258201e+00 3.196523e-02 9.962184e-01 8.078998e-02 3.276991e-01 -8.970932e-01 -7.042678e-03 4.417853e-01 7.195237e+00
4.123371e-01 -8.498733e-02 9.070587e-01 7.799101e+00 3.314452e-02 9.963796e-01 7.828923e-02 3.807517e-01 -9.104283e-01 -2.217542e-03 4.136611e-01 7.392158e+00
3.871199e-01 -8.314711e-02 9.182727e-01 8.352052e+00 3.438183e-02 9.965348e-01 7.573904e-02 4.269320e-01 -9.213881e-01 2.251803e-03 3.886372e-01 7.569856e+00
3.674061e-01 -8.309183e-02 9.263415e-01 8.940863e+00 3.522978e-02 9.965297e-01 7.541478e-02 4.703763e-01 -9.293932e-01 4.926950e-03 3.690584e-01 7.780725e+00
3.542408e-01 -8.414910e-02 9.313606e-01 9.698727e+00 3.673441e-02 9.964266e-01 7.605603e-02 5.265321e-01 -9.344326e-01 7.270822e-03 3.560662e-01 7.977430e+00
3.474043e-01 -8.646046e-02 9.337209e-01 1.011870e+01 4.024917e-02 9.961974e-01 7.727036e-02 5.535395e-01 -9.368513e-01 1.073743e-02 3.495632e-01 8.043056e+00
3.370690e-01 -8.788334e-02 9.373693e-01 1.071743e+01 3.807460e-02 9.960917e-01 7.969762e-02 6.002861e-01 -9.407099e-01 8.826349e-03 3.390977e-01 8.257419e+00
3.271341e-01 -8.954721e-02 9.407256e-01 1.141890e+01 3.627282e-02 9.959563e-01 8.219084e-02 6.576760e-01 -9.442815e-01 7.235339e-03 3.290595e-01 8.497156e+00
3.178946e-01 -9.136004e-02 9.437141e-01 1.215256e+01 3.515993e-02 9.957980e-01 8.455843e-02 7.154065e-01 -9.474739e-01 6.300254e-03 3.197710e-01 8.720101e+00
3.086856e-01 -9.331644e-02 9.465755e-01 1.286685e+01 3.413060e-02 9.956216e-01 8.702130e-02 7.714425e-01 -9.505516e-01 5.444972e-03 3.105190e-01 8.925934e+00
2.998167e-01 -9.456760e-02 9.492983e-01 1.359270e+01 3.299187e-02 9.955073e-01 8.875106e-02 8.351030e-01 -9.534264e-01 4.710072e-03 3.015896e-01 9.103273e+00
2.893674e-01 -9.535029e-02 9.524572e-01 1.436862e+01 3.211001e-02 9.954333e-01 8.989722e-02 9.043208e-01 -9.566793e-01 4.570086e-03 2.911077e-01 9.342380e+00
2.795304e-01 -9.783716e-02 9.551391e-01 1.515587e+01 3.050612e-02 9.951975e-01 9.301253e-02 9.668080e-01 -9.596521e-01 3.137758e-03 2.811726e-01 9.557813e+00
2.703448e-01 -1.016961e-01 9.573775e-01 1.597695e+01 2.857715e-02 9.948151e-01 9.760317e-02 1.032246e+00 -9.623394e-01 9.726076e-04 2.718493e-01 9.736693e+00
2.584126e-01 -1.050522e-01 9.603057e-01 1.670815e+01 2.718555e-02 9.944667e-01 1.014738e-01 1.105165e+00 -9.656520e-01 -1.156682e-04 2.598386e-01 9.947277e+00
2.470949e-01 -1.077729e-01 9.629793e-01 1.761620e+01 2.676855e-02 9.941756e-01 1.043956e-01 1.176337e+00 -9.686214e-01 -1.807549e-05 2.485407e-01 1.009634e+01
2.336779e-01 -1.079167e-01 9.663068e-01 1.837453e+01 2.565454e-02 9.941599e-01 1.048234e-01 1.252801e+00 -9.719756e-01 2.952332e-04 2.350817e-01 1.029155e+01
2.196019e-01 -1.073126e-01 9.696695e-01 1.914348e+01 2.332298e-02 9.942253e-01 1.047482e-01 1.317899e+00 -9.753107e-01 -3.873205e-04 2.208366e-01 1.048367e+01
2.029586e-01 -1.060426e-01 9.734283e-01 1.995969e+01 2.179852e-02 9.943616e-01 1.037780e-01 1.394398e+00 -9.789446e-01 1.566535e-04 2.041259e-01 1.065434e+01
1.836385e-01 -1.049474e-01 9.773756e-01 2.079009e+01 1.879321e-02 9.944776e-01 1.032528e-01 1.461103e+00 -9.828142e-01 -5.931605e-04 1.845967e-01 1.080417e+01
1.589230e-01 -1.036814e-01 9.818318e-01 2.167345e+01 1.383577e-02 9.946067e-01 1.027909e-01 1.535951e+00 -9.871941e-01 -2.751454e-03 1.595004e-01 1.092827e+01
1.300741e-01 -1.027505e-01 9.861658e-01 2.253155e+01 8.854098e-03 9.946966e-01 1.024715e-01 1.611554e+00 -9.914647e-01 -4.597284e-03 1.302941e-01 1.102604e+01
9.746903e-02 -1.029525e-01 9.898993e-01 2.339609e+01 6.850380e-03 9.946810e-01 1.027753e-01 1.684582e+00 -9.952150e-01 -3.236221e-03 9.765583e-02 1.111212e+01
6.449747e-02 -1.022253e-01 9.926683e-01 2.424614e+01 4.453988e-03 9.947589e-01 1.021513e-01 1.752430e+00 -9.979081e-01 -2.167172e-03 6.461471e-02 1.112093e+01
3.156078e-02 -1.012335e-01 9.943619e-01 2.503089e+01 2.744500e-03 9.948626e-01 1.011974e-01 1.825554e+00 -9.994981e-01 -4.648380e-04 3.167647e-02 1.114040e+01
-1.232624e-03 -9.887886e-02 9.950987e-01 2.574533e+01 -2.196194e-04 9.950995e-01 9.887867e-02 1.902667e+00 -9.999992e-01 -9.666246e-05 -1.248360e-03 1.115996e+01
-3.275073e-02 -9.643756e-02 9.948001e-01 2.644643e+01 -2.958869e-03 9.953390e-01 9.639239e-02 1.968209e+00 -9.994592e-01 2.134362e-04 -3.288341e-02 1.114996e+01
-6.509042e-02 -9.206183e-02 9.936236e-01 2.717896e+01 -1.188823e-03 9.957416e-01 9.218019e-02 2.036906e+00 -9.978787e-01 4.818809e-03 -6.492269e-02 1.109084e+01
-9.662831e-02 -8.671374e-02 9.915360e-01 2.798983e+01 3.013794e-03 9.961677e-01 8.741249e-02 2.098360e+00 -9.953160e-01 1.143481e-02 -9.599674e-02 1.097704e+01
-1.270707e-01 -8.127782e-02 9.885580e-01 2.882095e+01 8.046189e-03 9.965199e-01 8.296669e-02 2.153596e+00 -9.918610e-01 1.849676e-02 -1.259744e-01 1.084302e+01
-1.568815e-01 -7.614500e-02 9.846778e-01 2.964497e+01 1.372012e-02 9.967591e-01 7.926518e-02 2.206702e+00 -9.875222e-01 2.594512e-02 -1.553283e-01 1.069963e+01
-1.852875e-01 -6.993239e-02 9.801928e-01 3.040715e+01 2.158098e-02 9.969344e-01 7.520632e-02 2.260383e+00 -9.824473e-01 3.508832e-02 -1.832103e-01 1.054358e+01
-2.122527e-01 -5.977270e-02 9.753852e-01 3.113506e+01 2.705597e-02 9.973855e-01 6.700853e-02 2.303127e+00 -9.768404e-01 4.061272e-02 -2.100805e-01 1.039191e+01
-2.375946e-01 -4.429506e-02 9.703540e-01 3.173978e+01 3.005051e-02 9.981464e-01 5.292172e-02 2.343074e+00 -9.708995e-01 4.173354e-02 -2.358230e-01 1.026628e+01
-2.636981e-01 -2.721021e-02 9.642215e-01 3.242350e+01 3.027245e-02 9.988762e-01 3.646716e-02 2.365958e+00 -9.641302e-01 3.880566e-02 -2.625781e-01 1.011796e+01
-2.905878e-01 -1.291762e-02 9.567611e-01 3.308805e+01 2.757212e-02 9.993806e-01 2.186726e-02 2.382384e+00 -9.564510e-01 3.273429e-02 -2.900516e-01 9.969295e+00
-3.177778e-01 -3.227760e-03 9.481598e-01 3.374009e+01 2.894723e-02 9.994950e-01 1.310424e-02 2.381551e+00 -9.477233e-01 3.161083e-02 -3.175238e-01 9.813202e+00
-3.419373e-01 1.035681e-03 9.397222e-01 3.447915e+01 3.112902e-02 9.994631e-01 1.022541e-02 2.379187e+00 -9.392070e-01 3.274908e-02 -3.417859e-01 9.543753e+00
-3.656174e-01 7.672954e-04 9.307650e-01 3.519680e+01 3.443279e-02 9.993263e-01 1.270186e-02 2.373262e+00 -9.301282e-01 3.669286e-02 -3.653975e-01 9.284049e+00
-3.873451e-01 -3.801399e-03 9.219270e-01 3.589426e+01 3.664351e-02 9.991378e-01 1.951543e-02 2.373492e+00 -9.212063e-01 4.134185e-02 -3.868718e-01 9.007343e+00
-4.068643e-01 -4.330816e-03 9.134784e-01 3.666676e+01 4.544959e-02 9.986543e-01 2.497794e-02 2.376347e+00 -9.123573e-01 5.167985e-02 -4.061199e-01 8.640725e+00
-4.218460e-01 -4.191816e-03 9.066580e-01 3.737091e+01 4.790873e-02 9.984893e-01 2.690715e-02 2.371217e+00 -9.054011e-01 5.478749e-02 -4.210079e-01 8.318830e+00
-4.352446e-01 -4.573318e-04 9.003122e-01 3.809386e+01 5.063476e-02 9.984046e-01 2.498589e-02 2.376411e+00 -8.988873e-01 5.646206e-02 -4.345270e-01 7.996888e+00
-4.458016e-01 2.663392e-03 8.951281e-01 3.873808e+01 5.152748e-02 9.984137e-01 2.269156e-02 2.382176e+00 -8.936478e-01 5.623962e-02 -4.452317e-01 7.691755e+00
-4.577810e-01 1.897833e-03 8.890631e-01 3.950126e+01 4.517447e-02 9.987556e-01 2.112846e-02 2.382184e+00 -8.879166e-01 4.983516e-02 -4.572971e-01 7.329345e+00
-4.699419e-01 1.154252e-03 8.826967e-01 4.010136e+01 4.481553e-02 9.987407e-01 2.255350e-02 2.385926e+00 -8.815590e-01 5.015735e-02 -4.694018e-01 7.042332e+00
-4.796090e-01 2.915969e-03 8.774776e-01 4.082304e+01 4.676899e-02 9.986580e-01 2.224418e-02 2.397768e+00 -8.762352e-01 5.170724e-02 -4.791018e-01 6.655473e+00
-4.881738e-01 5.899837e-03 8.727266e-01 4.145039e+01 5.008739e-02 9.985184e-01 2.126698e-02 2.398054e+00 -8.713080e-01 5.409457e-02 -4.877460e-01 6.318165e+00
-4.922341e-01 9.824744e-03 8.704076e-01 4.215465e+01 5.362810e-02 9.983791e-01 1.905860e-02 2.399499e+00 -8.688096e-01 5.605960e-02 -4.919631e-01 5.975034e+00
-4.942232e-01 1.114665e-02 8.692636e-01 4.292316e+01 5.268499e-02 9.984639e-01 1.715085e-02 2.401047e+00 -8.677371e-01 5.427349e-02 -4.940513e-01 5.582599e+00
-4.917340e-01 1.185725e-02 8.706648e-01 4.355526e+01 5.685502e-02 9.982107e-01 1.851632e-02 2.402323e+00 -8.688874e-01 5.860677e-02 -4.915283e-01 5.269222e+00
-4.879084e-01 1.089877e-02 8.728268e-01 4.415577e+01 5.643017e-02 9.982242e-01 1.907977e-02 2.405026e+00 -8.710689e-01 5.856295e-02 -4.876570e-01 5.001774e+00
-4.834177e-01 9.538171e-03 8.753380e-01 4.481188e+01 5.235298e-02 9.984658e-01 1.803283e-02 2.427466e+00 -8.738230e-01 5.454394e-02 -4.831755e-01 4.705577e+00
-4.778967e-01 9.156314e-03 8.783683e-01 4.543721e+01 5.294986e-02 9.984276e-01 1.840077e-02 2.425764e+00 -8.768187e-01 5.530314e-02 -4.776301e-01 4.410673e+00
-4.732553e-01 7.643944e-03 8.808922e-01 4.628064e+01 4.999534e-02 9.985837e-01 1.819455e-02 2.435345e+00 -8.795056e-01 5.265117e-02 -4.729671e-01 4.010613e+00
-4.694753e-01 5.034078e-03 8.829313e-01 4.710262e+01 4.578632e-02 9.987772e-01 1.865108e-02 2.439621e+00 -8.817577e-01 4.918240e-02 -4.691317e-01 3.603334e+00
-4.681298e-01 3.333822e-03 8.836537e-01 4.792527e+01 4.355951e-02 9.988642e-01 1.930786e-02 2.447726e+00 -8.825857e-01 4.753010e-02 -4.677433e-01 3.191289e+00
-4.701310e-01 7.974137e-04 8.825964e-01 4.878906e+01 3.997015e-02 9.989929e-01 2.038825e-02 2.460655e+00 -8.816913e-01 4.486265e-02 -4.696894e-01 2.767869e+00
-4.720409e-01 -3.323815e-05 8.815767e-01 4.970419e+01 4.112690e-02 9.989104e-01 2.205909e-02 2.459164e+00 -8.806168e-01 4.666931e-02 -4.715252e-01 2.312029e+00
-4.739598e-01 -6.599870e-04 8.805464e-01 5.059060e+01 4.099001e-02 9.988991e-01 2.281183e-02 2.470400e+00 -8.795921e-01 4.690549e-02 -4.734110e-01 1.859980e+00
-4.756620e-01 -1.245734e-03 8.796274e-01 5.147826e+01 4.112641e-02 9.988739e-01 2.365387e-02 2.479075e+00 -8.786663e-01 4.742716e-02 -4.750751e-01 1.404123e+00
-4.772645e-01 -2.278578e-03 8.787568e-01 5.236182e+01 4.071073e-02 9.988656e-01 2.470056e-02 2.493320e+00 -8.778162e-01 4.756353e-02 -4.766303e-01 9.545453e-01
-4.818382e-01 -2.915200e-03 8.762554e-01 5.245921e+01 3.937186e-02 9.989125e-01 2.497320e-02 2.487257e+00 -8.753753e-01 4.653285e-02 -4.811995e-01 9.534047e-01
-4.857026e-01 -5.577981e-03 8.741064e-01 5.252333e+01 3.641753e-02 9.989823e-01 2.661048e-02 2.477985e+00 -8.733653e-01 4.475757e-02 -4.850051e-01 9.383603e-01
-4.906164e-01 -8.651816e-03 8.713328e-01 5.267287e+01 3.269680e-02 9.990637e-01 2.833050e-02 2.466295e+00 -8.707621e-01 4.238920e-02 -4.898742e-01 9.104986e-01
-4.920415e-01 -9.663909e-03 8.705181e-01 5.360065e+01 3.173481e-02 9.990747e-01 2.902847e-02 2.474226e+00 -8.699932e-01 4.190894e-02 -4.912795e-01 4.203998e-01
-4.924403e-01 -1.094241e-02 8.702774e-01 5.454195e+01 3.176899e-02 9.990286e-01 3.053752e-02 2.489538e+00 -8.697662e-01 4.268574e-02 -4.916143e-01 -5.809420e-02
-4.918166e-01 -1.262098e-02 8.706074e-01 5.543980e+01 3.339142e-02 9.988860e-01 3.334382e-02 2.502416e+00 -8.700584e-01 4.546986e-02 -4.908473e-01 -5.302560e-01
-4.911945e-01 -1.369017e-02 8.709424e-01 5.640787e+01 3.442280e-02 9.987903e-01 3.511357e-02 2.514904e+00 -8.703695e-01 4.722787e-02 -4.901290e-01 -9.905763e-01
-4.914353e-01 -1.381018e-02 8.708048e-01 5.723992e+01 3.448799e-02 9.987814e-01 3.530293e-02 2.532895e+00 -8.702312e-01 4.738140e-02 -4.903601e-01 -1.387847e+00
-4.911413e-01 -1.466228e-02 8.709565e-01 5.818437e+01 3.415931e-02 9.987651e-01 3.607668e-02 2.541868e+00 -8.704099e-01 4.747002e-02 -4.900339e-01 -1.878256e+00
-4.916176e-01 -1.430650e-02 8.706937e-01 5.903193e+01 3.282115e-02 9.988502e-01 3.494398e-02 2.558189e+00 -8.701925e-01 4.575624e-02 -4.905827e-01 -2.299938e+00
-4.934460e-01 -1.365551e-02 8.696693e-01 5.999330e+01 3.072912e-02 9.989789e-01 3.312147e-02 2.573624e+00 -8.692335e-01 4.306782e-02 -4.925225e-01 -2.798094e+00
-4.962624e-01 -1.170507e-02 8.680940e-01 6.080549e+01 3.021014e-02 9.990707e-01 3.074132e-02 2.586217e+00 -8.676471e-01 4.148099e-02 -4.954476e-01 -3.272507e+00
-5.015885e-01 -1.202649e-02 8.650229e-01 6.169927e+01 2.542200e-02 9.992666e-01 2.863399e-02 2.606096e+00 -8.647329e-01 3.635309e-02 -5.009149e-01 -3.770445e+00
-5.064400e-01 -1.256298e-02 8.621837e-01 6.256657e+01 2.732841e-02 9.991577e-01 3.061135e-02 2.622995e+00 -8.618420e-01 3.906493e-02 -5.056702e-01 -4.303143e+00
-5.139118e-01 -1.352744e-02 8.577363e-01 6.338998e+01 2.675265e-02 9.991366e-01 3.178630e-02 2.660918e+00 -8.574257e-01 3.928208e-02 -5.131062e-01 -4.765350e+00
-5.195780e-01 -1.510696e-02 8.542894e-01 6.412495e+01 2.077192e-02 9.993249e-01 3.030518e-02 2.702641e+00 -8.541704e-01 3.349114e-02 -5.189134e-01 -5.217259e+00
-5.272893e-01 -1.254770e-02 8.495934e-01 6.488539e+01 1.939187e-02 9.994528e-01 2.679630e-02 2.718371e+00 -8.494647e-01 3.060460e-02 -5.267574e-01 -5.608036e+00
-5.354309e-01 -4.945950e-03 8.445646e-01 6.575085e+01 2.588532e-02 9.994169e-01 2.226338e-02 2.771635e+00 -8.441823e-01 3.378233e-02 -5.349907e-01 -6.047815e+00
-5.422872e-01 -2.155086e-03 8.401904e-01 6.647884e+01 2.230174e-02 9.996074e-01 1.695829e-02 2.801797e+00 -8.398971e-01 2.793397e-02 -5.420263e-01 -6.442095e+00
-5.499284e-01 -1.840936e-03 8.352099e-01 6.734686e+01 1.845849e-02 9.997265e-01 1.435720e-02 2.831414e+00 -8.350079e-01 2.331215e-02 -5.497441e-01 -6.888788e+00
-5.536295e-01 -2.080056e-03 8.327606e-01 6.814540e+01 1.900889e-02 9.997048e-01 1.513439e-02 2.837087e+00 -8.325462e-01 2.420870e-02 -5.534265e-01 -7.419934e+00
-5.567904e-01 -8.403949e-03 8.306105e-01 6.898064e+01 1.923353e-02 9.995503e-01 2.300623e-02 2.851379e+00 -8.304303e-01 2.878522e-02 -5.563784e-01 -7.960043e+00
-5.590158e-01 -1.459909e-02 8.290285e-01 6.972623e+01 2.125628e-02 9.992641e-01 3.193008e-02 2.857445e+00 -8.288845e-01 3.547148e-02 -5.582941e-01 -8.443821e+00
-5.619469e-01 -1.559217e-02 8.270264e-01 7.054431e+01 2.076266e-02 9.992414e-01 3.294678e-02 2.883228e+00 -8.269127e-01 3.568560e-02 -5.611969e-01 -8.982656e+00
-5.625180e-01 -8.062991e-03 8.267457e-01 7.136334e+01 2.620155e-02 9.992763e-01 2.757317e-02 2.887552e+00 -8.263698e-01 3.717242e-02 -5.618997e-01 -9.537103e+00
-5.650229e-01 -4.384128e-03 8.250635e-01 7.221323e+01 2.283029e-02 9.995199e-01 2.094585e-02 2.902686e+00 -8.247592e-01 3.067132e-02 -5.646516e-01 -1.011532e+01
-5.652907e-01 1.838878e-03 8.248898e-01 7.298635e+01 3.370188e-02 9.992141e-01 2.086815e-02 2.887337e+00 -8.242031e-01 3.959691e-02 -5.649084e-01 -1.065005e+01
-5.634377e-01 9.703437e-03 8.261015e-01 7.374072e+01 4.976058e-02 9.985142e-01 2.221031e-02 2.833478e+00 -8.246586e-01 5.362143e-02 -5.630834e-01 -1.119962e+01
-5.641937e-01 1.859245e-03 8.256404e-01 7.481805e+01 3.643095e-02 9.990796e-01 2.264494e-02 2.885093e+00 -8.248383e-01 4.285499e-02 -5.637422e-01 -1.191822e+01
-5.630841e-01 -6.163323e-04 8.263993e-01 7.557864e+01 3.749960e-02 9.989506e-01 2.629614e-02 2.902782e+00 -8.255484e-01 4.579658e-02 -5.624701e-01 -1.243220e+01
-5.641309e-01 -8.891978e-03 8.256375e-01 7.639772e+01 3.301846e-02 9.988992e-01 3.331840e-02 2.892294e+00 -8.250249e-01 4.605722e-02 -5.632163e-01 -1.297082e+01
-5.631771e-01 -1.483656e-02 8.262029e-01 7.725893e+01 2.411720e-02 9.991178e-01 3.438105e-02 2.914036e+00 -8.259841e-01 3.928833e-02 -5.623225e-01 -1.355807e+01
-5.650210e-01 -1.973883e-02 8.248404e-01 7.830977e+01 1.630505e-02 9.992514e-01 3.508164e-02 2.933110e+00 -8.249155e-01 3.327093e-02 -5.642762e-01 -1.420486e+01
-5.629791e-01 -1.912870e-02 8.262500e-01 7.909650e+01 1.798995e-02 9.992116e-01 3.539072e-02 2.954576e+00 -8.262756e-01 3.478842e-02 -5.621911e-01 -1.473991e+01
-5.599533e-01 -1.395589e-02 8.284067e-01 7.985052e+01 2.493893e-02 9.991212e-01 3.368909e-02 2.965981e+00 -8.281488e-01 3.952389e-02 -5.591131e-01 -1.525174e+01
-5.555761e-01 -1.180452e-02 8.313819e-01 8.065716e+01 2.617068e-02 9.991555e-01 3.167539e-02 2.980895e+00 -8.310537e-01 3.935592e-02 -5.547979e-01 -1.578683e+01
-5.485379e-01 -1.079628e-02 8.360561e-01 8.145602e+01 2.588063e-02 9.992183e-01 2.988358e-02 3.021452e+00 -8.357251e-01 3.802993e-02 -5.478296e-01 -1.630624e+01
-5.395343e-01 -3.601267e-03 8.419561e-01 8.222072e+01 4.604930e-02 9.983679e-01 3.377915e-02 2.970975e+00 -8.407035e-01 5.699649e-02 -5.384879e-01 -1.682912e+01
-5.312344e-01 -6.135372e-03 8.472027e-01 8.305549e+01 3.883194e-02 9.987465e-01 3.158222e-02 3.015136e+00 -8.463345e-01 4.967608e-02 -5.303302e-01 -1.732122e+01
-5.209619e-01 -8.334702e-03 8.535392e-01 8.386507e+01 3.849395e-02 9.987056e-01 3.324721e-02 3.020438e+00 -8.527115e-01 5.017662e-02 -5.199667e-01 -1.780319e+01
-5.100071e-01 -1.034778e-02 8.601080e-01 8.466515e+01 4.165914e-02 9.984571e-01 3.671430e-02 3.038581e+00 -8.591608e-01 5.455591e-02 -5.087892e-01 -1.825640e+01
-4.993771e-01 -1.095245e-02 8.663156e-01 8.545593e+01 4.127906e-02 9.984837e-01 3.641820e-02 3.055833e+00 -8.654009e-01 5.394709e-02 -4.981679e-01 -1.870507e+01
-4.891844e-01 -1.184715e-02 8.720999e-01 8.629961e+01 4.322866e-02 9.983495e-01 3.781034e-02 3.073551e+00 -8.711084e-01 5.619594e-02 -4.878649e-01 -1.914314e+01
-4.776671e-01 -1.193248e-02 8.784601e-01 8.714991e+01 3.878143e-02 9.986467e-01 3.465262e-02 3.092850e+00 -8.776848e-01 5.062034e-02 -4.765579e-01 -1.961344e+01
-4.625404e-01 -5.304959e-03 8.865824e-01 8.813762e+01 4.847809e-02 9.983348e-01 3.126522e-02 3.101210e+00 -8.852719e-01 5.744124e-02 -4.615129e-01 -2.010717e+01
-4.512882e-01 4.846797e-03 8.923651e-01 8.897623e+01 5.444239e-02 9.982721e-01 2.211067e-02 3.112231e+00 -8.907160e-01 5.856077e-02 -4.507724e-01 -2.054015e+01
-4.388317e-01 1.009755e-02 8.985125e-01 8.982774e+01 6.006763e-02 9.980298e-01 1.812097e-02 3.107030e+00 -8.965593e-01 6.192358e-02 -4.385736e-01 -2.095568e+01
-4.289986e-01 6.018430e-03 9.032853e-01 9.069171e+01 5.459879e-02 9.983222e-01 1.927903e-02 3.128439e+00 -9.016538e-01 5.758896e-02 -4.286073e-01 -2.133821e+01
-4.174582e-01 3.456415e-03 9.086896e-01 9.153632e+01 5.611382e-02 9.981824e-01 2.198225e-02 3.131561e+00 -9.069620e-01 6.016671e-02 -4.168934e-01 -2.171919e+01
-4.079460e-01 6.862706e-03 9.129804e-01 9.245295e+01 6.631877e-02 9.975529e-01 2.213471e-02 3.068123e+00 -9.105944e-01 6.957749e-02 -4.074029e-01 -2.214476e+01
-3.554455e-01 1.573225e-01 9.213621e-01 9.295843e+01 4.220154e-01 9.065533e-01 8.012346e-03 4.061745e+00 -8.340033e-01 3.916769e-01 -3.886229e-01 -2.213081e+01
-3.514329e-01 1.634475e-01 9.218350e-01 9.380204e+01 4.205259e-01 9.072804e-01 -5.490312e-04 4.042048e+00 -8.364525e-01 3.874625e-01 -3.875821e-01 -2.246974e+01
-3.488042e-01 1.648833e-01 9.225774e-01 9.465766e+01 4.188084e-01 9.080660e-01 -3.948456e-03 4.013039e+00 -8.384122e-01 3.850059e-01 -3.857918e-01 -2.282139e+01
-3.453707e-01 1.650749e-01 9.238341e-01 9.552482e+01 4.163031e-01 9.092003e-01 -6.827304e-03 4.002314e+00 -8.410772e-01 3.822370e-01 -3.827323e-01 -2.317770e+01
-3.406968e-01 1.662443e-01 9.253587e-01 9.651165e+01 4.185564e-01 9.081457e-01 -9.048661e-03 3.978180e+00 -8.418648e-01 3.842319e-01 -3.789849e-01 -2.354396e+01
-3.364445e-01 1.613501e-01 9.277776e-01 9.740392e+01 4.113683e-01 9.114215e-01 -9.329130e-03 3.964443e+00 -8.471017e-01 3.785195e-01 -3.730171e-01 -2.391476e+01
-3.321496e-01 1.579876e-01 9.299016e-01 9.824780e+01 4.091220e-01 9.124364e-01 -8.886958e-03 3.942551e+00 -8.498801e-01 3.774914e-01 -3.677016e-01 -2.424481e+01
-3.278614e-01 1.544948e-01 9.320077e-01 9.911658e+01 4.071727e-01 9.133147e-01 -8.161057e-03 3.906539e+00 -8.524771e-01 3.768124e-01 -3.623466e-01 -2.457150e+01
-3.226992e-01 1.540980e-01 9.338733e-01 9.994158e+01 4.012509e-01 9.158832e-01 -1.247759e-02 3.888356e+00 -8.572417e-01 3.706909e-01 -3.573867e-01 -2.488042e+01
-3.186967e-01 1.544936e-01 9.351814e-01 1.008174e+02 3.931856e-01 9.192854e-01 -1.787533e-02 3.855598e+00 -8.624601e-01 3.620031e-01 -3.537179e-01 -2.517739e+01
-3.132218e-01 1.593096e-01 9.362225e-01 1.016241e+02 3.947801e-01 9.184566e-01 -2.420929e-02 3.828616e+00 -8.637365e-01 3.620192e-01 -3.505729e-01 -2.546746e+01
-3.069559e-01 1.619459e-01 9.378442e-01 1.017924e+02 3.912105e-01 9.197862e-01 -3.078470e-02 3.877408e+00 -8.676016e-01 3.574450e-01 -3.456887e-01 -2.565628e+01
-3.044746e-01 1.587754e-01 9.391941e-01 1.019302e+02 3.821666e-01 9.235311e-01 -3.223402e-02 3.901517e+00 -8.724929e-01 3.491142e-01 -3.418703e-01 -2.574458e+01
-3.031058e-01 1.520238e-01 9.407529e-01 1.020288e+02 3.713928e-01 9.279814e-01 -3.029913e-02 3.913483e+00 -8.776073e-01 3.402049e-01 -3.377371e-01 -2.577367e+01
-3.011371e-01 1.466449e-01 9.422376e-01 1.021124e+02 3.566854e-01 9.336994e-01 -3.132023e-02 3.929982e+00 -8.843597e-01 3.266507e-01 -3.334776e-01 -2.580720e+01
-2.960571e-01 1.491707e-01 9.434503e-01 1.029559e+02 3.553894e-01 9.340187e-01 -3.615742e-02 3.879820e+00 -8.865939e-01 3.245875e-01 -3.295366e-01 -2.608912e+01
-2.889887e-01 1.535337e-01 9.449407e-01 1.037847e+02 3.605280e-01 9.318404e-01 -4.114586e-02 3.837645e+00 -8.868512e-01 3.287869e-01 -3.246446e-01 -2.637886e+01
-2.837216e-01 1.519928e-01 9.467843e-01 1.046603e+02 3.561102e-01 9.334478e-01 -4.313682e-02 3.764879e+00 -8.903303e-01 3.249206e-01 -3.189654e-01 -2.666013e+01
-2.773864e-01 1.508747e-01 9.488380e-01 1.055071e+02 3.519747e-01 9.348903e-01 -4.575942e-02 3.703506e+00 -8.939634e-01 3.212739e-01 -3.124299e-01 -2.694112e+01
-2.656081e-01 1.550389e-01 9.515331e-01 1.058647e+02 3.737929e-01 9.263411e-01 -4.659484e-02 3.697025e+00 -8.886682e-01 3.433003e-01 -3.039961e-01 -2.708535e+01
-2.589186e-01 1.553860e-01 9.533187e-01 1.067387e+02 3.756990e-01 9.254557e-01 -4.880573e-02 3.619507e+00 -8.898379e-01 3.455241e-01 -2.979960e-01 -2.735752e+01
-2.536558e-01 1.564136e-01 9.545648e-01 1.076651e+02 3.778002e-01 9.244765e-01 -5.109084e-02 3.563319e+00 -8.904640e-01 3.476752e-01 -2.935920e-01 -2.761077e+01
-2.486458e-01 1.557442e-01 9.559911e-01 1.085193e+02 3.717800e-01 9.267325e-01 -5.428053e-02 3.512027e+00 -8.944020e-01 3.419217e-01 -2.883308e-01 -2.784811e+01
-2.434965e-01 1.550061e-01 9.574355e-01 1.092155e+02 3.699771e-01 9.273490e-01 -5.604206e-02 3.468222e+00 -8.965638e-01 3.405832e-01 -2.831550e-01 -2.804742e+01
-2.403631e-01 1.556512e-01 9.581223e-01 1.093249e+02 3.698954e-01 9.272709e-01 -5.784396e-02 3.493727e+00 -8.974425e-01 3.405015e-01 -2.804564e-01 -2.810115e+01
-2.394413e-01 1.561359e-01 9.582742e-01 1.094545e+02 3.704234e-01 9.270198e-01 -5.848687e-02 3.495109e+00 -8.974712e-01 3.409630e-01 -2.798032e-01 -2.813985e+01
-2.387549e-01 1.588054e-01 9.580067e-01 1.096187e+02 3.688885e-01 9.274169e-01 -6.180011e-02 3.513962e+00 -8.982858e-01 3.386427e-01 -2.800068e-01 -2.816838e+01
-2.340891e-01 1.565350e-01 9.595307e-01 1.103400e+02 3.727776e-01 9.259713e-01 -6.011659e-02 3.446474e+00 -8.979082e-01 3.436189e-01 -2.751126e-01 -2.838312e+01
-2.280157e-01 1.560515e-01 9.610707e-01 1.111970e+02 3.791744e-01 9.233798e-01 -5.997183e-02 3.388816e+00 -8.967919e-01 3.507389e-01 -2.697158e-01 -2.864402e+01
-2.230575e-01 1.551233e-01 9.623836e-01 1.119828e+02 3.807551e-01 9.226962e-01 -6.047624e-02 3.312348e+00 -8.973689e-01 3.529428e-01 -2.648783e-01 -2.885905e+01
-2.201349e-01 1.552711e-01 9.630325e-01 1.128454e+02 3.760546e-01 9.244472e-01 -6.308942e-02 3.235345e+00 -9.000687e-01 3.482647e-01 -2.618935e-01 -2.907906e+01
-2.166189e-01 1.572188e-01 9.635136e-01 1.137139e+02 3.762034e-01 9.241677e-01 -6.621988e-02 3.162631e+00 -9.008591e-01 3.481327e-01 -2.593385e-01 -2.931547e+01
-2.145457e-01 1.587212e-01 9.637312e-01 1.145414e+02 3.781393e-01 9.232572e-01 -6.787406e-02 3.089243e+00 -9.005448e-01 3.498625e-01 -2.580996e-01 -2.952547e+01
-2.149140e-01 1.577296e-01 9.638119e-01 1.154684e+02 3.779415e-01 9.234133e-01 -6.684361e-02 3.009064e+00 -9.005399e-01 3.498989e-01 -2.580670e-01 -2.976211e+01
-2.145883e-01 1.539307e-01 9.644986e-01 1.163362e+02 3.821243e-01 9.220198e-01 -6.213370e-02 2.923474e+00 -8.988512e-01 3.552251e-01 -2.566754e-01 -2.998351e+01
-2.147692e-01 1.493107e-01 9.651842e-01 1.171718e+02 3.795549e-01 9.233255e-01 -5.837820e-02 2.868713e+00 -8.998957e-01 3.538026e-01 -2.549735e-01 -3.019429e+01
-2.139461e-01 1.494557e-01 9.653446e-01 1.179932e+02 3.826862e-01 9.220597e-01 -5.794086e-02 2.808218e+00 -8.987650e-01 3.570278e-01 -2.544657e-01 -3.039422e+01
-2.125781e-01 1.546054e-01 9.648356e-01 1.188108e+02 3.852747e-01 9.206733e-01 -6.264290e-02 2.739413e+00 -8.979833e-01 3.584103e-01 -2.552804e-01 -3.061407e+01
-2.133322e-01 1.599226e-01 9.638019e-01 1.195919e+02 3.832251e-01 9.211470e-01 -6.802022e-02 2.707305e+00 -8.986812e-01 3.548422e-01 -2.577966e-01 -3.078703e+01
-2.156076e-01 1.588397e-01 9.634746e-01 1.204694e+02 3.779243e-01 9.233613e-01 -6.765418e-02 2.645125e+00 -9.003814e-01 3.495337e-01 -2.591131e-01 -3.099859e+01
-2.148160e-01 1.582710e-01 9.637450e-01 1.212863e+02 3.777344e-01 9.234534e-01 -6.745826e-02 2.561801e+00 -9.006503e-01 3.495485e-01 -2.581569e-01 -3.121672e+01
-2.159716e-01 1.591008e-01 9.633501e-01 1.221959e+02 3.773254e-01 9.235851e-01 -6.794168e-02 2.510440e+00 -9.005454e-01 3.488230e-01 -2.595009e-01 -3.143236e+01
-2.153283e-01 1.602270e-01 9.633074e-01 1.230165e+02 3.773815e-01 9.234655e-01 -6.924400e-02 2.394862e+00 -9.006759e-01 3.486242e-01 -2.593150e-01 -3.167002e+01
-2.173167e-01 1.627653e-01 9.624349e-01 1.238350e+02 3.701037e-01 9.261136e-01 -7.305375e-02 2.332078e+00 -9.032146e-01 3.403249e-01 -2.615000e-01 -3.186558e+01
-2.190027e-01 1.641993e-01 9.618089e-01 1.246537e+02 3.628055e-01 9.287648e-01 -7.594769e-02 2.258354e+00 -9.057648e-01 3.323169e-01 -2.629745e-01 -3.206707e+01
-2.179872e-01 1.687781e-01 9.612469e-01 1.254683e+02 3.660177e-01 9.271808e-01 -7.979294e-02 2.184556e+00 -9.047169e-01 3.344395e-01 -2.638892e-01 -3.229145e+01
-2.183795e-01 1.696630e-01 9.610020e-01 1.262861e+02 3.653634e-01 9.273605e-01 -8.069790e-02 2.104634e+00 -9.048867e-01 3.334922e-01 -2.645051e-01 -3.250592e+01
-2.183106e-01 1.712284e-01 9.607400e-01 1.271053e+02 3.640004e-01 9.277261e-01 -8.263206e-02 2.031495e+00 -9.054525e-01 3.316702e-01 -2.648597e-01 -3.271151e+01
-1.496068e-01 1.929478e-01 9.697366e-01 1.309378e+02 5.085248e-01 8.561301e-01 -9.189054e-02 2.044340e+00 -8.479507e-01 4.793876e-01 -2.262017e-01 -3.388811e+01
-1.393408e-01 1.859380e-01 9.726312e-01 1.307632e+02 5.502836e-01 8.311315e-01 -8.005298e-02 1.997272e+00 -8.232692e-01 5.240683e-01 -2.181290e-01 -3.396041e+01
-1.375922e-01 1.817441e-01 9.736723e-01 1.315608e+02 5.522009e-01 8.301549e-01 -7.692255e-02 1.951064e+00 -8.222790e-01 5.270787e-01 -2.145821e-01 -3.413587e+01
-1.389132e-01 1.836914e-01 9.731190e-01 1.333246e+02 5.243387e-01 8.472485e-01 -8.508185e-02 1.833765e+00 -8.401024e-01 4.984249e-01 -2.140105e-01 -3.442602e+01
-1.340668e-01 1.889464e-01 9.727925e-01 1.347121e+02 5.197157e-01 8.492272e-01 -9.332082e-02 1.677445e+00 -8.437545e-01 4.930643e-01 -2.120516e-01 -3.469458e+01
-1.326445e-01 1.907192e-01 9.726418e-01 1.354959e+02 5.098591e-01 8.546518e-01 -9.805109e-02 1.571507e+00 -8.499703e-01 4.829042e-01 -2.106048e-01 -3.484680e+01
-1.255431e-01 1.915861e-01 9.734135e-01 1.362893e+02 5.078862e-01 8.552647e-01 -1.028291e-01 1.486981e+00 -8.522269e-01 4.814738e-01 -2.046765e-01 -3.500480e+01
-1.159635e-01 1.869788e-01 9.754956e-01 1.370095e+02 5.084270e-01 8.548723e-01 -1.034184e-01 1.395896e+00 -8.532613e-01 4.839754e-01 -1.941990e-01 -3.515323e+01
-1.024203e-01 1.852882e-01 9.773324e-01 1.377231e+02 5.144350e-01 8.507792e-01 -1.073850e-01 1.305864e+00 -8.513912e-01 4.917755e-01 -1.824558e-01 -3.531620e+01
-8.974028e-02 1.878351e-01 9.780924e-01 1.384322e+02 5.142359e-01 8.497666e-01 -1.160098e-01 1.215984e+00 -8.529409e-01 4.925594e-01 -1.728498e-01 -3.543733e+01
-7.523322e-02 1.883208e-01 9.792217e-01 1.392615e+02 5.133489e-01 8.491926e-01 -1.238737e-01 1.100622e+00 -8.548759e-01 4.933631e-01 -1.605618e-01 -3.558320e+01
-6.157112e-02 1.888269e-01 9.800783e-01 1.400633e+02 5.127525e-01 8.484441e-01 -1.312532e-01 9.851760e-01 -8.563257e-01 4.944562e-01 -1.490611e-01 -3.570641e+01
-4.681313e-02 1.912778e-01 9.804190e-01 1.407074e+02 5.172365e-01 8.443098e-01 -1.400261e-01 9.013693e-01 -8.545613e-01 5.005534e-01 -1.384606e-01 -3.580770e+01
-3.388560e-02 1.997075e-01 9.792695e-01 1.411555e+02 5.116630e-01 8.451532e-01 -1.546514e-01 8.510281e-01 -8.585178e-01 4.958155e-01 -1.308215e-01 -3.586949e+01
-2.313030e-02 2.049898e-01 9.784908e-01 1.419075e+02 5.052515e-01 8.469557e-01 -1.654903e-01 6.737429e-01 -8.626621e-01 4.905561e-01 -1.231617e-01 -3.597219e+01
-8.067846e-03 2.128826e-01 9.770445e-01 1.425552e+02 5.053641e-01 8.439838e-01 -1.797178e-01 5.463297e-01 -8.628685e-01 4.923133e-01 -1.143923e-01 -3.605571e+01
3.856421e-03 2.129468e-01 9.770562e-01 1.431664e+02 5.024895e-01 8.443379e-01 -1.860045e-01 4.196373e-01 -8.645747e-01 4.916778e-01 -1.037475e-01 -3.612156e+01
1.608449e-02 2.103542e-01 9.774930e-01 1.439387e+02 5.015128e-01 8.440536e-01 -1.898907e-01 2.578773e-01 -8.650008e-01 4.932795e-01 -9.191918e-02 -3.619054e+01
2.673483e-02 2.078189e-01 9.778019e-01 1.446650e+02 4.992818e-01 8.446326e-01 -1.931668e-01 9.144673e-02 -8.660271e-01 4.933630e-01 -8.117914e-02 -3.625219e+01
3.584516e-02 2.132913e-01 9.763309e-01 1.454170e+02 4.970185e-01 8.437623e-01 -2.025777e-01 -8.498095e-02 -8.669993e-01 4.925160e-01 -7.576489e-02 -3.631482e+01
4.030001e-02 2.211616e-01 9.744042e-01 1.461748e+02 4.923682e-01 8.441818e-01 -2.119686e-01 -2.665804e-01 -8.694536e-01 4.883080e-01 -7.487237e-02 -3.636203e+01
3.757900e-02 2.270125e-01 9.731665e-01 1.468654e+02 4.797953e-01 8.501613e-01 -2.168462e-01 -4.087876e-01 -8.765753e-01 4.750696e-01 -7.697129e-02 -3.637165e+01
3.457916e-02 2.235367e-01 9.740820e-01 1.476023e+02 4.724866e-01 8.552046e-01 -2.130292e-01 -5.810148e-01 -8.806593e-01 4.676071e-01 -7.604587e-02 -3.641563e+01
3.038043e-02 2.208016e-01 9.748454e-01 1.483519e+02 4.664340e-01 8.594611e-01 -2.092033e-01 -7.343605e-01 -8.840341e-01 4.610567e-01 -7.687855e-02 -3.645289e+01
2.949858e-02 2.159822e-01 9.759516e-01 1.490638e+02 4.752785e-01 8.559107e-01 -2.037821e-01 -9.445205e-01 -8.793408e-01 4.698601e-01 -7.740355e-02 -3.654142e+01
3.211671e-02 2.157728e-01 9.759153e-01 1.498112e+02 4.815221e-01 8.522930e-01 -2.042867e-01 -1.104262e+00 -8.758453e-01 4.764858e-01 -7.652652e-02 -3.665205e+01
3.013396e-02 2.143418e-01 9.762937e-01 1.505806e+02 4.857680e-01 8.504939e-01 -2.017164e-01 -1.288418e+00 -8.735681e-01 4.803309e-01 -7.849157e-02 -3.674385e+01
2.554882e-02 2.134671e-01 9.766161e-01 1.513292e+02 4.888609e-01 8.494854e-01 -1.984680e-01 -1.448880e+00 -8.719875e-01 4.825001e-01 -8.265233e-02 -3.680261e+01
1.807523e-02 2.147781e-01 9.764957e-01 1.520821e+02 4.856889e-01 8.517960e-01 -1.963410e-01 -1.598688e+00 -8.739449e-01 4.778220e-01 -8.891892e-02 -3.685834e+01
1.240069e-02 2.148284e-01 9.765731e-01 1.528600e+02 4.867080e-01 8.518482e-01 -1.935715e-01 -1.744824e+00 -8.734767e-01 4.777064e-01 -9.399521e-02 -3.692887e+01
6.665885e-03 2.161899e-01 9.763286e-01 1.535536e+02 4.914246e-01 8.496089e-01 -1.914854e-01 -1.867231e+00 -8.708947e-01 4.810683e-01 -1.005777e-01 -3.698577e+01
5.376339e-05 2.179814e-01 9.759530e-01 1.542806e+02 4.883597e-01 8.516522e-01 -1.902455e-01 -1.998436e+00 -8.726426e-01 4.766263e-01 -1.064075e-01 -3.705317e+01
-5.958557e-03 2.201475e-01 9.754484e-01 1.549794e+02 4.907096e-01 8.505848e-01 -1.889697e-01 -2.149256e+00 -8.713028e-01 4.775359e-01 -1.130968e-01 -3.713160e+01
-1.155698e-02 2.241024e-01 9.744971e-01 1.557120e+02 4.890664e-01 8.513075e-01 -1.899728e-01 -2.290439e+00 -8.721700e-01 4.743983e-01 -1.194395e-01 -3.720980e+01
-1.473498e-02 2.262976e-01 9.739468e-01 1.565226e+02 4.892247e-01 8.511301e-01 -1.903594e-01 -2.456174e+00 -8.720333e-01 4.736739e-01 -1.232518e-01 -3.731087e+01
-1.542056e-02 2.281652e-01 9.735004e-01 1.572036e+02 4.926182e-01 8.489864e-01 -1.911789e-01 -2.593345e+00 -8.701090e-01 4.766159e-01 -1.254902e-01 -3.740075e+01
-1.530969e-02 2.282051e-01 9.734927e-01 1.578824e+02 4.942124e-01 8.480915e-01 -1.910364e-01 -2.724475e+00 -8.692064e-01 4.781875e-01 -1.257659e-01 -3.748267e+01
-1.227736e-02 2.256933e-01 9.741210e-01 1.585629e+02 4.958756e-01 8.473377e-01 -1.900691e-01 -2.862262e+00 -8.683068e-01 4.807093e-01 -1.223189e-01 -3.756441e+01
-4.852533e-03 2.252814e-01 9.742817e-01 1.592649e+02 4.968703e-01 8.460556e-01 -1.931572e-01 -3.017716e+00 -8.678112e-01 4.831543e-01 -1.160412e-01 -3.765124e+01
5.756319e-03 2.267661e-01 9.739323e-01 1.599437e+02 4.948461e-01 8.456918e-01 -1.998319e-01 -3.168322e+00 -8.689616e-01 4.830968e-01 -1.073463e-01 -3.772396e+01
1.867002e-02 2.266071e-01 9.738074e-01 1.606189e+02 4.950540e-01 8.441088e-01 -2.059173e-01 -3.324910e+00 -8.686617e-01 4.859318e-01 -9.642327e-02 -3.778754e+01
3.338075e-02 2.247467e-01 9.738453e-01 1.612835e+02 4.926474e-01 8.440893e-01 -2.116879e-01 -3.480258e+00 -8.695886e-01 4.868287e-01 -8.254457e-02 -3.783752e+01
4.774207e-02 2.197930e-01 9.743776e-01 1.619857e+02 4.868894e-01 8.466318e-01 -2.148334e-01 -3.659655e+00 -8.721579e-01 4.846707e-01 -6.659496e-02 -3.787292e+01
6.307393e-02 2.132630e-01 9.749568e-01 1.626809e+02 4.840845e-01 8.477496e-01 -2.167550e-01 -3.837875e+00 -8.727450e-01 4.856331e-01 -4.976642e-02 -3.789789e+01
7.941449e-02 2.051183e-01 9.755102e-01 1.633540e+02 4.830175e-01 8.481275e-01 -2.176555e-01 -4.009308e+00 -8.720021e-01 4.884735e-01 -3.172219e-02 -3.791669e+01
9.624255e-02 1.989024e-01 9.752821e-01 1.640112e+02 4.781829e-01 8.501136e-01 -2.205630e-01 -4.172258e+00 -8.729711e-01 4.875908e-01 -1.329458e-02 -3.792219e+01
1.127881e-01 1.930199e-01 9.746909e-01 1.646667e+02 4.736747e-01 8.518662e-01 -2.235089e-01 -4.343673e+00 -8.734478e-01 4.868956e-01 4.651785e-03 -3.791483e+01
1.295899e-01 1.909015e-01 9.730176e-01 1.653056e+02 4.698822e-01 8.522936e-01 -2.297966e-01 -4.515905e+00 -8.731652e-01 4.869829e-01 2.074742e-02 -3.789296e+01
1.459804e-01 1.898307e-01 9.709038e-01 1.659609e+02 4.676884e-01 8.515775e-01 -2.368194e-01 -4.704671e+00 -8.717553e-01 4.886513e-01 3.553194e-02 -3.785755e+01
1.618812e-01 1.894929e-01 9.684458e-01 1.665344e+02 4.615847e-01 8.528696e-01 -2.440351e-01 -4.869103e+00 -8.722008e-01 4.865244e-01 5.059654e-02 -3.783149e+01
1.776310e-01 1.874794e-01 9.660739e-01 1.671771e+02 4.564177e-01 8.540229e-01 -2.496555e-01 -5.047075e+00 -8.718544e-01 4.852798e-01 6.613207e-02 -3.777526e+01
1.876778e-01 1.876114e-01 9.641468e-01 1.677809e+02 4.450050e-01 8.588283e-01 -2.537410e-01 -5.238059e+00 -8.756413e-01 4.766717e-01 7.769495e-02 -3.771339e+01
2.011121e-01 1.848654e-01 9.619660e-01 1.695715e+02 4.423624e-01 8.590536e-01 -2.575701e-01 -5.694432e+00 -8.739962e-01 4.773381e-01 9.098858e-02 -3.753799e+01
2.120407e-01 1.839232e-01 9.597974e-01 1.702543e+02 4.413800e-01 8.582280e-01 -2.619704e-01 -5.905340e+00 -8.719074e-01 4.791838e-01 1.007992e-01 -3.746663e+01
2.206779e-01 1.877052e-01 9.571144e-01 1.708244e+02 4.361828e-01 8.587177e-01 -2.689768e-01 -6.078359e+00 -8.723794e-01 4.768341e-01 1.076263e-01 -3.739193e+01
2.288515e-01 1.936773e-01 9.540001e-01 1.714067e+02 4.315106e-01 8.582824e-01 -2.777585e-01 -6.262774e+00 -8.725970e-01 4.752266e-01 1.128454e-01 -3.730242e+01
2.355378e-01 2.074263e-01 9.494716e-01 1.719323e+02 4.240553e-01 8.571184e-01 -2.924469e-01 -6.316637e+00 -8.744708e-01 4.715107e-01 1.139235e-01 -3.716090e+01
2.451162e-01 2.129069e-01 9.458271e-01 1.726358e+02 4.300017e-01 8.505046e-01 -3.028870e-01 -6.538327e+00 -8.689170e-01 4.809498e-01 1.169222e-01 -3.708991e+01
2.511054e-01 2.130067e-01 9.442320e-01 1.733616e+02 4.305120e-01 8.491170e-01 -3.060386e-01 -6.779779e+00 -8.669518e-01 4.833512e-01 1.215160e-01 -3.695323e+01
2.548800e-01 2.066949e-01 9.446235e-01 1.740259e+02 4.260820e-01 8.529319e-01 -3.015979e-01 -7.016897e+00 -8.680382e-01 4.793583e-01 1.293263e-01 -3.682808e+01
2.582218e-01 1.964931e-01 9.458922e-01 1.745678e+02 4.211056e-01 8.582957e-01 -2.932552e-01 -7.217531e+00 -8.694777e-01 4.740454e-01 1.388863e-01 -3.674838e+01
2.591081e-01 1.904691e-01 9.468815e-01 1.751027e+02 4.204376e-01 8.603614e-01 -2.881153e-01 -7.390843e+00 -8.695374e-01 4.727576e-01 1.428462e-01 -3.666922e+01
2.615175e-01 1.881602e-01 9.466807e-01 1.756845e+02 4.247407e-01 8.583079e-01 -2.879287e-01 -7.601482e+00 -8.667203e-01 4.773922e-01 1.445432e-01 -3.659020e+01
