0.9999999999999999 0.0 -5.421010862427522e-20 0.0 -1.734723475976807e-18 1.0 8.673617379884035e-19 6.938893903907228e-18 2.710505431213761e-20 0.0 1.0 0.0
0.9999976826566763 -0.0017194439850675876 -0.0012979101904385748 -0.007683380089097695 0.001722472967786771 0.9999957916628114 0.0023363155308931275 -0.025355639302056192 0.0012938874145145662 -0.0023385456061798936 0.9999964256805124 1.5263414229056718
0.9999954891179654 -0.0020116545019521525 -0.002229262977347207 -0.002290554374976477 0.002019358768187961 0.9999919802472396 0.0034591860887511843 -0.05502633981899263 0.0022222861703076356 -0.003463671969192021 0.9999915306347952 3.0341537202964872
0.9999913526623174 -0.000842207980317769 -0.00407137380942383 -0.02853199134855928 0.0008563430521009033 0.9999936113726252 0.0034713150280046923 -0.073857607286525 0.004068423666606373 -0.0034747714158837716 0.9999856859650573 4.572169698153839
0.9999874814443357 -0.00046428855712161814 -0.00498182484014127 -0.04287206936845907 0.00047946446584147713 0.9999952454865513 0.0030455067509912734 -0.09680513778607533 0.004980386471443694 -0.0030478571292873033 0.9999829530691129 6.074637215765343
0.9999766345106899 -5.735767455206618e-05 -0.006836215094442884 -0.06449237697486587 8.281280282533728e-05 0.9999930599764557 0.0037233663673523877 -0.12025369056930779 0.006835953171240723 -0.003723845479431602 0.9999697055128545 7.589267448569245
0.9999639522104566 -0.0008488630249317173 -0.008448692866550214 -0.08399869743349918 0.000880495273860994 0.999992610818385 0.003741050439325229 -0.14127326913820284 0.008445453733829383 -0.0037483545724733753 0.9999573069711583 9.08976161721307
0.9999574196644647 -0.002094411059195377 -0.008987688665461376 -0.09322847535709854 0.0021235158424797633 0.999992525938564 0.0032300124305228856 -0.17127387609014 0.00898085533071475 -0.003248960368972929 0.9999543943969714 10.588576197550395
0.9999377639953134 -0.0030493128832012623 -0.010732113137941252 -0.11550029386645565 0.00308548043879944 0.9999896114858458 0.0033551260675929433 -0.1884075326109157 0.010721769212178472 -0.003388031001308944 0.9999367845188408 12.085198769641464
0.9999202874613395 -0.003377764909963086 -0.012166119247589396 -0.1460119074005272 0.0034170058877710466 0.9999890191923128 0.003206126911212568 -0.21840039345200668 0.012155154856721301 -0.0032474431140319176 0.9999208533463476 13.577106621717933
0.999913677741548 -0.002477906444947914 -0.012903175408116101 -0.16493426823076704 0.0025220612583669866 0.9999910151626634 0.0034068835442808624 -0.2358310313639102 0.01289461554562368 -0.003439131950701165 0.9999109470957883 15.066721011200642
0.9999078368055438 -0.0015211342704047849 -0.013490748223371509 -0.2011559754253899 0.0015724946993383206 0.9999915556367077 0.0037972966091312814 -0.26376587300274773 0.013484856407216002 -0.0038181606313425535 0.9999017875577484 16.564097191523885
0.9999045198248473 0.0002752398219477148 -0.01381543650405351 -0.2275334446172777 -0.00020783322534836599 0.9999880713834208 0.004880269156647226 -0.2801231512996061 0.013816612662684675 -0.004876931725717197 0.9998926487917317 18.03368476206066
0.9998994772396169 0.0008403995124857504 -0.014153804548593545 -0.25288413754488787 -0.0007648140612712077 0.9999854276405872 0.005344849506304943 -0.2974635804384622 0.01415808738523371 -0.00533348701061209 0.9998855451197961 19.508175352603878
0.9998884397995487 0.0010163975943209367 -0.014902157788832375 -0.2910124233706244 -0.0009306041417394828 0.999982963469922 0.005762911712455503 -0.3208145315162482 0.014907759574883885 -0.005748400634903176 0.9998723467305292 20.971827151244725
0.999888659159064 0.0014444562373265232 -0.014852255548138097 -0.3187999597113884 -0.0013613473051848693 0.9999833693554298 0.005604295599617467 -0.34431221696803405 0.014860101619641266 -0.005583452274710517 0.999873991485506 22.444177154669585
0.9998808402213702 0.002485498254049364 -0.015235709030432492 -0.35422988008068584 -0.0023890808606220285 0.9999770240726614 0.006343310301921251 -0.36279405726957065 0.015251122789124535 -0.006306154978155628 0.9998638057059683 23.894326972025475
0.9998862908084756 0.0028789717786972605 -0.014802788275758282 -0.3747122964407511 -0.002771747358528401 0.9999698113292803 0.0072589335609132425 -0.378232517005682 0.014823237764664515 -0.007217078399955775 0.9998640878622442 25.34176200369757
0.9998868798871546 0.003329151457538459 -0.014667861060132683 -0.4002101481395023 -0.003236862936592831 0.9999748465086806 0.00631111974537025 -0.3998624553911919 0.014688500107366402 -0.006262927756815966 0.9998725036041647 26.80161942734015
0.9998809214241506 0.0038161084903341937 -0.014952278625958125 -0.44628691426210854 -0.0037541396760427705 0.9999842622256513 0.004170279517551881 -0.41889710961529125 0.014967955591366136 -0.0041136498676498014 0.999879516350198 28.22443400265032
0.9998936720479267 0.002086527564571455 -0.014432054347580877 -0.4758864044858008 -0.002027827247790555 0.9999896125231307 0.004080786993222308 -0.4434962537651995 0.014440417101339689 -0.004051087341635663 0.9998875254289428 29.652352932551654
0.9999049466793305 0.0008923097558534935 -0.013758455601992563 -0.48660071761893686 -0.0008045799775970846 0.9999793160926267 0.006380639053864792 -0.46178992310271816 0.01376386219255156 -0.0063689625860618715 0.999884987228043 31.078475749440685
0.9999025381640142 -0.0006653993938125187 -0.013945049192759181 -0.52062043055666 0.0007761755734003633 0.9999681765689444 0.007939861753079746 -0.48494581220289257 0.013939320854564648 -0.007949911476985917 0.9998712352670412 32.49617942517436
0.9999092585231908 -0.00133037769265481 -0.013405504646339717 -0.5444515434428554 0.0014265823248464276 0.9999732847857229 0.007169510059423172 -0.5020930914490515 0.013395607464880926 -0.007187983222914418 0.9998844366910863 33.88593229729316
0.9999089808442525 -0.0015187054306474044 -0.01340628463475012 -0.5822651507588593 0.001592929240540505 0.9999834502161997 0.005527576742224749 -0.5221881126164769 0.013397666921082295 -0.005548428693146887 0.9998948489395476 35.279164955947884
0.9999201433211709 -0.0006574019924980787 -0.012620538593611688 -0.6000985062925159 0.0007179551077629151 0.9999882517946659 0.004794058508406329 -0.539766765567938 0.012617236530006586 -0.004802736510864245 0.9999088648841633 36.64547218605373
0.9999328796334772 0.0002678425673775433 -0.011582789109157037 -0.6198823622138666 -0.00021921663860522203 0.9999911638109913 0.004199174933643052 -0.5678787497586316 0.011583809853943465 -0.00419635367208031 0.9999240965555315 37.99343336285241
0.9999395933311102 0.0008689634603381048 -0.010957284730912498 -0.6510610240531337 -0.0008151967655586276 0.9999876148402582 0.004910441160055373 -0.5889317369611962 0.010961413966094265 -0.004901211954511572 0.9999279118286315 39.33989916860129
0.9999594391128679 0.000863562298231705 -0.00896490836208474 -0.6761914499566581 -0.0008044519590671741 0.9999779312119665 0.006595020603008248 -0.6122541308884468 0.008970404484947741 -0.006587541103206864 0.9999380696751653 40.66622696972479
0.9999749344400866 0.0007682752271769826 -0.007038585549785172 -0.6882706922339542 -0.0007112259661674475 0.9999669116747472 0.008104121371280349 -0.6346748049654958 0.007044577887815407 -0.008098911928348888 0.9999423938851661 41.968591950945346
0.9999883793841622 0.0009168567735584089 -0.004732963919380142 -0.7057244797885871 -0.0008755448119277826 0.9999615637963125 0.00872326495956756 -0.6532940648100372 0.0047407794022173 -0.008719019466682892 0.9999507468195251 43.26107714209098
0.999999521441566 0.0004151045174692874 -0.0008808429349815123 -0.7027948741835937 -0.00040796371436165914 0.9999671773664448 0.008091467923802035 -0.6706204080068947 0.0008841727137588804 -0.008091104514363966 0.9999668711919891 44.51569080978924
0.9999971175175997 -0.00012646040492774596 0.0023975401622671594 -0.7147737422082895 0.00011120839736005611 0.999979760304865 0.006360553565081276 -0.693582049816013 -0.002398295737174196 -0.006360268618304329 0.9999769021775349 45.77403325283839
0.9999784389712499 0.0001374902816817583 0.006565654680794325 -0.7073255469240605 -0.00016851435407737488 0.999988819795134 0.004724874139126265 -0.7159986019642278 -0.006564930831030677 -0.0047258786103492 0.999967281233616 47.01189023380509
0.9999556596890994 0.00021437804309707396 0.009414230368135088 -0.7186830547356954 -0.0002637447279127004 0.9999862195255709 0.00524291271290515 -0.7303940004808016 -0.009412975431389014 -0.005245163152276482 0.9999419407853299 48.219477416587935
0.9998867462838009 0.000493593110615087 0.015041676388951998 -0.7048315211564579 -0.000571376581944177 0.9999864887493021 0.005167345168809512 -0.758389654732864 -0.015038920507488798 -0.005175354222080368 0.9998735149668971 49.4369055809645
0.999756981715203 0.002003670288645912 0.021953542899478616 -0.6832792198100788 -0.0021011573132694843 0.9999880297451227 0.004418449315340585 -0.7731944930698988 -0.021944424063026012 -0.004463503309293768 0.9997492285396745 50.64096996881572
0.9995495715357986 0.003432751140008246 0.029814013530848733 -0.6488464070957695 -0.003563667863626283 0.9999842401968558 0.004339100314877317 -0.7940734451759568 -0.02979864454783982 -0.004443392976561994 0.9995460482673455 51.83032656640236
0.9992801005991581 0.004427033935189119 0.037678537302501605 -0.6199573577575925 -0.004633288575417609 0.99997474777598 0.00538851777118371 -0.8128739706774819 -0.03765372601918233 -0.005559213978382361 0.9992753816248621 53.02025700376271
0.9988034016352941 0.006522842099968014 0.04846871139104625 -0.5654267453292972 -0.006820337433255547 0.9999588886879509 0.005975051791891379 -0.8268345927571774 -0.04842773734325003 -0.00629847489027829 0.9988068296767549 54.17035234790788
0.9981001554362496 0.008540164742387698 0.06101760708022737 -0.5260476869608134 -0.008917910900715219 0.9999427060579855 0.005921140160852585 -0.8463545518320916 -0.06096353550609926 -0.006454040288099935 0.9981191285057648 55.33262835671454
0.9970508511632753 0.010711920123193688 0.07599242726587055 -0.4465573421252338 -0.011235584530469913 0.9999159687047611 0.006466835682580794 -0.8664756566175029 -0.07591675827986598 -0.007301583097220152 0.9970874201319637 56.460118155296115
0.9956100638072742 0.012994091322714243 0.0926916746266378 -0.3572194601850673 -0.013735864695629296 0.999878500180021 0.007369090141511394 -0.8839711884514105 -0.09258464642723181 -0.008609940358517445 0.9956675860127044 57.59577351480886
0.9938680998646084 0.01282764928709003 0.10982554575711254 -0.24992985075869076 -0.013839121618505841 0.9998685106063342 0.008452503228377104 -0.8995046889329239 -0.10970266239848703 -0.009920562520182209 0.9939149395290573 58.696675074769324
0.9915900192423354 0.012383831891929067 0.12882496091680998 -0.10668458554345589 -0.013523771341427468 0.9998767199658743 0.007977746190109214 -0.921296630827552 -0.12871026265797267 -0.009652852969980063 0.9916352607917901 59.7963682142325
0.9887054242242902 0.011568686620485193 0.149424746991082 0.05167154898358296 -0.012746604210792954 0.9998947590357615 0.006927688991014517 -0.9298742747193736 -0.14932885327237141 -0.008754101734053017 0.9887488367399484 60.879669613747154
0.9854092409360317 0.008519793756042868 0.16998837359660202 0.22386233975374778 -0.009775785478838115 0.9999307386192922 0.006553077610373514 -0.9407538641190495 -0.16992074568599877 -0.008119233044124168 0.9854242804446761 61.94279733734424
0.9812533776413238 0.00333377976947985 0.1926932839905888 0.44130881859853577 -0.0050889082920909465 0.9999499439518201 0.008614187508025032 -0.961976993212815 -0.19265489364697727 -0.009433298794562325 0.9812212284068561 62.996617142575126
0.9765297348706709 -0.002138511333418275 0.21537200882082838 0.6597760204909883 2.126786219059512e-05 0.9999516602065418 0.009832472712463822 -0.9679636408013319 -0.2153825884447706 -0.009597121069205414 0.9764825749227872 64.0216340966944
0.9710096779362168 -0.007595629874799602 0.2389194683913365 0.905695128623343 0.005498299766429027 0.9999402927702201 0.009443658000457489 -0.9821092307132073 -0.23897690451650958 -0.007856232020792343 0.9709934692935629 65.03274984910381
0.9642929609407481 -0.013156676878571614 0.2645108446035698 1.1941492809204275 0.011425283672730902 0.9999020564543966 0.008083094522986573 -1.0079209483329183 -0.26459124709176235 -0.004772359797130647 0.9643488426048554 66.02586582049096
0.9567108351524923 -0.017441973518946115 0.29051705506530456 1.4834842116414004 0.01553178338322211 0.9998399434317883 0.008879875898433278 -1.014163919026317 -0.2906254015535545 -0.003983225291325455 0.9568286114157193 67.00394694732451
0.947827294201666 -0.019850627500467625 0.31816566381742406 1.81681335190036 0.017331543145729156 0.9997920412608089 0.010746563129519526 -1.0237604041369868 -0.3183127848064865 -0.004671584000318263 0.947974224537525 67.96955145427758
0.9380683788743973 -0.025077626671695018 0.34554136735105784 2.152487360293131 0.02172594809672381 0.9996718647215831 0.013569925527869921 -1.0290737641789862 -0.3457682440926173 -0.0052223037870163785 0.9383054064040196 68.90444197631037
0.9270807902357172 -0.028306683030770333 0.3737913311256321 2.530280239127229 0.025050831833870572 0.999594123006697 0.01356651777342096 -1.046375287755254 -0.3740235926907816 -0.003213474400954272 0.9274136167575859 69.813833948392
0.9149075394332185 -0.027833045010484104 0.40270278725731656 2.9263558313058153 0.026139082521519637 0.9996112291959629 0.009702883433751211 -1.0464353521047567 -0.40281623503041303 0.0016490398580594075 0.9152793813708183 70.71464539159669
0.9016838007075636 -0.02879970985582819 0.43143589441854596 3.3390607832067523 0.029559453636909233 0.9995507933394019 0.004945090605548595 -1.0650306056514243 -0.4313844453150268 0.008294100487150093 0.9021300559530345 71.57330704372656
0.8873194564648844 -0.03041383442480134 0.4601512796532231 3.78858812417189 0.03288730904268031 0.9994555785131106 0.0026420093562857325 -1.0820953267010287 -0.4599810581271823 0.012788830862589784 0.8878366050220047 72.42435677012845
0.8711471394555321 -0.031664871131274495 0.49000002269718673 4.263293763064156 0.03315068319935765 0.9994344053536011 0.005648644726897165 -1.0952716637618836 -0.48990167370220367 0.011323034118064335 0.8717041351908669 73.26057226285809
0.8534583559797565 -0.03118592692499047 0.5202271763066606 4.7383615903712695 0.029644581631183643 0.9994968160742427 0.011283179447596239 -1.0952008844502126 -0.5203172132003554 0.0057921925596315545 0.8539533979460011 74.07535195803416
0.8337114177400944 -0.03149681537076509 0.5513014208502676 5.270471036091143 0.028342335701136114 0.9994968126841777 0.014242001041507215 -1.0935475886705461 -0.551472522066777 0.003751450498432102 0.8341845995757278 74.8752439075138
0.8124507537375489 -0.02588745308896847 0.5824548535613776 5.8020806844566275 0.02437457259624589 0.9996484852030514 0.010430356032582258 -1.1110402993133845 -0.5825200455567069 0.005722936805713351 0.8127961610593998 75.64122857295014
0.7903445590998609 -0.019103665496242865 0.6123647450421996 6.374467553173382 0.02120203155860416 0.9997678923154922 0.00382503949127703 -1.1247937207068845 -0.6122956019439191 0.009960276821477706 0.7905661485846467 76.37859950154792
0.7675681343658866 -0.016331275019159666 0.6407593161247901 6.972274967638647 0.019826496862660244 0.9998019377637352 0.0017320874452522797 -1.1304312033348383 -0.6406605998373229 0.011374516782203305 0.7677398978703781 77.09544276420516
0.7443036723507912 -0.018957230436540073 0.6675722589533619 7.57805391478241 0.021338322577313672 0.9997617288743169 0.004599532537844735 -1.1468207872288663 -0.6675003064050831 0.010821422301128456 0.7445308487748918 77.7713781445177
0.7194566241916244 -0.01946673556330349 0.6942645577625473 8.207669811640736 0.021983575256197076 0.9997445394400241 0.005250926125112165 -1.1463998796107584 -0.6941893209209752 0.011484602394099801 0.7197007863683518 78.42418959179558
0.6937974134440781 -0.018328578747285565 0.7199369978843676 8.873441364301744 0.023199798625197436 0.9997260619484508 0.0030941530528322833 -1.1751731472009765 -0.71979640128971 0.014555677650021945 0.6940325746074711 79.07052886029047
0.6673664425893883 -0.01579788652835597 0.7445619762382792 9.54277307055834 0.0226177943510568 0.9997437431478906 0.0009394501540999798 -1.1889156442093043 -0.7443859109729009 0.016213391428656288 0.6675527442627212 79.6627972864367
0.6400708076380776 -0.013449844907793553 0.7681982422798104 10.24568261882905 0.021118375434523398 0.9997769790068156 -9.165823465271273e-05 -1.1930090328398866 -0.7680255773587706 0.016281765405910652 0.6402121033551069 80.24930132987384
0.612073535746017 -0.012309883160210106 0.7907050965344745 10.943614405309445 0.021864475685462043 0.9997600219671878 -0.0013604806797579147 -1.2040600690533587 -0.790498482166181 0.018121065270876754 0.612195792286795 80.79775575334996
0.5828708757311865 -0.006411174757741785 0.8125395528839489 11.680057145679402 0.02069054471664955 0.9997617411201783 -0.006953840060525069 -1.2295165463885998 -0.8123012738443167 0.02086507557782972 0.582864653148635 81.33739063577266
0.5532068796697458 0.00289041408412208 0.8330389390593156 12.438122688259803 0.019323071190022405 0.999680399113684 -0.01630073625272179 -1.2493157878019279 -0.832819704905645 0.025114548634416645 0.5529742312165703 81.82590792714147
0.5221815014355452 0.010899247143518878 0.852764782597052 13.205739390830605 0.018153437543197128 0.999549724126979 -0.023891383170142687 -1.2830648744246265 -0.8526410892292229 0.02795624939896077 0.5217485244374757 82.30761966155008
0.4903403908996843 0.015890330214070054 0.8713861919299113 13.989157737248664 0.01587987519750424 0.9995048933246222 -0.02716247816558457 -1.3135581023430674 -0.8713862688384828 0.02715636301869142 0.4898452757756935 82.75910221793666
0.4571806514383409 0.01570784745050726 0.889235186591732 14.82677133873267 0.013676963284614395 0.9996016145041717 -0.024689119356021198 -1.3449719828126732 -0.8892686255306788 0.02344942361853778 0.4567836840574872 83.18872479345825
0.42404977066748434 0.013982210790919195 0.9055310091917953 15.655012528495218 0.01023929474085177 0.9997428825887871 -0.020231871983984795 -1.3745234257825802 -0.9055809363506369 0.01785131860814595 0.42379756674372865 83.5818412089259
0.3896429869258495 0.015050282783199474 0.9208430640902683 16.524841292711493 0.005713622875723129 0.9998077146290961 -0.018758530998872137 -1.406736535492832 -0.920948198688476 0.012570479094131722 0.38948207844505434 83.9587606122677
0.35433562978993716 0.017538641660893244 0.9349538945045548 17.381960887827656 -0.0008840317394689361 0.9998299387391745 -0.018420603605628257 -1.4424551381132338 -0.9351178311439777 0.0057005461366312436 0.3542908714708884 84.2997553097348
0.31848375328590117 0.019807855889787822 0.9477214078616173 18.273635542332425 -0.006716260476123684 0.9998037175506879 -0.018639389497939102 -1.4632842342149976 -0.9479044570262307 -0.0004288019861078069 0.3185542791634109 84.6102069846277
0.28202352824407995 0.019102450930481178 0.9592173612912829 19.175964930265838 -0.008783636491360556 0.9998112676127074 -0.017328350450500147 -1.4924432320387018 -0.9593672145140183 -0.00353841474103698 0.28213809414321245 84.88412977286016
0.24549271408543402 0.018621993227317075 0.9692196247425622 20.08442743863735 -0.009566825382753458 0.9998133260252079 -0.016786630293662314 -1.5202352893643925 -0.9693511644158825 -0.005151359743273848 0.24562503988935813 85.12582658150608
0.2094726191793053 0.01784926425373177 0.9776516546292888 21.02123607143113 -0.008846632815498452 0.9998270539672366 -0.016358638729107523 -1.5550159340722638 -0.977774426842876 -0.005222239094153086 0.20959429685345793 85.32872673018085
0.1737645612905421 0.01715226800612741 0.9846379102887807 21.969121470782515 -0.006467305731236829 0.9998466260040948 -0.016275880747183773 -1.5724838819229034 -0.9847659173942734 -0.0035397838431503893 0.17384884270536302 85.48953154971004
0.13942913589602274 0.01557380592946479 0.99010964529038 22.916957942444615 0.0011852336672421148 0.9998729726068616 -0.015894283691379116 -1.608961199794932 -0.9902312808212684 0.0033896363412822357 0.1393929614971156 85.61113063586302
0.10494224241663001 0.018484495583863662 0.9943065786508991 23.889742345941897 0.0035551727247598586 0.9998138781344541 -0.018962103620223224 -1.6522601048017431 -0.994471895543852 0.005524857055399781 0.10485699944891586 85.71035519075579
0.07253719813525192 0.024518364730947585 0.9970643552922192 24.839732240107143 0.004438438609489128 0.9996799508466884 -0.024905584785566884 -1.656534853713314 -0.9973557630139583 0.006231989128126522 0.07240516201805965 85.77451213602872
0.0432542388961103 0.027022342745902306 0.9986986489940484 25.808100168313263 0.009628574698450802 0.9995764464671203 -0.027463113151586692 -1.720744107505392 -0.9990176354540364 0.010803939681167232 0.042975732636769404 85.81261226220047
0.01729706357953017 0.026189703136386525 0.9995074052860298 26.795246454899363 0.012960476333825442 0.9995670290206673 -0.026415555585868767 -1.7516705749174004 -0.999766329127816 0.013411002612316902 0.01695014539980254 85.82447035911429
-0.004713897729347197 0.02316918964243095 0.9997205119975815 27.76709604715606 0.014423083627612826 0.9996291358902466 -0.023099064951877465 -1.7778416501927348 -0.9998848051839927 0.0143101649131719 -0.005046319060899321 85.83034890698616
-0.023487246093013624 0.02113868133622832 0.9995006913962826 28.7505907864914 0.01672327143961292 0.9996448501825009 -0.020748751192143963 -1.8104940412721948 -0.9995841839138772 0.01622758926271689 -0.02383241108948735 85.8086610731914
-0.042013666137834145 0.02338782483786837 0.9988433258738821 29.745369199401587 0.01735765239065631 0.9995921909312453 -0.02267525684484098 -1.8549550876375145 -0.9989661854942651 0.01638490354110001 -0.04240248879341121 85.76855482017751
-0.05551523618117863 0.02839740804361806 0.9980540001450395 30.73701248380138 0.020187329122657888 0.9994230580714164 -0.027313473341715792 -1.8801262983957698 -0.9982536715064765 0.018631729404170058 -0.05605647389023779 85.70739856981935
-0.06741505588050138 0.032786523663836845 0.9971862359763078 31.717383596527117 0.02372272676960883 0.9992300452659777 -0.031249941559054903 -1.9293005055306192 -0.9974428888232778 0.02154925878420858 -0.06814093338547636 85.64084839705188
-0.07683477174764529 0.03705191682430231 0.9963552106878387 32.70878293493937 0.03004010185471915 0.9989416167983389 -0.03483153144735769 -1.9705769194779843 -0.9965911289163109 0.027254337742211587 -0.07786649305069362 85.56142355511714
-0.08244459518678862 0.041809889249231194 0.9957183127575997 33.692255780770346 0.03302727964901633 0.9986854175910719 -0.03919984805445863 -2.022171304284717 -0.9960481735674409 0.029654049819853256 -0.08371708040428325 85.46851224851078
-0.0857020879475887 0.04708808384642813 0.9952075155016339 34.674608825796206 0.035341804761250095 0.9983975677971337 -0.04419556947311957 -2.068130938934293 -0.9956937191294235 0.03138477542432404 -0.08722893284954508 85.39063481777309
-0.0895521739612368 0.05070322507919182 0.9946907648743213 35.6764279863342 0.036641761236528986 0.998194995327929 -0.0475829868519167 -2.131818394384942 -0.995307818665415 0.03218605979026384 -0.09124838536669214 85.29442021522881
-0.09163282060366443 0.05402949217092739 0.9943260913864795 36.69075442665582 0.03790470815896714 0.9979925535499041 -0.050735585835545674 -2.1891934483701454 -0.995071111444946 0.03304059461631174 -0.09349684294623978 85.2139082739574
-0.09465867262253795 0.05736933595538314 0.9938554399229652 37.690295538732315 0.038487949020615246 0.9978026272513694 -0.05393144225265204 -2.256248538854902 -0.9947654419552425 0.0331463762729453 -0.09665869762883142 85.1141159622677
-0.0958927820878745 0.06109893681514822 0.9935147842457398 38.69453783883585 0.039784300242281745 0.9975520659531784 -0.057507292690319047 -2.3230090755052855 -0.9945962289084811 0.03401175463701605 -0.09808881986530378 85.00721678158186
-0.09812831034072977 0.06221965679807004 0.9932269035132589 39.70635359814214 0.04166336200969562 0.9974254483007648 -0.05836643645039513 -2.394670050958295 -0.9943011995265094 0.03565377073597747 -0.10046795096003501 84.91839380191945
-0.10107736823503134 0.06173741017094063 0.9929612217475564 40.72012312427203 0.04248789274239937 0.9974299997412436 -0.05769025166299652 -2.4608401348969005 -0.993970834585729 0.03635764966548048 -0.10344069150621234 84.81822733300801
-0.10255294421465638 0.06113285868082461 0.9928473239861032 41.74233385971364 0.043101801728458906 0.9974454104964996 -0.05696391907283545 -2.532356979354876 -0.9937932334107623 0.03695168934932133 -0.10492589628184329 84.71611045734865
-0.10481547834054271 0.06224557381575494 0.9925418532790722 42.75496993851928 0.04271496445023763 0.9974000518675428 -0.058039416836407266 -2.6048092642972285 -0.9935738594557438 0.036312959844323964 -0.10720177352700007 84.60432745562748
-0.10761599278369534 0.06442490827319876 0.992102999404607 43.78276138661096 0.04128736459147665 0.9973269279569895 -0.060285592162706875 -2.6741876297443823 -0.9933347994151246 0.03447362276731414 -0.10998826517329414 84.49631496877407
-0.1102552501522433 0.06674051909293754 0.991660034339051 44.80706480151026 0.03961889246738981 0.9972450093379106 -0.06271147245487732 -2.7492894031228325 -0.9931132792637097 0.03237420134171912 -0.1125956891856672 84.38378504989478
-0.11223239373206233 0.0701666534919022 0.9912016263685818 45.834341485652715 0.0375941482296302 0.9970894857409848 -0.0663267200267813 -2.825886005244734 -0.9929705131234895 0.029819373555764084 -0.11454359200892243 84.27130582632635
-0.11435097302265887 0.07421250354899409 0.9906646752789033 46.86905438835822 0.03392833626253393 0.9969158661216964 -0.07076449683353216 -2.9058302597902115 -0.9928608079055252 0.025519613467616734 -0.11651621309903763 84.16093631231911
-0.11756171654967154 0.07669346108969566 0.9900997344345113 47.90966372274366 0.03132111846050033 0.9968037183672608 -0.07349377230701734 -2.993244218104757 -0.9925714591035034 0.022370975758589248 -0.11958807181758933 84.03713347741956
-0.12075157360737018 0.0749541507144551 0.9898490154272012 48.95455359286212 0.028832187569248824 0.9969894351830277 -0.0719776102744926 -3.0853609567648324 -0.9922638913928545 0.019848101534909998 -0.12254913157565758 83.92483648008592
-0.12242628304969773 0.07178362559822467 0.9898782951890872 50.01599383702935 0.027108821356424295 0.9972506559043997 -0.06896548540336149 -3.1562851955476763 -0.9921072440391905 0.018391244888096785 -0.12403566285470198 83.79158407085258
-0.12553080447057124 0.06959832161865855 0.9896455036557226 51.0661635819872 0.0269610461916883 0.9974071211259058 -0.06672431901260314 -3.2493665906599967 -0.991723243570385 0.0183059200192799 -0.12708175665533447 83.67170472744219
-0.12764517134439418 0.0698967889041929 0.9893539723141274 52.12534440532217 0.027147293695013713 0.9973861547410674 -0.06696174726950359 -3.3277660989292452 -0.991448230392994 0.018310937418959998 -0.12920903339667322 83.53217024585079
-0.12843038690303396 0.07274966844292874 0.9890466336800702 53.17878372992535 0.028025543764310913 0.9971736698363172 -0.06970826376969314 -3.4137585616455604 -0.9913223822232381 0.01876590963364009 -0.13010625293328323 83.39870292969164
-0.1292424312508684 0.07511648220684078 0.9887638956676256 54.244254585767074 0.02770630626330249 0.9970109535799679 -0.07212149143426419 -3.500250252463761 -0.9912258215111863 0.018073836647972682 -0.13093732232909944 83.25132987243953
-0.13005564206868042 0.07594661260248547 0.9885938351201686 55.304647437325855 0.026510791863296822 0.9969720135521669 -0.0731025917066449 -3.5907177737348217 -0.9911521434378232 0.016700999731788055 -0.13167523148348653 83.1261160432122
-0.12971772108332288 0.07486952432853682 0.9887203870287069 56.37817566274168 0.02397711642716996 0.9970905013860124 -0.07235760310326786 -3.676339111698693 -0.9912609500442846 0.014320599465882461 -0.13113546030268955 82.9896863550124
-0.12983418537265143 0.07411711853998905 0.9887617898878813 57.45687257403145 0.020694939381093916 0.9971876538993784 -0.07203126954802205 -3.7650387292856218 -0.9913196572926363 0.011110243128981975 -0.13100288852672703 82.8635922502859
-0.12959696500278248 0.07496562881256118 0.9887289416396132 58.53607786102115 0.016546062210565454 0.9971626476317526 -0.07343631192969556 -3.857501221052631 -0.9914286297533283 0.006842446612037159 -0.13046963262897013 82.71181025720135
-0.12988881868668345 0.07514012428091428 0.988677388261665 59.61341518671578 0.012008591303175454 0.9971704830990848 -0.07420796238700464 -3.948224052486955 -0.991455780392794 0.0022338371102510824 -0.13042362441240132 82.59020525358117
-0.1307756301523251 0.07427164592750393 0.9886261153444659 60.71007777818408 0.008766752953860937 0.9972375644460802 -0.07375892573964245 -4.041705961187151 -0.9913731631204509 -0.0009788295283683999 -0.13106549429375514 82.45277670361324
-0.13092070646731507 0.06960955579904846 0.9889461153551713 61.793360834401966 0.008299615124097494 0.9975739581628518 -0.06911811524575653 -4.128536663823184 -0.991358033553956 -0.0008411204288664223 -0.13118081169553683 82.31582072678981
-0.13091888344886368 0.06163673768492043 0.9894752572095328 62.91011383471441 0.011858797604180543 0.9980914186531661 -0.060604405930755535 -4.213058332844217 -0.9913220904250364 0.0037997253723781746 -0.13139995520430248 82.17256954822858
-0.13139908283606758 0.05606048128732686 0.9897432141223521 64.0137182749621 0.018927644574236433 0.998359603398502 -0.05403567838138037 -4.280953142413194 -0.9911487712703027 0.011633268322417024 -0.13224462056243438 82.0287551844555
-0.13015831228356028 0.057968631322732535 0.9897972439456624 65.11812352617169 0.02585826386033652 0.9981483035530835 -0.05505736181897962 -4.366184553484827 -0.9911559045527654 0.01842826370343817 -0.13141627126952324 81.86310280081464
-0.12962567725481608 0.06345535647258577 0.9895305583720196 66.21381926649526 0.03051498409401564 0.9977328112057163 -0.05998396506705052 -4.443861810347722 -0.9910932819742398 0.022420045797755986 -0.13126812395090015 81.71770828920349
-0.12802072353762517 0.06902730448219864 0.9893664963790503 67.32899059543603 0.034292566218577056 0.9972865560636742 -0.06514253831446336 -4.513464340351328 -0.9911783828681554 0.025588319596566385 -0.13004046252604906 81.56560424535131
-0.127269632395193 0.07215709901844526 0.9892400775470848 68.44080559613293 0.034208698077539325 0.9970762781207098 -0.06832760457599833 -4.628855165744 -0.9912779985014818 0.02514458424921874 -0.12936593572551683 81.41190547941441
-0.12747743208108767 0.07117947082964751 0.9892841412268206 69.57494126883113 0.03296692665066894 0.9971745311903106 -0.06749912892273356 -4.692979344742683 -0.9912933700662858 0.024009041190036946 -0.12946381910922292 81.28835899775771
-0.12667226304000584 0.06686298050658693 0.9896886431055195 70.69865699674237 0.03196115600430381 0.9974827050928176 -0.06329877256720308 -4.76949199526251 -0.9914295161318376 0.023613393693961517 -0.12849041205281167 81.13750225420408
-0.12709236619981348 0.0644006404057963 0.9897980696950499 71.82495071583882 0.031033748712361295 0.9976596439711717 -0.06092734583883616 -4.852400229466303 -0.991405215415712 0.022973742935971583 -0.12879351777135828 81.01903978696292
-0.12709831591355636 0.06525159591919072 0.9897415705681579 72.96808136945555 0.028185894417096447 0.9976684554986716 -0.062154690484138596 -4.934696829027117 -0.9914895062893307 0.019996993878684755 -0.12864115958511507 80.87209514635428
-0.1266102565537978 0.06943602876649507 0.9895193890781058 74.1006182284684 0.027859039218090267 0.9974024470862211 -0.06642459702950795 -5.0288881675571835 -0.9915611821975578 0.019157023592905043 -0.12821580053242326 80.71911385660421
-0.12667691894714517 0.07293564889705345 0.9892590529460482 75.24128302450379 0.028788730577013748 0.9971433779455563 -0.06983047877395446 -5.1151871691807 -0.9915261145849571 0.019633601256758185 -0.12841476899841103 80.56984614259184
-0.12564437861573038 0.07143312199238507 0.9895003488620854 76.38825898933295 0.026806985307074174 0.9972846274268912 -0.06859119281633902 -5.211997033620873 -0.9917130317643951 0.017907421836913302 -0.12721810881116094 80.43182558752822
-0.12462521466804966 0.06533239908035052 0.9900506895292533 77.55329953862093 0.03037053083308377 0.9976134366792752 -0.062008489287206606 -5.288118727910579 -0.9917389034596911 0.02234054298639464 -0.12631196201122555 80.28661029986858
-0.125986993916998 0.06344313681617254 0.9900012045443458 78.71386329171479 0.03012254153860073 0.9977374158469886 -0.060105527419473115 -5.374838638842379 -0.9915743932348586 0.0222488364951886 -0.12761300192999073 80.13989859802889
-0.1252370770203585 0.06625320208295782 0.9899122799668877 79.86225228584873 0.027059636388384885 0.9976247093084128 -0.06334598000374073 -5.461767002760225 -0.9917576924085039 0.01885340002519364 -0.12673238228805436 80.00409093154576
-0.12481337346993512 0.06903350082395086 0.9897757990717054 81.03241209497686 0.02588377275138634 0.9974635737680743 -0.06630568602563257 -5.548873585860571 -0.991842482778642 0.01734329426079415 -0.1262836402981391 79.85751651554422
-0.12519756302461793 0.06900429310249466 0.9897293088944945 82.2147409177834 0.02544630982389926 0.9974735234184757 -0.06632534887541551 -5.642780922440478 -0.9918053872694247 0.01688118579445654 -0.126637150393858 79.712555200087
-0.12459425748725342 0.06562899820704461 0.9900349626877282 83.38717733175375 0.025176791009041598 0.9976979002671306 -0.06296851437361725 -5.7196672821417245 -0.9918882310143345 0.01708038687674031 -0.12595975277987712 79.57726837781162
-0.12393196802139952 0.06441082269655726 0.9901980832059751 84.5733268137768 0.025948315436868298 0.9977601621883007 -0.06165506657199163 -5.813391350200161 -0.9919513201165889 0.018052937130575743 -0.12532573416690104 79.43020963701233
-0.12310258226712596 0.06460733914716361 0.9902887362553835 85.75928087344052 0.027528878503267552 0.9977168919939817 -0.061669851349118836 -5.899396346997748 -0.9920119900147193 0.01966981904987887 -0.12460008972685581 79.28491009888445
-0.12185969584472696 0.06494671362800311 0.9904202472463273 86.94134216512208 0.02981395394257131 0.9976461254890634 -0.06175228994249601 -5.988529372141008 -0.9920993984331512 0.022003227238408956 -0.12350916964433636 79.13136168779599
-0.12102964382702842 0.06508169866955593 0.9905131620724151 88.14970217951969 0.029946189699082793 0.9976336003450311 -0.061890458407353785 -6.068318010306549 -0.9921970170631197 0.022171513719087172 -0.12269218651800275 78.98646773904986
-0.11944874230316746 0.06465622016674033 0.9907329152280381 89.34552612944624 0.029717161595778918 0.9976630164028313 -0.061525607207689764 -6.16047334835577 -0.9923954601446655 0.02209261246392276 -0.12109098409966379 78.84525161214017
-0.11810362413593987 0.06342331369629016 0.9909738351534905 90.54384971822175 0.03204319347313699 0.9976819010572413 -0.06003375063564736 -6.2442281577251055 -0.9924840749872857 0.024663761845520084 -0.1198621369213015 78.70581514979
-0.11748618958576355 0.06261376956853285 0.9910987106360336 91.77189873525496 0.02971133763568532 0.9977851936536036 -0.05951417596684423 -6.33292777714337 -0.9926298956251212 0.022454773702115037 -0.11908631406784002 78.5525150023951
-0.11590861783203923 0.0622259400573399 0.9913088562015628 92.96860341662959 0.03153315233309477 0.9977631232375501 -0.058944077369976866 -6.415876876684226 -0.9927591500008749 0.024426965244012888 -0.1176115254055108 78.41914922633657
-0.11434662242115338 0.06258618561306015 0.9914675779807133 94.19321679710298 0.029722993338165977 0.9977823077461573 -0.059556830124852585 -6.497259656987586 -0.9929961005861684 0.022659260575388245 -0.11595327532500405 78.2790216497409
-0.11243958007592479 0.0652112899256267 0.9915164911288316 95.44873785965424 0.029100749767779852 0.9976322839780022 -0.062313450572143776 -6.597137406809356 -0.993232275382538 0.02184737422051778 -0.11407104390207742 78.13627405181715
-0.11107125059038406 0.06439652084884016 0.9917239542984919 96.66555551504132 0.026624738777027365 0.9977330751848139 -0.06180479763625482 -6.675452524365831 -0.993455668888942 0.019539654144512506 -0.11253399459442984 78.00829345367364
-0.11107380557469551 0.06291602263970186 0.9918186927581685 97.90835552881973 0.024540178755739515 0.9978633853016592 -0.06055121302087345 -6.765202093691968 -0.9935090670788049 0.017613753350201766 -0.1123804497269637 77.87182484652283
-0.11106992104123968 0.0634678453299652 0.9917839647768388 99.14023736048412 0.02131071938561331 0.9978813142193053 -0.06147145041066107 -6.8574414498364735 -0.9935840145538883 0.014307999355897057 -0.11218714317806545 77.73926860601034
-0.11145265234568462 0.06310797499967158 0.9917639978395391 100.3997792849569 0.017966293402971414 0.9979464569830195 -0.06148235982093423 -6.946157580277481 -0.993607261755463 0.01096594959339459 -0.11235759463733497 77.62400781739578
-0.1126019107745045 0.060781070842528706 0.9917795088654049 101.65437929298548 0.016673764955010266 0.9981023978034558 -0.0592755099109343 -7.032651373290706 -0.9935002055126634 0.009862162049585258 -0.11340168702895136 77.47543461428036
-0.11363949738896278 0.05906489613004175 0.9917648613837552 102.89593592697051 0.014150857822170583 0.998226252281903 -0.057828259504391764 -7.1204225307896944 -0.9934211998996118 0.00746274824704672 -0.11427375489294016 77.34725595414363
-0.1148145843825353 0.05839380759289937 0.9916692538421505 104.15308630211558 0.012376726231212172 0.998277412349628 -0.05734996027821962 -7.206805866405788 -0.9933097714716512 0.005689005766699438 -0.11533952796709274 77.21616617488256
-0.11726634230861707 0.05825096047107165 0.9913907169335084 105.41630374468794 0.011726379195501808 0.9982898963499334 -0.05726928512437759 -7.297164100627025 -0.9930311960317407 0.004909662991219373 -0.11774888404131617 77.06076140311188
-0.11938262388461679 0.05664971709294264 0.9912309223054195 106.65534569195653 0.010720963844458375 0.9983862236122822 -0.05576743172772514 -7.3939181251527115 -0.992790367247601 0.003969288367224263 -0.11979729972766548 76.92692570991366
-0.12251025431090859 0.05309112849973932 0.9910462652028739 107.92265679310734 0.01102075632757032 0.9985793698645318 -0.05213233081858401 -7.462692574908481 -0.9924059856410745 0.004535334096600566 -0.12292131555362316 76.77738441540137
-0.12680887147205697 0.052731594828735635 0.9905246237716558 109.16968228566711 0.01080695595188331 0.9986001445268876 -0.05177797762869116 -7.541780931623547 -0.9918682264169395 0.0041386482650659796 -0.1272012230548308 76.62778154942404
-0.13245592416296587 0.05740792568809163 0.9895250824822469 110.40727420206176 0.004396863733224565 0.9983455370692481 -0.057331096700253735 -7.639931805676033 -0.9911790808009885 -0.0032430375938250332 -0.13248919290628225 76.47705418588612
-0.1405238575172249 0.06056347703611892 0.9882232726438398 111.64076446924015 -0.00012613210601991089 0.9981262270050544 -0.061188319594897435 -7.72531890098516 -0.9900772179887026 -0.008723065473828756 -0.14025290948782942 76.30318349557659
-0.14877169852096916 0.057460596568017074 0.9872007850739069 112.87189549742803 0.005890204734121671 0.9983441293974984 -0.05722154557764023 -7.8132578786908224 -0.9888539630805644 -0.0026981319714892184 -0.14886381087652917 76.12944636738564
-0.15970262309348482 0.054729736451316194 0.9856469198662727 114.1082020170726 0.008320111035030974 0.9985011066392382 -0.054095396271034275 -7.89882298925338 -0.9871300379849056 -0.00043848574835049677 -0.15991860354575335 75.93646712611284
-0.17260758944374854 0.0551758378384365 0.9834441421084035 115.33035780451083 0.008369442784740467 0.998475950033646 -0.054550245862148745 -7.9979502575128585 -0.9849550456837403 -0.0011849073188337483 -0.17280631058989754 75.72663891480195
