-0.004000521676177827 -0.9999816868240268 -0.004552285686678138 0.6569474434179919 -0.0005357322686900948 0.004554464272192872 -0.9999894809778714 -0.34533757042724395 0.9999918075335378 -0.003998040904536316 -0.000553942596015047 -1.0017759163837852
-0.004937133491127682 -0.9999868636976446 -0.0014493430614692633 1.1686896690299844 -0.0025033470891689534 0.0014617162863049373 -0.9999958202744752 -0.34884883926898547 0.9999846779276425 -0.004933484615821425 -0.002510530095177254 -1.0023949425918022
-0.006139765117461636 -0.9999775247979921 0.0027184241122037442 1.8541322320804499 -0.0017604223003736322 -0.0027076624894211594 -0.9999948017904622 -0.3423121187909635 0.9999795670772644 -0.006144518798147985 -0.0017437583931172076 -1.0036322286828188
-0.008103432981182318 -0.9999415940533554 0.007162523432609486 2.7767674948982735 -0.001746669991500649 -0.0071485959354827345 -0.9999729217912319 -0.33400440900620554 0.9999656349387646 -0.008115724890619746 -0.0016886400833349515 -0.987348247283405
-0.008966783587186809 -0.9998868562245804 0.012085322155115558 3.522714901173676 -0.0007055635961624659 -0.012079470064145108 -0.9999267871171851 -0.3183875440496144 0.99995944785488 -0.008974653419463803 -0.0005971695386680872 -0.9865296893735078
-0.009381186793355735 -0.999833600178886 0.015644338657888206 4.2741418861165466 -0.0003139761261674309 -0.01564208297811613 -0.9998775904886854 -0.304843546157914 0.9999558762110642 -0.009384951402904544 -0.00016718242852813427 -0.9713765288538443
-0.009986286622814072 -0.999748157013821 0.02009922497381787 5.041177509777955 -0.0006655543601774568 -0.020093577429570474 -0.9997978547448126 -0.27232957671911506 0.9999498832804233 -0.00999764552796921 -0.00046472644761545235 -0.964756791234814
-0.010361814336618898 -0.9996393377698769 0.024777575137053455 5.828669534945946 0.0017907082405375437 -0.02479741390534628 -0.9996908795425444 -0.234879199609085 0.9999447343799326 -0.010314242016187044 0.0020470082419651783 -0.9566721533605496
-0.009674830333847317 -0.9995277977152727 0.02916550055363222 6.626082371893963 0.004332861721089013 -0.029208493444330352 -0.9995639605240301 -0.2082095237547904 0.9999437655843162 -0.009544242180703986 0.00461340377817767 -0.9488803020891244
-0.007197999708692175 -0.999422867073646 0.033200202110850535 7.435014973528637 0.004644583841734639 -0.03323411707504811 -0.9994367769838725 -0.17526386100219155 0.9999633153237937 -0.007039744914540669 0.00488112178374027 -0.940561990160144
-0.005041592591618325 -0.9992869207309619 0.03741958158688567 8.259964008751323 0.00438661466480831 -0.037441797250857764 -0.9992892228088732 -0.14390602761178295 0.9999776601877669 -0.004873863817157504 0.004572252842476083 -0.9304951307844929
-0.005014461722826602 -0.9991904497144835 0.03991681727925077 9.089368545042312 0.004896759708167143 -0.03994137113719066 -0.9991900773091703 -0.10213169324070809 0.9999754321533065 -0.004814937658613657 0.005093080860017237 -0.9274007367318089
-0.005544171179843277 -0.9991259982614541 0.0414320785441106 9.908468119253664 0.0036280173708038 -0.04145254157229868 -0.9991338526086471 -0.056225401142425246 0.9999780068564647 -0.005389052829374641 0.0038546667521419525 -0.9319927178431
-0.005746887311347877 -0.9990864486494346 0.04234802962253801 10.729113241875805 0.0018598668477432289 -0.04235933159822818 -0.9991007361464713 -0.019363163153586438 0.9999817470935314 -0.00566295748480872 0.002101602909576044 -0.9188231656304869
-0.004895437577581847 -0.9989910093546573 0.044642872395766794 11.562961012215471 0.001377024763777657 -0.04465009663421467 -0.9990017520791722 0.019816970729912287 0.9999870480818763 -0.004829076890419221 0.0015942166117965128 -0.921306118300667
-0.005272848377459716 -0.998873552206057 0.047158823511595706 12.428836701543744 -0.0003485290798336148 -0.0471576365879068 -0.9988874360411041 0.061528347138634754 0.9999860027652374 -0.005283417479332961 -9.94811346334998e-05 -0.9110262771206029
-0.007497234525657724 -0.9987312602436522 0.04979725016455523 13.313583637698024 0.001572948994065953 -0.04981036453204204 -0.9987574114638366 0.09683840784194997 0.999970670175741 -0.007409590307207789 0.001944394057699764 -0.9004320262794846
-0.008843429278819512 -0.9986725972208254 0.05074256597300958 14.189570915819212 0.0014117237835458091 -0.0507569650830411 -0.9987100625271591 0.1542584291072316 0.9999598752193232 -0.00876038709981661 0.0018587163618606242 -0.8997788374316339
-0.010150105283533894 -0.9986333845105829 0.05126753070331944 15.081475619184994 0.0035280628515108885 -0.05130562105148528 -0.9986767547923835 0.20794148557160763 0.9999422206917555 -0.009955799329747472 0.004043998335019168 -0.8949587151830826
-0.010569439836708517 -0.9985188888283449 0.05337118507135841 15.934383734178235 0.005618013980173255 -0.05343262302662363 -0.9985556537782656 0.2586531073059522 0.9999283063714048 -0.010254334298187754 0.006174445863332147 -0.8824132541987219
-0.009552112656972771 -0.9984425558048274 0.05496676804104357 16.843669507197 0.005938310280078357 -0.05502493804547749 -0.9984673424210749 0.3092642347956054 0.9999367318750886 -0.009211063389120316 0.0064546657024502525 -0.868388607392602
-0.008429783860667435 -0.998360472781685 0.05661622345804948 17.759229710690285 0.006366320185433821 -0.0566706598569635 -0.9983726443548818 0.36240828348933346 0.9999441632776844 -0.008055628001218697 0.006833603717630915 -0.8585731488072847
-0.007794259077017729 -0.9983243494973749 0.05734023379138554 18.6612009906367 0.006843402632177852 -0.05739388083471588 -0.9983281377196608 0.4204138604184412 0.9999460926705238 -0.0073888245631975125 0.007279278911733612 -0.8480910355620755
-0.009019832877298099 -0.9982642686744326 0.058199248422638815 19.54735962480541 0.005571030504076692 -0.05825087865251036 -0.9982864767142595 0.47375793069135735 0.9999437386591942 -0.008680146411832285 0.006086774529808429 -0.845284777828866
-0.009523174231749703 -0.9981995591553395 0.0592214649074261 20.44852784933151 0.0047764082618251685 -0.05926887367706742 -0.9982306618701638 0.5284592272781591 0.9999432215986331 -0.009223457612514207 0.005332235908817134 -0.8341331789101663
-0.007238745119278402 -0.9982024958974155 0.059492713408028364 21.379086004942028 0.004330001949203046 -0.05952500563005353 -0.9982173760582199 0.5886315891743471 0.9999643675075082 -0.006968237926619101 0.004753104749331927 -0.8258800015806873
-0.004167386686105305 -0.9982273779905804 0.05937018621613569 22.333475224136713 0.006341667502836888 -0.05939587891320049 -0.9982143043250513 0.6568689667377965 0.9999712203106006 -0.0037834398674613575 0.006577951599305789 -0.8170892004348002
-0.0013610577260764816 -0.9982381851336031 0.05931931218083256 23.266681394271703 0.007243082350698418 -0.059327646719167335 -0.9982122332509118 0.7223133904968297 0.9999727701671045 -0.0009289698696817493 0.007311069445243794 -0.8098871773044396
0.0014030023740582848 -0.9983295685220642 0.057759993207919046 24.200877325731092 0.005339543209038584 -0.05775174816449231 -0.9983167178767922 0.7689063895961569 0.9999846720739168 0.0017090531009909798 0.005249598790434011 -0.8163236173211317
0.002793830472059944 -0.9984882996580122 0.05489420094001178 25.151417320769166 0.004241546104981265 -0.054882082424769586 -0.9984838122382026 0.8197523624171892 0.999987015434276 0.003022431185959471 0.004081803952709635 -0.8264308441607798
0.00031618406676512355 -0.9985580672461009 0.05368149095259707 26.111300620901027 0.006885967090144094 -0.05367804822204095 -0.9985345352080194 0.8749161827412527 0.9999762218734901 0.0006853694623141435 0.006859066155275815 -0.8200514171947321
-0.004156403522362071 -0.9986261106305127 0.052237245705186654 27.075557284290134 0.006575042813670752 -0.05226385461514714 -0.9986116509659565 0.9389433423279048 0.9999696866121743 -0.0038071708310725106 0.006783239637509184 -0.8143608622180211
-0.006850136315213869 -0.9986812333455769 0.05088181646664192 28.009328178566317 0.005677590447279832 -0.05092102827629149 -0.9986865468451103 0.986360538812157 0.9999603281201719 -0.006552252458364257 0.006018918591505344 -0.8126119747618561
-0.005446313798376527 -0.9986849694922919 0.05097884818479339 28.995423657631026 0.005294271667342336 -0.051007692667114905 -0.9986842458619893 1.0475474598182695 0.999971118091443 -0.005169251894347419 0.005565113465491432 -0.800962757923862
-0.00016438056481807642 -0.9987047014503535 0.05088137853130855 29.97215002523439 0.004200284414989984 -0.05088162023907359 -0.9986958513101594 1.1045183760460593 0.9999911184018969 4.955040986296712e-05 0.0042032078038916594 -0.7983774912098107
0.0024612310605462272 -0.9986443847407415 0.0519939354407653 30.95425955460958 -0.0011664056106656159 -0.05199692314464708 -0.9986465454898421 1.1499456670239623 0.9999962540746082 0.0023972534752188333 -0.0012928007158991535 -0.8074216604371085
0.0034928352045287703 -0.9986196981890951 0.05240847120221233 31.93486719963636 -0.007284261099862678 -0.05243280117101043 -0.9985978530233192 1.1993207051830965 0.9999672731103143 0.003106181837480522 -0.007457345033518345 -0.8011346185745905
0.00010734972582178946 -0.998572879589678 0.05340736989992737 32.917363992443235 -0.010415465809214135 -0.05340558996201941 -0.9985186202751621 1.2515205393405693 0.999945731576383 -0.00044907172650110114 -0.01040633476380238 -0.8128082517932849
-0.0031812150850155695 -0.9984444058392745 0.05566682520143245 33.90552044856943 -0.008536718350169292 -0.05563795373868273 -0.9984145247529591 1.3084752553581835 0.99995843901945 -0.003651383136117403 -0.008346441976301699 -0.8016339284554655
-0.003971072873851971 -0.9983562347003848 0.05717715307219575 34.904039798767684 -0.007706025420008106 -0.0571453509181957 -0.9983361295761195 1.374723814621027 0.9999624031242685 -0.004405074112906462 -0.0074664297879523354 -0.8008570925901475
-0.0028692178773148894 -0.9983215549674754 0.05784346213926995 35.92461092124711 -0.006900917937554797 -0.057822556382964165 -0.998303060327792 1.4355614533251104 0.9999719836041068 -0.0032635215215164465 -0.006723429739720967 -0.7800614570234009
-0.0009147246184763426 -0.9982178281203257 0.05966954233376927 36.94093399878191 -0.004479237537996057 -0.05966487414991884 -0.9982084179396714 1.503122352237071 0.9999894764262857 -0.0011803591830370315 -0.004416677231604807 -0.7800571095974288
0.00028295141298878904 -0.9981735542126845 0.060411461213890884 37.95395876661485 -0.0037971816403320614 -0.06041209488880236 -0.998166237539612 1.5699761209527159 0.9999926355652252 5.30403901722043e-05 -0.0038073405241864614 -0.7748978137843001
0.0021516047501468037 -0.9980962339586861 0.06164030367944333 38.96775942839899 -0.0035399691079884207 -0.06164766334555264 -0.9980916752494217 1.6369116167892113 0.9999913303825364 0.0019292958115062712 -0.0036658704045941636 -0.7805618562129357
0.005788883357315049 -0.9980690171570461 0.06184519060648192 39.963574967333635 -0.00592559677723442 -0.061879374571341364 -0.9980660510597823 1.7005529197425413 0.9999656083921191 0.005411218250595434 -0.006272366785973671 -0.7739827305282226
0.007896645540927326 -0.9980410815761193 0.0620623815454028 40.9303357076945 -0.0003927365513915388 -0.062067405478901515 -0.9980718661374274 1.7781767824441919 0.9999687342630834 0.007857045457960827 -0.0008820915620258262 -0.7843729585315131
0.007241684365171305 -0.9980535120576567 0.061942016459437955 41.92883429923173 0.0009608355411730613 -0.061936654165336495 -0.998079645479115 1.8346413469243976 0.9999732797790637 0.007287286835596731 0.0005104398001651758 -0.787025672599494
0.006449719810710583 -0.9980466799642275 0.062140086664870954 42.92125499283395 0.0007356564126419254 -0.06213662867864218 -0.9980673795082927 1.9063367203776989 0.999978887438629 0.006482968267990335 0.0003334564679315946 -0.7865673154839645
0.004789159030874901 -0.9981042651322843 0.06136046335293074 43.93589142474701 0.004687444039648957 -0.06133808556918279 -0.9981060554854679 1.9749869903893282 0.9999775016986646 0.0050677128193738884 0.0043847995383078705 -0.7733236709301758
0.005501578249023248 -0.998009929245486 0.06281734342085954 44.91934409071997 0.006745507603887061 -0.06277983135065879 -0.9980045988405404 2.0377920754529972 0.9999620361992622 0.005914334856314785 0.006386695101635518 -0.7610866829687726
0.0060614825961990675 -0.9978743923781991 0.06488483162245788 45.92189015422984 0.005017152254504236 -0.06485485780221109 -0.9978820896542167 2.0992565690089218 0.9999690111104481 0.006374185271296774 0.004613371206012021 -0.7664379609457873
0.006824403223045408 -0.9978697483966595 0.06488121480802683 46.900446150985836 0.002082165816044085 -0.06486840235584337 -0.9978916637156034 2.174791938464753 0.9999745387598444 0.006945103862305832 0.0016350421327979718 -0.7854238913172813
0.003813954184167778 -0.9978512510678003 0.06541002774007196 47.88746688859714 0.004223739112365356 -0.06539384389329564 -0.9978506058639827 2.2455743261466563 0.9999837417228564 0.004082031770856247 0.003965254709127842 -0.7758455153443888
6.623106011227967e-05 -0.9978361291358595 0.06575110125728345 48.871926546793865 0.005620931686677048 -0.06574969266161497 -0.9978203191204132 2.318546470167647 0.9999842085358936 0.0004356689835328092 0.005604413601502686 -0.7815883532643818
-0.0005821427872263925 -0.9977784783573498 0.06661779955346153 49.808393461750256 0.003970657726366811 -0.06661959166366524 -0.9977705076690355 2.377469618066038 0.9999919037624694 -0.0003163277372749077 0.004000619450891636 -0.7746624703693422
0.0014761963888195485 -0.9976880899741546 0.06794426188228746 50.79093820911478 0.0064143683088988416 -0.067933492795182 -0.9976692455973231 2.4454573214954274 0.9999782861037317 0.001908576156356848 0.00629925640636245 -0.7696435791417048
0.004056144662754051 -0.9977351690353241 0.06714373292433262 51.77944900139223 0.0044028091247660245 -0.06712581511152298 -0.9977348265774896 2.5245635822665973 0.9999820727254831 0.004342578155439897 0.004120565448768917 -0.7624126774730083
0.004360004850654299 -0.9976882778229388 0.06781819704569204 52.76205029881368 0.0034443818215938444 -0.06780346496885037 -0.9976927820090914 2.590820414285938 0.9999844866742063 0.004583537635866967 0.0031407961181960605 -0.7706740223259398
0.0049671204892023525 -0.9976717099753268 0.06801934657769577 53.722079540918216 -3.764390510497596e-05 -0.06802036748382707 -0.9976839775330354 2.6492241181584144 0.9999876551030514 0.0049530559951929485 -0.00037542150537528553 -0.7735627891992513
0.003663257254593313 -0.9976490573565013 0.06843229506547989 54.69717067476588 -0.002145043702197188 -0.0684404341575031 -0.9976529018874843 2.7107400691007713 0.9999909362790963 0.0035078690995681786 -0.0023907160970902145 -0.771351133709116
0.0055571224621208115 -0.997632670277797 0.06854373996583796 55.643498517495004 -0.003549475001510067 -0.06856403892350077 -0.9976404269480492 2.7780504863780653 0.9999782116731885 0.0053007156890447805 -0.003922091538620048 -0.7592713395878031
0.009550284147043613 -0.9975369508202488 0.06949072869618074 56.623302089829814 -0.006576146354044857 -0.06955504620672427 -0.9975564581124724 2.839741972560684 0.9999327150719262 0.009069960309119978 -0.007224218940319369 -0.7650280567482485
0.014120147688480631 -0.9973964722073169 0.07071815471195007 57.58042286462851 -0.007947565377975743 -0.07083491372880507 -0.9974563290161274 2.904251894932607 0.9998687394015339 0.013522199002031802 -0.008927072959675604 -0.7668084672836928
0.015551439883951348 -0.9973052570444643 0.07169665993322415 58.52193311304621 -0.0085790337863921 -0.07183576889089886 -0.9973795154567446 2.981092632711925 0.9998421435154669 0.014895601561656995 -0.009673064993052509 -0.7937221308719238
0.012399789633270352 -0.9973678746085154 0.0714403456621164 59.472082722907814 -0.010518296041014973 -0.07157198344091495 -0.9973799745793143 3.0528704934625353 0.9998676958366025 0.011615873822233782 -0.011378086192355415 -0.7967473564110514
0.0068689571110485004 -0.9972791457658602 0.0733977179974364 60.37871405031792 -0.006649090124018875 -0.07344337212980478 -0.9972771944909086 3.1237538064359773 0.9999542289275506 0.0063622203028117115 -0.007135477981243722 -0.7886243371735242
0.0017535954735579343 -0.9972176739100198 0.07452465279311964 61.31025981696099 -0.004727892052992704 -0.07453220082677828 -0.9972074153624346 3.1998434065958152 0.9999872474178982 0.0013963530526679962 -0.0048454366467796765 -0.784176402378426
0.0012249588812644156 -0.9972025755557491 0.07473613595305986 62.225094154209344 0.0008680354622807732 -0.07473510747812086 -0.997203080725425 3.2773707688725207 0.9999988234451784 0.001286405983481476 0.0007740605968564437 -0.780631162946282
0.00314194214782796 -0.9970709835330983 0.07641812367647795 63.13686893563059 0.0029788976851901454 -0.07640882675632253 -0.997072056564798 3.350652933756984 0.9999905907201392 0.0033603849557610563 0.0027300996084945427 -0.7713624380685886
0.00450976762394939 -0.9969039348677767 0.07850063056338193 64.00729529103423 0.004710169636123113 -0.07847937713184217 -0.9969046185537642 3.4311745599818604 0.9999786928546978 0.004865559636957289 0.004341663507892745 -0.768060407539948
0.004565099372516203 -0.9969192553985927 0.07830206690212121 64.86667036382556 0.004693243958519012 -0.07828065423757288 -0.9969203073394344 3.504411719944195 0.9999784878455366 0.004918530323588497 0.00432142586505665 -0.7704418345599926
0.005113094714246855 -0.9967460979922325 0.08044297345798355 65.73385384789104 0.006331806045048389 -0.0804101356745091 -0.9967417326526702 3.5727835732750353 0.9999668516829658 0.005605784359875762 0.005900058960262231 -0.7688587088481696
0.006048066252851618 -0.9966686678716536 0.0813336342769042 66.59480942563954 0.00566437999948652 -0.08129966879788508 -0.9966735861384248 3.6404069086293123 0.999965631234244 0.006488654275278404 0.005153803545033464 -0.769973102166755
0.006501304935777059 -0.996497849062898 0.08336650455312958 67.41411806771539 0.008279031929632936 -0.08331176666272548 -0.9964891690762044 3.7130335948633943 0.9999445278758977 0.0071686739309527805 0.007708402726948391 -0.7620038602178593
0.007340707283632711 -0.9963689221654609 0.08482480022763664 68.23614344133392 0.00867400368773274 -0.0847604437920507 -0.996363609535379 3.7844440589882495 0.9999354121820785 0.008049777064309824 0.008020306508417986 -0.7607972844122693
0.009993894008719658 -0.9962646924571603 0.08577217212530176 69.02772157250739 0.00987745674631043 -0.0856739162597829 -0.9962742207928494 3.8699782359668906 0.9999012044425316 0.010803871126660258 0.008984342251063229 -0.7530535392201123
0.013193831635027983 -0.9960357237510055 0.08797061587658489 69.83579340808451 0.010805178293748597 -0.08783110499052864 -0.9960767406630832 3.9518942366754564 0.9998544693106498 0.014092608211677557 0.009603513355500626 -0.7594170182998906
0.014606408055980647 -0.9958507264259548 0.08982316018025086 70.59426878399401 0.012055047063723397 -0.08965080852080679 -0.9959003313812959 4.026052650369298 0.9998205609621525 0.015629343839235588 0.010695550464826137 -0.7748040703953563
0.010433278075637181 -0.9958004259450018 0.09095431986538326 71.36182642608185 0.014306957111222643 -0.09080129390357503 -0.9957662302026148 4.105445786589203 0.9998431557499244 0.011690390473090057 0.01329951582793785 -0.7690835028819358
0.003763843882722953 -0.9958548654610065 0.09087853571267973 72.07306847658293 0.014898029533974793 -0.09081325154110742 -0.995756446228829 4.170140429708461 0.9998818667425001 0.005101782682680857 0.01449446765838446 -0.7716664611588749
-0.001822198237594076 -0.9958046609918081 0.0914875589529816 72.79878166422296 0.014477589050316469 -0.09150438785856789 -0.9956994024992519 4.236001285173962 0.9998934552106402 -0.0004898418531437791 0.014583585096161939 -0.7634841533877784
-0.002917072840194267 -0.9957393023392803 0.09216692085854129 73.4922941886637 0.016174771688194787 -0.0922022367605022 -0.9956089503919435 4.302177835186456 0.9998648632068571 -0.0014134847727465417 0.01637482000069647 -0.7607421548530355
6.614773049928163e-06 -0.9956158539511339 0.09353716644572442 74.1663429674793 0.021228230399922932 -0.09351595166472507 -0.9953913910776443 4.36952046078702 0.999774642942154 0.0019922128531887334 0.021134540891675116 -0.7440238808916578
0.0018598178020479156 -0.9955179600188462 0.09455499272676009 74.84305894329908 0.02126821798597496 -0.09449438953212529 -0.9952982272684759 4.437172340086114 0.9997720225177935 0.00386208968735168 0.02099715473007737 -0.738581305474034
-0.0008634727188573388 -0.9953394309512437 0.09643026477235024 75.47615743047604 0.020687202402301357 -0.09642738206017294 -0.9951249915785418 4.499068372319904 0.9997856373811129 0.0011356082236260168 0.020674054779030275 -0.7293293966741042
-0.004595798146233488 -0.9953827230135117 0.09587534898756273 76.09536166704821 0.012437385348450168 -0.09592579622021427 -0.9953108056901232 4.550467264664662 0.999912062389541 -0.0033818094547741154 0.01282082336644775 -0.724934125819977
-0.00885066451837355 -0.9954508028031267 0.09486527925064217 76.7059537637115 0.007914183030283713 -0.09493574968931903 -0.995451923357956 4.604293864349415 0.9999294410290736 -0.008059630374307415 0.008718424207692553 -0.7162823895621915
-0.008845074333927852 -0.9957496575083629 0.09167591311113356 77.26115109234232 0.007868676015034402 -0.09174596990365712 -0.9957513860615446 4.6608648772299945 0.9999298379688776 -0.008086126830970233 0.00864673223758495 -0.7099049715686157
-0.006903808350692842 -0.9960633576237469 0.08837564368903353 77.8514714708104 0.012414088425559968 -0.08845630448484103 -0.9960027476445692 4.71974234900601 0.9998990008722717 -0.005779108246997277 0.012975896835533851 -0.7087331273453326
-0.003903177866467109 -0.9964564418480437 0.08402020822842546 78.41841689153321 0.01227153670179563 -0.08406224812919649 -0.9963849813595437 4.786131105220065 0.9999170284525557 -0.0028580104816088798 0.012556157795663584 -0.7054609949385088
6.577915059512163e-05 -0.9969031058241361 0.07863997894745559 78.96729257656551 0.01132323579000211 -0.07863418683969163 -0.996839246062872 4.823770929691829 0.9999358119760934 0.0009560301991596454 0.01128300568909649 -0.6999868452446442
0.003667985067713802 -0.9974736585672856 0.07094300571575363 79.51333369136273 0.008143056301571177 -0.07091133227989609 -0.9974493281481633 4.858169607529088 0.9999601088685137 0.0042363215609737565 0.007862382212182266 -0.6932244656032188
0.00436961441430191 -0.9981712475642109 0.0602918888566894 79.98528807015525 0.009952784892476568 -0.060246063624739984 -0.9981339167939398 4.885215050074274 0.9999408674932295 0.004961532114617069 0.009671331210438056 -0.6882101979626017
0.00522739535775479 -0.9989923093737075 0.04457687235789733 80.4526988966887 0.012730888131258953 -0.044507385923349865 -0.998927947366134 4.906405041886452 0.9999052659562125 0.005789294049895163 0.012485401565595071 -0.6826715289284172
0.005644203109059961 -0.999642410651515 0.026141180417370846 80.93229955228708 0.017597763239408832 -0.02603825573561793 -0.9995060009059038 4.914434712653867 0.9998291568873807 0.006101444765886498 0.01744450362655796 -0.68329087826235
0.005904307405350672 -0.9999703769315849 0.004952430035163099 81.39107898528232 0.017902783105243125 -0.004846017840685717 -0.999828016221574 4.9117912676926085 0.9998222120716856 0.00599195530497733 0.01787364543533504 -0.6897100131909709
0.007418173428058224 -0.9997540977363428 -0.020900504350758384 81.86094584015795 0.013615226183534104 0.02100012425915373 -0.9996867681473746 4.881714244907631 0.9998797689240477 0.0071312770631508735 0.013767662312788044 -0.684967139737992
0.010178081368961377 -0.9986838849988089 -0.05026903580545765 82.28832921038169 0.013026540693389795 0.05039980447700909 -0.9986441608307897 4.837713079364479 0.9998632623183513 0.009509453940470747 0.013522374154029538 -0.6782459294737668
0.011286965606042518 -0.9964341879860622 -0.08361559082193236 82.70819808828944 0.012051326641829547 0.08375039863971773 -0.9964138156034148 4.770242529751078 0.9998636571642545 0.010238804951726506 0.012953645754239762 -0.6800414103026011
0.011877716387847417 -0.9926725052331208 -0.12025095569943109 83.14379212281021 0.011956719795315329 0.12039189781890251 -0.992654427073231 4.699981523614235 0.9998579217428661 0.010352654918731576 0.013299085793250075 -0.6811963436683772
0.012931183920433027 -0.9866748116137394 -0.16218999389319905 83.53823265373157 0.012217969297559729 0.16234734719290297 -0.9866580330078234 4.609786833088917 0.9998416576379903 0.010777023427431285 0.014154508886664037 -0.6808962165996576
0.013281057227354388 -0.9781705300934014 -0.20737899244404945 83.93208218916878 0.012509765703408515 0.20754362416956268 -0.9781457397320299 4.4931879886785016 0.9998335276179021 0.010396549150514764 0.014993078603082927 -0.6812163418265037
0.013565739431537271 -0.9664010639027113 -0.2566808045122232 84.31581621911603 0.01435915788767322 0.25686624678245673 -0.9663402628504842 4.372198937787927 0.9998048064498364 0.009423406507828717 0.01736129378600602 -0.6766999816974157
0.0128156649917883 -0.9511504081067128 -0.30846212467294476 84.66195140445815 0.01531270359700532 0.30863792529395456 -0.951056354959865 4.228048761899931 0.9998006353849908 0.007465025795488184 0.018520079714257127 -0.6714037829077506
0.0119299271425498 -0.9314452226193228 -0.3636861336536206 85.0031374150286 0.015373487438908737 0.36383986035500276 -0.9313345938563596 4.037190403134748 0.9998105901854454 0.005519632682551482 0.018660142502447418 -0.674943663646004
0.011959220021382038 -0.9066588138575905 -0.42169510429425827 85.27421256580526 0.01622947974848033 0.42184572228117617 -0.9065224201321209 3.850480163715553 0.9997966951656452 0.003997406353671282 0.019759547697441846 -0.6685282264188992
0.010748172928991304 -0.8777894096981208 -0.4789261254008226 85.56876317156141 0.017412679522823774 0.4790454407435606 -0.877617369284846 3.6254450224535715 0.9997906207226089 0.001093396811156916 0.02043352632744824 -0.6749394333477259
0.008284757412208094 -0.8441751484042432 -0.5360035318003098 85.85060232809641 0.016003575549930173 0.5360651924290684 -0.8440249205657768 3.398018552683639 0.9998375368566271 -0.0015854342471588578 0.017950990158723677 -0.6779001049513611
0.008322084082924463 -0.80772631732906 -0.5894989333794872 86.08810826594265 0.01633180147073348 0.5895505156412337 -0.8075664065372551 3.161241706176283 0.9998319272611598 -0.002906950010286828 0.01809792027584173 -0.673883837140274
0.009820713401601285 -0.7680761355984492 -0.6402833254592795 86.3503540540752 0.015472225831334029 0.6403541723572952 -0.7679239340496413 2.8617001756986498 0.9998320088559187 -0.002365051141596782 0.018172584241103452 -0.65375666203227
0.012212243221849916 -0.7251191966947951 -0.6885151246057816 86.54927256687903 0.015139162716688684 0.6886215986268944 -0.7249628025771947 2.627653162923087 0.9998107792773748 -0.001570115895464387 0.019387308151255722 -0.6577553548463649
0.012872543412702378 -0.6803522948196966 -0.7327722671453845 86.76648598749885 0.013837288284722379 0.7328840056139734 -0.6802128869674366 2.3351027147614913 0.9998213309736501 -0.0013835138283576518 0.0188483109733243 -0.6557825466124831
0.010038605723387425 -0.6338830969898738 -0.7733637120023998 86.92985453091744 0.012041386201141138 0.7734232550567299 -0.6337755528859957 2.055963666084596 0.9998770264217222 -0.002950146712110543 0.015396919219882912 -0.6669454176052351
0.006916147320937953 -0.5869047343555424 -0.8096265189123503 87.0800343494653 0.009682709448678092 0.8096472303694727 -0.5868370113163055 1.7490816347029734 0.9999291581832603 -0.0037807276370294563 0.011282465309589502 -0.658836823386983
0.009067700252527216 -0.5396744850531084 -0.8418249402421096 87.25251078765682 0.011571045882165268 0.8418598335418641 -0.5395722612519567 1.4001646773577405 0.9998918926319972 -0.004848116233310728 0.013878326205608756 -0.6410231751269913
0.013293561239994488 -0.49310033092991357 -0.8698709226033774 87.3584319383494 0.01377275217457354 0.8699554869750454 -0.49293776773201964 1.1160895609604864 0.999816806622474 -0.005427620730783642 0.018356151784960043 -0.6210413856143524
0.013213427887590057 -0.4470347772485983 -0.8944190752090426 87.48392630677576 0.014975813340185665 0.8944852405121387 -0.4468466072864198 0.7923181454040138 0.9998004825600051 -0.0074902712280421595 0.018513921600271214 -0.6246157936486321
0.006692726012614669 -0.4035871014555651 -0.9149168133081654 87.56386717278149 0.012504176331451507 0.9148994329968546 -0.4034880035286996 0.46598496297053604 0.9998993453454126 -0.008739846444717453 0.011169694990530832 -0.6485324583022452
-0.004622323772916127 -0.3634514917625703 -0.9316016655193031 87.6515910868952 0.0050182273237595 0.931591404716044 -0.3634724378341849 0.12594448525692709 0.9999766799189294 -0.006355076946079042 -0.002482235943127593 -0.6428668305517391
-0.008284492220439529 -0.3280935049500403 -0.9446089986792154 87.72197600532093 0.001804411230808857 0.9446349663001053 -0.3281182268284988 -0.21865920223660992 0.9999640564587224 -0.0044227557934698085 -0.0072338070796657775 -0.6150555395575237
-0.005279336700885701 -0.29455752582094075 -0.9556192009098624 87.81496074283965 0.0047102201268260716 0.9556145766523932 -0.29458206878673504 -0.5729963967486986 0.9999749245055946 -0.006056375271334688 -0.003657581951507401 -0.6081735476237583
0.0028424042211943135 -0.26421717504991266 -0.9644590700435413 87.91094582353115 0.012304176895614471 0.9643991905965298 -0.2641644161462657 -0.9159141257096407 0.9999201745301064 -0.011116013500659019 0.0059921851822759276 -0.6028887252139843
0.008916465001538271 -0.23493495316318666 -0.9719701729590415 87.97538658706706 0.01775233282844299 0.9718928496332301 -0.23475335021294844 -1.2747096198944743 0.9998026259526903 -0.015161571716786684 0.012836485365231711 -0.5971137046650032
0.007548014084839724 -0.2090276625760587 -0.9778806070656096 88.04301284732684 0.018206450026806497 0.9777750093205538 -0.20886463534728758 -1.6611092020566878 0.9998056800898101 -0.016227222979693996 0.011185905594606709 -0.5927512970664555
0.0008461442735809227 -0.18603728725253724 -0.9825423743743138 88.09462555172688 0.019059179021313783 0.9823672061388712 -0.18598772015089057 -2.056850797278836 0.9998179814447159 -0.018569077889774507 0.004376940587547958 -0.5885835831080577
-0.006044975971816774 -0.1642272559919638 -0.9864040744109183 88.13021766064585 0.024516159507987433 0.9861011438358545 -0.16432710559646235 -2.443584739422215 0.9996811548043324 -0.02517618735917121 -0.0019347378640375988 -0.5818639354978483
-0.007113249164222461 -0.14537329294367482 -0.9893513244522907 88.18436559332527 0.03236081158185691 0.9888246702832385 -0.1455286106532404 -2.8621887912936703 0.9994508701931957 -0.03305139756348407 -0.002329359119015932 -0.5792545495927119
-0.007315396048089271 -0.1274098444635634 -0.9918232195395302 88.22827037603791 0.0331046317350421 0.9912751873124007 -0.1275836347324326 -3.298637992732471 0.999425098950576 -0.03376726783157418 -0.0030337162643111976 -0.5754617406091405
-0.003750257120785525 -0.11199876908438608 -0.993701296009401 88.272050197915 0.028736478724719787 0.993285825441052 -0.11206034931592959 -3.7394237304000124 0.9995798859873578 -0.028975733970551483 -0.0005066282202663215 -0.5590036925386935
-0.004017815813543858 -0.09800422730476507 -0.995177896630981 88.30917611995504 0.025815983725608897 0.9948440848704074 -0.09807560137908641 -4.214192598424615 0.9996586407919671 -0.026085548597393683 -0.0014670260568632552 -0.5401918179680217
-0.005674783405822545 -0.08503359023968113 -0.9963619112141535 88.34981732992038 0.023346212835006794 0.9960951035101504 -0.08514378353428781 -4.692299766998518 0.999711332712492 -0.023744448444857597 -0.0036674131043277687 -0.5328807710689535
-0.0076706677686482405 -0.07195592332949435 -0.997378295553744 88.36727759779147 0.02154156195630521 0.9971643255718674 -0.07210615671415176 -5.176586738289803 0.9997384955985751 -0.022038192223958156 -0.006098874803219216 -0.5208417935989479
-0.010121908416613753 -0.06229158483200051 -0.9980067740730958 88.38272780214346 0.022382326337779875 0.9977936139179733 -0.06250528162171473 -5.659761598803718 0.9996981962893707 -0.02297038697173185 -0.008705346501359387 -0.5092216669797387
-0.012644196165997258 -0.05382024981206687 -0.9984706128401571 88.4015565761238 0.02280328172398833 0.9982751995362167 -0.05409848332823297 -6.191434482196323 0.999659977863931 -0.02345243598871457 -0.011395113370219399 -0.5016284842354498
-0.013373606606680587 -0.04799859487855788 -0.9987579478193626 88.423609567603 0.02323653148527985 0.9985625133376911 -0.04830034317891141 -6.748552512887674 0.9996405206721014 -0.023853622051893644 -0.012239066731010172 -0.48990565506018974
-0.013709177964796697 -0.04241639687329744 -0.9990060278017447 88.45009901176712 0.023716945692458996 0.9988049417026791 -0.042733324343224695 -7.294035444992472 0.9996245979781045 -0.024279210517945397 -0.012686813737882103 -0.4753600843176704
-0.013593322753281886 -0.037030678355709695 -0.9992217525803889 88.47094402923601 0.02453872955930135 0.9990006972935829 -0.03735630509191008 -7.8890249375524615 0.9996064173532704 -0.02502743094903256 -0.012671054540300835 -0.4643238207819495
-0.01781605562753964 -0.032581324939939156 -0.9993103639600285 88.49646464252572 0.02457542578220699 0.9991527089643018 -0.033014325281973074 -8.491758258943518 0.999539168446927 -0.02514666174737263 -0.0170002633367619 -0.45757200224269573
-0.019962283198234863 -0.028916495198275063 -0.999382470488846 88.50330187971736 0.024790331262358814 0.9992600474476698 -0.029408123322397527 -9.106216701282818 0.9994932896287215 -0.025362073339660125 -0.019230664249434933 -0.44517227275996474
-0.019427814566777484 -0.0254599090028213 -0.9994870991767447 88.51474691650631 0.02373055056750374 0.9993824241724018 -0.025918509418358715 -9.739706008323918 0.9995295169229459 -0.024221919139590598 -0.01881163960562408 -0.43059301864290345
-0.020757229533163352 -0.023101099269546496 -0.999517660078984 88.5259873966138 0.023340668924219196 0.9994492879552527 -0.023584237112313777 -10.41405578035888 0.9995119882781668 -0.023818961845936137 -0.020206608422089104 -0.41948370156289844
-0.024602450587692545 -0.022721169923511683 -0.9994391681597354 88.5414419157984 0.02290059184076623 0.9994665173416422 -0.023285520131550285 -11.071121891871075 0.9994349171002719 -0.023460633841562568 -0.024069006753949355 -0.4081465595884566
-0.027419857686353577 -0.022981244617238692 -0.9993598031153417 88.55498618572568 0.023088286205119265 0.9994544330194092 -0.023616904146429307 -11.76565509343482 0.9993573165951634 -0.02372107560771608 -0.02687429533305543 -0.39576356260739354
-0.027995459727953986 -0.02482670088095739 -0.9992997189577606 88.56735210128278 0.022999880427806495 0.99941092527706 -0.02547380673306248 -12.46092633312073 0.9993433536911747 -0.02369692115276136 -0.027407955549105783 -0.3774872878895733
-0.030196694626372422 -0.029229087051883686 -0.9991165466898339 88.58745283760936 0.02235611239560569 0.9993025586761414 -0.029910211499019276 -13.177548204560525 0.9992938539247948 -0.02323954486354307 -0.029522194049768923 -0.36483297579215446
-0.031125221600801847 -0.03298608752815629 -0.9989710209701224 88.61742908789944 0.02190947502790281 0.999192674865193 -0.03367603983858853 -13.917807123044813 0.9992752762217468 -0.022935106836029534 -0.0303773832643911 -0.34900544624264435
-0.030992008867550696 -0.03799583854047499 -0.9987972279800423 88.64076997441877 0.020299143147229744 0.9990471641579455 -0.0386352093227743 -14.6848994763484 0.9993134867278524 -0.02147211936877156 -0.030191195290394757 -0.33569086771149886
-0.03163424630995338 -0.042474067787422 -0.998596653038541 88.68061312074722 0.018949961424626884 0.9988915413395582 -0.043086925450048885 -15.493474215723635 0.9993198169228853 -0.020286393530348716 -0.030794305029604643 -0.3179486903196915
-0.031998180703997535 -0.04585546964856126 -0.9984355561291596 88.72238496950023 0.017310332146295113 0.998771726802761 -0.04642567905248611 -16.288909852875694 0.9993379757277787 -0.018768789751121076 -0.031165106098763547 -0.3053407857221265
-0.030746510335238942 -0.050694070219299704 -0.9982408750798005 88.76629752475772 0.016066847529395793 0.9985589288027705 -0.05120508901058823 -17.07914163698378 0.9993980402744015 -0.017612958374009814 -0.029887708467531283 -0.2861341436913861
-0.029642591047486917 -0.05471143951265624 -0.9980621216757221 88.8121723196965 0.01632187559412281 0.9983412884055816 -0.05521150266714741 -17.889942780349497 0.9994272542128245 -0.01792685625479585 -0.02870042735809437 -0.2729504662611508
-0.02929037768483492 -0.05750461110329385 -0.9979155161476521 88.86677833578175 0.018628983739394596 0.9981389927340927 -0.058064275761035684 -18.687389612909172 0.9993972798147952 -0.02029088153697987 -0.02816461504925763 -0.2502539989246806
-0.02434924617614355 -0.058809007930437085 -0.9979723091603383 88.92355266257076 0.02318419928657524 0.9979665308072221 -0.05937433246422255 -19.513189970307568 0.9994346052614392 -0.024582913572201145 -0.022936294631078415 -0.2289916284822205
-0.02044894826056257 -0.05829563473935262 -0.998089973697939 88.98855799004669 0.027028307621684483 0.9979015547948034 -0.05883838404149635 -20.332234560658048 0.9994254683194513 -0.028179862683427453 -0.01883040653424063 -0.20604143098198568
-0.016263395983405354 -0.05910664691152993 -0.9981192389914965 89.0475223920517 0.027907546661591835 0.9978354454118481 -0.059544565225499974 -21.156313733093288 0.9994781531355552 -0.028823460158902012 -0.014578669428442584 -0.18863421496018012
-0.015371785003530869 -0.060553768972640774 -0.9980466639107594 89.1040169835781 0.026666754332320478 0.9977846906648983 -0.060948591007279056 -21.97684209058914 0.9995261799481893 -0.027551554776889642 -0.013722965661367234 -0.15675692863921778
-0.014631105775072194 -0.058774052773215985 -0.9981641396621829 89.16161506734214 0.024981128856906107 0.9979377867784939 -0.05912689849857732 -22.80753496651931 0.9995808634904068 -0.025800364937308248 -0.013132691003421602 -0.13336207868984906
-0.013578221562274864 -0.060160166045944916 -0.9980964781052793 89.2196176810425 0.024681495608926622 0.9978640384491937 -0.06048192940285303 -23.631717165285377 0.9996031243183898 -0.025455743586896992 -0.012064376886918683 -0.10524443885849476
-0.010972587471310411 -0.05943881897935447 -0.9981716856405056 89.26675053493994 0.024578289799931704 0.9979140841321291 -0.05969365494395707 -24.447013064338275 0.9996375786323277 -0.025188351312269992 -0.009488793660818484 -0.0794567505061212
-0.009895821165747703 -0.05840637874376598 -0.9982438588578385 89.32351972267286 0.025109041934480412 0.9979634080586087 -0.058638883182386074 -25.26956724354904 0.9996356607181626 -0.025645233609472733 -0.00840913989286096 -0.05439379723251547
-0.008284273254076166 -0.05769722189213974 -0.9982997945500914 89.38015828305518 0.02617429869923603 0.9979794721830988 -0.057895909324917554 -26.078519666402283 0.9996229904905873 -0.026609427786546215 -0.006757351929022582 -0.026092569285586835
-0.006964960597262383 -0.056023257053846545 -0.9984051707741899 89.44070444566039 0.02573954440857429 0.9980885506796191 -0.05618505127170071 -26.91392151228043 0.999644391821996 -0.026089827963450534 -0.005509635082356644 -0.006709060483236306
-0.005083163739642158 -0.05314678250615478 -0.9985737651411937 89.4984350684575 0.024851290055212548 0.9982715291401262 -0.0532571998270804 -27.73090698642854 0.9996782395872769 -0.025086570619598656 -0.0037536134004836964 0.020053312253363452
-0.001107196719539497 -0.04834234859968008 -0.9988302931877671 89.53543460303023 0.0224937553522562 0.9985769005270609 -0.048355017494818464 -28.54994849004894 0.9997463472280761 -0.022520985441023204 -1.8221787521351422e-05 0.043630037082700905
